01/01/2020,CRP,TX,ASW,CE,Combined TRACON& Tower with Radar,28,10,6,0,44,0,1,0,1,2,28,11,6,1,46,0,0,0,46
01/02/2020,CRP,TX,ASW,CE,Combined TRACON& Tower with Radar,26,19,17,93,155,0,2,8,12,22,26,21,25,105,177,0,260,260,437
01/03/2020,CRP,TX,ASW,CE,Combined TRACON& Tower with Radar,31,20,18,73,142,0,1,9,23,33,31,21,27,96,175,0,224,224,399
01/04/2020,CRP,TX,ASW,CE,Combined TRACON& Tower with Radar,28,18,10,34,90,0,2,38,93,133,28,20,48,127,223,0,0,0,223
01/05/2020,CRP,TX,ASW,CE,Combined TRACON& Tower with Radar,25,14,24,60,123,0,2,25,9,36,25,16,49,69,159,0,26,26,185
01/06/2020,CRP,TX,ASW,CE,Combined TRACON& Tower with Radar,25,22,17,75,139,0,3,22,104,129,25,25,39,179,268,0,0,0,268
01/07/2020,CRP,TX,ASW,CE,Combined TRACON& Tower with Radar,21,18,22,156,217,0,4,21,158,183,21,22,43,314,400,0,0,0,400
01/08/2020,CRP,TX,ASW,CE,Combined TRACON& Tower with Radar,19,20,23,76,138,0,2,25,119,146,19,22,48,195,284,0,6,6,290
01/09/2020,CRP,TX,ASW,CE,Combined TRACON& Tower with Radar,20,21,34,132,207,0,3,15,10,28,20,24,49,142,235,0,80,80,315
01/10/2020,CRP,TX,ASW,CE,Combined TRACON& Tower with Radar,18,27,24,30,99,0,2,5,2,9,18,29,29,32,108,0,48,48,156
01/11/2020,CRP,TX,ASW,CE,Combined TRACON& Tower with Radar,14,15,8,74,111,0,6,5,22,33,14,21,13,96,144,0,198,198,342
01/12/2020,CRP,TX,ASW,CE,Combined TRACON& Tower with Radar,15,25,15,68,123,0,2,15,18,35,15,27,30,86,158,0,34,34,192
01/13/2020,CRP,TX,ASW,CE,Combined TRACON& Tower with Radar,17,23,32,19,91,0,0,0,1,1,17,23,32,20,92,0,0,0,92
01/14/2020,CRP,TX,ASW,CE,Combined TRACON& Tower with Radar,21,29,37,115,202,0,1,3,87,91,21,30,40,202,293,0,0,0,293
01/15/2020,CRP,TX,ASW,CE,Combined TRACON& Tower with Radar,19,27,27,134,207,0,0,10,5,15,19,27,37,139,222,0,118,118,340
01/16/2020,CRP,TX,ASW,CE,Combined TRACON& Tower with Radar,20,25,30,157,232,0,1,3,9,13,20,26,33,166,245,0,128,128,373
01/17/2020,CRP,TX,ASW,CE,Combined TRACON& Tower with Radar,20,26,33,91,170,0,0,7,6,13,20,26,40,97,183,0,90,90,273
01/18/2020,CRP,TX,ASW,CE,Combined TRACON& Tower with Radar,10,20,10,97,137,0,1,6,13,20,10,21,16,110,157,2,182,184,341
01/19/2020,CRP,TX,ASW,CE,Combined TRACON& Tower with Radar,16,20,17,47,100,0,4,32,25,61,16,24,49,72,161,0,112,112,273
01/20/2020,CRP,TX,ASW,CE,Combined TRACON& Tower with Radar,18,20,18,91,147,0,3,24,25,52,18,23,42,116,199,12,106,118,317
01/21/2020,CRP,TX,ASW,CE,Combined TRACON& Tower with Radar,19,21,31,128,199,0,4,27,12,43,19,25,58,140,242,0,80,80,322
01/22/2020,CRP,TX,ASW,CE,Combined TRACON& Tower with Radar,22,18,28,107,175,0,0,0,2,2,22,18,28,109,177,0,0,0,177
01/23/2020,CRP,TX,ASW,CE,Combined TRACON& Tower with Radar,23,21,23,157,224,0,0,21,27,48,23,21,44,184,272,0,244,244,516
01/24/2020,CRP,TX,ASW,CE,Combined TRACON& Tower with Radar,20,23,28,93,164,0,4,24,9,37,20,27,52,102,201,0,176,176,377
01/25/2020,CRP,TX,ASW,CE,Combined TRACON& Tower with Radar,13,12,13,71,109,0,0,6,23,29,13,12,19,94,138,0,162,162,300
01/26/2020,CRP,TX,ASW,CE,Combined TRACON& Tower with Radar,15,21,14,93,143,0,0,12,18,30,15,21,26,111,173,0,6,6,179
01/27/2020,CRP,TX,ASW,CE,Combined TRACON& Tower with Radar,17,22,25,93,157,0,2,8,10,20,17,24,33,103,177,0,160,160,337
01/28/2020,CRP,TX,ASW,CE,Combined TRACON& Tower with Radar,28,21,16,129,194,0,1,19,5,25,28,22,35,134,219,0,176,176,395
01/29/2020,CRP,TX,ASW,CE,Combined TRACON& Tower with Radar,21,20,22,98,161,0,5,18,13,36,21,25,40,111,197,0,82,82,279
01/30/2020,CRP,TX,ASW,CE,Combined TRACON& Tower with Radar,20,26,40,136,222,0,2,3,10,15,20,28,43,146,237,0,102,102,339
01/31/2020,CRP,TX,ASW,CE,Combined TRACON& Tower with Radar,22,23,24,113,182,0,2,11,11,24,22,25,35,124,206,0,80,80,286
02/01/2020,CRP,TX,ASW,CE,Combined TRACON& Tower with Radar,13,13,13,43,82,0,4,21,21,46,13,17,34,64,128,4,112,116,244
02/02/2020,CRP,TX,ASW,CE,Combined TRACON& Tower with Radar,15,17,7,47,86,0,2,12,19,33,15,19,19,66,119,0,54,54,173
02/03/2020,CRP,TX,ASW,CE,Combined TRACON& Tower with Radar,17,21,18,83,139,0,4,1,12,17,17,25,19,95,156,0,58,58,214
02/04/2020,CRP,TX,ASW,CE,Combined TRACON& Tower with Radar,21,23,35,202,281,0,1,12,15,28,21,24,47,217,309,8,130,138,447
02/05/2020,CRP,TX,ASW,CE,Combined TRACON& Tower with Radar,22,24,39,189,274,0,3,0,8,11,22,27,39,197,285,0,86,86,371
02/06/2020,CRP,TX,ASW,CE,Combined TRACON& Tower with Radar,19,21,48,92,180,0,3,21,14,38,19,24,69,106,218,2,14,16,234
02/07/2020,CRP,TX,ASW,CE,Combined TRACON& Tower with Radar,25,26,28,109,188,0,5,17,15,37,25,31,45,124,225,0,130,130,355
02/08/2020,CRP,TX,ASW,CE,Combined TRACON& Tower with Radar,13,14,9,44,80,0,0,21,19,40,13,14,30,63,120,0,62,62,182
02/09/2020,CRP,TX,ASW,CE,Combined TRACON& Tower with Radar,17,19,24,59,119,0,2,1,4,7,17,21,25,63,126,0,10,10,136
02/10/2020,CRP,TX,ASW,CE,Combined TRACON& Tower with Radar,20,25,18,129,192,0,1,0,10,11,20,26,18,139,203,0,46,46,249
02/11/2020,CRP,TX,ASW,CE,Combined TRACON& Tower with Radar,20,26,27,11,84,0,0,0,0,0,20,26,27,11,84,0,0,0,84
02/12/2020,CRP,TX,ASW,CE,Combined TRACON& Tower with Radar,20,28,25,102,175,0,0,1,14,15,20,28,26,116,190,0,100,100,290
02/13/2020,CRP,TX,ASW,CE,Combined TRACON& Tower with Radar,20,23,36,78,157,0,1,44,25,70,20,24,80,103,227,4,150,154,381
02/14/2020,CRP,TX,ASW,CE,Combined TRACON& Tower with Radar,17,28,34,76,155,0,1,11,9,21,17,29,45,85,176,2,32,34,210
02/15/2020,CRP,TX,ASW,CE,Combined TRACON& Tower with Radar,15,14,21,25,75,0,0,8,20,28,15,14,29,45,103,0,172,172,275
02/16/2020,CRP,TX,ASW,CE,Combined TRACON& Tower with Radar,14,25,10,19,68,0,0,4,16,20,14,25,14,35,88,9,88,97,185
02/17/2020,CRP,TX,ASW,CE,Combined TRACON& Tower with Radar,18,26,27,64,135,0,0,8,6,14,18,26,35,70,149,10,56,66,215
02/18/2020,CRP,TX,ASW,CE,Combined TRACON& Tower with Radar,20,30,26,96,172,0,0,5,2,7,20,30,31,98,179,0,0,0,179
02/19/2020,CRP,TX,ASW,CE,Combined TRACON& Tower with Radar,18,27,29,84,158,0,0,0,2,2,18,27,29,86,160,0,4,4,164
02/20/2020,CRP,TX,ASW,CE,Combined TRACON& Tower with Radar,18,35,34,104,191,0,1,1,6,8,18,36,35,110,199,0,0,0,199
02/21/2020,CRP,TX,ASW,CE,Combined TRACON& Tower with Radar,16,30,28,129,203,0,1,12,12,25,16,31,40,141,228,0,28,28,256
02/22/2020,CRP,TX,ASW,CE,Combined TRACON& Tower with Radar,14,12,14,68,108,0,5,18,44,67,14,17,32,112,175,2,166,168,343
02/23/2020,CRP,TX,ASW,CE,Combined TRACON& Tower with Radar,16,23,22,101,162,0,2,5,22,29,16,25,27,123,191,29,67,96,287
02/24/2020,CRP,TX,ASW,CE,Combined TRACON& Tower with Radar,17,27,35,103,182,0,1,15,9,25,17,28,50,112,207,9,91,100,307
02/25/2020,CRP,TX,ASW,CE,Combined TRACON& Tower with Radar,23,28,23,155,229,0,2,18,15,35,23,30,41,170,264,0,24,24,288
02/26/2020,CRP,TX,ASW,CE,Combined TRACON& Tower with Radar,18,26,16,92,152,0,0,8,15,23,18,26,24,107,175,0,8,8,183
02/27/2020,CRP,TX,ASW,CE,Combined TRACON& Tower with Radar,19,30,32,109,190,0,2,27,8,37,19,32,59,117,227,0,4,4,231
02/28/2020,CRP,TX,ASW,CE,Combined TRACON& Tower with Radar,21,26,24,41,112,0,0,18,17,35,21,26,42,58,147,0,72,72,219
02/29/2020,CRP,TX,ASW,CE,Combined TRACON& Tower with Radar,16,18,8,36,78,0,4,13,43,60,16,22,21,79,138,0,138,138,276
03/01/2020,CRP,TX,ASW,CE,Combined TRACON& Tower with Radar,16,23,14,60,113,0,3,4,20,27,16,26,18,80,140,0,138,138,278
03/02/2020,CRP,TX,ASW,CE,Combined TRACON& Tower with Radar,16,26,16,141,199,0,1,6,8,15,16,27,22,149,214,0,48,48,262
03/03/2020,CRP,TX,ASW,CE,Combined TRACON& Tower with Radar,20,25,38,91,174,0,0,3,2,5,20,25,41,93,179,0,16,16,195
03/04/2020,CRP,TX,ASW,CE,Combined TRACON& Tower with Radar,21,26,18,87,152,0,5,6,17,28,21,31,24,104,180,0,68,68,248
03/05/2020,CRP,TX,ASW,CE,Combined TRACON& Tower with Radar,20,24,27,109,180,0,6,26,15,47,20,30,53,124,227,0,22,22,249
03/06/2020,CRP,TX,ASW,CE,Combined TRACON& Tower with Radar,20,22,22,124,188,0,4,28,13,45,20,26,50,137,233,14,32,46,279
03/07/2020,CRP,TX,ASW,CE,Combined TRACON& Tower with Radar,12,17,15,43,87,0,6,11,37,54,12,23,26,80,141,2,132,134,275
03/08/2020,CRP,TX,ASW,CE,Combined TRACON& Tower with Radar,20,17,23,57,117,0,2,7,30,39,20,19,30,87,156,0,50,50,206
03/09/2020,CRP,TX,ASW,CE,Combined TRACON& Tower with Radar,22,23,24,112,181,0,3,1,17,21,22,26,25,129,202,0,156,156,358
03/10/2020,CRP,TX,ASW,CE,Combined TRACON& Tower with Radar,22,30,30,85,167,0,4,2,12,18,22,34,32,97,185,0,132,132,317
03/11/2020,CRP,TX,ASW,CE,Combined TRACON& Tower with Radar,20,26,39,97,182,0,1,6,11,18,20,27,45,108,200,0,140,140,340
03/12/2020,CRP,TX,ASW,CE,Combined TRACON& Tower with Radar,22,28,48,73,171,0,3,16,8,27,22,31,64,81,198,0,56,56,254
03/13/2020,CRP,TX,ASW,CE,Combined TRACON& Tower with Radar,21,29,25,78,153,0,2,2,6,10,21,31,27,84,163,0,90,90,253
03/14/2020,CRP,TX,ASW,CE,Combined TRACON& Tower with Radar,13,18,17,21,69,0,2,3,2,7,13,20,20,23,76,0,78,78,154
03/15/2020,CRP,TX,ASW,CE,Combined TRACON& Tower with Radar,18,20,21,56,115,0,3,4,3,10,18,23,25,59,125,0,28,28,153
03/16/2020,CRP,TX,ASW,CE,Combined TRACON& Tower with Radar,20,20,19,96,155,0,0,4,6,10,20,20,23,102,165,0,58,58,223
03/17/2020,CRP,TX,ASW,CE,Combined TRACON& Tower with Radar,18,24,21,141,204,0,3,6,15,24,18,27,27,156,228,0,68,68,296
03/18/2020,CRP,TX,ASW,CE,Combined TRACON& Tower with Radar,20,21,14,91,146,0,0,3,14,17,20,21,17,105,163,0,22,22,185
03/19/2020,CRP,TX,ASW,CE,Combined TRACON& Tower with Radar,17,23,13,100,153,0,0,5,8,13,17,23,18,108,166,0,124,124,290
03/20/2020,CRP,TX,ASW,CE,Combined TRACON& Tower with Radar,25,32,8,70,135,0,0,2,7,9,25,32,10,77,144,0,50,50,194
03/21/2020,CRP,TX,ASW,CE,Combined TRACON& Tower with Radar,13,13,6,16,48,0,0,0,0,0,13,13,6,16,48,0,0,0,48
03/22/2020,CRP,TX,ASW,CE,Combined TRACON& Tower with Radar,12,13,7,42,74,0,0,0,0,0,12,13,7,42,74,0,54,54,128
03/23/2020,CRP,TX,ASW,CE,Combined TRACON& Tower with Radar,17,14,15,76,122,0,0,6,8,14,17,14,21,84,136,0,114,114,250
03/24/2020,CRP,TX,ASW,CE,Combined TRACON& Tower with Radar,14,16,15,80,125,0,2,17,15,34,14,18,32,95,159,0,60,60,219
03/25/2020,CRP,TX,ASW,CE,Combined TRACON& Tower with Radar,12,10,16,121,159,0,1,11,7,19,12,11,27,128,178,0,52,52,230
03/26/2020,CRP,TX,ASW,CE,Combined TRACON& Tower with Radar,15,17,9,81,122,0,1,10,8,19,15,18,19,89,141,0,50,50,191
03/27/2020,CRP,TX,ASW,CE,Combined TRACON& Tower with Radar,11,16,11,80,118,0,1,8,5,14,11,17,19,85,132,0,76,76,208
03/28/2020,CRP,TX,ASW,CE,Combined TRACON& Tower with Radar,8,11,3,56,78,0,0,2,4,6,8,11,5,60,84,0,26,26,110
03/29/2020,CRP,TX,ASW,CE,Combined TRACON& Tower with Radar,9,10,12,49,80,0,4,5,8,17,9,14,17,57,97,0,24,24,121
03/30/2020,CRP,TX,ASW,CE,Combined TRACON& Tower with Radar,7,15,7,57,86,0,0,5,3,8,7,15,12,60,94,0,44,44,138
03/31/2020,CRP,TX,ASW,CE,Combined TRACON& Tower with Radar,4,13,7,68,92,0,2,21,10,33,4,15,28,78,125,0,38,38,163
04/01/2020,CRP,TX,ASW,CE,Combined TRACON& Tower with Radar,5,11,15,76,107,0,1,11,11,23,5,12,26,87,130,0,132,132,262
04/02/2020,CRP,TX,ASW,CE,Combined TRACON& Tower with Radar,8,13,8,74,103,0,1,5,4,10,8,14,13,78,113,0,48,48,161
04/03/2020,CRP,TX,ASW,CE,Combined TRACON& Tower with Radar,5,9,10,36,60,0,1,1,9,11,5,10,11,45,71,0,46,46,117
04/04/2020,CRP,TX,ASW,CE,Combined TRACON& Tower with Radar,2,6,4,21,33,0,0,0,2,2,2,6,4,23,35,0,14,14,49
04/05/2020,CRP,TX,ASW,CE,Combined TRACON& Tower with Radar,5,5,4,25,39,0,0,2,8,10,5,5,6,33,49,0,106,106,155
04/06/2020,CRP,TX,ASW,CE,Combined TRACON& Tower with Radar,4,8,14,50,76,0,1,2,0,3,4,9,16,50,79,0,0,0,79
04/07/2020,CRP,TX,ASW,CE,Combined TRACON& Tower with Radar,4,14,7,49,74,0,0,6,7,13,4,14,13,56,87,0,32,32,119
04/08/2020,CRP,TX,ASW,CE,Combined TRACON& Tower with Radar,8,8,13,49,78,0,2,13,17,32,8,10,26,66,110,0,186,186,296
04/09/2020,CRP,TX,ASW,CE,Combined TRACON& Tower with Radar,11,6,15,77,109,0,1,2,2,5,11,7,17,79,114,0,0,0,114
04/10/2020,CRP,TX,ASW,CE,Combined TRACON& Tower with Radar,12,8,5,119,144,0,2,1,4,7,12,10,6,123,151,0,34,34,185
04/11/2020,CRP,TX,ASW,CE,Combined TRACON& Tower with Radar,6,6,1,128,141,0,2,1,5,8,6,8,2,133,149,0,54,54,203
04/12/2020,CRP,TX,ASW,CE,Combined TRACON& Tower with Radar,12,0,3,35,50,0,2,4,16,22,12,2,7,51,72,0,16,16,88
04/13/2020,CRP,TX,ASW,CE,Combined TRACON& Tower with Radar,9,3,9,89,110,0,0,21,16,37,9,3,30,105,147,0,164,164,311
04/14/2020,CRP,TX,ASW,CE,Combined TRACON& Tower with Radar,9,9,15,162,195,0,3,14,17,34,9,12,29,179,229,4,190,194,423
04/15/2020,CRP,TX,ASW,CE,Combined TRACON& Tower with Radar,10,9,18,59,96,0,0,30,9,39,10,9,48,68,135,0,146,146,281
04/16/2020,CRP,TX,ASW,CE,Combined TRACON& Tower with Radar,12,10,20,53,95,0,3,6,14,23,12,13,26,67,118,0,134,134,252
04/17/2020,CRP,TX,ASW,CE,Combined TRACON& Tower with Radar,10,7,21,75,113,0,1,3,3,7,10,8,24,78,120,0,120,120,240
04/18/2020,CRP,TX,ASW,CE,Combined TRACON& Tower with Radar,6,6,4,62,78,0,0,0,2,2,6,6,4,64,80,0,0,0,80
04/19/2020,CRP,TX,ASW,CE,Combined TRACON& Tower with Radar,10,12,16,49,87,0,3,6,18,27,10,15,22,67,114,18,32,50,164
04/20/2020,CRP,TX,ASW,CE,Combined TRACON& Tower with Radar,9,10,12,65,96,0,2,16,5,23,9,12,28,70,119,6,4,10,129
04/21/2020,CRP,TX,ASW,CE,Combined TRACON& Tower with Radar,7,12,14,100,133,0,0,7,11,18,7,12,21,111,151,0,104,104,255
04/22/2020,CRP,TX,ASW,CE,Combined TRACON& Tower with Radar,10,4,18,67,99,0,1,6,17,24,10,5,24,84,123,0,208,208,331
04/23/2020,CRP,TX,ASW,CE,Combined TRACON& Tower with Radar,14,4,8,83,109,0,2,20,12,34,14,6,28,95,143,2,112,114,257
04/24/2020,CRP,TX,ASW,CE,Combined TRACON& Tower with Radar,10,11,12,80,113,0,3,13,9,25,10,14,25,89,138,12,130,142,280
04/25/2020,CRP,TX,ASW,CE,Combined TRACON& Tower with Radar,8,3,9,34,54,0,0,13,32,45,8,3,22,66,99,2,116,118,217
04/26/2020,CRP,TX,ASW,CE,Combined TRACON& Tower with Radar,8,4,17,40,69,0,0,24,28,52,8,4,41,68,121,6,18,24,145
04/27/2020,CRP,TX,ASW,CE,Combined TRACON& Tower with Radar,8,6,18,65,97,0,0,17,9,26,8,6,35,74,123,6,110,116,239
04/28/2020,CRP,TX,ASW,CE,Combined TRACON& Tower with Radar,8,6,20,86,120,0,2,15,11,28,8,8,35,97,148,0,176,176,324
04/29/2020,CRP,TX,ASW,CE,Combined TRACON& Tower with Radar,10,7,20,64,101,0,4,6,6,16,10,11,26,70,117,34,70,104,221
04/30/2020,CRP,TX,ASW,CE,Combined TRACON& Tower with Radar,8,4,17,76,105,0,2,24,19,45,8,6,41,95,150,28,138,166,316
05/01/2020,CRP,TX,ASW,CE,Combined TRACON& Tower with Radar,10,10,19,50,89,0,2,21,14,37,10,12,40,64,126,0,66,66,192
05/02/2020,CRP,TX,ASW,CE,Combined TRACON& Tower with Radar,6,7,10,63,86,0,2,14,21,37,6,9,24,84,123,2,72,74,197
05/03/2020,CRP,TX,ASW,CE,Combined TRACON& Tower with Radar,9,5,12,26,52,0,2,18,23,43,9,7,30,49,95,0,32,32,127
05/04/2020,CRP,TX,ASW,CE,Combined TRACON& Tower with Radar,9,14,24,66,113,0,1,4,10,15,9,15,28,76,128,2,84,86,214
05/05/2020,CRP,TX,ASW,CE,Combined TRACON& Tower with Radar,7,17,18,137,179,0,7,10,9,26,7,24,28,146,205,4,228,232,437
05/06/2020,CRP,TX,ASW,CE,Combined TRACON& Tower with Radar,11,22,20,98,151,0,1,11,12,24,11,23,31,110,175,0,140,140,315
05/07/2020,CRP,TX,ASW,CE,Combined TRACON& Tower with Radar,7,18,29,104,158,0,6,2,9,17,7,24,31,113,175,0,114,114,289
05/08/2020,CRP,TX,ASW,CE,Combined TRACON& Tower with Radar,10,13,24,68,115,0,0,6,18,24,10,13,30,86,139,0,192,192,331
05/09/2020,CRP,TX,ASW,CE,Combined TRACON& Tower with Radar,10,8,11,62,91,0,0,7,9,16,10,8,18,71,107,0,88,88,195
05/10/2020,CRP,TX,ASW,CE,Combined TRACON& Tower with Radar,10,12,10,51,83,0,2,20,11,33,10,14,30,62,116,0,80,80,196
05/11/2020,CRP,TX,ASW,CE,Combined TRACON& Tower with Radar,10,11,23,80,124,0,5,2,14,21,10,16,25,94,145,4,162,166,311
05/12/2020,CRP,TX,ASW,CE,Combined TRACON& Tower with Radar,10,17,10,66,103,0,1,21,24,46,10,18,31,90,149,2,94,96,245
05/13/2020,CRP,TX,ASW,CE,Combined TRACON& Tower with Radar,10,11,18,117,156,0,2,12,16,30,10,13,30,133,186,0,114,114,300
05/14/2020,CRP,TX,ASW,CE,Combined TRACON& Tower with Radar,10,11,30,101,152,0,1,10,9,20,10,12,40,110,172,0,74,74,246
05/15/2020,CRP,TX,ASW,CE,Combined TRACON& Tower with Radar,10,9,31,118,168,0,2,1,8,11,10,11,32,126,179,0,140,140,319
05/16/2020,CRP,TX,ASW,CE,Combined TRACON& Tower with Radar,10,6,0,100,116,0,4,3,12,19,10,10,3,112,135,0,92,92,227
05/17/2020,CRP,TX,ASW,CE,Combined TRACON& Tower with Radar,10,8,7,64,89,0,0,12,19,31,10,8,19,83,120,0,38,38,158
05/18/2020,CRP,TX,ASW,CE,Combined TRACON& Tower with Radar,10,11,9,83,113,0,3,26,11,40,10,14,35,94,153,2,152,154,307
05/19/2020,CRP,TX,ASW,CE,Combined TRACON& Tower with Radar,10,16,14,121,161,0,6,23,21,50,10,22,37,142,211,0,134,134,345
05/20/2020,CRP,TX,ASW,CE,Combined TRACON& Tower with Radar,10,12,29,87,138,0,7,18,11,36,10,19,47,98,174,14,58,72,246
05/21/2020,CRP,TX,ASW,CE,Combined TRACON& Tower with Radar,10,14,42,84,150,0,1,16,19,36,10,15,58,103,186,0,90,90,276
05/22/2020,CRP,TX,ASW,CE,Combined TRACON& Tower with Radar,10,14,29,37,90,0,3,6,22,31,10,17,35,59,121,2,62,64,185
05/23/2020,CRP,TX,ASW,CE,Combined TRACON& Tower with Radar,10,8,17,40,75,0,3,9,20,32,10,11,26,60,107,2,8,10,117
05/24/2020,CRP,TX,ASW,CE,Combined TRACON& Tower with Radar,16,5,6,34,61,0,1,7,19,27,16,6,13,53,88,0,70,70,158
05/25/2020,CRP,TX,ASW,CE,Combined TRACON& Tower with Radar,10,7,14,23,54,0,1,12,13,26,10,8,26,36,80,0,46,46,126
05/26/2020,CRP,TX,ASW,CE,Combined TRACON& Tower with Radar,10,11,10,89,120,0,0,15,16,31,10,11,25,105,151,0,108,108,259
05/27/2020,CRP,TX,ASW,CE,Combined TRACON& Tower with Radar,12,17,19,65,113,0,2,19,18,39,12,19,38,83,152,0,144,144,296
05/28/2020,CRP,TX,ASW,CE,Combined TRACON& Tower with Radar,10,13,31,81,135,0,1,11,9,21,10,14,42,90,156,0,92,92,248
05/29/2020,CRP,TX,ASW,CE,Combined TRACON& Tower with Radar,10,13,20,82,125,0,3,8,10,21,10,16,28,92,146,38,68,106,252
05/30/2020,CRP,TX,ASW,CE,Combined TRACON& Tower with Radar,10,8,4,61,83,0,3,5,8,16,10,11,9,69,99,0,18,18,117
05/31/2020,CRP,TX,ASW,CE,Combined TRACON& Tower with Radar,10,10,9,57,86,0,4,5,3,12,10,14,14,60,98,0,62,62,160
06/01/2020,CRP,TX,ASW,CE,Combined TRACON& Tower with Radar,10,13,19,59,101,0,0,0,5,5,10,13,19,64,106,0,4,4,110
06/02/2020,CRP,TX,ASW,CE,Combined TRACON& Tower with Radar,10,12,15,103,140,0,4,8,13,25,10,16,23,116,165,0,86,86,251
06/03/2020,CRP,TX,ASW,CE,Combined TRACON& Tower with Radar,10,13,18,78,119,0,0,34,12,46,10,13,52,90,165,0,100,100,265
06/04/2020,CRP,TX,ASW,CE,Combined TRACON& Tower with Radar,8,13,29,114,164,0,0,23,15,38,8,13,52,129,202,0,128,128,330
06/05/2020,CRP,TX,ASW,CE,Combined TRACON& Tower with Radar,8,11,26,91,136,0,4,24,11,39,8,15,50,102,175,0,68,68,243
06/06/2020,CRP,TX,ASW,CE,Combined TRACON& Tower with Radar,8,9,15,50,82,0,1,33,27,61,8,10,48,77,143,0,72,72,215
06/07/2020,CRP,TX,ASW,CE,Combined TRACON& Tower with Radar,8,5,9,61,83,0,1,15,11,27,8,6,24,72,110,0,196,196,306
06/08/2020,CRP,TX,ASW,CE,Combined TRACON& Tower with Radar,8,11,17,118,154,0,7,21,18,46,8,18,38,136,200,0,158,158,358
06/09/2020,CRP,TX,ASW,CE,Combined TRACON& Tower with Radar,8,14,15,117,154,0,2,30,12,44,8,16,45,129,198,0,104,104,302
06/10/2020,CRP,TX,ASW,CE,Combined TRACON& Tower with Radar,7,12,29,129,177,0,3,6,19,28,7,15,35,148,205,0,84,84,289
06/11/2020,CRP,TX,ASW,CE,Combined TRACON& Tower with Radar,9,16,25,140,190,0,4,20,15,39,9,20,45,155,229,0,58,58,287
06/12/2020,CRP,TX,ASW,CE,Combined TRACON& Tower with Radar,8,15,20,99,142,0,2,22,9,33,8,17,42,108,175,0,0,0,175
06/13/2020,CRP,TX,ASW,CE,Combined TRACON& Tower with Radar,10,10,3,52,75,0,3,10,27,40,10,13,13,79,115,0,126,126,241
06/14/2020,CRP,TX,ASW,CE,Combined TRACON& Tower with Radar,8,3,20,57,88,0,1,22,7,30,8,4,42,64,118,0,0,0,118
06/15/2020,CRP,TX,ASW,CE,Combined TRACON& Tower with Radar,8,14,16,67,105,0,2,8,6,16,8,16,24,73,121,0,34,34,155
06/16/2020,CRP,TX,ASW,CE,Combined TRACON& Tower with Radar,8,13,29,133,183,0,2,6,19,27,8,15,35,152,210,0,148,148,358
06/17/2020,CRP,TX,ASW,CE,Combined TRACON& Tower with Radar,8,20,23,118,169,0,2,35,19,56,8,22,58,137,225,0,138,138,363
06/18/2020,CRP,TX,ASW,CE,Combined TRACON& Tower with Radar,8,13,32,65,118,0,2,13,7,22,8,15,45,72,140,0,20,20,160
06/19/2020,CRP,TX,ASW,CE,Combined TRACON& Tower with Radar,8,15,30,37,90,0,2,15,10,27,8,17,45,47,117,0,130,130,247
06/20/2020,CRP,TX,ASW,CE,Combined TRACON& Tower with Radar,8,7,11,82,108,0,2,16,22,40,8,9,27,104,148,4,110,114,262
06/21/2020,CRP,TX,ASW,CE,Combined TRACON& Tower with Radar,8,2,5,82,97,0,3,11,7,21,8,5,16,89,118,2,32,34,152
06/22/2020,CRP,TX,ASW,CE,Combined TRACON& Tower with Radar,10,9,25,38,82,0,6,13,18,37,10,15,38,56,119,8,278,286,405
06/23/2020,CRP,TX,ASW,CE,Combined TRACON& Tower with Radar,8,17,15,52,92,0,3,2,20,25,8,20,17,72,117,0,142,142,259
06/24/2020,CRP,TX,ASW,CE,Combined TRACON& Tower with Radar,8,14,25,54,101,0,0,7,9,16,8,14,32,63,117,0,144,144,261
06/25/2020,CRP,TX,ASW,CE,Combined TRACON& Tower with Radar,10,10,24,99,143,0,3,17,16,36,10,13,41,115,179,0,234,234,413
06/26/2020,CRP,TX,ASW,CE,Combined TRACON& Tower with Radar,10,10,24,66,110,0,0,4,6,10,10,10,28,72,120,0,16,16,136
06/27/2020,CRP,TX,ASW,CE,Combined TRACON& Tower with Radar,8,7,24,81,120,0,0,5,12,17,8,7,29,93,137,0,98,98,235
06/28/2020,CRP,TX,ASW,CE,Combined TRACON& Tower with Radar,7,6,20,51,84,0,3,1,13,17,7,9,21,64,101,0,0,0,101
06/29/2020,CRP,TX,ASW,CE,Combined TRACON& Tower with Radar,10,10,16,71,107,0,0,8,11,19,10,10,24,82,126,0,36,36,162
06/30/2020,CRP,TX,ASW,CE,Combined TRACON& Tower with Radar,8,12,22,90,132,0,3,6,9,18,8,15,28,99,150,8,132,140,290
07/01/2020,CRP,TX,ASW,CE,Combined TRACON& Tower with Radar,8,13,26,117,164,0,3,5,10,18,8,16,31,127,182,2,84,86,268
07/02/2020,CRP,TX,ASW,CE,Combined TRACON& Tower with Radar,8,16,25,59,108,0,1,17,12,30,8,17,42,71,138,0,22,22,160
07/03/2020,CRP,TX,ASW,CE,Combined TRACON& Tower with Radar,8,9,12,20,49,0,2,8,1,11,8,11,20,21,60,0,0,0,60
07/04/2020,CRP,TX,ASW,CE,Combined TRACON& Tower with Radar,8,2,4,0,14,0,2,5,0,7,8,4,9,0,21,4,0,4,25
07/05/2020,CRP,TX,ASW,CE,Combined TRACON& Tower with Radar,8,4,11,9,32,0,0,12,5,17,8,4,23,14,49,2,0,2,51
07/06/2020,CRP,TX,ASW,CE,Combined TRACON& Tower with Radar,8,8,7,2,25,0,1,11,6,18,8,9,18,8,43,0,0,0,43
07/07/2020,CRP,TX,ASW,CE,Combined TRACON& Tower with Radar,9,16,24,13,62,0,5,11,11,27,9,21,35,24,89,2,16,18,107
07/08/2020,CRP,TX,ASW,CE,Combined TRACON& Tower with Radar,10,19,26,136,191,0,10,13,12,35,10,29,39,148,226,0,88,88,314
07/09/2020,CRP,TX,ASW,CE,Combined TRACON& Tower with Radar,13,17,24,81,135,0,3,25,18,46,13,20,49,99,181,0,38,38,219
07/10/2020,CRP,TX,ASW,CE,Combined TRACON& Tower with Radar,13,17,16,71,117,0,5,10,13,28,13,22,26,84,145,0,72,72,217
07/11/2020,CRP,TX,ASW,CE,Combined TRACON& Tower with Radar,9,11,15,84,119,0,0,18,16,34,9,11,33,100,153,0,36,36,189
07/12/2020,CRP,TX,ASW,CE,Combined TRACON& Tower with Radar,11,10,21,82,124,0,1,13,16,30,11,11,34,98,154,0,0,0,154
07/13/2020,CRP,TX,ASW,CE,Combined TRACON& Tower with Radar,12,15,14,55,96,0,1,3,23,27,12,16,17,78,123,0,134,134,257
07/14/2020,CRP,TX,ASW,CE,Combined TRACON& Tower with Radar,10,18,23,114,165,0,4,14,15,33,10,22,37,129,198,0,136,136,334
07/15/2020,CRP,TX,ASW,CE,Combined TRACON& Tower with Radar,10,18,26,73,127,0,2,15,11,28,10,20,41,84,155,14,182,196,351
07/16/2020,CRP,TX,ASW,CE,Combined TRACON& Tower with Radar,12,18,29,87,146,0,1,13,15,29,12,19,42,102,175,10,56,66,241
07/17/2020,CRP,TX,ASW,CE,Combined TRACON& Tower with Radar,12,20,22,48,102,0,2,5,14,21,12,22,27,62,123,0,42,42,165
07/18/2020,CRP,TX,ASW,CE,Combined TRACON& Tower with Radar,9,13,11,46,79,0,2,7,14,23,9,15,18,60,102,0,118,118,220
07/19/2020,CRP,TX,ASW,CE,Combined TRACON& Tower with Radar,11,11,11,78,111,0,3,8,13,24,11,14,19,91,135,0,28,28,163
07/20/2020,CRP,TX,ASW,CE,Combined TRACON& Tower with Radar,14,15,16,71,116,0,4,13,9,26,14,19,29,80,142,0,152,152,294
07/21/2020,CRP,TX,ASW,CE,Combined TRACON& Tower with Radar,10,16,19,90,135,0,6,18,8,32,10,22,37,98,167,0,44,44,211
07/22/2020,CRP,TX,ASW,CE,Combined TRACON& Tower with Radar,10,14,16,84,124,0,2,10,5,17,10,16,26,89,141,0,20,20,161
07/23/2020,CRP,TX,ASW,CE,Combined TRACON& Tower with Radar,12,20,21,58,111,0,2,9,9,20,12,22,30,67,131,0,78,78,209
07/24/2020,CRP,TX,ASW,CE,Combined TRACON& Tower with Radar,13,16,17,49,95,0,3,0,3,6,13,19,17,52,101,0,0,0,101
07/25/2020,CRP,TX,ASW,CE,Combined TRACON& Tower with Radar,2,1,1,0,4,0,0,0,1,1,2,1,1,1,5,0,0,0,5
07/26/2020,CRP,TX,ASW,CE,Combined TRACON& Tower with Radar,13,4,2,2,21,0,2,0,6,8,13,6,2,8,29,0,0,0,29
07/27/2020,CRP,TX,ASW,CE,Combined TRACON& Tower with Radar,12,15,9,75,111,0,1,12,13,26,12,16,21,88,137,0,72,72,209
07/28/2020,CRP,TX,ASW,CE,Combined TRACON& Tower with Radar,10,19,17,73,119,0,2,11,9,22,10,21,28,82,141,0,104,104,245
07/29/2020,CRP,TX,ASW,CE,Combined TRACON& Tower with Radar,10,18,19,84,131,0,3,10,17,30,10,21,29,101,161,0,64,64,225
07/30/2020,CRP,TX,ASW,CE,Combined TRACON& Tower with Radar,10,22,29,95,156,0,4,14,15,33,10,26,43,110,189,2,80,82,271
07/31/2020,CRP,TX,ASW,CE,Combined TRACON& Tower with Radar,12,20,20,100,152,0,1,13,21,35,12,21,33,121,187,6,366,372,559
08/01/2020,CRP,TX,ASW,CE,Combined TRACON& Tower with Radar,9,16,13,39,77,0,1,11,11,23,9,17,24,50,100,0,20,20,120
08/02/2020,CRP,TX,ASW,CE,Combined TRACON& Tower with Radar,11,10,22,89,132,0,0,24,14,38,11,10,46,103,170,0,114,114,284
08/03/2020,CRP,TX,ASW,CE,Combined TRACON& Tower with Radar,11,15,20,77,123,0,4,11,19,34,11,19,31,96,157,20,238,258,415
08/04/2020,CRP,TX,ASW,CE,Combined TRACON& Tower with Radar,12,13,16,78,119,0,2,7,16,25,12,15,23,94,144,0,162,162,306
08/05/2020,CRP,TX,ASW,CE,Combined TRACON& Tower with Radar,12,8,26,70,116,0,1,22,16,39,12,9,48,86,155,0,242,242,397
08/06/2020,CRP,TX,ASW,CE,Combined TRACON& Tower with Radar,14,10,20,102,146,0,3,11,7,21,14,13,31,109,167,0,34,34,201
08/07/2020,CRP,TX,ASW,CE,Combined TRACON& Tower with Radar,14,12,21,85,132,0,1,13,12,26,14,13,34,97,158,0,140,140,298
08/08/2020,CRP,TX,ASW,CE,Combined TRACON& Tower with Radar,13,7,13,95,128,0,1,11,21,33,13,8,24,116,161,0,46,46,207
08/09/2020,CRP,TX,ASW,CE,Combined TRACON& Tower with Radar,13,11,14,45,83,0,2,17,26,45,13,13,31,71,128,4,78,82,210
08/10/2020,CRP,TX,ASW,CE,Combined TRACON& Tower with Radar,14,14,18,70,116,0,1,6,12,19,14,15,24,82,135,0,50,50,185
08/11/2020,CRP,TX,ASW,CE,Combined TRACON& Tower with Radar,12,13,31,56,112,0,5,24,8,37,12,18,55,64,149,0,24,24,173
08/12/2020,CRP,TX,ASW,CE,Combined TRACON& Tower with Radar,12,10,27,79,128,0,4,16,14,34,12,14,43,93,162,0,364,364,526
08/13/2020,CRP,TX,ASW,CE,Combined TRACON& Tower with Radar,16,15,41,91,163,0,3,22,10,35,16,18,63,101,198,0,324,324,522
08/14/2020,CRP,TX,ASW,CE,Combined TRACON& Tower with Radar,16,15,29,47,107,0,6,16,19,41,16,21,45,66,148,0,108,108,256
08/15/2020,CRP,TX,ASW,CE,Combined TRACON& Tower with Radar,15,9,9,77,110,0,1,13,28,42,15,10,22,105,152,0,112,112,264
08/16/2020,CRP,TX,ASW,CE,Combined TRACON& Tower with Radar,16,16,13,55,100,0,0,17,18,35,16,16,30,73,135,20,54,74,209
08/17/2020,CRP,TX,ASW,CE,Combined TRACON& Tower with Radar,17,10,12,62,101,0,3,14,7,24,17,13,26,69,125,16,56,72,197
08/18/2020,CRP,TX,ASW,CE,Combined TRACON& Tower with Radar,12,11,16,83,122,0,6,11,13,30,12,17,27,96,152,18,168,186,338
08/19/2020,CRP,TX,ASW,CE,Combined TRACON& Tower with Radar,12,9,19,78,118,0,3,20,19,42,12,12,39,97,160,2,86,88,248
08/20/2020,CRP,TX,ASW,CE,Combined TRACON& Tower with Radar,16,12,44,108,180,0,0,15,11,26,16,12,59,119,206,0,96,96,302
08/21/2020,CRP,TX,ASW,CE,Combined TRACON& Tower with Radar,16,12,20,98,146,0,2,12,20,34,16,14,32,118,180,0,14,14,194
08/22/2020,CRP,TX,ASW,CE,Combined TRACON& Tower with Radar,16,11,4,60,91,0,3,13,27,43,16,14,17,87,134,0,140,140,274
08/23/2020,CRP,TX,ASW,CE,Combined TRACON& Tower with Radar,16,10,19,68,113,0,1,12,14,27,16,11,31,82,140,0,82,82,222
08/24/2020,CRP,TX,ASW,CE,Combined TRACON& Tower with Radar,16,14,14,65,109,0,0,8,14,22,16,14,22,79,131,0,72,72,203
08/25/2020,CRP,TX,ASW,CE,Combined TRACON& Tower with Radar,12,13,28,89,142,0,3,11,20,34,12,16,39,109,176,0,228,228,404
08/26/2020,CRP,TX,ASW,CE,Combined TRACON& Tower with Radar,7,8,18,94,127,0,4,7,7,18,7,12,25,101,145,0,68,68,213
08/27/2020,CRP,TX,ASW,CE,Combined TRACON& Tower with Radar,11,14,14,83,122,0,1,6,36,43,11,15,20,119,165,0,146,146,311
08/28/2020,CRP,TX,ASW,CE,Combined TRACON& Tower with Radar,16,13,21,70,120,0,2,15,13,30,16,15,36,83,150,0,144,144,294
08/29/2020,CRP,TX,ASW,CE,Combined TRACON& Tower with Radar,15,9,12,37,73,0,7,8,9,24,15,16,20,46,97,0,24,24,121
08/30/2020,CRP,TX,ASW,CE,Combined TRACON& Tower with Radar,15,6,13,46,80,0,3,17,11,31,15,9,30,57,111,0,0,0,111
08/31/2020,CRP,TX,ASW,CE,Combined TRACON& Tower with Radar,16,12,22,109,159,0,2,4,15,21,16,14,26,124,180,0,118,118,298
09/01/2020,CRP,TX,ASW,CE,Combined TRACON& Tower with Radar,10,11,33,118,172,0,0,5,9,14,10,11,38,127,186,0,178,178,364
09/02/2020,CRP,TX,ASW,CE,Combined TRACON& Tower with Radar,20,20,18,106,164,0,0,12,22,34,20,20,30,128,198,0,220,220,418
09/03/2020,CRP,TX,ASW,CE,Combined TRACON& Tower with Radar,14,16,31,113,174,0,1,8,18,27,14,17,39,131,201,0,180,180,381
09/04/2020,CRP,TX,ASW,CE,Combined TRACON& Tower with Radar,14,19,26,0,59,0,0,10,5,15,14,19,36,5,74,8,0,8,82
09/05/2020,CRP,TX,ASW,CE,Combined TRACON& Tower with Radar,17,4,5,73,99,0,1,7,6,14,17,5,12,79,113,0,4,4,117
09/06/2020,CRP,TX,ASW,CE,Combined TRACON& Tower with Radar,8,5,9,50,72,0,7,14,5,26,8,12,23,55,98,2,24,26,124
09/07/2020,CRP,TX,ASW,CE,Combined TRACON& Tower with Radar,12,12,15,34,73,0,2,18,3,23,12,14,33,37,96,0,2,2,98
09/08/2020,CRP,TX,ASW,CE,Combined TRACON& Tower with Radar,12,10,19,84,125,0,4,11,9,24,12,14,30,93,149,4,36,40,189
09/09/2020,CRP,TX,ASW,CE,Combined TRACON& Tower with Radar,12,21,26,85,144,0,0,2,11,13,12,21,28,96,157,0,80,80,237
09/10/2020,CRP,TX,ASW,CE,Combined TRACON& Tower with Radar,8,18,34,119,179,0,1,7,16,24,8,19,41,135,203,10,50,60,263
09/11/2020,CRP,TX,ASW,CE,Combined TRACON& Tower with Radar,8,18,38,113,177,0,2,11,8,21,8,20,49,121,198,0,32,32,230
09/12/2020,CRP,TX,ASW,CE,Combined TRACON& Tower with Radar,8,7,8,68,91,0,4,13,16,33,8,11,21,84,124,0,76,76,200
09/13/2020,CRP,TX,ASW,CE,Combined TRACON& Tower with Radar,8,14,13,109,144,0,2,9,9,20,8,16,22,118,164,0,36,36,200
09/14/2020,CRP,TX,ASW,CE,Combined TRACON& Tower with Radar,8,15,15,64,102,0,1,11,17,29,8,16,26,81,131,0,58,58,189
09/15/2020,CRP,TX,ASW,CE,Combined TRACON& Tower with Radar,9,19,24,140,192,0,4,14,18,36,9,23,38,158,228,0,134,134,362
09/16/2020,CRP,TX,ASW,CE,Combined TRACON& Tower with Radar,9,21,24,53,107,0,0,11,10,21,9,21,35,63,128,0,52,52,180
09/17/2020,CRP,TX,ASW,CE,Combined TRACON& Tower with Radar,8,16,21,39,84,0,1,10,7,18,8,17,31,46,102,0,50,50,152
09/18/2020,CRP,TX,ASW,CE,Combined TRACON& Tower with Radar,8,23,24,148,203,0,2,19,16,37,8,25,43,164,240,0,102,102,342
09/19/2020,CRP,TX,ASW,CE,Combined TRACON& Tower with Radar,8,14,23,18,63,0,1,13,14,28,8,15,36,32,91,10,34,44,135
09/20/2020,CRP,TX,ASW,CE,Combined TRACON& Tower with Radar,8,17,14,31,70,0,0,11,8,19,8,17,25,39,89,12,0,12,101
09/21/2020,CRP,TX,ASW,CE,Combined TRACON& Tower with Radar,8,17,11,22,58,0,0,1,2,3,8,17,12,24,61,0,0,0,61
09/22/2020,CRP,TX,ASW,CE,Combined TRACON& Tower with Radar,7,21,30,174,232,0,5,9,11,25,7,26,39,185,257,2,200,202,459
09/23/2020,CRP,TX,ASW,CE,Combined TRACON& Tower with Radar,9,15,30,152,206,0,3,16,22,41,9,18,46,174,247,8,198,206,453
09/24/2020,CRP,TX,ASW,CE,Combined TRACON& Tower with Radar,8,20,31,97,156,0,3,20,8,31,8,23,51,105,187,0,102,102,289
09/25/2020,CRP,TX,ASW,CE,Combined TRACON& Tower with Radar,8,19,32,100,159,0,7,23,10,40,8,26,55,110,199,2,174,176,375
09/26/2020,CRP,TX,ASW,CE,Combined TRACON& Tower with Radar,8,16,11,74,109,0,3,12,20,35,8,19,23,94,144,0,110,110,254
09/27/2020,CRP,TX,ASW,CE,Combined TRACON& Tower with Radar,10,10,15,61,96,0,1,13,21,35,10,11,28,82,131,0,44,44,175
09/28/2020,CRP,TX,ASW,CE,Combined TRACON& Tower with Radar,8,20,26,112,166,0,0,11,12,23,8,20,37,124,189,0,36,36,225
09/29/2020,CRP,TX,ASW,CE,Combined TRACON& Tower with Radar,9,14,15,131,169,0,2,21,18,41,9,16,36,149,210,0,56,56,266
09/30/2020,CRP,TX,ASW,CE,Combined TRACON& Tower with Radar,9,26,21,74,130,0,5,21,12,38,9,31,42,86,168,0,52,52,220
10/01/2020,CRP,TX,ASW,CE,Combined TRACON& Tower with Radar,8,18,24,101,151,0,3,27,18,48,8,21,51,119,199,0,238,238,437
10/02/2020,CRP,TX,ASW,CE,Combined TRACON& Tower with Radar,8,18,23,72,121,0,4,13,13,30,8,22,36,85,151,0,126,126,277
10/03/2020,CRP,TX,ASW,CE,Combined TRACON& Tower with Radar,10,13,10,54,87,0,1,23,12,36,10,14,33,66,123,0,8,8,131
10/04/2020,CRP,TX,ASW,CE,Combined TRACON& Tower with Radar,8,11,6,41,66,0,1,18,18,37,8,12,24,59,103,0,58,58,161
10/05/2020,CRP,TX,ASW,CE,Combined TRACON& Tower with Radar,8,18,17,109,152,0,2,21,16,39,8,20,38,125,191,0,158,158,349
10/06/2020,CRP,TX,ASW,CE,Combined TRACON& Tower with Radar,9,14,29,79,131,0,2,21,14,37,9,16,50,93,168,0,90,90,258
10/07/2020,CRP,TX,ASW,CE,Combined TRACON& Tower with Radar,14,20,29,115,178,0,2,25,15,42,14,22,54,130,220,10,90,100,320
10/08/2020,CRP,TX,ASW,CE,Combined TRACON& Tower with Radar,12,15,49,93,169,0,3,10,18,31,12,18,59,111,200,0,126,126,326
10/09/2020,CRP,TX,ASW,CE,Combined TRACON& Tower with Radar,16,13,19,97,145,0,1,14,13,28,16,14,33,110,173,0,104,104,277
10/10/2020,CRP,TX,ASW,CE,Combined TRACON& Tower with Radar,12,11,19,112,154,0,5,23,12,40,12,16,42,124,194,0,20,20,214
10/11/2020,CRP,TX,ASW,CE,Combined TRACON& Tower with Radar,14,12,15,61,102,0,3,18,9,30,14,15,33,70,132,0,36,36,168
10/12/2020,CRP,TX,ASW,CE,Combined TRACON& Tower with Radar,16,10,16,40,82,0,3,9,9,21,16,13,25,49,103,0,44,44,147
10/13/2020,CRP,TX,ASW,CE,Combined TRACON& Tower with Radar,14,8,23,88,133,0,1,16,14,31,14,9,39,102,164,0,104,104,268
10/14/2020,CRP,TX,ASW,CE,Combined TRACON& Tower with Radar,14,19,37,115,185,0,4,24,18,46,14,23,61,133,231,2,152,154,385
10/15/2020,CRP,TX,ASW,CE,Combined TRACON& Tower with Radar,12,21,27,115,175,0,4,14,19,37,12,25,41,134,212,0,306,306,518
10/16/2020,CRP,TX,ASW,CE,Combined TRACON& Tower with Radar,14,17,38,114,183,0,0,1,19,20,14,17,39,133,203,0,186,186,389
10/17/2020,CRP,TX,ASW,CE,Combined TRACON& Tower with Radar,14,12,7,83,116,0,0,18,3,21,14,12,25,86,137,6,66,72,209
10/18/2020,CRP,TX,ASW,CE,Combined TRACON& Tower with Radar,14,9,10,48,81,0,5,29,12,46,14,14,39,60,127,24,40,64,191
10/19/2020,CRP,TX,ASW,CE,Combined TRACON& Tower with Radar,14,13,14,94,135,0,1,6,14,21,14,14,20,108,156,0,68,68,224
10/20/2020,CRP,TX,ASW,CE,Combined TRACON& Tower with Radar,14,14,24,78,130,0,2,18,21,41,14,16,42,99,171,0,96,96,267
10/21/2020,CRP,TX,ASW,CE,Combined TRACON& Tower with Radar,14,12,23,114,163,0,5,22,29,56,14,17,45,143,219,0,212,212,431
10/22/2020,CRP,TX,ASW,CE,Combined TRACON& Tower with Radar,12,15,33,117,177,0,5,14,6,25,12,20,47,123,202,0,0,0,202
10/23/2020,CRP,TX,ASW,CE,Combined TRACON& Tower with Radar,14,23,21,152,210,0,0,25,19,44,14,23,46,171,254,0,70,70,324
10/24/2020,CRP,TX,ASW,CE,Combined TRACON& Tower with Radar,12,12,19,86,129,0,3,13,8,24,12,15,32,94,153,0,22,22,175
10/25/2020,CRP,TX,ASW,CE,Combined TRACON& Tower with Radar,14,16,14,94,138,0,1,5,11,17,14,17,19,105,155,0,24,24,179
10/26/2020,CRP,TX,ASW,CE,Combined TRACON& Tower with Radar,14,13,23,86,136,0,4,14,33,51,14,17,37,119,187,4,76,80,267
10/27/2020,CRP,TX,ASW,CE,Combined TRACON& Tower with Radar,14,11,22,137,184,0,4,0,1,5,14,15,22,138,189,0,0,0,189
10/28/2020,CRP,TX,ASW,CE,Combined TRACON& Tower with Radar,14,15,18,132,179,0,0,2,18,20,14,15,20,150,199,0,162,162,361
10/29/2020,CRP,TX,ASW,CE,Combined TRACON& Tower with Radar,12,13,20,78,123,0,1,26,6,33,12,14,46,84,156,8,100,108,264
10/30/2020,CRP,TX,ASW,CE,Combined TRACON& Tower with Radar,14,15,17,97,143,0,6,20,8,34,14,21,37,105,177,0,74,74,251
10/31/2020,CRP,TX,ASW,CE,Combined TRACON& Tower with Radar,10,13,6,45,74,0,2,12,12,26,10,15,18,57,100,0,132,132,232
11/01/2020,CRP,TX,ASW,CE,Combined TRACON& Tower with Radar,12,11,18,52,93,0,4,18,21,43,12,15,36,73,136,0,50,50,186
11/02/2020,CRP,TX,ASW,CE,Combined TRACON& Tower with Radar,14,15,26,99,154,0,1,10,14,25,14,16,36,113,179,0,196,196,375
11/03/2020,CRP,TX,ASW,CE,Combined TRACON& Tower with Radar,14,18,20,118,170,0,5,7,12,24,14,23,27,130,194,0,150,150,344
11/04/2020,CRP,TX,ASW,CE,Combined TRACON& Tower with Radar,13,17,30,154,214,0,1,22,13,36,13,18,52,167,250,0,370,370,620
11/05/2020,CRP,TX,ASW,CE,Combined TRACON& Tower with Radar,14,16,31,84,145,0,2,18,9,29,14,18,49,93,174,0,90,90,264
11/06/2020,CRP,TX,ASW,CE,Combined TRACON& Tower with Radar,18,18,20,66,122,0,3,13,22,38,18,21,33,88,160,0,46,46,206
11/07/2020,CRP,TX,ASW,CE,Combined TRACON& Tower with Radar,16,14,13,28,71,0,1,8,7,16,16,15,21,35,87,0,90,90,177
11/08/2020,CRP,TX,ASW,CE,Combined TRACON& Tower with Radar,16,16,18,54,104,0,0,6,13,19,16,16,24,67,123,0,43,43,166
11/09/2020,CRP,TX,ASW,CE,Combined TRACON& Tower with Radar,16,15,12,132,175,0,1,5,13,19,16,16,17,145,194,4,150,154,348
11/10/2020,CRP,TX,ASW,CE,Combined TRACON& Tower with Radar,14,20,15,131,180,0,1,14,23,38,14,21,29,154,218,4,194,198,416
11/11/2020,CRP,TX,ASW,CE,Combined TRACON& Tower with Radar,14,24,24,72,134,0,1,17,16,34,14,25,41,88,168,0,92,92,260
11/12/2020,CRP,TX,ASW,CE,Combined TRACON& Tower with Radar,16,20,23,63,122,0,1,6,23,30,16,21,29,86,152,0,134,134,286
11/13/2020,CRP,TX,ASW,CE,Combined TRACON& Tower with Radar,16,19,24,110,169,0,2,17,13,32,16,21,41,123,201,0,132,132,333
11/14/2020,CRP,TX,ASW,CE,Combined TRACON& Tower with Radar,15,14,5,96,130,0,1,13,16,30,15,15,18,112,160,0,71,71,231
11/15/2020,CRP,TX,ASW,CE,Combined TRACON& Tower with Radar,16,18,12,71,117,0,3,6,18,27,16,21,18,89,144,0,38,38,182
11/16/2020,CRP,TX,ASW,CE,Combined TRACON& Tower with Radar,16,19,15,82,132,0,1,13,24,38,16,20,28,106,170,0,152,152,322
11/17/2020,CRP,TX,ASW,CE,Combined TRACON& Tower with Radar,14,18,28,107,167,0,0,9,25,34,14,18,37,132,201,0,116,116,317
11/18/2020,CRP,TX,ASW,CE,Combined TRACON& Tower with Radar,14,17,12,78,121,0,1,20,24,45,14,18,32,102,166,0,18,18,184
11/19/2020,CRP,TX,ASW,CE,Combined TRACON& Tower with Radar,14,20,46,110,190,0,1,20,15,36,14,21,66,125,226,2,118,120,346
11/20/2020,CRP,TX,ASW,CE,Combined TRACON& Tower with Radar,17,24,32,99,172,0,0,7,12,19,17,24,39,111,191,0,228,228,419
11/21/2020,CRP,TX,ASW,CE,Combined TRACON& Tower with Radar,16,15,17,134,182,0,2,9,11,22,16,17,26,145,204,0,54,54,258
11/22/2020,CRP,TX,ASW,CE,Combined TRACON& Tower with Radar,16,17,30,98,161,0,2,10,13,25,16,19,40,111,186,4,24,28,214
11/23/2020,CRP,TX,ASW,CE,Combined TRACON& Tower with Radar,14,13,26,151,204,0,0,4,13,17,14,13,30,164,221,2,204,206,427
11/24/2020,CRP,TX,ASW,CE,Combined TRACON& Tower with Radar,19,25,26,120,190,0,1,6,20,27,19,26,32,140,217,0,68,68,285
11/25/2020,CRP,TX,ASW,CE,Combined TRACON& Tower with Radar,19,18,12,51,100,0,4,6,6,16,19,22,18,57,116,0,0,0,116
11/26/2020,CRP,TX,ASW,CE,Combined TRACON& Tower with Radar,8,10,11,0,29,0,6,1,2,9,8,16,12,2,38,0,0,0,38
11/27/2020,CRP,TX,ASW,CE,Combined TRACON& Tower with Radar,12,14,7,29,62,0,1,3,6,10,12,15,10,35,72,0,20,20,92
11/28/2020,CRP,TX,ASW,CE,Combined TRACON& Tower with Radar,18,16,4,0,38,0,0,1,1,2,18,16,5,1,40,0,0,0,40
11/29/2020,CRP,TX,ASW,CE,Combined TRACON& Tower with Radar,18,14,17,31,80,0,3,12,6,21,18,17,29,37,101,0,36,36,137
11/30/2020,CRP,TX,ASW,CE,Combined TRACON& Tower with Radar,20,22,20,131,193,0,2,6,17,25,20,24,26,148,218,0,106,106,324
12/01/2020,CRP,TX,ASW,CE,Combined TRACON& Tower with Radar,14,14,25,104,157,0,1,15,15,31,14,15,40,119,188,0,116,116,304
12/02/2020,CRP,TX,ASW,CE,Combined TRACON& Tower with Radar,12,18,16,93,139,0,2,16,17,35,12,20,32,110,174,0,108,108,282
12/03/2020,CRP,TX,ASW,CE,Combined TRACON& Tower with Radar,14,14,22,130,180,0,2,24,14,40,14,16,46,144,220,0,38,38,258
12/04/2020,CRP,TX,ASW,CE,Combined TRACON& Tower with Radar,16,18,31,76,141,0,1,13,16,30,16,19,44,92,171,0,166,166,337
12/05/2020,CRP,TX,ASW,CE,Combined TRACON& Tower with Radar,14,12,18,47,91,0,5,3,7,15,14,17,21,54,106,0,60,60,166
12/06/2020,CRP,TX,ASW,CE,Combined TRACON& Tower with Radar,16,15,15,59,105,0,0,15,14,29,16,15,30,73,134,2,34,36,170
12/07/2020,CRP,TX,ASW,CE,Combined TRACON& Tower with Radar,16,15,25,109,165,0,1,22,12,35,16,16,47,121,200,0,62,62,262
12/08/2020,CRP,TX,ASW,CE,Combined TRACON& Tower with Radar,12,18,22,123,175,0,5,22,16,43,12,23,44,139,218,0,78,78,296
12/09/2020,CRP,TX,ASW,CE,Combined TRACON& Tower with Radar,12,15,29,116,172,0,2,4,14,20,12,17,33,130,192,0,112,112,304
12/10/2020,CRP,TX,ASW,CE,Combined TRACON& Tower with Radar,16,22,26,100,164,0,2,15,12,29,16,24,41,112,193,0,206,206,399
12/11/2020,CRP,TX,ASW,CE,Combined TRACON& Tower with Radar,16,28,27,110,181,0,3,2,10,15,16,31,29,120,196,0,224,224,420
12/12/2020,CRP,TX,ASW,CE,Combined TRACON& Tower with Radar,14,11,13,79,117,0,2,4,13,19,14,13,17,92,136,0,178,178,314
12/13/2020,CRP,TX,ASW,CE,Combined TRACON& Tower with Radar,16,14,20,84,134,0,0,3,4,7,16,14,23,88,141,0,50,50,191
12/14/2020,CRP,TX,ASW,CE,Combined TRACON& Tower with Radar,18,14,24,118,174,0,3,20,13,36,18,17,44,131,210,14,222,236,446
12/15/2020,CRP,TX,ASW,CE,Combined TRACON& Tower with Radar,12,17,23,185,237,0,3,22,27,52,12,20,45,212,289,0,138,138,427
12/16/2020,CRP,TX,ASW,CE,Combined TRACON& Tower with Radar,12,19,34,86,151,0,2,20,24,46,12,21,54,110,197,0,212,212,409
12/17/2020,CRP,TX,ASW,CE,Combined TRACON& Tower with Radar,14,18,36,107,175,0,2,16,21,39,14,20,52,128,214,0,124,124,338
12/18/2020,CRP,TX,ASW,CE,Combined TRACON& Tower with Radar,14,22,26,55,117,0,5,5,13,23,14,27,31,68,140,0,74,74,214
12/19/2020,CRP,TX,ASW,CE,Combined TRACON& Tower with Radar,12,13,14,34,73,0,3,1,12,16,12,16,15,46,89,0,20,20,109
12/20/2020,CRP,TX,ASW,CE,Combined TRACON& Tower with Radar,12,9,24,33,78,0,0,24,5,29,12,9,48,38,107,0,0,0,107
12/21/2020,CRP,TX,ASW,CE,Combined TRACON& Tower with Radar,14,13,18,34,79,0,2,19,8,29,14,15,37,42,108,0,78,78,186
12/22/2020,CRP,TX,ASW,CE,Combined TRACON& Tower with Radar,12,25,26,31,94,0,2,11,8,21,12,27,37,39,115,0,82,82,197
12/23/2020,CRP,TX,ASW,CE,Combined TRACON& Tower with Radar,14,23,20,27,84,0,2,5,4,11,14,25,25,31,95,0,6,6,101
12/24/2020,CRP,TX,ASW,CE,Combined TRACON& Tower with Radar,12,10,10,0,32,0,2,5,0,7,12,12,15,0,39,0,0,0,39
12/25/2020,CRP,TX,ASW,CE,Combined TRACON& Tower with Radar,10,7,0,0,17,0,4,6,0,10,10,11,6,0,27,0,0,0,27
12/26/2020,CRP,TX,ASW,CE,Combined TRACON& Tower with Radar,10,17,15,1,43,0,0,14,3,17,10,17,29,4,60,0,0,0,60
12/27/2020,CRP,TX,ASW,CE,Combined TRACON& Tower with Radar,16,14,13,0,43,0,1,12,14,27,16,15,25,14,70,0,0,0,70
12/28/2020,CRP,TX,ASW,CE,Combined TRACON& Tower with Radar,14,15,23,22,74,0,5,10,8,23,14,20,33,30,97,0,112,112,209
12/29/2020,CRP,TX,ASW,CE,Combined TRACON& Tower with Radar,14,23,25,19,81,0,4,10,11,25,14,27,35,30,106,0,30,30,136
12/30/2020,CRP,TX,ASW,CE,Combined TRACON& Tower with Radar,11,17,13,25,66,0,2,1,7,10,11,19,14,32,76,0,22,22,98
12/31/2020,CRP,TX,ASW,CE,Combined TRACON& Tower with Radar,10,16,4,0,30,0,0,1,2,3,10,16,5,2,33,0,0,0,33
01/01/2021,CRP,TX,ASW,CE,Combined TRACON& Tower with Radar,11,10,6,3,30,0,1,5,1,7,11,11,11,4,37,0,0,0,37
01/02/2021,CRP,TX,ASW,CE,Combined TRACON& Tower with Radar,12,13,12,0,37,0,1,25,4,30,12,14,37,4,67,0,8,8,75
01/03/2021,CRP,TX,ASW,CE,Combined TRACON& Tower with Radar,14,12,12,7,45,0,0,23,3,26,14,12,35,10,71,6,4,10,81
01/04/2021,CRP,TX,ASW,CE,Combined TRACON& Tower with Radar,13,17,17,49,96,0,1,8,3,12,13,18,25,52,108,0,14,14,122
01/05/2021,CRP,TX,ASW,CE,Combined TRACON& Tower with Radar,14,22,26,38,100,0,0,2,5,7,14,22,28,43,107,0,86,86,193
01/06/2021,CRP,TX,ASW,CE,Combined TRACON& Tower with Radar,22,15,19,33,89,0,8,5,14,27,22,23,24,47,116,8,106,114,230
01/07/2021,CRP,TX,ASW,CE,Combined TRACON& Tower with Radar,18,10,24,84,136,0,0,16,6,22,18,10,40,90,158,0,68,68,226
01/08/2021,CRP,TX,ASW,CE,Combined TRACON& Tower with Radar,18,14,15,94,141,0,1,17,12,30,18,15,32,106,171,0,34,34,205
01/09/2021,CRP,TX,ASW,CE,Combined TRACON& Tower with Radar,18,9,17,47,91,0,1,9,8,18,18,10,26,55,109,0,10,10,119
01/10/2021,CRP,TX,ASW,CE,Combined TRACON& Tower with Radar,18,8,4,12,42,0,0,0,1,1,18,8,4,13,43,0,0,0,43
01/11/2021,CRP,TX,ASW,CE,Combined TRACON& Tower with Radar,45,9,41,162,257,0,2,6,21,29,45,11,47,183,286,6,160,166,452
01/12/2021,CRP,TX,ASW,CE,Combined TRACON& Tower with Radar,18,11,15,169,213,0,1,3,10,14,18,12,18,179,227,0,70,70,297
01/13/2021,CRP,TX,ASW,CE,Combined TRACON& Tower with Radar,18,14,22,91,145,0,4,15,11,30,18,18,37,102,175,0,74,74,249
01/14/2021,CRP,TX,ASW,CE,Combined TRACON& Tower with Radar,18,16,28,128,190,0,3,20,9,32,18,19,48,137,222,0,114,114,336
01/15/2021,CRP,TX,ASW,CE,Combined TRACON& Tower with Radar,18,17,31,91,157,0,3,26,18,47,18,20,57,109,204,0,104,104,308
01/16/2021,CRP,TX,ASW,CE,Combined TRACON& Tower with Radar,18,6,17,47,88,0,5,21,13,39,18,11,38,60,127,0,0,0,127
01/17/2021,CRP,TX,ASW,CE,Combined TRACON& Tower with Radar,17,12,18,43,90,0,5,20,3,28,17,17,38,46,118,12,52,64,182
01/18/2021,CRP,TX,ASW,CE,Combined TRACON& Tower with Radar,16,21,17,12,66,0,0,10,9,19,16,21,27,21,85,0,28,28,113
01/19/2021,CRP,TX,ASW,CE,Combined TRACON& Tower with Radar,16,15,11,144,186,0,1,3,12,16,16,16,14,156,202,0,90,90,292
01/20/2021,CRP,TX,ASW,CE,Combined TRACON& Tower with Radar,18,21,19,145,203,0,0,0,0,0,18,21,19,145,203,0,0,0,203
01/21/2021,CRP,TX,ASW,CE,Combined TRACON& Tower with Radar,16,28,37,93,174,0,0,0,4,4,16,28,37,97,178,0,0,0,178
01/22/2021,CRP,TX,ASW,CE,Combined TRACON& Tower with Radar,17,13,20,136,186,0,6,7,13,26,17,19,27,149,212,0,14,14,226
01/23/2021,CRP,TX,ASW,CE,Combined TRACON& Tower with Radar,20,7,15,29,71,0,0,0,1,1,20,7,15,30,72,0,0,0,72
01/24/2021,CRP,TX,ASW,CE,Combined TRACON& Tower with Radar,17,19,18,64,118,0,0,0,3,3,17,19,18,67,121,0,4,4,125
01/25/2021,CRP,TX,ASW,CE,Combined TRACON& Tower with Radar,19,10,19,167,215,0,1,12,17,30,19,11,31,184,245,0,122,122,367
01/26/2021,CRP,TX,ASW,CE,Combined TRACON& Tower with Radar,23,11,14,92,140,0,2,31,15,48,23,13,45,107,188,0,58,58,246
01/27/2021,CRP,TX,ASW,CE,Combined TRACON& Tower with Radar,29,28,27,174,258,0,2,19,29,50,29,30,46,203,308,0,86,86,394
01/28/2021,CRP,TX,ASW,CE,Combined TRACON& Tower with Radar,19,14,36,124,193,0,2,22,16,40,19,16,58,140,233,0,22,22,255
01/29/2021,CRP,TX,ASW,CE,Combined TRACON& Tower with Radar,18,13,30,122,183,0,0,26,13,39,18,13,56,135,222,0,74,74,296
01/30/2021,CRP,TX,ASW,CE,Combined TRACON& Tower with Radar,16,14,22,41,93,0,0,18,7,25,16,14,40,48,118,0,60,60,178
01/31/2021,CRP,TX,ASW,CE,Combined TRACON& Tower with Radar,20,8,14,66,108,0,1,18,6,25,20,9,32,72,133,2,38,40,173
02/01/2021,CRP,TX,ASW,CE,Combined TRACON& Tower with Radar,18,7,13,100,138,0,1,19,11,31,18,8,32,111,169,0,108,108,277
02/02/2021,CRP,TX,ASW,CE,Combined TRACON& Tower with Radar,18,14,19,105,156,0,5,24,18,47,18,19,43,123,203,0,184,184,387
02/03/2021,CRP,TX,ASW,CE,Combined TRACON& Tower with Radar,18,17,29,101,165,0,1,12,12,25,18,18,41,113,190,0,48,48,238
02/04/2021,CRP,TX,ASW,CE,Combined TRACON& Tower with Radar,18,18,43,108,187,0,2,14,14,30,18,20,57,122,217,0,100,100,317
02/05/2021,CRP,TX,ASW,CE,Combined TRACON& Tower with Radar,20,15,17,156,208,0,2,9,9,20,20,17,26,165,228,0,140,140,368
02/06/2021,CRP,TX,ASW,CE,Combined TRACON& Tower with Radar,20,7,22,77,126,0,0,7,8,15,20,7,29,85,141,0,36,36,177
02/07/2021,CRP,TX,ASW,CE,Combined TRACON& Tower with Radar,20,10,14,41,85,0,3,24,10,37,20,13,38,51,122,0,52,52,174
02/08/2021,CRP,TX,ASW,CE,Combined TRACON& Tower with Radar,20,7,19,10,56,0,0,3,3,6,20,7,22,13,62,0,38,38,100
02/09/2021,CRP,TX,ASW,CE,Combined TRACON& Tower with Radar,20,10,38,78,146,0,1,2,8,11,20,11,40,86,157,0,122,122,279
02/10/2021,CRP,TX,ASW,CE,Combined TRACON& Tower with Radar,20,29,40,53,142,0,0,0,3,3,20,29,40,56,145,0,54,54,199
02/11/2021,CRP,TX,ASW,CE,Combined TRACON& Tower with Radar,18,20,18,12,68,0,0,0,0,0,18,20,18,12,68,0,26,26,94
02/12/2021,CRP,TX,ASW,CE,Combined TRACON& Tower with Radar,16,28,18,36,98,0,0,0,1,1,16,28,18,37,99,0,16,16,115
02/13/2021,CRP,TX,ASW,CE,Combined TRACON& Tower with Radar,12,20,3,10,45,0,0,0,2,2,12,20,3,12,47,0,0,0,47
02/14/2021,CRP,TX,ASW,CE,Combined TRACON& Tower with Radar,5,19,4,12,40,0,0,0,0,0,5,19,4,12,40,0,0,0,40
02/15/2021,CRP,TX,ASW,CE,Combined TRACON& Tower with Radar,0,4,0,2,6,0,0,1,1,2,0,4,1,3,8,0,0,0,8
02/16/2021,CRP,TX,ASW,CE,Combined TRACON& Tower with Radar,1,14,5,5,25,0,2,0,2,4,1,16,5,7,29,0,0,0,29
02/17/2021,CRP,TX,ASW,CE,Combined TRACON& Tower with Radar,0,8,18,0,26,0,0,0,9,9,0,8,18,9,35,0,0,0,35
02/18/2021,CRP,TX,ASW,CE,Combined TRACON& Tower with Radar,10,7,10,10,37,0,0,4,3,7,10,7,14,13,44,0,0,0,44
02/19/2021,CRP,TX,ASW,CE,Combined TRACON& Tower with Radar,14,8,13,26,61,0,0,21,10,31,14,8,34,36,92,16,56,72,164
02/20/2021,CRP,TX,ASW,CE,Combined TRACON& Tower with Radar,12,15,9,75,111,0,3,11,19,33,12,18,20,94,144,0,29,29,173
02/21/2021,CRP,TX,ASW,CE,Combined TRACON& Tower with Radar,12,17,7,77,113,0,1,6,78,85,12,18,13,155,198,0,0,0,198
02/22/2021,CRP,TX,ASW,CE,Combined TRACON& Tower with Radar,14,21,25,104,164,0,2,16,14,32,14,23,41,118,196,0,84,84,280
02/23/2021,CRP,TX,ASW,CE,Combined TRACON& Tower with Radar,12,20,36,95,163,0,0,10,10,20,12,20,46,105,183,10,28,38,221
02/24/2021,CRP,TX,ASW,CE,Combined TRACON& Tower with Radar,12,29,28,118,187,0,1,17,13,31,12,30,45,131,218,0,127,127,345
02/25/2021,CRP,TX,ASW,CE,Combined TRACON& Tower with Radar,16,30,25,101,172,0,1,0,10,11,16,31,25,111,183,0,60,60,243
02/26/2021,CRP,TX,ASW,CE,Combined TRACON& Tower with Radar,16,33,32,96,177,0,5,8,16,29,16,38,40,112,206,0,92,92,298
02/27/2021,CRP,TX,ASW,CE,Combined TRACON& Tower with Radar,12,20,17,122,171,0,1,7,11,19,12,21,24,133,190,0,58,58,248
02/28/2021,CRP,TX,ASW,CE,Combined TRACON& Tower with Radar,14,16,26,85,141,0,2,4,6,12,14,18,30,91,153,0,0,0,153
03/01/2021,CRP,TX,ASW,CE,Combined TRACON& Tower with Radar,14,17,23,106,160,0,0,0,2,2,14,17,23,108,162,0,0,0,162
03/02/2021,CRP,TX,ASW,CE,Combined TRACON& Tower with Radar,12,24,26,80,142,0,3,22,30,55,12,27,48,110,197,0,98,98,295
03/03/2021,CRP,TX,ASW,CE,Combined TRACON& Tower with Radar,12,30,34,96,172,0,2,29,20,51,12,32,63,116,223,0,79,79,302
03/04/2021,CRP,TX,ASW,CE,Combined TRACON& Tower with Radar,17,29,34,111,191,0,1,34,21,56,17,30,68,132,247,4,104,108,355
03/05/2021,CRP,TX,ASW,CE,Combined TRACON& Tower with Radar,16,26,28,124,194,0,1,13,11,25,16,27,41,135,219,0,120,120,339
03/06/2021,CRP,TX,ASW,CE,Combined TRACON& Tower with Radar,17,18,17,103,155,0,3,17,16,36,17,21,34,119,191,0,66,66,257
03/07/2021,CRP,TX,ASW,CE,Combined TRACON& Tower with Radar,16,13,7,57,93,0,0,18,15,33,16,13,25,72,126,0,70,70,196
03/08/2021,CRP,TX,ASW,CE,Combined TRACON& Tower with Radar,16,26,26,127,195,0,0,5,11,16,16,26,31,138,211,0,80,80,291
03/09/2021,CRP,TX,ASW,CE,Combined TRACON& Tower with Radar,18,22,30,115,185,0,3,7,21,31,18,25,37,136,216,0,152,152,368
03/10/2021,CRP,TX,ASW,CE,Combined TRACON& Tower with Radar,16,20,23,86,145,0,4,12,15,31,16,24,35,101,176,0,38,38,214
03/11/2021,CRP,TX,ASW,CE,Combined TRACON& Tower with Radar,16,25,38,133,212,0,5,7,12,24,16,30,45,145,236,0,92,92,328
03/12/2021,CRP,TX,ASW,CE,Combined TRACON& Tower with Radar,15,27,28,123,193,0,3,7,9,19,15,30,35,132,212,0,94,94,306
03/13/2021,CRP,TX,ASW,CE,Combined TRACON& Tower with Radar,17,14,22,48,101,0,0,2,15,17,17,14,24,63,118,0,72,72,190
03/14/2021,CRP,TX,ASW,CE,Combined TRACON& Tower with Radar,16,21,16,52,105,0,0,2,1,3,16,21,18,53,108,0,10,10,118
03/15/2021,CRP,TX,ASW,CE,Combined TRACON& Tower with Radar,16,23,28,63,130,0,0,3,1,4,16,23,31,64,134,0,12,12,146
03/16/2021,CRP,TX,ASW,CE,Combined TRACON& Tower with Radar,16,21,28,149,214,0,0,2,5,7,16,21,30,154,221,0,26,26,247
03/17/2021,CRP,TX,ASW,CE,Combined TRACON& Tower with Radar,15,23,34,92,164,0,0,13,12,25,15,23,47,104,189,0,10,10,199
03/18/2021,CRP,TX,ASW,CE,Combined TRACON& Tower with Radar,17,24,35,91,167,0,3,33,23,59,17,27,68,114,226,0,49,49,275
03/19/2021,CRP,TX,ASW,CE,Combined TRACON& Tower with Radar,16,26,27,58,127,0,3,22,21,46,16,29,49,79,173,0,48,48,221
03/20/2021,CRP,TX,ASW,CE,Combined TRACON& Tower with Radar,16,13,16,91,136,0,1,24,17,42,16,14,40,108,178,0,0,0,178
03/21/2021,CRP,TX,ASW,CE,Combined TRACON& Tower with Radar,16,15,7,75,113,0,4,27,16,47,16,19,34,91,160,4,56,60,220
03/22/2021,CRP,TX,ASW,CE,Combined TRACON& Tower with Radar,14,21,23,138,196,0,2,6,12,20,14,23,29,150,216,0,184,184,400
03/23/2021,CRP,TX,ASW,CE,Combined TRACON& Tower with Radar,16,21,35,150,222,0,4,19,14,37,16,25,54,164,259,0,98,98,357
03/24/2021,CRP,TX,ASW,CE,Combined TRACON& Tower with Radar,16,21,32,63,132,0,2,7,1,10,16,23,39,64,142,0,4,4,146
03/25/2021,CRP,TX,ASW,CE,Combined TRACON& Tower with Radar,16,18,29,106,169,0,0,16,13,29,16,18,45,119,198,0,86,86,284
03/26/2021,CRP,TX,ASW,CE,Combined TRACON& Tower with Radar,16,24,31,94,165,0,0,28,13,41,16,24,59,107,206,0,20,20,226
03/27/2021,CRP,TX,ASW,CE,Combined TRACON& Tower with Radar,16,16,10,77,119,0,0,10,14,24,16,16,20,91,143,0,3,3,146
03/28/2021,CRP,TX,ASW,CE,Combined TRACON& Tower with Radar,16,18,18,45,97,0,0,3,5,8,16,18,21,50,105,0,73,73,178
03/29/2021,CRP,TX,ASW,CE,Combined TRACON& Tower with Radar,16,20,26,40,102,0,0,11,7,18,16,20,37,47,120,0,4,4,124
03/30/2021,CRP,TX,ASW,CE,Combined TRACON& Tower with Radar,16,17,21,90,144,0,1,4,10,15,16,18,25,100,159,0,17,17,176
03/31/2021,CRP,TX,ASW,CE,Combined TRACON& Tower with Radar,16,27,23,80,146,0,3,2,10,15,16,30,25,90,161,0,37,37,198
04/01/2021,CRP,TX,ASW,CE,Combined TRACON& Tower with Radar,16,34,38,81,169,0,6,13,20,39,16,40,51,101,208,0,56,56,264
04/02/2021,CRP,TX,ASW,CE,Combined TRACON& Tower with Radar,16,24,29,52,121,0,3,20,18,41,16,27,49,70,162,0,156,156,318
04/03/2021,CRP,TX,ASW,CE,Combined TRACON& Tower with Radar,12,17,15,15,59,0,5,4,9,18,12,22,19,24,77,0,142,142,219
04/04/2021,CRP,TX,ASW,CE,Combined TRACON& Tower with Radar,16,15,18,17,66,0,2,8,11,21,16,17,26,28,87,0,0,0,87
04/05/2021,CRP,TX,ASW,CE,Combined TRACON& Tower with Radar,16,25,25,109,175,0,5,7,8,20,16,30,32,117,195,0,12,12,207
04/06/2021,CRP,TX,ASW,CE,Combined TRACON& Tower with Radar,14,18,26,112,170,0,0,11,15,26,14,18,37,127,196,0,64,64,260
04/07/2021,CRP,TX,ASW,CE,Combined TRACON& Tower with Radar,14,23,32,68,137,0,3,7,7,17,14,26,39,75,154,0,6,6,160
04/08/2021,CRP,TX,ASW,CE,Combined TRACON& Tower with Radar,16,29,32,66,143,0,2,17,13,32,16,31,49,79,175,0,98,98,273
04/09/2021,CRP,TX,ASW,CE,Combined TRACON& Tower with Radar,18,32,33,101,184,0,1,11,11,23,18,33,44,112,207,0,56,56,263
04/10/2021,CRP,TX,ASW,CE,Combined TRACON& Tower with Radar,14,21,15,43,93,0,3,11,7,21,14,24,26,50,114,0,0,0,114
04/11/2021,CRP,TX,ASW,CE,Combined TRACON& Tower with Radar,16,22,17,43,98,0,2,23,9,34,16,24,40,52,132,0,112,112,244
04/12/2021,CRP,TX,ASW,CE,Combined TRACON& Tower with Radar,16,23,26,67,132,0,3,3,1,7,16,26,29,68,139,0,18,18,157
04/13/2021,CRP,TX,ASW,CE,Combined TRACON& Tower with Radar,16,26,30,55,127,0,0,6,5,11,16,26,36,60,138,0,68,68,206
04/14/2021,CRP,TX,ASW,CE,Combined TRACON& Tower with Radar,14,26,49,42,131,0,0,4,6,10,14,26,53,48,141,0,78,78,219
04/15/2021,CRP,TX,ASW,CE,Combined TRACON& Tower with Radar,16,22,40,18,96,0,0,0,0,0,16,22,40,18,96,0,0,0,96
04/16/2021,CRP,TX,ASW,CE,Combined TRACON& Tower with Radar,18,27,26,49,120,0,1,0,2,3,18,28,26,51,123,0,28,28,151
04/17/2021,CRP,TX,ASW,CE,Combined TRACON& Tower with Radar,14,18,3,26,61,0,2,0,7,9,14,20,3,33,70,0,12,12,82
04/18/2021,CRP,TX,ASW,CE,Combined TRACON& Tower with Radar,16,24,27,56,123,0,2,17,9,28,16,26,44,65,151,2,20,22,173
04/19/2021,CRP,TX,ASW,CE,Combined TRACON& Tower with Radar,16,23,27,44,110,0,1,12,16,29,16,24,39,60,139,0,112,112,251
04/20/2021,CRP,TX,ASW,CE,Combined TRACON& Tower with Radar,16,22,26,67,131,0,1,12,18,31,16,23,38,85,162,0,90,90,252
04/21/2021,CRP,TX,ASW,CE,Combined TRACON& Tower with Radar,16,21,23,68,128,0,1,20,15,36,16,22,43,83,164,0,80,80,244
04/22/2021,CRP,TX,ASW,CE,Combined TRACON& Tower with Radar,16,19,26,64,125,0,0,3,9,12,16,19,29,73,137,0,126,126,263
04/23/2021,CRP,TX,ASW,CE,Combined TRACON& Tower with Radar,12,26,26,13,77,0,0,6,5,11,12,26,32,18,88,0,2,2,90
04/24/2021,CRP,TX,ASW,CE,Combined TRACON& Tower with Radar,15,17,19,63,114,0,0,46,25,71,15,17,65,88,185,0,164,164,349
04/25/2021,CRP,TX,ASW,CE,Combined TRACON& Tower with Radar,16,16,17,21,70,0,4,40,21,65,16,20,57,42,135,0,42,42,177
04/26/2021,CRP,TX,ASW,CE,Combined TRACON& Tower with Radar,17,16,24,66,123,0,2,6,15,23,17,18,30,81,146,0,98,98,244
04/27/2021,CRP,TX,ASW,CE,Combined TRACON& Tower with Radar,15,19,34,63,131,0,1,2,5,8,15,20,36,68,139,0,40,40,179
04/28/2021,CRP,TX,ASW,CE,Combined TRACON& Tower with Radar,16,29,24,67,136,0,2,3,8,13,16,31,27,75,149,0,58,58,207
04/29/2021,CRP,TX,ASW,CE,Combined TRACON& Tower with Radar,16,26,41,100,183,0,3,1,10,14,16,29,42,110,197,0,70,70,267
04/30/2021,CRP,TX,ASW,CE,Combined TRACON& Tower with Radar,16,20,14,17,67,0,0,0,8,8,16,20,14,25,75,0,42,42,117
05/01/2021,CRP,TX,ASW,CE,Combined TRACON& Tower with Radar,14,17,6,22,59,0,0,1,1,2,14,17,7,23,61,0,10,10,71
05/02/2021,CRP,TX,ASW,CE,Combined TRACON& Tower with Radar,16,14,20,21,71,0,2,20,13,35,16,16,40,34,106,8,42,50,156
05/03/2021,CRP,TX,ASW,CE,Combined TRACON& Tower with Radar,13,23,27,67,130,0,1,14,8,23,13,24,41,75,153,0,50,50,203
05/04/2021,CRP,TX,ASW,CE,Combined TRACON& Tower with Radar,15,18,16,89,138,0,1,3,9,13,15,19,19,98,151,0,56,56,207
05/05/2021,CRP,TX,ASW,CE,Combined TRACON& Tower with Radar,14,19,44,48,125,0,1,23,16,40,14,20,67,64,165,0,64,64,229
05/06/2021,CRP,TX,ASW,CE,Combined TRACON& Tower with Radar,20,22,30,82,154,0,7,21,29,57,20,29,51,111,211,0,162,162,373
05/07/2021,CRP,TX,ASW,CE,Combined TRACON& Tower with Radar,20,20,26,33,99,0,5,30,15,50,20,25,56,48,149,0,44,44,193
05/08/2021,CRP,TX,ASW,CE,Combined TRACON& Tower with Radar,14,14,19,9,56,0,2,7,14,23,14,16,26,23,79,0,64,64,143
05/09/2021,CRP,TX,ASW,CE,Combined TRACON& Tower with Radar,18,15,19,25,77,0,1,6,18,25,18,16,25,43,102,0,36,36,138
05/10/2021,CRP,TX,ASW,CE,Combined TRACON& Tower with Radar,19,19,23,78,139,0,0,3,11,14,19,19,26,89,153,0,100,100,253
05/11/2021,CRP,TX,ASW,CE,Combined TRACON& Tower with Radar,20,24,32,48,124,0,4,7,9,20,20,28,39,57,144,0,16,16,160
05/12/2021,CRP,TX,ASW,CE,Combined TRACON& Tower with Radar,20,13,27,77,137,0,3,2,9,14,20,16,29,86,151,0,16,16,167
05/13/2021,CRP,TX,ASW,CE,Combined TRACON& Tower with Radar,20,17,39,93,169,0,1,14,22,37,20,18,53,115,206,0,44,44,250
05/14/2021,CRP,TX,ASW,CE,Combined TRACON& Tower with Radar,21,18,38,53,130,0,4,21,18,43,21,22,59,71,173,0,152,152,325
05/15/2021,CRP,TX,ASW,CE,Combined TRACON& Tower with Radar,17,16,6,29,68,0,2,5,4,11,17,18,11,33,79,0,42,42,121
05/16/2021,CRP,TX,ASW,CE,Combined TRACON& Tower with Radar,14,17,14,14,59,0,0,1,3,4,14,17,15,17,63,4,80,84,147
05/17/2021,CRP,TX,ASW,CE,Combined TRACON& Tower with Radar,33,15,21,96,165,0,0,7,9,16,33,15,28,105,181,0,48,48,229
05/18/2021,CRP,TX,ASW,CE,Combined TRACON& Tower with Radar,21,20,28,77,146,0,0,16,14,30,21,20,44,91,176,0,142,142,318
05/19/2021,CRP,TX,ASW,CE,Combined TRACON& Tower with Radar,26,15,7,4,52,0,0,0,6,6,26,15,7,10,58,0,10,10,68
05/20/2021,CRP,TX,ASW,CE,Combined TRACON& Tower with Radar,22,17,34,38,111,0,1,13,15,29,22,18,47,53,140,6,110,116,256
05/21/2021,CRP,TX,ASW,CE,Combined TRACON& Tower with Radar,20,14,32,65,131,0,1,34,13,48,20,15,66,78,179,0,158,158,337
05/22/2021,CRP,TX,ASW,CE,Combined TRACON& Tower with Radar,16,13,13,52,94,0,0,3,9,12,16,13,16,61,106,0,32,32,138
05/23/2021,CRP,TX,ASW,CE,Combined TRACON& Tower with Radar,20,15,26,21,82,0,0,13,13,26,20,15,39,34,108,10,30,40,148
05/24/2021,CRP,TX,ASW,CE,Combined TRACON& Tower with Radar,23,15,34,38,110,0,3,5,9,17,23,18,39,47,127,0,108,108,235
05/25/2021,CRP,TX,ASW,CE,Combined TRACON& Tower with Radar,25,23,35,52,135,0,1,10,14,25,25,24,45,66,160,0,86,86,246
05/26/2021,CRP,TX,ASW,CE,Combined TRACON& Tower with Radar,20,16,18,93,147,0,0,23,12,35,20,16,41,105,182,0,38,38,220
05/27/2021,CRP,TX,ASW,CE,Combined TRACON& Tower with Radar,15,22,41,44,122,0,6,12,10,28,15,28,53,54,150,4,62,66,216
05/28/2021,CRP,TX,ASW,CE,Combined TRACON& Tower with Radar,16,19,29,27,91,0,2,16,11,29,16,21,45,38,120,0,100,100,220
05/29/2021,CRP,TX,ASW,CE,Combined TRACON& Tower with Radar,14,21,14,9,58,0,2,4,1,7,14,23,18,10,65,0,0,0,65
05/30/2021,CRP,TX,ASW,CE,Combined TRACON& Tower with Radar,18,10,11,13,52,0,2,8,7,17,18,12,19,20,69,0,24,24,93
05/31/2021,CRP,TX,ASW,CE,Combined TRACON& Tower with Radar,16,15,25,28,84,0,0,12,5,17,16,15,37,33,101,0,0,0,101
06/01/2021,CRP,TX,ASW,CE,Combined TRACON& Tower with Radar,18,14,16,118,166,0,2,9,12,23,18,16,25,130,189,0,36,36,225
06/02/2021,CRP,TX,ASW,CE,Combined TRACON& Tower with Radar,20,25,27,105,177,0,5,8,19,32,20,30,35,124,209,0,38,38,247
06/03/2021,CRP,TX,ASW,CE,Combined TRACON& Tower with Radar,18,22,34,35,109,0,0,3,10,13,18,22,37,45,122,0,174,174,296
06/04/2021,CRP,TX,ASW,CE,Combined TRACON& Tower with Radar,18,21,24,66,129,0,0,11,21,32,18,21,35,87,161,0,142,142,303
06/05/2021,CRP,TX,ASW,CE,Combined TRACON& Tower with Radar,17,8,17,49,91,0,0,24,29,53,17,8,41,78,144,16,80,96,240
06/06/2021,CRP,TX,ASW,CE,Combined TRACON& Tower with Radar,21,15,28,100,164,0,2,20,7,29,21,17,48,107,193,4,92,96,289
06/07/2021,CRP,TX,ASW,CE,Combined TRACON& Tower with Radar,13,22,22,81,138,0,2,10,8,20,13,24,32,89,158,2,48,50,208
06/08/2021,CRP,TX,ASW,CE,Combined TRACON& Tower with Radar,19,28,29,81,157,0,3,12,19,34,19,31,41,100,191,0,212,212,403
06/09/2021,CRP,TX,ASW,CE,Combined TRACON& Tower with Radar,18,26,40,87,171,0,1,18,12,31,18,27,58,99,202,0,182,182,384
06/10/2021,CRP,TX,ASW,CE,Combined TRACON& Tower with Radar,16,20,39,108,183,0,1,10,16,27,16,21,49,124,210,0,118,118,328
06/11/2021,CRP,TX,ASW,CE,Combined TRACON& Tower with Radar,18,18,35,65,136,0,2,33,18,53,18,20,68,83,189,0,24,24,213
06/12/2021,CRP,TX,ASW,CE,Combined TRACON& Tower with Radar,18,11,14,16,59,0,2,23,17,42,18,13,37,33,101,6,16,22,123
06/13/2021,CRP,TX,ASW,CE,Combined TRACON& Tower with Radar,24,17,20,83,144,0,3,21,17,41,24,20,41,100,185,0,62,62,247
06/14/2021,CRP,TX,ASW,CE,Combined TRACON& Tower with Radar,18,17,25,111,171,0,5,25,17,47,18,22,50,128,218,0,120,120,338
06/15/2021,CRP,TX,ASW,CE,Combined TRACON& Tower with Radar,21,27,33,92,173,0,4,20,22,46,21,31,53,114,219,0,106,106,325
06/16/2021,CRP,TX,ASW,CE,Combined TRACON& Tower with Radar,19,19,31,116,185,0,6,26,18,50,19,25,57,134,235,0,146,146,381
06/17/2021,CRP,TX,ASW,CE,Combined TRACON& Tower with Radar,15,21,40,113,189,0,1,16,10,27,15,22,56,123,216,0,22,22,238
06/18/2021,CRP,TX,ASW,CE,Combined TRACON& Tower with Radar,19,22,33,52,126,0,1,17,15,33,19,23,50,67,159,0,36,36,195
06/19/2021,CRP,TX,ASW,CE,Combined TRACON& Tower with Radar,18,17,13,34,82,0,5,18,13,36,18,22,31,47,118,0,66,66,184
06/20/2021,CRP,TX,ASW,CE,Combined TRACON& Tower with Radar,20,20,16,50,106,0,0,5,10,15,20,20,21,60,121,0,102,102,223
06/21/2021,CRP,TX,ASW,CE,Combined TRACON& Tower with Radar,23,20,16,113,172,0,0,11,9,20,23,20,27,122,192,0,34,34,226
06/22/2021,CRP,TX,ASW,CE,Combined TRACON& Tower with Radar,21,29,29,76,155,0,1,4,9,14,21,30,33,85,169,0,32,32,201
06/23/2021,CRP,TX,ASW,CE,Combined TRACON& Tower with Radar,18,21,35,120,194,0,7,15,12,34,18,28,50,132,228,0,84,84,312
06/24/2021,CRP,TX,ASW,CE,Combined TRACON& Tower with Radar,18,26,31,77,152,0,1,20,13,34,18,27,51,90,186,0,80,80,266
06/25/2021,CRP,TX,ASW,CE,Combined TRACON& Tower with Radar,18,22,36,88,164,0,4,18,20,42,18,26,54,108,206,0,72,72,278
06/26/2021,CRP,TX,ASW,CE,Combined TRACON& Tower with Radar,34,14,15,104,167,0,1,18,18,37,34,15,33,122,204,4,146,150,354
06/27/2021,CRP,TX,ASW,CE,Combined TRACON& Tower with Radar,21,18,22,47,108,0,4,6,9,19,21,22,28,56,127,0,8,8,135
06/28/2021,CRP,TX,ASW,CE,Combined TRACON& Tower with Radar,20,27,16,28,91,0,4,2,9,15,20,31,18,37,106,0,76,76,182
06/29/2021,CRP,TX,ASW,CE,Combined TRACON& Tower with Radar,21,22,16,77,136,0,4,4,20,28,21,26,20,97,164,0,242,242,406
06/30/2021,CRP,TX,ASW,CE,Combined TRACON& Tower with Radar,18,21,17,78,134,0,6,14,16,36,18,27,31,94,170,0,68,68,238
07/01/2021,CRP,TX,ASW,CE,Combined TRACON& Tower with Radar,17,22,39,57,135,0,4,20,22,46,17,26,59,79,181,0,100,100,281
07/02/2021,CRP,TX,ASW,CE,Combined TRACON& Tower with Radar,19,19,25,43,106,0,2,16,11,29,19,21,41,54,135,0,50,50,185
07/03/2021,CRP,TX,ASW,CE,Combined TRACON& Tower with Radar,18,11,14,10,53,0,4,13,10,27,18,15,27,20,80,0,40,40,120
07/04/2021,CRP,TX,ASW,CE,Combined TRACON& Tower with Radar,22,10,9,0,41,0,2,0,0,2,22,12,9,0,43,8,0,8,51
07/05/2021,CRP,TX,ASW,CE,Combined TRACON& Tower with Radar,19,18,24,2,63,0,1,8,2,11,19,19,32,4,74,0,10,10,84
07/06/2021,CRP,TX,ASW,CE,Combined TRACON& Tower with Radar,17,19,14,57,107,0,1,3,8,12,17,20,17,65,119,0,44,44,163
07/07/2021,CRP,TX,ASW,CE,Combined TRACON& Tower with Radar,20,16,18,32,86,0,0,1,2,3,20,16,19,34,89,0,0,0,89
07/08/2021,CRP,TX,ASW,CE,Combined TRACON& Tower with Radar,19,20,18,62,119,0,0,1,4,5,19,20,19,66,124,0,88,88,212
07/09/2021,CRP,TX,ASW,CE,Combined TRACON& Tower with Radar,20,29,16,78,143,0,3,5,19,27,20,32,21,97,170,0,84,84,254
07/10/2021,CRP,TX,ASW,CE,Combined TRACON& Tower with Radar,17,16,12,52,97,0,3,7,10,20,17,19,19,62,117,0,16,16,133
07/11/2021,CRP,TX,ASW,CE,Combined TRACON& Tower with Radar,21,19,14,52,106,0,1,10,12,23,21,20,24,64,129,0,28,28,157
07/12/2021,CRP,TX,ASW,CE,Combined TRACON& Tower with Radar,25,23,13,192,253,0,3,22,24,49,25,26,35,216,302,2,34,36,338
07/13/2021,CRP,TX,ASW,CE,Combined TRACON& Tower with Radar,22,21,30,91,164,0,0,20,9,29,22,21,50,100,193,0,46,46,239
07/14/2021,CRP,TX,ASW,CE,Combined TRACON& Tower with Radar,18,20,37,77,152,0,1,11,9,21,18,21,48,86,173,12,48,60,233
07/15/2021,CRP,TX,ASW,CE,Combined TRACON& Tower with Radar,16,23,37,112,188,0,1,19,14,34,16,24,56,126,222,10,80,90,312
07/16/2021,CRP,TX,ASW,CE,Combined TRACON& Tower with Radar,25,23,28,129,205,0,2,14,19,35,25,25,42,148,240,0,124,124,364
07/17/2021,CRP,TX,ASW,CE,Combined TRACON& Tower with Radar,24,17,15,58,114,0,3,16,25,44,24,20,31,83,158,0,48,48,206
07/18/2021,CRP,TX,ASW,CE,Combined TRACON& Tower with Radar,24,13,18,70,125,0,0,17,16,33,24,13,35,86,158,0,34,34,192
07/19/2021,CRP,TX,ASW,CE,Combined TRACON& Tower with Radar,30,18,22,154,224,0,3,14,10,27,30,21,36,164,251,0,120,120,371
07/20/2021,CRP,TX,ASW,CE,Combined TRACON& Tower with Radar,23,27,25,86,161,0,8,3,13,24,23,35,28,99,185,0,88,88,273
07/21/2021,CRP,TX,ASW,CE,Combined TRACON& Tower with Radar,20,22,27,157,226,0,5,6,11,22,20,27,33,168,248,0,58,58,306
07/22/2021,CRP,TX,ASW,CE,Combined TRACON& Tower with Radar,20,19,40,107,186,0,1,15,24,40,20,20,55,131,226,0,122,122,348
07/23/2021,CRP,TX,ASW,CE,Combined TRACON& Tower with Radar,20,19,30,61,130,0,3,21,9,33,20,22,51,70,163,14,90,104,267
07/24/2021,CRP,TX,ASW,CE,Combined TRACON& Tower with Radar,35,20,28,124,207,0,4,11,19,34,35,24,39,143,241,2,66,68,309
07/25/2021,CRP,TX,ASW,CE,Combined TRACON& Tower with Radar,22,17,26,89,154,0,3,40,12,55,22,20,66,101,209,24,14,38,247
07/26/2021,CRP,TX,ASW,CE,Combined TRACON& Tower with Radar,21,17,23,150,211,0,1,15,20,36,21,18,38,170,247,0,98,98,345
07/27/2021,CRP,TX,ASW,CE,Combined TRACON& Tower with Radar,20,26,28,110,184,0,2,20,17,39,20,28,48,127,223,0,6,6,229
07/28/2021,CRP,TX,ASW,CE,Combined TRACON& Tower with Radar,21,27,33,118,199,0,5,24,10,39,21,32,57,128,238,0,48,48,286
07/29/2021,CRP,TX,ASW,CE,Combined TRACON& Tower with Radar,20,19,30,180,249,0,4,19,18,41,20,23,49,198,290,0,110,110,400
07/30/2021,CRP,TX,ASW,CE,Combined TRACON& Tower with Radar,21,25,23,54,123,0,7,16,19,42,21,32,39,73,165,0,10,10,175
07/31/2021,CRP,TX,ASW,CE,Combined TRACON& Tower with Radar,16,27,18,35,96,0,2,19,17,38,16,29,37,52,134,0,28,28,162
08/01/2021,CRP,TX,ASW,CE,Combined TRACON& Tower with Radar,14,19,20,42,95,0,1,15,17,33,14,20,35,59,128,0,62,62,190
08/02/2021,CRP,TX,ASW,CE,Combined TRACON& Tower with Radar,16,25,18,102,161,0,1,8,12,21,16,26,26,114,182,0,38,38,220
08/03/2021,CRP,TX,ASW,CE,Combined TRACON& Tower with Radar,16,35,17,104,172,0,5,16,11,32,16,40,33,115,204,0,0,0,204
08/04/2021,CRP,TX,ASW,CE,Combined TRACON& Tower with Radar,17,32,16,51,116,0,3,14,9,26,17,35,30,60,142,0,134,134,276
08/05/2021,CRP,TX,ASW,CE,Combined TRACON& Tower with Radar,19,28,32,63,142,0,3,2,17,22,19,31,34,80,164,16,20,36,200
08/06/2021,CRP,TX,ASW,CE,Combined TRACON& Tower with Radar,15,27,28,86,156,0,0,17,6,23,15,27,45,92,179,0,16,16,195
08/07/2021,CRP,TX,ASW,CE,Combined TRACON& Tower with Radar,13,22,7,38,80,0,4,11,10,25,13,26,18,48,105,0,0,0,105
08/08/2021,CRP,TX,ASW,CE,Combined TRACON& Tower with Radar,18,19,21,61,119,0,3,24,7,34,18,22,45,68,153,0,0,0,153
08/09/2021,CRP,TX,ASW,CE,Combined TRACON& Tower with Radar,16,23,19,136,194,0,3,19,13,35,16,26,38,149,229,4,58,62,291
08/10/2021,CRP,TX,ASW,CE,Combined TRACON& Tower with Radar,16,22,24,113,175,0,1,19,16,36,16,23,43,129,211,0,12,12,223
08/11/2021,CRP,TX,ASW,CE,Combined TRACON& Tower with Radar,16,24,24,86,150,0,0,46,16,62,16,24,70,102,212,0,40,40,252
08/12/2021,CRP,TX,ASW,CE,Combined TRACON& Tower with Radar,20,27,59,141,247,0,1,22,28,51,20,28,81,169,298,0,0,0,298
08/13/2021,CRP,TX,ASW,CE,Combined TRACON& Tower with Radar,14,20,36,78,148,0,1,9,22,32,14,21,45,100,180,0,54,54,234
08/14/2021,CRP,TX,ASW,CE,Combined TRACON& Tower with Radar,14,16,4,58,92,0,2,5,16,23,14,18,9,74,115,0,166,166,281
08/15/2021,CRP,TX,ASW,CE,Combined TRACON& Tower with Radar,33,17,11,87,148,0,3,8,20,31,33,20,19,107,179,0,22,22,201
08/16/2021,CRP,TX,ASW,CE,Combined TRACON& Tower with Radar,15,21,13,65,114,0,4,10,18,32,15,25,23,83,146,0,16,16,162
08/17/2021,CRP,TX,ASW,CE,Combined TRACON& Tower with Radar,15,22,21,121,179,0,2,10,18,30,15,24,31,139,209,0,56,56,265
08/18/2021,CRP,TX,ASW,CE,Combined TRACON& Tower with Radar,15,33,44,117,209,0,3,7,17,27,15,36,51,134,236,2,84,86,322
08/19/2021,CRP,TX,ASW,CE,Combined TRACON& Tower with Radar,16,27,29,103,175,0,7,21,19,47,16,34,50,122,222,0,115,115,337
08/20/2021,CRP,TX,ASW,CE,Combined TRACON& Tower with Radar,18,28,27,75,148,0,0,10,13,23,18,28,37,88,171,0,56,56,227
08/21/2021,CRP,TX,ASW,CE,Combined TRACON& Tower with Radar,13,23,17,56,109,0,2,13,15,30,13,25,30,71,139,0,48,48,187
08/22/2021,CRP,TX,ASW,CE,Combined TRACON& Tower with Radar,19,19,28,82,148,0,1,16,11,28,19,20,44,93,176,6,20,26,202
08/23/2021,CRP,TX,ASW,CE,Combined TRACON& Tower with Radar,25,23,38,122,208,0,6,8,17,31,25,29,46,139,239,6,28,34,273
08/24/2021,CRP,TX,ASW,CE,Combined TRACON& Tower with Radar,16,26,28,108,178,0,2,19,13,34,16,28,47,121,212,2,78,80,292
08/25/2021,CRP,TX,ASW,CE,Combined TRACON& Tower with Radar,17,19,14,106,156,0,3,20,12,35,17,22,34,118,191,0,26,26,217
08/26/2021,CRP,TX,ASW,CE,Combined TRACON& Tower with Radar,18,23,38,107,186,0,4,17,19,40,18,27,55,126,226,10,70,80,306
08/27/2021,CRP,TX,ASW,CE,Combined TRACON& Tower with Radar,18,25,20,44,107,0,0,2,10,12,18,25,22,54,119,0,30,30,149
08/28/2021,CRP,TX,ASW,CE,Combined TRACON& Tower with Radar,17,23,14,65,119,0,2,8,8,18,17,25,22,73,137,0,26,26,163
08/29/2021,CRP,TX,ASW,CE,Combined TRACON& Tower with Radar,19,16,12,69,116,0,5,6,10,21,19,21,18,79,137,0,54,54,191
08/30/2021,CRP,TX,ASW,CE,Combined TRACON& Tower with Radar,17,22,16,128,183,0,6,1,11,18,17,28,17,139,201,0,88,88,289
08/31/2021,CRP,TX,ASW,CE,Combined TRACON& Tower with Radar,18,24,26,154,222,0,1,13,16,30,18,25,39,170,252,0,60,60,312
09/01/2021,CRP,TX,ASW,CE,Combined TRACON& Tower with Radar,16,20,17,113,166,0,1,23,12,36,16,21,40,125,202,0,76,76,278
09/02/2021,CRP,TX,ASW,CE,Combined TRACON& Tower with Radar,18,22,24,81,145,0,1,4,21,26,18,23,28,102,171,0,142,142,313
09/03/2021,CRP,TX,ASW,CE,Combined TRACON& Tower with Radar,19,19,20,63,121,0,2,11,14,27,19,21,31,77,148,0,152,152,300
09/04/2021,CRP,TX,ASW,CE,Combined TRACON& Tower with Radar,19,13,10,51,93,0,4,15,15,34,19,17,25,66,127,26,38,64,191
09/05/2021,CRP,TX,ASW,CE,Combined TRACON& Tower with Radar,21,12,2,31,66,0,0,9,9,18,21,12,11,40,84,0,44,44,128
09/06/2021,CRP,TX,ASW,CE,Combined TRACON& Tower with Radar,16,23,12,37,88,0,2,15,8,25,16,25,27,45,113,0,18,18,131
09/07/2021,CRP,TX,ASW,CE,Combined TRACON& Tower with Radar,17,22,19,97,155,0,1,2,11,14,17,23,21,108,169,0,20,20,189
09/08/2021,CRP,TX,ASW,CE,Combined TRACON& Tower with Radar,23,17,13,165,218,0,4,9,16,29,23,21,22,181,247,0,40,40,287
09/09/2021,CRP,TX,ASW,CE,Combined TRACON& Tower with Radar,23,16,25,92,156,0,2,5,16,23,23,18,30,108,179,0,40,40,219
09/10/2021,CRP,TX,ASW,CE,Combined TRACON& Tower with Radar,24,19,33,71,147,0,2,15,19,36,24,21,48,90,183,0,54,54,237
09/11/2021,CRP,TX,ASW,CE,Combined TRACON& Tower with Radar,22,20,12,45,99,0,7,14,17,38,22,27,26,62,137,2,24,26,163
09/12/2021,CRP,TX,ASW,CE,Combined TRACON& Tower with Radar,25,14,19,23,81,0,0,6,7,13,25,14,25,30,94,0,0,0,94
09/13/2021,CRP,TX,ASW,CE,Combined TRACON& Tower with Radar,16,7,17,7,47,0,4,1,0,5,16,11,18,7,52,0,0,0,52
09/14/2021,CRP,TX,ASW,CE,Combined TRACON& Tower with Radar,20,13,19,130,182,0,2,9,24,35,20,15,28,154,217,0,168,168,385
09/15/2021,CRP,TX,ASW,CE,Combined TRACON& Tower with Radar,24,20,39,139,222,0,1,9,24,34,24,21,48,163,256,0,160,160,416
09/16/2021,CRP,TX,ASW,CE,Combined TRACON& Tower with Radar,24,17,35,132,208,0,7,21,12,40,24,24,56,144,248,0,128,128,376
09/17/2021,CRP,TX,ASW,CE,Combined TRACON& Tower with Radar,24,18,28,71,141,0,3,30,8,41,24,21,58,79,182,0,32,32,214
09/18/2021,CRP,TX,ASW,CE,Combined TRACON& Tower with Radar,26,16,9,59,110,0,1,17,16,34,26,17,26,75,144,8,112,120,264
09/19/2021,CRP,TX,ASW,CE,Combined TRACON& Tower with Radar,26,8,17,37,88,0,2,12,15,29,26,10,29,52,117,4,42,46,163
09/20/2021,CRP,TX,ASW,CE,Combined TRACON& Tower with Radar,23,24,21,77,145,0,6,17,11,34,23,30,38,88,179,0,106,106,285
09/21/2021,CRP,TX,ASW,CE,Combined TRACON& Tower with Radar,22,25,33,63,143,0,4,6,19,29,22,29,39,82,172,0,70,70,242
09/22/2021,CRP,TX,ASW,CE,Combined TRACON& Tower with Radar,23,16,29,36,104,0,3,13,21,37,23,19,42,57,141,0,156,156,297
09/23/2021,CRP,TX,ASW,CE,Combined TRACON& Tower with Radar,24,16,20,62,122,0,0,16,20,36,24,16,36,82,158,0,62,62,220
09/24/2021,CRP,TX,ASW,CE,Combined TRACON& Tower with Radar,24,20,29,22,95,0,2,18,9,29,24,22,47,31,124,0,10,10,134
09/25/2021,CRP,TX,ASW,CE,Combined TRACON& Tower with Radar,22,5,8,0,35,0,3,22,3,28,22,8,30,3,63,1,2,3,66
09/26/2021,CRP,TX,ASW,CE,Combined TRACON& Tower with Radar,25,6,12,2,45,0,2,20,2,24,25,8,32,4,69,4,0,4,73
09/27/2021,CRP,TX,ASW,CE,Combined TRACON& Tower with Radar,24,15,20,180,239,0,3,11,11,25,24,18,31,191,264,0,104,104,368
09/28/2021,CRP,TX,ASW,CE,Combined TRACON& Tower with Radar,24,20,27,115,186,0,2,8,13,23,24,22,35,128,209,0,80,80,289
09/29/2021,CRP,TX,ASW,CE,Combined TRACON& Tower with Radar,25,18,36,6,85,0,2,7,5,14,25,20,43,11,99,0,0,0,99
09/30/2021,CRP,TX,ASW,CE,Combined TRACON& Tower with Radar,22,22,34,93,171,0,1,2,11,14,22,23,36,104,185,0,108,108,293
10/01/2021,CRP,TX,ASW,CE,Combined TRACON& Tower with Radar,22,21,20,20,83,0,2,1,0,3,22,23,21,20,86,4,34,38,124
10/02/2021,CRP,TX,ASW,CE,Combined TRACON& Tower with Radar,18,12,5,30,65,0,2,2,3,7,18,14,7,33,72,0,22,22,94
10/03/2021,CRP,TX,ASW,CE,Combined TRACON& Tower with Radar,28,10,19,23,80,0,0,6,2,8,28,10,25,25,88,0,0,0,88
10/04/2021,CRP,TX,ASW,CE,Combined TRACON& Tower with Radar,23,20,18,112,173,0,1,20,16,37,23,21,38,128,210,0,144,144,354
10/05/2021,CRP,TX,ASW,CE,Combined TRACON& Tower with Radar,24,12,24,132,192,0,2,20,17,39,24,14,44,149,231,0,84,84,315
10/06/2021,CRP,TX,ASW,CE,Combined TRACON& Tower with Radar,25,19,27,67,138,0,3,14,14,31,25,22,41,81,169,0,46,46,215
10/07/2021,CRP,TX,ASW,CE,Combined TRACON& Tower with Radar,22,16,31,95,164,0,7,24,23,54,22,23,55,118,218,0,234,234,452
10/08/2021,CRP,TX,ASW,CE,Combined TRACON& Tower with Radar,22,20,31,74,147,0,2,26,16,44,22,22,57,90,191,2,48,50,241
10/09/2021,CRP,TX,ASW,CE,Combined TRACON& Tower with Radar,17,15,12,55,99,0,2,12,7,21,17,17,24,62,120,0,48,48,168
10/10/2021,CRP,TX,ASW,CE,Combined TRACON& Tower with Radar,17,13,16,47,93,0,3,7,3,13,17,16,23,50,106,2,10,12,118
10/11/2021,CRP,TX,ASW,CE,Combined TRACON& Tower with Radar,19,19,25,71,134,0,6,8,8,22,19,25,33,79,156,0,24,24,180
10/12/2021,CRP,TX,ASW,CE,Combined TRACON& Tower with Radar,22,22,25,144,213,0,4,12,4,20,22,26,37,148,233,0,46,46,279
10/13/2021,CRP,TX,ASW,CE,Combined TRACON& Tower with Radar,21,13,37,70,141,0,4,20,16,40,21,17,57,86,181,0,104,104,285
10/14/2021,CRP,TX,ASW,CE,Combined TRACON& Tower with Radar,26,19,24,115,184,0,1,6,9,16,26,20,30,124,200,0,46,46,246
10/15/2021,CRP,TX,ASW,CE,Combined TRACON& Tower with Radar,23,21,32,77,153,0,0,24,14,38,23,21,56,91,191,0,66,66,257
10/16/2021,CRP,TX,ASW,CE,Combined TRACON& Tower with Radar,20,14,7,46,87,0,0,12,9,21,20,14,19,55,108,2,64,66,174
10/17/2021,CRP,TX,ASW,CE,Combined TRACON& Tower with Radar,25,17,14,35,91,0,0,30,2,32,25,17,44,37,123,6,110,116,239
10/18/2021,CRP,TX,ASW,CE,Combined TRACON& Tower with Radar,23,12,34,156,225,0,6,37,27,70,23,18,71,183,295,0,84,84,379
10/19/2021,CRP,TX,ASW,CE,Combined TRACON& Tower with Radar,22,14,20,135,191,0,0,37,20,57,22,14,57,155,248,0,42,42,290
10/20/2021,CRP,TX,ASW,CE,Combined TRACON& Tower with Radar,23,21,35,59,138,0,5,23,10,38,23,26,58,69,176,0,52,52,228
10/21/2021,CRP,TX,ASW,CE,Combined TRACON& Tower with Radar,24,19,41,178,262,0,3,21,34,58,24,22,62,212,320,6,258,264,584
10/22/2021,CRP,TX,ASW,CE,Combined TRACON& Tower with Radar,24,21,25,56,126,0,4,23,8,35,24,25,48,64,161,4,108,112,273
10/23/2021,CRP,TX,ASW,CE,Combined TRACON& Tower with Radar,19,13,18,32,82,0,2,25,9,36,19,15,43,41,118,8,2,10,128
10/24/2021,CRP,TX,ASW,CE,Combined TRACON& Tower with Radar,23,11,17,34,85,0,0,24,9,33,23,11,41,43,118,0,42,42,160
10/25/2021,CRP,TX,ASW,CE,Combined TRACON& Tower with Radar,23,18,24,152,217,0,3,5,12,20,23,21,29,164,237,0,30,30,267
10/26/2021,CRP,TX,ASW,CE,Combined TRACON& Tower with Radar,22,26,20,114,182,0,1,6,16,23,22,27,26,130,205,0,80,80,285
10/27/2021,CRP,TX,ASW,CE,Combined TRACON& Tower with Radar,25,22,31,38,116,0,2,10,8,20,25,24,41,46,136,0,0,0,136
10/28/2021,CRP,TX,ASW,CE,Combined TRACON& Tower with Radar,24,22,27,154,227,0,2,23,21,46,24,24,50,175,273,0,56,56,329
10/29/2021,CRP,TX,ASW,CE,Combined TRACON& Tower with Radar,24,21,25,62,132,0,9,21,10,40,24,30,46,72,172,0,78,78,250
10/30/2021,CRP,TX,ASW,CE,Combined TRACON& Tower with Radar,19,14,11,59,103,0,2,14,6,22,19,16,25,65,125,4,40,44,169
10/31/2021,CRP,TX,ASW,CE,Combined TRACON& Tower with Radar,15,15,18,35,83,0,3,8,15,26,15,18,26,50,109,0,20,20,129
11/01/2021,CRP,TX,ASW,CE,Combined TRACON& Tower with Radar,17,22,20,127,186,0,2,20,15,37,17,24,40,142,223,0,24,24,247
11/02/2021,CRP,TX,ASW,CE,Combined TRACON& Tower with Radar,15,26,29,161,231,0,0,15,26,41,15,26,44,187,272,0,134,134,406
11/03/2021,CRP,TX,ASW,CE,Combined TRACON& Tower with Radar,12,24,20,92,148,0,1,13,7,21,12,25,33,99,169,2,120,122,291
11/04/2021,CRP,TX,ASW,CE,Combined TRACON& Tower with Radar,15,27,38,143,223,0,1,4,3,8,15,28,42,146,231,10,134,144,375
11/05/2021,CRP,TX,ASW,CE,Combined TRACON& Tower with Radar,14,28,36,56,134,0,1,23,9,33,14,29,59,65,167,0,192,192,359
11/06/2021,CRP,TX,ASW,CE,Combined TRACON& Tower with Radar,11,18,5,46,80,0,3,36,11,50,11,21,41,57,130,4,66,70,200
11/07/2021,CRP,TX,ASW,CE,Combined TRACON& Tower with Radar,13,19,15,80,127,0,2,24,7,33,13,21,39,87,160,0,10,10,170
11/08/2021,CRP,TX,ASW,CE,Combined TRACON& Tower with Radar,15,24,14,102,155,0,3,21,18,42,15,27,35,120,197,0,178,178,375
11/09/2021,CRP,TX,ASW,CE,Combined TRACON& Tower with Radar,10,31,28,89,158,0,0,9,26,35,10,31,37,115,193,4,82,86,279
11/10/2021,CRP,TX,ASW,CE,Combined TRACON& Tower with Radar,10,29,25,78,142,0,4,10,18,32,10,33,35,96,174,0,132,132,306
11/11/2021,CRP,TX,ASW,CE,Combined TRACON& Tower with Radar,17,26,23,23,89,0,1,17,12,30,17,27,40,35,119,0,24,24,143
11/12/2021,CRP,TX,ASW,CE,Combined TRACON& Tower with Radar,14,28,26,47,115,0,3,8,24,35,14,31,34,71,150,4,160,164,314
11/13/2021,CRP,TX,ASW,CE,Combined TRACON& Tower with Radar,11,17,20,31,79,0,1,24,5,30,11,18,44,36,109,2,36,38,147
11/14/2021,CRP,TX,ASW,CE,Combined TRACON& Tower with Radar,13,23,16,39,91,0,3,17,7,27,13,26,33,46,118,10,42,52,170
11/15/2021,CRP,TX,ASW,CE,Combined TRACON& Tower with Radar,32,26,36,125,219,0,2,18,26,46,32,28,54,151,265,0,176,176,441
11/16/2021,CRP,TX,ASW,CE,Combined TRACON& Tower with Radar,10,28,36,70,144,0,4,18,15,37,10,32,54,85,181,0,78,78,259
11/17/2021,CRP,TX,ASW,CE,Combined TRACON& Tower with Radar,11,27,25,114,177,0,1,15,18,34,11,28,40,132,211,0,58,58,269
11/18/2021,CRP,TX,ASW,CE,Combined TRACON& Tower with Radar,13,25,33,66,137,0,2,6,9,17,13,27,39,75,154,0,90,90,244
11/19/2021,CRP,TX,ASW,CE,Combined TRACON& Tower with Radar,14,25,25,59,123,0,7,13,10,30,14,32,38,69,153,0,78,78,231
11/20/2021,CRP,TX,ASW,CE,Combined TRACON& Tower with Radar,9,21,18,39,87,0,8,11,5,24,9,29,29,44,111,8,132,140,251
11/21/2021,CRP,TX,ASW,CE,Combined TRACON& Tower with Radar,15,22,19,30,86,0,0,11,7,18,15,22,30,37,104,0,42,42,146
11/22/2021,CRP,TX,ASW,CE,Combined TRACON& Tower with Radar,14,29,21,112,176,0,2,9,17,28,14,31,30,129,204,0,48,48,252
11/23/2021,CRP,TX,ASW,CE,Combined TRACON& Tower with Radar,13,22,22,106,163,0,3,31,16,50,13,25,53,122,213,0,92,92,305
11/24/2021,CRP,TX,ASW,CE,Combined TRACON& Tower with Radar,14,30,28,18,90,0,3,8,7,18,14,33,36,25,108,0,70,70,178
11/25/2021,CRP,TX,ASW,CE,Combined TRACON& Tower with Radar,7,17,2,0,26,0,1,0,0,1,7,18,2,0,27,0,0,0,27
11/26/2021,CRP,TX,ASW,CE,Combined TRACON& Tower with Radar,9,21,5,29,64,0,1,11,6,18,9,22,16,35,82,0,6,6,88
11/27/2021,CRP,TX,ASW,CE,Combined TRACON& Tower with Radar,11,32,12,19,74,0,0,1,3,4,11,32,13,22,78,12,24,36,114
11/28/2021,CRP,TX,ASW,CE,Combined TRACON& Tower with Radar,17,26,29,13,85,0,1,1,2,4,17,27,30,15,89,0,0,0,89
11/29/2021,CRP,TX,ASW,CE,Combined TRACON& Tower with Radar,12,21,15,60,108,0,3,16,12,31,12,24,31,72,139,0,112,112,251
11/30/2021,CRP,TX,ASW,CE,Combined TRACON& Tower with Radar,11,28,30,71,140,0,1,14,11,26,11,29,44,82,166,0,8,8,174
12/01/2021,CRP,TX,ASW,CE,Combined TRACON& Tower with Radar,11,21,19,65,116,0,1,9,16,26,11,22,28,81,142,0,78,78,220
12/02/2021,CRP,TX,ASW,CE,Combined TRACON& Tower with Radar,11,29,30,45,115,0,0,4,8,12,11,29,34,53,127,0,52,52,179
12/03/2021,CRP,TX,ASW,CE,Combined TRACON& Tower with Radar,13,30,28,26,97,0,3,12,8,23,13,33,40,34,120,2,52,54,174
12/04/2021,CRP,TX,ASW,CE,Combined TRACON& Tower with Radar,11,16,19,30,76,0,4,6,16,26,11,20,25,46,102,0,54,54,156
12/05/2021,CRP,TX,ASW,CE,Combined TRACON& Tower with Radar,13,26,20,30,89,0,1,6,10,17,13,27,26,40,106,0,12,12,118
12/06/2021,CRP,TX,ASW,CE,Combined TRACON& Tower with Radar,14,21,24,48,107,0,4,7,7,18,14,25,31,55,125,0,66,66,191
12/07/2021,CRP,TX,ASW,CE,Combined TRACON& Tower with Radar,10,23,20,62,115,0,1,6,10,17,10,24,26,72,132,0,64,64,196
12/08/2021,CRP,TX,ASW,CE,Combined TRACON& Tower with Radar,11,24,27,32,94,0,4,7,15,26,11,28,34,47,120,0,90,90,210
12/09/2021,CRP,TX,ASW,CE,Combined TRACON& Tower with Radar,12,29,44,57,142,0,3,8,8,19,12,32,52,65,161,0,28,28,189
12/10/2021,CRP,TX,ASW,CE,Combined TRACON& Tower with Radar,12,25,28,51,116,0,5,5,17,27,12,30,33,68,143,0,18,18,161
12/11/2021,CRP,TX,ASW,CE,Combined TRACON& Tower with Radar,11,21,10,14,56,0,3,5,10,18,11,24,15,24,74,2,12,14,88
12/12/2021,CRP,TX,ASW,CE,Combined TRACON& Tower with Radar,13,15,13,25,66,0,4,25,9,38,13,19,38,34,104,6,0,6,110
12/13/2021,CRP,TX,ASW,CE,Combined TRACON& Tower with Radar,10,23,31,43,107,0,0,0,2,2,10,23,31,45,109,0,0,0,109
12/14/2021,CRP,TX,ASW,CE,Combined TRACON& Tower with Radar,11,31,34,68,144,0,2,4,8,14,11,33,38,76,158,0,42,42,200
12/15/2021,CRP,TX,ASW,CE,Combined TRACON& Tower with Radar,9,28,37,46,120,0,1,15,23,39,9,29,52,69,159,0,84,84,243
12/16/2021,CRP,TX,ASW,CE,Combined TRACON& Tower with Radar,12,34,33,50,129,0,0,16,12,28,12,34,49,62,157,0,56,56,213
12/17/2021,CRP,TX,ASW,CE,Combined TRACON& Tower with Radar,9,34,31,50,124,0,1,3,4,8,9,35,34,54,132,0,14,14,146
12/18/2021,CRP,TX,ASW,CE,Combined TRACON& Tower with Radar,15,28,12,31,86,0,1,1,2,4,15,29,13,33,90,0,40,40,130
12/19/2021,CRP,TX,ASW,CE,Combined TRACON& Tower with Radar,10,28,20,3,61,0,0,1,7,8,10,28,21,10,69,2,10,12,81
12/20/2021,CRP,TX,ASW,CE,Combined TRACON& Tower with Radar,10,30,30,77,147,0,1,20,12,33,10,31,50,89,180,0,108,108,288
12/21/2021,CRP,TX,ASW,CE,Combined TRACON& Tower with Radar,10,36,27,55,128,0,2,27,9,38,10,38,54,64,166,0,26,26,192
12/22/2021,CRP,TX,ASW,CE,Combined TRACON& Tower with Radar,11,34,24,31,100,0,0,12,6,18,11,34,36,37,118,0,62,62,180
12/23/2021,CRP,TX,ASW,CE,Combined TRACON& Tower with Radar,11,28,17,4,60,0,5,14,1,20,11,33,31,5,80,0,0,0,80
12/24/2021,CRP,TX,ASW,CE,Combined TRACON& Tower with Radar,6,28,8,0,42,0,2,6,0,8,6,30,14,0,50,4,0,4,54
12/25/2021,CRP,TX,ASW,CE,Combined TRACON& Tower with Radar,8,23,2,0,33,0,1,7,0,8,8,24,9,0,41,0,0,0,41
12/26/2021,CRP,TX,ASW,CE,Combined TRACON& Tower with Radar,8,32,12,0,52,1,0,3,4,8,9,32,15,4,60,0,0,0,60
12/27/2021,CRP,TX,ASW,CE,Combined TRACON& Tower with Radar,10,28,27,31,96,0,4,10,5,19,10,32,37,36,115,0,42,42,157
12/28/2021,CRP,TX,ASW,CE,Combined TRACON& Tower with Radar,9,30,12,35,86,0,3,12,5,20,9,33,24,40,106,0,26,26,132
12/29/2021,CRP,TX,ASW,CE,Combined TRACON& Tower with Radar,10,31,23,31,95,0,0,12,6,18,10,31,35,37,113,0,20,20,133
12/30/2021,CRP,TX,ASW,CE,Combined TRACON& Tower with Radar,12,35,21,16,84,0,0,3,5,8,12,35,24,21,92,0,36,36,128
12/31/2021,CRP,TX,ASW,CE,Combined TRACON& Tower with Radar,6,19,10,0,35,0,2,2,0,4,6,21,12,0,39,0,0,0,39
01/01/2022,CRP,TX,ASW,CE,Combined TRACON& Tower with Radar,8,16,8,0,32,0,0,6,0,6,8,16,14,0,38,0,0,0,38
01/02/2022,CRP,TX,ASW,CE,Combined TRACON& Tower with Radar,8,17,12,7,44,0,3,3,3,9,8,20,15,10,53,0,0,0,53
01/03/2022,CRP,TX,ASW,CE,Combined TRACON& Tower with Radar,11,24,18,14,67,0,2,13,4,19,11,26,31,18,86,12,32,44,130
01/04/2022,CRP,TX,ASW,CE,Combined TRACON& Tower with Radar,9,25,20,26,80,0,3,6,17,26,9,28,26,43,106,0,50,50,156
01/05/2022,CRP,TX,ASW,CE,Combined TRACON& Tower with Radar,9,29,16,49,103,0,3,14,10,27,9,32,30,59,130,0,16,16,146
01/06/2022,CRP,TX,ASW,CE,Combined TRACON& Tower with Radar,10,28,18,68,124,0,0,6,8,14,10,28,24,76,138,0,6,6,144
01/07/2022,CRP,TX,ASW,CE,Combined TRACON& Tower with Radar,9,30,31,81,151,0,2,0,5,7,9,32,31,86,158,0,30,30,188
01/08/2022,CRP,TX,ASW,CE,Combined TRACON& Tower with Radar,19,29,18,14,80,0,0,0,0,0,19,29,18,14,80,0,0,0,80
01/09/2022,CRP,TX,ASW,CE,Combined TRACON& Tower with Radar,8,28,19,46,101,0,2,3,25,30,8,30,22,71,131,0,28,28,159
01/10/2022,CRP,TX,ASW,CE,Combined TRACON& Tower with Radar,8,24,26,46,104,0,2,22,26,50,8,26,48,72,154,0,72,72,226
01/11/2022,CRP,TX,ASW,CE,Combined TRACON& Tower with Radar,12,22,27,79,140,0,2,16,23,41,12,24,43,102,181,0,64,64,245
01/12/2022,CRP,TX,ASW,CE,Combined TRACON& Tower with Radar,9,31,26,95,161,0,2,5,14,21,9,33,31,109,182,0,122,122,304
01/13/2022,CRP,TX,ASW,CE,Combined TRACON& Tower with Radar,8,27,38,69,142,0,8,24,15,47,8,35,62,84,189,10,94,104,293
01/14/2022,CRP,TX,ASW,CE,Combined TRACON& Tower with Radar,10,22,29,36,97,0,0,13,16,29,10,22,42,52,126,0,98,98,224
01/15/2022,CRP,TX,ASW,CE,Combined TRACON& Tower with Radar,8,14,3,10,35,0,0,2,6,8,8,14,5,16,43,0,6,6,49
01/16/2022,CRP,TX,ASW,CE,Combined TRACON& Tower with Radar,8,15,8,19,50,0,2,16,18,36,8,17,24,37,86,0,12,12,98
01/17/2022,CRP,TX,ASW,CE,Combined TRACON& Tower with Radar,16,28,42,32,118,0,5,22,16,43,16,33,64,48,161,2,28,30,191
01/18/2022,CRP,TX,ASW,CE,Combined TRACON& Tower with Radar,11,25,18,60,114,0,4,19,17,40,11,29,37,77,154,0,86,86,240
01/19/2022,CRP,TX,ASW,CE,Combined TRACON& Tower with Radar,11,33,21,41,106,0,2,15,16,33,11,35,36,57,139,0,86,86,225
01/20/2022,CRP,TX,ASW,CE,Combined TRACON& Tower with Radar,12,30,23,42,107,0,0,1,9,10,12,30,24,51,117,0,94,94,211
01/21/2022,CRP,TX,ASW,CE,Combined TRACON& Tower with Radar,6,24,15,69,114,0,0,7,15,22,6,24,22,84,136,0,54,54,190
01/22/2022,CRP,TX,ASW,CE,Combined TRACON& Tower with Radar,7,16,5,79,107,0,1,8,21,30,7,17,13,100,137,0,68,68,205
01/23/2022,CRP,TX,ASW,CE,Combined TRACON& Tower with Radar,12,19,28,69,128,0,2,5,19,26,12,21,33,88,154,0,130,130,284
01/24/2022,CRP,TX,ASW,CE,Combined TRACON& Tower with Radar,10,23,26,74,133,0,0,0,4,4,10,23,26,78,137,0,0,0,137
01/25/2022,CRP,TX,ASW,CE,Combined TRACON& Tower with Radar,11,22,42,69,144,0,5,4,9,18,11,27,46,78,162,0,26,26,188
01/26/2022,CRP,TX,ASW,CE,Combined TRACON& Tower with Radar,10,24,28,65,127,0,5,17,7,29,10,29,45,72,156,0,30,30,186
01/27/2022,CRP,TX,ASW,CE,Combined TRACON& Tower with Radar,11,26,30,65,132,0,4,11,11,26,11,30,41,76,158,2,76,78,236
01/28/2022,CRP,TX,ASW,CE,Combined TRACON& Tower with Radar,8,26,28,94,156,0,2,9,10,21,8,28,37,104,177,0,40,40,217
01/29/2022,CRP,TX,ASW,CE,Combined TRACON& Tower with Radar,8,13,7,26,54,0,3,18,28,49,8,16,25,54,103,0,0,0,103
01/30/2022,CRP,TX,ASW,CE,Combined TRACON& Tower with Radar,12,17,7,17,53,0,8,18,26,52,12,25,25,43,105,0,50,50,155
01/31/2022,CRP,TX,ASW,CE,Combined TRACON& Tower with Radar,11,19,19,57,106,0,1,2,5,8,11,20,21,62,114,0,44,44,158
02/01/2022,CRP,TX,ASW,CE,Combined TRACON& Tower with Radar,10,22,22,70,124,0,3,9,9,21,10,25,31,79,145,0,0,0,145
02/02/2022,CRP,TX,ASW,CE,Combined TRACON& Tower with Radar,10,25,20,41,96,0,1,6,13,20,10,26,26,54,116,0,72,72,188
02/03/2022,CRP,TX,ASW,CE,Combined TRACON& Tower with Radar,7,20,26,17,70,0,2,0,5,7,7,22,26,22,77,0,0,0,77
02/04/2022,CRP,TX,ASW,CE,Combined TRACON& Tower with Radar,7,23,14,35,79,0,3,9,7,19,7,26,23,42,98,0,24,24,122
02/05/2022,CRP,TX,ASW,CE,Combined TRACON& Tower with Radar,8,15,5,38,66,0,7,21,13,41,8,22,26,51,107,0,32,32,139
02/06/2022,CRP,TX,ASW,CE,Combined TRACON& Tower with Radar,9,21,20,13,63,0,1,8,19,28,9,22,28,32,91,18,18,36,127
02/07/2022,CRP,TX,ASW,CE,Combined TRACON& Tower with Radar,10,21,27,69,127,0,0,11,12,23,10,21,38,81,150,0,64,64,214
02/08/2022,CRP,TX,ASW,CE,Combined TRACON& Tower with Radar,10,26,27,33,96,0,3,17,11,31,10,29,44,44,127,0,0,0,127
02/09/2022,CRP,TX,ASW,CE,Combined TRACON& Tower with Radar,10,30,51,50,141,0,2,18,15,35,10,32,69,65,176,0,40,40,216
02/10/2022,CRP,TX,ASW,CE,Combined TRACON& Tower with Radar,11,27,26,73,137,0,1,21,15,37,11,28,47,88,174,0,92,92,266
02/11/2022,CRP,TX,ASW,CE,Combined TRACON& Tower with Radar,12,23,24,51,110,0,0,15,10,25,12,23,39,61,135,0,54,54,189
02/12/2022,CRP,TX,ASW,CE,Combined TRACON& Tower with Radar,12,15,1,40,68,0,1,1,8,10,12,16,2,48,78,0,84,84,162
02/13/2022,CRP,TX,ASW,CE,Combined TRACON& Tower with Radar,12,20,8,34,74,0,2,19,12,33,12,22,27,46,107,0,4,4,111
02/14/2022,CRP,TX,ASW,CE,Combined TRACON& Tower with Radar,12,18,13,43,86,0,3,13,4,20,12,21,26,47,106,0,16,16,122
02/15/2022,CRP,TX,ASW,CE,Combined TRACON& Tower with Radar,12,28,19,64,123,0,8,11,20,39,12,36,30,84,162,0,88,88,250
02/16/2022,CRP,TX,ASW,CE,Combined TRACON& Tower with Radar,12,29,36,70,147,0,2,9,14,25,12,31,45,84,172,0,8,8,180
02/17/2022,CRP,TX,ASW,CE,Combined TRACON& Tower with Radar,12,27,39,61,139,0,1,22,10,33,12,28,61,71,172,0,38,38,210
02/18/2022,CRP,TX,ASW,CE,Combined TRACON& Tower with Radar,12,28,18,60,118,0,0,20,14,34,12,28,38,74,152,0,40,40,192
02/19/2022,CRP,TX,ASW,CE,Combined TRACON& Tower with Radar,12,17,8,52,89,0,4,14,15,33,12,21,22,67,122,0,38,38,160
02/20/2022,CRP,TX,ASW,CE,Combined TRACON& Tower with Radar,12,23,12,48,95,0,1,6,6,13,12,24,18,54,108,4,8,12,120
02/21/2022,CRP,TX,ASW,CE,Combined TRACON& Tower with Radar,12,25,24,26,87,0,5,5,10,20,12,30,29,36,107,2,44,46,153
02/22/2022,CRP,TX,ASW,CE,Combined TRACON& Tower with Radar,14,24,23,49,110,0,0,17,11,28,14,24,40,60,138,0,36,36,174
02/23/2022,CRP,TX,ASW,CE,Combined TRACON& Tower with Radar,9,25,30,66,130,0,2,0,5,7,9,27,30,71,137,0,0,0,137
02/24/2022,CRP,TX,ASW,CE,Combined TRACON& Tower with Radar,8,31,26,35,100,0,0,0,2,2,8,31,26,37,102,0,0,0,102
02/25/2022,CRP,TX,ASW,CE,Combined TRACON& Tower with Radar,15,31,30,69,145,0,0,0,7,7,15,31,30,76,152,0,86,86,238
02/26/2022,CRP,TX,ASW,CE,Combined TRACON& Tower with Radar,14,17,7,36,74,0,0,0,1,1,14,17,7,37,75,0,0,0,75
02/27/2022,CRP,TX,ASW,CE,Combined TRACON& Tower with Radar,12,15,24,34,85,0,1,5,7,13,12,16,29,41,98,0,0,0,98
02/28/2022,CRP,TX,ASW,CE,Combined TRACON& Tower with Radar,12,23,26,78,139,0,0,21,14,35,12,23,47,92,174,0,136,136,310
03/01/2022,CRP,TX,ASW,CE,Combined TRACON& Tower with Radar,14,25,16,71,126,0,2,15,17,34,14,27,31,88,160,0,22,22,182
03/02/2022,CRP,TX,ASW,CE,Combined TRACON& Tower with Radar,12,30,31,56,129,0,1,15,10,26,12,31,46,66,155,0,8,8,163
03/03/2022,CRP,TX,ASW,CE,Combined TRACON& Tower with Radar,11,25,54,48,138,0,4,20,10,34,11,29,74,58,172,0,20,20,192
03/04/2022,CRP,TX,ASW,CE,Combined TRACON& Tower with Radar,13,21,21,40,95,0,5,11,15,31,13,26,32,55,126,0,26,26,152
03/05/2022,CRP,TX,ASW,CE,Combined TRACON& Tower with Radar,10,21,19,21,71,0,1,0,9,10,10,22,19,30,81,0,0,0,81
03/06/2022,CRP,TX,ASW,CE,Combined TRACON& Tower with Radar,10,20,22,43,95,0,3,1,4,8,10,23,23,47,103,0,0,0,103
03/07/2022,CRP,TX,ASW,CE,Combined TRACON& Tower with Radar,12,20,20,131,183,0,0,1,4,5,12,20,21,135,188,0,50,50,238
03/08/2022,CRP,TX,ASW,CE,Combined TRACON& Tower with Radar,10,17,39,108,174,0,0,2,5,7,10,17,41,113,181,0,14,14,195
03/09/2022,CRP,TX,ASW,CE,Combined TRACON& Tower with Radar,12,28,30,85,155,0,4,14,15,33,12,32,44,100,188,0,82,82,270
03/10/2022,CRP,TX,ASW,CE,Combined TRACON& Tower with Radar,16,32,39,88,175,0,0,8,6,14,16,32,47,94,189,0,38,38,227
03/11/2022,CRP,TX,ASW,CE,Combined TRACON& Tower with Radar,15,28,16,56,115,0,2,1,2,5,15,30,17,58,120,0,22,22,142
03/12/2022,CRP,TX,ASW,CE,Combined TRACON& Tower with Radar,11,27,20,44,102,0,2,20,16,38,11,29,40,60,140,0,78,78,218
03/13/2022,CRP,TX,ASW,CE,Combined TRACON& Tower with Radar,16,17,22,34,89,0,1,18,12,31,16,18,40,46,120,4,10,14,134
03/14/2022,CRP,TX,ASW,CE,Combined TRACON& Tower with Radar,15,19,16,77,127,0,4,11,19,34,15,23,27,96,161,0,10,10,171
03/15/2022,CRP,TX,ASW,CE,Combined TRACON& Tower with Radar,15,19,22,72,128,0,1,20,15,36,15,20,42,87,164,0,46,46,210
03/16/2022,CRP,TX,ASW,CE,Combined TRACON& Tower with Radar,18,28,21,72,139,0,2,27,16,45,18,30,48,88,184,0,56,56,240
03/17/2022,CRP,TX,ASW,CE,Combined TRACON& Tower with Radar,15,27,20,65,127,0,2,3,9,14,15,29,23,74,141,0,34,34,175
03/18/2022,CRP,TX,ASW,CE,Combined TRACON& Tower with Radar,17,27,31,77,152,0,3,12,15,30,17,30,43,92,182,0,82,82,264
03/19/2022,CRP,TX,ASW,CE,Combined TRACON& Tower with Radar,9,19,11,7,46,0,2,29,13,44,9,21,40,20,90,14,62,76,166
03/20/2022,CRP,TX,ASW,CE,Combined TRACON& Tower with Radar,12,21,20,15,68,0,6,13,5,24,12,27,33,20,92,2,14,16,108
03/21/2022,CRP,TX,ASW,CE,Combined TRACON& Tower with Radar,16,19,25,29,89,0,0,2,0,2,16,19,27,29,91,0,8,8,99
03/22/2022,CRP,TX,ASW,CE,Combined TRACON& Tower with Radar,17,20,26,86,149,0,3,13,11,27,17,23,39,97,176,0,50,50,226
03/23/2022,CRP,TX,ASW,CE,Combined TRACON& Tower with Radar,15,27,57,96,195,0,2,20,7,29,15,29,77,103,224,0,16,16,240
03/24/2022,CRP,TX,ASW,CE,Combined TRACON& Tower with Radar,15,24,29,87,155,0,3,25,15,43,15,27,54,102,198,0,58,58,256
03/25/2022,CRP,TX,ASW,CE,Combined TRACON& Tower with Radar,18,24,32,52,126,0,0,19,18,37,18,24,51,70,163,0,44,44,207
03/26/2022,CRP,TX,ASW,CE,Combined TRACON& Tower with Radar,10,16,10,13,49,0,0,20,17,37,10,16,30,30,86,0,62,62,148
03/27/2022,CRP,TX,ASW,CE,Combined TRACON& Tower with Radar,13,20,15,29,77,0,1,14,15,30,13,21,29,44,107,0,6,6,113
03/28/2022,CRP,TX,ASW,CE,Combined TRACON& Tower with Radar,18,20,40,71,149,0,5,14,7,26,18,25,54,78,175,0,10,10,185
03/29/2022,CRP,TX,ASW,CE,Combined TRACON& Tower with Radar,14,13,28,24,79,0,1,1,14,16,14,14,29,38,95,0,16,16,111
03/30/2022,CRP,TX,ASW,CE,Combined TRACON& Tower with Radar,18,26,34,75,153,0,1,2,11,14,18,27,36,86,167,0,12,12,179
03/31/2022,CRP,TX,ASW,CE,Combined TRACON& Tower with Radar,15,23,17,91,146,0,6,22,22,50,15,29,39,113,196,0,48,48,244
04/01/2022,CRP,TX,ASW,CE,Combined TRACON& Tower with Radar,19,31,26,56,132,0,1,13,9,23,19,32,39,65,155,0,12,12,167
04/02/2022,CRP,TX,ASW,CE,Combined TRACON& Tower with Radar,14,12,10,22,58,0,3,11,13,27,14,15,21,35,85,0,2,2,87
04/03/2022,CRP,TX,ASW,CE,Combined TRACON& Tower with Radar,16,23,13,53,105,0,3,17,8,28,16,26,30,61,133,4,2,6,139
04/04/2022,CRP,TX,ASW,CE,Combined TRACON& Tower with Radar,11,25,27,91,154,0,2,5,3,10,11,27,32,94,164,0,0,0,164
04/05/2022,CRP,TX,ASW,CE,Combined TRACON& Tower with Radar,21,20,28,49,118,0,0,12,10,22,21,20,40,59,140,0,48,48,188
04/06/2022,CRP,TX,ASW,CE,Combined TRACON& Tower with Radar,20,23,34,70,147,0,4,8,19,31,20,27,42,89,178,0,76,76,254
04/07/2022,CRP,TX,ASW,CE,Combined TRACON& Tower with Radar,20,24,30,57,131,0,1,29,7,37,20,25,59,64,168,10,0,10,178
04/08/2022,CRP,TX,ASW,CE,Combined TRACON& Tower with Radar,20,21,18,32,91,0,3,17,16,36,20,24,35,48,127,10,42,52,179
04/09/2022,CRP,TX,ASW,CE,Combined TRACON& Tower with Radar,16,20,6,21,63,0,2,23,11,36,16,22,29,32,99,0,68,68,167
04/10/2022,CRP,TX,ASW,CE,Combined TRACON& Tower with Radar,20,22,22,17,81,0,0,4,5,9,20,22,26,22,90,0,4,4,94
04/11/2022,CRP,TX,ASW,CE,Combined TRACON& Tower with Radar,35,20,39,67,161,0,5,0,4,9,35,25,39,71,170,0,46,46,216
04/12/2022,CRP,TX,ASW,CE,Combined TRACON& Tower with Radar,19,23,41,44,127,0,3,7,7,17,19,26,48,51,144,0,36,36,180
04/13/2022,CRP,TX,ASW,CE,Combined TRACON& Tower with Radar,22,22,44,61,149,0,4,15,11,30,22,26,59,72,179,0,84,84,263
04/14/2022,CRP,TX,ASW,CE,Combined TRACON& Tower with Radar,22,17,38,36,113,0,3,9,13,25,22,20,47,49,138,0,10,10,148
04/15/2022,CRP,TX,ASW,CE,Combined TRACON& Tower with Radar,20,24,26,55,125,0,0,6,9,15,20,24,32,64,140,0,22,22,162
04/16/2022,CRP,TX,ASW,CE,Combined TRACON& Tower with Radar,16,13,14,5,48,0,0,8,9,17,16,13,22,14,65,0,4,4,69
04/17/2022,CRP,TX,ASW,CE,Combined TRACON& Tower with Radar,19,12,12,26,69,0,1,2,7,10,19,13,14,33,79,0,0,0,79
04/18/2022,CRP,TX,ASW,CE,Combined TRACON& Tower with Radar,21,19,23,39,102,0,3,8,9,20,21,22,31,48,122,0,16,16,138
04/19/2022,CRP,TX,ASW,CE,Combined TRACON& Tower with Radar,18,21,26,66,131,0,0,2,8,10,18,21,28,74,141,0,20,20,161
04/20/2022,CRP,TX,ASW,CE,Combined TRACON& Tower with Radar,20,24,42,43,129,0,1,8,6,15,20,25,50,49,144,0,86,86,230
04/21/2022,CRP,TX,ASW,CE,Combined TRACON& Tower with Radar,19,27,47,59,152,0,0,6,5,11,19,27,53,64,163,0,44,44,207
04/22/2022,CRP,TX,ASW,CE,Combined TRACON& Tower with Radar,20,21,26,52,119,0,0,5,9,14,20,21,31,61,133,0,16,16,149
04/23/2022,CRP,TX,ASW,CE,Combined TRACON& Tower with Radar,16,20,16,33,85,0,1,4,6,11,16,21,20,39,96,0,0,0,96
04/24/2022,CRP,TX,ASW,CE,Combined TRACON& Tower with Radar,18,16,10,20,64,0,2,1,10,13,18,18,11,30,77,0,14,14,91
04/25/2022,CRP,TX,ASW,CE,Combined TRACON& Tower with Radar,31,16,30,38,115,0,0,4,3,7,31,16,34,41,122,0,16,16,138
04/26/2022,CRP,TX,ASW,CE,Combined TRACON& Tower with Radar,17,23,23,136,199,0,1,3,6,10,17,24,26,142,209,0,56,56,265
04/27/2022,CRP,TX,ASW,CE,Combined TRACON& Tower with Radar,20,22,41,59,142,0,3,12,9,24,20,25,53,68,166,0,8,8,174
04/28/2022,CRP,TX,ASW,CE,Combined TRACON& Tower with Radar,20,20,30,41,111,0,0,15,17,32,20,20,45,58,143,0,44,44,187
04/29/2022,CRP,TX,ASW,CE,Combined TRACON& Tower with Radar,20,20,28,26,94,0,0,8,5,13,20,20,36,31,107,0,32,32,139
04/30/2022,CRP,TX,ASW,CE,Combined TRACON& Tower with Radar,16,12,13,41,82,0,4,4,14,22,16,16,17,55,104,0,64,64,168
05/01/2022,CRP,TX,ASW,CE,Combined TRACON& Tower with Radar,20,10,22,78,130,0,2,5,10,17,20,12,27,88,147,0,34,34,181
05/02/2022,CRP,TX,ASW,CE,Combined TRACON& Tower with Radar,21,18,35,88,162,0,4,11,8,23,21,22,46,96,185,0,80,80,265
05/03/2022,CRP,TX,ASW,CE,Combined TRACON& Tower with Radar,19,21,27,48,115,0,0,7,5,12,19,21,34,53,127,0,28,28,155
05/04/2022,CRP,TX,ASW,CE,Combined TRACON& Tower with Radar,19,20,42,43,124,0,3,7,8,18,19,23,49,51,142,0,36,36,178
05/05/2022,CRP,TX,ASW,CE,Combined TRACON& Tower with Radar,25,21,35,36,117,0,1,10,6,17,25,22,45,42,134,0,34,34,168
05/06/2022,CRP,TX,ASW,CE,Combined TRACON& Tower with Radar,27,19,29,16,91,0,3,11,4,18,27,22,40,20,109,0,32,32,141
05/07/2022,CRP,TX,ASW,CE,Combined TRACON& Tower with Radar,22,11,15,26,74,0,1,6,5,12,22,12,21,31,86,0,202,202,288
05/08/2022,CRP,TX,ASW,CE,Combined TRACON& Tower with Radar,26,9,25,34,94,0,4,4,4,12,26,13,29,38,106,0,0,0,106
05/09/2022,CRP,TX,ASW,CE,Combined TRACON& Tower with Radar,28,22,25,61,136,0,3,6,5,14,28,25,31,66,150,0,18,18,168
05/10/2022,CRP,TX,ASW,CE,Combined TRACON& Tower with Radar,26,18,36,57,137,0,1,15,10,26,26,19,51,67,163,0,56,56,219
05/11/2022,CRP,TX,ASW,CE,Combined TRACON& Tower with Radar,26,24,32,61,143,0,3,20,13,36,26,27,52,74,179,0,72,72,251
05/12/2022,CRP,TX,ASW,CE,Combined TRACON& Tower with Radar,26,15,41,20,102,0,5,27,7,39,26,20,68,27,141,0,52,52,193
05/13/2022,CRP,TX,ASW,CE,Combined TRACON& Tower with Radar,25,18,31,59,133,0,0,28,9,37,25,18,59,68,170,0,44,44,214
05/14/2022,CRP,TX,ASW,CE,Combined TRACON& Tower with Radar,20,13,25,21,79,0,7,14,15,36,20,20,39,36,115,0,104,104,219
05/15/2022,CRP,TX,ASW,CE,Combined TRACON& Tower with Radar,26,11,22,56,115,0,1,15,13,29,26,12,37,69,144,2,0,2,146
05/16/2022,CRP,TX,ASW,CE,Combined TRACON& Tower with Radar,26,13,29,55,123,0,9,16,16,41,26,22,45,71,164,0,164,164,328
05/17/2022,CRP,TX,ASW,CE,Combined TRACON& Tower with Radar,26,14,41,46,127,0,6,13,10,29,26,20,54,56,156,0,158,158,314
05/18/2022,CRP,TX,ASW,CE,Combined TRACON& Tower with Radar,26,20,31,62,139,0,1,27,11,39,26,21,58,73,178,0,208,208,386
05/19/2022,CRP,TX,ASW,CE,Combined TRACON& Tower with Radar,26,18,33,19,96,0,1,18,7,26,26,19,51,26,122,0,28,28,150
05/20/2022,CRP,TX,ASW,CE,Combined TRACON& Tower with Radar,26,11,34,32,103,0,1,11,5,17,26,12,45,37,120,0,18,18,138
05/21/2022,CRP,TX,ASW,CE,Combined TRACON& Tower with Radar,24,13,12,83,132,0,1,10,6,17,24,14,22,89,149,0,24,24,173
05/22/2022,CRP,TX,ASW,CE,Combined TRACON& Tower with Radar,25,8,13,35,81,0,0,3,11,14,25,8,16,46,95,0,12,12,107
05/23/2022,CRP,TX,ASW,CE,Combined TRACON& Tower with Radar,26,18,30,58,132,0,5,4,18,27,26,23,34,76,159,0,140,140,299
05/24/2022,CRP,TX,ASW,CE,Combined TRACON& Tower with Radar,26,16,9,65,116,0,2,11,14,27,26,18,20,79,143,0,150,150,293
05/25/2022,CRP,TX,ASW,CE,Combined TRACON& Tower with Radar,28,13,26,40,107,0,1,9,13,23,28,14,35,53,130,0,166,166,296
05/26/2022,CRP,TX,ASW,CE,Combined TRACON& Tower with Radar,24,13,34,26,97,0,4,26,5,35,24,17,60,31,132,0,0,0,132
05/27/2022,CRP,TX,ASW,CE,Combined TRACON& Tower with Radar,26,20,38,5,89,0,2,8,7,17,26,22,46,12,106,0,20,20,126
05/28/2022,CRP,TX,ASW,CE,Combined TRACON& Tower with Radar,22,10,20,0,52,0,1,14,4,19,22,11,34,4,71,0,0,0,71
05/29/2022,CRP,TX,ASW,CE,Combined TRACON& Tower with Radar,26,10,11,1,48,0,1,7,3,11,26,11,18,4,59,0,0,0,59
05/30/2022,CRP,TX,ASW,CE,Combined TRACON& Tower with Radar,27,17,1,0,45,0,3,6,3,12,27,20,7,3,57,0,10,10,67
05/31/2022,CRP,TX,ASW,CE,Combined TRACON& Tower with Radar,26,18,26,81,151,0,2,20,7,29,26,20,46,88,180,0,52,52,232
06/01/2022,CRP,TX,ASW,CE,Combined TRACON& Tower with Radar,24,18,24,42,108,0,6,14,13,33,24,24,38,55,141,0,170,170,311
06/02/2022,CRP,TX,ASW,CE,Combined TRACON& Tower with Radar,24,19,25,114,182,0,3,13,31,47,24,22,38,145,229,10,200,210,439
06/03/2022,CRP,TX,ASW,CE,Combined TRACON& Tower with Radar,14,35,24,66,139,0,6,10,8,24,14,41,34,74,163,0,18,18,181
06/04/2022,CRP,TX,ASW,CE,Combined TRACON& Tower with Radar,11,20,20,53,104,0,3,14,84,101,11,23,34,137,205,0,8,8,213
06/05/2022,CRP,TX,ASW,CE,Combined TRACON& Tower with Radar,14,26,18,43,101,0,1,17,16,34,14,27,35,59,135,0,48,48,183
06/06/2022,CRP,TX,ASW,CE,Combined TRACON& Tower with Radar,13,31,14,32,90,0,3,6,9,18,13,34,20,41,108,0,18,18,126
06/07/2022,CRP,TX,ASW,CE,Combined TRACON& Tower with Radar,14,38,20,29,101,0,3,14,16,33,14,41,34,45,134,0,204,204,338
06/08/2022,CRP,TX,ASW,CE,Combined TRACON& Tower with Radar,14,29,33,34,110,0,2,13,19,34,14,31,46,53,144,0,102,102,246
06/09/2022,CRP,TX,ASW,CE,Combined TRACON& Tower with Radar,14,28,43,74,159,0,2,13,16,31,14,30,56,90,190,0,86,86,276
06/10/2022,CRP,TX,ASW,CE,Combined TRACON& Tower with Radar,14,32,27,76,149,0,7,22,15,44,14,39,49,91,193,4,160,164,357
06/11/2022,CRP,TX,ASW,CE,Combined TRACON& Tower with Radar,10,19,17,57,103,0,0,12,22,34,10,19,29,79,137,0,36,36,173
06/12/2022,CRP,TX,ASW,CE,Combined TRACON& Tower with Radar,14,24,21,65,124,0,5,13,20,38,14,29,34,85,162,0,28,28,190
06/13/2022,CRP,TX,ASW,CE,Combined TRACON& Tower with Radar,14,27,32,10,83,0,2,11,7,20,14,29,43,17,103,0,18,18,121
06/14/2022,CRP,TX,ASW,CE,Combined TRACON& Tower with Radar,14,28,20,91,153,0,2,19,12,33,14,30,39,103,186,4,84,88,274
06/15/2022,CRP,TX,ASW,CE,Combined TRACON& Tower with Radar,14,34,27,92,167,0,1,11,13,25,14,35,38,105,192,0,228,228,420
06/16/2022,CRP,TX,ASW,CE,Combined TRACON& Tower with Radar,14,26,34,61,135,0,6,16,11,33,14,32,50,72,168,0,154,154,322
06/17/2022,CRP,TX,ASW,CE,Combined TRACON& Tower with Radar,14,34,17,85,150,0,0,24,10,34,14,34,41,95,184,0,72,72,256
06/18/2022,CRP,TX,ASW,CE,Combined TRACON& Tower with Radar,10,26,18,69,123,0,0,9,12,21,10,26,27,81,144,0,28,28,172
06/19/2022,CRP,TX,ASW,CE,Combined TRACON& Tower with Radar,14,26,15,55,110,0,2,5,14,21,14,28,20,69,131,0,26,26,157
06/20/2022,CRP,TX,ASW,CE,Combined TRACON& Tower with Radar,13,23,22,54,112,0,3,5,19,27,13,26,27,73,139,0,22,22,161
06/21/2022,CRP,TX,ASW,CE,Combined TRACON& Tower with Radar,15,27,17,151,210,0,1,15,17,33,15,28,32,168,243,10,110,120,363
06/22/2022,CRP,TX,ASW,CE,Combined TRACON& Tower with Radar,13,36,16,66,131,0,5,7,17,29,13,41,23,83,160,0,108,108,268
06/23/2022,CRP,TX,ASW,CE,Combined TRACON& Tower with Radar,16,30,30,100,176,0,8,14,13,35,16,38,44,113,211,2,106,108,319
06/24/2022,CRP,TX,ASW,CE,Combined TRACON& Tower with Radar,12,23,22,67,124,0,3,21,16,40,12,26,43,83,164,0,88,88,252
06/25/2022,CRP,TX,ASW,CE,Combined TRACON& Tower with Radar,10,21,10,32,73,0,3,14,5,22,10,24,24,37,95,0,0,0,95
06/26/2022,CRP,TX,ASW,CE,Combined TRACON& Tower with Radar,14,23,22,39,98,0,2,15,21,38,14,25,37,60,136,0,2,2,138
06/27/2022,CRP,TX,ASW,CE,Combined TRACON& Tower with Radar,16,30,20,42,108,0,3,3,10,16,16,33,23,52,124,0,48,48,172
06/28/2022,CRP,TX,ASW,CE,Combined TRACON& Tower with Radar,14,27,23,20,84,0,5,6,11,22,14,32,29,31,106,0,22,22,128
06/29/2022,CRP,TX,ASW,CE,Combined TRACON& Tower with Radar,15,27,22,143,207,0,3,8,14,25,15,30,30,157,232,0,32,32,264
06/30/2022,CRP,TX,ASW,CE,Combined TRACON& Tower with Radar,16,32,31,57,136,0,4,14,8,26,16,36,45,65,162,0,24,24,186
07/01/2022,CRP,TX,ASW,CE,Combined TRACON& Tower with Radar,14,32,18,21,85,0,1,11,12,24,14,33,29,33,109,6,42,48,157
07/02/2022,CRP,TX,ASW,CE,Combined TRACON& Tower with Radar,12,19,12,34,77,0,3,11,7,21,12,22,23,41,98,0,0,0,98
07/03/2022,CRP,TX,ASW,CE,Combined TRACON& Tower with Radar,14,17,4,8,43,0,1,10,9,20,14,18,14,17,63,0,10,10,73
07/04/2022,CRP,TX,ASW,CE,Combined TRACON& Tower with Radar,16,22,5,17,60,0,2,20,2,24,16,24,25,19,84,6,0,6,90
07/05/2022,CRP,TX,ASW,CE,Combined TRACON& Tower with Radar,14,23,31,16,84,0,2,13,10,25,14,25,44,26,109,0,0,0,109
07/06/2022,CRP,TX,ASW,CE,Combined TRACON& Tower with Radar,14,24,23,97,158,0,7,17,12,36,14,31,40,109,194,0,138,138,332
07/07/2022,CRP,TX,ASW,CE,Combined TRACON& Tower with Radar,14,34,14,94,156,0,1,8,18,27,14,35,22,112,183,2,110,112,295
07/08/2022,CRP,TX,ASW,CE,Combined TRACON& Tower with Radar,14,36,31,97,178,0,10,20,11,41,14,46,51,108,219,0,116,116,335
07/09/2022,CRP,TX,ASW,CE,Combined TRACON& Tower with Radar,10,16,3,76,105,0,3,14,19,36,10,19,17,95,141,0,68,68,209
07/10/2022,CRP,TX,ASW,CE,Combined TRACON& Tower with Radar,14,23,17,59,113,0,2,17,11,30,14,25,34,70,143,0,24,24,167
07/11/2022,CRP,TX,ASW,CE,Combined TRACON& Tower with Radar,13,26,33,142,214,0,3,23,12,38,13,29,56,154,252,0,88,88,340
07/12/2022,CRP,TX,ASW,CE,Combined TRACON& Tower with Radar,17,26,20,131,194,0,1,19,13,33,17,27,39,144,227,0,96,96,323
07/13/2022,CRP,TX,ASW,CE,Combined TRACON& Tower with Radar,16,19,34,138,207,0,2,14,13,29,16,21,48,151,236,0,22,22,258
07/14/2022,CRP,TX,ASW,CE,Combined TRACON& Tower with Radar,14,28,48,132,222,0,5,12,15,32,14,33,60,147,254,0,66,66,320
07/15/2022,CRP,TX,ASW,CE,Combined TRACON& Tower with Radar,14,29,20,67,130,0,3,6,9,18,14,32,26,76,148,0,134,134,282
07/16/2022,CRP,TX,ASW,CE,Combined TRACON& Tower with Radar,9,15,11,19,54,0,1,8,13,22,9,16,19,32,76,0,20,20,96
07/17/2022,CRP,TX,ASW,CE,Combined TRACON& Tower with Radar,15,22,14,56,107,0,2,11,14,27,15,24,25,70,134,0,0,0,134
07/18/2022,CRP,TX,ASW,CE,Combined TRACON& Tower with Radar,13,24,24,131,192,0,2,14,7,23,13,26,38,138,215,0,82,82,297
07/19/2022,CRP,TX,ASW,CE,Combined TRACON& Tower with Radar,14,26,19,149,208,0,6,6,9,21,14,32,25,158,229,0,204,204,433
07/20/2022,CRP,TX,ASW,CE,Combined TRACON& Tower with Radar,15,31,30,143,219,0,4,11,14,29,15,35,41,157,248,0,144,144,392
07/21/2022,CRP,TX,ASW,CE,Combined TRACON& Tower with Radar,18,27,46,70,161,1,1,23,11,36,19,28,69,81,197,2,72,74,271
07/22/2022,CRP,TX,ASW,CE,Combined TRACON& Tower with Radar,16,31,28,70,145,0,8,19,9,36,16,39,47,79,181,0,60,60,241
07/23/2022,CRP,TX,ASW,CE,Combined TRACON& Tower with Radar,10,23,5,65,103,0,5,2,6,13,10,28,7,71,116,2,18,20,136
07/24/2022,CRP,TX,ASW,CE,Combined TRACON& Tower with Radar,13,26,16,59,114,0,4,10,6,20,13,30,26,65,134,2,24,26,160
07/25/2022,CRP,TX,ASW,CE,Combined TRACON& Tower with Radar,18,21,21,119,179,0,1,14,13,28,18,22,35,132,207,2,76,78,285
07/26/2022,CRP,TX,ASW,CE,Combined TRACON& Tower with Radar,19,21,29,91,160,0,4,19,10,33,19,25,48,101,193,0,96,96,289
07/27/2022,CRP,TX,ASW,CE,Combined TRACON& Tower with Radar,14,25,23,127,189,0,1,9,9,19,14,26,32,136,208,0,78,78,286
07/28/2022,CRP,TX,ASW,CE,Combined TRACON& Tower with Radar,14,26,37,71,148,0,5,4,15,24,14,31,41,86,172,4,176,180,352
07/29/2022,CRP,TX,ASW,CE,Combined TRACON& Tower with Radar,12,28,27,88,155,0,4,15,8,27,12,32,42,96,182,0,78,78,260
07/30/2022,CRP,TX,ASW,CE,Combined TRACON& Tower with Radar,11,17,7,62,97,0,1,13,6,20,11,18,20,68,117,0,34,34,151
07/31/2022,CRP,TX,ASW,CE,Combined TRACON& Tower with Radar,13,23,13,63,112,0,0,5,9,14,13,23,18,72,126,4,52,56,182
08/01/2022,CRP,TX,ASW,CE,Combined TRACON& Tower with Radar,16,29,21,93,159,0,2,8,16,26,16,31,29,109,185,0,130,130,315
08/02/2022,CRP,TX,ASW,CE,Combined TRACON& Tower with Radar,14,29,22,76,141,0,2,13,7,22,14,31,35,83,163,0,98,98,261
08/03/2022,CRP,TX,ASW,CE,Combined TRACON& Tower with Radar,12,25,27,78,142,0,3,9,14,26,12,28,36,92,168,0,70,70,238
08/04/2022,CRP,TX,ASW,CE,Combined TRACON& Tower with Radar,13,34,24,98,169,0,5,19,11,35,13,39,43,109,204,4,218,222,426
08/05/2022,CRP,TX,ASW,CE,Combined TRACON& Tower with Radar,15,29,24,66,134,0,3,15,12,30,15,32,39,78,164,0,110,110,274
08/06/2022,CRP,TX,ASW,CE,Combined TRACON& Tower with Radar,14,25,7,22,68,0,1,0,6,7,14,26,7,28,75,0,10,10,85
08/07/2022,CRP,TX,ASW,CE,Combined TRACON& Tower with Radar,14,24,7,86,131,0,2,5,4,11,14,26,12,90,142,0,82,82,224
08/08/2022,CRP,TX,ASW,CE,Combined TRACON& Tower with Radar,14,34,19,114,181,0,2,8,9,19,14,36,27,123,200,0,60,60,260
08/09/2022,CRP,TX,ASW,CE,Combined TRACON& Tower with Radar,13,25,31,115,184,0,4,11,13,28,13,29,42,128,212,0,84,84,296
08/10/2022,CRP,TX,ASW,CE,Combined TRACON& Tower with Radar,17,33,30,158,238,0,2,16,8,26,17,35,46,166,264,0,118,118,382
08/11/2022,CRP,TX,ASW,CE,Combined TRACON& Tower with Radar,18,33,43,52,146,0,5,14,12,31,18,38,57,64,177,2,104,106,283
08/12/2022,CRP,TX,ASW,CE,Combined TRACON& Tower with Radar,14,32,33,35,114,0,1,10,8,19,14,33,43,43,133,4,82,86,219
08/13/2022,CRP,TX,ASW,CE,Combined TRACON& Tower with Radar,9,19,9,20,57,0,0,7,9,16,9,19,16,29,73,0,26,26,99
08/14/2022,CRP,TX,ASW,CE,Combined TRACON& Tower with Radar,16,18,17,8,59,0,0,0,4,4,16,18,17,12,63,0,4,4,67
08/15/2022,CRP,TX,ASW,CE,Combined TRACON& Tower with Radar,14,25,13,86,138,0,1,5,23,29,14,26,18,109,167,0,104,104,271
08/16/2022,CRP,TX,ASW,CE,Combined TRACON& Tower with Radar,17,23,17,94,151,0,5,13,13,31,17,28,30,107,182,0,94,94,276
08/17/2022,CRP,TX,ASW,CE,Combined TRACON& Tower with Radar,15,30,37,112,194,0,5,16,12,33,15,35,53,124,227,0,66,66,293
08/18/2022,CRP,TX,ASW,CE,Combined TRACON& Tower with Radar,35,22,26,160,243,0,1,14,9,24,35,23,40,169,267,2,182,184,451
08/19/2022,CRP,TX,ASW,CE,Combined TRACON& Tower with Radar,17,22,27,79,145,0,3,8,17,28,17,25,35,96,173,0,120,120,293
08/20/2022,CRP,TX,ASW,CE,Combined TRACON& Tower with Radar,13,15,9,70,107,0,1,7,14,22,13,16,16,84,129,0,50,50,179
08/21/2022,CRP,TX,ASW,CE,Combined TRACON& Tower with Radar,15,25,11,75,126,0,1,1,16,18,15,26,12,91,144,0,30,30,174
08/22/2022,CRP,TX,ASW,CE,Combined TRACON& Tower with Radar,16,27,21,153,217,0,1,10,46,57,16,28,31,199,274,0,138,138,412
08/23/2022,CRP,TX,ASW,CE,Combined TRACON& Tower with Radar,17,37,32,55,141,0,4,8,11,23,17,41,40,66,164,0,200,200,364
08/24/2022,CRP,TX,ASW,CE,Combined TRACON& Tower with Radar,17,32,28,62,139,0,0,6,14,20,17,32,34,76,159,0,176,176,335
08/25/2022,CRP,TX,ASW,CE,Combined TRACON& Tower with Radar,17,22,38,107,184,0,0,2,15,17,17,22,40,122,201,8,142,150,351
08/26/2022,CRP,TX,ASW,CE,Combined TRACON& Tower with Radar,16,26,27,119,188,0,0,7,10,17,16,26,34,129,205,0,104,104,309
08/27/2022,CRP,TX,ASW,CE,Combined TRACON& Tower with Radar,12,20,12,65,109,0,2,21,21,44,12,22,33,86,153,0,20,20,173
08/28/2022,CRP,TX,ASW,CE,Combined TRACON& Tower with Radar,16,20,26,70,132,0,0,15,20,35,16,20,41,90,167,0,36,36,203
08/29/2022,CRP,TX,ASW,CE,Combined TRACON& Tower with Radar,15,20,22,75,132,0,4,13,10,27,15,24,35,85,159,0,74,74,233
08/30/2022,CRP,TX,ASW,CE,Combined TRACON& Tower with Radar,17,33,31,89,170,0,5,18,19,42,17,38,49,108,212,0,132,132,344
08/31/2022,CRP,TX,ASW,CE,Combined TRACON& Tower with Radar,15,32,27,106,180,0,4,11,14,29,15,36,38,120,209,0,116,116,325
09/01/2022,CRP,TX,ASW,CE,Combined TRACON& Tower with Radar,17,30,29,110,186,0,5,18,16,39,17,35,47,126,225,20,222,242,467
09/02/2022,CRP,TX,ASW,CE,Combined TRACON& Tower with Radar,18,27,20,50,115,0,1,24,15,40,18,28,44,65,155,18,180,198,353
09/03/2022,CRP,TX,ASW,CE,Combined TRACON& Tower with Radar,11,24,8,5,48,0,0,0,2,2,11,24,8,7,50,0,14,14,64
09/04/2022,CRP,TX,ASW,CE,Combined TRACON& Tower with Radar,7,15,3,7,32,0,0,1,2,3,7,15,4,9,35,0,0,0,35
09/05/2022,CRP,TX,ASW,CE,Combined TRACON& Tower with Radar,18,26,5,18,67,0,2,2,3,7,18,28,7,21,74,0,10,10,84
09/06/2022,CRP,TX,ASW,CE,Combined TRACON& Tower with Radar,16,31,28,86,161,0,1,14,8,23,16,32,42,94,184,0,50,50,234
09/07/2022,CRP,TX,ASW,CE,Combined TRACON& Tower with Radar,19,23,23,93,158,0,4,18,16,38,19,27,41,109,196,0,156,156,352
09/08/2022,CRP,TX,ASW,CE,Combined TRACON& Tower with Radar,22,21,44,52,139,0,1,30,21,52,22,22,74,73,191,14,54,68,259
09/09/2022,CRP,TX,ASW,CE,Combined TRACON& Tower with Radar,22,23,36,91,172,0,8,16,8,32,22,31,52,99,204,2,92,94,298
09/10/2022,CRP,TX,ASW,CE,Combined TRACON& Tower with Radar,14,14,22,32,82,0,2,24,19,45,14,16,46,51,127,20,22,42,169
09/11/2022,CRP,TX,ASW,CE,Combined TRACON& Tower with Radar,22,16,11,73,122,0,4,20,27,51,22,20,31,100,173,0,84,84,257
09/12/2022,CRP,TX,ASW,CE,Combined TRACON& Tower with Radar,24,24,18,129,195,0,3,19,15,37,24,27,37,144,232,0,10,10,242
09/13/2022,CRP,TX,ASW,CE,Combined TRACON& Tower with Radar,20,24,28,138,210,0,3,22,16,41,20,27,50,154,251,0,74,74,325
09/14/2022,CRP,TX,ASW,CE,Combined TRACON& Tower with Radar,20,22,37,95,174,0,4,28,19,51,20,26,65,114,225,0,102,102,327
09/15/2022,CRP,TX,ASW,CE,Combined TRACON& Tower with Radar,22,22,27,70,141,0,5,25,20,50,22,27,52,90,191,26,72,98,289
09/16/2022,CRP,TX,ASW,CE,Combined TRACON& Tower with Radar,24,20,25,45,114,0,0,7,13,20,24,20,32,58,134,0,96,96,230
09/17/2022,CRP,TX,ASW,CE,Combined TRACON& Tower with Radar,14,21,16,54,105,0,2,11,23,36,14,23,27,77,141,0,36,36,177
09/18/2022,CRP,TX,ASW,CE,Combined TRACON& Tower with Radar,24,16,23,27,90,0,4,7,22,33,24,20,30,49,123,0,30,30,153
09/19/2022,CRP,TX,ASW,CE,Combined TRACON& Tower with Radar,23,16,28,56,123,0,3,17,15,35,23,19,45,71,158,0,98,98,256
09/20/2022,CRP,TX,ASW,CE,Combined TRACON& Tower with Radar,20,24,30,93,167,0,3,15,14,32,20,27,45,107,199,0,152,152,351
09/21/2022,CRP,TX,ASW,CE,Combined TRACON& Tower with Radar,20,25,32,104,181,0,5,11,17,33,20,30,43,121,214,0,38,38,252
09/22/2022,CRP,TX,ASW,CE,Combined TRACON& Tower with Radar,22,34,37,104,197,0,7,24,15,46,22,41,61,119,243,0,68,68,311
09/23/2022,CRP,TX,ASW,CE,Combined TRACON& Tower with Radar,23,24,32,92,171,0,2,33,15,50,23,26,65,107,221,0,18,18,239
09/24/2022,CRP,TX,ASW,CE,Combined TRACON& Tower with Radar,14,28,11,31,84,0,4,10,15,29,14,32,21,46,113,0,32,32,145
09/25/2022,CRP,TX,ASW,CE,Combined TRACON& Tower with Radar,22,15,15,52,104,0,10,9,10,29,22,25,24,62,133,0,44,44,177
09/26/2022,CRP,TX,ASW,CE,Combined TRACON& Tower with Radar,24,22,19,76,141,0,5,19,8,32,24,27,38,84,173,0,0,0,173
09/27/2022,CRP,TX,ASW,CE,Combined TRACON& Tower with Radar,20,26,15,78,139,0,8,17,19,44,20,34,32,97,183,0,126,126,309
09/28/2022,CRP,TX,ASW,CE,Combined TRACON& Tower with Radar,20,19,33,102,174,0,4,19,17,40,20,23,52,119,214,0,106,106,320
09/29/2022,CRP,TX,ASW,CE,Combined TRACON& Tower with Radar,24,19,36,102,181,0,4,19,21,44,24,23,55,123,225,0,146,146,371
09/30/2022,CRP,TX,ASW,CE,Combined TRACON& Tower with Radar,22,26,33,49,130,0,4,22,10,36,22,30,55,59,166,0,74,74,240
10/01/2022,CRP,TX,ASW,CE,Combined TRACON& Tower with Radar,14,16,5,42,77,0,6,10,12,28,14,22,15,54,105,0,46,46,151
10/02/2022,CRP,TX,ASW,CE,Combined TRACON& Tower with Radar,24,17,14,36,91,0,8,9,13,30,24,25,23,49,121,0,0,0,121
10/03/2022,CRP,TX,ASW,CE,Combined TRACON& Tower with Radar,24,27,21,86,158,0,6,7,14,27,24,33,28,100,185,4,86,90,275
10/04/2022,CRP,TX,ASW,CE,Combined TRACON& Tower with Radar,20,25,24,78,147,0,5,4,20,29,20,30,28,98,176,0,92,92,268
10/05/2022,CRP,TX,ASW,CE,Combined TRACON& Tower with Radar,20,30,28,86,164,0,6,17,22,45,20,36,45,108,209,2,104,106,315
10/06/2022,CRP,TX,ASW,CE,Combined TRACON& Tower with Radar,20,35,42,63,160,0,2,22,8,32,20,37,64,71,192,24,10,34,226
10/07/2022,CRP,TX,ASW,CE,Combined TRACON& Tower with Radar,21,28,32,61,142,0,5,23,4,32,21,33,55,65,174,0,46,46,220
10/08/2022,CRP,TX,ASW,CE,Combined TRACON& Tower with Radar,17,25,20,26,88,0,7,32,15,54,17,32,52,41,142,6,30,36,178
10/09/2022,CRP,TX,ASW,CE,Combined TRACON& Tower with Radar,17,15,18,23,73,0,1,16,13,30,17,16,34,36,103,0,0,0,103
10/10/2022,CRP,TX,ASW,CE,Combined TRACON& Tower with Radar,19,26,18,14,77,0,7,17,11,35,19,33,35,25,112,0,30,30,142
10/11/2022,CRP,TX,ASW,CE,Combined TRACON& Tower with Radar,20,19,37,120,196,0,3,18,17,38,20,22,55,137,234,0,94,94,328
10/12/2022,CRP,TX,ASW,CE,Combined TRACON& Tower with Radar,20,22,25,84,151,0,7,16,14,37,20,29,41,98,188,0,92,92,280
10/13/2022,CRP,TX,ASW,CE,Combined TRACON& Tower with Radar,21,27,46,89,183,0,0,14,19,33,21,27,60,108,216,0,146,146,362
10/14/2022,CRP,TX,ASW,CE,Combined TRACON& Tower with Radar,20,28,20,78,146,0,3,14,12,29,20,31,34,90,175,0,96,96,271
10/15/2022,CRP,TX,ASW,CE,Combined TRACON& Tower with Radar,15,27,14,28,84,0,5,12,21,38,15,32,26,49,122,0,62,62,184
10/16/2022,CRP,TX,ASW,CE,Combined TRACON& Tower with Radar,19,22,20,30,91,0,5,12,15,32,19,27,32,45,123,6,24,30,153
10/17/2022,CRP,TX,ASW,CE,Combined TRACON& Tower with Radar,19,25,31,66,141,0,0,0,3,3,19,25,31,69,144,0,22,22,166
10/18/2022,CRP,TX,ASW,CE,Combined TRACON& Tower with Radar,18,22,21,61,122,0,6,8,8,22,18,28,29,69,144,0,100,100,244
10/19/2022,CRP,TX,ASW,CE,Combined TRACON& Tower with Radar,20,30,26,96,172,0,6,19,22,47,20,36,45,118,219,0,104,104,323
10/20/2022,CRP,TX,ASW,CE,Combined TRACON& Tower with Radar,20,25,33,81,159,0,3,31,17,51,20,28,64,98,210,0,60,60,270
10/21/2022,CRP,TX,ASW,CE,Combined TRACON& Tower with Radar,21,30,24,31,106,0,7,13,19,39,21,37,37,50,145,0,40,40,185
10/22/2022,CRP,TX,ASW,CE,Combined TRACON& Tower with Radar,15,26,27,51,119,0,8,13,18,39,15,34,40,69,158,0,88,88,246
10/23/2022,CRP,TX,ASW,CE,Combined TRACON& Tower with Radar,21,23,12,50,106,0,7,7,27,41,21,30,19,77,147,0,172,172,319
10/24/2022,CRP,TX,ASW,CE,Combined TRACON& Tower with Radar,16,24,31,108,179,0,5,2,29,36,16,29,33,137,215,0,198,198,413
10/25/2022,CRP,TX,ASW,CE,Combined TRACON& Tower with Radar,19,23,31,103,176,0,4,11,32,47,19,27,42,135,223,0,70,70,293
10/26/2022,CRP,TX,ASW,CE,Combined TRACON& Tower with Radar,20,26,30,88,164,0,9,25,30,64,20,35,55,118,228,0,114,114,342
10/27/2022,CRP,TX,ASW,CE,Combined TRACON& Tower with Radar,21,25,50,113,209,0,5,10,20,35,21,30,60,133,244,0,158,158,402
10/28/2022,CRP,TX,ASW,CE,Combined TRACON& Tower with Radar,25,24,27,56,132,0,6,4,11,21,25,30,31,67,153,0,98,98,251
10/29/2022,CRP,TX,ASW,CE,Combined TRACON& Tower with Radar,14,22,17,28,81,0,4,20,16,40,14,26,37,44,121,8,36,44,165
10/30/2022,CRP,TX,ASW,CE,Combined TRACON& Tower with Radar,24,11,18,25,78,0,6,17,17,40,24,17,35,42,118,0,0,0,118
10/31/2022,CRP,TX,ASW,CE,Combined TRACON& Tower with Radar,20,15,16,94,145,0,5,5,24,34,20,20,21,118,179,0,64,64,243
11/01/2022,CRP,TX,ASW,CE,Combined TRACON& Tower with Radar,19,20,22,113,174,0,0,0,2,2,19,20,22,115,176,0,10,10,186
11/02/2022,CRP,TX,ASW,CE,Combined TRACON& Tower with Radar,24,26,38,99,187,0,0,3,16,19,24,26,41,115,206,0,0,0,206
11/03/2022,CRP,TX,ASW,CE,Combined TRACON& Tower with Radar,21,21,31,53,126,0,7,20,19,46,21,28,51,72,172,0,68,68,240
11/04/2022,CRP,TX,ASW,CE,Combined TRACON& Tower with Radar,18,21,44,96,179,0,2,9,23,34,18,23,53,119,213,0,158,158,371
11/05/2022,CRP,TX,ASW,CE,Combined TRACON& Tower with Radar,16,12,13,104,145,0,1,19,25,45,16,13,32,129,190,4,144,148,338
11/06/2022,CRP,TX,ASW,CE,Combined TRACON& Tower with Radar,24,12,28,76,140,0,0,9,20,29,24,12,37,96,169,0,42,42,211
11/07/2022,CRP,TX,ASW,CE,Combined TRACON& Tower with Radar,21,22,16,94,153,0,0,4,12,16,21,22,20,106,169,0,84,84,253
11/08/2022,CRP,TX,ASW,CE,Combined TRACON& Tower with Radar,21,27,36,140,224,0,4,7,20,31,21,31,43,160,255,0,88,88,343
11/09/2022,CRP,TX,ASW,CE,Combined TRACON& Tower with Radar,18,23,27,141,209,0,6,14,18,38,18,29,41,159,247,0,86,86,333
11/10/2022,CRP,TX,ASW,CE,Combined TRACON& Tower with Radar,20,16,37,108,181,0,2,13,20,35,20,18,50,128,216,0,102,102,318
11/11/2022,CRP,TX,ASW,CE,Combined TRACON& Tower with Radar,22,19,16,36,93,0,4,6,27,37,22,23,22,63,130,14,146,160,290
11/12/2022,CRP,TX,ASW,CE,Combined TRACON& Tower with Radar,16,14,9,60,99,0,4,15,39,58,16,18,24,99,157,0,156,156,313
11/13/2022,CRP,TX,ASW,CE,Combined TRACON& Tower with Radar,24,15,21,44,104,0,3,7,30,40,24,18,28,74,144,0,82,82,226
11/14/2022,CRP,TX,ASW,CE,Combined TRACON& Tower with Radar,22,22,16,127,187,0,2,0,4,6,22,24,16,131,193,0,36,36,229
11/15/2022,CRP,TX,ASW,CE,Combined TRACON& Tower with Radar,20,24,34,91,169,0,5,22,17,44,20,29,56,108,213,0,106,106,319
11/16/2022,CRP,TX,ASW,CE,Combined TRACON& Tower with Radar,18,29,25,113,185,0,3,11,9,23,18,32,36,122,208,0,146,146,354
11/17/2022,CRP,TX,ASW,CE,Combined TRACON& Tower with Radar,22,29,25,123,199,0,4,27,20,51,22,33,52,143,250,2,174,176,426
11/18/2022,CRP,TX,ASW,CE,Combined TRACON& Tower with Radar,22,21,24,92,159,0,4,10,5,19,22,25,34,97,178,0,21,21,199
11/19/2022,CRP,TX,ASW,CE,Combined TRACON& Tower with Radar,19,14,11,18,62,0,0,0,3,3,19,14,11,21,65,0,20,20,85
11/20/2022,CRP,TX,ASW,CE,Combined TRACON& Tower with Radar,25,10,19,138,192,0,0,17,8,25,25,10,36,146,217,0,20,20,237
11/21/2022,CRP,TX,ASW,CE,Combined TRACON& Tower with Radar,24,22,20,134,200,0,0,0,1,1,24,22,20,135,201,0,0,0,201
11/22/2022,CRP,TX,ASW,CE,Combined TRACON& Tower with Radar,24,23,24,138,209,0,0,0,10,10,24,23,24,148,219,30,121,151,370
11/23/2022,CRP,TX,ASW,CE,Combined TRACON& Tower with Radar,18,19,28,29,94,0,2,2,4,8,18,21,30,33,102,0,34,34,136
11/24/2022,CRP,TX,ASW,CE,Combined TRACON& Tower with Radar,16,9,6,0,31,0,0,0,0,0,16,9,6,0,31,0,0,0,31
11/25/2022,CRP,TX,ASW,CE,Combined TRACON& Tower with Radar,22,27,4,9,62,0,0,0,1,1,22,27,4,10,63,0,0,0,63
11/26/2022,CRP,TX,ASW,CE,Combined TRACON& Tower with Radar,18,17,13,22,70,0,6,20,11,37,18,23,33,33,107,6,20,26,133
11/27/2022,CRP,TX,ASW,CE,Combined TRACON& Tower with Radar,27,17,12,24,80,0,0,26,5,31,27,17,38,29,111,4,32,36,147
11/28/2022,CRP,TX,ASW,CE,Combined TRACON& Tower with Radar,23,21,25,62,131,0,0,0,0,0,23,21,25,62,131,0,0,0,131
11/29/2022,CRP,TX,ASW,CE,Combined TRACON& Tower with Radar,19,24,31,125,199,0,1,13,10,24,19,25,44,135,223,0,40,40,263
11/30/2022,CRP,TX,ASW,CE,Combined TRACON& Tower with Radar,15,17,24,119,175,0,2,32,18,52,15,19,56,137,227,0,170,170,397
12/01/2022,CRP,TX,ASW,CE,Combined TRACON& Tower with Radar,19,29,35,40,123,0,0,26,3,29,19,29,61,43,152,0,70,70,222
12/02/2022,CRP,TX,ASW,CE,Combined TRACON& Tower with Radar,20,17,19,19,75,0,0,2,0,2,20,17,21,19,77,0,0,0,77
12/03/2022,CRP,TX,ASW,CE,Combined TRACON& Tower with Radar,14,20,16,48,98,0,1,0,2,3,14,21,16,50,101,0,0,0,101
12/04/2022,CRP,TX,ASW,CE,Combined TRACON& Tower with Radar,20,15,25,62,122,0,0,2,0,2,20,15,27,62,124,0,0,0,124
12/05/2022,CRP,TX,ASW,CE,Combined TRACON& Tower with Radar,20,15,26,135,196,0,3,9,17,29,20,18,35,152,225,0,29,29,254
12/06/2022,CRP,TX,ASW,CE,Combined TRACON& Tower with Radar,18,22,29,181,250,0,3,9,19,31,18,25,38,200,281,0,154,154,435
12/07/2022,CRP,TX,ASW,CE,Combined TRACON& Tower with Radar,16,20,29,124,189,0,2,14,10,26,16,22,43,134,215,0,226,226,441
12/08/2022,CRP,TX,ASW,CE,Combined TRACON& Tower with Radar,16,17,25,10,68,0,0,15,7,22,16,17,40,17,90,4,0,4,94
12/09/2022,CRP,TX,ASW,CE,Combined TRACON& Tower with Radar,20,14,26,66,126,0,1,9,15,25,20,15,35,81,151,0,50,50,201
12/10/2022,CRP,TX,ASW,CE,Combined TRACON& Tower with Radar,13,18,10,34,75,0,4,5,2,11,13,22,15,36,86,20,20,40,126
12/11/2022,CRP,TX,ASW,CE,Combined TRACON& Tower with Radar,22,12,22,34,90,0,2,6,12,20,22,14,28,46,110,0,8,8,118
12/12/2022,CRP,TX,ASW,CE,Combined TRACON& Tower with Radar,20,18,40,127,205,0,2,6,11,19,20,20,46,138,224,0,70,70,294
12/13/2022,CRP,TX,ASW,CE,Combined TRACON& Tower with Radar,17,15,30,128,190,0,2,9,21,32,17,17,39,149,222,0,268,268,490
12/14/2022,CRP,TX,ASW,CE,Combined TRACON& Tower with Radar,17,16,20,108,161,0,4,23,19,46,17,20,43,127,207,4,186,190,397
12/15/2022,CRP,TX,ASW,CE,Combined TRACON& Tower with Radar,20,21,47,77,165,0,6,61,26,93,20,27,108,103,258,3,111,114,372
12/16/2022,CRP,TX,ASW,CE,Combined TRACON& Tower with Radar,22,21,36,63,142,0,2,9,16,27,22,23,45,79,169,2,178,180,349
12/17/2022,CRP,TX,ASW,CE,Combined TRACON& Tower with Radar,15,12,13,25,65,0,2,8,15,25,15,14,21,40,90,11,81,92,182
12/18/2022,CRP,TX,ASW,CE,Combined TRACON& Tower with Radar,26,14,5,64,109,0,4,7,16,27,26,18,12,80,136,6,90,96,232
12/19/2022,CRP,TX,ASW,CE,Combined TRACON& Tower with Radar,20,9,15,85,129,0,0,0,0,0,20,9,15,85,129,0,0,0,129
12/20/2022,CRP,TX,ASW,CE,Combined TRACON& Tower with Radar,18,21,28,97,164,0,1,4,11,16,18,22,32,108,180,0,142,142,322
12/21/2022,CRP,TX,ASW,CE,Combined TRACON& Tower with Radar,24,27,25,111,187,0,2,11,7,20,24,29,36,118,207,10,47,57,264
12/22/2022,CRP,TX,ASW,CE,Combined TRACON& Tower with Radar,18,19,16,66,119,0,0,2,3,5,18,19,18,69,124,0,0,0,124
12/23/2022,CRP,TX,ASW,CE,Combined TRACON& Tower with Radar,18,18,11,0,47,0,5,9,7,21,18,23,20,7,68,0,0,0,68
12/24/2022,CRP,TX,ASW,CE,Combined TRACON& Tower with Radar,10,10,5,0,25,0,1,5,1,7,10,11,10,1,32,0,0,0,32
12/25/2022,CRP,TX,ASW,CE,Combined TRACON& Tower with Radar,13,8,3,0,24,0,5,12,1,18,13,13,15,1,42,0,0,0,42
12/26/2022,CRP,TX,ASW,CE,Combined TRACON& Tower with Radar,13,15,12,0,40,0,5,14,4,23,13,20,26,4,63,0,0,0,63
12/27/2022,CRP,TX,ASW,CE,Combined TRACON& Tower with Radar,14,19,21,21,75,0,6,25,8,39,14,25,46,29,114,0,31,31,145
12/28/2022,CRP,TX,ASW,CE,Combined TRACON& Tower with Radar,18,19,13,37,87,0,0,19,17,36,18,19,32,54,123,0,89,89,212
12/29/2022,CRP,TX,ASW,CE,Combined TRACON& Tower with Radar,15,14,20,27,76,0,3,5,10,18,15,17,25,37,94,0,63,63,157
12/30/2022,CRP,TX,ASW,CE,Combined TRACON& Tower with Radar,24,18,19,0,61,0,10,16,9,35,24,28,35,9,96,4,10,14,110
12/31/2022,CRP,TX,ASW,CE,Combined TRACON& Tower with Radar,13,13,3,0,29,0,3,18,2,23,13,16,21,2,52,4,0,4,56
01/01/2023,CRP,TX,ASW,CE,Combined TRACON& Tower with Radar,19,10,6,0,35,0,2,6,0,8,19,12,12,0,43,0,0,0,43
01/02/2023,CRP,TX,ASW,CE,Combined TRACON& Tower with Radar,21,10,23,2,56,0,2,7,1,10,21,12,30,3,66,0,0,0,66
01/03/2023,CRP,TX,ASW,CE,Combined TRACON& Tower with Radar,24,12,17,30,83,0,3,30,11,44,24,15,47,41,127,0,69,69,196
01/04/2023,CRP,TX,ASW,CE,Combined TRACON& Tower with Radar,23,14,17,54,108,0,3,24,19,46,23,17,41,73,154,0,69,69,223
01/05/2023,CRP,TX,ASW,CE,Combined TRACON& Tower with Radar,23,12,17,105,157,0,6,36,15,57,23,18,53,120,214,0,249,249,463
01/06/2023,CRP,TX,ASW,CE,Combined TRACON& Tower with Radar,21,13,34,43,111,0,0,17,17,34,21,13,51,60,145,6,107,113,258
01/07/2023,CRP,TX,ASW,CE,Combined TRACON& Tower with Radar,14,11,8,33,66,0,3,5,18,26,14,14,13,51,92,0,55,55,147
01/08/2023,CRP,TX,ASW,CE,Combined TRACON& Tower with Radar,22,7,16,60,105,0,1,15,8,24,22,8,31,68,129,25,3,28,157
01/09/2023,CRP,TX,ASW,CE,Combined TRACON& Tower with Radar,24,17,26,99,166,0,2,3,8,13,24,19,29,107,179,0,24,24,203
01/10/2023,CRP,TX,ASW,CE,Combined TRACON& Tower with Radar,22,13,23,104,162,0,0,9,7,16,22,13,32,111,178,0,38,38,216
01/11/2023,CRP,TX,ASW,CE,Combined TRACON& Tower with Radar,22,22,31,91,166,0,2,14,11,27,22,24,45,102,193,8,30,38,231
01/12/2023,CRP,TX,ASW,CE,Combined TRACON& Tower with Radar,24,15,23,69,131,0,2,34,24,60,24,17,57,93,191,0,265,265,456
01/13/2023,CRP,TX,ASW,CE,Combined TRACON& Tower with Radar,24,14,28,64,130,0,4,23,12,39,24,18,51,76,169,0,65,65,234
01/14/2023,CRP,TX,ASW,CE,Combined TRACON& Tower with Radar,12,11,4,32,59,0,2,25,20,47,12,13,29,52,106,3,74,77,183
01/15/2023,CRP,TX,ASW,CE,Combined TRACON& Tower with Radar,20,9,6,1,36,0,1,6,5,12,20,10,12,6,48,0,0,0,48
01/16/2023,CRP,TX,ASW,CE,Combined TRACON& Tower with Radar,22,16,22,35,95,0,1,16,10,27,22,17,38,45,122,10,41,51,173
01/17/2023,CRP,TX,ASW,CE,Combined TRACON& Tower with Radar,22,16,28,109,175,0,0,12,7,19,22,16,40,116,194,0,143,143,337
01/18/2023,CRP,TX,ASW,CE,Combined TRACON& Tower with Radar,22,14,26,104,166,0,0,13,26,39,22,14,39,130,205,0,179,179,384
01/19/2023,CRP,TX,ASW,CE,Combined TRACON& Tower with Radar,26,16,33,42,117,0,2,31,20,53,26,18,64,62,170,0,61,61,231
01/20/2023,CRP,TX,ASW,CE,Combined TRACON& Tower with Radar,24,15,33,92,164,0,3,8,4,15,24,18,41,96,179,0,16,16,195
01/21/2023,CRP,TX,ASW,CE,Combined TRACON& Tower with Radar,14,9,18,88,129,0,1,0,2,3,14,10,18,90,132,16,46,62,194
01/22/2023,CRP,TX,ASW,CE,Combined TRACON& Tower with Radar,21,10,13,48,92,0,0,19,30,49,21,10,32,78,141,6,65,71,212
01/23/2023,CRP,TX,ASW,CE,Combined TRACON& Tower with Radar,24,9,24,107,164,0,2,10,10,22,24,11,34,117,186,0,68,68,254
01/24/2023,CRP,TX,ASW,CE,Combined TRACON& Tower with Radar,32,12,18,73,135,0,2,0,6,8,32,14,18,79,143,0,60,60,203
01/25/2023,CRP,TX,ASW,CE,Combined TRACON& Tower with Radar,22,15,38,177,252,0,3,17,12,32,22,18,55,189,284,0,102,102,386
01/26/2023,CRP,TX,ASW,CE,Combined TRACON& Tower with Radar,24,16,33,132,205,0,1,35,29,65,24,17,68,161,270,3,168,171,441
01/27/2023,CRP,TX,ASW,CE,Combined TRACON& Tower with Radar,25,17,28,84,154,0,6,2,12,20,25,23,30,96,174,2,57,59,233
01/28/2023,CRP,TX,ASW,CE,Combined TRACON& Tower with Radar,15,8,6,79,108,0,0,1,5,6,15,8,7,84,114,0,9,9,123
01/29/2023,CRP,TX,ASW,CE,Combined TRACON& Tower with Radar,21,8,24,52,105,0,0,5,3,8,21,8,29,55,113,10,8,18,131
01/30/2023,CRP,TX,ASW,CE,Combined TRACON& Tower with Radar,22,9,10,11,52,0,0,0,0,0,22,9,10,11,52,0,0,0,52
01/31/2023,CRP,TX,ASW,CE,Combined TRACON& Tower with Radar,18,13,9,40,80,0,0,1,0,1,18,13,10,40,81,0,0,0,81
02/01/2023,CRP,TX,ASW,CE,Combined TRACON& Tower with Radar,14,16,7,47,84,0,0,0,1,1,14,16,7,48,85,0,0,0,85
02/02/2023,CRP,TX,ASW,CE,Combined TRACON& Tower with Radar,22,15,26,115,178,0,1,5,11,17,22,16,31,126,195,0,96,96,291
02/03/2023,CRP,TX,ASW,CE,Combined TRACON& Tower with Radar,26,18,29,99,172,0,1,17,22,40,26,19,46,121,212,2,91,93,305
02/04/2023,CRP,TX,ASW,CE,Combined TRACON& Tower with Radar,20,16,10,48,94,0,0,24,25,49,20,16,34,73,143,0,71,71,214
02/05/2023,CRP,TX,ASW,CE,Combined TRACON& Tower with Radar,24,7,7,76,114,0,4,27,20,51,24,11,34,96,165,0,23,23,188
02/06/2023,CRP,TX,ASW,CE,Combined TRACON& Tower with Radar,26,12,23,148,209,0,2,10,21,33,26,14,33,169,242,0,47,47,289
02/07/2023,CRP,TX,ASW,CE,Combined TRACON& Tower with Radar,24,19,26,84,153,0,1,7,21,29,24,20,33,105,182,0,90,90,272
02/08/2023,CRP,TX,ASW,CE,Combined TRACON& Tower with Radar,24,14,14,61,113,0,1,9,14,24,24,15,23,75,137,0,69,69,206
02/09/2023,CRP,TX,ASW,CE,Combined TRACON& Tower with Radar,26,15,46,91,178,0,1,33,22,56,26,16,79,113,234,0,47,47,281
02/10/2023,CRP,TX,ASW,CE,Combined TRACON& Tower with Radar,23,15,17,98,153,0,0,10,18,28,23,15,27,116,181,4,66,70,251
02/11/2023,CRP,TX,ASW,CE,Combined TRACON& Tower with Radar,20,15,10,72,117,0,2,17,26,45,20,17,27,98,162,8,59,67,229
02/12/2023,CRP,TX,ASW,CE,Combined TRACON& Tower with Radar,23,14,8,52,97,0,1,25,23,49,23,15,33,75,146,14,56,70,216
02/13/2023,CRP,TX,ASW,CE,Combined TRACON& Tower with Radar,24,21,20,98,163,0,2,21,13,36,24,23,41,111,199,0,58,58,257
02/14/2023,CRP,TX,ASW,CE,Combined TRACON& Tower with Radar,21,26,27,116,190,0,2,12,20,34,21,28,39,136,224,0,89,89,313
02/15/2023,CRP,TX,ASW,CE,Combined TRACON& Tower with Radar,23,23,36,72,154,0,0,4,7,11,23,23,40,79,165,2,34,36,201
02/16/2023,CRP,TX,ASW,CE,Combined TRACON& Tower with Radar,24,20,39,114,197,0,0,7,17,24,24,20,46,131,221,0,71,71,292
02/17/2023,CRP,TX,ASW,CE,Combined TRACON& Tower with Radar,24,26,22,93,165,0,2,31,13,46,24,28,53,106,211,0,88,88,299
02/18/2023,CRP,TX,ASW,CE,Combined TRACON& Tower with Radar,18,17,8,81,124,0,2,11,9,22,18,19,19,90,146,16,48,64,210
02/19/2023,CRP,TX,ASW,CE,Combined TRACON& Tower with Radar,21,17,12,45,95,0,1,11,18,30,21,18,23,63,125,2,77,79,204
02/20/2023,CRP,TX,ASW,CE,Combined TRACON& Tower with Radar,26,24,25,34,109,0,1,4,6,11,26,25,29,40,120,0,0,0,120
02/21/2023,CRP,TX,ASW,CE,Combined TRACON& Tower with Radar,27,22,25,86,160,0,2,4,11,17,27,24,29,97,177,0,139,139,316
02/22/2023,CRP,TX,ASW,CE,Combined TRACON& Tower with Radar,24,20,21,117,182,0,0,7,18,25,24,20,28,135,207,0,140,140,347
02/23/2023,CRP,TX,ASW,CE,Combined TRACON& Tower with Radar,26,18,31,97,172,0,0,5,11,16,26,18,36,108,188,0,69,69,257
02/24/2023,CRP,TX,ASW,CE,Combined TRACON& Tower with Radar,23,26,22,74,145,0,0,5,13,18,23,26,27,87,163,0,79,79,242
02/25/2023,CRP,TX,ASW,CE,Combined TRACON& Tower with Radar,20,18,11,84,133,0,0,1,1,2,20,18,12,85,135,0,0,0,135
02/26/2023,CRP,TX,ASW,CE,Combined TRACON& Tower with Radar,23,16,16,108,163,0,1,2,11,14,23,17,18,119,177,0,0,0,177
02/27/2023,CRP,TX,ASW,CE,Combined TRACON& Tower with Radar,24,17,28,109,178,0,1,18,14,33,24,18,46,123,211,0,78,78,289
02/28/2023,CRP,TX,ASW,CE,Combined TRACON& Tower with Radar,24,15,23,85,147,0,0,19,14,33,24,15,42,99,180,0,44,44,224
03/01/2023,CRP,TX,ASW,CE,Combined TRACON& Tower with Radar,23,20,44,67,154,0,1,10,14,25,23,21,54,81,179,0,136,136,315
03/02/2023,CRP,TX,ASW,CE,Combined TRACON& Tower with Radar,22,37,41,87,187,0,1,5,5,11,22,38,46,92,198,0,40,40,238
03/03/2023,CRP,TX,ASW,CE,Combined TRACON& Tower with Radar,29,25,33,57,144,0,7,33,17,57,29,32,66,74,201,2,97,99,300
03/04/2023,CRP,TX,ASW,CE,Combined TRACON& Tower with Radar,24,14,9,35,82,0,0,17,11,28,24,14,26,46,110,2,18,20,130
03/05/2023,CRP,TX,ASW,CE,Combined TRACON& Tower with Radar,24,13,12,28,77,0,1,20,7,28,24,14,32,35,105,12,32,44,149
03/06/2023,CRP,TX,ASW,CE,Combined TRACON& Tower with Radar,26,14,19,113,172,0,2,17,9,28,26,16,36,122,200,16,28,44,244
03/07/2023,CRP,TX,ASW,CE,Combined TRACON& Tower with Radar,24,19,29,108,180,0,1,9,15,25,24,20,38,123,205,2,108,110,315
03/08/2023,CRP,TX,ASW,CE,Combined TRACON& Tower with Radar,24,17,35,146,222,0,3,10,14,27,24,20,45,160,249,0,73,73,322
03/09/2023,CRP,TX,ASW,CE,Combined TRACON& Tower with Radar,24,20,35,152,231,0,0,3,23,26,24,20,38,175,257,0,108,108,365
03/10/2023,CRP,TX,ASW,CE,Combined TRACON& Tower with Radar,29,14,41,64,148,0,0,11,22,33,29,14,52,86,181,0,106,106,287
03/11/2023,CRP,TX,ASW,CE,Combined TRACON& Tower with Radar,22,10,14,27,73,0,2,2,9,13,22,12,16,36,86,0,0,0,86
03/12/2023,CRP,TX,ASW,CE,Combined TRACON& Tower with Radar,23,9,9,37,78,0,3,16,22,41,23,12,25,59,119,6,28,34,153
03/13/2023,CRP,TX,ASW,CE,Combined TRACON& Tower with Radar,31,17,34,114,196,0,2,10,19,31,31,19,44,133,227,0,84,84,311
03/14/2023,CRP,TX,ASW,CE,Combined TRACON& Tower with Radar,26,20,30,106,182,0,0,9,10,19,26,20,39,116,201,0,0,0,201
03/15/2023,CRP,TX,ASW,CE,Combined TRACON& Tower with Radar,26,18,22,119,185,0,1,19,24,44,26,19,41,143,229,6,90,96,325
03/16/2023,CRP,TX,ASW,CE,Combined TRACON& Tower with Radar,24,17,30,105,176,0,1,6,12,19,24,18,36,117,195,0,115,115,310
03/17/2023,CRP,TX,ASW,CE,Combined TRACON& Tower with Radar,36,17,24,63,140,0,0,3,14,17,36,17,27,77,157,0,40,40,197
03/18/2023,CRP,TX,ASW,CE,Combined TRACON& Tower with Radar,22,16,10,39,87,0,3,1,7,11,22,19,11,46,98,0,4,4,102
03/19/2023,CRP,TX,ASW,CE,Combined TRACON& Tower with Radar,24,10,16,11,61,0,0,5,12,17,24,10,21,23,78,0,0,0,78
03/20/2023,CRP,TX,ASW,CE,Combined TRACON& Tower with Radar,30,18,23,118,189,0,0,15,16,31,30,18,38,134,220,0,0,0,220
03/21/2023,CRP,TX,ASW,CE,Combined TRACON& Tower with Radar,25,29,24,130,208,0,0,2,8,10,25,29,26,138,218,0,0,0,218
03/22/2023,CRP,TX,ASW,CE,Combined TRACON& Tower with Radar,27,21,40,153,241,0,1,9,18,28,27,22,49,171,269,6,88,94,363
03/23/2023,CRP,TX,ASW,CE,Combined TRACON& Tower with Radar,28,15,34,67,144,0,4,9,17,30,28,19,43,84,174,0,60,60,234
03/24/2023,CRP,TX,ASW,CE,Combined TRACON& Tower with Radar,27,19,25,51,122,0,2,9,10,21,27,21,34,61,143,0,17,17,160
03/25/2023,CRP,TX,ASW,CE,Combined TRACON& Tower with Radar,24,13,19,67,123,0,3,15,15,33,24,16,34,82,156,0,4,4,160
03/26/2023,CRP,TX,ASW,CE,Combined TRACON& Tower with Radar,22,11,16,61,110,0,0,2,6,8,22,11,18,67,118,0,46,46,164
03/27/2023,CRP,TX,ASW,CE,Combined TRACON& Tower with Radar,26,14,23,110,173,0,0,0,7,7,26,14,23,117,180,0,128,128,308
03/28/2023,CRP,TX,ASW,CE,Combined TRACON& Tower with Radar,24,25,21,128,198,0,4,6,21,31,24,29,27,149,229,0,297,297,526
03/29/2023,CRP,TX,ASW,CE,Combined TRACON& Tower with Radar,24,18,38,122,202,0,3,5,22,30,24,21,43,144,232,8,176,184,416
03/30/2023,CRP,TX,ASW,CE,Combined TRACON& Tower with Radar,25,18,36,73,152,0,1,6,18,25,25,19,42,91,177,0,157,157,334
03/31/2023,CRP,TX,ASW,CE,Combined TRACON& Tower with Radar,27,16,40,103,186,0,1,12,8,21,27,17,52,111,207,0,22,22,229
04/01/2023,CRP,TX,ASW,CE,Combined TRACON& Tower with Radar,21,19,18,29,87,0,2,9,5,16,21,21,27,34,103,2,16,18,121
04/02/2023,CRP,TX,ASW,CE,Combined TRACON& Tower with Radar,23,10,21,76,130,0,0,3,12,15,23,10,24,88,145,0,12,12,157
04/03/2023,CRP,TX,ASW,CE,Combined TRACON& Tower with Radar,29,14,22,15,80,0,1,8,7,16,29,15,30,22,96,6,0,6,102
04/04/2023,CRP,TX,ASW,CE,Combined TRACON& Tower with Radar,26,19,30,127,202,0,0,8,21,29,26,19,38,148,231,2,121,123,354
04/05/2023,CRP,TX,ASW,CE,Combined TRACON& Tower with Radar,32,20,17,40,109,0,1,0,4,5,32,21,17,44,114,0,32,32,146
04/06/2023,CRP,TX,ASW,CE,Combined TRACON& Tower with Radar,27,12,21,30,90,0,0,1,0,1,27,12,22,30,91,0,0,0,91
04/07/2023,CRP,TX,ASW,CE,Combined TRACON& Tower with Radar,29,8,12,0,49,0,0,0,0,0,29,8,12,0,49,0,0,0,49
04/08/2023,CRP,TX,ASW,CE,Combined TRACON& Tower with Radar,21,9,14,69,113,0,1,3,2,6,21,10,17,71,119,10,22,32,151
04/09/2023,CRP,TX,ASW,CE,Combined TRACON& Tower with Radar,20,9,15,20,64,0,2,15,7,24,20,11,30,27,88,0,0,0,88
04/10/2023,CRP,TX,ASW,CE,Combined TRACON& Tower with Radar,26,12,32,84,154,0,0,15,21,36,26,12,47,105,190,0,40,40,230
04/11/2023,CRP,TX,ASW,CE,Combined TRACON& Tower with Radar,30,16,37,122,205,0,3,25,13,41,30,19,62,135,246,0,40,40,286
04/12/2023,CRP,TX,ASW,CE,Combined TRACON& Tower with Radar,26,25,43,93,187,0,2,23,16,41,26,27,66,109,228,0,9,9,237
04/13/2023,CRP,TX,ASW,CE,Combined TRACON& Tower with Radar,26,26,34,84,170,0,3,24,17,44,26,29,58,101,214,0,69,69,283
04/14/2023,CRP,TX,ASW,CE,Combined TRACON& Tower with Radar,30,18,33,86,167,0,3,11,7,21,30,21,44,93,188,6,71,77,265
04/15/2023,CRP,TX,ASW,CE,Combined TRACON& Tower with Radar,21,14,15,28,78,0,2,9,9,20,21,16,24,37,98,0,149,149,247
04/16/2023,CRP,TX,ASW,CE,Combined TRACON& Tower with Radar,25,8,20,44,97,0,1,23,12,36,25,9,43,56,133,0,0,0,133
04/17/2023,CRP,TX,ASW,CE,Combined TRACON& Tower with Radar,27,11,23,107,168,0,1,9,9,19,27,12,32,116,187,0,0,0,187
04/18/2023,CRP,TX,ASW,CE,Combined TRACON& Tower with Radar,26,25,18,66,135,0,1,7,8,16,26,26,25,74,151,0,126,126,277
04/19/2023,CRP,TX,ASW,CE,Combined TRACON& Tower with Radar,29,14,29,96,168,0,1,7,9,17,29,15,36,105,185,0,178,178,363
04/20/2023,CRP,TX,ASW,CE,Combined TRACON& Tower with Radar,25,24,47,122,218,0,1,7,7,15,25,25,54,129,233,16,182,198,431
04/21/2023,CRP,TX,ASW,CE,Combined TRACON& Tower with Radar,29,19,45,90,183,0,1,6,7,14,29,20,51,97,197,0,35,35,232
04/22/2023,CRP,TX,ASW,CE,Combined TRACON& Tower with Radar,21,7,40,56,124,0,0,31,12,43,21,7,71,68,167,9,36,45,212
04/23/2023,CRP,TX,ASW,CE,Combined TRACON& Tower with Radar,24,9,4,30,67,0,0,0,6,6,24,9,4,36,73,0,0,0,73
04/24/2023,CRP,TX,ASW,CE,Combined TRACON& Tower with Radar,26,17,34,132,209,0,0,5,15,20,26,17,39,147,229,0,0,0,229
04/25/2023,CRP,TX,ASW,CE,Combined TRACON& Tower with Radar,27,16,27,119,189,0,0,6,4,10,27,16,33,123,199,0,102,102,301
04/26/2023,CRP,TX,ASW,CE,Combined TRACON& Tower with Radar,24,20,49,84,177,0,1,10,7,18,24,21,59,91,195,0,113,113,308
04/27/2023,CRP,TX,ASW,CE,Combined TRACON& Tower with Radar,27,24,23,96,170,0,0,7,8,15,27,24,30,104,185,8,57,65,250
04/28/2023,CRP,TX,ASW,CE,Combined TRACON& Tower with Radar,23,12,32,39,106,0,0,6,6,12,23,12,38,45,118,0,106,106,224
04/29/2023,CRP,TX,ASW,CE,Combined TRACON& Tower with Radar,24,10,14,34,82,0,0,5,7,12,24,10,19,41,94,0,45,45,139
04/30/2023,CRP,TX,ASW,CE,Combined TRACON& Tower with Radar,25,13,28,77,143,0,0,21,17,38,25,13,49,94,181,0,73,73,254
05/01/2023,CRP,TX,ASW,CE,Combined TRACON& Tower with Radar,28,17,24,117,186,0,1,15,13,29,28,18,39,130,215,0,54,54,269
05/02/2023,CRP,TX,ASW,CE,Combined TRACON& Tower with Radar,28,20,45,82,175,0,1,12,9,22,28,21,57,91,197,0,162,162,359
05/03/2023,CRP,TX,ASW,CE,Combined TRACON& Tower with Radar,25,22,46,98,191,0,2,17,6,25,25,24,63,104,216,0,0,0,216
05/04/2023,CRP,TX,ASW,CE,Combined TRACON& Tower with Radar,26,30,43,63,162,0,0,6,8,14,26,30,49,71,176,26,41,67,243
05/05/2023,CRP,TX,ASW,CE,Combined TRACON& Tower with Radar,28,18,38,17,101,0,1,11,8,20,28,19,49,25,121,0,30,30,151
05/06/2023,CRP,TX,ASW,CE,Combined TRACON& Tower with Radar,22,14,20,11,67,0,0,7,4,11,22,14,27,15,78,16,2,18,96
05/07/2023,CRP,TX,ASW,CE,Combined TRACON& Tower with Radar,26,11,17,17,71,0,0,9,5,14,26,11,26,22,85,0,0,0,85
05/08/2023,CRP,TX,ASW,CE,Combined TRACON& Tower with Radar,30,25,33,148,236,0,0,8,8,16,30,25,41,156,252,18,37,55,307
05/09/2023,CRP,TX,ASW,CE,Combined TRACON& Tower with Radar,21,16,38,56,131,0,0,2,17,19,21,16,40,73,150,0,129,129,279
05/10/2023,CRP,TX,ASW,CE,Combined TRACON& Tower with Radar,27,18,43,74,162,0,1,6,15,22,27,19,49,89,184,2,36,38,222
05/11/2023,CRP,TX,ASW,CE,Combined TRACON& Tower with Radar,24,27,52,94,197,0,0,8,5,13,24,27,60,99,210,6,65,71,281
05/12/2023,CRP,TX,ASW,CE,Combined TRACON& Tower with Radar,25,17,20,64,126,0,2,1,2,5,25,19,21,66,131,0,10,10,141
05/13/2023,CRP,TX,ASW,CE,Combined TRACON& Tower with Radar,16,11,4,17,48,0,0,2,5,7,16,11,6,22,55,0,14,14,69
05/14/2023,CRP,TX,ASW,CE,Combined TRACON& Tower with Radar,18,5,10,28,61,0,1,1,11,13,18,6,11,39,74,2,19,21,95
05/15/2023,CRP,TX,ASW,CE,Combined TRACON& Tower with Radar,28,15,29,94,166,0,5,11,15,31,28,20,40,109,197,0,0,0,197
05/16/2023,CRP,TX,ASW,CE,Combined TRACON& Tower with Radar,25,22,33,100,180,0,5,10,14,29,25,27,43,114,209,0,0,0,209
05/17/2023,CRP,TX,ASW,CE,Combined TRACON& Tower with Radar,24,19,42,86,171,0,6,21,21,48,24,25,63,107,219,0,0,0,219
05/18/2023,CRP,TX,ASW,CE,Combined TRACON& Tower with Radar,27,15,28,64,134,0,0,19,26,45,27,15,47,90,179,0,0,0,179
05/19/2023,CRP,TX,ASW,CE,Combined TRACON& Tower with Radar,18,18,45,103,184,0,1,15,20,36,18,19,60,123,220,0,0,0,220
05/20/2023,CRP,TX,ASW,CE,Combined TRACON& Tower with Radar,22,18,6,27,73,0,5,6,20,31,22,23,12,47,104,0,0,0,104
05/21/2023,CRP,TX,ASW,CE,Combined TRACON& Tower with Radar,26,10,22,66,124,0,8,10,22,40,26,18,32,88,164,0,0,0,164
05/22/2023,CRP,TX,ASW,CE,Combined TRACON& Tower with Radar,26,15,12,64,117,0,4,13,28,45,26,19,25,92,162,0,0,0,162
05/23/2023,CRP,TX,ASW,CE,Combined TRACON& Tower with Radar,24,16,32,78,150,0,1,36,17,54,24,17,68,95,204,0,0,0,204
05/24/2023,CRP,TX,ASW,CE,Combined TRACON& Tower with Radar,24,14,36,77,151,0,1,22,29,52,24,15,58,106,203,0,0,0,203
05/25/2023,CRP,TX,ASW,CE,Combined TRACON& Tower with Radar,24,16,40,68,148,0,2,34,15,51,24,18,74,83,199,0,0,0,199
05/26/2023,CRP,TX,ASW,CE,Combined TRACON& Tower with Radar,25,13,19,23,80,0,7,21,11,39,25,20,40,34,119,0,0,0,119
05/27/2023,CRP,TX,ASW,CE,Combined TRACON& Tower with Radar,19,11,13,5,48,0,0,24,16,40,19,11,37,21,88,0,0,0,88
05/28/2023,CRP,TX,ASW,CE,Combined TRACON& Tower with Radar,22,7,8,22,59,0,2,5,25,32,22,9,13,47,91,0,0,0,91
05/29/2023,CRP,TX,ASW,CE,Combined TRACON& Tower with Radar,26,8,17,9,60,0,1,12,15,28,26,9,29,24,88,0,0,0,88
05/30/2023,CRP,TX,ASW,CE,Combined TRACON& Tower with Radar,26,15,37,100,178,0,0,13,22,35,26,15,50,122,213,0,0,0,213
05/31/2023,CRP,TX,ASW,CE,Combined TRACON& Tower with Radar,24,19,35,99,177,0,8,23,32,63,24,27,58,131,240,0,0,0,240
06/01/2023,CRP,TX,ASW,CE,Combined TRACON& Tower with Radar,26,16,38,87,167,0,5,22,14,41,26,21,60,101,208,0,0,0,208
06/02/2023,CRP,TX,ASW,CE,Combined TRACON& Tower with Radar,27,15,26,91,159,0,3,18,23,44,27,18,44,114,203,0,0,0,203
06/03/2023,CRP,TX,ASW,CE,Combined TRACON& Tower with Radar,14,11,13,63,101,0,2,19,33,54,14,13,32,96,155,0,0,0,155
06/04/2023,CRP,TX,ASW,CE,Combined TRACON& Tower with Radar,24,8,13,87,132,0,6,14,21,41,24,14,27,108,173,0,0,0,173
06/05/2023,CRP,TX,ASW,CE,Combined TRACON& Tower with Radar,24,16,22,54,116,0,1,7,10,18,24,17,29,64,134,0,0,0,134
06/06/2023,CRP,TX,ASW,CE,Combined TRACON& Tower with Radar,28,15,25,105,173,0,1,12,11,24,28,16,37,116,197,0,0,0,197
06/07/2023,CRP,TX,ASW,CE,Combined TRACON& Tower with Radar,26,18,25,72,141,0,2,12,25,39,26,20,37,97,180,0,0,0,180
06/08/2023,CRP,TX,ASW,CE,Combined TRACON& Tower with Radar,28,23,38,64,153,0,8,14,16,38,28,31,52,80,191,0,0,0,191
06/09/2023,CRP,TX,ASW,CE,Combined TRACON& Tower with Radar,28,18,28,73,147,0,11,20,15,46,28,29,48,88,193,0,0,0,193
06/10/2023,CRP,TX,ASW,CE,Combined TRACON& Tower with Radar,15,14,10,44,83,0,6,22,20,48,15,20,32,64,131,0,0,0,131
06/11/2023,CRP,TX,ASW,CE,Combined TRACON& Tower with Radar,24,13,22,23,82,0,8,15,19,42,24,21,37,42,124,0,0,0,124
06/12/2023,CRP,TX,ASW,CE,Combined TRACON& Tower with Radar,28,14,30,151,223,0,6,14,28,48,28,20,44,179,271,0,0,0,271
06/13/2023,CRP,TX,ASW,CE,Combined TRACON& Tower with Radar,24,15,27,150,216,0,4,19,17,40,24,19,46,167,256,0,0,0,256
06/14/2023,CRP,TX,ASW,CE,Combined TRACON& Tower with Radar,24,18,31,111,184,0,2,10,19,31,24,20,41,130,215,0,0,0,215
06/15/2023,CRP,TX,ASW,CE,Combined TRACON& Tower with Radar,27,22,44,111,204,0,11,15,10,36,27,33,59,121,240,0,0,0,240
06/16/2023,CRP,TX,ASW,CE,Combined TRACON& Tower with Radar,25,16,27,70,138,0,3,5,20,28,25,19,32,90,166,0,0,0,166
06/17/2023,CRP,TX,ASW,CE,Combined TRACON& Tower with Radar,16,13,15,36,80,0,1,14,19,34,16,14,29,55,114,0,0,0,114
06/18/2023,CRP,TX,ASW,CE,Combined TRACON& Tower with Radar,24,11,7,32,74,0,0,12,18,30,24,11,19,50,104,0,0,0,104
06/19/2023,CRP,TX,ASW,CE,Combined TRACON& Tower with Radar,24,21,23,15,83,0,3,19,9,31,24,24,42,24,114,0,0,0,114
06/20/2023,CRP,TX,ASW,CE,Combined TRACON& Tower with Radar,24,12,34,96,166,0,5,13,17,35,24,17,47,113,201,0,0,0,201
06/21/2023,CRP,TX,ASW,CE,Combined TRACON& Tower with Radar,31,13,35,105,184,0,0,22,25,47,31,13,57,130,231,0,0,0,231
06/22/2023,CRP,TX,ASW,CE,Combined TRACON& Tower with Radar,26,22,36,62,146,0,3,21,9,33,26,25,57,71,179,0,0,0,179
06/23/2023,CRP,TX,ASW,CE,Combined TRACON& Tower with Radar,26,18,33,61,138,0,2,11,16,29,26,20,44,77,167,0,0,0,167
06/24/2023,CRP,TX,ASW,CE,Combined TRACON& Tower with Radar,19,19,14,45,97,0,6,29,45,80,19,25,43,90,177,0,0,0,177
06/25/2023,CRP,TX,ASW,CE,Combined TRACON& Tower with Radar,26,12,12,53,103,0,6,9,49,64,26,18,21,102,167,0,0,0,167
06/26/2023,CRP,TX,ASW,CE,Combined TRACON& Tower with Radar,23,11,25,92,151,0,8,17,35,60,23,19,42,127,211,0,0,0,211
06/27/2023,CRP,TX,ASW,CE,Combined TRACON& Tower with Radar,25,11,26,97,159,0,1,19,21,41,25,12,45,118,200,0,0,0,200
06/28/2023,CRP,TX,ASW,CE,Combined TRACON& Tower with Radar,24,15,24,59,122,0,5,22,33,60,24,20,46,92,182,0,0,0,182
06/29/2023,CRP,TX,ASW,CE,Combined TRACON& Tower with Radar,27,15,38,83,163,0,13,13,17,43,27,28,51,100,206,0,0,0,206
06/30/2023,CRP,TX,ASW,CE,Combined TRACON& Tower with Radar,27,12,31,40,110,0,5,24,21,50,27,17,55,61,160,0,0,0,160
07/01/2023,CRP,TX,ASW,CE,Combined TRACON& Tower with Radar,17,14,27,22,80,0,2,12,19,33,17,16,39,41,113,0,0,0,113
07/02/2023,CRP,TX,ASW,CE,Combined TRACON& Tower with Radar,27,4,14,21,66,0,5,11,24,40,27,9,25,45,106,0,0,0,106
07/03/2023,CRP,TX,ASW,CE,Combined TRACON& Tower with Radar,23,9,14,19,65,0,1,18,20,39,23,10,32,39,104,0,0,0,104
07/04/2023,CRP,TX,ASW,CE,Combined TRACON& Tower with Radar,22,10,4,0,36,0,5,7,3,15,22,15,11,3,51,0,0,0,51
07/05/2023,CRP,TX,ASW,CE,Combined TRACON& Tower with Radar,27,15,23,86,151,0,2,14,13,29,27,17,37,99,180,0,0,0,180
07/06/2023,CRP,TX,ASW,CE,Combined TRACON& Tower with Radar,26,18,31,50,125,0,3,6,7,16,26,21,37,57,141,0,0,0,141
07/07/2023,CRP,TX,ASW,CE,Combined TRACON& Tower with Radar,29,13,27,102,171,0,2,6,34,42,29,15,33,136,213,0,0,0,213
07/08/2023,CRP,TX,ASW,CE,Combined TRACON& Tower with Radar,24,9,9,57,99,0,4,6,30,40,24,13,15,87,139,0,0,0,139
07/09/2023,CRP,TX,ASW,CE,Combined TRACON& Tower with Radar,25,4,15,60,104,0,3,6,17,26,25,7,21,77,130,0,0,0,130
07/10/2023,CRP,TX,ASW,CE,Combined TRACON& Tower with Radar,27,13,18,109,167,0,4,19,21,44,27,17,37,130,211,0,0,0,211
07/11/2023,CRP,TX,ASW,CE,Combined TRACON& Tower with Radar,28,15,31,121,195,0,2,20,29,51,28,17,51,150,246,0,0,0,246
07/12/2023,CRP,TX,ASW,CE,Combined TRACON& Tower with Radar,28,12,33,106,179,0,2,28,21,51,28,14,61,127,230,0,0,0,230
07/13/2023,CRP,TX,ASW,CE,Combined TRACON& Tower with Radar,30,19,35,91,175,0,1,16,18,35,30,20,51,109,210,0,0,0,210
07/14/2023,CRP,TX,ASW,CE,Combined TRACON& Tower with Radar,27,17,19,89,152,0,1,13,19,33,27,18,32,108,185,0,0,0,185
07/15/2023,CRP,TX,ASW,CE,Combined TRACON& Tower with Radar,22,12,17,34,85,0,4,8,21,33,22,16,25,55,118,0,0,0,118
07/16/2023,CRP,TX,ASW,CE,Combined TRACON& Tower with Radar,24,15,21,67,127,0,4,6,27,37,24,19,27,94,164,0,0,0,164
07/17/2023,CRP,TX,ASW,CE,Combined TRACON& Tower with Radar,31,14,20,90,155,0,3,17,35,55,31,17,37,125,210,0,0,0,210
07/18/2023,CRP,TX,ASW,CE,Combined TRACON& Tower with Radar,28,13,36,68,145,0,2,8,24,34,28,15,44,92,179,0,0,0,179
07/19/2023,CRP,TX,ASW,CE,Combined TRACON& Tower with Radar,29,14,35,81,159,0,3,18,24,45,29,17,53,105,204,0,0,0,204
07/20/2023,CRP,TX,ASW,CE,Combined TRACON& Tower with Radar,28,16,30,101,175,0,3,23,21,47,28,19,53,122,222,0,0,0,222
07/21/2023,CRP,TX,ASW,CE,Combined TRACON& Tower with Radar,26,14,21,66,127,0,5,11,31,47,26,19,32,97,174,0,0,0,174
07/22/2023,CRP,TX,ASW,CE,Combined TRACON& Tower with Radar,23,7,12,40,82,0,7,9,15,31,23,14,21,55,113,0,0,0,113
07/23/2023,CRP,TX,ASW,CE,Combined TRACON& Tower with Radar,27,5,17,40,89,0,0,16,21,37,27,5,33,61,126,0,0,0,126
07/24/2023,CRP,TX,ASW,CE,Combined TRACON& Tower with Radar,28,14,40,112,194,0,0,7,15,22,28,14,47,127,216,0,0,0,216
07/25/2023,CRP,TX,ASW,CE,Combined TRACON& Tower with Radar,28,22,21,74,145,0,0,7,10,17,28,22,28,84,162,0,0,0,162
07/26/2023,CRP,TX,ASW,CE,Combined TRACON& Tower with Radar,28,17,36,74,155,0,4,13,9,26,28,21,49,83,181,0,0,0,181
07/27/2023,CRP,TX,ASW,CE,Combined TRACON& Tower with Radar,27,30,40,79,176,0,3,10,9,22,27,33,50,88,198,0,0,0,198
07/28/2023,CRP,TX,ASW,CE,Combined TRACON& Tower with Radar,28,15,21,55,119,0,1,7,20,28,28,16,28,75,147,0,0,0,147
07/29/2023,CRP,TX,ASW,CE,Combined TRACON& Tower with Radar,21,17,18,88,144,0,4,7,13,24,21,21,25,101,168,0,0,0,168
07/30/2023,CRP,TX,ASW,CE,Combined TRACON& Tower with Radar,26,15,24,53,118,0,2,6,10,18,26,17,30,63,136,0,0,0,136
07/31/2023,CRP,TX,ASW,CE,Combined TRACON& Tower with Radar,28,11,40,82,161,0,2,10,12,24,28,13,50,94,185,0,0,0,185
08/01/2023,CRP,TX,ASW,CE,Combined TRACON& Tower with Radar,30,12,40,116,198,0,2,8,11,21,30,14,48,127,219,0,0,0,219
08/02/2023,CRP,TX,ASW,CE,Combined TRACON& Tower with Radar,9,9,7,9,34,0,0,2,2,4,9,9,9,11,38,0,0,0,38
08/03/2023,CRP,TX,ASW,CE,Combined TRACON& Tower with Radar,21,9,33,100,163,0,1,11,10,22,21,10,44,110,185,0,0,0,185
08/04/2023,CRP,TX,ASW,CE,Combined TRACON& Tower with Radar,25,22,33,48,128,0,2,12,11,25,25,24,45,59,153,0,0,0,153
08/05/2023,CRP,TX,ASW,CE,Combined TRACON& Tower with Radar,20,13,18,23,74,0,1,13,11,25,20,14,31,34,99,0,0,0,99
08/06/2023,CRP,TX,ASW,CE,Combined TRACON& Tower with Radar,26,4,10,35,75,0,1,3,11,15,26,5,13,46,90,0,0,0,90
08/07/2023,CRP,TX,ASW,CE,Combined TRACON& Tower with Radar,30,14,28,87,159,0,1,9,17,27,30,15,37,104,186,0,0,0,186
08/08/2023,CRP,TX,ASW,CE,Combined TRACON& Tower with Radar,30,8,46,130,214,0,2,7,10,19,30,10,53,140,233,0,0,0,233
08/09/2023,CRP,TX,ASW,CE,Combined TRACON& Tower with Radar,30,27,43,104,204,0,4,5,16,25,30,31,48,120,229,0,0,0,229
08/10/2023,CRP,TX,ASW,CE,Combined TRACON& Tower with Radar,31,11,36,121,199,0,0,9,13,22,31,11,45,134,221,0,0,0,221
08/11/2023,CRP,TX,ASW,CE,Combined TRACON& Tower with Radar,26,19,33,90,168,0,1,15,13,29,26,20,48,103,197,0,0,0,197
08/12/2023,CRP,TX,ASW,CE,Combined TRACON& Tower with Radar,24,12,17,50,103,0,1,15,10,26,24,13,32,60,129,0,0,0,129
08/13/2023,CRP,TX,ASW,CE,Combined TRACON& Tower with Radar,26,8,27,43,104,0,0,11,10,21,26,8,38,53,125,0,0,0,125
08/14/2023,CRP,TX,ASW,CE,Combined TRACON& Tower with Radar,31,15,26,125,197,0,1,4,9,14,31,16,30,134,211,0,0,0,211
08/15/2023,CRP,TX,ASW,CE,Combined TRACON& Tower with Radar,30,15,33,126,204,0,2,10,14,26,30,17,43,140,230,0,0,0,230
08/16/2023,CRP,TX,ASW,CE,Combined TRACON& Tower with Radar,33,19,25,72,149,0,1,5,10,16,33,20,30,82,165,0,0,0,165
08/17/2023,CRP,TX,ASW,CE,Combined TRACON& Tower with Radar,29,14,50,102,195,0,2,10,13,25,29,16,60,115,220,0,0,0,220
08/18/2023,CRP,TX,ASW,CE,Combined TRACON& Tower with Radar,26,23,32,93,174,0,1,10,11,22,26,24,42,104,196,0,0,0,196
08/19/2023,CRP,TX,ASW,CE,Combined TRACON& Tower with Radar,21,10,16,36,83,0,1,14,7,22,21,11,30,43,105,0,0,0,105
08/20/2023,CRP,TX,ASW,CE,Combined TRACON& Tower with Radar,28,8,25,52,113,0,1,9,9,19,28,9,34,61,132,0,0,0,132
08/21/2023,CRP,TX,ASW,CE,Combined TRACON& Tower with Radar,31,9,27,100,167,0,2,2,7,11,31,11,29,107,178,0,0,0,178
08/22/2023,CRP,TX,ASW,CE,Combined TRACON& Tower with Radar,13,7,2,1,23,0,0,0,0,0,13,7,2,1,23,0,0,0,23
08/23/2023,CRP,TX,ASW,CE,Combined TRACON& Tower with Radar,32,18,21,101,172,0,0,10,11,21,32,18,31,112,193,0,0,0,193
08/24/2023,CRP,TX,ASW,CE,Combined TRACON& Tower with Radar,30,15,54,148,247,0,2,8,14,24,30,17,62,162,271,0,0,0,271
08/25/2023,CRP,TX,ASW,CE,Combined TRACON& Tower with Radar,25,21,33,47,126,0,1,6,8,15,25,22,39,55,141,0,0,0,141
08/26/2023,CRP,TX,ASW,CE,Combined TRACON& Tower with Radar,21,15,12,67,115,0,3,2,12,17,21,18,14,79,132,0,0,0,132
08/27/2023,CRP,TX,ASW,CE,Combined TRACON& Tower with Radar,29,9,19,50,107,0,2,5,13,20,29,11,24,63,127,0,0,0,127
08/28/2023,CRP,TX,ASW,CE,Combined TRACON& Tower with Radar,31,17,23,105,176,0,1,4,14,19,31,18,27,119,195,0,0,0,195
08/29/2023,CRP,TX,ASW,CE,Combined TRACON& Tower with Radar,30,19,24,137,210,0,2,9,14,25,30,21,33,151,235,0,0,0,235
08/30/2023,CRP,TX,ASW,CE,Combined TRACON& Tower with Radar,30,21,35,120,206,0,1,6,24,31,30,22,41,144,237,0,0,0,237
08/31/2023,CRP,TX,ASW,CE,Combined TRACON& Tower with Radar,32,17,19,92,160,0,4,9,11,24,32,21,28,103,184,0,0,0,184
01/01/2020,CRP,TX,ASW,CE,Combined TRACON& Tower with Radar,28,10,6,0,44,0,1,0,1,2,28,11,6,1,46,0,0,0,46
01/02/2020,CRP,TX,ASW,CE,Combined TRACON& Tower with Radar,26,19,17,93,155,0,2,8,12,22,26,21,25,105,177,0,260,260,437
01/03/2020,CRP,TX,ASW,CE,Combined TRACON& Tower with Radar,31,20,18,73,142,0,1,9,23,33,31,21,27,96,175,0,224,224,399
01/04/2020,CRP,TX,ASW,CE,Combined TRACON& Tower with Radar,28,18,10,34,90,0,2,38,93,133,28,20,48,127,223,0,0,0,223
01/05/2020,CRP,TX,ASW,CE,Combined TRACON& Tower with Radar,25,14,24,60,123,0,2,25,9,36,25,16,49,69,159,0,26,26,185
01/06/2020,CRP,TX,ASW,CE,Combined TRACON& Tower with Radar,25,22,17,75,139,0,3,22,104,129,25,25,39,179,268,0,0,0,268
01/07/2020,CRP,TX,ASW,CE,Combined TRACON& Tower with Radar,21,18,22,156,217,0,4,21,158,183,21,22,43,314,400,0,0,0,400
01/08/2020,CRP,TX,ASW,CE,Combined TRACON& Tower with Radar,19,20,23,76,138,0,2,25,119,146,19,22,48,195,284,0,6,6,290
01/09/2020,CRP,TX,ASW,CE,Combined TRACON& Tower with Radar,20,21,34,132,207,0,3,15,10,28,20,24,49,142,235,0,80,80,315
01/10/2020,CRP,TX,ASW,CE,Combined TRACON& Tower with Radar,18,27,24,30,99,0,2,5,2,9,18,29,29,32,108,0,48,48,156
01/11/2020,CRP,TX,ASW,CE,Combined TRACON& Tower with Radar,14,15,8,74,111,0,6,5,22,33,14,21,13,96,144,0,198,198,342
01/12/2020,CRP,TX,ASW,CE,Combined TRACON& Tower with Radar,15,25,15,68,123,0,2,15,18,35,15,27,30,86,158,0,34,34,192
01/13/2020,CRP,TX,ASW,CE,Combined TRACON& Tower with Radar,17,23,32,19,91,0,0,0,1,1,17,23,32,20,92,0,0,0,92
01/14/2020,CRP,TX,ASW,CE,Combined TRACON& Tower with Radar,21,29,37,115,202,0,1,3,87,91,21,30,40,202,293,0,0,0,293
01/15/2020,CRP,TX,ASW,CE,Combined TRACON& Tower with Radar,19,27,27,134,207,0,0,10,5,15,19,27,37,139,222,0,118,118,340
01/16/2020,CRP,TX,ASW,CE,Combined TRACON& Tower with Radar,20,25,30,157,232,0,1,3,9,13,20,26,33,166,245,0,128,128,373
01/17/2020,CRP,TX,ASW,CE,Combined TRACON& Tower with Radar,20,26,33,91,170,0,0,7,6,13,20,26,40,97,183,0,90,90,273
01/18/2020,CRP,TX,ASW,CE,Combined TRACON& Tower with Radar,10,20,10,97,137,0,1,6,13,20,10,21,16,110,157,2,182,184,341
01/19/2020,CRP,TX,ASW,CE,Combined TRACON& Tower with Radar,16,20,17,47,100,0,4,32,25,61,16,24,49,72,161,0,112,112,273
01/20/2020,CRP,TX,ASW,CE,Combined TRACON& Tower with Radar,18,20,18,91,147,0,3,24,25,52,18,23,42,116,199,12,106,118,317
01/21/2020,CRP,TX,ASW,CE,Combined TRACON& Tower with Radar,19,21,31,128,199,0,4,27,12,43,19,25,58,140,242,0,80,80,322
01/22/2020,CRP,TX,ASW,CE,Combined TRACON& Tower with Radar,22,18,28,107,175,0,0,0,2,2,22,18,28,109,177,0,0,0,177
01/23/2020,CRP,TX,ASW,CE,Combined TRACON& Tower with Radar,23,21,23,157,224,0,0,21,27,48,23,21,44,184,272,0,244,244,516
01/24/2020,CRP,TX,ASW,CE,Combined TRACON& Tower with Radar,20,23,28,93,164,0,4,24,9,37,20,27,52,102,201,0,176,176,377
01/25/2020,CRP,TX,ASW,CE,Combined TRACON& Tower with Radar,13,12,13,71,109,0,0,6,23,29,13,12,19,94,138,0,162,162,300
01/26/2020,CRP,TX,ASW,CE,Combined TRACON& Tower with Radar,15,21,14,93,143,0,0,12,18,30,15,21,26,111,173,0,6,6,179
01/27/2020,CRP,TX,ASW,CE,Combined TRACON& Tower with Radar,17,22,25,93,157,0,2,8,10,20,17,24,33,103,177,0,160,160,337
01/28/2020,CRP,TX,ASW,CE,Combined TRACON& Tower with Radar,28,21,16,129,194,0,1,19,5,25,28,22,35,134,219,0,176,176,395
01/29/2020,CRP,TX,ASW,CE,Combined TRACON& Tower with Radar,21,20,22,98,161,0,5,18,13,36,21,25,40,111,197,0,82,82,279
01/30/2020,CRP,TX,ASW,CE,Combined TRACON& Tower with Radar,20,26,40,136,222,0,2,3,10,15,20,28,43,146,237,0,102,102,339
01/31/2020,CRP,TX,ASW,CE,Combined TRACON& Tower with Radar,22,23,24,113,182,0,2,11,11,24,22,25,35,124,206,0,80,80,286
02/01/2020,CRP,TX,ASW,CE,Combined TRACON& Tower with Radar,13,13,13,43,82,0,4,21,21,46,13,17,34,64,128,4,112,116,244
02/02/2020,CRP,TX,ASW,CE,Combined TRACON& Tower with Radar,15,17,7,47,86,0,2,12,19,33,15,19,19,66,119,0,54,54,173
02/03/2020,CRP,TX,ASW,CE,Combined TRACON& Tower with Radar,17,21,18,83,139,0,4,1,12,17,17,25,19,95,156,0,58,58,214
02/04/2020,CRP,TX,ASW,CE,Combined TRACON& Tower with Radar,21,23,35,202,281,0,1,12,15,28,21,24,47,217,309,8,130,138,447
02/05/2020,CRP,TX,ASW,CE,Combined TRACON& Tower with Radar,22,24,39,189,274,0,3,0,8,11,22,27,39,197,285,0,86,86,371
02/06/2020,CRP,TX,ASW,CE,Combined TRACON& Tower with Radar,19,21,48,92,180,0,3,21,14,38,19,24,69,106,218,2,14,16,234
02/07/2020,CRP,TX,ASW,CE,Combined TRACON& Tower with Radar,25,26,28,109,188,0,5,17,15,37,25,31,45,124,225,0,130,130,355
02/08/2020,CRP,TX,ASW,CE,Combined TRACON& Tower with Radar,13,14,9,44,80,0,0,21,19,40,13,14,30,63,120,0,62,62,182
02/09/2020,CRP,TX,ASW,CE,Combined TRACON& Tower with Radar,17,19,24,59,119,0,2,1,4,7,17,21,25,63,126,0,10,10,136
02/10/2020,CRP,TX,ASW,CE,Combined TRACON& Tower with Radar,20,25,18,129,192,0,1,0,10,11,20,26,18,139,203,0,46,46,249
02/11/2020,CRP,TX,ASW,CE,Combined TRACON& Tower with Radar,20,26,27,11,84,0,0,0,0,0,20,26,27,11,84,0,0,0,84
02/12/2020,CRP,TX,ASW,CE,Combined TRACON& Tower with Radar,20,28,25,102,175,0,0,1,14,15,20,28,26,116,190,0,100,100,290
02/13/2020,CRP,TX,ASW,CE,Combined TRACON& Tower with Radar,20,23,36,78,157,0,1,44,25,70,20,24,80,103,227,4,150,154,381
02/14/2020,CRP,TX,ASW,CE,Combined TRACON& Tower with Radar,17,28,34,76,155,0,1,11,9,21,17,29,45,85,176,2,32,34,210
02/15/2020,CRP,TX,ASW,CE,Combined TRACON& Tower with Radar,15,14,21,25,75,0,0,8,20,28,15,14,29,45,103,0,172,172,275
02/16/2020,CRP,TX,ASW,CE,Combined TRACON& Tower with Radar,14,25,10,19,68,0,0,4,16,20,14,25,14,35,88,9,88,97,185
02/17/2020,CRP,TX,ASW,CE,Combined TRACON& Tower with Radar,18,26,27,64,135,0,0,8,6,14,18,26,35,70,149,10,56,66,215
02/18/2020,CRP,TX,ASW,CE,Combined TRACON& Tower with Radar,20,30,26,96,172,0,0,5,2,7,20,30,31,98,179,0,0,0,179
02/19/2020,CRP,TX,ASW,CE,Combined TRACON& Tower with Radar,18,27,29,84,158,0,0,0,2,2,18,27,29,86,160,0,4,4,164
02/20/2020,CRP,TX,ASW,CE,Combined TRACON& Tower with Radar,18,35,34,104,191,0,1,1,6,8,18,36,35,110,199,0,0,0,199
02/21/2020,CRP,TX,ASW,CE,Combined TRACON& Tower with Radar,16,30,28,129,203,0,1,12,12,25,16,31,40,141,228,0,28,28,256
02/22/2020,CRP,TX,ASW,CE,Combined TRACON& Tower with Radar,14,12,14,68,108,0,5,18,44,67,14,17,32,112,175,2,166,168,343
02/23/2020,CRP,TX,ASW,CE,Combined TRACON& Tower with Radar,16,23,22,101,162,0,2,5,22,29,16,25,27,123,191,29,67,96,287
02/24/2020,CRP,TX,ASW,CE,Combined TRACON& Tower with Radar,17,27,35,103,182,0,1,15,9,25,17,28,50,112,207,9,91,100,307
02/25/2020,CRP,TX,ASW,CE,Combined TRACON& Tower with Radar,23,28,23,155,229,0,2,18,15,35,23,30,41,170,264,0,24,24,288
02/26/2020,CRP,TX,ASW,CE,Combined TRACON& Tower with Radar,18,26,16,92,152,0,0,8,15,23,18,26,24,107,175,0,8,8,183
02/27/2020,CRP,TX,ASW,CE,Combined TRACON& Tower with Radar,19,30,32,109,190,0,2,27,8,37,19,32,59,117,227,0,4,4,231
02/28/2020,CRP,TX,ASW,CE,Combined TRACON& Tower with Radar,21,26,24,41,112,0,0,18,17,35,21,26,42,58,147,0,72,72,219
02/29/2020,CRP,TX,ASW,CE,Combined TRACON& Tower with Radar,16,18,8,36,78,0,4,13,43,60,16,22,21,79,138,0,138,138,276
03/01/2020,CRP,TX,ASW,CE,Combined TRACON& Tower with Radar,16,23,14,60,113,0,3,4,20,27,16,26,18,80,140,0,138,138,278
03/02/2020,CRP,TX,ASW,CE,Combined TRACON& Tower with Radar,16,26,16,141,199,0,1,6,8,15,16,27,22,149,214,0,48,48,262
03/03/2020,CRP,TX,ASW,CE,Combined TRACON& Tower with Radar,20,25,38,91,174,0,0,3,2,5,20,25,41,93,179,0,16,16,195
03/04/2020,CRP,TX,ASW,CE,Combined TRACON& Tower with Radar,21,26,18,87,152,0,5,6,17,28,21,31,24,104,180,0,68,68,248
03/05/2020,CRP,TX,ASW,CE,Combined TRACON& Tower with Radar,20,24,27,109,180,0,6,26,15,47,20,30,53,124,227,0,22,22,249
03/06/2020,CRP,TX,ASW,CE,Combined TRACON& Tower with Radar,20,22,22,124,188,0,4,28,13,45,20,26,50,137,233,14,32,46,279
03/07/2020,CRP,TX,ASW,CE,Combined TRACON& Tower with Radar,12,17,15,43,87,0,6,11,37,54,12,23,26,80,141,2,132,134,275
03/08/2020,CRP,TX,ASW,CE,Combined TRACON& Tower with Radar,20,17,23,57,117,0,2,7,30,39,20,19,30,87,156,0,50,50,206
03/09/2020,CRP,TX,ASW,CE,Combined TRACON& Tower with Radar,22,23,24,112,181,0,3,1,17,21,22,26,25,129,202,0,156,156,358
03/10/2020,CRP,TX,ASW,CE,Combined TRACON& Tower with Radar,22,30,30,85,167,0,4,2,12,18,22,34,32,97,185,0,132,132,317
03/11/2020,CRP,TX,ASW,CE,Combined TRACON& Tower with Radar,20,26,39,97,182,0,1,6,11,18,20,27,45,108,200,0,140,140,340
03/12/2020,CRP,TX,ASW,CE,Combined TRACON& Tower with Radar,22,28,48,73,171,0,3,16,8,27,22,31,64,81,198,0,56,56,254
03/13/2020,CRP,TX,ASW,CE,Combined TRACON& Tower with Radar,21,29,25,78,153,0,2,2,6,10,21,31,27,84,163,0,90,90,253
03/14/2020,CRP,TX,ASW,CE,Combined TRACON& Tower with Radar,13,18,17,21,69,0,2,3,2,7,13,20,20,23,76,0,78,78,154
03/15/2020,CRP,TX,ASW,CE,Combined TRACON& Tower with Radar,18,20,21,56,115,0,3,4,3,10,18,23,25,59,125,0,28,28,153
03/16/2020,CRP,TX,ASW,CE,Combined TRACON& Tower with Radar,20,20,19,96,155,0,0,4,6,10,20,20,23,102,165,0,58,58,223
03/17/2020,CRP,TX,ASW,CE,Combined TRACON& Tower with Radar,18,24,21,141,204,0,3,6,15,24,18,27,27,156,228,0,68,68,296
03/18/2020,CRP,TX,ASW,CE,Combined TRACON& Tower with Radar,20,21,14,91,146,0,0,3,14,17,20,21,17,105,163,0,22,22,185
03/19/2020,CRP,TX,ASW,CE,Combined TRACON& Tower with Radar,17,23,13,100,153,0,0,5,8,13,17,23,18,108,166,0,124,124,290
03/20/2020,CRP,TX,ASW,CE,Combined TRACON& Tower with Radar,25,32,8,70,135,0,0,2,7,9,25,32,10,77,144,0,50,50,194
03/21/2020,CRP,TX,ASW,CE,Combined TRACON& Tower with Radar,13,13,6,16,48,0,0,0,0,0,13,13,6,16,48,0,0,0,48
03/22/2020,CRP,TX,ASW,CE,Combined TRACON& Tower with Radar,12,13,7,42,74,0,0,0,0,0,12,13,7,42,74,0,54,54,128
03/23/2020,CRP,TX,ASW,CE,Combined TRACON& Tower with Radar,17,14,15,76,122,0,0,6,8,14,17,14,21,84,136,0,114,114,250
03/24/2020,CRP,TX,ASW,CE,Combined TRACON& Tower with Radar,14,16,15,80,125,0,2,17,15,34,14,18,32,95,159,0,60,60,219
03/25/2020,CRP,TX,ASW,CE,Combined TRACON& Tower with Radar,12,10,16,121,159,0,1,11,7,19,12,11,27,128,178,0,52,52,230
03/26/2020,CRP,TX,ASW,CE,Combined TRACON& Tower with Radar,15,17,9,81,122,0,1,10,8,19,15,18,19,89,141,0,50,50,191
03/27/2020,CRP,TX,ASW,CE,Combined TRACON& Tower with Radar,11,16,11,80,118,0,1,8,5,14,11,17,19,85,132,0,76,76,208
03/28/2020,CRP,TX,ASW,CE,Combined TRACON& Tower with Radar,8,11,3,56,78,0,0,2,4,6,8,11,5,60,84,0,26,26,110
03/29/2020,CRP,TX,ASW,CE,Combined TRACON& Tower with Radar,9,10,12,49,80,0,4,5,8,17,9,14,17,57,97,0,24,24,121
03/30/2020,CRP,TX,ASW,CE,Combined TRACON& Tower with Radar,7,15,7,57,86,0,0,5,3,8,7,15,12,60,94,0,44,44,138
03/31/2020,CRP,TX,ASW,CE,Combined TRACON& Tower with Radar,4,13,7,68,92,0,2,21,10,33,4,15,28,78,125,0,38,38,163
04/01/2020,CRP,TX,ASW,CE,Combined TRACON& Tower with Radar,5,11,15,76,107,0,1,11,11,23,5,12,26,87,130,0,132,132,262
04/02/2020,CRP,TX,ASW,CE,Combined TRACON& Tower with Radar,8,13,8,74,103,0,1,5,4,10,8,14,13,78,113,0,48,48,161
04/03/2020,CRP,TX,ASW,CE,Combined TRACON& Tower with Radar,5,9,10,36,60,0,1,1,9,11,5,10,11,45,71,0,46,46,117
04/04/2020,CRP,TX,ASW,CE,Combined TRACON& Tower with Radar,2,6,4,21,33,0,0,0,2,2,2,6,4,23,35,0,14,14,49
04/05/2020,CRP,TX,ASW,CE,Combined TRACON& Tower with Radar,5,5,4,25,39,0,0,2,8,10,5,5,6,33,49,0,106,106,155
04/06/2020,CRP,TX,ASW,CE,Combined TRACON& Tower with Radar,4,8,14,50,76,0,1,2,0,3,4,9,16,50,79,0,0,0,79
04/07/2020,CRP,TX,ASW,CE,Combined TRACON& Tower with Radar,4,14,7,49,74,0,0,6,7,13,4,14,13,56,87,0,32,32,119
04/08/2020,CRP,TX,ASW,CE,Combined TRACON& Tower with Radar,8,8,13,49,78,0,2,13,17,32,8,10,26,66,110,0,186,186,296
04/09/2020,CRP,TX,ASW,CE,Combined TRACON& Tower with Radar,11,6,15,77,109,0,1,2,2,5,11,7,17,79,114,0,0,0,114
04/10/2020,CRP,TX,ASW,CE,Combined TRACON& Tower with Radar,12,8,5,119,144,0,2,1,4,7,12,10,6,123,151,0,34,34,185
04/11/2020,CRP,TX,ASW,CE,Combined TRACON& Tower with Radar,6,6,1,128,141,0,2,1,5,8,6,8,2,133,149,0,54,54,203
04/12/2020,CRP,TX,ASW,CE,Combined TRACON& Tower with Radar,12,0,3,35,50,0,2,4,16,22,12,2,7,51,72,0,16,16,88
04/13/2020,CRP,TX,ASW,CE,Combined TRACON& Tower with Radar,9,3,9,89,110,0,0,21,16,37,9,3,30,105,147,0,164,164,311
04/14/2020,CRP,TX,ASW,CE,Combined TRACON& Tower with Radar,9,9,15,162,195,0,3,14,17,34,9,12,29,179,229,4,190,194,423
04/15/2020,CRP,TX,ASW,CE,Combined TRACON& Tower with Radar,10,9,18,59,96,0,0,30,9,39,10,9,48,68,135,0,146,146,281
04/16/2020,CRP,TX,ASW,CE,Combined TRACON& Tower with Radar,12,10,20,53,95,0,3,6,14,23,12,13,26,67,118,0,134,134,252
04/17/2020,CRP,TX,ASW,CE,Combined TRACON& Tower with Radar,10,7,21,75,113,0,1,3,3,7,10,8,24,78,120,0,120,120,240
04/18/2020,CRP,TX,ASW,CE,Combined TRACON& Tower with Radar,6,6,4,62,78,0,0,0,2,2,6,6,4,64,80,0,0,0,80
04/19/2020,CRP,TX,ASW,CE,Combined TRACON& Tower with Radar,10,12,16,49,87,0,3,6,18,27,10,15,22,67,114,18,32,50,164
04/20/2020,CRP,TX,ASW,CE,Combined TRACON& Tower with Radar,9,10,12,65,96,0,2,16,5,23,9,12,28,70,119,6,4,10,129
04/21/2020,CRP,TX,ASW,CE,Combined TRACON& Tower with Radar,7,12,14,100,133,0,0,7,11,18,7,12,21,111,151,0,104,104,255
04/22/2020,CRP,TX,ASW,CE,Combined TRACON& Tower with Radar,10,4,18,67,99,0,1,6,17,24,10,5,24,84,123,0,208,208,331
04/23/2020,CRP,TX,ASW,CE,Combined TRACON& Tower with Radar,14,4,8,83,109,0,2,20,12,34,14,6,28,95,143,2,112,114,257
04/24/2020,CRP,TX,ASW,CE,Combined TRACON& Tower with Radar,10,11,12,80,113,0,3,13,9,25,10,14,25,89,138,12,130,142,280
04/25/2020,CRP,TX,ASW,CE,Combined TRACON& Tower with Radar,8,3,9,34,54,0,0,13,32,45,8,3,22,66,99,2,116,118,217
04/26/2020,CRP,TX,ASW,CE,Combined TRACON& Tower with Radar,8,4,17,40,69,0,0,24,28,52,8,4,41,68,121,6,18,24,145
04/27/2020,CRP,TX,ASW,CE,Combined TRACON& Tower with Radar,8,6,18,65,97,0,0,17,9,26,8,6,35,74,123,6,110,116,239
04/28/2020,CRP,TX,ASW,CE,Combined TRACON& Tower with Radar,8,6,20,86,120,0,2,15,11,28,8,8,35,97,148,0,176,176,324
04/29/2020,CRP,TX,ASW,CE,Combined TRACON& Tower with Radar,10,7,20,64,101,0,4,6,6,16,10,11,26,70,117,34,70,104,221
04/30/2020,CRP,TX,ASW,CE,Combined TRACON& Tower with Radar,8,4,17,76,105,0,2,24,19,45,8,6,41,95,150,28,138,166,316
05/01/2020,CRP,TX,ASW,CE,Combined TRACON& Tower with Radar,10,10,19,50,89,0,2,21,14,37,10,12,40,64,126,0,66,66,192
05/02/2020,CRP,TX,ASW,CE,Combined TRACON& Tower with Radar,6,7,10,63,86,0,2,14,21,37,6,9,24,84,123,2,72,74,197
05/03/2020,CRP,TX,ASW,CE,Combined TRACON& Tower with Radar,9,5,12,26,52,0,2,18,23,43,9,7,30,49,95,0,32,32,127
05/04/2020,CRP,TX,ASW,CE,Combined TRACON& Tower with Radar,9,14,24,66,113,0,1,4,10,15,9,15,28,76,128,2,84,86,214
05/05/2020,CRP,TX,ASW,CE,Combined TRACON& Tower with Radar,7,17,18,137,179,0,7,10,9,26,7,24,28,146,205,4,228,232,437
05/06/2020,CRP,TX,ASW,CE,Combined TRACON& Tower with Radar,11,22,20,98,151,0,1,11,12,24,11,23,31,110,175,0,140,140,315
05/07/2020,CRP,TX,ASW,CE,Combined TRACON& Tower with Radar,7,18,29,104,158,0,6,2,9,17,7,24,31,113,175,0,114,114,289
05/08/2020,CRP,TX,ASW,CE,Combined TRACON& Tower with Radar,10,13,24,68,115,0,0,6,18,24,10,13,30,86,139,0,192,192,331
05/09/2020,CRP,TX,ASW,CE,Combined TRACON& Tower with Radar,10,8,11,62,91,0,0,7,9,16,10,8,18,71,107,0,88,88,195
05/10/2020,CRP,TX,ASW,CE,Combined TRACON& Tower with Radar,10,12,10,51,83,0,2,20,11,33,10,14,30,62,116,0,80,80,196
05/11/2020,CRP,TX,ASW,CE,Combined TRACON& Tower with Radar,10,11,23,80,124,0,5,2,14,21,10,16,25,94,145,4,162,166,311
05/12/2020,CRP,TX,ASW,CE,Combined TRACON& Tower with Radar,10,17,10,66,103,0,1,21,24,46,10,18,31,90,149,2,94,96,245
05/13/2020,CRP,TX,ASW,CE,Combined TRACON& Tower with Radar,10,11,18,117,156,0,2,12,16,30,10,13,30,133,186,0,114,114,300
05/14/2020,CRP,TX,ASW,CE,Combined TRACON& Tower with Radar,10,11,30,101,152,0,1,10,9,20,10,12,40,110,172,0,74,74,246
05/15/2020,CRP,TX,ASW,CE,Combined TRACON& Tower with Radar,10,9,31,118,168,0,2,1,8,11,10,11,32,126,179,0,140,140,319
05/16/2020,CRP,TX,ASW,CE,Combined TRACON& Tower with Radar,10,6,0,100,116,0,4,3,12,19,10,10,3,112,135,0,92,92,227
05/17/2020,CRP,TX,ASW,CE,Combined TRACON& Tower with Radar,10,8,7,64,89,0,0,12,19,31,10,8,19,83,120,0,38,38,158
05/18/2020,CRP,TX,ASW,CE,Combined TRACON& Tower with Radar,10,11,9,83,113,0,3,26,11,40,10,14,35,94,153,2,152,154,307
05/19/2020,CRP,TX,ASW,CE,Combined TRACON& Tower with Radar,10,16,14,121,161,0,6,23,21,50,10,22,37,142,211,0,134,134,345
05/20/2020,CRP,TX,ASW,CE,Combined TRACON& Tower with Radar,10,12,29,87,138,0,7,18,11,36,10,19,47,98,174,14,58,72,246
05/21/2020,CRP,TX,ASW,CE,Combined TRACON& Tower with Radar,10,14,42,84,150,0,1,16,19,36,10,15,58,103,186,0,90,90,276
05/22/2020,CRP,TX,ASW,CE,Combined TRACON& Tower with Radar,10,14,29,37,90,0,3,6,22,31,10,17,35,59,121,2,62,64,185
05/23/2020,CRP,TX,ASW,CE,Combined TRACON& Tower with Radar,10,8,17,40,75,0,3,9,20,32,10,11,26,60,107,2,8,10,117
05/24/2020,CRP,TX,ASW,CE,Combined TRACON& Tower with Radar,16,5,6,34,61,0,1,7,19,27,16,6,13,53,88,0,70,70,158
05/25/2020,CRP,TX,ASW,CE,Combined TRACON& Tower with Radar,10,7,14,23,54,0,1,12,13,26,10,8,26,36,80,0,46,46,126
05/26/2020,CRP,TX,ASW,CE,Combined TRACON& Tower with Radar,10,11,10,89,120,0,0,15,16,31,10,11,25,105,151,0,108,108,259
05/27/2020,CRP,TX,ASW,CE,Combined TRACON& Tower with Radar,12,17,19,65,113,0,2,19,18,39,12,19,38,83,152,0,144,144,296
05/28/2020,CRP,TX,ASW,CE,Combined TRACON& Tower with Radar,10,13,31,81,135,0,1,11,9,21,10,14,42,90,156,0,92,92,248
05/29/2020,CRP,TX,ASW,CE,Combined TRACON& Tower with Radar,10,13,20,82,125,0,3,8,10,21,10,16,28,92,146,38,68,106,252
05/30/2020,CRP,TX,ASW,CE,Combined TRACON& Tower with Radar,10,8,4,61,83,0,3,5,8,16,10,11,9,69,99,0,18,18,117
05/31/2020,CRP,TX,ASW,CE,Combined TRACON& Tower with Radar,10,10,9,57,86,0,4,5,3,12,10,14,14,60,98,0,62,62,160
06/01/2020,CRP,TX,ASW,CE,Combined TRACON& Tower with Radar,10,13,19,59,101,0,0,0,5,5,10,13,19,64,106,0,4,4,110
06/02/2020,CRP,TX,ASW,CE,Combined TRACON& Tower with Radar,10,12,15,103,140,0,4,8,13,25,10,16,23,116,165,0,86,86,251
06/03/2020,CRP,TX,ASW,CE,Combined TRACON& Tower with Radar,10,13,18,78,119,0,0,34,12,46,10,13,52,90,165,0,100,100,265
06/04/2020,CRP,TX,ASW,CE,Combined TRACON& Tower with Radar,8,13,29,114,164,0,0,23,15,38,8,13,52,129,202,0,128,128,330
06/05/2020,CRP,TX,ASW,CE,Combined TRACON& Tower with Radar,8,11,26,91,136,0,4,24,11,39,8,15,50,102,175,0,68,68,243
06/06/2020,CRP,TX,ASW,CE,Combined TRACON& Tower with Radar,8,9,15,50,82,0,1,33,27,61,8,10,48,77,143,0,72,72,215
06/07/2020,CRP,TX,ASW,CE,Combined TRACON& Tower with Radar,8,5,9,61,83,0,1,15,11,27,8,6,24,72,110,0,196,196,306
06/08/2020,CRP,TX,ASW,CE,Combined TRACON& Tower with Radar,8,11,17,118,154,0,7,21,18,46,8,18,38,136,200,0,158,158,358
06/09/2020,CRP,TX,ASW,CE,Combined TRACON& Tower with Radar,8,14,15,117,154,0,2,30,12,44,8,16,45,129,198,0,104,104,302
06/10/2020,CRP,TX,ASW,CE,Combined TRACON& Tower with Radar,7,12,29,129,177,0,3,6,19,28,7,15,35,148,205,0,84,84,289
06/11/2020,CRP,TX,ASW,CE,Combined TRACON& Tower with Radar,9,16,25,140,190,0,4,20,15,39,9,20,45,155,229,0,58,58,287
06/12/2020,CRP,TX,ASW,CE,Combined TRACON& Tower with Radar,8,15,20,99,142,0,2,22,9,33,8,17,42,108,175,0,0,0,175
06/13/2020,CRP,TX,ASW,CE,Combined TRACON& Tower with Radar,10,10,3,52,75,0,3,10,27,40,10,13,13,79,115,0,126,126,241
06/14/2020,CRP,TX,ASW,CE,Combined TRACON& Tower with Radar,8,3,20,57,88,0,1,22,7,30,8,4,42,64,118,0,0,0,118
06/15/2020,CRP,TX,ASW,CE,Combined TRACON& Tower with Radar,8,14,16,67,105,0,2,8,6,16,8,16,24,73,121,0,34,34,155
06/16/2020,CRP,TX,ASW,CE,Combined TRACON& Tower with Radar,8,13,29,133,183,0,2,6,19,27,8,15,35,152,210,0,148,148,358
06/17/2020,CRP,TX,ASW,CE,Combined TRACON& Tower with Radar,8,20,23,118,169,0,2,35,19,56,8,22,58,137,225,0,138,138,363
06/18/2020,CRP,TX,ASW,CE,Combined TRACON& Tower with Radar,8,13,32,65,118,0,2,13,7,22,8,15,45,72,140,0,20,20,160
06/19/2020,CRP,TX,ASW,CE,Combined TRACON& Tower with Radar,8,15,30,37,90,0,2,15,10,27,8,17,45,47,117,0,130,130,247
06/20/2020,CRP,TX,ASW,CE,Combined TRACON& Tower with Radar,8,7,11,82,108,0,2,16,22,40,8,9,27,104,148,4,110,114,262
06/21/2020,CRP,TX,ASW,CE,Combined TRACON& Tower with Radar,8,2,5,82,97,0,3,11,7,21,8,5,16,89,118,2,32,34,152
06/22/2020,CRP,TX,ASW,CE,Combined TRACON& Tower with Radar,10,9,25,38,82,0,6,13,18,37,10,15,38,56,119,8,278,286,405
06/23/2020,CRP,TX,ASW,CE,Combined TRACON& Tower with Radar,8,17,15,52,92,0,3,2,20,25,8,20,17,72,117,0,142,142,259
06/24/2020,CRP,TX,ASW,CE,Combined TRACON& Tower with Radar,8,14,25,54,101,0,0,7,9,16,8,14,32,63,117,0,144,144,261
06/25/2020,CRP,TX,ASW,CE,Combined TRACON& Tower with Radar,10,10,24,99,143,0,3,17,16,36,10,13,41,115,179,0,234,234,413
06/26/2020,CRP,TX,ASW,CE,Combined TRACON& Tower with Radar,10,10,24,66,110,0,0,4,6,10,10,10,28,72,120,0,16,16,136
06/27/2020,CRP,TX,ASW,CE,Combined TRACON& Tower with Radar,8,7,24,81,120,0,0,5,12,17,8,7,29,93,137,0,98,98,235
06/28/2020,CRP,TX,ASW,CE,Combined TRACON& Tower with Radar,7,6,20,51,84,0,3,1,13,17,7,9,21,64,101,0,0,0,101
06/29/2020,CRP,TX,ASW,CE,Combined TRACON& Tower with Radar,10,10,16,71,107,0,0,8,11,19,10,10,24,82,126,0,36,36,162
06/30/2020,CRP,TX,ASW,CE,Combined TRACON& Tower with Radar,8,12,22,90,132,0,3,6,9,18,8,15,28,99,150,8,132,140,290
07/01/2020,CRP,TX,ASW,CE,Combined TRACON& Tower with Radar,8,13,26,117,164,0,3,5,10,18,8,16,31,127,182,2,84,86,268
07/02/2020,CRP,TX,ASW,CE,Combined TRACON& Tower with Radar,8,16,25,59,108,0,1,17,12,30,8,17,42,71,138,0,22,22,160
07/03/2020,CRP,TX,ASW,CE,Combined TRACON& Tower with Radar,8,9,12,20,49,0,2,8,1,11,8,11,20,21,60,0,0,0,60
07/04/2020,CRP,TX,ASW,CE,Combined TRACON& Tower with Radar,8,2,4,0,14,0,2,5,0,7,8,4,9,0,21,4,0,4,25
07/05/2020,CRP,TX,ASW,CE,Combined TRACON& Tower with Radar,8,4,11,9,32,0,0,12,5,17,8,4,23,14,49,2,0,2,51
07/06/2020,CRP,TX,ASW,CE,Combined TRACON& Tower with Radar,8,8,7,2,25,0,1,11,6,18,8,9,18,8,43,0,0,0,43
07/07/2020,CRP,TX,ASW,CE,Combined TRACON& Tower with Radar,9,16,24,13,62,0,5,11,11,27,9,21,35,24,89,2,16,18,107
07/08/2020,CRP,TX,ASW,CE,Combined TRACON& Tower with Radar,10,19,26,136,191,0,10,13,12,35,10,29,39,148,226,0,88,88,314
07/09/2020,CRP,TX,ASW,CE,Combined TRACON& Tower with Radar,13,17,24,81,135,0,3,25,18,46,13,20,49,99,181,0,38,38,219
07/10/2020,CRP,TX,ASW,CE,Combined TRACON& Tower with Radar,13,17,16,71,117,0,5,10,13,28,13,22,26,84,145,0,72,72,217
07/11/2020,CRP,TX,ASW,CE,Combined TRACON& Tower with Radar,9,11,15,84,119,0,0,18,16,34,9,11,33,100,153,0,36,36,189
07/12/2020,CRP,TX,ASW,CE,Combined TRACON& Tower with Radar,11,10,21,82,124,0,1,13,16,30,11,11,34,98,154,0,0,0,154
07/13/2020,CRP,TX,ASW,CE,Combined TRACON& Tower with Radar,12,15,14,55,96,0,1,3,23,27,12,16,17,78,123,0,134,134,257
07/14/2020,CRP,TX,ASW,CE,Combined TRACON& Tower with Radar,10,18,23,114,165,0,4,14,15,33,10,22,37,129,198,0,136,136,334
07/15/2020,CRP,TX,ASW,CE,Combined TRACON& Tower with Radar,10,18,26,73,127,0,2,15,11,28,10,20,41,84,155,14,182,196,351
07/16/2020,CRP,TX,ASW,CE,Combined TRACON& Tower with Radar,12,18,29,87,146,0,1,13,15,29,12,19,42,102,175,10,56,66,241
07/17/2020,CRP,TX,ASW,CE,Combined TRACON& Tower with Radar,12,20,22,48,102,0,2,5,14,21,12,22,27,62,123,0,42,42,165
07/18/2020,CRP,TX,ASW,CE,Combined TRACON& Tower with Radar,9,13,11,46,79,0,2,7,14,23,9,15,18,60,102,0,118,118,220
07/19/2020,CRP,TX,ASW,CE,Combined TRACON& Tower with Radar,11,11,11,78,111,0,3,8,13,24,11,14,19,91,135,0,28,28,163
07/20/2020,CRP,TX,ASW,CE,Combined TRACON& Tower with Radar,14,15,16,71,116,0,4,13,9,26,14,19,29,80,142,0,152,152,294
07/21/2020,CRP,TX,ASW,CE,Combined TRACON& Tower with Radar,10,16,19,90,135,0,6,18,8,32,10,22,37,98,167,0,44,44,211
07/22/2020,CRP,TX,ASW,CE,Combined TRACON& Tower with Radar,10,14,16,84,124,0,2,10,5,17,10,16,26,89,141,0,20,20,161
07/23/2020,CRP,TX,ASW,CE,Combined TRACON& Tower with Radar,12,20,21,58,111,0,2,9,9,20,12,22,30,67,131,0,78,78,209
07/24/2020,CRP,TX,ASW,CE,Combined TRACON& Tower with Radar,13,16,17,49,95,0,3,0,3,6,13,19,17,52,101,0,0,0,101
07/25/2020,CRP,TX,ASW,CE,Combined TRACON& Tower with Radar,2,1,1,0,4,0,0,0,1,1,2,1,1,1,5,0,0,0,5
07/26/2020,CRP,TX,ASW,CE,Combined TRACON& Tower with Radar,13,4,2,2,21,0,2,0,6,8,13,6,2,8,29,0,0,0,29
07/27/2020,CRP,TX,ASW,CE,Combined TRACON& Tower with Radar,12,15,9,75,111,0,1,12,13,26,12,16,21,88,137,0,72,72,209
07/28/2020,CRP,TX,ASW,CE,Combined TRACON& Tower with Radar,10,19,17,73,119,0,2,11,9,22,10,21,28,82,141,0,104,104,245
07/29/2020,CRP,TX,ASW,CE,Combined TRACON& Tower with Radar,10,18,19,84,131,0,3,10,17,30,10,21,29,101,161,0,64,64,225
07/30/2020,CRP,TX,ASW,CE,Combined TRACON& Tower with Radar,10,22,29,95,156,0,4,14,15,33,10,26,43,110,189,2,80,82,271
07/31/2020,CRP,TX,ASW,CE,Combined TRACON& Tower with Radar,12,20,20,100,152,0,1,13,21,35,12,21,33,121,187,6,366,372,559
08/01/2020,CRP,TX,ASW,CE,Combined TRACON& Tower with Radar,9,16,13,39,77,0,1,11,11,23,9,17,24,50,100,0,20,20,120
08/02/2020,CRP,TX,ASW,CE,Combined TRACON& Tower with Radar,11,10,22,89,132,0,0,24,14,38,11,10,46,103,170,0,114,114,284
08/03/2020,CRP,TX,ASW,CE,Combined TRACON& Tower with Radar,11,15,20,77,123,0,4,11,19,34,11,19,31,96,157,20,238,258,415
08/04/2020,CRP,TX,ASW,CE,Combined TRACON& Tower with Radar,12,13,16,78,119,0,2,7,16,25,12,15,23,94,144,0,162,162,306
08/05/2020,CRP,TX,ASW,CE,Combined TRACON& Tower with Radar,12,8,26,70,116,0,1,22,16,39,12,9,48,86,155,0,242,242,397
08/06/2020,CRP,TX,ASW,CE,Combined TRACON& Tower with Radar,14,10,20,102,146,0,3,11,7,21,14,13,31,109,167,0,34,34,201
08/07/2020,CRP,TX,ASW,CE,Combined TRACON& Tower with Radar,14,12,21,85,132,0,1,13,12,26,14,13,34,97,158,0,140,140,298
08/08/2020,CRP,TX,ASW,CE,Combined TRACON& Tower with Radar,13,7,13,95,128,0,1,11,21,33,13,8,24,116,161,0,46,46,207
08/09/2020,CRP,TX,ASW,CE,Combined TRACON& Tower with Radar,13,11,14,45,83,0,2,17,26,45,13,13,31,71,128,4,78,82,210
08/10/2020,CRP,TX,ASW,CE,Combined TRACON& Tower with Radar,14,14,18,70,116,0,1,6,12,19,14,15,24,82,135,0,50,50,185
08/11/2020,CRP,TX,ASW,CE,Combined TRACON& Tower with Radar,12,13,31,56,112,0,5,24,8,37,12,18,55,64,149,0,24,24,173
08/12/2020,CRP,TX,ASW,CE,Combined TRACON& Tower with Radar,12,10,27,79,128,0,4,16,14,34,12,14,43,93,162,0,364,364,526
08/13/2020,CRP,TX,ASW,CE,Combined TRACON& Tower with Radar,16,15,41,91,163,0,3,22,10,35,16,18,63,101,198,0,324,324,522
08/14/2020,CRP,TX,ASW,CE,Combined TRACON& Tower with Radar,16,15,29,47,107,0,6,16,19,41,16,21,45,66,148,0,108,108,256
08/15/2020,CRP,TX,ASW,CE,Combined TRACON& Tower with Radar,15,9,9,77,110,0,1,13,28,42,15,10,22,105,152,0,112,112,264
08/16/2020,CRP,TX,ASW,CE,Combined TRACON& Tower with Radar,16,16,13,55,100,0,0,17,18,35,16,16,30,73,135,20,54,74,209
08/17/2020,CRP,TX,ASW,CE,Combined TRACON& Tower with Radar,17,10,12,62,101,0,3,14,7,24,17,13,26,69,125,16,56,72,197
08/18/2020,CRP,TX,ASW,CE,Combined TRACON& Tower with Radar,12,11,16,83,122,0,6,11,13,30,12,17,27,96,152,18,168,186,338
08/19/2020,CRP,TX,ASW,CE,Combined TRACON& Tower with Radar,12,9,19,78,118,0,3,20,19,42,12,12,39,97,160,2,86,88,248
08/20/2020,CRP,TX,ASW,CE,Combined TRACON& Tower with Radar,16,12,44,108,180,0,0,15,11,26,16,12,59,119,206,0,96,96,302
08/21/2020,CRP,TX,ASW,CE,Combined TRACON& Tower with Radar,16,12,20,98,146,0,2,12,20,34,16,14,32,118,180,0,14,14,194
08/22/2020,CRP,TX,ASW,CE,Combined TRACON& Tower with Radar,16,11,4,60,91,0,3,13,27,43,16,14,17,87,134,0,140,140,274
08/23/2020,CRP,TX,ASW,CE,Combined TRACON& Tower with Radar,16,10,19,68,113,0,1,12,14,27,16,11,31,82,140,0,82,82,222
08/24/2020,CRP,TX,ASW,CE,Combined TRACON& Tower with Radar,16,14,14,65,109,0,0,8,14,22,16,14,22,79,131,0,72,72,203
08/25/2020,CRP,TX,ASW,CE,Combined TRACON& Tower with Radar,12,13,28,89,142,0,3,11,20,34,12,16,39,109,176,0,228,228,404
08/26/2020,CRP,TX,ASW,CE,Combined TRACON& Tower with Radar,7,8,18,94,127,0,4,7,7,18,7,12,25,101,145,0,68,68,213
08/27/2020,CRP,TX,ASW,CE,Combined TRACON& Tower with Radar,11,14,14,83,122,0,1,6,36,43,11,15,20,119,165,0,146,146,311
08/28/2020,CRP,TX,ASW,CE,Combined TRACON& Tower with Radar,16,13,21,70,120,0,2,15,13,30,16,15,36,83,150,0,144,144,294
08/29/2020,CRP,TX,ASW,CE,Combined TRACON& Tower with Radar,15,9,12,37,73,0,7,8,9,24,15,16,20,46,97,0,24,24,121
08/30/2020,CRP,TX,ASW,CE,Combined TRACON& Tower with Radar,15,6,13,46,80,0,3,17,11,31,15,9,30,57,111,0,0,0,111
08/31/2020,CRP,TX,ASW,CE,Combined TRACON& Tower with Radar,16,12,22,109,159,0,2,4,15,21,16,14,26,124,180,0,118,118,298
09/01/2020,CRP,TX,ASW,CE,Combined TRACON& Tower with Radar,10,11,33,118,172,0,0,5,9,14,10,11,38,127,186,0,178,178,364
09/02/2020,CRP,TX,ASW,CE,Combined TRACON& Tower with Radar,20,20,18,106,164,0,0,12,22,34,20,20,30,128,198,0,220,220,418
09/03/2020,CRP,TX,ASW,CE,Combined TRACON& Tower with Radar,14,16,31,113,174,0,1,8,18,27,14,17,39,131,201,0,180,180,381
09/04/2020,CRP,TX,ASW,CE,Combined TRACON& Tower with Radar,14,19,26,0,59,0,0,10,5,15,14,19,36,5,74,8,0,8,82
09/05/2020,CRP,TX,ASW,CE,Combined TRACON& Tower with Radar,17,4,5,73,99,0,1,7,6,14,17,5,12,79,113,0,4,4,117
09/06/2020,CRP,TX,ASW,CE,Combined TRACON& Tower with Radar,8,5,9,50,72,0,7,14,5,26,8,12,23,55,98,2,24,26,124
09/07/2020,CRP,TX,ASW,CE,Combined TRACON& Tower with Radar,12,12,15,34,73,0,2,18,3,23,12,14,33,37,96,0,2,2,98
09/08/2020,CRP,TX,ASW,CE,Combined TRACON& Tower with Radar,12,10,19,84,125,0,4,11,9,24,12,14,30,93,149,4,36,40,189
09/09/2020,CRP,TX,ASW,CE,Combined TRACON& Tower with Radar,12,21,26,85,144,0,0,2,11,13,12,21,28,96,157,0,80,80,237
09/10/2020,CRP,TX,ASW,CE,Combined TRACON& Tower with Radar,8,18,34,119,179,0,1,7,16,24,8,19,41,135,203,10,50,60,263
09/11/2020,CRP,TX,ASW,CE,Combined TRACON& Tower with Radar,8,18,38,113,177,0,2,11,8,21,8,20,49,121,198,0,32,32,230
09/12/2020,CRP,TX,ASW,CE,Combined TRACON& Tower with Radar,8,7,8,68,91,0,4,13,16,33,8,11,21,84,124,0,76,76,200
09/13/2020,CRP,TX,ASW,CE,Combined TRACON& Tower with Radar,8,14,13,109,144,0,2,9,9,20,8,16,22,118,164,0,36,36,200
09/14/2020,CRP,TX,ASW,CE,Combined TRACON& Tower with Radar,8,15,15,64,102,0,1,11,17,29,8,16,26,81,131,0,58,58,189
09/15/2020,CRP,TX,ASW,CE,Combined TRACON& Tower with Radar,9,19,24,140,192,0,4,14,18,36,9,23,38,158,228,0,134,134,362
09/16/2020,CRP,TX,ASW,CE,Combined TRACON& Tower with Radar,9,21,24,53,107,0,0,11,10,21,9,21,35,63,128,0,52,52,180
09/17/2020,CRP,TX,ASW,CE,Combined TRACON& Tower with Radar,8,16,21,39,84,0,1,10,7,18,8,17,31,46,102,0,50,50,152
09/18/2020,CRP,TX,ASW,CE,Combined TRACON& Tower with Radar,8,23,24,148,203,0,2,19,16,37,8,25,43,164,240,0,102,102,342
09/19/2020,CRP,TX,ASW,CE,Combined TRACON& Tower with Radar,8,14,23,18,63,0,1,13,14,28,8,15,36,32,91,10,34,44,135
09/20/2020,CRP,TX,ASW,CE,Combined TRACON& Tower with Radar,8,17,14,31,70,0,0,11,8,19,8,17,25,39,89,12,0,12,101
09/21/2020,CRP,TX,ASW,CE,Combined TRACON& Tower with Radar,8,17,11,22,58,0,0,1,2,3,8,17,12,24,61,0,0,0,61
09/22/2020,CRP,TX,ASW,CE,Combined TRACON& Tower with Radar,7,21,30,174,232,0,5,9,11,25,7,26,39,185,257,2,200,202,459
09/23/2020,CRP,TX,ASW,CE,Combined TRACON& Tower with Radar,9,15,30,152,206,0,3,16,22,41,9,18,46,174,247,8,198,206,453
09/24/2020,CRP,TX,ASW,CE,Combined TRACON& Tower with Radar,8,20,31,97,156,0,3,20,8,31,8,23,51,105,187,0,102,102,289
09/25/2020,CRP,TX,ASW,CE,Combined TRACON& Tower with Radar,8,19,32,100,159,0,7,23,10,40,8,26,55,110,199,2,174,176,375
09/26/2020,CRP,TX,ASW,CE,Combined TRACON& Tower with Radar,8,16,11,74,109,0,3,12,20,35,8,19,23,94,144,0,110,110,254
09/27/2020,CRP,TX,ASW,CE,Combined TRACON& Tower with Radar,10,10,15,61,96,0,1,13,21,35,10,11,28,82,131,0,44,44,175
09/28/2020,CRP,TX,ASW,CE,Combined TRACON& Tower with Radar,8,20,26,112,166,0,0,11,12,23,8,20,37,124,189,0,36,36,225
09/29/2020,CRP,TX,ASW,CE,Combined TRACON& Tower with Radar,9,14,15,131,169,0,2,21,18,41,9,16,36,149,210,0,56,56,266
09/30/2020,CRP,TX,ASW,CE,Combined TRACON& Tower with Radar,9,26,21,74,130,0,5,21,12,38,9,31,42,86,168,0,52,52,220
10/01/2020,CRP,TX,ASW,CE,Combined TRACON& Tower with Radar,8,18,24,101,151,0,3,27,18,48,8,21,51,119,199,0,238,238,437
10/02/2020,CRP,TX,ASW,CE,Combined TRACON& Tower with Radar,8,18,23,72,121,0,4,13,13,30,8,22,36,85,151,0,126,126,277
10/03/2020,CRP,TX,ASW,CE,Combined TRACON& Tower with Radar,10,13,10,54,87,0,1,23,12,36,10,14,33,66,123,0,8,8,131
10/04/2020,CRP,TX,ASW,CE,Combined TRACON& Tower with Radar,8,11,6,41,66,0,1,18,18,37,8,12,24,59,103,0,58,58,161
10/05/2020,CRP,TX,ASW,CE,Combined TRACON& Tower with Radar,8,18,17,109,152,0,2,21,16,39,8,20,38,125,191,0,158,158,349
10/06/2020,CRP,TX,ASW,CE,Combined TRACON& Tower with Radar,9,14,29,79,131,0,2,21,14,37,9,16,50,93,168,0,90,90,258
10/07/2020,CRP,TX,ASW,CE,Combined TRACON& Tower with Radar,14,20,29,115,178,0,2,25,15,42,14,22,54,130,220,10,90,100,320
10/08/2020,CRP,TX,ASW,CE,Combined TRACON& Tower with Radar,12,15,49,93,169,0,3,10,18,31,12,18,59,111,200,0,126,126,326
10/09/2020,CRP,TX,ASW,CE,Combined TRACON& Tower with Radar,16,13,19,97,145,0,1,14,13,28,16,14,33,110,173,0,104,104,277
10/10/2020,CRP,TX,ASW,CE,Combined TRACON& Tower with Radar,12,11,19,112,154,0,5,23,12,40,12,16,42,124,194,0,20,20,214
10/11/2020,CRP,TX,ASW,CE,Combined TRACON& Tower with Radar,14,12,15,61,102,0,3,18,9,30,14,15,33,70,132,0,36,36,168
10/12/2020,CRP,TX,ASW,CE,Combined TRACON& Tower with Radar,16,10,16,40,82,0,3,9,9,21,16,13,25,49,103,0,44,44,147
10/13/2020,CRP,TX,ASW,CE,Combined TRACON& Tower with Radar,14,8,23,88,133,0,1,16,14,31,14,9,39,102,164,0,104,104,268
10/14/2020,CRP,TX,ASW,CE,Combined TRACON& Tower with Radar,14,19,37,115,185,0,4,24,18,46,14,23,61,133,231,2,152,154,385
10/15/2020,CRP,TX,ASW,CE,Combined TRACON& Tower with Radar,12,21,27,115,175,0,4,14,19,37,12,25,41,134,212,0,306,306,518
10/16/2020,CRP,TX,ASW,CE,Combined TRACON& Tower with Radar,14,17,38,114,183,0,0,1,19,20,14,17,39,133,203,0,186,186,389
10/17/2020,CRP,TX,ASW,CE,Combined TRACON& Tower with Radar,14,12,7,83,116,0,0,18,3,21,14,12,25,86,137,6,66,72,209
10/18/2020,CRP,TX,ASW,CE,Combined TRACON& Tower with Radar,14,9,10,48,81,0,5,29,12,46,14,14,39,60,127,24,40,64,191
10/19/2020,CRP,TX,ASW,CE,Combined TRACON& Tower with Radar,14,13,14,94,135,0,1,6,14,21,14,14,20,108,156,0,68,68,224
10/20/2020,CRP,TX,ASW,CE,Combined TRACON& Tower with Radar,14,14,24,78,130,0,2,18,21,41,14,16,42,99,171,0,96,96,267
10/21/2020,CRP,TX,ASW,CE,Combined TRACON& Tower with Radar,14,12,23,114,163,0,5,22,29,56,14,17,45,143,219,0,212,212,431
10/22/2020,CRP,TX,ASW,CE,Combined TRACON& Tower with Radar,12,15,33,117,177,0,5,14,6,25,12,20,47,123,202,0,0,0,202
10/23/2020,CRP,TX,ASW,CE,Combined TRACON& Tower with Radar,14,23,21,152,210,0,0,25,19,44,14,23,46,171,254,0,70,70,324
10/24/2020,CRP,TX,ASW,CE,Combined TRACON& Tower with Radar,12,12,19,86,129,0,3,13,8,24,12,15,32,94,153,0,22,22,175
10/25/2020,CRP,TX,ASW,CE,Combined TRACON& Tower with Radar,14,16,14,94,138,0,1,5,11,17,14,17,19,105,155,0,24,24,179
10/26/2020,CRP,TX,ASW,CE,Combined TRACON& Tower with Radar,14,13,23,86,136,0,4,14,33,51,14,17,37,119,187,4,76,80,267
10/27/2020,CRP,TX,ASW,CE,Combined TRACON& Tower with Radar,14,11,22,137,184,0,4,0,1,5,14,15,22,138,189,0,0,0,189
10/28/2020,CRP,TX,ASW,CE,Combined TRACON& Tower with Radar,14,15,18,132,179,0,0,2,18,20,14,15,20,150,199,0,162,162,361
10/29/2020,CRP,TX,ASW,CE,Combined TRACON& Tower with Radar,12,13,20,78,123,0,1,26,6,33,12,14,46,84,156,8,100,108,264
10/30/2020,CRP,TX,ASW,CE,Combined TRACON& Tower with Radar,14,15,17,97,143,0,6,20,8,34,14,21,37,105,177,0,74,74,251
10/31/2020,CRP,TX,ASW,CE,Combined TRACON& Tower with Radar,10,13,6,45,74,0,2,12,12,26,10,15,18,57,100,0,132,132,232
11/01/2020,CRP,TX,ASW,CE,Combined TRACON& Tower with Radar,12,11,18,52,93,0,4,18,21,43,12,15,36,73,136,0,50,50,186
11/02/2020,CRP,TX,ASW,CE,Combined TRACON& Tower with Radar,14,15,26,99,154,0,1,10,14,25,14,16,36,113,179,0,196,196,375
11/03/2020,CRP,TX,ASW,CE,Combined TRACON& Tower with Radar,14,18,20,118,170,0,5,7,12,24,14,23,27,130,194,0,150,150,344
11/04/2020,CRP,TX,ASW,CE,Combined TRACON& Tower with Radar,13,17,30,154,214,0,1,22,13,36,13,18,52,167,250,0,370,370,620
11/05/2020,CRP,TX,ASW,CE,Combined TRACON& Tower with Radar,14,16,31,84,145,0,2,18,9,29,14,18,49,93,174,0,90,90,264
11/06/2020,CRP,TX,ASW,CE,Combined TRACON& Tower with Radar,18,18,20,66,122,0,3,13,22,38,18,21,33,88,160,0,46,46,206
11/07/2020,CRP,TX,ASW,CE,Combined TRACON& Tower with Radar,16,14,13,28,71,0,1,8,7,16,16,15,21,35,87,0,90,90,177
11/08/2020,CRP,TX,ASW,CE,Combined TRACON& Tower with Radar,16,16,18,54,104,0,0,6,13,19,16,16,24,67,123,0,43,43,166
11/09/2020,CRP,TX,ASW,CE,Combined TRACON& Tower with Radar,16,15,12,132,175,0,1,5,13,19,16,16,17,145,194,4,150,154,348
11/10/2020,CRP,TX,ASW,CE,Combined TRACON& Tower with Radar,14,20,15,131,180,0,1,14,23,38,14,21,29,154,218,4,194,198,416
11/11/2020,CRP,TX,ASW,CE,Combined TRACON& Tower with Radar,14,24,24,72,134,0,1,17,16,34,14,25,41,88,168,0,92,92,260
11/12/2020,CRP,TX,ASW,CE,Combined TRACON& Tower with Radar,16,20,23,63,122,0,1,6,23,30,16,21,29,86,152,0,134,134,286
11/13/2020,CRP,TX,ASW,CE,Combined TRACON& Tower with Radar,16,19,24,110,169,0,2,17,13,32,16,21,41,123,201,0,132,132,333
11/14/2020,CRP,TX,ASW,CE,Combined TRACON& Tower with Radar,15,14,5,96,130,0,1,13,16,30,15,15,18,112,160,0,71,71,231
11/15/2020,CRP,TX,ASW,CE,Combined TRACON& Tower with Radar,16,18,12,71,117,0,3,6,18,27,16,21,18,89,144,0,38,38,182
11/16/2020,CRP,TX,ASW,CE,Combined TRACON& Tower with Radar,16,19,15,82,132,0,1,13,24,38,16,20,28,106,170,0,152,152,322
11/17/2020,CRP,TX,ASW,CE,Combined TRACON& Tower with Radar,14,18,28,107,167,0,0,9,25,34,14,18,37,132,201,0,116,116,317
11/18/2020,CRP,TX,ASW,CE,Combined TRACON& Tower with Radar,14,17,12,78,121,0,1,20,24,45,14,18,32,102,166,0,18,18,184
11/19/2020,CRP,TX,ASW,CE,Combined TRACON& Tower with Radar,14,20,46,110,190,0,1,20,15,36,14,21,66,125,226,2,118,120,346
11/20/2020,CRP,TX,ASW,CE,Combined TRACON& Tower with Radar,17,24,32,99,172,0,0,7,12,19,17,24,39,111,191,0,228,228,419
11/21/2020,CRP,TX,ASW,CE,Combined TRACON& Tower with Radar,16,15,17,134,182,0,2,9,11,22,16,17,26,145,204,0,54,54,258
11/22/2020,CRP,TX,ASW,CE,Combined TRACON& Tower with Radar,16,17,30,98,161,0,2,10,13,25,16,19,40,111,186,4,24,28,214
11/23/2020,CRP,TX,ASW,CE,Combined TRACON& Tower with Radar,14,13,26,151,204,0,0,4,13,17,14,13,30,164,221,2,204,206,427
11/24/2020,CRP,TX,ASW,CE,Combined TRACON& Tower with Radar,19,25,26,120,190,0,1,6,20,27,19,26,32,140,217,0,68,68,285
11/25/2020,CRP,TX,ASW,CE,Combined TRACON& Tower with Radar,19,18,12,51,100,0,4,6,6,16,19,22,18,57,116,0,0,0,116
11/26/2020,CRP,TX,ASW,CE,Combined TRACON& Tower with Radar,8,10,11,0,29,0,6,1,2,9,8,16,12,2,38,0,0,0,38
11/27/2020,CRP,TX,ASW,CE,Combined TRACON& Tower with Radar,12,14,7,29,62,0,1,3,6,10,12,15,10,35,72,0,20,20,92
11/28/2020,CRP,TX,ASW,CE,Combined TRACON& Tower with Radar,18,16,4,0,38,0,0,1,1,2,18,16,5,1,40,0,0,0,40
11/29/2020,CRP,TX,ASW,CE,Combined TRACON& Tower with Radar,18,14,17,31,80,0,3,12,6,21,18,17,29,37,101,0,36,36,137
11/30/2020,CRP,TX,ASW,CE,Combined TRACON& Tower with Radar,20,22,20,131,193,0,2,6,17,25,20,24,26,148,218,0,106,106,324
12/01/2020,CRP,TX,ASW,CE,Combined TRACON& Tower with Radar,14,14,25,104,157,0,1,15,15,31,14,15,40,119,188,0,116,116,304
12/02/2020,CRP,TX,ASW,CE,Combined TRACON& Tower with Radar,12,18,16,93,139,0,2,16,17,35,12,20,32,110,174,0,108,108,282
12/03/2020,CRP,TX,ASW,CE,Combined TRACON& Tower with Radar,14,14,22,130,180,0,2,24,14,40,14,16,46,144,220,0,38,38,258
12/04/2020,CRP,TX,ASW,CE,Combined TRACON& Tower with Radar,16,18,31,76,141,0,1,13,16,30,16,19,44,92,171,0,166,166,337
12/05/2020,CRP,TX,ASW,CE,Combined TRACON& Tower with Radar,14,12,18,47,91,0,5,3,7,15,14,17,21,54,106,0,60,60,166
12/06/2020,CRP,TX,ASW,CE,Combined TRACON& Tower with Radar,16,15,15,59,105,0,0,15,14,29,16,15,30,73,134,2,34,36,170
12/07/2020,CRP,TX,ASW,CE,Combined TRACON& Tower with Radar,16,15,25,109,165,0,1,22,12,35,16,16,47,121,200,0,62,62,262
12/08/2020,CRP,TX,ASW,CE,Combined TRACON& Tower with Radar,12,18,22,123,175,0,5,22,16,43,12,23,44,139,218,0,78,78,296
12/09/2020,CRP,TX,ASW,CE,Combined TRACON& Tower with Radar,12,15,29,116,172,0,2,4,14,20,12,17,33,130,192,0,112,112,304
12/10/2020,CRP,TX,ASW,CE,Combined TRACON& Tower with Radar,16,22,26,100,164,0,2,15,12,29,16,24,41,112,193,0,206,206,399
12/11/2020,CRP,TX,ASW,CE,Combined TRACON& Tower with Radar,16,28,27,110,181,0,3,2,10,15,16,31,29,120,196,0,224,224,420
12/12/2020,CRP,TX,ASW,CE,Combined TRACON& Tower with Radar,14,11,13,79,117,0,2,4,13,19,14,13,17,92,136,0,178,178,314
12/13/2020,CRP,TX,ASW,CE,Combined TRACON& Tower with Radar,16,14,20,84,134,0,0,3,4,7,16,14,23,88,141,0,50,50,191
12/14/2020,CRP,TX,ASW,CE,Combined TRACON& Tower with Radar,18,14,24,118,174,0,3,20,13,36,18,17,44,131,210,14,222,236,446
12/15/2020,CRP,TX,ASW,CE,Combined TRACON& Tower with Radar,12,17,23,185,237,0,3,22,27,52,12,20,45,212,289,0,138,138,427
12/16/2020,CRP,TX,ASW,CE,Combined TRACON& Tower with Radar,12,19,34,86,151,0,2,20,24,46,12,21,54,110,197,0,212,212,409
12/17/2020,CRP,TX,ASW,CE,Combined TRACON& Tower with Radar,14,18,36,107,175,0,2,16,21,39,14,20,52,128,214,0,124,124,338
12/18/2020,CRP,TX,ASW,CE,Combined TRACON& Tower with Radar,14,22,26,55,117,0,5,5,13,23,14,27,31,68,140,0,74,74,214
12/19/2020,CRP,TX,ASW,CE,Combined TRACON& Tower with Radar,12,13,14,34,73,0,3,1,12,16,12,16,15,46,89,0,20,20,109
12/20/2020,CRP,TX,ASW,CE,Combined TRACON& Tower with Radar,12,9,24,33,78,0,0,24,5,29,12,9,48,38,107,0,0,0,107
12/21/2020,CRP,TX,ASW,CE,Combined TRACON& Tower with Radar,14,13,18,34,79,0,2,19,8,29,14,15,37,42,108,0,78,78,186
12/22/2020,CRP,TX,ASW,CE,Combined TRACON& Tower with Radar,12,25,26,31,94,0,2,11,8,21,12,27,37,39,115,0,82,82,197
12/23/2020,CRP,TX,ASW,CE,Combined TRACON& Tower with Radar,14,23,20,27,84,0,2,5,4,11,14,25,25,31,95,0,6,6,101
12/24/2020,CRP,TX,ASW,CE,Combined TRACON& Tower with Radar,12,10,10,0,32,0,2,5,0,7,12,12,15,0,39,0,0,0,39
12/25/2020,CRP,TX,ASW,CE,Combined TRACON& Tower with Radar,10,7,0,0,17,0,4,6,0,10,10,11,6,0,27,0,0,0,27
12/26/2020,CRP,TX,ASW,CE,Combined TRACON& Tower with Radar,10,17,15,1,43,0,0,14,3,17,10,17,29,4,60,0,0,0,60
12/27/2020,CRP,TX,ASW,CE,Combined TRACON& Tower with Radar,16,14,13,0,43,0,1,12,14,27,16,15,25,14,70,0,0,0,70
12/28/2020,CRP,TX,ASW,CE,Combined TRACON& Tower with Radar,14,15,23,22,74,0,5,10,8,23,14,20,33,30,97,0,112,112,209
12/29/2020,CRP,TX,ASW,CE,Combined TRACON& Tower with Radar,14,23,25,19,81,0,4,10,11,25,14,27,35,30,106,0,30,30,136
12/30/2020,CRP,TX,ASW,CE,Combined TRACON& Tower with Radar,11,17,13,25,66,0,2,1,7,10,11,19,14,32,76,0,22,22,98
12/31/2020,CRP,TX,ASW,CE,Combined TRACON& Tower with Radar,10,16,4,0,30,0,0,1,2,3,10,16,5,2,33,0,0,0,33
01/01/2021,CRP,TX,ASW,CE,Combined TRACON& Tower with Radar,11,10,6,3,30,0,1,5,1,7,11,11,11,4,37,0,0,0,37
01/02/2021,CRP,TX,ASW,CE,Combined TRACON& Tower with Radar,12,13,12,0,37,0,1,25,4,30,12,14,37,4,67,0,8,8,75
01/03/2021,CRP,TX,ASW,CE,Combined TRACON& Tower with Radar,14,12,12,7,45,0,0,23,3,26,14,12,35,10,71,6,4,10,81
01/04/2021,CRP,TX,ASW,CE,Combined TRACON& Tower with Radar,13,17,17,49,96,0,1,8,3,12,13,18,25,52,108,0,14,14,122
01/05/2021,CRP,TX,ASW,CE,Combined TRACON& Tower with Radar,14,22,26,38,100,0,0,2,5,7,14,22,28,43,107,0,86,86,193
01/06/2021,CRP,TX,ASW,CE,Combined TRACON& Tower with Radar,22,15,19,33,89,0,8,5,14,27,22,23,24,47,116,8,106,114,230
01/07/2021,CRP,TX,ASW,CE,Combined TRACON& Tower with Radar,18,10,24,84,136,0,0,16,6,22,18,10,40,90,158,0,68,68,226
01/08/2021,CRP,TX,ASW,CE,Combined TRACON& Tower with Radar,18,14,15,94,141,0,1,17,12,30,18,15,32,106,171,0,34,34,205
01/09/2021,CRP,TX,ASW,CE,Combined TRACON& Tower with Radar,18,9,17,47,91,0,1,9,8,18,18,10,26,55,109,0,10,10,119
01/10/2021,CRP,TX,ASW,CE,Combined TRACON& Tower with Radar,18,8,4,12,42,0,0,0,1,1,18,8,4,13,43,0,0,0,43
01/11/2021,CRP,TX,ASW,CE,Combined TRACON& Tower with Radar,45,9,41,162,257,0,2,6,21,29,45,11,47,183,286,6,160,166,452
01/12/2021,CRP,TX,ASW,CE,Combined TRACON& Tower with Radar,18,11,15,169,213,0,1,3,10,14,18,12,18,179,227,0,70,70,297
01/13/2021,CRP,TX,ASW,CE,Combined TRACON& Tower with Radar,18,14,22,91,145,0,4,15,11,30,18,18,37,102,175,0,74,74,249
01/14/2021,CRP,TX,ASW,CE,Combined TRACON& Tower with Radar,18,16,28,128,190,0,3,20,9,32,18,19,48,137,222,0,114,114,336
01/15/2021,CRP,TX,ASW,CE,Combined TRACON& Tower with Radar,18,17,31,91,157,0,3,26,18,47,18,20,57,109,204,0,104,104,308
01/16/2021,CRP,TX,ASW,CE,Combined TRACON& Tower with Radar,18,6,17,47,88,0,5,21,13,39,18,11,38,60,127,0,0,0,127
01/17/2021,CRP,TX,ASW,CE,Combined TRACON& Tower with Radar,17,12,18,43,90,0,5,20,3,28,17,17,38,46,118,12,52,64,182
01/18/2021,CRP,TX,ASW,CE,Combined TRACON& Tower with Radar,16,21,17,12,66,0,0,10,9,19,16,21,27,21,85,0,28,28,113
01/19/2021,CRP,TX,ASW,CE,Combined TRACON& Tower with Radar,16,15,11,144,186,0,1,3,12,16,16,16,14,156,202,0,90,90,292
01/20/2021,CRP,TX,ASW,CE,Combined TRACON& Tower with Radar,18,21,19,145,203,0,0,0,0,0,18,21,19,145,203,0,0,0,203
01/21/2021,CRP,TX,ASW,CE,Combined TRACON& Tower with Radar,16,28,37,93,174,0,0,0,4,4,16,28,37,97,178,0,0,0,178
01/22/2021,CRP,TX,ASW,CE,Combined TRACON& Tower with Radar,17,13,20,136,186,0,6,7,13,26,17,19,27,149,212,0,14,14,226
01/23/2021,CRP,TX,ASW,CE,Combined TRACON& Tower with Radar,20,7,15,29,71,0,0,0,1,1,20,7,15,30,72,0,0,0,72
01/24/2021,CRP,TX,ASW,CE,Combined TRACON& Tower with Radar,17,19,18,64,118,0,0,0,3,3,17,19,18,67,121,0,4,4,125
01/25/2021,CRP,TX,ASW,CE,Combined TRACON& Tower with Radar,19,10,19,167,215,0,1,12,17,30,19,11,31,184,245,0,122,122,367
01/26/2021,CRP,TX,ASW,CE,Combined TRACON& Tower with Radar,23,11,14,92,140,0,2,31,15,48,23,13,45,107,188,0,58,58,246
01/27/2021,CRP,TX,ASW,CE,Combined TRACON& Tower with Radar,29,28,27,174,258,0,2,19,29,50,29,30,46,203,308,0,86,86,394
01/28/2021,CRP,TX,ASW,CE,Combined TRACON& Tower with Radar,19,14,36,124,193,0,2,22,16,40,19,16,58,140,233,0,22,22,255
01/29/2021,CRP,TX,ASW,CE,Combined TRACON& Tower with Radar,18,13,30,122,183,0,0,26,13,39,18,13,56,135,222,0,74,74,296
01/30/2021,CRP,TX,ASW,CE,Combined TRACON& Tower with Radar,16,14,22,41,93,0,0,18,7,25,16,14,40,48,118,0,60,60,178
01/31/2021,CRP,TX,ASW,CE,Combined TRACON& Tower with Radar,20,8,14,66,108,0,1,18,6,25,20,9,32,72,133,2,38,40,173
02/01/2021,CRP,TX,ASW,CE,Combined TRACON& Tower with Radar,18,7,13,100,138,0,1,19,11,31,18,8,32,111,169,0,108,108,277
02/02/2021,CRP,TX,ASW,CE,Combined TRACON& Tower with Radar,18,14,19,105,156,0,5,24,18,47,18,19,43,123,203,0,184,184,387
02/03/2021,CRP,TX,ASW,CE,Combined TRACON& Tower with Radar,18,17,29,101,165,0,1,12,12,25,18,18,41,113,190,0,48,48,238
02/04/2021,CRP,TX,ASW,CE,Combined TRACON& Tower with Radar,18,18,43,108,187,0,2,14,14,30,18,20,57,122,217,0,100,100,317
02/05/2021,CRP,TX,ASW,CE,Combined TRACON& Tower with Radar,20,15,17,156,208,0,2,9,9,20,20,17,26,165,228,0,140,140,368
02/06/2021,CRP,TX,ASW,CE,Combined TRACON& Tower with Radar,20,7,22,77,126,0,0,7,8,15,20,7,29,85,141,0,36,36,177
02/07/2021,CRP,TX,ASW,CE,Combined TRACON& Tower with Radar,20,10,14,41,85,0,3,24,10,37,20,13,38,51,122,0,52,52,174
02/08/2021,CRP,TX,ASW,CE,Combined TRACON& Tower with Radar,20,7,19,10,56,0,0,3,3,6,20,7,22,13,62,0,38,38,100
02/09/2021,CRP,TX,ASW,CE,Combined TRACON& Tower with Radar,20,10,38,78,146,0,1,2,8,11,20,11,40,86,157,0,122,122,279
02/10/2021,CRP,TX,ASW,CE,Combined TRACON& Tower with Radar,20,29,40,53,142,0,0,0,3,3,20,29,40,56,145,0,54,54,199
02/11/2021,CRP,TX,ASW,CE,Combined TRACON& Tower with Radar,18,20,18,12,68,0,0,0,0,0,18,20,18,12,68,0,26,26,94
02/12/2021,CRP,TX,ASW,CE,Combined TRACON& Tower with Radar,16,28,18,36,98,0,0,0,1,1,16,28,18,37,99,0,16,16,115
02/13/2021,CRP,TX,ASW,CE,Combined TRACON& Tower with Radar,12,20,3,10,45,0,0,0,2,2,12,20,3,12,47,0,0,0,47
02/14/2021,CRP,TX,ASW,CE,Combined TRACON& Tower with Radar,5,19,4,12,40,0,0,0,0,0,5,19,4,12,40,0,0,0,40
02/15/2021,CRP,TX,ASW,CE,Combined TRACON& Tower with Radar,0,4,0,2,6,0,0,1,1,2,0,4,1,3,8,0,0,0,8
02/16/2021,CRP,TX,ASW,CE,Combined TRACON& Tower with Radar,1,14,5,5,25,0,2,0,2,4,1,16,5,7,29,0,0,0,29
02/17/2021,CRP,TX,ASW,CE,Combined TRACON& Tower with Radar,0,8,18,0,26,0,0,0,9,9,0,8,18,9,35,0,0,0,35
02/18/2021,CRP,TX,ASW,CE,Combined TRACON& Tower with Radar,10,7,10,10,37,0,0,4,3,7,10,7,14,13,44,0,0,0,44
02/19/2021,CRP,TX,ASW,CE,Combined TRACON& Tower with Radar,14,8,13,26,61,0,0,21,10,31,14,8,34,36,92,16,56,72,164
02/20/2021,CRP,TX,ASW,CE,Combined TRACON& Tower with Radar,12,15,9,75,111,0,3,11,19,33,12,18,20,94,144,0,29,29,173
02/21/2021,CRP,TX,ASW,CE,Combined TRACON& Tower with Radar,12,17,7,77,113,0,1,6,78,85,12,18,13,155,198,0,0,0,198
02/22/2021,CRP,TX,ASW,CE,Combined TRACON& Tower with Radar,14,21,25,104,164,0,2,16,14,32,14,23,41,118,196,0,84,84,280
02/23/2021,CRP,TX,ASW,CE,Combined TRACON& Tower with Radar,12,20,36,95,163,0,0,10,10,20,12,20,46,105,183,10,28,38,221
02/24/2021,CRP,TX,ASW,CE,Combined TRACON& Tower with Radar,12,29,28,118,187,0,1,17,13,31,12,30,45,131,218,0,127,127,345
02/25/2021,CRP,TX,ASW,CE,Combined TRACON& Tower with Radar,16,30,25,101,172,0,1,0,10,11,16,31,25,111,183,0,60,60,243
02/26/2021,CRP,TX,ASW,CE,Combined TRACON& Tower with Radar,16,33,32,96,177,0,5,8,16,29,16,38,40,112,206,0,92,92,298
02/27/2021,CRP,TX,ASW,CE,Combined TRACON& Tower with Radar,12,20,17,122,171,0,1,7,11,19,12,21,24,133,190,0,58,58,248
02/28/2021,CRP,TX,ASW,CE,Combined TRACON& Tower with Radar,14,16,26,85,141,0,2,4,6,12,14,18,30,91,153,0,0,0,153
03/01/2021,CRP,TX,ASW,CE,Combined TRACON& Tower with Radar,14,17,23,106,160,0,0,0,2,2,14,17,23,108,162,0,0,0,162
03/02/2021,CRP,TX,ASW,CE,Combined TRACON& Tower with Radar,12,24,26,80,142,0,3,22,30,55,12,27,48,110,197,0,98,98,295
03/03/2021,CRP,TX,ASW,CE,Combined TRACON& Tower with Radar,12,30,34,96,172,0,2,29,20,51,12,32,63,116,223,0,79,79,302
03/04/2021,CRP,TX,ASW,CE,Combined TRACON& Tower with Radar,17,29,34,111,191,0,1,34,21,56,17,30,68,132,247,4,104,108,355
03/05/2021,CRP,TX,ASW,CE,Combined TRACON& Tower with Radar,16,26,28,124,194,0,1,13,11,25,16,27,41,135,219,0,120,120,339
03/06/2021,CRP,TX,ASW,CE,Combined TRACON& Tower with Radar,17,18,17,103,155,0,3,17,16,36,17,21,34,119,191,0,66,66,257
03/07/2021,CRP,TX,ASW,CE,Combined TRACON& Tower with Radar,16,13,7,57,93,0,0,18,15,33,16,13,25,72,126,0,70,70,196
03/08/2021,CRP,TX,ASW,CE,Combined TRACON& Tower with Radar,16,26,26,127,195,0,0,5,11,16,16,26,31,138,211,0,80,80,291
03/09/2021,CRP,TX,ASW,CE,Combined TRACON& Tower with Radar,18,22,30,115,185,0,3,7,21,31,18,25,37,136,216,0,152,152,368
03/10/2021,CRP,TX,ASW,CE,Combined TRACON& Tower with Radar,16,20,23,86,145,0,4,12,15,31,16,24,35,101,176,0,38,38,214
03/11/2021,CRP,TX,ASW,CE,Combined TRACON& Tower with Radar,16,25,38,133,212,0,5,7,12,24,16,30,45,145,236,0,92,92,328
03/12/2021,CRP,TX,ASW,CE,Combined TRACON& Tower with Radar,15,27,28,123,193,0,3,7,9,19,15,30,35,132,212,0,94,94,306
03/13/2021,CRP,TX,ASW,CE,Combined TRACON& Tower with Radar,17,14,22,48,101,0,0,2,15,17,17,14,24,63,118,0,72,72,190
03/14/2021,CRP,TX,ASW,CE,Combined TRACON& Tower with Radar,16,21,16,52,105,0,0,2,1,3,16,21,18,53,108,0,10,10,118
03/15/2021,CRP,TX,ASW,CE,Combined TRACON& Tower with Radar,16,23,28,63,130,0,0,3,1,4,16,23,31,64,134,0,12,12,146
03/16/2021,CRP,TX,ASW,CE,Combined TRACON& Tower with Radar,16,21,28,149,214,0,0,2,5,7,16,21,30,154,221,0,26,26,247
03/17/2021,CRP,TX,ASW,CE,Combined TRACON& Tower with Radar,15,23,34,92,164,0,0,13,12,25,15,23,47,104,189,0,10,10,199
03/18/2021,CRP,TX,ASW,CE,Combined TRACON& Tower with Radar,17,24,35,91,167,0,3,33,23,59,17,27,68,114,226,0,49,49,275
03/19/2021,CRP,TX,ASW,CE,Combined TRACON& Tower with Radar,16,26,27,58,127,0,3,22,21,46,16,29,49,79,173,0,48,48,221
03/20/2021,CRP,TX,ASW,CE,Combined TRACON& Tower with Radar,16,13,16,91,136,0,1,24,17,42,16,14,40,108,178,0,0,0,178
03/21/2021,CRP,TX,ASW,CE,Combined TRACON& Tower with Radar,16,15,7,75,113,0,4,27,16,47,16,19,34,91,160,4,56,60,220
03/22/2021,CRP,TX,ASW,CE,Combined TRACON& Tower with Radar,14,21,23,138,196,0,2,6,12,20,14,23,29,150,216,0,184,184,400
03/23/2021,CRP,TX,ASW,CE,Combined TRACON& Tower with Radar,16,21,35,150,222,0,4,19,14,37,16,25,54,164,259,0,98,98,357
03/24/2021,CRP,TX,ASW,CE,Combined TRACON& Tower with Radar,16,21,32,63,132,0,2,7,1,10,16,23,39,64,142,0,4,4,146
03/25/2021,CRP,TX,ASW,CE,Combined TRACON& Tower with Radar,16,18,29,106,169,0,0,16,13,29,16,18,45,119,198,0,86,86,284
03/26/2021,CRP,TX,ASW,CE,Combined TRACON& Tower with Radar,16,24,31,94,165,0,0,28,13,41,16,24,59,107,206,0,20,20,226
03/27/2021,CRP,TX,ASW,CE,Combined TRACON& Tower with Radar,16,16,10,77,119,0,0,10,14,24,16,16,20,91,143,0,3,3,146
03/28/2021,CRP,TX,ASW,CE,Combined TRACON& Tower with Radar,16,18,18,45,97,0,0,3,5,8,16,18,21,50,105,0,73,73,178
03/29/2021,CRP,TX,ASW,CE,Combined TRACON& Tower with Radar,16,20,26,40,102,0,0,11,7,18,16,20,37,47,120,0,4,4,124
03/30/2021,CRP,TX,ASW,CE,Combined TRACON& Tower with Radar,16,17,21,90,144,0,1,4,10,15,16,18,25,100,159,0,17,17,176
03/31/2021,CRP,TX,ASW,CE,Combined TRACON& Tower with Radar,16,27,23,80,146,0,3,2,10,15,16,30,25,90,161,0,37,37,198
04/01/2021,CRP,TX,ASW,CE,Combined TRACON& Tower with Radar,16,34,38,81,169,0,6,13,20,39,16,40,51,101,208,0,56,56,264
04/02/2021,CRP,TX,ASW,CE,Combined TRACON& Tower with Radar,16,24,29,52,121,0,3,20,18,41,16,27,49,70,162,0,156,156,318
04/03/2021,CRP,TX,ASW,CE,Combined TRACON& Tower with Radar,12,17,15,15,59,0,5,4,9,18,12,22,19,24,77,0,142,142,219
04/04/2021,CRP,TX,ASW,CE,Combined TRACON& Tower with Radar,16,15,18,17,66,0,2,8,11,21,16,17,26,28,87,0,0,0,87
04/05/2021,CRP,TX,ASW,CE,Combined TRACON& Tower with Radar,16,25,25,109,175,0,5,7,8,20,16,30,32,117,195,0,12,12,207
04/06/2021,CRP,TX,ASW,CE,Combined TRACON& Tower with Radar,14,18,26,112,170,0,0,11,15,26,14,18,37,127,196,0,64,64,260
04/07/2021,CRP,TX,ASW,CE,Combined TRACON& Tower with Radar,14,23,32,68,137,0,3,7,7,17,14,26,39,75,154,0,6,6,160
04/08/2021,CRP,TX,ASW,CE,Combined TRACON& Tower with Radar,16,29,32,66,143,0,2,17,13,32,16,31,49,79,175,0,98,98,273
04/09/2021,CRP,TX,ASW,CE,Combined TRACON& Tower with Radar,18,32,33,101,184,0,1,11,11,23,18,33,44,112,207,0,56,56,263
04/10/2021,CRP,TX,ASW,CE,Combined TRACON& Tower with Radar,14,21,15,43,93,0,3,11,7,21,14,24,26,50,114,0,0,0,114
04/11/2021,CRP,TX,ASW,CE,Combined TRACON& Tower with Radar,16,22,17,43,98,0,2,23,9,34,16,24,40,52,132,0,112,112,244
04/12/2021,CRP,TX,ASW,CE,Combined TRACON& Tower with Radar,16,23,26,67,132,0,3,3,1,7,16,26,29,68,139,0,18,18,157
04/13/2021,CRP,TX,ASW,CE,Combined TRACON& Tower with Radar,16,26,30,55,127,0,0,6,5,11,16,26,36,60,138,0,68,68,206
04/14/2021,CRP,TX,ASW,CE,Combined TRACON& Tower with Radar,14,26,49,42,131,0,0,4,6,10,14,26,53,48,141,0,78,78,219
04/15/2021,CRP,TX,ASW,CE,Combined TRACON& Tower with Radar,16,22,40,18,96,0,0,0,0,0,16,22,40,18,96,0,0,0,96
04/16/2021,CRP,TX,ASW,CE,Combined TRACON& Tower with Radar,18,27,26,49,120,0,1,0,2,3,18,28,26,51,123,0,28,28,151
04/17/2021,CRP,TX,ASW,CE,Combined TRACON& Tower with Radar,14,18,3,26,61,0,2,0,7,9,14,20,3,33,70,0,12,12,82
04/18/2021,CRP,TX,ASW,CE,Combined TRACON& Tower with Radar,16,24,27,56,123,0,2,17,9,28,16,26,44,65,151,2,20,22,173
04/19/2021,CRP,TX,ASW,CE,Combined TRACON& Tower with Radar,16,23,27,44,110,0,1,12,16,29,16,24,39,60,139,0,112,112,251
04/20/2021,CRP,TX,ASW,CE,Combined TRACON& Tower with Radar,16,22,26,67,131,0,1,12,18,31,16,23,38,85,162,0,90,90,252
04/21/2021,CRP,TX,ASW,CE,Combined TRACON& Tower with Radar,16,21,23,68,128,0,1,20,15,36,16,22,43,83,164,0,80,80,244
04/22/2021,CRP,TX,ASW,CE,Combined TRACON& Tower with Radar,16,19,26,64,125,0,0,3,9,12,16,19,29,73,137,0,126,126,263
04/23/2021,CRP,TX,ASW,CE,Combined TRACON& Tower with Radar,12,26,26,13,77,0,0,6,5,11,12,26,32,18,88,0,2,2,90
04/24/2021,CRP,TX,ASW,CE,Combined TRACON& Tower with Radar,15,17,19,63,114,0,0,46,25,71,15,17,65,88,185,0,164,164,349
04/25/2021,CRP,TX,ASW,CE,Combined TRACON& Tower with Radar,16,16,17,21,70,0,4,40,21,65,16,20,57,42,135,0,42,42,177
04/26/2021,CRP,TX,ASW,CE,Combined TRACON& Tower with Radar,17,16,24,66,123,0,2,6,15,23,17,18,30,81,146,0,98,98,244
04/27/2021,CRP,TX,ASW,CE,Combined TRACON& Tower with Radar,15,19,34,63,131,0,1,2,5,8,15,20,36,68,139,0,40,40,179
04/28/2021,CRP,TX,ASW,CE,Combined TRACON& Tower with Radar,16,29,24,67,136,0,2,3,8,13,16,31,27,75,149,0,58,58,207
04/29/2021,CRP,TX,ASW,CE,Combined TRACON& Tower with Radar,16,26,41,100,183,0,3,1,10,14,16,29,42,110,197,0,70,70,267
04/30/2021,CRP,TX,ASW,CE,Combined TRACON& Tower with Radar,16,20,14,17,67,0,0,0,8,8,16,20,14,25,75,0,42,42,117
05/01/2021,CRP,TX,ASW,CE,Combined TRACON& Tower with Radar,14,17,6,22,59,0,0,1,1,2,14,17,7,23,61,0,10,10,71
05/02/2021,CRP,TX,ASW,CE,Combined TRACON& Tower with Radar,16,14,20,21,71,0,2,20,13,35,16,16,40,34,106,8,42,50,156
05/03/2021,CRP,TX,ASW,CE,Combined TRACON& Tower with Radar,13,23,27,67,130,0,1,14,8,23,13,24,41,75,153,0,50,50,203
05/04/2021,CRP,TX,ASW,CE,Combined TRACON& Tower with Radar,15,18,16,89,138,0,1,3,9,13,15,19,19,98,151,0,56,56,207
05/05/2021,CRP,TX,ASW,CE,Combined TRACON& Tower with Radar,14,19,44,48,125,0,1,23,16,40,14,20,67,64,165,0,64,64,229
05/06/2021,CRP,TX,ASW,CE,Combined TRACON& Tower with Radar,20,22,30,82,154,0,7,21,29,57,20,29,51,111,211,0,162,162,373
05/07/2021,CRP,TX,ASW,CE,Combined TRACON& Tower with Radar,20,20,26,33,99,0,5,30,15,50,20,25,56,48,149,0,44,44,193
05/08/2021,CRP,TX,ASW,CE,Combined TRACON& Tower with Radar,14,14,19,9,56,0,2,7,14,23,14,16,26,23,79,0,64,64,143
05/09/2021,CRP,TX,ASW,CE,Combined TRACON& Tower with Radar,18,15,19,25,77,0,1,6,18,25,18,16,25,43,102,0,36,36,138
05/10/2021,CRP,TX,ASW,CE,Combined TRACON& Tower with Radar,19,19,23,78,139,0,0,3,11,14,19,19,26,89,153,0,100,100,253
05/11/2021,CRP,TX,ASW,CE,Combined TRACON& Tower with Radar,20,24,32,48,124,0,4,7,9,20,20,28,39,57,144,0,16,16,160
05/12/2021,CRP,TX,ASW,CE,Combined TRACON& Tower with Radar,20,13,27,77,137,0,3,2,9,14,20,16,29,86,151,0,16,16,167
05/13/2021,CRP,TX,ASW,CE,Combined TRACON& Tower with Radar,20,17,39,93,169,0,1,14,22,37,20,18,53,115,206,0,44,44,250
05/14/2021,CRP,TX,ASW,CE,Combined TRACON& Tower with Radar,21,18,38,53,130,0,4,21,18,43,21,22,59,71,173,0,152,152,325
05/15/2021,CRP,TX,ASW,CE,Combined TRACON& Tower with Radar,17,16,6,29,68,0,2,5,4,11,17,18,11,33,79,0,42,42,121
05/16/2021,CRP,TX,ASW,CE,Combined TRACON& Tower with Radar,14,17,14,14,59,0,0,1,3,4,14,17,15,17,63,4,80,84,147
05/17/2021,CRP,TX,ASW,CE,Combined TRACON& Tower with Radar,33,15,21,96,165,0,0,7,9,16,33,15,28,105,181,0,48,48,229
05/18/2021,CRP,TX,ASW,CE,Combined TRACON& Tower with Radar,21,20,28,77,146,0,0,16,14,30,21,20,44,91,176,0,142,142,318
05/19/2021,CRP,TX,ASW,CE,Combined TRACON& Tower with Radar,26,15,7,4,52,0,0,0,6,6,26,15,7,10,58,0,10,10,68
05/20/2021,CRP,TX,ASW,CE,Combined TRACON& Tower with Radar,22,17,34,38,111,0,1,13,15,29,22,18,47,53,140,6,110,116,256
05/21/2021,CRP,TX,ASW,CE,Combined TRACON& Tower with Radar,20,14,32,65,131,0,1,34,13,48,20,15,66,78,179,0,158,158,337
05/22/2021,CRP,TX,ASW,CE,Combined TRACON& Tower with Radar,16,13,13,52,94,0,0,3,9,12,16,13,16,61,106,0,32,32,138
05/23/2021,CRP,TX,ASW,CE,Combined TRACON& Tower with Radar,20,15,26,21,82,0,0,13,13,26,20,15,39,34,108,10,30,40,148
05/24/2021,CRP,TX,ASW,CE,Combined TRACON& Tower with Radar,23,15,34,38,110,0,3,5,9,17,23,18,39,47,127,0,108,108,235
05/25/2021,CRP,TX,ASW,CE,Combined TRACON& Tower with Radar,25,23,35,52,135,0,1,10,14,25,25,24,45,66,160,0,86,86,246
05/26/2021,CRP,TX,ASW,CE,Combined TRACON& Tower with Radar,20,16,18,93,147,0,0,23,12,35,20,16,41,105,182,0,38,38,220
05/27/2021,CRP,TX,ASW,CE,Combined TRACON& Tower with Radar,15,22,41,44,122,0,6,12,10,28,15,28,53,54,150,4,62,66,216
05/28/2021,CRP,TX,ASW,CE,Combined TRACON& Tower with Radar,16,19,29,27,91,0,2,16,11,29,16,21,45,38,120,0,100,100,220
05/29/2021,CRP,TX,ASW,CE,Combined TRACON& Tower with Radar,14,21,14,9,58,0,2,4,1,7,14,23,18,10,65,0,0,0,65
05/30/2021,CRP,TX,ASW,CE,Combined TRACON& Tower with Radar,18,10,11,13,52,0,2,8,7,17,18,12,19,20,69,0,24,24,93
05/31/2021,CRP,TX,ASW,CE,Combined TRACON& Tower with Radar,16,15,25,28,84,0,0,12,5,17,16,15,37,33,101,0,0,0,101
06/01/2021,CRP,TX,ASW,CE,Combined TRACON& Tower with Radar,18,14,16,118,166,0,2,9,12,23,18,16,25,130,189,0,36,36,225
06/02/2021,CRP,TX,ASW,CE,Combined TRACON& Tower with Radar,20,25,27,105,177,0,5,8,19,32,20,30,35,124,209,0,38,38,247
06/03/2021,CRP,TX,ASW,CE,Combined TRACON& Tower with Radar,18,22,34,35,109,0,0,3,10,13,18,22,37,45,122,0,174,174,296
06/04/2021,CRP,TX,ASW,CE,Combined TRACON& Tower with Radar,18,21,24,66,129,0,0,11,21,32,18,21,35,87,161,0,142,142,303
06/05/2021,CRP,TX,ASW,CE,Combined TRACON& Tower with Radar,17,8,17,49,91,0,0,24,29,53,17,8,41,78,144,16,80,96,240
06/06/2021,CRP,TX,ASW,CE,Combined TRACON& Tower with Radar,21,15,28,100,164,0,2,20,7,29,21,17,48,107,193,4,92,96,289
06/07/2021,CRP,TX,ASW,CE,Combined TRACON& Tower with Radar,13,22,22,81,138,0,2,10,8,20,13,24,32,89,158,2,48,50,208
06/08/2021,CRP,TX,ASW,CE,Combined TRACON& Tower with Radar,19,28,29,81,157,0,3,12,19,34,19,31,41,100,191,0,212,212,403
06/09/2021,CRP,TX,ASW,CE,Combined TRACON& Tower with Radar,18,26,40,87,171,0,1,18,12,31,18,27,58,99,202,0,182,182,384
06/10/2021,CRP,TX,ASW,CE,Combined TRACON& Tower with Radar,16,20,39,108,183,0,1,10,16,27,16,21,49,124,210,0,118,118,328
06/11/2021,CRP,TX,ASW,CE,Combined TRACON& Tower with Radar,18,18,35,65,136,0,2,33,18,53,18,20,68,83,189,0,24,24,213
06/12/2021,CRP,TX,ASW,CE,Combined TRACON& Tower with Radar,18,11,14,16,59,0,2,23,17,42,18,13,37,33,101,6,16,22,123
06/13/2021,CRP,TX,ASW,CE,Combined TRACON& Tower with Radar,24,17,20,83,144,0,3,21,17,41,24,20,41,100,185,0,62,62,247
06/14/2021,CRP,TX,ASW,CE,Combined TRACON& Tower with Radar,18,17,25,111,171,0,5,25,17,47,18,22,50,128,218,0,120,120,338
06/15/2021,CRP,TX,ASW,CE,Combined TRACON& Tower with Radar,21,27,33,92,173,0,4,20,22,46,21,31,53,114,219,0,106,106,325
06/16/2021,CRP,TX,ASW,CE,Combined TRACON& Tower with Radar,19,19,31,116,185,0,6,26,18,50,19,25,57,134,235,0,146,146,381
06/17/2021,CRP,TX,ASW,CE,Combined TRACON& Tower with Radar,15,21,40,113,189,0,1,16,10,27,15,22,56,123,216,0,22,22,238
06/18/2021,CRP,TX,ASW,CE,Combined TRACON& Tower with Radar,19,22,33,52,126,0,1,17,15,33,19,23,50,67,159,0,36,36,195
06/19/2021,CRP,TX,ASW,CE,Combined TRACON& Tower with Radar,18,17,13,34,82,0,5,18,13,36,18,22,31,47,118,0,66,66,184
06/20/2021,CRP,TX,ASW,CE,Combined TRACON& Tower with Radar,20,20,16,50,106,0,0,5,10,15,20,20,21,60,121,0,102,102,223
06/21/2021,CRP,TX,ASW,CE,Combined TRACON& Tower with Radar,23,20,16,113,172,0,0,11,9,20,23,20,27,122,192,0,34,34,226
06/22/2021,CRP,TX,ASW,CE,Combined TRACON& Tower with Radar,21,29,29,76,155,0,1,4,9,14,21,30,33,85,169,0,32,32,201
06/23/2021,CRP,TX,ASW,CE,Combined TRACON& Tower with Radar,18,21,35,120,194,0,7,15,12,34,18,28,50,132,228,0,84,84,312
06/24/2021,CRP,TX,ASW,CE,Combined TRACON& Tower with Radar,18,26,31,77,152,0,1,20,13,34,18,27,51,90,186,0,80,80,266
06/25/2021,CRP,TX,ASW,CE,Combined TRACON& Tower with Radar,18,22,36,88,164,0,4,18,20,42,18,26,54,108,206,0,72,72,278
06/26/2021,CRP,TX,ASW,CE,Combined TRACON& Tower with Radar,34,14,15,104,167,0,1,18,18,37,34,15,33,122,204,4,146,150,354
06/27/2021,CRP,TX,ASW,CE,Combined TRACON& Tower with Radar,21,18,22,47,108,0,4,6,9,19,21,22,28,56,127,0,8,8,135
06/28/2021,CRP,TX,ASW,CE,Combined TRACON& Tower with Radar,20,27,16,28,91,0,4,2,9,15,20,31,18,37,106,0,76,76,182
06/29/2021,CRP,TX,ASW,CE,Combined TRACON& Tower with Radar,21,22,16,77,136,0,4,4,20,28,21,26,20,97,164,0,242,242,406
06/30/2021,CRP,TX,ASW,CE,Combined TRACON& Tower with Radar,18,21,17,78,134,0,6,14,16,36,18,27,31,94,170,0,68,68,238
07/01/2021,CRP,TX,ASW,CE,Combined TRACON& Tower with Radar,17,22,39,57,135,0,4,20,22,46,17,26,59,79,181,0,100,100,281
07/02/2021,CRP,TX,ASW,CE,Combined TRACON& Tower with Radar,19,19,25,43,106,0,2,16,11,29,19,21,41,54,135,0,50,50,185
07/03/2021,CRP,TX,ASW,CE,Combined TRACON& Tower with Radar,18,11,14,10,53,0,4,13,10,27,18,15,27,20,80,0,40,40,120
07/04/2021,CRP,TX,ASW,CE,Combined TRACON& Tower with Radar,22,10,9,0,41,0,2,0,0,2,22,12,9,0,43,8,0,8,51
07/05/2021,CRP,TX,ASW,CE,Combined TRACON& Tower with Radar,19,18,24,2,63,0,1,8,2,11,19,19,32,4,74,0,10,10,84
07/06/2021,CRP,TX,ASW,CE,Combined TRACON& Tower with Radar,17,19,14,57,107,0,1,3,8,12,17,20,17,65,119,0,44,44,163
07/07/2021,CRP,TX,ASW,CE,Combined TRACON& Tower with Radar,20,16,18,32,86,0,0,1,2,3,20,16,19,34,89,0,0,0,89
07/08/2021,CRP,TX,ASW,CE,Combined TRACON& Tower with Radar,19,20,18,62,119,0,0,1,4,5,19,20,19,66,124,0,88,88,212
07/09/2021,CRP,TX,ASW,CE,Combined TRACON& Tower with Radar,20,29,16,78,143,0,3,5,19,27,20,32,21,97,170,0,84,84,254
07/10/2021,CRP,TX,ASW,CE,Combined TRACON& Tower with Radar,17,16,12,52,97,0,3,7,10,20,17,19,19,62,117,0,16,16,133
07/11/2021,CRP,TX,ASW,CE,Combined TRACON& Tower with Radar,21,19,14,52,106,0,1,10,12,23,21,20,24,64,129,0,28,28,157
07/12/2021,CRP,TX,ASW,CE,Combined TRACON& Tower with Radar,25,23,13,192,253,0,3,22,24,49,25,26,35,216,302,2,34,36,338
07/13/2021,CRP,TX,ASW,CE,Combined TRACON& Tower with Radar,22,21,30,91,164,0,0,20,9,29,22,21,50,100,193,0,46,46,239
07/14/2021,CRP,TX,ASW,CE,Combined TRACON& Tower with Radar,18,20,37,77,152,0,1,11,9,21,18,21,48,86,173,12,48,60,233
07/15/2021,CRP,TX,ASW,CE,Combined TRACON& Tower with Radar,16,23,37,112,188,0,1,19,14,34,16,24,56,126,222,10,80,90,312
07/16/2021,CRP,TX,ASW,CE,Combined TRACON& Tower with Radar,25,23,28,129,205,0,2,14,19,35,25,25,42,148,240,0,124,124,364
07/17/2021,CRP,TX,ASW,CE,Combined TRACON& Tower with Radar,24,17,15,58,114,0,3,16,25,44,24,20,31,83,158,0,48,48,206
07/18/2021,CRP,TX,ASW,CE,Combined TRACON& Tower with Radar,24,13,18,70,125,0,0,17,16,33,24,13,35,86,158,0,34,34,192
07/19/2021,CRP,TX,ASW,CE,Combined TRACON& Tower with Radar,30,18,22,154,224,0,3,14,10,27,30,21,36,164,251,0,120,120,371
07/20/2021,CRP,TX,ASW,CE,Combined TRACON& Tower with Radar,23,27,25,86,161,0,8,3,13,24,23,35,28,99,185,0,88,88,273
07/21/2021,CRP,TX,ASW,CE,Combined TRACON& Tower with Radar,20,22,27,157,226,0,5,6,11,22,20,27,33,168,248,0,58,58,306
07/22/2021,CRP,TX,ASW,CE,Combined TRACON& Tower with Radar,20,19,40,107,186,0,1,15,24,40,20,20,55,131,226,0,122,122,348
07/23/2021,CRP,TX,ASW,CE,Combined TRACON& Tower with Radar,20,19,30,61,130,0,3,21,9,33,20,22,51,70,163,14,90,104,267
07/24/2021,CRP,TX,ASW,CE,Combined TRACON& Tower with Radar,35,20,28,124,207,0,4,11,19,34,35,24,39,143,241,2,66,68,309
07/25/2021,CRP,TX,ASW,CE,Combined TRACON& Tower with Radar,22,17,26,89,154,0,3,40,12,55,22,20,66,101,209,24,14,38,247
07/26/2021,CRP,TX,ASW,CE,Combined TRACON& Tower with Radar,21,17,23,150,211,0,1,15,20,36,21,18,38,170,247,0,98,98,345
07/27/2021,CRP,TX,ASW,CE,Combined TRACON& Tower with Radar,20,26,28,110,184,0,2,20,17,39,20,28,48,127,223,0,6,6,229
07/28/2021,CRP,TX,ASW,CE,Combined TRACON& Tower with Radar,21,27,33,118,199,0,5,24,10,39,21,32,57,128,238,0,48,48,286
07/29/2021,CRP,TX,ASW,CE,Combined TRACON& Tower with Radar,20,19,30,180,249,0,4,19,18,41,20,23,49,198,290,0,110,110,400
07/30/2021,CRP,TX,ASW,CE,Combined TRACON& Tower with Radar,21,25,23,54,123,0,7,16,19,42,21,32,39,73,165,0,10,10,175
07/31/2021,CRP,TX,ASW,CE,Combined TRACON& Tower with Radar,16,27,18,35,96,0,2,19,17,38,16,29,37,52,134,0,28,28,162
08/01/2021,CRP,TX,ASW,CE,Combined TRACON& Tower with Radar,14,19,20,42,95,0,1,15,17,33,14,20,35,59,128,0,62,62,190
08/02/2021,CRP,TX,ASW,CE,Combined TRACON& Tower with Radar,16,25,18,102,161,0,1,8,12,21,16,26,26,114,182,0,38,38,220
08/03/2021,CRP,TX,ASW,CE,Combined TRACON& Tower with Radar,16,35,17,104,172,0,5,16,11,32,16,40,33,115,204,0,0,0,204
08/04/2021,CRP,TX,ASW,CE,Combined TRACON& Tower with Radar,17,32,16,51,116,0,3,14,9,26,17,35,30,60,142,0,134,134,276
08/05/2021,CRP,TX,ASW,CE,Combined TRACON& Tower with Radar,19,28,32,63,142,0,3,2,17,22,19,31,34,80,164,16,20,36,200
08/06/2021,CRP,TX,ASW,CE,Combined TRACON& Tower with Radar,15,27,28,86,156,0,0,17,6,23,15,27,45,92,179,0,16,16,195
08/07/2021,CRP,TX,ASW,CE,Combined TRACON& Tower with Radar,13,22,7,38,80,0,4,11,10,25,13,26,18,48,105,0,0,0,105
08/08/2021,CRP,TX,ASW,CE,Combined TRACON& Tower with Radar,18,19,21,61,119,0,3,24,7,34,18,22,45,68,153,0,0,0,153
08/09/2021,CRP,TX,ASW,CE,Combined TRACON& Tower with Radar,16,23,19,136,194,0,3,19,13,35,16,26,38,149,229,4,58,62,291
08/10/2021,CRP,TX,ASW,CE,Combined TRACON& Tower with Radar,16,22,24,113,175,0,1,19,16,36,16,23,43,129,211,0,12,12,223
08/11/2021,CRP,TX,ASW,CE,Combined TRACON& Tower with Radar,16,24,24,86,150,0,0,46,16,62,16,24,70,102,212,0,40,40,252
08/12/2021,CRP,TX,ASW,CE,Combined TRACON& Tower with Radar,20,27,59,141,247,0,1,22,28,51,20,28,81,169,298,0,0,0,298
08/13/2021,CRP,TX,ASW,CE,Combined TRACON& Tower with Radar,14,20,36,78,148,0,1,9,22,32,14,21,45,100,180,0,54,54,234
08/14/2021,CRP,TX,ASW,CE,Combined TRACON& Tower with Radar,14,16,4,58,92,0,2,5,16,23,14,18,9,74,115,0,166,166,281
08/15/2021,CRP,TX,ASW,CE,Combined TRACON& Tower with Radar,33,17,11,87,148,0,3,8,20,31,33,20,19,107,179,0,22,22,201
08/16/2021,CRP,TX,ASW,CE,Combined TRACON& Tower with Radar,15,21,13,65,114,0,4,10,18,32,15,25,23,83,146,0,16,16,162
08/17/2021,CRP,TX,ASW,CE,Combined TRACON& Tower with Radar,15,22,21,121,179,0,2,10,18,30,15,24,31,139,209,0,56,56,265
08/18/2021,CRP,TX,ASW,CE,Combined TRACON& Tower with Radar,15,33,44,117,209,0,3,7,17,27,15,36,51,134,236,2,84,86,322
08/19/2021,CRP,TX,ASW,CE,Combined TRACON& Tower with Radar,16,27,29,103,175,0,7,21,19,47,16,34,50,122,222,0,115,115,337
08/20/2021,CRP,TX,ASW,CE,Combined TRACON& Tower with Radar,18,28,27,75,148,0,0,10,13,23,18,28,37,88,171,0,56,56,227
08/21/2021,CRP,TX,ASW,CE,Combined TRACON& Tower with Radar,13,23,17,56,109,0,2,13,15,30,13,25,30,71,139,0,48,48,187
08/22/2021,CRP,TX,ASW,CE,Combined TRACON& Tower with Radar,19,19,28,82,148,0,1,16,11,28,19,20,44,93,176,6,20,26,202
08/23/2021,CRP,TX,ASW,CE,Combined TRACON& Tower with Radar,25,23,38,122,208,0,6,8,17,31,25,29,46,139,239,6,28,34,273
08/24/2021,CRP,TX,ASW,CE,Combined TRACON& Tower with Radar,16,26,28,108,178,0,2,19,13,34,16,28,47,121,212,2,78,80,292
08/25/2021,CRP,TX,ASW,CE,Combined TRACON& Tower with Radar,17,19,14,106,156,0,3,20,12,35,17,22,34,118,191,0,26,26,217
08/26/2021,CRP,TX,ASW,CE,Combined TRACON& Tower with Radar,18,23,38,107,186,0,4,17,19,40,18,27,55,126,226,10,70,80,306
08/27/2021,CRP,TX,ASW,CE,Combined TRACON& Tower with Radar,18,25,20,44,107,0,0,2,10,12,18,25,22,54,119,0,30,30,149
08/28/2021,CRP,TX,ASW,CE,Combined TRACON& Tower with Radar,17,23,14,65,119,0,2,8,8,18,17,25,22,73,137,0,26,26,163
08/29/2021,CRP,TX,ASW,CE,Combined TRACON& Tower with Radar,19,16,12,69,116,0,5,6,10,21,19,21,18,79,137,0,54,54,191
08/30/2021,CRP,TX,ASW,CE,Combined TRACON& Tower with Radar,17,22,16,128,183,0,6,1,11,18,17,28,17,139,201,0,88,88,289
08/31/2021,CRP,TX,ASW,CE,Combined TRACON& Tower with Radar,18,24,26,154,222,0,1,13,16,30,18,25,39,170,252,0,60,60,312
09/01/2021,CRP,TX,ASW,CE,Combined TRACON& Tower with Radar,16,20,17,113,166,0,1,23,12,36,16,21,40,125,202,0,76,76,278
09/02/2021,CRP,TX,ASW,CE,Combined TRACON& Tower with Radar,18,22,24,81,145,0,1,4,21,26,18,23,28,102,171,0,142,142,313
09/03/2021,CRP,TX,ASW,CE,Combined TRACON& Tower with Radar,19,19,20,63,121,0,2,11,14,27,19,21,31,77,148,0,152,152,300
09/04/2021,CRP,TX,ASW,CE,Combined TRACON& Tower with Radar,19,13,10,51,93,0,4,15,15,34,19,17,25,66,127,26,38,64,191
09/05/2021,CRP,TX,ASW,CE,Combined TRACON& Tower with Radar,21,12,2,31,66,0,0,9,9,18,21,12,11,40,84,0,44,44,128
09/06/2021,CRP,TX,ASW,CE,Combined TRACON& Tower with Radar,16,23,12,37,88,0,2,15,8,25,16,25,27,45,113,0,18,18,131
09/07/2021,CRP,TX,ASW,CE,Combined TRACON& Tower with Radar,17,22,19,97,155,0,1,2,11,14,17,23,21,108,169,0,20,20,189
09/08/2021,CRP,TX,ASW,CE,Combined TRACON& Tower with Radar,23,17,13,165,218,0,4,9,16,29,23,21,22,181,247,0,40,40,287
09/09/2021,CRP,TX,ASW,CE,Combined TRACON& Tower with Radar,23,16,25,92,156,0,2,5,16,23,23,18,30,108,179,0,40,40,219
09/10/2021,CRP,TX,ASW,CE,Combined TRACON& Tower with Radar,24,19,33,71,147,0,2,15,19,36,24,21,48,90,183,0,54,54,237
09/11/2021,CRP,TX,ASW,CE,Combined TRACON& Tower with Radar,22,20,12,45,99,0,7,14,17,38,22,27,26,62,137,2,24,26,163
09/12/2021,CRP,TX,ASW,CE,Combined TRACON& Tower with Radar,25,14,19,23,81,0,0,6,7,13,25,14,25,30,94,0,0,0,94
09/13/2021,CRP,TX,ASW,CE,Combined TRACON& Tower with Radar,16,7,17,7,47,0,4,1,0,5,16,11,18,7,52,0,0,0,52
09/14/2021,CRP,TX,ASW,CE,Combined TRACON& Tower with Radar,20,13,19,130,182,0,2,9,24,35,20,15,28,154,217,0,168,168,385
09/15/2021,CRP,TX,ASW,CE,Combined TRACON& Tower with Radar,24,20,39,139,222,0,1,9,24,34,24,21,48,163,256,0,160,160,416
09/16/2021,CRP,TX,ASW,CE,Combined TRACON& Tower with Radar,24,17,35,132,208,0,7,21,12,40,24,24,56,144,248,0,128,128,376
09/17/2021,CRP,TX,ASW,CE,Combined TRACON& Tower with Radar,24,18,28,71,141,0,3,30,8,41,24,21,58,79,182,0,32,32,214
09/18/2021,CRP,TX,ASW,CE,Combined TRACON& Tower with Radar,26,16,9,59,110,0,1,17,16,34,26,17,26,75,144,8,112,120,264
09/19/2021,CRP,TX,ASW,CE,Combined TRACON& Tower with Radar,26,8,17,37,88,0,2,12,15,29,26,10,29,52,117,4,42,46,163
09/20/2021,CRP,TX,ASW,CE,Combined TRACON& Tower with Radar,23,24,21,77,145,0,6,17,11,34,23,30,38,88,179,0,106,106,285
09/21/2021,CRP,TX,ASW,CE,Combined TRACON& Tower with Radar,22,25,33,63,143,0,4,6,19,29,22,29,39,82,172,0,70,70,242
09/22/2021,CRP,TX,ASW,CE,Combined TRACON& Tower with Radar,23,16,29,36,104,0,3,13,21,37,23,19,42,57,141,0,156,156,297
09/23/2021,CRP,TX,ASW,CE,Combined TRACON& Tower with Radar,24,16,20,62,122,0,0,16,20,36,24,16,36,82,158,0,62,62,220
09/24/2021,CRP,TX,ASW,CE,Combined TRACON& Tower with Radar,24,20,29,22,95,0,2,18,9,29,24,22,47,31,124,0,10,10,134
09/25/2021,CRP,TX,ASW,CE,Combined TRACON& Tower with Radar,22,5,8,0,35,0,3,22,3,28,22,8,30,3,63,1,2,3,66
09/26/2021,CRP,TX,ASW,CE,Combined TRACON& Tower with Radar,25,6,12,2,45,0,2,20,2,24,25,8,32,4,69,4,0,4,73
09/27/2021,CRP,TX,ASW,CE,Combined TRACON& Tower with Radar,24,15,20,180,239,0,3,11,11,25,24,18,31,191,264,0,104,104,368
09/28/2021,CRP,TX,ASW,CE,Combined TRACON& Tower with Radar,24,20,27,115,186,0,2,8,13,23,24,22,35,128,209,0,80,80,289
09/29/2021,CRP,TX,ASW,CE,Combined TRACON& Tower with Radar,25,18,36,6,85,0,2,7,5,14,25,20,43,11,99,0,0,0,99
09/30/2021,CRP,TX,ASW,CE,Combined TRACON& Tower with Radar,22,22,34,93,171,0,1,2,11,14,22,23,36,104,185,0,108,108,293
10/01/2021,CRP,TX,ASW,CE,Combined TRACON& Tower with Radar,22,21,20,20,83,0,2,1,0,3,22,23,21,20,86,4,34,38,124
10/02/2021,CRP,TX,ASW,CE,Combined TRACON& Tower with Radar,18,12,5,30,65,0,2,2,3,7,18,14,7,33,72,0,22,22,94
10/03/2021,CRP,TX,ASW,CE,Combined TRACON& Tower with Radar,28,10,19,23,80,0,0,6,2,8,28,10,25,25,88,0,0,0,88
10/04/2021,CRP,TX,ASW,CE,Combined TRACON& Tower with Radar,23,20,18,112,173,0,1,20,16,37,23,21,38,128,210,0,144,144,354
10/05/2021,CRP,TX,ASW,CE,Combined TRACON& Tower with Radar,24,12,24,132,192,0,2,20,17,39,24,14,44,149,231,0,84,84,315
10/06/2021,CRP,TX,ASW,CE,Combined TRACON& Tower with Radar,25,19,27,67,138,0,3,14,14,31,25,22,41,81,169,0,46,46,215
10/07/2021,CRP,TX,ASW,CE,Combined TRACON& Tower with Radar,22,16,31,95,164,0,7,24,23,54,22,23,55,118,218,0,234,234,452
10/08/2021,CRP,TX,ASW,CE,Combined TRACON& Tower with Radar,22,20,31,74,147,0,2,26,16,44,22,22,57,90,191,2,48,50,241
10/09/2021,CRP,TX,ASW,CE,Combined TRACON& Tower with Radar,17,15,12,55,99,0,2,12,7,21,17,17,24,62,120,0,48,48,168
10/10/2021,CRP,TX,ASW,CE,Combined TRACON& Tower with Radar,17,13,16,47,93,0,3,7,3,13,17,16,23,50,106,2,10,12,118
10/11/2021,CRP,TX,ASW,CE,Combined TRACON& Tower with Radar,19,19,25,71,134,0,6,8,8,22,19,25,33,79,156,0,24,24,180
10/12/2021,CRP,TX,ASW,CE,Combined TRACON& Tower with Radar,22,22,25,144,213,0,4,12,4,20,22,26,37,148,233,0,46,46,279
10/13/2021,CRP,TX,ASW,CE,Combined TRACON& Tower with Radar,21,13,37,70,141,0,4,20,16,40,21,17,57,86,181,0,104,104,285
10/14/2021,CRP,TX,ASW,CE,Combined TRACON& Tower with Radar,26,19,24,115,184,0,1,6,9,16,26,20,30,124,200,0,46,46,246
10/15/2021,CRP,TX,ASW,CE,Combined TRACON& Tower with Radar,23,21,32,77,153,0,0,24,14,38,23,21,56,91,191,0,66,66,257
10/16/2021,CRP,TX,ASW,CE,Combined TRACON& Tower with Radar,20,14,7,46,87,0,0,12,9,21,20,14,19,55,108,2,64,66,174
10/17/2021,CRP,TX,ASW,CE,Combined TRACON& Tower with Radar,25,17,14,35,91,0,0,30,2,32,25,17,44,37,123,6,110,116,239
10/18/2021,CRP,TX,ASW,CE,Combined TRACON& Tower with Radar,23,12,34,156,225,0,6,37,27,70,23,18,71,183,295,0,84,84,379
10/19/2021,CRP,TX,ASW,CE,Combined TRACON& Tower with Radar,22,14,20,135,191,0,0,37,20,57,22,14,57,155,248,0,42,42,290
10/20/2021,CRP,TX,ASW,CE,Combined TRACON& Tower with Radar,23,21,35,59,138,0,5,23,10,38,23,26,58,69,176,0,52,52,228
10/21/2021,CRP,TX,ASW,CE,Combined TRACON& Tower with Radar,24,19,41,178,262,0,3,21,34,58,24,22,62,212,320,6,258,264,584
10/22/2021,CRP,TX,ASW,CE,Combined TRACON& Tower with Radar,24,21,25,56,126,0,4,23,8,35,24,25,48,64,161,4,108,112,273
10/23/2021,CRP,TX,ASW,CE,Combined TRACON& Tower with Radar,19,13,18,32,82,0,2,25,9,36,19,15,43,41,118,8,2,10,128
10/24/2021,CRP,TX,ASW,CE,Combined TRACON& Tower with Radar,23,11,17,34,85,0,0,24,9,33,23,11,41,43,118,0,42,42,160
10/25/2021,CRP,TX,ASW,CE,Combined TRACON& Tower with Radar,23,18,24,152,217,0,3,5,12,20,23,21,29,164,237,0,30,30,267
10/26/2021,CRP,TX,ASW,CE,Combined TRACON& Tower with Radar,22,26,20,114,182,0,1,6,16,23,22,27,26,130,205,0,80,80,285
10/27/2021,CRP,TX,ASW,CE,Combined TRACON& Tower with Radar,25,22,31,38,116,0,2,10,8,20,25,24,41,46,136,0,0,0,136
10/28/2021,CRP,TX,ASW,CE,Combined TRACON& Tower with Radar,24,22,27,154,227,0,2,23,21,46,24,24,50,175,273,0,56,56,329
10/29/2021,CRP,TX,ASW,CE,Combined TRACON& Tower with Radar,24,21,25,62,132,0,9,21,10,40,24,30,46,72,172,0,78,78,250
10/30/2021,CRP,TX,ASW,CE,Combined TRACON& Tower with Radar,19,14,11,59,103,0,2,14,6,22,19,16,25,65,125,4,40,44,169
10/31/2021,CRP,TX,ASW,CE,Combined TRACON& Tower with Radar,15,15,18,35,83,0,3,8,15,26,15,18,26,50,109,0,20,20,129
11/01/2021,CRP,TX,ASW,CE,Combined TRACON& Tower with Radar,17,22,20,127,186,0,2,20,15,37,17,24,40,142,223,0,24,24,247
11/02/2021,CRP,TX,ASW,CE,Combined TRACON& Tower with Radar,15,26,29,161,231,0,0,15,26,41,15,26,44,187,272,0,134,134,406
11/03/2021,CRP,TX,ASW,CE,Combined TRACON& Tower with Radar,12,24,20,92,148,0,1,13,7,21,12,25,33,99,169,2,120,122,291
11/04/2021,CRP,TX,ASW,CE,Combined TRACON& Tower with Radar,15,27,38,143,223,0,1,4,3,8,15,28,42,146,231,10,134,144,375
11/05/2021,CRP,TX,ASW,CE,Combined TRACON& Tower with Radar,14,28,36,56,134,0,1,23,9,33,14,29,59,65,167,0,192,192,359
11/06/2021,CRP,TX,ASW,CE,Combined TRACON& Tower with Radar,11,18,5,46,80,0,3,36,11,50,11,21,41,57,130,4,66,70,200
11/07/2021,CRP,TX,ASW,CE,Combined TRACON& Tower with Radar,13,19,15,80,127,0,2,24,7,33,13,21,39,87,160,0,10,10,170
11/08/2021,CRP,TX,ASW,CE,Combined TRACON& Tower with Radar,15,24,14,102,155,0,3,21,18,42,15,27,35,120,197,0,178,178,375
11/09/2021,CRP,TX,ASW,CE,Combined TRACON& Tower with Radar,10,31,28,89,158,0,0,9,26,35,10,31,37,115,193,4,82,86,279
11/10/2021,CRP,TX,ASW,CE,Combined TRACON& Tower with Radar,10,29,25,78,142,0,4,10,18,32,10,33,35,96,174,0,132,132,306
11/11/2021,CRP,TX,ASW,CE,Combined TRACON& Tower with Radar,17,26,23,23,89,0,1,17,12,30,17,27,40,35,119,0,24,24,143
11/12/2021,CRP,TX,ASW,CE,Combined TRACON& Tower with Radar,14,28,26,47,115,0,3,8,24,35,14,31,34,71,150,4,160,164,314
11/13/2021,CRP,TX,ASW,CE,Combined TRACON& Tower with Radar,11,17,20,31,79,0,1,24,5,30,11,18,44,36,109,2,36,38,147
11/14/2021,CRP,TX,ASW,CE,Combined TRACON& Tower with Radar,13,23,16,39,91,0,3,17,7,27,13,26,33,46,118,10,42,52,170
11/15/2021,CRP,TX,ASW,CE,Combined TRACON& Tower with Radar,32,26,36,125,219,0,2,18,26,46,32,28,54,151,265,0,176,176,441
11/16/2021,CRP,TX,ASW,CE,Combined TRACON& Tower with Radar,10,28,36,70,144,0,4,18,15,37,10,32,54,85,181,0,78,78,259
11/17/2021,CRP,TX,ASW,CE,Combined TRACON& Tower with Radar,11,27,25,114,177,0,1,15,18,34,11,28,40,132,211,0,58,58,269
11/18/2021,CRP,TX,ASW,CE,Combined TRACON& Tower with Radar,13,25,33,66,137,0,2,6,9,17,13,27,39,75,154,0,90,90,244
11/19/2021,CRP,TX,ASW,CE,Combined TRACON& Tower with Radar,14,25,25,59,123,0,7,13,10,30,14,32,38,69,153,0,78,78,231
11/20/2021,CRP,TX,ASW,CE,Combined TRACON& Tower with Radar,9,21,18,39,87,0,8,11,5,24,9,29,29,44,111,8,132,140,251
11/21/2021,CRP,TX,ASW,CE,Combined TRACON& Tower with Radar,15,22,19,30,86,0,0,11,7,18,15,22,30,37,104,0,42,42,146
11/22/2021,CRP,TX,ASW,CE,Combined TRACON& Tower with Radar,14,29,21,112,176,0,2,9,17,28,14,31,30,129,204,0,48,48,252
11/23/2021,CRP,TX,ASW,CE,Combined TRACON& Tower with Radar,13,22,22,106,163,0,3,31,16,50,13,25,53,122,213,0,92,92,305
11/24/2021,CRP,TX,ASW,CE,Combined TRACON& Tower with Radar,14,30,28,18,90,0,3,8,7,18,14,33,36,25,108,0,70,70,178
11/25/2021,CRP,TX,ASW,CE,Combined TRACON& Tower with Radar,7,17,2,0,26,0,1,0,0,1,7,18,2,0,27,0,0,0,27
11/26/2021,CRP,TX,ASW,CE,Combined TRACON& Tower with Radar,9,21,5,29,64,0,1,11,6,18,9,22,16,35,82,0,6,6,88
11/27/2021,CRP,TX,ASW,CE,Combined TRACON& Tower with Radar,11,32,12,19,74,0,0,1,3,4,11,32,13,22,78,12,24,36,114
11/28/2021,CRP,TX,ASW,CE,Combined TRACON& Tower with Radar,17,26,29,13,85,0,1,1,2,4,17,27,30,15,89,0,0,0,89
11/29/2021,CRP,TX,ASW,CE,Combined TRACON& Tower with Radar,12,21,15,60,108,0,3,16,12,31,12,24,31,72,139,0,112,112,251
11/30/2021,CRP,TX,ASW,CE,Combined TRACON& Tower with Radar,11,28,30,71,140,0,1,14,11,26,11,29,44,82,166,0,8,8,174
12/01/2021,CRP,TX,ASW,CE,Combined TRACON& Tower with Radar,11,21,19,65,116,0,1,9,16,26,11,22,28,81,142,0,78,78,220
12/02/2021,CRP,TX,ASW,CE,Combined TRACON& Tower with Radar,11,29,30,45,115,0,0,4,8,12,11,29,34,53,127,0,52,52,179
12/03/2021,CRP,TX,ASW,CE,Combined TRACON& Tower with Radar,13,30,28,26,97,0,3,12,8,23,13,33,40,34,120,2,52,54,174
12/04/2021,CRP,TX,ASW,CE,Combined TRACON& Tower with Radar,11,16,19,30,76,0,4,6,16,26,11,20,25,46,102,0,54,54,156
12/05/2021,CRP,TX,ASW,CE,Combined TRACON& Tower with Radar,13,26,20,30,89,0,1,6,10,17,13,27,26,40,106,0,12,12,118
12/06/2021,CRP,TX,ASW,CE,Combined TRACON& Tower with Radar,14,21,24,48,107,0,4,7,7,18,14,25,31,55,125,0,66,66,191
12/07/2021,CRP,TX,ASW,CE,Combined TRACON& Tower with Radar,10,23,20,62,115,0,1,6,10,17,10,24,26,72,132,0,64,64,196
12/08/2021,CRP,TX,ASW,CE,Combined TRACON& Tower with Radar,11,24,27,32,94,0,4,7,15,26,11,28,34,47,120,0,90,90,210
12/09/2021,CRP,TX,ASW,CE,Combined TRACON& Tower with Radar,12,29,44,57,142,0,3,8,8,19,12,32,52,65,161,0,28,28,189
12/10/2021,CRP,TX,ASW,CE,Combined TRACON& Tower with Radar,12,25,28,51,116,0,5,5,17,27,12,30,33,68,143,0,18,18,161
12/11/2021,CRP,TX,ASW,CE,Combined TRACON& Tower with Radar,11,21,10,14,56,0,3,5,10,18,11,24,15,24,74,2,12,14,88
12/12/2021,CRP,TX,ASW,CE,Combined TRACON& Tower with Radar,13,15,13,25,66,0,4,25,9,38,13,19,38,34,104,6,0,6,110
12/13/2021,CRP,TX,ASW,CE,Combined TRACON& Tower with Radar,10,23,31,43,107,0,0,0,2,2,10,23,31,45,109,0,0,0,109
12/14/2021,CRP,TX,ASW,CE,Combined TRACON& Tower with Radar,11,31,34,68,144,0,2,4,8,14,11,33,38,76,158,0,42,42,200
12/15/2021,CRP,TX,ASW,CE,Combined TRACON& Tower with Radar,9,28,37,46,120,0,1,15,23,39,9,29,52,69,159,0,84,84,243
12/16/2021,CRP,TX,ASW,CE,Combined TRACON& Tower with Radar,12,34,33,50,129,0,0,16,12,28,12,34,49,62,157,0,56,56,213
12/17/2021,CRP,TX,ASW,CE,Combined TRACON& Tower with Radar,9,34,31,50,124,0,1,3,4,8,9,35,34,54,132,0,14,14,146
12/18/2021,CRP,TX,ASW,CE,Combined TRACON& Tower with Radar,15,28,12,31,86,0,1,1,2,4,15,29,13,33,90,0,40,40,130
12/19/2021,CRP,TX,ASW,CE,Combined TRACON& Tower with Radar,10,28,20,3,61,0,0,1,7,8,10,28,21,10,69,2,10,12,81
12/20/2021,CRP,TX,ASW,CE,Combined TRACON& Tower with Radar,10,30,30,77,147,0,1,20,12,33,10,31,50,89,180,0,108,108,288
12/21/2021,CRP,TX,ASW,CE,Combined TRACON& Tower with Radar,10,36,27,55,128,0,2,27,9,38,10,38,54,64,166,0,26,26,192
12/22/2021,CRP,TX,ASW,CE,Combined TRACON& Tower with Radar,11,34,24,31,100,0,0,12,6,18,11,34,36,37,118,0,62,62,180
12/23/2021,CRP,TX,ASW,CE,Combined TRACON& Tower with Radar,11,28,17,4,60,0,5,14,1,20,11,33,31,5,80,0,0,0,80
12/24/2021,CRP,TX,ASW,CE,Combined TRACON& Tower with Radar,6,28,8,0,42,0,2,6,0,8,6,30,14,0,50,4,0,4,54
12/25/2021,CRP,TX,ASW,CE,Combined TRACON& Tower with Radar,8,23,2,0,33,0,1,7,0,8,8,24,9,0,41,0,0,0,41
12/26/2021,CRP,TX,ASW,CE,Combined TRACON& Tower with Radar,8,32,12,0,52,1,0,3,4,8,9,32,15,4,60,0,0,0,60
12/27/2021,CRP,TX,ASW,CE,Combined TRACON& Tower with Radar,10,28,27,31,96,0,4,10,5,19,10,32,37,36,115,0,42,42,157
12/28/2021,CRP,TX,ASW,CE,Combined TRACON& Tower with Radar,9,30,12,35,86,0,3,12,5,20,9,33,24,40,106,0,26,26,132
12/29/2021,CRP,TX,ASW,CE,Combined TRACON& Tower with Radar,10,31,23,31,95,0,0,12,6,18,10,31,35,37,113,0,20,20,133
12/30/2021,CRP,TX,ASW,CE,Combined TRACON& Tower with Radar,12,35,21,16,84,0,0,3,5,8,12,35,24,21,92,0,36,36,128
12/31/2021,CRP,TX,ASW,CE,Combined TRACON& Tower with Radar,6,19,10,0,35,0,2,2,0,4,6,21,12,0,39,0,0,0,39
01/01/2022,CRP,TX,ASW,CE,Combined TRACON& Tower with Radar,8,16,8,0,32,0,0,6,0,6,8,16,14,0,38,0,0,0,38
01/02/2022,CRP,TX,ASW,CE,Combined TRACON& Tower with Radar,8,17,12,7,44,0,3,3,3,9,8,20,15,10,53,0,0,0,53
01/03/2022,CRP,TX,ASW,CE,Combined TRACON& Tower with Radar,11,24,18,14,67,0,2,13,4,19,11,26,31,18,86,12,32,44,130
01/04/2022,CRP,TX,ASW,CE,Combined TRACON& Tower with Radar,9,25,20,26,80,0,3,6,17,26,9,28,26,43,106,0,50,50,156
01/05/2022,CRP,TX,ASW,CE,Combined TRACON& Tower with Radar,9,29,16,49,103,0,3,14,10,27,9,32,30,59,130,0,16,16,146
01/06/2022,CRP,TX,ASW,CE,Combined TRACON& Tower with Radar,10,28,18,68,124,0,0,6,8,14,10,28,24,76,138,0,6,6,144
01/07/2022,CRP,TX,ASW,CE,Combined TRACON& Tower with Radar,9,30,31,81,151,0,2,0,5,7,9,32,31,86,158,0,30,30,188
01/08/2022,CRP,TX,ASW,CE,Combined TRACON& Tower with Radar,19,29,18,14,80,0,0,0,0,0,19,29,18,14,80,0,0,0,80
01/09/2022,CRP,TX,ASW,CE,Combined TRACON& Tower with Radar,8,28,19,46,101,0,2,3,25,30,8,30,22,71,131,0,28,28,159
01/10/2022,CRP,TX,ASW,CE,Combined TRACON& Tower with Radar,8,24,26,46,104,0,2,22,26,50,8,26,48,72,154,0,72,72,226
01/11/2022,CRP,TX,ASW,CE,Combined TRACON& Tower with Radar,12,22,27,79,140,0,2,16,23,41,12,24,43,102,181,0,64,64,245
01/12/2022,CRP,TX,ASW,CE,Combined TRACON& Tower with Radar,9,31,26,95,161,0,2,5,14,21,9,33,31,109,182,0,122,122,304
01/13/2022,CRP,TX,ASW,CE,Combined TRACON& Tower with Radar,8,27,38,69,142,0,8,24,15,47,8,35,62,84,189,10,94,104,293
01/14/2022,CRP,TX,ASW,CE,Combined TRACON& Tower with Radar,10,22,29,36,97,0,0,13,16,29,10,22,42,52,126,0,98,98,224
01/15/2022,CRP,TX,ASW,CE,Combined TRACON& Tower with Radar,8,14,3,10,35,0,0,2,6,8,8,14,5,16,43,0,6,6,49
01/16/2022,CRP,TX,ASW,CE,Combined TRACON& Tower with Radar,8,15,8,19,50,0,2,16,18,36,8,17,24,37,86,0,12,12,98
01/17/2022,CRP,TX,ASW,CE,Combined TRACON& Tower with Radar,16,28,42,32,118,0,5,22,16,43,16,33,64,48,161,2,28,30,191
01/18/2022,CRP,TX,ASW,CE,Combined TRACON& Tower with Radar,11,25,18,60,114,0,4,19,17,40,11,29,37,77,154,0,86,86,240
01/19/2022,CRP,TX,ASW,CE,Combined TRACON& Tower with Radar,11,33,21,41,106,0,2,15,16,33,11,35,36,57,139,0,86,86,225
01/20/2022,CRP,TX,ASW,CE,Combined TRACON& Tower with Radar,12,30,23,42,107,0,0,1,9,10,12,30,24,51,117,0,94,94,211
01/21/2022,CRP,TX,ASW,CE,Combined TRACON& Tower with Radar,6,24,15,69,114,0,0,7,15,22,6,24,22,84,136,0,54,54,190
01/22/2022,CRP,TX,ASW,CE,Combined TRACON& Tower with Radar,7,16,5,79,107,0,1,8,21,30,7,17,13,100,137,0,68,68,205
01/23/2022,CRP,TX,ASW,CE,Combined TRACON& Tower with Radar,12,19,28,69,128,0,2,5,19,26,12,21,33,88,154,0,130,130,284
01/24/2022,CRP,TX,ASW,CE,Combined TRACON& Tower with Radar,10,23,26,74,133,0,0,0,4,4,10,23,26,78,137,0,0,0,137
01/25/2022,CRP,TX,ASW,CE,Combined TRACON& Tower with Radar,11,22,42,69,144,0,5,4,9,18,11,27,46,78,162,0,26,26,188
01/26/2022,CRP,TX,ASW,CE,Combined TRACON& Tower with Radar,10,24,28,65,127,0,5,17,7,29,10,29,45,72,156,0,30,30,186
01/27/2022,CRP,TX,ASW,CE,Combined TRACON& Tower with Radar,11,26,30,65,132,0,4,11,11,26,11,30,41,76,158,2,76,78,236
01/28/2022,CRP,TX,ASW,CE,Combined TRACON& Tower with Radar,8,26,28,94,156,0,2,9,10,21,8,28,37,104,177,0,40,40,217
01/29/2022,CRP,TX,ASW,CE,Combined TRACON& Tower with Radar,8,13,7,26,54,0,3,18,28,49,8,16,25,54,103,0,0,0,103
01/30/2022,CRP,TX,ASW,CE,Combined TRACON& Tower with Radar,12,17,7,17,53,0,8,18,26,52,12,25,25,43,105,0,50,50,155
01/31/2022,CRP,TX,ASW,CE,Combined TRACON& Tower with Radar,11,19,19,57,106,0,1,2,5,8,11,20,21,62,114,0,44,44,158
02/01/2022,CRP,TX,ASW,CE,Combined TRACON& Tower with Radar,10,22,22,70,124,0,3,9,9,21,10,25,31,79,145,0,0,0,145
02/02/2022,CRP,TX,ASW,CE,Combined TRACON& Tower with Radar,10,25,20,41,96,0,1,6,13,20,10,26,26,54,116,0,72,72,188
02/03/2022,CRP,TX,ASW,CE,Combined TRACON& Tower with Radar,7,20,26,17,70,0,2,0,5,7,7,22,26,22,77,0,0,0,77
02/04/2022,CRP,TX,ASW,CE,Combined TRACON& Tower with Radar,7,23,14,35,79,0,3,9,7,19,7,26,23,42,98,0,24,24,122
02/05/2022,CRP,TX,ASW,CE,Combined TRACON& Tower with Radar,8,15,5,38,66,0,7,21,13,41,8,22,26,51,107,0,32,32,139
02/06/2022,CRP,TX,ASW,CE,Combined TRACON& Tower with Radar,9,21,20,13,63,0,1,8,19,28,9,22,28,32,91,18,18,36,127
02/07/2022,CRP,TX,ASW,CE,Combined TRACON& Tower with Radar,10,21,27,69,127,0,0,11,12,23,10,21,38,81,150,0,64,64,214
02/08/2022,CRP,TX,ASW,CE,Combined TRACON& Tower with Radar,10,26,27,33,96,0,3,17,11,31,10,29,44,44,127,0,0,0,127
02/09/2022,CRP,TX,ASW,CE,Combined TRACON& Tower with Radar,10,30,51,50,141,0,2,18,15,35,10,32,69,65,176,0,40,40,216
02/10/2022,CRP,TX,ASW,CE,Combined TRACON& Tower with Radar,11,27,26,73,137,0,1,21,15,37,11,28,47,88,174,0,92,92,266
02/11/2022,CRP,TX,ASW,CE,Combined TRACON& Tower with Radar,12,23,24,51,110,0,0,15,10,25,12,23,39,61,135,0,54,54,189
02/12/2022,CRP,TX,ASW,CE,Combined TRACON& Tower with Radar,12,15,1,40,68,0,1,1,8,10,12,16,2,48,78,0,84,84,162
02/13/2022,CRP,TX,ASW,CE,Combined TRACON& Tower with Radar,12,20,8,34,74,0,2,19,12,33,12,22,27,46,107,0,4,4,111
02/14/2022,CRP,TX,ASW,CE,Combined TRACON& Tower with Radar,12,18,13,43,86,0,3,13,4,20,12,21,26,47,106,0,16,16,122
02/15/2022,CRP,TX,ASW,CE,Combined TRACON& Tower with Radar,12,28,19,64,123,0,8,11,20,39,12,36,30,84,162,0,88,88,250
02/16/2022,CRP,TX,ASW,CE,Combined TRACON& Tower with Radar,12,29,36,70,147,0,2,9,14,25,12,31,45,84,172,0,8,8,180
02/17/2022,CRP,TX,ASW,CE,Combined TRACON& Tower with Radar,12,27,39,61,139,0,1,22,10,33,12,28,61,71,172,0,38,38,210
02/18/2022,CRP,TX,ASW,CE,Combined TRACON& Tower with Radar,12,28,18,60,118,0,0,20,14,34,12,28,38,74,152,0,40,40,192
02/19/2022,CRP,TX,ASW,CE,Combined TRACON& Tower with Radar,12,17,8,52,89,0,4,14,15,33,12,21,22,67,122,0,38,38,160
02/20/2022,CRP,TX,ASW,CE,Combined TRACON& Tower with Radar,12,23,12,48,95,0,1,6,6,13,12,24,18,54,108,4,8,12,120
02/21/2022,CRP,TX,ASW,CE,Combined TRACON& Tower with Radar,12,25,24,26,87,0,5,5,10,20,12,30,29,36,107,2,44,46,153
02/22/2022,CRP,TX,ASW,CE,Combined TRACON& Tower with Radar,14,24,23,49,110,0,0,17,11,28,14,24,40,60,138,0,36,36,174
02/23/2022,CRP,TX,ASW,CE,Combined TRACON& Tower with Radar,9,25,30,66,130,0,2,0,5,7,9,27,30,71,137,0,0,0,137
02/24/2022,CRP,TX,ASW,CE,Combined TRACON& Tower with Radar,8,31,26,35,100,0,0,0,2,2,8,31,26,37,102,0,0,0,102
02/25/2022,CRP,TX,ASW,CE,Combined TRACON& Tower with Radar,15,31,30,69,145,0,0,0,7,7,15,31,30,76,152,0,86,86,238
02/26/2022,CRP,TX,ASW,CE,Combined TRACON& Tower with Radar,14,17,7,36,74,0,0,0,1,1,14,17,7,37,75,0,0,0,75
02/27/2022,CRP,TX,ASW,CE,Combined TRACON& Tower with Radar,12,15,24,34,85,0,1,5,7,13,12,16,29,41,98,0,0,0,98
02/28/2022,CRP,TX,ASW,CE,Combined TRACON& Tower with Radar,12,23,26,78,139,0,0,21,14,35,12,23,47,92,174,0,136,136,310
03/01/2022,CRP,TX,ASW,CE,Combined TRACON& Tower with Radar,14,25,16,71,126,0,2,15,17,34,14,27,31,88,160,0,22,22,182
03/02/2022,CRP,TX,ASW,CE,Combined TRACON& Tower with Radar,12,30,31,56,129,0,1,15,10,26,12,31,46,66,155,0,8,8,163
03/03/2022,CRP,TX,ASW,CE,Combined TRACON& Tower with Radar,11,25,54,48,138,0,4,20,10,34,11,29,74,58,172,0,20,20,192
03/04/2022,CRP,TX,ASW,CE,Combined TRACON& Tower with Radar,13,21,21,40,95,0,5,11,15,31,13,26,32,55,126,0,26,26,152
03/05/2022,CRP,TX,ASW,CE,Combined TRACON& Tower with Radar,10,21,19,21,71,0,1,0,9,10,10,22,19,30,81,0,0,0,81
03/06/2022,CRP,TX,ASW,CE,Combined TRACON& Tower with Radar,10,20,22,43,95,0,3,1,4,8,10,23,23,47,103,0,0,0,103
03/07/2022,CRP,TX,ASW,CE,Combined TRACON& Tower with Radar,12,20,20,131,183,0,0,1,4,5,12,20,21,135,188,0,50,50,238
03/08/2022,CRP,TX,ASW,CE,Combined TRACON& Tower with Radar,10,17,39,108,174,0,0,2,5,7,10,17,41,113,181,0,14,14,195
03/09/2022,CRP,TX,ASW,CE,Combined TRACON& Tower with Radar,12,28,30,85,155,0,4,14,15,33,12,32,44,100,188,0,82,82,270
03/10/2022,CRP,TX,ASW,CE,Combined TRACON& Tower with Radar,16,32,39,88,175,0,0,8,6,14,16,32,47,94,189,0,38,38,227
03/11/2022,CRP,TX,ASW,CE,Combined TRACON& Tower with Radar,15,28,16,56,115,0,2,1,2,5,15,30,17,58,120,0,22,22,142
03/12/2022,CRP,TX,ASW,CE,Combined TRACON& Tower with Radar,11,27,20,44,102,0,2,20,16,38,11,29,40,60,140,0,78,78,218
03/13/2022,CRP,TX,ASW,CE,Combined TRACON& Tower with Radar,16,17,22,34,89,0,1,18,12,31,16,18,40,46,120,4,10,14,134
03/14/2022,CRP,TX,ASW,CE,Combined TRACON& Tower with Radar,15,19,16,77,127,0,4,11,19,34,15,23,27,96,161,0,10,10,171
03/15/2022,CRP,TX,ASW,CE,Combined TRACON& Tower with Radar,15,19,22,72,128,0,1,20,15,36,15,20,42,87,164,0,46,46,210
03/16/2022,CRP,TX,ASW,CE,Combined TRACON& Tower with Radar,18,28,21,72,139,0,2,27,16,45,18,30,48,88,184,0,56,56,240
03/17/2022,CRP,TX,ASW,CE,Combined TRACON& Tower with Radar,15,27,20,65,127,0,2,3,9,14,15,29,23,74,141,0,34,34,175
03/18/2022,CRP,TX,ASW,CE,Combined TRACON& Tower with Radar,17,27,31,77,152,0,3,12,15,30,17,30,43,92,182,0,82,82,264
03/19/2022,CRP,TX,ASW,CE,Combined TRACON& Tower with Radar,9,19,11,7,46,0,2,29,13,44,9,21,40,20,90,14,62,76,166
03/20/2022,CRP,TX,ASW,CE,Combined TRACON& Tower with Radar,12,21,20,15,68,0,6,13,5,24,12,27,33,20,92,2,14,16,108
03/21/2022,CRP,TX,ASW,CE,Combined TRACON& Tower with Radar,16,19,25,29,89,0,0,2,0,2,16,19,27,29,91,0,8,8,99
03/22/2022,CRP,TX,ASW,CE,Combined TRACON& Tower with Radar,17,20,26,86,149,0,3,13,11,27,17,23,39,97,176,0,50,50,226
03/23/2022,CRP,TX,ASW,CE,Combined TRACON& Tower with Radar,15,27,57,96,195,0,2,20,7,29,15,29,77,103,224,0,16,16,240
03/24/2022,CRP,TX,ASW,CE,Combined TRACON& Tower with Radar,15,24,29,87,155,0,3,25,15,43,15,27,54,102,198,0,58,58,256
03/25/2022,CRP,TX,ASW,CE,Combined TRACON& Tower with Radar,18,24,32,52,126,0,0,19,18,37,18,24,51,70,163,0,44,44,207
03/26/2022,CRP,TX,ASW,CE,Combined TRACON& Tower with Radar,10,16,10,13,49,0,0,20,17,37,10,16,30,30,86,0,62,62,148
03/27/2022,CRP,TX,ASW,CE,Combined TRACON& Tower with Radar,13,20,15,29,77,0,1,14,15,30,13,21,29,44,107,0,6,6,113
03/28/2022,CRP,TX,ASW,CE,Combined TRACON& Tower with Radar,18,20,40,71,149,0,5,14,7,26,18,25,54,78,175,0,10,10,185
03/29/2022,CRP,TX,ASW,CE,Combined TRACON& Tower with Radar,14,13,28,24,79,0,1,1,14,16,14,14,29,38,95,0,16,16,111
03/30/2022,CRP,TX,ASW,CE,Combined TRACON& Tower with Radar,18,26,34,75,153,0,1,2,11,14,18,27,36,86,167,0,12,12,179
03/31/2022,CRP,TX,ASW,CE,Combined TRACON& Tower with Radar,15,23,17,91,146,0,6,22,22,50,15,29,39,113,196,0,48,48,244
04/01/2022,CRP,TX,ASW,CE,Combined TRACON& Tower with Radar,19,31,26,56,132,0,1,13,9,23,19,32,39,65,155,0,12,12,167
04/02/2022,CRP,TX,ASW,CE,Combined TRACON& Tower with Radar,14,12,10,22,58,0,3,11,13,27,14,15,21,35,85,0,2,2,87
04/03/2022,CRP,TX,ASW,CE,Combined TRACON& Tower with Radar,16,23,13,53,105,0,3,17,8,28,16,26,30,61,133,4,2,6,139
04/04/2022,CRP,TX,ASW,CE,Combined TRACON& Tower with Radar,11,25,27,91,154,0,2,5,3,10,11,27,32,94,164,0,0,0,164
04/05/2022,CRP,TX,ASW,CE,Combined TRACON& Tower with Radar,21,20,28,49,118,0,0,12,10,22,21,20,40,59,140,0,48,48,188
04/06/2022,CRP,TX,ASW,CE,Combined TRACON& Tower with Radar,20,23,34,70,147,0,4,8,19,31,20,27,42,89,178,0,76,76,254
04/07/2022,CRP,TX,ASW,CE,Combined TRACON& Tower with Radar,20,24,30,57,131,0,1,29,7,37,20,25,59,64,168,10,0,10,178
04/08/2022,CRP,TX,ASW,CE,Combined TRACON& Tower with Radar,20,21,18,32,91,0,3,17,16,36,20,24,35,48,127,10,42,52,179
04/09/2022,CRP,TX,ASW,CE,Combined TRACON& Tower with Radar,16,20,6,21,63,0,2,23,11,36,16,22,29,32,99,0,68,68,167
04/10/2022,CRP,TX,ASW,CE,Combined TRACON& Tower with Radar,20,22,22,17,81,0,0,4,5,9,20,22,26,22,90,0,4,4,94
04/11/2022,CRP,TX,ASW,CE,Combined TRACON& Tower with Radar,35,20,39,67,161,0,5,0,4,9,35,25,39,71,170,0,46,46,216
04/12/2022,CRP,TX,ASW,CE,Combined TRACON& Tower with Radar,19,23,41,44,127,0,3,7,7,17,19,26,48,51,144,0,36,36,180
04/13/2022,CRP,TX,ASW,CE,Combined TRACON& Tower with Radar,22,22,44,61,149,0,4,15,11,30,22,26,59,72,179,0,84,84,263
04/14/2022,CRP,TX,ASW,CE,Combined TRACON& Tower with Radar,22,17,38,36,113,0,3,9,13,25,22,20,47,49,138,0,10,10,148
04/15/2022,CRP,TX,ASW,CE,Combined TRACON& Tower with Radar,20,24,26,55,125,0,0,6,9,15,20,24,32,64,140,0,22,22,162
04/16/2022,CRP,TX,ASW,CE,Combined TRACON& Tower with Radar,16,13,14,5,48,0,0,8,9,17,16,13,22,14,65,0,4,4,69
04/17/2022,CRP,TX,ASW,CE,Combined TRACON& Tower with Radar,19,12,12,26,69,0,1,2,7,10,19,13,14,33,79,0,0,0,79
04/18/2022,CRP,TX,ASW,CE,Combined TRACON& Tower with Radar,21,19,23,39,102,0,3,8,9,20,21,22,31,48,122,0,16,16,138
04/19/2022,CRP,TX,ASW,CE,Combined TRACON& Tower with Radar,18,21,26,66,131,0,0,2,8,10,18,21,28,74,141,0,20,20,161
04/20/2022,CRP,TX,ASW,CE,Combined TRACON& Tower with Radar,20,24,42,43,129,0,1,8,6,15,20,25,50,49,144,0,86,86,230
04/21/2022,CRP,TX,ASW,CE,Combined TRACON& Tower with Radar,19,27,47,59,152,0,0,6,5,11,19,27,53,64,163,0,44,44,207
04/22/2022,CRP,TX,ASW,CE,Combined TRACON& Tower with Radar,20,21,26,52,119,0,0,5,9,14,20,21,31,61,133,0,16,16,149
04/23/2022,CRP,TX,ASW,CE,Combined TRACON& Tower with Radar,16,20,16,33,85,0,1,4,6,11,16,21,20,39,96,0,0,0,96
04/24/2022,CRP,TX,ASW,CE,Combined TRACON& Tower with Radar,18,16,10,20,64,0,2,1,10,13,18,18,11,30,77,0,14,14,91
04/25/2022,CRP,TX,ASW,CE,Combined TRACON& Tower with Radar,31,16,30,38,115,0,0,4,3,7,31,16,34,41,122,0,16,16,138
04/26/2022,CRP,TX,ASW,CE,Combined TRACON& Tower with Radar,17,23,23,136,199,0,1,3,6,10,17,24,26,142,209,0,56,56,265
04/27/2022,CRP,TX,ASW,CE,Combined TRACON& Tower with Radar,20,22,41,59,142,0,3,12,9,24,20,25,53,68,166,0,8,8,174
04/28/2022,CRP,TX,ASW,CE,Combined TRACON& Tower with Radar,20,20,30,41,111,0,0,15,17,32,20,20,45,58,143,0,44,44,187
04/29/2022,CRP,TX,ASW,CE,Combined TRACON& Tower with Radar,20,20,28,26,94,0,0,8,5,13,20,20,36,31,107,0,32,32,139
04/30/2022,CRP,TX,ASW,CE,Combined TRACON& Tower with Radar,16,12,13,41,82,0,4,4,14,22,16,16,17,55,104,0,64,64,168
05/01/2022,CRP,TX,ASW,CE,Combined TRACON& Tower with Radar,20,10,22,78,130,0,2,5,10,17,20,12,27,88,147,0,34,34,181
05/02/2022,CRP,TX,ASW,CE,Combined TRACON& Tower with Radar,21,18,35,88,162,0,4,11,8,23,21,22,46,96,185,0,80,80,265
05/03/2022,CRP,TX,ASW,CE,Combined TRACON& Tower with Radar,19,21,27,48,115,0,0,7,5,12,19,21,34,53,127,0,28,28,155
05/04/2022,CRP,TX,ASW,CE,Combined TRACON& Tower with Radar,19,20,42,43,124,0,3,7,8,18,19,23,49,51,142,0,36,36,178
05/05/2022,CRP,TX,ASW,CE,Combined TRACON& Tower with Radar,25,21,35,36,117,0,1,10,6,17,25,22,45,42,134,0,34,34,168
05/06/2022,CRP,TX,ASW,CE,Combined TRACON& Tower with Radar,27,19,29,16,91,0,3,11,4,18,27,22,40,20,109,0,32,32,141
05/07/2022,CRP,TX,ASW,CE,Combined TRACON& Tower with Radar,22,11,15,26,74,0,1,6,5,12,22,12,21,31,86,0,202,202,288
05/08/2022,CRP,TX,ASW,CE,Combined TRACON& Tower with Radar,26,9,25,34,94,0,4,4,4,12,26,13,29,38,106,0,0,0,106
05/09/2022,CRP,TX,ASW,CE,Combined TRACON& Tower with Radar,28,22,25,61,136,0,3,6,5,14,28,25,31,66,150,0,18,18,168
05/10/2022,CRP,TX,ASW,CE,Combined TRACON& Tower with Radar,26,18,36,57,137,0,1,15,10,26,26,19,51,67,163,0,56,56,219
05/11/2022,CRP,TX,ASW,CE,Combined TRACON& Tower with Radar,26,24,32,61,143,0,3,20,13,36,26,27,52,74,179,0,72,72,251
05/12/2022,CRP,TX,ASW,CE,Combined TRACON& Tower with Radar,26,15,41,20,102,0,5,27,7,39,26,20,68,27,141,0,52,52,193
05/13/2022,CRP,TX,ASW,CE,Combined TRACON& Tower with Radar,25,18,31,59,133,0,0,28,9,37,25,18,59,68,170,0,44,44,214
05/14/2022,CRP,TX,ASW,CE,Combined TRACON& Tower with Radar,20,13,25,21,79,0,7,14,15,36,20,20,39,36,115,0,104,104,219
05/15/2022,CRP,TX,ASW,CE,Combined TRACON& Tower with Radar,26,11,22,56,115,0,1,15,13,29,26,12,37,69,144,2,0,2,146
05/16/2022,CRP,TX,ASW,CE,Combined TRACON& Tower with Radar,26,13,29,55,123,0,9,16,16,41,26,22,45,71,164,0,164,164,328
05/17/2022,CRP,TX,ASW,CE,Combined TRACON& Tower with Radar,26,14,41,46,127,0,6,13,10,29,26,20,54,56,156,0,158,158,314
05/18/2022,CRP,TX,ASW,CE,Combined TRACON& Tower with Radar,26,20,31,62,139,0,1,27,11,39,26,21,58,73,178,0,208,208,386
05/19/2022,CRP,TX,ASW,CE,Combined TRACON& Tower with Radar,26,18,33,19,96,0,1,18,7,26,26,19,51,26,122,0,28,28,150
05/20/2022,CRP,TX,ASW,CE,Combined TRACON& Tower with Radar,26,11,34,32,103,0,1,11,5,17,26,12,45,37,120,0,18,18,138
05/21/2022,CRP,TX,ASW,CE,Combined TRACON& Tower with Radar,24,13,12,83,132,0,1,10,6,17,24,14,22,89,149,0,24,24,173
05/22/2022,CRP,TX,ASW,CE,Combined TRACON& Tower with Radar,25,8,13,35,81,0,0,3,11,14,25,8,16,46,95,0,12,12,107
05/23/2022,CRP,TX,ASW,CE,Combined TRACON& Tower with Radar,26,18,30,58,132,0,5,4,18,27,26,23,34,76,159,0,140,140,299
05/24/2022,CRP,TX,ASW,CE,Combined TRACON& Tower with Radar,26,16,9,65,116,0,2,11,14,27,26,18,20,79,143,0,150,150,293
05/25/2022,CRP,TX,ASW,CE,Combined TRACON& Tower with Radar,28,13,26,40,107,0,1,9,13,23,28,14,35,53,130,0,166,166,296
05/26/2022,CRP,TX,ASW,CE,Combined TRACON& Tower with Radar,24,13,34,26,97,0,4,26,5,35,24,17,60,31,132,0,0,0,132
05/27/2022,CRP,TX,ASW,CE,Combined TRACON& Tower with Radar,26,20,38,5,89,0,2,8,7,17,26,22,46,12,106,0,20,20,126
05/28/2022,CRP,TX,ASW,CE,Combined TRACON& Tower with Radar,22,10,20,0,52,0,1,14,4,19,22,11,34,4,71,0,0,0,71
05/29/2022,CRP,TX,ASW,CE,Combined TRACON& Tower with Radar,26,10,11,1,48,0,1,7,3,11,26,11,18,4,59,0,0,0,59
05/30/2022,CRP,TX,ASW,CE,Combined TRACON& Tower with Radar,27,17,1,0,45,0,3,6,3,12,27,20,7,3,57,0,10,10,67
05/31/2022,CRP,TX,ASW,CE,Combined TRACON& Tower with Radar,26,18,26,81,151,0,2,20,7,29,26,20,46,88,180,0,52,52,232
06/01/2022,CRP,TX,ASW,CE,Combined TRACON& Tower with Radar,24,18,24,42,108,0,6,14,13,33,24,24,38,55,141,0,170,170,311
06/02/2022,CRP,TX,ASW,CE,Combined TRACON& Tower with Radar,24,19,25,114,182,0,3,13,31,47,24,22,38,145,229,10,200,210,439
06/03/2022,CRP,TX,ASW,CE,Combined TRACON& Tower with Radar,14,35,24,66,139,0,6,10,8,24,14,41,34,74,163,0,18,18,181
06/04/2022,CRP,TX,ASW,CE,Combined TRACON& Tower with Radar,11,20,20,53,104,0,3,14,84,101,11,23,34,137,205,0,8,8,213
06/05/2022,CRP,TX,ASW,CE,Combined TRACON& Tower with Radar,14,26,18,43,101,0,1,17,16,34,14,27,35,59,135,0,48,48,183
06/06/2022,CRP,TX,ASW,CE,Combined TRACON& Tower with Radar,13,31,14,32,90,0,3,6,9,18,13,34,20,41,108,0,18,18,126
06/07/2022,CRP,TX,ASW,CE,Combined TRACON& Tower with Radar,14,38,20,29,101,0,3,14,16,33,14,41,34,45,134,0,204,204,338
06/08/2022,CRP,TX,ASW,CE,Combined TRACON& Tower with Radar,14,29,33,34,110,0,2,13,19,34,14,31,46,53,144,0,102,102,246
06/09/2022,CRP,TX,ASW,CE,Combined TRACON& Tower with Radar,14,28,43,74,159,0,2,13,16,31,14,30,56,90,190,0,86,86,276
06/10/2022,CRP,TX,ASW,CE,Combined TRACON& Tower with Radar,14,32,27,76,149,0,7,22,15,44,14,39,49,91,193,4,160,164,357
06/11/2022,CRP,TX,ASW,CE,Combined TRACON& Tower with Radar,10,19,17,57,103,0,0,12,22,34,10,19,29,79,137,0,36,36,173
06/12/2022,CRP,TX,ASW,CE,Combined TRACON& Tower with Radar,14,24,21,65,124,0,5,13,20,38,14,29,34,85,162,0,28,28,190
06/13/2022,CRP,TX,ASW,CE,Combined TRACON& Tower with Radar,14,27,32,10,83,0,2,11,7,20,14,29,43,17,103,0,18,18,121
06/14/2022,CRP,TX,ASW,CE,Combined TRACON& Tower with Radar,14,28,20,91,153,0,2,19,12,33,14,30,39,103,186,4,84,88,274
06/15/2022,CRP,TX,ASW,CE,Combined TRACON& Tower with Radar,14,34,27,92,167,0,1,11,13,25,14,35,38,105,192,0,228,228,420
06/16/2022,CRP,TX,ASW,CE,Combined TRACON& Tower with Radar,14,26,34,61,135,0,6,16,11,33,14,32,50,72,168,0,154,154,322
06/17/2022,CRP,TX,ASW,CE,Combined TRACON& Tower with Radar,14,34,17,85,150,0,0,24,10,34,14,34,41,95,184,0,72,72,256
06/18/2022,CRP,TX,ASW,CE,Combined TRACON& Tower with Radar,10,26,18,69,123,0,0,9,12,21,10,26,27,81,144,0,28,28,172
06/19/2022,CRP,TX,ASW,CE,Combined TRACON& Tower with Radar,14,26,15,55,110,0,2,5,14,21,14,28,20,69,131,0,26,26,157
06/20/2022,CRP,TX,ASW,CE,Combined TRACON& Tower with Radar,13,23,22,54,112,0,3,5,19,27,13,26,27,73,139,0,22,22,161
06/21/2022,CRP,TX,ASW,CE,Combined TRACON& Tower with Radar,15,27,17,151,210,0,1,15,17,33,15,28,32,168,243,10,110,120,363
06/22/2022,CRP,TX,ASW,CE,Combined TRACON& Tower with Radar,13,36,16,66,131,0,5,7,17,29,13,41,23,83,160,0,108,108,268
06/23/2022,CRP,TX,ASW,CE,Combined TRACON& Tower with Radar,16,30,30,100,176,0,8,14,13,35,16,38,44,113,211,2,106,108,319
06/24/2022,CRP,TX,ASW,CE,Combined TRACON& Tower with Radar,12,23,22,67,124,0,3,21,16,40,12,26,43,83,164,0,88,88,252
06/25/2022,CRP,TX,ASW,CE,Combined TRACON& Tower with Radar,10,21,10,32,73,0,3,14,5,22,10,24,24,37,95,0,0,0,95
06/26/2022,CRP,TX,ASW,CE,Combined TRACON& Tower with Radar,14,23,22,39,98,0,2,15,21,38,14,25,37,60,136,0,2,2,138
06/27/2022,CRP,TX,ASW,CE,Combined TRACON& Tower with Radar,16,30,20,42,108,0,3,3,10,16,16,33,23,52,124,0,48,48,172
06/28/2022,CRP,TX,ASW,CE,Combined TRACON& Tower with Radar,14,27,23,20,84,0,5,6,11,22,14,32,29,31,106,0,22,22,128
06/29/2022,CRP,TX,ASW,CE,Combined TRACON& Tower with Radar,15,27,22,143,207,0,3,8,14,25,15,30,30,157,232,0,32,32,264
06/30/2022,CRP,TX,ASW,CE,Combined TRACON& Tower with Radar,16,32,31,57,136,0,4,14,8,26,16,36,45,65,162,0,24,24,186
07/01/2022,CRP,TX,ASW,CE,Combined TRACON& Tower with Radar,14,32,18,21,85,0,1,11,12,24,14,33,29,33,109,6,42,48,157
07/02/2022,CRP,TX,ASW,CE,Combined TRACON& Tower with Radar,12,19,12,34,77,0,3,11,7,21,12,22,23,41,98,0,0,0,98
07/03/2022,CRP,TX,ASW,CE,Combined TRACON& Tower with Radar,14,17,4,8,43,0,1,10,9,20,14,18,14,17,63,0,10,10,73
07/04/2022,CRP,TX,ASW,CE,Combined TRACON& Tower with Radar,16,22,5,17,60,0,2,20,2,24,16,24,25,19,84,6,0,6,90
07/05/2022,CRP,TX,ASW,CE,Combined TRACON& Tower with Radar,14,23,31,16,84,0,2,13,10,25,14,25,44,26,109,0,0,0,109
07/06/2022,CRP,TX,ASW,CE,Combined TRACON& Tower with Radar,14,24,23,97,158,0,7,17,12,36,14,31,40,109,194,0,138,138,332
07/07/2022,CRP,TX,ASW,CE,Combined TRACON& Tower with Radar,14,34,14,94,156,0,1,8,18,27,14,35,22,112,183,2,110,112,295
07/08/2022,CRP,TX,ASW,CE,Combined TRACON& Tower with Radar,14,36,31,97,178,0,10,20,11,41,14,46,51,108,219,0,116,116,335
07/09/2022,CRP,TX,ASW,CE,Combined TRACON& Tower with Radar,10,16,3,76,105,0,3,14,19,36,10,19,17,95,141,0,68,68,209
07/10/2022,CRP,TX,ASW,CE,Combined TRACON& Tower with Radar,14,23,17,59,113,0,2,17,11,30,14,25,34,70,143,0,24,24,167
07/11/2022,CRP,TX,ASW,CE,Combined TRACON& Tower with Radar,13,26,33,142,214,0,3,23,12,38,13,29,56,154,252,0,88,88,340
07/12/2022,CRP,TX,ASW,CE,Combined TRACON& Tower with Radar,17,26,20,131,194,0,1,19,13,33,17,27,39,144,227,0,96,96,323
07/13/2022,CRP,TX,ASW,CE,Combined TRACON& Tower with Radar,16,19,34,138,207,0,2,14,13,29,16,21,48,151,236,0,22,22,258
07/14/2022,CRP,TX,ASW,CE,Combined TRACON& Tower with Radar,14,28,48,132,222,0,5,12,15,32,14,33,60,147,254,0,66,66,320
07/15/2022,CRP,TX,ASW,CE,Combined TRACON& Tower with Radar,14,29,20,67,130,0,3,6,9,18,14,32,26,76,148,0,134,134,282
07/16/2022,CRP,TX,ASW,CE,Combined TRACON& Tower with Radar,9,15,11,19,54,0,1,8,13,22,9,16,19,32,76,0,20,20,96
07/17/2022,CRP,TX,ASW,CE,Combined TRACON& Tower with Radar,15,22,14,56,107,0,2,11,14,27,15,24,25,70,134,0,0,0,134
07/18/2022,CRP,TX,ASW,CE,Combined TRACON& Tower with Radar,13,24,24,131,192,0,2,14,7,23,13,26,38,138,215,0,82,82,297
07/19/2022,CRP,TX,ASW,CE,Combined TRACON& Tower with Radar,14,26,19,149,208,0,6,6,9,21,14,32,25,158,229,0,204,204,433
07/20/2022,CRP,TX,ASW,CE,Combined TRACON& Tower with Radar,15,31,30,143,219,0,4,11,14,29,15,35,41,157,248,0,144,144,392
07/21/2022,CRP,TX,ASW,CE,Combined TRACON& Tower with Radar,18,27,46,70,161,1,1,23,11,36,19,28,69,81,197,2,72,74,271
07/22/2022,CRP,TX,ASW,CE,Combined TRACON& Tower with Radar,16,31,28,70,145,0,8,19,9,36,16,39,47,79,181,0,60,60,241
07/23/2022,CRP,TX,ASW,CE,Combined TRACON& Tower with Radar,10,23,5,65,103,0,5,2,6,13,10,28,7,71,116,2,18,20,136
07/24/2022,CRP,TX,ASW,CE,Combined TRACON& Tower with Radar,13,26,16,59,114,0,4,10,6,20,13,30,26,65,134,2,24,26,160
07/25/2022,CRP,TX,ASW,CE,Combined TRACON& Tower with Radar,18,21,21,119,179,0,1,14,13,28,18,22,35,132,207,2,76,78,285
07/26/2022,CRP,TX,ASW,CE,Combined TRACON& Tower with Radar,19,21,29,91,160,0,4,19,10,33,19,25,48,101,193,0,96,96,289
07/27/2022,CRP,TX,ASW,CE,Combined TRACON& Tower with Radar,14,25,23,127,189,0,1,9,9,19,14,26,32,136,208,0,78,78,286
07/28/2022,CRP,TX,ASW,CE,Combined TRACON& Tower with Radar,14,26,37,71,148,0,5,4,15,24,14,31,41,86,172,4,176,180,352
07/29/2022,CRP,TX,ASW,CE,Combined TRACON& Tower with Radar,12,28,27,88,155,0,4,15,8,27,12,32,42,96,182,0,78,78,260
07/30/2022,CRP,TX,ASW,CE,Combined TRACON& Tower with Radar,11,17,7,62,97,0,1,13,6,20,11,18,20,68,117,0,34,34,151
07/31/2022,CRP,TX,ASW,CE,Combined TRACON& Tower with Radar,13,23,13,63,112,0,0,5,9,14,13,23,18,72,126,4,52,56,182
08/01/2022,CRP,TX,ASW,CE,Combined TRACON& Tower with Radar,16,29,21,93,159,0,2,8,16,26,16,31,29,109,185,0,130,130,315
08/02/2022,CRP,TX,ASW,CE,Combined TRACON& Tower with Radar,14,29,22,76,141,0,2,13,7,22,14,31,35,83,163,0,98,98,261
08/03/2022,CRP,TX,ASW,CE,Combined TRACON& Tower with Radar,12,25,27,78,142,0,3,9,14,26,12,28,36,92,168,0,70,70,238
08/04/2022,CRP,TX,ASW,CE,Combined TRACON& Tower with Radar,13,34,24,98,169,0,5,19,11,35,13,39,43,109,204,4,218,222,426
08/05/2022,CRP,TX,ASW,CE,Combined TRACON& Tower with Radar,15,29,24,66,134,0,3,15,12,30,15,32,39,78,164,0,110,110,274
08/06/2022,CRP,TX,ASW,CE,Combined TRACON& Tower with Radar,14,25,7,22,68,0,1,0,6,7,14,26,7,28,75,0,10,10,85
08/07/2022,CRP,TX,ASW,CE,Combined TRACON& Tower with Radar,14,24,7,86,131,0,2,5,4,11,14,26,12,90,142,0,82,82,224
08/08/2022,CRP,TX,ASW,CE,Combined TRACON& Tower with Radar,14,34,19,114,181,0,2,8,9,19,14,36,27,123,200,0,60,60,260
08/09/2022,CRP,TX,ASW,CE,Combined TRACON& Tower with Radar,13,25,31,115,184,0,4,11,13,28,13,29,42,128,212,0,84,84,296
08/10/2022,CRP,TX,ASW,CE,Combined TRACON& Tower with Radar,17,33,30,158,238,0,2,16,8,26,17,35,46,166,264,0,118,118,382
08/11/2022,CRP,TX,ASW,CE,Combined TRACON& Tower with Radar,18,33,43,52,146,0,5,14,12,31,18,38,57,64,177,2,104,106,283
08/12/2022,CRP,TX,ASW,CE,Combined TRACON& Tower with Radar,14,32,33,35,114,0,1,10,8,19,14,33,43,43,133,4,82,86,219
08/13/2022,CRP,TX,ASW,CE,Combined TRACON& Tower with Radar,9,19,9,20,57,0,0,7,9,16,9,19,16,29,73,0,26,26,99
08/14/2022,CRP,TX,ASW,CE,Combined TRACON& Tower with Radar,16,18,17,8,59,0,0,0,4,4,16,18,17,12,63,0,4,4,67
08/15/2022,CRP,TX,ASW,CE,Combined TRACON& Tower with Radar,14,25,13,86,138,0,1,5,23,29,14,26,18,109,167,0,104,104,271
08/16/2022,CRP,TX,ASW,CE,Combined TRACON& Tower with Radar,17,23,17,94,151,0,5,13,13,31,17,28,30,107,182,0,94,94,276
08/17/2022,CRP,TX,ASW,CE,Combined TRACON& Tower with Radar,15,30,37,112,194,0,5,16,12,33,15,35,53,124,227,0,66,66,293
08/18/2022,CRP,TX,ASW,CE,Combined TRACON& Tower with Radar,35,22,26,160,243,0,1,14,9,24,35,23,40,169,267,2,182,184,451
08/19/2022,CRP,TX,ASW,CE,Combined TRACON& Tower with Radar,17,22,27,79,145,0,3,8,17,28,17,25,35,96,173,0,120,120,293
08/20/2022,CRP,TX,ASW,CE,Combined TRACON& Tower with Radar,13,15,9,70,107,0,1,7,14,22,13,16,16,84,129,0,50,50,179
08/21/2022,CRP,TX,ASW,CE,Combined TRACON& Tower with Radar,15,25,11,75,126,0,1,1,16,18,15,26,12,91,144,0,30,30,174
08/22/2022,CRP,TX,ASW,CE,Combined TRACON& Tower with Radar,16,27,21,153,217,0,1,10,46,57,16,28,31,199,274,0,138,138,412
08/23/2022,CRP,TX,ASW,CE,Combined TRACON& Tower with Radar,17,37,32,55,141,0,4,8,11,23,17,41,40,66,164,0,200,200,364
08/24/2022,CRP,TX,ASW,CE,Combined TRACON& Tower with Radar,17,32,28,62,139,0,0,6,14,20,17,32,34,76,159,0,176,176,335
08/25/2022,CRP,TX,ASW,CE,Combined TRACON& Tower with Radar,17,22,38,107,184,0,0,2,15,17,17,22,40,122,201,8,142,150,351
08/26/2022,CRP,TX,ASW,CE,Combined TRACON& Tower with Radar,16,26,27,119,188,0,0,7,10,17,16,26,34,129,205,0,104,104,309
08/27/2022,CRP,TX,ASW,CE,Combined TRACON& Tower with Radar,12,20,12,65,109,0,2,21,21,44,12,22,33,86,153,0,20,20,173
08/28/2022,CRP,TX,ASW,CE,Combined TRACON& Tower with Radar,16,20,26,70,132,0,0,15,20,35,16,20,41,90,167,0,36,36,203
08/29/2022,CRP,TX,ASW,CE,Combined TRACON& Tower with Radar,15,20,22,75,132,0,4,13,10,27,15,24,35,85,159,0,74,74,233
08/30/2022,CRP,TX,ASW,CE,Combined TRACON& Tower with Radar,17,33,31,89,170,0,5,18,19,42,17,38,49,108,212,0,132,132,344
08/31/2022,CRP,TX,ASW,CE,Combined TRACON& Tower with Radar,15,32,27,106,180,0,4,11,14,29,15,36,38,120,209,0,116,116,325
09/01/2022,CRP,TX,ASW,CE,Combined TRACON& Tower with Radar,17,30,29,110,186,0,5,18,16,39,17,35,47,126,225,20,222,242,467
09/02/2022,CRP,TX,ASW,CE,Combined TRACON& Tower with Radar,18,27,20,50,115,0,1,24,15,40,18,28,44,65,155,18,180,198,353
09/03/2022,CRP,TX,ASW,CE,Combined TRACON& Tower with Radar,11,24,8,5,48,0,0,0,2,2,11,24,8,7,50,0,14,14,64
09/04/2022,CRP,TX,ASW,CE,Combined TRACON& Tower with Radar,7,15,3,7,32,0,0,1,2,3,7,15,4,9,35,0,0,0,35
09/05/2022,CRP,TX,ASW,CE,Combined TRACON& Tower with Radar,18,26,5,18,67,0,2,2,3,7,18,28,7,21,74,0,10,10,84
09/06/2022,CRP,TX,ASW,CE,Combined TRACON& Tower with Radar,16,31,28,86,161,0,1,14,8,23,16,32,42,94,184,0,50,50,234
09/07/2022,CRP,TX,ASW,CE,Combined TRACON& Tower with Radar,19,23,23,93,158,0,4,18,16,38,19,27,41,109,196,0,156,156,352
09/08/2022,CRP,TX,ASW,CE,Combined TRACON& Tower with Radar,22,21,44,52,139,0,1,30,21,52,22,22,74,73,191,14,54,68,259
09/09/2022,CRP,TX,ASW,CE,Combined TRACON& Tower with Radar,22,23,36,91,172,0,8,16,8,32,22,31,52,99,204,2,92,94,298
09/10/2022,CRP,TX,ASW,CE,Combined TRACON& Tower with Radar,14,14,22,32,82,0,2,24,19,45,14,16,46,51,127,20,22,42,169
09/11/2022,CRP,TX,ASW,CE,Combined TRACON& Tower with Radar,22,16,11,73,122,0,4,20,27,51,22,20,31,100,173,0,84,84,257
09/12/2022,CRP,TX,ASW,CE,Combined TRACON& Tower with Radar,24,24,18,129,195,0,3,19,15,37,24,27,37,144,232,0,10,10,242
09/13/2022,CRP,TX,ASW,CE,Combined TRACON& Tower with Radar,20,24,28,138,210,0,3,22,16,41,20,27,50,154,251,0,74,74,325
09/14/2022,CRP,TX,ASW,CE,Combined TRACON& Tower with Radar,20,22,37,95,174,0,4,28,19,51,20,26,65,114,225,0,102,102,327
09/15/2022,CRP,TX,ASW,CE,Combined TRACON& Tower with Radar,22,22,27,70,141,0,5,25,20,50,22,27,52,90,191,26,72,98,289
09/16/2022,CRP,TX,ASW,CE,Combined TRACON& Tower with Radar,24,20,25,45,114,0,0,7,13,20,24,20,32,58,134,0,96,96,230
09/17/2022,CRP,TX,ASW,CE,Combined TRACON& Tower with Radar,14,21,16,54,105,0,2,11,23,36,14,23,27,77,141,0,36,36,177
09/18/2022,CRP,TX,ASW,CE,Combined TRACON& Tower with Radar,24,16,23,27,90,0,4,7,22,33,24,20,30,49,123,0,30,30,153
09/19/2022,CRP,TX,ASW,CE,Combined TRACON& Tower with Radar,23,16,28,56,123,0,3,17,15,35,23,19,45,71,158,0,98,98,256
09/20/2022,CRP,TX,ASW,CE,Combined TRACON& Tower with Radar,20,24,30,93,167,0,3,15,14,32,20,27,45,107,199,0,152,152,351
09/21/2022,CRP,TX,ASW,CE,Combined TRACON& Tower with Radar,20,25,32,104,181,0,5,11,17,33,20,30,43,121,214,0,38,38,252
09/22/2022,CRP,TX,ASW,CE,Combined TRACON& Tower with Radar,22,34,37,104,197,0,7,24,15,46,22,41,61,119,243,0,68,68,311
09/23/2022,CRP,TX,ASW,CE,Combined TRACON& Tower with Radar,23,24,32,92,171,0,2,33,15,50,23,26,65,107,221,0,18,18,239
09/24/2022,CRP,TX,ASW,CE,Combined TRACON& Tower with Radar,14,28,11,31,84,0,4,10,15,29,14,32,21,46,113,0,32,32,145
09/25/2022,CRP,TX,ASW,CE,Combined TRACON& Tower with Radar,22,15,15,52,104,0,10,9,10,29,22,25,24,62,133,0,44,44,177
09/26/2022,CRP,TX,ASW,CE,Combined TRACON& Tower with Radar,24,22,19,76,141,0,5,19,8,32,24,27,38,84,173,0,0,0,173
09/27/2022,CRP,TX,ASW,CE,Combined TRACON& Tower with Radar,20,26,15,78,139,0,8,17,19,44,20,34,32,97,183,0,126,126,309
09/28/2022,CRP,TX,ASW,CE,Combined TRACON& Tower with Radar,20,19,33,102,174,0,4,19,17,40,20,23,52,119,214,0,106,106,320
09/29/2022,CRP,TX,ASW,CE,Combined TRACON& Tower with Radar,24,19,36,102,181,0,4,19,21,44,24,23,55,123,225,0,146,146,371
09/30/2022,CRP,TX,ASW,CE,Combined TRACON& Tower with Radar,22,26,33,49,130,0,4,22,10,36,22,30,55,59,166,0,74,74,240
10/01/2022,CRP,TX,ASW,CE,Combined TRACON& Tower with Radar,14,16,5,42,77,0,6,10,12,28,14,22,15,54,105,0,46,46,151
10/02/2022,CRP,TX,ASW,CE,Combined TRACON& Tower with Radar,24,17,14,36,91,0,8,9,13,30,24,25,23,49,121,0,0,0,121
10/03/2022,CRP,TX,ASW,CE,Combined TRACON& Tower with Radar,24,27,21,86,158,0,6,7,14,27,24,33,28,100,185,4,86,90,275
10/04/2022,CRP,TX,ASW,CE,Combined TRACON& Tower with Radar,20,25,24,78,147,0,5,4,20,29,20,30,28,98,176,0,92,92,268
10/05/2022,CRP,TX,ASW,CE,Combined TRACON& Tower with Radar,20,30,28,86,164,0,6,17,22,45,20,36,45,108,209,2,104,106,315
10/06/2022,CRP,TX,ASW,CE,Combined TRACON& Tower with Radar,20,35,42,63,160,0,2,22,8,32,20,37,64,71,192,24,10,34,226
10/07/2022,CRP,TX,ASW,CE,Combined TRACON& Tower with Radar,21,28,32,61,142,0,5,23,4,32,21,33,55,65,174,0,46,46,220
10/08/2022,CRP,TX,ASW,CE,Combined TRACON& Tower with Radar,17,25,20,26,88,0,7,32,15,54,17,32,52,41,142,6,30,36,178
10/09/2022,CRP,TX,ASW,CE,Combined TRACON& Tower with Radar,17,15,18,23,73,0,1,16,13,30,17,16,34,36,103,0,0,0,103
10/10/2022,CRP,TX,ASW,CE,Combined TRACON& Tower with Radar,19,26,18,14,77,0,7,17,11,35,19,33,35,25,112,0,30,30,142
10/11/2022,CRP,TX,ASW,CE,Combined TRACON& Tower with Radar,20,19,37,120,196,0,3,18,17,38,20,22,55,137,234,0,94,94,328
10/12/2022,CRP,TX,ASW,CE,Combined TRACON& Tower with Radar,20,22,25,84,151,0,7,16,14,37,20,29,41,98,188,0,92,92,280
10/13/2022,CRP,TX,ASW,CE,Combined TRACON& Tower with Radar,21,27,46,89,183,0,0,14,19,33,21,27,60,108,216,0,146,146,362
10/14/2022,CRP,TX,ASW,CE,Combined TRACON& Tower with Radar,20,28,20,78,146,0,3,14,12,29,20,31,34,90,175,0,96,96,271
10/15/2022,CRP,TX,ASW,CE,Combined TRACON& Tower with Radar,15,27,14,28,84,0,5,12,21,38,15,32,26,49,122,0,62,62,184
10/16/2022,CRP,TX,ASW,CE,Combined TRACON& Tower with Radar,19,22,20,30,91,0,5,12,15,32,19,27,32,45,123,6,24,30,153
10/17/2022,CRP,TX,ASW,CE,Combined TRACON& Tower with Radar,19,25,31,66,141,0,0,0,3,3,19,25,31,69,144,0,22,22,166
10/18/2022,CRP,TX,ASW,CE,Combined TRACON& Tower with Radar,18,22,21,61,122,0,6,8,8,22,18,28,29,69,144,0,100,100,244
10/19/2022,CRP,TX,ASW,CE,Combined TRACON& Tower with Radar,20,30,26,96,172,0,6,19,22,47,20,36,45,118,219,0,104,104,323
10/20/2022,CRP,TX,ASW,CE,Combined TRACON& Tower with Radar,20,25,33,81,159,0,3,31,17,51,20,28,64,98,210,0,60,60,270
10/21/2022,CRP,TX,ASW,CE,Combined TRACON& Tower with Radar,21,30,24,31,106,0,7,13,19,39,21,37,37,50,145,0,40,40,185
10/22/2022,CRP,TX,ASW,CE,Combined TRACON& Tower with Radar,15,26,27,51,119,0,8,13,18,39,15,34,40,69,158,0,88,88,246
10/23/2022,CRP,TX,ASW,CE,Combined TRACON& Tower with Radar,21,23,12,50,106,0,7,7,27,41,21,30,19,77,147,0,172,172,319
10/24/2022,CRP,TX,ASW,CE,Combined TRACON& Tower with Radar,16,24,31,108,179,0,5,2,29,36,16,29,33,137,215,0,198,198,413
10/25/2022,CRP,TX,ASW,CE,Combined TRACON& Tower with Radar,19,23,31,103,176,0,4,11,32,47,19,27,42,135,223,0,70,70,293
10/26/2022,CRP,TX,ASW,CE,Combined TRACON& Tower with Radar,20,26,30,88,164,0,9,25,30,64,20,35,55,118,228,0,114,114,342
10/27/2022,CRP,TX,ASW,CE,Combined TRACON& Tower with Radar,21,25,50,113,209,0,5,10,20,35,21,30,60,133,244,0,158,158,402
10/28/2022,CRP,TX,ASW,CE,Combined TRACON& Tower with Radar,25,24,27,56,132,0,6,4,11,21,25,30,31,67,153,0,98,98,251
10/29/2022,CRP,TX,ASW,CE,Combined TRACON& Tower with Radar,14,22,17,28,81,0,4,20,16,40,14,26,37,44,121,8,36,44,165
10/30/2022,CRP,TX,ASW,CE,Combined TRACON& Tower with Radar,24,11,18,25,78,0,6,17,17,40,24,17,35,42,118,0,0,0,118
10/31/2022,CRP,TX,ASW,CE,Combined TRACON& Tower with Radar,20,15,16,94,145,0,5,5,24,34,20,20,21,118,179,0,64,64,243
11/01/2022,CRP,TX,ASW,CE,Combined TRACON& Tower with Radar,19,20,22,113,174,0,0,0,2,2,19,20,22,115,176,0,10,10,186
11/02/2022,CRP,TX,ASW,CE,Combined TRACON& Tower with Radar,24,26,38,99,187,0,0,3,16,19,24,26,41,115,206,0,0,0,206
11/03/2022,CRP,TX,ASW,CE,Combined TRACON& Tower with Radar,21,21,31,53,126,0,7,20,19,46,21,28,51,72,172,0,68,68,240
11/04/2022,CRP,TX,ASW,CE,Combined TRACON& Tower with Radar,18,21,44,96,179,0,2,9,23,34,18,23,53,119,213,0,158,158,371
11/05/2022,CRP,TX,ASW,CE,Combined TRACON& Tower with Radar,16,12,13,104,145,0,1,19,25,45,16,13,32,129,190,4,144,148,338
11/06/2022,CRP,TX,ASW,CE,Combined TRACON& Tower with Radar,24,12,28,76,140,0,0,9,20,29,24,12,37,96,169,0,42,42,211
11/07/2022,CRP,TX,ASW,CE,Combined TRACON& Tower with Radar,21,22,16,94,153,0,0,4,12,16,21,22,20,106,169,0,84,84,253
11/08/2022,CRP,TX,ASW,CE,Combined TRACON& Tower with Radar,21,27,36,140,224,0,4,7,20,31,21,31,43,160,255,0,88,88,343
11/09/2022,CRP,TX,ASW,CE,Combined TRACON& Tower with Radar,18,23,27,141,209,0,6,14,18,38,18,29,41,159,247,0,86,86,333
11/10/2022,CRP,TX,ASW,CE,Combined TRACON& Tower with Radar,20,16,37,108,181,0,2,13,20,35,20,18,50,128,216,0,102,102,318
11/11/2022,CRP,TX,ASW,CE,Combined TRACON& Tower with Radar,22,19,16,36,93,0,4,6,27,37,22,23,22,63,130,14,146,160,290
11/12/2022,CRP,TX,ASW,CE,Combined TRACON& Tower with Radar,16,14,9,60,99,0,4,15,39,58,16,18,24,99,157,0,156,156,313
11/13/2022,CRP,TX,ASW,CE,Combined TRACON& Tower with Radar,24,15,21,44,104,0,3,7,30,40,24,18,28,74,144,0,82,82,226
11/14/2022,CRP,TX,ASW,CE,Combined TRACON& Tower with Radar,22,22,16,127,187,0,2,0,4,6,22,24,16,131,193,0,36,36,229
11/15/2022,CRP,TX,ASW,CE,Combined TRACON& Tower with Radar,20,24,34,91,169,0,5,22,17,44,20,29,56,108,213,0,106,106,319
11/16/2022,CRP,TX,ASW,CE,Combined TRACON& Tower with Radar,18,29,25,113,185,0,3,11,9,23,18,32,36,122,208,0,146,146,354
11/17/2022,CRP,TX,ASW,CE,Combined TRACON& Tower with Radar,22,29,25,123,199,0,4,27,20,51,22,33,52,143,250,2,174,176,426
11/18/2022,CRP,TX,ASW,CE,Combined TRACON& Tower with Radar,22,21,24,92,159,0,4,10,5,19,22,25,34,97,178,0,21,21,199
11/19/2022,CRP,TX,ASW,CE,Combined TRACON& Tower with Radar,19,14,11,18,62,0,0,0,3,3,19,14,11,21,65,0,20,20,85
11/20/2022,CRP,TX,ASW,CE,Combined TRACON& Tower with Radar,25,10,19,138,192,0,0,17,8,25,25,10,36,146,217,0,20,20,237
11/21/2022,CRP,TX,ASW,CE,Combined TRACON& Tower with Radar,24,22,20,134,200,0,0,0,1,1,24,22,20,135,201,0,0,0,201
11/22/2022,CRP,TX,ASW,CE,Combined TRACON& Tower with Radar,24,23,24,138,209,0,0,0,10,10,24,23,24,148,219,30,121,151,370
11/23/2022,CRP,TX,ASW,CE,Combined TRACON& Tower with Radar,18,19,28,29,94,0,2,2,4,8,18,21,30,33,102,0,34,34,136
11/24/2022,CRP,TX,ASW,CE,Combined TRACON& Tower with Radar,16,9,6,0,31,0,0,0,0,0,16,9,6,0,31,0,0,0,31
11/25/2022,CRP,TX,ASW,CE,Combined TRACON& Tower with Radar,22,27,4,9,62,0,0,0,1,1,22,27,4,10,63,0,0,0,63
11/26/2022,CRP,TX,ASW,CE,Combined TRACON& Tower with Radar,18,17,13,22,70,0,6,20,11,37,18,23,33,33,107,6,20,26,133
11/27/2022,CRP,TX,ASW,CE,Combined TRACON& Tower with Radar,27,17,12,24,80,0,0,26,5,31,27,17,38,29,111,4,32,36,147
11/28/2022,CRP,TX,ASW,CE,Combined TRACON& Tower with Radar,23,21,25,62,131,0,0,0,0,0,23,21,25,62,131,0,0,0,131
11/29/2022,CRP,TX,ASW,CE,Combined TRACON& Tower with Radar,19,24,31,125,199,0,1,13,10,24,19,25,44,135,223,0,40,40,263
11/30/2022,CRP,TX,ASW,CE,Combined TRACON& Tower with Radar,15,17,24,119,175,0,2,32,18,52,15,19,56,137,227,0,170,170,397
12/01/2022,CRP,TX,ASW,CE,Combined TRACON& Tower with Radar,19,29,35,40,123,0,0,26,3,29,19,29,61,43,152,0,70,70,222
12/02/2022,CRP,TX,ASW,CE,Combined TRACON& Tower with Radar,20,17,19,19,75,0,0,2,0,2,20,17,21,19,77,0,0,0,77
12/03/2022,CRP,TX,ASW,CE,Combined TRACON& Tower with Radar,14,20,16,48,98,0,1,0,2,3,14,21,16,50,101,0,0,0,101
12/04/2022,CRP,TX,ASW,CE,Combined TRACON& Tower with Radar,20,15,25,62,122,0,0,2,0,2,20,15,27,62,124,0,0,0,124
12/05/2022,CRP,TX,ASW,CE,Combined TRACON& Tower with Radar,20,15,26,135,196,0,3,9,17,29,20,18,35,152,225,0,29,29,254
12/06/2022,CRP,TX,ASW,CE,Combined TRACON& Tower with Radar,18,22,29,181,250,0,3,9,19,31,18,25,38,200,281,0,154,154,435
12/07/2022,CRP,TX,ASW,CE,Combined TRACON& Tower with Radar,16,20,29,124,189,0,2,14,10,26,16,22,43,134,215,0,226,226,441
12/08/2022,CRP,TX,ASW,CE,Combined TRACON& Tower with Radar,16,17,25,10,68,0,0,15,7,22,16,17,40,17,90,4,0,4,94
12/09/2022,CRP,TX,ASW,CE,Combined TRACON& Tower with Radar,20,14,26,66,126,0,1,9,15,25,20,15,35,81,151,0,50,50,201
12/10/2022,CRP,TX,ASW,CE,Combined TRACON& Tower with Radar,13,18,10,34,75,0,4,5,2,11,13,22,15,36,86,20,20,40,126
12/11/2022,CRP,TX,ASW,CE,Combined TRACON& Tower with Radar,22,12,22,34,90,0,2,6,12,20,22,14,28,46,110,0,8,8,118
12/12/2022,CRP,TX,ASW,CE,Combined TRACON& Tower with Radar,20,18,40,127,205,0,2,6,11,19,20,20,46,138,224,0,70,70,294
12/13/2022,CRP,TX,ASW,CE,Combined TRACON& Tower with Radar,17,15,30,128,190,0,2,9,21,32,17,17,39,149,222,0,268,268,490
12/14/2022,CRP,TX,ASW,CE,Combined TRACON& Tower with Radar,17,16,20,108,161,0,4,23,19,46,17,20,43,127,207,4,186,190,397
12/15/2022,CRP,TX,ASW,CE,Combined TRACON& Tower with Radar,20,21,47,77,165,0,6,61,26,93,20,27,108,103,258,3,111,114,372
12/16/2022,CRP,TX,ASW,CE,Combined TRACON& Tower with Radar,22,21,36,63,142,0,2,9,16,27,22,23,45,79,169,2,178,180,349
12/17/2022,CRP,TX,ASW,CE,Combined TRACON& Tower with Radar,15,12,13,25,65,0,2,8,15,25,15,14,21,40,90,11,81,92,182
12/18/2022,CRP,TX,ASW,CE,Combined TRACON& Tower with Radar,26,14,5,64,109,0,4,7,16,27,26,18,12,80,136,6,90,96,232
12/19/2022,CRP,TX,ASW,CE,Combined TRACON& Tower with Radar,20,9,15,85,129,0,0,0,0,0,20,9,15,85,129,0,0,0,129
12/20/2022,CRP,TX,ASW,CE,Combined TRACON& Tower with Radar,18,21,28,97,164,0,1,4,11,16,18,22,32,108,180,0,142,142,322
12/21/2022,CRP,TX,ASW,CE,Combined TRACON& Tower with Radar,24,27,25,111,187,0,2,11,7,20,24,29,36,118,207,10,47,57,264
12/22/2022,CRP,TX,ASW,CE,Combined TRACON& Tower with Radar,18,19,16,66,119,0,0,2,3,5,18,19,18,69,124,0,0,0,124
12/23/2022,CRP,TX,ASW,CE,Combined TRACON& Tower with Radar,18,18,11,0,47,0,5,9,7,21,18,23,20,7,68,0,0,0,68
12/24/2022,CRP,TX,ASW,CE,Combined TRACON& Tower with Radar,10,10,5,0,25,0,1,5,1,7,10,11,10,1,32,0,0,0,32
12/25/2022,CRP,TX,ASW,CE,Combined TRACON& Tower with Radar,13,8,3,0,24,0,5,12,1,18,13,13,15,1,42,0,0,0,42
12/26/2022,CRP,TX,ASW,CE,Combined TRACON& Tower with Radar,13,15,12,0,40,0,5,14,4,23,13,20,26,4,63,0,0,0,63
12/27/2022,CRP,TX,ASW,CE,Combined TRACON& Tower with Radar,14,19,21,21,75,0,6,25,8,39,14,25,46,29,114,0,31,31,145
12/28/2022,CRP,TX,ASW,CE,Combined TRACON& Tower with Radar,18,19,13,37,87,0,0,19,17,36,18,19,32,54,123,0,89,89,212
12/29/2022,CRP,TX,ASW,CE,Combined TRACON& Tower with Radar,15,14,20,27,76,0,3,5,10,18,15,17,25,37,94,0,63,63,157
12/30/2022,CRP,TX,ASW,CE,Combined TRACON& Tower with Radar,24,18,19,0,61,0,10,16,9,35,24,28,35,9,96,4,10,14,110
12/31/2022,CRP,TX,ASW,CE,Combined TRACON& Tower with Radar,13,13,3,0,29,0,3,18,2,23,13,16,21,2,52,4,0,4,56
01/01/2023,CRP,TX,ASW,CE,Combined TRACON& Tower with Radar,19,10,6,0,35,0,2,6,0,8,19,12,12,0,43,0,0,0,43
01/02/2023,CRP,TX,ASW,CE,Combined TRACON& Tower with Radar,21,10,23,2,56,0,2,7,1,10,21,12,30,3,66,0,0,0,66
01/03/2023,CRP,TX,ASW,CE,Combined TRACON& Tower with Radar,24,12,17,30,83,0,3,30,11,44,24,15,47,41,127,0,69,69,196
01/04/2023,CRP,TX,ASW,CE,Combined TRACON& Tower with Radar,23,14,17,54,108,0,3,24,19,46,23,17,41,73,154,0,69,69,223
01/05/2023,CRP,TX,ASW,CE,Combined TRACON& Tower with Radar,23,12,17,105,157,0,6,36,15,57,23,18,53,120,214,0,249,249,463
01/06/2023,CRP,TX,ASW,CE,Combined TRACON& Tower with Radar,21,13,34,43,111,0,0,17,17,34,21,13,51,60,145,6,107,113,258
01/07/2023,CRP,TX,ASW,CE,Combined TRACON& Tower with Radar,14,11,8,33,66,0,3,5,18,26,14,14,13,51,92,0,55,55,147
01/08/2023,CRP,TX,ASW,CE,Combined TRACON& Tower with Radar,22,7,16,60,105,0,1,15,8,24,22,8,31,68,129,25,3,28,157
01/09/2023,CRP,TX,ASW,CE,Combined TRACON& Tower with Radar,24,17,26,99,166,0,2,3,8,13,24,19,29,107,179,0,24,24,203
01/10/2023,CRP,TX,ASW,CE,Combined TRACON& Tower with Radar,22,13,23,104,162,0,0,9,7,16,22,13,32,111,178,0,38,38,216
01/11/2023,CRP,TX,ASW,CE,Combined TRACON& Tower with Radar,22,22,31,91,166,0,2,14,11,27,22,24,45,102,193,8,30,38,231
01/12/2023,CRP,TX,ASW,CE,Combined TRACON& Tower with Radar,24,15,23,69,131,0,2,34,24,60,24,17,57,93,191,0,265,265,456
01/13/2023,CRP,TX,ASW,CE,Combined TRACON& Tower with Radar,24,14,28,64,130,0,4,23,12,39,24,18,51,76,169,0,65,65,234
01/14/2023,CRP,TX,ASW,CE,Combined TRACON& Tower with Radar,12,11,4,32,59,0,2,25,20,47,12,13,29,52,106,3,74,77,183
01/15/2023,CRP,TX,ASW,CE,Combined TRACON& Tower with Radar,20,9,6,1,36,0,1,6,5,12,20,10,12,6,48,0,0,0,48
01/16/2023,CRP,TX,ASW,CE,Combined TRACON& Tower with Radar,22,16,22,35,95,0,1,16,10,27,22,17,38,45,122,10,41,51,173
01/17/2023,CRP,TX,ASW,CE,Combined TRACON& Tower with Radar,22,16,28,109,175,0,0,12,7,19,22,16,40,116,194,0,143,143,337
01/18/2023,CRP,TX,ASW,CE,Combined TRACON& Tower with Radar,22,14,26,104,166,0,0,13,26,39,22,14,39,130,205,0,179,179,384
01/19/2023,CRP,TX,ASW,CE,Combined TRACON& Tower with Radar,26,16,33,42,117,0,2,31,20,53,26,18,64,62,170,0,61,61,231
01/20/2023,CRP,TX,ASW,CE,Combined TRACON& Tower with Radar,24,15,33,92,164,0,3,8,4,15,24,18,41,96,179,0,16,16,195
01/21/2023,CRP,TX,ASW,CE,Combined TRACON& Tower with Radar,14,9,18,88,129,0,1,0,2,3,14,10,18,90,132,16,46,62,194
01/22/2023,CRP,TX,ASW,CE,Combined TRACON& Tower with Radar,21,10,13,48,92,0,0,19,30,49,21,10,32,78,141,6,65,71,212
01/23/2023,CRP,TX,ASW,CE,Combined TRACON& Tower with Radar,24,9,24,107,164,0,2,10,10,22,24,11,34,117,186,0,68,68,254
01/24/2023,CRP,TX,ASW,CE,Combined TRACON& Tower with Radar,32,12,18,73,135,0,2,0,6,8,32,14,18,79,143,0,60,60,203
01/25/2023,CRP,TX,ASW,CE,Combined TRACON& Tower with Radar,22,15,38,177,252,0,3,17,12,32,22,18,55,189,284,0,102,102,386
01/26/2023,CRP,TX,ASW,CE,Combined TRACON& Tower with Radar,24,16,33,132,205,0,1,35,29,65,24,17,68,161,270,3,168,171,441
01/27/2023,CRP,TX,ASW,CE,Combined TRACON& Tower with Radar,25,17,28,84,154,0,6,2,12,20,25,23,30,96,174,2,57,59,233
01/28/2023,CRP,TX,ASW,CE,Combined TRACON& Tower with Radar,15,8,6,79,108,0,0,1,5,6,15,8,7,84,114,0,9,9,123
01/29/2023,CRP,TX,ASW,CE,Combined TRACON& Tower with Radar,21,8,24,52,105,0,0,5,3,8,21,8,29,55,113,10,8,18,131
01/30/2023,CRP,TX,ASW,CE,Combined TRACON& Tower with Radar,22,9,10,11,52,0,0,0,0,0,22,9,10,11,52,0,0,0,52
01/31/2023,CRP,TX,ASW,CE,Combined TRACON& Tower with Radar,18,13,9,40,80,0,0,1,0,1,18,13,10,40,81,0,0,0,81
02/01/2023,CRP,TX,ASW,CE,Combined TRACON& Tower with Radar,14,16,7,47,84,0,0,0,1,1,14,16,7,48,85,0,0,0,85
02/02/2023,CRP,TX,ASW,CE,Combined TRACON& Tower with Radar,22,15,26,115,178,0,1,5,11,17,22,16,31,126,195,0,96,96,291
02/03/2023,CRP,TX,ASW,CE,Combined TRACON& Tower with Radar,26,18,29,99,172,0,1,17,22,40,26,19,46,121,212,2,91,93,305
02/04/2023,CRP,TX,ASW,CE,Combined TRACON& Tower with Radar,20,16,10,48,94,0,0,24,25,49,20,16,34,73,143,0,71,71,214
02/05/2023,CRP,TX,ASW,CE,Combined TRACON& Tower with Radar,24,7,7,76,114,0,4,27,20,51,24,11,34,96,165,0,23,23,188
02/06/2023,CRP,TX,ASW,CE,Combined TRACON& Tower with Radar,26,12,23,148,209,0,2,10,21,33,26,14,33,169,242,0,47,47,289
02/07/2023,CRP,TX,ASW,CE,Combined TRACON& Tower with Radar,24,19,26,84,153,0,1,7,21,29,24,20,33,105,182,0,90,90,272
02/08/2023,CRP,TX,ASW,CE,Combined TRACON& Tower with Radar,24,14,14,61,113,0,1,9,14,24,24,15,23,75,137,0,69,69,206
02/09/2023,CRP,TX,ASW,CE,Combined TRACON& Tower with Radar,26,15,46,91,178,0,1,33,22,56,26,16,79,113,234,0,47,47,281
02/10/2023,CRP,TX,ASW,CE,Combined TRACON& Tower with Radar,23,15,17,98,153,0,0,10,18,28,23,15,27,116,181,4,66,70,251
02/11/2023,CRP,TX,ASW,CE,Combined TRACON& Tower with Radar,20,15,10,72,117,0,2,17,26,45,20,17,27,98,162,8,59,67,229
02/12/2023,CRP,TX,ASW,CE,Combined TRACON& Tower with Radar,23,14,8,52,97,0,1,25,23,49,23,15,33,75,146,14,56,70,216
02/13/2023,CRP,TX,ASW,CE,Combined TRACON& Tower with Radar,24,21,20,98,163,0,2,21,13,36,24,23,41,111,199,0,58,58,257
02/14/2023,CRP,TX,ASW,CE,Combined TRACON& Tower with Radar,21,26,27,116,190,0,2,12,20,34,21,28,39,136,224,0,89,89,313
02/15/2023,CRP,TX,ASW,CE,Combined TRACON& Tower with Radar,23,23,36,72,154,0,0,4,7,11,23,23,40,79,165,2,34,36,201
02/16/2023,CRP,TX,ASW,CE,Combined TRACON& Tower with Radar,24,20,39,114,197,0,0,7,17,24,24,20,46,131,221,0,71,71,292
02/17/2023,CRP,TX,ASW,CE,Combined TRACON& Tower with Radar,24,26,22,93,165,0,2,31,13,46,24,28,53,106,211,0,88,88,299
02/18/2023,CRP,TX,ASW,CE,Combined TRACON& Tower with Radar,18,17,8,81,124,0,2,11,9,22,18,19,19,90,146,16,48,64,210
02/19/2023,CRP,TX,ASW,CE,Combined TRACON& Tower with Radar,21,17,12,45,95,0,1,11,18,30,21,18,23,63,125,2,77,79,204
02/20/2023,CRP,TX,ASW,CE,Combined TRACON& Tower with Radar,26,24,25,34,109,0,1,4,6,11,26,25,29,40,120,0,0,0,120
02/21/2023,CRP,TX,ASW,CE,Combined TRACON& Tower with Radar,27,22,25,86,160,0,2,4,11,17,27,24,29,97,177,0,139,139,316
02/22/2023,CRP,TX,ASW,CE,Combined TRACON& Tower with Radar,24,20,21,117,182,0,0,7,18,25,24,20,28,135,207,0,140,140,347
02/23/2023,CRP,TX,ASW,CE,Combined TRACON& Tower with Radar,26,18,31,97,172,0,0,5,11,16,26,18,36,108,188,0,69,69,257
02/24/2023,CRP,TX,ASW,CE,Combined TRACON& Tower with Radar,23,26,22,74,145,0,0,5,13,18,23,26,27,87,163,0,79,79,242
02/25/2023,CRP,TX,ASW,CE,Combined TRACON& Tower with Radar,20,18,11,84,133,0,0,1,1,2,20,18,12,85,135,0,0,0,135
02/26/2023,CRP,TX,ASW,CE,Combined TRACON& Tower with Radar,23,16,16,108,163,0,1,2,11,14,23,17,18,119,177,0,0,0,177
02/27/2023,CRP,TX,ASW,CE,Combined TRACON& Tower with Radar,24,17,28,109,178,0,1,18,14,33,24,18,46,123,211,0,78,78,289
02/28/2023,CRP,TX,ASW,CE,Combined TRACON& Tower with Radar,24,15,23,85,147,0,0,19,14,33,24,15,42,99,180,0,44,44,224
03/01/2023,CRP,TX,ASW,CE,Combined TRACON& Tower with Radar,23,20,44,67,154,0,1,10,14,25,23,21,54,81,179,0,136,136,315
03/02/2023,CRP,TX,ASW,CE,Combined TRACON& Tower with Radar,22,37,41,87,187,0,1,5,5,11,22,38,46,92,198,0,40,40,238
03/03/2023,CRP,TX,ASW,CE,Combined TRACON& Tower with Radar,29,25,33,57,144,0,7,33,17,57,29,32,66,74,201,2,97,99,300
03/04/2023,CRP,TX,ASW,CE,Combined TRACON& Tower with Radar,24,14,9,35,82,0,0,17,11,28,24,14,26,46,110,2,18,20,130
03/05/2023,CRP,TX,ASW,CE,Combined TRACON& Tower with Radar,24,13,12,28,77,0,1,20,7,28,24,14,32,35,105,12,32,44,149
03/06/2023,CRP,TX,ASW,CE,Combined TRACON& Tower with Radar,26,14,19,113,172,0,2,17,9,28,26,16,36,122,200,16,28,44,244
03/07/2023,CRP,TX,ASW,CE,Combined TRACON& Tower with Radar,24,19,29,108,180,0,1,9,15,25,24,20,38,123,205,2,108,110,315
03/08/2023,CRP,TX,ASW,CE,Combined TRACON& Tower with Radar,24,17,35,146,222,0,3,10,14,27,24,20,45,160,249,0,73,73,322
03/09/2023,CRP,TX,ASW,CE,Combined TRACON& Tower with Radar,24,20,35,152,231,0,0,3,23,26,24,20,38,175,257,0,108,108,365
03/10/2023,CRP,TX,ASW,CE,Combined TRACON& Tower with Radar,29,14,41,64,148,0,0,11,22,33,29,14,52,86,181,0,106,106,287
03/11/2023,CRP,TX,ASW,CE,Combined TRACON& Tower with Radar,22,10,14,27,73,0,2,2,9,13,22,12,16,36,86,0,0,0,86
03/12/2023,CRP,TX,ASW,CE,Combined TRACON& Tower with Radar,23,9,9,37,78,0,3,16,22,41,23,12,25,59,119,6,28,34,153
03/13/2023,CRP,TX,ASW,CE,Combined TRACON& Tower with Radar,31,17,34,114,196,0,2,10,19,31,31,19,44,133,227,0,84,84,311
03/14/2023,CRP,TX,ASW,CE,Combined TRACON& Tower with Radar,26,20,30,106,182,0,0,9,10,19,26,20,39,116,201,0,0,0,201
03/15/2023,CRP,TX,ASW,CE,Combined TRACON& Tower with Radar,26,18,22,119,185,0,1,19,24,44,26,19,41,143,229,6,90,96,325
03/16/2023,CRP,TX,ASW,CE,Combined TRACON& Tower with Radar,24,17,30,105,176,0,1,6,12,19,24,18,36,117,195,0,115,115,310
03/17/2023,CRP,TX,ASW,CE,Combined TRACON& Tower with Radar,36,17,24,63,140,0,0,3,14,17,36,17,27,77,157,0,40,40,197
03/18/2023,CRP,TX,ASW,CE,Combined TRACON& Tower with Radar,22,16,10,39,87,0,3,1,7,11,22,19,11,46,98,0,4,4,102
03/19/2023,CRP,TX,ASW,CE,Combined TRACON& Tower with Radar,24,10,16,11,61,0,0,5,12,17,24,10,21,23,78,0,0,0,78
03/20/2023,CRP,TX,ASW,CE,Combined TRACON& Tower with Radar,30,18,23,118,189,0,0,15,16,31,30,18,38,134,220,0,0,0,220
03/21/2023,CRP,TX,ASW,CE,Combined TRACON& Tower with Radar,25,29,24,130,208,0,0,2,8,10,25,29,26,138,218,0,0,0,218
03/22/2023,CRP,TX,ASW,CE,Combined TRACON& Tower with Radar,27,21,40,153,241,0,1,9,18,28,27,22,49,171,269,6,88,94,363
03/23/2023,CRP,TX,ASW,CE,Combined TRACON& Tower with Radar,28,15,34,67,144,0,4,9,17,30,28,19,43,84,174,0,60,60,234
03/24/2023,CRP,TX,ASW,CE,Combined TRACON& Tower with Radar,27,19,25,51,122,0,2,9,10,21,27,21,34,61,143,0,17,17,160
03/25/2023,CRP,TX,ASW,CE,Combined TRACON& Tower with Radar,24,13,19,67,123,0,3,15,15,33,24,16,34,82,156,0,4,4,160
03/26/2023,CRP,TX,ASW,CE,Combined TRACON& Tower with Radar,22,11,16,61,110,0,0,2,6,8,22,11,18,67,118,0,46,46,164
03/27/2023,CRP,TX,ASW,CE,Combined TRACON& Tower with Radar,26,14,23,110,173,0,0,0,7,7,26,14,23,117,180,0,128,128,308
03/28/2023,CRP,TX,ASW,CE,Combined TRACON& Tower with Radar,24,25,21,128,198,0,4,6,21,31,24,29,27,149,229,0,297,297,526
03/29/2023,CRP,TX,ASW,CE,Combined TRACON& Tower with Radar,24,18,38,122,202,0,3,5,22,30,24,21,43,144,232,8,176,184,416
03/30/2023,CRP,TX,ASW,CE,Combined TRACON& Tower with Radar,25,18,36,73,152,0,1,6,18,25,25,19,42,91,177,0,157,157,334
03/31/2023,CRP,TX,ASW,CE,Combined TRACON& Tower with Radar,27,16,40,103,186,0,1,12,8,21,27,17,52,111,207,0,22,22,229
04/01/2023,CRP,TX,ASW,CE,Combined TRACON& Tower with Radar,21,19,18,29,87,0,2,9,5,16,21,21,27,34,103,2,16,18,121
04/02/2023,CRP,TX,ASW,CE,Combined TRACON& Tower with Radar,23,10,21,76,130,0,0,3,12,15,23,10,24,88,145,0,12,12,157
04/03/2023,CRP,TX,ASW,CE,Combined TRACON& Tower with Radar,29,14,22,15,80,0,1,8,7,16,29,15,30,22,96,6,0,6,102
04/04/2023,CRP,TX,ASW,CE,Combined TRACON& Tower with Radar,26,19,30,127,202,0,0,8,21,29,26,19,38,148,231,2,121,123,354
04/05/2023,CRP,TX,ASW,CE,Combined TRACON& Tower with Radar,32,20,17,40,109,0,1,0,4,5,32,21,17,44,114,0,32,32,146
04/06/2023,CRP,TX,ASW,CE,Combined TRACON& Tower with Radar,27,12,21,30,90,0,0,1,0,1,27,12,22,30,91,0,0,0,91
04/07/2023,CRP,TX,ASW,CE,Combined TRACON& Tower with Radar,29,8,12,0,49,0,0,0,0,0,29,8,12,0,49,0,0,0,49
04/08/2023,CRP,TX,ASW,CE,Combined TRACON& Tower with Radar,21,9,14,69,113,0,1,3,2,6,21,10,17,71,119,10,22,32,151
04/09/2023,CRP,TX,ASW,CE,Combined TRACON& Tower with Radar,20,9,15,20,64,0,2,15,7,24,20,11,30,27,88,0,0,0,88
04/10/2023,CRP,TX,ASW,CE,Combined TRACON& Tower with Radar,26,12,32,84,154,0,0,15,21,36,26,12,47,105,190,0,40,40,230
04/11/2023,CRP,TX,ASW,CE,Combined TRACON& Tower with Radar,30,16,37,122,205,0,3,25,13,41,30,19,62,135,246,0,40,40,286
04/12/2023,CRP,TX,ASW,CE,Combined TRACON& Tower with Radar,26,25,43,93,187,0,2,23,16,41,26,27,66,109,228,0,9,9,237
04/13/2023,CRP,TX,ASW,CE,Combined TRACON& Tower with Radar,26,26,34,84,170,0,3,24,17,44,26,29,58,101,214,0,69,69,283
04/14/2023,CRP,TX,ASW,CE,Combined TRACON& Tower with Radar,30,18,33,86,167,0,3,11,7,21,30,21,44,93,188,6,71,77,265
04/15/2023,CRP,TX,ASW,CE,Combined TRACON& Tower with Radar,21,14,15,28,78,0,2,9,9,20,21,16,24,37,98,0,149,149,247
04/16/2023,CRP,TX,ASW,CE,Combined TRACON& Tower with Radar,25,8,20,44,97,0,1,23,12,36,25,9,43,56,133,0,0,0,133
04/17/2023,CRP,TX,ASW,CE,Combined TRACON& Tower with Radar,27,11,23,107,168,0,1,9,9,19,27,12,32,116,187,0,0,0,187
04/18/2023,CRP,TX,ASW,CE,Combined TRACON& Tower with Radar,26,25,18,66,135,0,1,7,8,16,26,26,25,74,151,0,126,126,277
04/19/2023,CRP,TX,ASW,CE,Combined TRACON& Tower with Radar,29,14,29,96,168,0,1,7,9,17,29,15,36,105,185,0,178,178,363
04/20/2023,CRP,TX,ASW,CE,Combined TRACON& Tower with Radar,25,24,47,122,218,0,1,7,7,15,25,25,54,129,233,16,182,198,431
04/21/2023,CRP,TX,ASW,CE,Combined TRACON& Tower with Radar,29,19,45,90,183,0,1,6,7,14,29,20,51,97,197,0,35,35,232
04/22/2023,CRP,TX,ASW,CE,Combined TRACON& Tower with Radar,21,7,40,56,124,0,0,31,12,43,21,7,71,68,167,9,36,45,212
04/23/2023,CRP,TX,ASW,CE,Combined TRACON& Tower with Radar,24,9,4,30,67,0,0,0,6,6,24,9,4,36,73,0,0,0,73
04/24/2023,CRP,TX,ASW,CE,Combined TRACON& Tower with Radar,26,17,34,132,209,0,0,5,15,20,26,17,39,147,229,0,0,0,229
04/25/2023,CRP,TX,ASW,CE,Combined TRACON& Tower with Radar,27,16,27,119,189,0,0,6,4,10,27,16,33,123,199,0,102,102,301
04/26/2023,CRP,TX,ASW,CE,Combined TRACON& Tower with Radar,24,20,49,84,177,0,1,10,7,18,24,21,59,91,195,0,113,113,308
04/27/2023,CRP,TX,ASW,CE,Combined TRACON& Tower with Radar,27,24,23,96,170,0,0,7,8,15,27,24,30,104,185,8,57,65,250
04/28/2023,CRP,TX,ASW,CE,Combined TRACON& Tower with Radar,23,12,32,39,106,0,0,6,6,12,23,12,38,45,118,0,106,106,224
04/29/2023,CRP,TX,ASW,CE,Combined TRACON& Tower with Radar,24,10,14,34,82,0,0,5,7,12,24,10,19,41,94,0,45,45,139
04/30/2023,CRP,TX,ASW,CE,Combined TRACON& Tower with Radar,25,13,28,77,143,0,0,21,17,38,25,13,49,94,181,0,73,73,254
05/01/2023,CRP,TX,ASW,CE,Combined TRACON& Tower with Radar,28,17,24,117,186,0,1,15,13,29,28,18,39,130,215,0,54,54,269
05/02/2023,CRP,TX,ASW,CE,Combined TRACON& Tower with Radar,28,20,45,82,175,0,1,12,9,22,28,21,57,91,197,0,162,162,359
05/03/2023,CRP,TX,ASW,CE,Combined TRACON& Tower with Radar,25,22,46,98,191,0,2,17,6,25,25,24,63,104,216,0,0,0,216
05/04/2023,CRP,TX,ASW,CE,Combined TRACON& Tower with Radar,26,30,43,63,162,0,0,6,8,14,26,30,49,71,176,26,41,67,243
05/05/2023,CRP,TX,ASW,CE,Combined TRACON& Tower with Radar,28,18,38,17,101,0,1,11,8,20,28,19,49,25,121,0,30,30,151
05/06/2023,CRP,TX,ASW,CE,Combined TRACON& Tower with Radar,22,14,20,11,67,0,0,7,4,11,22,14,27,15,78,16,2,18,96
05/07/2023,CRP,TX,ASW,CE,Combined TRACON& Tower with Radar,26,11,17,17,71,0,0,9,5,14,26,11,26,22,85,0,0,0,85
05/08/2023,CRP,TX,ASW,CE,Combined TRACON& Tower with Radar,30,25,33,148,236,0,0,8,8,16,30,25,41,156,252,18,37,55,307
05/09/2023,CRP,TX,ASW,CE,Combined TRACON& Tower with Radar,21,16,38,56,131,0,0,2,17,19,21,16,40,73,150,0,129,129,279
05/10/2023,CRP,TX,ASW,CE,Combined TRACON& Tower with Radar,27,18,43,74,162,0,1,6,15,22,27,19,49,89,184,2,36,38,222
05/11/2023,CRP,TX,ASW,CE,Combined TRACON& Tower with Radar,24,27,52,94,197,0,0,8,5,13,24,27,60,99,210,6,65,71,281
05/12/2023,CRP,TX,ASW,CE,Combined TRACON& Tower with Radar,25,17,20,64,126,0,2,1,2,5,25,19,21,66,131,0,10,10,141
05/13/2023,CRP,TX,ASW,CE,Combined TRACON& Tower with Radar,16,11,4,17,48,0,0,2,5,7,16,11,6,22,55,0,14,14,69
05/14/2023,CRP,TX,ASW,CE,Combined TRACON& Tower with Radar,18,5,10,28,61,0,1,1,11,13,18,6,11,39,74,2,19,21,95
05/15/2023,CRP,TX,ASW,CE,Combined TRACON& Tower with Radar,28,15,29,94,166,0,5,11,15,31,28,20,40,109,197,0,0,0,197
05/16/2023,CRP,TX,ASW,CE,Combined TRACON& Tower with Radar,25,22,33,100,180,0,5,10,14,29,25,27,43,114,209,0,0,0,209
05/17/2023,CRP,TX,ASW,CE,Combined TRACON& Tower with Radar,24,19,42,86,171,0,6,21,21,48,24,25,63,107,219,0,0,0,219
05/18/2023,CRP,TX,ASW,CE,Combined TRACON& Tower with Radar,27,15,28,64,134,0,0,19,26,45,27,15,47,90,179,0,0,0,179
05/19/2023,CRP,TX,ASW,CE,Combined TRACON& Tower with Radar,18,18,45,103,184,0,1,15,20,36,18,19,60,123,220,0,0,0,220
05/20/2023,CRP,TX,ASW,CE,Combined TRACON& Tower with Radar,22,18,6,27,73,0,5,6,20,31,22,23,12,47,104,0,0,0,104
05/21/2023,CRP,TX,ASW,CE,Combined TRACON& Tower with Radar,26,10,22,66,124,0,8,10,22,40,26,18,32,88,164,0,0,0,164
05/22/2023,CRP,TX,ASW,CE,Combined TRACON& Tower with Radar,26,15,12,64,117,0,4,13,28,45,26,19,25,92,162,0,0,0,162
05/23/2023,CRP,TX,ASW,CE,Combined TRACON& Tower with Radar,24,16,32,78,150,0,1,36,17,54,24,17,68,95,204,0,0,0,204
05/24/2023,CRP,TX,ASW,CE,Combined TRACON& Tower with Radar,24,14,36,77,151,0,1,22,29,52,24,15,58,106,203,0,0,0,203
05/25/2023,CRP,TX,ASW,CE,Combined TRACON& Tower with Radar,24,16,40,68,148,0,2,34,15,51,24,18,74,83,199,0,0,0,199
05/26/2023,CRP,TX,ASW,CE,Combined TRACON& Tower with Radar,25,13,19,23,80,0,7,21,11,39,25,20,40,34,119,0,0,0,119
05/27/2023,CRP,TX,ASW,CE,Combined TRACON& Tower with Radar,19,11,13,5,48,0,0,24,16,40,19,11,37,21,88,0,0,0,88
05/28/2023,CRP,TX,ASW,CE,Combined TRACON& Tower with Radar,22,7,8,22,59,0,2,5,25,32,22,9,13,47,91,0,0,0,91
05/29/2023,CRP,TX,ASW,CE,Combined TRACON& Tower with Radar,26,8,17,9,60,0,1,12,15,28,26,9,29,24,88,0,0,0,88
05/30/2023,CRP,TX,ASW,CE,Combined TRACON& Tower with Radar,26,15,37,100,178,0,0,13,22,35,26,15,50,122,213,0,0,0,213
05/31/2023,CRP,TX,ASW,CE,Combined TRACON& Tower with Radar,24,19,35,99,177,0,8,23,32,63,24,27,58,131,240,0,0,0,240
06/01/2023,CRP,TX,ASW,CE,Combined TRACON& Tower with Radar,26,16,38,87,167,0,5,22,14,41,26,21,60,101,208,0,0,0,208
06/02/2023,CRP,TX,ASW,CE,Combined TRACON& Tower with Radar,27,15,26,91,159,0,3,18,23,44,27,18,44,114,203,0,0,0,203
06/03/2023,CRP,TX,ASW,CE,Combined TRACON& Tower with Radar,14,11,13,63,101,0,2,19,33,54,14,13,32,96,155,0,0,0,155
06/04/2023,CRP,TX,ASW,CE,Combined TRACON& Tower with Radar,24,8,13,87,132,0,6,14,21,41,24,14,27,108,173,0,0,0,173
06/05/2023,CRP,TX,ASW,CE,Combined TRACON& Tower with Radar,24,16,22,54,116,0,1,7,10,18,24,17,29,64,134,0,0,0,134
06/06/2023,CRP,TX,ASW,CE,Combined TRACON& Tower with Radar,28,15,25,105,173,0,1,12,11,24,28,16,37,116,197,0,0,0,197
06/07/2023,CRP,TX,ASW,CE,Combined TRACON& Tower with Radar,26,18,25,72,141,0,2,12,25,39,26,20,37,97,180,0,0,0,180
06/08/2023,CRP,TX,ASW,CE,Combined TRACON& Tower with Radar,28,23,38,64,153,0,8,14,16,38,28,31,52,80,191,0,0,0,191
06/09/2023,CRP,TX,ASW,CE,Combined TRACON& Tower with Radar,28,18,28,73,147,0,11,20,15,46,28,29,48,88,193,0,0,0,193
06/10/2023,CRP,TX,ASW,CE,Combined TRACON& Tower with Radar,15,14,10,44,83,0,6,22,20,48,15,20,32,64,131,0,0,0,131
06/11/2023,CRP,TX,ASW,CE,Combined TRACON& Tower with Radar,24,13,22,23,82,0,8,15,19,42,24,21,37,42,124,0,0,0,124
06/12/2023,CRP,TX,ASW,CE,Combined TRACON& Tower with Radar,28,14,30,151,223,0,6,14,28,48,28,20,44,179,271,0,0,0,271
06/13/2023,CRP,TX,ASW,CE,Combined TRACON& Tower with Radar,24,15,27,150,216,0,4,19,17,40,24,19,46,167,256,0,0,0,256
06/14/2023,CRP,TX,ASW,CE,Combined TRACON& Tower with Radar,24,18,31,111,184,0,2,10,19,31,24,20,41,130,215,0,0,0,215
06/15/2023,CRP,TX,ASW,CE,Combined TRACON& Tower with Radar,27,22,44,111,204,0,11,15,10,36,27,33,59,121,240,0,0,0,240
06/16/2023,CRP,TX,ASW,CE,Combined TRACON& Tower with Radar,25,16,27,70,138,0,3,5,20,28,25,19,32,90,166,0,0,0,166
06/17/2023,CRP,TX,ASW,CE,Combined TRACON& Tower with Radar,16,13,15,36,80,0,1,14,19,34,16,14,29,55,114,0,0,0,114
06/18/2023,CRP,TX,ASW,CE,Combined TRACON& Tower with Radar,24,11,7,32,74,0,0,12,18,30,24,11,19,50,104,0,0,0,104
06/19/2023,CRP,TX,ASW,CE,Combined TRACON& Tower with Radar,24,21,23,15,83,0,3,19,9,31,24,24,42,24,114,0,0,0,114
06/20/2023,CRP,TX,ASW,CE,Combined TRACON& Tower with Radar,24,12,34,96,166,0,5,13,17,35,24,17,47,113,201,0,0,0,201
06/21/2023,CRP,TX,ASW,CE,Combined TRACON& Tower with Radar,31,13,35,105,184,0,0,22,25,47,31,13,57,130,231,0,0,0,231
06/22/2023,CRP,TX,ASW,CE,Combined TRACON& Tower with Radar,26,22,36,62,146,0,3,21,9,33,26,25,57,71,179,0,0,0,179
06/23/2023,CRP,TX,ASW,CE,Combined TRACON& Tower with Radar,26,18,33,61,138,0,2,11,16,29,26,20,44,77,167,0,0,0,167
06/24/2023,CRP,TX,ASW,CE,Combined TRACON& Tower with Radar,19,19,14,45,97,0,6,29,45,80,19,25,43,90,177,0,0,0,177
06/25/2023,CRP,TX,ASW,CE,Combined TRACON& Tower with Radar,26,12,12,53,103,0,6,9,49,64,26,18,21,102,167,0,0,0,167
06/26/2023,CRP,TX,ASW,CE,Combined TRACON& Tower with Radar,23,11,25,92,151,0,8,17,35,60,23,19,42,127,211,0,0,0,211
06/27/2023,CRP,TX,ASW,CE,Combined TRACON& Tower with Radar,25,11,26,97,159,0,1,19,21,41,25,12,45,118,200,0,0,0,200
06/28/2023,CRP,TX,ASW,CE,Combined TRACON& Tower with Radar,24,15,24,59,122,0,5,22,33,60,24,20,46,92,182,0,0,0,182
06/29/2023,CRP,TX,ASW,CE,Combined TRACON& Tower with Radar,27,15,38,83,163,0,13,13,17,43,27,28,51,100,206,0,0,0,206
06/30/2023,CRP,TX,ASW,CE,Combined TRACON& Tower with Radar,27,12,31,40,110,0,5,24,21,50,27,17,55,61,160,0,0,0,160
07/01/2023,CRP,TX,ASW,CE,Combined TRACON& Tower with Radar,17,14,27,22,80,0,2,12,19,33,17,16,39,41,113,0,0,0,113
07/02/2023,CRP,TX,ASW,CE,Combined TRACON& Tower with Radar,27,4,14,21,66,0,5,11,24,40,27,9,25,45,106,0,0,0,106
07/03/2023,CRP,TX,ASW,CE,Combined TRACON& Tower with Radar,23,9,14,19,65,0,1,18,20,39,23,10,32,39,104,0,0,0,104
07/04/2023,CRP,TX,ASW,CE,Combined TRACON& Tower with Radar,22,10,4,0,36,0,5,7,3,15,22,15,11,3,51,0,0,0,51
07/05/2023,CRP,TX,ASW,CE,Combined TRACON& Tower with Radar,27,15,23,86,151,0,2,14,13,29,27,17,37,99,180,0,0,0,180
07/06/2023,CRP,TX,ASW,CE,Combined TRACON& Tower with Radar,26,18,31,50,125,0,3,6,7,16,26,21,37,57,141,0,0,0,141
07/07/2023,CRP,TX,ASW,CE,Combined TRACON& Tower with Radar,29,13,27,102,171,0,2,6,34,42,29,15,33,136,213,0,0,0,213
07/08/2023,CRP,TX,ASW,CE,Combined TRACON& Tower with Radar,24,9,9,57,99,0,4,6,30,40,24,13,15,87,139,0,0,0,139
07/09/2023,CRP,TX,ASW,CE,Combined TRACON& Tower with Radar,25,4,15,60,104,0,3,6,17,26,25,7,21,77,130,0,0,0,130
07/10/2023,CRP,TX,ASW,CE,Combined TRACON& Tower with Radar,27,13,18,109,167,0,4,19,21,44,27,17,37,130,211,0,0,0,211
07/11/2023,CRP,TX,ASW,CE,Combined TRACON& Tower with Radar,28,15,31,121,195,0,2,20,29,51,28,17,51,150,246,0,0,0,246
07/12/2023,CRP,TX,ASW,CE,Combined TRACON& Tower with Radar,28,12,33,106,179,0,2,28,21,51,28,14,61,127,230,0,0,0,230
07/13/2023,CRP,TX,ASW,CE,Combined TRACON& Tower with Radar,30,19,35,91,175,0,1,16,18,35,30,20,51,109,210,0,0,0,210
07/14/2023,CRP,TX,ASW,CE,Combined TRACON& Tower with Radar,27,17,19,89,152,0,1,13,19,33,27,18,32,108,185,0,0,0,185
07/15/2023,CRP,TX,ASW,CE,Combined TRACON& Tower with Radar,22,12,17,34,85,0,4,8,21,33,22,16,25,55,118,0,0,0,118
07/16/2023,CRP,TX,ASW,CE,Combined TRACON& Tower with Radar,24,15,21,67,127,0,4,6,27,37,24,19,27,94,164,0,0,0,164
07/17/2023,CRP,TX,ASW,CE,Combined TRACON& Tower with Radar,31,14,20,90,155,0,3,17,35,55,31,17,37,125,210,0,0,0,210
07/18/2023,CRP,TX,ASW,CE,Combined TRACON& Tower with Radar,28,13,36,68,145,0,2,8,24,34,28,15,44,92,179,0,0,0,179
07/19/2023,CRP,TX,ASW,CE,Combined TRACON& Tower with Radar,29,14,35,81,159,0,3,18,24,45,29,17,53,105,204,0,0,0,204
07/20/2023,CRP,TX,ASW,CE,Combined TRACON& Tower with Radar,28,16,30,101,175,0,3,23,21,47,28,19,53,122,222,0,0,0,222
07/21/2023,CRP,TX,ASW,CE,Combined TRACON& Tower with Radar,26,14,21,66,127,0,5,11,31,47,26,19,32,97,174,0,0,0,174
07/22/2023,CRP,TX,ASW,CE,Combined TRACON& Tower with Radar,23,7,12,40,82,0,7,9,15,31,23,14,21,55,113,0,0,0,113
07/23/2023,CRP,TX,ASW,CE,Combined TRACON& Tower with Radar,27,5,17,40,89,0,0,16,21,37,27,5,33,61,126,0,0,0,126
07/24/2023,CRP,TX,ASW,CE,Combined TRACON& Tower with Radar,28,14,40,112,194,0,0,7,15,22,28,14,47,127,216,0,0,0,216
07/25/2023,CRP,TX,ASW,CE,Combined TRACON& Tower with Radar,28,22,21,74,145,0,0,7,10,17,28,22,28,84,162,0,0,0,162
07/26/2023,CRP,TX,ASW,CE,Combined TRACON& Tower with Radar,28,17,36,74,155,0,4,13,9,26,28,21,49,83,181,0,0,0,181
07/27/2023,CRP,TX,ASW,CE,Combined TRACON& Tower with Radar,27,30,40,79,176,0,3,10,9,22,27,33,50,88,198,0,0,0,198
07/28/2023,CRP,TX,ASW,CE,Combined TRACON& Tower with Radar,28,15,21,55,119,0,1,7,20,28,28,16,28,75,147,0,0,0,147
07/29/2023,CRP,TX,ASW,CE,Combined TRACON& Tower with Radar,21,17,18,88,144,0,4,7,13,24,21,21,25,101,168,0,0,0,168
07/30/2023,CRP,TX,ASW,CE,Combined TRACON& Tower with Radar,26,15,24,53,118,0,2,6,10,18,26,17,30,63,136,0,0,0,136
07/31/2023,CRP,TX,ASW,CE,Combined TRACON& Tower with Radar,28,11,40,82,161,0,2,10,12,24,28,13,50,94,185,0,0,0,185
08/01/2023,CRP,TX,ASW,CE,Combined TRACON& Tower with Radar,30,12,40,116,198,0,2,8,11,21,30,14,48,127,219,0,0,0,219
08/02/2023,CRP,TX,ASW,CE,Combined TRACON& Tower with Radar,9,9,7,9,34,0,0,2,2,4,9,9,9,11,38,0,0,0,38
08/03/2023,CRP,TX,ASW,CE,Combined TRACON& Tower with Radar,21,9,33,100,163,0,1,11,10,22,21,10,44,110,185,0,0,0,185
08/04/2023,CRP,TX,ASW,CE,Combined TRACON& Tower with Radar,25,22,33,48,128,0,2,12,11,25,25,24,45,59,153,0,0,0,153
08/05/2023,CRP,TX,ASW,CE,Combined TRACON& Tower with Radar,20,13,18,23,74,0,1,13,11,25,20,14,31,34,99,0,0,0,99
08/06/2023,CRP,TX,ASW,CE,Combined TRACON& Tower with Radar,26,4,10,35,75,0,1,3,11,15,26,5,13,46,90,0,0,0,90
08/07/2023,CRP,TX,ASW,CE,Combined TRACON& Tower with Radar,30,14,28,87,159,0,1,9,17,27,30,15,37,104,186,0,0,0,186
08/08/2023,CRP,TX,ASW,CE,Combined TRACON& Tower with Radar,30,8,46,130,214,0,2,7,10,19,30,10,53,140,233,0,0,0,233
08/09/2023,CRP,TX,ASW,CE,Combined TRACON& Tower with Radar,30,27,43,104,204,0,4,5,16,25,30,31,48,120,229,0,0,0,229
08/10/2023,CRP,TX,ASW,CE,Combined TRACON& Tower with Radar,31,11,36,121,199,0,0,9,13,22,31,11,45,134,221,0,0,0,221
08/11/2023,CRP,TX,ASW,CE,Combined TRACON& Tower with Radar,26,19,33,90,168,0,1,15,13,29,26,20,48,103,197,0,0,0,197
08/12/2023,CRP,TX,ASW,CE,Combined TRACON& Tower with Radar,24,12,17,50,103,0,1,15,10,26,24,13,32,60,129,0,0,0,129
08/13/2023,CRP,TX,ASW,CE,Combined TRACON& Tower with Radar,26,8,27,43,104,0,0,11,10,21,26,8,38,53,125,0,0,0,125
08/14/2023,CRP,TX,ASW,CE,Combined TRACON& Tower with Radar,31,15,26,125,197,0,1,4,9,14,31,16,30,134,211,0,0,0,211
08/15/2023,CRP,TX,ASW,CE,Combined TRACON& Tower with Radar,30,15,33,126,204,0,2,10,14,26,30,17,43,140,230,0,0,0,230
08/16/2023,CRP,TX,ASW,CE,Combined TRACON& Tower with Radar,33,19,25,72,149,0,1,5,10,16,33,20,30,82,165,0,0,0,165
08/17/2023,CRP,TX,ASW,CE,Combined TRACON& Tower with Radar,29,14,50,102,195,0,2,10,13,25,29,16,60,115,220,0,0,0,220
08/18/2023,CRP,TX,ASW,CE,Combined TRACON& Tower with Radar,26,23,32,93,174,0,1,10,11,22,26,24,42,104,196,0,0,0,196
08/19/2023,CRP,TX,ASW,CE,Combined TRACON& Tower with Radar,21,10,16,36,83,0,1,14,7,22,21,11,30,43,105,0,0,0,105
08/20/2023,CRP,TX,ASW,CE,Combined TRACON& Tower with Radar,28,8,25,52,113,0,1,9,9,19,28,9,34,61,132,0,0,0,132
08/21/2023,CRP,TX,ASW,CE,Combined TRACON& Tower with Radar,31,9,27,100,167,0,2,2,7,11,31,11,29,107,178,0,0,0,178
08/22/2023,CRP,TX,ASW,CE,Combined TRACON& Tower with Radar,13,7,2,1,23,0,0,0,0,0,13,7,2,1,23,0,0,0,23
08/23/2023,CRP,TX,ASW,CE,Combined TRACON& Tower with Radar,32,18,21,101,172,0,0,10,11,21,32,18,31,112,193,0,0,0,193
08/24/2023,CRP,TX,ASW,CE,Combined TRACON& Tower with Radar,30,15,54,148,247,0,2,8,14,24,30,17,62,162,271,0,0,0,271
08/25/2023,CRP,TX,ASW,CE,Combined TRACON& Tower with Radar,25,21,33,47,126,0,1,6,8,15,25,22,39,55,141,0,0,0,141
08/26/2023,CRP,TX,ASW,CE,Combined TRACON& Tower with Radar,21,15,12,67,115,0,3,2,12,17,21,18,14,79,132,0,0,0,132
08/27/2023,CRP,TX,ASW,CE,Combined TRACON& Tower with Radar,29,9,19,50,107,0,2,5,13,20,29,11,24,63,127,0,0,0,127
08/28/2023,CRP,TX,ASW,CE,Combined TRACON& Tower with Radar,31,17,23,105,176,0,1,4,14,19,31,18,27,119,195,0,0,0,195
08/29/2023,CRP,TX,ASW,CE,Combined TRACON& Tower with Radar,30,19,24,137,210,0,2,9,14,25,30,21,33,151,235,0,0,0,235
08/30/2023,CRP,TX,ASW,CE,Combined TRACON& Tower with Radar,30,21,35,120,206,0,1,6,24,31,30,22,41,144,237,0,0,0,237
08/31/2023,CRP,TX,ASW,CE,Combined TRACON& Tower with Radar,32,17,19,92,160,0,4,9,11,24,32,21,28,103,184,0,0,0,184
