01/01/2020,CRW,WV,AEA,CE,Combined TRACON& Tower with Radar,2,21,8,0,31,0,0,12,0,12,2,21,20,0,43,0,0,0,43
01/02/2020,CRW,WV,AEA,CE,Combined TRACON& Tower with Radar,6,25,15,2,48,0,2,6,0,8,6,27,21,2,56,8,0,8,64
01/03/2020,CRW,WV,AEA,CE,Combined TRACON& Tower with Radar,4,31,6,2,43,0,0,0,0,0,4,31,6,2,43,0,0,0,43
01/04/2020,CRW,WV,AEA,CE,Combined TRACON& Tower with Radar,8,29,2,0,39,0,0,0,0,0,8,29,2,0,39,0,0,0,39
01/05/2020,CRW,WV,AEA,CE,Combined TRACON& Tower with Radar,6,27,3,0,36,0,0,3,0,3,6,27,6,0,39,0,0,0,39
01/06/2020,CRW,WV,AEA,CE,Combined TRACON& Tower with Radar,4,31,6,5,46,0,0,25,0,25,4,31,31,5,71,54,0,54,125
01/07/2020,CRW,WV,AEA,CE,Combined TRACON& Tower with Radar,8,34,13,0,55,0,0,3,0,3,8,34,16,0,58,10,0,10,68
01/08/2020,CRW,WV,AEA,CE,Combined TRACON& Tower with Radar,11,25,4,5,45,0,2,5,9,16,11,27,9,14,61,0,15,15,76
01/09/2020,CRW,WV,AEA,CE,Combined TRACON& Tower with Radar,10,26,12,8,56,0,3,16,12,31,10,29,28,20,87,9,21,30,117
01/10/2020,CRW,WV,AEA,CE,Combined TRACON& Tower with Radar,10,30,7,9,56,0,1,8,6,15,10,31,15,15,71,0,22,22,93
01/11/2020,CRW,WV,AEA,CE,Combined TRACON& Tower with Radar,8,16,2,0,26,0,0,1,0,1,8,16,3,0,27,0,0,0,27
01/12/2020,CRW,WV,AEA,CE,Combined TRACON& Tower with Radar,15,17,18,5,55,0,0,10,2,12,15,17,28,7,67,18,0,18,85
01/13/2020,CRW,WV,AEA,CE,Combined TRACON& Tower with Radar,12,21,8,0,41,0,0,11,3,14,12,21,19,3,55,10,0,10,65
01/14/2020,CRW,WV,AEA,CE,Combined TRACON& Tower with Radar,9,27,20,2,58,0,0,2,0,2,9,27,22,2,60,0,0,0,60
01/15/2020,CRW,WV,AEA,CE,Combined TRACON& Tower with Radar,12,31,12,11,66,0,0,1,2,3,12,31,13,13,69,69,0,69,138
01/16/2020,CRW,WV,AEA,CE,Combined TRACON& Tower with Radar,10,29,16,5,60,0,2,7,0,9,10,31,23,5,69,4,0,4,73
01/17/2020,CRW,WV,AEA,CE,Combined TRACON& Tower with Radar,10,26,26,7,69,0,1,21,0,22,10,27,47,7,91,0,0,0,91
01/18/2020,CRW,WV,AEA,CE,Combined TRACON& Tower with Radar,8,22,1,0,31,0,1,0,0,1,8,23,1,0,32,0,0,0,32
01/19/2020,CRW,WV,AEA,CE,Combined TRACON& Tower with Radar,10,18,1,0,29,0,0,0,0,0,10,18,1,0,29,0,0,0,29
01/20/2020,CRW,WV,AEA,CE,Combined TRACON& Tower with Radar,12,20,8,1,41,0,5,5,1,11,12,25,13,2,52,0,0,0,52
01/21/2020,CRW,WV,AEA,CE,Combined TRACON& Tower with Radar,8,37,10,11,66,0,4,21,8,33,8,41,31,19,99,20,10,30,129
01/22/2020,CRW,WV,AEA,CE,Combined TRACON& Tower with Radar,8,31,13,12,64,0,9,29,7,45,8,40,42,19,109,10,18,28,137
01/23/2020,CRW,WV,AEA,CE,Combined TRACON& Tower with Radar,9,28,23,33,93,0,2,25,15,42,9,30,48,48,135,0,30,30,165
01/24/2020,CRW,WV,AEA,CE,Combined TRACON& Tower with Radar,13,28,9,4,54,0,0,2,2,4,13,28,11,6,58,0,0,0,58
01/25/2020,CRW,WV,AEA,CE,Combined TRACON& Tower with Radar,12,18,2,0,32,0,0,0,0,0,12,18,2,0,32,0,0,0,32
01/26/2020,CRW,WV,AEA,CE,Combined TRACON& Tower with Radar,16,17,3,0,36,0,0,2,0,2,16,17,5,0,38,0,0,0,38
01/27/2020,CRW,WV,AEA,CE,Combined TRACON& Tower with Radar,12,19,9,10,50,0,0,4,0,4,12,19,13,10,54,20,0,20,74
01/28/2020,CRW,WV,AEA,CE,Combined TRACON& Tower with Radar,8,23,13,7,51,0,0,6,1,7,8,23,19,8,58,40,0,40,98
01/29/2020,CRW,WV,AEA,CE,Combined TRACON& Tower with Radar,10,25,14,31,80,0,2,18,3,23,10,27,32,34,103,0,6,6,109
01/30/2020,CRW,WV,AEA,CE,Combined TRACON& Tower with Radar,10,26,15,11,62,0,0,8,11,19,10,26,23,22,81,0,16,16,97
01/31/2020,CRW,WV,AEA,CE,Combined TRACON& Tower with Radar,10,24,12,15,61,0,0,4,12,16,10,24,16,27,77,0,0,0,77
02/01/2020,CRW,WV,AEA,CE,Combined TRACON& Tower with Radar,12,15,3,0,30,0,0,0,0,0,12,15,3,0,30,0,0,0,30
02/02/2020,CRW,WV,AEA,CE,Combined TRACON& Tower with Radar,13,18,3,0,34,0,2,7,0,9,13,20,10,0,43,0,0,0,43
02/03/2020,CRW,WV,AEA,CE,Combined TRACON& Tower with Radar,11,22,17,30,80,0,2,27,27,56,11,24,44,57,136,0,56,56,192
02/04/2020,CRW,WV,AEA,CE,Combined TRACON& Tower with Radar,8,26,10,6,50,0,0,2,2,4,8,26,12,8,54,0,0,0,54
02/05/2020,CRW,WV,AEA,CE,Combined TRACON& Tower with Radar,10,28,11,2,51,0,1,2,0,3,10,29,13,2,54,0,0,0,54
02/06/2020,CRW,WV,AEA,CE,Combined TRACON& Tower with Radar,9,19,15,3,46,0,0,2,0,2,9,19,17,3,48,2,0,2,50
02/07/2020,CRW,WV,AEA,CE,Combined TRACON& Tower with Radar,14,20,4,0,38,0,0,2,0,2,14,20,6,0,40,0,0,0,40
02/08/2020,CRW,WV,AEA,CE,Combined TRACON& Tower with Radar,9,14,11,0,34,0,0,3,3,6,9,14,14,3,40,0,0,0,40
02/09/2020,CRW,WV,AEA,CE,Combined TRACON& Tower with Radar,14,17,14,0,45,0,0,22,0,22,14,17,36,0,67,0,0,0,67
02/10/2020,CRW,WV,AEA,CE,Combined TRACON& Tower with Radar,8,23,4,3,38,0,0,0,0,0,8,23,4,3,38,0,0,0,38
02/11/2020,CRW,WV,AEA,CE,Combined TRACON& Tower with Radar,12,26,11,4,53,0,0,0,0,0,12,26,11,4,53,0,0,0,53
02/12/2020,CRW,WV,AEA,CE,Combined TRACON& Tower with Radar,10,29,7,23,69,0,0,4,6,10,10,29,11,29,79,0,0,0,79
02/13/2020,CRW,WV,AEA,CE,Combined TRACON& Tower with Radar,9,29,12,3,53,0,0,0,0,0,9,29,12,3,53,0,0,0,53
02/14/2020,CRW,WV,AEA,CE,Combined TRACON& Tower with Radar,15,28,14,10,67,0,0,8,2,10,15,28,22,12,77,0,0,0,77
02/15/2020,CRW,WV,AEA,CE,Combined TRACON& Tower with Radar,12,21,20,0,53,0,3,23,0,26,12,24,43,0,79,0,0,0,79
02/16/2020,CRW,WV,AEA,CE,Combined TRACON& Tower with Radar,14,16,8,0,38,0,0,16,0,16,14,16,24,0,54,0,0,0,54
02/17/2020,CRW,WV,AEA,CE,Combined TRACON& Tower with Radar,14,21,15,0,50,0,0,29,2,31,14,21,44,2,81,67,0,67,148
02/18/2020,CRW,WV,AEA,CE,Combined TRACON& Tower with Radar,10,30,14,13,67,0,0,3,0,3,10,30,17,13,70,0,0,0,70
02/19/2020,CRW,WV,AEA,CE,Combined TRACON& Tower with Radar,14,24,24,11,73,0,4,36,10,50,14,28,60,21,123,15,21,36,159
02/20/2020,CRW,WV,AEA,CE,Combined TRACON& Tower with Radar,10,34,19,12,75,0,0,26,0,26,10,34,45,12,101,0,0,0,101
02/21/2020,CRW,WV,AEA,CE,Combined TRACON& Tower with Radar,16,22,8,2,48,0,0,27,0,27,16,22,35,2,75,0,0,0,75
02/22/2020,CRW,WV,AEA,CE,Combined TRACON& Tower with Radar,8,23,16,2,49,0,2,23,0,25,8,25,39,2,74,0,0,0,74
02/23/2020,CRW,WV,AEA,CE,Combined TRACON& Tower with Radar,13,20,28,3,64,0,0,30,1,31,13,20,58,4,95,4,0,4,99
02/24/2020,CRW,WV,AEA,CE,Combined TRACON& Tower with Radar,14,24,8,6,52,0,0,13,0,13,14,24,21,6,65,0,0,0,65
02/25/2020,CRW,WV,AEA,CE,Combined TRACON& Tower with Radar,13,31,21,1,66,0,0,6,0,6,13,31,27,1,72,0,0,0,72
02/26/2020,CRW,WV,AEA,CE,Combined TRACON& Tower with Radar,13,32,7,1,53,0,0,2,0,2,13,32,9,1,55,0,0,0,55
02/27/2020,CRW,WV,AEA,CE,Combined TRACON& Tower with Radar,15,24,17,8,64,0,0,7,0,7,15,24,24,8,71,0,0,0,71
02/28/2020,CRW,WV,AEA,CE,Combined TRACON& Tower with Radar,14,25,10,0,49,0,0,8,0,8,14,25,18,0,57,0,0,0,57
02/29/2020,CRW,WV,AEA,CE,Combined TRACON& Tower with Radar,14,16,12,2,44,0,3,19,0,22,14,19,31,2,66,0,0,0,66
03/01/2020,CRW,WV,AEA,CE,Combined TRACON& Tower with Radar,14,19,16,0,49,0,0,24,0,24,14,19,40,0,73,0,0,0,73
03/02/2020,CRW,WV,AEA,CE,Combined TRACON& Tower with Radar,17,17,4,6,44,0,0,2,0,2,17,17,6,6,46,0,0,0,46
03/03/2020,CRW,WV,AEA,CE,Combined TRACON& Tower with Radar,11,28,9,5,53,0,0,9,0,9,11,28,18,5,62,0,0,0,62
03/04/2020,CRW,WV,AEA,CE,Combined TRACON& Tower with Radar,16,26,31,6,79,0,4,27,14,45,16,30,58,20,124,6,20,26,150
03/05/2020,CRW,WV,AEA,CE,Combined TRACON& Tower with Radar,12,20,21,10,63,0,0,17,2,19,12,20,38,12,82,12,6,18,100
03/06/2020,CRW,WV,AEA,CE,Combined TRACON& Tower with Radar,14,21,8,9,52,0,0,0,0,0,14,21,8,9,52,0,0,0,52
03/07/2020,CRW,WV,AEA,CE,Combined TRACON& Tower with Radar,15,18,11,0,44,0,0,12,0,12,15,18,23,0,56,0,0,0,56
03/08/2020,CRW,WV,AEA,CE,Combined TRACON& Tower with Radar,14,16,17,4,51,0,2,26,4,32,14,18,43,8,83,28,0,28,111
03/09/2020,CRW,WV,AEA,CE,Combined TRACON& Tower with Radar,16,17,15,9,57,0,0,21,4,25,16,17,36,13,82,14,31,45,127
03/10/2020,CRW,WV,AEA,CE,Combined TRACON& Tower with Radar,14,20,7,4,45,0,0,0,1,1,14,20,7,5,46,0,0,0,46
03/11/2020,CRW,WV,AEA,CE,Combined TRACON& Tower with Radar,14,22,10,12,58,0,4,8,4,16,14,26,18,16,74,12,0,12,86
03/12/2020,CRW,WV,AEA,CE,Combined TRACON& Tower with Radar,12,20,12,18,62,0,0,10,1,11,12,20,22,19,73,0,12,12,85
03/13/2020,CRW,WV,AEA,CE,Combined TRACON& Tower with Radar,16,22,11,0,49,0,0,8,0,8,16,22,19,0,57,0,0,0,57
03/14/2020,CRW,WV,AEA,CE,Combined TRACON& Tower with Radar,12,17,7,0,36,0,4,3,0,7,12,21,10,0,43,0,0,0,43
03/15/2020,CRW,WV,AEA,CE,Combined TRACON& Tower with Radar,12,18,11,0,41,0,0,0,0,0,12,18,11,0,41,0,0,0,41
03/16/2020,CRW,WV,AEA,CE,Combined TRACON& Tower with Radar,14,17,11,4,46,0,0,10,0,10,14,17,21,4,56,0,0,0,56
03/17/2020,CRW,WV,AEA,CE,Combined TRACON& Tower with Radar,14,22,6,8,50,0,0,1,0,1,14,22,7,8,51,0,0,0,51
03/18/2020,CRW,WV,AEA,CE,Combined TRACON& Tower with Radar,14,23,10,7,54,0,0,9,3,12,14,23,19,10,66,0,10,10,76
03/19/2020,CRW,WV,AEA,CE,Combined TRACON& Tower with Radar,11,25,7,6,49,0,0,2,7,9,11,25,9,13,58,0,0,0,58
03/20/2020,CRW,WV,AEA,CE,Combined TRACON& Tower with Radar,12,14,2,0,28,0,1,0,0,1,12,15,2,0,29,0,0,0,29
03/21/2020,CRW,WV,AEA,CE,Combined TRACON& Tower with Radar,8,17,1,0,26,0,0,0,0,0,8,17,1,0,26,8,0,8,34
03/22/2020,CRW,WV,AEA,CE,Combined TRACON& Tower with Radar,7,14,6,0,27,0,3,29,0,32,7,17,35,0,59,12,0,12,71
03/23/2020,CRW,WV,AEA,CE,Combined TRACON& Tower with Radar,9,11,4,2,26,0,0,1,0,1,9,11,5,2,27,0,0,0,27
03/24/2020,CRW,WV,AEA,CE,Combined TRACON& Tower with Radar,5,14,1,11,31,0,0,6,1,7,5,14,7,12,38,0,0,0,38
03/25/2020,CRW,WV,AEA,CE,Combined TRACON& Tower with Radar,6,14,2,3,25,0,0,0,0,0,6,14,2,3,25,0,0,0,25
03/26/2020,CRW,WV,AEA,CE,Combined TRACON& Tower with Radar,5,15,8,2,30,0,4,15,2,21,5,19,23,4,51,0,0,0,51
03/27/2020,CRW,WV,AEA,CE,Combined TRACON& Tower with Radar,3,11,4,0,18,0,2,5,0,7,3,13,9,0,25,0,0,0,25
03/28/2020,CRW,WV,AEA,CE,Combined TRACON& Tower with Radar,4,14,4,0,22,0,1,5,0,6,4,15,9,0,28,0,0,0,28
03/29/2020,CRW,WV,AEA,CE,Combined TRACON& Tower with Radar,4,10,2,0,16,0,0,2,0,2,4,10,4,0,18,0,0,0,18
03/30/2020,CRW,WV,AEA,CE,Combined TRACON& Tower with Radar,9,13,8,4,34,0,0,6,0,6,9,13,14,4,40,0,0,0,40
03/31/2020,CRW,WV,AEA,CE,Combined TRACON& Tower with Radar,4,12,6,3,25,0,0,7,3,10,4,12,13,6,35,0,0,0,35
04/01/2020,CRW,WV,AEA,CE,Combined TRACON& Tower with Radar,4,14,3,12,33,0,2,5,0,7,4,16,8,12,40,0,0,0,40
04/02/2020,CRW,WV,AEA,CE,Combined TRACON& Tower with Radar,4,12,6,9,31,0,1,9,1,11,4,13,15,10,42,0,10,10,52
04/03/2020,CRW,WV,AEA,CE,Combined TRACON& Tower with Radar,6,12,4,1,23,0,0,21,4,25,6,12,25,5,48,0,0,0,48
04/04/2020,CRW,WV,AEA,CE,Combined TRACON& Tower with Radar,3,12,4,0,19,0,1,24,0,25,3,13,28,0,44,0,0,0,44
04/05/2020,CRW,WV,AEA,CE,Combined TRACON& Tower with Radar,3,11,7,0,21,0,0,4,4,8,3,11,11,4,29,0,0,0,29
04/06/2020,CRW,WV,AEA,CE,Combined TRACON& Tower with Radar,4,7,7,3,21,0,0,11,0,11,4,7,18,3,32,0,0,0,32
04/07/2020,CRW,WV,AEA,CE,Combined TRACON& Tower with Radar,4,11,3,2,20,0,0,11,2,13,4,11,14,4,33,0,0,0,33
04/08/2020,CRW,WV,AEA,CE,Combined TRACON& Tower with Radar,4,9,5,3,21,0,0,4,3,7,4,9,9,6,28,0,0,0,28
04/09/2020,CRW,WV,AEA,CE,Combined TRACON& Tower with Radar,3,11,6,3,23,0,0,0,1,1,3,11,6,4,24,0,0,0,24
04/10/2020,CRW,WV,AEA,CE,Combined TRACON& Tower with Radar,2,10,4,0,16,0,0,4,0,4,2,10,8,0,20,0,0,0,20
04/11/2020,CRW,WV,AEA,CE,Combined TRACON& Tower with Radar,3,11,10,0,24,0,0,13,0,13,3,11,23,0,37,0,0,0,37
04/12/2020,CRW,WV,AEA,CE,Combined TRACON& Tower with Radar,6,8,0,0,14,0,0,4,0,4,6,8,4,0,18,0,0,0,18
04/13/2020,CRW,WV,AEA,CE,Combined TRACON& Tower with Radar,4,7,2,0,13,0,2,0,0,2,4,9,2,0,15,0,0,0,15
04/14/2020,CRW,WV,AEA,CE,Combined TRACON& Tower with Radar,4,12,3,4,23,0,3,7,3,13,4,15,10,7,36,0,0,0,36
04/15/2020,CRW,WV,AEA,CE,Combined TRACON& Tower with Radar,4,10,6,3,23,0,0,7,1,8,4,10,13,4,31,0,0,0,31
04/16/2020,CRW,WV,AEA,CE,Combined TRACON& Tower with Radar,5,9,7,2,23,0,1,3,2,6,5,10,10,4,29,0,0,0,29
04/17/2020,CRW,WV,AEA,CE,Combined TRACON& Tower with Radar,5,7,4,0,16,0,0,4,0,4,5,7,8,0,20,0,0,0,20
04/18/2020,CRW,WV,AEA,CE,Combined TRACON& Tower with Radar,4,9,6,12,31,0,0,2,0,2,4,9,8,12,33,0,0,0,33
04/19/2020,CRW,WV,AEA,CE,Combined TRACON& Tower with Radar,5,4,3,0,12,0,4,16,0,20,5,8,19,0,32,0,0,0,32
04/20/2020,CRW,WV,AEA,CE,Combined TRACON& Tower with Radar,3,5,7,0,15,0,0,11,2,13,3,5,18,2,28,6,0,6,34
04/21/2020,CRW,WV,AEA,CE,Combined TRACON& Tower with Radar,4,8,2,2,16,0,0,1,1,2,4,8,3,3,18,0,0,0,18
04/22/2020,CRW,WV,AEA,CE,Combined TRACON& Tower with Radar,4,10,9,8,31,0,0,18,9,27,4,10,27,17,58,0,0,0,58
04/23/2020,CRW,WV,AEA,CE,Combined TRACON& Tower with Radar,4,10,1,2,17,0,0,0,0,0,4,10,1,2,17,0,0,0,17
04/24/2020,CRW,WV,AEA,CE,Combined TRACON& Tower with Radar,4,10,2,2,18,0,0,2,0,2,4,10,4,2,20,0,0,0,20
04/25/2020,CRW,WV,AEA,CE,Combined TRACON& Tower with Radar,3,10,1,0,14,0,0,6,0,6,3,10,7,0,20,0,0,0,20
04/26/2020,CRW,WV,AEA,CE,Combined TRACON& Tower with Radar,7,3,2,1,13,0,0,0,0,0,7,3,2,1,13,0,0,0,13
04/27/2020,CRW,WV,AEA,CE,Combined TRACON& Tower with Radar,4,5,6,6,21,0,0,26,0,26,4,5,32,6,47,0,0,0,47
04/28/2020,CRW,WV,AEA,CE,Combined TRACON& Tower with Radar,4,8,2,5,19,0,0,9,5,14,4,8,11,10,33,0,0,0,33
04/29/2020,CRW,WV,AEA,CE,Combined TRACON& Tower with Radar,4,10,2,5,21,0,0,3,3,6,4,10,5,8,27,0,0,0,27
04/30/2020,CRW,WV,AEA,CE,Combined TRACON& Tower with Radar,4,8,3,8,23,0,2,3,1,6,4,10,6,9,29,0,0,0,29
05/01/2020,CRW,WV,AEA,CE,Combined TRACON& Tower with Radar,6,8,4,0,18,0,0,0,0,0,6,8,4,0,18,8,0,8,26
05/02/2020,CRW,WV,AEA,CE,Combined TRACON& Tower with Radar,5,8,16,0,29,0,5,25,0,30,5,13,41,0,59,0,0,0,59
05/03/2020,CRW,WV,AEA,CE,Combined TRACON& Tower with Radar,5,2,4,0,11,0,0,3,0,3,5,2,7,0,14,0,0,0,14
05/04/2020,CRW,WV,AEA,CE,Combined TRACON& Tower with Radar,5,4,4,3,16,0,1,7,4,12,5,5,11,7,28,0,0,0,28
05/05/2020,CRW,WV,AEA,CE,Combined TRACON& Tower with Radar,5,7,2,4,18,0,0,0,0,0,5,7,2,4,18,0,3,3,21
05/06/2020,CRW,WV,AEA,CE,Combined TRACON& Tower with Radar,6,7,2,5,20,0,0,2,15,17,6,7,4,20,37,0,0,0,37
05/07/2020,CRW,WV,AEA,CE,Combined TRACON& Tower with Radar,5,7,8,11,31,0,4,16,1,21,5,11,24,12,52,0,0,0,52
05/08/2020,CRW,WV,AEA,CE,Combined TRACON& Tower with Radar,4,7,3,2,16,0,3,0,2,5,4,10,3,4,21,0,0,0,21
05/09/2020,CRW,WV,AEA,CE,Combined TRACON& Tower with Radar,6,3,7,2,18,0,0,16,0,16,6,3,23,2,34,0,0,0,34
05/10/2020,CRW,WV,AEA,CE,Combined TRACON& Tower with Radar,5,1,15,0,21,0,1,15,0,16,5,2,30,0,37,0,0,0,37
05/11/2020,CRW,WV,AEA,CE,Combined TRACON& Tower with Radar,5,4,4,1,14,0,2,8,0,10,5,6,12,1,24,0,0,0,24
05/12/2020,CRW,WV,AEA,CE,Combined TRACON& Tower with Radar,4,9,15,6,34,0,0,14,1,15,4,9,29,7,49,0,0,0,49
05/13/2020,CRW,WV,AEA,CE,Combined TRACON& Tower with Radar,4,9,11,7,31,0,1,18,5,24,4,10,29,12,55,8,0,8,63
05/14/2020,CRW,WV,AEA,CE,Combined TRACON& Tower with Radar,4,7,5,2,18,0,0,12,0,12,4,7,17,2,30,0,0,0,30
05/15/2020,CRW,WV,AEA,CE,Combined TRACON& Tower with Radar,4,7,9,3,23,0,4,17,0,21,4,11,26,3,44,0,0,0,44
05/16/2020,CRW,WV,AEA,CE,Combined TRACON& Tower with Radar,6,5,6,0,17,0,0,6,0,6,6,5,12,0,23,0,0,0,23
05/17/2020,CRW,WV,AEA,CE,Combined TRACON& Tower with Radar,4,5,3,1,13,0,0,10,0,10,4,5,13,1,23,0,0,0,23
05/18/2020,CRW,WV,AEA,CE,Combined TRACON& Tower with Radar,4,4,9,2,19,0,0,3,2,5,4,4,12,4,24,0,0,0,24
05/19/2020,CRW,WV,AEA,CE,Combined TRACON& Tower with Radar,4,8,4,18,34,0,0,0,0,0,4,8,4,18,34,0,0,0,34
05/20/2020,CRW,WV,AEA,CE,Combined TRACON& Tower with Radar,4,9,4,4,21,0,0,1,0,1,4,9,5,4,22,0,0,0,22
05/21/2020,CRW,WV,AEA,CE,Combined TRACON& Tower with Radar,4,13,16,2,35,0,0,0,0,0,4,13,16,2,35,0,0,0,35
05/22/2020,CRW,WV,AEA,CE,Combined TRACON& Tower with Radar,4,11,13,1,29,0,1,4,0,5,4,12,17,1,34,0,0,0,34
05/23/2020,CRW,WV,AEA,CE,Combined TRACON& Tower with Radar,6,4,11,0,21,0,2,15,0,17,6,6,26,0,38,0,0,0,38
05/24/2020,CRW,WV,AEA,CE,Combined TRACON& Tower with Radar,5,1,1,0,7,0,0,6,0,6,5,1,7,0,13,0,0,0,13
05/25/2020,CRW,WV,AEA,CE,Combined TRACON& Tower with Radar,5,6,17,0,28,0,0,13,0,13,5,6,30,0,41,0,0,0,41
05/26/2020,CRW,WV,AEA,CE,Combined TRACON& Tower with Radar,4,7,17,4,32,0,0,17,0,17,4,7,34,4,49,0,0,0,49
05/27/2020,CRW,WV,AEA,CE,Combined TRACON& Tower with Radar,4,7,18,8,37,0,0,18,12,30,4,7,36,20,67,0,0,0,67
05/28/2020,CRW,WV,AEA,CE,Combined TRACON& Tower with Radar,4,5,9,6,24,0,0,12,0,12,4,5,21,6,36,0,0,0,36
05/29/2020,CRW,WV,AEA,CE,Combined TRACON& Tower with Radar,4,11,10,3,28,0,0,7,3,10,4,11,17,6,38,0,0,0,38
05/30/2020,CRW,WV,AEA,CE,Combined TRACON& Tower with Radar,6,9,11,7,33,0,1,16,0,17,6,10,27,7,50,0,0,0,50
05/31/2020,CRW,WV,AEA,CE,Combined TRACON& Tower with Radar,4,3,8,0,15,0,2,25,0,27,4,5,33,0,42,12,0,12,54
06/01/2020,CRW,WV,AEA,CE,Combined TRACON& Tower with Radar,4,3,16,2,25,0,0,31,2,33,4,3,47,4,58,0,0,0,58
06/02/2020,CRW,WV,AEA,CE,Combined TRACON& Tower with Radar,4,9,8,13,34,0,1,36,5,42,4,10,44,18,76,0,0,0,76
06/03/2020,CRW,WV,AEA,CE,Combined TRACON& Tower with Radar,4,6,12,1,23,0,0,25,7,32,4,6,37,8,55,6,0,6,61
06/04/2020,CRW,WV,AEA,CE,Combined TRACON& Tower with Radar,4,7,13,2,26,0,4,14,4,22,4,11,27,6,48,0,0,0,48
06/05/2020,CRW,WV,AEA,CE,Combined TRACON& Tower with Radar,4,8,8,0,20,0,0,1,0,1,4,8,9,0,21,0,0,0,21
06/06/2020,CRW,WV,AEA,CE,Combined TRACON& Tower with Radar,6,10,10,0,26,0,0,8,0,8,6,10,18,0,34,0,0,0,34
06/07/2020,CRW,WV,AEA,CE,Combined TRACON& Tower with Radar,5,5,5,0,15,0,0,23,0,23,5,5,28,0,38,0,0,0,38
06/08/2020,CRW,WV,AEA,CE,Combined TRACON& Tower with Radar,5,5,7,2,19,0,1,27,0,28,5,6,34,2,47,0,0,0,47
06/09/2020,CRW,WV,AEA,CE,Combined TRACON& Tower with Radar,4,12,13,10,39,0,2,19,4,25,4,14,32,14,64,0,0,0,64
06/10/2020,CRW,WV,AEA,CE,Combined TRACON& Tower with Radar,4,6,5,2,17,0,0,11,3,14,4,6,16,5,31,0,0,0,31
06/11/2020,CRW,WV,AEA,CE,Combined TRACON& Tower with Radar,4,7,6,7,24,0,0,23,10,33,4,7,29,17,57,0,0,0,57
06/12/2020,CRW,WV,AEA,CE,Combined TRACON& Tower with Radar,4,10,8,0,22,0,1,21,3,25,4,11,29,3,47,13,0,13,60
06/13/2020,CRW,WV,AEA,CE,Combined TRACON& Tower with Radar,6,10,8,4,28,0,4,25,3,32,6,14,33,7,60,0,0,0,60
06/14/2020,CRW,WV,AEA,CE,Combined TRACON& Tower with Radar,6,5,2,0,13,0,0,2,0,2,6,5,4,0,15,0,0,0,15
06/15/2020,CRW,WV,AEA,CE,Combined TRACON& Tower with Radar,4,5,13,0,22,0,1,18,0,19,4,6,31,0,41,14,0,14,55
06/16/2020,CRW,WV,AEA,CE,Combined TRACON& Tower with Radar,4,12,15,15,46,0,6,20,4,30,4,18,35,19,76,40,7,47,123
06/17/2020,CRW,WV,AEA,CE,Combined TRACON& Tower with Radar,4,14,9,12,39,0,0,17,1,18,4,14,26,13,57,42,0,42,99
06/18/2020,CRW,WV,AEA,CE,Combined TRACON& Tower with Radar,5,9,6,15,35,0,0,8,9,17,5,9,14,24,52,8,0,8,60
06/19/2020,CRW,WV,AEA,CE,Combined TRACON& Tower with Radar,4,8,16,8,36,0,1,18,13,32,4,9,34,21,68,0,30,30,98
06/20/2020,CRW,WV,AEA,CE,Combined TRACON& Tower with Radar,7,14,5,7,33,0,0,15,5,20,7,14,20,12,53,8,0,8,61
06/21/2020,CRW,WV,AEA,CE,Combined TRACON& Tower with Radar,7,9,10,10,36,0,3,21,5,29,7,12,31,15,65,0,0,0,65
06/22/2020,CRW,WV,AEA,CE,Combined TRACON& Tower with Radar,4,8,15,21,48,0,0,11,4,15,4,8,26,25,63,12,22,34,97
06/23/2020,CRW,WV,AEA,CE,Combined TRACON& Tower with Radar,4,12,10,2,28,0,0,6,0,6,4,12,16,2,34,16,0,16,50
06/24/2020,CRW,WV,AEA,CE,Combined TRACON& Tower with Radar,4,5,11,15,35,0,2,27,21,50,4,7,38,36,85,28,10,38,123
06/25/2020,CRW,WV,AEA,CE,Combined TRACON& Tower with Radar,4,8,13,2,27,0,1,28,9,38,4,9,41,11,65,0,10,10,75
06/26/2020,CRW,WV,AEA,CE,Combined TRACON& Tower with Radar,6,10,13,1,30,0,3,20,3,26,6,13,33,4,56,29,0,29,85
06/27/2020,CRW,WV,AEA,CE,Combined TRACON& Tower with Radar,6,14,17,5,42,0,0,12,0,12,6,14,29,5,54,0,0,0,54
06/28/2020,CRW,WV,AEA,CE,Combined TRACON& Tower with Radar,6,10,5,2,23,0,0,2,0,2,6,10,7,2,25,2,0,2,27
06/29/2020,CRW,WV,AEA,CE,Combined TRACON& Tower with Radar,4,5,5,0,14,12,0,6,0,18,16,5,11,0,32,12,0,12,44
06/30/2020,CRW,WV,AEA,CE,Combined TRACON& Tower with Radar,4,7,8,15,34,0,0,13,10,23,4,7,21,25,57,0,16,16,73
07/01/2020,CRW,WV,AEA,CE,Combined TRACON& Tower with Radar,4,6,22,4,36,0,6,18,2,26,4,12,40,6,62,12,4,16,78
07/02/2020,CRW,WV,AEA,CE,Combined TRACON& Tower with Radar,6,6,18,2,32,0,3,22,0,25,6,9,40,2,57,11,0,11,68
07/03/2020,CRW,WV,AEA,CE,Combined TRACON& Tower with Radar,6,11,22,4,43,0,8,16,2,26,6,19,38,6,69,11,0,11,80
07/04/2020,CRW,WV,AEA,CE,Combined TRACON& Tower with Radar,5,7,10,1,23,0,0,8,0,8,5,7,18,1,31,13,0,13,44
07/05/2020,CRW,WV,AEA,CE,Combined TRACON& Tower with Radar,8,6,11,0,25,0,2,11,2,15,8,8,22,2,40,0,0,0,40
07/06/2020,CRW,WV,AEA,CE,Combined TRACON& Tower with Radar,5,9,19,2,35,0,2,18,4,24,5,11,37,6,59,4,0,4,63
07/07/2020,CRW,WV,AEA,CE,Combined TRACON& Tower with Radar,8,15,16,8,47,0,1,17,0,18,8,16,33,8,65,24,0,24,89
07/08/2020,CRW,WV,AEA,CE,Combined TRACON& Tower with Radar,8,12,3,10,33,0,0,20,6,26,8,12,23,16,59,6,19,25,84
07/09/2020,CRW,WV,AEA,CE,Combined TRACON& Tower with Radar,10,12,15,7,44,0,0,20,10,30,10,12,35,17,74,34,0,34,108
07/10/2020,CRW,WV,AEA,CE,Combined TRACON& Tower with Radar,8,16,11,3,38,0,2,7,0,9,8,18,18,3,47,22,0,22,69
07/11/2020,CRW,WV,AEA,CE,Combined TRACON& Tower with Radar,10,14,2,0,26,0,24,34,0,58,10,38,36,0,84,34,0,34,118
07/12/2020,CRW,WV,AEA,CE,Combined TRACON& Tower with Radar,12,7,10,0,29,0,1,21,3,25,12,8,31,3,54,0,0,0,54
07/13/2020,CRW,WV,AEA,CE,Combined TRACON& Tower with Radar,10,7,10,0,27,0,1,22,0,23,10,8,32,0,50,14,0,14,64
07/14/2020,CRW,WV,AEA,CE,Combined TRACON& Tower with Radar,8,11,20,7,46,0,2,31,1,34,8,13,51,8,80,8,0,8,88
07/15/2020,CRW,WV,AEA,CE,Combined TRACON& Tower with Radar,8,17,14,12,51,0,2,38,4,44,8,19,52,16,95,4,0,4,99
07/16/2020,CRW,WV,AEA,CE,Combined TRACON& Tower with Radar,12,12,10,11,45,0,0,11,2,13,12,12,21,13,58,0,13,13,71
07/17/2020,CRW,WV,AEA,CE,Combined TRACON& Tower with Radar,8,11,6,4,29,0,0,11,0,11,8,11,17,4,40,0,0,0,40
07/18/2020,CRW,WV,AEA,CE,Combined TRACON& Tower with Radar,10,13,12,0,35,0,0,5,0,5,10,13,17,0,40,0,0,0,40
07/19/2020,CRW,WV,AEA,CE,Combined TRACON& Tower with Radar,12,6,8,0,26,0,0,7,0,7,12,6,15,0,33,0,0,0,33
07/20/2020,CRW,WV,AEA,CE,Combined TRACON& Tower with Radar,8,9,7,7,31,0,0,9,4,13,8,9,16,11,44,0,0,0,44
07/21/2020,CRW,WV,AEA,CE,Combined TRACON& Tower with Radar,7,10,11,4,32,0,0,16,1,17,7,10,27,5,49,13,0,13,62
07/22/2020,CRW,WV,AEA,CE,Combined TRACON& Tower with Radar,9,15,8,16,48,0,0,14,2,16,9,15,22,18,64,21,6,27,91
07/23/2020,CRW,WV,AEA,CE,Combined TRACON& Tower with Radar,10,12,6,3,31,0,0,4,0,4,10,12,10,3,35,0,0,0,35
07/24/2020,CRW,WV,AEA,CE,Combined TRACON& Tower with Radar,8,13,16,2,39,0,2,9,4,15,8,15,25,6,54,60,0,60,114
07/25/2020,CRW,WV,AEA,CE,Combined TRACON& Tower with Radar,10,11,14,2,37,0,1,32,0,33,10,12,46,2,70,28,0,28,98
07/26/2020,CRW,WV,AEA,CE,Combined TRACON& Tower with Radar,12,7,17,0,36,0,0,31,0,31,12,7,48,0,67,6,0,6,73
07/27/2020,CRW,WV,AEA,CE,Combined TRACON& Tower with Radar,8,10,20,0,38,0,0,21,2,23,8,10,41,2,61,0,0,0,61
07/28/2020,CRW,WV,AEA,CE,Combined TRACON& Tower with Radar,8,10,8,1,27,0,0,10,1,11,8,10,18,2,38,12,0,12,50
07/29/2020,CRW,WV,AEA,CE,Combined TRACON& Tower with Radar,8,12,9,3,32,0,5,22,5,32,8,17,31,8,64,6,0,6,70
07/30/2020,CRW,WV,AEA,CE,Combined TRACON& Tower with Radar,6,10,2,2,20,0,0,6,6,12,6,10,8,8,32,0,0,0,32
07/31/2020,CRW,WV,AEA,CE,Combined TRACON& Tower with Radar,4,10,8,2,24,0,0,8,0,8,4,10,16,2,32,0,0,0,32
08/01/2020,CRW,WV,AEA,CE,Combined TRACON& Tower with Radar,6,14,4,4,28,0,0,7,6,13,6,14,11,10,41,4,4,8,49
08/02/2020,CRW,WV,AEA,CE,Combined TRACON& Tower with Radar,8,10,8,6,32,0,2,18,0,20,8,12,26,6,52,49,0,49,101
08/03/2020,CRW,WV,AEA,CE,Combined TRACON& Tower with Radar,2,15,5,0,22,0,0,22,0,22,2,15,27,0,44,0,0,0,44
08/04/2020,CRW,WV,AEA,CE,Combined TRACON& Tower with Radar,4,15,10,12,41,0,3,16,1,20,4,18,26,13,61,4,0,4,65
08/05/2020,CRW,WV,AEA,CE,Combined TRACON& Tower with Radar,4,11,8,15,38,0,0,39,6,45,4,11,47,21,83,6,0,6,89
08/06/2020,CRW,WV,AEA,CE,Combined TRACON& Tower with Radar,4,14,27,4,49,0,0,34,1,35,4,14,61,5,84,0,0,0,84
08/07/2020,CRW,WV,AEA,CE,Combined TRACON& Tower with Radar,4,16,7,20,47,0,6,39,5,50,4,22,46,25,97,46,44,90,187
08/08/2020,CRW,WV,AEA,CE,Combined TRACON& Tower with Radar,8,16,8,4,36,0,4,26,15,45,8,20,34,19,81,30,8,38,119
08/09/2020,CRW,WV,AEA,CE,Combined TRACON& Tower with Radar,6,13,13,0,32,0,2,27,13,42,6,15,40,13,74,4,0,4,78
08/10/2020,CRW,WV,AEA,CE,Combined TRACON& Tower with Radar,4,11,11,9,35,0,6,18,16,40,4,17,29,25,75,0,10,10,85
08/11/2020,CRW,WV,AEA,CE,Combined TRACON& Tower with Radar,4,14,23,18,59,0,0,21,14,35,4,14,44,32,94,8,6,14,108
08/12/2020,CRW,WV,AEA,CE,Combined TRACON& Tower with Radar,4,15,32,14,65,0,0,33,13,46,4,15,65,27,111,0,12,12,123
08/13/2020,CRW,WV,AEA,CE,Combined TRACON& Tower with Radar,4,16,19,21,60,0,0,24,15,39,4,16,43,36,99,10,4,14,113
08/14/2020,CRW,WV,AEA,CE,Combined TRACON& Tower with Radar,4,19,6,20,49,0,2,18,6,26,4,21,24,26,75,13,21,34,109
08/15/2020,CRW,WV,AEA,CE,Combined TRACON& Tower with Radar,6,15,9,0,30,0,0,2,0,2,6,15,11,0,32,0,0,0,32
08/16/2020,CRW,WV,AEA,CE,Combined TRACON& Tower with Radar,6,10,8,2,26,0,10,19,0,29,6,20,27,2,55,28,0,28,83
08/17/2020,CRW,WV,AEA,CE,Combined TRACON& Tower with Radar,4,13,21,0,38,0,10,34,6,50,4,23,55,6,88,4,0,4,92
08/18/2020,CRW,WV,AEA,CE,Combined TRACON& Tower with Radar,4,15,26,1,46,0,0,23,6,29,4,15,49,7,75,34,0,34,109
08/19/2020,CRW,WV,AEA,CE,Combined TRACON& Tower with Radar,8,15,24,4,51,0,0,28,10,38,8,15,52,14,89,8,0,8,97
08/20/2020,CRW,WV,AEA,CE,Combined TRACON& Tower with Radar,4,17,21,13,55,0,11,20,15,46,4,28,41,28,101,44,0,44,145
08/21/2020,CRW,WV,AEA,CE,Combined TRACON& Tower with Radar,4,14,21,1,40,0,0,23,2,25,4,14,44,3,65,32,0,32,97
08/22/2020,CRW,WV,AEA,CE,Combined TRACON& Tower with Radar,6,15,12,5,38,0,4,22,0,26,6,19,34,5,64,21,0,21,85
08/23/2020,CRW,WV,AEA,CE,Combined TRACON& Tower with Radar,4,14,13,2,33,0,0,11,2,13,4,14,24,4,46,12,0,12,58
08/24/2020,CRW,WV,AEA,CE,Combined TRACON& Tower with Radar,4,12,8,13,37,0,6,22,8,36,4,18,30,21,73,10,5,15,88
08/25/2020,CRW,WV,AEA,CE,Combined TRACON& Tower with Radar,6,19,23,36,84,1,1,29,8,39,7,20,52,44,123,25,10,35,158
08/26/2020,CRW,WV,AEA,CE,Combined TRACON& Tower with Radar,5,12,16,34,67,0,10,20,22,52,5,22,36,56,119,70,20,90,209
08/27/2020,CRW,WV,AEA,CE,Combined TRACON& Tower with Radar,4,16,16,9,45,0,0,6,4,10,4,16,22,13,55,6,18,24,79
08/28/2020,CRW,WV,AEA,CE,Combined TRACON& Tower with Radar,4,16,11,4,35,0,0,9,3,12,4,16,20,7,47,3,0,3,50
08/29/2020,CRW,WV,AEA,CE,Combined TRACON& Tower with Radar,6,19,2,0,27,0,0,1,0,1,6,19,3,0,28,0,0,0,28
08/30/2020,CRW,WV,AEA,CE,Combined TRACON& Tower with Radar,8,9,9,0,26,0,7,36,0,43,8,16,45,0,69,29,0,29,98
08/31/2020,CRW,WV,AEA,CE,Combined TRACON& Tower with Radar,4,14,16,4,38,0,2,2,0,4,4,16,18,4,42,0,0,0,42
09/01/2020,CRW,WV,AEA,CE,Combined TRACON& Tower with Radar,6,15,11,12,44,0,0,14,9,23,6,15,25,21,67,0,0,0,67
09/02/2020,CRW,WV,AEA,CE,Combined TRACON& Tower with Radar,4,14,9,18,45,0,3,3,18,24,4,17,12,36,69,0,16,16,85
09/03/2020,CRW,WV,AEA,CE,Combined TRACON& Tower with Radar,4,18,8,8,38,0,0,3,10,13,4,18,11,18,51,0,0,0,51
09/04/2020,CRW,WV,AEA,CE,Combined TRACON& Tower with Radar,4,14,10,2,30,0,0,14,0,14,4,14,24,2,44,0,0,0,44
09/05/2020,CRW,WV,AEA,CE,Combined TRACON& Tower with Radar,6,13,13,0,32,0,3,25,0,28,6,16,38,0,60,15,0,15,75
09/06/2020,CRW,WV,AEA,CE,Combined TRACON& Tower with Radar,4,11,9,0,24,0,6,27,0,33,4,17,36,0,57,11,0,11,68
09/07/2020,CRW,WV,AEA,CE,Combined TRACON& Tower with Radar,6,17,15,2,40,0,2,34,0,36,6,19,49,2,76,31,0,31,107
09/08/2020,CRW,WV,AEA,CE,Combined TRACON& Tower with Radar,4,13,14,3,34,0,3,24,2,29,4,16,38,5,63,24,2,26,89
09/09/2020,CRW,WV,AEA,CE,Combined TRACON& Tower with Radar,6,15,20,5,46,0,0,29,3,32,6,15,49,8,78,26,12,38,116
09/10/2020,CRW,WV,AEA,CE,Combined TRACON& Tower with Radar,6,14,15,18,53,0,1,18,0,19,6,15,33,18,72,0,0,0,72
09/11/2020,CRW,WV,AEA,CE,Combined TRACON& Tower with Radar,6,26,23,9,64,0,0,8,1,9,6,26,31,10,73,0,0,0,73
09/12/2020,CRW,WV,AEA,CE,Combined TRACON& Tower with Radar,8,13,10,2,33,0,0,24,3,27,8,13,34,5,60,40,0,40,100
09/13/2020,CRW,WV,AEA,CE,Combined TRACON& Tower with Radar,6,18,18,2,44,0,0,4,0,4,6,18,22,2,48,2,0,2,50
09/14/2020,CRW,WV,AEA,CE,Combined TRACON& Tower with Radar,6,18,10,17,51,0,0,8,0,8,6,18,18,17,59,12,0,12,71
09/15/2020,CRW,WV,AEA,CE,Combined TRACON& Tower with Radar,6,14,15,7,42,0,3,29,0,32,6,17,44,7,74,8,0,8,82
09/16/2020,CRW,WV,AEA,CE,Combined TRACON& Tower with Radar,6,12,22,8,48,0,1,34,2,37,6,13,56,10,85,46,0,46,131
09/17/2020,CRW,WV,AEA,CE,Combined TRACON& Tower with Radar,6,24,12,0,42,0,0,19,2,21,6,24,31,2,63,22,0,22,85
09/18/2020,CRW,WV,AEA,CE,Combined TRACON& Tower with Radar,6,14,30,10,60,0,0,10,0,10,6,14,40,10,70,30,0,30,100
09/19/2020,CRW,WV,AEA,CE,Combined TRACON& Tower with Radar,8,15,5,0,28,0,0,33,0,33,8,15,38,0,61,27,0,27,88
09/20/2020,CRW,WV,AEA,CE,Combined TRACON& Tower with Radar,6,18,12,1,37,0,0,35,0,35,6,18,47,1,72,0,0,0,72
09/21/2020,CRW,WV,AEA,CE,Combined TRACON& Tower with Radar,6,13,12,11,42,0,0,23,4,27,6,13,35,15,69,12,0,12,81
09/22/2020,CRW,WV,AEA,CE,Combined TRACON& Tower with Radar,6,13,23,4,46,0,0,36,6,42,6,13,59,10,88,40,2,42,130
09/23/2020,CRW,WV,AEA,CE,Combined TRACON& Tower with Radar,6,15,9,8,38,0,0,21,2,23,6,15,30,10,61,0,0,0,61
09/24/2020,CRW,WV,AEA,CE,Combined TRACON& Tower with Radar,6,16,12,6,40,0,0,31,0,31,6,16,43,6,71,10,0,10,81
09/25/2020,CRW,WV,AEA,CE,Combined TRACON& Tower with Radar,8,14,11,3,36,0,0,13,2,15,8,14,24,5,51,19,0,19,70
09/26/2020,CRW,WV,AEA,CE,Combined TRACON& Tower with Radar,8,15,13,0,36,0,0,15,4,19,8,15,28,4,55,39,0,39,94
09/27/2020,CRW,WV,AEA,CE,Combined TRACON& Tower with Radar,6,12,17,2,37,0,1,26,9,36,6,13,43,11,73,0,0,0,73
09/28/2020,CRW,WV,AEA,CE,Combined TRACON& Tower with Radar,6,11,14,1,32,0,0,18,10,28,6,11,32,11,60,3,3,6,66
09/29/2020,CRW,WV,AEA,CE,Combined TRACON& Tower with Radar,6,12,10,2,30,0,0,2,2,4,6,12,12,4,34,0,0,0,34
09/30/2020,CRW,WV,AEA,CE,Combined TRACON& Tower with Radar,6,16,5,5,32,0,0,23,9,32,6,16,28,14,64,4,0,4,68
10/01/2020,CRW,WV,AEA,CE,Combined TRACON& Tower with Radar,6,24,39,6,75,0,0,24,13,37,6,24,63,19,112,24,12,36,148
10/02/2020,CRW,WV,AEA,CE,Combined TRACON& Tower with Radar,6,17,13,11,47,0,2,13,10,25,6,19,26,21,72,10,0,10,82
10/03/2020,CRW,WV,AEA,CE,Combined TRACON& Tower with Radar,12,16,9,3,40,0,1,26,8,35,12,17,35,11,75,22,0,22,97
10/04/2020,CRW,WV,AEA,CE,Combined TRACON& Tower with Radar,8,14,7,4,33,0,1,16,13,30,8,15,23,17,63,0,8,8,71
10/05/2020,CRW,WV,AEA,CE,Combined TRACON& Tower with Radar,6,15,29,3,53,0,1,11,2,14,6,16,40,5,67,18,0,18,85
10/06/2020,CRW,WV,AEA,CE,Combined TRACON& Tower with Radar,6,10,11,4,31,0,1,18,4,23,6,11,29,8,54,12,0,12,66
10/07/2020,CRW,WV,AEA,CE,Combined TRACON& Tower with Radar,6,16,5,6,33,0,2,10,8,20,6,18,15,14,53,20,0,20,73
10/08/2020,CRW,WV,AEA,CE,Combined TRACON& Tower with Radar,9,16,15,7,47,0,2,34,2,38,9,18,49,9,85,28,0,28,113
10/09/2020,CRW,WV,AEA,CE,Combined TRACON& Tower with Radar,7,20,23,0,50,0,0,21,0,21,7,20,44,0,71,0,0,0,71
10/10/2020,CRW,WV,AEA,CE,Combined TRACON& Tower with Radar,6,23,19,0,48,0,0,2,0,2,6,23,21,0,50,2,0,2,52
10/11/2020,CRW,WV,AEA,CE,Combined TRACON& Tower with Radar,6,14,8,1,29,0,0,1,0,1,6,14,9,1,30,0,0,0,30
10/12/2020,CRW,WV,AEA,CE,Combined TRACON& Tower with Radar,6,13,6,0,25,0,0,10,0,10,6,13,16,0,35,34,0,34,69
10/13/2020,CRW,WV,AEA,CE,Combined TRACON& Tower with Radar,6,23,18,4,51,0,2,16,0,18,6,25,34,4,69,14,0,14,83
10/14/2020,CRW,WV,AEA,CE,Combined TRACON& Tower with Radar,6,19,16,1,42,0,0,35,3,38,6,19,51,4,80,0,0,0,80
10/15/2020,CRW,WV,AEA,CE,Combined TRACON& Tower with Radar,8,21,10,0,39,0,2,29,5,36,8,23,39,5,75,12,0,12,87
10/16/2020,CRW,WV,AEA,CE,Combined TRACON& Tower with Radar,6,16,6,4,32,0,0,8,4,12,6,16,14,8,44,15,0,15,59
10/17/2020,CRW,WV,AEA,CE,Combined TRACON& Tower with Radar,6,17,10,4,37,0,0,33,0,33,6,17,43,4,70,18,0,18,88
10/18/2020,CRW,WV,AEA,CE,Combined TRACON& Tower with Radar,6,15,12,0,33,0,5,18,0,23,6,20,30,0,56,4,0,4,60
10/19/2020,CRW,WV,AEA,CE,Combined TRACON& Tower with Radar,6,13,12,2,33,0,0,18,7,25,6,13,30,9,58,24,0,24,82
10/20/2020,CRW,WV,AEA,CE,Combined TRACON& Tower with Radar,6,14,15,13,48,0,6,13,7,26,6,20,28,20,74,24,32,56,130
10/21/2020,CRW,WV,AEA,CE,Combined TRACON& Tower with Radar,6,15,13,16,50,0,2,29,20,51,6,17,42,36,101,3,0,3,104
10/22/2020,CRW,WV,AEA,CE,Combined TRACON& Tower with Radar,6,17,18,10,51,0,2,29,15,46,6,19,47,25,97,5,4,9,106
10/23/2020,CRW,WV,AEA,CE,Combined TRACON& Tower with Radar,6,19,11,2,38,0,0,32,9,41,6,19,43,11,79,8,0,8,87
10/24/2020,CRW,WV,AEA,CE,Combined TRACON& Tower with Radar,6,13,5,2,26,0,0,0,0,0,6,13,5,2,26,0,0,0,26
10/25/2020,CRW,WV,AEA,CE,Combined TRACON& Tower with Radar,6,13,6,0,25,0,0,2,0,2,6,13,8,0,27,0,0,0,27
10/26/2020,CRW,WV,AEA,CE,Combined TRACON& Tower with Radar,6,13,17,15,51,0,0,8,0,8,6,13,25,15,59,0,0,0,59
10/27/2020,CRW,WV,AEA,CE,Combined TRACON& Tower with Radar,6,14,14,15,49,0,3,9,6,18,6,17,23,21,67,12,0,12,79
10/28/2020,CRW,WV,AEA,CE,Combined TRACON& Tower with Radar,6,14,14,23,57,0,0,4,5,9,6,14,18,28,66,30,0,30,96
10/29/2020,CRW,WV,AEA,CE,Combined TRACON& Tower with Radar,6,14,13,0,33,0,0,0,0,0,6,14,13,0,33,0,0,0,33
10/30/2020,CRW,WV,AEA,CE,Combined TRACON& Tower with Radar,6,16,6,0,28,0,1,1,2,4,6,17,7,2,32,0,0,0,32
10/31/2020,CRW,WV,AEA,CE,Combined TRACON& Tower with Radar,4,11,7,0,22,0,3,30,1,34,4,14,37,1,56,0,0,0,56
11/01/2020,CRW,WV,AEA,CE,Combined TRACON& Tower with Radar,8,15,5,0,28,0,0,10,0,10,8,15,15,0,38,0,0,0,38
11/02/2020,CRW,WV,AEA,CE,Combined TRACON& Tower with Radar,6,12,7,3,28,0,0,15,0,15,6,12,22,3,43,0,0,0,43
11/03/2020,CRW,WV,AEA,CE,Combined TRACON& Tower with Radar,6,16,4,19,45,0,0,26,10,36,6,16,30,29,81,16,46,62,143
11/04/2020,CRW,WV,AEA,CE,Combined TRACON& Tower with Radar,4,10,34,5,53,0,0,50,29,79,4,10,84,34,132,54,52,106,238
11/05/2020,CRW,WV,AEA,CE,Combined TRACON& Tower with Radar,6,14,17,14,51,0,0,29,9,38,6,14,46,23,89,4,4,8,97
11/06/2020,CRW,WV,AEA,CE,Combined TRACON& Tower with Radar,6,17,24,9,56,0,2,34,4,40,6,19,58,13,96,0,0,0,96
11/07/2020,CRW,WV,AEA,CE,Combined TRACON& Tower with Radar,6,13,10,2,31,0,5,28,6,39,6,18,38,8,70,8,0,8,78
11/08/2020,CRW,WV,AEA,CE,Combined TRACON& Tower with Radar,8,14,12,11,45,0,2,26,11,39,8,16,38,22,84,0,0,0,84
11/09/2020,CRW,WV,AEA,CE,Combined TRACON& Tower with Radar,6,19,13,15,53,0,9,25,17,51,6,28,38,32,104,30,4,34,138
11/10/2020,CRW,WV,AEA,CE,Combined TRACON& Tower with Radar,4,16,16,15,51,0,1,22,13,36,4,17,38,28,87,4,4,8,95
11/11/2020,CRW,WV,AEA,CE,Combined TRACON& Tower with Radar,4,16,12,2,34,0,1,0,0,1,4,17,12,2,35,0,0,0,35
11/12/2020,CRW,WV,AEA,CE,Combined TRACON& Tower with Radar,8,20,7,9,44,0,0,0,0,0,8,20,7,9,44,0,0,0,44
11/13/2020,CRW,WV,AEA,CE,Combined TRACON& Tower with Radar,6,18,15,1,40,0,0,16,9,25,6,18,31,10,65,28,0,28,93
11/14/2020,CRW,WV,AEA,CE,Combined TRACON& Tower with Radar,6,12,13,0,31,0,2,25,12,39,6,14,38,12,70,12,0,12,82
11/15/2020,CRW,WV,AEA,CE,Combined TRACON& Tower with Radar,8,16,4,0,28,0,0,0,0,0,8,16,4,0,28,0,0,0,28
11/16/2020,CRW,WV,AEA,CE,Combined TRACON& Tower with Radar,6,14,12,1,33,0,0,1,11,12,6,14,13,12,45,0,0,0,45
11/17/2020,CRW,WV,AEA,CE,Combined TRACON& Tower with Radar,4,13,12,5,34,0,0,9,13,22,4,13,21,18,56,8,0,8,64
11/18/2020,CRW,WV,AEA,CE,Combined TRACON& Tower with Radar,4,14,10,15,43,0,1,28,16,45,4,15,38,31,88,50,14,64,152
11/19/2020,CRW,WV,AEA,CE,Combined TRACON& Tower with Radar,6,19,7,1,33,0,0,12,8,20,6,19,19,9,53,0,0,0,53
11/20/2020,CRW,WV,AEA,CE,Combined TRACON& Tower with Radar,6,19,10,8,43,0,2,19,14,35,6,21,29,22,78,0,0,0,78
11/21/2020,CRW,WV,AEA,CE,Combined TRACON& Tower with Radar,6,15,14,2,37,0,0,9,8,17,6,15,23,10,54,0,0,0,54
11/22/2020,CRW,WV,AEA,CE,Combined TRACON& Tower with Radar,8,15,18,3,44,0,0,6,0,6,8,15,24,3,50,0,0,0,50
11/23/2020,CRW,WV,AEA,CE,Combined TRACON& Tower with Radar,4,16,2,0,22,0,1,7,0,8,4,17,9,0,30,10,0,10,40
11/24/2020,CRW,WV,AEA,CE,Combined TRACON& Tower with Radar,6,16,21,0,43,0,0,25,0,25,6,16,46,0,68,5,0,5,73
11/25/2020,CRW,WV,AEA,CE,Combined TRACON& Tower with Radar,6,20,3,0,29,0,0,5,0,5,6,20,8,0,34,42,0,42,76
11/26/2020,CRW,WV,AEA,CE,Combined TRACON& Tower with Radar,0,10,5,0,15,0,0,2,0,2,0,10,7,0,17,0,0,0,17
11/27/2020,CRW,WV,AEA,CE,Combined TRACON& Tower with Radar,4,12,5,0,21,0,0,0,0,0,4,12,5,0,21,0,0,0,21
11/28/2020,CRW,WV,AEA,CE,Combined TRACON& Tower with Radar,6,17,6,0,29,0,0,5,0,5,6,17,11,0,34,0,0,0,34
11/29/2020,CRW,WV,AEA,CE,Combined TRACON& Tower with Radar,6,17,17,0,40,0,2,16,0,18,6,19,33,0,58,0,0,0,58
11/30/2020,CRW,WV,AEA,CE,Combined TRACON& Tower with Radar,6,15,5,2,28,0,0,0,0,0,6,15,5,2,28,0,0,0,28
12/01/2020,CRW,WV,AEA,CE,Combined TRACON& Tower with Radar,7,16,1,3,27,0,0,0,0,0,7,16,1,3,27,0,0,0,27
12/02/2020,CRW,WV,AEA,CE,Combined TRACON& Tower with Radar,7,16,10,7,40,0,2,15,9,26,7,18,25,16,66,10,16,26,92
12/03/2020,CRW,WV,AEA,CE,Combined TRACON& Tower with Radar,6,18,28,9,61,0,0,34,8,42,6,18,62,17,103,11,7,18,121
12/04/2020,CRW,WV,AEA,CE,Combined TRACON& Tower with Radar,6,20,4,9,39,0,0,4,3,7,6,20,8,12,46,0,0,0,46
12/05/2020,CRW,WV,AEA,CE,Combined TRACON& Tower with Radar,4,15,6,2,27,0,0,4,0,4,4,15,10,2,31,10,0,10,41
12/06/2020,CRW,WV,AEA,CE,Combined TRACON& Tower with Radar,6,14,5,0,25,0,0,22,0,22,6,14,27,0,47,14,0,14,61
12/07/2020,CRW,WV,AEA,CE,Combined TRACON& Tower with Radar,6,13,5,3,27,0,0,10,11,21,6,13,15,14,48,0,26,26,74
12/08/2020,CRW,WV,AEA,CE,Combined TRACON& Tower with Radar,4,16,19,12,51,0,7,23,3,33,4,23,42,15,84,6,8,14,98
12/09/2020,CRW,WV,AEA,CE,Combined TRACON& Tower with Radar,4,13,28,3,48,0,12,25,8,45,4,25,53,11,93,0,10,10,103
12/10/2020,CRW,WV,AEA,CE,Combined TRACON& Tower with Radar,6,17,26,6,55,0,2,37,11,50,6,19,63,17,105,52,3,55,160
12/11/2020,CRW,WV,AEA,CE,Combined TRACON& Tower with Radar,6,18,22,2,48,0,0,34,0,34,6,18,56,2,82,26,0,26,108
12/12/2020,CRW,WV,AEA,CE,Combined TRACON& Tower with Radar,4,17,4,2,27,0,1,9,0,10,4,18,13,2,37,0,0,0,37
12/13/2020,CRW,WV,AEA,CE,Combined TRACON& Tower with Radar,6,14,22,0,42,0,0,21,0,21,6,14,43,0,63,10,0,10,73
12/14/2020,CRW,WV,AEA,CE,Combined TRACON& Tower with Radar,6,13,7,7,33,0,0,0,0,0,6,13,7,7,33,0,0,0,33
12/15/2020,CRW,WV,AEA,CE,Combined TRACON& Tower with Radar,5,13,19,8,45,0,6,34,7,47,5,19,53,15,92,42,28,70,162
12/16/2020,CRW,WV,AEA,CE,Combined TRACON& Tower with Radar,4,12,7,0,23,0,0,0,0,0,4,12,7,0,23,0,0,0,23
12/17/2020,CRW,WV,AEA,CE,Combined TRACON& Tower with Radar,6,13,5,0,24,0,0,0,0,0,6,13,5,0,24,0,0,0,24
12/18/2020,CRW,WV,AEA,CE,Combined TRACON& Tower with Radar,6,18,11,16,51,0,0,13,4,17,6,18,24,20,68,6,8,14,82
12/19/2020,CRW,WV,AEA,CE,Combined TRACON& Tower with Radar,6,15,9,0,30,0,0,32,0,32,6,15,41,0,62,2,0,2,64
12/20/2020,CRW,WV,AEA,CE,Combined TRACON& Tower with Radar,4,8,2,2,16,0,0,4,0,4,4,8,6,2,20,0,0,0,20
12/21/2020,CRW,WV,AEA,CE,Combined TRACON& Tower with Radar,6,11,20,8,45,0,0,8,0,8,6,11,28,8,53,0,8,8,61
12/22/2020,CRW,WV,AEA,CE,Combined TRACON& Tower with Radar,6,14,6,2,28,0,2,13,6,21,6,16,19,8,49,8,26,34,83
12/23/2020,CRW,WV,AEA,CE,Combined TRACON& Tower with Radar,6,14,18,0,38,0,0,16,0,16,6,14,34,0,54,0,0,0,54
12/24/2020,CRW,WV,AEA,CE,Combined TRACON& Tower with Radar,5,10,0,0,15,0,0,0,0,0,5,10,0,0,15,0,0,0,15
12/25/2020,CRW,WV,AEA,CE,Combined TRACON& Tower with Radar,3,8,0,0,11,0,0,0,0,0,3,8,0,0,11,0,0,0,11
12/26/2020,CRW,WV,AEA,CE,Combined TRACON& Tower with Radar,6,13,19,0,38,0,0,19,0,19,6,13,38,0,57,0,0,0,57
12/27/2020,CRW,WV,AEA,CE,Combined TRACON& Tower with Radar,6,19,15,0,40,0,2,21,0,23,6,21,36,0,63,26,0,26,89
12/28/2020,CRW,WV,AEA,CE,Combined TRACON& Tower with Radar,6,16,5,3,30,0,0,3,0,3,6,16,8,3,33,0,0,0,33
12/29/2020,CRW,WV,AEA,CE,Combined TRACON& Tower with Radar,6,14,7,0,27,0,0,18,4,22,6,14,25,4,49,20,0,20,69
12/30/2020,CRW,WV,AEA,CE,Combined TRACON& Tower with Radar,6,17,3,2,28,0,1,13,0,14,6,18,16,2,42,16,0,16,58
12/31/2020,CRW,WV,AEA,CE,Combined TRACON& Tower with Radar,6,10,4,0,20,0,0,0,0,0,6,10,4,0,20,0,0,0,20
01/01/2021,CRW,WV,AEA,CE,Combined TRACON& Tower with Radar,4,11,0,0,15,0,0,2,0,2,4,11,2,0,17,0,0,0,17
01/02/2021,CRW,WV,AEA,CE,Combined TRACON& Tower with Radar,6,15,9,0,30,0,1,7,0,8,6,16,16,0,38,8,0,8,46
01/03/2021,CRW,WV,AEA,CE,Combined TRACON& Tower with Radar,6,12,5,0,23,0,0,0,0,0,6,12,5,0,23,0,0,0,23
01/04/2021,CRW,WV,AEA,CE,Combined TRACON& Tower with Radar,8,9,10,0,27,0,1,6,0,7,8,10,16,0,34,0,0,0,34
01/05/2021,CRW,WV,AEA,CE,Combined TRACON& Tower with Radar,5,10,5,0,20,0,0,0,0,0,5,10,5,0,20,0,0,0,20
01/06/2021,CRW,WV,AEA,CE,Combined TRACON& Tower with Radar,6,11,3,8,28,0,0,0,0,0,6,11,3,8,28,0,2,2,30
01/07/2021,CRW,WV,AEA,CE,Combined TRACON& Tower with Radar,8,16,8,4,36,0,0,16,4,20,8,16,24,8,56,4,0,4,60
01/08/2021,CRW,WV,AEA,CE,Combined TRACON& Tower with Radar,8,12,18,2,40,0,0,11,0,11,8,12,29,2,51,14,0,14,65
01/09/2021,CRW,WV,AEA,CE,Combined TRACON& Tower with Radar,6,13,5,6,30,0,0,7,1,8,6,13,12,7,38,12,0,12,50
01/10/2021,CRW,WV,AEA,CE,Combined TRACON& Tower with Radar,8,10,33,4,55,0,1,53,1,55,8,11,86,5,110,0,0,0,110
01/11/2021,CRW,WV,AEA,CE,Combined TRACON& Tower with Radar,8,9,9,19,45,0,2,20,9,31,8,11,29,28,76,18,54,72,148
01/12/2021,CRW,WV,AEA,CE,Combined TRACON& Tower with Radar,6,10,10,10,36,0,2,19,3,24,6,12,29,13,60,66,20,86,146
01/13/2021,CRW,WV,AEA,CE,Combined TRACON& Tower with Radar,6,12,27,18,63,0,2,46,7,55,6,14,73,25,118,0,14,14,132
01/14/2021,CRW,WV,AEA,CE,Combined TRACON& Tower with Radar,8,13,32,13,66,0,6,28,4,38,8,19,60,17,104,0,0,0,104
01/15/2021,CRW,WV,AEA,CE,Combined TRACON& Tower with Radar,8,17,7,10,42,0,0,2,0,2,8,17,9,10,44,0,0,0,44
01/16/2021,CRW,WV,AEA,CE,Combined TRACON& Tower with Radar,6,7,1,3,17,0,0,2,0,2,6,7,3,3,19,0,0,0,19
01/17/2021,CRW,WV,AEA,CE,Combined TRACON& Tower with Radar,8,10,1,2,21,0,0,3,0,3,8,10,4,2,24,0,0,0,24
01/18/2021,CRW,WV,AEA,CE,Combined TRACON& Tower with Radar,8,13,6,2,29,0,1,4,0,5,8,14,10,2,34,0,0,0,34
01/19/2021,CRW,WV,AEA,CE,Combined TRACON& Tower with Radar,6,18,5,4,33,0,0,1,0,1,6,18,6,4,34,0,0,0,34
01/20/2021,CRW,WV,AEA,CE,Combined TRACON& Tower with Radar,6,14,25,6,51,0,2,15,1,18,6,16,40,7,69,26,0,26,95
01/21/2021,CRW,WV,AEA,CE,Combined TRACON& Tower with Radar,8,17,7,21,53,0,0,8,8,16,8,17,15,29,69,18,18,36,105
01/22/2021,CRW,WV,AEA,CE,Combined TRACON& Tower with Radar,8,17,17,6,48,0,1,17,1,19,8,18,34,7,67,3,0,3,70
01/23/2021,CRW,WV,AEA,CE,Combined TRACON& Tower with Radar,6,12,13,0,31,0,0,35,0,35,6,12,48,0,66,58,0,58,124
01/24/2021,CRW,WV,AEA,CE,Combined TRACON& Tower with Radar,8,10,16,3,37,0,0,8,1,9,8,10,24,4,46,16,0,16,62
01/25/2021,CRW,WV,AEA,CE,Combined TRACON& Tower with Radar,12,10,0,2,24,0,0,0,0,0,12,10,0,2,24,0,0,0,24
01/26/2021,CRW,WV,AEA,CE,Combined TRACON& Tower with Radar,6,18,7,17,48,0,0,7,6,13,6,18,14,23,61,8,4,12,73
01/27/2021,CRW,WV,AEA,CE,Combined TRACON& Tower with Radar,6,12,10,17,45,0,2,18,7,27,6,14,28,24,72,19,14,33,105
01/28/2021,CRW,WV,AEA,CE,Combined TRACON& Tower with Radar,4,18,3,12,37,0,0,2,0,2,4,18,5,12,39,0,0,0,39
01/29/2021,CRW,WV,AEA,CE,Combined TRACON& Tower with Radar,8,12,8,13,41,0,2,38,5,45,8,14,46,18,86,37,0,37,123
01/30/2021,CRW,WV,AEA,CE,Combined TRACON& Tower with Radar,6,11,27,9,53,0,0,45,0,45,6,11,72,9,98,57,0,57,155
01/31/2021,CRW,WV,AEA,CE,Combined TRACON& Tower with Radar,8,12,1,1,22,0,0,0,0,0,8,12,1,1,22,0,0,0,22
02/01/2021,CRW,WV,AEA,CE,Combined TRACON& Tower with Radar,8,9,4,0,21,0,0,0,0,0,8,9,4,0,21,0,0,0,21
02/02/2021,CRW,WV,AEA,CE,Combined TRACON& Tower with Radar,2,10,3,1,16,0,0,3,0,3,2,10,6,1,19,0,0,0,19
02/03/2021,CRW,WV,AEA,CE,Combined TRACON& Tower with Radar,6,12,7,40,65,0,5,28,7,40,6,17,35,47,105,48,16,64,169
02/04/2021,CRW,WV,AEA,CE,Combined TRACON& Tower with Radar,8,18,7,8,41,0,4,25,3,32,8,22,32,11,73,0,10,10,83
02/05/2021,CRW,WV,AEA,CE,Combined TRACON& Tower with Radar,8,18,1,13,40,0,0,11,11,22,8,18,12,24,62,10,20,30,92
02/06/2021,CRW,WV,AEA,CE,Combined TRACON& Tower with Radar,6,12,5,0,23,0,2,20,2,24,6,14,25,2,47,16,0,16,63
02/07/2021,CRW,WV,AEA,CE,Combined TRACON& Tower with Radar,8,12,4,6,30,0,0,10,1,11,8,12,14,7,41,20,0,20,61
02/08/2021,CRW,WV,AEA,CE,Combined TRACON& Tower with Radar,8,11,13,16,48,0,0,27,0,27,8,11,40,16,75,12,8,20,95
02/09/2021,CRW,WV,AEA,CE,Combined TRACON& Tower with Radar,6,13,8,4,31,0,6,6,3,15,6,19,14,7,46,32,0,32,78
02/10/2021,CRW,WV,AEA,CE,Combined TRACON& Tower with Radar,5,10,5,9,29,0,0,0,0,0,5,10,5,9,29,0,0,0,29
02/11/2021,CRW,WV,AEA,CE,Combined TRACON& Tower with Radar,12,21,4,0,37,0,0,2,0,2,12,21,6,0,39,0,0,0,39
02/12/2021,CRW,WV,AEA,CE,Combined TRACON& Tower with Radar,11,13,1,0,25,0,0,0,0,0,11,13,1,0,25,0,0,0,25
02/13/2021,CRW,WV,AEA,CE,Combined TRACON& Tower with Radar,2,8,0,0,10,0,0,0,0,0,2,8,0,0,10,0,0,0,10
02/14/2021,CRW,WV,AEA,CE,Combined TRACON& Tower with Radar,5,6,3,0,14,0,0,0,0,0,5,6,3,0,14,0,0,0,14
02/15/2021,CRW,WV,AEA,CE,Combined TRACON& Tower with Radar,2,8,0,0,10,0,0,0,0,0,2,8,0,0,10,0,0,0,10
02/16/2021,CRW,WV,AEA,CE,Combined TRACON& Tower with Radar,2,10,2,0,14,0,0,1,0,1,2,10,3,0,15,0,0,0,15
02/17/2021,CRW,WV,AEA,CE,Combined TRACON& Tower with Radar,6,24,17,20,67,0,0,24,1,25,6,24,41,21,92,22,0,22,114
02/18/2021,CRW,WV,AEA,CE,Combined TRACON& Tower with Radar,10,19,2,0,31,0,0,0,0,0,10,19,2,0,31,0,0,0,31
02/19/2021,CRW,WV,AEA,CE,Combined TRACON& Tower with Radar,11,18,4,0,33,0,0,0,0,0,11,18,4,0,33,0,0,0,33
02/20/2021,CRW,WV,AEA,CE,Combined TRACON& Tower with Radar,9,13,0,0,22,0,3,24,0,27,9,16,24,0,49,10,0,10,59
02/21/2021,CRW,WV,AEA,CE,Combined TRACON& Tower with Radar,11,11,31,0,53,0,2,42,0,44,11,13,73,0,97,0,0,0,97
02/22/2021,CRW,WV,AEA,CE,Combined TRACON& Tower with Radar,10,14,2,0,26,0,0,0,0,0,10,14,2,0,26,44,0,44,70
02/23/2021,CRW,WV,AEA,CE,Combined TRACON& Tower with Radar,10,12,12,8,42,0,2,17,2,21,10,14,29,10,63,0,0,0,63
02/24/2021,CRW,WV,AEA,CE,Combined TRACON& Tower with Radar,8,10,10,12,40,0,0,21,8,29,8,10,31,20,69,0,0,0,69
02/25/2021,CRW,WV,AEA,CE,Combined TRACON& Tower with Radar,12,16,27,14,69,0,1,36,10,47,12,17,63,24,116,10,26,36,152
02/26/2021,CRW,WV,AEA,CE,Combined TRACON& Tower with Radar,12,14,22,4,52,0,0,28,2,30,12,14,50,6,82,6,0,6,88
02/27/2021,CRW,WV,AEA,CE,Combined TRACON& Tower with Radar,8,11,9,2,30,0,0,5,1,6,8,11,14,3,36,7,0,7,43
02/28/2021,CRW,WV,AEA,CE,Combined TRACON& Tower with Radar,15,10,3,0,28,0,0,1,0,1,15,10,4,0,29,0,0,0,29
03/01/2021,CRW,WV,AEA,CE,Combined TRACON& Tower with Radar,12,13,0,2,27,0,0,3,0,3,12,13,3,2,30,0,0,0,30
03/02/2021,CRW,WV,AEA,CE,Combined TRACON& Tower with Radar,14,10,9,16,49,0,0,36,10,46,14,10,45,26,95,19,26,45,140
03/03/2021,CRW,WV,AEA,CE,Combined TRACON& Tower with Radar,13,6,11,30,60,0,2,31,22,55,13,8,42,52,115,0,36,36,151
03/04/2021,CRW,WV,AEA,CE,Combined TRACON& Tower with Radar,18,9,8,10,45,0,0,25,5,30,18,9,33,15,75,0,0,0,75
03/05/2021,CRW,WV,AEA,CE,Combined TRACON& Tower with Radar,16,9,11,19,55,0,0,40,6,46,16,9,51,25,101,0,3,3,104
03/06/2021,CRW,WV,AEA,CE,Combined TRACON& Tower with Radar,16,7,18,0,41,0,0,31,4,35,16,7,49,4,76,19,0,19,95
03/07/2021,CRW,WV,AEA,CE,Combined TRACON& Tower with Radar,16,8,18,8,50,0,2,30,1,33,16,10,48,9,83,8,0,8,91
03/08/2021,CRW,WV,AEA,CE,Combined TRACON& Tower with Radar,16,5,12,13,46,0,2,36,2,40,16,7,48,15,86,0,0,0,86
03/09/2021,CRW,WV,AEA,CE,Combined TRACON& Tower with Radar,16,11,14,0,41,0,3,43,3,49,16,14,57,3,90,18,0,18,108
03/10/2021,CRW,WV,AEA,CE,Combined TRACON& Tower with Radar,14,6,21,20,61,0,0,18,3,21,14,6,39,23,82,0,0,0,82
03/11/2021,CRW,WV,AEA,CE,Combined TRACON& Tower with Radar,18,8,20,10,56,0,1,27,4,32,18,9,47,14,88,0,0,0,88
03/12/2021,CRW,WV,AEA,CE,Combined TRACON& Tower with Radar,16,16,9,0,41,0,0,0,0,0,16,16,9,0,41,0,0,0,41
03/13/2021,CRW,WV,AEA,CE,Combined TRACON& Tower with Radar,15,8,18,0,41,0,5,25,0,30,15,13,43,0,71,15,0,15,86
03/14/2021,CRW,WV,AEA,CE,Combined TRACON& Tower with Radar,16,6,14,4,40,0,0,23,0,23,16,6,37,4,63,36,0,36,99
03/15/2021,CRW,WV,AEA,CE,Combined TRACON& Tower with Radar,16,5,9,5,35,0,0,20,4,24,16,5,29,9,59,45,4,49,108
03/16/2021,CRW,WV,AEA,CE,Combined TRACON& Tower with Radar,16,7,19,9,51,0,9,19,2,30,16,16,38,11,81,69,10,79,160
03/17/2021,CRW,WV,AEA,CE,Combined TRACON& Tower with Radar,14,9,25,1,49,0,0,29,6,35,14,9,54,7,84,27,4,31,115
03/18/2021,CRW,WV,AEA,CE,Combined TRACON& Tower with Radar,17,14,4,4,39,0,0,0,1,1,17,14,4,5,40,0,0,0,40
03/19/2021,CRW,WV,AEA,CE,Combined TRACON& Tower with Radar,17,10,7,11,45,0,0,12,0,12,17,10,19,11,57,6,0,6,63
03/20/2021,CRW,WV,AEA,CE,Combined TRACON& Tower with Radar,17,8,16,0,41,0,1,46,0,47,17,9,62,0,88,85,0,85,173
03/21/2021,CRW,WV,AEA,CE,Combined TRACON& Tower with Radar,16,10,10,0,36,0,1,18,0,19,16,11,28,0,55,110,0,110,165
03/22/2021,CRW,WV,AEA,CE,Combined TRACON& Tower with Radar,16,8,12,1,37,0,0,37,0,37,16,8,49,1,74,0,0,0,74
03/23/2021,CRW,WV,AEA,CE,Combined TRACON& Tower with Radar,19,10,18,6,53,0,1,14,9,24,19,11,32,15,77,0,17,17,94
03/24/2021,CRW,WV,AEA,CE,Combined TRACON& Tower with Radar,15,8,18,20,61,0,2,17,9,28,15,10,35,29,89,25,26,51,140
03/25/2021,CRW,WV,AEA,CE,Combined TRACON& Tower with Radar,18,7,19,3,47,0,2,7,3,12,18,9,26,6,59,0,0,0,59
03/26/2021,CRW,WV,AEA,CE,Combined TRACON& Tower with Radar,18,9,15,6,48,0,1,11,0,12,18,10,26,6,60,0,0,0,60
03/27/2021,CRW,WV,AEA,CE,Combined TRACON& Tower with Radar,16,7,12,0,35,0,1,20,0,21,16,8,32,0,56,0,0,0,56
03/28/2021,CRW,WV,AEA,CE,Combined TRACON& Tower with Radar,15,7,4,0,26,0,0,0,0,0,15,7,4,0,26,10,0,10,36
03/29/2021,CRW,WV,AEA,CE,Combined TRACON& Tower with Radar,17,10,6,6,39,0,0,29,0,29,17,10,35,6,68,16,10,26,94
03/30/2021,CRW,WV,AEA,CE,Combined TRACON& Tower with Radar,16,7,17,25,65,0,1,32,1,34,16,8,49,26,99,6,17,23,122
03/31/2021,CRW,WV,AEA,CE,Combined TRACON& Tower with Radar,14,6,4,22,46,0,0,4,0,4,14,6,8,22,50,0,0,0,50
04/01/2021,CRW,WV,AEA,CE,Combined TRACON& Tower with Radar,18,13,11,8,50,0,4,9,10,23,18,17,20,18,73,24,0,24,97
04/02/2021,CRW,WV,AEA,CE,Combined TRACON& Tower with Radar,16,9,6,2,33,0,2,19,19,40,16,11,25,21,73,32,0,32,105
04/03/2021,CRW,WV,AEA,CE,Combined TRACON& Tower with Radar,16,7,14,2,39,0,3,36,10,49,16,10,50,12,88,30,15,45,133
04/04/2021,CRW,WV,AEA,CE,Combined TRACON& Tower with Radar,17,4,10,1,32,0,1,21,11,33,17,5,31,12,65,44,0,44,109
04/05/2021,CRW,WV,AEA,CE,Combined TRACON& Tower with Radar,17,11,19,6,53,0,4,45,15,64,17,15,64,21,117,46,0,46,163
04/06/2021,CRW,WV,AEA,CE,Combined TRACON& Tower with Radar,18,8,24,12,62,0,2,50,12,64,18,10,74,24,126,36,0,36,162
04/07/2021,CRW,WV,AEA,CE,Combined TRACON& Tower with Radar,16,9,23,13,61,0,5,30,7,42,16,14,53,20,103,14,10,24,127
04/08/2021,CRW,WV,AEA,CE,Combined TRACON& Tower with Radar,18,12,5,5,40,0,2,11,2,15,18,14,16,7,55,20,8,28,83
04/09/2021,CRW,WV,AEA,CE,Combined TRACON& Tower with Radar,16,9,17,8,50,0,0,26,4,30,16,9,43,12,80,0,0,0,80
04/10/2021,CRW,WV,AEA,CE,Combined TRACON& Tower with Radar,16,11,14,0,41,0,0,15,2,17,16,11,29,2,58,4,0,4,62
04/11/2021,CRW,WV,AEA,CE,Combined TRACON& Tower with Radar,16,8,8,17,49,0,6,5,1,12,16,14,13,18,61,31,0,31,92
04/12/2021,CRW,WV,AEA,CE,Combined TRACON& Tower with Radar,16,7,16,11,50,0,0,11,3,14,16,7,27,14,64,27,8,35,99
04/13/2021,CRW,WV,AEA,CE,Combined TRACON& Tower with Radar,17,8,24,18,67,0,0,47,6,53,17,8,71,24,120,0,0,0,120
04/14/2021,CRW,WV,AEA,CE,Combined TRACON& Tower with Radar,17,11,13,5,46,0,0,5,0,5,17,11,18,5,51,0,0,0,51
04/15/2021,CRW,WV,AEA,CE,Combined TRACON& Tower with Radar,19,11,25,7,62,0,0,19,1,20,19,11,44,8,82,0,0,0,82
04/16/2021,CRW,WV,AEA,CE,Combined TRACON& Tower with Radar,16,9,7,2,34,0,7,18,2,27,16,16,25,4,61,68,0,68,129
04/17/2021,CRW,WV,AEA,CE,Combined TRACON& Tower with Radar,14,8,15,18,55,0,2,39,0,41,14,10,54,18,96,36,10,46,142
04/18/2021,CRW,WV,AEA,CE,Combined TRACON& Tower with Radar,18,5,15,1,39,0,5,29,0,34,18,10,44,1,73,81,0,81,154
04/19/2021,CRW,WV,AEA,CE,Combined TRACON& Tower with Radar,16,6,25,12,59,0,0,32,2,34,16,6,57,14,93,14,0,14,107
04/20/2021,CRW,WV,AEA,CE,Combined TRACON& Tower with Radar,18,6,14,30,68,0,0,22,4,26,18,6,36,34,94,46,2,48,142
04/21/2021,CRW,WV,AEA,CE,Combined TRACON& Tower with Radar,16,8,11,2,37,0,0,0,2,2,16,8,11,4,39,0,0,0,39
04/22/2021,CRW,WV,AEA,CE,Combined TRACON& Tower with Radar,18,9,16,8,51,0,2,15,5,22,18,11,31,13,73,4,22,26,99
04/23/2021,CRW,WV,AEA,CE,Combined TRACON& Tower with Radar,16,15,22,4,57,0,2,25,0,27,16,17,47,4,84,0,0,0,84
04/24/2021,CRW,WV,AEA,CE,Combined TRACON& Tower with Radar,14,9,15,0,38,0,0,9,0,9,14,9,24,0,47,0,0,0,47
04/25/2021,CRW,WV,AEA,CE,Combined TRACON& Tower with Radar,18,6,15,8,47,0,9,4,0,13,18,15,19,8,60,48,0,48,108
04/26/2021,CRW,WV,AEA,CE,Combined TRACON& Tower with Radar,18,8,18,0,44,0,3,25,0,28,18,11,43,0,72,77,0,77,149
04/27/2021,CRW,WV,AEA,CE,Combined TRACON& Tower with Radar,18,12,10,13,53,0,0,27,4,31,18,12,37,17,84,19,14,33,117
04/28/2021,CRW,WV,AEA,CE,Combined TRACON& Tower with Radar,15,9,16,9,49,0,9,14,15,38,15,18,30,24,87,38,18,56,143
04/29/2021,CRW,WV,AEA,CE,Combined TRACON& Tower with Radar,19,12,20,7,58,0,0,6,0,6,19,12,26,7,64,0,0,0,64
04/30/2021,CRW,WV,AEA,CE,Combined TRACON& Tower with Radar,18,11,17,4,50,0,1,8,6,15,18,12,25,10,65,0,22,22,87
05/01/2021,CRW,WV,AEA,CE,Combined TRACON& Tower with Radar,14,10,11,0,35,0,4,46,4,54,14,14,57,4,89,60,0,60,149
05/02/2021,CRW,WV,AEA,CE,Combined TRACON& Tower with Radar,19,7,23,7,56,0,1,16,2,19,19,8,39,9,75,66,0,66,141
05/03/2021,CRW,WV,AEA,CE,Combined TRACON& Tower with Radar,15,8,13,0,36,0,0,8,0,8,15,8,21,0,44,0,0,0,44
05/04/2021,CRW,WV,AEA,CE,Combined TRACON& Tower with Radar,18,8,12,16,54,0,2,17,2,21,18,10,29,18,75,16,10,26,101
05/05/2021,CRW,WV,AEA,CE,Combined TRACON& Tower with Radar,17,6,23,9,55,0,0,5,0,5,17,6,28,9,60,6,0,6,66
05/06/2021,CRW,WV,AEA,CE,Combined TRACON& Tower with Radar,20,14,15,3,52,0,2,70,1,73,20,16,85,4,125,48,0,48,173
05/07/2021,CRW,WV,AEA,CE,Combined TRACON& Tower with Radar,16,12,13,2,43,0,2,10,2,14,16,14,23,4,57,4,0,4,61
05/08/2021,CRW,WV,AEA,CE,Combined TRACON& Tower with Radar,14,8,18,2,42,0,0,45,1,46,14,8,63,3,88,24,0,24,112
05/09/2021,CRW,WV,AEA,CE,Combined TRACON& Tower with Radar,20,5,7,0,32,0,1,2,0,3,20,6,9,0,35,2,0,2,37
05/10/2021,CRW,WV,AEA,CE,Combined TRACON& Tower with Radar,16,7,21,5,49,0,2,16,0,18,16,9,37,5,67,0,0,0,67
05/11/2021,CRW,WV,AEA,CE,Combined TRACON& Tower with Radar,18,6,20,7,51,0,3,37,9,49,18,9,57,16,100,0,0,0,100
05/12/2021,CRW,WV,AEA,CE,Combined TRACON& Tower with Radar,16,12,15,2,45,0,0,26,17,43,16,12,41,19,88,18,43,61,149
05/13/2021,CRW,WV,AEA,CE,Combined TRACON& Tower with Radar,20,9,35,3,67,0,1,38,4,43,20,10,73,7,110,0,0,0,110
05/14/2021,CRW,WV,AEA,CE,Combined TRACON& Tower with Radar,16,8,17,2,43,0,2,47,1,50,16,10,64,3,93,0,0,0,93
05/15/2021,CRW,WV,AEA,CE,Combined TRACON& Tower with Radar,14,9,33,8,64,0,3,43,0,46,14,12,76,8,110,0,0,0,110
05/16/2021,CRW,WV,AEA,CE,Combined TRACON& Tower with Radar,22,9,13,1,45,0,7,28,0,35,22,16,41,1,80,40,0,40,120
05/17/2021,CRW,WV,AEA,CE,Combined TRACON& Tower with Radar,16,15,21,3,55,0,0,8,0,8,16,15,29,3,63,0,0,0,63
05/18/2021,CRW,WV,AEA,CE,Combined TRACON& Tower with Radar,18,9,19,3,49,0,1,31,7,39,18,10,50,10,88,24,0,24,112
05/19/2021,CRW,WV,AEA,CE,Combined TRACON& Tower with Radar,15,15,21,8,59,0,0,32,2,34,15,15,53,10,93,0,0,0,93
05/20/2021,CRW,WV,AEA,CE,Combined TRACON& Tower with Radar,20,10,26,2,58,0,4,27,3,34,20,14,53,5,92,0,0,0,92
05/21/2021,CRW,WV,AEA,CE,Combined TRACON& Tower with Radar,16,8,12,6,42,0,4,19,4,27,16,12,31,10,69,0,0,0,69
05/22/2021,CRW,WV,AEA,CE,Combined TRACON& Tower with Radar,14,13,16,8,51,0,1,32,7,40,14,14,48,15,91,0,0,0,91
05/23/2021,CRW,WV,AEA,CE,Combined TRACON& Tower with Radar,20,6,9,1,36,0,1,32,2,35,20,7,41,3,71,24,0,24,95
05/24/2021,CRW,WV,AEA,CE,Combined TRACON& Tower with Radar,16,7,21,9,53,0,0,29,4,33,16,7,50,13,86,36,4,40,126
05/25/2021,CRW,WV,AEA,CE,Combined TRACON& Tower with Radar,19,14,31,16,80,0,1,17,0,18,19,15,48,16,98,0,0,0,98
05/26/2021,CRW,WV,AEA,CE,Combined TRACON& Tower with Radar,17,10,9,3,39,0,0,12,0,12,17,10,21,3,51,0,0,0,51
05/27/2021,CRW,WV,AEA,CE,Combined TRACON& Tower with Radar,19,10,24,3,56,0,2,21,4,27,19,12,45,7,83,0,0,0,83
05/28/2021,CRW,WV,AEA,CE,Combined TRACON& Tower with Radar,19,11,11,3,44,0,1,13,0,14,19,12,24,3,58,26,0,26,84
05/29/2021,CRW,WV,AEA,CE,Combined TRACON& Tower with Radar,14,11,10,0,35,0,0,0,0,0,14,11,10,0,35,0,0,0,35
05/30/2021,CRW,WV,AEA,CE,Combined TRACON& Tower with Radar,17,6,12,0,35,0,0,0,0,0,17,6,12,0,35,0,0,0,35
05/31/2021,CRW,WV,AEA,CE,Combined TRACON& Tower with Radar,17,9,31,0,57,0,1,45,0,46,17,10,76,0,103,0,0,0,103
06/01/2021,CRW,WV,AEA,CE,Combined TRACON& Tower with Radar,20,8,26,12,66,0,0,37,1,38,20,8,63,13,104,12,0,12,116
06/02/2021,CRW,WV,AEA,CE,Combined TRACON& Tower with Radar,18,9,22,9,58,0,0,21,7,28,18,9,43,16,86,17,18,35,121
06/03/2021,CRW,WV,AEA,CE,Combined TRACON& Tower with Radar,18,11,24,6,59,0,2,7,9,18,18,13,31,15,77,40,19,59,136
06/04/2021,CRW,WV,AEA,CE,Combined TRACON& Tower with Radar,20,9,23,12,64,0,0,23,5,28,20,9,46,17,92,22,4,26,118
06/05/2021,CRW,WV,AEA,CE,Combined TRACON& Tower with Radar,10,11,13,1,35,0,4,17,3,24,10,15,30,4,59,0,0,0,59
06/06/2021,CRW,WV,AEA,CE,Combined TRACON& Tower with Radar,21,6,10,10,47,0,4,8,2,14,21,10,18,12,61,20,0,20,81
06/07/2021,CRW,WV,AEA,CE,Combined TRACON& Tower with Radar,17,7,7,7,38,0,4,12,4,20,17,11,19,11,58,30,0,30,88
06/08/2021,CRW,WV,AEA,CE,Combined TRACON& Tower with Radar,22,19,18,12,71,0,3,4,4,11,22,22,22,16,82,4,12,16,98
06/09/2021,CRW,WV,AEA,CE,Combined TRACON& Tower with Radar,22,10,11,12,55,0,0,0,0,0,22,10,11,12,55,0,0,0,55
06/10/2021,CRW,WV,AEA,CE,Combined TRACON& Tower with Radar,19,12,15,1,47,0,1,7,0,8,19,13,22,1,55,0,0,0,55
06/11/2021,CRW,WV,AEA,CE,Combined TRACON& Tower with Radar,17,14,25,2,58,0,0,2,0,2,17,14,27,2,60,0,0,0,60
06/12/2021,CRW,WV,AEA,CE,Combined TRACON& Tower with Radar,12,11,23,3,49,0,0,14,0,14,12,11,37,3,63,38,0,38,101
06/13/2021,CRW,WV,AEA,CE,Combined TRACON& Tower with Radar,21,8,16,2,47,0,0,20,2,22,21,8,36,4,69,10,0,10,79
06/14/2021,CRW,WV,AEA,CE,Combined TRACON& Tower with Radar,21,6,31,1,59,0,0,34,1,35,21,6,65,2,94,0,0,0,94
06/15/2021,CRW,WV,AEA,CE,Combined TRACON& Tower with Radar,21,14,38,4,77,0,1,34,2,37,21,15,72,6,114,32,0,32,146
06/16/2021,CRW,WV,AEA,CE,Combined TRACON& Tower with Radar,18,10,20,3,51,0,3,35,13,51,18,13,55,16,102,45,30,75,177
06/17/2021,CRW,WV,AEA,CE,Combined TRACON& Tower with Radar,22,9,18,9,58,0,0,31,3,34,22,9,49,12,92,43,0,43,135
06/18/2021,CRW,WV,AEA,CE,Combined TRACON& Tower with Radar,18,11,17,4,50,0,0,28,0,28,18,11,45,4,78,28,0,28,106
06/19/2021,CRW,WV,AEA,CE,Combined TRACON& Tower with Radar,11,9,9,0,29,0,0,9,0,9,11,9,18,0,38,32,0,32,70
06/20/2021,CRW,WV,AEA,CE,Combined TRACON& Tower with Radar,23,6,25,0,54,0,3,32,0,35,23,9,57,0,89,38,0,38,127
06/21/2021,CRW,WV,AEA,CE,Combined TRACON& Tower with Radar,23,8,15,0,46,0,0,7,1,8,23,8,22,1,54,0,0,0,54
06/22/2021,CRW,WV,AEA,CE,Combined TRACON& Tower with Radar,21,10,32,5,68,0,2,24,9,35,21,12,56,14,103,2,0,2,105
06/23/2021,CRW,WV,AEA,CE,Combined TRACON& Tower with Radar,17,11,19,8,55,0,2,35,28,65,17,13,54,36,120,30,48,78,198
06/24/2021,CRW,WV,AEA,CE,Combined TRACON& Tower with Radar,22,12,24,3,61,0,1,33,11,45,22,13,57,14,106,26,36,62,168
06/25/2021,CRW,WV,AEA,CE,Combined TRACON& Tower with Radar,18,12,19,1,50,0,0,26,1,27,18,12,45,2,77,33,0,33,110
06/26/2021,CRW,WV,AEA,CE,Combined TRACON& Tower with Radar,11,13,38,10,72,0,1,43,0,44,11,14,81,10,116,12,0,12,128
06/27/2021,CRW,WV,AEA,CE,Combined TRACON& Tower with Radar,23,4,10,3,40,0,0,29,0,29,23,4,39,3,69,64,0,64,133
06/28/2021,CRW,WV,AEA,CE,Combined TRACON& Tower with Radar,19,6,15,0,40,0,1,33,0,34,19,7,48,0,74,24,0,24,98
06/29/2021,CRW,WV,AEA,CE,Combined TRACON& Tower with Radar,19,13,18,1,51,0,4,48,5,57,19,17,66,6,108,63,0,63,171
06/30/2021,CRW,WV,AEA,CE,Combined TRACON& Tower with Radar,17,8,8,3,36,0,1,8,1,10,17,9,16,4,46,0,0,0,46
07/01/2021,CRW,WV,AEA,CE,Combined TRACON& Tower with Radar,20,8,1,10,39,0,0,0,0,0,20,8,1,10,39,0,0,0,39
07/02/2021,CRW,WV,AEA,CE,Combined TRACON& Tower with Radar,20,8,15,0,43,0,3,28,0,31,20,11,43,0,74,20,0,20,94
07/03/2021,CRW,WV,AEA,CE,Combined TRACON& Tower with Radar,10,13,17,0,40,0,1,32,0,33,10,14,49,0,73,32,0,32,105
07/04/2021,CRW,WV,AEA,CE,Combined TRACON& Tower with Radar,16,4,2,0,22,0,1,6,0,7,16,5,8,0,29,5,0,5,34
07/05/2021,CRW,WV,AEA,CE,Combined TRACON& Tower with Radar,17,5,11,0,33,0,0,33,0,33,17,5,44,0,66,40,0,40,106
07/06/2021,CRW,WV,AEA,CE,Combined TRACON& Tower with Radar,17,12,19,2,50,0,2,35,3,40,17,14,54,5,90,26,0,26,116
07/07/2021,CRW,WV,AEA,CE,Combined TRACON& Tower with Radar,15,8,11,12,46,0,5,22,0,27,15,13,33,12,73,38,0,38,111
07/08/2021,CRW,WV,AEA,CE,Combined TRACON& Tower with Radar,18,8,21,14,61,0,0,13,6,19,18,8,34,20,80,6,16,22,102
07/09/2021,CRW,WV,AEA,CE,Combined TRACON& Tower with Radar,16,14,16,3,49,0,0,28,0,28,16,14,44,3,77,50,0,50,127
07/10/2021,CRW,WV,AEA,CE,Combined TRACON& Tower with Radar,8,14,21,2,45,0,5,33,3,41,8,19,54,5,86,34,0,34,120
07/11/2021,CRW,WV,AEA,CE,Combined TRACON& Tower with Radar,21,4,6,0,31,0,0,2,1,3,21,4,8,1,34,22,0,22,56
07/12/2021,CRW,WV,AEA,CE,Combined TRACON& Tower with Radar,14,7,18,11,50,0,3,30,0,33,14,10,48,11,83,26,0,26,109
07/13/2021,CRW,WV,AEA,CE,Combined TRACON& Tower with Radar,17,9,21,3,50,0,0,22,5,27,17,9,43,8,77,28,0,28,105
07/14/2021,CRW,WV,AEA,CE,Combined TRACON& Tower with Radar,16,11,17,3,47,0,2,17,3,22,16,13,34,6,69,15,0,15,84
07/15/2021,CRW,WV,AEA,CE,Combined TRACON& Tower with Radar,20,12,19,9,60,0,3,56,16,75,20,15,75,25,135,74,22,96,231
07/16/2021,CRW,WV,AEA,CE,Combined TRACON& Tower with Radar,16,13,18,3,50,0,1,35,13,49,16,14,53,16,99,8,0,8,107
07/17/2021,CRW,WV,AEA,CE,Combined TRACON& Tower with Radar,9,10,9,4,32,0,0,9,5,14,9,10,18,9,46,20,0,20,66
07/18/2021,CRW,WV,AEA,CE,Combined TRACON& Tower with Radar,23,4,9,7,43,0,2,23,3,28,23,6,32,10,71,20,0,20,91
07/19/2021,CRW,WV,AEA,CE,Combined TRACON& Tower with Radar,18,6,25,11,60,0,2,28,11,41,18,8,53,22,101,12,0,12,113
07/20/2021,CRW,WV,AEA,CE,Combined TRACON& Tower with Radar,20,8,25,6,59,0,6,30,11,47,20,14,55,17,106,29,0,29,135
07/21/2021,CRW,WV,AEA,CE,Combined TRACON& Tower with Radar,17,13,25,18,73,0,0,21,19,40,17,13,46,37,113,19,35,54,167
07/22/2021,CRW,WV,AEA,CE,Combined TRACON& Tower with Radar,21,10,32,21,84,0,2,26,30,58,21,12,58,51,142,14,22,36,178
07/23/2021,CRW,WV,AEA,CE,Combined TRACON& Tower with Radar,19,11,28,13,71,0,2,28,13,43,19,13,56,26,114,0,0,0,114
07/24/2021,CRW,WV,AEA,CE,Combined TRACON& Tower with Radar,10,10,18,2,40,0,0,19,0,19,10,10,37,2,59,12,0,12,71
07/25/2021,CRW,WV,AEA,CE,Combined TRACON& Tower with Radar,21,9,12,0,42,0,0,6,0,6,21,9,18,0,48,18,0,18,66
07/26/2021,CRW,WV,AEA,CE,Combined TRACON& Tower with Radar,14,6,13,0,33,0,0,14,2,16,14,6,27,2,49,0,0,0,49
07/27/2021,CRW,WV,AEA,CE,Combined TRACON& Tower with Radar,22,10,20,8,60,0,0,31,10,41,22,10,51,18,101,10,17,27,128
07/28/2021,CRW,WV,AEA,CE,Combined TRACON& Tower with Radar,18,12,31,9,70,0,1,27,4,32,18,13,58,13,102,10,0,10,112
07/29/2021,CRW,WV,AEA,CE,Combined TRACON& Tower with Radar,20,20,18,8,66,0,7,23,8,38,20,27,41,16,104,25,0,25,129
07/30/2021,CRW,WV,AEA,CE,Combined TRACON& Tower with Radar,18,8,19,13,58,0,1,15,7,23,18,9,34,20,81,10,0,10,91
07/31/2021,CRW,WV,AEA,CE,Combined TRACON& Tower with Radar,13,11,15,0,39,0,0,20,0,20,13,11,35,0,59,6,0,6,65
08/01/2021,CRW,WV,AEA,CE,Combined TRACON& Tower with Radar,21,7,10,0,38,0,2,12,0,14,21,9,22,0,52,16,0,16,68
08/02/2021,CRW,WV,AEA,CE,Combined TRACON& Tower with Radar,23,8,16,5,52,0,3,29,6,38,23,11,45,11,90,42,0,42,132
08/03/2021,CRW,WV,AEA,CE,Combined TRACON& Tower with Radar,18,15,16,1,50,0,0,19,4,23,18,15,35,5,73,0,6,6,79
08/04/2021,CRW,WV,AEA,CE,Combined TRACON& Tower with Radar,18,12,31,13,74,0,0,39,7,46,18,12,70,20,120,21,10,31,151
08/05/2021,CRW,WV,AEA,CE,Combined TRACON& Tower with Radar,19,12,20,6,57,0,0,26,0,26,19,12,46,6,83,14,0,14,97
08/06/2021,CRW,WV,AEA,CE,Combined TRACON& Tower with Radar,15,9,20,12,56,0,0,33,8,41,15,9,53,20,97,12,0,12,109
08/07/2021,CRW,WV,AEA,CE,Combined TRACON& Tower with Radar,0,0,0,0,0,0,0,4,0,4,0,0,4,0,4,0,0,0,4
08/08/2021,CRW,WV,AEA,CE,Combined TRACON& Tower with Radar,17,5,20,13,55,0,0,34,5,39,17,5,54,18,94,20,10,30,124
08/09/2021,CRW,WV,AEA,CE,Combined TRACON& Tower with Radar,20,4,16,2,42,0,2,36,9,47,20,6,52,11,89,14,0,14,103
08/10/2021,CRW,WV,AEA,CE,Combined TRACON& Tower with Radar,20,14,25,2,61,0,1,16,3,20,20,15,41,5,81,39,0,39,120
08/11/2021,CRW,WV,AEA,CE,Combined TRACON& Tower with Radar,16,14,13,4,47,0,3,18,0,21,16,17,31,4,68,16,0,16,84
08/12/2021,CRW,WV,AEA,CE,Combined TRACON& Tower with Radar,18,8,22,10,58,0,0,29,11,40,18,8,51,21,98,8,0,8,106
08/13/2021,CRW,WV,AEA,CE,Combined TRACON& Tower with Radar,16,9,17,0,42,0,0,18,5,23,16,9,35,5,65,28,0,28,93
08/14/2021,CRW,WV,AEA,CE,Combined TRACON& Tower with Radar,0,0,0,1,1,0,1,2,0,3,0,1,2,1,4,0,0,0,4
08/15/2021,CRW,WV,AEA,CE,Combined TRACON& Tower with Radar,20,4,16,2,42,0,0,0,0,0,20,4,16,2,42,0,0,0,42
08/16/2021,CRW,WV,AEA,CE,Combined TRACON& Tower with Radar,21,8,11,3,43,0,0,7,0,7,21,8,18,3,50,30,5,35,85
08/17/2021,CRW,WV,AEA,CE,Combined TRACON& Tower with Radar,19,14,9,0,42,0,1,15,0,16,19,15,24,0,58,64,0,64,122
08/18/2021,CRW,WV,AEA,CE,Combined TRACON& Tower with Radar,16,8,9,18,51,0,0,6,0,6,16,8,15,18,57,19,38,57,114
08/19/2021,CRW,WV,AEA,CE,Combined TRACON& Tower with Radar,21,10,8,20,59,0,0,2,0,2,21,10,10,20,61,14,0,14,75
08/20/2021,CRW,WV,AEA,CE,Combined TRACON& Tower with Radar,16,9,18,4,47,0,0,27,2,29,16,9,45,6,76,68,0,68,144
08/21/2021,CRW,WV,AEA,CE,Combined TRACON& Tower with Radar,0,0,0,0,0,0,0,5,0,5,0,0,5,0,5,0,0,0,5
08/22/2021,CRW,WV,AEA,CE,Combined TRACON& Tower with Radar,21,5,12,0,38,0,0,30,0,30,21,5,42,0,68,18,0,18,86
08/23/2021,CRW,WV,AEA,CE,Combined TRACON& Tower with Radar,14,6,16,12,48,0,5,41,0,46,14,11,57,12,94,52,0,52,146
08/24/2021,CRW,WV,AEA,CE,Combined TRACON& Tower with Radar,16,8,8,5,37,0,7,47,3,57,16,15,55,8,94,54,0,54,148
08/25/2021,CRW,WV,AEA,CE,Combined TRACON& Tower with Radar,18,10,15,22,65,0,0,31,10,41,18,10,46,32,106,53,10,63,169
08/26/2021,CRW,WV,AEA,CE,Combined TRACON& Tower with Radar,20,15,16,5,56,0,2,29,10,41,20,17,45,15,97,38,22,60,157
08/27/2021,CRW,WV,AEA,CE,Combined TRACON& Tower with Radar,15,13,14,7,49,0,1,20,6,27,15,14,34,13,76,36,2,38,114
08/28/2021,CRW,WV,AEA,CE,Combined TRACON& Tower with Radar,9,8,12,0,29,0,2,15,2,19,9,10,27,2,48,34,0,34,82
08/29/2021,CRW,WV,AEA,CE,Combined TRACON& Tower with Radar,22,7,6,0,35,0,1,20,6,27,22,8,26,6,62,43,0,43,105
08/30/2021,CRW,WV,AEA,CE,Combined TRACON& Tower with Radar,14,5,20,0,39,0,0,7,0,7,14,5,27,0,46,0,0,0,46
08/31/2021,CRW,WV,AEA,CE,Combined TRACON& Tower with Radar,16,11,13,14,54,0,0,0,0,0,16,11,13,14,54,0,0,0,54
09/01/2021,CRW,WV,AEA,CE,Combined TRACON& Tower with Radar,15,17,7,4,43,0,0,5,0,5,15,17,12,4,48,6,0,6,54
09/02/2021,CRW,WV,AEA,CE,Combined TRACON& Tower with Radar,24,7,26,13,70,0,1,46,0,47,24,8,72,13,117,26,0,26,143
09/03/2021,CRW,WV,AEA,CE,Combined TRACON& Tower with Radar,18,8,23,2,51,0,4,35,0,39,18,12,58,2,90,23,0,23,113
09/04/2021,CRW,WV,AEA,CE,Combined TRACON& Tower with Radar,12,9,13,0,34,0,0,27,1,28,12,9,40,1,62,19,0,19,81
09/05/2021,CRW,WV,AEA,CE,Combined TRACON& Tower with Radar,16,4,5,0,25,0,0,0,0,0,16,4,5,0,25,0,0,0,25
09/06/2021,CRW,WV,AEA,CE,Combined TRACON& Tower with Radar,14,6,10,2,32,0,0,29,0,29,14,6,39,2,61,18,0,18,79
09/07/2021,CRW,WV,AEA,CE,Combined TRACON& Tower with Radar,15,11,13,2,41,0,3,42,6,51,15,14,55,8,92,55,0,55,147
09/08/2021,CRW,WV,AEA,CE,Combined TRACON& Tower with Radar,11,8,18,10,47,0,0,12,0,12,11,8,30,10,59,24,0,24,83
09/09/2021,CRW,WV,AEA,CE,Combined TRACON& Tower with Radar,17,12,20,1,50,0,0,33,13,46,17,12,53,14,96,34,0,34,130
09/10/2021,CRW,WV,AEA,CE,Combined TRACON& Tower with Radar,18,9,25,11,63,0,3,46,6,55,18,12,71,17,118,4,0,4,122
09/11/2021,CRW,WV,AEA,CE,Combined TRACON& Tower with Radar,0,0,1,0,1,0,1,0,0,1,0,1,1,0,2,0,0,0,2
09/12/2021,CRW,WV,AEA,CE,Combined TRACON& Tower with Radar,23,6,13,5,47,0,2,17,8,27,23,8,30,13,74,3,0,3,77
09/13/2021,CRW,WV,AEA,CE,Combined TRACON& Tower with Radar,16,8,14,0,38,0,1,32,4,37,16,9,46,4,75,10,0,10,85
09/14/2021,CRW,WV,AEA,CE,Combined TRACON& Tower with Radar,14,10,19,8,51,0,1,41,20,62,14,11,60,28,113,132,25,157,270
09/15/2021,CRW,WV,AEA,CE,Combined TRACON& Tower with Radar,14,8,11,10,43,0,0,12,2,14,14,8,23,12,57,54,40,94,151
09/16/2021,CRW,WV,AEA,CE,Combined TRACON& Tower with Radar,20,11,18,5,54,0,0,12,7,19,20,11,30,12,73,22,22,44,117
09/17/2021,CRW,WV,AEA,CE,Combined TRACON& Tower with Radar,18,12,23,7,60,0,4,33,9,46,18,16,56,16,106,54,0,54,160
09/18/2021,CRW,WV,AEA,CE,Combined TRACON& Tower with Radar,12,9,15,4,40,0,2,24,2,28,12,11,39,6,68,86,0,86,154
09/19/2021,CRW,WV,AEA,CE,Combined TRACON& Tower with Radar,20,8,13,3,44,0,13,31,3,47,20,21,44,6,91,44,26,70,161
09/20/2021,CRW,WV,AEA,CE,Combined TRACON& Tower with Radar,18,11,12,0,41,0,2,23,2,27,18,13,35,2,68,70,0,70,138
09/21/2021,CRW,WV,AEA,CE,Combined TRACON& Tower with Radar,14,11,6,3,34,0,0,3,1,4,14,11,9,4,38,65,0,65,103
09/22/2021,CRW,WV,AEA,CE,Combined TRACON& Tower with Radar,14,12,10,2,38,0,0,14,0,14,14,12,24,2,52,18,0,18,70
09/23/2021,CRW,WV,AEA,CE,Combined TRACON& Tower with Radar,19,11,15,6,51,0,1,32,2,35,19,12,47,8,86,0,0,0,86
09/24/2021,CRW,WV,AEA,CE,Combined TRACON& Tower with Radar,17,10,19,7,53,0,1,42,4,47,17,11,61,11,100,114,0,114,214
09/25/2021,CRW,WV,AEA,CE,Combined TRACON& Tower with Radar,0,0,0,0,0,0,0,1,4,5,0,0,1,4,5,0,0,0,5
09/26/2021,CRW,WV,AEA,CE,Combined TRACON& Tower with Radar,18,2,10,3,33,0,0,39,5,44,18,2,49,8,77,24,0,24,101
09/27/2021,CRW,WV,AEA,CE,Combined TRACON& Tower with Radar,18,7,14,0,39,0,2,38,0,40,18,9,52,0,79,48,0,48,127
09/28/2021,CRW,WV,AEA,CE,Combined TRACON& Tower with Radar,14,8,16,0,38,0,1,59,0,60,14,9,75,0,98,122,0,122,220
09/29/2021,CRW,WV,AEA,CE,Combined TRACON& Tower with Radar,14,9,22,23,68,0,0,38,2,40,14,9,60,25,108,14,20,34,142
09/30/2021,CRW,WV,AEA,CE,Combined TRACON& Tower with Radar,20,11,11,9,51,0,0,34,5,39,20,11,45,14,90,63,0,63,153
10/01/2021,CRW,WV,AEA,CE,Combined TRACON& Tower with Radar,16,9,13,2,40,0,0,36,0,36,16,9,49,2,76,76,0,76,152
10/02/2021,CRW,WV,AEA,CE,Combined TRACON& Tower with Radar,0,0,0,0,0,0,2,2,0,4,0,2,2,0,4,0,0,0,4
10/03/2021,CRW,WV,AEA,CE,Combined TRACON& Tower with Radar,19,4,12,4,39,0,4,7,0,11,19,8,19,4,50,54,0,54,104
10/04/2021,CRW,WV,AEA,CE,Combined TRACON& Tower with Radar,17,10,16,7,50,0,0,27,0,27,17,10,43,7,77,103,8,111,188
10/05/2021,CRW,WV,AEA,CE,Combined TRACON& Tower with Radar,14,9,23,28,74,0,0,25,13,38,14,9,48,41,112,219,30,249,361
10/06/2021,CRW,WV,AEA,CE,Combined TRACON& Tower with Radar,14,16,6,8,44,0,2,22,1,25,14,18,28,9,69,44,0,44,113
10/07/2021,CRW,WV,AEA,CE,Combined TRACON& Tower with Radar,19,14,13,6,52,0,3,15,0,18,19,17,28,6,70,53,14,67,137
10/08/2021,CRW,WV,AEA,CE,Combined TRACON& Tower with Radar,16,10,15,0,41,0,2,5,0,7,16,12,20,0,48,0,0,0,48
10/09/2021,CRW,WV,AEA,CE,Combined TRACON& Tower with Radar,0,9,8,0,17,0,0,4,0,4,0,9,12,0,21,0,0,0,21
10/10/2021,CRW,WV,AEA,CE,Combined TRACON& Tower with Radar,17,4,8,0,29,0,1,32,0,33,17,5,40,0,62,12,0,12,74
10/11/2021,CRW,WV,AEA,CE,Combined TRACON& Tower with Radar,14,11,19,0,44,0,3,33,1,37,14,14,52,1,81,52,0,52,133
10/12/2021,CRW,WV,AEA,CE,Combined TRACON& Tower with Radar,12,12,14,3,41,0,8,38,1,47,12,20,52,4,88,110,0,110,198
10/13/2021,CRW,WV,AEA,CE,Combined TRACON& Tower with Radar,12,14,38,3,67,0,7,40,12,59,12,21,78,15,126,59,4,63,189
10/14/2021,CRW,WV,AEA,CE,Combined TRACON& Tower with Radar,16,14,24,2,56,0,0,32,8,40,16,14,56,10,96,111,18,129,225
10/15/2021,CRW,WV,AEA,CE,Combined TRACON& Tower with Radar,10,19,14,10,53,0,0,44,2,46,10,19,58,12,99,96,10,106,205
10/16/2021,CRW,WV,AEA,CE,Combined TRACON& Tower with Radar,0,9,22,0,31,0,0,3,2,5,0,9,25,2,36,10,0,10,46
10/17/2021,CRW,WV,AEA,CE,Combined TRACON& Tower with Radar,10,15,17,0,42,0,0,25,0,25,10,15,42,0,67,10,0,10,77
10/18/2021,CRW,WV,AEA,CE,Combined TRACON& Tower with Radar,13,14,29,13,69,0,6,48,4,58,13,20,77,17,127,32,16,48,175
10/19/2021,CRW,WV,AEA,CE,Combined TRACON& Tower with Radar,11,18,21,3,53,0,0,42,9,51,11,18,63,12,104,32,0,32,136
10/20/2021,CRW,WV,AEA,CE,Combined TRACON& Tower with Radar,12,14,27,17,70,0,4,44,10,58,12,18,71,27,128,88,18,106,234
10/21/2021,CRW,WV,AEA,CE,Combined TRACON& Tower with Radar,14,19,20,7,60,0,6,23,6,35,14,25,43,13,95,78,20,98,193
10/22/2021,CRW,WV,AEA,CE,Combined TRACON& Tower with Radar,10,15,16,7,48,0,1,10,0,11,10,16,26,7,59,63,0,63,122
10/23/2021,CRW,WV,AEA,CE,Combined TRACON& Tower with Radar,0,14,16,0,30,0,2,8,0,10,0,16,24,0,40,5,0,5,45
10/24/2021,CRW,WV,AEA,CE,Combined TRACON& Tower with Radar,8,16,13,2,39,0,0,24,0,24,8,16,37,2,63,0,0,0,63
10/25/2021,CRW,WV,AEA,CE,Combined TRACON& Tower with Radar,11,13,12,2,38,0,0,11,2,13,11,13,23,4,51,6,0,6,57
10/26/2021,CRW,WV,AEA,CE,Combined TRACON& Tower with Radar,8,16,13,0,37,0,0,10,4,14,8,16,23,4,51,50,0,50,101
10/27/2021,CRW,WV,AEA,CE,Combined TRACON& Tower with Radar,10,17,17,5,49,0,0,15,0,15,10,17,32,5,64,22,8,30,94
10/28/2021,CRW,WV,AEA,CE,Combined TRACON& Tower with Radar,12,15,11,15,53,0,0,22,2,24,12,15,33,17,77,74,0,74,151
10/29/2021,CRW,WV,AEA,CE,Combined TRACON& Tower with Radar,10,19,11,0,40,0,2,7,0,9,10,21,18,0,49,64,0,64,113
10/30/2021,CRW,WV,AEA,CE,Combined TRACON& Tower with Radar,6,15,11,0,32,0,0,1,0,1,6,15,12,0,33,0,0,0,33
10/31/2021,CRW,WV,AEA,CE,Combined TRACON& Tower with Radar,9,18,3,0,30,0,0,1,0,1,9,18,4,0,31,0,0,0,31
11/01/2021,CRW,WV,AEA,CE,Combined TRACON& Tower with Radar,11,11,9,2,33,0,2,51,0,53,11,13,60,2,86,72,0,72,158
11/02/2021,CRW,WV,AEA,CE,Combined TRACON& Tower with Radar,8,13,13,12,46,0,0,11,0,11,8,13,24,12,57,22,6,28,85
11/03/2021,CRW,WV,AEA,CE,Combined TRACON& Tower with Radar,8,14,25,33,80,0,6,60,9,75,8,20,85,42,155,143,24,167,322
11/04/2021,CRW,WV,AEA,CE,Combined TRACON& Tower with Radar,10,16,30,7,63,0,0,31,25,56,10,16,61,32,119,71,40,111,230
11/05/2021,CRW,WV,AEA,CE,Combined TRACON& Tower with Radar,8,16,22,4,50,0,1,32,0,33,8,17,54,4,83,63,0,63,146
11/06/2021,CRW,WV,AEA,CE,Combined TRACON& Tower with Radar,6,13,7,3,29,0,0,18,7,25,6,13,25,10,54,6,0,6,60
11/07/2021,CRW,WV,AEA,CE,Combined TRACON& Tower with Radar,12,15,12,2,41,0,0,28,2,30,12,15,40,4,71,32,2,34,105
11/08/2021,CRW,WV,AEA,CE,Combined TRACON& Tower with Radar,10,17,11,5,43,0,0,36,0,36,10,17,47,5,79,78,6,84,163
11/09/2021,CRW,WV,AEA,CE,Combined TRACON& Tower with Radar,10,19,22,6,57,0,1,43,8,52,10,20,65,14,109,66,16,82,191
11/10/2021,CRW,WV,AEA,CE,Combined TRACON& Tower with Radar,8,14,25,14,61,0,5,44,5,54,8,19,69,19,115,68,12,80,195
11/11/2021,CRW,WV,AEA,CE,Combined TRACON& Tower with Radar,10,14,16,0,40,0,0,12,0,12,10,14,28,0,52,0,0,0,52
11/12/2021,CRW,WV,AEA,CE,Combined TRACON& Tower with Radar,15,17,22,3,57,0,3,12,0,15,15,20,34,3,72,18,0,18,90
11/13/2021,CRW,WV,AEA,CE,Combined TRACON& Tower with Radar,0,21,9,0,30,0,0,1,0,1,0,21,10,0,31,0,0,0,31
11/14/2021,CRW,WV,AEA,CE,Combined TRACON& Tower with Radar,11,9,4,1,25,0,0,3,0,3,11,9,7,1,28,10,0,10,38
11/15/2021,CRW,WV,AEA,CE,Combined TRACON& Tower with Radar,10,14,11,2,37,0,0,8,0,8,10,14,19,2,45,60,0,60,105
11/16/2021,CRW,WV,AEA,CE,Combined TRACON& Tower with Radar,8,15,14,1,38,0,0,36,27,63,8,15,50,28,101,116,30,146,247
11/17/2021,CRW,WV,AEA,CE,Combined TRACON& Tower with Radar,8,22,19,4,53,0,0,16,24,40,8,22,35,28,93,0,70,70,163
11/18/2021,CRW,WV,AEA,CE,Combined TRACON& Tower with Radar,12,14,15,9,50,0,0,2,0,2,12,14,17,9,52,0,0,0,52
11/19/2021,CRW,WV,AEA,CE,Combined TRACON& Tower with Radar,9,16,7,5,37,0,3,24,5,32,9,19,31,10,69,34,4,38,107
11/20/2021,CRW,WV,AEA,CE,Combined TRACON& Tower with Radar,0,0,3,1,4,0,0,8,0,8,0,0,11,1,12,0,0,0,12
11/21/2021,CRW,WV,AEA,CE,Combined TRACON& Tower with Radar,12,7,1,0,20,0,0,8,0,8,12,7,9,0,28,8,0,8,36
11/22/2021,CRW,WV,AEA,CE,Combined TRACON& Tower with Radar,9,22,7,2,40,0,0,11,0,11,9,22,18,2,51,46,0,46,97
11/23/2021,CRW,WV,AEA,CE,Combined TRACON& Tower with Radar,13,16,18,0,47,0,0,22,0,22,13,16,40,0,69,12,0,12,81
11/24/2021,CRW,WV,AEA,CE,Combined TRACON& Tower with Radar,12,14,18,2,46,0,2,27,0,29,12,16,45,2,75,62,0,62,137
11/25/2021,CRW,WV,AEA,CE,Combined TRACON& Tower with Radar,9,10,4,0,23,0,0,2,0,2,9,10,6,0,25,0,0,0,25
11/26/2021,CRW,WV,AEA,CE,Combined TRACON& Tower with Radar,9,12,2,0,23,0,0,5,0,5,9,12,7,0,28,0,0,0,28
11/27/2021,CRW,WV,AEA,CE,Combined TRACON& Tower with Radar,12,15,7,0,34,0,1,12,0,13,12,16,19,0,47,0,0,0,47
11/28/2021,CRW,WV,AEA,CE,Combined TRACON& Tower with Radar,18,10,7,0,35,0,0,6,0,6,18,10,13,0,41,6,0,6,47
11/29/2021,CRW,WV,AEA,CE,Combined TRACON& Tower with Radar,16,9,11,1,37,0,3,22,3,28,16,12,33,4,65,38,0,38,103
11/30/2021,CRW,WV,AEA,CE,Combined TRACON& Tower with Radar,11,13,14,11,49,0,1,16,7,24,11,14,30,18,73,10,0,10,83
12/01/2021,CRW,WV,AEA,CE,Combined TRACON& Tower with Radar,10,15,9,16,50,0,0,8,3,11,10,15,17,19,61,10,0,10,71
12/02/2021,CRW,WV,AEA,CE,Combined TRACON& Tower with Radar,12,13,10,13,48,0,0,11,12,23,12,13,21,25,71,8,16,24,95
12/03/2021,CRW,WV,AEA,CE,Combined TRACON& Tower with Radar,10,12,31,7,60,0,1,43,3,47,10,13,74,10,107,12,0,12,119
12/04/2021,CRW,WV,AEA,CE,Combined TRACON& Tower with Radar,6,13,13,0,32,0,0,29,0,29,6,13,42,0,61,12,0,12,73
12/05/2021,CRW,WV,AEA,CE,Combined TRACON& Tower with Radar,10,14,6,4,34,0,2,10,0,12,10,16,16,4,46,20,0,20,66
12/06/2021,CRW,WV,AEA,CE,Combined TRACON& Tower with Radar,6,14,3,8,31,0,0,2,0,2,6,14,5,8,33,0,0,0,33
12/07/2021,CRW,WV,AEA,CE,Combined TRACON& Tower with Radar,8,20,21,7,56,0,10,26,13,49,8,30,47,20,105,30,0,30,135
12/08/2021,CRW,WV,AEA,CE,Combined TRACON& Tower with Radar,8,18,15,23,64,0,0,14,3,17,8,18,29,26,81,0,0,0,81
12/09/2021,CRW,WV,AEA,CE,Combined TRACON& Tower with Radar,10,26,17,7,60,0,6,41,8,55,10,32,58,15,115,14,6,20,135
12/10/2021,CRW,WV,AEA,CE,Combined TRACON& Tower with Radar,8,19,10,0,37,0,2,12,0,14,8,21,22,0,51,6,0,6,57
12/11/2021,CRW,WV,AEA,CE,Combined TRACON& Tower with Radar,8,14,3,0,25,0,0,1,0,1,8,14,4,0,26,0,0,0,26
12/12/2021,CRW,WV,AEA,CE,Combined TRACON& Tower with Radar,12,14,15,2,43,0,0,28,0,28,12,14,43,2,71,95,0,95,166
12/13/2021,CRW,WV,AEA,CE,Combined TRACON& Tower with Radar,8,13,25,16,62,0,0,40,0,40,8,13,65,16,102,60,0,60,162
12/14/2021,CRW,WV,AEA,CE,Combined TRACON& Tower with Radar,8,12,15,8,43,0,0,51,9,60,8,12,66,17,103,67,6,73,176
12/15/2021,CRW,WV,AEA,CE,Combined TRACON& Tower with Radar,8,20,6,4,38,0,0,29,0,29,8,20,35,4,67,28,6,34,101
12/16/2021,CRW,WV,AEA,CE,Combined TRACON& Tower with Radar,10,22,17,15,64,0,0,17,0,17,10,22,34,15,81,12,26,38,119
12/17/2021,CRW,WV,AEA,CE,Combined TRACON& Tower with Radar,11,16,17,4,48,0,0,0,0,0,11,16,17,4,48,0,0,0,48
12/18/2021,CRW,WV,AEA,CE,Combined TRACON& Tower with Radar,10,13,4,0,27,0,0,0,0,0,10,13,4,0,27,0,0,0,27
12/19/2021,CRW,WV,AEA,CE,Combined TRACON& Tower with Radar,9,12,7,0,28,0,0,9,0,9,9,12,16,0,37,0,0,0,37
12/20/2021,CRW,WV,AEA,CE,Combined TRACON& Tower with Radar,11,9,21,4,45,0,0,12,0,12,11,9,33,4,57,46,0,46,103
12/21/2021,CRW,WV,AEA,CE,Combined TRACON& Tower with Radar,11,17,9,5,42,0,0,19,16,35,11,17,28,21,77,10,37,47,124
12/22/2021,CRW,WV,AEA,CE,Combined TRACON& Tower with Radar,11,15,13,4,43,0,0,16,0,16,11,15,29,4,59,5,0,5,64
12/23/2021,CRW,WV,AEA,CE,Combined TRACON& Tower with Radar,12,21,15,0,48,0,0,16,0,16,12,21,31,0,64,46,0,46,110
12/24/2021,CRW,WV,AEA,CE,Combined TRACON& Tower with Radar,7,16,9,0,32,0,0,10,0,10,7,16,19,0,42,0,0,0,42
12/25/2021,CRW,WV,AEA,CE,Combined TRACON& Tower with Radar,6,8,3,0,17,0,0,0,0,0,6,8,3,0,17,0,0,0,17
12/26/2021,CRW,WV,AEA,CE,Combined TRACON& Tower with Radar,10,12,6,0,28,0,2,6,0,8,10,14,12,0,36,48,0,48,84
12/27/2021,CRW,WV,AEA,CE,Combined TRACON& Tower with Radar,11,15,17,2,45,0,5,14,0,19,11,20,31,2,64,14,0,14,78
12/28/2021,CRW,WV,AEA,CE,Combined TRACON& Tower with Radar,10,16,7,2,35,0,0,11,0,11,10,16,18,2,46,66,0,66,112
12/29/2021,CRW,WV,AEA,CE,Combined TRACON& Tower with Radar,9,15,10,4,38,0,1,11,0,12,9,16,21,4,50,22,0,22,72
12/30/2021,CRW,WV,AEA,CE,Combined TRACON& Tower with Radar,13,17,10,0,40,0,0,2,0,2,13,17,12,0,42,2,0,2,44
12/31/2021,CRW,WV,AEA,CE,Combined TRACON& Tower with Radar,7,12,11,0,30,0,0,16,0,16,7,12,27,0,46,0,0,0,46
01/01/2022,CRW,WV,AEA,CE,Combined TRACON& Tower with Radar,5,2,2,0,9,0,0,0,0,0,5,2,2,0,9,0,0,0,9
01/02/2022,CRW,WV,AEA,CE,Combined TRACON& Tower with Radar,10,11,6,0,27,0,0,0,0,0,10,11,6,0,27,0,0,0,27
01/03/2022,CRW,WV,AEA,CE,Combined TRACON& Tower with Radar,11,14,10,0,35,0,1,2,6,9,11,15,12,6,44,10,0,10,54
01/04/2022,CRW,WV,AEA,CE,Combined TRACON& Tower with Radar,10,14,16,5,45,0,0,42,5,47,10,14,58,10,92,14,18,32,124
01/05/2022,CRW,WV,AEA,CE,Combined TRACON& Tower with Radar,10,19,10,2,41,0,0,15,3,18,10,19,25,5,59,0,0,0,59
01/06/2022,CRW,WV,AEA,CE,Combined TRACON& Tower with Radar,7,12,7,4,30,0,0,3,0,3,7,12,10,4,33,12,0,12,45
01/07/2022,CRW,WV,AEA,CE,Combined TRACON& Tower with Radar,5,12,3,0,20,0,0,3,0,3,5,12,6,0,23,0,0,0,23
01/08/2022,CRW,WV,AEA,CE,Combined TRACON& Tower with Radar,8,13,4,0,25,0,0,23,2,25,8,13,27,2,50,12,0,12,62
01/09/2022,CRW,WV,AEA,CE,Combined TRACON& Tower with Radar,11,9,4,0,24,0,0,0,0,0,11,9,4,0,24,0,0,0,24
01/10/2022,CRW,WV,AEA,CE,Combined TRACON& Tower with Radar,7,17,9,4,37,0,1,17,0,18,7,18,26,4,55,20,8,28,83
01/11/2022,CRW,WV,AEA,CE,Combined TRACON& Tower with Radar,10,14,11,7,42,0,0,16,18,34,10,14,27,25,76,10,8,18,94
01/12/2022,CRW,WV,AEA,CE,Combined TRACON& Tower with Radar,10,16,6,10,42,0,1,16,6,23,10,17,22,16,65,34,20,54,119
01/13/2022,CRW,WV,AEA,CE,Combined TRACON& Tower with Radar,12,14,16,5,47,0,0,12,3,15,12,14,28,8,62,38,14,52,114
01/14/2022,CRW,WV,AEA,CE,Combined TRACON& Tower with Radar,10,13,8,1,32,0,0,1,0,1,10,13,9,1,33,18,0,18,51
01/15/2022,CRW,WV,AEA,CE,Combined TRACON& Tower with Radar,7,12,8,0,27,0,0,13,4,17,7,12,21,4,44,12,0,12,56
01/16/2022,CRW,WV,AEA,CE,Combined TRACON& Tower with Radar,2,7,4,0,13,0,0,0,0,0,2,7,4,0,13,0,0,0,13
01/17/2022,CRW,WV,AEA,CE,Combined TRACON& Tower with Radar,0,6,0,0,6,0,0,2,0,2,0,6,2,0,8,0,0,0,8
01/18/2022,CRW,WV,AEA,CE,Combined TRACON& Tower with Radar,9,15,10,3,37,0,2,5,4,11,9,17,15,7,48,0,0,0,48
01/19/2022,CRW,WV,AEA,CE,Combined TRACON& Tower with Radar,10,15,11,12,48,0,0,9,5,14,10,15,20,17,62,8,8,16,78
01/20/2022,CRW,WV,AEA,CE,Combined TRACON& Tower with Radar,12,15,5,13,45,0,0,2,0,2,12,15,7,13,47,0,0,0,47
01/21/2022,CRW,WV,AEA,CE,Combined TRACON& Tower with Radar,10,14,4,9,37,0,0,12,2,14,10,14,16,11,51,56,0,56,107
01/22/2022,CRW,WV,AEA,CE,Combined TRACON& Tower with Radar,6,12,19,0,37,0,3,32,0,35,6,15,51,0,72,0,0,0,72
01/23/2022,CRW,WV,AEA,CE,Combined TRACON& Tower with Radar,12,10,3,0,25,0,0,8,0,8,12,10,11,0,33,0,0,0,33
01/24/2022,CRW,WV,AEA,CE,Combined TRACON& Tower with Radar,8,11,21,1,41,0,0,32,4,36,8,11,53,5,77,42,0,42,119
01/25/2022,CRW,WV,AEA,CE,Combined TRACON& Tower with Radar,10,12,16,16,54,0,0,6,5,11,10,12,22,21,65,0,18,18,83
01/26/2022,CRW,WV,AEA,CE,Combined TRACON& Tower with Radar,10,15,26,11,62,0,1,38,8,47,10,16,64,19,109,64,25,89,198
01/27/2022,CRW,WV,AEA,CE,Combined TRACON& Tower with Radar,12,18,28,8,66,0,4,28,8,40,12,22,56,16,106,42,14,56,162
01/28/2022,CRW,WV,AEA,CE,Combined TRACON& Tower with Radar,10,12,10,0,32,0,0,0,0,0,10,12,10,0,32,0,0,0,32
01/29/2022,CRW,WV,AEA,CE,Combined TRACON& Tower with Radar,8,12,3,4,27,0,6,10,4,20,8,18,13,8,47,0,0,0,47
01/30/2022,CRW,WV,AEA,CE,Combined TRACON& Tower with Radar,10,15,22,1,48,0,3,35,0,38,10,18,57,1,86,36,0,36,122
01/31/2022,CRW,WV,AEA,CE,Combined TRACON& Tower with Radar,8,10,9,8,35,0,0,42,5,47,8,10,51,13,82,40,0,40,122
02/01/2022,CRW,WV,AEA,CE,Combined TRACON& Tower with Radar,10,14,9,1,34,0,5,38,9,52,10,19,47,10,86,62,8,70,156
02/02/2022,CRW,WV,AEA,CE,Combined TRACON& Tower with Radar,10,15,7,13,45,0,2,15,18,35,10,17,22,31,80,26,6,32,112
02/03/2022,CRW,WV,AEA,CE,Combined TRACON& Tower with Radar,7,17,2,0,26,0,0,0,0,0,7,17,2,0,26,0,0,0,26
02/04/2022,CRW,WV,AEA,CE,Combined TRACON& Tower with Radar,7,12,1,0,20,0,0,0,0,0,7,12,1,0,20,0,0,0,20
02/05/2022,CRW,WV,AEA,CE,Combined TRACON& Tower with Radar,8,14,5,6,33,0,2,4,0,6,8,16,9,6,39,12,0,12,51
02/06/2022,CRW,WV,AEA,CE,Combined TRACON& Tower with Radar,11,12,10,2,35,0,0,26,0,26,11,12,36,2,61,16,0,16,77
02/07/2022,CRW,WV,AEA,CE,Combined TRACON& Tower with Radar,11,21,14,12,58,0,1,31,5,37,11,22,45,17,95,12,8,20,115
02/08/2022,CRW,WV,AEA,CE,Combined TRACON& Tower with Radar,10,13,9,13,45,0,0,28,12,40,10,13,37,25,85,22,82,104,189
02/09/2022,CRW,WV,AEA,CE,Combined TRACON& Tower with Radar,10,16,11,6,43,0,0,17,18,35,10,16,28,24,78,4,54,58,136
02/10/2022,CRW,WV,AEA,CE,Combined TRACON& Tower with Radar,12,19,14,13,58,0,1,37,4,42,12,20,51,17,100,14,22,36,136
02/11/2022,CRW,WV,AEA,CE,Combined TRACON& Tower with Radar,10,27,9,8,54,0,1,13,0,14,10,28,22,8,68,11,0,11,79
02/12/2022,CRW,WV,AEA,CE,Combined TRACON& Tower with Radar,8,10,6,2,26,0,1,18,0,19,8,11,24,2,45,2,0,2,47
02/13/2022,CRW,WV,AEA,CE,Combined TRACON& Tower with Radar,12,9,8,0,29,0,2,6,0,8,12,11,14,0,37,0,0,0,37
02/14/2022,CRW,WV,AEA,CE,Combined TRACON& Tower with Radar,10,11,9,0,30,0,0,24,0,24,10,11,33,0,54,60,0,60,114
02/15/2022,CRW,WV,AEA,CE,Combined TRACON& Tower with Radar,10,15,31,11,67,0,0,57,13,70,10,15,88,24,137,70,12,82,219
02/16/2022,CRW,WV,AEA,CE,Combined TRACON& Tower with Radar,10,14,18,2,44,0,0,27,0,27,10,14,45,2,71,16,0,16,87
02/17/2022,CRW,WV,AEA,CE,Combined TRACON& Tower with Radar,14,16,8,6,44,0,0,3,2,5,14,16,11,8,49,0,0,0,49
02/18/2022,CRW,WV,AEA,CE,Combined TRACON& Tower with Radar,10,14,14,0,38,0,0,25,0,25,10,14,39,0,63,6,0,6,69
02/19/2022,CRW,WV,AEA,CE,Combined TRACON& Tower with Radar,8,12,1,0,21,0,0,14,0,14,8,12,15,0,35,0,0,0,35
02/20/2022,CRW,WV,AEA,CE,Combined TRACON& Tower with Radar,12,11,15,2,40,0,0,36,0,36,12,11,51,2,76,6,0,6,82
02/21/2022,CRW,WV,AEA,CE,Combined TRACON& Tower with Radar,10,11,15,0,36,0,0,30,0,30,10,11,45,0,66,54,0,54,120
02/22/2022,CRW,WV,AEA,CE,Combined TRACON& Tower with Radar,10,14,15,4,43,0,0,1,1,2,10,14,16,5,45,0,0,0,45
02/23/2022,CRW,WV,AEA,CE,Combined TRACON& Tower with Radar,10,14,14,6,44,0,0,6,0,6,10,14,20,6,50,0,0,0,50
02/24/2022,CRW,WV,AEA,CE,Combined TRACON& Tower with Radar,12,21,11,0,44,0,0,0,0,0,12,21,11,0,44,0,0,0,44
02/25/2022,CRW,WV,AEA,CE,Combined TRACON& Tower with Radar,10,18,7,2,37,0,0,4,1,5,10,18,11,3,42,6,0,6,48
02/26/2022,CRW,WV,AEA,CE,Combined TRACON& Tower with Radar,8,12,14,0,34,0,4,26,0,30,8,16,40,0,64,12,0,12,76
02/27/2022,CRW,WV,AEA,CE,Combined TRACON& Tower with Radar,14,9,20,0,43,0,0,32,0,32,14,9,52,0,75,16,0,16,91
02/28/2022,CRW,WV,AEA,CE,Combined TRACON& Tower with Radar,10,11,15,6,42,0,1,70,6,77,10,12,85,12,119,94,0,94,213
03/01/2022,CRW,WV,AEA,CE,Combined TRACON& Tower with Radar,10,14,33,9,66,0,0,52,18,70,10,14,85,27,136,18,12,30,166
03/02/2022,CRW,WV,AEA,CE,Combined TRACON& Tower with Radar,10,16,28,10,64,0,2,77,13,92,10,18,105,23,156,64,20,84,240
03/03/2022,CRW,WV,AEA,CE,Combined TRACON& Tower with Radar,10,20,18,13,61,0,0,42,8,50,10,20,60,21,111,48,23,71,182
03/04/2022,CRW,WV,AEA,CE,Combined TRACON& Tower with Radar,8,14,13,9,44,0,1,63,9,73,8,15,76,18,117,22,22,44,161
03/05/2022,CRW,WV,AEA,CE,Combined TRACON& Tower with Radar,6,13,13,0,32,0,2,31,6,39,6,15,44,6,71,30,0,30,101
03/06/2022,CRW,WV,AEA,CE,Combined TRACON& Tower with Radar,9,11,3,4,27,0,0,0,0,0,9,11,3,4,27,0,0,0,27
03/07/2022,CRW,WV,AEA,CE,Combined TRACON& Tower with Radar,9,13,12,0,34,0,0,0,0,0,9,13,12,0,34,0,0,0,34
03/08/2022,CRW,WV,AEA,CE,Combined TRACON& Tower with Radar,6,16,25,18,65,0,0,36,15,51,6,16,61,33,116,60,69,129,245
03/09/2022,CRW,WV,AEA,CE,Combined TRACON& Tower with Radar,8,12,7,2,29,0,2,0,0,2,8,14,7,2,31,0,0,0,31
03/10/2022,CRW,WV,AEA,CE,Combined TRACON& Tower with Radar,8,14,18,18,58,0,0,28,8,36,8,14,46,26,94,26,20,46,140
03/11/2022,CRW,WV,AEA,CE,Combined TRACON& Tower with Radar,8,20,31,5,64,0,0,40,0,40,8,20,71,5,104,38,4,42,146
03/12/2022,CRW,WV,AEA,CE,Combined TRACON& Tower with Radar,4,9,3,0,16,0,0,0,0,0,4,9,3,0,16,0,0,0,16
03/13/2022,CRW,WV,AEA,CE,Combined TRACON& Tower with Radar,12,12,11,0,35,0,0,18,4,22,12,12,29,4,57,4,0,4,61
03/14/2022,CRW,WV,AEA,CE,Combined TRACON& Tower with Radar,10,15,17,8,50,0,0,54,0,54,10,15,71,8,104,20,4,24,128
03/15/2022,CRW,WV,AEA,CE,Combined TRACON& Tower with Radar,8,17,26,10,61,0,1,53,4,58,8,18,79,14,119,26,0,26,145
03/16/2022,CRW,WV,AEA,CE,Combined TRACON& Tower with Radar,8,15,20,11,54,0,0,36,2,38,8,15,56,13,92,25,0,25,117
03/17/2022,CRW,WV,AEA,CE,Combined TRACON& Tower with Radar,9,20,28,15,72,0,3,43,4,50,9,23,71,19,122,85,0,85,207
03/18/2022,CRW,WV,AEA,CE,Combined TRACON& Tower with Radar,7,16,22,0,45,0,2,24,2,28,7,18,46,2,73,10,0,10,83
03/19/2022,CRW,WV,AEA,CE,Combined TRACON& Tower with Radar,6,13,10,0,29,0,0,6,1,7,6,13,16,1,36,0,0,0,36
03/20/2022,CRW,WV,AEA,CE,Combined TRACON& Tower with Radar,12,10,20,3,45,0,0,14,2,16,12,10,34,5,61,0,0,0,61
03/21/2022,CRW,WV,AEA,CE,Combined TRACON& Tower with Radar,6,12,10,2,30,0,1,41,4,46,6,13,51,6,76,123,0,123,199
03/22/2022,CRW,WV,AEA,CE,Combined TRACON& Tower with Radar,6,12,23,9,50,0,1,34,5,40,6,13,57,14,90,18,0,18,108
03/23/2022,CRW,WV,AEA,CE,Combined TRACON& Tower with Radar,8,14,11,6,39,0,0,1,4,5,8,14,12,10,44,0,17,17,61
03/24/2022,CRW,WV,AEA,CE,Combined TRACON& Tower with Radar,10,15,21,11,57,0,1,43,5,49,10,16,64,16,106,44,24,68,174
03/25/2022,CRW,WV,AEA,CE,Combined TRACON& Tower with Radar,8,14,16,11,49,0,1,24,4,29,8,15,40,15,78,57,0,57,135
03/26/2022,CRW,WV,AEA,CE,Combined TRACON& Tower with Radar,4,15,10,0,29,0,0,1,0,1,4,15,11,0,30,0,0,0,30
03/27/2022,CRW,WV,AEA,CE,Combined TRACON& Tower with Radar,14,7,9,0,30,0,0,4,0,4,14,7,13,0,34,0,0,0,34
03/28/2022,CRW,WV,AEA,CE,Combined TRACON& Tower with Radar,8,13,18,1,40,0,1,35,4,40,8,14,53,5,80,26,0,26,106
03/29/2022,CRW,WV,AEA,CE,Combined TRACON& Tower with Radar,6,17,18,3,44,0,0,48,1,49,6,17,66,4,93,22,10,32,125
03/30/2022,CRW,WV,AEA,CE,Combined TRACON& Tower with Radar,8,17,16,8,49,0,1,23,4,28,8,18,39,12,77,36,0,36,113
03/31/2022,CRW,WV,AEA,CE,Combined TRACON& Tower with Radar,10,22,10,15,57,0,0,7,3,10,10,22,17,18,67,0,4,4,71
04/01/2022,CRW,WV,AEA,CE,Combined TRACON& Tower with Radar,8,17,8,4,37,0,0,6,0,6,8,17,14,4,43,2,0,2,45
04/02/2022,CRW,WV,AEA,CE,Combined TRACON& Tower with Radar,6,14,25,6,51,0,2,54,0,56,6,16,79,6,107,0,0,0,107
04/03/2022,CRW,WV,AEA,CE,Combined TRACON& Tower with Radar,10,11,7,5,33,0,4,15,1,20,10,15,22,6,53,8,0,8,61
04/04/2022,CRW,WV,AEA,CE,Combined TRACON& Tower with Radar,11,10,14,5,40,0,0,38,3,41,11,10,52,8,81,42,0,42,123
04/05/2022,CRW,WV,AEA,CE,Combined TRACON& Tower with Radar,9,18,19,4,50,0,1,15,6,22,9,19,34,10,72,0,0,0,72
04/06/2022,CRW,WV,AEA,CE,Combined TRACON& Tower with Radar,9,16,14,20,59,0,6,9,14,29,9,22,23,34,88,14,26,40,128
04/07/2022,CRW,WV,AEA,CE,Combined TRACON& Tower with Radar,10,14,24,23,71,0,16,17,3,36,10,30,41,26,107,36,30,66,173
04/08/2022,CRW,WV,AEA,CE,Combined TRACON& Tower with Radar,7,19,10,0,36,0,0,12,0,12,7,19,22,0,48,18,0,18,66
04/09/2022,CRW,WV,AEA,CE,Combined TRACON& Tower with Radar,8,11,3,0,22,0,0,1,0,1,8,11,4,0,23,0,0,0,23
04/10/2022,CRW,WV,AEA,CE,Combined TRACON& Tower with Radar,12,10,9,0,31,0,6,34,0,40,12,16,43,0,71,38,0,38,109
04/11/2022,CRW,WV,AEA,CE,Combined TRACON& Tower with Radar,8,17,9,4,38,0,0,26,3,29,8,17,35,7,67,53,0,53,120
04/12/2022,CRW,WV,AEA,CE,Combined TRACON& Tower with Radar,10,16,12,4,42,0,0,12,6,18,10,16,24,10,60,0,20,20,80
04/13/2022,CRW,WV,AEA,CE,Combined TRACON& Tower with Radar,8,25,18,2,53,0,5,25,3,33,8,30,43,5,86,34,0,34,120
04/14/2022,CRW,WV,AEA,CE,Combined TRACON& Tower with Radar,11,16,23,6,56,0,0,37,11,48,11,16,60,17,104,28,34,62,166
04/15/2022,CRW,WV,AEA,CE,Combined TRACON& Tower with Radar,9,16,20,5,50,0,0,46,0,46,9,16,66,5,96,56,0,56,152
04/16/2022,CRW,WV,AEA,CE,Combined TRACON& Tower with Radar,8,13,9,0,30,0,0,10,0,10,8,13,19,0,40,0,0,0,40
04/17/2022,CRW,WV,AEA,CE,Combined TRACON& Tower with Radar,10,11,13,0,34,0,0,25,0,25,10,11,38,0,59,27,0,27,86
04/18/2022,CRW,WV,AEA,CE,Combined TRACON& Tower with Radar,7,14,12,5,38,0,0,2,0,2,7,14,14,5,40,0,0,0,40
04/19/2022,CRW,WV,AEA,CE,Combined TRACON& Tower with Radar,13,14,12,4,43,0,7,8,4,19,13,21,20,8,62,0,0,0,62
04/20/2022,CRW,WV,AEA,CE,Combined TRACON& Tower with Radar,8,17,18,27,70,0,2,52,17,71,8,19,70,44,141,86,52,138,279
04/21/2022,CRW,WV,AEA,CE,Combined TRACON& Tower with Radar,10,17,12,9,48,0,1,19,11,31,10,18,31,20,79,10,50,60,139
04/22/2022,CRW,WV,AEA,CE,Combined TRACON& Tower with Radar,8,15,9,8,40,0,3,32,0,35,8,18,41,8,75,32,0,32,107
04/23/2022,CRW,WV,AEA,CE,Combined TRACON& Tower with Radar,8,12,9,2,31,0,2,29,0,31,8,14,38,2,62,12,18,30,92
04/24/2022,CRW,WV,AEA,CE,Combined TRACON& Tower with Radar,12,11,16,0,39,0,0,17,0,17,12,11,33,0,56,10,0,10,66
04/25/2022,CRW,WV,AEA,CE,Combined TRACON& Tower with Radar,8,13,16,9,46,0,0,37,4,41,8,13,53,13,87,52,0,52,139
04/26/2022,CRW,WV,AEA,CE,Combined TRACON& Tower with Radar,12,16,20,9,57,0,1,5,0,6,12,17,25,9,63,0,0,0,63
04/27/2022,CRW,WV,AEA,CE,Combined TRACON& Tower with Radar,8,14,22,5,49,0,1,30,6,37,8,15,52,11,86,22,10,32,118
04/28/2022,CRW,WV,AEA,CE,Combined TRACON& Tower with Radar,10,16,27,16,69,0,2,55,10,67,10,18,82,26,136,51,26,77,213
04/29/2022,CRW,WV,AEA,CE,Combined TRACON& Tower with Radar,10,17,16,2,45,0,0,38,3,41,10,17,54,5,86,72,0,72,158
04/30/2022,CRW,WV,AEA,CE,Combined TRACON& Tower with Radar,8,15,14,0,37,0,0,3,0,3,8,15,17,0,40,0,0,0,40
05/01/2022,CRW,WV,AEA,CE,Combined TRACON& Tower with Radar,10,12,7,0,29,0,2,3,0,5,10,14,10,0,34,18,0,18,52
05/02/2022,CRW,WV,AEA,CE,Combined TRACON& Tower with Radar,10,14,13,8,45,0,1,55,0,56,10,15,68,8,101,48,0,48,149
05/03/2022,CRW,WV,AEA,CE,Combined TRACON& Tower with Radar,10,15,11,8,44,0,0,28,2,30,10,15,39,10,74,30,12,42,116
05/04/2022,CRW,WV,AEA,CE,Combined TRACON& Tower with Radar,7,14,37,25,83,0,0,17,2,19,7,14,54,27,102,18,20,38,140
05/05/2022,CRW,WV,AEA,CE,Combined TRACON& Tower with Radar,13,19,30,12,74,0,1,43,9,53,13,20,73,21,127,70,10,80,207
05/06/2022,CRW,WV,AEA,CE,Combined TRACON& Tower with Radar,7,19,9,1,36,0,0,0,0,0,7,19,9,1,36,0,0,0,36
05/07/2022,CRW,WV,AEA,CE,Combined TRACON& Tower with Radar,6,15,5,2,28,0,0,0,1,1,6,15,5,3,29,0,0,0,29
05/08/2022,CRW,WV,AEA,CE,Combined TRACON& Tower with Radar,10,16,12,2,40,0,4,31,3,38,10,20,43,5,78,54,0,54,132
05/09/2022,CRW,WV,AEA,CE,Combined TRACON& Tower with Radar,8,18,10,4,40,0,3,53,0,56,8,21,63,4,96,45,0,45,141
05/10/2022,CRW,WV,AEA,CE,Combined TRACON& Tower with Radar,8,16,28,13,65,0,2,47,9,58,8,18,75,22,123,86,46,132,255
05/11/2022,CRW,WV,AEA,CE,Combined TRACON& Tower with Radar,6,16,30,12,64,0,1,51,7,59,6,17,81,19,123,38,0,38,161
05/12/2022,CRW,WV,AEA,CE,Combined TRACON& Tower with Radar,9,19,37,15,80,0,5,48,10,63,9,24,85,25,143,53,32,85,228
05/13/2022,CRW,WV,AEA,CE,Combined TRACON& Tower with Radar,9,15,31,7,62,0,2,36,14,52,9,17,67,21,114,32,24,56,170
05/14/2022,CRW,WV,AEA,CE,Combined TRACON& Tower with Radar,6,15,9,2,32,0,6,22,5,33,6,21,31,7,65,22,0,22,87
05/15/2022,CRW,WV,AEA,CE,Combined TRACON& Tower with Radar,9,12,25,4,50,0,0,19,1,20,9,12,44,5,70,0,0,0,70
05/16/2022,CRW,WV,AEA,CE,Combined TRACON& Tower with Radar,7,15,22,0,44,0,0,6,0,6,7,15,28,0,50,0,0,0,50
05/17/2022,CRW,WV,AEA,CE,Combined TRACON& Tower with Radar,10,16,29,4,59,0,2,58,3,63,10,18,87,7,122,48,0,48,170
05/18/2022,CRW,WV,AEA,CE,Combined TRACON& Tower with Radar,5,15,30,2,52,0,0,43,0,43,5,15,73,2,95,33,0,33,128
05/19/2022,CRW,WV,AEA,CE,Combined TRACON& Tower with Radar,9,25,32,8,74,0,0,36,14,50,9,25,68,22,124,36,26,62,186
05/20/2022,CRW,WV,AEA,CE,Combined TRACON& Tower with Radar,8,18,25,6,57,0,2,40,8,50,8,20,65,14,107,16,0,16,123
05/21/2022,CRW,WV,AEA,CE,Combined TRACON& Tower with Radar,6,15,9,0,30,0,1,30,4,35,6,16,39,4,65,26,0,26,91
05/22/2022,CRW,WV,AEA,CE,Combined TRACON& Tower with Radar,10,13,12,3,38,0,1,5,0,6,10,14,17,3,44,10,6,16,60
05/23/2022,CRW,WV,AEA,CE,Combined TRACON& Tower with Radar,9,12,19,3,43,0,0,4,2,6,9,12,23,5,49,10,0,10,59
05/24/2022,CRW,WV,AEA,CE,Combined TRACON& Tower with Radar,9,14,23,10,56,0,0,11,6,17,9,14,34,16,73,22,80,102,175
05/25/2022,CRW,WV,AEA,CE,Combined TRACON& Tower with Radar,5,17,20,2,44,0,1,40,3,44,5,18,60,5,88,64,6,70,158
05/26/2022,CRW,WV,AEA,CE,Combined TRACON& Tower with Radar,10,18,28,8,64,0,1,11,2,14,10,19,39,10,78,16,4,20,98
05/27/2022,CRW,WV,AEA,CE,Combined TRACON& Tower with Radar,8,14,8,1,31,0,0,9,0,9,8,14,17,1,40,0,0,0,40
05/28/2022,CRW,WV,AEA,CE,Combined TRACON& Tower with Radar,7,14,22,0,43,0,0,20,0,20,7,14,42,0,63,6,0,6,69
05/29/2022,CRW,WV,AEA,CE,Combined TRACON& Tower with Radar,11,12,7,0,30,0,0,33,0,33,11,12,40,0,63,32,0,32,95
05/30/2022,CRW,WV,AEA,CE,Combined TRACON& Tower with Radar,12,16,23,0,51,0,6,40,0,46,12,22,63,0,97,38,0,38,135
05/31/2022,CRW,WV,AEA,CE,Combined TRACON& Tower with Radar,8,21,22,3,54,0,2,43,0,45,8,23,65,3,99,49,0,49,148
06/01/2022,CRW,WV,AEA,CE,Combined TRACON& Tower with Radar,7,14,27,5,53,0,0,54,2,56,7,14,81,7,109,59,0,59,168
06/02/2022,CRW,WV,AEA,CE,Combined TRACON& Tower with Radar,13,17,20,8,58,0,0,11,2,13,13,17,31,10,71,30,2,32,103
06/03/2022,CRW,WV,AEA,CE,Combined TRACON& Tower with Radar,10,16,39,12,77,0,1,51,10,62,10,17,90,22,139,29,10,39,178
06/04/2022,CRW,WV,AEA,CE,Combined TRACON& Tower with Radar,10,16,17,8,51,0,0,37,1,38,10,16,54,9,89,0,0,0,89
06/05/2022,CRW,WV,AEA,CE,Combined TRACON& Tower with Radar,12,13,11,5,41,0,0,47,0,47,12,13,58,5,88,44,0,44,132
06/06/2022,CRW,WV,AEA,CE,Combined TRACON& Tower with Radar,9,13,12,0,34,0,0,55,0,55,9,13,67,0,89,66,0,66,155
06/07/2022,CRW,WV,AEA,CE,Combined TRACON& Tower with Radar,11,14,28,0,53,0,0,4,2,6,11,14,32,2,59,0,0,0,59
06/08/2022,CRW,WV,AEA,CE,Combined TRACON& Tower with Radar,8,13,18,9,48,0,1,19,1,21,8,14,37,10,69,30,4,34,103
06/09/2022,CRW,WV,AEA,CE,Combined TRACON& Tower with Radar,13,19,28,8,68,0,4,30,0,34,13,23,58,8,102,17,0,17,119
06/10/2022,CRW,WV,AEA,CE,Combined TRACON& Tower with Radar,11,18,24,5,58,0,1,44,0,45,11,19,68,5,103,34,0,34,137
06/11/2022,CRW,WV,AEA,CE,Combined TRACON& Tower with Radar,10,13,14,1,38,0,0,17,0,17,10,13,31,1,55,16,0,16,71
06/12/2022,CRW,WV,AEA,CE,Combined TRACON& Tower with Radar,10,12,19,5,46,0,0,19,0,19,10,12,38,5,65,56,0,56,121
06/13/2022,CRW,WV,AEA,CE,Combined TRACON& Tower with Radar,10,14,28,1,53,0,3,50,0,53,10,17,78,1,106,106,0,106,212
06/14/2022,CRW,WV,AEA,CE,Combined TRACON& Tower with Radar,12,16,21,22,71,0,3,31,7,41,12,19,52,29,112,36,12,48,160
06/15/2022,CRW,WV,AEA,CE,Combined TRACON& Tower with Radar,10,16,23,5,54,0,4,29,10,43,10,20,52,15,97,32,4,36,133
06/16/2022,CRW,WV,AEA,CE,Combined TRACON& Tower with Radar,10,25,21,23,79,0,2,33,22,57,10,27,54,45,136,38,82,120,256
06/17/2022,CRW,WV,AEA,CE,Combined TRACON& Tower with Radar,9,15,11,2,37,0,2,19,2,23,9,17,30,4,60,26,0,26,86
06/18/2022,CRW,WV,AEA,CE,Combined TRACON& Tower with Radar,11,19,10,0,40,0,0,38,0,38,11,19,48,0,78,14,0,14,92
06/19/2022,CRW,WV,AEA,CE,Combined TRACON& Tower with Radar,10,15,12,2,39,0,0,37,0,37,10,15,49,2,76,20,0,20,96
06/20/2022,CRW,WV,AEA,CE,Combined TRACON& Tower with Radar,8,13,16,0,37,0,1,49,0,50,8,14,65,0,87,48,0,48,135
06/21/2022,CRW,WV,AEA,CE,Combined TRACON& Tower with Radar,12,17,26,4,59,0,0,43,19,62,12,17,69,23,121,42,16,58,179
06/22/2022,CRW,WV,AEA,CE,Combined TRACON& Tower with Radar,9,15,12,7,43,0,1,29,15,45,9,16,41,22,88,34,30,64,152
06/23/2022,CRW,WV,AEA,CE,Combined TRACON& Tower with Radar,8,17,29,21,75,0,3,26,5,34,8,20,55,26,109,4,12,16,125
06/24/2022,CRW,WV,AEA,CE,Combined TRACON& Tower with Radar,9,16,19,3,47,0,0,47,1,48,9,16,66,4,95,22,0,22,117
06/25/2022,CRW,WV,AEA,CE,Combined TRACON& Tower with Radar,10,15,20,14,59,0,2,26,3,31,10,17,46,17,90,28,52,80,170
06/26/2022,CRW,WV,AEA,CE,Combined TRACON& Tower with Radar,12,12,16,0,40,0,0,11,0,11,12,12,27,0,51,0,0,0,51
06/27/2022,CRW,WV,AEA,CE,Combined TRACON& Tower with Radar,10,11,43,4,68,0,2,26,4,32,10,13,69,8,100,39,0,39,139
06/28/2022,CRW,WV,AEA,CE,Combined TRACON& Tower with Radar,12,19,24,12,67,0,0,57,19,76,12,19,81,31,143,87,43,130,273
06/29/2022,CRW,WV,AEA,CE,Combined TRACON& Tower with Radar,7,10,13,10,40,0,4,19,11,34,7,14,32,21,74,6,40,46,120
06/30/2022,CRW,WV,AEA,CE,Combined TRACON& Tower with Radar,12,21,14,0,47,0,6,38,0,44,12,27,52,0,91,44,0,44,135
07/01/2022,CRW,WV,AEA,CE,Combined TRACON& Tower with Radar,7,15,18,0,40,0,1,11,4,16,7,16,29,4,56,25,0,25,81
07/02/2022,CRW,WV,AEA,CE,Combined TRACON& Tower with Radar,13,21,5,2,41,0,0,9,0,9,13,21,14,2,50,0,0,0,50
07/03/2022,CRW,WV,AEA,CE,Combined TRACON& Tower with Radar,9,16,18,3,46,0,0,21,4,25,9,16,39,7,71,0,0,0,71
07/04/2022,CRW,WV,AEA,CE,Combined TRACON& Tower with Radar,9,10,7,0,26,0,2,23,0,25,9,12,30,0,51,4,0,4,55
07/05/2022,CRW,WV,AEA,CE,Combined TRACON& Tower with Radar,9,14,13,0,36,0,0,15,0,15,9,14,28,0,51,0,0,0,51
07/06/2022,CRW,WV,AEA,CE,Combined TRACON& Tower with Radar,9,13,10,0,32,0,0,18,0,18,9,13,28,0,50,12,0,12,62
07/07/2022,CRW,WV,AEA,CE,Combined TRACON& Tower with Radar,11,19,40,4,74,0,1,16,0,17,11,20,56,4,91,34,0,34,125
07/08/2022,CRW,WV,AEA,CE,Combined TRACON& Tower with Radar,10,16,20,5,51,0,0,6,0,6,10,16,26,5,57,16,0,16,73
07/09/2022,CRW,WV,AEA,CE,Combined TRACON& Tower with Radar,7,15,31,2,55,0,0,0,0,0,7,15,31,2,55,0,0,0,55
07/10/2022,CRW,WV,AEA,CE,Combined TRACON& Tower with Radar,11,18,28,2,59,0,0,27,0,27,11,18,55,2,86,38,0,38,124
07/11/2022,CRW,WV,AEA,CE,Combined TRACON& Tower with Radar,8,9,24,4,45,0,0,52,8,60,8,9,76,12,105,70,0,70,175
07/12/2022,CRW,WV,AEA,CE,Combined TRACON& Tower with Radar,9,17,33,6,65,0,4,53,6,63,9,21,86,12,128,15,0,15,143
07/13/2022,CRW,WV,AEA,CE,Combined TRACON& Tower with Radar,12,16,40,6,74,0,3,39,10,52,12,19,79,16,126,32,14,46,172
07/14/2022,CRW,WV,AEA,CE,Combined TRACON& Tower with Radar,12,19,28,4,63,0,1,41,26,68,12,20,69,30,131,52,36,88,219
07/15/2022,CRW,WV,AEA,CE,Combined TRACON& Tower with Radar,12,14,22,9,57,0,0,53,4,57,12,14,75,13,114,90,0,90,204
07/16/2022,CRW,WV,AEA,CE,Combined TRACON& Tower with Radar,10,15,24,6,55,0,1,30,0,31,10,16,54,6,86,62,0,62,148
07/17/2022,CRW,WV,AEA,CE,Combined TRACON& Tower with Radar,12,13,7,0,32,0,1,3,2,6,12,14,10,2,38,0,0,0,38
07/18/2022,CRW,WV,AEA,CE,Combined TRACON& Tower with Radar,10,16,23,5,54,0,0,1,6,7,10,16,24,11,61,0,0,0,61
07/19/2022,CRW,WV,AEA,CE,Combined TRACON& Tower with Radar,12,15,33,9,69,0,0,38,4,42,12,15,71,13,111,52,12,64,175
07/20/2022,CRW,WV,AEA,CE,Combined TRACON& Tower with Radar,10,18,30,20,78,0,2,62,19,83,10,20,92,39,161,72,42,114,275
07/21/2022,CRW,WV,AEA,CE,Combined TRACON& Tower with Radar,10,17,33,10,70,0,0,26,0,26,10,17,59,10,96,18,0,18,114
07/22/2022,CRW,WV,AEA,CE,Combined TRACON& Tower with Radar,9,17,31,6,63,0,1,53,5,59,9,18,84,11,122,64,0,64,186
07/23/2022,CRW,WV,AEA,CE,Combined TRACON& Tower with Radar,8,16,16,0,40,0,1,30,0,31,8,17,46,0,71,49,0,49,120
07/24/2022,CRW,WV,AEA,CE,Combined TRACON& Tower with Radar,10,11,7,5,33,0,0,32,1,33,10,11,39,6,66,62,0,62,128
07/25/2022,CRW,WV,AEA,CE,Combined TRACON& Tower with Radar,9,11,21,0,41,0,0,21,4,25,9,11,42,4,66,0,0,0,66
07/26/2022,CRW,WV,AEA,CE,Combined TRACON& Tower with Radar,10,17,16,5,48,0,0,2,8,10,10,17,18,13,58,0,0,0,58
07/27/2022,CRW,WV,AEA,CE,Combined TRACON& Tower with Radar,10,12,11,1,34,0,0,17,2,19,10,12,28,3,53,10,0,10,63
07/28/2022,CRW,WV,AEA,CE,Combined TRACON& Tower with Radar,11,15,16,4,46,0,0,20,2,22,11,15,36,6,68,64,0,64,132
07/29/2022,CRW,WV,AEA,CE,Combined TRACON& Tower with Radar,9,16,29,22,76,0,2,6,5,13,9,18,35,27,89,0,10,10,99
07/30/2022,CRW,WV,AEA,CE,Combined TRACON& Tower with Radar,9,13,14,0,36,0,1,29,0,30,9,14,43,0,66,55,0,55,121
07/31/2022,CRW,WV,AEA,CE,Combined TRACON& Tower with Radar,12,8,9,4,33,0,0,1,0,1,12,8,10,4,34,0,0,0,34
08/01/2022,CRW,WV,AEA,CE,Combined TRACON& Tower with Radar,9,11,13,6,39,0,0,4,4,8,9,11,17,10,47,22,0,22,69
08/02/2022,CRW,WV,AEA,CE,Combined TRACON& Tower with Radar,14,15,20,6,55,0,1,44,14,59,14,16,64,20,114,110,0,110,224
08/03/2022,CRW,WV,AEA,CE,Combined TRACON& Tower with Radar,10,12,10,26,58,0,4,75,3,82,10,16,85,29,140,113,12,125,265
08/04/2022,CRW,WV,AEA,CE,Combined TRACON& Tower with Radar,7,12,9,1,29,0,0,11,13,24,7,12,20,14,53,30,14,44,97
08/05/2022,CRW,WV,AEA,CE,Combined TRACON& Tower with Radar,7,14,16,9,46,0,1,12,1,14,7,15,28,10,60,36,0,36,96
08/06/2022,CRW,WV,AEA,CE,Combined TRACON& Tower with Radar,9,14,8,0,31,0,0,5,2,7,9,14,13,2,38,6,0,6,44
08/07/2022,CRW,WV,AEA,CE,Combined TRACON& Tower with Radar,11,19,20,14,64,0,0,30,5,35,11,19,50,19,99,25,10,35,134
08/08/2022,CRW,WV,AEA,CE,Combined TRACON& Tower with Radar,8,9,9,10,36,0,0,40,11,51,8,9,49,21,87,78,22,100,187
08/09/2022,CRW,WV,AEA,CE,Combined TRACON& Tower with Radar,10,22,20,8,60,0,0,39,3,42,10,22,59,11,102,37,22,59,161
08/10/2022,CRW,WV,AEA,CE,Combined TRACON& Tower with Radar,9,12,6,6,33,0,0,8,4,12,9,12,14,10,45,0,10,10,55
08/11/2022,CRW,WV,AEA,CE,Combined TRACON& Tower with Radar,12,16,15,6,49,0,0,50,10,60,12,16,65,16,109,100,10,110,219
08/12/2022,CRW,WV,AEA,CE,Combined TRACON& Tower with Radar,8,17,21,7,53,0,2,52,4,58,8,19,73,11,111,20,0,20,131
08/13/2022,CRW,WV,AEA,CE,Combined TRACON& Tower with Radar,9,10,7,3,29,0,3,33,1,37,9,13,40,4,66,44,0,44,110
08/14/2022,CRW,WV,AEA,CE,Combined TRACON& Tower with Radar,12,10,6,0,28,0,1,13,1,15,12,11,19,1,43,54,0,54,97
08/15/2022,CRW,WV,AEA,CE,Combined TRACON& Tower with Radar,8,8,22,2,40,0,3,9,1,13,8,11,31,3,53,46,0,46,99
08/16/2022,CRW,WV,AEA,CE,Combined TRACON& Tower with Radar,12,16,16,11,55,0,0,12,8,20,12,16,28,19,75,10,18,28,103
08/17/2022,CRW,WV,AEA,CE,Combined TRACON& Tower with Radar,9,12,27,4,52,0,2,43,16,61,9,14,70,20,113,96,6,102,215
08/18/2022,CRW,WV,AEA,CE,Combined TRACON& Tower with Radar,11,18,27,9,65,0,0,40,9,49,11,18,67,18,114,44,0,44,158
08/19/2022,CRW,WV,AEA,CE,Combined TRACON& Tower with Radar,9,17,23,13,62,0,0,46,0,46,9,17,69,13,108,43,0,43,151
08/20/2022,CRW,WV,AEA,CE,Combined TRACON& Tower with Radar,9,15,13,1,38,0,3,18,1,22,9,18,31,2,60,6,0,6,66
08/21/2022,CRW,WV,AEA,CE,Combined TRACON& Tower with Radar,13,16,8,5,42,0,1,10,0,11,13,17,18,5,53,20,0,20,73
08/22/2022,CRW,WV,AEA,CE,Combined TRACON& Tower with Radar,10,19,14,1,44,0,1,17,2,20,10,20,31,3,64,72,0,72,136
08/23/2022,CRW,WV,AEA,CE,Combined TRACON& Tower with Radar,10,16,18,8,52,0,0,28,2,30,10,16,46,10,82,56,22,78,160
08/24/2022,CRW,WV,AEA,CE,Combined TRACON& Tower with Radar,10,12,10,12,44,0,1,31,6,38,10,13,41,18,82,108,18,126,208
08/25/2022,CRW,WV,AEA,CE,Combined TRACON& Tower with Radar,12,15,29,11,67,0,1,28,12,41,12,16,57,23,108,12,26,38,146
08/26/2022,CRW,WV,AEA,CE,Combined TRACON& Tower with Radar,10,13,15,17,55,0,0,21,0,21,10,13,36,17,76,42,0,42,118
08/27/2022,CRW,WV,AEA,CE,Combined TRACON& Tower with Radar,9,19,25,1,54,0,1,19,0,20,9,20,44,1,74,0,0,0,74
08/28/2022,CRW,WV,AEA,CE,Combined TRACON& Tower with Radar,13,10,13,0,36,0,0,32,0,32,13,10,45,0,68,31,0,31,99
08/29/2022,CRW,WV,AEA,CE,Combined TRACON& Tower with Radar,10,9,14,0,33,0,0,39,0,39,10,9,53,0,72,9,0,9,81
08/30/2022,CRW,WV,AEA,CE,Combined TRACON& Tower with Radar,11,14,8,6,39,0,0,4,0,4,11,14,12,6,43,2,0,2,45
08/31/2022,CRW,WV,AEA,CE,Combined TRACON& Tower with Radar,11,16,21,8,56,0,1,57,26,84,11,17,78,34,140,38,8,46,186
09/01/2022,CRW,WV,AEA,CE,Combined TRACON& Tower with Radar,10,17,13,12,52,0,0,53,0,53,10,17,66,12,105,28,4,32,137
09/02/2022,CRW,WV,AEA,CE,Combined TRACON& Tower with Radar,10,21,18,0,49,0,1,48,0,49,10,22,66,0,98,80,0,80,178
09/03/2022,CRW,WV,AEA,CE,Combined TRACON& Tower with Radar,8,14,9,0,31,0,0,31,2,33,8,14,40,2,64,12,0,12,76
09/04/2022,CRW,WV,AEA,CE,Combined TRACON& Tower with Radar,12,8,13,2,35,0,0,11,0,11,12,8,24,2,46,0,0,0,46
09/05/2022,CRW,WV,AEA,CE,Combined TRACON& Tower with Radar,9,17,12,0,38,0,0,0,0,0,9,17,12,0,38,0,0,0,38
09/06/2022,CRW,WV,AEA,CE,Combined TRACON& Tower with Radar,11,13,30,0,54,0,0,12,0,12,11,13,42,0,66,41,0,41,107
09/07/2022,CRW,WV,AEA,CE,Combined TRACON& Tower with Radar,10,15,32,28,85,0,2,36,4,42,10,17,68,32,127,128,46,174,301
09/08/2022,CRW,WV,AEA,CE,Combined TRACON& Tower with Radar,12,20,37,12,81,0,0,34,12,46,12,20,71,24,127,54,28,82,209
09/09/2022,CRW,WV,AEA,CE,Combined TRACON& Tower with Radar,10,20,44,9,83,0,2,62,0,64,10,22,106,9,147,64,10,74,221
09/10/2022,CRW,WV,AEA,CE,Combined TRACON& Tower with Radar,10,14,15,14,53,0,0,15,2,17,10,14,30,16,70,26,12,38,108
09/11/2022,CRW,WV,AEA,CE,Combined TRACON& Tower with Radar,16,18,15,9,58,0,1,17,0,18,16,19,32,9,76,18,0,18,94
09/12/2022,CRW,WV,AEA,CE,Combined TRACON& Tower with Radar,2,2,1,0,5,0,2,4,0,6,2,4,5,0,11,0,0,0,11
09/13/2022,CRW,WV,AEA,CE,Combined TRACON& Tower with Radar,0,0,0,0,0,0,1,8,2,11,0,1,8,2,11,0,0,0,11
09/14/2022,CRW,WV,AEA,CE,Combined TRACON& Tower with Radar,0,0,0,2,2,0,0,11,4,15,0,0,11,6,17,0,0,0,17
09/15/2022,CRW,WV,AEA,CE,Combined TRACON& Tower with Radar,13,13,12,3,41,0,2,52,6,60,13,15,64,9,101,42,0,42,143
09/16/2022,CRW,WV,AEA,CE,Combined TRACON& Tower with Radar,12,20,40,11,83,0,3,48,1,52,12,23,88,12,135,32,0,32,167
09/17/2022,CRW,WV,AEA,CE,Combined TRACON& Tower with Radar,12,12,14,13,51,0,0,36,0,36,12,12,50,13,87,28,0,28,115
09/18/2022,CRW,WV,AEA,CE,Combined TRACON& Tower with Radar,18,15,18,6,57,0,4,44,1,49,18,19,62,7,106,27,0,27,133
09/19/2022,CRW,WV,AEA,CE,Combined TRACON& Tower with Radar,14,14,20,8,56,0,5,41,0,46,14,19,61,8,102,96,6,102,204
09/20/2022,CRW,WV,AEA,CE,Combined TRACON& Tower with Radar,14,27,35,5,81,0,2,44,8,54,14,29,79,13,135,20,0,20,155
09/21/2022,CRW,WV,AEA,CE,Combined TRACON& Tower with Radar,14,20,32,10,76,0,0,38,30,68,14,20,70,40,144,66,12,78,222
09/22/2022,CRW,WV,AEA,CE,Combined TRACON& Tower with Radar,16,18,36,1,71,0,0,18,4,22,16,18,54,5,93,2,14,16,109
09/23/2022,CRW,WV,AEA,CE,Combined TRACON& Tower with Radar,14,18,20,2,54,0,0,40,2,42,14,18,60,4,96,71,0,71,167
09/24/2022,CRW,WV,AEA,CE,Combined TRACON& Tower with Radar,12,17,14,1,44,0,0,33,0,33,12,17,47,1,77,107,0,107,184
09/25/2022,CRW,WV,AEA,CE,Combined TRACON& Tower with Radar,16,10,8,1,35,0,1,12,2,15,16,11,20,3,50,0,0,0,50
09/26/2022,CRW,WV,AEA,CE,Combined TRACON& Tower with Radar,15,9,14,2,40,0,0,24,0,24,15,9,38,2,64,21,0,21,85
09/27/2022,CRW,WV,AEA,CE,Combined TRACON& Tower with Radar,14,19,24,4,61,0,0,36,0,36,14,19,60,4,97,30,0,30,127
09/28/2022,CRW,WV,AEA,CE,Combined TRACON& Tower with Radar,14,19,25,7,65,0,4,32,1,37,14,23,57,8,102,62,0,62,164
09/29/2022,CRW,WV,AEA,CE,Combined TRACON& Tower with Radar,14,15,16,6,51,0,1,19,2,22,14,16,35,8,73,14,0,14,87
09/30/2022,CRW,WV,AEA,CE,Combined TRACON& Tower with Radar,14,17,23,11,65,0,0,23,4,27,14,17,46,15,92,36,4,40,132
10/01/2022,CRW,WV,AEA,CE,Combined TRACON& Tower with Radar,12,12,4,5,33,0,0,0,0,0,12,12,4,5,33,0,0,0,33
10/02/2022,CRW,WV,AEA,CE,Combined TRACON& Tower with Radar,18,7,11,7,43,0,0,2,0,2,18,7,13,7,45,11,0,11,56
10/03/2022,CRW,WV,AEA,CE,Combined TRACON& Tower with Radar,14,5,23,2,44,0,0,33,0,33,14,5,56,2,77,60,0,60,137
10/04/2022,CRW,WV,AEA,CE,Combined TRACON& Tower with Radar,14,9,21,8,52,0,0,43,7,50,14,9,64,15,102,58,8,66,168
10/05/2022,CRW,WV,AEA,CE,Combined TRACON& Tower with Radar,14,12,20,12,58,0,0,48,18,66,14,12,68,30,124,110,80,190,314
10/06/2022,CRW,WV,AEA,CE,Combined TRACON& Tower with Radar,16,14,29,2,61,0,2,54,14,70,16,16,83,16,131,84,48,132,263
10/07/2022,CRW,WV,AEA,CE,Combined TRACON& Tower with Radar,14,7,27,0,48,0,0,35,0,35,14,7,62,0,83,44,0,44,127
10/08/2022,CRW,WV,AEA,CE,Combined TRACON& Tower with Radar,12,10,14,0,36,0,2,27,0,29,12,12,41,0,65,81,0,81,146
10/09/2022,CRW,WV,AEA,CE,Combined TRACON& Tower with Radar,18,6,11,2,37,0,8,29,0,37,18,14,40,2,74,28,0,28,102
10/10/2022,CRW,WV,AEA,CE,Combined TRACON& Tower with Radar,14,5,11,0,30,0,0,46,6,52,14,5,57,6,82,116,0,116,198
10/11/2022,CRW,WV,AEA,CE,Combined TRACON& Tower with Radar,14,17,26,5,62,0,2,40,26,68,14,19,66,31,130,26,25,51,181
10/12/2022,CRW,WV,AEA,CE,Combined TRACON& Tower with Radar,14,14,32,11,71,0,0,27,22,49,14,14,59,33,120,14,0,14,134
10/13/2022,CRW,WV,AEA,CE,Combined TRACON& Tower with Radar,16,20,29,14,79,0,0,23,11,34,16,20,52,25,113,82,54,136,249
10/14/2022,CRW,WV,AEA,CE,Combined TRACON& Tower with Radar,14,13,15,6,48,0,2,42,4,48,14,15,57,10,96,22,0,22,118
10/15/2022,CRW,WV,AEA,CE,Combined TRACON& Tower with Radar,12,9,12,3,36,0,2,24,3,29,12,11,36,6,65,16,0,16,81
10/16/2022,CRW,WV,AEA,CE,Combined TRACON& Tower with Radar,18,7,15,2,42,0,1,15,0,16,18,8,30,2,58,8,0,8,66
10/17/2022,CRW,WV,AEA,CE,Combined TRACON& Tower with Radar,14,7,28,4,53,0,0,35,2,37,14,7,63,6,90,33,0,33,123
10/18/2022,CRW,WV,AEA,CE,Combined TRACON& Tower with Radar,14,16,16,12,58,0,0,2,12,14,14,16,18,24,72,36,46,82,154
10/19/2022,CRW,WV,AEA,CE,Combined TRACON& Tower with Radar,14,10,18,9,51,0,1,25,4,30,14,11,43,13,81,56,0,56,137
10/20/2022,CRW,WV,AEA,CE,Combined TRACON& Tower with Radar,16,13,22,5,56,0,2,30,22,54,16,15,52,27,110,32,60,92,202
10/21/2022,CRW,WV,AEA,CE,Combined TRACON& Tower with Radar,14,11,23,4,52,0,2,38,0,40,14,13,61,4,92,48,0,48,140
10/22/2022,CRW,WV,AEA,CE,Combined TRACON& Tower with Radar,14,9,20,3,46,0,1,40,3,44,14,10,60,6,90,24,6,30,120
10/23/2022,CRW,WV,AEA,CE,Combined TRACON& Tower with Radar,18,6,6,2,32,0,0,35,0,35,18,6,41,2,67,52,0,52,119
10/24/2022,CRW,WV,AEA,CE,Combined TRACON& Tower with Radar,14,9,22,2,47,0,2,45,0,47,14,11,67,2,94,77,0,77,171
10/25/2022,CRW,WV,AEA,CE,Combined TRACON& Tower with Radar,14,17,37,23,91,0,1,46,29,76,14,18,83,52,167,26,30,56,223
10/26/2022,CRW,WV,AEA,CE,Combined TRACON& Tower with Radar,14,17,17,24,72,0,3,16,11,30,14,20,33,35,102,36,34,70,172
10/27/2022,CRW,WV,AEA,CE,Combined TRACON& Tower with Radar,16,17,27,9,69,0,2,32,2,36,16,19,59,11,105,0,10,10,115
10/28/2022,CRW,WV,AEA,CE,Combined TRACON& Tower with Radar,17,17,16,11,61,0,0,44,7,51,17,17,60,18,112,24,14,38,150
10/29/2022,CRW,WV,AEA,CE,Combined TRACON& Tower with Radar,10,12,15,0,37,0,1,33,0,34,10,13,48,0,71,12,0,12,83
10/30/2022,CRW,WV,AEA,CE,Combined TRACON& Tower with Radar,16,10,11,2,39,0,0,30,0,30,16,10,41,2,69,6,0,6,75
10/31/2022,CRW,WV,AEA,CE,Combined TRACON& Tower with Radar,8,7,17,4,36,0,0,2,0,2,8,7,19,4,38,0,0,0,38
11/01/2022,CRW,WV,AEA,CE,Combined TRACON& Tower with Radar,14,11,16,10,51,0,2,23,0,25,14,13,39,10,76,14,0,14,90
11/02/2022,CRW,WV,AEA,CE,Combined TRACON& Tower with Radar,13,17,17,20,67,0,0,24,29,53,13,17,41,49,120,20,56,76,196
11/03/2022,CRW,WV,AEA,CE,Combined TRACON& Tower with Radar,18,15,16,12,61,0,0,53,12,65,18,15,69,24,126,60,58,118,244
11/04/2022,CRW,WV,AEA,CE,Combined TRACON& Tower with Radar,14,8,19,2,43,0,0,40,1,41,14,8,59,3,84,6,0,6,90
11/05/2022,CRW,WV,AEA,CE,Combined TRACON& Tower with Radar,11,13,9,2,35,0,0,17,6,23,11,13,26,8,58,0,0,0,58
11/06/2022,CRW,WV,AEA,CE,Combined TRACON& Tower with Radar,17,7,22,6,52,0,0,12,2,14,17,7,34,8,66,0,0,0,66
11/07/2022,CRW,WV,AEA,CE,Combined TRACON& Tower with Radar,12,12,21,11,56,0,1,44,3,48,12,13,65,14,104,15,0,15,119
11/08/2022,CRW,WV,AEA,CE,Combined TRACON& Tower with Radar,17,12,17,3,49,0,0,55,6,61,17,12,72,9,110,25,12,37,147
11/09/2022,CRW,WV,AEA,CE,Combined TRACON& Tower with Radar,14,15,21,9,59,0,1,71,15,87,14,16,92,24,146,98,18,116,262
11/10/2022,CRW,WV,AEA,CE,Combined TRACON& Tower with Radar,14,15,22,5,56,0,1,58,2,61,14,16,80,7,117,20,0,20,137
11/11/2022,CRW,WV,AEA,CE,Combined TRACON& Tower with Radar,17,12,6,0,35,0,0,0,0,0,17,12,6,0,35,0,0,0,35
11/12/2022,CRW,WV,AEA,CE,Combined TRACON& Tower with Radar,10,13,5,1,29,0,0,0,0,0,10,13,5,1,29,0,0,0,29
11/13/2022,CRW,WV,AEA,CE,Combined TRACON& Tower with Radar,17,8,2,0,27,0,0,5,0,5,17,8,7,0,32,0,0,0,32
11/14/2022,CRW,WV,AEA,CE,Combined TRACON& Tower with Radar,16,13,12,1,42,0,0,50,3,53,16,13,62,4,95,10,0,10,105
11/15/2022,CRW,WV,AEA,CE,Combined TRACON& Tower with Radar,14,12,7,3,36,0,0,4,0,4,14,12,11,3,40,0,0,0,40
11/16/2022,CRW,WV,AEA,CE,Combined TRACON& Tower with Radar,14,13,4,6,37,0,0,8,2,10,14,13,12,8,47,16,0,16,63
11/17/2022,CRW,WV,AEA,CE,Combined TRACON& Tower with Radar,16,13,11,16,56,0,1,26,17,44,16,14,37,33,100,68,50,118,218
11/18/2022,CRW,WV,AEA,CE,Combined TRACON& Tower with Radar,14,13,23,1,51,0,1,48,0,49,14,14,71,1,100,30,0,30,130
11/19/2022,CRW,WV,AEA,CE,Combined TRACON& Tower with Radar,10,13,18,0,41,0,0,48,0,48,10,13,66,0,89,40,0,40,129
11/20/2022,CRW,WV,AEA,CE,Combined TRACON& Tower with Radar,17,8,2,0,27,0,0,27,0,27,17,8,29,0,54,11,0,11,65
11/21/2022,CRW,WV,AEA,CE,Combined TRACON& Tower with Radar,13,9,12,8,42,0,0,58,0,58,13,9,70,8,100,38,14,52,152
11/22/2022,CRW,WV,AEA,CE,Combined TRACON& Tower with Radar,12,18,19,2,51,0,0,60,0,60,12,18,79,2,111,60,0,60,171
11/23/2022,CRW,WV,AEA,CE,Combined TRACON& Tower with Radar,14,14,11,0,39,0,1,32,0,33,14,15,43,0,72,24,0,24,96
11/24/2022,CRW,WV,AEA,CE,Combined TRACON& Tower with Radar,10,9,7,0,26,0,2,20,0,22,10,11,27,0,48,8,0,8,56
11/25/2022,CRW,WV,AEA,CE,Combined TRACON& Tower with Radar,12,15,7,0,34,0,0,6,0,6,12,15,13,0,40,18,0,18,58
11/26/2022,CRW,WV,AEA,CE,Combined TRACON& Tower with Radar,10,14,7,0,31,0,1,23,0,24,10,15,30,0,55,18,0,18,73
11/27/2022,CRW,WV,AEA,CE,Combined TRACON& Tower with Radar,20,12,5,0,37,0,0,7,0,7,20,12,12,0,44,0,0,0,44
11/28/2022,CRW,WV,AEA,CE,Combined TRACON& Tower with Radar,14,9,12,0,35,0,0,8,0,8,14,9,20,0,43,18,0,18,61
11/29/2022,CRW,WV,AEA,CE,Combined TRACON& Tower with Radar,12,16,13,17,58,0,0,41,13,54,12,16,54,30,112,14,16,30,142
11/30/2022,CRW,WV,AEA,CE,Combined TRACON& Tower with Radar,12,10,7,4,33,0,0,4,4,8,12,10,11,8,41,4,0,4,45
12/01/2022,CRW,WV,AEA,CE,Combined TRACON& Tower with Radar,16,14,20,16,66,0,0,43,27,70,16,14,63,43,136,32,50,82,218
12/02/2022,CRW,WV,AEA,CE,Combined TRACON& Tower with Radar,14,20,19,2,55,0,0,41,0,41,14,20,60,2,96,12,0,12,108
12/03/2022,CRW,WV,AEA,CE,Combined TRACON& Tower with Radar,10,12,6,4,32,0,0,2,4,6,10,12,8,8,38,0,0,0,38
12/04/2022,CRW,WV,AEA,CE,Combined TRACON& Tower with Radar,18,10,6,2,36,0,1,49,7,57,18,11,55,9,93,65,0,65,158
12/05/2022,CRW,WV,AEA,CE,Combined TRACON& Tower with Radar,14,9,17,2,42,0,2,59,2,63,14,11,76,4,105,27,0,27,132
12/06/2022,CRW,WV,AEA,CE,Combined TRACON& Tower with Radar,12,21,7,5,45,0,0,7,0,7,12,21,14,5,52,38,0,38,90
12/07/2022,CRW,WV,AEA,CE,Combined TRACON& Tower with Radar,12,21,12,30,75,0,0,3,0,3,12,21,15,30,78,10,0,10,88
12/08/2022,CRW,WV,AEA,CE,Combined TRACON& Tower with Radar,16,12,16,32,76,0,0,4,2,6,16,12,20,34,82,0,0,0,82
12/09/2022,CRW,WV,AEA,CE,Combined TRACON& Tower with Radar,14,13,21,0,48,0,1,13,0,14,14,14,34,0,62,0,0,0,62
12/10/2022,CRW,WV,AEA,CE,Combined TRACON& Tower with Radar,10,11,18,0,39,0,0,13,0,13,10,11,31,0,52,66,0,66,118
12/11/2022,CRW,WV,AEA,CE,Combined TRACON& Tower with Radar,18,13,7,1,39,0,0,1,0,1,18,13,8,1,40,0,0,0,40
12/12/2022,CRW,WV,AEA,CE,Combined TRACON& Tower with Radar,14,12,21,2,49,0,0,52,0,52,14,12,73,2,101,72,0,72,173
12/13/2022,CRW,WV,AEA,CE,Combined TRACON& Tower with Radar,12,16,16,10,54,0,0,73,3,76,12,16,89,13,130,82,8,90,220
12/14/2022,CRW,WV,AEA,CE,Combined TRACON& Tower with Radar,12,15,26,12,65,0,0,18,0,18,12,15,44,12,83,66,4,70,153
12/15/2022,CRW,WV,AEA,CE,Combined TRACON& Tower with Radar,14,13,19,7,53,0,0,6,3,9,14,13,25,10,62,6,0,6,68
12/16/2022,CRW,WV,AEA,CE,Combined TRACON& Tower with Radar,11,16,9,2,38,0,1,18,10,29,11,17,27,12,67,32,0,32,99
12/17/2022,CRW,WV,AEA,CE,Combined TRACON& Tower with Radar,8,15,5,4,32,0,0,8,10,18,8,15,13,14,50,18,0,18,68
12/18/2022,CRW,WV,AEA,CE,Combined TRACON& Tower with Radar,12,10,2,0,24,0,12,1,0,13,12,22,3,0,37,18,0,18,55
12/19/2022,CRW,WV,AEA,CE,Combined TRACON& Tower with Radar,8,20,8,1,37,0,12,28,6,46,8,32,36,7,83,48,0,48,131
12/20/2022,CRW,WV,AEA,CE,Combined TRACON& Tower with Radar,10,14,30,6,60,0,15,29,10,54,10,29,59,16,114,42,0,42,156
12/21/2022,CRW,WV,AEA,CE,Combined TRACON& Tower with Radar,8,22,14,6,50,0,7,23,11,41,8,29,37,17,91,4,40,44,135
12/22/2022,CRW,WV,AEA,CE,Combined TRACON& Tower with Radar,10,18,8,0,36,0,1,0,0,1,10,19,8,0,37,0,0,0,37
12/23/2022,CRW,WV,AEA,CE,Combined TRACON& Tower with Radar,0,1,5,0,6,0,0,0,0,0,0,1,5,0,6,0,0,0,6
12/24/2022,CRW,WV,AEA,CE,Combined TRACON& Tower with Radar,10,8,1,0,19,0,0,2,0,2,10,8,3,0,21,0,0,0,21
12/25/2022,CRW,WV,AEA,CE,Combined TRACON& Tower with Radar,10,7,2,0,19,0,0,2,0,2,10,7,4,0,21,0,0,0,21
12/26/2022,CRW,WV,AEA,CE,Combined TRACON& Tower with Radar,8,10,7,0,25,0,1,6,0,7,8,11,13,0,32,0,0,0,32
12/27/2022,CRW,WV,AEA,CE,Combined TRACON& Tower with Radar,8,12,13,0,33,0,1,4,0,5,8,13,17,0,38,0,0,0,38
12/28/2022,CRW,WV,AEA,CE,Combined TRACON& Tower with Radar,8,13,10,1,32,0,1,10,0,11,8,14,20,1,43,6,0,6,49
12/29/2022,CRW,WV,AEA,CE,Combined TRACON& Tower with Radar,10,14,8,5,37,0,8,20,1,29,10,22,28,6,66,24,0,24,90
12/30/2022,CRW,WV,AEA,CE,Combined TRACON& Tower with Radar,8,15,13,0,36,0,1,29,0,30,8,16,42,0,66,20,0,20,86
12/31/2022,CRW,WV,AEA,CE,Combined TRACON& Tower with Radar,6,15,2,0,23,0,0,0,0,0,6,15,2,0,23,0,0,0,23
01/01/2023,CRW,WV,AEA,CE,Combined TRACON& Tower with Radar,8,8,3,0,19,0,0,0,0,0,8,8,3,0,19,18,0,18,37
01/02/2023,CRW,WV,AEA,CE,Combined TRACON& Tower with Radar,8,9,14,0,31,0,0,15,0,15,8,9,29,0,46,20,0,20,66
01/03/2023,CRW,WV,AEA,CE,Combined TRACON& Tower with Radar,10,10,5,0,25,0,0,2,0,2,10,10,7,0,27,0,0,0,27
01/04/2023,CRW,WV,AEA,CE,Combined TRACON& Tower with Radar,8,12,9,8,37,0,4,7,2,13,8,16,16,10,50,8,4,12,62
01/05/2023,CRW,WV,AEA,CE,Combined TRACON& Tower with Radar,10,16,18,9,53,0,10,24,4,38,10,26,42,13,91,58,10,68,159
01/06/2023,CRW,WV,AEA,CE,Combined TRACON& Tower with Radar,8,19,11,20,58,0,4,9,20,33,8,23,20,40,91,43,56,99,190
01/07/2023,CRW,WV,AEA,CE,Combined TRACON& Tower with Radar,8,11,15,6,40,0,10,37,6,53,8,21,52,12,93,32,0,32,125
01/08/2023,CRW,WV,AEA,CE,Combined TRACON& Tower with Radar,13,14,4,4,35,0,9,1,3,13,13,23,5,7,48,64,0,64,112
01/09/2023,CRW,WV,AEA,CE,Combined TRACON& Tower with Radar,12,16,14,7,49,0,12,13,3,28,12,28,27,10,77,44,0,44,121
01/10/2023,CRW,WV,AEA,CE,Combined TRACON& Tower with Radar,14,16,18,3,51,0,23,35,10,68,14,39,53,13,119,103,28,131,250
01/11/2023,CRW,WV,AEA,CE,Combined TRACON& Tower with Radar,14,19,20,19,72,0,6,16,13,35,14,25,36,32,107,64,42,106,213
01/12/2023,CRW,WV,AEA,CE,Combined TRACON& Tower with Radar,12,10,6,13,41,0,2,3,4,9,12,12,9,17,50,2,2,4,54
01/13/2023,CRW,WV,AEA,CE,Combined TRACON& Tower with Radar,14,14,6,0,34,0,0,0,0,0,14,14,6,0,34,0,0,0,34
01/14/2023,CRW,WV,AEA,CE,Combined TRACON& Tower with Radar,12,11,4,2,29,0,4,11,0,15,12,15,15,2,44,12,0,12,56
01/15/2023,CRW,WV,AEA,CE,Combined TRACON& Tower with Radar,16,10,16,2,44,0,13,68,1,82,16,23,84,3,126,110,0,110,236
01/16/2023,CRW,WV,AEA,CE,Combined TRACON& Tower with Radar,14,9,18,1,42,0,0,32,0,32,14,9,50,1,74,20,0,20,94
01/17/2023,CRW,WV,AEA,CE,Combined TRACON& Tower with Radar,16,30,14,3,63,0,4,4,1,9,16,34,18,4,72,42,0,42,114
01/18/2023,CRW,WV,AEA,CE,Combined TRACON& Tower with Radar,14,19,11,1,45,0,22,18,4,44,14,41,29,5,89,102,4,106,195
01/19/2023,CRW,WV,AEA,CE,Combined TRACON& Tower with Radar,16,9,15,6,46,0,5,4,5,14,16,14,19,11,60,0,20,20,80
01/20/2023,CRW,WV,AEA,CE,Combined TRACON& Tower with Radar,14,14,5,6,39,0,0,2,0,2,14,14,7,6,41,4,0,4,45
01/21/2023,CRW,WV,AEA,CE,Combined TRACON& Tower with Radar,14,9,10,2,35,0,2,15,0,17,14,11,25,2,52,26,0,26,78
01/22/2023,CRW,WV,AEA,CE,Combined TRACON& Tower with Radar,20,7,5,0,32,0,0,0,0,0,20,7,5,0,32,0,0,0,32
01/23/2023,CRW,WV,AEA,CE,Combined TRACON& Tower with Radar,14,12,7,1,34,0,0,0,0,0,14,12,7,1,34,0,0,0,34
01/24/2023,CRW,WV,AEA,CE,Combined TRACON& Tower with Radar,16,15,27,11,69,0,31,45,14,90,16,46,72,25,159,94,6,100,259
01/25/2023,CRW,WV,AEA,CE,Combined TRACON& Tower with Radar,18,9,3,2,32,0,15,1,0,16,18,24,4,2,48,0,0,0,48
01/26/2023,CRW,WV,AEA,CE,Combined TRACON& Tower with Radar,16,13,6,5,40,0,0,0,0,0,16,13,6,5,40,0,6,6,46
01/27/2023,CRW,WV,AEA,CE,Combined TRACON& Tower with Radar,14,16,13,3,46,0,16,12,1,29,14,32,25,4,75,84,0,84,159
01/28/2023,CRW,WV,AEA,CE,Combined TRACON& Tower with Radar,12,8,22,0,42,0,13,52,13,78,12,21,74,13,120,98,0,98,218
01/29/2023,CRW,WV,AEA,CE,Combined TRACON& Tower with Radar,18,7,2,0,27,0,0,0,0,0,18,7,2,0,27,0,0,0,27
01/30/2023,CRW,WV,AEA,CE,Combined TRACON& Tower with Radar,14,12,15,3,44,0,2,3,0,5,14,14,18,3,49,0,0,0,49
01/31/2023,CRW,WV,AEA,CE,Combined TRACON& Tower with Radar,16,9,9,2,36,0,0,0,0,0,16,9,9,2,36,0,0,0,36
02/01/2023,CRW,WV,AEA,CE,Combined TRACON& Tower with Radar,12,16,18,17,63,0,15,18,13,46,12,31,36,30,109,94,52,146,255
02/02/2023,CRW,WV,AEA,CE,Combined TRACON& Tower with Radar,14,11,18,13,56,0,13,14,3,30,14,24,32,16,86,64,12,76,162
02/03/2023,CRW,WV,AEA,CE,Combined TRACON& Tower with Radar,12,10,13,17,52,0,14,12,16,42,12,24,25,33,94,30,0,30,124
02/04/2023,CRW,WV,AEA,CE,Combined TRACON& Tower with Radar,12,8,19,6,45,0,12,58,14,84,12,20,77,20,129,64,24,88,217
02/05/2023,CRW,WV,AEA,CE,Combined TRACON& Tower with Radar,16,6,10,4,36,0,10,16,4,30,16,16,26,8,66,76,0,76,142
02/06/2023,CRW,WV,AEA,CE,Combined TRACON& Tower with Radar,11,5,8,12,36,0,14,13,2,29,11,19,21,14,65,12,0,12,77
02/07/2023,CRW,WV,AEA,CE,Combined TRACON& Tower with Radar,13,14,14,13,54,0,18,30,23,71,13,32,44,36,125,50,34,84,209
02/08/2023,CRW,WV,AEA,CE,Combined TRACON& Tower with Radar,12,15,13,25,65,0,20,14,13,47,12,35,27,38,112,20,42,62,174
02/09/2023,CRW,WV,AEA,CE,Combined TRACON& Tower with Radar,13,9,2,3,27,0,5,4,14,23,13,14,6,17,50,0,28,28,78
02/10/2023,CRW,WV,AEA,CE,Combined TRACON& Tower with Radar,13,12,7,0,32,0,21,12,8,41,13,33,19,8,73,8,0,8,81
02/11/2023,CRW,WV,AEA,CE,Combined TRACON& Tower with Radar,14,12,18,1,45,0,16,48,11,75,14,28,66,12,120,44,0,44,164
02/12/2023,CRW,WV,AEA,CE,Combined TRACON& Tower with Radar,14,8,8,3,33,0,2,9,0,11,14,10,17,3,44,26,0,26,70
02/13/2023,CRW,WV,AEA,CE,Combined TRACON& Tower with Radar,13,9,17,18,57,0,7,26,7,40,13,16,43,25,97,28,0,28,125
02/14/2023,CRW,WV,AEA,CE,Combined TRACON& Tower with Radar,15,13,9,16,53,0,24,31,12,67,15,37,40,28,120,93,4,97,217
02/15/2023,CRW,WV,AEA,CE,Combined TRACON& Tower with Radar,10,15,17,8,50,0,20,15,7,42,10,35,32,15,92,83,24,107,199
02/16/2023,CRW,WV,AEA,CE,Combined TRACON& Tower with Radar,13,18,3,2,36,0,0,0,0,0,13,18,3,2,36,0,0,0,36
02/17/2023,CRW,WV,AEA,CE,Combined TRACON& Tower with Radar,16,18,4,3,41,0,0,2,0,2,16,18,6,3,43,0,0,0,43
02/18/2023,CRW,WV,AEA,CE,Combined TRACON& Tower with Radar,11,11,17,1,40,0,8,28,4,40,11,19,45,5,80,130,0,130,210
02/19/2023,CRW,WV,AEA,CE,Combined TRACON& Tower with Radar,14,14,15,4,47,0,8,34,4,46,14,22,49,8,93,83,0,83,176
02/20/2023,CRW,WV,AEA,CE,Combined TRACON& Tower with Radar,14,14,16,0,44,0,15,11,3,29,14,29,27,3,73,96,0,96,169
02/21/2023,CRW,WV,AEA,CE,Combined TRACON& Tower with Radar,16,18,24,11,69,0,4,24,1,29,16,22,48,12,98,119,0,119,217
02/22/2023,CRW,WV,AEA,CE,Combined TRACON& Tower with Radar,13,20,13,24,70,0,21,13,15,49,13,41,26,39,119,82,26,108,227
02/23/2023,CRW,WV,AEA,CE,Combined TRACON& Tower with Radar,17,27,2,14,60,0,15,7,20,42,17,42,9,34,102,59,8,67,169
02/24/2023,CRW,WV,AEA,CE,Combined TRACON& Tower with Radar,14,16,31,7,68,0,5,33,1,39,14,21,64,8,107,18,0,18,125
02/25/2023,CRW,WV,AEA,CE,Combined TRACON& Tower with Radar,12,14,6,0,32,0,1,0,0,1,12,15,6,0,33,0,0,0,33
02/26/2023,CRW,WV,AEA,CE,Combined TRACON& Tower with Radar,22,11,14,2,49,0,6,9,0,15,22,17,23,2,64,68,0,68,132
02/27/2023,CRW,WV,AEA,CE,Combined TRACON& Tower with Radar,13,14,9,0,36,0,0,0,0,0,13,14,9,0,36,26,0,26,62
02/28/2023,CRW,WV,AEA,CE,Combined TRACON& Tower with Radar,17,18,19,13,67,0,24,40,14,78,17,42,59,27,145,142,0,142,287
03/01/2023,CRW,WV,AEA,CE,Combined TRACON& Tower with Radar,14,20,40,1,75,0,29,49,19,97,14,49,89,20,172,36,30,66,238
03/02/2023,CRW,WV,AEA,CE,Combined TRACON& Tower with Radar,16,13,20,8,57,0,10,37,14,61,16,23,57,22,118,36,10,46,164
03/03/2023,CRW,WV,AEA,CE,Combined TRACON& Tower with Radar,11,10,12,0,33,0,0,2,0,2,11,10,14,0,35,0,0,0,35
03/04/2023,CRW,WV,AEA,CE,Combined TRACON& Tower with Radar,11,18,5,3,37,0,3,19,3,25,11,21,24,6,62,28,0,28,90
03/05/2023,CRW,WV,AEA,CE,Combined TRACON& Tower with Radar,18,6,15,4,43,0,21,52,2,75,18,27,67,6,118,104,0,104,222
03/06/2023,CRW,WV,AEA,CE,Combined TRACON& Tower with Radar,16,14,7,6,43,0,24,36,2,62,16,38,43,8,105,72,0,72,177
03/07/2023,CRW,WV,AEA,CE,Combined TRACON& Tower with Radar,13,19,14,7,53,0,10,23,0,33,13,29,37,7,86,64,8,72,158
03/08/2023,CRW,WV,AEA,CE,Combined TRACON& Tower with Radar,13,10,22,7,52,0,6,57,14,77,13,16,79,21,129,52,16,68,197
03/09/2023,CRW,WV,AEA,CE,Combined TRACON& Tower with Radar,16,15,19,9,59,0,19,34,13,66,16,34,53,22,125,245,46,291,416
03/10/2023,CRW,WV,AEA,CE,Combined TRACON& Tower with Radar,14,12,9,1,36,0,0,1,0,1,14,12,10,1,37,0,0,0,37
03/11/2023,CRW,WV,AEA,CE,Combined TRACON& Tower with Radar,14,11,8,0,33,0,0,11,0,11,14,11,19,0,44,6,0,6,50
03/12/2023,CRW,WV,AEA,CE,Combined TRACON& Tower with Radar,14,13,3,1,31,0,0,0,0,0,14,13,3,1,31,0,0,0,31
03/13/2023,CRW,WV,AEA,CE,Combined TRACON& Tower with Radar,13,8,6,1,28,0,0,0,0,0,13,8,6,1,28,0,0,0,28
03/14/2023,CRW,WV,AEA,CE,Combined TRACON& Tower with Radar,15,12,14,5,46,0,0,6,0,6,15,12,20,5,52,0,0,0,52
03/15/2023,CRW,WV,AEA,CE,Combined TRACON& Tower with Radar,14,10,20,9,53,0,15,33,17,65,14,25,53,26,118,123,18,141,259
03/16/2023,CRW,WV,AEA,CE,Combined TRACON& Tower with Radar,16,19,22,2,59,0,14,26,10,50,16,33,48,12,109,8,28,36,145
03/17/2023,CRW,WV,AEA,CE,Combined TRACON& Tower with Radar,14,9,7,7,37,0,1,1,2,4,14,10,8,9,41,0,0,0,41
03/18/2023,CRW,WV,AEA,CE,Combined TRACON& Tower with Radar,14,11,4,0,29,0,12,4,2,18,14,23,8,2,47,22,0,22,69
03/19/2023,CRW,WV,AEA,CE,Combined TRACON& Tower with Radar,16,6,14,1,37,0,12,24,2,38,16,18,38,3,75,66,0,66,141
03/20/2023,CRW,WV,AEA,CE,Combined TRACON& Tower with Radar,14,19,21,9,63,0,8,44,4,56,14,27,65,13,119,46,20,66,185
03/21/2023,CRW,WV,AEA,CE,Combined TRACON& Tower with Radar,14,13,23,4,54,0,10,37,23,70,14,23,60,27,124,56,36,92,216
03/22/2023,CRW,WV,AEA,CE,Combined TRACON& Tower with Radar,15,11,6,12,44,0,4,8,4,16,15,15,14,16,60,48,0,48,108
03/23/2023,CRW,WV,AEA,CE,Combined TRACON& Tower with Radar,16,12,11,2,41,0,1,3,2,6,16,13,14,4,47,4,0,4,51
03/24/2023,CRW,WV,AEA,CE,Combined TRACON& Tower with Radar,14,11,8,6,39,0,0,0,0,0,14,11,8,6,39,0,0,0,39
03/25/2023,CRW,WV,AEA,CE,Combined TRACON& Tower with Radar,8,9,4,0,21,0,0,2,0,2,8,9,6,0,23,0,0,0,23
03/26/2023,CRW,WV,AEA,CE,Combined TRACON& Tower with Radar,13,8,18,0,39,0,9,48,0,57,13,17,66,0,96,80,0,80,176
03/27/2023,CRW,WV,AEA,CE,Combined TRACON& Tower with Radar,15,11,12,6,44,0,12,3,4,19,15,23,15,10,63,46,6,52,115
03/28/2023,CRW,WV,AEA,CE,Combined TRACON& Tower with Radar,14,13,11,12,50,0,6,12,1,19,14,19,23,13,69,34,0,34,103
03/29/2023,CRW,WV,AEA,CE,Combined TRACON& Tower with Radar,14,9,13,10,46,0,12,37,6,55,14,21,50,16,101,57,0,57,158
03/30/2023,CRW,WV,AEA,CE,Combined TRACON& Tower with Radar,16,16,30,1,63,0,12,35,1,48,16,28,65,2,111,48,0,48,159
03/31/2023,CRW,WV,AEA,CE,Combined TRACON& Tower with Radar,14,8,5,3,30,0,4,2,0,6,14,12,7,3,36,0,0,0,36
04/01/2023,CRW,WV,AEA,CE,Combined TRACON& Tower with Radar,11,7,4,6,28,0,0,0,0,0,11,7,4,6,28,0,0,0,28
04/02/2023,CRW,WV,AEA,CE,Combined TRACON& Tower with Radar,16,12,17,3,48,0,6,28,0,34,16,18,45,3,82,80,0,80,162
04/03/2023,CRW,WV,AEA,CE,Combined TRACON& Tower with Radar,14,9,10,3,36,0,10,32,1,43,14,19,42,4,79,50,0,50,129
04/04/2023,CRW,WV,AEA,CE,Combined TRACON& Tower with Radar,16,26,18,2,62,0,9,29,0,38,16,35,47,2,100,58,0,58,158
04/05/2023,CRW,WV,AEA,CE,Combined TRACON& Tower with Radar,15,24,11,6,56,0,8,9,0,17,15,32,20,6,73,18,0,18,91
04/06/2023,CRW,WV,AEA,CE,Combined TRACON& Tower with Radar,16,16,18,12,62,0,1,4,6,11,16,17,22,18,73,6,0,6,79
04/07/2023,CRW,WV,AEA,CE,Combined TRACON& Tower with Radar,14,18,17,0,49,0,14,22,2,38,14,32,39,2,87,58,0,58,145
04/08/2023,CRW,WV,AEA,CE,Combined TRACON& Tower with Radar,13,8,8,0,29,0,12,31,0,43,13,20,39,0,72,90,0,90,162
04/09/2023,CRW,WV,AEA,CE,Combined TRACON& Tower with Radar,16,13,3,0,32,0,3,18,0,21,16,16,21,0,53,42,0,42,95
04/10/2023,CRW,WV,AEA,CE,Combined TRACON& Tower with Radar,16,11,10,2,39,0,23,31,2,56,16,34,41,4,95,44,0,44,139
04/11/2023,CRW,WV,AEA,CE,Combined TRACON& Tower with Radar,17,8,13,5,43,0,28,41,15,84,17,36,54,20,127,79,24,103,230
04/12/2023,CRW,WV,AEA,CE,Combined TRACON& Tower with Radar,14,13,11,7,45,0,20,24,1,45,14,33,35,8,90,109,0,109,199
04/13/2023,CRW,WV,AEA,CE,Combined TRACON& Tower with Radar,17,13,24,8,62,0,25,24,14,63,17,38,48,22,125,179,30,209,334
04/14/2023,CRW,WV,AEA,CE,Combined TRACON& Tower with Radar,13,10,19,1,43,0,5,16,0,21,13,15,35,1,64,8,0,8,72
04/15/2023,CRW,WV,AEA,CE,Combined TRACON& Tower with Radar,13,18,26,10,67,0,1,27,5,33,13,19,53,15,100,0,0,0,100
04/16/2023,CRW,WV,AEA,CE,Combined TRACON& Tower with Radar,20,7,12,2,41,0,3,15,0,18,20,10,27,2,59,14,0,14,73
04/17/2023,CRW,WV,AEA,CE,Combined TRACON& Tower with Radar,14,11,13,2,40,0,4,14,4,22,14,15,27,6,62,12,0,12,74
04/18/2023,CRW,WV,AEA,CE,Combined TRACON& Tower with Radar,18,16,25,6,65,0,9,35,14,58,18,25,60,20,123,21,6,27,150
04/19/2023,CRW,WV,AEA,CE,Combined TRACON& Tower with Radar,14,15,21,20,70,0,29,35,26,90,14,44,56,46,160,171,48,219,379
04/20/2023,CRW,WV,AEA,CE,Combined TRACON& Tower with Radar,18,7,29,13,67,0,15,33,27,75,18,22,62,40,142,84,8,92,234
04/21/2023,CRW,WV,AEA,CE,Combined TRACON& Tower with Radar,14,17,20,11,62,0,9,14,14,37,14,26,34,25,99,49,0,49,148
04/22/2023,CRW,WV,AEA,CE,Combined TRACON& Tower with Radar,14,16,8,0,38,0,5,3,0,8,14,21,11,0,46,46,0,46,92
04/23/2023,CRW,WV,AEA,CE,Combined TRACON& Tower with Radar,18,11,13,0,42,0,5,12,0,17,18,16,25,0,59,16,0,16,75
04/24/2023,CRW,WV,AEA,CE,Combined TRACON& Tower with Radar,14,16,20,17,67,0,19,23,1,43,14,35,43,18,110,86,0,86,196
04/25/2023,CRW,WV,AEA,CE,Combined TRACON& Tower with Radar,18,9,29,19,75,0,23,59,1,83,18,32,88,20,158,106,0,106,264
04/26/2023,CRW,WV,AEA,CE,Combined TRACON& Tower with Radar,14,23,22,2,61,0,31,31,10,72,14,54,53,12,133,64,80,144,277
04/27/2023,CRW,WV,AEA,CE,Combined TRACON& Tower with Radar,16,24,29,17,86,0,12,42,8,62,16,36,71,25,148,42,84,126,274
04/28/2023,CRW,WV,AEA,CE,Combined TRACON& Tower with Radar,14,8,11,0,33,0,1,5,0,6,14,9,16,0,39,57,0,57,96
04/29/2023,CRW,WV,AEA,CE,Combined TRACON& Tower with Radar,12,17,22,6,57,0,2,31,2,35,12,19,53,8,92,65,0,65,157
04/30/2023,CRW,WV,AEA,CE,Combined TRACON& Tower with Radar,16,9,15,2,42,0,1,5,0,6,16,10,20,2,48,28,0,28,76
05/01/2023,CRW,WV,AEA,CE,Combined TRACON& Tower with Radar,14,5,7,0,26,0,1,4,2,7,14,6,11,2,33,0,0,0,33
05/02/2023,CRW,WV,AEA,CE,Combined TRACON& Tower with Radar,16,8,11,2,37,0,2,6,21,29,16,10,17,23,66,52,0,52,118
05/03/2023,CRW,WV,AEA,CE,Combined TRACON& Tower with Radar,14,11,18,15,58,0,1,6,9,16,14,12,24,24,74,14,22,36,110
05/04/2023,CRW,WV,AEA,CE,Combined TRACON& Tower with Radar,16,15,31,17,79,0,21,30,8,59,16,36,61,25,138,140,0,140,278
05/05/2023,CRW,WV,AEA,CE,Combined TRACON& Tower with Radar,14,14,9,7,44,0,5,41,12,58,14,19,50,19,102,32,32,64,166
05/06/2023,CRW,WV,AEA,CE,Combined TRACON& Tower with Radar,12,12,5,0,29,0,8,32,8,48,12,20,37,8,77,26,0,26,103
05/07/2023,CRW,WV,AEA,CE,Combined TRACON& Tower with Radar,14,11,15,5,45,0,4,3,0,7,14,15,18,5,52,38,0,38,90
05/08/2023,CRW,WV,AEA,CE,Combined TRACON& Tower with Radar,14,19,24,18,75,0,11,17,9,37,14,30,41,27,112,44,4,48,160
05/09/2023,CRW,WV,AEA,CE,Combined TRACON& Tower with Radar,14,20,20,23,77,0,9,12,7,28,14,29,32,30,105,0,0,0,105
05/10/2023,CRW,WV,AEA,CE,Combined TRACON& Tower with Radar,14,24,18,4,60,0,20,35,10,65,14,44,53,14,125,160,44,204,329
05/11/2023,CRW,WV,AEA,CE,Combined TRACON& Tower with Radar,14,24,15,2,55,0,18,35,11,64,14,42,50,13,119,49,30,79,198
05/12/2023,CRW,WV,AEA,CE,Combined TRACON& Tower with Radar,14,15,16,13,58,0,3,20,7,30,14,18,36,20,88,24,4,28,116
05/13/2023,CRW,WV,AEA,CE,Combined TRACON& Tower with Radar,11,8,0,5,24,0,0,0,0,0,11,8,0,5,24,10,0,10,34
05/14/2023,CRW,WV,AEA,CE,Combined TRACON& Tower with Radar,15,12,13,0,40,0,0,22,1,23,15,12,35,1,63,40,0,40,103
05/15/2023,CRW,WV,AEA,CE,Combined TRACON& Tower with Radar,14,24,12,0,50,0,16,19,0,35,14,40,31,0,85,62,0,62,147
05/16/2023,CRW,WV,AEA,CE,Combined TRACON& Tower with Radar,14,13,18,10,55,0,1,5,2,8,14,14,23,12,63,0,0,0,63
05/17/2023,CRW,WV,AEA,CE,Combined TRACON& Tower with Radar,14,23,22,23,82,0,17,32,6,55,14,40,54,29,137,54,4,58,195
05/18/2023,CRW,WV,AEA,CE,Combined TRACON& Tower with Radar,14,25,28,9,76,0,15,37,6,58,14,40,65,15,134,42,8,50,184
05/19/2023,CRW,WV,AEA,CE,Combined TRACON& Tower with Radar,14,17,30,4,65,0,17,43,2,62,14,34,73,6,127,105,0,105,232
05/20/2023,CRW,WV,AEA,CE,Combined TRACON& Tower with Radar,11,9,11,1,32,0,0,3,0,3,11,9,14,1,35,14,0,14,49
05/21/2023,CRW,WV,AEA,CE,Combined TRACON& Tower with Radar,15,8,15,0,38,0,4,29,1,34,15,12,44,1,72,20,0,20,92
05/22/2023,CRW,WV,AEA,CE,Combined TRACON& Tower with Radar,14,19,18,18,69,0,13,28,11,52,14,32,46,29,121,84,12,96,217
05/23/2023,CRW,WV,AEA,CE,Combined TRACON& Tower with Radar,14,21,25,3,63,0,13,34,4,51,14,34,59,7,114,54,12,66,180
05/24/2023,CRW,WV,AEA,CE,Combined TRACON& Tower with Radar,14,26,29,9,78,0,24,36,31,91,14,50,65,40,169,90,54,144,313
05/25/2023,CRW,WV,AEA,CE,Combined TRACON& Tower with Radar,14,26,18,9,67,0,25,32,15,72,14,51,50,24,139,80,42,122,261
05/26/2023,CRW,WV,AEA,CE,Combined TRACON& Tower with Radar,14,21,19,0,54,0,19,43,0,62,14,40,62,0,116,104,0,104,220
05/27/2023,CRW,WV,AEA,CE,Combined TRACON& Tower with Radar,10,14,10,2,36,0,10,17,0,27,10,24,27,2,63,21,8,29,92
05/28/2023,CRW,WV,AEA,CE,Combined TRACON& Tower with Radar,12,14,9,2,37,0,0,3,0,3,12,14,12,2,40,28,0,28,68
05/29/2023,CRW,WV,AEA,CE,Combined TRACON& Tower with Radar,14,8,3,0,25,0,0,0,0,0,14,8,3,0,25,10,0,10,35
05/30/2023,CRW,WV,AEA,CE,Combined TRACON& Tower with Radar,14,19,31,9,73,0,15,29,3,47,14,34,60,12,120,85,0,85,205
05/31/2023,CRW,WV,AEA,CE,Combined TRACON& Tower with Radar,18,28,18,3,67,0,20,23,7,50,18,48,41,10,117,46,0,46,163
06/01/2023,CRW,WV,AEA,CE,Combined TRACON& Tower with Radar,16,30,10,10,66,0,12,39,11,62,16,42,49,21,128,82,20,102,230
06/02/2023,CRW,WV,AEA,CE,Combined TRACON& Tower with Radar,16,23,19,10,68,0,11,28,13,52,16,34,47,23,120,84,44,128,248
06/03/2023,CRW,WV,AEA,CE,Combined TRACON& Tower with Radar,17,11,15,6,49,0,2,14,3,19,17,13,29,9,68,10,0,10,78
06/04/2023,CRW,WV,AEA,CE,Combined TRACON& Tower with Radar,17,10,13,6,46,0,2,17,3,22,17,12,30,9,68,76,0,76,144
06/05/2023,CRW,WV,AEA,CE,Combined TRACON& Tower with Radar,15,17,17,9,58,0,15,23,4,42,15,32,40,13,100,50,2,52,152
06/06/2023,CRW,WV,AEA,CE,Combined TRACON& Tower with Radar,15,24,11,7,57,0,17,15,5,37,15,41,26,12,94,90,6,96,190
06/07/2023,CRW,WV,AEA,CE,Combined TRACON& Tower with Radar,20,22,26,11,79,0,13,30,17,60,20,35,56,28,139,88,64,152,291
06/08/2023,CRW,WV,AEA,CE,Combined TRACON& Tower with Radar,18,19,23,9,69,0,8,32,10,50,18,27,55,19,119,38,20,58,177
06/09/2023,CRW,WV,AEA,CE,Combined TRACON& Tower with Radar,16,25,16,8,65,0,11,31,2,44,16,36,47,10,109,90,0,90,199
06/10/2023,CRW,WV,AEA,CE,Combined TRACON& Tower with Radar,18,17,12,2,49,0,4,20,17,41,18,21,32,19,90,54,32,86,176
06/11/2023,CRW,WV,AEA,CE,Combined TRACON& Tower with Radar,18,9,4,4,35,0,1,14,0,15,18,10,18,4,50,30,0,30,80
06/12/2023,CRW,WV,AEA,CE,Combined TRACON& Tower with Radar,16,11,10,4,41,0,3,5,0,8,16,14,15,4,49,116,0,116,165
06/13/2023,CRW,WV,AEA,CE,Combined TRACON& Tower with Radar,16,13,12,15,56,0,16,26,3,45,16,29,38,18,101,50,8,58,159
06/14/2023,CRW,WV,AEA,CE,Combined TRACON& Tower with Radar,21,32,15,9,77,0,7,24,11,42,21,39,39,20,119,36,50,86,205
06/15/2023,CRW,WV,AEA,CE,Combined TRACON& Tower with Radar,15,28,26,8,77,0,7,37,10,54,15,35,63,18,131,87,0,87,218
06/16/2023,CRW,WV,AEA,CE,Combined TRACON& Tower with Radar,16,19,14,10,59,0,6,13,5,24,16,25,27,15,83,80,0,80,163
06/17/2023,CRW,WV,AEA,CE,Combined TRACON& Tower with Radar,17,31,10,0,58,0,4,12,2,18,17,35,22,2,76,20,0,20,96
06/18/2023,CRW,WV,AEA,CE,Combined TRACON& Tower with Radar,17,17,18,0,52,0,8,23,2,33,17,25,41,2,85,99,0,99,184
06/19/2023,CRW,WV,AEA,CE,Combined TRACON& Tower with Radar,16,16,7,0,39,0,0,19,0,19,16,16,26,0,58,14,0,14,72
06/20/2023,CRW,WV,AEA,CE,Combined TRACON& Tower with Radar,15,15,21,4,55,0,2,12,8,22,15,17,33,12,77,64,6,70,147
06/21/2023,CRW,WV,AEA,CE,Combined TRACON& Tower with Radar,20,26,17,9,72,0,15,26,0,41,20,41,43,9,113,118,2,120,233
06/22/2023,CRW,WV,AEA,CE,Combined TRACON& Tower with Radar,14,22,26,11,73,0,0,1,2,3,14,22,27,13,76,0,0,0,76
06/23/2023,CRW,WV,AEA,CE,Combined TRACON& Tower with Radar,14,20,11,10,55,0,4,3,0,7,14,24,14,10,62,66,0,66,128
06/24/2023,CRW,WV,AEA,CE,Combined TRACON& Tower with Radar,17,22,13,4,56,0,1,5,0,6,17,23,18,4,62,46,0,46,108
06/25/2023,CRW,WV,AEA,CE,Combined TRACON& Tower with Radar,14,14,13,10,51,0,8,20,2,30,14,22,33,12,81,40,2,42,123
06/26/2023,CRW,WV,AEA,CE,Combined TRACON& Tower with Radar,16,17,10,8,51,0,6,5,4,15,16,23,15,12,66,12,0,12,78
06/27/2023,CRW,WV,AEA,CE,Combined TRACON& Tower with Radar,17,14,20,11,62,0,0,9,1,10,17,14,29,12,72,14,2,16,88
06/28/2023,CRW,WV,AEA,CE,Combined TRACON& Tower with Radar,20,16,18,8,62,0,0,3,0,3,20,16,21,8,65,0,0,0,65
06/29/2023,CRW,WV,AEA,CE,Combined TRACON& Tower with Radar,16,28,13,16,73,0,0,2,0,2,16,28,15,16,75,0,0,0,75
06/30/2023,CRW,WV,AEA,CE,Combined TRACON& Tower with Radar,17,24,25,1,67,0,0,23,1,24,17,24,48,2,91,66,0,66,157
07/01/2023,CRW,WV,AEA,CE,Combined TRACON& Tower with Radar,18,11,14,0,43,0,1,2,0,3,18,12,16,0,46,30,0,30,76
07/02/2023,CRW,WV,AEA,CE,Combined TRACON& Tower with Radar,14,10,8,0,32,0,8,6,0,14,14,18,14,0,46,0,0,0,46
07/03/2023,CRW,WV,AEA,CE,Combined TRACON& Tower with Radar,15,10,5,0,30,0,0,4,0,4,15,10,9,0,34,12,0,12,46
07/04/2023,CRW,WV,AEA,CE,Combined TRACON& Tower with Radar,12,8,5,0,25,0,0,10,0,10,12,8,15,0,35,0,0,0,35
07/05/2023,CRW,WV,AEA,CE,Combined TRACON& Tower with Radar,19,9,14,4,46,0,12,29,0,41,19,21,43,4,87,62,2,64,151
07/06/2023,CRW,WV,AEA,CE,Combined TRACON& Tower with Radar,15,16,19,4,54,0,4,32,0,36,15,20,51,4,90,60,0,60,150
07/07/2023,CRW,WV,AEA,CE,Combined TRACON& Tower with Radar,15,23,13,2,53,0,6,18,0,24,15,29,31,2,77,54,0,54,131
07/08/2023,CRW,WV,AEA,CE,Combined TRACON& Tower with Radar,21,19,26,1,67,0,13,22,0,35,21,32,48,1,102,68,0,68,170
07/09/2023,CRW,WV,AEA,CE,Combined TRACON& Tower with Radar,16,17,4,0,37,0,0,0,0,0,16,17,4,0,37,18,0,18,55
07/10/2023,CRW,WV,AEA,CE,Combined TRACON& Tower with Radar,22,11,19,3,55,0,4,30,0,34,22,15,49,3,89,40,0,40,129
07/11/2023,CRW,WV,AEA,CE,Combined TRACON& Tower with Radar,15,16,29,6,66,0,27,30,20,77,15,43,59,26,143,88,36,124,267
07/12/2023,CRW,WV,AEA,CE,Combined TRACON& Tower with Radar,21,16,23,12,72,0,22,44,17,83,21,38,67,29,155,157,42,199,354
07/13/2023,CRW,WV,AEA,CE,Combined TRACON& Tower with Radar,15,25,11,4,55,0,2,15,10,27,15,27,26,14,82,60,8,68,150
07/14/2023,CRW,WV,AEA,CE,Combined TRACON& Tower with Radar,20,18,10,1,49,0,2,31,0,33,20,20,41,1,82,30,0,30,112
07/15/2023,CRW,WV,AEA,CE,Combined TRACON& Tower with Radar,18,11,13,2,44,0,1,17,0,18,18,12,30,2,62,64,0,64,126
07/16/2023,CRW,WV,AEA,CE,Combined TRACON& Tower with Radar,14,11,6,0,31,0,4,19,0,23,14,15,25,0,54,22,0,22,76
07/17/2023,CRW,WV,AEA,CE,Combined TRACON& Tower with Radar,18,10,32,11,71,0,1,21,2,24,18,11,53,13,95,26,0,26,121
07/18/2023,CRW,WV,AEA,CE,Combined TRACON& Tower with Radar,17,22,20,10,69,0,12,34,19,65,17,34,54,29,134,80,20,100,234
07/19/2023,CRW,WV,AEA,CE,Combined TRACON& Tower with Radar,19,23,17,27,86,0,6,15,18,39,19,29,32,45,125,82,24,106,231
07/20/2023,CRW,WV,AEA,CE,Combined TRACON& Tower with Radar,16,30,20,5,71,0,9,16,8,33,16,39,36,13,104,48,24,72,176
07/21/2023,CRW,WV,AEA,CE,Combined TRACON& Tower with Radar,19,23,13,7,62,0,14,16,5,35,19,37,29,12,97,66,0,66,163
07/22/2023,CRW,WV,AEA,CE,Combined TRACON& Tower with Radar,18,22,14,2,56,0,14,29,0,43,18,36,43,2,99,22,0,22,121
07/23/2023,CRW,WV,AEA,CE,Combined TRACON& Tower with Radar,16,8,21,1,46,0,1,20,1,22,16,9,41,2,68,34,0,34,102
07/24/2023,CRW,WV,AEA,CE,Combined TRACON& Tower with Radar,20,19,8,16,63,0,12,24,10,46,20,31,32,26,109,52,0,52,161
07/25/2023,CRW,WV,AEA,CE,Combined TRACON& Tower with Radar,15,21,31,8,75,0,10,40,19,69,15,31,71,27,144,105,28,133,277
07/26/2023,CRW,WV,AEA,CE,Combined TRACON& Tower with Radar,19,29,29,10,87,0,9,20,31,60,19,38,49,41,147,85,29,114,261
07/27/2023,CRW,WV,AEA,CE,Combined TRACON& Tower with Radar,16,26,18,8,68,0,5,15,21,41,16,31,33,29,109,50,30,80,189
07/28/2023,CRW,WV,AEA,CE,Combined TRACON& Tower with Radar,18,28,11,2,59,0,5,27,9,41,18,33,38,11,100,28,0,28,128
07/29/2023,CRW,WV,AEA,CE,Combined TRACON& Tower with Radar,16,14,8,6,44,0,0,12,2,14,16,14,20,8,58,42,26,68,126
07/30/2023,CRW,WV,AEA,CE,Combined TRACON& Tower with Radar,18,12,11,2,43,0,7,23,0,30,18,19,34,2,73,18,0,18,91
07/31/2023,CRW,WV,AEA,CE,Combined TRACON& Tower with Radar,17,23,18,7,65,0,8,30,0,38,17,31,48,7,103,64,0,64,167
08/01/2023,CRW,WV,AEA,CE,Combined TRACON& Tower with Radar,16,16,26,12,70,0,12,41,12,65,16,28,67,24,135,106,18,124,259
08/02/2023,CRW,WV,AEA,CE,Combined TRACON& Tower with Radar,19,13,24,7,63,0,11,22,34,67,19,24,46,41,130,104,36,140,270
08/03/2023,CRW,WV,AEA,CE,Combined TRACON& Tower with Radar,14,34,36,20,104,0,0,12,4,16,14,34,48,24,120,58,22,80,200
08/04/2023,CRW,WV,AEA,CE,Combined TRACON& Tower with Radar,23,20,19,7,69,0,7,19,0,26,23,27,38,7,95,38,0,38,133
08/05/2023,CRW,WV,AEA,CE,Combined TRACON& Tower with Radar,18,11,14,9,52,0,0,19,3,22,18,11,33,12,74,0,0,0,74
08/06/2023,CRW,WV,AEA,CE,Combined TRACON& Tower with Radar,14,19,8,2,43,0,2,10,0,12,14,21,18,2,55,32,0,32,87
08/07/2023,CRW,WV,AEA,CE,Combined TRACON& Tower with Radar,15,17,12,1,45,0,2,3,0,5,15,19,15,1,50,30,0,30,80
08/08/2023,CRW,WV,AEA,CE,Combined TRACON& Tower with Radar,15,21,14,12,62,0,19,32,11,62,15,40,46,23,124,84,28,112,236
08/09/2023,CRW,WV,AEA,CE,Combined TRACON& Tower with Radar,20,30,27,13,90,0,9,33,12,54,20,39,60,25,144,125,50,175,319
08/10/2023,CRW,WV,AEA,CE,Combined TRACON& Tower with Radar,13,25,10,3,51,0,1,9,8,18,13,26,19,11,69,6,78,84,153
08/11/2023,CRW,WV,AEA,CE,Combined TRACON& Tower with Radar,22,21,19,21,83,0,17,36,0,53,22,38,55,21,136,112,8,120,256
08/12/2023,CRW,WV,AEA,CE,Combined TRACON& Tower with Radar,19,19,5,0,43,0,4,25,0,29,19,23,30,0,72,30,0,30,102
08/13/2023,CRW,WV,AEA,CE,Combined TRACON& Tower with Radar,15,11,18,4,48,0,2,15,5,22,15,13,33,9,70,60,0,60,130
08/14/2023,CRW,WV,AEA,CE,Combined TRACON& Tower with Radar,19,8,17,2,46,0,0,14,0,14,19,8,31,2,60,40,0,40,100
08/15/2023,CRW,WV,AEA,CE,Combined TRACON& Tower with Radar,16,26,15,5,62,0,10,22,21,53,16,36,37,26,115,60,46,106,221
08/16/2023,CRW,WV,AEA,CE,Combined TRACON& Tower with Radar,20,37,34,8,99,0,1,26,0,27,20,38,60,8,126,122,10,132,258
08/17/2023,CRW,WV,AEA,CE,Combined TRACON& Tower with Radar,16,17,25,10,68,0,22,32,9,63,16,39,57,19,131,56,10,66,197
08/18/2023,CRW,WV,AEA,CE,Combined TRACON& Tower with Radar,18,23,18,10,69,0,15,28,0,43,18,38,46,10,112,98,6,104,216
08/19/2023,CRW,WV,AEA,CE,Combined TRACON& Tower with Radar,16,17,18,7,58,0,4,36,8,48,16,21,54,15,106,24,24,48,154
08/20/2023,CRW,WV,AEA,CE,Combined TRACON& Tower with Radar,18,8,11,2,39,0,0,31,0,31,18,8,42,2,70,34,0,34,104
08/21/2023,CRW,WV,AEA,CE,Combined TRACON& Tower with Radar,18,15,19,0,52,0,8,39,0,47,18,23,58,0,99,70,0,70,169
08/22/2023,CRW,WV,AEA,CE,Combined TRACON& Tower with Radar,16,17,26,10,69,0,7,29,3,39,16,24,55,13,108,48,10,58,166
08/23/2023,CRW,WV,AEA,CE,Combined TRACON& Tower with Radar,20,20,21,5,66,0,13,47,28,88,20,33,68,33,154,91,36,127,281
08/24/2023,CRW,WV,AEA,CE,Combined TRACON& Tower with Radar,18,20,18,17,73,0,6,32,18,56,18,26,50,35,129,92,52,144,273
08/25/2023,CRW,WV,AEA,CE,Combined TRACON& Tower with Radar,15,22,16,1,54,0,0,12,0,12,15,22,28,1,66,0,0,0,66
08/26/2023,CRW,WV,AEA,CE,Combined TRACON& Tower with Radar,16,11,15,2,44,0,1,11,0,12,16,12,26,2,56,64,0,64,120
08/27/2023,CRW,WV,AEA,CE,Combined TRACON& Tower with Radar,16,18,9,3,46,0,1,33,0,34,16,19,42,3,80,40,0,40,120
08/28/2023,CRW,WV,AEA,CE,Combined TRACON& Tower with Radar,16,12,19,2,49,0,0,3,0,3,16,12,22,2,52,22,0,22,74
08/29/2023,CRW,WV,AEA,CE,Combined TRACON& Tower with Radar,17,20,23,9,69,0,1,6,0,7,17,21,29,9,76,82,0,82,158
08/30/2023,CRW,WV,AEA,CE,Combined TRACON& Tower with Radar,22,26,21,26,95,0,6,30,20,56,22,32,51,46,151,46,42,88,239
08/31/2023,CRW,WV,AEA,CE,Combined TRACON& Tower with Radar,16,23,28,8,75,0,6,13,6,25,16,29,41,14,100,48,12,60,160
01/01/2020,CRW,WV,AEA,CE,Combined TRACON& Tower with Radar,2,21,8,0,31,0,0,12,0,12,2,21,20,0,43,0,0,0,43
01/02/2020,CRW,WV,AEA,CE,Combined TRACON& Tower with Radar,6,25,15,2,48,0,2,6,0,8,6,27,21,2,56,8,0,8,64
01/03/2020,CRW,WV,AEA,CE,Combined TRACON& Tower with Radar,4,31,6,2,43,0,0,0,0,0,4,31,6,2,43,0,0,0,43
01/04/2020,CRW,WV,AEA,CE,Combined TRACON& Tower with Radar,8,29,2,0,39,0,0,0,0,0,8,29,2,0,39,0,0,0,39
01/05/2020,CRW,WV,AEA,CE,Combined TRACON& Tower with Radar,6,27,3,0,36,0,0,3,0,3,6,27,6,0,39,0,0,0,39
01/06/2020,CRW,WV,AEA,CE,Combined TRACON& Tower with Radar,4,31,6,5,46,0,0,25,0,25,4,31,31,5,71,54,0,54,125
01/07/2020,CRW,WV,AEA,CE,Combined TRACON& Tower with Radar,8,34,13,0,55,0,0,3,0,3,8,34,16,0,58,10,0,10,68
01/08/2020,CRW,WV,AEA,CE,Combined TRACON& Tower with Radar,11,25,4,5,45,0,2,5,9,16,11,27,9,14,61,0,15,15,76
01/09/2020,CRW,WV,AEA,CE,Combined TRACON& Tower with Radar,10,26,12,8,56,0,3,16,12,31,10,29,28,20,87,9,21,30,117
01/10/2020,CRW,WV,AEA,CE,Combined TRACON& Tower with Radar,10,30,7,9,56,0,1,8,6,15,10,31,15,15,71,0,22,22,93
01/11/2020,CRW,WV,AEA,CE,Combined TRACON& Tower with Radar,8,16,2,0,26,0,0,1,0,1,8,16,3,0,27,0,0,0,27
01/12/2020,CRW,WV,AEA,CE,Combined TRACON& Tower with Radar,15,17,18,5,55,0,0,10,2,12,15,17,28,7,67,18,0,18,85
01/13/2020,CRW,WV,AEA,CE,Combined TRACON& Tower with Radar,12,21,8,0,41,0,0,11,3,14,12,21,19,3,55,10,0,10,65
01/14/2020,CRW,WV,AEA,CE,Combined TRACON& Tower with Radar,9,27,20,2,58,0,0,2,0,2,9,27,22,2,60,0,0,0,60
01/15/2020,CRW,WV,AEA,CE,Combined TRACON& Tower with Radar,12,31,12,11,66,0,0,1,2,3,12,31,13,13,69,69,0,69,138
01/16/2020,CRW,WV,AEA,CE,Combined TRACON& Tower with Radar,10,29,16,5,60,0,2,7,0,9,10,31,23,5,69,4,0,4,73
01/17/2020,CRW,WV,AEA,CE,Combined TRACON& Tower with Radar,10,26,26,7,69,0,1,21,0,22,10,27,47,7,91,0,0,0,91
01/18/2020,CRW,WV,AEA,CE,Combined TRACON& Tower with Radar,8,22,1,0,31,0,1,0,0,1,8,23,1,0,32,0,0,0,32
01/19/2020,CRW,WV,AEA,CE,Combined TRACON& Tower with Radar,10,18,1,0,29,0,0,0,0,0,10,18,1,0,29,0,0,0,29
01/20/2020,CRW,WV,AEA,CE,Combined TRACON& Tower with Radar,12,20,8,1,41,0,5,5,1,11,12,25,13,2,52,0,0,0,52
01/21/2020,CRW,WV,AEA,CE,Combined TRACON& Tower with Radar,8,37,10,11,66,0,4,21,8,33,8,41,31,19,99,20,10,30,129
01/22/2020,CRW,WV,AEA,CE,Combined TRACON& Tower with Radar,8,31,13,12,64,0,9,29,7,45,8,40,42,19,109,10,18,28,137
01/23/2020,CRW,WV,AEA,CE,Combined TRACON& Tower with Radar,9,28,23,33,93,0,2,25,15,42,9,30,48,48,135,0,30,30,165
01/24/2020,CRW,WV,AEA,CE,Combined TRACON& Tower with Radar,13,28,9,4,54,0,0,2,2,4,13,28,11,6,58,0,0,0,58
01/25/2020,CRW,WV,AEA,CE,Combined TRACON& Tower with Radar,12,18,2,0,32,0,0,0,0,0,12,18,2,0,32,0,0,0,32
01/26/2020,CRW,WV,AEA,CE,Combined TRACON& Tower with Radar,16,17,3,0,36,0,0,2,0,2,16,17,5,0,38,0,0,0,38
01/27/2020,CRW,WV,AEA,CE,Combined TRACON& Tower with Radar,12,19,9,10,50,0,0,4,0,4,12,19,13,10,54,20,0,20,74
01/28/2020,CRW,WV,AEA,CE,Combined TRACON& Tower with Radar,8,23,13,7,51,0,0,6,1,7,8,23,19,8,58,40,0,40,98
01/29/2020,CRW,WV,AEA,CE,Combined TRACON& Tower with Radar,10,25,14,31,80,0,2,18,3,23,10,27,32,34,103,0,6,6,109
01/30/2020,CRW,WV,AEA,CE,Combined TRACON& Tower with Radar,10,26,15,11,62,0,0,8,11,19,10,26,23,22,81,0,16,16,97
01/31/2020,CRW,WV,AEA,CE,Combined TRACON& Tower with Radar,10,24,12,15,61,0,0,4,12,16,10,24,16,27,77,0,0,0,77
02/01/2020,CRW,WV,AEA,CE,Combined TRACON& Tower with Radar,12,15,3,0,30,0,0,0,0,0,12,15,3,0,30,0,0,0,30
02/02/2020,CRW,WV,AEA,CE,Combined TRACON& Tower with Radar,13,18,3,0,34,0,2,7,0,9,13,20,10,0,43,0,0,0,43
02/03/2020,CRW,WV,AEA,CE,Combined TRACON& Tower with Radar,11,22,17,30,80,0,2,27,27,56,11,24,44,57,136,0,56,56,192
02/04/2020,CRW,WV,AEA,CE,Combined TRACON& Tower with Radar,8,26,10,6,50,0,0,2,2,4,8,26,12,8,54,0,0,0,54
02/05/2020,CRW,WV,AEA,CE,Combined TRACON& Tower with Radar,10,28,11,2,51,0,1,2,0,3,10,29,13,2,54,0,0,0,54
02/06/2020,CRW,WV,AEA,CE,Combined TRACON& Tower with Radar,9,19,15,3,46,0,0,2,0,2,9,19,17,3,48,2,0,2,50
02/07/2020,CRW,WV,AEA,CE,Combined TRACON& Tower with Radar,14,20,4,0,38,0,0,2,0,2,14,20,6,0,40,0,0,0,40
02/08/2020,CRW,WV,AEA,CE,Combined TRACON& Tower with Radar,9,14,11,0,34,0,0,3,3,6,9,14,14,3,40,0,0,0,40
02/09/2020,CRW,WV,AEA,CE,Combined TRACON& Tower with Radar,14,17,14,0,45,0,0,22,0,22,14,17,36,0,67,0,0,0,67
02/10/2020,CRW,WV,AEA,CE,Combined TRACON& Tower with Radar,8,23,4,3,38,0,0,0,0,0,8,23,4,3,38,0,0,0,38
02/11/2020,CRW,WV,AEA,CE,Combined TRACON& Tower with Radar,12,26,11,4,53,0,0,0,0,0,12,26,11,4,53,0,0,0,53
02/12/2020,CRW,WV,AEA,CE,Combined TRACON& Tower with Radar,10,29,7,23,69,0,0,4,6,10,10,29,11,29,79,0,0,0,79
02/13/2020,CRW,WV,AEA,CE,Combined TRACON& Tower with Radar,9,29,12,3,53,0,0,0,0,0,9,29,12,3,53,0,0,0,53
02/14/2020,CRW,WV,AEA,CE,Combined TRACON& Tower with Radar,15,28,14,10,67,0,0,8,2,10,15,28,22,12,77,0,0,0,77
02/15/2020,CRW,WV,AEA,CE,Combined TRACON& Tower with Radar,12,21,20,0,53,0,3,23,0,26,12,24,43,0,79,0,0,0,79
02/16/2020,CRW,WV,AEA,CE,Combined TRACON& Tower with Radar,14,16,8,0,38,0,0,16,0,16,14,16,24,0,54,0,0,0,54
02/17/2020,CRW,WV,AEA,CE,Combined TRACON& Tower with Radar,14,21,15,0,50,0,0,29,2,31,14,21,44,2,81,67,0,67,148
02/18/2020,CRW,WV,AEA,CE,Combined TRACON& Tower with Radar,10,30,14,13,67,0,0,3,0,3,10,30,17,13,70,0,0,0,70
02/19/2020,CRW,WV,AEA,CE,Combined TRACON& Tower with Radar,14,24,24,11,73,0,4,36,10,50,14,28,60,21,123,15,21,36,159
02/20/2020,CRW,WV,AEA,CE,Combined TRACON& Tower with Radar,10,34,19,12,75,0,0,26,0,26,10,34,45,12,101,0,0,0,101
02/21/2020,CRW,WV,AEA,CE,Combined TRACON& Tower with Radar,16,22,8,2,48,0,0,27,0,27,16,22,35,2,75,0,0,0,75
02/22/2020,CRW,WV,AEA,CE,Combined TRACON& Tower with Radar,8,23,16,2,49,0,2,23,0,25,8,25,39,2,74,0,0,0,74
02/23/2020,CRW,WV,AEA,CE,Combined TRACON& Tower with Radar,13,20,28,3,64,0,0,30,1,31,13,20,58,4,95,4,0,4,99
02/24/2020,CRW,WV,AEA,CE,Combined TRACON& Tower with Radar,14,24,8,6,52,0,0,13,0,13,14,24,21,6,65,0,0,0,65
02/25/2020,CRW,WV,AEA,CE,Combined TRACON& Tower with Radar,13,31,21,1,66,0,0,6,0,6,13,31,27,1,72,0,0,0,72
02/26/2020,CRW,WV,AEA,CE,Combined TRACON& Tower with Radar,13,32,7,1,53,0,0,2,0,2,13,32,9,1,55,0,0,0,55
02/27/2020,CRW,WV,AEA,CE,Combined TRACON& Tower with Radar,15,24,17,8,64,0,0,7,0,7,15,24,24,8,71,0,0,0,71
02/28/2020,CRW,WV,AEA,CE,Combined TRACON& Tower with Radar,14,25,10,0,49,0,0,8,0,8,14,25,18,0,57,0,0,0,57
02/29/2020,CRW,WV,AEA,CE,Combined TRACON& Tower with Radar,14,16,12,2,44,0,3,19,0,22,14,19,31,2,66,0,0,0,66
03/01/2020,CRW,WV,AEA,CE,Combined TRACON& Tower with Radar,14,19,16,0,49,0,0,24,0,24,14,19,40,0,73,0,0,0,73
03/02/2020,CRW,WV,AEA,CE,Combined TRACON& Tower with Radar,17,17,4,6,44,0,0,2,0,2,17,17,6,6,46,0,0,0,46
03/03/2020,CRW,WV,AEA,CE,Combined TRACON& Tower with Radar,11,28,9,5,53,0,0,9,0,9,11,28,18,5,62,0,0,0,62
03/04/2020,CRW,WV,AEA,CE,Combined TRACON& Tower with Radar,16,26,31,6,79,0,4,27,14,45,16,30,58,20,124,6,20,26,150
03/05/2020,CRW,WV,AEA,CE,Combined TRACON& Tower with Radar,12,20,21,10,63,0,0,17,2,19,12,20,38,12,82,12,6,18,100
03/06/2020,CRW,WV,AEA,CE,Combined TRACON& Tower with Radar,14,21,8,9,52,0,0,0,0,0,14,21,8,9,52,0,0,0,52
03/07/2020,CRW,WV,AEA,CE,Combined TRACON& Tower with Radar,15,18,11,0,44,0,0,12,0,12,15,18,23,0,56,0,0,0,56
03/08/2020,CRW,WV,AEA,CE,Combined TRACON& Tower with Radar,14,16,17,4,51,0,2,26,4,32,14,18,43,8,83,28,0,28,111
03/09/2020,CRW,WV,AEA,CE,Combined TRACON& Tower with Radar,16,17,15,9,57,0,0,21,4,25,16,17,36,13,82,14,31,45,127
03/10/2020,CRW,WV,AEA,CE,Combined TRACON& Tower with Radar,14,20,7,4,45,0,0,0,1,1,14,20,7,5,46,0,0,0,46
03/11/2020,CRW,WV,AEA,CE,Combined TRACON& Tower with Radar,14,22,10,12,58,0,4,8,4,16,14,26,18,16,74,12,0,12,86
03/12/2020,CRW,WV,AEA,CE,Combined TRACON& Tower with Radar,12,20,12,18,62,0,0,10,1,11,12,20,22,19,73,0,12,12,85
03/13/2020,CRW,WV,AEA,CE,Combined TRACON& Tower with Radar,16,22,11,0,49,0,0,8,0,8,16,22,19,0,57,0,0,0,57
03/14/2020,CRW,WV,AEA,CE,Combined TRACON& Tower with Radar,12,17,7,0,36,0,4,3,0,7,12,21,10,0,43,0,0,0,43
03/15/2020,CRW,WV,AEA,CE,Combined TRACON& Tower with Radar,12,18,11,0,41,0,0,0,0,0,12,18,11,0,41,0,0,0,41
03/16/2020,CRW,WV,AEA,CE,Combined TRACON& Tower with Radar,14,17,11,4,46,0,0,10,0,10,14,17,21,4,56,0,0,0,56
03/17/2020,CRW,WV,AEA,CE,Combined TRACON& Tower with Radar,14,22,6,8,50,0,0,1,0,1,14,22,7,8,51,0,0,0,51
03/18/2020,CRW,WV,AEA,CE,Combined TRACON& Tower with Radar,14,23,10,7,54,0,0,9,3,12,14,23,19,10,66,0,10,10,76
03/19/2020,CRW,WV,AEA,CE,Combined TRACON& Tower with Radar,11,25,7,6,49,0,0,2,7,9,11,25,9,13,58,0,0,0,58
03/20/2020,CRW,WV,AEA,CE,Combined TRACON& Tower with Radar,12,14,2,0,28,0,1,0,0,1,12,15,2,0,29,0,0,0,29
03/21/2020,CRW,WV,AEA,CE,Combined TRACON& Tower with Radar,8,17,1,0,26,0,0,0,0,0,8,17,1,0,26,8,0,8,34
03/22/2020,CRW,WV,AEA,CE,Combined TRACON& Tower with Radar,7,14,6,0,27,0,3,29,0,32,7,17,35,0,59,12,0,12,71
03/23/2020,CRW,WV,AEA,CE,Combined TRACON& Tower with Radar,9,11,4,2,26,0,0,1,0,1,9,11,5,2,27,0,0,0,27
03/24/2020,CRW,WV,AEA,CE,Combined TRACON& Tower with Radar,5,14,1,11,31,0,0,6,1,7,5,14,7,12,38,0,0,0,38
03/25/2020,CRW,WV,AEA,CE,Combined TRACON& Tower with Radar,6,14,2,3,25,0,0,0,0,0,6,14,2,3,25,0,0,0,25
03/26/2020,CRW,WV,AEA,CE,Combined TRACON& Tower with Radar,5,15,8,2,30,0,4,15,2,21,5,19,23,4,51,0,0,0,51
03/27/2020,CRW,WV,AEA,CE,Combined TRACON& Tower with Radar,3,11,4,0,18,0,2,5,0,7,3,13,9,0,25,0,0,0,25
03/28/2020,CRW,WV,AEA,CE,Combined TRACON& Tower with Radar,4,14,4,0,22,0,1,5,0,6,4,15,9,0,28,0,0,0,28
03/29/2020,CRW,WV,AEA,CE,Combined TRACON& Tower with Radar,4,10,2,0,16,0,0,2,0,2,4,10,4,0,18,0,0,0,18
03/30/2020,CRW,WV,AEA,CE,Combined TRACON& Tower with Radar,9,13,8,4,34,0,0,6,0,6,9,13,14,4,40,0,0,0,40
03/31/2020,CRW,WV,AEA,CE,Combined TRACON& Tower with Radar,4,12,6,3,25,0,0,7,3,10,4,12,13,6,35,0,0,0,35
04/01/2020,CRW,WV,AEA,CE,Combined TRACON& Tower with Radar,4,14,3,12,33,0,2,5,0,7,4,16,8,12,40,0,0,0,40
04/02/2020,CRW,WV,AEA,CE,Combined TRACON& Tower with Radar,4,12,6,9,31,0,1,9,1,11,4,13,15,10,42,0,10,10,52
04/03/2020,CRW,WV,AEA,CE,Combined TRACON& Tower with Radar,6,12,4,1,23,0,0,21,4,25,6,12,25,5,48,0,0,0,48
04/04/2020,CRW,WV,AEA,CE,Combined TRACON& Tower with Radar,3,12,4,0,19,0,1,24,0,25,3,13,28,0,44,0,0,0,44
04/05/2020,CRW,WV,AEA,CE,Combined TRACON& Tower with Radar,3,11,7,0,21,0,0,4,4,8,3,11,11,4,29,0,0,0,29
04/06/2020,CRW,WV,AEA,CE,Combined TRACON& Tower with Radar,4,7,7,3,21,0,0,11,0,11,4,7,18,3,32,0,0,0,32
04/07/2020,CRW,WV,AEA,CE,Combined TRACON& Tower with Radar,4,11,3,2,20,0,0,11,2,13,4,11,14,4,33,0,0,0,33
04/08/2020,CRW,WV,AEA,CE,Combined TRACON& Tower with Radar,4,9,5,3,21,0,0,4,3,7,4,9,9,6,28,0,0,0,28
04/09/2020,CRW,WV,AEA,CE,Combined TRACON& Tower with Radar,3,11,6,3,23,0,0,0,1,1,3,11,6,4,24,0,0,0,24
04/10/2020,CRW,WV,AEA,CE,Combined TRACON& Tower with Radar,2,10,4,0,16,0,0,4,0,4,2,10,8,0,20,0,0,0,20
04/11/2020,CRW,WV,AEA,CE,Combined TRACON& Tower with Radar,3,11,10,0,24,0,0,13,0,13,3,11,23,0,37,0,0,0,37
04/12/2020,CRW,WV,AEA,CE,Combined TRACON& Tower with Radar,6,8,0,0,14,0,0,4,0,4,6,8,4,0,18,0,0,0,18
04/13/2020,CRW,WV,AEA,CE,Combined TRACON& Tower with Radar,4,7,2,0,13,0,2,0,0,2,4,9,2,0,15,0,0,0,15
04/14/2020,CRW,WV,AEA,CE,Combined TRACON& Tower with Radar,4,12,3,4,23,0,3,7,3,13,4,15,10,7,36,0,0,0,36
04/15/2020,CRW,WV,AEA,CE,Combined TRACON& Tower with Radar,4,10,6,3,23,0,0,7,1,8,4,10,13,4,31,0,0,0,31
04/16/2020,CRW,WV,AEA,CE,Combined TRACON& Tower with Radar,5,9,7,2,23,0,1,3,2,6,5,10,10,4,29,0,0,0,29
04/17/2020,CRW,WV,AEA,CE,Combined TRACON& Tower with Radar,5,7,4,0,16,0,0,4,0,4,5,7,8,0,20,0,0,0,20
04/18/2020,CRW,WV,AEA,CE,Combined TRACON& Tower with Radar,4,9,6,12,31,0,0,2,0,2,4,9,8,12,33,0,0,0,33
04/19/2020,CRW,WV,AEA,CE,Combined TRACON& Tower with Radar,5,4,3,0,12,0,4,16,0,20,5,8,19,0,32,0,0,0,32
04/20/2020,CRW,WV,AEA,CE,Combined TRACON& Tower with Radar,3,5,7,0,15,0,0,11,2,13,3,5,18,2,28,6,0,6,34
04/21/2020,CRW,WV,AEA,CE,Combined TRACON& Tower with Radar,4,8,2,2,16,0,0,1,1,2,4,8,3,3,18,0,0,0,18
04/22/2020,CRW,WV,AEA,CE,Combined TRACON& Tower with Radar,4,10,9,8,31,0,0,18,9,27,4,10,27,17,58,0,0,0,58
04/23/2020,CRW,WV,AEA,CE,Combined TRACON& Tower with Radar,4,10,1,2,17,0,0,0,0,0,4,10,1,2,17,0,0,0,17
04/24/2020,CRW,WV,AEA,CE,Combined TRACON& Tower with Radar,4,10,2,2,18,0,0,2,0,2,4,10,4,2,20,0,0,0,20
04/25/2020,CRW,WV,AEA,CE,Combined TRACON& Tower with Radar,3,10,1,0,14,0,0,6,0,6,3,10,7,0,20,0,0,0,20
04/26/2020,CRW,WV,AEA,CE,Combined TRACON& Tower with Radar,7,3,2,1,13,0,0,0,0,0,7,3,2,1,13,0,0,0,13
04/27/2020,CRW,WV,AEA,CE,Combined TRACON& Tower with Radar,4,5,6,6,21,0,0,26,0,26,4,5,32,6,47,0,0,0,47
04/28/2020,CRW,WV,AEA,CE,Combined TRACON& Tower with Radar,4,8,2,5,19,0,0,9,5,14,4,8,11,10,33,0,0,0,33
04/29/2020,CRW,WV,AEA,CE,Combined TRACON& Tower with Radar,4,10,2,5,21,0,0,3,3,6,4,10,5,8,27,0,0,0,27
04/30/2020,CRW,WV,AEA,CE,Combined TRACON& Tower with Radar,4,8,3,8,23,0,2,3,1,6,4,10,6,9,29,0,0,0,29
05/01/2020,CRW,WV,AEA,CE,Combined TRACON& Tower with Radar,6,8,4,0,18,0,0,0,0,0,6,8,4,0,18,8,0,8,26
05/02/2020,CRW,WV,AEA,CE,Combined TRACON& Tower with Radar,5,8,16,0,29,0,5,25,0,30,5,13,41,0,59,0,0,0,59
05/03/2020,CRW,WV,AEA,CE,Combined TRACON& Tower with Radar,5,2,4,0,11,0,0,3,0,3,5,2,7,0,14,0,0,0,14
05/04/2020,CRW,WV,AEA,CE,Combined TRACON& Tower with Radar,5,4,4,3,16,0,1,7,4,12,5,5,11,7,28,0,0,0,28
05/05/2020,CRW,WV,AEA,CE,Combined TRACON& Tower with Radar,5,7,2,4,18,0,0,0,0,0,5,7,2,4,18,0,3,3,21
05/06/2020,CRW,WV,AEA,CE,Combined TRACON& Tower with Radar,6,7,2,5,20,0,0,2,15,17,6,7,4,20,37,0,0,0,37
05/07/2020,CRW,WV,AEA,CE,Combined TRACON& Tower with Radar,5,7,8,11,31,0,4,16,1,21,5,11,24,12,52,0,0,0,52
05/08/2020,CRW,WV,AEA,CE,Combined TRACON& Tower with Radar,4,7,3,2,16,0,3,0,2,5,4,10,3,4,21,0,0,0,21
05/09/2020,CRW,WV,AEA,CE,Combined TRACON& Tower with Radar,6,3,7,2,18,0,0,16,0,16,6,3,23,2,34,0,0,0,34
05/10/2020,CRW,WV,AEA,CE,Combined TRACON& Tower with Radar,5,1,15,0,21,0,1,15,0,16,5,2,30,0,37,0,0,0,37
05/11/2020,CRW,WV,AEA,CE,Combined TRACON& Tower with Radar,5,4,4,1,14,0,2,8,0,10,5,6,12,1,24,0,0,0,24
05/12/2020,CRW,WV,AEA,CE,Combined TRACON& Tower with Radar,4,9,15,6,34,0,0,14,1,15,4,9,29,7,49,0,0,0,49
05/13/2020,CRW,WV,AEA,CE,Combined TRACON& Tower with Radar,4,9,11,7,31,0,1,18,5,24,4,10,29,12,55,8,0,8,63
05/14/2020,CRW,WV,AEA,CE,Combined TRACON& Tower with Radar,4,7,5,2,18,0,0,12,0,12,4,7,17,2,30,0,0,0,30
05/15/2020,CRW,WV,AEA,CE,Combined TRACON& Tower with Radar,4,7,9,3,23,0,4,17,0,21,4,11,26,3,44,0,0,0,44
05/16/2020,CRW,WV,AEA,CE,Combined TRACON& Tower with Radar,6,5,6,0,17,0,0,6,0,6,6,5,12,0,23,0,0,0,23
05/17/2020,CRW,WV,AEA,CE,Combined TRACON& Tower with Radar,4,5,3,1,13,0,0,10,0,10,4,5,13,1,23,0,0,0,23
05/18/2020,CRW,WV,AEA,CE,Combined TRACON& Tower with Radar,4,4,9,2,19,0,0,3,2,5,4,4,12,4,24,0,0,0,24
05/19/2020,CRW,WV,AEA,CE,Combined TRACON& Tower with Radar,4,8,4,18,34,0,0,0,0,0,4,8,4,18,34,0,0,0,34
05/20/2020,CRW,WV,AEA,CE,Combined TRACON& Tower with Radar,4,9,4,4,21,0,0,1,0,1,4,9,5,4,22,0,0,0,22
05/21/2020,CRW,WV,AEA,CE,Combined TRACON& Tower with Radar,4,13,16,2,35,0,0,0,0,0,4,13,16,2,35,0,0,0,35
05/22/2020,CRW,WV,AEA,CE,Combined TRACON& Tower with Radar,4,11,13,1,29,0,1,4,0,5,4,12,17,1,34,0,0,0,34
05/23/2020,CRW,WV,AEA,CE,Combined TRACON& Tower with Radar,6,4,11,0,21,0,2,15,0,17,6,6,26,0,38,0,0,0,38
05/24/2020,CRW,WV,AEA,CE,Combined TRACON& Tower with Radar,5,1,1,0,7,0,0,6,0,6,5,1,7,0,13,0,0,0,13
05/25/2020,CRW,WV,AEA,CE,Combined TRACON& Tower with Radar,5,6,17,0,28,0,0,13,0,13,5,6,30,0,41,0,0,0,41
05/26/2020,CRW,WV,AEA,CE,Combined TRACON& Tower with Radar,4,7,17,4,32,0,0,17,0,17,4,7,34,4,49,0,0,0,49
05/27/2020,CRW,WV,AEA,CE,Combined TRACON& Tower with Radar,4,7,18,8,37,0,0,18,12,30,4,7,36,20,67,0,0,0,67
05/28/2020,CRW,WV,AEA,CE,Combined TRACON& Tower with Radar,4,5,9,6,24,0,0,12,0,12,4,5,21,6,36,0,0,0,36
05/29/2020,CRW,WV,AEA,CE,Combined TRACON& Tower with Radar,4,11,10,3,28,0,0,7,3,10,4,11,17,6,38,0,0,0,38
05/30/2020,CRW,WV,AEA,CE,Combined TRACON& Tower with Radar,6,9,11,7,33,0,1,16,0,17,6,10,27,7,50,0,0,0,50
05/31/2020,CRW,WV,AEA,CE,Combined TRACON& Tower with Radar,4,3,8,0,15,0,2,25,0,27,4,5,33,0,42,12,0,12,54
06/01/2020,CRW,WV,AEA,CE,Combined TRACON& Tower with Radar,4,3,16,2,25,0,0,31,2,33,4,3,47,4,58,0,0,0,58
06/02/2020,CRW,WV,AEA,CE,Combined TRACON& Tower with Radar,4,9,8,13,34,0,1,36,5,42,4,10,44,18,76,0,0,0,76
06/03/2020,CRW,WV,AEA,CE,Combined TRACON& Tower with Radar,4,6,12,1,23,0,0,25,7,32,4,6,37,8,55,6,0,6,61
06/04/2020,CRW,WV,AEA,CE,Combined TRACON& Tower with Radar,4,7,13,2,26,0,4,14,4,22,4,11,27,6,48,0,0,0,48
06/05/2020,CRW,WV,AEA,CE,Combined TRACON& Tower with Radar,4,8,8,0,20,0,0,1,0,1,4,8,9,0,21,0,0,0,21
06/06/2020,CRW,WV,AEA,CE,Combined TRACON& Tower with Radar,6,10,10,0,26,0,0,8,0,8,6,10,18,0,34,0,0,0,34
06/07/2020,CRW,WV,AEA,CE,Combined TRACON& Tower with Radar,5,5,5,0,15,0,0,23,0,23,5,5,28,0,38,0,0,0,38
06/08/2020,CRW,WV,AEA,CE,Combined TRACON& Tower with Radar,5,5,7,2,19,0,1,27,0,28,5,6,34,2,47,0,0,0,47
06/09/2020,CRW,WV,AEA,CE,Combined TRACON& Tower with Radar,4,12,13,10,39,0,2,19,4,25,4,14,32,14,64,0,0,0,64
06/10/2020,CRW,WV,AEA,CE,Combined TRACON& Tower with Radar,4,6,5,2,17,0,0,11,3,14,4,6,16,5,31,0,0,0,31
06/11/2020,CRW,WV,AEA,CE,Combined TRACON& Tower with Radar,4,7,6,7,24,0,0,23,10,33,4,7,29,17,57,0,0,0,57
06/12/2020,CRW,WV,AEA,CE,Combined TRACON& Tower with Radar,4,10,8,0,22,0,1,21,3,25,4,11,29,3,47,13,0,13,60
06/13/2020,CRW,WV,AEA,CE,Combined TRACON& Tower with Radar,6,10,8,4,28,0,4,25,3,32,6,14,33,7,60,0,0,0,60
06/14/2020,CRW,WV,AEA,CE,Combined TRACON& Tower with Radar,6,5,2,0,13,0,0,2,0,2,6,5,4,0,15,0,0,0,15
06/15/2020,CRW,WV,AEA,CE,Combined TRACON& Tower with Radar,4,5,13,0,22,0,1,18,0,19,4,6,31,0,41,14,0,14,55
06/16/2020,CRW,WV,AEA,CE,Combined TRACON& Tower with Radar,4,12,15,15,46,0,6,20,4,30,4,18,35,19,76,40,7,47,123
06/17/2020,CRW,WV,AEA,CE,Combined TRACON& Tower with Radar,4,14,9,12,39,0,0,17,1,18,4,14,26,13,57,42,0,42,99
06/18/2020,CRW,WV,AEA,CE,Combined TRACON& Tower with Radar,5,9,6,15,35,0,0,8,9,17,5,9,14,24,52,8,0,8,60
06/19/2020,CRW,WV,AEA,CE,Combined TRACON& Tower with Radar,4,8,16,8,36,0,1,18,13,32,4,9,34,21,68,0,30,30,98
06/20/2020,CRW,WV,AEA,CE,Combined TRACON& Tower with Radar,7,14,5,7,33,0,0,15,5,20,7,14,20,12,53,8,0,8,61
06/21/2020,CRW,WV,AEA,CE,Combined TRACON& Tower with Radar,7,9,10,10,36,0,3,21,5,29,7,12,31,15,65,0,0,0,65
06/22/2020,CRW,WV,AEA,CE,Combined TRACON& Tower with Radar,4,8,15,21,48,0,0,11,4,15,4,8,26,25,63,12,22,34,97
06/23/2020,CRW,WV,AEA,CE,Combined TRACON& Tower with Radar,4,12,10,2,28,0,0,6,0,6,4,12,16,2,34,16,0,16,50
06/24/2020,CRW,WV,AEA,CE,Combined TRACON& Tower with Radar,4,5,11,15,35,0,2,27,21,50,4,7,38,36,85,28,10,38,123
06/25/2020,CRW,WV,AEA,CE,Combined TRACON& Tower with Radar,4,8,13,2,27,0,1,28,9,38,4,9,41,11,65,0,10,10,75
06/26/2020,CRW,WV,AEA,CE,Combined TRACON& Tower with Radar,6,10,13,1,30,0,3,20,3,26,6,13,33,4,56,29,0,29,85
06/27/2020,CRW,WV,AEA,CE,Combined TRACON& Tower with Radar,6,14,17,5,42,0,0,12,0,12,6,14,29,5,54,0,0,0,54
06/28/2020,CRW,WV,AEA,CE,Combined TRACON& Tower with Radar,6,10,5,2,23,0,0,2,0,2,6,10,7,2,25,2,0,2,27
06/29/2020,CRW,WV,AEA,CE,Combined TRACON& Tower with Radar,4,5,5,0,14,12,0,6,0,18,16,5,11,0,32,12,0,12,44
06/30/2020,CRW,WV,AEA,CE,Combined TRACON& Tower with Radar,4,7,8,15,34,0,0,13,10,23,4,7,21,25,57,0,16,16,73
07/01/2020,CRW,WV,AEA,CE,Combined TRACON& Tower with Radar,4,6,22,4,36,0,6,18,2,26,4,12,40,6,62,12,4,16,78
07/02/2020,CRW,WV,AEA,CE,Combined TRACON& Tower with Radar,6,6,18,2,32,0,3,22,0,25,6,9,40,2,57,11,0,11,68
07/03/2020,CRW,WV,AEA,CE,Combined TRACON& Tower with Radar,6,11,22,4,43,0,8,16,2,26,6,19,38,6,69,11,0,11,80
07/04/2020,CRW,WV,AEA,CE,Combined TRACON& Tower with Radar,5,7,10,1,23,0,0,8,0,8,5,7,18,1,31,13,0,13,44
07/05/2020,CRW,WV,AEA,CE,Combined TRACON& Tower with Radar,8,6,11,0,25,0,2,11,2,15,8,8,22,2,40,0,0,0,40
07/06/2020,CRW,WV,AEA,CE,Combined TRACON& Tower with Radar,5,9,19,2,35,0,2,18,4,24,5,11,37,6,59,4,0,4,63
07/07/2020,CRW,WV,AEA,CE,Combined TRACON& Tower with Radar,8,15,16,8,47,0,1,17,0,18,8,16,33,8,65,24,0,24,89
07/08/2020,CRW,WV,AEA,CE,Combined TRACON& Tower with Radar,8,12,3,10,33,0,0,20,6,26,8,12,23,16,59,6,19,25,84
07/09/2020,CRW,WV,AEA,CE,Combined TRACON& Tower with Radar,10,12,15,7,44,0,0,20,10,30,10,12,35,17,74,34,0,34,108
07/10/2020,CRW,WV,AEA,CE,Combined TRACON& Tower with Radar,8,16,11,3,38,0,2,7,0,9,8,18,18,3,47,22,0,22,69
07/11/2020,CRW,WV,AEA,CE,Combined TRACON& Tower with Radar,10,14,2,0,26,0,24,34,0,58,10,38,36,0,84,34,0,34,118
07/12/2020,CRW,WV,AEA,CE,Combined TRACON& Tower with Radar,12,7,10,0,29,0,1,21,3,25,12,8,31,3,54,0,0,0,54
07/13/2020,CRW,WV,AEA,CE,Combined TRACON& Tower with Radar,10,7,10,0,27,0,1,22,0,23,10,8,32,0,50,14,0,14,64
07/14/2020,CRW,WV,AEA,CE,Combined TRACON& Tower with Radar,8,11,20,7,46,0,2,31,1,34,8,13,51,8,80,8,0,8,88
07/15/2020,CRW,WV,AEA,CE,Combined TRACON& Tower with Radar,8,17,14,12,51,0,2,38,4,44,8,19,52,16,95,4,0,4,99
07/16/2020,CRW,WV,AEA,CE,Combined TRACON& Tower with Radar,12,12,10,11,45,0,0,11,2,13,12,12,21,13,58,0,13,13,71
07/17/2020,CRW,WV,AEA,CE,Combined TRACON& Tower with Radar,8,11,6,4,29,0,0,11,0,11,8,11,17,4,40,0,0,0,40
07/18/2020,CRW,WV,AEA,CE,Combined TRACON& Tower with Radar,10,13,12,0,35,0,0,5,0,5,10,13,17,0,40,0,0,0,40
07/19/2020,CRW,WV,AEA,CE,Combined TRACON& Tower with Radar,12,6,8,0,26,0,0,7,0,7,12,6,15,0,33,0,0,0,33
07/20/2020,CRW,WV,AEA,CE,Combined TRACON& Tower with Radar,8,9,7,7,31,0,0,9,4,13,8,9,16,11,44,0,0,0,44
07/21/2020,CRW,WV,AEA,CE,Combined TRACON& Tower with Radar,7,10,11,4,32,0,0,16,1,17,7,10,27,5,49,13,0,13,62
07/22/2020,CRW,WV,AEA,CE,Combined TRACON& Tower with Radar,9,15,8,16,48,0,0,14,2,16,9,15,22,18,64,21,6,27,91
07/23/2020,CRW,WV,AEA,CE,Combined TRACON& Tower with Radar,10,12,6,3,31,0,0,4,0,4,10,12,10,3,35,0,0,0,35
07/24/2020,CRW,WV,AEA,CE,Combined TRACON& Tower with Radar,8,13,16,2,39,0,2,9,4,15,8,15,25,6,54,60,0,60,114
07/25/2020,CRW,WV,AEA,CE,Combined TRACON& Tower with Radar,10,11,14,2,37,0,1,32,0,33,10,12,46,2,70,28,0,28,98
07/26/2020,CRW,WV,AEA,CE,Combined TRACON& Tower with Radar,12,7,17,0,36,0,0,31,0,31,12,7,48,0,67,6,0,6,73
07/27/2020,CRW,WV,AEA,CE,Combined TRACON& Tower with Radar,8,10,20,0,38,0,0,21,2,23,8,10,41,2,61,0,0,0,61
07/28/2020,CRW,WV,AEA,CE,Combined TRACON& Tower with Radar,8,10,8,1,27,0,0,10,1,11,8,10,18,2,38,12,0,12,50
07/29/2020,CRW,WV,AEA,CE,Combined TRACON& Tower with Radar,8,12,9,3,32,0,5,22,5,32,8,17,31,8,64,6,0,6,70
07/30/2020,CRW,WV,AEA,CE,Combined TRACON& Tower with Radar,6,10,2,2,20,0,0,6,6,12,6,10,8,8,32,0,0,0,32
07/31/2020,CRW,WV,AEA,CE,Combined TRACON& Tower with Radar,4,10,8,2,24,0,0,8,0,8,4,10,16,2,32,0,0,0,32
08/01/2020,CRW,WV,AEA,CE,Combined TRACON& Tower with Radar,6,14,4,4,28,0,0,7,6,13,6,14,11,10,41,4,4,8,49
08/02/2020,CRW,WV,AEA,CE,Combined TRACON& Tower with Radar,8,10,8,6,32,0,2,18,0,20,8,12,26,6,52,49,0,49,101
08/03/2020,CRW,WV,AEA,CE,Combined TRACON& Tower with Radar,2,15,5,0,22,0,0,22,0,22,2,15,27,0,44,0,0,0,44
08/04/2020,CRW,WV,AEA,CE,Combined TRACON& Tower with Radar,4,15,10,12,41,0,3,16,1,20,4,18,26,13,61,4,0,4,65
08/05/2020,CRW,WV,AEA,CE,Combined TRACON& Tower with Radar,4,11,8,15,38,0,0,39,6,45,4,11,47,21,83,6,0,6,89
08/06/2020,CRW,WV,AEA,CE,Combined TRACON& Tower with Radar,4,14,27,4,49,0,0,34,1,35,4,14,61,5,84,0,0,0,84
08/07/2020,CRW,WV,AEA,CE,Combined TRACON& Tower with Radar,4,16,7,20,47,0,6,39,5,50,4,22,46,25,97,46,44,90,187
08/08/2020,CRW,WV,AEA,CE,Combined TRACON& Tower with Radar,8,16,8,4,36,0,4,26,15,45,8,20,34,19,81,30,8,38,119
08/09/2020,CRW,WV,AEA,CE,Combined TRACON& Tower with Radar,6,13,13,0,32,0,2,27,13,42,6,15,40,13,74,4,0,4,78
08/10/2020,CRW,WV,AEA,CE,Combined TRACON& Tower with Radar,4,11,11,9,35,0,6,18,16,40,4,17,29,25,75,0,10,10,85
08/11/2020,CRW,WV,AEA,CE,Combined TRACON& Tower with Radar,4,14,23,18,59,0,0,21,14,35,4,14,44,32,94,8,6,14,108
08/12/2020,CRW,WV,AEA,CE,Combined TRACON& Tower with Radar,4,15,32,14,65,0,0,33,13,46,4,15,65,27,111,0,12,12,123
08/13/2020,CRW,WV,AEA,CE,Combined TRACON& Tower with Radar,4,16,19,21,60,0,0,24,15,39,4,16,43,36,99,10,4,14,113
08/14/2020,CRW,WV,AEA,CE,Combined TRACON& Tower with Radar,4,19,6,20,49,0,2,18,6,26,4,21,24,26,75,13,21,34,109
08/15/2020,CRW,WV,AEA,CE,Combined TRACON& Tower with Radar,6,15,9,0,30,0,0,2,0,2,6,15,11,0,32,0,0,0,32
08/16/2020,CRW,WV,AEA,CE,Combined TRACON& Tower with Radar,6,10,8,2,26,0,10,19,0,29,6,20,27,2,55,28,0,28,83
08/17/2020,CRW,WV,AEA,CE,Combined TRACON& Tower with Radar,4,13,21,0,38,0,10,34,6,50,4,23,55,6,88,4,0,4,92
08/18/2020,CRW,WV,AEA,CE,Combined TRACON& Tower with Radar,4,15,26,1,46,0,0,23,6,29,4,15,49,7,75,34,0,34,109
08/19/2020,CRW,WV,AEA,CE,Combined TRACON& Tower with Radar,8,15,24,4,51,0,0,28,10,38,8,15,52,14,89,8,0,8,97
08/20/2020,CRW,WV,AEA,CE,Combined TRACON& Tower with Radar,4,17,21,13,55,0,11,20,15,46,4,28,41,28,101,44,0,44,145
08/21/2020,CRW,WV,AEA,CE,Combined TRACON& Tower with Radar,4,14,21,1,40,0,0,23,2,25,4,14,44,3,65,32,0,32,97
08/22/2020,CRW,WV,AEA,CE,Combined TRACON& Tower with Radar,6,15,12,5,38,0,4,22,0,26,6,19,34,5,64,21,0,21,85
08/23/2020,CRW,WV,AEA,CE,Combined TRACON& Tower with Radar,4,14,13,2,33,0,0,11,2,13,4,14,24,4,46,12,0,12,58
08/24/2020,CRW,WV,AEA,CE,Combined TRACON& Tower with Radar,4,12,8,13,37,0,6,22,8,36,4,18,30,21,73,10,5,15,88
08/25/2020,CRW,WV,AEA,CE,Combined TRACON& Tower with Radar,6,19,23,36,84,1,1,29,8,39,7,20,52,44,123,25,10,35,158
08/26/2020,CRW,WV,AEA,CE,Combined TRACON& Tower with Radar,5,12,16,34,67,0,10,20,22,52,5,22,36,56,119,70,20,90,209
08/27/2020,CRW,WV,AEA,CE,Combined TRACON& Tower with Radar,4,16,16,9,45,0,0,6,4,10,4,16,22,13,55,6,18,24,79
08/28/2020,CRW,WV,AEA,CE,Combined TRACON& Tower with Radar,4,16,11,4,35,0,0,9,3,12,4,16,20,7,47,3,0,3,50
08/29/2020,CRW,WV,AEA,CE,Combined TRACON& Tower with Radar,6,19,2,0,27,0,0,1,0,1,6,19,3,0,28,0,0,0,28
08/30/2020,CRW,WV,AEA,CE,Combined TRACON& Tower with Radar,8,9,9,0,26,0,7,36,0,43,8,16,45,0,69,29,0,29,98
08/31/2020,CRW,WV,AEA,CE,Combined TRACON& Tower with Radar,4,14,16,4,38,0,2,2,0,4,4,16,18,4,42,0,0,0,42
09/01/2020,CRW,WV,AEA,CE,Combined TRACON& Tower with Radar,6,15,11,12,44,0,0,14,9,23,6,15,25,21,67,0,0,0,67
09/02/2020,CRW,WV,AEA,CE,Combined TRACON& Tower with Radar,4,14,9,18,45,0,3,3,18,24,4,17,12,36,69,0,16,16,85
09/03/2020,CRW,WV,AEA,CE,Combined TRACON& Tower with Radar,4,18,8,8,38,0,0,3,10,13,4,18,11,18,51,0,0,0,51
09/04/2020,CRW,WV,AEA,CE,Combined TRACON& Tower with Radar,4,14,10,2,30,0,0,14,0,14,4,14,24,2,44,0,0,0,44
09/05/2020,CRW,WV,AEA,CE,Combined TRACON& Tower with Radar,6,13,13,0,32,0,3,25,0,28,6,16,38,0,60,15,0,15,75
09/06/2020,CRW,WV,AEA,CE,Combined TRACON& Tower with Radar,4,11,9,0,24,0,6,27,0,33,4,17,36,0,57,11,0,11,68
09/07/2020,CRW,WV,AEA,CE,Combined TRACON& Tower with Radar,6,17,15,2,40,0,2,34,0,36,6,19,49,2,76,31,0,31,107
09/08/2020,CRW,WV,AEA,CE,Combined TRACON& Tower with Radar,4,13,14,3,34,0,3,24,2,29,4,16,38,5,63,24,2,26,89
09/09/2020,CRW,WV,AEA,CE,Combined TRACON& Tower with Radar,6,15,20,5,46,0,0,29,3,32,6,15,49,8,78,26,12,38,116
09/10/2020,CRW,WV,AEA,CE,Combined TRACON& Tower with Radar,6,14,15,18,53,0,1,18,0,19,6,15,33,18,72,0,0,0,72
09/11/2020,CRW,WV,AEA,CE,Combined TRACON& Tower with Radar,6,26,23,9,64,0,0,8,1,9,6,26,31,10,73,0,0,0,73
09/12/2020,CRW,WV,AEA,CE,Combined TRACON& Tower with Radar,8,13,10,2,33,0,0,24,3,27,8,13,34,5,60,40,0,40,100
09/13/2020,CRW,WV,AEA,CE,Combined TRACON& Tower with Radar,6,18,18,2,44,0,0,4,0,4,6,18,22,2,48,2,0,2,50
09/14/2020,CRW,WV,AEA,CE,Combined TRACON& Tower with Radar,6,18,10,17,51,0,0,8,0,8,6,18,18,17,59,12,0,12,71
09/15/2020,CRW,WV,AEA,CE,Combined TRACON& Tower with Radar,6,14,15,7,42,0,3,29,0,32,6,17,44,7,74,8,0,8,82
09/16/2020,CRW,WV,AEA,CE,Combined TRACON& Tower with Radar,6,12,22,8,48,0,1,34,2,37,6,13,56,10,85,46,0,46,131
09/17/2020,CRW,WV,AEA,CE,Combined TRACON& Tower with Radar,6,24,12,0,42,0,0,19,2,21,6,24,31,2,63,22,0,22,85
09/18/2020,CRW,WV,AEA,CE,Combined TRACON& Tower with Radar,6,14,30,10,60,0,0,10,0,10,6,14,40,10,70,30,0,30,100
09/19/2020,CRW,WV,AEA,CE,Combined TRACON& Tower with Radar,8,15,5,0,28,0,0,33,0,33,8,15,38,0,61,27,0,27,88
09/20/2020,CRW,WV,AEA,CE,Combined TRACON& Tower with Radar,6,18,12,1,37,0,0,35,0,35,6,18,47,1,72,0,0,0,72
09/21/2020,CRW,WV,AEA,CE,Combined TRACON& Tower with Radar,6,13,12,11,42,0,0,23,4,27,6,13,35,15,69,12,0,12,81
09/22/2020,CRW,WV,AEA,CE,Combined TRACON& Tower with Radar,6,13,23,4,46,0,0,36,6,42,6,13,59,10,88,40,2,42,130
09/23/2020,CRW,WV,AEA,CE,Combined TRACON& Tower with Radar,6,15,9,8,38,0,0,21,2,23,6,15,30,10,61,0,0,0,61
09/24/2020,CRW,WV,AEA,CE,Combined TRACON& Tower with Radar,6,16,12,6,40,0,0,31,0,31,6,16,43,6,71,10,0,10,81
09/25/2020,CRW,WV,AEA,CE,Combined TRACON& Tower with Radar,8,14,11,3,36,0,0,13,2,15,8,14,24,5,51,19,0,19,70
09/26/2020,CRW,WV,AEA,CE,Combined TRACON& Tower with Radar,8,15,13,0,36,0,0,15,4,19,8,15,28,4,55,39,0,39,94
09/27/2020,CRW,WV,AEA,CE,Combined TRACON& Tower with Radar,6,12,17,2,37,0,1,26,9,36,6,13,43,11,73,0,0,0,73
09/28/2020,CRW,WV,AEA,CE,Combined TRACON& Tower with Radar,6,11,14,1,32,0,0,18,10,28,6,11,32,11,60,3,3,6,66
09/29/2020,CRW,WV,AEA,CE,Combined TRACON& Tower with Radar,6,12,10,2,30,0,0,2,2,4,6,12,12,4,34,0,0,0,34
09/30/2020,CRW,WV,AEA,CE,Combined TRACON& Tower with Radar,6,16,5,5,32,0,0,23,9,32,6,16,28,14,64,4,0,4,68
10/01/2020,CRW,WV,AEA,CE,Combined TRACON& Tower with Radar,6,24,39,6,75,0,0,24,13,37,6,24,63,19,112,24,12,36,148
10/02/2020,CRW,WV,AEA,CE,Combined TRACON& Tower with Radar,6,17,13,11,47,0,2,13,10,25,6,19,26,21,72,10,0,10,82
10/03/2020,CRW,WV,AEA,CE,Combined TRACON& Tower with Radar,12,16,9,3,40,0,1,26,8,35,12,17,35,11,75,22,0,22,97
10/04/2020,CRW,WV,AEA,CE,Combined TRACON& Tower with Radar,8,14,7,4,33,0,1,16,13,30,8,15,23,17,63,0,8,8,71
10/05/2020,CRW,WV,AEA,CE,Combined TRACON& Tower with Radar,6,15,29,3,53,0,1,11,2,14,6,16,40,5,67,18,0,18,85
10/06/2020,CRW,WV,AEA,CE,Combined TRACON& Tower with Radar,6,10,11,4,31,0,1,18,4,23,6,11,29,8,54,12,0,12,66
10/07/2020,CRW,WV,AEA,CE,Combined TRACON& Tower with Radar,6,16,5,6,33,0,2,10,8,20,6,18,15,14,53,20,0,20,73
10/08/2020,CRW,WV,AEA,CE,Combined TRACON& Tower with Radar,9,16,15,7,47,0,2,34,2,38,9,18,49,9,85,28,0,28,113
10/09/2020,CRW,WV,AEA,CE,Combined TRACON& Tower with Radar,7,20,23,0,50,0,0,21,0,21,7,20,44,0,71,0,0,0,71
10/10/2020,CRW,WV,AEA,CE,Combined TRACON& Tower with Radar,6,23,19,0,48,0,0,2,0,2,6,23,21,0,50,2,0,2,52
10/11/2020,CRW,WV,AEA,CE,Combined TRACON& Tower with Radar,6,14,8,1,29,0,0,1,0,1,6,14,9,1,30,0,0,0,30
10/12/2020,CRW,WV,AEA,CE,Combined TRACON& Tower with Radar,6,13,6,0,25,0,0,10,0,10,6,13,16,0,35,34,0,34,69
10/13/2020,CRW,WV,AEA,CE,Combined TRACON& Tower with Radar,6,23,18,4,51,0,2,16,0,18,6,25,34,4,69,14,0,14,83
10/14/2020,CRW,WV,AEA,CE,Combined TRACON& Tower with Radar,6,19,16,1,42,0,0,35,3,38,6,19,51,4,80,0,0,0,80
10/15/2020,CRW,WV,AEA,CE,Combined TRACON& Tower with Radar,8,21,10,0,39,0,2,29,5,36,8,23,39,5,75,12,0,12,87
10/16/2020,CRW,WV,AEA,CE,Combined TRACON& Tower with Radar,6,16,6,4,32,0,0,8,4,12,6,16,14,8,44,15,0,15,59
10/17/2020,CRW,WV,AEA,CE,Combined TRACON& Tower with Radar,6,17,10,4,37,0,0,33,0,33,6,17,43,4,70,18,0,18,88
10/18/2020,CRW,WV,AEA,CE,Combined TRACON& Tower with Radar,6,15,12,0,33,0,5,18,0,23,6,20,30,0,56,4,0,4,60
10/19/2020,CRW,WV,AEA,CE,Combined TRACON& Tower with Radar,6,13,12,2,33,0,0,18,7,25,6,13,30,9,58,24,0,24,82
10/20/2020,CRW,WV,AEA,CE,Combined TRACON& Tower with Radar,6,14,15,13,48,0,6,13,7,26,6,20,28,20,74,24,32,56,130
10/21/2020,CRW,WV,AEA,CE,Combined TRACON& Tower with Radar,6,15,13,16,50,0,2,29,20,51,6,17,42,36,101,3,0,3,104
10/22/2020,CRW,WV,AEA,CE,Combined TRACON& Tower with Radar,6,17,18,10,51,0,2,29,15,46,6,19,47,25,97,5,4,9,106
10/23/2020,CRW,WV,AEA,CE,Combined TRACON& Tower with Radar,6,19,11,2,38,0,0,32,9,41,6,19,43,11,79,8,0,8,87
10/24/2020,CRW,WV,AEA,CE,Combined TRACON& Tower with Radar,6,13,5,2,26,0,0,0,0,0,6,13,5,2,26,0,0,0,26
10/25/2020,CRW,WV,AEA,CE,Combined TRACON& Tower with Radar,6,13,6,0,25,0,0,2,0,2,6,13,8,0,27,0,0,0,27
10/26/2020,CRW,WV,AEA,CE,Combined TRACON& Tower with Radar,6,13,17,15,51,0,0,8,0,8,6,13,25,15,59,0,0,0,59
10/27/2020,CRW,WV,AEA,CE,Combined TRACON& Tower with Radar,6,14,14,15,49,0,3,9,6,18,6,17,23,21,67,12,0,12,79
10/28/2020,CRW,WV,AEA,CE,Combined TRACON& Tower with Radar,6,14,14,23,57,0,0,4,5,9,6,14,18,28,66,30,0,30,96
10/29/2020,CRW,WV,AEA,CE,Combined TRACON& Tower with Radar,6,14,13,0,33,0,0,0,0,0,6,14,13,0,33,0,0,0,33
10/30/2020,CRW,WV,AEA,CE,Combined TRACON& Tower with Radar,6,16,6,0,28,0,1,1,2,4,6,17,7,2,32,0,0,0,32
10/31/2020,CRW,WV,AEA,CE,Combined TRACON& Tower with Radar,4,11,7,0,22,0,3,30,1,34,4,14,37,1,56,0,0,0,56
11/01/2020,CRW,WV,AEA,CE,Combined TRACON& Tower with Radar,8,15,5,0,28,0,0,10,0,10,8,15,15,0,38,0,0,0,38
11/02/2020,CRW,WV,AEA,CE,Combined TRACON& Tower with Radar,6,12,7,3,28,0,0,15,0,15,6,12,22,3,43,0,0,0,43
11/03/2020,CRW,WV,AEA,CE,Combined TRACON& Tower with Radar,6,16,4,19,45,0,0,26,10,36,6,16,30,29,81,16,46,62,143
11/04/2020,CRW,WV,AEA,CE,Combined TRACON& Tower with Radar,4,10,34,5,53,0,0,50,29,79,4,10,84,34,132,54,52,106,238
11/05/2020,CRW,WV,AEA,CE,Combined TRACON& Tower with Radar,6,14,17,14,51,0,0,29,9,38,6,14,46,23,89,4,4,8,97
11/06/2020,CRW,WV,AEA,CE,Combined TRACON& Tower with Radar,6,17,24,9,56,0,2,34,4,40,6,19,58,13,96,0,0,0,96
11/07/2020,CRW,WV,AEA,CE,Combined TRACON& Tower with Radar,6,13,10,2,31,0,5,28,6,39,6,18,38,8,70,8,0,8,78
11/08/2020,CRW,WV,AEA,CE,Combined TRACON& Tower with Radar,8,14,12,11,45,0,2,26,11,39,8,16,38,22,84,0,0,0,84
11/09/2020,CRW,WV,AEA,CE,Combined TRACON& Tower with Radar,6,19,13,15,53,0,9,25,17,51,6,28,38,32,104,30,4,34,138
11/10/2020,CRW,WV,AEA,CE,Combined TRACON& Tower with Radar,4,16,16,15,51,0,1,22,13,36,4,17,38,28,87,4,4,8,95
11/11/2020,CRW,WV,AEA,CE,Combined TRACON& Tower with Radar,4,16,12,2,34,0,1,0,0,1,4,17,12,2,35,0,0,0,35
11/12/2020,CRW,WV,AEA,CE,Combined TRACON& Tower with Radar,8,20,7,9,44,0,0,0,0,0,8,20,7,9,44,0,0,0,44
11/13/2020,CRW,WV,AEA,CE,Combined TRACON& Tower with Radar,6,18,15,1,40,0,0,16,9,25,6,18,31,10,65,28,0,28,93
11/14/2020,CRW,WV,AEA,CE,Combined TRACON& Tower with Radar,6,12,13,0,31,0,2,25,12,39,6,14,38,12,70,12,0,12,82
11/15/2020,CRW,WV,AEA,CE,Combined TRACON& Tower with Radar,8,16,4,0,28,0,0,0,0,0,8,16,4,0,28,0,0,0,28
11/16/2020,CRW,WV,AEA,CE,Combined TRACON& Tower with Radar,6,14,12,1,33,0,0,1,11,12,6,14,13,12,45,0,0,0,45
11/17/2020,CRW,WV,AEA,CE,Combined TRACON& Tower with Radar,4,13,12,5,34,0,0,9,13,22,4,13,21,18,56,8,0,8,64
11/18/2020,CRW,WV,AEA,CE,Combined TRACON& Tower with Radar,4,14,10,15,43,0,1,28,16,45,4,15,38,31,88,50,14,64,152
11/19/2020,CRW,WV,AEA,CE,Combined TRACON& Tower with Radar,6,19,7,1,33,0,0,12,8,20,6,19,19,9,53,0,0,0,53
11/20/2020,CRW,WV,AEA,CE,Combined TRACON& Tower with Radar,6,19,10,8,43,0,2,19,14,35,6,21,29,22,78,0,0,0,78
11/21/2020,CRW,WV,AEA,CE,Combined TRACON& Tower with Radar,6,15,14,2,37,0,0,9,8,17,6,15,23,10,54,0,0,0,54
11/22/2020,CRW,WV,AEA,CE,Combined TRACON& Tower with Radar,8,15,18,3,44,0,0,6,0,6,8,15,24,3,50,0,0,0,50
11/23/2020,CRW,WV,AEA,CE,Combined TRACON& Tower with Radar,4,16,2,0,22,0,1,7,0,8,4,17,9,0,30,10,0,10,40
11/24/2020,CRW,WV,AEA,CE,Combined TRACON& Tower with Radar,6,16,21,0,43,0,0,25,0,25,6,16,46,0,68,5,0,5,73
11/25/2020,CRW,WV,AEA,CE,Combined TRACON& Tower with Radar,6,20,3,0,29,0,0,5,0,5,6,20,8,0,34,42,0,42,76
11/26/2020,CRW,WV,AEA,CE,Combined TRACON& Tower with Radar,0,10,5,0,15,0,0,2,0,2,0,10,7,0,17,0,0,0,17
11/27/2020,CRW,WV,AEA,CE,Combined TRACON& Tower with Radar,4,12,5,0,21,0,0,0,0,0,4,12,5,0,21,0,0,0,21
11/28/2020,CRW,WV,AEA,CE,Combined TRACON& Tower with Radar,6,17,6,0,29,0,0,5,0,5,6,17,11,0,34,0,0,0,34
11/29/2020,CRW,WV,AEA,CE,Combined TRACON& Tower with Radar,6,17,17,0,40,0,2,16,0,18,6,19,33,0,58,0,0,0,58
11/30/2020,CRW,WV,AEA,CE,Combined TRACON& Tower with Radar,6,15,5,2,28,0,0,0,0,0,6,15,5,2,28,0,0,0,28
12/01/2020,CRW,WV,AEA,CE,Combined TRACON& Tower with Radar,7,16,1,3,27,0,0,0,0,0,7,16,1,3,27,0,0,0,27
12/02/2020,CRW,WV,AEA,CE,Combined TRACON& Tower with Radar,7,16,10,7,40,0,2,15,9,26,7,18,25,16,66,10,16,26,92
12/03/2020,CRW,WV,AEA,CE,Combined TRACON& Tower with Radar,6,18,28,9,61,0,0,34,8,42,6,18,62,17,103,11,7,18,121
12/04/2020,CRW,WV,AEA,CE,Combined TRACON& Tower with Radar,6,20,4,9,39,0,0,4,3,7,6,20,8,12,46,0,0,0,46
12/05/2020,CRW,WV,AEA,CE,Combined TRACON& Tower with Radar,4,15,6,2,27,0,0,4,0,4,4,15,10,2,31,10,0,10,41
12/06/2020,CRW,WV,AEA,CE,Combined TRACON& Tower with Radar,6,14,5,0,25,0,0,22,0,22,6,14,27,0,47,14,0,14,61
12/07/2020,CRW,WV,AEA,CE,Combined TRACON& Tower with Radar,6,13,5,3,27,0,0,10,11,21,6,13,15,14,48,0,26,26,74
12/08/2020,CRW,WV,AEA,CE,Combined TRACON& Tower with Radar,4,16,19,12,51,0,7,23,3,33,4,23,42,15,84,6,8,14,98
12/09/2020,CRW,WV,AEA,CE,Combined TRACON& Tower with Radar,4,13,28,3,48,0,12,25,8,45,4,25,53,11,93,0,10,10,103
12/10/2020,CRW,WV,AEA,CE,Combined TRACON& Tower with Radar,6,17,26,6,55,0,2,37,11,50,6,19,63,17,105,52,3,55,160
12/11/2020,CRW,WV,AEA,CE,Combined TRACON& Tower with Radar,6,18,22,2,48,0,0,34,0,34,6,18,56,2,82,26,0,26,108
12/12/2020,CRW,WV,AEA,CE,Combined TRACON& Tower with Radar,4,17,4,2,27,0,1,9,0,10,4,18,13,2,37,0,0,0,37
12/13/2020,CRW,WV,AEA,CE,Combined TRACON& Tower with Radar,6,14,22,0,42,0,0,21,0,21,6,14,43,0,63,10,0,10,73
12/14/2020,CRW,WV,AEA,CE,Combined TRACON& Tower with Radar,6,13,7,7,33,0,0,0,0,0,6,13,7,7,33,0,0,0,33
12/15/2020,CRW,WV,AEA,CE,Combined TRACON& Tower with Radar,5,13,19,8,45,0,6,34,7,47,5,19,53,15,92,42,28,70,162
12/16/2020,CRW,WV,AEA,CE,Combined TRACON& Tower with Radar,4,12,7,0,23,0,0,0,0,0,4,12,7,0,23,0,0,0,23
12/17/2020,CRW,WV,AEA,CE,Combined TRACON& Tower with Radar,6,13,5,0,24,0,0,0,0,0,6,13,5,0,24,0,0,0,24
12/18/2020,CRW,WV,AEA,CE,Combined TRACON& Tower with Radar,6,18,11,16,51,0,0,13,4,17,6,18,24,20,68,6,8,14,82
12/19/2020,CRW,WV,AEA,CE,Combined TRACON& Tower with Radar,6,15,9,0,30,0,0,32,0,32,6,15,41,0,62,2,0,2,64
12/20/2020,CRW,WV,AEA,CE,Combined TRACON& Tower with Radar,4,8,2,2,16,0,0,4,0,4,4,8,6,2,20,0,0,0,20
12/21/2020,CRW,WV,AEA,CE,Combined TRACON& Tower with Radar,6,11,20,8,45,0,0,8,0,8,6,11,28,8,53,0,8,8,61
12/22/2020,CRW,WV,AEA,CE,Combined TRACON& Tower with Radar,6,14,6,2,28,0,2,13,6,21,6,16,19,8,49,8,26,34,83
12/23/2020,CRW,WV,AEA,CE,Combined TRACON& Tower with Radar,6,14,18,0,38,0,0,16,0,16,6,14,34,0,54,0,0,0,54
12/24/2020,CRW,WV,AEA,CE,Combined TRACON& Tower with Radar,5,10,0,0,15,0,0,0,0,0,5,10,0,0,15,0,0,0,15
12/25/2020,CRW,WV,AEA,CE,Combined TRACON& Tower with Radar,3,8,0,0,11,0,0,0,0,0,3,8,0,0,11,0,0,0,11
12/26/2020,CRW,WV,AEA,CE,Combined TRACON& Tower with Radar,6,13,19,0,38,0,0,19,0,19,6,13,38,0,57,0,0,0,57
12/27/2020,CRW,WV,AEA,CE,Combined TRACON& Tower with Radar,6,19,15,0,40,0,2,21,0,23,6,21,36,0,63,26,0,26,89
12/28/2020,CRW,WV,AEA,CE,Combined TRACON& Tower with Radar,6,16,5,3,30,0,0,3,0,3,6,16,8,3,33,0,0,0,33
12/29/2020,CRW,WV,AEA,CE,Combined TRACON& Tower with Radar,6,14,7,0,27,0,0,18,4,22,6,14,25,4,49,20,0,20,69
12/30/2020,CRW,WV,AEA,CE,Combined TRACON& Tower with Radar,6,17,3,2,28,0,1,13,0,14,6,18,16,2,42,16,0,16,58
12/31/2020,CRW,WV,AEA,CE,Combined TRACON& Tower with Radar,6,10,4,0,20,0,0,0,0,0,6,10,4,0,20,0,0,0,20
01/01/2021,CRW,WV,AEA,CE,Combined TRACON& Tower with Radar,4,11,0,0,15,0,0,2,0,2,4,11,2,0,17,0,0,0,17
01/02/2021,CRW,WV,AEA,CE,Combined TRACON& Tower with Radar,6,15,9,0,30,0,1,7,0,8,6,16,16,0,38,8,0,8,46
01/03/2021,CRW,WV,AEA,CE,Combined TRACON& Tower with Radar,6,12,5,0,23,0,0,0,0,0,6,12,5,0,23,0,0,0,23
01/04/2021,CRW,WV,AEA,CE,Combined TRACON& Tower with Radar,8,9,10,0,27,0,1,6,0,7,8,10,16,0,34,0,0,0,34
01/05/2021,CRW,WV,AEA,CE,Combined TRACON& Tower with Radar,5,10,5,0,20,0,0,0,0,0,5,10,5,0,20,0,0,0,20
01/06/2021,CRW,WV,AEA,CE,Combined TRACON& Tower with Radar,6,11,3,8,28,0,0,0,0,0,6,11,3,8,28,0,2,2,30
01/07/2021,CRW,WV,AEA,CE,Combined TRACON& Tower with Radar,8,16,8,4,36,0,0,16,4,20,8,16,24,8,56,4,0,4,60
01/08/2021,CRW,WV,AEA,CE,Combined TRACON& Tower with Radar,8,12,18,2,40,0,0,11,0,11,8,12,29,2,51,14,0,14,65
01/09/2021,CRW,WV,AEA,CE,Combined TRACON& Tower with Radar,6,13,5,6,30,0,0,7,1,8,6,13,12,7,38,12,0,12,50
01/10/2021,CRW,WV,AEA,CE,Combined TRACON& Tower with Radar,8,10,33,4,55,0,1,53,1,55,8,11,86,5,110,0,0,0,110
01/11/2021,CRW,WV,AEA,CE,Combined TRACON& Tower with Radar,8,9,9,19,45,0,2,20,9,31,8,11,29,28,76,18,54,72,148
01/12/2021,CRW,WV,AEA,CE,Combined TRACON& Tower with Radar,6,10,10,10,36,0,2,19,3,24,6,12,29,13,60,66,20,86,146
01/13/2021,CRW,WV,AEA,CE,Combined TRACON& Tower with Radar,6,12,27,18,63,0,2,46,7,55,6,14,73,25,118,0,14,14,132
01/14/2021,CRW,WV,AEA,CE,Combined TRACON& Tower with Radar,8,13,32,13,66,0,6,28,4,38,8,19,60,17,104,0,0,0,104
01/15/2021,CRW,WV,AEA,CE,Combined TRACON& Tower with Radar,8,17,7,10,42,0,0,2,0,2,8,17,9,10,44,0,0,0,44
01/16/2021,CRW,WV,AEA,CE,Combined TRACON& Tower with Radar,6,7,1,3,17,0,0,2,0,2,6,7,3,3,19,0,0,0,19
01/17/2021,CRW,WV,AEA,CE,Combined TRACON& Tower with Radar,8,10,1,2,21,0,0,3,0,3,8,10,4,2,24,0,0,0,24
01/18/2021,CRW,WV,AEA,CE,Combined TRACON& Tower with Radar,8,13,6,2,29,0,1,4,0,5,8,14,10,2,34,0,0,0,34
01/19/2021,CRW,WV,AEA,CE,Combined TRACON& Tower with Radar,6,18,5,4,33,0,0,1,0,1,6,18,6,4,34,0,0,0,34
01/20/2021,CRW,WV,AEA,CE,Combined TRACON& Tower with Radar,6,14,25,6,51,0,2,15,1,18,6,16,40,7,69,26,0,26,95
01/21/2021,CRW,WV,AEA,CE,Combined TRACON& Tower with Radar,8,17,7,21,53,0,0,8,8,16,8,17,15,29,69,18,18,36,105
01/22/2021,CRW,WV,AEA,CE,Combined TRACON& Tower with Radar,8,17,17,6,48,0,1,17,1,19,8,18,34,7,67,3,0,3,70
01/23/2021,CRW,WV,AEA,CE,Combined TRACON& Tower with Radar,6,12,13,0,31,0,0,35,0,35,6,12,48,0,66,58,0,58,124
01/24/2021,CRW,WV,AEA,CE,Combined TRACON& Tower with Radar,8,10,16,3,37,0,0,8,1,9,8,10,24,4,46,16,0,16,62
01/25/2021,CRW,WV,AEA,CE,Combined TRACON& Tower with Radar,12,10,0,2,24,0,0,0,0,0,12,10,0,2,24,0,0,0,24
01/26/2021,CRW,WV,AEA,CE,Combined TRACON& Tower with Radar,6,18,7,17,48,0,0,7,6,13,6,18,14,23,61,8,4,12,73
01/27/2021,CRW,WV,AEA,CE,Combined TRACON& Tower with Radar,6,12,10,17,45,0,2,18,7,27,6,14,28,24,72,19,14,33,105
01/28/2021,CRW,WV,AEA,CE,Combined TRACON& Tower with Radar,4,18,3,12,37,0,0,2,0,2,4,18,5,12,39,0,0,0,39
01/29/2021,CRW,WV,AEA,CE,Combined TRACON& Tower with Radar,8,12,8,13,41,0,2,38,5,45,8,14,46,18,86,37,0,37,123
01/30/2021,CRW,WV,AEA,CE,Combined TRACON& Tower with Radar,6,11,27,9,53,0,0,45,0,45,6,11,72,9,98,57,0,57,155
01/31/2021,CRW,WV,AEA,CE,Combined TRACON& Tower with Radar,8,12,1,1,22,0,0,0,0,0,8,12,1,1,22,0,0,0,22
02/01/2021,CRW,WV,AEA,CE,Combined TRACON& Tower with Radar,8,9,4,0,21,0,0,0,0,0,8,9,4,0,21,0,0,0,21
02/02/2021,CRW,WV,AEA,CE,Combined TRACON& Tower with Radar,2,10,3,1,16,0,0,3,0,3,2,10,6,1,19,0,0,0,19
02/03/2021,CRW,WV,AEA,CE,Combined TRACON& Tower with Radar,6,12,7,40,65,0,5,28,7,40,6,17,35,47,105,48,16,64,169
02/04/2021,CRW,WV,AEA,CE,Combined TRACON& Tower with Radar,8,18,7,8,41,0,4,25,3,32,8,22,32,11,73,0,10,10,83
02/05/2021,CRW,WV,AEA,CE,Combined TRACON& Tower with Radar,8,18,1,13,40,0,0,11,11,22,8,18,12,24,62,10,20,30,92
02/06/2021,CRW,WV,AEA,CE,Combined TRACON& Tower with Radar,6,12,5,0,23,0,2,20,2,24,6,14,25,2,47,16,0,16,63
02/07/2021,CRW,WV,AEA,CE,Combined TRACON& Tower with Radar,8,12,4,6,30,0,0,10,1,11,8,12,14,7,41,20,0,20,61
02/08/2021,CRW,WV,AEA,CE,Combined TRACON& Tower with Radar,8,11,13,16,48,0,0,27,0,27,8,11,40,16,75,12,8,20,95
02/09/2021,CRW,WV,AEA,CE,Combined TRACON& Tower with Radar,6,13,8,4,31,0,6,6,3,15,6,19,14,7,46,32,0,32,78
02/10/2021,CRW,WV,AEA,CE,Combined TRACON& Tower with Radar,5,10,5,9,29,0,0,0,0,0,5,10,5,9,29,0,0,0,29
02/11/2021,CRW,WV,AEA,CE,Combined TRACON& Tower with Radar,12,21,4,0,37,0,0,2,0,2,12,21,6,0,39,0,0,0,39
02/12/2021,CRW,WV,AEA,CE,Combined TRACON& Tower with Radar,11,13,1,0,25,0,0,0,0,0,11,13,1,0,25,0,0,0,25
02/13/2021,CRW,WV,AEA,CE,Combined TRACON& Tower with Radar,2,8,0,0,10,0,0,0,0,0,2,8,0,0,10,0,0,0,10
02/14/2021,CRW,WV,AEA,CE,Combined TRACON& Tower with Radar,5,6,3,0,14,0,0,0,0,0,5,6,3,0,14,0,0,0,14
02/15/2021,CRW,WV,AEA,CE,Combined TRACON& Tower with Radar,2,8,0,0,10,0,0,0,0,0,2,8,0,0,10,0,0,0,10
02/16/2021,CRW,WV,AEA,CE,Combined TRACON& Tower with Radar,2,10,2,0,14,0,0,1,0,1,2,10,3,0,15,0,0,0,15
02/17/2021,CRW,WV,AEA,CE,Combined TRACON& Tower with Radar,6,24,17,20,67,0,0,24,1,25,6,24,41,21,92,22,0,22,114
02/18/2021,CRW,WV,AEA,CE,Combined TRACON& Tower with Radar,10,19,2,0,31,0,0,0,0,0,10,19,2,0,31,0,0,0,31
02/19/2021,CRW,WV,AEA,CE,Combined TRACON& Tower with Radar,11,18,4,0,33,0,0,0,0,0,11,18,4,0,33,0,0,0,33
02/20/2021,CRW,WV,AEA,CE,Combined TRACON& Tower with Radar,9,13,0,0,22,0,3,24,0,27,9,16,24,0,49,10,0,10,59
02/21/2021,CRW,WV,AEA,CE,Combined TRACON& Tower with Radar,11,11,31,0,53,0,2,42,0,44,11,13,73,0,97,0,0,0,97
02/22/2021,CRW,WV,AEA,CE,Combined TRACON& Tower with Radar,10,14,2,0,26,0,0,0,0,0,10,14,2,0,26,44,0,44,70
02/23/2021,CRW,WV,AEA,CE,Combined TRACON& Tower with Radar,10,12,12,8,42,0,2,17,2,21,10,14,29,10,63,0,0,0,63
02/24/2021,CRW,WV,AEA,CE,Combined TRACON& Tower with Radar,8,10,10,12,40,0,0,21,8,29,8,10,31,20,69,0,0,0,69
02/25/2021,CRW,WV,AEA,CE,Combined TRACON& Tower with Radar,12,16,27,14,69,0,1,36,10,47,12,17,63,24,116,10,26,36,152
02/26/2021,CRW,WV,AEA,CE,Combined TRACON& Tower with Radar,12,14,22,4,52,0,0,28,2,30,12,14,50,6,82,6,0,6,88
02/27/2021,CRW,WV,AEA,CE,Combined TRACON& Tower with Radar,8,11,9,2,30,0,0,5,1,6,8,11,14,3,36,7,0,7,43
02/28/2021,CRW,WV,AEA,CE,Combined TRACON& Tower with Radar,15,10,3,0,28,0,0,1,0,1,15,10,4,0,29,0,0,0,29
03/01/2021,CRW,WV,AEA,CE,Combined TRACON& Tower with Radar,12,13,0,2,27,0,0,3,0,3,12,13,3,2,30,0,0,0,30
03/02/2021,CRW,WV,AEA,CE,Combined TRACON& Tower with Radar,14,10,9,16,49,0,0,36,10,46,14,10,45,26,95,19,26,45,140
03/03/2021,CRW,WV,AEA,CE,Combined TRACON& Tower with Radar,13,6,11,30,60,0,2,31,22,55,13,8,42,52,115,0,36,36,151
03/04/2021,CRW,WV,AEA,CE,Combined TRACON& Tower with Radar,18,9,8,10,45,0,0,25,5,30,18,9,33,15,75,0,0,0,75
03/05/2021,CRW,WV,AEA,CE,Combined TRACON& Tower with Radar,16,9,11,19,55,0,0,40,6,46,16,9,51,25,101,0,3,3,104
03/06/2021,CRW,WV,AEA,CE,Combined TRACON& Tower with Radar,16,7,18,0,41,0,0,31,4,35,16,7,49,4,76,19,0,19,95
03/07/2021,CRW,WV,AEA,CE,Combined TRACON& Tower with Radar,16,8,18,8,50,0,2,30,1,33,16,10,48,9,83,8,0,8,91
03/08/2021,CRW,WV,AEA,CE,Combined TRACON& Tower with Radar,16,5,12,13,46,0,2,36,2,40,16,7,48,15,86,0,0,0,86
03/09/2021,CRW,WV,AEA,CE,Combined TRACON& Tower with Radar,16,11,14,0,41,0,3,43,3,49,16,14,57,3,90,18,0,18,108
03/10/2021,CRW,WV,AEA,CE,Combined TRACON& Tower with Radar,14,6,21,20,61,0,0,18,3,21,14,6,39,23,82,0,0,0,82
03/11/2021,CRW,WV,AEA,CE,Combined TRACON& Tower with Radar,18,8,20,10,56,0,1,27,4,32,18,9,47,14,88,0,0,0,88
03/12/2021,CRW,WV,AEA,CE,Combined TRACON& Tower with Radar,16,16,9,0,41,0,0,0,0,0,16,16,9,0,41,0,0,0,41
03/13/2021,CRW,WV,AEA,CE,Combined TRACON& Tower with Radar,15,8,18,0,41,0,5,25,0,30,15,13,43,0,71,15,0,15,86
03/14/2021,CRW,WV,AEA,CE,Combined TRACON& Tower with Radar,16,6,14,4,40,0,0,23,0,23,16,6,37,4,63,36,0,36,99
03/15/2021,CRW,WV,AEA,CE,Combined TRACON& Tower with Radar,16,5,9,5,35,0,0,20,4,24,16,5,29,9,59,45,4,49,108
03/16/2021,CRW,WV,AEA,CE,Combined TRACON& Tower with Radar,16,7,19,9,51,0,9,19,2,30,16,16,38,11,81,69,10,79,160
03/17/2021,CRW,WV,AEA,CE,Combined TRACON& Tower with Radar,14,9,25,1,49,0,0,29,6,35,14,9,54,7,84,27,4,31,115
03/18/2021,CRW,WV,AEA,CE,Combined TRACON& Tower with Radar,17,14,4,4,39,0,0,0,1,1,17,14,4,5,40,0,0,0,40
03/19/2021,CRW,WV,AEA,CE,Combined TRACON& Tower with Radar,17,10,7,11,45,0,0,12,0,12,17,10,19,11,57,6,0,6,63
03/20/2021,CRW,WV,AEA,CE,Combined TRACON& Tower with Radar,17,8,16,0,41,0,1,46,0,47,17,9,62,0,88,85,0,85,173
03/21/2021,CRW,WV,AEA,CE,Combined TRACON& Tower with Radar,16,10,10,0,36,0,1,18,0,19,16,11,28,0,55,110,0,110,165
03/22/2021,CRW,WV,AEA,CE,Combined TRACON& Tower with Radar,16,8,12,1,37,0,0,37,0,37,16,8,49,1,74,0,0,0,74
03/23/2021,CRW,WV,AEA,CE,Combined TRACON& Tower with Radar,19,10,18,6,53,0,1,14,9,24,19,11,32,15,77,0,17,17,94
03/24/2021,CRW,WV,AEA,CE,Combined TRACON& Tower with Radar,15,8,18,20,61,0,2,17,9,28,15,10,35,29,89,25,26,51,140
03/25/2021,CRW,WV,AEA,CE,Combined TRACON& Tower with Radar,18,7,19,3,47,0,2,7,3,12,18,9,26,6,59,0,0,0,59
03/26/2021,CRW,WV,AEA,CE,Combined TRACON& Tower with Radar,18,9,15,6,48,0,1,11,0,12,18,10,26,6,60,0,0,0,60
03/27/2021,CRW,WV,AEA,CE,Combined TRACON& Tower with Radar,16,7,12,0,35,0,1,20,0,21,16,8,32,0,56,0,0,0,56
03/28/2021,CRW,WV,AEA,CE,Combined TRACON& Tower with Radar,15,7,4,0,26,0,0,0,0,0,15,7,4,0,26,10,0,10,36
03/29/2021,CRW,WV,AEA,CE,Combined TRACON& Tower with Radar,17,10,6,6,39,0,0,29,0,29,17,10,35,6,68,16,10,26,94
03/30/2021,CRW,WV,AEA,CE,Combined TRACON& Tower with Radar,16,7,17,25,65,0,1,32,1,34,16,8,49,26,99,6,17,23,122
03/31/2021,CRW,WV,AEA,CE,Combined TRACON& Tower with Radar,14,6,4,22,46,0,0,4,0,4,14,6,8,22,50,0,0,0,50
04/01/2021,CRW,WV,AEA,CE,Combined TRACON& Tower with Radar,18,13,11,8,50,0,4,9,10,23,18,17,20,18,73,24,0,24,97
04/02/2021,CRW,WV,AEA,CE,Combined TRACON& Tower with Radar,16,9,6,2,33,0,2,19,19,40,16,11,25,21,73,32,0,32,105
04/03/2021,CRW,WV,AEA,CE,Combined TRACON& Tower with Radar,16,7,14,2,39,0,3,36,10,49,16,10,50,12,88,30,15,45,133
04/04/2021,CRW,WV,AEA,CE,Combined TRACON& Tower with Radar,17,4,10,1,32,0,1,21,11,33,17,5,31,12,65,44,0,44,109
04/05/2021,CRW,WV,AEA,CE,Combined TRACON& Tower with Radar,17,11,19,6,53,0,4,45,15,64,17,15,64,21,117,46,0,46,163
04/06/2021,CRW,WV,AEA,CE,Combined TRACON& Tower with Radar,18,8,24,12,62,0,2,50,12,64,18,10,74,24,126,36,0,36,162
04/07/2021,CRW,WV,AEA,CE,Combined TRACON& Tower with Radar,16,9,23,13,61,0,5,30,7,42,16,14,53,20,103,14,10,24,127
04/08/2021,CRW,WV,AEA,CE,Combined TRACON& Tower with Radar,18,12,5,5,40,0,2,11,2,15,18,14,16,7,55,20,8,28,83
04/09/2021,CRW,WV,AEA,CE,Combined TRACON& Tower with Radar,16,9,17,8,50,0,0,26,4,30,16,9,43,12,80,0,0,0,80
04/10/2021,CRW,WV,AEA,CE,Combined TRACON& Tower with Radar,16,11,14,0,41,0,0,15,2,17,16,11,29,2,58,4,0,4,62
04/11/2021,CRW,WV,AEA,CE,Combined TRACON& Tower with Radar,16,8,8,17,49,0,6,5,1,12,16,14,13,18,61,31,0,31,92
04/12/2021,CRW,WV,AEA,CE,Combined TRACON& Tower with Radar,16,7,16,11,50,0,0,11,3,14,16,7,27,14,64,27,8,35,99
04/13/2021,CRW,WV,AEA,CE,Combined TRACON& Tower with Radar,17,8,24,18,67,0,0,47,6,53,17,8,71,24,120,0,0,0,120
04/14/2021,CRW,WV,AEA,CE,Combined TRACON& Tower with Radar,17,11,13,5,46,0,0,5,0,5,17,11,18,5,51,0,0,0,51
04/15/2021,CRW,WV,AEA,CE,Combined TRACON& Tower with Radar,19,11,25,7,62,0,0,19,1,20,19,11,44,8,82,0,0,0,82
04/16/2021,CRW,WV,AEA,CE,Combined TRACON& Tower with Radar,16,9,7,2,34,0,7,18,2,27,16,16,25,4,61,68,0,68,129
04/17/2021,CRW,WV,AEA,CE,Combined TRACON& Tower with Radar,14,8,15,18,55,0,2,39,0,41,14,10,54,18,96,36,10,46,142
04/18/2021,CRW,WV,AEA,CE,Combined TRACON& Tower with Radar,18,5,15,1,39,0,5,29,0,34,18,10,44,1,73,81,0,81,154
04/19/2021,CRW,WV,AEA,CE,Combined TRACON& Tower with Radar,16,6,25,12,59,0,0,32,2,34,16,6,57,14,93,14,0,14,107
04/20/2021,CRW,WV,AEA,CE,Combined TRACON& Tower with Radar,18,6,14,30,68,0,0,22,4,26,18,6,36,34,94,46,2,48,142
04/21/2021,CRW,WV,AEA,CE,Combined TRACON& Tower with Radar,16,8,11,2,37,0,0,0,2,2,16,8,11,4,39,0,0,0,39
04/22/2021,CRW,WV,AEA,CE,Combined TRACON& Tower with Radar,18,9,16,8,51,0,2,15,5,22,18,11,31,13,73,4,22,26,99
04/23/2021,CRW,WV,AEA,CE,Combined TRACON& Tower with Radar,16,15,22,4,57,0,2,25,0,27,16,17,47,4,84,0,0,0,84
04/24/2021,CRW,WV,AEA,CE,Combined TRACON& Tower with Radar,14,9,15,0,38,0,0,9,0,9,14,9,24,0,47,0,0,0,47
04/25/2021,CRW,WV,AEA,CE,Combined TRACON& Tower with Radar,18,6,15,8,47,0,9,4,0,13,18,15,19,8,60,48,0,48,108
04/26/2021,CRW,WV,AEA,CE,Combined TRACON& Tower with Radar,18,8,18,0,44,0,3,25,0,28,18,11,43,0,72,77,0,77,149
04/27/2021,CRW,WV,AEA,CE,Combined TRACON& Tower with Radar,18,12,10,13,53,0,0,27,4,31,18,12,37,17,84,19,14,33,117
04/28/2021,CRW,WV,AEA,CE,Combined TRACON& Tower with Radar,15,9,16,9,49,0,9,14,15,38,15,18,30,24,87,38,18,56,143
04/29/2021,CRW,WV,AEA,CE,Combined TRACON& Tower with Radar,19,12,20,7,58,0,0,6,0,6,19,12,26,7,64,0,0,0,64
04/30/2021,CRW,WV,AEA,CE,Combined TRACON& Tower with Radar,18,11,17,4,50,0,1,8,6,15,18,12,25,10,65,0,22,22,87
05/01/2021,CRW,WV,AEA,CE,Combined TRACON& Tower with Radar,14,10,11,0,35,0,4,46,4,54,14,14,57,4,89,60,0,60,149
05/02/2021,CRW,WV,AEA,CE,Combined TRACON& Tower with Radar,19,7,23,7,56,0,1,16,2,19,19,8,39,9,75,66,0,66,141
05/03/2021,CRW,WV,AEA,CE,Combined TRACON& Tower with Radar,15,8,13,0,36,0,0,8,0,8,15,8,21,0,44,0,0,0,44
05/04/2021,CRW,WV,AEA,CE,Combined TRACON& Tower with Radar,18,8,12,16,54,0,2,17,2,21,18,10,29,18,75,16,10,26,101
05/05/2021,CRW,WV,AEA,CE,Combined TRACON& Tower with Radar,17,6,23,9,55,0,0,5,0,5,17,6,28,9,60,6,0,6,66
05/06/2021,CRW,WV,AEA,CE,Combined TRACON& Tower with Radar,20,14,15,3,52,0,2,70,1,73,20,16,85,4,125,48,0,48,173
05/07/2021,CRW,WV,AEA,CE,Combined TRACON& Tower with Radar,16,12,13,2,43,0,2,10,2,14,16,14,23,4,57,4,0,4,61
05/08/2021,CRW,WV,AEA,CE,Combined TRACON& Tower with Radar,14,8,18,2,42,0,0,45,1,46,14,8,63,3,88,24,0,24,112
05/09/2021,CRW,WV,AEA,CE,Combined TRACON& Tower with Radar,20,5,7,0,32,0,1,2,0,3,20,6,9,0,35,2,0,2,37
05/10/2021,CRW,WV,AEA,CE,Combined TRACON& Tower with Radar,16,7,21,5,49,0,2,16,0,18,16,9,37,5,67,0,0,0,67
05/11/2021,CRW,WV,AEA,CE,Combined TRACON& Tower with Radar,18,6,20,7,51,0,3,37,9,49,18,9,57,16,100,0,0,0,100
05/12/2021,CRW,WV,AEA,CE,Combined TRACON& Tower with Radar,16,12,15,2,45,0,0,26,17,43,16,12,41,19,88,18,43,61,149
05/13/2021,CRW,WV,AEA,CE,Combined TRACON& Tower with Radar,20,9,35,3,67,0,1,38,4,43,20,10,73,7,110,0,0,0,110
05/14/2021,CRW,WV,AEA,CE,Combined TRACON& Tower with Radar,16,8,17,2,43,0,2,47,1,50,16,10,64,3,93,0,0,0,93
05/15/2021,CRW,WV,AEA,CE,Combined TRACON& Tower with Radar,14,9,33,8,64,0,3,43,0,46,14,12,76,8,110,0,0,0,110
05/16/2021,CRW,WV,AEA,CE,Combined TRACON& Tower with Radar,22,9,13,1,45,0,7,28,0,35,22,16,41,1,80,40,0,40,120
05/17/2021,CRW,WV,AEA,CE,Combined TRACON& Tower with Radar,16,15,21,3,55,0,0,8,0,8,16,15,29,3,63,0,0,0,63
05/18/2021,CRW,WV,AEA,CE,Combined TRACON& Tower with Radar,18,9,19,3,49,0,1,31,7,39,18,10,50,10,88,24,0,24,112
05/19/2021,CRW,WV,AEA,CE,Combined TRACON& Tower with Radar,15,15,21,8,59,0,0,32,2,34,15,15,53,10,93,0,0,0,93
05/20/2021,CRW,WV,AEA,CE,Combined TRACON& Tower with Radar,20,10,26,2,58,0,4,27,3,34,20,14,53,5,92,0,0,0,92
05/21/2021,CRW,WV,AEA,CE,Combined TRACON& Tower with Radar,16,8,12,6,42,0,4,19,4,27,16,12,31,10,69,0,0,0,69
05/22/2021,CRW,WV,AEA,CE,Combined TRACON& Tower with Radar,14,13,16,8,51,0,1,32,7,40,14,14,48,15,91,0,0,0,91
05/23/2021,CRW,WV,AEA,CE,Combined TRACON& Tower with Radar,20,6,9,1,36,0,1,32,2,35,20,7,41,3,71,24,0,24,95
05/24/2021,CRW,WV,AEA,CE,Combined TRACON& Tower with Radar,16,7,21,9,53,0,0,29,4,33,16,7,50,13,86,36,4,40,126
05/25/2021,CRW,WV,AEA,CE,Combined TRACON& Tower with Radar,19,14,31,16,80,0,1,17,0,18,19,15,48,16,98,0,0,0,98
05/26/2021,CRW,WV,AEA,CE,Combined TRACON& Tower with Radar,17,10,9,3,39,0,0,12,0,12,17,10,21,3,51,0,0,0,51
05/27/2021,CRW,WV,AEA,CE,Combined TRACON& Tower with Radar,19,10,24,3,56,0,2,21,4,27,19,12,45,7,83,0,0,0,83
05/28/2021,CRW,WV,AEA,CE,Combined TRACON& Tower with Radar,19,11,11,3,44,0,1,13,0,14,19,12,24,3,58,26,0,26,84
05/29/2021,CRW,WV,AEA,CE,Combined TRACON& Tower with Radar,14,11,10,0,35,0,0,0,0,0,14,11,10,0,35,0,0,0,35
05/30/2021,CRW,WV,AEA,CE,Combined TRACON& Tower with Radar,17,6,12,0,35,0,0,0,0,0,17,6,12,0,35,0,0,0,35
05/31/2021,CRW,WV,AEA,CE,Combined TRACON& Tower with Radar,17,9,31,0,57,0,1,45,0,46,17,10,76,0,103,0,0,0,103
06/01/2021,CRW,WV,AEA,CE,Combined TRACON& Tower with Radar,20,8,26,12,66,0,0,37,1,38,20,8,63,13,104,12,0,12,116
06/02/2021,CRW,WV,AEA,CE,Combined TRACON& Tower with Radar,18,9,22,9,58,0,0,21,7,28,18,9,43,16,86,17,18,35,121
06/03/2021,CRW,WV,AEA,CE,Combined TRACON& Tower with Radar,18,11,24,6,59,0,2,7,9,18,18,13,31,15,77,40,19,59,136
06/04/2021,CRW,WV,AEA,CE,Combined TRACON& Tower with Radar,20,9,23,12,64,0,0,23,5,28,20,9,46,17,92,22,4,26,118
06/05/2021,CRW,WV,AEA,CE,Combined TRACON& Tower with Radar,10,11,13,1,35,0,4,17,3,24,10,15,30,4,59,0,0,0,59
06/06/2021,CRW,WV,AEA,CE,Combined TRACON& Tower with Radar,21,6,10,10,47,0,4,8,2,14,21,10,18,12,61,20,0,20,81
06/07/2021,CRW,WV,AEA,CE,Combined TRACON& Tower with Radar,17,7,7,7,38,0,4,12,4,20,17,11,19,11,58,30,0,30,88
06/08/2021,CRW,WV,AEA,CE,Combined TRACON& Tower with Radar,22,19,18,12,71,0,3,4,4,11,22,22,22,16,82,4,12,16,98
06/09/2021,CRW,WV,AEA,CE,Combined TRACON& Tower with Radar,22,10,11,12,55,0,0,0,0,0,22,10,11,12,55,0,0,0,55
06/10/2021,CRW,WV,AEA,CE,Combined TRACON& Tower with Radar,19,12,15,1,47,0,1,7,0,8,19,13,22,1,55,0,0,0,55
06/11/2021,CRW,WV,AEA,CE,Combined TRACON& Tower with Radar,17,14,25,2,58,0,0,2,0,2,17,14,27,2,60,0,0,0,60
06/12/2021,CRW,WV,AEA,CE,Combined TRACON& Tower with Radar,12,11,23,3,49,0,0,14,0,14,12,11,37,3,63,38,0,38,101
06/13/2021,CRW,WV,AEA,CE,Combined TRACON& Tower with Radar,21,8,16,2,47,0,0,20,2,22,21,8,36,4,69,10,0,10,79
06/14/2021,CRW,WV,AEA,CE,Combined TRACON& Tower with Radar,21,6,31,1,59,0,0,34,1,35,21,6,65,2,94,0,0,0,94
06/15/2021,CRW,WV,AEA,CE,Combined TRACON& Tower with Radar,21,14,38,4,77,0,1,34,2,37,21,15,72,6,114,32,0,32,146
06/16/2021,CRW,WV,AEA,CE,Combined TRACON& Tower with Radar,18,10,20,3,51,0,3,35,13,51,18,13,55,16,102,45,30,75,177
06/17/2021,CRW,WV,AEA,CE,Combined TRACON& Tower with Radar,22,9,18,9,58,0,0,31,3,34,22,9,49,12,92,43,0,43,135
06/18/2021,CRW,WV,AEA,CE,Combined TRACON& Tower with Radar,18,11,17,4,50,0,0,28,0,28,18,11,45,4,78,28,0,28,106
06/19/2021,CRW,WV,AEA,CE,Combined TRACON& Tower with Radar,11,9,9,0,29,0,0,9,0,9,11,9,18,0,38,32,0,32,70
06/20/2021,CRW,WV,AEA,CE,Combined TRACON& Tower with Radar,23,6,25,0,54,0,3,32,0,35,23,9,57,0,89,38,0,38,127
06/21/2021,CRW,WV,AEA,CE,Combined TRACON& Tower with Radar,23,8,15,0,46,0,0,7,1,8,23,8,22,1,54,0,0,0,54
06/22/2021,CRW,WV,AEA,CE,Combined TRACON& Tower with Radar,21,10,32,5,68,0,2,24,9,35,21,12,56,14,103,2,0,2,105
06/23/2021,CRW,WV,AEA,CE,Combined TRACON& Tower with Radar,17,11,19,8,55,0,2,35,28,65,17,13,54,36,120,30,48,78,198
06/24/2021,CRW,WV,AEA,CE,Combined TRACON& Tower with Radar,22,12,24,3,61,0,1,33,11,45,22,13,57,14,106,26,36,62,168
06/25/2021,CRW,WV,AEA,CE,Combined TRACON& Tower with Radar,18,12,19,1,50,0,0,26,1,27,18,12,45,2,77,33,0,33,110
06/26/2021,CRW,WV,AEA,CE,Combined TRACON& Tower with Radar,11,13,38,10,72,0,1,43,0,44,11,14,81,10,116,12,0,12,128
06/27/2021,CRW,WV,AEA,CE,Combined TRACON& Tower with Radar,23,4,10,3,40,0,0,29,0,29,23,4,39,3,69,64,0,64,133
06/28/2021,CRW,WV,AEA,CE,Combined TRACON& Tower with Radar,19,6,15,0,40,0,1,33,0,34,19,7,48,0,74,24,0,24,98
06/29/2021,CRW,WV,AEA,CE,Combined TRACON& Tower with Radar,19,13,18,1,51,0,4,48,5,57,19,17,66,6,108,63,0,63,171
06/30/2021,CRW,WV,AEA,CE,Combined TRACON& Tower with Radar,17,8,8,3,36,0,1,8,1,10,17,9,16,4,46,0,0,0,46
07/01/2021,CRW,WV,AEA,CE,Combined TRACON& Tower with Radar,20,8,1,10,39,0,0,0,0,0,20,8,1,10,39,0,0,0,39
07/02/2021,CRW,WV,AEA,CE,Combined TRACON& Tower with Radar,20,8,15,0,43,0,3,28,0,31,20,11,43,0,74,20,0,20,94
07/03/2021,CRW,WV,AEA,CE,Combined TRACON& Tower with Radar,10,13,17,0,40,0,1,32,0,33,10,14,49,0,73,32,0,32,105
07/04/2021,CRW,WV,AEA,CE,Combined TRACON& Tower with Radar,16,4,2,0,22,0,1,6,0,7,16,5,8,0,29,5,0,5,34
07/05/2021,CRW,WV,AEA,CE,Combined TRACON& Tower with Radar,17,5,11,0,33,0,0,33,0,33,17,5,44,0,66,40,0,40,106
07/06/2021,CRW,WV,AEA,CE,Combined TRACON& Tower with Radar,17,12,19,2,50,0,2,35,3,40,17,14,54,5,90,26,0,26,116
07/07/2021,CRW,WV,AEA,CE,Combined TRACON& Tower with Radar,15,8,11,12,46,0,5,22,0,27,15,13,33,12,73,38,0,38,111
07/08/2021,CRW,WV,AEA,CE,Combined TRACON& Tower with Radar,18,8,21,14,61,0,0,13,6,19,18,8,34,20,80,6,16,22,102
07/09/2021,CRW,WV,AEA,CE,Combined TRACON& Tower with Radar,16,14,16,3,49,0,0,28,0,28,16,14,44,3,77,50,0,50,127
07/10/2021,CRW,WV,AEA,CE,Combined TRACON& Tower with Radar,8,14,21,2,45,0,5,33,3,41,8,19,54,5,86,34,0,34,120
07/11/2021,CRW,WV,AEA,CE,Combined TRACON& Tower with Radar,21,4,6,0,31,0,0,2,1,3,21,4,8,1,34,22,0,22,56
07/12/2021,CRW,WV,AEA,CE,Combined TRACON& Tower with Radar,14,7,18,11,50,0,3,30,0,33,14,10,48,11,83,26,0,26,109
07/13/2021,CRW,WV,AEA,CE,Combined TRACON& Tower with Radar,17,9,21,3,50,0,0,22,5,27,17,9,43,8,77,28,0,28,105
07/14/2021,CRW,WV,AEA,CE,Combined TRACON& Tower with Radar,16,11,17,3,47,0,2,17,3,22,16,13,34,6,69,15,0,15,84
07/15/2021,CRW,WV,AEA,CE,Combined TRACON& Tower with Radar,20,12,19,9,60,0,3,56,16,75,20,15,75,25,135,74,22,96,231
07/16/2021,CRW,WV,AEA,CE,Combined TRACON& Tower with Radar,16,13,18,3,50,0,1,35,13,49,16,14,53,16,99,8,0,8,107
07/17/2021,CRW,WV,AEA,CE,Combined TRACON& Tower with Radar,9,10,9,4,32,0,0,9,5,14,9,10,18,9,46,20,0,20,66
07/18/2021,CRW,WV,AEA,CE,Combined TRACON& Tower with Radar,23,4,9,7,43,0,2,23,3,28,23,6,32,10,71,20,0,20,91
07/19/2021,CRW,WV,AEA,CE,Combined TRACON& Tower with Radar,18,6,25,11,60,0,2,28,11,41,18,8,53,22,101,12,0,12,113
07/20/2021,CRW,WV,AEA,CE,Combined TRACON& Tower with Radar,20,8,25,6,59,0,6,30,11,47,20,14,55,17,106,29,0,29,135
07/21/2021,CRW,WV,AEA,CE,Combined TRACON& Tower with Radar,17,13,25,18,73,0,0,21,19,40,17,13,46,37,113,19,35,54,167
07/22/2021,CRW,WV,AEA,CE,Combined TRACON& Tower with Radar,21,10,32,21,84,0,2,26,30,58,21,12,58,51,142,14,22,36,178
07/23/2021,CRW,WV,AEA,CE,Combined TRACON& Tower with Radar,19,11,28,13,71,0,2,28,13,43,19,13,56,26,114,0,0,0,114
07/24/2021,CRW,WV,AEA,CE,Combined TRACON& Tower with Radar,10,10,18,2,40,0,0,19,0,19,10,10,37,2,59,12,0,12,71
07/25/2021,CRW,WV,AEA,CE,Combined TRACON& Tower with Radar,21,9,12,0,42,0,0,6,0,6,21,9,18,0,48,18,0,18,66
07/26/2021,CRW,WV,AEA,CE,Combined TRACON& Tower with Radar,14,6,13,0,33,0,0,14,2,16,14,6,27,2,49,0,0,0,49
07/27/2021,CRW,WV,AEA,CE,Combined TRACON& Tower with Radar,22,10,20,8,60,0,0,31,10,41,22,10,51,18,101,10,17,27,128
07/28/2021,CRW,WV,AEA,CE,Combined TRACON& Tower with Radar,18,12,31,9,70,0,1,27,4,32,18,13,58,13,102,10,0,10,112
07/29/2021,CRW,WV,AEA,CE,Combined TRACON& Tower with Radar,20,20,18,8,66,0,7,23,8,38,20,27,41,16,104,25,0,25,129
07/30/2021,CRW,WV,AEA,CE,Combined TRACON& Tower with Radar,18,8,19,13,58,0,1,15,7,23,18,9,34,20,81,10,0,10,91
07/31/2021,CRW,WV,AEA,CE,Combined TRACON& Tower with Radar,13,11,15,0,39,0,0,20,0,20,13,11,35,0,59,6,0,6,65
08/01/2021,CRW,WV,AEA,CE,Combined TRACON& Tower with Radar,21,7,10,0,38,0,2,12,0,14,21,9,22,0,52,16,0,16,68
08/02/2021,CRW,WV,AEA,CE,Combined TRACON& Tower with Radar,23,8,16,5,52,0,3,29,6,38,23,11,45,11,90,42,0,42,132
08/03/2021,CRW,WV,AEA,CE,Combined TRACON& Tower with Radar,18,15,16,1,50,0,0,19,4,23,18,15,35,5,73,0,6,6,79
08/04/2021,CRW,WV,AEA,CE,Combined TRACON& Tower with Radar,18,12,31,13,74,0,0,39,7,46,18,12,70,20,120,21,10,31,151
08/05/2021,CRW,WV,AEA,CE,Combined TRACON& Tower with Radar,19,12,20,6,57,0,0,26,0,26,19,12,46,6,83,14,0,14,97
08/06/2021,CRW,WV,AEA,CE,Combined TRACON& Tower with Radar,15,9,20,12,56,0,0,33,8,41,15,9,53,20,97,12,0,12,109
08/07/2021,CRW,WV,AEA,CE,Combined TRACON& Tower with Radar,0,0,0,0,0,0,0,4,0,4,0,0,4,0,4,0,0,0,4
08/08/2021,CRW,WV,AEA,CE,Combined TRACON& Tower with Radar,17,5,20,13,55,0,0,34,5,39,17,5,54,18,94,20,10,30,124
08/09/2021,CRW,WV,AEA,CE,Combined TRACON& Tower with Radar,20,4,16,2,42,0,2,36,9,47,20,6,52,11,89,14,0,14,103
08/10/2021,CRW,WV,AEA,CE,Combined TRACON& Tower with Radar,20,14,25,2,61,0,1,16,3,20,20,15,41,5,81,39,0,39,120
08/11/2021,CRW,WV,AEA,CE,Combined TRACON& Tower with Radar,16,14,13,4,47,0,3,18,0,21,16,17,31,4,68,16,0,16,84
08/12/2021,CRW,WV,AEA,CE,Combined TRACON& Tower with Radar,18,8,22,10,58,0,0,29,11,40,18,8,51,21,98,8,0,8,106
08/13/2021,CRW,WV,AEA,CE,Combined TRACON& Tower with Radar,16,9,17,0,42,0,0,18,5,23,16,9,35,5,65,28,0,28,93
08/14/2021,CRW,WV,AEA,CE,Combined TRACON& Tower with Radar,0,0,0,1,1,0,1,2,0,3,0,1,2,1,4,0,0,0,4
08/15/2021,CRW,WV,AEA,CE,Combined TRACON& Tower with Radar,20,4,16,2,42,0,0,0,0,0,20,4,16,2,42,0,0,0,42
08/16/2021,CRW,WV,AEA,CE,Combined TRACON& Tower with Radar,21,8,11,3,43,0,0,7,0,7,21,8,18,3,50,30,5,35,85
08/17/2021,CRW,WV,AEA,CE,Combined TRACON& Tower with Radar,19,14,9,0,42,0,1,15,0,16,19,15,24,0,58,64,0,64,122
08/18/2021,CRW,WV,AEA,CE,Combined TRACON& Tower with Radar,16,8,9,18,51,0,0,6,0,6,16,8,15,18,57,19,38,57,114
08/19/2021,CRW,WV,AEA,CE,Combined TRACON& Tower with Radar,21,10,8,20,59,0,0,2,0,2,21,10,10,20,61,14,0,14,75
08/20/2021,CRW,WV,AEA,CE,Combined TRACON& Tower with Radar,16,9,18,4,47,0,0,27,2,29,16,9,45,6,76,68,0,68,144
08/21/2021,CRW,WV,AEA,CE,Combined TRACON& Tower with Radar,0,0,0,0,0,0,0,5,0,5,0,0,5,0,5,0,0,0,5
08/22/2021,CRW,WV,AEA,CE,Combined TRACON& Tower with Radar,21,5,12,0,38,0,0,30,0,30,21,5,42,0,68,18,0,18,86
08/23/2021,CRW,WV,AEA,CE,Combined TRACON& Tower with Radar,14,6,16,12,48,0,5,41,0,46,14,11,57,12,94,52,0,52,146
08/24/2021,CRW,WV,AEA,CE,Combined TRACON& Tower with Radar,16,8,8,5,37,0,7,47,3,57,16,15,55,8,94,54,0,54,148
08/25/2021,CRW,WV,AEA,CE,Combined TRACON& Tower with Radar,18,10,15,22,65,0,0,31,10,41,18,10,46,32,106,53,10,63,169
08/26/2021,CRW,WV,AEA,CE,Combined TRACON& Tower with Radar,20,15,16,5,56,0,2,29,10,41,20,17,45,15,97,38,22,60,157
08/27/2021,CRW,WV,AEA,CE,Combined TRACON& Tower with Radar,15,13,14,7,49,0,1,20,6,27,15,14,34,13,76,36,2,38,114
08/28/2021,CRW,WV,AEA,CE,Combined TRACON& Tower with Radar,9,8,12,0,29,0,2,15,2,19,9,10,27,2,48,34,0,34,82
08/29/2021,CRW,WV,AEA,CE,Combined TRACON& Tower with Radar,22,7,6,0,35,0,1,20,6,27,22,8,26,6,62,43,0,43,105
08/30/2021,CRW,WV,AEA,CE,Combined TRACON& Tower with Radar,14,5,20,0,39,0,0,7,0,7,14,5,27,0,46,0,0,0,46
08/31/2021,CRW,WV,AEA,CE,Combined TRACON& Tower with Radar,16,11,13,14,54,0,0,0,0,0,16,11,13,14,54,0,0,0,54
09/01/2021,CRW,WV,AEA,CE,Combined TRACON& Tower with Radar,15,17,7,4,43,0,0,5,0,5,15,17,12,4,48,6,0,6,54
09/02/2021,CRW,WV,AEA,CE,Combined TRACON& Tower with Radar,24,7,26,13,70,0,1,46,0,47,24,8,72,13,117,26,0,26,143
09/03/2021,CRW,WV,AEA,CE,Combined TRACON& Tower with Radar,18,8,23,2,51,0,4,35,0,39,18,12,58,2,90,23,0,23,113
09/04/2021,CRW,WV,AEA,CE,Combined TRACON& Tower with Radar,12,9,13,0,34,0,0,27,1,28,12,9,40,1,62,19,0,19,81
09/05/2021,CRW,WV,AEA,CE,Combined TRACON& Tower with Radar,16,4,5,0,25,0,0,0,0,0,16,4,5,0,25,0,0,0,25
09/06/2021,CRW,WV,AEA,CE,Combined TRACON& Tower with Radar,14,6,10,2,32,0,0,29,0,29,14,6,39,2,61,18,0,18,79
09/07/2021,CRW,WV,AEA,CE,Combined TRACON& Tower with Radar,15,11,13,2,41,0,3,42,6,51,15,14,55,8,92,55,0,55,147
09/08/2021,CRW,WV,AEA,CE,Combined TRACON& Tower with Radar,11,8,18,10,47,0,0,12,0,12,11,8,30,10,59,24,0,24,83
09/09/2021,CRW,WV,AEA,CE,Combined TRACON& Tower with Radar,17,12,20,1,50,0,0,33,13,46,17,12,53,14,96,34,0,34,130
09/10/2021,CRW,WV,AEA,CE,Combined TRACON& Tower with Radar,18,9,25,11,63,0,3,46,6,55,18,12,71,17,118,4,0,4,122
09/11/2021,CRW,WV,AEA,CE,Combined TRACON& Tower with Radar,0,0,1,0,1,0,1,0,0,1,0,1,1,0,2,0,0,0,2
09/12/2021,CRW,WV,AEA,CE,Combined TRACON& Tower with Radar,23,6,13,5,47,0,2,17,8,27,23,8,30,13,74,3,0,3,77
09/13/2021,CRW,WV,AEA,CE,Combined TRACON& Tower with Radar,16,8,14,0,38,0,1,32,4,37,16,9,46,4,75,10,0,10,85
09/14/2021,CRW,WV,AEA,CE,Combined TRACON& Tower with Radar,14,10,19,8,51,0,1,41,20,62,14,11,60,28,113,132,25,157,270
09/15/2021,CRW,WV,AEA,CE,Combined TRACON& Tower with Radar,14,8,11,10,43,0,0,12,2,14,14,8,23,12,57,54,40,94,151
09/16/2021,CRW,WV,AEA,CE,Combined TRACON& Tower with Radar,20,11,18,5,54,0,0,12,7,19,20,11,30,12,73,22,22,44,117
09/17/2021,CRW,WV,AEA,CE,Combined TRACON& Tower with Radar,18,12,23,7,60,0,4,33,9,46,18,16,56,16,106,54,0,54,160
09/18/2021,CRW,WV,AEA,CE,Combined TRACON& Tower with Radar,12,9,15,4,40,0,2,24,2,28,12,11,39,6,68,86,0,86,154
09/19/2021,CRW,WV,AEA,CE,Combined TRACON& Tower with Radar,20,8,13,3,44,0,13,31,3,47,20,21,44,6,91,44,26,70,161
09/20/2021,CRW,WV,AEA,CE,Combined TRACON& Tower with Radar,18,11,12,0,41,0,2,23,2,27,18,13,35,2,68,70,0,70,138
09/21/2021,CRW,WV,AEA,CE,Combined TRACON& Tower with Radar,14,11,6,3,34,0,0,3,1,4,14,11,9,4,38,65,0,65,103
09/22/2021,CRW,WV,AEA,CE,Combined TRACON& Tower with Radar,14,12,10,2,38,0,0,14,0,14,14,12,24,2,52,18,0,18,70
09/23/2021,CRW,WV,AEA,CE,Combined TRACON& Tower with Radar,19,11,15,6,51,0,1,32,2,35,19,12,47,8,86,0,0,0,86
09/24/2021,CRW,WV,AEA,CE,Combined TRACON& Tower with Radar,17,10,19,7,53,0,1,42,4,47,17,11,61,11,100,114,0,114,214
09/25/2021,CRW,WV,AEA,CE,Combined TRACON& Tower with Radar,0,0,0,0,0,0,0,1,4,5,0,0,1,4,5,0,0,0,5
09/26/2021,CRW,WV,AEA,CE,Combined TRACON& Tower with Radar,18,2,10,3,33,0,0,39,5,44,18,2,49,8,77,24,0,24,101
09/27/2021,CRW,WV,AEA,CE,Combined TRACON& Tower with Radar,18,7,14,0,39,0,2,38,0,40,18,9,52,0,79,48,0,48,127
09/28/2021,CRW,WV,AEA,CE,Combined TRACON& Tower with Radar,14,8,16,0,38,0,1,59,0,60,14,9,75,0,98,122,0,122,220
09/29/2021,CRW,WV,AEA,CE,Combined TRACON& Tower with Radar,14,9,22,23,68,0,0,38,2,40,14,9,60,25,108,14,20,34,142
09/30/2021,CRW,WV,AEA,CE,Combined TRACON& Tower with Radar,20,11,11,9,51,0,0,34,5,39,20,11,45,14,90,63,0,63,153
10/01/2021,CRW,WV,AEA,CE,Combined TRACON& Tower with Radar,16,9,13,2,40,0,0,36,0,36,16,9,49,2,76,76,0,76,152
10/02/2021,CRW,WV,AEA,CE,Combined TRACON& Tower with Radar,0,0,0,0,0,0,2,2,0,4,0,2,2,0,4,0,0,0,4
10/03/2021,CRW,WV,AEA,CE,Combined TRACON& Tower with Radar,19,4,12,4,39,0,4,7,0,11,19,8,19,4,50,54,0,54,104
10/04/2021,CRW,WV,AEA,CE,Combined TRACON& Tower with Radar,17,10,16,7,50,0,0,27,0,27,17,10,43,7,77,103,8,111,188
10/05/2021,CRW,WV,AEA,CE,Combined TRACON& Tower with Radar,14,9,23,28,74,0,0,25,13,38,14,9,48,41,112,219,30,249,361
10/06/2021,CRW,WV,AEA,CE,Combined TRACON& Tower with Radar,14,16,6,8,44,0,2,22,1,25,14,18,28,9,69,44,0,44,113
10/07/2021,CRW,WV,AEA,CE,Combined TRACON& Tower with Radar,19,14,13,6,52,0,3,15,0,18,19,17,28,6,70,53,14,67,137
10/08/2021,CRW,WV,AEA,CE,Combined TRACON& Tower with Radar,16,10,15,0,41,0,2,5,0,7,16,12,20,0,48,0,0,0,48
10/09/2021,CRW,WV,AEA,CE,Combined TRACON& Tower with Radar,0,9,8,0,17,0,0,4,0,4,0,9,12,0,21,0,0,0,21
10/10/2021,CRW,WV,AEA,CE,Combined TRACON& Tower with Radar,17,4,8,0,29,0,1,32,0,33,17,5,40,0,62,12,0,12,74
10/11/2021,CRW,WV,AEA,CE,Combined TRACON& Tower with Radar,14,11,19,0,44,0,3,33,1,37,14,14,52,1,81,52,0,52,133
10/12/2021,CRW,WV,AEA,CE,Combined TRACON& Tower with Radar,12,12,14,3,41,0,8,38,1,47,12,20,52,4,88,110,0,110,198
10/13/2021,CRW,WV,AEA,CE,Combined TRACON& Tower with Radar,12,14,38,3,67,0,7,40,12,59,12,21,78,15,126,59,4,63,189
10/14/2021,CRW,WV,AEA,CE,Combined TRACON& Tower with Radar,16,14,24,2,56,0,0,32,8,40,16,14,56,10,96,111,18,129,225
10/15/2021,CRW,WV,AEA,CE,Combined TRACON& Tower with Radar,10,19,14,10,53,0,0,44,2,46,10,19,58,12,99,96,10,106,205
10/16/2021,CRW,WV,AEA,CE,Combined TRACON& Tower with Radar,0,9,22,0,31,0,0,3,2,5,0,9,25,2,36,10,0,10,46
10/17/2021,CRW,WV,AEA,CE,Combined TRACON& Tower with Radar,10,15,17,0,42,0,0,25,0,25,10,15,42,0,67,10,0,10,77
10/18/2021,CRW,WV,AEA,CE,Combined TRACON& Tower with Radar,13,14,29,13,69,0,6,48,4,58,13,20,77,17,127,32,16,48,175
10/19/2021,CRW,WV,AEA,CE,Combined TRACON& Tower with Radar,11,18,21,3,53,0,0,42,9,51,11,18,63,12,104,32,0,32,136
10/20/2021,CRW,WV,AEA,CE,Combined TRACON& Tower with Radar,12,14,27,17,70,0,4,44,10,58,12,18,71,27,128,88,18,106,234
10/21/2021,CRW,WV,AEA,CE,Combined TRACON& Tower with Radar,14,19,20,7,60,0,6,23,6,35,14,25,43,13,95,78,20,98,193
10/22/2021,CRW,WV,AEA,CE,Combined TRACON& Tower with Radar,10,15,16,7,48,0,1,10,0,11,10,16,26,7,59,63,0,63,122
10/23/2021,CRW,WV,AEA,CE,Combined TRACON& Tower with Radar,0,14,16,0,30,0,2,8,0,10,0,16,24,0,40,5,0,5,45
10/24/2021,CRW,WV,AEA,CE,Combined TRACON& Tower with Radar,8,16,13,2,39,0,0,24,0,24,8,16,37,2,63,0,0,0,63
10/25/2021,CRW,WV,AEA,CE,Combined TRACON& Tower with Radar,11,13,12,2,38,0,0,11,2,13,11,13,23,4,51,6,0,6,57
10/26/2021,CRW,WV,AEA,CE,Combined TRACON& Tower with Radar,8,16,13,0,37,0,0,10,4,14,8,16,23,4,51,50,0,50,101
10/27/2021,CRW,WV,AEA,CE,Combined TRACON& Tower with Radar,10,17,17,5,49,0,0,15,0,15,10,17,32,5,64,22,8,30,94
10/28/2021,CRW,WV,AEA,CE,Combined TRACON& Tower with Radar,12,15,11,15,53,0,0,22,2,24,12,15,33,17,77,74,0,74,151
10/29/2021,CRW,WV,AEA,CE,Combined TRACON& Tower with Radar,10,19,11,0,40,0,2,7,0,9,10,21,18,0,49,64,0,64,113
10/30/2021,CRW,WV,AEA,CE,Combined TRACON& Tower with Radar,6,15,11,0,32,0,0,1,0,1,6,15,12,0,33,0,0,0,33
10/31/2021,CRW,WV,AEA,CE,Combined TRACON& Tower with Radar,9,18,3,0,30,0,0,1,0,1,9,18,4,0,31,0,0,0,31
11/01/2021,CRW,WV,AEA,CE,Combined TRACON& Tower with Radar,11,11,9,2,33,0,2,51,0,53,11,13,60,2,86,72,0,72,158
11/02/2021,CRW,WV,AEA,CE,Combined TRACON& Tower with Radar,8,13,13,12,46,0,0,11,0,11,8,13,24,12,57,22,6,28,85
11/03/2021,CRW,WV,AEA,CE,Combined TRACON& Tower with Radar,8,14,25,33,80,0,6,60,9,75,8,20,85,42,155,143,24,167,322
11/04/2021,CRW,WV,AEA,CE,Combined TRACON& Tower with Radar,10,16,30,7,63,0,0,31,25,56,10,16,61,32,119,71,40,111,230
11/05/2021,CRW,WV,AEA,CE,Combined TRACON& Tower with Radar,8,16,22,4,50,0,1,32,0,33,8,17,54,4,83,63,0,63,146
11/06/2021,CRW,WV,AEA,CE,Combined TRACON& Tower with Radar,6,13,7,3,29,0,0,18,7,25,6,13,25,10,54,6,0,6,60
11/07/2021,CRW,WV,AEA,CE,Combined TRACON& Tower with Radar,12,15,12,2,41,0,0,28,2,30,12,15,40,4,71,32,2,34,105
11/08/2021,CRW,WV,AEA,CE,Combined TRACON& Tower with Radar,10,17,11,5,43,0,0,36,0,36,10,17,47,5,79,78,6,84,163
11/09/2021,CRW,WV,AEA,CE,Combined TRACON& Tower with Radar,10,19,22,6,57,0,1,43,8,52,10,20,65,14,109,66,16,82,191
11/10/2021,CRW,WV,AEA,CE,Combined TRACON& Tower with Radar,8,14,25,14,61,0,5,44,5,54,8,19,69,19,115,68,12,80,195
11/11/2021,CRW,WV,AEA,CE,Combined TRACON& Tower with Radar,10,14,16,0,40,0,0,12,0,12,10,14,28,0,52,0,0,0,52
11/12/2021,CRW,WV,AEA,CE,Combined TRACON& Tower with Radar,15,17,22,3,57,0,3,12,0,15,15,20,34,3,72,18,0,18,90
11/13/2021,CRW,WV,AEA,CE,Combined TRACON& Tower with Radar,0,21,9,0,30,0,0,1,0,1,0,21,10,0,31,0,0,0,31
11/14/2021,CRW,WV,AEA,CE,Combined TRACON& Tower with Radar,11,9,4,1,25,0,0,3,0,3,11,9,7,1,28,10,0,10,38
11/15/2021,CRW,WV,AEA,CE,Combined TRACON& Tower with Radar,10,14,11,2,37,0,0,8,0,8,10,14,19,2,45,60,0,60,105
11/16/2021,CRW,WV,AEA,CE,Combined TRACON& Tower with Radar,8,15,14,1,38,0,0,36,27,63,8,15,50,28,101,116,30,146,247
11/17/2021,CRW,WV,AEA,CE,Combined TRACON& Tower with Radar,8,22,19,4,53,0,0,16,24,40,8,22,35,28,93,0,70,70,163
11/18/2021,CRW,WV,AEA,CE,Combined TRACON& Tower with Radar,12,14,15,9,50,0,0,2,0,2,12,14,17,9,52,0,0,0,52
11/19/2021,CRW,WV,AEA,CE,Combined TRACON& Tower with Radar,9,16,7,5,37,0,3,24,5,32,9,19,31,10,69,34,4,38,107
11/20/2021,CRW,WV,AEA,CE,Combined TRACON& Tower with Radar,0,0,3,1,4,0,0,8,0,8,0,0,11,1,12,0,0,0,12
11/21/2021,CRW,WV,AEA,CE,Combined TRACON& Tower with Radar,12,7,1,0,20,0,0,8,0,8,12,7,9,0,28,8,0,8,36
11/22/2021,CRW,WV,AEA,CE,Combined TRACON& Tower with Radar,9,22,7,2,40,0,0,11,0,11,9,22,18,2,51,46,0,46,97
11/23/2021,CRW,WV,AEA,CE,Combined TRACON& Tower with Radar,13,16,18,0,47,0,0,22,0,22,13,16,40,0,69,12,0,12,81
11/24/2021,CRW,WV,AEA,CE,Combined TRACON& Tower with Radar,12,14,18,2,46,0,2,27,0,29,12,16,45,2,75,62,0,62,137
11/25/2021,CRW,WV,AEA,CE,Combined TRACON& Tower with Radar,9,10,4,0,23,0,0,2,0,2,9,10,6,0,25,0,0,0,25
11/26/2021,CRW,WV,AEA,CE,Combined TRACON& Tower with Radar,9,12,2,0,23,0,0,5,0,5,9,12,7,0,28,0,0,0,28
11/27/2021,CRW,WV,AEA,CE,Combined TRACON& Tower with Radar,12,15,7,0,34,0,1,12,0,13,12,16,19,0,47,0,0,0,47
11/28/2021,CRW,WV,AEA,CE,Combined TRACON& Tower with Radar,18,10,7,0,35,0,0,6,0,6,18,10,13,0,41,6,0,6,47
11/29/2021,CRW,WV,AEA,CE,Combined TRACON& Tower with Radar,16,9,11,1,37,0,3,22,3,28,16,12,33,4,65,38,0,38,103
11/30/2021,CRW,WV,AEA,CE,Combined TRACON& Tower with Radar,11,13,14,11,49,0,1,16,7,24,11,14,30,18,73,10,0,10,83
12/01/2021,CRW,WV,AEA,CE,Combined TRACON& Tower with Radar,10,15,9,16,50,0,0,8,3,11,10,15,17,19,61,10,0,10,71
12/02/2021,CRW,WV,AEA,CE,Combined TRACON& Tower with Radar,12,13,10,13,48,0,0,11,12,23,12,13,21,25,71,8,16,24,95
12/03/2021,CRW,WV,AEA,CE,Combined TRACON& Tower with Radar,10,12,31,7,60,0,1,43,3,47,10,13,74,10,107,12,0,12,119
12/04/2021,CRW,WV,AEA,CE,Combined TRACON& Tower with Radar,6,13,13,0,32,0,0,29,0,29,6,13,42,0,61,12,0,12,73
12/05/2021,CRW,WV,AEA,CE,Combined TRACON& Tower with Radar,10,14,6,4,34,0,2,10,0,12,10,16,16,4,46,20,0,20,66
12/06/2021,CRW,WV,AEA,CE,Combined TRACON& Tower with Radar,6,14,3,8,31,0,0,2,0,2,6,14,5,8,33,0,0,0,33
12/07/2021,CRW,WV,AEA,CE,Combined TRACON& Tower with Radar,8,20,21,7,56,0,10,26,13,49,8,30,47,20,105,30,0,30,135
12/08/2021,CRW,WV,AEA,CE,Combined TRACON& Tower with Radar,8,18,15,23,64,0,0,14,3,17,8,18,29,26,81,0,0,0,81
12/09/2021,CRW,WV,AEA,CE,Combined TRACON& Tower with Radar,10,26,17,7,60,0,6,41,8,55,10,32,58,15,115,14,6,20,135
12/10/2021,CRW,WV,AEA,CE,Combined TRACON& Tower with Radar,8,19,10,0,37,0,2,12,0,14,8,21,22,0,51,6,0,6,57
12/11/2021,CRW,WV,AEA,CE,Combined TRACON& Tower with Radar,8,14,3,0,25,0,0,1,0,1,8,14,4,0,26,0,0,0,26
12/12/2021,CRW,WV,AEA,CE,Combined TRACON& Tower with Radar,12,14,15,2,43,0,0,28,0,28,12,14,43,2,71,95,0,95,166
12/13/2021,CRW,WV,AEA,CE,Combined TRACON& Tower with Radar,8,13,25,16,62,0,0,40,0,40,8,13,65,16,102,60,0,60,162
12/14/2021,CRW,WV,AEA,CE,Combined TRACON& Tower with Radar,8,12,15,8,43,0,0,51,9,60,8,12,66,17,103,67,6,73,176
12/15/2021,CRW,WV,AEA,CE,Combined TRACON& Tower with Radar,8,20,6,4,38,0,0,29,0,29,8,20,35,4,67,28,6,34,101
12/16/2021,CRW,WV,AEA,CE,Combined TRACON& Tower with Radar,10,22,17,15,64,0,0,17,0,17,10,22,34,15,81,12,26,38,119
12/17/2021,CRW,WV,AEA,CE,Combined TRACON& Tower with Radar,11,16,17,4,48,0,0,0,0,0,11,16,17,4,48,0,0,0,48
12/18/2021,CRW,WV,AEA,CE,Combined TRACON& Tower with Radar,10,13,4,0,27,0,0,0,0,0,10,13,4,0,27,0,0,0,27
12/19/2021,CRW,WV,AEA,CE,Combined TRACON& Tower with Radar,9,12,7,0,28,0,0,9,0,9,9,12,16,0,37,0,0,0,37
12/20/2021,CRW,WV,AEA,CE,Combined TRACON& Tower with Radar,11,9,21,4,45,0,0,12,0,12,11,9,33,4,57,46,0,46,103
12/21/2021,CRW,WV,AEA,CE,Combined TRACON& Tower with Radar,11,17,9,5,42,0,0,19,16,35,11,17,28,21,77,10,37,47,124
12/22/2021,CRW,WV,AEA,CE,Combined TRACON& Tower with Radar,11,15,13,4,43,0,0,16,0,16,11,15,29,4,59,5,0,5,64
12/23/2021,CRW,WV,AEA,CE,Combined TRACON& Tower with Radar,12,21,15,0,48,0,0,16,0,16,12,21,31,0,64,46,0,46,110
12/24/2021,CRW,WV,AEA,CE,Combined TRACON& Tower with Radar,7,16,9,0,32,0,0,10,0,10,7,16,19,0,42,0,0,0,42
12/25/2021,CRW,WV,AEA,CE,Combined TRACON& Tower with Radar,6,8,3,0,17,0,0,0,0,0,6,8,3,0,17,0,0,0,17
12/26/2021,CRW,WV,AEA,CE,Combined TRACON& Tower with Radar,10,12,6,0,28,0,2,6,0,8,10,14,12,0,36,48,0,48,84
12/27/2021,CRW,WV,AEA,CE,Combined TRACON& Tower with Radar,11,15,17,2,45,0,5,14,0,19,11,20,31,2,64,14,0,14,78
12/28/2021,CRW,WV,AEA,CE,Combined TRACON& Tower with Radar,10,16,7,2,35,0,0,11,0,11,10,16,18,2,46,66,0,66,112
12/29/2021,CRW,WV,AEA,CE,Combined TRACON& Tower with Radar,9,15,10,4,38,0,1,11,0,12,9,16,21,4,50,22,0,22,72
12/30/2021,CRW,WV,AEA,CE,Combined TRACON& Tower with Radar,13,17,10,0,40,0,0,2,0,2,13,17,12,0,42,2,0,2,44
12/31/2021,CRW,WV,AEA,CE,Combined TRACON& Tower with Radar,7,12,11,0,30,0,0,16,0,16,7,12,27,0,46,0,0,0,46
01/01/2022,CRW,WV,AEA,CE,Combined TRACON& Tower with Radar,5,2,2,0,9,0,0,0,0,0,5,2,2,0,9,0,0,0,9
01/02/2022,CRW,WV,AEA,CE,Combined TRACON& Tower with Radar,10,11,6,0,27,0,0,0,0,0,10,11,6,0,27,0,0,0,27
01/03/2022,CRW,WV,AEA,CE,Combined TRACON& Tower with Radar,11,14,10,0,35,0,1,2,6,9,11,15,12,6,44,10,0,10,54
01/04/2022,CRW,WV,AEA,CE,Combined TRACON& Tower with Radar,10,14,16,5,45,0,0,42,5,47,10,14,58,10,92,14,18,32,124
01/05/2022,CRW,WV,AEA,CE,Combined TRACON& Tower with Radar,10,19,10,2,41,0,0,15,3,18,10,19,25,5,59,0,0,0,59
01/06/2022,CRW,WV,AEA,CE,Combined TRACON& Tower with Radar,7,12,7,4,30,0,0,3,0,3,7,12,10,4,33,12,0,12,45
01/07/2022,CRW,WV,AEA,CE,Combined TRACON& Tower with Radar,5,12,3,0,20,0,0,3,0,3,5,12,6,0,23,0,0,0,23
01/08/2022,CRW,WV,AEA,CE,Combined TRACON& Tower with Radar,8,13,4,0,25,0,0,23,2,25,8,13,27,2,50,12,0,12,62
01/09/2022,CRW,WV,AEA,CE,Combined TRACON& Tower with Radar,11,9,4,0,24,0,0,0,0,0,11,9,4,0,24,0,0,0,24
01/10/2022,CRW,WV,AEA,CE,Combined TRACON& Tower with Radar,7,17,9,4,37,0,1,17,0,18,7,18,26,4,55,20,8,28,83
01/11/2022,CRW,WV,AEA,CE,Combined TRACON& Tower with Radar,10,14,11,7,42,0,0,16,18,34,10,14,27,25,76,10,8,18,94
01/12/2022,CRW,WV,AEA,CE,Combined TRACON& Tower with Radar,10,16,6,10,42,0,1,16,6,23,10,17,22,16,65,34,20,54,119
01/13/2022,CRW,WV,AEA,CE,Combined TRACON& Tower with Radar,12,14,16,5,47,0,0,12,3,15,12,14,28,8,62,38,14,52,114
01/14/2022,CRW,WV,AEA,CE,Combined TRACON& Tower with Radar,10,13,8,1,32,0,0,1,0,1,10,13,9,1,33,18,0,18,51
01/15/2022,CRW,WV,AEA,CE,Combined TRACON& Tower with Radar,7,12,8,0,27,0,0,13,4,17,7,12,21,4,44,12,0,12,56
01/16/2022,CRW,WV,AEA,CE,Combined TRACON& Tower with Radar,2,7,4,0,13,0,0,0,0,0,2,7,4,0,13,0,0,0,13
01/17/2022,CRW,WV,AEA,CE,Combined TRACON& Tower with Radar,0,6,0,0,6,0,0,2,0,2,0,6,2,0,8,0,0,0,8
01/18/2022,CRW,WV,AEA,CE,Combined TRACON& Tower with Radar,9,15,10,3,37,0,2,5,4,11,9,17,15,7,48,0,0,0,48
01/19/2022,CRW,WV,AEA,CE,Combined TRACON& Tower with Radar,10,15,11,12,48,0,0,9,5,14,10,15,20,17,62,8,8,16,78
01/20/2022,CRW,WV,AEA,CE,Combined TRACON& Tower with Radar,12,15,5,13,45,0,0,2,0,2,12,15,7,13,47,0,0,0,47
01/21/2022,CRW,WV,AEA,CE,Combined TRACON& Tower with Radar,10,14,4,9,37,0,0,12,2,14,10,14,16,11,51,56,0,56,107
01/22/2022,CRW,WV,AEA,CE,Combined TRACON& Tower with Radar,6,12,19,0,37,0,3,32,0,35,6,15,51,0,72,0,0,0,72
01/23/2022,CRW,WV,AEA,CE,Combined TRACON& Tower with Radar,12,10,3,0,25,0,0,8,0,8,12,10,11,0,33,0,0,0,33
01/24/2022,CRW,WV,AEA,CE,Combined TRACON& Tower with Radar,8,11,21,1,41,0,0,32,4,36,8,11,53,5,77,42,0,42,119
01/25/2022,CRW,WV,AEA,CE,Combined TRACON& Tower with Radar,10,12,16,16,54,0,0,6,5,11,10,12,22,21,65,0,18,18,83
01/26/2022,CRW,WV,AEA,CE,Combined TRACON& Tower with Radar,10,15,26,11,62,0,1,38,8,47,10,16,64,19,109,64,25,89,198
01/27/2022,CRW,WV,AEA,CE,Combined TRACON& Tower with Radar,12,18,28,8,66,0,4,28,8,40,12,22,56,16,106,42,14,56,162
01/28/2022,CRW,WV,AEA,CE,Combined TRACON& Tower with Radar,10,12,10,0,32,0,0,0,0,0,10,12,10,0,32,0,0,0,32
01/29/2022,CRW,WV,AEA,CE,Combined TRACON& Tower with Radar,8,12,3,4,27,0,6,10,4,20,8,18,13,8,47,0,0,0,47
01/30/2022,CRW,WV,AEA,CE,Combined TRACON& Tower with Radar,10,15,22,1,48,0,3,35,0,38,10,18,57,1,86,36,0,36,122
01/31/2022,CRW,WV,AEA,CE,Combined TRACON& Tower with Radar,8,10,9,8,35,0,0,42,5,47,8,10,51,13,82,40,0,40,122
02/01/2022,CRW,WV,AEA,CE,Combined TRACON& Tower with Radar,10,14,9,1,34,0,5,38,9,52,10,19,47,10,86,62,8,70,156
02/02/2022,CRW,WV,AEA,CE,Combined TRACON& Tower with Radar,10,15,7,13,45,0,2,15,18,35,10,17,22,31,80,26,6,32,112
02/03/2022,CRW,WV,AEA,CE,Combined TRACON& Tower with Radar,7,17,2,0,26,0,0,0,0,0,7,17,2,0,26,0,0,0,26
02/04/2022,CRW,WV,AEA,CE,Combined TRACON& Tower with Radar,7,12,1,0,20,0,0,0,0,0,7,12,1,0,20,0,0,0,20
02/05/2022,CRW,WV,AEA,CE,Combined TRACON& Tower with Radar,8,14,5,6,33,0,2,4,0,6,8,16,9,6,39,12,0,12,51
02/06/2022,CRW,WV,AEA,CE,Combined TRACON& Tower with Radar,11,12,10,2,35,0,0,26,0,26,11,12,36,2,61,16,0,16,77
02/07/2022,CRW,WV,AEA,CE,Combined TRACON& Tower with Radar,11,21,14,12,58,0,1,31,5,37,11,22,45,17,95,12,8,20,115
02/08/2022,CRW,WV,AEA,CE,Combined TRACON& Tower with Radar,10,13,9,13,45,0,0,28,12,40,10,13,37,25,85,22,82,104,189
02/09/2022,CRW,WV,AEA,CE,Combined TRACON& Tower with Radar,10,16,11,6,43,0,0,17,18,35,10,16,28,24,78,4,54,58,136
02/10/2022,CRW,WV,AEA,CE,Combined TRACON& Tower with Radar,12,19,14,13,58,0,1,37,4,42,12,20,51,17,100,14,22,36,136
02/11/2022,CRW,WV,AEA,CE,Combined TRACON& Tower with Radar,10,27,9,8,54,0,1,13,0,14,10,28,22,8,68,11,0,11,79
02/12/2022,CRW,WV,AEA,CE,Combined TRACON& Tower with Radar,8,10,6,2,26,0,1,18,0,19,8,11,24,2,45,2,0,2,47
02/13/2022,CRW,WV,AEA,CE,Combined TRACON& Tower with Radar,12,9,8,0,29,0,2,6,0,8,12,11,14,0,37,0,0,0,37
02/14/2022,CRW,WV,AEA,CE,Combined TRACON& Tower with Radar,10,11,9,0,30,0,0,24,0,24,10,11,33,0,54,60,0,60,114
02/15/2022,CRW,WV,AEA,CE,Combined TRACON& Tower with Radar,10,15,31,11,67,0,0,57,13,70,10,15,88,24,137,70,12,82,219
02/16/2022,CRW,WV,AEA,CE,Combined TRACON& Tower with Radar,10,14,18,2,44,0,0,27,0,27,10,14,45,2,71,16,0,16,87
02/17/2022,CRW,WV,AEA,CE,Combined TRACON& Tower with Radar,14,16,8,6,44,0,0,3,2,5,14,16,11,8,49,0,0,0,49
02/18/2022,CRW,WV,AEA,CE,Combined TRACON& Tower with Radar,10,14,14,0,38,0,0,25,0,25,10,14,39,0,63,6,0,6,69
02/19/2022,CRW,WV,AEA,CE,Combined TRACON& Tower with Radar,8,12,1,0,21,0,0,14,0,14,8,12,15,0,35,0,0,0,35
02/20/2022,CRW,WV,AEA,CE,Combined TRACON& Tower with Radar,12,11,15,2,40,0,0,36,0,36,12,11,51,2,76,6,0,6,82
02/21/2022,CRW,WV,AEA,CE,Combined TRACON& Tower with Radar,10,11,15,0,36,0,0,30,0,30,10,11,45,0,66,54,0,54,120
02/22/2022,CRW,WV,AEA,CE,Combined TRACON& Tower with Radar,10,14,15,4,43,0,0,1,1,2,10,14,16,5,45,0,0,0,45
02/23/2022,CRW,WV,AEA,CE,Combined TRACON& Tower with Radar,10,14,14,6,44,0,0,6,0,6,10,14,20,6,50,0,0,0,50
02/24/2022,CRW,WV,AEA,CE,Combined TRACON& Tower with Radar,12,21,11,0,44,0,0,0,0,0,12,21,11,0,44,0,0,0,44
02/25/2022,CRW,WV,AEA,CE,Combined TRACON& Tower with Radar,10,18,7,2,37,0,0,4,1,5,10,18,11,3,42,6,0,6,48
02/26/2022,CRW,WV,AEA,CE,Combined TRACON& Tower with Radar,8,12,14,0,34,0,4,26,0,30,8,16,40,0,64,12,0,12,76
02/27/2022,CRW,WV,AEA,CE,Combined TRACON& Tower with Radar,14,9,20,0,43,0,0,32,0,32,14,9,52,0,75,16,0,16,91
02/28/2022,CRW,WV,AEA,CE,Combined TRACON& Tower with Radar,10,11,15,6,42,0,1,70,6,77,10,12,85,12,119,94,0,94,213
03/01/2022,CRW,WV,AEA,CE,Combined TRACON& Tower with Radar,10,14,33,9,66,0,0,52,18,70,10,14,85,27,136,18,12,30,166
03/02/2022,CRW,WV,AEA,CE,Combined TRACON& Tower with Radar,10,16,28,10,64,0,2,77,13,92,10,18,105,23,156,64,20,84,240
03/03/2022,CRW,WV,AEA,CE,Combined TRACON& Tower with Radar,10,20,18,13,61,0,0,42,8,50,10,20,60,21,111,48,23,71,182
03/04/2022,CRW,WV,AEA,CE,Combined TRACON& Tower with Radar,8,14,13,9,44,0,1,63,9,73,8,15,76,18,117,22,22,44,161
03/05/2022,CRW,WV,AEA,CE,Combined TRACON& Tower with Radar,6,13,13,0,32,0,2,31,6,39,6,15,44,6,71,30,0,30,101
03/06/2022,CRW,WV,AEA,CE,Combined TRACON& Tower with Radar,9,11,3,4,27,0,0,0,0,0,9,11,3,4,27,0,0,0,27
03/07/2022,CRW,WV,AEA,CE,Combined TRACON& Tower with Radar,9,13,12,0,34,0,0,0,0,0,9,13,12,0,34,0,0,0,34
03/08/2022,CRW,WV,AEA,CE,Combined TRACON& Tower with Radar,6,16,25,18,65,0,0,36,15,51,6,16,61,33,116,60,69,129,245
03/09/2022,CRW,WV,AEA,CE,Combined TRACON& Tower with Radar,8,12,7,2,29,0,2,0,0,2,8,14,7,2,31,0,0,0,31
03/10/2022,CRW,WV,AEA,CE,Combined TRACON& Tower with Radar,8,14,18,18,58,0,0,28,8,36,8,14,46,26,94,26,20,46,140
03/11/2022,CRW,WV,AEA,CE,Combined TRACON& Tower with Radar,8,20,31,5,64,0,0,40,0,40,8,20,71,5,104,38,4,42,146
03/12/2022,CRW,WV,AEA,CE,Combined TRACON& Tower with Radar,4,9,3,0,16,0,0,0,0,0,4,9,3,0,16,0,0,0,16
03/13/2022,CRW,WV,AEA,CE,Combined TRACON& Tower with Radar,12,12,11,0,35,0,0,18,4,22,12,12,29,4,57,4,0,4,61
03/14/2022,CRW,WV,AEA,CE,Combined TRACON& Tower with Radar,10,15,17,8,50,0,0,54,0,54,10,15,71,8,104,20,4,24,128
03/15/2022,CRW,WV,AEA,CE,Combined TRACON& Tower with Radar,8,17,26,10,61,0,1,53,4,58,8,18,79,14,119,26,0,26,145
03/16/2022,CRW,WV,AEA,CE,Combined TRACON& Tower with Radar,8,15,20,11,54,0,0,36,2,38,8,15,56,13,92,25,0,25,117
03/17/2022,CRW,WV,AEA,CE,Combined TRACON& Tower with Radar,9,20,28,15,72,0,3,43,4,50,9,23,71,19,122,85,0,85,207
03/18/2022,CRW,WV,AEA,CE,Combined TRACON& Tower with Radar,7,16,22,0,45,0,2,24,2,28,7,18,46,2,73,10,0,10,83
03/19/2022,CRW,WV,AEA,CE,Combined TRACON& Tower with Radar,6,13,10,0,29,0,0,6,1,7,6,13,16,1,36,0,0,0,36
03/20/2022,CRW,WV,AEA,CE,Combined TRACON& Tower with Radar,12,10,20,3,45,0,0,14,2,16,12,10,34,5,61,0,0,0,61
03/21/2022,CRW,WV,AEA,CE,Combined TRACON& Tower with Radar,6,12,10,2,30,0,1,41,4,46,6,13,51,6,76,123,0,123,199
03/22/2022,CRW,WV,AEA,CE,Combined TRACON& Tower with Radar,6,12,23,9,50,0,1,34,5,40,6,13,57,14,90,18,0,18,108
03/23/2022,CRW,WV,AEA,CE,Combined TRACON& Tower with Radar,8,14,11,6,39,0,0,1,4,5,8,14,12,10,44,0,17,17,61
03/24/2022,CRW,WV,AEA,CE,Combined TRACON& Tower with Radar,10,15,21,11,57,0,1,43,5,49,10,16,64,16,106,44,24,68,174
03/25/2022,CRW,WV,AEA,CE,Combined TRACON& Tower with Radar,8,14,16,11,49,0,1,24,4,29,8,15,40,15,78,57,0,57,135
03/26/2022,CRW,WV,AEA,CE,Combined TRACON& Tower with Radar,4,15,10,0,29,0,0,1,0,1,4,15,11,0,30,0,0,0,30
03/27/2022,CRW,WV,AEA,CE,Combined TRACON& Tower with Radar,14,7,9,0,30,0,0,4,0,4,14,7,13,0,34,0,0,0,34
03/28/2022,CRW,WV,AEA,CE,Combined TRACON& Tower with Radar,8,13,18,1,40,0,1,35,4,40,8,14,53,5,80,26,0,26,106
03/29/2022,CRW,WV,AEA,CE,Combined TRACON& Tower with Radar,6,17,18,3,44,0,0,48,1,49,6,17,66,4,93,22,10,32,125
03/30/2022,CRW,WV,AEA,CE,Combined TRACON& Tower with Radar,8,17,16,8,49,0,1,23,4,28,8,18,39,12,77,36,0,36,113
03/31/2022,CRW,WV,AEA,CE,Combined TRACON& Tower with Radar,10,22,10,15,57,0,0,7,3,10,10,22,17,18,67,0,4,4,71
04/01/2022,CRW,WV,AEA,CE,Combined TRACON& Tower with Radar,8,17,8,4,37,0,0,6,0,6,8,17,14,4,43,2,0,2,45
04/02/2022,CRW,WV,AEA,CE,Combined TRACON& Tower with Radar,6,14,25,6,51,0,2,54,0,56,6,16,79,6,107,0,0,0,107
04/03/2022,CRW,WV,AEA,CE,Combined TRACON& Tower with Radar,10,11,7,5,33,0,4,15,1,20,10,15,22,6,53,8,0,8,61
04/04/2022,CRW,WV,AEA,CE,Combined TRACON& Tower with Radar,11,10,14,5,40,0,0,38,3,41,11,10,52,8,81,42,0,42,123
04/05/2022,CRW,WV,AEA,CE,Combined TRACON& Tower with Radar,9,18,19,4,50,0,1,15,6,22,9,19,34,10,72,0,0,0,72
04/06/2022,CRW,WV,AEA,CE,Combined TRACON& Tower with Radar,9,16,14,20,59,0,6,9,14,29,9,22,23,34,88,14,26,40,128
04/07/2022,CRW,WV,AEA,CE,Combined TRACON& Tower with Radar,10,14,24,23,71,0,16,17,3,36,10,30,41,26,107,36,30,66,173
04/08/2022,CRW,WV,AEA,CE,Combined TRACON& Tower with Radar,7,19,10,0,36,0,0,12,0,12,7,19,22,0,48,18,0,18,66
04/09/2022,CRW,WV,AEA,CE,Combined TRACON& Tower with Radar,8,11,3,0,22,0,0,1,0,1,8,11,4,0,23,0,0,0,23
04/10/2022,CRW,WV,AEA,CE,Combined TRACON& Tower with Radar,12,10,9,0,31,0,6,34,0,40,12,16,43,0,71,38,0,38,109
04/11/2022,CRW,WV,AEA,CE,Combined TRACON& Tower with Radar,8,17,9,4,38,0,0,26,3,29,8,17,35,7,67,53,0,53,120
04/12/2022,CRW,WV,AEA,CE,Combined TRACON& Tower with Radar,10,16,12,4,42,0,0,12,6,18,10,16,24,10,60,0,20,20,80
04/13/2022,CRW,WV,AEA,CE,Combined TRACON& Tower with Radar,8,25,18,2,53,0,5,25,3,33,8,30,43,5,86,34,0,34,120
04/14/2022,CRW,WV,AEA,CE,Combined TRACON& Tower with Radar,11,16,23,6,56,0,0,37,11,48,11,16,60,17,104,28,34,62,166
04/15/2022,CRW,WV,AEA,CE,Combined TRACON& Tower with Radar,9,16,20,5,50,0,0,46,0,46,9,16,66,5,96,56,0,56,152
04/16/2022,CRW,WV,AEA,CE,Combined TRACON& Tower with Radar,8,13,9,0,30,0,0,10,0,10,8,13,19,0,40,0,0,0,40
04/17/2022,CRW,WV,AEA,CE,Combined TRACON& Tower with Radar,10,11,13,0,34,0,0,25,0,25,10,11,38,0,59,27,0,27,86
04/18/2022,CRW,WV,AEA,CE,Combined TRACON& Tower with Radar,7,14,12,5,38,0,0,2,0,2,7,14,14,5,40,0,0,0,40
04/19/2022,CRW,WV,AEA,CE,Combined TRACON& Tower with Radar,13,14,12,4,43,0,7,8,4,19,13,21,20,8,62,0,0,0,62
04/20/2022,CRW,WV,AEA,CE,Combined TRACON& Tower with Radar,8,17,18,27,70,0,2,52,17,71,8,19,70,44,141,86,52,138,279
04/21/2022,CRW,WV,AEA,CE,Combined TRACON& Tower with Radar,10,17,12,9,48,0,1,19,11,31,10,18,31,20,79,10,50,60,139
04/22/2022,CRW,WV,AEA,CE,Combined TRACON& Tower with Radar,8,15,9,8,40,0,3,32,0,35,8,18,41,8,75,32,0,32,107
04/23/2022,CRW,WV,AEA,CE,Combined TRACON& Tower with Radar,8,12,9,2,31,0,2,29,0,31,8,14,38,2,62,12,18,30,92
04/24/2022,CRW,WV,AEA,CE,Combined TRACON& Tower with Radar,12,11,16,0,39,0,0,17,0,17,12,11,33,0,56,10,0,10,66
04/25/2022,CRW,WV,AEA,CE,Combined TRACON& Tower with Radar,8,13,16,9,46,0,0,37,4,41,8,13,53,13,87,52,0,52,139
04/26/2022,CRW,WV,AEA,CE,Combined TRACON& Tower with Radar,12,16,20,9,57,0,1,5,0,6,12,17,25,9,63,0,0,0,63
04/27/2022,CRW,WV,AEA,CE,Combined TRACON& Tower with Radar,8,14,22,5,49,0,1,30,6,37,8,15,52,11,86,22,10,32,118
04/28/2022,CRW,WV,AEA,CE,Combined TRACON& Tower with Radar,10,16,27,16,69,0,2,55,10,67,10,18,82,26,136,51,26,77,213
04/29/2022,CRW,WV,AEA,CE,Combined TRACON& Tower with Radar,10,17,16,2,45,0,0,38,3,41,10,17,54,5,86,72,0,72,158
04/30/2022,CRW,WV,AEA,CE,Combined TRACON& Tower with Radar,8,15,14,0,37,0,0,3,0,3,8,15,17,0,40,0,0,0,40
05/01/2022,CRW,WV,AEA,CE,Combined TRACON& Tower with Radar,10,12,7,0,29,0,2,3,0,5,10,14,10,0,34,18,0,18,52
05/02/2022,CRW,WV,AEA,CE,Combined TRACON& Tower with Radar,10,14,13,8,45,0,1,55,0,56,10,15,68,8,101,48,0,48,149
05/03/2022,CRW,WV,AEA,CE,Combined TRACON& Tower with Radar,10,15,11,8,44,0,0,28,2,30,10,15,39,10,74,30,12,42,116
05/04/2022,CRW,WV,AEA,CE,Combined TRACON& Tower with Radar,7,14,37,25,83,0,0,17,2,19,7,14,54,27,102,18,20,38,140
05/05/2022,CRW,WV,AEA,CE,Combined TRACON& Tower with Radar,13,19,30,12,74,0,1,43,9,53,13,20,73,21,127,70,10,80,207
05/06/2022,CRW,WV,AEA,CE,Combined TRACON& Tower with Radar,7,19,9,1,36,0,0,0,0,0,7,19,9,1,36,0,0,0,36
05/07/2022,CRW,WV,AEA,CE,Combined TRACON& Tower with Radar,6,15,5,2,28,0,0,0,1,1,6,15,5,3,29,0,0,0,29
05/08/2022,CRW,WV,AEA,CE,Combined TRACON& Tower with Radar,10,16,12,2,40,0,4,31,3,38,10,20,43,5,78,54,0,54,132
05/09/2022,CRW,WV,AEA,CE,Combined TRACON& Tower with Radar,8,18,10,4,40,0,3,53,0,56,8,21,63,4,96,45,0,45,141
05/10/2022,CRW,WV,AEA,CE,Combined TRACON& Tower with Radar,8,16,28,13,65,0,2,47,9,58,8,18,75,22,123,86,46,132,255
05/11/2022,CRW,WV,AEA,CE,Combined TRACON& Tower with Radar,6,16,30,12,64,0,1,51,7,59,6,17,81,19,123,38,0,38,161
05/12/2022,CRW,WV,AEA,CE,Combined TRACON& Tower with Radar,9,19,37,15,80,0,5,48,10,63,9,24,85,25,143,53,32,85,228
05/13/2022,CRW,WV,AEA,CE,Combined TRACON& Tower with Radar,9,15,31,7,62,0,2,36,14,52,9,17,67,21,114,32,24,56,170
05/14/2022,CRW,WV,AEA,CE,Combined TRACON& Tower with Radar,6,15,9,2,32,0,6,22,5,33,6,21,31,7,65,22,0,22,87
05/15/2022,CRW,WV,AEA,CE,Combined TRACON& Tower with Radar,9,12,25,4,50,0,0,19,1,20,9,12,44,5,70,0,0,0,70
05/16/2022,CRW,WV,AEA,CE,Combined TRACON& Tower with Radar,7,15,22,0,44,0,0,6,0,6,7,15,28,0,50,0,0,0,50
05/17/2022,CRW,WV,AEA,CE,Combined TRACON& Tower with Radar,10,16,29,4,59,0,2,58,3,63,10,18,87,7,122,48,0,48,170
05/18/2022,CRW,WV,AEA,CE,Combined TRACON& Tower with Radar,5,15,30,2,52,0,0,43,0,43,5,15,73,2,95,33,0,33,128
05/19/2022,CRW,WV,AEA,CE,Combined TRACON& Tower with Radar,9,25,32,8,74,0,0,36,14,50,9,25,68,22,124,36,26,62,186
05/20/2022,CRW,WV,AEA,CE,Combined TRACON& Tower with Radar,8,18,25,6,57,0,2,40,8,50,8,20,65,14,107,16,0,16,123
05/21/2022,CRW,WV,AEA,CE,Combined TRACON& Tower with Radar,6,15,9,0,30,0,1,30,4,35,6,16,39,4,65,26,0,26,91
05/22/2022,CRW,WV,AEA,CE,Combined TRACON& Tower with Radar,10,13,12,3,38,0,1,5,0,6,10,14,17,3,44,10,6,16,60
05/23/2022,CRW,WV,AEA,CE,Combined TRACON& Tower with Radar,9,12,19,3,43,0,0,4,2,6,9,12,23,5,49,10,0,10,59
05/24/2022,CRW,WV,AEA,CE,Combined TRACON& Tower with Radar,9,14,23,10,56,0,0,11,6,17,9,14,34,16,73,22,80,102,175
05/25/2022,CRW,WV,AEA,CE,Combined TRACON& Tower with Radar,5,17,20,2,44,0,1,40,3,44,5,18,60,5,88,64,6,70,158
05/26/2022,CRW,WV,AEA,CE,Combined TRACON& Tower with Radar,10,18,28,8,64,0,1,11,2,14,10,19,39,10,78,16,4,20,98
05/27/2022,CRW,WV,AEA,CE,Combined TRACON& Tower with Radar,8,14,8,1,31,0,0,9,0,9,8,14,17,1,40,0,0,0,40
05/28/2022,CRW,WV,AEA,CE,Combined TRACON& Tower with Radar,7,14,22,0,43,0,0,20,0,20,7,14,42,0,63,6,0,6,69
05/29/2022,CRW,WV,AEA,CE,Combined TRACON& Tower with Radar,11,12,7,0,30,0,0,33,0,33,11,12,40,0,63,32,0,32,95
05/30/2022,CRW,WV,AEA,CE,Combined TRACON& Tower with Radar,12,16,23,0,51,0,6,40,0,46,12,22,63,0,97,38,0,38,135
05/31/2022,CRW,WV,AEA,CE,Combined TRACON& Tower with Radar,8,21,22,3,54,0,2,43,0,45,8,23,65,3,99,49,0,49,148
06/01/2022,CRW,WV,AEA,CE,Combined TRACON& Tower with Radar,7,14,27,5,53,0,0,54,2,56,7,14,81,7,109,59,0,59,168
06/02/2022,CRW,WV,AEA,CE,Combined TRACON& Tower with Radar,13,17,20,8,58,0,0,11,2,13,13,17,31,10,71,30,2,32,103
06/03/2022,CRW,WV,AEA,CE,Combined TRACON& Tower with Radar,10,16,39,12,77,0,1,51,10,62,10,17,90,22,139,29,10,39,178
06/04/2022,CRW,WV,AEA,CE,Combined TRACON& Tower with Radar,10,16,17,8,51,0,0,37,1,38,10,16,54,9,89,0,0,0,89
06/05/2022,CRW,WV,AEA,CE,Combined TRACON& Tower with Radar,12,13,11,5,41,0,0,47,0,47,12,13,58,5,88,44,0,44,132
06/06/2022,CRW,WV,AEA,CE,Combined TRACON& Tower with Radar,9,13,12,0,34,0,0,55,0,55,9,13,67,0,89,66,0,66,155
06/07/2022,CRW,WV,AEA,CE,Combined TRACON& Tower with Radar,11,14,28,0,53,0,0,4,2,6,11,14,32,2,59,0,0,0,59
06/08/2022,CRW,WV,AEA,CE,Combined TRACON& Tower with Radar,8,13,18,9,48,0,1,19,1,21,8,14,37,10,69,30,4,34,103
06/09/2022,CRW,WV,AEA,CE,Combined TRACON& Tower with Radar,13,19,28,8,68,0,4,30,0,34,13,23,58,8,102,17,0,17,119
06/10/2022,CRW,WV,AEA,CE,Combined TRACON& Tower with Radar,11,18,24,5,58,0,1,44,0,45,11,19,68,5,103,34,0,34,137
06/11/2022,CRW,WV,AEA,CE,Combined TRACON& Tower with Radar,10,13,14,1,38,0,0,17,0,17,10,13,31,1,55,16,0,16,71
06/12/2022,CRW,WV,AEA,CE,Combined TRACON& Tower with Radar,10,12,19,5,46,0,0,19,0,19,10,12,38,5,65,56,0,56,121
06/13/2022,CRW,WV,AEA,CE,Combined TRACON& Tower with Radar,10,14,28,1,53,0,3,50,0,53,10,17,78,1,106,106,0,106,212
06/14/2022,CRW,WV,AEA,CE,Combined TRACON& Tower with Radar,12,16,21,22,71,0,3,31,7,41,12,19,52,29,112,36,12,48,160
06/15/2022,CRW,WV,AEA,CE,Combined TRACON& Tower with Radar,10,16,23,5,54,0,4,29,10,43,10,20,52,15,97,32,4,36,133
06/16/2022,CRW,WV,AEA,CE,Combined TRACON& Tower with Radar,10,25,21,23,79,0,2,33,22,57,10,27,54,45,136,38,82,120,256
06/17/2022,CRW,WV,AEA,CE,Combined TRACON& Tower with Radar,9,15,11,2,37,0,2,19,2,23,9,17,30,4,60,26,0,26,86
06/18/2022,CRW,WV,AEA,CE,Combined TRACON& Tower with Radar,11,19,10,0,40,0,0,38,0,38,11,19,48,0,78,14,0,14,92
06/19/2022,CRW,WV,AEA,CE,Combined TRACON& Tower with Radar,10,15,12,2,39,0,0,37,0,37,10,15,49,2,76,20,0,20,96
06/20/2022,CRW,WV,AEA,CE,Combined TRACON& Tower with Radar,8,13,16,0,37,0,1,49,0,50,8,14,65,0,87,48,0,48,135
06/21/2022,CRW,WV,AEA,CE,Combined TRACON& Tower with Radar,12,17,26,4,59,0,0,43,19,62,12,17,69,23,121,42,16,58,179
06/22/2022,CRW,WV,AEA,CE,Combined TRACON& Tower with Radar,9,15,12,7,43,0,1,29,15,45,9,16,41,22,88,34,30,64,152
06/23/2022,CRW,WV,AEA,CE,Combined TRACON& Tower with Radar,8,17,29,21,75,0,3,26,5,34,8,20,55,26,109,4,12,16,125
06/24/2022,CRW,WV,AEA,CE,Combined TRACON& Tower with Radar,9,16,19,3,47,0,0,47,1,48,9,16,66,4,95,22,0,22,117
06/25/2022,CRW,WV,AEA,CE,Combined TRACON& Tower with Radar,10,15,20,14,59,0,2,26,3,31,10,17,46,17,90,28,52,80,170
06/26/2022,CRW,WV,AEA,CE,Combined TRACON& Tower with Radar,12,12,16,0,40,0,0,11,0,11,12,12,27,0,51,0,0,0,51
06/27/2022,CRW,WV,AEA,CE,Combined TRACON& Tower with Radar,10,11,43,4,68,0,2,26,4,32,10,13,69,8,100,39,0,39,139
06/28/2022,CRW,WV,AEA,CE,Combined TRACON& Tower with Radar,12,19,24,12,67,0,0,57,19,76,12,19,81,31,143,87,43,130,273
06/29/2022,CRW,WV,AEA,CE,Combined TRACON& Tower with Radar,7,10,13,10,40,0,4,19,11,34,7,14,32,21,74,6,40,46,120
06/30/2022,CRW,WV,AEA,CE,Combined TRACON& Tower with Radar,12,21,14,0,47,0,6,38,0,44,12,27,52,0,91,44,0,44,135
07/01/2022,CRW,WV,AEA,CE,Combined TRACON& Tower with Radar,7,15,18,0,40,0,1,11,4,16,7,16,29,4,56,25,0,25,81
07/02/2022,CRW,WV,AEA,CE,Combined TRACON& Tower with Radar,13,21,5,2,41,0,0,9,0,9,13,21,14,2,50,0,0,0,50
07/03/2022,CRW,WV,AEA,CE,Combined TRACON& Tower with Radar,9,16,18,3,46,0,0,21,4,25,9,16,39,7,71,0,0,0,71
07/04/2022,CRW,WV,AEA,CE,Combined TRACON& Tower with Radar,9,10,7,0,26,0,2,23,0,25,9,12,30,0,51,4,0,4,55
07/05/2022,CRW,WV,AEA,CE,Combined TRACON& Tower with Radar,9,14,13,0,36,0,0,15,0,15,9,14,28,0,51,0,0,0,51
07/06/2022,CRW,WV,AEA,CE,Combined TRACON& Tower with Radar,9,13,10,0,32,0,0,18,0,18,9,13,28,0,50,12,0,12,62
07/07/2022,CRW,WV,AEA,CE,Combined TRACON& Tower with Radar,11,19,40,4,74,0,1,16,0,17,11,20,56,4,91,34,0,34,125
07/08/2022,CRW,WV,AEA,CE,Combined TRACON& Tower with Radar,10,16,20,5,51,0,0,6,0,6,10,16,26,5,57,16,0,16,73
07/09/2022,CRW,WV,AEA,CE,Combined TRACON& Tower with Radar,7,15,31,2,55,0,0,0,0,0,7,15,31,2,55,0,0,0,55
07/10/2022,CRW,WV,AEA,CE,Combined TRACON& Tower with Radar,11,18,28,2,59,0,0,27,0,27,11,18,55,2,86,38,0,38,124
07/11/2022,CRW,WV,AEA,CE,Combined TRACON& Tower with Radar,8,9,24,4,45,0,0,52,8,60,8,9,76,12,105,70,0,70,175
07/12/2022,CRW,WV,AEA,CE,Combined TRACON& Tower with Radar,9,17,33,6,65,0,4,53,6,63,9,21,86,12,128,15,0,15,143
07/13/2022,CRW,WV,AEA,CE,Combined TRACON& Tower with Radar,12,16,40,6,74,0,3,39,10,52,12,19,79,16,126,32,14,46,172
07/14/2022,CRW,WV,AEA,CE,Combined TRACON& Tower with Radar,12,19,28,4,63,0,1,41,26,68,12,20,69,30,131,52,36,88,219
07/15/2022,CRW,WV,AEA,CE,Combined TRACON& Tower with Radar,12,14,22,9,57,0,0,53,4,57,12,14,75,13,114,90,0,90,204
07/16/2022,CRW,WV,AEA,CE,Combined TRACON& Tower with Radar,10,15,24,6,55,0,1,30,0,31,10,16,54,6,86,62,0,62,148
07/17/2022,CRW,WV,AEA,CE,Combined TRACON& Tower with Radar,12,13,7,0,32,0,1,3,2,6,12,14,10,2,38,0,0,0,38
07/18/2022,CRW,WV,AEA,CE,Combined TRACON& Tower with Radar,10,16,23,5,54,0,0,1,6,7,10,16,24,11,61,0,0,0,61
07/19/2022,CRW,WV,AEA,CE,Combined TRACON& Tower with Radar,12,15,33,9,69,0,0,38,4,42,12,15,71,13,111,52,12,64,175
07/20/2022,CRW,WV,AEA,CE,Combined TRACON& Tower with Radar,10,18,30,20,78,0,2,62,19,83,10,20,92,39,161,72,42,114,275
07/21/2022,CRW,WV,AEA,CE,Combined TRACON& Tower with Radar,10,17,33,10,70,0,0,26,0,26,10,17,59,10,96,18,0,18,114
07/22/2022,CRW,WV,AEA,CE,Combined TRACON& Tower with Radar,9,17,31,6,63,0,1,53,5,59,9,18,84,11,122,64,0,64,186
07/23/2022,CRW,WV,AEA,CE,Combined TRACON& Tower with Radar,8,16,16,0,40,0,1,30,0,31,8,17,46,0,71,49,0,49,120
07/24/2022,CRW,WV,AEA,CE,Combined TRACON& Tower with Radar,10,11,7,5,33,0,0,32,1,33,10,11,39,6,66,62,0,62,128
07/25/2022,CRW,WV,AEA,CE,Combined TRACON& Tower with Radar,9,11,21,0,41,0,0,21,4,25,9,11,42,4,66,0,0,0,66
07/26/2022,CRW,WV,AEA,CE,Combined TRACON& Tower with Radar,10,17,16,5,48,0,0,2,8,10,10,17,18,13,58,0,0,0,58
07/27/2022,CRW,WV,AEA,CE,Combined TRACON& Tower with Radar,10,12,11,1,34,0,0,17,2,19,10,12,28,3,53,10,0,10,63
07/28/2022,CRW,WV,AEA,CE,Combined TRACON& Tower with Radar,11,15,16,4,46,0,0,20,2,22,11,15,36,6,68,64,0,64,132
07/29/2022,CRW,WV,AEA,CE,Combined TRACON& Tower with Radar,9,16,29,22,76,0,2,6,5,13,9,18,35,27,89,0,10,10,99
07/30/2022,CRW,WV,AEA,CE,Combined TRACON& Tower with Radar,9,13,14,0,36,0,1,29,0,30,9,14,43,0,66,55,0,55,121
07/31/2022,CRW,WV,AEA,CE,Combined TRACON& Tower with Radar,12,8,9,4,33,0,0,1,0,1,12,8,10,4,34,0,0,0,34
08/01/2022,CRW,WV,AEA,CE,Combined TRACON& Tower with Radar,9,11,13,6,39,0,0,4,4,8,9,11,17,10,47,22,0,22,69
08/02/2022,CRW,WV,AEA,CE,Combined TRACON& Tower with Radar,14,15,20,6,55,0,1,44,14,59,14,16,64,20,114,110,0,110,224
08/03/2022,CRW,WV,AEA,CE,Combined TRACON& Tower with Radar,10,12,10,26,58,0,4,75,3,82,10,16,85,29,140,113,12,125,265
08/04/2022,CRW,WV,AEA,CE,Combined TRACON& Tower with Radar,7,12,9,1,29,0,0,11,13,24,7,12,20,14,53,30,14,44,97
08/05/2022,CRW,WV,AEA,CE,Combined TRACON& Tower with Radar,7,14,16,9,46,0,1,12,1,14,7,15,28,10,60,36,0,36,96
08/06/2022,CRW,WV,AEA,CE,Combined TRACON& Tower with Radar,9,14,8,0,31,0,0,5,2,7,9,14,13,2,38,6,0,6,44
08/07/2022,CRW,WV,AEA,CE,Combined TRACON& Tower with Radar,11,19,20,14,64,0,0,30,5,35,11,19,50,19,99,25,10,35,134
08/08/2022,CRW,WV,AEA,CE,Combined TRACON& Tower with Radar,8,9,9,10,36,0,0,40,11,51,8,9,49,21,87,78,22,100,187
08/09/2022,CRW,WV,AEA,CE,Combined TRACON& Tower with Radar,10,22,20,8,60,0,0,39,3,42,10,22,59,11,102,37,22,59,161
08/10/2022,CRW,WV,AEA,CE,Combined TRACON& Tower with Radar,9,12,6,6,33,0,0,8,4,12,9,12,14,10,45,0,10,10,55
08/11/2022,CRW,WV,AEA,CE,Combined TRACON& Tower with Radar,12,16,15,6,49,0,0,50,10,60,12,16,65,16,109,100,10,110,219
08/12/2022,CRW,WV,AEA,CE,Combined TRACON& Tower with Radar,8,17,21,7,53,0,2,52,4,58,8,19,73,11,111,20,0,20,131
08/13/2022,CRW,WV,AEA,CE,Combined TRACON& Tower with Radar,9,10,7,3,29,0,3,33,1,37,9,13,40,4,66,44,0,44,110
08/14/2022,CRW,WV,AEA,CE,Combined TRACON& Tower with Radar,12,10,6,0,28,0,1,13,1,15,12,11,19,1,43,54,0,54,97
08/15/2022,CRW,WV,AEA,CE,Combined TRACON& Tower with Radar,8,8,22,2,40,0,3,9,1,13,8,11,31,3,53,46,0,46,99
08/16/2022,CRW,WV,AEA,CE,Combined TRACON& Tower with Radar,12,16,16,11,55,0,0,12,8,20,12,16,28,19,75,10,18,28,103
08/17/2022,CRW,WV,AEA,CE,Combined TRACON& Tower with Radar,9,12,27,4,52,0,2,43,16,61,9,14,70,20,113,96,6,102,215
08/18/2022,CRW,WV,AEA,CE,Combined TRACON& Tower with Radar,11,18,27,9,65,0,0,40,9,49,11,18,67,18,114,44,0,44,158
08/19/2022,CRW,WV,AEA,CE,Combined TRACON& Tower with Radar,9,17,23,13,62,0,0,46,0,46,9,17,69,13,108,43,0,43,151
08/20/2022,CRW,WV,AEA,CE,Combined TRACON& Tower with Radar,9,15,13,1,38,0,3,18,1,22,9,18,31,2,60,6,0,6,66
08/21/2022,CRW,WV,AEA,CE,Combined TRACON& Tower with Radar,13,16,8,5,42,0,1,10,0,11,13,17,18,5,53,20,0,20,73
08/22/2022,CRW,WV,AEA,CE,Combined TRACON& Tower with Radar,10,19,14,1,44,0,1,17,2,20,10,20,31,3,64,72,0,72,136
08/23/2022,CRW,WV,AEA,CE,Combined TRACON& Tower with Radar,10,16,18,8,52,0,0,28,2,30,10,16,46,10,82,56,22,78,160
08/24/2022,CRW,WV,AEA,CE,Combined TRACON& Tower with Radar,10,12,10,12,44,0,1,31,6,38,10,13,41,18,82,108,18,126,208
08/25/2022,CRW,WV,AEA,CE,Combined TRACON& Tower with Radar,12,15,29,11,67,0,1,28,12,41,12,16,57,23,108,12,26,38,146
08/26/2022,CRW,WV,AEA,CE,Combined TRACON& Tower with Radar,10,13,15,17,55,0,0,21,0,21,10,13,36,17,76,42,0,42,118
08/27/2022,CRW,WV,AEA,CE,Combined TRACON& Tower with Radar,9,19,25,1,54,0,1,19,0,20,9,20,44,1,74,0,0,0,74
08/28/2022,CRW,WV,AEA,CE,Combined TRACON& Tower with Radar,13,10,13,0,36,0,0,32,0,32,13,10,45,0,68,31,0,31,99
08/29/2022,CRW,WV,AEA,CE,Combined TRACON& Tower with Radar,10,9,14,0,33,0,0,39,0,39,10,9,53,0,72,9,0,9,81
08/30/2022,CRW,WV,AEA,CE,Combined TRACON& Tower with Radar,11,14,8,6,39,0,0,4,0,4,11,14,12,6,43,2,0,2,45
08/31/2022,CRW,WV,AEA,CE,Combined TRACON& Tower with Radar,11,16,21,8,56,0,1,57,26,84,11,17,78,34,140,38,8,46,186
09/01/2022,CRW,WV,AEA,CE,Combined TRACON& Tower with Radar,10,17,13,12,52,0,0,53,0,53,10,17,66,12,105,28,4,32,137
09/02/2022,CRW,WV,AEA,CE,Combined TRACON& Tower with Radar,10,21,18,0,49,0,1,48,0,49,10,22,66,0,98,80,0,80,178
09/03/2022,CRW,WV,AEA,CE,Combined TRACON& Tower with Radar,8,14,9,0,31,0,0,31,2,33,8,14,40,2,64,12,0,12,76
09/04/2022,CRW,WV,AEA,CE,Combined TRACON& Tower with Radar,12,8,13,2,35,0,0,11,0,11,12,8,24,2,46,0,0,0,46
09/05/2022,CRW,WV,AEA,CE,Combined TRACON& Tower with Radar,9,17,12,0,38,0,0,0,0,0,9,17,12,0,38,0,0,0,38
09/06/2022,CRW,WV,AEA,CE,Combined TRACON& Tower with Radar,11,13,30,0,54,0,0,12,0,12,11,13,42,0,66,41,0,41,107
09/07/2022,CRW,WV,AEA,CE,Combined TRACON& Tower with Radar,10,15,32,28,85,0,2,36,4,42,10,17,68,32,127,128,46,174,301
09/08/2022,CRW,WV,AEA,CE,Combined TRACON& Tower with Radar,12,20,37,12,81,0,0,34,12,46,12,20,71,24,127,54,28,82,209
09/09/2022,CRW,WV,AEA,CE,Combined TRACON& Tower with Radar,10,20,44,9,83,0,2,62,0,64,10,22,106,9,147,64,10,74,221
09/10/2022,CRW,WV,AEA,CE,Combined TRACON& Tower with Radar,10,14,15,14,53,0,0,15,2,17,10,14,30,16,70,26,12,38,108
09/11/2022,CRW,WV,AEA,CE,Combined TRACON& Tower with Radar,16,18,15,9,58,0,1,17,0,18,16,19,32,9,76,18,0,18,94
09/12/2022,CRW,WV,AEA,CE,Combined TRACON& Tower with Radar,2,2,1,0,5,0,2,4,0,6,2,4,5,0,11,0,0,0,11
09/13/2022,CRW,WV,AEA,CE,Combined TRACON& Tower with Radar,0,0,0,0,0,0,1,8,2,11,0,1,8,2,11,0,0,0,11
09/14/2022,CRW,WV,AEA,CE,Combined TRACON& Tower with Radar,0,0,0,2,2,0,0,11,4,15,0,0,11,6,17,0,0,0,17
09/15/2022,CRW,WV,AEA,CE,Combined TRACON& Tower with Radar,13,13,12,3,41,0,2,52,6,60,13,15,64,9,101,42,0,42,143
09/16/2022,CRW,WV,AEA,CE,Combined TRACON& Tower with Radar,12,20,40,11,83,0,3,48,1,52,12,23,88,12,135,32,0,32,167
09/17/2022,CRW,WV,AEA,CE,Combined TRACON& Tower with Radar,12,12,14,13,51,0,0,36,0,36,12,12,50,13,87,28,0,28,115
09/18/2022,CRW,WV,AEA,CE,Combined TRACON& Tower with Radar,18,15,18,6,57,0,4,44,1,49,18,19,62,7,106,27,0,27,133
09/19/2022,CRW,WV,AEA,CE,Combined TRACON& Tower with Radar,14,14,20,8,56,0,5,41,0,46,14,19,61,8,102,96,6,102,204
09/20/2022,CRW,WV,AEA,CE,Combined TRACON& Tower with Radar,14,27,35,5,81,0,2,44,8,54,14,29,79,13,135,20,0,20,155
09/21/2022,CRW,WV,AEA,CE,Combined TRACON& Tower with Radar,14,20,32,10,76,0,0,38,30,68,14,20,70,40,144,66,12,78,222
09/22/2022,CRW,WV,AEA,CE,Combined TRACON& Tower with Radar,16,18,36,1,71,0,0,18,4,22,16,18,54,5,93,2,14,16,109
09/23/2022,CRW,WV,AEA,CE,Combined TRACON& Tower with Radar,14,18,20,2,54,0,0,40,2,42,14,18,60,4,96,71,0,71,167
09/24/2022,CRW,WV,AEA,CE,Combined TRACON& Tower with Radar,12,17,14,1,44,0,0,33,0,33,12,17,47,1,77,107,0,107,184
09/25/2022,CRW,WV,AEA,CE,Combined TRACON& Tower with Radar,16,10,8,1,35,0,1,12,2,15,16,11,20,3,50,0,0,0,50
09/26/2022,CRW,WV,AEA,CE,Combined TRACON& Tower with Radar,15,9,14,2,40,0,0,24,0,24,15,9,38,2,64,21,0,21,85
09/27/2022,CRW,WV,AEA,CE,Combined TRACON& Tower with Radar,14,19,24,4,61,0,0,36,0,36,14,19,60,4,97,30,0,30,127
09/28/2022,CRW,WV,AEA,CE,Combined TRACON& Tower with Radar,14,19,25,7,65,0,4,32,1,37,14,23,57,8,102,62,0,62,164
09/29/2022,CRW,WV,AEA,CE,Combined TRACON& Tower with Radar,14,15,16,6,51,0,1,19,2,22,14,16,35,8,73,14,0,14,87
09/30/2022,CRW,WV,AEA,CE,Combined TRACON& Tower with Radar,14,17,23,11,65,0,0,23,4,27,14,17,46,15,92,36,4,40,132
10/01/2022,CRW,WV,AEA,CE,Combined TRACON& Tower with Radar,12,12,4,5,33,0,0,0,0,0,12,12,4,5,33,0,0,0,33
10/02/2022,CRW,WV,AEA,CE,Combined TRACON& Tower with Radar,18,7,11,7,43,0,0,2,0,2,18,7,13,7,45,11,0,11,56
10/03/2022,CRW,WV,AEA,CE,Combined TRACON& Tower with Radar,14,5,23,2,44,0,0,33,0,33,14,5,56,2,77,60,0,60,137
10/04/2022,CRW,WV,AEA,CE,Combined TRACON& Tower with Radar,14,9,21,8,52,0,0,43,7,50,14,9,64,15,102,58,8,66,168
10/05/2022,CRW,WV,AEA,CE,Combined TRACON& Tower with Radar,14,12,20,12,58,0,0,48,18,66,14,12,68,30,124,110,80,190,314
10/06/2022,CRW,WV,AEA,CE,Combined TRACON& Tower with Radar,16,14,29,2,61,0,2,54,14,70,16,16,83,16,131,84,48,132,263
10/07/2022,CRW,WV,AEA,CE,Combined TRACON& Tower with Radar,14,7,27,0,48,0,0,35,0,35,14,7,62,0,83,44,0,44,127
10/08/2022,CRW,WV,AEA,CE,Combined TRACON& Tower with Radar,12,10,14,0,36,0,2,27,0,29,12,12,41,0,65,81,0,81,146
10/09/2022,CRW,WV,AEA,CE,Combined TRACON& Tower with Radar,18,6,11,2,37,0,8,29,0,37,18,14,40,2,74,28,0,28,102
10/10/2022,CRW,WV,AEA,CE,Combined TRACON& Tower with Radar,14,5,11,0,30,0,0,46,6,52,14,5,57,6,82,116,0,116,198
10/11/2022,CRW,WV,AEA,CE,Combined TRACON& Tower with Radar,14,17,26,5,62,0,2,40,26,68,14,19,66,31,130,26,25,51,181
10/12/2022,CRW,WV,AEA,CE,Combined TRACON& Tower with Radar,14,14,32,11,71,0,0,27,22,49,14,14,59,33,120,14,0,14,134
10/13/2022,CRW,WV,AEA,CE,Combined TRACON& Tower with Radar,16,20,29,14,79,0,0,23,11,34,16,20,52,25,113,82,54,136,249
10/14/2022,CRW,WV,AEA,CE,Combined TRACON& Tower with Radar,14,13,15,6,48,0,2,42,4,48,14,15,57,10,96,22,0,22,118
10/15/2022,CRW,WV,AEA,CE,Combined TRACON& Tower with Radar,12,9,12,3,36,0,2,24,3,29,12,11,36,6,65,16,0,16,81
10/16/2022,CRW,WV,AEA,CE,Combined TRACON& Tower with Radar,18,7,15,2,42,0,1,15,0,16,18,8,30,2,58,8,0,8,66
10/17/2022,CRW,WV,AEA,CE,Combined TRACON& Tower with Radar,14,7,28,4,53,0,0,35,2,37,14,7,63,6,90,33,0,33,123
10/18/2022,CRW,WV,AEA,CE,Combined TRACON& Tower with Radar,14,16,16,12,58,0,0,2,12,14,14,16,18,24,72,36,46,82,154
10/19/2022,CRW,WV,AEA,CE,Combined TRACON& Tower with Radar,14,10,18,9,51,0,1,25,4,30,14,11,43,13,81,56,0,56,137
10/20/2022,CRW,WV,AEA,CE,Combined TRACON& Tower with Radar,16,13,22,5,56,0,2,30,22,54,16,15,52,27,110,32,60,92,202
10/21/2022,CRW,WV,AEA,CE,Combined TRACON& Tower with Radar,14,11,23,4,52,0,2,38,0,40,14,13,61,4,92,48,0,48,140
10/22/2022,CRW,WV,AEA,CE,Combined TRACON& Tower with Radar,14,9,20,3,46,0,1,40,3,44,14,10,60,6,90,24,6,30,120
10/23/2022,CRW,WV,AEA,CE,Combined TRACON& Tower with Radar,18,6,6,2,32,0,0,35,0,35,18,6,41,2,67,52,0,52,119
10/24/2022,CRW,WV,AEA,CE,Combined TRACON& Tower with Radar,14,9,22,2,47,0,2,45,0,47,14,11,67,2,94,77,0,77,171
10/25/2022,CRW,WV,AEA,CE,Combined TRACON& Tower with Radar,14,17,37,23,91,0,1,46,29,76,14,18,83,52,167,26,30,56,223
10/26/2022,CRW,WV,AEA,CE,Combined TRACON& Tower with Radar,14,17,17,24,72,0,3,16,11,30,14,20,33,35,102,36,34,70,172
10/27/2022,CRW,WV,AEA,CE,Combined TRACON& Tower with Radar,16,17,27,9,69,0,2,32,2,36,16,19,59,11,105,0,10,10,115
10/28/2022,CRW,WV,AEA,CE,Combined TRACON& Tower with Radar,17,17,16,11,61,0,0,44,7,51,17,17,60,18,112,24,14,38,150
10/29/2022,CRW,WV,AEA,CE,Combined TRACON& Tower with Radar,10,12,15,0,37,0,1,33,0,34,10,13,48,0,71,12,0,12,83
10/30/2022,CRW,WV,AEA,CE,Combined TRACON& Tower with Radar,16,10,11,2,39,0,0,30,0,30,16,10,41,2,69,6,0,6,75
10/31/2022,CRW,WV,AEA,CE,Combined TRACON& Tower with Radar,8,7,17,4,36,0,0,2,0,2,8,7,19,4,38,0,0,0,38
11/01/2022,CRW,WV,AEA,CE,Combined TRACON& Tower with Radar,14,11,16,10,51,0,2,23,0,25,14,13,39,10,76,14,0,14,90
11/02/2022,CRW,WV,AEA,CE,Combined TRACON& Tower with Radar,13,17,17,20,67,0,0,24,29,53,13,17,41,49,120,20,56,76,196
11/03/2022,CRW,WV,AEA,CE,Combined TRACON& Tower with Radar,18,15,16,12,61,0,0,53,12,65,18,15,69,24,126,60,58,118,244
11/04/2022,CRW,WV,AEA,CE,Combined TRACON& Tower with Radar,14,8,19,2,43,0,0,40,1,41,14,8,59,3,84,6,0,6,90
11/05/2022,CRW,WV,AEA,CE,Combined TRACON& Tower with Radar,11,13,9,2,35,0,0,17,6,23,11,13,26,8,58,0,0,0,58
11/06/2022,CRW,WV,AEA,CE,Combined TRACON& Tower with Radar,17,7,22,6,52,0,0,12,2,14,17,7,34,8,66,0,0,0,66
11/07/2022,CRW,WV,AEA,CE,Combined TRACON& Tower with Radar,12,12,21,11,56,0,1,44,3,48,12,13,65,14,104,15,0,15,119
11/08/2022,CRW,WV,AEA,CE,Combined TRACON& Tower with Radar,17,12,17,3,49,0,0,55,6,61,17,12,72,9,110,25,12,37,147
11/09/2022,CRW,WV,AEA,CE,Combined TRACON& Tower with Radar,14,15,21,9,59,0,1,71,15,87,14,16,92,24,146,98,18,116,262
11/10/2022,CRW,WV,AEA,CE,Combined TRACON& Tower with Radar,14,15,22,5,56,0,1,58,2,61,14,16,80,7,117,20,0,20,137
11/11/2022,CRW,WV,AEA,CE,Combined TRACON& Tower with Radar,17,12,6,0,35,0,0,0,0,0,17,12,6,0,35,0,0,0,35
11/12/2022,CRW,WV,AEA,CE,Combined TRACON& Tower with Radar,10,13,5,1,29,0,0,0,0,0,10,13,5,1,29,0,0,0,29
11/13/2022,CRW,WV,AEA,CE,Combined TRACON& Tower with Radar,17,8,2,0,27,0,0,5,0,5,17,8,7,0,32,0,0,0,32
11/14/2022,CRW,WV,AEA,CE,Combined TRACON& Tower with Radar,16,13,12,1,42,0,0,50,3,53,16,13,62,4,95,10,0,10,105
11/15/2022,CRW,WV,AEA,CE,Combined TRACON& Tower with Radar,14,12,7,3,36,0,0,4,0,4,14,12,11,3,40,0,0,0,40
11/16/2022,CRW,WV,AEA,CE,Combined TRACON& Tower with Radar,14,13,4,6,37,0,0,8,2,10,14,13,12,8,47,16,0,16,63
11/17/2022,CRW,WV,AEA,CE,Combined TRACON& Tower with Radar,16,13,11,16,56,0,1,26,17,44,16,14,37,33,100,68,50,118,218
11/18/2022,CRW,WV,AEA,CE,Combined TRACON& Tower with Radar,14,13,23,1,51,0,1,48,0,49,14,14,71,1,100,30,0,30,130
11/19/2022,CRW,WV,AEA,CE,Combined TRACON& Tower with Radar,10,13,18,0,41,0,0,48,0,48,10,13,66,0,89,40,0,40,129
11/20/2022,CRW,WV,AEA,CE,Combined TRACON& Tower with Radar,17,8,2,0,27,0,0,27,0,27,17,8,29,0,54,11,0,11,65
11/21/2022,CRW,WV,AEA,CE,Combined TRACON& Tower with Radar,13,9,12,8,42,0,0,58,0,58,13,9,70,8,100,38,14,52,152
11/22/2022,CRW,WV,AEA,CE,Combined TRACON& Tower with Radar,12,18,19,2,51,0,0,60,0,60,12,18,79,2,111,60,0,60,171
11/23/2022,CRW,WV,AEA,CE,Combined TRACON& Tower with Radar,14,14,11,0,39,0,1,32,0,33,14,15,43,0,72,24,0,24,96
11/24/2022,CRW,WV,AEA,CE,Combined TRACON& Tower with Radar,10,9,7,0,26,0,2,20,0,22,10,11,27,0,48,8,0,8,56
11/25/2022,CRW,WV,AEA,CE,Combined TRACON& Tower with Radar,12,15,7,0,34,0,0,6,0,6,12,15,13,0,40,18,0,18,58
11/26/2022,CRW,WV,AEA,CE,Combined TRACON& Tower with Radar,10,14,7,0,31,0,1,23,0,24,10,15,30,0,55,18,0,18,73
11/27/2022,CRW,WV,AEA,CE,Combined TRACON& Tower with Radar,20,12,5,0,37,0,0,7,0,7,20,12,12,0,44,0,0,0,44
11/28/2022,CRW,WV,AEA,CE,Combined TRACON& Tower with Radar,14,9,12,0,35,0,0,8,0,8,14,9,20,0,43,18,0,18,61
11/29/2022,CRW,WV,AEA,CE,Combined TRACON& Tower with Radar,12,16,13,17,58,0,0,41,13,54,12,16,54,30,112,14,16,30,142
11/30/2022,CRW,WV,AEA,CE,Combined TRACON& Tower with Radar,12,10,7,4,33,0,0,4,4,8,12,10,11,8,41,4,0,4,45
12/01/2022,CRW,WV,AEA,CE,Combined TRACON& Tower with Radar,16,14,20,16,66,0,0,43,27,70,16,14,63,43,136,32,50,82,218
12/02/2022,CRW,WV,AEA,CE,Combined TRACON& Tower with Radar,14,20,19,2,55,0,0,41,0,41,14,20,60,2,96,12,0,12,108
12/03/2022,CRW,WV,AEA,CE,Combined TRACON& Tower with Radar,10,12,6,4,32,0,0,2,4,6,10,12,8,8,38,0,0,0,38
12/04/2022,CRW,WV,AEA,CE,Combined TRACON& Tower with Radar,18,10,6,2,36,0,1,49,7,57,18,11,55,9,93,65,0,65,158
12/05/2022,CRW,WV,AEA,CE,Combined TRACON& Tower with Radar,14,9,17,2,42,0,2,59,2,63,14,11,76,4,105,27,0,27,132
12/06/2022,CRW,WV,AEA,CE,Combined TRACON& Tower with Radar,12,21,7,5,45,0,0,7,0,7,12,21,14,5,52,38,0,38,90
12/07/2022,CRW,WV,AEA,CE,Combined TRACON& Tower with Radar,12,21,12,30,75,0,0,3,0,3,12,21,15,30,78,10,0,10,88
12/08/2022,CRW,WV,AEA,CE,Combined TRACON& Tower with Radar,16,12,16,32,76,0,0,4,2,6,16,12,20,34,82,0,0,0,82
12/09/2022,CRW,WV,AEA,CE,Combined TRACON& Tower with Radar,14,13,21,0,48,0,1,13,0,14,14,14,34,0,62,0,0,0,62
12/10/2022,CRW,WV,AEA,CE,Combined TRACON& Tower with Radar,10,11,18,0,39,0,0,13,0,13,10,11,31,0,52,66,0,66,118
12/11/2022,CRW,WV,AEA,CE,Combined TRACON& Tower with Radar,18,13,7,1,39,0,0,1,0,1,18,13,8,1,40,0,0,0,40
12/12/2022,CRW,WV,AEA,CE,Combined TRACON& Tower with Radar,14,12,21,2,49,0,0,52,0,52,14,12,73,2,101,72,0,72,173
12/13/2022,CRW,WV,AEA,CE,Combined TRACON& Tower with Radar,12,16,16,10,54,0,0,73,3,76,12,16,89,13,130,82,8,90,220
12/14/2022,CRW,WV,AEA,CE,Combined TRACON& Tower with Radar,12,15,26,12,65,0,0,18,0,18,12,15,44,12,83,66,4,70,153
12/15/2022,CRW,WV,AEA,CE,Combined TRACON& Tower with Radar,14,13,19,7,53,0,0,6,3,9,14,13,25,10,62,6,0,6,68
12/16/2022,CRW,WV,AEA,CE,Combined TRACON& Tower with Radar,11,16,9,2,38,0,1,18,10,29,11,17,27,12,67,32,0,32,99
12/17/2022,CRW,WV,AEA,CE,Combined TRACON& Tower with Radar,8,15,5,4,32,0,0,8,10,18,8,15,13,14,50,18,0,18,68
12/18/2022,CRW,WV,AEA,CE,Combined TRACON& Tower with Radar,12,10,2,0,24,0,12,1,0,13,12,22,3,0,37,18,0,18,55
12/19/2022,CRW,WV,AEA,CE,Combined TRACON& Tower with Radar,8,20,8,1,37,0,12,28,6,46,8,32,36,7,83,48,0,48,131
12/20/2022,CRW,WV,AEA,CE,Combined TRACON& Tower with Radar,10,14,30,6,60,0,15,29,10,54,10,29,59,16,114,42,0,42,156
12/21/2022,CRW,WV,AEA,CE,Combined TRACON& Tower with Radar,8,22,14,6,50,0,7,23,11,41,8,29,37,17,91,4,40,44,135
12/22/2022,CRW,WV,AEA,CE,Combined TRACON& Tower with Radar,10,18,8,0,36,0,1,0,0,1,10,19,8,0,37,0,0,0,37
12/23/2022,CRW,WV,AEA,CE,Combined TRACON& Tower with Radar,0,1,5,0,6,0,0,0,0,0,0,1,5,0,6,0,0,0,6
12/24/2022,CRW,WV,AEA,CE,Combined TRACON& Tower with Radar,10,8,1,0,19,0,0,2,0,2,10,8,3,0,21,0,0,0,21
12/25/2022,CRW,WV,AEA,CE,Combined TRACON& Tower with Radar,10,7,2,0,19,0,0,2,0,2,10,7,4,0,21,0,0,0,21
12/26/2022,CRW,WV,AEA,CE,Combined TRACON& Tower with Radar,8,10,7,0,25,0,1,6,0,7,8,11,13,0,32,0,0,0,32
12/27/2022,CRW,WV,AEA,CE,Combined TRACON& Tower with Radar,8,12,13,0,33,0,1,4,0,5,8,13,17,0,38,0,0,0,38
12/28/2022,CRW,WV,AEA,CE,Combined TRACON& Tower with Radar,8,13,10,1,32,0,1,10,0,11,8,14,20,1,43,6,0,6,49
12/29/2022,CRW,WV,AEA,CE,Combined TRACON& Tower with Radar,10,14,8,5,37,0,8,20,1,29,10,22,28,6,66,24,0,24,90
12/30/2022,CRW,WV,AEA,CE,Combined TRACON& Tower with Radar,8,15,13,0,36,0,1,29,0,30,8,16,42,0,66,20,0,20,86
12/31/2022,CRW,WV,AEA,CE,Combined TRACON& Tower with Radar,6,15,2,0,23,0,0,0,0,0,6,15,2,0,23,0,0,0,23
01/01/2023,CRW,WV,AEA,CE,Combined TRACON& Tower with Radar,8,8,3,0,19,0,0,0,0,0,8,8,3,0,19,18,0,18,37
01/02/2023,CRW,WV,AEA,CE,Combined TRACON& Tower with Radar,8,9,14,0,31,0,0,15,0,15,8,9,29,0,46,20,0,20,66
01/03/2023,CRW,WV,AEA,CE,Combined TRACON& Tower with Radar,10,10,5,0,25,0,0,2,0,2,10,10,7,0,27,0,0,0,27
01/04/2023,CRW,WV,AEA,CE,Combined TRACON& Tower with Radar,8,12,9,8,37,0,4,7,2,13,8,16,16,10,50,8,4,12,62
01/05/2023,CRW,WV,AEA,CE,Combined TRACON& Tower with Radar,10,16,18,9,53,0,10,24,4,38,10,26,42,13,91,58,10,68,159
01/06/2023,CRW,WV,AEA,CE,Combined TRACON& Tower with Radar,8,19,11,20,58,0,4,9,20,33,8,23,20,40,91,43,56,99,190
01/07/2023,CRW,WV,AEA,CE,Combined TRACON& Tower with Radar,8,11,15,6,40,0,10,37,6,53,8,21,52,12,93,32,0,32,125
01/08/2023,CRW,WV,AEA,CE,Combined TRACON& Tower with Radar,13,14,4,4,35,0,9,1,3,13,13,23,5,7,48,64,0,64,112
01/09/2023,CRW,WV,AEA,CE,Combined TRACON& Tower with Radar,12,16,14,7,49,0,12,13,3,28,12,28,27,10,77,44,0,44,121
01/10/2023,CRW,WV,AEA,CE,Combined TRACON& Tower with Radar,14,16,18,3,51,0,23,35,10,68,14,39,53,13,119,103,28,131,250
01/11/2023,CRW,WV,AEA,CE,Combined TRACON& Tower with Radar,14,19,20,19,72,0,6,16,13,35,14,25,36,32,107,64,42,106,213
01/12/2023,CRW,WV,AEA,CE,Combined TRACON& Tower with Radar,12,10,6,13,41,0,2,3,4,9,12,12,9,17,50,2,2,4,54
01/13/2023,CRW,WV,AEA,CE,Combined TRACON& Tower with Radar,14,14,6,0,34,0,0,0,0,0,14,14,6,0,34,0,0,0,34
01/14/2023,CRW,WV,AEA,CE,Combined TRACON& Tower with Radar,12,11,4,2,29,0,4,11,0,15,12,15,15,2,44,12,0,12,56
01/15/2023,CRW,WV,AEA,CE,Combined TRACON& Tower with Radar,16,10,16,2,44,0,13,68,1,82,16,23,84,3,126,110,0,110,236
01/16/2023,CRW,WV,AEA,CE,Combined TRACON& Tower with Radar,14,9,18,1,42,0,0,32,0,32,14,9,50,1,74,20,0,20,94
01/17/2023,CRW,WV,AEA,CE,Combined TRACON& Tower with Radar,16,30,14,3,63,0,4,4,1,9,16,34,18,4,72,42,0,42,114
01/18/2023,CRW,WV,AEA,CE,Combined TRACON& Tower with Radar,14,19,11,1,45,0,22,18,4,44,14,41,29,5,89,102,4,106,195
01/19/2023,CRW,WV,AEA,CE,Combined TRACON& Tower with Radar,16,9,15,6,46,0,5,4,5,14,16,14,19,11,60,0,20,20,80
01/20/2023,CRW,WV,AEA,CE,Combined TRACON& Tower with Radar,14,14,5,6,39,0,0,2,0,2,14,14,7,6,41,4,0,4,45
01/21/2023,CRW,WV,AEA,CE,Combined TRACON& Tower with Radar,14,9,10,2,35,0,2,15,0,17,14,11,25,2,52,26,0,26,78
01/22/2023,CRW,WV,AEA,CE,Combined TRACON& Tower with Radar,20,7,5,0,32,0,0,0,0,0,20,7,5,0,32,0,0,0,32
01/23/2023,CRW,WV,AEA,CE,Combined TRACON& Tower with Radar,14,12,7,1,34,0,0,0,0,0,14,12,7,1,34,0,0,0,34
01/24/2023,CRW,WV,AEA,CE,Combined TRACON& Tower with Radar,16,15,27,11,69,0,31,45,14,90,16,46,72,25,159,94,6,100,259
01/25/2023,CRW,WV,AEA,CE,Combined TRACON& Tower with Radar,18,9,3,2,32,0,15,1,0,16,18,24,4,2,48,0,0,0,48
01/26/2023,CRW,WV,AEA,CE,Combined TRACON& Tower with Radar,16,13,6,5,40,0,0,0,0,0,16,13,6,5,40,0,6,6,46
01/27/2023,CRW,WV,AEA,CE,Combined TRACON& Tower with Radar,14,16,13,3,46,0,16,12,1,29,14,32,25,4,75,84,0,84,159
01/28/2023,CRW,WV,AEA,CE,Combined TRACON& Tower with Radar,12,8,22,0,42,0,13,52,13,78,12,21,74,13,120,98,0,98,218
01/29/2023,CRW,WV,AEA,CE,Combined TRACON& Tower with Radar,18,7,2,0,27,0,0,0,0,0,18,7,2,0,27,0,0,0,27
01/30/2023,CRW,WV,AEA,CE,Combined TRACON& Tower with Radar,14,12,15,3,44,0,2,3,0,5,14,14,18,3,49,0,0,0,49
01/31/2023,CRW,WV,AEA,CE,Combined TRACON& Tower with Radar,16,9,9,2,36,0,0,0,0,0,16,9,9,2,36,0,0,0,36
02/01/2023,CRW,WV,AEA,CE,Combined TRACON& Tower with Radar,12,16,18,17,63,0,15,18,13,46,12,31,36,30,109,94,52,146,255
02/02/2023,CRW,WV,AEA,CE,Combined TRACON& Tower with Radar,14,11,18,13,56,0,13,14,3,30,14,24,32,16,86,64,12,76,162
02/03/2023,CRW,WV,AEA,CE,Combined TRACON& Tower with Radar,12,10,13,17,52,0,14,12,16,42,12,24,25,33,94,30,0,30,124
02/04/2023,CRW,WV,AEA,CE,Combined TRACON& Tower with Radar,12,8,19,6,45,0,12,58,14,84,12,20,77,20,129,64,24,88,217
02/05/2023,CRW,WV,AEA,CE,Combined TRACON& Tower with Radar,16,6,10,4,36,0,10,16,4,30,16,16,26,8,66,76,0,76,142
02/06/2023,CRW,WV,AEA,CE,Combined TRACON& Tower with Radar,11,5,8,12,36,0,14,13,2,29,11,19,21,14,65,12,0,12,77
02/07/2023,CRW,WV,AEA,CE,Combined TRACON& Tower with Radar,13,14,14,13,54,0,18,30,23,71,13,32,44,36,125,50,34,84,209
02/08/2023,CRW,WV,AEA,CE,Combined TRACON& Tower with Radar,12,15,13,25,65,0,20,14,13,47,12,35,27,38,112,20,42,62,174
02/09/2023,CRW,WV,AEA,CE,Combined TRACON& Tower with Radar,13,9,2,3,27,0,5,4,14,23,13,14,6,17,50,0,28,28,78
02/10/2023,CRW,WV,AEA,CE,Combined TRACON& Tower with Radar,13,12,7,0,32,0,21,12,8,41,13,33,19,8,73,8,0,8,81
02/11/2023,CRW,WV,AEA,CE,Combined TRACON& Tower with Radar,14,12,18,1,45,0,16,48,11,75,14,28,66,12,120,44,0,44,164
02/12/2023,CRW,WV,AEA,CE,Combined TRACON& Tower with Radar,14,8,8,3,33,0,2,9,0,11,14,10,17,3,44,26,0,26,70
02/13/2023,CRW,WV,AEA,CE,Combined TRACON& Tower with Radar,13,9,17,18,57,0,7,26,7,40,13,16,43,25,97,28,0,28,125
02/14/2023,CRW,WV,AEA,CE,Combined TRACON& Tower with Radar,15,13,9,16,53,0,24,31,12,67,15,37,40,28,120,93,4,97,217
02/15/2023,CRW,WV,AEA,CE,Combined TRACON& Tower with Radar,10,15,17,8,50,0,20,15,7,42,10,35,32,15,92,83,24,107,199
02/16/2023,CRW,WV,AEA,CE,Combined TRACON& Tower with Radar,13,18,3,2,36,0,0,0,0,0,13,18,3,2,36,0,0,0,36
02/17/2023,CRW,WV,AEA,CE,Combined TRACON& Tower with Radar,16,18,4,3,41,0,0,2,0,2,16,18,6,3,43,0,0,0,43
02/18/2023,CRW,WV,AEA,CE,Combined TRACON& Tower with Radar,11,11,17,1,40,0,8,28,4,40,11,19,45,5,80,130,0,130,210
02/19/2023,CRW,WV,AEA,CE,Combined TRACON& Tower with Radar,14,14,15,4,47,0,8,34,4,46,14,22,49,8,93,83,0,83,176
02/20/2023,CRW,WV,AEA,CE,Combined TRACON& Tower with Radar,14,14,16,0,44,0,15,11,3,29,14,29,27,3,73,96,0,96,169
02/21/2023,CRW,WV,AEA,CE,Combined TRACON& Tower with Radar,16,18,24,11,69,0,4,24,1,29,16,22,48,12,98,119,0,119,217
02/22/2023,CRW,WV,AEA,CE,Combined TRACON& Tower with Radar,13,20,13,24,70,0,21,13,15,49,13,41,26,39,119,82,26,108,227
02/23/2023,CRW,WV,AEA,CE,Combined TRACON& Tower with Radar,17,27,2,14,60,0,15,7,20,42,17,42,9,34,102,59,8,67,169
02/24/2023,CRW,WV,AEA,CE,Combined TRACON& Tower with Radar,14,16,31,7,68,0,5,33,1,39,14,21,64,8,107,18,0,18,125
02/25/2023,CRW,WV,AEA,CE,Combined TRACON& Tower with Radar,12,14,6,0,32,0,1,0,0,1,12,15,6,0,33,0,0,0,33
02/26/2023,CRW,WV,AEA,CE,Combined TRACON& Tower with Radar,22,11,14,2,49,0,6,9,0,15,22,17,23,2,64,68,0,68,132
02/27/2023,CRW,WV,AEA,CE,Combined TRACON& Tower with Radar,13,14,9,0,36,0,0,0,0,0,13,14,9,0,36,26,0,26,62
02/28/2023,CRW,WV,AEA,CE,Combined TRACON& Tower with Radar,17,18,19,13,67,0,24,40,14,78,17,42,59,27,145,142,0,142,287
03/01/2023,CRW,WV,AEA,CE,Combined TRACON& Tower with Radar,14,20,40,1,75,0,29,49,19,97,14,49,89,20,172,36,30,66,238
03/02/2023,CRW,WV,AEA,CE,Combined TRACON& Tower with Radar,16,13,20,8,57,0,10,37,14,61,16,23,57,22,118,36,10,46,164
03/03/2023,CRW,WV,AEA,CE,Combined TRACON& Tower with Radar,11,10,12,0,33,0,0,2,0,2,11,10,14,0,35,0,0,0,35
03/04/2023,CRW,WV,AEA,CE,Combined TRACON& Tower with Radar,11,18,5,3,37,0,3,19,3,25,11,21,24,6,62,28,0,28,90
03/05/2023,CRW,WV,AEA,CE,Combined TRACON& Tower with Radar,18,6,15,4,43,0,21,52,2,75,18,27,67,6,118,104,0,104,222
03/06/2023,CRW,WV,AEA,CE,Combined TRACON& Tower with Radar,16,14,7,6,43,0,24,36,2,62,16,38,43,8,105,72,0,72,177
03/07/2023,CRW,WV,AEA,CE,Combined TRACON& Tower with Radar,13,19,14,7,53,0,10,23,0,33,13,29,37,7,86,64,8,72,158
03/08/2023,CRW,WV,AEA,CE,Combined TRACON& Tower with Radar,13,10,22,7,52,0,6,57,14,77,13,16,79,21,129,52,16,68,197
03/09/2023,CRW,WV,AEA,CE,Combined TRACON& Tower with Radar,16,15,19,9,59,0,19,34,13,66,16,34,53,22,125,245,46,291,416
03/10/2023,CRW,WV,AEA,CE,Combined TRACON& Tower with Radar,14,12,9,1,36,0,0,1,0,1,14,12,10,1,37,0,0,0,37
03/11/2023,CRW,WV,AEA,CE,Combined TRACON& Tower with Radar,14,11,8,0,33,0,0,11,0,11,14,11,19,0,44,6,0,6,50
03/12/2023,CRW,WV,AEA,CE,Combined TRACON& Tower with Radar,14,13,3,1,31,0,0,0,0,0,14,13,3,1,31,0,0,0,31
03/13/2023,CRW,WV,AEA,CE,Combined TRACON& Tower with Radar,13,8,6,1,28,0,0,0,0,0,13,8,6,1,28,0,0,0,28
03/14/2023,CRW,WV,AEA,CE,Combined TRACON& Tower with Radar,15,12,14,5,46,0,0,6,0,6,15,12,20,5,52,0,0,0,52
03/15/2023,CRW,WV,AEA,CE,Combined TRACON& Tower with Radar,14,10,20,9,53,0,15,33,17,65,14,25,53,26,118,123,18,141,259
03/16/2023,CRW,WV,AEA,CE,Combined TRACON& Tower with Radar,16,19,22,2,59,0,14,26,10,50,16,33,48,12,109,8,28,36,145
03/17/2023,CRW,WV,AEA,CE,Combined TRACON& Tower with Radar,14,9,7,7,37,0,1,1,2,4,14,10,8,9,41,0,0,0,41
03/18/2023,CRW,WV,AEA,CE,Combined TRACON& Tower with Radar,14,11,4,0,29,0,12,4,2,18,14,23,8,2,47,22,0,22,69
03/19/2023,CRW,WV,AEA,CE,Combined TRACON& Tower with Radar,16,6,14,1,37,0,12,24,2,38,16,18,38,3,75,66,0,66,141
03/20/2023,CRW,WV,AEA,CE,Combined TRACON& Tower with Radar,14,19,21,9,63,0,8,44,4,56,14,27,65,13,119,46,20,66,185
03/21/2023,CRW,WV,AEA,CE,Combined TRACON& Tower with Radar,14,13,23,4,54,0,10,37,23,70,14,23,60,27,124,56,36,92,216
03/22/2023,CRW,WV,AEA,CE,Combined TRACON& Tower with Radar,15,11,6,12,44,0,4,8,4,16,15,15,14,16,60,48,0,48,108
03/23/2023,CRW,WV,AEA,CE,Combined TRACON& Tower with Radar,16,12,11,2,41,0,1,3,2,6,16,13,14,4,47,4,0,4,51
03/24/2023,CRW,WV,AEA,CE,Combined TRACON& Tower with Radar,14,11,8,6,39,0,0,0,0,0,14,11,8,6,39,0,0,0,39
03/25/2023,CRW,WV,AEA,CE,Combined TRACON& Tower with Radar,8,9,4,0,21,0,0,2,0,2,8,9,6,0,23,0,0,0,23
03/26/2023,CRW,WV,AEA,CE,Combined TRACON& Tower with Radar,13,8,18,0,39,0,9,48,0,57,13,17,66,0,96,80,0,80,176
03/27/2023,CRW,WV,AEA,CE,Combined TRACON& Tower with Radar,15,11,12,6,44,0,12,3,4,19,15,23,15,10,63,46,6,52,115
03/28/2023,CRW,WV,AEA,CE,Combined TRACON& Tower with Radar,14,13,11,12,50,0,6,12,1,19,14,19,23,13,69,34,0,34,103
03/29/2023,CRW,WV,AEA,CE,Combined TRACON& Tower with Radar,14,9,13,10,46,0,12,37,6,55,14,21,50,16,101,57,0,57,158
03/30/2023,CRW,WV,AEA,CE,Combined TRACON& Tower with Radar,16,16,30,1,63,0,12,35,1,48,16,28,65,2,111,48,0,48,159
03/31/2023,CRW,WV,AEA,CE,Combined TRACON& Tower with Radar,14,8,5,3,30,0,4,2,0,6,14,12,7,3,36,0,0,0,36
04/01/2023,CRW,WV,AEA,CE,Combined TRACON& Tower with Radar,11,7,4,6,28,0,0,0,0,0,11,7,4,6,28,0,0,0,28
04/02/2023,CRW,WV,AEA,CE,Combined TRACON& Tower with Radar,16,12,17,3,48,0,6,28,0,34,16,18,45,3,82,80,0,80,162
04/03/2023,CRW,WV,AEA,CE,Combined TRACON& Tower with Radar,14,9,10,3,36,0,10,32,1,43,14,19,42,4,79,50,0,50,129
04/04/2023,CRW,WV,AEA,CE,Combined TRACON& Tower with Radar,16,26,18,2,62,0,9,29,0,38,16,35,47,2,100,58,0,58,158
04/05/2023,CRW,WV,AEA,CE,Combined TRACON& Tower with Radar,15,24,11,6,56,0,8,9,0,17,15,32,20,6,73,18,0,18,91
04/06/2023,CRW,WV,AEA,CE,Combined TRACON& Tower with Radar,16,16,18,12,62,0,1,4,6,11,16,17,22,18,73,6,0,6,79
04/07/2023,CRW,WV,AEA,CE,Combined TRACON& Tower with Radar,14,18,17,0,49,0,14,22,2,38,14,32,39,2,87,58,0,58,145
04/08/2023,CRW,WV,AEA,CE,Combined TRACON& Tower with Radar,13,8,8,0,29,0,12,31,0,43,13,20,39,0,72,90,0,90,162
04/09/2023,CRW,WV,AEA,CE,Combined TRACON& Tower with Radar,16,13,3,0,32,0,3,18,0,21,16,16,21,0,53,42,0,42,95
04/10/2023,CRW,WV,AEA,CE,Combined TRACON& Tower with Radar,16,11,10,2,39,0,23,31,2,56,16,34,41,4,95,44,0,44,139
04/11/2023,CRW,WV,AEA,CE,Combined TRACON& Tower with Radar,17,8,13,5,43,0,28,41,15,84,17,36,54,20,127,79,24,103,230
04/12/2023,CRW,WV,AEA,CE,Combined TRACON& Tower with Radar,14,13,11,7,45,0,20,24,1,45,14,33,35,8,90,109,0,109,199
04/13/2023,CRW,WV,AEA,CE,Combined TRACON& Tower with Radar,17,13,24,8,62,0,25,24,14,63,17,38,48,22,125,179,30,209,334
04/14/2023,CRW,WV,AEA,CE,Combined TRACON& Tower with Radar,13,10,19,1,43,0,5,16,0,21,13,15,35,1,64,8,0,8,72
04/15/2023,CRW,WV,AEA,CE,Combined TRACON& Tower with Radar,13,18,26,10,67,0,1,27,5,33,13,19,53,15,100,0,0,0,100
04/16/2023,CRW,WV,AEA,CE,Combined TRACON& Tower with Radar,20,7,12,2,41,0,3,15,0,18,20,10,27,2,59,14,0,14,73
04/17/2023,CRW,WV,AEA,CE,Combined TRACON& Tower with Radar,14,11,13,2,40,0,4,14,4,22,14,15,27,6,62,12,0,12,74
04/18/2023,CRW,WV,AEA,CE,Combined TRACON& Tower with Radar,18,16,25,6,65,0,9,35,14,58,18,25,60,20,123,21,6,27,150
04/19/2023,CRW,WV,AEA,CE,Combined TRACON& Tower with Radar,14,15,21,20,70,0,29,35,26,90,14,44,56,46,160,171,48,219,379
04/20/2023,CRW,WV,AEA,CE,Combined TRACON& Tower with Radar,18,7,29,13,67,0,15,33,27,75,18,22,62,40,142,84,8,92,234
04/21/2023,CRW,WV,AEA,CE,Combined TRACON& Tower with Radar,14,17,20,11,62,0,9,14,14,37,14,26,34,25,99,49,0,49,148
04/22/2023,CRW,WV,AEA,CE,Combined TRACON& Tower with Radar,14,16,8,0,38,0,5,3,0,8,14,21,11,0,46,46,0,46,92
04/23/2023,CRW,WV,AEA,CE,Combined TRACON& Tower with Radar,18,11,13,0,42,0,5,12,0,17,18,16,25,0,59,16,0,16,75
04/24/2023,CRW,WV,AEA,CE,Combined TRACON& Tower with Radar,14,16,20,17,67,0,19,23,1,43,14,35,43,18,110,86,0,86,196
04/25/2023,CRW,WV,AEA,CE,Combined TRACON& Tower with Radar,18,9,29,19,75,0,23,59,1,83,18,32,88,20,158,106,0,106,264
04/26/2023,CRW,WV,AEA,CE,Combined TRACON& Tower with Radar,14,23,22,2,61,0,31,31,10,72,14,54,53,12,133,64,80,144,277
04/27/2023,CRW,WV,AEA,CE,Combined TRACON& Tower with Radar,16,24,29,17,86,0,12,42,8,62,16,36,71,25,148,42,84,126,274
04/28/2023,CRW,WV,AEA,CE,Combined TRACON& Tower with Radar,14,8,11,0,33,0,1,5,0,6,14,9,16,0,39,57,0,57,96
04/29/2023,CRW,WV,AEA,CE,Combined TRACON& Tower with Radar,12,17,22,6,57,0,2,31,2,35,12,19,53,8,92,65,0,65,157
04/30/2023,CRW,WV,AEA,CE,Combined TRACON& Tower with Radar,16,9,15,2,42,0,1,5,0,6,16,10,20,2,48,28,0,28,76
05/01/2023,CRW,WV,AEA,CE,Combined TRACON& Tower with Radar,14,5,7,0,26,0,1,4,2,7,14,6,11,2,33,0,0,0,33
05/02/2023,CRW,WV,AEA,CE,Combined TRACON& Tower with Radar,16,8,11,2,37,0,2,6,21,29,16,10,17,23,66,52,0,52,118
05/03/2023,CRW,WV,AEA,CE,Combined TRACON& Tower with Radar,14,11,18,15,58,0,1,6,9,16,14,12,24,24,74,14,22,36,110
05/04/2023,CRW,WV,AEA,CE,Combined TRACON& Tower with Radar,16,15,31,17,79,0,21,30,8,59,16,36,61,25,138,140,0,140,278
05/05/2023,CRW,WV,AEA,CE,Combined TRACON& Tower with Radar,14,14,9,7,44,0,5,41,12,58,14,19,50,19,102,32,32,64,166
05/06/2023,CRW,WV,AEA,CE,Combined TRACON& Tower with Radar,12,12,5,0,29,0,8,32,8,48,12,20,37,8,77,26,0,26,103
05/07/2023,CRW,WV,AEA,CE,Combined TRACON& Tower with Radar,14,11,15,5,45,0,4,3,0,7,14,15,18,5,52,38,0,38,90
05/08/2023,CRW,WV,AEA,CE,Combined TRACON& Tower with Radar,14,19,24,18,75,0,11,17,9,37,14,30,41,27,112,44,4,48,160
05/09/2023,CRW,WV,AEA,CE,Combined TRACON& Tower with Radar,14,20,20,23,77,0,9,12,7,28,14,29,32,30,105,0,0,0,105
05/10/2023,CRW,WV,AEA,CE,Combined TRACON& Tower with Radar,14,24,18,4,60,0,20,35,10,65,14,44,53,14,125,160,44,204,329
05/11/2023,CRW,WV,AEA,CE,Combined TRACON& Tower with Radar,14,24,15,2,55,0,18,35,11,64,14,42,50,13,119,49,30,79,198
05/12/2023,CRW,WV,AEA,CE,Combined TRACON& Tower with Radar,14,15,16,13,58,0,3,20,7,30,14,18,36,20,88,24,4,28,116
05/13/2023,CRW,WV,AEA,CE,Combined TRACON& Tower with Radar,11,8,0,5,24,0,0,0,0,0,11,8,0,5,24,10,0,10,34
05/14/2023,CRW,WV,AEA,CE,Combined TRACON& Tower with Radar,15,12,13,0,40,0,0,22,1,23,15,12,35,1,63,40,0,40,103
05/15/2023,CRW,WV,AEA,CE,Combined TRACON& Tower with Radar,14,24,12,0,50,0,16,19,0,35,14,40,31,0,85,62,0,62,147
05/16/2023,CRW,WV,AEA,CE,Combined TRACON& Tower with Radar,14,13,18,10,55,0,1,5,2,8,14,14,23,12,63,0,0,0,63
05/17/2023,CRW,WV,AEA,CE,Combined TRACON& Tower with Radar,14,23,22,23,82,0,17,32,6,55,14,40,54,29,137,54,4,58,195
05/18/2023,CRW,WV,AEA,CE,Combined TRACON& Tower with Radar,14,25,28,9,76,0,15,37,6,58,14,40,65,15,134,42,8,50,184
05/19/2023,CRW,WV,AEA,CE,Combined TRACON& Tower with Radar,14,17,30,4,65,0,17,43,2,62,14,34,73,6,127,105,0,105,232
05/20/2023,CRW,WV,AEA,CE,Combined TRACON& Tower with Radar,11,9,11,1,32,0,0,3,0,3,11,9,14,1,35,14,0,14,49
05/21/2023,CRW,WV,AEA,CE,Combined TRACON& Tower with Radar,15,8,15,0,38,0,4,29,1,34,15,12,44,1,72,20,0,20,92
05/22/2023,CRW,WV,AEA,CE,Combined TRACON& Tower with Radar,14,19,18,18,69,0,13,28,11,52,14,32,46,29,121,84,12,96,217
05/23/2023,CRW,WV,AEA,CE,Combined TRACON& Tower with Radar,14,21,25,3,63,0,13,34,4,51,14,34,59,7,114,54,12,66,180
05/24/2023,CRW,WV,AEA,CE,Combined TRACON& Tower with Radar,14,26,29,9,78,0,24,36,31,91,14,50,65,40,169,90,54,144,313
05/25/2023,CRW,WV,AEA,CE,Combined TRACON& Tower with Radar,14,26,18,9,67,0,25,32,15,72,14,51,50,24,139,80,42,122,261
05/26/2023,CRW,WV,AEA,CE,Combined TRACON& Tower with Radar,14,21,19,0,54,0,19,43,0,62,14,40,62,0,116,104,0,104,220
05/27/2023,CRW,WV,AEA,CE,Combined TRACON& Tower with Radar,10,14,10,2,36,0,10,17,0,27,10,24,27,2,63,21,8,29,92
05/28/2023,CRW,WV,AEA,CE,Combined TRACON& Tower with Radar,12,14,9,2,37,0,0,3,0,3,12,14,12,2,40,28,0,28,68
05/29/2023,CRW,WV,AEA,CE,Combined TRACON& Tower with Radar,14,8,3,0,25,0,0,0,0,0,14,8,3,0,25,10,0,10,35
05/30/2023,CRW,WV,AEA,CE,Combined TRACON& Tower with Radar,14,19,31,9,73,0,15,29,3,47,14,34,60,12,120,85,0,85,205
05/31/2023,CRW,WV,AEA,CE,Combined TRACON& Tower with Radar,18,28,18,3,67,0,20,23,7,50,18,48,41,10,117,46,0,46,163
06/01/2023,CRW,WV,AEA,CE,Combined TRACON& Tower with Radar,16,30,10,10,66,0,12,39,11,62,16,42,49,21,128,82,20,102,230
06/02/2023,CRW,WV,AEA,CE,Combined TRACON& Tower with Radar,16,23,19,10,68,0,11,28,13,52,16,34,47,23,120,84,44,128,248
06/03/2023,CRW,WV,AEA,CE,Combined TRACON& Tower with Radar,17,11,15,6,49,0,2,14,3,19,17,13,29,9,68,10,0,10,78
06/04/2023,CRW,WV,AEA,CE,Combined TRACON& Tower with Radar,17,10,13,6,46,0,2,17,3,22,17,12,30,9,68,76,0,76,144
06/05/2023,CRW,WV,AEA,CE,Combined TRACON& Tower with Radar,15,17,17,9,58,0,15,23,4,42,15,32,40,13,100,50,2,52,152
06/06/2023,CRW,WV,AEA,CE,Combined TRACON& Tower with Radar,15,24,11,7,57,0,17,15,5,37,15,41,26,12,94,90,6,96,190
06/07/2023,CRW,WV,AEA,CE,Combined TRACON& Tower with Radar,20,22,26,11,79,0,13,30,17,60,20,35,56,28,139,88,64,152,291
06/08/2023,CRW,WV,AEA,CE,Combined TRACON& Tower with Radar,18,19,23,9,69,0,8,32,10,50,18,27,55,19,119,38,20,58,177
06/09/2023,CRW,WV,AEA,CE,Combined TRACON& Tower with Radar,16,25,16,8,65,0,11,31,2,44,16,36,47,10,109,90,0,90,199
06/10/2023,CRW,WV,AEA,CE,Combined TRACON& Tower with Radar,18,17,12,2,49,0,4,20,17,41,18,21,32,19,90,54,32,86,176
06/11/2023,CRW,WV,AEA,CE,Combined TRACON& Tower with Radar,18,9,4,4,35,0,1,14,0,15,18,10,18,4,50,30,0,30,80
06/12/2023,CRW,WV,AEA,CE,Combined TRACON& Tower with Radar,16,11,10,4,41,0,3,5,0,8,16,14,15,4,49,116,0,116,165
06/13/2023,CRW,WV,AEA,CE,Combined TRACON& Tower with Radar,16,13,12,15,56,0,16,26,3,45,16,29,38,18,101,50,8,58,159
06/14/2023,CRW,WV,AEA,CE,Combined TRACON& Tower with Radar,21,32,15,9,77,0,7,24,11,42,21,39,39,20,119,36,50,86,205
06/15/2023,CRW,WV,AEA,CE,Combined TRACON& Tower with Radar,15,28,26,8,77,0,7,37,10,54,15,35,63,18,131,87,0,87,218
06/16/2023,CRW,WV,AEA,CE,Combined TRACON& Tower with Radar,16,19,14,10,59,0,6,13,5,24,16,25,27,15,83,80,0,80,163
06/17/2023,CRW,WV,AEA,CE,Combined TRACON& Tower with Radar,17,31,10,0,58,0,4,12,2,18,17,35,22,2,76,20,0,20,96
06/18/2023,CRW,WV,AEA,CE,Combined TRACON& Tower with Radar,17,17,18,0,52,0,8,23,2,33,17,25,41,2,85,99,0,99,184
06/19/2023,CRW,WV,AEA,CE,Combined TRACON& Tower with Radar,16,16,7,0,39,0,0,19,0,19,16,16,26,0,58,14,0,14,72
06/20/2023,CRW,WV,AEA,CE,Combined TRACON& Tower with Radar,15,15,21,4,55,0,2,12,8,22,15,17,33,12,77,64,6,70,147
06/21/2023,CRW,WV,AEA,CE,Combined TRACON& Tower with Radar,20,26,17,9,72,0,15,26,0,41,20,41,43,9,113,118,2,120,233
06/22/2023,CRW,WV,AEA,CE,Combined TRACON& Tower with Radar,14,22,26,11,73,0,0,1,2,3,14,22,27,13,76,0,0,0,76
06/23/2023,CRW,WV,AEA,CE,Combined TRACON& Tower with Radar,14,20,11,10,55,0,4,3,0,7,14,24,14,10,62,66,0,66,128
06/24/2023,CRW,WV,AEA,CE,Combined TRACON& Tower with Radar,17,22,13,4,56,0,1,5,0,6,17,23,18,4,62,46,0,46,108
06/25/2023,CRW,WV,AEA,CE,Combined TRACON& Tower with Radar,14,14,13,10,51,0,8,20,2,30,14,22,33,12,81,40,2,42,123
06/26/2023,CRW,WV,AEA,CE,Combined TRACON& Tower with Radar,16,17,10,8,51,0,6,5,4,15,16,23,15,12,66,12,0,12,78
06/27/2023,CRW,WV,AEA,CE,Combined TRACON& Tower with Radar,17,14,20,11,62,0,0,9,1,10,17,14,29,12,72,14,2,16,88
06/28/2023,CRW,WV,AEA,CE,Combined TRACON& Tower with Radar,20,16,18,8,62,0,0,3,0,3,20,16,21,8,65,0,0,0,65
06/29/2023,CRW,WV,AEA,CE,Combined TRACON& Tower with Radar,16,28,13,16,73,0,0,2,0,2,16,28,15,16,75,0,0,0,75
06/30/2023,CRW,WV,AEA,CE,Combined TRACON& Tower with Radar,17,24,25,1,67,0,0,23,1,24,17,24,48,2,91,66,0,66,157
07/01/2023,CRW,WV,AEA,CE,Combined TRACON& Tower with Radar,18,11,14,0,43,0,1,2,0,3,18,12,16,0,46,30,0,30,76
07/02/2023,CRW,WV,AEA,CE,Combined TRACON& Tower with Radar,14,10,8,0,32,0,8,6,0,14,14,18,14,0,46,0,0,0,46
07/03/2023,CRW,WV,AEA,CE,Combined TRACON& Tower with Radar,15,10,5,0,30,0,0,4,0,4,15,10,9,0,34,12,0,12,46
07/04/2023,CRW,WV,AEA,CE,Combined TRACON& Tower with Radar,12,8,5,0,25,0,0,10,0,10,12,8,15,0,35,0,0,0,35
07/05/2023,CRW,WV,AEA,CE,Combined TRACON& Tower with Radar,19,9,14,4,46,0,12,29,0,41,19,21,43,4,87,62,2,64,151
07/06/2023,CRW,WV,AEA,CE,Combined TRACON& Tower with Radar,15,16,19,4,54,0,4,32,0,36,15,20,51,4,90,60,0,60,150
07/07/2023,CRW,WV,AEA,CE,Combined TRACON& Tower with Radar,15,23,13,2,53,0,6,18,0,24,15,29,31,2,77,54,0,54,131
07/08/2023,CRW,WV,AEA,CE,Combined TRACON& Tower with Radar,21,19,26,1,67,0,13,22,0,35,21,32,48,1,102,68,0,68,170
07/09/2023,CRW,WV,AEA,CE,Combined TRACON& Tower with Radar,16,17,4,0,37,0,0,0,0,0,16,17,4,0,37,18,0,18,55
07/10/2023,CRW,WV,AEA,CE,Combined TRACON& Tower with Radar,22,11,19,3,55,0,4,30,0,34,22,15,49,3,89,40,0,40,129
07/11/2023,CRW,WV,AEA,CE,Combined TRACON& Tower with Radar,15,16,29,6,66,0,27,30,20,77,15,43,59,26,143,88,36,124,267
07/12/2023,CRW,WV,AEA,CE,Combined TRACON& Tower with Radar,21,16,23,12,72,0,22,44,17,83,21,38,67,29,155,157,42,199,354
07/13/2023,CRW,WV,AEA,CE,Combined TRACON& Tower with Radar,15,25,11,4,55,0,2,15,10,27,15,27,26,14,82,60,8,68,150
07/14/2023,CRW,WV,AEA,CE,Combined TRACON& Tower with Radar,20,18,10,1,49,0,2,31,0,33,20,20,41,1,82,30,0,30,112
07/15/2023,CRW,WV,AEA,CE,Combined TRACON& Tower with Radar,18,11,13,2,44,0,1,17,0,18,18,12,30,2,62,64,0,64,126
07/16/2023,CRW,WV,AEA,CE,Combined TRACON& Tower with Radar,14,11,6,0,31,0,4,19,0,23,14,15,25,0,54,22,0,22,76
07/17/2023,CRW,WV,AEA,CE,Combined TRACON& Tower with Radar,18,10,32,11,71,0,1,21,2,24,18,11,53,13,95,26,0,26,121
07/18/2023,CRW,WV,AEA,CE,Combined TRACON& Tower with Radar,17,22,20,10,69,0,12,34,19,65,17,34,54,29,134,80,20,100,234
07/19/2023,CRW,WV,AEA,CE,Combined TRACON& Tower with Radar,19,23,17,27,86,0,6,15,18,39,19,29,32,45,125,82,24,106,231
07/20/2023,CRW,WV,AEA,CE,Combined TRACON& Tower with Radar,16,30,20,5,71,0,9,16,8,33,16,39,36,13,104,48,24,72,176
07/21/2023,CRW,WV,AEA,CE,Combined TRACON& Tower with Radar,19,23,13,7,62,0,14,16,5,35,19,37,29,12,97,66,0,66,163
07/22/2023,CRW,WV,AEA,CE,Combined TRACON& Tower with Radar,18,22,14,2,56,0,14,29,0,43,18,36,43,2,99,22,0,22,121
07/23/2023,CRW,WV,AEA,CE,Combined TRACON& Tower with Radar,16,8,21,1,46,0,1,20,1,22,16,9,41,2,68,34,0,34,102
07/24/2023,CRW,WV,AEA,CE,Combined TRACON& Tower with Radar,20,19,8,16,63,0,12,24,10,46,20,31,32,26,109,52,0,52,161
07/25/2023,CRW,WV,AEA,CE,Combined TRACON& Tower with Radar,15,21,31,8,75,0,10,40,19,69,15,31,71,27,144,105,28,133,277
07/26/2023,CRW,WV,AEA,CE,Combined TRACON& Tower with Radar,19,29,29,10,87,0,9,20,31,60,19,38,49,41,147,85,29,114,261
07/27/2023,CRW,WV,AEA,CE,Combined TRACON& Tower with Radar,16,26,18,8,68,0,5,15,21,41,16,31,33,29,109,50,30,80,189
07/28/2023,CRW,WV,AEA,CE,Combined TRACON& Tower with Radar,18,28,11,2,59,0,5,27,9,41,18,33,38,11,100,28,0,28,128
07/29/2023,CRW,WV,AEA,CE,Combined TRACON& Tower with Radar,16,14,8,6,44,0,0,12,2,14,16,14,20,8,58,42,26,68,126
07/30/2023,CRW,WV,AEA,CE,Combined TRACON& Tower with Radar,18,12,11,2,43,0,7,23,0,30,18,19,34,2,73,18,0,18,91
07/31/2023,CRW,WV,AEA,CE,Combined TRACON& Tower with Radar,17,23,18,7,65,0,8,30,0,38,17,31,48,7,103,64,0,64,167
08/01/2023,CRW,WV,AEA,CE,Combined TRACON& Tower with Radar,16,16,26,12,70,0,12,41,12,65,16,28,67,24,135,106,18,124,259
08/02/2023,CRW,WV,AEA,CE,Combined TRACON& Tower with Radar,19,13,24,7,63,0,11,22,34,67,19,24,46,41,130,104,36,140,270
08/03/2023,CRW,WV,AEA,CE,Combined TRACON& Tower with Radar,14,34,36,20,104,0,0,12,4,16,14,34,48,24,120,58,22,80,200
08/04/2023,CRW,WV,AEA,CE,Combined TRACON& Tower with Radar,23,20,19,7,69,0,7,19,0,26,23,27,38,7,95,38,0,38,133
08/05/2023,CRW,WV,AEA,CE,Combined TRACON& Tower with Radar,18,11,14,9,52,0,0,19,3,22,18,11,33,12,74,0,0,0,74
08/06/2023,CRW,WV,AEA,CE,Combined TRACON& Tower with Radar,14,19,8,2,43,0,2,10,0,12,14,21,18,2,55,32,0,32,87
08/07/2023,CRW,WV,AEA,CE,Combined TRACON& Tower with Radar,15,17,12,1,45,0,2,3,0,5,15,19,15,1,50,30,0,30,80
08/08/2023,CRW,WV,AEA,CE,Combined TRACON& Tower with Radar,15,21,14,12,62,0,19,32,11,62,15,40,46,23,124,84,28,112,236
08/09/2023,CRW,WV,AEA,CE,Combined TRACON& Tower with Radar,20,30,27,13,90,0,9,33,12,54,20,39,60,25,144,125,50,175,319
08/10/2023,CRW,WV,AEA,CE,Combined TRACON& Tower with Radar,13,25,10,3,51,0,1,9,8,18,13,26,19,11,69,6,78,84,153
08/11/2023,CRW,WV,AEA,CE,Combined TRACON& Tower with Radar,22,21,19,21,83,0,17,36,0,53,22,38,55,21,136,112,8,120,256
08/12/2023,CRW,WV,AEA,CE,Combined TRACON& Tower with Radar,19,19,5,0,43,0,4,25,0,29,19,23,30,0,72,30,0,30,102
08/13/2023,CRW,WV,AEA,CE,Combined TRACON& Tower with Radar,15,11,18,4,48,0,2,15,5,22,15,13,33,9,70,60,0,60,130
08/14/2023,CRW,WV,AEA,CE,Combined TRACON& Tower with Radar,19,8,17,2,46,0,0,14,0,14,19,8,31,2,60,40,0,40,100
08/15/2023,CRW,WV,AEA,CE,Combined TRACON& Tower with Radar,16,26,15,5,62,0,10,22,21,53,16,36,37,26,115,60,46,106,221
08/16/2023,CRW,WV,AEA,CE,Combined TRACON& Tower with Radar,20,37,34,8,99,0,1,26,0,27,20,38,60,8,126,122,10,132,258
08/17/2023,CRW,WV,AEA,CE,Combined TRACON& Tower with Radar,16,17,25,10,68,0,22,32,9,63,16,39,57,19,131,56,10,66,197
08/18/2023,CRW,WV,AEA,CE,Combined TRACON& Tower with Radar,18,23,18,10,69,0,15,28,0,43,18,38,46,10,112,98,6,104,216
08/19/2023,CRW,WV,AEA,CE,Combined TRACON& Tower with Radar,16,17,18,7,58,0,4,36,8,48,16,21,54,15,106,24,24,48,154
08/20/2023,CRW,WV,AEA,CE,Combined TRACON& Tower with Radar,18,8,11,2,39,0,0,31,0,31,18,8,42,2,70,34,0,34,104
08/21/2023,CRW,WV,AEA,CE,Combined TRACON& Tower with Radar,18,15,19,0,52,0,8,39,0,47,18,23,58,0,99,70,0,70,169
08/22/2023,CRW,WV,AEA,CE,Combined TRACON& Tower with Radar,16,17,26,10,69,0,7,29,3,39,16,24,55,13,108,48,10,58,166
08/23/2023,CRW,WV,AEA,CE,Combined TRACON& Tower with Radar,20,20,21,5,66,0,13,47,28,88,20,33,68,33,154,91,36,127,281
08/24/2023,CRW,WV,AEA,CE,Combined TRACON& Tower with Radar,18,20,18,17,73,0,6,32,18,56,18,26,50,35,129,92,52,144,273
08/25/2023,CRW,WV,AEA,CE,Combined TRACON& Tower with Radar,15,22,16,1,54,0,0,12,0,12,15,22,28,1,66,0,0,0,66
08/26/2023,CRW,WV,AEA,CE,Combined TRACON& Tower with Radar,16,11,15,2,44,0,1,11,0,12,16,12,26,2,56,64,0,64,120
08/27/2023,CRW,WV,AEA,CE,Combined TRACON& Tower with Radar,16,18,9,3,46,0,1,33,0,34,16,19,42,3,80,40,0,40,120
08/28/2023,CRW,WV,AEA,CE,Combined TRACON& Tower with Radar,16,12,19,2,49,0,0,3,0,3,16,12,22,2,52,22,0,22,74
08/29/2023,CRW,WV,AEA,CE,Combined TRACON& Tower with Radar,17,20,23,9,69,0,1,6,0,7,17,21,29,9,76,82,0,82,158
08/30/2023,CRW,WV,AEA,CE,Combined TRACON& Tower with Radar,22,26,21,26,95,0,6,30,20,56,22,32,51,46,151,46,42,88,239
08/31/2023,CRW,WV,AEA,CE,Combined TRACON& Tower with Radar,16,23,28,8,75,0,6,13,6,25,16,29,41,14,100,48,12,60,160
