01/01/2020,CWF,LA,ASW,CE,Federal Contract Tower,0,0,4,0,4,0,0,3,0,3,0,0,7,0,7,0,0,0,7
01/02/2020,CWF,LA,ASW,CE,Federal Contract Tower,0,0,2,9,11,0,0,0,0,0,0,0,2,9,11,0,0,0,11
01/03/2020,CWF,LA,ASW,CE,Federal Contract Tower,1,0,1,10,12,0,2,3,2,7,1,2,4,12,19,0,0,0,19
01/04/2020,CWF,LA,ASW,CE,Federal Contract Tower,2,0,5,4,11,0,0,13,0,13,2,0,18,4,24,8,2,10,34
01/05/2020,CWF,LA,ASW,CE,Federal Contract Tower,0,2,2,0,4,0,5,7,0,12,0,7,9,0,16,0,0,0,16
01/06/2020,CWF,LA,ASW,CE,Federal Contract Tower,0,0,4,12,16,0,4,5,4,13,0,4,9,16,29,8,6,14,43
01/07/2020,CWF,LA,ASW,CE,Federal Contract Tower,0,6,14,29,49,0,0,15,9,24,0,6,29,38,73,24,50,74,147
01/08/2020,CWF,LA,ASW,CE,Federal Contract Tower,0,0,20,25,45,0,15,30,0,45,0,15,50,25,90,64,40,104,194
01/09/2020,CWF,LA,ASW,CE,Federal Contract Tower,0,13,11,44,68,0,16,10,12,38,0,29,21,56,106,10,30,40,146
01/10/2020,CWF,LA,ASW,CE,Federal Contract Tower,0,5,7,15,27,0,0,0,0,0,0,5,7,15,27,2,0,2,29
01/11/2020,CWF,LA,ASW,CE,Federal Contract Tower,0,0,6,26,32,0,2,0,10,12,0,2,6,36,44,0,38,38,82
01/12/2020,CWF,LA,ASW,CE,Federal Contract Tower,1,0,9,15,25,0,0,7,2,9,1,0,16,17,34,0,0,0,34
01/13/2020,CWF,LA,ASW,CE,Federal Contract Tower,5,3,11,2,21,0,0,0,0,0,5,3,11,2,21,0,0,0,21
01/14/2020,CWF,LA,ASW,CE,Federal Contract Tower,2,0,10,6,18,0,0,0,0,0,2,0,10,6,18,0,0,0,18
01/15/2020,CWF,LA,ASW,CE,Federal Contract Tower,0,0,13,13,26,0,0,2,0,2,0,0,15,13,28,0,4,4,32
01/16/2020,CWF,LA,ASW,CE,Federal Contract Tower,2,0,5,12,19,0,0,0,0,0,2,0,5,12,19,0,0,0,19
01/17/2020,CWF,LA,ASW,CE,Federal Contract Tower,0,0,9,5,14,0,0,7,0,7,0,0,16,5,21,4,2,6,27
01/18/2020,CWF,LA,ASW,CE,Federal Contract Tower,0,0,3,7,10,0,0,2,0,2,0,0,5,7,12,0,0,0,12
01/19/2020,CWF,LA,ASW,CE,Federal Contract Tower,0,0,2,5,7,0,0,11,0,11,0,0,13,5,18,0,0,0,18
01/20/2020,CWF,LA,ASW,CE,Federal Contract Tower,0,0,6,28,34,0,3,13,3,19,0,3,19,31,53,0,34,34,87
01/21/2020,CWF,LA,ASW,CE,Federal Contract Tower,2,0,10,11,23,0,2,11,10,23,2,2,21,21,46,0,48,48,94
01/22/2020,CWF,LA,ASW,CE,Federal Contract Tower,0,0,15,1,16,0,0,2,0,2,0,0,17,1,18,0,0,0,18
01/23/2020,CWF,LA,ASW,CE,Federal Contract Tower,0,0,4,11,15,0,0,1,2,3,0,0,5,13,18,0,0,0,18
01/24/2020,CWF,LA,ASW,CE,Federal Contract Tower,0,2,7,43,52,0,4,9,10,23,0,6,16,53,75,16,32,48,123
01/25/2020,CWF,LA,ASW,CE,Federal Contract Tower,0,0,3,10,13,0,0,7,11,18,0,0,10,21,31,0,38,38,69
01/26/2020,CWF,LA,ASW,CE,Federal Contract Tower,0,0,0,6,6,0,0,0,0,0,0,0,0,6,6,0,0,0,6
01/27/2020,CWF,LA,ASW,CE,Federal Contract Tower,0,0,7,33,40,0,0,3,2,5,0,0,10,35,45,0,0,0,45
01/28/2020,CWF,LA,ASW,CE,Federal Contract Tower,2,6,5,16,29,0,0,4,0,4,2,6,9,16,33,0,0,0,33
01/29/2020,CWF,LA,ASW,CE,Federal Contract Tower,4,6,9,38,57,0,6,3,3,12,4,12,12,41,69,6,96,102,171
01/30/2020,CWF,LA,ASW,CE,Federal Contract Tower,1,6,20,8,35,0,8,0,4,12,1,14,20,12,47,0,0,0,47
01/31/2020,CWF,LA,ASW,CE,Federal Contract Tower,0,2,17,41,60,0,0,3,4,7,0,2,20,45,67,0,28,28,95
02/01/2020,CWF,LA,ASW,CE,Federal Contract Tower,1,0,6,20,27,0,2,13,11,26,1,2,19,31,53,0,64,64,117
02/02/2020,CWF,LA,ASW,CE,Federal Contract Tower,0,0,5,6,11,0,0,18,2,20,0,0,23,8,31,0,0,0,31
02/03/2020,CWF,LA,ASW,CE,Federal Contract Tower,0,0,9,37,46,0,0,4,2,6,0,0,13,39,52,0,20,20,72
02/04/2020,CWF,LA,ASW,CE,Federal Contract Tower,0,2,9,17,28,0,7,0,0,7,0,9,9,17,35,0,0,0,35
02/05/2020,CWF,LA,ASW,CE,Federal Contract Tower,0,5,4,7,16,0,0,0,0,0,0,5,4,7,16,0,0,0,16
02/06/2020,CWF,LA,ASW,CE,Federal Contract Tower,2,5,5,6,18,0,0,0,8,8,2,5,5,14,26,0,28,28,54
02/07/2020,CWF,LA,ASW,CE,Federal Contract Tower,0,0,13,82,95,0,1,12,13,26,0,1,25,95,121,20,72,92,213
02/08/2020,CWF,LA,ASW,CE,Federal Contract Tower,0,0,8,6,14,0,2,1,11,14,0,2,9,17,28,10,0,10,38
02/09/2020,CWF,LA,ASW,CE,Federal Contract Tower,2,0,3,28,33,0,0,4,6,10,2,0,7,34,43,4,4,8,51
02/10/2020,CWF,LA,ASW,CE,Federal Contract Tower,2,0,5,0,7,0,0,0,0,0,2,0,5,0,7,0,0,0,7
02/11/2020,CWF,LA,ASW,CE,Federal Contract Tower,1,0,0,0,1,0,0,0,0,0,1,0,0,0,1,0,0,0,1
02/12/2020,CWF,LA,ASW,CE,Federal Contract Tower,1,0,0,0,1,0,0,0,0,0,1,0,0,0,1,0,0,0,1
02/13/2020,CWF,LA,ASW,CE,Federal Contract Tower,0,4,17,21,42,0,8,10,5,23,0,12,27,26,65,0,0,0,65
02/14/2020,CWF,LA,ASW,CE,Federal Contract Tower,2,0,24,33,59,1,0,12,5,18,3,0,36,38,77,10,40,50,127
02/15/2020,CWF,LA,ASW,CE,Federal Contract Tower,0,0,7,16,23,0,0,2,2,4,0,0,9,18,27,0,10,10,37
02/16/2020,CWF,LA,ASW,CE,Federal Contract Tower,0,1,4,4,9,0,0,1,0,1,0,1,5,4,10,0,0,0,10
02/17/2020,CWF,LA,ASW,CE,Federal Contract Tower,0,1,4,6,11,0,0,0,0,0,0,1,4,6,11,0,0,0,11
02/18/2020,CWF,LA,ASW,CE,Federal Contract Tower,0,3,5,16,24,0,0,5,0,5,0,3,10,16,29,6,0,6,35
02/19/2020,CWF,LA,ASW,CE,Federal Contract Tower,1,4,0,2,7,0,0,0,0,0,1,4,0,2,7,0,0,0,7
02/20/2020,CWF,LA,ASW,CE,Federal Contract Tower,0,0,6,1,7,0,0,0,0,0,0,0,6,1,7,0,0,0,7
02/21/2020,CWF,LA,ASW,CE,Federal Contract Tower,0,4,9,39,52,0,0,10,8,18,0,4,19,47,70,0,40,40,110
02/22/2020,CWF,LA,ASW,CE,Federal Contract Tower,1,0,5,32,38,0,1,9,17,27,1,1,14,49,65,6,54,60,125
02/23/2020,CWF,LA,ASW,CE,Federal Contract Tower,1,1,5,54,61,0,0,15,1,16,1,1,20,55,77,0,66,66,143
02/24/2020,CWF,LA,ASW,CE,Federal Contract Tower,1,0,0,2,3,0,0,3,0,3,1,0,3,2,6,0,0,0,6
02/25/2020,CWF,LA,ASW,CE,Federal Contract Tower,0,7,15,37,59,0,4,30,25,59,0,11,45,62,118,44,52,96,214
02/26/2020,CWF,LA,ASW,CE,Federal Contract Tower,0,2,11,39,52,0,0,5,9,14,0,2,16,48,66,0,64,64,130
02/27/2020,CWF,LA,ASW,CE,Federal Contract Tower,0,0,7,10,17,0,0,18,11,29,0,0,25,21,46,0,28,28,74
02/28/2020,CWF,LA,ASW,CE,Federal Contract Tower,3,0,5,47,55,0,0,16,10,26,3,0,21,57,81,0,58,58,139
02/29/2020,CWF,LA,ASW,CE,Federal Contract Tower,0,2,7,66,75,0,1,15,16,32,0,3,22,82,107,10,82,92,199
03/01/2020,CWF,LA,ASW,CE,Federal Contract Tower,0,0,5,6,11,0,0,1,0,1,0,0,6,6,12,0,0,0,12
03/02/2020,CWF,LA,ASW,CE,Federal Contract Tower,0,0,6,8,14,0,1,5,2,8,0,1,11,10,22,10,0,10,32
03/03/2020,CWF,LA,ASW,CE,Federal Contract Tower,0,0,6,16,22,0,0,0,4,4,0,0,6,20,26,0,20,20,46
03/04/2020,CWF,LA,ASW,CE,Federal Contract Tower,0,0,1,2,3,0,0,0,0,0,0,0,1,2,3,0,0,0,3
03/05/2020,CWF,LA,ASW,CE,Federal Contract Tower,0,0,9,31,40,0,0,3,8,11,0,0,12,39,51,0,18,18,69
03/06/2020,CWF,LA,ASW,CE,Federal Contract Tower,0,0,7,56,63,0,0,9,9,18,0,0,16,65,81,0,24,24,105
03/07/2020,CWF,LA,ASW,CE,Federal Contract Tower,1,1,3,14,19,0,1,17,3,21,1,2,20,17,40,12,0,12,52
03/08/2020,CWF,LA,ASW,CE,Federal Contract Tower,0,0,6,48,54,0,0,7,2,9,0,0,13,50,63,0,20,20,83
03/09/2020,CWF,LA,ASW,CE,Federal Contract Tower,1,0,6,27,34,0,0,0,1,1,1,0,6,28,35,0,14,14,49
03/10/2020,CWF,LA,ASW,CE,Federal Contract Tower,0,0,4,22,26,0,0,0,3,3,0,0,4,25,29,0,0,0,29
03/11/2020,CWF,LA,ASW,CE,Federal Contract Tower,1,0,6,12,19,0,1,8,2,11,1,1,14,14,30,0,0,0,30
03/12/2020,CWF,LA,ASW,CE,Federal Contract Tower,1,0,6,13,20,0,0,5,4,9,1,0,11,17,29,0,0,0,29
03/13/2020,CWF,LA,ASW,CE,Federal Contract Tower,0,0,7,85,92,0,1,5,0,6,0,1,12,85,98,0,78,78,176
03/14/2020,CWF,LA,ASW,CE,Federal Contract Tower,0,0,2,18,20,0,2,0,1,3,0,2,2,19,23,0,6,6,29
03/15/2020,CWF,LA,ASW,CE,Federal Contract Tower,0,0,3,16,19,0,0,3,12,15,0,0,6,28,34,0,14,14,48
03/16/2020,CWF,LA,ASW,CE,Federal Contract Tower,0,0,10,12,22,0,0,2,2,4,0,0,12,14,26,0,0,0,26
03/17/2020,CWF,LA,ASW,CE,Federal Contract Tower,0,0,13,0,13,0,0,0,4,4,0,0,13,4,17,0,0,0,17
03/18/2020,CWF,LA,ASW,CE,Federal Contract Tower,0,0,4,9,13,0,0,10,0,10,0,0,14,9,23,2,0,2,25
03/19/2020,CWF,LA,ASW,CE,Federal Contract Tower,0,0,2,39,41,0,0,2,0,2,0,0,4,39,43,8,0,8,51
03/20/2020,CWF,LA,ASW,CE,Federal Contract Tower,0,0,0,12,12,0,0,0,0,0,0,0,0,12,12,0,0,0,12
03/21/2020,CWF,LA,ASW,CE,Federal Contract Tower,0,0,4,0,4,0,2,0,0,2,0,2,4,0,6,0,0,0,6
03/22/2020,CWF,LA,ASW,CE,Federal Contract Tower,0,0,0,8,8,0,0,2,0,2,0,0,2,8,10,0,0,0,10
03/23/2020,CWF,LA,ASW,CE,Federal Contract Tower,0,0,2,10,12,0,2,0,0,2,0,2,2,10,14,0,10,10,24
03/24/2020,CWF,LA,ASW,CE,Federal Contract Tower,0,0,5,11,16,0,0,0,2,2,0,0,5,13,18,0,6,6,24
03/25/2020,CWF,LA,ASW,CE,Federal Contract Tower,0,0,2,9,11,0,0,6,3,9,0,0,8,12,20,0,0,0,20
03/26/2020,CWF,LA,ASW,CE,Federal Contract Tower,0,0,4,2,6,0,0,8,4,12,0,0,12,6,18,0,2,2,20
03/27/2020,CWF,LA,ASW,CE,Federal Contract Tower,0,0,1,9,10,0,1,3,9,13,0,1,4,18,23,0,8,8,31
03/28/2020,CWF,LA,ASW,CE,Federal Contract Tower,0,2,0,21,23,0,0,1,0,1,0,2,1,21,24,0,0,0,24
03/29/2020,CWF,LA,ASW,CE,Federal Contract Tower,0,0,2,1,3,0,2,6,3,11,0,2,8,4,14,16,0,16,30
03/30/2020,CWF,LA,ASW,CE,Federal Contract Tower,0,0,0,6,6,0,0,2,0,2,0,0,2,6,8,0,0,0,8
03/31/2020,CWF,LA,ASW,CE,Federal Contract Tower,0,0,2,39,41,0,0,5,9,14,0,0,7,48,55,4,14,18,73
04/01/2020,CWF,LA,ASW,CE,Federal Contract Tower,0,0,0,25,25,0,0,10,0,10,0,0,10,25,35,0,22,22,57
04/02/2020,CWF,LA,ASW,CE,Federal Contract Tower,0,0,0,8,8,0,0,14,2,16,0,0,14,10,24,0,0,0,24
04/03/2020,CWF,LA,ASW,CE,Federal Contract Tower,0,0,0,10,10,0,0,2,0,2,0,0,2,10,12,10,42,52,64
04/04/2020,CWF,LA,ASW,CE,Federal Contract Tower,3,0,0,4,7,0,0,1,0,1,3,0,1,4,8,0,2,2,10
04/05/2020,CWF,LA,ASW,CE,Federal Contract Tower,0,0,0,1,1,0,0,2,0,2,0,0,2,1,3,8,0,8,11
04/06/2020,CWF,LA,ASW,CE,Federal Contract Tower,0,0,9,8,17,0,2,11,0,13,0,2,20,8,30,10,0,10,40
04/07/2020,CWF,LA,ASW,CE,Federal Contract Tower,0,0,5,31,36,0,0,8,1,9,0,0,13,32,45,0,0,0,45
04/08/2020,CWF,LA,ASW,CE,Federal Contract Tower,0,0,0,24,24,0,0,1,1,2,0,0,1,25,26,0,20,20,46
04/09/2020,CWF,LA,ASW,CE,Federal Contract Tower,0,0,0,12,12,0,0,2,3,5,0,0,2,15,17,8,10,18,35
04/10/2020,CWF,LA,ASW,CE,Federal Contract Tower,0,0,0,0,0,0,0,0,0,0,0,0,0,0,0,0,0,0,0
04/11/2020,CWF,LA,ASW,CE,Federal Contract Tower,0,1,0,15,16,0,0,12,0,12,0,1,12,15,28,0,0,0,28
04/12/2020,CWF,LA,ASW,CE,Federal Contract Tower,0,0,0,0,0,0,0,0,0,0,0,0,0,0,0,0,0,0,0
04/13/2020,CWF,LA,ASW,CE,Federal Contract Tower,0,0,1,8,9,0,1,7,4,12,0,1,8,12,21,0,30,30,51
04/14/2020,CWF,LA,ASW,CE,Federal Contract Tower,0,0,0,6,6,0,0,14,4,18,0,0,14,10,24,0,18,18,42
04/15/2020,CWF,LA,ASW,CE,Federal Contract Tower,0,0,2,14,16,0,0,12,3,15,0,0,14,17,31,10,12,22,53
04/16/2020,CWF,LA,ASW,CE,Federal Contract Tower,0,0,1,27,28,0,0,15,1,16,0,0,16,28,44,0,20,20,64
04/17/2020,CWF,LA,ASW,CE,Federal Contract Tower,0,0,3,4,7,0,0,8,0,8,0,0,11,4,15,20,30,50,65
04/18/2020,CWF,LA,ASW,CE,Federal Contract Tower,0,0,2,2,4,0,0,9,0,9,0,0,11,2,13,0,0,0,13
04/19/2020,CWF,LA,ASW,CE,Federal Contract Tower,0,0,0,0,0,0,0,0,0,0,0,0,0,0,0,0,0,0,0
04/20/2020,CWF,LA,ASW,CE,Federal Contract Tower,0,0,10,13,23,0,9,25,1,35,0,9,35,14,58,0,0,0,58
04/21/2020,CWF,LA,ASW,CE,Federal Contract Tower,0,0,16,35,51,0,4,39,2,45,0,4,55,37,96,4,40,44,140
04/22/2020,CWF,LA,ASW,CE,Federal Contract Tower,0,1,0,0,1,0,0,2,0,2,0,1,2,0,3,0,0,0,3
04/23/2020,CWF,LA,ASW,CE,Federal Contract Tower,0,0,6,2,8,0,2,13,0,15,0,2,19,2,23,24,0,24,47
04/24/2020,CWF,LA,ASW,CE,Federal Contract Tower,0,0,7,9,16,0,0,14,0,14,0,0,21,9,30,4,0,4,34
04/25/2020,CWF,LA,ASW,CE,Federal Contract Tower,0,0,2,6,8,0,0,20,0,20,0,0,22,6,28,18,0,18,46
04/26/2020,CWF,LA,ASW,CE,Federal Contract Tower,0,0,0,0,0,0,0,12,0,12,0,0,12,0,12,2,0,2,14
04/27/2020,CWF,LA,ASW,CE,Federal Contract Tower,0,0,12,6,18,0,9,28,0,37,0,9,40,6,55,40,0,40,95
04/28/2020,CWF,LA,ASW,CE,Federal Contract Tower,0,0,9,8,17,0,0,9,0,9,0,0,18,8,26,20,30,50,76
04/29/2020,CWF,LA,ASW,CE,Federal Contract Tower,0,0,3,13,16,0,0,3,3,6,0,0,6,16,22,0,6,6,28
04/30/2020,CWF,LA,ASW,CE,Federal Contract Tower,0,0,6,17,23,0,0,14,8,22,0,0,20,25,45,0,40,40,85
05/01/2020,CWF,LA,ASW,CE,Federal Contract Tower,0,0,2,24,26,0,0,12,6,18,0,0,14,30,44,4,40,44,88
05/02/2020,CWF,LA,ASW,CE,Federal Contract Tower,0,0,0,4,4,0,2,13,0,15,0,2,13,4,19,44,0,44,63
05/03/2020,CWF,LA,ASW,CE,Federal Contract Tower,0,0,0,0,0,0,0,14,0,14,0,0,14,0,14,0,0,0,14
05/04/2020,CWF,LA,ASW,CE,Federal Contract Tower,0,0,6,18,24,0,3,12,0,15,0,3,18,18,39,44,16,60,99
05/05/2020,CWF,LA,ASW,CE,Federal Contract Tower,0,0,4,4,8,0,4,9,0,13,0,4,13,4,21,6,0,6,27
05/06/2020,CWF,LA,ASW,CE,Federal Contract Tower,0,0,3,7,10,0,0,21,1,22,0,0,24,8,32,16,0,16,48
05/07/2020,CWF,LA,ASW,CE,Federal Contract Tower,0,0,2,20,22,0,1,34,0,35,0,1,36,20,57,64,24,88,145
05/08/2020,CWF,LA,ASW,CE,Federal Contract Tower,0,0,10,8,18,0,0,1,0,1,0,0,11,8,19,0,40,40,59
05/09/2020,CWF,LA,ASW,CE,Federal Contract Tower,0,0,8,0,8,0,0,7,0,7,0,0,15,0,15,0,0,0,15
05/10/2020,CWF,LA,ASW,CE,Federal Contract Tower,0,0,2,17,19,0,0,20,1,21,0,0,22,18,40,0,0,0,40
05/11/2020,CWF,LA,ASW,CE,Federal Contract Tower,0,1,0,13,14,0,2,9,6,17,0,3,9,19,31,3,10,13,44
05/12/2020,CWF,LA,ASW,CE,Federal Contract Tower,0,0,3,26,29,0,3,15,4,22,0,3,18,30,51,16,42,58,109
05/13/2020,CWF,LA,ASW,CE,Federal Contract Tower,0,0,2,23,25,0,0,2,0,2,0,0,4,23,27,0,0,0,27
05/14/2020,CWF,LA,ASW,CE,Federal Contract Tower,0,0,0,0,0,0,0,0,0,0,0,0,0,0,0,0,0,0,0
05/15/2020,CWF,LA,ASW,CE,Federal Contract Tower,0,1,0,6,7,0,0,2,0,2,0,1,2,6,9,0,0,0,9
05/16/2020,CWF,LA,ASW,CE,Federal Contract Tower,0,0,1,0,1,0,0,0,0,0,0,0,1,0,1,0,0,0,1
05/17/2020,CWF,LA,ASW,CE,Federal Contract Tower,0,0,2,3,5,0,2,1,0,3,0,2,3,3,8,0,0,0,8
05/18/2020,CWF,LA,ASW,CE,Federal Contract Tower,0,0,21,17,38,0,1,24,0,25,0,1,45,17,63,24,52,76,139
05/19/2020,CWF,LA,ASW,CE,Federal Contract Tower,0,2,20,13,35,0,4,9,2,15,0,6,29,15,50,32,12,44,94
05/20/2020,CWF,LA,ASW,CE,Federal Contract Tower,0,0,11,8,19,0,0,13,0,13,0,0,24,8,32,0,14,14,46
05/21/2020,CWF,LA,ASW,CE,Federal Contract Tower,0,0,3,12,15,0,2,15,1,18,0,2,18,13,33,8,10,18,51
05/22/2020,CWF,LA,ASW,CE,Federal Contract Tower,0,0,6,18,24,0,0,10,1,11,0,0,16,19,35,8,22,30,65
05/23/2020,CWF,LA,ASW,CE,Federal Contract Tower,0,0,3,7,10,0,0,6,0,6,0,0,9,7,16,14,0,14,30
05/24/2020,CWF,LA,ASW,CE,Federal Contract Tower,0,0,0,0,0,0,0,7,0,7,0,0,7,0,7,0,0,0,7
05/25/2020,CWF,LA,ASW,CE,Federal Contract Tower,0,0,4,0,4,0,0,5,0,5,0,0,9,0,9,4,0,4,13
05/26/2020,CWF,LA,ASW,CE,Federal Contract Tower,0,0,2,10,12,0,0,8,0,8,0,0,10,10,20,0,8,8,28
05/27/2020,CWF,LA,ASW,CE,Federal Contract Tower,0,2,19,15,36,0,0,23,0,23,0,2,42,15,59,32,0,32,91
05/28/2020,CWF,LA,ASW,CE,Federal Contract Tower,0,0,2,5,7,0,0,3,4,7,0,0,5,9,14,0,0,0,14
05/29/2020,CWF,LA,ASW,CE,Federal Contract Tower,0,0,6,35,41,0,2,17,1,20,0,2,23,36,61,0,52,52,113
05/30/2020,CWF,LA,ASW,CE,Federal Contract Tower,0,0,1,18,19,0,0,21,0,21,0,0,22,18,40,34,0,34,74
05/31/2020,CWF,LA,ASW,CE,Federal Contract Tower,0,0,8,1,9,0,0,20,1,21,0,0,28,2,30,20,0,20,50
06/01/2020,CWF,LA,ASW,CE,Federal Contract Tower,0,1,7,9,17,0,0,17,5,22,0,1,24,14,39,4,16,20,59
06/02/2020,CWF,LA,ASW,CE,Federal Contract Tower,0,2,10,21,33,0,2,21,2,25,0,4,31,23,58,4,20,24,82
06/03/2020,CWF,LA,ASW,CE,Federal Contract Tower,0,0,6,16,22,0,1,15,6,22,0,1,21,22,44,0,12,12,56
06/04/2020,CWF,LA,ASW,CE,Federal Contract Tower,0,0,11,19,30,0,0,13,0,13,0,0,24,19,43,6,2,8,51
06/05/2020,CWF,LA,ASW,CE,Federal Contract Tower,0,0,5,22,27,0,0,19,7,26,0,0,24,29,53,36,14,50,103
06/06/2020,CWF,LA,ASW,CE,Federal Contract Tower,0,0,5,0,5,0,0,4,0,4,0,0,9,0,9,6,0,6,15
06/07/2020,CWF,LA,ASW,CE,Federal Contract Tower,0,0,0,2,2,0,0,2,0,2,0,0,2,2,4,0,6,6,10
06/08/2020,CWF,LA,ASW,CE,Federal Contract Tower,0,4,0,6,10,0,0,7,0,7,0,4,7,6,17,0,4,4,21
06/09/2020,CWF,LA,ASW,CE,Federal Contract Tower,0,0,23,38,61,0,2,9,2,13,0,2,32,40,74,30,44,74,148
06/10/2020,CWF,LA,ASW,CE,Federal Contract Tower,0,0,6,20,26,0,0,21,0,21,0,0,27,20,47,26,0,26,73
06/11/2020,CWF,LA,ASW,CE,Federal Contract Tower,1,0,6,22,29,0,4,19,2,25,1,4,25,24,54,4,4,8,62
06/12/2020,CWF,LA,ASW,CE,Federal Contract Tower,0,0,4,21,25,0,0,9,10,19,0,0,13,31,44,0,4,4,48
06/13/2020,CWF,LA,ASW,CE,Federal Contract Tower,0,0,3,4,7,0,2,20,4,26,0,2,23,8,33,0,0,0,33
06/14/2020,CWF,LA,ASW,CE,Federal Contract Tower,0,0,10,5,15,0,0,23,1,24,0,0,33,6,39,20,0,20,59
06/15/2020,CWF,LA,ASW,CE,Federal Contract Tower,0,0,3,11,14,0,8,13,0,21,0,8,16,11,35,16,14,30,65
06/16/2020,CWF,LA,ASW,CE,Federal Contract Tower,0,0,8,6,14,0,0,19,4,23,0,0,27,10,37,16,12,28,65
06/17/2020,CWF,LA,ASW,CE,Federal Contract Tower,1,0,10,23,34,0,1,21,12,34,1,1,31,35,68,32,26,58,126
06/18/2020,CWF,LA,ASW,CE,Federal Contract Tower,0,0,9,9,18,0,2,15,5,22,0,2,24,14,40,82,0,82,122
06/19/2020,CWF,LA,ASW,CE,Federal Contract Tower,0,0,6,29,35,0,4,17,11,32,0,4,23,40,67,74,16,90,157
06/20/2020,CWF,LA,ASW,CE,Federal Contract Tower,0,0,1,4,5,0,0,13,0,13,0,0,14,4,18,30,0,30,48
06/21/2020,CWF,LA,ASW,CE,Federal Contract Tower,0,0,5,0,5,0,0,4,0,4,0,0,9,0,9,20,0,20,29
06/22/2020,CWF,LA,ASW,CE,Federal Contract Tower,0,0,4,0,4,0,4,6,0,10,0,4,10,0,14,0,0,0,14
06/23/2020,CWF,LA,ASW,CE,Federal Contract Tower,0,0,16,2,18,0,0,7,5,12,0,0,23,7,30,10,0,10,40
06/24/2020,CWF,LA,ASW,CE,Federal Contract Tower,0,6,3,0,9,0,0,4,0,4,0,6,7,0,13,20,0,20,33
06/25/2020,CWF,LA,ASW,CE,Federal Contract Tower,0,0,2,6,8,0,0,3,0,3,0,0,5,6,11,0,16,16,27
06/26/2020,CWF,LA,ASW,CE,Federal Contract Tower,0,0,12,10,22,0,0,9,0,9,0,0,21,10,31,38,0,38,69
06/27/2020,CWF,LA,ASW,CE,Federal Contract Tower,0,0,2,10,12,0,0,3,0,3,0,0,5,10,15,0,0,0,15
06/28/2020,CWF,LA,ASW,CE,Federal Contract Tower,0,0,3,6,9,0,2,15,1,18,0,2,18,7,27,0,0,0,27
06/29/2020,CWF,LA,ASW,CE,Federal Contract Tower,0,1,4,31,36,0,2,13,7,22,0,3,17,38,58,20,4,24,82
06/30/2020,CWF,LA,ASW,CE,Federal Contract Tower,0,0,7,47,54,0,0,10,11,21,0,0,17,58,75,8,4,12,87
07/01/2020,CWF,LA,ASW,CE,Federal Contract Tower,0,0,6,32,38,0,3,34,26,63,0,3,40,58,101,0,14,14,115
07/02/2020,CWF,LA,ASW,CE,Federal Contract Tower,0,4,12,28,44,0,4,20,5,29,0,8,32,33,73,94,44,138,211
07/03/2020,CWF,LA,ASW,CE,Federal Contract Tower,0,0,6,14,20,0,0,5,0,5,0,0,11,14,25,30,0,30,55
07/04/2020,CWF,LA,ASW,CE,Federal Contract Tower,0,0,0,0,0,0,2,8,0,10,0,2,8,0,10,30,0,30,40
07/05/2020,CWF,LA,ASW,CE,Federal Contract Tower,0,0,2,2,4,0,0,9,0,9,0,0,11,2,13,13,0,13,26
07/06/2020,CWF,LA,ASW,CE,Federal Contract Tower,0,0,4,0,4,0,0,6,0,6,0,0,10,0,10,14,0,14,24
07/07/2020,CWF,LA,ASW,CE,Federal Contract Tower,0,0,4,0,4,0,0,3,0,3,0,0,7,0,7,30,0,30,37
07/08/2020,CWF,LA,ASW,CE,Federal Contract Tower,0,0,11,19,30,0,2,12,3,17,0,2,23,22,47,0,2,2,49
07/09/2020,CWF,LA,ASW,CE,Federal Contract Tower,0,0,4,33,37,0,0,21,21,42,0,0,25,54,79,2,26,28,107
07/10/2020,CWF,LA,ASW,CE,Federal Contract Tower,0,0,6,8,14,2,1,21,7,31,2,1,27,15,45,0,6,6,51
07/11/2020,CWF,LA,ASW,CE,Federal Contract Tower,0,0,2,7,9,0,0,14,1,15,0,0,16,8,24,26,0,26,50
07/12/2020,CWF,LA,ASW,CE,Federal Contract Tower,0,0,0,5,5,0,0,10,11,21,0,0,10,16,26,22,0,22,48
07/13/2020,CWF,LA,ASW,CE,Federal Contract Tower,0,0,8,16,24,0,10,7,10,27,0,10,15,26,51,54,8,62,113
07/14/2020,CWF,LA,ASW,CE,Federal Contract Tower,0,0,3,18,21,0,0,19,5,24,0,0,22,23,45,50,0,50,95
07/15/2020,CWF,LA,ASW,CE,Federal Contract Tower,0,0,18,16,34,0,1,18,12,31,0,1,36,28,65,22,12,34,99
07/16/2020,CWF,LA,ASW,CE,Federal Contract Tower,0,0,5,16,21,0,0,22,2,24,0,0,27,18,45,56,6,62,107
07/17/2020,CWF,LA,ASW,CE,Federal Contract Tower,0,0,11,7,18,0,0,12,2,14,0,0,23,9,32,68,10,78,110
07/18/2020,CWF,LA,ASW,CE,Federal Contract Tower,0,0,0,8,8,0,0,7,0,7,0,0,7,8,15,0,34,34,49
07/19/2020,CWF,LA,ASW,CE,Federal Contract Tower,0,0,4,6,10,0,0,10,0,10,0,0,14,6,20,0,0,0,20
07/20/2020,CWF,LA,ASW,CE,Federal Contract Tower,0,0,7,0,7,0,2,6,2,10,0,2,13,2,17,0,0,0,17
07/21/2020,CWF,LA,ASW,CE,Federal Contract Tower,0,1,5,4,10,0,2,4,4,10,0,3,9,8,20,8,0,8,28
07/22/2020,CWF,LA,ASW,CE,Federal Contract Tower,0,0,4,26,30,0,1,12,1,14,0,1,16,27,44,12,0,12,56
07/23/2020,CWF,LA,ASW,CE,Federal Contract Tower,0,0,6,14,20,0,3,12,0,15,0,3,18,14,35,0,28,28,63
07/24/2020,CWF,LA,ASW,CE,Federal Contract Tower,0,0,16,2,18,0,0,2,0,2,0,0,18,2,20,0,0,0,20
07/25/2020,CWF,LA,ASW,CE,Federal Contract Tower,0,0,0,0,0,0,0,0,0,0,0,0,0,0,0,0,0,0,0
07/26/2020,CWF,LA,ASW,CE,Federal Contract Tower,0,0,6,15,21,0,0,5,0,5,0,0,11,15,26,0,0,0,26
07/27/2020,CWF,LA,ASW,CE,Federal Contract Tower,0,3,2,15,20,0,0,4,0,4,0,3,6,15,24,0,4,4,28
07/28/2020,CWF,LA,ASW,CE,Federal Contract Tower,0,0,3,4,7,0,0,5,5,10,0,0,8,9,17,0,14,14,31
07/29/2020,CWF,LA,ASW,CE,Federal Contract Tower,0,1,12,28,41,0,1,3,6,10,0,2,15,34,51,0,36,36,87
07/30/2020,CWF,LA,ASW,CE,Federal Contract Tower,0,0,5,21,26,0,2,13,6,21,0,2,18,27,47,20,38,58,105
07/31/2020,CWF,LA,ASW,CE,Federal Contract Tower,0,0,9,13,22,0,3,6,0,9,0,3,15,13,31,0,0,0,31
08/01/2020,CWF,LA,ASW,CE,Federal Contract Tower,0,0,2,0,2,0,0,3,0,3,0,0,5,0,5,0,0,0,5
08/02/2020,CWF,LA,ASW,CE,Federal Contract Tower,0,4,5,15,24,0,0,19,0,19,0,4,24,15,43,18,0,18,61
08/03/2020,CWF,LA,ASW,CE,Federal Contract Tower,0,0,9,30,39,0,2,10,9,21,0,2,19,39,60,46,52,98,158
08/04/2020,CWF,LA,ASW,CE,Federal Contract Tower,0,0,5,20,25,0,2,17,6,25,0,2,22,26,50,10,0,10,60
08/05/2020,CWF,LA,ASW,CE,Federal Contract Tower,0,2,5,9,16,0,4,13,3,20,0,6,18,12,36,18,6,24,60
08/06/2020,CWF,LA,ASW,CE,Federal Contract Tower,0,0,15,35,50,0,3,26,9,38,0,3,41,44,88,10,30,40,128
08/07/2020,CWF,LA,ASW,CE,Federal Contract Tower,0,0,5,35,40,0,0,18,11,29,0,0,23,46,69,18,28,46,115
08/08/2020,CWF,LA,ASW,CE,Federal Contract Tower,0,0,2,7,9,0,0,20,4,24,0,0,22,11,33,14,20,34,67
08/09/2020,CWF,LA,ASW,CE,Federal Contract Tower,0,0,2,10,12,0,0,3,0,3,0,0,5,10,15,0,6,6,21
08/10/2020,CWF,LA,ASW,CE,Federal Contract Tower,0,2,8,17,27,0,4,25,5,34,0,6,33,22,61,14,0,14,75
08/11/2020,CWF,LA,ASW,CE,Federal Contract Tower,0,0,9,14,23,0,3,26,8,37,0,3,35,22,60,24,16,40,100
08/12/2020,CWF,LA,ASW,CE,Federal Contract Tower,0,0,5,28,33,0,1,8,6,15,0,1,13,34,48,0,54,54,102
08/13/2020,CWF,LA,ASW,CE,Federal Contract Tower,0,0,8,60,68,0,2,10,4,16,0,2,18,64,84,10,82,92,176
08/14/2020,CWF,LA,ASW,CE,Federal Contract Tower,0,0,5,8,13,0,0,14,1,15,0,0,19,9,28,30,20,50,78
08/15/2020,CWF,LA,ASW,CE,Federal Contract Tower,0,2,4,7,13,0,0,14,2,16,0,2,18,9,29,30,36,66,95
08/16/2020,CWF,LA,ASW,CE,Federal Contract Tower,0,0,0,0,0,0,0,10,0,10,0,0,10,0,10,0,0,0,10
08/17/2020,CWF,LA,ASW,CE,Federal Contract Tower,0,0,3,24,27,0,2,10,2,14,0,2,13,26,41,0,0,0,41
08/18/2020,CWF,LA,ASW,CE,Federal Contract Tower,0,0,2,25,27,0,1,19,5,25,0,1,21,30,52,32,22,54,106
08/19/2020,CWF,LA,ASW,CE,Federal Contract Tower,0,0,4,28,32,0,2,23,3,28,0,2,27,31,60,26,30,56,116
08/20/2020,CWF,LA,ASW,CE,Federal Contract Tower,0,0,4,19,23,0,2,21,9,32,0,2,25,28,55,4,18,22,77
08/21/2020,CWF,LA,ASW,CE,Federal Contract Tower,0,0,16,57,73,0,0,25,0,25,0,0,41,57,98,14,34,48,146
08/22/2020,CWF,LA,ASW,CE,Federal Contract Tower,0,0,5,24,29,0,0,11,1,12,0,0,16,25,41,0,16,16,57
08/23/2020,CWF,LA,ASW,CE,Federal Contract Tower,0,0,6,1,7,0,0,10,0,10,0,0,16,1,17,40,0,40,57
08/24/2020,CWF,LA,ASW,CE,Federal Contract Tower,0,0,2,6,8,0,1,8,7,16,0,1,10,13,24,0,14,14,38
08/25/2020,CWF,LA,ASW,CE,Federal Contract Tower,0,0,6,0,6,0,1,1,0,2,0,1,7,0,8,0,0,0,8
08/26/2020,CWF,LA,ASW,CE,Federal Contract Tower,0,4,0,0,4,0,0,0,0,0,0,4,0,0,4,0,0,0,4
08/27/2020,CWF,LA,ASW,CE,Federal Contract Tower,0,1,4,1,6,0,8,22,55,85,0,9,26,56,91,0,0,0,91
08/28/2020,CWF,LA,ASW,CE,Federal Contract Tower,0,1,7,0,8,0,14,17,9,40,0,15,24,9,48,0,0,0,48
08/29/2020,CWF,LA,ASW,CE,Federal Contract Tower,0,0,2,2,4,0,22,26,25,73,0,22,28,27,77,0,0,0,77
08/30/2020,CWF,LA,ASW,CE,Federal Contract Tower,0,0,9,0,9,0,6,26,4,36,0,6,35,4,45,0,0,0,45
08/31/2020,CWF,LA,ASW,CE,Federal Contract Tower,0,0,5,4,9,0,14,24,0,38,0,14,29,4,47,0,0,0,47
09/01/2020,CWF,LA,ASW,CE,Federal Contract Tower,0,1,18,0,19,0,15,24,7,46,0,16,42,7,65,0,0,0,65
09/02/2020,CWF,LA,ASW,CE,Federal Contract Tower,0,0,19,3,22,0,10,49,9,68,0,10,68,12,90,0,0,0,90
09/03/2020,CWF,LA,ASW,CE,Federal Contract Tower,0,0,30,5,35,0,2,25,11,38,0,2,55,16,73,0,0,0,73
09/04/2020,CWF,LA,ASW,CE,Federal Contract Tower,0,6,15,2,23,0,15,24,0,39,0,21,39,2,62,0,0,0,62
09/05/2020,CWF,LA,ASW,CE,Federal Contract Tower,0,4,13,0,17,0,9,19,0,28,0,13,32,0,45,0,0,0,45
09/06/2020,CWF,LA,ASW,CE,Federal Contract Tower,0,0,7,0,7,0,10,11,4,25,0,10,18,4,32,0,0,0,32
09/07/2020,CWF,LA,ASW,CE,Federal Contract Tower,0,3,11,2,16,0,15,16,2,33,0,18,27,4,49,0,0,0,49
09/08/2020,CWF,LA,ASW,CE,Federal Contract Tower,0,4,15,6,25,0,0,17,0,17,0,4,32,6,42,0,22,22,64
09/09/2020,CWF,LA,ASW,CE,Federal Contract Tower,0,6,16,4,26,0,2,13,0,15,0,8,29,4,41,0,0,0,41
09/10/2020,CWF,LA,ASW,CE,Federal Contract Tower,0,4,16,2,22,0,7,14,8,29,0,11,30,10,51,0,0,0,51
09/11/2020,CWF,LA,ASW,CE,Federal Contract Tower,0,7,19,10,36,0,5,15,1,21,0,12,34,11,57,0,34,34,91
09/12/2020,CWF,LA,ASW,CE,Federal Contract Tower,0,2,1,3,6,0,5,10,6,21,0,7,11,9,27,0,0,0,27
09/13/2020,CWF,LA,ASW,CE,Federal Contract Tower,0,0,5,2,7,0,10,3,0,13,0,10,8,2,20,0,0,0,20
09/14/2020,CWF,LA,ASW,CE,Federal Contract Tower,0,0,8,0,8,0,1,4,0,5,0,1,12,0,13,0,0,0,13
09/15/2020,CWF,LA,ASW,CE,Federal Contract Tower,0,2,8,4,14,0,0,17,0,17,0,2,25,4,31,0,4,4,35
09/16/2020,CWF,LA,ASW,CE,Federal Contract Tower,0,5,21,2,28,0,8,22,7,37,0,13,43,9,65,0,10,10,75
09/17/2020,CWF,LA,ASW,CE,Federal Contract Tower,0,4,28,7,39,0,0,34,0,34,0,4,62,7,73,2,0,2,75
09/18/2020,CWF,LA,ASW,CE,Federal Contract Tower,0,5,27,26,58,0,7,26,2,35,0,12,53,28,93,0,40,40,133
09/19/2020,CWF,LA,ASW,CE,Federal Contract Tower,0,0,8,3,11,0,0,3,1,4,0,0,11,4,15,0,0,0,15
09/20/2020,CWF,LA,ASW,CE,Federal Contract Tower,0,0,4,0,4,0,0,1,0,1,0,0,5,0,5,0,0,0,5
09/21/2020,CWF,LA,ASW,CE,Federal Contract Tower,0,0,12,0,12,0,0,0,0,0,0,0,12,0,12,0,0,0,12
09/22/2020,CWF,LA,ASW,CE,Federal Contract Tower,0,4,10,0,14,0,0,0,0,0,0,4,10,0,14,0,0,0,14
09/23/2020,CWF,LA,ASW,CE,Federal Contract Tower,0,4,5,0,9,0,0,4,0,4,0,4,9,0,13,0,0,0,13
09/24/2020,CWF,LA,ASW,CE,Federal Contract Tower,0,6,18,6,30,0,6,12,0,18,0,12,30,6,48,0,10,10,58
09/25/2020,CWF,LA,ASW,CE,Federal Contract Tower,0,2,26,4,32,0,7,24,3,34,0,9,50,7,66,10,30,40,106
09/26/2020,CWF,LA,ASW,CE,Federal Contract Tower,0,0,6,4,10,0,2,23,3,28,0,2,29,7,38,0,50,50,88
09/27/2020,CWF,LA,ASW,CE,Federal Contract Tower,0,1,6,6,13,0,1,31,0,32,0,2,37,6,45,0,0,0,45
09/28/2020,CWF,LA,ASW,CE,Federal Contract Tower,0,0,18,0,18,0,0,2,0,2,0,0,20,0,20,0,0,0,20
09/29/2020,CWF,LA,ASW,CE,Federal Contract Tower,0,0,12,10,22,0,6,22,0,28,0,6,34,10,50,0,20,20,70
09/30/2020,CWF,LA,ASW,CE,Federal Contract Tower,0,4,16,12,32,0,0,20,2,22,0,4,36,14,54,16,6,22,76
10/01/2020,CWF,LA,ASW,CE,Federal Contract Tower,0,4,19,16,39,0,9,18,6,33,0,13,37,22,72,0,10,10,82
10/02/2020,CWF,LA,ASW,CE,Federal Contract Tower,0,0,16,30,46,0,5,20,2,27,0,5,36,32,73,0,58,58,131
10/03/2020,CWF,LA,ASW,CE,Federal Contract Tower,0,0,2,31,33,0,1,14,7,22,0,1,16,38,55,0,0,0,55
10/04/2020,CWF,LA,ASW,CE,Federal Contract Tower,0,0,7,10,17,0,0,15,0,15,0,0,22,10,32,0,4,4,36
10/05/2020,CWF,LA,ASW,CE,Federal Contract Tower,0,0,2,6,8,0,10,16,4,30,0,10,18,10,38,0,22,22,60
10/06/2020,CWF,LA,ASW,CE,Federal Contract Tower,0,2,9,11,22,0,4,19,2,25,0,6,28,13,47,0,32,32,79
10/07/2020,CWF,LA,ASW,CE,Federal Contract Tower,0,1,15,22,38,0,9,5,3,17,0,10,20,25,55,14,16,30,85
10/08/2020,CWF,LA,ASW,CE,Federal Contract Tower,0,1,16,0,17,0,0,6,0,6,0,1,22,0,23,0,0,0,23
10/09/2020,CWF,LA,ASW,CE,Federal Contract Tower,0,0,0,0,0,0,0,0,0,0,0,0,0,0,0,0,0,0,0
10/10/2020,CWF,LA,ASW,CE,Federal Contract Tower,0,0,6,0,6,0,11,27,41,79,0,11,33,41,85,0,0,0,85
10/11/2020,CWF,LA,ASW,CE,Federal Contract Tower,0,2,13,1,16,0,14,15,5,34,0,16,28,6,50,0,0,0,50
10/12/2020,CWF,LA,ASW,CE,Federal Contract Tower,0,6,33,0,39,0,8,27,2,37,0,14,60,2,76,0,0,0,76
10/13/2020,CWF,LA,ASW,CE,Federal Contract Tower,0,0,14,17,31,0,5,22,0,27,0,5,36,17,58,0,4,4,62
10/14/2020,CWF,LA,ASW,CE,Federal Contract Tower,0,3,30,10,43,0,3,27,7,37,0,6,57,17,80,20,12,32,112
10/15/2020,CWF,LA,ASW,CE,Federal Contract Tower,0,4,25,4,33,0,16,26,0,42,0,20,51,4,75,4,0,4,79
10/16/2020,CWF,LA,ASW,CE,Federal Contract Tower,0,0,19,5,24,0,3,3,1,7,0,3,22,6,31,0,6,6,37
10/17/2020,CWF,LA,ASW,CE,Federal Contract Tower,0,0,3,0,3,0,7,13,2,22,0,7,16,2,25,0,0,0,25
10/18/2020,CWF,LA,ASW,CE,Federal Contract Tower,0,0,11,23,34,0,1,20,5,26,0,1,31,28,60,0,0,0,60
10/19/2020,CWF,LA,ASW,CE,Federal Contract Tower,0,0,31,6,37,0,2,17,0,19,0,2,48,6,56,0,16,16,72
10/20/2020,CWF,LA,ASW,CE,Federal Contract Tower,0,0,33,7,40,0,0,10,1,11,0,0,43,8,51,0,6,6,57
10/21/2020,CWF,LA,ASW,CE,Federal Contract Tower,0,0,18,18,36,0,3,19,0,22,0,3,37,18,58,0,20,20,78
10/22/2020,CWF,LA,ASW,CE,Federal Contract Tower,0,0,30,11,41,0,2,14,0,16,0,2,44,11,57,10,0,10,67
10/23/2020,CWF,LA,ASW,CE,Federal Contract Tower,0,0,2,0,2,0,0,7,0,7,0,0,9,0,9,0,0,0,9
10/24/2020,CWF,LA,ASW,CE,Federal Contract Tower,0,0,4,0,4,0,0,0,0,0,0,0,4,0,4,0,0,0,4
10/25/2020,CWF,LA,ASW,CE,Federal Contract Tower,0,0,6,2,8,0,6,4,0,10,0,6,10,2,18,0,0,0,18
10/26/2020,CWF,LA,ASW,CE,Federal Contract Tower,0,1,17,24,42,0,8,28,0,36,0,9,45,24,78,16,32,48,126
10/27/2020,CWF,LA,ASW,CE,Federal Contract Tower,0,0,32,19,51,0,0,7,1,8,0,0,39,20,59,0,24,24,83
10/28/2020,CWF,LA,ASW,CE,Federal Contract Tower,0,0,7,1,8,0,0,0,0,0,0,0,7,1,8,0,0,0,8
10/29/2020,CWF,LA,ASW,CE,Federal Contract Tower,0,0,11,3,14,0,1,11,1,13,0,1,22,4,27,0,12,12,39
10/30/2020,CWF,LA,ASW,CE,Federal Contract Tower,0,2,11,8,21,0,2,5,4,11,0,4,16,12,32,6,12,18,50
10/31/2020,CWF,LA,ASW,CE,Federal Contract Tower,0,0,0,0,0,0,0,9,0,9,0,0,9,0,9,4,0,4,13
11/01/2020,CWF,LA,ASW,CE,Federal Contract Tower,0,2,5,0,7,0,3,3,0,6,0,5,8,0,13,0,0,0,13
11/02/2020,CWF,LA,ASW,CE,Federal Contract Tower,0,0,21,0,21,0,0,11,0,11,0,0,32,0,32,0,0,0,32
11/03/2020,CWF,LA,ASW,CE,Federal Contract Tower,0,0,7,14,21,0,2,14,0,16,0,2,21,14,37,6,0,6,43
11/04/2020,CWF,LA,ASW,CE,Federal Contract Tower,0,2,8,17,27,0,0,14,2,16,0,2,22,19,43,16,4,20,63
11/05/2020,CWF,LA,ASW,CE,Federal Contract Tower,0,2,20,5,27,0,3,9,1,13,0,5,29,6,40,2,0,2,42
11/06/2020,CWF,LA,ASW,CE,Federal Contract Tower,0,0,3,28,31,0,0,16,1,17,0,0,19,29,48,0,0,0,48
11/07/2020,CWF,LA,ASW,CE,Federal Contract Tower,0,0,0,12,12,0,2,6,2,10,0,2,6,14,22,0,0,0,22
11/08/2020,CWF,LA,ASW,CE,Federal Contract Tower,0,3,3,28,34,0,1,3,0,4,0,4,6,28,38,0,0,0,38
11/09/2020,CWF,LA,ASW,CE,Federal Contract Tower,1,3,14,3,21,0,0,6,1,7,1,3,20,4,28,4,4,8,36
11/10/2020,CWF,LA,ASW,CE,Federal Contract Tower,0,1,4,25,30,0,0,2,3,5,0,1,6,28,35,6,38,44,79
11/11/2020,CWF,LA,ASW,CE,Federal Contract Tower,0,2,17,6,25,0,3,17,0,20,0,5,34,6,45,8,0,8,53
11/12/2020,CWF,LA,ASW,CE,Federal Contract Tower,0,1,21,3,25,0,1,8,2,11,0,2,29,5,36,10,0,10,46
11/13/2020,CWF,LA,ASW,CE,Federal Contract Tower,0,1,8,11,20,0,5,13,5,23,0,6,21,16,43,4,20,24,67
11/14/2020,CWF,LA,ASW,CE,Federal Contract Tower,0,2,6,6,14,0,0,2,0,2,0,2,8,6,16,0,12,12,28
11/15/2020,CWF,LA,ASW,CE,Federal Contract Tower,0,0,4,0,4,0,0,4,0,4,0,0,8,0,8,0,0,0,8
11/16/2020,CWF,LA,ASW,CE,Federal Contract Tower,0,3,7,9,19,0,1,8,2,11,0,4,15,11,30,0,8,8,38
11/17/2020,CWF,LA,ASW,CE,Federal Contract Tower,1,0,9,3,13,0,4,5,2,11,1,4,14,5,24,6,0,6,30
11/18/2020,CWF,LA,ASW,CE,Federal Contract Tower,0,0,4,9,13,0,0,6,0,6,0,0,10,9,19,0,0,0,19
11/19/2020,CWF,LA,ASW,CE,Federal Contract Tower,0,0,9,10,19,0,2,11,0,13,0,2,20,10,32,6,0,6,38
11/20/2020,CWF,LA,ASW,CE,Federal Contract Tower,0,0,12,12,24,0,0,9,0,9,0,0,21,12,33,6,0,6,39
11/21/2020,CWF,LA,ASW,CE,Federal Contract Tower,0,0,4,12,16,0,0,15,0,15,0,0,19,12,31,0,0,0,31
11/22/2020,CWF,LA,ASW,CE,Federal Contract Tower,0,3,5,21,29,0,1,17,0,18,0,4,22,21,47,12,0,12,59
11/23/2020,CWF,LA,ASW,CE,Federal Contract Tower,0,2,11,6,19,0,2,11,4,17,0,4,22,10,36,0,0,0,36
11/24/2020,CWF,LA,ASW,CE,Federal Contract Tower,0,3,22,5,30,0,0,5,3,8,0,3,27,8,38,0,4,4,42
11/25/2020,CWF,LA,ASW,CE,Federal Contract Tower,0,0,5,2,7,0,0,4,2,6,0,0,9,4,13,0,0,0,13
11/26/2020,CWF,LA,ASW,CE,Federal Contract Tower,0,0,0,0,0,0,0,2,0,2,0,0,2,0,2,0,0,0,2
11/27/2020,CWF,LA,ASW,CE,Federal Contract Tower,0,0,0,0,0,0,0,0,0,0,0,0,0,0,0,0,0,0,0
11/28/2020,CWF,LA,ASW,CE,Federal Contract Tower,0,0,0,0,0,0,0,0,0,0,0,0,0,0,0,0,0,0,0
11/29/2020,CWF,LA,ASW,CE,Federal Contract Tower,0,2,9,4,15,0,2,0,0,2,0,4,9,4,17,4,0,4,21
11/30/2020,CWF,LA,ASW,CE,Federal Contract Tower,0,7,8,3,18,0,0,14,2,16,0,7,22,5,34,6,10,16,50
12/01/2020,CWF,LA,ASW,CE,Federal Contract Tower,0,5,15,0,20,0,4,13,0,17,0,9,28,0,37,8,0,8,45
12/02/2020,CWF,LA,ASW,CE,Federal Contract Tower,0,3,10,0,13,0,3,0,0,3,0,6,10,0,16,24,0,24,40
12/03/2020,CWF,LA,ASW,CE,Federal Contract Tower,0,2,5,4,11,0,0,1,0,1,0,2,6,4,12,0,0,0,12
12/04/2020,CWF,LA,ASW,CE,Federal Contract Tower,0,6,12,9,27,0,4,3,1,8,0,10,15,10,35,3,0,3,38
12/05/2020,CWF,LA,ASW,CE,Federal Contract Tower,0,1,3,8,12,0,0,10,2,12,0,1,13,10,24,0,12,12,36
12/06/2020,CWF,LA,ASW,CE,Federal Contract Tower,0,3,8,1,12,0,0,9,0,9,0,3,17,1,21,14,0,14,35
12/07/2020,CWF,LA,ASW,CE,Federal Contract Tower,0,0,10,11,21,0,1,3,4,8,0,1,13,15,29,0,6,6,35
12/08/2020,CWF,LA,ASW,CE,Federal Contract Tower,0,4,5,21,30,0,2,18,10,30,0,6,23,31,60,0,0,0,60
12/09/2020,CWF,LA,ASW,CE,Federal Contract Tower,0,0,12,21,33,0,7,17,1,25,0,7,29,22,58,36,14,50,108
12/10/2020,CWF,LA,ASW,CE,Federal Contract Tower,0,0,12,13,25,0,2,1,2,5,0,2,13,15,30,20,18,38,68
12/11/2020,CWF,LA,ASW,CE,Federal Contract Tower,0,4,6,5,15,0,4,3,2,9,0,8,9,7,24,0,2,2,26
12/12/2020,CWF,LA,ASW,CE,Federal Contract Tower,0,0,4,4,8,0,2,1,0,3,0,2,5,4,11,10,0,10,21
12/13/2020,CWF,LA,ASW,CE,Federal Contract Tower,0,0,3,0,3,0,0,0,0,0,0,0,3,0,3,0,0,0,3
12/14/2020,CWF,LA,ASW,CE,Federal Contract Tower,0,1,12,20,33,0,0,4,0,4,0,1,16,20,37,6,0,6,43
12/15/2020,CWF,LA,ASW,CE,Federal Contract Tower,0,0,4,4,8,0,0,0,0,0,0,0,4,4,8,0,0,0,8
12/16/2020,CWF,LA,ASW,CE,Federal Contract Tower,0,0,5,38,43,0,12,2,2,16,0,12,7,40,59,4,16,20,79
12/17/2020,CWF,LA,ASW,CE,Federal Contract Tower,0,2,8,12,22,0,2,10,4,16,0,4,18,16,38,12,2,14,52
12/18/2020,CWF,LA,ASW,CE,Federal Contract Tower,0,9,6,8,23,0,3,5,2,10,0,12,11,10,33,1,0,1,34
12/19/2020,CWF,LA,ASW,CE,Federal Contract Tower,0,4,1,2,7,0,4,0,0,4,0,8,1,2,11,0,0,0,11
12/20/2020,CWF,LA,ASW,CE,Federal Contract Tower,0,0,10,0,10,0,0,5,0,5,0,0,15,0,15,6,0,6,21
12/21/2020,CWF,LA,ASW,CE,Federal Contract Tower,0,5,19,7,31,0,10,15,2,27,0,15,34,9,58,2,6,8,66
12/22/2020,CWF,LA,ASW,CE,Federal Contract Tower,0,3,2,7,12,0,6,7,0,13,0,9,9,7,25,0,0,0,25
12/23/2020,CWF,LA,ASW,CE,Federal Contract Tower,0,0,4,2,6,0,0,3,0,3,0,0,7,2,9,0,0,0,9
12/24/2020,CWF,LA,ASW,CE,Federal Contract Tower,0,0,2,0,2,0,0,2,0,2,0,0,4,0,4,0,0,0,4
12/25/2020,CWF,LA,ASW,CE,Federal Contract Tower,0,0,0,0,0,0,4,0,0,4,0,4,0,0,4,0,0,0,4
12/26/2020,CWF,LA,ASW,CE,Federal Contract Tower,0,0,4,0,4,0,4,9,0,13,0,4,13,0,17,0,0,0,17
12/27/2020,CWF,LA,ASW,CE,Federal Contract Tower,0,0,3,0,3,0,0,9,0,9,0,0,12,0,12,0,0,0,12
12/28/2020,CWF,LA,ASW,CE,Federal Contract Tower,0,1,7,9,17,0,3,11,0,14,0,4,18,9,31,16,0,16,47
12/29/2020,CWF,LA,ASW,CE,Federal Contract Tower,0,5,18,7,30,0,3,15,5,23,0,8,33,12,53,0,16,16,69
12/30/2020,CWF,LA,ASW,CE,Federal Contract Tower,0,0,15,6,21,0,0,4,0,4,0,0,19,6,25,10,0,10,35
12/31/2020,CWF,LA,ASW,CE,Federal Contract Tower,0,0,6,0,6,0,0,0,0,0,0,0,6,0,6,0,0,0,6
01/01/2021,CWF,LA,ASW,CE,Federal Contract Tower,0,0,1,0,1,0,0,5,0,5,0,0,6,0,6,0,0,0,6
01/02/2021,CWF,LA,ASW,CE,Federal Contract Tower,1,0,5,0,6,0,0,4,0,4,1,0,9,0,10,0,0,0,10
01/03/2021,CWF,LA,ASW,CE,Federal Contract Tower,0,0,6,0,6,0,0,8,0,8,0,0,14,0,14,18,0,18,32
01/04/2021,CWF,LA,ASW,CE,Federal Contract Tower,0,2,6,5,13,0,0,12,5,17,0,2,18,10,30,0,4,4,34
01/05/2021,CWF,LA,ASW,CE,Federal Contract Tower,0,1,3,7,11,0,0,15,1,16,0,1,18,8,27,14,0,14,41
01/06/2021,CWF,LA,ASW,CE,Federal Contract Tower,0,2,8,8,18,0,2,3,1,6,0,4,11,9,24,4,0,4,28
01/07/2021,CWF,LA,ASW,CE,Federal Contract Tower,0,0,1,6,7,0,2,1,2,5,0,2,2,8,12,0,12,12,24
01/08/2021,CWF,LA,ASW,CE,Federal Contract Tower,0,2,11,24,37,0,0,6,9,15,0,2,17,33,52,4,50,54,106
01/09/2021,CWF,LA,ASW,CE,Federal Contract Tower,0,0,6,5,11,0,0,15,5,20,0,0,21,10,31,12,6,18,49
01/10/2021,CWF,LA,ASW,CE,Federal Contract Tower,0,0,8,4,12,0,0,0,0,0,0,0,8,4,12,0,12,12,24
01/11/2021,CWF,LA,ASW,CE,Federal Contract Tower,0,7,10,22,39,0,0,0,0,0,0,7,10,22,39,0,12,12,51
01/12/2021,CWF,LA,ASW,CE,Federal Contract Tower,0,10,10,16,36,0,2,10,2,14,0,12,20,18,50,16,70,86,136
01/13/2021,CWF,LA,ASW,CE,Federal Contract Tower,0,8,4,21,33,0,8,23,3,34,0,16,27,24,67,4,0,4,71
01/14/2021,CWF,LA,ASW,CE,Federal Contract Tower,0,7,22,34,63,0,1,15,4,20,0,8,37,38,83,6,16,22,105
01/15/2021,CWF,LA,ASW,CE,Federal Contract Tower,0,0,11,21,32,0,0,6,11,17,0,0,17,32,49,10,18,28,77
01/16/2021,CWF,LA,ASW,CE,Federal Contract Tower,0,2,6,6,14,0,0,11,0,11,0,2,17,6,25,20,10,30,55
01/17/2021,CWF,LA,ASW,CE,Federal Contract Tower,0,0,0,12,12,0,0,4,0,4,0,0,4,12,16,0,0,0,16
01/18/2021,CWF,LA,ASW,CE,Federal Contract Tower,0,4,1,2,7,0,0,8,0,8,0,4,9,2,15,10,4,14,29
01/19/2021,CWF,LA,ASW,CE,Federal Contract Tower,0,2,14,23,39,0,0,8,11,19,0,2,22,34,58,10,30,40,98
01/20/2021,CWF,LA,ASW,CE,Federal Contract Tower,0,1,15,13,29,0,2,0,2,4,0,3,15,15,33,0,4,4,37
01/21/2021,CWF,LA,ASW,CE,Federal Contract Tower,0,0,8,6,14,0,0,8,0,8,0,0,16,6,22,0,0,0,22
01/22/2021,CWF,LA,ASW,CE,Federal Contract Tower,0,0,15,6,21,0,0,0,0,0,0,0,15,6,21,0,0,0,21
01/23/2021,CWF,LA,ASW,CE,Federal Contract Tower,0,0,2,4,6,0,0,0,0,0,0,0,2,4,6,0,0,0,6
01/24/2021,CWF,LA,ASW,CE,Federal Contract Tower,0,0,6,0,6,0,0,0,0,0,0,0,6,0,6,0,0,0,6
01/25/2021,CWF,LA,ASW,CE,Federal Contract Tower,0,0,3,10,13,0,0,0,0,0,0,0,3,10,13,0,0,0,13
01/26/2021,CWF,LA,ASW,CE,Federal Contract Tower,0,2,16,36,54,0,2,0,0,2,0,4,16,36,56,0,24,24,80
01/27/2021,CWF,LA,ASW,CE,Federal Contract Tower,0,2,18,34,54,0,0,2,4,6,0,2,20,38,60,0,28,28,88
01/28/2021,CWF,LA,ASW,CE,Federal Contract Tower,0,2,10,30,42,0,6,8,6,20,0,8,18,36,62,0,18,18,80
01/29/2021,CWF,LA,ASW,CE,Federal Contract Tower,0,0,1,35,36,0,2,9,7,18,0,2,10,42,54,0,20,20,74
01/30/2021,CWF,LA,ASW,CE,Federal Contract Tower,0,2,3,17,22,0,1,0,0,1,0,3,3,17,23,0,0,0,23
01/31/2021,CWF,LA,ASW,CE,Federal Contract Tower,0,0,4,12,16,0,1,0,11,12,0,1,4,23,28,0,0,0,28
02/01/2021,CWF,LA,ASW,CE,Federal Contract Tower,0,0,11,25,36,0,0,8,1,9,0,0,19,26,45,12,0,12,57
02/02/2021,CWF,LA,ASW,CE,Federal Contract Tower,2,1,9,45,57,0,5,6,10,21,2,6,15,55,78,0,16,16,94
02/03/2021,CWF,LA,ASW,CE,Federal Contract Tower,0,3,5,16,24,0,1,6,5,12,0,4,11,21,36,4,10,14,50
02/04/2021,CWF,LA,ASW,CE,Federal Contract Tower,0,0,13,18,31,0,0,4,0,4,0,0,17,18,35,22,12,34,69
02/05/2021,CWF,LA,ASW,CE,Federal Contract Tower,0,0,6,30,36,0,0,0,0,0,0,0,6,30,36,0,10,10,46
02/06/2021,CWF,LA,ASW,CE,Federal Contract Tower,0,2,3,22,27,0,0,0,0,0,0,2,3,22,27,0,12,12,39
02/07/2021,CWF,LA,ASW,CE,Federal Contract Tower,0,0,6,19,25,0,0,4,2,6,0,0,10,21,31,16,0,16,47
02/08/2021,CWF,LA,ASW,CE,Federal Contract Tower,0,5,21,8,34,0,5,10,0,15,0,10,31,8,49,22,0,22,71
02/09/2021,CWF,LA,ASW,CE,Federal Contract Tower,0,0,19,4,23,0,0,6,0,6,0,0,25,4,29,6,0,6,35
02/10/2021,CWF,LA,ASW,CE,Federal Contract Tower,0,0,5,18,23,0,0,0,1,1,0,0,5,19,24,0,6,6,30
02/11/2021,CWF,LA,ASW,CE,Federal Contract Tower,0,0,2,0,2,0,0,0,0,0,0,0,2,0,2,0,0,0,2
02/12/2021,CWF,LA,ASW,CE,Federal Contract Tower,2,0,3,0,5,0,0,0,0,0,2,0,3,0,5,0,0,0,5
02/13/2021,CWF,LA,ASW,CE,Federal Contract Tower,0,0,0,0,0,0,0,2,0,2,0,0,2,0,2,0,0,0,2
02/14/2021,CWF,LA,ASW,CE,Federal Contract Tower,0,0,0,0,0,0,0,0,0,0,0,0,0,0,0,0,0,0,0
02/15/2021,CWF,LA,ASW,CE,Federal Contract Tower,0,0,0,0,0,0,0,0,0,0,0,0,0,0,0,0,0,0,0
02/16/2021,CWF,LA,ASW,CE,Federal Contract Tower,0,0,0,0,0,0,0,0,0,0,0,0,0,0,0,0,0,0,0
02/18/2021,CWF,LA,ASW,CE,Federal Contract Tower,2,0,3,0,5,0,0,2,0,2,2,0,5,0,7,0,0,0,7
02/20/2021,CWF,LA,ASW,CE,Federal Contract Tower,0,2,2,2,6,0,0,13,0,13,0,2,15,2,19,4,0,4,23
02/22/2021,CWF,LA,ASW,CE,Federal Contract Tower,0,1,15,16,32,0,5,22,5,32,0,6,37,21,64,34,20,54,118
02/23/2021,CWF,LA,ASW,CE,Federal Contract Tower,0,12,14,30,56,0,2,18,3,23,0,14,32,33,79,4,16,20,99
02/24/2021,CWF,LA,ASW,CE,Federal Contract Tower,1,4,16,43,64,0,5,2,5,12,1,9,18,48,76,10,14,24,100
02/25/2021,CWF,LA,ASW,CE,Federal Contract Tower,0,4,9,26,39,0,0,4,1,5,0,4,13,27,44,0,4,4,48
02/26/2021,CWF,LA,ASW,CE,Federal Contract Tower,0,2,6,41,49,0,0,0,3,3,0,2,6,44,52,0,28,28,80
02/27/2021,CWF,LA,ASW,CE,Federal Contract Tower,0,0,0,4,4,0,0,0,0,0,0,0,0,4,4,0,0,0,4
02/28/2021,CWF,LA,ASW,CE,Federal Contract Tower,0,0,8,12,20,0,0,0,0,0,0,0,8,12,20,0,0,0,20
03/01/2021,CWF,LA,ASW,CE,Federal Contract Tower,2,0,5,6,13,0,0,0,0,0,2,0,5,6,13,0,0,0,13
03/02/2021,CWF,LA,ASW,CE,Federal Contract Tower,0,5,7,7,19,0,0,7,1,8,0,5,14,8,27,8,0,8,35
03/03/2021,CWF,LA,ASW,CE,Federal Contract Tower,0,2,8,20,30,0,0,16,2,18,0,2,24,22,48,12,20,32,80
03/04/2021,CWF,LA,ASW,CE,Federal Contract Tower,0,0,11,23,34,0,0,14,8,22,0,0,25,31,56,12,18,30,86
03/06/2021,CWF,LA,ASW,CE,Federal Contract Tower,1,0,1,11,13,0,1,8,7,16,1,1,9,18,29,6,16,22,51
03/07/2021,CWF,LA,ASW,CE,Federal Contract Tower,0,10,3,18,31,0,0,11,1,12,0,10,14,19,43,0,12,12,55
03/08/2021,CWF,LA,ASW,CE,Federal Contract Tower,0,0,14,24,38,0,5,21,2,28,0,5,35,26,66,0,12,12,78
03/09/2021,CWF,LA,ASW,CE,Federal Contract Tower,0,6,9,37,52,0,12,4,10,26,0,18,13,47,78,24,34,58,136
03/10/2021,CWF,LA,ASW,CE,Federal Contract Tower,0,0,25,42,67,0,0,7,4,11,0,0,32,46,78,0,36,36,114
03/11/2021,CWF,LA,ASW,CE,Federal Contract Tower,2,5,23,15,45,0,5,18,9,32,2,10,41,24,77,20,20,40,117
03/12/2021,CWF,LA,ASW,CE,Federal Contract Tower,0,0,9,67,76,0,0,7,14,21,0,0,16,81,97,0,86,86,183
03/13/2021,CWF,LA,ASW,CE,Federal Contract Tower,0,8,1,11,20,0,0,3,0,3,0,8,4,11,23,8,6,14,37
03/14/2021,CWF,LA,ASW,CE,Federal Contract Tower,0,2,5,14,21,0,0,0,3,3,0,2,5,17,24,0,10,10,34
03/15/2021,CWF,LA,ASW,CE,Federal Contract Tower,0,0,18,8,26,0,0,4,0,4,0,0,22,8,30,16,0,16,46
03/16/2021,CWF,LA,ASW,CE,Federal Contract Tower,0,0,6,29,35,0,0,1,2,3,0,0,7,31,38,0,0,0,38
03/17/2021,CWF,LA,ASW,CE,Federal Contract Tower,0,0,1,0,1,0,1,2,0,3,0,1,3,0,4,0,0,0,4
03/18/2021,CWF,LA,ASW,CE,Federal Contract Tower,0,1,26,40,67,0,10,21,12,43,0,11,47,52,110,30,30,60,170
03/19/2021,CWF,LA,ASW,CE,Federal Contract Tower,0,0,2,46,48,0,0,12,7,19,0,0,14,53,67,66,4,70,137
03/20/2021,CWF,LA,ASW,CE,Federal Contract Tower,0,0,3,11,14,0,0,18,1,19,0,0,21,12,33,14,6,20,53
03/21/2021,CWF,LA,ASW,CE,Federal Contract Tower,0,0,4,10,14,0,0,20,6,26,0,0,24,16,40,22,20,42,82
03/22/2021,CWF,LA,ASW,CE,Federal Contract Tower,3,0,11,4,18,0,0,4,0,4,3,0,15,4,22,4,8,12,34
03/23/2021,CWF,LA,ASW,CE,Federal Contract Tower,0,0,7,5,12,0,0,8,1,9,0,0,15,6,21,12,0,12,33
03/24/2021,CWF,LA,ASW,CE,Federal Contract Tower,1,0,12,6,19,0,0,2,2,4,1,0,14,8,23,0,26,26,49
03/25/2021,CWF,LA,ASW,CE,Federal Contract Tower,0,0,3,16,19,0,0,10,4,14,0,0,13,20,33,16,14,30,63
03/26/2021,CWF,LA,ASW,CE,Federal Contract Tower,0,1,15,32,48,0,2,18,0,20,0,3,33,32,68,26,22,48,116
03/27/2021,CWF,LA,ASW,CE,Federal Contract Tower,0,0,3,0,3,0,0,0,0,0,0,0,3,0,3,0,0,0,3
03/28/2021,CWF,LA,ASW,CE,Federal Contract Tower,0,1,5,0,6,0,1,0,0,1,0,2,5,0,7,0,0,0,7
03/29/2021,CWF,LA,ASW,CE,Federal Contract Tower,3,6,6,17,32,0,0,28,1,29,3,6,34,18,61,92,0,92,153
03/30/2021,CWF,LA,ASW,CE,Federal Contract Tower,0,0,8,54,62,0,0,6,1,7,0,0,14,55,69,2,0,2,71
03/31/2021,CWF,LA,ASW,CE,Federal Contract Tower,1,0,7,4,12,0,0,1,0,1,1,0,8,4,13,0,0,0,13
04/01/2021,CWF,LA,ASW,CE,Federal Contract Tower,0,0,24,24,48,0,5,28,5,38,0,5,52,29,86,28,0,28,114
04/02/2021,CWF,LA,ASW,CE,Federal Contract Tower,0,0,3,39,42,0,3,8,2,13,0,3,11,41,55,20,6,26,81
04/03/2021,CWF,LA,ASW,CE,Federal Contract Tower,0,0,4,1,5,0,4,10,1,15,0,4,14,2,20,0,8,8,28
04/04/2021,CWF,LA,ASW,CE,Federal Contract Tower,0,0,0,0,0,0,0,10,2,12,0,0,10,2,12,0,0,0,12
04/05/2021,CWF,LA,ASW,CE,Federal Contract Tower,0,4,4,0,8,0,0,14,1,15,0,4,18,1,23,24,0,24,47
04/06/2021,CWF,LA,ASW,CE,Federal Contract Tower,8,1,10,21,40,0,2,12,0,14,8,3,22,21,54,4,0,4,58
04/07/2021,CWF,LA,ASW,CE,Federal Contract Tower,0,0,27,28,55,0,1,11,1,13,0,1,38,29,68,10,0,10,78
04/08/2021,CWF,LA,ASW,CE,Federal Contract Tower,0,0,9,26,35,0,0,26,5,31,0,0,35,31,66,6,20,26,92
04/09/2021,CWF,LA,ASW,CE,Federal Contract Tower,0,5,6,46,57,0,0,4,0,4,0,5,10,46,61,14,0,14,75
04/10/2021,CWF,LA,ASW,CE,Federal Contract Tower,0,0,20,9,29,0,0,17,0,17,0,0,37,9,46,10,0,10,56
04/11/2021,CWF,LA,ASW,CE,Federal Contract Tower,0,1,3,0,4,0,0,15,0,15,0,1,18,0,19,8,0,8,27
04/12/2021,CWF,LA,ASW,CE,Federal Contract Tower,0,0,6,24,30,0,0,17,0,17,0,0,23,24,47,30,0,30,77
04/13/2021,CWF,LA,ASW,CE,Federal Contract Tower,0,3,4,7,14,0,0,0,0,0,0,3,4,7,14,0,0,0,14
04/14/2021,CWF,LA,ASW,CE,Federal Contract Tower,1,3,10,1,15,0,0,0,0,0,1,3,10,1,15,0,0,0,15
04/15/2021,CWF,LA,ASW,CE,Federal Contract Tower,2,1,10,41,54,0,0,2,0,2,2,1,12,41,56,14,12,26,82
04/16/2021,CWF,LA,ASW,CE,Federal Contract Tower,1,0,3,8,12,0,0,1,0,1,1,0,4,8,13,0,0,0,13
04/17/2021,CWF,LA,ASW,CE,Federal Contract Tower,2,0,6,2,10,0,0,0,0,0,2,0,6,2,10,0,0,0,10
04/18/2021,CWF,LA,ASW,CE,Federal Contract Tower,0,1,6,9,16,0,0,10,1,11,0,1,16,10,27,8,12,20,47
04/19/2021,CWF,LA,ASW,CE,Federal Contract Tower,0,0,13,11,24,0,0,7,10,17,0,0,20,21,41,0,0,0,41
04/20/2021,CWF,LA,ASW,CE,Federal Contract Tower,0,2,5,39,46,0,7,33,5,45,0,9,38,44,91,8,76,84,175
04/21/2021,CWF,LA,ASW,CE,Federal Contract Tower,0,0,21,44,65,0,0,11,6,17,0,0,32,50,82,0,4,4,86
04/22/2021,CWF,LA,ASW,CE,Federal Contract Tower,0,1,11,13,25,0,1,13,0,14,0,2,24,13,39,0,36,36,75
04/23/2021,CWF,LA,ASW,CE,Federal Contract Tower,0,2,2,7,11,0,0,0,0,0,0,2,2,7,11,0,0,0,11
04/24/2021,CWF,LA,ASW,CE,Federal Contract Tower,0,0,3,0,3,0,0,6,0,6,0,0,9,0,9,0,0,0,9
04/25/2021,CWF,LA,ASW,CE,Federal Contract Tower,0,0,2,13,15,0,0,15,0,15,0,0,17,13,30,0,0,0,30
04/26/2021,CWF,LA,ASW,CE,Federal Contract Tower,0,2,20,54,76,0,3,35,10,48,0,5,55,64,124,0,10,10,134
04/27/2021,CWF,LA,ASW,CE,Federal Contract Tower,0,5,20,19,44,0,0,4,7,11,0,5,24,26,55,4,4,8,63
04/28/2021,CWF,LA,ASW,CE,Federal Contract Tower,0,2,5,46,53,0,4,5,1,10,0,6,10,47,63,0,6,6,69
04/29/2021,CWF,LA,ASW,CE,Federal Contract Tower,1,9,10,25,45,0,0,6,3,9,1,9,16,28,54,0,24,24,78
04/30/2021,CWF,LA,ASW,CE,Federal Contract Tower,0,1,5,2,8,0,0,3,0,3,0,1,8,2,11,0,0,0,11
05/01/2021,CWF,LA,ASW,CE,Federal Contract Tower,2,0,7,0,9,0,0,1,0,1,2,0,8,0,10,0,0,0,10
05/02/2021,CWF,LA,ASW,CE,Federal Contract Tower,0,5,4,4,13,0,0,4,0,4,0,5,8,4,17,0,0,0,17
05/03/2021,CWF,LA,ASW,CE,Federal Contract Tower,0,2,11,10,23,0,3,2,2,7,0,5,13,12,30,0,0,0,30
05/04/2021,CWF,LA,ASW,CE,Federal Contract Tower,0,0,1,2,3,0,0,3,0,3,0,0,4,2,6,0,0,0,6
05/05/2021,CWF,LA,ASW,CE,Federal Contract Tower,2,0,7,32,41,0,5,3,2,10,2,5,10,34,51,0,6,6,57
05/06/2021,CWF,LA,ASW,CE,Federal Contract Tower,2,0,8,5,15,0,13,11,0,24,2,13,19,5,39,0,0,0,39
05/07/2021,CWF,LA,ASW,CE,Federal Contract Tower,0,0,18,83,101,0,3,13,13,29,0,3,31,96,130,0,6,6,136
05/08/2021,CWF,LA,ASW,CE,Federal Contract Tower,0,0,4,25,29,0,0,12,7,19,0,0,16,32,48,6,14,20,68
05/09/2021,CWF,LA,ASW,CE,Federal Contract Tower,0,3,6,12,21,0,0,4,0,4,0,3,10,12,25,0,0,0,25
05/10/2021,CWF,LA,ASW,CE,Federal Contract Tower,0,0,6,28,34,0,4,8,3,15,0,4,14,31,49,0,28,28,77
05/11/2021,CWF,LA,ASW,CE,Federal Contract Tower,0,2,5,4,11,0,0,5,0,5,0,2,10,4,16,0,0,0,16
05/12/2021,CWF,LA,ASW,CE,Federal Contract Tower,0,0,7,6,13,0,1,5,2,8,0,1,12,8,21,0,0,0,21
05/13/2021,CWF,LA,ASW,CE,Federal Contract Tower,3,2,16,31,52,0,7,24,3,34,3,9,40,34,86,20,30,50,136
05/14/2021,CWF,LA,ASW,CE,Federal Contract Tower,1,2,2,60,65,0,1,7,4,12,1,3,9,64,77,0,46,46,123
05/15/2021,CWF,LA,ASW,CE,Federal Contract Tower,0,4,5,34,43,0,2,8,10,20,0,6,13,44,63,0,66,66,129
05/16/2021,CWF,LA,ASW,CE,Federal Contract Tower,0,2,10,9,21,0,1,1,2,4,0,3,11,11,25,10,30,40,65
05/17/2021,CWF,LA,ASW,CE,Federal Contract Tower,0,0,3,0,3,0,0,0,0,0,0,0,3,0,3,0,0,0,3
05/18/2021,CWF,LA,ASW,CE,Federal Contract Tower,0,0,7,7,14,0,0,2,0,2,0,0,9,7,16,0,6,6,22
05/19/2021,CWF,LA,ASW,CE,Federal Contract Tower,1,0,0,2,3,0,2,0,0,2,1,2,0,2,5,0,0,0,5
05/20/2021,CWF,LA,ASW,CE,Federal Contract Tower,0,0,3,12,15,0,1,0,0,1,0,1,3,12,16,0,0,0,16
05/21/2021,CWF,LA,ASW,CE,Federal Contract Tower,0,0,8,10,18,0,0,0,0,0,0,0,8,10,18,0,0,0,18
05/22/2021,CWF,LA,ASW,CE,Federal Contract Tower,2,0,4,3,9,0,0,3,0,3,2,0,7,3,12,0,0,0,12
05/23/2021,CWF,LA,ASW,CE,Federal Contract Tower,0,0,6,10,16,0,2,11,6,19,0,2,17,16,35,8,10,18,53
05/24/2021,CWF,LA,ASW,CE,Federal Contract Tower,0,8,5,27,40,0,0,20,4,24,0,8,25,31,64,24,24,48,112
05/25/2021,CWF,LA,ASW,CE,Federal Contract Tower,1,2,11,7,21,0,0,19,8,27,1,2,30,15,48,14,6,20,68
05/26/2021,CWF,LA,ASW,CE,Federal Contract Tower,1,0,14,32,47,0,11,17,1,29,1,11,31,33,76,0,26,26,102
05/27/2021,CWF,LA,ASW,CE,Federal Contract Tower,0,0,15,40,55,0,1,19,2,22,0,1,34,42,77,38,28,66,143
05/28/2021,CWF,LA,ASW,CE,Federal Contract Tower,0,0,2,5,7,0,0,13,1,14,0,0,15,6,21,14,0,14,35
05/29/2021,CWF,LA,ASW,CE,Federal Contract Tower,0,0,4,0,4,0,0,6,0,6,0,0,10,0,10,36,0,36,46
05/30/2021,CWF,LA,ASW,CE,Federal Contract Tower,0,0,9,0,9,0,0,16,0,16,0,0,25,0,25,6,0,6,31
05/31/2021,CWF,LA,ASW,CE,Federal Contract Tower,0,0,3,4,7,0,5,12,0,17,0,5,15,4,24,22,0,22,46
06/01/2021,CWF,LA,ASW,CE,Federal Contract Tower,2,8,18,7,35,0,0,5,1,6,2,8,23,8,41,0,0,0,41
06/02/2021,CWF,LA,ASW,CE,Federal Contract Tower,0,0,4,18,22,0,0,3,9,12,0,0,7,27,34,0,16,16,50
06/03/2021,CWF,LA,ASW,CE,Federal Contract Tower,0,1,5,8,14,0,4,22,0,26,0,5,27,8,40,20,20,40,80
06/04/2021,CWF,LA,ASW,CE,Federal Contract Tower,0,0,4,6,10,0,2,13,2,17,0,2,17,8,27,0,0,0,27
06/05/2021,CWF,LA,ASW,CE,Federal Contract Tower,0,0,2,0,2,0,1,12,3,16,0,1,14,3,18,6,0,6,24
06/06/2021,CWF,LA,ASW,CE,Federal Contract Tower,0,0,4,7,11,0,1,10,3,14,0,1,14,10,25,0,0,0,25
06/07/2021,CWF,LA,ASW,CE,Federal Contract Tower,0,1,10,22,33,0,2,11,3,16,0,3,21,25,49,10,0,10,59
06/08/2021,CWF,LA,ASW,CE,Federal Contract Tower,0,2,6,19,27,0,2,8,4,14,0,4,14,23,41,0,42,42,83
06/09/2021,CWF,LA,ASW,CE,Federal Contract Tower,3,2,11,47,63,0,0,14,6,20,3,2,25,53,83,26,74,100,183
06/10/2021,CWF,LA,ASW,CE,Federal Contract Tower,0,1,19,48,68,0,2,23,7,32,0,3,42,55,100,36,166,202,302
06/11/2021,CWF,LA,ASW,CE,Federal Contract Tower,1,2,8,40,51,0,0,11,7,18,1,2,19,47,69,20,30,50,119
06/12/2021,CWF,LA,ASW,CE,Federal Contract Tower,0,0,1,8,9,0,0,2,2,4,0,0,3,10,13,0,0,0,13
06/13/2021,CWF,LA,ASW,CE,Federal Contract Tower,0,0,2,1,3,0,0,4,1,5,0,0,6,2,8,0,8,8,16
06/14/2021,CWF,LA,ASW,CE,Federal Contract Tower,1,5,20,16,42,0,0,20,9,29,1,5,40,25,71,44,20,64,135
06/15/2021,CWF,LA,ASW,CE,Federal Contract Tower,0,0,27,14,41,0,1,34,5,40,0,1,61,19,81,56,10,66,147
06/16/2021,CWF,LA,ASW,CE,Federal Contract Tower,3,0,18,17,38,0,4,8,8,20,3,4,26,25,58,40,20,60,118
06/17/2021,CWF,LA,ASW,CE,Federal Contract Tower,0,0,12,39,51,0,0,27,2,29,0,0,39,41,80,38,48,86,166
06/18/2021,CWF,LA,ASW,CE,Federal Contract Tower,1,3,11,15,30,0,0,21,2,23,1,3,32,17,53,0,0,0,53
06/19/2021,CWF,LA,ASW,CE,Federal Contract Tower,0,0,7,12,19,0,0,2,1,3,0,0,9,13,22,20,0,20,42
06/20/2021,CWF,LA,ASW,CE,Federal Contract Tower,0,0,3,2,5,0,0,3,1,4,0,0,6,3,9,0,0,0,9
06/21/2021,CWF,LA,ASW,CE,Federal Contract Tower,3,0,14,0,17,0,0,6,0,6,3,0,20,0,23,2,0,2,25
06/22/2021,CWF,LA,ASW,CE,Federal Contract Tower,0,3,14,23,40,0,3,11,4,18,0,6,25,27,58,10,40,50,108
06/23/2021,CWF,LA,ASW,CE,Federal Contract Tower,0,4,17,15,36,0,2,18,3,23,0,6,35,18,59,6,0,6,65
06/24/2021,CWF,LA,ASW,CE,Federal Contract Tower,0,1,7,0,8,0,0,12,0,12,0,1,19,0,20,0,0,0,20
06/25/2021,CWF,LA,ASW,CE,Federal Contract Tower,2,0,13,13,28,0,4,7,2,13,2,4,20,15,41,30,10,40,81
06/26/2021,CWF,LA,ASW,CE,Federal Contract Tower,0,0,7,0,7,0,0,5,0,5,0,0,12,0,12,10,0,10,22
06/27/2021,CWF,LA,ASW,CE,Federal Contract Tower,0,0,5,8,13,0,0,8,0,8,0,0,13,8,21,14,8,22,43
06/28/2021,CWF,LA,ASW,CE,Federal Contract Tower,1,4,17,0,22,0,0,9,0,9,1,4,26,0,31,20,0,20,51
06/29/2021,CWF,LA,ASW,CE,Federal Contract Tower,1,4,20,0,25,0,10,12,0,22,1,14,32,0,47,12,0,12,59
06/30/2021,CWF,LA,ASW,CE,Federal Contract Tower,0,4,16,32,52,0,20,23,0,43,0,24,39,32,95,10,124,134,229
07/01/2021,CWF,LA,ASW,CE,Federal Contract Tower,3,0,12,7,22,0,4,17,0,21,3,4,29,7,43,0,10,10,53
07/02/2021,CWF,LA,ASW,CE,Federal Contract Tower,0,6,4,8,18,0,1,14,1,16,0,7,18,9,34,14,6,20,54
07/03/2021,CWF,LA,ASW,CE,Federal Contract Tower,0,3,1,0,4,0,0,0,0,0,0,3,1,0,4,0,0,0,4
07/04/2021,CWF,LA,ASW,CE,Federal Contract Tower,0,0,5,0,5,0,0,10,0,10,0,0,15,0,15,30,0,30,45
07/05/2021,CWF,LA,ASW,CE,Federal Contract Tower,0,0,24,2,26,0,0,17,0,17,0,0,41,2,43,12,0,12,55
07/06/2021,CWF,LA,ASW,CE,Federal Contract Tower,1,3,11,10,25,0,0,6,0,6,1,3,17,10,31,0,0,0,31
07/07/2021,CWF,LA,ASW,CE,Federal Contract Tower,2,2,4,6,14,0,0,7,0,7,2,2,11,6,21,0,4,4,25
07/08/2021,CWF,LA,ASW,CE,Federal Contract Tower,1,0,20,2,23,0,0,10,0,10,1,0,30,2,33,10,36,46,79
07/09/2021,CWF,LA,ASW,CE,Federal Contract Tower,1,0,7,0,8,0,0,11,4,15,1,0,18,4,23,0,0,0,23
07/10/2021,CWF,LA,ASW,CE,Federal Contract Tower,0,2,0,6,8,0,0,2,0,2,0,2,2,6,10,0,0,0,10
07/11/2021,CWF,LA,ASW,CE,Federal Contract Tower,0,2,10,0,12,0,0,9,0,9,0,2,19,0,21,0,0,0,21
07/12/2021,CWF,LA,ASW,CE,Federal Contract Tower,0,2,9,3,14,0,0,3,0,3,0,2,12,3,17,0,0,0,17
07/13/2021,CWF,LA,ASW,CE,Federal Contract Tower,2,0,14,14,30,0,5,22,12,39,2,5,36,26,69,8,0,8,77
07/14/2021,CWF,LA,ASW,CE,Federal Contract Tower,0,0,20,19,39,0,7,21,0,28,0,7,41,19,67,10,32,42,109
07/15/2021,CWF,LA,ASW,CE,Federal Contract Tower,0,0,8,19,27,0,1,21,2,24,0,1,29,21,51,6,0,6,57
07/16/2021,CWF,LA,ASW,CE,Federal Contract Tower,0,0,7,2,9,0,3,10,0,13,0,3,17,2,22,0,0,0,22
07/17/2021,CWF,LA,ASW,CE,Federal Contract Tower,0,0,4,4,8,0,2,1,2,5,0,2,5,6,13,0,0,0,13
07/18/2021,CWF,LA,ASW,CE,Federal Contract Tower,0,0,3,2,5,0,0,5,0,5,0,0,8,2,10,0,0,0,10
07/19/2021,CWF,LA,ASW,CE,Federal Contract Tower,0,0,11,0,11,0,0,12,0,12,0,0,23,0,23,0,0,0,23
07/20/2021,CWF,LA,ASW,CE,Federal Contract Tower,0,2,10,11,23,0,0,11,2,13,0,2,21,13,36,0,0,0,36
07/21/2021,CWF,LA,ASW,CE,Federal Contract Tower,0,1,20,38,59,0,0,19,0,19,0,1,39,38,78,0,20,20,98
07/22/2021,CWF,LA,ASW,CE,Federal Contract Tower,0,0,28,21,49,0,0,25,1,26,0,0,53,22,75,0,28,28,103
07/23/2021,CWF,LA,ASW,CE,Federal Contract Tower,0,0,17,63,80,0,5,13,10,28,0,5,30,73,108,0,24,24,132
07/24/2021,CWF,LA,ASW,CE,Federal Contract Tower,2,0,6,17,25,0,0,10,3,13,2,0,16,20,38,6,0,6,44
07/25/2021,CWF,LA,ASW,CE,Federal Contract Tower,0,0,6,25,31,0,0,16,0,16,0,0,22,25,47,10,6,16,63
07/26/2021,CWF,LA,ASW,CE,Federal Contract Tower,0,4,7,27,38,0,0,9,3,12,0,4,16,30,50,14,30,44,94
07/27/2021,CWF,LA,ASW,CE,Federal Contract Tower,0,0,20,26,46,0,6,19,11,36,0,6,39,37,82,0,10,10,92
07/28/2021,CWF,LA,ASW,CE,Federal Contract Tower,0,0,12,35,47,0,1,29,0,30,0,1,41,35,77,0,34,34,111
07/29/2021,CWF,LA,ASW,CE,Federal Contract Tower,0,0,7,5,12,0,1,7,3,11,0,1,14,8,23,0,0,0,23
07/30/2021,CWF,LA,ASW,CE,Federal Contract Tower,0,0,1,38,39,0,0,9,5,14,0,0,10,43,53,0,20,20,73
07/31/2021,CWF,LA,ASW,CE,Federal Contract Tower,0,0,3,0,3,0,0,15,0,15,0,0,18,0,18,0,0,0,18
08/01/2021,CWF,LA,ASW,CE,Federal Contract Tower,0,0,6,0,6,0,0,5,0,5,0,0,11,0,11,4,0,4,15
08/02/2021,CWF,LA,ASW,CE,Federal Contract Tower,2,0,1,0,3,0,0,10,0,10,2,0,11,0,13,0,0,0,13
08/03/2021,CWF,LA,ASW,CE,Federal Contract Tower,0,1,3,9,13,0,0,9,1,10,0,1,12,10,23,0,0,0,23
08/04/2021,CWF,LA,ASW,CE,Federal Contract Tower,0,0,10,28,38,0,4,14,7,25,0,4,24,35,63,0,28,28,91
08/05/2021,CWF,LA,ASW,CE,Federal Contract Tower,0,4,19,18,41,0,2,23,4,29,0,6,42,22,70,10,0,10,80
08/06/2021,CWF,LA,ASW,CE,Federal Contract Tower,0,0,6,26,32,0,0,12,5,17,0,0,18,31,49,0,6,6,55
08/07/2021,CWF,LA,ASW,CE,Federal Contract Tower,0,0,2,0,2,0,0,3,0,3,0,0,5,0,5,0,0,0,5
08/08/2021,CWF,LA,ASW,CE,Federal Contract Tower,0,0,2,0,2,0,0,3,0,3,0,0,5,0,5,0,0,0,5
08/09/2021,CWF,LA,ASW,CE,Federal Contract Tower,0,0,11,21,32,0,1,15,3,19,0,1,26,24,51,0,34,34,85
08/10/2021,CWF,LA,ASW,CE,Federal Contract Tower,0,0,10,25,35,0,5,15,3,23,0,5,25,28,58,0,22,22,80
08/12/2021,CWF,LA,ASW,CE,Federal Contract Tower,0,0,0,2,2,0,2,8,0,10,0,2,8,2,12,0,0,0,12
08/13/2021,CWF,LA,ASW,CE,Federal Contract Tower,1,0,2,25,28,0,2,19,2,23,1,2,21,27,51,0,0,0,51
08/14/2021,CWF,LA,ASW,CE,Federal Contract Tower,0,0,6,17,23,0,0,6,3,9,0,0,12,20,32,0,0,0,32
08/15/2021,CWF,LA,ASW,CE,Federal Contract Tower,0,0,6,0,6,0,0,10,0,10,0,0,16,0,16,0,0,0,16
08/16/2021,CWF,LA,ASW,CE,Federal Contract Tower,0,0,10,22,32,0,1,8,5,14,0,1,18,27,46,0,20,20,66
08/17/2021,CWF,LA,ASW,CE,Federal Contract Tower,0,0,11,30,41,0,4,13,3,20,0,4,24,33,61,0,6,6,67
08/18/2021,CWF,LA,ASW,CE,Federal Contract Tower,0,1,3,25,29,0,0,3,3,6,0,1,6,28,35,0,2,2,37
08/19/2021,CWF,LA,ASW,CE,Federal Contract Tower,0,0,24,9,33,0,4,17,1,22,0,4,41,10,55,0,30,30,85
08/20/2021,CWF,LA,ASW,CE,Federal Contract Tower,2,0,9,21,32,0,0,15,3,18,2,0,24,24,50,4,0,4,54
08/21/2021,CWF,LA,ASW,CE,Federal Contract Tower,0,0,3,7,10,0,0,5,3,8,0,0,8,10,18,0,0,0,18
08/22/2021,CWF,LA,ASW,CE,Federal Contract Tower,0,0,1,4,5,0,2,10,0,12,0,2,11,4,17,0,4,4,21
08/23/2021,CWF,LA,ASW,CE,Federal Contract Tower,0,0,11,27,38,0,11,28,4,43,0,11,39,31,81,2,44,46,127
08/24/2021,CWF,LA,ASW,CE,Federal Contract Tower,0,0,17,20,37,0,4,22,4,30,0,4,39,24,67,0,30,30,97
08/25/2021,CWF,LA,ASW,CE,Federal Contract Tower,0,0,34,23,57,0,6,14,0,20,0,6,48,23,77,30,10,40,117
08/26/2021,CWF,LA,ASW,CE,Federal Contract Tower,0,5,7,25,37,0,15,16,11,42,0,20,23,36,79,0,0,0,79
08/27/2021,CWF,LA,ASW,CE,Federal Contract Tower,0,0,7,5,12,0,5,10,1,16,0,5,17,6,28,18,20,38,66
08/28/2021,CWF,LA,ASW,CE,Federal Contract Tower,0,1,12,0,13,0,0,1,0,1,0,1,13,0,14,0,0,0,14
08/29/2021,CWF,LA,ASW,CE,Federal Contract Tower,0,0,1,1,2,0,0,0,0,0,0,0,1,1,2,0,0,0,2
08/30/2021,CWF,LA,ASW,CE,Federal Contract Tower,0,0,13,3,16,0,0,7,0,7,0,0,20,3,23,0,0,0,23
08/31/2021,CWF,LA,ASW,CE,Federal Contract Tower,0,5,18,13,36,0,18,20,1,39,0,23,38,14,75,0,0,0,75
09/01/2021,CWF,LA,ASW,CE,Federal Contract Tower,0,0,10,29,39,0,4,30,2,36,0,4,40,31,75,6,40,46,121
09/02/2021,CWF,LA,ASW,CE,Federal Contract Tower,0,0,32,6,38,0,7,27,6,40,0,7,59,12,78,10,10,20,98
09/03/2021,CWF,LA,ASW,CE,Federal Contract Tower,0,0,37,3,40,0,2,36,3,41,0,2,73,6,81,0,0,0,81
09/04/2021,CWF,LA,ASW,CE,Federal Contract Tower,0,0,18,10,28,0,2,24,11,37,0,2,42,21,65,0,0,0,65
09/05/2021,CWF,LA,ASW,CE,Federal Contract Tower,0,0,10,2,12,0,0,16,1,17,0,0,26,3,29,0,0,0,29
09/06/2021,CWF,LA,ASW,CE,Federal Contract Tower,0,8,12,0,20,0,2,14,0,16,0,10,26,0,36,0,0,0,36
09/07/2021,CWF,LA,ASW,CE,Federal Contract Tower,0,4,6,13,23,0,1,25,1,27,0,5,31,14,50,40,0,40,90
09/08/2021,CWF,LA,ASW,CE,Federal Contract Tower,0,0,14,18,32,0,5,48,7,60,0,5,62,25,92,0,36,36,128
09/09/2021,CWF,LA,ASW,CE,Federal Contract Tower,0,1,4,21,26,0,6,14,1,21,0,7,18,22,47,0,18,18,65
09/10/2021,CWF,LA,ASW,CE,Federal Contract Tower,0,2,10,36,48,0,2,11,7,20,0,4,21,43,68,10,12,22,90
09/11/2021,CWF,LA,ASW,CE,Federal Contract Tower,1,0,3,2,6,0,0,13,2,15,1,0,16,4,21,0,4,4,25
09/12/2021,CWF,LA,ASW,CE,Federal Contract Tower,0,2,4,0,6,0,0,2,0,2,0,2,6,0,8,0,0,0,8
09/13/2021,CWF,LA,ASW,CE,Federal Contract Tower,1,0,10,1,12,0,0,4,0,4,1,0,14,1,16,0,0,0,16
09/14/2021,CWF,LA,ASW,CE,Federal Contract Tower,0,0,0,0,0,0,0,0,0,0,0,0,0,0,0,0,0,0,0
09/15/2021,CWF,LA,ASW,CE,Federal Contract Tower,0,1,3,2,6,0,0,0,0,0,0,1,3,2,6,0,0,0,6
09/16/2021,CWF,LA,ASW,CE,Federal Contract Tower,2,1,10,8,21,0,0,0,0,0,2,1,10,8,21,0,0,0,21
09/17/2021,CWF,LA,ASW,CE,Federal Contract Tower,0,0,17,33,50,0,6,21,4,31,0,6,38,37,81,20,0,20,101
09/18/2021,CWF,LA,ASW,CE,Federal Contract Tower,0,0,5,9,14,0,0,4,0,4,0,0,9,9,18,0,0,0,18
09/19/2021,CWF,LA,ASW,CE,Federal Contract Tower,0,0,6,3,9,0,2,5,1,8,0,2,11,4,17,0,14,14,31
09/20/2021,CWF,LA,ASW,CE,Federal Contract Tower,2,3,8,8,21,0,2,7,0,9,2,5,15,8,30,0,0,0,30
09/21/2021,CWF,LA,ASW,CE,Federal Contract Tower,1,5,14,13,33,0,1,7,0,8,1,6,21,13,41,12,70,82,123
09/22/2021,CWF,LA,ASW,CE,Federal Contract Tower,0,0,28,12,40,0,2,25,1,28,0,2,53,13,68,0,30,30,98
09/23/2021,CWF,LA,ASW,CE,Federal Contract Tower,2,0,12,26,40,0,0,23,9,32,2,0,35,35,72,10,36,46,118
09/24/2021,CWF,LA,ASW,CE,Federal Contract Tower,1,0,19,83,103,0,0,43,3,46,1,0,62,86,149,30,60,90,239
09/25/2021,CWF,LA,ASW,CE,Federal Contract Tower,0,0,4,15,19,0,2,21,3,26,0,2,25,18,45,10,4,14,59
09/26/2021,CWF,LA,ASW,CE,Federal Contract Tower,0,0,4,33,37,0,0,11,3,14,0,0,15,36,51,0,0,0,51
09/27/2021,CWF,LA,ASW,CE,Federal Contract Tower,0,0,13,6,19,0,6,34,3,43,0,6,47,9,62,22,0,22,84
09/28/2021,CWF,LA,ASW,CE,Federal Contract Tower,0,0,9,0,9,0,0,6,0,6,0,0,15,0,15,0,0,0,15
09/29/2021,CWF,LA,ASW,CE,Federal Contract Tower,0,0,7,0,7,0,2,8,0,10,0,2,15,0,17,0,0,0,17
09/30/2021,CWF,LA,ASW,CE,Federal Contract Tower,1,0,2,2,5,0,1,9,0,10,1,1,11,2,15,0,0,0,15
10/01/2021,CWF,LA,ASW,CE,Federal Contract Tower,2,0,17,4,23,0,0,1,2,3,2,0,18,6,26,4,0,4,30
10/02/2021,CWF,LA,ASW,CE,Federal Contract Tower,0,0,3,4,7,0,0,0,2,2,0,0,3,6,9,0,0,0,9
10/03/2021,CWF,LA,ASW,CE,Federal Contract Tower,0,0,7,4,11,0,0,3,0,3,0,0,10,4,14,10,0,10,24
10/04/2021,CWF,LA,ASW,CE,Federal Contract Tower,3,0,5,13,21,0,0,10,6,16,3,0,15,19,37,0,30,30,67
10/05/2021,CWF,LA,ASW,CE,Federal Contract Tower,0,2,6,17,25,0,0,22,6,28,0,2,28,23,53,0,24,24,77
10/06/2021,CWF,LA,ASW,CE,Federal Contract Tower,2,0,30,22,54,0,0,24,8,32,2,0,54,30,86,18,14,32,118
10/07/2021,CWF,LA,ASW,CE,Federal Contract Tower,0,1,20,23,44,0,6,26,6,38,0,7,46,29,82,16,50,66,148
10/08/2021,CWF,LA,ASW,CE,Federal Contract Tower,0,0,7,11,18,0,2,28,1,31,0,2,35,12,49,20,0,20,69
10/09/2021,CWF,LA,ASW,CE,Federal Contract Tower,2,0,7,6,15,0,0,23,0,23,2,0,30,6,38,10,0,10,48
10/10/2021,CWF,LA,ASW,CE,Federal Contract Tower,0,0,11,3,14,0,0,11,0,11,0,0,22,3,25,18,0,18,43
10/11/2021,CWF,LA,ASW,CE,Federal Contract Tower,0,2,14,6,22,0,4,10,2,16,0,6,24,8,38,10,6,16,54
10/12/2021,CWF,LA,ASW,CE,Federal Contract Tower,0,2,35,12,49,0,0,8,0,8,0,2,43,12,57,0,0,0,57
10/13/2021,CWF,LA,ASW,CE,Federal Contract Tower,0,1,29,26,56,0,2,22,0,24,0,3,51,26,80,14,20,34,114
10/14/2021,CWF,LA,ASW,CE,Federal Contract Tower,0,1,25,29,55,0,0,22,5,27,0,1,47,34,82,10,46,56,138
10/15/2021,CWF,LA,ASW,CE,Federal Contract Tower,2,0,22,96,120,0,0,24,2,26,2,0,46,98,146,12,88,100,246
10/16/2021,CWF,LA,ASW,CE,Federal Contract Tower,3,0,3,20,26,0,0,4,0,4,3,0,7,20,30,0,10,10,40
10/17/2021,CWF,LA,ASW,CE,Federal Contract Tower,1,0,3,18,22,0,0,13,6,19,1,0,16,24,41,0,62,62,103
10/18/2021,CWF,LA,ASW,CE,Federal Contract Tower,0,2,27,32,61,0,0,31,3,34,0,2,58,35,95,2,30,32,127
10/19/2021,CWF,LA,ASW,CE,Federal Contract Tower,0,0,5,11,16,0,0,11,5,16,0,0,16,16,32,10,6,16,48
10/20/2021,CWF,LA,ASW,CE,Federal Contract Tower,0,0,13,3,16,0,0,10,2,12,0,0,23,5,28,0,0,0,28
10/21/2021,CWF,LA,ASW,CE,Federal Contract Tower,0,0,9,4,13,0,0,15,1,16,0,0,24,5,29,0,0,0,29
10/22/2021,CWF,LA,ASW,CE,Federal Contract Tower,0,0,28,43,71,0,0,30,1,31,0,0,58,44,102,0,48,48,150
10/23/2021,CWF,LA,ASW,CE,Federal Contract Tower,2,0,4,0,6,0,4,0,0,4,2,4,4,0,10,4,0,4,14
10/24/2021,CWF,LA,ASW,CE,Federal Contract Tower,0,0,6,3,9,0,0,4,5,9,0,0,10,8,18,0,0,0,18
10/25/2021,CWF,LA,ASW,CE,Federal Contract Tower,0,2,6,9,17,0,0,8,5,13,0,2,14,14,30,0,12,12,42
10/26/2021,CWF,LA,ASW,CE,Federal Contract Tower,0,4,6,12,22,0,1,4,3,8,0,5,10,15,30,0,2,2,32
10/27/2021,CWF,LA,ASW,CE,Federal Contract Tower,0,0,3,5,8,0,0,0,0,0,0,0,3,5,8,0,0,0,8
10/28/2021,CWF,LA,ASW,CE,Federal Contract Tower,2,3,7,24,36,0,7,3,15,25,2,10,10,39,61,0,22,22,83
10/29/2021,CWF,LA,ASW,CE,Federal Contract Tower,0,2,15,57,74,0,0,9,4,13,0,2,24,61,87,10,62,72,159
10/30/2021,CWF,LA,ASW,CE,Federal Contract Tower,2,0,3,0,5,0,2,9,4,15,2,2,12,4,20,0,0,0,20
10/31/2021,CWF,LA,ASW,CE,Federal Contract Tower,0,0,9,7,16,0,0,2,3,5,0,0,11,10,21,30,4,34,55
11/01/2021,CWF,LA,ASW,CE,Federal Contract Tower,0,0,8,41,49,0,1,14,7,22,0,1,22,48,71,24,24,48,119
11/02/2021,CWF,LA,ASW,CE,Federal Contract Tower,0,0,20,36,56,0,7,9,12,28,0,7,29,48,84,16,24,40,124
11/03/2021,CWF,LA,ASW,CE,Federal Contract Tower,0,0,26,35,61,0,6,9,1,16,0,6,35,36,77,0,44,44,121
11/04/2021,CWF,LA,ASW,CE,Federal Contract Tower,0,0,7,17,24,0,1,2,5,8,0,1,9,22,32,0,4,4,36
11/05/2021,CWF,LA,ASW,CE,Federal Contract Tower,1,0,19,61,81,0,5,30,6,41,1,5,49,67,122,50,11,61,183
11/06/2021,CWF,LA,ASW,CE,Federal Contract Tower,2,0,5,22,29,0,0,2,0,2,2,0,7,22,31,0,12,12,43
11/07/2021,CWF,LA,ASW,CE,Federal Contract Tower,0,0,4,39,43,0,0,4,6,10,0,0,8,45,53,0,40,40,93
11/08/2021,CWF,LA,ASW,CE,Federal Contract Tower,0,1,15,27,43,0,1,18,2,21,0,2,33,29,64,6,6,12,76
11/09/2021,CWF,LA,ASW,CE,Federal Contract Tower,0,4,9,38,51,0,1,10,15,26,0,5,19,53,77,6,90,96,173
11/10/2021,CWF,LA,ASW,CE,Federal Contract Tower,0,2,12,33,47,0,21,6,4,31,0,23,18,37,78,20,40,60,138
11/11/2021,CWF,LA,ASW,CE,Federal Contract Tower,0,0,20,4,24,0,5,5,6,16,0,5,25,10,40,0,0,0,40
11/12/2021,CWF,LA,ASW,CE,Federal Contract Tower,0,0,13,26,39,0,0,4,2,6,0,0,17,28,45,0,22,22,67
11/13/2021,CWF,LA,ASW,CE,Federal Contract Tower,2,0,5,5,12,0,0,15,1,16,2,0,20,6,28,4,2,6,34
11/14/2021,CWF,LA,ASW,CE,Federal Contract Tower,0,0,6,9,15,0,0,17,1,18,0,0,23,10,33,0,0,0,33
11/16/2021,CWF,LA,ASW,CE,Federal Contract Tower,0,2,2,43,47,0,6,11,8,25,0,8,13,51,72,0,8,8,80
11/17/2021,CWF,LA,ASW,CE,Federal Contract Tower,0,0,6,8,14,0,1,9,8,18,0,1,15,16,32,10,1,11,43
11/18/2021,CWF,LA,ASW,CE,Federal Contract Tower,1,0,3,2,6,0,0,4,0,4,1,0,7,2,10,4,0,4,14
11/19/2021,CWF,LA,ASW,CE,Federal Contract Tower,1,0,3,12,16,2,0,12,3,17,3,0,15,15,33,0,0,0,33
11/20/2021,CWF,LA,ASW,CE,Federal Contract Tower,0,0,4,10,14,0,0,14,0,14,0,0,18,10,28,30,6,36,64
11/21/2021,CWF,LA,ASW,CE,Federal Contract Tower,0,0,4,1,5,0,0,0,5,5,0,0,4,6,10,0,26,26,36
11/22/2021,CWF,LA,ASW,CE,Federal Contract Tower,0,2,5,25,32,0,1,15,11,27,0,3,20,36,59,6,40,46,105
11/23/2021,CWF,LA,ASW,CE,Federal Contract Tower,0,0,15,16,31,0,2,16,7,25,0,2,31,23,56,24,0,24,80
11/24/2021,CWF,LA,ASW,CE,Federal Contract Tower,1,0,13,8,22,0,1,13,2,16,1,1,26,10,38,20,0,20,58
11/25/2021,CWF,LA,ASW,CE,Federal Contract Tower,0,0,0,0,0,0,0,0,0,0,0,0,0,0,0,0,0,0,0
11/26/2021,CWF,LA,ASW,CE,Federal Contract Tower,0,2,0,0,2,0,0,11,0,11,0,2,11,0,13,0,0,0,13
11/27/2021,CWF,LA,ASW,CE,Federal Contract Tower,0,0,6,0,6,0,0,3,0,3,0,0,9,0,9,0,0,0,9
11/28/2021,CWF,LA,ASW,CE,Federal Contract Tower,0,2,5,1,8,0,3,0,1,4,0,5,5,2,12,0,4,4,16
11/29/2021,CWF,LA,ASW,CE,Federal Contract Tower,0,0,18,22,40,0,3,6,2,11,0,3,24,24,51,10,0,10,61
11/30/2021,CWF,LA,ASW,CE,Federal Contract Tower,0,0,6,12,18,0,0,15,8,23,0,0,21,20,41,0,58,58,99
12/01/2021,CWF,LA,ASW,CE,Federal Contract Tower,1,0,4,34,39,0,0,2,8,10,1,0,6,42,49,0,0,0,49
12/02/2021,CWF,LA,ASW,CE,Federal Contract Tower,0,0,18,26,44,0,0,15,1,16,0,0,33,27,60,0,44,44,104
12/03/2021,CWF,LA,ASW,CE,Federal Contract Tower,2,0,18,34,54,0,6,25,6,37,2,6,43,40,91,0,26,26,117
12/04/2021,CWF,LA,ASW,CE,Federal Contract Tower,0,0,25,10,35,0,0,26,10,36,0,0,51,20,71,10,0,10,81
12/05/2021,CWF,LA,ASW,CE,Federal Contract Tower,0,0,14,5,19,0,0,4,0,4,0,0,18,5,23,10,0,10,33
12/06/2021,CWF,LA,ASW,CE,Federal Contract Tower,0,0,12,0,12,0,0,2,0,2,0,0,14,0,14,0,0,0,14
12/07/2021,CWF,LA,ASW,CE,Federal Contract Tower,0,0,18,2,20,0,0,0,0,0,0,0,18,2,20,0,0,0,20
12/08/2021,CWF,LA,ASW,CE,Federal Contract Tower,0,4,6,6,16,0,2,1,2,5,0,6,7,8,21,14,0,14,35
12/09/2021,CWF,LA,ASW,CE,Federal Contract Tower,1,1,13,7,22,0,0,0,0,0,1,1,13,7,22,0,6,6,28
12/10/2021,CWF,LA,ASW,CE,Federal Contract Tower,0,0,11,5,16,0,0,2,0,2,0,0,13,5,18,0,0,0,18
12/11/2021,CWF,LA,ASW,CE,Federal Contract Tower,0,0,5,2,7,0,0,0,8,8,0,0,5,10,15,0,34,34,49
12/12/2021,CWF,LA,ASW,CE,Federal Contract Tower,0,0,8,1,9,0,2,9,1,12,0,2,17,2,21,0,0,0,21
12/13/2021,CWF,LA,ASW,CE,Federal Contract Tower,2,2,7,15,26,0,5,10,0,15,2,7,17,15,41,10,20,30,71
12/14/2021,CWF,LA,ASW,CE,Federal Contract Tower,0,0,10,25,35,0,2,3,2,7,0,2,13,27,42,0,6,6,48
12/15/2021,CWF,LA,ASW,CE,Federal Contract Tower,0,0,20,7,27,0,0,6,3,9,0,0,26,10,36,0,12,12,48
12/16/2021,CWF,LA,ASW,CE,Federal Contract Tower,0,2,2,8,12,0,0,5,2,7,0,2,7,10,19,6,0,6,25
12/17/2021,CWF,LA,ASW,CE,Federal Contract Tower,0,0,11,14,25,0,0,3,0,3,0,0,14,14,28,0,0,0,28
12/18/2021,CWF,LA,ASW,CE,Federal Contract Tower,0,0,2,0,2,0,0,0,0,0,0,0,2,0,2,0,0,0,2
12/19/2021,CWF,LA,ASW,CE,Federal Contract Tower,0,0,4,3,7,0,0,2,1,3,0,0,6,4,10,0,0,0,10
12/20/2021,CWF,LA,ASW,CE,Federal Contract Tower,0,0,2,2,4,0,0,8,2,10,0,0,10,4,14,0,0,0,14
12/21/2021,CWF,LA,ASW,CE,Federal Contract Tower,0,0,4,19,23,0,0,11,4,15,0,0,15,23,38,6,30,36,74
12/22/2021,CWF,LA,ASW,CE,Federal Contract Tower,0,0,8,6,14,0,0,14,0,14,0,0,22,6,28,0,0,0,28
12/23/2021,CWF,LA,ASW,CE,Federal Contract Tower,0,0,12,0,12,0,0,7,0,7,0,0,19,0,19,0,6,6,25
12/24/2021,CWF,LA,ASW,CE,Federal Contract Tower,0,0,3,0,3,0,0,6,0,6,0,0,9,0,9,0,0,0,9
12/25/2021,CWF,LA,ASW,CE,Federal Contract Tower,0,0,0,0,0,0,2,2,0,4,0,2,2,0,4,0,0,0,4
12/26/2021,CWF,LA,ASW,CE,Federal Contract Tower,0,0,5,0,5,0,0,7,0,7,0,0,12,0,12,0,0,0,12
12/27/2021,CWF,LA,ASW,CE,Federal Contract Tower,0,0,11,5,16,0,7,5,2,14,0,7,16,7,30,0,0,0,30
12/28/2021,CWF,LA,ASW,CE,Federal Contract Tower,0,2,8,11,21,0,3,9,6,18,0,5,17,17,39,0,4,4,43
12/29/2021,CWF,LA,ASW,CE,Federal Contract Tower,0,0,6,15,21,0,0,0,0,0,0,0,6,15,21,0,0,0,21
12/30/2021,CWF,LA,ASW,CE,Federal Contract Tower,0,0,7,0,7,0,0,1,0,1,0,0,8,0,8,0,0,0,8
12/31/2021,CWF,LA,ASW,CE,Federal Contract Tower,0,0,5,0,5,0,0,0,2,2,0,0,5,2,7,0,0,0,7
01/01/2022,CWF,LA,ASW,CE,Federal Contract Tower,0,0,3,0,3,0,0,1,0,1,0,0,4,0,4,0,0,0,4
01/02/2022,CWF,LA,ASW,CE,Federal Contract Tower,0,0,2,0,2,0,0,3,0,3,0,0,5,0,5,0,0,0,5
01/03/2022,CWF,LA,ASW,CE,Federal Contract Tower,2,0,16,2,20,0,2,24,4,30,2,2,40,6,50,0,0,0,50
01/04/2022,CWF,LA,ASW,CE,Federal Contract Tower,0,0,13,9,22,0,4,17,5,26,0,4,30,14,48,0,26,26,74
01/05/2022,CWF,LA,ASW,CE,Federal Contract Tower,2,0,6,10,18,0,0,9,4,13,2,0,15,14,31,10,12,22,53
01/06/2022,CWF,LA,ASW,CE,Federal Contract Tower,2,0,20,50,72,0,0,13,2,15,2,0,33,52,87,0,50,50,137
01/07/2022,CWF,LA,ASW,CE,Federal Contract Tower,0,0,28,17,45,0,0,31,10,41,0,0,59,27,86,30,10,40,126
01/08/2022,CWF,LA,ASW,CE,Federal Contract Tower,0,0,2,0,2,0,0,2,0,2,0,0,4,0,4,0,0,0,4
01/09/2022,CWF,LA,ASW,CE,Federal Contract Tower,0,0,6,2,8,0,0,2,2,4,0,0,8,4,12,0,0,0,12
01/10/2022,CWF,LA,ASW,CE,Federal Contract Tower,0,0,17,4,21,0,0,10,0,10,0,0,27,4,31,0,20,20,51
01/11/2022,CWF,LA,ASW,CE,Federal Contract Tower,0,0,7,11,18,1,1,14,4,20,1,1,21,15,38,0,8,8,46
01/12/2022,CWF,LA,ASW,CE,Federal Contract Tower,0,3,32,15,50,0,0,26,2,28,0,3,58,17,78,0,0,0,78
01/13/2022,CWF,LA,ASW,CE,Federal Contract Tower,0,7,15,19,41,0,5,30,3,38,0,12,45,22,79,8,10,18,97
01/14/2022,CWF,LA,ASW,CE,Federal Contract Tower,0,1,34,17,52,0,4,15,2,21,0,5,49,19,73,20,40,60,133
01/15/2022,CWF,LA,ASW,CE,Federal Contract Tower,0,2,0,0,2,0,2,7,0,9,0,4,7,0,11,20,0,20,31
01/16/2022,CWF,LA,ASW,CE,Federal Contract Tower,0,0,3,2,5,0,0,9,0,9,0,0,12,2,14,0,2,2,16
01/17/2022,CWF,LA,ASW,CE,Federal Contract Tower,1,2,16,8,27,0,8,20,4,32,1,10,36,12,59,20,10,30,89
01/18/2022,CWF,LA,ASW,CE,Federal Contract Tower,2,1,2,14,19,0,4,17,7,28,2,5,19,21,47,0,44,44,91
01/19/2022,CWF,LA,ASW,CE,Federal Contract Tower,0,0,22,11,33,0,0,6,0,6,0,0,28,11,39,0,20,20,59
01/20/2022,CWF,LA,ASW,CE,Federal Contract Tower,0,5,8,8,21,0,0,0,0,0,0,5,8,8,21,0,0,0,21
01/21/2022,CWF,LA,ASW,CE,Federal Contract Tower,0,0,3,6,9,0,0,9,0,9,0,0,12,6,18,6,0,6,24
01/22/2022,CWF,LA,ASW,CE,Federal Contract Tower,0,0,7,29,36,0,0,23,4,27,0,0,30,33,63,0,30,30,93
01/23/2022,CWF,LA,ASW,CE,Federal Contract Tower,0,0,4,2,6,0,0,11,2,13,0,0,15,4,19,0,0,0,19
01/24/2022,CWF,LA,ASW,CE,Federal Contract Tower,0,0,1,2,3,0,0,0,0,0,0,0,1,2,3,0,0,0,3
01/25/2022,CWF,LA,ASW,CE,Federal Contract Tower,6,0,14,16,36,0,0,3,0,3,6,0,17,16,39,0,0,0,39
01/26/2022,CWF,LA,ASW,CE,Federal Contract Tower,0,1,15,16,32,0,3,10,5,18,0,4,25,21,50,0,34,34,84
01/27/2022,CWF,LA,ASW,CE,Federal Contract Tower,0,4,16,25,45,0,6,9,3,18,0,10,25,28,63,50,44,94,157
01/28/2022,CWF,LA,ASW,CE,Federal Contract Tower,0,0,24,39,63,0,3,20,2,25,0,3,44,41,88,12,20,32,120
01/29/2022,CWF,LA,ASW,CE,Federal Contract Tower,0,1,2,10,13,0,0,9,1,10,0,1,11,11,23,0,20,20,43
01/30/2022,CWF,LA,ASW,CE,Federal Contract Tower,0,1,7,4,12,2,0,11,2,15,2,1,18,6,27,0,30,30,57
01/31/2022,CWF,LA,ASW,CE,Federal Contract Tower,0,4,6,11,21,0,0,8,4,12,0,4,14,15,33,60,10,70,103
02/01/2022,CWF,LA,ASW,CE,Federal Contract Tower,2,0,8,2,12,0,0,0,0,0,2,0,8,2,12,0,0,0,12
02/02/2022,CWF,LA,ASW,CE,Federal Contract Tower,0,0,9,14,23,0,0,2,2,4,0,0,11,16,27,22,0,22,49
02/03/2022,CWF,LA,ASW,CE,Federal Contract Tower,0,1,2,0,3,0,0,0,0,0,0,1,2,0,3,0,0,0,3
02/04/2022,CWF,LA,ASW,CE,Federal Contract Tower,0,0,15,12,27,0,0,5,9,14,0,0,20,21,41,0,40,40,81
02/05/2022,CWF,LA,ASW,CE,Federal Contract Tower,2,0,19,15,36,0,7,18,6,31,2,7,37,21,67,10,20,30,97
02/06/2022,CWF,LA,ASW,CE,Federal Contract Tower,2,1,22,2,27,0,1,20,3,24,2,2,42,5,51,16,20,36,87
02/07/2022,CWF,LA,ASW,CE,Federal Contract Tower,0,0,12,18,30,0,1,24,6,31,0,1,36,24,61,0,32,32,93
02/08/2022,CWF,LA,ASW,CE,Federal Contract Tower,0,1,6,14,21,0,0,21,4,25,0,1,27,18,46,0,50,50,96
02/09/2022,CWF,LA,ASW,CE,Federal Contract Tower,0,1,10,21,32,0,0,12,9,21,0,1,22,30,53,6,12,18,71
02/10/2022,CWF,LA,ASW,CE,Federal Contract Tower,0,2,26,13,41,2,4,20,2,28,2,6,46,15,69,0,20,20,89
02/11/2022,CWF,LA,ASW,CE,Federal Contract Tower,0,0,4,14,18,0,0,12,1,13,0,0,16,15,31,70,0,70,101
02/12/2022,CWF,LA,ASW,CE,Federal Contract Tower,0,6,12,1,19,0,0,7,0,7,0,6,19,1,26,0,0,0,26
02/13/2022,CWF,LA,ASW,CE,Federal Contract Tower,0,0,21,20,41,0,0,17,0,17,0,0,38,20,58,0,20,20,78
02/14/2022,CWF,LA,ASW,CE,Federal Contract Tower,0,0,34,31,65,0,0,7,3,10,0,0,41,34,75,38,70,108,183
02/15/2022,CWF,LA,ASW,CE,Federal Contract Tower,5,0,22,17,44,0,4,22,6,32,5,4,44,23,76,20,10,30,106
02/16/2022,CWF,LA,ASW,CE,Federal Contract Tower,1,0,11,7,19,0,0,2,2,4,1,0,13,9,23,0,0,0,23
02/17/2022,CWF,LA,ASW,CE,Federal Contract Tower,0,0,1,0,1,0,0,1,0,1,0,0,2,0,2,0,0,0,2
02/18/2022,CWF,LA,ASW,CE,Federal Contract Tower,0,0,30,13,43,0,3,13,0,16,0,3,43,13,59,0,40,40,99
02/19/2022,CWF,LA,ASW,CE,Federal Contract Tower,0,0,2,10,12,0,0,20,0,20,0,0,22,10,32,0,48,48,80
02/20/2022,CWF,LA,ASW,CE,Federal Contract Tower,0,0,10,1,11,0,0,12,1,13,0,0,22,2,24,10,0,10,34
02/21/2022,CWF,LA,ASW,CE,Federal Contract Tower,0,2,4,16,22,0,0,0,0,0,0,2,4,16,22,0,0,0,22
02/22/2022,CWF,LA,ASW,CE,Federal Contract Tower,0,4,7,9,20,0,2,0,3,5,0,6,7,12,25,0,0,0,25
02/23/2022,CWF,LA,ASW,CE,Federal Contract Tower,0,0,1,3,4,0,0,0,0,0,0,0,1,3,4,0,0,0,4
02/24/2022,CWF,LA,ASW,CE,Federal Contract Tower,0,0,8,2,10,0,0,0,0,0,0,0,8,2,10,0,0,0,10
02/25/2022,CWF,LA,ASW,CE,Federal Contract Tower,0,0,6,13,19,0,0,0,0,0,0,0,6,13,19,0,0,0,19
02/26/2022,CWF,LA,ASW,CE,Federal Contract Tower,0,0,3,1,4,0,1,0,0,1,0,1,3,1,5,0,0,0,5
02/27/2022,CWF,LA,ASW,CE,Federal Contract Tower,4,0,5,2,11,0,1,2,0,3,4,1,7,2,14,0,0,0,14
02/28/2022,CWF,LA,ASW,CE,Federal Contract Tower,0,2,17,14,33,0,3,18,0,21,0,5,35,14,54,10,20,30,84
03/01/2022,CWF,LA,ASW,CE,Federal Contract Tower,1,0,11,22,34,0,0,30,6,36,1,0,41,28,70,26,64,90,160
03/02/2022,CWF,LA,ASW,CE,Federal Contract Tower,0,0,6,22,28,0,3,11,5,19,0,3,17,27,47,2,66,68,115
03/03/2022,CWF,LA,ASW,CE,Federal Contract Tower,0,0,17,16,33,0,2,22,9,33,0,2,39,25,66,40,20,60,126
03/04/2022,CWF,LA,ASW,CE,Federal Contract Tower,0,0,21,19,40,0,0,21,20,41,0,0,42,39,81,0,50,50,131
03/05/2022,CWF,LA,ASW,CE,Federal Contract Tower,0,0,10,14,24,0,0,18,3,21,0,0,28,17,45,10,30,40,85
03/06/2022,CWF,LA,ASW,CE,Federal Contract Tower,0,0,5,2,7,0,0,8,8,16,0,0,13,10,23,20,10,30,53
03/07/2022,CWF,LA,ASW,CE,Federal Contract Tower,0,6,28,13,47,0,3,21,5,29,0,9,49,18,76,0,24,24,100
03/08/2022,CWF,LA,ASW,CE,Federal Contract Tower,0,0,12,11,23,0,0,0,0,0,0,0,12,11,23,0,0,0,23
03/09/2022,CWF,LA,ASW,CE,Federal Contract Tower,0,0,9,12,21,0,2,3,3,8,0,2,12,15,29,10,16,26,55
03/10/2022,CWF,LA,ASW,CE,Federal Contract Tower,3,0,8,9,20,0,0,11,9,20,3,0,19,18,40,10,30,40,80
03/11/2022,CWF,LA,ASW,CE,Federal Contract Tower,1,0,3,18,22,0,4,2,0,6,1,4,5,18,28,0,0,0,28
03/12/2022,CWF,LA,ASW,CE,Federal Contract Tower,1,0,2,2,5,0,0,3,2,5,1,0,5,4,10,0,0,0,10
03/13/2022,CWF,LA,ASW,CE,Federal Contract Tower,0,0,3,10,13,0,0,6,0,6,0,0,9,10,19,0,12,12,31
03/14/2022,CWF,LA,ASW,CE,Federal Contract Tower,2,0,2,7,11,0,0,0,0,0,2,0,2,7,11,0,0,0,11
03/15/2022,CWF,LA,ASW,CE,Federal Contract Tower,0,2,4,7,13,0,2,10,3,15,0,4,14,10,28,0,46,46,74
03/16/2022,CWF,LA,ASW,CE,Federal Contract Tower,0,0,19,8,27,0,2,19,1,22,0,2,38,9,49,0,30,30,79
03/17/2022,CWF,LA,ASW,CE,Federal Contract Tower,0,0,11,6,17,0,0,1,2,3,0,0,12,8,20,0,0,0,20
03/18/2022,CWF,LA,ASW,CE,Federal Contract Tower,0,0,5,12,17,0,4,4,2,10,0,4,9,14,27,6,6,12,39
03/19/2022,CWF,LA,ASW,CE,Federal Contract Tower,0,2,3,2,7,0,0,11,0,11,0,2,14,2,18,4,0,4,22
03/20/2022,CWF,LA,ASW,CE,Federal Contract Tower,0,0,2,16,18,0,4,15,1,20,0,4,17,17,38,12,0,12,50
03/21/2022,CWF,LA,ASW,CE,Federal Contract Tower,1,0,2,4,7,0,0,2,2,4,1,0,4,6,11,0,20,20,31
03/22/2022,CWF,LA,ASW,CE,Federal Contract Tower,0,1,0,0,1,1,0,0,0,1,1,1,0,0,2,4,0,4,6
03/23/2022,CWF,LA,ASW,CE,Federal Contract Tower,2,5,4,23,34,0,0,3,5,8,2,5,7,28,42,0,14,14,56
03/24/2022,CWF,LA,ASW,CE,Federal Contract Tower,0,0,15,25,40,0,7,3,4,14,0,7,18,29,54,0,40,40,94
03/25/2022,CWF,LA,ASW,CE,Federal Contract Tower,1,0,3,21,25,0,0,17,0,17,1,0,20,21,42,10,26,36,78
03/26/2022,CWF,LA,ASW,CE,Federal Contract Tower,1,0,3,17,21,0,0,14,7,21,1,0,17,24,42,4,46,50,92
03/27/2022,CWF,LA,ASW,CE,Federal Contract Tower,1,0,1,8,10,0,0,7,1,8,1,0,8,9,18,0,2,2,20
03/28/2022,CWF,LA,ASW,CE,Federal Contract Tower,0,1,2,14,17,0,0,2,2,4,0,1,4,16,21,0,0,0,21
03/29/2022,CWF,LA,ASW,CE,Federal Contract Tower,0,0,8,23,31,0,1,2,3,6,0,1,10,26,37,0,0,0,37
03/30/2022,CWF,LA,ASW,CE,Federal Contract Tower,0,0,1,0,1,0,0,0,0,0,0,0,1,0,1,0,0,0,1
03/31/2022,CWF,LA,ASW,CE,Federal Contract Tower,0,0,13,18,31,0,0,12,9,21,0,0,25,27,52,6,0,6,58
04/01/2022,CWF,LA,ASW,CE,Federal Contract Tower,0,0,18,39,57,0,0,14,18,32,0,0,32,57,89,10,42,52,141
04/02/2022,CWF,LA,ASW,CE,Federal Contract Tower,2,0,1,8,11,0,1,7,4,12,2,1,8,12,23,6,34,40,63
04/03/2022,CWF,LA,ASW,CE,Federal Contract Tower,0,0,3,7,10,0,0,11,5,16,0,0,14,12,26,10,16,26,52
04/04/2022,CWF,LA,ASW,CE,Federal Contract Tower,0,2,7,8,17,0,0,5,0,5,0,2,12,8,22,6,0,6,28
04/05/2022,CWF,LA,ASW,CE,Federal Contract Tower,0,6,3,0,9,0,0,1,2,3,0,6,4,2,12,0,0,0,12
04/06/2022,CWF,LA,ASW,CE,Federal Contract Tower,1,0,1,10,12,0,2,2,0,4,1,2,3,10,16,18,8,26,42
04/07/2022,CWF,LA,ASW,CE,Federal Contract Tower,0,1,12,13,26,0,2,22,5,29,0,3,34,18,55,8,0,8,63
04/08/2022,CWF,LA,ASW,CE,Federal Contract Tower,0,0,2,27,29,0,3,5,5,13,0,3,7,32,42,0,0,0,42
04/09/2022,CWF,LA,ASW,CE,Federal Contract Tower,0,0,5,12,17,0,0,16,0,16,0,0,21,12,33,0,0,0,33
04/10/2022,CWF,LA,ASW,CE,Federal Contract Tower,0,0,6,5,11,0,0,7,2,9,0,0,13,7,20,0,22,22,42
04/11/2022,CWF,LA,ASW,CE,Federal Contract Tower,3,2,7,6,18,0,0,5,0,5,3,2,12,6,23,8,6,14,37
04/12/2022,CWF,LA,ASW,CE,Federal Contract Tower,0,0,8,2,10,0,0,0,0,0,0,0,8,2,10,0,0,0,10
04/13/2022,CWF,LA,ASW,CE,Federal Contract Tower,0,1,9,0,10,0,0,0,0,0,0,1,9,0,10,0,0,0,10
04/14/2022,CWF,LA,ASW,CE,Federal Contract Tower,0,6,10,8,24,0,0,11,3,14,0,6,21,11,38,4,0,4,42
04/15/2022,CWF,LA,ASW,CE,Federal Contract Tower,0,0,6,2,8,0,2,1,0,3,0,2,7,2,11,0,0,0,11
04/16/2022,CWF,LA,ASW,CE,Federal Contract Tower,0,0,9,5,14,0,0,1,0,1,0,0,10,5,15,0,0,0,15
04/17/2022,CWF,LA,ASW,CE,Federal Contract Tower,0,0,0,2,2,0,0,0,0,0,0,0,0,2,2,0,0,0,2
04/18/2022,CWF,LA,ASW,CE,Federal Contract Tower,2,4,8,6,20,0,2,13,2,17,2,6,21,8,37,4,8,12,49
04/19/2022,CWF,LA,ASW,CE,Federal Contract Tower,0,4,32,8,44,0,3,13,3,19,0,7,45,11,63,6,38,44,107
04/20/2022,CWF,LA,ASW,CE,Federal Contract Tower,1,2,11,20,34,0,2,4,4,10,1,4,15,24,44,0,30,30,74
04/21/2022,CWF,LA,ASW,CE,Federal Contract Tower,0,0,20,19,39,0,0,15,11,26,0,0,35,30,65,10,0,10,75
04/22/2022,CWF,LA,ASW,CE,Federal Contract Tower,0,0,37,33,70,0,4,20,0,24,0,4,57,33,94,18,40,58,152
04/23/2022,CWF,LA,ASW,CE,Federal Contract Tower,0,0,15,10,25,0,0,10,2,12,0,0,25,12,37,40,0,40,77
04/24/2022,CWF,LA,ASW,CE,Federal Contract Tower,2,0,11,6,19,0,0,11,0,11,2,0,22,6,30,0,0,0,30
04/25/2022,CWF,LA,ASW,CE,Federal Contract Tower,0,0,11,2,13,0,0,19,0,19,0,0,30,2,32,0,0,0,32
04/26/2022,CWF,LA,ASW,CE,Federal Contract Tower,0,4,4,13,21,0,0,8,1,9,0,4,12,14,30,0,28,28,58
04/27/2022,CWF,LA,ASW,CE,Federal Contract Tower,0,2,19,10,31,0,0,31,14,45,0,2,50,24,76,0,0,0,76
04/28/2022,CWF,LA,ASW,CE,Federal Contract Tower,4,0,21,57,82,0,3,22,12,37,4,3,43,69,119,0,30,30,149
04/29/2022,CWF,LA,ASW,CE,Federal Contract Tower,0,0,2,14,16,0,2,14,13,29,0,2,16,27,45,0,42,42,87
04/30/2022,CWF,LA,ASW,CE,Federal Contract Tower,0,0,1,4,5,0,0,3,0,3,0,0,4,4,8,0,20,20,28
05/01/2022,CWF,LA,ASW,CE,Federal Contract Tower,0,0,1,6,7,0,0,4,8,12,0,0,5,14,19,0,0,0,19
05/02/2022,CWF,LA,ASW,CE,Federal Contract Tower,2,6,1,25,34,0,2,9,7,18,2,8,10,32,52,0,40,40,92
05/03/2022,CWF,LA,ASW,CE,Federal Contract Tower,0,0,6,9,15,0,9,17,2,28,0,9,23,11,43,0,30,30,73
05/04/2022,CWF,LA,ASW,CE,Federal Contract Tower,0,0,22,16,38,0,0,21,7,28,0,0,43,23,66,14,10,24,90
05/05/2022,CWF,LA,ASW,CE,Federal Contract Tower,2,0,10,5,17,0,0,5,4,9,2,0,15,9,26,0,4,4,30
05/06/2022,CWF,LA,ASW,CE,Federal Contract Tower,1,0,9,7,17,0,0,15,5,20,1,0,24,12,37,4,0,4,41
05/07/2022,CWF,LA,ASW,CE,Federal Contract Tower,0,0,9,2,11,0,0,1,0,1,0,0,10,2,12,0,0,0,12
05/08/2022,CWF,LA,ASW,CE,Federal Contract Tower,0,0,9,3,12,0,0,5,1,6,0,0,14,4,18,0,0,0,18
05/09/2022,CWF,LA,ASW,CE,Federal Contract Tower,4,2,3,23,32,0,0,24,0,24,4,2,27,23,56,4,14,18,74
05/10/2022,CWF,LA,ASW,CE,Federal Contract Tower,0,6,17,18,41,0,4,21,2,27,0,10,38,20,68,2,24,26,94
05/11/2022,CWF,LA,ASW,CE,Federal Contract Tower,0,0,17,22,39,0,3,12,3,18,0,3,29,25,57,0,24,24,81
05/12/2022,CWF,LA,ASW,CE,Federal Contract Tower,2,0,10,5,17,0,1,11,0,12,2,1,21,5,29,0,8,8,37
05/13/2022,CWF,LA,ASW,CE,Federal Contract Tower,0,0,4,20,24,0,0,9,16,25,0,0,13,36,49,0,14,14,63
05/14/2022,CWF,LA,ASW,CE,Federal Contract Tower,0,0,1,2,3,0,0,7,2,9,0,0,8,4,12,0,0,0,12
05/15/2022,CWF,LA,ASW,CE,Federal Contract Tower,0,0,2,0,2,0,0,2,0,2,0,0,4,0,4,0,0,0,4
05/16/2022,CWF,LA,ASW,CE,Federal Contract Tower,0,0,9,32,41,0,0,20,9,29,0,0,29,41,70,0,32,32,102
05/17/2022,CWF,LA,ASW,CE,Federal Contract Tower,0,0,8,10,18,0,4,17,3,24,0,4,25,13,42,0,26,26,68
05/18/2022,CWF,LA,ASW,CE,Federal Contract Tower,0,0,4,14,18,0,0,8,2,10,0,0,12,16,28,10,8,18,46
05/19/2022,CWF,LA,ASW,CE,Federal Contract Tower,2,2,13,23,40,0,0,8,0,8,2,2,21,23,48,0,22,22,70
05/20/2022,CWF,LA,ASW,CE,Federal Contract Tower,0,0,13,12,25,0,0,6,0,6,0,0,19,12,31,0,22,22,53
05/21/2022,CWF,LA,ASW,CE,Federal Contract Tower,0,0,3,2,5,0,0,4,0,4,0,0,7,2,9,0,6,6,15
05/22/2022,CWF,LA,ASW,CE,Federal Contract Tower,0,0,2,2,4,0,0,2,2,4,0,0,4,4,8,0,0,0,8
05/23/2022,CWF,LA,ASW,CE,Federal Contract Tower,0,9,7,13,29,0,0,2,5,7,0,9,9,18,36,2,10,12,48
05/24/2022,CWF,LA,ASW,CE,Federal Contract Tower,0,1,7,0,8,0,0,0,0,0,0,1,7,0,8,0,0,0,8
05/25/2022,CWF,LA,ASW,CE,Federal Contract Tower,0,0,6,0,6,0,0,6,0,6,0,0,12,0,12,16,0,16,28
05/26/2022,CWF,LA,ASW,CE,Federal Contract Tower,0,0,8,15,23,0,4,11,0,15,0,4,19,15,38,10,0,10,48
05/27/2022,CWF,LA,ASW,CE,Federal Contract Tower,0,0,10,15,25,0,0,25,0,25,0,0,35,15,50,2,0,2,52
05/28/2022,CWF,LA,ASW,CE,Federal Contract Tower,0,0,0,0,0,0,0,14,0,14,0,0,14,0,14,14,0,14,28
05/29/2022,CWF,LA,ASW,CE,Federal Contract Tower,0,0,3,0,3,0,0,13,4,17,0,0,16,4,20,0,0,0,20
05/30/2022,CWF,LA,ASW,CE,Federal Contract Tower,0,0,7,4,11,0,0,15,0,15,0,0,22,4,26,0,0,0,26
05/31/2022,CWF,LA,ASW,CE,Federal Contract Tower,2,1,19,26,48,0,1,25,3,29,2,2,44,29,77,26,40,66,143
06/01/2022,CWF,LA,ASW,CE,Federal Contract Tower,0,1,5,9,15,0,3,18,3,24,0,4,23,12,39,2,16,18,57
06/02/2022,CWF,LA,ASW,CE,Federal Contract Tower,2,6,1,25,34,0,2,9,7,18,2,8,10,32,52,0,40,40,92
06/03/2022,CWF,LA,ASW,CE,Federal Contract Tower,1,0,27,28,56,0,6,16,10,32,1,6,43,38,88,10,10,20,108
06/04/2022,CWF,LA,ASW,CE,Federal Contract Tower,0,0,8,1,9,0,0,16,1,17,0,0,24,2,26,10,10,20,46
06/05/2022,CWF,LA,ASW,CE,Federal Contract Tower,0,0,1,1,2,0,0,11,2,13,0,0,12,3,15,14,0,14,29
06/06/2022,CWF,LA,ASW,CE,Federal Contract Tower,0,4,5,2,11,0,2,10,4,16,0,6,15,6,27,0,0,0,27
06/07/2022,CWF,LA,ASW,CE,Federal Contract Tower,1,1,3,20,25,0,0,16,11,27,1,1,19,31,52,4,10,14,66
06/08/2022,CWF,LA,ASW,CE,Federal Contract Tower,0,0,7,12,19,0,0,16,0,16,0,0,23,12,35,10,0,10,45
06/09/2022,CWF,LA,ASW,CE,Federal Contract Tower,2,0,6,16,24,0,0,7,3,10,2,0,13,19,34,10,8,18,52
06/10/2022,CWF,LA,ASW,CE,Federal Contract Tower,1,0,7,13,21,0,0,11,5,16,1,0,18,18,37,12,8,20,57
06/11/2022,CWF,LA,ASW,CE,Federal Contract Tower,2,0,5,11,18,0,0,11,5,16,2,0,16,16,34,0,14,14,48
06/12/2022,CWF,LA,ASW,CE,Federal Contract Tower,0,0,2,2,4,0,0,3,2,5,0,0,5,4,9,0,4,4,13
06/13/2022,CWF,LA,ASW,CE,Federal Contract Tower,0,0,5,2,7,0,0,7,4,11,0,0,12,6,18,0,0,0,18
06/14/2022,CWF,LA,ASW,CE,Federal Contract Tower,1,2,3,18,24,0,8,12,1,21,1,10,15,19,45,0,54,54,99
06/15/2022,CWF,LA,ASW,CE,Federal Contract Tower,0,0,7,4,11,0,0,21,0,21,0,0,28,4,32,4,6,10,42
06/16/2022,CWF,LA,ASW,CE,Federal Contract Tower,0,0,2,12,14,0,0,5,0,5,0,0,7,12,19,4,0,4,23
06/17/2022,CWF,LA,ASW,CE,Federal Contract Tower,0,0,3,10,13,0,0,5,1,6,0,0,8,11,19,14,10,24,43
06/18/2022,CWF,LA,ASW,CE,Federal Contract Tower,2,1,2,15,20,0,0,9,1,10,2,1,11,16,30,6,0,6,36
06/19/2022,CWF,LA,ASW,CE,Federal Contract Tower,0,0,1,2,3,0,0,1,0,1,0,0,2,2,4,10,0,10,14
06/20/2022,CWF,LA,ASW,CE,Federal Contract Tower,0,1,16,19,36,0,0,28,1,29,0,1,44,20,65,0,44,44,109
06/21/2022,CWF,LA,ASW,CE,Federal Contract Tower,0,1,6,25,32,0,2,12,0,14,0,3,18,25,46,0,20,20,66
06/22/2022,CWF,LA,ASW,CE,Federal Contract Tower,2,0,8,8,18,0,2,21,4,27,2,2,29,12,45,2,20,22,67
06/23/2022,CWF,LA,ASW,CE,Federal Contract Tower,0,0,8,21,29,0,0,15,7,22,0,0,23,28,51,2,26,28,79
06/24/2022,CWF,LA,ASW,CE,Federal Contract Tower,0,0,5,47,52,0,0,15,0,15,0,0,20,47,67,10,10,20,87
06/25/2022,CWF,LA,ASW,CE,Federal Contract Tower,0,0,2,12,14,0,2,9,2,13,0,2,11,14,27,0,16,16,43
06/26/2022,CWF,LA,ASW,CE,Federal Contract Tower,0,0,10,15,25,0,0,2,1,3,0,0,12,16,28,0,14,14,42
06/27/2022,CWF,LA,ASW,CE,Federal Contract Tower,0,0,5,14,19,0,0,17,0,17,0,0,22,14,36,2,10,12,48
06/28/2022,CWF,LA,ASW,CE,Federal Contract Tower,0,0,6,17,23,0,8,7,0,15,0,8,13,17,38,6,54,60,98
06/29/2022,CWF,LA,ASW,CE,Federal Contract Tower,0,0,18,14,32,0,8,12,1,21,0,8,30,15,53,20,0,20,73
06/30/2022,CWF,LA,ASW,CE,Federal Contract Tower,0,0,6,2,8,0,0,7,2,9,0,0,13,4,17,0,0,0,17
07/01/2022,CWF,LA,ASW,CE,Federal Contract Tower,0,0,8,0,8,0,0,0,0,0,0,0,8,0,8,0,0,0,8
07/02/2022,CWF,LA,ASW,CE,Federal Contract Tower,0,0,4,0,4,0,0,4,0,4,0,0,8,0,8,8,0,8,16
07/03/2022,CWF,LA,ASW,CE,Federal Contract Tower,0,0,6,3,9,0,0,12,0,12,0,0,18,3,21,0,0,0,21
07/04/2022,CWF,LA,ASW,CE,Federal Contract Tower,0,0,2,0,2,0,0,6,0,6,0,0,8,0,8,0,0,0,8
07/05/2022,CWF,LA,ASW,CE,Federal Contract Tower,0,6,5,17,28,0,0,18,1,19,0,6,23,18,47,0,0,0,47
07/06/2022,CWF,LA,ASW,CE,Federal Contract Tower,0,0,7,0,7,0,0,9,0,9,0,0,16,0,16,24,0,24,40
07/07/2022,CWF,LA,ASW,CE,Federal Contract Tower,4,0,9,10,23,0,0,10,6,16,4,0,19,16,39,0,4,4,43
07/08/2022,CWF,LA,ASW,CE,Federal Contract Tower,0,1,6,21,28,0,0,20,10,30,0,1,26,31,58,20,2,22,80
07/09/2022,CWF,LA,ASW,CE,Federal Contract Tower,0,0,2,4,6,0,1,15,0,16,0,1,17,4,22,12,0,12,34
07/10/2022,CWF,LA,ASW,CE,Federal Contract Tower,1,0,3,0,4,0,2,4,0,6,1,2,7,0,10,0,0,0,10
07/11/2022,CWF,LA,ASW,CE,Federal Contract Tower,0,0,1,4,5,0,3,11,0,14,0,3,12,4,19,8,0,8,27
07/12/2022,CWF,LA,ASW,CE,Federal Contract Tower,0,1,23,16,40,0,3,20,9,32,0,4,43,25,72,0,76,76,148
07/13/2022,CWF,LA,ASW,CE,Federal Contract Tower,0,1,11,14,26,0,1,6,4,11,0,2,17,18,37,20,20,40,77
07/14/2022,CWF,LA,ASW,CE,Federal Contract Tower,0,0,12,0,12,0,0,14,0,14,0,0,26,0,26,0,0,0,26
07/15/2022,CWF,LA,ASW,CE,Federal Contract Tower,3,8,1,26,38,0,1,12,4,17,3,9,13,30,55,10,20,30,85
07/16/2022,CWF,LA,ASW,CE,Federal Contract Tower,0,0,3,8,11,0,0,8,0,8,0,0,11,8,19,0,4,4,23
07/17/2022,CWF,LA,ASW,CE,Federal Contract Tower,0,0,7,2,9,0,2,10,0,12,0,2,17,2,21,0,0,0,21
07/18/2022,CWF,LA,ASW,CE,Federal Contract Tower,0,1,8,10,19,0,5,16,2,23,0,6,24,12,42,0,24,24,66
07/19/2022,CWF,LA,ASW,CE,Federal Contract Tower,0,0,11,21,32,0,4,18,1,23,0,4,29,22,55,10,10,20,75
07/20/2022,CWF,LA,ASW,CE,Federal Contract Tower,0,0,6,39,45,0,0,15,2,17,0,0,21,41,62,0,20,20,82
07/21/2022,CWF,LA,ASW,CE,Federal Contract Tower,1,2,18,23,44,0,1,24,3,28,1,3,42,26,72,0,50,50,122
07/22/2022,CWF,LA,ASW,CE,Federal Contract Tower,0,0,5,0,5,0,0,17,2,19,0,0,22,2,24,0,0,0,24
07/23/2022,CWF,LA,ASW,CE,Federal Contract Tower,0,0,6,2,8,0,1,7,0,8,0,1,13,2,16,0,0,0,16
07/24/2022,CWF,LA,ASW,CE,Federal Contract Tower,0,0,10,46,56,0,0,10,0,10,0,0,20,46,66,0,14,14,80
07/25/2022,CWF,LA,ASW,CE,Federal Contract Tower,2,0,21,34,57,0,5,18,1,24,2,5,39,35,81,18,20,38,119
07/26/2022,CWF,LA,ASW,CE,Federal Contract Tower,0,2,5,10,17,0,6,19,5,30,0,8,24,15,47,10,20,30,77
07/27/2022,CWF,LA,ASW,CE,Federal Contract Tower,0,0,8,2,10,0,0,11,0,11,0,0,19,2,21,22,20,42,63
07/28/2022,CWF,LA,ASW,CE,Federal Contract Tower,0,0,5,25,30,0,2,10,0,12,0,2,15,25,42,18,30,48,90
07/29/2022,CWF,LA,ASW,CE,Federal Contract Tower,0,0,5,1,6,0,0,4,1,5,0,0,9,2,11,0,0,0,11
07/30/2022,CWF,LA,ASW,CE,Federal Contract Tower,0,0,5,0,5,0,2,4,0,6,0,2,9,0,11,0,0,0,11
07/31/2022,CWF,LA,ASW,CE,Federal Contract Tower,0,0,8,4,12,0,0,10,0,10,0,0,18,4,22,12,0,12,34
08/01/2022,CWF,LA,ASW,CE,Federal Contract Tower,0,0,4,9,13,0,4,7,1,12,0,4,11,10,25,20,6,26,51
08/02/2022,CWF,LA,ASW,CE,Federal Contract Tower,0,0,3,0,3,0,4,14,0,18,0,4,17,0,21,6,0,6,27
08/03/2022,CWF,LA,ASW,CE,Federal Contract Tower,0,0,10,11,21,0,0,10,1,11,0,0,20,12,32,0,10,10,42
08/04/2022,CWF,LA,ASW,CE,Federal Contract Tower,0,3,19,10,32,0,0,6,0,6,0,3,25,10,38,16,0,16,54
08/05/2022,CWF,LA,ASW,CE,Federal Contract Tower,1,0,6,15,22,0,0,7,1,8,1,0,13,16,30,2,0,2,32
08/06/2022,CWF,LA,ASW,CE,Federal Contract Tower,0,0,3,0,3,0,2,1,0,3,0,2,4,0,6,0,0,0,6
08/07/2022,CWF,LA,ASW,CE,Federal Contract Tower,0,3,3,4,10,0,0,4,4,8,0,3,7,8,18,10,0,10,28
08/08/2022,CWF,LA,ASW,CE,Federal Contract Tower,0,4,9,6,19,0,1,8,0,9,0,5,17,6,28,10,0,10,38
08/09/2022,CWF,LA,ASW,CE,Federal Contract Tower,0,2,2,8,12,0,1,7,2,10,0,3,9,10,22,14,0,14,36
08/10/2022,CWF,LA,ASW,CE,Federal Contract Tower,0,0,7,6,13,0,2,10,2,14,0,2,17,8,27,0,8,8,35
08/11/2022,CWF,LA,ASW,CE,Federal Contract Tower,0,0,16,2,18,0,4,5,0,9,0,4,21,2,27,6,0,6,33
08/12/2022,CWF,LA,ASW,CE,Federal Contract Tower,0,0,15,7,22,0,0,13,0,13,0,0,28,7,35,10,0,10,45
08/13/2022,CWF,LA,ASW,CE,Federal Contract Tower,0,0,3,11,14,0,0,0,1,1,0,0,3,12,15,0,8,8,23
08/14/2022,CWF,LA,ASW,CE,Federal Contract Tower,0,0,18,11,29,0,0,17,2,19,0,0,35,13,48,2,20,22,70
08/15/2022,CWF,LA,ASW,CE,Federal Contract Tower,0,0,21,23,44,0,5,44,1,50,0,5,65,24,94,10,10,20,114
08/16/2022,CWF,LA,ASW,CE,Federal Contract Tower,0,0,21,14,35,0,2,40,2,44,0,2,61,16,79,14,0,14,93
08/17/2022,CWF,LA,ASW,CE,Federal Contract Tower,0,0,10,16,26,1,0,12,5,18,1,0,22,21,44,0,40,40,84
08/18/2022,CWF,LA,ASW,CE,Federal Contract Tower,0,0,7,6,13,0,0,11,0,11,0,0,18,6,24,12,10,22,46
08/19/2022,CWF,LA,ASW,CE,Federal Contract Tower,5,0,8,0,13,0,0,9,0,9,5,0,17,0,22,12,0,12,34
08/20/2022,CWF,LA,ASW,CE,Federal Contract Tower,0,0,3,0,3,0,0,6,2,8,0,0,9,2,11,6,2,8,19
08/21/2022,CWF,LA,ASW,CE,Federal Contract Tower,0,0,7,4,11,0,0,13,0,13,0,0,20,4,24,22,0,22,46
08/22/2022,CWF,LA,ASW,CE,Federal Contract Tower,0,0,6,6,12,0,0,12,4,16,0,0,18,10,28,20,0,20,48
08/23/2022,CWF,LA,ASW,CE,Federal Contract Tower,0,4,5,2,11,0,0,8,0,8,0,4,13,2,19,10,0,10,29
08/24/2022,CWF,LA,ASW,CE,Federal Contract Tower,0,0,0,5,5,0,0,9,0,9,0,0,9,5,14,10,0,10,24
08/25/2022,CWF,LA,ASW,CE,Federal Contract Tower,1,0,5,7,13,0,1,10,1,12,1,1,15,8,25,0,0,0,25
08/26/2022,CWF,LA,ASW,CE,Federal Contract Tower,0,0,4,2,6,0,1,10,0,11,0,1,14,2,17,0,0,0,17
08/27/2022,CWF,LA,ASW,CE,Federal Contract Tower,0,0,2,0,2,0,2,8,0,10,0,2,10,0,12,8,0,8,20
08/28/2022,CWF,LA,ASW,CE,Federal Contract Tower,0,0,3,0,3,0,2,6,0,8,0,2,9,0,11,6,0,6,17
08/29/2022,CWF,LA,ASW,CE,Federal Contract Tower,0,0,4,3,7,0,0,15,0,15,0,0,19,3,22,0,0,0,22
08/30/2022,CWF,LA,ASW,CE,Federal Contract Tower,0,0,1,4,5,0,2,24,2,28,0,2,25,6,33,0,0,0,33
08/31/2022,CWF,LA,ASW,CE,Federal Contract Tower,0,0,15,3,18,0,0,16,5,21,0,0,31,8,39,0,14,14,53
09/01/2022,CWF,LA,ASW,CE,Federal Contract Tower,0,0,12,1,13,0,2,9,9,20,0,2,21,10,33,2,0,2,35
09/02/2022,CWF,LA,ASW,CE,Federal Contract Tower,2,0,5,6,13,0,0,12,0,12,2,0,17,6,25,0,0,0,25
09/03/2022,CWF,LA,ASW,CE,Federal Contract Tower,0,0,0,0,0,0,0,3,0,3,0,0,3,0,3,0,0,0,3
09/04/2022,CWF,LA,ASW,CE,Federal Contract Tower,0,0,4,0,4,0,0,1,8,9,0,0,5,8,13,0,0,0,13
09/05/2022,CWF,LA,ASW,CE,Federal Contract Tower,1,0,13,0,14,0,0,25,0,25,1,0,38,0,39,26,0,26,65
09/06/2022,CWF,LA,ASW,CE,Federal Contract Tower,0,2,5,2,9,0,4,17,0,21,0,6,22,2,30,14,0,14,44
09/07/2022,CWF,LA,ASW,CE,Federal Contract Tower,1,0,5,1,7,0,0,20,0,20,1,0,25,1,27,0,8,8,35
09/08/2022,CWF,LA,ASW,CE,Federal Contract Tower,0,0,8,22,30,0,0,15,9,24,0,0,23,31,54,4,0,4,58
09/09/2022,CWF,LA,ASW,CE,Federal Contract Tower,0,6,8,10,24,0,0,15,5,20,0,6,23,15,44,2,8,10,54
09/10/2022,CWF,LA,ASW,CE,Federal Contract Tower,0,0,11,27,38,0,2,16,2,20,0,2,27,29,58,0,20,20,78
09/11/2022,CWF,LA,ASW,CE,Federal Contract Tower,2,0,9,13,24,0,0,22,0,22,2,0,31,13,46,20,10,30,76
09/12/2022,CWF,LA,ASW,CE,Federal Contract Tower,0,6,8,17,31,0,2,23,1,26,0,8,31,18,57,28,4,32,89
09/13/2022,CWF,LA,ASW,CE,Federal Contract Tower,0,0,5,17,22,0,0,19,8,27,0,0,24,25,49,24,2,26,75
09/14/2022,CWF,LA,ASW,CE,Federal Contract Tower,0,4,15,34,53,0,8,18,4,30,0,12,33,38,83,2,36,38,121
09/15/2022,CWF,LA,ASW,CE,Federal Contract Tower,0,0,13,12,25,0,2,16,5,23,0,2,29,17,48,18,2,20,68
09/16/2022,CWF,LA,ASW,CE,Federal Contract Tower,0,0,7,38,45,0,0,15,11,26,0,0,22,49,71,0,0,0,71
09/18/2022,CWF,LA,ASW,CE,Federal Contract Tower,0,0,8,34,42,0,1,10,1,12,0,1,18,35,54,0,8,8,62
09/19/2022,CWF,LA,ASW,CE,Federal Contract Tower,0,0,15,20,35,0,2,12,0,14,0,2,27,20,49,10,24,34,83
09/20/2022,CWF,LA,ASW,CE,Federal Contract Tower,1,0,13,21,35,0,8,15,1,24,1,8,28,22,59,32,6,38,97
09/21/2022,CWF,LA,ASW,CE,Federal Contract Tower,0,2,7,28,37,0,3,10,12,25,0,5,17,40,62,0,48,48,110
09/22/2022,CWF,LA,ASW,CE,Federal Contract Tower,4,2,11,26,43,0,1,30,10,41,4,3,41,36,84,0,16,16,100
09/23/2022,CWF,LA,ASW,CE,Federal Contract Tower,0,0,13,40,53,0,0,6,2,8,0,0,19,42,61,4,8,12,73
09/24/2022,CWF,LA,ASW,CE,Federal Contract Tower,0,0,2,4,6,0,0,4,0,4,0,0,6,4,10,20,0,20,30
09/25/2022,CWF,LA,ASW,CE,Federal Contract Tower,0,0,2,9,11,0,0,8,4,12,0,0,10,13,23,0,6,6,29
09/26/2022,CWF,LA,ASW,CE,Federal Contract Tower,0,4,3,10,17,0,0,14,4,18,0,4,17,14,35,18,0,18,53
09/27/2022,CWF,LA,ASW,CE,Federal Contract Tower,0,4,8,12,24,0,9,20,2,31,0,13,28,14,55,16,16,32,87
09/28/2022,CWF,LA,ASW,CE,Federal Contract Tower,1,2,15,9,27,0,0,10,6,16,1,2,25,15,43,34,0,34,77
09/29/2022,CWF,LA,ASW,CE,Federal Contract Tower,0,2,15,21,38,0,4,12,5,21,0,6,27,26,59,0,52,52,111
09/30/2022,CWF,LA,ASW,CE,Federal Contract Tower,0,0,7,44,51,0,4,20,2,26,0,4,27,46,77,0,48,48,125
10/01/2022,CWF,LA,ASW,CE,Federal Contract Tower,0,0,2,0,2,0,0,13,0,13,0,0,15,0,15,24,0,24,39
10/02/2022,CWF,LA,ASW,CE,Federal Contract Tower,2,0,4,2,8,0,0,6,0,6,2,0,10,2,14,4,6,10,24
10/03/2022,CWF,LA,ASW,CE,Federal Contract Tower,3,2,9,38,52,0,6,16,4,26,3,8,25,42,78,0,34,34,112
10/04/2022,CWF,LA,ASW,CE,Federal Contract Tower,4,8,6,17,35,0,2,18,3,23,4,10,24,20,58,24,24,48,106
10/05/2022,CWF,LA,ASW,CE,Federal Contract Tower,0,0,9,17,26,0,2,11,7,20,0,2,20,24,46,0,20,20,66
10/06/2022,CWF,LA,ASW,CE,Federal Contract Tower,0,0,16,22,38,0,2,26,1,29,0,2,42,23,67,8,44,52,119
10/07/2022,CWF,LA,ASW,CE,Federal Contract Tower,0,0,8,23,31,0,0,16,8,24,0,0,24,31,55,0,6,6,61
10/08/2022,CWF,LA,ASW,CE,Federal Contract Tower,0,0,0,6,6,0,2,6,0,8,0,2,6,6,14,0,0,0,14
10/09/2022,CWF,LA,ASW,CE,Federal Contract Tower,0,2,5,7,14,0,0,11,3,14,0,2,16,10,28,0,46,46,74
10/10/2022,CWF,LA,ASW,CE,Federal Contract Tower,0,5,2,1,8,0,1,13,1,15,0,6,15,2,23,0,0,0,23
10/11/2022,CWF,LA,ASW,CE,Federal Contract Tower,0,5,5,24,34,0,1,18,6,25,0,6,23,30,59,0,30,30,89
10/12/2022,CWF,LA,ASW,CE,Federal Contract Tower,0,5,15,8,28,0,2,9,5,16,0,7,24,13,44,14,10,24,68
10/13/2022,CWF,LA,ASW,CE,Federal Contract Tower,2,0,17,28,47,0,0,18,8,26,2,0,35,36,73,0,40,40,113
10/14/2022,CWF,LA,ASW,CE,Federal Contract Tower,3,5,14,17,39,0,1,23,4,28,3,6,37,21,67,6,84,90,157
10/15/2022,CWF,LA,ASW,CE,Federal Contract Tower,0,2,4,8,14,2,0,12,14,28,2,2,16,22,42,14,42,56,98
10/16/2022,CWF,LA,ASW,CE,Federal Contract Tower,0,3,25,26,54,0,1,8,2,11,0,4,33,28,65,34,46,80,145
10/17/2022,CWF,LA,ASW,CE,Federal Contract Tower,0,4,3,2,9,0,4,6,2,12,0,8,9,4,21,16,0,16,37
10/18/2022,CWF,LA,ASW,CE,Federal Contract Tower,0,2,14,5,21,0,7,6,3,16,0,9,20,8,37,0,20,20,57
10/19/2022,CWF,LA,ASW,CE,Federal Contract Tower,0,2,13,6,21,0,6,10,2,18,0,8,23,8,39,0,0,0,39
10/20/2022,CWF,LA,ASW,CE,Federal Contract Tower,0,4,21,21,46,0,0,17,4,21,0,4,38,25,67,30,26,56,123
10/21/2022,CWF,LA,ASW,CE,Federal Contract Tower,0,1,27,60,88,0,1,12,5,18,0,2,39,65,106,18,52,70,176
10/22/2022,CWF,LA,ASW,CE,Federal Contract Tower,0,0,5,1,6,0,0,31,1,32,0,0,36,2,38,6,0,6,44
10/23/2022,CWF,LA,ASW,CE,Federal Contract Tower,0,1,4,14,19,0,1,11,0,12,0,2,15,14,31,0,26,26,57
10/24/2022,CWF,LA,ASW,CE,Federal Contract Tower,2,2,2,22,28,0,2,5,6,13,2,4,7,28,41,0,0,0,41
10/25/2022,CWF,LA,ASW,CE,Federal Contract Tower,2,0,7,19,28,0,5,12,5,22,2,5,19,24,50,40,24,64,114
10/26/2022,CWF,LA,ASW,CE,Federal Contract Tower,1,6,13,24,44,0,4,22,3,29,1,10,35,27,73,10,82,92,165
10/27/2022,CWF,LA,ASW,CE,Federal Contract Tower,0,0,12,24,36,0,0,29,3,32,0,0,41,27,68,10,54,64,132
10/28/2022,CWF,LA,ASW,CE,Federal Contract Tower,0,0,4,0,4,0,0,2,0,2,0,0,6,0,6,12,0,12,18
10/29/2022,CWF,LA,ASW,CE,Federal Contract Tower,0,0,3,2,5,0,0,2,0,2,0,0,5,2,7,0,0,0,7
10/30/2022,CWF,LA,ASW,CE,Federal Contract Tower,0,0,20,11,31,0,0,15,0,15,0,0,35,11,46,0,40,40,86
10/31/2022,CWF,LA,ASW,CE,Federal Contract Tower,0,0,7,13,20,0,2,16,7,25,0,2,23,20,45,10,0,10,55
11/01/2022,CWF,LA,ASW,CE,Federal Contract Tower,0,2,15,5,22,0,2,5,0,7,0,4,20,5,29,14,0,14,43
11/02/2022,CWF,LA,ASW,CE,Federal Contract Tower,1,0,9,28,38,0,10,3,2,15,1,10,12,30,53,0,12,12,65
11/03/2022,CWF,LA,ASW,CE,Federal Contract Tower,0,0,11,28,39,0,4,20,4,28,0,4,31,32,67,0,60,60,127
11/04/2022,CWF,LA,ASW,CE,Federal Contract Tower,4,4,2,16,26,0,0,0,1,1,4,4,2,17,27,0,6,6,33
11/05/2022,CWF,LA,ASW,CE,Federal Contract Tower,0,1,10,0,11,0,0,8,3,11,0,1,18,3,22,8,0,8,30
11/06/2022,CWF,LA,ASW,CE,Federal Contract Tower,0,0,16,33,49,0,0,11,5,16,0,0,27,38,65,0,50,50,115
11/07/2022,CWF,LA,ASW,CE,Federal Contract Tower,0,6,22,22,50,0,8,11,0,19,0,14,33,22,69,0,32,32,101
11/08/2022,CWF,LA,ASW,CE,Federal Contract Tower,0,2,31,37,70,0,2,12,2,16,0,4,43,39,86,30,10,40,126
11/09/2022,CWF,LA,ASW,CE,Federal Contract Tower,0,6,37,35,78,0,4,10,12,26,0,10,47,47,104,24,62,86,190
11/10/2022,CWF,LA,ASW,CE,Federal Contract Tower,0,8,14,13,35,0,4,24,9,37,0,12,38,22,72,30,2,32,104
11/11/2022,CWF,LA,ASW,CE,Federal Contract Tower,0,2,10,10,22,0,1,7,0,8,0,3,17,10,30,4,6,10,40
11/12/2022,CWF,LA,ASW,CE,Federal Contract Tower,2,2,17,0,21,0,2,7,0,9,2,4,24,0,30,0,0,0,30
11/13/2022,CWF,LA,ASW,CE,Federal Contract Tower,0,0,12,2,14,0,0,9,1,10,0,0,21,3,24,0,0,0,24
11/14/2022,CWF,LA,ASW,CE,Federal Contract Tower,0,3,6,2,11,0,0,4,0,4,0,3,10,2,15,0,0,0,15
11/15/2022,CWF,LA,ASW,CE,Federal Contract Tower,2,8,10,28,48,0,0,1,2,3,2,8,11,30,51,0,28,28,79
11/16/2022,CWF,LA,ASW,CE,Federal Contract Tower,2,1,17,3,23,0,4,10,5,19,2,5,27,8,42,10,24,34,76
11/17/2022,CWF,LA,ASW,CE,Federal Contract Tower,0,2,36,16,54,0,14,21,4,39,0,16,57,20,93,30,10,40,133
11/18/2022,CWF,LA,ASW,CE,Federal Contract Tower,0,2,11,21,34,0,5,11,3,19,0,7,22,24,53,0,34,34,87
11/19/2022,CWF,LA,ASW,CE,Federal Contract Tower,0,2,0,0,2,0,0,0,0,0,0,2,0,0,2,0,0,0,2
11/20/2022,CWF,LA,ASW,CE,Federal Contract Tower,0,3,5,3,11,0,1,18,5,24,0,4,23,8,35,0,6,6,41
11/21/2022,CWF,LA,ASW,CE,Federal Contract Tower,0,2,4,3,9,0,3,4,3,10,0,5,8,6,19,18,0,18,37
11/22/2022,CWF,LA,ASW,CE,Federal Contract Tower,0,2,11,8,21,0,5,16,1,22,0,7,27,9,43,10,0,10,53
11/23/2022,CWF,LA,ASW,CE,Federal Contract Tower,0,0,18,21,39,0,1,9,2,12,0,1,27,23,51,0,10,10,61
11/24/2022,CWF,LA,ASW,CE,Federal Contract Tower,0,0,0,0,0,0,0,0,0,0,0,0,0,0,0,0,0,0,0
11/25/2022,CWF,LA,ASW,CE,Federal Contract Tower,0,0,4,0,4,0,0,0,0,0,0,0,4,0,4,0,0,0,4
11/26/2022,CWF,LA,ASW,CE,Federal Contract Tower,0,0,0,0,0,0,0,0,0,0,0,0,0,0,0,0,0,0,0
11/27/2022,CWF,LA,ASW,CE,Federal Contract Tower,0,5,3,0,8,0,1,21,0,22,0,6,24,0,30,0,0,0,30
11/28/2022,CWF,LA,ASW,CE,Federal Contract Tower,4,0,8,20,32,0,5,28,3,36,4,5,36,23,68,4,20,24,92
11/29/2022,CWF,LA,ASW,CE,Federal Contract Tower,0,0,2,3,5,0,0,0,0,0,0,0,2,3,5,0,0,0,5
11/30/2022,CWF,LA,ASW,CE,Federal Contract Tower,0,0,5,28,33,0,14,6,10,30,0,14,11,38,63,0,70,70,133
12/01/2022,CWF,LA,ASW,CE,Federal Contract Tower,2,0,16,22,40,0,9,8,4,21,2,9,24,26,61,40,34,74,135
12/02/2022,CWF,LA,ASW,CE,Federal Contract Tower,0,0,29,91,120,0,0,11,0,11,0,0,40,91,131,8,0,8,139
12/03/2022,CWF,LA,ASW,CE,Federal Contract Tower,0,0,4,7,11,0,0,13,0,13,0,0,17,7,24,10,20,30,54
12/04/2022,CWF,LA,ASW,CE,Federal Contract Tower,0,0,4,20,24,0,0,0,0,0,0,0,4,20,24,0,0,0,24
12/05/2022,CWF,LA,ASW,CE,Federal Contract Tower,0,13,13,10,36,0,1,8,0,9,0,14,21,10,45,10,10,20,65
12/06/2022,CWF,LA,ASW,CE,Federal Contract Tower,0,4,16,18,38,0,2,9,4,15,0,6,25,22,53,10,20,30,83
12/07/2022,CWF,LA,ASW,CE,Federal Contract Tower,1,1,15,48,65,0,2,2,1,5,1,3,17,49,70,0,60,60,130
12/08/2022,CWF,LA,ASW,CE,Federal Contract Tower,3,2,24,9,38,0,0,2,0,2,3,2,26,9,40,30,0,30,70
12/09/2022,CWF,LA,ASW,CE,Federal Contract Tower,0,0,5,13,18,0,2,3,1,6,0,2,8,14,24,0,24,24,48
12/10/2022,CWF,LA,ASW,CE,Federal Contract Tower,0,0,6,0,6,0,2,3,0,5,0,2,9,0,11,40,0,40,51
12/11/2022,CWF,LA,ASW,CE,Federal Contract Tower,0,2,1,0,3,0,0,5,0,5,0,2,6,0,8,0,0,0,8
12/12/2022,CWF,LA,ASW,CE,Federal Contract Tower,2,8,13,14,37,0,0,0,0,0,2,8,13,14,37,0,0,0,37
12/13/2022,CWF,LA,ASW,CE,Federal Contract Tower,0,4,3,6,13,0,0,0,0,0,0,4,3,6,13,0,0,0,13
12/14/2022,CWF,LA,ASW,CE,Federal Contract Tower,0,2,3,9,14,0,4,0,1,5,0,6,3,10,19,0,0,0,19
12/15/2022,CWF,LA,ASW,CE,Federal Contract Tower,2,0,18,2,22,0,7,20,2,29,2,7,38,4,51,0,8,8,59
12/16/2022,CWF,LA,ASW,CE,Federal Contract Tower,0,1,11,31,43,0,0,8,7,15,0,1,19,38,58,0,20,20,78
12/17/2022,CWF,LA,ASW,CE,Federal Contract Tower,0,0,9,13,22,0,4,21,1,26,0,4,30,14,48,0,20,20,68
12/18/2022,CWF,LA,ASW,CE,Federal Contract Tower,0,0,7,17,24,0,0,25,0,25,0,0,32,17,49,6,0,6,55
12/19/2022,CWF,LA,ASW,CE,Federal Contract Tower,2,0,23,2,27,0,0,0,0,0,2,0,23,2,27,20,0,20,47
12/20/2022,CWF,LA,ASW,CE,Federal Contract Tower,2,2,9,4,17,0,0,1,0,1,2,2,10,4,18,0,0,0,18
12/21/2022,CWF,LA,ASW,CE,Federal Contract Tower,1,0,20,30,51,0,0,0,0,0,1,0,20,30,51,0,0,0,51
12/22/2022,CWF,LA,ASW,CE,Federal Contract Tower,0,0,6,12,18,0,0,1,0,1,0,0,7,12,19,0,40,40,59
12/23/2022,CWF,LA,ASW,CE,Federal Contract Tower,0,0,8,6,14,0,0,14,3,17,0,0,22,9,31,0,0,0,31
12/24/2022,CWF,LA,ASW,CE,Federal Contract Tower,0,0,2,0,2,0,0,7,0,7,0,0,9,0,9,0,0,0,9
12/25/2022,CWF,LA,ASW,CE,Federal Contract Tower,0,0,0,0,0,0,0,7,0,7,0,0,7,0,7,6,0,6,13
12/26/2022,CWF,LA,ASW,CE,Federal Contract Tower,2,0,6,0,8,0,0,27,0,27,2,0,33,0,35,26,0,26,61
12/27/2022,CWF,LA,ASW,CE,Federal Contract Tower,1,0,11,19,31,0,0,19,2,21,1,0,30,21,52,0,42,42,94
12/28/2022,CWF,LA,ASW,CE,Federal Contract Tower,3,0,12,13,28,0,0,6,0,6,3,0,18,13,34,0,0,0,34
12/29/2022,CWF,LA,ASW,CE,Federal Contract Tower,0,6,4,0,10,0,0,1,0,1,0,6,5,0,11,0,0,0,11
12/30/2022,CWF,LA,ASW,CE,Federal Contract Tower,0,0,7,0,7,0,0,0,1,1,0,0,7,1,8,0,0,0,8
12/31/2022,CWF,LA,ASW,CE,Federal Contract Tower,2,4,0,0,6,0,0,0,0,0,2,4,0,0,6,0,0,0,6
01/01/2023,CWF,LA,ASW,CE,Federal Contract Tower,0,0,0,0,0,0,0,0,0,0,0,0,0,0,0,0,0,0,0
01/02/2023,CWF,LA,ASW,CE,Federal Contract Tower,0,0,3,0,3,0,0,1,0,1,0,0,4,0,4,6,0,6,10
01/03/2023,CWF,LA,ASW,CE,Federal Contract Tower,0,2,9,2,13,0,0,0,2,2,0,2,9,4,15,0,0,0,15
01/04/2023,CWF,LA,ASW,CE,Federal Contract Tower,1,2,4,32,39,0,0,20,17,37,1,2,24,49,76,4,40,44,120
01/05/2023,CWF,LA,ASW,CE,Federal Contract Tower,0,1,4,6,11,0,8,15,4,27,0,9,19,10,38,30,46,76,114
01/06/2023,CWF,LA,ASW,CE,Federal Contract Tower,0,2,18,74,94,0,5,25,5,35,0,7,43,79,129,60,20,80,209
01/07/2023,CWF,LA,ASW,CE,Federal Contract Tower,0,3,3,0,6,0,5,39,0,44,0,8,42,0,50,40,0,40,90
01/08/2023,CWF,LA,ASW,CE,Federal Contract Tower,2,1,15,23,41,0,0,9,4,13,2,1,24,27,54,40,54,94,148
01/09/2023,CWF,LA,ASW,CE,Federal Contract Tower,0,1,21,10,32,0,4,12,6,22,0,5,33,16,54,20,6,26,80
01/10/2023,CWF,LA,ASW,CE,Federal Contract Tower,0,4,5,28,37,0,0,4,2,6,0,4,9,30,43,0,26,26,69
01/11/2023,CWF,LA,ASW,CE,Federal Contract Tower,0,3,20,21,44,0,0,3,1,4,0,3,23,22,48,0,30,30,78
01/12/2023,CWF,LA,ASW,CE,Federal Contract Tower,0,0,20,19,39,0,2,17,7,26,0,2,37,26,65,28,40,68,133
01/13/2023,CWF,LA,ASW,CE,Federal Contract Tower,0,0,23,13,36,0,0,26,1,27,0,0,49,14,63,0,14,14,77
01/14/2023,CWF,LA,ASW,CE,Federal Contract Tower,0,1,7,0,8,0,0,20,0,20,0,1,27,0,28,2,0,2,30
01/15/2023,CWF,LA,ASW,CE,Federal Contract Tower,0,0,9,7,16,0,3,8,1,12,0,3,17,8,28,0,4,4,32
01/16/2023,CWF,LA,ASW,CE,Federal Contract Tower,0,3,8,0,11,0,0,5,0,5,0,3,13,0,16,0,0,0,16
01/17/2023,CWF,LA,ASW,CE,Federal Contract Tower,0,2,6,6,14,0,0,0,0,0,0,2,6,6,14,0,0,0,14
01/18/2023,CWF,LA,ASW,CE,Federal Contract Tower,0,2,5,10,17,0,0,5,0,5,0,2,10,10,22,0,4,4,26
01/19/2023,CWF,LA,ASW,CE,Federal Contract Tower,0,6,2,13,21,0,6,16,2,24,0,12,18,15,45,4,0,4,49
01/20/2023,CWF,LA,ASW,CE,Federal Contract Tower,2,4,1,43,50,0,1,9,5,15,2,5,10,48,65,0,64,64,129
01/21/2023,CWF,LA,ASW,CE,Federal Contract Tower,0,0,0,0,0,0,0,0,0,0,0,0,0,0,0,0,0,0,0
01/22/2023,CWF,LA,ASW,CE,Federal Contract Tower,0,0,3,10,13,0,0,9,0,9,0,0,12,10,22,30,4,34,56
01/23/2023,CWF,LA,ASW,CE,Federal Contract Tower,0,0,3,35,38,0,1,27,18,46,0,1,30,53,84,7,16,23,107
01/24/2023,CWF,LA,ASW,CE,Federal Contract Tower,0,1,0,0,1,0,1,0,0,1,0,2,0,0,2,0,0,0,2
01/25/2023,CWF,LA,ASW,CE,Federal Contract Tower,0,3,11,20,34,0,2,2,7,11,0,5,13,27,45,0,8,8,53
01/26/2023,CWF,LA,ASW,CE,Federal Contract Tower,0,2,8,11,21,0,5,12,2,19,0,7,20,13,40,46,10,56,96
01/27/2023,CWF,LA,ASW,CE,Federal Contract Tower,1,2,5,40,48,0,0,17,6,23,1,2,22,46,71,42,30,72,143
01/28/2023,CWF,LA,ASW,CE,Federal Contract Tower,0,0,1,7,8,0,0,3,2,5,0,0,4,9,13,26,6,32,45
01/29/2023,CWF,LA,ASW,CE,Federal Contract Tower,0,0,5,1,6,0,0,0,0,0,0,0,5,1,6,0,0,0,6
01/30/2023,CWF,LA,ASW,CE,Federal Contract Tower,0,1,2,0,3,0,0,0,0,0,0,1,2,0,3,0,0,0,3
01/31/2023,CWF,LA,ASW,CE,Federal Contract Tower,0,0,1,0,1,0,0,0,0,0,0,0,1,0,1,0,0,0,1
02/01/2023,CWF,LA,ASW,CE,Federal Contract Tower,0,2,8,0,10,0,0,0,0,0,0,2,8,0,10,0,0,0,10
02/02/2023,CWF,LA,ASW,CE,Federal Contract Tower,3,0,3,0,6,0,0,0,0,0,3,0,3,0,6,0,0,0,6
02/03/2023,CWF,LA,ASW,CE,Federal Contract Tower,1,1,12,82,96,0,4,30,22,56,1,5,42,104,152,0,52,52,204
02/04/2023,CWF,LA,ASW,CE,Federal Contract Tower,1,1,8,5,15,0,0,25,8,33,1,1,33,13,48,12,10,22,70
02/05/2023,CWF,LA,ASW,CE,Federal Contract Tower,0,1,5,4,10,0,0,13,0,13,0,1,18,4,23,26,0,26,49
02/06/2023,CWF,LA,ASW,CE,Federal Contract Tower,0,0,12,36,48,0,10,18,8,36,0,10,30,44,84,20,48,68,152
02/07/2023,CWF,LA,ASW,CE,Federal Contract Tower,0,2,18,24,44,0,0,12,3,15,0,2,30,27,59,10,44,54,113
02/08/2023,CWF,LA,ASW,CE,Federal Contract Tower,0,0,4,1,5,0,0,0,0,0,0,0,4,1,5,0,0,0,5
02/09/2023,CWF,LA,ASW,CE,Federal Contract Tower,0,0,32,28,60,0,6,22,10,38,0,6,54,38,98,46,60,106,204
02/10/2023,CWF,LA,ASW,CE,Federal Contract Tower,0,1,17,7,25,0,2,27,4,33,0,3,44,11,58,10,0,10,68
02/11/2023,CWF,LA,ASW,CE,Federal Contract Tower,0,0,16,2,18,0,0,0,0,0,0,0,16,2,18,0,0,0,18
02/12/2023,CWF,LA,ASW,CE,Federal Contract Tower,0,0,1,14,15,0,1,9,6,16,0,1,10,20,31,0,18,18,49
02/14/2023,CWF,LA,ASW,CE,Federal Contract Tower,2,6,2,10,20,0,0,0,0,0,2,6,2,10,20,0,0,0,20
02/15/2023,CWF,LA,ASW,CE,Federal Contract Tower,0,4,5,12,21,0,0,2,0,2,0,4,7,12,23,0,0,0,23
02/16/2023,CWF,LA,ASW,CE,Federal Contract Tower,3,0,9,0,12,0,0,0,0,0,3,0,9,0,12,0,0,0,12
02/17/2023,CWF,LA,ASW,CE,Federal Contract Tower,0,2,12,4,18,0,8,18,4,30,0,10,30,8,48,10,20,30,78
02/18/2023,CWF,LA,ASW,CE,Federal Contract Tower,0,1,8,0,9,0,0,16,0,16,0,1,24,0,25,18,0,18,43
02/19/2023,CWF,LA,ASW,CE,Federal Contract Tower,0,2,1,2,5,0,2,13,0,15,0,4,14,2,20,16,0,16,36
02/20/2023,CWF,LA,ASW,CE,Federal Contract Tower,0,0,6,0,6,0,0,2,0,2,0,0,8,0,8,0,0,0,8
02/21/2023,CWF,LA,ASW,CE,Federal Contract Tower,0,7,4,22,33,0,0,0,0,0,0,7,4,22,33,0,0,0,33
02/22/2023,CWF,LA,ASW,CE,Federal Contract Tower,0,1,8,3,12,0,2,0,0,2,0,3,8,3,14,0,0,0,14
02/23/2023,CWF,LA,ASW,CE,Federal Contract Tower,0,0,1,22,23,0,0,6,2,8,0,0,7,24,31,4,0,4,35
02/24/2023,CWF,LA,ASW,CE,Federal Contract Tower,0,2,12,29,43,0,1,10,3,14,0,3,22,32,57,6,28,34,91
02/25/2023,CWF,LA,ASW,CE,Federal Contract Tower,0,2,4,0,6,0,0,8,0,8,0,2,12,0,14,0,0,0,14
02/26/2023,CWF,LA,ASW,CE,Federal Contract Tower,0,1,12,15,28,0,1,5,2,8,0,2,17,17,36,0,12,12,48
02/27/2023,CWF,LA,ASW,CE,Federal Contract Tower,1,0,10,10,21,0,7,1,0,8,1,7,11,10,29,0,0,0,29
02/28/2023,CWF,LA,ASW,CE,Federal Contract Tower,4,6,7,13,30,0,1,1,2,4,4,7,8,15,34,24,0,24,58
03/01/2023,CWF,LA,ASW,CE,Federal Contract Tower,0,2,23,8,33,0,0,6,1,7,0,2,29,9,40,0,20,20,60
03/02/2023,CWF,LA,ASW,CE,Federal Contract Tower,0,6,9,5,20,0,0,3,2,5,0,6,12,7,25,0,0,0,25
03/03/2023,CWF,LA,ASW,CE,Federal Contract Tower,0,2,10,31,43,0,0,16,10,26,0,2,26,41,69,0,46,46,115
03/04/2023,CWF,LA,ASW,CE,Federal Contract Tower,0,0,5,6,11,0,0,23,0,23,0,0,28,6,34,44,0,44,78
03/05/2023,CWF,LA,ASW,CE,Federal Contract Tower,0,0,2,2,4,0,1,24,0,25,0,1,26,2,29,42,0,42,71
03/06/2023,CWF,LA,ASW,CE,Federal Contract Tower,0,3,6,5,14,0,0,3,1,4,0,3,9,6,18,0,0,0,18
03/07/2023,CWF,LA,ASW,CE,Federal Contract Tower,4,3,18,9,34,0,2,1,0,3,4,5,19,9,37,0,0,0,37
03/08/2023,CWF,LA,ASW,CE,Federal Contract Tower,0,6,26,27,59,0,0,2,1,3,0,6,28,28,62,24,18,42,104
03/09/2023,CWF,LA,ASW,CE,Federal Contract Tower,0,0,11,15,26,0,2,17,3,22,0,2,28,18,48,0,18,18,66
03/10/2023,CWF,LA,ASW,CE,Federal Contract Tower,0,0,12,21,33,0,0,10,10,20,0,0,22,31,53,8,38,46,99
03/11/2023,CWF,LA,ASW,CE,Federal Contract Tower,0,0,5,11,16,0,0,9,2,11,0,0,14,13,27,12,22,34,61
03/12/2023,CWF,LA,ASW,CE,Federal Contract Tower,0,0,12,6,18,0,0,2,0,2,0,0,14,6,20,0,0,0,20
03/13/2023,CWF,LA,ASW,CE,Federal Contract Tower,2,0,8,16,26,0,6,12,2,20,2,6,20,18,46,0,20,20,66
03/14/2023,CWF,LA,ASW,CE,Federal Contract Tower,0,4,7,9,20,0,3,11,6,20,0,7,18,15,40,0,14,14,54
03/15/2023,CWF,LA,ASW,CE,Federal Contract Tower,0,0,12,23,35,0,2,23,3,28,0,2,35,26,63,12,72,84,147
03/16/2023,CWF,LA,ASW,CE,Federal Contract Tower,0,4,25,26,55,0,0,1,2,3,0,4,26,28,58,40,56,96,154
03/17/2023,CWF,LA,ASW,CE,Federal Contract Tower,0,0,8,0,8,0,0,3,0,3,0,0,11,0,11,0,0,0,11
03/18/2023,CWF,LA,ASW,CE,Federal Contract Tower,2,0,7,0,9,0,0,13,2,15,2,0,20,2,24,0,0,0,24
03/19/2023,CWF,LA,ASW,CE,Federal Contract Tower,0,4,3,4,11,0,2,10,0,12,0,6,13,4,23,0,0,0,23
03/20/2023,CWF,LA,ASW,CE,Federal Contract Tower,0,4,9,16,29,0,0,12,1,13,0,4,21,17,42,0,6,6,48
03/21/2023,CWF,LA,ASW,CE,Federal Contract Tower,0,2,7,11,20,0,3,7,7,17,0,5,14,18,37,10,10,20,57
03/22/2023,CWF,LA,ASW,CE,Federal Contract Tower,0,0,7,14,21,0,0,3,1,4,0,0,10,15,25,10,20,30,55
03/23/2023,CWF,LA,ASW,CE,Federal Contract Tower,0,0,7,12,19,0,0,5,4,9,0,0,12,16,28,0,8,8,36
03/24/2023,CWF,LA,ASW,CE,Federal Contract Tower,0,2,3,6,11,0,0,2,0,2,0,2,5,6,13,0,0,0,13
03/25/2023,CWF,LA,ASW,CE,Federal Contract Tower,0,2,1,0,3,0,0,10,2,12,0,2,11,2,15,10,0,10,25
03/26/2023,CWF,LA,ASW,CE,Federal Contract Tower,0,0,4,2,6,0,0,0,0,0,0,0,4,2,6,0,0,0,6
03/27/2023,CWF,LA,ASW,CE,Federal Contract Tower,0,1,11,2,14,0,0,4,0,4,0,1,15,2,18,4,0,4,22
03/28/2023,CWF,LA,ASW,CE,Federal Contract Tower,0,0,15,6,21,0,1,2,10,13,0,1,17,16,34,0,0,0,34
03/29/2023,CWF,LA,ASW,CE,Federal Contract Tower,0,7,11,6,24,0,11,11,10,32,0,18,22,16,56,4,40,44,100
03/30/2023,CWF,LA,ASW,CE,Federal Contract Tower,0,0,9,52,61,0,3,6,9,18,0,3,15,61,79,0,158,158,237
03/31/2023,CWF,LA,ASW,CE,Federal Contract Tower,0,1,18,36,55,0,0,7,4,11,0,1,25,40,66,0,0,0,66
04/01/2023,CWF,LA,ASW,CE,Federal Contract Tower,0,0,3,8,11,0,0,16,1,17,0,0,19,9,28,38,22,60,88
04/02/2023,CWF,LA,ASW,CE,Federal Contract Tower,0,0,13,19,32,0,0,2,1,3,0,0,15,20,35,0,6,6,41
04/03/2023,CWF,LA,ASW,CE,Federal Contract Tower,5,3,3,19,30,0,6,0,1,7,5,9,3,20,37,0,22,22,59
04/04/2023,CWF,LA,ASW,CE,Federal Contract Tower,0,7,10,11,28,0,7,2,1,10,0,14,12,12,38,22,4,26,64
04/05/2023,CWF,LA,ASW,CE,Federal Contract Tower,2,5,6,9,22,0,0,2,0,2,2,5,8,9,24,0,0,0,24
04/06/2023,CWF,LA,ASW,CE,Federal Contract Tower,0,0,2,1,3,0,0,0,0,0,0,0,2,1,3,0,0,0,3
04/07/2023,CWF,LA,ASW,CE,Federal Contract Tower,0,0,10,0,10,0,0,0,0,0,0,0,10,0,10,0,0,0,10
04/08/2023,CWF,LA,ASW,CE,Federal Contract Tower,0,0,8,0,8,0,1,9,0,10,0,1,17,0,18,32,0,32,50
04/09/2023,CWF,LA,ASW,CE,Federal Contract Tower,0,0,8,4,12,0,0,4,0,4,0,0,12,4,16,0,0,0,16
04/10/2023,CWF,LA,ASW,CE,Federal Contract Tower,0,2,11,6,19,0,9,16,0,25,0,11,27,6,44,4,0,4,48
04/11/2023,CWF,LA,ASW,CE,Federal Contract Tower,0,2,14,25,41,0,10,31,2,43,0,12,45,27,84,44,40,84,168
04/12/2023,CWF,LA,ASW,CE,Federal Contract Tower,0,4,13,16,33,0,6,15,6,27,0,10,28,22,60,4,30,34,94
04/13/2023,CWF,LA,ASW,CE,Federal Contract Tower,0,0,17,30,47,0,0,15,12,27,0,0,32,42,74,0,14,14,88
04/14/2023,CWF,LA,ASW,CE,Federal Contract Tower,0,3,10,33,46,0,6,17,0,23,0,9,27,33,69,32,38,70,139
04/15/2023,CWF,LA,ASW,CE,Federal Contract Tower,0,0,2,2,4,0,0,0,0,0,0,0,2,2,4,0,8,8,12
04/16/2023,CWF,LA,ASW,CE,Federal Contract Tower,0,0,5,5,10,0,1,15,1,17,0,1,20,6,27,0,0,0,27
04/17/2023,CWF,LA,ASW,CE,Federal Contract Tower,0,0,3,20,23,0,2,34,2,38,0,2,37,22,61,0,56,56,117
04/18/2023,CWF,LA,ASW,CE,Federal Contract Tower,0,8,3,5,16,0,2,19,3,24,0,10,22,8,40,38,0,38,78
04/19/2023,CWF,LA,ASW,CE,Federal Contract Tower,0,1,10,21,32,0,2,13,3,18,0,3,23,24,50,16,14,30,80
04/20/2023,CWF,LA,ASW,CE,Federal Contract Tower,0,6,11,11,28,0,3,3,4,10,0,9,14,15,38,0,4,4,42
04/21/2023,CWF,LA,ASW,CE,Federal Contract Tower,0,0,6,20,26,0,0,4,5,9,0,0,10,25,35,0,40,40,75
04/22/2023,CWF,LA,ASW,CE,Federal Contract Tower,0,3,7,0,10,0,0,17,10,27,0,3,24,10,37,0,0,0,37
04/23/2023,CWF,LA,ASW,CE,Federal Contract Tower,0,0,4,2,6,0,0,5,6,11,0,0,9,8,17,0,0,0,17
04/24/2023,CWF,LA,ASW,CE,Federal Contract Tower,0,0,21,11,32,0,3,18,8,29,0,3,39,19,61,74,0,74,135
04/25/2023,CWF,LA,ASW,CE,Federal Contract Tower,0,0,7,21,28,0,0,15,8,23,0,0,22,29,51,30,122,152,203
04/26/2023,CWF,LA,ASW,CE,Federal Contract Tower,0,0,19,23,42,0,1,23,1,25,0,1,42,24,67,6,0,6,73
04/27/2023,CWF,LA,ASW,CE,Federal Contract Tower,0,0,7,6,13,0,0,12,0,12,0,0,19,6,25,10,42,52,77
04/28/2023,CWF,LA,ASW,CE,Federal Contract Tower,0,2,12,33,47,0,1,34,6,41,0,3,46,39,88,78,10,88,176
04/29/2023,CWF,LA,ASW,CE,Federal Contract Tower,0,0,0,2,2,0,0,0,0,0,0,0,0,2,2,0,0,0,2
04/30/2023,CWF,LA,ASW,CE,Federal Contract Tower,0,0,6,13,19,0,0,22,1,23,0,0,28,14,42,0,36,36,78
05/01/2023,CWF,LA,ASW,CE,Federal Contract Tower,0,7,6,32,45,0,5,16,0,21,0,12,22,32,66,30,52,82,148
05/02/2023,CWF,LA,ASW,CE,Federal Contract Tower,0,10,8,36,54,0,5,14,2,21,0,15,22,38,75,18,106,124,199
05/03/2023,CWF,LA,ASW,CE,Federal Contract Tower,0,1,12,55,68,0,10,26,9,45,0,11,38,64,113,26,108,134,247
05/04/2023,CWF,LA,ASW,CE,Federal Contract Tower,2,0,11,13,26,0,6,17,6,29,2,6,28,19,55,0,24,24,79
05/05/2023,CWF,LA,ASW,CE,Federal Contract Tower,0,2,4,32,38,0,0,6,0,6,0,2,10,32,44,10,40,50,94
05/06/2023,CWF,LA,ASW,CE,Federal Contract Tower,0,0,2,0,2,0,0,6,0,6,0,0,8,0,8,0,0,0,8
05/07/2023,CWF,LA,ASW,CE,Federal Contract Tower,0,0,6,8,14,0,0,3,0,3,0,0,9,8,17,22,0,22,39
05/08/2023,CWF,LA,ASW,CE,Federal Contract Tower,0,0,3,0,3,0,0,4,0,4,0,0,7,0,7,0,0,0,7
05/09/2023,CWF,LA,ASW,CE,Federal Contract Tower,0,2,11,6,19,0,0,0,0,0,0,2,11,6,19,0,0,0,19
05/10/2023,CWF,LA,ASW,CE,Federal Contract Tower,0,0,9,0,9,0,1,4,0,5,0,1,13,0,14,8,0,8,22
05/11/2023,CWF,LA,ASW,CE,Federal Contract Tower,0,10,5,15,30,0,0,6,1,7,0,10,11,16,37,4,0,4,41
05/12/2023,CWF,LA,ASW,CE,Federal Contract Tower,1,0,26,25,52,0,0,5,6,11,1,0,31,31,63,0,50,50,113
05/13/2023,CWF,LA,ASW,CE,Federal Contract Tower,0,2,2,6,10,0,0,7,2,9,0,2,9,8,19,8,6,14,33
05/14/2023,CWF,LA,ASW,CE,Federal Contract Tower,0,0,4,10,14,0,2,14,4,20,0,2,18,14,34,26,18,44,78
05/15/2023,CWF,LA,ASW,CE,Federal Contract Tower,0,4,4,18,26,0,2,14,3,19,0,6,18,21,45,24,48,72,117
05/16/2023,CWF,LA,ASW,CE,Federal Contract Tower,0,0,4,9,13,0,3,6,2,11,0,3,10,11,24,0,64,64,88
05/17/2023,CWF,LA,ASW,CE,Federal Contract Tower,0,0,10,14,24,0,3,23,2,28,0,3,33,16,52,4,26,30,82
05/18/2023,CWF,LA,ASW,CE,Federal Contract Tower,0,0,13,11,24,0,2,44,11,57,0,2,57,22,81,36,42,78,159
05/19/2023,CWF,LA,ASW,CE,Federal Contract Tower,0,4,9,6,19,0,6,27,0,33,0,10,36,6,52,0,100,100,152
05/20/2023,CWF,LA,ASW,CE,Federal Contract Tower,0,0,10,0,10,0,0,57,3,60,0,0,67,3,70,0,120,120,190
05/21/2023,CWF,LA,ASW,CE,Federal Contract Tower,0,0,4,4,8,0,0,25,6,31,0,0,29,10,39,26,144,170,209
05/22/2023,CWF,LA,ASW,CE,Federal Contract Tower,0,2,4,18,24,0,5,11,7,23,0,7,15,25,47,0,12,12,59
05/23/2023,CWF,LA,ASW,CE,Federal Contract Tower,0,1,5,11,17,0,3,16,1,20,0,4,21,12,37,26,8,34,71
05/24/2023,CWF,LA,ASW,CE,Federal Contract Tower,0,2,9,30,41,0,4,32,0,36,0,6,41,30,77,40,20,60,137
05/25/2023,CWF,LA,ASW,CE,Federal Contract Tower,0,0,2,30,32,0,6,16,0,22,0,6,18,30,54,16,30,46,100
05/26/2023,CWF,LA,ASW,CE,Federal Contract Tower,0,0,8,11,19,0,0,11,3,14,0,0,19,14,33,0,48,48,81
05/27/2023,CWF,LA,ASW,CE,Federal Contract Tower,0,2,6,0,8,0,3,11,0,14,0,5,17,0,22,0,0,0,22
05/28/2023,CWF,LA,ASW,CE,Federal Contract Tower,0,0,2,0,2,0,0,15,1,16,0,0,17,1,18,22,0,22,40
05/29/2023,CWF,LA,ASW,CE,Federal Contract Tower,0,5,8,1,14,0,0,17,1,18,0,5,25,2,32,8,0,8,40
05/30/2023,CWF,LA,ASW,CE,Federal Contract Tower,0,7,6,10,23,0,4,13,0,17,0,11,19,10,40,48,0,48,88
05/31/2023,CWF,LA,ASW,CE,Federal Contract Tower,0,0,14,26,40,0,13,26,2,41,0,13,40,28,81,38,124,162,243
06/01/2023,CWF,LA,ASW,CE,Federal Contract Tower,0,0,13,17,30,0,7,15,11,33,0,7,28,28,63,10,40,50,113
06/02/2023,CWF,LA,ASW,CE,Federal Contract Tower,0,0,15,87,102,0,0,25,13,38,0,0,40,100,140,0,238,238,378
06/03/2023,CWF,LA,ASW,CE,Federal Contract Tower,0,0,1,11,12,0,0,13,0,13,0,0,14,11,25,24,24,48,73
06/04/2023,CWF,LA,ASW,CE,Federal Contract Tower,0,0,7,24,31,0,0,2,2,4,0,0,9,26,35,0,20,20,55
06/05/2023,CWF,LA,ASW,CE,Federal Contract Tower,0,2,2,3,7,0,4,16,0,20,0,6,18,3,27,8,0,8,35
06/06/2023,CWF,LA,ASW,CE,Federal Contract Tower,0,6,10,12,28,0,3,9,1,13,0,9,19,13,41,8,2,10,51
06/07/2023,CWF,LA,ASW,CE,Federal Contract Tower,0,0,8,7,15,0,12,10,5,27,0,12,18,12,42,6,40,46,88
06/08/2023,CWF,LA,ASW,CE,Federal Contract Tower,0,1,20,9,30,0,3,13,7,23,0,4,33,16,53,0,60,60,113
06/09/2023,CWF,LA,ASW,CE,Federal Contract Tower,0,0,11,61,72,0,4,20,2,26,0,4,31,63,98,0,86,86,184
06/10/2023,CWF,LA,ASW,CE,Federal Contract Tower,0,0,3,8,11,0,0,11,0,11,0,0,14,8,22,28,14,42,64
06/11/2023,CWF,LA,ASW,CE,Federal Contract Tower,0,2,3,22,27,0,0,13,6,19,0,2,16,28,46,0,0,0,46
06/12/2023,CWF,LA,ASW,CE,Federal Contract Tower,0,0,10,8,18,0,5,21,7,33,0,5,31,15,51,18,68,86,137
06/13/2023,CWF,LA,ASW,CE,Federal Contract Tower,0,2,10,16,28,0,3,13,2,18,0,5,23,18,46,0,10,10,56
06/14/2023,CWF,LA,ASW,CE,Federal Contract Tower,0,0,7,32,39,0,4,17,4,25,0,4,24,36,64,0,86,86,150
06/15/2023,CWF,LA,ASW,CE,Federal Contract Tower,0,0,6,44,50,0,2,25,1,28,0,2,31,45,78,30,38,68,146
06/16/2023,CWF,LA,ASW,CE,Federal Contract Tower,0,0,5,40,45,0,3,1,7,11,0,3,6,47,56,0,36,36,92
06/17/2023,CWF,LA,ASW,CE,Federal Contract Tower,0,0,9,1,10,0,0,6,1,7,0,0,15,2,17,6,0,6,23
06/18/2023,CWF,LA,ASW,CE,Federal Contract Tower,0,2,2,5,9,0,0,7,1,8,0,2,9,6,17,0,0,0,17
06/19/2023,CWF,LA,ASW,CE,Federal Contract Tower,0,0,4,10,14,0,2,3,0,5,0,2,7,10,19,0,30,30,49
06/20/2023,CWF,LA,ASW,CE,Federal Contract Tower,0,0,5,4,9,0,3,13,4,20,0,3,18,8,29,0,0,0,29
06/21/2023,CWF,LA,ASW,CE,Federal Contract Tower,0,0,20,39,59,0,6,20,4,30,0,6,40,43,89,6,80,86,175
06/22/2023,CWF,LA,ASW,CE,Federal Contract Tower,0,0,6,5,11,0,0,4,2,6,0,0,10,7,17,0,0,0,17
06/23/2023,CWF,LA,ASW,CE,Federal Contract Tower,0,10,5,4,19,0,0,18,0,18,0,10,23,4,37,80,10,90,127
06/24/2023,CWF,LA,ASW,CE,Federal Contract Tower,0,0,10,6,16,0,0,9,2,11,0,0,19,8,27,0,10,10,37
06/25/2023,CWF,LA,ASW,CE,Federal Contract Tower,0,0,5,46,51,0,1,9,3,13,0,1,14,49,64,10,38,48,112
06/26/2023,CWF,LA,ASW,CE,Federal Contract Tower,0,4,15,10,29,0,1,22,8,31,0,5,37,18,60,56,4,60,120
06/27/2023,CWF,LA,ASW,CE,Federal Contract Tower,0,0,15,18,33,0,7,23,5,35,0,7,38,23,68,6,20,26,94
06/28/2023,CWF,LA,ASW,CE,Federal Contract Tower,0,0,12,15,27,0,3,31,10,44,0,3,43,25,71,40,70,110,181
06/29/2023,CWF,LA,ASW,CE,Federal Contract Tower,0,0,10,45,55,0,9,34,5,48,0,9,44,50,103,10,46,56,159
06/30/2023,CWF,LA,ASW,CE,Federal Contract Tower,0,2,6,6,14,0,5,28,0,33,0,7,34,6,47,76,22,98,145
07/01/2023,CWF,LA,ASW,CE,Federal Contract Tower,0,0,3,0,3,0,0,9,0,9,0,0,12,0,12,0,16,16,28
07/02/2023,CWF,LA,ASW,CE,Federal Contract Tower,0,4,7,4,15,0,0,6,0,6,0,4,13,4,21,0,0,0,21
07/03/2023,CWF,LA,ASW,CE,Federal Contract Tower,0,0,0,0,0,0,0,13,0,13,0,0,13,0,13,62,0,62,75
07/04/2023,CWF,LA,ASW,CE,Federal Contract Tower,0,0,1,0,1,0,0,6,0,6,0,0,7,0,7,0,0,0,7
07/05/2023,CWF,LA,ASW,CE,Federal Contract Tower,0,0,4,22,26,0,2,13,1,16,0,2,17,23,42,4,0,4,46
07/06/2023,CWF,LA,ASW,CE,Federal Contract Tower,0,0,1,6,7,0,9,9,0,18,0,9,10,6,25,30,20,50,75
07/07/2023,CWF,LA,ASW,CE,Federal Contract Tower,0,2,7,13,22,0,9,24,0,33,0,11,31,13,55,70,28,98,153
07/08/2023,CWF,LA,ASW,CE,Federal Contract Tower,0,0,4,4,8,0,0,6,0,6,0,0,10,4,14,8,32,40,54
07/09/2023,CWF,LA,ASW,CE,Federal Contract Tower,0,4,2,12,18,0,4,11,0,15,0,8,13,12,33,14,0,14,47
07/10/2023,CWF,LA,ASW,CE,Federal Contract Tower,0,5,17,16,38,0,4,5,0,9,0,9,22,16,47,78,16,94,141
07/11/2023,CWF,LA,ASW,CE,Federal Contract Tower,1,0,3,8,12,0,8,10,2,20,1,8,13,10,32,16,50,66,98
07/12/2023,CWF,LA,ASW,CE,Federal Contract Tower,0,4,3,34,41,0,11,14,2,27,0,15,17,36,68,38,28,66,134
07/13/2023,CWF,LA,ASW,CE,Federal Contract Tower,0,0,16,17,33,0,17,27,1,45,0,17,43,18,78,28,58,86,164
07/14/2023,CWF,LA,ASW,CE,Federal Contract Tower,0,0,8,30,38,0,0,6,8,14,0,0,14,38,52,0,72,72,124
07/15/2023,CWF,LA,ASW,CE,Federal Contract Tower,0,0,1,16,17,0,1,16,1,18,0,1,17,17,35,10,38,48,83
07/16/2023,CWF,LA,ASW,CE,Federal Contract Tower,0,0,8,4,12,0,0,5,2,7,0,0,13,6,19,0,0,0,19
07/17/2023,CWF,LA,ASW,CE,Federal Contract Tower,0,10,5,11,26,0,6,6,0,12,0,16,11,11,38,36,22,58,96
07/18/2023,CWF,LA,ASW,CE,Federal Contract Tower,0,6,14,11,31,0,3,16,4,23,0,9,30,15,54,38,20,58,112
07/19/2023,CWF,LA,ASW,CE,Federal Contract Tower,0,0,2,35,37,0,8,24,2,34,0,8,26,37,71,0,24,24,95
07/20/2023,CWF,LA,ASW,CE,Federal Contract Tower,0,0,12,38,50,0,0,22,10,32,0,0,34,48,82,8,72,80,162
07/21/2023,CWF,LA,ASW,CE,Federal Contract Tower,0,0,6,71,77,0,0,16,3,19,0,0,22,74,96,20,76,96,192
07/22/2023,CWF,LA,ASW,CE,Federal Contract Tower,0,0,4,2,6,0,0,5,0,5,0,0,9,2,11,16,0,16,27
07/23/2023,CWF,LA,ASW,CE,Federal Contract Tower,0,1,0,7,8,0,0,13,3,16,0,1,13,10,24,6,4,10,34
07/24/2023,CWF,LA,ASW,CE,Federal Contract Tower,0,1,7,18,26,0,5,14,1,20,0,6,21,19,46,0,34,34,80
07/25/2023,CWF,LA,ASW,CE,Federal Contract Tower,0,0,5,25,30,0,3,15,3,21,0,3,20,28,51,38,58,96,147
07/26/2023,CWF,LA,ASW,CE,Federal Contract Tower,0,0,5,14,19,0,6,26,5,37,0,6,31,19,56,40,76,116,172
07/27/2023,CWF,LA,ASW,CE,Federal Contract Tower,1,0,9,14,24,0,0,35,6,41,1,0,44,20,65,46,30,76,141
07/28/2023,CWF,LA,ASW,CE,Federal Contract Tower,0,1,9,85,95,0,1,27,18,46,0,2,36,103,141,38,336,374,515
07/29/2023,CWF,LA,ASW,CE,Federal Contract Tower,0,0,3,10,13,0,0,20,0,20,0,0,23,10,33,10,30,40,73
07/30/2023,CWF,LA,ASW,CE,Federal Contract Tower,0,0,8,6,14,0,0,7,0,7,0,0,15,6,21,0,0,0,21
07/31/2023,CWF,LA,ASW,CE,Federal Contract Tower,1,2,4,9,16,0,4,10,3,17,1,6,14,12,33,16,38,54,87
08/01/2023,CWF,LA,ASW,CE,Federal Contract Tower,0,15,4,18,37,0,3,17,3,23,0,18,21,21,60,52,28,80,140
08/02/2023,CWF,LA,ASW,CE,Federal Contract Tower,0,2,8,18,28,0,10,24,0,34,0,12,32,18,62,0,68,68,130
08/03/2023,CWF,LA,ASW,CE,Federal Contract Tower,0,0,10,26,36,0,3,17,6,26,0,3,27,32,62,28,78,106,168
08/04/2023,CWF,LA,ASW,CE,Federal Contract Tower,0,0,4,51,55,0,1,27,1,29,0,1,31,52,84,10,134,144,228
08/05/2023,CWF,LA,ASW,CE,Federal Contract Tower,0,0,8,4,12,0,2,8,0,10,0,2,16,4,22,8,28,36,58
08/06/2023,CWF,LA,ASW,CE,Federal Contract Tower,0,10,0,16,26,0,0,12,2,14,0,10,12,18,40,4,42,46,86
08/07/2023,CWF,LA,ASW,CE,Federal Contract Tower,0,6,0,9,15,0,0,5,3,8,0,6,5,12,23,10,4,14,37
08/08/2023,CWF,LA,ASW,CE,Federal Contract Tower,0,2,2,7,11,0,3,5,5,13,0,5,7,12,24,0,48,48,72
08/09/2023,CWF,LA,ASW,CE,Federal Contract Tower,0,0,5,27,32,0,1,8,2,11,0,1,13,29,43,0,18,18,61
08/10/2023,CWF,LA,ASW,CE,Federal Contract Tower,0,0,6,42,48,0,4,8,3,15,0,4,14,45,63,0,54,54,117
08/11/2023,CWF,LA,ASW,CE,Federal Contract Tower,0,2,0,43,45,0,0,10,2,12,0,2,10,45,57,0,86,86,143
08/12/2023,CWF,LA,ASW,CE,Federal Contract Tower,0,0,1,22,23,0,0,5,2,7,0,0,6,24,30,0,56,56,86
08/13/2023,CWF,LA,ASW,CE,Federal Contract Tower,0,0,8,3,11,0,0,6,0,6,0,0,14,3,17,0,6,6,23
08/14/2023,CWF,LA,ASW,CE,Federal Contract Tower,0,0,5,18,23,0,2,11,2,15,0,2,16,20,38,14,62,76,114
08/15/2023,CWF,LA,ASW,CE,Federal Contract Tower,0,8,3,28,39,0,1,14,0,15,0,9,17,28,54,12,88,100,154
08/16/2023,CWF,LA,ASW,CE,Federal Contract Tower,1,2,15,9,27,0,9,23,0,32,1,11,38,9,59,48,32,80,139
08/17/2023,CWF,LA,ASW,CE,Federal Contract Tower,0,2,16,32,50,0,2,16,2,20,0,4,32,34,70,0,72,72,142
08/18/2023,CWF,LA,ASW,CE,Federal Contract Tower,0,0,11,21,32,0,8,10,2,20,0,8,21,23,52,12,94,106,158
08/19/2023,CWF,LA,ASW,CE,Federal Contract Tower,0,0,1,0,1,0,0,6,0,6,0,0,7,0,7,12,0,12,19
08/20/2023,CWF,LA,ASW,CE,Federal Contract Tower,0,0,1,14,15,0,0,6,0,6,0,0,7,14,21,20,0,20,41
08/21/2023,CWF,LA,ASW,CE,Federal Contract Tower,0,4,3,6,13,0,3,7,2,12,0,7,10,8,25,36,26,62,87
08/22/2023,CWF,LA,ASW,CE,Federal Contract Tower,0,0,4,10,14,0,4,6,2,12,0,4,10,12,26,0,22,22,48
08/23/2023,CWF,LA,ASW,CE,Federal Contract Tower,0,0,12,20,32,0,2,11,4,17,0,2,23,24,49,46,6,52,101
08/24/2023,CWF,LA,ASW,CE,Federal Contract Tower,0,0,3,7,10,0,0,18,4,22,0,0,21,11,32,20,32,52,84
08/25/2023,CWF,LA,ASW,CE,Federal Contract Tower,0,0,10,64,74,0,2,13,12,27,0,2,23,76,101,12,134,146,247
08/26/2023,CWF,LA,ASW,CE,Federal Contract Tower,0,0,2,0,2,0,1,11,4,16,0,1,13,4,18,18,0,18,36
08/27/2023,CWF,LA,ASW,CE,Federal Contract Tower,0,0,1,28,29,0,0,4,0,4,0,0,5,28,33,0,16,16,49
08/28/2023,CWF,LA,ASW,CE,Federal Contract Tower,0,0,12,8,20,0,5,22,0,27,0,5,34,8,47,12,2,14,61
08/29/2023,CWF,LA,ASW,CE,Federal Contract Tower,0,3,3,9,15,0,2,38,3,43,0,5,41,12,58,26,18,44,102
08/30/2023,CWF,LA,ASW,CE,Federal Contract Tower,0,0,6,14,20,0,15,22,0,37,0,15,28,14,57,0,20,20,77
08/31/2023,CWF,LA,ASW,CE,Federal Contract Tower,0,0,12,26,38,0,15,42,0,57,0,15,54,26,95,12,22,34,129
01/01/2020,CWF,LA,ASW,CE,Federal Contract Tower,0,0,4,0,4,0,0,3,0,3,0,0,7,0,7,0,0,0,7
01/02/2020,CWF,LA,ASW,CE,Federal Contract Tower,0,0,2,9,11,0,0,0,0,0,0,0,2,9,11,0,0,0,11
01/03/2020,CWF,LA,ASW,CE,Federal Contract Tower,1,0,1,10,12,0,2,3,2,7,1,2,4,12,19,0,0,0,19
01/04/2020,CWF,LA,ASW,CE,Federal Contract Tower,2,0,5,4,11,0,0,13,0,13,2,0,18,4,24,8,2,10,34
01/05/2020,CWF,LA,ASW,CE,Federal Contract Tower,0,2,2,0,4,0,5,7,0,12,0,7,9,0,16,0,0,0,16
01/06/2020,CWF,LA,ASW,CE,Federal Contract Tower,0,0,4,12,16,0,4,5,4,13,0,4,9,16,29,8,6,14,43
01/07/2020,CWF,LA,ASW,CE,Federal Contract Tower,0,6,14,29,49,0,0,15,9,24,0,6,29,38,73,24,50,74,147
01/08/2020,CWF,LA,ASW,CE,Federal Contract Tower,0,0,20,25,45,0,15,30,0,45,0,15,50,25,90,64,40,104,194
01/09/2020,CWF,LA,ASW,CE,Federal Contract Tower,0,13,11,44,68,0,16,10,12,38,0,29,21,56,106,10,30,40,146
01/10/2020,CWF,LA,ASW,CE,Federal Contract Tower,0,5,7,15,27,0,0,0,0,0,0,5,7,15,27,2,0,2,29
01/11/2020,CWF,LA,ASW,CE,Federal Contract Tower,0,0,6,26,32,0,2,0,10,12,0,2,6,36,44,0,38,38,82
01/12/2020,CWF,LA,ASW,CE,Federal Contract Tower,1,0,9,15,25,0,0,7,2,9,1,0,16,17,34,0,0,0,34
01/13/2020,CWF,LA,ASW,CE,Federal Contract Tower,5,3,11,2,21,0,0,0,0,0,5,3,11,2,21,0,0,0,21
01/14/2020,CWF,LA,ASW,CE,Federal Contract Tower,2,0,10,6,18,0,0,0,0,0,2,0,10,6,18,0,0,0,18
01/15/2020,CWF,LA,ASW,CE,Federal Contract Tower,0,0,13,13,26,0,0,2,0,2,0,0,15,13,28,0,4,4,32
01/16/2020,CWF,LA,ASW,CE,Federal Contract Tower,2,0,5,12,19,0,0,0,0,0,2,0,5,12,19,0,0,0,19
01/17/2020,CWF,LA,ASW,CE,Federal Contract Tower,0,0,9,5,14,0,0,7,0,7,0,0,16,5,21,4,2,6,27
01/18/2020,CWF,LA,ASW,CE,Federal Contract Tower,0,0,3,7,10,0,0,2,0,2,0,0,5,7,12,0,0,0,12
01/19/2020,CWF,LA,ASW,CE,Federal Contract Tower,0,0,2,5,7,0,0,11,0,11,0,0,13,5,18,0,0,0,18
01/20/2020,CWF,LA,ASW,CE,Federal Contract Tower,0,0,6,28,34,0,3,13,3,19,0,3,19,31,53,0,34,34,87
01/21/2020,CWF,LA,ASW,CE,Federal Contract Tower,2,0,10,11,23,0,2,11,10,23,2,2,21,21,46,0,48,48,94
01/22/2020,CWF,LA,ASW,CE,Federal Contract Tower,0,0,15,1,16,0,0,2,0,2,0,0,17,1,18,0,0,0,18
01/23/2020,CWF,LA,ASW,CE,Federal Contract Tower,0,0,4,11,15,0,0,1,2,3,0,0,5,13,18,0,0,0,18
01/24/2020,CWF,LA,ASW,CE,Federal Contract Tower,0,2,7,43,52,0,4,9,10,23,0,6,16,53,75,16,32,48,123
01/25/2020,CWF,LA,ASW,CE,Federal Contract Tower,0,0,3,10,13,0,0,7,11,18,0,0,10,21,31,0,38,38,69
01/26/2020,CWF,LA,ASW,CE,Federal Contract Tower,0,0,0,6,6,0,0,0,0,0,0,0,0,6,6,0,0,0,6
01/27/2020,CWF,LA,ASW,CE,Federal Contract Tower,0,0,7,33,40,0,0,3,2,5,0,0,10,35,45,0,0,0,45
01/28/2020,CWF,LA,ASW,CE,Federal Contract Tower,2,6,5,16,29,0,0,4,0,4,2,6,9,16,33,0,0,0,33
01/29/2020,CWF,LA,ASW,CE,Federal Contract Tower,4,6,9,38,57,0,6,3,3,12,4,12,12,41,69,6,96,102,171
01/30/2020,CWF,LA,ASW,CE,Federal Contract Tower,1,6,20,8,35,0,8,0,4,12,1,14,20,12,47,0,0,0,47
01/31/2020,CWF,LA,ASW,CE,Federal Contract Tower,0,2,17,41,60,0,0,3,4,7,0,2,20,45,67,0,28,28,95
02/01/2020,CWF,LA,ASW,CE,Federal Contract Tower,1,0,6,20,27,0,2,13,11,26,1,2,19,31,53,0,64,64,117
02/02/2020,CWF,LA,ASW,CE,Federal Contract Tower,0,0,5,6,11,0,0,18,2,20,0,0,23,8,31,0,0,0,31
02/03/2020,CWF,LA,ASW,CE,Federal Contract Tower,0,0,9,37,46,0,0,4,2,6,0,0,13,39,52,0,20,20,72
02/04/2020,CWF,LA,ASW,CE,Federal Contract Tower,0,2,9,17,28,0,7,0,0,7,0,9,9,17,35,0,0,0,35
02/05/2020,CWF,LA,ASW,CE,Federal Contract Tower,0,5,4,7,16,0,0,0,0,0,0,5,4,7,16,0,0,0,16
02/06/2020,CWF,LA,ASW,CE,Federal Contract Tower,2,5,5,6,18,0,0,0,8,8,2,5,5,14,26,0,28,28,54
02/07/2020,CWF,LA,ASW,CE,Federal Contract Tower,0,0,13,82,95,0,1,12,13,26,0,1,25,95,121,20,72,92,213
02/08/2020,CWF,LA,ASW,CE,Federal Contract Tower,0,0,8,6,14,0,2,1,11,14,0,2,9,17,28,10,0,10,38
02/09/2020,CWF,LA,ASW,CE,Federal Contract Tower,2,0,3,28,33,0,0,4,6,10,2,0,7,34,43,4,4,8,51
02/10/2020,CWF,LA,ASW,CE,Federal Contract Tower,2,0,5,0,7,0,0,0,0,0,2,0,5,0,7,0,0,0,7
02/11/2020,CWF,LA,ASW,CE,Federal Contract Tower,1,0,0,0,1,0,0,0,0,0,1,0,0,0,1,0,0,0,1
02/12/2020,CWF,LA,ASW,CE,Federal Contract Tower,1,0,0,0,1,0,0,0,0,0,1,0,0,0,1,0,0,0,1
02/13/2020,CWF,LA,ASW,CE,Federal Contract Tower,0,4,17,21,42,0,8,10,5,23,0,12,27,26,65,0,0,0,65
02/14/2020,CWF,LA,ASW,CE,Federal Contract Tower,2,0,24,33,59,1,0,12,5,18,3,0,36,38,77,10,40,50,127
02/15/2020,CWF,LA,ASW,CE,Federal Contract Tower,0,0,7,16,23,0,0,2,2,4,0,0,9,18,27,0,10,10,37
02/16/2020,CWF,LA,ASW,CE,Federal Contract Tower,0,1,4,4,9,0,0,1,0,1,0,1,5,4,10,0,0,0,10
02/17/2020,CWF,LA,ASW,CE,Federal Contract Tower,0,1,4,6,11,0,0,0,0,0,0,1,4,6,11,0,0,0,11
02/18/2020,CWF,LA,ASW,CE,Federal Contract Tower,0,3,5,16,24,0,0,5,0,5,0,3,10,16,29,6,0,6,35
02/19/2020,CWF,LA,ASW,CE,Federal Contract Tower,1,4,0,2,7,0,0,0,0,0,1,4,0,2,7,0,0,0,7
02/20/2020,CWF,LA,ASW,CE,Federal Contract Tower,0,0,6,1,7,0,0,0,0,0,0,0,6,1,7,0,0,0,7
02/21/2020,CWF,LA,ASW,CE,Federal Contract Tower,0,4,9,39,52,0,0,10,8,18,0,4,19,47,70,0,40,40,110
02/22/2020,CWF,LA,ASW,CE,Federal Contract Tower,1,0,5,32,38,0,1,9,17,27,1,1,14,49,65,6,54,60,125
02/23/2020,CWF,LA,ASW,CE,Federal Contract Tower,1,1,5,54,61,0,0,15,1,16,1,1,20,55,77,0,66,66,143
02/24/2020,CWF,LA,ASW,CE,Federal Contract Tower,1,0,0,2,3,0,0,3,0,3,1,0,3,2,6,0,0,0,6
02/25/2020,CWF,LA,ASW,CE,Federal Contract Tower,0,7,15,37,59,0,4,30,25,59,0,11,45,62,118,44,52,96,214
02/26/2020,CWF,LA,ASW,CE,Federal Contract Tower,0,2,11,39,52,0,0,5,9,14,0,2,16,48,66,0,64,64,130
02/27/2020,CWF,LA,ASW,CE,Federal Contract Tower,0,0,7,10,17,0,0,18,11,29,0,0,25,21,46,0,28,28,74
02/28/2020,CWF,LA,ASW,CE,Federal Contract Tower,3,0,5,47,55,0,0,16,10,26,3,0,21,57,81,0,58,58,139
02/29/2020,CWF,LA,ASW,CE,Federal Contract Tower,0,2,7,66,75,0,1,15,16,32,0,3,22,82,107,10,82,92,199
03/01/2020,CWF,LA,ASW,CE,Federal Contract Tower,0,0,5,6,11,0,0,1,0,1,0,0,6,6,12,0,0,0,12
03/02/2020,CWF,LA,ASW,CE,Federal Contract Tower,0,0,6,8,14,0,1,5,2,8,0,1,11,10,22,10,0,10,32
03/03/2020,CWF,LA,ASW,CE,Federal Contract Tower,0,0,6,16,22,0,0,0,4,4,0,0,6,20,26,0,20,20,46
03/04/2020,CWF,LA,ASW,CE,Federal Contract Tower,0,0,1,2,3,0,0,0,0,0,0,0,1,2,3,0,0,0,3
03/05/2020,CWF,LA,ASW,CE,Federal Contract Tower,0,0,9,31,40,0,0,3,8,11,0,0,12,39,51,0,18,18,69
03/06/2020,CWF,LA,ASW,CE,Federal Contract Tower,0,0,7,56,63,0,0,9,9,18,0,0,16,65,81,0,24,24,105
03/07/2020,CWF,LA,ASW,CE,Federal Contract Tower,1,1,3,14,19,0,1,17,3,21,1,2,20,17,40,12,0,12,52
03/08/2020,CWF,LA,ASW,CE,Federal Contract Tower,0,0,6,48,54,0,0,7,2,9,0,0,13,50,63,0,20,20,83
03/09/2020,CWF,LA,ASW,CE,Federal Contract Tower,1,0,6,27,34,0,0,0,1,1,1,0,6,28,35,0,14,14,49
03/10/2020,CWF,LA,ASW,CE,Federal Contract Tower,0,0,4,22,26,0,0,0,3,3,0,0,4,25,29,0,0,0,29
03/11/2020,CWF,LA,ASW,CE,Federal Contract Tower,1,0,6,12,19,0,1,8,2,11,1,1,14,14,30,0,0,0,30
03/12/2020,CWF,LA,ASW,CE,Federal Contract Tower,1,0,6,13,20,0,0,5,4,9,1,0,11,17,29,0,0,0,29
03/13/2020,CWF,LA,ASW,CE,Federal Contract Tower,0,0,7,85,92,0,1,5,0,6,0,1,12,85,98,0,78,78,176
03/14/2020,CWF,LA,ASW,CE,Federal Contract Tower,0,0,2,18,20,0,2,0,1,3,0,2,2,19,23,0,6,6,29
03/15/2020,CWF,LA,ASW,CE,Federal Contract Tower,0,0,3,16,19,0,0,3,12,15,0,0,6,28,34,0,14,14,48
03/16/2020,CWF,LA,ASW,CE,Federal Contract Tower,0,0,10,12,22,0,0,2,2,4,0,0,12,14,26,0,0,0,26
03/17/2020,CWF,LA,ASW,CE,Federal Contract Tower,0,0,13,0,13,0,0,0,4,4,0,0,13,4,17,0,0,0,17
03/18/2020,CWF,LA,ASW,CE,Federal Contract Tower,0,0,4,9,13,0,0,10,0,10,0,0,14,9,23,2,0,2,25
03/19/2020,CWF,LA,ASW,CE,Federal Contract Tower,0,0,2,39,41,0,0,2,0,2,0,0,4,39,43,8,0,8,51
03/20/2020,CWF,LA,ASW,CE,Federal Contract Tower,0,0,0,12,12,0,0,0,0,0,0,0,0,12,12,0,0,0,12
03/21/2020,CWF,LA,ASW,CE,Federal Contract Tower,0,0,4,0,4,0,2,0,0,2,0,2,4,0,6,0,0,0,6
03/22/2020,CWF,LA,ASW,CE,Federal Contract Tower,0,0,0,8,8,0,0,2,0,2,0,0,2,8,10,0,0,0,10
03/23/2020,CWF,LA,ASW,CE,Federal Contract Tower,0,0,2,10,12,0,2,0,0,2,0,2,2,10,14,0,10,10,24
03/24/2020,CWF,LA,ASW,CE,Federal Contract Tower,0,0,5,11,16,0,0,0,2,2,0,0,5,13,18,0,6,6,24
03/25/2020,CWF,LA,ASW,CE,Federal Contract Tower,0,0,2,9,11,0,0,6,3,9,0,0,8,12,20,0,0,0,20
03/26/2020,CWF,LA,ASW,CE,Federal Contract Tower,0,0,4,2,6,0,0,8,4,12,0,0,12,6,18,0,2,2,20
03/27/2020,CWF,LA,ASW,CE,Federal Contract Tower,0,0,1,9,10,0,1,3,9,13,0,1,4,18,23,0,8,8,31
03/28/2020,CWF,LA,ASW,CE,Federal Contract Tower,0,2,0,21,23,0,0,1,0,1,0,2,1,21,24,0,0,0,24
03/29/2020,CWF,LA,ASW,CE,Federal Contract Tower,0,0,2,1,3,0,2,6,3,11,0,2,8,4,14,16,0,16,30
03/30/2020,CWF,LA,ASW,CE,Federal Contract Tower,0,0,0,6,6,0,0,2,0,2,0,0,2,6,8,0,0,0,8
03/31/2020,CWF,LA,ASW,CE,Federal Contract Tower,0,0,2,39,41,0,0,5,9,14,0,0,7,48,55,4,14,18,73
04/01/2020,CWF,LA,ASW,CE,Federal Contract Tower,0,0,0,25,25,0,0,10,0,10,0,0,10,25,35,0,22,22,57
04/02/2020,CWF,LA,ASW,CE,Federal Contract Tower,0,0,0,8,8,0,0,14,2,16,0,0,14,10,24,0,0,0,24
04/03/2020,CWF,LA,ASW,CE,Federal Contract Tower,0,0,0,10,10,0,0,2,0,2,0,0,2,10,12,10,42,52,64
04/04/2020,CWF,LA,ASW,CE,Federal Contract Tower,3,0,0,4,7,0,0,1,0,1,3,0,1,4,8,0,2,2,10
04/05/2020,CWF,LA,ASW,CE,Federal Contract Tower,0,0,0,1,1,0,0,2,0,2,0,0,2,1,3,8,0,8,11
04/06/2020,CWF,LA,ASW,CE,Federal Contract Tower,0,0,9,8,17,0,2,11,0,13,0,2,20,8,30,10,0,10,40
04/07/2020,CWF,LA,ASW,CE,Federal Contract Tower,0,0,5,31,36,0,0,8,1,9,0,0,13,32,45,0,0,0,45
04/08/2020,CWF,LA,ASW,CE,Federal Contract Tower,0,0,0,24,24,0,0,1,1,2,0,0,1,25,26,0,20,20,46
04/09/2020,CWF,LA,ASW,CE,Federal Contract Tower,0,0,0,12,12,0,0,2,3,5,0,0,2,15,17,8,10,18,35
04/10/2020,CWF,LA,ASW,CE,Federal Contract Tower,0,0,0,0,0,0,0,0,0,0,0,0,0,0,0,0,0,0,0
04/11/2020,CWF,LA,ASW,CE,Federal Contract Tower,0,1,0,15,16,0,0,12,0,12,0,1,12,15,28,0,0,0,28
04/12/2020,CWF,LA,ASW,CE,Federal Contract Tower,0,0,0,0,0,0,0,0,0,0,0,0,0,0,0,0,0,0,0
04/13/2020,CWF,LA,ASW,CE,Federal Contract Tower,0,0,1,8,9,0,1,7,4,12,0,1,8,12,21,0,30,30,51
04/14/2020,CWF,LA,ASW,CE,Federal Contract Tower,0,0,0,6,6,0,0,14,4,18,0,0,14,10,24,0,18,18,42
04/15/2020,CWF,LA,ASW,CE,Federal Contract Tower,0,0,2,14,16,0,0,12,3,15,0,0,14,17,31,10,12,22,53
04/16/2020,CWF,LA,ASW,CE,Federal Contract Tower,0,0,1,27,28,0,0,15,1,16,0,0,16,28,44,0,20,20,64
04/17/2020,CWF,LA,ASW,CE,Federal Contract Tower,0,0,3,4,7,0,0,8,0,8,0,0,11,4,15,20,30,50,65
04/18/2020,CWF,LA,ASW,CE,Federal Contract Tower,0,0,2,2,4,0,0,9,0,9,0,0,11,2,13,0,0,0,13
04/19/2020,CWF,LA,ASW,CE,Federal Contract Tower,0,0,0,0,0,0,0,0,0,0,0,0,0,0,0,0,0,0,0
04/20/2020,CWF,LA,ASW,CE,Federal Contract Tower,0,0,10,13,23,0,9,25,1,35,0,9,35,14,58,0,0,0,58
04/21/2020,CWF,LA,ASW,CE,Federal Contract Tower,0,0,16,35,51,0,4,39,2,45,0,4,55,37,96,4,40,44,140
04/22/2020,CWF,LA,ASW,CE,Federal Contract Tower,0,1,0,0,1,0,0,2,0,2,0,1,2,0,3,0,0,0,3
04/23/2020,CWF,LA,ASW,CE,Federal Contract Tower,0,0,6,2,8,0,2,13,0,15,0,2,19,2,23,24,0,24,47
04/24/2020,CWF,LA,ASW,CE,Federal Contract Tower,0,0,7,9,16,0,0,14,0,14,0,0,21,9,30,4,0,4,34
04/25/2020,CWF,LA,ASW,CE,Federal Contract Tower,0,0,2,6,8,0,0,20,0,20,0,0,22,6,28,18,0,18,46
04/26/2020,CWF,LA,ASW,CE,Federal Contract Tower,0,0,0,0,0,0,0,12,0,12,0,0,12,0,12,2,0,2,14
04/27/2020,CWF,LA,ASW,CE,Federal Contract Tower,0,0,12,6,18,0,9,28,0,37,0,9,40,6,55,40,0,40,95
04/28/2020,CWF,LA,ASW,CE,Federal Contract Tower,0,0,9,8,17,0,0,9,0,9,0,0,18,8,26,20,30,50,76
04/29/2020,CWF,LA,ASW,CE,Federal Contract Tower,0,0,3,13,16,0,0,3,3,6,0,0,6,16,22,0,6,6,28
04/30/2020,CWF,LA,ASW,CE,Federal Contract Tower,0,0,6,17,23,0,0,14,8,22,0,0,20,25,45,0,40,40,85
05/01/2020,CWF,LA,ASW,CE,Federal Contract Tower,0,0,2,24,26,0,0,12,6,18,0,0,14,30,44,4,40,44,88
05/02/2020,CWF,LA,ASW,CE,Federal Contract Tower,0,0,0,4,4,0,2,13,0,15,0,2,13,4,19,44,0,44,63
05/03/2020,CWF,LA,ASW,CE,Federal Contract Tower,0,0,0,0,0,0,0,14,0,14,0,0,14,0,14,0,0,0,14
05/04/2020,CWF,LA,ASW,CE,Federal Contract Tower,0,0,6,18,24,0,3,12,0,15,0,3,18,18,39,44,16,60,99
05/05/2020,CWF,LA,ASW,CE,Federal Contract Tower,0,0,4,4,8,0,4,9,0,13,0,4,13,4,21,6,0,6,27
05/06/2020,CWF,LA,ASW,CE,Federal Contract Tower,0,0,3,7,10,0,0,21,1,22,0,0,24,8,32,16,0,16,48
05/07/2020,CWF,LA,ASW,CE,Federal Contract Tower,0,0,2,20,22,0,1,34,0,35,0,1,36,20,57,64,24,88,145
05/08/2020,CWF,LA,ASW,CE,Federal Contract Tower,0,0,10,8,18,0,0,1,0,1,0,0,11,8,19,0,40,40,59
05/09/2020,CWF,LA,ASW,CE,Federal Contract Tower,0,0,8,0,8,0,0,7,0,7,0,0,15,0,15,0,0,0,15
05/10/2020,CWF,LA,ASW,CE,Federal Contract Tower,0,0,2,17,19,0,0,20,1,21,0,0,22,18,40,0,0,0,40
05/11/2020,CWF,LA,ASW,CE,Federal Contract Tower,0,1,0,13,14,0,2,9,6,17,0,3,9,19,31,3,10,13,44
05/12/2020,CWF,LA,ASW,CE,Federal Contract Tower,0,0,3,26,29,0,3,15,4,22,0,3,18,30,51,16,42,58,109
05/13/2020,CWF,LA,ASW,CE,Federal Contract Tower,0,0,2,23,25,0,0,2,0,2,0,0,4,23,27,0,0,0,27
05/14/2020,CWF,LA,ASW,CE,Federal Contract Tower,0,0,0,0,0,0,0,0,0,0,0,0,0,0,0,0,0,0,0
05/15/2020,CWF,LA,ASW,CE,Federal Contract Tower,0,1,0,6,7,0,0,2,0,2,0,1,2,6,9,0,0,0,9
05/16/2020,CWF,LA,ASW,CE,Federal Contract Tower,0,0,1,0,1,0,0,0,0,0,0,0,1,0,1,0,0,0,1
05/17/2020,CWF,LA,ASW,CE,Federal Contract Tower,0,0,2,3,5,0,2,1,0,3,0,2,3,3,8,0,0,0,8
05/18/2020,CWF,LA,ASW,CE,Federal Contract Tower,0,0,21,17,38,0,1,24,0,25,0,1,45,17,63,24,52,76,139
05/19/2020,CWF,LA,ASW,CE,Federal Contract Tower,0,2,20,13,35,0,4,9,2,15,0,6,29,15,50,32,12,44,94
05/20/2020,CWF,LA,ASW,CE,Federal Contract Tower,0,0,11,8,19,0,0,13,0,13,0,0,24,8,32,0,14,14,46
05/21/2020,CWF,LA,ASW,CE,Federal Contract Tower,0,0,3,12,15,0,2,15,1,18,0,2,18,13,33,8,10,18,51
05/22/2020,CWF,LA,ASW,CE,Federal Contract Tower,0,0,6,18,24,0,0,10,1,11,0,0,16,19,35,8,22,30,65
05/23/2020,CWF,LA,ASW,CE,Federal Contract Tower,0,0,3,7,10,0,0,6,0,6,0,0,9,7,16,14,0,14,30
05/24/2020,CWF,LA,ASW,CE,Federal Contract Tower,0,0,0,0,0,0,0,7,0,7,0,0,7,0,7,0,0,0,7
05/25/2020,CWF,LA,ASW,CE,Federal Contract Tower,0,0,4,0,4,0,0,5,0,5,0,0,9,0,9,4,0,4,13
05/26/2020,CWF,LA,ASW,CE,Federal Contract Tower,0,0,2,10,12,0,0,8,0,8,0,0,10,10,20,0,8,8,28
05/27/2020,CWF,LA,ASW,CE,Federal Contract Tower,0,2,19,15,36,0,0,23,0,23,0,2,42,15,59,32,0,32,91
05/28/2020,CWF,LA,ASW,CE,Federal Contract Tower,0,0,2,5,7,0,0,3,4,7,0,0,5,9,14,0,0,0,14
05/29/2020,CWF,LA,ASW,CE,Federal Contract Tower,0,0,6,35,41,0,2,17,1,20,0,2,23,36,61,0,52,52,113
05/30/2020,CWF,LA,ASW,CE,Federal Contract Tower,0,0,1,18,19,0,0,21,0,21,0,0,22,18,40,34,0,34,74
05/31/2020,CWF,LA,ASW,CE,Federal Contract Tower,0,0,8,1,9,0,0,20,1,21,0,0,28,2,30,20,0,20,50
06/01/2020,CWF,LA,ASW,CE,Federal Contract Tower,0,1,7,9,17,0,0,17,5,22,0,1,24,14,39,4,16,20,59
06/02/2020,CWF,LA,ASW,CE,Federal Contract Tower,0,2,10,21,33,0,2,21,2,25,0,4,31,23,58,4,20,24,82
06/03/2020,CWF,LA,ASW,CE,Federal Contract Tower,0,0,6,16,22,0,1,15,6,22,0,1,21,22,44,0,12,12,56
06/04/2020,CWF,LA,ASW,CE,Federal Contract Tower,0,0,11,19,30,0,0,13,0,13,0,0,24,19,43,6,2,8,51
06/05/2020,CWF,LA,ASW,CE,Federal Contract Tower,0,0,5,22,27,0,0,19,7,26,0,0,24,29,53,36,14,50,103
06/06/2020,CWF,LA,ASW,CE,Federal Contract Tower,0,0,5,0,5,0,0,4,0,4,0,0,9,0,9,6,0,6,15
06/07/2020,CWF,LA,ASW,CE,Federal Contract Tower,0,0,0,2,2,0,0,2,0,2,0,0,2,2,4,0,6,6,10
06/08/2020,CWF,LA,ASW,CE,Federal Contract Tower,0,4,0,6,10,0,0,7,0,7,0,4,7,6,17,0,4,4,21
06/09/2020,CWF,LA,ASW,CE,Federal Contract Tower,0,0,23,38,61,0,2,9,2,13,0,2,32,40,74,30,44,74,148
06/10/2020,CWF,LA,ASW,CE,Federal Contract Tower,0,0,6,20,26,0,0,21,0,21,0,0,27,20,47,26,0,26,73
06/11/2020,CWF,LA,ASW,CE,Federal Contract Tower,1,0,6,22,29,0,4,19,2,25,1,4,25,24,54,4,4,8,62
06/12/2020,CWF,LA,ASW,CE,Federal Contract Tower,0,0,4,21,25,0,0,9,10,19,0,0,13,31,44,0,4,4,48
06/13/2020,CWF,LA,ASW,CE,Federal Contract Tower,0,0,3,4,7,0,2,20,4,26,0,2,23,8,33,0,0,0,33
06/14/2020,CWF,LA,ASW,CE,Federal Contract Tower,0,0,10,5,15,0,0,23,1,24,0,0,33,6,39,20,0,20,59
06/15/2020,CWF,LA,ASW,CE,Federal Contract Tower,0,0,3,11,14,0,8,13,0,21,0,8,16,11,35,16,14,30,65
06/16/2020,CWF,LA,ASW,CE,Federal Contract Tower,0,0,8,6,14,0,0,19,4,23,0,0,27,10,37,16,12,28,65
06/17/2020,CWF,LA,ASW,CE,Federal Contract Tower,1,0,10,23,34,0,1,21,12,34,1,1,31,35,68,32,26,58,126
06/18/2020,CWF,LA,ASW,CE,Federal Contract Tower,0,0,9,9,18,0,2,15,5,22,0,2,24,14,40,82,0,82,122
06/19/2020,CWF,LA,ASW,CE,Federal Contract Tower,0,0,6,29,35,0,4,17,11,32,0,4,23,40,67,74,16,90,157
06/20/2020,CWF,LA,ASW,CE,Federal Contract Tower,0,0,1,4,5,0,0,13,0,13,0,0,14,4,18,30,0,30,48
06/21/2020,CWF,LA,ASW,CE,Federal Contract Tower,0,0,5,0,5,0,0,4,0,4,0,0,9,0,9,20,0,20,29
06/22/2020,CWF,LA,ASW,CE,Federal Contract Tower,0,0,4,0,4,0,4,6,0,10,0,4,10,0,14,0,0,0,14
06/23/2020,CWF,LA,ASW,CE,Federal Contract Tower,0,0,16,2,18,0,0,7,5,12,0,0,23,7,30,10,0,10,40
06/24/2020,CWF,LA,ASW,CE,Federal Contract Tower,0,6,3,0,9,0,0,4,0,4,0,6,7,0,13,20,0,20,33
06/25/2020,CWF,LA,ASW,CE,Federal Contract Tower,0,0,2,6,8,0,0,3,0,3,0,0,5,6,11,0,16,16,27
06/26/2020,CWF,LA,ASW,CE,Federal Contract Tower,0,0,12,10,22,0,0,9,0,9,0,0,21,10,31,38,0,38,69
06/27/2020,CWF,LA,ASW,CE,Federal Contract Tower,0,0,2,10,12,0,0,3,0,3,0,0,5,10,15,0,0,0,15
06/28/2020,CWF,LA,ASW,CE,Federal Contract Tower,0,0,3,6,9,0,2,15,1,18,0,2,18,7,27,0,0,0,27
06/29/2020,CWF,LA,ASW,CE,Federal Contract Tower,0,1,4,31,36,0,2,13,7,22,0,3,17,38,58,20,4,24,82
06/30/2020,CWF,LA,ASW,CE,Federal Contract Tower,0,0,7,47,54,0,0,10,11,21,0,0,17,58,75,8,4,12,87
07/01/2020,CWF,LA,ASW,CE,Federal Contract Tower,0,0,6,32,38,0,3,34,26,63,0,3,40,58,101,0,14,14,115
07/02/2020,CWF,LA,ASW,CE,Federal Contract Tower,0,4,12,28,44,0,4,20,5,29,0,8,32,33,73,94,44,138,211
07/03/2020,CWF,LA,ASW,CE,Federal Contract Tower,0,0,6,14,20,0,0,5,0,5,0,0,11,14,25,30,0,30,55
07/04/2020,CWF,LA,ASW,CE,Federal Contract Tower,0,0,0,0,0,0,2,8,0,10,0,2,8,0,10,30,0,30,40
07/05/2020,CWF,LA,ASW,CE,Federal Contract Tower,0,0,2,2,4,0,0,9,0,9,0,0,11,2,13,13,0,13,26
07/06/2020,CWF,LA,ASW,CE,Federal Contract Tower,0,0,4,0,4,0,0,6,0,6,0,0,10,0,10,14,0,14,24
07/07/2020,CWF,LA,ASW,CE,Federal Contract Tower,0,0,4,0,4,0,0,3,0,3,0,0,7,0,7,30,0,30,37
07/08/2020,CWF,LA,ASW,CE,Federal Contract Tower,0,0,11,19,30,0,2,12,3,17,0,2,23,22,47,0,2,2,49
07/09/2020,CWF,LA,ASW,CE,Federal Contract Tower,0,0,4,33,37,0,0,21,21,42,0,0,25,54,79,2,26,28,107
07/10/2020,CWF,LA,ASW,CE,Federal Contract Tower,0,0,6,8,14,2,1,21,7,31,2,1,27,15,45,0,6,6,51
07/11/2020,CWF,LA,ASW,CE,Federal Contract Tower,0,0,2,7,9,0,0,14,1,15,0,0,16,8,24,26,0,26,50
07/12/2020,CWF,LA,ASW,CE,Federal Contract Tower,0,0,0,5,5,0,0,10,11,21,0,0,10,16,26,22,0,22,48
07/13/2020,CWF,LA,ASW,CE,Federal Contract Tower,0,0,8,16,24,0,10,7,10,27,0,10,15,26,51,54,8,62,113
07/14/2020,CWF,LA,ASW,CE,Federal Contract Tower,0,0,3,18,21,0,0,19,5,24,0,0,22,23,45,50,0,50,95
07/15/2020,CWF,LA,ASW,CE,Federal Contract Tower,0,0,18,16,34,0,1,18,12,31,0,1,36,28,65,22,12,34,99
07/16/2020,CWF,LA,ASW,CE,Federal Contract Tower,0,0,5,16,21,0,0,22,2,24,0,0,27,18,45,56,6,62,107
07/17/2020,CWF,LA,ASW,CE,Federal Contract Tower,0,0,11,7,18,0,0,12,2,14,0,0,23,9,32,68,10,78,110
07/18/2020,CWF,LA,ASW,CE,Federal Contract Tower,0,0,0,8,8,0,0,7,0,7,0,0,7,8,15,0,34,34,49
07/19/2020,CWF,LA,ASW,CE,Federal Contract Tower,0,0,4,6,10,0,0,10,0,10,0,0,14,6,20,0,0,0,20
07/20/2020,CWF,LA,ASW,CE,Federal Contract Tower,0,0,7,0,7,0,2,6,2,10,0,2,13,2,17,0,0,0,17
07/21/2020,CWF,LA,ASW,CE,Federal Contract Tower,0,1,5,4,10,0,2,4,4,10,0,3,9,8,20,8,0,8,28
07/22/2020,CWF,LA,ASW,CE,Federal Contract Tower,0,0,4,26,30,0,1,12,1,14,0,1,16,27,44,12,0,12,56
07/23/2020,CWF,LA,ASW,CE,Federal Contract Tower,0,0,6,14,20,0,3,12,0,15,0,3,18,14,35,0,28,28,63
07/24/2020,CWF,LA,ASW,CE,Federal Contract Tower,0,0,16,2,18,0,0,2,0,2,0,0,18,2,20,0,0,0,20
07/25/2020,CWF,LA,ASW,CE,Federal Contract Tower,0,0,0,0,0,0,0,0,0,0,0,0,0,0,0,0,0,0,0
07/26/2020,CWF,LA,ASW,CE,Federal Contract Tower,0,0,6,15,21,0,0,5,0,5,0,0,11,15,26,0,0,0,26
07/27/2020,CWF,LA,ASW,CE,Federal Contract Tower,0,3,2,15,20,0,0,4,0,4,0,3,6,15,24,0,4,4,28
07/28/2020,CWF,LA,ASW,CE,Federal Contract Tower,0,0,3,4,7,0,0,5,5,10,0,0,8,9,17,0,14,14,31
07/29/2020,CWF,LA,ASW,CE,Federal Contract Tower,0,1,12,28,41,0,1,3,6,10,0,2,15,34,51,0,36,36,87
07/30/2020,CWF,LA,ASW,CE,Federal Contract Tower,0,0,5,21,26,0,2,13,6,21,0,2,18,27,47,20,38,58,105
07/31/2020,CWF,LA,ASW,CE,Federal Contract Tower,0,0,9,13,22,0,3,6,0,9,0,3,15,13,31,0,0,0,31
08/01/2020,CWF,LA,ASW,CE,Federal Contract Tower,0,0,2,0,2,0,0,3,0,3,0,0,5,0,5,0,0,0,5
08/02/2020,CWF,LA,ASW,CE,Federal Contract Tower,0,4,5,15,24,0,0,19,0,19,0,4,24,15,43,18,0,18,61
08/03/2020,CWF,LA,ASW,CE,Federal Contract Tower,0,0,9,30,39,0,2,10,9,21,0,2,19,39,60,46,52,98,158
08/04/2020,CWF,LA,ASW,CE,Federal Contract Tower,0,0,5,20,25,0,2,17,6,25,0,2,22,26,50,10,0,10,60
08/05/2020,CWF,LA,ASW,CE,Federal Contract Tower,0,2,5,9,16,0,4,13,3,20,0,6,18,12,36,18,6,24,60
08/06/2020,CWF,LA,ASW,CE,Federal Contract Tower,0,0,15,35,50,0,3,26,9,38,0,3,41,44,88,10,30,40,128
08/07/2020,CWF,LA,ASW,CE,Federal Contract Tower,0,0,5,35,40,0,0,18,11,29,0,0,23,46,69,18,28,46,115
08/08/2020,CWF,LA,ASW,CE,Federal Contract Tower,0,0,2,7,9,0,0,20,4,24,0,0,22,11,33,14,20,34,67
08/09/2020,CWF,LA,ASW,CE,Federal Contract Tower,0,0,2,10,12,0,0,3,0,3,0,0,5,10,15,0,6,6,21
08/10/2020,CWF,LA,ASW,CE,Federal Contract Tower,0,2,8,17,27,0,4,25,5,34,0,6,33,22,61,14,0,14,75
08/11/2020,CWF,LA,ASW,CE,Federal Contract Tower,0,0,9,14,23,0,3,26,8,37,0,3,35,22,60,24,16,40,100
08/12/2020,CWF,LA,ASW,CE,Federal Contract Tower,0,0,5,28,33,0,1,8,6,15,0,1,13,34,48,0,54,54,102
08/13/2020,CWF,LA,ASW,CE,Federal Contract Tower,0,0,8,60,68,0,2,10,4,16,0,2,18,64,84,10,82,92,176
08/14/2020,CWF,LA,ASW,CE,Federal Contract Tower,0,0,5,8,13,0,0,14,1,15,0,0,19,9,28,30,20,50,78
08/15/2020,CWF,LA,ASW,CE,Federal Contract Tower,0,2,4,7,13,0,0,14,2,16,0,2,18,9,29,30,36,66,95
08/16/2020,CWF,LA,ASW,CE,Federal Contract Tower,0,0,0,0,0,0,0,10,0,10,0,0,10,0,10,0,0,0,10
08/17/2020,CWF,LA,ASW,CE,Federal Contract Tower,0,0,3,24,27,0,2,10,2,14,0,2,13,26,41,0,0,0,41
08/18/2020,CWF,LA,ASW,CE,Federal Contract Tower,0,0,2,25,27,0,1,19,5,25,0,1,21,30,52,32,22,54,106
08/19/2020,CWF,LA,ASW,CE,Federal Contract Tower,0,0,4,28,32,0,2,23,3,28,0,2,27,31,60,26,30,56,116
08/20/2020,CWF,LA,ASW,CE,Federal Contract Tower,0,0,4,19,23,0,2,21,9,32,0,2,25,28,55,4,18,22,77
08/21/2020,CWF,LA,ASW,CE,Federal Contract Tower,0,0,16,57,73,0,0,25,0,25,0,0,41,57,98,14,34,48,146
08/22/2020,CWF,LA,ASW,CE,Federal Contract Tower,0,0,5,24,29,0,0,11,1,12,0,0,16,25,41,0,16,16,57
08/23/2020,CWF,LA,ASW,CE,Federal Contract Tower,0,0,6,1,7,0,0,10,0,10,0,0,16,1,17,40,0,40,57
08/24/2020,CWF,LA,ASW,CE,Federal Contract Tower,0,0,2,6,8,0,1,8,7,16,0,1,10,13,24,0,14,14,38
08/25/2020,CWF,LA,ASW,CE,Federal Contract Tower,0,0,6,0,6,0,1,1,0,2,0,1,7,0,8,0,0,0,8
08/26/2020,CWF,LA,ASW,CE,Federal Contract Tower,0,4,0,0,4,0,0,0,0,0,0,4,0,0,4,0,0,0,4
08/27/2020,CWF,LA,ASW,CE,Federal Contract Tower,0,1,4,1,6,0,8,22,55,85,0,9,26,56,91,0,0,0,91
08/28/2020,CWF,LA,ASW,CE,Federal Contract Tower,0,1,7,0,8,0,14,17,9,40,0,15,24,9,48,0,0,0,48
08/29/2020,CWF,LA,ASW,CE,Federal Contract Tower,0,0,2,2,4,0,22,26,25,73,0,22,28,27,77,0,0,0,77
08/30/2020,CWF,LA,ASW,CE,Federal Contract Tower,0,0,9,0,9,0,6,26,4,36,0,6,35,4,45,0,0,0,45
08/31/2020,CWF,LA,ASW,CE,Federal Contract Tower,0,0,5,4,9,0,14,24,0,38,0,14,29,4,47,0,0,0,47
09/01/2020,CWF,LA,ASW,CE,Federal Contract Tower,0,1,18,0,19,0,15,24,7,46,0,16,42,7,65,0,0,0,65
09/02/2020,CWF,LA,ASW,CE,Federal Contract Tower,0,0,19,3,22,0,10,49,9,68,0,10,68,12,90,0,0,0,90
09/03/2020,CWF,LA,ASW,CE,Federal Contract Tower,0,0,30,5,35,0,2,25,11,38,0,2,55,16,73,0,0,0,73
09/04/2020,CWF,LA,ASW,CE,Federal Contract Tower,0,6,15,2,23,0,15,24,0,39,0,21,39,2,62,0,0,0,62
09/05/2020,CWF,LA,ASW,CE,Federal Contract Tower,0,4,13,0,17,0,9,19,0,28,0,13,32,0,45,0,0,0,45
09/06/2020,CWF,LA,ASW,CE,Federal Contract Tower,0,0,7,0,7,0,10,11,4,25,0,10,18,4,32,0,0,0,32
09/07/2020,CWF,LA,ASW,CE,Federal Contract Tower,0,3,11,2,16,0,15,16,2,33,0,18,27,4,49,0,0,0,49
09/08/2020,CWF,LA,ASW,CE,Federal Contract Tower,0,4,15,6,25,0,0,17,0,17,0,4,32,6,42,0,22,22,64
09/09/2020,CWF,LA,ASW,CE,Federal Contract Tower,0,6,16,4,26,0,2,13,0,15,0,8,29,4,41,0,0,0,41
09/10/2020,CWF,LA,ASW,CE,Federal Contract Tower,0,4,16,2,22,0,7,14,8,29,0,11,30,10,51,0,0,0,51
09/11/2020,CWF,LA,ASW,CE,Federal Contract Tower,0,7,19,10,36,0,5,15,1,21,0,12,34,11,57,0,34,34,91
09/12/2020,CWF,LA,ASW,CE,Federal Contract Tower,0,2,1,3,6,0,5,10,6,21,0,7,11,9,27,0,0,0,27
09/13/2020,CWF,LA,ASW,CE,Federal Contract Tower,0,0,5,2,7,0,10,3,0,13,0,10,8,2,20,0,0,0,20
09/14/2020,CWF,LA,ASW,CE,Federal Contract Tower,0,0,8,0,8,0,1,4,0,5,0,1,12,0,13,0,0,0,13
09/15/2020,CWF,LA,ASW,CE,Federal Contract Tower,0,2,8,4,14,0,0,17,0,17,0,2,25,4,31,0,4,4,35
09/16/2020,CWF,LA,ASW,CE,Federal Contract Tower,0,5,21,2,28,0,8,22,7,37,0,13,43,9,65,0,10,10,75
09/17/2020,CWF,LA,ASW,CE,Federal Contract Tower,0,4,28,7,39,0,0,34,0,34,0,4,62,7,73,2,0,2,75
09/18/2020,CWF,LA,ASW,CE,Federal Contract Tower,0,5,27,26,58,0,7,26,2,35,0,12,53,28,93,0,40,40,133
09/19/2020,CWF,LA,ASW,CE,Federal Contract Tower,0,0,8,3,11,0,0,3,1,4,0,0,11,4,15,0,0,0,15
09/20/2020,CWF,LA,ASW,CE,Federal Contract Tower,0,0,4,0,4,0,0,1,0,1,0,0,5,0,5,0,0,0,5
09/21/2020,CWF,LA,ASW,CE,Federal Contract Tower,0,0,12,0,12,0,0,0,0,0,0,0,12,0,12,0,0,0,12
09/22/2020,CWF,LA,ASW,CE,Federal Contract Tower,0,4,10,0,14,0,0,0,0,0,0,4,10,0,14,0,0,0,14
09/23/2020,CWF,LA,ASW,CE,Federal Contract Tower,0,4,5,0,9,0,0,4,0,4,0,4,9,0,13,0,0,0,13
09/24/2020,CWF,LA,ASW,CE,Federal Contract Tower,0,6,18,6,30,0,6,12,0,18,0,12,30,6,48,0,10,10,58
09/25/2020,CWF,LA,ASW,CE,Federal Contract Tower,0,2,26,4,32,0,7,24,3,34,0,9,50,7,66,10,30,40,106
09/26/2020,CWF,LA,ASW,CE,Federal Contract Tower,0,0,6,4,10,0,2,23,3,28,0,2,29,7,38,0,50,50,88
09/27/2020,CWF,LA,ASW,CE,Federal Contract Tower,0,1,6,6,13,0,1,31,0,32,0,2,37,6,45,0,0,0,45
09/28/2020,CWF,LA,ASW,CE,Federal Contract Tower,0,0,18,0,18,0,0,2,0,2,0,0,20,0,20,0,0,0,20
09/29/2020,CWF,LA,ASW,CE,Federal Contract Tower,0,0,12,10,22,0,6,22,0,28,0,6,34,10,50,0,20,20,70
09/30/2020,CWF,LA,ASW,CE,Federal Contract Tower,0,4,16,12,32,0,0,20,2,22,0,4,36,14,54,16,6,22,76
10/01/2020,CWF,LA,ASW,CE,Federal Contract Tower,0,4,19,16,39,0,9,18,6,33,0,13,37,22,72,0,10,10,82
10/02/2020,CWF,LA,ASW,CE,Federal Contract Tower,0,0,16,30,46,0,5,20,2,27,0,5,36,32,73,0,58,58,131
10/03/2020,CWF,LA,ASW,CE,Federal Contract Tower,0,0,2,31,33,0,1,14,7,22,0,1,16,38,55,0,0,0,55
10/04/2020,CWF,LA,ASW,CE,Federal Contract Tower,0,0,7,10,17,0,0,15,0,15,0,0,22,10,32,0,4,4,36
10/05/2020,CWF,LA,ASW,CE,Federal Contract Tower,0,0,2,6,8,0,10,16,4,30,0,10,18,10,38,0,22,22,60
10/06/2020,CWF,LA,ASW,CE,Federal Contract Tower,0,2,9,11,22,0,4,19,2,25,0,6,28,13,47,0,32,32,79
10/07/2020,CWF,LA,ASW,CE,Federal Contract Tower,0,1,15,22,38,0,9,5,3,17,0,10,20,25,55,14,16,30,85
10/08/2020,CWF,LA,ASW,CE,Federal Contract Tower,0,1,16,0,17,0,0,6,0,6,0,1,22,0,23,0,0,0,23
10/09/2020,CWF,LA,ASW,CE,Federal Contract Tower,0,0,0,0,0,0,0,0,0,0,0,0,0,0,0,0,0,0,0
10/10/2020,CWF,LA,ASW,CE,Federal Contract Tower,0,0,6,0,6,0,11,27,41,79,0,11,33,41,85,0,0,0,85
10/11/2020,CWF,LA,ASW,CE,Federal Contract Tower,0,2,13,1,16,0,14,15,5,34,0,16,28,6,50,0,0,0,50
10/12/2020,CWF,LA,ASW,CE,Federal Contract Tower,0,6,33,0,39,0,8,27,2,37,0,14,60,2,76,0,0,0,76
10/13/2020,CWF,LA,ASW,CE,Federal Contract Tower,0,0,14,17,31,0,5,22,0,27,0,5,36,17,58,0,4,4,62
10/14/2020,CWF,LA,ASW,CE,Federal Contract Tower,0,3,30,10,43,0,3,27,7,37,0,6,57,17,80,20,12,32,112
10/15/2020,CWF,LA,ASW,CE,Federal Contract Tower,0,4,25,4,33,0,16,26,0,42,0,20,51,4,75,4,0,4,79
10/16/2020,CWF,LA,ASW,CE,Federal Contract Tower,0,0,19,5,24,0,3,3,1,7,0,3,22,6,31,0,6,6,37
10/17/2020,CWF,LA,ASW,CE,Federal Contract Tower,0,0,3,0,3,0,7,13,2,22,0,7,16,2,25,0,0,0,25
10/18/2020,CWF,LA,ASW,CE,Federal Contract Tower,0,0,11,23,34,0,1,20,5,26,0,1,31,28,60,0,0,0,60
10/19/2020,CWF,LA,ASW,CE,Federal Contract Tower,0,0,31,6,37,0,2,17,0,19,0,2,48,6,56,0,16,16,72
10/20/2020,CWF,LA,ASW,CE,Federal Contract Tower,0,0,33,7,40,0,0,10,1,11,0,0,43,8,51,0,6,6,57
10/21/2020,CWF,LA,ASW,CE,Federal Contract Tower,0,0,18,18,36,0,3,19,0,22,0,3,37,18,58,0,20,20,78
10/22/2020,CWF,LA,ASW,CE,Federal Contract Tower,0,0,30,11,41,0,2,14,0,16,0,2,44,11,57,10,0,10,67
10/23/2020,CWF,LA,ASW,CE,Federal Contract Tower,0,0,2,0,2,0,0,7,0,7,0,0,9,0,9,0,0,0,9
10/24/2020,CWF,LA,ASW,CE,Federal Contract Tower,0,0,4,0,4,0,0,0,0,0,0,0,4,0,4,0,0,0,4
10/25/2020,CWF,LA,ASW,CE,Federal Contract Tower,0,0,6,2,8,0,6,4,0,10,0,6,10,2,18,0,0,0,18
10/26/2020,CWF,LA,ASW,CE,Federal Contract Tower,0,1,17,24,42,0,8,28,0,36,0,9,45,24,78,16,32,48,126
10/27/2020,CWF,LA,ASW,CE,Federal Contract Tower,0,0,32,19,51,0,0,7,1,8,0,0,39,20,59,0,24,24,83
10/28/2020,CWF,LA,ASW,CE,Federal Contract Tower,0,0,7,1,8,0,0,0,0,0,0,0,7,1,8,0,0,0,8
10/29/2020,CWF,LA,ASW,CE,Federal Contract Tower,0,0,11,3,14,0,1,11,1,13,0,1,22,4,27,0,12,12,39
10/30/2020,CWF,LA,ASW,CE,Federal Contract Tower,0,2,11,8,21,0,2,5,4,11,0,4,16,12,32,6,12,18,50
10/31/2020,CWF,LA,ASW,CE,Federal Contract Tower,0,0,0,0,0,0,0,9,0,9,0,0,9,0,9,4,0,4,13
11/01/2020,CWF,LA,ASW,CE,Federal Contract Tower,0,2,5,0,7,0,3,3,0,6,0,5,8,0,13,0,0,0,13
11/02/2020,CWF,LA,ASW,CE,Federal Contract Tower,0,0,21,0,21,0,0,11,0,11,0,0,32,0,32,0,0,0,32
11/03/2020,CWF,LA,ASW,CE,Federal Contract Tower,0,0,7,14,21,0,2,14,0,16,0,2,21,14,37,6,0,6,43
11/04/2020,CWF,LA,ASW,CE,Federal Contract Tower,0,2,8,17,27,0,0,14,2,16,0,2,22,19,43,16,4,20,63
11/05/2020,CWF,LA,ASW,CE,Federal Contract Tower,0,2,20,5,27,0,3,9,1,13,0,5,29,6,40,2,0,2,42
11/06/2020,CWF,LA,ASW,CE,Federal Contract Tower,0,0,3,28,31,0,0,16,1,17,0,0,19,29,48,0,0,0,48
11/07/2020,CWF,LA,ASW,CE,Federal Contract Tower,0,0,0,12,12,0,2,6,2,10,0,2,6,14,22,0,0,0,22
11/08/2020,CWF,LA,ASW,CE,Federal Contract Tower,0,3,3,28,34,0,1,3,0,4,0,4,6,28,38,0,0,0,38
11/09/2020,CWF,LA,ASW,CE,Federal Contract Tower,1,3,14,3,21,0,0,6,1,7,1,3,20,4,28,4,4,8,36
11/10/2020,CWF,LA,ASW,CE,Federal Contract Tower,0,1,4,25,30,0,0,2,3,5,0,1,6,28,35,6,38,44,79
11/11/2020,CWF,LA,ASW,CE,Federal Contract Tower,0,2,17,6,25,0,3,17,0,20,0,5,34,6,45,8,0,8,53
11/12/2020,CWF,LA,ASW,CE,Federal Contract Tower,0,1,21,3,25,0,1,8,2,11,0,2,29,5,36,10,0,10,46
11/13/2020,CWF,LA,ASW,CE,Federal Contract Tower,0,1,8,11,20,0,5,13,5,23,0,6,21,16,43,4,20,24,67
11/14/2020,CWF,LA,ASW,CE,Federal Contract Tower,0,2,6,6,14,0,0,2,0,2,0,2,8,6,16,0,12,12,28
11/15/2020,CWF,LA,ASW,CE,Federal Contract Tower,0,0,4,0,4,0,0,4,0,4,0,0,8,0,8,0,0,0,8
11/16/2020,CWF,LA,ASW,CE,Federal Contract Tower,0,3,7,9,19,0,1,8,2,11,0,4,15,11,30,0,8,8,38
11/17/2020,CWF,LA,ASW,CE,Federal Contract Tower,1,0,9,3,13,0,4,5,2,11,1,4,14,5,24,6,0,6,30
11/18/2020,CWF,LA,ASW,CE,Federal Contract Tower,0,0,4,9,13,0,0,6,0,6,0,0,10,9,19,0,0,0,19
11/19/2020,CWF,LA,ASW,CE,Federal Contract Tower,0,0,9,10,19,0,2,11,0,13,0,2,20,10,32,6,0,6,38
11/20/2020,CWF,LA,ASW,CE,Federal Contract Tower,0,0,12,12,24,0,0,9,0,9,0,0,21,12,33,6,0,6,39
11/21/2020,CWF,LA,ASW,CE,Federal Contract Tower,0,0,4,12,16,0,0,15,0,15,0,0,19,12,31,0,0,0,31
11/22/2020,CWF,LA,ASW,CE,Federal Contract Tower,0,3,5,21,29,0,1,17,0,18,0,4,22,21,47,12,0,12,59
11/23/2020,CWF,LA,ASW,CE,Federal Contract Tower,0,2,11,6,19,0,2,11,4,17,0,4,22,10,36,0,0,0,36
11/24/2020,CWF,LA,ASW,CE,Federal Contract Tower,0,3,22,5,30,0,0,5,3,8,0,3,27,8,38,0,4,4,42
11/25/2020,CWF,LA,ASW,CE,Federal Contract Tower,0,0,5,2,7,0,0,4,2,6,0,0,9,4,13,0,0,0,13
11/26/2020,CWF,LA,ASW,CE,Federal Contract Tower,0,0,0,0,0,0,0,2,0,2,0,0,2,0,2,0,0,0,2
11/27/2020,CWF,LA,ASW,CE,Federal Contract Tower,0,0,0,0,0,0,0,0,0,0,0,0,0,0,0,0,0,0,0
11/28/2020,CWF,LA,ASW,CE,Federal Contract Tower,0,0,0,0,0,0,0,0,0,0,0,0,0,0,0,0,0,0,0
11/29/2020,CWF,LA,ASW,CE,Federal Contract Tower,0,2,9,4,15,0,2,0,0,2,0,4,9,4,17,4,0,4,21
11/30/2020,CWF,LA,ASW,CE,Federal Contract Tower,0,7,8,3,18,0,0,14,2,16,0,7,22,5,34,6,10,16,50
12/01/2020,CWF,LA,ASW,CE,Federal Contract Tower,0,5,15,0,20,0,4,13,0,17,0,9,28,0,37,8,0,8,45
12/02/2020,CWF,LA,ASW,CE,Federal Contract Tower,0,3,10,0,13,0,3,0,0,3,0,6,10,0,16,24,0,24,40
12/03/2020,CWF,LA,ASW,CE,Federal Contract Tower,0,2,5,4,11,0,0,1,0,1,0,2,6,4,12,0,0,0,12
12/04/2020,CWF,LA,ASW,CE,Federal Contract Tower,0,6,12,9,27,0,4,3,1,8,0,10,15,10,35,3,0,3,38
12/05/2020,CWF,LA,ASW,CE,Federal Contract Tower,0,1,3,8,12,0,0,10,2,12,0,1,13,10,24,0,12,12,36
12/06/2020,CWF,LA,ASW,CE,Federal Contract Tower,0,3,8,1,12,0,0,9,0,9,0,3,17,1,21,14,0,14,35
12/07/2020,CWF,LA,ASW,CE,Federal Contract Tower,0,0,10,11,21,0,1,3,4,8,0,1,13,15,29,0,6,6,35
12/08/2020,CWF,LA,ASW,CE,Federal Contract Tower,0,4,5,21,30,0,2,18,10,30,0,6,23,31,60,0,0,0,60
12/09/2020,CWF,LA,ASW,CE,Federal Contract Tower,0,0,12,21,33,0,7,17,1,25,0,7,29,22,58,36,14,50,108
12/10/2020,CWF,LA,ASW,CE,Federal Contract Tower,0,0,12,13,25,0,2,1,2,5,0,2,13,15,30,20,18,38,68
12/11/2020,CWF,LA,ASW,CE,Federal Contract Tower,0,4,6,5,15,0,4,3,2,9,0,8,9,7,24,0,2,2,26
12/12/2020,CWF,LA,ASW,CE,Federal Contract Tower,0,0,4,4,8,0,2,1,0,3,0,2,5,4,11,10,0,10,21
12/13/2020,CWF,LA,ASW,CE,Federal Contract Tower,0,0,3,0,3,0,0,0,0,0,0,0,3,0,3,0,0,0,3
12/14/2020,CWF,LA,ASW,CE,Federal Contract Tower,0,1,12,20,33,0,0,4,0,4,0,1,16,20,37,6,0,6,43
12/15/2020,CWF,LA,ASW,CE,Federal Contract Tower,0,0,4,4,8,0,0,0,0,0,0,0,4,4,8,0,0,0,8
12/16/2020,CWF,LA,ASW,CE,Federal Contract Tower,0,0,5,38,43,0,12,2,2,16,0,12,7,40,59,4,16,20,79
12/17/2020,CWF,LA,ASW,CE,Federal Contract Tower,0,2,8,12,22,0,2,10,4,16,0,4,18,16,38,12,2,14,52
12/18/2020,CWF,LA,ASW,CE,Federal Contract Tower,0,9,6,8,23,0,3,5,2,10,0,12,11,10,33,1,0,1,34
12/19/2020,CWF,LA,ASW,CE,Federal Contract Tower,0,4,1,2,7,0,4,0,0,4,0,8,1,2,11,0,0,0,11
12/20/2020,CWF,LA,ASW,CE,Federal Contract Tower,0,0,10,0,10,0,0,5,0,5,0,0,15,0,15,6,0,6,21
12/21/2020,CWF,LA,ASW,CE,Federal Contract Tower,0,5,19,7,31,0,10,15,2,27,0,15,34,9,58,2,6,8,66
12/22/2020,CWF,LA,ASW,CE,Federal Contract Tower,0,3,2,7,12,0,6,7,0,13,0,9,9,7,25,0,0,0,25
12/23/2020,CWF,LA,ASW,CE,Federal Contract Tower,0,0,4,2,6,0,0,3,0,3,0,0,7,2,9,0,0,0,9
12/24/2020,CWF,LA,ASW,CE,Federal Contract Tower,0,0,2,0,2,0,0,2,0,2,0,0,4,0,4,0,0,0,4
12/25/2020,CWF,LA,ASW,CE,Federal Contract Tower,0,0,0,0,0,0,4,0,0,4,0,4,0,0,4,0,0,0,4
12/26/2020,CWF,LA,ASW,CE,Federal Contract Tower,0,0,4,0,4,0,4,9,0,13,0,4,13,0,17,0,0,0,17
12/27/2020,CWF,LA,ASW,CE,Federal Contract Tower,0,0,3,0,3,0,0,9,0,9,0,0,12,0,12,0,0,0,12
12/28/2020,CWF,LA,ASW,CE,Federal Contract Tower,0,1,7,9,17,0,3,11,0,14,0,4,18,9,31,16,0,16,47
12/29/2020,CWF,LA,ASW,CE,Federal Contract Tower,0,5,18,7,30,0,3,15,5,23,0,8,33,12,53,0,16,16,69
12/30/2020,CWF,LA,ASW,CE,Federal Contract Tower,0,0,15,6,21,0,0,4,0,4,0,0,19,6,25,10,0,10,35
12/31/2020,CWF,LA,ASW,CE,Federal Contract Tower,0,0,6,0,6,0,0,0,0,0,0,0,6,0,6,0,0,0,6
01/01/2021,CWF,LA,ASW,CE,Federal Contract Tower,0,0,1,0,1,0,0,5,0,5,0,0,6,0,6,0,0,0,6
01/02/2021,CWF,LA,ASW,CE,Federal Contract Tower,1,0,5,0,6,0,0,4,0,4,1,0,9,0,10,0,0,0,10
01/03/2021,CWF,LA,ASW,CE,Federal Contract Tower,0,0,6,0,6,0,0,8,0,8,0,0,14,0,14,18,0,18,32
01/04/2021,CWF,LA,ASW,CE,Federal Contract Tower,0,2,6,5,13,0,0,12,5,17,0,2,18,10,30,0,4,4,34
01/05/2021,CWF,LA,ASW,CE,Federal Contract Tower,0,1,3,7,11,0,0,15,1,16,0,1,18,8,27,14,0,14,41
01/06/2021,CWF,LA,ASW,CE,Federal Contract Tower,0,2,8,8,18,0,2,3,1,6,0,4,11,9,24,4,0,4,28
01/07/2021,CWF,LA,ASW,CE,Federal Contract Tower,0,0,1,6,7,0,2,1,2,5,0,2,2,8,12,0,12,12,24
01/08/2021,CWF,LA,ASW,CE,Federal Contract Tower,0,2,11,24,37,0,0,6,9,15,0,2,17,33,52,4,50,54,106
01/09/2021,CWF,LA,ASW,CE,Federal Contract Tower,0,0,6,5,11,0,0,15,5,20,0,0,21,10,31,12,6,18,49
01/10/2021,CWF,LA,ASW,CE,Federal Contract Tower,0,0,8,4,12,0,0,0,0,0,0,0,8,4,12,0,12,12,24
01/11/2021,CWF,LA,ASW,CE,Federal Contract Tower,0,7,10,22,39,0,0,0,0,0,0,7,10,22,39,0,12,12,51
01/12/2021,CWF,LA,ASW,CE,Federal Contract Tower,0,10,10,16,36,0,2,10,2,14,0,12,20,18,50,16,70,86,136
01/13/2021,CWF,LA,ASW,CE,Federal Contract Tower,0,8,4,21,33,0,8,23,3,34,0,16,27,24,67,4,0,4,71
01/14/2021,CWF,LA,ASW,CE,Federal Contract Tower,0,7,22,34,63,0,1,15,4,20,0,8,37,38,83,6,16,22,105
01/15/2021,CWF,LA,ASW,CE,Federal Contract Tower,0,0,11,21,32,0,0,6,11,17,0,0,17,32,49,10,18,28,77
01/16/2021,CWF,LA,ASW,CE,Federal Contract Tower,0,2,6,6,14,0,0,11,0,11,0,2,17,6,25,20,10,30,55
01/17/2021,CWF,LA,ASW,CE,Federal Contract Tower,0,0,0,12,12,0,0,4,0,4,0,0,4,12,16,0,0,0,16
01/18/2021,CWF,LA,ASW,CE,Federal Contract Tower,0,4,1,2,7,0,0,8,0,8,0,4,9,2,15,10,4,14,29
01/19/2021,CWF,LA,ASW,CE,Federal Contract Tower,0,2,14,23,39,0,0,8,11,19,0,2,22,34,58,10,30,40,98
01/20/2021,CWF,LA,ASW,CE,Federal Contract Tower,0,1,15,13,29,0,2,0,2,4,0,3,15,15,33,0,4,4,37
01/21/2021,CWF,LA,ASW,CE,Federal Contract Tower,0,0,8,6,14,0,0,8,0,8,0,0,16,6,22,0,0,0,22
01/22/2021,CWF,LA,ASW,CE,Federal Contract Tower,0,0,15,6,21,0,0,0,0,0,0,0,15,6,21,0,0,0,21
01/23/2021,CWF,LA,ASW,CE,Federal Contract Tower,0,0,2,4,6,0,0,0,0,0,0,0,2,4,6,0,0,0,6
01/24/2021,CWF,LA,ASW,CE,Federal Contract Tower,0,0,6,0,6,0,0,0,0,0,0,0,6,0,6,0,0,0,6
01/25/2021,CWF,LA,ASW,CE,Federal Contract Tower,0,0,3,10,13,0,0,0,0,0,0,0,3,10,13,0,0,0,13
01/26/2021,CWF,LA,ASW,CE,Federal Contract Tower,0,2,16,36,54,0,2,0,0,2,0,4,16,36,56,0,24,24,80
01/27/2021,CWF,LA,ASW,CE,Federal Contract Tower,0,2,18,34,54,0,0,2,4,6,0,2,20,38,60,0,28,28,88
01/28/2021,CWF,LA,ASW,CE,Federal Contract Tower,0,2,10,30,42,0,6,8,6,20,0,8,18,36,62,0,18,18,80
01/29/2021,CWF,LA,ASW,CE,Federal Contract Tower,0,0,1,35,36,0,2,9,7,18,0,2,10,42,54,0,20,20,74
01/30/2021,CWF,LA,ASW,CE,Federal Contract Tower,0,2,3,17,22,0,1,0,0,1,0,3,3,17,23,0,0,0,23
01/31/2021,CWF,LA,ASW,CE,Federal Contract Tower,0,0,4,12,16,0,1,0,11,12,0,1,4,23,28,0,0,0,28
02/01/2021,CWF,LA,ASW,CE,Federal Contract Tower,0,0,11,25,36,0,0,8,1,9,0,0,19,26,45,12,0,12,57
02/02/2021,CWF,LA,ASW,CE,Federal Contract Tower,2,1,9,45,57,0,5,6,10,21,2,6,15,55,78,0,16,16,94
02/03/2021,CWF,LA,ASW,CE,Federal Contract Tower,0,3,5,16,24,0,1,6,5,12,0,4,11,21,36,4,10,14,50
02/04/2021,CWF,LA,ASW,CE,Federal Contract Tower,0,0,13,18,31,0,0,4,0,4,0,0,17,18,35,22,12,34,69
02/05/2021,CWF,LA,ASW,CE,Federal Contract Tower,0,0,6,30,36,0,0,0,0,0,0,0,6,30,36,0,10,10,46
02/06/2021,CWF,LA,ASW,CE,Federal Contract Tower,0,2,3,22,27,0,0,0,0,0,0,2,3,22,27,0,12,12,39
02/07/2021,CWF,LA,ASW,CE,Federal Contract Tower,0,0,6,19,25,0,0,4,2,6,0,0,10,21,31,16,0,16,47
02/08/2021,CWF,LA,ASW,CE,Federal Contract Tower,0,5,21,8,34,0,5,10,0,15,0,10,31,8,49,22,0,22,71
02/09/2021,CWF,LA,ASW,CE,Federal Contract Tower,0,0,19,4,23,0,0,6,0,6,0,0,25,4,29,6,0,6,35
02/10/2021,CWF,LA,ASW,CE,Federal Contract Tower,0,0,5,18,23,0,0,0,1,1,0,0,5,19,24,0,6,6,30
02/11/2021,CWF,LA,ASW,CE,Federal Contract Tower,0,0,2,0,2,0,0,0,0,0,0,0,2,0,2,0,0,0,2
02/12/2021,CWF,LA,ASW,CE,Federal Contract Tower,2,0,3,0,5,0,0,0,0,0,2,0,3,0,5,0,0,0,5
02/13/2021,CWF,LA,ASW,CE,Federal Contract Tower,0,0,0,0,0,0,0,2,0,2,0,0,2,0,2,0,0,0,2
02/14/2021,CWF,LA,ASW,CE,Federal Contract Tower,0,0,0,0,0,0,0,0,0,0,0,0,0,0,0,0,0,0,0
02/15/2021,CWF,LA,ASW,CE,Federal Contract Tower,0,0,0,0,0,0,0,0,0,0,0,0,0,0,0,0,0,0,0
02/16/2021,CWF,LA,ASW,CE,Federal Contract Tower,0,0,0,0,0,0,0,0,0,0,0,0,0,0,0,0,0,0,0
02/18/2021,CWF,LA,ASW,CE,Federal Contract Tower,2,0,3,0,5,0,0,2,0,2,2,0,5,0,7,0,0,0,7
02/20/2021,CWF,LA,ASW,CE,Federal Contract Tower,0,2,2,2,6,0,0,13,0,13,0,2,15,2,19,4,0,4,23
02/22/2021,CWF,LA,ASW,CE,Federal Contract Tower,0,1,15,16,32,0,5,22,5,32,0,6,37,21,64,34,20,54,118
02/23/2021,CWF,LA,ASW,CE,Federal Contract Tower,0,12,14,30,56,0,2,18,3,23,0,14,32,33,79,4,16,20,99
02/24/2021,CWF,LA,ASW,CE,Federal Contract Tower,1,4,16,43,64,0,5,2,5,12,1,9,18,48,76,10,14,24,100
02/25/2021,CWF,LA,ASW,CE,Federal Contract Tower,0,4,9,26,39,0,0,4,1,5,0,4,13,27,44,0,4,4,48
02/26/2021,CWF,LA,ASW,CE,Federal Contract Tower,0,2,6,41,49,0,0,0,3,3,0,2,6,44,52,0,28,28,80
02/27/2021,CWF,LA,ASW,CE,Federal Contract Tower,0,0,0,4,4,0,0,0,0,0,0,0,0,4,4,0,0,0,4
02/28/2021,CWF,LA,ASW,CE,Federal Contract Tower,0,0,8,12,20,0,0,0,0,0,0,0,8,12,20,0,0,0,20
03/01/2021,CWF,LA,ASW,CE,Federal Contract Tower,2,0,5,6,13,0,0,0,0,0,2,0,5,6,13,0,0,0,13
03/02/2021,CWF,LA,ASW,CE,Federal Contract Tower,0,5,7,7,19,0,0,7,1,8,0,5,14,8,27,8,0,8,35
03/03/2021,CWF,LA,ASW,CE,Federal Contract Tower,0,2,8,20,30,0,0,16,2,18,0,2,24,22,48,12,20,32,80
03/04/2021,CWF,LA,ASW,CE,Federal Contract Tower,0,0,11,23,34,0,0,14,8,22,0,0,25,31,56,12,18,30,86
03/06/2021,CWF,LA,ASW,CE,Federal Contract Tower,1,0,1,11,13,0,1,8,7,16,1,1,9,18,29,6,16,22,51
03/07/2021,CWF,LA,ASW,CE,Federal Contract Tower,0,10,3,18,31,0,0,11,1,12,0,10,14,19,43,0,12,12,55
03/08/2021,CWF,LA,ASW,CE,Federal Contract Tower,0,0,14,24,38,0,5,21,2,28,0,5,35,26,66,0,12,12,78
03/09/2021,CWF,LA,ASW,CE,Federal Contract Tower,0,6,9,37,52,0,12,4,10,26,0,18,13,47,78,24,34,58,136
03/10/2021,CWF,LA,ASW,CE,Federal Contract Tower,0,0,25,42,67,0,0,7,4,11,0,0,32,46,78,0,36,36,114
03/11/2021,CWF,LA,ASW,CE,Federal Contract Tower,2,5,23,15,45,0,5,18,9,32,2,10,41,24,77,20,20,40,117
03/12/2021,CWF,LA,ASW,CE,Federal Contract Tower,0,0,9,67,76,0,0,7,14,21,0,0,16,81,97,0,86,86,183
03/13/2021,CWF,LA,ASW,CE,Federal Contract Tower,0,8,1,11,20,0,0,3,0,3,0,8,4,11,23,8,6,14,37
03/14/2021,CWF,LA,ASW,CE,Federal Contract Tower,0,2,5,14,21,0,0,0,3,3,0,2,5,17,24,0,10,10,34
03/15/2021,CWF,LA,ASW,CE,Federal Contract Tower,0,0,18,8,26,0,0,4,0,4,0,0,22,8,30,16,0,16,46
03/16/2021,CWF,LA,ASW,CE,Federal Contract Tower,0,0,6,29,35,0,0,1,2,3,0,0,7,31,38,0,0,0,38
03/17/2021,CWF,LA,ASW,CE,Federal Contract Tower,0,0,1,0,1,0,1,2,0,3,0,1,3,0,4,0,0,0,4
03/18/2021,CWF,LA,ASW,CE,Federal Contract Tower,0,1,26,40,67,0,10,21,12,43,0,11,47,52,110,30,30,60,170
03/19/2021,CWF,LA,ASW,CE,Federal Contract Tower,0,0,2,46,48,0,0,12,7,19,0,0,14,53,67,66,4,70,137
03/20/2021,CWF,LA,ASW,CE,Federal Contract Tower,0,0,3,11,14,0,0,18,1,19,0,0,21,12,33,14,6,20,53
03/21/2021,CWF,LA,ASW,CE,Federal Contract Tower,0,0,4,10,14,0,0,20,6,26,0,0,24,16,40,22,20,42,82
03/22/2021,CWF,LA,ASW,CE,Federal Contract Tower,3,0,11,4,18,0,0,4,0,4,3,0,15,4,22,4,8,12,34
03/23/2021,CWF,LA,ASW,CE,Federal Contract Tower,0,0,7,5,12,0,0,8,1,9,0,0,15,6,21,12,0,12,33
03/24/2021,CWF,LA,ASW,CE,Federal Contract Tower,1,0,12,6,19,0,0,2,2,4,1,0,14,8,23,0,26,26,49
03/25/2021,CWF,LA,ASW,CE,Federal Contract Tower,0,0,3,16,19,0,0,10,4,14,0,0,13,20,33,16,14,30,63
03/26/2021,CWF,LA,ASW,CE,Federal Contract Tower,0,1,15,32,48,0,2,18,0,20,0,3,33,32,68,26,22,48,116
03/27/2021,CWF,LA,ASW,CE,Federal Contract Tower,0,0,3,0,3,0,0,0,0,0,0,0,3,0,3,0,0,0,3
03/28/2021,CWF,LA,ASW,CE,Federal Contract Tower,0,1,5,0,6,0,1,0,0,1,0,2,5,0,7,0,0,0,7
03/29/2021,CWF,LA,ASW,CE,Federal Contract Tower,3,6,6,17,32,0,0,28,1,29,3,6,34,18,61,92,0,92,153
03/30/2021,CWF,LA,ASW,CE,Federal Contract Tower,0,0,8,54,62,0,0,6,1,7,0,0,14,55,69,2,0,2,71
03/31/2021,CWF,LA,ASW,CE,Federal Contract Tower,1,0,7,4,12,0,0,1,0,1,1,0,8,4,13,0,0,0,13
04/01/2021,CWF,LA,ASW,CE,Federal Contract Tower,0,0,24,24,48,0,5,28,5,38,0,5,52,29,86,28,0,28,114
04/02/2021,CWF,LA,ASW,CE,Federal Contract Tower,0,0,3,39,42,0,3,8,2,13,0,3,11,41,55,20,6,26,81
04/03/2021,CWF,LA,ASW,CE,Federal Contract Tower,0,0,4,1,5,0,4,10,1,15,0,4,14,2,20,0,8,8,28
04/04/2021,CWF,LA,ASW,CE,Federal Contract Tower,0,0,0,0,0,0,0,10,2,12,0,0,10,2,12,0,0,0,12
04/05/2021,CWF,LA,ASW,CE,Federal Contract Tower,0,4,4,0,8,0,0,14,1,15,0,4,18,1,23,24,0,24,47
04/06/2021,CWF,LA,ASW,CE,Federal Contract Tower,8,1,10,21,40,0,2,12,0,14,8,3,22,21,54,4,0,4,58
04/07/2021,CWF,LA,ASW,CE,Federal Contract Tower,0,0,27,28,55,0,1,11,1,13,0,1,38,29,68,10,0,10,78
04/08/2021,CWF,LA,ASW,CE,Federal Contract Tower,0,0,9,26,35,0,0,26,5,31,0,0,35,31,66,6,20,26,92
04/09/2021,CWF,LA,ASW,CE,Federal Contract Tower,0,5,6,46,57,0,0,4,0,4,0,5,10,46,61,14,0,14,75
04/10/2021,CWF,LA,ASW,CE,Federal Contract Tower,0,0,20,9,29,0,0,17,0,17,0,0,37,9,46,10,0,10,56
04/11/2021,CWF,LA,ASW,CE,Federal Contract Tower,0,1,3,0,4,0,0,15,0,15,0,1,18,0,19,8,0,8,27
04/12/2021,CWF,LA,ASW,CE,Federal Contract Tower,0,0,6,24,30,0,0,17,0,17,0,0,23,24,47,30,0,30,77
04/13/2021,CWF,LA,ASW,CE,Federal Contract Tower,0,3,4,7,14,0,0,0,0,0,0,3,4,7,14,0,0,0,14
04/14/2021,CWF,LA,ASW,CE,Federal Contract Tower,1,3,10,1,15,0,0,0,0,0,1,3,10,1,15,0,0,0,15
04/15/2021,CWF,LA,ASW,CE,Federal Contract Tower,2,1,10,41,54,0,0,2,0,2,2,1,12,41,56,14,12,26,82
04/16/2021,CWF,LA,ASW,CE,Federal Contract Tower,1,0,3,8,12,0,0,1,0,1,1,0,4,8,13,0,0,0,13
04/17/2021,CWF,LA,ASW,CE,Federal Contract Tower,2,0,6,2,10,0,0,0,0,0,2,0,6,2,10,0,0,0,10
04/18/2021,CWF,LA,ASW,CE,Federal Contract Tower,0,1,6,9,16,0,0,10,1,11,0,1,16,10,27,8,12,20,47
04/19/2021,CWF,LA,ASW,CE,Federal Contract Tower,0,0,13,11,24,0,0,7,10,17,0,0,20,21,41,0,0,0,41
04/20/2021,CWF,LA,ASW,CE,Federal Contract Tower,0,2,5,39,46,0,7,33,5,45,0,9,38,44,91,8,76,84,175
04/21/2021,CWF,LA,ASW,CE,Federal Contract Tower,0,0,21,44,65,0,0,11,6,17,0,0,32,50,82,0,4,4,86
04/22/2021,CWF,LA,ASW,CE,Federal Contract Tower,0,1,11,13,25,0,1,13,0,14,0,2,24,13,39,0,36,36,75
04/23/2021,CWF,LA,ASW,CE,Federal Contract Tower,0,2,2,7,11,0,0,0,0,0,0,2,2,7,11,0,0,0,11
04/24/2021,CWF,LA,ASW,CE,Federal Contract Tower,0,0,3,0,3,0,0,6,0,6,0,0,9,0,9,0,0,0,9
04/25/2021,CWF,LA,ASW,CE,Federal Contract Tower,0,0,2,13,15,0,0,15,0,15,0,0,17,13,30,0,0,0,30
04/26/2021,CWF,LA,ASW,CE,Federal Contract Tower,0,2,20,54,76,0,3,35,10,48,0,5,55,64,124,0,10,10,134
04/27/2021,CWF,LA,ASW,CE,Federal Contract Tower,0,5,20,19,44,0,0,4,7,11,0,5,24,26,55,4,4,8,63
04/28/2021,CWF,LA,ASW,CE,Federal Contract Tower,0,2,5,46,53,0,4,5,1,10,0,6,10,47,63,0,6,6,69
04/29/2021,CWF,LA,ASW,CE,Federal Contract Tower,1,9,10,25,45,0,0,6,3,9,1,9,16,28,54,0,24,24,78
04/30/2021,CWF,LA,ASW,CE,Federal Contract Tower,0,1,5,2,8,0,0,3,0,3,0,1,8,2,11,0,0,0,11
05/01/2021,CWF,LA,ASW,CE,Federal Contract Tower,2,0,7,0,9,0,0,1,0,1,2,0,8,0,10,0,0,0,10
05/02/2021,CWF,LA,ASW,CE,Federal Contract Tower,0,5,4,4,13,0,0,4,0,4,0,5,8,4,17,0,0,0,17
05/03/2021,CWF,LA,ASW,CE,Federal Contract Tower,0,2,11,10,23,0,3,2,2,7,0,5,13,12,30,0,0,0,30
05/04/2021,CWF,LA,ASW,CE,Federal Contract Tower,0,0,1,2,3,0,0,3,0,3,0,0,4,2,6,0,0,0,6
05/05/2021,CWF,LA,ASW,CE,Federal Contract Tower,2,0,7,32,41,0,5,3,2,10,2,5,10,34,51,0,6,6,57
05/06/2021,CWF,LA,ASW,CE,Federal Contract Tower,2,0,8,5,15,0,13,11,0,24,2,13,19,5,39,0,0,0,39
05/07/2021,CWF,LA,ASW,CE,Federal Contract Tower,0,0,18,83,101,0,3,13,13,29,0,3,31,96,130,0,6,6,136
05/08/2021,CWF,LA,ASW,CE,Federal Contract Tower,0,0,4,25,29,0,0,12,7,19,0,0,16,32,48,6,14,20,68
05/09/2021,CWF,LA,ASW,CE,Federal Contract Tower,0,3,6,12,21,0,0,4,0,4,0,3,10,12,25,0,0,0,25
05/10/2021,CWF,LA,ASW,CE,Federal Contract Tower,0,0,6,28,34,0,4,8,3,15,0,4,14,31,49,0,28,28,77
05/11/2021,CWF,LA,ASW,CE,Federal Contract Tower,0,2,5,4,11,0,0,5,0,5,0,2,10,4,16,0,0,0,16
05/12/2021,CWF,LA,ASW,CE,Federal Contract Tower,0,0,7,6,13,0,1,5,2,8,0,1,12,8,21,0,0,0,21
05/13/2021,CWF,LA,ASW,CE,Federal Contract Tower,3,2,16,31,52,0,7,24,3,34,3,9,40,34,86,20,30,50,136
05/14/2021,CWF,LA,ASW,CE,Federal Contract Tower,1,2,2,60,65,0,1,7,4,12,1,3,9,64,77,0,46,46,123
05/15/2021,CWF,LA,ASW,CE,Federal Contract Tower,0,4,5,34,43,0,2,8,10,20,0,6,13,44,63,0,66,66,129
05/16/2021,CWF,LA,ASW,CE,Federal Contract Tower,0,2,10,9,21,0,1,1,2,4,0,3,11,11,25,10,30,40,65
05/17/2021,CWF,LA,ASW,CE,Federal Contract Tower,0,0,3,0,3,0,0,0,0,0,0,0,3,0,3,0,0,0,3
05/18/2021,CWF,LA,ASW,CE,Federal Contract Tower,0,0,7,7,14,0,0,2,0,2,0,0,9,7,16,0,6,6,22
05/19/2021,CWF,LA,ASW,CE,Federal Contract Tower,1,0,0,2,3,0,2,0,0,2,1,2,0,2,5,0,0,0,5
05/20/2021,CWF,LA,ASW,CE,Federal Contract Tower,0,0,3,12,15,0,1,0,0,1,0,1,3,12,16,0,0,0,16
05/21/2021,CWF,LA,ASW,CE,Federal Contract Tower,0,0,8,10,18,0,0,0,0,0,0,0,8,10,18,0,0,0,18
05/22/2021,CWF,LA,ASW,CE,Federal Contract Tower,2,0,4,3,9,0,0,3,0,3,2,0,7,3,12,0,0,0,12
05/23/2021,CWF,LA,ASW,CE,Federal Contract Tower,0,0,6,10,16,0,2,11,6,19,0,2,17,16,35,8,10,18,53
05/24/2021,CWF,LA,ASW,CE,Federal Contract Tower,0,8,5,27,40,0,0,20,4,24,0,8,25,31,64,24,24,48,112
05/25/2021,CWF,LA,ASW,CE,Federal Contract Tower,1,2,11,7,21,0,0,19,8,27,1,2,30,15,48,14,6,20,68
05/26/2021,CWF,LA,ASW,CE,Federal Contract Tower,1,0,14,32,47,0,11,17,1,29,1,11,31,33,76,0,26,26,102
05/27/2021,CWF,LA,ASW,CE,Federal Contract Tower,0,0,15,40,55,0,1,19,2,22,0,1,34,42,77,38,28,66,143
05/28/2021,CWF,LA,ASW,CE,Federal Contract Tower,0,0,2,5,7,0,0,13,1,14,0,0,15,6,21,14,0,14,35
05/29/2021,CWF,LA,ASW,CE,Federal Contract Tower,0,0,4,0,4,0,0,6,0,6,0,0,10,0,10,36,0,36,46
05/30/2021,CWF,LA,ASW,CE,Federal Contract Tower,0,0,9,0,9,0,0,16,0,16,0,0,25,0,25,6,0,6,31
05/31/2021,CWF,LA,ASW,CE,Federal Contract Tower,0,0,3,4,7,0,5,12,0,17,0,5,15,4,24,22,0,22,46
06/01/2021,CWF,LA,ASW,CE,Federal Contract Tower,2,8,18,7,35,0,0,5,1,6,2,8,23,8,41,0,0,0,41
06/02/2021,CWF,LA,ASW,CE,Federal Contract Tower,0,0,4,18,22,0,0,3,9,12,0,0,7,27,34,0,16,16,50
06/03/2021,CWF,LA,ASW,CE,Federal Contract Tower,0,1,5,8,14,0,4,22,0,26,0,5,27,8,40,20,20,40,80
06/04/2021,CWF,LA,ASW,CE,Federal Contract Tower,0,0,4,6,10,0,2,13,2,17,0,2,17,8,27,0,0,0,27
06/05/2021,CWF,LA,ASW,CE,Federal Contract Tower,0,0,2,0,2,0,1,12,3,16,0,1,14,3,18,6,0,6,24
06/06/2021,CWF,LA,ASW,CE,Federal Contract Tower,0,0,4,7,11,0,1,10,3,14,0,1,14,10,25,0,0,0,25
06/07/2021,CWF,LA,ASW,CE,Federal Contract Tower,0,1,10,22,33,0,2,11,3,16,0,3,21,25,49,10,0,10,59
06/08/2021,CWF,LA,ASW,CE,Federal Contract Tower,0,2,6,19,27,0,2,8,4,14,0,4,14,23,41,0,42,42,83
06/09/2021,CWF,LA,ASW,CE,Federal Contract Tower,3,2,11,47,63,0,0,14,6,20,3,2,25,53,83,26,74,100,183
06/10/2021,CWF,LA,ASW,CE,Federal Contract Tower,0,1,19,48,68,0,2,23,7,32,0,3,42,55,100,36,166,202,302
06/11/2021,CWF,LA,ASW,CE,Federal Contract Tower,1,2,8,40,51,0,0,11,7,18,1,2,19,47,69,20,30,50,119
06/12/2021,CWF,LA,ASW,CE,Federal Contract Tower,0,0,1,8,9,0,0,2,2,4,0,0,3,10,13,0,0,0,13
06/13/2021,CWF,LA,ASW,CE,Federal Contract Tower,0,0,2,1,3,0,0,4,1,5,0,0,6,2,8,0,8,8,16
06/14/2021,CWF,LA,ASW,CE,Federal Contract Tower,1,5,20,16,42,0,0,20,9,29,1,5,40,25,71,44,20,64,135
06/15/2021,CWF,LA,ASW,CE,Federal Contract Tower,0,0,27,14,41,0,1,34,5,40,0,1,61,19,81,56,10,66,147
06/16/2021,CWF,LA,ASW,CE,Federal Contract Tower,3,0,18,17,38,0,4,8,8,20,3,4,26,25,58,40,20,60,118
06/17/2021,CWF,LA,ASW,CE,Federal Contract Tower,0,0,12,39,51,0,0,27,2,29,0,0,39,41,80,38,48,86,166
06/18/2021,CWF,LA,ASW,CE,Federal Contract Tower,1,3,11,15,30,0,0,21,2,23,1,3,32,17,53,0,0,0,53
06/19/2021,CWF,LA,ASW,CE,Federal Contract Tower,0,0,7,12,19,0,0,2,1,3,0,0,9,13,22,20,0,20,42
06/20/2021,CWF,LA,ASW,CE,Federal Contract Tower,0,0,3,2,5,0,0,3,1,4,0,0,6,3,9,0,0,0,9
06/21/2021,CWF,LA,ASW,CE,Federal Contract Tower,3,0,14,0,17,0,0,6,0,6,3,0,20,0,23,2,0,2,25
06/22/2021,CWF,LA,ASW,CE,Federal Contract Tower,0,3,14,23,40,0,3,11,4,18,0,6,25,27,58,10,40,50,108
06/23/2021,CWF,LA,ASW,CE,Federal Contract Tower,0,4,17,15,36,0,2,18,3,23,0,6,35,18,59,6,0,6,65
06/24/2021,CWF,LA,ASW,CE,Federal Contract Tower,0,1,7,0,8,0,0,12,0,12,0,1,19,0,20,0,0,0,20
06/25/2021,CWF,LA,ASW,CE,Federal Contract Tower,2,0,13,13,28,0,4,7,2,13,2,4,20,15,41,30,10,40,81
06/26/2021,CWF,LA,ASW,CE,Federal Contract Tower,0,0,7,0,7,0,0,5,0,5,0,0,12,0,12,10,0,10,22
06/27/2021,CWF,LA,ASW,CE,Federal Contract Tower,0,0,5,8,13,0,0,8,0,8,0,0,13,8,21,14,8,22,43
06/28/2021,CWF,LA,ASW,CE,Federal Contract Tower,1,4,17,0,22,0,0,9,0,9,1,4,26,0,31,20,0,20,51
06/29/2021,CWF,LA,ASW,CE,Federal Contract Tower,1,4,20,0,25,0,10,12,0,22,1,14,32,0,47,12,0,12,59
06/30/2021,CWF,LA,ASW,CE,Federal Contract Tower,0,4,16,32,52,0,20,23,0,43,0,24,39,32,95,10,124,134,229
07/01/2021,CWF,LA,ASW,CE,Federal Contract Tower,3,0,12,7,22,0,4,17,0,21,3,4,29,7,43,0,10,10,53
07/02/2021,CWF,LA,ASW,CE,Federal Contract Tower,0,6,4,8,18,0,1,14,1,16,0,7,18,9,34,14,6,20,54
07/03/2021,CWF,LA,ASW,CE,Federal Contract Tower,0,3,1,0,4,0,0,0,0,0,0,3,1,0,4,0,0,0,4
07/04/2021,CWF,LA,ASW,CE,Federal Contract Tower,0,0,5,0,5,0,0,10,0,10,0,0,15,0,15,30,0,30,45
07/05/2021,CWF,LA,ASW,CE,Federal Contract Tower,0,0,24,2,26,0,0,17,0,17,0,0,41,2,43,12,0,12,55
07/06/2021,CWF,LA,ASW,CE,Federal Contract Tower,1,3,11,10,25,0,0,6,0,6,1,3,17,10,31,0,0,0,31
07/07/2021,CWF,LA,ASW,CE,Federal Contract Tower,2,2,4,6,14,0,0,7,0,7,2,2,11,6,21,0,4,4,25
07/08/2021,CWF,LA,ASW,CE,Federal Contract Tower,1,0,20,2,23,0,0,10,0,10,1,0,30,2,33,10,36,46,79
07/09/2021,CWF,LA,ASW,CE,Federal Contract Tower,1,0,7,0,8,0,0,11,4,15,1,0,18,4,23,0,0,0,23
07/10/2021,CWF,LA,ASW,CE,Federal Contract Tower,0,2,0,6,8,0,0,2,0,2,0,2,2,6,10,0,0,0,10
07/11/2021,CWF,LA,ASW,CE,Federal Contract Tower,0,2,10,0,12,0,0,9,0,9,0,2,19,0,21,0,0,0,21
07/12/2021,CWF,LA,ASW,CE,Federal Contract Tower,0,2,9,3,14,0,0,3,0,3,0,2,12,3,17,0,0,0,17
07/13/2021,CWF,LA,ASW,CE,Federal Contract Tower,2,0,14,14,30,0,5,22,12,39,2,5,36,26,69,8,0,8,77
07/14/2021,CWF,LA,ASW,CE,Federal Contract Tower,0,0,20,19,39,0,7,21,0,28,0,7,41,19,67,10,32,42,109
07/15/2021,CWF,LA,ASW,CE,Federal Contract Tower,0,0,8,19,27,0,1,21,2,24,0,1,29,21,51,6,0,6,57
07/16/2021,CWF,LA,ASW,CE,Federal Contract Tower,0,0,7,2,9,0,3,10,0,13,0,3,17,2,22,0,0,0,22
07/17/2021,CWF,LA,ASW,CE,Federal Contract Tower,0,0,4,4,8,0,2,1,2,5,0,2,5,6,13,0,0,0,13
07/18/2021,CWF,LA,ASW,CE,Federal Contract Tower,0,0,3,2,5,0,0,5,0,5,0,0,8,2,10,0,0,0,10
07/19/2021,CWF,LA,ASW,CE,Federal Contract Tower,0,0,11,0,11,0,0,12,0,12,0,0,23,0,23,0,0,0,23
07/20/2021,CWF,LA,ASW,CE,Federal Contract Tower,0,2,10,11,23,0,0,11,2,13,0,2,21,13,36,0,0,0,36
07/21/2021,CWF,LA,ASW,CE,Federal Contract Tower,0,1,20,38,59,0,0,19,0,19,0,1,39,38,78,0,20,20,98
07/22/2021,CWF,LA,ASW,CE,Federal Contract Tower,0,0,28,21,49,0,0,25,1,26,0,0,53,22,75,0,28,28,103
07/23/2021,CWF,LA,ASW,CE,Federal Contract Tower,0,0,17,63,80,0,5,13,10,28,0,5,30,73,108,0,24,24,132
07/24/2021,CWF,LA,ASW,CE,Federal Contract Tower,2,0,6,17,25,0,0,10,3,13,2,0,16,20,38,6,0,6,44
07/25/2021,CWF,LA,ASW,CE,Federal Contract Tower,0,0,6,25,31,0,0,16,0,16,0,0,22,25,47,10,6,16,63
07/26/2021,CWF,LA,ASW,CE,Federal Contract Tower,0,4,7,27,38,0,0,9,3,12,0,4,16,30,50,14,30,44,94
07/27/2021,CWF,LA,ASW,CE,Federal Contract Tower,0,0,20,26,46,0,6,19,11,36,0,6,39,37,82,0,10,10,92
07/28/2021,CWF,LA,ASW,CE,Federal Contract Tower,0,0,12,35,47,0,1,29,0,30,0,1,41,35,77,0,34,34,111
07/29/2021,CWF,LA,ASW,CE,Federal Contract Tower,0,0,7,5,12,0,1,7,3,11,0,1,14,8,23,0,0,0,23
07/30/2021,CWF,LA,ASW,CE,Federal Contract Tower,0,0,1,38,39,0,0,9,5,14,0,0,10,43,53,0,20,20,73
07/31/2021,CWF,LA,ASW,CE,Federal Contract Tower,0,0,3,0,3,0,0,15,0,15,0,0,18,0,18,0,0,0,18
08/01/2021,CWF,LA,ASW,CE,Federal Contract Tower,0,0,6,0,6,0,0,5,0,5,0,0,11,0,11,4,0,4,15
08/02/2021,CWF,LA,ASW,CE,Federal Contract Tower,2,0,1,0,3,0,0,10,0,10,2,0,11,0,13,0,0,0,13
08/03/2021,CWF,LA,ASW,CE,Federal Contract Tower,0,1,3,9,13,0,0,9,1,10,0,1,12,10,23,0,0,0,23
08/04/2021,CWF,LA,ASW,CE,Federal Contract Tower,0,0,10,28,38,0,4,14,7,25,0,4,24,35,63,0,28,28,91
08/05/2021,CWF,LA,ASW,CE,Federal Contract Tower,0,4,19,18,41,0,2,23,4,29,0,6,42,22,70,10,0,10,80
08/06/2021,CWF,LA,ASW,CE,Federal Contract Tower,0,0,6,26,32,0,0,12,5,17,0,0,18,31,49,0,6,6,55
08/07/2021,CWF,LA,ASW,CE,Federal Contract Tower,0,0,2,0,2,0,0,3,0,3,0,0,5,0,5,0,0,0,5
08/08/2021,CWF,LA,ASW,CE,Federal Contract Tower,0,0,2,0,2,0,0,3,0,3,0,0,5,0,5,0,0,0,5
08/09/2021,CWF,LA,ASW,CE,Federal Contract Tower,0,0,11,21,32,0,1,15,3,19,0,1,26,24,51,0,34,34,85
08/10/2021,CWF,LA,ASW,CE,Federal Contract Tower,0,0,10,25,35,0,5,15,3,23,0,5,25,28,58,0,22,22,80
08/12/2021,CWF,LA,ASW,CE,Federal Contract Tower,0,0,0,2,2,0,2,8,0,10,0,2,8,2,12,0,0,0,12
08/13/2021,CWF,LA,ASW,CE,Federal Contract Tower,1,0,2,25,28,0,2,19,2,23,1,2,21,27,51,0,0,0,51
08/14/2021,CWF,LA,ASW,CE,Federal Contract Tower,0,0,6,17,23,0,0,6,3,9,0,0,12,20,32,0,0,0,32
08/15/2021,CWF,LA,ASW,CE,Federal Contract Tower,0,0,6,0,6,0,0,10,0,10,0,0,16,0,16,0,0,0,16
08/16/2021,CWF,LA,ASW,CE,Federal Contract Tower,0,0,10,22,32,0,1,8,5,14,0,1,18,27,46,0,20,20,66
08/17/2021,CWF,LA,ASW,CE,Federal Contract Tower,0,0,11,30,41,0,4,13,3,20,0,4,24,33,61,0,6,6,67
08/18/2021,CWF,LA,ASW,CE,Federal Contract Tower,0,1,3,25,29,0,0,3,3,6,0,1,6,28,35,0,2,2,37
08/19/2021,CWF,LA,ASW,CE,Federal Contract Tower,0,0,24,9,33,0,4,17,1,22,0,4,41,10,55,0,30,30,85
08/20/2021,CWF,LA,ASW,CE,Federal Contract Tower,2,0,9,21,32,0,0,15,3,18,2,0,24,24,50,4,0,4,54
08/21/2021,CWF,LA,ASW,CE,Federal Contract Tower,0,0,3,7,10,0,0,5,3,8,0,0,8,10,18,0,0,0,18
08/22/2021,CWF,LA,ASW,CE,Federal Contract Tower,0,0,1,4,5,0,2,10,0,12,0,2,11,4,17,0,4,4,21
08/23/2021,CWF,LA,ASW,CE,Federal Contract Tower,0,0,11,27,38,0,11,28,4,43,0,11,39,31,81,2,44,46,127
08/24/2021,CWF,LA,ASW,CE,Federal Contract Tower,0,0,17,20,37,0,4,22,4,30,0,4,39,24,67,0,30,30,97
08/25/2021,CWF,LA,ASW,CE,Federal Contract Tower,0,0,34,23,57,0,6,14,0,20,0,6,48,23,77,30,10,40,117
08/26/2021,CWF,LA,ASW,CE,Federal Contract Tower,0,5,7,25,37,0,15,16,11,42,0,20,23,36,79,0,0,0,79
08/27/2021,CWF,LA,ASW,CE,Federal Contract Tower,0,0,7,5,12,0,5,10,1,16,0,5,17,6,28,18,20,38,66
08/28/2021,CWF,LA,ASW,CE,Federal Contract Tower,0,1,12,0,13,0,0,1,0,1,0,1,13,0,14,0,0,0,14
08/29/2021,CWF,LA,ASW,CE,Federal Contract Tower,0,0,1,1,2,0,0,0,0,0,0,0,1,1,2,0,0,0,2
08/30/2021,CWF,LA,ASW,CE,Federal Contract Tower,0,0,13,3,16,0,0,7,0,7,0,0,20,3,23,0,0,0,23
08/31/2021,CWF,LA,ASW,CE,Federal Contract Tower,0,5,18,13,36,0,18,20,1,39,0,23,38,14,75,0,0,0,75
09/01/2021,CWF,LA,ASW,CE,Federal Contract Tower,0,0,10,29,39,0,4,30,2,36,0,4,40,31,75,6,40,46,121
09/02/2021,CWF,LA,ASW,CE,Federal Contract Tower,0,0,32,6,38,0,7,27,6,40,0,7,59,12,78,10,10,20,98
09/03/2021,CWF,LA,ASW,CE,Federal Contract Tower,0,0,37,3,40,0,2,36,3,41,0,2,73,6,81,0,0,0,81
09/04/2021,CWF,LA,ASW,CE,Federal Contract Tower,0,0,18,10,28,0,2,24,11,37,0,2,42,21,65,0,0,0,65
09/05/2021,CWF,LA,ASW,CE,Federal Contract Tower,0,0,10,2,12,0,0,16,1,17,0,0,26,3,29,0,0,0,29
09/06/2021,CWF,LA,ASW,CE,Federal Contract Tower,0,8,12,0,20,0,2,14,0,16,0,10,26,0,36,0,0,0,36
09/07/2021,CWF,LA,ASW,CE,Federal Contract Tower,0,4,6,13,23,0,1,25,1,27,0,5,31,14,50,40,0,40,90
09/08/2021,CWF,LA,ASW,CE,Federal Contract Tower,0,0,14,18,32,0,5,48,7,60,0,5,62,25,92,0,36,36,128
09/09/2021,CWF,LA,ASW,CE,Federal Contract Tower,0,1,4,21,26,0,6,14,1,21,0,7,18,22,47,0,18,18,65
09/10/2021,CWF,LA,ASW,CE,Federal Contract Tower,0,2,10,36,48,0,2,11,7,20,0,4,21,43,68,10,12,22,90
09/11/2021,CWF,LA,ASW,CE,Federal Contract Tower,1,0,3,2,6,0,0,13,2,15,1,0,16,4,21,0,4,4,25
09/12/2021,CWF,LA,ASW,CE,Federal Contract Tower,0,2,4,0,6,0,0,2,0,2,0,2,6,0,8,0,0,0,8
09/13/2021,CWF,LA,ASW,CE,Federal Contract Tower,1,0,10,1,12,0,0,4,0,4,1,0,14,1,16,0,0,0,16
09/14/2021,CWF,LA,ASW,CE,Federal Contract Tower,0,0,0,0,0,0,0,0,0,0,0,0,0,0,0,0,0,0,0
09/15/2021,CWF,LA,ASW,CE,Federal Contract Tower,0,1,3,2,6,0,0,0,0,0,0,1,3,2,6,0,0,0,6
09/16/2021,CWF,LA,ASW,CE,Federal Contract Tower,2,1,10,8,21,0,0,0,0,0,2,1,10,8,21,0,0,0,21
09/17/2021,CWF,LA,ASW,CE,Federal Contract Tower,0,0,17,33,50,0,6,21,4,31,0,6,38,37,81,20,0,20,101
09/18/2021,CWF,LA,ASW,CE,Federal Contract Tower,0,0,5,9,14,0,0,4,0,4,0,0,9,9,18,0,0,0,18
09/19/2021,CWF,LA,ASW,CE,Federal Contract Tower,0,0,6,3,9,0,2,5,1,8,0,2,11,4,17,0,14,14,31
09/20/2021,CWF,LA,ASW,CE,Federal Contract Tower,2,3,8,8,21,0,2,7,0,9,2,5,15,8,30,0,0,0,30
09/21/2021,CWF,LA,ASW,CE,Federal Contract Tower,1,5,14,13,33,0,1,7,0,8,1,6,21,13,41,12,70,82,123
09/22/2021,CWF,LA,ASW,CE,Federal Contract Tower,0,0,28,12,40,0,2,25,1,28,0,2,53,13,68,0,30,30,98
09/23/2021,CWF,LA,ASW,CE,Federal Contract Tower,2,0,12,26,40,0,0,23,9,32,2,0,35,35,72,10,36,46,118
09/24/2021,CWF,LA,ASW,CE,Federal Contract Tower,1,0,19,83,103,0,0,43,3,46,1,0,62,86,149,30,60,90,239
09/25/2021,CWF,LA,ASW,CE,Federal Contract Tower,0,0,4,15,19,0,2,21,3,26,0,2,25,18,45,10,4,14,59
09/26/2021,CWF,LA,ASW,CE,Federal Contract Tower,0,0,4,33,37,0,0,11,3,14,0,0,15,36,51,0,0,0,51
09/27/2021,CWF,LA,ASW,CE,Federal Contract Tower,0,0,13,6,19,0,6,34,3,43,0,6,47,9,62,22,0,22,84
09/28/2021,CWF,LA,ASW,CE,Federal Contract Tower,0,0,9,0,9,0,0,6,0,6,0,0,15,0,15,0,0,0,15
09/29/2021,CWF,LA,ASW,CE,Federal Contract Tower,0,0,7,0,7,0,2,8,0,10,0,2,15,0,17,0,0,0,17
09/30/2021,CWF,LA,ASW,CE,Federal Contract Tower,1,0,2,2,5,0,1,9,0,10,1,1,11,2,15,0,0,0,15
10/01/2021,CWF,LA,ASW,CE,Federal Contract Tower,2,0,17,4,23,0,0,1,2,3,2,0,18,6,26,4,0,4,30
10/02/2021,CWF,LA,ASW,CE,Federal Contract Tower,0,0,3,4,7,0,0,0,2,2,0,0,3,6,9,0,0,0,9
10/03/2021,CWF,LA,ASW,CE,Federal Contract Tower,0,0,7,4,11,0,0,3,0,3,0,0,10,4,14,10,0,10,24
10/04/2021,CWF,LA,ASW,CE,Federal Contract Tower,3,0,5,13,21,0,0,10,6,16,3,0,15,19,37,0,30,30,67
10/05/2021,CWF,LA,ASW,CE,Federal Contract Tower,0,2,6,17,25,0,0,22,6,28,0,2,28,23,53,0,24,24,77
10/06/2021,CWF,LA,ASW,CE,Federal Contract Tower,2,0,30,22,54,0,0,24,8,32,2,0,54,30,86,18,14,32,118
10/07/2021,CWF,LA,ASW,CE,Federal Contract Tower,0,1,20,23,44,0,6,26,6,38,0,7,46,29,82,16,50,66,148
10/08/2021,CWF,LA,ASW,CE,Federal Contract Tower,0,0,7,11,18,0,2,28,1,31,0,2,35,12,49,20,0,20,69
10/09/2021,CWF,LA,ASW,CE,Federal Contract Tower,2,0,7,6,15,0,0,23,0,23,2,0,30,6,38,10,0,10,48
10/10/2021,CWF,LA,ASW,CE,Federal Contract Tower,0,0,11,3,14,0,0,11,0,11,0,0,22,3,25,18,0,18,43
10/11/2021,CWF,LA,ASW,CE,Federal Contract Tower,0,2,14,6,22,0,4,10,2,16,0,6,24,8,38,10,6,16,54
10/12/2021,CWF,LA,ASW,CE,Federal Contract Tower,0,2,35,12,49,0,0,8,0,8,0,2,43,12,57,0,0,0,57
10/13/2021,CWF,LA,ASW,CE,Federal Contract Tower,0,1,29,26,56,0,2,22,0,24,0,3,51,26,80,14,20,34,114
10/14/2021,CWF,LA,ASW,CE,Federal Contract Tower,0,1,25,29,55,0,0,22,5,27,0,1,47,34,82,10,46,56,138
10/15/2021,CWF,LA,ASW,CE,Federal Contract Tower,2,0,22,96,120,0,0,24,2,26,2,0,46,98,146,12,88,100,246
10/16/2021,CWF,LA,ASW,CE,Federal Contract Tower,3,0,3,20,26,0,0,4,0,4,3,0,7,20,30,0,10,10,40
10/17/2021,CWF,LA,ASW,CE,Federal Contract Tower,1,0,3,18,22,0,0,13,6,19,1,0,16,24,41,0,62,62,103
10/18/2021,CWF,LA,ASW,CE,Federal Contract Tower,0,2,27,32,61,0,0,31,3,34,0,2,58,35,95,2,30,32,127
10/19/2021,CWF,LA,ASW,CE,Federal Contract Tower,0,0,5,11,16,0,0,11,5,16,0,0,16,16,32,10,6,16,48
10/20/2021,CWF,LA,ASW,CE,Federal Contract Tower,0,0,13,3,16,0,0,10,2,12,0,0,23,5,28,0,0,0,28
10/21/2021,CWF,LA,ASW,CE,Federal Contract Tower,0,0,9,4,13,0,0,15,1,16,0,0,24,5,29,0,0,0,29
10/22/2021,CWF,LA,ASW,CE,Federal Contract Tower,0,0,28,43,71,0,0,30,1,31,0,0,58,44,102,0,48,48,150
10/23/2021,CWF,LA,ASW,CE,Federal Contract Tower,2,0,4,0,6,0,4,0,0,4,2,4,4,0,10,4,0,4,14
10/24/2021,CWF,LA,ASW,CE,Federal Contract Tower,0,0,6,3,9,0,0,4,5,9,0,0,10,8,18,0,0,0,18
10/25/2021,CWF,LA,ASW,CE,Federal Contract Tower,0,2,6,9,17,0,0,8,5,13,0,2,14,14,30,0,12,12,42
10/26/2021,CWF,LA,ASW,CE,Federal Contract Tower,0,4,6,12,22,0,1,4,3,8,0,5,10,15,30,0,2,2,32
10/27/2021,CWF,LA,ASW,CE,Federal Contract Tower,0,0,3,5,8,0,0,0,0,0,0,0,3,5,8,0,0,0,8
10/28/2021,CWF,LA,ASW,CE,Federal Contract Tower,2,3,7,24,36,0,7,3,15,25,2,10,10,39,61,0,22,22,83
10/29/2021,CWF,LA,ASW,CE,Federal Contract Tower,0,2,15,57,74,0,0,9,4,13,0,2,24,61,87,10,62,72,159
10/30/2021,CWF,LA,ASW,CE,Federal Contract Tower,2,0,3,0,5,0,2,9,4,15,2,2,12,4,20,0,0,0,20
10/31/2021,CWF,LA,ASW,CE,Federal Contract Tower,0,0,9,7,16,0,0,2,3,5,0,0,11,10,21,30,4,34,55
11/01/2021,CWF,LA,ASW,CE,Federal Contract Tower,0,0,8,41,49,0,1,14,7,22,0,1,22,48,71,24,24,48,119
11/02/2021,CWF,LA,ASW,CE,Federal Contract Tower,0,0,20,36,56,0,7,9,12,28,0,7,29,48,84,16,24,40,124
11/03/2021,CWF,LA,ASW,CE,Federal Contract Tower,0,0,26,35,61,0,6,9,1,16,0,6,35,36,77,0,44,44,121
11/04/2021,CWF,LA,ASW,CE,Federal Contract Tower,0,0,7,17,24,0,1,2,5,8,0,1,9,22,32,0,4,4,36
11/05/2021,CWF,LA,ASW,CE,Federal Contract Tower,1,0,19,61,81,0,5,30,6,41,1,5,49,67,122,50,11,61,183
11/06/2021,CWF,LA,ASW,CE,Federal Contract Tower,2,0,5,22,29,0,0,2,0,2,2,0,7,22,31,0,12,12,43
11/07/2021,CWF,LA,ASW,CE,Federal Contract Tower,0,0,4,39,43,0,0,4,6,10,0,0,8,45,53,0,40,40,93
11/08/2021,CWF,LA,ASW,CE,Federal Contract Tower,0,1,15,27,43,0,1,18,2,21,0,2,33,29,64,6,6,12,76
11/09/2021,CWF,LA,ASW,CE,Federal Contract Tower,0,4,9,38,51,0,1,10,15,26,0,5,19,53,77,6,90,96,173
11/10/2021,CWF,LA,ASW,CE,Federal Contract Tower,0,2,12,33,47,0,21,6,4,31,0,23,18,37,78,20,40,60,138
11/11/2021,CWF,LA,ASW,CE,Federal Contract Tower,0,0,20,4,24,0,5,5,6,16,0,5,25,10,40,0,0,0,40
11/12/2021,CWF,LA,ASW,CE,Federal Contract Tower,0,0,13,26,39,0,0,4,2,6,0,0,17,28,45,0,22,22,67
11/13/2021,CWF,LA,ASW,CE,Federal Contract Tower,2,0,5,5,12,0,0,15,1,16,2,0,20,6,28,4,2,6,34
11/14/2021,CWF,LA,ASW,CE,Federal Contract Tower,0,0,6,9,15,0,0,17,1,18,0,0,23,10,33,0,0,0,33
11/16/2021,CWF,LA,ASW,CE,Federal Contract Tower,0,2,2,43,47,0,6,11,8,25,0,8,13,51,72,0,8,8,80
11/17/2021,CWF,LA,ASW,CE,Federal Contract Tower,0,0,6,8,14,0,1,9,8,18,0,1,15,16,32,10,1,11,43
11/18/2021,CWF,LA,ASW,CE,Federal Contract Tower,1,0,3,2,6,0,0,4,0,4,1,0,7,2,10,4,0,4,14
11/19/2021,CWF,LA,ASW,CE,Federal Contract Tower,1,0,3,12,16,2,0,12,3,17,3,0,15,15,33,0,0,0,33
11/20/2021,CWF,LA,ASW,CE,Federal Contract Tower,0,0,4,10,14,0,0,14,0,14,0,0,18,10,28,30,6,36,64
11/21/2021,CWF,LA,ASW,CE,Federal Contract Tower,0,0,4,1,5,0,0,0,5,5,0,0,4,6,10,0,26,26,36
11/22/2021,CWF,LA,ASW,CE,Federal Contract Tower,0,2,5,25,32,0,1,15,11,27,0,3,20,36,59,6,40,46,105
11/23/2021,CWF,LA,ASW,CE,Federal Contract Tower,0,0,15,16,31,0,2,16,7,25,0,2,31,23,56,24,0,24,80
11/24/2021,CWF,LA,ASW,CE,Federal Contract Tower,1,0,13,8,22,0,1,13,2,16,1,1,26,10,38,20,0,20,58
11/25/2021,CWF,LA,ASW,CE,Federal Contract Tower,0,0,0,0,0,0,0,0,0,0,0,0,0,0,0,0,0,0,0
11/26/2021,CWF,LA,ASW,CE,Federal Contract Tower,0,2,0,0,2,0,0,11,0,11,0,2,11,0,13,0,0,0,13
11/27/2021,CWF,LA,ASW,CE,Federal Contract Tower,0,0,6,0,6,0,0,3,0,3,0,0,9,0,9,0,0,0,9
11/28/2021,CWF,LA,ASW,CE,Federal Contract Tower,0,2,5,1,8,0,3,0,1,4,0,5,5,2,12,0,4,4,16
11/29/2021,CWF,LA,ASW,CE,Federal Contract Tower,0,0,18,22,40,0,3,6,2,11,0,3,24,24,51,10,0,10,61
11/30/2021,CWF,LA,ASW,CE,Federal Contract Tower,0,0,6,12,18,0,0,15,8,23,0,0,21,20,41,0,58,58,99
12/01/2021,CWF,LA,ASW,CE,Federal Contract Tower,1,0,4,34,39,0,0,2,8,10,1,0,6,42,49,0,0,0,49
12/02/2021,CWF,LA,ASW,CE,Federal Contract Tower,0,0,18,26,44,0,0,15,1,16,0,0,33,27,60,0,44,44,104
12/03/2021,CWF,LA,ASW,CE,Federal Contract Tower,2,0,18,34,54,0,6,25,6,37,2,6,43,40,91,0,26,26,117
12/04/2021,CWF,LA,ASW,CE,Federal Contract Tower,0,0,25,10,35,0,0,26,10,36,0,0,51,20,71,10,0,10,81
12/05/2021,CWF,LA,ASW,CE,Federal Contract Tower,0,0,14,5,19,0,0,4,0,4,0,0,18,5,23,10,0,10,33
12/06/2021,CWF,LA,ASW,CE,Federal Contract Tower,0,0,12,0,12,0,0,2,0,2,0,0,14,0,14,0,0,0,14
12/07/2021,CWF,LA,ASW,CE,Federal Contract Tower,0,0,18,2,20,0,0,0,0,0,0,0,18,2,20,0,0,0,20
12/08/2021,CWF,LA,ASW,CE,Federal Contract Tower,0,4,6,6,16,0,2,1,2,5,0,6,7,8,21,14,0,14,35
12/09/2021,CWF,LA,ASW,CE,Federal Contract Tower,1,1,13,7,22,0,0,0,0,0,1,1,13,7,22,0,6,6,28
12/10/2021,CWF,LA,ASW,CE,Federal Contract Tower,0,0,11,5,16,0,0,2,0,2,0,0,13,5,18,0,0,0,18
12/11/2021,CWF,LA,ASW,CE,Federal Contract Tower,0,0,5,2,7,0,0,0,8,8,0,0,5,10,15,0,34,34,49
12/12/2021,CWF,LA,ASW,CE,Federal Contract Tower,0,0,8,1,9,0,2,9,1,12,0,2,17,2,21,0,0,0,21
12/13/2021,CWF,LA,ASW,CE,Federal Contract Tower,2,2,7,15,26,0,5,10,0,15,2,7,17,15,41,10,20,30,71
12/14/2021,CWF,LA,ASW,CE,Federal Contract Tower,0,0,10,25,35,0,2,3,2,7,0,2,13,27,42,0,6,6,48
12/15/2021,CWF,LA,ASW,CE,Federal Contract Tower,0,0,20,7,27,0,0,6,3,9,0,0,26,10,36,0,12,12,48
12/16/2021,CWF,LA,ASW,CE,Federal Contract Tower,0,2,2,8,12,0,0,5,2,7,0,2,7,10,19,6,0,6,25
12/17/2021,CWF,LA,ASW,CE,Federal Contract Tower,0,0,11,14,25,0,0,3,0,3,0,0,14,14,28,0,0,0,28
12/18/2021,CWF,LA,ASW,CE,Federal Contract Tower,0,0,2,0,2,0,0,0,0,0,0,0,2,0,2,0,0,0,2
12/19/2021,CWF,LA,ASW,CE,Federal Contract Tower,0,0,4,3,7,0,0,2,1,3,0,0,6,4,10,0,0,0,10
12/20/2021,CWF,LA,ASW,CE,Federal Contract Tower,0,0,2,2,4,0,0,8,2,10,0,0,10,4,14,0,0,0,14
12/21/2021,CWF,LA,ASW,CE,Federal Contract Tower,0,0,4,19,23,0,0,11,4,15,0,0,15,23,38,6,30,36,74
12/22/2021,CWF,LA,ASW,CE,Federal Contract Tower,0,0,8,6,14,0,0,14,0,14,0,0,22,6,28,0,0,0,28
12/23/2021,CWF,LA,ASW,CE,Federal Contract Tower,0,0,12,0,12,0,0,7,0,7,0,0,19,0,19,0,6,6,25
12/24/2021,CWF,LA,ASW,CE,Federal Contract Tower,0,0,3,0,3,0,0,6,0,6,0,0,9,0,9,0,0,0,9
12/25/2021,CWF,LA,ASW,CE,Federal Contract Tower,0,0,0,0,0,0,2,2,0,4,0,2,2,0,4,0,0,0,4
12/26/2021,CWF,LA,ASW,CE,Federal Contract Tower,0,0,5,0,5,0,0,7,0,7,0,0,12,0,12,0,0,0,12
12/27/2021,CWF,LA,ASW,CE,Federal Contract Tower,0,0,11,5,16,0,7,5,2,14,0,7,16,7,30,0,0,0,30
12/28/2021,CWF,LA,ASW,CE,Federal Contract Tower,0,2,8,11,21,0,3,9,6,18,0,5,17,17,39,0,4,4,43
12/29/2021,CWF,LA,ASW,CE,Federal Contract Tower,0,0,6,15,21,0,0,0,0,0,0,0,6,15,21,0,0,0,21
12/30/2021,CWF,LA,ASW,CE,Federal Contract Tower,0,0,7,0,7,0,0,1,0,1,0,0,8,0,8,0,0,0,8
12/31/2021,CWF,LA,ASW,CE,Federal Contract Tower,0,0,5,0,5,0,0,0,2,2,0,0,5,2,7,0,0,0,7
01/01/2022,CWF,LA,ASW,CE,Federal Contract Tower,0,0,3,0,3,0,0,1,0,1,0,0,4,0,4,0,0,0,4
01/02/2022,CWF,LA,ASW,CE,Federal Contract Tower,0,0,2,0,2,0,0,3,0,3,0,0,5,0,5,0,0,0,5
01/03/2022,CWF,LA,ASW,CE,Federal Contract Tower,2,0,16,2,20,0,2,24,4,30,2,2,40,6,50,0,0,0,50
01/04/2022,CWF,LA,ASW,CE,Federal Contract Tower,0,0,13,9,22,0,4,17,5,26,0,4,30,14,48,0,26,26,74
01/05/2022,CWF,LA,ASW,CE,Federal Contract Tower,2,0,6,10,18,0,0,9,4,13,2,0,15,14,31,10,12,22,53
01/06/2022,CWF,LA,ASW,CE,Federal Contract Tower,2,0,20,50,72,0,0,13,2,15,2,0,33,52,87,0,50,50,137
01/07/2022,CWF,LA,ASW,CE,Federal Contract Tower,0,0,28,17,45,0,0,31,10,41,0,0,59,27,86,30,10,40,126
01/08/2022,CWF,LA,ASW,CE,Federal Contract Tower,0,0,2,0,2,0,0,2,0,2,0,0,4,0,4,0,0,0,4
01/09/2022,CWF,LA,ASW,CE,Federal Contract Tower,0,0,6,2,8,0,0,2,2,4,0,0,8,4,12,0,0,0,12
01/10/2022,CWF,LA,ASW,CE,Federal Contract Tower,0,0,17,4,21,0,0,10,0,10,0,0,27,4,31,0,20,20,51
01/11/2022,CWF,LA,ASW,CE,Federal Contract Tower,0,0,7,11,18,1,1,14,4,20,1,1,21,15,38,0,8,8,46
01/12/2022,CWF,LA,ASW,CE,Federal Contract Tower,0,3,32,15,50,0,0,26,2,28,0,3,58,17,78,0,0,0,78
01/13/2022,CWF,LA,ASW,CE,Federal Contract Tower,0,7,15,19,41,0,5,30,3,38,0,12,45,22,79,8,10,18,97
01/14/2022,CWF,LA,ASW,CE,Federal Contract Tower,0,1,34,17,52,0,4,15,2,21,0,5,49,19,73,20,40,60,133
01/15/2022,CWF,LA,ASW,CE,Federal Contract Tower,0,2,0,0,2,0,2,7,0,9,0,4,7,0,11,20,0,20,31
01/16/2022,CWF,LA,ASW,CE,Federal Contract Tower,0,0,3,2,5,0,0,9,0,9,0,0,12,2,14,0,2,2,16
01/17/2022,CWF,LA,ASW,CE,Federal Contract Tower,1,2,16,8,27,0,8,20,4,32,1,10,36,12,59,20,10,30,89
01/18/2022,CWF,LA,ASW,CE,Federal Contract Tower,2,1,2,14,19,0,4,17,7,28,2,5,19,21,47,0,44,44,91
01/19/2022,CWF,LA,ASW,CE,Federal Contract Tower,0,0,22,11,33,0,0,6,0,6,0,0,28,11,39,0,20,20,59
01/20/2022,CWF,LA,ASW,CE,Federal Contract Tower,0,5,8,8,21,0,0,0,0,0,0,5,8,8,21,0,0,0,21
01/21/2022,CWF,LA,ASW,CE,Federal Contract Tower,0,0,3,6,9,0,0,9,0,9,0,0,12,6,18,6,0,6,24
01/22/2022,CWF,LA,ASW,CE,Federal Contract Tower,0,0,7,29,36,0,0,23,4,27,0,0,30,33,63,0,30,30,93
01/23/2022,CWF,LA,ASW,CE,Federal Contract Tower,0,0,4,2,6,0,0,11,2,13,0,0,15,4,19,0,0,0,19
01/24/2022,CWF,LA,ASW,CE,Federal Contract Tower,0,0,1,2,3,0,0,0,0,0,0,0,1,2,3,0,0,0,3
01/25/2022,CWF,LA,ASW,CE,Federal Contract Tower,6,0,14,16,36,0,0,3,0,3,6,0,17,16,39,0,0,0,39
01/26/2022,CWF,LA,ASW,CE,Federal Contract Tower,0,1,15,16,32,0,3,10,5,18,0,4,25,21,50,0,34,34,84
01/27/2022,CWF,LA,ASW,CE,Federal Contract Tower,0,4,16,25,45,0,6,9,3,18,0,10,25,28,63,50,44,94,157
01/28/2022,CWF,LA,ASW,CE,Federal Contract Tower,0,0,24,39,63,0,3,20,2,25,0,3,44,41,88,12,20,32,120
01/29/2022,CWF,LA,ASW,CE,Federal Contract Tower,0,1,2,10,13,0,0,9,1,10,0,1,11,11,23,0,20,20,43
01/30/2022,CWF,LA,ASW,CE,Federal Contract Tower,0,1,7,4,12,2,0,11,2,15,2,1,18,6,27,0,30,30,57
01/31/2022,CWF,LA,ASW,CE,Federal Contract Tower,0,4,6,11,21,0,0,8,4,12,0,4,14,15,33,60,10,70,103
02/01/2022,CWF,LA,ASW,CE,Federal Contract Tower,2,0,8,2,12,0,0,0,0,0,2,0,8,2,12,0,0,0,12
02/02/2022,CWF,LA,ASW,CE,Federal Contract Tower,0,0,9,14,23,0,0,2,2,4,0,0,11,16,27,22,0,22,49
02/03/2022,CWF,LA,ASW,CE,Federal Contract Tower,0,1,2,0,3,0,0,0,0,0,0,1,2,0,3,0,0,0,3
02/04/2022,CWF,LA,ASW,CE,Federal Contract Tower,0,0,15,12,27,0,0,5,9,14,0,0,20,21,41,0,40,40,81
02/05/2022,CWF,LA,ASW,CE,Federal Contract Tower,2,0,19,15,36,0,7,18,6,31,2,7,37,21,67,10,20,30,97
02/06/2022,CWF,LA,ASW,CE,Federal Contract Tower,2,1,22,2,27,0,1,20,3,24,2,2,42,5,51,16,20,36,87
02/07/2022,CWF,LA,ASW,CE,Federal Contract Tower,0,0,12,18,30,0,1,24,6,31,0,1,36,24,61,0,32,32,93
02/08/2022,CWF,LA,ASW,CE,Federal Contract Tower,0,1,6,14,21,0,0,21,4,25,0,1,27,18,46,0,50,50,96
02/09/2022,CWF,LA,ASW,CE,Federal Contract Tower,0,1,10,21,32,0,0,12,9,21,0,1,22,30,53,6,12,18,71
02/10/2022,CWF,LA,ASW,CE,Federal Contract Tower,0,2,26,13,41,2,4,20,2,28,2,6,46,15,69,0,20,20,89
02/11/2022,CWF,LA,ASW,CE,Federal Contract Tower,0,0,4,14,18,0,0,12,1,13,0,0,16,15,31,70,0,70,101
02/12/2022,CWF,LA,ASW,CE,Federal Contract Tower,0,6,12,1,19,0,0,7,0,7,0,6,19,1,26,0,0,0,26
02/13/2022,CWF,LA,ASW,CE,Federal Contract Tower,0,0,21,20,41,0,0,17,0,17,0,0,38,20,58,0,20,20,78
02/14/2022,CWF,LA,ASW,CE,Federal Contract Tower,0,0,34,31,65,0,0,7,3,10,0,0,41,34,75,38,70,108,183
02/15/2022,CWF,LA,ASW,CE,Federal Contract Tower,5,0,22,17,44,0,4,22,6,32,5,4,44,23,76,20,10,30,106
02/16/2022,CWF,LA,ASW,CE,Federal Contract Tower,1,0,11,7,19,0,0,2,2,4,1,0,13,9,23,0,0,0,23
02/17/2022,CWF,LA,ASW,CE,Federal Contract Tower,0,0,1,0,1,0,0,1,0,1,0,0,2,0,2,0,0,0,2
02/18/2022,CWF,LA,ASW,CE,Federal Contract Tower,0,0,30,13,43,0,3,13,0,16,0,3,43,13,59,0,40,40,99
02/19/2022,CWF,LA,ASW,CE,Federal Contract Tower,0,0,2,10,12,0,0,20,0,20,0,0,22,10,32,0,48,48,80
02/20/2022,CWF,LA,ASW,CE,Federal Contract Tower,0,0,10,1,11,0,0,12,1,13,0,0,22,2,24,10,0,10,34
02/21/2022,CWF,LA,ASW,CE,Federal Contract Tower,0,2,4,16,22,0,0,0,0,0,0,2,4,16,22,0,0,0,22
02/22/2022,CWF,LA,ASW,CE,Federal Contract Tower,0,4,7,9,20,0,2,0,3,5,0,6,7,12,25,0,0,0,25
02/23/2022,CWF,LA,ASW,CE,Federal Contract Tower,0,0,1,3,4,0,0,0,0,0,0,0,1,3,4,0,0,0,4
02/24/2022,CWF,LA,ASW,CE,Federal Contract Tower,0,0,8,2,10,0,0,0,0,0,0,0,8,2,10,0,0,0,10
02/25/2022,CWF,LA,ASW,CE,Federal Contract Tower,0,0,6,13,19,0,0,0,0,0,0,0,6,13,19,0,0,0,19
02/26/2022,CWF,LA,ASW,CE,Federal Contract Tower,0,0,3,1,4,0,1,0,0,1,0,1,3,1,5,0,0,0,5
02/27/2022,CWF,LA,ASW,CE,Federal Contract Tower,4,0,5,2,11,0,1,2,0,3,4,1,7,2,14,0,0,0,14
02/28/2022,CWF,LA,ASW,CE,Federal Contract Tower,0,2,17,14,33,0,3,18,0,21,0,5,35,14,54,10,20,30,84
03/01/2022,CWF,LA,ASW,CE,Federal Contract Tower,1,0,11,22,34,0,0,30,6,36,1,0,41,28,70,26,64,90,160
03/02/2022,CWF,LA,ASW,CE,Federal Contract Tower,0,0,6,22,28,0,3,11,5,19,0,3,17,27,47,2,66,68,115
03/03/2022,CWF,LA,ASW,CE,Federal Contract Tower,0,0,17,16,33,0,2,22,9,33,0,2,39,25,66,40,20,60,126
03/04/2022,CWF,LA,ASW,CE,Federal Contract Tower,0,0,21,19,40,0,0,21,20,41,0,0,42,39,81,0,50,50,131
03/05/2022,CWF,LA,ASW,CE,Federal Contract Tower,0,0,10,14,24,0,0,18,3,21,0,0,28,17,45,10,30,40,85
03/06/2022,CWF,LA,ASW,CE,Federal Contract Tower,0,0,5,2,7,0,0,8,8,16,0,0,13,10,23,20,10,30,53
03/07/2022,CWF,LA,ASW,CE,Federal Contract Tower,0,6,28,13,47,0,3,21,5,29,0,9,49,18,76,0,24,24,100
03/08/2022,CWF,LA,ASW,CE,Federal Contract Tower,0,0,12,11,23,0,0,0,0,0,0,0,12,11,23,0,0,0,23
03/09/2022,CWF,LA,ASW,CE,Federal Contract Tower,0,0,9,12,21,0,2,3,3,8,0,2,12,15,29,10,16,26,55
03/10/2022,CWF,LA,ASW,CE,Federal Contract Tower,3,0,8,9,20,0,0,11,9,20,3,0,19,18,40,10,30,40,80
03/11/2022,CWF,LA,ASW,CE,Federal Contract Tower,1,0,3,18,22,0,4,2,0,6,1,4,5,18,28,0,0,0,28
03/12/2022,CWF,LA,ASW,CE,Federal Contract Tower,1,0,2,2,5,0,0,3,2,5,1,0,5,4,10,0,0,0,10
03/13/2022,CWF,LA,ASW,CE,Federal Contract Tower,0,0,3,10,13,0,0,6,0,6,0,0,9,10,19,0,12,12,31
03/14/2022,CWF,LA,ASW,CE,Federal Contract Tower,2,0,2,7,11,0,0,0,0,0,2,0,2,7,11,0,0,0,11
03/15/2022,CWF,LA,ASW,CE,Federal Contract Tower,0,2,4,7,13,0,2,10,3,15,0,4,14,10,28,0,46,46,74
03/16/2022,CWF,LA,ASW,CE,Federal Contract Tower,0,0,19,8,27,0,2,19,1,22,0,2,38,9,49,0,30,30,79
03/17/2022,CWF,LA,ASW,CE,Federal Contract Tower,0,0,11,6,17,0,0,1,2,3,0,0,12,8,20,0,0,0,20
03/18/2022,CWF,LA,ASW,CE,Federal Contract Tower,0,0,5,12,17,0,4,4,2,10,0,4,9,14,27,6,6,12,39
03/19/2022,CWF,LA,ASW,CE,Federal Contract Tower,0,2,3,2,7,0,0,11,0,11,0,2,14,2,18,4,0,4,22
03/20/2022,CWF,LA,ASW,CE,Federal Contract Tower,0,0,2,16,18,0,4,15,1,20,0,4,17,17,38,12,0,12,50
03/21/2022,CWF,LA,ASW,CE,Federal Contract Tower,1,0,2,4,7,0,0,2,2,4,1,0,4,6,11,0,20,20,31
03/22/2022,CWF,LA,ASW,CE,Federal Contract Tower,0,1,0,0,1,1,0,0,0,1,1,1,0,0,2,4,0,4,6
03/23/2022,CWF,LA,ASW,CE,Federal Contract Tower,2,5,4,23,34,0,0,3,5,8,2,5,7,28,42,0,14,14,56
03/24/2022,CWF,LA,ASW,CE,Federal Contract Tower,0,0,15,25,40,0,7,3,4,14,0,7,18,29,54,0,40,40,94
03/25/2022,CWF,LA,ASW,CE,Federal Contract Tower,1,0,3,21,25,0,0,17,0,17,1,0,20,21,42,10,26,36,78
03/26/2022,CWF,LA,ASW,CE,Federal Contract Tower,1,0,3,17,21,0,0,14,7,21,1,0,17,24,42,4,46,50,92
03/27/2022,CWF,LA,ASW,CE,Federal Contract Tower,1,0,1,8,10,0,0,7,1,8,1,0,8,9,18,0,2,2,20
03/28/2022,CWF,LA,ASW,CE,Federal Contract Tower,0,1,2,14,17,0,0,2,2,4,0,1,4,16,21,0,0,0,21
03/29/2022,CWF,LA,ASW,CE,Federal Contract Tower,0,0,8,23,31,0,1,2,3,6,0,1,10,26,37,0,0,0,37
03/30/2022,CWF,LA,ASW,CE,Federal Contract Tower,0,0,1,0,1,0,0,0,0,0,0,0,1,0,1,0,0,0,1
03/31/2022,CWF,LA,ASW,CE,Federal Contract Tower,0,0,13,18,31,0,0,12,9,21,0,0,25,27,52,6,0,6,58
04/01/2022,CWF,LA,ASW,CE,Federal Contract Tower,0,0,18,39,57,0,0,14,18,32,0,0,32,57,89,10,42,52,141
04/02/2022,CWF,LA,ASW,CE,Federal Contract Tower,2,0,1,8,11,0,1,7,4,12,2,1,8,12,23,6,34,40,63
04/03/2022,CWF,LA,ASW,CE,Federal Contract Tower,0,0,3,7,10,0,0,11,5,16,0,0,14,12,26,10,16,26,52
04/04/2022,CWF,LA,ASW,CE,Federal Contract Tower,0,2,7,8,17,0,0,5,0,5,0,2,12,8,22,6,0,6,28
04/05/2022,CWF,LA,ASW,CE,Federal Contract Tower,0,6,3,0,9,0,0,1,2,3,0,6,4,2,12,0,0,0,12
04/06/2022,CWF,LA,ASW,CE,Federal Contract Tower,1,0,1,10,12,0,2,2,0,4,1,2,3,10,16,18,8,26,42
04/07/2022,CWF,LA,ASW,CE,Federal Contract Tower,0,1,12,13,26,0,2,22,5,29,0,3,34,18,55,8,0,8,63
04/08/2022,CWF,LA,ASW,CE,Federal Contract Tower,0,0,2,27,29,0,3,5,5,13,0,3,7,32,42,0,0,0,42
04/09/2022,CWF,LA,ASW,CE,Federal Contract Tower,0,0,5,12,17,0,0,16,0,16,0,0,21,12,33,0,0,0,33
04/10/2022,CWF,LA,ASW,CE,Federal Contract Tower,0,0,6,5,11,0,0,7,2,9,0,0,13,7,20,0,22,22,42
04/11/2022,CWF,LA,ASW,CE,Federal Contract Tower,3,2,7,6,18,0,0,5,0,5,3,2,12,6,23,8,6,14,37
04/12/2022,CWF,LA,ASW,CE,Federal Contract Tower,0,0,8,2,10,0,0,0,0,0,0,0,8,2,10,0,0,0,10
04/13/2022,CWF,LA,ASW,CE,Federal Contract Tower,0,1,9,0,10,0,0,0,0,0,0,1,9,0,10,0,0,0,10
04/14/2022,CWF,LA,ASW,CE,Federal Contract Tower,0,6,10,8,24,0,0,11,3,14,0,6,21,11,38,4,0,4,42
04/15/2022,CWF,LA,ASW,CE,Federal Contract Tower,0,0,6,2,8,0,2,1,0,3,0,2,7,2,11,0,0,0,11
04/16/2022,CWF,LA,ASW,CE,Federal Contract Tower,0,0,9,5,14,0,0,1,0,1,0,0,10,5,15,0,0,0,15
04/17/2022,CWF,LA,ASW,CE,Federal Contract Tower,0,0,0,2,2,0,0,0,0,0,0,0,0,2,2,0,0,0,2
04/18/2022,CWF,LA,ASW,CE,Federal Contract Tower,2,4,8,6,20,0,2,13,2,17,2,6,21,8,37,4,8,12,49
04/19/2022,CWF,LA,ASW,CE,Federal Contract Tower,0,4,32,8,44,0,3,13,3,19,0,7,45,11,63,6,38,44,107
04/20/2022,CWF,LA,ASW,CE,Federal Contract Tower,1,2,11,20,34,0,2,4,4,10,1,4,15,24,44,0,30,30,74
04/21/2022,CWF,LA,ASW,CE,Federal Contract Tower,0,0,20,19,39,0,0,15,11,26,0,0,35,30,65,10,0,10,75
04/22/2022,CWF,LA,ASW,CE,Federal Contract Tower,0,0,37,33,70,0,4,20,0,24,0,4,57,33,94,18,40,58,152
04/23/2022,CWF,LA,ASW,CE,Federal Contract Tower,0,0,15,10,25,0,0,10,2,12,0,0,25,12,37,40,0,40,77
04/24/2022,CWF,LA,ASW,CE,Federal Contract Tower,2,0,11,6,19,0,0,11,0,11,2,0,22,6,30,0,0,0,30
04/25/2022,CWF,LA,ASW,CE,Federal Contract Tower,0,0,11,2,13,0,0,19,0,19,0,0,30,2,32,0,0,0,32
04/26/2022,CWF,LA,ASW,CE,Federal Contract Tower,0,4,4,13,21,0,0,8,1,9,0,4,12,14,30,0,28,28,58
04/27/2022,CWF,LA,ASW,CE,Federal Contract Tower,0,2,19,10,31,0,0,31,14,45,0,2,50,24,76,0,0,0,76
04/28/2022,CWF,LA,ASW,CE,Federal Contract Tower,4,0,21,57,82,0,3,22,12,37,4,3,43,69,119,0,30,30,149
04/29/2022,CWF,LA,ASW,CE,Federal Contract Tower,0,0,2,14,16,0,2,14,13,29,0,2,16,27,45,0,42,42,87
04/30/2022,CWF,LA,ASW,CE,Federal Contract Tower,0,0,1,4,5,0,0,3,0,3,0,0,4,4,8,0,20,20,28
05/01/2022,CWF,LA,ASW,CE,Federal Contract Tower,0,0,1,6,7,0,0,4,8,12,0,0,5,14,19,0,0,0,19
05/02/2022,CWF,LA,ASW,CE,Federal Contract Tower,2,6,1,25,34,0,2,9,7,18,2,8,10,32,52,0,40,40,92
05/03/2022,CWF,LA,ASW,CE,Federal Contract Tower,0,0,6,9,15,0,9,17,2,28,0,9,23,11,43,0,30,30,73
05/04/2022,CWF,LA,ASW,CE,Federal Contract Tower,0,0,22,16,38,0,0,21,7,28,0,0,43,23,66,14,10,24,90
05/05/2022,CWF,LA,ASW,CE,Federal Contract Tower,2,0,10,5,17,0,0,5,4,9,2,0,15,9,26,0,4,4,30
05/06/2022,CWF,LA,ASW,CE,Federal Contract Tower,1,0,9,7,17,0,0,15,5,20,1,0,24,12,37,4,0,4,41
05/07/2022,CWF,LA,ASW,CE,Federal Contract Tower,0,0,9,2,11,0,0,1,0,1,0,0,10,2,12,0,0,0,12
05/08/2022,CWF,LA,ASW,CE,Federal Contract Tower,0,0,9,3,12,0,0,5,1,6,0,0,14,4,18,0,0,0,18
05/09/2022,CWF,LA,ASW,CE,Federal Contract Tower,4,2,3,23,32,0,0,24,0,24,4,2,27,23,56,4,14,18,74
05/10/2022,CWF,LA,ASW,CE,Federal Contract Tower,0,6,17,18,41,0,4,21,2,27,0,10,38,20,68,2,24,26,94
05/11/2022,CWF,LA,ASW,CE,Federal Contract Tower,0,0,17,22,39,0,3,12,3,18,0,3,29,25,57,0,24,24,81
05/12/2022,CWF,LA,ASW,CE,Federal Contract Tower,2,0,10,5,17,0,1,11,0,12,2,1,21,5,29,0,8,8,37
05/13/2022,CWF,LA,ASW,CE,Federal Contract Tower,0,0,4,20,24,0,0,9,16,25,0,0,13,36,49,0,14,14,63
05/14/2022,CWF,LA,ASW,CE,Federal Contract Tower,0,0,1,2,3,0,0,7,2,9,0,0,8,4,12,0,0,0,12
05/15/2022,CWF,LA,ASW,CE,Federal Contract Tower,0,0,2,0,2,0,0,2,0,2,0,0,4,0,4,0,0,0,4
05/16/2022,CWF,LA,ASW,CE,Federal Contract Tower,0,0,9,32,41,0,0,20,9,29,0,0,29,41,70,0,32,32,102
05/17/2022,CWF,LA,ASW,CE,Federal Contract Tower,0,0,8,10,18,0,4,17,3,24,0,4,25,13,42,0,26,26,68
05/18/2022,CWF,LA,ASW,CE,Federal Contract Tower,0,0,4,14,18,0,0,8,2,10,0,0,12,16,28,10,8,18,46
05/19/2022,CWF,LA,ASW,CE,Federal Contract Tower,2,2,13,23,40,0,0,8,0,8,2,2,21,23,48,0,22,22,70
05/20/2022,CWF,LA,ASW,CE,Federal Contract Tower,0,0,13,12,25,0,0,6,0,6,0,0,19,12,31,0,22,22,53
05/21/2022,CWF,LA,ASW,CE,Federal Contract Tower,0,0,3,2,5,0,0,4,0,4,0,0,7,2,9,0,6,6,15
05/22/2022,CWF,LA,ASW,CE,Federal Contract Tower,0,0,2,2,4,0,0,2,2,4,0,0,4,4,8,0,0,0,8
05/23/2022,CWF,LA,ASW,CE,Federal Contract Tower,0,9,7,13,29,0,0,2,5,7,0,9,9,18,36,2,10,12,48
05/24/2022,CWF,LA,ASW,CE,Federal Contract Tower,0,1,7,0,8,0,0,0,0,0,0,1,7,0,8,0,0,0,8
05/25/2022,CWF,LA,ASW,CE,Federal Contract Tower,0,0,6,0,6,0,0,6,0,6,0,0,12,0,12,16,0,16,28
05/26/2022,CWF,LA,ASW,CE,Federal Contract Tower,0,0,8,15,23,0,4,11,0,15,0,4,19,15,38,10,0,10,48
05/27/2022,CWF,LA,ASW,CE,Federal Contract Tower,0,0,10,15,25,0,0,25,0,25,0,0,35,15,50,2,0,2,52
05/28/2022,CWF,LA,ASW,CE,Federal Contract Tower,0,0,0,0,0,0,0,14,0,14,0,0,14,0,14,14,0,14,28
05/29/2022,CWF,LA,ASW,CE,Federal Contract Tower,0,0,3,0,3,0,0,13,4,17,0,0,16,4,20,0,0,0,20
05/30/2022,CWF,LA,ASW,CE,Federal Contract Tower,0,0,7,4,11,0,0,15,0,15,0,0,22,4,26,0,0,0,26
05/31/2022,CWF,LA,ASW,CE,Federal Contract Tower,2,1,19,26,48,0,1,25,3,29,2,2,44,29,77,26,40,66,143
06/01/2022,CWF,LA,ASW,CE,Federal Contract Tower,0,1,5,9,15,0,3,18,3,24,0,4,23,12,39,2,16,18,57
06/02/2022,CWF,LA,ASW,CE,Federal Contract Tower,2,6,1,25,34,0,2,9,7,18,2,8,10,32,52,0,40,40,92
06/03/2022,CWF,LA,ASW,CE,Federal Contract Tower,1,0,27,28,56,0,6,16,10,32,1,6,43,38,88,10,10,20,108
06/04/2022,CWF,LA,ASW,CE,Federal Contract Tower,0,0,8,1,9,0,0,16,1,17,0,0,24,2,26,10,10,20,46
06/05/2022,CWF,LA,ASW,CE,Federal Contract Tower,0,0,1,1,2,0,0,11,2,13,0,0,12,3,15,14,0,14,29
06/06/2022,CWF,LA,ASW,CE,Federal Contract Tower,0,4,5,2,11,0,2,10,4,16,0,6,15,6,27,0,0,0,27
06/07/2022,CWF,LA,ASW,CE,Federal Contract Tower,1,1,3,20,25,0,0,16,11,27,1,1,19,31,52,4,10,14,66
06/08/2022,CWF,LA,ASW,CE,Federal Contract Tower,0,0,7,12,19,0,0,16,0,16,0,0,23,12,35,10,0,10,45
06/09/2022,CWF,LA,ASW,CE,Federal Contract Tower,2,0,6,16,24,0,0,7,3,10,2,0,13,19,34,10,8,18,52
06/10/2022,CWF,LA,ASW,CE,Federal Contract Tower,1,0,7,13,21,0,0,11,5,16,1,0,18,18,37,12,8,20,57
06/11/2022,CWF,LA,ASW,CE,Federal Contract Tower,2,0,5,11,18,0,0,11,5,16,2,0,16,16,34,0,14,14,48
06/12/2022,CWF,LA,ASW,CE,Federal Contract Tower,0,0,2,2,4,0,0,3,2,5,0,0,5,4,9,0,4,4,13
06/13/2022,CWF,LA,ASW,CE,Federal Contract Tower,0,0,5,2,7,0,0,7,4,11,0,0,12,6,18,0,0,0,18
06/14/2022,CWF,LA,ASW,CE,Federal Contract Tower,1,2,3,18,24,0,8,12,1,21,1,10,15,19,45,0,54,54,99
06/15/2022,CWF,LA,ASW,CE,Federal Contract Tower,0,0,7,4,11,0,0,21,0,21,0,0,28,4,32,4,6,10,42
06/16/2022,CWF,LA,ASW,CE,Federal Contract Tower,0,0,2,12,14,0,0,5,0,5,0,0,7,12,19,4,0,4,23
06/17/2022,CWF,LA,ASW,CE,Federal Contract Tower,0,0,3,10,13,0,0,5,1,6,0,0,8,11,19,14,10,24,43
06/18/2022,CWF,LA,ASW,CE,Federal Contract Tower,2,1,2,15,20,0,0,9,1,10,2,1,11,16,30,6,0,6,36
06/19/2022,CWF,LA,ASW,CE,Federal Contract Tower,0,0,1,2,3,0,0,1,0,1,0,0,2,2,4,10,0,10,14
06/20/2022,CWF,LA,ASW,CE,Federal Contract Tower,0,1,16,19,36,0,0,28,1,29,0,1,44,20,65,0,44,44,109
06/21/2022,CWF,LA,ASW,CE,Federal Contract Tower,0,1,6,25,32,0,2,12,0,14,0,3,18,25,46,0,20,20,66
06/22/2022,CWF,LA,ASW,CE,Federal Contract Tower,2,0,8,8,18,0,2,21,4,27,2,2,29,12,45,2,20,22,67
06/23/2022,CWF,LA,ASW,CE,Federal Contract Tower,0,0,8,21,29,0,0,15,7,22,0,0,23,28,51,2,26,28,79
06/24/2022,CWF,LA,ASW,CE,Federal Contract Tower,0,0,5,47,52,0,0,15,0,15,0,0,20,47,67,10,10,20,87
06/25/2022,CWF,LA,ASW,CE,Federal Contract Tower,0,0,2,12,14,0,2,9,2,13,0,2,11,14,27,0,16,16,43
06/26/2022,CWF,LA,ASW,CE,Federal Contract Tower,0,0,10,15,25,0,0,2,1,3,0,0,12,16,28,0,14,14,42
06/27/2022,CWF,LA,ASW,CE,Federal Contract Tower,0,0,5,14,19,0,0,17,0,17,0,0,22,14,36,2,10,12,48
06/28/2022,CWF,LA,ASW,CE,Federal Contract Tower,0,0,6,17,23,0,8,7,0,15,0,8,13,17,38,6,54,60,98
06/29/2022,CWF,LA,ASW,CE,Federal Contract Tower,0,0,18,14,32,0,8,12,1,21,0,8,30,15,53,20,0,20,73
06/30/2022,CWF,LA,ASW,CE,Federal Contract Tower,0,0,6,2,8,0,0,7,2,9,0,0,13,4,17,0,0,0,17
07/01/2022,CWF,LA,ASW,CE,Federal Contract Tower,0,0,8,0,8,0,0,0,0,0,0,0,8,0,8,0,0,0,8
07/02/2022,CWF,LA,ASW,CE,Federal Contract Tower,0,0,4,0,4,0,0,4,0,4,0,0,8,0,8,8,0,8,16
07/03/2022,CWF,LA,ASW,CE,Federal Contract Tower,0,0,6,3,9,0,0,12,0,12,0,0,18,3,21,0,0,0,21
07/04/2022,CWF,LA,ASW,CE,Federal Contract Tower,0,0,2,0,2,0,0,6,0,6,0,0,8,0,8,0,0,0,8
07/05/2022,CWF,LA,ASW,CE,Federal Contract Tower,0,6,5,17,28,0,0,18,1,19,0,6,23,18,47,0,0,0,47
07/06/2022,CWF,LA,ASW,CE,Federal Contract Tower,0,0,7,0,7,0,0,9,0,9,0,0,16,0,16,24,0,24,40
07/07/2022,CWF,LA,ASW,CE,Federal Contract Tower,4,0,9,10,23,0,0,10,6,16,4,0,19,16,39,0,4,4,43
07/08/2022,CWF,LA,ASW,CE,Federal Contract Tower,0,1,6,21,28,0,0,20,10,30,0,1,26,31,58,20,2,22,80
07/09/2022,CWF,LA,ASW,CE,Federal Contract Tower,0,0,2,4,6,0,1,15,0,16,0,1,17,4,22,12,0,12,34
07/10/2022,CWF,LA,ASW,CE,Federal Contract Tower,1,0,3,0,4,0,2,4,0,6,1,2,7,0,10,0,0,0,10
07/11/2022,CWF,LA,ASW,CE,Federal Contract Tower,0,0,1,4,5,0,3,11,0,14,0,3,12,4,19,8,0,8,27
07/12/2022,CWF,LA,ASW,CE,Federal Contract Tower,0,1,23,16,40,0,3,20,9,32,0,4,43,25,72,0,76,76,148
07/13/2022,CWF,LA,ASW,CE,Federal Contract Tower,0,1,11,14,26,0,1,6,4,11,0,2,17,18,37,20,20,40,77
07/14/2022,CWF,LA,ASW,CE,Federal Contract Tower,0,0,12,0,12,0,0,14,0,14,0,0,26,0,26,0,0,0,26
07/15/2022,CWF,LA,ASW,CE,Federal Contract Tower,3,8,1,26,38,0,1,12,4,17,3,9,13,30,55,10,20,30,85
07/16/2022,CWF,LA,ASW,CE,Federal Contract Tower,0,0,3,8,11,0,0,8,0,8,0,0,11,8,19,0,4,4,23
07/17/2022,CWF,LA,ASW,CE,Federal Contract Tower,0,0,7,2,9,0,2,10,0,12,0,2,17,2,21,0,0,0,21
07/18/2022,CWF,LA,ASW,CE,Federal Contract Tower,0,1,8,10,19,0,5,16,2,23,0,6,24,12,42,0,24,24,66
07/19/2022,CWF,LA,ASW,CE,Federal Contract Tower,0,0,11,21,32,0,4,18,1,23,0,4,29,22,55,10,10,20,75
07/20/2022,CWF,LA,ASW,CE,Federal Contract Tower,0,0,6,39,45,0,0,15,2,17,0,0,21,41,62,0,20,20,82
07/21/2022,CWF,LA,ASW,CE,Federal Contract Tower,1,2,18,23,44,0,1,24,3,28,1,3,42,26,72,0,50,50,122
07/22/2022,CWF,LA,ASW,CE,Federal Contract Tower,0,0,5,0,5,0,0,17,2,19,0,0,22,2,24,0,0,0,24
07/23/2022,CWF,LA,ASW,CE,Federal Contract Tower,0,0,6,2,8,0,1,7,0,8,0,1,13,2,16,0,0,0,16
07/24/2022,CWF,LA,ASW,CE,Federal Contract Tower,0,0,10,46,56,0,0,10,0,10,0,0,20,46,66,0,14,14,80
07/25/2022,CWF,LA,ASW,CE,Federal Contract Tower,2,0,21,34,57,0,5,18,1,24,2,5,39,35,81,18,20,38,119
07/26/2022,CWF,LA,ASW,CE,Federal Contract Tower,0,2,5,10,17,0,6,19,5,30,0,8,24,15,47,10,20,30,77
07/27/2022,CWF,LA,ASW,CE,Federal Contract Tower,0,0,8,2,10,0,0,11,0,11,0,0,19,2,21,22,20,42,63
07/28/2022,CWF,LA,ASW,CE,Federal Contract Tower,0,0,5,25,30,0,2,10,0,12,0,2,15,25,42,18,30,48,90
07/29/2022,CWF,LA,ASW,CE,Federal Contract Tower,0,0,5,1,6,0,0,4,1,5,0,0,9,2,11,0,0,0,11
07/30/2022,CWF,LA,ASW,CE,Federal Contract Tower,0,0,5,0,5,0,2,4,0,6,0,2,9,0,11,0,0,0,11
07/31/2022,CWF,LA,ASW,CE,Federal Contract Tower,0,0,8,4,12,0,0,10,0,10,0,0,18,4,22,12,0,12,34
08/01/2022,CWF,LA,ASW,CE,Federal Contract Tower,0,0,4,9,13,0,4,7,1,12,0,4,11,10,25,20,6,26,51
08/02/2022,CWF,LA,ASW,CE,Federal Contract Tower,0,0,3,0,3,0,4,14,0,18,0,4,17,0,21,6,0,6,27
08/03/2022,CWF,LA,ASW,CE,Federal Contract Tower,0,0,10,11,21,0,0,10,1,11,0,0,20,12,32,0,10,10,42
08/04/2022,CWF,LA,ASW,CE,Federal Contract Tower,0,3,19,10,32,0,0,6,0,6,0,3,25,10,38,16,0,16,54
08/05/2022,CWF,LA,ASW,CE,Federal Contract Tower,1,0,6,15,22,0,0,7,1,8,1,0,13,16,30,2,0,2,32
08/06/2022,CWF,LA,ASW,CE,Federal Contract Tower,0,0,3,0,3,0,2,1,0,3,0,2,4,0,6,0,0,0,6
08/07/2022,CWF,LA,ASW,CE,Federal Contract Tower,0,3,3,4,10,0,0,4,4,8,0,3,7,8,18,10,0,10,28
08/08/2022,CWF,LA,ASW,CE,Federal Contract Tower,0,4,9,6,19,0,1,8,0,9,0,5,17,6,28,10,0,10,38
08/09/2022,CWF,LA,ASW,CE,Federal Contract Tower,0,2,2,8,12,0,1,7,2,10,0,3,9,10,22,14,0,14,36
08/10/2022,CWF,LA,ASW,CE,Federal Contract Tower,0,0,7,6,13,0,2,10,2,14,0,2,17,8,27,0,8,8,35
08/11/2022,CWF,LA,ASW,CE,Federal Contract Tower,0,0,16,2,18,0,4,5,0,9,0,4,21,2,27,6,0,6,33
08/12/2022,CWF,LA,ASW,CE,Federal Contract Tower,0,0,15,7,22,0,0,13,0,13,0,0,28,7,35,10,0,10,45
08/13/2022,CWF,LA,ASW,CE,Federal Contract Tower,0,0,3,11,14,0,0,0,1,1,0,0,3,12,15,0,8,8,23
08/14/2022,CWF,LA,ASW,CE,Federal Contract Tower,0,0,18,11,29,0,0,17,2,19,0,0,35,13,48,2,20,22,70
08/15/2022,CWF,LA,ASW,CE,Federal Contract Tower,0,0,21,23,44,0,5,44,1,50,0,5,65,24,94,10,10,20,114
08/16/2022,CWF,LA,ASW,CE,Federal Contract Tower,0,0,21,14,35,0,2,40,2,44,0,2,61,16,79,14,0,14,93
08/17/2022,CWF,LA,ASW,CE,Federal Contract Tower,0,0,10,16,26,1,0,12,5,18,1,0,22,21,44,0,40,40,84
08/18/2022,CWF,LA,ASW,CE,Federal Contract Tower,0,0,7,6,13,0,0,11,0,11,0,0,18,6,24,12,10,22,46
08/19/2022,CWF,LA,ASW,CE,Federal Contract Tower,5,0,8,0,13,0,0,9,0,9,5,0,17,0,22,12,0,12,34
08/20/2022,CWF,LA,ASW,CE,Federal Contract Tower,0,0,3,0,3,0,0,6,2,8,0,0,9,2,11,6,2,8,19
08/21/2022,CWF,LA,ASW,CE,Federal Contract Tower,0,0,7,4,11,0,0,13,0,13,0,0,20,4,24,22,0,22,46
08/22/2022,CWF,LA,ASW,CE,Federal Contract Tower,0,0,6,6,12,0,0,12,4,16,0,0,18,10,28,20,0,20,48
08/23/2022,CWF,LA,ASW,CE,Federal Contract Tower,0,4,5,2,11,0,0,8,0,8,0,4,13,2,19,10,0,10,29
08/24/2022,CWF,LA,ASW,CE,Federal Contract Tower,0,0,0,5,5,0,0,9,0,9,0,0,9,5,14,10,0,10,24
08/25/2022,CWF,LA,ASW,CE,Federal Contract Tower,1,0,5,7,13,0,1,10,1,12,1,1,15,8,25,0,0,0,25
08/26/2022,CWF,LA,ASW,CE,Federal Contract Tower,0,0,4,2,6,0,1,10,0,11,0,1,14,2,17,0,0,0,17
08/27/2022,CWF,LA,ASW,CE,Federal Contract Tower,0,0,2,0,2,0,2,8,0,10,0,2,10,0,12,8,0,8,20
08/28/2022,CWF,LA,ASW,CE,Federal Contract Tower,0,0,3,0,3,0,2,6,0,8,0,2,9,0,11,6,0,6,17
08/29/2022,CWF,LA,ASW,CE,Federal Contract Tower,0,0,4,3,7,0,0,15,0,15,0,0,19,3,22,0,0,0,22
08/30/2022,CWF,LA,ASW,CE,Federal Contract Tower,0,0,1,4,5,0,2,24,2,28,0,2,25,6,33,0,0,0,33
08/31/2022,CWF,LA,ASW,CE,Federal Contract Tower,0,0,15,3,18,0,0,16,5,21,0,0,31,8,39,0,14,14,53
09/01/2022,CWF,LA,ASW,CE,Federal Contract Tower,0,0,12,1,13,0,2,9,9,20,0,2,21,10,33,2,0,2,35
09/02/2022,CWF,LA,ASW,CE,Federal Contract Tower,2,0,5,6,13,0,0,12,0,12,2,0,17,6,25,0,0,0,25
09/03/2022,CWF,LA,ASW,CE,Federal Contract Tower,0,0,0,0,0,0,0,3,0,3,0,0,3,0,3,0,0,0,3
09/04/2022,CWF,LA,ASW,CE,Federal Contract Tower,0,0,4,0,4,0,0,1,8,9,0,0,5,8,13,0,0,0,13
09/05/2022,CWF,LA,ASW,CE,Federal Contract Tower,1,0,13,0,14,0,0,25,0,25,1,0,38,0,39,26,0,26,65
09/06/2022,CWF,LA,ASW,CE,Federal Contract Tower,0,2,5,2,9,0,4,17,0,21,0,6,22,2,30,14,0,14,44
09/07/2022,CWF,LA,ASW,CE,Federal Contract Tower,1,0,5,1,7,0,0,20,0,20,1,0,25,1,27,0,8,8,35
09/08/2022,CWF,LA,ASW,CE,Federal Contract Tower,0,0,8,22,30,0,0,15,9,24,0,0,23,31,54,4,0,4,58
09/09/2022,CWF,LA,ASW,CE,Federal Contract Tower,0,6,8,10,24,0,0,15,5,20,0,6,23,15,44,2,8,10,54
09/10/2022,CWF,LA,ASW,CE,Federal Contract Tower,0,0,11,27,38,0,2,16,2,20,0,2,27,29,58,0,20,20,78
09/11/2022,CWF,LA,ASW,CE,Federal Contract Tower,2,0,9,13,24,0,0,22,0,22,2,0,31,13,46,20,10,30,76
09/12/2022,CWF,LA,ASW,CE,Federal Contract Tower,0,6,8,17,31,0,2,23,1,26,0,8,31,18,57,28,4,32,89
09/13/2022,CWF,LA,ASW,CE,Federal Contract Tower,0,0,5,17,22,0,0,19,8,27,0,0,24,25,49,24,2,26,75
09/14/2022,CWF,LA,ASW,CE,Federal Contract Tower,0,4,15,34,53,0,8,18,4,30,0,12,33,38,83,2,36,38,121
09/15/2022,CWF,LA,ASW,CE,Federal Contract Tower,0,0,13,12,25,0,2,16,5,23,0,2,29,17,48,18,2,20,68
09/16/2022,CWF,LA,ASW,CE,Federal Contract Tower,0,0,7,38,45,0,0,15,11,26,0,0,22,49,71,0,0,0,71
09/18/2022,CWF,LA,ASW,CE,Federal Contract Tower,0,0,8,34,42,0,1,10,1,12,0,1,18,35,54,0,8,8,62
09/19/2022,CWF,LA,ASW,CE,Federal Contract Tower,0,0,15,20,35,0,2,12,0,14,0,2,27,20,49,10,24,34,83
09/20/2022,CWF,LA,ASW,CE,Federal Contract Tower,1,0,13,21,35,0,8,15,1,24,1,8,28,22,59,32,6,38,97
09/21/2022,CWF,LA,ASW,CE,Federal Contract Tower,0,2,7,28,37,0,3,10,12,25,0,5,17,40,62,0,48,48,110
09/22/2022,CWF,LA,ASW,CE,Federal Contract Tower,4,2,11,26,43,0,1,30,10,41,4,3,41,36,84,0,16,16,100
09/23/2022,CWF,LA,ASW,CE,Federal Contract Tower,0,0,13,40,53,0,0,6,2,8,0,0,19,42,61,4,8,12,73
09/24/2022,CWF,LA,ASW,CE,Federal Contract Tower,0,0,2,4,6,0,0,4,0,4,0,0,6,4,10,20,0,20,30
09/25/2022,CWF,LA,ASW,CE,Federal Contract Tower,0,0,2,9,11,0,0,8,4,12,0,0,10,13,23,0,6,6,29
09/26/2022,CWF,LA,ASW,CE,Federal Contract Tower,0,4,3,10,17,0,0,14,4,18,0,4,17,14,35,18,0,18,53
09/27/2022,CWF,LA,ASW,CE,Federal Contract Tower,0,4,8,12,24,0,9,20,2,31,0,13,28,14,55,16,16,32,87
09/28/2022,CWF,LA,ASW,CE,Federal Contract Tower,1,2,15,9,27,0,0,10,6,16,1,2,25,15,43,34,0,34,77
09/29/2022,CWF,LA,ASW,CE,Federal Contract Tower,0,2,15,21,38,0,4,12,5,21,0,6,27,26,59,0,52,52,111
09/30/2022,CWF,LA,ASW,CE,Federal Contract Tower,0,0,7,44,51,0,4,20,2,26,0,4,27,46,77,0,48,48,125
10/01/2022,CWF,LA,ASW,CE,Federal Contract Tower,0,0,2,0,2,0,0,13,0,13,0,0,15,0,15,24,0,24,39
10/02/2022,CWF,LA,ASW,CE,Federal Contract Tower,2,0,4,2,8,0,0,6,0,6,2,0,10,2,14,4,6,10,24
10/03/2022,CWF,LA,ASW,CE,Federal Contract Tower,3,2,9,38,52,0,6,16,4,26,3,8,25,42,78,0,34,34,112
10/04/2022,CWF,LA,ASW,CE,Federal Contract Tower,4,8,6,17,35,0,2,18,3,23,4,10,24,20,58,24,24,48,106
10/05/2022,CWF,LA,ASW,CE,Federal Contract Tower,0,0,9,17,26,0,2,11,7,20,0,2,20,24,46,0,20,20,66
10/06/2022,CWF,LA,ASW,CE,Federal Contract Tower,0,0,16,22,38,0,2,26,1,29,0,2,42,23,67,8,44,52,119
10/07/2022,CWF,LA,ASW,CE,Federal Contract Tower,0,0,8,23,31,0,0,16,8,24,0,0,24,31,55,0,6,6,61
10/08/2022,CWF,LA,ASW,CE,Federal Contract Tower,0,0,0,6,6,0,2,6,0,8,0,2,6,6,14,0,0,0,14
10/09/2022,CWF,LA,ASW,CE,Federal Contract Tower,0,2,5,7,14,0,0,11,3,14,0,2,16,10,28,0,46,46,74
10/10/2022,CWF,LA,ASW,CE,Federal Contract Tower,0,5,2,1,8,0,1,13,1,15,0,6,15,2,23,0,0,0,23
10/11/2022,CWF,LA,ASW,CE,Federal Contract Tower,0,5,5,24,34,0,1,18,6,25,0,6,23,30,59,0,30,30,89
10/12/2022,CWF,LA,ASW,CE,Federal Contract Tower,0,5,15,8,28,0,2,9,5,16,0,7,24,13,44,14,10,24,68
10/13/2022,CWF,LA,ASW,CE,Federal Contract Tower,2,0,17,28,47,0,0,18,8,26,2,0,35,36,73,0,40,40,113
10/14/2022,CWF,LA,ASW,CE,Federal Contract Tower,3,5,14,17,39,0,1,23,4,28,3,6,37,21,67,6,84,90,157
10/15/2022,CWF,LA,ASW,CE,Federal Contract Tower,0,2,4,8,14,2,0,12,14,28,2,2,16,22,42,14,42,56,98
10/16/2022,CWF,LA,ASW,CE,Federal Contract Tower,0,3,25,26,54,0,1,8,2,11,0,4,33,28,65,34,46,80,145
10/17/2022,CWF,LA,ASW,CE,Federal Contract Tower,0,4,3,2,9,0,4,6,2,12,0,8,9,4,21,16,0,16,37
10/18/2022,CWF,LA,ASW,CE,Federal Contract Tower,0,2,14,5,21,0,7,6,3,16,0,9,20,8,37,0,20,20,57
10/19/2022,CWF,LA,ASW,CE,Federal Contract Tower,0,2,13,6,21,0,6,10,2,18,0,8,23,8,39,0,0,0,39
10/20/2022,CWF,LA,ASW,CE,Federal Contract Tower,0,4,21,21,46,0,0,17,4,21,0,4,38,25,67,30,26,56,123
10/21/2022,CWF,LA,ASW,CE,Federal Contract Tower,0,1,27,60,88,0,1,12,5,18,0,2,39,65,106,18,52,70,176
10/22/2022,CWF,LA,ASW,CE,Federal Contract Tower,0,0,5,1,6,0,0,31,1,32,0,0,36,2,38,6,0,6,44
10/23/2022,CWF,LA,ASW,CE,Federal Contract Tower,0,1,4,14,19,0,1,11,0,12,0,2,15,14,31,0,26,26,57
10/24/2022,CWF,LA,ASW,CE,Federal Contract Tower,2,2,2,22,28,0,2,5,6,13,2,4,7,28,41,0,0,0,41
10/25/2022,CWF,LA,ASW,CE,Federal Contract Tower,2,0,7,19,28,0,5,12,5,22,2,5,19,24,50,40,24,64,114
10/26/2022,CWF,LA,ASW,CE,Federal Contract Tower,1,6,13,24,44,0,4,22,3,29,1,10,35,27,73,10,82,92,165
10/27/2022,CWF,LA,ASW,CE,Federal Contract Tower,0,0,12,24,36,0,0,29,3,32,0,0,41,27,68,10,54,64,132
10/28/2022,CWF,LA,ASW,CE,Federal Contract Tower,0,0,4,0,4,0,0,2,0,2,0,0,6,0,6,12,0,12,18
10/29/2022,CWF,LA,ASW,CE,Federal Contract Tower,0,0,3,2,5,0,0,2,0,2,0,0,5,2,7,0,0,0,7
10/30/2022,CWF,LA,ASW,CE,Federal Contract Tower,0,0,20,11,31,0,0,15,0,15,0,0,35,11,46,0,40,40,86
10/31/2022,CWF,LA,ASW,CE,Federal Contract Tower,0,0,7,13,20,0,2,16,7,25,0,2,23,20,45,10,0,10,55
11/01/2022,CWF,LA,ASW,CE,Federal Contract Tower,0,2,15,5,22,0,2,5,0,7,0,4,20,5,29,14,0,14,43
11/02/2022,CWF,LA,ASW,CE,Federal Contract Tower,1,0,9,28,38,0,10,3,2,15,1,10,12,30,53,0,12,12,65
11/03/2022,CWF,LA,ASW,CE,Federal Contract Tower,0,0,11,28,39,0,4,20,4,28,0,4,31,32,67,0,60,60,127
11/04/2022,CWF,LA,ASW,CE,Federal Contract Tower,4,4,2,16,26,0,0,0,1,1,4,4,2,17,27,0,6,6,33
11/05/2022,CWF,LA,ASW,CE,Federal Contract Tower,0,1,10,0,11,0,0,8,3,11,0,1,18,3,22,8,0,8,30
11/06/2022,CWF,LA,ASW,CE,Federal Contract Tower,0,0,16,33,49,0,0,11,5,16,0,0,27,38,65,0,50,50,115
11/07/2022,CWF,LA,ASW,CE,Federal Contract Tower,0,6,22,22,50,0,8,11,0,19,0,14,33,22,69,0,32,32,101
11/08/2022,CWF,LA,ASW,CE,Federal Contract Tower,0,2,31,37,70,0,2,12,2,16,0,4,43,39,86,30,10,40,126
11/09/2022,CWF,LA,ASW,CE,Federal Contract Tower,0,6,37,35,78,0,4,10,12,26,0,10,47,47,104,24,62,86,190
11/10/2022,CWF,LA,ASW,CE,Federal Contract Tower,0,8,14,13,35,0,4,24,9,37,0,12,38,22,72,30,2,32,104
11/11/2022,CWF,LA,ASW,CE,Federal Contract Tower,0,2,10,10,22,0,1,7,0,8,0,3,17,10,30,4,6,10,40
11/12/2022,CWF,LA,ASW,CE,Federal Contract Tower,2,2,17,0,21,0,2,7,0,9,2,4,24,0,30,0,0,0,30
11/13/2022,CWF,LA,ASW,CE,Federal Contract Tower,0,0,12,2,14,0,0,9,1,10,0,0,21,3,24,0,0,0,24
11/14/2022,CWF,LA,ASW,CE,Federal Contract Tower,0,3,6,2,11,0,0,4,0,4,0,3,10,2,15,0,0,0,15
11/15/2022,CWF,LA,ASW,CE,Federal Contract Tower,2,8,10,28,48,0,0,1,2,3,2,8,11,30,51,0,28,28,79
11/16/2022,CWF,LA,ASW,CE,Federal Contract Tower,2,1,17,3,23,0,4,10,5,19,2,5,27,8,42,10,24,34,76
11/17/2022,CWF,LA,ASW,CE,Federal Contract Tower,0,2,36,16,54,0,14,21,4,39,0,16,57,20,93,30,10,40,133
11/18/2022,CWF,LA,ASW,CE,Federal Contract Tower,0,2,11,21,34,0,5,11,3,19,0,7,22,24,53,0,34,34,87
11/19/2022,CWF,LA,ASW,CE,Federal Contract Tower,0,2,0,0,2,0,0,0,0,0,0,2,0,0,2,0,0,0,2
11/20/2022,CWF,LA,ASW,CE,Federal Contract Tower,0,3,5,3,11,0,1,18,5,24,0,4,23,8,35,0,6,6,41
11/21/2022,CWF,LA,ASW,CE,Federal Contract Tower,0,2,4,3,9,0,3,4,3,10,0,5,8,6,19,18,0,18,37
11/22/2022,CWF,LA,ASW,CE,Federal Contract Tower,0,2,11,8,21,0,5,16,1,22,0,7,27,9,43,10,0,10,53
11/23/2022,CWF,LA,ASW,CE,Federal Contract Tower,0,0,18,21,39,0,1,9,2,12,0,1,27,23,51,0,10,10,61
11/24/2022,CWF,LA,ASW,CE,Federal Contract Tower,0,0,0,0,0,0,0,0,0,0,0,0,0,0,0,0,0,0,0
11/25/2022,CWF,LA,ASW,CE,Federal Contract Tower,0,0,4,0,4,0,0,0,0,0,0,0,4,0,4,0,0,0,4
11/26/2022,CWF,LA,ASW,CE,Federal Contract Tower,0,0,0,0,0,0,0,0,0,0,0,0,0,0,0,0,0,0,0
11/27/2022,CWF,LA,ASW,CE,Federal Contract Tower,0,5,3,0,8,0,1,21,0,22,0,6,24,0,30,0,0,0,30
11/28/2022,CWF,LA,ASW,CE,Federal Contract Tower,4,0,8,20,32,0,5,28,3,36,4,5,36,23,68,4,20,24,92
11/29/2022,CWF,LA,ASW,CE,Federal Contract Tower,0,0,2,3,5,0,0,0,0,0,0,0,2,3,5,0,0,0,5
11/30/2022,CWF,LA,ASW,CE,Federal Contract Tower,0,0,5,28,33,0,14,6,10,30,0,14,11,38,63,0,70,70,133
12/01/2022,CWF,LA,ASW,CE,Federal Contract Tower,2,0,16,22,40,0,9,8,4,21,2,9,24,26,61,40,34,74,135
12/02/2022,CWF,LA,ASW,CE,Federal Contract Tower,0,0,29,91,120,0,0,11,0,11,0,0,40,91,131,8,0,8,139
12/03/2022,CWF,LA,ASW,CE,Federal Contract Tower,0,0,4,7,11,0,0,13,0,13,0,0,17,7,24,10,20,30,54
12/04/2022,CWF,LA,ASW,CE,Federal Contract Tower,0,0,4,20,24,0,0,0,0,0,0,0,4,20,24,0,0,0,24
12/05/2022,CWF,LA,ASW,CE,Federal Contract Tower,0,13,13,10,36,0,1,8,0,9,0,14,21,10,45,10,10,20,65
12/06/2022,CWF,LA,ASW,CE,Federal Contract Tower,0,4,16,18,38,0,2,9,4,15,0,6,25,22,53,10,20,30,83
12/07/2022,CWF,LA,ASW,CE,Federal Contract Tower,1,1,15,48,65,0,2,2,1,5,1,3,17,49,70,0,60,60,130
12/08/2022,CWF,LA,ASW,CE,Federal Contract Tower,3,2,24,9,38,0,0,2,0,2,3,2,26,9,40,30,0,30,70
12/09/2022,CWF,LA,ASW,CE,Federal Contract Tower,0,0,5,13,18,0,2,3,1,6,0,2,8,14,24,0,24,24,48
12/10/2022,CWF,LA,ASW,CE,Federal Contract Tower,0,0,6,0,6,0,2,3,0,5,0,2,9,0,11,40,0,40,51
12/11/2022,CWF,LA,ASW,CE,Federal Contract Tower,0,2,1,0,3,0,0,5,0,5,0,2,6,0,8,0,0,0,8
12/12/2022,CWF,LA,ASW,CE,Federal Contract Tower,2,8,13,14,37,0,0,0,0,0,2,8,13,14,37,0,0,0,37
12/13/2022,CWF,LA,ASW,CE,Federal Contract Tower,0,4,3,6,13,0,0,0,0,0,0,4,3,6,13,0,0,0,13
12/14/2022,CWF,LA,ASW,CE,Federal Contract Tower,0,2,3,9,14,0,4,0,1,5,0,6,3,10,19,0,0,0,19
12/15/2022,CWF,LA,ASW,CE,Federal Contract Tower,2,0,18,2,22,0,7,20,2,29,2,7,38,4,51,0,8,8,59
12/16/2022,CWF,LA,ASW,CE,Federal Contract Tower,0,1,11,31,43,0,0,8,7,15,0,1,19,38,58,0,20,20,78
12/17/2022,CWF,LA,ASW,CE,Federal Contract Tower,0,0,9,13,22,0,4,21,1,26,0,4,30,14,48,0,20,20,68
12/18/2022,CWF,LA,ASW,CE,Federal Contract Tower,0,0,7,17,24,0,0,25,0,25,0,0,32,17,49,6,0,6,55
12/19/2022,CWF,LA,ASW,CE,Federal Contract Tower,2,0,23,2,27,0,0,0,0,0,2,0,23,2,27,20,0,20,47
12/20/2022,CWF,LA,ASW,CE,Federal Contract Tower,2,2,9,4,17,0,0,1,0,1,2,2,10,4,18,0,0,0,18
12/21/2022,CWF,LA,ASW,CE,Federal Contract Tower,1,0,20,30,51,0,0,0,0,0,1,0,20,30,51,0,0,0,51
12/22/2022,CWF,LA,ASW,CE,Federal Contract Tower,0,0,6,12,18,0,0,1,0,1,0,0,7,12,19,0,40,40,59
12/23/2022,CWF,LA,ASW,CE,Federal Contract Tower,0,0,8,6,14,0,0,14,3,17,0,0,22,9,31,0,0,0,31
12/24/2022,CWF,LA,ASW,CE,Federal Contract Tower,0,0,2,0,2,0,0,7,0,7,0,0,9,0,9,0,0,0,9
12/25/2022,CWF,LA,ASW,CE,Federal Contract Tower,0,0,0,0,0,0,0,7,0,7,0,0,7,0,7,6,0,6,13
12/26/2022,CWF,LA,ASW,CE,Federal Contract Tower,2,0,6,0,8,0,0,27,0,27,2,0,33,0,35,26,0,26,61
12/27/2022,CWF,LA,ASW,CE,Federal Contract Tower,1,0,11,19,31,0,0,19,2,21,1,0,30,21,52,0,42,42,94
12/28/2022,CWF,LA,ASW,CE,Federal Contract Tower,3,0,12,13,28,0,0,6,0,6,3,0,18,13,34,0,0,0,34
12/29/2022,CWF,LA,ASW,CE,Federal Contract Tower,0,6,4,0,10,0,0,1,0,1,0,6,5,0,11,0,0,0,11
12/30/2022,CWF,LA,ASW,CE,Federal Contract Tower,0,0,7,0,7,0,0,0,1,1,0,0,7,1,8,0,0,0,8
12/31/2022,CWF,LA,ASW,CE,Federal Contract Tower,2,4,0,0,6,0,0,0,0,0,2,4,0,0,6,0,0,0,6
01/01/2023,CWF,LA,ASW,CE,Federal Contract Tower,0,0,0,0,0,0,0,0,0,0,0,0,0,0,0,0,0,0,0
01/02/2023,CWF,LA,ASW,CE,Federal Contract Tower,0,0,3,0,3,0,0,1,0,1,0,0,4,0,4,6,0,6,10
01/03/2023,CWF,LA,ASW,CE,Federal Contract Tower,0,2,9,2,13,0,0,0,2,2,0,2,9,4,15,0,0,0,15
01/04/2023,CWF,LA,ASW,CE,Federal Contract Tower,1,2,4,32,39,0,0,20,17,37,1,2,24,49,76,4,40,44,120
01/05/2023,CWF,LA,ASW,CE,Federal Contract Tower,0,1,4,6,11,0,8,15,4,27,0,9,19,10,38,30,46,76,114
01/06/2023,CWF,LA,ASW,CE,Federal Contract Tower,0,2,18,74,94,0,5,25,5,35,0,7,43,79,129,60,20,80,209
01/07/2023,CWF,LA,ASW,CE,Federal Contract Tower,0,3,3,0,6,0,5,39,0,44,0,8,42,0,50,40,0,40,90
01/08/2023,CWF,LA,ASW,CE,Federal Contract Tower,2,1,15,23,41,0,0,9,4,13,2,1,24,27,54,40,54,94,148
01/09/2023,CWF,LA,ASW,CE,Federal Contract Tower,0,1,21,10,32,0,4,12,6,22,0,5,33,16,54,20,6,26,80
01/10/2023,CWF,LA,ASW,CE,Federal Contract Tower,0,4,5,28,37,0,0,4,2,6,0,4,9,30,43,0,26,26,69
01/11/2023,CWF,LA,ASW,CE,Federal Contract Tower,0,3,20,21,44,0,0,3,1,4,0,3,23,22,48,0,30,30,78
01/12/2023,CWF,LA,ASW,CE,Federal Contract Tower,0,0,20,19,39,0,2,17,7,26,0,2,37,26,65,28,40,68,133
01/13/2023,CWF,LA,ASW,CE,Federal Contract Tower,0,0,23,13,36,0,0,26,1,27,0,0,49,14,63,0,14,14,77
01/14/2023,CWF,LA,ASW,CE,Federal Contract Tower,0,1,7,0,8,0,0,20,0,20,0,1,27,0,28,2,0,2,30
01/15/2023,CWF,LA,ASW,CE,Federal Contract Tower,0,0,9,7,16,0,3,8,1,12,0,3,17,8,28,0,4,4,32
01/16/2023,CWF,LA,ASW,CE,Federal Contract Tower,0,3,8,0,11,0,0,5,0,5,0,3,13,0,16,0,0,0,16
01/17/2023,CWF,LA,ASW,CE,Federal Contract Tower,0,2,6,6,14,0,0,0,0,0,0,2,6,6,14,0,0,0,14
01/18/2023,CWF,LA,ASW,CE,Federal Contract Tower,0,2,5,10,17,0,0,5,0,5,0,2,10,10,22,0,4,4,26
01/19/2023,CWF,LA,ASW,CE,Federal Contract Tower,0,6,2,13,21,0,6,16,2,24,0,12,18,15,45,4,0,4,49
01/20/2023,CWF,LA,ASW,CE,Federal Contract Tower,2,4,1,43,50,0,1,9,5,15,2,5,10,48,65,0,64,64,129
01/21/2023,CWF,LA,ASW,CE,Federal Contract Tower,0,0,0,0,0,0,0,0,0,0,0,0,0,0,0,0,0,0,0
01/22/2023,CWF,LA,ASW,CE,Federal Contract Tower,0,0,3,10,13,0,0,9,0,9,0,0,12,10,22,30,4,34,56
01/23/2023,CWF,LA,ASW,CE,Federal Contract Tower,0,0,3,35,38,0,1,27,18,46,0,1,30,53,84,7,16,23,107
01/24/2023,CWF,LA,ASW,CE,Federal Contract Tower,0,1,0,0,1,0,1,0,0,1,0,2,0,0,2,0,0,0,2
01/25/2023,CWF,LA,ASW,CE,Federal Contract Tower,0,3,11,20,34,0,2,2,7,11,0,5,13,27,45,0,8,8,53
01/26/2023,CWF,LA,ASW,CE,Federal Contract Tower,0,2,8,11,21,0,5,12,2,19,0,7,20,13,40,46,10,56,96
01/27/2023,CWF,LA,ASW,CE,Federal Contract Tower,1,2,5,40,48,0,0,17,6,23,1,2,22,46,71,42,30,72,143
01/28/2023,CWF,LA,ASW,CE,Federal Contract Tower,0,0,1,7,8,0,0,3,2,5,0,0,4,9,13,26,6,32,45
01/29/2023,CWF,LA,ASW,CE,Federal Contract Tower,0,0,5,1,6,0,0,0,0,0,0,0,5,1,6,0,0,0,6
01/30/2023,CWF,LA,ASW,CE,Federal Contract Tower,0,1,2,0,3,0,0,0,0,0,0,1,2,0,3,0,0,0,3
01/31/2023,CWF,LA,ASW,CE,Federal Contract Tower,0,0,1,0,1,0,0,0,0,0,0,0,1,0,1,0,0,0,1
02/01/2023,CWF,LA,ASW,CE,Federal Contract Tower,0,2,8,0,10,0,0,0,0,0,0,2,8,0,10,0,0,0,10
02/02/2023,CWF,LA,ASW,CE,Federal Contract Tower,3,0,3,0,6,0,0,0,0,0,3,0,3,0,6,0,0,0,6
02/03/2023,CWF,LA,ASW,CE,Federal Contract Tower,1,1,12,82,96,0,4,30,22,56,1,5,42,104,152,0,52,52,204
02/04/2023,CWF,LA,ASW,CE,Federal Contract Tower,1,1,8,5,15,0,0,25,8,33,1,1,33,13,48,12,10,22,70
02/05/2023,CWF,LA,ASW,CE,Federal Contract Tower,0,1,5,4,10,0,0,13,0,13,0,1,18,4,23,26,0,26,49
02/06/2023,CWF,LA,ASW,CE,Federal Contract Tower,0,0,12,36,48,0,10,18,8,36,0,10,30,44,84,20,48,68,152
02/07/2023,CWF,LA,ASW,CE,Federal Contract Tower,0,2,18,24,44,0,0,12,3,15,0,2,30,27,59,10,44,54,113
02/08/2023,CWF,LA,ASW,CE,Federal Contract Tower,0,0,4,1,5,0,0,0,0,0,0,0,4,1,5,0,0,0,5
02/09/2023,CWF,LA,ASW,CE,Federal Contract Tower,0,0,32,28,60,0,6,22,10,38,0,6,54,38,98,46,60,106,204
02/10/2023,CWF,LA,ASW,CE,Federal Contract Tower,0,1,17,7,25,0,2,27,4,33,0,3,44,11,58,10,0,10,68
02/11/2023,CWF,LA,ASW,CE,Federal Contract Tower,0,0,16,2,18,0,0,0,0,0,0,0,16,2,18,0,0,0,18
02/12/2023,CWF,LA,ASW,CE,Federal Contract Tower,0,0,1,14,15,0,1,9,6,16,0,1,10,20,31,0,18,18,49
02/14/2023,CWF,LA,ASW,CE,Federal Contract Tower,2,6,2,10,20,0,0,0,0,0,2,6,2,10,20,0,0,0,20
02/15/2023,CWF,LA,ASW,CE,Federal Contract Tower,0,4,5,12,21,0,0,2,0,2,0,4,7,12,23,0,0,0,23
02/16/2023,CWF,LA,ASW,CE,Federal Contract Tower,3,0,9,0,12,0,0,0,0,0,3,0,9,0,12,0,0,0,12
02/17/2023,CWF,LA,ASW,CE,Federal Contract Tower,0,2,12,4,18,0,8,18,4,30,0,10,30,8,48,10,20,30,78
02/18/2023,CWF,LA,ASW,CE,Federal Contract Tower,0,1,8,0,9,0,0,16,0,16,0,1,24,0,25,18,0,18,43
02/19/2023,CWF,LA,ASW,CE,Federal Contract Tower,0,2,1,2,5,0,2,13,0,15,0,4,14,2,20,16,0,16,36
02/20/2023,CWF,LA,ASW,CE,Federal Contract Tower,0,0,6,0,6,0,0,2,0,2,0,0,8,0,8,0,0,0,8
02/21/2023,CWF,LA,ASW,CE,Federal Contract Tower,0,7,4,22,33,0,0,0,0,0,0,7,4,22,33,0,0,0,33
02/22/2023,CWF,LA,ASW,CE,Federal Contract Tower,0,1,8,3,12,0,2,0,0,2,0,3,8,3,14,0,0,0,14
02/23/2023,CWF,LA,ASW,CE,Federal Contract Tower,0,0,1,22,23,0,0,6,2,8,0,0,7,24,31,4,0,4,35
02/24/2023,CWF,LA,ASW,CE,Federal Contract Tower,0,2,12,29,43,0,1,10,3,14,0,3,22,32,57,6,28,34,91
02/25/2023,CWF,LA,ASW,CE,Federal Contract Tower,0,2,4,0,6,0,0,8,0,8,0,2,12,0,14,0,0,0,14
02/26/2023,CWF,LA,ASW,CE,Federal Contract Tower,0,1,12,15,28,0,1,5,2,8,0,2,17,17,36,0,12,12,48
02/27/2023,CWF,LA,ASW,CE,Federal Contract Tower,1,0,10,10,21,0,7,1,0,8,1,7,11,10,29,0,0,0,29
02/28/2023,CWF,LA,ASW,CE,Federal Contract Tower,4,6,7,13,30,0,1,1,2,4,4,7,8,15,34,24,0,24,58
03/01/2023,CWF,LA,ASW,CE,Federal Contract Tower,0,2,23,8,33,0,0,6,1,7,0,2,29,9,40,0,20,20,60
03/02/2023,CWF,LA,ASW,CE,Federal Contract Tower,0,6,9,5,20,0,0,3,2,5,0,6,12,7,25,0,0,0,25
03/03/2023,CWF,LA,ASW,CE,Federal Contract Tower,0,2,10,31,43,0,0,16,10,26,0,2,26,41,69,0,46,46,115
03/04/2023,CWF,LA,ASW,CE,Federal Contract Tower,0,0,5,6,11,0,0,23,0,23,0,0,28,6,34,44,0,44,78
03/05/2023,CWF,LA,ASW,CE,Federal Contract Tower,0,0,2,2,4,0,1,24,0,25,0,1,26,2,29,42,0,42,71
03/06/2023,CWF,LA,ASW,CE,Federal Contract Tower,0,3,6,5,14,0,0,3,1,4,0,3,9,6,18,0,0,0,18
03/07/2023,CWF,LA,ASW,CE,Federal Contract Tower,4,3,18,9,34,0,2,1,0,3,4,5,19,9,37,0,0,0,37
03/08/2023,CWF,LA,ASW,CE,Federal Contract Tower,0,6,26,27,59,0,0,2,1,3,0,6,28,28,62,24,18,42,104
03/09/2023,CWF,LA,ASW,CE,Federal Contract Tower,0,0,11,15,26,0,2,17,3,22,0,2,28,18,48,0,18,18,66
03/10/2023,CWF,LA,ASW,CE,Federal Contract Tower,0,0,12,21,33,0,0,10,10,20,0,0,22,31,53,8,38,46,99
03/11/2023,CWF,LA,ASW,CE,Federal Contract Tower,0,0,5,11,16,0,0,9,2,11,0,0,14,13,27,12,22,34,61
03/12/2023,CWF,LA,ASW,CE,Federal Contract Tower,0,0,12,6,18,0,0,2,0,2,0,0,14,6,20,0,0,0,20
03/13/2023,CWF,LA,ASW,CE,Federal Contract Tower,2,0,8,16,26,0,6,12,2,20,2,6,20,18,46,0,20,20,66
03/14/2023,CWF,LA,ASW,CE,Federal Contract Tower,0,4,7,9,20,0,3,11,6,20,0,7,18,15,40,0,14,14,54
03/15/2023,CWF,LA,ASW,CE,Federal Contract Tower,0,0,12,23,35,0,2,23,3,28,0,2,35,26,63,12,72,84,147
03/16/2023,CWF,LA,ASW,CE,Federal Contract Tower,0,4,25,26,55,0,0,1,2,3,0,4,26,28,58,40,56,96,154
03/17/2023,CWF,LA,ASW,CE,Federal Contract Tower,0,0,8,0,8,0,0,3,0,3,0,0,11,0,11,0,0,0,11
03/18/2023,CWF,LA,ASW,CE,Federal Contract Tower,2,0,7,0,9,0,0,13,2,15,2,0,20,2,24,0,0,0,24
03/19/2023,CWF,LA,ASW,CE,Federal Contract Tower,0,4,3,4,11,0,2,10,0,12,0,6,13,4,23,0,0,0,23
03/20/2023,CWF,LA,ASW,CE,Federal Contract Tower,0,4,9,16,29,0,0,12,1,13,0,4,21,17,42,0,6,6,48
03/21/2023,CWF,LA,ASW,CE,Federal Contract Tower,0,2,7,11,20,0,3,7,7,17,0,5,14,18,37,10,10,20,57
03/22/2023,CWF,LA,ASW,CE,Federal Contract Tower,0,0,7,14,21,0,0,3,1,4,0,0,10,15,25,10,20,30,55
03/23/2023,CWF,LA,ASW,CE,Federal Contract Tower,0,0,7,12,19,0,0,5,4,9,0,0,12,16,28,0,8,8,36
03/24/2023,CWF,LA,ASW,CE,Federal Contract Tower,0,2,3,6,11,0,0,2,0,2,0,2,5,6,13,0,0,0,13
03/25/2023,CWF,LA,ASW,CE,Federal Contract Tower,0,2,1,0,3,0,0,10,2,12,0,2,11,2,15,10,0,10,25
03/26/2023,CWF,LA,ASW,CE,Federal Contract Tower,0,0,4,2,6,0,0,0,0,0,0,0,4,2,6,0,0,0,6
03/27/2023,CWF,LA,ASW,CE,Federal Contract Tower,0,1,11,2,14,0,0,4,0,4,0,1,15,2,18,4,0,4,22
03/28/2023,CWF,LA,ASW,CE,Federal Contract Tower,0,0,15,6,21,0,1,2,10,13,0,1,17,16,34,0,0,0,34
03/29/2023,CWF,LA,ASW,CE,Federal Contract Tower,0,7,11,6,24,0,11,11,10,32,0,18,22,16,56,4,40,44,100
03/30/2023,CWF,LA,ASW,CE,Federal Contract Tower,0,0,9,52,61,0,3,6,9,18,0,3,15,61,79,0,158,158,237
03/31/2023,CWF,LA,ASW,CE,Federal Contract Tower,0,1,18,36,55,0,0,7,4,11,0,1,25,40,66,0,0,0,66
04/01/2023,CWF,LA,ASW,CE,Federal Contract Tower,0,0,3,8,11,0,0,16,1,17,0,0,19,9,28,38,22,60,88
04/02/2023,CWF,LA,ASW,CE,Federal Contract Tower,0,0,13,19,32,0,0,2,1,3,0,0,15,20,35,0,6,6,41
04/03/2023,CWF,LA,ASW,CE,Federal Contract Tower,5,3,3,19,30,0,6,0,1,7,5,9,3,20,37,0,22,22,59
04/04/2023,CWF,LA,ASW,CE,Federal Contract Tower,0,7,10,11,28,0,7,2,1,10,0,14,12,12,38,22,4,26,64
04/05/2023,CWF,LA,ASW,CE,Federal Contract Tower,2,5,6,9,22,0,0,2,0,2,2,5,8,9,24,0,0,0,24
04/06/2023,CWF,LA,ASW,CE,Federal Contract Tower,0,0,2,1,3,0,0,0,0,0,0,0,2,1,3,0,0,0,3
04/07/2023,CWF,LA,ASW,CE,Federal Contract Tower,0,0,10,0,10,0,0,0,0,0,0,0,10,0,10,0,0,0,10
04/08/2023,CWF,LA,ASW,CE,Federal Contract Tower,0,0,8,0,8,0,1,9,0,10,0,1,17,0,18,32,0,32,50
04/09/2023,CWF,LA,ASW,CE,Federal Contract Tower,0,0,8,4,12,0,0,4,0,4,0,0,12,4,16,0,0,0,16
04/10/2023,CWF,LA,ASW,CE,Federal Contract Tower,0,2,11,6,19,0,9,16,0,25,0,11,27,6,44,4,0,4,48
04/11/2023,CWF,LA,ASW,CE,Federal Contract Tower,0,2,14,25,41,0,10,31,2,43,0,12,45,27,84,44,40,84,168
04/12/2023,CWF,LA,ASW,CE,Federal Contract Tower,0,4,13,16,33,0,6,15,6,27,0,10,28,22,60,4,30,34,94
04/13/2023,CWF,LA,ASW,CE,Federal Contract Tower,0,0,17,30,47,0,0,15,12,27,0,0,32,42,74,0,14,14,88
04/14/2023,CWF,LA,ASW,CE,Federal Contract Tower,0,3,10,33,46,0,6,17,0,23,0,9,27,33,69,32,38,70,139
04/15/2023,CWF,LA,ASW,CE,Federal Contract Tower,0,0,2,2,4,0,0,0,0,0,0,0,2,2,4,0,8,8,12
04/16/2023,CWF,LA,ASW,CE,Federal Contract Tower,0,0,5,5,10,0,1,15,1,17,0,1,20,6,27,0,0,0,27
04/17/2023,CWF,LA,ASW,CE,Federal Contract Tower,0,0,3,20,23,0,2,34,2,38,0,2,37,22,61,0,56,56,117
04/18/2023,CWF,LA,ASW,CE,Federal Contract Tower,0,8,3,5,16,0,2,19,3,24,0,10,22,8,40,38,0,38,78
04/19/2023,CWF,LA,ASW,CE,Federal Contract Tower,0,1,10,21,32,0,2,13,3,18,0,3,23,24,50,16,14,30,80
04/20/2023,CWF,LA,ASW,CE,Federal Contract Tower,0,6,11,11,28,0,3,3,4,10,0,9,14,15,38,0,4,4,42
04/21/2023,CWF,LA,ASW,CE,Federal Contract Tower,0,0,6,20,26,0,0,4,5,9,0,0,10,25,35,0,40,40,75
04/22/2023,CWF,LA,ASW,CE,Federal Contract Tower,0,3,7,0,10,0,0,17,10,27,0,3,24,10,37,0,0,0,37
04/23/2023,CWF,LA,ASW,CE,Federal Contract Tower,0,0,4,2,6,0,0,5,6,11,0,0,9,8,17,0,0,0,17
04/24/2023,CWF,LA,ASW,CE,Federal Contract Tower,0,0,21,11,32,0,3,18,8,29,0,3,39,19,61,74,0,74,135
04/25/2023,CWF,LA,ASW,CE,Federal Contract Tower,0,0,7,21,28,0,0,15,8,23,0,0,22,29,51,30,122,152,203
04/26/2023,CWF,LA,ASW,CE,Federal Contract Tower,0,0,19,23,42,0,1,23,1,25,0,1,42,24,67,6,0,6,73
04/27/2023,CWF,LA,ASW,CE,Federal Contract Tower,0,0,7,6,13,0,0,12,0,12,0,0,19,6,25,10,42,52,77
04/28/2023,CWF,LA,ASW,CE,Federal Contract Tower,0,2,12,33,47,0,1,34,6,41,0,3,46,39,88,78,10,88,176
04/29/2023,CWF,LA,ASW,CE,Federal Contract Tower,0,0,0,2,2,0,0,0,0,0,0,0,0,2,2,0,0,0,2
04/30/2023,CWF,LA,ASW,CE,Federal Contract Tower,0,0,6,13,19,0,0,22,1,23,0,0,28,14,42,0,36,36,78
05/01/2023,CWF,LA,ASW,CE,Federal Contract Tower,0,7,6,32,45,0,5,16,0,21,0,12,22,32,66,30,52,82,148
05/02/2023,CWF,LA,ASW,CE,Federal Contract Tower,0,10,8,36,54,0,5,14,2,21,0,15,22,38,75,18,106,124,199
05/03/2023,CWF,LA,ASW,CE,Federal Contract Tower,0,1,12,55,68,0,10,26,9,45,0,11,38,64,113,26,108,134,247
05/04/2023,CWF,LA,ASW,CE,Federal Contract Tower,2,0,11,13,26,0,6,17,6,29,2,6,28,19,55,0,24,24,79
05/05/2023,CWF,LA,ASW,CE,Federal Contract Tower,0,2,4,32,38,0,0,6,0,6,0,2,10,32,44,10,40,50,94
05/06/2023,CWF,LA,ASW,CE,Federal Contract Tower,0,0,2,0,2,0,0,6,0,6,0,0,8,0,8,0,0,0,8
05/07/2023,CWF,LA,ASW,CE,Federal Contract Tower,0,0,6,8,14,0,0,3,0,3,0,0,9,8,17,22,0,22,39
05/08/2023,CWF,LA,ASW,CE,Federal Contract Tower,0,0,3,0,3,0,0,4,0,4,0,0,7,0,7,0,0,0,7
05/09/2023,CWF,LA,ASW,CE,Federal Contract Tower,0,2,11,6,19,0,0,0,0,0,0,2,11,6,19,0,0,0,19
05/10/2023,CWF,LA,ASW,CE,Federal Contract Tower,0,0,9,0,9,0,1,4,0,5,0,1,13,0,14,8,0,8,22
05/11/2023,CWF,LA,ASW,CE,Federal Contract Tower,0,10,5,15,30,0,0,6,1,7,0,10,11,16,37,4,0,4,41
05/12/2023,CWF,LA,ASW,CE,Federal Contract Tower,1,0,26,25,52,0,0,5,6,11,1,0,31,31,63,0,50,50,113
05/13/2023,CWF,LA,ASW,CE,Federal Contract Tower,0,2,2,6,10,0,0,7,2,9,0,2,9,8,19,8,6,14,33
05/14/2023,CWF,LA,ASW,CE,Federal Contract Tower,0,0,4,10,14,0,2,14,4,20,0,2,18,14,34,26,18,44,78
05/15/2023,CWF,LA,ASW,CE,Federal Contract Tower,0,4,4,18,26,0,2,14,3,19,0,6,18,21,45,24,48,72,117
05/16/2023,CWF,LA,ASW,CE,Federal Contract Tower,0,0,4,9,13,0,3,6,2,11,0,3,10,11,24,0,64,64,88
05/17/2023,CWF,LA,ASW,CE,Federal Contract Tower,0,0,10,14,24,0,3,23,2,28,0,3,33,16,52,4,26,30,82
05/18/2023,CWF,LA,ASW,CE,Federal Contract Tower,0,0,13,11,24,0,2,44,11,57,0,2,57,22,81,36,42,78,159
05/19/2023,CWF,LA,ASW,CE,Federal Contract Tower,0,4,9,6,19,0,6,27,0,33,0,10,36,6,52,0,100,100,152
05/20/2023,CWF,LA,ASW,CE,Federal Contract Tower,0,0,10,0,10,0,0,57,3,60,0,0,67,3,70,0,120,120,190
05/21/2023,CWF,LA,ASW,CE,Federal Contract Tower,0,0,4,4,8,0,0,25,6,31,0,0,29,10,39,26,144,170,209
05/22/2023,CWF,LA,ASW,CE,Federal Contract Tower,0,2,4,18,24,0,5,11,7,23,0,7,15,25,47,0,12,12,59
05/23/2023,CWF,LA,ASW,CE,Federal Contract Tower,0,1,5,11,17,0,3,16,1,20,0,4,21,12,37,26,8,34,71
05/24/2023,CWF,LA,ASW,CE,Federal Contract Tower,0,2,9,30,41,0,4,32,0,36,0,6,41,30,77,40,20,60,137
05/25/2023,CWF,LA,ASW,CE,Federal Contract Tower,0,0,2,30,32,0,6,16,0,22,0,6,18,30,54,16,30,46,100
05/26/2023,CWF,LA,ASW,CE,Federal Contract Tower,0,0,8,11,19,0,0,11,3,14,0,0,19,14,33,0,48,48,81
05/27/2023,CWF,LA,ASW,CE,Federal Contract Tower,0,2,6,0,8,0,3,11,0,14,0,5,17,0,22,0,0,0,22
05/28/2023,CWF,LA,ASW,CE,Federal Contract Tower,0,0,2,0,2,0,0,15,1,16,0,0,17,1,18,22,0,22,40
05/29/2023,CWF,LA,ASW,CE,Federal Contract Tower,0,5,8,1,14,0,0,17,1,18,0,5,25,2,32,8,0,8,40
05/30/2023,CWF,LA,ASW,CE,Federal Contract Tower,0,7,6,10,23,0,4,13,0,17,0,11,19,10,40,48,0,48,88
05/31/2023,CWF,LA,ASW,CE,Federal Contract Tower,0,0,14,26,40,0,13,26,2,41,0,13,40,28,81,38,124,162,243
06/01/2023,CWF,LA,ASW,CE,Federal Contract Tower,0,0,13,17,30,0,7,15,11,33,0,7,28,28,63,10,40,50,113
06/02/2023,CWF,LA,ASW,CE,Federal Contract Tower,0,0,15,87,102,0,0,25,13,38,0,0,40,100,140,0,238,238,378
06/03/2023,CWF,LA,ASW,CE,Federal Contract Tower,0,0,1,11,12,0,0,13,0,13,0,0,14,11,25,24,24,48,73
06/04/2023,CWF,LA,ASW,CE,Federal Contract Tower,0,0,7,24,31,0,0,2,2,4,0,0,9,26,35,0,20,20,55
06/05/2023,CWF,LA,ASW,CE,Federal Contract Tower,0,2,2,3,7,0,4,16,0,20,0,6,18,3,27,8,0,8,35
06/06/2023,CWF,LA,ASW,CE,Federal Contract Tower,0,6,10,12,28,0,3,9,1,13,0,9,19,13,41,8,2,10,51
06/07/2023,CWF,LA,ASW,CE,Federal Contract Tower,0,0,8,7,15,0,12,10,5,27,0,12,18,12,42,6,40,46,88
06/08/2023,CWF,LA,ASW,CE,Federal Contract Tower,0,1,20,9,30,0,3,13,7,23,0,4,33,16,53,0,60,60,113
06/09/2023,CWF,LA,ASW,CE,Federal Contract Tower,0,0,11,61,72,0,4,20,2,26,0,4,31,63,98,0,86,86,184
06/10/2023,CWF,LA,ASW,CE,Federal Contract Tower,0,0,3,8,11,0,0,11,0,11,0,0,14,8,22,28,14,42,64
06/11/2023,CWF,LA,ASW,CE,Federal Contract Tower,0,2,3,22,27,0,0,13,6,19,0,2,16,28,46,0,0,0,46
06/12/2023,CWF,LA,ASW,CE,Federal Contract Tower,0,0,10,8,18,0,5,21,7,33,0,5,31,15,51,18,68,86,137
06/13/2023,CWF,LA,ASW,CE,Federal Contract Tower,0,2,10,16,28,0,3,13,2,18,0,5,23,18,46,0,10,10,56
06/14/2023,CWF,LA,ASW,CE,Federal Contract Tower,0,0,7,32,39,0,4,17,4,25,0,4,24,36,64,0,86,86,150
06/15/2023,CWF,LA,ASW,CE,Federal Contract Tower,0,0,6,44,50,0,2,25,1,28,0,2,31,45,78,30,38,68,146
06/16/2023,CWF,LA,ASW,CE,Federal Contract Tower,0,0,5,40,45,0,3,1,7,11,0,3,6,47,56,0,36,36,92
06/17/2023,CWF,LA,ASW,CE,Federal Contract Tower,0,0,9,1,10,0,0,6,1,7,0,0,15,2,17,6,0,6,23
06/18/2023,CWF,LA,ASW,CE,Federal Contract Tower,0,2,2,5,9,0,0,7,1,8,0,2,9,6,17,0,0,0,17
06/19/2023,CWF,LA,ASW,CE,Federal Contract Tower,0,0,4,10,14,0,2,3,0,5,0,2,7,10,19,0,30,30,49
06/20/2023,CWF,LA,ASW,CE,Federal Contract Tower,0,0,5,4,9,0,3,13,4,20,0,3,18,8,29,0,0,0,29
06/21/2023,CWF,LA,ASW,CE,Federal Contract Tower,0,0,20,39,59,0,6,20,4,30,0,6,40,43,89,6,80,86,175
06/22/2023,CWF,LA,ASW,CE,Federal Contract Tower,0,0,6,5,11,0,0,4,2,6,0,0,10,7,17,0,0,0,17
06/23/2023,CWF,LA,ASW,CE,Federal Contract Tower,0,10,5,4,19,0,0,18,0,18,0,10,23,4,37,80,10,90,127
06/24/2023,CWF,LA,ASW,CE,Federal Contract Tower,0,0,10,6,16,0,0,9,2,11,0,0,19,8,27,0,10,10,37
06/25/2023,CWF,LA,ASW,CE,Federal Contract Tower,0,0,5,46,51,0,1,9,3,13,0,1,14,49,64,10,38,48,112
06/26/2023,CWF,LA,ASW,CE,Federal Contract Tower,0,4,15,10,29,0,1,22,8,31,0,5,37,18,60,56,4,60,120
06/27/2023,CWF,LA,ASW,CE,Federal Contract Tower,0,0,15,18,33,0,7,23,5,35,0,7,38,23,68,6,20,26,94
06/28/2023,CWF,LA,ASW,CE,Federal Contract Tower,0,0,12,15,27,0,3,31,10,44,0,3,43,25,71,40,70,110,181
06/29/2023,CWF,LA,ASW,CE,Federal Contract Tower,0,0,10,45,55,0,9,34,5,48,0,9,44,50,103,10,46,56,159
06/30/2023,CWF,LA,ASW,CE,Federal Contract Tower,0,2,6,6,14,0,5,28,0,33,0,7,34,6,47,76,22,98,145
07/01/2023,CWF,LA,ASW,CE,Federal Contract Tower,0,0,3,0,3,0,0,9,0,9,0,0,12,0,12,0,16,16,28
07/02/2023,CWF,LA,ASW,CE,Federal Contract Tower,0,4,7,4,15,0,0,6,0,6,0,4,13,4,21,0,0,0,21
07/03/2023,CWF,LA,ASW,CE,Federal Contract Tower,0,0,0,0,0,0,0,13,0,13,0,0,13,0,13,62,0,62,75
07/04/2023,CWF,LA,ASW,CE,Federal Contract Tower,0,0,1,0,1,0,0,6,0,6,0,0,7,0,7,0,0,0,7
07/05/2023,CWF,LA,ASW,CE,Federal Contract Tower,0,0,4,22,26,0,2,13,1,16,0,2,17,23,42,4,0,4,46
07/06/2023,CWF,LA,ASW,CE,Federal Contract Tower,0,0,1,6,7,0,9,9,0,18,0,9,10,6,25,30,20,50,75
07/07/2023,CWF,LA,ASW,CE,Federal Contract Tower,0,2,7,13,22,0,9,24,0,33,0,11,31,13,55,70,28,98,153
07/08/2023,CWF,LA,ASW,CE,Federal Contract Tower,0,0,4,4,8,0,0,6,0,6,0,0,10,4,14,8,32,40,54
07/09/2023,CWF,LA,ASW,CE,Federal Contract Tower,0,4,2,12,18,0,4,11,0,15,0,8,13,12,33,14,0,14,47
07/10/2023,CWF,LA,ASW,CE,Federal Contract Tower,0,5,17,16,38,0,4,5,0,9,0,9,22,16,47,78,16,94,141
07/11/2023,CWF,LA,ASW,CE,Federal Contract Tower,1,0,3,8,12,0,8,10,2,20,1,8,13,10,32,16,50,66,98
07/12/2023,CWF,LA,ASW,CE,Federal Contract Tower,0,4,3,34,41,0,11,14,2,27,0,15,17,36,68,38,28,66,134
07/13/2023,CWF,LA,ASW,CE,Federal Contract Tower,0,0,16,17,33,0,17,27,1,45,0,17,43,18,78,28,58,86,164
07/14/2023,CWF,LA,ASW,CE,Federal Contract Tower,0,0,8,30,38,0,0,6,8,14,0,0,14,38,52,0,72,72,124
07/15/2023,CWF,LA,ASW,CE,Federal Contract Tower,0,0,1,16,17,0,1,16,1,18,0,1,17,17,35,10,38,48,83
07/16/2023,CWF,LA,ASW,CE,Federal Contract Tower,0,0,8,4,12,0,0,5,2,7,0,0,13,6,19,0,0,0,19
07/17/2023,CWF,LA,ASW,CE,Federal Contract Tower,0,10,5,11,26,0,6,6,0,12,0,16,11,11,38,36,22,58,96
07/18/2023,CWF,LA,ASW,CE,Federal Contract Tower,0,6,14,11,31,0,3,16,4,23,0,9,30,15,54,38,20,58,112
07/19/2023,CWF,LA,ASW,CE,Federal Contract Tower,0,0,2,35,37,0,8,24,2,34,0,8,26,37,71,0,24,24,95
07/20/2023,CWF,LA,ASW,CE,Federal Contract Tower,0,0,12,38,50,0,0,22,10,32,0,0,34,48,82,8,72,80,162
07/21/2023,CWF,LA,ASW,CE,Federal Contract Tower,0,0,6,71,77,0,0,16,3,19,0,0,22,74,96,20,76,96,192
07/22/2023,CWF,LA,ASW,CE,Federal Contract Tower,0,0,4,2,6,0,0,5,0,5,0,0,9,2,11,16,0,16,27
07/23/2023,CWF,LA,ASW,CE,Federal Contract Tower,0,1,0,7,8,0,0,13,3,16,0,1,13,10,24,6,4,10,34
07/24/2023,CWF,LA,ASW,CE,Federal Contract Tower,0,1,7,18,26,0,5,14,1,20,0,6,21,19,46,0,34,34,80
07/25/2023,CWF,LA,ASW,CE,Federal Contract Tower,0,0,5,25,30,0,3,15,3,21,0,3,20,28,51,38,58,96,147
07/26/2023,CWF,LA,ASW,CE,Federal Contract Tower,0,0,5,14,19,0,6,26,5,37,0,6,31,19,56,40,76,116,172
07/27/2023,CWF,LA,ASW,CE,Federal Contract Tower,1,0,9,14,24,0,0,35,6,41,1,0,44,20,65,46,30,76,141
07/28/2023,CWF,LA,ASW,CE,Federal Contract Tower,0,1,9,85,95,0,1,27,18,46,0,2,36,103,141,38,336,374,515
07/29/2023,CWF,LA,ASW,CE,Federal Contract Tower,0,0,3,10,13,0,0,20,0,20,0,0,23,10,33,10,30,40,73
07/30/2023,CWF,LA,ASW,CE,Federal Contract Tower,0,0,8,6,14,0,0,7,0,7,0,0,15,6,21,0,0,0,21
07/31/2023,CWF,LA,ASW,CE,Federal Contract Tower,1,2,4,9,16,0,4,10,3,17,1,6,14,12,33,16,38,54,87
08/01/2023,CWF,LA,ASW,CE,Federal Contract Tower,0,15,4,18,37,0,3,17,3,23,0,18,21,21,60,52,28,80,140
08/02/2023,CWF,LA,ASW,CE,Federal Contract Tower,0,2,8,18,28,0,10,24,0,34,0,12,32,18,62,0,68,68,130
08/03/2023,CWF,LA,ASW,CE,Federal Contract Tower,0,0,10,26,36,0,3,17,6,26,0,3,27,32,62,28,78,106,168
08/04/2023,CWF,LA,ASW,CE,Federal Contract Tower,0,0,4,51,55,0,1,27,1,29,0,1,31,52,84,10,134,144,228
08/05/2023,CWF,LA,ASW,CE,Federal Contract Tower,0,0,8,4,12,0,2,8,0,10,0,2,16,4,22,8,28,36,58
08/06/2023,CWF,LA,ASW,CE,Federal Contract Tower,0,10,0,16,26,0,0,12,2,14,0,10,12,18,40,4,42,46,86
08/07/2023,CWF,LA,ASW,CE,Federal Contract Tower,0,6,0,9,15,0,0,5,3,8,0,6,5,12,23,10,4,14,37
08/08/2023,CWF,LA,ASW,CE,Federal Contract Tower,0,2,2,7,11,0,3,5,5,13,0,5,7,12,24,0,48,48,72
08/09/2023,CWF,LA,ASW,CE,Federal Contract Tower,0,0,5,27,32,0,1,8,2,11,0,1,13,29,43,0,18,18,61
08/10/2023,CWF,LA,ASW,CE,Federal Contract Tower,0,0,6,42,48,0,4,8,3,15,0,4,14,45,63,0,54,54,117
08/11/2023,CWF,LA,ASW,CE,Federal Contract Tower,0,2,0,43,45,0,0,10,2,12,0,2,10,45,57,0,86,86,143
08/12/2023,CWF,LA,ASW,CE,Federal Contract Tower,0,0,1,22,23,0,0,5,2,7,0,0,6,24,30,0,56,56,86
08/13/2023,CWF,LA,ASW,CE,Federal Contract Tower,0,0,8,3,11,0,0,6,0,6,0,0,14,3,17,0,6,6,23
08/14/2023,CWF,LA,ASW,CE,Federal Contract Tower,0,0,5,18,23,0,2,11,2,15,0,2,16,20,38,14,62,76,114
08/15/2023,CWF,LA,ASW,CE,Federal Contract Tower,0,8,3,28,39,0,1,14,0,15,0,9,17,28,54,12,88,100,154
08/16/2023,CWF,LA,ASW,CE,Federal Contract Tower,1,2,15,9,27,0,9,23,0,32,1,11,38,9,59,48,32,80,139
08/17/2023,CWF,LA,ASW,CE,Federal Contract Tower,0,2,16,32,50,0,2,16,2,20,0,4,32,34,70,0,72,72,142
08/18/2023,CWF,LA,ASW,CE,Federal Contract Tower,0,0,11,21,32,0,8,10,2,20,0,8,21,23,52,12,94,106,158
08/19/2023,CWF,LA,ASW,CE,Federal Contract Tower,0,0,1,0,1,0,0,6,0,6,0,0,7,0,7,12,0,12,19
08/20/2023,CWF,LA,ASW,CE,Federal Contract Tower,0,0,1,14,15,0,0,6,0,6,0,0,7,14,21,20,0,20,41
08/21/2023,CWF,LA,ASW,CE,Federal Contract Tower,0,4,3,6,13,0,3,7,2,12,0,7,10,8,25,36,26,62,87
08/22/2023,CWF,LA,ASW,CE,Federal Contract Tower,0,0,4,10,14,0,4,6,2,12,0,4,10,12,26,0,22,22,48
08/23/2023,CWF,LA,ASW,CE,Federal Contract Tower,0,0,12,20,32,0,2,11,4,17,0,2,23,24,49,46,6,52,101
08/24/2023,CWF,LA,ASW,CE,Federal Contract Tower,0,0,3,7,10,0,0,18,4,22,0,0,21,11,32,20,32,52,84
08/25/2023,CWF,LA,ASW,CE,Federal Contract Tower,0,0,10,64,74,0,2,13,12,27,0,2,23,76,101,12,134,146,247
08/26/2023,CWF,LA,ASW,CE,Federal Contract Tower,0,0,2,0,2,0,1,11,4,16,0,1,13,4,18,18,0,18,36
08/27/2023,CWF,LA,ASW,CE,Federal Contract Tower,0,0,1,28,29,0,0,4,0,4,0,0,5,28,33,0,16,16,49
08/28/2023,CWF,LA,ASW,CE,Federal Contract Tower,0,0,12,8,20,0,5,22,0,27,0,5,34,8,47,12,2,14,61
08/29/2023,CWF,LA,ASW,CE,Federal Contract Tower,0,3,3,9,15,0,2,38,3,43,0,5,41,12,58,26,18,44,102
08/30/2023,CWF,LA,ASW,CE,Federal Contract Tower,0,0,6,14,20,0,15,22,0,37,0,15,28,14,57,0,20,20,77
08/31/2023,CWF,LA,ASW,CE,Federal Contract Tower,0,0,12,26,38,0,15,42,0,57,0,15,54,26,95,12,22,34,129
