01/01/2020,CXO,TX,ASW,CE,Federal Contract Tower,0,3,22,0,25,0,2,31,0,33,0,5,53,0,58,48,0,48,106
01/02/2020,CXO,TX,ASW,CE,Federal Contract Tower,0,7,16,0,23,0,0,0,0,0,0,7,16,0,23,0,0,0,23
01/03/2020,CXO,TX,ASW,CE,Federal Contract Tower,0,5,41,0,46,0,0,104,0,104,0,5,145,0,150,106,0,106,256
01/04/2020,CXO,TX,ASW,CE,Federal Contract Tower,0,2,30,0,32,0,0,190,0,190,0,2,220,0,222,90,0,90,312
01/05/2020,CXO,TX,ASW,CE,Federal Contract Tower,0,5,38,0,43,0,0,120,0,120,0,5,158,0,163,104,0,104,267
01/06/2020,CXO,TX,ASW,CE,Federal Contract Tower,0,10,24,2,36,0,2,127,2,131,0,12,151,4,167,134,18,152,319
01/07/2020,CXO,TX,ASW,CE,Federal Contract Tower,0,4,41,2,47,0,0,207,19,226,0,4,248,21,273,368,0,368,641
01/08/2020,CXO,TX,ASW,CE,Federal Contract Tower,0,3,67,2,72,0,0,220,6,226,0,3,287,8,298,106,0,106,404
01/09/2020,CXO,TX,ASW,CE,Federal Contract Tower,0,4,40,2,46,0,0,33,9,42,0,4,73,11,88,114,50,164,252
01/10/2020,CXO,TX,ASW,CE,Federal Contract Tower,0,5,14,5,24,0,1,8,4,13,0,6,22,9,37,0,0,0,37
01/11/2020,CXO,TX,ASW,CE,Federal Contract Tower,0,0,21,1,22,0,0,112,17,129,0,0,133,18,151,32,10,42,193
01/12/2020,CXO,TX,ASW,CE,Federal Contract Tower,0,3,40,0,43,0,0,139,4,143,0,3,179,4,186,102,0,102,288
01/13/2020,CXO,TX,ASW,CE,Federal Contract Tower,0,8,34,0,42,0,0,48,2,50,0,8,82,2,92,88,50,138,230
01/14/2020,CXO,TX,ASW,CE,Federal Contract Tower,0,4,23,6,33,0,0,0,0,0,0,4,23,6,33,0,0,0,33
01/15/2020,CXO,TX,ASW,CE,Federal Contract Tower,0,7,60,10,77,0,0,65,12,77,0,7,125,22,154,96,8,104,258
01/16/2020,CXO,TX,ASW,CE,Federal Contract Tower,0,10,33,6,49,0,0,25,18,43,0,10,58,24,92,146,48,194,286
01/17/2020,CXO,TX,ASW,CE,Federal Contract Tower,0,7,67,0,74,0,2,44,0,46,0,9,111,0,120,28,0,28,148
01/18/2020,CXO,TX,ASW,CE,Federal Contract Tower,0,3,45,0,48,0,0,28,0,28,0,3,73,0,76,52,0,52,128
01/19/2020,CXO,TX,ASW,CE,Federal Contract Tower,0,3,49,0,52,0,0,186,0,186,0,3,235,0,238,50,0,50,288
01/20/2020,CXO,TX,ASW,CE,Federal Contract Tower,0,4,41,0,45,0,1,247,0,248,0,5,288,0,293,134,0,134,427
01/21/2020,CXO,TX,ASW,CE,Federal Contract Tower,0,5,51,3,59,0,0,267,10,277,0,5,318,13,336,154,0,154,490
01/22/2020,CXO,TX,ASW,CE,Federal Contract Tower,0,8,21,0,29,0,0,0,0,0,0,8,21,0,29,0,0,0,29
01/23/2020,CXO,TX,ASW,CE,Federal Contract Tower,0,7,55,0,62,0,5,54,3,62,0,12,109,3,124,106,0,106,230
01/24/2020,CXO,TX,ASW,CE,Federal Contract Tower,0,6,56,1,63,0,0,230,6,236,0,6,286,7,299,196,0,196,495
01/25/2020,CXO,TX,ASW,CE,Federal Contract Tower,0,6,55,4,65,0,3,194,4,201,0,9,249,8,266,154,2,156,422
01/26/2020,CXO,TX,ASW,CE,Federal Contract Tower,0,2,27,0,29,0,0,39,0,39,0,2,66,0,68,40,0,40,108
01/27/2020,CXO,TX,ASW,CE,Federal Contract Tower,0,2,59,29,90,0,0,6,2,8,0,2,65,31,98,10,0,10,108
01/28/2020,CXO,TX,ASW,CE,Federal Contract Tower,0,2,23,1,26,0,0,3,1,4,0,2,26,2,30,6,0,6,36
01/29/2020,CXO,TX,ASW,CE,Federal Contract Tower,0,2,56,7,65,0,2,132,11,145,0,4,188,18,210,230,8,238,448
01/30/2020,CXO,TX,ASW,CE,Federal Contract Tower,0,4,89,0,93,0,0,14,6,20,0,4,103,6,113,0,16,16,129
01/31/2020,CXO,TX,ASW,CE,Federal Contract Tower,0,6,66,0,72,0,0,83,0,83,0,6,149,0,155,132,0,132,287
02/01/2020,CXO,TX,ASW,CE,Federal Contract Tower,0,3,30,0,33,0,3,244,1,248,0,6,274,1,281,154,0,154,435
02/02/2020,CXO,TX,ASW,CE,Federal Contract Tower,0,4,35,0,39,0,2,174,1,177,0,6,209,1,216,194,0,194,410
02/03/2020,CXO,TX,ASW,CE,Federal Contract Tower,0,9,57,3,69,0,0,66,0,66,0,9,123,3,135,66,0,66,201
02/04/2020,CXO,TX,ASW,CE,Federal Contract Tower,0,1,62,0,63,0,1,66,6,73,0,2,128,6,136,164,19,183,319
02/05/2020,CXO,TX,ASW,CE,Federal Contract Tower,0,9,13,0,22,0,0,0,6,6,0,9,13,6,28,0,24,24,52
02/06/2020,CXO,TX,ASW,CE,Federal Contract Tower,0,3,46,3,52,0,2,120,13,135,0,5,166,16,187,168,4,172,359
02/07/2020,CXO,TX,ASW,CE,Federal Contract Tower,0,4,39,0,43,0,6,235,0,241,0,10,274,0,284,210,0,210,494
02/08/2020,CXO,TX,ASW,CE,Federal Contract Tower,0,0,52,2,54,0,3,224,15,242,0,3,276,17,296,228,0,228,524
02/09/2020,CXO,TX,ASW,CE,Federal Contract Tower,0,5,19,0,24,0,0,0,0,0,0,5,19,0,24,0,0,0,24
02/10/2020,CXO,TX,ASW,CE,Federal Contract Tower,0,7,30,0,37,0,0,8,0,8,0,7,38,0,45,18,22,40,85
02/11/2020,CXO,TX,ASW,CE,Federal Contract Tower,0,1,16,0,17,0,0,0,0,0,0,1,16,0,17,0,0,0,17
02/12/2020,CXO,TX,ASW,CE,Federal Contract Tower,0,14,16,0,30,0,0,0,0,0,0,14,16,0,30,0,0,0,30
02/13/2020,CXO,TX,ASW,CE,Federal Contract Tower,0,11,73,4,88,0,1,160,8,169,0,12,233,12,257,192,0,192,449
02/14/2020,CXO,TX,ASW,CE,Federal Contract Tower,0,5,57,0,62,0,3,256,1,260,0,8,313,1,322,104,0,104,426
02/15/2020,CXO,TX,ASW,CE,Federal Contract Tower,0,5,55,0,60,0,0,175,0,175,0,5,230,0,235,114,0,114,349
02/16/2020,CXO,TX,ASW,CE,Federal Contract Tower,0,5,26,2,33,0,0,47,0,47,0,5,73,2,80,86,0,86,166
02/17/2020,CXO,TX,ASW,CE,Federal Contract Tower,0,8,34,0,42,0,2,31,0,33,0,10,65,0,75,74,0,74,149
02/18/2020,CXO,TX,ASW,CE,Federal Contract Tower,0,6,46,1,53,0,1,40,15,56,0,7,86,16,109,188,22,210,319
02/19/2020,CXO,TX,ASW,CE,Federal Contract Tower,0,0,36,19,55,0,0,0,0,0,0,0,36,19,55,0,0,0,55
02/20/2020,CXO,TX,ASW,CE,Federal Contract Tower,0,13,22,1,36,0,0,13,1,14,0,13,35,2,50,30,0,30,80
02/21/2020,CXO,TX,ASW,CE,Federal Contract Tower,0,12,50,8,70,0,4,279,11,294,0,16,329,19,364,166,0,166,530
02/22/2020,CXO,TX,ASW,CE,Federal Contract Tower,0,1,38,0,39,0,3,244,0,247,0,4,282,0,286,122,0,122,408
02/23/2020,CXO,TX,ASW,CE,Federal Contract Tower,0,3,39,0,42,0,0,61,0,61,0,3,100,0,103,158,0,158,261
02/24/2020,CXO,TX,ASW,CE,Federal Contract Tower,0,6,40,0,46,0,0,82,9,91,0,6,122,9,137,146,0,146,283
02/25/2020,CXO,TX,ASW,CE,Federal Contract Tower,0,5,57,2,64,0,2,235,24,261,0,7,292,26,325,186,16,202,527
02/26/2020,CXO,TX,ASW,CE,Federal Contract Tower,0,3,34,0,37,0,2,56,20,78,0,5,90,20,115,64,8,72,187
02/27/2020,CXO,TX,ASW,CE,Federal Contract Tower,0,5,41,1,47,0,0,218,17,235,0,5,259,18,282,200,0,200,482
02/28/2020,CXO,TX,ASW,CE,Federal Contract Tower,0,7,56,1,64,0,1,249,4,254,0,8,305,5,318,212,0,212,530
02/29/2020,CXO,TX,ASW,CE,Federal Contract Tower,0,2,35,0,37,0,1,227,2,230,0,3,262,2,267,64,0,64,331
03/01/2020,CXO,TX,ASW,CE,Federal Contract Tower,0,0,40,0,40,0,2,30,0,32,0,2,70,0,72,28,0,28,100
03/02/2020,CXO,TX,ASW,CE,Federal Contract Tower,0,0,53,1,54,0,0,60,7,67,0,0,113,8,121,70,0,70,191
03/03/2020,CXO,TX,ASW,CE,Federal Contract Tower,0,1,42,0,43,0,2,70,3,75,0,3,112,3,118,126,0,126,244
03/04/2020,CXO,TX,ASW,CE,Federal Contract Tower,0,6,8,0,14,0,0,0,0,0,0,6,8,0,14,0,0,0,14
03/05/2020,CXO,TX,ASW,CE,Federal Contract Tower,0,9,51,0,60,0,3,186,1,190,0,12,237,1,250,140,0,140,390
03/06/2020,CXO,TX,ASW,CE,Federal Contract Tower,0,1,37,0,38,0,2,224,4,230,0,3,261,4,268,50,2,52,320
03/07/2020,CXO,TX,ASW,CE,Federal Contract Tower,0,3,20,0,23,0,0,208,5,213,0,3,228,5,236,36,0,36,272
03/08/2020,CXO,TX,ASW,CE,Federal Contract Tower,0,3,38,0,41,0,0,91,3,94,0,3,129,3,135,118,0,118,253
03/09/2020,CXO,TX,ASW,CE,Federal Contract Tower,0,2,65,2,69,0,0,40,14,54,0,2,105,16,123,156,6,162,285
03/10/2020,CXO,TX,ASW,CE,Federal Contract Tower,0,2,56,0,58,0,0,84,5,89,0,2,140,5,147,194,0,194,341
03/11/2020,CXO,TX,ASW,CE,Federal Contract Tower,0,12,81,1,94,0,4,175,16,195,0,16,256,17,289,184,12,196,485
03/12/2020,CXO,TX,ASW,CE,Federal Contract Tower,0,11,58,0,69,0,6,154,12,172,0,17,212,12,241,258,0,258,499
03/13/2020,CXO,TX,ASW,CE,Federal Contract Tower,0,2,55,1,58,0,0,124,3,127,0,2,179,4,185,172,6,178,363
03/14/2020,CXO,TX,ASW,CE,Federal Contract Tower,0,4,51,0,55,0,0,99,7,106,0,4,150,7,161,110,0,110,271
03/15/2020,CXO,TX,ASW,CE,Federal Contract Tower,0,3,32,2,37,0,0,27,0,27,0,3,59,2,64,58,0,58,122
03/16/2020,CXO,TX,ASW,CE,Federal Contract Tower,0,3,37,0,40,0,1,124,3,128,0,4,161,3,168,178,0,178,346
03/17/2020,CXO,TX,ASW,CE,Federal Contract Tower,0,2,20,6,28,0,2,79,18,99,0,4,99,24,127,104,4,108,235
03/18/2020,CXO,TX,ASW,CE,Federal Contract Tower,0,9,51,0,60,0,2,80,14,96,0,11,131,14,156,134,0,134,290
03/19/2020,CXO,TX,ASW,CE,Federal Contract Tower,0,2,43,3,48,0,2,68,12,82,0,4,111,15,130,110,0,110,240
03/20/2020,CXO,TX,ASW,CE,Federal Contract Tower,0,9,11,0,20,0,0,0,0,0,0,9,11,0,20,0,0,0,20
03/21/2020,CXO,TX,ASW,CE,Federal Contract Tower,0,0,17,0,17,0,0,0,0,0,0,0,17,0,17,0,0,0,17
03/22/2020,CXO,TX,ASW,CE,Federal Contract Tower,0,1,16,0,17,0,0,1,0,1,0,1,17,0,18,0,0,0,18
03/23/2020,CXO,TX,ASW,CE,Federal Contract Tower,0,0,20,2,22,0,0,123,4,127,0,0,143,6,149,112,0,112,261
03/24/2020,CXO,TX,ASW,CE,Federal Contract Tower,0,1,41,2,44,0,1,84,7,92,0,2,125,9,136,136,0,136,272
03/25/2020,CXO,TX,ASW,CE,Federal Contract Tower,0,1,45,3,49,0,0,172,6,178,0,1,217,9,227,176,10,186,413
03/26/2020,CXO,TX,ASW,CE,Federal Contract Tower,0,0,37,0,37,0,2,123,9,134,0,2,160,9,171,144,0,144,315
03/27/2020,CXO,TX,ASW,CE,Federal Contract Tower,0,0,47,0,47,0,2,122,0,124,0,2,169,0,171,174,0,174,345
03/28/2020,CXO,TX,ASW,CE,Federal Contract Tower,0,0,25,0,25,0,1,13,0,14,0,1,38,0,39,70,0,70,109
03/29/2020,CXO,TX,ASW,CE,Federal Contract Tower,0,0,24,0,24,0,2,106,0,108,0,2,130,0,132,98,0,98,230
03/30/2020,CXO,TX,ASW,CE,Federal Contract Tower,0,0,14,0,14,0,0,31,0,31,0,0,45,0,45,24,0,24,69
03/31/2020,CXO,TX,ASW,CE,Federal Contract Tower,0,1,40,0,41,0,4,107,0,111,0,5,147,0,152,106,0,106,258
04/01/2020,CXO,TX,ASW,CE,Federal Contract Tower,0,3,30,4,37,0,0,226,2,228,0,3,256,6,265,252,0,252,517
04/02/2020,CXO,TX,ASW,CE,Federal Contract Tower,0,2,37,0,39,0,0,77,0,77,0,2,114,0,116,116,0,116,232
04/03/2020,CXO,TX,ASW,CE,Federal Contract Tower,0,0,22,0,22,0,2,62,0,64,0,2,84,0,86,98,0,98,184
04/04/2020,CXO,TX,ASW,CE,Federal Contract Tower,0,0,9,0,9,0,0,0,0,0,0,0,9,0,9,0,0,0,9
04/05/2020,CXO,TX,ASW,CE,Federal Contract Tower,0,0,17,0,17,0,0,17,0,17,0,0,34,0,34,32,0,32,66
04/06/2020,CXO,TX,ASW,CE,Federal Contract Tower,0,1,24,0,25,0,1,62,0,63,0,2,86,0,88,156,0,156,244
04/07/2020,CXO,TX,ASW,CE,Federal Contract Tower,0,0,34,0,34,0,2,80,0,82,0,2,114,0,116,88,0,88,204
04/08/2020,CXO,TX,ASW,CE,Federal Contract Tower,0,0,23,0,23,0,0,83,2,85,0,0,106,2,108,176,2,178,286
04/09/2020,CXO,TX,ASW,CE,Federal Contract Tower,0,3,29,2,34,0,0,47,1,48,0,3,76,3,82,58,14,72,154
04/10/2020,CXO,TX,ASW,CE,Federal Contract Tower,0,0,27,0,27,0,0,136,1,137,0,0,163,1,164,248,0,248,412
04/11/2020,CXO,TX,ASW,CE,Federal Contract Tower,0,0,20,0,20,0,3,49,0,52,0,3,69,0,72,62,0,62,134
04/12/2020,CXO,TX,ASW,CE,Federal Contract Tower,0,0,15,0,15,0,0,12,0,12,0,0,27,0,27,0,0,0,27
04/13/2020,CXO,TX,ASW,CE,Federal Contract Tower,0,0,43,0,43,0,2,138,2,142,0,2,181,2,185,146,0,146,331
04/14/2020,CXO,TX,ASW,CE,Federal Contract Tower,0,2,34,0,36,0,4,141,0,145,0,6,175,0,181,108,0,108,289
04/15/2020,CXO,TX,ASW,CE,Federal Contract Tower,0,0,24,0,24,0,1,190,1,192,0,1,214,1,216,168,0,168,384
04/16/2020,CXO,TX,ASW,CE,Federal Contract Tower,0,0,60,0,60,0,1,131,2,134,0,1,191,2,194,160,0,160,354
04/17/2020,CXO,TX,ASW,CE,Federal Contract Tower,0,0,28,3,31,0,6,49,2,57,0,6,77,5,88,172,2,174,262
04/18/2020,CXO,TX,ASW,CE,Federal Contract Tower,0,0,18,0,18,0,0,5,0,5,0,0,23,0,23,0,0,0,23
04/19/2020,CXO,TX,ASW,CE,Federal Contract Tower,0,0,2,0,2,0,2,7,0,9,0,2,9,0,11,12,0,12,23
04/20/2020,CXO,TX,ASW,CE,Federal Contract Tower,0,0,40,0,40,0,0,120,1,121,0,0,160,1,161,140,0,140,301
04/21/2020,CXO,TX,ASW,CE,Federal Contract Tower,0,1,56,0,57,0,1,166,9,176,0,2,222,9,233,220,0,220,453
04/22/2020,CXO,TX,ASW,CE,Federal Contract Tower,0,2,25,0,27,0,2,10,5,17,0,4,35,5,44,6,20,26,70
04/23/2020,CXO,TX,ASW,CE,Federal Contract Tower,0,3,51,2,56,0,4,146,9,159,0,7,197,11,215,136,2,138,353
04/24/2020,CXO,TX,ASW,CE,Federal Contract Tower,0,0,43,0,43,0,1,181,0,182,0,1,224,0,225,210,0,210,435
04/25/2020,CXO,TX,ASW,CE,Federal Contract Tower,0,2,16,0,18,0,1,107,1,109,0,3,123,1,127,70,0,70,197
04/26/2020,CXO,TX,ASW,CE,Federal Contract Tower,0,1,24,0,25,0,2,155,0,157,0,3,179,0,182,220,0,220,402
04/27/2020,CXO,TX,ASW,CE,Federal Contract Tower,0,2,52,2,56,0,0,128,0,128,0,2,180,2,184,68,0,68,252
04/28/2020,CXO,TX,ASW,CE,Federal Contract Tower,0,1,17,4,22,0,2,29,4,35,0,3,46,8,57,102,0,102,159
04/29/2020,CXO,TX,ASW,CE,Federal Contract Tower,0,3,27,1,31,0,1,90,3,94,0,4,117,4,125,106,0,106,231
04/30/2020,CXO,TX,ASW,CE,Federal Contract Tower,0,1,48,1,50,0,2,271,19,292,0,3,319,20,342,228,6,234,576
05/01/2020,CXO,TX,ASW,CE,Federal Contract Tower,0,1,57,1,59,0,0,222,0,222,0,1,279,1,281,122,0,122,403
05/02/2020,CXO,TX,ASW,CE,Federal Contract Tower,0,0,38,0,38,0,0,163,0,163,0,0,201,0,201,192,0,192,393
05/03/2020,CXO,TX,ASW,CE,Federal Contract Tower,0,0,19,0,19,0,0,84,0,84,0,0,103,0,103,98,0,98,201
05/04/2020,CXO,TX,ASW,CE,Federal Contract Tower,0,2,44,0,46,0,4,90,5,99,0,6,134,5,145,208,0,208,353
05/06/2020,CXO,TX,ASW,CE,Federal Contract Tower,0,2,32,2,36,0,0,70,5,75,0,2,102,7,111,142,0,142,253
05/08/2020,CXO,TX,ASW,CE,Federal Contract Tower,0,0,11,0,11,0,2,29,2,33,0,2,40,2,44,54,0,54,98
05/09/2020,CXO,TX,ASW,CE,Federal Contract Tower,0,0,19,0,19,0,3,122,0,125,0,3,141,0,144,104,0,104,248
05/10/2020,CXO,TX,ASW,CE,Federal Contract Tower,0,1,19,0,20,0,0,125,0,125,0,1,144,0,145,98,0,98,243
05/11/2020,CXO,TX,ASW,CE,Federal Contract Tower,0,2,43,0,45,0,0,212,4,216,0,2,255,4,261,182,0,182,443
05/12/2020,CXO,TX,ASW,CE,Federal Contract Tower,0,1,30,0,31,0,0,132,12,144,0,1,162,12,175,180,10,190,365
05/13/2020,CXO,TX,ASW,CE,Federal Contract Tower,0,4,53,2,59,0,0,159,11,170,0,4,212,13,229,204,0,204,433
05/14/2020,CXO,TX,ASW,CE,Federal Contract Tower,0,5,36,0,41,0,4,47,9,60,0,9,83,9,101,110,0,110,211
05/15/2020,CXO,TX,ASW,CE,Federal Contract Tower,0,2,44,0,46,0,2,36,2,40,0,4,80,2,86,68,0,68,154
05/16/2020,CXO,TX,ASW,CE,Federal Contract Tower,0,0,16,0,16,0,1,7,0,8,0,1,23,0,24,6,0,6,30
05/17/2020,CXO,TX,ASW,CE,Federal Contract Tower,0,2,29,0,31,0,0,92,0,92,0,2,121,0,123,94,0,94,217
05/18/2020,CXO,TX,ASW,CE,Federal Contract Tower,0,3,37,1,41,0,0,192,2,194,0,3,229,3,235,146,14,160,395
05/19/2020,CXO,TX,ASW,CE,Federal Contract Tower,0,0,52,5,57,0,11,179,6,196,0,11,231,11,253,134,0,134,387
05/20/2020,CXO,TX,ASW,CE,Federal Contract Tower,0,6,63,0,69,0,2,179,6,187,0,8,242,6,256,158,0,158,414
05/21/2020,CXO,TX,ASW,CE,Federal Contract Tower,0,6,59,1,66,0,2,145,8,155,0,8,204,9,221,204,8,212,433
05/22/2020,CXO,TX,ASW,CE,Federal Contract Tower,0,14,54,0,68,0,2,85,0,87,0,16,139,0,155,88,0,88,243
05/23/2020,CXO,TX,ASW,CE,Federal Contract Tower,0,3,38,0,41,0,2,79,0,81,0,5,117,0,122,112,0,112,234
05/24/2020,CXO,TX,ASW,CE,Federal Contract Tower,0,0,16,0,16,0,2,5,0,7,0,2,21,0,23,0,0,0,23
05/25/2020,CXO,TX,ASW,CE,Federal Contract Tower,0,4,31,0,35,0,0,85,0,85,0,4,116,0,120,108,0,108,228
05/26/2020,CXO,TX,ASW,CE,Federal Contract Tower,0,2,34,0,36,0,0,124,29,153,0,2,158,29,189,138,0,138,327
05/27/2020,CXO,TX,ASW,CE,Federal Contract Tower,0,1,38,0,39,0,3,136,7,146,0,4,174,7,185,88,0,88,273
05/28/2020,CXO,TX,ASW,CE,Federal Contract Tower,0,5,77,1,83,0,4,133,4,141,0,9,210,5,224,264,0,264,488
05/29/2020,CXO,TX,ASW,CE,Federal Contract Tower,0,2,63,0,65,0,4,209,6,219,0,6,272,6,284,152,0,152,436
05/30/2020,CXO,TX,ASW,CE,Federal Contract Tower,0,1,32,0,33,0,4,197,0,201,0,5,229,0,234,136,0,136,370
05/31/2020,CXO,TX,ASW,CE,Federal Contract Tower,0,1,35,0,36,0,0,116,0,116,0,1,151,0,152,146,0,146,298
06/01/2020,CXO,TX,ASW,CE,Federal Contract Tower,0,6,64,0,70,0,3,163,0,166,0,9,227,0,236,268,0,268,504
06/02/2020,CXO,TX,ASW,CE,Federal Contract Tower,0,2,44,0,46,0,1,180,5,186,0,3,224,5,232,94,0,94,326
06/03/2020,CXO,TX,ASW,CE,Federal Contract Tower,0,9,54,0,63,0,4,123,5,132,0,13,177,5,195,80,0,80,275
06/04/2020,CXO,TX,ASW,CE,Federal Contract Tower,0,4,65,2,71,0,3,160,11,174,0,7,225,13,245,86,0,86,331
06/05/2020,CXO,TX,ASW,CE,Federal Contract Tower,0,2,62,0,64,0,0,172,5,177,0,2,234,5,241,111,0,111,352
06/06/2020,CXO,TX,ASW,CE,Federal Contract Tower,0,0,19,0,19,0,4,129,5,138,0,4,148,5,157,86,0,86,243
06/07/2020,CXO,TX,ASW,CE,Federal Contract Tower,0,3,21,0,24,0,0,87,0,87,0,3,108,0,111,74,0,74,185
06/08/2020,CXO,TX,ASW,CE,Federal Contract Tower,0,4,34,1,39,0,7,138,8,153,0,11,172,9,192,162,0,162,354
06/09/2020,CXO,TX,ASW,CE,Federal Contract Tower,0,2,29,1,32,0,6,121,12,139,0,8,150,13,171,158,0,158,329
06/10/2020,CXO,TX,ASW,CE,Federal Contract Tower,0,5,36,3,44,0,2,172,19,193,0,7,208,22,237,120,2,122,359
06/11/2020,CXO,TX,ASW,CE,Federal Contract Tower,0,3,46,4,53,0,1,172,19,192,0,4,218,23,245,142,2,144,389
06/12/2020,CXO,TX,ASW,CE,Federal Contract Tower,0,4,32,1,37,0,0,181,8,189,0,4,213,9,226,106,2,108,334
06/13/2020,CXO,TX,ASW,CE,Federal Contract Tower,0,4,15,5,24,0,2,118,0,120,0,6,133,5,144,66,4,70,214
06/14/2020,CXO,TX,ASW,CE,Federal Contract Tower,0,1,29,0,30,0,0,126,4,130,0,1,155,4,160,92,0,92,252
06/15/2020,CXO,TX,ASW,CE,Federal Contract Tower,0,2,38,1,41,0,1,123,7,131,0,3,161,8,172,182,0,182,354
06/16/2020,CXO,TX,ASW,CE,Federal Contract Tower,0,3,51,0,54,0,0,170,10,180,0,3,221,10,234,140,6,146,380
06/17/2020,CXO,TX,ASW,CE,Federal Contract Tower,0,6,51,8,65,0,3,147,10,160,0,9,198,18,225,168,6,174,399
06/18/2020,CXO,TX,ASW,CE,Federal Contract Tower,0,5,66,6,77,0,0,151,12,163,0,5,217,18,240,90,4,94,334
06/19/2020,CXO,TX,ASW,CE,Federal Contract Tower,0,3,47,0,50,0,2,166,0,168,0,5,213,0,218,81,0,81,299
06/20/2020,CXO,TX,ASW,CE,Federal Contract Tower,0,13,29,8,50,0,1,54,0,55,0,14,83,8,105,94,0,94,199
06/21/2020,CXO,TX,ASW,CE,Federal Contract Tower,0,3,18,0,21,0,1,40,0,41,0,4,58,0,62,42,0,42,104
06/22/2020,CXO,TX,ASW,CE,Federal Contract Tower,0,7,25,2,34,0,0,19,0,19,0,7,44,2,53,42,0,42,95
06/23/2020,CXO,TX,ASW,CE,Federal Contract Tower,0,3,36,3,42,0,0,61,6,67,0,3,97,9,109,158,0,158,267
06/24/2020,CXO,TX,ASW,CE,Federal Contract Tower,0,10,32,7,49,0,4,23,2,29,0,14,55,9,78,64,8,72,150
06/25/2020,CXO,TX,ASW,CE,Federal Contract Tower,0,7,17,0,24,0,1,33,1,35,0,8,50,1,59,66,0,66,125
06/26/2020,CXO,TX,ASW,CE,Federal Contract Tower,0,6,55,2,63,0,0,28,5,33,0,6,83,7,96,82,4,86,182
06/27/2020,CXO,TX,ASW,CE,Federal Contract Tower,0,1,43,0,44,0,0,50,0,50,0,1,93,0,94,78,0,78,172
06/28/2020,CXO,TX,ASW,CE,Federal Contract Tower,0,4,22,0,26,0,2,55,0,57,0,6,77,0,83,22,0,22,105
06/29/2020,CXO,TX,ASW,CE,Federal Contract Tower,0,7,45,0,52,0,0,77,0,77,0,7,122,0,129,148,0,148,277
06/30/2020,CXO,TX,ASW,CE,Federal Contract Tower,0,10,50,0,60,0,116,4,0,120,0,126,54,0,180,84,0,84,264
07/01/2020,CXO,TX,ASW,CE,Federal Contract Tower,0,5,50,0,55,0,0,131,4,135,0,5,181,4,190,122,0,122,312
07/02/2020,CXO,TX,ASW,CE,Federal Contract Tower,0,7,64,0,71,0,7,136,2,145,0,14,200,2,216,108,0,108,324
07/03/2020,CXO,TX,ASW,CE,Federal Contract Tower,0,5,37,0,42,0,2,98,0,100,0,7,135,0,142,160,0,160,302
07/04/2020,CXO,TX,ASW,CE,Federal Contract Tower,0,1,34,0,35,0,0,109,0,109,0,1,143,0,144,56,0,56,200
07/06/2020,CXO,TX,ASW,CE,Federal Contract Tower,0,7,51,0,58,0,2,62,1,65,0,9,113,1,123,108,0,108,231
07/07/2020,CXO,TX,ASW,CE,Federal Contract Tower,0,8,33,0,41,0,0,31,6,37,0,8,64,6,78,47,0,47,125
07/08/2020,CXO,TX,ASW,CE,Federal Contract Tower,0,6,60,0,66,0,5,125,10,140,0,11,185,10,206,136,0,136,342
07/09/2020,CXO,TX,ASW,CE,Federal Contract Tower,0,6,43,7,56,0,2,126,7,135,0,8,169,14,191,180,0,180,371
07/10/2020,CXO,TX,ASW,CE,Federal Contract Tower,0,7,52,0,59,0,0,165,8,173,0,7,217,8,232,166,0,166,398
07/11/2020,CXO,TX,ASW,CE,Federal Contract Tower,0,3,39,0,42,0,0,120,0,120,0,3,159,0,162,190,0,190,352
07/12/2020,CXO,TX,ASW,CE,Federal Contract Tower,0,2,37,0,39,0,0,93,0,93,0,2,130,0,132,88,0,88,220
07/13/2020,CXO,TX,ASW,CE,Federal Contract Tower,0,0,60,0,60,0,1,91,4,96,0,1,151,4,156,170,0,170,326
07/14/2020,CXO,TX,ASW,CE,Federal Contract Tower,0,1,40,2,43,0,4,153,8,165,0,5,193,10,208,292,0,292,500
07/15/2020,CXO,TX,ASW,CE,Federal Contract Tower,0,5,56,2,63,0,1,124,13,138,0,6,180,15,201,210,20,230,431
07/16/2020,CXO,TX,ASW,CE,Federal Contract Tower,0,2,54,0,56,0,6,138,14,158,0,8,192,14,214,164,2,166,380
07/17/2020,CXO,TX,ASW,CE,Federal Contract Tower,0,7,46,1,54,0,1,127,6,134,0,8,173,7,188,132,0,132,320
07/18/2020,CXO,TX,ASW,CE,Federal Contract Tower,0,1,57,2,60,0,0,128,10,138,0,1,185,12,198,126,2,128,326
07/19/2020,CXO,TX,ASW,CE,Federal Contract Tower,0,4,27,1,32,0,0,83,9,92,0,4,110,10,124,112,0,112,236
07/20/2020,CXO,TX,ASW,CE,Federal Contract Tower,0,5,56,0,61,0,3,83,7,93,0,8,139,7,154,140,0,140,294
07/21/2020,CXO,TX,ASW,CE,Federal Contract Tower,0,8,50,3,61,0,0,31,7,38,0,8,81,10,99,18,8,26,125
07/22/2020,CXO,TX,ASW,CE,Federal Contract Tower,0,1,38,0,39,0,5,53,6,64,0,6,91,6,103,126,0,126,229
07/23/2020,CXO,TX,ASW,CE,Federal Contract Tower,0,3,62,0,65,0,9,161,7,177,0,12,223,7,242,244,0,244,486
07/24/2020,CXO,TX,ASW,CE,Federal Contract Tower,0,0,34,2,36,0,2,69,1,72,0,2,103,3,108,80,0,80,188
07/25/2020,CXO,TX,ASW,CE,Federal Contract Tower,0,3,9,2,14,0,0,9,6,15,0,3,18,8,29,36,0,36,65
07/26/2020,CXO,TX,ASW,CE,Federal Contract Tower,0,4,28,0,32,0,0,27,5,32,0,4,55,5,64,20,0,20,84
07/27/2020,CXO,TX,ASW,CE,Federal Contract Tower,0,1,34,4,39,0,0,71,5,76,0,1,105,9,115,178,0,178,293
07/28/2020,CXO,TX,ASW,CE,Federal Contract Tower,0,3,30,2,35,0,0,62,4,66,0,3,92,6,101,178,0,178,279
07/29/2020,CXO,TX,ASW,CE,Federal Contract Tower,0,4,47,0,51,0,3,128,3,134,0,7,175,3,185,288,0,288,473
07/30/2020,CXO,TX,ASW,CE,Federal Contract Tower,0,4,61,0,65,0,1,138,8,147,0,5,199,8,212,156,0,156,368
07/31/2020,CXO,TX,ASW,CE,Federal Contract Tower,0,6,57,0,63,0,1,116,22,139,0,7,173,22,202,118,16,134,336
08/01/2020,CXO,TX,ASW,CE,Federal Contract Tower,0,4,39,1,44,0,2,114,10,126,0,6,153,11,170,60,0,60,230
08/03/2020,CXO,TX,ASW,CE,Federal Contract Tower,0,7,55,0,62,0,0,116,3,119,0,7,171,3,181,206,64,270,451
08/04/2020,CXO,TX,ASW,CE,Federal Contract Tower,0,8,53,0,61,0,2,125,5,132,0,10,178,5,193,144,2,146,339
08/05/2020,CXO,TX,ASW,CE,Federal Contract Tower,0,2,53,2,57,0,2,141,5,148,0,4,194,7,205,148,12,160,365
08/06/2020,CXO,TX,ASW,CE,Federal Contract Tower,0,2,58,5,65,0,1,124,5,130,0,3,182,10,195,216,6,222,417
08/07/2020,CXO,TX,ASW,CE,Federal Contract Tower,0,3,47,0,50,0,2,129,9,140,0,5,176,9,190,82,0,82,272
08/08/2020,CXO,TX,ASW,CE,Federal Contract Tower,0,0,36,3,39,0,2,111,2,115,0,2,147,5,154,80,6,86,240
08/09/2020,CXO,TX,ASW,CE,Federal Contract Tower,0,2,37,0,39,0,0,64,0,64,0,2,101,0,103,46,0,46,149
08/10/2020,CXO,TX,ASW,CE,Federal Contract Tower,0,6,53,1,60,0,1,122,8,131,0,7,175,9,191,92,0,92,283
08/11/2020,CXO,TX,ASW,CE,Federal Contract Tower,0,6,70,3,79,0,0,117,15,132,0,6,187,18,211,144,0,144,355
08/12/2020,CXO,TX,ASW,CE,Federal Contract Tower,0,4,46,2,52,0,4,119,19,142,0,8,165,21,194,200,6,206,400
08/13/2020,CXO,TX,ASW,CE,Federal Contract Tower,0,5,63,4,72,0,0,120,21,141,0,5,183,25,213,208,12,220,433
08/14/2020,CXO,TX,ASW,CE,Federal Contract Tower,0,7,66,0,73,0,0,120,6,126,0,7,186,6,199,128,0,128,327
08/15/2020,CXO,TX,ASW,CE,Federal Contract Tower,0,5,43,2,50,0,0,116,0,116,0,5,159,2,166,124,0,124,290
08/16/2020,CXO,TX,ASW,CE,Federal Contract Tower,0,5,46,2,53,0,0,83,0,83,0,5,129,2,136,78,0,78,214
08/17/2020,CXO,TX,ASW,CE,Federal Contract Tower,0,5,44,0,49,0,1,98,7,106,0,6,142,7,155,176,0,176,331
08/18/2020,CXO,TX,ASW,CE,Federal Contract Tower,0,1,58,8,67,0,5,112,4,121,0,6,170,12,188,194,0,194,382
08/19/2020,CXO,TX,ASW,CE,Federal Contract Tower,0,4,49,0,53,0,2,137,10,149,0,6,186,10,202,210,0,210,412
08/20/2020,CXO,TX,ASW,CE,Federal Contract Tower,0,9,63,1,73,0,1,141,3,145,0,10,204,4,218,234,0,234,452
08/21/2020,CXO,TX,ASW,CE,Federal Contract Tower,0,5,40,2,47,0,4,132,1,137,0,9,172,3,184,144,0,144,328
08/22/2020,CXO,TX,ASW,CE,Federal Contract Tower,0,7,43,0,50,0,4,163,8,175,0,11,206,8,225,150,12,162,387
08/23/2020,CXO,TX,ASW,CE,Federal Contract Tower,0,27,51,0,78,0,1,104,1,106,0,28,155,1,184,96,0,96,280
08/24/2020,CXO,TX,ASW,CE,Federal Contract Tower,0,2,47,0,49,0,1,176,4,181,0,3,223,4,230,202,0,202,432
08/25/2020,CXO,TX,ASW,CE,Federal Contract Tower,0,12,54,2,68,0,2,152,14,168,0,14,206,16,236,160,8,168,404
08/26/2020,CXO,TX,ASW,CE,Federal Contract Tower,0,4,30,0,34,0,2,16,1,19,0,6,46,1,53,0,0,0,53
08/27/2020,CXO,TX,ASW,CE,Federal Contract Tower,0,3,17,0,20,0,10,79,2,91,0,13,96,2,111,44,0,44,155
08/28/2020,CXO,TX,ASW,CE,Federal Contract Tower,0,15,57,0,72,0,19,102,10,131,0,34,159,10,203,110,0,110,313
08/29/2020,CXO,TX,ASW,CE,Federal Contract Tower,0,0,32,0,32,0,0,139,0,139,0,0,171,0,171,132,0,132,303
08/30/2020,CXO,TX,ASW,CE,Federal Contract Tower,0,4,40,0,44,0,0,112,0,112,0,4,152,0,156,146,0,146,302
08/31/2020,CXO,TX,ASW,CE,Federal Contract Tower,0,1,43,0,44,0,0,94,7,101,0,1,137,7,145,142,0,142,287
09/01/2020,CXO,TX,ASW,CE,Federal Contract Tower,0,1,37,2,40,0,0,102,8,110,0,1,139,10,150,76,26,102,252
09/02/2020,CXO,TX,ASW,CE,Federal Contract Tower,0,3,49,3,55,0,3,100,13,116,0,6,149,16,171,230,20,250,421
09/03/2020,CXO,TX,ASW,CE,Federal Contract Tower,0,3,48,0,51,0,1,125,4,130,0,4,173,4,181,150,0,150,331
09/04/2020,CXO,TX,ASW,CE,Federal Contract Tower,0,6,23,0,29,0,3,64,1,68,0,9,87,1,97,46,0,46,143
09/05/2020,CXO,TX,ASW,CE,Federal Contract Tower,0,1,26,0,27,0,2,124,0,126,0,3,150,0,153,116,0,116,269
09/06/2020,CXO,TX,ASW,CE,Federal Contract Tower,0,1,25,0,26,0,0,61,0,61,0,1,86,0,87,30,0,30,117
09/07/2020,CXO,TX,ASW,CE,Federal Contract Tower,0,2,32,0,34,0,0,102,0,102,0,2,134,0,136,110,0,110,246
09/08/2020,CXO,TX,ASW,CE,Federal Contract Tower,0,3,41,0,44,0,1,77,2,80,0,4,118,2,124,104,0,104,228
09/09/2020,CXO,TX,ASW,CE,Federal Contract Tower,0,10,37,0,47,0,5,122,0,127,0,15,159,0,174,114,0,114,288
09/10/2020,CXO,TX,ASW,CE,Federal Contract Tower,0,9,44,2,55,0,0,53,3,56,0,9,97,5,111,70,6,76,187
09/11/2020,CXO,TX,ASW,CE,Federal Contract Tower,0,4,70,2,76,0,0,108,5,113,0,4,178,7,189,104,2,106,295
09/12/2020,CXO,TX,ASW,CE,Federal Contract Tower,0,6,63,1,70,0,0,204,0,204,0,6,267,1,274,156,0,156,430
09/13/2020,CXO,TX,ASW,CE,Federal Contract Tower,0,4,16,1,21,0,101,75,3,179,0,105,91,4,200,70,0,70,270
09/14/2020,CXO,TX,ASW,CE,Federal Contract Tower,0,6,43,7,56,0,3,67,10,80,0,9,110,17,136,146,0,146,282
09/15/2020,CXO,TX,ASW,CE,Federal Contract Tower,0,7,54,2,63,0,1,165,5,171,0,8,219,7,234,198,0,198,432
09/16/2020,CXO,TX,ASW,CE,Federal Contract Tower,0,7,43,5,55,0,2,138,12,152,0,9,181,17,207,246,22,268,475
09/17/2020,CXO,TX,ASW,CE,Federal Contract Tower,0,2,45,2,49,0,9,150,4,163,0,11,195,6,212,188,0,188,400
09/18/2020,CXO,TX,ASW,CE,Federal Contract Tower,0,3,46,0,49,0,12,133,5,150,0,15,179,5,199,130,0,130,329
09/19/2020,CXO,TX,ASW,CE,Federal Contract Tower,0,5,31,3,39,0,5,159,0,164,0,10,190,3,203,106,0,106,309
09/20/2020,CXO,TX,ASW,CE,Federal Contract Tower,0,3,29,0,32,0,2,47,0,49,0,5,76,0,81,12,0,12,93
09/21/2020,CXO,TX,ASW,CE,Federal Contract Tower,0,3,14,0,17,0,0,0,0,0,0,3,14,0,17,0,0,0,17
09/22/2020,CXO,TX,ASW,CE,Federal Contract Tower,0,5,18,0,23,0,0,0,0,0,0,5,18,0,23,0,0,0,23
09/23/2020,CXO,TX,ASW,CE,Federal Contract Tower,0,5,34,2,41,0,1,0,4,5,0,6,34,6,46,0,20,20,66
09/24/2020,CXO,TX,ASW,CE,Federal Contract Tower,0,10,69,1,80,0,0,65,4,69,0,10,134,5,149,164,0,164,313
09/25/2020,CXO,TX,ASW,CE,Federal Contract Tower,0,1,63,4,68,0,1,224,2,227,0,2,287,6,295,256,0,256,551
09/26/2020,CXO,TX,ASW,CE,Federal Contract Tower,0,6,62,0,68,0,3,180,0,183,0,9,242,0,251,174,0,174,425
09/27/2020,CXO,TX,ASW,CE,Federal Contract Tower,0,11,58,0,69,0,1,142,0,143,0,12,200,0,212,148,0,148,360
09/28/2020,CXO,TX,ASW,CE,Federal Contract Tower,0,3,40,1,44,0,4,37,3,44,0,7,77,4,88,10,0,10,98
09/29/2020,CXO,TX,ASW,CE,Federal Contract Tower,0,2,60,5,67,0,1,170,11,182,0,3,230,16,249,228,18,246,495
09/30/2020,CXO,TX,ASW,CE,Federal Contract Tower,0,4,52,0,56,0,3,278,8,289,0,7,330,8,345,184,2,186,531
10/01/2020,CXO,TX,ASW,CE,Federal Contract Tower,0,8,45,0,53,0,4,180,13,197,0,12,225,13,250,274,2,276,526
10/02/2020,CXO,TX,ASW,CE,Federal Contract Tower,0,7,41,0,48,0,3,161,4,168,0,10,202,4,216,286,0,286,502
10/03/2020,CXO,TX,ASW,CE,Federal Contract Tower,0,2,39,2,43,0,1,145,9,155,0,3,184,11,198,190,26,216,414
10/04/2020,CXO,TX,ASW,CE,Federal Contract Tower,0,4,33,0,37,0,0,137,0,137,0,4,170,0,174,206,0,206,380
10/05/2020,CXO,TX,ASW,CE,Federal Contract Tower,0,8,45,0,53,0,5,148,14,167,0,13,193,14,220,112,10,122,342
10/06/2020,CXO,TX,ASW,CE,Federal Contract Tower,0,4,37,6,47,0,4,148,4,156,0,8,185,10,203,238,12,250,453
10/07/2020,CXO,TX,ASW,CE,Federal Contract Tower,0,7,58,0,65,0,21,178,14,213,0,28,236,14,278,206,10,216,494
10/08/2020,CXO,TX,ASW,CE,Federal Contract Tower,0,27,68,2,97,0,13,137,16,166,0,40,205,18,263,162,0,162,425
10/09/2020,CXO,TX,ASW,CE,Federal Contract Tower,0,12,19,0,31,0,2,4,0,6,0,14,23,0,37,0,0,0,37
10/10/2020,CXO,TX,ASW,CE,Federal Contract Tower,0,20,40,0,60,0,21,152,0,173,0,41,192,0,233,114,0,114,347
10/11/2020,CXO,TX,ASW,CE,Federal Contract Tower,0,2,41,0,43,0,2,50,0,52,0,4,91,0,95,70,0,70,165
10/12/2020,CXO,TX,ASW,CE,Federal Contract Tower,0,8,51,1,60,0,2,103,0,105,0,10,154,1,165,110,0,110,275
10/13/2020,CXO,TX,ASW,CE,Federal Contract Tower,0,2,49,1,52,0,6,171,6,183,0,8,220,7,235,218,0,218,453
10/14/2020,CXO,TX,ASW,CE,Federal Contract Tower,0,8,63,0,71,0,1,148,23,172,0,9,211,23,243,234,12,246,489
10/15/2020,CXO,TX,ASW,CE,Federal Contract Tower,0,6,65,1,72,0,2,109,13,124,0,8,174,14,196,296,10,306,502
10/16/2020,CXO,TX,ASW,CE,Federal Contract Tower,0,3,61,0,64,0,2,99,7,108,0,5,160,7,172,186,0,186,358
10/17/2020,CXO,TX,ASW,CE,Federal Contract Tower,0,2,46,0,48,0,6,131,0,137,0,8,177,0,185,164,0,164,349
10/18/2020,CXO,TX,ASW,CE,Federal Contract Tower,0,1,51,0,52,0,0,58,0,58,0,1,109,0,110,48,0,48,158
10/19/2020,CXO,TX,ASW,CE,Federal Contract Tower,0,4,29,3,36,0,0,42,12,54,0,4,71,15,90,128,0,128,218
10/20/2020,CXO,TX,ASW,CE,Federal Contract Tower,0,1,73,2,76,0,2,133,18,153,0,3,206,20,229,180,28,208,437
10/21/2020,CXO,TX,ASW,CE,Federal Contract Tower,0,2,79,7,88,0,0,111,11,122,0,2,190,18,210,150,18,168,378
10/22/2020,CXO,TX,ASW,CE,Federal Contract Tower,0,1,65,5,71,0,4,135,9,148,0,5,200,14,219,132,10,142,361
10/23/2020,CXO,TX,ASW,CE,Federal Contract Tower,0,5,38,3,46,0,0,39,0,39,0,5,77,3,85,36,0,36,121
10/24/2020,CXO,TX,ASW,CE,Federal Contract Tower,0,5,55,1,61,0,0,152,0,152,0,5,207,1,213,168,0,168,381
10/25/2020,CXO,TX,ASW,CE,Federal Contract Tower,0,5,50,2,57,0,0,3,0,3,0,5,53,2,60,6,0,6,66
10/26/2020,CXO,TX,ASW,CE,Federal Contract Tower,0,14,67,4,85,0,2,125,5,132,0,16,192,9,217,282,0,282,499
10/27/2020,CXO,TX,ASW,CE,Federal Contract Tower,0,13,50,1,64,0,0,30,1,31,0,13,80,2,95,6,0,6,101
10/28/2020,CXO,TX,ASW,CE,Federal Contract Tower,0,11,37,2,50,0,0,2,1,3,0,11,39,3,53,0,0,0,53
10/29/2020,CXO,TX,ASW,CE,Federal Contract Tower,0,14,73,5,92,0,17,91,11,119,0,31,164,16,211,136,0,136,347
10/30/2020,CXO,TX,ASW,CE,Federal Contract Tower,0,3,66,2,71,0,6,253,2,261,0,9,319,4,332,92,0,92,424
10/31/2020,CXO,TX,ASW,CE,Federal Contract Tower,0,3,60,0,63,0,2,288,0,290,0,5,348,0,353,116,0,116,469
11/01/2020,CXO,TX,ASW,CE,Federal Contract Tower,0,11,24,0,35,0,0,135,0,135,0,11,159,0,170,82,0,82,252
11/02/2020,CXO,TX,ASW,CE,Federal Contract Tower,0,4,42,1,47,0,3,168,5,176,0,7,210,6,223,128,0,128,351
11/03/2020,CXO,TX,ASW,CE,Federal Contract Tower,0,4,43,1,48,0,1,100,20,121,0,5,143,21,169,146,22,168,337
11/04/2020,CXO,TX,ASW,CE,Federal Contract Tower,0,5,66,4,75,0,0,207,2,209,0,5,273,6,284,240,2,242,526
11/05/2020,CXO,TX,ASW,CE,Federal Contract Tower,0,4,70,1,75,0,3,182,10,195,0,7,252,11,270,242,0,242,512
11/06/2020,CXO,TX,ASW,CE,Federal Contract Tower,0,5,81,0,86,0,0,189,10,199,0,5,270,10,285,148,6,154,439
11/07/2020,CXO,TX,ASW,CE,Federal Contract Tower,0,3,38,0,41,0,0,203,0,203,0,3,241,0,244,106,0,106,350
11/08/2020,CXO,TX,ASW,CE,Federal Contract Tower,0,1,41,0,42,0,0,42,0,42,0,1,83,0,84,66,0,66,150
11/09/2020,CXO,TX,ASW,CE,Federal Contract Tower,0,2,50,3,55,0,0,60,7,67,0,2,110,10,122,158,0,158,280
11/10/2020,CXO,TX,ASW,CE,Federal Contract Tower,0,4,51,5,60,0,5,93,0,98,0,9,144,5,158,198,0,198,356
11/11/2020,CXO,TX,ASW,CE,Federal Contract Tower,0,4,76,0,80,0,2,214,0,216,0,6,290,0,296,168,0,168,464
11/12/2020,CXO,TX,ASW,CE,Federal Contract Tower,0,4,69,0,73,0,5,210,0,215,0,9,279,0,288,176,0,176,464
11/13/2020,CXO,TX,ASW,CE,Federal Contract Tower,0,2,34,4,40,0,0,88,5,93,0,2,122,9,133,134,4,138,271
11/14/2020,CXO,TX,ASW,CE,Federal Contract Tower,0,0,32,2,34,0,2,72,3,77,0,2,104,5,111,106,0,106,217
11/15/2020,CXO,TX,ASW,CE,Federal Contract Tower,0,8,32,0,40,0,2,55,4,61,0,10,87,4,101,30,0,30,131
11/16/2020,CXO,TX,ASW,CE,Federal Contract Tower,0,6,40,3,49,0,2,130,13,145,0,8,170,16,194,192,0,192,386
11/17/2020,CXO,TX,ASW,CE,Federal Contract Tower,0,3,49,0,52,0,0,206,8,214,0,3,255,8,266,202,0,202,468
11/18/2020,CXO,TX,ASW,CE,Federal Contract Tower,0,7,65,0,72,0,3,210,6,219,0,10,275,6,291,164,0,164,455
11/19/2020,CXO,TX,ASW,CE,Federal Contract Tower,0,11,67,2,80,0,1,146,7,154,0,12,213,9,234,170,0,170,404
11/20/2020,CXO,TX,ASW,CE,Federal Contract Tower,0,10,86,1,97,0,0,91,3,94,0,10,177,4,191,184,0,184,375
11/21/2020,CXO,TX,ASW,CE,Federal Contract Tower,0,5,58,0,63,0,2,112,0,114,0,7,170,0,177,116,0,116,293
11/22/2020,CXO,TX,ASW,CE,Federal Contract Tower,0,3,46,0,49,0,6,122,1,129,0,9,168,1,178,62,0,62,240
11/23/2020,CXO,TX,ASW,CE,Federal Contract Tower,0,6,63,7,76,0,2,58,17,77,0,8,121,24,153,90,8,98,251
11/24/2020,CXO,TX,ASW,CE,Federal Contract Tower,0,5,58,5,68,0,6,39,10,55,0,11,97,15,123,36,6,42,165
11/25/2020,CXO,TX,ASW,CE,Federal Contract Tower,0,0,36,0,36,0,9,140,2,151,0,9,176,2,187,168,0,168,355
11/26/2020,CXO,TX,ASW,CE,Federal Contract Tower,0,2,15,0,17,0,2,52,0,54,0,4,67,0,71,90,0,90,161
11/27/2020,CXO,TX,ASW,CE,Federal Contract Tower,0,8,13,0,21,0,2,0,0,2,0,10,13,0,23,0,0,0,23
11/28/2020,CXO,TX,ASW,CE,Federal Contract Tower,0,9,10,0,19,0,0,0,0,0,0,9,10,0,19,0,0,0,19
11/29/2020,CXO,TX,ASW,CE,Federal Contract Tower,0,4,46,0,50,0,0,28,0,28,0,4,74,0,78,3,0,3,81
11/30/2020,CXO,TX,ASW,CE,Federal Contract Tower,0,5,42,1,48,0,0,135,22,157,0,5,177,23,205,42,16,58,263
12/01/2020,CXO,TX,ASW,CE,Federal Contract Tower,0,4,61,6,71,0,6,171,17,194,0,10,232,23,265,64,0,64,329
12/02/2020,CXO,TX,ASW,CE,Federal Contract Tower,0,16,9,6,31,0,0,3,0,3,0,16,12,6,34,4,0,4,38
12/03/2020,CXO,TX,ASW,CE,Federal Contract Tower,0,3,54,1,58,0,2,162,11,175,0,5,216,12,233,170,4,174,407
12/04/2020,CXO,TX,ASW,CE,Federal Contract Tower,0,3,52,0,55,0,4,224,5,233,0,7,276,5,288,168,0,168,456
12/05/2020,CXO,TX,ASW,CE,Federal Contract Tower,0,1,49,0,50,0,4,195,0,199,0,5,244,0,249,210,0,210,459
12/06/2020,CXO,TX,ASW,CE,Federal Contract Tower,0,3,27,0,30,0,6,100,0,106,0,9,127,0,136,120,0,120,256
12/07/2020,CXO,TX,ASW,CE,Federal Contract Tower,0,9,45,1,55,0,4,128,19,151,0,13,173,20,206,92,0,92,298
12/08/2020,CXO,TX,ASW,CE,Federal Contract Tower,0,4,66,2,72,0,5,190,8,203,0,9,256,10,275,175,2,177,452
12/09/2020,CXO,TX,ASW,CE,Federal Contract Tower,0,2,59,6,67,0,0,199,10,209,0,2,258,16,276,204,2,206,482
12/10/2020,CXO,TX,ASW,CE,Federal Contract Tower,0,2,83,4,89,0,4,105,21,130,0,6,188,25,219,134,10,144,363
12/11/2020,CXO,TX,ASW,CE,Federal Contract Tower,0,8,26,0,34,0,0,32,2,34,0,8,58,2,68,32,0,32,100
12/12/2020,CXO,TX,ASW,CE,Federal Contract Tower,0,2,48,0,50,0,6,99,0,105,0,8,147,0,155,94,0,94,249
12/13/2020,CXO,TX,ASW,CE,Federal Contract Tower,0,6,9,0,15,0,0,1,0,1,0,6,10,0,16,0,0,0,16
12/14/2020,CXO,TX,ASW,CE,Federal Contract Tower,0,5,30,2,37,0,1,61,12,74,0,6,91,14,111,132,0,132,243
12/15/2020,CXO,TX,ASW,CE,Federal Contract Tower,0,9,26,0,35,0,0,0,0,0,0,9,26,0,35,0,0,0,35
12/16/2020,CXO,TX,ASW,CE,Federal Contract Tower,0,15,58,6,79,0,4,128,13,145,0,19,186,19,224,190,2,192,416
12/17/2020,CXO,TX,ASW,CE,Federal Contract Tower,0,13,62,4,79,0,3,176,11,190,0,16,238,15,269,108,0,108,377
12/18/2020,CXO,TX,ASW,CE,Federal Contract Tower,0,6,82,0,88,0,5,109,5,119,0,11,191,5,207,82,0,82,289
12/19/2020,CXO,TX,ASW,CE,Federal Contract Tower,0,10,20,0,30,0,2,5,0,7,0,12,25,0,37,0,0,0,37
12/20/2020,CXO,TX,ASW,CE,Federal Contract Tower,0,6,26,0,32,0,1,847,0,848,0,7,873,0,880,74,0,74,954
12/21/2020,CXO,TX,ASW,CE,Federal Contract Tower,0,6,42,0,48,0,1,193,6,200,0,7,235,6,248,122,0,122,370
12/22/2020,CXO,TX,ASW,CE,Federal Contract Tower,0,7,52,2,61,0,2,105,4,111,0,9,157,6,172,82,0,82,254
12/23/2020,CXO,TX,ASW,CE,Federal Contract Tower,0,9,37,0,46,0,2,49,0,51,0,11,86,0,97,40,0,40,137
12/24/2020,CXO,TX,ASW,CE,Federal Contract Tower,0,4,20,0,24,0,3,41,0,44,0,7,61,0,68,46,0,46,114
12/25/2020,CXO,TX,ASW,CE,Federal Contract Tower,0,2,10,0,12,0,12,38,0,50,0,14,48,0,62,14,0,14,76
12/26/2020,CXO,TX,ASW,CE,Federal Contract Tower,0,9,74,0,83,0,1,132,0,133,0,10,206,0,216,120,0,120,336
12/27/2020,CXO,TX,ASW,CE,Federal Contract Tower,0,4,29,0,33,0,4,101,0,105,0,8,130,0,138,34,0,34,172
12/28/2020,CXO,TX,ASW,CE,Federal Contract Tower,0,18,42,0,60,0,0,123,0,123,0,18,165,0,183,90,0,90,273
12/29/2020,CXO,TX,ASW,CE,Federal Contract Tower,0,4,51,2,57,0,2,74,6,82,0,6,125,8,139,66,2,68,207
12/30/2020,CXO,TX,ASW,CE,Federal Contract Tower,0,5,22,0,27,0,0,4,0,4,0,5,26,0,31,0,0,0,31
12/31/2020,CXO,TX,ASW,CE,Federal Contract Tower,0,7,10,0,17,0,0,0,0,0,0,7,10,0,17,0,0,0,17
01/01/2021,CXO,TX,ASW,CE,Federal Contract Tower,0,3,19,0,22,0,5,131,0,136,0,8,150,0,158,80,0,80,238
01/02/2021,CXO,TX,ASW,CE,Federal Contract Tower,0,5,28,0,33,0,2,146,0,148,0,7,174,0,181,118,0,118,299
01/03/2021,CXO,TX,ASW,CE,Federal Contract Tower,0,5,41,0,46,0,0,93,0,93,0,5,134,0,139,88,0,88,227
01/04/2021,CXO,TX,ASW,CE,Federal Contract Tower,0,7,46,2,55,0,0,108,8,116,0,7,154,10,171,142,0,142,313
01/05/2021,CXO,TX,ASW,CE,Federal Contract Tower,0,6,56,2,64,0,8,187,11,206,0,14,243,13,270,100,4,104,374
01/06/2021,CXO,TX,ASW,CE,Federal Contract Tower,0,6,33,1,40,0,2,35,11,48,0,8,68,12,88,76,18,94,182
01/07/2021,CXO,TX,ASW,CE,Federal Contract Tower,0,9,31,3,43,0,2,124,14,140,0,11,155,17,183,84,0,84,267
01/08/2021,CXO,TX,ASW,CE,Federal Contract Tower,0,9,68,2,79,0,0,140,7,147,0,9,208,9,226,128,0,128,354
01/09/2021,CXO,TX,ASW,CE,Federal Contract Tower,0,2,36,1,39,0,5,203,12,220,0,7,239,13,259,144,0,144,403
01/10/2021,CXO,TX,ASW,CE,Federal Contract Tower,0,8,19,0,27,0,0,0,0,0,0,8,19,0,27,0,0,0,27
01/11/2021,CXO,TX,ASW,CE,Federal Contract Tower,0,5,22,0,27,0,0,18,3,21,0,5,40,3,48,14,28,42,90
01/12/2021,CXO,TX,ASW,CE,Federal Contract Tower,0,4,54,3,61,0,7,143,15,165,0,11,197,18,226,90,0,90,316
01/13/2021,CXO,TX,ASW,CE,Federal Contract Tower,0,5,47,0,52,0,0,198,17,215,0,5,245,17,267,90,0,90,357
01/14/2021,CXO,TX,ASW,CE,Federal Contract Tower,0,4,37,1,42,0,1,142,18,161,0,5,179,19,203,94,2,96,299
01/15/2021,CXO,TX,ASW,CE,Federal Contract Tower,0,7,34,0,41,0,2,106,2,110,0,9,140,2,151,20,0,20,171
01/16/2021,CXO,TX,ASW,CE,Federal Contract Tower,0,1,37,0,38,0,8,187,0,195,0,9,224,0,233,102,0,102,335
01/17/2021,CXO,TX,ASW,CE,Federal Contract Tower,0,8,17,0,25,0,4,114,0,118,0,12,131,0,143,124,0,124,267
01/18/2021,CXO,TX,ASW,CE,Federal Contract Tower,0,6,47,0,53,0,2,149,0,151,0,8,196,0,204,76,0,76,280
01/19/2021,CXO,TX,ASW,CE,Federal Contract Tower,0,4,68,0,72,0,2,154,20,176,0,6,222,20,248,92,0,92,340
01/20/2021,CXO,TX,ASW,CE,Federal Contract Tower,0,7,74,4,85,0,9,14,9,32,0,16,88,13,117,26,8,34,151
01/21/2021,CXO,TX,ASW,CE,Federal Contract Tower,0,5,22,0,27,0,0,0,0,0,0,5,22,0,27,0,0,0,27
01/22/2021,CXO,TX,ASW,CE,Federal Contract Tower,0,14,43,0,57,0,3,7,0,10,0,17,50,0,67,24,0,24,91
01/23/2021,CXO,TX,ASW,CE,Federal Contract Tower,0,3,44,0,47,0,0,2,0,2,0,3,46,0,49,4,0,4,53
01/24/2021,CXO,TX,ASW,CE,Federal Contract Tower,0,2,22,0,24,0,3,6,0,9,0,5,28,0,33,6,0,6,39
01/25/2021,CXO,TX,ASW,CE,Federal Contract Tower,0,4,47,3,54,0,4,112,8,124,0,8,159,11,178,182,0,182,360
01/26/2021,CXO,TX,ASW,CE,Federal Contract Tower,0,2,56,2,60,0,7,206,8,221,0,9,262,10,281,192,0,192,473
01/27/2021,CXO,TX,ASW,CE,Federal Contract Tower,0,5,38,1,44,0,6,136,10,152,0,11,174,11,196,56,0,56,252
01/28/2021,CXO,TX,ASW,CE,Federal Contract Tower,0,2,52,0,54,0,7,240,22,269,0,9,292,22,323,140,2,142,465
01/29/2021,CXO,TX,ASW,CE,Federal Contract Tower,0,5,96,0,101,0,5,216,6,227,0,10,312,6,328,112,0,112,440
01/30/2021,CXO,TX,ASW,CE,Federal Contract Tower,0,4,39,0,43,0,0,30,0,30,0,4,69,0,73,38,0,38,111
01/31/2021,CXO,TX,ASW,CE,Federal Contract Tower,0,0,30,0,30,0,1,108,1,110,0,1,138,1,140,6,0,6,146
02/01/2021,CXO,TX,ASW,CE,Federal Contract Tower,0,4,31,0,35,0,0,163,4,167,0,4,194,4,202,46,0,46,248
02/02/2021,CXO,TX,ASW,CE,Federal Contract Tower,0,1,52,0,53,0,5,178,10,193,0,6,230,10,246,100,0,100,346
02/03/2021,CXO,TX,ASW,CE,Federal Contract Tower,0,2,60,1,63,0,12,218,9,239,0,14,278,10,302,172,0,172,474
02/04/2021,CXO,TX,ASW,CE,Federal Contract Tower,0,9,68,0,77,0,2,89,15,106,0,11,157,15,183,152,6,158,341
02/05/2021,CXO,TX,ASW,CE,Federal Contract Tower,0,11,44,0,55,0,3,101,10,114,0,14,145,10,169,86,0,86,255
02/06/2021,CXO,TX,ASW,CE,Federal Contract Tower,0,6,60,0,66,0,0,54,14,68,0,6,114,14,134,94,0,94,228
02/07/2021,CXO,TX,ASW,CE,Federal Contract Tower,0,4,28,0,32,0,0,120,0,120,0,4,148,0,152,150,0,150,302
02/08/2021,CXO,TX,ASW,CE,Federal Contract Tower,0,8,72,1,81,0,4,107,15,126,0,12,179,16,207,76,0,76,283
02/09/2021,CXO,TX,ASW,CE,Federal Contract Tower,0,9,50,3,62,0,1,86,15,102,0,10,136,18,164,94,18,112,276
02/10/2021,CXO,TX,ASW,CE,Federal Contract Tower,0,12,31,0,43,0,0,0,0,0,0,12,31,0,43,0,0,0,43
02/11/2021,CXO,TX,ASW,CE,Federal Contract Tower,0,7,14,0,21,0,0,0,0,0,0,7,14,0,21,0,0,0,21
02/12/2021,CXO,TX,ASW,CE,Federal Contract Tower,0,11,20,0,31,0,0,0,0,0,0,11,20,0,31,0,0,0,31
02/13/2021,CXO,TX,ASW,CE,Federal Contract Tower,0,8,18,0,26,0,3,6,0,9,0,11,24,0,35,2,0,2,37
02/14/2021,CXO,TX,ASW,CE,Federal Contract Tower,0,2,10,0,12,0,0,0,0,0,0,2,10,0,12,0,0,0,12
02/15/2021,CXO,TX,ASW,CE,Federal Contract Tower,0,0,0,0,0,0,0,0,0,0,0,0,0,0,0,0,0,0,0
02/16/2021,CXO,TX,ASW,CE,Federal Contract Tower,0,0,0,0,0,0,0,0,0,0,0,0,0,0,0,0,0,0,0
02/17/2021,CXO,TX,ASW,CE,Federal Contract Tower,0,0,0,0,0,0,0,0,0,0,0,0,0,0,0,0,0,0,0
02/18/2021,CXO,TX,ASW,CE,Federal Contract Tower,0,0,0,0,0,0,0,0,0,0,0,0,0,0,0,0,0,0,0
02/19/2021,CXO,TX,ASW,CE,Federal Contract Tower,0,0,0,0,0,0,0,0,0,0,0,0,0,0,0,0,0,0,0
02/20/2021,CXO,TX,ASW,CE,Federal Contract Tower,0,0,0,0,0,0,0,0,0,0,0,0,0,0,0,0,0,0,0
02/21/2021,CXO,TX,ASW,CE,Federal Contract Tower,0,0,0,0,0,0,0,0,0,0,0,0,0,0,0,0,0,0,0
02/22/2021,CXO,TX,ASW,CE,Federal Contract Tower,0,0,0,0,0,0,0,0,0,0,0,0,0,0,0,0,0,0,0
02/23/2021,CXO,TX,ASW,CE,Federal Contract Tower,0,0,0,0,0,0,0,0,0,0,0,0,0,0,0,0,0,0,0
02/24/2021,CXO,TX,ASW,CE,Federal Contract Tower,0,0,0,0,0,0,0,0,0,0,0,0,0,0,0,0,0,0,0
02/25/2021,CXO,TX,ASW,CE,Federal Contract Tower,0,0,0,0,0,0,0,0,0,0,0,0,0,0,0,0,0,0,0
02/26/2021,CXO,TX,ASW,CE,Federal Contract Tower,0,0,0,0,0,0,0,0,0,0,0,0,0,0,0,0,0,0,0
02/27/2021,CXO,TX,ASW,CE,Federal Contract Tower,0,0,0,0,0,0,0,0,0,0,0,0,0,0,0,0,0,0,0
02/28/2021,CXO,TX,ASW,CE,Federal Contract Tower,0,0,0,0,0,0,0,0,0,0,0,0,0,0,0,0,0,0,0
03/01/2021,CXO,TX,ASW,CE,Federal Contract Tower,0,4,2,0,6,0,0,0,0,0,0,4,2,0,6,0,0,0,6
03/02/2021,CXO,TX,ASW,CE,Federal Contract Tower,0,4,57,0,61,0,4,175,16,195,0,8,232,16,256,188,0,188,444
03/03/2021,CXO,TX,ASW,CE,Federal Contract Tower,0,5,78,4,87,0,2,265,22,289,0,7,343,26,376,86,0,86,462
03/04/2021,CXO,TX,ASW,CE,Federal Contract Tower,0,5,75,4,84,0,1,228,14,243,0,6,303,18,327,138,0,138,465
03/05/2021,CXO,TX,ASW,CE,Federal Contract Tower,0,8,46,0,54,0,1,56,5,62,0,9,102,5,116,128,0,128,244
03/06/2021,CXO,TX,ASW,CE,Federal Contract Tower,0,2,34,0,36,0,1,150,15,166,0,3,184,15,202,210,0,210,412
03/07/2021,CXO,TX,ASW,CE,Federal Contract Tower,0,9,44,0,53,0,0,142,0,142,0,9,186,0,195,180,0,180,375
03/08/2021,CXO,TX,ASW,CE,Federal Contract Tower,0,1,40,0,41,0,1,128,4,133,0,2,168,4,174,144,10,154,328
03/09/2021,CXO,TX,ASW,CE,Federal Contract Tower,0,10,73,4,87,0,5,85,9,99,0,15,158,13,186,62,0,62,248
03/10/2021,CXO,TX,ASW,CE,Federal Contract Tower,0,3,62,5,70,0,2,43,18,63,0,5,105,23,133,34,46,80,213
03/11/2021,CXO,TX,ASW,CE,Federal Contract Tower,0,7,83,2,92,0,6,64,15,85,0,13,147,17,177,100,8,108,285
03/12/2021,CXO,TX,ASW,CE,Federal Contract Tower,0,7,75,0,82,0,4,129,1,134,0,11,204,1,216,74,0,74,290
03/13/2021,CXO,TX,ASW,CE,Federal Contract Tower,0,11,71,0,82,0,6,96,0,102,0,17,167,0,184,58,0,58,242
03/14/2021,CXO,TX,ASW,CE,Federal Contract Tower,0,11,23,0,34,0,0,3,0,3,0,11,26,0,37,6,0,6,43
03/15/2021,CXO,TX,ASW,CE,Federal Contract Tower,0,7,53,3,63,0,2,25,8,35,0,9,78,11,98,66,72,138,236
03/17/2021,CXO,TX,ASW,CE,Federal Contract Tower,0,8,39,2,49,0,4,73,14,91,0,12,112,16,140,60,4,64,204
03/18/2021,CXO,TX,ASW,CE,Federal Contract Tower,0,7,46,0,53,0,2,136,17,155,0,9,182,17,208,98,0,98,306
03/19/2021,CXO,TX,ASW,CE,Federal Contract Tower,0,5,50,5,60,0,5,204,5,214,0,10,254,10,274,212,0,212,486
03/20/2021,CXO,TX,ASW,CE,Federal Contract Tower,0,10,58,0,68,0,4,295,0,299,0,14,353,0,367,132,0,132,499
03/21/2021,CXO,TX,ASW,CE,Federal Contract Tower,0,11,59,4,74,0,0,164,2,166,0,11,223,6,240,146,2,148,388
03/22/2021,CXO,TX,ASW,CE,Federal Contract Tower,0,2,58,2,62,0,6,119,12,137,0,8,177,14,199,58,0,58,257
03/23/2021,CXO,TX,ASW,CE,Federal Contract Tower,0,13,66,8,87,0,3,151,10,164,0,16,217,18,251,88,0,88,339
03/24/2021,CXO,TX,ASW,CE,Federal Contract Tower,0,6,35,0,41,0,0,2,0,2,0,6,37,0,43,20,0,20,63
03/25/2021,CXO,TX,ASW,CE,Federal Contract Tower,0,10,59,2,71,0,5,130,9,144,0,15,189,11,215,94,0,94,309
03/26/2021,CXO,TX,ASW,CE,Federal Contract Tower,0,13,68,0,81,0,2,246,5,253,0,15,314,5,334,98,0,98,432
03/27/2021,CXO,TX,ASW,CE,Federal Contract Tower,0,2,40,0,42,0,1,35,0,36,0,3,75,0,78,18,0,18,96
03/28/2021,CXO,TX,ASW,CE,Federal Contract Tower,0,7,25,0,32,0,0,66,0,66,0,7,91,0,98,24,0,24,122
03/29/2021,CXO,TX,ASW,CE,Federal Contract Tower,0,3,67,7,77,0,0,133,5,138,0,3,200,12,215,198,0,198,413
03/30/2021,CXO,TX,ASW,CE,Federal Contract Tower,0,9,46,7,62,0,2,80,4,86,0,11,126,11,148,152,6,158,306
03/31/2021,CXO,TX,ASW,CE,Federal Contract Tower,0,4,44,0,48,0,3,21,5,29,0,7,65,5,77,20,0,20,97
04/01/2021,CXO,TX,ASW,CE,Federal Contract Tower,0,10,84,3,97,0,2,203,24,229,0,12,287,27,326,132,0,132,458
04/02/2021,CXO,TX,ASW,CE,Federal Contract Tower,0,6,41,0,47,0,1,211,2,214,0,7,252,2,261,154,0,154,415
04/03/2021,CXO,TX,ASW,CE,Federal Contract Tower,0,4,51,0,55,0,3,123,0,126,0,7,174,0,181,144,0,144,325
04/04/2021,CXO,TX,ASW,CE,Federal Contract Tower,0,9,37,0,46,0,0,49,0,49,0,9,86,0,95,92,0,92,187
04/05/2021,CXO,TX,ASW,CE,Federal Contract Tower,0,15,43,0,58,0,2,114,0,116,0,17,157,0,174,164,0,164,338
04/06/2021,CXO,TX,ASW,CE,Federal Contract Tower,0,6,75,5,86,0,3,135,13,151,0,9,210,18,237,64,0,64,301
04/07/2021,CXO,TX,ASW,CE,Federal Contract Tower,0,10,55,4,69,0,1,58,11,70,0,11,113,15,139,64,14,78,217
04/08/2021,CXO,TX,ASW,CE,Federal Contract Tower,0,7,65,0,72,0,2,249,20,271,0,9,314,20,343,176,8,184,527
04/09/2021,CXO,TX,ASW,CE,Federal Contract Tower,0,8,57,5,70,0,3,117,10,130,0,11,174,15,200,142,2,144,344
04/10/2021,CXO,TX,ASW,CE,Federal Contract Tower,0,3,50,0,53,0,5,150,7,162,0,8,200,7,215,68,0,68,283
04/11/2021,CXO,TX,ASW,CE,Federal Contract Tower,0,8,44,1,53,0,0,310,1,311,0,8,354,2,364,114,0,114,478
04/12/2021,CXO,TX,ASW,CE,Federal Contract Tower,0,9,55,1,65,0,0,151,8,159,0,9,206,9,224,102,0,102,326
04/13/2021,CXO,TX,ASW,CE,Federal Contract Tower,0,8,58,0,66,0,2,81,12,95,0,10,139,12,161,78,36,114,275
04/14/2021,CXO,TX,ASW,CE,Federal Contract Tower,0,15,41,0,56,0,0,1,8,9,0,15,42,8,65,0,36,36,101
04/15/2021,CXO,TX,ASW,CE,Federal Contract Tower,0,7,55,1,63,0,4,43,7,54,0,11,98,8,117,46,10,56,173
04/16/2021,CXO,TX,ASW,CE,Federal Contract Tower,0,8,32,0,40,0,2,6,0,8,0,10,38,0,48,24,0,24,72
04/17/2021,CXO,TX,ASW,CE,Federal Contract Tower,0,5,56,0,61,0,0,83,0,83,0,5,139,0,144,142,0,142,286
04/18/2021,CXO,TX,ASW,CE,Federal Contract Tower,0,3,35,1,39,0,0,152,0,152,0,3,187,1,191,138,0,138,329
04/19/2021,CXO,TX,ASW,CE,Federal Contract Tower,0,8,59,0,67,0,2,165,6,173,0,10,224,6,240,150,3,153,393
04/20/2021,CXO,TX,ASW,CE,Federal Contract Tower,0,2,55,3,60,0,0,183,7,190,0,2,238,10,250,124,2,126,376
04/21/2021,CXO,TX,ASW,CE,Federal Contract Tower,0,9,58,0,67,0,4,178,9,191,0,13,236,9,258,182,0,182,440
04/22/2021,CXO,TX,ASW,CE,Federal Contract Tower,0,8,79,6,93,0,4,165,10,179,0,12,244,16,272,180,2,182,454
04/23/2021,CXO,TX,ASW,CE,Federal Contract Tower,0,8,23,0,31,0,0,0,0,0,0,8,23,0,31,0,0,0,31
04/24/2021,CXO,TX,ASW,CE,Federal Contract Tower,0,9,26,0,35,0,6,151,0,157,0,15,177,0,192,84,0,84,276
04/25/2021,CXO,TX,ASW,CE,Federal Contract Tower,0,8,31,0,39,0,0,189,0,189,0,8,220,0,228,130,0,130,358
04/26/2021,CXO,TX,ASW,CE,Federal Contract Tower,0,7,60,0,67,0,2,116,11,129,0,9,176,11,196,176,2,178,374
04/27/2021,CXO,TX,ASW,CE,Federal Contract Tower,0,14,85,3,102,0,2,86,15,103,0,16,171,18,205,196,12,208,413
04/28/2021,CXO,TX,ASW,CE,Federal Contract Tower,0,6,53,2,61,0,4,60,4,68,0,10,113,6,129,72,0,72,201
04/29/2021,CXO,TX,ASW,CE,Federal Contract Tower,0,10,54,5,69,0,4,129,3,136,0,14,183,8,205,228,8,236,441
04/30/2021,CXO,TX,ASW,CE,Federal Contract Tower,0,9,24,0,33,0,0,35,0,35,0,9,59,0,68,84,0,84,152
05/01/2021,CXO,TX,ASW,CE,Federal Contract Tower,0,7,17,0,24,0,0,4,2,6,0,7,21,2,30,4,0,4,34
05/02/2021,CXO,TX,ASW,CE,Federal Contract Tower,0,9,46,0,55,0,1,57,0,58,0,10,103,0,113,80,0,80,193
05/03/2021,CXO,TX,ASW,CE,Federal Contract Tower,0,4,75,1,80,0,0,112,7,119,0,4,187,8,199,156,0,156,355
05/04/2021,CXO,TX,ASW,CE,Federal Contract Tower,0,8,28,4,40,0,2,101,8,111,0,10,129,12,151,142,2,144,295
05/05/2021,CXO,TX,ASW,CE,Federal Contract Tower,0,7,48,2,57,0,2,245,9,256,0,9,293,11,313,200,0,200,513
05/06/2021,CXO,TX,ASW,CE,Federal Contract Tower,0,9,63,0,72,0,5,179,10,194,0,14,242,10,266,180,2,182,448
05/07/2021,CXO,TX,ASW,CE,Federal Contract Tower,0,6,63,2,71,0,0,273,5,278,0,6,336,7,349,115,0,115,464
05/08/2021,CXO,TX,ASW,CE,Federal Contract Tower,0,4,42,0,46,0,2,146,0,148,0,6,188,0,194,100,0,100,294
05/09/2021,CXO,TX,ASW,CE,Federal Contract Tower,0,5,30,0,35,0,2,17,0,19,0,7,47,0,54,6,0,6,60
05/10/2021,CXO,TX,ASW,CE,Federal Contract Tower,0,7,41,1,49,0,3,93,8,104,0,10,134,9,153,124,18,142,295
05/11/2021,CXO,TX,ASW,CE,Federal Contract Tower,0,6,36,0,42,0,6,32,2,40,0,12,68,2,82,46,0,46,128
05/12/2021,CXO,TX,ASW,CE,Federal Contract Tower,0,7,53,4,64,0,4,21,6,31,0,11,74,10,95,12,2,14,109
05/13/2021,CXO,TX,ASW,CE,Federal Contract Tower,0,4,75,0,79,0,8,205,9,222,0,12,280,9,301,120,0,120,421
05/14/2021,CXO,TX,ASW,CE,Federal Contract Tower,0,3,77,0,80,0,2,229,6,237,0,5,306,6,317,134,0,134,451
05/15/2021,CXO,TX,ASW,CE,Federal Contract Tower,0,2,74,0,76,0,4,184,0,188,0,6,258,0,264,116,0,116,380
05/16/2021,CXO,TX,ASW,CE,Federal Contract Tower,0,6,32,0,38,0,2,26,0,28,0,8,58,0,66,48,0,48,114
05/17/2021,CXO,TX,ASW,CE,Federal Contract Tower,0,5,14,0,19,0,0,9,0,9,0,5,23,0,28,0,0,0,28
05/18/2021,CXO,TX,ASW,CE,Federal Contract Tower,0,15,59,0,74,0,6,61,10,77,0,21,120,10,151,138,24,162,313
05/19/2021,CXO,TX,ASW,CE,Federal Contract Tower,0,7,41,0,48,0,0,24,0,24,0,7,65,0,72,36,0,36,108
05/20/2021,CXO,TX,ASW,CE,Federal Contract Tower,0,3,96,1,100,0,4,44,5,53,0,7,140,6,153,28,0,28,181
05/21/2021,CXO,TX,ASW,CE,Federal Contract Tower,0,6,43,6,55,0,4,31,1,36,0,10,74,7,91,78,0,78,169
05/22/2021,CXO,TX,ASW,CE,Federal Contract Tower,0,3,58,0,61,0,2,42,0,44,0,5,100,0,105,30,0,30,135
05/23/2021,CXO,TX,ASW,CE,Federal Contract Tower,0,6,40,1,47,0,0,22,1,23,0,6,62,2,70,12,0,12,82
05/24/2021,CXO,TX,ASW,CE,Federal Contract Tower,0,17,43,0,60,6,13,3,0,22,6,30,46,0,82,110,0,110,192
05/25/2021,CXO,TX,ASW,CE,Federal Contract Tower,0,6,57,6,69,0,0,46,4,50,0,6,103,10,119,54,0,54,173
05/26/2021,CXO,TX,ASW,CE,Federal Contract Tower,0,9,70,10,89,0,2,172,3,177,0,11,242,13,266,148,10,158,424
05/27/2021,CXO,TX,ASW,CE,Federal Contract Tower,0,9,79,1,89,0,4,176,10,190,0,13,255,11,279,114,0,114,393
05/28/2021,CXO,TX,ASW,CE,Federal Contract Tower,0,8,50,3,61,0,1,126,3,130,0,9,176,6,191,88,2,90,281
05/29/2021,CXO,TX,ASW,CE,Federal Contract Tower,0,9,32,0,41,0,1,120,0,121,0,10,152,0,162,180,0,180,342
05/30/2021,CXO,TX,ASW,CE,Federal Contract Tower,0,2,43,0,45,0,8,125,0,133,0,10,168,0,178,58,0,58,236
05/31/2021,CXO,TX,ASW,CE,Federal Contract Tower,0,9,58,0,67,0,5,154,0,159,0,14,212,0,226,196,0,196,422
06/01/2021,CXO,TX,ASW,CE,Federal Contract Tower,0,7,52,1,60,0,0,43,3,46,0,7,95,4,106,158,0,158,264
06/02/2021,CXO,TX,ASW,CE,Federal Contract Tower,0,5,44,3,52,0,0,126,7,133,0,5,170,10,185,324,10,334,519
06/03/2021,CXO,TX,ASW,CE,Federal Contract Tower,0,13,55,0,68,0,5,86,3,94,0,18,141,3,162,98,0,98,260
06/04/2021,CXO,TX,ASW,CE,Federal Contract Tower,0,11,60,2,73,0,1,55,3,59,0,12,115,5,132,116,0,116,248
06/05/2021,CXO,TX,ASW,CE,Federal Contract Tower,0,5,22,0,27,0,1,39,0,40,0,6,61,0,67,82,0,82,149
06/06/2021,CXO,TX,ASW,CE,Federal Contract Tower,0,5,51,1,57,0,3,72,0,75,0,8,123,1,132,76,0,76,208
06/07/2021,CXO,TX,ASW,CE,Federal Contract Tower,0,9,87,0,96,0,2,72,4,78,0,11,159,4,174,124,0,124,298
06/08/2021,CXO,TX,ASW,CE,Federal Contract Tower,0,11,53,1,65,0,6,132,10,148,0,17,185,11,213,148,0,148,361
06/09/2021,CXO,TX,ASW,CE,Federal Contract Tower,0,13,68,6,87,0,2,135,3,140,0,15,203,9,227,164,0,164,391
06/10/2021,CXO,TX,ASW,CE,Federal Contract Tower,0,6,70,2,78,0,0,140,2,142,0,6,210,4,220,156,0,156,376
06/11/2021,CXO,TX,ASW,CE,Federal Contract Tower,0,8,54,0,62,0,6,229,2,237,0,14,283,2,299,174,0,174,473
06/12/2021,CXO,TX,ASW,CE,Federal Contract Tower,0,6,41,0,47,0,0,243,4,247,0,6,284,4,294,92,0,92,386
06/13/2021,CXO,TX,ASW,CE,Federal Contract Tower,0,3,40,0,43,0,2,104,3,109,0,5,144,3,152,62,0,62,214
06/14/2021,CXO,TX,ASW,CE,Federal Contract Tower,0,5,31,3,39,0,0,82,2,84,0,5,113,5,123,164,0,164,287
06/15/2021,CXO,TX,ASW,CE,Federal Contract Tower,0,3,54,0,57,0,0,201,3,204,0,3,255,3,261,150,0,150,411
06/16/2021,CXO,TX,ASW,CE,Federal Contract Tower,0,7,75,0,82,0,4,154,3,161,0,11,229,3,243,238,0,238,481
06/17/2021,CXO,TX,ASW,CE,Federal Contract Tower,0,11,79,1,91,0,8,144,3,155,0,19,223,4,246,186,2,188,434
06/18/2021,CXO,TX,ASW,CE,Federal Contract Tower,0,3,89,1,93,0,3,170,1,174,0,6,259,2,267,186,0,186,453
06/19/2021,CXO,TX,ASW,CE,Federal Contract Tower,0,2,38,0,40,0,3,168,1,172,0,5,206,1,212,138,0,138,350
06/20/2021,CXO,TX,ASW,CE,Federal Contract Tower,0,7,31,0,38,0,0,67,0,67,0,7,98,0,105,84,0,84,189
06/21/2021,CXO,TX,ASW,CE,Federal Contract Tower,0,3,41,0,44,0,1,77,0,78,0,4,118,0,122,96,0,96,218
06/22/2021,CXO,TX,ASW,CE,Federal Contract Tower,0,12,61,2,75,0,0,67,4,71,0,12,128,6,146,134,0,134,280
06/23/2021,CXO,TX,ASW,CE,Federal Contract Tower,0,6,62,0,68,0,2,90,3,95,0,8,152,3,163,140,0,140,303
06/24/2021,CXO,TX,ASW,CE,Federal Contract Tower,0,7,59,0,66,0,7,96,6,109,0,14,155,6,175,102,0,102,277
06/25/2021,CXO,TX,ASW,CE,Federal Contract Tower,0,8,41,0,49,0,1,121,4,126,0,9,162,4,175,116,0,116,291
06/26/2021,CXO,TX,ASW,CE,Federal Contract Tower,0,7,46,0,53,0,0,142,1,143,0,7,188,1,196,180,0,180,376
06/27/2021,CXO,TX,ASW,CE,Federal Contract Tower,0,9,45,0,54,0,0,34,0,34,0,9,79,0,88,26,6,32,120
06/28/2021,CXO,TX,ASW,CE,Federal Contract Tower,0,8,45,0,53,0,2,3,2,7,0,10,48,2,60,6,0,6,66
06/29/2021,CXO,TX,ASW,CE,Federal Contract Tower,0,11,73,0,84,0,2,68,3,73,0,13,141,3,157,116,0,116,273
06/30/2021,CXO,TX,ASW,CE,Federal Contract Tower,0,9,47,0,56,0,5,165,14,184,0,14,212,14,240,162,0,162,402
07/01/2021,CXO,TX,ASW,CE,Federal Contract Tower,0,11,82,4,97,0,2,159,11,172,0,13,241,15,269,156,0,156,425
07/02/2021,CXO,TX,ASW,CE,Federal Contract Tower,0,7,52,0,59,0,0,136,0,136,0,7,188,0,195,150,0,150,345
07/03/2021,CXO,TX,ASW,CE,Federal Contract Tower,0,4,20,0,24,0,0,4,0,4,0,4,24,0,28,8,0,8,36
07/04/2021,CXO,TX,ASW,CE,Federal Contract Tower,0,2,24,0,26,0,2,43,0,45,0,4,67,0,71,24,0,24,95
07/05/2021,CXO,TX,ASW,CE,Federal Contract Tower,0,1,38,0,39,0,2,55,0,57,0,3,93,0,96,64,0,64,160
07/06/2021,CXO,TX,ASW,CE,Federal Contract Tower,0,5,47,2,54,0,6,79,0,85,0,11,126,2,139,108,0,108,247
07/07/2021,CXO,TX,ASW,CE,Federal Contract Tower,0,4,51,5,60,0,4,118,22,144,0,8,169,27,204,134,4,138,342
07/08/2021,CXO,TX,ASW,CE,Federal Contract Tower,0,15,58,3,76,0,2,88,6,96,0,17,146,9,172,120,0,120,292
07/09/2021,CXO,TX,ASW,CE,Federal Contract Tower,0,8,40,2,50,0,0,36,0,36,0,8,76,2,86,16,0,16,102
07/10/2021,CXO,TX,ASW,CE,Federal Contract Tower,0,7,65,0,72,0,6,108,2,116,0,13,173,2,188,28,0,28,216
07/11/2021,CXO,TX,ASW,CE,Federal Contract Tower,0,5,50,0,55,0,2,75,0,77,0,7,125,0,132,40,0,40,172
07/12/2021,CXO,TX,ASW,CE,Federal Contract Tower,0,13,23,1,37,0,2,31,3,36,0,15,54,4,73,30,0,30,103
07/13/2021,CXO,TX,ASW,CE,Federal Contract Tower,0,9,46,1,56,0,2,113,7,122,0,11,159,8,178,178,0,178,356
07/14/2021,CXO,TX,ASW,CE,Federal Contract Tower,0,6,39,2,47,0,4,177,4,185,0,10,216,6,232,156,14,170,402
07/15/2021,CXO,TX,ASW,CE,Federal Contract Tower,0,4,62,1,67,0,0,120,3,123,0,4,182,4,190,134,0,134,324
07/16/2021,CXO,TX,ASW,CE,Federal Contract Tower,0,12,80,1,93,0,4,119,1,124,0,16,199,2,217,164,0,164,381
07/17/2021,CXO,TX,ASW,CE,Federal Contract Tower,0,8,39,1,48,0,181,2,0,183,0,189,41,1,231,60,0,60,291
07/19/2021,CXO,TX,ASW,CE,Federal Contract Tower,0,9,61,2,72,0,0,108,2,110,0,9,169,4,182,200,6,206,388
07/20/2021,CXO,TX,ASW,CE,Federal Contract Tower,0,11,54,1,66,0,4,83,7,94,0,15,137,8,160,104,0,104,264
07/21/2021,CXO,TX,ASW,CE,Federal Contract Tower,0,6,59,1,66,0,3,130,6,139,0,9,189,7,205,192,0,192,397
07/22/2021,CXO,TX,ASW,CE,Federal Contract Tower,0,4,85,0,89,0,9,153,6,168,0,13,238,6,257,104,0,104,361
07/23/2021,CXO,TX,ASW,CE,Federal Contract Tower,0,0,68,2,70,0,4,149,1,154,0,4,217,3,224,140,0,140,364
07/24/2021,CXO,TX,ASW,CE,Federal Contract Tower,0,1,52,0,53,0,1,182,0,183,0,2,234,0,236,120,0,120,356
07/25/2021,CXO,TX,ASW,CE,Federal Contract Tower,0,4,39,0,43,0,2,91,0,93,0,6,130,0,136,54,0,54,190
07/26/2021,CXO,TX,ASW,CE,Federal Contract Tower,0,6,59,3,68,0,6,148,10,164,0,12,207,13,232,160,0,160,392
07/27/2021,CXO,TX,ASW,CE,Federal Contract Tower,0,10,57,1,68,0,0,167,4,171,0,10,224,5,239,88,0,88,327
07/28/2021,CXO,TX,ASW,CE,Federal Contract Tower,0,7,89,0,96,0,5,169,5,179,0,12,258,5,275,224,0,224,499
07/29/2021,CXO,TX,ASW,CE,Federal Contract Tower,0,13,82,0,95,0,2,139,7,148,0,15,221,7,243,130,0,130,373
07/30/2021,CXO,TX,ASW,CE,Federal Contract Tower,0,13,62,0,75,0,0,143,0,143,0,13,205,0,218,116,0,116,334
07/31/2021,CXO,TX,ASW,CE,Federal Contract Tower,0,4,55,0,59,0,0,135,0,135,0,4,190,0,194,70,0,70,264
08/01/2021,CXO,TX,ASW,CE,Federal Contract Tower,0,10,31,0,41,0,5,101,0,106,0,15,132,0,147,30,0,30,177
08/02/2021,CXO,TX,ASW,CE,Federal Contract Tower,0,10,33,0,43,0,0,66,0,66,0,10,99,0,109,146,0,146,255
08/03/2021,CXO,TX,ASW,CE,Federal Contract Tower,0,14,77,4,95,0,6,93,6,105,0,20,170,10,200,66,0,66,266
08/04/2021,CXO,TX,ASW,CE,Federal Contract Tower,0,2,79,3,84,0,4,160,11,175,0,6,239,14,259,136,0,136,395
08/05/2021,CXO,TX,ASW,CE,Federal Contract Tower,0,6,93,1,100,0,2,167,18,187,0,8,260,19,287,194,0,194,481
08/06/2021,CXO,TX,ASW,CE,Federal Contract Tower,0,3,72,0,75,0,3,183,3,189,0,6,255,3,264,110,0,110,374
08/07/2021,CXO,TX,ASW,CE,Federal Contract Tower,0,3,64,0,67,0,1,87,7,95,0,4,151,7,162,56,0,56,218
08/08/2021,CXO,TX,ASW,CE,Federal Contract Tower,0,3,58,0,61,0,0,64,2,66,0,3,122,2,127,28,0,28,155
08/09/2021,CXO,TX,ASW,CE,Federal Contract Tower,0,10,55,0,65,0,3,75,2,80,0,13,130,2,145,148,0,148,293
08/10/2021,CXO,TX,ASW,CE,Federal Contract Tower,0,10,72,2,84,0,2,133,4,139,0,12,205,6,223,126,2,128,351
08/11/2021,CXO,TX,ASW,CE,Federal Contract Tower,0,9,60,1,70,0,2,100,6,108,0,11,160,7,178,38,0,38,216
08/12/2021,CXO,TX,ASW,CE,Federal Contract Tower,0,9,55,0,64,0,7,110,5,122,0,16,165,5,186,156,0,156,342
08/13/2021,CXO,TX,ASW,CE,Federal Contract Tower,0,8,80,1,89,0,2,106,0,108,0,10,186,1,197,158,0,158,355
08/14/2021,CXO,TX,ASW,CE,Federal Contract Tower,0,3,57,0,60,0,4,159,0,163,0,7,216,0,223,110,0,110,333
08/15/2021,CXO,TX,ASW,CE,Federal Contract Tower,0,11,49,0,60,0,0,90,0,90,0,11,139,0,150,46,0,46,196
08/16/2021,CXO,TX,ASW,CE,Federal Contract Tower,0,4,55,0,59,0,5,63,0,68,0,9,118,0,127,90,0,90,217
08/17/2021,CXO,TX,ASW,CE,Federal Contract Tower,0,5,54,4,63,0,0,111,4,115,0,5,165,8,178,192,0,192,370
08/18/2021,CXO,TX,ASW,CE,Federal Contract Tower,0,12,33,0,45,0,2,34,1,37,0,14,67,1,82,80,0,80,162
08/19/2021,CXO,TX,ASW,CE,Federal Contract Tower,0,1,73,2,76,0,5,125,7,137,0,6,198,9,213,184,2,186,399
08/20/2021,CXO,TX,ASW,CE,Federal Contract Tower,0,7,103,0,110,0,6,193,6,205,0,13,296,6,315,108,4,112,427
08/21/2021,CXO,TX,ASW,CE,Federal Contract Tower,0,1,86,0,87,0,0,150,2,152,0,1,236,2,239,132,0,132,371
08/22/2021,CXO,TX,ASW,CE,Federal Contract Tower,0,3,0,54,57,0,1,140,0,141,0,4,140,54,198,76,0,76,274
08/23/2021,CXO,TX,ASW,CE,Federal Contract Tower,0,7,59,0,66,0,5,149,0,154,0,12,208,0,220,176,0,176,396
08/24/2021,CXO,TX,ASW,CE,Federal Contract Tower,0,5,74,0,79,0,4,154,3,161,0,9,228,3,240,152,0,152,392
08/25/2021,CXO,TX,ASW,CE,Federal Contract Tower,0,1,68,0,69,0,2,163,8,173,0,3,231,8,242,134,0,134,376
08/26/2021,CXO,TX,ASW,CE,Federal Contract Tower,0,9,74,1,84,0,6,149,16,171,0,15,223,17,255,170,12,182,437
08/27/2021,CXO,TX,ASW,CE,Federal Contract Tower,0,7,74,1,82,0,3,116,1,120,0,10,190,2,202,148,0,148,350
08/28/2021,CXO,TX,ASW,CE,Federal Contract Tower,0,27,46,2,75,0,6,36,0,42,0,33,82,2,117,80,0,80,197
08/29/2021,CXO,TX,ASW,CE,Federal Contract Tower,0,7,18,0,25,0,10,82,0,92,0,17,100,0,117,36,0,36,153
08/30/2021,CXO,TX,ASW,CE,Federal Contract Tower,0,4,47,0,51,0,5,148,5,158,0,9,195,5,209,162,0,162,371
08/31/2021,CXO,TX,ASW,CE,Federal Contract Tower,0,10,62,2,74,0,15,188,2,205,0,25,250,4,279,172,0,172,451
09/01/2021,CXO,TX,ASW,CE,Federal Contract Tower,0,5,70,1,76,0,2,138,12,152,0,7,208,13,228,56,0,56,284
09/02/2021,CXO,TX,ASW,CE,Federal Contract Tower,0,8,68,0,76,0,1,99,2,102,0,9,167,2,178,90,0,90,268
09/03/2021,CXO,TX,ASW,CE,Federal Contract Tower,0,11,73,0,84,0,5,141,4,150,0,16,214,4,234,172,0,172,406
09/04/2021,CXO,TX,ASW,CE,Federal Contract Tower,0,4,38,0,42,0,2,118,3,123,0,6,156,3,165,120,0,120,285
09/05/2021,CXO,TX,ASW,CE,Federal Contract Tower,0,3,35,9,47,0,5,131,0,136,0,8,166,9,183,78,0,78,261
09/06/2021,CXO,TX,ASW,CE,Federal Contract Tower,0,5,45,0,50,0,2,122,0,124,0,7,167,0,174,138,0,138,312
09/07/2021,CXO,TX,ASW,CE,Federal Contract Tower,0,6,91,2,99,0,5,148,4,157,0,11,239,6,256,132,0,132,388
09/08/2021,CXO,TX,ASW,CE,Federal Contract Tower,0,7,71,0,78,0,1,164,3,168,0,8,235,3,246,148,0,148,394
09/09/2021,CXO,TX,ASW,CE,Federal Contract Tower,0,5,69,1,75,0,9,171,6,186,0,14,240,7,261,196,0,196,457
09/10/2021,CXO,TX,ASW,CE,Federal Contract Tower,0,10,71,4,85,0,0,201,7,208,0,10,272,11,293,120,0,120,413
09/11/2021,CXO,TX,ASW,CE,Federal Contract Tower,0,3,39,0,42,0,2,188,5,195,0,5,227,5,237,180,0,180,417
09/12/2021,CXO,TX,ASW,CE,Federal Contract Tower,0,4,36,0,40,0,0,118,1,119,0,4,154,1,159,110,0,110,269
09/13/2021,CXO,TX,ASW,CE,Federal Contract Tower,0,9,18,0,27,0,0,7,0,7,0,9,25,0,34,2,0,2,36
09/14/2021,CXO,TX,ASW,CE,Federal Contract Tower,0,0,26,0,26,0,1,1,0,2,0,1,27,0,28,6,0,6,34
09/15/2021,CXO,TX,ASW,CE,Federal Contract Tower,0,4,72,0,76,0,3,38,3,44,0,7,110,3,120,50,0,50,170
09/16/2021,CXO,TX,ASW,CE,Federal Contract Tower,0,16,129,1,146,0,1,37,11,49,0,17,166,12,195,6,0,6,201
09/17/2021,CXO,TX,ASW,CE,Federal Contract Tower,0,3,103,0,106,0,2,134,2,138,0,5,237,2,244,212,0,212,456
09/18/2021,CXO,TX,ASW,CE,Federal Contract Tower,0,6,45,0,51,0,2,133,0,135,0,8,178,0,186,120,0,120,306
09/19/2021,CXO,TX,ASW,CE,Federal Contract Tower,0,3,70,0,73,0,2,98,0,100,0,5,168,0,173,166,0,166,339
09/20/2021,CXO,TX,ASW,CE,Federal Contract Tower,0,12,95,0,107,0,2,147,2,151,0,14,242,2,258,270,0,270,528
09/21/2021,CXO,TX,ASW,CE,Federal Contract Tower,0,12,74,2,88,0,2,150,5,157,0,14,224,7,245,76,0,76,321
09/22/2021,CXO,TX,ASW,CE,Federal Contract Tower,0,9,85,2,96,0,6,181,14,201,0,15,266,16,297,96,8,104,401
09/23/2021,CXO,TX,ASW,CE,Federal Contract Tower,0,4,94,0,98,0,6,189,3,198,0,10,283,3,296,234,0,234,530
09/24/2021,CXO,TX,ASW,CE,Federal Contract Tower,0,0,103,0,103,0,4,222,1,227,0,4,325,1,330,158,0,158,488
09/25/2021,CXO,TX,ASW,CE,Federal Contract Tower,0,7,38,0,45,0,10,236,0,246,0,17,274,0,291,150,0,150,441
09/26/2021,CXO,TX,ASW,CE,Federal Contract Tower,0,4,47,0,51,0,4,128,0,132,0,8,175,0,183,108,0,108,291
09/27/2021,CXO,TX,ASW,CE,Federal Contract Tower,0,6,65,2,73,0,0,161,3,164,0,6,226,5,237,0,264,264,501
09/28/2021,CXO,TX,ASW,CE,Federal Contract Tower,0,3,57,4,64,0,0,26,0,26,0,3,83,4,90,46,0,46,136
09/29/2021,CXO,TX,ASW,CE,Federal Contract Tower,0,3,72,2,77,0,0,88,2,90,0,3,160,4,167,60,0,60,227
09/30/2021,CXO,TX,ASW,CE,Federal Contract Tower,0,7,42,0,49,0,2,67,5,74,0,9,109,5,123,98,0,98,221
10/01/2021,CXO,TX,ASW,CE,Federal Contract Tower,0,6,33,0,39,0,2,5,0,7,0,8,38,0,46,0,0,0,46
10/02/2021,CXO,TX,ASW,CE,Federal Contract Tower,0,4,24,0,28,0,5,35,0,40,0,9,59,0,68,38,0,38,106
10/03/2021,CXO,TX,ASW,CE,Federal Contract Tower,0,2,44,0,46,0,2,65,0,67,0,4,109,0,113,62,0,62,175
10/04/2021,CXO,TX,ASW,CE,Federal Contract Tower,0,4,52,0,56,0,4,174,9,187,0,8,226,9,243,270,0,270,513
10/05/2021,CXO,TX,ASW,CE,Federal Contract Tower,0,3,78,5,86,0,3,225,6,234,0,6,303,11,320,170,0,170,490
10/06/2021,CXO,TX,ASW,CE,Federal Contract Tower,0,10,86,2,98,0,3,266,0,269,0,13,352,2,367,172,0,172,539
10/07/2021,CXO,TX,ASW,CE,Federal Contract Tower,0,8,77,1,86,0,8,202,3,213,0,16,279,4,299,246,0,246,545
10/08/2021,CXO,TX,ASW,CE,Federal Contract Tower,0,6,91,0,97,0,8,211,0,219,0,14,302,0,316,142,0,142,458
10/09/2021,CXO,TX,ASW,CE,Federal Contract Tower,0,5,53,0,58,0,2,160,0,162,0,7,213,0,220,80,0,80,300
10/10/2021,CXO,TX,ASW,CE,Federal Contract Tower,0,9,56,0,65,0,0,73,6,79,0,9,129,6,144,24,0,24,168
10/11/2021,CXO,TX,ASW,CE,Federal Contract Tower,0,2,51,0,53,0,138,0,0,138,0,140,51,0,191,212,0,212,403
10/12/2021,CXO,TX,ASW,CE,Federal Contract Tower,0,3,64,0,67,0,6,62,0,68,0,9,126,0,135,102,0,102,237
10/13/2021,CXO,TX,ASW,CE,Federal Contract Tower,0,3,94,0,97,0,4,137,5,146,0,7,231,5,243,130,8,138,381
10/14/2021,CXO,TX,ASW,CE,Federal Contract Tower,0,10,50,0,60,0,0,49,3,52,0,10,99,3,112,66,0,66,178
10/15/2021,CXO,TX,ASW,CE,Federal Contract Tower,0,10,64,2,76,0,4,74,0,78,0,14,138,2,154,126,0,126,280
10/16/2021,CXO,TX,ASW,CE,Federal Contract Tower,0,1,42,0,43,0,3,138,0,141,0,4,180,0,184,138,0,138,322
10/17/2021,CXO,TX,ASW,CE,Federal Contract Tower,0,3,39,2,44,0,1,143,0,144,0,4,182,2,188,136,0,136,324
10/18/2021,CXO,TX,ASW,CE,Federal Contract Tower,0,6,71,0,77,0,0,194,3,197,0,6,265,3,274,148,0,148,422
10/19/2021,CXO,TX,ASW,CE,Federal Contract Tower,0,5,65,0,70,0,6,177,9,192,0,11,242,9,262,250,0,250,512
10/20/2021,CXO,TX,ASW,CE,Federal Contract Tower,0,3,81,0,84,0,3,219,8,230,0,6,300,8,314,168,0,168,482
10/21/2021,CXO,TX,ASW,CE,Federal Contract Tower,0,4,77,0,81,0,3,129,0,132,0,7,206,0,213,170,0,170,383
10/22/2021,CXO,TX,ASW,CE,Federal Contract Tower,0,8,76,9,93,0,3,193,4,200,0,11,269,13,293,132,0,132,425
10/23/2021,CXO,TX,ASW,CE,Federal Contract Tower,0,1,32,0,33,0,0,58,1,59,0,1,90,1,92,68,0,68,160
10/24/2021,CXO,TX,ASW,CE,Federal Contract Tower,0,8,62,0,70,0,0,74,0,74,0,8,136,0,144,36,0,36,180
10/25/2021,CXO,TX,ASW,CE,Federal Contract Tower,0,9,71,0,80,0,9,93,3,105,0,18,164,3,185,174,0,174,359
10/26/2021,CXO,TX,ASW,CE,Federal Contract Tower,0,3,79,0,82,0,4,95,0,99,0,7,174,0,181,198,0,198,379
10/27/2021,CXO,TX,ASW,CE,Federal Contract Tower,0,7,23,0,30,0,1,49,4,54,0,8,72,4,84,84,0,84,168
10/28/2021,CXO,TX,ASW,CE,Federal Contract Tower,0,7,35,0,42,0,2,81,2,85,0,9,116,2,127,70,0,70,197
10/29/2021,CXO,TX,ASW,CE,Federal Contract Tower,0,5,44,2,51,0,2,94,0,96,0,7,138,2,147,36,0,36,183
10/30/2021,CXO,TX,ASW,CE,Federal Contract Tower,0,4,39,0,43,0,6,269,0,275,0,10,308,0,318,106,0,106,424
10/31/2021,CXO,TX,ASW,CE,Federal Contract Tower,0,3,40,0,43,0,2,151,0,153,0,5,191,0,196,202,0,202,398
11/01/2021,CXO,TX,ASW,CE,Federal Contract Tower,0,4,74,0,78,0,2,247,1,250,0,6,321,1,328,162,0,162,490
11/02/2021,CXO,TX,ASW,CE,Federal Contract Tower,0,8,79,2,89,0,1,161,6,168,0,9,240,8,257,204,0,204,461
11/03/2021,CXO,TX,ASW,CE,Federal Contract Tower,0,8,52,2,62,0,1,46,1,48,0,9,98,3,110,46,0,46,156
11/04/2021,CXO,TX,ASW,CE,Federal Contract Tower,0,6,74,0,80,0,9,55,0,64,0,15,129,0,144,160,0,160,304
11/05/2021,CXO,TX,ASW,CE,Federal Contract Tower,0,12,60,0,72,0,9,274,2,285,0,21,334,2,357,162,0,162,519
11/06/2021,CXO,TX,ASW,CE,Federal Contract Tower,0,1,41,0,42,0,4,216,3,223,0,5,257,3,265,146,0,146,411
11/07/2021,CXO,TX,ASW,CE,Federal Contract Tower,0,4,51,0,55,0,2,121,0,123,0,6,172,0,178,88,0,88,266
11/08/2021,CXO,TX,ASW,CE,Federal Contract Tower,0,5,68,0,73,0,3,124,3,130,0,8,192,3,203,142,4,146,349
11/09/2021,CXO,TX,ASW,CE,Federal Contract Tower,0,7,61,0,68,0,4,198,5,207,0,11,259,5,275,152,0,152,427
11/10/2021,CXO,TX,ASW,CE,Federal Contract Tower,0,9,95,1,105,0,0,102,0,102,0,9,197,1,207,128,0,128,335
11/11/2021,CXO,TX,ASW,CE,Federal Contract Tower,0,12,66,0,78,0,5,101,0,106,0,17,167,0,184,126,0,126,310
11/12/2021,CXO,TX,ASW,CE,Federal Contract Tower,0,4,75,0,79,0,11,215,3,229,0,15,290,3,308,148,0,148,456
11/13/2021,CXO,TX,ASW,CE,Federal Contract Tower,0,3,36,0,39,0,8,210,0,218,0,11,246,0,257,168,0,168,425
11/14/2021,CXO,TX,ASW,CE,Federal Contract Tower,0,2,45,0,47,0,7,100,0,107,0,9,145,0,154,42,0,42,196
11/15/2021,CXO,TX,ASW,CE,Federal Contract Tower,0,4,59,0,63,0,2,141,9,152,0,6,200,9,215,144,0,144,359
11/16/2021,CXO,TX,ASW,CE,Federal Contract Tower,0,6,78,1,85,0,3,168,13,184,0,9,246,14,269,136,0,136,405
11/17/2021,CXO,TX,ASW,CE,Federal Contract Tower,0,4,52,0,56,0,2,134,12,148,0,6,186,12,204,162,0,162,366
11/18/2021,CXO,TX,ASW,CE,Federal Contract Tower,0,6,62,1,69,0,5,132,0,137,0,11,194,1,206,166,0,166,372
11/19/2021,CXO,TX,ASW,CE,Federal Contract Tower,0,7,94,0,101,0,4,176,0,180,0,11,270,0,281,118,0,118,399
11/20/2021,CXO,TX,ASW,CE,Federal Contract Tower,0,8,63,0,71,0,3,160,0,163,0,11,223,0,234,86,0,86,320
11/21/2021,CXO,TX,ASW,CE,Federal Contract Tower,0,1,33,0,34,0,0,37,0,37,0,1,70,0,71,122,0,122,193
11/22/2021,CXO,TX,ASW,CE,Federal Contract Tower,0,3,55,0,58,0,5,136,2,143,0,8,191,2,201,94,0,94,295
11/23/2021,CXO,TX,ASW,CE,Federal Contract Tower,0,7,54,0,61,0,4,193,8,205,0,11,247,8,266,112,0,112,378
11/24/2021,CXO,TX,ASW,CE,Federal Contract Tower,0,4,70,0,74,0,3,106,4,113,0,7,176,4,187,112,0,112,299
11/25/2021,CXO,TX,ASW,CE,Federal Contract Tower,0,2,5,0,7,0,0,2,0,2,0,2,7,0,9,0,0,0,9
11/26/2021,CXO,TX,ASW,CE,Federal Contract Tower,0,4,47,0,51,0,3,137,0,140,0,7,184,0,191,154,0,154,345
11/27/2021,CXO,TX,ASW,CE,Federal Contract Tower,0,5,45,0,50,0,3,83,0,86,0,8,128,0,136,72,0,72,208
11/28/2021,CXO,TX,ASW,CE,Federal Contract Tower,0,8,50,0,58,0,0,14,0,14,0,8,64,0,72,40,0,40,112
11/29/2021,CXO,TX,ASW,CE,Federal Contract Tower,0,4,79,0,83,0,0,165,2,167,0,4,244,2,250,116,0,116,366
11/30/2021,CXO,TX,ASW,CE,Federal Contract Tower,0,9,78,0,87,0,15,154,5,174,0,24,232,5,261,36,0,36,297
12/01/2021,CXO,TX,ASW,CE,Federal Contract Tower,0,10,79,2,91,0,0,139,1,140,0,10,218,3,231,108,0,108,339
12/02/2021,CXO,TX,ASW,CE,Federal Contract Tower,0,3,53,0,56,0,4,91,0,95,0,7,144,0,151,104,0,104,255
12/03/2021,CXO,TX,ASW,CE,Federal Contract Tower,0,7,90,0,97,0,2,95,1,98,0,9,185,1,195,140,0,140,335
12/04/2021,CXO,TX,ASW,CE,Federal Contract Tower,0,6,43,0,49,0,0,79,0,79,0,6,122,0,128,113,0,113,241
12/05/2021,CXO,TX,ASW,CE,Federal Contract Tower,0,4,62,0,66,0,5,60,0,65,0,9,122,0,131,20,0,20,151
12/06/2021,CXO,TX,ASW,CE,Federal Contract Tower,0,10,32,0,42,0,7,31,0,38,0,17,63,0,80,60,0,60,140
12/07/2021,CXO,TX,ASW,CE,Federal Contract Tower,0,3,93,0,96,0,4,131,4,139,0,7,224,4,235,256,0,256,491
12/08/2021,CXO,TX,ASW,CE,Federal Contract Tower,0,10,104,0,114,0,0,1,0,1,0,10,105,0,115,0,0,0,115
12/09/2021,CXO,TX,ASW,CE,Federal Contract Tower,0,7,63,2,72,0,5,88,8,101,0,12,151,10,173,74,0,74,247
12/10/2021,CXO,TX,ASW,CE,Federal Contract Tower,0,5,72,0,77,0,3,106,0,109,0,8,178,0,186,118,0,118,304
12/11/2021,CXO,TX,ASW,CE,Federal Contract Tower,0,5,35,0,40,0,10,120,0,130,0,15,155,0,170,84,0,84,254
12/12/2021,CXO,TX,ASW,CE,Federal Contract Tower,0,9,40,0,49,0,2,163,0,165,0,11,203,0,214,102,0,102,316
12/13/2021,CXO,TX,ASW,CE,Federal Contract Tower,0,10,73,6,89,0,0,30,0,30,0,10,103,6,119,24,14,38,157
12/14/2021,CXO,TX,ASW,CE,Federal Contract Tower,0,11,82,1,94,0,5,86,7,98,0,16,168,8,192,120,4,124,316
12/15/2021,CXO,TX,ASW,CE,Federal Contract Tower,0,11,84,5,100,0,4,123,5,132,0,15,207,10,232,78,0,78,310
12/16/2021,CXO,TX,ASW,CE,Federal Contract Tower,0,8,96,17,121,0,5,123,7,135,0,13,219,24,256,68,8,76,332
12/17/2021,CXO,TX,ASW,CE,Federal Contract Tower,0,11,84,1,96,0,2,110,0,112,0,13,194,1,208,104,0,104,312
12/18/2021,CXO,TX,ASW,CE,Federal Contract Tower,0,5,10,0,15,0,0,1,0,1,0,5,11,0,16,0,0,0,16
12/19/2021,CXO,TX,ASW,CE,Federal Contract Tower,0,3,62,0,65,0,1,151,0,152,0,4,213,0,217,136,0,136,353
12/20/2021,CXO,TX,ASW,CE,Federal Contract Tower,0,3,61,0,64,0,5,141,2,148,0,8,202,2,212,146,0,146,358
12/21/2021,CXO,TX,ASW,CE,Federal Contract Tower,0,3,77,0,80,0,0,0,0,0,0,3,77,0,80,152,0,152,232
12/22/2021,CXO,TX,ASW,CE,Federal Contract Tower,0,3,61,0,64,0,3,211,4,218,0,6,272,4,282,102,2,104,386
12/23/2021,CXO,TX,ASW,CE,Federal Contract Tower,0,7,64,0,71,0,4,116,0,120,0,11,180,0,191,50,0,50,241
12/24/2021,CXO,TX,ASW,CE,Federal Contract Tower,0,7,25,0,32,0,1,56,0,57,0,8,81,0,89,72,0,72,161
12/25/2021,CXO,TX,ASW,CE,Federal Contract Tower,0,2,11,0,13,0,9,12,0,21,0,11,23,0,34,8,0,8,42
12/26/2021,CXO,TX,ASW,CE,Federal Contract Tower,0,3,41,0,44,0,2,45,0,47,0,5,86,0,91,58,0,58,149
12/27/2021,CXO,TX,ASW,CE,Federal Contract Tower,0,5,55,0,60,0,3,73,1,77,0,8,128,1,137,30,0,30,167
12/28/2021,CXO,TX,ASW,CE,Federal Contract Tower,0,6,39,0,45,0,4,53,0,57,0,10,92,0,102,118,0,118,220
12/29/2021,CXO,TX,ASW,CE,Federal Contract Tower,0,4,36,0,40,0,2,52,0,54,0,6,88,0,94,58,0,58,152
12/30/2021,CXO,TX,ASW,CE,Federal Contract Tower,0,2,44,0,46,0,2,72,0,74,0,4,116,0,120,140,0,140,260
12/31/2021,CXO,TX,ASW,CE,Federal Contract Tower,0,2,27,0,29,0,2,34,0,36,0,4,61,0,65,24,0,24,89
01/01/2022,CXO,TX,ASW,CE,Federal Contract Tower,0,7,26,0,33,0,2,26,0,28,0,9,52,0,61,10,0,10,71
01/02/2022,CXO,TX,ASW,CE,Federal Contract Tower,0,8,32,0,40,0,1,14,0,15,0,9,46,0,55,4,0,4,59
01/03/2022,CXO,TX,ASW,CE,Federal Contract Tower,0,1,41,0,42,0,1,125,0,126,0,2,166,0,168,224,0,224,392
01/04/2022,CXO,TX,ASW,CE,Federal Contract Tower,0,5,57,0,62,0,6,119,0,125,0,11,176,0,187,92,0,92,279
01/05/2022,CXO,TX,ASW,CE,Federal Contract Tower,0,2,63,0,65,0,5,149,4,158,0,7,212,4,223,210,0,210,433
01/06/2022,CXO,TX,ASW,CE,Federal Contract Tower,0,1,47,1,49,0,2,121,3,126,0,3,168,4,175,244,0,244,419
01/07/2022,CXO,TX,ASW,CE,Federal Contract Tower,0,4,61,0,65,0,0,167,0,167,0,4,228,0,232,196,0,196,428
01/08/2022,CXO,TX,ASW,CE,Federal Contract Tower,0,1,17,0,18,0,0,0,0,0,0,1,17,0,18,0,0,0,18
01/09/2022,CXO,TX,ASW,CE,Federal Contract Tower,0,0,49,1,50,0,0,29,2,31,0,0,78,3,81,32,0,32,113
01/10/2022,CXO,TX,ASW,CE,Federal Contract Tower,0,9,49,0,58,0,0,150,4,154,0,9,199,4,212,206,0,206,418
01/11/2022,CXO,TX,ASW,CE,Federal Contract Tower,0,10,54,4,68,0,2,132,4,138,0,12,186,8,206,196,0,196,402
01/12/2022,CXO,TX,ASW,CE,Federal Contract Tower,0,4,64,0,68,0,2,156,2,160,0,6,220,2,228,334,0,334,562
01/13/2022,CXO,TX,ASW,CE,Federal Contract Tower,0,11,40,4,55,0,1,154,7,162,0,12,194,11,217,130,0,130,347
01/14/2022,CXO,TX,ASW,CE,Federal Contract Tower,0,11,88,0,99,0,4,242,3,249,0,15,330,3,348,98,0,98,446
01/15/2022,CXO,TX,ASW,CE,Federal Contract Tower,0,1,20,0,21,0,0,15,0,15,0,1,35,0,36,10,0,10,46
01/16/2022,CXO,TX,ASW,CE,Federal Contract Tower,0,2,28,0,30,0,0,162,0,162,0,2,190,0,192,100,0,100,292
01/17/2022,CXO,TX,ASW,CE,Federal Contract Tower,0,2,40,0,42,0,0,163,0,163,0,2,203,0,205,162,0,162,367
01/18/2022,CXO,TX,ASW,CE,Federal Contract Tower,0,3,43,0,46,0,6,150,5,161,0,9,193,5,207,84,0,84,291
01/19/2022,CXO,TX,ASW,CE,Federal Contract Tower,0,7,48,0,55,0,1,95,9,105,0,8,143,9,160,140,0,140,300
01/20/2022,CXO,TX,ASW,CE,Federal Contract Tower,0,9,26,0,35,0,1,72,5,78,0,10,98,5,113,152,0,152,265
01/21/2022,CXO,TX,ASW,CE,Federal Contract Tower,0,3,44,1,48,0,2,158,1,161,0,5,202,2,209,186,0,186,395
01/22/2022,CXO,TX,ASW,CE,Federal Contract Tower,0,6,24,1,31,0,0,208,2,210,0,6,232,3,241,144,0,144,385
01/23/2022,CXO,TX,ASW,CE,Federal Contract Tower,0,6,65,0,71,0,1,203,0,204,0,7,268,0,275,64,0,64,339
01/24/2022,CXO,TX,ASW,CE,Federal Contract Tower,0,0,30,0,30,0,0,0,0,0,0,0,30,0,30,8,0,8,38
01/25/2022,CXO,TX,ASW,CE,Federal Contract Tower,0,7,66,3,76,0,2,52,5,59,0,9,118,8,135,190,0,190,325
01/26/2022,CXO,TX,ASW,CE,Federal Contract Tower,0,6,47,5,58,0,2,164,2,168,0,8,211,7,226,156,0,156,382
01/27/2022,CXO,TX,ASW,CE,Federal Contract Tower,0,8,31,1,40,0,0,221,8,229,0,8,252,9,269,218,4,222,491
01/28/2022,CXO,TX,ASW,CE,Federal Contract Tower,0,23,78,0,101,0,4,200,0,204,0,27,278,0,305,72,0,72,377
01/29/2022,CXO,TX,ASW,CE,Federal Contract Tower,0,5,48,2,55,0,6,152,0,158,0,11,200,2,213,58,0,58,271
01/30/2022,CXO,TX,ASW,CE,Federal Contract Tower,0,7,31,0,38,0,0,131,0,131,0,7,162,0,169,112,0,112,281
01/31/2022,CXO,TX,ASW,CE,Federal Contract Tower,0,3,30,0,33,0,4,11,0,15,0,7,41,0,48,52,0,52,100
02/01/2022,CXO,TX,ASW,CE,Federal Contract Tower,0,15,77,2,94,0,2,49,0,51,0,17,126,2,145,76,0,76,221
02/02/2022,CXO,TX,ASW,CE,Federal Contract Tower,0,6,49,0,55,0,1,35,7,43,0,7,84,7,98,52,26,78,176
02/03/2022,CXO,TX,ASW,CE,Federal Contract Tower,0,11,18,0,29,0,0,0,0,0,0,11,18,0,29,0,0,0,29
02/04/2022,CXO,TX,ASW,CE,Federal Contract Tower,0,4,23,0,27,0,4,13,2,19,0,8,36,2,46,42,0,42,88
02/05/2022,CXO,TX,ASW,CE,Federal Contract Tower,0,1,36,0,37,0,2,235,4,241,0,3,271,4,278,166,0,166,444
02/06/2022,CXO,TX,ASW,CE,Federal Contract Tower,0,0,53,0,53,0,0,167,0,167,0,0,220,0,220,111,0,111,331
02/07/2022,CXO,TX,ASW,CE,Federal Contract Tower,0,11,72,0,83,0,4,213,6,223,0,15,285,6,306,122,0,122,428
02/08/2022,CXO,TX,ASW,CE,Federal Contract Tower,0,7,68,0,75,0,4,263,5,272,0,11,331,5,347,154,0,154,501
02/09/2022,CXO,TX,ASW,CE,Federal Contract Tower,0,9,58,0,67,0,2,200,5,207,0,11,258,5,274,208,0,208,482
02/10/2022,CXO,TX,ASW,CE,Federal Contract Tower,1,13,70,1,85,0,2,196,2,200,1,15,266,3,285,154,0,154,439
02/11/2022,CXO,TX,ASW,CE,Federal Contract Tower,0,17,77,1,95,0,4,225,1,230,0,21,302,2,325,158,0,158,483
02/12/2022,CXO,TX,ASW,CE,Federal Contract Tower,0,0,23,0,23,0,2,10,0,12,0,2,33,0,35,1,0,1,36
02/13/2022,CXO,TX,ASW,CE,Federal Contract Tower,0,5,34,0,39,0,2,145,0,147,0,7,179,0,186,72,0,72,258
02/14/2022,CXO,TX,ASW,CE,Federal Contract Tower,0,4,48,0,52,0,0,151,2,153,0,4,199,2,205,100,0,100,305
02/15/2022,CXO,TX,ASW,CE,Federal Contract Tower,0,4,67,0,71,0,3,148,4,155,0,7,215,4,226,264,0,264,490
02/16/2022,CXO,TX,ASW,CE,Federal Contract Tower,0,8,66,6,80,0,16,53,4,73,0,24,119,10,153,62,0,62,215
02/17/2022,CXO,TX,ASW,CE,Federal Contract Tower,0,6,47,0,53,0,2,85,2,89,0,8,132,2,142,89,0,89,231
02/18/2022,CXO,TX,ASW,CE,Federal Contract Tower,0,7,78,0,85,0,2,213,4,219,0,9,291,4,304,196,0,196,500
02/19/2022,CXO,TX,ASW,CE,Federal Contract Tower,0,8,52,0,60,0,0,283,1,284,0,8,335,1,344,160,0,160,504
02/20/2022,CXO,TX,ASW,CE,Federal Contract Tower,0,7,52,0,59,0,2,155,0,157,0,9,207,0,216,153,0,153,369
02/21/2022,CXO,TX,ASW,CE,Federal Contract Tower,0,4,62,0,66,0,0,17,0,17,0,4,79,0,83,20,0,20,103
02/22/2022,CXO,TX,ASW,CE,Federal Contract Tower,0,10,68,6,84,0,2,129,7,138,0,12,197,13,222,264,2,266,488
02/23/2022,CXO,TX,ASW,CE,Federal Contract Tower,0,9,45,0,54,0,2,10,0,12,0,11,55,0,66,104,0,104,170
02/24/2022,CXO,TX,ASW,CE,Federal Contract Tower,0,3,31,0,34,0,0,0,0,0,0,3,31,0,34,0,0,0,34
02/25/2022,CXO,TX,ASW,CE,Federal Contract Tower,0,15,70,1,86,0,0,149,0,149,0,15,219,1,235,268,0,268,503
02/26/2022,CXO,TX,ASW,CE,Federal Contract Tower,0,7,39,0,46,0,0,0,0,0,0,7,39,0,46,0,0,0,46
02/27/2022,CXO,TX,ASW,CE,Federal Contract Tower,0,11,41,0,52,0,2,100,0,102,0,13,141,0,154,136,0,136,290
02/28/2022,CXO,TX,ASW,CE,Federal Contract Tower,0,4,54,2,60,0,2,177,0,179,0,6,231,2,239,244,0,244,483
03/01/2022,CXO,TX,ASW,CE,Federal Contract Tower,0,6,66,0,72,0,7,280,1,288,0,13,346,1,360,298,0,298,658
03/02/2022,CXO,TX,ASW,CE,Federal Contract Tower,0,7,87,0,94,0,3,257,7,267,0,10,344,7,361,188,0,188,549
03/03/2022,CXO,TX,ASW,CE,Federal Contract Tower,0,0,90,2,92,0,0,243,1,244,0,0,333,3,336,238,0,238,574
03/04/2022,CXO,TX,ASW,CE,Federal Contract Tower,0,6,62,0,68,0,0,106,1,107,0,6,168,1,175,314,0,314,489
03/05/2022,CXO,TX,ASW,CE,Federal Contract Tower,0,4,42,1,47,0,1,43,1,45,0,5,85,2,92,18,0,18,110
03/06/2022,CXO,TX,ASW,CE,Federal Contract Tower,0,0,35,0,35,0,6,33,9,48,0,6,68,9,83,38,0,38,121
03/07/2022,CXO,TX,ASW,CE,Federal Contract Tower,0,10,44,0,54,0,0,110,10,120,0,10,154,10,174,262,16,278,452
03/08/2022,CXO,TX,ASW,CE,Federal Contract Tower,0,2,37,0,39,0,0,0,0,0,0,2,37,0,39,0,0,0,39
03/09/2022,CXO,TX,ASW,CE,Federal Contract Tower,0,8,57,0,65,0,2,159,9,170,0,10,216,9,235,298,0,298,533
03/10/2022,CXO,TX,ASW,CE,Federal Contract Tower,0,7,67,1,75,0,6,224,8,238,0,13,291,9,313,306,0,306,619
03/11/2022,CXO,TX,ASW,CE,Federal Contract Tower,0,11,60,0,71,0,1,52,2,55,0,12,112,2,126,70,0,70,196
03/12/2022,CXO,TX,ASW,CE,Federal Contract Tower,0,10,45,0,55,0,5,175,0,180,0,15,220,0,235,88,0,88,323
03/13/2022,CXO,TX,ASW,CE,Federal Contract Tower,0,3,63,0,66,0,0,168,0,168,0,3,231,0,234,124,0,124,358
03/14/2022,CXO,TX,ASW,CE,Federal Contract Tower,0,4,56,0,60,0,1,87,3,91,0,5,143,3,151,172,0,172,323
03/15/2022,CXO,TX,ASW,CE,Federal Contract Tower,0,4,43,0,47,0,0,135,6,141,0,4,178,6,188,172,8,180,368
03/16/2022,CXO,TX,ASW,CE,Federal Contract Tower,0,3,78,0,81,0,0,269,10,279,0,3,347,10,360,174,0,174,534
03/17/2022,CXO,TX,ASW,CE,Federal Contract Tower,0,5,68,0,73,0,3,74,0,77,0,8,142,0,150,86,0,86,236
03/18/2022,CXO,TX,ASW,CE,Federal Contract Tower,0,5,53,0,58,0,5,125,2,132,0,10,178,2,190,106,0,106,296
03/19/2022,CXO,TX,ASW,CE,Federal Contract Tower,0,6,50,0,56,0,0,270,0,270,0,6,320,0,326,154,0,154,480
03/20/2022,CXO,TX,ASW,CE,Federal Contract Tower,0,8,58,0,66,0,5,166,0,171,0,13,224,0,237,126,0,126,363
03/21/2022,CXO,TX,ASW,CE,Federal Contract Tower,0,3,18,0,21,0,0,0,0,0,0,3,18,0,21,0,0,0,21
03/22/2022,CXO,TX,ASW,CE,Federal Contract Tower,0,3,50,0,53,0,3,117,4,124,0,6,167,4,177,100,0,100,277
03/23/2022,CXO,TX,ASW,CE,Federal Contract Tower,0,7,48,0,55,0,1,160,0,161,0,8,208,0,216,226,0,226,442
03/24/2022,CXO,TX,ASW,CE,Federal Contract Tower,0,5,52,0,57,0,7,169,2,178,0,12,221,2,235,232,0,232,467
03/25/2022,CXO,TX,ASW,CE,Federal Contract Tower,0,6,67,0,73,0,6,266,0,272,0,12,333,0,345,156,0,156,501
03/26/2022,CXO,TX,ASW,CE,Federal Contract Tower,0,5,43,2,50,0,2,209,0,211,0,7,252,2,261,34,0,34,295
03/27/2022,CXO,TX,ASW,CE,Federal Contract Tower,0,14,48,0,62,0,0,141,0,141,0,14,189,0,203,118,0,118,321
03/28/2022,CXO,TX,ASW,CE,Federal Contract Tower,0,10,54,0,64,0,4,181,1,186,0,14,235,1,250,196,0,196,446
03/29/2022,CXO,TX,ASW,CE,Federal Contract Tower,0,3,62,2,67,0,7,55,6,68,0,10,117,8,135,64,0,64,199
03/30/2022,CXO,TX,ASW,CE,Federal Contract Tower,0,1,39,0,40,0,3,78,6,87,0,4,117,6,127,60,6,66,193
03/31/2022,CXO,TX,ASW,CE,Federal Contract Tower,0,9,65,0,74,0,6,229,1,236,0,15,294,1,310,286,0,286,596
04/01/2022,CXO,TX,ASW,CE,Federal Contract Tower,0,14,63,2,79,0,5,221,0,226,0,19,284,2,305,184,4,188,493
04/02/2022,CXO,TX,ASW,CE,Federal Contract Tower,0,3,39,0,42,0,0,213,1,214,0,3,252,1,256,212,0,212,468
04/03/2022,CXO,TX,ASW,CE,Federal Contract Tower,0,9,36,0,45,0,4,132,0,136,0,13,168,0,181,86,0,86,267
04/04/2022,CXO,TX,ASW,CE,Federal Contract Tower,0,10,86,3,99,0,0,6,0,6,0,10,92,3,105,0,0,0,105
04/05/2022,CXO,TX,ASW,CE,Federal Contract Tower,0,3,84,1,88,0,0,47,1,48,0,3,131,2,136,56,0,56,192
04/06/2022,CXO,TX,ASW,CE,Federal Contract Tower,0,6,76,0,82,0,4,95,3,102,0,10,171,3,184,76,0,76,260
04/07/2022,CXO,TX,ASW,CE,Federal Contract Tower,0,3,60,0,63,0,2,95,1,98,0,5,155,1,161,136,0,136,297
04/08/2022,CXO,TX,ASW,CE,Federal Contract Tower,0,10,56,0,66,0,1,167,4,172,0,11,223,4,238,48,0,48,286
04/09/2022,CXO,TX,ASW,CE,Federal Contract Tower,0,7,67,0,74,0,0,229,0,229,0,7,296,0,303,144,0,144,447
04/10/2022,CXO,TX,ASW,CE,Federal Contract Tower,0,7,29,0,36,0,0,22,0,22,0,7,51,0,58,2,0,2,60
04/11/2022,CXO,TX,ASW,CE,Federal Contract Tower,0,8,52,2,62,0,0,67,3,70,0,8,119,5,132,146,0,146,278
04/12/2022,CXO,TX,ASW,CE,Federal Contract Tower,0,6,51,0,57,0,0,91,9,100,0,6,142,9,157,108,0,108,265
04/13/2022,CXO,TX,ASW,CE,Federal Contract Tower,0,6,62,2,70,0,3,21,1,25,0,9,83,3,95,4,0,4,99
04/14/2022,CXO,TX,ASW,CE,Federal Contract Tower,0,8,95,0,103,0,2,230,8,240,0,10,325,8,343,208,0,208,551
04/15/2022,CXO,TX,ASW,CE,Federal Contract Tower,0,8,44,1,53,0,4,9,0,13,0,12,53,1,66,38,0,38,104
04/16/2022,CXO,TX,ASW,CE,Federal Contract Tower,0,1,73,0,74,0,0,109,0,109,0,1,182,0,183,170,0,170,353
04/17/2022,CXO,TX,ASW,CE,Federal Contract Tower,0,8,42,5,55,0,3,57,0,60,0,11,99,5,115,76,0,76,191
04/18/2022,CXO,TX,ASW,CE,Federal Contract Tower,0,2,67,1,70,0,3,143,3,149,0,5,210,4,219,136,0,136,355
04/19/2022,CXO,TX,ASW,CE,Federal Contract Tower,0,11,59,1,71,0,2,145,1,148,0,13,204,2,219,218,0,218,437
04/20/2022,CXO,TX,ASW,CE,Federal Contract Tower,0,8,73,0,81,0,5,62,6,73,0,13,135,6,154,134,0,134,288
04/21/2022,CXO,TX,ASW,CE,Federal Contract Tower,0,6,78,0,84,0,4,135,5,144,0,10,213,5,228,186,0,186,414
04/22/2022,CXO,TX,ASW,CE,Federal Contract Tower,0,9,83,1,93,0,0,174,8,182,0,9,257,9,275,182,0,182,457
04/23/2022,CXO,TX,ASW,CE,Federal Contract Tower,0,2,60,2,64,0,3,196,2,201,0,5,256,4,265,126,0,126,391
04/24/2022,CXO,TX,ASW,CE,Federal Contract Tower,0,6,72,0,78,0,0,145,3,148,0,6,217,3,226,90,0,90,316
04/25/2022,CXO,TX,ASW,CE,Federal Contract Tower,0,3,23,0,26,0,1,28,0,29,0,4,51,0,55,102,0,102,157
04/26/2022,CXO,TX,ASW,CE,Federal Contract Tower,0,7,65,1,73,0,3,250,4,257,0,10,315,5,330,46,0,46,376
04/27/2022,CXO,TX,ASW,CE,Federal Contract Tower,0,10,93,2,105,0,5,239,9,253,0,15,332,11,358,228,0,228,586
04/28/2022,CXO,TX,ASW,CE,Federal Contract Tower,0,5,77,0,82,0,0,177,5,182,0,5,254,5,264,198,0,198,462
04/29/2022,CXO,TX,ASW,CE,Federal Contract Tower,0,5,78,1,84,0,5,132,1,138,0,10,210,2,222,152,0,152,374
04/30/2022,CXO,TX,ASW,CE,Federal Contract Tower,0,4,48,0,52,0,0,116,0,116,0,4,164,0,168,128,0,128,296
05/01/2022,CXO,TX,ASW,CE,Federal Contract Tower,0,15,47,0,62,0,0,78,2,80,0,15,125,2,142,30,0,30,172
05/02/2022,CXO,TX,ASW,CE,Federal Contract Tower,0,9,61,0,70,0,4,112,4,120,0,13,173,4,190,148,0,148,338
05/03/2022,CXO,TX,ASW,CE,Federal Contract Tower,0,6,76,5,87,0,4,97,6,107,0,10,173,11,194,262,6,268,462
05/04/2022,CXO,TX,ASW,CE,Federal Contract Tower,0,7,67,0,74,0,0,74,6,80,0,7,141,6,154,210,0,210,364
05/05/2022,CXO,TX,ASW,CE,Federal Contract Tower,0,4,75,0,79,0,0,22,0,22,0,4,97,0,101,18,0,18,119
05/06/2022,CXO,TX,ASW,CE,Federal Contract Tower,0,10,72,5,87,0,2,234,1,237,0,12,306,6,324,114,0,114,438
05/07/2022,CXO,TX,ASW,CE,Federal Contract Tower,0,6,64,2,72,0,0,130,3,133,0,6,194,5,205,98,6,104,309
05/08/2022,CXO,TX,ASW,CE,Federal Contract Tower,0,3,39,0,42,0,5,57,0,62,0,8,96,0,104,28,0,28,132
05/09/2022,CXO,TX,ASW,CE,Federal Contract Tower,0,5,67,0,72,0,0,148,2,150,0,5,215,2,222,226,0,226,448
05/10/2022,CXO,TX,ASW,CE,Federal Contract Tower,0,6,75,8,89,0,4,161,5,170,0,10,236,13,259,152,0,152,411
05/11/2022,CXO,TX,ASW,CE,Federal Contract Tower,0,5,91,0,96,0,6,133,1,140,0,11,224,1,236,82,0,82,318
05/12/2022,CXO,TX,ASW,CE,Federal Contract Tower,0,7,67,1,75,0,10,164,7,181,0,17,231,8,256,164,2,166,422
05/13/2022,CXO,TX,ASW,CE,Federal Contract Tower,0,2,57,0,59,0,1,170,0,171,0,3,227,0,230,232,0,232,462
05/14/2022,CXO,TX,ASW,CE,Federal Contract Tower,0,4,45,0,49,0,4,201,0,205,0,8,246,0,254,160,0,160,414
05/15/2022,CXO,TX,ASW,CE,Federal Contract Tower,0,8,60,0,68,0,6,143,0,149,0,14,203,0,217,60,0,60,277
05/16/2022,CXO,TX,ASW,CE,Federal Contract Tower,0,10,59,1,70,0,2,167,6,175,0,12,226,7,245,242,6,248,493
05/17/2022,CXO,TX,ASW,CE,Federal Contract Tower,0,4,59,0,63,0,6,165,3,174,0,10,224,3,237,132,0,132,369
05/18/2022,CXO,TX,ASW,CE,Federal Contract Tower,0,15,49,3,67,0,0,144,9,153,0,15,193,12,220,110,0,110,330
05/19/2022,CXO,TX,ASW,CE,Federal Contract Tower,0,4,46,0,50,0,4,122,8,134,0,8,168,8,184,140,0,140,324
05/20/2022,CXO,TX,ASW,CE,Federal Contract Tower,0,7,65,0,72,0,5,89,0,94,0,12,154,0,166,48,0,48,214
05/21/2022,CXO,TX,ASW,CE,Federal Contract Tower,0,3,52,2,57,0,2,109,5,116,0,5,161,7,173,142,10,152,325
05/22/2022,CXO,TX,ASW,CE,Federal Contract Tower,0,6,28,1,35,0,3,32,0,35,0,9,60,1,70,66,0,66,136
05/23/2022,CXO,TX,ASW,CE,Federal Contract Tower,0,5,73,1,79,0,4,80,6,90,0,9,153,7,169,118,2,120,289
05/24/2022,CXO,TX,ASW,CE,Federal Contract Tower,0,6,36,0,42,0,1,33,1,35,0,7,69,1,77,64,0,64,141
05/25/2022,CXO,TX,ASW,CE,Federal Contract Tower,0,8,49,1,58,0,5,123,3,131,0,13,172,4,189,96,0,96,285
05/26/2022,CXO,TX,ASW,CE,Federal Contract Tower,0,10,47,1,58,0,231,3,0,234,0,241,50,1,292,128,0,128,420
05/27/2022,CXO,TX,ASW,CE,Federal Contract Tower,0,6,56,0,62,0,0,140,0,140,0,6,196,0,202,192,0,192,394
05/28/2022,CXO,TX,ASW,CE,Federal Contract Tower,0,1,40,0,41,0,0,183,0,183,0,1,223,0,224,172,0,172,396
05/29/2022,CXO,TX,ASW,CE,Federal Contract Tower,0,1,43,0,44,0,6,65,0,71,0,7,108,0,115,104,0,104,219
05/30/2022,CXO,TX,ASW,CE,Federal Contract Tower,0,3,69,0,72,0,8,101,0,109,0,11,170,0,181,12,0,12,193
05/31/2022,CXO,TX,ASW,CE,Federal Contract Tower,0,6,94,0,100,0,0,132,4,136,0,6,226,4,236,148,0,148,384
06/01/2022,CXO,TX,ASW,CE,Federal Contract Tower,0,4,84,0,88,0,2,113,2,117,0,6,197,2,205,154,0,154,359
06/02/2022,CXO,TX,ASW,CE,Federal Contract Tower,0,2,51,0,53,0,1,139,2,142,0,3,190,2,195,204,0,204,399
06/03/2022,CXO,TX,ASW,CE,Federal Contract Tower,0,2,82,2,86,0,10,148,0,158,0,12,230,2,244,186,0,186,430
06/04/2022,CXO,TX,ASW,CE,Federal Contract Tower,0,7,65,0,72,0,4,223,0,227,0,11,288,0,299,178,0,178,477
06/06/2022,CXO,TX,ASW,CE,Federal Contract Tower,0,9,65,0,74,0,3,126,7,136,0,12,191,7,210,166,0,166,376
06/07/2022,CXO,TX,ASW,CE,Federal Contract Tower,0,3,90,0,93,0,6,215,3,224,0,9,305,3,317,218,0,218,535
06/08/2022,CXO,TX,ASW,CE,Federal Contract Tower,0,8,84,1,93,0,5,184,8,197,0,13,268,9,290,228,0,228,518
06/09/2022,CXO,TX,ASW,CE,Federal Contract Tower,0,2,50,0,52,0,2,167,1,170,0,4,217,1,222,174,0,174,396
06/10/2022,CXO,TX,ASW,CE,Federal Contract Tower,0,8,58,0,66,0,3,110,1,114,0,11,168,1,180,70,0,70,250
06/11/2022,CXO,TX,ASW,CE,Federal Contract Tower,0,0,72,0,72,0,0,134,12,146,0,0,206,12,218,170,2,172,390
06/12/2022,CXO,TX,ASW,CE,Federal Contract Tower,0,5,39,0,44,0,2,90,2,94,0,7,129,2,138,52,0,52,190
06/13/2022,CXO,TX,ASW,CE,Federal Contract Tower,0,2,74,1,77,0,0,91,3,94,0,2,165,4,171,124,0,124,295
06/14/2022,CXO,TX,ASW,CE,Federal Contract Tower,0,9,69,2,80,0,2,143,4,149,0,11,212,6,229,210,0,210,439
06/15/2022,CXO,TX,ASW,CE,Federal Contract Tower,0,2,69,1,72,0,4,160,2,166,0,6,229,3,238,224,0,224,462
06/16/2022,CXO,TX,ASW,CE,Federal Contract Tower,0,0,44,0,44,0,2,114,2,118,0,2,158,2,162,244,0,244,406
06/17/2022,CXO,TX,ASW,CE,Federal Contract Tower,0,6,81,0,87,0,5,162,0,167,0,11,243,0,254,134,0,134,388
06/18/2022,CXO,TX,ASW,CE,Federal Contract Tower,0,2,66,0,68,0,1,233,0,234,0,3,299,0,302,180,0,180,482
06/19/2022,CXO,TX,ASW,CE,Federal Contract Tower,0,0,39,0,39,0,0,93,0,93,0,0,132,0,132,22,0,22,154
06/21/2022,CXO,TX,ASW,CE,Federal Contract Tower,0,6,53,0,59,0,5,200,8,213,0,11,253,8,272,126,6,132,404
06/22/2022,CXO,TX,ASW,CE,Federal Contract Tower,0,5,85,0,90,0,3,184,1,188,0,8,269,1,278,156,0,156,434
06/23/2022,CXO,TX,ASW,CE,Federal Contract Tower,0,9,65,0,74,0,0,165,4,169,0,9,230,4,243,106,0,106,349
06/24/2022,CXO,TX,ASW,CE,Federal Contract Tower,0,7,63,0,70,0,7,123,0,130,0,14,186,0,200,104,0,104,304
06/25/2022,CXO,TX,ASW,CE,Federal Contract Tower,0,3,51,0,54,0,3,149,4,156,0,6,200,4,210,132,0,132,342
06/26/2022,CXO,TX,ASW,CE,Federal Contract Tower,0,8,25,0,33,0,3,126,0,129,0,11,151,0,162,132,0,132,294
06/27/2022,CXO,TX,ASW,CE,Federal Contract Tower,0,4,49,1,54,0,6,141,5,152,0,10,190,6,206,158,14,172,378
06/29/2022,CXO,TX,ASW,CE,Federal Contract Tower,0,1,65,0,66,0,3,102,2,107,0,4,167,2,173,222,0,222,395
06/30/2022,CXO,TX,ASW,CE,Federal Contract Tower,0,5,46,0,51,0,0,90,0,90,0,5,136,0,141,232,0,232,373
07/01/2022,CXO,TX,ASW,CE,Federal Contract Tower,0,11,49,0,60,0,2,31,0,33,0,13,80,0,93,66,0,66,159
07/02/2022,CXO,TX,ASW,CE,Federal Contract Tower,0,3,38,2,43,0,5,59,0,64,0,8,97,2,107,58,0,58,165
07/03/2022,CXO,TX,ASW,CE,Federal Contract Tower,0,2,43,0,45,0,4,72,0,76,0,6,115,0,121,34,0,34,155
07/04/2022,CXO,TX,ASW,CE,Federal Contract Tower,0,5,31,0,36,0,1,110,0,111,0,6,141,0,147,68,0,68,215
07/05/2022,CXO,TX,ASW,CE,Federal Contract Tower,0,4,68,0,72,0,4,146,0,150,0,8,214,0,222,86,0,86,308
07/06/2022,CXO,TX,ASW,CE,Federal Contract Tower,0,7,66,0,73,0,1,124,0,125,0,8,190,0,198,196,0,196,394
07/07/2022,CXO,TX,ASW,CE,Federal Contract Tower,0,3,70,8,81,0,2,135,2,139,0,5,205,10,220,182,8,190,410
07/08/2022,CXO,TX,ASW,CE,Federal Contract Tower,0,9,71,0,80,0,4,184,0,188,0,13,255,0,268,144,0,144,412
07/09/2022,CXO,TX,ASW,CE,Federal Contract Tower,0,6,55,0,61,0,2,149,0,151,0,8,204,0,212,60,0,60,272
07/10/2022,CXO,TX,ASW,CE,Federal Contract Tower,0,7,33,0,40,0,3,109,0,112,0,10,142,0,152,30,0,30,182
07/11/2022,CXO,TX,ASW,CE,Federal Contract Tower,0,5,57,2,64,0,5,135,1,141,0,10,192,3,205,162,8,170,375
07/12/2022,CXO,TX,ASW,CE,Federal Contract Tower,0,4,96,0,100,0,1,147,0,148,0,5,243,0,248,126,0,126,374
07/13/2022,CXO,TX,ASW,CE,Federal Contract Tower,0,11,85,0,96,0,1,118,0,119,0,12,203,0,215,124,0,124,339
07/14/2022,CXO,TX,ASW,CE,Federal Contract Tower,0,3,53,0,56,0,1,73,0,74,0,4,126,0,130,142,0,142,272
07/15/2022,CXO,TX,ASW,CE,Federal Contract Tower,0,8,56,0,64,0,2,125,0,127,0,10,181,0,191,202,0,202,393
07/16/2022,CXO,TX,ASW,CE,Federal Contract Tower,0,2,69,0,71,0,11,189,0,200,0,13,258,0,271,170,0,170,441
07/17/2022,CXO,TX,ASW,CE,Federal Contract Tower,0,1,42,0,43,0,3,129,0,132,0,4,171,0,175,100,0,100,275
07/18/2022,CXO,TX,ASW,CE,Federal Contract Tower,0,10,77,1,88,0,2,117,0,119,0,12,194,1,207,210,0,210,417
07/19/2022,CXO,TX,ASW,CE,Federal Contract Tower,0,14,69,0,83,0,2,158,0,160,0,16,227,0,243,164,0,164,407
07/20/2022,CXO,TX,ASW,CE,Federal Contract Tower,0,4,67,0,71,0,0,134,0,134,0,4,201,0,205,150,0,150,355
07/21/2022,CXO,TX,ASW,CE,Federal Contract Tower,0,6,108,0,114,0,4,148,0,152,0,10,256,0,266,150,0,150,416
07/22/2022,CXO,TX,ASW,CE,Federal Contract Tower,0,5,55,11,71,0,0,115,2,117,0,5,170,13,188,178,6,184,372
07/23/2022,CXO,TX,ASW,CE,Federal Contract Tower,0,4,57,0,61,0,3,117,1,121,0,7,174,1,182,130,0,130,312
07/24/2022,CXO,TX,ASW,CE,Federal Contract Tower,0,3,62,0,65,0,5,105,0,110,0,8,167,0,175,120,0,120,295
07/25/2022,CXO,TX,ASW,CE,Federal Contract Tower,0,12,67,0,79,0,3,139,1,143,0,15,206,1,222,210,0,210,432
07/26/2022,CXO,TX,ASW,CE,Federal Contract Tower,0,1,87,2,90,0,2,125,1,128,0,3,212,3,218,234,2,236,454
07/27/2022,CXO,TX,ASW,CE,Federal Contract Tower,0,2,57,0,59,0,3,83,0,86,0,5,140,0,145,222,0,222,367
07/28/2022,CXO,TX,ASW,CE,Federal Contract Tower,0,5,57,0,62,0,1,145,1,147,0,6,202,1,209,202,0,202,411
07/29/2022,CXO,TX,ASW,CE,Federal Contract Tower,0,5,71,0,76,0,0,141,3,144,0,5,212,3,220,244,2,246,466
07/30/2022,CXO,TX,ASW,CE,Federal Contract Tower,0,4,62,0,66,0,0,137,0,137,0,4,199,0,203,84,0,84,287
07/31/2022,CXO,TX,ASW,CE,Federal Contract Tower,0,5,40,0,45,0,0,127,0,127,0,5,167,0,172,96,0,96,268
08/01/2022,CXO,TX,ASW,CE,Federal Contract Tower,0,3,47,0,50,0,2,137,0,139,0,5,184,0,189,196,0,196,385
08/02/2022,CXO,TX,ASW,CE,Federal Contract Tower,0,5,69,0,74,0,2,147,0,149,0,7,216,0,223,162,0,162,385
08/03/2022,CXO,TX,ASW,CE,Federal Contract Tower,0,5,76,0,81,0,1,114,0,115,0,6,190,0,196,146,0,146,342
08/04/2022,CXO,TX,ASW,CE,Federal Contract Tower,0,6,76,0,82,0,0,147,0,147,0,6,223,0,229,228,0,228,457
08/05/2022,CXO,TX,ASW,CE,Federal Contract Tower,0,3,55,0,58,0,0,130,0,130,0,3,185,0,188,122,0,122,310
08/06/2022,CXO,TX,ASW,CE,Federal Contract Tower,0,1,43,0,44,0,0,56,0,56,0,1,99,0,100,58,0,58,158
08/07/2022,CXO,TX,ASW,CE,Federal Contract Tower,0,4,52,0,56,0,2,98,0,100,0,6,150,0,156,182,0,182,338
08/08/2022,CXO,TX,ASW,CE,Federal Contract Tower,0,5,72,0,77,0,6,108,0,114,0,11,180,0,191,192,0,192,383
08/09/2022,CXO,TX,ASW,CE,Federal Contract Tower,0,9,66,0,75,0,2,106,0,108,0,11,172,0,183,154,0,154,337
08/10/2022,CXO,TX,ASW,CE,Federal Contract Tower,0,4,49,0,53,0,10,117,0,127,0,14,166,0,180,156,0,156,336
08/11/2022,CXO,TX,ASW,CE,Federal Contract Tower,0,1,35,0,36,0,0,88,1,89,0,1,123,1,125,150,0,150,275
08/12/2022,CXO,TX,ASW,CE,Federal Contract Tower,0,2,59,0,61,0,1,146,0,147,0,3,205,0,208,90,0,90,298
08/13/2022,CXO,TX,ASW,CE,Federal Contract Tower,0,2,44,4,50,0,9,173,0,182,0,11,217,4,232,82,0,82,314
08/14/2022,CXO,TX,ASW,CE,Federal Contract Tower,0,4,45,0,49,0,0,47,0,47,0,4,92,0,96,38,0,38,134
08/15/2022,CXO,TX,ASW,CE,Federal Contract Tower,1,55,0,0,56,0,0,139,0,139,1,55,139,0,195,170,0,170,365
08/16/2022,CXO,TX,ASW,CE,Federal Contract Tower,0,4,73,0,77,0,3,187,5,195,0,7,260,5,272,174,8,182,454
08/17/2022,CXO,TX,ASW,CE,Federal Contract Tower,0,5,74,0,79,0,2,167,0,169,0,7,241,0,248,113,0,113,361
08/18/2022,CXO,TX,ASW,CE,Federal Contract Tower,0,5,62,0,67,0,2,82,0,84,0,7,144,0,151,138,0,138,289
08/19/2022,CXO,TX,ASW,CE,Federal Contract Tower,0,6,48,0,54,0,0,8,0,8,0,6,56,0,62,8,0,8,70
08/20/2022,CXO,TX,ASW,CE,Federal Contract Tower,0,1,43,0,44,0,1,74,0,75,0,2,117,0,119,78,0,78,197
08/21/2022,CXO,TX,ASW,CE,Federal Contract Tower,0,3,55,0,58,0,3,40,0,43,0,6,95,0,101,100,0,100,201
08/22/2022,CXO,TX,ASW,CE,Federal Contract Tower,0,1,65,1,67,0,2,118,6,126,0,3,183,7,193,198,4,202,395
08/23/2022,CXO,TX,ASW,CE,Federal Contract Tower,0,11,62,0,73,0,0,80,0,80,0,11,142,0,153,154,0,154,307
08/24/2022,CXO,TX,ASW,CE,Federal Contract Tower,0,5,58,0,63,0,0,54,0,54,0,5,112,0,117,96,0,96,213
08/25/2022,CXO,TX,ASW,CE,Federal Contract Tower,0,2,61,0,63,0,1,135,0,136,0,3,196,0,199,178,0,178,377
08/26/2022,CXO,TX,ASW,CE,Federal Contract Tower,0,8,67,0,75,0,0,128,0,128,0,8,195,0,203,140,0,140,343
08/27/2022,CXO,TX,ASW,CE,Federal Contract Tower,0,5,55,0,60,0,4,111,0,115,0,9,166,0,175,180,0,180,355
08/28/2022,CXO,TX,ASW,CE,Federal Contract Tower,0,11,48,0,59,0,0,163,0,163,0,11,211,0,222,120,0,120,342
08/29/2022,CXO,TX,ASW,CE,Federal Contract Tower,0,2,43,0,45,0,2,57,2,61,0,4,100,2,106,166,0,166,272
08/30/2022,CXO,TX,ASW,CE,Federal Contract Tower,0,2,36,0,38,0,0,33,0,33,0,2,69,0,71,54,0,54,125
08/31/2022,CXO,TX,ASW,CE,Federal Contract Tower,0,3,51,0,54,0,2,147,6,155,0,5,198,6,209,142,20,162,371
09/01/2022,CXO,TX,ASW,CE,Federal Contract Tower,0,5,58,0,63,0,0,182,3,185,0,5,240,3,248,198,0,198,446
09/02/2022,CXO,TX,ASW,CE,Federal Contract Tower,0,3,57,0,60,0,0,121,0,121,0,3,178,0,181,174,0,174,355
09/03/2022,CXO,TX,ASW,CE,Federal Contract Tower,0,2,19,0,21,0,0,81,0,81,0,2,100,0,102,114,0,114,216
09/04/2022,CXO,TX,ASW,CE,Federal Contract Tower,0,4,53,0,57,0,5,106,0,111,0,9,159,0,168,160,0,160,328
09/05/2022,CXO,TX,ASW,CE,Federal Contract Tower,0,1,58,2,61,0,6,153,0,159,0,7,211,2,220,172,0,172,392
09/06/2022,CXO,TX,ASW,CE,Federal Contract Tower,0,1,61,0,62,0,5,153,7,165,0,6,214,7,227,222,8,230,457
09/07/2022,CXO,TX,ASW,CE,Federal Contract Tower,0,0,79,0,79,0,0,108,6,114,0,0,187,6,193,262,30,292,485
09/08/2022,CXO,TX,ASW,CE,Federal Contract Tower,0,4,55,3,62,0,2,171,2,175,0,6,226,5,237,164,0,164,401
09/09/2022,CXO,TX,ASW,CE,Federal Contract Tower,0,5,82,0,87,0,4,266,10,280,0,9,348,10,367,216,8,224,591
09/10/2022,CXO,TX,ASW,CE,Federal Contract Tower,0,2,45,0,47,0,3,218,8,229,0,5,263,8,276,236,0,236,512
09/11/2022,CXO,TX,ASW,CE,Federal Contract Tower,0,5,51,0,56,0,1,130,2,133,0,6,181,2,189,94,12,106,295
09/12/2022,CXO,TX,ASW,CE,Federal Contract Tower,0,2,41,0,43,0,6,181,0,187,0,8,222,0,230,116,16,132,362
09/13/2022,CXO,TX,ASW,CE,Federal Contract Tower,0,9,76,0,85,0,2,189,2,193,0,11,265,2,278,34,6,40,318
09/14/2022,CXO,TX,ASW,CE,Federal Contract Tower,0,6,92,0,98,0,0,254,1,255,0,6,346,1,353,112,0,112,465
09/15/2022,CXO,TX,ASW,CE,Federal Contract Tower,0,11,65,0,76,0,3,196,0,199,0,14,261,0,275,198,0,198,473
09/16/2022,CXO,TX,ASW,CE,Federal Contract Tower,0,7,68,0,75,0,2,121,0,123,0,9,189,0,198,272,0,272,470
09/17/2022,CXO,TX,ASW,CE,Federal Contract Tower,0,2,52,0,54,0,4,139,4,147,0,6,191,4,201,156,2,158,359
09/18/2022,CXO,TX,ASW,CE,Federal Contract Tower,0,7,44,0,51,0,1,61,0,62,0,8,105,0,113,110,0,110,223
09/19/2022,CXO,TX,ASW,CE,Federal Contract Tower,0,6,72,0,78,0,3,130,0,133,0,9,202,0,211,190,0,190,401
09/20/2022,CXO,TX,ASW,CE,Federal Contract Tower,0,7,66,4,77,0,3,130,3,136,0,10,196,7,213,230,6,236,449
09/21/2022,CXO,TX,ASW,CE,Federal Contract Tower,0,7,67,0,74,0,0,160,4,164,0,7,227,4,238,246,0,246,484
09/22/2022,CXO,TX,ASW,CE,Federal Contract Tower,0,5,89,0,94,0,3,198,0,201,0,8,287,0,295,196,0,196,491
09/23/2022,CXO,TX,ASW,CE,Federal Contract Tower,0,2,67,1,70,0,1,192,1,194,0,3,259,2,264,226,0,226,490
09/24/2022,CXO,TX,ASW,CE,Federal Contract Tower,0,5,65,0,70,0,7,202,0,209,0,12,267,0,279,140,0,140,419
09/25/2022,CXO,TX,ASW,CE,Federal Contract Tower,0,1,61,0,62,0,5,132,0,137,0,6,193,0,199,94,0,94,293
09/26/2022,CXO,TX,ASW,CE,Federal Contract Tower,0,6,62,0,68,0,2,149,0,151,0,8,211,0,219,202,0,202,421
09/27/2022,CXO,TX,ASW,CE,Federal Contract Tower,0,5,86,2,93,0,4,229,0,233,0,9,315,2,326,166,8,174,500
09/28/2022,CXO,TX,ASW,CE,Federal Contract Tower,0,3,51,1,55,0,5,184,0,189,0,8,235,1,244,230,0,230,474
09/29/2022,CXO,TX,ASW,CE,Federal Contract Tower,0,7,78,0,85,0,0,245,0,245,0,7,323,0,330,190,0,190,520
09/30/2022,CXO,TX,ASW,CE,Federal Contract Tower,0,6,67,0,73,0,5,198,0,203,0,11,265,0,276,154,2,156,432
10/01/2022,CXO,TX,ASW,CE,Federal Contract Tower,0,2,40,1,43,0,7,231,1,239,0,9,271,2,282,108,0,108,390
10/02/2022,CXO,TX,ASW,CE,Federal Contract Tower,0,11,60,0,71,0,1,125,0,126,0,12,185,0,197,114,0,114,311
10/03/2022,CXO,TX,ASW,CE,Federal Contract Tower,0,5,74,1,80,0,1,158,1,160,0,6,232,2,240,308,0,308,548
10/04/2022,CXO,TX,ASW,CE,Federal Contract Tower,0,3,54,0,57,0,0,182,0,182,0,3,236,0,239,342,0,342,581
10/05/2022,CXO,TX,ASW,CE,Federal Contract Tower,0,3,60,0,63,0,2,201,4,207,0,5,261,4,270,214,0,214,484
10/06/2022,CXO,TX,ASW,CE,Federal Contract Tower,0,4,38,0,42,0,4,149,0,153,0,8,187,0,195,276,0,276,471
10/07/2022,CXO,TX,ASW,CE,Federal Contract Tower,0,3,65,0,68,0,2,198,0,200,0,5,263,0,268,201,0,201,469
10/08/2022,CXO,TX,ASW,CE,Federal Contract Tower,0,1,48,2,51,0,5,172,0,177,0,6,220,2,228,128,18,146,374
10/09/2022,CXO,TX,ASW,CE,Federal Contract Tower,0,8,66,0,74,0,4,147,1,152,0,12,213,1,226,184,0,184,410
10/10/2022,CXO,TX,ASW,CE,Federal Contract Tower,0,4,63,0,67,0,5,174,0,179,0,9,237,0,246,264,0,264,510
10/11/2022,CXO,TX,ASW,CE,Federal Contract Tower,0,5,83,0,88,0,1,204,3,208,0,6,287,3,296,158,0,158,454
10/12/2022,CXO,TX,ASW,CE,Federal Contract Tower,0,4,80,0,84,0,1,124,2,127,0,5,204,2,211,138,8,146,357
10/13/2022,CXO,TX,ASW,CE,Federal Contract Tower,0,6,81,0,87,0,2,166,1,169,0,8,247,1,256,156,2,158,414
10/14/2022,CXO,TX,ASW,CE,Federal Contract Tower,0,7,49,1,57,0,1,174,0,175,0,8,223,1,232,270,0,270,502
10/15/2022,CXO,TX,ASW,CE,Federal Contract Tower,0,3,27,0,30,0,5,159,0,164,0,8,186,0,194,106,0,106,300
10/16/2022,CXO,TX,ASW,CE,Federal Contract Tower,0,8,52,2,62,0,0,140,0,140,0,8,192,2,202,126,0,126,328
10/17/2022,CXO,TX,ASW,CE,Federal Contract Tower,0,4,81,0,85,0,4,138,2,144,0,8,219,2,229,54,0,54,283
10/18/2022,CXO,TX,ASW,CE,Federal Contract Tower,0,3,51,0,54,0,0,168,0,168,0,3,219,0,222,146,0,146,368
10/19/2022,CXO,TX,ASW,CE,Federal Contract Tower,0,4,66,0,70,0,2,155,0,157,0,6,221,0,227,190,0,190,417
10/20/2022,CXO,TX,ASW,CE,Federal Contract Tower,0,5,48,0,53,0,2,153,0,155,0,7,201,0,208,108,0,108,316
10/21/2022,CXO,TX,ASW,CE,Federal Contract Tower,0,4,55,0,59,0,6,170,1,177,0,10,225,1,236,42,0,42,278
10/22/2022,CXO,TX,ASW,CE,Federal Contract Tower,0,2,32,0,34,0,3,212,0,215,0,5,244,0,249,236,0,236,485
10/23/2022,CXO,TX,ASW,CE,Federal Contract Tower,0,9,37,0,46,0,1,79,0,80,0,10,116,0,126,86,0,86,212
10/24/2022,CXO,TX,ASW,CE,Federal Contract Tower,0,2,67,0,69,0,1,70,0,71,0,3,137,0,140,100,0,100,240
10/25/2022,CXO,TX,ASW,CE,Federal Contract Tower,0,4,47,0,51,0,0,0,0,0,0,4,47,0,51,194,0,194,245
10/26/2022,CXO,TX,ASW,CE,Federal Contract Tower,0,3,65,0,68,0,0,261,4,265,0,3,326,4,333,232,32,264,597
10/27/2022,CXO,TX,ASW,CE,Federal Contract Tower,0,1,61,0,62,0,0,189,2,191,0,1,250,2,253,194,0,194,447
10/28/2022,CXO,TX,ASW,CE,Federal Contract Tower,0,6,27,0,33,0,0,2,0,2,0,6,29,0,35,0,0,0,35
10/29/2022,CXO,TX,ASW,CE,Federal Contract Tower,0,2,71,0,73,0,2,7,1,10,0,4,78,1,83,72,18,90,173
10/30/2022,CXO,TX,ASW,CE,Federal Contract Tower,0,6,28,0,34,0,1,146,0,147,0,7,174,0,181,82,0,82,263
10/31/2022,CXO,TX,ASW,CE,Federal Contract Tower,0,10,67,0,77,0,4,235,0,239,0,14,302,0,316,230,0,230,546
11/01/2022,CXO,TX,ASW,CE,Federal Contract Tower,0,3,55,0,58,0,0,3,0,3,0,3,58,0,61,0,0,0,61
11/02/2022,CXO,TX,ASW,CE,Federal Contract Tower,0,5,54,0,59,0,1,162,0,163,0,6,216,0,222,232,0,232,454
11/03/2022,CXO,TX,ASW,CE,Federal Contract Tower,0,6,85,0,91,0,0,98,7,105,0,6,183,7,196,130,0,130,326
11/04/2022,CXO,TX,ASW,CE,Federal Contract Tower,0,2,50,6,58,0,0,17,2,19,0,2,67,8,77,30,0,30,107
11/05/2022,CXO,TX,ASW,CE,Federal Contract Tower,0,1,58,0,59,0,2,281,2,285,0,3,339,2,344,184,8,192,536
11/06/2022,CXO,TX,ASW,CE,Federal Contract Tower,0,5,43,0,48,0,4,31,0,35,0,9,74,0,83,60,0,60,143
11/07/2022,CXO,TX,ASW,CE,Federal Contract Tower,0,10,78,3,91,0,0,78,2,80,0,10,156,5,171,222,4,226,397
11/08/2022,CXO,TX,ASW,CE,Federal Contract Tower,0,10,67,0,77,0,3,244,5,252,0,13,311,5,329,196,0,196,525
11/09/2022,CXO,TX,ASW,CE,Federal Contract Tower,0,6,67,0,73,0,0,189,0,189,0,6,256,0,262,330,0,330,592
11/10/2022,CXO,TX,ASW,CE,Federal Contract Tower,0,5,106,0,111,0,5,206,2,213,0,10,312,2,324,98,0,98,422
11/11/2022,CXO,TX,ASW,CE,Federal Contract Tower,0,9,50,0,59,0,0,122,3,125,0,9,172,3,184,110,0,110,294
11/12/2022,CXO,TX,ASW,CE,Federal Contract Tower,0,4,23,0,27,0,6,188,0,194,0,10,211,0,221,4,0,4,225
11/13/2022,CXO,TX,ASW,CE,Federal Contract Tower,0,2,46,0,48,0,0,220,0,220,0,2,266,0,268,176,0,176,444
11/14/2022,CXO,TX,ASW,CE,Federal Contract Tower,0,5,34,0,39,0,0,16,0,16,0,5,50,0,55,40,0,40,95
11/15/2022,CXO,TX,ASW,CE,Federal Contract Tower,0,7,82,2,91,0,5,129,5,139,0,12,211,7,230,252,0,252,482
11/16/2022,CXO,TX,ASW,CE,Federal Contract Tower,0,7,59,0,66,0,0,160,9,169,0,7,219,9,235,258,0,258,493
11/17/2022,CXO,TX,ASW,CE,Federal Contract Tower,0,8,48,0,56,0,2,206,3,211,0,10,254,3,267,216,2,218,485
11/18/2022,CXO,TX,ASW,CE,Federal Contract Tower,0,4,66,3,73,0,5,289,0,294,0,9,355,3,367,236,16,252,619
11/19/2022,CXO,TX,ASW,CE,Federal Contract Tower,0,4,23,0,27,0,0,8,0,8,0,4,31,0,35,0,0,0,35
11/20/2022,CXO,TX,ASW,CE,Federal Contract Tower,0,6,22,0,28,0,6,141,0,147,0,12,163,0,175,161,0,161,336
11/21/2022,CXO,TX,ASW,CE,Federal Contract Tower,0,7,46,0,53,0,4,28,0,32,0,11,74,0,85,22,0,22,107
11/22/2022,CXO,TX,ASW,CE,Federal Contract Tower,0,3,49,0,52,0,0,264,7,271,0,3,313,7,323,196,4,200,523
11/23/2022,CXO,TX,ASW,CE,Federal Contract Tower,0,5,63,0,68,0,0,227,0,227,0,5,290,0,295,130,0,130,425
11/24/2022,CXO,TX,ASW,CE,Federal Contract Tower,0,1,1,0,2,0,0,0,0,0,0,1,1,0,2,0,0,0,2
11/25/2022,CXO,TX,ASW,CE,Federal Contract Tower,0,1,12,0,13,0,0,1,0,1,0,1,13,0,14,0,0,0,14
11/26/2022,CXO,TX,ASW,CE,Federal Contract Tower,0,2,48,0,50,0,0,44,0,44,0,2,92,0,94,16,0,16,110
11/27/2022,CXO,TX,ASW,CE,Federal Contract Tower,0,3,63,0,66,0,2,156,0,158,0,5,219,0,224,86,0,86,310
11/28/2022,CXO,TX,ASW,CE,Federal Contract Tower,0,6,47,0,53,0,4,196,1,201,0,10,243,1,254,4,0,4,258
11/29/2022,CXO,TX,ASW,CE,Federal Contract Tower,0,5,36,5,46,0,0,17,0,17,0,5,53,5,63,2,0,2,65
11/30/2022,CXO,TX,ASW,CE,Federal Contract Tower,0,6,51,0,57,0,2,141,0,143,0,8,192,0,200,60,0,60,260
12/01/2022,CXO,TX,ASW,CE,Federal Contract Tower,0,8,63,0,71,0,2,120,2,124,0,10,183,2,195,240,0,240,435
12/02/2022,CXO,TX,ASW,CE,Federal Contract Tower,0,7,55,0,62,0,0,2,0,2,0,7,57,0,64,6,0,6,70
12/03/2022,CXO,TX,ASW,CE,Federal Contract Tower,0,1,63,0,64,0,0,117,0,117,0,1,180,0,181,234,0,234,415
12/04/2022,CXO,TX,ASW,CE,Federal Contract Tower,0,5,68,2,75,0,3,31,0,34,0,8,99,2,109,42,0,42,151
12/05/2022,CXO,TX,ASW,CE,Federal Contract Tower,0,2,66,4,72,0,4,84,0,88,0,6,150,4,160,92,0,92,252
12/06/2022,CXO,TX,ASW,CE,Federal Contract Tower,0,7,94,0,101,0,1,157,3,161,0,8,251,3,262,176,0,176,438
12/07/2022,CXO,TX,ASW,CE,Federal Contract Tower,0,10,51,0,61,0,4,126,4,134,0,14,177,4,195,182,0,182,377
12/08/2022,CXO,TX,ASW,CE,Federal Contract Tower,0,6,85,4,95,0,0,145,2,147,0,6,230,6,242,58,4,62,304
12/09/2022,CXO,TX,ASW,CE,Federal Contract Tower,0,9,79,0,88,0,4,143,1,148,0,13,222,1,236,84,0,84,320
12/10/2022,CXO,TX,ASW,CE,Federal Contract Tower,0,6,44,0,50,0,1,89,0,90,0,7,133,0,140,86,0,86,226
12/11/2022,CXO,TX,ASW,CE,Federal Contract Tower,0,7,30,0,37,0,2,2,0,4,0,9,32,0,41,0,0,0,41
12/12/2022,CXO,TX,ASW,CE,Federal Contract Tower,0,8,41,2,51,0,0,0,0,0,0,8,41,2,51,0,0,0,51
12/13/2022,CXO,TX,ASW,CE,Federal Contract Tower,0,6,39,2,47,0,3,24,0,27,0,9,63,2,74,2,0,2,76
12/14/2022,CXO,TX,ASW,CE,Federal Contract Tower,0,2,57,0,59,0,2,203,2,207,0,4,260,2,266,124,4,128,394
12/15/2022,CXO,TX,ASW,CE,Federal Contract Tower,0,3,72,0,75,0,0,281,0,281,0,3,353,0,356,138,0,138,494
12/16/2022,CXO,TX,ASW,CE,Federal Contract Tower,0,3,72,2,77,0,2,250,0,252,0,5,322,2,329,82,0,82,411
12/17/2022,CXO,TX,ASW,CE,Federal Contract Tower,0,2,54,0,56,0,8,291,0,299,0,10,345,0,355,94,0,94,449
12/18/2022,CXO,TX,ASW,CE,Federal Contract Tower,0,12,42,0,54,0,0,164,0,164,0,12,206,0,218,158,0,158,376
12/19/2022,CXO,TX,ASW,CE,Federal Contract Tower,0,3,15,0,18,0,0,4,0,4,0,3,19,0,22,0,0,0,22
12/20/2022,CXO,TX,ASW,CE,Federal Contract Tower,0,3,51,0,54,0,0,42,10,52,0,3,93,10,106,56,0,56,162
12/21/2022,CXO,TX,ASW,CE,Federal Contract Tower,0,1,68,2,71,0,0,141,3,144,0,1,209,5,215,122,0,122,337
12/22/2022,CXO,TX,ASW,CE,Federal Contract Tower,0,4,29,1,34,0,0,0,0,0,0,4,29,1,34,0,0,0,34
12/23/2022,CXO,TX,ASW,CE,Federal Contract Tower,0,4,14,0,18,0,8,26,0,34,0,12,40,0,52,22,0,22,74
12/24/2022,CXO,TX,ASW,CE,Federal Contract Tower,0,0,9,0,9,0,0,83,0,83,0,0,92,0,92,70,0,70,162
12/25/2022,CXO,TX,ASW,CE,Federal Contract Tower,0,3,9,0,12,0,2,21,0,23,0,5,30,0,35,0,0,0,35
12/26/2022,CXO,TX,ASW,CE,Federal Contract Tower,0,8,34,0,42,0,4,122,0,126,0,12,156,0,168,102,0,102,270
12/27/2022,CXO,TX,ASW,CE,Federal Contract Tower,0,5,59,0,64,0,0,0,0,0,0,5,59,0,64,76,0,76,140
12/28/2022,CXO,TX,ASW,CE,Federal Contract Tower,0,6,44,1,51,0,4,144,1,149,0,10,188,2,200,18,0,18,218
12/29/2022,CXO,TX,ASW,CE,Federal Contract Tower,0,5,42,4,51,0,2,22,0,24,0,7,64,4,75,26,0,26,101
12/30/2022,CXO,TX,ASW,CE,Federal Contract Tower,0,4,40,0,44,0,0,29,0,29,0,4,69,0,73,0,0,0,73
01/01/2023,CXO,TX,ASW,CE,Federal Contract Tower,0,2,36,0,38,0,5,24,0,29,0,7,60,0,67,18,0,18,85
01/02/2023,CXO,TX,ASW,CE,Federal Contract Tower,0,11,26,0,37,0,0,0,0,0,0,11,26,0,37,0,0,0,37
01/03/2023,CXO,TX,ASW,CE,Federal Contract Tower,0,7,75,0,82,0,2,218,0,220,0,9,293,0,302,28,0,28,330
01/04/2023,CXO,TX,ASW,CE,Federal Contract Tower,0,0,45,0,45,0,2,208,7,217,0,2,253,7,262,140,0,140,402
01/05/2023,CXO,TX,ASW,CE,Federal Contract Tower,0,4,34,0,38,0,3,241,0,244,0,7,275,0,282,140,0,140,422
01/06/2023,CXO,TX,ASW,CE,Federal Contract Tower,0,0,49,2,51,0,1,227,0,228,0,1,276,2,279,106,0,106,385
01/07/2023,CXO,TX,ASW,CE,Federal Contract Tower,0,3,41,3,47,0,0,75,0,75,0,3,116,3,122,100,0,100,222
01/08/2023,CXO,TX,ASW,CE,Federal Contract Tower,0,11,34,2,47,0,0,106,0,106,0,11,140,2,153,120,0,120,273
01/09/2023,CXO,TX,ASW,CE,Federal Contract Tower,0,6,39,1,46,0,8,153,0,161,0,14,192,1,207,120,0,120,327
01/10/2023,CXO,TX,ASW,CE,Federal Contract Tower,0,3,48,5,56,0,1,111,7,119,0,4,159,12,175,80,0,80,255
01/11/2023,CXO,TX,ASW,CE,Federal Contract Tower,0,3,63,3,69,0,2,119,0,121,0,5,182,3,190,140,0,140,330
01/12/2023,CXO,TX,ASW,CE,Federal Contract Tower,0,3,44,0,47,0,0,149,0,149,0,3,193,0,196,98,0,98,294
01/13/2023,CXO,TX,ASW,CE,Federal Contract Tower,0,5,47,0,52,0,2,227,0,229,0,7,274,0,281,152,0,152,433
01/14/2023,CXO,TX,ASW,CE,Federal Contract Tower,0,5,59,0,64,0,4,264,0,268,0,9,323,0,332,72,0,72,404
01/15/2023,CXO,TX,ASW,CE,Federal Contract Tower,0,5,41,0,46,0,3,70,0,73,0,8,111,0,119,32,0,32,151
01/16/2023,CXO,TX,ASW,CE,Federal Contract Tower,0,2,55,0,57,0,0,117,0,117,0,2,172,0,174,124,0,124,298
01/17/2023,CXO,TX,ASW,CE,Federal Contract Tower,0,4,73,1,78,0,7,117,0,124,0,11,190,1,202,154,0,154,356
01/18/2023,CXO,TX,ASW,CE,Federal Contract Tower,0,1,42,0,43,0,1,74,3,78,0,2,116,3,121,84,18,102,223
01/19/2023,CXO,TX,ASW,CE,Federal Contract Tower,0,4,51,0,55,0,0,280,1,281,0,4,331,1,336,100,0,100,436
01/20/2023,CXO,TX,ASW,CE,Federal Contract Tower,0,2,61,4,67,0,0,220,0,220,0,2,281,4,287,188,10,198,485
01/21/2023,CXO,TX,ASW,CE,Federal Contract Tower,0,2,23,0,25,0,0,14,0,14,0,2,37,0,39,42,0,42,81
01/22/2023,CXO,TX,ASW,CE,Federal Contract Tower,0,2,34,4,40,0,6,168,0,174,0,8,202,4,214,190,0,190,404
01/23/2023,CXO,TX,ASW,CE,Federal Contract Tower,0,2,49,0,51,0,6,240,0,246,0,8,289,0,297,194,0,194,491
01/24/2023,CXO,TX,ASW,CE,Federal Contract Tower,0,2,17,0,19,0,0,0,0,0,0,2,17,0,19,0,0,0,19
01/25/2023,CXO,TX,ASW,CE,Federal Contract Tower,0,2,71,0,73,0,6,175,1,182,0,8,246,1,255,252,0,252,507
01/26/2023,CXO,TX,ASW,CE,Federal Contract Tower,0,1,59,3,63,0,1,232,1,234,0,2,291,4,297,260,2,262,559
01/27/2023,CXO,TX,ASW,CE,Federal Contract Tower,0,3,91,0,94,0,5,323,1,329,0,8,414,1,423,86,0,86,509
01/28/2023,CXO,TX,ASW,CE,Federal Contract Tower,0,3,16,0,19,0,0,2,0,2,0,3,18,0,21,0,0,0,21
01/29/2023,CXO,TX,ASW,CE,Federal Contract Tower,0,1,12,0,13,0,0,0,0,0,0,1,12,0,13,0,0,0,13
01/30/2023,CXO,TX,ASW,CE,Federal Contract Tower,0,5,28,0,33,0,0,0,0,0,0,5,28,0,33,0,0,0,33
01/31/2023,CXO,TX,ASW,CE,Federal Contract Tower,0,15,17,0,32,0,0,0,0,0,0,15,17,0,32,0,0,0,32
02/01/2023,CXO,TX,ASW,CE,Federal Contract Tower,0,12,20,0,32,0,0,0,0,0,0,12,20,0,32,0,0,0,32
02/02/2023,CXO,TX,ASW,CE,Federal Contract Tower,0,15,20,0,35,0,0,0,0,0,0,15,20,0,35,0,0,0,35
02/03/2023,CXO,TX,ASW,CE,Federal Contract Tower,0,2,80,0,82,0,6,200,4,210,0,8,280,4,292,74,0,74,366
02/04/2023,CXO,TX,ASW,CE,Federal Contract Tower,0,1,51,0,52,0,0,282,0,282,0,1,333,0,334,116,0,116,450
02/05/2023,CXO,TX,ASW,CE,Federal Contract Tower,0,4,67,0,71,0,0,161,0,161,0,4,228,0,232,108,0,108,340
02/06/2023,CXO,TX,ASW,CE,Federal Contract Tower,0,2,71,4,77,0,2,120,0,122,0,4,191,4,199,128,0,128,327
02/07/2023,CXO,TX,ASW,CE,Federal Contract Tower,0,65,0,0,65,0,2,110,4,116,0,67,110,4,181,264,2,266,447
02/08/2023,CXO,TX,ASW,CE,Federal Contract Tower,0,5,23,0,28,0,2,4,0,6,0,7,27,0,34,0,0,0,34
02/09/2023,CXO,TX,ASW,CE,Federal Contract Tower,0,3,56,0,59,0,3,240,2,245,0,6,296,2,304,126,0,126,430
02/10/2023,CXO,TX,ASW,CE,Federal Contract Tower,0,5,72,2,79,0,0,200,7,207,0,5,272,9,286,72,18,90,376
02/11/2023,CXO,TX,ASW,CE,Federal Contract Tower,0,3,39,0,42,0,1,160,0,161,0,4,199,0,203,176,0,176,379
02/12/2023,CXO,TX,ASW,CE,Federal Contract Tower,0,3,41,0,44,0,3,224,4,231,0,6,265,4,275,146,0,146,421
02/13/2023,CXO,TX,ASW,CE,Federal Contract Tower,0,4,76,0,80,0,0,227,0,227,0,4,303,0,307,98,0,98,405
02/14/2023,CXO,TX,ASW,CE,Federal Contract Tower,0,2,41,0,43,0,2,66,0,68,0,4,107,0,111,46,0,46,157
02/15/2023,CXO,TX,ASW,CE,Federal Contract Tower,0,8,51,0,59,0,2,25,0,27,0,10,76,0,86,10,0,10,96
02/16/2023,CXO,TX,ASW,CE,Federal Contract Tower,0,9,57,0,66,0,5,145,0,150,0,14,202,0,216,160,0,160,376
02/17/2023,CXO,TX,ASW,CE,Federal Contract Tower,0,8,55,0,63,0,2,252,0,254,0,10,307,0,317,120,0,120,437
02/18/2023,CXO,TX,ASW,CE,Federal Contract Tower,0,5,76,0,81,0,0,268,0,268,0,5,344,0,349,212,0,212,561
02/19/2023,CXO,TX,ASW,CE,Federal Contract Tower,0,5,60,0,65,0,3,144,0,147,0,8,204,0,212,114,0,114,326
02/20/2023,CXO,TX,ASW,CE,Federal Contract Tower,0,3,70,0,73,0,0,91,0,91,0,3,161,0,164,92,0,92,256
02/21/2023,CXO,TX,ASW,CE,Federal Contract Tower,0,8,58,0,66,0,0,147,0,147,0,8,205,0,213,116,0,116,329
02/22/2023,CXO,TX,ASW,CE,Federal Contract Tower,0,6,60,4,70,0,4,112,9,125,0,10,172,13,195,70,4,74,269
02/23/2023,CXO,TX,ASW,CE,Federal Contract Tower,0,11,112,0,123,0,3,165,3,171,0,14,277,3,294,112,0,112,406
02/24/2023,CXO,TX,ASW,CE,Federal Contract Tower,0,7,70,0,77,0,2,85,0,87,0,9,155,0,164,132,0,132,296
02/25/2023,CXO,TX,ASW,CE,Federal Contract Tower,0,6,45,0,51,0,2,111,0,113,0,8,156,0,164,68,0,68,232
02/26/2023,CXO,TX,ASW,CE,Federal Contract Tower,0,12,47,1,60,0,0,63,0,63,0,12,110,1,123,120,0,120,243
02/27/2023,CXO,TX,ASW,CE,Federal Contract Tower,0,16,47,0,63,0,5,161,0,166,0,21,208,0,229,186,0,186,415
02/28/2023,CXO,TX,ASW,CE,Federal Contract Tower,0,4,67,0,71,0,2,206,0,208,0,6,273,0,279,72,0,72,351
03/01/2023,CXO,TX,ASW,CE,Federal Contract Tower,0,4,71,2,77,0,2,88,1,91,0,6,159,3,168,60,0,60,228
03/02/2023,CXO,TX,ASW,CE,Federal Contract Tower,0,6,57,2,65,0,0,43,2,45,0,6,100,4,110,32,2,34,144
03/03/2023,CXO,TX,ASW,CE,Federal Contract Tower,0,4,32,0,36,0,1,195,0,196,0,5,227,0,232,88,0,88,320
03/04/2023,CXO,TX,ASW,CE,Federal Contract Tower,0,2,39,0,41,0,6,296,0,302,0,8,335,0,343,192,0,192,535
03/05/2023,CXO,TX,ASW,CE,Federal Contract Tower,0,1,46,0,47,0,0,198,1,199,0,1,244,1,246,140,0,140,386
03/06/2023,CXO,TX,ASW,CE,Federal Contract Tower,0,5,81,4,90,0,2,105,6,113,0,7,186,10,203,94,0,94,297
03/07/2023,CXO,TX,ASW,CE,Federal Contract Tower,0,9,76,3,88,0,4,160,3,167,0,13,236,6,255,88,4,92,347
03/08/2023,CXO,TX,ASW,CE,Federal Contract Tower,0,4,67,0,71,0,5,223,3,231,0,9,290,3,302,126,0,126,428
03/09/2023,CXO,TX,ASW,CE,Federal Contract Tower,0,1,71,1,73,0,2,230,1,233,0,3,301,2,306,48,0,48,354
03/10/2023,CXO,TX,ASW,CE,Federal Contract Tower,0,7,70,8,85,0,2,76,0,78,0,9,146,8,163,52,0,52,215
03/11/2023,CXO,TX,ASW,CE,Federal Contract Tower,0,5,33,0,38,0,5,62,0,67,0,10,95,0,105,6,0,6,111
03/12/2023,CXO,TX,ASW,CE,Federal Contract Tower,0,2,44,0,46,0,0,61,0,61,0,2,105,0,107,66,0,66,173
03/13/2023,CXO,TX,ASW,CE,Federal Contract Tower,0,1,67,0,68,0,0,201,0,201,0,1,268,0,269,100,0,100,369
03/14/2023,CXO,TX,ASW,CE,Federal Contract Tower,0,0,80,4,84,0,0,269,1,270,0,0,349,5,354,100,0,100,454
03/15/2023,CXO,TX,ASW,CE,Federal Contract Tower,0,7,82,0,89,0,4,263,2,269,0,11,345,2,358,142,0,142,500
03/16/2023,CXO,TX,ASW,CE,Federal Contract Tower,0,10,35,9,54,0,0,36,1,37,0,10,71,10,91,42,4,46,137
03/17/2023,CXO,TX,ASW,CE,Federal Contract Tower,0,7,39,0,46,0,0,65,0,65,0,7,104,0,111,26,0,26,137
03/18/2023,CXO,TX,ASW,CE,Federal Contract Tower,0,4,50,0,54,0,0,167,0,167,0,4,217,0,221,120,0,120,341
03/19/2023,CXO,TX,ASW,CE,Federal Contract Tower,0,12,53,0,65,0,2,183,0,185,0,14,236,0,250,92,0,92,342
03/20/2023,CXO,TX,ASW,CE,Federal Contract Tower,0,6,65,0,71,0,5,201,2,208,0,11,266,2,279,152,2,154,433
03/21/2023,CXO,TX,ASW,CE,Federal Contract Tower,0,9,88,0,97,0,4,111,0,115,0,13,199,0,212,76,0,76,288
03/22/2023,CXO,TX,ASW,CE,Federal Contract Tower,0,0,72,0,72,0,2,121,2,125,0,2,193,2,197,78,0,78,275
03/23/2023,CXO,TX,ASW,CE,Federal Contract Tower,0,10,82,9,101,0,3,102,2,107,0,13,184,11,208,68,0,68,276
03/24/2023,CXO,TX,ASW,CE,Federal Contract Tower,0,12,58,0,70,0,2,93,2,97,0,14,151,2,167,190,10,200,367
03/25/2023,CXO,TX,ASW,CE,Federal Contract Tower,0,1,55,0,56,0,6,355,1,362,0,7,410,1,418,28,0,28,446
03/26/2023,CXO,TX,ASW,CE,Federal Contract Tower,0,2,52,0,54,0,0,9,0,9,0,2,61,0,63,0,0,0,63
03/27/2023,CXO,TX,ASW,CE,Federal Contract Tower,0,4,57,4,65,0,0,109,0,109,0,4,166,4,174,206,4,210,384
03/28/2023,CXO,TX,ASW,CE,Federal Contract Tower,0,4,54,0,58,0,5,214,4,223,0,9,268,4,281,88,2,90,371
03/29/2023,CXO,TX,ASW,CE,Federal Contract Tower,0,5,69,0,74,0,2,226,2,230,0,7,295,2,304,80,0,80,384
03/30/2023,CXO,TX,ASW,CE,Federal Contract Tower,0,9,54,0,63,0,1,16,0,17,0,10,70,0,80,0,0,0,80
03/31/2023,CXO,TX,ASW,CE,Federal Contract Tower,0,4,70,0,74,0,0,99,0,99,0,4,169,0,173,122,0,122,295
04/01/2023,CXO,TX,ASW,CE,Federal Contract Tower,0,6,47,0,53,0,0,247,1,248,0,6,294,1,301,116,0,116,417
04/02/2023,CXO,TX,ASW,CE,Federal Contract Tower,0,10,53,0,63,0,2,39,0,41,0,12,92,0,104,148,0,148,252
04/03/2023,CXO,TX,ASW,CE,Federal Contract Tower,0,3,82,0,85,0,1,114,1,116,0,4,196,1,201,200,0,200,401
04/04/2023,CXO,TX,ASW,CE,Federal Contract Tower,0,20,101,3,124,0,0,82,5,87,0,20,183,8,211,98,2,100,311
04/05/2023,CXO,TX,ASW,CE,Federal Contract Tower,0,7,46,0,53,0,0,18,0,18,0,7,64,0,71,66,0,66,137
04/06/2023,CXO,TX,ASW,CE,Federal Contract Tower,0,9,25,0,34,0,0,0,0,0,0,9,25,0,34,0,0,0,34
04/07/2023,CXO,TX,ASW,CE,Federal Contract Tower,0,3,14,0,17,0,0,0,0,0,0,3,14,0,17,0,0,0,17
04/08/2023,CXO,TX,ASW,CE,Federal Contract Tower,0,3,47,0,50,0,1,77,0,78,0,4,124,0,128,72,0,72,200
04/09/2023,CXO,TX,ASW,CE,Federal Contract Tower,0,5,48,0,53,0,0,101,0,101,0,5,149,0,154,274,0,274,428
04/10/2023,CXO,TX,ASW,CE,Federal Contract Tower,0,8,93,0,101,0,5,228,2,235,0,13,321,2,336,260,0,260,596
04/11/2023,CXO,TX,ASW,CE,Federal Contract Tower,0,8,89,0,97,0,5,328,2,335,0,13,417,2,432,172,0,172,604
04/12/2023,CXO,TX,ASW,CE,Federal Contract Tower,0,2,55,1,58,0,0,203,1,204,0,2,258,2,262,118,0,118,380
04/13/2023,CXO,TX,ASW,CE,Federal Contract Tower,0,3,83,0,86,0,1,287,2,290,0,4,370,2,376,132,0,132,508
04/14/2023,CXO,TX,ASW,CE,Federal Contract Tower,0,5,86,0,91,0,1,204,4,209,0,6,290,4,300,148,0,148,448
04/15/2023,CXO,TX,ASW,CE,Federal Contract Tower,0,2,44,0,46,0,2,119,2,123,0,4,163,2,169,156,10,166,335
04/16/2023,CXO,TX,ASW,CE,Federal Contract Tower,0,6,50,2,58,0,0,117,0,117,0,6,167,2,175,52,0,52,227
04/17/2023,CXO,TX,ASW,CE,Federal Contract Tower,0,7,77,0,84,0,0,159,0,159,0,7,236,0,243,212,0,212,455
04/18/2023,CXO,TX,ASW,CE,Federal Contract Tower,0,6,84,0,90,0,4,126,0,130,0,10,210,0,220,230,0,230,450
04/19/2023,CXO,TX,ASW,CE,Federal Contract Tower,0,4,62,0,66,0,0,107,0,107,0,4,169,0,173,174,0,174,347
04/20/2023,CXO,TX,ASW,CE,Federal Contract Tower,0,5,67,2,74,0,2,42,2,46,0,7,109,4,120,108,0,108,228
04/21/2023,CXO,TX,ASW,CE,Federal Contract Tower,0,6,72,0,78,0,4,197,1,202,0,10,269,1,280,214,0,214,494
04/22/2023,CXO,TX,ASW,CE,Federal Contract Tower,0,3,62,4,69,0,7,329,1,337,0,10,391,5,406,90,0,90,496
04/23/2023,CXO,TX,ASW,CE,Federal Contract Tower,0,6,33,0,39,0,2,49,0,51,0,8,82,0,90,68,0,68,158
04/24/2023,CXO,TX,ASW,CE,Federal Contract Tower,0,6,47,0,53,0,1,151,0,152,0,7,198,0,205,178,0,178,383
04/25/2023,CXO,TX,ASW,CE,Federal Contract Tower,0,3,61,0,64,0,3,147,4,154,0,6,208,4,218,182,8,190,408
04/26/2023,CXO,TX,ASW,CE,Federal Contract Tower,0,5,77,0,82,0,2,83,0,85,0,7,160,0,167,116,0,116,283
04/27/2023,CXO,TX,ASW,CE,Federal Contract Tower,0,6,75,0,81,0,0,98,2,100,0,6,173,2,181,214,0,214,395
04/28/2023,CXO,TX,ASW,CE,Federal Contract Tower,0,6,90,1,97,0,0,213,0,213,0,6,303,1,310,150,0,150,460
04/29/2023,CXO,TX,ASW,CE,Federal Contract Tower,0,1,45,0,46,0,4,66,1,71,0,5,111,1,117,60,0,60,177
04/30/2023,CXO,TX,ASW,CE,Federal Contract Tower,0,3,68,1,72,0,1,205,0,206,0,4,273,1,278,88,0,88,366
05/01/2023,CXO,TX,ASW,CE,Federal Contract Tower,0,3,72,0,75,0,3,224,2,229,0,6,296,2,304,156,0,156,460
05/02/2023,CXO,TX,ASW,CE,Federal Contract Tower,0,3,62,0,65,0,5,117,0,122,0,8,179,0,187,130,0,130,317
05/03/2023,CXO,TX,ASW,CE,Federal Contract Tower,0,4,67,0,71,0,0,173,0,173,0,4,240,0,244,180,0,180,424
05/04/2023,CXO,TX,ASW,CE,Federal Contract Tower,0,0,74,0,74,0,6,139,0,145,0,6,213,0,219,110,0,110,329
05/05/2023,CXO,TX,ASW,CE,Federal Contract Tower,0,3,75,0,78,0,0,105,0,105,0,3,180,0,183,120,0,120,303
05/06/2023,CXO,TX,ASW,CE,Federal Contract Tower,0,3,76,0,79,0,6,109,0,115,0,9,185,0,194,68,0,68,262
05/07/2023,CXO,TX,ASW,CE,Federal Contract Tower,0,4,26,0,30,0,1,18,0,19,0,5,44,0,49,14,0,14,63
05/08/2023,CXO,TX,ASW,CE,Federal Contract Tower,0,4,60,0,64,0,1,43,0,44,0,5,103,0,108,30,0,30,138
05/09/2023,CXO,TX,ASW,CE,Federal Contract Tower,0,1,39,0,40,0,8,29,2,39,0,9,68,2,79,64,4,68,147
05/10/2023,CXO,TX,ASW,CE,Federal Contract Tower,0,12,29,0,41,0,0,1,0,1,0,12,30,0,42,0,0,0,42
05/11/2023,CXO,TX,ASW,CE,Federal Contract Tower,0,11,83,0,94,0,1,165,0,166,0,12,248,0,260,126,0,126,386
05/12/2023,CXO,TX,ASW,CE,Federal Contract Tower,0,6,75,0,81,0,0,177,0,177,0,6,252,0,258,184,0,184,442
05/13/2023,CXO,TX,ASW,CE,Federal Contract Tower,0,7,7,0,14,0,0,15,0,15,0,7,22,0,29,12,0,12,41
05/14/2023,CXO,TX,ASW,CE,Federal Contract Tower,0,21,24,0,45,0,0,17,0,17,0,21,41,0,62,92,0,92,154
05/15/2023,CXO,TX,ASW,CE,Federal Contract Tower,0,5,56,0,61,0,0,85,0,85,0,5,141,0,146,78,0,78,224
05/16/2023,CXO,TX,ASW,CE,Federal Contract Tower,0,6,64,0,70,0,2,210,5,217,0,8,274,5,287,62,4,66,353
05/17/2023,CXO,TX,ASW,CE,Federal Contract Tower,0,2,59,1,62,0,0,194,0,194,0,2,253,1,256,302,0,302,558
05/18/2023,CXO,TX,ASW,CE,Federal Contract Tower,0,0,65,0,65,0,0,216,0,216,0,0,281,0,281,180,0,180,461
05/19/2023,CXO,TX,ASW,CE,Federal Contract Tower,0,2,68,0,70,0,0,223,2,225,0,2,291,2,295,146,2,148,443
05/20/2023,CXO,TX,ASW,CE,Federal Contract Tower,0,6,44,0,50,0,2,248,0,250,0,8,292,0,300,82,0,82,382
05/21/2023,CXO,TX,ASW,CE,Federal Contract Tower,0,4,53,0,57,0,0,64,0,64,0,4,117,0,121,126,0,126,247
05/23/2023,CXO,TX,ASW,CE,Federal Contract Tower,0,3,46,0,49,0,224,0,0,224,0,227,46,0,273,148,0,148,421
05/24/2023,CXO,TX,ASW,CE,Federal Contract Tower,0,5,73,0,78,0,0,163,0,163,0,5,236,0,241,118,0,118,359
05/25/2023,CXO,TX,ASW,CE,Federal Contract Tower,0,2,76,0,78,0,1,205,0,206,0,3,281,0,284,126,0,126,410
05/26/2023,CXO,TX,ASW,CE,Federal Contract Tower,0,4,58,0,62,0,2,211,1,214,0,6,269,1,276,114,0,114,390
05/27/2023,CXO,TX,ASW,CE,Federal Contract Tower,0,3,42,0,45,0,4,227,0,231,0,7,269,0,276,94,0,94,370
05/29/2023,CXO,TX,ASW,CE,Federal Contract Tower,0,6,50,0,56,0,0,149,0,149,0,6,199,0,205,114,0,114,319
05/30/2023,CXO,TX,ASW,CE,Federal Contract Tower,0,7,51,0,58,0,0,124,0,124,0,7,175,0,182,158,0,158,340
05/31/2023,CXO,TX,ASW,CE,Federal Contract Tower,0,0,65,1,66,0,1,180,0,181,0,1,245,1,247,132,0,132,379
06/01/2023,CXO,TX,ASW,CE,Federal Contract Tower,0,0,55,0,55,0,0,197,0,197,0,0,252,0,252,90,0,90,342
06/02/2023,CXO,TX,ASW,CE,Federal Contract Tower,0,5,56,0,61,0,0,185,0,185,0,5,241,0,246,110,0,110,356
06/03/2023,CXO,TX,ASW,CE,Federal Contract Tower,0,8,48,0,56,0,3,205,0,208,0,11,253,0,264,74,0,74,338
06/04/2023,CXO,TX,ASW,CE,Federal Contract Tower,0,5,46,0,51,0,2,70,0,72,0,7,116,0,123,84,0,84,207
06/05/2023,CXO,TX,ASW,CE,Federal Contract Tower,0,5,47,0,52,0,0,143,0,143,0,5,190,0,195,80,0,80,275
06/06/2023,CXO,TX,ASW,CE,Federal Contract Tower,0,3,74,0,77,0,4,153,0,157,0,7,227,0,234,56,0,56,290
06/07/2023,CXO,TX,ASW,CE,Federal Contract Tower,0,11,80,0,91,0,3,239,2,244,0,14,319,2,335,112,4,116,451
06/08/2023,CXO,TX,ASW,CE,Federal Contract Tower,0,9,65,0,74,0,1,114,0,115,0,10,179,0,189,84,0,84,273
06/09/2023,CXO,TX,ASW,CE,Federal Contract Tower,0,3,88,1,92,0,1,232,2,235,0,4,320,3,327,120,0,120,447
06/10/2023,CXO,TX,ASW,CE,Federal Contract Tower,0,4,54,0,58,0,0,173,0,173,0,4,227,0,231,92,0,92,323
06/11/2023,CXO,TX,ASW,CE,Federal Contract Tower,0,7,48,0,55,0,5,101,2,108,0,12,149,2,163,38,0,38,201
06/12/2023,CXO,TX,ASW,CE,Federal Contract Tower,0,8,95,0,103,0,0,194,0,194,0,8,289,0,297,90,0,90,387
06/13/2023,CXO,TX,ASW,CE,Federal Contract Tower,0,3,71,2,76,0,4,202,6,212,0,7,273,8,288,138,4,142,430
06/14/2023,CXO,TX,ASW,CE,Federal Contract Tower,0,6,81,1,88,0,3,138,0,141,0,9,219,1,229,172,2,174,403
06/15/2023,CXO,TX,ASW,CE,Federal Contract Tower,0,6,88,11,105,0,0,140,2,142,0,6,228,13,247,142,0,142,389
06/16/2023,CXO,TX,ASW,CE,Federal Contract Tower,0,10,75,2,87,0,5,168,0,173,0,15,243,2,260,134,0,134,394
06/17/2023,CXO,TX,ASW,CE,Federal Contract Tower,0,9,85,0,94,0,1,126,0,127,0,10,211,0,221,132,0,132,353
06/18/2023,CXO,TX,ASW,CE,Federal Contract Tower,0,4,37,0,41,0,2,90,0,92,0,6,127,0,133,84,0,84,217
06/19/2023,CXO,TX,ASW,CE,Federal Contract Tower,0,2,66,0,68,0,0,164,2,166,0,2,230,2,234,170,0,170,404
06/20/2023,CXO,TX,ASW,CE,Federal Contract Tower,0,6,79,2,87,0,2,175,0,177,0,8,254,2,264,130,0,130,394
06/21/2023,CXO,TX,ASW,CE,Federal Contract Tower,0,8,47,6,61,0,0,147,12,159,0,8,194,18,220,250,0,250,470
06/22/2023,CXO,TX,ASW,CE,Federal Contract Tower,0,6,64,7,77,0,0,152,4,156,0,6,216,11,233,160,6,166,399
06/23/2023,CXO,TX,ASW,CE,Federal Contract Tower,0,1,65,0,66,0,2,167,4,173,0,3,232,4,239,74,4,78,317
06/24/2023,CXO,TX,ASW,CE,Federal Contract Tower,0,0,57,0,57,0,0,145,8,153,0,0,202,8,210,168,16,184,394
06/25/2023,CXO,TX,ASW,CE,Federal Contract Tower,0,5,49,0,54,0,0,109,0,109,0,5,158,0,163,102,0,102,265
06/26/2023,CXO,TX,ASW,CE,Federal Contract Tower,0,4,68,4,76,0,3,186,0,189,0,7,254,4,265,132,0,132,397
06/27/2023,CXO,TX,ASW,CE,Federal Contract Tower,0,8,66,0,74,0,4,218,0,222,0,12,284,0,296,214,0,214,510
06/28/2023,CXO,TX,ASW,CE,Federal Contract Tower,0,4,81,0,85,0,0,130,0,130,0,4,211,0,215,266,0,266,481
06/29/2023,CXO,TX,ASW,CE,Federal Contract Tower,0,5,49,0,54,0,0,153,0,153,0,5,202,0,207,236,0,236,443
06/30/2023,CXO,TX,ASW,CE,Federal Contract Tower,0,8,89,2,99,0,5,218,1,224,0,13,307,3,323,104,0,104,427
07/01/2023,CXO,TX,ASW,CE,Federal Contract Tower,0,1,69,0,70,0,2,194,0,196,0,3,263,0,266,166,0,166,432
07/02/2023,CXO,TX,ASW,CE,Federal Contract Tower,0,3,37,0,40,0,0,145,3,148,0,3,182,3,188,102,0,102,290
07/03/2023,CXO,TX,ASW,CE,Federal Contract Tower,0,1,57,0,58,0,0,146,1,147,0,1,203,1,205,148,0,148,353
07/04/2023,CXO,TX,ASW,CE,Federal Contract Tower,0,1,43,0,44,0,4,80,1,85,0,5,123,1,129,142,0,142,271
07/05/2023,CXO,TX,ASW,CE,Federal Contract Tower,0,4,54,4,62,0,2,130,1,133,0,6,184,5,195,144,0,144,339
07/06/2023,CXO,TX,ASW,CE,Federal Contract Tower,0,5,45,0,50,0,0,73,0,73,0,5,118,0,123,220,0,220,343
07/07/2023,CXO,TX,ASW,CE,Federal Contract Tower,0,2,73,0,75,0,0,175,0,175,0,2,248,0,250,238,0,238,488
07/08/2023,CXO,TX,ASW,CE,Federal Contract Tower,0,8,62,0,70,0,2,166,0,168,0,10,228,0,238,154,0,154,392
07/09/2023,CXO,TX,ASW,CE,Federal Contract Tower,0,4,52,0,56,0,0,130,0,130,0,4,182,0,186,68,0,68,254
07/10/2023,CXO,TX,ASW,CE,Federal Contract Tower,0,1,82,0,83,0,0,173,0,173,0,1,255,0,256,90,0,90,346
07/11/2023,CXO,TX,ASW,CE,Federal Contract Tower,0,6,55,1,62,0,3,145,5,153,0,9,200,6,215,138,0,138,353
07/12/2023,CXO,TX,ASW,CE,Federal Contract Tower,0,9,57,0,66,0,4,134,1,139,0,13,191,1,205,182,0,182,387
07/13/2023,CXO,TX,ASW,CE,Federal Contract Tower,0,11,62,0,73,0,1,196,1,198,0,12,258,1,271,86,4,90,361
07/14/2023,CXO,TX,ASW,CE,Federal Contract Tower,0,8,76,3,87,0,2,200,0,202,0,10,276,3,289,164,0,164,453
07/15/2023,CXO,TX,ASW,CE,Federal Contract Tower,0,4,68,0,72,0,7,209,0,216,0,11,277,0,288,88,0,88,376
07/16/2023,CXO,TX,ASW,CE,Federal Contract Tower,0,9,40,1,50,0,2,214,0,216,0,11,254,1,266,118,0,118,384
07/17/2023,CXO,TX,ASW,CE,Federal Contract Tower,0,3,61,0,64,0,1,218,0,219,0,4,279,0,283,202,0,202,485
07/18/2023,CXO,TX,ASW,CE,Federal Contract Tower,0,3,63,2,68,0,5,186,0,191,0,8,249,2,259,150,0,150,409
07/19/2023,CXO,TX,ASW,CE,Federal Contract Tower,0,3,62,2,67,0,0,127,0,127,0,3,189,2,194,278,0,278,472
07/20/2023,CXO,TX,ASW,CE,Federal Contract Tower,0,2,52,0,54,0,0,228,0,228,0,2,280,0,282,186,0,186,468
07/21/2023,CXO,TX,ASW,CE,Federal Contract Tower,0,3,84,0,87,0,0,181,2,183,0,3,265,2,270,94,0,94,364
07/22/2023,CXO,TX,ASW,CE,Federal Contract Tower,0,1,72,5,78,0,4,172,0,176,0,5,244,5,254,114,0,114,368
07/23/2023,CXO,TX,ASW,CE,Federal Contract Tower,0,6,47,0,53,0,0,122,0,122,0,6,169,0,175,122,0,122,297
07/24/2023,CXO,TX,ASW,CE,Federal Contract Tower,0,3,84,1,88,0,0,220,2,222,0,3,304,3,310,164,0,164,474
07/25/2023,CXO,TX,ASW,CE,Federal Contract Tower,0,2,77,4,83,0,4,180,2,186,0,6,257,6,269,186,4,190,459
07/26/2023,CXO,TX,ASW,CE,Federal Contract Tower,0,4,64,2,70,0,0,121,4,125,0,4,185,6,195,192,2,194,389
07/27/2023,CXO,TX,ASW,CE,Federal Contract Tower,0,4,69,0,73,0,4,148,5,157,0,8,217,5,230,158,0,158,388
07/28/2023,CXO,TX,ASW,CE,Federal Contract Tower,0,2,64,0,66,0,4,250,2,256,0,6,314,2,322,78,0,78,400
07/29/2023,CXO,TX,ASW,CE,Federal Contract Tower,0,6,37,0,43,0,1,203,0,204,0,7,240,0,247,200,0,200,447
07/30/2023,CXO,TX,ASW,CE,Federal Contract Tower,0,7,44,0,51,0,2,113,0,115,0,9,157,0,166,96,0,96,262
07/31/2023,CXO,TX,ASW,CE,Federal Contract Tower,0,5,59,0,64,0,2,229,0,231,0,7,288,0,295,108,0,108,403
08/01/2023,CXO,TX,ASW,CE,Federal Contract Tower,0,6,74,0,80,0,0,296,2,298,0,6,370,2,378,112,0,112,490
08/02/2023,CXO,TX,ASW,CE,Federal Contract Tower,0,3,64,0,67,0,3,141,0,144,0,6,205,0,211,140,0,140,351
08/03/2023,CXO,TX,ASW,CE,Federal Contract Tower,0,7,53,0,60,0,1,165,2,168,0,8,218,2,228,184,0,184,412
08/04/2023,CXO,TX,ASW,CE,Federal Contract Tower,0,3,71,0,74,0,0,224,0,224,0,3,295,0,298,176,0,176,474
08/05/2023,CXO,TX,ASW,CE,Federal Contract Tower,0,5,76,0,81,0,2,138,0,140,0,7,214,0,221,102,0,102,323
08/06/2023,CXO,TX,ASW,CE,Federal Contract Tower,0,9,61,0,70,0,4,122,0,126,0,13,183,0,196,126,0,126,322
08/07/2023,CXO,TX,ASW,CE,Federal Contract Tower,0,0,57,0,57,0,2,166,0,168,0,2,223,0,225,196,0,196,421
08/08/2023,CXO,TX,ASW,CE,Federal Contract Tower,0,5,86,0,91,0,2,150,2,154,0,7,236,2,245,112,0,112,357
08/09/2023,CXO,TX,ASW,CE,Federal Contract Tower,0,2,59,2,63,0,0,131,0,131,0,2,190,2,194,108,0,108,302
08/10/2023,CXO,TX,ASW,CE,Federal Contract Tower,0,0,81,0,81,0,2,145,0,147,0,2,226,0,228,96,0,96,324
08/11/2023,CXO,TX,ASW,CE,Federal Contract Tower,0,1,64,2,67,0,3,166,0,169,0,4,230,2,236,186,0,186,422
08/12/2023,CXO,TX,ASW,CE,Federal Contract Tower,0,2,55,0,57,0,2,144,0,146,0,4,199,0,203,146,0,146,349
08/13/2023,CXO,TX,ASW,CE,Federal Contract Tower,0,2,46,0,48,0,1,114,0,115,0,3,160,0,163,130,0,130,293
08/14/2023,CXO,TX,ASW,CE,Federal Contract Tower,0,2,59,0,61,0,5,154,2,161,0,7,213,2,222,84,0,84,306
08/15/2023,CXO,TX,ASW,CE,Federal Contract Tower,0,5,52,0,57,0,2,199,2,203,0,7,251,2,260,210,0,210,470
08/16/2023,CXO,TX,ASW,CE,Federal Contract Tower,0,6,62,0,68,0,2,202,0,204,0,8,264,0,272,212,0,212,484
08/17/2023,CXO,TX,ASW,CE,Federal Contract Tower,0,3,61,0,64,0,1,174,0,175,0,4,235,0,239,228,0,228,467
08/18/2023,CXO,TX,ASW,CE,Federal Contract Tower,0,4,79,0,83,0,2,202,0,204,0,6,281,0,287,210,0,210,497
08/19/2023,CXO,TX,ASW,CE,Federal Contract Tower,0,1,31,0,32,0,2,149,0,151,0,3,180,0,183,116,0,116,299
08/20/2023,CXO,TX,ASW,CE,Federal Contract Tower,0,5,45,0,50,0,5,136,0,141,0,10,181,0,191,128,0,128,319
08/21/2023,CXO,TX,ASW,CE,Federal Contract Tower,0,9,93,2,104,0,2,179,0,181,0,11,272,2,285,234,0,234,519
08/22/2023,CXO,TX,ASW,CE,Federal Contract Tower,0,6,43,0,49,0,3,176,2,181,0,9,219,2,230,114,0,114,344
08/23/2023,CXO,TX,ASW,CE,Federal Contract Tower,0,4,75,2,81,0,4,166,0,170,0,8,241,2,251,142,0,142,393
08/24/2023,CXO,TX,ASW,CE,Federal Contract Tower,0,9,64,2,75,0,1,192,0,193,0,10,256,2,268,140,0,140,408
08/25/2023,CXO,TX,ASW,CE,Federal Contract Tower,0,4,72,0,76,0,2,264,0,266,0,6,336,0,342,226,0,226,568
08/26/2023,CXO,TX,ASW,CE,Federal Contract Tower,0,0,34,0,34,0,2,139,0,141,0,2,173,0,175,168,0,168,343
08/27/2023,CXO,TX,ASW,CE,Federal Contract Tower,0,1,38,0,39,0,0,153,0,153,0,1,191,0,192,124,0,124,316
08/28/2023,CXO,TX,ASW,CE,Federal Contract Tower,0,1,60,0,61,0,2,155,0,157,0,3,215,0,218,284,0,284,502
08/29/2023,CXO,TX,ASW,CE,Federal Contract Tower,0,1,66,0,67,0,5,222,2,229,0,6,288,2,296,204,0,204,500
08/30/2023,CXO,TX,ASW,CE,Federal Contract Tower,0,6,61,2,69,0,2,159,4,165,0,8,220,6,234,182,12,194,428
08/31/2023,CXO,TX,ASW,CE,Federal Contract Tower,0,2,61,3,66,0,7,156,2,165,0,9,217,5,231,336,0,336,567
01/01/2020,CXO,TX,ASW,CE,Federal Contract Tower,0,3,22,0,25,0,2,31,0,33,0,5,53,0,58,48,0,48,106
01/02/2020,CXO,TX,ASW,CE,Federal Contract Tower,0,7,16,0,23,0,0,0,0,0,0,7,16,0,23,0,0,0,23
01/03/2020,CXO,TX,ASW,CE,Federal Contract Tower,0,5,41,0,46,0,0,104,0,104,0,5,145,0,150,106,0,106,256
01/04/2020,CXO,TX,ASW,CE,Federal Contract Tower,0,2,30,0,32,0,0,190,0,190,0,2,220,0,222,90,0,90,312
01/05/2020,CXO,TX,ASW,CE,Federal Contract Tower,0,5,38,0,43,0,0,120,0,120,0,5,158,0,163,104,0,104,267
01/06/2020,CXO,TX,ASW,CE,Federal Contract Tower,0,10,24,2,36,0,2,127,2,131,0,12,151,4,167,134,18,152,319
01/07/2020,CXO,TX,ASW,CE,Federal Contract Tower,0,4,41,2,47,0,0,207,19,226,0,4,248,21,273,368,0,368,641
01/08/2020,CXO,TX,ASW,CE,Federal Contract Tower,0,3,67,2,72,0,0,220,6,226,0,3,287,8,298,106,0,106,404
01/09/2020,CXO,TX,ASW,CE,Federal Contract Tower,0,4,40,2,46,0,0,33,9,42,0,4,73,11,88,114,50,164,252
01/10/2020,CXO,TX,ASW,CE,Federal Contract Tower,0,5,14,5,24,0,1,8,4,13,0,6,22,9,37,0,0,0,37
01/11/2020,CXO,TX,ASW,CE,Federal Contract Tower,0,0,21,1,22,0,0,112,17,129,0,0,133,18,151,32,10,42,193
01/12/2020,CXO,TX,ASW,CE,Federal Contract Tower,0,3,40,0,43,0,0,139,4,143,0,3,179,4,186,102,0,102,288
01/13/2020,CXO,TX,ASW,CE,Federal Contract Tower,0,8,34,0,42,0,0,48,2,50,0,8,82,2,92,88,50,138,230
01/14/2020,CXO,TX,ASW,CE,Federal Contract Tower,0,4,23,6,33,0,0,0,0,0,0,4,23,6,33,0,0,0,33
01/15/2020,CXO,TX,ASW,CE,Federal Contract Tower,0,7,60,10,77,0,0,65,12,77,0,7,125,22,154,96,8,104,258
01/16/2020,CXO,TX,ASW,CE,Federal Contract Tower,0,10,33,6,49,0,0,25,18,43,0,10,58,24,92,146,48,194,286
01/17/2020,CXO,TX,ASW,CE,Federal Contract Tower,0,7,67,0,74,0,2,44,0,46,0,9,111,0,120,28,0,28,148
01/18/2020,CXO,TX,ASW,CE,Federal Contract Tower,0,3,45,0,48,0,0,28,0,28,0,3,73,0,76,52,0,52,128
01/19/2020,CXO,TX,ASW,CE,Federal Contract Tower,0,3,49,0,52,0,0,186,0,186,0,3,235,0,238,50,0,50,288
01/20/2020,CXO,TX,ASW,CE,Federal Contract Tower,0,4,41,0,45,0,1,247,0,248,0,5,288,0,293,134,0,134,427
01/21/2020,CXO,TX,ASW,CE,Federal Contract Tower,0,5,51,3,59,0,0,267,10,277,0,5,318,13,336,154,0,154,490
01/22/2020,CXO,TX,ASW,CE,Federal Contract Tower,0,8,21,0,29,0,0,0,0,0,0,8,21,0,29,0,0,0,29
01/23/2020,CXO,TX,ASW,CE,Federal Contract Tower,0,7,55,0,62,0,5,54,3,62,0,12,109,3,124,106,0,106,230
01/24/2020,CXO,TX,ASW,CE,Federal Contract Tower,0,6,56,1,63,0,0,230,6,236,0,6,286,7,299,196,0,196,495
01/25/2020,CXO,TX,ASW,CE,Federal Contract Tower,0,6,55,4,65,0,3,194,4,201,0,9,249,8,266,154,2,156,422
01/26/2020,CXO,TX,ASW,CE,Federal Contract Tower,0,2,27,0,29,0,0,39,0,39,0,2,66,0,68,40,0,40,108
01/27/2020,CXO,TX,ASW,CE,Federal Contract Tower,0,2,59,29,90,0,0,6,2,8,0,2,65,31,98,10,0,10,108
01/28/2020,CXO,TX,ASW,CE,Federal Contract Tower,0,2,23,1,26,0,0,3,1,4,0,2,26,2,30,6,0,6,36
01/29/2020,CXO,TX,ASW,CE,Federal Contract Tower,0,2,56,7,65,0,2,132,11,145,0,4,188,18,210,230,8,238,448
01/30/2020,CXO,TX,ASW,CE,Federal Contract Tower,0,4,89,0,93,0,0,14,6,20,0,4,103,6,113,0,16,16,129
01/31/2020,CXO,TX,ASW,CE,Federal Contract Tower,0,6,66,0,72,0,0,83,0,83,0,6,149,0,155,132,0,132,287
02/01/2020,CXO,TX,ASW,CE,Federal Contract Tower,0,3,30,0,33,0,3,244,1,248,0,6,274,1,281,154,0,154,435
02/02/2020,CXO,TX,ASW,CE,Federal Contract Tower,0,4,35,0,39,0,2,174,1,177,0,6,209,1,216,194,0,194,410
02/03/2020,CXO,TX,ASW,CE,Federal Contract Tower,0,9,57,3,69,0,0,66,0,66,0,9,123,3,135,66,0,66,201
02/04/2020,CXO,TX,ASW,CE,Federal Contract Tower,0,1,62,0,63,0,1,66,6,73,0,2,128,6,136,164,19,183,319
02/05/2020,CXO,TX,ASW,CE,Federal Contract Tower,0,9,13,0,22,0,0,0,6,6,0,9,13,6,28,0,24,24,52
02/06/2020,CXO,TX,ASW,CE,Federal Contract Tower,0,3,46,3,52,0,2,120,13,135,0,5,166,16,187,168,4,172,359
02/07/2020,CXO,TX,ASW,CE,Federal Contract Tower,0,4,39,0,43,0,6,235,0,241,0,10,274,0,284,210,0,210,494
02/08/2020,CXO,TX,ASW,CE,Federal Contract Tower,0,0,52,2,54,0,3,224,15,242,0,3,276,17,296,228,0,228,524
02/09/2020,CXO,TX,ASW,CE,Federal Contract Tower,0,5,19,0,24,0,0,0,0,0,0,5,19,0,24,0,0,0,24
02/10/2020,CXO,TX,ASW,CE,Federal Contract Tower,0,7,30,0,37,0,0,8,0,8,0,7,38,0,45,18,22,40,85
02/11/2020,CXO,TX,ASW,CE,Federal Contract Tower,0,1,16,0,17,0,0,0,0,0,0,1,16,0,17,0,0,0,17
02/12/2020,CXO,TX,ASW,CE,Federal Contract Tower,0,14,16,0,30,0,0,0,0,0,0,14,16,0,30,0,0,0,30
02/13/2020,CXO,TX,ASW,CE,Federal Contract Tower,0,11,73,4,88,0,1,160,8,169,0,12,233,12,257,192,0,192,449
02/14/2020,CXO,TX,ASW,CE,Federal Contract Tower,0,5,57,0,62,0,3,256,1,260,0,8,313,1,322,104,0,104,426
02/15/2020,CXO,TX,ASW,CE,Federal Contract Tower,0,5,55,0,60,0,0,175,0,175,0,5,230,0,235,114,0,114,349
02/16/2020,CXO,TX,ASW,CE,Federal Contract Tower,0,5,26,2,33,0,0,47,0,47,0,5,73,2,80,86,0,86,166
02/17/2020,CXO,TX,ASW,CE,Federal Contract Tower,0,8,34,0,42,0,2,31,0,33,0,10,65,0,75,74,0,74,149
02/18/2020,CXO,TX,ASW,CE,Federal Contract Tower,0,6,46,1,53,0,1,40,15,56,0,7,86,16,109,188,22,210,319
02/19/2020,CXO,TX,ASW,CE,Federal Contract Tower,0,0,36,19,55,0,0,0,0,0,0,0,36,19,55,0,0,0,55
02/20/2020,CXO,TX,ASW,CE,Federal Contract Tower,0,13,22,1,36,0,0,13,1,14,0,13,35,2,50,30,0,30,80
02/21/2020,CXO,TX,ASW,CE,Federal Contract Tower,0,12,50,8,70,0,4,279,11,294,0,16,329,19,364,166,0,166,530
02/22/2020,CXO,TX,ASW,CE,Federal Contract Tower,0,1,38,0,39,0,3,244,0,247,0,4,282,0,286,122,0,122,408
02/23/2020,CXO,TX,ASW,CE,Federal Contract Tower,0,3,39,0,42,0,0,61,0,61,0,3,100,0,103,158,0,158,261
02/24/2020,CXO,TX,ASW,CE,Federal Contract Tower,0,6,40,0,46,0,0,82,9,91,0,6,122,9,137,146,0,146,283
02/25/2020,CXO,TX,ASW,CE,Federal Contract Tower,0,5,57,2,64,0,2,235,24,261,0,7,292,26,325,186,16,202,527
02/26/2020,CXO,TX,ASW,CE,Federal Contract Tower,0,3,34,0,37,0,2,56,20,78,0,5,90,20,115,64,8,72,187
02/27/2020,CXO,TX,ASW,CE,Federal Contract Tower,0,5,41,1,47,0,0,218,17,235,0,5,259,18,282,200,0,200,482
02/28/2020,CXO,TX,ASW,CE,Federal Contract Tower,0,7,56,1,64,0,1,249,4,254,0,8,305,5,318,212,0,212,530
02/29/2020,CXO,TX,ASW,CE,Federal Contract Tower,0,2,35,0,37,0,1,227,2,230,0,3,262,2,267,64,0,64,331
03/01/2020,CXO,TX,ASW,CE,Federal Contract Tower,0,0,40,0,40,0,2,30,0,32,0,2,70,0,72,28,0,28,100
03/02/2020,CXO,TX,ASW,CE,Federal Contract Tower,0,0,53,1,54,0,0,60,7,67,0,0,113,8,121,70,0,70,191
03/03/2020,CXO,TX,ASW,CE,Federal Contract Tower,0,1,42,0,43,0,2,70,3,75,0,3,112,3,118,126,0,126,244
03/04/2020,CXO,TX,ASW,CE,Federal Contract Tower,0,6,8,0,14,0,0,0,0,0,0,6,8,0,14,0,0,0,14
03/05/2020,CXO,TX,ASW,CE,Federal Contract Tower,0,9,51,0,60,0,3,186,1,190,0,12,237,1,250,140,0,140,390
03/06/2020,CXO,TX,ASW,CE,Federal Contract Tower,0,1,37,0,38,0,2,224,4,230,0,3,261,4,268,50,2,52,320
03/07/2020,CXO,TX,ASW,CE,Federal Contract Tower,0,3,20,0,23,0,0,208,5,213,0,3,228,5,236,36,0,36,272
03/08/2020,CXO,TX,ASW,CE,Federal Contract Tower,0,3,38,0,41,0,0,91,3,94,0,3,129,3,135,118,0,118,253
03/09/2020,CXO,TX,ASW,CE,Federal Contract Tower,0,2,65,2,69,0,0,40,14,54,0,2,105,16,123,156,6,162,285
03/10/2020,CXO,TX,ASW,CE,Federal Contract Tower,0,2,56,0,58,0,0,84,5,89,0,2,140,5,147,194,0,194,341
03/11/2020,CXO,TX,ASW,CE,Federal Contract Tower,0,12,81,1,94,0,4,175,16,195,0,16,256,17,289,184,12,196,485
03/12/2020,CXO,TX,ASW,CE,Federal Contract Tower,0,11,58,0,69,0,6,154,12,172,0,17,212,12,241,258,0,258,499
03/13/2020,CXO,TX,ASW,CE,Federal Contract Tower,0,2,55,1,58,0,0,124,3,127,0,2,179,4,185,172,6,178,363
03/14/2020,CXO,TX,ASW,CE,Federal Contract Tower,0,4,51,0,55,0,0,99,7,106,0,4,150,7,161,110,0,110,271
03/15/2020,CXO,TX,ASW,CE,Federal Contract Tower,0,3,32,2,37,0,0,27,0,27,0,3,59,2,64,58,0,58,122
03/16/2020,CXO,TX,ASW,CE,Federal Contract Tower,0,3,37,0,40,0,1,124,3,128,0,4,161,3,168,178,0,178,346
03/17/2020,CXO,TX,ASW,CE,Federal Contract Tower,0,2,20,6,28,0,2,79,18,99,0,4,99,24,127,104,4,108,235
03/18/2020,CXO,TX,ASW,CE,Federal Contract Tower,0,9,51,0,60,0,2,80,14,96,0,11,131,14,156,134,0,134,290
03/19/2020,CXO,TX,ASW,CE,Federal Contract Tower,0,2,43,3,48,0,2,68,12,82,0,4,111,15,130,110,0,110,240
03/20/2020,CXO,TX,ASW,CE,Federal Contract Tower,0,9,11,0,20,0,0,0,0,0,0,9,11,0,20,0,0,0,20
03/21/2020,CXO,TX,ASW,CE,Federal Contract Tower,0,0,17,0,17,0,0,0,0,0,0,0,17,0,17,0,0,0,17
03/22/2020,CXO,TX,ASW,CE,Federal Contract Tower,0,1,16,0,17,0,0,1,0,1,0,1,17,0,18,0,0,0,18
03/23/2020,CXO,TX,ASW,CE,Federal Contract Tower,0,0,20,2,22,0,0,123,4,127,0,0,143,6,149,112,0,112,261
03/24/2020,CXO,TX,ASW,CE,Federal Contract Tower,0,1,41,2,44,0,1,84,7,92,0,2,125,9,136,136,0,136,272
03/25/2020,CXO,TX,ASW,CE,Federal Contract Tower,0,1,45,3,49,0,0,172,6,178,0,1,217,9,227,176,10,186,413
03/26/2020,CXO,TX,ASW,CE,Federal Contract Tower,0,0,37,0,37,0,2,123,9,134,0,2,160,9,171,144,0,144,315
03/27/2020,CXO,TX,ASW,CE,Federal Contract Tower,0,0,47,0,47,0,2,122,0,124,0,2,169,0,171,174,0,174,345
03/28/2020,CXO,TX,ASW,CE,Federal Contract Tower,0,0,25,0,25,0,1,13,0,14,0,1,38,0,39,70,0,70,109
03/29/2020,CXO,TX,ASW,CE,Federal Contract Tower,0,0,24,0,24,0,2,106,0,108,0,2,130,0,132,98,0,98,230
03/30/2020,CXO,TX,ASW,CE,Federal Contract Tower,0,0,14,0,14,0,0,31,0,31,0,0,45,0,45,24,0,24,69
03/31/2020,CXO,TX,ASW,CE,Federal Contract Tower,0,1,40,0,41,0,4,107,0,111,0,5,147,0,152,106,0,106,258
04/01/2020,CXO,TX,ASW,CE,Federal Contract Tower,0,3,30,4,37,0,0,226,2,228,0,3,256,6,265,252,0,252,517
04/02/2020,CXO,TX,ASW,CE,Federal Contract Tower,0,2,37,0,39,0,0,77,0,77,0,2,114,0,116,116,0,116,232
04/03/2020,CXO,TX,ASW,CE,Federal Contract Tower,0,0,22,0,22,0,2,62,0,64,0,2,84,0,86,98,0,98,184
04/04/2020,CXO,TX,ASW,CE,Federal Contract Tower,0,0,9,0,9,0,0,0,0,0,0,0,9,0,9,0,0,0,9
04/05/2020,CXO,TX,ASW,CE,Federal Contract Tower,0,0,17,0,17,0,0,17,0,17,0,0,34,0,34,32,0,32,66
04/06/2020,CXO,TX,ASW,CE,Federal Contract Tower,0,1,24,0,25,0,1,62,0,63,0,2,86,0,88,156,0,156,244
04/07/2020,CXO,TX,ASW,CE,Federal Contract Tower,0,0,34,0,34,0,2,80,0,82,0,2,114,0,116,88,0,88,204
04/08/2020,CXO,TX,ASW,CE,Federal Contract Tower,0,0,23,0,23,0,0,83,2,85,0,0,106,2,108,176,2,178,286
04/09/2020,CXO,TX,ASW,CE,Federal Contract Tower,0,3,29,2,34,0,0,47,1,48,0,3,76,3,82,58,14,72,154
04/10/2020,CXO,TX,ASW,CE,Federal Contract Tower,0,0,27,0,27,0,0,136,1,137,0,0,163,1,164,248,0,248,412
04/11/2020,CXO,TX,ASW,CE,Federal Contract Tower,0,0,20,0,20,0,3,49,0,52,0,3,69,0,72,62,0,62,134
04/12/2020,CXO,TX,ASW,CE,Federal Contract Tower,0,0,15,0,15,0,0,12,0,12,0,0,27,0,27,0,0,0,27
04/13/2020,CXO,TX,ASW,CE,Federal Contract Tower,0,0,43,0,43,0,2,138,2,142,0,2,181,2,185,146,0,146,331
04/14/2020,CXO,TX,ASW,CE,Federal Contract Tower,0,2,34,0,36,0,4,141,0,145,0,6,175,0,181,108,0,108,289
04/15/2020,CXO,TX,ASW,CE,Federal Contract Tower,0,0,24,0,24,0,1,190,1,192,0,1,214,1,216,168,0,168,384
04/16/2020,CXO,TX,ASW,CE,Federal Contract Tower,0,0,60,0,60,0,1,131,2,134,0,1,191,2,194,160,0,160,354
04/17/2020,CXO,TX,ASW,CE,Federal Contract Tower,0,0,28,3,31,0,6,49,2,57,0,6,77,5,88,172,2,174,262
04/18/2020,CXO,TX,ASW,CE,Federal Contract Tower,0,0,18,0,18,0,0,5,0,5,0,0,23,0,23,0,0,0,23
04/19/2020,CXO,TX,ASW,CE,Federal Contract Tower,0,0,2,0,2,0,2,7,0,9,0,2,9,0,11,12,0,12,23
04/20/2020,CXO,TX,ASW,CE,Federal Contract Tower,0,0,40,0,40,0,0,120,1,121,0,0,160,1,161,140,0,140,301
04/21/2020,CXO,TX,ASW,CE,Federal Contract Tower,0,1,56,0,57,0,1,166,9,176,0,2,222,9,233,220,0,220,453
04/22/2020,CXO,TX,ASW,CE,Federal Contract Tower,0,2,25,0,27,0,2,10,5,17,0,4,35,5,44,6,20,26,70
04/23/2020,CXO,TX,ASW,CE,Federal Contract Tower,0,3,51,2,56,0,4,146,9,159,0,7,197,11,215,136,2,138,353
04/24/2020,CXO,TX,ASW,CE,Federal Contract Tower,0,0,43,0,43,0,1,181,0,182,0,1,224,0,225,210,0,210,435
04/25/2020,CXO,TX,ASW,CE,Federal Contract Tower,0,2,16,0,18,0,1,107,1,109,0,3,123,1,127,70,0,70,197
04/26/2020,CXO,TX,ASW,CE,Federal Contract Tower,0,1,24,0,25,0,2,155,0,157,0,3,179,0,182,220,0,220,402
04/27/2020,CXO,TX,ASW,CE,Federal Contract Tower,0,2,52,2,56,0,0,128,0,128,0,2,180,2,184,68,0,68,252
04/28/2020,CXO,TX,ASW,CE,Federal Contract Tower,0,1,17,4,22,0,2,29,4,35,0,3,46,8,57,102,0,102,159
04/29/2020,CXO,TX,ASW,CE,Federal Contract Tower,0,3,27,1,31,0,1,90,3,94,0,4,117,4,125,106,0,106,231
04/30/2020,CXO,TX,ASW,CE,Federal Contract Tower,0,1,48,1,50,0,2,271,19,292,0,3,319,20,342,228,6,234,576
05/01/2020,CXO,TX,ASW,CE,Federal Contract Tower,0,1,57,1,59,0,0,222,0,222,0,1,279,1,281,122,0,122,403
05/02/2020,CXO,TX,ASW,CE,Federal Contract Tower,0,0,38,0,38,0,0,163,0,163,0,0,201,0,201,192,0,192,393
05/03/2020,CXO,TX,ASW,CE,Federal Contract Tower,0,0,19,0,19,0,0,84,0,84,0,0,103,0,103,98,0,98,201
05/04/2020,CXO,TX,ASW,CE,Federal Contract Tower,0,2,44,0,46,0,4,90,5,99,0,6,134,5,145,208,0,208,353
05/06/2020,CXO,TX,ASW,CE,Federal Contract Tower,0,2,32,2,36,0,0,70,5,75,0,2,102,7,111,142,0,142,253
05/08/2020,CXO,TX,ASW,CE,Federal Contract Tower,0,0,11,0,11,0,2,29,2,33,0,2,40,2,44,54,0,54,98
05/09/2020,CXO,TX,ASW,CE,Federal Contract Tower,0,0,19,0,19,0,3,122,0,125,0,3,141,0,144,104,0,104,248
05/10/2020,CXO,TX,ASW,CE,Federal Contract Tower,0,1,19,0,20,0,0,125,0,125,0,1,144,0,145,98,0,98,243
05/11/2020,CXO,TX,ASW,CE,Federal Contract Tower,0,2,43,0,45,0,0,212,4,216,0,2,255,4,261,182,0,182,443
05/12/2020,CXO,TX,ASW,CE,Federal Contract Tower,0,1,30,0,31,0,0,132,12,144,0,1,162,12,175,180,10,190,365
05/13/2020,CXO,TX,ASW,CE,Federal Contract Tower,0,4,53,2,59,0,0,159,11,170,0,4,212,13,229,204,0,204,433
05/14/2020,CXO,TX,ASW,CE,Federal Contract Tower,0,5,36,0,41,0,4,47,9,60,0,9,83,9,101,110,0,110,211
05/15/2020,CXO,TX,ASW,CE,Federal Contract Tower,0,2,44,0,46,0,2,36,2,40,0,4,80,2,86,68,0,68,154
05/16/2020,CXO,TX,ASW,CE,Federal Contract Tower,0,0,16,0,16,0,1,7,0,8,0,1,23,0,24,6,0,6,30
05/17/2020,CXO,TX,ASW,CE,Federal Contract Tower,0,2,29,0,31,0,0,92,0,92,0,2,121,0,123,94,0,94,217
05/18/2020,CXO,TX,ASW,CE,Federal Contract Tower,0,3,37,1,41,0,0,192,2,194,0,3,229,3,235,146,14,160,395
05/19/2020,CXO,TX,ASW,CE,Federal Contract Tower,0,0,52,5,57,0,11,179,6,196,0,11,231,11,253,134,0,134,387
05/20/2020,CXO,TX,ASW,CE,Federal Contract Tower,0,6,63,0,69,0,2,179,6,187,0,8,242,6,256,158,0,158,414
05/21/2020,CXO,TX,ASW,CE,Federal Contract Tower,0,6,59,1,66,0,2,145,8,155,0,8,204,9,221,204,8,212,433
05/22/2020,CXO,TX,ASW,CE,Federal Contract Tower,0,14,54,0,68,0,2,85,0,87,0,16,139,0,155,88,0,88,243
05/23/2020,CXO,TX,ASW,CE,Federal Contract Tower,0,3,38,0,41,0,2,79,0,81,0,5,117,0,122,112,0,112,234
05/24/2020,CXO,TX,ASW,CE,Federal Contract Tower,0,0,16,0,16,0,2,5,0,7,0,2,21,0,23,0,0,0,23
05/25/2020,CXO,TX,ASW,CE,Federal Contract Tower,0,4,31,0,35,0,0,85,0,85,0,4,116,0,120,108,0,108,228
05/26/2020,CXO,TX,ASW,CE,Federal Contract Tower,0,2,34,0,36,0,0,124,29,153,0,2,158,29,189,138,0,138,327
05/27/2020,CXO,TX,ASW,CE,Federal Contract Tower,0,1,38,0,39,0,3,136,7,146,0,4,174,7,185,88,0,88,273
05/28/2020,CXO,TX,ASW,CE,Federal Contract Tower,0,5,77,1,83,0,4,133,4,141,0,9,210,5,224,264,0,264,488
05/29/2020,CXO,TX,ASW,CE,Federal Contract Tower,0,2,63,0,65,0,4,209,6,219,0,6,272,6,284,152,0,152,436
05/30/2020,CXO,TX,ASW,CE,Federal Contract Tower,0,1,32,0,33,0,4,197,0,201,0,5,229,0,234,136,0,136,370
05/31/2020,CXO,TX,ASW,CE,Federal Contract Tower,0,1,35,0,36,0,0,116,0,116,0,1,151,0,152,146,0,146,298
06/01/2020,CXO,TX,ASW,CE,Federal Contract Tower,0,6,64,0,70,0,3,163,0,166,0,9,227,0,236,268,0,268,504
06/02/2020,CXO,TX,ASW,CE,Federal Contract Tower,0,2,44,0,46,0,1,180,5,186,0,3,224,5,232,94,0,94,326
06/03/2020,CXO,TX,ASW,CE,Federal Contract Tower,0,9,54,0,63,0,4,123,5,132,0,13,177,5,195,80,0,80,275
06/04/2020,CXO,TX,ASW,CE,Federal Contract Tower,0,4,65,2,71,0,3,160,11,174,0,7,225,13,245,86,0,86,331
06/05/2020,CXO,TX,ASW,CE,Federal Contract Tower,0,2,62,0,64,0,0,172,5,177,0,2,234,5,241,111,0,111,352
06/06/2020,CXO,TX,ASW,CE,Federal Contract Tower,0,0,19,0,19,0,4,129,5,138,0,4,148,5,157,86,0,86,243
06/07/2020,CXO,TX,ASW,CE,Federal Contract Tower,0,3,21,0,24,0,0,87,0,87,0,3,108,0,111,74,0,74,185
06/08/2020,CXO,TX,ASW,CE,Federal Contract Tower,0,4,34,1,39,0,7,138,8,153,0,11,172,9,192,162,0,162,354
06/09/2020,CXO,TX,ASW,CE,Federal Contract Tower,0,2,29,1,32,0,6,121,12,139,0,8,150,13,171,158,0,158,329
06/10/2020,CXO,TX,ASW,CE,Federal Contract Tower,0,5,36,3,44,0,2,172,19,193,0,7,208,22,237,120,2,122,359
06/11/2020,CXO,TX,ASW,CE,Federal Contract Tower,0,3,46,4,53,0,1,172,19,192,0,4,218,23,245,142,2,144,389
06/12/2020,CXO,TX,ASW,CE,Federal Contract Tower,0,4,32,1,37,0,0,181,8,189,0,4,213,9,226,106,2,108,334
06/13/2020,CXO,TX,ASW,CE,Federal Contract Tower,0,4,15,5,24,0,2,118,0,120,0,6,133,5,144,66,4,70,214
06/14/2020,CXO,TX,ASW,CE,Federal Contract Tower,0,1,29,0,30,0,0,126,4,130,0,1,155,4,160,92,0,92,252
06/15/2020,CXO,TX,ASW,CE,Federal Contract Tower,0,2,38,1,41,0,1,123,7,131,0,3,161,8,172,182,0,182,354
06/16/2020,CXO,TX,ASW,CE,Federal Contract Tower,0,3,51,0,54,0,0,170,10,180,0,3,221,10,234,140,6,146,380
06/17/2020,CXO,TX,ASW,CE,Federal Contract Tower,0,6,51,8,65,0,3,147,10,160,0,9,198,18,225,168,6,174,399
06/18/2020,CXO,TX,ASW,CE,Federal Contract Tower,0,5,66,6,77,0,0,151,12,163,0,5,217,18,240,90,4,94,334
06/19/2020,CXO,TX,ASW,CE,Federal Contract Tower,0,3,47,0,50,0,2,166,0,168,0,5,213,0,218,81,0,81,299
06/20/2020,CXO,TX,ASW,CE,Federal Contract Tower,0,13,29,8,50,0,1,54,0,55,0,14,83,8,105,94,0,94,199
06/21/2020,CXO,TX,ASW,CE,Federal Contract Tower,0,3,18,0,21,0,1,40,0,41,0,4,58,0,62,42,0,42,104
06/22/2020,CXO,TX,ASW,CE,Federal Contract Tower,0,7,25,2,34,0,0,19,0,19,0,7,44,2,53,42,0,42,95
06/23/2020,CXO,TX,ASW,CE,Federal Contract Tower,0,3,36,3,42,0,0,61,6,67,0,3,97,9,109,158,0,158,267
06/24/2020,CXO,TX,ASW,CE,Federal Contract Tower,0,10,32,7,49,0,4,23,2,29,0,14,55,9,78,64,8,72,150
06/25/2020,CXO,TX,ASW,CE,Federal Contract Tower,0,7,17,0,24,0,1,33,1,35,0,8,50,1,59,66,0,66,125
06/26/2020,CXO,TX,ASW,CE,Federal Contract Tower,0,6,55,2,63,0,0,28,5,33,0,6,83,7,96,82,4,86,182
06/27/2020,CXO,TX,ASW,CE,Federal Contract Tower,0,1,43,0,44,0,0,50,0,50,0,1,93,0,94,78,0,78,172
06/28/2020,CXO,TX,ASW,CE,Federal Contract Tower,0,4,22,0,26,0,2,55,0,57,0,6,77,0,83,22,0,22,105
06/29/2020,CXO,TX,ASW,CE,Federal Contract Tower,0,7,45,0,52,0,0,77,0,77,0,7,122,0,129,148,0,148,277
06/30/2020,CXO,TX,ASW,CE,Federal Contract Tower,0,10,50,0,60,0,116,4,0,120,0,126,54,0,180,84,0,84,264
07/01/2020,CXO,TX,ASW,CE,Federal Contract Tower,0,5,50,0,55,0,0,131,4,135,0,5,181,4,190,122,0,122,312
07/02/2020,CXO,TX,ASW,CE,Federal Contract Tower,0,7,64,0,71,0,7,136,2,145,0,14,200,2,216,108,0,108,324
07/03/2020,CXO,TX,ASW,CE,Federal Contract Tower,0,5,37,0,42,0,2,98,0,100,0,7,135,0,142,160,0,160,302
07/04/2020,CXO,TX,ASW,CE,Federal Contract Tower,0,1,34,0,35,0,0,109,0,109,0,1,143,0,144,56,0,56,200
07/06/2020,CXO,TX,ASW,CE,Federal Contract Tower,0,7,51,0,58,0,2,62,1,65,0,9,113,1,123,108,0,108,231
07/07/2020,CXO,TX,ASW,CE,Federal Contract Tower,0,8,33,0,41,0,0,31,6,37,0,8,64,6,78,47,0,47,125
07/08/2020,CXO,TX,ASW,CE,Federal Contract Tower,0,6,60,0,66,0,5,125,10,140,0,11,185,10,206,136,0,136,342
07/09/2020,CXO,TX,ASW,CE,Federal Contract Tower,0,6,43,7,56,0,2,126,7,135,0,8,169,14,191,180,0,180,371
07/10/2020,CXO,TX,ASW,CE,Federal Contract Tower,0,7,52,0,59,0,0,165,8,173,0,7,217,8,232,166,0,166,398
07/11/2020,CXO,TX,ASW,CE,Federal Contract Tower,0,3,39,0,42,0,0,120,0,120,0,3,159,0,162,190,0,190,352
07/12/2020,CXO,TX,ASW,CE,Federal Contract Tower,0,2,37,0,39,0,0,93,0,93,0,2,130,0,132,88,0,88,220
07/13/2020,CXO,TX,ASW,CE,Federal Contract Tower,0,0,60,0,60,0,1,91,4,96,0,1,151,4,156,170,0,170,326
07/14/2020,CXO,TX,ASW,CE,Federal Contract Tower,0,1,40,2,43,0,4,153,8,165,0,5,193,10,208,292,0,292,500
07/15/2020,CXO,TX,ASW,CE,Federal Contract Tower,0,5,56,2,63,0,1,124,13,138,0,6,180,15,201,210,20,230,431
07/16/2020,CXO,TX,ASW,CE,Federal Contract Tower,0,2,54,0,56,0,6,138,14,158,0,8,192,14,214,164,2,166,380
07/17/2020,CXO,TX,ASW,CE,Federal Contract Tower,0,7,46,1,54,0,1,127,6,134,0,8,173,7,188,132,0,132,320
07/18/2020,CXO,TX,ASW,CE,Federal Contract Tower,0,1,57,2,60,0,0,128,10,138,0,1,185,12,198,126,2,128,326
07/19/2020,CXO,TX,ASW,CE,Federal Contract Tower,0,4,27,1,32,0,0,83,9,92,0,4,110,10,124,112,0,112,236
07/20/2020,CXO,TX,ASW,CE,Federal Contract Tower,0,5,56,0,61,0,3,83,7,93,0,8,139,7,154,140,0,140,294
07/21/2020,CXO,TX,ASW,CE,Federal Contract Tower,0,8,50,3,61,0,0,31,7,38,0,8,81,10,99,18,8,26,125
07/22/2020,CXO,TX,ASW,CE,Federal Contract Tower,0,1,38,0,39,0,5,53,6,64,0,6,91,6,103,126,0,126,229
07/23/2020,CXO,TX,ASW,CE,Federal Contract Tower,0,3,62,0,65,0,9,161,7,177,0,12,223,7,242,244,0,244,486
07/24/2020,CXO,TX,ASW,CE,Federal Contract Tower,0,0,34,2,36,0,2,69,1,72,0,2,103,3,108,80,0,80,188
07/25/2020,CXO,TX,ASW,CE,Federal Contract Tower,0,3,9,2,14,0,0,9,6,15,0,3,18,8,29,36,0,36,65
07/26/2020,CXO,TX,ASW,CE,Federal Contract Tower,0,4,28,0,32,0,0,27,5,32,0,4,55,5,64,20,0,20,84
07/27/2020,CXO,TX,ASW,CE,Federal Contract Tower,0,1,34,4,39,0,0,71,5,76,0,1,105,9,115,178,0,178,293
07/28/2020,CXO,TX,ASW,CE,Federal Contract Tower,0,3,30,2,35,0,0,62,4,66,0,3,92,6,101,178,0,178,279
07/29/2020,CXO,TX,ASW,CE,Federal Contract Tower,0,4,47,0,51,0,3,128,3,134,0,7,175,3,185,288,0,288,473
07/30/2020,CXO,TX,ASW,CE,Federal Contract Tower,0,4,61,0,65,0,1,138,8,147,0,5,199,8,212,156,0,156,368
07/31/2020,CXO,TX,ASW,CE,Federal Contract Tower,0,6,57,0,63,0,1,116,22,139,0,7,173,22,202,118,16,134,336
08/01/2020,CXO,TX,ASW,CE,Federal Contract Tower,0,4,39,1,44,0,2,114,10,126,0,6,153,11,170,60,0,60,230
08/03/2020,CXO,TX,ASW,CE,Federal Contract Tower,0,7,55,0,62,0,0,116,3,119,0,7,171,3,181,206,64,270,451
08/04/2020,CXO,TX,ASW,CE,Federal Contract Tower,0,8,53,0,61,0,2,125,5,132,0,10,178,5,193,144,2,146,339
08/05/2020,CXO,TX,ASW,CE,Federal Contract Tower,0,2,53,2,57,0,2,141,5,148,0,4,194,7,205,148,12,160,365
08/06/2020,CXO,TX,ASW,CE,Federal Contract Tower,0,2,58,5,65,0,1,124,5,130,0,3,182,10,195,216,6,222,417
08/07/2020,CXO,TX,ASW,CE,Federal Contract Tower,0,3,47,0,50,0,2,129,9,140,0,5,176,9,190,82,0,82,272
08/08/2020,CXO,TX,ASW,CE,Federal Contract Tower,0,0,36,3,39,0,2,111,2,115,0,2,147,5,154,80,6,86,240
08/09/2020,CXO,TX,ASW,CE,Federal Contract Tower,0,2,37,0,39,0,0,64,0,64,0,2,101,0,103,46,0,46,149
08/10/2020,CXO,TX,ASW,CE,Federal Contract Tower,0,6,53,1,60,0,1,122,8,131,0,7,175,9,191,92,0,92,283
08/11/2020,CXO,TX,ASW,CE,Federal Contract Tower,0,6,70,3,79,0,0,117,15,132,0,6,187,18,211,144,0,144,355
08/12/2020,CXO,TX,ASW,CE,Federal Contract Tower,0,4,46,2,52,0,4,119,19,142,0,8,165,21,194,200,6,206,400
08/13/2020,CXO,TX,ASW,CE,Federal Contract Tower,0,5,63,4,72,0,0,120,21,141,0,5,183,25,213,208,12,220,433
08/14/2020,CXO,TX,ASW,CE,Federal Contract Tower,0,7,66,0,73,0,0,120,6,126,0,7,186,6,199,128,0,128,327
08/15/2020,CXO,TX,ASW,CE,Federal Contract Tower,0,5,43,2,50,0,0,116,0,116,0,5,159,2,166,124,0,124,290
08/16/2020,CXO,TX,ASW,CE,Federal Contract Tower,0,5,46,2,53,0,0,83,0,83,0,5,129,2,136,78,0,78,214
08/17/2020,CXO,TX,ASW,CE,Federal Contract Tower,0,5,44,0,49,0,1,98,7,106,0,6,142,7,155,176,0,176,331
08/18/2020,CXO,TX,ASW,CE,Federal Contract Tower,0,1,58,8,67,0,5,112,4,121,0,6,170,12,188,194,0,194,382
08/19/2020,CXO,TX,ASW,CE,Federal Contract Tower,0,4,49,0,53,0,2,137,10,149,0,6,186,10,202,210,0,210,412
08/20/2020,CXO,TX,ASW,CE,Federal Contract Tower,0,9,63,1,73,0,1,141,3,145,0,10,204,4,218,234,0,234,452
08/21/2020,CXO,TX,ASW,CE,Federal Contract Tower,0,5,40,2,47,0,4,132,1,137,0,9,172,3,184,144,0,144,328
08/22/2020,CXO,TX,ASW,CE,Federal Contract Tower,0,7,43,0,50,0,4,163,8,175,0,11,206,8,225,150,12,162,387
08/23/2020,CXO,TX,ASW,CE,Federal Contract Tower,0,27,51,0,78,0,1,104,1,106,0,28,155,1,184,96,0,96,280
08/24/2020,CXO,TX,ASW,CE,Federal Contract Tower,0,2,47,0,49,0,1,176,4,181,0,3,223,4,230,202,0,202,432
08/25/2020,CXO,TX,ASW,CE,Federal Contract Tower,0,12,54,2,68,0,2,152,14,168,0,14,206,16,236,160,8,168,404
08/26/2020,CXO,TX,ASW,CE,Federal Contract Tower,0,4,30,0,34,0,2,16,1,19,0,6,46,1,53,0,0,0,53
08/27/2020,CXO,TX,ASW,CE,Federal Contract Tower,0,3,17,0,20,0,10,79,2,91,0,13,96,2,111,44,0,44,155
08/28/2020,CXO,TX,ASW,CE,Federal Contract Tower,0,15,57,0,72,0,19,102,10,131,0,34,159,10,203,110,0,110,313
08/29/2020,CXO,TX,ASW,CE,Federal Contract Tower,0,0,32,0,32,0,0,139,0,139,0,0,171,0,171,132,0,132,303
08/30/2020,CXO,TX,ASW,CE,Federal Contract Tower,0,4,40,0,44,0,0,112,0,112,0,4,152,0,156,146,0,146,302
08/31/2020,CXO,TX,ASW,CE,Federal Contract Tower,0,1,43,0,44,0,0,94,7,101,0,1,137,7,145,142,0,142,287
09/01/2020,CXO,TX,ASW,CE,Federal Contract Tower,0,1,37,2,40,0,0,102,8,110,0,1,139,10,150,76,26,102,252
09/02/2020,CXO,TX,ASW,CE,Federal Contract Tower,0,3,49,3,55,0,3,100,13,116,0,6,149,16,171,230,20,250,421
09/03/2020,CXO,TX,ASW,CE,Federal Contract Tower,0,3,48,0,51,0,1,125,4,130,0,4,173,4,181,150,0,150,331
09/04/2020,CXO,TX,ASW,CE,Federal Contract Tower,0,6,23,0,29,0,3,64,1,68,0,9,87,1,97,46,0,46,143
09/05/2020,CXO,TX,ASW,CE,Federal Contract Tower,0,1,26,0,27,0,2,124,0,126,0,3,150,0,153,116,0,116,269
09/06/2020,CXO,TX,ASW,CE,Federal Contract Tower,0,1,25,0,26,0,0,61,0,61,0,1,86,0,87,30,0,30,117
09/07/2020,CXO,TX,ASW,CE,Federal Contract Tower,0,2,32,0,34,0,0,102,0,102,0,2,134,0,136,110,0,110,246
09/08/2020,CXO,TX,ASW,CE,Federal Contract Tower,0,3,41,0,44,0,1,77,2,80,0,4,118,2,124,104,0,104,228
09/09/2020,CXO,TX,ASW,CE,Federal Contract Tower,0,10,37,0,47,0,5,122,0,127,0,15,159,0,174,114,0,114,288
09/10/2020,CXO,TX,ASW,CE,Federal Contract Tower,0,9,44,2,55,0,0,53,3,56,0,9,97,5,111,70,6,76,187
09/11/2020,CXO,TX,ASW,CE,Federal Contract Tower,0,4,70,2,76,0,0,108,5,113,0,4,178,7,189,104,2,106,295
09/12/2020,CXO,TX,ASW,CE,Federal Contract Tower,0,6,63,1,70,0,0,204,0,204,0,6,267,1,274,156,0,156,430
09/13/2020,CXO,TX,ASW,CE,Federal Contract Tower,0,4,16,1,21,0,101,75,3,179,0,105,91,4,200,70,0,70,270
09/14/2020,CXO,TX,ASW,CE,Federal Contract Tower,0,6,43,7,56,0,3,67,10,80,0,9,110,17,136,146,0,146,282
09/15/2020,CXO,TX,ASW,CE,Federal Contract Tower,0,7,54,2,63,0,1,165,5,171,0,8,219,7,234,198,0,198,432
09/16/2020,CXO,TX,ASW,CE,Federal Contract Tower,0,7,43,5,55,0,2,138,12,152,0,9,181,17,207,246,22,268,475
09/17/2020,CXO,TX,ASW,CE,Federal Contract Tower,0,2,45,2,49,0,9,150,4,163,0,11,195,6,212,188,0,188,400
09/18/2020,CXO,TX,ASW,CE,Federal Contract Tower,0,3,46,0,49,0,12,133,5,150,0,15,179,5,199,130,0,130,329
09/19/2020,CXO,TX,ASW,CE,Federal Contract Tower,0,5,31,3,39,0,5,159,0,164,0,10,190,3,203,106,0,106,309
09/20/2020,CXO,TX,ASW,CE,Federal Contract Tower,0,3,29,0,32,0,2,47,0,49,0,5,76,0,81,12,0,12,93
09/21/2020,CXO,TX,ASW,CE,Federal Contract Tower,0,3,14,0,17,0,0,0,0,0,0,3,14,0,17,0,0,0,17
09/22/2020,CXO,TX,ASW,CE,Federal Contract Tower,0,5,18,0,23,0,0,0,0,0,0,5,18,0,23,0,0,0,23
09/23/2020,CXO,TX,ASW,CE,Federal Contract Tower,0,5,34,2,41,0,1,0,4,5,0,6,34,6,46,0,20,20,66
09/24/2020,CXO,TX,ASW,CE,Federal Contract Tower,0,10,69,1,80,0,0,65,4,69,0,10,134,5,149,164,0,164,313
09/25/2020,CXO,TX,ASW,CE,Federal Contract Tower,0,1,63,4,68,0,1,224,2,227,0,2,287,6,295,256,0,256,551
09/26/2020,CXO,TX,ASW,CE,Federal Contract Tower,0,6,62,0,68,0,3,180,0,183,0,9,242,0,251,174,0,174,425
09/27/2020,CXO,TX,ASW,CE,Federal Contract Tower,0,11,58,0,69,0,1,142,0,143,0,12,200,0,212,148,0,148,360
09/28/2020,CXO,TX,ASW,CE,Federal Contract Tower,0,3,40,1,44,0,4,37,3,44,0,7,77,4,88,10,0,10,98
09/29/2020,CXO,TX,ASW,CE,Federal Contract Tower,0,2,60,5,67,0,1,170,11,182,0,3,230,16,249,228,18,246,495
09/30/2020,CXO,TX,ASW,CE,Federal Contract Tower,0,4,52,0,56,0,3,278,8,289,0,7,330,8,345,184,2,186,531
10/01/2020,CXO,TX,ASW,CE,Federal Contract Tower,0,8,45,0,53,0,4,180,13,197,0,12,225,13,250,274,2,276,526
10/02/2020,CXO,TX,ASW,CE,Federal Contract Tower,0,7,41,0,48,0,3,161,4,168,0,10,202,4,216,286,0,286,502
10/03/2020,CXO,TX,ASW,CE,Federal Contract Tower,0,2,39,2,43,0,1,145,9,155,0,3,184,11,198,190,26,216,414
10/04/2020,CXO,TX,ASW,CE,Federal Contract Tower,0,4,33,0,37,0,0,137,0,137,0,4,170,0,174,206,0,206,380
10/05/2020,CXO,TX,ASW,CE,Federal Contract Tower,0,8,45,0,53,0,5,148,14,167,0,13,193,14,220,112,10,122,342
10/06/2020,CXO,TX,ASW,CE,Federal Contract Tower,0,4,37,6,47,0,4,148,4,156,0,8,185,10,203,238,12,250,453
10/07/2020,CXO,TX,ASW,CE,Federal Contract Tower,0,7,58,0,65,0,21,178,14,213,0,28,236,14,278,206,10,216,494
10/08/2020,CXO,TX,ASW,CE,Federal Contract Tower,0,27,68,2,97,0,13,137,16,166,0,40,205,18,263,162,0,162,425
10/09/2020,CXO,TX,ASW,CE,Federal Contract Tower,0,12,19,0,31,0,2,4,0,6,0,14,23,0,37,0,0,0,37
10/10/2020,CXO,TX,ASW,CE,Federal Contract Tower,0,20,40,0,60,0,21,152,0,173,0,41,192,0,233,114,0,114,347
10/11/2020,CXO,TX,ASW,CE,Federal Contract Tower,0,2,41,0,43,0,2,50,0,52,0,4,91,0,95,70,0,70,165
10/12/2020,CXO,TX,ASW,CE,Federal Contract Tower,0,8,51,1,60,0,2,103,0,105,0,10,154,1,165,110,0,110,275
10/13/2020,CXO,TX,ASW,CE,Federal Contract Tower,0,2,49,1,52,0,6,171,6,183,0,8,220,7,235,218,0,218,453
10/14/2020,CXO,TX,ASW,CE,Federal Contract Tower,0,8,63,0,71,0,1,148,23,172,0,9,211,23,243,234,12,246,489
10/15/2020,CXO,TX,ASW,CE,Federal Contract Tower,0,6,65,1,72,0,2,109,13,124,0,8,174,14,196,296,10,306,502
10/16/2020,CXO,TX,ASW,CE,Federal Contract Tower,0,3,61,0,64,0,2,99,7,108,0,5,160,7,172,186,0,186,358
10/17/2020,CXO,TX,ASW,CE,Federal Contract Tower,0,2,46,0,48,0,6,131,0,137,0,8,177,0,185,164,0,164,349
10/18/2020,CXO,TX,ASW,CE,Federal Contract Tower,0,1,51,0,52,0,0,58,0,58,0,1,109,0,110,48,0,48,158
10/19/2020,CXO,TX,ASW,CE,Federal Contract Tower,0,4,29,3,36,0,0,42,12,54,0,4,71,15,90,128,0,128,218
10/20/2020,CXO,TX,ASW,CE,Federal Contract Tower,0,1,73,2,76,0,2,133,18,153,0,3,206,20,229,180,28,208,437
10/21/2020,CXO,TX,ASW,CE,Federal Contract Tower,0,2,79,7,88,0,0,111,11,122,0,2,190,18,210,150,18,168,378
10/22/2020,CXO,TX,ASW,CE,Federal Contract Tower,0,1,65,5,71,0,4,135,9,148,0,5,200,14,219,132,10,142,361
10/23/2020,CXO,TX,ASW,CE,Federal Contract Tower,0,5,38,3,46,0,0,39,0,39,0,5,77,3,85,36,0,36,121
10/24/2020,CXO,TX,ASW,CE,Federal Contract Tower,0,5,55,1,61,0,0,152,0,152,0,5,207,1,213,168,0,168,381
10/25/2020,CXO,TX,ASW,CE,Federal Contract Tower,0,5,50,2,57,0,0,3,0,3,0,5,53,2,60,6,0,6,66
10/26/2020,CXO,TX,ASW,CE,Federal Contract Tower,0,14,67,4,85,0,2,125,5,132,0,16,192,9,217,282,0,282,499
10/27/2020,CXO,TX,ASW,CE,Federal Contract Tower,0,13,50,1,64,0,0,30,1,31,0,13,80,2,95,6,0,6,101
10/28/2020,CXO,TX,ASW,CE,Federal Contract Tower,0,11,37,2,50,0,0,2,1,3,0,11,39,3,53,0,0,0,53
10/29/2020,CXO,TX,ASW,CE,Federal Contract Tower,0,14,73,5,92,0,17,91,11,119,0,31,164,16,211,136,0,136,347
10/30/2020,CXO,TX,ASW,CE,Federal Contract Tower,0,3,66,2,71,0,6,253,2,261,0,9,319,4,332,92,0,92,424
10/31/2020,CXO,TX,ASW,CE,Federal Contract Tower,0,3,60,0,63,0,2,288,0,290,0,5,348,0,353,116,0,116,469
11/01/2020,CXO,TX,ASW,CE,Federal Contract Tower,0,11,24,0,35,0,0,135,0,135,0,11,159,0,170,82,0,82,252
11/02/2020,CXO,TX,ASW,CE,Federal Contract Tower,0,4,42,1,47,0,3,168,5,176,0,7,210,6,223,128,0,128,351
11/03/2020,CXO,TX,ASW,CE,Federal Contract Tower,0,4,43,1,48,0,1,100,20,121,0,5,143,21,169,146,22,168,337
11/04/2020,CXO,TX,ASW,CE,Federal Contract Tower,0,5,66,4,75,0,0,207,2,209,0,5,273,6,284,240,2,242,526
11/05/2020,CXO,TX,ASW,CE,Federal Contract Tower,0,4,70,1,75,0,3,182,10,195,0,7,252,11,270,242,0,242,512
11/06/2020,CXO,TX,ASW,CE,Federal Contract Tower,0,5,81,0,86,0,0,189,10,199,0,5,270,10,285,148,6,154,439
11/07/2020,CXO,TX,ASW,CE,Federal Contract Tower,0,3,38,0,41,0,0,203,0,203,0,3,241,0,244,106,0,106,350
11/08/2020,CXO,TX,ASW,CE,Federal Contract Tower,0,1,41,0,42,0,0,42,0,42,0,1,83,0,84,66,0,66,150
11/09/2020,CXO,TX,ASW,CE,Federal Contract Tower,0,2,50,3,55,0,0,60,7,67,0,2,110,10,122,158,0,158,280
11/10/2020,CXO,TX,ASW,CE,Federal Contract Tower,0,4,51,5,60,0,5,93,0,98,0,9,144,5,158,198,0,198,356
11/11/2020,CXO,TX,ASW,CE,Federal Contract Tower,0,4,76,0,80,0,2,214,0,216,0,6,290,0,296,168,0,168,464
11/12/2020,CXO,TX,ASW,CE,Federal Contract Tower,0,4,69,0,73,0,5,210,0,215,0,9,279,0,288,176,0,176,464
11/13/2020,CXO,TX,ASW,CE,Federal Contract Tower,0,2,34,4,40,0,0,88,5,93,0,2,122,9,133,134,4,138,271
11/14/2020,CXO,TX,ASW,CE,Federal Contract Tower,0,0,32,2,34,0,2,72,3,77,0,2,104,5,111,106,0,106,217
11/15/2020,CXO,TX,ASW,CE,Federal Contract Tower,0,8,32,0,40,0,2,55,4,61,0,10,87,4,101,30,0,30,131
11/16/2020,CXO,TX,ASW,CE,Federal Contract Tower,0,6,40,3,49,0,2,130,13,145,0,8,170,16,194,192,0,192,386
11/17/2020,CXO,TX,ASW,CE,Federal Contract Tower,0,3,49,0,52,0,0,206,8,214,0,3,255,8,266,202,0,202,468
11/18/2020,CXO,TX,ASW,CE,Federal Contract Tower,0,7,65,0,72,0,3,210,6,219,0,10,275,6,291,164,0,164,455
11/19/2020,CXO,TX,ASW,CE,Federal Contract Tower,0,11,67,2,80,0,1,146,7,154,0,12,213,9,234,170,0,170,404
11/20/2020,CXO,TX,ASW,CE,Federal Contract Tower,0,10,86,1,97,0,0,91,3,94,0,10,177,4,191,184,0,184,375
11/21/2020,CXO,TX,ASW,CE,Federal Contract Tower,0,5,58,0,63,0,2,112,0,114,0,7,170,0,177,116,0,116,293
11/22/2020,CXO,TX,ASW,CE,Federal Contract Tower,0,3,46,0,49,0,6,122,1,129,0,9,168,1,178,62,0,62,240
11/23/2020,CXO,TX,ASW,CE,Federal Contract Tower,0,6,63,7,76,0,2,58,17,77,0,8,121,24,153,90,8,98,251
11/24/2020,CXO,TX,ASW,CE,Federal Contract Tower,0,5,58,5,68,0,6,39,10,55,0,11,97,15,123,36,6,42,165
11/25/2020,CXO,TX,ASW,CE,Federal Contract Tower,0,0,36,0,36,0,9,140,2,151,0,9,176,2,187,168,0,168,355
11/26/2020,CXO,TX,ASW,CE,Federal Contract Tower,0,2,15,0,17,0,2,52,0,54,0,4,67,0,71,90,0,90,161
11/27/2020,CXO,TX,ASW,CE,Federal Contract Tower,0,8,13,0,21,0,2,0,0,2,0,10,13,0,23,0,0,0,23
11/28/2020,CXO,TX,ASW,CE,Federal Contract Tower,0,9,10,0,19,0,0,0,0,0,0,9,10,0,19,0,0,0,19
11/29/2020,CXO,TX,ASW,CE,Federal Contract Tower,0,4,46,0,50,0,0,28,0,28,0,4,74,0,78,3,0,3,81
11/30/2020,CXO,TX,ASW,CE,Federal Contract Tower,0,5,42,1,48,0,0,135,22,157,0,5,177,23,205,42,16,58,263
12/01/2020,CXO,TX,ASW,CE,Federal Contract Tower,0,4,61,6,71,0,6,171,17,194,0,10,232,23,265,64,0,64,329
12/02/2020,CXO,TX,ASW,CE,Federal Contract Tower,0,16,9,6,31,0,0,3,0,3,0,16,12,6,34,4,0,4,38
12/03/2020,CXO,TX,ASW,CE,Federal Contract Tower,0,3,54,1,58,0,2,162,11,175,0,5,216,12,233,170,4,174,407
12/04/2020,CXO,TX,ASW,CE,Federal Contract Tower,0,3,52,0,55,0,4,224,5,233,0,7,276,5,288,168,0,168,456
12/05/2020,CXO,TX,ASW,CE,Federal Contract Tower,0,1,49,0,50,0,4,195,0,199,0,5,244,0,249,210,0,210,459
12/06/2020,CXO,TX,ASW,CE,Federal Contract Tower,0,3,27,0,30,0,6,100,0,106,0,9,127,0,136,120,0,120,256
12/07/2020,CXO,TX,ASW,CE,Federal Contract Tower,0,9,45,1,55,0,4,128,19,151,0,13,173,20,206,92,0,92,298
12/08/2020,CXO,TX,ASW,CE,Federal Contract Tower,0,4,66,2,72,0,5,190,8,203,0,9,256,10,275,175,2,177,452
12/09/2020,CXO,TX,ASW,CE,Federal Contract Tower,0,2,59,6,67,0,0,199,10,209,0,2,258,16,276,204,2,206,482
12/10/2020,CXO,TX,ASW,CE,Federal Contract Tower,0,2,83,4,89,0,4,105,21,130,0,6,188,25,219,134,10,144,363
12/11/2020,CXO,TX,ASW,CE,Federal Contract Tower,0,8,26,0,34,0,0,32,2,34,0,8,58,2,68,32,0,32,100
12/12/2020,CXO,TX,ASW,CE,Federal Contract Tower,0,2,48,0,50,0,6,99,0,105,0,8,147,0,155,94,0,94,249
12/13/2020,CXO,TX,ASW,CE,Federal Contract Tower,0,6,9,0,15,0,0,1,0,1,0,6,10,0,16,0,0,0,16
12/14/2020,CXO,TX,ASW,CE,Federal Contract Tower,0,5,30,2,37,0,1,61,12,74,0,6,91,14,111,132,0,132,243
12/15/2020,CXO,TX,ASW,CE,Federal Contract Tower,0,9,26,0,35,0,0,0,0,0,0,9,26,0,35,0,0,0,35
12/16/2020,CXO,TX,ASW,CE,Federal Contract Tower,0,15,58,6,79,0,4,128,13,145,0,19,186,19,224,190,2,192,416
12/17/2020,CXO,TX,ASW,CE,Federal Contract Tower,0,13,62,4,79,0,3,176,11,190,0,16,238,15,269,108,0,108,377
12/18/2020,CXO,TX,ASW,CE,Federal Contract Tower,0,6,82,0,88,0,5,109,5,119,0,11,191,5,207,82,0,82,289
12/19/2020,CXO,TX,ASW,CE,Federal Contract Tower,0,10,20,0,30,0,2,5,0,7,0,12,25,0,37,0,0,0,37
12/20/2020,CXO,TX,ASW,CE,Federal Contract Tower,0,6,26,0,32,0,1,847,0,848,0,7,873,0,880,74,0,74,954
12/21/2020,CXO,TX,ASW,CE,Federal Contract Tower,0,6,42,0,48,0,1,193,6,200,0,7,235,6,248,122,0,122,370
12/22/2020,CXO,TX,ASW,CE,Federal Contract Tower,0,7,52,2,61,0,2,105,4,111,0,9,157,6,172,82,0,82,254
12/23/2020,CXO,TX,ASW,CE,Federal Contract Tower,0,9,37,0,46,0,2,49,0,51,0,11,86,0,97,40,0,40,137
12/24/2020,CXO,TX,ASW,CE,Federal Contract Tower,0,4,20,0,24,0,3,41,0,44,0,7,61,0,68,46,0,46,114
12/25/2020,CXO,TX,ASW,CE,Federal Contract Tower,0,2,10,0,12,0,12,38,0,50,0,14,48,0,62,14,0,14,76
12/26/2020,CXO,TX,ASW,CE,Federal Contract Tower,0,9,74,0,83,0,1,132,0,133,0,10,206,0,216,120,0,120,336
12/27/2020,CXO,TX,ASW,CE,Federal Contract Tower,0,4,29,0,33,0,4,101,0,105,0,8,130,0,138,34,0,34,172
12/28/2020,CXO,TX,ASW,CE,Federal Contract Tower,0,18,42,0,60,0,0,123,0,123,0,18,165,0,183,90,0,90,273
12/29/2020,CXO,TX,ASW,CE,Federal Contract Tower,0,4,51,2,57,0,2,74,6,82,0,6,125,8,139,66,2,68,207
12/30/2020,CXO,TX,ASW,CE,Federal Contract Tower,0,5,22,0,27,0,0,4,0,4,0,5,26,0,31,0,0,0,31
12/31/2020,CXO,TX,ASW,CE,Federal Contract Tower,0,7,10,0,17,0,0,0,0,0,0,7,10,0,17,0,0,0,17
01/01/2021,CXO,TX,ASW,CE,Federal Contract Tower,0,3,19,0,22,0,5,131,0,136,0,8,150,0,158,80,0,80,238
01/02/2021,CXO,TX,ASW,CE,Federal Contract Tower,0,5,28,0,33,0,2,146,0,148,0,7,174,0,181,118,0,118,299
01/03/2021,CXO,TX,ASW,CE,Federal Contract Tower,0,5,41,0,46,0,0,93,0,93,0,5,134,0,139,88,0,88,227
01/04/2021,CXO,TX,ASW,CE,Federal Contract Tower,0,7,46,2,55,0,0,108,8,116,0,7,154,10,171,142,0,142,313
01/05/2021,CXO,TX,ASW,CE,Federal Contract Tower,0,6,56,2,64,0,8,187,11,206,0,14,243,13,270,100,4,104,374
01/06/2021,CXO,TX,ASW,CE,Federal Contract Tower,0,6,33,1,40,0,2,35,11,48,0,8,68,12,88,76,18,94,182
01/07/2021,CXO,TX,ASW,CE,Federal Contract Tower,0,9,31,3,43,0,2,124,14,140,0,11,155,17,183,84,0,84,267
01/08/2021,CXO,TX,ASW,CE,Federal Contract Tower,0,9,68,2,79,0,0,140,7,147,0,9,208,9,226,128,0,128,354
01/09/2021,CXO,TX,ASW,CE,Federal Contract Tower,0,2,36,1,39,0,5,203,12,220,0,7,239,13,259,144,0,144,403
01/10/2021,CXO,TX,ASW,CE,Federal Contract Tower,0,8,19,0,27,0,0,0,0,0,0,8,19,0,27,0,0,0,27
01/11/2021,CXO,TX,ASW,CE,Federal Contract Tower,0,5,22,0,27,0,0,18,3,21,0,5,40,3,48,14,28,42,90
01/12/2021,CXO,TX,ASW,CE,Federal Contract Tower,0,4,54,3,61,0,7,143,15,165,0,11,197,18,226,90,0,90,316
01/13/2021,CXO,TX,ASW,CE,Federal Contract Tower,0,5,47,0,52,0,0,198,17,215,0,5,245,17,267,90,0,90,357
01/14/2021,CXO,TX,ASW,CE,Federal Contract Tower,0,4,37,1,42,0,1,142,18,161,0,5,179,19,203,94,2,96,299
01/15/2021,CXO,TX,ASW,CE,Federal Contract Tower,0,7,34,0,41,0,2,106,2,110,0,9,140,2,151,20,0,20,171
01/16/2021,CXO,TX,ASW,CE,Federal Contract Tower,0,1,37,0,38,0,8,187,0,195,0,9,224,0,233,102,0,102,335
01/17/2021,CXO,TX,ASW,CE,Federal Contract Tower,0,8,17,0,25,0,4,114,0,118,0,12,131,0,143,124,0,124,267
01/18/2021,CXO,TX,ASW,CE,Federal Contract Tower,0,6,47,0,53,0,2,149,0,151,0,8,196,0,204,76,0,76,280
01/19/2021,CXO,TX,ASW,CE,Federal Contract Tower,0,4,68,0,72,0,2,154,20,176,0,6,222,20,248,92,0,92,340
01/20/2021,CXO,TX,ASW,CE,Federal Contract Tower,0,7,74,4,85,0,9,14,9,32,0,16,88,13,117,26,8,34,151
01/21/2021,CXO,TX,ASW,CE,Federal Contract Tower,0,5,22,0,27,0,0,0,0,0,0,5,22,0,27,0,0,0,27
01/22/2021,CXO,TX,ASW,CE,Federal Contract Tower,0,14,43,0,57,0,3,7,0,10,0,17,50,0,67,24,0,24,91
01/23/2021,CXO,TX,ASW,CE,Federal Contract Tower,0,3,44,0,47,0,0,2,0,2,0,3,46,0,49,4,0,4,53
01/24/2021,CXO,TX,ASW,CE,Federal Contract Tower,0,2,22,0,24,0,3,6,0,9,0,5,28,0,33,6,0,6,39
01/25/2021,CXO,TX,ASW,CE,Federal Contract Tower,0,4,47,3,54,0,4,112,8,124,0,8,159,11,178,182,0,182,360
01/26/2021,CXO,TX,ASW,CE,Federal Contract Tower,0,2,56,2,60,0,7,206,8,221,0,9,262,10,281,192,0,192,473
01/27/2021,CXO,TX,ASW,CE,Federal Contract Tower,0,5,38,1,44,0,6,136,10,152,0,11,174,11,196,56,0,56,252
01/28/2021,CXO,TX,ASW,CE,Federal Contract Tower,0,2,52,0,54,0,7,240,22,269,0,9,292,22,323,140,2,142,465
01/29/2021,CXO,TX,ASW,CE,Federal Contract Tower,0,5,96,0,101,0,5,216,6,227,0,10,312,6,328,112,0,112,440
01/30/2021,CXO,TX,ASW,CE,Federal Contract Tower,0,4,39,0,43,0,0,30,0,30,0,4,69,0,73,38,0,38,111
01/31/2021,CXO,TX,ASW,CE,Federal Contract Tower,0,0,30,0,30,0,1,108,1,110,0,1,138,1,140,6,0,6,146
02/01/2021,CXO,TX,ASW,CE,Federal Contract Tower,0,4,31,0,35,0,0,163,4,167,0,4,194,4,202,46,0,46,248
02/02/2021,CXO,TX,ASW,CE,Federal Contract Tower,0,1,52,0,53,0,5,178,10,193,0,6,230,10,246,100,0,100,346
02/03/2021,CXO,TX,ASW,CE,Federal Contract Tower,0,2,60,1,63,0,12,218,9,239,0,14,278,10,302,172,0,172,474
02/04/2021,CXO,TX,ASW,CE,Federal Contract Tower,0,9,68,0,77,0,2,89,15,106,0,11,157,15,183,152,6,158,341
02/05/2021,CXO,TX,ASW,CE,Federal Contract Tower,0,11,44,0,55,0,3,101,10,114,0,14,145,10,169,86,0,86,255
02/06/2021,CXO,TX,ASW,CE,Federal Contract Tower,0,6,60,0,66,0,0,54,14,68,0,6,114,14,134,94,0,94,228
02/07/2021,CXO,TX,ASW,CE,Federal Contract Tower,0,4,28,0,32,0,0,120,0,120,0,4,148,0,152,150,0,150,302
02/08/2021,CXO,TX,ASW,CE,Federal Contract Tower,0,8,72,1,81,0,4,107,15,126,0,12,179,16,207,76,0,76,283
02/09/2021,CXO,TX,ASW,CE,Federal Contract Tower,0,9,50,3,62,0,1,86,15,102,0,10,136,18,164,94,18,112,276
02/10/2021,CXO,TX,ASW,CE,Federal Contract Tower,0,12,31,0,43,0,0,0,0,0,0,12,31,0,43,0,0,0,43
02/11/2021,CXO,TX,ASW,CE,Federal Contract Tower,0,7,14,0,21,0,0,0,0,0,0,7,14,0,21,0,0,0,21
02/12/2021,CXO,TX,ASW,CE,Federal Contract Tower,0,11,20,0,31,0,0,0,0,0,0,11,20,0,31,0,0,0,31
02/13/2021,CXO,TX,ASW,CE,Federal Contract Tower,0,8,18,0,26,0,3,6,0,9,0,11,24,0,35,2,0,2,37
02/14/2021,CXO,TX,ASW,CE,Federal Contract Tower,0,2,10,0,12,0,0,0,0,0,0,2,10,0,12,0,0,0,12
02/15/2021,CXO,TX,ASW,CE,Federal Contract Tower,0,0,0,0,0,0,0,0,0,0,0,0,0,0,0,0,0,0,0
02/16/2021,CXO,TX,ASW,CE,Federal Contract Tower,0,0,0,0,0,0,0,0,0,0,0,0,0,0,0,0,0,0,0
02/17/2021,CXO,TX,ASW,CE,Federal Contract Tower,0,0,0,0,0,0,0,0,0,0,0,0,0,0,0,0,0,0,0
02/18/2021,CXO,TX,ASW,CE,Federal Contract Tower,0,0,0,0,0,0,0,0,0,0,0,0,0,0,0,0,0,0,0
02/19/2021,CXO,TX,ASW,CE,Federal Contract Tower,0,0,0,0,0,0,0,0,0,0,0,0,0,0,0,0,0,0,0
02/20/2021,CXO,TX,ASW,CE,Federal Contract Tower,0,0,0,0,0,0,0,0,0,0,0,0,0,0,0,0,0,0,0
02/21/2021,CXO,TX,ASW,CE,Federal Contract Tower,0,0,0,0,0,0,0,0,0,0,0,0,0,0,0,0,0,0,0
02/22/2021,CXO,TX,ASW,CE,Federal Contract Tower,0,0,0,0,0,0,0,0,0,0,0,0,0,0,0,0,0,0,0
02/23/2021,CXO,TX,ASW,CE,Federal Contract Tower,0,0,0,0,0,0,0,0,0,0,0,0,0,0,0,0,0,0,0
02/24/2021,CXO,TX,ASW,CE,Federal Contract Tower,0,0,0,0,0,0,0,0,0,0,0,0,0,0,0,0,0,0,0
02/25/2021,CXO,TX,ASW,CE,Federal Contract Tower,0,0,0,0,0,0,0,0,0,0,0,0,0,0,0,0,0,0,0
02/26/2021,CXO,TX,ASW,CE,Federal Contract Tower,0,0,0,0,0,0,0,0,0,0,0,0,0,0,0,0,0,0,0
02/27/2021,CXO,TX,ASW,CE,Federal Contract Tower,0,0,0,0,0,0,0,0,0,0,0,0,0,0,0,0,0,0,0
02/28/2021,CXO,TX,ASW,CE,Federal Contract Tower,0,0,0,0,0,0,0,0,0,0,0,0,0,0,0,0,0,0,0
03/01/2021,CXO,TX,ASW,CE,Federal Contract Tower,0,4,2,0,6,0,0,0,0,0,0,4,2,0,6,0,0,0,6
03/02/2021,CXO,TX,ASW,CE,Federal Contract Tower,0,4,57,0,61,0,4,175,16,195,0,8,232,16,256,188,0,188,444
03/03/2021,CXO,TX,ASW,CE,Federal Contract Tower,0,5,78,4,87,0,2,265,22,289,0,7,343,26,376,86,0,86,462
03/04/2021,CXO,TX,ASW,CE,Federal Contract Tower,0,5,75,4,84,0,1,228,14,243,0,6,303,18,327,138,0,138,465
03/05/2021,CXO,TX,ASW,CE,Federal Contract Tower,0,8,46,0,54,0,1,56,5,62,0,9,102,5,116,128,0,128,244
03/06/2021,CXO,TX,ASW,CE,Federal Contract Tower,0,2,34,0,36,0,1,150,15,166,0,3,184,15,202,210,0,210,412
03/07/2021,CXO,TX,ASW,CE,Federal Contract Tower,0,9,44,0,53,0,0,142,0,142,0,9,186,0,195,180,0,180,375
03/08/2021,CXO,TX,ASW,CE,Federal Contract Tower,0,1,40,0,41,0,1,128,4,133,0,2,168,4,174,144,10,154,328
03/09/2021,CXO,TX,ASW,CE,Federal Contract Tower,0,10,73,4,87,0,5,85,9,99,0,15,158,13,186,62,0,62,248
03/10/2021,CXO,TX,ASW,CE,Federal Contract Tower,0,3,62,5,70,0,2,43,18,63,0,5,105,23,133,34,46,80,213
03/11/2021,CXO,TX,ASW,CE,Federal Contract Tower,0,7,83,2,92,0,6,64,15,85,0,13,147,17,177,100,8,108,285
03/12/2021,CXO,TX,ASW,CE,Federal Contract Tower,0,7,75,0,82,0,4,129,1,134,0,11,204,1,216,74,0,74,290
03/13/2021,CXO,TX,ASW,CE,Federal Contract Tower,0,11,71,0,82,0,6,96,0,102,0,17,167,0,184,58,0,58,242
03/14/2021,CXO,TX,ASW,CE,Federal Contract Tower,0,11,23,0,34,0,0,3,0,3,0,11,26,0,37,6,0,6,43
03/15/2021,CXO,TX,ASW,CE,Federal Contract Tower,0,7,53,3,63,0,2,25,8,35,0,9,78,11,98,66,72,138,236
03/17/2021,CXO,TX,ASW,CE,Federal Contract Tower,0,8,39,2,49,0,4,73,14,91,0,12,112,16,140,60,4,64,204
03/18/2021,CXO,TX,ASW,CE,Federal Contract Tower,0,7,46,0,53,0,2,136,17,155,0,9,182,17,208,98,0,98,306
03/19/2021,CXO,TX,ASW,CE,Federal Contract Tower,0,5,50,5,60,0,5,204,5,214,0,10,254,10,274,212,0,212,486
03/20/2021,CXO,TX,ASW,CE,Federal Contract Tower,0,10,58,0,68,0,4,295,0,299,0,14,353,0,367,132,0,132,499
03/21/2021,CXO,TX,ASW,CE,Federal Contract Tower,0,11,59,4,74,0,0,164,2,166,0,11,223,6,240,146,2,148,388
03/22/2021,CXO,TX,ASW,CE,Federal Contract Tower,0,2,58,2,62,0,6,119,12,137,0,8,177,14,199,58,0,58,257
03/23/2021,CXO,TX,ASW,CE,Federal Contract Tower,0,13,66,8,87,0,3,151,10,164,0,16,217,18,251,88,0,88,339
03/24/2021,CXO,TX,ASW,CE,Federal Contract Tower,0,6,35,0,41,0,0,2,0,2,0,6,37,0,43,20,0,20,63
03/25/2021,CXO,TX,ASW,CE,Federal Contract Tower,0,10,59,2,71,0,5,130,9,144,0,15,189,11,215,94,0,94,309
03/26/2021,CXO,TX,ASW,CE,Federal Contract Tower,0,13,68,0,81,0,2,246,5,253,0,15,314,5,334,98,0,98,432
03/27/2021,CXO,TX,ASW,CE,Federal Contract Tower,0,2,40,0,42,0,1,35,0,36,0,3,75,0,78,18,0,18,96
03/28/2021,CXO,TX,ASW,CE,Federal Contract Tower,0,7,25,0,32,0,0,66,0,66,0,7,91,0,98,24,0,24,122
03/29/2021,CXO,TX,ASW,CE,Federal Contract Tower,0,3,67,7,77,0,0,133,5,138,0,3,200,12,215,198,0,198,413
03/30/2021,CXO,TX,ASW,CE,Federal Contract Tower,0,9,46,7,62,0,2,80,4,86,0,11,126,11,148,152,6,158,306
03/31/2021,CXO,TX,ASW,CE,Federal Contract Tower,0,4,44,0,48,0,3,21,5,29,0,7,65,5,77,20,0,20,97
04/01/2021,CXO,TX,ASW,CE,Federal Contract Tower,0,10,84,3,97,0,2,203,24,229,0,12,287,27,326,132,0,132,458
04/02/2021,CXO,TX,ASW,CE,Federal Contract Tower,0,6,41,0,47,0,1,211,2,214,0,7,252,2,261,154,0,154,415
04/03/2021,CXO,TX,ASW,CE,Federal Contract Tower,0,4,51,0,55,0,3,123,0,126,0,7,174,0,181,144,0,144,325
04/04/2021,CXO,TX,ASW,CE,Federal Contract Tower,0,9,37,0,46,0,0,49,0,49,0,9,86,0,95,92,0,92,187
04/05/2021,CXO,TX,ASW,CE,Federal Contract Tower,0,15,43,0,58,0,2,114,0,116,0,17,157,0,174,164,0,164,338
04/06/2021,CXO,TX,ASW,CE,Federal Contract Tower,0,6,75,5,86,0,3,135,13,151,0,9,210,18,237,64,0,64,301
04/07/2021,CXO,TX,ASW,CE,Federal Contract Tower,0,10,55,4,69,0,1,58,11,70,0,11,113,15,139,64,14,78,217
04/08/2021,CXO,TX,ASW,CE,Federal Contract Tower,0,7,65,0,72,0,2,249,20,271,0,9,314,20,343,176,8,184,527
04/09/2021,CXO,TX,ASW,CE,Federal Contract Tower,0,8,57,5,70,0,3,117,10,130,0,11,174,15,200,142,2,144,344
04/10/2021,CXO,TX,ASW,CE,Federal Contract Tower,0,3,50,0,53,0,5,150,7,162,0,8,200,7,215,68,0,68,283
04/11/2021,CXO,TX,ASW,CE,Federal Contract Tower,0,8,44,1,53,0,0,310,1,311,0,8,354,2,364,114,0,114,478
04/12/2021,CXO,TX,ASW,CE,Federal Contract Tower,0,9,55,1,65,0,0,151,8,159,0,9,206,9,224,102,0,102,326
04/13/2021,CXO,TX,ASW,CE,Federal Contract Tower,0,8,58,0,66,0,2,81,12,95,0,10,139,12,161,78,36,114,275
04/14/2021,CXO,TX,ASW,CE,Federal Contract Tower,0,15,41,0,56,0,0,1,8,9,0,15,42,8,65,0,36,36,101
04/15/2021,CXO,TX,ASW,CE,Federal Contract Tower,0,7,55,1,63,0,4,43,7,54,0,11,98,8,117,46,10,56,173
04/16/2021,CXO,TX,ASW,CE,Federal Contract Tower,0,8,32,0,40,0,2,6,0,8,0,10,38,0,48,24,0,24,72
04/17/2021,CXO,TX,ASW,CE,Federal Contract Tower,0,5,56,0,61,0,0,83,0,83,0,5,139,0,144,142,0,142,286
04/18/2021,CXO,TX,ASW,CE,Federal Contract Tower,0,3,35,1,39,0,0,152,0,152,0,3,187,1,191,138,0,138,329
04/19/2021,CXO,TX,ASW,CE,Federal Contract Tower,0,8,59,0,67,0,2,165,6,173,0,10,224,6,240,150,3,153,393
04/20/2021,CXO,TX,ASW,CE,Federal Contract Tower,0,2,55,3,60,0,0,183,7,190,0,2,238,10,250,124,2,126,376
04/21/2021,CXO,TX,ASW,CE,Federal Contract Tower,0,9,58,0,67,0,4,178,9,191,0,13,236,9,258,182,0,182,440
04/22/2021,CXO,TX,ASW,CE,Federal Contract Tower,0,8,79,6,93,0,4,165,10,179,0,12,244,16,272,180,2,182,454
04/23/2021,CXO,TX,ASW,CE,Federal Contract Tower,0,8,23,0,31,0,0,0,0,0,0,8,23,0,31,0,0,0,31
04/24/2021,CXO,TX,ASW,CE,Federal Contract Tower,0,9,26,0,35,0,6,151,0,157,0,15,177,0,192,84,0,84,276
04/25/2021,CXO,TX,ASW,CE,Federal Contract Tower,0,8,31,0,39,0,0,189,0,189,0,8,220,0,228,130,0,130,358
04/26/2021,CXO,TX,ASW,CE,Federal Contract Tower,0,7,60,0,67,0,2,116,11,129,0,9,176,11,196,176,2,178,374
04/27/2021,CXO,TX,ASW,CE,Federal Contract Tower,0,14,85,3,102,0,2,86,15,103,0,16,171,18,205,196,12,208,413
04/28/2021,CXO,TX,ASW,CE,Federal Contract Tower,0,6,53,2,61,0,4,60,4,68,0,10,113,6,129,72,0,72,201
04/29/2021,CXO,TX,ASW,CE,Federal Contract Tower,0,10,54,5,69,0,4,129,3,136,0,14,183,8,205,228,8,236,441
04/30/2021,CXO,TX,ASW,CE,Federal Contract Tower,0,9,24,0,33,0,0,35,0,35,0,9,59,0,68,84,0,84,152
05/01/2021,CXO,TX,ASW,CE,Federal Contract Tower,0,7,17,0,24,0,0,4,2,6,0,7,21,2,30,4,0,4,34
05/02/2021,CXO,TX,ASW,CE,Federal Contract Tower,0,9,46,0,55,0,1,57,0,58,0,10,103,0,113,80,0,80,193
05/03/2021,CXO,TX,ASW,CE,Federal Contract Tower,0,4,75,1,80,0,0,112,7,119,0,4,187,8,199,156,0,156,355
05/04/2021,CXO,TX,ASW,CE,Federal Contract Tower,0,8,28,4,40,0,2,101,8,111,0,10,129,12,151,142,2,144,295
05/05/2021,CXO,TX,ASW,CE,Federal Contract Tower,0,7,48,2,57,0,2,245,9,256,0,9,293,11,313,200,0,200,513
05/06/2021,CXO,TX,ASW,CE,Federal Contract Tower,0,9,63,0,72,0,5,179,10,194,0,14,242,10,266,180,2,182,448
05/07/2021,CXO,TX,ASW,CE,Federal Contract Tower,0,6,63,2,71,0,0,273,5,278,0,6,336,7,349,115,0,115,464
05/08/2021,CXO,TX,ASW,CE,Federal Contract Tower,0,4,42,0,46,0,2,146,0,148,0,6,188,0,194,100,0,100,294
05/09/2021,CXO,TX,ASW,CE,Federal Contract Tower,0,5,30,0,35,0,2,17,0,19,0,7,47,0,54,6,0,6,60
05/10/2021,CXO,TX,ASW,CE,Federal Contract Tower,0,7,41,1,49,0,3,93,8,104,0,10,134,9,153,124,18,142,295
05/11/2021,CXO,TX,ASW,CE,Federal Contract Tower,0,6,36,0,42,0,6,32,2,40,0,12,68,2,82,46,0,46,128
05/12/2021,CXO,TX,ASW,CE,Federal Contract Tower,0,7,53,4,64,0,4,21,6,31,0,11,74,10,95,12,2,14,109
05/13/2021,CXO,TX,ASW,CE,Federal Contract Tower,0,4,75,0,79,0,8,205,9,222,0,12,280,9,301,120,0,120,421
05/14/2021,CXO,TX,ASW,CE,Federal Contract Tower,0,3,77,0,80,0,2,229,6,237,0,5,306,6,317,134,0,134,451
05/15/2021,CXO,TX,ASW,CE,Federal Contract Tower,0,2,74,0,76,0,4,184,0,188,0,6,258,0,264,116,0,116,380
05/16/2021,CXO,TX,ASW,CE,Federal Contract Tower,0,6,32,0,38,0,2,26,0,28,0,8,58,0,66,48,0,48,114
05/17/2021,CXO,TX,ASW,CE,Federal Contract Tower,0,5,14,0,19,0,0,9,0,9,0,5,23,0,28,0,0,0,28
05/18/2021,CXO,TX,ASW,CE,Federal Contract Tower,0,15,59,0,74,0,6,61,10,77,0,21,120,10,151,138,24,162,313
05/19/2021,CXO,TX,ASW,CE,Federal Contract Tower,0,7,41,0,48,0,0,24,0,24,0,7,65,0,72,36,0,36,108
05/20/2021,CXO,TX,ASW,CE,Federal Contract Tower,0,3,96,1,100,0,4,44,5,53,0,7,140,6,153,28,0,28,181
05/21/2021,CXO,TX,ASW,CE,Federal Contract Tower,0,6,43,6,55,0,4,31,1,36,0,10,74,7,91,78,0,78,169
05/22/2021,CXO,TX,ASW,CE,Federal Contract Tower,0,3,58,0,61,0,2,42,0,44,0,5,100,0,105,30,0,30,135
05/23/2021,CXO,TX,ASW,CE,Federal Contract Tower,0,6,40,1,47,0,0,22,1,23,0,6,62,2,70,12,0,12,82
05/24/2021,CXO,TX,ASW,CE,Federal Contract Tower,0,17,43,0,60,6,13,3,0,22,6,30,46,0,82,110,0,110,192
05/25/2021,CXO,TX,ASW,CE,Federal Contract Tower,0,6,57,6,69,0,0,46,4,50,0,6,103,10,119,54,0,54,173
05/26/2021,CXO,TX,ASW,CE,Federal Contract Tower,0,9,70,10,89,0,2,172,3,177,0,11,242,13,266,148,10,158,424
05/27/2021,CXO,TX,ASW,CE,Federal Contract Tower,0,9,79,1,89,0,4,176,10,190,0,13,255,11,279,114,0,114,393
05/28/2021,CXO,TX,ASW,CE,Federal Contract Tower,0,8,50,3,61,0,1,126,3,130,0,9,176,6,191,88,2,90,281
05/29/2021,CXO,TX,ASW,CE,Federal Contract Tower,0,9,32,0,41,0,1,120,0,121,0,10,152,0,162,180,0,180,342
05/30/2021,CXO,TX,ASW,CE,Federal Contract Tower,0,2,43,0,45,0,8,125,0,133,0,10,168,0,178,58,0,58,236
05/31/2021,CXO,TX,ASW,CE,Federal Contract Tower,0,9,58,0,67,0,5,154,0,159,0,14,212,0,226,196,0,196,422
06/01/2021,CXO,TX,ASW,CE,Federal Contract Tower,0,7,52,1,60,0,0,43,3,46,0,7,95,4,106,158,0,158,264
06/02/2021,CXO,TX,ASW,CE,Federal Contract Tower,0,5,44,3,52,0,0,126,7,133,0,5,170,10,185,324,10,334,519
06/03/2021,CXO,TX,ASW,CE,Federal Contract Tower,0,13,55,0,68,0,5,86,3,94,0,18,141,3,162,98,0,98,260
06/04/2021,CXO,TX,ASW,CE,Federal Contract Tower,0,11,60,2,73,0,1,55,3,59,0,12,115,5,132,116,0,116,248
06/05/2021,CXO,TX,ASW,CE,Federal Contract Tower,0,5,22,0,27,0,1,39,0,40,0,6,61,0,67,82,0,82,149
06/06/2021,CXO,TX,ASW,CE,Federal Contract Tower,0,5,51,1,57,0,3,72,0,75,0,8,123,1,132,76,0,76,208
06/07/2021,CXO,TX,ASW,CE,Federal Contract Tower,0,9,87,0,96,0,2,72,4,78,0,11,159,4,174,124,0,124,298
06/08/2021,CXO,TX,ASW,CE,Federal Contract Tower,0,11,53,1,65,0,6,132,10,148,0,17,185,11,213,148,0,148,361
06/09/2021,CXO,TX,ASW,CE,Federal Contract Tower,0,13,68,6,87,0,2,135,3,140,0,15,203,9,227,164,0,164,391
06/10/2021,CXO,TX,ASW,CE,Federal Contract Tower,0,6,70,2,78,0,0,140,2,142,0,6,210,4,220,156,0,156,376
06/11/2021,CXO,TX,ASW,CE,Federal Contract Tower,0,8,54,0,62,0,6,229,2,237,0,14,283,2,299,174,0,174,473
06/12/2021,CXO,TX,ASW,CE,Federal Contract Tower,0,6,41,0,47,0,0,243,4,247,0,6,284,4,294,92,0,92,386
06/13/2021,CXO,TX,ASW,CE,Federal Contract Tower,0,3,40,0,43,0,2,104,3,109,0,5,144,3,152,62,0,62,214
06/14/2021,CXO,TX,ASW,CE,Federal Contract Tower,0,5,31,3,39,0,0,82,2,84,0,5,113,5,123,164,0,164,287
06/15/2021,CXO,TX,ASW,CE,Federal Contract Tower,0,3,54,0,57,0,0,201,3,204,0,3,255,3,261,150,0,150,411
06/16/2021,CXO,TX,ASW,CE,Federal Contract Tower,0,7,75,0,82,0,4,154,3,161,0,11,229,3,243,238,0,238,481
06/17/2021,CXO,TX,ASW,CE,Federal Contract Tower,0,11,79,1,91,0,8,144,3,155,0,19,223,4,246,186,2,188,434
06/18/2021,CXO,TX,ASW,CE,Federal Contract Tower,0,3,89,1,93,0,3,170,1,174,0,6,259,2,267,186,0,186,453
06/19/2021,CXO,TX,ASW,CE,Federal Contract Tower,0,2,38,0,40,0,3,168,1,172,0,5,206,1,212,138,0,138,350
06/20/2021,CXO,TX,ASW,CE,Federal Contract Tower,0,7,31,0,38,0,0,67,0,67,0,7,98,0,105,84,0,84,189
06/21/2021,CXO,TX,ASW,CE,Federal Contract Tower,0,3,41,0,44,0,1,77,0,78,0,4,118,0,122,96,0,96,218
06/22/2021,CXO,TX,ASW,CE,Federal Contract Tower,0,12,61,2,75,0,0,67,4,71,0,12,128,6,146,134,0,134,280
06/23/2021,CXO,TX,ASW,CE,Federal Contract Tower,0,6,62,0,68,0,2,90,3,95,0,8,152,3,163,140,0,140,303
06/24/2021,CXO,TX,ASW,CE,Federal Contract Tower,0,7,59,0,66,0,7,96,6,109,0,14,155,6,175,102,0,102,277
06/25/2021,CXO,TX,ASW,CE,Federal Contract Tower,0,8,41,0,49,0,1,121,4,126,0,9,162,4,175,116,0,116,291
06/26/2021,CXO,TX,ASW,CE,Federal Contract Tower,0,7,46,0,53,0,0,142,1,143,0,7,188,1,196,180,0,180,376
06/27/2021,CXO,TX,ASW,CE,Federal Contract Tower,0,9,45,0,54,0,0,34,0,34,0,9,79,0,88,26,6,32,120
06/28/2021,CXO,TX,ASW,CE,Federal Contract Tower,0,8,45,0,53,0,2,3,2,7,0,10,48,2,60,6,0,6,66
06/29/2021,CXO,TX,ASW,CE,Federal Contract Tower,0,11,73,0,84,0,2,68,3,73,0,13,141,3,157,116,0,116,273
06/30/2021,CXO,TX,ASW,CE,Federal Contract Tower,0,9,47,0,56,0,5,165,14,184,0,14,212,14,240,162,0,162,402
07/01/2021,CXO,TX,ASW,CE,Federal Contract Tower,0,11,82,4,97,0,2,159,11,172,0,13,241,15,269,156,0,156,425
07/02/2021,CXO,TX,ASW,CE,Federal Contract Tower,0,7,52,0,59,0,0,136,0,136,0,7,188,0,195,150,0,150,345
07/03/2021,CXO,TX,ASW,CE,Federal Contract Tower,0,4,20,0,24,0,0,4,0,4,0,4,24,0,28,8,0,8,36
07/04/2021,CXO,TX,ASW,CE,Federal Contract Tower,0,2,24,0,26,0,2,43,0,45,0,4,67,0,71,24,0,24,95
07/05/2021,CXO,TX,ASW,CE,Federal Contract Tower,0,1,38,0,39,0,2,55,0,57,0,3,93,0,96,64,0,64,160
07/06/2021,CXO,TX,ASW,CE,Federal Contract Tower,0,5,47,2,54,0,6,79,0,85,0,11,126,2,139,108,0,108,247
07/07/2021,CXO,TX,ASW,CE,Federal Contract Tower,0,4,51,5,60,0,4,118,22,144,0,8,169,27,204,134,4,138,342
07/08/2021,CXO,TX,ASW,CE,Federal Contract Tower,0,15,58,3,76,0,2,88,6,96,0,17,146,9,172,120,0,120,292
07/09/2021,CXO,TX,ASW,CE,Federal Contract Tower,0,8,40,2,50,0,0,36,0,36,0,8,76,2,86,16,0,16,102
07/10/2021,CXO,TX,ASW,CE,Federal Contract Tower,0,7,65,0,72,0,6,108,2,116,0,13,173,2,188,28,0,28,216
07/11/2021,CXO,TX,ASW,CE,Federal Contract Tower,0,5,50,0,55,0,2,75,0,77,0,7,125,0,132,40,0,40,172
07/12/2021,CXO,TX,ASW,CE,Federal Contract Tower,0,13,23,1,37,0,2,31,3,36,0,15,54,4,73,30,0,30,103
07/13/2021,CXO,TX,ASW,CE,Federal Contract Tower,0,9,46,1,56,0,2,113,7,122,0,11,159,8,178,178,0,178,356
07/14/2021,CXO,TX,ASW,CE,Federal Contract Tower,0,6,39,2,47,0,4,177,4,185,0,10,216,6,232,156,14,170,402
07/15/2021,CXO,TX,ASW,CE,Federal Contract Tower,0,4,62,1,67,0,0,120,3,123,0,4,182,4,190,134,0,134,324
07/16/2021,CXO,TX,ASW,CE,Federal Contract Tower,0,12,80,1,93,0,4,119,1,124,0,16,199,2,217,164,0,164,381
07/17/2021,CXO,TX,ASW,CE,Federal Contract Tower,0,8,39,1,48,0,181,2,0,183,0,189,41,1,231,60,0,60,291
07/19/2021,CXO,TX,ASW,CE,Federal Contract Tower,0,9,61,2,72,0,0,108,2,110,0,9,169,4,182,200,6,206,388
07/20/2021,CXO,TX,ASW,CE,Federal Contract Tower,0,11,54,1,66,0,4,83,7,94,0,15,137,8,160,104,0,104,264
07/21/2021,CXO,TX,ASW,CE,Federal Contract Tower,0,6,59,1,66,0,3,130,6,139,0,9,189,7,205,192,0,192,397
07/22/2021,CXO,TX,ASW,CE,Federal Contract Tower,0,4,85,0,89,0,9,153,6,168,0,13,238,6,257,104,0,104,361
07/23/2021,CXO,TX,ASW,CE,Federal Contract Tower,0,0,68,2,70,0,4,149,1,154,0,4,217,3,224,140,0,140,364
07/24/2021,CXO,TX,ASW,CE,Federal Contract Tower,0,1,52,0,53,0,1,182,0,183,0,2,234,0,236,120,0,120,356
07/25/2021,CXO,TX,ASW,CE,Federal Contract Tower,0,4,39,0,43,0,2,91,0,93,0,6,130,0,136,54,0,54,190
07/26/2021,CXO,TX,ASW,CE,Federal Contract Tower,0,6,59,3,68,0,6,148,10,164,0,12,207,13,232,160,0,160,392
07/27/2021,CXO,TX,ASW,CE,Federal Contract Tower,0,10,57,1,68,0,0,167,4,171,0,10,224,5,239,88,0,88,327
07/28/2021,CXO,TX,ASW,CE,Federal Contract Tower,0,7,89,0,96,0,5,169,5,179,0,12,258,5,275,224,0,224,499
07/29/2021,CXO,TX,ASW,CE,Federal Contract Tower,0,13,82,0,95,0,2,139,7,148,0,15,221,7,243,130,0,130,373
07/30/2021,CXO,TX,ASW,CE,Federal Contract Tower,0,13,62,0,75,0,0,143,0,143,0,13,205,0,218,116,0,116,334
07/31/2021,CXO,TX,ASW,CE,Federal Contract Tower,0,4,55,0,59,0,0,135,0,135,0,4,190,0,194,70,0,70,264
08/01/2021,CXO,TX,ASW,CE,Federal Contract Tower,0,10,31,0,41,0,5,101,0,106,0,15,132,0,147,30,0,30,177
08/02/2021,CXO,TX,ASW,CE,Federal Contract Tower,0,10,33,0,43,0,0,66,0,66,0,10,99,0,109,146,0,146,255
08/03/2021,CXO,TX,ASW,CE,Federal Contract Tower,0,14,77,4,95,0,6,93,6,105,0,20,170,10,200,66,0,66,266
08/04/2021,CXO,TX,ASW,CE,Federal Contract Tower,0,2,79,3,84,0,4,160,11,175,0,6,239,14,259,136,0,136,395
08/05/2021,CXO,TX,ASW,CE,Federal Contract Tower,0,6,93,1,100,0,2,167,18,187,0,8,260,19,287,194,0,194,481
08/06/2021,CXO,TX,ASW,CE,Federal Contract Tower,0,3,72,0,75,0,3,183,3,189,0,6,255,3,264,110,0,110,374
08/07/2021,CXO,TX,ASW,CE,Federal Contract Tower,0,3,64,0,67,0,1,87,7,95,0,4,151,7,162,56,0,56,218
08/08/2021,CXO,TX,ASW,CE,Federal Contract Tower,0,3,58,0,61,0,0,64,2,66,0,3,122,2,127,28,0,28,155
08/09/2021,CXO,TX,ASW,CE,Federal Contract Tower,0,10,55,0,65,0,3,75,2,80,0,13,130,2,145,148,0,148,293
08/10/2021,CXO,TX,ASW,CE,Federal Contract Tower,0,10,72,2,84,0,2,133,4,139,0,12,205,6,223,126,2,128,351
08/11/2021,CXO,TX,ASW,CE,Federal Contract Tower,0,9,60,1,70,0,2,100,6,108,0,11,160,7,178,38,0,38,216
08/12/2021,CXO,TX,ASW,CE,Federal Contract Tower,0,9,55,0,64,0,7,110,5,122,0,16,165,5,186,156,0,156,342
08/13/2021,CXO,TX,ASW,CE,Federal Contract Tower,0,8,80,1,89,0,2,106,0,108,0,10,186,1,197,158,0,158,355
08/14/2021,CXO,TX,ASW,CE,Federal Contract Tower,0,3,57,0,60,0,4,159,0,163,0,7,216,0,223,110,0,110,333
08/15/2021,CXO,TX,ASW,CE,Federal Contract Tower,0,11,49,0,60,0,0,90,0,90,0,11,139,0,150,46,0,46,196
08/16/2021,CXO,TX,ASW,CE,Federal Contract Tower,0,4,55,0,59,0,5,63,0,68,0,9,118,0,127,90,0,90,217
08/17/2021,CXO,TX,ASW,CE,Federal Contract Tower,0,5,54,4,63,0,0,111,4,115,0,5,165,8,178,192,0,192,370
08/18/2021,CXO,TX,ASW,CE,Federal Contract Tower,0,12,33,0,45,0,2,34,1,37,0,14,67,1,82,80,0,80,162
08/19/2021,CXO,TX,ASW,CE,Federal Contract Tower,0,1,73,2,76,0,5,125,7,137,0,6,198,9,213,184,2,186,399
08/20/2021,CXO,TX,ASW,CE,Federal Contract Tower,0,7,103,0,110,0,6,193,6,205,0,13,296,6,315,108,4,112,427
08/21/2021,CXO,TX,ASW,CE,Federal Contract Tower,0,1,86,0,87,0,0,150,2,152,0,1,236,2,239,132,0,132,371
08/22/2021,CXO,TX,ASW,CE,Federal Contract Tower,0,3,0,54,57,0,1,140,0,141,0,4,140,54,198,76,0,76,274
08/23/2021,CXO,TX,ASW,CE,Federal Contract Tower,0,7,59,0,66,0,5,149,0,154,0,12,208,0,220,176,0,176,396
08/24/2021,CXO,TX,ASW,CE,Federal Contract Tower,0,5,74,0,79,0,4,154,3,161,0,9,228,3,240,152,0,152,392
08/25/2021,CXO,TX,ASW,CE,Federal Contract Tower,0,1,68,0,69,0,2,163,8,173,0,3,231,8,242,134,0,134,376
08/26/2021,CXO,TX,ASW,CE,Federal Contract Tower,0,9,74,1,84,0,6,149,16,171,0,15,223,17,255,170,12,182,437
08/27/2021,CXO,TX,ASW,CE,Federal Contract Tower,0,7,74,1,82,0,3,116,1,120,0,10,190,2,202,148,0,148,350
08/28/2021,CXO,TX,ASW,CE,Federal Contract Tower,0,27,46,2,75,0,6,36,0,42,0,33,82,2,117,80,0,80,197
08/29/2021,CXO,TX,ASW,CE,Federal Contract Tower,0,7,18,0,25,0,10,82,0,92,0,17,100,0,117,36,0,36,153
08/30/2021,CXO,TX,ASW,CE,Federal Contract Tower,0,4,47,0,51,0,5,148,5,158,0,9,195,5,209,162,0,162,371
08/31/2021,CXO,TX,ASW,CE,Federal Contract Tower,0,10,62,2,74,0,15,188,2,205,0,25,250,4,279,172,0,172,451
09/01/2021,CXO,TX,ASW,CE,Federal Contract Tower,0,5,70,1,76,0,2,138,12,152,0,7,208,13,228,56,0,56,284
09/02/2021,CXO,TX,ASW,CE,Federal Contract Tower,0,8,68,0,76,0,1,99,2,102,0,9,167,2,178,90,0,90,268
09/03/2021,CXO,TX,ASW,CE,Federal Contract Tower,0,11,73,0,84,0,5,141,4,150,0,16,214,4,234,172,0,172,406
09/04/2021,CXO,TX,ASW,CE,Federal Contract Tower,0,4,38,0,42,0,2,118,3,123,0,6,156,3,165,120,0,120,285
09/05/2021,CXO,TX,ASW,CE,Federal Contract Tower,0,3,35,9,47,0,5,131,0,136,0,8,166,9,183,78,0,78,261
09/06/2021,CXO,TX,ASW,CE,Federal Contract Tower,0,5,45,0,50,0,2,122,0,124,0,7,167,0,174,138,0,138,312
09/07/2021,CXO,TX,ASW,CE,Federal Contract Tower,0,6,91,2,99,0,5,148,4,157,0,11,239,6,256,132,0,132,388
09/08/2021,CXO,TX,ASW,CE,Federal Contract Tower,0,7,71,0,78,0,1,164,3,168,0,8,235,3,246,148,0,148,394
09/09/2021,CXO,TX,ASW,CE,Federal Contract Tower,0,5,69,1,75,0,9,171,6,186,0,14,240,7,261,196,0,196,457
09/10/2021,CXO,TX,ASW,CE,Federal Contract Tower,0,10,71,4,85,0,0,201,7,208,0,10,272,11,293,120,0,120,413
09/11/2021,CXO,TX,ASW,CE,Federal Contract Tower,0,3,39,0,42,0,2,188,5,195,0,5,227,5,237,180,0,180,417
09/12/2021,CXO,TX,ASW,CE,Federal Contract Tower,0,4,36,0,40,0,0,118,1,119,0,4,154,1,159,110,0,110,269
09/13/2021,CXO,TX,ASW,CE,Federal Contract Tower,0,9,18,0,27,0,0,7,0,7,0,9,25,0,34,2,0,2,36
09/14/2021,CXO,TX,ASW,CE,Federal Contract Tower,0,0,26,0,26,0,1,1,0,2,0,1,27,0,28,6,0,6,34
09/15/2021,CXO,TX,ASW,CE,Federal Contract Tower,0,4,72,0,76,0,3,38,3,44,0,7,110,3,120,50,0,50,170
09/16/2021,CXO,TX,ASW,CE,Federal Contract Tower,0,16,129,1,146,0,1,37,11,49,0,17,166,12,195,6,0,6,201
09/17/2021,CXO,TX,ASW,CE,Federal Contract Tower,0,3,103,0,106,0,2,134,2,138,0,5,237,2,244,212,0,212,456
09/18/2021,CXO,TX,ASW,CE,Federal Contract Tower,0,6,45,0,51,0,2,133,0,135,0,8,178,0,186,120,0,120,306
09/19/2021,CXO,TX,ASW,CE,Federal Contract Tower,0,3,70,0,73,0,2,98,0,100,0,5,168,0,173,166,0,166,339
09/20/2021,CXO,TX,ASW,CE,Federal Contract Tower,0,12,95,0,107,0,2,147,2,151,0,14,242,2,258,270,0,270,528
09/21/2021,CXO,TX,ASW,CE,Federal Contract Tower,0,12,74,2,88,0,2,150,5,157,0,14,224,7,245,76,0,76,321
09/22/2021,CXO,TX,ASW,CE,Federal Contract Tower,0,9,85,2,96,0,6,181,14,201,0,15,266,16,297,96,8,104,401
09/23/2021,CXO,TX,ASW,CE,Federal Contract Tower,0,4,94,0,98,0,6,189,3,198,0,10,283,3,296,234,0,234,530
09/24/2021,CXO,TX,ASW,CE,Federal Contract Tower,0,0,103,0,103,0,4,222,1,227,0,4,325,1,330,158,0,158,488
09/25/2021,CXO,TX,ASW,CE,Federal Contract Tower,0,7,38,0,45,0,10,236,0,246,0,17,274,0,291,150,0,150,441
09/26/2021,CXO,TX,ASW,CE,Federal Contract Tower,0,4,47,0,51,0,4,128,0,132,0,8,175,0,183,108,0,108,291
09/27/2021,CXO,TX,ASW,CE,Federal Contract Tower,0,6,65,2,73,0,0,161,3,164,0,6,226,5,237,0,264,264,501
09/28/2021,CXO,TX,ASW,CE,Federal Contract Tower,0,3,57,4,64,0,0,26,0,26,0,3,83,4,90,46,0,46,136
09/29/2021,CXO,TX,ASW,CE,Federal Contract Tower,0,3,72,2,77,0,0,88,2,90,0,3,160,4,167,60,0,60,227
09/30/2021,CXO,TX,ASW,CE,Federal Contract Tower,0,7,42,0,49,0,2,67,5,74,0,9,109,5,123,98,0,98,221
10/01/2021,CXO,TX,ASW,CE,Federal Contract Tower,0,6,33,0,39,0,2,5,0,7,0,8,38,0,46,0,0,0,46
10/02/2021,CXO,TX,ASW,CE,Federal Contract Tower,0,4,24,0,28,0,5,35,0,40,0,9,59,0,68,38,0,38,106
10/03/2021,CXO,TX,ASW,CE,Federal Contract Tower,0,2,44,0,46,0,2,65,0,67,0,4,109,0,113,62,0,62,175
10/04/2021,CXO,TX,ASW,CE,Federal Contract Tower,0,4,52,0,56,0,4,174,9,187,0,8,226,9,243,270,0,270,513
10/05/2021,CXO,TX,ASW,CE,Federal Contract Tower,0,3,78,5,86,0,3,225,6,234,0,6,303,11,320,170,0,170,490
10/06/2021,CXO,TX,ASW,CE,Federal Contract Tower,0,10,86,2,98,0,3,266,0,269,0,13,352,2,367,172,0,172,539
10/07/2021,CXO,TX,ASW,CE,Federal Contract Tower,0,8,77,1,86,0,8,202,3,213,0,16,279,4,299,246,0,246,545
10/08/2021,CXO,TX,ASW,CE,Federal Contract Tower,0,6,91,0,97,0,8,211,0,219,0,14,302,0,316,142,0,142,458
10/09/2021,CXO,TX,ASW,CE,Federal Contract Tower,0,5,53,0,58,0,2,160,0,162,0,7,213,0,220,80,0,80,300
10/10/2021,CXO,TX,ASW,CE,Federal Contract Tower,0,9,56,0,65,0,0,73,6,79,0,9,129,6,144,24,0,24,168
10/11/2021,CXO,TX,ASW,CE,Federal Contract Tower,0,2,51,0,53,0,138,0,0,138,0,140,51,0,191,212,0,212,403
10/12/2021,CXO,TX,ASW,CE,Federal Contract Tower,0,3,64,0,67,0,6,62,0,68,0,9,126,0,135,102,0,102,237
10/13/2021,CXO,TX,ASW,CE,Federal Contract Tower,0,3,94,0,97,0,4,137,5,146,0,7,231,5,243,130,8,138,381
10/14/2021,CXO,TX,ASW,CE,Federal Contract Tower,0,10,50,0,60,0,0,49,3,52,0,10,99,3,112,66,0,66,178
10/15/2021,CXO,TX,ASW,CE,Federal Contract Tower,0,10,64,2,76,0,4,74,0,78,0,14,138,2,154,126,0,126,280
10/16/2021,CXO,TX,ASW,CE,Federal Contract Tower,0,1,42,0,43,0,3,138,0,141,0,4,180,0,184,138,0,138,322
10/17/2021,CXO,TX,ASW,CE,Federal Contract Tower,0,3,39,2,44,0,1,143,0,144,0,4,182,2,188,136,0,136,324
10/18/2021,CXO,TX,ASW,CE,Federal Contract Tower,0,6,71,0,77,0,0,194,3,197,0,6,265,3,274,148,0,148,422
10/19/2021,CXO,TX,ASW,CE,Federal Contract Tower,0,5,65,0,70,0,6,177,9,192,0,11,242,9,262,250,0,250,512
10/20/2021,CXO,TX,ASW,CE,Federal Contract Tower,0,3,81,0,84,0,3,219,8,230,0,6,300,8,314,168,0,168,482
10/21/2021,CXO,TX,ASW,CE,Federal Contract Tower,0,4,77,0,81,0,3,129,0,132,0,7,206,0,213,170,0,170,383
10/22/2021,CXO,TX,ASW,CE,Federal Contract Tower,0,8,76,9,93,0,3,193,4,200,0,11,269,13,293,132,0,132,425
10/23/2021,CXO,TX,ASW,CE,Federal Contract Tower,0,1,32,0,33,0,0,58,1,59,0,1,90,1,92,68,0,68,160
10/24/2021,CXO,TX,ASW,CE,Federal Contract Tower,0,8,62,0,70,0,0,74,0,74,0,8,136,0,144,36,0,36,180
10/25/2021,CXO,TX,ASW,CE,Federal Contract Tower,0,9,71,0,80,0,9,93,3,105,0,18,164,3,185,174,0,174,359
10/26/2021,CXO,TX,ASW,CE,Federal Contract Tower,0,3,79,0,82,0,4,95,0,99,0,7,174,0,181,198,0,198,379
10/27/2021,CXO,TX,ASW,CE,Federal Contract Tower,0,7,23,0,30,0,1,49,4,54,0,8,72,4,84,84,0,84,168
10/28/2021,CXO,TX,ASW,CE,Federal Contract Tower,0,7,35,0,42,0,2,81,2,85,0,9,116,2,127,70,0,70,197
10/29/2021,CXO,TX,ASW,CE,Federal Contract Tower,0,5,44,2,51,0,2,94,0,96,0,7,138,2,147,36,0,36,183
10/30/2021,CXO,TX,ASW,CE,Federal Contract Tower,0,4,39,0,43,0,6,269,0,275,0,10,308,0,318,106,0,106,424
10/31/2021,CXO,TX,ASW,CE,Federal Contract Tower,0,3,40,0,43,0,2,151,0,153,0,5,191,0,196,202,0,202,398
11/01/2021,CXO,TX,ASW,CE,Federal Contract Tower,0,4,74,0,78,0,2,247,1,250,0,6,321,1,328,162,0,162,490
11/02/2021,CXO,TX,ASW,CE,Federal Contract Tower,0,8,79,2,89,0,1,161,6,168,0,9,240,8,257,204,0,204,461
11/03/2021,CXO,TX,ASW,CE,Federal Contract Tower,0,8,52,2,62,0,1,46,1,48,0,9,98,3,110,46,0,46,156
11/04/2021,CXO,TX,ASW,CE,Federal Contract Tower,0,6,74,0,80,0,9,55,0,64,0,15,129,0,144,160,0,160,304
11/05/2021,CXO,TX,ASW,CE,Federal Contract Tower,0,12,60,0,72,0,9,274,2,285,0,21,334,2,357,162,0,162,519
11/06/2021,CXO,TX,ASW,CE,Federal Contract Tower,0,1,41,0,42,0,4,216,3,223,0,5,257,3,265,146,0,146,411
11/07/2021,CXO,TX,ASW,CE,Federal Contract Tower,0,4,51,0,55,0,2,121,0,123,0,6,172,0,178,88,0,88,266
11/08/2021,CXO,TX,ASW,CE,Federal Contract Tower,0,5,68,0,73,0,3,124,3,130,0,8,192,3,203,142,4,146,349
11/09/2021,CXO,TX,ASW,CE,Federal Contract Tower,0,7,61,0,68,0,4,198,5,207,0,11,259,5,275,152,0,152,427
11/10/2021,CXO,TX,ASW,CE,Federal Contract Tower,0,9,95,1,105,0,0,102,0,102,0,9,197,1,207,128,0,128,335
11/11/2021,CXO,TX,ASW,CE,Federal Contract Tower,0,12,66,0,78,0,5,101,0,106,0,17,167,0,184,126,0,126,310
11/12/2021,CXO,TX,ASW,CE,Federal Contract Tower,0,4,75,0,79,0,11,215,3,229,0,15,290,3,308,148,0,148,456
11/13/2021,CXO,TX,ASW,CE,Federal Contract Tower,0,3,36,0,39,0,8,210,0,218,0,11,246,0,257,168,0,168,425
11/14/2021,CXO,TX,ASW,CE,Federal Contract Tower,0,2,45,0,47,0,7,100,0,107,0,9,145,0,154,42,0,42,196
11/15/2021,CXO,TX,ASW,CE,Federal Contract Tower,0,4,59,0,63,0,2,141,9,152,0,6,200,9,215,144,0,144,359
11/16/2021,CXO,TX,ASW,CE,Federal Contract Tower,0,6,78,1,85,0,3,168,13,184,0,9,246,14,269,136,0,136,405
11/17/2021,CXO,TX,ASW,CE,Federal Contract Tower,0,4,52,0,56,0,2,134,12,148,0,6,186,12,204,162,0,162,366
11/18/2021,CXO,TX,ASW,CE,Federal Contract Tower,0,6,62,1,69,0,5,132,0,137,0,11,194,1,206,166,0,166,372
11/19/2021,CXO,TX,ASW,CE,Federal Contract Tower,0,7,94,0,101,0,4,176,0,180,0,11,270,0,281,118,0,118,399
11/20/2021,CXO,TX,ASW,CE,Federal Contract Tower,0,8,63,0,71,0,3,160,0,163,0,11,223,0,234,86,0,86,320
11/21/2021,CXO,TX,ASW,CE,Federal Contract Tower,0,1,33,0,34,0,0,37,0,37,0,1,70,0,71,122,0,122,193
11/22/2021,CXO,TX,ASW,CE,Federal Contract Tower,0,3,55,0,58,0,5,136,2,143,0,8,191,2,201,94,0,94,295
11/23/2021,CXO,TX,ASW,CE,Federal Contract Tower,0,7,54,0,61,0,4,193,8,205,0,11,247,8,266,112,0,112,378
11/24/2021,CXO,TX,ASW,CE,Federal Contract Tower,0,4,70,0,74,0,3,106,4,113,0,7,176,4,187,112,0,112,299
11/25/2021,CXO,TX,ASW,CE,Federal Contract Tower,0,2,5,0,7,0,0,2,0,2,0,2,7,0,9,0,0,0,9
11/26/2021,CXO,TX,ASW,CE,Federal Contract Tower,0,4,47,0,51,0,3,137,0,140,0,7,184,0,191,154,0,154,345
11/27/2021,CXO,TX,ASW,CE,Federal Contract Tower,0,5,45,0,50,0,3,83,0,86,0,8,128,0,136,72,0,72,208
11/28/2021,CXO,TX,ASW,CE,Federal Contract Tower,0,8,50,0,58,0,0,14,0,14,0,8,64,0,72,40,0,40,112
11/29/2021,CXO,TX,ASW,CE,Federal Contract Tower,0,4,79,0,83,0,0,165,2,167,0,4,244,2,250,116,0,116,366
11/30/2021,CXO,TX,ASW,CE,Federal Contract Tower,0,9,78,0,87,0,15,154,5,174,0,24,232,5,261,36,0,36,297
12/01/2021,CXO,TX,ASW,CE,Federal Contract Tower,0,10,79,2,91,0,0,139,1,140,0,10,218,3,231,108,0,108,339
12/02/2021,CXO,TX,ASW,CE,Federal Contract Tower,0,3,53,0,56,0,4,91,0,95,0,7,144,0,151,104,0,104,255
12/03/2021,CXO,TX,ASW,CE,Federal Contract Tower,0,7,90,0,97,0,2,95,1,98,0,9,185,1,195,140,0,140,335
12/04/2021,CXO,TX,ASW,CE,Federal Contract Tower,0,6,43,0,49,0,0,79,0,79,0,6,122,0,128,113,0,113,241
12/05/2021,CXO,TX,ASW,CE,Federal Contract Tower,0,4,62,0,66,0,5,60,0,65,0,9,122,0,131,20,0,20,151
12/06/2021,CXO,TX,ASW,CE,Federal Contract Tower,0,10,32,0,42,0,7,31,0,38,0,17,63,0,80,60,0,60,140
12/07/2021,CXO,TX,ASW,CE,Federal Contract Tower,0,3,93,0,96,0,4,131,4,139,0,7,224,4,235,256,0,256,491
12/08/2021,CXO,TX,ASW,CE,Federal Contract Tower,0,10,104,0,114,0,0,1,0,1,0,10,105,0,115,0,0,0,115
12/09/2021,CXO,TX,ASW,CE,Federal Contract Tower,0,7,63,2,72,0,5,88,8,101,0,12,151,10,173,74,0,74,247
12/10/2021,CXO,TX,ASW,CE,Federal Contract Tower,0,5,72,0,77,0,3,106,0,109,0,8,178,0,186,118,0,118,304
12/11/2021,CXO,TX,ASW,CE,Federal Contract Tower,0,5,35,0,40,0,10,120,0,130,0,15,155,0,170,84,0,84,254
12/12/2021,CXO,TX,ASW,CE,Federal Contract Tower,0,9,40,0,49,0,2,163,0,165,0,11,203,0,214,102,0,102,316
12/13/2021,CXO,TX,ASW,CE,Federal Contract Tower,0,10,73,6,89,0,0,30,0,30,0,10,103,6,119,24,14,38,157
12/14/2021,CXO,TX,ASW,CE,Federal Contract Tower,0,11,82,1,94,0,5,86,7,98,0,16,168,8,192,120,4,124,316
12/15/2021,CXO,TX,ASW,CE,Federal Contract Tower,0,11,84,5,100,0,4,123,5,132,0,15,207,10,232,78,0,78,310
12/16/2021,CXO,TX,ASW,CE,Federal Contract Tower,0,8,96,17,121,0,5,123,7,135,0,13,219,24,256,68,8,76,332
12/17/2021,CXO,TX,ASW,CE,Federal Contract Tower,0,11,84,1,96,0,2,110,0,112,0,13,194,1,208,104,0,104,312
12/18/2021,CXO,TX,ASW,CE,Federal Contract Tower,0,5,10,0,15,0,0,1,0,1,0,5,11,0,16,0,0,0,16
12/19/2021,CXO,TX,ASW,CE,Federal Contract Tower,0,3,62,0,65,0,1,151,0,152,0,4,213,0,217,136,0,136,353
12/20/2021,CXO,TX,ASW,CE,Federal Contract Tower,0,3,61,0,64,0,5,141,2,148,0,8,202,2,212,146,0,146,358
12/21/2021,CXO,TX,ASW,CE,Federal Contract Tower,0,3,77,0,80,0,0,0,0,0,0,3,77,0,80,152,0,152,232
12/22/2021,CXO,TX,ASW,CE,Federal Contract Tower,0,3,61,0,64,0,3,211,4,218,0,6,272,4,282,102,2,104,386
12/23/2021,CXO,TX,ASW,CE,Federal Contract Tower,0,7,64,0,71,0,4,116,0,120,0,11,180,0,191,50,0,50,241
12/24/2021,CXO,TX,ASW,CE,Federal Contract Tower,0,7,25,0,32,0,1,56,0,57,0,8,81,0,89,72,0,72,161
12/25/2021,CXO,TX,ASW,CE,Federal Contract Tower,0,2,11,0,13,0,9,12,0,21,0,11,23,0,34,8,0,8,42
12/26/2021,CXO,TX,ASW,CE,Federal Contract Tower,0,3,41,0,44,0,2,45,0,47,0,5,86,0,91,58,0,58,149
12/27/2021,CXO,TX,ASW,CE,Federal Contract Tower,0,5,55,0,60,0,3,73,1,77,0,8,128,1,137,30,0,30,167
12/28/2021,CXO,TX,ASW,CE,Federal Contract Tower,0,6,39,0,45,0,4,53,0,57,0,10,92,0,102,118,0,118,220
12/29/2021,CXO,TX,ASW,CE,Federal Contract Tower,0,4,36,0,40,0,2,52,0,54,0,6,88,0,94,58,0,58,152
12/30/2021,CXO,TX,ASW,CE,Federal Contract Tower,0,2,44,0,46,0,2,72,0,74,0,4,116,0,120,140,0,140,260
12/31/2021,CXO,TX,ASW,CE,Federal Contract Tower,0,2,27,0,29,0,2,34,0,36,0,4,61,0,65,24,0,24,89
01/01/2022,CXO,TX,ASW,CE,Federal Contract Tower,0,7,26,0,33,0,2,26,0,28,0,9,52,0,61,10,0,10,71
01/02/2022,CXO,TX,ASW,CE,Federal Contract Tower,0,8,32,0,40,0,1,14,0,15,0,9,46,0,55,4,0,4,59
01/03/2022,CXO,TX,ASW,CE,Federal Contract Tower,0,1,41,0,42,0,1,125,0,126,0,2,166,0,168,224,0,224,392
01/04/2022,CXO,TX,ASW,CE,Federal Contract Tower,0,5,57,0,62,0,6,119,0,125,0,11,176,0,187,92,0,92,279
01/05/2022,CXO,TX,ASW,CE,Federal Contract Tower,0,2,63,0,65,0,5,149,4,158,0,7,212,4,223,210,0,210,433
01/06/2022,CXO,TX,ASW,CE,Federal Contract Tower,0,1,47,1,49,0,2,121,3,126,0,3,168,4,175,244,0,244,419
01/07/2022,CXO,TX,ASW,CE,Federal Contract Tower,0,4,61,0,65,0,0,167,0,167,0,4,228,0,232,196,0,196,428
01/08/2022,CXO,TX,ASW,CE,Federal Contract Tower,0,1,17,0,18,0,0,0,0,0,0,1,17,0,18,0,0,0,18
01/09/2022,CXO,TX,ASW,CE,Federal Contract Tower,0,0,49,1,50,0,0,29,2,31,0,0,78,3,81,32,0,32,113
01/10/2022,CXO,TX,ASW,CE,Federal Contract Tower,0,9,49,0,58,0,0,150,4,154,0,9,199,4,212,206,0,206,418
01/11/2022,CXO,TX,ASW,CE,Federal Contract Tower,0,10,54,4,68,0,2,132,4,138,0,12,186,8,206,196,0,196,402
01/12/2022,CXO,TX,ASW,CE,Federal Contract Tower,0,4,64,0,68,0,2,156,2,160,0,6,220,2,228,334,0,334,562
01/13/2022,CXO,TX,ASW,CE,Federal Contract Tower,0,11,40,4,55,0,1,154,7,162,0,12,194,11,217,130,0,130,347
01/14/2022,CXO,TX,ASW,CE,Federal Contract Tower,0,11,88,0,99,0,4,242,3,249,0,15,330,3,348,98,0,98,446
01/15/2022,CXO,TX,ASW,CE,Federal Contract Tower,0,1,20,0,21,0,0,15,0,15,0,1,35,0,36,10,0,10,46
01/16/2022,CXO,TX,ASW,CE,Federal Contract Tower,0,2,28,0,30,0,0,162,0,162,0,2,190,0,192,100,0,100,292
01/17/2022,CXO,TX,ASW,CE,Federal Contract Tower,0,2,40,0,42,0,0,163,0,163,0,2,203,0,205,162,0,162,367
01/18/2022,CXO,TX,ASW,CE,Federal Contract Tower,0,3,43,0,46,0,6,150,5,161,0,9,193,5,207,84,0,84,291
01/19/2022,CXO,TX,ASW,CE,Federal Contract Tower,0,7,48,0,55,0,1,95,9,105,0,8,143,9,160,140,0,140,300
01/20/2022,CXO,TX,ASW,CE,Federal Contract Tower,0,9,26,0,35,0,1,72,5,78,0,10,98,5,113,152,0,152,265
01/21/2022,CXO,TX,ASW,CE,Federal Contract Tower,0,3,44,1,48,0,2,158,1,161,0,5,202,2,209,186,0,186,395
01/22/2022,CXO,TX,ASW,CE,Federal Contract Tower,0,6,24,1,31,0,0,208,2,210,0,6,232,3,241,144,0,144,385
01/23/2022,CXO,TX,ASW,CE,Federal Contract Tower,0,6,65,0,71,0,1,203,0,204,0,7,268,0,275,64,0,64,339
01/24/2022,CXO,TX,ASW,CE,Federal Contract Tower,0,0,30,0,30,0,0,0,0,0,0,0,30,0,30,8,0,8,38
01/25/2022,CXO,TX,ASW,CE,Federal Contract Tower,0,7,66,3,76,0,2,52,5,59,0,9,118,8,135,190,0,190,325
01/26/2022,CXO,TX,ASW,CE,Federal Contract Tower,0,6,47,5,58,0,2,164,2,168,0,8,211,7,226,156,0,156,382
01/27/2022,CXO,TX,ASW,CE,Federal Contract Tower,0,8,31,1,40,0,0,221,8,229,0,8,252,9,269,218,4,222,491
01/28/2022,CXO,TX,ASW,CE,Federal Contract Tower,0,23,78,0,101,0,4,200,0,204,0,27,278,0,305,72,0,72,377
01/29/2022,CXO,TX,ASW,CE,Federal Contract Tower,0,5,48,2,55,0,6,152,0,158,0,11,200,2,213,58,0,58,271
01/30/2022,CXO,TX,ASW,CE,Federal Contract Tower,0,7,31,0,38,0,0,131,0,131,0,7,162,0,169,112,0,112,281
01/31/2022,CXO,TX,ASW,CE,Federal Contract Tower,0,3,30,0,33,0,4,11,0,15,0,7,41,0,48,52,0,52,100
02/01/2022,CXO,TX,ASW,CE,Federal Contract Tower,0,15,77,2,94,0,2,49,0,51,0,17,126,2,145,76,0,76,221
02/02/2022,CXO,TX,ASW,CE,Federal Contract Tower,0,6,49,0,55,0,1,35,7,43,0,7,84,7,98,52,26,78,176
02/03/2022,CXO,TX,ASW,CE,Federal Contract Tower,0,11,18,0,29,0,0,0,0,0,0,11,18,0,29,0,0,0,29
02/04/2022,CXO,TX,ASW,CE,Federal Contract Tower,0,4,23,0,27,0,4,13,2,19,0,8,36,2,46,42,0,42,88
02/05/2022,CXO,TX,ASW,CE,Federal Contract Tower,0,1,36,0,37,0,2,235,4,241,0,3,271,4,278,166,0,166,444
02/06/2022,CXO,TX,ASW,CE,Federal Contract Tower,0,0,53,0,53,0,0,167,0,167,0,0,220,0,220,111,0,111,331
02/07/2022,CXO,TX,ASW,CE,Federal Contract Tower,0,11,72,0,83,0,4,213,6,223,0,15,285,6,306,122,0,122,428
02/08/2022,CXO,TX,ASW,CE,Federal Contract Tower,0,7,68,0,75,0,4,263,5,272,0,11,331,5,347,154,0,154,501
02/09/2022,CXO,TX,ASW,CE,Federal Contract Tower,0,9,58,0,67,0,2,200,5,207,0,11,258,5,274,208,0,208,482
02/10/2022,CXO,TX,ASW,CE,Federal Contract Tower,1,13,70,1,85,0,2,196,2,200,1,15,266,3,285,154,0,154,439
02/11/2022,CXO,TX,ASW,CE,Federal Contract Tower,0,17,77,1,95,0,4,225,1,230,0,21,302,2,325,158,0,158,483
02/12/2022,CXO,TX,ASW,CE,Federal Contract Tower,0,0,23,0,23,0,2,10,0,12,0,2,33,0,35,1,0,1,36
02/13/2022,CXO,TX,ASW,CE,Federal Contract Tower,0,5,34,0,39,0,2,145,0,147,0,7,179,0,186,72,0,72,258
02/14/2022,CXO,TX,ASW,CE,Federal Contract Tower,0,4,48,0,52,0,0,151,2,153,0,4,199,2,205,100,0,100,305
02/15/2022,CXO,TX,ASW,CE,Federal Contract Tower,0,4,67,0,71,0,3,148,4,155,0,7,215,4,226,264,0,264,490
02/16/2022,CXO,TX,ASW,CE,Federal Contract Tower,0,8,66,6,80,0,16,53,4,73,0,24,119,10,153,62,0,62,215
02/17/2022,CXO,TX,ASW,CE,Federal Contract Tower,0,6,47,0,53,0,2,85,2,89,0,8,132,2,142,89,0,89,231
02/18/2022,CXO,TX,ASW,CE,Federal Contract Tower,0,7,78,0,85,0,2,213,4,219,0,9,291,4,304,196,0,196,500
02/19/2022,CXO,TX,ASW,CE,Federal Contract Tower,0,8,52,0,60,0,0,283,1,284,0,8,335,1,344,160,0,160,504
02/20/2022,CXO,TX,ASW,CE,Federal Contract Tower,0,7,52,0,59,0,2,155,0,157,0,9,207,0,216,153,0,153,369
02/21/2022,CXO,TX,ASW,CE,Federal Contract Tower,0,4,62,0,66,0,0,17,0,17,0,4,79,0,83,20,0,20,103
02/22/2022,CXO,TX,ASW,CE,Federal Contract Tower,0,10,68,6,84,0,2,129,7,138,0,12,197,13,222,264,2,266,488
02/23/2022,CXO,TX,ASW,CE,Federal Contract Tower,0,9,45,0,54,0,2,10,0,12,0,11,55,0,66,104,0,104,170
02/24/2022,CXO,TX,ASW,CE,Federal Contract Tower,0,3,31,0,34,0,0,0,0,0,0,3,31,0,34,0,0,0,34
02/25/2022,CXO,TX,ASW,CE,Federal Contract Tower,0,15,70,1,86,0,0,149,0,149,0,15,219,1,235,268,0,268,503
02/26/2022,CXO,TX,ASW,CE,Federal Contract Tower,0,7,39,0,46,0,0,0,0,0,0,7,39,0,46,0,0,0,46
02/27/2022,CXO,TX,ASW,CE,Federal Contract Tower,0,11,41,0,52,0,2,100,0,102,0,13,141,0,154,136,0,136,290
02/28/2022,CXO,TX,ASW,CE,Federal Contract Tower,0,4,54,2,60,0,2,177,0,179,0,6,231,2,239,244,0,244,483
03/01/2022,CXO,TX,ASW,CE,Federal Contract Tower,0,6,66,0,72,0,7,280,1,288,0,13,346,1,360,298,0,298,658
03/02/2022,CXO,TX,ASW,CE,Federal Contract Tower,0,7,87,0,94,0,3,257,7,267,0,10,344,7,361,188,0,188,549
03/03/2022,CXO,TX,ASW,CE,Federal Contract Tower,0,0,90,2,92,0,0,243,1,244,0,0,333,3,336,238,0,238,574
03/04/2022,CXO,TX,ASW,CE,Federal Contract Tower,0,6,62,0,68,0,0,106,1,107,0,6,168,1,175,314,0,314,489
03/05/2022,CXO,TX,ASW,CE,Federal Contract Tower,0,4,42,1,47,0,1,43,1,45,0,5,85,2,92,18,0,18,110
03/06/2022,CXO,TX,ASW,CE,Federal Contract Tower,0,0,35,0,35,0,6,33,9,48,0,6,68,9,83,38,0,38,121
03/07/2022,CXO,TX,ASW,CE,Federal Contract Tower,0,10,44,0,54,0,0,110,10,120,0,10,154,10,174,262,16,278,452
03/08/2022,CXO,TX,ASW,CE,Federal Contract Tower,0,2,37,0,39,0,0,0,0,0,0,2,37,0,39,0,0,0,39
03/09/2022,CXO,TX,ASW,CE,Federal Contract Tower,0,8,57,0,65,0,2,159,9,170,0,10,216,9,235,298,0,298,533
03/10/2022,CXO,TX,ASW,CE,Federal Contract Tower,0,7,67,1,75,0,6,224,8,238,0,13,291,9,313,306,0,306,619
03/11/2022,CXO,TX,ASW,CE,Federal Contract Tower,0,11,60,0,71,0,1,52,2,55,0,12,112,2,126,70,0,70,196
03/12/2022,CXO,TX,ASW,CE,Federal Contract Tower,0,10,45,0,55,0,5,175,0,180,0,15,220,0,235,88,0,88,323
03/13/2022,CXO,TX,ASW,CE,Federal Contract Tower,0,3,63,0,66,0,0,168,0,168,0,3,231,0,234,124,0,124,358
03/14/2022,CXO,TX,ASW,CE,Federal Contract Tower,0,4,56,0,60,0,1,87,3,91,0,5,143,3,151,172,0,172,323
03/15/2022,CXO,TX,ASW,CE,Federal Contract Tower,0,4,43,0,47,0,0,135,6,141,0,4,178,6,188,172,8,180,368
03/16/2022,CXO,TX,ASW,CE,Federal Contract Tower,0,3,78,0,81,0,0,269,10,279,0,3,347,10,360,174,0,174,534
03/17/2022,CXO,TX,ASW,CE,Federal Contract Tower,0,5,68,0,73,0,3,74,0,77,0,8,142,0,150,86,0,86,236
03/18/2022,CXO,TX,ASW,CE,Federal Contract Tower,0,5,53,0,58,0,5,125,2,132,0,10,178,2,190,106,0,106,296
03/19/2022,CXO,TX,ASW,CE,Federal Contract Tower,0,6,50,0,56,0,0,270,0,270,0,6,320,0,326,154,0,154,480
03/20/2022,CXO,TX,ASW,CE,Federal Contract Tower,0,8,58,0,66,0,5,166,0,171,0,13,224,0,237,126,0,126,363
03/21/2022,CXO,TX,ASW,CE,Federal Contract Tower,0,3,18,0,21,0,0,0,0,0,0,3,18,0,21,0,0,0,21
03/22/2022,CXO,TX,ASW,CE,Federal Contract Tower,0,3,50,0,53,0,3,117,4,124,0,6,167,4,177,100,0,100,277
03/23/2022,CXO,TX,ASW,CE,Federal Contract Tower,0,7,48,0,55,0,1,160,0,161,0,8,208,0,216,226,0,226,442
03/24/2022,CXO,TX,ASW,CE,Federal Contract Tower,0,5,52,0,57,0,7,169,2,178,0,12,221,2,235,232,0,232,467
03/25/2022,CXO,TX,ASW,CE,Federal Contract Tower,0,6,67,0,73,0,6,266,0,272,0,12,333,0,345,156,0,156,501
03/26/2022,CXO,TX,ASW,CE,Federal Contract Tower,0,5,43,2,50,0,2,209,0,211,0,7,252,2,261,34,0,34,295
03/27/2022,CXO,TX,ASW,CE,Federal Contract Tower,0,14,48,0,62,0,0,141,0,141,0,14,189,0,203,118,0,118,321
03/28/2022,CXO,TX,ASW,CE,Federal Contract Tower,0,10,54,0,64,0,4,181,1,186,0,14,235,1,250,196,0,196,446
03/29/2022,CXO,TX,ASW,CE,Federal Contract Tower,0,3,62,2,67,0,7,55,6,68,0,10,117,8,135,64,0,64,199
03/30/2022,CXO,TX,ASW,CE,Federal Contract Tower,0,1,39,0,40,0,3,78,6,87,0,4,117,6,127,60,6,66,193
03/31/2022,CXO,TX,ASW,CE,Federal Contract Tower,0,9,65,0,74,0,6,229,1,236,0,15,294,1,310,286,0,286,596
04/01/2022,CXO,TX,ASW,CE,Federal Contract Tower,0,14,63,2,79,0,5,221,0,226,0,19,284,2,305,184,4,188,493
04/02/2022,CXO,TX,ASW,CE,Federal Contract Tower,0,3,39,0,42,0,0,213,1,214,0,3,252,1,256,212,0,212,468
04/03/2022,CXO,TX,ASW,CE,Federal Contract Tower,0,9,36,0,45,0,4,132,0,136,0,13,168,0,181,86,0,86,267
04/04/2022,CXO,TX,ASW,CE,Federal Contract Tower,0,10,86,3,99,0,0,6,0,6,0,10,92,3,105,0,0,0,105
04/05/2022,CXO,TX,ASW,CE,Federal Contract Tower,0,3,84,1,88,0,0,47,1,48,0,3,131,2,136,56,0,56,192
04/06/2022,CXO,TX,ASW,CE,Federal Contract Tower,0,6,76,0,82,0,4,95,3,102,0,10,171,3,184,76,0,76,260
04/07/2022,CXO,TX,ASW,CE,Federal Contract Tower,0,3,60,0,63,0,2,95,1,98,0,5,155,1,161,136,0,136,297
04/08/2022,CXO,TX,ASW,CE,Federal Contract Tower,0,10,56,0,66,0,1,167,4,172,0,11,223,4,238,48,0,48,286
04/09/2022,CXO,TX,ASW,CE,Federal Contract Tower,0,7,67,0,74,0,0,229,0,229,0,7,296,0,303,144,0,144,447
04/10/2022,CXO,TX,ASW,CE,Federal Contract Tower,0,7,29,0,36,0,0,22,0,22,0,7,51,0,58,2,0,2,60
04/11/2022,CXO,TX,ASW,CE,Federal Contract Tower,0,8,52,2,62,0,0,67,3,70,0,8,119,5,132,146,0,146,278
04/12/2022,CXO,TX,ASW,CE,Federal Contract Tower,0,6,51,0,57,0,0,91,9,100,0,6,142,9,157,108,0,108,265
04/13/2022,CXO,TX,ASW,CE,Federal Contract Tower,0,6,62,2,70,0,3,21,1,25,0,9,83,3,95,4,0,4,99
04/14/2022,CXO,TX,ASW,CE,Federal Contract Tower,0,8,95,0,103,0,2,230,8,240,0,10,325,8,343,208,0,208,551
04/15/2022,CXO,TX,ASW,CE,Federal Contract Tower,0,8,44,1,53,0,4,9,0,13,0,12,53,1,66,38,0,38,104
04/16/2022,CXO,TX,ASW,CE,Federal Contract Tower,0,1,73,0,74,0,0,109,0,109,0,1,182,0,183,170,0,170,353
04/17/2022,CXO,TX,ASW,CE,Federal Contract Tower,0,8,42,5,55,0,3,57,0,60,0,11,99,5,115,76,0,76,191
04/18/2022,CXO,TX,ASW,CE,Federal Contract Tower,0,2,67,1,70,0,3,143,3,149,0,5,210,4,219,136,0,136,355
04/19/2022,CXO,TX,ASW,CE,Federal Contract Tower,0,11,59,1,71,0,2,145,1,148,0,13,204,2,219,218,0,218,437
04/20/2022,CXO,TX,ASW,CE,Federal Contract Tower,0,8,73,0,81,0,5,62,6,73,0,13,135,6,154,134,0,134,288
04/21/2022,CXO,TX,ASW,CE,Federal Contract Tower,0,6,78,0,84,0,4,135,5,144,0,10,213,5,228,186,0,186,414
04/22/2022,CXO,TX,ASW,CE,Federal Contract Tower,0,9,83,1,93,0,0,174,8,182,0,9,257,9,275,182,0,182,457
04/23/2022,CXO,TX,ASW,CE,Federal Contract Tower,0,2,60,2,64,0,3,196,2,201,0,5,256,4,265,126,0,126,391
04/24/2022,CXO,TX,ASW,CE,Federal Contract Tower,0,6,72,0,78,0,0,145,3,148,0,6,217,3,226,90,0,90,316
04/25/2022,CXO,TX,ASW,CE,Federal Contract Tower,0,3,23,0,26,0,1,28,0,29,0,4,51,0,55,102,0,102,157
04/26/2022,CXO,TX,ASW,CE,Federal Contract Tower,0,7,65,1,73,0,3,250,4,257,0,10,315,5,330,46,0,46,376
04/27/2022,CXO,TX,ASW,CE,Federal Contract Tower,0,10,93,2,105,0,5,239,9,253,0,15,332,11,358,228,0,228,586
04/28/2022,CXO,TX,ASW,CE,Federal Contract Tower,0,5,77,0,82,0,0,177,5,182,0,5,254,5,264,198,0,198,462
04/29/2022,CXO,TX,ASW,CE,Federal Contract Tower,0,5,78,1,84,0,5,132,1,138,0,10,210,2,222,152,0,152,374
04/30/2022,CXO,TX,ASW,CE,Federal Contract Tower,0,4,48,0,52,0,0,116,0,116,0,4,164,0,168,128,0,128,296
05/01/2022,CXO,TX,ASW,CE,Federal Contract Tower,0,15,47,0,62,0,0,78,2,80,0,15,125,2,142,30,0,30,172
05/02/2022,CXO,TX,ASW,CE,Federal Contract Tower,0,9,61,0,70,0,4,112,4,120,0,13,173,4,190,148,0,148,338
05/03/2022,CXO,TX,ASW,CE,Federal Contract Tower,0,6,76,5,87,0,4,97,6,107,0,10,173,11,194,262,6,268,462
05/04/2022,CXO,TX,ASW,CE,Federal Contract Tower,0,7,67,0,74,0,0,74,6,80,0,7,141,6,154,210,0,210,364
05/05/2022,CXO,TX,ASW,CE,Federal Contract Tower,0,4,75,0,79,0,0,22,0,22,0,4,97,0,101,18,0,18,119
05/06/2022,CXO,TX,ASW,CE,Federal Contract Tower,0,10,72,5,87,0,2,234,1,237,0,12,306,6,324,114,0,114,438
05/07/2022,CXO,TX,ASW,CE,Federal Contract Tower,0,6,64,2,72,0,0,130,3,133,0,6,194,5,205,98,6,104,309
05/08/2022,CXO,TX,ASW,CE,Federal Contract Tower,0,3,39,0,42,0,5,57,0,62,0,8,96,0,104,28,0,28,132
05/09/2022,CXO,TX,ASW,CE,Federal Contract Tower,0,5,67,0,72,0,0,148,2,150,0,5,215,2,222,226,0,226,448
05/10/2022,CXO,TX,ASW,CE,Federal Contract Tower,0,6,75,8,89,0,4,161,5,170,0,10,236,13,259,152,0,152,411
05/11/2022,CXO,TX,ASW,CE,Federal Contract Tower,0,5,91,0,96,0,6,133,1,140,0,11,224,1,236,82,0,82,318
05/12/2022,CXO,TX,ASW,CE,Federal Contract Tower,0,7,67,1,75,0,10,164,7,181,0,17,231,8,256,164,2,166,422
05/13/2022,CXO,TX,ASW,CE,Federal Contract Tower,0,2,57,0,59,0,1,170,0,171,0,3,227,0,230,232,0,232,462
05/14/2022,CXO,TX,ASW,CE,Federal Contract Tower,0,4,45,0,49,0,4,201,0,205,0,8,246,0,254,160,0,160,414
05/15/2022,CXO,TX,ASW,CE,Federal Contract Tower,0,8,60,0,68,0,6,143,0,149,0,14,203,0,217,60,0,60,277
05/16/2022,CXO,TX,ASW,CE,Federal Contract Tower,0,10,59,1,70,0,2,167,6,175,0,12,226,7,245,242,6,248,493
05/17/2022,CXO,TX,ASW,CE,Federal Contract Tower,0,4,59,0,63,0,6,165,3,174,0,10,224,3,237,132,0,132,369
05/18/2022,CXO,TX,ASW,CE,Federal Contract Tower,0,15,49,3,67,0,0,144,9,153,0,15,193,12,220,110,0,110,330
05/19/2022,CXO,TX,ASW,CE,Federal Contract Tower,0,4,46,0,50,0,4,122,8,134,0,8,168,8,184,140,0,140,324
05/20/2022,CXO,TX,ASW,CE,Federal Contract Tower,0,7,65,0,72,0,5,89,0,94,0,12,154,0,166,48,0,48,214
05/21/2022,CXO,TX,ASW,CE,Federal Contract Tower,0,3,52,2,57,0,2,109,5,116,0,5,161,7,173,142,10,152,325
05/22/2022,CXO,TX,ASW,CE,Federal Contract Tower,0,6,28,1,35,0,3,32,0,35,0,9,60,1,70,66,0,66,136
05/23/2022,CXO,TX,ASW,CE,Federal Contract Tower,0,5,73,1,79,0,4,80,6,90,0,9,153,7,169,118,2,120,289
05/24/2022,CXO,TX,ASW,CE,Federal Contract Tower,0,6,36,0,42,0,1,33,1,35,0,7,69,1,77,64,0,64,141
05/25/2022,CXO,TX,ASW,CE,Federal Contract Tower,0,8,49,1,58,0,5,123,3,131,0,13,172,4,189,96,0,96,285
05/26/2022,CXO,TX,ASW,CE,Federal Contract Tower,0,10,47,1,58,0,231,3,0,234,0,241,50,1,292,128,0,128,420
05/27/2022,CXO,TX,ASW,CE,Federal Contract Tower,0,6,56,0,62,0,0,140,0,140,0,6,196,0,202,192,0,192,394
05/28/2022,CXO,TX,ASW,CE,Federal Contract Tower,0,1,40,0,41,0,0,183,0,183,0,1,223,0,224,172,0,172,396
05/29/2022,CXO,TX,ASW,CE,Federal Contract Tower,0,1,43,0,44,0,6,65,0,71,0,7,108,0,115,104,0,104,219
05/30/2022,CXO,TX,ASW,CE,Federal Contract Tower,0,3,69,0,72,0,8,101,0,109,0,11,170,0,181,12,0,12,193
05/31/2022,CXO,TX,ASW,CE,Federal Contract Tower,0,6,94,0,100,0,0,132,4,136,0,6,226,4,236,148,0,148,384
06/01/2022,CXO,TX,ASW,CE,Federal Contract Tower,0,4,84,0,88,0,2,113,2,117,0,6,197,2,205,154,0,154,359
06/02/2022,CXO,TX,ASW,CE,Federal Contract Tower,0,2,51,0,53,0,1,139,2,142,0,3,190,2,195,204,0,204,399
06/03/2022,CXO,TX,ASW,CE,Federal Contract Tower,0,2,82,2,86,0,10,148,0,158,0,12,230,2,244,186,0,186,430
06/04/2022,CXO,TX,ASW,CE,Federal Contract Tower,0,7,65,0,72,0,4,223,0,227,0,11,288,0,299,178,0,178,477
06/06/2022,CXO,TX,ASW,CE,Federal Contract Tower,0,9,65,0,74,0,3,126,7,136,0,12,191,7,210,166,0,166,376
06/07/2022,CXO,TX,ASW,CE,Federal Contract Tower,0,3,90,0,93,0,6,215,3,224,0,9,305,3,317,218,0,218,535
06/08/2022,CXO,TX,ASW,CE,Federal Contract Tower,0,8,84,1,93,0,5,184,8,197,0,13,268,9,290,228,0,228,518
06/09/2022,CXO,TX,ASW,CE,Federal Contract Tower,0,2,50,0,52,0,2,167,1,170,0,4,217,1,222,174,0,174,396
06/10/2022,CXO,TX,ASW,CE,Federal Contract Tower,0,8,58,0,66,0,3,110,1,114,0,11,168,1,180,70,0,70,250
06/11/2022,CXO,TX,ASW,CE,Federal Contract Tower,0,0,72,0,72,0,0,134,12,146,0,0,206,12,218,170,2,172,390
06/12/2022,CXO,TX,ASW,CE,Federal Contract Tower,0,5,39,0,44,0,2,90,2,94,0,7,129,2,138,52,0,52,190
06/13/2022,CXO,TX,ASW,CE,Federal Contract Tower,0,2,74,1,77,0,0,91,3,94,0,2,165,4,171,124,0,124,295
06/14/2022,CXO,TX,ASW,CE,Federal Contract Tower,0,9,69,2,80,0,2,143,4,149,0,11,212,6,229,210,0,210,439
06/15/2022,CXO,TX,ASW,CE,Federal Contract Tower,0,2,69,1,72,0,4,160,2,166,0,6,229,3,238,224,0,224,462
06/16/2022,CXO,TX,ASW,CE,Federal Contract Tower,0,0,44,0,44,0,2,114,2,118,0,2,158,2,162,244,0,244,406
06/17/2022,CXO,TX,ASW,CE,Federal Contract Tower,0,6,81,0,87,0,5,162,0,167,0,11,243,0,254,134,0,134,388
06/18/2022,CXO,TX,ASW,CE,Federal Contract Tower,0,2,66,0,68,0,1,233,0,234,0,3,299,0,302,180,0,180,482
06/19/2022,CXO,TX,ASW,CE,Federal Contract Tower,0,0,39,0,39,0,0,93,0,93,0,0,132,0,132,22,0,22,154
06/21/2022,CXO,TX,ASW,CE,Federal Contract Tower,0,6,53,0,59,0,5,200,8,213,0,11,253,8,272,126,6,132,404
06/22/2022,CXO,TX,ASW,CE,Federal Contract Tower,0,5,85,0,90,0,3,184,1,188,0,8,269,1,278,156,0,156,434
06/23/2022,CXO,TX,ASW,CE,Federal Contract Tower,0,9,65,0,74,0,0,165,4,169,0,9,230,4,243,106,0,106,349
06/24/2022,CXO,TX,ASW,CE,Federal Contract Tower,0,7,63,0,70,0,7,123,0,130,0,14,186,0,200,104,0,104,304
06/25/2022,CXO,TX,ASW,CE,Federal Contract Tower,0,3,51,0,54,0,3,149,4,156,0,6,200,4,210,132,0,132,342
06/26/2022,CXO,TX,ASW,CE,Federal Contract Tower,0,8,25,0,33,0,3,126,0,129,0,11,151,0,162,132,0,132,294
06/27/2022,CXO,TX,ASW,CE,Federal Contract Tower,0,4,49,1,54,0,6,141,5,152,0,10,190,6,206,158,14,172,378
06/29/2022,CXO,TX,ASW,CE,Federal Contract Tower,0,1,65,0,66,0,3,102,2,107,0,4,167,2,173,222,0,222,395
06/30/2022,CXO,TX,ASW,CE,Federal Contract Tower,0,5,46,0,51,0,0,90,0,90,0,5,136,0,141,232,0,232,373
07/01/2022,CXO,TX,ASW,CE,Federal Contract Tower,0,11,49,0,60,0,2,31,0,33,0,13,80,0,93,66,0,66,159
07/02/2022,CXO,TX,ASW,CE,Federal Contract Tower,0,3,38,2,43,0,5,59,0,64,0,8,97,2,107,58,0,58,165
07/03/2022,CXO,TX,ASW,CE,Federal Contract Tower,0,2,43,0,45,0,4,72,0,76,0,6,115,0,121,34,0,34,155
07/04/2022,CXO,TX,ASW,CE,Federal Contract Tower,0,5,31,0,36,0,1,110,0,111,0,6,141,0,147,68,0,68,215
07/05/2022,CXO,TX,ASW,CE,Federal Contract Tower,0,4,68,0,72,0,4,146,0,150,0,8,214,0,222,86,0,86,308
07/06/2022,CXO,TX,ASW,CE,Federal Contract Tower,0,7,66,0,73,0,1,124,0,125,0,8,190,0,198,196,0,196,394
07/07/2022,CXO,TX,ASW,CE,Federal Contract Tower,0,3,70,8,81,0,2,135,2,139,0,5,205,10,220,182,8,190,410
07/08/2022,CXO,TX,ASW,CE,Federal Contract Tower,0,9,71,0,80,0,4,184,0,188,0,13,255,0,268,144,0,144,412
07/09/2022,CXO,TX,ASW,CE,Federal Contract Tower,0,6,55,0,61,0,2,149,0,151,0,8,204,0,212,60,0,60,272
07/10/2022,CXO,TX,ASW,CE,Federal Contract Tower,0,7,33,0,40,0,3,109,0,112,0,10,142,0,152,30,0,30,182
07/11/2022,CXO,TX,ASW,CE,Federal Contract Tower,0,5,57,2,64,0,5,135,1,141,0,10,192,3,205,162,8,170,375
07/12/2022,CXO,TX,ASW,CE,Federal Contract Tower,0,4,96,0,100,0,1,147,0,148,0,5,243,0,248,126,0,126,374
07/13/2022,CXO,TX,ASW,CE,Federal Contract Tower,0,11,85,0,96,0,1,118,0,119,0,12,203,0,215,124,0,124,339
07/14/2022,CXO,TX,ASW,CE,Federal Contract Tower,0,3,53,0,56,0,1,73,0,74,0,4,126,0,130,142,0,142,272
07/15/2022,CXO,TX,ASW,CE,Federal Contract Tower,0,8,56,0,64,0,2,125,0,127,0,10,181,0,191,202,0,202,393
07/16/2022,CXO,TX,ASW,CE,Federal Contract Tower,0,2,69,0,71,0,11,189,0,200,0,13,258,0,271,170,0,170,441
07/17/2022,CXO,TX,ASW,CE,Federal Contract Tower,0,1,42,0,43,0,3,129,0,132,0,4,171,0,175,100,0,100,275
07/18/2022,CXO,TX,ASW,CE,Federal Contract Tower,0,10,77,1,88,0,2,117,0,119,0,12,194,1,207,210,0,210,417
07/19/2022,CXO,TX,ASW,CE,Federal Contract Tower,0,14,69,0,83,0,2,158,0,160,0,16,227,0,243,164,0,164,407
07/20/2022,CXO,TX,ASW,CE,Federal Contract Tower,0,4,67,0,71,0,0,134,0,134,0,4,201,0,205,150,0,150,355
07/21/2022,CXO,TX,ASW,CE,Federal Contract Tower,0,6,108,0,114,0,4,148,0,152,0,10,256,0,266,150,0,150,416
07/22/2022,CXO,TX,ASW,CE,Federal Contract Tower,0,5,55,11,71,0,0,115,2,117,0,5,170,13,188,178,6,184,372
07/23/2022,CXO,TX,ASW,CE,Federal Contract Tower,0,4,57,0,61,0,3,117,1,121,0,7,174,1,182,130,0,130,312
07/24/2022,CXO,TX,ASW,CE,Federal Contract Tower,0,3,62,0,65,0,5,105,0,110,0,8,167,0,175,120,0,120,295
07/25/2022,CXO,TX,ASW,CE,Federal Contract Tower,0,12,67,0,79,0,3,139,1,143,0,15,206,1,222,210,0,210,432
07/26/2022,CXO,TX,ASW,CE,Federal Contract Tower,0,1,87,2,90,0,2,125,1,128,0,3,212,3,218,234,2,236,454
07/27/2022,CXO,TX,ASW,CE,Federal Contract Tower,0,2,57,0,59,0,3,83,0,86,0,5,140,0,145,222,0,222,367
07/28/2022,CXO,TX,ASW,CE,Federal Contract Tower,0,5,57,0,62,0,1,145,1,147,0,6,202,1,209,202,0,202,411
07/29/2022,CXO,TX,ASW,CE,Federal Contract Tower,0,5,71,0,76,0,0,141,3,144,0,5,212,3,220,244,2,246,466
07/30/2022,CXO,TX,ASW,CE,Federal Contract Tower,0,4,62,0,66,0,0,137,0,137,0,4,199,0,203,84,0,84,287
07/31/2022,CXO,TX,ASW,CE,Federal Contract Tower,0,5,40,0,45,0,0,127,0,127,0,5,167,0,172,96,0,96,268
08/01/2022,CXO,TX,ASW,CE,Federal Contract Tower,0,3,47,0,50,0,2,137,0,139,0,5,184,0,189,196,0,196,385
08/02/2022,CXO,TX,ASW,CE,Federal Contract Tower,0,5,69,0,74,0,2,147,0,149,0,7,216,0,223,162,0,162,385
08/03/2022,CXO,TX,ASW,CE,Federal Contract Tower,0,5,76,0,81,0,1,114,0,115,0,6,190,0,196,146,0,146,342
08/04/2022,CXO,TX,ASW,CE,Federal Contract Tower,0,6,76,0,82,0,0,147,0,147,0,6,223,0,229,228,0,228,457
08/05/2022,CXO,TX,ASW,CE,Federal Contract Tower,0,3,55,0,58,0,0,130,0,130,0,3,185,0,188,122,0,122,310
08/06/2022,CXO,TX,ASW,CE,Federal Contract Tower,0,1,43,0,44,0,0,56,0,56,0,1,99,0,100,58,0,58,158
08/07/2022,CXO,TX,ASW,CE,Federal Contract Tower,0,4,52,0,56,0,2,98,0,100,0,6,150,0,156,182,0,182,338
08/08/2022,CXO,TX,ASW,CE,Federal Contract Tower,0,5,72,0,77,0,6,108,0,114,0,11,180,0,191,192,0,192,383
08/09/2022,CXO,TX,ASW,CE,Federal Contract Tower,0,9,66,0,75,0,2,106,0,108,0,11,172,0,183,154,0,154,337
08/10/2022,CXO,TX,ASW,CE,Federal Contract Tower,0,4,49,0,53,0,10,117,0,127,0,14,166,0,180,156,0,156,336
08/11/2022,CXO,TX,ASW,CE,Federal Contract Tower,0,1,35,0,36,0,0,88,1,89,0,1,123,1,125,150,0,150,275
08/12/2022,CXO,TX,ASW,CE,Federal Contract Tower,0,2,59,0,61,0,1,146,0,147,0,3,205,0,208,90,0,90,298
08/13/2022,CXO,TX,ASW,CE,Federal Contract Tower,0,2,44,4,50,0,9,173,0,182,0,11,217,4,232,82,0,82,314
08/14/2022,CXO,TX,ASW,CE,Federal Contract Tower,0,4,45,0,49,0,0,47,0,47,0,4,92,0,96,38,0,38,134
08/15/2022,CXO,TX,ASW,CE,Federal Contract Tower,1,55,0,0,56,0,0,139,0,139,1,55,139,0,195,170,0,170,365
08/16/2022,CXO,TX,ASW,CE,Federal Contract Tower,0,4,73,0,77,0,3,187,5,195,0,7,260,5,272,174,8,182,454
08/17/2022,CXO,TX,ASW,CE,Federal Contract Tower,0,5,74,0,79,0,2,167,0,169,0,7,241,0,248,113,0,113,361
08/18/2022,CXO,TX,ASW,CE,Federal Contract Tower,0,5,62,0,67,0,2,82,0,84,0,7,144,0,151,138,0,138,289
08/19/2022,CXO,TX,ASW,CE,Federal Contract Tower,0,6,48,0,54,0,0,8,0,8,0,6,56,0,62,8,0,8,70
08/20/2022,CXO,TX,ASW,CE,Federal Contract Tower,0,1,43,0,44,0,1,74,0,75,0,2,117,0,119,78,0,78,197
08/21/2022,CXO,TX,ASW,CE,Federal Contract Tower,0,3,55,0,58,0,3,40,0,43,0,6,95,0,101,100,0,100,201
08/22/2022,CXO,TX,ASW,CE,Federal Contract Tower,0,1,65,1,67,0,2,118,6,126,0,3,183,7,193,198,4,202,395
08/23/2022,CXO,TX,ASW,CE,Federal Contract Tower,0,11,62,0,73,0,0,80,0,80,0,11,142,0,153,154,0,154,307
08/24/2022,CXO,TX,ASW,CE,Federal Contract Tower,0,5,58,0,63,0,0,54,0,54,0,5,112,0,117,96,0,96,213
08/25/2022,CXO,TX,ASW,CE,Federal Contract Tower,0,2,61,0,63,0,1,135,0,136,0,3,196,0,199,178,0,178,377
08/26/2022,CXO,TX,ASW,CE,Federal Contract Tower,0,8,67,0,75,0,0,128,0,128,0,8,195,0,203,140,0,140,343
08/27/2022,CXO,TX,ASW,CE,Federal Contract Tower,0,5,55,0,60,0,4,111,0,115,0,9,166,0,175,180,0,180,355
08/28/2022,CXO,TX,ASW,CE,Federal Contract Tower,0,11,48,0,59,0,0,163,0,163,0,11,211,0,222,120,0,120,342
08/29/2022,CXO,TX,ASW,CE,Federal Contract Tower,0,2,43,0,45,0,2,57,2,61,0,4,100,2,106,166,0,166,272
08/30/2022,CXO,TX,ASW,CE,Federal Contract Tower,0,2,36,0,38,0,0,33,0,33,0,2,69,0,71,54,0,54,125
08/31/2022,CXO,TX,ASW,CE,Federal Contract Tower,0,3,51,0,54,0,2,147,6,155,0,5,198,6,209,142,20,162,371
09/01/2022,CXO,TX,ASW,CE,Federal Contract Tower,0,5,58,0,63,0,0,182,3,185,0,5,240,3,248,198,0,198,446
09/02/2022,CXO,TX,ASW,CE,Federal Contract Tower,0,3,57,0,60,0,0,121,0,121,0,3,178,0,181,174,0,174,355
09/03/2022,CXO,TX,ASW,CE,Federal Contract Tower,0,2,19,0,21,0,0,81,0,81,0,2,100,0,102,114,0,114,216
09/04/2022,CXO,TX,ASW,CE,Federal Contract Tower,0,4,53,0,57,0,5,106,0,111,0,9,159,0,168,160,0,160,328
09/05/2022,CXO,TX,ASW,CE,Federal Contract Tower,0,1,58,2,61,0,6,153,0,159,0,7,211,2,220,172,0,172,392
09/06/2022,CXO,TX,ASW,CE,Federal Contract Tower,0,1,61,0,62,0,5,153,7,165,0,6,214,7,227,222,8,230,457
09/07/2022,CXO,TX,ASW,CE,Federal Contract Tower,0,0,79,0,79,0,0,108,6,114,0,0,187,6,193,262,30,292,485
09/08/2022,CXO,TX,ASW,CE,Federal Contract Tower,0,4,55,3,62,0,2,171,2,175,0,6,226,5,237,164,0,164,401
09/09/2022,CXO,TX,ASW,CE,Federal Contract Tower,0,5,82,0,87,0,4,266,10,280,0,9,348,10,367,216,8,224,591
09/10/2022,CXO,TX,ASW,CE,Federal Contract Tower,0,2,45,0,47,0,3,218,8,229,0,5,263,8,276,236,0,236,512
09/11/2022,CXO,TX,ASW,CE,Federal Contract Tower,0,5,51,0,56,0,1,130,2,133,0,6,181,2,189,94,12,106,295
09/12/2022,CXO,TX,ASW,CE,Federal Contract Tower,0,2,41,0,43,0,6,181,0,187,0,8,222,0,230,116,16,132,362
09/13/2022,CXO,TX,ASW,CE,Federal Contract Tower,0,9,76,0,85,0,2,189,2,193,0,11,265,2,278,34,6,40,318
09/14/2022,CXO,TX,ASW,CE,Federal Contract Tower,0,6,92,0,98,0,0,254,1,255,0,6,346,1,353,112,0,112,465
09/15/2022,CXO,TX,ASW,CE,Federal Contract Tower,0,11,65,0,76,0,3,196,0,199,0,14,261,0,275,198,0,198,473
09/16/2022,CXO,TX,ASW,CE,Federal Contract Tower,0,7,68,0,75,0,2,121,0,123,0,9,189,0,198,272,0,272,470
09/17/2022,CXO,TX,ASW,CE,Federal Contract Tower,0,2,52,0,54,0,4,139,4,147,0,6,191,4,201,156,2,158,359
09/18/2022,CXO,TX,ASW,CE,Federal Contract Tower,0,7,44,0,51,0,1,61,0,62,0,8,105,0,113,110,0,110,223
09/19/2022,CXO,TX,ASW,CE,Federal Contract Tower,0,6,72,0,78,0,3,130,0,133,0,9,202,0,211,190,0,190,401
09/20/2022,CXO,TX,ASW,CE,Federal Contract Tower,0,7,66,4,77,0,3,130,3,136,0,10,196,7,213,230,6,236,449
09/21/2022,CXO,TX,ASW,CE,Federal Contract Tower,0,7,67,0,74,0,0,160,4,164,0,7,227,4,238,246,0,246,484
09/22/2022,CXO,TX,ASW,CE,Federal Contract Tower,0,5,89,0,94,0,3,198,0,201,0,8,287,0,295,196,0,196,491
09/23/2022,CXO,TX,ASW,CE,Federal Contract Tower,0,2,67,1,70,0,1,192,1,194,0,3,259,2,264,226,0,226,490
09/24/2022,CXO,TX,ASW,CE,Federal Contract Tower,0,5,65,0,70,0,7,202,0,209,0,12,267,0,279,140,0,140,419
09/25/2022,CXO,TX,ASW,CE,Federal Contract Tower,0,1,61,0,62,0,5,132,0,137,0,6,193,0,199,94,0,94,293
09/26/2022,CXO,TX,ASW,CE,Federal Contract Tower,0,6,62,0,68,0,2,149,0,151,0,8,211,0,219,202,0,202,421
09/27/2022,CXO,TX,ASW,CE,Federal Contract Tower,0,5,86,2,93,0,4,229,0,233,0,9,315,2,326,166,8,174,500
09/28/2022,CXO,TX,ASW,CE,Federal Contract Tower,0,3,51,1,55,0,5,184,0,189,0,8,235,1,244,230,0,230,474
09/29/2022,CXO,TX,ASW,CE,Federal Contract Tower,0,7,78,0,85,0,0,245,0,245,0,7,323,0,330,190,0,190,520
09/30/2022,CXO,TX,ASW,CE,Federal Contract Tower,0,6,67,0,73,0,5,198,0,203,0,11,265,0,276,154,2,156,432
10/01/2022,CXO,TX,ASW,CE,Federal Contract Tower,0,2,40,1,43,0,7,231,1,239,0,9,271,2,282,108,0,108,390
10/02/2022,CXO,TX,ASW,CE,Federal Contract Tower,0,11,60,0,71,0,1,125,0,126,0,12,185,0,197,114,0,114,311
10/03/2022,CXO,TX,ASW,CE,Federal Contract Tower,0,5,74,1,80,0,1,158,1,160,0,6,232,2,240,308,0,308,548
10/04/2022,CXO,TX,ASW,CE,Federal Contract Tower,0,3,54,0,57,0,0,182,0,182,0,3,236,0,239,342,0,342,581
10/05/2022,CXO,TX,ASW,CE,Federal Contract Tower,0,3,60,0,63,0,2,201,4,207,0,5,261,4,270,214,0,214,484
10/06/2022,CXO,TX,ASW,CE,Federal Contract Tower,0,4,38,0,42,0,4,149,0,153,0,8,187,0,195,276,0,276,471
10/07/2022,CXO,TX,ASW,CE,Federal Contract Tower,0,3,65,0,68,0,2,198,0,200,0,5,263,0,268,201,0,201,469
10/08/2022,CXO,TX,ASW,CE,Federal Contract Tower,0,1,48,2,51,0,5,172,0,177,0,6,220,2,228,128,18,146,374
10/09/2022,CXO,TX,ASW,CE,Federal Contract Tower,0,8,66,0,74,0,4,147,1,152,0,12,213,1,226,184,0,184,410
10/10/2022,CXO,TX,ASW,CE,Federal Contract Tower,0,4,63,0,67,0,5,174,0,179,0,9,237,0,246,264,0,264,510
10/11/2022,CXO,TX,ASW,CE,Federal Contract Tower,0,5,83,0,88,0,1,204,3,208,0,6,287,3,296,158,0,158,454
10/12/2022,CXO,TX,ASW,CE,Federal Contract Tower,0,4,80,0,84,0,1,124,2,127,0,5,204,2,211,138,8,146,357
10/13/2022,CXO,TX,ASW,CE,Federal Contract Tower,0,6,81,0,87,0,2,166,1,169,0,8,247,1,256,156,2,158,414
10/14/2022,CXO,TX,ASW,CE,Federal Contract Tower,0,7,49,1,57,0,1,174,0,175,0,8,223,1,232,270,0,270,502
10/15/2022,CXO,TX,ASW,CE,Federal Contract Tower,0,3,27,0,30,0,5,159,0,164,0,8,186,0,194,106,0,106,300
10/16/2022,CXO,TX,ASW,CE,Federal Contract Tower,0,8,52,2,62,0,0,140,0,140,0,8,192,2,202,126,0,126,328
10/17/2022,CXO,TX,ASW,CE,Federal Contract Tower,0,4,81,0,85,0,4,138,2,144,0,8,219,2,229,54,0,54,283
10/18/2022,CXO,TX,ASW,CE,Federal Contract Tower,0,3,51,0,54,0,0,168,0,168,0,3,219,0,222,146,0,146,368
10/19/2022,CXO,TX,ASW,CE,Federal Contract Tower,0,4,66,0,70,0,2,155,0,157,0,6,221,0,227,190,0,190,417
10/20/2022,CXO,TX,ASW,CE,Federal Contract Tower,0,5,48,0,53,0,2,153,0,155,0,7,201,0,208,108,0,108,316
10/21/2022,CXO,TX,ASW,CE,Federal Contract Tower,0,4,55,0,59,0,6,170,1,177,0,10,225,1,236,42,0,42,278
10/22/2022,CXO,TX,ASW,CE,Federal Contract Tower,0,2,32,0,34,0,3,212,0,215,0,5,244,0,249,236,0,236,485
10/23/2022,CXO,TX,ASW,CE,Federal Contract Tower,0,9,37,0,46,0,1,79,0,80,0,10,116,0,126,86,0,86,212
10/24/2022,CXO,TX,ASW,CE,Federal Contract Tower,0,2,67,0,69,0,1,70,0,71,0,3,137,0,140,100,0,100,240
10/25/2022,CXO,TX,ASW,CE,Federal Contract Tower,0,4,47,0,51,0,0,0,0,0,0,4,47,0,51,194,0,194,245
10/26/2022,CXO,TX,ASW,CE,Federal Contract Tower,0,3,65,0,68,0,0,261,4,265,0,3,326,4,333,232,32,264,597
10/27/2022,CXO,TX,ASW,CE,Federal Contract Tower,0,1,61,0,62,0,0,189,2,191,0,1,250,2,253,194,0,194,447
10/28/2022,CXO,TX,ASW,CE,Federal Contract Tower,0,6,27,0,33,0,0,2,0,2,0,6,29,0,35,0,0,0,35
10/29/2022,CXO,TX,ASW,CE,Federal Contract Tower,0,2,71,0,73,0,2,7,1,10,0,4,78,1,83,72,18,90,173
10/30/2022,CXO,TX,ASW,CE,Federal Contract Tower,0,6,28,0,34,0,1,146,0,147,0,7,174,0,181,82,0,82,263
10/31/2022,CXO,TX,ASW,CE,Federal Contract Tower,0,10,67,0,77,0,4,235,0,239,0,14,302,0,316,230,0,230,546
11/01/2022,CXO,TX,ASW,CE,Federal Contract Tower,0,3,55,0,58,0,0,3,0,3,0,3,58,0,61,0,0,0,61
11/02/2022,CXO,TX,ASW,CE,Federal Contract Tower,0,5,54,0,59,0,1,162,0,163,0,6,216,0,222,232,0,232,454
11/03/2022,CXO,TX,ASW,CE,Federal Contract Tower,0,6,85,0,91,0,0,98,7,105,0,6,183,7,196,130,0,130,326
11/04/2022,CXO,TX,ASW,CE,Federal Contract Tower,0,2,50,6,58,0,0,17,2,19,0,2,67,8,77,30,0,30,107
11/05/2022,CXO,TX,ASW,CE,Federal Contract Tower,0,1,58,0,59,0,2,281,2,285,0,3,339,2,344,184,8,192,536
11/06/2022,CXO,TX,ASW,CE,Federal Contract Tower,0,5,43,0,48,0,4,31,0,35,0,9,74,0,83,60,0,60,143
11/07/2022,CXO,TX,ASW,CE,Federal Contract Tower,0,10,78,3,91,0,0,78,2,80,0,10,156,5,171,222,4,226,397
11/08/2022,CXO,TX,ASW,CE,Federal Contract Tower,0,10,67,0,77,0,3,244,5,252,0,13,311,5,329,196,0,196,525
11/09/2022,CXO,TX,ASW,CE,Federal Contract Tower,0,6,67,0,73,0,0,189,0,189,0,6,256,0,262,330,0,330,592
11/10/2022,CXO,TX,ASW,CE,Federal Contract Tower,0,5,106,0,111,0,5,206,2,213,0,10,312,2,324,98,0,98,422
11/11/2022,CXO,TX,ASW,CE,Federal Contract Tower,0,9,50,0,59,0,0,122,3,125,0,9,172,3,184,110,0,110,294
11/12/2022,CXO,TX,ASW,CE,Federal Contract Tower,0,4,23,0,27,0,6,188,0,194,0,10,211,0,221,4,0,4,225
11/13/2022,CXO,TX,ASW,CE,Federal Contract Tower,0,2,46,0,48,0,0,220,0,220,0,2,266,0,268,176,0,176,444
11/14/2022,CXO,TX,ASW,CE,Federal Contract Tower,0,5,34,0,39,0,0,16,0,16,0,5,50,0,55,40,0,40,95
11/15/2022,CXO,TX,ASW,CE,Federal Contract Tower,0,7,82,2,91,0,5,129,5,139,0,12,211,7,230,252,0,252,482
11/16/2022,CXO,TX,ASW,CE,Federal Contract Tower,0,7,59,0,66,0,0,160,9,169,0,7,219,9,235,258,0,258,493
11/17/2022,CXO,TX,ASW,CE,Federal Contract Tower,0,8,48,0,56,0,2,206,3,211,0,10,254,3,267,216,2,218,485
11/18/2022,CXO,TX,ASW,CE,Federal Contract Tower,0,4,66,3,73,0,5,289,0,294,0,9,355,3,367,236,16,252,619
11/19/2022,CXO,TX,ASW,CE,Federal Contract Tower,0,4,23,0,27,0,0,8,0,8,0,4,31,0,35,0,0,0,35
11/20/2022,CXO,TX,ASW,CE,Federal Contract Tower,0,6,22,0,28,0,6,141,0,147,0,12,163,0,175,161,0,161,336
11/21/2022,CXO,TX,ASW,CE,Federal Contract Tower,0,7,46,0,53,0,4,28,0,32,0,11,74,0,85,22,0,22,107
11/22/2022,CXO,TX,ASW,CE,Federal Contract Tower,0,3,49,0,52,0,0,264,7,271,0,3,313,7,323,196,4,200,523
11/23/2022,CXO,TX,ASW,CE,Federal Contract Tower,0,5,63,0,68,0,0,227,0,227,0,5,290,0,295,130,0,130,425
11/24/2022,CXO,TX,ASW,CE,Federal Contract Tower,0,1,1,0,2,0,0,0,0,0,0,1,1,0,2,0,0,0,2
11/25/2022,CXO,TX,ASW,CE,Federal Contract Tower,0,1,12,0,13,0,0,1,0,1,0,1,13,0,14,0,0,0,14
11/26/2022,CXO,TX,ASW,CE,Federal Contract Tower,0,2,48,0,50,0,0,44,0,44,0,2,92,0,94,16,0,16,110
11/27/2022,CXO,TX,ASW,CE,Federal Contract Tower,0,3,63,0,66,0,2,156,0,158,0,5,219,0,224,86,0,86,310
11/28/2022,CXO,TX,ASW,CE,Federal Contract Tower,0,6,47,0,53,0,4,196,1,201,0,10,243,1,254,4,0,4,258
11/29/2022,CXO,TX,ASW,CE,Federal Contract Tower,0,5,36,5,46,0,0,17,0,17,0,5,53,5,63,2,0,2,65
11/30/2022,CXO,TX,ASW,CE,Federal Contract Tower,0,6,51,0,57,0,2,141,0,143,0,8,192,0,200,60,0,60,260
12/01/2022,CXO,TX,ASW,CE,Federal Contract Tower,0,8,63,0,71,0,2,120,2,124,0,10,183,2,195,240,0,240,435
12/02/2022,CXO,TX,ASW,CE,Federal Contract Tower,0,7,55,0,62,0,0,2,0,2,0,7,57,0,64,6,0,6,70
12/03/2022,CXO,TX,ASW,CE,Federal Contract Tower,0,1,63,0,64,0,0,117,0,117,0,1,180,0,181,234,0,234,415
12/04/2022,CXO,TX,ASW,CE,Federal Contract Tower,0,5,68,2,75,0,3,31,0,34,0,8,99,2,109,42,0,42,151
12/05/2022,CXO,TX,ASW,CE,Federal Contract Tower,0,2,66,4,72,0,4,84,0,88,0,6,150,4,160,92,0,92,252
12/06/2022,CXO,TX,ASW,CE,Federal Contract Tower,0,7,94,0,101,0,1,157,3,161,0,8,251,3,262,176,0,176,438
12/07/2022,CXO,TX,ASW,CE,Federal Contract Tower,0,10,51,0,61,0,4,126,4,134,0,14,177,4,195,182,0,182,377
12/08/2022,CXO,TX,ASW,CE,Federal Contract Tower,0,6,85,4,95,0,0,145,2,147,0,6,230,6,242,58,4,62,304
12/09/2022,CXO,TX,ASW,CE,Federal Contract Tower,0,9,79,0,88,0,4,143,1,148,0,13,222,1,236,84,0,84,320
12/10/2022,CXO,TX,ASW,CE,Federal Contract Tower,0,6,44,0,50,0,1,89,0,90,0,7,133,0,140,86,0,86,226
12/11/2022,CXO,TX,ASW,CE,Federal Contract Tower,0,7,30,0,37,0,2,2,0,4,0,9,32,0,41,0,0,0,41
12/12/2022,CXO,TX,ASW,CE,Federal Contract Tower,0,8,41,2,51,0,0,0,0,0,0,8,41,2,51,0,0,0,51
12/13/2022,CXO,TX,ASW,CE,Federal Contract Tower,0,6,39,2,47,0,3,24,0,27,0,9,63,2,74,2,0,2,76
12/14/2022,CXO,TX,ASW,CE,Federal Contract Tower,0,2,57,0,59,0,2,203,2,207,0,4,260,2,266,124,4,128,394
12/15/2022,CXO,TX,ASW,CE,Federal Contract Tower,0,3,72,0,75,0,0,281,0,281,0,3,353,0,356,138,0,138,494
12/16/2022,CXO,TX,ASW,CE,Federal Contract Tower,0,3,72,2,77,0,2,250,0,252,0,5,322,2,329,82,0,82,411
12/17/2022,CXO,TX,ASW,CE,Federal Contract Tower,0,2,54,0,56,0,8,291,0,299,0,10,345,0,355,94,0,94,449
12/18/2022,CXO,TX,ASW,CE,Federal Contract Tower,0,12,42,0,54,0,0,164,0,164,0,12,206,0,218,158,0,158,376
12/19/2022,CXO,TX,ASW,CE,Federal Contract Tower,0,3,15,0,18,0,0,4,0,4,0,3,19,0,22,0,0,0,22
12/20/2022,CXO,TX,ASW,CE,Federal Contract Tower,0,3,51,0,54,0,0,42,10,52,0,3,93,10,106,56,0,56,162
12/21/2022,CXO,TX,ASW,CE,Federal Contract Tower,0,1,68,2,71,0,0,141,3,144,0,1,209,5,215,122,0,122,337
12/22/2022,CXO,TX,ASW,CE,Federal Contract Tower,0,4,29,1,34,0,0,0,0,0,0,4,29,1,34,0,0,0,34
12/23/2022,CXO,TX,ASW,CE,Federal Contract Tower,0,4,14,0,18,0,8,26,0,34,0,12,40,0,52,22,0,22,74
12/24/2022,CXO,TX,ASW,CE,Federal Contract Tower,0,0,9,0,9,0,0,83,0,83,0,0,92,0,92,70,0,70,162
12/25/2022,CXO,TX,ASW,CE,Federal Contract Tower,0,3,9,0,12,0,2,21,0,23,0,5,30,0,35,0,0,0,35
12/26/2022,CXO,TX,ASW,CE,Federal Contract Tower,0,8,34,0,42,0,4,122,0,126,0,12,156,0,168,102,0,102,270
12/27/2022,CXO,TX,ASW,CE,Federal Contract Tower,0,5,59,0,64,0,0,0,0,0,0,5,59,0,64,76,0,76,140
12/28/2022,CXO,TX,ASW,CE,Federal Contract Tower,0,6,44,1,51,0,4,144,1,149,0,10,188,2,200,18,0,18,218
12/29/2022,CXO,TX,ASW,CE,Federal Contract Tower,0,5,42,4,51,0,2,22,0,24,0,7,64,4,75,26,0,26,101
12/30/2022,CXO,TX,ASW,CE,Federal Contract Tower,0,4,40,0,44,0,0,29,0,29,0,4,69,0,73,0,0,0,73
01/01/2023,CXO,TX,ASW,CE,Federal Contract Tower,0,2,36,0,38,0,5,24,0,29,0,7,60,0,67,18,0,18,85
01/02/2023,CXO,TX,ASW,CE,Federal Contract Tower,0,11,26,0,37,0,0,0,0,0,0,11,26,0,37,0,0,0,37
01/03/2023,CXO,TX,ASW,CE,Federal Contract Tower,0,7,75,0,82,0,2,218,0,220,0,9,293,0,302,28,0,28,330
01/04/2023,CXO,TX,ASW,CE,Federal Contract Tower,0,0,45,0,45,0,2,208,7,217,0,2,253,7,262,140,0,140,402
01/05/2023,CXO,TX,ASW,CE,Federal Contract Tower,0,4,34,0,38,0,3,241,0,244,0,7,275,0,282,140,0,140,422
01/06/2023,CXO,TX,ASW,CE,Federal Contract Tower,0,0,49,2,51,0,1,227,0,228,0,1,276,2,279,106,0,106,385
01/07/2023,CXO,TX,ASW,CE,Federal Contract Tower,0,3,41,3,47,0,0,75,0,75,0,3,116,3,122,100,0,100,222
01/08/2023,CXO,TX,ASW,CE,Federal Contract Tower,0,11,34,2,47,0,0,106,0,106,0,11,140,2,153,120,0,120,273
01/09/2023,CXO,TX,ASW,CE,Federal Contract Tower,0,6,39,1,46,0,8,153,0,161,0,14,192,1,207,120,0,120,327
01/10/2023,CXO,TX,ASW,CE,Federal Contract Tower,0,3,48,5,56,0,1,111,7,119,0,4,159,12,175,80,0,80,255
01/11/2023,CXO,TX,ASW,CE,Federal Contract Tower,0,3,63,3,69,0,2,119,0,121,0,5,182,3,190,140,0,140,330
01/12/2023,CXO,TX,ASW,CE,Federal Contract Tower,0,3,44,0,47,0,0,149,0,149,0,3,193,0,196,98,0,98,294
01/13/2023,CXO,TX,ASW,CE,Federal Contract Tower,0,5,47,0,52,0,2,227,0,229,0,7,274,0,281,152,0,152,433
01/14/2023,CXO,TX,ASW,CE,Federal Contract Tower,0,5,59,0,64,0,4,264,0,268,0,9,323,0,332,72,0,72,404
01/15/2023,CXO,TX,ASW,CE,Federal Contract Tower,0,5,41,0,46,0,3,70,0,73,0,8,111,0,119,32,0,32,151
01/16/2023,CXO,TX,ASW,CE,Federal Contract Tower,0,2,55,0,57,0,0,117,0,117,0,2,172,0,174,124,0,124,298
01/17/2023,CXO,TX,ASW,CE,Federal Contract Tower,0,4,73,1,78,0,7,117,0,124,0,11,190,1,202,154,0,154,356
01/18/2023,CXO,TX,ASW,CE,Federal Contract Tower,0,1,42,0,43,0,1,74,3,78,0,2,116,3,121,84,18,102,223
01/19/2023,CXO,TX,ASW,CE,Federal Contract Tower,0,4,51,0,55,0,0,280,1,281,0,4,331,1,336,100,0,100,436
01/20/2023,CXO,TX,ASW,CE,Federal Contract Tower,0,2,61,4,67,0,0,220,0,220,0,2,281,4,287,188,10,198,485
01/21/2023,CXO,TX,ASW,CE,Federal Contract Tower,0,2,23,0,25,0,0,14,0,14,0,2,37,0,39,42,0,42,81
01/22/2023,CXO,TX,ASW,CE,Federal Contract Tower,0,2,34,4,40,0,6,168,0,174,0,8,202,4,214,190,0,190,404
01/23/2023,CXO,TX,ASW,CE,Federal Contract Tower,0,2,49,0,51,0,6,240,0,246,0,8,289,0,297,194,0,194,491
01/24/2023,CXO,TX,ASW,CE,Federal Contract Tower,0,2,17,0,19,0,0,0,0,0,0,2,17,0,19,0,0,0,19
01/25/2023,CXO,TX,ASW,CE,Federal Contract Tower,0,2,71,0,73,0,6,175,1,182,0,8,246,1,255,252,0,252,507
01/26/2023,CXO,TX,ASW,CE,Federal Contract Tower,0,1,59,3,63,0,1,232,1,234,0,2,291,4,297,260,2,262,559
01/27/2023,CXO,TX,ASW,CE,Federal Contract Tower,0,3,91,0,94,0,5,323,1,329,0,8,414,1,423,86,0,86,509
01/28/2023,CXO,TX,ASW,CE,Federal Contract Tower,0,3,16,0,19,0,0,2,0,2,0,3,18,0,21,0,0,0,21
01/29/2023,CXO,TX,ASW,CE,Federal Contract Tower,0,1,12,0,13,0,0,0,0,0,0,1,12,0,13,0,0,0,13
01/30/2023,CXO,TX,ASW,CE,Federal Contract Tower,0,5,28,0,33,0,0,0,0,0,0,5,28,0,33,0,0,0,33
01/31/2023,CXO,TX,ASW,CE,Federal Contract Tower,0,15,17,0,32,0,0,0,0,0,0,15,17,0,32,0,0,0,32
02/01/2023,CXO,TX,ASW,CE,Federal Contract Tower,0,12,20,0,32,0,0,0,0,0,0,12,20,0,32,0,0,0,32
02/02/2023,CXO,TX,ASW,CE,Federal Contract Tower,0,15,20,0,35,0,0,0,0,0,0,15,20,0,35,0,0,0,35
02/03/2023,CXO,TX,ASW,CE,Federal Contract Tower,0,2,80,0,82,0,6,200,4,210,0,8,280,4,292,74,0,74,366
02/04/2023,CXO,TX,ASW,CE,Federal Contract Tower,0,1,51,0,52,0,0,282,0,282,0,1,333,0,334,116,0,116,450
02/05/2023,CXO,TX,ASW,CE,Federal Contract Tower,0,4,67,0,71,0,0,161,0,161,0,4,228,0,232,108,0,108,340
02/06/2023,CXO,TX,ASW,CE,Federal Contract Tower,0,2,71,4,77,0,2,120,0,122,0,4,191,4,199,128,0,128,327
02/07/2023,CXO,TX,ASW,CE,Federal Contract Tower,0,65,0,0,65,0,2,110,4,116,0,67,110,4,181,264,2,266,447
02/08/2023,CXO,TX,ASW,CE,Federal Contract Tower,0,5,23,0,28,0,2,4,0,6,0,7,27,0,34,0,0,0,34
02/09/2023,CXO,TX,ASW,CE,Federal Contract Tower,0,3,56,0,59,0,3,240,2,245,0,6,296,2,304,126,0,126,430
02/10/2023,CXO,TX,ASW,CE,Federal Contract Tower,0,5,72,2,79,0,0,200,7,207,0,5,272,9,286,72,18,90,376
02/11/2023,CXO,TX,ASW,CE,Federal Contract Tower,0,3,39,0,42,0,1,160,0,161,0,4,199,0,203,176,0,176,379
02/12/2023,CXO,TX,ASW,CE,Federal Contract Tower,0,3,41,0,44,0,3,224,4,231,0,6,265,4,275,146,0,146,421
02/13/2023,CXO,TX,ASW,CE,Federal Contract Tower,0,4,76,0,80,0,0,227,0,227,0,4,303,0,307,98,0,98,405
02/14/2023,CXO,TX,ASW,CE,Federal Contract Tower,0,2,41,0,43,0,2,66,0,68,0,4,107,0,111,46,0,46,157
02/15/2023,CXO,TX,ASW,CE,Federal Contract Tower,0,8,51,0,59,0,2,25,0,27,0,10,76,0,86,10,0,10,96
02/16/2023,CXO,TX,ASW,CE,Federal Contract Tower,0,9,57,0,66,0,5,145,0,150,0,14,202,0,216,160,0,160,376
02/17/2023,CXO,TX,ASW,CE,Federal Contract Tower,0,8,55,0,63,0,2,252,0,254,0,10,307,0,317,120,0,120,437
02/18/2023,CXO,TX,ASW,CE,Federal Contract Tower,0,5,76,0,81,0,0,268,0,268,0,5,344,0,349,212,0,212,561
02/19/2023,CXO,TX,ASW,CE,Federal Contract Tower,0,5,60,0,65,0,3,144,0,147,0,8,204,0,212,114,0,114,326
02/20/2023,CXO,TX,ASW,CE,Federal Contract Tower,0,3,70,0,73,0,0,91,0,91,0,3,161,0,164,92,0,92,256
02/21/2023,CXO,TX,ASW,CE,Federal Contract Tower,0,8,58,0,66,0,0,147,0,147,0,8,205,0,213,116,0,116,329
02/22/2023,CXO,TX,ASW,CE,Federal Contract Tower,0,6,60,4,70,0,4,112,9,125,0,10,172,13,195,70,4,74,269
02/23/2023,CXO,TX,ASW,CE,Federal Contract Tower,0,11,112,0,123,0,3,165,3,171,0,14,277,3,294,112,0,112,406
02/24/2023,CXO,TX,ASW,CE,Federal Contract Tower,0,7,70,0,77,0,2,85,0,87,0,9,155,0,164,132,0,132,296
02/25/2023,CXO,TX,ASW,CE,Federal Contract Tower,0,6,45,0,51,0,2,111,0,113,0,8,156,0,164,68,0,68,232
02/26/2023,CXO,TX,ASW,CE,Federal Contract Tower,0,12,47,1,60,0,0,63,0,63,0,12,110,1,123,120,0,120,243
02/27/2023,CXO,TX,ASW,CE,Federal Contract Tower,0,16,47,0,63,0,5,161,0,166,0,21,208,0,229,186,0,186,415
02/28/2023,CXO,TX,ASW,CE,Federal Contract Tower,0,4,67,0,71,0,2,206,0,208,0,6,273,0,279,72,0,72,351
03/01/2023,CXO,TX,ASW,CE,Federal Contract Tower,0,4,71,2,77,0,2,88,1,91,0,6,159,3,168,60,0,60,228
03/02/2023,CXO,TX,ASW,CE,Federal Contract Tower,0,6,57,2,65,0,0,43,2,45,0,6,100,4,110,32,2,34,144
03/03/2023,CXO,TX,ASW,CE,Federal Contract Tower,0,4,32,0,36,0,1,195,0,196,0,5,227,0,232,88,0,88,320
03/04/2023,CXO,TX,ASW,CE,Federal Contract Tower,0,2,39,0,41,0,6,296,0,302,0,8,335,0,343,192,0,192,535
03/05/2023,CXO,TX,ASW,CE,Federal Contract Tower,0,1,46,0,47,0,0,198,1,199,0,1,244,1,246,140,0,140,386
03/06/2023,CXO,TX,ASW,CE,Federal Contract Tower,0,5,81,4,90,0,2,105,6,113,0,7,186,10,203,94,0,94,297
03/07/2023,CXO,TX,ASW,CE,Federal Contract Tower,0,9,76,3,88,0,4,160,3,167,0,13,236,6,255,88,4,92,347
03/08/2023,CXO,TX,ASW,CE,Federal Contract Tower,0,4,67,0,71,0,5,223,3,231,0,9,290,3,302,126,0,126,428
03/09/2023,CXO,TX,ASW,CE,Federal Contract Tower,0,1,71,1,73,0,2,230,1,233,0,3,301,2,306,48,0,48,354
03/10/2023,CXO,TX,ASW,CE,Federal Contract Tower,0,7,70,8,85,0,2,76,0,78,0,9,146,8,163,52,0,52,215
03/11/2023,CXO,TX,ASW,CE,Federal Contract Tower,0,5,33,0,38,0,5,62,0,67,0,10,95,0,105,6,0,6,111
03/12/2023,CXO,TX,ASW,CE,Federal Contract Tower,0,2,44,0,46,0,0,61,0,61,0,2,105,0,107,66,0,66,173
03/13/2023,CXO,TX,ASW,CE,Federal Contract Tower,0,1,67,0,68,0,0,201,0,201,0,1,268,0,269,100,0,100,369
03/14/2023,CXO,TX,ASW,CE,Federal Contract Tower,0,0,80,4,84,0,0,269,1,270,0,0,349,5,354,100,0,100,454
03/15/2023,CXO,TX,ASW,CE,Federal Contract Tower,0,7,82,0,89,0,4,263,2,269,0,11,345,2,358,142,0,142,500
03/16/2023,CXO,TX,ASW,CE,Federal Contract Tower,0,10,35,9,54,0,0,36,1,37,0,10,71,10,91,42,4,46,137
03/17/2023,CXO,TX,ASW,CE,Federal Contract Tower,0,7,39,0,46,0,0,65,0,65,0,7,104,0,111,26,0,26,137
03/18/2023,CXO,TX,ASW,CE,Federal Contract Tower,0,4,50,0,54,0,0,167,0,167,0,4,217,0,221,120,0,120,341
03/19/2023,CXO,TX,ASW,CE,Federal Contract Tower,0,12,53,0,65,0,2,183,0,185,0,14,236,0,250,92,0,92,342
03/20/2023,CXO,TX,ASW,CE,Federal Contract Tower,0,6,65,0,71,0,5,201,2,208,0,11,266,2,279,152,2,154,433
03/21/2023,CXO,TX,ASW,CE,Federal Contract Tower,0,9,88,0,97,0,4,111,0,115,0,13,199,0,212,76,0,76,288
03/22/2023,CXO,TX,ASW,CE,Federal Contract Tower,0,0,72,0,72,0,2,121,2,125,0,2,193,2,197,78,0,78,275
03/23/2023,CXO,TX,ASW,CE,Federal Contract Tower,0,10,82,9,101,0,3,102,2,107,0,13,184,11,208,68,0,68,276
03/24/2023,CXO,TX,ASW,CE,Federal Contract Tower,0,12,58,0,70,0,2,93,2,97,0,14,151,2,167,190,10,200,367
03/25/2023,CXO,TX,ASW,CE,Federal Contract Tower,0,1,55,0,56,0,6,355,1,362,0,7,410,1,418,28,0,28,446
03/26/2023,CXO,TX,ASW,CE,Federal Contract Tower,0,2,52,0,54,0,0,9,0,9,0,2,61,0,63,0,0,0,63
03/27/2023,CXO,TX,ASW,CE,Federal Contract Tower,0,4,57,4,65,0,0,109,0,109,0,4,166,4,174,206,4,210,384
03/28/2023,CXO,TX,ASW,CE,Federal Contract Tower,0,4,54,0,58,0,5,214,4,223,0,9,268,4,281,88,2,90,371
03/29/2023,CXO,TX,ASW,CE,Federal Contract Tower,0,5,69,0,74,0,2,226,2,230,0,7,295,2,304,80,0,80,384
03/30/2023,CXO,TX,ASW,CE,Federal Contract Tower,0,9,54,0,63,0,1,16,0,17,0,10,70,0,80,0,0,0,80
03/31/2023,CXO,TX,ASW,CE,Federal Contract Tower,0,4,70,0,74,0,0,99,0,99,0,4,169,0,173,122,0,122,295
04/01/2023,CXO,TX,ASW,CE,Federal Contract Tower,0,6,47,0,53,0,0,247,1,248,0,6,294,1,301,116,0,116,417
04/02/2023,CXO,TX,ASW,CE,Federal Contract Tower,0,10,53,0,63,0,2,39,0,41,0,12,92,0,104,148,0,148,252
04/03/2023,CXO,TX,ASW,CE,Federal Contract Tower,0,3,82,0,85,0,1,114,1,116,0,4,196,1,201,200,0,200,401
04/04/2023,CXO,TX,ASW,CE,Federal Contract Tower,0,20,101,3,124,0,0,82,5,87,0,20,183,8,211,98,2,100,311
04/05/2023,CXO,TX,ASW,CE,Federal Contract Tower,0,7,46,0,53,0,0,18,0,18,0,7,64,0,71,66,0,66,137
04/06/2023,CXO,TX,ASW,CE,Federal Contract Tower,0,9,25,0,34,0,0,0,0,0,0,9,25,0,34,0,0,0,34
04/07/2023,CXO,TX,ASW,CE,Federal Contract Tower,0,3,14,0,17,0,0,0,0,0,0,3,14,0,17,0,0,0,17
04/08/2023,CXO,TX,ASW,CE,Federal Contract Tower,0,3,47,0,50,0,1,77,0,78,0,4,124,0,128,72,0,72,200
04/09/2023,CXO,TX,ASW,CE,Federal Contract Tower,0,5,48,0,53,0,0,101,0,101,0,5,149,0,154,274,0,274,428
04/10/2023,CXO,TX,ASW,CE,Federal Contract Tower,0,8,93,0,101,0,5,228,2,235,0,13,321,2,336,260,0,260,596
04/11/2023,CXO,TX,ASW,CE,Federal Contract Tower,0,8,89,0,97,0,5,328,2,335,0,13,417,2,432,172,0,172,604
04/12/2023,CXO,TX,ASW,CE,Federal Contract Tower,0,2,55,1,58,0,0,203,1,204,0,2,258,2,262,118,0,118,380
04/13/2023,CXO,TX,ASW,CE,Federal Contract Tower,0,3,83,0,86,0,1,287,2,290,0,4,370,2,376,132,0,132,508
04/14/2023,CXO,TX,ASW,CE,Federal Contract Tower,0,5,86,0,91,0,1,204,4,209,0,6,290,4,300,148,0,148,448
04/15/2023,CXO,TX,ASW,CE,Federal Contract Tower,0,2,44,0,46,0,2,119,2,123,0,4,163,2,169,156,10,166,335
04/16/2023,CXO,TX,ASW,CE,Federal Contract Tower,0,6,50,2,58,0,0,117,0,117,0,6,167,2,175,52,0,52,227
04/17/2023,CXO,TX,ASW,CE,Federal Contract Tower,0,7,77,0,84,0,0,159,0,159,0,7,236,0,243,212,0,212,455
04/18/2023,CXO,TX,ASW,CE,Federal Contract Tower,0,6,84,0,90,0,4,126,0,130,0,10,210,0,220,230,0,230,450
04/19/2023,CXO,TX,ASW,CE,Federal Contract Tower,0,4,62,0,66,0,0,107,0,107,0,4,169,0,173,174,0,174,347
04/20/2023,CXO,TX,ASW,CE,Federal Contract Tower,0,5,67,2,74,0,2,42,2,46,0,7,109,4,120,108,0,108,228
04/21/2023,CXO,TX,ASW,CE,Federal Contract Tower,0,6,72,0,78,0,4,197,1,202,0,10,269,1,280,214,0,214,494
04/22/2023,CXO,TX,ASW,CE,Federal Contract Tower,0,3,62,4,69,0,7,329,1,337,0,10,391,5,406,90,0,90,496
04/23/2023,CXO,TX,ASW,CE,Federal Contract Tower,0,6,33,0,39,0,2,49,0,51,0,8,82,0,90,68,0,68,158
04/24/2023,CXO,TX,ASW,CE,Federal Contract Tower,0,6,47,0,53,0,1,151,0,152,0,7,198,0,205,178,0,178,383
04/25/2023,CXO,TX,ASW,CE,Federal Contract Tower,0,3,61,0,64,0,3,147,4,154,0,6,208,4,218,182,8,190,408
04/26/2023,CXO,TX,ASW,CE,Federal Contract Tower,0,5,77,0,82,0,2,83,0,85,0,7,160,0,167,116,0,116,283
04/27/2023,CXO,TX,ASW,CE,Federal Contract Tower,0,6,75,0,81,0,0,98,2,100,0,6,173,2,181,214,0,214,395
04/28/2023,CXO,TX,ASW,CE,Federal Contract Tower,0,6,90,1,97,0,0,213,0,213,0,6,303,1,310,150,0,150,460
04/29/2023,CXO,TX,ASW,CE,Federal Contract Tower,0,1,45,0,46,0,4,66,1,71,0,5,111,1,117,60,0,60,177
04/30/2023,CXO,TX,ASW,CE,Federal Contract Tower,0,3,68,1,72,0,1,205,0,206,0,4,273,1,278,88,0,88,366
05/01/2023,CXO,TX,ASW,CE,Federal Contract Tower,0,3,72,0,75,0,3,224,2,229,0,6,296,2,304,156,0,156,460
05/02/2023,CXO,TX,ASW,CE,Federal Contract Tower,0,3,62,0,65,0,5,117,0,122,0,8,179,0,187,130,0,130,317
05/03/2023,CXO,TX,ASW,CE,Federal Contract Tower,0,4,67,0,71,0,0,173,0,173,0,4,240,0,244,180,0,180,424
05/04/2023,CXO,TX,ASW,CE,Federal Contract Tower,0,0,74,0,74,0,6,139,0,145,0,6,213,0,219,110,0,110,329
05/05/2023,CXO,TX,ASW,CE,Federal Contract Tower,0,3,75,0,78,0,0,105,0,105,0,3,180,0,183,120,0,120,303
05/06/2023,CXO,TX,ASW,CE,Federal Contract Tower,0,3,76,0,79,0,6,109,0,115,0,9,185,0,194,68,0,68,262
05/07/2023,CXO,TX,ASW,CE,Federal Contract Tower,0,4,26,0,30,0,1,18,0,19,0,5,44,0,49,14,0,14,63
05/08/2023,CXO,TX,ASW,CE,Federal Contract Tower,0,4,60,0,64,0,1,43,0,44,0,5,103,0,108,30,0,30,138
05/09/2023,CXO,TX,ASW,CE,Federal Contract Tower,0,1,39,0,40,0,8,29,2,39,0,9,68,2,79,64,4,68,147
05/10/2023,CXO,TX,ASW,CE,Federal Contract Tower,0,12,29,0,41,0,0,1,0,1,0,12,30,0,42,0,0,0,42
05/11/2023,CXO,TX,ASW,CE,Federal Contract Tower,0,11,83,0,94,0,1,165,0,166,0,12,248,0,260,126,0,126,386
05/12/2023,CXO,TX,ASW,CE,Federal Contract Tower,0,6,75,0,81,0,0,177,0,177,0,6,252,0,258,184,0,184,442
05/13/2023,CXO,TX,ASW,CE,Federal Contract Tower,0,7,7,0,14,0,0,15,0,15,0,7,22,0,29,12,0,12,41
05/14/2023,CXO,TX,ASW,CE,Federal Contract Tower,0,21,24,0,45,0,0,17,0,17,0,21,41,0,62,92,0,92,154
05/15/2023,CXO,TX,ASW,CE,Federal Contract Tower,0,5,56,0,61,0,0,85,0,85,0,5,141,0,146,78,0,78,224
05/16/2023,CXO,TX,ASW,CE,Federal Contract Tower,0,6,64,0,70,0,2,210,5,217,0,8,274,5,287,62,4,66,353
05/17/2023,CXO,TX,ASW,CE,Federal Contract Tower,0,2,59,1,62,0,0,194,0,194,0,2,253,1,256,302,0,302,558
05/18/2023,CXO,TX,ASW,CE,Federal Contract Tower,0,0,65,0,65,0,0,216,0,216,0,0,281,0,281,180,0,180,461
05/19/2023,CXO,TX,ASW,CE,Federal Contract Tower,0,2,68,0,70,0,0,223,2,225,0,2,291,2,295,146,2,148,443
05/20/2023,CXO,TX,ASW,CE,Federal Contract Tower,0,6,44,0,50,0,2,248,0,250,0,8,292,0,300,82,0,82,382
05/21/2023,CXO,TX,ASW,CE,Federal Contract Tower,0,4,53,0,57,0,0,64,0,64,0,4,117,0,121,126,0,126,247
05/23/2023,CXO,TX,ASW,CE,Federal Contract Tower,0,3,46,0,49,0,224,0,0,224,0,227,46,0,273,148,0,148,421
05/24/2023,CXO,TX,ASW,CE,Federal Contract Tower,0,5,73,0,78,0,0,163,0,163,0,5,236,0,241,118,0,118,359
05/25/2023,CXO,TX,ASW,CE,Federal Contract Tower,0,2,76,0,78,0,1,205,0,206,0,3,281,0,284,126,0,126,410
05/26/2023,CXO,TX,ASW,CE,Federal Contract Tower,0,4,58,0,62,0,2,211,1,214,0,6,269,1,276,114,0,114,390
05/27/2023,CXO,TX,ASW,CE,Federal Contract Tower,0,3,42,0,45,0,4,227,0,231,0,7,269,0,276,94,0,94,370
05/29/2023,CXO,TX,ASW,CE,Federal Contract Tower,0,6,50,0,56,0,0,149,0,149,0,6,199,0,205,114,0,114,319
05/30/2023,CXO,TX,ASW,CE,Federal Contract Tower,0,7,51,0,58,0,0,124,0,124,0,7,175,0,182,158,0,158,340
05/31/2023,CXO,TX,ASW,CE,Federal Contract Tower,0,0,65,1,66,0,1,180,0,181,0,1,245,1,247,132,0,132,379
06/01/2023,CXO,TX,ASW,CE,Federal Contract Tower,0,0,55,0,55,0,0,197,0,197,0,0,252,0,252,90,0,90,342
06/02/2023,CXO,TX,ASW,CE,Federal Contract Tower,0,5,56,0,61,0,0,185,0,185,0,5,241,0,246,110,0,110,356
06/03/2023,CXO,TX,ASW,CE,Federal Contract Tower,0,8,48,0,56,0,3,205,0,208,0,11,253,0,264,74,0,74,338
06/04/2023,CXO,TX,ASW,CE,Federal Contract Tower,0,5,46,0,51,0,2,70,0,72,0,7,116,0,123,84,0,84,207
06/05/2023,CXO,TX,ASW,CE,Federal Contract Tower,0,5,47,0,52,0,0,143,0,143,0,5,190,0,195,80,0,80,275
06/06/2023,CXO,TX,ASW,CE,Federal Contract Tower,0,3,74,0,77,0,4,153,0,157,0,7,227,0,234,56,0,56,290
06/07/2023,CXO,TX,ASW,CE,Federal Contract Tower,0,11,80,0,91,0,3,239,2,244,0,14,319,2,335,112,4,116,451
06/08/2023,CXO,TX,ASW,CE,Federal Contract Tower,0,9,65,0,74,0,1,114,0,115,0,10,179,0,189,84,0,84,273
06/09/2023,CXO,TX,ASW,CE,Federal Contract Tower,0,3,88,1,92,0,1,232,2,235,0,4,320,3,327,120,0,120,447
06/10/2023,CXO,TX,ASW,CE,Federal Contract Tower,0,4,54,0,58,0,0,173,0,173,0,4,227,0,231,92,0,92,323
06/11/2023,CXO,TX,ASW,CE,Federal Contract Tower,0,7,48,0,55,0,5,101,2,108,0,12,149,2,163,38,0,38,201
06/12/2023,CXO,TX,ASW,CE,Federal Contract Tower,0,8,95,0,103,0,0,194,0,194,0,8,289,0,297,90,0,90,387
06/13/2023,CXO,TX,ASW,CE,Federal Contract Tower,0,3,71,2,76,0,4,202,6,212,0,7,273,8,288,138,4,142,430
06/14/2023,CXO,TX,ASW,CE,Federal Contract Tower,0,6,81,1,88,0,3,138,0,141,0,9,219,1,229,172,2,174,403
06/15/2023,CXO,TX,ASW,CE,Federal Contract Tower,0,6,88,11,105,0,0,140,2,142,0,6,228,13,247,142,0,142,389
06/16/2023,CXO,TX,ASW,CE,Federal Contract Tower,0,10,75,2,87,0,5,168,0,173,0,15,243,2,260,134,0,134,394
06/17/2023,CXO,TX,ASW,CE,Federal Contract Tower,0,9,85,0,94,0,1,126,0,127,0,10,211,0,221,132,0,132,353
06/18/2023,CXO,TX,ASW,CE,Federal Contract Tower,0,4,37,0,41,0,2,90,0,92,0,6,127,0,133,84,0,84,217
06/19/2023,CXO,TX,ASW,CE,Federal Contract Tower,0,2,66,0,68,0,0,164,2,166,0,2,230,2,234,170,0,170,404
06/20/2023,CXO,TX,ASW,CE,Federal Contract Tower,0,6,79,2,87,0,2,175,0,177,0,8,254,2,264,130,0,130,394
06/21/2023,CXO,TX,ASW,CE,Federal Contract Tower,0,8,47,6,61,0,0,147,12,159,0,8,194,18,220,250,0,250,470
06/22/2023,CXO,TX,ASW,CE,Federal Contract Tower,0,6,64,7,77,0,0,152,4,156,0,6,216,11,233,160,6,166,399
06/23/2023,CXO,TX,ASW,CE,Federal Contract Tower,0,1,65,0,66,0,2,167,4,173,0,3,232,4,239,74,4,78,317
06/24/2023,CXO,TX,ASW,CE,Federal Contract Tower,0,0,57,0,57,0,0,145,8,153,0,0,202,8,210,168,16,184,394
06/25/2023,CXO,TX,ASW,CE,Federal Contract Tower,0,5,49,0,54,0,0,109,0,109,0,5,158,0,163,102,0,102,265
06/26/2023,CXO,TX,ASW,CE,Federal Contract Tower,0,4,68,4,76,0,3,186,0,189,0,7,254,4,265,132,0,132,397
06/27/2023,CXO,TX,ASW,CE,Federal Contract Tower,0,8,66,0,74,0,4,218,0,222,0,12,284,0,296,214,0,214,510
06/28/2023,CXO,TX,ASW,CE,Federal Contract Tower,0,4,81,0,85,0,0,130,0,130,0,4,211,0,215,266,0,266,481
06/29/2023,CXO,TX,ASW,CE,Federal Contract Tower,0,5,49,0,54,0,0,153,0,153,0,5,202,0,207,236,0,236,443
06/30/2023,CXO,TX,ASW,CE,Federal Contract Tower,0,8,89,2,99,0,5,218,1,224,0,13,307,3,323,104,0,104,427
07/01/2023,CXO,TX,ASW,CE,Federal Contract Tower,0,1,69,0,70,0,2,194,0,196,0,3,263,0,266,166,0,166,432
07/02/2023,CXO,TX,ASW,CE,Federal Contract Tower,0,3,37,0,40,0,0,145,3,148,0,3,182,3,188,102,0,102,290
07/03/2023,CXO,TX,ASW,CE,Federal Contract Tower,0,1,57,0,58,0,0,146,1,147,0,1,203,1,205,148,0,148,353
07/04/2023,CXO,TX,ASW,CE,Federal Contract Tower,0,1,43,0,44,0,4,80,1,85,0,5,123,1,129,142,0,142,271
07/05/2023,CXO,TX,ASW,CE,Federal Contract Tower,0,4,54,4,62,0,2,130,1,133,0,6,184,5,195,144,0,144,339
07/06/2023,CXO,TX,ASW,CE,Federal Contract Tower,0,5,45,0,50,0,0,73,0,73,0,5,118,0,123,220,0,220,343
07/07/2023,CXO,TX,ASW,CE,Federal Contract Tower,0,2,73,0,75,0,0,175,0,175,0,2,248,0,250,238,0,238,488
07/08/2023,CXO,TX,ASW,CE,Federal Contract Tower,0,8,62,0,70,0,2,166,0,168,0,10,228,0,238,154,0,154,392
07/09/2023,CXO,TX,ASW,CE,Federal Contract Tower,0,4,52,0,56,0,0,130,0,130,0,4,182,0,186,68,0,68,254
07/10/2023,CXO,TX,ASW,CE,Federal Contract Tower,0,1,82,0,83,0,0,173,0,173,0,1,255,0,256,90,0,90,346
07/11/2023,CXO,TX,ASW,CE,Federal Contract Tower,0,6,55,1,62,0,3,145,5,153,0,9,200,6,215,138,0,138,353
07/12/2023,CXO,TX,ASW,CE,Federal Contract Tower,0,9,57,0,66,0,4,134,1,139,0,13,191,1,205,182,0,182,387
07/13/2023,CXO,TX,ASW,CE,Federal Contract Tower,0,11,62,0,73,0,1,196,1,198,0,12,258,1,271,86,4,90,361
07/14/2023,CXO,TX,ASW,CE,Federal Contract Tower,0,8,76,3,87,0,2,200,0,202,0,10,276,3,289,164,0,164,453
07/15/2023,CXO,TX,ASW,CE,Federal Contract Tower,0,4,68,0,72,0,7,209,0,216,0,11,277,0,288,88,0,88,376
07/16/2023,CXO,TX,ASW,CE,Federal Contract Tower,0,9,40,1,50,0,2,214,0,216,0,11,254,1,266,118,0,118,384
07/17/2023,CXO,TX,ASW,CE,Federal Contract Tower,0,3,61,0,64,0,1,218,0,219,0,4,279,0,283,202,0,202,485
07/18/2023,CXO,TX,ASW,CE,Federal Contract Tower,0,3,63,2,68,0,5,186,0,191,0,8,249,2,259,150,0,150,409
07/19/2023,CXO,TX,ASW,CE,Federal Contract Tower,0,3,62,2,67,0,0,127,0,127,0,3,189,2,194,278,0,278,472
07/20/2023,CXO,TX,ASW,CE,Federal Contract Tower,0,2,52,0,54,0,0,228,0,228,0,2,280,0,282,186,0,186,468
07/21/2023,CXO,TX,ASW,CE,Federal Contract Tower,0,3,84,0,87,0,0,181,2,183,0,3,265,2,270,94,0,94,364
07/22/2023,CXO,TX,ASW,CE,Federal Contract Tower,0,1,72,5,78,0,4,172,0,176,0,5,244,5,254,114,0,114,368
07/23/2023,CXO,TX,ASW,CE,Federal Contract Tower,0,6,47,0,53,0,0,122,0,122,0,6,169,0,175,122,0,122,297
07/24/2023,CXO,TX,ASW,CE,Federal Contract Tower,0,3,84,1,88,0,0,220,2,222,0,3,304,3,310,164,0,164,474
07/25/2023,CXO,TX,ASW,CE,Federal Contract Tower,0,2,77,4,83,0,4,180,2,186,0,6,257,6,269,186,4,190,459
07/26/2023,CXO,TX,ASW,CE,Federal Contract Tower,0,4,64,2,70,0,0,121,4,125,0,4,185,6,195,192,2,194,389
07/27/2023,CXO,TX,ASW,CE,Federal Contract Tower,0,4,69,0,73,0,4,148,5,157,0,8,217,5,230,158,0,158,388
07/28/2023,CXO,TX,ASW,CE,Federal Contract Tower,0,2,64,0,66,0,4,250,2,256,0,6,314,2,322,78,0,78,400
07/29/2023,CXO,TX,ASW,CE,Federal Contract Tower,0,6,37,0,43,0,1,203,0,204,0,7,240,0,247,200,0,200,447
07/30/2023,CXO,TX,ASW,CE,Federal Contract Tower,0,7,44,0,51,0,2,113,0,115,0,9,157,0,166,96,0,96,262
07/31/2023,CXO,TX,ASW,CE,Federal Contract Tower,0,5,59,0,64,0,2,229,0,231,0,7,288,0,295,108,0,108,403
08/01/2023,CXO,TX,ASW,CE,Federal Contract Tower,0,6,74,0,80,0,0,296,2,298,0,6,370,2,378,112,0,112,490
08/02/2023,CXO,TX,ASW,CE,Federal Contract Tower,0,3,64,0,67,0,3,141,0,144,0,6,205,0,211,140,0,140,351
08/03/2023,CXO,TX,ASW,CE,Federal Contract Tower,0,7,53,0,60,0,1,165,2,168,0,8,218,2,228,184,0,184,412
08/04/2023,CXO,TX,ASW,CE,Federal Contract Tower,0,3,71,0,74,0,0,224,0,224,0,3,295,0,298,176,0,176,474
08/05/2023,CXO,TX,ASW,CE,Federal Contract Tower,0,5,76,0,81,0,2,138,0,140,0,7,214,0,221,102,0,102,323
08/06/2023,CXO,TX,ASW,CE,Federal Contract Tower,0,9,61,0,70,0,4,122,0,126,0,13,183,0,196,126,0,126,322
08/07/2023,CXO,TX,ASW,CE,Federal Contract Tower,0,0,57,0,57,0,2,166,0,168,0,2,223,0,225,196,0,196,421
08/08/2023,CXO,TX,ASW,CE,Federal Contract Tower,0,5,86,0,91,0,2,150,2,154,0,7,236,2,245,112,0,112,357
08/09/2023,CXO,TX,ASW,CE,Federal Contract Tower,0,2,59,2,63,0,0,131,0,131,0,2,190,2,194,108,0,108,302
08/10/2023,CXO,TX,ASW,CE,Federal Contract Tower,0,0,81,0,81,0,2,145,0,147,0,2,226,0,228,96,0,96,324
08/11/2023,CXO,TX,ASW,CE,Federal Contract Tower,0,1,64,2,67,0,3,166,0,169,0,4,230,2,236,186,0,186,422
08/12/2023,CXO,TX,ASW,CE,Federal Contract Tower,0,2,55,0,57,0,2,144,0,146,0,4,199,0,203,146,0,146,349
08/13/2023,CXO,TX,ASW,CE,Federal Contract Tower,0,2,46,0,48,0,1,114,0,115,0,3,160,0,163,130,0,130,293
08/14/2023,CXO,TX,ASW,CE,Federal Contract Tower,0,2,59,0,61,0,5,154,2,161,0,7,213,2,222,84,0,84,306
08/15/2023,CXO,TX,ASW,CE,Federal Contract Tower,0,5,52,0,57,0,2,199,2,203,0,7,251,2,260,210,0,210,470
08/16/2023,CXO,TX,ASW,CE,Federal Contract Tower,0,6,62,0,68,0,2,202,0,204,0,8,264,0,272,212,0,212,484
08/17/2023,CXO,TX,ASW,CE,Federal Contract Tower,0,3,61,0,64,0,1,174,0,175,0,4,235,0,239,228,0,228,467
08/18/2023,CXO,TX,ASW,CE,Federal Contract Tower,0,4,79,0,83,0,2,202,0,204,0,6,281,0,287,210,0,210,497
08/19/2023,CXO,TX,ASW,CE,Federal Contract Tower,0,1,31,0,32,0,2,149,0,151,0,3,180,0,183,116,0,116,299
08/20/2023,CXO,TX,ASW,CE,Federal Contract Tower,0,5,45,0,50,0,5,136,0,141,0,10,181,0,191,128,0,128,319
08/21/2023,CXO,TX,ASW,CE,Federal Contract Tower,0,9,93,2,104,0,2,179,0,181,0,11,272,2,285,234,0,234,519
08/22/2023,CXO,TX,ASW,CE,Federal Contract Tower,0,6,43,0,49,0,3,176,2,181,0,9,219,2,230,114,0,114,344
08/23/2023,CXO,TX,ASW,CE,Federal Contract Tower,0,4,75,2,81,0,4,166,0,170,0,8,241,2,251,142,0,142,393
08/24/2023,CXO,TX,ASW,CE,Federal Contract Tower,0,9,64,2,75,0,1,192,0,193,0,10,256,2,268,140,0,140,408
08/25/2023,CXO,TX,ASW,CE,Federal Contract Tower,0,4,72,0,76,0,2,264,0,266,0,6,336,0,342,226,0,226,568
08/26/2023,CXO,TX,ASW,CE,Federal Contract Tower,0,0,34,0,34,0,2,139,0,141,0,2,173,0,175,168,0,168,343
08/27/2023,CXO,TX,ASW,CE,Federal Contract Tower,0,1,38,0,39,0,0,153,0,153,0,1,191,0,192,124,0,124,316
08/28/2023,CXO,TX,ASW,CE,Federal Contract Tower,0,1,60,0,61,0,2,155,0,157,0,3,215,0,218,284,0,284,502
08/29/2023,CXO,TX,ASW,CE,Federal Contract Tower,0,1,66,0,67,0,5,222,2,229,0,6,288,2,296,204,0,204,500
08/30/2023,CXO,TX,ASW,CE,Federal Contract Tower,0,6,61,2,69,0,2,159,4,165,0,8,220,6,234,182,12,194,428
08/31/2023,CXO,TX,ASW,CE,Federal Contract Tower,0,2,61,3,66,0,7,156,2,165,0,9,217,5,231,336,0,336,567
