01/01/2020,CYS,WY,ANM,WE,Federal Contract Tower,2,0,6,0,8,0,0,0,0,0,2,0,6,0,8,8,0,8,16
01/02/2020,CYS,WY,ANM,WE,Federal Contract Tower,2,2,17,0,21,0,0,2,0,2,2,2,19,0,23,26,1,27,50
01/03/2020,CYS,WY,ANM,WE,Federal Contract Tower,3,3,7,1,14,0,0,4,0,4,3,3,11,1,18,37,24,61,79
01/04/2020,CYS,WY,ANM,WE,Federal Contract Tower,2,2,4,0,8,0,0,0,0,0,2,2,4,0,8,1,0,1,9
01/05/2020,CYS,WY,ANM,WE,Federal Contract Tower,2,1,14,0,17,0,0,11,0,11,2,1,25,0,28,37,0,37,65
01/06/2020,CYS,WY,ANM,WE,Federal Contract Tower,4,3,4,0,11,0,0,8,0,8,4,3,12,0,19,2,2,4,23
01/07/2020,CYS,WY,ANM,WE,Federal Contract Tower,2,4,13,6,25,0,0,0,0,0,2,4,13,6,25,11,60,71,96
01/08/2020,CYS,WY,ANM,WE,Federal Contract Tower,4,3,26,9,42,0,0,2,0,2,4,3,28,9,44,77,80,157,201
01/09/2020,CYS,WY,ANM,WE,Federal Contract Tower,4,5,19,7,35,0,0,4,0,4,4,5,23,7,39,20,35,55,94
01/10/2020,CYS,WY,ANM,WE,Federal Contract Tower,2,2,9,7,20,0,0,3,2,5,2,2,12,9,25,29,11,40,65
01/11/2020,CYS,WY,ANM,WE,Federal Contract Tower,2,2,2,0,6,0,0,0,0,0,2,2,2,0,6,61,10,71,77
01/12/2020,CYS,WY,ANM,WE,Federal Contract Tower,2,0,6,1,9,0,0,5,1,6,2,0,11,2,15,39,10,49,64
01/13/2020,CYS,WY,ANM,WE,Federal Contract Tower,2,2,11,7,22,0,0,0,0,0,2,2,11,7,22,20,39,59,81
01/14/2020,CYS,WY,ANM,WE,Federal Contract Tower,2,5,15,1,23,0,0,22,5,27,2,5,37,6,50,24,18,42,92
01/15/2020,CYS,WY,ANM,WE,Federal Contract Tower,2,8,13,6,29,0,0,4,0,4,2,8,17,6,33,21,24,45,78
01/16/2020,CYS,WY,ANM,WE,Federal Contract Tower,2,2,20,1,25,0,0,0,0,0,2,2,20,1,25,111,16,127,152
01/17/2020,CYS,WY,ANM,WE,Federal Contract Tower,2,2,12,3,19,0,0,3,2,5,2,2,15,5,24,44,7,51,75
01/18/2020,CYS,WY,ANM,WE,Federal Contract Tower,2,2,1,0,5,0,0,6,0,6,2,2,7,0,11,59,0,59,70
01/19/2020,CYS,WY,ANM,WE,Federal Contract Tower,2,0,8,0,10,0,0,8,0,8,2,0,16,0,18,81,0,81,99
01/20/2020,CYS,WY,ANM,WE,Federal Contract Tower,2,3,26,2,33,0,0,20,0,20,2,3,46,2,53,88,2,90,143
01/21/2020,CYS,WY,ANM,WE,Federal Contract Tower,2,3,18,4,27,0,0,2,1,3,2,3,20,5,30,125,93,218,248
01/22/2020,CYS,WY,ANM,WE,Federal Contract Tower,2,6,8,8,24,0,0,3,0,3,2,6,11,8,27,45,69,114,141
01/23/2020,CYS,WY,ANM,WE,Federal Contract Tower,2,2,15,2,21,0,0,1,0,1,2,2,16,2,22,79,102,181,203
01/24/2020,CYS,WY,ANM,WE,Federal Contract Tower,2,2,15,15,34,0,0,14,9,23,2,2,29,24,57,40,7,47,104
01/25/2020,CYS,WY,ANM,WE,Federal Contract Tower,2,2,17,15,36,0,0,0,0,0,2,2,17,15,36,66,17,83,119
01/26/2020,CYS,WY,ANM,WE,Federal Contract Tower,2,0,12,11,25,0,0,21,0,21,2,0,33,11,46,12,0,12,58
01/27/2020,CYS,WY,ANM,WE,Federal Contract Tower,2,2,12,9,25,0,0,3,3,6,2,2,15,12,31,20,20,40,71
01/28/2020,CYS,WY,ANM,WE,Federal Contract Tower,2,3,19,6,30,0,0,10,0,10,2,3,29,6,40,49,81,130,170
01/29/2020,CYS,WY,ANM,WE,Federal Contract Tower,2,6,11,9,28,0,0,0,0,0,2,6,11,9,28,20,48,68,96
01/30/2020,CYS,WY,ANM,WE,Federal Contract Tower,2,2,23,0,27,0,0,0,0,0,2,2,23,0,27,17,4,21,48
01/31/2020,CYS,WY,ANM,WE,Federal Contract Tower,2,2,8,1,13,0,0,0,0,0,2,2,8,1,13,46,6,52,65
02/01/2020,CYS,WY,ANM,WE,Federal Contract Tower,2,0,10,0,12,0,0,0,0,0,2,0,10,0,12,22,0,22,34
02/02/2020,CYS,WY,ANM,WE,Federal Contract Tower,2,0,14,1,17,0,0,8,0,8,2,0,22,1,25,44,0,44,69
02/03/2020,CYS,WY,ANM,WE,Federal Contract Tower,0,0,0,0,0,0,0,0,0,0,0,0,0,0,0,0,0,0,0
02/04/2020,CYS,WY,ANM,WE,Federal Contract Tower,0,0,0,0,0,0,0,0,40,40,0,0,0,40,40,0,0,0,40
02/05/2020,CYS,WY,ANM,WE,Federal Contract Tower,2,2,9,4,17,0,0,1,0,1,2,2,10,4,18,38,19,57,75
02/06/2020,CYS,WY,ANM,WE,Federal Contract Tower,2,2,17,3,24,0,0,0,0,0,2,2,17,3,24,3,3,6,30
02/07/2020,CYS,WY,ANM,WE,Federal Contract Tower,2,2,6,5,15,0,0,0,0,0,2,2,6,5,15,2,6,8,23
02/08/2020,CYS,WY,ANM,WE,Federal Contract Tower,2,2,9,2,15,0,0,16,0,16,2,2,25,2,31,5,3,8,39
02/09/2020,CYS,WY,ANM,WE,Federal Contract Tower,2,2,3,3,10,0,0,0,0,0,2,2,3,3,10,0,0,0,10
02/10/2020,CYS,WY,ANM,WE,Federal Contract Tower,2,2,10,10,24,0,0,7,14,21,2,2,17,24,45,24,66,90,135
02/11/2020,CYS,WY,ANM,WE,Federal Contract Tower,2,3,19,6,30,0,0,2,0,2,2,3,21,6,32,22,50,72,104
02/12/2020,CYS,WY,ANM,WE,Federal Contract Tower,2,1,9,2,14,0,0,2,6,8,2,1,11,8,22,0,22,22,44
02/13/2020,CYS,WY,ANM,WE,Federal Contract Tower,2,4,20,5,31,0,0,0,0,0,2,4,20,5,31,10,22,32,63
02/14/2020,CYS,WY,ANM,WE,Federal Contract Tower,2,2,2,0,6,0,0,2,0,2,2,2,4,0,8,56,9,65,73
02/15/2020,CYS,WY,ANM,WE,Federal Contract Tower,2,2,3,0,7,0,0,2,0,2,2,2,5,0,9,44,0,44,53
02/16/2020,CYS,WY,ANM,WE,Federal Contract Tower,2,2,13,0,17,0,0,9,0,9,2,2,22,0,26,21,0,21,47
02/17/2020,CYS,WY,ANM,WE,Federal Contract Tower,2,2,15,0,19,0,0,3,0,3,2,2,18,0,22,22,0,22,44
02/18/2020,CYS,WY,ANM,WE,Federal Contract Tower,2,2,34,5,43,0,0,8,2,10,2,2,42,7,53,133,57,190,243
02/19/2020,CYS,WY,ANM,WE,Federal Contract Tower,2,2,10,3,17,0,0,0,0,0,2,2,10,3,17,0,28,28,45
02/20/2020,CYS,WY,ANM,WE,Federal Contract Tower,2,2,30,7,41,0,0,26,1,27,2,2,56,8,68,104,33,137,205
02/21/2020,CYS,WY,ANM,WE,Federal Contract Tower,2,2,22,2,28,0,0,11,8,19,2,2,33,10,47,69,31,100,147
02/22/2020,CYS,WY,ANM,WE,Federal Contract Tower,2,2,13,0,17,0,0,10,0,10,2,2,23,0,27,35,0,35,62
02/23/2020,CYS,WY,ANM,WE,Federal Contract Tower,2,0,10,0,12,0,0,0,0,0,2,0,10,0,12,40,0,40,52
02/24/2020,CYS,WY,ANM,WE,Federal Contract Tower,4,6,6,0,16,0,0,1,0,1,4,6,7,0,17,40,4,44,61
02/25/2020,CYS,WY,ANM,WE,Federal Contract Tower,0,2,7,14,23,0,0,0,0,0,0,2,7,14,23,4,69,73,96
02/26/2020,CYS,WY,ANM,WE,Federal Contract Tower,2,1,11,6,20,0,0,4,0,4,2,1,15,6,24,46,79,125,149
02/27/2020,CYS,WY,ANM,WE,Federal Contract Tower,2,4,24,1,31,0,0,8,0,8,2,4,32,1,39,87,76,163,202
02/28/2020,CYS,WY,ANM,WE,Federal Contract Tower,2,1,19,7,29,0,0,1,4,5,2,1,20,11,34,120,8,128,162
02/29/2020,CYS,WY,ANM,WE,Federal Contract Tower,2,4,10,0,16,0,0,8,0,8,2,4,18,0,24,102,0,102,126
03/01/2020,CYS,WY,ANM,WE,Federal Contract Tower,2,1,2,0,5,0,0,0,0,0,2,1,2,0,5,0,7,7,12
03/02/2020,CYS,WY,ANM,WE,Federal Contract Tower,2,2,17,12,33,0,0,0,1,1,2,2,17,13,34,16,43,59,93
03/03/2020,CYS,WY,ANM,WE,Federal Contract Tower,2,2,10,1,15,0,0,3,0,3,2,2,13,1,18,29,28,57,75
03/04/2020,CYS,WY,ANM,WE,Federal Contract Tower,4,2,18,3,27,0,0,0,0,0,4,2,18,3,27,41,28,69,96
03/05/2020,CYS,WY,ANM,WE,Federal Contract Tower,0,5,31,2,38,0,0,20,1,21,0,5,51,3,59,123,32,155,214
03/06/2020,CYS,WY,ANM,WE,Federal Contract Tower,2,2,19,7,30,0,0,34,0,34,2,2,53,7,64,98,70,168,232
03/07/2020,CYS,WY,ANM,WE,Federal Contract Tower,3,2,21,4,30,0,0,0,0,0,3,2,21,4,30,106,31,137,167
03/08/2020,CYS,WY,ANM,WE,Federal Contract Tower,1,0,11,0,12,0,0,13,3,16,1,0,24,3,28,29,16,45,73
03/09/2020,CYS,WY,ANM,WE,Federal Contract Tower,1,2,20,10,33,0,0,0,0,0,1,2,20,10,33,39,18,57,90
03/10/2020,CYS,WY,ANM,WE,Federal Contract Tower,1,2,15,7,25,0,0,2,2,4,1,2,17,9,29,88,29,117,146
03/11/2020,CYS,WY,ANM,WE,Federal Contract Tower,2,2,14,6,24,0,0,6,0,6,2,2,20,6,30,10,88,98,128
03/12/2020,CYS,WY,ANM,WE,Federal Contract Tower,4,2,28,1,35,0,0,0,0,0,4,2,28,1,35,25,49,74,109
03/13/2020,CYS,WY,ANM,WE,Federal Contract Tower,1,1,5,0,7,0,0,0,0,0,1,1,5,0,7,1,0,1,8
03/14/2020,CYS,WY,ANM,WE,Federal Contract Tower,0,1,2,0,3,0,0,0,0,0,0,1,2,0,3,0,0,0,3
03/15/2020,CYS,WY,ANM,WE,Federal Contract Tower,0,0,5,0,5,0,0,0,0,0,0,0,5,0,5,11,0,11,16
03/16/2020,CYS,WY,ANM,WE,Federal Contract Tower,2,6,18,0,26,0,0,8,0,8,2,6,26,0,34,59,2,61,95
03/17/2020,CYS,WY,ANM,WE,Federal Contract Tower,2,2,8,2,14,0,0,0,0,0,2,2,8,2,14,1,7,8,22
03/18/2020,CYS,WY,ANM,WE,Federal Contract Tower,2,2,16,8,28,0,0,0,0,0,2,2,16,8,28,72,8,80,108
03/19/2020,CYS,WY,ANM,WE,Federal Contract Tower,1,0,0,0,1,0,0,0,0,0,1,0,0,0,1,0,0,0,1
03/20/2020,CYS,WY,ANM,WE,Federal Contract Tower,4,0,4,0,8,0,0,0,0,0,4,0,4,0,8,1,0,1,9
03/21/2020,CYS,WY,ANM,WE,Federal Contract Tower,1,9,9,0,19,0,0,22,0,22,1,9,31,0,41,82,2,84,125
03/22/2020,CYS,WY,ANM,WE,Federal Contract Tower,1,0,7,0,8,0,0,4,0,4,1,0,11,0,12,40,0,40,52
03/23/2020,CYS,WY,ANM,WE,Federal Contract Tower,2,2,18,3,25,0,0,1,0,1,2,2,19,3,26,77,54,131,157
03/24/2020,CYS,WY,ANM,WE,Federal Contract Tower,1,2,0,4,7,0,0,6,1,7,1,2,6,5,14,11,8,19,33
03/25/2020,CYS,WY,ANM,WE,Federal Contract Tower,2,2,7,8,19,0,0,2,0,2,2,2,9,8,21,18,41,59,80
03/26/2020,CYS,WY,ANM,WE,Federal Contract Tower,2,2,3,1,8,0,0,9,0,9,2,2,12,1,17,18,9,27,44
03/27/2020,CYS,WY,ANM,WE,Federal Contract Tower,2,2,1,0,5,0,0,0,0,0,2,2,1,0,5,0,0,0,5
03/28/2020,CYS,WY,ANM,WE,Federal Contract Tower,2,2,2,0,6,0,0,1,0,1,2,2,3,0,7,6,0,6,13
03/29/2020,CYS,WY,ANM,WE,Federal Contract Tower,1,0,11,0,12,0,0,3,0,3,1,0,14,0,15,41,0,41,56
03/30/2020,CYS,WY,ANM,WE,Federal Contract Tower,0,2,1,6,9,0,0,2,0,2,0,2,3,6,11,27,50,77,88
03/31/2020,CYS,WY,ANM,WE,Federal Contract Tower,2,2,4,3,11,0,0,0,0,0,2,2,4,3,11,25,19,44,55
04/01/2020,CYS,WY,ANM,WE,Federal Contract Tower,0,4,10,12,26,0,0,8,5,13,0,4,18,17,39,39,67,106,145
04/02/2020,CYS,WY,ANM,WE,Federal Contract Tower,0,2,0,0,2,0,0,0,1,1,0,2,0,1,3,0,29,29,32
04/03/2020,CYS,WY,ANM,WE,Federal Contract Tower,0,2,8,2,12,0,0,17,19,36,0,2,25,21,48,31,58,89,137
04/04/2020,CYS,WY,ANM,WE,Federal Contract Tower,0,1,2,5,8,0,0,6,0,6,0,1,8,5,14,20,0,20,34
04/05/2020,CYS,WY,ANM,WE,Federal Contract Tower,1,0,14,0,15,0,0,3,0,3,1,0,17,0,18,36,0,36,54
04/07/2020,CYS,WY,ANM,WE,Federal Contract Tower,0,2,7,4,13,0,0,0,0,0,0,2,7,4,13,87,27,114,127
04/08/2020,CYS,WY,ANM,WE,Federal Contract Tower,0,2,16,0,18,0,0,3,0,3,0,2,19,0,21,45,27,72,93
04/09/2020,CYS,WY,ANM,WE,Federal Contract Tower,0,2,13,2,17,0,0,0,0,0,0,2,13,2,17,55,23,78,95
04/10/2020,CYS,WY,ANM,WE,Federal Contract Tower,0,2,16,0,18,0,0,0,0,0,0,2,16,0,18,27,33,60,78
04/11/2020,CYS,WY,ANM,WE,Federal Contract Tower,0,2,8,0,10,0,0,3,1,4,0,2,11,1,14,4,18,22,36
04/12/2020,CYS,WY,ANM,WE,Federal Contract Tower,0,0,0,0,0,0,0,0,0,0,0,0,0,0,0,0,0,0,0
04/13/2020,CYS,WY,ANM,WE,Federal Contract Tower,0,2,3,7,12,0,0,0,0,0,0,2,3,7,12,1,4,5,17
04/14/2020,CYS,WY,ANM,WE,Federal Contract Tower,0,2,3,8,13,0,0,10,1,11,0,2,13,9,24,4,15,19,43
04/15/2020,CYS,WY,ANM,WE,Federal Contract Tower,0,4,5,5,14,0,0,3,0,3,0,4,8,5,17,16,12,28,45
04/16/2020,CYS,WY,ANM,WE,Federal Contract Tower,0,2,1,2,5,0,0,0,0,0,0,2,1,2,5,0,0,0,5
04/17/2020,CYS,WY,ANM,WE,Federal Contract Tower,0,2,2,3,7,0,0,0,0,0,0,2,2,3,7,19,22,41,48
04/18/2020,CYS,WY,ANM,WE,Federal Contract Tower,0,0,4,0,4,0,0,0,0,0,0,0,4,0,4,57,1,58,62
04/19/2020,CYS,WY,ANM,WE,Federal Contract Tower,0,0,2,0,2,0,0,0,0,0,0,0,2,0,2,63,0,63,65
04/20/2020,CYS,WY,ANM,WE,Federal Contract Tower,0,2,7,7,16,0,1,1,0,2,0,3,8,7,18,24,26,50,68
04/21/2020,CYS,WY,ANM,WE,Federal Contract Tower,0,2,9,6,17,0,0,1,0,1,0,2,10,6,18,84,38,122,140
04/22/2020,CYS,WY,ANM,WE,Federal Contract Tower,0,2,6,2,10,0,0,19,3,22,0,2,25,5,32,8,51,59,91
04/23/2020,CYS,WY,ANM,WE,Federal Contract Tower,0,2,3,3,8,0,0,4,0,4,0,2,7,3,12,6,24,30,42
04/24/2020,CYS,WY,ANM,WE,Federal Contract Tower,0,2,8,1,11,0,0,0,1,1,0,2,8,2,12,0,94,94,106
04/25/2020,CYS,WY,ANM,WE,Federal Contract Tower,0,2,8,0,10,0,0,19,1,20,0,2,27,1,30,37,10,47,77
04/26/2020,CYS,WY,ANM,WE,Federal Contract Tower,0,0,5,2,7,0,0,14,0,14,0,0,19,2,21,23,0,23,44
04/27/2020,CYS,WY,ANM,WE,Federal Contract Tower,0,2,17,6,25,0,0,10,0,10,0,2,27,6,35,49,52,101,136
04/28/2020,CYS,WY,ANM,WE,Federal Contract Tower,0,2,4,5,11,0,0,2,0,2,0,2,6,5,13,17,11,28,41
04/29/2020,CYS,WY,ANM,WE,Federal Contract Tower,0,4,6,15,25,0,0,28,0,28,0,4,34,15,53,46,28,74,127
04/30/2020,CYS,WY,ANM,WE,Federal Contract Tower,0,2,6,0,8,0,0,1,0,1,0,2,7,0,9,26,8,34,43
05/01/2020,CYS,WY,ANM,WE,Federal Contract Tower,0,2,6,0,8,0,0,4,0,4,0,2,10,0,12,30,10,40,52
05/02/2020,CYS,WY,ANM,WE,Federal Contract Tower,0,2,6,0,8,0,0,0,0,0,0,2,6,0,8,1,0,1,9
05/03/2020,CYS,WY,ANM,WE,Federal Contract Tower,0,0,0,0,0,0,0,0,0,0,0,0,0,0,0,40,0,40,40
05/04/2020,CYS,WY,ANM,WE,Federal Contract Tower,0,2,7,8,17,0,0,0,0,0,0,2,7,8,17,7,74,81,98
05/05/2020,CYS,WY,ANM,WE,Federal Contract Tower,0,2,16,3,21,0,0,0,0,0,0,2,16,3,21,55,44,99,120
05/06/2020,CYS,WY,ANM,WE,Federal Contract Tower,0,2,13,0,15,0,0,0,0,0,0,2,13,0,15,45,13,58,73
05/07/2020,CYS,WY,ANM,WE,Federal Contract Tower,0,2,7,1,10,0,0,13,4,17,0,2,20,5,27,0,5,5,32
05/08/2020,CYS,WY,ANM,WE,Federal Contract Tower,0,4,15,1,20,0,0,32,0,32,0,4,47,1,52,74,5,79,131
05/09/2020,CYS,WY,ANM,WE,Federal Contract Tower,0,0,1,0,1,0,0,0,0,0,0,0,1,0,1,2,0,2,3
05/10/2020,CYS,WY,ANM,WE,Federal Contract Tower,0,0,12,0,12,0,0,21,1,22,0,0,33,1,34,65,0,65,99
05/11/2020,CYS,WY,ANM,WE,Federal Contract Tower,0,2,9,1,12,0,0,4,0,4,0,2,13,1,16,1,62,63,79
05/12/2020,CYS,WY,ANM,WE,Federal Contract Tower,0,2,16,5,23,0,0,0,0,0,0,2,16,5,23,5,12,17,40
05/13/2020,CYS,WY,ANM,WE,Federal Contract Tower,0,2,10,5,17,6,1,10,0,17,6,3,20,5,34,40,21,61,95
05/14/2020,CYS,WY,ANM,WE,Federal Contract Tower,0,4,15,6,25,0,0,0,2,2,0,4,15,8,27,46,55,101,128
05/15/2020,CYS,WY,ANM,WE,Federal Contract Tower,0,1,12,0,13,0,0,19,0,19,0,1,31,0,32,10,6,16,48
05/16/2020,CYS,WY,ANM,WE,Federal Contract Tower,0,2,6,0,8,0,0,19,0,19,0,2,25,0,27,26,12,38,65
05/17/2020,CYS,WY,ANM,WE,Federal Contract Tower,0,0,7,0,7,0,0,17,0,17,0,0,24,0,24,31,0,31,55
05/18/2020,CYS,WY,ANM,WE,Federal Contract Tower,0,2,6,2,10,0,0,6,0,6,0,2,12,2,16,21,42,63,79
05/19/2020,CYS,WY,ANM,WE,Federal Contract Tower,0,2,7,2,11,0,0,4,0,4,0,2,11,2,15,34,9,43,58
05/20/2020,CYS,WY,ANM,WE,Federal Contract Tower,0,2,9,3,14,0,0,0,0,0,0,2,9,3,14,25,14,39,53
05/21/2020,CYS,WY,ANM,WE,Federal Contract Tower,0,2,16,4,22,0,0,2,0,2,0,2,18,4,24,43,3,46,70
05/22/2020,CYS,WY,ANM,WE,Federal Contract Tower,0,2,7,2,11,0,0,29,1,30,0,2,36,3,41,58,31,89,130
05/23/2020,CYS,WY,ANM,WE,Federal Contract Tower,0,2,9,0,11,0,0,15,0,15,0,2,24,0,26,26,0,26,52
05/24/2020,CYS,WY,ANM,WE,Federal Contract Tower,0,0,2,0,2,0,0,4,0,4,0,0,6,0,6,2,0,2,8
05/25/2020,CYS,WY,ANM,WE,Federal Contract Tower,0,0,5,5,10,0,0,26,0,26,0,0,31,5,36,46,71,117,153
05/26/2020,CYS,WY,ANM,WE,Federal Contract Tower,0,2,9,4,15,0,0,26,7,33,0,2,35,11,48,57,44,101,149
05/27/2020,CYS,WY,ANM,WE,Federal Contract Tower,0,2,13,4,19,0,0,2,2,4,0,2,15,6,23,27,11,38,61
05/28/2020,CYS,WY,ANM,WE,Federal Contract Tower,0,4,29,21,54,0,0,1,0,1,0,4,30,21,55,31,45,76,131
05/29/2020,CYS,WY,ANM,WE,Federal Contract Tower,0,4,10,0,14,0,0,9,0,9,0,4,19,0,23,67,24,91,114
05/30/2020,CYS,WY,ANM,WE,Federal Contract Tower,0,0,20,0,20,0,0,33,0,33,0,0,53,0,53,66,2,68,121
05/31/2020,CYS,WY,ANM,WE,Federal Contract Tower,0,0,2,1,3,0,0,24,0,24,0,0,26,1,27,6,8,14,41
06/01/2020,CYS,WY,ANM,WE,Federal Contract Tower,0,2,21,2,25,0,0,7,0,7,0,2,28,2,32,22,52,74,106
06/02/2020,CYS,WY,ANM,WE,Federal Contract Tower,0,2,4,3,9,0,0,6,3,9,0,2,10,6,18,20,8,28,46
06/03/2020,CYS,WY,ANM,WE,Federal Contract Tower,0,2,15,2,19,0,0,0,0,0,0,2,15,2,19,7,3,10,29
06/04/2020,CYS,WY,ANM,WE,Federal Contract Tower,0,2,18,0,20,0,0,11,0,11,0,2,29,0,31,44,5,49,80
06/05/2020,CYS,WY,ANM,WE,Federal Contract Tower,0,2,14,0,16,0,0,0,0,0,0,2,14,0,16,37,27,64,80
06/06/2020,CYS,WY,ANM,WE,Federal Contract Tower,0,8,7,0,15,0,0,5,0,5,0,8,12,0,20,0,0,0,20
06/07/2020,CYS,WY,ANM,WE,Federal Contract Tower,0,0,26,1,27,0,0,16,0,16,0,0,42,1,43,26,0,26,69
06/08/2020,CYS,WY,ANM,WE,Federal Contract Tower,0,2,12,1,15,0,0,7,0,7,0,2,19,1,22,28,24,52,74
06/09/2020,CYS,WY,ANM,WE,Federal Contract Tower,0,2,12,4,18,0,0,0,0,0,0,2,12,4,18,19,7,26,44
06/10/2020,CYS,WY,ANM,WE,Federal Contract Tower,0,2,28,6,36,0,0,5,0,5,0,2,33,6,41,66,84,150,191
06/11/2020,CYS,WY,ANM,WE,Federal Contract Tower,0,4,34,5,43,0,0,18,0,18,0,4,52,5,61,88,51,139,200
06/12/2020,CYS,WY,ANM,WE,Federal Contract Tower,0,2,31,5,38,0,0,20,0,20,0,2,51,5,58,49,60,109,167
06/13/2020,CYS,WY,ANM,WE,Federal Contract Tower,0,0,23,0,23,0,0,5,0,5,0,0,28,0,28,10,0,10,38
06/14/2020,CYS,WY,ANM,WE,Federal Contract Tower,0,0,3,0,3,0,0,10,0,10,0,0,13,0,13,34,5,39,52
06/15/2020,CYS,WY,ANM,WE,Federal Contract Tower,0,2,11,0,13,0,0,8,0,8,0,2,19,0,21,19,11,30,51
06/16/2020,CYS,WY,ANM,WE,Federal Contract Tower,0,3,11,3,17,0,0,0,0,0,0,3,11,3,17,23,19,42,59
06/17/2020,CYS,WY,ANM,WE,Federal Contract Tower,0,6,22,2,30,0,0,20,0,20,0,6,42,2,50,40,34,74,124
06/18/2020,CYS,WY,ANM,WE,Federal Contract Tower,0,2,11,2,15,0,0,12,0,12,0,2,23,2,27,19,50,69,96
06/19/2020,CYS,WY,ANM,WE,Federal Contract Tower,0,4,13,3,20,0,0,0,0,0,0,4,13,3,20,13,16,29,49
06/20/2020,CYS,WY,ANM,WE,Federal Contract Tower,0,2,22,0,24,0,0,13,0,13,0,2,35,0,37,102,0,102,139
06/21/2020,CYS,WY,ANM,WE,Federal Contract Tower,0,0,7,0,7,0,0,0,0,0,0,0,7,0,7,11,0,11,18
06/22/2020,CYS,WY,ANM,WE,Federal Contract Tower,0,1,28,1,30,0,0,9,2,11,0,1,37,3,41,43,16,59,100
06/23/2020,CYS,WY,ANM,WE,Federal Contract Tower,0,4,18,5,27,0,1,9,0,10,0,5,27,5,37,58,41,99,136
06/24/2020,CYS,WY,ANM,WE,Federal Contract Tower,0,2,27,8,37,0,0,11,0,11,0,2,38,8,48,42,60,102,150
06/25/2020,CYS,WY,ANM,WE,Federal Contract Tower,0,2,17,4,23,0,0,5,0,5,0,2,22,4,28,44,59,103,131
06/26/2020,CYS,WY,ANM,WE,Federal Contract Tower,0,2,22,2,26,0,0,2,0,2,0,2,24,2,28,72,23,95,123
06/27/2020,CYS,WY,ANM,WE,Federal Contract Tower,0,2,15,0,17,0,0,0,0,0,0,2,15,0,17,73,2,75,92
06/28/2020,CYS,WY,ANM,WE,Federal Contract Tower,0,0,9,0,9,0,0,0,0,0,0,0,9,0,9,10,0,10,19
06/29/2020,CYS,WY,ANM,WE,Federal Contract Tower,2,2,14,5,23,0,0,16,0,16,2,2,30,5,39,63,75,138,177
06/30/2020,CYS,WY,ANM,WE,Federal Contract Tower,0,2,11,7,20,0,0,0,0,0,0,2,11,7,20,10,20,30,50
07/01/2020,CYS,WY,ANM,WE,Federal Contract Tower,0,2,22,4,28,0,0,5,0,5,0,2,27,4,33,69,50,119,152
07/02/2020,CYS,WY,ANM,WE,Federal Contract Tower,0,4,13,3,20,0,0,11,0,11,0,4,24,3,31,48,88,136,167
07/03/2020,CYS,WY,ANM,WE,Federal Contract Tower,0,0,20,0,20,0,0,6,0,6,0,0,26,0,26,66,31,97,123
07/04/2020,CYS,WY,ANM,WE,Federal Contract Tower,2,0,10,2,14,0,0,0,0,0,2,0,10,2,14,58,2,60,74
07/05/2020,CYS,WY,ANM,WE,Federal Contract Tower,0,0,10,0,10,0,0,0,0,0,0,0,10,0,10,42,0,42,52
07/06/2020,CYS,WY,ANM,WE,Federal Contract Tower,0,2,11,1,14,0,0,13,0,13,0,2,24,1,27,34,5,39,66
07/07/2020,CYS,WY,ANM,WE,Federal Contract Tower,0,2,19,2,23,0,0,3,0,3,0,2,22,2,26,34,23,57,83
07/08/2020,CYS,WY,ANM,WE,Federal Contract Tower,0,4,16,7,27,0,0,22,0,22,0,4,38,7,49,40,50,90,139
07/09/2020,CYS,WY,ANM,WE,Federal Contract Tower,0,6,13,4,23,0,0,6,0,6,0,6,19,4,29,60,120,180,209
07/10/2020,CYS,WY,ANM,WE,Federal Contract Tower,0,2,14,6,22,0,0,23,1,24,0,2,37,7,46,23,12,35,81
07/11/2020,CYS,WY,ANM,WE,Federal Contract Tower,2,0,10,0,12,0,0,46,2,48,2,0,56,2,60,48,0,48,108
07/12/2020,CYS,WY,ANM,WE,Federal Contract Tower,0,0,16,3,19,0,0,11,0,11,0,0,27,3,30,21,9,30,60
07/13/2020,CYS,WY,ANM,WE,Federal Contract Tower,0,2,14,3,19,0,2,0,0,2,0,4,14,3,21,14,31,45,66
07/14/2020,CYS,WY,ANM,WE,Federal Contract Tower,0,2,19,8,29,0,0,0,0,0,0,2,19,8,29,14,35,49,78
07/15/2020,CYS,WY,ANM,WE,Federal Contract Tower,0,2,26,1,29,0,0,0,0,0,0,2,26,1,29,1,5,6,35
07/16/2020,CYS,WY,ANM,WE,Federal Contract Tower,0,3,10,1,14,0,0,12,1,13,0,3,22,2,27,64,56,120,147
07/17/2020,CYS,WY,ANM,WE,Federal Contract Tower,0,2,10,3,15,0,0,10,0,10,0,2,20,3,25,23,46,69,94
07/18/2020,CYS,WY,ANM,WE,Federal Contract Tower,0,2,7,1,10,0,0,0,0,0,0,2,7,1,10,44,0,44,54
07/19/2020,CYS,WY,ANM,WE,Federal Contract Tower,0,1,16,0,17,0,0,5,0,5,0,1,21,0,22,16,2,18,40
07/20/2020,CYS,WY,ANM,WE,Federal Contract Tower,0,2,10,5,17,0,0,6,2,8,0,2,16,7,25,31,32,63,88
07/21/2020,CYS,WY,ANM,WE,Federal Contract Tower,0,2,8,3,13,0,0,1,0,1,0,2,9,3,14,28,27,55,69
07/22/2020,CYS,WY,ANM,WE,Federal Contract Tower,0,2,13,4,19,0,0,12,4,16,0,2,25,8,35,183,61,244,279
07/23/2020,CYS,WY,ANM,WE,Federal Contract Tower,0,1,16,1,18,0,0,11,0,11,0,1,27,1,29,69,35,104,133
07/24/2020,CYS,WY,ANM,WE,Federal Contract Tower,0,2,13,1,16,0,0,0,4,4,0,2,13,5,20,94,10,104,124
07/25/2020,CYS,WY,ANM,WE,Federal Contract Tower,0,0,0,0,0,0,0,0,0,0,0,0,0,0,0,128,4,132,132
07/26/2020,CYS,WY,ANM,WE,Federal Contract Tower,0,0,0,0,0,0,0,0,0,0,0,0,0,0,0,69,0,69,69
07/27/2020,CYS,WY,ANM,WE,Federal Contract Tower,0,4,17,6,27,0,0,10,0,10,0,4,27,6,37,65,61,126,163
07/28/2020,CYS,WY,ANM,WE,Federal Contract Tower,0,2,15,12,29,0,0,9,0,9,0,2,24,12,38,49,48,97,135
07/29/2020,CYS,WY,ANM,WE,Federal Contract Tower,0,2,18,7,27,0,0,18,0,18,0,2,36,7,45,87,95,182,227
07/30/2020,CYS,WY,ANM,WE,Federal Contract Tower,0,4,17,8,29,0,0,0,0,0,0,4,17,8,29,37,46,83,112
07/31/2020,CYS,WY,ANM,WE,Federal Contract Tower,0,2,18,17,37,0,1,7,2,10,0,3,25,19,47,88,28,116,163
08/01/2020,CYS,WY,ANM,WE,Federal Contract Tower,0,0,0,0,0,0,0,0,0,0,0,0,0,0,0,92,13,105,105
08/02/2020,CYS,WY,ANM,WE,Federal Contract Tower,0,0,8,5,13,0,0,23,1,24,0,0,31,6,37,30,2,32,69
08/03/2020,CYS,WY,ANM,WE,Federal Contract Tower,0,4,23,2,29,0,0,12,3,15,0,4,35,5,44,32,23,55,99
08/04/2020,CYS,WY,ANM,WE,Federal Contract Tower,0,2,23,5,30,0,0,0,0,0,0,2,23,5,30,37,103,140,170
08/05/2020,CYS,WY,ANM,WE,Federal Contract Tower,0,2,11,5,18,0,0,4,0,4,0,2,15,5,22,118,52,170,192
08/06/2020,CYS,WY,ANM,WE,Federal Contract Tower,0,0,0,0,0,0,0,0,0,0,0,0,0,0,0,25,44,69,69
08/07/2020,CYS,WY,ANM,WE,Federal Contract Tower,0,0,0,0,0,0,0,0,0,0,0,0,0,0,0,63,58,121,121
08/08/2020,CYS,WY,ANM,WE,Federal Contract Tower,0,2,17,0,19,0,0,1,0,1,0,2,18,0,20,100,1,101,121
08/09/2020,CYS,WY,ANM,WE,Federal Contract Tower,0,0,0,0,0,0,0,0,0,0,0,0,0,0,0,52,20,72,72
08/10/2020,CYS,WY,ANM,WE,Federal Contract Tower,0,2,26,4,32,0,0,2,0,2,0,2,28,4,34,56,49,105,139
08/11/2020,CYS,WY,ANM,WE,Federal Contract Tower,0,2,10,2,14,0,0,26,29,55,0,2,36,31,69,84,93,177,246
08/12/2020,CYS,WY,ANM,WE,Federal Contract Tower,2,4,18,8,32,0,0,0,0,0,2,4,18,8,32,19,39,58,90
08/13/2020,CYS,WY,ANM,WE,Federal Contract Tower,0,2,18,2,22,0,0,18,0,18,0,2,36,2,40,89,28,117,157
08/14/2020,CYS,WY,ANM,WE,Federal Contract Tower,0,4,23,3,30,0,0,10,0,10,0,4,33,3,40,23,27,50,90
08/15/2020,CYS,WY,ANM,WE,Federal Contract Tower,0,0,0,0,0,0,0,11,0,11,0,0,11,0,11,71,49,120,131
08/16/2020,CYS,WY,ANM,WE,Federal Contract Tower,0,0,0,0,0,0,0,0,0,0,0,0,0,0,0,53,0,53,53
08/17/2020,CYS,WY,ANM,WE,Federal Contract Tower,0,3,11,5,19,0,0,0,0,0,0,3,11,5,19,36,47,83,102
08/18/2020,CYS,WY,ANM,WE,Federal Contract Tower,0,3,14,6,23,0,1,1,0,2,0,4,15,6,25,56,31,87,112
08/19/2020,CYS,WY,ANM,WE,Federal Contract Tower,0,0,6,11,17,0,0,0,0,0,0,0,6,11,17,38,17,55,72
08/20/2020,CYS,WY,ANM,WE,Federal Contract Tower,0,6,20,11,37,0,0,11,0,11,0,6,31,11,48,76,71,147,195
08/21/2020,CYS,WY,ANM,WE,Federal Contract Tower,0,2,12,30,44,0,0,6,21,27,0,2,18,51,71,71,89,160,231
08/22/2020,CYS,WY,ANM,WE,Federal Contract Tower,0,1,19,8,28,0,0,17,10,27,0,1,36,18,55,6,1,7,62
08/23/2020,CYS,WY,ANM,WE,Federal Contract Tower,0,2,9,11,22,0,0,0,0,0,0,2,9,11,22,25,23,48,70
08/24/2020,CYS,WY,ANM,WE,Federal Contract Tower,0,2,21,7,30,0,0,0,0,0,0,2,21,7,30,54,28,82,112
08/25/2020,CYS,WY,ANM,WE,Federal Contract Tower,0,2,17,5,24,0,0,0,0,0,0,2,17,5,24,107,127,234,258
08/26/2020,CYS,WY,ANM,WE,Federal Contract Tower,4,2,19,4,29,0,0,5,1,6,4,2,24,5,35,76,17,93,128
08/27/2020,CYS,WY,ANM,WE,Federal Contract Tower,0,2,11,0,13,0,0,19,0,19,0,2,30,0,32,62,30,92,124
08/28/2020,CYS,WY,ANM,WE,Federal Contract Tower,0,6,19,7,32,0,0,0,13,13,0,6,19,20,45,20,8,28,73
08/29/2020,CYS,WY,ANM,WE,Federal Contract Tower,0,2,9,1,12,0,0,0,0,0,0,2,9,1,12,57,1,58,70
08/30/2020,CYS,WY,ANM,WE,Federal Contract Tower,0,0,0,0,0,0,0,1,0,1,0,0,1,0,1,7,32,39,40
08/31/2020,CYS,WY,ANM,WE,Federal Contract Tower,0,6,14,2,22,0,1,1,0,2,0,7,15,2,24,66,15,81,105
09/01/2020,CYS,WY,ANM,WE,Federal Contract Tower,0,1,12,4,17,0,0,0,9,9,0,1,12,13,26,35,25,60,86
09/02/2020,CYS,WY,ANM,WE,Federal Contract Tower,0,2,8,4,14,0,0,7,0,7,0,2,15,4,21,63,18,81,102
09/03/2020,CYS,WY,ANM,WE,Federal Contract Tower,0,2,14,5,21,0,0,0,0,0,0,2,14,5,21,46,33,79,100
09/04/2020,CYS,WY,ANM,WE,Federal Contract Tower,0,0,0,0,0,0,0,0,0,0,0,0,0,0,0,24,2,26,26
09/05/2020,CYS,WY,ANM,WE,Federal Contract Tower,0,0,13,0,13,0,0,4,0,4,0,0,17,0,17,55,0,55,72
09/06/2020,CYS,WY,ANM,WE,Federal Contract Tower,0,0,0,0,0,0,0,0,0,0,0,0,0,0,0,45,0,45,45
09/07/2020,CYS,WY,ANM,WE,Federal Contract Tower,0,0,0,0,0,0,0,0,0,0,0,0,0,0,0,36,0,36,36
09/08/2020,CYS,WY,ANM,WE,Federal Contract Tower,0,2,3,0,5,0,0,0,0,0,0,2,3,0,5,0,0,0,5
09/09/2020,CYS,WY,ANM,WE,Federal Contract Tower,0,2,4,3,9,0,0,1,0,1,0,2,5,3,10,38,28,66,76
09/10/2020,CYS,WY,ANM,WE,Federal Contract Tower,0,2,17,1,20,0,0,5,0,5,0,2,22,1,25,32,63,95,120
09/11/2020,CYS,WY,ANM,WE,Federal Contract Tower,0,2,16,3,21,0,0,4,0,4,0,2,20,3,25,51,34,85,110
09/12/2020,CYS,WY,ANM,WE,Federal Contract Tower,0,2,9,0,11,0,0,66,16,82,0,2,75,16,93,28,18,46,139
09/13/2020,CYS,WY,ANM,WE,Federal Contract Tower,0,0,2,19,21,0,0,0,0,0,0,0,2,19,21,77,13,90,111
09/14/2020,CYS,WY,ANM,WE,Federal Contract Tower,0,2,14,0,16,0,0,23,15,38,0,2,37,15,54,17,30,47,101
09/15/2020,CYS,WY,ANM,WE,Federal Contract Tower,0,4,9,1,14,0,0,3,0,3,0,4,12,1,17,55,11,66,83
09/16/2020,CYS,WY,ANM,WE,Federal Contract Tower,0,0,2,0,2,0,0,5,0,5,0,0,7,0,7,5,21,26,33
09/17/2020,CYS,WY,ANM,WE,Federal Contract Tower,0,2,11,8,21,0,0,5,0,5,0,2,16,8,26,71,68,139,165
09/18/2020,CYS,WY,ANM,WE,Federal Contract Tower,0,0,2,0,2,0,0,4,0,4,0,0,6,0,6,4,3,7,13
09/19/2020,CYS,WY,ANM,WE,Federal Contract Tower,0,0,1,0,1,0,0,3,0,3,0,0,4,0,4,0,0,0,4
09/20/2020,CYS,WY,ANM,WE,Federal Contract Tower,0,0,11,1,12,0,0,0,1,1,0,0,11,2,13,45,4,49,62
09/21/2020,CYS,WY,ANM,WE,Federal Contract Tower,0,0,0,3,3,0,0,2,0,2,0,0,2,3,5,11,86,97,102
09/22/2020,CYS,WY,ANM,WE,Federal Contract Tower,0,1,9,0,10,0,0,4,0,4,0,1,13,0,14,54,25,79,93
09/23/2020,CYS,WY,ANM,WE,Federal Contract Tower,0,2,15,2,19,0,0,0,0,0,0,2,15,2,19,49,11,60,79
09/24/2020,CYS,WY,ANM,WE,Federal Contract Tower,0,10,13,3,26,0,0,1,1,2,0,10,14,4,28,62,65,127,155
09/25/2020,CYS,WY,ANM,WE,Federal Contract Tower,2,6,11,3,22,0,0,35,3,38,2,6,46,6,60,35,12,47,107
09/26/2020,CYS,WY,ANM,WE,Federal Contract Tower,0,0,7,0,7,0,0,0,0,0,0,0,7,0,7,9,0,9,16
09/27/2020,CYS,WY,ANM,WE,Federal Contract Tower,0,0,13,0,13,0,0,0,0,0,0,0,13,0,13,10,0,10,23
09/28/2020,CYS,WY,ANM,WE,Federal Contract Tower,0,1,14,2,17,0,0,0,0,0,0,1,14,2,17,36,7,43,60
09/29/2020,CYS,WY,ANM,WE,Federal Contract Tower,0,4,9,2,15,0,0,5,0,5,0,4,14,2,20,64,31,95,115
09/30/2020,CYS,WY,ANM,WE,Federal Contract Tower,0,2,20,2,24,0,0,0,0,0,0,2,20,2,24,42,7,49,73
10/01/2020,CYS,WY,ANM,WE,Federal Contract Tower,0,2,5,2,9,0,0,5,0,5,0,2,10,2,14,69,75,144,158
10/02/2020,CYS,WY,ANM,WE,Federal Contract Tower,0,3,8,4,15,0,1,4,2,7,0,4,12,6,22,12,45,57,79
10/03/2020,CYS,WY,ANM,WE,Federal Contract Tower,0,0,15,0,15,0,0,0,0,0,0,0,15,0,15,47,0,47,62
10/04/2020,CYS,WY,ANM,WE,Federal Contract Tower,0,0,11,0,11,0,0,3,3,6,0,0,14,3,17,18,0,18,35
10/05/2020,CYS,WY,ANM,WE,Federal Contract Tower,0,2,13,4,19,0,0,0,0,0,0,2,13,4,19,34,56,90,109
10/06/2020,CYS,WY,ANM,WE,Federal Contract Tower,0,6,12,6,24,0,0,0,0,0,0,6,12,6,24,14,26,40,64
10/07/2020,CYS,WY,ANM,WE,Federal Contract Tower,0,3,12,0,15,0,0,1,0,1,0,3,13,0,16,47,28,75,91
10/08/2020,CYS,WY,ANM,WE,Federal Contract Tower,0,4,20,6,30,0,0,12,2,14,0,4,32,8,44,26,31,57,101
10/09/2020,CYS,WY,ANM,WE,Federal Contract Tower,0,0,0,0,0,0,0,0,0,0,0,0,0,0,0,46,20,66,66
10/10/2020,CYS,WY,ANM,WE,Federal Contract Tower,0,2,4,0,6,0,0,1,0,1,0,2,5,0,7,55,1,56,63
10/11/2020,CYS,WY,ANM,WE,Federal Contract Tower,0,0,0,0,0,2,0,14,1,17,2,0,14,1,17,3,0,3,20
10/12/2020,CYS,WY,ANM,WE,Federal Contract Tower,0,2,11,0,13,0,0,0,6,6,0,2,11,6,19,3,3,6,25
10/13/2020,CYS,WY,ANM,WE,Federal Contract Tower,0,4,24,6,34,0,0,1,0,1,0,4,25,6,35,27,35,62,97
10/14/2020,CYS,WY,ANM,WE,Federal Contract Tower,0,2,4,4,10,0,0,0,0,0,0,2,4,4,10,17,6,23,33
10/15/2020,CYS,WY,ANM,WE,Federal Contract Tower,0,4,24,9,37,0,0,5,0,5,0,4,29,9,42,127,105,232,274
10/16/2020,CYS,WY,ANM,WE,Federal Contract Tower,2,14,4,0,20,0,0,0,0,0,2,14,4,0,20,1,46,47,67
10/17/2020,CYS,WY,ANM,WE,Federal Contract Tower,0,2,7,1,10,0,0,0,17,17,0,2,7,18,27,0,7,7,34
10/18/2020,CYS,WY,ANM,WE,Federal Contract Tower,0,0,4,1,5,0,0,0,0,0,0,0,4,1,5,0,0,0,5
10/19/2020,CYS,WY,ANM,WE,Federal Contract Tower,0,5,28,1,34,0,0,1,0,1,0,5,29,1,35,19,23,42,77
10/20/2020,CYS,WY,ANM,WE,Federal Contract Tower,0,3,24,7,34,0,0,0,0,0,0,3,24,7,34,13,36,49,83
10/21/2020,CYS,WY,ANM,WE,Federal Contract Tower,0,1,24,10,35,0,0,12,0,12,0,1,36,10,47,101,93,194,241
10/22/2020,CYS,WY,ANM,WE,Federal Contract Tower,0,4,12,4,20,0,0,0,0,0,0,4,12,4,20,0,14,14,34
10/23/2020,CYS,WY,ANM,WE,Federal Contract Tower,0,3,23,0,26,0,0,0,0,0,0,3,23,0,26,33,12,45,71
10/24/2020,CYS,WY,ANM,WE,Federal Contract Tower,0,2,14,0,16,0,0,6,0,6,0,2,20,0,22,85,4,89,111
10/25/2020,CYS,WY,ANM,WE,Federal Contract Tower,0,0,0,0,0,0,0,0,0,0,0,0,0,0,0,0,0,0,0
10/26/2020,CYS,WY,ANM,WE,Federal Contract Tower,0,3,15,7,25,0,0,2,0,2,0,3,17,7,27,3,7,10,37
10/27/2020,CYS,WY,ANM,WE,Federal Contract Tower,0,4,17,2,23,0,0,5,8,13,0,4,22,10,36,64,82,146,182
10/28/2020,CYS,WY,ANM,WE,Federal Contract Tower,0,5,9,0,14,0,0,12,0,12,0,5,21,0,26,68,48,116,142
10/29/2020,CYS,WY,ANM,WE,Federal Contract Tower,0,2,24,8,34,0,0,8,6,14,0,2,32,14,48,111,124,235,283
10/30/2020,CYS,WY,ANM,WE,Federal Contract Tower,0,2,22,8,32,0,0,16,0,16,0,2,38,8,48,70,20,90,138
10/31/2020,CYS,WY,ANM,WE,Federal Contract Tower,0,2,7,0,9,0,0,3,0,3,0,2,10,0,12,32,0,32,44
11/01/2020,CYS,WY,ANM,WE,Federal Contract Tower,0,2,6,1,9,0,0,33,2,35,0,2,39,3,44,96,4,100,144
11/02/2020,CYS,WY,ANM,WE,Federal Contract Tower,0,6,18,0,24,0,0,16,10,26,0,6,34,10,50,40,68,108,158
11/03/2020,CYS,WY,ANM,WE,Federal Contract Tower,0,2,10,6,18,0,0,11,0,11,0,2,21,6,29,20,55,75,104
11/04/2020,CYS,WY,ANM,WE,Federal Contract Tower,0,3,5,11,19,0,0,0,0,0,0,3,5,11,19,23,100,123,142
11/05/2020,CYS,WY,ANM,WE,Federal Contract Tower,0,2,15,3,20,0,0,0,0,0,0,2,15,3,20,34,35,69,89
11/06/2020,CYS,WY,ANM,WE,Federal Contract Tower,0,2,13,3,18,0,0,2,3,5,0,2,15,6,23,51,97,148,171
11/07/2020,CYS,WY,ANM,WE,Federal Contract Tower,0,2,10,0,12,0,0,0,0,0,0,2,10,0,12,95,6,101,113
11/08/2020,CYS,WY,ANM,WE,Federal Contract Tower,0,0,9,0,9,0,0,12,0,12,0,0,21,0,21,14,0,14,35
11/09/2020,CYS,WY,ANM,WE,Federal Contract Tower,0,2,3,0,5,0,0,0,0,0,0,2,3,0,5,0,0,0,5
11/10/2020,CYS,WY,ANM,WE,Federal Contract Tower,0,2,15,1,18,0,0,0,0,0,0,2,15,1,18,6,18,24,42
11/11/2020,CYS,WY,ANM,WE,Federal Contract Tower,1,1,17,0,19,0,0,2,0,2,1,1,19,0,21,18,0,18,39
11/12/2020,CYS,WY,ANM,WE,Federal Contract Tower,0,3,5,4,12,0,0,1,0,1,0,3,6,4,13,2,35,37,50
11/13/2020,CYS,WY,ANM,WE,Federal Contract Tower,2,5,5,2,14,0,0,5,0,5,2,5,10,2,19,41,70,111,130
11/14/2020,CYS,WY,ANM,WE,Federal Contract Tower,0,2,0,0,2,0,0,0,4,4,0,2,0,4,6,2,1,3,9
11/15/2020,CYS,WY,ANM,WE,Federal Contract Tower,2,1,7,0,10,0,0,0,0,0,2,1,7,0,10,12,10,22,32
11/16/2020,CYS,WY,ANM,WE,Federal Contract Tower,2,3,9,24,38,0,0,5,1,6,2,3,14,25,44,14,154,168,212
11/17/2020,CYS,WY,ANM,WE,Federal Contract Tower,2,6,17,15,40,0,0,43,4,47,2,6,60,19,87,95,168,263,350
11/18/2020,CYS,WY,ANM,WE,Federal Contract Tower,2,2,15,7,26,0,0,6,0,6,2,2,21,7,32,68,77,145,177
11/19/2020,CYS,WY,ANM,WE,Federal Contract Tower,2,6,14,12,34,0,0,9,0,9,2,6,23,12,43,49,97,146,189
11/20/2020,CYS,WY,ANM,WE,Federal Contract Tower,2,2,5,4,13,0,0,0,0,0,2,2,5,4,13,41,7,48,61
11/21/2020,CYS,WY,ANM,WE,Federal Contract Tower,1,0,27,1,29,0,0,23,2,25,1,0,50,3,54,32,6,38,92
11/22/2020,CYS,WY,ANM,WE,Federal Contract Tower,1,0,34,0,35,0,0,0,0,0,1,0,34,0,35,69,0,69,104
11/23/2020,CYS,WY,ANM,WE,Federal Contract Tower,2,2,11,5,20,0,0,1,0,1,2,2,12,5,21,83,90,173,194
11/24/2020,CYS,WY,ANM,WE,Federal Contract Tower,2,2,13,5,22,0,0,16,0,16,2,2,29,5,38,35,59,94,132
11/25/2020,CYS,WY,ANM,WE,Federal Contract Tower,2,4,4,0,10,0,0,9,0,9,2,4,13,0,19,43,21,64,83
11/26/2020,CYS,WY,ANM,WE,Federal Contract Tower,2,0,3,0,5,0,0,2,0,2,2,0,5,0,7,6,0,6,13
11/27/2020,CYS,WY,ANM,WE,Federal Contract Tower,1,2,9,0,12,0,0,35,0,35,1,2,44,0,47,49,0,49,96
11/28/2020,CYS,WY,ANM,WE,Federal Contract Tower,1,2,15,0,18,0,0,0,0,0,1,2,15,0,18,70,0,70,88
11/29/2020,CYS,WY,ANM,WE,Federal Contract Tower,1,0,6,0,7,0,0,1,0,1,1,0,7,0,8,51,0,51,59
11/30/2020,CYS,WY,ANM,WE,Federal Contract Tower,1,1,7,7,16,0,0,5,3,8,1,1,12,10,24,2,13,15,39
12/01/2020,CYS,WY,ANM,WE,Federal Contract Tower,2,2,9,8,21,0,0,1,0,1,2,2,10,8,22,15,44,59,81
12/02/2020,CYS,WY,ANM,WE,Federal Contract Tower,2,2,8,4,16,0,2,16,0,18,2,4,24,4,34,28,63,91,125
12/03/2020,CYS,WY,ANM,WE,Federal Contract Tower,2,3,12,13,30,0,0,30,1,31,2,3,42,14,61,46,73,119,180
12/04/2020,CYS,WY,ANM,WE,Federal Contract Tower,2,6,7,4,19,0,0,4,1,5,2,6,11,5,24,61,49,110,134
12/05/2020,CYS,WY,ANM,WE,Federal Contract Tower,2,2,12,0,16,0,0,0,0,0,2,2,12,0,16,68,8,76,92
12/06/2020,CYS,WY,ANM,WE,Federal Contract Tower,1,0,15,1,17,0,0,0,0,0,1,0,15,1,17,42,12,54,71
12/07/2020,CYS,WY,ANM,WE,Federal Contract Tower,2,2,20,12,36,0,0,0,0,0,2,2,20,12,36,102,87,189,225
12/08/2020,CYS,WY,ANM,WE,Federal Contract Tower,2,2,13,21,38,0,0,3,0,3,2,2,16,21,41,64,100,164,205
12/09/2020,CYS,WY,ANM,WE,Federal Contract Tower,2,2,9,4,17,0,0,24,1,25,2,2,33,5,42,22,36,58,100
12/10/2020,CYS,WY,ANM,WE,Federal Contract Tower,2,5,15,13,35,0,0,8,0,8,2,5,23,13,43,41,37,78,121
12/11/2020,CYS,WY,ANM,WE,Federal Contract Tower,1,2,4,2,9,0,0,0,0,0,1,2,4,2,9,0,0,0,9
12/12/2020,CYS,WY,ANM,WE,Federal Contract Tower,1,0,3,0,4,0,0,0,0,0,1,0,3,0,4,9,0,9,13
12/13/2020,CYS,WY,ANM,WE,Federal Contract Tower,2,0,10,0,12,0,0,8,0,8,2,0,18,0,20,8,0,8,28
12/14/2020,CYS,WY,ANM,WE,Federal Contract Tower,2,2,11,8,23,0,0,0,2,2,2,2,11,10,25,29,29,58,83
12/15/2020,CYS,WY,ANM,WE,Federal Contract Tower,1,2,6,4,13,0,0,8,0,8,1,2,14,4,21,36,113,149,170
12/16/2020,CYS,WY,ANM,WE,Federal Contract Tower,3,2,14,4,23,0,0,0,1,1,3,2,14,5,24,30,112,142,166
12/17/2020,CYS,WY,ANM,WE,Federal Contract Tower,2,2,18,0,22,0,0,16,4,20,2,2,34,4,42,23,20,43,85
12/18/2020,CYS,WY,ANM,WE,Federal Contract Tower,2,2,16,0,20,0,0,0,0,0,2,2,16,0,20,9,42,51,71
12/19/2020,CYS,WY,ANM,WE,Federal Contract Tower,2,0,4,0,6,0,0,0,0,0,2,0,4,0,6,9,0,9,15
12/20/2020,CYS,WY,ANM,WE,Federal Contract Tower,2,0,4,0,6,0,0,0,0,0,2,0,4,0,6,2,0,2,8
12/21/2020,CYS,WY,ANM,WE,Federal Contract Tower,2,2,8,4,16,0,0,0,0,0,2,2,8,4,16,14,67,81,97
12/22/2020,CYS,WY,ANM,WE,Federal Contract Tower,2,1,16,5,24,0,0,0,0,0,2,1,16,5,24,56,43,99,123
12/23/2020,CYS,WY,ANM,WE,Federal Contract Tower,2,3,3,2,10,0,0,0,0,0,2,3,3,2,10,1,7,8,18
12/24/2020,CYS,WY,ANM,WE,Federal Contract Tower,2,2,0,0,4,0,0,1,0,1,2,2,1,0,5,9,0,9,14
12/25/2020,CYS,WY,ANM,WE,Federal Contract Tower,2,0,0,0,2,0,0,0,0,0,2,0,0,0,2,6,0,6,8
12/26/2020,CYS,WY,ANM,WE,Federal Contract Tower,2,2,5,0,9,0,0,7,0,7,2,2,12,0,16,9,0,9,25
12/27/2020,CYS,WY,ANM,WE,Federal Contract Tower,2,1,14,0,17,0,0,4,0,4,2,1,18,0,21,24,0,24,45
12/28/2020,CYS,WY,ANM,WE,Federal Contract Tower,1,4,5,2,12,0,1,9,3,13,1,5,14,5,25,2,54,56,81
12/29/2020,CYS,WY,ANM,WE,Federal Contract Tower,2,4,13,0,19,0,0,7,2,9,2,4,20,2,28,12,8,20,48
12/30/2020,CYS,WY,ANM,WE,Federal Contract Tower,2,4,11,0,17,0,0,6,0,6,2,4,17,0,23,40,4,44,67
12/31/2020,CYS,WY,ANM,WE,Federal Contract Tower,2,4,18,0,24,0,0,3,0,3,2,4,21,0,27,96,0,96,123
01/01/2021,CYS,WY,ANM,WE,Federal Contract Tower,2,0,8,0,10,0,0,0,0,0,2,0,8,0,10,103,0,103,113
01/02/2021,CYS,WY,ANM,WE,Federal Contract Tower,2,2,12,0,16,0,0,8,0,8,2,2,20,0,24,45,0,45,69
01/03/2021,CYS,WY,ANM,WE,Federal Contract Tower,2,0,1,3,6,0,0,0,0,0,2,0,1,3,6,3,0,3,9
01/04/2021,CYS,WY,ANM,WE,Federal Contract Tower,2,2,6,12,22,0,0,5,0,5,2,2,11,12,27,8,0,8,35
01/05/2021,CYS,WY,ANM,WE,Federal Contract Tower,2,2,10,3,17,0,0,0,1,1,2,2,10,4,18,10,38,48,66
01/06/2021,CYS,WY,ANM,WE,Federal Contract Tower,2,2,12,27,43,0,0,2,31,33,2,2,14,58,76,51,80,131,207
01/07/2021,CYS,WY,ANM,WE,Federal Contract Tower,2,2,12,18,34,0,0,12,26,38,2,2,24,44,72,79,80,159,231
01/08/2021,CYS,WY,ANM,WE,Federal Contract Tower,2,2,20,14,38,0,0,19,0,19,2,2,39,14,57,103,74,177,234
01/09/2021,CYS,WY,ANM,WE,Federal Contract Tower,0,5,9,1,15,0,0,0,0,0,0,5,9,1,15,0,0,0,15
01/10/2021,CYS,WY,ANM,WE,Federal Contract Tower,2,0,20,0,22,0,0,3,0,3,2,0,23,0,25,86,3,89,114
01/11/2021,CYS,WY,ANM,WE,Federal Contract Tower,2,2,12,6,22,0,0,4,8,12,2,2,16,14,34,61,34,95,129
01/12/2021,CYS,WY,ANM,WE,Federal Contract Tower,2,2,15,14,33,0,0,2,21,23,2,2,17,35,56,68,135,203,259
01/13/2021,CYS,WY,ANM,WE,Federal Contract Tower,2,4,6,0,12,0,0,1,0,1,2,4,7,0,13,1,0,1,14
01/14/2021,CYS,WY,ANM,WE,Federal Contract Tower,1,2,3,3,9,0,0,2,3,5,1,2,5,6,14,2,34,36,50
01/15/2021,CYS,WY,ANM,WE,Federal Contract Tower,2,2,8,0,12,0,0,2,0,2,2,2,10,0,14,6,0,6,20
01/16/2021,CYS,WY,ANM,WE,Federal Contract Tower,2,2,9,3,16,0,0,0,0,0,2,2,9,3,16,7,4,11,27
01/17/2021,CYS,WY,ANM,WE,Federal Contract Tower,2,0,6,1,9,0,0,0,0,0,2,0,6,1,9,43,0,43,52
01/18/2021,CYS,WY,ANM,WE,Federal Contract Tower,2,3,18,1,24,0,0,0,0,0,2,3,18,1,24,8,1,9,33
01/19/2021,CYS,WY,ANM,WE,Federal Contract Tower,2,2,21,17,42,0,0,11,4,15,2,2,32,21,57,59,147,206,263
01/20/2021,CYS,WY,ANM,WE,Federal Contract Tower,2,2,1,0,5,0,0,0,17,17,2,2,1,17,22,0,10,10,32
01/21/2021,CYS,WY,ANM,WE,Federal Contract Tower,2,2,15,11,30,0,0,5,21,26,2,2,20,32,56,45,98,143,199
01/22/2021,CYS,WY,ANM,WE,Federal Contract Tower,2,2,16,10,30,0,0,1,0,1,2,2,17,10,31,59,51,110,141
01/23/2021,CYS,WY,ANM,WE,Federal Contract Tower,1,2,3,8,14,0,0,0,0,0,1,2,3,8,14,2,1,3,17
01/24/2021,CYS,WY,ANM,WE,Federal Contract Tower,0,0,6,0,6,0,0,0,0,0,0,0,6,0,6,1,0,1,7
01/25/2021,CYS,WY,ANM,WE,Federal Contract Tower,2,2,5,4,13,0,0,0,0,0,2,2,5,4,13,13,25,38,51
01/26/2021,CYS,WY,ANM,WE,Federal Contract Tower,2,2,2,0,6,0,0,0,4,4,2,2,2,4,10,0,0,0,10
01/27/2021,CYS,WY,ANM,WE,Federal Contract Tower,2,2,19,7,30,0,0,1,6,7,2,2,20,13,37,71,67,138,175
01/28/2021,CYS,WY,ANM,WE,Federal Contract Tower,2,2,23,6,33,0,0,0,0,0,2,2,23,6,33,75,34,109,142
01/29/2021,CYS,WY,ANM,WE,Federal Contract Tower,2,2,18,3,25,0,0,11,0,11,2,2,29,3,36,67,27,94,130
01/30/2021,CYS,WY,ANM,WE,Federal Contract Tower,2,0,13,2,17,0,0,0,0,0,2,0,13,2,17,9,4,13,30
01/31/2021,CYS,WY,ANM,WE,Federal Contract Tower,2,0,21,1,24,0,0,4,0,4,2,0,25,1,28,114,0,114,142
02/01/2021,CYS,WY,ANM,WE,Federal Contract Tower,2,2,19,4,27,0,0,12,2,14,2,2,31,6,41,21,9,30,71
02/02/2021,CYS,WY,ANM,WE,Federal Contract Tower,2,2,29,11,44,0,0,2,0,2,2,2,31,11,46,60,112,172,218
02/03/2021,CYS,WY,ANM,WE,Federal Contract Tower,2,2,19,7,30,0,0,0,0,0,2,2,19,7,30,43,122,165,195
02/04/2021,CYS,WY,ANM,WE,Federal Contract Tower,2,2,5,10,19,0,0,1,0,1,2,2,6,10,20,21,93,114,134
02/05/2021,CYS,WY,ANM,WE,Federal Contract Tower,2,2,7,4,15,0,0,4,0,4,2,2,11,4,19,43,46,89,108
02/06/2021,CYS,WY,ANM,WE,Federal Contract Tower,4,2,4,2,12,0,0,0,0,0,4,2,4,2,12,0,2,2,14
02/07/2021,CYS,WY,ANM,WE,Federal Contract Tower,4,0,0,0,4,0,0,0,0,0,4,0,0,0,4,0,1,1,5
02/08/2021,CYS,WY,ANM,WE,Federal Contract Tower,2,2,9,3,16,0,0,0,5,5,2,2,9,8,21,23,34,57,78
02/09/2021,CYS,WY,ANM,WE,Federal Contract Tower,2,2,14,15,33,0,0,0,32,32,2,2,14,47,65,30,106,136,201
02/10/2021,CYS,WY,ANM,WE,Federal Contract Tower,2,4,1,6,13,0,0,0,0,0,2,4,1,6,13,14,84,98,111
02/11/2021,CYS,WY,ANM,WE,Federal Contract Tower,2,3,9,2,16,0,0,2,0,2,2,3,11,2,18,0,0,0,18
02/12/2021,CYS,WY,ANM,WE,Federal Contract Tower,2,2,8,0,12,0,0,0,0,0,2,2,8,0,12,0,0,0,12
02/13/2021,CYS,WY,ANM,WE,Federal Contract Tower,2,0,1,0,3,0,0,0,0,0,2,0,1,0,3,0,0,0,3
02/14/2021,CYS,WY,ANM,WE,Federal Contract Tower,1,0,9,4,14,0,0,0,0,0,1,0,9,4,14,3,0,3,17
02/15/2021,CYS,WY,ANM,WE,Federal Contract Tower,1,2,8,0,11,0,0,0,0,0,1,2,8,0,11,72,6,78,89
02/16/2021,CYS,WY,ANM,WE,Federal Contract Tower,9,2,14,9,34,0,0,2,0,2,9,2,16,9,36,68,55,123,159
02/17/2021,CYS,WY,ANM,WE,Federal Contract Tower,14,3,7,20,44,0,0,0,0,0,14,3,7,20,44,56,84,140,184
02/18/2021,CYS,WY,ANM,WE,Federal Contract Tower,2,2,8,6,18,0,0,1,0,1,2,2,9,6,19,65,100,165,184
02/19/2021,CYS,WY,ANM,WE,Federal Contract Tower,2,2,1,4,9,0,0,1,1,2,2,2,2,5,11,1,85,86,97
02/20/2021,CYS,WY,ANM,WE,Federal Contract Tower,1,2,19,0,22,0,0,0,0,0,1,2,19,0,22,30,3,33,55
02/21/2021,CYS,WY,ANM,WE,Federal Contract Tower,2,0,1,1,4,0,0,0,0,0,2,0,1,1,4,6,5,11,15
02/22/2021,CYS,WY,ANM,WE,Federal Contract Tower,2,3,3,2,10,0,0,0,0,0,2,3,3,2,10,10,5,15,25
02/23/2021,CYS,WY,ANM,WE,Federal Contract Tower,2,4,9,5,20,0,0,0,0,0,2,4,9,5,20,11,95,106,126
02/24/2021,CYS,WY,ANM,WE,Federal Contract Tower,2,2,8,9,21,0,0,0,0,0,2,2,8,9,21,64,61,125,146
02/25/2021,CYS,WY,ANM,WE,Federal Contract Tower,2,4,18,6,30,0,0,0,0,0,2,4,18,6,30,50,39,89,119
02/26/2021,CYS,WY,ANM,WE,Federal Contract Tower,2,4,2,3,11,0,0,2,0,2,2,4,4,3,13,16,20,36,49
02/27/2021,CYS,WY,ANM,WE,Federal Contract Tower,2,3,5,0,10,0,0,0,0,0,2,3,5,0,10,35,0,35,45
02/28/2021,CYS,WY,ANM,WE,Federal Contract Tower,2,0,27,0,29,0,0,0,0,0,2,0,27,0,29,70,0,70,99
03/01/2021,CYS,WY,ANM,WE,Federal Contract Tower,2,3,28,11,44,0,0,13,0,13,2,3,41,11,57,89,86,175,232
03/02/2021,CYS,WY,ANM,WE,Federal Contract Tower,2,4,21,11,38,0,0,0,0,0,2,4,21,11,38,88,107,195,233
03/03/2021,CYS,WY,ANM,WE,Federal Contract Tower,2,1,23,6,32,0,0,0,0,0,2,1,23,6,32,156,60,216,248
03/04/2021,CYS,WY,ANM,WE,Federal Contract Tower,2,2,5,8,17,0,0,0,0,0,2,2,5,8,17,84,101,185,202
03/05/2021,CYS,WY,ANM,WE,Federal Contract Tower,2,3,8,4,17,0,0,0,0,0,2,3,8,4,17,135,86,221,238
03/06/2021,CYS,WY,ANM,WE,Federal Contract Tower,2,2,8,0,12,0,0,0,0,0,2,2,8,0,12,70,8,78,90
03/07/2021,CYS,WY,ANM,WE,Federal Contract Tower,2,0,2,0,4,0,0,0,0,0,2,0,2,0,4,63,3,66,70
03/08/2021,CYS,WY,ANM,WE,Federal Contract Tower,0,0,0,0,0,0,0,0,0,0,0,0,0,0,0,48,6,54,54
03/09/2021,CYS,WY,ANM,WE,Federal Contract Tower,2,2,13,15,32,0,0,2,12,14,2,2,15,27,46,57,122,179,225
03/10/2021,CYS,WY,ANM,WE,Federal Contract Tower,2,2,6,9,19,0,0,0,0,0,2,2,6,9,19,4,20,24,43
03/11/2021,CYS,WY,ANM,WE,Federal Contract Tower,2,2,6,8,18,0,0,0,0,0,2,2,6,8,18,5,72,77,95
03/12/2021,CYS,WY,ANM,WE,Federal Contract Tower,1,2,1,0,4,0,0,0,0,0,1,2,1,0,4,0,44,44,48
03/19/2021,CYS,WY,ANM,WE,Federal Contract Tower,0,1,11,2,14,0,0,8,0,8,0,1,19,2,22,40,36,76,98
03/20/2021,CYS,WY,ANM,WE,Federal Contract Tower,2,1,4,4,11,0,0,16,0,16,2,1,20,4,27,90,14,104,131
03/21/2021,CYS,WY,ANM,WE,Federal Contract Tower,2,0,2,0,4,0,0,0,0,0,2,0,2,0,4,2,0,2,6
03/22/2021,CYS,WY,ANM,WE,Federal Contract Tower,2,2,5,7,16,0,0,1,2,3,2,2,6,9,19,13,34,47,66
03/23/2021,CYS,WY,ANM,WE,Federal Contract Tower,2,2,6,14,24,0,0,0,30,30,2,2,6,44,54,0,56,56,110
03/24/2021,CYS,WY,ANM,WE,Federal Contract Tower,2,2,8,11,23,0,0,29,2,31,2,2,37,13,54,44,133,177,231
03/25/2021,CYS,WY,ANM,WE,Federal Contract Tower,2,2,19,6,29,0,0,4,5,9,2,2,23,11,38,103,36,139,177
03/26/2021,CYS,WY,ANM,WE,Federal Contract Tower,2,2,14,2,20,0,0,0,0,0,2,2,14,2,20,28,11,39,59
03/27/2021,CYS,WY,ANM,WE,Federal Contract Tower,0,4,12,0,16,0,0,0,0,0,0,4,12,0,16,80,9,89,105
03/28/2021,CYS,WY,ANM,WE,Federal Contract Tower,2,0,5,0,7,0,0,1,0,1,2,0,6,0,8,0,9,9,17
03/29/2021,CYS,WY,ANM,WE,Federal Contract Tower,0,4,6,0,10,0,0,0,0,0,0,4,6,0,10,4,0,4,14
03/31/2021,CYS,WY,ANM,WE,Federal Contract Tower,2,5,11,11,29,0,0,0,0,0,2,5,11,11,29,59,49,108,137
04/01/2021,CYS,WY,ANM,WE,Federal Contract Tower,2,3,28,6,39,0,0,0,0,0,2,3,28,6,39,204,47,251,290
04/02/2021,CYS,WY,ANM,WE,Federal Contract Tower,2,2,13,1,18,0,0,0,0,0,2,2,13,1,18,57,10,67,85
04/03/2021,CYS,WY,ANM,WE,Federal Contract Tower,0,1,16,0,17,0,0,0,0,0,0,1,16,0,17,99,0,99,116
04/04/2021,CYS,WY,ANM,WE,Federal Contract Tower,0,0,6,0,6,0,0,0,0,0,0,0,6,0,6,36,0,36,42
04/05/2021,CYS,WY,ANM,WE,Federal Contract Tower,2,3,13,3,21,0,0,0,0,0,2,3,13,3,21,75,4,79,100
04/06/2021,CYS,WY,ANM,WE,Federal Contract Tower,2,8,9,6,25,0,0,0,0,0,2,8,9,6,25,8,26,34,59
04/07/2021,CYS,WY,ANM,WE,Federal Contract Tower,2,5,8,10,25,0,0,1,0,1,2,5,9,10,26,5,90,95,121
04/08/2021,CYS,WY,ANM,WE,Federal Contract Tower,2,2,14,6,24,0,0,0,0,0,2,2,14,6,24,15,30,45,69
04/09/2021,CYS,WY,ANM,WE,Federal Contract Tower,2,3,8,4,17,0,0,0,0,0,2,3,8,4,17,26,18,44,61
04/10/2021,CYS,WY,ANM,WE,Federal Contract Tower,2,4,8,2,16,0,1,2,0,3,2,5,10,2,19,104,0,104,123
04/11/2021,CYS,WY,ANM,WE,Federal Contract Tower,2,0,12,0,14,0,0,3,0,3,2,0,15,0,17,13,5,18,35
04/12/2021,CYS,WY,ANM,WE,Federal Contract Tower,2,5,9,13,29,0,0,0,0,0,2,5,9,13,29,34,62,96,125
04/13/2021,CYS,WY,ANM,WE,Federal Contract Tower,2,3,17,8,30,0,0,0,0,0,2,3,17,8,30,49,75,124,154
04/14/2021,CYS,WY,ANM,WE,Federal Contract Tower,1,4,4,4,13,0,0,0,0,0,1,4,4,4,13,1,5,6,19
04/15/2021,CYS,WY,ANM,WE,Federal Contract Tower,0,3,4,0,7,0,0,0,0,0,0,3,4,0,7,0,0,0,7
04/16/2021,CYS,WY,ANM,WE,Federal Contract Tower,2,0,0,2,4,0,0,0,0,0,2,0,0,2,4,2,12,14,18
04/17/2021,CYS,WY,ANM,WE,Federal Contract Tower,0,4,11,0,15,0,0,0,0,0,0,4,11,0,15,53,22,75,90
04/18/2021,CYS,WY,ANM,WE,Federal Contract Tower,0,0,9,2,11,0,0,0,0,0,0,0,9,2,11,35,3,38,49
04/19/2021,CYS,WY,ANM,WE,Federal Contract Tower,0,0,0,0,0,0,0,0,0,0,0,0,0,0,0,0,0,0,0
04/20/2021,CYS,WY,ANM,WE,Federal Contract Tower,0,2,14,5,21,0,0,10,0,10,0,2,24,5,31,28,38,66,97
04/21/2021,CYS,WY,ANM,WE,Federal Contract Tower,0,2,12,5,19,0,0,0,0,0,0,2,12,5,19,7,16,23,42
04/22/2021,CYS,WY,ANM,WE,Federal Contract Tower,1,2,11,3,17,0,0,3,0,3,1,2,14,3,20,124,133,257,277
04/23/2021,CYS,WY,ANM,WE,Federal Contract Tower,0,5,20,3,28,0,0,0,5,5,0,5,20,8,33,89,9,98,131
04/24/2021,CYS,WY,ANM,WE,Federal Contract Tower,0,2,11,0,13,0,0,9,3,12,0,2,20,3,25,41,1,42,67
04/25/2021,CYS,WY,ANM,WE,Federal Contract Tower,0,0,19,0,19,0,0,0,0,0,0,0,19,0,19,60,18,78,97
04/26/2021,CYS,WY,ANM,WE,Federal Contract Tower,0,1,15,2,18,0,0,7,0,7,0,1,22,2,25,62,27,89,114
04/27/2021,CYS,WY,ANM,WE,Federal Contract Tower,0,3,18,2,23,0,0,0,0,0,0,3,18,2,23,17,34,51,74
04/28/2021,CYS,WY,ANM,WE,Federal Contract Tower,0,2,22,7,31,0,0,0,2,2,0,2,22,9,33,31,39,70,103
04/29/2021,CYS,WY,ANM,WE,Federal Contract Tower,0,2,20,2,24,0,0,24,0,24,0,2,44,2,48,61,50,111,159
04/30/2021,CYS,WY,ANM,WE,Federal Contract Tower,0,2,16,4,22,0,0,78,0,78,0,2,94,4,100,57,77,134,234
05/01/2021,CYS,WY,ANM,WE,Federal Contract Tower,0,2,7,0,9,0,0,15,0,15,0,2,22,0,24,57,2,59,83
05/02/2021,CYS,WY,ANM,WE,Federal Contract Tower,0,0,0,0,0,0,0,0,0,0,0,0,0,0,0,16,0,16,16
05/03/2021,CYS,WY,ANM,WE,Federal Contract Tower,0,2,0,2,4,0,0,0,0,0,0,2,0,2,4,0,0,0,4
05/04/2021,CYS,WY,ANM,WE,Federal Contract Tower,3,0,8,4,15,0,0,0,0,0,3,0,8,4,15,10,117,127,142
05/05/2021,CYS,WY,ANM,WE,Federal Contract Tower,0,1,9,5,15,0,0,0,0,0,0,1,9,5,15,19,19,38,53
05/06/2021,CYS,WY,ANM,WE,Federal Contract Tower,0,1,11,3,15,0,0,6,0,6,0,1,17,3,21,96,62,158,179
05/07/2021,CYS,WY,ANM,WE,Federal Contract Tower,0,1,11,2,14,0,0,0,0,0,0,1,11,2,14,68,2,70,84
05/09/2021,CYS,WY,ANM,WE,Federal Contract Tower,0,0,1,0,1,0,0,1,0,1,0,0,2,0,2,35,2,37,39
05/10/2021,CYS,WY,ANM,WE,Federal Contract Tower,0,0,2,2,4,0,0,0,0,0,0,0,2,2,4,0,0,0,4
05/11/2021,CYS,WY,ANM,WE,Federal Contract Tower,0,1,4,0,5,0,0,0,0,0,0,1,4,0,5,0,0,0,5
05/12/2021,CYS,WY,ANM,WE,Federal Contract Tower,0,2,14,5,21,0,0,0,0,0,0,2,14,5,21,41,23,64,85
05/13/2021,CYS,WY,ANM,WE,Federal Contract Tower,0,2,15,3,20,0,0,1,0,1,0,2,16,3,21,43,21,64,85
05/14/2021,CYS,WY,ANM,WE,Federal Contract Tower,0,6,10,6,22,0,0,2,0,2,0,6,12,6,24,88,47,135,159
05/15/2021,CYS,WY,ANM,WE,Federal Contract Tower,0,2,4,1,7,0,0,0,4,4,0,2,4,5,11,2,8,10,21
05/16/2021,CYS,WY,ANM,WE,Federal Contract Tower,0,0,8,0,8,0,0,0,0,0,0,0,8,0,8,12,4,16,24
05/17/2021,CYS,WY,ANM,WE,Federal Contract Tower,0,5,15,3,23,0,0,0,0,0,0,5,15,3,23,24,16,40,63
05/18/2021,CYS,WY,ANM,WE,Federal Contract Tower,0,2,15,4,21,0,0,4,0,4,0,2,19,4,25,24,27,51,76
05/19/2021,CYS,WY,ANM,WE,Federal Contract Tower,0,2,13,3,18,0,0,2,5,7,0,2,15,8,25,80,22,102,127
05/20/2021,CYS,WY,ANM,WE,Federal Contract Tower,0,4,20,3,27,0,0,2,0,2,0,4,22,3,29,129,47,176,205
05/21/2021,CYS,WY,ANM,WE,Federal Contract Tower,0,2,16,0,18,0,0,2,0,2,0,2,18,0,20,32,9,41,61
05/22/2021,CYS,WY,ANM,WE,Federal Contract Tower,0,1,15,0,16,0,0,0,0,0,0,1,15,0,16,0,0,0,16
05/23/2021,CYS,WY,ANM,WE,Federal Contract Tower,0,0,9,0,9,0,0,0,0,0,0,0,9,0,9,6,1,7,16
05/24/2021,CYS,WY,ANM,WE,Federal Contract Tower,0,2,14,2,18,0,0,0,0,0,0,2,14,2,18,28,41,69,87
05/25/2021,CYS,WY,ANM,WE,Federal Contract Tower,0,2,20,3,25,0,0,7,0,7,0,2,27,3,32,56,78,134,166
05/26/2021,CYS,WY,ANM,WE,Federal Contract Tower,0,2,9,1,12,0,0,0,0,0,0,2,9,1,12,29,33,62,74
05/27/2021,CYS,WY,ANM,WE,Federal Contract Tower,0,1,20,1,22,0,0,3,0,3,0,1,23,1,25,62,13,75,100
05/28/2021,CYS,WY,ANM,WE,Federal Contract Tower,0,2,13,0,15,0,0,12,0,12,0,2,25,0,27,42,1,43,70
05/29/2021,CYS,WY,ANM,WE,Federal Contract Tower,0,2,8,0,10,0,0,0,0,0,0,2,8,0,10,0,0,0,10
05/30/2021,CYS,WY,ANM,WE,Federal Contract Tower,0,0,3,0,3,0,0,0,0,0,0,0,3,0,3,1,0,1,4
05/31/2021,CYS,WY,ANM,WE,Federal Contract Tower,0,0,16,0,16,0,0,0,0,0,0,0,16,0,16,12,2,14,30
06/01/2021,CYS,WY,ANM,WE,Federal Contract Tower,0,2,9,10,21,0,0,7,0,7,0,2,16,10,28,44,59,103,131
06/02/2021,CYS,WY,ANM,WE,Federal Contract Tower,0,1,18,4,23,0,0,6,0,6,0,1,24,4,29,91,58,149,178
06/03/2021,CYS,WY,ANM,WE,Federal Contract Tower,0,3,14,3,20,0,0,2,0,2,0,3,16,3,22,117,37,154,176
06/04/2021,CYS,WY,ANM,WE,Federal Contract Tower,0,2,10,6,18,0,0,2,8,10,0,2,12,14,28,59,19,78,106
06/05/2021,CYS,WY,ANM,WE,Federal Contract Tower,0,1,5,2,8,0,0,4,1,5,0,1,9,3,13,51,8,59,72
06/06/2021,CYS,WY,ANM,WE,Federal Contract Tower,0,2,16,1,19,0,0,0,0,0,0,2,16,1,19,48,12,60,79
06/07/2021,CYS,WY,ANM,WE,Federal Contract Tower,0,0,8,0,8,0,0,12,7,19,0,0,20,7,27,56,29,85,112
06/08/2021,CYS,WY,ANM,WE,Federal Contract Tower,0,1,17,9,27,0,0,8,2,10,0,1,25,11,37,43,34,77,114
06/09/2021,CYS,WY,ANM,WE,Federal Contract Tower,0,5,21,5,31,0,0,0,0,0,0,5,21,5,31,59,14,73,104
06/10/2021,CYS,WY,ANM,WE,Federal Contract Tower,0,6,10,2,18,0,0,11,5,16,0,6,21,7,34,33,22,55,89
06/11/2021,CYS,WY,ANM,WE,Federal Contract Tower,0,8,10,2,20,0,0,8,0,8,0,8,18,2,28,44,55,99,127
06/12/2021,CYS,WY,ANM,WE,Federal Contract Tower,0,1,15,0,16,0,1,2,2,5,0,2,17,2,21,133,3,136,157
06/13/2021,CYS,WY,ANM,WE,Federal Contract Tower,1,14,0,0,15,0,0,0,0,0,1,14,0,0,15,35,10,45,60
06/14/2021,CYS,WY,ANM,WE,Federal Contract Tower,0,2,5,1,8,0,0,12,4,16,0,2,17,5,24,22,7,29,53
06/15/2021,CYS,WY,ANM,WE,Federal Contract Tower,0,2,5,2,9,0,0,13,10,23,0,2,18,12,32,65,20,85,117
06/17/2021,CYS,WY,ANM,WE,Federal Contract Tower,0,2,10,2,14,0,0,1,2,3,0,2,11,4,17,68,20,88,105
06/18/2021,CYS,WY,ANM,WE,Federal Contract Tower,0,2,13,1,16,0,0,1,0,1,0,2,14,1,17,63,7,70,87
06/19/2021,CYS,WY,ANM,WE,Federal Contract Tower,0,2,9,2,13,0,0,0,6,6,0,2,9,8,19,74,1,75,94
06/20/2021,CYS,WY,ANM,WE,Federal Contract Tower,0,2,6,0,8,0,0,3,0,3,0,2,9,0,11,44,3,47,58
06/21/2021,CYS,WY,ANM,WE,Federal Contract Tower,0,1,15,6,22,0,0,11,0,11,0,1,26,6,33,93,47,140,173
06/22/2021,CYS,WY,ANM,WE,Federal Contract Tower,0,5,17,5,27,0,0,5,0,5,0,5,22,5,32,44,53,97,129
06/23/2021,CYS,WY,ANM,WE,Federal Contract Tower,0,2,15,3,20,0,0,0,10,10,0,2,15,13,30,103,9,112,142
06/24/2021,CYS,WY,ANM,WE,Federal Contract Tower,0,2,16,5,23,0,3,1,2,6,0,5,17,7,29,59,36,95,124
06/25/2021,CYS,WY,ANM,WE,Federal Contract Tower,0,2,4,0,6,0,2,2,0,4,0,4,6,0,10,16,13,29,39
06/26/2021,CYS,WY,ANM,WE,Federal Contract Tower,0,4,25,1,30,0,2,0,0,2,0,6,25,1,32,40,7,47,79
06/27/2021,CYS,WY,ANM,WE,Federal Contract Tower,0,0,7,0,7,0,0,0,0,0,0,0,7,0,7,23,6,29,36
06/28/2021,CYS,WY,ANM,WE,Federal Contract Tower,0,2,23,0,25,0,0,9,0,9,0,2,32,0,34,99,0,99,133
06/29/2021,CYS,WY,ANM,WE,Federal Contract Tower,0,2,20,5,27,0,0,0,0,0,0,2,20,5,27,64,12,76,103
06/30/2021,CYS,WY,ANM,WE,Federal Contract Tower,0,2,15,10,27,0,0,31,0,31,0,2,46,10,58,46,46,92,150
07/01/2021,CYS,WY,ANM,WE,Federal Contract Tower,0,2,2,9,13,0,0,3,1,4,0,2,5,10,17,31,49,80,97
07/02/2021,CYS,WY,ANM,WE,Federal Contract Tower,0,7,17,0,24,0,0,1,1,2,0,7,18,1,26,66,0,66,92
07/03/2021,CYS,WY,ANM,WE,Federal Contract Tower,0,2,8,3,13,0,0,2,0,2,0,2,10,3,15,79,0,79,94
07/04/2021,CYS,WY,ANM,WE,Federal Contract Tower,0,0,4,0,4,0,0,10,0,10,0,0,14,0,14,30,0,30,44
07/05/2021,CYS,WY,ANM,WE,Federal Contract Tower,0,0,0,7,7,0,0,2,0,2,0,0,2,7,9,76,2,78,87
07/06/2021,CYS,WY,ANM,WE,Federal Contract Tower,0,2,19,6,27,0,0,1,0,1,0,2,20,6,28,90,34,124,152
07/07/2021,CYS,WY,ANM,WE,Federal Contract Tower,0,3,10,7,20,0,0,14,0,14,0,3,24,7,34,49,72,121,155
07/08/2021,CYS,WY,ANM,WE,Federal Contract Tower,0,3,16,2,21,0,0,1,0,1,0,3,17,2,22,66,57,123,145
07/09/2021,CYS,WY,ANM,WE,Federal Contract Tower,0,2,5,4,11,0,0,2,0,2,0,2,7,4,13,60,11,71,84
07/10/2021,CYS,WY,ANM,WE,Federal Contract Tower,0,9,14,2,25,0,0,3,1,4,0,9,17,3,29,39,5,44,73
07/11/2021,CYS,WY,ANM,WE,Federal Contract Tower,0,1,8,1,10,0,0,8,0,8,0,1,16,1,18,88,7,95,113
07/12/2021,CYS,WY,ANM,WE,Federal Contract Tower,0,3,20,3,26,0,0,7,7,14,0,3,27,10,40,76,87,163,203
07/13/2021,CYS,WY,ANM,WE,Federal Contract Tower,0,2,8,2,12,0,0,0,0,0,0,2,8,2,12,69,14,83,95
07/14/2021,CYS,WY,ANM,WE,Federal Contract Tower,0,1,23,8,32,0,0,1,14,15,0,1,24,22,47,27,6,33,80
07/15/2021,CYS,WY,ANM,WE,Federal Contract Tower,0,3,15,1,19,0,0,2,0,2,0,3,17,1,21,70,19,89,110
07/16/2021,CYS,WY,ANM,WE,Federal Contract Tower,0,2,14,0,16,0,0,5,0,5,0,2,19,0,21,48,0,48,69
07/17/2021,CYS,WY,ANM,WE,Federal Contract Tower,0,2,13,2,17,0,0,5,1,6,0,2,18,3,23,64,2,66,89
07/18/2021,CYS,WY,ANM,WE,Federal Contract Tower,0,1,13,0,14,0,0,10,0,10,0,1,23,0,24,23,0,23,47
07/20/2021,CYS,WY,ANM,WE,Federal Contract Tower,0,3,13,9,25,0,0,4,0,4,0,3,17,9,29,89,66,155,184
07/21/2021,CYS,WY,ANM,WE,Federal Contract Tower,0,2,20,2,24,0,0,12,0,12,0,2,32,2,36,84,21,105,141
07/22/2021,CYS,WY,ANM,WE,Federal Contract Tower,0,1,20,2,23,0,0,0,0,0,0,1,20,2,23,46,23,69,92
07/23/2021,CYS,WY,ANM,WE,Federal Contract Tower,0,6,25,2,33,0,0,13,2,15,0,6,38,4,48,104,4,108,156
07/24/2021,CYS,WY,ANM,WE,Federal Contract Tower,0,3,18,2,23,0,0,2,0,2,0,3,20,2,25,61,0,61,86
07/25/2021,CYS,WY,ANM,WE,Federal Contract Tower,0,3,17,0,20,0,0,0,0,0,0,3,17,0,20,27,3,30,50
07/26/2021,CYS,WY,ANM,WE,Federal Contract Tower,0,5,16,2,23,0,0,4,0,4,0,5,20,2,27,22,4,26,53
07/27/2021,CYS,WY,ANM,WE,Federal Contract Tower,0,2,27,2,31,0,0,0,0,0,0,2,27,2,31,52,6,58,89
07/28/2021,CYS,WY,ANM,WE,Federal Contract Tower,0,9,17,0,26,0,0,12,0,12,0,9,29,0,38,36,3,39,77
07/29/2021,CYS,WY,ANM,WE,Federal Contract Tower,0,8,30,6,44,0,0,1,0,1,0,8,31,6,45,14,0,14,59
07/30/2021,CYS,WY,ANM,WE,Federal Contract Tower,0,4,18,0,22,0,0,21,0,21,0,4,39,0,43,34,2,36,79
07/31/2021,CYS,WY,ANM,WE,Federal Contract Tower,0,9,27,3,39,0,5,7,0,12,0,14,34,3,51,31,0,31,82
08/01/2021,CYS,WY,ANM,WE,Federal Contract Tower,0,8,28,0,36,0,0,3,0,3,0,8,31,0,39,30,3,33,72
08/02/2021,CYS,WY,ANM,WE,Federal Contract Tower,0,2,18,1,21,0,3,2,0,5,0,5,20,1,26,65,49,114,140
08/03/2021,CYS,WY,ANM,WE,Federal Contract Tower,0,2,18,1,21,0,0,19,0,19,0,2,37,1,40,24,15,39,79
08/04/2021,CYS,WY,ANM,WE,Federal Contract Tower,0,2,7,7,16,2,5,1,3,11,2,7,8,10,27,48,53,101,128
08/05/2021,CYS,WY,ANM,WE,Federal Contract Tower,0,4,7,6,17,0,0,4,0,4,0,4,11,6,21,130,51,181,202
08/06/2021,CYS,WY,ANM,WE,Federal Contract Tower,0,4,17,0,21,0,0,1,3,4,0,4,18,3,25,69,17,86,111
08/07/2021,CYS,WY,ANM,WE,Federal Contract Tower,0,3,11,0,14,0,0,5,0,5,0,3,16,0,19,3,5,8,27
08/08/2021,CYS,WY,ANM,WE,Federal Contract Tower,0,0,10,0,10,0,0,2,0,2,0,0,12,0,12,13,1,14,26
08/09/2021,CYS,WY,ANM,WE,Federal Contract Tower,0,2,9,3,14,0,0,3,1,4,0,2,12,4,18,29,36,65,83
08/10/2021,CYS,WY,ANM,WE,Federal Contract Tower,0,2,8,0,10,0,0,3,0,3,0,2,11,0,13,16,6,22,35
08/11/2021,CYS,WY,ANM,WE,Federal Contract Tower,0,2,11,2,15,0,0,5,0,5,0,2,16,2,20,52,7,59,79
08/12/2021,CYS,WY,ANM,WE,Federal Contract Tower,0,1,7,3,11,0,0,3,1,4,0,1,10,4,15,26,6,32,47
08/13/2021,CYS,WY,ANM,WE,Federal Contract Tower,0,2,14,4,20,0,0,1,0,1,0,2,15,4,21,76,24,100,121
08/14/2021,CYS,WY,ANM,WE,Federal Contract Tower,0,2,4,1,7,0,0,0,0,0,0,2,4,1,7,81,15,96,103
08/15/2021,CYS,WY,ANM,WE,Federal Contract Tower,0,0,10,0,10,0,0,0,0,0,0,0,10,0,10,39,0,39,49
08/16/2021,CYS,WY,ANM,WE,Federal Contract Tower,0,2,16,7,25,0,0,1,1,2,0,2,17,8,27,33,70,103,130
08/17/2021,CYS,WY,ANM,WE,Federal Contract Tower,0,2,14,4,20,0,0,0,13,13,0,2,14,17,33,59,38,97,130
08/18/2021,CYS,WY,ANM,WE,Federal Contract Tower,0,2,21,8,31,0,0,3,13,16,0,2,24,21,47,44,78,122,169
08/19/2021,CYS,WY,ANM,WE,Federal Contract Tower,0,2,22,5,29,0,0,4,0,4,0,2,26,5,33,65,76,141,174
08/20/2021,CYS,WY,ANM,WE,Federal Contract Tower,0,5,10,2,17,0,0,15,2,17,0,5,25,4,34,17,84,101,135
08/21/2021,CYS,WY,ANM,WE,Federal Contract Tower,0,0,6,0,6,0,0,0,8,8,0,0,6,8,14,33,0,33,47
08/22/2021,CYS,WY,ANM,WE,Federal Contract Tower,0,4,13,0,17,0,0,1,0,1,0,4,14,0,18,43,0,43,61
08/23/2021,CYS,WY,ANM,WE,Federal Contract Tower,0,7,13,8,28,0,0,1,0,1,0,7,14,8,29,39,67,106,135
08/24/2021,CYS,WY,ANM,WE,Federal Contract Tower,0,2,22,5,29,0,0,0,1,1,0,2,22,6,30,61,86,147,177
08/25/2021,CYS,WY,ANM,WE,Federal Contract Tower,0,2,9,15,26,0,2,12,0,14,0,4,21,15,40,44,94,138,178
08/26/2021,CYS,WY,ANM,WE,Federal Contract Tower,0,6,17,6,29,0,0,4,4,8,0,6,21,10,37,68,91,159,196
08/27/2021,CYS,WY,ANM,WE,Federal Contract Tower,0,4,26,2,32,0,0,9,0,9,0,4,35,2,41,57,20,77,118
08/28/2021,CYS,WY,ANM,WE,Federal Contract Tower,0,3,2,1,6,0,0,11,0,11,0,3,13,1,17,29,25,54,71
08/29/2021,CYS,WY,ANM,WE,Federal Contract Tower,0,2,18,0,20,0,0,3,0,3,0,2,21,0,23,26,0,26,49
08/30/2021,CYS,WY,ANM,WE,Federal Contract Tower,0,2,11,3,16,0,0,5,1,6,0,2,16,4,22,70,52,122,144
08/31/2021,CYS,WY,ANM,WE,Federal Contract Tower,0,2,16,4,22,0,0,0,2,2,0,2,16,6,24,21,9,30,54
09/01/2021,CYS,WY,ANM,WE,Federal Contract Tower,0,1,12,2,15,0,0,11,27,38,0,1,23,29,53,27,27,54,107
09/02/2021,CYS,WY,ANM,WE,Federal Contract Tower,0,6,16,9,31,0,0,0,0,0,0,6,16,9,31,53,47,100,131
09/03/2021,CYS,WY,ANM,WE,Federal Contract Tower,0,2,12,0,14,0,0,0,0,0,0,2,12,0,14,110,6,116,130
09/04/2021,CYS,WY,ANM,WE,Federal Contract Tower,0,4,15,0,19,0,0,0,0,0,0,4,15,0,19,91,0,91,110
09/05/2021,CYS,WY,ANM,WE,Federal Contract Tower,0,0,4,0,4,0,0,1,0,1,0,0,5,0,5,31,0,31,36
09/06/2021,CYS,WY,ANM,WE,Federal Contract Tower,0,0,7,0,7,0,0,0,0,0,0,0,7,0,7,56,0,56,63
09/07/2021,CYS,WY,ANM,WE,Federal Contract Tower,0,2,20,2,24,0,0,2,6,8,0,2,22,8,32,39,53,92,124
09/08/2021,CYS,WY,ANM,WE,Federal Contract Tower,0,2,34,4,40,0,0,18,4,22,0,2,52,8,62,26,81,107,169
09/09/2021,CYS,WY,ANM,WE,Federal Contract Tower,0,2,13,6,21,0,0,7,1,8,0,2,20,7,29,38,41,79,108
09/10/2021,CYS,WY,ANM,WE,Federal Contract Tower,0,2,18,0,20,0,0,7,0,7,0,2,25,0,27,132,51,183,210
09/11/2021,CYS,WY,ANM,WE,Federal Contract Tower,0,2,2,0,4,0,0,16,0,16,0,2,18,0,20,92,43,135,155
09/12/2021,CYS,WY,ANM,WE,Federal Contract Tower,0,0,4,0,4,0,0,5,0,5,0,0,9,0,9,24,18,42,51
09/13/2021,CYS,WY,ANM,WE,Federal Contract Tower,0,1,10,9,20,0,0,15,0,15,0,1,25,9,35,4,36,40,75
09/14/2021,CYS,WY,ANM,WE,Federal Contract Tower,0,3,13,4,20,0,0,0,5,5,0,3,13,9,25,23,26,49,74
09/15/2021,CYS,WY,ANM,WE,Federal Contract Tower,0,2,9,5,16,0,0,12,1,13,0,2,21,6,29,68,56,124,153
09/16/2021,CYS,WY,ANM,WE,Federal Contract Tower,0,4,14,3,21,0,0,2,2,4,0,4,16,5,25,42,63,105,130
09/17/2021,CYS,WY,ANM,WE,Federal Contract Tower,0,2,17,3,22,0,0,18,0,18,0,2,35,3,40,56,22,78,118
09/18/2021,CYS,WY,ANM,WE,Federal Contract Tower,0,1,4,0,5,0,0,2,0,2,0,1,6,0,7,73,0,73,80
09/19/2021,CYS,WY,ANM,WE,Federal Contract Tower,0,0,8,1,9,0,0,0,0,0,0,0,8,1,9,14,0,14,23
09/20/2021,CYS,WY,ANM,WE,Federal Contract Tower,0,2,19,2,23,0,0,2,0,2,0,2,21,2,25,40,48,88,113
09/21/2021,CYS,WY,ANM,WE,Federal Contract Tower,0,7,8,4,19,0,0,10,1,11,0,7,18,5,30,81,40,121,151
09/22/2021,CYS,WY,ANM,WE,Federal Contract Tower,0,2,22,9,33,0,0,7,0,7,0,2,29,9,40,66,58,124,164
09/23/2021,CYS,WY,ANM,WE,Federal Contract Tower,0,3,11,2,16,0,0,6,0,6,0,3,17,2,22,103,34,137,159
09/24/2021,CYS,WY,ANM,WE,Federal Contract Tower,0,4,16,1,21,0,0,10,0,10,0,4,26,1,31,117,15,132,163
09/25/2021,CYS,WY,ANM,WE,Federal Contract Tower,0,3,10,1,14,0,0,2,0,2,0,3,12,1,16,35,0,35,51
09/26/2021,CYS,WY,ANM,WE,Federal Contract Tower,0,0,10,2,12,0,0,0,0,0,0,0,10,2,12,16,2,18,30
09/27/2021,CYS,WY,ANM,WE,Federal Contract Tower,0,5,21,1,27,0,0,2,4,6,0,5,23,5,33,89,3,92,125
09/28/2021,CYS,WY,ANM,WE,Federal Contract Tower,0,4,8,2,14,0,0,0,0,0,0,4,8,2,14,54,6,60,74
09/29/2021,CYS,WY,ANM,WE,Federal Contract Tower,0,2,9,5,16,0,0,2,0,2,0,2,11,5,18,15,10,25,43
09/30/2021,CYS,WY,ANM,WE,Federal Contract Tower,0,4,19,2,25,0,0,0,0,0,0,4,19,2,25,94,4,98,123
10/01/2021,CYS,WY,ANM,WE,Federal Contract Tower,0,2,20,3,25,0,0,0,0,0,0,2,20,3,25,149,6,155,180
10/02/2021,CYS,WY,ANM,WE,Federal Contract Tower,0,2,11,0,13,0,0,8,0,8,0,2,19,0,21,123,0,123,144
10/03/2021,CYS,WY,ANM,WE,Federal Contract Tower,0,0,12,0,12,0,0,1,0,1,0,0,13,0,13,45,1,46,59
10/04/2021,CYS,WY,ANM,WE,Federal Contract Tower,0,2,9,4,15,0,0,0,0,0,0,2,9,4,15,94,76,170,185
10/05/2021,CYS,WY,ANM,WE,Federal Contract Tower,0,2,6,1,9,0,0,0,0,0,0,2,6,1,9,51,54,105,114
10/06/2021,CYS,WY,ANM,WE,Federal Contract Tower,0,4,10,7,21,0,0,22,0,22,0,4,32,7,43,49,77,126,169
10/07/2021,CYS,WY,ANM,WE,Federal Contract Tower,0,2,24,3,29,0,0,0,0,0,0,2,24,3,29,37,10,47,76
10/08/2021,CYS,WY,ANM,WE,Federal Contract Tower,0,3,19,0,22,0,0,0,0,0,0,3,19,0,22,109,31,140,162
10/09/2021,CYS,WY,ANM,WE,Federal Contract Tower,0,2,2,0,4,0,0,0,0,0,0,2,2,0,4,27,0,27,31
10/10/2021,CYS,WY,ANM,WE,Federal Contract Tower,0,0,5,0,5,0,0,0,0,0,0,0,5,0,5,25,3,28,33
10/11/2021,CYS,WY,ANM,WE,Federal Contract Tower,0,2,21,0,23,0,0,0,0,0,0,2,21,0,23,40,0,40,63
10/12/2021,CYS,WY,ANM,WE,Federal Contract Tower,0,0,10,2,12,0,0,0,0,0,0,0,10,2,12,20,0,20,32
10/13/2021,CYS,WY,ANM,WE,Federal Contract Tower,0,4,3,5,12,0,0,0,0,0,0,4,3,5,12,5,58,63,75
10/14/2021,CYS,WY,ANM,WE,Federal Contract Tower,0,2,4,0,6,0,0,0,0,0,0,2,4,0,6,32,7,39,45
10/15/2021,CYS,WY,ANM,WE,Federal Contract Tower,0,2,13,4,19,0,0,9,0,9,0,2,22,4,28,44,82,126,154
10/16/2021,CYS,WY,ANM,WE,Federal Contract Tower,0,2,6,0,8,0,0,0,1,1,0,2,6,1,9,43,1,44,53
10/17/2021,CYS,WY,ANM,WE,Federal Contract Tower,0,0,10,2,12,0,0,17,0,17,0,0,27,2,29,12,0,12,41
10/18/2021,CYS,WY,ANM,WE,Federal Contract Tower,0,5,7,5,17,0,0,0,0,0,0,5,7,5,17,69,73,142,159
10/19/2021,CYS,WY,ANM,WE,Federal Contract Tower,0,2,7,0,9,0,2,0,0,2,0,4,7,0,11,10,14,24,35
10/20/2021,CYS,WY,ANM,WE,Federal Contract Tower,0,6,13,5,24,0,0,4,0,4,0,6,17,5,28,28,87,115,143
10/21/2021,CYS,WY,ANM,WE,Federal Contract Tower,0,2,14,5,21,0,0,2,0,2,0,2,16,5,23,77,71,148,171
10/22/2021,CYS,WY,ANM,WE,Federal Contract Tower,0,5,11,2,18,0,0,13,0,13,0,5,24,2,31,67,13,80,111
10/23/2021,CYS,WY,ANM,WE,Federal Contract Tower,0,2,10,1,13,0,0,0,0,0,0,2,10,1,13,49,0,49,62
10/24/2021,CYS,WY,ANM,WE,Federal Contract Tower,0,4,4,0,8,0,0,1,0,1,0,4,5,0,9,43,0,43,52
10/25/2021,CYS,WY,ANM,WE,Federal Contract Tower,0,2,11,3,16,0,0,2,0,2,0,2,13,3,18,48,45,93,111
10/26/2021,CYS,WY,ANM,WE,Federal Contract Tower,0,6,7,5,18,0,0,2,0,2,0,6,9,5,20,38,77,115,135
10/27/2021,CYS,WY,ANM,WE,Federal Contract Tower,0,2,3,4,9,0,0,2,1,3,0,2,5,5,12,0,20,20,32
10/28/2021,CYS,WY,ANM,WE,Federal Contract Tower,0,2,11,2,15,0,0,4,0,4,0,2,15,2,19,36,43,79,98
10/29/2021,CYS,WY,ANM,WE,Federal Contract Tower,0,4,32,1,37,0,0,0,0,0,0,4,32,1,37,89,15,104,141
10/30/2021,CYS,WY,ANM,WE,Federal Contract Tower,0,2,4,0,6,0,0,2,0,2,0,2,6,0,8,11,0,11,19
10/31/2021,CYS,WY,ANM,WE,Federal Contract Tower,0,0,0,0,0,0,0,0,0,0,0,0,0,0,0,5,0,5,5
11/01/2021,CYS,WY,ANM,WE,Federal Contract Tower,1,2,3,0,6,0,0,0,0,0,1,2,3,0,6,0,0,0,6
11/02/2021,CYS,WY,ANM,WE,Federal Contract Tower,3,1,2,4,10,0,0,0,0,0,3,1,2,4,10,6,3,9,19
11/03/2021,CYS,WY,ANM,WE,Federal Contract Tower,4,1,12,8,25,0,0,5,0,5,4,1,17,8,30,46,54,100,130
11/04/2021,CYS,WY,ANM,WE,Federal Contract Tower,4,2,11,4,21,0,0,4,0,4,4,2,15,4,25,96,109,205,230
11/06/2021,CYS,WY,ANM,WE,Federal Contract Tower,3,0,7,2,12,0,0,2,0,2,3,0,9,2,14,36,2,38,52
11/07/2021,CYS,WY,ANM,WE,Federal Contract Tower,3,0,10,5,18,0,0,2,0,2,3,0,12,5,20,10,5,15,35
11/08/2021,CYS,WY,ANM,WE,Federal Contract Tower,3,2,12,6,23,0,0,2,3,5,3,2,14,9,28,16,28,44,72
11/09/2021,CYS,WY,ANM,WE,Federal Contract Tower,3,1,22,11,37,0,0,0,0,0,3,1,22,11,37,60,102,162,199
11/10/2021,CYS,WY,ANM,WE,Federal Contract Tower,3,2,9,1,15,0,0,0,0,0,3,2,9,1,15,12,67,79,94
11/11/2021,CYS,WY,ANM,WE,Federal Contract Tower,7,2,13,0,22,0,0,0,0,0,7,2,13,0,22,5,0,5,27
11/12/2021,CYS,WY,ANM,WE,Federal Contract Tower,3,2,4,0,9,0,0,0,0,0,3,2,4,0,9,19,5,24,33
11/13/2021,CYS,WY,ANM,WE,Federal Contract Tower,5,0,6,0,11,0,0,0,0,0,5,0,6,0,11,3,2,5,16
11/14/2021,CYS,WY,ANM,WE,Federal Contract Tower,0,3,3,0,6,0,0,0,0,0,0,3,3,0,6,7,0,7,13
11/15/2021,CYS,WY,ANM,WE,Federal Contract Tower,3,0,13,12,28,0,0,2,0,2,3,0,15,12,30,10,44,54,84
11/16/2021,CYS,WY,ANM,WE,Federal Contract Tower,3,4,4,3,14,0,0,0,0,0,3,4,4,3,14,6,13,19,33
11/17/2021,CYS,WY,ANM,WE,Federal Contract Tower,3,1,14,3,21,0,0,6,0,6,3,1,20,3,27,37,10,47,74
11/18/2021,CYS,WY,ANM,WE,Federal Contract Tower,4,1,9,2,16,0,0,0,0,0,4,1,9,2,16,14,10,24,40
11/19/2021,CYS,WY,ANM,WE,Federal Contract Tower,4,1,19,2,26,0,0,0,0,0,4,1,19,2,26,24,10,34,60
11/20/2021,CYS,WY,ANM,WE,Federal Contract Tower,2,0,16,0,18,0,0,0,0,0,2,0,16,0,18,37,2,39,57
11/21/2021,CYS,WY,ANM,WE,Federal Contract Tower,3,0,9,0,12,0,0,3,0,3,3,0,12,0,15,32,0,32,47
11/22/2021,CYS,WY,ANM,WE,Federal Contract Tower,4,2,8,5,19,0,0,3,0,3,4,2,11,5,22,47,53,100,122
11/23/2021,CYS,WY,ANM,WE,Federal Contract Tower,3,5,16,3,27,0,0,0,0,0,3,5,16,3,27,31,89,120,147
11/25/2021,CYS,WY,ANM,WE,Federal Contract Tower,2,1,0,0,3,0,0,1,0,1,2,1,1,0,4,3,0,3,7
11/26/2021,CYS,WY,ANM,WE,Federal Contract Tower,2,2,11,0,15,0,0,1,0,1,2,2,12,0,16,12,0,12,28
11/27/2021,CYS,WY,ANM,WE,Federal Contract Tower,4,2,4,0,10,0,0,5,0,5,4,2,9,0,15,75,0,75,90
11/28/2021,CYS,WY,ANM,WE,Federal Contract Tower,4,4,5,0,13,0,0,1,0,1,4,4,6,0,14,24,0,24,38
11/29/2021,CYS,WY,ANM,WE,Federal Contract Tower,4,6,13,3,26,0,0,0,0,0,4,6,13,3,26,22,20,42,68
11/30/2021,CYS,WY,ANM,WE,Federal Contract Tower,2,2,11,7,22,0,0,2,0,2,2,2,13,7,24,26,34,60,84
12/01/2021,CYS,WY,ANM,WE,Federal Contract Tower,3,6,8,15,32,0,0,0,0,0,3,6,8,15,32,16,119,135,167
12/02/2021,CYS,WY,ANM,WE,Federal Contract Tower,4,5,13,5,27,0,0,24,0,24,4,5,37,5,51,85,96,181,232
12/03/2021,CYS,WY,ANM,WE,Federal Contract Tower,4,6,12,2,24,0,0,0,0,0,4,6,12,2,24,84,8,92,116
12/04/2021,CYS,WY,ANM,WE,Federal Contract Tower,2,2,6,1,11,0,0,16,0,16,2,2,22,1,27,50,11,61,88
12/05/2021,CYS,WY,ANM,WE,Federal Contract Tower,3,0,4,0,7,0,0,0,0,0,3,0,4,0,7,0,0,0,7
12/06/2021,CYS,WY,ANM,WE,Federal Contract Tower,3,0,13,6,22,0,0,0,0,0,3,0,13,6,22,27,37,64,86
12/07/2021,CYS,WY,ANM,WE,Federal Contract Tower,2,0,15,2,19,0,0,0,0,0,2,0,15,2,19,8,48,56,75
12/08/2021,CYS,WY,ANM,WE,Federal Contract Tower,4,2,20,8,34,0,0,7,0,7,4,2,27,8,41,97,64,161,202
12/09/2021,CYS,WY,ANM,WE,Federal Contract Tower,3,0,10,3,16,0,0,0,0,0,3,0,10,3,16,23,0,23,39
12/10/2021,CYS,WY,ANM,WE,Federal Contract Tower,5,2,5,5,17,0,0,0,0,0,5,2,5,5,17,13,104,117,134
12/11/2021,CYS,WY,ANM,WE,Federal Contract Tower,2,0,3,0,5,0,0,0,0,0,2,0,3,0,5,0,0,0,5
12/12/2021,CYS,WY,ANM,WE,Federal Contract Tower,4,0,4,0,8,0,0,0,0,0,4,0,4,0,8,19,19,38,46
12/13/2021,CYS,WY,ANM,WE,Federal Contract Tower,4,4,10,6,24,0,0,0,0,0,4,4,10,6,24,81,56,137,161
12/14/2021,CYS,WY,ANM,WE,Federal Contract Tower,2,1,34,9,46,0,0,0,0,0,2,1,34,9,46,100,51,151,197
12/15/2021,CYS,WY,ANM,WE,Federal Contract Tower,3,1,12,0,16,0,0,0,0,0,3,1,12,0,16,5,3,8,24
12/16/2021,CYS,WY,ANM,WE,Federal Contract Tower,5,4,15,6,30,0,0,16,2,18,5,4,31,8,48,43,102,145,193
12/17/2021,CYS,WY,ANM,WE,Federal Contract Tower,6,2,7,1,16,0,0,0,1,1,6,2,7,2,17,29,4,33,50
12/18/2021,CYS,WY,ANM,WE,Federal Contract Tower,2,0,7,0,9,0,0,0,0,0,2,0,7,0,9,144,0,144,153
12/19/2021,CYS,WY,ANM,WE,Federal Contract Tower,4,0,4,1,9,0,0,0,0,0,4,0,4,1,9,10,0,10,19
12/20/2021,CYS,WY,ANM,WE,Federal Contract Tower,4,0,9,12,25,0,0,0,0,0,4,0,9,12,25,26,29,55,80
12/21/2021,CYS,WY,ANM,WE,Federal Contract Tower,3,2,3,0,8,0,0,0,0,0,3,2,3,0,8,2,0,2,10
12/22/2021,CYS,WY,ANM,WE,Federal Contract Tower,6,4,6,0,16,0,0,0,0,0,6,4,6,0,16,0,0,0,16
12/23/2021,CYS,WY,ANM,WE,Federal Contract Tower,5,5,7,0,17,0,0,0,0,0,5,5,7,0,17,0,0,0,17
12/24/2021,CYS,WY,ANM,WE,Federal Contract Tower,4,2,0,8,14,0,0,2,0,2,4,2,2,8,16,0,1,1,17
12/25/2021,CYS,WY,ANM,WE,Federal Contract Tower,2,0,1,0,3,0,0,2,0,2,2,0,3,0,5,2,0,2,7
12/26/2021,CYS,WY,ANM,WE,Federal Contract Tower,4,6,14,0,24,0,0,0,0,0,4,6,14,0,24,4,0,4,28
12/27/2021,CYS,WY,ANM,WE,Federal Contract Tower,4,0,16,0,20,0,0,1,0,1,4,0,17,0,21,14,10,24,45
12/28/2021,CYS,WY,ANM,WE,Federal Contract Tower,2,2,10,1,15,0,0,0,0,0,2,2,10,1,15,38,25,63,78
12/29/2021,CYS,WY,ANM,WE,Federal Contract Tower,0,4,21,0,25,0,0,0,0,0,0,4,21,0,25,19,8,27,52
12/30/2021,CYS,WY,ANM,WE,Federal Contract Tower,2,0,4,0,6,0,0,1,0,1,2,0,5,0,7,5,0,5,12
12/31/2021,CYS,WY,ANM,WE,Federal Contract Tower,5,1,0,0,6,0,0,0,0,0,5,1,0,0,6,14,0,14,20
01/01/2022,CYS,WY,ANM,WE,Federal Contract Tower,4,0,2,0,6,0,0,1,0,1,4,0,3,0,7,8,0,8,15
01/02/2022,CYS,WY,ANM,WE,Federal Contract Tower,5,0,5,0,10,0,0,3,0,3,5,0,8,0,13,10,0,10,23
01/03/2022,CYS,WY,ANM,WE,Federal Contract Tower,3,4,10,4,21,0,0,0,0,0,3,4,10,4,21,50,14,64,85
01/04/2022,CYS,WY,ANM,WE,Federal Contract Tower,0,1,8,2,11,0,0,0,0,0,0,1,8,2,11,0,0,0,11
01/05/2022,CYS,WY,ANM,WE,Federal Contract Tower,0,1,6,0,7,0,0,0,0,0,0,1,6,0,7,0,0,0,7
01/06/2022,CYS,WY,ANM,WE,Federal Contract Tower,0,0,10,1,11,0,0,0,0,0,0,0,10,1,11,1,12,13,24
01/07/2022,CYS,WY,ANM,WE,Federal Contract Tower,1,2,15,11,29,0,0,0,0,0,1,2,15,11,29,78,31,109,138
01/08/2022,CYS,WY,ANM,WE,Federal Contract Tower,2,0,9,0,11,0,0,0,0,0,2,0,9,0,11,35,11,46,57
01/09/2022,CYS,WY,ANM,WE,Federal Contract Tower,2,0,18,1,21,0,0,26,0,26,2,0,44,1,47,27,3,30,77
01/10/2022,CYS,WY,ANM,WE,Federal Contract Tower,0,4,13,7,24,0,0,0,0,0,0,4,13,7,24,21,29,50,74
01/11/2022,CYS,WY,ANM,WE,Federal Contract Tower,0,4,9,4,17,0,0,0,0,0,0,4,9,4,17,34,23,57,74
01/12/2022,CYS,WY,ANM,WE,Federal Contract Tower,0,5,4,4,13,0,0,6,1,7,0,5,10,5,20,26,83,109,129
01/13/2022,CYS,WY,ANM,WE,Federal Contract Tower,2,2,2,2,8,0,0,0,0,0,2,2,2,2,8,96,48,144,152
01/14/2022,CYS,WY,ANM,WE,Federal Contract Tower,2,4,9,0,15,0,0,0,0,0,2,4,9,0,15,3,0,3,18
01/15/2022,CYS,WY,ANM,WE,Federal Contract Tower,2,2,1,0,5,0,0,16,2,18,2,2,17,2,23,54,2,56,79
01/16/2022,CYS,WY,ANM,WE,Federal Contract Tower,2,0,5,0,7,0,0,0,0,0,2,0,5,0,7,15,0,15,22
01/17/2022,CYS,WY,ANM,WE,Federal Contract Tower,1,2,9,0,12,0,0,0,0,0,1,2,9,0,12,24,0,24,36
01/18/2022,CYS,WY,ANM,WE,Federal Contract Tower,2,1,25,8,36,0,0,2,0,2,2,1,27,8,38,33,70,103,141
01/19/2022,CYS,WY,ANM,WE,Federal Contract Tower,2,2,9,3,16,0,0,0,0,0,2,2,9,3,16,0,21,21,37
01/20/2022,CYS,WY,ANM,WE,Federal Contract Tower,3,3,16,7,29,0,0,0,0,0,3,3,16,7,29,55,83,138,167
01/21/2022,CYS,WY,ANM,WE,Federal Contract Tower,3,4,14,9,30,0,0,0,0,0,3,4,14,9,30,29,31,60,90
01/22/2022,CYS,WY,ANM,WE,Federal Contract Tower,2,4,6,2,14,0,0,19,23,42,2,4,25,25,56,78,12,90,146
01/23/2022,CYS,WY,ANM,WE,Federal Contract Tower,1,0,3,0,4,0,0,0,0,0,1,0,3,0,4,23,0,23,27
01/24/2022,CYS,WY,ANM,WE,Federal Contract Tower,2,6,21,8,37,0,0,2,0,2,2,6,23,8,39,45,100,145,184
01/25/2022,CYS,WY,ANM,WE,Federal Contract Tower,2,2,12,4,20,0,0,0,0,0,2,2,12,4,20,0,33,33,53
01/26/2022,CYS,WY,ANM,WE,Federal Contract Tower,2,2,12,12,28,0,0,13,0,13,2,2,25,12,41,31,51,82,123
01/27/2022,CYS,WY,ANM,WE,Federal Contract Tower,6,0,5,27,38,0,0,1,0,1,6,0,6,27,39,24,2,26,65
01/28/2022,CYS,WY,ANM,WE,Federal Contract Tower,2,2,1,2,7,0,0,6,0,6,2,2,7,2,13,42,10,52,65
01/29/2022,CYS,WY,ANM,WE,Federal Contract Tower,2,1,11,0,14,0,0,34,0,34,2,1,45,0,48,82,0,82,130
01/30/2022,CYS,WY,ANM,WE,Federal Contract Tower,2,0,14,1,17,0,0,110,0,110,2,0,124,1,127,108,0,108,235
01/31/2022,CYS,WY,ANM,WE,Federal Contract Tower,0,3,5,1,9,0,1,0,0,1,0,4,5,1,10,10,19,29,39
02/01/2022,CYS,WY,ANM,WE,Federal Contract Tower,2,2,1,3,8,0,0,0,0,0,2,2,1,3,8,0,13,13,21
02/02/2022,CYS,WY,ANM,WE,Federal Contract Tower,1,2,3,0,6,0,0,0,0,0,1,2,3,0,6,0,0,0,6
02/03/2022,CYS,WY,ANM,WE,Federal Contract Tower,2,1,6,0,9,0,0,27,2,29,2,1,33,2,38,66,65,131,169
02/04/2022,CYS,WY,ANM,WE,Federal Contract Tower,2,5,8,3,18,0,0,7,2,9,2,5,15,5,27,62,13,75,102
02/05/2022,CYS,WY,ANM,WE,Federal Contract Tower,1,4,6,0,11,0,0,10,2,12,1,4,16,2,23,58,6,64,87
02/06/2022,CYS,WY,ANM,WE,Federal Contract Tower,2,0,15,0,17,0,0,0,0,0,2,0,15,0,17,12,0,12,29
02/07/2022,CYS,WY,ANM,WE,Federal Contract Tower,8,0,11,3,22,0,0,11,2,13,8,0,22,5,35,39,21,60,95
02/08/2022,CYS,WY,ANM,WE,Federal Contract Tower,0,6,9,1,16,0,1,2,6,9,0,7,11,7,25,21,62,83,108
02/09/2022,CYS,WY,ANM,WE,Federal Contract Tower,2,2,15,5,24,0,0,0,0,0,2,2,15,5,24,50,38,88,112
02/10/2022,CYS,WY,ANM,WE,Federal Contract Tower,3,0,4,3,10,0,0,8,1,9,3,0,12,4,19,33,43,76,95
02/11/2022,CYS,WY,ANM,WE,Federal Contract Tower,0,0,0,0,0,0,3,2,1,6,0,3,2,1,6,1,2,3,9
02/12/2022,CYS,WY,ANM,WE,Federal Contract Tower,0,1,8,1,10,0,0,0,0,0,0,1,8,1,10,0,32,32,42
02/13/2022,CYS,WY,ANM,WE,Federal Contract Tower,0,2,0,0,2,0,2,0,0,2,0,4,0,0,4,0,0,0,4
02/14/2022,CYS,WY,ANM,WE,Federal Contract Tower,1,2,10,2,15,0,0,0,0,0,1,2,10,2,15,68,64,132,147
02/15/2022,CYS,WY,ANM,WE,Federal Contract Tower,2,2,7,12,23,0,0,0,0,0,2,2,7,12,23,91,75,166,189
02/16/2022,CYS,WY,ANM,WE,Federal Contract Tower,2,1,1,5,9,0,0,0,0,0,2,1,1,5,9,0,0,0,9
02/17/2022,CYS,WY,ANM,WE,Federal Contract Tower,2,9,10,6,27,0,0,0,0,0,2,9,10,6,27,46,64,110,137
02/18/2022,CYS,WY,ANM,WE,Federal Contract Tower,2,1,15,1,19,0,0,0,0,0,2,1,15,1,19,37,15,52,71
02/19/2022,CYS,WY,ANM,WE,Federal Contract Tower,0,3,8,0,11,0,0,0,0,0,0,3,8,0,11,45,0,45,56
02/20/2022,CYS,WY,ANM,WE,Federal Contract Tower,2,1,4,0,7,0,0,0,0,0,2,1,4,0,7,12,0,12,19
02/21/2022,CYS,WY,ANM,WE,Federal Contract Tower,2,0,4,3,9,0,0,0,0,0,2,0,4,3,9,0,0,0,9
02/22/2022,CYS,WY,ANM,WE,Federal Contract Tower,2,2,8,3,15,0,0,1,2,3,2,2,9,5,18,3,62,65,83
02/23/2022,CYS,WY,ANM,WE,Federal Contract Tower,2,2,14,2,20,0,0,0,0,0,2,2,14,2,20,1,6,7,27
02/24/2022,CYS,WY,ANM,WE,Federal Contract Tower,2,1,15,9,27,0,0,4,0,4,2,1,19,9,31,38,55,93,124
02/26/2022,CYS,WY,ANM,WE,Federal Contract Tower,0,2,27,0,29,0,0,0,0,0,0,2,27,0,29,81,0,81,110
02/27/2022,CYS,WY,ANM,WE,Federal Contract Tower,0,1,6,0,7,0,0,0,0,0,0,1,6,0,7,35,0,35,42
02/28/2022,CYS,WY,ANM,WE,Federal Contract Tower,2,2,5,6,15,0,0,0,0,0,2,2,5,6,15,9,36,45,60
03/01/2022,CYS,WY,ANM,WE,Federal Contract Tower,2,3,10,4,19,0,0,0,0,0,2,3,10,4,19,11,25,36,55
03/02/2022,CYS,WY,ANM,WE,Federal Contract Tower,2,5,12,10,29,0,0,0,0,0,2,5,12,10,29,66,84,150,179
03/03/2022,CYS,WY,ANM,WE,Federal Contract Tower,0,3,13,3,19,0,0,25,7,32,0,3,38,10,51,90,65,155,206
03/04/2022,CYS,WY,ANM,WE,Federal Contract Tower,2,2,17,3,24,0,0,2,4,6,2,2,19,7,30,57,37,94,124
03/05/2022,CYS,WY,ANM,WE,Federal Contract Tower,0,2,7,2,11,0,0,0,0,0,0,2,7,2,11,0,0,0,11
03/06/2022,CYS,WY,ANM,WE,Federal Contract Tower,0,1,5,0,6,0,0,0,0,0,0,1,5,0,6,0,0,0,6
03/07/2022,CYS,WY,ANM,WE,Federal Contract Tower,2,4,15,10,31,0,0,0,0,0,2,4,15,10,31,52,28,80,111
03/08/2022,CYS,WY,ANM,WE,Federal Contract Tower,0,6,15,3,24,0,1,12,2,15,0,7,27,5,39,37,46,83,122
03/09/2022,CYS,WY,ANM,WE,Federal Contract Tower,1,0,4,0,5,0,0,0,0,0,1,0,4,0,5,0,0,0,5
03/10/2022,CYS,WY,ANM,WE,Federal Contract Tower,1,2,12,10,25,0,0,4,12,16,1,2,16,22,41,13,72,85,126
03/11/2022,CYS,WY,ANM,WE,Federal Contract Tower,0,3,18,4,25,0,0,4,2,6,0,3,22,6,31,54,41,95,126
03/12/2022,CYS,WY,ANM,WE,Federal Contract Tower,0,1,6,0,7,0,0,0,0,0,0,1,6,0,7,6,0,6,13
03/13/2022,CYS,WY,ANM,WE,Federal Contract Tower,0,1,13,0,14,0,0,0,0,0,0,1,13,0,14,49,0,49,63
03/15/2022,CYS,WY,ANM,WE,Federal Contract Tower,2,1,10,2,15,0,0,0,0,0,2,1,10,2,15,57,87,144,159
03/16/2022,CYS,WY,ANM,WE,Federal Contract Tower,0,3,13,3,19,0,0,16,30,46,0,3,29,33,65,144,125,269,334
03/17/2022,CYS,WY,ANM,WE,Federal Contract Tower,2,2,4,2,10,0,0,0,0,0,2,2,4,2,10,4,17,21,31
03/18/2022,CYS,WY,ANM,WE,Federal Contract Tower,2,4,28,3,37,0,0,0,0,0,2,4,28,3,37,71,36,107,144
03/19/2022,CYS,WY,ANM,WE,Federal Contract Tower,0,3,6,0,9,0,0,0,0,0,0,3,6,0,9,31,84,115,124
03/20/2022,CYS,WY,ANM,WE,Federal Contract Tower,0,1,11,1,13,0,0,0,0,0,0,1,11,1,13,64,0,64,77
03/21/2022,CYS,WY,ANM,WE,Federal Contract Tower,2,3,8,2,15,0,0,0,0,0,2,3,8,2,15,6,46,52,67
03/22/2022,CYS,WY,ANM,WE,Federal Contract Tower,0,4,9,2,15,0,0,7,0,7,0,4,16,2,22,0,40,40,62
03/23/2022,CYS,WY,ANM,WE,Federal Contract Tower,1,1,6,6,14,0,0,0,0,0,1,1,6,6,14,16,92,108,122
03/24/2022,CYS,WY,ANM,WE,Federal Contract Tower,0,4,11,11,26,0,0,6,0,6,0,4,17,11,32,27,72,99,131
03/25/2022,CYS,WY,ANM,WE,Federal Contract Tower,0,3,33,1,37,0,0,9,0,9,0,3,42,1,46,99,1,100,146
03/26/2022,CYS,WY,ANM,WE,Federal Contract Tower,0,9,10,0,19,0,0,0,0,0,0,9,10,0,19,53,0,53,72
03/27/2022,CYS,WY,ANM,WE,Federal Contract Tower,0,4,4,0,8,0,0,0,0,0,0,4,4,0,8,35,0,35,43
03/28/2022,CYS,WY,ANM,WE,Federal Contract Tower,2,7,26,0,35,4,0,14,0,18,6,7,40,0,53,39,24,63,116
03/29/2022,CYS,WY,ANM,WE,Federal Contract Tower,0,5,11,4,20,0,0,0,0,0,0,5,11,4,20,0,59,59,79
03/30/2022,CYS,WY,ANM,WE,Federal Contract Tower,4,6,16,1,27,0,0,1,3,4,4,6,17,4,31,11,34,45,76
03/31/2022,CYS,WY,ANM,WE,Federal Contract Tower,4,3,20,2,29,0,0,15,0,15,4,3,35,2,44,24,64,88,132
04/01/2022,CYS,WY,ANM,WE,Federal Contract Tower,0,7,13,4,24,0,0,0,0,0,0,7,13,4,24,7,30,37,61
04/02/2022,CYS,WY,ANM,WE,Federal Contract Tower,4,2,5,2,13,0,0,17,0,17,4,2,22,2,30,84,0,84,114
04/03/2022,CYS,WY,ANM,WE,Federal Contract Tower,0,4,4,0,8,0,0,0,0,0,0,4,4,0,8,41,6,47,55
04/04/2022,CYS,WY,ANM,WE,Federal Contract Tower,0,6,8,11,25,0,0,0,0,0,0,6,8,11,25,48,43,91,116
04/05/2022,CYS,WY,ANM,WE,Federal Contract Tower,0,6,2,0,8,0,0,0,0,0,0,6,2,0,8,0,0,0,8
04/06/2022,CYS,WY,ANM,WE,Federal Contract Tower,0,5,4,3,12,0,0,2,0,2,0,5,6,3,14,8,74,82,96
04/07/2022,CYS,WY,ANM,WE,Federal Contract Tower,0,4,3,3,10,0,0,0,0,0,0,4,3,3,10,1,25,26,36
04/08/2022,CYS,WY,ANM,WE,Federal Contract Tower,3,1,25,6,35,0,0,36,13,49,3,1,61,19,84,77,22,99,183
04/09/2022,CYS,WY,ANM,WE,Federal Contract Tower,0,5,5,1,11,0,0,0,0,0,0,5,5,1,11,54,2,56,67
04/10/2022,CYS,WY,ANM,WE,Federal Contract Tower,0,3,4,0,7,0,0,0,0,0,0,3,4,0,7,0,2,2,9
04/11/2022,CYS,WY,ANM,WE,Federal Contract Tower,0,3,4,0,7,0,0,0,0,0,0,3,4,0,7,55,30,85,92
04/12/2022,CYS,WY,ANM,WE,Federal Contract Tower,3,5,7,3,18,0,0,0,0,0,3,5,7,3,18,0,48,48,66
04/13/2022,CYS,WY,ANM,WE,Federal Contract Tower,4,1,4,16,25,0,0,1,2,3,4,1,5,18,28,26,73,99,127
04/14/2022,CYS,WY,ANM,WE,Federal Contract Tower,4,1,17,7,29,0,0,4,6,10,4,1,21,13,39,30,44,74,113
04/15/2022,CYS,WY,ANM,WE,Federal Contract Tower,0,6,14,10,30,0,0,0,0,0,0,6,14,10,30,65,21,86,116
04/16/2022,CYS,WY,ANM,WE,Federal Contract Tower,0,6,7,0,13,0,0,0,0,0,0,6,7,0,13,90,0,90,103
04/17/2022,CYS,WY,ANM,WE,Federal Contract Tower,0,4,0,0,4,0,0,0,0,0,0,4,0,0,4,0,0,0,4
04/18/2022,CYS,WY,ANM,WE,Federal Contract Tower,0,6,13,3,22,0,0,0,0,0,0,6,13,3,22,107,26,133,155
04/19/2022,CYS,WY,ANM,WE,Federal Contract Tower,4,3,6,5,18,0,0,3,1,4,4,3,9,6,22,65,77,142,164
04/20/2022,CYS,WY,ANM,WE,Federal Contract Tower,4,2,21,2,29,0,0,2,0,2,4,2,23,2,31,25,66,91,122
04/21/2022,CYS,WY,ANM,WE,Federal Contract Tower,0,10,16,4,30,0,4,0,0,4,0,14,16,4,34,65,56,121,155
04/22/2022,CYS,WY,ANM,WE,Federal Contract Tower,0,4,8,0,12,0,1,0,2,3,0,5,8,2,15,38,30,68,83
04/23/2022,CYS,WY,ANM,WE,Federal Contract Tower,0,4,2,2,8,0,0,0,0,0,0,4,2,2,8,0,0,0,8
04/24/2022,CYS,WY,ANM,WE,Federal Contract Tower,4,0,3,2,9,0,0,0,0,0,4,0,3,2,9,11,0,11,20
04/25/2022,CYS,WY,ANM,WE,Federal Contract Tower,0,6,15,0,21,1,2,2,4,9,1,8,17,4,30,152,71,223,253
04/26/2022,CYS,WY,ANM,WE,Federal Contract Tower,3,2,31,0,36,0,0,0,0,0,3,2,31,0,36,40,55,95,131
04/27/2022,CYS,WY,ANM,WE,Federal Contract Tower,0,14,11,4,29,0,0,4,2,6,0,14,15,6,35,88,53,141,176
04/28/2022,CYS,WY,ANM,WE,Federal Contract Tower,4,2,9,4,19,0,0,7,1,8,4,2,16,5,27,64,38,102,129
04/29/2022,CYS,WY,ANM,WE,Federal Contract Tower,0,4,5,0,9,0,0,0,0,0,0,4,5,0,9,3,4,7,16
04/30/2022,CYS,WY,ANM,WE,Federal Contract Tower,0,6,0,3,9,0,0,5,0,5,0,6,5,3,14,6,3,9,23
05/01/2022,CYS,WY,ANM,WE,Federal Contract Tower,0,2,3,0,5,0,0,0,0,0,0,2,3,0,5,47,2,49,54
05/02/2022,CYS,WY,ANM,WE,Federal Contract Tower,0,6,3,0,9,0,0,0,0,0,0,6,3,0,9,14,0,14,23
05/03/2022,CYS,WY,ANM,WE,Federal Contract Tower,2,6,5,3,16,0,0,1,0,1,2,6,6,3,17,0,8,8,25
05/04/2022,CYS,WY,ANM,WE,Federal Contract Tower,2,2,4,0,8,0,0,0,0,0,2,2,4,0,8,0,81,81,89
05/05/2022,CYS,WY,ANM,WE,Federal Contract Tower,2,2,12,7,23,0,0,11,3,14,2,2,23,10,37,27,38,65,102
05/06/2022,CYS,WY,ANM,WE,Federal Contract Tower,4,2,2,0,8,0,2,4,0,6,4,4,6,0,14,47,28,75,89
05/07/2022,CYS,WY,ANM,WE,Federal Contract Tower,0,3,5,0,8,0,0,12,0,12,0,3,17,0,20,53,0,53,73
05/08/2022,CYS,WY,ANM,WE,Federal Contract Tower,0,4,4,0,8,0,0,0,0,0,0,4,4,0,8,4,0,4,12
05/09/2022,CYS,WY,ANM,WE,Federal Contract Tower,0,4,7,3,14,0,0,0,0,0,0,4,7,3,14,4,100,104,118
05/10/2022,CYS,WY,ANM,WE,Federal Contract Tower,0,12,8,4,24,0,0,5,0,5,0,12,13,4,29,11,62,73,102
05/11/2022,CYS,WY,ANM,WE,Federal Contract Tower,4,4,22,8,38,0,0,10,0,10,4,4,32,8,48,43,78,121,169
05/12/2022,CYS,WY,ANM,WE,Federal Contract Tower,0,5,7,1,13,0,0,0,0,0,0,5,7,1,13,0,16,16,29
05/13/2022,CYS,WY,ANM,WE,Federal Contract Tower,0,6,11,5,22,0,0,0,0,0,0,6,11,5,22,18,7,25,47
05/14/2022,CYS,WY,ANM,WE,Federal Contract Tower,0,6,6,2,14,0,1,36,0,37,0,7,42,2,51,23,11,34,85
05/15/2022,CYS,WY,ANM,WE,Federal Contract Tower,0,0,32,8,40,0,4,6,2,12,0,4,38,10,52,20,0,20,72
05/16/2022,CYS,WY,ANM,WE,Federal Contract Tower,0,7,15,4,26,0,0,0,0,0,0,7,15,4,26,50,71,121,147
05/17/2022,CYS,WY,ANM,WE,Federal Contract Tower,3,8,21,4,36,0,0,14,11,25,3,8,35,15,61,1,10,11,72
05/18/2022,CYS,WY,ANM,WE,Federal Contract Tower,0,7,10,10,27,0,0,11,0,11,0,7,21,10,38,41,98,139,177
05/19/2022,CYS,WY,ANM,WE,Federal Contract Tower,4,6,9,4,23,0,0,0,0,0,4,6,9,4,23,0,44,44,67
05/20/2022,CYS,WY,ANM,WE,Federal Contract Tower,0,6,6,0,12,0,0,0,0,0,0,6,6,0,12,0,2,2,14
05/21/2022,CYS,WY,ANM,WE,Federal Contract Tower,0,3,6,0,9,0,0,0,0,0,0,3,6,0,9,59,1,60,69
05/22/2022,CYS,WY,ANM,WE,Federal Contract Tower,0,4,1,0,5,0,0,0,0,0,0,4,1,0,5,0,0,0,5
05/23/2022,CYS,WY,ANM,WE,Federal Contract Tower,0,6,14,14,34,0,0,9,0,9,0,6,23,14,43,0,63,63,106
05/24/2022,CYS,WY,ANM,WE,Federal Contract Tower,0,15,6,2,23,0,0,1,12,13,0,15,7,14,36,9,83,92,128
05/25/2022,CYS,WY,ANM,WE,Federal Contract Tower,3,5,9,3,20,0,0,0,0,0,3,5,9,3,20,34,22,56,76
05/26/2022,CYS,WY,ANM,WE,Federal Contract Tower,0,6,14,2,22,0,0,0,0,0,0,6,14,2,22,45,40,85,107
05/27/2022,CYS,WY,ANM,WE,Federal Contract Tower,0,7,16,2,25,0,0,0,0,0,0,7,16,2,25,54,6,60,85
05/28/2022,CYS,WY,ANM,WE,Federal Contract Tower,0,6,4,0,10,0,0,0,0,0,0,6,4,0,10,36,0,36,46
05/29/2022,CYS,WY,ANM,WE,Federal Contract Tower,0,4,3,0,7,0,0,0,0,0,0,4,3,0,7,17,0,17,24
05/30/2022,CYS,WY,ANM,WE,Federal Contract Tower,0,4,2,0,6,0,0,0,0,0,0,4,2,0,6,14,0,14,20
05/31/2022,CYS,WY,ANM,WE,Federal Contract Tower,4,9,9,2,24,0,0,30,1,31,4,9,39,3,55,1,38,39,94
06/01/2022,CYS,WY,ANM,WE,Federal Contract Tower,4,3,9,1,17,0,0,15,3,18,4,3,24,4,35,54,63,117,152
06/02/2022,CYS,WY,ANM,WE,Federal Contract Tower,4,3,16,4,27,0,1,2,0,3,4,4,18,4,30,84,27,111,141
06/03/2022,CYS,WY,ANM,WE,Federal Contract Tower,0,1,2,0,3,2,8,9,0,19,2,9,11,0,22,35,30,65,87
06/04/2022,CYS,WY,ANM,WE,Federal Contract Tower,0,6,5,1,12,0,0,33,0,33,0,6,38,1,45,5,0,5,50
06/05/2022,CYS,WY,ANM,WE,Federal Contract Tower,0,4,9,0,13,0,0,12,3,15,0,4,21,3,28,22,0,22,50
06/06/2022,CYS,WY,ANM,WE,Federal Contract Tower,0,3,10,1,14,0,0,0,0,0,0,3,10,1,14,5,24,29,43
06/07/2022,CYS,WY,ANM,WE,Federal Contract Tower,5,4,5,0,14,0,0,0,0,0,5,4,5,0,14,21,52,73,87
06/08/2022,CYS,WY,ANM,WE,Federal Contract Tower,3,4,8,3,18,0,0,1,0,1,3,4,9,3,19,62,42,104,123
06/09/2022,CYS,WY,ANM,WE,Federal Contract Tower,0,6,7,1,14,0,0,0,2,2,0,6,7,3,16,22,31,53,69
06/10/2022,CYS,WY,ANM,WE,Federal Contract Tower,4,3,6,1,14,0,0,0,0,0,4,3,6,1,14,43,15,58,72
06/11/2022,CYS,WY,ANM,WE,Federal Contract Tower,0,6,6,0,12,0,0,0,0,0,0,6,6,0,12,28,6,34,46
06/12/2022,CYS,WY,ANM,WE,Federal Contract Tower,0,5,3,2,10,0,0,0,0,0,0,5,3,2,10,56,2,58,68
06/13/2022,CYS,WY,ANM,WE,Federal Contract Tower,4,1,4,4,13,0,0,0,0,0,4,1,4,4,13,25,42,67,80
06/14/2022,CYS,WY,ANM,WE,Federal Contract Tower,1,8,7,0,16,0,1,1,1,3,1,9,8,1,19,34,101,135,154
06/15/2022,CYS,WY,ANM,WE,Federal Contract Tower,0,9,12,2,23,0,0,3,0,3,0,9,15,2,26,24,30,54,80
06/16/2022,CYS,WY,ANM,WE,Federal Contract Tower,4,2,23,0,29,0,0,0,0,0,4,2,23,0,29,42,15,57,86
06/17/2022,CYS,WY,ANM,WE,Federal Contract Tower,0,10,12,1,23,0,0,0,0,0,0,10,12,1,23,49,2,51,74
06/18/2022,CYS,WY,ANM,WE,Federal Contract Tower,0,6,13,0,19,0,0,0,0,0,0,6,13,0,19,0,0,0,19
06/19/2022,CYS,WY,ANM,WE,Federal Contract Tower,0,4,11,0,15,0,0,0,0,0,0,4,11,0,15,47,3,50,65
06/20/2022,CYS,WY,ANM,WE,Federal Contract Tower,0,4,11,0,15,0,0,0,0,0,0,4,11,0,15,74,0,74,89
06/21/2022,CYS,WY,ANM,WE,Federal Contract Tower,0,6,19,5,30,0,0,0,0,0,0,6,19,5,30,50,7,57,87
06/22/2022,CYS,WY,ANM,WE,Federal Contract Tower,0,5,26,2,33,0,0,0,10,10,0,5,26,12,43,71,14,85,128
06/23/2022,CYS,WY,ANM,WE,Federal Contract Tower,4,2,17,4,27,0,0,7,0,7,4,2,24,4,34,66,19,85,119
06/24/2022,CYS,WY,ANM,WE,Federal Contract Tower,4,8,16,2,30,0,0,0,0,0,4,8,16,2,30,43,17,60,90
06/25/2022,CYS,WY,ANM,WE,Federal Contract Tower,4,0,5,1,10,0,0,3,1,4,4,0,8,2,14,22,1,23,37
06/26/2022,CYS,WY,ANM,WE,Federal Contract Tower,0,5,11,2,18,0,0,22,0,22,0,5,33,2,40,0,3,3,43
06/27/2022,CYS,WY,ANM,WE,Federal Contract Tower,4,2,16,0,22,0,0,18,0,18,4,2,34,0,40,86,20,106,146
06/28/2022,CYS,WY,ANM,WE,Federal Contract Tower,4,6,14,3,27,0,0,24,0,24,4,6,38,3,51,69,123,192,243
06/29/2022,CYS,WY,ANM,WE,Federal Contract Tower,0,9,12,5,26,0,0,6,13,19,0,9,18,18,45,56,63,119,164
06/30/2022,CYS,WY,ANM,WE,Federal Contract Tower,4,4,9,11,28,0,0,10,1,11,4,4,19,12,39,7,38,45,84
07/01/2022,CYS,WY,ANM,WE,Federal Contract Tower,4,6,11,0,21,0,0,24,0,24,4,6,35,0,45,26,7,33,78
07/02/2022,CYS,WY,ANM,WE,Federal Contract Tower,0,6,6,0,12,0,0,0,0,0,0,6,6,0,12,13,0,13,25
07/03/2022,CYS,WY,ANM,WE,Federal Contract Tower,0,4,6,0,10,0,0,0,0,0,0,4,6,0,10,28,0,28,38
07/04/2022,CYS,WY,ANM,WE,Federal Contract Tower,2,4,4,0,10,0,0,0,0,0,2,4,4,0,10,27,0,27,37
07/05/2022,CYS,WY,ANM,WE,Federal Contract Tower,4,4,14,3,25,0,0,0,0,0,4,4,14,3,25,86,124,210,235
07/06/2022,CYS,WY,ANM,WE,Federal Contract Tower,0,0,33,0,33,7,2,12,7,28,7,2,45,7,61,12,65,77,138
07/07/2022,CYS,WY,ANM,WE,Federal Contract Tower,4,2,21,3,30,0,0,34,0,34,4,2,55,3,64,8,120,128,192
07/08/2022,CYS,WY,ANM,WE,Federal Contract Tower,4,1,13,2,20,0,1,36,0,37,4,2,49,2,57,27,30,57,114
07/09/2022,CYS,WY,ANM,WE,Federal Contract Tower,0,6,9,0,15,0,0,88,0,88,0,6,97,0,103,5,0,5,108
07/10/2022,CYS,WY,ANM,WE,Federal Contract Tower,20,4,9,2,35,0,0,0,0,0,20,4,9,2,35,16,0,16,51
07/11/2022,CYS,WY,ANM,WE,Federal Contract Tower,0,6,15,4,25,0,0,4,0,4,0,6,19,4,29,51,40,91,120
07/12/2022,CYS,WY,ANM,WE,Federal Contract Tower,6,5,22,10,43,0,0,26,0,26,6,5,48,10,69,43,91,134,203
07/13/2022,CYS,WY,ANM,WE,Federal Contract Tower,0,5,9,3,17,0,0,5,1,6,0,5,14,4,23,31,65,96,119
07/14/2022,CYS,WY,ANM,WE,Federal Contract Tower,2,4,5,3,14,0,0,4,2,6,2,4,9,5,20,45,14,59,79
07/15/2022,CYS,WY,ANM,WE,Federal Contract Tower,0,4,12,15,31,0,0,0,0,0,0,4,12,15,31,74,30,104,135
07/16/2022,CYS,WY,ANM,WE,Federal Contract Tower,0,6,6,0,12,0,0,40,0,40,0,6,46,0,52,0,0,0,52
07/17/2022,CYS,WY,ANM,WE,Federal Contract Tower,0,1,13,3,17,0,0,39,0,39,0,1,52,3,56,0,15,15,71
07/18/2022,CYS,WY,ANM,WE,Federal Contract Tower,0,8,22,2,32,0,0,0,0,0,0,8,22,2,32,45,1,46,78
07/19/2022,CYS,WY,ANM,WE,Federal Contract Tower,3,7,23,4,37,0,0,2,0,2,3,7,25,4,39,34,84,118,157
07/20/2022,CYS,WY,ANM,WE,Federal Contract Tower,9,10,19,5,43,0,0,23,2,25,9,10,42,7,68,12,95,107,175
07/21/2022,CYS,WY,ANM,WE,Federal Contract Tower,4,3,23,7,37,0,0,27,7,34,4,3,50,14,71,23,53,76,147
07/22/2022,CYS,WY,ANM,WE,Federal Contract Tower,6,0,32,12,50,0,0,0,0,0,6,0,32,12,50,22,38,60,110
07/23/2022,CYS,WY,ANM,WE,Federal Contract Tower,4,6,15,1,26,0,0,41,0,41,4,6,56,1,67,6,4,10,77
07/24/2022,CYS,WY,ANM,WE,Federal Contract Tower,4,6,17,2,29,0,0,0,2,2,4,6,17,4,31,29,8,37,68
07/25/2022,CYS,WY,ANM,WE,Federal Contract Tower,0,10,16,2,28,0,0,11,0,11,0,10,27,2,39,58,2,60,99
07/26/2022,CYS,WY,ANM,WE,Federal Contract Tower,5,7,12,3,27,0,0,10,7,17,5,7,22,10,44,44,31,75,119
07/27/2022,CYS,WY,ANM,WE,Federal Contract Tower,0,7,19,7,33,0,0,7,2,9,0,7,26,9,42,11,40,51,93
07/28/2022,CYS,WY,ANM,WE,Federal Contract Tower,0,17,14,14,45,0,0,17,0,17,0,17,31,14,62,20,64,84,146
07/29/2022,CYS,WY,ANM,WE,Federal Contract Tower,3,5,24,0,32,0,0,31,0,31,3,5,55,0,63,12,0,12,75
07/30/2022,CYS,WY,ANM,WE,Federal Contract Tower,4,4,14,3,25,0,0,58,0,58,4,4,72,3,83,3,0,3,86
07/31/2022,CYS,WY,ANM,WE,Federal Contract Tower,0,7,27,1,35,0,0,0,0,0,0,7,27,1,35,28,7,35,70
08/01/2022,CYS,WY,ANM,WE,Federal Contract Tower,0,7,13,2,22,0,0,0,1,1,0,7,13,3,23,60,9,69,92
08/02/2022,CYS,WY,ANM,WE,Federal Contract Tower,0,8,10,4,22,0,0,0,2,2,0,8,10,6,24,61,78,139,163
08/03/2022,CYS,WY,ANM,WE,Federal Contract Tower,5,6,8,5,24,0,0,40,1,41,5,6,48,6,65,45,61,106,171
08/04/2022,CYS,WY,ANM,WE,Federal Contract Tower,0,9,18,5,32,0,0,35,4,39,0,9,53,9,71,49,58,107,178
08/05/2022,CYS,WY,ANM,WE,Federal Contract Tower,0,6,13,3,22,0,0,39,4,43,0,6,52,7,65,36,24,60,125
08/06/2022,CYS,WY,ANM,WE,Federal Contract Tower,1,10,4,5,20,0,0,4,0,4,1,10,8,5,24,41,14,55,79
08/07/2022,CYS,WY,ANM,WE,Federal Contract Tower,0,4,17,1,22,0,0,0,0,0,0,4,17,1,22,20,3,23,45
08/08/2022,CYS,WY,ANM,WE,Federal Contract Tower,0,4,15,3,22,0,0,17,11,28,0,4,32,14,50,30,33,63,113
08/09/2022,CYS,WY,ANM,WE,Federal Contract Tower,4,2,17,2,25,0,0,6,1,7,4,2,23,3,32,35,19,54,86
08/10/2022,CYS,WY,ANM,WE,Federal Contract Tower,4,5,18,2,29,0,0,36,10,46,4,5,54,12,75,35,47,82,157
08/11/2022,CYS,WY,ANM,WE,Federal Contract Tower,4,9,14,9,36,0,0,31,7,38,4,9,45,16,74,48,62,110,184
08/13/2022,CYS,WY,ANM,WE,Federal Contract Tower,0,7,9,0,16,0,2,37,0,39,0,9,46,0,55,47,3,50,105
08/14/2022,CYS,WY,ANM,WE,Federal Contract Tower,4,2,6,0,12,0,0,0,0,0,4,2,6,0,12,69,0,69,81
08/15/2022,CYS,WY,ANM,WE,Federal Contract Tower,6,2,15,5,28,0,4,5,0,9,6,6,20,5,37,57,62,119,156
08/16/2022,CYS,WY,ANM,WE,Federal Contract Tower,0,7,14,7,28,0,0,14,0,14,0,7,28,7,42,61,108,169,211
08/17/2022,CYS,WY,ANM,WE,Federal Contract Tower,4,8,23,7,42,0,0,25,6,31,4,8,48,13,73,31,74,105,178
08/18/2022,CYS,WY,ANM,WE,Federal Contract Tower,0,7,11,5,23,0,0,14,0,14,0,7,25,5,37,34,68,102,139
08/19/2022,CYS,WY,ANM,WE,Federal Contract Tower,5,5,14,5,29,0,0,25,7,32,5,5,39,12,61,19,22,41,102
08/20/2022,CYS,WY,ANM,WE,Federal Contract Tower,0,6,7,0,13,0,0,22,0,22,0,6,29,0,35,63,0,63,98
08/21/2022,CYS,WY,ANM,WE,Federal Contract Tower,5,4,14,0,23,0,0,32,0,32,5,4,46,0,55,60,7,67,122
08/22/2022,CYS,WY,ANM,WE,Federal Contract Tower,3,1,17,8,29,0,1,4,0,5,3,2,21,8,34,55,73,128,162
08/23/2022,CYS,WY,ANM,WE,Federal Contract Tower,4,6,14,6,30,0,0,11,20,31,4,6,25,26,61,42,61,103,164
08/24/2022,CYS,WY,ANM,WE,Federal Contract Tower,0,10,24,2,36,0,0,26,5,31,0,10,50,7,67,48,38,86,153
08/25/2022,CYS,WY,ANM,WE,Federal Contract Tower,4,5,22,3,34,0,0,4,19,23,4,5,26,22,57,29,7,36,93
08/26/2022,CYS,WY,ANM,WE,Federal Contract Tower,4,7,18,0,29,0,0,38,0,38,4,7,56,0,67,22,51,73,140
08/27/2022,CYS,WY,ANM,WE,Federal Contract Tower,0,6,5,0,11,0,0,19,0,19,0,6,24,0,30,30,0,30,60
08/28/2022,CYS,WY,ANM,WE,Federal Contract Tower,4,0,13,0,17,0,0,0,0,0,4,0,13,0,17,17,4,21,38
08/29/2022,CYS,WY,ANM,WE,Federal Contract Tower,4,4,11,2,21,0,1,5,6,12,4,5,16,8,33,4,7,11,44
08/30/2022,CYS,WY,ANM,WE,Federal Contract Tower,4,2,15,4,25,0,0,26,12,38,4,2,41,16,63,45,56,101,164
08/31/2022,CYS,WY,ANM,WE,Federal Contract Tower,4,8,10,1,23,0,0,9,16,25,4,8,19,17,48,39,19,58,106
09/01/2022,CYS,WY,ANM,WE,Federal Contract Tower,4,5,12,3,24,0,0,24,2,26,4,5,36,5,50,32,46,78,128
09/02/2022,CYS,WY,ANM,WE,Federal Contract Tower,4,2,20,1,27,0,0,20,0,20,4,2,40,1,47,15,0,15,62
09/03/2022,CYS,WY,ANM,WE,Federal Contract Tower,0,4,7,0,11,0,0,27,0,27,0,4,34,0,38,39,0,39,77
09/04/2022,CYS,WY,ANM,WE,Federal Contract Tower,4,2,7,0,13,0,0,0,0,0,4,2,7,0,13,94,0,94,107
09/05/2022,CYS,WY,ANM,WE,Federal Contract Tower,4,2,10,0,16,0,1,0,0,1,4,3,10,0,17,34,0,34,51
09/06/2022,CYS,WY,ANM,WE,Federal Contract Tower,4,2,18,6,30,0,0,17,1,18,4,2,35,7,48,38,32,70,118
09/07/2022,CYS,WY,ANM,WE,Federal Contract Tower,0,9,4,3,16,0,0,25,5,30,0,9,29,8,46,52,74,126,172
09/08/2022,CYS,WY,ANM,WE,Federal Contract Tower,4,8,10,2,24,0,0,40,4,44,4,8,50,6,68,3,62,65,133
09/09/2022,CYS,WY,ANM,WE,Federal Contract Tower,4,4,26,0,34,0,0,4,5,9,4,4,30,5,43,0,4,4,47
09/10/2022,CYS,WY,ANM,WE,Federal Contract Tower,4,2,5,2,13,0,0,0,0,0,4,2,5,2,13,0,0,0,13
09/11/2022,CYS,WY,ANM,WE,Federal Contract Tower,0,4,16,0,20,0,0,3,0,3,0,4,19,0,23,83,0,83,106
09/12/2022,CYS,WY,ANM,WE,Federal Contract Tower,4,1,17,4,26,0,1,64,0,65,4,2,81,4,91,24,73,97,188
09/13/2022,CYS,WY,ANM,WE,Federal Contract Tower,0,8,10,3,21,0,0,30,24,54,0,8,40,27,75,16,145,161,236
09/14/2022,CYS,WY,ANM,WE,Federal Contract Tower,4,2,19,10,35,1,0,21,3,25,5,2,40,13,60,54,39,93,153
09/15/2022,CYS,WY,ANM,WE,Federal Contract Tower,0,14,33,2,49,0,1,18,0,19,0,15,51,2,68,32,23,55,123
09/16/2022,CYS,WY,ANM,WE,Federal Contract Tower,0,10,7,7,24,0,3,0,0,3,0,13,7,7,27,27,48,75,102
09/17/2022,CYS,WY,ANM,WE,Federal Contract Tower,4,4,7,4,19,0,0,42,0,42,4,4,49,4,61,16,54,70,131
09/18/2022,CYS,WY,ANM,WE,Federal Contract Tower,0,3,12,0,15,0,0,28,4,32,0,3,40,4,47,54,2,56,103
09/19/2022,CYS,WY,ANM,WE,Federal Contract Tower,0,5,16,3,24,1,0,31,0,32,1,5,47,3,56,74,48,122,178
09/20/2022,CYS,WY,ANM,WE,Federal Contract Tower,4,2,21,3,30,0,0,38,10,48,4,2,59,13,78,10,28,38,116
09/21/2022,CYS,WY,ANM,WE,Federal Contract Tower,0,9,15,7,31,0,0,11,9,20,0,9,26,16,51,0,53,53,104
09/22/2022,CYS,WY,ANM,WE,Federal Contract Tower,0,6,14,4,24,0,0,0,0,0,0,6,14,4,24,0,6,6,30
09/23/2022,CYS,WY,ANM,WE,Federal Contract Tower,5,4,6,3,18,0,0,4,0,4,5,4,10,3,22,10,17,27,49
09/24/2022,CYS,WY,ANM,WE,Federal Contract Tower,0,6,11,0,17,0,1,4,0,5,0,7,15,0,22,53,0,53,75
09/25/2022,CYS,WY,ANM,WE,Federal Contract Tower,3,0,8,2,13,0,0,6,0,6,3,0,14,2,19,115,2,117,136
09/26/2022,CYS,WY,ANM,WE,Federal Contract Tower,0,6,11,5,22,0,0,10,25,35,0,6,21,30,57,50,104,154,211
09/27/2022,CYS,WY,ANM,WE,Federal Contract Tower,0,9,20,10,39,0,0,8,16,24,0,9,28,26,63,82,108,190,253
09/28/2022,CYS,WY,ANM,WE,Federal Contract Tower,4,2,2,0,8,0,0,3,0,3,4,2,5,0,11,3,61,64,75
09/29/2022,CYS,WY,ANM,WE,Federal Contract Tower,0,5,12,6,23,0,0,24,27,51,0,5,36,33,74,15,36,51,125
09/30/2022,CYS,WY,ANM,WE,Federal Contract Tower,0,6,6,4,16,0,0,12,1,13,0,6,18,5,29,7,115,122,151
10/01/2022,CYS,WY,ANM,WE,Federal Contract Tower,0,6,5,0,11,0,0,15,0,15,0,6,20,0,26,27,0,27,53
10/02/2022,CYS,WY,ANM,WE,Federal Contract Tower,4,0,2,1,7,0,0,19,0,19,4,0,21,1,26,30,0,30,56
10/03/2022,CYS,WY,ANM,WE,Federal Contract Tower,0,8,13,6,27,0,6,26,17,49,0,14,39,23,76,19,52,71,147
10/04/2022,CYS,WY,ANM,WE,Federal Contract Tower,0,7,24,3,34,0,0,42,29,71,0,7,66,32,105,59,35,94,199
10/05/2022,CYS,WY,ANM,WE,Federal Contract Tower,0,5,18,3,26,0,0,40,20,60,0,5,58,23,86,72,43,115,201
10/06/2022,CYS,WY,ANM,WE,Federal Contract Tower,0,6,23,4,33,0,0,28,2,30,0,6,51,6,63,38,103,141,204
10/07/2022,CYS,WY,ANM,WE,Federal Contract Tower,0,5,19,0,24,0,0,0,0,0,0,5,19,0,24,10,6,16,40
10/08/2022,CYS,WY,ANM,WE,Federal Contract Tower,0,6,13,0,19,0,0,2,0,2,0,6,15,0,21,119,0,119,140
10/09/2022,CYS,WY,ANM,WE,Federal Contract Tower,3,0,10,1,14,0,0,0,0,0,3,0,10,1,14,65,0,65,79
10/10/2022,CYS,WY,ANM,WE,Federal Contract Tower,0,4,16,0,20,0,0,15,0,15,0,4,31,0,35,63,0,63,98
10/11/2022,CYS,WY,ANM,WE,Federal Contract Tower,0,6,10,4,20,0,0,6,7,13,0,6,16,11,33,2,80,82,115
10/12/2022,CYS,WY,ANM,WE,Federal Contract Tower,2,4,11,10,27,0,0,16,9,25,2,4,27,19,52,5,43,48,100
10/13/2022,CYS,WY,ANM,WE,Federal Contract Tower,0,4,10,0,14,0,0,11,2,13,0,4,21,2,27,4,40,44,71
10/14/2022,CYS,WY,ANM,WE,Federal Contract Tower,4,3,9,10,26,0,0,10,14,24,4,3,19,24,50,23,36,59,109
10/15/2022,CYS,WY,ANM,WE,Federal Contract Tower,4,2,6,4,16,0,0,8,14,22,4,2,14,18,38,50,1,51,89
10/16/2022,CYS,WY,ANM,WE,Federal Contract Tower,4,2,14,5,25,0,0,2,0,2,4,2,16,5,27,65,0,65,92
10/17/2022,CYS,WY,ANM,WE,Federal Contract Tower,4,2,10,2,18,0,0,8,5,13,4,2,18,7,31,64,50,114,145
10/18/2022,CYS,WY,ANM,WE,Federal Contract Tower,0,6,31,7,44,0,3,23,15,41,0,9,54,22,85,35,38,73,158
10/19/2022,CYS,WY,ANM,WE,Federal Contract Tower,4,6,13,0,23,0,0,11,2,13,4,6,24,2,36,11,26,37,73
10/20/2022,CYS,WY,ANM,WE,Federal Contract Tower,4,5,19,6,34,0,0,26,20,46,4,5,45,26,80,37,18,55,135
10/21/2022,CYS,WY,ANM,WE,Federal Contract Tower,0,4,16,0,20,0,0,7,0,7,0,4,23,0,27,2,11,13,40
10/22/2022,CYS,WY,ANM,WE,Federal Contract Tower,4,4,3,0,11,0,0,8,0,8,4,4,11,0,19,23,0,23,42
10/23/2022,CYS,WY,ANM,WE,Federal Contract Tower,3,2,3,0,8,0,0,0,0,0,3,2,3,0,8,20,0,20,28
10/24/2022,CYS,WY,ANM,WE,Federal Contract Tower,0,6,9,4,19,0,0,5,2,7,0,6,14,6,26,0,64,64,90
10/25/2022,CYS,WY,ANM,WE,Federal Contract Tower,0,6,10,2,18,0,0,2,0,2,0,6,12,2,20,21,22,43,63
10/26/2022,CYS,WY,ANM,WE,Federal Contract Tower,4,7,8,4,23,0,0,5,8,13,4,7,13,12,36,21,68,89,125
10/27/2022,CYS,WY,ANM,WE,Federal Contract Tower,5,3,7,4,19,0,0,12,0,12,5,3,19,4,31,26,27,53,84
10/28/2022,CYS,WY,ANM,WE,Federal Contract Tower,4,4,9,0,17,0,0,33,7,40,4,4,42,7,57,28,0,28,85
10/29/2022,CYS,WY,ANM,WE,Federal Contract Tower,0,6,11,0,17,0,0,26,0,26,0,6,37,0,43,19,0,19,62
10/30/2022,CYS,WY,ANM,WE,Federal Contract Tower,4,2,16,0,22,0,0,34,2,36,4,2,50,2,58,82,3,85,143
10/31/2022,CYS,WY,ANM,WE,Federal Contract Tower,4,6,10,1,21,0,0,18,2,20,4,6,28,3,41,3,0,3,44
11/01/2022,CYS,WY,ANM,WE,Federal Contract Tower,4,4,10,2,20,0,2,18,14,34,4,6,28,16,54,27,88,115,169
11/02/2022,CYS,WY,ANM,WE,Federal Contract Tower,4,5,10,1,20,0,0,38,17,55,4,5,48,18,75,21,43,64,139
11/03/2022,CYS,WY,ANM,WE,Federal Contract Tower,4,3,6,1,14,0,0,10,0,10,4,3,16,1,24,0,0,0,24
11/04/2022,CYS,WY,ANM,WE,Federal Contract Tower,0,4,14,0,18,0,0,26,8,34,0,4,40,8,52,6,2,8,60
11/05/2022,CYS,WY,ANM,WE,Federal Contract Tower,0,4,4,0,8,0,0,0,0,0,0,4,4,0,8,0,0,0,8
11/06/2022,CYS,WY,ANM,WE,Federal Contract Tower,0,3,10,0,13,0,0,9,2,11,0,3,19,2,24,16,0,16,40
11/07/2022,CYS,WY,ANM,WE,Federal Contract Tower,4,5,11,2,22,0,0,6,4,10,4,5,17,6,32,34,68,102,134
11/08/2022,CYS,WY,ANM,WE,Federal Contract Tower,0,7,17,4,28,0,0,45,17,62,0,7,62,21,90,107,39,146,236
11/09/2022,CYS,WY,ANM,WE,Federal Contract Tower,0,11,24,2,37,0,0,1,2,3,0,11,25,4,40,8,60,68,108
11/10/2022,CYS,WY,ANM,WE,Federal Contract Tower,4,6,12,4,26,0,0,7,0,7,4,6,19,4,33,15,7,22,55
11/11/2022,CYS,WY,ANM,WE,Federal Contract Tower,4,8,8,0,20,0,0,43,1,44,4,8,51,1,64,37,0,37,101
11/12/2022,CYS,WY,ANM,WE,Federal Contract Tower,4,2,6,0,12,0,0,18,0,18,4,2,24,0,30,61,3,64,94
11/13/2022,CYS,WY,ANM,WE,Federal Contract Tower,4,0,11,1,16,0,0,6,0,6,4,0,17,1,22,24,4,28,50
11/14/2022,CYS,WY,ANM,WE,Federal Contract Tower,0,15,14,0,29,0,0,7,0,7,0,15,21,0,36,29,26,55,91
11/15/2022,CYS,WY,ANM,WE,Federal Contract Tower,0,8,13,2,23,0,0,5,1,6,0,8,18,3,29,23,82,105,134
11/16/2022,CYS,WY,ANM,WE,Federal Contract Tower,0,7,9,3,19,0,0,7,4,11,0,7,16,7,30,12,42,54,84
11/17/2022,CYS,WY,ANM,WE,Federal Contract Tower,0,5,5,1,11,0,0,0,0,0,0,5,5,1,11,0,8,8,19
11/18/2022,CYS,WY,ANM,WE,Federal Contract Tower,0,9,7,2,18,0,0,13,13,26,0,9,20,15,44,32,34,66,110
11/19/2022,CYS,WY,ANM,WE,Federal Contract Tower,0,7,6,0,13,0,0,4,0,4,0,7,10,0,17,37,0,37,54
11/20/2022,CYS,WY,ANM,WE,Federal Contract Tower,0,6,14,0,20,0,0,0,0,0,0,6,14,0,20,53,2,55,75
11/21/2022,CYS,WY,ANM,WE,Federal Contract Tower,0,9,14,0,23,0,0,21,12,33,0,9,35,12,56,58,103,161,217
11/22/2022,CYS,WY,ANM,WE,Federal Contract Tower,0,14,14,2,30,0,0,14,0,14,0,14,28,2,44,32,106,138,182
11/23/2022,CYS,WY,ANM,WE,Federal Contract Tower,4,3,4,0,11,0,0,0,0,0,4,3,4,0,11,14,4,18,29
11/24/2022,CYS,WY,ANM,WE,Federal Contract Tower,0,5,3,0,8,0,0,0,0,0,0,5,3,0,8,0,0,0,8
11/25/2022,CYS,WY,ANM,WE,Federal Contract Tower,0,6,10,0,16,0,0,23,0,23,0,6,33,0,39,32,0,32,71
11/26/2022,CYS,WY,ANM,WE,Federal Contract Tower,0,8,2,0,10,0,0,9,0,9,0,8,11,0,19,38,0,38,57
11/27/2022,CYS,WY,ANM,WE,Federal Contract Tower,0,5,1,0,6,0,0,3,0,3,0,5,4,0,9,0,0,0,9
11/28/2022,CYS,WY,ANM,WE,Federal Contract Tower,0,9,6,2,17,0,0,6,2,8,0,9,12,4,25,7,17,24,49
11/29/2022,CYS,WY,ANM,WE,Federal Contract Tower,0,7,7,4,18,0,0,1,12,13,0,7,8,16,31,8,16,24,55
11/30/2022,CYS,WY,ANM,WE,Federal Contract Tower,0,7,2,0,9,0,0,21,11,32,0,7,23,11,41,59,27,86,127
12/01/2022,CYS,WY,ANM,WE,Federal Contract Tower,0,9,8,3,20,0,0,18,3,21,0,9,26,6,41,83,67,150,191
12/02/2022,CYS,WY,ANM,WE,Federal Contract Tower,0,5,7,0,12,0,1,2,0,3,0,6,9,0,15,0,4,4,19
12/03/2022,CYS,WY,ANM,WE,Federal Contract Tower,0,8,3,0,11,0,0,10,0,10,0,8,13,0,21,36,2,38,59
12/04/2022,CYS,WY,ANM,WE,Federal Contract Tower,0,4,11,0,15,0,0,4,0,4,0,4,15,0,19,32,6,38,57
12/05/2022,CYS,WY,ANM,WE,Federal Contract Tower,0,5,10,0,15,0,0,7,43,50,0,5,17,43,65,1,30,31,96
12/06/2022,CYS,WY,ANM,WE,Federal Contract Tower,0,4,20,4,28,0,0,3,0,3,0,4,23,4,31,17,122,139,170
12/07/2022,CYS,WY,ANM,WE,Federal Contract Tower,0,12,9,0,21,0,0,11,0,11,0,12,20,0,32,53,35,88,120
12/08/2022,CYS,WY,ANM,WE,Federal Contract Tower,0,9,8,4,21,0,0,3,22,25,0,9,11,26,46,2,38,40,86
12/09/2022,CYS,WY,ANM,WE,Federal Contract Tower,0,9,12,4,25,0,0,31,3,34,0,9,43,7,59,12,37,49,108
12/10/2022,CYS,WY,ANM,WE,Federal Contract Tower,0,8,8,0,16,0,0,35,6,41,0,8,43,6,57,63,0,63,120
12/11/2022,CYS,WY,ANM,WE,Federal Contract Tower,0,8,10,5,23,0,0,0,0,0,0,8,10,5,23,34,4,38,61
12/12/2022,CYS,WY,ANM,WE,Federal Contract Tower,0,6,2,1,9,0,1,21,9,31,0,7,23,10,40,1,22,23,63
12/13/2022,CYS,WY,ANM,WE,Federal Contract Tower,0,4,2,2,8,0,0,0,0,0,0,4,2,2,8,0,0,0,8
12/14/2022,CYS,WY,ANM,WE,Federal Contract Tower,0,6,9,1,16,0,0,0,0,0,0,6,9,1,16,0,47,47,63
12/15/2022,CYS,WY,ANM,WE,Federal Contract Tower,0,5,7,2,14,0,0,4,1,5,0,5,11,3,19,2,53,55,74
12/16/2022,CYS,WY,ANM,WE,Federal Contract Tower,0,4,4,1,9,0,0,2,6,8,0,4,6,7,17,0,0,0,17
12/17/2022,CYS,WY,ANM,WE,Federal Contract Tower,4,3,7,0,14,0,0,7,0,7,4,3,14,0,21,26,0,26,47
12/18/2022,CYS,WY,ANM,WE,Federal Contract Tower,0,4,12,0,16,0,0,5,0,5,0,4,17,0,21,47,0,47,68
12/19/2022,CYS,WY,ANM,WE,Federal Contract Tower,0,6,6,0,12,0,0,2,0,2,0,6,8,0,14,15,24,39,53
12/20/2022,CYS,WY,ANM,WE,Federal Contract Tower,0,4,10,0,14,0,0,3,0,3,0,4,13,0,17,12,69,81,98
12/21/2022,CYS,WY,ANM,WE,Federal Contract Tower,0,7,2,0,9,0,0,4,0,4,0,7,6,0,13,8,3,11,24
12/22/2022,CYS,WY,ANM,WE,Federal Contract Tower,2,0,6,0,8,0,0,0,0,0,2,0,6,0,8,0,0,0,8
12/23/2022,CYS,WY,ANM,WE,Federal Contract Tower,0,6,6,0,12,0,0,6,0,6,0,6,12,0,18,21,0,21,39
12/24/2022,CYS,WY,ANM,WE,Federal Contract Tower,0,3,3,0,6,0,0,3,0,3,0,3,6,0,9,26,0,26,35
12/25/2022,CYS,WY,ANM,WE,Federal Contract Tower,0,3,5,0,8,0,0,0,0,0,0,3,5,0,8,3,0,3,11
12/26/2022,CYS,WY,ANM,WE,Federal Contract Tower,7,0,6,0,13,0,0,58,0,58,7,0,64,0,71,58,0,58,129
12/27/2022,CYS,WY,ANM,WE,Federal Contract Tower,4,2,3,0,9,0,0,11,0,11,4,2,14,0,20,44,56,100,120
12/28/2022,CYS,WY,ANM,WE,Federal Contract Tower,2,4,4,0,10,0,0,5,0,5,2,4,9,0,15,22,44,66,81
12/29/2022,CYS,WY,ANM,WE,Federal Contract Tower,3,6,5,0,14,0,0,9,11,20,3,6,14,11,34,25,18,43,77
12/30/2022,CYS,WY,ANM,WE,Federal Contract Tower,0,6,8,0,14,0,0,26,0,26,0,6,34,0,40,22,0,22,62
12/31/2022,CYS,WY,ANM,WE,Federal Contract Tower,0,2,10,0,12,0,0,15,0,15,0,2,25,0,27,14,0,14,41
01/01/2023,CYS,WY,ANM,WE,Federal Contract Tower,0,2,6,0,8,0,0,0,0,0,0,2,6,0,8,1,0,1,9
01/02/2023,CYS,WY,ANM,WE,Federal Contract Tower,0,1,3,0,4,0,0,0,0,0,0,1,3,0,4,0,0,0,4
01/03/2023,CYS,WY,ANM,WE,Federal Contract Tower,0,5,10,0,15,0,0,0,0,0,0,5,10,0,15,4,0,4,19
01/04/2023,CYS,WY,ANM,WE,Federal Contract Tower,0,12,7,0,19,0,0,2,0,2,0,12,9,0,21,42,47,89,110
01/05/2023,CYS,WY,ANM,WE,Federal Contract Tower,0,6,7,0,13,0,0,27,7,34,0,6,34,7,47,27,121,148,195
01/06/2023,CYS,WY,ANM,WE,Federal Contract Tower,0,8,10,4,22,0,0,11,0,11,0,8,21,4,33,2,0,2,35
01/07/2023,CYS,WY,ANM,WE,Federal Contract Tower,0,7,8,0,15,0,0,36,0,36,0,7,44,0,51,88,62,150,201
01/08/2023,CYS,WY,ANM,WE,Federal Contract Tower,0,5,4,0,9,0,0,13,1,14,0,5,17,1,23,42,0,42,65
01/09/2023,CYS,WY,ANM,WE,Federal Contract Tower,0,6,9,1,16,0,0,6,0,6,0,6,15,1,22,14,41,55,77
01/10/2023,CYS,WY,ANM,WE,Federal Contract Tower,0,5,12,0,17,0,0,5,0,5,0,5,17,0,22,10,50,60,82
01/11/2023,CYS,WY,ANM,WE,Federal Contract Tower,4,4,10,0,18,0,0,0,0,0,4,4,10,0,18,0,36,36,54
01/12/2023,CYS,WY,ANM,WE,Federal Contract Tower,0,6,29,8,43,0,0,8,1,9,0,6,37,9,52,90,52,142,194
01/13/2023,CYS,WY,ANM,WE,Federal Contract Tower,0,6,22,2,30,0,1,41,1,43,0,7,63,3,73,14,7,21,94
01/14/2023,CYS,WY,ANM,WE,Federal Contract Tower,0,5,6,0,11,0,0,9,0,9,0,5,15,0,20,88,0,88,108
01/15/2023,CYS,WY,ANM,WE,Federal Contract Tower,0,3,9,0,12,0,0,0,0,0,0,3,9,0,12,19,0,19,31
01/16/2023,CYS,WY,ANM,WE,Federal Contract Tower,3,2,23,0,28,0,0,11,0,11,3,2,34,0,39,41,0,41,80
01/17/2023,CYS,WY,ANM,WE,Federal Contract Tower,0,5,12,2,19,0,0,29,0,29,0,5,41,2,48,35,116,151,199
01/18/2023,CYS,WY,ANM,WE,Federal Contract Tower,0,1,3,0,4,0,0,0,0,0,0,1,3,0,4,0,0,0,4
01/19/2023,CYS,WY,ANM,WE,Federal Contract Tower,2,6,14,4,26,0,0,0,0,0,2,6,14,4,26,32,68,100,126
01/20/2023,CYS,WY,ANM,WE,Federal Contract Tower,0,6,24,4,34,0,0,6,0,6,0,6,30,4,40,40,44,84,124
01/21/2023,CYS,WY,ANM,WE,Federal Contract Tower,0,6,11,2,19,0,0,5,1,6,0,6,16,3,25,13,4,17,42
01/22/2023,CYS,WY,ANM,WE,Federal Contract Tower,0,3,24,2,29,0,0,17,3,20,0,3,41,5,49,27,11,38,87
01/23/2023,CYS,WY,ANM,WE,Federal Contract Tower,0,5,7,2,14,0,0,0,0,0,0,5,7,2,14,4,14,18,32
01/24/2023,CYS,WY,ANM,WE,Federal Contract Tower,4,5,11,3,23,0,0,2,0,2,4,5,13,3,25,30,38,68,93
01/25/2023,CYS,WY,ANM,WE,Federal Contract Tower,4,3,4,3,14,0,0,3,1,4,4,3,7,4,18,8,49,57,75
01/26/2023,CYS,WY,ANM,WE,Federal Contract Tower,0,8,22,5,35,0,0,4,4,8,0,8,26,9,43,166,68,234,277
01/27/2023,CYS,WY,ANM,WE,Federal Contract Tower,0,7,7,4,18,0,0,16,11,27,0,7,23,15,45,26,42,68,113
01/28/2023,CYS,WY,ANM,WE,Federal Contract Tower,0,7,0,2,9,0,0,0,0,0,0,7,0,2,9,0,0,0,9
01/29/2023,CYS,WY,ANM,WE,Federal Contract Tower,0,0,1,0,1,0,0,0,0,0,0,0,1,0,1,0,0,0,1
01/30/2023,CYS,WY,ANM,WE,Federal Contract Tower,0,0,0,0,0,0,5,16,2,23,0,5,16,2,23,45,12,57,80
01/31/2023,CYS,WY,ANM,WE,Federal Contract Tower,0,4,5,7,16,0,0,7,2,9,0,4,12,9,25,62,98,160,185
02/01/2023,CYS,WY,ANM,WE,Federal Contract Tower,1,7,20,5,33,0,0,0,0,0,1,7,20,5,33,47,45,92,125
02/02/2023,CYS,WY,ANM,WE,Federal Contract Tower,4,4,34,14,56,0,0,24,8,32,4,4,58,22,88,79,117,196,284
02/03/2023,CYS,WY,ANM,WE,Federal Contract Tower,2,3,21,5,31,0,0,14,4,18,2,3,35,9,49,13,104,117,166
02/04/2023,CYS,WY,ANM,WE,Federal Contract Tower,0,4,5,2,11,0,0,5,3,8,0,4,10,5,19,14,1,15,34
02/05/2023,CYS,WY,ANM,WE,Federal Contract Tower,0,0,11,1,12,0,2,25,2,29,0,2,36,3,41,44,14,58,99
02/06/2023,CYS,WY,ANM,WE,Federal Contract Tower,0,0,0,0,0,0,0,0,0,0,0,0,0,0,0,5,76,81,81
02/07/2023,CYS,WY,ANM,WE,Federal Contract Tower,0,6,24,6,36,0,0,17,0,17,0,6,41,6,53,79,47,126,179
02/08/2023,CYS,WY,ANM,WE,Federal Contract Tower,0,6,10,6,22,0,0,0,1,1,0,6,10,7,23,0,74,74,97
02/09/2023,CYS,WY,ANM,WE,Federal Contract Tower,0,5,1,0,6,0,0,0,3,3,0,5,1,3,9,10,79,89,98
02/10/2023,CYS,WY,ANM,WE,Federal Contract Tower,2,1,21,5,29,0,1,56,7,64,2,2,77,12,93,30,7,37,130
02/11/2023,CYS,WY,ANM,WE,Federal Contract Tower,0,6,15,0,21,0,0,54,1,55,0,6,69,1,76,21,9,30,106
02/12/2023,CYS,WY,ANM,WE,Federal Contract Tower,2,2,7,0,11,0,0,12,3,15,2,2,19,3,26,23,14,37,63
02/13/2023,CYS,WY,ANM,WE,Federal Contract Tower,0,7,15,0,22,0,0,0,4,4,0,7,15,4,26,139,68,207,233
02/14/2023,CYS,WY,ANM,WE,Federal Contract Tower,0,5,6,2,13,0,0,1,6,7,0,5,7,8,20,5,43,48,68
02/15/2023,CYS,WY,ANM,WE,Federal Contract Tower,0,5,5,2,12,0,0,0,1,1,0,5,5,3,13,0,0,0,13
02/16/2023,CYS,WY,ANM,WE,Federal Contract Tower,0,6,43,10,59,0,0,18,5,23,0,6,61,15,82,43,80,123,205
02/17/2023,CYS,WY,ANM,WE,Federal Contract Tower,0,4,19,0,23,0,0,22,8,30,0,4,41,8,53,22,14,36,89
02/18/2023,CYS,WY,ANM,WE,Federal Contract Tower,0,4,9,0,13,0,0,7,1,8,0,4,16,1,21,15,0,15,36
02/19/2023,CYS,WY,ANM,WE,Federal Contract Tower,0,4,10,0,14,0,0,2,1,3,0,4,12,1,17,5,1,6,23
02/20/2023,CYS,WY,ANM,WE,Federal Contract Tower,0,3,8,0,11,0,0,2,0,2,0,3,10,0,13,0,0,0,13
02/21/2023,CYS,WY,ANM,WE,Federal Contract Tower,5,0,5,2,12,0,0,5,0,5,5,0,10,2,17,6,65,71,88
02/22/2023,CYS,WY,ANM,WE,Federal Contract Tower,2,0,0,0,2,0,0,0,0,0,2,0,0,0,2,0,0,0,2
02/23/2023,CYS,WY,ANM,WE,Federal Contract Tower,7,0,5,5,17,0,0,10,0,10,7,0,15,5,27,5,52,57,84
02/24/2023,CYS,WY,ANM,WE,Federal Contract Tower,0,10,16,0,26,0,0,36,0,36,0,10,52,0,62,9,2,11,73
02/25/2023,CYS,WY,ANM,WE,Federal Contract Tower,0,4,11,1,16,0,0,9,3,12,0,4,20,4,28,0,15,15,43
02/26/2023,CYS,WY,ANM,WE,Federal Contract Tower,0,0,22,1,23,0,2,11,0,13,0,2,33,1,36,9,1,10,46
02/27/2023,CYS,WY,ANM,WE,Federal Contract Tower,0,6,12,1,19,0,1,5,3,9,0,7,17,4,28,12,6,18,46
02/28/2023,CYS,WY,ANM,WE,Federal Contract Tower,0,4,6,9,19,0,0,3,0,3,0,4,9,9,22,1,70,71,93
03/01/2023,CYS,WY,ANM,WE,Federal Contract Tower,4,2,8,4,18,0,0,20,6,26,4,2,28,10,44,46,26,72,116
03/02/2023,CYS,WY,ANM,WE,Federal Contract Tower,7,1,16,5,29,0,0,52,15,67,7,1,68,20,96,36,87,123,219
03/03/2023,CYS,WY,ANM,WE,Federal Contract Tower,0,6,15,11,32,0,0,10,32,42,0,6,25,43,74,20,43,63,137
03/04/2023,CYS,WY,ANM,WE,Federal Contract Tower,0,9,8,0,17,0,0,17,2,19,0,9,25,2,36,38,79,117,153
03/05/2023,CYS,WY,ANM,WE,Federal Contract Tower,0,0,8,0,8,0,4,17,9,30,0,4,25,9,38,0,4,4,42
03/06/2023,CYS,WY,ANM,WE,Federal Contract Tower,4,3,11,5,23,0,0,8,5,13,4,3,19,10,36,16,108,124,160
03/07/2023,CYS,WY,ANM,WE,Federal Contract Tower,0,7,5,4,16,0,0,2,5,7,0,7,7,9,23,9,44,53,76
03/08/2023,CYS,WY,ANM,WE,Federal Contract Tower,0,7,9,8,24,0,0,0,0,0,0,7,9,8,24,0,38,38,62
03/09/2023,CYS,WY,ANM,WE,Federal Contract Tower,4,3,17,7,31,0,0,3,0,3,4,3,20,7,34,15,42,57,91
03/10/2023,CYS,WY,ANM,WE,Federal Contract Tower,0,12,15,5,32,0,0,13,1,14,0,12,28,6,46,73,28,101,147
03/11/2023,CYS,WY,ANM,WE,Federal Contract Tower,0,8,13,1,22,0,0,0,0,0,0,8,13,1,22,17,14,31,53
03/12/2023,CYS,WY,ANM,WE,Federal Contract Tower,0,6,7,3,16,0,0,24,0,24,0,6,31,3,40,47,15,62,102
03/13/2023,CYS,WY,ANM,WE,Federal Contract Tower,0,11,18,5,34,0,0,27,0,27,0,11,45,5,61,80,95,175,236
03/14/2023,CYS,WY,ANM,WE,Federal Contract Tower,0,7,21,1,29,0,0,10,3,13,0,7,31,4,42,35,40,75,117
03/15/2023,CYS,WY,ANM,WE,Federal Contract Tower,4,5,9,3,21,0,0,19,7,26,4,5,28,10,47,36,96,132,179
03/16/2023,CYS,WY,ANM,WE,Federal Contract Tower,0,6,7,3,16,0,0,5,8,13,0,6,12,11,29,4,4,8,37
03/17/2023,CYS,WY,ANM,WE,Federal Contract Tower,0,8,10,3,21,0,0,13,2,15,0,8,23,5,36,16,10,26,62
03/18/2023,CYS,WY,ANM,WE,Federal Contract Tower,0,6,2,0,8,0,0,20,0,20,0,6,22,0,28,33,5,38,66
03/19/2023,CYS,WY,ANM,WE,Federal Contract Tower,0,8,4,1,13,0,0,14,0,14,0,8,18,1,27,14,5,19,46
03/20/2023,CYS,WY,ANM,WE,Federal Contract Tower,0,13,9,5,27,0,0,20,7,27,0,13,29,12,54,25,12,37,91
03/21/2023,CYS,WY,ANM,WE,Federal Contract Tower,0,6,7,2,15,0,0,5,4,9,0,6,12,6,24,16,25,41,65
03/22/2023,CYS,WY,ANM,WE,Federal Contract Tower,0,8,1,10,19,0,0,1,0,1,0,8,2,10,20,0,0,0,20
03/23/2023,CYS,WY,ANM,WE,Federal Contract Tower,0,10,11,4,25,0,0,19,1,20,0,10,30,5,45,11,66,77,122
03/24/2023,CYS,WY,ANM,WE,Federal Contract Tower,0,11,7,2,20,0,0,31,0,31,0,11,38,2,51,90,5,95,146
03/25/2023,CYS,WY,ANM,WE,Federal Contract Tower,4,2,4,1,11,0,0,1,0,1,4,2,5,1,12,3,5,8,20
03/26/2023,CYS,WY,ANM,WE,Federal Contract Tower,4,0,7,1,12,0,0,34,0,34,4,0,41,1,46,12,1,13,59
03/27/2023,CYS,WY,ANM,WE,Federal Contract Tower,6,0,4,0,10,0,0,7,0,7,6,0,11,0,17,7,77,84,101
03/28/2023,CYS,WY,ANM,WE,Federal Contract Tower,8,0,32,9,49,0,1,22,4,27,8,1,54,13,76,19,87,106,182
03/29/2023,CYS,WY,ANM,WE,Federal Contract Tower,5,3,18,4,30,0,0,23,10,33,5,3,41,14,63,45,49,94,157
01/01/2020,CYS,WY,ANM,WE,Federal Contract Tower,2,0,6,0,8,0,0,0,0,0,2,0,6,0,8,8,0,8,16
01/02/2020,CYS,WY,ANM,WE,Federal Contract Tower,2,2,17,0,21,0,0,2,0,2,2,2,19,0,23,26,1,27,50
01/03/2020,CYS,WY,ANM,WE,Federal Contract Tower,3,3,7,1,14,0,0,4,0,4,3,3,11,1,18,37,24,61,79
01/04/2020,CYS,WY,ANM,WE,Federal Contract Tower,2,2,4,0,8,0,0,0,0,0,2,2,4,0,8,1,0,1,9
01/05/2020,CYS,WY,ANM,WE,Federal Contract Tower,2,1,14,0,17,0,0,11,0,11,2,1,25,0,28,37,0,37,65
01/06/2020,CYS,WY,ANM,WE,Federal Contract Tower,4,3,4,0,11,0,0,8,0,8,4,3,12,0,19,2,2,4,23
01/07/2020,CYS,WY,ANM,WE,Federal Contract Tower,2,4,13,6,25,0,0,0,0,0,2,4,13,6,25,11,60,71,96
01/08/2020,CYS,WY,ANM,WE,Federal Contract Tower,4,3,26,9,42,0,0,2,0,2,4,3,28,9,44,77,80,157,201
01/09/2020,CYS,WY,ANM,WE,Federal Contract Tower,4,5,19,7,35,0,0,4,0,4,4,5,23,7,39,20,35,55,94
01/10/2020,CYS,WY,ANM,WE,Federal Contract Tower,2,2,9,7,20,0,0,3,2,5,2,2,12,9,25,29,11,40,65
01/11/2020,CYS,WY,ANM,WE,Federal Contract Tower,2,2,2,0,6,0,0,0,0,0,2,2,2,0,6,61,10,71,77
01/12/2020,CYS,WY,ANM,WE,Federal Contract Tower,2,0,6,1,9,0,0,5,1,6,2,0,11,2,15,39,10,49,64
01/13/2020,CYS,WY,ANM,WE,Federal Contract Tower,2,2,11,7,22,0,0,0,0,0,2,2,11,7,22,20,39,59,81
01/14/2020,CYS,WY,ANM,WE,Federal Contract Tower,2,5,15,1,23,0,0,22,5,27,2,5,37,6,50,24,18,42,92
01/15/2020,CYS,WY,ANM,WE,Federal Contract Tower,2,8,13,6,29,0,0,4,0,4,2,8,17,6,33,21,24,45,78
01/16/2020,CYS,WY,ANM,WE,Federal Contract Tower,2,2,20,1,25,0,0,0,0,0,2,2,20,1,25,111,16,127,152
01/17/2020,CYS,WY,ANM,WE,Federal Contract Tower,2,2,12,3,19,0,0,3,2,5,2,2,15,5,24,44,7,51,75
01/18/2020,CYS,WY,ANM,WE,Federal Contract Tower,2,2,1,0,5,0,0,6,0,6,2,2,7,0,11,59,0,59,70
01/19/2020,CYS,WY,ANM,WE,Federal Contract Tower,2,0,8,0,10,0,0,8,0,8,2,0,16,0,18,81,0,81,99
01/20/2020,CYS,WY,ANM,WE,Federal Contract Tower,2,3,26,2,33,0,0,20,0,20,2,3,46,2,53,88,2,90,143
01/21/2020,CYS,WY,ANM,WE,Federal Contract Tower,2,3,18,4,27,0,0,2,1,3,2,3,20,5,30,125,93,218,248
01/22/2020,CYS,WY,ANM,WE,Federal Contract Tower,2,6,8,8,24,0,0,3,0,3,2,6,11,8,27,45,69,114,141
01/23/2020,CYS,WY,ANM,WE,Federal Contract Tower,2,2,15,2,21,0,0,1,0,1,2,2,16,2,22,79,102,181,203
01/24/2020,CYS,WY,ANM,WE,Federal Contract Tower,2,2,15,15,34,0,0,14,9,23,2,2,29,24,57,40,7,47,104
01/25/2020,CYS,WY,ANM,WE,Federal Contract Tower,2,2,17,15,36,0,0,0,0,0,2,2,17,15,36,66,17,83,119
01/26/2020,CYS,WY,ANM,WE,Federal Contract Tower,2,0,12,11,25,0,0,21,0,21,2,0,33,11,46,12,0,12,58
01/27/2020,CYS,WY,ANM,WE,Federal Contract Tower,2,2,12,9,25,0,0,3,3,6,2,2,15,12,31,20,20,40,71
01/28/2020,CYS,WY,ANM,WE,Federal Contract Tower,2,3,19,6,30,0,0,10,0,10,2,3,29,6,40,49,81,130,170
01/29/2020,CYS,WY,ANM,WE,Federal Contract Tower,2,6,11,9,28,0,0,0,0,0,2,6,11,9,28,20,48,68,96
01/30/2020,CYS,WY,ANM,WE,Federal Contract Tower,2,2,23,0,27,0,0,0,0,0,2,2,23,0,27,17,4,21,48
01/31/2020,CYS,WY,ANM,WE,Federal Contract Tower,2,2,8,1,13,0,0,0,0,0,2,2,8,1,13,46,6,52,65
02/01/2020,CYS,WY,ANM,WE,Federal Contract Tower,2,0,10,0,12,0,0,0,0,0,2,0,10,0,12,22,0,22,34
02/02/2020,CYS,WY,ANM,WE,Federal Contract Tower,2,0,14,1,17,0,0,8,0,8,2,0,22,1,25,44,0,44,69
02/03/2020,CYS,WY,ANM,WE,Federal Contract Tower,0,0,0,0,0,0,0,0,0,0,0,0,0,0,0,0,0,0,0
02/04/2020,CYS,WY,ANM,WE,Federal Contract Tower,0,0,0,0,0,0,0,0,40,40,0,0,0,40,40,0,0,0,40
02/05/2020,CYS,WY,ANM,WE,Federal Contract Tower,2,2,9,4,17,0,0,1,0,1,2,2,10,4,18,38,19,57,75
02/06/2020,CYS,WY,ANM,WE,Federal Contract Tower,2,2,17,3,24,0,0,0,0,0,2,2,17,3,24,3,3,6,30
02/07/2020,CYS,WY,ANM,WE,Federal Contract Tower,2,2,6,5,15,0,0,0,0,0,2,2,6,5,15,2,6,8,23
02/08/2020,CYS,WY,ANM,WE,Federal Contract Tower,2,2,9,2,15,0,0,16,0,16,2,2,25,2,31,5,3,8,39
02/09/2020,CYS,WY,ANM,WE,Federal Contract Tower,2,2,3,3,10,0,0,0,0,0,2,2,3,3,10,0,0,0,10
02/10/2020,CYS,WY,ANM,WE,Federal Contract Tower,2,2,10,10,24,0,0,7,14,21,2,2,17,24,45,24,66,90,135
02/11/2020,CYS,WY,ANM,WE,Federal Contract Tower,2,3,19,6,30,0,0,2,0,2,2,3,21,6,32,22,50,72,104
02/12/2020,CYS,WY,ANM,WE,Federal Contract Tower,2,1,9,2,14,0,0,2,6,8,2,1,11,8,22,0,22,22,44
02/13/2020,CYS,WY,ANM,WE,Federal Contract Tower,2,4,20,5,31,0,0,0,0,0,2,4,20,5,31,10,22,32,63
02/14/2020,CYS,WY,ANM,WE,Federal Contract Tower,2,2,2,0,6,0,0,2,0,2,2,2,4,0,8,56,9,65,73
02/15/2020,CYS,WY,ANM,WE,Federal Contract Tower,2,2,3,0,7,0,0,2,0,2,2,2,5,0,9,44,0,44,53
02/16/2020,CYS,WY,ANM,WE,Federal Contract Tower,2,2,13,0,17,0,0,9,0,9,2,2,22,0,26,21,0,21,47
02/17/2020,CYS,WY,ANM,WE,Federal Contract Tower,2,2,15,0,19,0,0,3,0,3,2,2,18,0,22,22,0,22,44
02/18/2020,CYS,WY,ANM,WE,Federal Contract Tower,2,2,34,5,43,0,0,8,2,10,2,2,42,7,53,133,57,190,243
02/19/2020,CYS,WY,ANM,WE,Federal Contract Tower,2,2,10,3,17,0,0,0,0,0,2,2,10,3,17,0,28,28,45
02/20/2020,CYS,WY,ANM,WE,Federal Contract Tower,2,2,30,7,41,0,0,26,1,27,2,2,56,8,68,104,33,137,205
02/21/2020,CYS,WY,ANM,WE,Federal Contract Tower,2,2,22,2,28,0,0,11,8,19,2,2,33,10,47,69,31,100,147
02/22/2020,CYS,WY,ANM,WE,Federal Contract Tower,2,2,13,0,17,0,0,10,0,10,2,2,23,0,27,35,0,35,62
02/23/2020,CYS,WY,ANM,WE,Federal Contract Tower,2,0,10,0,12,0,0,0,0,0,2,0,10,0,12,40,0,40,52
02/24/2020,CYS,WY,ANM,WE,Federal Contract Tower,4,6,6,0,16,0,0,1,0,1,4,6,7,0,17,40,4,44,61
02/25/2020,CYS,WY,ANM,WE,Federal Contract Tower,0,2,7,14,23,0,0,0,0,0,0,2,7,14,23,4,69,73,96
02/26/2020,CYS,WY,ANM,WE,Federal Contract Tower,2,1,11,6,20,0,0,4,0,4,2,1,15,6,24,46,79,125,149
02/27/2020,CYS,WY,ANM,WE,Federal Contract Tower,2,4,24,1,31,0,0,8,0,8,2,4,32,1,39,87,76,163,202
02/28/2020,CYS,WY,ANM,WE,Federal Contract Tower,2,1,19,7,29,0,0,1,4,5,2,1,20,11,34,120,8,128,162
02/29/2020,CYS,WY,ANM,WE,Federal Contract Tower,2,4,10,0,16,0,0,8,0,8,2,4,18,0,24,102,0,102,126
03/01/2020,CYS,WY,ANM,WE,Federal Contract Tower,2,1,2,0,5,0,0,0,0,0,2,1,2,0,5,0,7,7,12
03/02/2020,CYS,WY,ANM,WE,Federal Contract Tower,2,2,17,12,33,0,0,0,1,1,2,2,17,13,34,16,43,59,93
03/03/2020,CYS,WY,ANM,WE,Federal Contract Tower,2,2,10,1,15,0,0,3,0,3,2,2,13,1,18,29,28,57,75
03/04/2020,CYS,WY,ANM,WE,Federal Contract Tower,4,2,18,3,27,0,0,0,0,0,4,2,18,3,27,41,28,69,96
03/05/2020,CYS,WY,ANM,WE,Federal Contract Tower,0,5,31,2,38,0,0,20,1,21,0,5,51,3,59,123,32,155,214
03/06/2020,CYS,WY,ANM,WE,Federal Contract Tower,2,2,19,7,30,0,0,34,0,34,2,2,53,7,64,98,70,168,232
03/07/2020,CYS,WY,ANM,WE,Federal Contract Tower,3,2,21,4,30,0,0,0,0,0,3,2,21,4,30,106,31,137,167
03/08/2020,CYS,WY,ANM,WE,Federal Contract Tower,1,0,11,0,12,0,0,13,3,16,1,0,24,3,28,29,16,45,73
03/09/2020,CYS,WY,ANM,WE,Federal Contract Tower,1,2,20,10,33,0,0,0,0,0,1,2,20,10,33,39,18,57,90
03/10/2020,CYS,WY,ANM,WE,Federal Contract Tower,1,2,15,7,25,0,0,2,2,4,1,2,17,9,29,88,29,117,146
03/11/2020,CYS,WY,ANM,WE,Federal Contract Tower,2,2,14,6,24,0,0,6,0,6,2,2,20,6,30,10,88,98,128
03/12/2020,CYS,WY,ANM,WE,Federal Contract Tower,4,2,28,1,35,0,0,0,0,0,4,2,28,1,35,25,49,74,109
03/13/2020,CYS,WY,ANM,WE,Federal Contract Tower,1,1,5,0,7,0,0,0,0,0,1,1,5,0,7,1,0,1,8
03/14/2020,CYS,WY,ANM,WE,Federal Contract Tower,0,1,2,0,3,0,0,0,0,0,0,1,2,0,3,0,0,0,3
03/15/2020,CYS,WY,ANM,WE,Federal Contract Tower,0,0,5,0,5,0,0,0,0,0,0,0,5,0,5,11,0,11,16
03/16/2020,CYS,WY,ANM,WE,Federal Contract Tower,2,6,18,0,26,0,0,8,0,8,2,6,26,0,34,59,2,61,95
03/17/2020,CYS,WY,ANM,WE,Federal Contract Tower,2,2,8,2,14,0,0,0,0,0,2,2,8,2,14,1,7,8,22
03/18/2020,CYS,WY,ANM,WE,Federal Contract Tower,2,2,16,8,28,0,0,0,0,0,2,2,16,8,28,72,8,80,108
03/19/2020,CYS,WY,ANM,WE,Federal Contract Tower,1,0,0,0,1,0,0,0,0,0,1,0,0,0,1,0,0,0,1
03/20/2020,CYS,WY,ANM,WE,Federal Contract Tower,4,0,4,0,8,0,0,0,0,0,4,0,4,0,8,1,0,1,9
03/21/2020,CYS,WY,ANM,WE,Federal Contract Tower,1,9,9,0,19,0,0,22,0,22,1,9,31,0,41,82,2,84,125
03/22/2020,CYS,WY,ANM,WE,Federal Contract Tower,1,0,7,0,8,0,0,4,0,4,1,0,11,0,12,40,0,40,52
03/23/2020,CYS,WY,ANM,WE,Federal Contract Tower,2,2,18,3,25,0,0,1,0,1,2,2,19,3,26,77,54,131,157
03/24/2020,CYS,WY,ANM,WE,Federal Contract Tower,1,2,0,4,7,0,0,6,1,7,1,2,6,5,14,11,8,19,33
03/25/2020,CYS,WY,ANM,WE,Federal Contract Tower,2,2,7,8,19,0,0,2,0,2,2,2,9,8,21,18,41,59,80
03/26/2020,CYS,WY,ANM,WE,Federal Contract Tower,2,2,3,1,8,0,0,9,0,9,2,2,12,1,17,18,9,27,44
03/27/2020,CYS,WY,ANM,WE,Federal Contract Tower,2,2,1,0,5,0,0,0,0,0,2,2,1,0,5,0,0,0,5
03/28/2020,CYS,WY,ANM,WE,Federal Contract Tower,2,2,2,0,6,0,0,1,0,1,2,2,3,0,7,6,0,6,13
03/29/2020,CYS,WY,ANM,WE,Federal Contract Tower,1,0,11,0,12,0,0,3,0,3,1,0,14,0,15,41,0,41,56
03/30/2020,CYS,WY,ANM,WE,Federal Contract Tower,0,2,1,6,9,0,0,2,0,2,0,2,3,6,11,27,50,77,88
03/31/2020,CYS,WY,ANM,WE,Federal Contract Tower,2,2,4,3,11,0,0,0,0,0,2,2,4,3,11,25,19,44,55
04/01/2020,CYS,WY,ANM,WE,Federal Contract Tower,0,4,10,12,26,0,0,8,5,13,0,4,18,17,39,39,67,106,145
04/02/2020,CYS,WY,ANM,WE,Federal Contract Tower,0,2,0,0,2,0,0,0,1,1,0,2,0,1,3,0,29,29,32
04/03/2020,CYS,WY,ANM,WE,Federal Contract Tower,0,2,8,2,12,0,0,17,19,36,0,2,25,21,48,31,58,89,137
04/04/2020,CYS,WY,ANM,WE,Federal Contract Tower,0,1,2,5,8,0,0,6,0,6,0,1,8,5,14,20,0,20,34
04/05/2020,CYS,WY,ANM,WE,Federal Contract Tower,1,0,14,0,15,0,0,3,0,3,1,0,17,0,18,36,0,36,54
04/07/2020,CYS,WY,ANM,WE,Federal Contract Tower,0,2,7,4,13,0,0,0,0,0,0,2,7,4,13,87,27,114,127
04/08/2020,CYS,WY,ANM,WE,Federal Contract Tower,0,2,16,0,18,0,0,3,0,3,0,2,19,0,21,45,27,72,93
04/09/2020,CYS,WY,ANM,WE,Federal Contract Tower,0,2,13,2,17,0,0,0,0,0,0,2,13,2,17,55,23,78,95
04/10/2020,CYS,WY,ANM,WE,Federal Contract Tower,0,2,16,0,18,0,0,0,0,0,0,2,16,0,18,27,33,60,78
04/11/2020,CYS,WY,ANM,WE,Federal Contract Tower,0,2,8,0,10,0,0,3,1,4,0,2,11,1,14,4,18,22,36
04/12/2020,CYS,WY,ANM,WE,Federal Contract Tower,0,0,0,0,0,0,0,0,0,0,0,0,0,0,0,0,0,0,0
04/13/2020,CYS,WY,ANM,WE,Federal Contract Tower,0,2,3,7,12,0,0,0,0,0,0,2,3,7,12,1,4,5,17
04/14/2020,CYS,WY,ANM,WE,Federal Contract Tower,0,2,3,8,13,0,0,10,1,11,0,2,13,9,24,4,15,19,43
04/15/2020,CYS,WY,ANM,WE,Federal Contract Tower,0,4,5,5,14,0,0,3,0,3,0,4,8,5,17,16,12,28,45
04/16/2020,CYS,WY,ANM,WE,Federal Contract Tower,0,2,1,2,5,0,0,0,0,0,0,2,1,2,5,0,0,0,5
04/17/2020,CYS,WY,ANM,WE,Federal Contract Tower,0,2,2,3,7,0,0,0,0,0,0,2,2,3,7,19,22,41,48
04/18/2020,CYS,WY,ANM,WE,Federal Contract Tower,0,0,4,0,4,0,0,0,0,0,0,0,4,0,4,57,1,58,62
04/19/2020,CYS,WY,ANM,WE,Federal Contract Tower,0,0,2,0,2,0,0,0,0,0,0,0,2,0,2,63,0,63,65
04/20/2020,CYS,WY,ANM,WE,Federal Contract Tower,0,2,7,7,16,0,1,1,0,2,0,3,8,7,18,24,26,50,68
04/21/2020,CYS,WY,ANM,WE,Federal Contract Tower,0,2,9,6,17,0,0,1,0,1,0,2,10,6,18,84,38,122,140
04/22/2020,CYS,WY,ANM,WE,Federal Contract Tower,0,2,6,2,10,0,0,19,3,22,0,2,25,5,32,8,51,59,91
04/23/2020,CYS,WY,ANM,WE,Federal Contract Tower,0,2,3,3,8,0,0,4,0,4,0,2,7,3,12,6,24,30,42
04/24/2020,CYS,WY,ANM,WE,Federal Contract Tower,0,2,8,1,11,0,0,0,1,1,0,2,8,2,12,0,94,94,106
04/25/2020,CYS,WY,ANM,WE,Federal Contract Tower,0,2,8,0,10,0,0,19,1,20,0,2,27,1,30,37,10,47,77
04/26/2020,CYS,WY,ANM,WE,Federal Contract Tower,0,0,5,2,7,0,0,14,0,14,0,0,19,2,21,23,0,23,44
04/27/2020,CYS,WY,ANM,WE,Federal Contract Tower,0,2,17,6,25,0,0,10,0,10,0,2,27,6,35,49,52,101,136
04/28/2020,CYS,WY,ANM,WE,Federal Contract Tower,0,2,4,5,11,0,0,2,0,2,0,2,6,5,13,17,11,28,41
04/29/2020,CYS,WY,ANM,WE,Federal Contract Tower,0,4,6,15,25,0,0,28,0,28,0,4,34,15,53,46,28,74,127
04/30/2020,CYS,WY,ANM,WE,Federal Contract Tower,0,2,6,0,8,0,0,1,0,1,0,2,7,0,9,26,8,34,43
05/01/2020,CYS,WY,ANM,WE,Federal Contract Tower,0,2,6,0,8,0,0,4,0,4,0,2,10,0,12,30,10,40,52
05/02/2020,CYS,WY,ANM,WE,Federal Contract Tower,0,2,6,0,8,0,0,0,0,0,0,2,6,0,8,1,0,1,9
05/03/2020,CYS,WY,ANM,WE,Federal Contract Tower,0,0,0,0,0,0,0,0,0,0,0,0,0,0,0,40,0,40,40
05/04/2020,CYS,WY,ANM,WE,Federal Contract Tower,0,2,7,8,17,0,0,0,0,0,0,2,7,8,17,7,74,81,98
05/05/2020,CYS,WY,ANM,WE,Federal Contract Tower,0,2,16,3,21,0,0,0,0,0,0,2,16,3,21,55,44,99,120
05/06/2020,CYS,WY,ANM,WE,Federal Contract Tower,0,2,13,0,15,0,0,0,0,0,0,2,13,0,15,45,13,58,73
05/07/2020,CYS,WY,ANM,WE,Federal Contract Tower,0,2,7,1,10,0,0,13,4,17,0,2,20,5,27,0,5,5,32
05/08/2020,CYS,WY,ANM,WE,Federal Contract Tower,0,4,15,1,20,0,0,32,0,32,0,4,47,1,52,74,5,79,131
05/09/2020,CYS,WY,ANM,WE,Federal Contract Tower,0,0,1,0,1,0,0,0,0,0,0,0,1,0,1,2,0,2,3
05/10/2020,CYS,WY,ANM,WE,Federal Contract Tower,0,0,12,0,12,0,0,21,1,22,0,0,33,1,34,65,0,65,99
05/11/2020,CYS,WY,ANM,WE,Federal Contract Tower,0,2,9,1,12,0,0,4,0,4,0,2,13,1,16,1,62,63,79
05/12/2020,CYS,WY,ANM,WE,Federal Contract Tower,0,2,16,5,23,0,0,0,0,0,0,2,16,5,23,5,12,17,40
05/13/2020,CYS,WY,ANM,WE,Federal Contract Tower,0,2,10,5,17,6,1,10,0,17,6,3,20,5,34,40,21,61,95
05/14/2020,CYS,WY,ANM,WE,Federal Contract Tower,0,4,15,6,25,0,0,0,2,2,0,4,15,8,27,46,55,101,128
05/15/2020,CYS,WY,ANM,WE,Federal Contract Tower,0,1,12,0,13,0,0,19,0,19,0,1,31,0,32,10,6,16,48
05/16/2020,CYS,WY,ANM,WE,Federal Contract Tower,0,2,6,0,8,0,0,19,0,19,0,2,25,0,27,26,12,38,65
05/17/2020,CYS,WY,ANM,WE,Federal Contract Tower,0,0,7,0,7,0,0,17,0,17,0,0,24,0,24,31,0,31,55
05/18/2020,CYS,WY,ANM,WE,Federal Contract Tower,0,2,6,2,10,0,0,6,0,6,0,2,12,2,16,21,42,63,79
05/19/2020,CYS,WY,ANM,WE,Federal Contract Tower,0,2,7,2,11,0,0,4,0,4,0,2,11,2,15,34,9,43,58
05/20/2020,CYS,WY,ANM,WE,Federal Contract Tower,0,2,9,3,14,0,0,0,0,0,0,2,9,3,14,25,14,39,53
05/21/2020,CYS,WY,ANM,WE,Federal Contract Tower,0,2,16,4,22,0,0,2,0,2,0,2,18,4,24,43,3,46,70
05/22/2020,CYS,WY,ANM,WE,Federal Contract Tower,0,2,7,2,11,0,0,29,1,30,0,2,36,3,41,58,31,89,130
05/23/2020,CYS,WY,ANM,WE,Federal Contract Tower,0,2,9,0,11,0,0,15,0,15,0,2,24,0,26,26,0,26,52
05/24/2020,CYS,WY,ANM,WE,Federal Contract Tower,0,0,2,0,2,0,0,4,0,4,0,0,6,0,6,2,0,2,8
05/25/2020,CYS,WY,ANM,WE,Federal Contract Tower,0,0,5,5,10,0,0,26,0,26,0,0,31,5,36,46,71,117,153
05/26/2020,CYS,WY,ANM,WE,Federal Contract Tower,0,2,9,4,15,0,0,26,7,33,0,2,35,11,48,57,44,101,149
05/27/2020,CYS,WY,ANM,WE,Federal Contract Tower,0,2,13,4,19,0,0,2,2,4,0,2,15,6,23,27,11,38,61
05/28/2020,CYS,WY,ANM,WE,Federal Contract Tower,0,4,29,21,54,0,0,1,0,1,0,4,30,21,55,31,45,76,131
05/29/2020,CYS,WY,ANM,WE,Federal Contract Tower,0,4,10,0,14,0,0,9,0,9,0,4,19,0,23,67,24,91,114
05/30/2020,CYS,WY,ANM,WE,Federal Contract Tower,0,0,20,0,20,0,0,33,0,33,0,0,53,0,53,66,2,68,121
05/31/2020,CYS,WY,ANM,WE,Federal Contract Tower,0,0,2,1,3,0,0,24,0,24,0,0,26,1,27,6,8,14,41
06/01/2020,CYS,WY,ANM,WE,Federal Contract Tower,0,2,21,2,25,0,0,7,0,7,0,2,28,2,32,22,52,74,106
06/02/2020,CYS,WY,ANM,WE,Federal Contract Tower,0,2,4,3,9,0,0,6,3,9,0,2,10,6,18,20,8,28,46
06/03/2020,CYS,WY,ANM,WE,Federal Contract Tower,0,2,15,2,19,0,0,0,0,0,0,2,15,2,19,7,3,10,29
06/04/2020,CYS,WY,ANM,WE,Federal Contract Tower,0,2,18,0,20,0,0,11,0,11,0,2,29,0,31,44,5,49,80
06/05/2020,CYS,WY,ANM,WE,Federal Contract Tower,0,2,14,0,16,0,0,0,0,0,0,2,14,0,16,37,27,64,80
06/06/2020,CYS,WY,ANM,WE,Federal Contract Tower,0,8,7,0,15,0,0,5,0,5,0,8,12,0,20,0,0,0,20
06/07/2020,CYS,WY,ANM,WE,Federal Contract Tower,0,0,26,1,27,0,0,16,0,16,0,0,42,1,43,26,0,26,69
06/08/2020,CYS,WY,ANM,WE,Federal Contract Tower,0,2,12,1,15,0,0,7,0,7,0,2,19,1,22,28,24,52,74
06/09/2020,CYS,WY,ANM,WE,Federal Contract Tower,0,2,12,4,18,0,0,0,0,0,0,2,12,4,18,19,7,26,44
06/10/2020,CYS,WY,ANM,WE,Federal Contract Tower,0,2,28,6,36,0,0,5,0,5,0,2,33,6,41,66,84,150,191
06/11/2020,CYS,WY,ANM,WE,Federal Contract Tower,0,4,34,5,43,0,0,18,0,18,0,4,52,5,61,88,51,139,200
06/12/2020,CYS,WY,ANM,WE,Federal Contract Tower,0,2,31,5,38,0,0,20,0,20,0,2,51,5,58,49,60,109,167
06/13/2020,CYS,WY,ANM,WE,Federal Contract Tower,0,0,23,0,23,0,0,5,0,5,0,0,28,0,28,10,0,10,38
06/14/2020,CYS,WY,ANM,WE,Federal Contract Tower,0,0,3,0,3,0,0,10,0,10,0,0,13,0,13,34,5,39,52
06/15/2020,CYS,WY,ANM,WE,Federal Contract Tower,0,2,11,0,13,0,0,8,0,8,0,2,19,0,21,19,11,30,51
06/16/2020,CYS,WY,ANM,WE,Federal Contract Tower,0,3,11,3,17,0,0,0,0,0,0,3,11,3,17,23,19,42,59
06/17/2020,CYS,WY,ANM,WE,Federal Contract Tower,0,6,22,2,30,0,0,20,0,20,0,6,42,2,50,40,34,74,124
06/18/2020,CYS,WY,ANM,WE,Federal Contract Tower,0,2,11,2,15,0,0,12,0,12,0,2,23,2,27,19,50,69,96
06/19/2020,CYS,WY,ANM,WE,Federal Contract Tower,0,4,13,3,20,0,0,0,0,0,0,4,13,3,20,13,16,29,49
06/20/2020,CYS,WY,ANM,WE,Federal Contract Tower,0,2,22,0,24,0,0,13,0,13,0,2,35,0,37,102,0,102,139
06/21/2020,CYS,WY,ANM,WE,Federal Contract Tower,0,0,7,0,7,0,0,0,0,0,0,0,7,0,7,11,0,11,18
06/22/2020,CYS,WY,ANM,WE,Federal Contract Tower,0,1,28,1,30,0,0,9,2,11,0,1,37,3,41,43,16,59,100
06/23/2020,CYS,WY,ANM,WE,Federal Contract Tower,0,4,18,5,27,0,1,9,0,10,0,5,27,5,37,58,41,99,136
06/24/2020,CYS,WY,ANM,WE,Federal Contract Tower,0,2,27,8,37,0,0,11,0,11,0,2,38,8,48,42,60,102,150
06/25/2020,CYS,WY,ANM,WE,Federal Contract Tower,0,2,17,4,23,0,0,5,0,5,0,2,22,4,28,44,59,103,131
06/26/2020,CYS,WY,ANM,WE,Federal Contract Tower,0,2,22,2,26,0,0,2,0,2,0,2,24,2,28,72,23,95,123
06/27/2020,CYS,WY,ANM,WE,Federal Contract Tower,0,2,15,0,17,0,0,0,0,0,0,2,15,0,17,73,2,75,92
06/28/2020,CYS,WY,ANM,WE,Federal Contract Tower,0,0,9,0,9,0,0,0,0,0,0,0,9,0,9,10,0,10,19
06/29/2020,CYS,WY,ANM,WE,Federal Contract Tower,2,2,14,5,23,0,0,16,0,16,2,2,30,5,39,63,75,138,177
06/30/2020,CYS,WY,ANM,WE,Federal Contract Tower,0,2,11,7,20,0,0,0,0,0,0,2,11,7,20,10,20,30,50
07/01/2020,CYS,WY,ANM,WE,Federal Contract Tower,0,2,22,4,28,0,0,5,0,5,0,2,27,4,33,69,50,119,152
07/02/2020,CYS,WY,ANM,WE,Federal Contract Tower,0,4,13,3,20,0,0,11,0,11,0,4,24,3,31,48,88,136,167
07/03/2020,CYS,WY,ANM,WE,Federal Contract Tower,0,0,20,0,20,0,0,6,0,6,0,0,26,0,26,66,31,97,123
07/04/2020,CYS,WY,ANM,WE,Federal Contract Tower,2,0,10,2,14,0,0,0,0,0,2,0,10,2,14,58,2,60,74
07/05/2020,CYS,WY,ANM,WE,Federal Contract Tower,0,0,10,0,10,0,0,0,0,0,0,0,10,0,10,42,0,42,52
07/06/2020,CYS,WY,ANM,WE,Federal Contract Tower,0,2,11,1,14,0,0,13,0,13,0,2,24,1,27,34,5,39,66
07/07/2020,CYS,WY,ANM,WE,Federal Contract Tower,0,2,19,2,23,0,0,3,0,3,0,2,22,2,26,34,23,57,83
07/08/2020,CYS,WY,ANM,WE,Federal Contract Tower,0,4,16,7,27,0,0,22,0,22,0,4,38,7,49,40,50,90,139
07/09/2020,CYS,WY,ANM,WE,Federal Contract Tower,0,6,13,4,23,0,0,6,0,6,0,6,19,4,29,60,120,180,209
07/10/2020,CYS,WY,ANM,WE,Federal Contract Tower,0,2,14,6,22,0,0,23,1,24,0,2,37,7,46,23,12,35,81
07/11/2020,CYS,WY,ANM,WE,Federal Contract Tower,2,0,10,0,12,0,0,46,2,48,2,0,56,2,60,48,0,48,108
07/12/2020,CYS,WY,ANM,WE,Federal Contract Tower,0,0,16,3,19,0,0,11,0,11,0,0,27,3,30,21,9,30,60
07/13/2020,CYS,WY,ANM,WE,Federal Contract Tower,0,2,14,3,19,0,2,0,0,2,0,4,14,3,21,14,31,45,66
07/14/2020,CYS,WY,ANM,WE,Federal Contract Tower,0,2,19,8,29,0,0,0,0,0,0,2,19,8,29,14,35,49,78
07/15/2020,CYS,WY,ANM,WE,Federal Contract Tower,0,2,26,1,29,0,0,0,0,0,0,2,26,1,29,1,5,6,35
07/16/2020,CYS,WY,ANM,WE,Federal Contract Tower,0,3,10,1,14,0,0,12,1,13,0,3,22,2,27,64,56,120,147
07/17/2020,CYS,WY,ANM,WE,Federal Contract Tower,0,2,10,3,15,0,0,10,0,10,0,2,20,3,25,23,46,69,94
07/18/2020,CYS,WY,ANM,WE,Federal Contract Tower,0,2,7,1,10,0,0,0,0,0,0,2,7,1,10,44,0,44,54
07/19/2020,CYS,WY,ANM,WE,Federal Contract Tower,0,1,16,0,17,0,0,5,0,5,0,1,21,0,22,16,2,18,40
07/20/2020,CYS,WY,ANM,WE,Federal Contract Tower,0,2,10,5,17,0,0,6,2,8,0,2,16,7,25,31,32,63,88
07/21/2020,CYS,WY,ANM,WE,Federal Contract Tower,0,2,8,3,13,0,0,1,0,1,0,2,9,3,14,28,27,55,69
07/22/2020,CYS,WY,ANM,WE,Federal Contract Tower,0,2,13,4,19,0,0,12,4,16,0,2,25,8,35,183,61,244,279
07/23/2020,CYS,WY,ANM,WE,Federal Contract Tower,0,1,16,1,18,0,0,11,0,11,0,1,27,1,29,69,35,104,133
07/24/2020,CYS,WY,ANM,WE,Federal Contract Tower,0,2,13,1,16,0,0,0,4,4,0,2,13,5,20,94,10,104,124
07/25/2020,CYS,WY,ANM,WE,Federal Contract Tower,0,0,0,0,0,0,0,0,0,0,0,0,0,0,0,128,4,132,132
07/26/2020,CYS,WY,ANM,WE,Federal Contract Tower,0,0,0,0,0,0,0,0,0,0,0,0,0,0,0,69,0,69,69
07/27/2020,CYS,WY,ANM,WE,Federal Contract Tower,0,4,17,6,27,0,0,10,0,10,0,4,27,6,37,65,61,126,163
07/28/2020,CYS,WY,ANM,WE,Federal Contract Tower,0,2,15,12,29,0,0,9,0,9,0,2,24,12,38,49,48,97,135
07/29/2020,CYS,WY,ANM,WE,Federal Contract Tower,0,2,18,7,27,0,0,18,0,18,0,2,36,7,45,87,95,182,227
07/30/2020,CYS,WY,ANM,WE,Federal Contract Tower,0,4,17,8,29,0,0,0,0,0,0,4,17,8,29,37,46,83,112
07/31/2020,CYS,WY,ANM,WE,Federal Contract Tower,0,2,18,17,37,0,1,7,2,10,0,3,25,19,47,88,28,116,163
08/01/2020,CYS,WY,ANM,WE,Federal Contract Tower,0,0,0,0,0,0,0,0,0,0,0,0,0,0,0,92,13,105,105
08/02/2020,CYS,WY,ANM,WE,Federal Contract Tower,0,0,8,5,13,0,0,23,1,24,0,0,31,6,37,30,2,32,69
08/03/2020,CYS,WY,ANM,WE,Federal Contract Tower,0,4,23,2,29,0,0,12,3,15,0,4,35,5,44,32,23,55,99
08/04/2020,CYS,WY,ANM,WE,Federal Contract Tower,0,2,23,5,30,0,0,0,0,0,0,2,23,5,30,37,103,140,170
08/05/2020,CYS,WY,ANM,WE,Federal Contract Tower,0,2,11,5,18,0,0,4,0,4,0,2,15,5,22,118,52,170,192
08/06/2020,CYS,WY,ANM,WE,Federal Contract Tower,0,0,0,0,0,0,0,0,0,0,0,0,0,0,0,25,44,69,69
08/07/2020,CYS,WY,ANM,WE,Federal Contract Tower,0,0,0,0,0,0,0,0,0,0,0,0,0,0,0,63,58,121,121
08/08/2020,CYS,WY,ANM,WE,Federal Contract Tower,0,2,17,0,19,0,0,1,0,1,0,2,18,0,20,100,1,101,121
08/09/2020,CYS,WY,ANM,WE,Federal Contract Tower,0,0,0,0,0,0,0,0,0,0,0,0,0,0,0,52,20,72,72
08/10/2020,CYS,WY,ANM,WE,Federal Contract Tower,0,2,26,4,32,0,0,2,0,2,0,2,28,4,34,56,49,105,139
08/11/2020,CYS,WY,ANM,WE,Federal Contract Tower,0,2,10,2,14,0,0,26,29,55,0,2,36,31,69,84,93,177,246
08/12/2020,CYS,WY,ANM,WE,Federal Contract Tower,2,4,18,8,32,0,0,0,0,0,2,4,18,8,32,19,39,58,90
08/13/2020,CYS,WY,ANM,WE,Federal Contract Tower,0,2,18,2,22,0,0,18,0,18,0,2,36,2,40,89,28,117,157
08/14/2020,CYS,WY,ANM,WE,Federal Contract Tower,0,4,23,3,30,0,0,10,0,10,0,4,33,3,40,23,27,50,90
08/15/2020,CYS,WY,ANM,WE,Federal Contract Tower,0,0,0,0,0,0,0,11,0,11,0,0,11,0,11,71,49,120,131
08/16/2020,CYS,WY,ANM,WE,Federal Contract Tower,0,0,0,0,0,0,0,0,0,0,0,0,0,0,0,53,0,53,53
08/17/2020,CYS,WY,ANM,WE,Federal Contract Tower,0,3,11,5,19,0,0,0,0,0,0,3,11,5,19,36,47,83,102
08/18/2020,CYS,WY,ANM,WE,Federal Contract Tower,0,3,14,6,23,0,1,1,0,2,0,4,15,6,25,56,31,87,112
08/19/2020,CYS,WY,ANM,WE,Federal Contract Tower,0,0,6,11,17,0,0,0,0,0,0,0,6,11,17,38,17,55,72
08/20/2020,CYS,WY,ANM,WE,Federal Contract Tower,0,6,20,11,37,0,0,11,0,11,0,6,31,11,48,76,71,147,195
08/21/2020,CYS,WY,ANM,WE,Federal Contract Tower,0,2,12,30,44,0,0,6,21,27,0,2,18,51,71,71,89,160,231
08/22/2020,CYS,WY,ANM,WE,Federal Contract Tower,0,1,19,8,28,0,0,17,10,27,0,1,36,18,55,6,1,7,62
08/23/2020,CYS,WY,ANM,WE,Federal Contract Tower,0,2,9,11,22,0,0,0,0,0,0,2,9,11,22,25,23,48,70
08/24/2020,CYS,WY,ANM,WE,Federal Contract Tower,0,2,21,7,30,0,0,0,0,0,0,2,21,7,30,54,28,82,112
08/25/2020,CYS,WY,ANM,WE,Federal Contract Tower,0,2,17,5,24,0,0,0,0,0,0,2,17,5,24,107,127,234,258
08/26/2020,CYS,WY,ANM,WE,Federal Contract Tower,4,2,19,4,29,0,0,5,1,6,4,2,24,5,35,76,17,93,128
08/27/2020,CYS,WY,ANM,WE,Federal Contract Tower,0,2,11,0,13,0,0,19,0,19,0,2,30,0,32,62,30,92,124
08/28/2020,CYS,WY,ANM,WE,Federal Contract Tower,0,6,19,7,32,0,0,0,13,13,0,6,19,20,45,20,8,28,73
08/29/2020,CYS,WY,ANM,WE,Federal Contract Tower,0,2,9,1,12,0,0,0,0,0,0,2,9,1,12,57,1,58,70
08/30/2020,CYS,WY,ANM,WE,Federal Contract Tower,0,0,0,0,0,0,0,1,0,1,0,0,1,0,1,7,32,39,40
08/31/2020,CYS,WY,ANM,WE,Federal Contract Tower,0,6,14,2,22,0,1,1,0,2,0,7,15,2,24,66,15,81,105
09/01/2020,CYS,WY,ANM,WE,Federal Contract Tower,0,1,12,4,17,0,0,0,9,9,0,1,12,13,26,35,25,60,86
09/02/2020,CYS,WY,ANM,WE,Federal Contract Tower,0,2,8,4,14,0,0,7,0,7,0,2,15,4,21,63,18,81,102
09/03/2020,CYS,WY,ANM,WE,Federal Contract Tower,0,2,14,5,21,0,0,0,0,0,0,2,14,5,21,46,33,79,100
09/04/2020,CYS,WY,ANM,WE,Federal Contract Tower,0,0,0,0,0,0,0,0,0,0,0,0,0,0,0,24,2,26,26
09/05/2020,CYS,WY,ANM,WE,Federal Contract Tower,0,0,13,0,13,0,0,4,0,4,0,0,17,0,17,55,0,55,72
09/06/2020,CYS,WY,ANM,WE,Federal Contract Tower,0,0,0,0,0,0,0,0,0,0,0,0,0,0,0,45,0,45,45
09/07/2020,CYS,WY,ANM,WE,Federal Contract Tower,0,0,0,0,0,0,0,0,0,0,0,0,0,0,0,36,0,36,36
09/08/2020,CYS,WY,ANM,WE,Federal Contract Tower,0,2,3,0,5,0,0,0,0,0,0,2,3,0,5,0,0,0,5
09/09/2020,CYS,WY,ANM,WE,Federal Contract Tower,0,2,4,3,9,0,0,1,0,1,0,2,5,3,10,38,28,66,76
09/10/2020,CYS,WY,ANM,WE,Federal Contract Tower,0,2,17,1,20,0,0,5,0,5,0,2,22,1,25,32,63,95,120
09/11/2020,CYS,WY,ANM,WE,Federal Contract Tower,0,2,16,3,21,0,0,4,0,4,0,2,20,3,25,51,34,85,110
09/12/2020,CYS,WY,ANM,WE,Federal Contract Tower,0,2,9,0,11,0,0,66,16,82,0,2,75,16,93,28,18,46,139
09/13/2020,CYS,WY,ANM,WE,Federal Contract Tower,0,0,2,19,21,0,0,0,0,0,0,0,2,19,21,77,13,90,111
09/14/2020,CYS,WY,ANM,WE,Federal Contract Tower,0,2,14,0,16,0,0,23,15,38,0,2,37,15,54,17,30,47,101
09/15/2020,CYS,WY,ANM,WE,Federal Contract Tower,0,4,9,1,14,0,0,3,0,3,0,4,12,1,17,55,11,66,83
09/16/2020,CYS,WY,ANM,WE,Federal Contract Tower,0,0,2,0,2,0,0,5,0,5,0,0,7,0,7,5,21,26,33
09/17/2020,CYS,WY,ANM,WE,Federal Contract Tower,0,2,11,8,21,0,0,5,0,5,0,2,16,8,26,71,68,139,165
09/18/2020,CYS,WY,ANM,WE,Federal Contract Tower,0,0,2,0,2,0,0,4,0,4,0,0,6,0,6,4,3,7,13
09/19/2020,CYS,WY,ANM,WE,Federal Contract Tower,0,0,1,0,1,0,0,3,0,3,0,0,4,0,4,0,0,0,4
09/20/2020,CYS,WY,ANM,WE,Federal Contract Tower,0,0,11,1,12,0,0,0,1,1,0,0,11,2,13,45,4,49,62
09/21/2020,CYS,WY,ANM,WE,Federal Contract Tower,0,0,0,3,3,0,0,2,0,2,0,0,2,3,5,11,86,97,102
09/22/2020,CYS,WY,ANM,WE,Federal Contract Tower,0,1,9,0,10,0,0,4,0,4,0,1,13,0,14,54,25,79,93
09/23/2020,CYS,WY,ANM,WE,Federal Contract Tower,0,2,15,2,19,0,0,0,0,0,0,2,15,2,19,49,11,60,79
09/24/2020,CYS,WY,ANM,WE,Federal Contract Tower,0,10,13,3,26,0,0,1,1,2,0,10,14,4,28,62,65,127,155
09/25/2020,CYS,WY,ANM,WE,Federal Contract Tower,2,6,11,3,22,0,0,35,3,38,2,6,46,6,60,35,12,47,107
09/26/2020,CYS,WY,ANM,WE,Federal Contract Tower,0,0,7,0,7,0,0,0,0,0,0,0,7,0,7,9,0,9,16
09/27/2020,CYS,WY,ANM,WE,Federal Contract Tower,0,0,13,0,13,0,0,0,0,0,0,0,13,0,13,10,0,10,23
09/28/2020,CYS,WY,ANM,WE,Federal Contract Tower,0,1,14,2,17,0,0,0,0,0,0,1,14,2,17,36,7,43,60
09/29/2020,CYS,WY,ANM,WE,Federal Contract Tower,0,4,9,2,15,0,0,5,0,5,0,4,14,2,20,64,31,95,115
09/30/2020,CYS,WY,ANM,WE,Federal Contract Tower,0,2,20,2,24,0,0,0,0,0,0,2,20,2,24,42,7,49,73
10/01/2020,CYS,WY,ANM,WE,Federal Contract Tower,0,2,5,2,9,0,0,5,0,5,0,2,10,2,14,69,75,144,158
10/02/2020,CYS,WY,ANM,WE,Federal Contract Tower,0,3,8,4,15,0,1,4,2,7,0,4,12,6,22,12,45,57,79
10/03/2020,CYS,WY,ANM,WE,Federal Contract Tower,0,0,15,0,15,0,0,0,0,0,0,0,15,0,15,47,0,47,62
10/04/2020,CYS,WY,ANM,WE,Federal Contract Tower,0,0,11,0,11,0,0,3,3,6,0,0,14,3,17,18,0,18,35
10/05/2020,CYS,WY,ANM,WE,Federal Contract Tower,0,2,13,4,19,0,0,0,0,0,0,2,13,4,19,34,56,90,109
10/06/2020,CYS,WY,ANM,WE,Federal Contract Tower,0,6,12,6,24,0,0,0,0,0,0,6,12,6,24,14,26,40,64
10/07/2020,CYS,WY,ANM,WE,Federal Contract Tower,0,3,12,0,15,0,0,1,0,1,0,3,13,0,16,47,28,75,91
10/08/2020,CYS,WY,ANM,WE,Federal Contract Tower,0,4,20,6,30,0,0,12,2,14,0,4,32,8,44,26,31,57,101
10/09/2020,CYS,WY,ANM,WE,Federal Contract Tower,0,0,0,0,0,0,0,0,0,0,0,0,0,0,0,46,20,66,66
10/10/2020,CYS,WY,ANM,WE,Federal Contract Tower,0,2,4,0,6,0,0,1,0,1,0,2,5,0,7,55,1,56,63
10/11/2020,CYS,WY,ANM,WE,Federal Contract Tower,0,0,0,0,0,2,0,14,1,17,2,0,14,1,17,3,0,3,20
10/12/2020,CYS,WY,ANM,WE,Federal Contract Tower,0,2,11,0,13,0,0,0,6,6,0,2,11,6,19,3,3,6,25
10/13/2020,CYS,WY,ANM,WE,Federal Contract Tower,0,4,24,6,34,0,0,1,0,1,0,4,25,6,35,27,35,62,97
10/14/2020,CYS,WY,ANM,WE,Federal Contract Tower,0,2,4,4,10,0,0,0,0,0,0,2,4,4,10,17,6,23,33
10/15/2020,CYS,WY,ANM,WE,Federal Contract Tower,0,4,24,9,37,0,0,5,0,5,0,4,29,9,42,127,105,232,274
10/16/2020,CYS,WY,ANM,WE,Federal Contract Tower,2,14,4,0,20,0,0,0,0,0,2,14,4,0,20,1,46,47,67
10/17/2020,CYS,WY,ANM,WE,Federal Contract Tower,0,2,7,1,10,0,0,0,17,17,0,2,7,18,27,0,7,7,34
10/18/2020,CYS,WY,ANM,WE,Federal Contract Tower,0,0,4,1,5,0,0,0,0,0,0,0,4,1,5,0,0,0,5
10/19/2020,CYS,WY,ANM,WE,Federal Contract Tower,0,5,28,1,34,0,0,1,0,1,0,5,29,1,35,19,23,42,77
10/20/2020,CYS,WY,ANM,WE,Federal Contract Tower,0,3,24,7,34,0,0,0,0,0,0,3,24,7,34,13,36,49,83
10/21/2020,CYS,WY,ANM,WE,Federal Contract Tower,0,1,24,10,35,0,0,12,0,12,0,1,36,10,47,101,93,194,241
10/22/2020,CYS,WY,ANM,WE,Federal Contract Tower,0,4,12,4,20,0,0,0,0,0,0,4,12,4,20,0,14,14,34
10/23/2020,CYS,WY,ANM,WE,Federal Contract Tower,0,3,23,0,26,0,0,0,0,0,0,3,23,0,26,33,12,45,71
10/24/2020,CYS,WY,ANM,WE,Federal Contract Tower,0,2,14,0,16,0,0,6,0,6,0,2,20,0,22,85,4,89,111
10/25/2020,CYS,WY,ANM,WE,Federal Contract Tower,0,0,0,0,0,0,0,0,0,0,0,0,0,0,0,0,0,0,0
10/26/2020,CYS,WY,ANM,WE,Federal Contract Tower,0,3,15,7,25,0,0,2,0,2,0,3,17,7,27,3,7,10,37
10/27/2020,CYS,WY,ANM,WE,Federal Contract Tower,0,4,17,2,23,0,0,5,8,13,0,4,22,10,36,64,82,146,182
10/28/2020,CYS,WY,ANM,WE,Federal Contract Tower,0,5,9,0,14,0,0,12,0,12,0,5,21,0,26,68,48,116,142
10/29/2020,CYS,WY,ANM,WE,Federal Contract Tower,0,2,24,8,34,0,0,8,6,14,0,2,32,14,48,111,124,235,283
10/30/2020,CYS,WY,ANM,WE,Federal Contract Tower,0,2,22,8,32,0,0,16,0,16,0,2,38,8,48,70,20,90,138
10/31/2020,CYS,WY,ANM,WE,Federal Contract Tower,0,2,7,0,9,0,0,3,0,3,0,2,10,0,12,32,0,32,44
11/01/2020,CYS,WY,ANM,WE,Federal Contract Tower,0,2,6,1,9,0,0,33,2,35,0,2,39,3,44,96,4,100,144
11/02/2020,CYS,WY,ANM,WE,Federal Contract Tower,0,6,18,0,24,0,0,16,10,26,0,6,34,10,50,40,68,108,158
11/03/2020,CYS,WY,ANM,WE,Federal Contract Tower,0,2,10,6,18,0,0,11,0,11,0,2,21,6,29,20,55,75,104
11/04/2020,CYS,WY,ANM,WE,Federal Contract Tower,0,3,5,11,19,0,0,0,0,0,0,3,5,11,19,23,100,123,142
11/05/2020,CYS,WY,ANM,WE,Federal Contract Tower,0,2,15,3,20,0,0,0,0,0,0,2,15,3,20,34,35,69,89
11/06/2020,CYS,WY,ANM,WE,Federal Contract Tower,0,2,13,3,18,0,0,2,3,5,0,2,15,6,23,51,97,148,171
11/07/2020,CYS,WY,ANM,WE,Federal Contract Tower,0,2,10,0,12,0,0,0,0,0,0,2,10,0,12,95,6,101,113
11/08/2020,CYS,WY,ANM,WE,Federal Contract Tower,0,0,9,0,9,0,0,12,0,12,0,0,21,0,21,14,0,14,35
11/09/2020,CYS,WY,ANM,WE,Federal Contract Tower,0,2,3,0,5,0,0,0,0,0,0,2,3,0,5,0,0,0,5
11/10/2020,CYS,WY,ANM,WE,Federal Contract Tower,0,2,15,1,18,0,0,0,0,0,0,2,15,1,18,6,18,24,42
11/11/2020,CYS,WY,ANM,WE,Federal Contract Tower,1,1,17,0,19,0,0,2,0,2,1,1,19,0,21,18,0,18,39
11/12/2020,CYS,WY,ANM,WE,Federal Contract Tower,0,3,5,4,12,0,0,1,0,1,0,3,6,4,13,2,35,37,50
11/13/2020,CYS,WY,ANM,WE,Federal Contract Tower,2,5,5,2,14,0,0,5,0,5,2,5,10,2,19,41,70,111,130
11/14/2020,CYS,WY,ANM,WE,Federal Contract Tower,0,2,0,0,2,0,0,0,4,4,0,2,0,4,6,2,1,3,9
11/15/2020,CYS,WY,ANM,WE,Federal Contract Tower,2,1,7,0,10,0,0,0,0,0,2,1,7,0,10,12,10,22,32
11/16/2020,CYS,WY,ANM,WE,Federal Contract Tower,2,3,9,24,38,0,0,5,1,6,2,3,14,25,44,14,154,168,212
11/17/2020,CYS,WY,ANM,WE,Federal Contract Tower,2,6,17,15,40,0,0,43,4,47,2,6,60,19,87,95,168,263,350
11/18/2020,CYS,WY,ANM,WE,Federal Contract Tower,2,2,15,7,26,0,0,6,0,6,2,2,21,7,32,68,77,145,177
11/19/2020,CYS,WY,ANM,WE,Federal Contract Tower,2,6,14,12,34,0,0,9,0,9,2,6,23,12,43,49,97,146,189
11/20/2020,CYS,WY,ANM,WE,Federal Contract Tower,2,2,5,4,13,0,0,0,0,0,2,2,5,4,13,41,7,48,61
11/21/2020,CYS,WY,ANM,WE,Federal Contract Tower,1,0,27,1,29,0,0,23,2,25,1,0,50,3,54,32,6,38,92
11/22/2020,CYS,WY,ANM,WE,Federal Contract Tower,1,0,34,0,35,0,0,0,0,0,1,0,34,0,35,69,0,69,104
11/23/2020,CYS,WY,ANM,WE,Federal Contract Tower,2,2,11,5,20,0,0,1,0,1,2,2,12,5,21,83,90,173,194
11/24/2020,CYS,WY,ANM,WE,Federal Contract Tower,2,2,13,5,22,0,0,16,0,16,2,2,29,5,38,35,59,94,132
11/25/2020,CYS,WY,ANM,WE,Federal Contract Tower,2,4,4,0,10,0,0,9,0,9,2,4,13,0,19,43,21,64,83
11/26/2020,CYS,WY,ANM,WE,Federal Contract Tower,2,0,3,0,5,0,0,2,0,2,2,0,5,0,7,6,0,6,13
11/27/2020,CYS,WY,ANM,WE,Federal Contract Tower,1,2,9,0,12,0,0,35,0,35,1,2,44,0,47,49,0,49,96
11/28/2020,CYS,WY,ANM,WE,Federal Contract Tower,1,2,15,0,18,0,0,0,0,0,1,2,15,0,18,70,0,70,88
11/29/2020,CYS,WY,ANM,WE,Federal Contract Tower,1,0,6,0,7,0,0,1,0,1,1,0,7,0,8,51,0,51,59
11/30/2020,CYS,WY,ANM,WE,Federal Contract Tower,1,1,7,7,16,0,0,5,3,8,1,1,12,10,24,2,13,15,39
12/01/2020,CYS,WY,ANM,WE,Federal Contract Tower,2,2,9,8,21,0,0,1,0,1,2,2,10,8,22,15,44,59,81
12/02/2020,CYS,WY,ANM,WE,Federal Contract Tower,2,2,8,4,16,0,2,16,0,18,2,4,24,4,34,28,63,91,125
12/03/2020,CYS,WY,ANM,WE,Federal Contract Tower,2,3,12,13,30,0,0,30,1,31,2,3,42,14,61,46,73,119,180
12/04/2020,CYS,WY,ANM,WE,Federal Contract Tower,2,6,7,4,19,0,0,4,1,5,2,6,11,5,24,61,49,110,134
12/05/2020,CYS,WY,ANM,WE,Federal Contract Tower,2,2,12,0,16,0,0,0,0,0,2,2,12,0,16,68,8,76,92
12/06/2020,CYS,WY,ANM,WE,Federal Contract Tower,1,0,15,1,17,0,0,0,0,0,1,0,15,1,17,42,12,54,71
12/07/2020,CYS,WY,ANM,WE,Federal Contract Tower,2,2,20,12,36,0,0,0,0,0,2,2,20,12,36,102,87,189,225
12/08/2020,CYS,WY,ANM,WE,Federal Contract Tower,2,2,13,21,38,0,0,3,0,3,2,2,16,21,41,64,100,164,205
12/09/2020,CYS,WY,ANM,WE,Federal Contract Tower,2,2,9,4,17,0,0,24,1,25,2,2,33,5,42,22,36,58,100
12/10/2020,CYS,WY,ANM,WE,Federal Contract Tower,2,5,15,13,35,0,0,8,0,8,2,5,23,13,43,41,37,78,121
12/11/2020,CYS,WY,ANM,WE,Federal Contract Tower,1,2,4,2,9,0,0,0,0,0,1,2,4,2,9,0,0,0,9
12/12/2020,CYS,WY,ANM,WE,Federal Contract Tower,1,0,3,0,4,0,0,0,0,0,1,0,3,0,4,9,0,9,13
12/13/2020,CYS,WY,ANM,WE,Federal Contract Tower,2,0,10,0,12,0,0,8,0,8,2,0,18,0,20,8,0,8,28
12/14/2020,CYS,WY,ANM,WE,Federal Contract Tower,2,2,11,8,23,0,0,0,2,2,2,2,11,10,25,29,29,58,83
12/15/2020,CYS,WY,ANM,WE,Federal Contract Tower,1,2,6,4,13,0,0,8,0,8,1,2,14,4,21,36,113,149,170
12/16/2020,CYS,WY,ANM,WE,Federal Contract Tower,3,2,14,4,23,0,0,0,1,1,3,2,14,5,24,30,112,142,166
12/17/2020,CYS,WY,ANM,WE,Federal Contract Tower,2,2,18,0,22,0,0,16,4,20,2,2,34,4,42,23,20,43,85
12/18/2020,CYS,WY,ANM,WE,Federal Contract Tower,2,2,16,0,20,0,0,0,0,0,2,2,16,0,20,9,42,51,71
12/19/2020,CYS,WY,ANM,WE,Federal Contract Tower,2,0,4,0,6,0,0,0,0,0,2,0,4,0,6,9,0,9,15
12/20/2020,CYS,WY,ANM,WE,Federal Contract Tower,2,0,4,0,6,0,0,0,0,0,2,0,4,0,6,2,0,2,8
12/21/2020,CYS,WY,ANM,WE,Federal Contract Tower,2,2,8,4,16,0,0,0,0,0,2,2,8,4,16,14,67,81,97
12/22/2020,CYS,WY,ANM,WE,Federal Contract Tower,2,1,16,5,24,0,0,0,0,0,2,1,16,5,24,56,43,99,123
12/23/2020,CYS,WY,ANM,WE,Federal Contract Tower,2,3,3,2,10,0,0,0,0,0,2,3,3,2,10,1,7,8,18
12/24/2020,CYS,WY,ANM,WE,Federal Contract Tower,2,2,0,0,4,0,0,1,0,1,2,2,1,0,5,9,0,9,14
12/25/2020,CYS,WY,ANM,WE,Federal Contract Tower,2,0,0,0,2,0,0,0,0,0,2,0,0,0,2,6,0,6,8
12/26/2020,CYS,WY,ANM,WE,Federal Contract Tower,2,2,5,0,9,0,0,7,0,7,2,2,12,0,16,9,0,9,25
12/27/2020,CYS,WY,ANM,WE,Federal Contract Tower,2,1,14,0,17,0,0,4,0,4,2,1,18,0,21,24,0,24,45
12/28/2020,CYS,WY,ANM,WE,Federal Contract Tower,1,4,5,2,12,0,1,9,3,13,1,5,14,5,25,2,54,56,81
12/29/2020,CYS,WY,ANM,WE,Federal Contract Tower,2,4,13,0,19,0,0,7,2,9,2,4,20,2,28,12,8,20,48
12/30/2020,CYS,WY,ANM,WE,Federal Contract Tower,2,4,11,0,17,0,0,6,0,6,2,4,17,0,23,40,4,44,67
12/31/2020,CYS,WY,ANM,WE,Federal Contract Tower,2,4,18,0,24,0,0,3,0,3,2,4,21,0,27,96,0,96,123
01/01/2021,CYS,WY,ANM,WE,Federal Contract Tower,2,0,8,0,10,0,0,0,0,0,2,0,8,0,10,103,0,103,113
01/02/2021,CYS,WY,ANM,WE,Federal Contract Tower,2,2,12,0,16,0,0,8,0,8,2,2,20,0,24,45,0,45,69
01/03/2021,CYS,WY,ANM,WE,Federal Contract Tower,2,0,1,3,6,0,0,0,0,0,2,0,1,3,6,3,0,3,9
01/04/2021,CYS,WY,ANM,WE,Federal Contract Tower,2,2,6,12,22,0,0,5,0,5,2,2,11,12,27,8,0,8,35
01/05/2021,CYS,WY,ANM,WE,Federal Contract Tower,2,2,10,3,17,0,0,0,1,1,2,2,10,4,18,10,38,48,66
01/06/2021,CYS,WY,ANM,WE,Federal Contract Tower,2,2,12,27,43,0,0,2,31,33,2,2,14,58,76,51,80,131,207
01/07/2021,CYS,WY,ANM,WE,Federal Contract Tower,2,2,12,18,34,0,0,12,26,38,2,2,24,44,72,79,80,159,231
01/08/2021,CYS,WY,ANM,WE,Federal Contract Tower,2,2,20,14,38,0,0,19,0,19,2,2,39,14,57,103,74,177,234
01/09/2021,CYS,WY,ANM,WE,Federal Contract Tower,0,5,9,1,15,0,0,0,0,0,0,5,9,1,15,0,0,0,15
01/10/2021,CYS,WY,ANM,WE,Federal Contract Tower,2,0,20,0,22,0,0,3,0,3,2,0,23,0,25,86,3,89,114
01/11/2021,CYS,WY,ANM,WE,Federal Contract Tower,2,2,12,6,22,0,0,4,8,12,2,2,16,14,34,61,34,95,129
01/12/2021,CYS,WY,ANM,WE,Federal Contract Tower,2,2,15,14,33,0,0,2,21,23,2,2,17,35,56,68,135,203,259
01/13/2021,CYS,WY,ANM,WE,Federal Contract Tower,2,4,6,0,12,0,0,1,0,1,2,4,7,0,13,1,0,1,14
01/14/2021,CYS,WY,ANM,WE,Federal Contract Tower,1,2,3,3,9,0,0,2,3,5,1,2,5,6,14,2,34,36,50
01/15/2021,CYS,WY,ANM,WE,Federal Contract Tower,2,2,8,0,12,0,0,2,0,2,2,2,10,0,14,6,0,6,20
01/16/2021,CYS,WY,ANM,WE,Federal Contract Tower,2,2,9,3,16,0,0,0,0,0,2,2,9,3,16,7,4,11,27
01/17/2021,CYS,WY,ANM,WE,Federal Contract Tower,2,0,6,1,9,0,0,0,0,0,2,0,6,1,9,43,0,43,52
01/18/2021,CYS,WY,ANM,WE,Federal Contract Tower,2,3,18,1,24,0,0,0,0,0,2,3,18,1,24,8,1,9,33
01/19/2021,CYS,WY,ANM,WE,Federal Contract Tower,2,2,21,17,42,0,0,11,4,15,2,2,32,21,57,59,147,206,263
01/20/2021,CYS,WY,ANM,WE,Federal Contract Tower,2,2,1,0,5,0,0,0,17,17,2,2,1,17,22,0,10,10,32
01/21/2021,CYS,WY,ANM,WE,Federal Contract Tower,2,2,15,11,30,0,0,5,21,26,2,2,20,32,56,45,98,143,199
01/22/2021,CYS,WY,ANM,WE,Federal Contract Tower,2,2,16,10,30,0,0,1,0,1,2,2,17,10,31,59,51,110,141
01/23/2021,CYS,WY,ANM,WE,Federal Contract Tower,1,2,3,8,14,0,0,0,0,0,1,2,3,8,14,2,1,3,17
01/24/2021,CYS,WY,ANM,WE,Federal Contract Tower,0,0,6,0,6,0,0,0,0,0,0,0,6,0,6,1,0,1,7
01/25/2021,CYS,WY,ANM,WE,Federal Contract Tower,2,2,5,4,13,0,0,0,0,0,2,2,5,4,13,13,25,38,51
01/26/2021,CYS,WY,ANM,WE,Federal Contract Tower,2,2,2,0,6,0,0,0,4,4,2,2,2,4,10,0,0,0,10
01/27/2021,CYS,WY,ANM,WE,Federal Contract Tower,2,2,19,7,30,0,0,1,6,7,2,2,20,13,37,71,67,138,175
01/28/2021,CYS,WY,ANM,WE,Federal Contract Tower,2,2,23,6,33,0,0,0,0,0,2,2,23,6,33,75,34,109,142
01/29/2021,CYS,WY,ANM,WE,Federal Contract Tower,2,2,18,3,25,0,0,11,0,11,2,2,29,3,36,67,27,94,130
01/30/2021,CYS,WY,ANM,WE,Federal Contract Tower,2,0,13,2,17,0,0,0,0,0,2,0,13,2,17,9,4,13,30
01/31/2021,CYS,WY,ANM,WE,Federal Contract Tower,2,0,21,1,24,0,0,4,0,4,2,0,25,1,28,114,0,114,142
02/01/2021,CYS,WY,ANM,WE,Federal Contract Tower,2,2,19,4,27,0,0,12,2,14,2,2,31,6,41,21,9,30,71
02/02/2021,CYS,WY,ANM,WE,Federal Contract Tower,2,2,29,11,44,0,0,2,0,2,2,2,31,11,46,60,112,172,218
02/03/2021,CYS,WY,ANM,WE,Federal Contract Tower,2,2,19,7,30,0,0,0,0,0,2,2,19,7,30,43,122,165,195
02/04/2021,CYS,WY,ANM,WE,Federal Contract Tower,2,2,5,10,19,0,0,1,0,1,2,2,6,10,20,21,93,114,134
02/05/2021,CYS,WY,ANM,WE,Federal Contract Tower,2,2,7,4,15,0,0,4,0,4,2,2,11,4,19,43,46,89,108
02/06/2021,CYS,WY,ANM,WE,Federal Contract Tower,4,2,4,2,12,0,0,0,0,0,4,2,4,2,12,0,2,2,14
02/07/2021,CYS,WY,ANM,WE,Federal Contract Tower,4,0,0,0,4,0,0,0,0,0,4,0,0,0,4,0,1,1,5
02/08/2021,CYS,WY,ANM,WE,Federal Contract Tower,2,2,9,3,16,0,0,0,5,5,2,2,9,8,21,23,34,57,78
02/09/2021,CYS,WY,ANM,WE,Federal Contract Tower,2,2,14,15,33,0,0,0,32,32,2,2,14,47,65,30,106,136,201
02/10/2021,CYS,WY,ANM,WE,Federal Contract Tower,2,4,1,6,13,0,0,0,0,0,2,4,1,6,13,14,84,98,111
02/11/2021,CYS,WY,ANM,WE,Federal Contract Tower,2,3,9,2,16,0,0,2,0,2,2,3,11,2,18,0,0,0,18
02/12/2021,CYS,WY,ANM,WE,Federal Contract Tower,2,2,8,0,12,0,0,0,0,0,2,2,8,0,12,0,0,0,12
02/13/2021,CYS,WY,ANM,WE,Federal Contract Tower,2,0,1,0,3,0,0,0,0,0,2,0,1,0,3,0,0,0,3
02/14/2021,CYS,WY,ANM,WE,Federal Contract Tower,1,0,9,4,14,0,0,0,0,0,1,0,9,4,14,3,0,3,17
02/15/2021,CYS,WY,ANM,WE,Federal Contract Tower,1,2,8,0,11,0,0,0,0,0,1,2,8,0,11,72,6,78,89
02/16/2021,CYS,WY,ANM,WE,Federal Contract Tower,9,2,14,9,34,0,0,2,0,2,9,2,16,9,36,68,55,123,159
02/17/2021,CYS,WY,ANM,WE,Federal Contract Tower,14,3,7,20,44,0,0,0,0,0,14,3,7,20,44,56,84,140,184
02/18/2021,CYS,WY,ANM,WE,Federal Contract Tower,2,2,8,6,18,0,0,1,0,1,2,2,9,6,19,65,100,165,184
02/19/2021,CYS,WY,ANM,WE,Federal Contract Tower,2,2,1,4,9,0,0,1,1,2,2,2,2,5,11,1,85,86,97
02/20/2021,CYS,WY,ANM,WE,Federal Contract Tower,1,2,19,0,22,0,0,0,0,0,1,2,19,0,22,30,3,33,55
02/21/2021,CYS,WY,ANM,WE,Federal Contract Tower,2,0,1,1,4,0,0,0,0,0,2,0,1,1,4,6,5,11,15
02/22/2021,CYS,WY,ANM,WE,Federal Contract Tower,2,3,3,2,10,0,0,0,0,0,2,3,3,2,10,10,5,15,25
02/23/2021,CYS,WY,ANM,WE,Federal Contract Tower,2,4,9,5,20,0,0,0,0,0,2,4,9,5,20,11,95,106,126
02/24/2021,CYS,WY,ANM,WE,Federal Contract Tower,2,2,8,9,21,0,0,0,0,0,2,2,8,9,21,64,61,125,146
02/25/2021,CYS,WY,ANM,WE,Federal Contract Tower,2,4,18,6,30,0,0,0,0,0,2,4,18,6,30,50,39,89,119
02/26/2021,CYS,WY,ANM,WE,Federal Contract Tower,2,4,2,3,11,0,0,2,0,2,2,4,4,3,13,16,20,36,49
02/27/2021,CYS,WY,ANM,WE,Federal Contract Tower,2,3,5,0,10,0,0,0,0,0,2,3,5,0,10,35,0,35,45
02/28/2021,CYS,WY,ANM,WE,Federal Contract Tower,2,0,27,0,29,0,0,0,0,0,2,0,27,0,29,70,0,70,99
03/01/2021,CYS,WY,ANM,WE,Federal Contract Tower,2,3,28,11,44,0,0,13,0,13,2,3,41,11,57,89,86,175,232
03/02/2021,CYS,WY,ANM,WE,Federal Contract Tower,2,4,21,11,38,0,0,0,0,0,2,4,21,11,38,88,107,195,233
03/03/2021,CYS,WY,ANM,WE,Federal Contract Tower,2,1,23,6,32,0,0,0,0,0,2,1,23,6,32,156,60,216,248
03/04/2021,CYS,WY,ANM,WE,Federal Contract Tower,2,2,5,8,17,0,0,0,0,0,2,2,5,8,17,84,101,185,202
03/05/2021,CYS,WY,ANM,WE,Federal Contract Tower,2,3,8,4,17,0,0,0,0,0,2,3,8,4,17,135,86,221,238
03/06/2021,CYS,WY,ANM,WE,Federal Contract Tower,2,2,8,0,12,0,0,0,0,0,2,2,8,0,12,70,8,78,90
03/07/2021,CYS,WY,ANM,WE,Federal Contract Tower,2,0,2,0,4,0,0,0,0,0,2,0,2,0,4,63,3,66,70
03/08/2021,CYS,WY,ANM,WE,Federal Contract Tower,0,0,0,0,0,0,0,0,0,0,0,0,0,0,0,48,6,54,54
03/09/2021,CYS,WY,ANM,WE,Federal Contract Tower,2,2,13,15,32,0,0,2,12,14,2,2,15,27,46,57,122,179,225
03/10/2021,CYS,WY,ANM,WE,Federal Contract Tower,2,2,6,9,19,0,0,0,0,0,2,2,6,9,19,4,20,24,43
03/11/2021,CYS,WY,ANM,WE,Federal Contract Tower,2,2,6,8,18,0,0,0,0,0,2,2,6,8,18,5,72,77,95
03/12/2021,CYS,WY,ANM,WE,Federal Contract Tower,1,2,1,0,4,0,0,0,0,0,1,2,1,0,4,0,44,44,48
03/19/2021,CYS,WY,ANM,WE,Federal Contract Tower,0,1,11,2,14,0,0,8,0,8,0,1,19,2,22,40,36,76,98
03/20/2021,CYS,WY,ANM,WE,Federal Contract Tower,2,1,4,4,11,0,0,16,0,16,2,1,20,4,27,90,14,104,131
03/21/2021,CYS,WY,ANM,WE,Federal Contract Tower,2,0,2,0,4,0,0,0,0,0,2,0,2,0,4,2,0,2,6
03/22/2021,CYS,WY,ANM,WE,Federal Contract Tower,2,2,5,7,16,0,0,1,2,3,2,2,6,9,19,13,34,47,66
03/23/2021,CYS,WY,ANM,WE,Federal Contract Tower,2,2,6,14,24,0,0,0,30,30,2,2,6,44,54,0,56,56,110
03/24/2021,CYS,WY,ANM,WE,Federal Contract Tower,2,2,8,11,23,0,0,29,2,31,2,2,37,13,54,44,133,177,231
03/25/2021,CYS,WY,ANM,WE,Federal Contract Tower,2,2,19,6,29,0,0,4,5,9,2,2,23,11,38,103,36,139,177
03/26/2021,CYS,WY,ANM,WE,Federal Contract Tower,2,2,14,2,20,0,0,0,0,0,2,2,14,2,20,28,11,39,59
03/27/2021,CYS,WY,ANM,WE,Federal Contract Tower,0,4,12,0,16,0,0,0,0,0,0,4,12,0,16,80,9,89,105
03/28/2021,CYS,WY,ANM,WE,Federal Contract Tower,2,0,5,0,7,0,0,1,0,1,2,0,6,0,8,0,9,9,17
03/29/2021,CYS,WY,ANM,WE,Federal Contract Tower,0,4,6,0,10,0,0,0,0,0,0,4,6,0,10,4,0,4,14
03/31/2021,CYS,WY,ANM,WE,Federal Contract Tower,2,5,11,11,29,0,0,0,0,0,2,5,11,11,29,59,49,108,137
04/01/2021,CYS,WY,ANM,WE,Federal Contract Tower,2,3,28,6,39,0,0,0,0,0,2,3,28,6,39,204,47,251,290
04/02/2021,CYS,WY,ANM,WE,Federal Contract Tower,2,2,13,1,18,0,0,0,0,0,2,2,13,1,18,57,10,67,85
04/03/2021,CYS,WY,ANM,WE,Federal Contract Tower,0,1,16,0,17,0,0,0,0,0,0,1,16,0,17,99,0,99,116
04/04/2021,CYS,WY,ANM,WE,Federal Contract Tower,0,0,6,0,6,0,0,0,0,0,0,0,6,0,6,36,0,36,42
04/05/2021,CYS,WY,ANM,WE,Federal Contract Tower,2,3,13,3,21,0,0,0,0,0,2,3,13,3,21,75,4,79,100
04/06/2021,CYS,WY,ANM,WE,Federal Contract Tower,2,8,9,6,25,0,0,0,0,0,2,8,9,6,25,8,26,34,59
04/07/2021,CYS,WY,ANM,WE,Federal Contract Tower,2,5,8,10,25,0,0,1,0,1,2,5,9,10,26,5,90,95,121
04/08/2021,CYS,WY,ANM,WE,Federal Contract Tower,2,2,14,6,24,0,0,0,0,0,2,2,14,6,24,15,30,45,69
04/09/2021,CYS,WY,ANM,WE,Federal Contract Tower,2,3,8,4,17,0,0,0,0,0,2,3,8,4,17,26,18,44,61
04/10/2021,CYS,WY,ANM,WE,Federal Contract Tower,2,4,8,2,16,0,1,2,0,3,2,5,10,2,19,104,0,104,123
04/11/2021,CYS,WY,ANM,WE,Federal Contract Tower,2,0,12,0,14,0,0,3,0,3,2,0,15,0,17,13,5,18,35
04/12/2021,CYS,WY,ANM,WE,Federal Contract Tower,2,5,9,13,29,0,0,0,0,0,2,5,9,13,29,34,62,96,125
04/13/2021,CYS,WY,ANM,WE,Federal Contract Tower,2,3,17,8,30,0,0,0,0,0,2,3,17,8,30,49,75,124,154
04/14/2021,CYS,WY,ANM,WE,Federal Contract Tower,1,4,4,4,13,0,0,0,0,0,1,4,4,4,13,1,5,6,19
04/15/2021,CYS,WY,ANM,WE,Federal Contract Tower,0,3,4,0,7,0,0,0,0,0,0,3,4,0,7,0,0,0,7
04/16/2021,CYS,WY,ANM,WE,Federal Contract Tower,2,0,0,2,4,0,0,0,0,0,2,0,0,2,4,2,12,14,18
04/17/2021,CYS,WY,ANM,WE,Federal Contract Tower,0,4,11,0,15,0,0,0,0,0,0,4,11,0,15,53,22,75,90
04/18/2021,CYS,WY,ANM,WE,Federal Contract Tower,0,0,9,2,11,0,0,0,0,0,0,0,9,2,11,35,3,38,49
04/19/2021,CYS,WY,ANM,WE,Federal Contract Tower,0,0,0,0,0,0,0,0,0,0,0,0,0,0,0,0,0,0,0
04/20/2021,CYS,WY,ANM,WE,Federal Contract Tower,0,2,14,5,21,0,0,10,0,10,0,2,24,5,31,28,38,66,97
04/21/2021,CYS,WY,ANM,WE,Federal Contract Tower,0,2,12,5,19,0,0,0,0,0,0,2,12,5,19,7,16,23,42
04/22/2021,CYS,WY,ANM,WE,Federal Contract Tower,1,2,11,3,17,0,0,3,0,3,1,2,14,3,20,124,133,257,277
04/23/2021,CYS,WY,ANM,WE,Federal Contract Tower,0,5,20,3,28,0,0,0,5,5,0,5,20,8,33,89,9,98,131
04/24/2021,CYS,WY,ANM,WE,Federal Contract Tower,0,2,11,0,13,0,0,9,3,12,0,2,20,3,25,41,1,42,67
04/25/2021,CYS,WY,ANM,WE,Federal Contract Tower,0,0,19,0,19,0,0,0,0,0,0,0,19,0,19,60,18,78,97
04/26/2021,CYS,WY,ANM,WE,Federal Contract Tower,0,1,15,2,18,0,0,7,0,7,0,1,22,2,25,62,27,89,114
04/27/2021,CYS,WY,ANM,WE,Federal Contract Tower,0,3,18,2,23,0,0,0,0,0,0,3,18,2,23,17,34,51,74
04/28/2021,CYS,WY,ANM,WE,Federal Contract Tower,0,2,22,7,31,0,0,0,2,2,0,2,22,9,33,31,39,70,103
04/29/2021,CYS,WY,ANM,WE,Federal Contract Tower,0,2,20,2,24,0,0,24,0,24,0,2,44,2,48,61,50,111,159
04/30/2021,CYS,WY,ANM,WE,Federal Contract Tower,0,2,16,4,22,0,0,78,0,78,0,2,94,4,100,57,77,134,234
05/01/2021,CYS,WY,ANM,WE,Federal Contract Tower,0,2,7,0,9,0,0,15,0,15,0,2,22,0,24,57,2,59,83
05/02/2021,CYS,WY,ANM,WE,Federal Contract Tower,0,0,0,0,0,0,0,0,0,0,0,0,0,0,0,16,0,16,16
05/03/2021,CYS,WY,ANM,WE,Federal Contract Tower,0,2,0,2,4,0,0,0,0,0,0,2,0,2,4,0,0,0,4
05/04/2021,CYS,WY,ANM,WE,Federal Contract Tower,3,0,8,4,15,0,0,0,0,0,3,0,8,4,15,10,117,127,142
05/05/2021,CYS,WY,ANM,WE,Federal Contract Tower,0,1,9,5,15,0,0,0,0,0,0,1,9,5,15,19,19,38,53
05/06/2021,CYS,WY,ANM,WE,Federal Contract Tower,0,1,11,3,15,0,0,6,0,6,0,1,17,3,21,96,62,158,179
05/07/2021,CYS,WY,ANM,WE,Federal Contract Tower,0,1,11,2,14,0,0,0,0,0,0,1,11,2,14,68,2,70,84
05/09/2021,CYS,WY,ANM,WE,Federal Contract Tower,0,0,1,0,1,0,0,1,0,1,0,0,2,0,2,35,2,37,39
05/10/2021,CYS,WY,ANM,WE,Federal Contract Tower,0,0,2,2,4,0,0,0,0,0,0,0,2,2,4,0,0,0,4
05/11/2021,CYS,WY,ANM,WE,Federal Contract Tower,0,1,4,0,5,0,0,0,0,0,0,1,4,0,5,0,0,0,5
05/12/2021,CYS,WY,ANM,WE,Federal Contract Tower,0,2,14,5,21,0,0,0,0,0,0,2,14,5,21,41,23,64,85
05/13/2021,CYS,WY,ANM,WE,Federal Contract Tower,0,2,15,3,20,0,0,1,0,1,0,2,16,3,21,43,21,64,85
05/14/2021,CYS,WY,ANM,WE,Federal Contract Tower,0,6,10,6,22,0,0,2,0,2,0,6,12,6,24,88,47,135,159
05/15/2021,CYS,WY,ANM,WE,Federal Contract Tower,0,2,4,1,7,0,0,0,4,4,0,2,4,5,11,2,8,10,21
05/16/2021,CYS,WY,ANM,WE,Federal Contract Tower,0,0,8,0,8,0,0,0,0,0,0,0,8,0,8,12,4,16,24
05/17/2021,CYS,WY,ANM,WE,Federal Contract Tower,0,5,15,3,23,0,0,0,0,0,0,5,15,3,23,24,16,40,63
05/18/2021,CYS,WY,ANM,WE,Federal Contract Tower,0,2,15,4,21,0,0,4,0,4,0,2,19,4,25,24,27,51,76
05/19/2021,CYS,WY,ANM,WE,Federal Contract Tower,0,2,13,3,18,0,0,2,5,7,0,2,15,8,25,80,22,102,127
05/20/2021,CYS,WY,ANM,WE,Federal Contract Tower,0,4,20,3,27,0,0,2,0,2,0,4,22,3,29,129,47,176,205
05/21/2021,CYS,WY,ANM,WE,Federal Contract Tower,0,2,16,0,18,0,0,2,0,2,0,2,18,0,20,32,9,41,61
05/22/2021,CYS,WY,ANM,WE,Federal Contract Tower,0,1,15,0,16,0,0,0,0,0,0,1,15,0,16,0,0,0,16
05/23/2021,CYS,WY,ANM,WE,Federal Contract Tower,0,0,9,0,9,0,0,0,0,0,0,0,9,0,9,6,1,7,16
05/24/2021,CYS,WY,ANM,WE,Federal Contract Tower,0,2,14,2,18,0,0,0,0,0,0,2,14,2,18,28,41,69,87
05/25/2021,CYS,WY,ANM,WE,Federal Contract Tower,0,2,20,3,25,0,0,7,0,7,0,2,27,3,32,56,78,134,166
05/26/2021,CYS,WY,ANM,WE,Federal Contract Tower,0,2,9,1,12,0,0,0,0,0,0,2,9,1,12,29,33,62,74
05/27/2021,CYS,WY,ANM,WE,Federal Contract Tower,0,1,20,1,22,0,0,3,0,3,0,1,23,1,25,62,13,75,100
05/28/2021,CYS,WY,ANM,WE,Federal Contract Tower,0,2,13,0,15,0,0,12,0,12,0,2,25,0,27,42,1,43,70
05/29/2021,CYS,WY,ANM,WE,Federal Contract Tower,0,2,8,0,10,0,0,0,0,0,0,2,8,0,10,0,0,0,10
05/30/2021,CYS,WY,ANM,WE,Federal Contract Tower,0,0,3,0,3,0,0,0,0,0,0,0,3,0,3,1,0,1,4
05/31/2021,CYS,WY,ANM,WE,Federal Contract Tower,0,0,16,0,16,0,0,0,0,0,0,0,16,0,16,12,2,14,30
06/01/2021,CYS,WY,ANM,WE,Federal Contract Tower,0,2,9,10,21,0,0,7,0,7,0,2,16,10,28,44,59,103,131
06/02/2021,CYS,WY,ANM,WE,Federal Contract Tower,0,1,18,4,23,0,0,6,0,6,0,1,24,4,29,91,58,149,178
06/03/2021,CYS,WY,ANM,WE,Federal Contract Tower,0,3,14,3,20,0,0,2,0,2,0,3,16,3,22,117,37,154,176
06/04/2021,CYS,WY,ANM,WE,Federal Contract Tower,0,2,10,6,18,0,0,2,8,10,0,2,12,14,28,59,19,78,106
06/05/2021,CYS,WY,ANM,WE,Federal Contract Tower,0,1,5,2,8,0,0,4,1,5,0,1,9,3,13,51,8,59,72
06/06/2021,CYS,WY,ANM,WE,Federal Contract Tower,0,2,16,1,19,0,0,0,0,0,0,2,16,1,19,48,12,60,79
06/07/2021,CYS,WY,ANM,WE,Federal Contract Tower,0,0,8,0,8,0,0,12,7,19,0,0,20,7,27,56,29,85,112
06/08/2021,CYS,WY,ANM,WE,Federal Contract Tower,0,1,17,9,27,0,0,8,2,10,0,1,25,11,37,43,34,77,114
06/09/2021,CYS,WY,ANM,WE,Federal Contract Tower,0,5,21,5,31,0,0,0,0,0,0,5,21,5,31,59,14,73,104
06/10/2021,CYS,WY,ANM,WE,Federal Contract Tower,0,6,10,2,18,0,0,11,5,16,0,6,21,7,34,33,22,55,89
06/11/2021,CYS,WY,ANM,WE,Federal Contract Tower,0,8,10,2,20,0,0,8,0,8,0,8,18,2,28,44,55,99,127
06/12/2021,CYS,WY,ANM,WE,Federal Contract Tower,0,1,15,0,16,0,1,2,2,5,0,2,17,2,21,133,3,136,157
06/13/2021,CYS,WY,ANM,WE,Federal Contract Tower,1,14,0,0,15,0,0,0,0,0,1,14,0,0,15,35,10,45,60
06/14/2021,CYS,WY,ANM,WE,Federal Contract Tower,0,2,5,1,8,0,0,12,4,16,0,2,17,5,24,22,7,29,53
06/15/2021,CYS,WY,ANM,WE,Federal Contract Tower,0,2,5,2,9,0,0,13,10,23,0,2,18,12,32,65,20,85,117
06/17/2021,CYS,WY,ANM,WE,Federal Contract Tower,0,2,10,2,14,0,0,1,2,3,0,2,11,4,17,68,20,88,105
06/18/2021,CYS,WY,ANM,WE,Federal Contract Tower,0,2,13,1,16,0,0,1,0,1,0,2,14,1,17,63,7,70,87
06/19/2021,CYS,WY,ANM,WE,Federal Contract Tower,0,2,9,2,13,0,0,0,6,6,0,2,9,8,19,74,1,75,94
06/20/2021,CYS,WY,ANM,WE,Federal Contract Tower,0,2,6,0,8,0,0,3,0,3,0,2,9,0,11,44,3,47,58
06/21/2021,CYS,WY,ANM,WE,Federal Contract Tower,0,1,15,6,22,0,0,11,0,11,0,1,26,6,33,93,47,140,173
06/22/2021,CYS,WY,ANM,WE,Federal Contract Tower,0,5,17,5,27,0,0,5,0,5,0,5,22,5,32,44,53,97,129
06/23/2021,CYS,WY,ANM,WE,Federal Contract Tower,0,2,15,3,20,0,0,0,10,10,0,2,15,13,30,103,9,112,142
06/24/2021,CYS,WY,ANM,WE,Federal Contract Tower,0,2,16,5,23,0,3,1,2,6,0,5,17,7,29,59,36,95,124
06/25/2021,CYS,WY,ANM,WE,Federal Contract Tower,0,2,4,0,6,0,2,2,0,4,0,4,6,0,10,16,13,29,39
06/26/2021,CYS,WY,ANM,WE,Federal Contract Tower,0,4,25,1,30,0,2,0,0,2,0,6,25,1,32,40,7,47,79
06/27/2021,CYS,WY,ANM,WE,Federal Contract Tower,0,0,7,0,7,0,0,0,0,0,0,0,7,0,7,23,6,29,36
06/28/2021,CYS,WY,ANM,WE,Federal Contract Tower,0,2,23,0,25,0,0,9,0,9,0,2,32,0,34,99,0,99,133
06/29/2021,CYS,WY,ANM,WE,Federal Contract Tower,0,2,20,5,27,0,0,0,0,0,0,2,20,5,27,64,12,76,103
06/30/2021,CYS,WY,ANM,WE,Federal Contract Tower,0,2,15,10,27,0,0,31,0,31,0,2,46,10,58,46,46,92,150
07/01/2021,CYS,WY,ANM,WE,Federal Contract Tower,0,2,2,9,13,0,0,3,1,4,0,2,5,10,17,31,49,80,97
07/02/2021,CYS,WY,ANM,WE,Federal Contract Tower,0,7,17,0,24,0,0,1,1,2,0,7,18,1,26,66,0,66,92
07/03/2021,CYS,WY,ANM,WE,Federal Contract Tower,0,2,8,3,13,0,0,2,0,2,0,2,10,3,15,79,0,79,94
07/04/2021,CYS,WY,ANM,WE,Federal Contract Tower,0,0,4,0,4,0,0,10,0,10,0,0,14,0,14,30,0,30,44
07/05/2021,CYS,WY,ANM,WE,Federal Contract Tower,0,0,0,7,7,0,0,2,0,2,0,0,2,7,9,76,2,78,87
07/06/2021,CYS,WY,ANM,WE,Federal Contract Tower,0,2,19,6,27,0,0,1,0,1,0,2,20,6,28,90,34,124,152
07/07/2021,CYS,WY,ANM,WE,Federal Contract Tower,0,3,10,7,20,0,0,14,0,14,0,3,24,7,34,49,72,121,155
07/08/2021,CYS,WY,ANM,WE,Federal Contract Tower,0,3,16,2,21,0,0,1,0,1,0,3,17,2,22,66,57,123,145
07/09/2021,CYS,WY,ANM,WE,Federal Contract Tower,0,2,5,4,11,0,0,2,0,2,0,2,7,4,13,60,11,71,84
07/10/2021,CYS,WY,ANM,WE,Federal Contract Tower,0,9,14,2,25,0,0,3,1,4,0,9,17,3,29,39,5,44,73
07/11/2021,CYS,WY,ANM,WE,Federal Contract Tower,0,1,8,1,10,0,0,8,0,8,0,1,16,1,18,88,7,95,113
07/12/2021,CYS,WY,ANM,WE,Federal Contract Tower,0,3,20,3,26,0,0,7,7,14,0,3,27,10,40,76,87,163,203
07/13/2021,CYS,WY,ANM,WE,Federal Contract Tower,0,2,8,2,12,0,0,0,0,0,0,2,8,2,12,69,14,83,95
07/14/2021,CYS,WY,ANM,WE,Federal Contract Tower,0,1,23,8,32,0,0,1,14,15,0,1,24,22,47,27,6,33,80
07/15/2021,CYS,WY,ANM,WE,Federal Contract Tower,0,3,15,1,19,0,0,2,0,2,0,3,17,1,21,70,19,89,110
07/16/2021,CYS,WY,ANM,WE,Federal Contract Tower,0,2,14,0,16,0,0,5,0,5,0,2,19,0,21,48,0,48,69
07/17/2021,CYS,WY,ANM,WE,Federal Contract Tower,0,2,13,2,17,0,0,5,1,6,0,2,18,3,23,64,2,66,89
07/18/2021,CYS,WY,ANM,WE,Federal Contract Tower,0,1,13,0,14,0,0,10,0,10,0,1,23,0,24,23,0,23,47
07/20/2021,CYS,WY,ANM,WE,Federal Contract Tower,0,3,13,9,25,0,0,4,0,4,0,3,17,9,29,89,66,155,184
07/21/2021,CYS,WY,ANM,WE,Federal Contract Tower,0,2,20,2,24,0,0,12,0,12,0,2,32,2,36,84,21,105,141
07/22/2021,CYS,WY,ANM,WE,Federal Contract Tower,0,1,20,2,23,0,0,0,0,0,0,1,20,2,23,46,23,69,92
07/23/2021,CYS,WY,ANM,WE,Federal Contract Tower,0,6,25,2,33,0,0,13,2,15,0,6,38,4,48,104,4,108,156
07/24/2021,CYS,WY,ANM,WE,Federal Contract Tower,0,3,18,2,23,0,0,2,0,2,0,3,20,2,25,61,0,61,86
07/25/2021,CYS,WY,ANM,WE,Federal Contract Tower,0,3,17,0,20,0,0,0,0,0,0,3,17,0,20,27,3,30,50
07/26/2021,CYS,WY,ANM,WE,Federal Contract Tower,0,5,16,2,23,0,0,4,0,4,0,5,20,2,27,22,4,26,53
07/27/2021,CYS,WY,ANM,WE,Federal Contract Tower,0,2,27,2,31,0,0,0,0,0,0,2,27,2,31,52,6,58,89
07/28/2021,CYS,WY,ANM,WE,Federal Contract Tower,0,9,17,0,26,0,0,12,0,12,0,9,29,0,38,36,3,39,77
07/29/2021,CYS,WY,ANM,WE,Federal Contract Tower,0,8,30,6,44,0,0,1,0,1,0,8,31,6,45,14,0,14,59
07/30/2021,CYS,WY,ANM,WE,Federal Contract Tower,0,4,18,0,22,0,0,21,0,21,0,4,39,0,43,34,2,36,79
07/31/2021,CYS,WY,ANM,WE,Federal Contract Tower,0,9,27,3,39,0,5,7,0,12,0,14,34,3,51,31,0,31,82
08/01/2021,CYS,WY,ANM,WE,Federal Contract Tower,0,8,28,0,36,0,0,3,0,3,0,8,31,0,39,30,3,33,72
08/02/2021,CYS,WY,ANM,WE,Federal Contract Tower,0,2,18,1,21,0,3,2,0,5,0,5,20,1,26,65,49,114,140
08/03/2021,CYS,WY,ANM,WE,Federal Contract Tower,0,2,18,1,21,0,0,19,0,19,0,2,37,1,40,24,15,39,79
08/04/2021,CYS,WY,ANM,WE,Federal Contract Tower,0,2,7,7,16,2,5,1,3,11,2,7,8,10,27,48,53,101,128
08/05/2021,CYS,WY,ANM,WE,Federal Contract Tower,0,4,7,6,17,0,0,4,0,4,0,4,11,6,21,130,51,181,202
08/06/2021,CYS,WY,ANM,WE,Federal Contract Tower,0,4,17,0,21,0,0,1,3,4,0,4,18,3,25,69,17,86,111
08/07/2021,CYS,WY,ANM,WE,Federal Contract Tower,0,3,11,0,14,0,0,5,0,5,0,3,16,0,19,3,5,8,27
08/08/2021,CYS,WY,ANM,WE,Federal Contract Tower,0,0,10,0,10,0,0,2,0,2,0,0,12,0,12,13,1,14,26
08/09/2021,CYS,WY,ANM,WE,Federal Contract Tower,0,2,9,3,14,0,0,3,1,4,0,2,12,4,18,29,36,65,83
08/10/2021,CYS,WY,ANM,WE,Federal Contract Tower,0,2,8,0,10,0,0,3,0,3,0,2,11,0,13,16,6,22,35
08/11/2021,CYS,WY,ANM,WE,Federal Contract Tower,0,2,11,2,15,0,0,5,0,5,0,2,16,2,20,52,7,59,79
08/12/2021,CYS,WY,ANM,WE,Federal Contract Tower,0,1,7,3,11,0,0,3,1,4,0,1,10,4,15,26,6,32,47
08/13/2021,CYS,WY,ANM,WE,Federal Contract Tower,0,2,14,4,20,0,0,1,0,1,0,2,15,4,21,76,24,100,121
08/14/2021,CYS,WY,ANM,WE,Federal Contract Tower,0,2,4,1,7,0,0,0,0,0,0,2,4,1,7,81,15,96,103
08/15/2021,CYS,WY,ANM,WE,Federal Contract Tower,0,0,10,0,10,0,0,0,0,0,0,0,10,0,10,39,0,39,49
08/16/2021,CYS,WY,ANM,WE,Federal Contract Tower,0,2,16,7,25,0,0,1,1,2,0,2,17,8,27,33,70,103,130
08/17/2021,CYS,WY,ANM,WE,Federal Contract Tower,0,2,14,4,20,0,0,0,13,13,0,2,14,17,33,59,38,97,130
08/18/2021,CYS,WY,ANM,WE,Federal Contract Tower,0,2,21,8,31,0,0,3,13,16,0,2,24,21,47,44,78,122,169
08/19/2021,CYS,WY,ANM,WE,Federal Contract Tower,0,2,22,5,29,0,0,4,0,4,0,2,26,5,33,65,76,141,174
08/20/2021,CYS,WY,ANM,WE,Federal Contract Tower,0,5,10,2,17,0,0,15,2,17,0,5,25,4,34,17,84,101,135
08/21/2021,CYS,WY,ANM,WE,Federal Contract Tower,0,0,6,0,6,0,0,0,8,8,0,0,6,8,14,33,0,33,47
08/22/2021,CYS,WY,ANM,WE,Federal Contract Tower,0,4,13,0,17,0,0,1,0,1,0,4,14,0,18,43,0,43,61
08/23/2021,CYS,WY,ANM,WE,Federal Contract Tower,0,7,13,8,28,0,0,1,0,1,0,7,14,8,29,39,67,106,135
08/24/2021,CYS,WY,ANM,WE,Federal Contract Tower,0,2,22,5,29,0,0,0,1,1,0,2,22,6,30,61,86,147,177
08/25/2021,CYS,WY,ANM,WE,Federal Contract Tower,0,2,9,15,26,0,2,12,0,14,0,4,21,15,40,44,94,138,178
08/26/2021,CYS,WY,ANM,WE,Federal Contract Tower,0,6,17,6,29,0,0,4,4,8,0,6,21,10,37,68,91,159,196
08/27/2021,CYS,WY,ANM,WE,Federal Contract Tower,0,4,26,2,32,0,0,9,0,9,0,4,35,2,41,57,20,77,118
08/28/2021,CYS,WY,ANM,WE,Federal Contract Tower,0,3,2,1,6,0,0,11,0,11,0,3,13,1,17,29,25,54,71
08/29/2021,CYS,WY,ANM,WE,Federal Contract Tower,0,2,18,0,20,0,0,3,0,3,0,2,21,0,23,26,0,26,49
08/30/2021,CYS,WY,ANM,WE,Federal Contract Tower,0,2,11,3,16,0,0,5,1,6,0,2,16,4,22,70,52,122,144
08/31/2021,CYS,WY,ANM,WE,Federal Contract Tower,0,2,16,4,22,0,0,0,2,2,0,2,16,6,24,21,9,30,54
09/01/2021,CYS,WY,ANM,WE,Federal Contract Tower,0,1,12,2,15,0,0,11,27,38,0,1,23,29,53,27,27,54,107
09/02/2021,CYS,WY,ANM,WE,Federal Contract Tower,0,6,16,9,31,0,0,0,0,0,0,6,16,9,31,53,47,100,131
09/03/2021,CYS,WY,ANM,WE,Federal Contract Tower,0,2,12,0,14,0,0,0,0,0,0,2,12,0,14,110,6,116,130
09/04/2021,CYS,WY,ANM,WE,Federal Contract Tower,0,4,15,0,19,0,0,0,0,0,0,4,15,0,19,91,0,91,110
09/05/2021,CYS,WY,ANM,WE,Federal Contract Tower,0,0,4,0,4,0,0,1,0,1,0,0,5,0,5,31,0,31,36
09/06/2021,CYS,WY,ANM,WE,Federal Contract Tower,0,0,7,0,7,0,0,0,0,0,0,0,7,0,7,56,0,56,63
09/07/2021,CYS,WY,ANM,WE,Federal Contract Tower,0,2,20,2,24,0,0,2,6,8,0,2,22,8,32,39,53,92,124
09/08/2021,CYS,WY,ANM,WE,Federal Contract Tower,0,2,34,4,40,0,0,18,4,22,0,2,52,8,62,26,81,107,169
09/09/2021,CYS,WY,ANM,WE,Federal Contract Tower,0,2,13,6,21,0,0,7,1,8,0,2,20,7,29,38,41,79,108
09/10/2021,CYS,WY,ANM,WE,Federal Contract Tower,0,2,18,0,20,0,0,7,0,7,0,2,25,0,27,132,51,183,210
09/11/2021,CYS,WY,ANM,WE,Federal Contract Tower,0,2,2,0,4,0,0,16,0,16,0,2,18,0,20,92,43,135,155
09/12/2021,CYS,WY,ANM,WE,Federal Contract Tower,0,0,4,0,4,0,0,5,0,5,0,0,9,0,9,24,18,42,51
09/13/2021,CYS,WY,ANM,WE,Federal Contract Tower,0,1,10,9,20,0,0,15,0,15,0,1,25,9,35,4,36,40,75
09/14/2021,CYS,WY,ANM,WE,Federal Contract Tower,0,3,13,4,20,0,0,0,5,5,0,3,13,9,25,23,26,49,74
09/15/2021,CYS,WY,ANM,WE,Federal Contract Tower,0,2,9,5,16,0,0,12,1,13,0,2,21,6,29,68,56,124,153
09/16/2021,CYS,WY,ANM,WE,Federal Contract Tower,0,4,14,3,21,0,0,2,2,4,0,4,16,5,25,42,63,105,130
09/17/2021,CYS,WY,ANM,WE,Federal Contract Tower,0,2,17,3,22,0,0,18,0,18,0,2,35,3,40,56,22,78,118
09/18/2021,CYS,WY,ANM,WE,Federal Contract Tower,0,1,4,0,5,0,0,2,0,2,0,1,6,0,7,73,0,73,80
09/19/2021,CYS,WY,ANM,WE,Federal Contract Tower,0,0,8,1,9,0,0,0,0,0,0,0,8,1,9,14,0,14,23
09/20/2021,CYS,WY,ANM,WE,Federal Contract Tower,0,2,19,2,23,0,0,2,0,2,0,2,21,2,25,40,48,88,113
09/21/2021,CYS,WY,ANM,WE,Federal Contract Tower,0,7,8,4,19,0,0,10,1,11,0,7,18,5,30,81,40,121,151
09/22/2021,CYS,WY,ANM,WE,Federal Contract Tower,0,2,22,9,33,0,0,7,0,7,0,2,29,9,40,66,58,124,164
09/23/2021,CYS,WY,ANM,WE,Federal Contract Tower,0,3,11,2,16,0,0,6,0,6,0,3,17,2,22,103,34,137,159
09/24/2021,CYS,WY,ANM,WE,Federal Contract Tower,0,4,16,1,21,0,0,10,0,10,0,4,26,1,31,117,15,132,163
09/25/2021,CYS,WY,ANM,WE,Federal Contract Tower,0,3,10,1,14,0,0,2,0,2,0,3,12,1,16,35,0,35,51
09/26/2021,CYS,WY,ANM,WE,Federal Contract Tower,0,0,10,2,12,0,0,0,0,0,0,0,10,2,12,16,2,18,30
09/27/2021,CYS,WY,ANM,WE,Federal Contract Tower,0,5,21,1,27,0,0,2,4,6,0,5,23,5,33,89,3,92,125
09/28/2021,CYS,WY,ANM,WE,Federal Contract Tower,0,4,8,2,14,0,0,0,0,0,0,4,8,2,14,54,6,60,74
09/29/2021,CYS,WY,ANM,WE,Federal Contract Tower,0,2,9,5,16,0,0,2,0,2,0,2,11,5,18,15,10,25,43
09/30/2021,CYS,WY,ANM,WE,Federal Contract Tower,0,4,19,2,25,0,0,0,0,0,0,4,19,2,25,94,4,98,123
10/01/2021,CYS,WY,ANM,WE,Federal Contract Tower,0,2,20,3,25,0,0,0,0,0,0,2,20,3,25,149,6,155,180
10/02/2021,CYS,WY,ANM,WE,Federal Contract Tower,0,2,11,0,13,0,0,8,0,8,0,2,19,0,21,123,0,123,144
10/03/2021,CYS,WY,ANM,WE,Federal Contract Tower,0,0,12,0,12,0,0,1,0,1,0,0,13,0,13,45,1,46,59
10/04/2021,CYS,WY,ANM,WE,Federal Contract Tower,0,2,9,4,15,0,0,0,0,0,0,2,9,4,15,94,76,170,185
10/05/2021,CYS,WY,ANM,WE,Federal Contract Tower,0,2,6,1,9,0,0,0,0,0,0,2,6,1,9,51,54,105,114
10/06/2021,CYS,WY,ANM,WE,Federal Contract Tower,0,4,10,7,21,0,0,22,0,22,0,4,32,7,43,49,77,126,169
10/07/2021,CYS,WY,ANM,WE,Federal Contract Tower,0,2,24,3,29,0,0,0,0,0,0,2,24,3,29,37,10,47,76
10/08/2021,CYS,WY,ANM,WE,Federal Contract Tower,0,3,19,0,22,0,0,0,0,0,0,3,19,0,22,109,31,140,162
10/09/2021,CYS,WY,ANM,WE,Federal Contract Tower,0,2,2,0,4,0,0,0,0,0,0,2,2,0,4,27,0,27,31
10/10/2021,CYS,WY,ANM,WE,Federal Contract Tower,0,0,5,0,5,0,0,0,0,0,0,0,5,0,5,25,3,28,33
10/11/2021,CYS,WY,ANM,WE,Federal Contract Tower,0,2,21,0,23,0,0,0,0,0,0,2,21,0,23,40,0,40,63
10/12/2021,CYS,WY,ANM,WE,Federal Contract Tower,0,0,10,2,12,0,0,0,0,0,0,0,10,2,12,20,0,20,32
10/13/2021,CYS,WY,ANM,WE,Federal Contract Tower,0,4,3,5,12,0,0,0,0,0,0,4,3,5,12,5,58,63,75
10/14/2021,CYS,WY,ANM,WE,Federal Contract Tower,0,2,4,0,6,0,0,0,0,0,0,2,4,0,6,32,7,39,45
10/15/2021,CYS,WY,ANM,WE,Federal Contract Tower,0,2,13,4,19,0,0,9,0,9,0,2,22,4,28,44,82,126,154
10/16/2021,CYS,WY,ANM,WE,Federal Contract Tower,0,2,6,0,8,0,0,0,1,1,0,2,6,1,9,43,1,44,53
10/17/2021,CYS,WY,ANM,WE,Federal Contract Tower,0,0,10,2,12,0,0,17,0,17,0,0,27,2,29,12,0,12,41
10/18/2021,CYS,WY,ANM,WE,Federal Contract Tower,0,5,7,5,17,0,0,0,0,0,0,5,7,5,17,69,73,142,159
10/19/2021,CYS,WY,ANM,WE,Federal Contract Tower,0,2,7,0,9,0,2,0,0,2,0,4,7,0,11,10,14,24,35
10/20/2021,CYS,WY,ANM,WE,Federal Contract Tower,0,6,13,5,24,0,0,4,0,4,0,6,17,5,28,28,87,115,143
10/21/2021,CYS,WY,ANM,WE,Federal Contract Tower,0,2,14,5,21,0,0,2,0,2,0,2,16,5,23,77,71,148,171
10/22/2021,CYS,WY,ANM,WE,Federal Contract Tower,0,5,11,2,18,0,0,13,0,13,0,5,24,2,31,67,13,80,111
10/23/2021,CYS,WY,ANM,WE,Federal Contract Tower,0,2,10,1,13,0,0,0,0,0,0,2,10,1,13,49,0,49,62
10/24/2021,CYS,WY,ANM,WE,Federal Contract Tower,0,4,4,0,8,0,0,1,0,1,0,4,5,0,9,43,0,43,52
10/25/2021,CYS,WY,ANM,WE,Federal Contract Tower,0,2,11,3,16,0,0,2,0,2,0,2,13,3,18,48,45,93,111
10/26/2021,CYS,WY,ANM,WE,Federal Contract Tower,0,6,7,5,18,0,0,2,0,2,0,6,9,5,20,38,77,115,135
10/27/2021,CYS,WY,ANM,WE,Federal Contract Tower,0,2,3,4,9,0,0,2,1,3,0,2,5,5,12,0,20,20,32
10/28/2021,CYS,WY,ANM,WE,Federal Contract Tower,0,2,11,2,15,0,0,4,0,4,0,2,15,2,19,36,43,79,98
10/29/2021,CYS,WY,ANM,WE,Federal Contract Tower,0,4,32,1,37,0,0,0,0,0,0,4,32,1,37,89,15,104,141
10/30/2021,CYS,WY,ANM,WE,Federal Contract Tower,0,2,4,0,6,0,0,2,0,2,0,2,6,0,8,11,0,11,19
10/31/2021,CYS,WY,ANM,WE,Federal Contract Tower,0,0,0,0,0,0,0,0,0,0,0,0,0,0,0,5,0,5,5
11/01/2021,CYS,WY,ANM,WE,Federal Contract Tower,1,2,3,0,6,0,0,0,0,0,1,2,3,0,6,0,0,0,6
11/02/2021,CYS,WY,ANM,WE,Federal Contract Tower,3,1,2,4,10,0,0,0,0,0,3,1,2,4,10,6,3,9,19
11/03/2021,CYS,WY,ANM,WE,Federal Contract Tower,4,1,12,8,25,0,0,5,0,5,4,1,17,8,30,46,54,100,130
11/04/2021,CYS,WY,ANM,WE,Federal Contract Tower,4,2,11,4,21,0,0,4,0,4,4,2,15,4,25,96,109,205,230
11/06/2021,CYS,WY,ANM,WE,Federal Contract Tower,3,0,7,2,12,0,0,2,0,2,3,0,9,2,14,36,2,38,52
11/07/2021,CYS,WY,ANM,WE,Federal Contract Tower,3,0,10,5,18,0,0,2,0,2,3,0,12,5,20,10,5,15,35
11/08/2021,CYS,WY,ANM,WE,Federal Contract Tower,3,2,12,6,23,0,0,2,3,5,3,2,14,9,28,16,28,44,72
11/09/2021,CYS,WY,ANM,WE,Federal Contract Tower,3,1,22,11,37,0,0,0,0,0,3,1,22,11,37,60,102,162,199
11/10/2021,CYS,WY,ANM,WE,Federal Contract Tower,3,2,9,1,15,0,0,0,0,0,3,2,9,1,15,12,67,79,94
11/11/2021,CYS,WY,ANM,WE,Federal Contract Tower,7,2,13,0,22,0,0,0,0,0,7,2,13,0,22,5,0,5,27
11/12/2021,CYS,WY,ANM,WE,Federal Contract Tower,3,2,4,0,9,0,0,0,0,0,3,2,4,0,9,19,5,24,33
11/13/2021,CYS,WY,ANM,WE,Federal Contract Tower,5,0,6,0,11,0,0,0,0,0,5,0,6,0,11,3,2,5,16
11/14/2021,CYS,WY,ANM,WE,Federal Contract Tower,0,3,3,0,6,0,0,0,0,0,0,3,3,0,6,7,0,7,13
11/15/2021,CYS,WY,ANM,WE,Federal Contract Tower,3,0,13,12,28,0,0,2,0,2,3,0,15,12,30,10,44,54,84
11/16/2021,CYS,WY,ANM,WE,Federal Contract Tower,3,4,4,3,14,0,0,0,0,0,3,4,4,3,14,6,13,19,33
11/17/2021,CYS,WY,ANM,WE,Federal Contract Tower,3,1,14,3,21,0,0,6,0,6,3,1,20,3,27,37,10,47,74
11/18/2021,CYS,WY,ANM,WE,Federal Contract Tower,4,1,9,2,16,0,0,0,0,0,4,1,9,2,16,14,10,24,40
11/19/2021,CYS,WY,ANM,WE,Federal Contract Tower,4,1,19,2,26,0,0,0,0,0,4,1,19,2,26,24,10,34,60
11/20/2021,CYS,WY,ANM,WE,Federal Contract Tower,2,0,16,0,18,0,0,0,0,0,2,0,16,0,18,37,2,39,57
11/21/2021,CYS,WY,ANM,WE,Federal Contract Tower,3,0,9,0,12,0,0,3,0,3,3,0,12,0,15,32,0,32,47
11/22/2021,CYS,WY,ANM,WE,Federal Contract Tower,4,2,8,5,19,0,0,3,0,3,4,2,11,5,22,47,53,100,122
11/23/2021,CYS,WY,ANM,WE,Federal Contract Tower,3,5,16,3,27,0,0,0,0,0,3,5,16,3,27,31,89,120,147
11/25/2021,CYS,WY,ANM,WE,Federal Contract Tower,2,1,0,0,3,0,0,1,0,1,2,1,1,0,4,3,0,3,7
11/26/2021,CYS,WY,ANM,WE,Federal Contract Tower,2,2,11,0,15,0,0,1,0,1,2,2,12,0,16,12,0,12,28
11/27/2021,CYS,WY,ANM,WE,Federal Contract Tower,4,2,4,0,10,0,0,5,0,5,4,2,9,0,15,75,0,75,90
11/28/2021,CYS,WY,ANM,WE,Federal Contract Tower,4,4,5,0,13,0,0,1,0,1,4,4,6,0,14,24,0,24,38
11/29/2021,CYS,WY,ANM,WE,Federal Contract Tower,4,6,13,3,26,0,0,0,0,0,4,6,13,3,26,22,20,42,68
11/30/2021,CYS,WY,ANM,WE,Federal Contract Tower,2,2,11,7,22,0,0,2,0,2,2,2,13,7,24,26,34,60,84
12/01/2021,CYS,WY,ANM,WE,Federal Contract Tower,3,6,8,15,32,0,0,0,0,0,3,6,8,15,32,16,119,135,167
12/02/2021,CYS,WY,ANM,WE,Federal Contract Tower,4,5,13,5,27,0,0,24,0,24,4,5,37,5,51,85,96,181,232
12/03/2021,CYS,WY,ANM,WE,Federal Contract Tower,4,6,12,2,24,0,0,0,0,0,4,6,12,2,24,84,8,92,116
12/04/2021,CYS,WY,ANM,WE,Federal Contract Tower,2,2,6,1,11,0,0,16,0,16,2,2,22,1,27,50,11,61,88
12/05/2021,CYS,WY,ANM,WE,Federal Contract Tower,3,0,4,0,7,0,0,0,0,0,3,0,4,0,7,0,0,0,7
12/06/2021,CYS,WY,ANM,WE,Federal Contract Tower,3,0,13,6,22,0,0,0,0,0,3,0,13,6,22,27,37,64,86
12/07/2021,CYS,WY,ANM,WE,Federal Contract Tower,2,0,15,2,19,0,0,0,0,0,2,0,15,2,19,8,48,56,75
12/08/2021,CYS,WY,ANM,WE,Federal Contract Tower,4,2,20,8,34,0,0,7,0,7,4,2,27,8,41,97,64,161,202
12/09/2021,CYS,WY,ANM,WE,Federal Contract Tower,3,0,10,3,16,0,0,0,0,0,3,0,10,3,16,23,0,23,39
12/10/2021,CYS,WY,ANM,WE,Federal Contract Tower,5,2,5,5,17,0,0,0,0,0,5,2,5,5,17,13,104,117,134
12/11/2021,CYS,WY,ANM,WE,Federal Contract Tower,2,0,3,0,5,0,0,0,0,0,2,0,3,0,5,0,0,0,5
12/12/2021,CYS,WY,ANM,WE,Federal Contract Tower,4,0,4,0,8,0,0,0,0,0,4,0,4,0,8,19,19,38,46
12/13/2021,CYS,WY,ANM,WE,Federal Contract Tower,4,4,10,6,24,0,0,0,0,0,4,4,10,6,24,81,56,137,161
12/14/2021,CYS,WY,ANM,WE,Federal Contract Tower,2,1,34,9,46,0,0,0,0,0,2,1,34,9,46,100,51,151,197
12/15/2021,CYS,WY,ANM,WE,Federal Contract Tower,3,1,12,0,16,0,0,0,0,0,3,1,12,0,16,5,3,8,24
12/16/2021,CYS,WY,ANM,WE,Federal Contract Tower,5,4,15,6,30,0,0,16,2,18,5,4,31,8,48,43,102,145,193
12/17/2021,CYS,WY,ANM,WE,Federal Contract Tower,6,2,7,1,16,0,0,0,1,1,6,2,7,2,17,29,4,33,50
12/18/2021,CYS,WY,ANM,WE,Federal Contract Tower,2,0,7,0,9,0,0,0,0,0,2,0,7,0,9,144,0,144,153
12/19/2021,CYS,WY,ANM,WE,Federal Contract Tower,4,0,4,1,9,0,0,0,0,0,4,0,4,1,9,10,0,10,19
12/20/2021,CYS,WY,ANM,WE,Federal Contract Tower,4,0,9,12,25,0,0,0,0,0,4,0,9,12,25,26,29,55,80
12/21/2021,CYS,WY,ANM,WE,Federal Contract Tower,3,2,3,0,8,0,0,0,0,0,3,2,3,0,8,2,0,2,10
12/22/2021,CYS,WY,ANM,WE,Federal Contract Tower,6,4,6,0,16,0,0,0,0,0,6,4,6,0,16,0,0,0,16
12/23/2021,CYS,WY,ANM,WE,Federal Contract Tower,5,5,7,0,17,0,0,0,0,0,5,5,7,0,17,0,0,0,17
12/24/2021,CYS,WY,ANM,WE,Federal Contract Tower,4,2,0,8,14,0,0,2,0,2,4,2,2,8,16,0,1,1,17
12/25/2021,CYS,WY,ANM,WE,Federal Contract Tower,2,0,1,0,3,0,0,2,0,2,2,0,3,0,5,2,0,2,7
12/26/2021,CYS,WY,ANM,WE,Federal Contract Tower,4,6,14,0,24,0,0,0,0,0,4,6,14,0,24,4,0,4,28
12/27/2021,CYS,WY,ANM,WE,Federal Contract Tower,4,0,16,0,20,0,0,1,0,1,4,0,17,0,21,14,10,24,45
12/28/2021,CYS,WY,ANM,WE,Federal Contract Tower,2,2,10,1,15,0,0,0,0,0,2,2,10,1,15,38,25,63,78
12/29/2021,CYS,WY,ANM,WE,Federal Contract Tower,0,4,21,0,25,0,0,0,0,0,0,4,21,0,25,19,8,27,52
12/30/2021,CYS,WY,ANM,WE,Federal Contract Tower,2,0,4,0,6,0,0,1,0,1,2,0,5,0,7,5,0,5,12
12/31/2021,CYS,WY,ANM,WE,Federal Contract Tower,5,1,0,0,6,0,0,0,0,0,5,1,0,0,6,14,0,14,20
01/01/2022,CYS,WY,ANM,WE,Federal Contract Tower,4,0,2,0,6,0,0,1,0,1,4,0,3,0,7,8,0,8,15
01/02/2022,CYS,WY,ANM,WE,Federal Contract Tower,5,0,5,0,10,0,0,3,0,3,5,0,8,0,13,10,0,10,23
01/03/2022,CYS,WY,ANM,WE,Federal Contract Tower,3,4,10,4,21,0,0,0,0,0,3,4,10,4,21,50,14,64,85
01/04/2022,CYS,WY,ANM,WE,Federal Contract Tower,0,1,8,2,11,0,0,0,0,0,0,1,8,2,11,0,0,0,11
01/05/2022,CYS,WY,ANM,WE,Federal Contract Tower,0,1,6,0,7,0,0,0,0,0,0,1,6,0,7,0,0,0,7
01/06/2022,CYS,WY,ANM,WE,Federal Contract Tower,0,0,10,1,11,0,0,0,0,0,0,0,10,1,11,1,12,13,24
01/07/2022,CYS,WY,ANM,WE,Federal Contract Tower,1,2,15,11,29,0,0,0,0,0,1,2,15,11,29,78,31,109,138
01/08/2022,CYS,WY,ANM,WE,Federal Contract Tower,2,0,9,0,11,0,0,0,0,0,2,0,9,0,11,35,11,46,57
01/09/2022,CYS,WY,ANM,WE,Federal Contract Tower,2,0,18,1,21,0,0,26,0,26,2,0,44,1,47,27,3,30,77
01/10/2022,CYS,WY,ANM,WE,Federal Contract Tower,0,4,13,7,24,0,0,0,0,0,0,4,13,7,24,21,29,50,74
01/11/2022,CYS,WY,ANM,WE,Federal Contract Tower,0,4,9,4,17,0,0,0,0,0,0,4,9,4,17,34,23,57,74
01/12/2022,CYS,WY,ANM,WE,Federal Contract Tower,0,5,4,4,13,0,0,6,1,7,0,5,10,5,20,26,83,109,129
01/13/2022,CYS,WY,ANM,WE,Federal Contract Tower,2,2,2,2,8,0,0,0,0,0,2,2,2,2,8,96,48,144,152
01/14/2022,CYS,WY,ANM,WE,Federal Contract Tower,2,4,9,0,15,0,0,0,0,0,2,4,9,0,15,3,0,3,18
01/15/2022,CYS,WY,ANM,WE,Federal Contract Tower,2,2,1,0,5,0,0,16,2,18,2,2,17,2,23,54,2,56,79
01/16/2022,CYS,WY,ANM,WE,Federal Contract Tower,2,0,5,0,7,0,0,0,0,0,2,0,5,0,7,15,0,15,22
01/17/2022,CYS,WY,ANM,WE,Federal Contract Tower,1,2,9,0,12,0,0,0,0,0,1,2,9,0,12,24,0,24,36
01/18/2022,CYS,WY,ANM,WE,Federal Contract Tower,2,1,25,8,36,0,0,2,0,2,2,1,27,8,38,33,70,103,141
01/19/2022,CYS,WY,ANM,WE,Federal Contract Tower,2,2,9,3,16,0,0,0,0,0,2,2,9,3,16,0,21,21,37
01/20/2022,CYS,WY,ANM,WE,Federal Contract Tower,3,3,16,7,29,0,0,0,0,0,3,3,16,7,29,55,83,138,167
01/21/2022,CYS,WY,ANM,WE,Federal Contract Tower,3,4,14,9,30,0,0,0,0,0,3,4,14,9,30,29,31,60,90
01/22/2022,CYS,WY,ANM,WE,Federal Contract Tower,2,4,6,2,14,0,0,19,23,42,2,4,25,25,56,78,12,90,146
01/23/2022,CYS,WY,ANM,WE,Federal Contract Tower,1,0,3,0,4,0,0,0,0,0,1,0,3,0,4,23,0,23,27
01/24/2022,CYS,WY,ANM,WE,Federal Contract Tower,2,6,21,8,37,0,0,2,0,2,2,6,23,8,39,45,100,145,184
01/25/2022,CYS,WY,ANM,WE,Federal Contract Tower,2,2,12,4,20,0,0,0,0,0,2,2,12,4,20,0,33,33,53
01/26/2022,CYS,WY,ANM,WE,Federal Contract Tower,2,2,12,12,28,0,0,13,0,13,2,2,25,12,41,31,51,82,123
01/27/2022,CYS,WY,ANM,WE,Federal Contract Tower,6,0,5,27,38,0,0,1,0,1,6,0,6,27,39,24,2,26,65
01/28/2022,CYS,WY,ANM,WE,Federal Contract Tower,2,2,1,2,7,0,0,6,0,6,2,2,7,2,13,42,10,52,65
01/29/2022,CYS,WY,ANM,WE,Federal Contract Tower,2,1,11,0,14,0,0,34,0,34,2,1,45,0,48,82,0,82,130
01/30/2022,CYS,WY,ANM,WE,Federal Contract Tower,2,0,14,1,17,0,0,110,0,110,2,0,124,1,127,108,0,108,235
01/31/2022,CYS,WY,ANM,WE,Federal Contract Tower,0,3,5,1,9,0,1,0,0,1,0,4,5,1,10,10,19,29,39
02/01/2022,CYS,WY,ANM,WE,Federal Contract Tower,2,2,1,3,8,0,0,0,0,0,2,2,1,3,8,0,13,13,21
02/02/2022,CYS,WY,ANM,WE,Federal Contract Tower,1,2,3,0,6,0,0,0,0,0,1,2,3,0,6,0,0,0,6
02/03/2022,CYS,WY,ANM,WE,Federal Contract Tower,2,1,6,0,9,0,0,27,2,29,2,1,33,2,38,66,65,131,169
02/04/2022,CYS,WY,ANM,WE,Federal Contract Tower,2,5,8,3,18,0,0,7,2,9,2,5,15,5,27,62,13,75,102
02/05/2022,CYS,WY,ANM,WE,Federal Contract Tower,1,4,6,0,11,0,0,10,2,12,1,4,16,2,23,58,6,64,87
02/06/2022,CYS,WY,ANM,WE,Federal Contract Tower,2,0,15,0,17,0,0,0,0,0,2,0,15,0,17,12,0,12,29
02/07/2022,CYS,WY,ANM,WE,Federal Contract Tower,8,0,11,3,22,0,0,11,2,13,8,0,22,5,35,39,21,60,95
02/08/2022,CYS,WY,ANM,WE,Federal Contract Tower,0,6,9,1,16,0,1,2,6,9,0,7,11,7,25,21,62,83,108
02/09/2022,CYS,WY,ANM,WE,Federal Contract Tower,2,2,15,5,24,0,0,0,0,0,2,2,15,5,24,50,38,88,112
02/10/2022,CYS,WY,ANM,WE,Federal Contract Tower,3,0,4,3,10,0,0,8,1,9,3,0,12,4,19,33,43,76,95
02/11/2022,CYS,WY,ANM,WE,Federal Contract Tower,0,0,0,0,0,0,3,2,1,6,0,3,2,1,6,1,2,3,9
02/12/2022,CYS,WY,ANM,WE,Federal Contract Tower,0,1,8,1,10,0,0,0,0,0,0,1,8,1,10,0,32,32,42
02/13/2022,CYS,WY,ANM,WE,Federal Contract Tower,0,2,0,0,2,0,2,0,0,2,0,4,0,0,4,0,0,0,4
02/14/2022,CYS,WY,ANM,WE,Federal Contract Tower,1,2,10,2,15,0,0,0,0,0,1,2,10,2,15,68,64,132,147
02/15/2022,CYS,WY,ANM,WE,Federal Contract Tower,2,2,7,12,23,0,0,0,0,0,2,2,7,12,23,91,75,166,189
02/16/2022,CYS,WY,ANM,WE,Federal Contract Tower,2,1,1,5,9,0,0,0,0,0,2,1,1,5,9,0,0,0,9
02/17/2022,CYS,WY,ANM,WE,Federal Contract Tower,2,9,10,6,27,0,0,0,0,0,2,9,10,6,27,46,64,110,137
02/18/2022,CYS,WY,ANM,WE,Federal Contract Tower,2,1,15,1,19,0,0,0,0,0,2,1,15,1,19,37,15,52,71
02/19/2022,CYS,WY,ANM,WE,Federal Contract Tower,0,3,8,0,11,0,0,0,0,0,0,3,8,0,11,45,0,45,56
02/20/2022,CYS,WY,ANM,WE,Federal Contract Tower,2,1,4,0,7,0,0,0,0,0,2,1,4,0,7,12,0,12,19
02/21/2022,CYS,WY,ANM,WE,Federal Contract Tower,2,0,4,3,9,0,0,0,0,0,2,0,4,3,9,0,0,0,9
02/22/2022,CYS,WY,ANM,WE,Federal Contract Tower,2,2,8,3,15,0,0,1,2,3,2,2,9,5,18,3,62,65,83
02/23/2022,CYS,WY,ANM,WE,Federal Contract Tower,2,2,14,2,20,0,0,0,0,0,2,2,14,2,20,1,6,7,27
02/24/2022,CYS,WY,ANM,WE,Federal Contract Tower,2,1,15,9,27,0,0,4,0,4,2,1,19,9,31,38,55,93,124
02/26/2022,CYS,WY,ANM,WE,Federal Contract Tower,0,2,27,0,29,0,0,0,0,0,0,2,27,0,29,81,0,81,110
02/27/2022,CYS,WY,ANM,WE,Federal Contract Tower,0,1,6,0,7,0,0,0,0,0,0,1,6,0,7,35,0,35,42
02/28/2022,CYS,WY,ANM,WE,Federal Contract Tower,2,2,5,6,15,0,0,0,0,0,2,2,5,6,15,9,36,45,60
03/01/2022,CYS,WY,ANM,WE,Federal Contract Tower,2,3,10,4,19,0,0,0,0,0,2,3,10,4,19,11,25,36,55
03/02/2022,CYS,WY,ANM,WE,Federal Contract Tower,2,5,12,10,29,0,0,0,0,0,2,5,12,10,29,66,84,150,179
03/03/2022,CYS,WY,ANM,WE,Federal Contract Tower,0,3,13,3,19,0,0,25,7,32,0,3,38,10,51,90,65,155,206
03/04/2022,CYS,WY,ANM,WE,Federal Contract Tower,2,2,17,3,24,0,0,2,4,6,2,2,19,7,30,57,37,94,124
03/05/2022,CYS,WY,ANM,WE,Federal Contract Tower,0,2,7,2,11,0,0,0,0,0,0,2,7,2,11,0,0,0,11
03/06/2022,CYS,WY,ANM,WE,Federal Contract Tower,0,1,5,0,6,0,0,0,0,0,0,1,5,0,6,0,0,0,6
03/07/2022,CYS,WY,ANM,WE,Federal Contract Tower,2,4,15,10,31,0,0,0,0,0,2,4,15,10,31,52,28,80,111
03/08/2022,CYS,WY,ANM,WE,Federal Contract Tower,0,6,15,3,24,0,1,12,2,15,0,7,27,5,39,37,46,83,122
03/09/2022,CYS,WY,ANM,WE,Federal Contract Tower,1,0,4,0,5,0,0,0,0,0,1,0,4,0,5,0,0,0,5
03/10/2022,CYS,WY,ANM,WE,Federal Contract Tower,1,2,12,10,25,0,0,4,12,16,1,2,16,22,41,13,72,85,126
03/11/2022,CYS,WY,ANM,WE,Federal Contract Tower,0,3,18,4,25,0,0,4,2,6,0,3,22,6,31,54,41,95,126
03/12/2022,CYS,WY,ANM,WE,Federal Contract Tower,0,1,6,0,7,0,0,0,0,0,0,1,6,0,7,6,0,6,13
03/13/2022,CYS,WY,ANM,WE,Federal Contract Tower,0,1,13,0,14,0,0,0,0,0,0,1,13,0,14,49,0,49,63
03/15/2022,CYS,WY,ANM,WE,Federal Contract Tower,2,1,10,2,15,0,0,0,0,0,2,1,10,2,15,57,87,144,159
03/16/2022,CYS,WY,ANM,WE,Federal Contract Tower,0,3,13,3,19,0,0,16,30,46,0,3,29,33,65,144,125,269,334
03/17/2022,CYS,WY,ANM,WE,Federal Contract Tower,2,2,4,2,10,0,0,0,0,0,2,2,4,2,10,4,17,21,31
03/18/2022,CYS,WY,ANM,WE,Federal Contract Tower,2,4,28,3,37,0,0,0,0,0,2,4,28,3,37,71,36,107,144
03/19/2022,CYS,WY,ANM,WE,Federal Contract Tower,0,3,6,0,9,0,0,0,0,0,0,3,6,0,9,31,84,115,124
03/20/2022,CYS,WY,ANM,WE,Federal Contract Tower,0,1,11,1,13,0,0,0,0,0,0,1,11,1,13,64,0,64,77
03/21/2022,CYS,WY,ANM,WE,Federal Contract Tower,2,3,8,2,15,0,0,0,0,0,2,3,8,2,15,6,46,52,67
03/22/2022,CYS,WY,ANM,WE,Federal Contract Tower,0,4,9,2,15,0,0,7,0,7,0,4,16,2,22,0,40,40,62
03/23/2022,CYS,WY,ANM,WE,Federal Contract Tower,1,1,6,6,14,0,0,0,0,0,1,1,6,6,14,16,92,108,122
03/24/2022,CYS,WY,ANM,WE,Federal Contract Tower,0,4,11,11,26,0,0,6,0,6,0,4,17,11,32,27,72,99,131
03/25/2022,CYS,WY,ANM,WE,Federal Contract Tower,0,3,33,1,37,0,0,9,0,9,0,3,42,1,46,99,1,100,146
03/26/2022,CYS,WY,ANM,WE,Federal Contract Tower,0,9,10,0,19,0,0,0,0,0,0,9,10,0,19,53,0,53,72
03/27/2022,CYS,WY,ANM,WE,Federal Contract Tower,0,4,4,0,8,0,0,0,0,0,0,4,4,0,8,35,0,35,43
03/28/2022,CYS,WY,ANM,WE,Federal Contract Tower,2,7,26,0,35,4,0,14,0,18,6,7,40,0,53,39,24,63,116
03/29/2022,CYS,WY,ANM,WE,Federal Contract Tower,0,5,11,4,20,0,0,0,0,0,0,5,11,4,20,0,59,59,79
03/30/2022,CYS,WY,ANM,WE,Federal Contract Tower,4,6,16,1,27,0,0,1,3,4,4,6,17,4,31,11,34,45,76
03/31/2022,CYS,WY,ANM,WE,Federal Contract Tower,4,3,20,2,29,0,0,15,0,15,4,3,35,2,44,24,64,88,132
04/01/2022,CYS,WY,ANM,WE,Federal Contract Tower,0,7,13,4,24,0,0,0,0,0,0,7,13,4,24,7,30,37,61
04/02/2022,CYS,WY,ANM,WE,Federal Contract Tower,4,2,5,2,13,0,0,17,0,17,4,2,22,2,30,84,0,84,114
04/03/2022,CYS,WY,ANM,WE,Federal Contract Tower,0,4,4,0,8,0,0,0,0,0,0,4,4,0,8,41,6,47,55
04/04/2022,CYS,WY,ANM,WE,Federal Contract Tower,0,6,8,11,25,0,0,0,0,0,0,6,8,11,25,48,43,91,116
04/05/2022,CYS,WY,ANM,WE,Federal Contract Tower,0,6,2,0,8,0,0,0,0,0,0,6,2,0,8,0,0,0,8
04/06/2022,CYS,WY,ANM,WE,Federal Contract Tower,0,5,4,3,12,0,0,2,0,2,0,5,6,3,14,8,74,82,96
04/07/2022,CYS,WY,ANM,WE,Federal Contract Tower,0,4,3,3,10,0,0,0,0,0,0,4,3,3,10,1,25,26,36
04/08/2022,CYS,WY,ANM,WE,Federal Contract Tower,3,1,25,6,35,0,0,36,13,49,3,1,61,19,84,77,22,99,183
04/09/2022,CYS,WY,ANM,WE,Federal Contract Tower,0,5,5,1,11,0,0,0,0,0,0,5,5,1,11,54,2,56,67
04/10/2022,CYS,WY,ANM,WE,Federal Contract Tower,0,3,4,0,7,0,0,0,0,0,0,3,4,0,7,0,2,2,9
04/11/2022,CYS,WY,ANM,WE,Federal Contract Tower,0,3,4,0,7,0,0,0,0,0,0,3,4,0,7,55,30,85,92
04/12/2022,CYS,WY,ANM,WE,Federal Contract Tower,3,5,7,3,18,0,0,0,0,0,3,5,7,3,18,0,48,48,66
04/13/2022,CYS,WY,ANM,WE,Federal Contract Tower,4,1,4,16,25,0,0,1,2,3,4,1,5,18,28,26,73,99,127
04/14/2022,CYS,WY,ANM,WE,Federal Contract Tower,4,1,17,7,29,0,0,4,6,10,4,1,21,13,39,30,44,74,113
04/15/2022,CYS,WY,ANM,WE,Federal Contract Tower,0,6,14,10,30,0,0,0,0,0,0,6,14,10,30,65,21,86,116
04/16/2022,CYS,WY,ANM,WE,Federal Contract Tower,0,6,7,0,13,0,0,0,0,0,0,6,7,0,13,90,0,90,103
04/17/2022,CYS,WY,ANM,WE,Federal Contract Tower,0,4,0,0,4,0,0,0,0,0,0,4,0,0,4,0,0,0,4
04/18/2022,CYS,WY,ANM,WE,Federal Contract Tower,0,6,13,3,22,0,0,0,0,0,0,6,13,3,22,107,26,133,155
04/19/2022,CYS,WY,ANM,WE,Federal Contract Tower,4,3,6,5,18,0,0,3,1,4,4,3,9,6,22,65,77,142,164
04/20/2022,CYS,WY,ANM,WE,Federal Contract Tower,4,2,21,2,29,0,0,2,0,2,4,2,23,2,31,25,66,91,122
04/21/2022,CYS,WY,ANM,WE,Federal Contract Tower,0,10,16,4,30,0,4,0,0,4,0,14,16,4,34,65,56,121,155
04/22/2022,CYS,WY,ANM,WE,Federal Contract Tower,0,4,8,0,12,0,1,0,2,3,0,5,8,2,15,38,30,68,83
04/23/2022,CYS,WY,ANM,WE,Federal Contract Tower,0,4,2,2,8,0,0,0,0,0,0,4,2,2,8,0,0,0,8
04/24/2022,CYS,WY,ANM,WE,Federal Contract Tower,4,0,3,2,9,0,0,0,0,0,4,0,3,2,9,11,0,11,20
04/25/2022,CYS,WY,ANM,WE,Federal Contract Tower,0,6,15,0,21,1,2,2,4,9,1,8,17,4,30,152,71,223,253
04/26/2022,CYS,WY,ANM,WE,Federal Contract Tower,3,2,31,0,36,0,0,0,0,0,3,2,31,0,36,40,55,95,131
04/27/2022,CYS,WY,ANM,WE,Federal Contract Tower,0,14,11,4,29,0,0,4,2,6,0,14,15,6,35,88,53,141,176
04/28/2022,CYS,WY,ANM,WE,Federal Contract Tower,4,2,9,4,19,0,0,7,1,8,4,2,16,5,27,64,38,102,129
04/29/2022,CYS,WY,ANM,WE,Federal Contract Tower,0,4,5,0,9,0,0,0,0,0,0,4,5,0,9,3,4,7,16
04/30/2022,CYS,WY,ANM,WE,Federal Contract Tower,0,6,0,3,9,0,0,5,0,5,0,6,5,3,14,6,3,9,23
05/01/2022,CYS,WY,ANM,WE,Federal Contract Tower,0,2,3,0,5,0,0,0,0,0,0,2,3,0,5,47,2,49,54
05/02/2022,CYS,WY,ANM,WE,Federal Contract Tower,0,6,3,0,9,0,0,0,0,0,0,6,3,0,9,14,0,14,23
05/03/2022,CYS,WY,ANM,WE,Federal Contract Tower,2,6,5,3,16,0,0,1,0,1,2,6,6,3,17,0,8,8,25
05/04/2022,CYS,WY,ANM,WE,Federal Contract Tower,2,2,4,0,8,0,0,0,0,0,2,2,4,0,8,0,81,81,89
05/05/2022,CYS,WY,ANM,WE,Federal Contract Tower,2,2,12,7,23,0,0,11,3,14,2,2,23,10,37,27,38,65,102
05/06/2022,CYS,WY,ANM,WE,Federal Contract Tower,4,2,2,0,8,0,2,4,0,6,4,4,6,0,14,47,28,75,89
05/07/2022,CYS,WY,ANM,WE,Federal Contract Tower,0,3,5,0,8,0,0,12,0,12,0,3,17,0,20,53,0,53,73
05/08/2022,CYS,WY,ANM,WE,Federal Contract Tower,0,4,4,0,8,0,0,0,0,0,0,4,4,0,8,4,0,4,12
05/09/2022,CYS,WY,ANM,WE,Federal Contract Tower,0,4,7,3,14,0,0,0,0,0,0,4,7,3,14,4,100,104,118
05/10/2022,CYS,WY,ANM,WE,Federal Contract Tower,0,12,8,4,24,0,0,5,0,5,0,12,13,4,29,11,62,73,102
05/11/2022,CYS,WY,ANM,WE,Federal Contract Tower,4,4,22,8,38,0,0,10,0,10,4,4,32,8,48,43,78,121,169
05/12/2022,CYS,WY,ANM,WE,Federal Contract Tower,0,5,7,1,13,0,0,0,0,0,0,5,7,1,13,0,16,16,29
05/13/2022,CYS,WY,ANM,WE,Federal Contract Tower,0,6,11,5,22,0,0,0,0,0,0,6,11,5,22,18,7,25,47
05/14/2022,CYS,WY,ANM,WE,Federal Contract Tower,0,6,6,2,14,0,1,36,0,37,0,7,42,2,51,23,11,34,85
05/15/2022,CYS,WY,ANM,WE,Federal Contract Tower,0,0,32,8,40,0,4,6,2,12,0,4,38,10,52,20,0,20,72
05/16/2022,CYS,WY,ANM,WE,Federal Contract Tower,0,7,15,4,26,0,0,0,0,0,0,7,15,4,26,50,71,121,147
05/17/2022,CYS,WY,ANM,WE,Federal Contract Tower,3,8,21,4,36,0,0,14,11,25,3,8,35,15,61,1,10,11,72
05/18/2022,CYS,WY,ANM,WE,Federal Contract Tower,0,7,10,10,27,0,0,11,0,11,0,7,21,10,38,41,98,139,177
05/19/2022,CYS,WY,ANM,WE,Federal Contract Tower,4,6,9,4,23,0,0,0,0,0,4,6,9,4,23,0,44,44,67
05/20/2022,CYS,WY,ANM,WE,Federal Contract Tower,0,6,6,0,12,0,0,0,0,0,0,6,6,0,12,0,2,2,14
05/21/2022,CYS,WY,ANM,WE,Federal Contract Tower,0,3,6,0,9,0,0,0,0,0,0,3,6,0,9,59,1,60,69
05/22/2022,CYS,WY,ANM,WE,Federal Contract Tower,0,4,1,0,5,0,0,0,0,0,0,4,1,0,5,0,0,0,5
05/23/2022,CYS,WY,ANM,WE,Federal Contract Tower,0,6,14,14,34,0,0,9,0,9,0,6,23,14,43,0,63,63,106
05/24/2022,CYS,WY,ANM,WE,Federal Contract Tower,0,15,6,2,23,0,0,1,12,13,0,15,7,14,36,9,83,92,128
05/25/2022,CYS,WY,ANM,WE,Federal Contract Tower,3,5,9,3,20,0,0,0,0,0,3,5,9,3,20,34,22,56,76
05/26/2022,CYS,WY,ANM,WE,Federal Contract Tower,0,6,14,2,22,0,0,0,0,0,0,6,14,2,22,45,40,85,107
05/27/2022,CYS,WY,ANM,WE,Federal Contract Tower,0,7,16,2,25,0,0,0,0,0,0,7,16,2,25,54,6,60,85
05/28/2022,CYS,WY,ANM,WE,Federal Contract Tower,0,6,4,0,10,0,0,0,0,0,0,6,4,0,10,36,0,36,46
05/29/2022,CYS,WY,ANM,WE,Federal Contract Tower,0,4,3,0,7,0,0,0,0,0,0,4,3,0,7,17,0,17,24
05/30/2022,CYS,WY,ANM,WE,Federal Contract Tower,0,4,2,0,6,0,0,0,0,0,0,4,2,0,6,14,0,14,20
05/31/2022,CYS,WY,ANM,WE,Federal Contract Tower,4,9,9,2,24,0,0,30,1,31,4,9,39,3,55,1,38,39,94
06/01/2022,CYS,WY,ANM,WE,Federal Contract Tower,4,3,9,1,17,0,0,15,3,18,4,3,24,4,35,54,63,117,152
06/02/2022,CYS,WY,ANM,WE,Federal Contract Tower,4,3,16,4,27,0,1,2,0,3,4,4,18,4,30,84,27,111,141
06/03/2022,CYS,WY,ANM,WE,Federal Contract Tower,0,1,2,0,3,2,8,9,0,19,2,9,11,0,22,35,30,65,87
06/04/2022,CYS,WY,ANM,WE,Federal Contract Tower,0,6,5,1,12,0,0,33,0,33,0,6,38,1,45,5,0,5,50
06/05/2022,CYS,WY,ANM,WE,Federal Contract Tower,0,4,9,0,13,0,0,12,3,15,0,4,21,3,28,22,0,22,50
06/06/2022,CYS,WY,ANM,WE,Federal Contract Tower,0,3,10,1,14,0,0,0,0,0,0,3,10,1,14,5,24,29,43
06/07/2022,CYS,WY,ANM,WE,Federal Contract Tower,5,4,5,0,14,0,0,0,0,0,5,4,5,0,14,21,52,73,87
06/08/2022,CYS,WY,ANM,WE,Federal Contract Tower,3,4,8,3,18,0,0,1,0,1,3,4,9,3,19,62,42,104,123
06/09/2022,CYS,WY,ANM,WE,Federal Contract Tower,0,6,7,1,14,0,0,0,2,2,0,6,7,3,16,22,31,53,69
06/10/2022,CYS,WY,ANM,WE,Federal Contract Tower,4,3,6,1,14,0,0,0,0,0,4,3,6,1,14,43,15,58,72
06/11/2022,CYS,WY,ANM,WE,Federal Contract Tower,0,6,6,0,12,0,0,0,0,0,0,6,6,0,12,28,6,34,46
06/12/2022,CYS,WY,ANM,WE,Federal Contract Tower,0,5,3,2,10,0,0,0,0,0,0,5,3,2,10,56,2,58,68
06/13/2022,CYS,WY,ANM,WE,Federal Contract Tower,4,1,4,4,13,0,0,0,0,0,4,1,4,4,13,25,42,67,80
06/14/2022,CYS,WY,ANM,WE,Federal Contract Tower,1,8,7,0,16,0,1,1,1,3,1,9,8,1,19,34,101,135,154
06/15/2022,CYS,WY,ANM,WE,Federal Contract Tower,0,9,12,2,23,0,0,3,0,3,0,9,15,2,26,24,30,54,80
06/16/2022,CYS,WY,ANM,WE,Federal Contract Tower,4,2,23,0,29,0,0,0,0,0,4,2,23,0,29,42,15,57,86
06/17/2022,CYS,WY,ANM,WE,Federal Contract Tower,0,10,12,1,23,0,0,0,0,0,0,10,12,1,23,49,2,51,74
06/18/2022,CYS,WY,ANM,WE,Federal Contract Tower,0,6,13,0,19,0,0,0,0,0,0,6,13,0,19,0,0,0,19
06/19/2022,CYS,WY,ANM,WE,Federal Contract Tower,0,4,11,0,15,0,0,0,0,0,0,4,11,0,15,47,3,50,65
06/20/2022,CYS,WY,ANM,WE,Federal Contract Tower,0,4,11,0,15,0,0,0,0,0,0,4,11,0,15,74,0,74,89
06/21/2022,CYS,WY,ANM,WE,Federal Contract Tower,0,6,19,5,30,0,0,0,0,0,0,6,19,5,30,50,7,57,87
06/22/2022,CYS,WY,ANM,WE,Federal Contract Tower,0,5,26,2,33,0,0,0,10,10,0,5,26,12,43,71,14,85,128
06/23/2022,CYS,WY,ANM,WE,Federal Contract Tower,4,2,17,4,27,0,0,7,0,7,4,2,24,4,34,66,19,85,119
06/24/2022,CYS,WY,ANM,WE,Federal Contract Tower,4,8,16,2,30,0,0,0,0,0,4,8,16,2,30,43,17,60,90
06/25/2022,CYS,WY,ANM,WE,Federal Contract Tower,4,0,5,1,10,0,0,3,1,4,4,0,8,2,14,22,1,23,37
06/26/2022,CYS,WY,ANM,WE,Federal Contract Tower,0,5,11,2,18,0,0,22,0,22,0,5,33,2,40,0,3,3,43
06/27/2022,CYS,WY,ANM,WE,Federal Contract Tower,4,2,16,0,22,0,0,18,0,18,4,2,34,0,40,86,20,106,146
06/28/2022,CYS,WY,ANM,WE,Federal Contract Tower,4,6,14,3,27,0,0,24,0,24,4,6,38,3,51,69,123,192,243
06/29/2022,CYS,WY,ANM,WE,Federal Contract Tower,0,9,12,5,26,0,0,6,13,19,0,9,18,18,45,56,63,119,164
06/30/2022,CYS,WY,ANM,WE,Federal Contract Tower,4,4,9,11,28,0,0,10,1,11,4,4,19,12,39,7,38,45,84
07/01/2022,CYS,WY,ANM,WE,Federal Contract Tower,4,6,11,0,21,0,0,24,0,24,4,6,35,0,45,26,7,33,78
07/02/2022,CYS,WY,ANM,WE,Federal Contract Tower,0,6,6,0,12,0,0,0,0,0,0,6,6,0,12,13,0,13,25
07/03/2022,CYS,WY,ANM,WE,Federal Contract Tower,0,4,6,0,10,0,0,0,0,0,0,4,6,0,10,28,0,28,38
07/04/2022,CYS,WY,ANM,WE,Federal Contract Tower,2,4,4,0,10,0,0,0,0,0,2,4,4,0,10,27,0,27,37
07/05/2022,CYS,WY,ANM,WE,Federal Contract Tower,4,4,14,3,25,0,0,0,0,0,4,4,14,3,25,86,124,210,235
07/06/2022,CYS,WY,ANM,WE,Federal Contract Tower,0,0,33,0,33,7,2,12,7,28,7,2,45,7,61,12,65,77,138
07/07/2022,CYS,WY,ANM,WE,Federal Contract Tower,4,2,21,3,30,0,0,34,0,34,4,2,55,3,64,8,120,128,192
07/08/2022,CYS,WY,ANM,WE,Federal Contract Tower,4,1,13,2,20,0,1,36,0,37,4,2,49,2,57,27,30,57,114
07/09/2022,CYS,WY,ANM,WE,Federal Contract Tower,0,6,9,0,15,0,0,88,0,88,0,6,97,0,103,5,0,5,108
07/10/2022,CYS,WY,ANM,WE,Federal Contract Tower,20,4,9,2,35,0,0,0,0,0,20,4,9,2,35,16,0,16,51
07/11/2022,CYS,WY,ANM,WE,Federal Contract Tower,0,6,15,4,25,0,0,4,0,4,0,6,19,4,29,51,40,91,120
07/12/2022,CYS,WY,ANM,WE,Federal Contract Tower,6,5,22,10,43,0,0,26,0,26,6,5,48,10,69,43,91,134,203
07/13/2022,CYS,WY,ANM,WE,Federal Contract Tower,0,5,9,3,17,0,0,5,1,6,0,5,14,4,23,31,65,96,119
07/14/2022,CYS,WY,ANM,WE,Federal Contract Tower,2,4,5,3,14,0,0,4,2,6,2,4,9,5,20,45,14,59,79
07/15/2022,CYS,WY,ANM,WE,Federal Contract Tower,0,4,12,15,31,0,0,0,0,0,0,4,12,15,31,74,30,104,135
07/16/2022,CYS,WY,ANM,WE,Federal Contract Tower,0,6,6,0,12,0,0,40,0,40,0,6,46,0,52,0,0,0,52
07/17/2022,CYS,WY,ANM,WE,Federal Contract Tower,0,1,13,3,17,0,0,39,0,39,0,1,52,3,56,0,15,15,71
07/18/2022,CYS,WY,ANM,WE,Federal Contract Tower,0,8,22,2,32,0,0,0,0,0,0,8,22,2,32,45,1,46,78
07/19/2022,CYS,WY,ANM,WE,Federal Contract Tower,3,7,23,4,37,0,0,2,0,2,3,7,25,4,39,34,84,118,157
07/20/2022,CYS,WY,ANM,WE,Federal Contract Tower,9,10,19,5,43,0,0,23,2,25,9,10,42,7,68,12,95,107,175
07/21/2022,CYS,WY,ANM,WE,Federal Contract Tower,4,3,23,7,37,0,0,27,7,34,4,3,50,14,71,23,53,76,147
07/22/2022,CYS,WY,ANM,WE,Federal Contract Tower,6,0,32,12,50,0,0,0,0,0,6,0,32,12,50,22,38,60,110
07/23/2022,CYS,WY,ANM,WE,Federal Contract Tower,4,6,15,1,26,0,0,41,0,41,4,6,56,1,67,6,4,10,77
07/24/2022,CYS,WY,ANM,WE,Federal Contract Tower,4,6,17,2,29,0,0,0,2,2,4,6,17,4,31,29,8,37,68
07/25/2022,CYS,WY,ANM,WE,Federal Contract Tower,0,10,16,2,28,0,0,11,0,11,0,10,27,2,39,58,2,60,99
07/26/2022,CYS,WY,ANM,WE,Federal Contract Tower,5,7,12,3,27,0,0,10,7,17,5,7,22,10,44,44,31,75,119
07/27/2022,CYS,WY,ANM,WE,Federal Contract Tower,0,7,19,7,33,0,0,7,2,9,0,7,26,9,42,11,40,51,93
07/28/2022,CYS,WY,ANM,WE,Federal Contract Tower,0,17,14,14,45,0,0,17,0,17,0,17,31,14,62,20,64,84,146
07/29/2022,CYS,WY,ANM,WE,Federal Contract Tower,3,5,24,0,32,0,0,31,0,31,3,5,55,0,63,12,0,12,75
07/30/2022,CYS,WY,ANM,WE,Federal Contract Tower,4,4,14,3,25,0,0,58,0,58,4,4,72,3,83,3,0,3,86
07/31/2022,CYS,WY,ANM,WE,Federal Contract Tower,0,7,27,1,35,0,0,0,0,0,0,7,27,1,35,28,7,35,70
08/01/2022,CYS,WY,ANM,WE,Federal Contract Tower,0,7,13,2,22,0,0,0,1,1,0,7,13,3,23,60,9,69,92
08/02/2022,CYS,WY,ANM,WE,Federal Contract Tower,0,8,10,4,22,0,0,0,2,2,0,8,10,6,24,61,78,139,163
08/03/2022,CYS,WY,ANM,WE,Federal Contract Tower,5,6,8,5,24,0,0,40,1,41,5,6,48,6,65,45,61,106,171
08/04/2022,CYS,WY,ANM,WE,Federal Contract Tower,0,9,18,5,32,0,0,35,4,39,0,9,53,9,71,49,58,107,178
08/05/2022,CYS,WY,ANM,WE,Federal Contract Tower,0,6,13,3,22,0,0,39,4,43,0,6,52,7,65,36,24,60,125
08/06/2022,CYS,WY,ANM,WE,Federal Contract Tower,1,10,4,5,20,0,0,4,0,4,1,10,8,5,24,41,14,55,79
08/07/2022,CYS,WY,ANM,WE,Federal Contract Tower,0,4,17,1,22,0,0,0,0,0,0,4,17,1,22,20,3,23,45
08/08/2022,CYS,WY,ANM,WE,Federal Contract Tower,0,4,15,3,22,0,0,17,11,28,0,4,32,14,50,30,33,63,113
08/09/2022,CYS,WY,ANM,WE,Federal Contract Tower,4,2,17,2,25,0,0,6,1,7,4,2,23,3,32,35,19,54,86
08/10/2022,CYS,WY,ANM,WE,Federal Contract Tower,4,5,18,2,29,0,0,36,10,46,4,5,54,12,75,35,47,82,157
08/11/2022,CYS,WY,ANM,WE,Federal Contract Tower,4,9,14,9,36,0,0,31,7,38,4,9,45,16,74,48,62,110,184
08/13/2022,CYS,WY,ANM,WE,Federal Contract Tower,0,7,9,0,16,0,2,37,0,39,0,9,46,0,55,47,3,50,105
08/14/2022,CYS,WY,ANM,WE,Federal Contract Tower,4,2,6,0,12,0,0,0,0,0,4,2,6,0,12,69,0,69,81
08/15/2022,CYS,WY,ANM,WE,Federal Contract Tower,6,2,15,5,28,0,4,5,0,9,6,6,20,5,37,57,62,119,156
08/16/2022,CYS,WY,ANM,WE,Federal Contract Tower,0,7,14,7,28,0,0,14,0,14,0,7,28,7,42,61,108,169,211
08/17/2022,CYS,WY,ANM,WE,Federal Contract Tower,4,8,23,7,42,0,0,25,6,31,4,8,48,13,73,31,74,105,178
08/18/2022,CYS,WY,ANM,WE,Federal Contract Tower,0,7,11,5,23,0,0,14,0,14,0,7,25,5,37,34,68,102,139
08/19/2022,CYS,WY,ANM,WE,Federal Contract Tower,5,5,14,5,29,0,0,25,7,32,5,5,39,12,61,19,22,41,102
08/20/2022,CYS,WY,ANM,WE,Federal Contract Tower,0,6,7,0,13,0,0,22,0,22,0,6,29,0,35,63,0,63,98
08/21/2022,CYS,WY,ANM,WE,Federal Contract Tower,5,4,14,0,23,0,0,32,0,32,5,4,46,0,55,60,7,67,122
08/22/2022,CYS,WY,ANM,WE,Federal Contract Tower,3,1,17,8,29,0,1,4,0,5,3,2,21,8,34,55,73,128,162
08/23/2022,CYS,WY,ANM,WE,Federal Contract Tower,4,6,14,6,30,0,0,11,20,31,4,6,25,26,61,42,61,103,164
08/24/2022,CYS,WY,ANM,WE,Federal Contract Tower,0,10,24,2,36,0,0,26,5,31,0,10,50,7,67,48,38,86,153
08/25/2022,CYS,WY,ANM,WE,Federal Contract Tower,4,5,22,3,34,0,0,4,19,23,4,5,26,22,57,29,7,36,93
08/26/2022,CYS,WY,ANM,WE,Federal Contract Tower,4,7,18,0,29,0,0,38,0,38,4,7,56,0,67,22,51,73,140
08/27/2022,CYS,WY,ANM,WE,Federal Contract Tower,0,6,5,0,11,0,0,19,0,19,0,6,24,0,30,30,0,30,60
08/28/2022,CYS,WY,ANM,WE,Federal Contract Tower,4,0,13,0,17,0,0,0,0,0,4,0,13,0,17,17,4,21,38
08/29/2022,CYS,WY,ANM,WE,Federal Contract Tower,4,4,11,2,21,0,1,5,6,12,4,5,16,8,33,4,7,11,44
08/30/2022,CYS,WY,ANM,WE,Federal Contract Tower,4,2,15,4,25,0,0,26,12,38,4,2,41,16,63,45,56,101,164
08/31/2022,CYS,WY,ANM,WE,Federal Contract Tower,4,8,10,1,23,0,0,9,16,25,4,8,19,17,48,39,19,58,106
09/01/2022,CYS,WY,ANM,WE,Federal Contract Tower,4,5,12,3,24,0,0,24,2,26,4,5,36,5,50,32,46,78,128
09/02/2022,CYS,WY,ANM,WE,Federal Contract Tower,4,2,20,1,27,0,0,20,0,20,4,2,40,1,47,15,0,15,62
09/03/2022,CYS,WY,ANM,WE,Federal Contract Tower,0,4,7,0,11,0,0,27,0,27,0,4,34,0,38,39,0,39,77
09/04/2022,CYS,WY,ANM,WE,Federal Contract Tower,4,2,7,0,13,0,0,0,0,0,4,2,7,0,13,94,0,94,107
09/05/2022,CYS,WY,ANM,WE,Federal Contract Tower,4,2,10,0,16,0,1,0,0,1,4,3,10,0,17,34,0,34,51
09/06/2022,CYS,WY,ANM,WE,Federal Contract Tower,4,2,18,6,30,0,0,17,1,18,4,2,35,7,48,38,32,70,118
09/07/2022,CYS,WY,ANM,WE,Federal Contract Tower,0,9,4,3,16,0,0,25,5,30,0,9,29,8,46,52,74,126,172
09/08/2022,CYS,WY,ANM,WE,Federal Contract Tower,4,8,10,2,24,0,0,40,4,44,4,8,50,6,68,3,62,65,133
09/09/2022,CYS,WY,ANM,WE,Federal Contract Tower,4,4,26,0,34,0,0,4,5,9,4,4,30,5,43,0,4,4,47
09/10/2022,CYS,WY,ANM,WE,Federal Contract Tower,4,2,5,2,13,0,0,0,0,0,4,2,5,2,13,0,0,0,13
09/11/2022,CYS,WY,ANM,WE,Federal Contract Tower,0,4,16,0,20,0,0,3,0,3,0,4,19,0,23,83,0,83,106
09/12/2022,CYS,WY,ANM,WE,Federal Contract Tower,4,1,17,4,26,0,1,64,0,65,4,2,81,4,91,24,73,97,188
09/13/2022,CYS,WY,ANM,WE,Federal Contract Tower,0,8,10,3,21,0,0,30,24,54,0,8,40,27,75,16,145,161,236
09/14/2022,CYS,WY,ANM,WE,Federal Contract Tower,4,2,19,10,35,1,0,21,3,25,5,2,40,13,60,54,39,93,153
09/15/2022,CYS,WY,ANM,WE,Federal Contract Tower,0,14,33,2,49,0,1,18,0,19,0,15,51,2,68,32,23,55,123
09/16/2022,CYS,WY,ANM,WE,Federal Contract Tower,0,10,7,7,24,0,3,0,0,3,0,13,7,7,27,27,48,75,102
09/17/2022,CYS,WY,ANM,WE,Federal Contract Tower,4,4,7,4,19,0,0,42,0,42,4,4,49,4,61,16,54,70,131
09/18/2022,CYS,WY,ANM,WE,Federal Contract Tower,0,3,12,0,15,0,0,28,4,32,0,3,40,4,47,54,2,56,103
09/19/2022,CYS,WY,ANM,WE,Federal Contract Tower,0,5,16,3,24,1,0,31,0,32,1,5,47,3,56,74,48,122,178
09/20/2022,CYS,WY,ANM,WE,Federal Contract Tower,4,2,21,3,30,0,0,38,10,48,4,2,59,13,78,10,28,38,116
09/21/2022,CYS,WY,ANM,WE,Federal Contract Tower,0,9,15,7,31,0,0,11,9,20,0,9,26,16,51,0,53,53,104
09/22/2022,CYS,WY,ANM,WE,Federal Contract Tower,0,6,14,4,24,0,0,0,0,0,0,6,14,4,24,0,6,6,30
09/23/2022,CYS,WY,ANM,WE,Federal Contract Tower,5,4,6,3,18,0,0,4,0,4,5,4,10,3,22,10,17,27,49
09/24/2022,CYS,WY,ANM,WE,Federal Contract Tower,0,6,11,0,17,0,1,4,0,5,0,7,15,0,22,53,0,53,75
09/25/2022,CYS,WY,ANM,WE,Federal Contract Tower,3,0,8,2,13,0,0,6,0,6,3,0,14,2,19,115,2,117,136
09/26/2022,CYS,WY,ANM,WE,Federal Contract Tower,0,6,11,5,22,0,0,10,25,35,0,6,21,30,57,50,104,154,211
09/27/2022,CYS,WY,ANM,WE,Federal Contract Tower,0,9,20,10,39,0,0,8,16,24,0,9,28,26,63,82,108,190,253
09/28/2022,CYS,WY,ANM,WE,Federal Contract Tower,4,2,2,0,8,0,0,3,0,3,4,2,5,0,11,3,61,64,75
09/29/2022,CYS,WY,ANM,WE,Federal Contract Tower,0,5,12,6,23,0,0,24,27,51,0,5,36,33,74,15,36,51,125
09/30/2022,CYS,WY,ANM,WE,Federal Contract Tower,0,6,6,4,16,0,0,12,1,13,0,6,18,5,29,7,115,122,151
10/01/2022,CYS,WY,ANM,WE,Federal Contract Tower,0,6,5,0,11,0,0,15,0,15,0,6,20,0,26,27,0,27,53
10/02/2022,CYS,WY,ANM,WE,Federal Contract Tower,4,0,2,1,7,0,0,19,0,19,4,0,21,1,26,30,0,30,56
10/03/2022,CYS,WY,ANM,WE,Federal Contract Tower,0,8,13,6,27,0,6,26,17,49,0,14,39,23,76,19,52,71,147
10/04/2022,CYS,WY,ANM,WE,Federal Contract Tower,0,7,24,3,34,0,0,42,29,71,0,7,66,32,105,59,35,94,199
10/05/2022,CYS,WY,ANM,WE,Federal Contract Tower,0,5,18,3,26,0,0,40,20,60,0,5,58,23,86,72,43,115,201
10/06/2022,CYS,WY,ANM,WE,Federal Contract Tower,0,6,23,4,33,0,0,28,2,30,0,6,51,6,63,38,103,141,204
10/07/2022,CYS,WY,ANM,WE,Federal Contract Tower,0,5,19,0,24,0,0,0,0,0,0,5,19,0,24,10,6,16,40
10/08/2022,CYS,WY,ANM,WE,Federal Contract Tower,0,6,13,0,19,0,0,2,0,2,0,6,15,0,21,119,0,119,140
10/09/2022,CYS,WY,ANM,WE,Federal Contract Tower,3,0,10,1,14,0,0,0,0,0,3,0,10,1,14,65,0,65,79
10/10/2022,CYS,WY,ANM,WE,Federal Contract Tower,0,4,16,0,20,0,0,15,0,15,0,4,31,0,35,63,0,63,98
10/11/2022,CYS,WY,ANM,WE,Federal Contract Tower,0,6,10,4,20,0,0,6,7,13,0,6,16,11,33,2,80,82,115
10/12/2022,CYS,WY,ANM,WE,Federal Contract Tower,2,4,11,10,27,0,0,16,9,25,2,4,27,19,52,5,43,48,100
10/13/2022,CYS,WY,ANM,WE,Federal Contract Tower,0,4,10,0,14,0,0,11,2,13,0,4,21,2,27,4,40,44,71
10/14/2022,CYS,WY,ANM,WE,Federal Contract Tower,4,3,9,10,26,0,0,10,14,24,4,3,19,24,50,23,36,59,109
10/15/2022,CYS,WY,ANM,WE,Federal Contract Tower,4,2,6,4,16,0,0,8,14,22,4,2,14,18,38,50,1,51,89
10/16/2022,CYS,WY,ANM,WE,Federal Contract Tower,4,2,14,5,25,0,0,2,0,2,4,2,16,5,27,65,0,65,92
10/17/2022,CYS,WY,ANM,WE,Federal Contract Tower,4,2,10,2,18,0,0,8,5,13,4,2,18,7,31,64,50,114,145
10/18/2022,CYS,WY,ANM,WE,Federal Contract Tower,0,6,31,7,44,0,3,23,15,41,0,9,54,22,85,35,38,73,158
10/19/2022,CYS,WY,ANM,WE,Federal Contract Tower,4,6,13,0,23,0,0,11,2,13,4,6,24,2,36,11,26,37,73
10/20/2022,CYS,WY,ANM,WE,Federal Contract Tower,4,5,19,6,34,0,0,26,20,46,4,5,45,26,80,37,18,55,135
10/21/2022,CYS,WY,ANM,WE,Federal Contract Tower,0,4,16,0,20,0,0,7,0,7,0,4,23,0,27,2,11,13,40
10/22/2022,CYS,WY,ANM,WE,Federal Contract Tower,4,4,3,0,11,0,0,8,0,8,4,4,11,0,19,23,0,23,42
10/23/2022,CYS,WY,ANM,WE,Federal Contract Tower,3,2,3,0,8,0,0,0,0,0,3,2,3,0,8,20,0,20,28
10/24/2022,CYS,WY,ANM,WE,Federal Contract Tower,0,6,9,4,19,0,0,5,2,7,0,6,14,6,26,0,64,64,90
10/25/2022,CYS,WY,ANM,WE,Federal Contract Tower,0,6,10,2,18,0,0,2,0,2,0,6,12,2,20,21,22,43,63
10/26/2022,CYS,WY,ANM,WE,Federal Contract Tower,4,7,8,4,23,0,0,5,8,13,4,7,13,12,36,21,68,89,125
10/27/2022,CYS,WY,ANM,WE,Federal Contract Tower,5,3,7,4,19,0,0,12,0,12,5,3,19,4,31,26,27,53,84
10/28/2022,CYS,WY,ANM,WE,Federal Contract Tower,4,4,9,0,17,0,0,33,7,40,4,4,42,7,57,28,0,28,85
10/29/2022,CYS,WY,ANM,WE,Federal Contract Tower,0,6,11,0,17,0,0,26,0,26,0,6,37,0,43,19,0,19,62
10/30/2022,CYS,WY,ANM,WE,Federal Contract Tower,4,2,16,0,22,0,0,34,2,36,4,2,50,2,58,82,3,85,143
10/31/2022,CYS,WY,ANM,WE,Federal Contract Tower,4,6,10,1,21,0,0,18,2,20,4,6,28,3,41,3,0,3,44
11/01/2022,CYS,WY,ANM,WE,Federal Contract Tower,4,4,10,2,20,0,2,18,14,34,4,6,28,16,54,27,88,115,169
11/02/2022,CYS,WY,ANM,WE,Federal Contract Tower,4,5,10,1,20,0,0,38,17,55,4,5,48,18,75,21,43,64,139
11/03/2022,CYS,WY,ANM,WE,Federal Contract Tower,4,3,6,1,14,0,0,10,0,10,4,3,16,1,24,0,0,0,24
11/04/2022,CYS,WY,ANM,WE,Federal Contract Tower,0,4,14,0,18,0,0,26,8,34,0,4,40,8,52,6,2,8,60
11/05/2022,CYS,WY,ANM,WE,Federal Contract Tower,0,4,4,0,8,0,0,0,0,0,0,4,4,0,8,0,0,0,8
11/06/2022,CYS,WY,ANM,WE,Federal Contract Tower,0,3,10,0,13,0,0,9,2,11,0,3,19,2,24,16,0,16,40
11/07/2022,CYS,WY,ANM,WE,Federal Contract Tower,4,5,11,2,22,0,0,6,4,10,4,5,17,6,32,34,68,102,134
11/08/2022,CYS,WY,ANM,WE,Federal Contract Tower,0,7,17,4,28,0,0,45,17,62,0,7,62,21,90,107,39,146,236
11/09/2022,CYS,WY,ANM,WE,Federal Contract Tower,0,11,24,2,37,0,0,1,2,3,0,11,25,4,40,8,60,68,108
11/10/2022,CYS,WY,ANM,WE,Federal Contract Tower,4,6,12,4,26,0,0,7,0,7,4,6,19,4,33,15,7,22,55
11/11/2022,CYS,WY,ANM,WE,Federal Contract Tower,4,8,8,0,20,0,0,43,1,44,4,8,51,1,64,37,0,37,101
11/12/2022,CYS,WY,ANM,WE,Federal Contract Tower,4,2,6,0,12,0,0,18,0,18,4,2,24,0,30,61,3,64,94
11/13/2022,CYS,WY,ANM,WE,Federal Contract Tower,4,0,11,1,16,0,0,6,0,6,4,0,17,1,22,24,4,28,50
11/14/2022,CYS,WY,ANM,WE,Federal Contract Tower,0,15,14,0,29,0,0,7,0,7,0,15,21,0,36,29,26,55,91
11/15/2022,CYS,WY,ANM,WE,Federal Contract Tower,0,8,13,2,23,0,0,5,1,6,0,8,18,3,29,23,82,105,134
11/16/2022,CYS,WY,ANM,WE,Federal Contract Tower,0,7,9,3,19,0,0,7,4,11,0,7,16,7,30,12,42,54,84
11/17/2022,CYS,WY,ANM,WE,Federal Contract Tower,0,5,5,1,11,0,0,0,0,0,0,5,5,1,11,0,8,8,19
11/18/2022,CYS,WY,ANM,WE,Federal Contract Tower,0,9,7,2,18,0,0,13,13,26,0,9,20,15,44,32,34,66,110
11/19/2022,CYS,WY,ANM,WE,Federal Contract Tower,0,7,6,0,13,0,0,4,0,4,0,7,10,0,17,37,0,37,54
11/20/2022,CYS,WY,ANM,WE,Federal Contract Tower,0,6,14,0,20,0,0,0,0,0,0,6,14,0,20,53,2,55,75
11/21/2022,CYS,WY,ANM,WE,Federal Contract Tower,0,9,14,0,23,0,0,21,12,33,0,9,35,12,56,58,103,161,217
11/22/2022,CYS,WY,ANM,WE,Federal Contract Tower,0,14,14,2,30,0,0,14,0,14,0,14,28,2,44,32,106,138,182
11/23/2022,CYS,WY,ANM,WE,Federal Contract Tower,4,3,4,0,11,0,0,0,0,0,4,3,4,0,11,14,4,18,29
11/24/2022,CYS,WY,ANM,WE,Federal Contract Tower,0,5,3,0,8,0,0,0,0,0,0,5,3,0,8,0,0,0,8
11/25/2022,CYS,WY,ANM,WE,Federal Contract Tower,0,6,10,0,16,0,0,23,0,23,0,6,33,0,39,32,0,32,71
11/26/2022,CYS,WY,ANM,WE,Federal Contract Tower,0,8,2,0,10,0,0,9,0,9,0,8,11,0,19,38,0,38,57
11/27/2022,CYS,WY,ANM,WE,Federal Contract Tower,0,5,1,0,6,0,0,3,0,3,0,5,4,0,9,0,0,0,9
11/28/2022,CYS,WY,ANM,WE,Federal Contract Tower,0,9,6,2,17,0,0,6,2,8,0,9,12,4,25,7,17,24,49
11/29/2022,CYS,WY,ANM,WE,Federal Contract Tower,0,7,7,4,18,0,0,1,12,13,0,7,8,16,31,8,16,24,55
11/30/2022,CYS,WY,ANM,WE,Federal Contract Tower,0,7,2,0,9,0,0,21,11,32,0,7,23,11,41,59,27,86,127
12/01/2022,CYS,WY,ANM,WE,Federal Contract Tower,0,9,8,3,20,0,0,18,3,21,0,9,26,6,41,83,67,150,191
12/02/2022,CYS,WY,ANM,WE,Federal Contract Tower,0,5,7,0,12,0,1,2,0,3,0,6,9,0,15,0,4,4,19
12/03/2022,CYS,WY,ANM,WE,Federal Contract Tower,0,8,3,0,11,0,0,10,0,10,0,8,13,0,21,36,2,38,59
12/04/2022,CYS,WY,ANM,WE,Federal Contract Tower,0,4,11,0,15,0,0,4,0,4,0,4,15,0,19,32,6,38,57
12/05/2022,CYS,WY,ANM,WE,Federal Contract Tower,0,5,10,0,15,0,0,7,43,50,0,5,17,43,65,1,30,31,96
12/06/2022,CYS,WY,ANM,WE,Federal Contract Tower,0,4,20,4,28,0,0,3,0,3,0,4,23,4,31,17,122,139,170
12/07/2022,CYS,WY,ANM,WE,Federal Contract Tower,0,12,9,0,21,0,0,11,0,11,0,12,20,0,32,53,35,88,120
12/08/2022,CYS,WY,ANM,WE,Federal Contract Tower,0,9,8,4,21,0,0,3,22,25,0,9,11,26,46,2,38,40,86
12/09/2022,CYS,WY,ANM,WE,Federal Contract Tower,0,9,12,4,25,0,0,31,3,34,0,9,43,7,59,12,37,49,108
12/10/2022,CYS,WY,ANM,WE,Federal Contract Tower,0,8,8,0,16,0,0,35,6,41,0,8,43,6,57,63,0,63,120
12/11/2022,CYS,WY,ANM,WE,Federal Contract Tower,0,8,10,5,23,0,0,0,0,0,0,8,10,5,23,34,4,38,61
12/12/2022,CYS,WY,ANM,WE,Federal Contract Tower,0,6,2,1,9,0,1,21,9,31,0,7,23,10,40,1,22,23,63
12/13/2022,CYS,WY,ANM,WE,Federal Contract Tower,0,4,2,2,8,0,0,0,0,0,0,4,2,2,8,0,0,0,8
12/14/2022,CYS,WY,ANM,WE,Federal Contract Tower,0,6,9,1,16,0,0,0,0,0,0,6,9,1,16,0,47,47,63
12/15/2022,CYS,WY,ANM,WE,Federal Contract Tower,0,5,7,2,14,0,0,4,1,5,0,5,11,3,19,2,53,55,74
12/16/2022,CYS,WY,ANM,WE,Federal Contract Tower,0,4,4,1,9,0,0,2,6,8,0,4,6,7,17,0,0,0,17
12/17/2022,CYS,WY,ANM,WE,Federal Contract Tower,4,3,7,0,14,0,0,7,0,7,4,3,14,0,21,26,0,26,47
12/18/2022,CYS,WY,ANM,WE,Federal Contract Tower,0,4,12,0,16,0,0,5,0,5,0,4,17,0,21,47,0,47,68
12/19/2022,CYS,WY,ANM,WE,Federal Contract Tower,0,6,6,0,12,0,0,2,0,2,0,6,8,0,14,15,24,39,53
12/20/2022,CYS,WY,ANM,WE,Federal Contract Tower,0,4,10,0,14,0,0,3,0,3,0,4,13,0,17,12,69,81,98
12/21/2022,CYS,WY,ANM,WE,Federal Contract Tower,0,7,2,0,9,0,0,4,0,4,0,7,6,0,13,8,3,11,24
12/22/2022,CYS,WY,ANM,WE,Federal Contract Tower,2,0,6,0,8,0,0,0,0,0,2,0,6,0,8,0,0,0,8
12/23/2022,CYS,WY,ANM,WE,Federal Contract Tower,0,6,6,0,12,0,0,6,0,6,0,6,12,0,18,21,0,21,39
12/24/2022,CYS,WY,ANM,WE,Federal Contract Tower,0,3,3,0,6,0,0,3,0,3,0,3,6,0,9,26,0,26,35
12/25/2022,CYS,WY,ANM,WE,Federal Contract Tower,0,3,5,0,8,0,0,0,0,0,0,3,5,0,8,3,0,3,11
12/26/2022,CYS,WY,ANM,WE,Federal Contract Tower,7,0,6,0,13,0,0,58,0,58,7,0,64,0,71,58,0,58,129
12/27/2022,CYS,WY,ANM,WE,Federal Contract Tower,4,2,3,0,9,0,0,11,0,11,4,2,14,0,20,44,56,100,120
12/28/2022,CYS,WY,ANM,WE,Federal Contract Tower,2,4,4,0,10,0,0,5,0,5,2,4,9,0,15,22,44,66,81
12/29/2022,CYS,WY,ANM,WE,Federal Contract Tower,3,6,5,0,14,0,0,9,11,20,3,6,14,11,34,25,18,43,77
12/30/2022,CYS,WY,ANM,WE,Federal Contract Tower,0,6,8,0,14,0,0,26,0,26,0,6,34,0,40,22,0,22,62
12/31/2022,CYS,WY,ANM,WE,Federal Contract Tower,0,2,10,0,12,0,0,15,0,15,0,2,25,0,27,14,0,14,41
01/01/2023,CYS,WY,ANM,WE,Federal Contract Tower,0,2,6,0,8,0,0,0,0,0,0,2,6,0,8,1,0,1,9
01/02/2023,CYS,WY,ANM,WE,Federal Contract Tower,0,1,3,0,4,0,0,0,0,0,0,1,3,0,4,0,0,0,4
01/03/2023,CYS,WY,ANM,WE,Federal Contract Tower,0,5,10,0,15,0,0,0,0,0,0,5,10,0,15,4,0,4,19
01/04/2023,CYS,WY,ANM,WE,Federal Contract Tower,0,12,7,0,19,0,0,2,0,2,0,12,9,0,21,42,47,89,110
01/05/2023,CYS,WY,ANM,WE,Federal Contract Tower,0,6,7,0,13,0,0,27,7,34,0,6,34,7,47,27,121,148,195
01/06/2023,CYS,WY,ANM,WE,Federal Contract Tower,0,8,10,4,22,0,0,11,0,11,0,8,21,4,33,2,0,2,35
01/07/2023,CYS,WY,ANM,WE,Federal Contract Tower,0,7,8,0,15,0,0,36,0,36,0,7,44,0,51,88,62,150,201
01/08/2023,CYS,WY,ANM,WE,Federal Contract Tower,0,5,4,0,9,0,0,13,1,14,0,5,17,1,23,42,0,42,65
01/09/2023,CYS,WY,ANM,WE,Federal Contract Tower,0,6,9,1,16,0,0,6,0,6,0,6,15,1,22,14,41,55,77
01/10/2023,CYS,WY,ANM,WE,Federal Contract Tower,0,5,12,0,17,0,0,5,0,5,0,5,17,0,22,10,50,60,82
01/11/2023,CYS,WY,ANM,WE,Federal Contract Tower,4,4,10,0,18,0,0,0,0,0,4,4,10,0,18,0,36,36,54
01/12/2023,CYS,WY,ANM,WE,Federal Contract Tower,0,6,29,8,43,0,0,8,1,9,0,6,37,9,52,90,52,142,194
01/13/2023,CYS,WY,ANM,WE,Federal Contract Tower,0,6,22,2,30,0,1,41,1,43,0,7,63,3,73,14,7,21,94
01/14/2023,CYS,WY,ANM,WE,Federal Contract Tower,0,5,6,0,11,0,0,9,0,9,0,5,15,0,20,88,0,88,108
01/15/2023,CYS,WY,ANM,WE,Federal Contract Tower,0,3,9,0,12,0,0,0,0,0,0,3,9,0,12,19,0,19,31
01/16/2023,CYS,WY,ANM,WE,Federal Contract Tower,3,2,23,0,28,0,0,11,0,11,3,2,34,0,39,41,0,41,80
01/17/2023,CYS,WY,ANM,WE,Federal Contract Tower,0,5,12,2,19,0,0,29,0,29,0,5,41,2,48,35,116,151,199
01/18/2023,CYS,WY,ANM,WE,Federal Contract Tower,0,1,3,0,4,0,0,0,0,0,0,1,3,0,4,0,0,0,4
01/19/2023,CYS,WY,ANM,WE,Federal Contract Tower,2,6,14,4,26,0,0,0,0,0,2,6,14,4,26,32,68,100,126
01/20/2023,CYS,WY,ANM,WE,Federal Contract Tower,0,6,24,4,34,0,0,6,0,6,0,6,30,4,40,40,44,84,124
01/21/2023,CYS,WY,ANM,WE,Federal Contract Tower,0,6,11,2,19,0,0,5,1,6,0,6,16,3,25,13,4,17,42
01/22/2023,CYS,WY,ANM,WE,Federal Contract Tower,0,3,24,2,29,0,0,17,3,20,0,3,41,5,49,27,11,38,87
01/23/2023,CYS,WY,ANM,WE,Federal Contract Tower,0,5,7,2,14,0,0,0,0,0,0,5,7,2,14,4,14,18,32
01/24/2023,CYS,WY,ANM,WE,Federal Contract Tower,4,5,11,3,23,0,0,2,0,2,4,5,13,3,25,30,38,68,93
01/25/2023,CYS,WY,ANM,WE,Federal Contract Tower,4,3,4,3,14,0,0,3,1,4,4,3,7,4,18,8,49,57,75
01/26/2023,CYS,WY,ANM,WE,Federal Contract Tower,0,8,22,5,35,0,0,4,4,8,0,8,26,9,43,166,68,234,277
01/27/2023,CYS,WY,ANM,WE,Federal Contract Tower,0,7,7,4,18,0,0,16,11,27,0,7,23,15,45,26,42,68,113
01/28/2023,CYS,WY,ANM,WE,Federal Contract Tower,0,7,0,2,9,0,0,0,0,0,0,7,0,2,9,0,0,0,9
01/29/2023,CYS,WY,ANM,WE,Federal Contract Tower,0,0,1,0,1,0,0,0,0,0,0,0,1,0,1,0,0,0,1
01/30/2023,CYS,WY,ANM,WE,Federal Contract Tower,0,0,0,0,0,0,5,16,2,23,0,5,16,2,23,45,12,57,80
01/31/2023,CYS,WY,ANM,WE,Federal Contract Tower,0,4,5,7,16,0,0,7,2,9,0,4,12,9,25,62,98,160,185
02/01/2023,CYS,WY,ANM,WE,Federal Contract Tower,1,7,20,5,33,0,0,0,0,0,1,7,20,5,33,47,45,92,125
02/02/2023,CYS,WY,ANM,WE,Federal Contract Tower,4,4,34,14,56,0,0,24,8,32,4,4,58,22,88,79,117,196,284
02/03/2023,CYS,WY,ANM,WE,Federal Contract Tower,2,3,21,5,31,0,0,14,4,18,2,3,35,9,49,13,104,117,166
02/04/2023,CYS,WY,ANM,WE,Federal Contract Tower,0,4,5,2,11,0,0,5,3,8,0,4,10,5,19,14,1,15,34
02/05/2023,CYS,WY,ANM,WE,Federal Contract Tower,0,0,11,1,12,0,2,25,2,29,0,2,36,3,41,44,14,58,99
02/06/2023,CYS,WY,ANM,WE,Federal Contract Tower,0,0,0,0,0,0,0,0,0,0,0,0,0,0,0,5,76,81,81
02/07/2023,CYS,WY,ANM,WE,Federal Contract Tower,0,6,24,6,36,0,0,17,0,17,0,6,41,6,53,79,47,126,179
02/08/2023,CYS,WY,ANM,WE,Federal Contract Tower,0,6,10,6,22,0,0,0,1,1,0,6,10,7,23,0,74,74,97
02/09/2023,CYS,WY,ANM,WE,Federal Contract Tower,0,5,1,0,6,0,0,0,3,3,0,5,1,3,9,10,79,89,98
02/10/2023,CYS,WY,ANM,WE,Federal Contract Tower,2,1,21,5,29,0,1,56,7,64,2,2,77,12,93,30,7,37,130
02/11/2023,CYS,WY,ANM,WE,Federal Contract Tower,0,6,15,0,21,0,0,54,1,55,0,6,69,1,76,21,9,30,106
02/12/2023,CYS,WY,ANM,WE,Federal Contract Tower,2,2,7,0,11,0,0,12,3,15,2,2,19,3,26,23,14,37,63
02/13/2023,CYS,WY,ANM,WE,Federal Contract Tower,0,7,15,0,22,0,0,0,4,4,0,7,15,4,26,139,68,207,233
02/14/2023,CYS,WY,ANM,WE,Federal Contract Tower,0,5,6,2,13,0,0,1,6,7,0,5,7,8,20,5,43,48,68
02/15/2023,CYS,WY,ANM,WE,Federal Contract Tower,0,5,5,2,12,0,0,0,1,1,0,5,5,3,13,0,0,0,13
02/16/2023,CYS,WY,ANM,WE,Federal Contract Tower,0,6,43,10,59,0,0,18,5,23,0,6,61,15,82,43,80,123,205
02/17/2023,CYS,WY,ANM,WE,Federal Contract Tower,0,4,19,0,23,0,0,22,8,30,0,4,41,8,53,22,14,36,89
02/18/2023,CYS,WY,ANM,WE,Federal Contract Tower,0,4,9,0,13,0,0,7,1,8,0,4,16,1,21,15,0,15,36
02/19/2023,CYS,WY,ANM,WE,Federal Contract Tower,0,4,10,0,14,0,0,2,1,3,0,4,12,1,17,5,1,6,23
02/20/2023,CYS,WY,ANM,WE,Federal Contract Tower,0,3,8,0,11,0,0,2,0,2,0,3,10,0,13,0,0,0,13
02/21/2023,CYS,WY,ANM,WE,Federal Contract Tower,5,0,5,2,12,0,0,5,0,5,5,0,10,2,17,6,65,71,88
02/22/2023,CYS,WY,ANM,WE,Federal Contract Tower,2,0,0,0,2,0,0,0,0,0,2,0,0,0,2,0,0,0,2
02/23/2023,CYS,WY,ANM,WE,Federal Contract Tower,7,0,5,5,17,0,0,10,0,10,7,0,15,5,27,5,52,57,84
02/24/2023,CYS,WY,ANM,WE,Federal Contract Tower,0,10,16,0,26,0,0,36,0,36,0,10,52,0,62,9,2,11,73
02/25/2023,CYS,WY,ANM,WE,Federal Contract Tower,0,4,11,1,16,0,0,9,3,12,0,4,20,4,28,0,15,15,43
02/26/2023,CYS,WY,ANM,WE,Federal Contract Tower,0,0,22,1,23,0,2,11,0,13,0,2,33,1,36,9,1,10,46
02/27/2023,CYS,WY,ANM,WE,Federal Contract Tower,0,6,12,1,19,0,1,5,3,9,0,7,17,4,28,12,6,18,46
02/28/2023,CYS,WY,ANM,WE,Federal Contract Tower,0,4,6,9,19,0,0,3,0,3,0,4,9,9,22,1,70,71,93
03/01/2023,CYS,WY,ANM,WE,Federal Contract Tower,4,2,8,4,18,0,0,20,6,26,4,2,28,10,44,46,26,72,116
03/02/2023,CYS,WY,ANM,WE,Federal Contract Tower,7,1,16,5,29,0,0,52,15,67,7,1,68,20,96,36,87,123,219
03/03/2023,CYS,WY,ANM,WE,Federal Contract Tower,0,6,15,11,32,0,0,10,32,42,0,6,25,43,74,20,43,63,137
03/04/2023,CYS,WY,ANM,WE,Federal Contract Tower,0,9,8,0,17,0,0,17,2,19,0,9,25,2,36,38,79,117,153
03/05/2023,CYS,WY,ANM,WE,Federal Contract Tower,0,0,8,0,8,0,4,17,9,30,0,4,25,9,38,0,4,4,42
03/06/2023,CYS,WY,ANM,WE,Federal Contract Tower,4,3,11,5,23,0,0,8,5,13,4,3,19,10,36,16,108,124,160
03/07/2023,CYS,WY,ANM,WE,Federal Contract Tower,0,7,5,4,16,0,0,2,5,7,0,7,7,9,23,9,44,53,76
03/08/2023,CYS,WY,ANM,WE,Federal Contract Tower,0,7,9,8,24,0,0,0,0,0,0,7,9,8,24,0,38,38,62
03/09/2023,CYS,WY,ANM,WE,Federal Contract Tower,4,3,17,7,31,0,0,3,0,3,4,3,20,7,34,15,42,57,91
03/10/2023,CYS,WY,ANM,WE,Federal Contract Tower,0,12,15,5,32,0,0,13,1,14,0,12,28,6,46,73,28,101,147
03/11/2023,CYS,WY,ANM,WE,Federal Contract Tower,0,8,13,1,22,0,0,0,0,0,0,8,13,1,22,17,14,31,53
03/12/2023,CYS,WY,ANM,WE,Federal Contract Tower,0,6,7,3,16,0,0,24,0,24,0,6,31,3,40,47,15,62,102
03/13/2023,CYS,WY,ANM,WE,Federal Contract Tower,0,11,18,5,34,0,0,27,0,27,0,11,45,5,61,80,95,175,236
03/14/2023,CYS,WY,ANM,WE,Federal Contract Tower,0,7,21,1,29,0,0,10,3,13,0,7,31,4,42,35,40,75,117
03/15/2023,CYS,WY,ANM,WE,Federal Contract Tower,4,5,9,3,21,0,0,19,7,26,4,5,28,10,47,36,96,132,179
03/16/2023,CYS,WY,ANM,WE,Federal Contract Tower,0,6,7,3,16,0,0,5,8,13,0,6,12,11,29,4,4,8,37
03/17/2023,CYS,WY,ANM,WE,Federal Contract Tower,0,8,10,3,21,0,0,13,2,15,0,8,23,5,36,16,10,26,62
03/18/2023,CYS,WY,ANM,WE,Federal Contract Tower,0,6,2,0,8,0,0,20,0,20,0,6,22,0,28,33,5,38,66
03/19/2023,CYS,WY,ANM,WE,Federal Contract Tower,0,8,4,1,13,0,0,14,0,14,0,8,18,1,27,14,5,19,46
03/20/2023,CYS,WY,ANM,WE,Federal Contract Tower,0,13,9,5,27,0,0,20,7,27,0,13,29,12,54,25,12,37,91
03/21/2023,CYS,WY,ANM,WE,Federal Contract Tower,0,6,7,2,15,0,0,5,4,9,0,6,12,6,24,16,25,41,65
03/22/2023,CYS,WY,ANM,WE,Federal Contract Tower,0,8,1,10,19,0,0,1,0,1,0,8,2,10,20,0,0,0,20
03/23/2023,CYS,WY,ANM,WE,Federal Contract Tower,0,10,11,4,25,0,0,19,1,20,0,10,30,5,45,11,66,77,122
03/24/2023,CYS,WY,ANM,WE,Federal Contract Tower,0,11,7,2,20,0,0,31,0,31,0,11,38,2,51,90,5,95,146
03/25/2023,CYS,WY,ANM,WE,Federal Contract Tower,4,2,4,1,11,0,0,1,0,1,4,2,5,1,12,3,5,8,20
03/26/2023,CYS,WY,ANM,WE,Federal Contract Tower,4,0,7,1,12,0,0,34,0,34,4,0,41,1,46,12,1,13,59
03/27/2023,CYS,WY,ANM,WE,Federal Contract Tower,6,0,4,0,10,0,0,7,0,7,6,0,11,0,17,7,77,84,101
03/28/2023,CYS,WY,ANM,WE,Federal Contract Tower,8,0,32,9,49,0,1,22,4,27,8,1,54,13,76,19,87,106,182
03/29/2023,CYS,WY,ANM,WE,Federal Contract Tower,5,3,18,4,30,0,0,23,10,33,5,3,41,14,63,45,49,94,157
