01/01/2020,DAB,FL,ASO,ES,Combined TRACON& Tower with Radar,16,21,24,0,61,0,18,21,0,39,16,39,45,0,100,11,0,11,111
01/02/2020,DAB,FL,ASO,ES,Combined TRACON& Tower with Radar,20,47,66,0,133,0,196,72,0,268,20,243,138,0,401,352,0,352,753
01/03/2020,DAB,FL,ASO,ES,Combined TRACON& Tower with Radar,22,77,45,9,153,0,148,37,5,190,22,225,82,14,343,215,0,215,558
01/04/2020,DAB,FL,ASO,ES,Combined TRACON& Tower with Radar,21,40,23,0,84,0,23,4,4,31,21,63,27,4,115,89,0,89,204
01/05/2020,DAB,FL,ASO,ES,Combined TRACON& Tower with Radar,20,58,49,0,127,0,234,62,5,301,20,292,111,5,428,320,0,320,748
01/06/2020,DAB,FL,ASO,ES,Combined TRACON& Tower with Radar,20,111,47,3,181,0,401,72,1,474,20,512,119,4,655,543,0,543,1198
01/07/2020,DAB,FL,ASO,ES,Combined TRACON& Tower with Radar,18,90,50,2,160,0,448,90,0,538,18,538,140,2,698,497,0,497,1195
01/08/2020,DAB,FL,ASO,ES,Combined TRACON& Tower with Radar,20,94,54,0,168,0,453,83,0,536,20,547,137,0,704,411,0,411,1115
01/09/2020,DAB,FL,ASO,ES,Combined TRACON& Tower with Radar,20,100,57,6,183,0,456,71,6,533,20,556,128,12,716,456,0,456,1172
01/10/2020,DAB,FL,ASO,ES,Combined TRACON& Tower with Radar,20,91,49,11,171,0,341,69,7,417,20,432,118,18,588,153,0,153,741
01/11/2020,DAB,FL,ASO,ES,Combined TRACON& Tower with Radar,19,49,29,5,102,0,107,25,5,137,19,156,54,10,239,30,0,30,269
01/12/2020,DAB,FL,ASO,ES,Combined TRACON& Tower with Radar,21,92,41,0,154,0,69,45,4,118,21,161,86,4,272,4,0,4,276
01/13/2020,DAB,FL,ASO,ES,Combined TRACON& Tower with Radar,20,102,54,4,180,0,466,99,1,566,20,568,153,5,746,385,0,385,1131
01/14/2020,DAB,FL,ASO,ES,Combined TRACON& Tower with Radar,18,150,55,2,225,0,306,64,2,372,18,456,119,4,597,529,0,529,1126
01/15/2020,DAB,FL,ASO,ES,Combined TRACON& Tower with Radar,20,110,61,2,193,0,622,103,6,731,20,732,164,8,924,534,0,534,1458
01/16/2020,DAB,FL,ASO,ES,Combined TRACON& Tower with Radar,20,97,50,4,171,0,513,87,3,603,20,610,137,7,774,415,0,415,1189
01/17/2020,DAB,FL,ASO,ES,Combined TRACON& Tower with Radar,20,119,78,1,218,0,348,88,2,438,20,467,166,3,656,292,0,292,948
01/18/2020,DAB,FL,ASO,ES,Combined TRACON& Tower with Radar,18,79,50,4,151,0,318,109,0,427,18,397,159,4,578,204,0,204,782
01/19/2020,DAB,FL,ASO,ES,Combined TRACON& Tower with Radar,18,58,30,0,106,0,184,40,1,225,18,242,70,1,331,323,0,323,654
01/20/2020,DAB,FL,ASO,ES,Combined TRACON& Tower with Radar,20,80,49,0,149,0,406,97,0,503,20,486,146,0,652,109,0,109,761
01/21/2020,DAB,FL,ASO,ES,Combined TRACON& Tower with Radar,20,37,36,0,93,0,260,65,2,327,20,297,101,2,420,2,0,2,422
01/22/2020,DAB,FL,ASO,ES,Combined TRACON& Tower with Radar,20,43,68,0,131,0,15,7,0,22,20,58,75,0,153,0,0,0,153
01/23/2020,DAB,FL,ASO,ES,Combined TRACON& Tower with Radar,20,179,79,6,284,0,271,56,0,327,20,450,135,6,611,557,0,557,1168
01/24/2020,DAB,FL,ASO,ES,Combined TRACON& Tower with Radar,20,147,91,0,258,0,526,136,1,663,20,673,227,1,921,456,0,456,1377
01/25/2020,DAB,FL,ASO,ES,Combined TRACON& Tower with Radar,22,94,87,0,203,0,541,132,8,681,22,635,219,8,884,152,0,152,1036
01/26/2020,DAB,FL,ASO,ES,Combined TRACON& Tower with Radar,19,60,83,0,162,0,291,121,6,418,19,351,204,6,580,335,0,335,915
01/27/2020,DAB,FL,ASO,ES,Combined TRACON& Tower with Radar,21,124,74,2,221,0,589,116,2,707,21,713,190,4,928,477,0,477,1405
01/28/2020,DAB,FL,ASO,ES,Combined TRACON& Tower with Radar,20,131,41,0,192,0,636,126,3,765,20,767,167,3,957,340,0,340,1297
01/29/2020,DAB,FL,ASO,ES,Combined TRACON& Tower with Radar,20,143,54,4,221,0,593,119,2,714,20,736,173,6,935,478,0,478,1413
01/30/2020,DAB,FL,ASO,ES,Combined TRACON& Tower with Radar,22,104,71,9,206,0,25,14,0,39,22,129,85,9,245,10,0,10,255
01/31/2020,DAB,FL,ASO,ES,Combined TRACON& Tower with Radar,20,141,85,0,246,0,467,105,0,572,20,608,190,0,818,330,0,330,1148
02/01/2020,DAB,FL,ASO,ES,Combined TRACON& Tower with Radar,20,50,33,0,103,0,13,14,3,30,20,63,47,3,133,76,0,76,209
02/02/2020,DAB,FL,ASO,ES,Combined TRACON& Tower with Radar,17,51,39,1,108,0,336,126,4,466,17,387,165,5,574,414,0,414,988
02/03/2020,DAB,FL,ASO,ES,Combined TRACON& Tower with Radar,23,117,55,0,195,0,619,128,1,748,23,736,183,1,943,482,0,482,1425
02/04/2020,DAB,FL,ASO,ES,Combined TRACON& Tower with Radar,18,125,50,3,196,0,678,93,3,774,18,803,143,6,970,477,0,477,1447
02/05/2020,DAB,FL,ASO,ES,Combined TRACON& Tower with Radar,20,125,46,6,197,0,645,104,4,753,20,770,150,10,950,191,0,191,1141
02/06/2020,DAB,FL,ASO,ES,Combined TRACON& Tower with Radar,16,59,41,0,116,0,17,5,2,24,16,76,46,2,140,7,0,7,147
02/07/2020,DAB,FL,ASO,ES,Combined TRACON& Tower with Radar,17,89,65,1,172,0,250,53,2,305,17,339,118,3,477,370,2,372,849
02/08/2020,DAB,FL,ASO,ES,Combined TRACON& Tower with Radar,22,142,71,0,235,0,508,105,2,615,22,650,176,2,850,402,0,402,1252
02/09/2020,DAB,FL,ASO,ES,Combined TRACON& Tower with Radar,21,77,78,1,177,0,355,88,2,445,21,432,166,3,622,553,0,553,1175
02/10/2020,DAB,FL,ASO,ES,Combined TRACON& Tower with Radar,22,137,54,2,215,0,560,87,2,649,22,697,141,4,864,384,0,384,1248
02/11/2020,DAB,FL,ASO,ES,Combined TRACON& Tower with Radar,18,132,54,4,208,0,461,90,0,551,18,593,144,4,759,506,0,506,1265
02/12/2020,DAB,FL,ASO,ES,Combined TRACON& Tower with Radar,21,127,71,11,230,0,419,64,9,492,21,546,135,20,722,399,2,401,1123
02/13/2020,DAB,FL,ASO,ES,Combined TRACON& Tower with Radar,24,111,107,6,248,0,222,47,1,270,24,333,154,7,518,292,2,294,812
02/14/2020,DAB,FL,ASO,ES,Combined TRACON& Tower with Radar,25,155,105,6,291,0,4,8,1,13,25,159,113,7,304,93,0,93,397
02/15/2020,DAB,FL,ASO,ES,Combined TRACON& Tower with Radar,23,90,72,2,187,0,160,55,4,219,23,250,127,6,406,117,0,117,523
02/16/2020,DAB,FL,ASO,ES,Combined TRACON& Tower with Radar,19,49,184,7,259,0,9,45,5,59,19,58,229,12,318,6,0,6,324
02/17/2020,DAB,FL,ASO,ES,Combined TRACON& Tower with Radar,34,97,139,6,276,0,251,66,3,320,34,348,205,9,596,143,0,143,739
02/18/2020,DAB,FL,ASO,ES,Combined TRACON& Tower with Radar,21,133,66,4,224,0,640,107,5,752,21,773,173,9,976,273,0,273,1249
02/19/2020,DAB,FL,ASO,ES,Combined TRACON& Tower with Radar,21,158,54,9,242,0,638,137,1,776,21,796,191,10,1018,400,0,400,1418
02/20/2020,DAB,FL,ASO,ES,Combined TRACON& Tower with Radar,18,57,52,0,127,0,10,11,2,23,18,67,63,2,150,8,0,8,158
02/21/2020,DAB,FL,ASO,ES,Combined TRACON& Tower with Radar,20,4,27,1,52,0,0,6,0,6,20,4,33,1,58,0,0,0,58
02/22/2020,DAB,FL,ASO,ES,Combined TRACON& Tower with Radar,20,110,25,0,155,0,154,28,2,184,20,264,53,2,339,10,0,10,349
02/23/2020,DAB,FL,ASO,ES,Combined TRACON& Tower with Radar,20,92,44,0,156,0,438,115,6,559,20,530,159,6,715,552,0,552,1267
02/24/2020,DAB,FL,ASO,ES,Combined TRACON& Tower with Radar,24,121,68,2,215,0,640,122,6,768,24,761,190,8,983,263,0,263,1246
02/25/2020,DAB,FL,ASO,ES,Combined TRACON& Tower with Radar,20,104,55,0,179,0,558,69,0,627,20,662,124,0,806,435,0,435,1241
02/26/2020,DAB,FL,ASO,ES,Combined TRACON& Tower with Radar,24,52,38,0,114,0,285,46,0,331,24,337,84,0,445,180,0,180,625
02/27/2020,DAB,FL,ASO,ES,Combined TRACON& Tower with Radar,22,131,49,0,202,0,650,116,2,768,22,781,165,2,970,262,0,262,1232
02/28/2020,DAB,FL,ASO,ES,Combined TRACON& Tower with Radar,20,139,71,0,230,0,710,130,3,843,20,849,201,3,1073,533,0,533,1606
02/29/2020,DAB,FL,ASO,ES,Combined TRACON& Tower with Radar,22,74,39,0,135,0,270,81,5,356,22,344,120,5,491,193,0,193,684
03/01/2020,DAB,FL,ASO,ES,Combined TRACON& Tower with Radar,22,93,36,2,153,0,416,87,15,518,22,509,123,17,671,511,0,511,1182
03/02/2020,DAB,FL,ASO,ES,Combined TRACON& Tower with Radar,22,103,49,2,176,0,548,92,2,642,22,651,141,4,818,98,0,98,916
03/03/2020,DAB,FL,ASO,ES,Combined TRACON& Tower with Radar,20,134,47,3,204,0,511,93,1,605,20,645,140,4,809,517,0,517,1326
03/04/2020,DAB,FL,ASO,ES,Combined TRACON& Tower with Radar,22,135,68,0,225,0,556,89,0,645,22,691,157,0,870,480,0,480,1350
03/05/2020,DAB,FL,ASO,ES,Combined TRACON& Tower with Radar,22,62,41,0,125,0,143,49,2,194,22,205,90,2,319,158,0,158,477
03/06/2020,DAB,FL,ASO,ES,Combined TRACON& Tower with Radar,20,113,56,2,191,0,338,76,3,417,20,451,132,5,608,52,0,52,660
03/07/2020,DAB,FL,ASO,ES,Combined TRACON& Tower with Radar,20,39,31,2,92,0,127,79,2,208,20,166,110,4,300,10,0,10,310
03/08/2020,DAB,FL,ASO,ES,Combined TRACON& Tower with Radar,20,70,42,1,133,0,270,77,6,353,20,340,119,7,486,519,0,519,1005
03/09/2020,DAB,FL,ASO,ES,Combined TRACON& Tower with Radar,22,106,37,0,165,0,441,65,0,506,22,547,102,0,671,120,0,120,791
03/10/2020,DAB,FL,ASO,ES,Combined TRACON& Tower with Radar,20,106,44,2,172,0,572,110,7,689,20,678,154,9,861,125,0,125,986
03/11/2020,DAB,FL,ASO,ES,Combined TRACON& Tower with Radar,20,122,44,4,190,0,557,117,6,680,20,679,161,10,870,291,0,291,1161
03/12/2020,DAB,FL,ASO,ES,Combined TRACON& Tower with Radar,24,120,59,1,204,0,615,102,8,725,24,735,161,9,929,187,0,187,1116
03/13/2020,DAB,FL,ASO,ES,Combined TRACON& Tower with Radar,22,118,76,7,223,0,537,114,6,657,22,655,190,13,880,238,0,238,1118
03/14/2020,DAB,FL,ASO,ES,Combined TRACON& Tower with Radar,24,73,53,0,150,0,293,78,10,381,24,366,131,10,531,453,0,453,984
03/15/2020,DAB,FL,ASO,ES,Combined TRACON& Tower with Radar,22,37,31,17,107,0,179,62,10,251,22,216,93,27,358,181,0,181,539
03/16/2020,DAB,FL,ASO,ES,Combined TRACON& Tower with Radar,24,116,41,0,181,0,327,57,0,384,24,443,98,0,565,530,0,530,1095
03/17/2020,DAB,FL,ASO,ES,Combined TRACON& Tower with Radar,20,93,55,2,170,0,493,119,0,612,20,586,174,2,782,217,0,217,999
03/18/2020,DAB,FL,ASO,ES,Combined TRACON& Tower with Radar,21,120,40,0,181,0,570,102,0,672,21,690,142,0,853,54,0,54,907
03/19/2020,DAB,FL,ASO,ES,Combined TRACON& Tower with Radar,19,103,35,3,160,0,509,98,0,607,19,612,133,3,767,229,0,229,996
03/20/2020,DAB,FL,ASO,ES,Combined TRACON& Tower with Radar,15,106,30,0,151,0,534,95,0,629,15,640,125,0,780,78,0,78,858
03/21/2020,DAB,FL,ASO,ES,Combined TRACON& Tower with Radar,20,75,21,0,116,0,360,103,0,463,20,435,124,0,579,287,0,287,866
03/22/2020,DAB,FL,ASO,ES,Combined TRACON& Tower with Radar,14,62,32,0,108,0,222,60,2,284,14,284,92,2,392,414,0,414,806
03/23/2020,DAB,FL,ASO,ES,Combined TRACON& Tower with Radar,14,91,39,2,146,0,509,109,0,618,14,600,148,2,764,216,0,216,980
03/24/2020,DAB,FL,ASO,ES,Combined TRACON& Tower with Radar,10,81,40,0,131,0,510,118,2,630,10,591,158,2,761,487,0,487,1248
03/25/2020,DAB,FL,ASO,ES,Combined TRACON& Tower with Radar,15,90,50,0,155,0,246,50,0,296,15,336,100,0,451,343,0,343,794
03/26/2020,DAB,FL,ASO,ES,Combined TRACON& Tower with Radar,11,130,58,2,201,0,218,56,2,276,11,348,114,4,477,407,0,407,884
03/27/2020,DAB,FL,ASO,ES,Combined TRACON& Tower with Radar,8,112,43,0,163,0,411,125,0,536,8,523,168,0,699,354,0,354,1053
03/28/2020,DAB,FL,ASO,ES,Combined TRACON& Tower with Radar,8,56,30,0,94,0,382,81,1,464,8,438,111,1,558,111,0,111,669
03/29/2020,DAB,FL,ASO,ES,Combined TRACON& Tower with Radar,10,23,15,0,48,0,226,53,1,280,10,249,68,1,328,0,0,0,328
03/30/2020,DAB,FL,ASO,ES,Combined TRACON& Tower with Radar,10,47,11,0,68,0,350,77,1,428,10,397,88,1,496,18,0,18,514
03/31/2020,DAB,FL,ASO,ES,Combined TRACON& Tower with Radar,7,23,19,0,49,0,170,40,0,210,7,193,59,0,259,0,0,0,259
04/01/2020,DAB,FL,ASO,ES,Combined TRACON& Tower with Radar,8,53,16,0,77,0,343,88,0,431,8,396,104,0,508,4,0,4,512
04/02/2020,DAB,FL,ASO,ES,Combined TRACON& Tower with Radar,8,46,18,0,72,0,249,98,0,347,8,295,116,0,419,2,0,2,421
04/03/2020,DAB,FL,ASO,ES,Combined TRACON& Tower with Radar,5,7,19,0,31,0,131,85,0,216,5,138,104,0,247,6,0,6,253
04/04/2020,DAB,FL,ASO,ES,Combined TRACON& Tower with Radar,3,9,16,0,28,0,100,69,0,169,3,109,85,0,197,20,0,20,217
04/05/2020,DAB,FL,ASO,ES,Combined TRACON& Tower with Radar,7,7,8,0,22,0,3,5,0,8,7,10,13,0,30,33,0,33,63
04/06/2020,DAB,FL,ASO,ES,Combined TRACON& Tower with Radar,11,10,7,0,28,0,108,51,0,159,11,118,58,0,187,57,0,57,244
04/07/2020,DAB,FL,ASO,ES,Combined TRACON& Tower with Radar,10,15,25,1,51,0,139,83,0,222,10,154,108,1,273,22,0,22,295
04/08/2020,DAB,FL,ASO,ES,Combined TRACON& Tower with Radar,9,16,35,2,62,0,98,70,0,168,9,114,105,2,230,4,0,4,234
04/09/2020,DAB,FL,ASO,ES,Combined TRACON& Tower with Radar,10,22,20,2,54,0,42,27,0,69,10,64,47,2,123,0,0,0,123
04/10/2020,DAB,FL,ASO,ES,Combined TRACON& Tower with Radar,7,17,11,3,38,0,90,32,1,123,7,107,43,4,161,0,0,0,161
04/11/2020,DAB,FL,ASO,ES,Combined TRACON& Tower with Radar,7,17,24,0,48,0,138,84,1,223,7,155,108,1,271,71,0,71,342
04/12/2020,DAB,FL,ASO,ES,Combined TRACON& Tower with Radar,9,2,1,0,12,0,0,3,0,3,9,2,4,0,15,0,0,0,15
04/13/2020,DAB,FL,ASO,ES,Combined TRACON& Tower with Radar,13,5,6,4,28,0,45,19,0,64,13,50,25,4,92,33,0,33,125
04/14/2020,DAB,FL,ASO,ES,Combined TRACON& Tower with Radar,10,20,21,0,51,0,55,17,0,72,10,75,38,0,123,240,0,240,363
04/15/2020,DAB,FL,ASO,ES,Combined TRACON& Tower with Radar,7,17,14,4,42,0,16,10,2,28,7,33,24,6,70,56,0,56,126
04/16/2020,DAB,FL,ASO,ES,Combined TRACON& Tower with Radar,8,29,11,1,49,0,21,10,0,31,8,50,21,1,80,16,0,16,96
04/17/2020,DAB,FL,ASO,ES,Combined TRACON& Tower with Radar,8,21,40,0,69,0,11,50,0,61,8,32,90,0,130,88,0,88,218
04/18/2020,DAB,FL,ASO,ES,Combined TRACON& Tower with Radar,6,24,13,0,43,0,60,17,0,77,6,84,30,0,120,137,0,137,257
04/19/2020,DAB,FL,ASO,ES,Combined TRACON& Tower with Radar,6,18,23,0,47,0,143,57,0,200,6,161,80,0,247,43,0,43,290
04/20/2020,DAB,FL,ASO,ES,Combined TRACON& Tower with Radar,8,10,15,0,33,0,23,20,0,43,8,33,35,0,76,7,0,7,83
04/21/2020,DAB,FL,ASO,ES,Combined TRACON& Tower with Radar,8,24,27,0,59,0,219,98,0,317,8,243,125,0,376,0,0,0,376
04/22/2020,DAB,FL,ASO,ES,Combined TRACON& Tower with Radar,8,27,29,0,64,0,179,105,0,284,8,206,134,0,348,12,0,12,360
04/23/2020,DAB,FL,ASO,ES,Combined TRACON& Tower with Radar,8,14,20,3,45,0,65,47,0,112,8,79,67,3,157,12,0,12,169
04/24/2020,DAB,FL,ASO,ES,Combined TRACON& Tower with Radar,8,5,13,1,27,0,2,8,0,10,8,7,21,1,37,0,0,0,37
04/25/2020,DAB,FL,ASO,ES,Combined TRACON& Tower with Radar,6,22,24,0,52,0,110,41,0,151,6,132,65,0,203,54,0,54,257
04/26/2020,DAB,FL,ASO,ES,Combined TRACON& Tower with Radar,8,25,15,2,50,0,127,55,0,182,8,152,70,2,232,46,0,46,278
04/27/2020,DAB,FL,ASO,ES,Combined TRACON& Tower with Radar,8,23,33,2,66,0,123,95,0,218,8,146,128,2,284,30,0,30,314
04/28/2020,DAB,FL,ASO,ES,Combined TRACON& Tower with Radar,8,33,37,3,81,0,169,82,2,253,8,202,119,5,334,105,0,105,439
04/29/2020,DAB,FL,ASO,ES,Combined TRACON& Tower with Radar,8,26,27,2,63,0,112,76,1,189,8,138,103,3,252,56,0,56,308
04/30/2020,DAB,FL,ASO,ES,Combined TRACON& Tower with Radar,6,30,22,1,59,0,38,26,2,66,6,68,48,3,125,122,0,122,247
05/01/2020,DAB,FL,ASO,ES,Combined TRACON& Tower with Radar,7,36,28,0,71,0,195,98,0,293,7,231,126,0,364,95,0,95,459
05/02/2020,DAB,FL,ASO,ES,Combined TRACON& Tower with Radar,9,31,18,1,59,0,151,66,0,217,9,182,84,1,276,274,0,274,550
05/03/2020,DAB,FL,ASO,ES,Combined TRACON& Tower with Radar,7,27,19,2,55,0,108,69,0,177,7,135,88,2,232,82,0,82,314
05/04/2020,DAB,FL,ASO,ES,Combined TRACON& Tower with Radar,6,26,33,0,65,0,140,112,1,253,6,166,145,1,318,70,0,70,388
05/05/2020,DAB,FL,ASO,ES,Combined TRACON& Tower with Radar,9,35,70,3,117,0,168,89,1,258,9,203,159,4,375,118,0,118,493
05/06/2020,DAB,FL,ASO,ES,Combined TRACON& Tower with Radar,8,37,25,3,73,0,268,66,1,335,8,305,91,4,408,129,0,129,537
05/07/2020,DAB,FL,ASO,ES,Combined TRACON& Tower with Radar,6,57,29,2,94,0,311,65,5,381,6,368,94,7,475,51,0,51,526
05/08/2020,DAB,FL,ASO,ES,Combined TRACON& Tower with Radar,6,58,25,0,89,0,343,103,0,446,6,401,128,0,535,39,0,39,574
05/09/2020,DAB,FL,ASO,ES,Combined TRACON& Tower with Radar,6,42,30,0,78,0,107,54,0,161,6,149,84,0,239,38,0,38,277
05/10/2020,DAB,FL,ASO,ES,Combined TRACON& Tower with Radar,6,16,19,0,41,0,13,8,0,21,6,29,27,0,62,26,0,26,88
05/11/2020,DAB,FL,ASO,ES,Combined TRACON& Tower with Radar,6,107,46,0,159,0,337,74,0,411,6,444,120,0,570,88,0,88,658
05/12/2020,DAB,FL,ASO,ES,Combined TRACON& Tower with Radar,6,69,39,3,117,0,448,81,2,531,6,517,120,5,648,68,0,68,716
05/13/2020,DAB,FL,ASO,ES,Combined TRACON& Tower with Radar,6,88,50,0,144,0,330,102,0,432,6,418,152,0,576,107,0,107,683
05/14/2020,DAB,FL,ASO,ES,Combined TRACON& Tower with Radar,6,99,43,4,152,0,227,37,0,264,6,326,80,4,416,135,0,135,551
05/15/2020,DAB,FL,ASO,ES,Combined TRACON& Tower with Radar,6,93,45,1,145,0,261,60,1,322,6,354,105,2,467,221,0,221,688
05/16/2020,DAB,FL,ASO,ES,Combined TRACON& Tower with Radar,6,71,19,0,96,0,52,19,0,71,6,123,38,0,167,183,0,183,350
05/17/2020,DAB,FL,ASO,ES,Combined TRACON& Tower with Radar,6,77,59,0,142,0,91,46,0,137,6,168,105,0,279,169,0,169,448
05/18/2020,DAB,FL,ASO,ES,Combined TRACON& Tower with Radar,6,61,22,2,91,0,315,54,0,369,6,376,76,2,460,56,6,62,522
05/19/2020,DAB,FL,ASO,ES,Combined TRACON& Tower with Radar,6,123,39,2,170,0,376,80,1,457,6,499,119,3,627,164,0,164,791
05/20/2020,DAB,FL,ASO,ES,Combined TRACON& Tower with Radar,6,82,35,0,123,0,498,99,0,597,6,580,134,0,720,27,0,27,747
05/21/2020,DAB,FL,ASO,ES,Combined TRACON& Tower with Radar,6,62,36,0,104,0,395,83,1,479,6,457,119,1,583,94,0,94,677
05/22/2020,DAB,FL,ASO,ES,Combined TRACON& Tower with Radar,6,87,43,0,136,0,449,102,0,551,6,536,145,0,687,224,0,224,911
05/23/2020,DAB,FL,ASO,ES,Combined TRACON& Tower with Radar,6,97,35,1,139,0,224,61,6,291,6,321,96,7,430,290,0,290,720
05/24/2020,DAB,FL,ASO,ES,Combined TRACON& Tower with Radar,6,46,31,0,83,0,70,55,8,133,6,116,86,8,216,175,0,175,391
05/25/2020,DAB,FL,ASO,ES,Combined TRACON& Tower with Radar,6,48,16,0,70,0,63,11,0,74,6,111,27,0,144,150,0,150,294
05/26/2020,DAB,FL,ASO,ES,Combined TRACON& Tower with Radar,9,88,26,4,127,0,18,13,0,31,9,106,39,4,158,57,0,57,215
05/27/2020,DAB,FL,ASO,ES,Combined TRACON& Tower with Radar,7,67,37,0,111,0,139,37,0,176,7,206,74,0,287,237,0,237,524
05/28/2020,DAB,FL,ASO,ES,Combined TRACON& Tower with Radar,6,66,40,0,112,0,247,74,0,321,6,313,114,0,433,178,0,178,611
05/29/2020,DAB,FL,ASO,ES,Combined TRACON& Tower with Radar,5,92,28,0,125,0,271,66,4,341,5,363,94,4,466,286,0,286,752
05/30/2020,DAB,FL,ASO,ES,Combined TRACON& Tower with Radar,7,74,26,3,110,0,123,31,7,161,7,197,57,10,271,24,0,24,295
05/31/2020,DAB,FL,ASO,ES,Combined TRACON& Tower with Radar,6,53,46,0,105,0,174,77,0,251,6,227,123,0,356,204,0,204,560
06/01/2020,DAB,FL,ASO,ES,Combined TRACON& Tower with Radar,6,170,60,0,236,0,187,50,2,239,6,357,110,2,475,235,0,235,710
06/02/2020,DAB,FL,ASO,ES,Combined TRACON& Tower with Radar,6,190,50,3,249,0,264,77,1,342,6,454,127,4,591,425,0,425,1016
06/03/2020,DAB,FL,ASO,ES,Combined TRACON& Tower with Radar,6,182,49,0,237,0,324,63,0,387,6,506,112,0,624,281,0,281,905
06/04/2020,DAB,FL,ASO,ES,Combined TRACON& Tower with Radar,6,115,26,1,148,0,93,10,0,103,6,208,36,1,251,127,0,127,378
06/05/2020,DAB,FL,ASO,ES,Combined TRACON& Tower with Radar,6,99,38,0,143,0,372,76,2,450,6,471,114,2,593,345,0,345,938
06/06/2020,DAB,FL,ASO,ES,Combined TRACON& Tower with Radar,6,74,23,0,103,0,66,17,2,85,6,140,40,2,188,78,0,78,266
06/07/2020,DAB,FL,ASO,ES,Combined TRACON& Tower with Radar,6,45,28,0,79,0,17,13,0,30,6,62,41,0,109,204,0,204,313
06/08/2020,DAB,FL,ASO,ES,Combined TRACON& Tower with Radar,6,79,40,0,125,0,284,71,0,355,6,363,111,0,480,253,0,253,733
06/09/2020,DAB,FL,ASO,ES,Combined TRACON& Tower with Radar,8,106,41,0,155,0,373,80,0,453,8,479,121,0,608,216,0,216,824
06/10/2020,DAB,FL,ASO,ES,Combined TRACON& Tower with Radar,6,132,40,0,178,0,409,101,0,510,6,541,141,0,688,182,0,182,870
06/11/2020,DAB,FL,ASO,ES,Combined TRACON& Tower with Radar,8,102,47,0,157,0,354,79,0,433,8,456,126,0,590,67,0,67,657
06/12/2020,DAB,FL,ASO,ES,Combined TRACON& Tower with Radar,6,92,46,0,144,0,518,115,1,634,6,610,161,1,778,409,0,409,1187
06/13/2020,DAB,FL,ASO,ES,Combined TRACON& Tower with Radar,6,68,23,0,97,0,152,51,4,207,6,220,74,4,304,285,0,285,589
06/14/2020,DAB,FL,ASO,ES,Combined TRACON& Tower with Radar,6,37,16,0,59,0,60,24,2,86,6,97,40,2,145,87,0,87,232
06/15/2020,DAB,FL,ASO,ES,Combined TRACON& Tower with Radar,6,68,21,0,95,0,386,108,1,495,6,454,129,1,590,6,0,6,596
06/16/2020,DAB,FL,ASO,ES,Combined TRACON& Tower with Radar,6,84,31,0,121,0,449,114,2,565,6,533,145,2,686,4,0,4,690
06/17/2020,DAB,FL,ASO,ES,Combined TRACON& Tower with Radar,6,67,21,1,95,0,404,91,2,497,6,471,112,3,592,10,0,10,602
06/18/2020,DAB,FL,ASO,ES,Combined TRACON& Tower with Radar,8,81,24,2,115,0,375,85,2,462,8,456,109,4,577,18,0,18,595
06/19/2020,DAB,FL,ASO,ES,Combined TRACON& Tower with Radar,6,41,42,2,91,0,94,47,2,143,6,135,89,4,234,20,0,20,254
06/20/2020,DAB,FL,ASO,ES,Combined TRACON& Tower with Radar,6,102,37,0,145,0,193,73,2,268,6,295,110,2,413,4,0,4,417
06/21/2020,DAB,FL,ASO,ES,Combined TRACON& Tower with Radar,6,40,28,0,74,0,128,62,1,191,6,168,90,1,265,4,0,4,269
06/22/2020,DAB,FL,ASO,ES,Combined TRACON& Tower with Radar,5,57,22,0,84,0,381,99,0,480,5,438,121,0,564,14,0,14,578
06/23/2020,DAB,FL,ASO,ES,Combined TRACON& Tower with Radar,7,53,23,2,85,0,307,72,0,379,7,360,95,2,464,42,0,42,506
06/24/2020,DAB,FL,ASO,ES,Combined TRACON& Tower with Radar,8,59,28,0,95,0,373,83,0,456,8,432,111,0,551,0,0,0,551
06/25/2020,DAB,FL,ASO,ES,Combined TRACON& Tower with Radar,6,72,28,1,107,0,363,100,2,465,6,435,128,3,572,23,0,23,595
06/26/2020,DAB,FL,ASO,ES,Combined TRACON& Tower with Radar,6,94,36,0,136,0,412,117,0,529,6,506,153,0,665,12,0,12,677
06/27/2020,DAB,FL,ASO,ES,Combined TRACON& Tower with Radar,7,48,19,1,75,0,168,56,2,226,7,216,75,3,301,70,0,70,371
06/28/2020,DAB,FL,ASO,ES,Combined TRACON& Tower with Radar,8,6,26,0,40,0,46,85,1,132,8,52,111,1,172,33,0,33,205
06/29/2020,DAB,FL,ASO,ES,Combined TRACON& Tower with Radar,8,52,35,0,95,0,310,76,2,388,8,362,111,2,483,86,0,86,569
06/30/2020,DAB,FL,ASO,ES,Combined TRACON& Tower with Radar,8,45,35,0,88,0,238,80,3,321,8,283,115,3,409,222,8,230,639
07/01/2020,DAB,FL,ASO,ES,Combined TRACON& Tower with Radar,8,68,45,4,125,0,270,58,0,328,8,338,103,4,453,147,0,147,600
07/02/2020,DAB,FL,ASO,ES,Combined TRACON& Tower with Radar,10,75,41,1,127,0,242,80,1,323,10,317,121,2,450,399,0,399,849
07/03/2020,DAB,FL,ASO,ES,Combined TRACON& Tower with Radar,10,46,54,0,110,0,182,58,2,242,10,228,112,2,352,103,0,103,455
07/04/2020,DAB,FL,ASO,ES,Combined TRACON& Tower with Radar,10,28,28,0,66,0,60,39,9,108,10,88,67,9,174,161,0,161,335
07/05/2020,DAB,FL,ASO,ES,Combined TRACON& Tower with Radar,10,41,37,0,88,0,70,28,0,98,10,111,65,0,186,118,0,118,304
07/06/2020,DAB,FL,ASO,ES,Combined TRACON& Tower with Radar,10,52,37,0,99,0,226,53,0,279,10,278,90,0,378,161,0,161,539
07/07/2020,DAB,FL,ASO,ES,Combined TRACON& Tower with Radar,8,61,31,6,106,0,201,61,0,262,8,262,92,6,368,267,0,267,635
07/08/2020,DAB,FL,ASO,ES,Combined TRACON& Tower with Radar,10,67,56,2,135,0,113,39,1,153,10,180,95,3,288,186,0,186,474
07/09/2020,DAB,FL,ASO,ES,Combined TRACON& Tower with Radar,12,98,36,2,148,0,294,55,0,349,12,392,91,2,497,250,0,250,747
07/10/2020,DAB,FL,ASO,ES,Combined TRACON& Tower with Radar,12,103,42,0,157,0,126,38,2,166,12,229,80,2,323,26,0,26,349
07/11/2020,DAB,FL,ASO,ES,Combined TRACON& Tower with Radar,12,96,49,0,157,0,179,39,2,220,12,275,88,2,377,91,0,91,468
07/12/2020,DAB,FL,ASO,ES,Combined TRACON& Tower with Radar,12,28,27,0,67,0,129,63,10,202,12,157,90,10,269,0,0,0,269
07/13/2020,DAB,FL,ASO,ES,Combined TRACON& Tower with Radar,12,85,32,0,129,0,405,99,1,505,12,490,131,1,634,0,0,0,634
07/14/2020,DAB,FL,ASO,ES,Combined TRACON& Tower with Radar,8,50,28,0,86,0,243,82,0,325,8,293,110,0,411,10,0,10,421
07/15/2020,DAB,FL,ASO,ES,Combined TRACON& Tower with Radar,8,71,43,1,123,0,383,91,2,476,8,454,134,3,599,52,0,52,651
07/16/2020,DAB,FL,ASO,ES,Combined TRACON& Tower with Radar,12,90,29,2,133,0,380,110,1,491,12,470,139,3,624,28,0,28,652
07/17/2020,DAB,FL,ASO,ES,Combined TRACON& Tower with Radar,12,100,40,0,152,0,351,116,0,467,12,451,156,0,619,57,0,57,676
07/18/2020,DAB,FL,ASO,ES,Combined TRACON& Tower with Radar,12,70,56,1,139,0,213,67,10,290,12,283,123,11,429,161,0,161,590
07/19/2020,DAB,FL,ASO,ES,Combined TRACON& Tower with Radar,12,22,48,0,82,0,107,66,2,175,12,129,114,2,257,173,0,173,430
07/20/2020,DAB,FL,ASO,ES,Combined TRACON& Tower with Radar,13,81,52,0,146,0,345,78,1,424,13,426,130,1,570,107,0,107,677
07/21/2020,DAB,FL,ASO,ES,Combined TRACON& Tower with Radar,9,87,46,1,143,0,393,99,0,492,9,480,145,1,635,20,0,20,655
07/22/2020,DAB,FL,ASO,ES,Combined TRACON& Tower with Radar,10,84,24,5,123,0,171,34,1,206,10,255,58,6,329,248,0,248,577
07/23/2020,DAB,FL,ASO,ES,Combined TRACON& Tower with Radar,12,66,38,2,118,0,89,34,3,126,12,155,72,5,244,85,0,85,329
07/24/2020,DAB,FL,ASO,ES,Combined TRACON& Tower with Radar,12,118,63,0,193,0,371,108,0,479,12,489,171,0,672,189,0,189,861
07/25/2020,DAB,FL,ASO,ES,Combined TRACON& Tower with Radar,12,88,48,1,149,0,233,75,4,312,12,321,123,5,461,240,0,240,701
07/26/2020,DAB,FL,ASO,ES,Combined TRACON& Tower with Radar,12,32,25,2,71,0,69,44,7,120,12,101,69,9,191,196,0,196,387
07/27/2020,DAB,FL,ASO,ES,Combined TRACON& Tower with Radar,12,60,24,0,96,0,283,43,0,326,12,343,67,0,422,163,0,163,585
07/28/2020,DAB,FL,ASO,ES,Combined TRACON& Tower with Radar,8,70,31,0,109,0,262,56,0,318,8,332,87,0,427,114,0,114,541
07/29/2020,DAB,FL,ASO,ES,Combined TRACON& Tower with Radar,8,69,31,4,112,0,370,89,0,459,8,439,120,4,571,204,0,204,775
07/30/2020,DAB,FL,ASO,ES,Combined TRACON& Tower with Radar,12,75,34,0,121,0,338,79,0,417,12,413,113,0,538,168,0,168,706
07/31/2020,DAB,FL,ASO,ES,Combined TRACON& Tower with Radar,12,106,41,1,160,0,381,82,3,466,12,487,123,4,626,221,0,221,847
08/01/2020,DAB,FL,ASO,ES,Combined TRACON& Tower with Radar,14,56,28,0,98,0,212,51,6,269,14,268,79,6,367,69,0,69,436
08/02/2020,DAB,FL,ASO,ES,Combined TRACON& Tower with Radar,14,0,4,0,18,0,2,5,0,7,14,2,9,0,25,0,0,0,25
08/03/2020,DAB,FL,ASO,ES,Combined TRACON& Tower with Radar,14,60,16,0,90,0,124,33,2,159,14,184,49,2,249,169,0,169,418
08/04/2020,DAB,FL,ASO,ES,Combined TRACON& Tower with Radar,10,54,49,0,113,0,324,74,1,399,10,378,123,1,512,153,0,153,665
08/05/2020,DAB,FL,ASO,ES,Combined TRACON& Tower with Radar,10,72,30,4,116,0,352,77,0,429,10,424,107,4,545,179,0,179,724
08/06/2020,DAB,FL,ASO,ES,Combined TRACON& Tower with Radar,14,60,26,0,100,0,332,75,0,407,14,392,101,0,507,198,0,198,705
08/07/2020,DAB,FL,ASO,ES,Combined TRACON& Tower with Radar,14,77,37,0,128,0,346,76,1,423,14,423,113,1,551,157,0,157,708
08/08/2020,DAB,FL,ASO,ES,Combined TRACON& Tower with Radar,16,81,35,0,132,0,253,76,0,329,16,334,111,0,461,205,0,205,666
08/09/2020,DAB,FL,ASO,ES,Combined TRACON& Tower with Radar,14,38,26,0,78,0,99,65,10,174,14,137,91,10,252,103,0,103,355
08/10/2020,DAB,FL,ASO,ES,Combined TRACON& Tower with Radar,14,90,32,1,137,0,387,68,1,456,14,477,100,2,593,126,0,126,719
08/11/2020,DAB,FL,ASO,ES,Combined TRACON& Tower with Radar,11,67,35,1,114,0,255,52,0,307,11,322,87,1,421,278,0,278,699
08/12/2020,DAB,FL,ASO,ES,Combined TRACON& Tower with Radar,16,78,42,0,136,0,349,64,0,413,16,427,106,0,549,317,0,317,866
08/13/2020,DAB,FL,ASO,ES,Combined TRACON& Tower with Radar,15,103,42,0,160,0,247,52,1,300,15,350,94,1,460,338,0,338,798
08/14/2020,DAB,FL,ASO,ES,Combined TRACON& Tower with Radar,14,74,66,0,154,0,294,83,3,380,14,368,149,3,534,158,0,158,692
08/15/2020,DAB,FL,ASO,ES,Combined TRACON& Tower with Radar,14,43,59,0,116,0,152,72,0,224,14,195,131,0,340,190,0,190,530
08/16/2020,DAB,FL,ASO,ES,Combined TRACON& Tower with Radar,14,9,107,0,130,0,71,42,2,115,14,80,149,2,245,32,0,32,277
08/17/2020,DAB,FL,ASO,ES,Combined TRACON& Tower with Radar,14,71,41,0,126,0,238,55,0,293,14,309,96,0,419,130,0,130,549
08/18/2020,DAB,FL,ASO,ES,Combined TRACON& Tower with Radar,8,70,26,0,104,0,248,50,2,300,8,318,76,2,404,176,0,176,580
08/19/2020,DAB,FL,ASO,ES,Combined TRACON& Tower with Radar,13,67,42,0,122,0,282,63,0,345,13,349,105,0,467,163,0,163,630
08/20/2020,DAB,FL,ASO,ES,Combined TRACON& Tower with Radar,19,83,35,2,139,0,292,84,0,376,19,375,119,2,515,85,0,85,600
08/21/2020,DAB,FL,ASO,ES,Combined TRACON& Tower with Radar,16,94,46,0,156,0,265,66,1,332,16,359,112,1,488,226,0,226,714
08/22/2020,DAB,FL,ASO,ES,Combined TRACON& Tower with Radar,16,67,54,1,138,0,70,51,2,123,16,137,105,3,261,204,0,204,465
08/23/2020,DAB,FL,ASO,ES,Combined TRACON& Tower with Radar,18,58,39,0,115,0,99,52,2,153,18,157,91,2,268,78,0,78,346
08/24/2020,DAB,FL,ASO,ES,Combined TRACON& Tower with Radar,16,101,23,4,144,0,88,45,2,135,16,189,68,6,279,46,0,46,325
08/25/2020,DAB,FL,ASO,ES,Combined TRACON& Tower with Radar,12,159,28,2,201,0,167,51,0,218,12,326,79,2,419,82,0,82,501
08/26/2020,DAB,FL,ASO,ES,Combined TRACON& Tower with Radar,12,114,60,2,188,0,371,91,0,462,12,485,151,2,650,107,0,107,757
08/27/2020,DAB,FL,ASO,ES,Combined TRACON& Tower with Radar,16,85,65,1,167,0,362,90,2,454,16,447,155,3,621,57,0,57,678
08/28/2020,DAB,FL,ASO,ES,Combined TRACON& Tower with Radar,16,91,76,15,198,0,526,121,3,650,16,617,197,18,848,101,0,101,949
08/29/2020,DAB,FL,ASO,ES,Combined TRACON& Tower with Radar,16,38,71,0,125,0,133,62,11,206,16,171,133,11,331,282,0,282,613
08/30/2020,DAB,FL,ASO,ES,Combined TRACON& Tower with Radar,15,22,43,1,81,0,61,21,0,82,15,83,64,1,163,159,0,159,322
08/31/2020,DAB,FL,ASO,ES,Combined TRACON& Tower with Radar,17,79,34,1,131,0,172,39,1,212,17,251,73,2,343,122,0,122,465
09/01/2020,DAB,FL,ASO,ES,Combined TRACON& Tower with Radar,12,119,48,0,179,0,267,46,2,315,12,386,94,2,494,291,0,291,785
09/02/2020,DAB,FL,ASO,ES,Combined TRACON& Tower with Radar,12,85,60,2,159,0,489,106,0,595,12,574,166,2,754,404,0,404,1158
09/03/2020,DAB,FL,ASO,ES,Combined TRACON& Tower with Radar,16,98,40,0,154,0,569,128,0,697,16,667,168,0,851,205,0,205,1056
09/04/2020,DAB,FL,ASO,ES,Combined TRACON& Tower with Radar,18,85,37,0,140,0,404,83,4,491,18,489,120,4,631,364,0,364,995
09/05/2020,DAB,FL,ASO,ES,Combined TRACON& Tower with Radar,16,57,49,0,122,0,294,109,0,403,16,351,158,0,525,206,0,206,731
09/06/2020,DAB,FL,ASO,ES,Combined TRACON& Tower with Radar,14,63,33,0,110,0,206,58,0,264,14,269,91,0,374,322,0,322,696
09/07/2020,DAB,FL,ASO,ES,Combined TRACON& Tower with Radar,14,92,29,0,135,0,125,30,0,155,14,217,59,0,290,328,0,328,618
09/08/2020,DAB,FL,ASO,ES,Combined TRACON& Tower with Radar,11,158,39,0,208,0,234,53,0,287,11,392,92,0,495,400,0,400,895
09/09/2020,DAB,FL,ASO,ES,Combined TRACON& Tower with Radar,16,107,39,0,162,0,308,52,0,360,16,415,91,0,522,203,0,203,725
09/10/2020,DAB,FL,ASO,ES,Combined TRACON& Tower with Radar,14,188,66,4,272,0,324,69,0,393,14,512,135,4,665,405,0,405,1070
09/11/2020,DAB,FL,ASO,ES,Combined TRACON& Tower with Radar,14,118,32,0,164,0,104,19,0,123,14,222,51,0,287,252,0,252,539
09/12/2020,DAB,FL,ASO,ES,Combined TRACON& Tower with Radar,14,58,52,0,124,0,65,38,0,103,14,123,90,0,227,267,0,267,494
09/13/2020,DAB,FL,ASO,ES,Combined TRACON& Tower with Radar,14,40,29,0,83,0,43,17,1,61,14,83,46,1,144,95,0,95,239
09/14/2020,DAB,FL,ASO,ES,Combined TRACON& Tower with Radar,16,176,37,0,229,0,448,74,1,523,16,624,111,1,752,135,0,135,887
09/15/2020,DAB,FL,ASO,ES,Combined TRACON& Tower with Radar,14,174,61,3,252,0,460,106,6,572,14,634,167,9,824,98,0,98,922
09/16/2020,DAB,FL,ASO,ES,Combined TRACON& Tower with Radar,14,103,56,0,173,0,429,74,0,503,14,532,130,0,676,161,0,161,837
09/17/2020,DAB,FL,ASO,ES,Combined TRACON& Tower with Radar,14,153,37,2,206,0,248,54,0,302,14,401,91,2,508,48,0,48,556
09/18/2020,DAB,FL,ASO,ES,Combined TRACON& Tower with Radar,14,169,69,0,252,0,384,105,0,489,14,553,174,0,741,298,0,298,1039
09/19/2020,DAB,FL,ASO,ES,Combined TRACON& Tower with Radar,14,52,34,0,100,0,92,35,2,129,14,144,69,2,229,0,0,0,229
09/20/2020,DAB,FL,ASO,ES,Combined TRACON& Tower with Radar,16,9,23,0,48,0,0,6,0,6,16,9,29,0,54,16,0,16,70
09/21/2020,DAB,FL,ASO,ES,Combined TRACON& Tower with Radar,14,24,15,2,55,0,37,9,2,48,14,61,24,4,103,0,0,0,103
09/22/2020,DAB,FL,ASO,ES,Combined TRACON& Tower with Radar,14,104,38,1,157,0,341,79,1,421,14,445,117,2,578,8,0,8,586
09/23/2020,DAB,FL,ASO,ES,Combined TRACON& Tower with Radar,14,118,45,5,182,0,630,128,6,764,14,748,173,11,946,2,0,2,948
09/24/2020,DAB,FL,ASO,ES,Combined TRACON& Tower with Radar,16,104,48,1,169,0,513,99,3,615,16,617,147,4,784,8,0,8,792
09/25/2020,DAB,FL,ASO,ES,Combined TRACON& Tower with Radar,14,98,34,0,146,0,455,152,4,611,14,553,186,4,757,2,0,2,759
09/26/2020,DAB,FL,ASO,ES,Combined TRACON& Tower with Radar,14,58,35,0,107,0,308,155,3,466,14,366,190,3,573,8,0,8,581
09/27/2020,DAB,FL,ASO,ES,Combined TRACON& Tower with Radar,14,31,36,0,81,0,66,46,7,119,14,97,82,7,200,28,0,28,228
09/28/2020,DAB,FL,ASO,ES,Combined TRACON& Tower with Radar,14,70,28,2,114,0,225,33,1,259,14,295,61,3,373,29,0,29,402
09/29/2020,DAB,FL,ASO,ES,Combined TRACON& Tower with Radar,14,70,45,1,130,0,189,31,0,220,14,259,76,1,350,16,0,16,366
09/30/2020,DAB,FL,ASO,ES,Combined TRACON& Tower with Radar,14,89,50,0,153,0,598,127,3,728,14,687,177,3,881,0,0,0,881
10/01/2020,DAB,FL,ASO,ES,Combined TRACON& Tower with Radar,14,85,45,1,145,0,583,114,4,701,14,668,159,5,846,4,0,4,850
10/02/2020,DAB,FL,ASO,ES,Combined TRACON& Tower with Radar,14,86,55,0,155,0,558,112,3,673,14,644,167,3,828,8,0,8,836
10/03/2020,DAB,FL,ASO,ES,Combined TRACON& Tower with Radar,16,55,39,0,110,0,119,31,1,151,16,174,70,1,261,0,0,0,261
10/04/2020,DAB,FL,ASO,ES,Combined TRACON& Tower with Radar,14,20,28,0,62,0,4,11,0,15,14,24,39,0,77,14,0,14,91
10/05/2020,DAB,FL,ASO,ES,Combined TRACON& Tower with Radar,14,125,36,1,176,0,52,22,0,74,14,177,58,1,250,2,0,2,252
10/06/2020,DAB,FL,ASO,ES,Combined TRACON& Tower with Radar,14,178,58,2,252,0,358,96,0,454,14,536,154,2,706,10,0,10,716
10/07/2020,DAB,FL,ASO,ES,Combined TRACON& Tower with Radar,12,181,66,1,260,0,224,62,0,286,12,405,128,1,546,14,0,14,560
10/08/2020,DAB,FL,ASO,ES,Combined TRACON& Tower with Radar,14,136,52,4,206,0,368,82,0,450,14,504,134,4,656,0,0,0,656
10/09/2020,DAB,FL,ASO,ES,Combined TRACON& Tower with Radar,16,119,31,0,166,0,231,45,0,276,16,350,76,0,442,20,0,20,462
10/10/2020,DAB,FL,ASO,ES,Combined TRACON& Tower with Radar,16,66,36,0,118,0,141,57,0,198,16,207,93,0,316,80,0,80,396
10/11/2020,DAB,FL,ASO,ES,Combined TRACON& Tower with Radar,14,55,40,0,109,0,66,31,3,100,14,121,71,3,209,49,0,49,258
10/12/2020,DAB,FL,ASO,ES,Combined TRACON& Tower with Radar,16,110,44,0,170,0,501,97,0,598,16,611,141,0,768,221,0,221,989
10/13/2020,DAB,FL,ASO,ES,Combined TRACON& Tower with Radar,12,123,53,0,188,0,672,152,2,826,12,795,205,2,1014,461,0,461,1475
10/14/2020,DAB,FL,ASO,ES,Combined TRACON& Tower with Radar,12,102,46,0,160,0,652,102,0,754,12,754,148,0,914,493,0,493,1407
10/15/2020,DAB,FL,ASO,ES,Combined TRACON& Tower with Radar,14,124,65,2,205,0,599,96,1,696,14,723,161,3,901,503,0,503,1404
10/16/2020,DAB,FL,ASO,ES,Combined TRACON& Tower with Radar,14,94,45,0,153,0,509,96,0,605,14,603,141,0,758,554,59,613,1371
10/17/2020,DAB,FL,ASO,ES,Combined TRACON& Tower with Radar,16,92,37,2,147,0,177,62,6,245,16,269,99,8,392,140,0,140,532
10/18/2020,DAB,FL,ASO,ES,Combined TRACON& Tower with Radar,14,69,38,6,127,0,62,30,0,92,14,131,68,6,219,160,2,162,381
10/19/2020,DAB,FL,ASO,ES,Combined TRACON& Tower with Radar,13,93,31,1,138,1,196,27,0,224,14,289,58,1,362,245,0,245,607
10/20/2020,DAB,FL,ASO,ES,Combined TRACON& Tower with Radar,12,150,57,1,220,0,340,64,0,404,12,490,121,1,624,537,0,537,1161
10/21/2020,DAB,FL,ASO,ES,Combined TRACON& Tower with Radar,12,146,59,1,218,0,313,66,0,379,12,459,125,1,597,636,0,636,1233
10/22/2020,DAB,FL,ASO,ES,Combined TRACON& Tower with Radar,14,151,55,1,221,0,294,52,4,350,14,445,107,5,571,294,0,294,865
10/23/2020,DAB,FL,ASO,ES,Combined TRACON& Tower with Radar,14,170,75,0,259,0,432,91,0,523,14,602,166,0,782,553,0,553,1335
10/24/2020,DAB,FL,ASO,ES,Combined TRACON& Tower with Radar,15,86,46,3,150,0,300,68,2,370,15,386,114,5,520,444,0,444,964
10/25/2020,DAB,FL,ASO,ES,Combined TRACON& Tower with Radar,12,90,42,0,144,0,242,78,0,320,12,332,120,0,464,354,0,354,818
10/26/2020,DAB,FL,ASO,ES,Combined TRACON& Tower with Radar,12,170,56,0,238,0,414,73,0,487,12,584,129,0,725,515,0,515,1240
10/27/2020,DAB,FL,ASO,ES,Combined TRACON& Tower with Radar,10,154,53,1,218,0,422,75,5,502,10,576,128,6,720,573,6,579,1299
10/28/2020,DAB,FL,ASO,ES,Combined TRACON& Tower with Radar,12,169,65,0,246,0,397,101,4,502,12,566,166,4,748,339,0,339,1087
10/29/2020,DAB,FL,ASO,ES,Combined TRACON& Tower with Radar,12,137,62,6,217,0,289,61,0,350,12,426,123,6,567,249,0,249,816
10/30/2020,DAB,FL,ASO,ES,Combined TRACON& Tower with Radar,12,127,46,0,185,0,629,121,1,751,12,756,167,1,936,275,0,275,1211
10/31/2020,DAB,FL,ASO,ES,Combined TRACON& Tower with Radar,8,95,46,0,149,0,284,76,0,360,8,379,122,0,509,115,0,115,624
11/01/2020,DAB,FL,ASO,ES,Combined TRACON& Tower with Radar,11,43,43,0,97,0,150,30,1,181,11,193,73,1,278,224,0,224,502
11/02/2020,DAB,FL,ASO,ES,Combined TRACON& Tower with Radar,13,69,34,0,116,0,139,34,1,174,13,208,68,1,290,44,0,44,334
11/03/2020,DAB,FL,ASO,ES,Combined TRACON& Tower with Radar,8,156,42,0,206,0,650,109,0,759,8,806,151,0,965,280,0,280,1245
11/04/2020,DAB,FL,ASO,ES,Combined TRACON& Tower with Radar,12,156,63,2,233,0,552,89,3,644,12,708,152,5,877,249,0,249,1126
11/05/2020,DAB,FL,ASO,ES,Combined TRACON& Tower with Radar,16,161,59,2,238,0,392,71,0,463,16,553,130,2,701,274,0,274,975
11/06/2020,DAB,FL,ASO,ES,Combined TRACON& Tower with Radar,16,169,46,0,231,0,442,91,2,535,16,611,137,2,766,503,0,503,1269
11/07/2020,DAB,FL,ASO,ES,Combined TRACON& Tower with Radar,16,72,23,1,112,0,131,55,2,188,16,203,78,3,300,221,0,221,521
11/08/2020,DAB,FL,ASO,ES,Combined TRACON& Tower with Radar,16,32,68,0,116,0,40,11,1,52,16,72,79,1,168,121,0,121,289
11/09/2020,DAB,FL,ASO,ES,Combined TRACON& Tower with Radar,18,29,15,0,62,0,0,0,0,0,18,29,15,0,62,0,0,0,62
11/10/2020,DAB,FL,ASO,ES,Combined TRACON& Tower with Radar,14,163,29,3,209,0,48,15,2,65,14,211,44,5,274,206,0,206,480
11/11/2020,DAB,FL,ASO,ES,Combined TRACON& Tower with Radar,14,107,39,0,160,0,8,2,0,10,14,115,41,0,170,58,0,58,228
11/12/2020,DAB,FL,ASO,ES,Combined TRACON& Tower with Radar,16,92,20,0,128,0,78,18,0,96,16,170,38,0,224,222,0,222,446
11/13/2020,DAB,FL,ASO,ES,Combined TRACON& Tower with Radar,18,309,82,0,409,0,202,40,0,242,18,511,122,0,651,266,0,266,917
11/14/2020,DAB,FL,ASO,ES,Combined TRACON& Tower with Radar,16,115,55,0,186,0,330,59,3,392,16,445,114,3,578,614,0,614,1192
11/15/2020,DAB,FL,ASO,ES,Combined TRACON& Tower with Radar,16,59,28,0,103,0,345,92,6,443,16,404,120,6,546,3,0,3,549
11/16/2020,DAB,FL,ASO,ES,Combined TRACON& Tower with Radar,16,184,39,0,239,0,447,73,0,520,16,631,112,0,759,286,0,286,1045
11/17/2020,DAB,FL,ASO,ES,Combined TRACON& Tower with Radar,14,144,47,0,205,0,586,117,0,703,14,730,164,0,908,102,0,102,1010
11/18/2020,DAB,FL,ASO,ES,Combined TRACON& Tower with Radar,14,122,33,1,170,0,308,64,1,373,14,430,97,2,543,212,0,212,755
11/19/2020,DAB,FL,ASO,ES,Combined TRACON& Tower with Radar,16,177,51,2,246,0,300,57,2,359,16,477,108,4,605,490,0,490,1095
11/20/2020,DAB,FL,ASO,ES,Combined TRACON& Tower with Radar,18,209,57,2,286,0,264,43,7,314,18,473,100,9,600,345,0,345,945
11/21/2020,DAB,FL,ASO,ES,Combined TRACON& Tower with Radar,20,101,35,0,156,0,200,71,4,275,20,301,106,4,431,523,0,523,954
11/22/2020,DAB,FL,ASO,ES,Combined TRACON& Tower with Radar,18,43,19,0,80,0,3,2,0,5,18,46,21,0,85,8,0,8,93
11/23/2020,DAB,FL,ASO,ES,Combined TRACON& Tower with Radar,14,140,39,0,193,0,393,77,1,471,14,533,116,1,664,140,0,140,804
11/24/2020,DAB,FL,ASO,ES,Combined TRACON& Tower with Radar,18,110,32,0,160,0,525,85,1,611,18,635,117,1,771,478,0,478,1249
11/25/2020,DAB,FL,ASO,ES,Combined TRACON& Tower with Radar,16,78,25,2,121,0,437,70,0,507,16,515,95,2,628,126,0,126,754
11/26/2020,DAB,FL,ASO,ES,Combined TRACON& Tower with Radar,8,3,16,0,27,0,3,26,0,29,8,6,42,0,56,58,0,58,114
11/27/2020,DAB,FL,ASO,ES,Combined TRACON& Tower with Radar,16,36,27,2,81,0,350,73,4,427,16,386,100,6,508,116,0,116,624
11/28/2020,DAB,FL,ASO,ES,Combined TRACON& Tower with Radar,16,42,27,0,85,0,272,65,6,343,16,314,92,6,428,158,0,158,586
11/29/2020,DAB,FL,ASO,ES,Combined TRACON& Tower with Radar,18,51,51,0,120,0,129,36,6,171,18,180,87,6,291,110,0,110,401
11/30/2020,DAB,FL,ASO,ES,Combined TRACON& Tower with Radar,15,67,36,0,118,0,207,50,0,257,15,274,86,0,375,283,0,283,658
12/01/2020,DAB,FL,ASO,ES,Combined TRACON& Tower with Radar,18,71,35,2,126,0,480,78,3,561,18,551,113,5,687,43,0,43,730
12/02/2020,DAB,FL,ASO,ES,Combined TRACON& Tower with Radar,15,115,28,1,159,0,519,91,3,613,15,634,119,4,772,30,0,30,802
12/03/2020,DAB,FL,ASO,ES,Combined TRACON& Tower with Radar,16,110,50,1,177,0,522,72,1,595,16,632,122,2,772,58,0,58,830
12/04/2020,DAB,FL,ASO,ES,Combined TRACON& Tower with Radar,18,106,37,0,161,0,493,62,4,559,18,599,99,4,720,60,0,60,780
12/05/2020,DAB,FL,ASO,ES,Combined TRACON& Tower with Radar,14,81,40,0,135,0,305,56,2,363,14,386,96,2,498,95,0,95,593
12/06/2020,DAB,FL,ASO,ES,Combined TRACON& Tower with Radar,16,28,27,0,71,0,207,68,6,281,16,235,95,6,352,10,0,10,362
12/07/2020,DAB,FL,ASO,ES,Combined TRACON& Tower with Radar,18,111,37,2,168,0,138,30,0,168,18,249,67,2,336,90,0,90,426
12/08/2020,DAB,FL,ASO,ES,Combined TRACON& Tower with Radar,14,114,29,1,158,0,545,75,1,621,14,659,104,2,779,111,0,111,890
12/09/2020,DAB,FL,ASO,ES,Combined TRACON& Tower with Radar,16,104,34,4,158,0,516,76,0,592,16,620,110,4,750,12,0,12,762
12/10/2020,DAB,FL,ASO,ES,Combined TRACON& Tower with Radar,16,143,53,0,212,0,504,74,0,578,16,647,127,0,790,471,0,471,1261
12/11/2020,DAB,FL,ASO,ES,Combined TRACON& Tower with Radar,16,132,53,5,206,0,500,93,0,593,16,632,146,5,799,403,0,403,1202
12/12/2020,DAB,FL,ASO,ES,Combined TRACON& Tower with Radar,14,106,48,0,168,0,93,20,0,113,14,199,68,0,281,166,0,166,447
12/13/2020,DAB,FL,ASO,ES,Combined TRACON& Tower with Radar,13,45,53,1,112,0,76,27,6,109,13,121,80,7,221,241,0,241,462
12/14/2020,DAB,FL,ASO,ES,Combined TRACON& Tower with Radar,17,127,54,0,198,0,275,50,3,328,17,402,104,3,526,408,0,408,934
12/15/2020,DAB,FL,ASO,ES,Combined TRACON& Tower with Radar,14,150,71,1,236,0,374,77,0,451,14,524,148,1,687,426,0,426,1113
12/16/2020,DAB,FL,ASO,ES,Combined TRACON& Tower with Radar,14,79,38,10,141,0,85,17,1,103,14,164,55,11,244,210,0,210,454
12/17/2020,DAB,FL,ASO,ES,Combined TRACON& Tower with Radar,22,101,49,2,174,0,129,46,0,175,22,230,95,2,349,110,0,110,459
12/18/2020,DAB,FL,ASO,ES,Combined TRACON& Tower with Radar,22,126,42,0,190,0,387,82,12,481,22,513,124,12,671,156,0,156,827
12/19/2020,DAB,FL,ASO,ES,Combined TRACON& Tower with Radar,22,64,42,0,128,0,207,64,5,276,22,271,106,5,404,274,0,274,678
12/20/2020,DAB,FL,ASO,ES,Combined TRACON& Tower with Radar,22,23,31,0,76,0,77,37,0,114,22,100,68,0,190,337,0,337,527
12/21/2020,DAB,FL,ASO,ES,Combined TRACON& Tower with Radar,22,72,60,2,156,0,137,49,5,191,22,209,109,7,347,156,0,156,503
12/22/2020,DAB,FL,ASO,ES,Combined TRACON& Tower with Radar,22,27,35,0,84,0,91,74,2,167,22,118,109,2,251,20,0,20,271
12/23/2020,DAB,FL,ASO,ES,Combined TRACON& Tower with Radar,20,30,38,0,88,0,87,60,0,147,20,117,98,0,235,87,3,90,325
12/24/2020,DAB,FL,ASO,ES,Combined TRACON& Tower with Radar,17,16,25,0,58,0,16,11,0,27,17,32,36,0,85,0,14,14,99
12/25/2020,DAB,FL,ASO,ES,Combined TRACON& Tower with Radar,14,2,2,0,18,0,0,5,0,5,14,2,7,0,23,0,0,0,23
12/26/2020,DAB,FL,ASO,ES,Combined TRACON& Tower with Radar,20,30,33,1,84,0,48,42,5,95,20,78,75,6,179,36,0,36,215
12/27/2020,DAB,FL,ASO,ES,Combined TRACON& Tower with Radar,19,21,32,0,72,0,38,44,4,86,19,59,76,4,158,32,0,32,190
12/28/2020,DAB,FL,ASO,ES,Combined TRACON& Tower with Radar,22,29,31,0,82,0,75,53,0,128,22,104,84,0,210,52,0,52,262
12/29/2020,DAB,FL,ASO,ES,Combined TRACON& Tower with Radar,22,10,29,0,61,0,49,55,2,106,22,59,84,2,167,79,0,79,246
12/30/2020,DAB,FL,ASO,ES,Combined TRACON& Tower with Radar,24,21,55,0,100,0,45,41,2,88,24,66,96,2,188,112,0,112,300
12/31/2020,DAB,FL,ASO,ES,Combined TRACON& Tower with Radar,20,9,17,1,47,0,29,29,2,60,20,38,46,3,107,0,0,0,107
01/01/2021,DAB,FL,ASO,ES,Combined TRACON& Tower with Radar,20,7,17,0,44,0,5,12,4,21,20,12,29,4,65,0,0,0,65
01/02/2021,DAB,FL,ASO,ES,Combined TRACON& Tower with Radar,24,30,32,0,86,0,36,31,4,71,24,66,63,4,157,57,0,57,214
01/03/2021,DAB,FL,ASO,ES,Combined TRACON& Tower with Radar,24,13,39,8,84,0,24,29,7,60,24,37,68,15,144,32,0,32,176
01/04/2021,DAB,FL,ASO,ES,Combined TRACON& Tower with Radar,23,63,41,0,127,0,304,83,4,391,23,367,124,4,518,248,0,248,766
01/05/2021,DAB,FL,ASO,ES,Combined TRACON& Tower with Radar,19,58,45,2,124,0,343,85,4,432,19,401,130,6,556,405,0,405,961
01/06/2021,DAB,FL,ASO,ES,Combined TRACON& Tower with Radar,18,96,47,2,163,0,380,91,1,472,18,476,138,3,635,410,0,410,1045
01/07/2021,DAB,FL,ASO,ES,Combined TRACON& Tower with Radar,20,88,63,1,172,0,345,83,1,429,20,433,146,2,601,231,0,231,832
01/08/2021,DAB,FL,ASO,ES,Combined TRACON& Tower with Radar,19,83,43,4,149,0,209,38,4,251,19,292,81,8,400,248,0,248,648
01/09/2021,DAB,FL,ASO,ES,Combined TRACON& Tower with Radar,21,58,27,2,108,0,122,50,0,172,21,180,77,2,280,351,0,351,631
01/10/2021,DAB,FL,ASO,ES,Combined TRACON& Tower with Radar,20,53,30,2,105,0,152,72,6,230,20,205,102,8,335,111,3,114,449
01/11/2021,DAB,FL,ASO,ES,Combined TRACON& Tower with Radar,20,97,40,4,161,0,407,84,0,491,20,504,124,4,652,198,0,198,850
01/12/2021,DAB,FL,ASO,ES,Combined TRACON& Tower with Radar,18,212,52,2,284,0,67,18,0,85,18,279,70,2,369,10,0,10,379
01/13/2021,DAB,FL,ASO,ES,Combined TRACON& Tower with Radar,18,172,55,0,245,0,148,56,2,206,18,320,111,2,451,406,0,406,857
01/14/2021,DAB,FL,ASO,ES,Combined TRACON& Tower with Radar,20,111,57,2,190,0,476,98,2,576,20,587,155,4,766,315,0,315,1081
01/15/2021,DAB,FL,ASO,ES,Combined TRACON& Tower with Radar,20,78,48,0,146,0,384,83,0,467,20,462,131,0,613,280,0,280,893
01/16/2021,DAB,FL,ASO,ES,Combined TRACON& Tower with Radar,21,49,28,0,98,0,189,56,7,252,21,238,84,7,350,166,0,166,516
01/17/2021,DAB,FL,ASO,ES,Combined TRACON& Tower with Radar,21,36,39,2,98,0,197,64,2,263,21,233,103,4,361,268,0,268,629
01/18/2021,DAB,FL,ASO,ES,Combined TRACON& Tower with Radar,20,91,53,0,164,0,358,94,0,452,20,449,147,0,616,195,0,195,811
01/19/2021,DAB,FL,ASO,ES,Combined TRACON& Tower with Radar,18,118,39,2,177,0,477,115,2,594,18,595,154,4,771,333,0,333,1104
01/20/2021,DAB,FL,ASO,ES,Combined TRACON& Tower with Radar,18,70,49,0,137,0,387,93,2,482,18,457,142,2,619,401,0,401,1020
01/21/2021,DAB,FL,ASO,ES,Combined TRACON& Tower with Radar,20,84,92,2,198,0,376,108,0,484,20,460,200,2,682,311,0,311,993
01/22/2021,DAB,FL,ASO,ES,Combined TRACON& Tower with Radar,20,68,35,42,165,0,335,85,3,423,20,403,120,45,588,364,0,364,952
01/23/2021,DAB,FL,ASO,ES,Combined TRACON& Tower with Radar,20,52,44,1,117,0,10,3,0,13,20,62,47,1,130,36,0,36,166
01/24/2021,DAB,FL,ASO,ES,Combined TRACON& Tower with Radar,20,64,56,1,141,0,34,8,0,42,20,98,64,1,183,186,0,186,369
01/25/2021,DAB,FL,ASO,ES,Combined TRACON& Tower with Radar,22,103,25,3,153,0,293,76,5,374,22,396,101,8,527,10,0,10,537
01/26/2021,DAB,FL,ASO,ES,Combined TRACON& Tower with Radar,18,124,61,2,205,0,198,44,0,242,18,322,105,2,447,281,0,281,728
01/27/2021,DAB,FL,ASO,ES,Combined TRACON& Tower with Radar,18,32,44,3,97,0,120,45,3,168,18,152,89,6,265,168,0,168,433
01/28/2021,DAB,FL,ASO,ES,Combined TRACON& Tower with Radar,19,80,69,1,169,0,370,90,5,465,19,450,159,6,634,4,0,4,638
01/29/2021,DAB,FL,ASO,ES,Combined TRACON& Tower with Radar,25,126,58,2,211,0,559,101,5,665,25,685,159,7,876,323,0,323,1199
01/30/2021,DAB,FL,ASO,ES,Combined TRACON& Tower with Radar,20,89,50,0,159,0,345,97,9,451,20,434,147,9,610,479,0,479,1089
01/31/2021,DAB,FL,ASO,ES,Combined TRACON& Tower with Radar,20,54,66,1,141,0,122,73,6,201,20,176,139,7,342,86,0,86,428
02/01/2021,DAB,FL,ASO,ES,Combined TRACON& Tower with Radar,20,55,43,0,118,0,34,11,0,45,20,89,54,0,163,111,0,111,274
02/02/2021,DAB,FL,ASO,ES,Combined TRACON& Tower with Radar,18,68,33,0,119,0,169,50,4,223,18,237,83,4,342,174,0,174,516
02/03/2021,DAB,FL,ASO,ES,Combined TRACON& Tower with Radar,17,127,40,1,185,0,633,93,5,731,17,760,133,6,916,465,4,469,1385
02/04/2021,DAB,FL,ASO,ES,Combined TRACON& Tower with Radar,21,107,53,0,181,0,495,103,4,602,21,602,156,4,783,476,0,476,1259
02/05/2021,DAB,FL,ASO,ES,Combined TRACON& Tower with Radar,20,99,48,0,167,0,398,105,2,505,20,497,153,2,672,366,0,366,1038
02/06/2021,DAB,FL,ASO,ES,Combined TRACON& Tower with Radar,20,68,30,0,118,0,11,9,4,24,20,79,39,4,142,145,0,145,287
02/07/2021,DAB,FL,ASO,ES,Combined TRACON& Tower with Radar,20,46,46,1,113,0,59,23,2,84,20,105,69,3,197,257,0,257,454
02/08/2021,DAB,FL,ASO,ES,Combined TRACON& Tower with Radar,20,173,31,1,225,0,114,16,1,131,20,287,47,2,356,543,0,543,899
02/09/2021,DAB,FL,ASO,ES,Combined TRACON& Tower with Radar,18,90,106,0,214,0,131,32,1,164,18,221,138,1,378,212,0,212,590
02/10/2021,DAB,FL,ASO,ES,Combined TRACON& Tower with Radar,18,161,61,3,243,0,178,36,0,214,18,339,97,3,457,95,0,95,552
02/11/2021,DAB,FL,ASO,ES,Combined TRACON& Tower with Radar,20,87,96,19,222,0,332,62,2,396,20,419,158,21,618,126,0,126,744
02/12/2021,DAB,FL,ASO,ES,Combined TRACON& Tower with Radar,20,123,83,13,239,0,422,82,6,510,20,545,165,19,749,540,0,540,1289
02/13/2021,DAB,FL,ASO,ES,Combined TRACON& Tower with Radar,20,46,53,0,119,0,83,25,2,110,20,129,78,2,229,212,0,212,441
02/14/2021,DAB,FL,ASO,ES,Combined TRACON& Tower with Radar,20,24,69,0,113,0,22,14,3,39,20,46,83,3,152,88,0,88,240
02/15/2021,DAB,FL,ASO,ES,Combined TRACON& Tower with Radar,21,84,83,1,189,0,160,32,0,192,21,244,115,1,381,150,0,150,531
02/16/2021,DAB,FL,ASO,ES,Combined TRACON& Tower with Radar,17,175,67,3,262,0,403,79,1,483,17,578,146,4,745,470,0,470,1215
02/17/2021,DAB,FL,ASO,ES,Combined TRACON& Tower with Radar,16,149,63,2,230,0,192,32,0,224,16,341,95,2,454,144,0,144,598
02/18/2021,DAB,FL,ASO,ES,Combined TRACON& Tower with Radar,17,161,41,0,219,0,465,95,0,560,17,626,136,0,779,309,0,309,1088
02/19/2021,DAB,FL,ASO,ES,Combined TRACON& Tower with Radar,23,76,58,2,159,0,12,6,0,18,23,88,64,2,177,12,0,12,189
02/20/2021,DAB,FL,ASO,ES,Combined TRACON& Tower with Radar,20,79,82,0,181,0,324,114,2,440,20,403,196,2,621,50,0,50,671
02/21/2021,DAB,FL,ASO,ES,Combined TRACON& Tower with Radar,20,58,82,0,160,0,228,66,6,300,20,286,148,6,460,98,0,98,558
02/22/2021,DAB,FL,ASO,ES,Combined TRACON& Tower with Radar,22,151,42,2,217,0,508,81,2,591,22,659,123,4,808,391,0,391,1199
02/23/2021,DAB,FL,ASO,ES,Combined TRACON& Tower with Radar,18,155,47,2,222,0,482,103,0,585,18,637,150,2,807,484,0,484,1291
02/24/2021,DAB,FL,ASO,ES,Combined TRACON& Tower with Radar,18,138,42,0,198,0,617,130,0,747,18,755,172,0,945,635,0,635,1580
02/25/2021,DAB,FL,ASO,ES,Combined TRACON& Tower with Radar,20,127,28,0,175,0,608,99,0,707,20,735,127,0,882,477,0,477,1359
02/26/2021,DAB,FL,ASO,ES,Combined TRACON& Tower with Radar,20,113,43,2,178,0,541,126,4,671,20,654,169,6,849,613,0,613,1462
02/27/2021,DAB,FL,ASO,ES,Combined TRACON& Tower with Radar,20,81,42,0,143,0,315,99,7,421,20,396,141,7,564,101,0,101,665
02/28/2021,DAB,FL,ASO,ES,Combined TRACON& Tower with Radar,20,62,38,0,120,0,218,71,7,296,20,280,109,7,416,16,0,16,432
03/01/2021,DAB,FL,ASO,ES,Combined TRACON& Tower with Radar,19,137,46,0,202,0,330,62,0,392,19,467,108,0,594,752,0,752,1346
03/02/2021,DAB,FL,ASO,ES,Combined TRACON& Tower with Radar,16,142,52,0,210,0,72,8,0,80,16,214,60,0,290,60,0,60,350
03/03/2021,DAB,FL,ASO,ES,Combined TRACON& Tower with Radar,16,138,48,1,203,0,122,31,2,155,16,260,79,3,358,77,0,77,435
03/04/2021,DAB,FL,ASO,ES,Combined TRACON& Tower with Radar,22,138,63,0,223,0,589,137,2,728,22,727,200,2,951,526,0,526,1477
03/05/2021,DAB,FL,ASO,ES,Combined TRACON& Tower with Radar,22,143,50,2,217,0,563,128,5,696,22,706,178,7,913,533,0,533,1446
03/06/2021,DAB,FL,ASO,ES,Combined TRACON& Tower with Radar,20,41,26,0,87,0,41,11,2,54,20,82,37,2,141,250,0,250,391
03/07/2021,DAB,FL,ASO,ES,Combined TRACON& Tower with Radar,24,38,48,1,111,0,99,45,2,146,24,137,93,3,257,44,0,44,301
03/08/2021,DAB,FL,ASO,ES,Combined TRACON& Tower with Radar,22,120,37,2,181,0,384,91,2,477,22,504,128,4,658,302,0,302,960
03/09/2021,DAB,FL,ASO,ES,Combined TRACON& Tower with Radar,16,135,46,2,199,0,581,113,4,698,16,716,159,6,897,535,0,535,1432
03/10/2021,DAB,FL,ASO,ES,Combined TRACON& Tower with Radar,16,144,53,0,213,0,588,114,9,711,16,732,167,9,924,498,0,498,1422
03/11/2021,DAB,FL,ASO,ES,Combined TRACON& Tower with Radar,22,131,53,3,209,0,560,118,8,686,22,691,171,11,895,514,0,514,1409
03/12/2021,DAB,FL,ASO,ES,Combined TRACON& Tower with Radar,22,125,71,12,230,0,543,120,11,674,22,668,191,23,904,515,0,515,1419
03/13/2021,DAB,FL,ASO,ES,Combined TRACON& Tower with Radar,20,83,47,2,152,0,303,112,12,427,20,386,159,14,579,382,0,382,961
03/14/2021,DAB,FL,ASO,ES,Combined TRACON& Tower with Radar,20,72,43,1,136,0,228,69,10,307,20,300,112,11,443,400,0,400,843
03/15/2021,DAB,FL,ASO,ES,Combined TRACON& Tower with Radar,22,105,47,0,174,0,464,90,0,554,22,569,137,0,728,662,0,662,1390
03/16/2021,DAB,FL,ASO,ES,Combined TRACON& Tower with Radar,16,112,45,14,187,0,459,86,0,545,16,571,131,14,732,463,0,463,1195
03/17/2021,DAB,FL,ASO,ES,Combined TRACON& Tower with Radar,14,129,41,4,188,0,490,88,6,584,14,619,129,10,772,432,0,432,1204
03/18/2021,DAB,FL,ASO,ES,Combined TRACON& Tower with Radar,22,80,44,2,148,0,81,24,0,105,22,161,68,2,253,51,0,51,304
03/19/2021,DAB,FL,ASO,ES,Combined TRACON& Tower with Radar,24,137,63,1,225,0,420,93,2,515,24,557,156,3,740,397,2,399,1139
03/20/2021,DAB,FL,ASO,ES,Combined TRACON& Tower with Radar,20,39,18,0,77,0,0,2,0,2,20,39,20,0,79,0,0,0,79
03/21/2021,DAB,FL,ASO,ES,Combined TRACON& Tower with Radar,20,5,44,0,69,0,0,0,0,0,20,5,44,0,69,0,0,0,69
03/22/2021,DAB,FL,ASO,ES,Combined TRACON& Tower with Radar,36,91,59,0,186,0,0,1,0,1,36,91,60,0,187,0,0,0,187
03/23/2021,DAB,FL,ASO,ES,Combined TRACON& Tower with Radar,16,183,56,0,255,0,431,118,1,550,16,614,174,1,805,452,0,452,1257
03/24/2021,DAB,FL,ASO,ES,Combined TRACON& Tower with Radar,16,123,46,1,186,0,543,133,3,679,16,666,179,4,865,575,0,575,1440
03/25/2021,DAB,FL,ASO,ES,Combined TRACON& Tower with Radar,22,128,47,4,201,0,331,82,6,419,22,459,129,10,620,8,0,8,628
03/26/2021,DAB,FL,ASO,ES,Combined TRACON& Tower with Radar,24,157,40,6,227,0,373,81,3,457,24,530,121,9,684,609,0,609,1293
03/27/2021,DAB,FL,ASO,ES,Combined TRACON& Tower with Radar,20,80,59,0,159,0,326,101,8,435,20,406,160,8,594,463,0,463,1057
03/28/2021,DAB,FL,ASO,ES,Combined TRACON& Tower with Radar,19,90,48,1,158,0,119,51,4,174,19,209,99,5,332,411,0,411,743
03/29/2021,DAB,FL,ASO,ES,Combined TRACON& Tower with Radar,23,120,65,0,208,0,347,73,1,421,23,467,138,1,629,405,0,405,1034
03/30/2021,DAB,FL,ASO,ES,Combined TRACON& Tower with Radar,16,130,55,14,215,0,376,48,1,425,16,506,103,15,640,658,4,662,1302
03/31/2021,DAB,FL,ASO,ES,Combined TRACON& Tower with Radar,16,163,57,2,238,0,237,46,0,283,16,400,103,2,521,296,0,296,817
04/01/2021,DAB,FL,ASO,ES,Combined TRACON& Tower with Radar,24,140,43,0,207,0,255,42,0,297,24,395,85,0,504,58,0,58,562
04/02/2021,DAB,FL,ASO,ES,Combined TRACON& Tower with Radar,22,33,23,0,78,0,138,34,2,174,22,171,57,2,252,44,0,44,296
04/03/2021,DAB,FL,ASO,ES,Combined TRACON& Tower with Radar,22,46,28,0,96,0,196,76,12,284,22,242,104,12,380,191,0,191,571
04/04/2021,DAB,FL,ASO,ES,Combined TRACON& Tower with Radar,20,74,34,0,128,0,310,57,8,375,20,384,91,8,503,431,0,431,934
04/05/2021,DAB,FL,ASO,ES,Combined TRACON& Tower with Radar,22,124,44,3,193,0,516,73,0,589,22,640,117,3,782,661,0,661,1443
04/06/2021,DAB,FL,ASO,ES,Combined TRACON& Tower with Radar,18,117,41,0,176,0,556,95,4,655,18,673,136,4,831,608,0,608,1439
04/07/2021,DAB,FL,ASO,ES,Combined TRACON& Tower with Radar,20,111,41,6,178,0,538,86,6,630,20,649,127,12,808,399,0,399,1207
04/08/2021,DAB,FL,ASO,ES,Combined TRACON& Tower with Radar,22,115,56,0,193,0,546,122,0,668,22,661,178,0,861,432,0,432,1293
04/09/2021,DAB,FL,ASO,ES,Combined TRACON& Tower with Radar,22,110,59,3,194,0,435,124,7,566,22,545,183,10,760,343,0,343,1103
04/10/2021,DAB,FL,ASO,ES,Combined TRACON& Tower with Radar,22,47,40,0,109,0,164,72,8,244,22,211,112,8,353,93,0,93,446
04/11/2021,DAB,FL,ASO,ES,Combined TRACON& Tower with Radar,17,23,23,0,63,0,12,6,1,19,17,35,29,1,82,18,0,18,100
04/12/2021,DAB,FL,ASO,ES,Combined TRACON& Tower with Radar,23,133,36,4,196,0,410,100,6,516,23,543,136,10,712,340,0,340,1052
04/13/2021,DAB,FL,ASO,ES,Combined TRACON& Tower with Radar,20,119,47,0,186,0,528,115,0,643,20,647,162,0,829,427,0,427,1256
04/14/2021,DAB,FL,ASO,ES,Combined TRACON& Tower with Radar,20,128,33,3,184,0,479,102,1,582,20,607,135,4,766,371,0,371,1137
04/15/2021,DAB,FL,ASO,ES,Combined TRACON& Tower with Radar,22,101,40,0,163,0,391,92,0,483,22,492,132,0,646,457,0,457,1103
04/16/2021,DAB,FL,ASO,ES,Combined TRACON& Tower with Radar,25,57,34,1,117,0,236,67,2,305,25,293,101,3,422,399,0,399,821
04/17/2021,DAB,FL,ASO,ES,Combined TRACON& Tower with Radar,22,43,26,4,95,0,11,12,2,25,22,54,38,6,120,96,0,96,216
04/18/2021,DAB,FL,ASO,ES,Combined TRACON& Tower with Radar,20,11,37,8,76,0,40,28,6,74,20,51,65,14,150,336,0,336,486
04/19/2021,DAB,FL,ASO,ES,Combined TRACON& Tower with Radar,22,87,35,1,145,0,159,42,1,202,22,246,77,2,347,326,0,326,673
04/20/2021,DAB,FL,ASO,ES,Combined TRACON& Tower with Radar,18,118,20,0,156,0,51,11,2,64,18,169,31,2,220,56,0,56,276
04/21/2021,DAB,FL,ASO,ES,Combined TRACON& Tower with Radar,20,136,51,6,213,0,478,126,2,606,20,614,177,8,819,363,0,363,1182
04/22/2021,DAB,FL,ASO,ES,Combined TRACON& Tower with Radar,22,120,34,0,176,0,482,123,3,608,22,602,157,3,784,300,0,300,1084
04/23/2021,DAB,FL,ASO,ES,Combined TRACON& Tower with Radar,22,112,61,0,195,0,490,100,5,595,22,602,161,5,790,359,0,359,1149
04/24/2021,DAB,FL,ASO,ES,Combined TRACON& Tower with Radar,20,78,36,2,136,0,169,62,14,245,20,247,98,16,381,46,0,46,427
04/25/2021,DAB,FL,ASO,ES,Combined TRACON& Tower with Radar,26,44,46,0,116,0,104,48,10,162,26,148,94,10,278,251,0,251,529
04/26/2021,DAB,FL,ASO,ES,Combined TRACON& Tower with Radar,22,107,36,1,166,0,476,93,2,571,22,583,129,3,737,651,0,651,1388
04/27/2021,DAB,FL,ASO,ES,Combined TRACON& Tower with Radar,18,116,49,3,186,0,500,104,1,605,18,616,153,4,791,628,0,628,1419
04/28/2021,DAB,FL,ASO,ES,Combined TRACON& Tower with Radar,20,90,37,2,149,0,435,125,0,560,20,525,162,2,709,389,0,389,1098
04/29/2021,DAB,FL,ASO,ES,Combined TRACON& Tower with Radar,22,115,36,2,175,0,384,80,2,466,22,499,116,4,641,310,0,310,951
04/30/2021,DAB,FL,ASO,ES,Combined TRACON& Tower with Radar,22,108,38,0,168,0,413,73,6,492,22,521,111,6,660,542,0,542,1202
05/01/2021,DAB,FL,ASO,ES,Combined TRACON& Tower with Radar,22,82,35,0,139,0,268,74,15,357,22,350,109,15,496,466,0,466,962
05/02/2021,DAB,FL,ASO,ES,Combined TRACON& Tower with Radar,19,55,32,3,109,0,116,42,5,163,19,171,74,8,272,187,0,187,459
05/03/2021,DAB,FL,ASO,ES,Combined TRACON& Tower with Radar,25,88,31,0,144,0,379,69,0,448,25,467,100,0,592,362,0,362,954
05/04/2021,DAB,FL,ASO,ES,Combined TRACON& Tower with Radar,17,90,29,0,136,0,424,85,3,512,17,514,114,3,648,206,0,206,854
05/05/2021,DAB,FL,ASO,ES,Combined TRACON& Tower with Radar,20,103,40,4,167,0,370,54,0,424,20,473,94,4,591,478,0,478,1069
05/06/2021,DAB,FL,ASO,ES,Combined TRACON& Tower with Radar,22,86,45,0,153,0,125,38,1,164,22,211,83,1,317,384,0,384,701
05/07/2021,DAB,FL,ASO,ES,Combined TRACON& Tower with Radar,25,78,43,7,153,0,415,101,6,522,25,493,144,13,675,5,0,5,680
05/08/2021,DAB,FL,ASO,ES,Combined TRACON& Tower with Radar,21,54,48,0,123,0,253,85,2,340,21,307,133,2,463,496,0,496,959
05/09/2021,DAB,FL,ASO,ES,Combined TRACON& Tower with Radar,22,46,44,0,112,0,140,62,17,219,22,186,106,17,331,51,0,51,382
05/10/2021,DAB,FL,ASO,ES,Combined TRACON& Tower with Radar,24,86,31,0,141,0,283,78,0,361,24,369,109,0,502,521,0,521,1023
05/11/2021,DAB,FL,ASO,ES,Combined TRACON& Tower with Radar,20,66,36,0,122,0,290,64,0,354,20,356,100,0,476,454,0,454,930
05/12/2021,DAB,FL,ASO,ES,Combined TRACON& Tower with Radar,20,82,42,4,148,0,199,59,0,258,20,281,101,4,406,308,0,308,714
05/13/2021,DAB,FL,ASO,ES,Combined TRACON& Tower with Radar,22,134,77,2,235,0,6,3,0,9,22,140,80,2,244,0,0,0,244
05/14/2021,DAB,FL,ASO,ES,Combined TRACON& Tower with Radar,22,53,45,0,120,0,135,45,2,182,22,188,90,2,302,8,0,8,310
05/15/2021,DAB,FL,ASO,ES,Combined TRACON& Tower with Radar,22,51,46,1,120,0,129,70,2,201,22,180,116,3,321,80,0,80,401
05/16/2021,DAB,FL,ASO,ES,Combined TRACON& Tower with Radar,22,73,43,0,138,0,195,83,0,278,22,268,126,0,416,173,0,173,589
05/17/2021,DAB,FL,ASO,ES,Combined TRACON& Tower with Radar,23,96,66,2,187,0,359,105,0,464,23,455,171,2,651,575,0,575,1226
05/18/2021,DAB,FL,ASO,ES,Combined TRACON& Tower with Radar,17,101,43,3,164,0,294,82,0,376,17,395,125,3,540,456,0,456,996
05/19/2021,DAB,FL,ASO,ES,Combined TRACON& Tower with Radar,20,108,60,0,188,0,188,55,1,244,20,296,115,1,432,288,6,294,726
05/20/2021,DAB,FL,ASO,ES,Combined TRACON& Tower with Radar,23,94,58,8,183,0,195,60,3,258,23,289,118,11,441,265,0,265,706
05/21/2021,DAB,FL,ASO,ES,Combined TRACON& Tower with Radar,22,82,52,8,164,0,261,81,20,362,22,343,133,28,526,554,0,554,1080
05/22/2021,DAB,FL,ASO,ES,Combined TRACON& Tower with Radar,22,58,36,0,116,0,191,92,12,295,22,249,128,12,411,314,0,314,725
05/23/2021,DAB,FL,ASO,ES,Combined TRACON& Tower with Radar,21,49,53,2,125,0,173,84,17,274,21,222,137,19,399,491,0,491,890
05/24/2021,DAB,FL,ASO,ES,Combined TRACON& Tower with Radar,22,106,44,1,173,0,467,109,3,579,22,573,153,4,752,416,0,416,1168
05/25/2021,DAB,FL,ASO,ES,Combined TRACON& Tower with Radar,22,89,49,0,160,0,482,120,0,602,22,571,169,0,762,506,0,506,1268
05/26/2021,DAB,FL,ASO,ES,Combined TRACON& Tower with Radar,21,125,62,5,213,0,443,106,8,557,21,568,168,13,770,460,0,460,1230
05/27/2021,DAB,FL,ASO,ES,Combined TRACON& Tower with Radar,22,99,65,2,188,0,474,117,6,597,22,573,182,8,785,432,5,437,1222
05/28/2021,DAB,FL,ASO,ES,Combined TRACON& Tower with Radar,24,88,35,1,148,0,347,103,11,461,24,435,138,12,609,461,0,461,1070
05/29/2021,DAB,FL,ASO,ES,Combined TRACON& Tower with Radar,23,40,23,0,86,0,146,67,10,223,23,186,90,10,309,375,0,375,684
05/30/2021,DAB,FL,ASO,ES,Combined TRACON& Tower with Radar,21,62,21,0,104,0,84,51,10,145,21,146,72,10,249,335,0,335,584
05/31/2021,DAB,FL,ASO,ES,Combined TRACON& Tower with Radar,20,77,48,0,145,0,152,82,4,238,20,229,130,4,383,331,0,331,714
06/01/2021,DAB,FL,ASO,ES,Combined TRACON& Tower with Radar,19,91,41,1,152,0,390,69,3,462,19,481,110,4,614,595,0,595,1209
06/02/2021,DAB,FL,ASO,ES,Combined TRACON& Tower with Radar,20,101,36,0,157,0,186,50,0,236,20,287,86,0,393,441,0,441,834
06/03/2021,DAB,FL,ASO,ES,Combined TRACON& Tower with Radar,20,75,37,2,134,0,228,51,1,280,20,303,88,3,414,2,0,2,416
06/04/2021,DAB,FL,ASO,ES,Combined TRACON& Tower with Radar,20,82,32,1,135,0,168,33,7,208,20,250,65,8,343,86,0,86,429
06/05/2021,DAB,FL,ASO,ES,Combined TRACON& Tower with Radar,22,62,48,0,132,0,105,23,4,132,22,167,71,4,264,60,0,60,324
06/06/2021,DAB,FL,ASO,ES,Combined TRACON& Tower with Radar,20,68,48,6,142,0,122,70,8,200,20,190,118,14,342,47,0,47,389
06/07/2021,DAB,FL,ASO,ES,Combined TRACON& Tower with Radar,20,140,50,1,211,0,312,92,2,406,20,452,142,3,617,165,0,165,782
06/08/2021,DAB,FL,ASO,ES,Combined TRACON& Tower with Radar,18,149,48,6,221,0,373,94,2,469,18,522,142,8,690,228,0,228,918
06/09/2021,DAB,FL,ASO,ES,Combined TRACON& Tower with Radar,18,124,39,2,183,0,491,98,5,594,18,615,137,7,777,212,2,214,991
06/10/2021,DAB,FL,ASO,ES,Combined TRACON& Tower with Radar,20,113,49,0,182,0,511,88,0,599,20,624,137,0,781,351,0,351,1132
06/11/2021,DAB,FL,ASO,ES,Combined TRACON& Tower with Radar,20,92,57,2,171,0,384,92,2,478,20,476,149,4,649,419,0,419,1068
06/12/2021,DAB,FL,ASO,ES,Combined TRACON& Tower with Radar,24,55,17,0,96,0,141,70,6,217,24,196,87,6,313,380,0,380,693
06/13/2021,DAB,FL,ASO,ES,Combined TRACON& Tower with Radar,20,18,32,0,70,0,29,13,0,42,20,47,45,0,112,79,0,79,191
06/14/2021,DAB,FL,ASO,ES,Combined TRACON& Tower with Radar,19,39,28,0,86,0,108,21,0,129,19,147,49,0,215,288,0,288,503
06/15/2021,DAB,FL,ASO,ES,Combined TRACON& Tower with Radar,21,35,42,0,98,0,114,42,0,156,21,149,84,0,254,369,0,369,623
06/16/2021,DAB,FL,ASO,ES,Combined TRACON& Tower with Radar,18,88,50,0,156,0,243,71,2,316,18,331,121,2,472,672,0,672,1144
06/17/2021,DAB,FL,ASO,ES,Combined TRACON& Tower with Radar,20,100,45,0,165,0,393,81,2,476,20,493,126,2,641,465,0,465,1106
06/18/2021,DAB,FL,ASO,ES,Combined TRACON& Tower with Radar,20,104,34,1,159,0,427,106,7,540,20,531,140,8,699,581,0,581,1280
06/19/2021,DAB,FL,ASO,ES,Combined TRACON& Tower with Radar,22,48,33,0,103,0,153,78,7,238,22,201,111,7,341,443,0,443,784
06/20/2021,DAB,FL,ASO,ES,Combined TRACON& Tower with Radar,20,62,25,3,110,0,72,29,1,102,20,134,54,4,212,438,0,438,650
06/21/2021,DAB,FL,ASO,ES,Combined TRACON& Tower with Radar,22,50,44,2,118,0,269,73,0,342,22,319,117,2,460,504,0,504,964
06/22/2021,DAB,FL,ASO,ES,Combined TRACON& Tower with Radar,18,89,46,1,154,0,220,40,0,260,18,309,86,1,414,259,0,259,673
06/23/2021,DAB,FL,ASO,ES,Combined TRACON& Tower with Radar,18,65,65,3,151,0,182,73,0,255,18,247,138,3,406,248,0,248,654
06/24/2021,DAB,FL,ASO,ES,Combined TRACON& Tower with Radar,22,160,43,2,227,0,79,18,4,101,22,239,61,6,328,127,0,127,455
06/25/2021,DAB,FL,ASO,ES,Combined TRACON& Tower with Radar,20,94,44,4,162,0,151,18,8,177,20,245,62,12,339,348,0,348,687
06/26/2021,DAB,FL,ASO,ES,Combined TRACON& Tower with Radar,22,57,44,1,124,0,86,25,0,111,22,143,69,1,235,356,0,356,591
06/27/2021,DAB,FL,ASO,ES,Combined TRACON& Tower with Radar,20,69,42,7,138,0,136,66,13,215,20,205,108,20,353,395,0,395,748
06/28/2021,DAB,FL,ASO,ES,Combined TRACON& Tower with Radar,20,129,55,0,204,0,418,94,2,514,20,547,149,2,718,464,0,464,1182
06/29/2021,DAB,FL,ASO,ES,Combined TRACON& Tower with Radar,18,137,47,1,203,0,207,36,0,243,18,344,83,1,446,388,0,388,834
06/30/2021,DAB,FL,ASO,ES,Combined TRACON& Tower with Radar,18,126,60,0,204,0,182,47,2,231,18,308,107,2,435,513,0,513,948
07/01/2021,DAB,FL,ASO,ES,Combined TRACON& Tower with Radar,20,131,66,0,217,0,140,22,0,162,20,271,88,0,379,254,0,254,633
07/02/2021,DAB,FL,ASO,ES,Combined TRACON& Tower with Radar,17,102,45,0,164,0,181,36,3,220,17,283,81,3,384,461,0,461,845
07/03/2021,DAB,FL,ASO,ES,Combined TRACON& Tower with Radar,25,46,56,0,127,0,27,14,0,41,25,73,70,0,168,119,0,119,287
07/04/2021,DAB,FL,ASO,ES,Combined TRACON& Tower with Radar,16,15,17,0,48,0,6,8,4,18,16,21,25,4,66,81,0,81,147
07/05/2021,DAB,FL,ASO,ES,Combined TRACON& Tower with Radar,20,65,54,0,139,0,184,86,0,270,20,249,140,0,409,379,0,379,788
07/06/2021,DAB,FL,ASO,ES,Combined TRACON& Tower with Radar,18,125,41,0,184,0,172,26,0,198,18,297,67,0,382,260,0,260,642
07/07/2021,DAB,FL,ASO,ES,Combined TRACON& Tower with Radar,22,17,11,0,50,0,22,11,0,33,22,39,22,0,83,10,0,10,93
07/08/2021,DAB,FL,ASO,ES,Combined TRACON& Tower with Radar,20,103,32,0,155,0,177,29,0,206,20,280,61,0,361,365,0,365,726
07/09/2021,DAB,FL,ASO,ES,Combined TRACON& Tower with Radar,22,80,44,0,146,0,343,57,4,404,22,423,101,4,550,341,0,341,891
07/10/2021,DAB,FL,ASO,ES,Combined TRACON& Tower with Radar,22,69,53,0,144,0,224,89,6,319,22,293,142,6,463,283,0,283,746
07/11/2021,DAB,FL,ASO,ES,Combined TRACON& Tower with Radar,20,51,43,0,114,0,130,81,2,213,20,181,124,2,327,293,0,293,620
07/12/2021,DAB,FL,ASO,ES,Combined TRACON& Tower with Radar,26,77,44,0,147,0,215,53,2,270,26,292,97,2,417,253,0,253,670
07/13/2021,DAB,FL,ASO,ES,Combined TRACON& Tower with Radar,20,131,38,1,190,0,293,72,3,368,20,424,110,4,558,466,0,466,1024
07/14/2021,DAB,FL,ASO,ES,Combined TRACON& Tower with Radar,20,109,52,1,182,0,266,59,0,325,20,375,111,1,507,470,0,470,977
07/15/2021,DAB,FL,ASO,ES,Combined TRACON& Tower with Radar,20,134,58,0,212,0,416,89,1,506,20,550,147,1,718,378,0,378,1096
07/16/2021,DAB,FL,ASO,ES,Combined TRACON& Tower with Radar,20,100,43,5,168,0,417,93,7,517,20,517,136,12,685,669,0,669,1354
07/17/2021,DAB,FL,ASO,ES,Combined TRACON& Tower with Radar,21,73,33,1,128,0,223,78,11,312,21,296,111,12,440,496,0,496,936
07/18/2021,DAB,FL,ASO,ES,Combined TRACON& Tower with Radar,25,38,22,1,86,0,71,62,6,139,25,109,84,7,225,348,0,348,573
07/19/2021,DAB,FL,ASO,ES,Combined TRACON& Tower with Radar,22,48,42,6,118,0,180,42,3,225,22,228,84,9,343,351,4,355,698
07/20/2021,DAB,FL,ASO,ES,Combined TRACON& Tower with Radar,20,40,34,0,94,0,259,55,0,314,20,299,89,0,408,272,0,272,680
07/21/2021,DAB,FL,ASO,ES,Combined TRACON& Tower with Radar,18,77,40,1,136,0,356,73,1,430,18,433,113,2,566,483,0,483,1049
07/22/2021,DAB,FL,ASO,ES,Combined TRACON& Tower with Radar,20,77,43,0,140,0,356,72,1,429,20,433,115,1,569,302,0,302,871
07/23/2021,DAB,FL,ASO,ES,Combined TRACON& Tower with Radar,20,78,40,3,141,0,112,43,5,160,20,190,83,8,301,294,0,294,595
07/24/2021,DAB,FL,ASO,ES,Combined TRACON& Tower with Radar,22,102,38,0,162,0,125,67,4,196,22,227,105,4,358,212,0,212,570
07/25/2021,DAB,FL,ASO,ES,Combined TRACON& Tower with Radar,18,85,26,0,129,0,63,34,14,111,18,148,60,14,240,30,0,30,270
07/26/2021,DAB,FL,ASO,ES,Combined TRACON& Tower with Radar,19,81,45,0,145,0,292,77,1,370,19,373,122,1,515,389,0,389,904
07/27/2021,DAB,FL,ASO,ES,Combined TRACON& Tower with Radar,20,89,39,0,148,0,273,75,0,348,20,362,114,0,496,333,0,333,829
07/28/2021,DAB,FL,ASO,ES,Combined TRACON& Tower with Radar,21,64,39,0,124,0,291,45,1,337,21,355,84,1,461,380,0,380,841
07/29/2021,DAB,FL,ASO,ES,Combined TRACON& Tower with Radar,20,82,41,2,145,0,278,72,2,352,20,360,113,4,497,423,0,423,920
07/30/2021,DAB,FL,ASO,ES,Combined TRACON& Tower with Radar,20,147,52,0,219,0,188,81,6,275,20,335,133,6,494,432,0,432,926
07/31/2021,DAB,FL,ASO,ES,Combined TRACON& Tower with Radar,22,62,29,3,116,0,213,71,11,295,22,275,100,14,411,479,0,479,890
08/01/2021,DAB,FL,ASO,ES,Combined TRACON& Tower with Radar,22,39,35,3,99,0,88,45,15,148,22,127,80,18,247,439,0,439,686
08/02/2021,DAB,FL,ASO,ES,Combined TRACON& Tower with Radar,21,53,39,0,113,0,139,53,0,192,21,192,92,0,305,334,0,334,639
08/03/2021,DAB,FL,ASO,ES,Combined TRACON& Tower with Radar,20,62,33,0,115,0,53,30,0,83,20,115,63,0,198,301,0,301,499
08/04/2021,DAB,FL,ASO,ES,Combined TRACON& Tower with Radar,20,105,37,3,165,0,26,15,0,41,20,131,52,3,206,84,0,84,290
08/05/2021,DAB,FL,ASO,ES,Combined TRACON& Tower with Radar,22,84,35,5,146,0,326,83,2,411,22,410,118,7,557,205,0,205,762
08/06/2021,DAB,FL,ASO,ES,Combined TRACON& Tower with Radar,22,64,39,6,131,0,316,91,2,409,22,380,130,8,540,263,0,263,803
08/07/2021,DAB,FL,ASO,ES,Combined TRACON& Tower with Radar,20,33,31,6,90,0,140,68,5,213,20,173,99,11,303,314,0,314,617
08/08/2021,DAB,FL,ASO,ES,Combined TRACON& Tower with Radar,22,49,33,2,106,0,109,62,5,176,22,158,95,7,282,268,0,268,550
08/09/2021,DAB,FL,ASO,ES,Combined TRACON& Tower with Radar,20,123,56,0,199,0,288,93,0,381,20,411,149,0,580,335,0,335,915
08/10/2021,DAB,FL,ASO,ES,Combined TRACON& Tower with Radar,18,101,38,0,157,0,297,97,1,395,18,398,135,1,552,525,0,525,1077
08/11/2021,DAB,FL,ASO,ES,Combined TRACON& Tower with Radar,18,142,56,3,219,0,320,94,0,414,18,462,150,3,633,501,0,501,1134
08/12/2021,DAB,FL,ASO,ES,Combined TRACON& Tower with Radar,20,164,40,0,224,0,304,79,0,383,20,468,119,0,607,337,0,337,944
08/13/2021,DAB,FL,ASO,ES,Combined TRACON& Tower with Radar,19,83,25,0,127,0,140,38,1,179,19,223,63,1,306,424,0,424,730
08/14/2021,DAB,FL,ASO,ES,Combined TRACON& Tower with Radar,19,24,33,0,76,0,20,24,4,48,19,44,57,4,124,74,0,74,198
08/15/2021,DAB,FL,ASO,ES,Combined TRACON& Tower with Radar,20,33,30,0,83,0,66,44,0,110,20,99,74,0,193,98,0,98,291
08/16/2021,DAB,FL,ASO,ES,Combined TRACON& Tower with Radar,20,69,37,1,127,0,136,33,2,171,20,205,70,3,298,307,0,307,605
08/17/2021,DAB,FL,ASO,ES,Combined TRACON& Tower with Radar,14,104,36,8,162,0,335,93,2,430,14,439,129,10,592,200,0,200,792
08/18/2021,DAB,FL,ASO,ES,Combined TRACON& Tower with Radar,14,117,22,0,153,0,299,80,2,381,14,416,102,2,534,439,0,439,973
08/19/2021,DAB,FL,ASO,ES,Combined TRACON& Tower with Radar,17,125,67,0,209,0,335,79,2,416,17,460,146,2,625,605,0,605,1230
08/20/2021,DAB,FL,ASO,ES,Combined TRACON& Tower with Radar,16,79,35,0,130,0,267,69,1,337,16,346,104,1,467,304,0,304,771
08/21/2021,DAB,FL,ASO,ES,Combined TRACON& Tower with Radar,15,49,27,0,91,0,147,61,7,215,15,196,88,7,306,282,0,282,588
08/22/2021,DAB,FL,ASO,ES,Combined TRACON& Tower with Radar,18,32,34,0,84,0,74,44,2,120,18,106,78,2,204,148,0,148,352
08/23/2021,DAB,FL,ASO,ES,Combined TRACON& Tower with Radar,18,58,36,2,114,0,216,41,0,257,18,274,77,2,371,439,0,439,810
08/24/2021,DAB,FL,ASO,ES,Combined TRACON& Tower with Radar,14,79,48,4,145,0,263,54,0,317,14,342,102,4,462,523,0,523,985
08/25/2021,DAB,FL,ASO,ES,Combined TRACON& Tower with Radar,14,141,53,0,208,0,242,60,0,302,14,383,113,0,510,490,0,490,1000
08/26/2021,DAB,FL,ASO,ES,Combined TRACON& Tower with Radar,18,109,42,0,169,0,100,24,0,124,18,209,66,0,293,437,0,437,730
08/27/2021,DAB,FL,ASO,ES,Combined TRACON& Tower with Radar,16,49,68,2,135,0,38,19,2,59,16,87,87,4,194,193,0,193,387
08/28/2021,DAB,FL,ASO,ES,Combined TRACON& Tower with Radar,16,43,80,0,139,0,88,62,8,158,16,131,142,8,297,268,0,268,565
08/29/2021,DAB,FL,ASO,ES,Combined TRACON& Tower with Radar,18,91,72,0,181,0,85,65,4,154,18,176,137,4,335,327,0,327,662
08/30/2021,DAB,FL,ASO,ES,Combined TRACON& Tower with Radar,16,99,40,6,161,0,283,86,0,369,16,382,126,6,530,421,0,421,951
08/31/2021,DAB,FL,ASO,ES,Combined TRACON& Tower with Radar,14,83,57,2,156,0,298,86,0,384,14,381,143,2,540,513,0,513,1053
09/01/2021,DAB,FL,ASO,ES,Combined TRACON& Tower with Radar,13,56,50,7,126,0,105,20,0,125,13,161,70,7,251,126,0,126,377
09/02/2021,DAB,FL,ASO,ES,Combined TRACON& Tower with Radar,19,60,40,0,119,0,208,67,0,275,19,268,107,0,394,466,0,466,860
09/03/2021,DAB,FL,ASO,ES,Combined TRACON& Tower with Radar,18,135,65,0,218,0,109,52,2,163,18,244,117,2,381,332,0,332,713
09/04/2021,DAB,FL,ASO,ES,Combined TRACON& Tower with Radar,14,61,40,1,116,0,168,81,11,260,14,229,121,12,376,309,0,309,685
09/05/2021,DAB,FL,ASO,ES,Combined TRACON& Tower with Radar,12,42,39,0,93,0,91,52,8,151,12,133,91,8,244,210,0,210,454
09/06/2021,DAB,FL,ASO,ES,Combined TRACON& Tower with Radar,14,47,46,0,107,0,175,86,0,261,14,222,132,0,368,365,0,365,733
09/07/2021,DAB,FL,ASO,ES,Combined TRACON& Tower with Radar,14,71,46,6,137,0,271,57,0,328,14,342,103,6,465,351,0,351,816
09/08/2021,DAB,FL,ASO,ES,Combined TRACON& Tower with Radar,12,32,38,2,84,0,219,58,0,277,12,251,96,2,361,102,0,102,463
09/09/2021,DAB,FL,ASO,ES,Combined TRACON& Tower with Radar,16,80,63,0,159,0,97,24,0,121,16,177,87,0,280,337,0,337,617
09/10/2021,DAB,FL,ASO,ES,Combined TRACON& Tower with Radar,16,121,42,1,180,0,67,25,2,94,16,188,67,3,274,232,0,232,506
09/11/2021,DAB,FL,ASO,ES,Combined TRACON& Tower with Radar,14,76,45,0,135,0,147,56,4,207,14,223,101,4,342,476,0,476,818
09/12/2021,DAB,FL,ASO,ES,Combined TRACON& Tower with Radar,16,59,29,3,107,0,127,61,0,188,16,186,90,3,295,251,0,251,546
09/13/2021,DAB,FL,ASO,ES,Combined TRACON& Tower with Radar,14,86,47,2,149,0,399,91,1,491,14,485,138,3,640,484,0,484,1124
09/14/2021,DAB,FL,ASO,ES,Combined TRACON& Tower with Radar,10,138,58,2,208,0,306,73,0,379,10,444,131,2,587,641,0,641,1228
09/15/2021,DAB,FL,ASO,ES,Combined TRACON& Tower with Radar,11,102,58,2,173,0,338,94,0,432,11,440,152,2,605,621,0,621,1226
09/16/2021,DAB,FL,ASO,ES,Combined TRACON& Tower with Radar,14,69,59,2,144,0,275,70,2,347,14,344,129,4,491,343,0,343,834
09/17/2021,DAB,FL,ASO,ES,Combined TRACON& Tower with Radar,21,64,49,4,138,0,71,38,2,111,21,135,87,6,249,312,0,312,561
09/18/2021,DAB,FL,ASO,ES,Combined TRACON& Tower with Radar,12,60,64,0,136,0,70,39,2,111,12,130,103,2,247,248,0,248,495
09/19/2021,DAB,FL,ASO,ES,Combined TRACON& Tower with Radar,19,22,34,0,75,0,62,47,2,111,19,84,81,2,186,312,0,312,498
09/20/2021,DAB,FL,ASO,ES,Combined TRACON& Tower with Radar,15,73,40,0,128,0,143,44,2,189,15,216,84,2,317,355,0,355,672
09/21/2021,DAB,FL,ASO,ES,Combined TRACON& Tower with Radar,10,92,54,2,158,0,339,73,1,413,10,431,127,3,571,572,0,572,1143
09/22/2021,DAB,FL,ASO,ES,Combined TRACON& Tower with Radar,12,148,72,3,235,0,237,70,0,307,12,385,142,3,542,315,0,315,857
09/23/2021,DAB,FL,ASO,ES,Combined TRACON& Tower with Radar,16,128,40,1,185,0,472,101,0,573,16,600,141,1,758,462,0,462,1220
09/24/2021,DAB,FL,ASO,ES,Combined TRACON& Tower with Radar,15,116,52,0,183,0,446,97,4,547,15,562,149,4,730,441,0,441,1171
09/25/2021,DAB,FL,ASO,ES,Combined TRACON& Tower with Radar,13,57,31,0,101,0,282,87,4,373,13,339,118,4,474,273,0,273,747
09/26/2021,DAB,FL,ASO,ES,Combined TRACON& Tower with Radar,16,49,40,0,105,0,183,87,4,274,16,232,127,4,379,275,0,275,654
09/27/2021,DAB,FL,ASO,ES,Combined TRACON& Tower with Radar,14,120,51,4,189,0,471,96,0,567,14,591,147,4,756,534,0,534,1290
09/28/2021,DAB,FL,ASO,ES,Combined TRACON& Tower with Radar,10,113,64,0,187,0,482,122,2,606,10,595,186,2,793,441,0,441,1234
09/29/2021,DAB,FL,ASO,ES,Combined TRACON& Tower with Radar,10,116,46,0,172,0,493,94,9,596,10,609,140,9,768,522,0,522,1290
09/30/2021,DAB,FL,ASO,ES,Combined TRACON& Tower with Radar,18,104,53,2,177,0,468,121,5,594,18,572,174,7,771,335,0,335,1106
10/01/2021,DAB,FL,ASO,ES,Combined TRACON& Tower with Radar,16,93,53,1,163,0,376,107,3,486,16,469,160,4,649,301,0,301,950
10/02/2021,DAB,FL,ASO,ES,Combined TRACON& Tower with Radar,12,61,39,2,114,0,243,111,2,356,12,304,150,4,470,282,0,282,752
10/03/2021,DAB,FL,ASO,ES,Combined TRACON& Tower with Radar,16,47,31,0,94,0,116,53,2,171,16,163,84,2,265,277,0,277,542
10/04/2021,DAB,FL,ASO,ES,Combined TRACON& Tower with Radar,16,84,48,4,152,0,419,111,2,532,16,503,159,6,684,164,0,164,848
10/05/2021,DAB,FL,ASO,ES,Combined TRACON& Tower with Radar,10,88,44,3,145,0,434,80,3,517,10,522,124,6,662,240,0,240,902
10/06/2021,DAB,FL,ASO,ES,Combined TRACON& Tower with Radar,10,93,49,2,154,0,377,64,5,446,10,470,113,7,600,558,0,558,1158
10/07/2021,DAB,FL,ASO,ES,Combined TRACON& Tower with Radar,17,141,58,4,220,0,401,102,4,507,17,542,160,8,727,472,0,472,1199
10/08/2021,DAB,FL,ASO,ES,Combined TRACON& Tower with Radar,16,61,42,3,122,0,210,45,0,255,16,271,87,3,377,318,0,318,695
10/09/2021,DAB,FL,ASO,ES,Combined TRACON& Tower with Radar,13,73,66,1,153,0,122,49,9,180,13,195,115,10,333,140,0,140,473
10/10/2021,DAB,FL,ASO,ES,Combined TRACON& Tower with Radar,16,59,51,0,126,0,86,56,8,150,16,145,107,8,276,294,0,294,570
10/11/2021,DAB,FL,ASO,ES,Combined TRACON& Tower with Radar,16,128,63,0,207,0,337,70,0,407,16,465,133,0,614,575,0,575,1189
10/12/2021,DAB,FL,ASO,ES,Combined TRACON& Tower with Radar,14,155,56,0,225,0,349,88,1,438,14,504,144,1,663,489,0,489,1152
10/13/2021,DAB,FL,ASO,ES,Combined TRACON& Tower with Radar,14,173,54,0,241,0,419,78,0,497,14,592,132,0,738,641,0,641,1379
10/14/2021,DAB,FL,ASO,ES,Combined TRACON& Tower with Radar,16,138,86,0,240,0,379,92,2,473,16,517,178,2,713,391,0,391,1104
10/15/2021,DAB,FL,ASO,ES,Combined TRACON& Tower with Radar,15,125,73,3,216,0,445,99,15,559,15,570,172,18,775,432,0,432,1207
10/16/2021,DAB,FL,ASO,ES,Combined TRACON& Tower with Radar,15,88,41,0,144,0,350,72,6,428,15,438,113,6,572,458,0,458,1030
10/17/2021,DAB,FL,ASO,ES,Combined TRACON& Tower with Radar,16,38,42,2,98,0,136,71,8,215,16,174,113,10,313,8,0,8,321
10/18/2021,DAB,FL,ASO,ES,Combined TRACON& Tower with Radar,16,85,58,0,159,0,387,109,0,496,16,472,167,0,655,482,0,482,1137
10/19/2021,DAB,FL,ASO,ES,Combined TRACON& Tower with Radar,12,92,54,2,160,0,496,121,3,620,12,588,175,5,780,429,0,429,1209
10/20/2021,DAB,FL,ASO,ES,Combined TRACON& Tower with Radar,14,104,52,0,170,0,414,118,2,534,14,518,170,2,704,485,0,485,1189
10/21/2021,DAB,FL,ASO,ES,Combined TRACON& Tower with Radar,15,90,41,3,149,0,390,90,4,484,15,480,131,7,633,581,0,581,1214
10/22/2021,DAB,FL,ASO,ES,Combined TRACON& Tower with Radar,17,86,47,0,150,0,320,97,0,417,17,406,144,0,567,510,0,510,1077
10/23/2021,DAB,FL,ASO,ES,Combined TRACON& Tower with Radar,12,47,38,0,97,0,213,84,4,301,12,260,122,4,398,79,0,79,477
10/24/2021,DAB,FL,ASO,ES,Combined TRACON& Tower with Radar,16,40,37,0,93,0,64,41,3,108,16,104,78,3,201,359,0,359,560
10/25/2021,DAB,FL,ASO,ES,Combined TRACON& Tower with Radar,16,89,44,0,149,0,187,49,0,236,16,276,93,0,385,359,0,359,744
10/26/2021,DAB,FL,ASO,ES,Combined TRACON& Tower with Radar,12,112,44,1,169,0,366,97,2,465,12,478,141,3,634,369,0,369,1003
10/27/2021,DAB,FL,ASO,ES,Combined TRACON& Tower with Radar,14,113,30,4,161,0,595,93,2,690,14,708,123,6,851,517,0,517,1368
10/28/2021,DAB,FL,ASO,ES,Combined TRACON& Tower with Radar,20,43,18,0,81,0,127,22,0,149,20,170,40,0,230,30,0,30,260
10/29/2021,DAB,FL,ASO,ES,Combined TRACON& Tower with Radar,16,80,39,0,135,0,265,38,0,303,16,345,77,0,438,258,0,258,696
10/30/2021,DAB,FL,ASO,ES,Combined TRACON& Tower with Radar,12,59,42,0,113,0,196,60,1,257,12,255,102,1,370,314,0,314,684
10/31/2021,DAB,FL,ASO,ES,Combined TRACON& Tower with Radar,14,52,51,0,117,0,195,70,0,265,14,247,121,0,382,292,0,292,674
11/01/2021,DAB,FL,ASO,ES,Combined TRACON& Tower with Radar,16,129,58,0,203,0,517,88,1,606,16,646,146,1,809,545,0,545,1354
11/02/2021,DAB,FL,ASO,ES,Combined TRACON& Tower with Radar,12,104,59,0,175,0,567,108,1,676,12,671,167,1,851,503,0,503,1354
11/03/2021,DAB,FL,ASO,ES,Combined TRACON& Tower with Radar,14,167,60,0,241,0,468,91,0,559,14,635,151,0,800,423,0,423,1223
11/04/2021,DAB,FL,ASO,ES,Combined TRACON& Tower with Radar,16,193,63,4,276,0,210,49,0,259,16,403,112,4,535,468,0,468,1003
11/05/2021,DAB,FL,ASO,ES,Combined TRACON& Tower with Radar,17,8,17,0,42,0,0,0,0,0,17,8,17,0,42,0,0,0,42
11/06/2021,DAB,FL,ASO,ES,Combined TRACON& Tower with Radar,15,20,39,0,74,0,3,1,0,4,15,23,40,0,78,0,0,0,78
11/07/2021,DAB,FL,ASO,ES,Combined TRACON& Tower with Radar,16,50,37,0,103,0,49,27,0,76,16,99,64,0,179,19,0,19,198
11/08/2021,DAB,FL,ASO,ES,Combined TRACON& Tower with Radar,16,129,36,0,181,0,544,93,0,637,16,673,129,0,818,0,0,0,818
11/09/2021,DAB,FL,ASO,ES,Combined TRACON& Tower with Radar,12,142,37,0,191,0,641,126,3,770,12,783,163,3,961,232,0,232,1193
11/10/2021,DAB,FL,ASO,ES,Combined TRACON& Tower with Radar,16,124,42,0,182,0,558,120,1,679,16,682,162,1,861,304,0,304,1165
11/11/2021,DAB,FL,ASO,ES,Combined TRACON& Tower with Radar,16,173,49,0,238,0,252,69,2,323,16,425,118,2,561,468,0,468,1029
11/12/2021,DAB,FL,ASO,ES,Combined TRACON& Tower with Radar,16,142,70,0,228,0,141,36,2,179,16,283,106,2,407,234,0,234,641
11/13/2021,DAB,FL,ASO,ES,Combined TRACON& Tower with Radar,12,68,58,0,138,0,80,41,10,131,12,148,99,10,269,288,0,288,557
11/14/2021,DAB,FL,ASO,ES,Combined TRACON& Tower with Radar,16,43,44,0,103,0,243,130,0,373,16,286,174,0,476,507,0,507,983
11/15/2021,DAB,FL,ASO,ES,Combined TRACON& Tower with Radar,16,135,64,0,215,0,524,110,0,634,16,659,174,0,849,505,0,505,1354
11/16/2021,DAB,FL,ASO,ES,Combined TRACON& Tower with Radar,12,139,48,0,199,0,590,110,2,702,12,729,158,2,901,557,0,557,1458
11/17/2021,DAB,FL,ASO,ES,Combined TRACON& Tower with Radar,14,136,52,0,202,0,529,109,2,640,14,665,161,2,842,438,0,438,1280
11/18/2021,DAB,FL,ASO,ES,Combined TRACON& Tower with Radar,20,96,41,1,158,0,298,61,0,359,20,394,102,1,517,482,0,482,999
11/19/2021,DAB,FL,ASO,ES,Combined TRACON& Tower with Radar,20,84,74,3,181,0,71,35,0,106,20,155,109,3,287,190,0,190,477
11/20/2021,DAB,FL,ASO,ES,Combined TRACON& Tower with Radar,12,66,37,6,121,0,48,31,0,79,12,114,68,6,200,247,0,247,447
11/21/2021,DAB,FL,ASO,ES,Combined TRACON& Tower with Radar,17,98,55,8,178,0,172,77,0,249,17,270,132,8,427,389,2,391,818
11/22/2021,DAB,FL,ASO,ES,Combined TRACON& Tower with Radar,16,110,45,4,175,0,167,32,2,201,16,277,77,6,376,375,0,375,751
11/23/2021,DAB,FL,ASO,ES,Combined TRACON& Tower with Radar,16,82,42,0,140,0,320,72,0,392,16,402,114,0,532,0,0,0,532
11/24/2021,DAB,FL,ASO,ES,Combined TRACON& Tower with Radar,21,106,47,0,174,0,370,82,0,452,21,476,129,0,626,232,0,232,858
11/25/2021,DAB,FL,ASO,ES,Combined TRACON& Tower with Radar,8,3,22,0,33,0,1,28,3,32,8,4,50,3,65,6,0,6,71
11/26/2021,DAB,FL,ASO,ES,Combined TRACON& Tower with Radar,12,69,40,0,121,0,156,58,2,216,12,225,98,2,337,425,0,425,762
11/27/2021,DAB,FL,ASO,ES,Combined TRACON& Tower with Radar,19,39,42,0,100,0,213,80,2,295,19,252,122,2,395,24,0,24,419
11/28/2021,DAB,FL,ASO,ES,Combined TRACON& Tower with Radar,18,53,36,0,107,0,168,46,4,218,18,221,82,4,325,345,0,345,670
11/29/2021,DAB,FL,ASO,ES,Combined TRACON& Tower with Radar,17,94,38,1,150,0,493,94,1,588,17,587,132,2,738,158,0,158,896
11/30/2021,DAB,FL,ASO,ES,Combined TRACON& Tower with Radar,13,139,68,2,222,0,585,126,2,713,13,724,194,4,935,560,2,562,1497
12/01/2021,DAB,FL,ASO,ES,Combined TRACON& Tower with Radar,15,135,74,2,226,0,556,88,2,646,15,691,162,4,872,496,0,496,1368
12/02/2021,DAB,FL,ASO,ES,Combined TRACON& Tower with Radar,16,119,54,2,191,0,526,119,2,647,16,645,173,4,838,476,0,476,1314
12/03/2021,DAB,FL,ASO,ES,Combined TRACON& Tower with Radar,15,129,48,18,210,0,468,89,4,561,15,597,137,22,771,424,0,424,1195
12/04/2021,DAB,FL,ASO,ES,Combined TRACON& Tower with Radar,13,79,50,0,142,0,269,92,2,363,13,348,142,2,505,420,0,420,925
12/05/2021,DAB,FL,ASO,ES,Combined TRACON& Tower with Radar,16,73,59,5,153,0,186,84,1,271,16,259,143,6,424,415,0,415,839
12/06/2021,DAB,FL,ASO,ES,Combined TRACON& Tower with Radar,14,94,36,1,145,0,299,64,1,364,14,393,100,2,509,437,0,437,946
12/07/2021,DAB,FL,ASO,ES,Combined TRACON& Tower with Radar,12,157,55,2,226,0,57,6,2,65,12,214,61,4,291,152,0,152,443
12/08/2021,DAB,FL,ASO,ES,Combined TRACON& Tower with Radar,14,90,65,0,169,0,340,83,0,423,14,430,148,0,592,489,0,489,1081
12/09/2021,DAB,FL,ASO,ES,Combined TRACON& Tower with Radar,16,162,93,2,273,0,341,61,0,402,16,503,154,2,675,607,0,607,1282
12/10/2021,DAB,FL,ASO,ES,Combined TRACON& Tower with Radar,16,118,64,0,198,0,336,124,0,460,16,454,188,0,658,306,0,306,964
12/11/2021,DAB,FL,ASO,ES,Combined TRACON& Tower with Radar,12,75,50,0,137,0,260,103,2,365,12,335,153,2,502,386,0,386,888
12/12/2021,DAB,FL,ASO,ES,Combined TRACON& Tower with Radar,15,80,59,0,154,0,18,29,2,49,15,98,88,2,203,101,0,101,304
12/13/2021,DAB,FL,ASO,ES,Combined TRACON& Tower with Radar,15,128,63,0,206,0,354,72,0,426,15,482,135,0,632,270,0,270,902
12/14/2021,DAB,FL,ASO,ES,Combined TRACON& Tower with Radar,12,182,75,0,269,0,39,25,0,64,12,221,100,0,333,168,0,168,501
12/15/2021,DAB,FL,ASO,ES,Combined TRACON& Tower with Radar,14,158,69,2,243,0,162,52,2,216,14,320,121,4,459,187,0,187,646
12/16/2021,DAB,FL,ASO,ES,Combined TRACON& Tower with Radar,20,134,73,2,229,0,380,99,2,481,20,514,172,4,710,182,0,182,892
12/17/2021,DAB,FL,ASO,ES,Combined TRACON& Tower with Radar,19,113,60,0,192,0,340,124,2,466,19,453,184,2,658,144,0,144,802
12/18/2021,DAB,FL,ASO,ES,Combined TRACON& Tower with Radar,19,66,43,0,128,0,157,71,2,230,19,223,114,2,358,206,0,206,564
12/19/2021,DAB,FL,ASO,ES,Combined TRACON& Tower with Radar,19,47,35,0,101,0,25,15,6,46,19,72,50,6,147,197,0,197,344
12/20/2021,DAB,FL,ASO,ES,Combined TRACON& Tower with Radar,20,97,46,0,163,0,4,5,0,9,20,101,51,0,172,36,0,36,208
12/21/2021,DAB,FL,ASO,ES,Combined TRACON& Tower with Radar,21,17,11,0,49,0,0,0,0,0,21,17,11,0,49,0,0,0,49
12/22/2021,DAB,FL,ASO,ES,Combined TRACON& Tower with Radar,20,103,56,0,179,0,198,55,0,253,20,301,111,0,432,218,0,218,650
12/23/2021,DAB,FL,ASO,ES,Combined TRACON& Tower with Radar,20,45,36,0,101,0,249,67,0,316,20,294,103,0,417,104,0,104,521
12/24/2021,DAB,FL,ASO,ES,Combined TRACON& Tower with Radar,12,6,10,0,28,0,3,26,4,33,12,9,36,4,61,80,0,80,141
12/25/2021,DAB,FL,ASO,ES,Combined TRACON& Tower with Radar,16,4,3,0,23,0,1,17,0,18,16,5,20,0,41,14,0,14,55
12/26/2021,DAB,FL,ASO,ES,Combined TRACON& Tower with Radar,17,18,30,0,65,0,14,38,8,60,17,32,68,8,125,0,0,0,125
12/27/2021,DAB,FL,ASO,ES,Combined TRACON& Tower with Radar,22,19,35,0,76,0,70,29,0,99,22,89,64,0,175,0,0,0,175
12/28/2021,DAB,FL,ASO,ES,Combined TRACON& Tower with Radar,20,17,46,1,84,0,77,63,1,141,20,94,109,2,225,50,0,50,275
12/29/2021,DAB,FL,ASO,ES,Combined TRACON& Tower with Radar,21,27,34,2,84,0,109,59,3,171,21,136,93,5,255,65,0,65,320
12/30/2021,DAB,FL,ASO,ES,Combined TRACON& Tower with Radar,15,18,45,0,78,0,40,46,0,86,15,58,91,0,164,128,0,128,292
12/31/2021,DAB,FL,ASO,ES,Combined TRACON& Tower with Radar,15,8,19,0,42,0,4,25,8,37,15,12,44,8,79,20,0,20,99
01/01/2022,DAB,FL,ASO,ES,Combined TRACON& Tower with Radar,17,5,12,1,35,0,1,13,2,16,17,6,25,3,51,24,0,24,75
01/02/2022,DAB,FL,ASO,ES,Combined TRACON& Tower with Radar,20,14,33,0,67,0,4,31,0,35,20,18,64,0,102,153,0,153,255
01/03/2022,DAB,FL,ASO,ES,Combined TRACON& Tower with Radar,19,10,41,0,70,0,57,46,0,103,19,67,87,0,173,66,0,66,239
01/04/2022,DAB,FL,ASO,ES,Combined TRACON& Tower with Radar,17,81,38,0,136,0,196,56,0,252,17,277,94,0,388,271,0,271,659
01/05/2022,DAB,FL,ASO,ES,Combined TRACON& Tower with Radar,17,85,52,12,166,0,262,69,0,331,17,347,121,12,497,422,0,422,919
01/06/2022,DAB,FL,ASO,ES,Combined TRACON& Tower with Radar,15,62,46,0,123,0,303,89,1,393,15,365,135,1,516,164,0,164,680
01/07/2022,DAB,FL,ASO,ES,Combined TRACON& Tower with Radar,17,98,51,9,175,0,175,47,5,227,17,273,98,14,402,200,0,200,602
01/08/2022,DAB,FL,ASO,ES,Combined TRACON& Tower with Radar,12,48,38,0,98,0,135,50,4,189,12,183,88,4,287,370,0,370,657
01/09/2022,DAB,FL,ASO,ES,Combined TRACON& Tower with Radar,15,39,24,2,80,0,126,44,5,175,15,165,68,7,255,42,0,42,297
01/10/2022,DAB,FL,ASO,ES,Combined TRACON& Tower with Radar,17,60,30,0,107,0,123,24,0,147,17,183,54,0,254,254,0,254,508
01/11/2022,DAB,FL,ASO,ES,Combined TRACON& Tower with Radar,14,100,58,0,172,0,294,71,3,368,14,394,129,3,540,314,0,314,854
01/12/2022,DAB,FL,ASO,ES,Combined TRACON& Tower with Radar,18,93,48,2,161,0,445,80,2,527,18,538,128,4,688,332,0,332,1020
01/13/2022,DAB,FL,ASO,ES,Combined TRACON& Tower with Radar,18,67,40,4,129,0,398,75,2,475,18,465,115,6,604,418,0,418,1022
01/14/2022,DAB,FL,ASO,ES,Combined TRACON& Tower with Radar,17,100,42,5,164,0,387,110,1,498,17,487,152,6,662,239,0,239,901
01/15/2022,DAB,FL,ASO,ES,Combined TRACON& Tower with Radar,11,79,48,1,139,0,284,103,0,387,11,363,151,1,526,416,0,416,942
01/16/2022,DAB,FL,ASO,ES,Combined TRACON& Tower with Radar,4,5,8,0,17,0,5,3,0,8,4,10,11,0,25,12,0,12,37
01/17/2022,DAB,FL,ASO,ES,Combined TRACON& Tower with Radar,10,28,42,2,82,0,100,57,0,157,10,128,99,2,239,353,0,353,592
01/18/2022,DAB,FL,ASO,ES,Combined TRACON& Tower with Radar,16,95,54,2,167,0,480,99,0,579,16,575,153,2,746,310,0,310,1056
01/19/2022,DAB,FL,ASO,ES,Combined TRACON& Tower with Radar,20,129,87,1,237,0,498,121,1,620,20,627,208,2,857,502,0,502,1359
01/20/2022,DAB,FL,ASO,ES,Combined TRACON& Tower with Radar,17,96,88,7,208,0,429,95,1,525,17,525,183,8,733,468,0,468,1201
01/21/2022,DAB,FL,ASO,ES,Combined TRACON& Tower with Radar,17,93,57,2,169,0,182,44,6,232,17,275,101,8,401,307,0,307,708
01/22/2022,DAB,FL,ASO,ES,Combined TRACON& Tower with Radar,13,36,30,0,79,0,0,0,0,0,13,36,30,0,79,0,0,0,79
01/23/2022,DAB,FL,ASO,ES,Combined TRACON& Tower with Radar,18,62,80,0,160,0,114,58,0,172,18,176,138,0,332,292,0,292,624
01/24/2022,DAB,FL,ASO,ES,Combined TRACON& Tower with Radar,16,136,57,9,218,0,473,96,0,569,16,609,153,9,787,452,0,452,1239
01/25/2022,DAB,FL,ASO,ES,Combined TRACON& Tower with Radar,20,134,54,3,211,0,229,54,0,283,20,363,108,3,494,343,0,343,837
01/26/2022,DAB,FL,ASO,ES,Combined TRACON& Tower with Radar,18,149,81,0,248,0,23,11,0,34,18,172,92,0,282,0,0,0,282
01/27/2022,DAB,FL,ASO,ES,Combined TRACON& Tower with Radar,17,64,63,0,144,0,0,2,0,2,17,64,65,0,146,0,0,0,146
01/28/2022,DAB,FL,ASO,ES,Combined TRACON& Tower with Radar,18,120,87,4,229,0,211,44,4,259,18,331,131,8,488,55,0,55,543
01/29/2022,DAB,FL,ASO,ES,Combined TRACON& Tower with Radar,11,49,52,0,112,0,132,72,0,204,11,181,124,0,316,68,0,68,384
01/30/2022,DAB,FL,ASO,ES,Combined TRACON& Tower with Radar,20,74,109,0,203,0,299,115,2,416,20,373,224,2,619,69,0,69,688
01/31/2022,DAB,FL,ASO,ES,Combined TRACON& Tower with Radar,16,117,69,1,203,0,515,112,0,627,16,632,181,1,830,399,0,399,1229
02/01/2022,DAB,FL,ASO,ES,Combined TRACON& Tower with Radar,16,137,65,8,226,0,594,106,5,705,16,731,171,13,931,569,0,569,1500
02/02/2022,DAB,FL,ASO,ES,Combined TRACON& Tower with Radar,18,124,52,0,194,0,432,81,0,513,18,556,133,0,707,166,0,166,873
02/03/2022,DAB,FL,ASO,ES,Combined TRACON& Tower with Radar,17,120,45,12,194,0,421,89,1,511,17,541,134,13,705,0,0,0,705
02/04/2022,DAB,FL,ASO,ES,Combined TRACON& Tower with Radar,18,101,47,2,168,0,407,129,0,536,18,508,176,2,704,260,0,260,964
02/05/2022,DAB,FL,ASO,ES,Combined TRACON& Tower with Radar,13,71,34,0,118,0,6,8,2,16,13,77,42,2,134,31,0,31,165
02/06/2022,DAB,FL,ASO,ES,Combined TRACON& Tower with Radar,18,26,32,0,76,0,0,1,0,1,18,26,33,0,77,0,0,0,77
02/07/2022,DAB,FL,ASO,ES,Combined TRACON& Tower with Radar,17,162,58,1,238,0,13,15,0,28,17,175,73,1,266,120,0,120,386
02/08/2022,DAB,FL,ASO,ES,Combined TRACON& Tower with Radar,19,76,33,0,128,0,1,0,0,1,19,77,33,0,129,0,0,0,129
02/09/2022,DAB,FL,ASO,ES,Combined TRACON& Tower with Radar,17,135,67,1,220,0,499,117,2,618,17,634,184,3,838,595,0,595,1433
02/10/2022,DAB,FL,ASO,ES,Combined TRACON& Tower with Radar,17,138,64,3,222,0,644,120,1,765,17,782,184,4,987,528,0,528,1515
02/11/2022,DAB,FL,ASO,ES,Combined TRACON& Tower with Radar,18,127,53,0,198,0,599,107,11,717,18,726,160,11,915,504,0,504,1419
02/12/2022,DAB,FL,ASO,ES,Combined TRACON& Tower with Radar,14,95,55,0,164,0,366,100,0,466,14,461,155,0,630,691,0,691,1321
02/13/2022,DAB,FL,ASO,ES,Combined TRACON& Tower with Radar,15,79,31,0,125,0,54,37,0,91,15,133,68,0,216,370,0,370,586
02/14/2022,DAB,FL,ASO,ES,Combined TRACON& Tower with Radar,16,117,45,2,180,0,485,125,1,611,16,602,170,3,791,331,0,331,1122
02/15/2022,DAB,FL,ASO,ES,Combined TRACON& Tower with Radar,17,117,78,0,212,0,560,111,2,673,17,677,189,2,885,406,0,406,1291
02/16/2022,DAB,FL,ASO,ES,Combined TRACON& Tower with Radar,19,137,71,4,231,0,305,99,1,405,19,442,170,5,636,311,0,311,947
02/17/2022,DAB,FL,ASO,ES,Combined TRACON& Tower with Radar,21,144,123,14,302,0,232,86,8,326,21,376,209,22,628,240,0,240,868
02/18/2022,DAB,FL,ASO,ES,Combined TRACON& Tower with Radar,21,106,117,1,245,0,168,45,2,215,21,274,162,3,460,300,0,300,760
02/19/2022,DAB,FL,ASO,ES,Combined TRACON& Tower with Radar,20,58,99,1,178,0,186,62,7,255,20,244,161,8,433,180,0,180,613
02/20/2022,DAB,FL,ASO,ES,Combined TRACON& Tower with Radar,18,67,173,2,260,0,152,77,8,237,18,219,250,10,497,12,0,12,509
02/21/2022,DAB,FL,ASO,ES,Combined TRACON& Tower with Radar,21,96,87,1,205,0,384,79,0,463,21,480,166,1,668,629,0,629,1297
02/22/2022,DAB,FL,ASO,ES,Combined TRACON& Tower with Radar,16,123,52,6,197,0,583,74,1,658,16,706,126,7,855,381,0,381,1236
02/23/2022,DAB,FL,ASO,ES,Combined TRACON& Tower with Radar,21,136,49,4,210,0,408,97,4,509,21,544,146,8,719,335,0,335,1054
02/24/2022,DAB,FL,ASO,ES,Combined TRACON& Tower with Radar,17,115,46,1,179,0,477,84,2,563,17,592,130,3,742,407,0,407,1149
02/25/2022,DAB,FL,ASO,ES,Combined TRACON& Tower with Radar,19,122,67,14,222,0,425,82,5,512,19,547,149,19,734,505,0,505,1239
02/26/2022,DAB,FL,ASO,ES,Combined TRACON& Tower with Radar,15,103,60,0,178,0,342,85,8,435,15,445,145,8,613,514,0,514,1127
02/27/2022,DAB,FL,ASO,ES,Combined TRACON& Tower with Radar,18,72,47,0,137,0,174,58,2,234,18,246,105,2,371,276,0,276,647
02/28/2022,DAB,FL,ASO,ES,Combined TRACON& Tower with Radar,18,96,45,0,159,0,18,14,0,32,18,114,59,0,191,46,0,46,237
03/01/2022,DAB,FL,ASO,ES,Combined TRACON& Tower with Radar,16,111,63,2,192,0,196,54,2,252,16,307,117,4,444,2,0,2,446
03/02/2022,DAB,FL,ASO,ES,Combined TRACON& Tower with Radar,18,144,42,2,206,0,657,108,1,766,18,801,150,3,972,463,0,463,1435
03/03/2022,DAB,FL,ASO,ES,Combined TRACON& Tower with Radar,20,124,49,2,195,0,617,108,1,726,20,741,157,3,921,504,0,504,1425
03/04/2022,DAB,FL,ASO,ES,Combined TRACON& Tower with Radar,20,123,52,0,195,0,579,82,2,663,20,702,134,2,858,435,0,435,1293
03/05/2022,DAB,FL,ASO,ES,Combined TRACON& Tower with Radar,22,77,52,2,153,0,238,81,2,321,22,315,133,4,474,329,0,329,803
03/06/2022,DAB,FL,ASO,ES,Combined TRACON& Tower with Radar,22,67,49,2,140,0,134,74,8,216,22,201,123,10,356,40,0,40,396
03/07/2022,DAB,FL,ASO,ES,Combined TRACON& Tower with Radar,20,70,32,0,122,0,345,72,6,423,20,415,104,6,545,0,0,0,545
03/08/2022,DAB,FL,ASO,ES,Combined TRACON& Tower with Radar,20,80,53,0,153,0,109,39,0,148,20,189,92,0,301,316,0,316,617
03/09/2022,DAB,FL,ASO,ES,Combined TRACON& Tower with Radar,17,58,52,4,131,0,9,10,0,19,17,67,62,4,150,167,0,167,317
03/10/2022,DAB,FL,ASO,ES,Combined TRACON& Tower with Radar,20,87,56,2,165,0,109,33,0,142,20,196,89,2,307,32,0,32,339
03/11/2022,DAB,FL,ASO,ES,Combined TRACON& Tower with Radar,19,115,66,2,202,0,106,45,12,163,19,221,111,14,365,382,0,382,747
03/12/2022,DAB,FL,ASO,ES,Combined TRACON& Tower with Radar,13,17,25,0,55,0,7,11,0,18,13,24,36,0,73,8,0,8,81
03/13/2022,DAB,FL,ASO,ES,Combined TRACON& Tower with Radar,16,77,51,0,144,0,226,87,0,313,16,303,138,0,457,4,0,4,461
03/14/2022,DAB,FL,ASO,ES,Combined TRACON& Tower with Radar,19,144,66,0,229,0,491,110,1,602,19,635,176,1,831,393,0,393,1224
03/15/2022,DAB,FL,ASO,ES,Combined TRACON& Tower with Radar,18,96,43,2,159,0,275,57,2,334,18,371,100,4,493,195,0,195,688
03/16/2022,DAB,FL,ASO,ES,Combined TRACON& Tower with Radar,17,62,39,3,121,0,151,41,5,197,17,213,80,8,318,282,0,282,600
03/17/2022,DAB,FL,ASO,ES,Combined TRACON& Tower with Radar,20,145,77,0,242,0,376,79,1,456,20,521,156,1,698,380,0,380,1078
03/18/2022,DAB,FL,ASO,ES,Combined TRACON& Tower with Radar,22,93,62,0,177,0,258,68,0,326,22,351,130,0,503,236,0,236,739
03/19/2022,DAB,FL,ASO,ES,Combined TRACON& Tower with Radar,22,71,60,2,155,0,204,90,0,294,22,275,150,2,449,198,0,198,647
03/20/2022,DAB,FL,ASO,ES,Combined TRACON& Tower with Radar,23,53,65,0,141,0,196,87,0,283,23,249,152,0,424,114,0,114,538
03/21/2022,DAB,FL,ASO,ES,Combined TRACON& Tower with Radar,18,152,35,2,207,0,547,106,0,653,18,699,141,2,860,560,0,560,1420
03/22/2022,DAB,FL,ASO,ES,Combined TRACON& Tower with Radar,18,104,55,0,177,0,447,89,1,537,18,551,144,1,714,4,0,4,718
03/23/2022,DAB,FL,ASO,ES,Combined TRACON& Tower with Radar,15,63,46,2,126,0,172,33,0,205,15,235,79,2,331,2,0,2,333
03/24/2022,DAB,FL,ASO,ES,Combined TRACON& Tower with Radar,20,76,25,0,121,0,8,4,0,12,20,84,29,0,133,4,0,4,137
03/25/2022,DAB,FL,ASO,ES,Combined TRACON& Tower with Radar,20,108,60,4,192,0,579,116,0,695,20,687,176,4,887,482,0,482,1369
03/26/2022,DAB,FL,ASO,ES,Combined TRACON& Tower with Radar,25,72,49,1,147,0,388,103,0,491,25,460,152,1,638,542,0,542,1180
03/27/2022,DAB,FL,ASO,ES,Combined TRACON& Tower with Radar,20,89,39,1,149,0,253,90,0,343,20,342,129,1,492,273,0,273,765
03/28/2022,DAB,FL,ASO,ES,Combined TRACON& Tower with Radar,20,131,41,0,192,0,581,124,0,705,20,712,165,0,897,479,0,479,1376
03/29/2022,DAB,FL,ASO,ES,Combined TRACON& Tower with Radar,20,148,39,1,208,0,612,115,5,732,20,760,154,6,940,517,0,517,1457
03/30/2022,DAB,FL,ASO,ES,Combined TRACON& Tower with Radar,17,82,34,5,138,0,290,63,1,354,17,372,97,6,492,48,0,48,540
03/31/2022,DAB,FL,ASO,ES,Combined TRACON& Tower with Radar,17,34,23,0,74,0,118,24,0,142,17,152,47,0,216,29,0,29,245
04/01/2022,DAB,FL,ASO,ES,Combined TRACON& Tower with Radar,21,148,63,8,240,0,321,58,0,379,21,469,121,8,619,369,0,369,988
04/02/2022,DAB,FL,ASO,ES,Combined TRACON& Tower with Radar,12,38,25,0,75,0,1,1,0,2,12,39,26,0,77,43,0,43,120
04/03/2022,DAB,FL,ASO,ES,Combined TRACON& Tower with Radar,22,117,72,4,215,0,269,99,0,368,22,386,171,4,583,390,0,390,973
04/04/2022,DAB,FL,ASO,ES,Combined TRACON& Tower with Radar,21,143,71,0,235,0,596,137,1,734,21,739,208,1,969,459,0,459,1428
04/05/2022,DAB,FL,ASO,ES,Combined TRACON& Tower with Radar,16,125,38,0,179,0,222,45,0,267,16,347,83,0,446,102,0,102,548
04/06/2022,DAB,FL,ASO,ES,Combined TRACON& Tower with Radar,15,122,78,22,237,0,358,66,0,424,15,480,144,22,661,559,0,559,1220
04/07/2022,DAB,FL,ASO,ES,Combined TRACON& Tower with Radar,21,94,46,6,167,0,67,27,1,95,21,161,73,7,262,121,0,121,383
04/08/2022,DAB,FL,ASO,ES,Combined TRACON& Tower with Radar,17,94,47,18,176,0,406,77,4,487,17,500,124,22,663,439,2,441,1104
04/09/2022,DAB,FL,ASO,ES,Combined TRACON& Tower with Radar,20,38,30,13,101,0,211,60,6,277,20,249,90,19,378,249,0,249,627
04/10/2022,DAB,FL,ASO,ES,Combined TRACON& Tower with Radar,19,139,67,8,233,0,444,96,2,542,19,583,163,10,775,284,0,284,1059
04/11/2022,DAB,FL,ASO,ES,Combined TRACON& Tower with Radar,17,146,51,0,214,0,581,82,3,666,17,727,133,3,880,293,0,293,1173
04/12/2022,DAB,FL,ASO,ES,Combined TRACON& Tower with Radar,17,151,48,0,216,0,583,83,6,672,17,734,131,6,888,252,0,252,1140
04/13/2022,DAB,FL,ASO,ES,Combined TRACON& Tower with Radar,16,115,48,1,180,0,527,88,1,616,16,642,136,2,796,66,0,66,862
04/14/2022,DAB,FL,ASO,ES,Combined TRACON& Tower with Radar,18,97,48,4,167,0,452,84,1,537,18,549,132,5,704,247,0,247,951
04/15/2022,DAB,FL,ASO,ES,Combined TRACON& Tower with Radar,19,124,70,2,215,0,257,62,1,320,19,381,132,3,535,522,0,522,1057
04/16/2022,DAB,FL,ASO,ES,Combined TRACON& Tower with Radar,23,157,36,0,216,0,282,89,0,371,23,439,125,0,587,435,0,435,1022
04/17/2022,DAB,FL,ASO,ES,Combined TRACON& Tower with Radar,19,50,27,2,98,0,130,58,0,188,19,180,85,2,286,329,0,329,615
04/18/2022,DAB,FL,ASO,ES,Combined TRACON& Tower with Radar,19,164,61,0,244,0,321,50,0,371,19,485,111,0,615,404,0,404,1019
04/19/2022,DAB,FL,ASO,ES,Combined TRACON& Tower with Radar,16,125,45,0,186,0,404,85,1,490,16,529,130,1,676,100,0,100,776
04/20/2022,DAB,FL,ASO,ES,Combined TRACON& Tower with Radar,16,130,43,3,192,0,400,90,3,493,16,530,133,6,685,533,0,533,1218
04/21/2022,DAB,FL,ASO,ES,Combined TRACON& Tower with Radar,17,135,55,2,209,0,373,80,0,453,17,508,135,2,662,500,0,500,1162
04/22/2022,DAB,FL,ASO,ES,Combined TRACON& Tower with Radar,19,112,61,0,192,0,344,70,2,416,19,456,131,2,608,542,0,542,1150
04/23/2022,DAB,FL,ASO,ES,Combined TRACON& Tower with Radar,20,98,60,0,178,0,275,98,0,373,20,373,158,0,551,497,0,497,1048
04/24/2022,DAB,FL,ASO,ES,Combined TRACON& Tower with Radar,18,110,30,0,158,0,253,84,0,337,18,363,114,0,495,486,0,486,981
04/25/2022,DAB,FL,ASO,ES,Combined TRACON& Tower with Radar,18,121,34,0,173,0,490,90,0,580,18,611,124,0,753,429,0,429,1182
04/26/2022,DAB,FL,ASO,ES,Combined TRACON& Tower with Radar,16,118,49,2,185,0,572,111,0,683,16,690,160,2,868,580,0,580,1448
04/27/2022,DAB,FL,ASO,ES,Combined TRACON& Tower with Radar,16,143,85,0,244,0,333,92,1,426,16,476,177,1,670,457,0,457,1127
04/28/2022,DAB,FL,ASO,ES,Combined TRACON& Tower with Radar,18,117,47,0,182,0,271,70,0,341,18,388,117,0,523,499,0,499,1022
04/29/2022,DAB,FL,ASO,ES,Combined TRACON& Tower with Radar,17,121,43,1,182,0,348,55,2,405,17,469,98,3,587,502,0,502,1089
04/30/2022,DAB,FL,ASO,ES,Combined TRACON& Tower with Radar,21,82,40,0,143,0,236,85,0,321,21,318,125,0,464,430,0,430,894
05/01/2022,DAB,FL,ASO,ES,Combined TRACON& Tower with Radar,18,49,53,0,120,0,156,64,0,220,18,205,117,0,340,328,0,328,668
05/02/2022,DAB,FL,ASO,ES,Combined TRACON& Tower with Radar,18,127,49,0,194,0,431,93,0,524,18,558,142,0,718,396,0,396,1114
05/03/2022,DAB,FL,ASO,ES,Combined TRACON& Tower with Radar,16,148,53,9,226,0,334,64,0,398,16,482,117,9,624,594,0,594,1218
05/04/2022,DAB,FL,ASO,ES,Combined TRACON& Tower with Radar,16,129,54,4,203,0,416,84,4,504,16,545,138,8,707,520,0,520,1227
05/05/2022,DAB,FL,ASO,ES,Combined TRACON& Tower with Radar,15,104,44,1,164,0,479,74,1,554,15,583,118,2,718,557,0,557,1275
05/06/2022,DAB,FL,ASO,ES,Combined TRACON& Tower with Radar,17,89,39,4,149,0,334,75,4,413,17,423,114,8,562,455,0,455,1017
05/07/2022,DAB,FL,ASO,ES,Combined TRACON& Tower with Radar,18,45,11,0,74,0,31,31,1,63,18,76,42,1,137,117,0,117,254
05/08/2022,DAB,FL,ASO,ES,Combined TRACON& Tower with Radar,15,69,40,2,126,0,176,66,2,244,15,245,106,4,370,307,0,307,677
05/09/2022,DAB,FL,ASO,ES,Combined TRACON& Tower with Radar,17,94,47,0,158,0,192,48,0,240,17,286,95,0,398,528,0,528,926
05/10/2022,DAB,FL,ASO,ES,Combined TRACON& Tower with Radar,16,62,56,5,139,0,218,59,3,280,16,280,115,8,419,207,0,207,626
05/11/2022,DAB,FL,ASO,ES,Combined TRACON& Tower with Radar,14,48,26,0,88,0,186,41,4,231,14,234,67,4,319,14,0,14,333
05/12/2022,DAB,FL,ASO,ES,Combined TRACON& Tower with Radar,16,103,19,0,138,0,210,42,2,254,16,313,61,2,392,34,0,34,426
05/13/2022,DAB,FL,ASO,ES,Combined TRACON& Tower with Radar,15,88,52,2,157,0,326,70,0,396,15,414,122,2,553,649,0,649,1202
05/14/2022,DAB,FL,ASO,ES,Combined TRACON& Tower with Radar,15,71,19,1,106,0,281,87,1,369,15,352,106,2,475,396,0,396,871
05/15/2022,DAB,FL,ASO,ES,Combined TRACON& Tower with Radar,15,47,29,3,94,0,91,74,0,165,15,138,103,3,259,290,0,290,549
05/16/2022,DAB,FL,ASO,ES,Combined TRACON& Tower with Radar,15,79,48,4,146,0,368,78,0,446,15,447,126,4,592,589,0,589,1181
05/17/2022,DAB,FL,ASO,ES,Combined TRACON& Tower with Radar,13,76,37,1,127,0,387,53,1,441,13,463,90,2,568,652,0,652,1220
05/18/2022,DAB,FL,ASO,ES,Combined TRACON& Tower with Radar,14,142,57,0,213,0,317,53,0,370,14,459,110,0,583,403,0,403,986
05/19/2022,DAB,FL,ASO,ES,Combined TRACON& Tower with Radar,17,104,61,4,186,0,465,93,1,559,17,569,154,5,745,357,0,357,1102
05/20/2022,DAB,FL,ASO,ES,Combined TRACON& Tower with Radar,17,45,52,0,114,0,242,54,0,296,17,287,106,0,410,486,0,486,896
05/21/2022,DAB,FL,ASO,ES,Combined TRACON& Tower with Radar,15,33,29,0,77,0,71,34,0,105,15,104,63,0,182,182,0,182,364
05/22/2022,DAB,FL,ASO,ES,Combined TRACON& Tower with Radar,17,65,58,0,140,0,49,25,0,74,17,114,83,0,214,33,0,33,247
05/23/2022,DAB,FL,ASO,ES,Combined TRACON& Tower with Radar,15,155,44,4,218,0,359,64,0,423,15,514,108,4,641,6,0,6,647
05/24/2022,DAB,FL,ASO,ES,Combined TRACON& Tower with Radar,15,145,28,7,195,0,359,65,1,425,15,504,93,8,620,198,6,204,824
05/25/2022,DAB,FL,ASO,ES,Combined TRACON& Tower with Radar,14,93,58,0,165,0,303,73,0,376,14,396,131,0,541,0,0,0,541
05/26/2022,DAB,FL,ASO,ES,Combined TRACON& Tower with Radar,15,83,46,1,145,0,479,98,0,577,15,562,144,1,722,120,0,120,842
05/27/2022,DAB,FL,ASO,ES,Combined TRACON& Tower with Radar,17,46,27,1,91,0,237,65,1,303,17,283,92,2,394,117,0,117,511
05/28/2022,DAB,FL,ASO,ES,Combined TRACON& Tower with Radar,20,61,42,0,123,0,165,73,10,248,20,226,115,10,371,263,0,263,634
05/29/2022,DAB,FL,ASO,ES,Combined TRACON& Tower with Radar,22,30,37,1,90,0,141,48,3,192,22,171,85,4,282,404,0,404,686
05/30/2022,DAB,FL,ASO,ES,Combined TRACON& Tower with Radar,14,57,37,1,109,0,265,67,0,332,14,322,104,1,441,578,0,578,1019
05/31/2022,DAB,FL,ASO,ES,Combined TRACON& Tower with Radar,16,99,43,0,158,0,299,49,0,348,16,398,92,0,506,614,0,614,1120
06/01/2022,DAB,FL,ASO,ES,Combined TRACON& Tower with Radar,14,115,38,1,168,0,365,80,0,445,14,480,118,1,613,709,0,709,1322
06/02/2022,DAB,FL,ASO,ES,Combined TRACON& Tower with Radar,15,103,42,4,164,0,474,96,1,571,15,577,138,5,735,375,0,375,1110
06/03/2022,DAB,FL,ASO,ES,Combined TRACON& Tower with Radar,17,71,30,0,118,0,378,74,0,452,17,449,104,0,570,363,0,363,933
06/04/2022,DAB,FL,ASO,ES,Combined TRACON& Tower with Radar,19,54,17,1,91,0,13,4,0,17,19,67,21,1,108,0,0,0,108
06/05/2022,DAB,FL,ASO,ES,Combined TRACON& Tower with Radar,15,49,39,0,103,0,83,39,0,122,15,132,78,0,225,376,0,376,601
06/06/2022,DAB,FL,ASO,ES,Combined TRACON& Tower with Radar,16,128,37,3,184,0,173,45,1,219,16,301,82,4,403,250,0,250,653
06/07/2022,DAB,FL,ASO,ES,Combined TRACON& Tower with Radar,19,112,52,2,185,0,509,92,3,604,19,621,144,5,789,353,0,353,1142
06/08/2022,DAB,FL,ASO,ES,Combined TRACON& Tower with Radar,18,77,54,0,149,0,437,67,0,504,18,514,121,0,653,523,0,523,1176
06/09/2022,DAB,FL,ASO,ES,Combined TRACON& Tower with Radar,25,74,79,0,178,0,371,80,0,451,25,445,159,0,629,498,0,498,1127
06/10/2022,DAB,FL,ASO,ES,Combined TRACON& Tower with Radar,16,51,34,4,105,0,193,36,0,229,16,244,70,4,334,271,0,271,605
06/11/2022,DAB,FL,ASO,ES,Combined TRACON& Tower with Radar,21,48,24,1,94,0,128,41,1,170,21,176,65,2,264,439,0,439,703
06/12/2022,DAB,FL,ASO,ES,Combined TRACON& Tower with Radar,22,74,62,3,161,0,139,51,3,193,22,213,113,6,354,389,0,389,743
06/13/2022,DAB,FL,ASO,ES,Combined TRACON& Tower with Radar,16,107,26,4,153,0,454,71,0,525,16,561,97,4,678,404,0,404,1082
06/14/2022,DAB,FL,ASO,ES,Combined TRACON& Tower with Radar,15,83,43,0,141,0,517,71,0,588,15,600,114,0,729,515,0,515,1244
06/15/2022,DAB,FL,ASO,ES,Combined TRACON& Tower with Radar,20,88,37,0,145,0,504,68,0,572,20,592,105,0,717,418,0,418,1135
06/16/2022,DAB,FL,ASO,ES,Combined TRACON& Tower with Radar,15,91,56,0,162,0,404,62,0,466,15,495,118,0,628,553,0,553,1181
06/17/2022,DAB,FL,ASO,ES,Combined TRACON& Tower with Radar,15,73,45,0,133,0,386,68,0,454,15,459,113,0,587,407,0,407,994
06/18/2022,DAB,FL,ASO,ES,Combined TRACON& Tower with Radar,19,50,18,2,89,0,176,39,0,215,19,226,57,2,304,258,0,258,562
06/19/2022,DAB,FL,ASO,ES,Combined TRACON& Tower with Radar,15,45,32,0,92,0,109,40,4,153,15,154,72,4,245,406,0,406,651
06/20/2022,DAB,FL,ASO,ES,Combined TRACON& Tower with Radar,17,104,48,2,171,0,224,40,0,264,17,328,88,2,435,608,0,608,1043
06/21/2022,DAB,FL,ASO,ES,Combined TRACON& Tower with Radar,18,88,39,0,145,0,400,74,0,474,18,488,113,0,619,717,0,717,1336
06/22/2022,DAB,FL,ASO,ES,Combined TRACON& Tower with Radar,16,85,27,0,128,0,443,81,0,524,16,528,108,0,652,545,0,545,1197
06/23/2022,DAB,FL,ASO,ES,Combined TRACON& Tower with Radar,14,59,46,2,121,0,312,85,1,398,14,371,131,3,519,423,0,423,942
06/24/2022,DAB,FL,ASO,ES,Combined TRACON& Tower with Radar,16,59,29,0,104,0,145,39,0,184,16,204,68,0,288,344,0,344,632
06/25/2022,DAB,FL,ASO,ES,Combined TRACON& Tower with Radar,15,92,33,0,140,0,84,33,0,117,15,176,66,0,257,329,0,329,586
06/26/2022,DAB,FL,ASO,ES,Combined TRACON& Tower with Radar,14,49,45,0,108,0,141,84,0,225,14,190,129,0,333,293,0,293,626
06/27/2022,DAB,FL,ASO,ES,Combined TRACON& Tower with Radar,11,102,33,0,146,0,186,33,1,220,11,288,66,1,366,335,0,335,701
06/28/2022,DAB,FL,ASO,ES,Combined TRACON& Tower with Radar,18,126,36,0,180,0,342,75,0,417,18,468,111,0,597,211,0,211,808
06/29/2022,DAB,FL,ASO,ES,Combined TRACON& Tower with Radar,18,105,37,0,160,0,377,49,0,426,18,482,86,0,586,616,0,616,1202
06/30/2022,DAB,FL,ASO,ES,Combined TRACON& Tower with Radar,15,77,48,0,140,0,164,36,0,200,15,241,84,0,340,393,0,393,733
07/01/2022,DAB,FL,ASO,ES,Combined TRACON& Tower with Radar,15,41,30,0,86,0,227,53,1,281,15,268,83,1,367,308,0,308,675
07/02/2022,DAB,FL,ASO,ES,Combined TRACON& Tower with Radar,18,30,26,0,74,0,146,39,0,185,18,176,65,0,259,17,0,17,276
07/03/2022,DAB,FL,ASO,ES,Combined TRACON& Tower with Radar,16,15,23,0,54,0,94,36,0,130,16,109,59,0,184,103,0,103,287
07/04/2022,DAB,FL,ASO,ES,Combined TRACON& Tower with Radar,16,30,21,0,67,0,85,46,3,134,16,115,67,3,201,227,0,227,428
07/05/2022,DAB,FL,ASO,ES,Combined TRACON& Tower with Radar,18,123,33,2,176,0,390,50,0,440,18,513,83,2,616,476,0,476,1092
07/06/2022,DAB,FL,ASO,ES,Combined TRACON& Tower with Radar,16,116,18,0,150,0,334,73,2,409,16,450,91,2,559,390,0,390,949
07/07/2022,DAB,FL,ASO,ES,Combined TRACON& Tower with Radar,18,80,27,4,129,0,361,72,0,433,18,441,99,4,562,396,0,396,958
07/08/2022,DAB,FL,ASO,ES,Combined TRACON& Tower with Radar,18,90,34,0,142,0,384,77,2,463,18,474,111,2,605,265,0,265,870
07/09/2022,DAB,FL,ASO,ES,Combined TRACON& Tower with Radar,19,43,25,0,87,0,178,61,0,239,19,221,86,0,326,186,0,186,512
07/10/2022,DAB,FL,ASO,ES,Combined TRACON& Tower with Radar,17,31,19,2,69,0,99,49,0,148,17,130,68,2,217,168,0,168,385
07/11/2022,DAB,FL,ASO,ES,Combined TRACON& Tower with Radar,21,43,25,0,89,0,298,57,0,355,21,341,82,0,444,124,0,124,568
07/12/2022,DAB,FL,ASO,ES,Combined TRACON& Tower with Radar,17,93,53,0,163,0,398,84,0,482,17,491,137,0,645,332,0,332,977
07/13/2022,DAB,FL,ASO,ES,Combined TRACON& Tower with Radar,14,67,26,2,109,0,307,57,0,364,14,374,83,2,473,357,0,357,830
07/14/2022,DAB,FL,ASO,ES,Combined TRACON& Tower with Radar,14,90,46,0,150,0,351,54,4,409,14,441,100,4,559,427,0,427,986
07/15/2022,DAB,FL,ASO,ES,Combined TRACON& Tower with Radar,16,107,41,2,166,0,421,79,0,500,16,528,120,2,666,337,0,337,1003
07/16/2022,DAB,FL,ASO,ES,Combined TRACON& Tower with Radar,23,56,33,0,112,0,94,31,0,125,23,150,64,0,237,215,0,215,452
07/17/2022,DAB,FL,ASO,ES,Combined TRACON& Tower with Radar,18,37,26,0,81,0,78,35,0,113,18,115,61,0,194,113,0,113,307
07/18/2022,DAB,FL,ASO,ES,Combined TRACON& Tower with Radar,15,70,45,0,130,0,322,60,0,382,15,392,105,0,512,404,0,404,916
07/19/2022,DAB,FL,ASO,ES,Combined TRACON& Tower with Radar,16,73,34,0,123,0,311,67,0,378,16,384,101,0,501,226,0,226,727
07/20/2022,DAB,FL,ASO,ES,Combined TRACON& Tower with Radar,14,74,33,0,121,0,307,42,0,349,14,381,75,0,470,295,0,295,765
07/21/2022,DAB,FL,ASO,ES,Combined TRACON& Tower with Radar,14,89,57,0,160,0,424,89,0,513,14,513,146,0,673,437,0,437,1110
07/22/2022,DAB,FL,ASO,ES,Combined TRACON& Tower with Radar,16,77,30,5,128,0,409,60,3,472,16,486,90,8,600,162,2,164,764
07/23/2022,DAB,FL,ASO,ES,Combined TRACON& Tower with Radar,19,49,31,0,99,0,201,70,0,271,19,250,101,0,370,58,0,58,428
07/24/2022,DAB,FL,ASO,ES,Combined TRACON& Tower with Radar,17,42,29,0,88,0,161,53,0,214,17,203,82,0,302,230,0,230,532
07/25/2022,DAB,FL,ASO,ES,Combined TRACON& Tower with Radar,12,78,25,0,115,0,398,60,0,458,12,476,85,0,573,468,0,468,1041
07/26/2022,DAB,FL,ASO,ES,Combined TRACON& Tower with Radar,19,64,37,0,120,0,237,42,0,279,19,301,79,0,399,314,0,314,713
07/27/2022,DAB,FL,ASO,ES,Combined TRACON& Tower with Radar,16,127,41,2,186,0,362,83,0,445,16,489,124,2,631,215,0,215,846
07/28/2022,DAB,FL,ASO,ES,Combined TRACON& Tower with Radar,15,105,30,0,150,0,486,97,0,583,15,591,127,0,733,328,0,328,1061
07/29/2022,DAB,FL,ASO,ES,Combined TRACON& Tower with Radar,15,95,36,2,148,0,448,70,1,519,15,543,106,3,667,508,0,508,1175
07/30/2022,DAB,FL,ASO,ES,Combined TRACON& Tower with Radar,16,53,33,0,102,0,252,69,0,321,16,305,102,0,423,194,0,194,617
07/31/2022,DAB,FL,ASO,ES,Combined TRACON& Tower with Radar,14,42,33,0,89,0,161,48,1,210,14,203,81,1,299,93,0,93,392
08/01/2022,DAB,FL,ASO,ES,Combined TRACON& Tower with Radar,17,55,28,0,100,0,369,71,0,440,17,424,99,0,540,211,0,211,751
08/02/2022,DAB,FL,ASO,ES,Combined TRACON& Tower with Radar,14,57,35,0,106,0,339,43,0,382,14,396,78,0,488,355,0,355,843
08/03/2022,DAB,FL,ASO,ES,Combined TRACON& Tower with Radar,14,74,36,6,130,0,415,90,6,511,14,489,126,12,641,381,0,381,1022
08/04/2022,DAB,FL,ASO,ES,Combined TRACON& Tower with Radar,11,98,54,0,163,0,351,83,0,434,11,449,137,0,597,383,0,383,980
08/05/2022,DAB,FL,ASO,ES,Combined TRACON& Tower with Radar,14,94,37,5,150,0,274,34,9,317,14,368,71,14,467,413,0,413,880
08/06/2022,DAB,FL,ASO,ES,Combined TRACON& Tower with Radar,11,62,38,0,111,0,164,54,1,219,11,226,92,1,330,413,0,413,743
08/07/2022,DAB,FL,ASO,ES,Combined TRACON& Tower with Radar,13,36,31,1,81,0,76,63,0,139,13,112,94,1,220,303,0,303,523
08/08/2022,DAB,FL,ASO,ES,Combined TRACON& Tower with Radar,14,85,30,0,129,0,211,49,0,260,14,296,79,0,389,592,0,592,981
08/09/2022,DAB,FL,ASO,ES,Combined TRACON& Tower with Radar,12,84,40,0,136,0,275,76,0,351,12,359,116,0,487,345,0,345,832
08/10/2022,DAB,FL,ASO,ES,Combined TRACON& Tower with Radar,12,102,34,0,148,0,343,89,0,432,12,445,123,0,580,192,0,192,772
08/11/2022,DAB,FL,ASO,ES,Combined TRACON& Tower with Radar,13,85,30,0,128,0,221,40,0,261,13,306,70,0,389,254,0,254,643
08/12/2022,DAB,FL,ASO,ES,Combined TRACON& Tower with Radar,13,71,33,3,120,0,232,60,3,295,13,303,93,6,415,296,0,296,711
08/13/2022,DAB,FL,ASO,ES,Combined TRACON& Tower with Radar,14,42,24,2,82,0,170,47,3,220,14,212,71,5,302,404,0,404,706
08/14/2022,DAB,FL,ASO,ES,Combined TRACON& Tower with Radar,15,53,43,1,112,0,105,49,0,154,15,158,92,1,266,224,0,224,490
08/15/2022,DAB,FL,ASO,ES,Combined TRACON& Tower with Radar,14,89,40,2,145,0,365,74,0,439,14,454,114,2,584,377,0,377,961
08/16/2022,DAB,FL,ASO,ES,Combined TRACON& Tower with Radar,12,79,59,2,152,0,352,80,2,434,12,431,139,4,586,543,0,543,1129
08/17/2022,DAB,FL,ASO,ES,Combined TRACON& Tower with Radar,13,66,42,2,123,0,183,40,0,223,13,249,82,2,346,338,0,338,684
08/18/2022,DAB,FL,ASO,ES,Combined TRACON& Tower with Radar,15,63,42,0,120,0,258,48,0,306,15,321,90,0,426,337,0,337,763
08/19/2022,DAB,FL,ASO,ES,Combined TRACON& Tower with Radar,13,71,50,1,135,0,299,45,0,344,13,370,95,1,479,423,0,423,902
08/20/2022,DAB,FL,ASO,ES,Combined TRACON& Tower with Radar,15,59,34,1,109,0,212,71,0,283,15,271,105,1,392,252,0,252,644
08/21/2022,DAB,FL,ASO,ES,Combined TRACON& Tower with Radar,11,35,38,0,84,0,64,56,0,120,11,99,94,0,204,212,0,212,416
08/22/2022,DAB,FL,ASO,ES,Combined TRACON& Tower with Radar,14,63,29,0,106,0,259,78,2,339,14,322,107,2,445,315,0,315,760
08/23/2022,DAB,FL,ASO,ES,Combined TRACON& Tower with Radar,13,18,20,0,51,0,132,46,1,179,13,150,66,1,230,234,0,234,464
08/24/2022,DAB,FL,ASO,ES,Combined TRACON& Tower with Radar,16,124,51,2,193,0,228,65,0,293,16,352,116,2,486,566,0,566,1052
08/25/2022,DAB,FL,ASO,ES,Combined TRACON& Tower with Radar,16,84,59,2,161,0,245,64,0,309,16,329,123,2,470,308,0,308,778
08/26/2022,DAB,FL,ASO,ES,Combined TRACON& Tower with Radar,14,49,65,4,132,0,98,31,1,130,14,147,96,5,262,230,0,230,492
08/27/2022,DAB,FL,ASO,ES,Combined TRACON& Tower with Radar,14,55,70,0,139,0,134,51,0,185,14,189,121,0,324,196,0,196,520
08/28/2022,DAB,FL,ASO,ES,Combined TRACON& Tower with Radar,13,48,69,1,131,0,53,51,0,104,13,101,120,1,235,69,0,69,304
08/29/2022,DAB,FL,ASO,ES,Combined TRACON& Tower with Radar,14,56,41,0,111,0,169,42,2,213,14,225,83,2,324,410,0,410,734
08/30/2022,DAB,FL,ASO,ES,Combined TRACON& Tower with Radar,15,55,28,0,98,0,279,61,2,342,15,334,89,2,440,329,0,329,769
08/31/2022,DAB,FL,ASO,ES,Combined TRACON& Tower with Radar,14,58,36,2,110,0,275,80,2,357,14,333,116,4,467,394,0,394,861
09/01/2022,DAB,FL,ASO,ES,Combined TRACON& Tower with Radar,12,67,44,0,123,0,328,71,2,401,12,395,115,2,524,482,0,482,1006
09/02/2022,DAB,FL,ASO,ES,Combined TRACON& Tower with Radar,11,68,45,0,124,0,204,45,0,249,11,272,90,0,373,442,0,442,815
09/03/2022,DAB,FL,ASO,ES,Combined TRACON& Tower with Radar,13,76,28,0,117,0,199,63,1,263,13,275,91,1,380,434,0,434,814
09/04/2022,DAB,FL,ASO,ES,Combined TRACON& Tower with Radar,9,61,31,0,101,0,195,68,0,263,9,256,99,0,364,474,0,474,838
09/05/2022,DAB,FL,ASO,ES,Combined TRACON& Tower with Radar,13,41,43,0,97,0,148,80,0,228,13,189,123,0,325,463,0,463,788
09/06/2022,DAB,FL,ASO,ES,Combined TRACON& Tower with Radar,12,92,35,1,140,0,358,83,0,441,12,450,118,1,581,591,0,591,1172
09/07/2022,DAB,FL,ASO,ES,Combined TRACON& Tower with Radar,12,64,45,0,121,0,368,91,0,459,12,432,136,0,580,602,0,602,1182
09/08/2022,DAB,FL,ASO,ES,Combined TRACON& Tower with Radar,14,58,45,0,117,0,277,47,2,326,14,335,92,2,443,306,0,306,749
09/09/2022,DAB,FL,ASO,ES,Combined TRACON& Tower with Radar,14,87,43,0,144,0,209,48,0,257,14,296,91,0,401,325,0,325,726
09/10/2022,DAB,FL,ASO,ES,Combined TRACON& Tower with Radar,14,49,36,0,99,0,257,72,0,329,14,306,108,0,428,249,0,249,677
09/11/2022,DAB,FL,ASO,ES,Combined TRACON& Tower with Radar,15,52,24,0,91,0,155,69,0,224,15,207,93,0,315,406,0,406,721
09/12/2022,DAB,FL,ASO,ES,Combined TRACON& Tower with Radar,15,52,21,0,88,0,309,58,0,367,15,361,79,0,455,486,0,486,941
09/13/2022,DAB,FL,ASO,ES,Combined TRACON& Tower with Radar,12,89,40,0,141,0,359,51,0,410,12,448,91,0,551,415,0,415,966
09/14/2022,DAB,FL,ASO,ES,Combined TRACON& Tower with Radar,16,71,45,0,132,0,211,60,4,275,16,282,105,4,407,546,0,546,953
09/15/2022,DAB,FL,ASO,ES,Combined TRACON& Tower with Radar,13,93,34,1,141,0,285,67,1,353,13,378,101,2,494,558,0,558,1052
09/16/2022,DAB,FL,ASO,ES,Combined TRACON& Tower with Radar,15,74,37,3,129,0,225,55,1,281,15,299,92,4,410,405,0,405,815
09/17/2022,DAB,FL,ASO,ES,Combined TRACON& Tower with Radar,12,90,21,0,123,0,97,40,0,137,12,187,61,0,260,293,0,293,553
09/18/2022,DAB,FL,ASO,ES,Combined TRACON& Tower with Radar,14,61,49,0,124,0,94,38,0,132,14,155,87,0,256,352,0,352,608
09/19/2022,DAB,FL,ASO,ES,Combined TRACON& Tower with Radar,15,101,42,2,160,0,275,48,0,323,15,376,90,2,483,634,0,634,1117
09/20/2022,DAB,FL,ASO,ES,Combined TRACON& Tower with Radar,15,129,53,2,199,0,354,105,2,461,15,483,158,4,660,399,0,399,1059
09/21/2022,DAB,FL,ASO,ES,Combined TRACON& Tower with Radar,12,139,45,0,196,0,204,44,2,250,12,343,89,2,446,283,0,283,729
09/22/2022,DAB,FL,ASO,ES,Combined TRACON& Tower with Radar,14,131,50,2,197,0,526,133,1,660,14,657,183,3,857,519,0,519,1376
09/23/2022,DAB,FL,ASO,ES,Combined TRACON& Tower with Radar,14,168,50,7,239,0,215,53,0,268,14,383,103,7,507,382,0,382,889
09/24/2022,DAB,FL,ASO,ES,Combined TRACON& Tower with Radar,12,74,38,2,126,0,305,112,0,417,12,379,150,2,543,392,0,392,935
09/25/2022,DAB,FL,ASO,ES,Combined TRACON& Tower with Radar,14,54,61,0,129,0,215,76,2,293,14,269,137,2,422,516,0,516,938
09/26/2022,DAB,FL,ASO,ES,Combined TRACON& Tower with Radar,13,88,60,0,161,0,495,97,0,592,13,583,157,0,753,504,0,504,1257
09/27/2022,DAB,FL,ASO,ES,Combined TRACON& Tower with Radar,12,41,30,2,85,0,135,19,0,154,12,176,49,2,239,132,0,132,371
09/28/2022,DAB,FL,ASO,ES,Combined TRACON& Tower with Radar,3,0,1,0,4,0,0,0,0,0,3,0,1,0,4,0,0,0,4
09/29/2022,DAB,FL,ASO,ES,Combined TRACON& Tower with Radar,0,0,0,0,0,0,0,0,0,0,0,0,0,0,0,0,0,0,0
09/30/2022,DAB,FL,ASO,ES,Combined TRACON& Tower with Radar,0,8,8,1,17,0,1,14,5,20,0,9,22,6,37,0,0,0,37
10/01/2022,DAB,FL,ASO,ES,Combined TRACON& Tower with Radar,10,11,25,0,46,0,32,28,0,60,10,43,53,0,106,27,0,27,133
10/02/2022,DAB,FL,ASO,ES,Combined TRACON& Tower with Radar,16,19,28,0,63,0,46,39,0,85,16,65,67,0,148,48,0,48,196
10/03/2022,DAB,FL,ASO,ES,Combined TRACON& Tower with Radar,16,81,23,0,120,0,371,49,1,421,16,452,72,1,541,22,0,22,563
10/04/2022,DAB,FL,ASO,ES,Combined TRACON& Tower with Radar,12,85,29,2,128,0,431,77,0,508,12,516,106,2,636,7,0,7,643
10/05/2022,DAB,FL,ASO,ES,Combined TRACON& Tower with Radar,14,93,39,0,146,0,595,156,0,751,14,688,195,0,897,405,0,405,1302
10/06/2022,DAB,FL,ASO,ES,Combined TRACON& Tower with Radar,12,116,50,0,178,0,562,162,2,726,12,678,212,2,904,581,0,581,1485
10/07/2022,DAB,FL,ASO,ES,Combined TRACON& Tower with Radar,12,76,60,2,150,0,544,151,0,695,12,620,211,2,845,676,0,676,1521
10/08/2022,DAB,FL,ASO,ES,Combined TRACON& Tower with Radar,13,64,57,1,135,0,359,141,0,500,13,423,198,1,635,500,0,500,1135
10/09/2022,DAB,FL,ASO,ES,Combined TRACON& Tower with Radar,13,45,62,0,120,0,177,98,0,275,13,222,160,0,395,539,0,539,934
10/10/2022,DAB,FL,ASO,ES,Combined TRACON& Tower with Radar,12,106,53,0,171,0,392,95,2,489,12,498,148,2,660,357,0,357,1017
10/11/2022,DAB,FL,ASO,ES,Combined TRACON& Tower with Radar,14,110,45,0,169,0,501,107,3,611,14,611,152,3,780,625,0,625,1405
10/12/2022,DAB,FL,ASO,ES,Combined TRACON& Tower with Radar,11,117,59,2,189,0,341,68,3,412,11,458,127,5,601,510,0,510,1111
10/13/2022,DAB,FL,ASO,ES,Combined TRACON& Tower with Radar,13,100,56,0,169,0,446,102,0,548,13,546,158,0,717,680,0,680,1397
10/14/2022,DAB,FL,ASO,ES,Combined TRACON& Tower with Radar,10,120,63,0,193,1,563,159,2,725,11,683,222,2,918,783,0,783,1701
10/15/2022,DAB,FL,ASO,ES,Combined TRACON& Tower with Radar,13,84,53,0,150,0,325,128,1,454,13,409,181,1,604,482,0,482,1086
10/16/2022,DAB,FL,ASO,ES,Combined TRACON& Tower with Radar,11,83,54,3,151,0,245,125,1,371,11,328,179,4,522,312,0,312,834
10/17/2022,DAB,FL,ASO,ES,Combined TRACON& Tower with Radar,13,54,41,5,113,0,389,104,2,495,13,443,145,7,608,577,0,577,1185
10/18/2022,DAB,FL,ASO,ES,Combined TRACON& Tower with Radar,12,120,53,2,187,0,403,117,0,520,12,523,170,2,707,432,0,432,1139
10/19/2022,DAB,FL,ASO,ES,Combined TRACON& Tower with Radar,12,62,41,0,115,0,401,134,3,538,12,463,175,3,653,2,0,2,655
10/20/2022,DAB,FL,ASO,ES,Combined TRACON& Tower with Radar,12,121,55,2,190,0,530,133,0,663,12,651,188,2,853,374,0,374,1227
10/21/2022,DAB,FL,ASO,ES,Combined TRACON& Tower with Radar,11,68,44,1,124,0,444,152,3,599,11,512,196,4,723,2,0,2,725
10/22/2022,DAB,FL,ASO,ES,Combined TRACON& Tower with Radar,12,78,32,0,122,0,225,94,0,319,12,303,126,0,441,5,0,5,446
10/23/2022,DAB,FL,ASO,ES,Combined TRACON& Tower with Radar,11,60,44,0,115,0,197,83,0,280,11,257,127,0,395,64,0,64,459
10/24/2022,DAB,FL,ASO,ES,Combined TRACON& Tower with Radar,13,109,45,2,169,0,471,102,0,573,13,580,147,2,742,653,0,653,1395
10/25/2022,DAB,FL,ASO,ES,Combined TRACON& Tower with Radar,12,112,61,0,185,0,632,133,1,766,12,744,194,1,951,653,0,653,1604
10/26/2022,DAB,FL,ASO,ES,Combined TRACON& Tower with Radar,12,107,34,2,155,0,567,125,0,692,12,674,159,2,847,617,0,617,1464
10/27/2022,DAB,FL,ASO,ES,Combined TRACON& Tower with Radar,11,149,50,0,210,0,390,81,0,471,11,539,131,0,681,611,0,611,1292
10/28/2022,DAB,FL,ASO,ES,Combined TRACON& Tower with Radar,13,164,43,0,220,0,74,17,0,91,13,238,60,0,311,272,0,272,583
10/29/2022,DAB,FL,ASO,ES,Combined TRACON& Tower with Radar,12,123,36,0,171,0,140,66,0,206,12,263,102,0,377,169,0,169,546
10/30/2022,DAB,FL,ASO,ES,Combined TRACON& Tower with Radar,12,61,56,0,129,0,117,42,0,159,12,178,98,0,288,309,0,309,597
10/31/2022,DAB,FL,ASO,ES,Combined TRACON& Tower with Radar,12,149,46,2,209,0,496,80,0,576,12,645,126,2,785,550,0,550,1335
11/01/2022,DAB,FL,ASO,ES,Combined TRACON& Tower with Radar,12,162,63,0,237,0,415,79,0,494,12,577,142,0,731,296,0,296,1027
11/02/2022,DAB,FL,ASO,ES,Combined TRACON& Tower with Radar,12,158,57,0,227,0,490,99,2,591,12,648,156,2,818,530,0,530,1348
11/03/2022,DAB,FL,ASO,ES,Combined TRACON& Tower with Radar,12,124,37,2,175,0,311,85,1,397,12,435,122,3,572,323,0,323,895
11/04/2022,DAB,FL,ASO,ES,Combined TRACON& Tower with Radar,14,153,40,1,208,0,450,79,0,529,14,603,119,1,737,408,0,408,1145
11/05/2022,DAB,FL,ASO,ES,Combined TRACON& Tower with Radar,14,132,57,0,203,0,341,100,0,441,14,473,157,0,644,493,0,493,1137
11/06/2022,DAB,FL,ASO,ES,Combined TRACON& Tower with Radar,12,80,60,2,154,0,160,66,1,227,12,240,126,3,381,317,0,317,698
11/07/2022,DAB,FL,ASO,ES,Combined TRACON& Tower with Radar,12,122,62,4,200,0,342,57,1,400,12,464,119,5,600,474,0,474,1074
11/08/2022,DAB,FL,ASO,ES,Combined TRACON& Tower with Radar,14,51,12,0,77,0,28,23,0,51,14,79,35,0,128,74,0,74,202
11/09/2022,DAB,FL,ASO,ES,Combined TRACON& Tower with Radar,7,20,9,2,38,0,0,0,0,0,7,20,9,2,38,0,0,0,38
11/10/2022,DAB,FL,ASO,ES,Combined TRACON& Tower with Radar,0,0,2,0,2,0,0,0,0,0,0,0,2,0,2,0,0,0,2
11/11/2022,DAB,FL,ASO,ES,Combined TRACON& Tower with Radar,12,69,30,2,113,0,53,18,2,73,12,122,48,4,186,50,0,50,236
11/12/2022,DAB,FL,ASO,ES,Combined TRACON& Tower with Radar,15,98,44,0,157,0,197,78,0,275,15,295,122,0,432,523,0,523,955
11/13/2022,DAB,FL,ASO,ES,Combined TRACON& Tower with Radar,14,140,45,1,200,0,60,26,1,87,14,200,71,2,287,301,0,301,588
11/14/2022,DAB,FL,ASO,ES,Combined TRACON& Tower with Radar,13,125,57,0,195,0,441,115,3,559,13,566,172,3,754,543,0,543,1297
11/15/2022,DAB,FL,ASO,ES,Combined TRACON& Tower with Radar,15,145,35,2,197,0,627,99,0,726,15,772,134,2,923,427,0,427,1350
11/16/2022,DAB,FL,ASO,ES,Combined TRACON& Tower with Radar,16,139,36,0,191,0,39,10,0,49,16,178,46,0,240,62,0,62,302
11/17/2022,DAB,FL,ASO,ES,Combined TRACON& Tower with Radar,13,104,48,0,165,0,586,146,0,732,13,690,194,0,897,0,0,0,897
11/18/2022,DAB,FL,ASO,ES,Combined TRACON& Tower with Radar,14,47,39,2,102,0,649,148,2,799,14,696,187,4,901,0,0,0,901
11/19/2022,DAB,FL,ASO,ES,Combined TRACON& Tower with Radar,17,130,46,2,195,0,253,98,0,351,17,383,144,2,546,0,0,0,546
11/20/2022,DAB,FL,ASO,ES,Combined TRACON& Tower with Radar,16,89,30,0,135,0,102,20,0,122,16,191,50,0,257,18,0,18,275
11/21/2022,DAB,FL,ASO,ES,Combined TRACON& Tower with Radar,12,143,41,0,196,0,325,65,1,391,12,468,106,1,587,443,0,443,1030
11/22/2022,DAB,FL,ASO,ES,Combined TRACON& Tower with Radar,15,114,56,3,188,0,0,8,0,8,15,114,64,3,196,0,0,0,196
11/23/2022,DAB,FL,ASO,ES,Combined TRACON& Tower with Radar,17,71,50,0,138,0,0,0,0,0,17,71,50,0,138,0,0,0,138
11/24/2022,DAB,FL,ASO,ES,Combined TRACON& Tower with Radar,8,4,13,0,25,0,4,12,0,16,8,8,25,0,41,0,0,0,41
11/25/2022,DAB,FL,ASO,ES,Combined TRACON& Tower with Radar,14,152,56,0,222,0,77,22,0,99,14,229,78,0,321,364,0,364,685
11/26/2022,DAB,FL,ASO,ES,Combined TRACON& Tower with Radar,18,154,51,0,223,0,89,24,0,113,18,243,75,0,336,367,0,367,703
11/27/2022,DAB,FL,ASO,ES,Combined TRACON& Tower with Radar,14,117,56,0,187,0,109,19,0,128,14,226,75,0,315,385,0,385,700
11/28/2022,DAB,FL,ASO,ES,Combined TRACON& Tower with Radar,14,128,48,8,198,0,615,110,0,725,14,743,158,8,923,561,0,561,1484
11/29/2022,DAB,FL,ASO,ES,Combined TRACON& Tower with Radar,12,128,30,3,173,0,641,115,3,759,12,769,145,6,932,530,0,530,1462
11/30/2022,DAB,FL,ASO,ES,Combined TRACON& Tower with Radar,12,143,32,0,187,0,544,108,0,652,12,687,140,0,839,340,0,340,1179
12/01/2022,DAB,FL,ASO,ES,Combined TRACON& Tower with Radar,14,153,53,0,220,0,506,103,2,611,14,659,156,2,831,288,0,288,1119
12/02/2022,DAB,FL,ASO,ES,Combined TRACON& Tower with Radar,14,173,63,1,251,0,621,113,0,734,14,794,176,1,985,525,0,525,1510
12/03/2022,DAB,FL,ASO,ES,Combined TRACON& Tower with Radar,14,98,44,0,156,0,428,116,0,544,14,526,160,0,700,617,0,617,1317
12/04/2022,DAB,FL,ASO,ES,Combined TRACON& Tower with Radar,14,94,59,0,167,0,288,110,0,398,14,382,169,0,565,619,0,619,1184
12/05/2022,DAB,FL,ASO,ES,Combined TRACON& Tower with Radar,14,125,43,1,183,0,429,84,2,515,14,554,127,3,698,616,0,616,1314
12/06/2022,DAB,FL,ASO,ES,Combined TRACON& Tower with Radar,12,132,49,2,195,0,591,129,0,720,12,723,178,2,915,569,0,569,1484
12/07/2022,DAB,FL,ASO,ES,Combined TRACON& Tower with Radar,12,131,66,0,209,0,549,110,0,659,12,680,176,0,868,694,0,694,1562
12/08/2022,DAB,FL,ASO,ES,Combined TRACON& Tower with Radar,14,145,42,0,201,0,518,110,0,628,14,663,152,0,829,584,0,584,1413
12/09/2022,DAB,FL,ASO,ES,Combined TRACON& Tower with Radar,13,116,46,0,175,0,483,133,1,617,13,599,179,1,792,591,0,591,1383
12/10/2022,DAB,FL,ASO,ES,Combined TRACON& Tower with Radar,15,145,43,0,203,0,59,21,0,80,15,204,64,0,283,130,0,130,413
12/11/2022,DAB,FL,ASO,ES,Combined TRACON& Tower with Radar,12,183,60,0,255,0,0,1,0,1,12,183,61,0,256,8,0,8,264
12/12/2022,DAB,FL,ASO,ES,Combined TRACON& Tower with Radar,15,126,71,4,216,0,308,69,0,377,15,434,140,4,593,553,0,553,1146
12/13/2022,DAB,FL,ASO,ES,Combined TRACON& Tower with Radar,13,193,51,2,259,0,149,39,3,191,13,342,90,5,450,420,0,420,870
12/14/2022,DAB,FL,ASO,ES,Combined TRACON& Tower with Radar,14,135,56,0,205,0,353,94,0,447,14,488,150,0,652,77,0,77,729
12/15/2022,DAB,FL,ASO,ES,Combined TRACON& Tower with Radar,14,84,39,1,138,0,29,9,0,38,14,113,48,1,176,44,0,44,220
12/16/2022,DAB,FL,ASO,ES,Combined TRACON& Tower with Radar,17,102,57,0,176,0,474,113,0,587,17,576,170,0,763,187,0,187,950
12/17/2022,DAB,FL,ASO,ES,Combined TRACON& Tower with Radar,20,78,38,2,138,0,304,109,2,415,20,382,147,4,553,567,0,567,1120
12/18/2022,DAB,FL,ASO,ES,Combined TRACON& Tower with Radar,17,69,53,0,139,0,195,55,1,251,17,264,108,1,390,203,0,203,593
12/19/2022,DAB,FL,ASO,ES,Combined TRACON& Tower with Radar,16,104,49,1,170,0,335,89,0,424,16,439,138,1,594,552,0,552,1146
12/20/2022,DAB,FL,ASO,ES,Combined TRACON& Tower with Radar,16,61,28,9,114,0,177,31,3,211,16,238,59,12,325,391,0,391,716
12/21/2022,DAB,FL,ASO,ES,Combined TRACON& Tower with Radar,16,58,37,0,111,0,0,0,0,0,16,58,37,0,111,0,0,0,111
12/22/2022,DAB,FL,ASO,ES,Combined TRACON& Tower with Radar,15,48,30,11,104,0,66,11,2,79,15,114,41,13,183,145,0,145,328
12/23/2022,DAB,FL,ASO,ES,Combined TRACON& Tower with Radar,14,24,40,0,78,0,51,38,0,89,14,75,78,0,167,74,0,74,241
12/24/2022,DAB,FL,ASO,ES,Combined TRACON& Tower with Radar,10,14,14,0,38,0,62,20,0,82,10,76,34,0,120,8,0,8,128
12/25/2022,DAB,FL,ASO,ES,Combined TRACON& Tower with Radar,9,3,6,0,18,0,1,8,0,9,9,4,14,0,27,38,0,38,65
12/26/2022,DAB,FL,ASO,ES,Combined TRACON& Tower with Radar,15,12,18,0,45,0,6,36,0,42,15,18,54,0,87,10,0,10,97
12/27/2022,DAB,FL,ASO,ES,Combined TRACON& Tower with Radar,16,30,32,1,79,0,124,50,2,176,16,154,82,3,255,153,0,153,408
12/28/2022,DAB,FL,ASO,ES,Combined TRACON& Tower with Radar,17,18,42,0,77,0,106,69,0,175,17,124,111,0,252,92,0,92,344
12/29/2022,DAB,FL,ASO,ES,Combined TRACON& Tower with Radar,16,23,25,0,64,0,108,70,0,178,16,131,95,0,242,349,0,349,591
12/30/2022,DAB,FL,ASO,ES,Combined TRACON& Tower with Radar,15,31,27,6,79,1,85,35,3,124,16,116,62,9,203,201,0,201,404
12/31/2022,DAB,FL,ASO,ES,Combined TRACON& Tower with Radar,16,15,10,0,41,0,1,3,0,4,16,16,13,0,45,0,0,0,45
01/01/2023,DAB,FL,ASO,ES,Combined TRACON& Tower with Radar,14,1,15,0,30,0,8,9,0,17,14,9,24,0,47,5,0,5,52
01/02/2023,DAB,FL,ASO,ES,Combined TRACON& Tower with Radar,14,3,32,0,49,0,0,37,0,37,14,3,69,0,86,148,0,148,234
01/03/2023,DAB,FL,ASO,ES,Combined TRACON& Tower with Radar,15,33,36,6,90,0,177,62,0,239,15,210,98,6,329,36,2,38,367
01/04/2023,DAB,FL,ASO,ES,Combined TRACON& Tower with Radar,14,57,28,0,99,0,80,24,0,104,14,137,52,0,203,10,0,10,213
01/05/2023,DAB,FL,ASO,ES,Combined TRACON& Tower with Radar,16,75,33,0,124,0,174,24,0,198,16,249,57,0,322,261,0,261,583
01/06/2023,DAB,FL,ASO,ES,Combined TRACON& Tower with Radar,17,42,39,2,100,0,356,91,2,449,17,398,130,4,549,100,0,100,649
01/07/2023,DAB,FL,ASO,ES,Combined TRACON& Tower with Radar,18,47,32,2,99,0,229,118,1,348,18,276,150,3,447,291,0,291,738
01/08/2023,DAB,FL,ASO,ES,Combined TRACON& Tower with Radar,16,36,32,1,85,0,108,71,0,179,16,144,103,1,264,197,0,197,461
01/09/2023,DAB,FL,ASO,ES,Combined TRACON& Tower with Radar,16,65,40,10,131,0,324,92,0,416,16,389,132,10,547,282,6,288,835
01/10/2023,DAB,FL,ASO,ES,Combined TRACON& Tower with Radar,16,85,30,1,132,0,390,104,2,496,16,475,134,3,628,555,0,555,1183
01/11/2023,DAB,FL,ASO,ES,Combined TRACON& Tower with Radar,14,71,45,10,140,0,471,125,0,596,14,542,170,10,736,546,0,546,1282
01/12/2023,DAB,FL,ASO,ES,Combined TRACON& Tower with Radar,12,100,42,3,157,0,455,98,0,553,12,555,140,3,710,282,0,282,992
01/13/2023,DAB,FL,ASO,ES,Combined TRACON& Tower with Radar,18,41,57,2,118,0,43,21,0,64,18,84,78,2,182,51,0,51,233
01/14/2023,DAB,FL,ASO,ES,Combined TRACON& Tower with Radar,12,54,53,1,120,0,194,81,0,275,12,248,134,1,395,211,0,211,606
01/15/2023,DAB,FL,ASO,ES,Combined TRACON& Tower with Radar,14,67,40,0,121,0,233,131,0,364,14,300,171,0,485,461,0,461,946
01/16/2023,DAB,FL,ASO,ES,Combined TRACON& Tower with Radar,14,82,54,0,150,0,424,133,0,557,14,506,187,0,707,569,0,569,1276
01/17/2023,DAB,FL,ASO,ES,Combined TRACON& Tower with Radar,14,128,50,3,195,0,528,139,0,667,14,656,189,3,862,555,0,555,1417
01/18/2023,DAB,FL,ASO,ES,Combined TRACON& Tower with Radar,13,130,39,6,188,0,572,144,1,717,13,702,183,7,905,427,0,427,1332
01/19/2023,DAB,FL,ASO,ES,Combined TRACON& Tower with Radar,15,103,61,0,179,0,459,115,2,576,15,562,176,2,755,328,0,328,1083
01/20/2023,DAB,FL,ASO,ES,Combined TRACON& Tower with Radar,14,131,50,2,197,0,503,100,0,603,14,634,150,2,800,609,0,609,1409
01/21/2023,DAB,FL,ASO,ES,Combined TRACON& Tower with Radar,14,80,47,0,141,0,237,49,0,286,14,317,96,0,427,577,0,577,1004
01/22/2023,DAB,FL,ASO,ES,Combined TRACON& Tower with Radar,12,62,54,21,149,0,95,46,0,141,12,157,100,21,290,114,0,114,404
01/23/2023,DAB,FL,ASO,ES,Combined TRACON& Tower with Radar,16,110,39,0,165,0,456,91,2,549,16,566,130,2,714,77,0,77,791
01/24/2023,DAB,FL,ASO,ES,Combined TRACON& Tower with Radar,14,126,48,0,188,0,505,123,4,632,14,631,171,4,820,554,0,554,1374
01/25/2023,DAB,FL,ASO,ES,Combined TRACON& Tower with Radar,14,97,48,0,159,0,248,70,0,318,14,345,118,0,477,132,0,132,609
01/26/2023,DAB,FL,ASO,ES,Combined TRACON& Tower with Radar,14,128,72,3,217,0,434,147,0,581,14,562,219,3,798,440,0,440,1238
01/27/2023,DAB,FL,ASO,ES,Combined TRACON& Tower with Radar,14,174,65,0,253,0,534,133,0,667,14,708,198,0,920,279,0,279,1199
01/28/2023,DAB,FL,ASO,ES,Combined TRACON& Tower with Radar,14,103,75,1,193,0,297,133,1,431,14,400,208,2,624,483,0,483,1107
01/29/2023,DAB,FL,ASO,ES,Combined TRACON& Tower with Radar,13,100,98,0,211,0,203,105,3,311,13,303,203,3,522,232,0,232,754
01/30/2023,DAB,FL,ASO,ES,Combined TRACON& Tower with Radar,15,154,62,2,233,0,507,110,0,617,15,661,172,2,850,596,0,596,1446
01/31/2023,DAB,FL,ASO,ES,Combined TRACON& Tower with Radar,16,143,51,6,216,0,510,115,0,625,16,653,166,6,841,611,0,611,1452
02/01/2023,DAB,FL,ASO,ES,Combined TRACON& Tower with Radar,14,153,33,12,212,0,551,131,6,688,14,704,164,18,900,462,0,462,1362
02/02/2023,DAB,FL,ASO,ES,Combined TRACON& Tower with Radar,13,155,48,2,218,0,566,116,2,684,13,721,164,4,902,510,0,510,1412
02/03/2023,DAB,FL,ASO,ES,Combined TRACON& Tower with Radar,19,74,59,3,155,0,13,7,0,20,19,87,66,3,175,70,0,70,245
02/04/2023,DAB,FL,ASO,ES,Combined TRACON& Tower with Radar,18,102,40,1,161,0,191,74,0,265,18,293,114,1,426,461,0,461,887
02/05/2023,DAB,FL,ASO,ES,Combined TRACON& Tower with Radar,16,108,50,2,176,0,53,18,2,73,16,161,68,4,249,412,0,412,661
02/06/2023,DAB,FL,ASO,ES,Combined TRACON& Tower with Radar,16,153,43,0,212,0,633,129,0,762,16,786,172,0,974,480,0,480,1454
02/07/2023,DAB,FL,ASO,ES,Combined TRACON& Tower with Radar,15,142,54,0,211,0,591,129,0,720,15,733,183,0,931,567,0,567,1498
02/08/2023,DAB,FL,ASO,ES,Combined TRACON& Tower with Radar,16,149,60,0,225,0,652,126,0,778,16,801,186,0,1003,572,0,572,1575
02/09/2023,DAB,FL,ASO,ES,Combined TRACON& Tower with Radar,16,122,50,0,188,0,468,98,0,566,16,590,148,0,754,255,0,255,1009
02/10/2023,DAB,FL,ASO,ES,Combined TRACON& Tower with Radar,16,96,41,3,156,0,291,85,0,376,16,387,126,3,532,267,0,267,799
02/11/2023,DAB,FL,ASO,ES,Combined TRACON& Tower with Radar,20,91,40,0,151,0,32,6,0,38,20,123,46,0,189,62,0,62,251
02/12/2023,DAB,FL,ASO,ES,Combined TRACON& Tower with Radar,16,16,38,0,70,0,27,21,2,50,16,43,59,2,120,69,0,69,189
02/13/2023,DAB,FL,ASO,ES,Combined TRACON& Tower with Radar,16,128,45,4,193,0,692,162,2,856,16,820,207,6,1049,502,0,502,1551
02/14/2023,DAB,FL,ASO,ES,Combined TRACON& Tower with Radar,16,153,61,0,230,0,628,128,0,756,16,781,189,0,986,559,0,559,1545
02/15/2023,DAB,FL,ASO,ES,Combined TRACON& Tower with Radar,16,134,73,3,226,0,533,101,1,635,16,667,174,4,861,320,0,320,1181
02/16/2023,DAB,FL,ASO,ES,Combined TRACON& Tower with Radar,18,115,91,9,233,0,547,119,5,671,18,662,210,14,904,275,0,275,1179
02/17/2023,DAB,FL,ASO,ES,Combined TRACON& Tower with Radar,16,73,78,0,167,0,207,43,4,254,16,280,121,4,421,334,0,334,755
02/18/2023,DAB,FL,ASO,ES,Combined TRACON& Tower with Radar,22,75,99,0,196,0,103,69,4,176,22,178,168,4,372,148,0,148,520
02/19/2023,DAB,FL,ASO,ES,Combined TRACON& Tower with Radar,21,98,180,0,299,0,140,103,2,245,21,238,283,2,544,36,0,36,580
02/20/2023,DAB,FL,ASO,ES,Combined TRACON& Tower with Radar,19,100,96,0,215,0,443,107,1,551,19,543,203,1,766,572,0,572,1338
02/21/2023,DAB,FL,ASO,ES,Combined TRACON& Tower with Radar,18,135,62,2,217,0,482,101,0,583,18,617,163,2,800,431,0,431,1231
02/22/2023,DAB,FL,ASO,ES,Combined TRACON& Tower with Radar,16,115,67,3,201,0,477,111,1,589,16,592,178,4,790,274,0,274,1064
02/23/2023,DAB,FL,ASO,ES,Combined TRACON& Tower with Radar,18,126,44,2,190,0,643,109,3,755,18,769,153,5,945,486,0,486,1431
02/24/2023,DAB,FL,ASO,ES,Combined TRACON& Tower with Radar,16,125,48,6,195,0,491,85,0,576,16,616,133,6,771,427,0,427,1198
02/25/2023,DAB,FL,ASO,ES,Combined TRACON& Tower with Radar,18,127,35,2,182,0,384,106,0,490,18,511,141,2,672,575,0,575,1247
02/26/2023,DAB,FL,ASO,ES,Combined TRACON& Tower with Radar,16,88,42,4,150,0,336,97,0,433,16,424,139,4,583,528,0,528,1111
02/27/2023,DAB,FL,ASO,ES,Combined TRACON& Tower with Radar,16,140,41,1,198,0,307,53,4,364,16,447,94,5,562,375,0,375,937
02/28/2023,DAB,FL,ASO,ES,Combined TRACON& Tower with Radar,16,155,77,2,250,0,226,51,0,277,16,381,128,2,527,355,0,355,882
03/01/2023,DAB,FL,ASO,ES,Combined TRACON& Tower with Radar,16,153,45,2,216,0,433,64,0,497,16,586,109,2,713,379,0,379,1092
03/02/2023,DAB,FL,ASO,ES,Combined TRACON& Tower with Radar,16,165,47,2,230,0,558,101,0,659,16,723,148,2,889,435,0,435,1324
03/03/2023,DAB,FL,ASO,ES,Combined TRACON& Tower with Radar,15,73,28,15,131,0,248,52,4,304,15,321,80,19,435,135,0,135,570
03/04/2023,DAB,FL,ASO,ES,Combined TRACON& Tower with Radar,17,95,39,0,151,0,140,43,4,187,17,235,82,4,338,414,0,414,752
03/05/2023,DAB,FL,ASO,ES,Combined TRACON& Tower with Radar,16,122,66,0,204,0,273,94,0,367,16,395,160,0,571,536,0,536,1107
03/06/2023,DAB,FL,ASO,ES,Combined TRACON& Tower with Radar,18,154,56,0,228,0,594,82,0,676,18,748,138,0,904,722,0,722,1626
03/07/2023,DAB,FL,ASO,ES,Combined TRACON& Tower with Radar,16,143,64,1,224,0,588,121,1,710,16,731,185,2,934,564,0,564,1498
03/08/2023,DAB,FL,ASO,ES,Combined TRACON& Tower with Radar,16,154,44,2,216,0,307,65,0,372,16,461,109,2,588,431,0,431,1019
03/09/2023,DAB,FL,ASO,ES,Combined TRACON& Tower with Radar,17,138,48,0,203,0,631,139,6,776,17,769,187,6,979,471,0,471,1450
03/10/2023,DAB,FL,ASO,ES,Combined TRACON& Tower with Radar,17,107,35,2,161,0,433,77,2,512,17,540,112,4,673,440,0,440,1113
03/11/2023,DAB,FL,ASO,ES,Combined TRACON& Tower with Radar,21,97,58,0,176,0,343,120,2,465,21,440,178,2,641,589,0,589,1230
03/12/2023,DAB,FL,ASO,ES,Combined TRACON& Tower with Radar,15,70,47,2,134,0,194,75,2,271,15,264,122,4,405,423,0,423,828
03/13/2023,DAB,FL,ASO,ES,Combined TRACON& Tower with Radar,19,94,36,3,152,0,29,5,2,36,19,123,41,5,188,26,0,26,214
03/14/2023,DAB,FL,ASO,ES,Combined TRACON& Tower with Radar,18,125,37,0,180,0,571,95,1,667,18,696,132,1,847,165,0,165,1012
03/15/2023,DAB,FL,ASO,ES,Combined TRACON& Tower with Radar,18,137,41,0,196,0,517,78,0,595,18,654,119,0,791,505,0,505,1296
03/16/2023,DAB,FL,ASO,ES,Combined TRACON& Tower with Radar,18,120,31,0,169,0,509,170,2,681,18,629,201,2,850,516,0,516,1366
03/17/2023,DAB,FL,ASO,ES,Combined TRACON& Tower with Radar,20,122,23,1,166,0,389,103,0,492,20,511,126,1,658,276,0,276,934
03/18/2023,DAB,FL,ASO,ES,Combined TRACON& Tower with Radar,19,46,26,0,91,0,69,50,1,120,19,115,76,1,211,84,0,84,295
03/19/2023,DAB,FL,ASO,ES,Combined TRACON& Tower with Radar,17,77,45,1,140,0,131,53,0,184,17,208,98,1,324,428,0,428,752
03/20/2023,DAB,FL,ASO,ES,Combined TRACON& Tower with Radar,21,135,45,17,218,0,523,104,4,631,21,658,149,21,849,362,30,392,1241
03/21/2023,DAB,FL,ASO,ES,Combined TRACON& Tower with Radar,18,165,45,4,232,0,299,89,1,389,18,464,134,5,621,510,0,510,1131
03/22/2023,DAB,FL,ASO,ES,Combined TRACON& Tower with Radar,19,152,45,0,216,0,481,99,0,580,19,633,144,0,796,491,0,491,1287
03/23/2023,DAB,FL,ASO,ES,Combined TRACON& Tower with Radar,19,123,44,1,187,0,666,130,3,799,19,789,174,4,986,473,0,473,1459
03/24/2023,DAB,FL,ASO,ES,Combined TRACON& Tower with Radar,19,123,39,0,181,0,632,124,0,756,19,755,163,0,937,550,0,550,1487
03/25/2023,DAB,FL,ASO,ES,Combined TRACON& Tower with Radar,19,134,32,0,185,0,186,50,0,236,19,320,82,0,421,439,0,439,860
03/26/2023,DAB,FL,ASO,ES,Combined TRACON& Tower with Radar,18,109,53,2,182,0,219,77,0,296,18,328,130,2,478,395,0,395,873
03/27/2023,DAB,FL,ASO,ES,Combined TRACON& Tower with Radar,19,147,41,21,228,0,590,97,1,688,19,737,138,22,916,582,0,582,1498
03/28/2023,DAB,FL,ASO,ES,Combined TRACON& Tower with Radar,20,118,39,2,179,0,250,50,0,300,20,368,89,2,479,367,0,367,846
03/29/2023,DAB,FL,ASO,ES,Combined TRACON& Tower with Radar,17,158,38,2,215,0,318,70,3,391,17,476,108,5,606,89,0,89,695
03/30/2023,DAB,FL,ASO,ES,Combined TRACON& Tower with Radar,19,185,37,2,243,0,656,128,1,785,19,841,165,3,1028,470,0,470,1498
03/31/2023,DAB,FL,ASO,ES,Combined TRACON& Tower with Radar,18,128,28,5,179,0,422,101,1,524,18,550,129,6,703,135,0,135,838
04/01/2023,DAB,FL,ASO,ES,Combined TRACON& Tower with Radar,16,93,22,0,131,0,264,80,0,344,16,357,102,0,475,443,0,443,918
04/02/2023,DAB,FL,ASO,ES,Combined TRACON& Tower with Radar,16,119,53,0,188,0,228,73,0,301,16,347,126,0,489,426,0,426,915
04/03/2023,DAB,FL,ASO,ES,Combined TRACON& Tower with Radar,17,159,54,0,230,0,227,46,0,273,17,386,100,0,503,265,0,265,768
04/04/2023,DAB,FL,ASO,ES,Combined TRACON& Tower with Radar,21,161,44,2,228,0,671,124,2,797,21,832,168,4,1025,514,0,514,1539
04/05/2023,DAB,FL,ASO,ES,Combined TRACON& Tower with Radar,20,154,42,2,218,0,421,86,1,508,20,575,128,3,726,382,0,382,1108
04/06/2023,DAB,FL,ASO,ES,Combined TRACON& Tower with Radar,21,177,28,1,227,0,574,123,3,700,21,751,151,4,927,533,0,533,1460
04/07/2023,DAB,FL,ASO,ES,Combined TRACON& Tower with Radar,21,178,51,0,250,0,481,102,0,583,21,659,153,0,833,743,0,743,1576
04/08/2023,DAB,FL,ASO,ES,Combined TRACON& Tower with Radar,24,89,48,0,161,0,325,75,5,405,24,414,123,5,566,531,0,531,1097
04/09/2023,DAB,FL,ASO,ES,Combined TRACON& Tower with Radar,20,40,41,0,101,0,1,2,0,3,20,41,43,0,104,6,0,6,110
04/10/2023,DAB,FL,ASO,ES,Combined TRACON& Tower with Radar,22,126,18,0,166,0,22,7,0,29,22,148,25,0,195,70,0,70,265
04/11/2023,DAB,FL,ASO,ES,Combined TRACON& Tower with Radar,17,159,35,4,215,0,199,49,2,250,17,358,84,6,465,422,0,422,887
04/12/2023,DAB,FL,ASO,ES,Combined TRACON& Tower with Radar,21,155,22,0,198,0,314,38,0,352,21,469,60,0,550,541,0,541,1091
04/13/2023,DAB,FL,ASO,ES,Combined TRACON& Tower with Radar,19,64,43,0,126,0,165,24,0,189,19,229,67,0,315,301,0,301,616
04/14/2023,DAB,FL,ASO,ES,Combined TRACON& Tower with Radar,19,126,56,2,203,0,504,88,0,592,19,630,144,2,795,448,0,448,1243
04/15/2023,DAB,FL,ASO,ES,Combined TRACON& Tower with Radar,24,91,28,0,143,0,490,127,1,618,24,581,155,1,761,70,0,70,831
04/16/2023,DAB,FL,ASO,ES,Combined TRACON& Tower with Radar,20,63,36,3,122,0,223,72,1,296,20,286,108,4,418,342,0,342,760
04/17/2023,DAB,FL,ASO,ES,Combined TRACON& Tower with Radar,20,172,39,1,232,0,422,94,2,518,20,594,133,3,750,296,0,296,1046
04/18/2023,DAB,FL,ASO,ES,Combined TRACON& Tower with Radar,17,160,42,0,219,0,718,152,0,870,17,878,194,0,1089,503,0,503,1592
04/19/2023,DAB,FL,ASO,ES,Combined TRACON& Tower with Radar,20,166,30,4,220,0,684,143,0,827,20,850,173,4,1047,545,0,545,1592
04/20/2023,DAB,FL,ASO,ES,Combined TRACON& Tower with Radar,19,174,35,4,232,0,594,131,2,727,19,768,166,6,959,593,0,593,1552
04/21/2023,DAB,FL,ASO,ES,Combined TRACON& Tower with Radar,21,132,45,0,198,0,468,111,2,581,21,600,156,2,779,624,0,624,1403
04/22/2023,DAB,FL,ASO,ES,Combined TRACON& Tower with Radar,19,87,25,1,132,0,277,68,0,345,19,364,93,1,477,552,0,552,1029
04/23/2023,DAB,FL,ASO,ES,Combined TRACON& Tower with Radar,21,73,27,0,121,0,201,92,0,293,21,274,119,0,414,288,0,288,702
04/24/2023,DAB,FL,ASO,ES,Combined TRACON& Tower with Radar,19,81,35,2,137,0,308,58,0,366,19,389,93,2,503,617,0,617,1120
04/25/2023,DAB,FL,ASO,ES,Combined TRACON& Tower with Radar,19,154,19,9,201,0,288,59,2,349,19,442,78,11,550,640,0,640,1190
04/26/2023,DAB,FL,ASO,ES,Combined TRACON& Tower with Radar,18,177,39,4,238,0,431,66,0,497,18,608,105,4,735,667,0,667,1402
04/27/2023,DAB,FL,ASO,ES,Combined TRACON& Tower with Radar,19,88,38,2,147,0,210,44,0,254,19,298,82,2,401,394,0,394,795
04/28/2023,DAB,FL,ASO,ES,Combined TRACON& Tower with Radar,20,163,44,3,230,0,448,99,0,547,20,611,143,3,777,623,0,623,1400
04/29/2023,DAB,FL,ASO,ES,Combined TRACON& Tower with Radar,23,52,38,3,116,0,248,65,0,313,23,300,103,3,429,71,0,71,500
04/30/2023,DAB,FL,ASO,ES,Combined TRACON& Tower with Radar,20,26,17,0,63,0,24,10,0,34,20,50,27,0,97,55,0,55,152
05/01/2023,DAB,FL,ASO,ES,Combined TRACON& Tower with Radar,20,100,41,0,161,0,380,116,0,496,20,480,157,0,657,321,0,321,978
05/02/2023,DAB,FL,ASO,ES,Combined TRACON& Tower with Radar,20,135,52,0,207,0,467,146,1,614,20,602,198,1,821,475,0,475,1296
05/03/2023,DAB,FL,ASO,ES,Combined TRACON& Tower with Radar,20,155,48,0,223,0,528,96,0,624,20,683,144,0,847,341,0,341,1188
05/04/2023,DAB,FL,ASO,ES,Combined TRACON& Tower with Radar,21,189,33,0,243,0,637,131,1,769,21,826,164,1,1012,511,0,511,1523
05/05/2023,DAB,FL,ASO,ES,Combined TRACON& Tower with Radar,19,126,48,2,195,0,551,120,0,671,19,677,168,2,866,654,2,656,1522
05/06/2023,DAB,FL,ASO,ES,Combined TRACON& Tower with Radar,18,96,40,3,157,0,127,27,0,154,18,223,67,3,311,347,0,347,658
05/07/2023,DAB,FL,ASO,ES,Combined TRACON& Tower with Radar,20,82,39,1,142,0,284,82,0,366,20,366,121,1,508,562,0,562,1070
05/08/2023,DAB,FL,ASO,ES,Combined TRACON& Tower with Radar,20,115,47,1,183,0,476,119,2,597,20,591,166,3,780,468,0,468,1248
05/09/2023,DAB,FL,ASO,ES,Combined TRACON& Tower with Radar,16,150,37,2,205,0,556,134,2,692,16,706,171,4,897,616,0,616,1513
05/10/2023,DAB,FL,ASO,ES,Combined TRACON& Tower with Radar,18,102,36,2,158,0,340,73,1,414,18,442,109,3,572,414,0,414,986
05/11/2023,DAB,FL,ASO,ES,Combined TRACON& Tower with Radar,18,199,56,0,273,0,314,60,0,374,18,513,116,0,647,554,0,554,1201
05/12/2023,DAB,FL,ASO,ES,Combined TRACON& Tower with Radar,18,114,35,4,171,0,326,82,3,411,18,440,117,7,582,739,0,739,1321
05/13/2023,DAB,FL,ASO,ES,Combined TRACON& Tower with Radar,18,84,21,5,128,0,227,77,1,305,18,311,98,6,433,377,0,377,810
05/14/2023,DAB,FL,ASO,ES,Combined TRACON& Tower with Radar,18,70,24,0,112,0,213,53,0,266,18,283,77,0,378,523,0,523,901
05/15/2023,DAB,FL,ASO,ES,Combined TRACON& Tower with Radar,18,128,38,0,184,0,409,120,0,529,18,537,158,0,713,542,0,542,1255
05/16/2023,DAB,FL,ASO,ES,Combined TRACON& Tower with Radar,16,130,36,0,182,0,526,85,0,611,16,656,121,0,793,738,0,738,1531
05/17/2023,DAB,FL,ASO,ES,Combined TRACON& Tower with Radar,18,94,25,1,138,0,385,79,1,465,18,479,104,2,603,460,0,460,1063
05/18/2023,DAB,FL,ASO,ES,Combined TRACON& Tower with Radar,18,90,52,0,160,0,401,70,0,471,18,491,122,0,631,530,0,530,1161
05/19/2023,DAB,FL,ASO,ES,Combined TRACON& Tower with Radar,18,159,47,0,224,0,110,50,0,160,18,269,97,0,384,433,0,433,817
05/20/2023,DAB,FL,ASO,ES,Combined TRACON& Tower with Radar,18,199,53,0,270,0,107,44,0,151,18,306,97,0,421,495,0,495,916
05/21/2023,DAB,FL,ASO,ES,Combined TRACON& Tower with Radar,18,97,31,0,146,0,161,35,0,196,18,258,66,0,342,441,0,441,783
05/22/2023,DAB,FL,ASO,ES,Combined TRACON& Tower with Radar,18,73,20,0,111,0,125,17,0,142,18,198,37,0,253,204,0,204,457
05/23/2023,DAB,FL,ASO,ES,Combined TRACON& Tower with Radar,16,153,57,6,232,0,155,37,0,192,16,308,94,6,424,451,0,451,875
05/24/2023,DAB,FL,ASO,ES,Combined TRACON& Tower with Radar,18,147,35,2,202,0,48,16,0,64,18,195,51,2,266,137,0,137,403
05/25/2023,DAB,FL,ASO,ES,Combined TRACON& Tower with Radar,20,184,54,1,259,0,237,47,0,284,20,421,101,1,543,396,0,396,939
05/26/2023,DAB,FL,ASO,ES,Combined TRACON& Tower with Radar,17,87,41,6,151,0,49,2,0,51,17,136,43,6,202,151,0,151,353
05/27/2023,DAB,FL,ASO,ES,Combined TRACON& Tower with Radar,19,95,35,3,152,0,313,51,1,365,19,408,86,4,517,118,0,118,635
05/28/2023,DAB,FL,ASO,ES,Combined TRACON& Tower with Radar,16,66,29,1,112,0,351,87,0,438,16,417,116,1,550,483,0,483,1033
05/29/2023,DAB,FL,ASO,ES,Combined TRACON& Tower with Radar,20,91,30,1,142,0,310,82,2,394,20,401,112,3,536,606,0,606,1142
05/30/2023,DAB,FL,ASO,ES,Combined TRACON& Tower with Radar,16,158,44,1,219,0,576,109,1,686,16,734,153,2,905,582,0,582,1487
05/31/2023,DAB,FL,ASO,ES,Combined TRACON& Tower with Radar,18,157,53,1,229,0,485,95,0,580,18,642,148,1,809,634,0,634,1443
06/01/2023,DAB,FL,ASO,ES,Combined TRACON& Tower with Radar,18,182,39,0,239,0,364,72,0,436,18,546,111,0,675,547,0,547,1222
06/02/2023,DAB,FL,ASO,ES,Combined TRACON& Tower with Radar,18,231,72,0,321,0,185,40,0,225,18,416,112,0,546,510,0,510,1056
06/03/2023,DAB,FL,ASO,ES,Combined TRACON& Tower with Radar,18,170,29,0,217,0,80,17,0,97,18,250,46,0,314,312,0,312,626
06/04/2023,DAB,FL,ASO,ES,Combined TRACON& Tower with Radar,18,65,27,2,112,0,66,34,0,100,18,131,61,2,212,91,0,91,303
06/05/2023,DAB,FL,ASO,ES,Combined TRACON& Tower with Radar,17,171,30,0,218,0,364,45,0,409,17,535,75,0,627,534,0,534,1161
06/06/2023,DAB,FL,ASO,ES,Combined TRACON& Tower with Radar,14,134,36,1,185,0,639,143,0,782,14,773,179,1,967,474,0,474,1441
06/07/2023,DAB,FL,ASO,ES,Combined TRACON& Tower with Radar,13,76,31,4,124,0,361,65,4,430,13,437,96,8,554,338,0,338,892
06/08/2023,DAB,FL,ASO,ES,Combined TRACON& Tower with Radar,17,151,26,1,195,0,426,71,1,498,17,577,97,2,693,131,0,131,824
06/09/2023,DAB,FL,ASO,ES,Combined TRACON& Tower with Radar,14,114,29,1,158,0,418,50,0,468,14,532,79,1,626,410,0,410,1036
06/10/2023,DAB,FL,ASO,ES,Combined TRACON& Tower with Radar,17,68,36,0,121,0,248,62,0,310,17,316,98,0,431,606,0,606,1037
06/11/2023,DAB,FL,ASO,ES,Combined TRACON& Tower with Radar,17,58,32,1,108,0,151,32,0,183,17,209,64,1,291,507,0,507,798
06/12/2023,DAB,FL,ASO,ES,Combined TRACON& Tower with Radar,15,142,34,2,193,0,499,83,0,582,15,641,117,2,775,675,0,675,1450
06/13/2023,DAB,FL,ASO,ES,Combined TRACON& Tower with Radar,15,135,38,9,197,0,539,103,0,642,15,674,141,9,839,557,0,557,1396
06/14/2023,DAB,FL,ASO,ES,Combined TRACON& Tower with Radar,13,144,32,5,194,0,408,60,1,469,13,552,92,6,663,497,0,497,1160
06/15/2023,DAB,FL,ASO,ES,Combined TRACON& Tower with Radar,15,62,27,1,105,0,312,79,0,391,15,374,106,1,496,380,0,380,876
06/16/2023,DAB,FL,ASO,ES,Combined TRACON& Tower with Radar,16,74,24,0,114,0,169,27,1,197,16,243,51,1,311,187,0,187,498
06/17/2023,DAB,FL,ASO,ES,Combined TRACON& Tower with Radar,18,74,22,0,114,0,189,31,0,220,18,263,53,0,334,292,0,292,626
06/18/2023,DAB,FL,ASO,ES,Combined TRACON& Tower with Radar,16,43,25,0,84,0,143,51,2,196,16,186,76,2,280,574,0,574,854
06/19/2023,DAB,FL,ASO,ES,Combined TRACON& Tower with Radar,20,79,28,0,127,0,370,59,0,429,20,449,87,0,556,449,0,449,1005
06/20/2023,DAB,FL,ASO,ES,Combined TRACON& Tower with Radar,15,58,15,0,88,0,129,19,0,148,15,187,34,0,236,318,0,318,554
06/21/2023,DAB,FL,ASO,ES,Combined TRACON& Tower with Radar,15,83,34,0,132,0,229,60,2,291,15,312,94,2,423,277,0,277,700
06/22/2023,DAB,FL,ASO,ES,Combined TRACON& Tower with Radar,19,68,22,0,109,0,393,67,0,460,19,461,89,0,569,340,0,340,909
06/23/2023,DAB,FL,ASO,ES,Combined TRACON& Tower with Radar,20,78,29,0,127,0,194,38,0,232,20,272,67,0,359,300,0,300,659
06/24/2023,DAB,FL,ASO,ES,Combined TRACON& Tower with Radar,19,68,29,0,116,0,258,68,1,327,19,326,97,1,443,393,0,393,836
06/25/2023,DAB,FL,ASO,ES,Combined TRACON& Tower with Radar,17,68,28,0,113,0,270,103,0,373,17,338,131,0,486,386,0,386,872
06/26/2023,DAB,FL,ASO,ES,Combined TRACON& Tower with Radar,18,123,41,0,182,0,590,115,1,706,18,713,156,1,888,415,0,415,1303
06/27/2023,DAB,FL,ASO,ES,Combined TRACON& Tower with Radar,14,164,34,6,218,0,456,92,2,550,14,620,126,8,768,485,0,485,1253
06/28/2023,DAB,FL,ASO,ES,Combined TRACON& Tower with Radar,12,192,59,0,263,0,276,59,3,338,12,468,118,3,601,268,0,268,869
06/29/2023,DAB,FL,ASO,ES,Combined TRACON& Tower with Radar,18,165,25,0,208,0,607,107,0,714,18,772,132,0,922,486,0,486,1408
06/30/2023,DAB,FL,ASO,ES,Combined TRACON& Tower with Radar,19,149,61,0,229,0,462,94,0,556,19,611,155,0,785,686,0,686,1471
07/01/2023,DAB,FL,ASO,ES,Combined TRACON& Tower with Radar,16,82,36,5,139,0,243,65,0,308,16,325,101,5,447,388,0,388,835
07/02/2023,DAB,FL,ASO,ES,Combined TRACON& Tower with Radar,17,70,16,1,104,0,197,68,0,265,17,267,84,1,369,397,0,397,766
07/03/2023,DAB,FL,ASO,ES,Combined TRACON& Tower with Radar,19,88,37,0,144,0,397,81,0,478,19,485,118,0,622,691,0,691,1313
07/04/2023,DAB,FL,ASO,ES,Combined TRACON& Tower with Radar,10,46,12,0,68,0,93,50,0,143,10,139,62,0,211,467,0,467,678
07/05/2023,DAB,FL,ASO,ES,Combined TRACON& Tower with Radar,11,95,20,0,126,0,352,52,1,405,11,447,72,1,531,471,0,471,1002
07/06/2023,DAB,FL,ASO,ES,Combined TRACON& Tower with Radar,18,90,27,0,135,0,310,67,2,379,18,400,94,2,514,360,0,360,874
07/07/2023,DAB,FL,ASO,ES,Combined TRACON& Tower with Radar,20,48,37,0,105,0,242,72,0,314,20,290,109,0,419,330,0,330,749
07/08/2023,DAB,FL,ASO,ES,Combined TRACON& Tower with Radar,15,73,22,0,110,0,177,41,0,218,15,250,63,0,328,308,0,308,636
07/09/2023,DAB,FL,ASO,ES,Combined TRACON& Tower with Radar,17,64,26,5,112,0,133,71,1,205,17,197,97,6,317,310,0,310,627
07/10/2023,DAB,FL,ASO,ES,Combined TRACON& Tower with Radar,21,110,19,2,152,0,304,49,0,353,21,414,68,2,505,286,0,286,791
07/11/2023,DAB,FL,ASO,ES,Combined TRACON& Tower with Radar,14,106,29,4,153,0,230,42,0,272,14,336,71,4,425,350,0,350,775
07/12/2023,DAB,FL,ASO,ES,Combined TRACON& Tower with Radar,14,184,29,0,227,0,422,79,0,501,14,606,108,0,728,509,0,509,1237
07/13/2023,DAB,FL,ASO,ES,Combined TRACON& Tower with Radar,18,137,41,0,196,0,444,67,0,511,18,581,108,0,707,437,0,437,1144
07/14/2023,DAB,FL,ASO,ES,Combined TRACON& Tower with Radar,18,89,31,7,145,0,361,71,0,432,18,450,102,7,577,356,0,356,933
07/15/2023,DAB,FL,ASO,ES,Combined TRACON& Tower with Radar,15,105,30,0,150,0,261,66,0,327,15,366,96,0,477,358,0,358,835
07/16/2023,DAB,FL,ASO,ES,Combined TRACON& Tower with Radar,18,58,28,0,104,0,122,26,0,148,18,180,54,0,252,235,0,235,487
07/17/2023,DAB,FL,ASO,ES,Combined TRACON& Tower with Radar,19,83,45,0,147,0,263,54,0,317,19,346,99,0,464,540,0,540,1004
07/18/2023,DAB,FL,ASO,ES,Combined TRACON& Tower with Radar,14,124,39,0,177,0,390,70,0,460,14,514,109,0,637,463,0,463,1100
07/19/2023,DAB,FL,ASO,ES,Combined TRACON& Tower with Radar,14,151,39,4,208,0,564,68,0,632,14,715,107,4,840,293,0,293,1133
07/20/2023,DAB,FL,ASO,ES,Combined TRACON& Tower with Radar,22,159,40,5,226,0,578,108,0,686,22,737,148,5,912,413,0,413,1325
07/21/2023,DAB,FL,ASO,ES,Combined TRACON& Tower with Radar,18,102,50,0,170,0,503,89,0,592,18,605,139,0,762,437,0,437,1199
07/22/2023,DAB,FL,ASO,ES,Combined TRACON& Tower with Radar,14,43,29,0,86,0,167,54,0,221,14,210,83,0,307,311,0,311,618
07/23/2023,DAB,FL,ASO,ES,Combined TRACON& Tower with Radar,15,36,35,0,86,0,98,36,0,134,15,134,71,0,220,228,0,228,448
07/24/2023,DAB,FL,ASO,ES,Combined TRACON& Tower with Radar,19,109,33,0,161,0,370,43,0,413,19,479,76,0,574,523,0,523,1097
07/25/2023,DAB,FL,ASO,ES,Combined TRACON& Tower with Radar,14,107,30,3,154,0,395,51,2,448,14,502,81,5,602,593,0,593,1195
07/26/2023,DAB,FL,ASO,ES,Combined TRACON& Tower with Radar,14,153,56,0,223,0,530,80,2,612,14,683,136,2,835,601,0,601,1436
07/27/2023,DAB,FL,ASO,ES,Combined TRACON& Tower with Radar,18,165,45,0,228,0,261,40,0,301,18,426,85,0,529,345,0,345,874
07/28/2023,DAB,FL,ASO,ES,Combined TRACON& Tower with Radar,16,149,42,4,211,0,222,53,0,275,16,371,95,4,486,265,0,265,751
07/29/2023,DAB,FL,ASO,ES,Combined TRACON& Tower with Radar,16,67,26,0,109,0,256,56,0,312,16,323,82,0,421,495,0,495,916
07/30/2023,DAB,FL,ASO,ES,Combined TRACON& Tower with Radar,18,41,27,0,86,0,167,37,0,204,18,208,64,0,290,276,0,276,566
07/31/2023,DAB,FL,ASO,ES,Combined TRACON& Tower with Radar,18,92,39,0,149,0,422,66,0,488,18,514,105,0,637,447,0,447,1084
08/01/2023,DAB,FL,ASO,ES,Combined TRACON& Tower with Radar,14,131,27,1,173,0,500,90,1,591,14,631,117,2,764,614,2,616,1380
08/02/2023,DAB,FL,ASO,ES,Combined TRACON& Tower with Radar,15,143,32,0,190,0,458,99,0,557,15,601,131,0,747,500,0,500,1247
08/03/2023,DAB,FL,ASO,ES,Combined TRACON& Tower with Radar,17,188,43,0,248,0,578,108,0,686,17,766,151,0,934,500,0,500,1434
08/04/2023,DAB,FL,ASO,ES,Combined TRACON& Tower with Radar,20,87,22,1,130,0,385,83,0,468,20,472,105,1,598,482,0,482,1080
08/05/2023,DAB,FL,ASO,ES,Combined TRACON& Tower with Radar,18,63,22,1,104,0,214,63,0,277,18,277,85,1,381,532,0,532,913
08/06/2023,DAB,FL,ASO,ES,Combined TRACON& Tower with Radar,15,58,36,0,109,0,125,54,0,179,15,183,90,0,288,329,0,329,617
08/07/2023,DAB,FL,ASO,ES,Combined TRACON& Tower with Radar,15,133,27,2,177,0,514,77,0,591,15,647,104,2,768,424,0,424,1192
08/08/2023,DAB,FL,ASO,ES,Combined TRACON& Tower with Radar,16,100,34,0,150,0,406,74,0,480,16,506,108,0,630,535,0,535,1165
08/09/2023,DAB,FL,ASO,ES,Combined TRACON& Tower with Radar,17,109,29,4,159,0,379,59,4,442,17,488,88,8,601,449,0,449,1050
08/10/2023,DAB,FL,ASO,ES,Combined TRACON& Tower with Radar,17,144,35,0,196,0,517,81,0,598,17,661,116,0,794,491,0,491,1285
08/11/2023,DAB,FL,ASO,ES,Combined TRACON& Tower with Radar,18,124,32,17,191,0,394,87,1,482,18,518,119,18,673,383,2,385,1058
08/12/2023,DAB,FL,ASO,ES,Combined TRACON& Tower with Radar,15,107,23,0,145,0,230,72,0,302,15,337,95,0,447,380,0,380,827
08/13/2023,DAB,FL,ASO,ES,Combined TRACON& Tower with Radar,19,71,30,0,120,0,189,71,0,260,19,260,101,0,380,556,0,556,936
08/14/2023,DAB,FL,ASO,ES,Combined TRACON& Tower with Radar,20,102,23,0,145,0,264,65,0,329,20,366,88,0,474,445,0,445,919
08/15/2023,DAB,FL,ASO,ES,Combined TRACON& Tower with Radar,14,106,29,0,149,0,324,69,0,393,14,430,98,0,542,442,0,442,984
08/16/2023,DAB,FL,ASO,ES,Combined TRACON& Tower with Radar,14,83,30,0,127,0,300,54,0,354,14,383,84,0,481,302,0,302,783
08/17/2023,DAB,FL,ASO,ES,Combined TRACON& Tower with Radar,16,109,28,0,153,0,196,44,0,240,16,305,72,0,393,365,0,365,758
08/18/2023,DAB,FL,ASO,ES,Combined TRACON& Tower with Radar,15,86,38,0,139,0,178,47,0,225,15,264,85,0,364,346,0,346,710
08/19/2023,DAB,FL,ASO,ES,Combined TRACON& Tower with Radar,15,95,26,2,138,0,250,91,0,341,15,345,117,2,479,439,0,439,918
08/20/2023,DAB,FL,ASO,ES,Combined TRACON& Tower with Radar,16,93,31,0,140,0,94,38,0,132,16,187,69,0,272,388,0,388,660
08/21/2023,DAB,FL,ASO,ES,Combined TRACON& Tower with Radar,16,164,28,0,208,0,422,105,1,528,16,586,133,1,736,512,0,512,1248
08/22/2023,DAB,FL,ASO,ES,Combined TRACON& Tower with Radar,13,145,37,0,195,0,425,93,0,518,13,570,130,0,713,518,0,518,1231
08/23/2023,DAB,FL,ASO,ES,Combined TRACON& Tower with Radar,15,152,46,0,213,0,379,87,0,466,15,531,133,0,679,586,0,586,1265
08/24/2023,DAB,FL,ASO,ES,Combined TRACON& Tower with Radar,16,142,46,4,208,0,343,89,1,433,16,485,135,5,641,581,0,581,1222
08/25/2023,DAB,FL,ASO,ES,Combined TRACON& Tower with Radar,16,97,64,2,179,0,310,98,3,411,16,407,162,5,590,460,0,460,1050
08/26/2023,DAB,FL,ASO,ES,Combined TRACON& Tower with Radar,15,78,61,0,154,0,199,95,0,294,15,277,156,0,448,214,0,214,662
08/27/2023,DAB,FL,ASO,ES,Combined TRACON& Tower with Radar,14,61,75,0,150,0,92,75,2,169,14,153,150,2,319,312,0,312,631
08/28/2023,DAB,FL,ASO,ES,Combined TRACON& Tower with Radar,17,99,46,0,162,0,251,65,2,318,17,350,111,2,480,491,0,491,971
08/29/2023,DAB,FL,ASO,ES,Combined TRACON& Tower with Radar,16,48,27,2,93,0,251,42,0,293,16,299,69,2,386,347,0,347,733
08/30/2023,DAB,FL,ASO,ES,Combined TRACON& Tower with Radar,12,10,0,0,22,0,1,2,0,3,12,11,2,0,25,0,0,0,25
08/31/2023,DAB,FL,ASO,ES,Combined TRACON& Tower with Radar,18,104,34,0,156,0,265,47,0,312,18,369,81,0,468,636,0,636,1104
01/01/2020,DAB,FL,ASO,ES,Combined TRACON& Tower with Radar,16,21,24,0,61,0,18,21,0,39,16,39,45,0,100,11,0,11,111
01/02/2020,DAB,FL,ASO,ES,Combined TRACON& Tower with Radar,20,47,66,0,133,0,196,72,0,268,20,243,138,0,401,352,0,352,753
01/03/2020,DAB,FL,ASO,ES,Combined TRACON& Tower with Radar,22,77,45,9,153,0,148,37,5,190,22,225,82,14,343,215,0,215,558
01/04/2020,DAB,FL,ASO,ES,Combined TRACON& Tower with Radar,21,40,23,0,84,0,23,4,4,31,21,63,27,4,115,89,0,89,204
01/05/2020,DAB,FL,ASO,ES,Combined TRACON& Tower with Radar,20,58,49,0,127,0,234,62,5,301,20,292,111,5,428,320,0,320,748
01/06/2020,DAB,FL,ASO,ES,Combined TRACON& Tower with Radar,20,111,47,3,181,0,401,72,1,474,20,512,119,4,655,543,0,543,1198
01/07/2020,DAB,FL,ASO,ES,Combined TRACON& Tower with Radar,18,90,50,2,160,0,448,90,0,538,18,538,140,2,698,497,0,497,1195
01/08/2020,DAB,FL,ASO,ES,Combined TRACON& Tower with Radar,20,94,54,0,168,0,453,83,0,536,20,547,137,0,704,411,0,411,1115
01/09/2020,DAB,FL,ASO,ES,Combined TRACON& Tower with Radar,20,100,57,6,183,0,456,71,6,533,20,556,128,12,716,456,0,456,1172
01/10/2020,DAB,FL,ASO,ES,Combined TRACON& Tower with Radar,20,91,49,11,171,0,341,69,7,417,20,432,118,18,588,153,0,153,741
01/11/2020,DAB,FL,ASO,ES,Combined TRACON& Tower with Radar,19,49,29,5,102,0,107,25,5,137,19,156,54,10,239,30,0,30,269
01/12/2020,DAB,FL,ASO,ES,Combined TRACON& Tower with Radar,21,92,41,0,154,0,69,45,4,118,21,161,86,4,272,4,0,4,276
01/13/2020,DAB,FL,ASO,ES,Combined TRACON& Tower with Radar,20,102,54,4,180,0,466,99,1,566,20,568,153,5,746,385,0,385,1131
01/14/2020,DAB,FL,ASO,ES,Combined TRACON& Tower with Radar,18,150,55,2,225,0,306,64,2,372,18,456,119,4,597,529,0,529,1126
01/15/2020,DAB,FL,ASO,ES,Combined TRACON& Tower with Radar,20,110,61,2,193,0,622,103,6,731,20,732,164,8,924,534,0,534,1458
01/16/2020,DAB,FL,ASO,ES,Combined TRACON& Tower with Radar,20,97,50,4,171,0,513,87,3,603,20,610,137,7,774,415,0,415,1189
01/17/2020,DAB,FL,ASO,ES,Combined TRACON& Tower with Radar,20,119,78,1,218,0,348,88,2,438,20,467,166,3,656,292,0,292,948
01/18/2020,DAB,FL,ASO,ES,Combined TRACON& Tower with Radar,18,79,50,4,151,0,318,109,0,427,18,397,159,4,578,204,0,204,782
01/19/2020,DAB,FL,ASO,ES,Combined TRACON& Tower with Radar,18,58,30,0,106,0,184,40,1,225,18,242,70,1,331,323,0,323,654
01/20/2020,DAB,FL,ASO,ES,Combined TRACON& Tower with Radar,20,80,49,0,149,0,406,97,0,503,20,486,146,0,652,109,0,109,761
01/21/2020,DAB,FL,ASO,ES,Combined TRACON& Tower with Radar,20,37,36,0,93,0,260,65,2,327,20,297,101,2,420,2,0,2,422
01/22/2020,DAB,FL,ASO,ES,Combined TRACON& Tower with Radar,20,43,68,0,131,0,15,7,0,22,20,58,75,0,153,0,0,0,153
01/23/2020,DAB,FL,ASO,ES,Combined TRACON& Tower with Radar,20,179,79,6,284,0,271,56,0,327,20,450,135,6,611,557,0,557,1168
01/24/2020,DAB,FL,ASO,ES,Combined TRACON& Tower with Radar,20,147,91,0,258,0,526,136,1,663,20,673,227,1,921,456,0,456,1377
01/25/2020,DAB,FL,ASO,ES,Combined TRACON& Tower with Radar,22,94,87,0,203,0,541,132,8,681,22,635,219,8,884,152,0,152,1036
01/26/2020,DAB,FL,ASO,ES,Combined TRACON& Tower with Radar,19,60,83,0,162,0,291,121,6,418,19,351,204,6,580,335,0,335,915
01/27/2020,DAB,FL,ASO,ES,Combined TRACON& Tower with Radar,21,124,74,2,221,0,589,116,2,707,21,713,190,4,928,477,0,477,1405
01/28/2020,DAB,FL,ASO,ES,Combined TRACON& Tower with Radar,20,131,41,0,192,0,636,126,3,765,20,767,167,3,957,340,0,340,1297
01/29/2020,DAB,FL,ASO,ES,Combined TRACON& Tower with Radar,20,143,54,4,221,0,593,119,2,714,20,736,173,6,935,478,0,478,1413
01/30/2020,DAB,FL,ASO,ES,Combined TRACON& Tower with Radar,22,104,71,9,206,0,25,14,0,39,22,129,85,9,245,10,0,10,255
01/31/2020,DAB,FL,ASO,ES,Combined TRACON& Tower with Radar,20,141,85,0,246,0,467,105,0,572,20,608,190,0,818,330,0,330,1148
02/01/2020,DAB,FL,ASO,ES,Combined TRACON& Tower with Radar,20,50,33,0,103,0,13,14,3,30,20,63,47,3,133,76,0,76,209
02/02/2020,DAB,FL,ASO,ES,Combined TRACON& Tower with Radar,17,51,39,1,108,0,336,126,4,466,17,387,165,5,574,414,0,414,988
02/03/2020,DAB,FL,ASO,ES,Combined TRACON& Tower with Radar,23,117,55,0,195,0,619,128,1,748,23,736,183,1,943,482,0,482,1425
02/04/2020,DAB,FL,ASO,ES,Combined TRACON& Tower with Radar,18,125,50,3,196,0,678,93,3,774,18,803,143,6,970,477,0,477,1447
02/05/2020,DAB,FL,ASO,ES,Combined TRACON& Tower with Radar,20,125,46,6,197,0,645,104,4,753,20,770,150,10,950,191,0,191,1141
02/06/2020,DAB,FL,ASO,ES,Combined TRACON& Tower with Radar,16,59,41,0,116,0,17,5,2,24,16,76,46,2,140,7,0,7,147
02/07/2020,DAB,FL,ASO,ES,Combined TRACON& Tower with Radar,17,89,65,1,172,0,250,53,2,305,17,339,118,3,477,370,2,372,849
02/08/2020,DAB,FL,ASO,ES,Combined TRACON& Tower with Radar,22,142,71,0,235,0,508,105,2,615,22,650,176,2,850,402,0,402,1252
02/09/2020,DAB,FL,ASO,ES,Combined TRACON& Tower with Radar,21,77,78,1,177,0,355,88,2,445,21,432,166,3,622,553,0,553,1175
02/10/2020,DAB,FL,ASO,ES,Combined TRACON& Tower with Radar,22,137,54,2,215,0,560,87,2,649,22,697,141,4,864,384,0,384,1248
02/11/2020,DAB,FL,ASO,ES,Combined TRACON& Tower with Radar,18,132,54,4,208,0,461,90,0,551,18,593,144,4,759,506,0,506,1265
02/12/2020,DAB,FL,ASO,ES,Combined TRACON& Tower with Radar,21,127,71,11,230,0,419,64,9,492,21,546,135,20,722,399,2,401,1123
02/13/2020,DAB,FL,ASO,ES,Combined TRACON& Tower with Radar,24,111,107,6,248,0,222,47,1,270,24,333,154,7,518,292,2,294,812
02/14/2020,DAB,FL,ASO,ES,Combined TRACON& Tower with Radar,25,155,105,6,291,0,4,8,1,13,25,159,113,7,304,93,0,93,397
02/15/2020,DAB,FL,ASO,ES,Combined TRACON& Tower with Radar,23,90,72,2,187,0,160,55,4,219,23,250,127,6,406,117,0,117,523
02/16/2020,DAB,FL,ASO,ES,Combined TRACON& Tower with Radar,19,49,184,7,259,0,9,45,5,59,19,58,229,12,318,6,0,6,324
02/17/2020,DAB,FL,ASO,ES,Combined TRACON& Tower with Radar,34,97,139,6,276,0,251,66,3,320,34,348,205,9,596,143,0,143,739
02/18/2020,DAB,FL,ASO,ES,Combined TRACON& Tower with Radar,21,133,66,4,224,0,640,107,5,752,21,773,173,9,976,273,0,273,1249
02/19/2020,DAB,FL,ASO,ES,Combined TRACON& Tower with Radar,21,158,54,9,242,0,638,137,1,776,21,796,191,10,1018,400,0,400,1418
02/20/2020,DAB,FL,ASO,ES,Combined TRACON& Tower with Radar,18,57,52,0,127,0,10,11,2,23,18,67,63,2,150,8,0,8,158
02/21/2020,DAB,FL,ASO,ES,Combined TRACON& Tower with Radar,20,4,27,1,52,0,0,6,0,6,20,4,33,1,58,0,0,0,58
02/22/2020,DAB,FL,ASO,ES,Combined TRACON& Tower with Radar,20,110,25,0,155,0,154,28,2,184,20,264,53,2,339,10,0,10,349
02/23/2020,DAB,FL,ASO,ES,Combined TRACON& Tower with Radar,20,92,44,0,156,0,438,115,6,559,20,530,159,6,715,552,0,552,1267
02/24/2020,DAB,FL,ASO,ES,Combined TRACON& Tower with Radar,24,121,68,2,215,0,640,122,6,768,24,761,190,8,983,263,0,263,1246
02/25/2020,DAB,FL,ASO,ES,Combined TRACON& Tower with Radar,20,104,55,0,179,0,558,69,0,627,20,662,124,0,806,435,0,435,1241
02/26/2020,DAB,FL,ASO,ES,Combined TRACON& Tower with Radar,24,52,38,0,114,0,285,46,0,331,24,337,84,0,445,180,0,180,625
02/27/2020,DAB,FL,ASO,ES,Combined TRACON& Tower with Radar,22,131,49,0,202,0,650,116,2,768,22,781,165,2,970,262,0,262,1232
02/28/2020,DAB,FL,ASO,ES,Combined TRACON& Tower with Radar,20,139,71,0,230,0,710,130,3,843,20,849,201,3,1073,533,0,533,1606
02/29/2020,DAB,FL,ASO,ES,Combined TRACON& Tower with Radar,22,74,39,0,135,0,270,81,5,356,22,344,120,5,491,193,0,193,684
03/01/2020,DAB,FL,ASO,ES,Combined TRACON& Tower with Radar,22,93,36,2,153,0,416,87,15,518,22,509,123,17,671,511,0,511,1182
03/02/2020,DAB,FL,ASO,ES,Combined TRACON& Tower with Radar,22,103,49,2,176,0,548,92,2,642,22,651,141,4,818,98,0,98,916
03/03/2020,DAB,FL,ASO,ES,Combined TRACON& Tower with Radar,20,134,47,3,204,0,511,93,1,605,20,645,140,4,809,517,0,517,1326
03/04/2020,DAB,FL,ASO,ES,Combined TRACON& Tower with Radar,22,135,68,0,225,0,556,89,0,645,22,691,157,0,870,480,0,480,1350
03/05/2020,DAB,FL,ASO,ES,Combined TRACON& Tower with Radar,22,62,41,0,125,0,143,49,2,194,22,205,90,2,319,158,0,158,477
03/06/2020,DAB,FL,ASO,ES,Combined TRACON& Tower with Radar,20,113,56,2,191,0,338,76,3,417,20,451,132,5,608,52,0,52,660
03/07/2020,DAB,FL,ASO,ES,Combined TRACON& Tower with Radar,20,39,31,2,92,0,127,79,2,208,20,166,110,4,300,10,0,10,310
03/08/2020,DAB,FL,ASO,ES,Combined TRACON& Tower with Radar,20,70,42,1,133,0,270,77,6,353,20,340,119,7,486,519,0,519,1005
03/09/2020,DAB,FL,ASO,ES,Combined TRACON& Tower with Radar,22,106,37,0,165,0,441,65,0,506,22,547,102,0,671,120,0,120,791
03/10/2020,DAB,FL,ASO,ES,Combined TRACON& Tower with Radar,20,106,44,2,172,0,572,110,7,689,20,678,154,9,861,125,0,125,986
03/11/2020,DAB,FL,ASO,ES,Combined TRACON& Tower with Radar,20,122,44,4,190,0,557,117,6,680,20,679,161,10,870,291,0,291,1161
03/12/2020,DAB,FL,ASO,ES,Combined TRACON& Tower with Radar,24,120,59,1,204,0,615,102,8,725,24,735,161,9,929,187,0,187,1116
03/13/2020,DAB,FL,ASO,ES,Combined TRACON& Tower with Radar,22,118,76,7,223,0,537,114,6,657,22,655,190,13,880,238,0,238,1118
03/14/2020,DAB,FL,ASO,ES,Combined TRACON& Tower with Radar,24,73,53,0,150,0,293,78,10,381,24,366,131,10,531,453,0,453,984
03/15/2020,DAB,FL,ASO,ES,Combined TRACON& Tower with Radar,22,37,31,17,107,0,179,62,10,251,22,216,93,27,358,181,0,181,539
03/16/2020,DAB,FL,ASO,ES,Combined TRACON& Tower with Radar,24,116,41,0,181,0,327,57,0,384,24,443,98,0,565,530,0,530,1095
03/17/2020,DAB,FL,ASO,ES,Combined TRACON& Tower with Radar,20,93,55,2,170,0,493,119,0,612,20,586,174,2,782,217,0,217,999
03/18/2020,DAB,FL,ASO,ES,Combined TRACON& Tower with Radar,21,120,40,0,181,0,570,102,0,672,21,690,142,0,853,54,0,54,907
03/19/2020,DAB,FL,ASO,ES,Combined TRACON& Tower with Radar,19,103,35,3,160,0,509,98,0,607,19,612,133,3,767,229,0,229,996
03/20/2020,DAB,FL,ASO,ES,Combined TRACON& Tower with Radar,15,106,30,0,151,0,534,95,0,629,15,640,125,0,780,78,0,78,858
03/21/2020,DAB,FL,ASO,ES,Combined TRACON& Tower with Radar,20,75,21,0,116,0,360,103,0,463,20,435,124,0,579,287,0,287,866
03/22/2020,DAB,FL,ASO,ES,Combined TRACON& Tower with Radar,14,62,32,0,108,0,222,60,2,284,14,284,92,2,392,414,0,414,806
03/23/2020,DAB,FL,ASO,ES,Combined TRACON& Tower with Radar,14,91,39,2,146,0,509,109,0,618,14,600,148,2,764,216,0,216,980
03/24/2020,DAB,FL,ASO,ES,Combined TRACON& Tower with Radar,10,81,40,0,131,0,510,118,2,630,10,591,158,2,761,487,0,487,1248
03/25/2020,DAB,FL,ASO,ES,Combined TRACON& Tower with Radar,15,90,50,0,155,0,246,50,0,296,15,336,100,0,451,343,0,343,794
03/26/2020,DAB,FL,ASO,ES,Combined TRACON& Tower with Radar,11,130,58,2,201,0,218,56,2,276,11,348,114,4,477,407,0,407,884
03/27/2020,DAB,FL,ASO,ES,Combined TRACON& Tower with Radar,8,112,43,0,163,0,411,125,0,536,8,523,168,0,699,354,0,354,1053
03/28/2020,DAB,FL,ASO,ES,Combined TRACON& Tower with Radar,8,56,30,0,94,0,382,81,1,464,8,438,111,1,558,111,0,111,669
03/29/2020,DAB,FL,ASO,ES,Combined TRACON& Tower with Radar,10,23,15,0,48,0,226,53,1,280,10,249,68,1,328,0,0,0,328
03/30/2020,DAB,FL,ASO,ES,Combined TRACON& Tower with Radar,10,47,11,0,68,0,350,77,1,428,10,397,88,1,496,18,0,18,514
03/31/2020,DAB,FL,ASO,ES,Combined TRACON& Tower with Radar,7,23,19,0,49,0,170,40,0,210,7,193,59,0,259,0,0,0,259
04/01/2020,DAB,FL,ASO,ES,Combined TRACON& Tower with Radar,8,53,16,0,77,0,343,88,0,431,8,396,104,0,508,4,0,4,512
04/02/2020,DAB,FL,ASO,ES,Combined TRACON& Tower with Radar,8,46,18,0,72,0,249,98,0,347,8,295,116,0,419,2,0,2,421
04/03/2020,DAB,FL,ASO,ES,Combined TRACON& Tower with Radar,5,7,19,0,31,0,131,85,0,216,5,138,104,0,247,6,0,6,253
04/04/2020,DAB,FL,ASO,ES,Combined TRACON& Tower with Radar,3,9,16,0,28,0,100,69,0,169,3,109,85,0,197,20,0,20,217
04/05/2020,DAB,FL,ASO,ES,Combined TRACON& Tower with Radar,7,7,8,0,22,0,3,5,0,8,7,10,13,0,30,33,0,33,63
04/06/2020,DAB,FL,ASO,ES,Combined TRACON& Tower with Radar,11,10,7,0,28,0,108,51,0,159,11,118,58,0,187,57,0,57,244
04/07/2020,DAB,FL,ASO,ES,Combined TRACON& Tower with Radar,10,15,25,1,51,0,139,83,0,222,10,154,108,1,273,22,0,22,295
04/08/2020,DAB,FL,ASO,ES,Combined TRACON& Tower with Radar,9,16,35,2,62,0,98,70,0,168,9,114,105,2,230,4,0,4,234
04/09/2020,DAB,FL,ASO,ES,Combined TRACON& Tower with Radar,10,22,20,2,54,0,42,27,0,69,10,64,47,2,123,0,0,0,123
04/10/2020,DAB,FL,ASO,ES,Combined TRACON& Tower with Radar,7,17,11,3,38,0,90,32,1,123,7,107,43,4,161,0,0,0,161
04/11/2020,DAB,FL,ASO,ES,Combined TRACON& Tower with Radar,7,17,24,0,48,0,138,84,1,223,7,155,108,1,271,71,0,71,342
04/12/2020,DAB,FL,ASO,ES,Combined TRACON& Tower with Radar,9,2,1,0,12,0,0,3,0,3,9,2,4,0,15,0,0,0,15
04/13/2020,DAB,FL,ASO,ES,Combined TRACON& Tower with Radar,13,5,6,4,28,0,45,19,0,64,13,50,25,4,92,33,0,33,125
04/14/2020,DAB,FL,ASO,ES,Combined TRACON& Tower with Radar,10,20,21,0,51,0,55,17,0,72,10,75,38,0,123,240,0,240,363
04/15/2020,DAB,FL,ASO,ES,Combined TRACON& Tower with Radar,7,17,14,4,42,0,16,10,2,28,7,33,24,6,70,56,0,56,126
04/16/2020,DAB,FL,ASO,ES,Combined TRACON& Tower with Radar,8,29,11,1,49,0,21,10,0,31,8,50,21,1,80,16,0,16,96
04/17/2020,DAB,FL,ASO,ES,Combined TRACON& Tower with Radar,8,21,40,0,69,0,11,50,0,61,8,32,90,0,130,88,0,88,218
04/18/2020,DAB,FL,ASO,ES,Combined TRACON& Tower with Radar,6,24,13,0,43,0,60,17,0,77,6,84,30,0,120,137,0,137,257
04/19/2020,DAB,FL,ASO,ES,Combined TRACON& Tower with Radar,6,18,23,0,47,0,143,57,0,200,6,161,80,0,247,43,0,43,290
04/20/2020,DAB,FL,ASO,ES,Combined TRACON& Tower with Radar,8,10,15,0,33,0,23,20,0,43,8,33,35,0,76,7,0,7,83
04/21/2020,DAB,FL,ASO,ES,Combined TRACON& Tower with Radar,8,24,27,0,59,0,219,98,0,317,8,243,125,0,376,0,0,0,376
04/22/2020,DAB,FL,ASO,ES,Combined TRACON& Tower with Radar,8,27,29,0,64,0,179,105,0,284,8,206,134,0,348,12,0,12,360
04/23/2020,DAB,FL,ASO,ES,Combined TRACON& Tower with Radar,8,14,20,3,45,0,65,47,0,112,8,79,67,3,157,12,0,12,169
04/24/2020,DAB,FL,ASO,ES,Combined TRACON& Tower with Radar,8,5,13,1,27,0,2,8,0,10,8,7,21,1,37,0,0,0,37
04/25/2020,DAB,FL,ASO,ES,Combined TRACON& Tower with Radar,6,22,24,0,52,0,110,41,0,151,6,132,65,0,203,54,0,54,257
04/26/2020,DAB,FL,ASO,ES,Combined TRACON& Tower with Radar,8,25,15,2,50,0,127,55,0,182,8,152,70,2,232,46,0,46,278
04/27/2020,DAB,FL,ASO,ES,Combined TRACON& Tower with Radar,8,23,33,2,66,0,123,95,0,218,8,146,128,2,284,30,0,30,314
04/28/2020,DAB,FL,ASO,ES,Combined TRACON& Tower with Radar,8,33,37,3,81,0,169,82,2,253,8,202,119,5,334,105,0,105,439
04/29/2020,DAB,FL,ASO,ES,Combined TRACON& Tower with Radar,8,26,27,2,63,0,112,76,1,189,8,138,103,3,252,56,0,56,308
04/30/2020,DAB,FL,ASO,ES,Combined TRACON& Tower with Radar,6,30,22,1,59,0,38,26,2,66,6,68,48,3,125,122,0,122,247
05/01/2020,DAB,FL,ASO,ES,Combined TRACON& Tower with Radar,7,36,28,0,71,0,195,98,0,293,7,231,126,0,364,95,0,95,459
05/02/2020,DAB,FL,ASO,ES,Combined TRACON& Tower with Radar,9,31,18,1,59,0,151,66,0,217,9,182,84,1,276,274,0,274,550
05/03/2020,DAB,FL,ASO,ES,Combined TRACON& Tower with Radar,7,27,19,2,55,0,108,69,0,177,7,135,88,2,232,82,0,82,314
05/04/2020,DAB,FL,ASO,ES,Combined TRACON& Tower with Radar,6,26,33,0,65,0,140,112,1,253,6,166,145,1,318,70,0,70,388
05/05/2020,DAB,FL,ASO,ES,Combined TRACON& Tower with Radar,9,35,70,3,117,0,168,89,1,258,9,203,159,4,375,118,0,118,493
05/06/2020,DAB,FL,ASO,ES,Combined TRACON& Tower with Radar,8,37,25,3,73,0,268,66,1,335,8,305,91,4,408,129,0,129,537
05/07/2020,DAB,FL,ASO,ES,Combined TRACON& Tower with Radar,6,57,29,2,94,0,311,65,5,381,6,368,94,7,475,51,0,51,526
05/08/2020,DAB,FL,ASO,ES,Combined TRACON& Tower with Radar,6,58,25,0,89,0,343,103,0,446,6,401,128,0,535,39,0,39,574
05/09/2020,DAB,FL,ASO,ES,Combined TRACON& Tower with Radar,6,42,30,0,78,0,107,54,0,161,6,149,84,0,239,38,0,38,277
05/10/2020,DAB,FL,ASO,ES,Combined TRACON& Tower with Radar,6,16,19,0,41,0,13,8,0,21,6,29,27,0,62,26,0,26,88
05/11/2020,DAB,FL,ASO,ES,Combined TRACON& Tower with Radar,6,107,46,0,159,0,337,74,0,411,6,444,120,0,570,88,0,88,658
05/12/2020,DAB,FL,ASO,ES,Combined TRACON& Tower with Radar,6,69,39,3,117,0,448,81,2,531,6,517,120,5,648,68,0,68,716
05/13/2020,DAB,FL,ASO,ES,Combined TRACON& Tower with Radar,6,88,50,0,144,0,330,102,0,432,6,418,152,0,576,107,0,107,683
05/14/2020,DAB,FL,ASO,ES,Combined TRACON& Tower with Radar,6,99,43,4,152,0,227,37,0,264,6,326,80,4,416,135,0,135,551
05/15/2020,DAB,FL,ASO,ES,Combined TRACON& Tower with Radar,6,93,45,1,145,0,261,60,1,322,6,354,105,2,467,221,0,221,688
05/16/2020,DAB,FL,ASO,ES,Combined TRACON& Tower with Radar,6,71,19,0,96,0,52,19,0,71,6,123,38,0,167,183,0,183,350
05/17/2020,DAB,FL,ASO,ES,Combined TRACON& Tower with Radar,6,77,59,0,142,0,91,46,0,137,6,168,105,0,279,169,0,169,448
05/18/2020,DAB,FL,ASO,ES,Combined TRACON& Tower with Radar,6,61,22,2,91,0,315,54,0,369,6,376,76,2,460,56,6,62,522
05/19/2020,DAB,FL,ASO,ES,Combined TRACON& Tower with Radar,6,123,39,2,170,0,376,80,1,457,6,499,119,3,627,164,0,164,791
05/20/2020,DAB,FL,ASO,ES,Combined TRACON& Tower with Radar,6,82,35,0,123,0,498,99,0,597,6,580,134,0,720,27,0,27,747
05/21/2020,DAB,FL,ASO,ES,Combined TRACON& Tower with Radar,6,62,36,0,104,0,395,83,1,479,6,457,119,1,583,94,0,94,677
05/22/2020,DAB,FL,ASO,ES,Combined TRACON& Tower with Radar,6,87,43,0,136,0,449,102,0,551,6,536,145,0,687,224,0,224,911
05/23/2020,DAB,FL,ASO,ES,Combined TRACON& Tower with Radar,6,97,35,1,139,0,224,61,6,291,6,321,96,7,430,290,0,290,720
05/24/2020,DAB,FL,ASO,ES,Combined TRACON& Tower with Radar,6,46,31,0,83,0,70,55,8,133,6,116,86,8,216,175,0,175,391
05/25/2020,DAB,FL,ASO,ES,Combined TRACON& Tower with Radar,6,48,16,0,70,0,63,11,0,74,6,111,27,0,144,150,0,150,294
05/26/2020,DAB,FL,ASO,ES,Combined TRACON& Tower with Radar,9,88,26,4,127,0,18,13,0,31,9,106,39,4,158,57,0,57,215
05/27/2020,DAB,FL,ASO,ES,Combined TRACON& Tower with Radar,7,67,37,0,111,0,139,37,0,176,7,206,74,0,287,237,0,237,524
05/28/2020,DAB,FL,ASO,ES,Combined TRACON& Tower with Radar,6,66,40,0,112,0,247,74,0,321,6,313,114,0,433,178,0,178,611
05/29/2020,DAB,FL,ASO,ES,Combined TRACON& Tower with Radar,5,92,28,0,125,0,271,66,4,341,5,363,94,4,466,286,0,286,752
05/30/2020,DAB,FL,ASO,ES,Combined TRACON& Tower with Radar,7,74,26,3,110,0,123,31,7,161,7,197,57,10,271,24,0,24,295
05/31/2020,DAB,FL,ASO,ES,Combined TRACON& Tower with Radar,6,53,46,0,105,0,174,77,0,251,6,227,123,0,356,204,0,204,560
06/01/2020,DAB,FL,ASO,ES,Combined TRACON& Tower with Radar,6,170,60,0,236,0,187,50,2,239,6,357,110,2,475,235,0,235,710
06/02/2020,DAB,FL,ASO,ES,Combined TRACON& Tower with Radar,6,190,50,3,249,0,264,77,1,342,6,454,127,4,591,425,0,425,1016
06/03/2020,DAB,FL,ASO,ES,Combined TRACON& Tower with Radar,6,182,49,0,237,0,324,63,0,387,6,506,112,0,624,281,0,281,905
06/04/2020,DAB,FL,ASO,ES,Combined TRACON& Tower with Radar,6,115,26,1,148,0,93,10,0,103,6,208,36,1,251,127,0,127,378
06/05/2020,DAB,FL,ASO,ES,Combined TRACON& Tower with Radar,6,99,38,0,143,0,372,76,2,450,6,471,114,2,593,345,0,345,938
06/06/2020,DAB,FL,ASO,ES,Combined TRACON& Tower with Radar,6,74,23,0,103,0,66,17,2,85,6,140,40,2,188,78,0,78,266
06/07/2020,DAB,FL,ASO,ES,Combined TRACON& Tower with Radar,6,45,28,0,79,0,17,13,0,30,6,62,41,0,109,204,0,204,313
06/08/2020,DAB,FL,ASO,ES,Combined TRACON& Tower with Radar,6,79,40,0,125,0,284,71,0,355,6,363,111,0,480,253,0,253,733
06/09/2020,DAB,FL,ASO,ES,Combined TRACON& Tower with Radar,8,106,41,0,155,0,373,80,0,453,8,479,121,0,608,216,0,216,824
06/10/2020,DAB,FL,ASO,ES,Combined TRACON& Tower with Radar,6,132,40,0,178,0,409,101,0,510,6,541,141,0,688,182,0,182,870
06/11/2020,DAB,FL,ASO,ES,Combined TRACON& Tower with Radar,8,102,47,0,157,0,354,79,0,433,8,456,126,0,590,67,0,67,657
06/12/2020,DAB,FL,ASO,ES,Combined TRACON& Tower with Radar,6,92,46,0,144,0,518,115,1,634,6,610,161,1,778,409,0,409,1187
06/13/2020,DAB,FL,ASO,ES,Combined TRACON& Tower with Radar,6,68,23,0,97,0,152,51,4,207,6,220,74,4,304,285,0,285,589
06/14/2020,DAB,FL,ASO,ES,Combined TRACON& Tower with Radar,6,37,16,0,59,0,60,24,2,86,6,97,40,2,145,87,0,87,232
06/15/2020,DAB,FL,ASO,ES,Combined TRACON& Tower with Radar,6,68,21,0,95,0,386,108,1,495,6,454,129,1,590,6,0,6,596
06/16/2020,DAB,FL,ASO,ES,Combined TRACON& Tower with Radar,6,84,31,0,121,0,449,114,2,565,6,533,145,2,686,4,0,4,690
06/17/2020,DAB,FL,ASO,ES,Combined TRACON& Tower with Radar,6,67,21,1,95,0,404,91,2,497,6,471,112,3,592,10,0,10,602
06/18/2020,DAB,FL,ASO,ES,Combined TRACON& Tower with Radar,8,81,24,2,115,0,375,85,2,462,8,456,109,4,577,18,0,18,595
06/19/2020,DAB,FL,ASO,ES,Combined TRACON& Tower with Radar,6,41,42,2,91,0,94,47,2,143,6,135,89,4,234,20,0,20,254
06/20/2020,DAB,FL,ASO,ES,Combined TRACON& Tower with Radar,6,102,37,0,145,0,193,73,2,268,6,295,110,2,413,4,0,4,417
06/21/2020,DAB,FL,ASO,ES,Combined TRACON& Tower with Radar,6,40,28,0,74,0,128,62,1,191,6,168,90,1,265,4,0,4,269
06/22/2020,DAB,FL,ASO,ES,Combined TRACON& Tower with Radar,5,57,22,0,84,0,381,99,0,480,5,438,121,0,564,14,0,14,578
06/23/2020,DAB,FL,ASO,ES,Combined TRACON& Tower with Radar,7,53,23,2,85,0,307,72,0,379,7,360,95,2,464,42,0,42,506
06/24/2020,DAB,FL,ASO,ES,Combined TRACON& Tower with Radar,8,59,28,0,95,0,373,83,0,456,8,432,111,0,551,0,0,0,551
06/25/2020,DAB,FL,ASO,ES,Combined TRACON& Tower with Radar,6,72,28,1,107,0,363,100,2,465,6,435,128,3,572,23,0,23,595
06/26/2020,DAB,FL,ASO,ES,Combined TRACON& Tower with Radar,6,94,36,0,136,0,412,117,0,529,6,506,153,0,665,12,0,12,677
06/27/2020,DAB,FL,ASO,ES,Combined TRACON& Tower with Radar,7,48,19,1,75,0,168,56,2,226,7,216,75,3,301,70,0,70,371
06/28/2020,DAB,FL,ASO,ES,Combined TRACON& Tower with Radar,8,6,26,0,40,0,46,85,1,132,8,52,111,1,172,33,0,33,205
06/29/2020,DAB,FL,ASO,ES,Combined TRACON& Tower with Radar,8,52,35,0,95,0,310,76,2,388,8,362,111,2,483,86,0,86,569
06/30/2020,DAB,FL,ASO,ES,Combined TRACON& Tower with Radar,8,45,35,0,88,0,238,80,3,321,8,283,115,3,409,222,8,230,639
07/01/2020,DAB,FL,ASO,ES,Combined TRACON& Tower with Radar,8,68,45,4,125,0,270,58,0,328,8,338,103,4,453,147,0,147,600
07/02/2020,DAB,FL,ASO,ES,Combined TRACON& Tower with Radar,10,75,41,1,127,0,242,80,1,323,10,317,121,2,450,399,0,399,849
07/03/2020,DAB,FL,ASO,ES,Combined TRACON& Tower with Radar,10,46,54,0,110,0,182,58,2,242,10,228,112,2,352,103,0,103,455
07/04/2020,DAB,FL,ASO,ES,Combined TRACON& Tower with Radar,10,28,28,0,66,0,60,39,9,108,10,88,67,9,174,161,0,161,335
07/05/2020,DAB,FL,ASO,ES,Combined TRACON& Tower with Radar,10,41,37,0,88,0,70,28,0,98,10,111,65,0,186,118,0,118,304
07/06/2020,DAB,FL,ASO,ES,Combined TRACON& Tower with Radar,10,52,37,0,99,0,226,53,0,279,10,278,90,0,378,161,0,161,539
07/07/2020,DAB,FL,ASO,ES,Combined TRACON& Tower with Radar,8,61,31,6,106,0,201,61,0,262,8,262,92,6,368,267,0,267,635
07/08/2020,DAB,FL,ASO,ES,Combined TRACON& Tower with Radar,10,67,56,2,135,0,113,39,1,153,10,180,95,3,288,186,0,186,474
07/09/2020,DAB,FL,ASO,ES,Combined TRACON& Tower with Radar,12,98,36,2,148,0,294,55,0,349,12,392,91,2,497,250,0,250,747
07/10/2020,DAB,FL,ASO,ES,Combined TRACON& Tower with Radar,12,103,42,0,157,0,126,38,2,166,12,229,80,2,323,26,0,26,349
07/11/2020,DAB,FL,ASO,ES,Combined TRACON& Tower with Radar,12,96,49,0,157,0,179,39,2,220,12,275,88,2,377,91,0,91,468
07/12/2020,DAB,FL,ASO,ES,Combined TRACON& Tower with Radar,12,28,27,0,67,0,129,63,10,202,12,157,90,10,269,0,0,0,269
07/13/2020,DAB,FL,ASO,ES,Combined TRACON& Tower with Radar,12,85,32,0,129,0,405,99,1,505,12,490,131,1,634,0,0,0,634
07/14/2020,DAB,FL,ASO,ES,Combined TRACON& Tower with Radar,8,50,28,0,86,0,243,82,0,325,8,293,110,0,411,10,0,10,421
07/15/2020,DAB,FL,ASO,ES,Combined TRACON& Tower with Radar,8,71,43,1,123,0,383,91,2,476,8,454,134,3,599,52,0,52,651
07/16/2020,DAB,FL,ASO,ES,Combined TRACON& Tower with Radar,12,90,29,2,133,0,380,110,1,491,12,470,139,3,624,28,0,28,652
07/17/2020,DAB,FL,ASO,ES,Combined TRACON& Tower with Radar,12,100,40,0,152,0,351,116,0,467,12,451,156,0,619,57,0,57,676
07/18/2020,DAB,FL,ASO,ES,Combined TRACON& Tower with Radar,12,70,56,1,139,0,213,67,10,290,12,283,123,11,429,161,0,161,590
07/19/2020,DAB,FL,ASO,ES,Combined TRACON& Tower with Radar,12,22,48,0,82,0,107,66,2,175,12,129,114,2,257,173,0,173,430
07/20/2020,DAB,FL,ASO,ES,Combined TRACON& Tower with Radar,13,81,52,0,146,0,345,78,1,424,13,426,130,1,570,107,0,107,677
07/21/2020,DAB,FL,ASO,ES,Combined TRACON& Tower with Radar,9,87,46,1,143,0,393,99,0,492,9,480,145,1,635,20,0,20,655
07/22/2020,DAB,FL,ASO,ES,Combined TRACON& Tower with Radar,10,84,24,5,123,0,171,34,1,206,10,255,58,6,329,248,0,248,577
07/23/2020,DAB,FL,ASO,ES,Combined TRACON& Tower with Radar,12,66,38,2,118,0,89,34,3,126,12,155,72,5,244,85,0,85,329
07/24/2020,DAB,FL,ASO,ES,Combined TRACON& Tower with Radar,12,118,63,0,193,0,371,108,0,479,12,489,171,0,672,189,0,189,861
07/25/2020,DAB,FL,ASO,ES,Combined TRACON& Tower with Radar,12,88,48,1,149,0,233,75,4,312,12,321,123,5,461,240,0,240,701
07/26/2020,DAB,FL,ASO,ES,Combined TRACON& Tower with Radar,12,32,25,2,71,0,69,44,7,120,12,101,69,9,191,196,0,196,387
07/27/2020,DAB,FL,ASO,ES,Combined TRACON& Tower with Radar,12,60,24,0,96,0,283,43,0,326,12,343,67,0,422,163,0,163,585
07/28/2020,DAB,FL,ASO,ES,Combined TRACON& Tower with Radar,8,70,31,0,109,0,262,56,0,318,8,332,87,0,427,114,0,114,541
07/29/2020,DAB,FL,ASO,ES,Combined TRACON& Tower with Radar,8,69,31,4,112,0,370,89,0,459,8,439,120,4,571,204,0,204,775
07/30/2020,DAB,FL,ASO,ES,Combined TRACON& Tower with Radar,12,75,34,0,121,0,338,79,0,417,12,413,113,0,538,168,0,168,706
07/31/2020,DAB,FL,ASO,ES,Combined TRACON& Tower with Radar,12,106,41,1,160,0,381,82,3,466,12,487,123,4,626,221,0,221,847
08/01/2020,DAB,FL,ASO,ES,Combined TRACON& Tower with Radar,14,56,28,0,98,0,212,51,6,269,14,268,79,6,367,69,0,69,436
08/02/2020,DAB,FL,ASO,ES,Combined TRACON& Tower with Radar,14,0,4,0,18,0,2,5,0,7,14,2,9,0,25,0,0,0,25
08/03/2020,DAB,FL,ASO,ES,Combined TRACON& Tower with Radar,14,60,16,0,90,0,124,33,2,159,14,184,49,2,249,169,0,169,418
08/04/2020,DAB,FL,ASO,ES,Combined TRACON& Tower with Radar,10,54,49,0,113,0,324,74,1,399,10,378,123,1,512,153,0,153,665
08/05/2020,DAB,FL,ASO,ES,Combined TRACON& Tower with Radar,10,72,30,4,116,0,352,77,0,429,10,424,107,4,545,179,0,179,724
08/06/2020,DAB,FL,ASO,ES,Combined TRACON& Tower with Radar,14,60,26,0,100,0,332,75,0,407,14,392,101,0,507,198,0,198,705
08/07/2020,DAB,FL,ASO,ES,Combined TRACON& Tower with Radar,14,77,37,0,128,0,346,76,1,423,14,423,113,1,551,157,0,157,708
08/08/2020,DAB,FL,ASO,ES,Combined TRACON& Tower with Radar,16,81,35,0,132,0,253,76,0,329,16,334,111,0,461,205,0,205,666
08/09/2020,DAB,FL,ASO,ES,Combined TRACON& Tower with Radar,14,38,26,0,78,0,99,65,10,174,14,137,91,10,252,103,0,103,355
08/10/2020,DAB,FL,ASO,ES,Combined TRACON& Tower with Radar,14,90,32,1,137,0,387,68,1,456,14,477,100,2,593,126,0,126,719
08/11/2020,DAB,FL,ASO,ES,Combined TRACON& Tower with Radar,11,67,35,1,114,0,255,52,0,307,11,322,87,1,421,278,0,278,699
08/12/2020,DAB,FL,ASO,ES,Combined TRACON& Tower with Radar,16,78,42,0,136,0,349,64,0,413,16,427,106,0,549,317,0,317,866
08/13/2020,DAB,FL,ASO,ES,Combined TRACON& Tower with Radar,15,103,42,0,160,0,247,52,1,300,15,350,94,1,460,338,0,338,798
08/14/2020,DAB,FL,ASO,ES,Combined TRACON& Tower with Radar,14,74,66,0,154,0,294,83,3,380,14,368,149,3,534,158,0,158,692
08/15/2020,DAB,FL,ASO,ES,Combined TRACON& Tower with Radar,14,43,59,0,116,0,152,72,0,224,14,195,131,0,340,190,0,190,530
08/16/2020,DAB,FL,ASO,ES,Combined TRACON& Tower with Radar,14,9,107,0,130,0,71,42,2,115,14,80,149,2,245,32,0,32,277
08/17/2020,DAB,FL,ASO,ES,Combined TRACON& Tower with Radar,14,71,41,0,126,0,238,55,0,293,14,309,96,0,419,130,0,130,549
08/18/2020,DAB,FL,ASO,ES,Combined TRACON& Tower with Radar,8,70,26,0,104,0,248,50,2,300,8,318,76,2,404,176,0,176,580
08/19/2020,DAB,FL,ASO,ES,Combined TRACON& Tower with Radar,13,67,42,0,122,0,282,63,0,345,13,349,105,0,467,163,0,163,630
08/20/2020,DAB,FL,ASO,ES,Combined TRACON& Tower with Radar,19,83,35,2,139,0,292,84,0,376,19,375,119,2,515,85,0,85,600
08/21/2020,DAB,FL,ASO,ES,Combined TRACON& Tower with Radar,16,94,46,0,156,0,265,66,1,332,16,359,112,1,488,226,0,226,714
08/22/2020,DAB,FL,ASO,ES,Combined TRACON& Tower with Radar,16,67,54,1,138,0,70,51,2,123,16,137,105,3,261,204,0,204,465
08/23/2020,DAB,FL,ASO,ES,Combined TRACON& Tower with Radar,18,58,39,0,115,0,99,52,2,153,18,157,91,2,268,78,0,78,346
08/24/2020,DAB,FL,ASO,ES,Combined TRACON& Tower with Radar,16,101,23,4,144,0,88,45,2,135,16,189,68,6,279,46,0,46,325
08/25/2020,DAB,FL,ASO,ES,Combined TRACON& Tower with Radar,12,159,28,2,201,0,167,51,0,218,12,326,79,2,419,82,0,82,501
08/26/2020,DAB,FL,ASO,ES,Combined TRACON& Tower with Radar,12,114,60,2,188,0,371,91,0,462,12,485,151,2,650,107,0,107,757
08/27/2020,DAB,FL,ASO,ES,Combined TRACON& Tower with Radar,16,85,65,1,167,0,362,90,2,454,16,447,155,3,621,57,0,57,678
08/28/2020,DAB,FL,ASO,ES,Combined TRACON& Tower with Radar,16,91,76,15,198,0,526,121,3,650,16,617,197,18,848,101,0,101,949
08/29/2020,DAB,FL,ASO,ES,Combined TRACON& Tower with Radar,16,38,71,0,125,0,133,62,11,206,16,171,133,11,331,282,0,282,613
08/30/2020,DAB,FL,ASO,ES,Combined TRACON& Tower with Radar,15,22,43,1,81,0,61,21,0,82,15,83,64,1,163,159,0,159,322
08/31/2020,DAB,FL,ASO,ES,Combined TRACON& Tower with Radar,17,79,34,1,131,0,172,39,1,212,17,251,73,2,343,122,0,122,465
09/01/2020,DAB,FL,ASO,ES,Combined TRACON& Tower with Radar,12,119,48,0,179,0,267,46,2,315,12,386,94,2,494,291,0,291,785
09/02/2020,DAB,FL,ASO,ES,Combined TRACON& Tower with Radar,12,85,60,2,159,0,489,106,0,595,12,574,166,2,754,404,0,404,1158
09/03/2020,DAB,FL,ASO,ES,Combined TRACON& Tower with Radar,16,98,40,0,154,0,569,128,0,697,16,667,168,0,851,205,0,205,1056
09/04/2020,DAB,FL,ASO,ES,Combined TRACON& Tower with Radar,18,85,37,0,140,0,404,83,4,491,18,489,120,4,631,364,0,364,995
09/05/2020,DAB,FL,ASO,ES,Combined TRACON& Tower with Radar,16,57,49,0,122,0,294,109,0,403,16,351,158,0,525,206,0,206,731
09/06/2020,DAB,FL,ASO,ES,Combined TRACON& Tower with Radar,14,63,33,0,110,0,206,58,0,264,14,269,91,0,374,322,0,322,696
09/07/2020,DAB,FL,ASO,ES,Combined TRACON& Tower with Radar,14,92,29,0,135,0,125,30,0,155,14,217,59,0,290,328,0,328,618
09/08/2020,DAB,FL,ASO,ES,Combined TRACON& Tower with Radar,11,158,39,0,208,0,234,53,0,287,11,392,92,0,495,400,0,400,895
09/09/2020,DAB,FL,ASO,ES,Combined TRACON& Tower with Radar,16,107,39,0,162,0,308,52,0,360,16,415,91,0,522,203,0,203,725
09/10/2020,DAB,FL,ASO,ES,Combined TRACON& Tower with Radar,14,188,66,4,272,0,324,69,0,393,14,512,135,4,665,405,0,405,1070
09/11/2020,DAB,FL,ASO,ES,Combined TRACON& Tower with Radar,14,118,32,0,164,0,104,19,0,123,14,222,51,0,287,252,0,252,539
09/12/2020,DAB,FL,ASO,ES,Combined TRACON& Tower with Radar,14,58,52,0,124,0,65,38,0,103,14,123,90,0,227,267,0,267,494
09/13/2020,DAB,FL,ASO,ES,Combined TRACON& Tower with Radar,14,40,29,0,83,0,43,17,1,61,14,83,46,1,144,95,0,95,239
09/14/2020,DAB,FL,ASO,ES,Combined TRACON& Tower with Radar,16,176,37,0,229,0,448,74,1,523,16,624,111,1,752,135,0,135,887
09/15/2020,DAB,FL,ASO,ES,Combined TRACON& Tower with Radar,14,174,61,3,252,0,460,106,6,572,14,634,167,9,824,98,0,98,922
09/16/2020,DAB,FL,ASO,ES,Combined TRACON& Tower with Radar,14,103,56,0,173,0,429,74,0,503,14,532,130,0,676,161,0,161,837
09/17/2020,DAB,FL,ASO,ES,Combined TRACON& Tower with Radar,14,153,37,2,206,0,248,54,0,302,14,401,91,2,508,48,0,48,556
09/18/2020,DAB,FL,ASO,ES,Combined TRACON& Tower with Radar,14,169,69,0,252,0,384,105,0,489,14,553,174,0,741,298,0,298,1039
09/19/2020,DAB,FL,ASO,ES,Combined TRACON& Tower with Radar,14,52,34,0,100,0,92,35,2,129,14,144,69,2,229,0,0,0,229
09/20/2020,DAB,FL,ASO,ES,Combined TRACON& Tower with Radar,16,9,23,0,48,0,0,6,0,6,16,9,29,0,54,16,0,16,70
09/21/2020,DAB,FL,ASO,ES,Combined TRACON& Tower with Radar,14,24,15,2,55,0,37,9,2,48,14,61,24,4,103,0,0,0,103
09/22/2020,DAB,FL,ASO,ES,Combined TRACON& Tower with Radar,14,104,38,1,157,0,341,79,1,421,14,445,117,2,578,8,0,8,586
09/23/2020,DAB,FL,ASO,ES,Combined TRACON& Tower with Radar,14,118,45,5,182,0,630,128,6,764,14,748,173,11,946,2,0,2,948
09/24/2020,DAB,FL,ASO,ES,Combined TRACON& Tower with Radar,16,104,48,1,169,0,513,99,3,615,16,617,147,4,784,8,0,8,792
09/25/2020,DAB,FL,ASO,ES,Combined TRACON& Tower with Radar,14,98,34,0,146,0,455,152,4,611,14,553,186,4,757,2,0,2,759
09/26/2020,DAB,FL,ASO,ES,Combined TRACON& Tower with Radar,14,58,35,0,107,0,308,155,3,466,14,366,190,3,573,8,0,8,581
09/27/2020,DAB,FL,ASO,ES,Combined TRACON& Tower with Radar,14,31,36,0,81,0,66,46,7,119,14,97,82,7,200,28,0,28,228
09/28/2020,DAB,FL,ASO,ES,Combined TRACON& Tower with Radar,14,70,28,2,114,0,225,33,1,259,14,295,61,3,373,29,0,29,402
09/29/2020,DAB,FL,ASO,ES,Combined TRACON& Tower with Radar,14,70,45,1,130,0,189,31,0,220,14,259,76,1,350,16,0,16,366
09/30/2020,DAB,FL,ASO,ES,Combined TRACON& Tower with Radar,14,89,50,0,153,0,598,127,3,728,14,687,177,3,881,0,0,0,881
10/01/2020,DAB,FL,ASO,ES,Combined TRACON& Tower with Radar,14,85,45,1,145,0,583,114,4,701,14,668,159,5,846,4,0,4,850
10/02/2020,DAB,FL,ASO,ES,Combined TRACON& Tower with Radar,14,86,55,0,155,0,558,112,3,673,14,644,167,3,828,8,0,8,836
10/03/2020,DAB,FL,ASO,ES,Combined TRACON& Tower with Radar,16,55,39,0,110,0,119,31,1,151,16,174,70,1,261,0,0,0,261
10/04/2020,DAB,FL,ASO,ES,Combined TRACON& Tower with Radar,14,20,28,0,62,0,4,11,0,15,14,24,39,0,77,14,0,14,91
10/05/2020,DAB,FL,ASO,ES,Combined TRACON& Tower with Radar,14,125,36,1,176,0,52,22,0,74,14,177,58,1,250,2,0,2,252
10/06/2020,DAB,FL,ASO,ES,Combined TRACON& Tower with Radar,14,178,58,2,252,0,358,96,0,454,14,536,154,2,706,10,0,10,716
10/07/2020,DAB,FL,ASO,ES,Combined TRACON& Tower with Radar,12,181,66,1,260,0,224,62,0,286,12,405,128,1,546,14,0,14,560
10/08/2020,DAB,FL,ASO,ES,Combined TRACON& Tower with Radar,14,136,52,4,206,0,368,82,0,450,14,504,134,4,656,0,0,0,656
10/09/2020,DAB,FL,ASO,ES,Combined TRACON& Tower with Radar,16,119,31,0,166,0,231,45,0,276,16,350,76,0,442,20,0,20,462
10/10/2020,DAB,FL,ASO,ES,Combined TRACON& Tower with Radar,16,66,36,0,118,0,141,57,0,198,16,207,93,0,316,80,0,80,396
10/11/2020,DAB,FL,ASO,ES,Combined TRACON& Tower with Radar,14,55,40,0,109,0,66,31,3,100,14,121,71,3,209,49,0,49,258
10/12/2020,DAB,FL,ASO,ES,Combined TRACON& Tower with Radar,16,110,44,0,170,0,501,97,0,598,16,611,141,0,768,221,0,221,989
10/13/2020,DAB,FL,ASO,ES,Combined TRACON& Tower with Radar,12,123,53,0,188,0,672,152,2,826,12,795,205,2,1014,461,0,461,1475
10/14/2020,DAB,FL,ASO,ES,Combined TRACON& Tower with Radar,12,102,46,0,160,0,652,102,0,754,12,754,148,0,914,493,0,493,1407
10/15/2020,DAB,FL,ASO,ES,Combined TRACON& Tower with Radar,14,124,65,2,205,0,599,96,1,696,14,723,161,3,901,503,0,503,1404
10/16/2020,DAB,FL,ASO,ES,Combined TRACON& Tower with Radar,14,94,45,0,153,0,509,96,0,605,14,603,141,0,758,554,59,613,1371
10/17/2020,DAB,FL,ASO,ES,Combined TRACON& Tower with Radar,16,92,37,2,147,0,177,62,6,245,16,269,99,8,392,140,0,140,532
10/18/2020,DAB,FL,ASO,ES,Combined TRACON& Tower with Radar,14,69,38,6,127,0,62,30,0,92,14,131,68,6,219,160,2,162,381
10/19/2020,DAB,FL,ASO,ES,Combined TRACON& Tower with Radar,13,93,31,1,138,1,196,27,0,224,14,289,58,1,362,245,0,245,607
10/20/2020,DAB,FL,ASO,ES,Combined TRACON& Tower with Radar,12,150,57,1,220,0,340,64,0,404,12,490,121,1,624,537,0,537,1161
10/21/2020,DAB,FL,ASO,ES,Combined TRACON& Tower with Radar,12,146,59,1,218,0,313,66,0,379,12,459,125,1,597,636,0,636,1233
10/22/2020,DAB,FL,ASO,ES,Combined TRACON& Tower with Radar,14,151,55,1,221,0,294,52,4,350,14,445,107,5,571,294,0,294,865
10/23/2020,DAB,FL,ASO,ES,Combined TRACON& Tower with Radar,14,170,75,0,259,0,432,91,0,523,14,602,166,0,782,553,0,553,1335
10/24/2020,DAB,FL,ASO,ES,Combined TRACON& Tower with Radar,15,86,46,3,150,0,300,68,2,370,15,386,114,5,520,444,0,444,964
10/25/2020,DAB,FL,ASO,ES,Combined TRACON& Tower with Radar,12,90,42,0,144,0,242,78,0,320,12,332,120,0,464,354,0,354,818
10/26/2020,DAB,FL,ASO,ES,Combined TRACON& Tower with Radar,12,170,56,0,238,0,414,73,0,487,12,584,129,0,725,515,0,515,1240
10/27/2020,DAB,FL,ASO,ES,Combined TRACON& Tower with Radar,10,154,53,1,218,0,422,75,5,502,10,576,128,6,720,573,6,579,1299
10/28/2020,DAB,FL,ASO,ES,Combined TRACON& Tower with Radar,12,169,65,0,246,0,397,101,4,502,12,566,166,4,748,339,0,339,1087
10/29/2020,DAB,FL,ASO,ES,Combined TRACON& Tower with Radar,12,137,62,6,217,0,289,61,0,350,12,426,123,6,567,249,0,249,816
10/30/2020,DAB,FL,ASO,ES,Combined TRACON& Tower with Radar,12,127,46,0,185,0,629,121,1,751,12,756,167,1,936,275,0,275,1211
10/31/2020,DAB,FL,ASO,ES,Combined TRACON& Tower with Radar,8,95,46,0,149,0,284,76,0,360,8,379,122,0,509,115,0,115,624
11/01/2020,DAB,FL,ASO,ES,Combined TRACON& Tower with Radar,11,43,43,0,97,0,150,30,1,181,11,193,73,1,278,224,0,224,502
11/02/2020,DAB,FL,ASO,ES,Combined TRACON& Tower with Radar,13,69,34,0,116,0,139,34,1,174,13,208,68,1,290,44,0,44,334
11/03/2020,DAB,FL,ASO,ES,Combined TRACON& Tower with Radar,8,156,42,0,206,0,650,109,0,759,8,806,151,0,965,280,0,280,1245
11/04/2020,DAB,FL,ASO,ES,Combined TRACON& Tower with Radar,12,156,63,2,233,0,552,89,3,644,12,708,152,5,877,249,0,249,1126
11/05/2020,DAB,FL,ASO,ES,Combined TRACON& Tower with Radar,16,161,59,2,238,0,392,71,0,463,16,553,130,2,701,274,0,274,975
11/06/2020,DAB,FL,ASO,ES,Combined TRACON& Tower with Radar,16,169,46,0,231,0,442,91,2,535,16,611,137,2,766,503,0,503,1269
11/07/2020,DAB,FL,ASO,ES,Combined TRACON& Tower with Radar,16,72,23,1,112,0,131,55,2,188,16,203,78,3,300,221,0,221,521
11/08/2020,DAB,FL,ASO,ES,Combined TRACON& Tower with Radar,16,32,68,0,116,0,40,11,1,52,16,72,79,1,168,121,0,121,289
11/09/2020,DAB,FL,ASO,ES,Combined TRACON& Tower with Radar,18,29,15,0,62,0,0,0,0,0,18,29,15,0,62,0,0,0,62
11/10/2020,DAB,FL,ASO,ES,Combined TRACON& Tower with Radar,14,163,29,3,209,0,48,15,2,65,14,211,44,5,274,206,0,206,480
11/11/2020,DAB,FL,ASO,ES,Combined TRACON& Tower with Radar,14,107,39,0,160,0,8,2,0,10,14,115,41,0,170,58,0,58,228
11/12/2020,DAB,FL,ASO,ES,Combined TRACON& Tower with Radar,16,92,20,0,128,0,78,18,0,96,16,170,38,0,224,222,0,222,446
11/13/2020,DAB,FL,ASO,ES,Combined TRACON& Tower with Radar,18,309,82,0,409,0,202,40,0,242,18,511,122,0,651,266,0,266,917
11/14/2020,DAB,FL,ASO,ES,Combined TRACON& Tower with Radar,16,115,55,0,186,0,330,59,3,392,16,445,114,3,578,614,0,614,1192
11/15/2020,DAB,FL,ASO,ES,Combined TRACON& Tower with Radar,16,59,28,0,103,0,345,92,6,443,16,404,120,6,546,3,0,3,549
11/16/2020,DAB,FL,ASO,ES,Combined TRACON& Tower with Radar,16,184,39,0,239,0,447,73,0,520,16,631,112,0,759,286,0,286,1045
11/17/2020,DAB,FL,ASO,ES,Combined TRACON& Tower with Radar,14,144,47,0,205,0,586,117,0,703,14,730,164,0,908,102,0,102,1010
11/18/2020,DAB,FL,ASO,ES,Combined TRACON& Tower with Radar,14,122,33,1,170,0,308,64,1,373,14,430,97,2,543,212,0,212,755
11/19/2020,DAB,FL,ASO,ES,Combined TRACON& Tower with Radar,16,177,51,2,246,0,300,57,2,359,16,477,108,4,605,490,0,490,1095
11/20/2020,DAB,FL,ASO,ES,Combined TRACON& Tower with Radar,18,209,57,2,286,0,264,43,7,314,18,473,100,9,600,345,0,345,945
11/21/2020,DAB,FL,ASO,ES,Combined TRACON& Tower with Radar,20,101,35,0,156,0,200,71,4,275,20,301,106,4,431,523,0,523,954
11/22/2020,DAB,FL,ASO,ES,Combined TRACON& Tower with Radar,18,43,19,0,80,0,3,2,0,5,18,46,21,0,85,8,0,8,93
11/23/2020,DAB,FL,ASO,ES,Combined TRACON& Tower with Radar,14,140,39,0,193,0,393,77,1,471,14,533,116,1,664,140,0,140,804
11/24/2020,DAB,FL,ASO,ES,Combined TRACON& Tower with Radar,18,110,32,0,160,0,525,85,1,611,18,635,117,1,771,478,0,478,1249
11/25/2020,DAB,FL,ASO,ES,Combined TRACON& Tower with Radar,16,78,25,2,121,0,437,70,0,507,16,515,95,2,628,126,0,126,754
11/26/2020,DAB,FL,ASO,ES,Combined TRACON& Tower with Radar,8,3,16,0,27,0,3,26,0,29,8,6,42,0,56,58,0,58,114
11/27/2020,DAB,FL,ASO,ES,Combined TRACON& Tower with Radar,16,36,27,2,81,0,350,73,4,427,16,386,100,6,508,116,0,116,624
11/28/2020,DAB,FL,ASO,ES,Combined TRACON& Tower with Radar,16,42,27,0,85,0,272,65,6,343,16,314,92,6,428,158,0,158,586
11/29/2020,DAB,FL,ASO,ES,Combined TRACON& Tower with Radar,18,51,51,0,120,0,129,36,6,171,18,180,87,6,291,110,0,110,401
11/30/2020,DAB,FL,ASO,ES,Combined TRACON& Tower with Radar,15,67,36,0,118,0,207,50,0,257,15,274,86,0,375,283,0,283,658
12/01/2020,DAB,FL,ASO,ES,Combined TRACON& Tower with Radar,18,71,35,2,126,0,480,78,3,561,18,551,113,5,687,43,0,43,730
12/02/2020,DAB,FL,ASO,ES,Combined TRACON& Tower with Radar,15,115,28,1,159,0,519,91,3,613,15,634,119,4,772,30,0,30,802
12/03/2020,DAB,FL,ASO,ES,Combined TRACON& Tower with Radar,16,110,50,1,177,0,522,72,1,595,16,632,122,2,772,58,0,58,830
12/04/2020,DAB,FL,ASO,ES,Combined TRACON& Tower with Radar,18,106,37,0,161,0,493,62,4,559,18,599,99,4,720,60,0,60,780
12/05/2020,DAB,FL,ASO,ES,Combined TRACON& Tower with Radar,14,81,40,0,135,0,305,56,2,363,14,386,96,2,498,95,0,95,593
12/06/2020,DAB,FL,ASO,ES,Combined TRACON& Tower with Radar,16,28,27,0,71,0,207,68,6,281,16,235,95,6,352,10,0,10,362
12/07/2020,DAB,FL,ASO,ES,Combined TRACON& Tower with Radar,18,111,37,2,168,0,138,30,0,168,18,249,67,2,336,90,0,90,426
12/08/2020,DAB,FL,ASO,ES,Combined TRACON& Tower with Radar,14,114,29,1,158,0,545,75,1,621,14,659,104,2,779,111,0,111,890
12/09/2020,DAB,FL,ASO,ES,Combined TRACON& Tower with Radar,16,104,34,4,158,0,516,76,0,592,16,620,110,4,750,12,0,12,762
12/10/2020,DAB,FL,ASO,ES,Combined TRACON& Tower with Radar,16,143,53,0,212,0,504,74,0,578,16,647,127,0,790,471,0,471,1261
12/11/2020,DAB,FL,ASO,ES,Combined TRACON& Tower with Radar,16,132,53,5,206,0,500,93,0,593,16,632,146,5,799,403,0,403,1202
12/12/2020,DAB,FL,ASO,ES,Combined TRACON& Tower with Radar,14,106,48,0,168,0,93,20,0,113,14,199,68,0,281,166,0,166,447
12/13/2020,DAB,FL,ASO,ES,Combined TRACON& Tower with Radar,13,45,53,1,112,0,76,27,6,109,13,121,80,7,221,241,0,241,462
12/14/2020,DAB,FL,ASO,ES,Combined TRACON& Tower with Radar,17,127,54,0,198,0,275,50,3,328,17,402,104,3,526,408,0,408,934
12/15/2020,DAB,FL,ASO,ES,Combined TRACON& Tower with Radar,14,150,71,1,236,0,374,77,0,451,14,524,148,1,687,426,0,426,1113
12/16/2020,DAB,FL,ASO,ES,Combined TRACON& Tower with Radar,14,79,38,10,141,0,85,17,1,103,14,164,55,11,244,210,0,210,454
12/17/2020,DAB,FL,ASO,ES,Combined TRACON& Tower with Radar,22,101,49,2,174,0,129,46,0,175,22,230,95,2,349,110,0,110,459
12/18/2020,DAB,FL,ASO,ES,Combined TRACON& Tower with Radar,22,126,42,0,190,0,387,82,12,481,22,513,124,12,671,156,0,156,827
12/19/2020,DAB,FL,ASO,ES,Combined TRACON& Tower with Radar,22,64,42,0,128,0,207,64,5,276,22,271,106,5,404,274,0,274,678
12/20/2020,DAB,FL,ASO,ES,Combined TRACON& Tower with Radar,22,23,31,0,76,0,77,37,0,114,22,100,68,0,190,337,0,337,527
12/21/2020,DAB,FL,ASO,ES,Combined TRACON& Tower with Radar,22,72,60,2,156,0,137,49,5,191,22,209,109,7,347,156,0,156,503
12/22/2020,DAB,FL,ASO,ES,Combined TRACON& Tower with Radar,22,27,35,0,84,0,91,74,2,167,22,118,109,2,251,20,0,20,271
12/23/2020,DAB,FL,ASO,ES,Combined TRACON& Tower with Radar,20,30,38,0,88,0,87,60,0,147,20,117,98,0,235,87,3,90,325
12/24/2020,DAB,FL,ASO,ES,Combined TRACON& Tower with Radar,17,16,25,0,58,0,16,11,0,27,17,32,36,0,85,0,14,14,99
12/25/2020,DAB,FL,ASO,ES,Combined TRACON& Tower with Radar,14,2,2,0,18,0,0,5,0,5,14,2,7,0,23,0,0,0,23
12/26/2020,DAB,FL,ASO,ES,Combined TRACON& Tower with Radar,20,30,33,1,84,0,48,42,5,95,20,78,75,6,179,36,0,36,215
12/27/2020,DAB,FL,ASO,ES,Combined TRACON& Tower with Radar,19,21,32,0,72,0,38,44,4,86,19,59,76,4,158,32,0,32,190
12/28/2020,DAB,FL,ASO,ES,Combined TRACON& Tower with Radar,22,29,31,0,82,0,75,53,0,128,22,104,84,0,210,52,0,52,262
12/29/2020,DAB,FL,ASO,ES,Combined TRACON& Tower with Radar,22,10,29,0,61,0,49,55,2,106,22,59,84,2,167,79,0,79,246
12/30/2020,DAB,FL,ASO,ES,Combined TRACON& Tower with Radar,24,21,55,0,100,0,45,41,2,88,24,66,96,2,188,112,0,112,300
12/31/2020,DAB,FL,ASO,ES,Combined TRACON& Tower with Radar,20,9,17,1,47,0,29,29,2,60,20,38,46,3,107,0,0,0,107
01/01/2021,DAB,FL,ASO,ES,Combined TRACON& Tower with Radar,20,7,17,0,44,0,5,12,4,21,20,12,29,4,65,0,0,0,65
01/02/2021,DAB,FL,ASO,ES,Combined TRACON& Tower with Radar,24,30,32,0,86,0,36,31,4,71,24,66,63,4,157,57,0,57,214
01/03/2021,DAB,FL,ASO,ES,Combined TRACON& Tower with Radar,24,13,39,8,84,0,24,29,7,60,24,37,68,15,144,32,0,32,176
01/04/2021,DAB,FL,ASO,ES,Combined TRACON& Tower with Radar,23,63,41,0,127,0,304,83,4,391,23,367,124,4,518,248,0,248,766
01/05/2021,DAB,FL,ASO,ES,Combined TRACON& Tower with Radar,19,58,45,2,124,0,343,85,4,432,19,401,130,6,556,405,0,405,961
01/06/2021,DAB,FL,ASO,ES,Combined TRACON& Tower with Radar,18,96,47,2,163,0,380,91,1,472,18,476,138,3,635,410,0,410,1045
01/07/2021,DAB,FL,ASO,ES,Combined TRACON& Tower with Radar,20,88,63,1,172,0,345,83,1,429,20,433,146,2,601,231,0,231,832
01/08/2021,DAB,FL,ASO,ES,Combined TRACON& Tower with Radar,19,83,43,4,149,0,209,38,4,251,19,292,81,8,400,248,0,248,648
01/09/2021,DAB,FL,ASO,ES,Combined TRACON& Tower with Radar,21,58,27,2,108,0,122,50,0,172,21,180,77,2,280,351,0,351,631
01/10/2021,DAB,FL,ASO,ES,Combined TRACON& Tower with Radar,20,53,30,2,105,0,152,72,6,230,20,205,102,8,335,111,3,114,449
01/11/2021,DAB,FL,ASO,ES,Combined TRACON& Tower with Radar,20,97,40,4,161,0,407,84,0,491,20,504,124,4,652,198,0,198,850
01/12/2021,DAB,FL,ASO,ES,Combined TRACON& Tower with Radar,18,212,52,2,284,0,67,18,0,85,18,279,70,2,369,10,0,10,379
01/13/2021,DAB,FL,ASO,ES,Combined TRACON& Tower with Radar,18,172,55,0,245,0,148,56,2,206,18,320,111,2,451,406,0,406,857
01/14/2021,DAB,FL,ASO,ES,Combined TRACON& Tower with Radar,20,111,57,2,190,0,476,98,2,576,20,587,155,4,766,315,0,315,1081
01/15/2021,DAB,FL,ASO,ES,Combined TRACON& Tower with Radar,20,78,48,0,146,0,384,83,0,467,20,462,131,0,613,280,0,280,893
01/16/2021,DAB,FL,ASO,ES,Combined TRACON& Tower with Radar,21,49,28,0,98,0,189,56,7,252,21,238,84,7,350,166,0,166,516
01/17/2021,DAB,FL,ASO,ES,Combined TRACON& Tower with Radar,21,36,39,2,98,0,197,64,2,263,21,233,103,4,361,268,0,268,629
01/18/2021,DAB,FL,ASO,ES,Combined TRACON& Tower with Radar,20,91,53,0,164,0,358,94,0,452,20,449,147,0,616,195,0,195,811
01/19/2021,DAB,FL,ASO,ES,Combined TRACON& Tower with Radar,18,118,39,2,177,0,477,115,2,594,18,595,154,4,771,333,0,333,1104
01/20/2021,DAB,FL,ASO,ES,Combined TRACON& Tower with Radar,18,70,49,0,137,0,387,93,2,482,18,457,142,2,619,401,0,401,1020
01/21/2021,DAB,FL,ASO,ES,Combined TRACON& Tower with Radar,20,84,92,2,198,0,376,108,0,484,20,460,200,2,682,311,0,311,993
01/22/2021,DAB,FL,ASO,ES,Combined TRACON& Tower with Radar,20,68,35,42,165,0,335,85,3,423,20,403,120,45,588,364,0,364,952
01/23/2021,DAB,FL,ASO,ES,Combined TRACON& Tower with Radar,20,52,44,1,117,0,10,3,0,13,20,62,47,1,130,36,0,36,166
01/24/2021,DAB,FL,ASO,ES,Combined TRACON& Tower with Radar,20,64,56,1,141,0,34,8,0,42,20,98,64,1,183,186,0,186,369
01/25/2021,DAB,FL,ASO,ES,Combined TRACON& Tower with Radar,22,103,25,3,153,0,293,76,5,374,22,396,101,8,527,10,0,10,537
01/26/2021,DAB,FL,ASO,ES,Combined TRACON& Tower with Radar,18,124,61,2,205,0,198,44,0,242,18,322,105,2,447,281,0,281,728
01/27/2021,DAB,FL,ASO,ES,Combined TRACON& Tower with Radar,18,32,44,3,97,0,120,45,3,168,18,152,89,6,265,168,0,168,433
01/28/2021,DAB,FL,ASO,ES,Combined TRACON& Tower with Radar,19,80,69,1,169,0,370,90,5,465,19,450,159,6,634,4,0,4,638
01/29/2021,DAB,FL,ASO,ES,Combined TRACON& Tower with Radar,25,126,58,2,211,0,559,101,5,665,25,685,159,7,876,323,0,323,1199
01/30/2021,DAB,FL,ASO,ES,Combined TRACON& Tower with Radar,20,89,50,0,159,0,345,97,9,451,20,434,147,9,610,479,0,479,1089
01/31/2021,DAB,FL,ASO,ES,Combined TRACON& Tower with Radar,20,54,66,1,141,0,122,73,6,201,20,176,139,7,342,86,0,86,428
02/01/2021,DAB,FL,ASO,ES,Combined TRACON& Tower with Radar,20,55,43,0,118,0,34,11,0,45,20,89,54,0,163,111,0,111,274
02/02/2021,DAB,FL,ASO,ES,Combined TRACON& Tower with Radar,18,68,33,0,119,0,169,50,4,223,18,237,83,4,342,174,0,174,516
02/03/2021,DAB,FL,ASO,ES,Combined TRACON& Tower with Radar,17,127,40,1,185,0,633,93,5,731,17,760,133,6,916,465,4,469,1385
02/04/2021,DAB,FL,ASO,ES,Combined TRACON& Tower with Radar,21,107,53,0,181,0,495,103,4,602,21,602,156,4,783,476,0,476,1259
02/05/2021,DAB,FL,ASO,ES,Combined TRACON& Tower with Radar,20,99,48,0,167,0,398,105,2,505,20,497,153,2,672,366,0,366,1038
02/06/2021,DAB,FL,ASO,ES,Combined TRACON& Tower with Radar,20,68,30,0,118,0,11,9,4,24,20,79,39,4,142,145,0,145,287
02/07/2021,DAB,FL,ASO,ES,Combined TRACON& Tower with Radar,20,46,46,1,113,0,59,23,2,84,20,105,69,3,197,257,0,257,454
02/08/2021,DAB,FL,ASO,ES,Combined TRACON& Tower with Radar,20,173,31,1,225,0,114,16,1,131,20,287,47,2,356,543,0,543,899
02/09/2021,DAB,FL,ASO,ES,Combined TRACON& Tower with Radar,18,90,106,0,214,0,131,32,1,164,18,221,138,1,378,212,0,212,590
02/10/2021,DAB,FL,ASO,ES,Combined TRACON& Tower with Radar,18,161,61,3,243,0,178,36,0,214,18,339,97,3,457,95,0,95,552
02/11/2021,DAB,FL,ASO,ES,Combined TRACON& Tower with Radar,20,87,96,19,222,0,332,62,2,396,20,419,158,21,618,126,0,126,744
02/12/2021,DAB,FL,ASO,ES,Combined TRACON& Tower with Radar,20,123,83,13,239,0,422,82,6,510,20,545,165,19,749,540,0,540,1289
02/13/2021,DAB,FL,ASO,ES,Combined TRACON& Tower with Radar,20,46,53,0,119,0,83,25,2,110,20,129,78,2,229,212,0,212,441
02/14/2021,DAB,FL,ASO,ES,Combined TRACON& Tower with Radar,20,24,69,0,113,0,22,14,3,39,20,46,83,3,152,88,0,88,240
02/15/2021,DAB,FL,ASO,ES,Combined TRACON& Tower with Radar,21,84,83,1,189,0,160,32,0,192,21,244,115,1,381,150,0,150,531
02/16/2021,DAB,FL,ASO,ES,Combined TRACON& Tower with Radar,17,175,67,3,262,0,403,79,1,483,17,578,146,4,745,470,0,470,1215
02/17/2021,DAB,FL,ASO,ES,Combined TRACON& Tower with Radar,16,149,63,2,230,0,192,32,0,224,16,341,95,2,454,144,0,144,598
02/18/2021,DAB,FL,ASO,ES,Combined TRACON& Tower with Radar,17,161,41,0,219,0,465,95,0,560,17,626,136,0,779,309,0,309,1088
02/19/2021,DAB,FL,ASO,ES,Combined TRACON& Tower with Radar,23,76,58,2,159,0,12,6,0,18,23,88,64,2,177,12,0,12,189
02/20/2021,DAB,FL,ASO,ES,Combined TRACON& Tower with Radar,20,79,82,0,181,0,324,114,2,440,20,403,196,2,621,50,0,50,671
02/21/2021,DAB,FL,ASO,ES,Combined TRACON& Tower with Radar,20,58,82,0,160,0,228,66,6,300,20,286,148,6,460,98,0,98,558
02/22/2021,DAB,FL,ASO,ES,Combined TRACON& Tower with Radar,22,151,42,2,217,0,508,81,2,591,22,659,123,4,808,391,0,391,1199
02/23/2021,DAB,FL,ASO,ES,Combined TRACON& Tower with Radar,18,155,47,2,222,0,482,103,0,585,18,637,150,2,807,484,0,484,1291
02/24/2021,DAB,FL,ASO,ES,Combined TRACON& Tower with Radar,18,138,42,0,198,0,617,130,0,747,18,755,172,0,945,635,0,635,1580
02/25/2021,DAB,FL,ASO,ES,Combined TRACON& Tower with Radar,20,127,28,0,175,0,608,99,0,707,20,735,127,0,882,477,0,477,1359
02/26/2021,DAB,FL,ASO,ES,Combined TRACON& Tower with Radar,20,113,43,2,178,0,541,126,4,671,20,654,169,6,849,613,0,613,1462
02/27/2021,DAB,FL,ASO,ES,Combined TRACON& Tower with Radar,20,81,42,0,143,0,315,99,7,421,20,396,141,7,564,101,0,101,665
02/28/2021,DAB,FL,ASO,ES,Combined TRACON& Tower with Radar,20,62,38,0,120,0,218,71,7,296,20,280,109,7,416,16,0,16,432
03/01/2021,DAB,FL,ASO,ES,Combined TRACON& Tower with Radar,19,137,46,0,202,0,330,62,0,392,19,467,108,0,594,752,0,752,1346
03/02/2021,DAB,FL,ASO,ES,Combined TRACON& Tower with Radar,16,142,52,0,210,0,72,8,0,80,16,214,60,0,290,60,0,60,350
03/03/2021,DAB,FL,ASO,ES,Combined TRACON& Tower with Radar,16,138,48,1,203,0,122,31,2,155,16,260,79,3,358,77,0,77,435
03/04/2021,DAB,FL,ASO,ES,Combined TRACON& Tower with Radar,22,138,63,0,223,0,589,137,2,728,22,727,200,2,951,526,0,526,1477
03/05/2021,DAB,FL,ASO,ES,Combined TRACON& Tower with Radar,22,143,50,2,217,0,563,128,5,696,22,706,178,7,913,533,0,533,1446
03/06/2021,DAB,FL,ASO,ES,Combined TRACON& Tower with Radar,20,41,26,0,87,0,41,11,2,54,20,82,37,2,141,250,0,250,391
03/07/2021,DAB,FL,ASO,ES,Combined TRACON& Tower with Radar,24,38,48,1,111,0,99,45,2,146,24,137,93,3,257,44,0,44,301
03/08/2021,DAB,FL,ASO,ES,Combined TRACON& Tower with Radar,22,120,37,2,181,0,384,91,2,477,22,504,128,4,658,302,0,302,960
03/09/2021,DAB,FL,ASO,ES,Combined TRACON& Tower with Radar,16,135,46,2,199,0,581,113,4,698,16,716,159,6,897,535,0,535,1432
03/10/2021,DAB,FL,ASO,ES,Combined TRACON& Tower with Radar,16,144,53,0,213,0,588,114,9,711,16,732,167,9,924,498,0,498,1422
03/11/2021,DAB,FL,ASO,ES,Combined TRACON& Tower with Radar,22,131,53,3,209,0,560,118,8,686,22,691,171,11,895,514,0,514,1409
03/12/2021,DAB,FL,ASO,ES,Combined TRACON& Tower with Radar,22,125,71,12,230,0,543,120,11,674,22,668,191,23,904,515,0,515,1419
03/13/2021,DAB,FL,ASO,ES,Combined TRACON& Tower with Radar,20,83,47,2,152,0,303,112,12,427,20,386,159,14,579,382,0,382,961
03/14/2021,DAB,FL,ASO,ES,Combined TRACON& Tower with Radar,20,72,43,1,136,0,228,69,10,307,20,300,112,11,443,400,0,400,843
03/15/2021,DAB,FL,ASO,ES,Combined TRACON& Tower with Radar,22,105,47,0,174,0,464,90,0,554,22,569,137,0,728,662,0,662,1390
03/16/2021,DAB,FL,ASO,ES,Combined TRACON& Tower with Radar,16,112,45,14,187,0,459,86,0,545,16,571,131,14,732,463,0,463,1195
03/17/2021,DAB,FL,ASO,ES,Combined TRACON& Tower with Radar,14,129,41,4,188,0,490,88,6,584,14,619,129,10,772,432,0,432,1204
03/18/2021,DAB,FL,ASO,ES,Combined TRACON& Tower with Radar,22,80,44,2,148,0,81,24,0,105,22,161,68,2,253,51,0,51,304
03/19/2021,DAB,FL,ASO,ES,Combined TRACON& Tower with Radar,24,137,63,1,225,0,420,93,2,515,24,557,156,3,740,397,2,399,1139
03/20/2021,DAB,FL,ASO,ES,Combined TRACON& Tower with Radar,20,39,18,0,77,0,0,2,0,2,20,39,20,0,79,0,0,0,79
03/21/2021,DAB,FL,ASO,ES,Combined TRACON& Tower with Radar,20,5,44,0,69,0,0,0,0,0,20,5,44,0,69,0,0,0,69
03/22/2021,DAB,FL,ASO,ES,Combined TRACON& Tower with Radar,36,91,59,0,186,0,0,1,0,1,36,91,60,0,187,0,0,0,187
03/23/2021,DAB,FL,ASO,ES,Combined TRACON& Tower with Radar,16,183,56,0,255,0,431,118,1,550,16,614,174,1,805,452,0,452,1257
03/24/2021,DAB,FL,ASO,ES,Combined TRACON& Tower with Radar,16,123,46,1,186,0,543,133,3,679,16,666,179,4,865,575,0,575,1440
03/25/2021,DAB,FL,ASO,ES,Combined TRACON& Tower with Radar,22,128,47,4,201,0,331,82,6,419,22,459,129,10,620,8,0,8,628
03/26/2021,DAB,FL,ASO,ES,Combined TRACON& Tower with Radar,24,157,40,6,227,0,373,81,3,457,24,530,121,9,684,609,0,609,1293
03/27/2021,DAB,FL,ASO,ES,Combined TRACON& Tower with Radar,20,80,59,0,159,0,326,101,8,435,20,406,160,8,594,463,0,463,1057
03/28/2021,DAB,FL,ASO,ES,Combined TRACON& Tower with Radar,19,90,48,1,158,0,119,51,4,174,19,209,99,5,332,411,0,411,743
03/29/2021,DAB,FL,ASO,ES,Combined TRACON& Tower with Radar,23,120,65,0,208,0,347,73,1,421,23,467,138,1,629,405,0,405,1034
03/30/2021,DAB,FL,ASO,ES,Combined TRACON& Tower with Radar,16,130,55,14,215,0,376,48,1,425,16,506,103,15,640,658,4,662,1302
03/31/2021,DAB,FL,ASO,ES,Combined TRACON& Tower with Radar,16,163,57,2,238,0,237,46,0,283,16,400,103,2,521,296,0,296,817
04/01/2021,DAB,FL,ASO,ES,Combined TRACON& Tower with Radar,24,140,43,0,207,0,255,42,0,297,24,395,85,0,504,58,0,58,562
04/02/2021,DAB,FL,ASO,ES,Combined TRACON& Tower with Radar,22,33,23,0,78,0,138,34,2,174,22,171,57,2,252,44,0,44,296
04/03/2021,DAB,FL,ASO,ES,Combined TRACON& Tower with Radar,22,46,28,0,96,0,196,76,12,284,22,242,104,12,380,191,0,191,571
04/04/2021,DAB,FL,ASO,ES,Combined TRACON& Tower with Radar,20,74,34,0,128,0,310,57,8,375,20,384,91,8,503,431,0,431,934
04/05/2021,DAB,FL,ASO,ES,Combined TRACON& Tower with Radar,22,124,44,3,193,0,516,73,0,589,22,640,117,3,782,661,0,661,1443
04/06/2021,DAB,FL,ASO,ES,Combined TRACON& Tower with Radar,18,117,41,0,176,0,556,95,4,655,18,673,136,4,831,608,0,608,1439
04/07/2021,DAB,FL,ASO,ES,Combined TRACON& Tower with Radar,20,111,41,6,178,0,538,86,6,630,20,649,127,12,808,399,0,399,1207
04/08/2021,DAB,FL,ASO,ES,Combined TRACON& Tower with Radar,22,115,56,0,193,0,546,122,0,668,22,661,178,0,861,432,0,432,1293
04/09/2021,DAB,FL,ASO,ES,Combined TRACON& Tower with Radar,22,110,59,3,194,0,435,124,7,566,22,545,183,10,760,343,0,343,1103
04/10/2021,DAB,FL,ASO,ES,Combined TRACON& Tower with Radar,22,47,40,0,109,0,164,72,8,244,22,211,112,8,353,93,0,93,446
04/11/2021,DAB,FL,ASO,ES,Combined TRACON& Tower with Radar,17,23,23,0,63,0,12,6,1,19,17,35,29,1,82,18,0,18,100
04/12/2021,DAB,FL,ASO,ES,Combined TRACON& Tower with Radar,23,133,36,4,196,0,410,100,6,516,23,543,136,10,712,340,0,340,1052
04/13/2021,DAB,FL,ASO,ES,Combined TRACON& Tower with Radar,20,119,47,0,186,0,528,115,0,643,20,647,162,0,829,427,0,427,1256
04/14/2021,DAB,FL,ASO,ES,Combined TRACON& Tower with Radar,20,128,33,3,184,0,479,102,1,582,20,607,135,4,766,371,0,371,1137
04/15/2021,DAB,FL,ASO,ES,Combined TRACON& Tower with Radar,22,101,40,0,163,0,391,92,0,483,22,492,132,0,646,457,0,457,1103
04/16/2021,DAB,FL,ASO,ES,Combined TRACON& Tower with Radar,25,57,34,1,117,0,236,67,2,305,25,293,101,3,422,399,0,399,821
04/17/2021,DAB,FL,ASO,ES,Combined TRACON& Tower with Radar,22,43,26,4,95,0,11,12,2,25,22,54,38,6,120,96,0,96,216
04/18/2021,DAB,FL,ASO,ES,Combined TRACON& Tower with Radar,20,11,37,8,76,0,40,28,6,74,20,51,65,14,150,336,0,336,486
04/19/2021,DAB,FL,ASO,ES,Combined TRACON& Tower with Radar,22,87,35,1,145,0,159,42,1,202,22,246,77,2,347,326,0,326,673
04/20/2021,DAB,FL,ASO,ES,Combined TRACON& Tower with Radar,18,118,20,0,156,0,51,11,2,64,18,169,31,2,220,56,0,56,276
04/21/2021,DAB,FL,ASO,ES,Combined TRACON& Tower with Radar,20,136,51,6,213,0,478,126,2,606,20,614,177,8,819,363,0,363,1182
04/22/2021,DAB,FL,ASO,ES,Combined TRACON& Tower with Radar,22,120,34,0,176,0,482,123,3,608,22,602,157,3,784,300,0,300,1084
04/23/2021,DAB,FL,ASO,ES,Combined TRACON& Tower with Radar,22,112,61,0,195,0,490,100,5,595,22,602,161,5,790,359,0,359,1149
04/24/2021,DAB,FL,ASO,ES,Combined TRACON& Tower with Radar,20,78,36,2,136,0,169,62,14,245,20,247,98,16,381,46,0,46,427
04/25/2021,DAB,FL,ASO,ES,Combined TRACON& Tower with Radar,26,44,46,0,116,0,104,48,10,162,26,148,94,10,278,251,0,251,529
04/26/2021,DAB,FL,ASO,ES,Combined TRACON& Tower with Radar,22,107,36,1,166,0,476,93,2,571,22,583,129,3,737,651,0,651,1388
04/27/2021,DAB,FL,ASO,ES,Combined TRACON& Tower with Radar,18,116,49,3,186,0,500,104,1,605,18,616,153,4,791,628,0,628,1419
04/28/2021,DAB,FL,ASO,ES,Combined TRACON& Tower with Radar,20,90,37,2,149,0,435,125,0,560,20,525,162,2,709,389,0,389,1098
04/29/2021,DAB,FL,ASO,ES,Combined TRACON& Tower with Radar,22,115,36,2,175,0,384,80,2,466,22,499,116,4,641,310,0,310,951
04/30/2021,DAB,FL,ASO,ES,Combined TRACON& Tower with Radar,22,108,38,0,168,0,413,73,6,492,22,521,111,6,660,542,0,542,1202
05/01/2021,DAB,FL,ASO,ES,Combined TRACON& Tower with Radar,22,82,35,0,139,0,268,74,15,357,22,350,109,15,496,466,0,466,962
05/02/2021,DAB,FL,ASO,ES,Combined TRACON& Tower with Radar,19,55,32,3,109,0,116,42,5,163,19,171,74,8,272,187,0,187,459
05/03/2021,DAB,FL,ASO,ES,Combined TRACON& Tower with Radar,25,88,31,0,144,0,379,69,0,448,25,467,100,0,592,362,0,362,954
05/04/2021,DAB,FL,ASO,ES,Combined TRACON& Tower with Radar,17,90,29,0,136,0,424,85,3,512,17,514,114,3,648,206,0,206,854
05/05/2021,DAB,FL,ASO,ES,Combined TRACON& Tower with Radar,20,103,40,4,167,0,370,54,0,424,20,473,94,4,591,478,0,478,1069
05/06/2021,DAB,FL,ASO,ES,Combined TRACON& Tower with Radar,22,86,45,0,153,0,125,38,1,164,22,211,83,1,317,384,0,384,701
05/07/2021,DAB,FL,ASO,ES,Combined TRACON& Tower with Radar,25,78,43,7,153,0,415,101,6,522,25,493,144,13,675,5,0,5,680
05/08/2021,DAB,FL,ASO,ES,Combined TRACON& Tower with Radar,21,54,48,0,123,0,253,85,2,340,21,307,133,2,463,496,0,496,959
05/09/2021,DAB,FL,ASO,ES,Combined TRACON& Tower with Radar,22,46,44,0,112,0,140,62,17,219,22,186,106,17,331,51,0,51,382
05/10/2021,DAB,FL,ASO,ES,Combined TRACON& Tower with Radar,24,86,31,0,141,0,283,78,0,361,24,369,109,0,502,521,0,521,1023
05/11/2021,DAB,FL,ASO,ES,Combined TRACON& Tower with Radar,20,66,36,0,122,0,290,64,0,354,20,356,100,0,476,454,0,454,930
05/12/2021,DAB,FL,ASO,ES,Combined TRACON& Tower with Radar,20,82,42,4,148,0,199,59,0,258,20,281,101,4,406,308,0,308,714
05/13/2021,DAB,FL,ASO,ES,Combined TRACON& Tower with Radar,22,134,77,2,235,0,6,3,0,9,22,140,80,2,244,0,0,0,244
05/14/2021,DAB,FL,ASO,ES,Combined TRACON& Tower with Radar,22,53,45,0,120,0,135,45,2,182,22,188,90,2,302,8,0,8,310
05/15/2021,DAB,FL,ASO,ES,Combined TRACON& Tower with Radar,22,51,46,1,120,0,129,70,2,201,22,180,116,3,321,80,0,80,401
05/16/2021,DAB,FL,ASO,ES,Combined TRACON& Tower with Radar,22,73,43,0,138,0,195,83,0,278,22,268,126,0,416,173,0,173,589
05/17/2021,DAB,FL,ASO,ES,Combined TRACON& Tower with Radar,23,96,66,2,187,0,359,105,0,464,23,455,171,2,651,575,0,575,1226
05/18/2021,DAB,FL,ASO,ES,Combined TRACON& Tower with Radar,17,101,43,3,164,0,294,82,0,376,17,395,125,3,540,456,0,456,996
05/19/2021,DAB,FL,ASO,ES,Combined TRACON& Tower with Radar,20,108,60,0,188,0,188,55,1,244,20,296,115,1,432,288,6,294,726
05/20/2021,DAB,FL,ASO,ES,Combined TRACON& Tower with Radar,23,94,58,8,183,0,195,60,3,258,23,289,118,11,441,265,0,265,706
05/21/2021,DAB,FL,ASO,ES,Combined TRACON& Tower with Radar,22,82,52,8,164,0,261,81,20,362,22,343,133,28,526,554,0,554,1080
05/22/2021,DAB,FL,ASO,ES,Combined TRACON& Tower with Radar,22,58,36,0,116,0,191,92,12,295,22,249,128,12,411,314,0,314,725
05/23/2021,DAB,FL,ASO,ES,Combined TRACON& Tower with Radar,21,49,53,2,125,0,173,84,17,274,21,222,137,19,399,491,0,491,890
05/24/2021,DAB,FL,ASO,ES,Combined TRACON& Tower with Radar,22,106,44,1,173,0,467,109,3,579,22,573,153,4,752,416,0,416,1168
05/25/2021,DAB,FL,ASO,ES,Combined TRACON& Tower with Radar,22,89,49,0,160,0,482,120,0,602,22,571,169,0,762,506,0,506,1268
05/26/2021,DAB,FL,ASO,ES,Combined TRACON& Tower with Radar,21,125,62,5,213,0,443,106,8,557,21,568,168,13,770,460,0,460,1230
05/27/2021,DAB,FL,ASO,ES,Combined TRACON& Tower with Radar,22,99,65,2,188,0,474,117,6,597,22,573,182,8,785,432,5,437,1222
05/28/2021,DAB,FL,ASO,ES,Combined TRACON& Tower with Radar,24,88,35,1,148,0,347,103,11,461,24,435,138,12,609,461,0,461,1070
05/29/2021,DAB,FL,ASO,ES,Combined TRACON& Tower with Radar,23,40,23,0,86,0,146,67,10,223,23,186,90,10,309,375,0,375,684
05/30/2021,DAB,FL,ASO,ES,Combined TRACON& Tower with Radar,21,62,21,0,104,0,84,51,10,145,21,146,72,10,249,335,0,335,584
05/31/2021,DAB,FL,ASO,ES,Combined TRACON& Tower with Radar,20,77,48,0,145,0,152,82,4,238,20,229,130,4,383,331,0,331,714
06/01/2021,DAB,FL,ASO,ES,Combined TRACON& Tower with Radar,19,91,41,1,152,0,390,69,3,462,19,481,110,4,614,595,0,595,1209
06/02/2021,DAB,FL,ASO,ES,Combined TRACON& Tower with Radar,20,101,36,0,157,0,186,50,0,236,20,287,86,0,393,441,0,441,834
06/03/2021,DAB,FL,ASO,ES,Combined TRACON& Tower with Radar,20,75,37,2,134,0,228,51,1,280,20,303,88,3,414,2,0,2,416
06/04/2021,DAB,FL,ASO,ES,Combined TRACON& Tower with Radar,20,82,32,1,135,0,168,33,7,208,20,250,65,8,343,86,0,86,429
06/05/2021,DAB,FL,ASO,ES,Combined TRACON& Tower with Radar,22,62,48,0,132,0,105,23,4,132,22,167,71,4,264,60,0,60,324
06/06/2021,DAB,FL,ASO,ES,Combined TRACON& Tower with Radar,20,68,48,6,142,0,122,70,8,200,20,190,118,14,342,47,0,47,389
06/07/2021,DAB,FL,ASO,ES,Combined TRACON& Tower with Radar,20,140,50,1,211,0,312,92,2,406,20,452,142,3,617,165,0,165,782
06/08/2021,DAB,FL,ASO,ES,Combined TRACON& Tower with Radar,18,149,48,6,221,0,373,94,2,469,18,522,142,8,690,228,0,228,918
06/09/2021,DAB,FL,ASO,ES,Combined TRACON& Tower with Radar,18,124,39,2,183,0,491,98,5,594,18,615,137,7,777,212,2,214,991
06/10/2021,DAB,FL,ASO,ES,Combined TRACON& Tower with Radar,20,113,49,0,182,0,511,88,0,599,20,624,137,0,781,351,0,351,1132
06/11/2021,DAB,FL,ASO,ES,Combined TRACON& Tower with Radar,20,92,57,2,171,0,384,92,2,478,20,476,149,4,649,419,0,419,1068
06/12/2021,DAB,FL,ASO,ES,Combined TRACON& Tower with Radar,24,55,17,0,96,0,141,70,6,217,24,196,87,6,313,380,0,380,693
06/13/2021,DAB,FL,ASO,ES,Combined TRACON& Tower with Radar,20,18,32,0,70,0,29,13,0,42,20,47,45,0,112,79,0,79,191
06/14/2021,DAB,FL,ASO,ES,Combined TRACON& Tower with Radar,19,39,28,0,86,0,108,21,0,129,19,147,49,0,215,288,0,288,503
06/15/2021,DAB,FL,ASO,ES,Combined TRACON& Tower with Radar,21,35,42,0,98,0,114,42,0,156,21,149,84,0,254,369,0,369,623
06/16/2021,DAB,FL,ASO,ES,Combined TRACON& Tower with Radar,18,88,50,0,156,0,243,71,2,316,18,331,121,2,472,672,0,672,1144
06/17/2021,DAB,FL,ASO,ES,Combined TRACON& Tower with Radar,20,100,45,0,165,0,393,81,2,476,20,493,126,2,641,465,0,465,1106
06/18/2021,DAB,FL,ASO,ES,Combined TRACON& Tower with Radar,20,104,34,1,159,0,427,106,7,540,20,531,140,8,699,581,0,581,1280
06/19/2021,DAB,FL,ASO,ES,Combined TRACON& Tower with Radar,22,48,33,0,103,0,153,78,7,238,22,201,111,7,341,443,0,443,784
06/20/2021,DAB,FL,ASO,ES,Combined TRACON& Tower with Radar,20,62,25,3,110,0,72,29,1,102,20,134,54,4,212,438,0,438,650
06/21/2021,DAB,FL,ASO,ES,Combined TRACON& Tower with Radar,22,50,44,2,118,0,269,73,0,342,22,319,117,2,460,504,0,504,964
06/22/2021,DAB,FL,ASO,ES,Combined TRACON& Tower with Radar,18,89,46,1,154,0,220,40,0,260,18,309,86,1,414,259,0,259,673
06/23/2021,DAB,FL,ASO,ES,Combined TRACON& Tower with Radar,18,65,65,3,151,0,182,73,0,255,18,247,138,3,406,248,0,248,654
06/24/2021,DAB,FL,ASO,ES,Combined TRACON& Tower with Radar,22,160,43,2,227,0,79,18,4,101,22,239,61,6,328,127,0,127,455
06/25/2021,DAB,FL,ASO,ES,Combined TRACON& Tower with Radar,20,94,44,4,162,0,151,18,8,177,20,245,62,12,339,348,0,348,687
06/26/2021,DAB,FL,ASO,ES,Combined TRACON& Tower with Radar,22,57,44,1,124,0,86,25,0,111,22,143,69,1,235,356,0,356,591
06/27/2021,DAB,FL,ASO,ES,Combined TRACON& Tower with Radar,20,69,42,7,138,0,136,66,13,215,20,205,108,20,353,395,0,395,748
06/28/2021,DAB,FL,ASO,ES,Combined TRACON& Tower with Radar,20,129,55,0,204,0,418,94,2,514,20,547,149,2,718,464,0,464,1182
06/29/2021,DAB,FL,ASO,ES,Combined TRACON& Tower with Radar,18,137,47,1,203,0,207,36,0,243,18,344,83,1,446,388,0,388,834
06/30/2021,DAB,FL,ASO,ES,Combined TRACON& Tower with Radar,18,126,60,0,204,0,182,47,2,231,18,308,107,2,435,513,0,513,948
07/01/2021,DAB,FL,ASO,ES,Combined TRACON& Tower with Radar,20,131,66,0,217,0,140,22,0,162,20,271,88,0,379,254,0,254,633
07/02/2021,DAB,FL,ASO,ES,Combined TRACON& Tower with Radar,17,102,45,0,164,0,181,36,3,220,17,283,81,3,384,461,0,461,845
07/03/2021,DAB,FL,ASO,ES,Combined TRACON& Tower with Radar,25,46,56,0,127,0,27,14,0,41,25,73,70,0,168,119,0,119,287
07/04/2021,DAB,FL,ASO,ES,Combined TRACON& Tower with Radar,16,15,17,0,48,0,6,8,4,18,16,21,25,4,66,81,0,81,147
07/05/2021,DAB,FL,ASO,ES,Combined TRACON& Tower with Radar,20,65,54,0,139,0,184,86,0,270,20,249,140,0,409,379,0,379,788
07/06/2021,DAB,FL,ASO,ES,Combined TRACON& Tower with Radar,18,125,41,0,184,0,172,26,0,198,18,297,67,0,382,260,0,260,642
07/07/2021,DAB,FL,ASO,ES,Combined TRACON& Tower with Radar,22,17,11,0,50,0,22,11,0,33,22,39,22,0,83,10,0,10,93
07/08/2021,DAB,FL,ASO,ES,Combined TRACON& Tower with Radar,20,103,32,0,155,0,177,29,0,206,20,280,61,0,361,365,0,365,726
07/09/2021,DAB,FL,ASO,ES,Combined TRACON& Tower with Radar,22,80,44,0,146,0,343,57,4,404,22,423,101,4,550,341,0,341,891
07/10/2021,DAB,FL,ASO,ES,Combined TRACON& Tower with Radar,22,69,53,0,144,0,224,89,6,319,22,293,142,6,463,283,0,283,746
07/11/2021,DAB,FL,ASO,ES,Combined TRACON& Tower with Radar,20,51,43,0,114,0,130,81,2,213,20,181,124,2,327,293,0,293,620
07/12/2021,DAB,FL,ASO,ES,Combined TRACON& Tower with Radar,26,77,44,0,147,0,215,53,2,270,26,292,97,2,417,253,0,253,670
07/13/2021,DAB,FL,ASO,ES,Combined TRACON& Tower with Radar,20,131,38,1,190,0,293,72,3,368,20,424,110,4,558,466,0,466,1024
07/14/2021,DAB,FL,ASO,ES,Combined TRACON& Tower with Radar,20,109,52,1,182,0,266,59,0,325,20,375,111,1,507,470,0,470,977
07/15/2021,DAB,FL,ASO,ES,Combined TRACON& Tower with Radar,20,134,58,0,212,0,416,89,1,506,20,550,147,1,718,378,0,378,1096
07/16/2021,DAB,FL,ASO,ES,Combined TRACON& Tower with Radar,20,100,43,5,168,0,417,93,7,517,20,517,136,12,685,669,0,669,1354
07/17/2021,DAB,FL,ASO,ES,Combined TRACON& Tower with Radar,21,73,33,1,128,0,223,78,11,312,21,296,111,12,440,496,0,496,936
07/18/2021,DAB,FL,ASO,ES,Combined TRACON& Tower with Radar,25,38,22,1,86,0,71,62,6,139,25,109,84,7,225,348,0,348,573
07/19/2021,DAB,FL,ASO,ES,Combined TRACON& Tower with Radar,22,48,42,6,118,0,180,42,3,225,22,228,84,9,343,351,4,355,698
07/20/2021,DAB,FL,ASO,ES,Combined TRACON& Tower with Radar,20,40,34,0,94,0,259,55,0,314,20,299,89,0,408,272,0,272,680
07/21/2021,DAB,FL,ASO,ES,Combined TRACON& Tower with Radar,18,77,40,1,136,0,356,73,1,430,18,433,113,2,566,483,0,483,1049
07/22/2021,DAB,FL,ASO,ES,Combined TRACON& Tower with Radar,20,77,43,0,140,0,356,72,1,429,20,433,115,1,569,302,0,302,871
07/23/2021,DAB,FL,ASO,ES,Combined TRACON& Tower with Radar,20,78,40,3,141,0,112,43,5,160,20,190,83,8,301,294,0,294,595
07/24/2021,DAB,FL,ASO,ES,Combined TRACON& Tower with Radar,22,102,38,0,162,0,125,67,4,196,22,227,105,4,358,212,0,212,570
07/25/2021,DAB,FL,ASO,ES,Combined TRACON& Tower with Radar,18,85,26,0,129,0,63,34,14,111,18,148,60,14,240,30,0,30,270
07/26/2021,DAB,FL,ASO,ES,Combined TRACON& Tower with Radar,19,81,45,0,145,0,292,77,1,370,19,373,122,1,515,389,0,389,904
07/27/2021,DAB,FL,ASO,ES,Combined TRACON& Tower with Radar,20,89,39,0,148,0,273,75,0,348,20,362,114,0,496,333,0,333,829
07/28/2021,DAB,FL,ASO,ES,Combined TRACON& Tower with Radar,21,64,39,0,124,0,291,45,1,337,21,355,84,1,461,380,0,380,841
07/29/2021,DAB,FL,ASO,ES,Combined TRACON& Tower with Radar,20,82,41,2,145,0,278,72,2,352,20,360,113,4,497,423,0,423,920
07/30/2021,DAB,FL,ASO,ES,Combined TRACON& Tower with Radar,20,147,52,0,219,0,188,81,6,275,20,335,133,6,494,432,0,432,926
07/31/2021,DAB,FL,ASO,ES,Combined TRACON& Tower with Radar,22,62,29,3,116,0,213,71,11,295,22,275,100,14,411,479,0,479,890
08/01/2021,DAB,FL,ASO,ES,Combined TRACON& Tower with Radar,22,39,35,3,99,0,88,45,15,148,22,127,80,18,247,439,0,439,686
08/02/2021,DAB,FL,ASO,ES,Combined TRACON& Tower with Radar,21,53,39,0,113,0,139,53,0,192,21,192,92,0,305,334,0,334,639
08/03/2021,DAB,FL,ASO,ES,Combined TRACON& Tower with Radar,20,62,33,0,115,0,53,30,0,83,20,115,63,0,198,301,0,301,499
08/04/2021,DAB,FL,ASO,ES,Combined TRACON& Tower with Radar,20,105,37,3,165,0,26,15,0,41,20,131,52,3,206,84,0,84,290
08/05/2021,DAB,FL,ASO,ES,Combined TRACON& Tower with Radar,22,84,35,5,146,0,326,83,2,411,22,410,118,7,557,205,0,205,762
08/06/2021,DAB,FL,ASO,ES,Combined TRACON& Tower with Radar,22,64,39,6,131,0,316,91,2,409,22,380,130,8,540,263,0,263,803
08/07/2021,DAB,FL,ASO,ES,Combined TRACON& Tower with Radar,20,33,31,6,90,0,140,68,5,213,20,173,99,11,303,314,0,314,617
08/08/2021,DAB,FL,ASO,ES,Combined TRACON& Tower with Radar,22,49,33,2,106,0,109,62,5,176,22,158,95,7,282,268,0,268,550
08/09/2021,DAB,FL,ASO,ES,Combined TRACON& Tower with Radar,20,123,56,0,199,0,288,93,0,381,20,411,149,0,580,335,0,335,915
08/10/2021,DAB,FL,ASO,ES,Combined TRACON& Tower with Radar,18,101,38,0,157,0,297,97,1,395,18,398,135,1,552,525,0,525,1077
08/11/2021,DAB,FL,ASO,ES,Combined TRACON& Tower with Radar,18,142,56,3,219,0,320,94,0,414,18,462,150,3,633,501,0,501,1134
08/12/2021,DAB,FL,ASO,ES,Combined TRACON& Tower with Radar,20,164,40,0,224,0,304,79,0,383,20,468,119,0,607,337,0,337,944
08/13/2021,DAB,FL,ASO,ES,Combined TRACON& Tower with Radar,19,83,25,0,127,0,140,38,1,179,19,223,63,1,306,424,0,424,730
08/14/2021,DAB,FL,ASO,ES,Combined TRACON& Tower with Radar,19,24,33,0,76,0,20,24,4,48,19,44,57,4,124,74,0,74,198
08/15/2021,DAB,FL,ASO,ES,Combined TRACON& Tower with Radar,20,33,30,0,83,0,66,44,0,110,20,99,74,0,193,98,0,98,291
08/16/2021,DAB,FL,ASO,ES,Combined TRACON& Tower with Radar,20,69,37,1,127,0,136,33,2,171,20,205,70,3,298,307,0,307,605
08/17/2021,DAB,FL,ASO,ES,Combined TRACON& Tower with Radar,14,104,36,8,162,0,335,93,2,430,14,439,129,10,592,200,0,200,792
08/18/2021,DAB,FL,ASO,ES,Combined TRACON& Tower with Radar,14,117,22,0,153,0,299,80,2,381,14,416,102,2,534,439,0,439,973
08/19/2021,DAB,FL,ASO,ES,Combined TRACON& Tower with Radar,17,125,67,0,209,0,335,79,2,416,17,460,146,2,625,605,0,605,1230
08/20/2021,DAB,FL,ASO,ES,Combined TRACON& Tower with Radar,16,79,35,0,130,0,267,69,1,337,16,346,104,1,467,304,0,304,771
08/21/2021,DAB,FL,ASO,ES,Combined TRACON& Tower with Radar,15,49,27,0,91,0,147,61,7,215,15,196,88,7,306,282,0,282,588
08/22/2021,DAB,FL,ASO,ES,Combined TRACON& Tower with Radar,18,32,34,0,84,0,74,44,2,120,18,106,78,2,204,148,0,148,352
08/23/2021,DAB,FL,ASO,ES,Combined TRACON& Tower with Radar,18,58,36,2,114,0,216,41,0,257,18,274,77,2,371,439,0,439,810
08/24/2021,DAB,FL,ASO,ES,Combined TRACON& Tower with Radar,14,79,48,4,145,0,263,54,0,317,14,342,102,4,462,523,0,523,985
08/25/2021,DAB,FL,ASO,ES,Combined TRACON& Tower with Radar,14,141,53,0,208,0,242,60,0,302,14,383,113,0,510,490,0,490,1000
08/26/2021,DAB,FL,ASO,ES,Combined TRACON& Tower with Radar,18,109,42,0,169,0,100,24,0,124,18,209,66,0,293,437,0,437,730
08/27/2021,DAB,FL,ASO,ES,Combined TRACON& Tower with Radar,16,49,68,2,135,0,38,19,2,59,16,87,87,4,194,193,0,193,387
08/28/2021,DAB,FL,ASO,ES,Combined TRACON& Tower with Radar,16,43,80,0,139,0,88,62,8,158,16,131,142,8,297,268,0,268,565
08/29/2021,DAB,FL,ASO,ES,Combined TRACON& Tower with Radar,18,91,72,0,181,0,85,65,4,154,18,176,137,4,335,327,0,327,662
08/30/2021,DAB,FL,ASO,ES,Combined TRACON& Tower with Radar,16,99,40,6,161,0,283,86,0,369,16,382,126,6,530,421,0,421,951
08/31/2021,DAB,FL,ASO,ES,Combined TRACON& Tower with Radar,14,83,57,2,156,0,298,86,0,384,14,381,143,2,540,513,0,513,1053
09/01/2021,DAB,FL,ASO,ES,Combined TRACON& Tower with Radar,13,56,50,7,126,0,105,20,0,125,13,161,70,7,251,126,0,126,377
09/02/2021,DAB,FL,ASO,ES,Combined TRACON& Tower with Radar,19,60,40,0,119,0,208,67,0,275,19,268,107,0,394,466,0,466,860
09/03/2021,DAB,FL,ASO,ES,Combined TRACON& Tower with Radar,18,135,65,0,218,0,109,52,2,163,18,244,117,2,381,332,0,332,713
09/04/2021,DAB,FL,ASO,ES,Combined TRACON& Tower with Radar,14,61,40,1,116,0,168,81,11,260,14,229,121,12,376,309,0,309,685
09/05/2021,DAB,FL,ASO,ES,Combined TRACON& Tower with Radar,12,42,39,0,93,0,91,52,8,151,12,133,91,8,244,210,0,210,454
09/06/2021,DAB,FL,ASO,ES,Combined TRACON& Tower with Radar,14,47,46,0,107,0,175,86,0,261,14,222,132,0,368,365,0,365,733
09/07/2021,DAB,FL,ASO,ES,Combined TRACON& Tower with Radar,14,71,46,6,137,0,271,57,0,328,14,342,103,6,465,351,0,351,816
09/08/2021,DAB,FL,ASO,ES,Combined TRACON& Tower with Radar,12,32,38,2,84,0,219,58,0,277,12,251,96,2,361,102,0,102,463
09/09/2021,DAB,FL,ASO,ES,Combined TRACON& Tower with Radar,16,80,63,0,159,0,97,24,0,121,16,177,87,0,280,337,0,337,617
09/10/2021,DAB,FL,ASO,ES,Combined TRACON& Tower with Radar,16,121,42,1,180,0,67,25,2,94,16,188,67,3,274,232,0,232,506
09/11/2021,DAB,FL,ASO,ES,Combined TRACON& Tower with Radar,14,76,45,0,135,0,147,56,4,207,14,223,101,4,342,476,0,476,818
09/12/2021,DAB,FL,ASO,ES,Combined TRACON& Tower with Radar,16,59,29,3,107,0,127,61,0,188,16,186,90,3,295,251,0,251,546
09/13/2021,DAB,FL,ASO,ES,Combined TRACON& Tower with Radar,14,86,47,2,149,0,399,91,1,491,14,485,138,3,640,484,0,484,1124
09/14/2021,DAB,FL,ASO,ES,Combined TRACON& Tower with Radar,10,138,58,2,208,0,306,73,0,379,10,444,131,2,587,641,0,641,1228
09/15/2021,DAB,FL,ASO,ES,Combined TRACON& Tower with Radar,11,102,58,2,173,0,338,94,0,432,11,440,152,2,605,621,0,621,1226
09/16/2021,DAB,FL,ASO,ES,Combined TRACON& Tower with Radar,14,69,59,2,144,0,275,70,2,347,14,344,129,4,491,343,0,343,834
09/17/2021,DAB,FL,ASO,ES,Combined TRACON& Tower with Radar,21,64,49,4,138,0,71,38,2,111,21,135,87,6,249,312,0,312,561
09/18/2021,DAB,FL,ASO,ES,Combined TRACON& Tower with Radar,12,60,64,0,136,0,70,39,2,111,12,130,103,2,247,248,0,248,495
09/19/2021,DAB,FL,ASO,ES,Combined TRACON& Tower with Radar,19,22,34,0,75,0,62,47,2,111,19,84,81,2,186,312,0,312,498
09/20/2021,DAB,FL,ASO,ES,Combined TRACON& Tower with Radar,15,73,40,0,128,0,143,44,2,189,15,216,84,2,317,355,0,355,672
09/21/2021,DAB,FL,ASO,ES,Combined TRACON& Tower with Radar,10,92,54,2,158,0,339,73,1,413,10,431,127,3,571,572,0,572,1143
09/22/2021,DAB,FL,ASO,ES,Combined TRACON& Tower with Radar,12,148,72,3,235,0,237,70,0,307,12,385,142,3,542,315,0,315,857
09/23/2021,DAB,FL,ASO,ES,Combined TRACON& Tower with Radar,16,128,40,1,185,0,472,101,0,573,16,600,141,1,758,462,0,462,1220
09/24/2021,DAB,FL,ASO,ES,Combined TRACON& Tower with Radar,15,116,52,0,183,0,446,97,4,547,15,562,149,4,730,441,0,441,1171
09/25/2021,DAB,FL,ASO,ES,Combined TRACON& Tower with Radar,13,57,31,0,101,0,282,87,4,373,13,339,118,4,474,273,0,273,747
09/26/2021,DAB,FL,ASO,ES,Combined TRACON& Tower with Radar,16,49,40,0,105,0,183,87,4,274,16,232,127,4,379,275,0,275,654
09/27/2021,DAB,FL,ASO,ES,Combined TRACON& Tower with Radar,14,120,51,4,189,0,471,96,0,567,14,591,147,4,756,534,0,534,1290
09/28/2021,DAB,FL,ASO,ES,Combined TRACON& Tower with Radar,10,113,64,0,187,0,482,122,2,606,10,595,186,2,793,441,0,441,1234
09/29/2021,DAB,FL,ASO,ES,Combined TRACON& Tower with Radar,10,116,46,0,172,0,493,94,9,596,10,609,140,9,768,522,0,522,1290
09/30/2021,DAB,FL,ASO,ES,Combined TRACON& Tower with Radar,18,104,53,2,177,0,468,121,5,594,18,572,174,7,771,335,0,335,1106
10/01/2021,DAB,FL,ASO,ES,Combined TRACON& Tower with Radar,16,93,53,1,163,0,376,107,3,486,16,469,160,4,649,301,0,301,950
10/02/2021,DAB,FL,ASO,ES,Combined TRACON& Tower with Radar,12,61,39,2,114,0,243,111,2,356,12,304,150,4,470,282,0,282,752
10/03/2021,DAB,FL,ASO,ES,Combined TRACON& Tower with Radar,16,47,31,0,94,0,116,53,2,171,16,163,84,2,265,277,0,277,542
10/04/2021,DAB,FL,ASO,ES,Combined TRACON& Tower with Radar,16,84,48,4,152,0,419,111,2,532,16,503,159,6,684,164,0,164,848
10/05/2021,DAB,FL,ASO,ES,Combined TRACON& Tower with Radar,10,88,44,3,145,0,434,80,3,517,10,522,124,6,662,240,0,240,902
10/06/2021,DAB,FL,ASO,ES,Combined TRACON& Tower with Radar,10,93,49,2,154,0,377,64,5,446,10,470,113,7,600,558,0,558,1158
10/07/2021,DAB,FL,ASO,ES,Combined TRACON& Tower with Radar,17,141,58,4,220,0,401,102,4,507,17,542,160,8,727,472,0,472,1199
10/08/2021,DAB,FL,ASO,ES,Combined TRACON& Tower with Radar,16,61,42,3,122,0,210,45,0,255,16,271,87,3,377,318,0,318,695
10/09/2021,DAB,FL,ASO,ES,Combined TRACON& Tower with Radar,13,73,66,1,153,0,122,49,9,180,13,195,115,10,333,140,0,140,473
10/10/2021,DAB,FL,ASO,ES,Combined TRACON& Tower with Radar,16,59,51,0,126,0,86,56,8,150,16,145,107,8,276,294,0,294,570
10/11/2021,DAB,FL,ASO,ES,Combined TRACON& Tower with Radar,16,128,63,0,207,0,337,70,0,407,16,465,133,0,614,575,0,575,1189
10/12/2021,DAB,FL,ASO,ES,Combined TRACON& Tower with Radar,14,155,56,0,225,0,349,88,1,438,14,504,144,1,663,489,0,489,1152
10/13/2021,DAB,FL,ASO,ES,Combined TRACON& Tower with Radar,14,173,54,0,241,0,419,78,0,497,14,592,132,0,738,641,0,641,1379
10/14/2021,DAB,FL,ASO,ES,Combined TRACON& Tower with Radar,16,138,86,0,240,0,379,92,2,473,16,517,178,2,713,391,0,391,1104
10/15/2021,DAB,FL,ASO,ES,Combined TRACON& Tower with Radar,15,125,73,3,216,0,445,99,15,559,15,570,172,18,775,432,0,432,1207
10/16/2021,DAB,FL,ASO,ES,Combined TRACON& Tower with Radar,15,88,41,0,144,0,350,72,6,428,15,438,113,6,572,458,0,458,1030
10/17/2021,DAB,FL,ASO,ES,Combined TRACON& Tower with Radar,16,38,42,2,98,0,136,71,8,215,16,174,113,10,313,8,0,8,321
10/18/2021,DAB,FL,ASO,ES,Combined TRACON& Tower with Radar,16,85,58,0,159,0,387,109,0,496,16,472,167,0,655,482,0,482,1137
10/19/2021,DAB,FL,ASO,ES,Combined TRACON& Tower with Radar,12,92,54,2,160,0,496,121,3,620,12,588,175,5,780,429,0,429,1209
10/20/2021,DAB,FL,ASO,ES,Combined TRACON& Tower with Radar,14,104,52,0,170,0,414,118,2,534,14,518,170,2,704,485,0,485,1189
10/21/2021,DAB,FL,ASO,ES,Combined TRACON& Tower with Radar,15,90,41,3,149,0,390,90,4,484,15,480,131,7,633,581,0,581,1214
10/22/2021,DAB,FL,ASO,ES,Combined TRACON& Tower with Radar,17,86,47,0,150,0,320,97,0,417,17,406,144,0,567,510,0,510,1077
10/23/2021,DAB,FL,ASO,ES,Combined TRACON& Tower with Radar,12,47,38,0,97,0,213,84,4,301,12,260,122,4,398,79,0,79,477
10/24/2021,DAB,FL,ASO,ES,Combined TRACON& Tower with Radar,16,40,37,0,93,0,64,41,3,108,16,104,78,3,201,359,0,359,560
10/25/2021,DAB,FL,ASO,ES,Combined TRACON& Tower with Radar,16,89,44,0,149,0,187,49,0,236,16,276,93,0,385,359,0,359,744
10/26/2021,DAB,FL,ASO,ES,Combined TRACON& Tower with Radar,12,112,44,1,169,0,366,97,2,465,12,478,141,3,634,369,0,369,1003
10/27/2021,DAB,FL,ASO,ES,Combined TRACON& Tower with Radar,14,113,30,4,161,0,595,93,2,690,14,708,123,6,851,517,0,517,1368
10/28/2021,DAB,FL,ASO,ES,Combined TRACON& Tower with Radar,20,43,18,0,81,0,127,22,0,149,20,170,40,0,230,30,0,30,260
10/29/2021,DAB,FL,ASO,ES,Combined TRACON& Tower with Radar,16,80,39,0,135,0,265,38,0,303,16,345,77,0,438,258,0,258,696
10/30/2021,DAB,FL,ASO,ES,Combined TRACON& Tower with Radar,12,59,42,0,113,0,196,60,1,257,12,255,102,1,370,314,0,314,684
10/31/2021,DAB,FL,ASO,ES,Combined TRACON& Tower with Radar,14,52,51,0,117,0,195,70,0,265,14,247,121,0,382,292,0,292,674
11/01/2021,DAB,FL,ASO,ES,Combined TRACON& Tower with Radar,16,129,58,0,203,0,517,88,1,606,16,646,146,1,809,545,0,545,1354
11/02/2021,DAB,FL,ASO,ES,Combined TRACON& Tower with Radar,12,104,59,0,175,0,567,108,1,676,12,671,167,1,851,503,0,503,1354
11/03/2021,DAB,FL,ASO,ES,Combined TRACON& Tower with Radar,14,167,60,0,241,0,468,91,0,559,14,635,151,0,800,423,0,423,1223
11/04/2021,DAB,FL,ASO,ES,Combined TRACON& Tower with Radar,16,193,63,4,276,0,210,49,0,259,16,403,112,4,535,468,0,468,1003
11/05/2021,DAB,FL,ASO,ES,Combined TRACON& Tower with Radar,17,8,17,0,42,0,0,0,0,0,17,8,17,0,42,0,0,0,42
11/06/2021,DAB,FL,ASO,ES,Combined TRACON& Tower with Radar,15,20,39,0,74,0,3,1,0,4,15,23,40,0,78,0,0,0,78
11/07/2021,DAB,FL,ASO,ES,Combined TRACON& Tower with Radar,16,50,37,0,103,0,49,27,0,76,16,99,64,0,179,19,0,19,198
11/08/2021,DAB,FL,ASO,ES,Combined TRACON& Tower with Radar,16,129,36,0,181,0,544,93,0,637,16,673,129,0,818,0,0,0,818
11/09/2021,DAB,FL,ASO,ES,Combined TRACON& Tower with Radar,12,142,37,0,191,0,641,126,3,770,12,783,163,3,961,232,0,232,1193
11/10/2021,DAB,FL,ASO,ES,Combined TRACON& Tower with Radar,16,124,42,0,182,0,558,120,1,679,16,682,162,1,861,304,0,304,1165
11/11/2021,DAB,FL,ASO,ES,Combined TRACON& Tower with Radar,16,173,49,0,238,0,252,69,2,323,16,425,118,2,561,468,0,468,1029
11/12/2021,DAB,FL,ASO,ES,Combined TRACON& Tower with Radar,16,142,70,0,228,0,141,36,2,179,16,283,106,2,407,234,0,234,641
11/13/2021,DAB,FL,ASO,ES,Combined TRACON& Tower with Radar,12,68,58,0,138,0,80,41,10,131,12,148,99,10,269,288,0,288,557
11/14/2021,DAB,FL,ASO,ES,Combined TRACON& Tower with Radar,16,43,44,0,103,0,243,130,0,373,16,286,174,0,476,507,0,507,983
11/15/2021,DAB,FL,ASO,ES,Combined TRACON& Tower with Radar,16,135,64,0,215,0,524,110,0,634,16,659,174,0,849,505,0,505,1354
11/16/2021,DAB,FL,ASO,ES,Combined TRACON& Tower with Radar,12,139,48,0,199,0,590,110,2,702,12,729,158,2,901,557,0,557,1458
11/17/2021,DAB,FL,ASO,ES,Combined TRACON& Tower with Radar,14,136,52,0,202,0,529,109,2,640,14,665,161,2,842,438,0,438,1280
11/18/2021,DAB,FL,ASO,ES,Combined TRACON& Tower with Radar,20,96,41,1,158,0,298,61,0,359,20,394,102,1,517,482,0,482,999
11/19/2021,DAB,FL,ASO,ES,Combined TRACON& Tower with Radar,20,84,74,3,181,0,71,35,0,106,20,155,109,3,287,190,0,190,477
11/20/2021,DAB,FL,ASO,ES,Combined TRACON& Tower with Radar,12,66,37,6,121,0,48,31,0,79,12,114,68,6,200,247,0,247,447
11/21/2021,DAB,FL,ASO,ES,Combined TRACON& Tower with Radar,17,98,55,8,178,0,172,77,0,249,17,270,132,8,427,389,2,391,818
11/22/2021,DAB,FL,ASO,ES,Combined TRACON& Tower with Radar,16,110,45,4,175,0,167,32,2,201,16,277,77,6,376,375,0,375,751
11/23/2021,DAB,FL,ASO,ES,Combined TRACON& Tower with Radar,16,82,42,0,140,0,320,72,0,392,16,402,114,0,532,0,0,0,532
11/24/2021,DAB,FL,ASO,ES,Combined TRACON& Tower with Radar,21,106,47,0,174,0,370,82,0,452,21,476,129,0,626,232,0,232,858
11/25/2021,DAB,FL,ASO,ES,Combined TRACON& Tower with Radar,8,3,22,0,33,0,1,28,3,32,8,4,50,3,65,6,0,6,71
11/26/2021,DAB,FL,ASO,ES,Combined TRACON& Tower with Radar,12,69,40,0,121,0,156,58,2,216,12,225,98,2,337,425,0,425,762
11/27/2021,DAB,FL,ASO,ES,Combined TRACON& Tower with Radar,19,39,42,0,100,0,213,80,2,295,19,252,122,2,395,24,0,24,419
11/28/2021,DAB,FL,ASO,ES,Combined TRACON& Tower with Radar,18,53,36,0,107,0,168,46,4,218,18,221,82,4,325,345,0,345,670
11/29/2021,DAB,FL,ASO,ES,Combined TRACON& Tower with Radar,17,94,38,1,150,0,493,94,1,588,17,587,132,2,738,158,0,158,896
11/30/2021,DAB,FL,ASO,ES,Combined TRACON& Tower with Radar,13,139,68,2,222,0,585,126,2,713,13,724,194,4,935,560,2,562,1497
12/01/2021,DAB,FL,ASO,ES,Combined TRACON& Tower with Radar,15,135,74,2,226,0,556,88,2,646,15,691,162,4,872,496,0,496,1368
12/02/2021,DAB,FL,ASO,ES,Combined TRACON& Tower with Radar,16,119,54,2,191,0,526,119,2,647,16,645,173,4,838,476,0,476,1314
12/03/2021,DAB,FL,ASO,ES,Combined TRACON& Tower with Radar,15,129,48,18,210,0,468,89,4,561,15,597,137,22,771,424,0,424,1195
12/04/2021,DAB,FL,ASO,ES,Combined TRACON& Tower with Radar,13,79,50,0,142,0,269,92,2,363,13,348,142,2,505,420,0,420,925
12/05/2021,DAB,FL,ASO,ES,Combined TRACON& Tower with Radar,16,73,59,5,153,0,186,84,1,271,16,259,143,6,424,415,0,415,839
12/06/2021,DAB,FL,ASO,ES,Combined TRACON& Tower with Radar,14,94,36,1,145,0,299,64,1,364,14,393,100,2,509,437,0,437,946
12/07/2021,DAB,FL,ASO,ES,Combined TRACON& Tower with Radar,12,157,55,2,226,0,57,6,2,65,12,214,61,4,291,152,0,152,443
12/08/2021,DAB,FL,ASO,ES,Combined TRACON& Tower with Radar,14,90,65,0,169,0,340,83,0,423,14,430,148,0,592,489,0,489,1081
12/09/2021,DAB,FL,ASO,ES,Combined TRACON& Tower with Radar,16,162,93,2,273,0,341,61,0,402,16,503,154,2,675,607,0,607,1282
12/10/2021,DAB,FL,ASO,ES,Combined TRACON& Tower with Radar,16,118,64,0,198,0,336,124,0,460,16,454,188,0,658,306,0,306,964
12/11/2021,DAB,FL,ASO,ES,Combined TRACON& Tower with Radar,12,75,50,0,137,0,260,103,2,365,12,335,153,2,502,386,0,386,888
12/12/2021,DAB,FL,ASO,ES,Combined TRACON& Tower with Radar,15,80,59,0,154,0,18,29,2,49,15,98,88,2,203,101,0,101,304
12/13/2021,DAB,FL,ASO,ES,Combined TRACON& Tower with Radar,15,128,63,0,206,0,354,72,0,426,15,482,135,0,632,270,0,270,902
12/14/2021,DAB,FL,ASO,ES,Combined TRACON& Tower with Radar,12,182,75,0,269,0,39,25,0,64,12,221,100,0,333,168,0,168,501
12/15/2021,DAB,FL,ASO,ES,Combined TRACON& Tower with Radar,14,158,69,2,243,0,162,52,2,216,14,320,121,4,459,187,0,187,646
12/16/2021,DAB,FL,ASO,ES,Combined TRACON& Tower with Radar,20,134,73,2,229,0,380,99,2,481,20,514,172,4,710,182,0,182,892
12/17/2021,DAB,FL,ASO,ES,Combined TRACON& Tower with Radar,19,113,60,0,192,0,340,124,2,466,19,453,184,2,658,144,0,144,802
12/18/2021,DAB,FL,ASO,ES,Combined TRACON& Tower with Radar,19,66,43,0,128,0,157,71,2,230,19,223,114,2,358,206,0,206,564
12/19/2021,DAB,FL,ASO,ES,Combined TRACON& Tower with Radar,19,47,35,0,101,0,25,15,6,46,19,72,50,6,147,197,0,197,344
12/20/2021,DAB,FL,ASO,ES,Combined TRACON& Tower with Radar,20,97,46,0,163,0,4,5,0,9,20,101,51,0,172,36,0,36,208
12/21/2021,DAB,FL,ASO,ES,Combined TRACON& Tower with Radar,21,17,11,0,49,0,0,0,0,0,21,17,11,0,49,0,0,0,49
12/22/2021,DAB,FL,ASO,ES,Combined TRACON& Tower with Radar,20,103,56,0,179,0,198,55,0,253,20,301,111,0,432,218,0,218,650
12/23/2021,DAB,FL,ASO,ES,Combined TRACON& Tower with Radar,20,45,36,0,101,0,249,67,0,316,20,294,103,0,417,104,0,104,521
12/24/2021,DAB,FL,ASO,ES,Combined TRACON& Tower with Radar,12,6,10,0,28,0,3,26,4,33,12,9,36,4,61,80,0,80,141
12/25/2021,DAB,FL,ASO,ES,Combined TRACON& Tower with Radar,16,4,3,0,23,0,1,17,0,18,16,5,20,0,41,14,0,14,55
12/26/2021,DAB,FL,ASO,ES,Combined TRACON& Tower with Radar,17,18,30,0,65,0,14,38,8,60,17,32,68,8,125,0,0,0,125
12/27/2021,DAB,FL,ASO,ES,Combined TRACON& Tower with Radar,22,19,35,0,76,0,70,29,0,99,22,89,64,0,175,0,0,0,175
12/28/2021,DAB,FL,ASO,ES,Combined TRACON& Tower with Radar,20,17,46,1,84,0,77,63,1,141,20,94,109,2,225,50,0,50,275
12/29/2021,DAB,FL,ASO,ES,Combined TRACON& Tower with Radar,21,27,34,2,84,0,109,59,3,171,21,136,93,5,255,65,0,65,320
12/30/2021,DAB,FL,ASO,ES,Combined TRACON& Tower with Radar,15,18,45,0,78,0,40,46,0,86,15,58,91,0,164,128,0,128,292
12/31/2021,DAB,FL,ASO,ES,Combined TRACON& Tower with Radar,15,8,19,0,42,0,4,25,8,37,15,12,44,8,79,20,0,20,99
01/01/2022,DAB,FL,ASO,ES,Combined TRACON& Tower with Radar,17,5,12,1,35,0,1,13,2,16,17,6,25,3,51,24,0,24,75
01/02/2022,DAB,FL,ASO,ES,Combined TRACON& Tower with Radar,20,14,33,0,67,0,4,31,0,35,20,18,64,0,102,153,0,153,255
01/03/2022,DAB,FL,ASO,ES,Combined TRACON& Tower with Radar,19,10,41,0,70,0,57,46,0,103,19,67,87,0,173,66,0,66,239
01/04/2022,DAB,FL,ASO,ES,Combined TRACON& Tower with Radar,17,81,38,0,136,0,196,56,0,252,17,277,94,0,388,271,0,271,659
01/05/2022,DAB,FL,ASO,ES,Combined TRACON& Tower with Radar,17,85,52,12,166,0,262,69,0,331,17,347,121,12,497,422,0,422,919
01/06/2022,DAB,FL,ASO,ES,Combined TRACON& Tower with Radar,15,62,46,0,123,0,303,89,1,393,15,365,135,1,516,164,0,164,680
01/07/2022,DAB,FL,ASO,ES,Combined TRACON& Tower with Radar,17,98,51,9,175,0,175,47,5,227,17,273,98,14,402,200,0,200,602
01/08/2022,DAB,FL,ASO,ES,Combined TRACON& Tower with Radar,12,48,38,0,98,0,135,50,4,189,12,183,88,4,287,370,0,370,657
01/09/2022,DAB,FL,ASO,ES,Combined TRACON& Tower with Radar,15,39,24,2,80,0,126,44,5,175,15,165,68,7,255,42,0,42,297
01/10/2022,DAB,FL,ASO,ES,Combined TRACON& Tower with Radar,17,60,30,0,107,0,123,24,0,147,17,183,54,0,254,254,0,254,508
01/11/2022,DAB,FL,ASO,ES,Combined TRACON& Tower with Radar,14,100,58,0,172,0,294,71,3,368,14,394,129,3,540,314,0,314,854
01/12/2022,DAB,FL,ASO,ES,Combined TRACON& Tower with Radar,18,93,48,2,161,0,445,80,2,527,18,538,128,4,688,332,0,332,1020
01/13/2022,DAB,FL,ASO,ES,Combined TRACON& Tower with Radar,18,67,40,4,129,0,398,75,2,475,18,465,115,6,604,418,0,418,1022
01/14/2022,DAB,FL,ASO,ES,Combined TRACON& Tower with Radar,17,100,42,5,164,0,387,110,1,498,17,487,152,6,662,239,0,239,901
01/15/2022,DAB,FL,ASO,ES,Combined TRACON& Tower with Radar,11,79,48,1,139,0,284,103,0,387,11,363,151,1,526,416,0,416,942
01/16/2022,DAB,FL,ASO,ES,Combined TRACON& Tower with Radar,4,5,8,0,17,0,5,3,0,8,4,10,11,0,25,12,0,12,37
01/17/2022,DAB,FL,ASO,ES,Combined TRACON& Tower with Radar,10,28,42,2,82,0,100,57,0,157,10,128,99,2,239,353,0,353,592
01/18/2022,DAB,FL,ASO,ES,Combined TRACON& Tower with Radar,16,95,54,2,167,0,480,99,0,579,16,575,153,2,746,310,0,310,1056
01/19/2022,DAB,FL,ASO,ES,Combined TRACON& Tower with Radar,20,129,87,1,237,0,498,121,1,620,20,627,208,2,857,502,0,502,1359
01/20/2022,DAB,FL,ASO,ES,Combined TRACON& Tower with Radar,17,96,88,7,208,0,429,95,1,525,17,525,183,8,733,468,0,468,1201
01/21/2022,DAB,FL,ASO,ES,Combined TRACON& Tower with Radar,17,93,57,2,169,0,182,44,6,232,17,275,101,8,401,307,0,307,708
01/22/2022,DAB,FL,ASO,ES,Combined TRACON& Tower with Radar,13,36,30,0,79,0,0,0,0,0,13,36,30,0,79,0,0,0,79
01/23/2022,DAB,FL,ASO,ES,Combined TRACON& Tower with Radar,18,62,80,0,160,0,114,58,0,172,18,176,138,0,332,292,0,292,624
01/24/2022,DAB,FL,ASO,ES,Combined TRACON& Tower with Radar,16,136,57,9,218,0,473,96,0,569,16,609,153,9,787,452,0,452,1239
01/25/2022,DAB,FL,ASO,ES,Combined TRACON& Tower with Radar,20,134,54,3,211,0,229,54,0,283,20,363,108,3,494,343,0,343,837
01/26/2022,DAB,FL,ASO,ES,Combined TRACON& Tower with Radar,18,149,81,0,248,0,23,11,0,34,18,172,92,0,282,0,0,0,282
01/27/2022,DAB,FL,ASO,ES,Combined TRACON& Tower with Radar,17,64,63,0,144,0,0,2,0,2,17,64,65,0,146,0,0,0,146
01/28/2022,DAB,FL,ASO,ES,Combined TRACON& Tower with Radar,18,120,87,4,229,0,211,44,4,259,18,331,131,8,488,55,0,55,543
01/29/2022,DAB,FL,ASO,ES,Combined TRACON& Tower with Radar,11,49,52,0,112,0,132,72,0,204,11,181,124,0,316,68,0,68,384
01/30/2022,DAB,FL,ASO,ES,Combined TRACON& Tower with Radar,20,74,109,0,203,0,299,115,2,416,20,373,224,2,619,69,0,69,688
01/31/2022,DAB,FL,ASO,ES,Combined TRACON& Tower with Radar,16,117,69,1,203,0,515,112,0,627,16,632,181,1,830,399,0,399,1229
02/01/2022,DAB,FL,ASO,ES,Combined TRACON& Tower with Radar,16,137,65,8,226,0,594,106,5,705,16,731,171,13,931,569,0,569,1500
02/02/2022,DAB,FL,ASO,ES,Combined TRACON& Tower with Radar,18,124,52,0,194,0,432,81,0,513,18,556,133,0,707,166,0,166,873
02/03/2022,DAB,FL,ASO,ES,Combined TRACON& Tower with Radar,17,120,45,12,194,0,421,89,1,511,17,541,134,13,705,0,0,0,705
02/04/2022,DAB,FL,ASO,ES,Combined TRACON& Tower with Radar,18,101,47,2,168,0,407,129,0,536,18,508,176,2,704,260,0,260,964
02/05/2022,DAB,FL,ASO,ES,Combined TRACON& Tower with Radar,13,71,34,0,118,0,6,8,2,16,13,77,42,2,134,31,0,31,165
02/06/2022,DAB,FL,ASO,ES,Combined TRACON& Tower with Radar,18,26,32,0,76,0,0,1,0,1,18,26,33,0,77,0,0,0,77
02/07/2022,DAB,FL,ASO,ES,Combined TRACON& Tower with Radar,17,162,58,1,238,0,13,15,0,28,17,175,73,1,266,120,0,120,386
02/08/2022,DAB,FL,ASO,ES,Combined TRACON& Tower with Radar,19,76,33,0,128,0,1,0,0,1,19,77,33,0,129,0,0,0,129
02/09/2022,DAB,FL,ASO,ES,Combined TRACON& Tower with Radar,17,135,67,1,220,0,499,117,2,618,17,634,184,3,838,595,0,595,1433
02/10/2022,DAB,FL,ASO,ES,Combined TRACON& Tower with Radar,17,138,64,3,222,0,644,120,1,765,17,782,184,4,987,528,0,528,1515
02/11/2022,DAB,FL,ASO,ES,Combined TRACON& Tower with Radar,18,127,53,0,198,0,599,107,11,717,18,726,160,11,915,504,0,504,1419
02/12/2022,DAB,FL,ASO,ES,Combined TRACON& Tower with Radar,14,95,55,0,164,0,366,100,0,466,14,461,155,0,630,691,0,691,1321
02/13/2022,DAB,FL,ASO,ES,Combined TRACON& Tower with Radar,15,79,31,0,125,0,54,37,0,91,15,133,68,0,216,370,0,370,586
02/14/2022,DAB,FL,ASO,ES,Combined TRACON& Tower with Radar,16,117,45,2,180,0,485,125,1,611,16,602,170,3,791,331,0,331,1122
02/15/2022,DAB,FL,ASO,ES,Combined TRACON& Tower with Radar,17,117,78,0,212,0,560,111,2,673,17,677,189,2,885,406,0,406,1291
02/16/2022,DAB,FL,ASO,ES,Combined TRACON& Tower with Radar,19,137,71,4,231,0,305,99,1,405,19,442,170,5,636,311,0,311,947
02/17/2022,DAB,FL,ASO,ES,Combined TRACON& Tower with Radar,21,144,123,14,302,0,232,86,8,326,21,376,209,22,628,240,0,240,868
02/18/2022,DAB,FL,ASO,ES,Combined TRACON& Tower with Radar,21,106,117,1,245,0,168,45,2,215,21,274,162,3,460,300,0,300,760
02/19/2022,DAB,FL,ASO,ES,Combined TRACON& Tower with Radar,20,58,99,1,178,0,186,62,7,255,20,244,161,8,433,180,0,180,613
02/20/2022,DAB,FL,ASO,ES,Combined TRACON& Tower with Radar,18,67,173,2,260,0,152,77,8,237,18,219,250,10,497,12,0,12,509
02/21/2022,DAB,FL,ASO,ES,Combined TRACON& Tower with Radar,21,96,87,1,205,0,384,79,0,463,21,480,166,1,668,629,0,629,1297
02/22/2022,DAB,FL,ASO,ES,Combined TRACON& Tower with Radar,16,123,52,6,197,0,583,74,1,658,16,706,126,7,855,381,0,381,1236
02/23/2022,DAB,FL,ASO,ES,Combined TRACON& Tower with Radar,21,136,49,4,210,0,408,97,4,509,21,544,146,8,719,335,0,335,1054
02/24/2022,DAB,FL,ASO,ES,Combined TRACON& Tower with Radar,17,115,46,1,179,0,477,84,2,563,17,592,130,3,742,407,0,407,1149
02/25/2022,DAB,FL,ASO,ES,Combined TRACON& Tower with Radar,19,122,67,14,222,0,425,82,5,512,19,547,149,19,734,505,0,505,1239
02/26/2022,DAB,FL,ASO,ES,Combined TRACON& Tower with Radar,15,103,60,0,178,0,342,85,8,435,15,445,145,8,613,514,0,514,1127
02/27/2022,DAB,FL,ASO,ES,Combined TRACON& Tower with Radar,18,72,47,0,137,0,174,58,2,234,18,246,105,2,371,276,0,276,647
02/28/2022,DAB,FL,ASO,ES,Combined TRACON& Tower with Radar,18,96,45,0,159,0,18,14,0,32,18,114,59,0,191,46,0,46,237
03/01/2022,DAB,FL,ASO,ES,Combined TRACON& Tower with Radar,16,111,63,2,192,0,196,54,2,252,16,307,117,4,444,2,0,2,446
03/02/2022,DAB,FL,ASO,ES,Combined TRACON& Tower with Radar,18,144,42,2,206,0,657,108,1,766,18,801,150,3,972,463,0,463,1435
03/03/2022,DAB,FL,ASO,ES,Combined TRACON& Tower with Radar,20,124,49,2,195,0,617,108,1,726,20,741,157,3,921,504,0,504,1425
03/04/2022,DAB,FL,ASO,ES,Combined TRACON& Tower with Radar,20,123,52,0,195,0,579,82,2,663,20,702,134,2,858,435,0,435,1293
03/05/2022,DAB,FL,ASO,ES,Combined TRACON& Tower with Radar,22,77,52,2,153,0,238,81,2,321,22,315,133,4,474,329,0,329,803
03/06/2022,DAB,FL,ASO,ES,Combined TRACON& Tower with Radar,22,67,49,2,140,0,134,74,8,216,22,201,123,10,356,40,0,40,396
03/07/2022,DAB,FL,ASO,ES,Combined TRACON& Tower with Radar,20,70,32,0,122,0,345,72,6,423,20,415,104,6,545,0,0,0,545
03/08/2022,DAB,FL,ASO,ES,Combined TRACON& Tower with Radar,20,80,53,0,153,0,109,39,0,148,20,189,92,0,301,316,0,316,617
03/09/2022,DAB,FL,ASO,ES,Combined TRACON& Tower with Radar,17,58,52,4,131,0,9,10,0,19,17,67,62,4,150,167,0,167,317
03/10/2022,DAB,FL,ASO,ES,Combined TRACON& Tower with Radar,20,87,56,2,165,0,109,33,0,142,20,196,89,2,307,32,0,32,339
03/11/2022,DAB,FL,ASO,ES,Combined TRACON& Tower with Radar,19,115,66,2,202,0,106,45,12,163,19,221,111,14,365,382,0,382,747
03/12/2022,DAB,FL,ASO,ES,Combined TRACON& Tower with Radar,13,17,25,0,55,0,7,11,0,18,13,24,36,0,73,8,0,8,81
03/13/2022,DAB,FL,ASO,ES,Combined TRACON& Tower with Radar,16,77,51,0,144,0,226,87,0,313,16,303,138,0,457,4,0,4,461
03/14/2022,DAB,FL,ASO,ES,Combined TRACON& Tower with Radar,19,144,66,0,229,0,491,110,1,602,19,635,176,1,831,393,0,393,1224
03/15/2022,DAB,FL,ASO,ES,Combined TRACON& Tower with Radar,18,96,43,2,159,0,275,57,2,334,18,371,100,4,493,195,0,195,688
03/16/2022,DAB,FL,ASO,ES,Combined TRACON& Tower with Radar,17,62,39,3,121,0,151,41,5,197,17,213,80,8,318,282,0,282,600
03/17/2022,DAB,FL,ASO,ES,Combined TRACON& Tower with Radar,20,145,77,0,242,0,376,79,1,456,20,521,156,1,698,380,0,380,1078
03/18/2022,DAB,FL,ASO,ES,Combined TRACON& Tower with Radar,22,93,62,0,177,0,258,68,0,326,22,351,130,0,503,236,0,236,739
03/19/2022,DAB,FL,ASO,ES,Combined TRACON& Tower with Radar,22,71,60,2,155,0,204,90,0,294,22,275,150,2,449,198,0,198,647
03/20/2022,DAB,FL,ASO,ES,Combined TRACON& Tower with Radar,23,53,65,0,141,0,196,87,0,283,23,249,152,0,424,114,0,114,538
03/21/2022,DAB,FL,ASO,ES,Combined TRACON& Tower with Radar,18,152,35,2,207,0,547,106,0,653,18,699,141,2,860,560,0,560,1420
03/22/2022,DAB,FL,ASO,ES,Combined TRACON& Tower with Radar,18,104,55,0,177,0,447,89,1,537,18,551,144,1,714,4,0,4,718
03/23/2022,DAB,FL,ASO,ES,Combined TRACON& Tower with Radar,15,63,46,2,126,0,172,33,0,205,15,235,79,2,331,2,0,2,333
03/24/2022,DAB,FL,ASO,ES,Combined TRACON& Tower with Radar,20,76,25,0,121,0,8,4,0,12,20,84,29,0,133,4,0,4,137
03/25/2022,DAB,FL,ASO,ES,Combined TRACON& Tower with Radar,20,108,60,4,192,0,579,116,0,695,20,687,176,4,887,482,0,482,1369
03/26/2022,DAB,FL,ASO,ES,Combined TRACON& Tower with Radar,25,72,49,1,147,0,388,103,0,491,25,460,152,1,638,542,0,542,1180
03/27/2022,DAB,FL,ASO,ES,Combined TRACON& Tower with Radar,20,89,39,1,149,0,253,90,0,343,20,342,129,1,492,273,0,273,765
03/28/2022,DAB,FL,ASO,ES,Combined TRACON& Tower with Radar,20,131,41,0,192,0,581,124,0,705,20,712,165,0,897,479,0,479,1376
03/29/2022,DAB,FL,ASO,ES,Combined TRACON& Tower with Radar,20,148,39,1,208,0,612,115,5,732,20,760,154,6,940,517,0,517,1457
03/30/2022,DAB,FL,ASO,ES,Combined TRACON& Tower with Radar,17,82,34,5,138,0,290,63,1,354,17,372,97,6,492,48,0,48,540
03/31/2022,DAB,FL,ASO,ES,Combined TRACON& Tower with Radar,17,34,23,0,74,0,118,24,0,142,17,152,47,0,216,29,0,29,245
04/01/2022,DAB,FL,ASO,ES,Combined TRACON& Tower with Radar,21,148,63,8,240,0,321,58,0,379,21,469,121,8,619,369,0,369,988
04/02/2022,DAB,FL,ASO,ES,Combined TRACON& Tower with Radar,12,38,25,0,75,0,1,1,0,2,12,39,26,0,77,43,0,43,120
04/03/2022,DAB,FL,ASO,ES,Combined TRACON& Tower with Radar,22,117,72,4,215,0,269,99,0,368,22,386,171,4,583,390,0,390,973
04/04/2022,DAB,FL,ASO,ES,Combined TRACON& Tower with Radar,21,143,71,0,235,0,596,137,1,734,21,739,208,1,969,459,0,459,1428
04/05/2022,DAB,FL,ASO,ES,Combined TRACON& Tower with Radar,16,125,38,0,179,0,222,45,0,267,16,347,83,0,446,102,0,102,548
04/06/2022,DAB,FL,ASO,ES,Combined TRACON& Tower with Radar,15,122,78,22,237,0,358,66,0,424,15,480,144,22,661,559,0,559,1220
04/07/2022,DAB,FL,ASO,ES,Combined TRACON& Tower with Radar,21,94,46,6,167,0,67,27,1,95,21,161,73,7,262,121,0,121,383
04/08/2022,DAB,FL,ASO,ES,Combined TRACON& Tower with Radar,17,94,47,18,176,0,406,77,4,487,17,500,124,22,663,439,2,441,1104
04/09/2022,DAB,FL,ASO,ES,Combined TRACON& Tower with Radar,20,38,30,13,101,0,211,60,6,277,20,249,90,19,378,249,0,249,627
04/10/2022,DAB,FL,ASO,ES,Combined TRACON& Tower with Radar,19,139,67,8,233,0,444,96,2,542,19,583,163,10,775,284,0,284,1059
04/11/2022,DAB,FL,ASO,ES,Combined TRACON& Tower with Radar,17,146,51,0,214,0,581,82,3,666,17,727,133,3,880,293,0,293,1173
04/12/2022,DAB,FL,ASO,ES,Combined TRACON& Tower with Radar,17,151,48,0,216,0,583,83,6,672,17,734,131,6,888,252,0,252,1140
04/13/2022,DAB,FL,ASO,ES,Combined TRACON& Tower with Radar,16,115,48,1,180,0,527,88,1,616,16,642,136,2,796,66,0,66,862
04/14/2022,DAB,FL,ASO,ES,Combined TRACON& Tower with Radar,18,97,48,4,167,0,452,84,1,537,18,549,132,5,704,247,0,247,951
04/15/2022,DAB,FL,ASO,ES,Combined TRACON& Tower with Radar,19,124,70,2,215,0,257,62,1,320,19,381,132,3,535,522,0,522,1057
04/16/2022,DAB,FL,ASO,ES,Combined TRACON& Tower with Radar,23,157,36,0,216,0,282,89,0,371,23,439,125,0,587,435,0,435,1022
04/17/2022,DAB,FL,ASO,ES,Combined TRACON& Tower with Radar,19,50,27,2,98,0,130,58,0,188,19,180,85,2,286,329,0,329,615
04/18/2022,DAB,FL,ASO,ES,Combined TRACON& Tower with Radar,19,164,61,0,244,0,321,50,0,371,19,485,111,0,615,404,0,404,1019
04/19/2022,DAB,FL,ASO,ES,Combined TRACON& Tower with Radar,16,125,45,0,186,0,404,85,1,490,16,529,130,1,676,100,0,100,776
04/20/2022,DAB,FL,ASO,ES,Combined TRACON& Tower with Radar,16,130,43,3,192,0,400,90,3,493,16,530,133,6,685,533,0,533,1218
04/21/2022,DAB,FL,ASO,ES,Combined TRACON& Tower with Radar,17,135,55,2,209,0,373,80,0,453,17,508,135,2,662,500,0,500,1162
04/22/2022,DAB,FL,ASO,ES,Combined TRACON& Tower with Radar,19,112,61,0,192,0,344,70,2,416,19,456,131,2,608,542,0,542,1150
04/23/2022,DAB,FL,ASO,ES,Combined TRACON& Tower with Radar,20,98,60,0,178,0,275,98,0,373,20,373,158,0,551,497,0,497,1048
04/24/2022,DAB,FL,ASO,ES,Combined TRACON& Tower with Radar,18,110,30,0,158,0,253,84,0,337,18,363,114,0,495,486,0,486,981
04/25/2022,DAB,FL,ASO,ES,Combined TRACON& Tower with Radar,18,121,34,0,173,0,490,90,0,580,18,611,124,0,753,429,0,429,1182
04/26/2022,DAB,FL,ASO,ES,Combined TRACON& Tower with Radar,16,118,49,2,185,0,572,111,0,683,16,690,160,2,868,580,0,580,1448
04/27/2022,DAB,FL,ASO,ES,Combined TRACON& Tower with Radar,16,143,85,0,244,0,333,92,1,426,16,476,177,1,670,457,0,457,1127
04/28/2022,DAB,FL,ASO,ES,Combined TRACON& Tower with Radar,18,117,47,0,182,0,271,70,0,341,18,388,117,0,523,499,0,499,1022
04/29/2022,DAB,FL,ASO,ES,Combined TRACON& Tower with Radar,17,121,43,1,182,0,348,55,2,405,17,469,98,3,587,502,0,502,1089
04/30/2022,DAB,FL,ASO,ES,Combined TRACON& Tower with Radar,21,82,40,0,143,0,236,85,0,321,21,318,125,0,464,430,0,430,894
05/01/2022,DAB,FL,ASO,ES,Combined TRACON& Tower with Radar,18,49,53,0,120,0,156,64,0,220,18,205,117,0,340,328,0,328,668
05/02/2022,DAB,FL,ASO,ES,Combined TRACON& Tower with Radar,18,127,49,0,194,0,431,93,0,524,18,558,142,0,718,396,0,396,1114
05/03/2022,DAB,FL,ASO,ES,Combined TRACON& Tower with Radar,16,148,53,9,226,0,334,64,0,398,16,482,117,9,624,594,0,594,1218
05/04/2022,DAB,FL,ASO,ES,Combined TRACON& Tower with Radar,16,129,54,4,203,0,416,84,4,504,16,545,138,8,707,520,0,520,1227
05/05/2022,DAB,FL,ASO,ES,Combined TRACON& Tower with Radar,15,104,44,1,164,0,479,74,1,554,15,583,118,2,718,557,0,557,1275
05/06/2022,DAB,FL,ASO,ES,Combined TRACON& Tower with Radar,17,89,39,4,149,0,334,75,4,413,17,423,114,8,562,455,0,455,1017
05/07/2022,DAB,FL,ASO,ES,Combined TRACON& Tower with Radar,18,45,11,0,74,0,31,31,1,63,18,76,42,1,137,117,0,117,254
05/08/2022,DAB,FL,ASO,ES,Combined TRACON& Tower with Radar,15,69,40,2,126,0,176,66,2,244,15,245,106,4,370,307,0,307,677
05/09/2022,DAB,FL,ASO,ES,Combined TRACON& Tower with Radar,17,94,47,0,158,0,192,48,0,240,17,286,95,0,398,528,0,528,926
05/10/2022,DAB,FL,ASO,ES,Combined TRACON& Tower with Radar,16,62,56,5,139,0,218,59,3,280,16,280,115,8,419,207,0,207,626
05/11/2022,DAB,FL,ASO,ES,Combined TRACON& Tower with Radar,14,48,26,0,88,0,186,41,4,231,14,234,67,4,319,14,0,14,333
05/12/2022,DAB,FL,ASO,ES,Combined TRACON& Tower with Radar,16,103,19,0,138,0,210,42,2,254,16,313,61,2,392,34,0,34,426
05/13/2022,DAB,FL,ASO,ES,Combined TRACON& Tower with Radar,15,88,52,2,157,0,326,70,0,396,15,414,122,2,553,649,0,649,1202
05/14/2022,DAB,FL,ASO,ES,Combined TRACON& Tower with Radar,15,71,19,1,106,0,281,87,1,369,15,352,106,2,475,396,0,396,871
05/15/2022,DAB,FL,ASO,ES,Combined TRACON& Tower with Radar,15,47,29,3,94,0,91,74,0,165,15,138,103,3,259,290,0,290,549
05/16/2022,DAB,FL,ASO,ES,Combined TRACON& Tower with Radar,15,79,48,4,146,0,368,78,0,446,15,447,126,4,592,589,0,589,1181
05/17/2022,DAB,FL,ASO,ES,Combined TRACON& Tower with Radar,13,76,37,1,127,0,387,53,1,441,13,463,90,2,568,652,0,652,1220
05/18/2022,DAB,FL,ASO,ES,Combined TRACON& Tower with Radar,14,142,57,0,213,0,317,53,0,370,14,459,110,0,583,403,0,403,986
05/19/2022,DAB,FL,ASO,ES,Combined TRACON& Tower with Radar,17,104,61,4,186,0,465,93,1,559,17,569,154,5,745,357,0,357,1102
05/20/2022,DAB,FL,ASO,ES,Combined TRACON& Tower with Radar,17,45,52,0,114,0,242,54,0,296,17,287,106,0,410,486,0,486,896
05/21/2022,DAB,FL,ASO,ES,Combined TRACON& Tower with Radar,15,33,29,0,77,0,71,34,0,105,15,104,63,0,182,182,0,182,364
05/22/2022,DAB,FL,ASO,ES,Combined TRACON& Tower with Radar,17,65,58,0,140,0,49,25,0,74,17,114,83,0,214,33,0,33,247
05/23/2022,DAB,FL,ASO,ES,Combined TRACON& Tower with Radar,15,155,44,4,218,0,359,64,0,423,15,514,108,4,641,6,0,6,647
05/24/2022,DAB,FL,ASO,ES,Combined TRACON& Tower with Radar,15,145,28,7,195,0,359,65,1,425,15,504,93,8,620,198,6,204,824
05/25/2022,DAB,FL,ASO,ES,Combined TRACON& Tower with Radar,14,93,58,0,165,0,303,73,0,376,14,396,131,0,541,0,0,0,541
05/26/2022,DAB,FL,ASO,ES,Combined TRACON& Tower with Radar,15,83,46,1,145,0,479,98,0,577,15,562,144,1,722,120,0,120,842
05/27/2022,DAB,FL,ASO,ES,Combined TRACON& Tower with Radar,17,46,27,1,91,0,237,65,1,303,17,283,92,2,394,117,0,117,511
05/28/2022,DAB,FL,ASO,ES,Combined TRACON& Tower with Radar,20,61,42,0,123,0,165,73,10,248,20,226,115,10,371,263,0,263,634
05/29/2022,DAB,FL,ASO,ES,Combined TRACON& Tower with Radar,22,30,37,1,90,0,141,48,3,192,22,171,85,4,282,404,0,404,686
05/30/2022,DAB,FL,ASO,ES,Combined TRACON& Tower with Radar,14,57,37,1,109,0,265,67,0,332,14,322,104,1,441,578,0,578,1019
05/31/2022,DAB,FL,ASO,ES,Combined TRACON& Tower with Radar,16,99,43,0,158,0,299,49,0,348,16,398,92,0,506,614,0,614,1120
06/01/2022,DAB,FL,ASO,ES,Combined TRACON& Tower with Radar,14,115,38,1,168,0,365,80,0,445,14,480,118,1,613,709,0,709,1322
06/02/2022,DAB,FL,ASO,ES,Combined TRACON& Tower with Radar,15,103,42,4,164,0,474,96,1,571,15,577,138,5,735,375,0,375,1110
06/03/2022,DAB,FL,ASO,ES,Combined TRACON& Tower with Radar,17,71,30,0,118,0,378,74,0,452,17,449,104,0,570,363,0,363,933
06/04/2022,DAB,FL,ASO,ES,Combined TRACON& Tower with Radar,19,54,17,1,91,0,13,4,0,17,19,67,21,1,108,0,0,0,108
06/05/2022,DAB,FL,ASO,ES,Combined TRACON& Tower with Radar,15,49,39,0,103,0,83,39,0,122,15,132,78,0,225,376,0,376,601
06/06/2022,DAB,FL,ASO,ES,Combined TRACON& Tower with Radar,16,128,37,3,184,0,173,45,1,219,16,301,82,4,403,250,0,250,653
06/07/2022,DAB,FL,ASO,ES,Combined TRACON& Tower with Radar,19,112,52,2,185,0,509,92,3,604,19,621,144,5,789,353,0,353,1142
06/08/2022,DAB,FL,ASO,ES,Combined TRACON& Tower with Radar,18,77,54,0,149,0,437,67,0,504,18,514,121,0,653,523,0,523,1176
06/09/2022,DAB,FL,ASO,ES,Combined TRACON& Tower with Radar,25,74,79,0,178,0,371,80,0,451,25,445,159,0,629,498,0,498,1127
06/10/2022,DAB,FL,ASO,ES,Combined TRACON& Tower with Radar,16,51,34,4,105,0,193,36,0,229,16,244,70,4,334,271,0,271,605
06/11/2022,DAB,FL,ASO,ES,Combined TRACON& Tower with Radar,21,48,24,1,94,0,128,41,1,170,21,176,65,2,264,439,0,439,703
06/12/2022,DAB,FL,ASO,ES,Combined TRACON& Tower with Radar,22,74,62,3,161,0,139,51,3,193,22,213,113,6,354,389,0,389,743
06/13/2022,DAB,FL,ASO,ES,Combined TRACON& Tower with Radar,16,107,26,4,153,0,454,71,0,525,16,561,97,4,678,404,0,404,1082
06/14/2022,DAB,FL,ASO,ES,Combined TRACON& Tower with Radar,15,83,43,0,141,0,517,71,0,588,15,600,114,0,729,515,0,515,1244
06/15/2022,DAB,FL,ASO,ES,Combined TRACON& Tower with Radar,20,88,37,0,145,0,504,68,0,572,20,592,105,0,717,418,0,418,1135
06/16/2022,DAB,FL,ASO,ES,Combined TRACON& Tower with Radar,15,91,56,0,162,0,404,62,0,466,15,495,118,0,628,553,0,553,1181
06/17/2022,DAB,FL,ASO,ES,Combined TRACON& Tower with Radar,15,73,45,0,133,0,386,68,0,454,15,459,113,0,587,407,0,407,994
06/18/2022,DAB,FL,ASO,ES,Combined TRACON& Tower with Radar,19,50,18,2,89,0,176,39,0,215,19,226,57,2,304,258,0,258,562
06/19/2022,DAB,FL,ASO,ES,Combined TRACON& Tower with Radar,15,45,32,0,92,0,109,40,4,153,15,154,72,4,245,406,0,406,651
06/20/2022,DAB,FL,ASO,ES,Combined TRACON& Tower with Radar,17,104,48,2,171,0,224,40,0,264,17,328,88,2,435,608,0,608,1043
06/21/2022,DAB,FL,ASO,ES,Combined TRACON& Tower with Radar,18,88,39,0,145,0,400,74,0,474,18,488,113,0,619,717,0,717,1336
06/22/2022,DAB,FL,ASO,ES,Combined TRACON& Tower with Radar,16,85,27,0,128,0,443,81,0,524,16,528,108,0,652,545,0,545,1197
06/23/2022,DAB,FL,ASO,ES,Combined TRACON& Tower with Radar,14,59,46,2,121,0,312,85,1,398,14,371,131,3,519,423,0,423,942
06/24/2022,DAB,FL,ASO,ES,Combined TRACON& Tower with Radar,16,59,29,0,104,0,145,39,0,184,16,204,68,0,288,344,0,344,632
06/25/2022,DAB,FL,ASO,ES,Combined TRACON& Tower with Radar,15,92,33,0,140,0,84,33,0,117,15,176,66,0,257,329,0,329,586
06/26/2022,DAB,FL,ASO,ES,Combined TRACON& Tower with Radar,14,49,45,0,108,0,141,84,0,225,14,190,129,0,333,293,0,293,626
06/27/2022,DAB,FL,ASO,ES,Combined TRACON& Tower with Radar,11,102,33,0,146,0,186,33,1,220,11,288,66,1,366,335,0,335,701
06/28/2022,DAB,FL,ASO,ES,Combined TRACON& Tower with Radar,18,126,36,0,180,0,342,75,0,417,18,468,111,0,597,211,0,211,808
06/29/2022,DAB,FL,ASO,ES,Combined TRACON& Tower with Radar,18,105,37,0,160,0,377,49,0,426,18,482,86,0,586,616,0,616,1202
06/30/2022,DAB,FL,ASO,ES,Combined TRACON& Tower with Radar,15,77,48,0,140,0,164,36,0,200,15,241,84,0,340,393,0,393,733
07/01/2022,DAB,FL,ASO,ES,Combined TRACON& Tower with Radar,15,41,30,0,86,0,227,53,1,281,15,268,83,1,367,308,0,308,675
07/02/2022,DAB,FL,ASO,ES,Combined TRACON& Tower with Radar,18,30,26,0,74,0,146,39,0,185,18,176,65,0,259,17,0,17,276
07/03/2022,DAB,FL,ASO,ES,Combined TRACON& Tower with Radar,16,15,23,0,54,0,94,36,0,130,16,109,59,0,184,103,0,103,287
07/04/2022,DAB,FL,ASO,ES,Combined TRACON& Tower with Radar,16,30,21,0,67,0,85,46,3,134,16,115,67,3,201,227,0,227,428
07/05/2022,DAB,FL,ASO,ES,Combined TRACON& Tower with Radar,18,123,33,2,176,0,390,50,0,440,18,513,83,2,616,476,0,476,1092
07/06/2022,DAB,FL,ASO,ES,Combined TRACON& Tower with Radar,16,116,18,0,150,0,334,73,2,409,16,450,91,2,559,390,0,390,949
07/07/2022,DAB,FL,ASO,ES,Combined TRACON& Tower with Radar,18,80,27,4,129,0,361,72,0,433,18,441,99,4,562,396,0,396,958
07/08/2022,DAB,FL,ASO,ES,Combined TRACON& Tower with Radar,18,90,34,0,142,0,384,77,2,463,18,474,111,2,605,265,0,265,870
07/09/2022,DAB,FL,ASO,ES,Combined TRACON& Tower with Radar,19,43,25,0,87,0,178,61,0,239,19,221,86,0,326,186,0,186,512
07/10/2022,DAB,FL,ASO,ES,Combined TRACON& Tower with Radar,17,31,19,2,69,0,99,49,0,148,17,130,68,2,217,168,0,168,385
07/11/2022,DAB,FL,ASO,ES,Combined TRACON& Tower with Radar,21,43,25,0,89,0,298,57,0,355,21,341,82,0,444,124,0,124,568
07/12/2022,DAB,FL,ASO,ES,Combined TRACON& Tower with Radar,17,93,53,0,163,0,398,84,0,482,17,491,137,0,645,332,0,332,977
07/13/2022,DAB,FL,ASO,ES,Combined TRACON& Tower with Radar,14,67,26,2,109,0,307,57,0,364,14,374,83,2,473,357,0,357,830
07/14/2022,DAB,FL,ASO,ES,Combined TRACON& Tower with Radar,14,90,46,0,150,0,351,54,4,409,14,441,100,4,559,427,0,427,986
07/15/2022,DAB,FL,ASO,ES,Combined TRACON& Tower with Radar,16,107,41,2,166,0,421,79,0,500,16,528,120,2,666,337,0,337,1003
07/16/2022,DAB,FL,ASO,ES,Combined TRACON& Tower with Radar,23,56,33,0,112,0,94,31,0,125,23,150,64,0,237,215,0,215,452
07/17/2022,DAB,FL,ASO,ES,Combined TRACON& Tower with Radar,18,37,26,0,81,0,78,35,0,113,18,115,61,0,194,113,0,113,307
07/18/2022,DAB,FL,ASO,ES,Combined TRACON& Tower with Radar,15,70,45,0,130,0,322,60,0,382,15,392,105,0,512,404,0,404,916
07/19/2022,DAB,FL,ASO,ES,Combined TRACON& Tower with Radar,16,73,34,0,123,0,311,67,0,378,16,384,101,0,501,226,0,226,727
07/20/2022,DAB,FL,ASO,ES,Combined TRACON& Tower with Radar,14,74,33,0,121,0,307,42,0,349,14,381,75,0,470,295,0,295,765
07/21/2022,DAB,FL,ASO,ES,Combined TRACON& Tower with Radar,14,89,57,0,160,0,424,89,0,513,14,513,146,0,673,437,0,437,1110
07/22/2022,DAB,FL,ASO,ES,Combined TRACON& Tower with Radar,16,77,30,5,128,0,409,60,3,472,16,486,90,8,600,162,2,164,764
07/23/2022,DAB,FL,ASO,ES,Combined TRACON& Tower with Radar,19,49,31,0,99,0,201,70,0,271,19,250,101,0,370,58,0,58,428
07/24/2022,DAB,FL,ASO,ES,Combined TRACON& Tower with Radar,17,42,29,0,88,0,161,53,0,214,17,203,82,0,302,230,0,230,532
07/25/2022,DAB,FL,ASO,ES,Combined TRACON& Tower with Radar,12,78,25,0,115,0,398,60,0,458,12,476,85,0,573,468,0,468,1041
07/26/2022,DAB,FL,ASO,ES,Combined TRACON& Tower with Radar,19,64,37,0,120,0,237,42,0,279,19,301,79,0,399,314,0,314,713
07/27/2022,DAB,FL,ASO,ES,Combined TRACON& Tower with Radar,16,127,41,2,186,0,362,83,0,445,16,489,124,2,631,215,0,215,846
07/28/2022,DAB,FL,ASO,ES,Combined TRACON& Tower with Radar,15,105,30,0,150,0,486,97,0,583,15,591,127,0,733,328,0,328,1061
07/29/2022,DAB,FL,ASO,ES,Combined TRACON& Tower with Radar,15,95,36,2,148,0,448,70,1,519,15,543,106,3,667,508,0,508,1175
07/30/2022,DAB,FL,ASO,ES,Combined TRACON& Tower with Radar,16,53,33,0,102,0,252,69,0,321,16,305,102,0,423,194,0,194,617
07/31/2022,DAB,FL,ASO,ES,Combined TRACON& Tower with Radar,14,42,33,0,89,0,161,48,1,210,14,203,81,1,299,93,0,93,392
08/01/2022,DAB,FL,ASO,ES,Combined TRACON& Tower with Radar,17,55,28,0,100,0,369,71,0,440,17,424,99,0,540,211,0,211,751
08/02/2022,DAB,FL,ASO,ES,Combined TRACON& Tower with Radar,14,57,35,0,106,0,339,43,0,382,14,396,78,0,488,355,0,355,843
08/03/2022,DAB,FL,ASO,ES,Combined TRACON& Tower with Radar,14,74,36,6,130,0,415,90,6,511,14,489,126,12,641,381,0,381,1022
08/04/2022,DAB,FL,ASO,ES,Combined TRACON& Tower with Radar,11,98,54,0,163,0,351,83,0,434,11,449,137,0,597,383,0,383,980
08/05/2022,DAB,FL,ASO,ES,Combined TRACON& Tower with Radar,14,94,37,5,150,0,274,34,9,317,14,368,71,14,467,413,0,413,880
08/06/2022,DAB,FL,ASO,ES,Combined TRACON& Tower with Radar,11,62,38,0,111,0,164,54,1,219,11,226,92,1,330,413,0,413,743
08/07/2022,DAB,FL,ASO,ES,Combined TRACON& Tower with Radar,13,36,31,1,81,0,76,63,0,139,13,112,94,1,220,303,0,303,523
08/08/2022,DAB,FL,ASO,ES,Combined TRACON& Tower with Radar,14,85,30,0,129,0,211,49,0,260,14,296,79,0,389,592,0,592,981
08/09/2022,DAB,FL,ASO,ES,Combined TRACON& Tower with Radar,12,84,40,0,136,0,275,76,0,351,12,359,116,0,487,345,0,345,832
08/10/2022,DAB,FL,ASO,ES,Combined TRACON& Tower with Radar,12,102,34,0,148,0,343,89,0,432,12,445,123,0,580,192,0,192,772
08/11/2022,DAB,FL,ASO,ES,Combined TRACON& Tower with Radar,13,85,30,0,128,0,221,40,0,261,13,306,70,0,389,254,0,254,643
08/12/2022,DAB,FL,ASO,ES,Combined TRACON& Tower with Radar,13,71,33,3,120,0,232,60,3,295,13,303,93,6,415,296,0,296,711
08/13/2022,DAB,FL,ASO,ES,Combined TRACON& Tower with Radar,14,42,24,2,82,0,170,47,3,220,14,212,71,5,302,404,0,404,706
08/14/2022,DAB,FL,ASO,ES,Combined TRACON& Tower with Radar,15,53,43,1,112,0,105,49,0,154,15,158,92,1,266,224,0,224,490
08/15/2022,DAB,FL,ASO,ES,Combined TRACON& Tower with Radar,14,89,40,2,145,0,365,74,0,439,14,454,114,2,584,377,0,377,961
08/16/2022,DAB,FL,ASO,ES,Combined TRACON& Tower with Radar,12,79,59,2,152,0,352,80,2,434,12,431,139,4,586,543,0,543,1129
08/17/2022,DAB,FL,ASO,ES,Combined TRACON& Tower with Radar,13,66,42,2,123,0,183,40,0,223,13,249,82,2,346,338,0,338,684
08/18/2022,DAB,FL,ASO,ES,Combined TRACON& Tower with Radar,15,63,42,0,120,0,258,48,0,306,15,321,90,0,426,337,0,337,763
08/19/2022,DAB,FL,ASO,ES,Combined TRACON& Tower with Radar,13,71,50,1,135,0,299,45,0,344,13,370,95,1,479,423,0,423,902
08/20/2022,DAB,FL,ASO,ES,Combined TRACON& Tower with Radar,15,59,34,1,109,0,212,71,0,283,15,271,105,1,392,252,0,252,644
08/21/2022,DAB,FL,ASO,ES,Combined TRACON& Tower with Radar,11,35,38,0,84,0,64,56,0,120,11,99,94,0,204,212,0,212,416
08/22/2022,DAB,FL,ASO,ES,Combined TRACON& Tower with Radar,14,63,29,0,106,0,259,78,2,339,14,322,107,2,445,315,0,315,760
08/23/2022,DAB,FL,ASO,ES,Combined TRACON& Tower with Radar,13,18,20,0,51,0,132,46,1,179,13,150,66,1,230,234,0,234,464
08/24/2022,DAB,FL,ASO,ES,Combined TRACON& Tower with Radar,16,124,51,2,193,0,228,65,0,293,16,352,116,2,486,566,0,566,1052
08/25/2022,DAB,FL,ASO,ES,Combined TRACON& Tower with Radar,16,84,59,2,161,0,245,64,0,309,16,329,123,2,470,308,0,308,778
08/26/2022,DAB,FL,ASO,ES,Combined TRACON& Tower with Radar,14,49,65,4,132,0,98,31,1,130,14,147,96,5,262,230,0,230,492
08/27/2022,DAB,FL,ASO,ES,Combined TRACON& Tower with Radar,14,55,70,0,139,0,134,51,0,185,14,189,121,0,324,196,0,196,520
08/28/2022,DAB,FL,ASO,ES,Combined TRACON& Tower with Radar,13,48,69,1,131,0,53,51,0,104,13,101,120,1,235,69,0,69,304
08/29/2022,DAB,FL,ASO,ES,Combined TRACON& Tower with Radar,14,56,41,0,111,0,169,42,2,213,14,225,83,2,324,410,0,410,734
08/30/2022,DAB,FL,ASO,ES,Combined TRACON& Tower with Radar,15,55,28,0,98,0,279,61,2,342,15,334,89,2,440,329,0,329,769
08/31/2022,DAB,FL,ASO,ES,Combined TRACON& Tower with Radar,14,58,36,2,110,0,275,80,2,357,14,333,116,4,467,394,0,394,861
09/01/2022,DAB,FL,ASO,ES,Combined TRACON& Tower with Radar,12,67,44,0,123,0,328,71,2,401,12,395,115,2,524,482,0,482,1006
09/02/2022,DAB,FL,ASO,ES,Combined TRACON& Tower with Radar,11,68,45,0,124,0,204,45,0,249,11,272,90,0,373,442,0,442,815
09/03/2022,DAB,FL,ASO,ES,Combined TRACON& Tower with Radar,13,76,28,0,117,0,199,63,1,263,13,275,91,1,380,434,0,434,814
09/04/2022,DAB,FL,ASO,ES,Combined TRACON& Tower with Radar,9,61,31,0,101,0,195,68,0,263,9,256,99,0,364,474,0,474,838
09/05/2022,DAB,FL,ASO,ES,Combined TRACON& Tower with Radar,13,41,43,0,97,0,148,80,0,228,13,189,123,0,325,463,0,463,788
09/06/2022,DAB,FL,ASO,ES,Combined TRACON& Tower with Radar,12,92,35,1,140,0,358,83,0,441,12,450,118,1,581,591,0,591,1172
09/07/2022,DAB,FL,ASO,ES,Combined TRACON& Tower with Radar,12,64,45,0,121,0,368,91,0,459,12,432,136,0,580,602,0,602,1182
09/08/2022,DAB,FL,ASO,ES,Combined TRACON& Tower with Radar,14,58,45,0,117,0,277,47,2,326,14,335,92,2,443,306,0,306,749
09/09/2022,DAB,FL,ASO,ES,Combined TRACON& Tower with Radar,14,87,43,0,144,0,209,48,0,257,14,296,91,0,401,325,0,325,726
09/10/2022,DAB,FL,ASO,ES,Combined TRACON& Tower with Radar,14,49,36,0,99,0,257,72,0,329,14,306,108,0,428,249,0,249,677
09/11/2022,DAB,FL,ASO,ES,Combined TRACON& Tower with Radar,15,52,24,0,91,0,155,69,0,224,15,207,93,0,315,406,0,406,721
09/12/2022,DAB,FL,ASO,ES,Combined TRACON& Tower with Radar,15,52,21,0,88,0,309,58,0,367,15,361,79,0,455,486,0,486,941
09/13/2022,DAB,FL,ASO,ES,Combined TRACON& Tower with Radar,12,89,40,0,141,0,359,51,0,410,12,448,91,0,551,415,0,415,966
09/14/2022,DAB,FL,ASO,ES,Combined TRACON& Tower with Radar,16,71,45,0,132,0,211,60,4,275,16,282,105,4,407,546,0,546,953
09/15/2022,DAB,FL,ASO,ES,Combined TRACON& Tower with Radar,13,93,34,1,141,0,285,67,1,353,13,378,101,2,494,558,0,558,1052
09/16/2022,DAB,FL,ASO,ES,Combined TRACON& Tower with Radar,15,74,37,3,129,0,225,55,1,281,15,299,92,4,410,405,0,405,815
09/17/2022,DAB,FL,ASO,ES,Combined TRACON& Tower with Radar,12,90,21,0,123,0,97,40,0,137,12,187,61,0,260,293,0,293,553
09/18/2022,DAB,FL,ASO,ES,Combined TRACON& Tower with Radar,14,61,49,0,124,0,94,38,0,132,14,155,87,0,256,352,0,352,608
09/19/2022,DAB,FL,ASO,ES,Combined TRACON& Tower with Radar,15,101,42,2,160,0,275,48,0,323,15,376,90,2,483,634,0,634,1117
09/20/2022,DAB,FL,ASO,ES,Combined TRACON& Tower with Radar,15,129,53,2,199,0,354,105,2,461,15,483,158,4,660,399,0,399,1059
09/21/2022,DAB,FL,ASO,ES,Combined TRACON& Tower with Radar,12,139,45,0,196,0,204,44,2,250,12,343,89,2,446,283,0,283,729
09/22/2022,DAB,FL,ASO,ES,Combined TRACON& Tower with Radar,14,131,50,2,197,0,526,133,1,660,14,657,183,3,857,519,0,519,1376
09/23/2022,DAB,FL,ASO,ES,Combined TRACON& Tower with Radar,14,168,50,7,239,0,215,53,0,268,14,383,103,7,507,382,0,382,889
09/24/2022,DAB,FL,ASO,ES,Combined TRACON& Tower with Radar,12,74,38,2,126,0,305,112,0,417,12,379,150,2,543,392,0,392,935
09/25/2022,DAB,FL,ASO,ES,Combined TRACON& Tower with Radar,14,54,61,0,129,0,215,76,2,293,14,269,137,2,422,516,0,516,938
09/26/2022,DAB,FL,ASO,ES,Combined TRACON& Tower with Radar,13,88,60,0,161,0,495,97,0,592,13,583,157,0,753,504,0,504,1257
09/27/2022,DAB,FL,ASO,ES,Combined TRACON& Tower with Radar,12,41,30,2,85,0,135,19,0,154,12,176,49,2,239,132,0,132,371
09/28/2022,DAB,FL,ASO,ES,Combined TRACON& Tower with Radar,3,0,1,0,4,0,0,0,0,0,3,0,1,0,4,0,0,0,4
09/29/2022,DAB,FL,ASO,ES,Combined TRACON& Tower with Radar,0,0,0,0,0,0,0,0,0,0,0,0,0,0,0,0,0,0,0
09/30/2022,DAB,FL,ASO,ES,Combined TRACON& Tower with Radar,0,8,8,1,17,0,1,14,5,20,0,9,22,6,37,0,0,0,37
10/01/2022,DAB,FL,ASO,ES,Combined TRACON& Tower with Radar,10,11,25,0,46,0,32,28,0,60,10,43,53,0,106,27,0,27,133
10/02/2022,DAB,FL,ASO,ES,Combined TRACON& Tower with Radar,16,19,28,0,63,0,46,39,0,85,16,65,67,0,148,48,0,48,196
10/03/2022,DAB,FL,ASO,ES,Combined TRACON& Tower with Radar,16,81,23,0,120,0,371,49,1,421,16,452,72,1,541,22,0,22,563
10/04/2022,DAB,FL,ASO,ES,Combined TRACON& Tower with Radar,12,85,29,2,128,0,431,77,0,508,12,516,106,2,636,7,0,7,643
10/05/2022,DAB,FL,ASO,ES,Combined TRACON& Tower with Radar,14,93,39,0,146,0,595,156,0,751,14,688,195,0,897,405,0,405,1302
10/06/2022,DAB,FL,ASO,ES,Combined TRACON& Tower with Radar,12,116,50,0,178,0,562,162,2,726,12,678,212,2,904,581,0,581,1485
10/07/2022,DAB,FL,ASO,ES,Combined TRACON& Tower with Radar,12,76,60,2,150,0,544,151,0,695,12,620,211,2,845,676,0,676,1521
10/08/2022,DAB,FL,ASO,ES,Combined TRACON& Tower with Radar,13,64,57,1,135,0,359,141,0,500,13,423,198,1,635,500,0,500,1135
10/09/2022,DAB,FL,ASO,ES,Combined TRACON& Tower with Radar,13,45,62,0,120,0,177,98,0,275,13,222,160,0,395,539,0,539,934
10/10/2022,DAB,FL,ASO,ES,Combined TRACON& Tower with Radar,12,106,53,0,171,0,392,95,2,489,12,498,148,2,660,357,0,357,1017
10/11/2022,DAB,FL,ASO,ES,Combined TRACON& Tower with Radar,14,110,45,0,169,0,501,107,3,611,14,611,152,3,780,625,0,625,1405
10/12/2022,DAB,FL,ASO,ES,Combined TRACON& Tower with Radar,11,117,59,2,189,0,341,68,3,412,11,458,127,5,601,510,0,510,1111
10/13/2022,DAB,FL,ASO,ES,Combined TRACON& Tower with Radar,13,100,56,0,169,0,446,102,0,548,13,546,158,0,717,680,0,680,1397
10/14/2022,DAB,FL,ASO,ES,Combined TRACON& Tower with Radar,10,120,63,0,193,1,563,159,2,725,11,683,222,2,918,783,0,783,1701
10/15/2022,DAB,FL,ASO,ES,Combined TRACON& Tower with Radar,13,84,53,0,150,0,325,128,1,454,13,409,181,1,604,482,0,482,1086
10/16/2022,DAB,FL,ASO,ES,Combined TRACON& Tower with Radar,11,83,54,3,151,0,245,125,1,371,11,328,179,4,522,312,0,312,834
10/17/2022,DAB,FL,ASO,ES,Combined TRACON& Tower with Radar,13,54,41,5,113,0,389,104,2,495,13,443,145,7,608,577,0,577,1185
10/18/2022,DAB,FL,ASO,ES,Combined TRACON& Tower with Radar,12,120,53,2,187,0,403,117,0,520,12,523,170,2,707,432,0,432,1139
10/19/2022,DAB,FL,ASO,ES,Combined TRACON& Tower with Radar,12,62,41,0,115,0,401,134,3,538,12,463,175,3,653,2,0,2,655
10/20/2022,DAB,FL,ASO,ES,Combined TRACON& Tower with Radar,12,121,55,2,190,0,530,133,0,663,12,651,188,2,853,374,0,374,1227
10/21/2022,DAB,FL,ASO,ES,Combined TRACON& Tower with Radar,11,68,44,1,124,0,444,152,3,599,11,512,196,4,723,2,0,2,725
10/22/2022,DAB,FL,ASO,ES,Combined TRACON& Tower with Radar,12,78,32,0,122,0,225,94,0,319,12,303,126,0,441,5,0,5,446
10/23/2022,DAB,FL,ASO,ES,Combined TRACON& Tower with Radar,11,60,44,0,115,0,197,83,0,280,11,257,127,0,395,64,0,64,459
10/24/2022,DAB,FL,ASO,ES,Combined TRACON& Tower with Radar,13,109,45,2,169,0,471,102,0,573,13,580,147,2,742,653,0,653,1395
10/25/2022,DAB,FL,ASO,ES,Combined TRACON& Tower with Radar,12,112,61,0,185,0,632,133,1,766,12,744,194,1,951,653,0,653,1604
10/26/2022,DAB,FL,ASO,ES,Combined TRACON& Tower with Radar,12,107,34,2,155,0,567,125,0,692,12,674,159,2,847,617,0,617,1464
10/27/2022,DAB,FL,ASO,ES,Combined TRACON& Tower with Radar,11,149,50,0,210,0,390,81,0,471,11,539,131,0,681,611,0,611,1292
10/28/2022,DAB,FL,ASO,ES,Combined TRACON& Tower with Radar,13,164,43,0,220,0,74,17,0,91,13,238,60,0,311,272,0,272,583
10/29/2022,DAB,FL,ASO,ES,Combined TRACON& Tower with Radar,12,123,36,0,171,0,140,66,0,206,12,263,102,0,377,169,0,169,546
10/30/2022,DAB,FL,ASO,ES,Combined TRACON& Tower with Radar,12,61,56,0,129,0,117,42,0,159,12,178,98,0,288,309,0,309,597
10/31/2022,DAB,FL,ASO,ES,Combined TRACON& Tower with Radar,12,149,46,2,209,0,496,80,0,576,12,645,126,2,785,550,0,550,1335
11/01/2022,DAB,FL,ASO,ES,Combined TRACON& Tower with Radar,12,162,63,0,237,0,415,79,0,494,12,577,142,0,731,296,0,296,1027
11/02/2022,DAB,FL,ASO,ES,Combined TRACON& Tower with Radar,12,158,57,0,227,0,490,99,2,591,12,648,156,2,818,530,0,530,1348
11/03/2022,DAB,FL,ASO,ES,Combined TRACON& Tower with Radar,12,124,37,2,175,0,311,85,1,397,12,435,122,3,572,323,0,323,895
11/04/2022,DAB,FL,ASO,ES,Combined TRACON& Tower with Radar,14,153,40,1,208,0,450,79,0,529,14,603,119,1,737,408,0,408,1145
11/05/2022,DAB,FL,ASO,ES,Combined TRACON& Tower with Radar,14,132,57,0,203,0,341,100,0,441,14,473,157,0,644,493,0,493,1137
11/06/2022,DAB,FL,ASO,ES,Combined TRACON& Tower with Radar,12,80,60,2,154,0,160,66,1,227,12,240,126,3,381,317,0,317,698
11/07/2022,DAB,FL,ASO,ES,Combined TRACON& Tower with Radar,12,122,62,4,200,0,342,57,1,400,12,464,119,5,600,474,0,474,1074
11/08/2022,DAB,FL,ASO,ES,Combined TRACON& Tower with Radar,14,51,12,0,77,0,28,23,0,51,14,79,35,0,128,74,0,74,202
11/09/2022,DAB,FL,ASO,ES,Combined TRACON& Tower with Radar,7,20,9,2,38,0,0,0,0,0,7,20,9,2,38,0,0,0,38
11/10/2022,DAB,FL,ASO,ES,Combined TRACON& Tower with Radar,0,0,2,0,2,0,0,0,0,0,0,0,2,0,2,0,0,0,2
11/11/2022,DAB,FL,ASO,ES,Combined TRACON& Tower with Radar,12,69,30,2,113,0,53,18,2,73,12,122,48,4,186,50,0,50,236
11/12/2022,DAB,FL,ASO,ES,Combined TRACON& Tower with Radar,15,98,44,0,157,0,197,78,0,275,15,295,122,0,432,523,0,523,955
11/13/2022,DAB,FL,ASO,ES,Combined TRACON& Tower with Radar,14,140,45,1,200,0,60,26,1,87,14,200,71,2,287,301,0,301,588
11/14/2022,DAB,FL,ASO,ES,Combined TRACON& Tower with Radar,13,125,57,0,195,0,441,115,3,559,13,566,172,3,754,543,0,543,1297
11/15/2022,DAB,FL,ASO,ES,Combined TRACON& Tower with Radar,15,145,35,2,197,0,627,99,0,726,15,772,134,2,923,427,0,427,1350
11/16/2022,DAB,FL,ASO,ES,Combined TRACON& Tower with Radar,16,139,36,0,191,0,39,10,0,49,16,178,46,0,240,62,0,62,302
11/17/2022,DAB,FL,ASO,ES,Combined TRACON& Tower with Radar,13,104,48,0,165,0,586,146,0,732,13,690,194,0,897,0,0,0,897
11/18/2022,DAB,FL,ASO,ES,Combined TRACON& Tower with Radar,14,47,39,2,102,0,649,148,2,799,14,696,187,4,901,0,0,0,901
11/19/2022,DAB,FL,ASO,ES,Combined TRACON& Tower with Radar,17,130,46,2,195,0,253,98,0,351,17,383,144,2,546,0,0,0,546
11/20/2022,DAB,FL,ASO,ES,Combined TRACON& Tower with Radar,16,89,30,0,135,0,102,20,0,122,16,191,50,0,257,18,0,18,275
11/21/2022,DAB,FL,ASO,ES,Combined TRACON& Tower with Radar,12,143,41,0,196,0,325,65,1,391,12,468,106,1,587,443,0,443,1030
11/22/2022,DAB,FL,ASO,ES,Combined TRACON& Tower with Radar,15,114,56,3,188,0,0,8,0,8,15,114,64,3,196,0,0,0,196
11/23/2022,DAB,FL,ASO,ES,Combined TRACON& Tower with Radar,17,71,50,0,138,0,0,0,0,0,17,71,50,0,138,0,0,0,138
11/24/2022,DAB,FL,ASO,ES,Combined TRACON& Tower with Radar,8,4,13,0,25,0,4,12,0,16,8,8,25,0,41,0,0,0,41
11/25/2022,DAB,FL,ASO,ES,Combined TRACON& Tower with Radar,14,152,56,0,222,0,77,22,0,99,14,229,78,0,321,364,0,364,685
11/26/2022,DAB,FL,ASO,ES,Combined TRACON& Tower with Radar,18,154,51,0,223,0,89,24,0,113,18,243,75,0,336,367,0,367,703
11/27/2022,DAB,FL,ASO,ES,Combined TRACON& Tower with Radar,14,117,56,0,187,0,109,19,0,128,14,226,75,0,315,385,0,385,700
11/28/2022,DAB,FL,ASO,ES,Combined TRACON& Tower with Radar,14,128,48,8,198,0,615,110,0,725,14,743,158,8,923,561,0,561,1484
11/29/2022,DAB,FL,ASO,ES,Combined TRACON& Tower with Radar,12,128,30,3,173,0,641,115,3,759,12,769,145,6,932,530,0,530,1462
11/30/2022,DAB,FL,ASO,ES,Combined TRACON& Tower with Radar,12,143,32,0,187,0,544,108,0,652,12,687,140,0,839,340,0,340,1179
12/01/2022,DAB,FL,ASO,ES,Combined TRACON& Tower with Radar,14,153,53,0,220,0,506,103,2,611,14,659,156,2,831,288,0,288,1119
12/02/2022,DAB,FL,ASO,ES,Combined TRACON& Tower with Radar,14,173,63,1,251,0,621,113,0,734,14,794,176,1,985,525,0,525,1510
12/03/2022,DAB,FL,ASO,ES,Combined TRACON& Tower with Radar,14,98,44,0,156,0,428,116,0,544,14,526,160,0,700,617,0,617,1317
12/04/2022,DAB,FL,ASO,ES,Combined TRACON& Tower with Radar,14,94,59,0,167,0,288,110,0,398,14,382,169,0,565,619,0,619,1184
12/05/2022,DAB,FL,ASO,ES,Combined TRACON& Tower with Radar,14,125,43,1,183,0,429,84,2,515,14,554,127,3,698,616,0,616,1314
12/06/2022,DAB,FL,ASO,ES,Combined TRACON& Tower with Radar,12,132,49,2,195,0,591,129,0,720,12,723,178,2,915,569,0,569,1484
12/07/2022,DAB,FL,ASO,ES,Combined TRACON& Tower with Radar,12,131,66,0,209,0,549,110,0,659,12,680,176,0,868,694,0,694,1562
12/08/2022,DAB,FL,ASO,ES,Combined TRACON& Tower with Radar,14,145,42,0,201,0,518,110,0,628,14,663,152,0,829,584,0,584,1413
12/09/2022,DAB,FL,ASO,ES,Combined TRACON& Tower with Radar,13,116,46,0,175,0,483,133,1,617,13,599,179,1,792,591,0,591,1383
12/10/2022,DAB,FL,ASO,ES,Combined TRACON& Tower with Radar,15,145,43,0,203,0,59,21,0,80,15,204,64,0,283,130,0,130,413
12/11/2022,DAB,FL,ASO,ES,Combined TRACON& Tower with Radar,12,183,60,0,255,0,0,1,0,1,12,183,61,0,256,8,0,8,264
12/12/2022,DAB,FL,ASO,ES,Combined TRACON& Tower with Radar,15,126,71,4,216,0,308,69,0,377,15,434,140,4,593,553,0,553,1146
12/13/2022,DAB,FL,ASO,ES,Combined TRACON& Tower with Radar,13,193,51,2,259,0,149,39,3,191,13,342,90,5,450,420,0,420,870
12/14/2022,DAB,FL,ASO,ES,Combined TRACON& Tower with Radar,14,135,56,0,205,0,353,94,0,447,14,488,150,0,652,77,0,77,729
12/15/2022,DAB,FL,ASO,ES,Combined TRACON& Tower with Radar,14,84,39,1,138,0,29,9,0,38,14,113,48,1,176,44,0,44,220
12/16/2022,DAB,FL,ASO,ES,Combined TRACON& Tower with Radar,17,102,57,0,176,0,474,113,0,587,17,576,170,0,763,187,0,187,950
12/17/2022,DAB,FL,ASO,ES,Combined TRACON& Tower with Radar,20,78,38,2,138,0,304,109,2,415,20,382,147,4,553,567,0,567,1120
12/18/2022,DAB,FL,ASO,ES,Combined TRACON& Tower with Radar,17,69,53,0,139,0,195,55,1,251,17,264,108,1,390,203,0,203,593
12/19/2022,DAB,FL,ASO,ES,Combined TRACON& Tower with Radar,16,104,49,1,170,0,335,89,0,424,16,439,138,1,594,552,0,552,1146
12/20/2022,DAB,FL,ASO,ES,Combined TRACON& Tower with Radar,16,61,28,9,114,0,177,31,3,211,16,238,59,12,325,391,0,391,716
12/21/2022,DAB,FL,ASO,ES,Combined TRACON& Tower with Radar,16,58,37,0,111,0,0,0,0,0,16,58,37,0,111,0,0,0,111
12/22/2022,DAB,FL,ASO,ES,Combined TRACON& Tower with Radar,15,48,30,11,104,0,66,11,2,79,15,114,41,13,183,145,0,145,328
12/23/2022,DAB,FL,ASO,ES,Combined TRACON& Tower with Radar,14,24,40,0,78,0,51,38,0,89,14,75,78,0,167,74,0,74,241
12/24/2022,DAB,FL,ASO,ES,Combined TRACON& Tower with Radar,10,14,14,0,38,0,62,20,0,82,10,76,34,0,120,8,0,8,128
12/25/2022,DAB,FL,ASO,ES,Combined TRACON& Tower with Radar,9,3,6,0,18,0,1,8,0,9,9,4,14,0,27,38,0,38,65
12/26/2022,DAB,FL,ASO,ES,Combined TRACON& Tower with Radar,15,12,18,0,45,0,6,36,0,42,15,18,54,0,87,10,0,10,97
12/27/2022,DAB,FL,ASO,ES,Combined TRACON& Tower with Radar,16,30,32,1,79,0,124,50,2,176,16,154,82,3,255,153,0,153,408
12/28/2022,DAB,FL,ASO,ES,Combined TRACON& Tower with Radar,17,18,42,0,77,0,106,69,0,175,17,124,111,0,252,92,0,92,344
12/29/2022,DAB,FL,ASO,ES,Combined TRACON& Tower with Radar,16,23,25,0,64,0,108,70,0,178,16,131,95,0,242,349,0,349,591
12/30/2022,DAB,FL,ASO,ES,Combined TRACON& Tower with Radar,15,31,27,6,79,1,85,35,3,124,16,116,62,9,203,201,0,201,404
12/31/2022,DAB,FL,ASO,ES,Combined TRACON& Tower with Radar,16,15,10,0,41,0,1,3,0,4,16,16,13,0,45,0,0,0,45
01/01/2023,DAB,FL,ASO,ES,Combined TRACON& Tower with Radar,14,1,15,0,30,0,8,9,0,17,14,9,24,0,47,5,0,5,52
01/02/2023,DAB,FL,ASO,ES,Combined TRACON& Tower with Radar,14,3,32,0,49,0,0,37,0,37,14,3,69,0,86,148,0,148,234
01/03/2023,DAB,FL,ASO,ES,Combined TRACON& Tower with Radar,15,33,36,6,90,0,177,62,0,239,15,210,98,6,329,36,2,38,367
01/04/2023,DAB,FL,ASO,ES,Combined TRACON& Tower with Radar,14,57,28,0,99,0,80,24,0,104,14,137,52,0,203,10,0,10,213
01/05/2023,DAB,FL,ASO,ES,Combined TRACON& Tower with Radar,16,75,33,0,124,0,174,24,0,198,16,249,57,0,322,261,0,261,583
01/06/2023,DAB,FL,ASO,ES,Combined TRACON& Tower with Radar,17,42,39,2,100,0,356,91,2,449,17,398,130,4,549,100,0,100,649
01/07/2023,DAB,FL,ASO,ES,Combined TRACON& Tower with Radar,18,47,32,2,99,0,229,118,1,348,18,276,150,3,447,291,0,291,738
01/08/2023,DAB,FL,ASO,ES,Combined TRACON& Tower with Radar,16,36,32,1,85,0,108,71,0,179,16,144,103,1,264,197,0,197,461
01/09/2023,DAB,FL,ASO,ES,Combined TRACON& Tower with Radar,16,65,40,10,131,0,324,92,0,416,16,389,132,10,547,282,6,288,835
01/10/2023,DAB,FL,ASO,ES,Combined TRACON& Tower with Radar,16,85,30,1,132,0,390,104,2,496,16,475,134,3,628,555,0,555,1183
01/11/2023,DAB,FL,ASO,ES,Combined TRACON& Tower with Radar,14,71,45,10,140,0,471,125,0,596,14,542,170,10,736,546,0,546,1282
01/12/2023,DAB,FL,ASO,ES,Combined TRACON& Tower with Radar,12,100,42,3,157,0,455,98,0,553,12,555,140,3,710,282,0,282,992
01/13/2023,DAB,FL,ASO,ES,Combined TRACON& Tower with Radar,18,41,57,2,118,0,43,21,0,64,18,84,78,2,182,51,0,51,233
01/14/2023,DAB,FL,ASO,ES,Combined TRACON& Tower with Radar,12,54,53,1,120,0,194,81,0,275,12,248,134,1,395,211,0,211,606
01/15/2023,DAB,FL,ASO,ES,Combined TRACON& Tower with Radar,14,67,40,0,121,0,233,131,0,364,14,300,171,0,485,461,0,461,946
01/16/2023,DAB,FL,ASO,ES,Combined TRACON& Tower with Radar,14,82,54,0,150,0,424,133,0,557,14,506,187,0,707,569,0,569,1276
01/17/2023,DAB,FL,ASO,ES,Combined TRACON& Tower with Radar,14,128,50,3,195,0,528,139,0,667,14,656,189,3,862,555,0,555,1417
01/18/2023,DAB,FL,ASO,ES,Combined TRACON& Tower with Radar,13,130,39,6,188,0,572,144,1,717,13,702,183,7,905,427,0,427,1332
01/19/2023,DAB,FL,ASO,ES,Combined TRACON& Tower with Radar,15,103,61,0,179,0,459,115,2,576,15,562,176,2,755,328,0,328,1083
01/20/2023,DAB,FL,ASO,ES,Combined TRACON& Tower with Radar,14,131,50,2,197,0,503,100,0,603,14,634,150,2,800,609,0,609,1409
01/21/2023,DAB,FL,ASO,ES,Combined TRACON& Tower with Radar,14,80,47,0,141,0,237,49,0,286,14,317,96,0,427,577,0,577,1004
01/22/2023,DAB,FL,ASO,ES,Combined TRACON& Tower with Radar,12,62,54,21,149,0,95,46,0,141,12,157,100,21,290,114,0,114,404
01/23/2023,DAB,FL,ASO,ES,Combined TRACON& Tower with Radar,16,110,39,0,165,0,456,91,2,549,16,566,130,2,714,77,0,77,791
01/24/2023,DAB,FL,ASO,ES,Combined TRACON& Tower with Radar,14,126,48,0,188,0,505,123,4,632,14,631,171,4,820,554,0,554,1374
01/25/2023,DAB,FL,ASO,ES,Combined TRACON& Tower with Radar,14,97,48,0,159,0,248,70,0,318,14,345,118,0,477,132,0,132,609
01/26/2023,DAB,FL,ASO,ES,Combined TRACON& Tower with Radar,14,128,72,3,217,0,434,147,0,581,14,562,219,3,798,440,0,440,1238
01/27/2023,DAB,FL,ASO,ES,Combined TRACON& Tower with Radar,14,174,65,0,253,0,534,133,0,667,14,708,198,0,920,279,0,279,1199
01/28/2023,DAB,FL,ASO,ES,Combined TRACON& Tower with Radar,14,103,75,1,193,0,297,133,1,431,14,400,208,2,624,483,0,483,1107
01/29/2023,DAB,FL,ASO,ES,Combined TRACON& Tower with Radar,13,100,98,0,211,0,203,105,3,311,13,303,203,3,522,232,0,232,754
01/30/2023,DAB,FL,ASO,ES,Combined TRACON& Tower with Radar,15,154,62,2,233,0,507,110,0,617,15,661,172,2,850,596,0,596,1446
01/31/2023,DAB,FL,ASO,ES,Combined TRACON& Tower with Radar,16,143,51,6,216,0,510,115,0,625,16,653,166,6,841,611,0,611,1452
02/01/2023,DAB,FL,ASO,ES,Combined TRACON& Tower with Radar,14,153,33,12,212,0,551,131,6,688,14,704,164,18,900,462,0,462,1362
02/02/2023,DAB,FL,ASO,ES,Combined TRACON& Tower with Radar,13,155,48,2,218,0,566,116,2,684,13,721,164,4,902,510,0,510,1412
02/03/2023,DAB,FL,ASO,ES,Combined TRACON& Tower with Radar,19,74,59,3,155,0,13,7,0,20,19,87,66,3,175,70,0,70,245
02/04/2023,DAB,FL,ASO,ES,Combined TRACON& Tower with Radar,18,102,40,1,161,0,191,74,0,265,18,293,114,1,426,461,0,461,887
02/05/2023,DAB,FL,ASO,ES,Combined TRACON& Tower with Radar,16,108,50,2,176,0,53,18,2,73,16,161,68,4,249,412,0,412,661
02/06/2023,DAB,FL,ASO,ES,Combined TRACON& Tower with Radar,16,153,43,0,212,0,633,129,0,762,16,786,172,0,974,480,0,480,1454
02/07/2023,DAB,FL,ASO,ES,Combined TRACON& Tower with Radar,15,142,54,0,211,0,591,129,0,720,15,733,183,0,931,567,0,567,1498
02/08/2023,DAB,FL,ASO,ES,Combined TRACON& Tower with Radar,16,149,60,0,225,0,652,126,0,778,16,801,186,0,1003,572,0,572,1575
02/09/2023,DAB,FL,ASO,ES,Combined TRACON& Tower with Radar,16,122,50,0,188,0,468,98,0,566,16,590,148,0,754,255,0,255,1009
02/10/2023,DAB,FL,ASO,ES,Combined TRACON& Tower with Radar,16,96,41,3,156,0,291,85,0,376,16,387,126,3,532,267,0,267,799
02/11/2023,DAB,FL,ASO,ES,Combined TRACON& Tower with Radar,20,91,40,0,151,0,32,6,0,38,20,123,46,0,189,62,0,62,251
02/12/2023,DAB,FL,ASO,ES,Combined TRACON& Tower with Radar,16,16,38,0,70,0,27,21,2,50,16,43,59,2,120,69,0,69,189
02/13/2023,DAB,FL,ASO,ES,Combined TRACON& Tower with Radar,16,128,45,4,193,0,692,162,2,856,16,820,207,6,1049,502,0,502,1551
02/14/2023,DAB,FL,ASO,ES,Combined TRACON& Tower with Radar,16,153,61,0,230,0,628,128,0,756,16,781,189,0,986,559,0,559,1545
02/15/2023,DAB,FL,ASO,ES,Combined TRACON& Tower with Radar,16,134,73,3,226,0,533,101,1,635,16,667,174,4,861,320,0,320,1181
02/16/2023,DAB,FL,ASO,ES,Combined TRACON& Tower with Radar,18,115,91,9,233,0,547,119,5,671,18,662,210,14,904,275,0,275,1179
02/17/2023,DAB,FL,ASO,ES,Combined TRACON& Tower with Radar,16,73,78,0,167,0,207,43,4,254,16,280,121,4,421,334,0,334,755
02/18/2023,DAB,FL,ASO,ES,Combined TRACON& Tower with Radar,22,75,99,0,196,0,103,69,4,176,22,178,168,4,372,148,0,148,520
02/19/2023,DAB,FL,ASO,ES,Combined TRACON& Tower with Radar,21,98,180,0,299,0,140,103,2,245,21,238,283,2,544,36,0,36,580
02/20/2023,DAB,FL,ASO,ES,Combined TRACON& Tower with Radar,19,100,96,0,215,0,443,107,1,551,19,543,203,1,766,572,0,572,1338
02/21/2023,DAB,FL,ASO,ES,Combined TRACON& Tower with Radar,18,135,62,2,217,0,482,101,0,583,18,617,163,2,800,431,0,431,1231
02/22/2023,DAB,FL,ASO,ES,Combined TRACON& Tower with Radar,16,115,67,3,201,0,477,111,1,589,16,592,178,4,790,274,0,274,1064
02/23/2023,DAB,FL,ASO,ES,Combined TRACON& Tower with Radar,18,126,44,2,190,0,643,109,3,755,18,769,153,5,945,486,0,486,1431
02/24/2023,DAB,FL,ASO,ES,Combined TRACON& Tower with Radar,16,125,48,6,195,0,491,85,0,576,16,616,133,6,771,427,0,427,1198
02/25/2023,DAB,FL,ASO,ES,Combined TRACON& Tower with Radar,18,127,35,2,182,0,384,106,0,490,18,511,141,2,672,575,0,575,1247
02/26/2023,DAB,FL,ASO,ES,Combined TRACON& Tower with Radar,16,88,42,4,150,0,336,97,0,433,16,424,139,4,583,528,0,528,1111
02/27/2023,DAB,FL,ASO,ES,Combined TRACON& Tower with Radar,16,140,41,1,198,0,307,53,4,364,16,447,94,5,562,375,0,375,937
02/28/2023,DAB,FL,ASO,ES,Combined TRACON& Tower with Radar,16,155,77,2,250,0,226,51,0,277,16,381,128,2,527,355,0,355,882
03/01/2023,DAB,FL,ASO,ES,Combined TRACON& Tower with Radar,16,153,45,2,216,0,433,64,0,497,16,586,109,2,713,379,0,379,1092
03/02/2023,DAB,FL,ASO,ES,Combined TRACON& Tower with Radar,16,165,47,2,230,0,558,101,0,659,16,723,148,2,889,435,0,435,1324
03/03/2023,DAB,FL,ASO,ES,Combined TRACON& Tower with Radar,15,73,28,15,131,0,248,52,4,304,15,321,80,19,435,135,0,135,570
03/04/2023,DAB,FL,ASO,ES,Combined TRACON& Tower with Radar,17,95,39,0,151,0,140,43,4,187,17,235,82,4,338,414,0,414,752
03/05/2023,DAB,FL,ASO,ES,Combined TRACON& Tower with Radar,16,122,66,0,204,0,273,94,0,367,16,395,160,0,571,536,0,536,1107
03/06/2023,DAB,FL,ASO,ES,Combined TRACON& Tower with Radar,18,154,56,0,228,0,594,82,0,676,18,748,138,0,904,722,0,722,1626
03/07/2023,DAB,FL,ASO,ES,Combined TRACON& Tower with Radar,16,143,64,1,224,0,588,121,1,710,16,731,185,2,934,564,0,564,1498
03/08/2023,DAB,FL,ASO,ES,Combined TRACON& Tower with Radar,16,154,44,2,216,0,307,65,0,372,16,461,109,2,588,431,0,431,1019
03/09/2023,DAB,FL,ASO,ES,Combined TRACON& Tower with Radar,17,138,48,0,203,0,631,139,6,776,17,769,187,6,979,471,0,471,1450
03/10/2023,DAB,FL,ASO,ES,Combined TRACON& Tower with Radar,17,107,35,2,161,0,433,77,2,512,17,540,112,4,673,440,0,440,1113
03/11/2023,DAB,FL,ASO,ES,Combined TRACON& Tower with Radar,21,97,58,0,176,0,343,120,2,465,21,440,178,2,641,589,0,589,1230
03/12/2023,DAB,FL,ASO,ES,Combined TRACON& Tower with Radar,15,70,47,2,134,0,194,75,2,271,15,264,122,4,405,423,0,423,828
03/13/2023,DAB,FL,ASO,ES,Combined TRACON& Tower with Radar,19,94,36,3,152,0,29,5,2,36,19,123,41,5,188,26,0,26,214
03/14/2023,DAB,FL,ASO,ES,Combined TRACON& Tower with Radar,18,125,37,0,180,0,571,95,1,667,18,696,132,1,847,165,0,165,1012
03/15/2023,DAB,FL,ASO,ES,Combined TRACON& Tower with Radar,18,137,41,0,196,0,517,78,0,595,18,654,119,0,791,505,0,505,1296
03/16/2023,DAB,FL,ASO,ES,Combined TRACON& Tower with Radar,18,120,31,0,169,0,509,170,2,681,18,629,201,2,850,516,0,516,1366
03/17/2023,DAB,FL,ASO,ES,Combined TRACON& Tower with Radar,20,122,23,1,166,0,389,103,0,492,20,511,126,1,658,276,0,276,934
03/18/2023,DAB,FL,ASO,ES,Combined TRACON& Tower with Radar,19,46,26,0,91,0,69,50,1,120,19,115,76,1,211,84,0,84,295
03/19/2023,DAB,FL,ASO,ES,Combined TRACON& Tower with Radar,17,77,45,1,140,0,131,53,0,184,17,208,98,1,324,428,0,428,752
03/20/2023,DAB,FL,ASO,ES,Combined TRACON& Tower with Radar,21,135,45,17,218,0,523,104,4,631,21,658,149,21,849,362,30,392,1241
03/21/2023,DAB,FL,ASO,ES,Combined TRACON& Tower with Radar,18,165,45,4,232,0,299,89,1,389,18,464,134,5,621,510,0,510,1131
03/22/2023,DAB,FL,ASO,ES,Combined TRACON& Tower with Radar,19,152,45,0,216,0,481,99,0,580,19,633,144,0,796,491,0,491,1287
03/23/2023,DAB,FL,ASO,ES,Combined TRACON& Tower with Radar,19,123,44,1,187,0,666,130,3,799,19,789,174,4,986,473,0,473,1459
03/24/2023,DAB,FL,ASO,ES,Combined TRACON& Tower with Radar,19,123,39,0,181,0,632,124,0,756,19,755,163,0,937,550,0,550,1487
03/25/2023,DAB,FL,ASO,ES,Combined TRACON& Tower with Radar,19,134,32,0,185,0,186,50,0,236,19,320,82,0,421,439,0,439,860
03/26/2023,DAB,FL,ASO,ES,Combined TRACON& Tower with Radar,18,109,53,2,182,0,219,77,0,296,18,328,130,2,478,395,0,395,873
03/27/2023,DAB,FL,ASO,ES,Combined TRACON& Tower with Radar,19,147,41,21,228,0,590,97,1,688,19,737,138,22,916,582,0,582,1498
03/28/2023,DAB,FL,ASO,ES,Combined TRACON& Tower with Radar,20,118,39,2,179,0,250,50,0,300,20,368,89,2,479,367,0,367,846
03/29/2023,DAB,FL,ASO,ES,Combined TRACON& Tower with Radar,17,158,38,2,215,0,318,70,3,391,17,476,108,5,606,89,0,89,695
03/30/2023,DAB,FL,ASO,ES,Combined TRACON& Tower with Radar,19,185,37,2,243,0,656,128,1,785,19,841,165,3,1028,470,0,470,1498
03/31/2023,DAB,FL,ASO,ES,Combined TRACON& Tower with Radar,18,128,28,5,179,0,422,101,1,524,18,550,129,6,703,135,0,135,838
04/01/2023,DAB,FL,ASO,ES,Combined TRACON& Tower with Radar,16,93,22,0,131,0,264,80,0,344,16,357,102,0,475,443,0,443,918
04/02/2023,DAB,FL,ASO,ES,Combined TRACON& Tower with Radar,16,119,53,0,188,0,228,73,0,301,16,347,126,0,489,426,0,426,915
04/03/2023,DAB,FL,ASO,ES,Combined TRACON& Tower with Radar,17,159,54,0,230,0,227,46,0,273,17,386,100,0,503,265,0,265,768
04/04/2023,DAB,FL,ASO,ES,Combined TRACON& Tower with Radar,21,161,44,2,228,0,671,124,2,797,21,832,168,4,1025,514,0,514,1539
04/05/2023,DAB,FL,ASO,ES,Combined TRACON& Tower with Radar,20,154,42,2,218,0,421,86,1,508,20,575,128,3,726,382,0,382,1108
04/06/2023,DAB,FL,ASO,ES,Combined TRACON& Tower with Radar,21,177,28,1,227,0,574,123,3,700,21,751,151,4,927,533,0,533,1460
04/07/2023,DAB,FL,ASO,ES,Combined TRACON& Tower with Radar,21,178,51,0,250,0,481,102,0,583,21,659,153,0,833,743,0,743,1576
04/08/2023,DAB,FL,ASO,ES,Combined TRACON& Tower with Radar,24,89,48,0,161,0,325,75,5,405,24,414,123,5,566,531,0,531,1097
04/09/2023,DAB,FL,ASO,ES,Combined TRACON& Tower with Radar,20,40,41,0,101,0,1,2,0,3,20,41,43,0,104,6,0,6,110
04/10/2023,DAB,FL,ASO,ES,Combined TRACON& Tower with Radar,22,126,18,0,166,0,22,7,0,29,22,148,25,0,195,70,0,70,265
04/11/2023,DAB,FL,ASO,ES,Combined TRACON& Tower with Radar,17,159,35,4,215,0,199,49,2,250,17,358,84,6,465,422,0,422,887
04/12/2023,DAB,FL,ASO,ES,Combined TRACON& Tower with Radar,21,155,22,0,198,0,314,38,0,352,21,469,60,0,550,541,0,541,1091
04/13/2023,DAB,FL,ASO,ES,Combined TRACON& Tower with Radar,19,64,43,0,126,0,165,24,0,189,19,229,67,0,315,301,0,301,616
04/14/2023,DAB,FL,ASO,ES,Combined TRACON& Tower with Radar,19,126,56,2,203,0,504,88,0,592,19,630,144,2,795,448,0,448,1243
04/15/2023,DAB,FL,ASO,ES,Combined TRACON& Tower with Radar,24,91,28,0,143,0,490,127,1,618,24,581,155,1,761,70,0,70,831
04/16/2023,DAB,FL,ASO,ES,Combined TRACON& Tower with Radar,20,63,36,3,122,0,223,72,1,296,20,286,108,4,418,342,0,342,760
04/17/2023,DAB,FL,ASO,ES,Combined TRACON& Tower with Radar,20,172,39,1,232,0,422,94,2,518,20,594,133,3,750,296,0,296,1046
04/18/2023,DAB,FL,ASO,ES,Combined TRACON& Tower with Radar,17,160,42,0,219,0,718,152,0,870,17,878,194,0,1089,503,0,503,1592
04/19/2023,DAB,FL,ASO,ES,Combined TRACON& Tower with Radar,20,166,30,4,220,0,684,143,0,827,20,850,173,4,1047,545,0,545,1592
04/20/2023,DAB,FL,ASO,ES,Combined TRACON& Tower with Radar,19,174,35,4,232,0,594,131,2,727,19,768,166,6,959,593,0,593,1552
04/21/2023,DAB,FL,ASO,ES,Combined TRACON& Tower with Radar,21,132,45,0,198,0,468,111,2,581,21,600,156,2,779,624,0,624,1403
04/22/2023,DAB,FL,ASO,ES,Combined TRACON& Tower with Radar,19,87,25,1,132,0,277,68,0,345,19,364,93,1,477,552,0,552,1029
04/23/2023,DAB,FL,ASO,ES,Combined TRACON& Tower with Radar,21,73,27,0,121,0,201,92,0,293,21,274,119,0,414,288,0,288,702
04/24/2023,DAB,FL,ASO,ES,Combined TRACON& Tower with Radar,19,81,35,2,137,0,308,58,0,366,19,389,93,2,503,617,0,617,1120
04/25/2023,DAB,FL,ASO,ES,Combined TRACON& Tower with Radar,19,154,19,9,201,0,288,59,2,349,19,442,78,11,550,640,0,640,1190
04/26/2023,DAB,FL,ASO,ES,Combined TRACON& Tower with Radar,18,177,39,4,238,0,431,66,0,497,18,608,105,4,735,667,0,667,1402
04/27/2023,DAB,FL,ASO,ES,Combined TRACON& Tower with Radar,19,88,38,2,147,0,210,44,0,254,19,298,82,2,401,394,0,394,795
04/28/2023,DAB,FL,ASO,ES,Combined TRACON& Tower with Radar,20,163,44,3,230,0,448,99,0,547,20,611,143,3,777,623,0,623,1400
04/29/2023,DAB,FL,ASO,ES,Combined TRACON& Tower with Radar,23,52,38,3,116,0,248,65,0,313,23,300,103,3,429,71,0,71,500
04/30/2023,DAB,FL,ASO,ES,Combined TRACON& Tower with Radar,20,26,17,0,63,0,24,10,0,34,20,50,27,0,97,55,0,55,152
05/01/2023,DAB,FL,ASO,ES,Combined TRACON& Tower with Radar,20,100,41,0,161,0,380,116,0,496,20,480,157,0,657,321,0,321,978
05/02/2023,DAB,FL,ASO,ES,Combined TRACON& Tower with Radar,20,135,52,0,207,0,467,146,1,614,20,602,198,1,821,475,0,475,1296
05/03/2023,DAB,FL,ASO,ES,Combined TRACON& Tower with Radar,20,155,48,0,223,0,528,96,0,624,20,683,144,0,847,341,0,341,1188
05/04/2023,DAB,FL,ASO,ES,Combined TRACON& Tower with Radar,21,189,33,0,243,0,637,131,1,769,21,826,164,1,1012,511,0,511,1523
05/05/2023,DAB,FL,ASO,ES,Combined TRACON& Tower with Radar,19,126,48,2,195,0,551,120,0,671,19,677,168,2,866,654,2,656,1522
05/06/2023,DAB,FL,ASO,ES,Combined TRACON& Tower with Radar,18,96,40,3,157,0,127,27,0,154,18,223,67,3,311,347,0,347,658
05/07/2023,DAB,FL,ASO,ES,Combined TRACON& Tower with Radar,20,82,39,1,142,0,284,82,0,366,20,366,121,1,508,562,0,562,1070
05/08/2023,DAB,FL,ASO,ES,Combined TRACON& Tower with Radar,20,115,47,1,183,0,476,119,2,597,20,591,166,3,780,468,0,468,1248
05/09/2023,DAB,FL,ASO,ES,Combined TRACON& Tower with Radar,16,150,37,2,205,0,556,134,2,692,16,706,171,4,897,616,0,616,1513
05/10/2023,DAB,FL,ASO,ES,Combined TRACON& Tower with Radar,18,102,36,2,158,0,340,73,1,414,18,442,109,3,572,414,0,414,986
05/11/2023,DAB,FL,ASO,ES,Combined TRACON& Tower with Radar,18,199,56,0,273,0,314,60,0,374,18,513,116,0,647,554,0,554,1201
05/12/2023,DAB,FL,ASO,ES,Combined TRACON& Tower with Radar,18,114,35,4,171,0,326,82,3,411,18,440,117,7,582,739,0,739,1321
05/13/2023,DAB,FL,ASO,ES,Combined TRACON& Tower with Radar,18,84,21,5,128,0,227,77,1,305,18,311,98,6,433,377,0,377,810
05/14/2023,DAB,FL,ASO,ES,Combined TRACON& Tower with Radar,18,70,24,0,112,0,213,53,0,266,18,283,77,0,378,523,0,523,901
05/15/2023,DAB,FL,ASO,ES,Combined TRACON& Tower with Radar,18,128,38,0,184,0,409,120,0,529,18,537,158,0,713,542,0,542,1255
05/16/2023,DAB,FL,ASO,ES,Combined TRACON& Tower with Radar,16,130,36,0,182,0,526,85,0,611,16,656,121,0,793,738,0,738,1531
05/17/2023,DAB,FL,ASO,ES,Combined TRACON& Tower with Radar,18,94,25,1,138,0,385,79,1,465,18,479,104,2,603,460,0,460,1063
05/18/2023,DAB,FL,ASO,ES,Combined TRACON& Tower with Radar,18,90,52,0,160,0,401,70,0,471,18,491,122,0,631,530,0,530,1161
05/19/2023,DAB,FL,ASO,ES,Combined TRACON& Tower with Radar,18,159,47,0,224,0,110,50,0,160,18,269,97,0,384,433,0,433,817
05/20/2023,DAB,FL,ASO,ES,Combined TRACON& Tower with Radar,18,199,53,0,270,0,107,44,0,151,18,306,97,0,421,495,0,495,916
05/21/2023,DAB,FL,ASO,ES,Combined TRACON& Tower with Radar,18,97,31,0,146,0,161,35,0,196,18,258,66,0,342,441,0,441,783
05/22/2023,DAB,FL,ASO,ES,Combined TRACON& Tower with Radar,18,73,20,0,111,0,125,17,0,142,18,198,37,0,253,204,0,204,457
05/23/2023,DAB,FL,ASO,ES,Combined TRACON& Tower with Radar,16,153,57,6,232,0,155,37,0,192,16,308,94,6,424,451,0,451,875
05/24/2023,DAB,FL,ASO,ES,Combined TRACON& Tower with Radar,18,147,35,2,202,0,48,16,0,64,18,195,51,2,266,137,0,137,403
05/25/2023,DAB,FL,ASO,ES,Combined TRACON& Tower with Radar,20,184,54,1,259,0,237,47,0,284,20,421,101,1,543,396,0,396,939
05/26/2023,DAB,FL,ASO,ES,Combined TRACON& Tower with Radar,17,87,41,6,151,0,49,2,0,51,17,136,43,6,202,151,0,151,353
05/27/2023,DAB,FL,ASO,ES,Combined TRACON& Tower with Radar,19,95,35,3,152,0,313,51,1,365,19,408,86,4,517,118,0,118,635
05/28/2023,DAB,FL,ASO,ES,Combined TRACON& Tower with Radar,16,66,29,1,112,0,351,87,0,438,16,417,116,1,550,483,0,483,1033
05/29/2023,DAB,FL,ASO,ES,Combined TRACON& Tower with Radar,20,91,30,1,142,0,310,82,2,394,20,401,112,3,536,606,0,606,1142
05/30/2023,DAB,FL,ASO,ES,Combined TRACON& Tower with Radar,16,158,44,1,219,0,576,109,1,686,16,734,153,2,905,582,0,582,1487
05/31/2023,DAB,FL,ASO,ES,Combined TRACON& Tower with Radar,18,157,53,1,229,0,485,95,0,580,18,642,148,1,809,634,0,634,1443
06/01/2023,DAB,FL,ASO,ES,Combined TRACON& Tower with Radar,18,182,39,0,239,0,364,72,0,436,18,546,111,0,675,547,0,547,1222
06/02/2023,DAB,FL,ASO,ES,Combined TRACON& Tower with Radar,18,231,72,0,321,0,185,40,0,225,18,416,112,0,546,510,0,510,1056
06/03/2023,DAB,FL,ASO,ES,Combined TRACON& Tower with Radar,18,170,29,0,217,0,80,17,0,97,18,250,46,0,314,312,0,312,626
06/04/2023,DAB,FL,ASO,ES,Combined TRACON& Tower with Radar,18,65,27,2,112,0,66,34,0,100,18,131,61,2,212,91,0,91,303
06/05/2023,DAB,FL,ASO,ES,Combined TRACON& Tower with Radar,17,171,30,0,218,0,364,45,0,409,17,535,75,0,627,534,0,534,1161
06/06/2023,DAB,FL,ASO,ES,Combined TRACON& Tower with Radar,14,134,36,1,185,0,639,143,0,782,14,773,179,1,967,474,0,474,1441
06/07/2023,DAB,FL,ASO,ES,Combined TRACON& Tower with Radar,13,76,31,4,124,0,361,65,4,430,13,437,96,8,554,338,0,338,892
06/08/2023,DAB,FL,ASO,ES,Combined TRACON& Tower with Radar,17,151,26,1,195,0,426,71,1,498,17,577,97,2,693,131,0,131,824
06/09/2023,DAB,FL,ASO,ES,Combined TRACON& Tower with Radar,14,114,29,1,158,0,418,50,0,468,14,532,79,1,626,410,0,410,1036
06/10/2023,DAB,FL,ASO,ES,Combined TRACON& Tower with Radar,17,68,36,0,121,0,248,62,0,310,17,316,98,0,431,606,0,606,1037
06/11/2023,DAB,FL,ASO,ES,Combined TRACON& Tower with Radar,17,58,32,1,108,0,151,32,0,183,17,209,64,1,291,507,0,507,798
06/12/2023,DAB,FL,ASO,ES,Combined TRACON& Tower with Radar,15,142,34,2,193,0,499,83,0,582,15,641,117,2,775,675,0,675,1450
06/13/2023,DAB,FL,ASO,ES,Combined TRACON& Tower with Radar,15,135,38,9,197,0,539,103,0,642,15,674,141,9,839,557,0,557,1396
06/14/2023,DAB,FL,ASO,ES,Combined TRACON& Tower with Radar,13,144,32,5,194,0,408,60,1,469,13,552,92,6,663,497,0,497,1160
06/15/2023,DAB,FL,ASO,ES,Combined TRACON& Tower with Radar,15,62,27,1,105,0,312,79,0,391,15,374,106,1,496,380,0,380,876
06/16/2023,DAB,FL,ASO,ES,Combined TRACON& Tower with Radar,16,74,24,0,114,0,169,27,1,197,16,243,51,1,311,187,0,187,498
06/17/2023,DAB,FL,ASO,ES,Combined TRACON& Tower with Radar,18,74,22,0,114,0,189,31,0,220,18,263,53,0,334,292,0,292,626
06/18/2023,DAB,FL,ASO,ES,Combined TRACON& Tower with Radar,16,43,25,0,84,0,143,51,2,196,16,186,76,2,280,574,0,574,854
06/19/2023,DAB,FL,ASO,ES,Combined TRACON& Tower with Radar,20,79,28,0,127,0,370,59,0,429,20,449,87,0,556,449,0,449,1005
06/20/2023,DAB,FL,ASO,ES,Combined TRACON& Tower with Radar,15,58,15,0,88,0,129,19,0,148,15,187,34,0,236,318,0,318,554
06/21/2023,DAB,FL,ASO,ES,Combined TRACON& Tower with Radar,15,83,34,0,132,0,229,60,2,291,15,312,94,2,423,277,0,277,700
06/22/2023,DAB,FL,ASO,ES,Combined TRACON& Tower with Radar,19,68,22,0,109,0,393,67,0,460,19,461,89,0,569,340,0,340,909
06/23/2023,DAB,FL,ASO,ES,Combined TRACON& Tower with Radar,20,78,29,0,127,0,194,38,0,232,20,272,67,0,359,300,0,300,659
06/24/2023,DAB,FL,ASO,ES,Combined TRACON& Tower with Radar,19,68,29,0,116,0,258,68,1,327,19,326,97,1,443,393,0,393,836
06/25/2023,DAB,FL,ASO,ES,Combined TRACON& Tower with Radar,17,68,28,0,113,0,270,103,0,373,17,338,131,0,486,386,0,386,872
06/26/2023,DAB,FL,ASO,ES,Combined TRACON& Tower with Radar,18,123,41,0,182,0,590,115,1,706,18,713,156,1,888,415,0,415,1303
06/27/2023,DAB,FL,ASO,ES,Combined TRACON& Tower with Radar,14,164,34,6,218,0,456,92,2,550,14,620,126,8,768,485,0,485,1253
06/28/2023,DAB,FL,ASO,ES,Combined TRACON& Tower with Radar,12,192,59,0,263,0,276,59,3,338,12,468,118,3,601,268,0,268,869
06/29/2023,DAB,FL,ASO,ES,Combined TRACON& Tower with Radar,18,165,25,0,208,0,607,107,0,714,18,772,132,0,922,486,0,486,1408
06/30/2023,DAB,FL,ASO,ES,Combined TRACON& Tower with Radar,19,149,61,0,229,0,462,94,0,556,19,611,155,0,785,686,0,686,1471
07/01/2023,DAB,FL,ASO,ES,Combined TRACON& Tower with Radar,16,82,36,5,139,0,243,65,0,308,16,325,101,5,447,388,0,388,835
07/02/2023,DAB,FL,ASO,ES,Combined TRACON& Tower with Radar,17,70,16,1,104,0,197,68,0,265,17,267,84,1,369,397,0,397,766
07/03/2023,DAB,FL,ASO,ES,Combined TRACON& Tower with Radar,19,88,37,0,144,0,397,81,0,478,19,485,118,0,622,691,0,691,1313
07/04/2023,DAB,FL,ASO,ES,Combined TRACON& Tower with Radar,10,46,12,0,68,0,93,50,0,143,10,139,62,0,211,467,0,467,678
07/05/2023,DAB,FL,ASO,ES,Combined TRACON& Tower with Radar,11,95,20,0,126,0,352,52,1,405,11,447,72,1,531,471,0,471,1002
07/06/2023,DAB,FL,ASO,ES,Combined TRACON& Tower with Radar,18,90,27,0,135,0,310,67,2,379,18,400,94,2,514,360,0,360,874
07/07/2023,DAB,FL,ASO,ES,Combined TRACON& Tower with Radar,20,48,37,0,105,0,242,72,0,314,20,290,109,0,419,330,0,330,749
07/08/2023,DAB,FL,ASO,ES,Combined TRACON& Tower with Radar,15,73,22,0,110,0,177,41,0,218,15,250,63,0,328,308,0,308,636
07/09/2023,DAB,FL,ASO,ES,Combined TRACON& Tower with Radar,17,64,26,5,112,0,133,71,1,205,17,197,97,6,317,310,0,310,627
07/10/2023,DAB,FL,ASO,ES,Combined TRACON& Tower with Radar,21,110,19,2,152,0,304,49,0,353,21,414,68,2,505,286,0,286,791
07/11/2023,DAB,FL,ASO,ES,Combined TRACON& Tower with Radar,14,106,29,4,153,0,230,42,0,272,14,336,71,4,425,350,0,350,775
07/12/2023,DAB,FL,ASO,ES,Combined TRACON& Tower with Radar,14,184,29,0,227,0,422,79,0,501,14,606,108,0,728,509,0,509,1237
07/13/2023,DAB,FL,ASO,ES,Combined TRACON& Tower with Radar,18,137,41,0,196,0,444,67,0,511,18,581,108,0,707,437,0,437,1144
07/14/2023,DAB,FL,ASO,ES,Combined TRACON& Tower with Radar,18,89,31,7,145,0,361,71,0,432,18,450,102,7,577,356,0,356,933
07/15/2023,DAB,FL,ASO,ES,Combined TRACON& Tower with Radar,15,105,30,0,150,0,261,66,0,327,15,366,96,0,477,358,0,358,835
07/16/2023,DAB,FL,ASO,ES,Combined TRACON& Tower with Radar,18,58,28,0,104,0,122,26,0,148,18,180,54,0,252,235,0,235,487
07/17/2023,DAB,FL,ASO,ES,Combined TRACON& Tower with Radar,19,83,45,0,147,0,263,54,0,317,19,346,99,0,464,540,0,540,1004
07/18/2023,DAB,FL,ASO,ES,Combined TRACON& Tower with Radar,14,124,39,0,177,0,390,70,0,460,14,514,109,0,637,463,0,463,1100
07/19/2023,DAB,FL,ASO,ES,Combined TRACON& Tower with Radar,14,151,39,4,208,0,564,68,0,632,14,715,107,4,840,293,0,293,1133
07/20/2023,DAB,FL,ASO,ES,Combined TRACON& Tower with Radar,22,159,40,5,226,0,578,108,0,686,22,737,148,5,912,413,0,413,1325
07/21/2023,DAB,FL,ASO,ES,Combined TRACON& Tower with Radar,18,102,50,0,170,0,503,89,0,592,18,605,139,0,762,437,0,437,1199
07/22/2023,DAB,FL,ASO,ES,Combined TRACON& Tower with Radar,14,43,29,0,86,0,167,54,0,221,14,210,83,0,307,311,0,311,618
07/23/2023,DAB,FL,ASO,ES,Combined TRACON& Tower with Radar,15,36,35,0,86,0,98,36,0,134,15,134,71,0,220,228,0,228,448
07/24/2023,DAB,FL,ASO,ES,Combined TRACON& Tower with Radar,19,109,33,0,161,0,370,43,0,413,19,479,76,0,574,523,0,523,1097
07/25/2023,DAB,FL,ASO,ES,Combined TRACON& Tower with Radar,14,107,30,3,154,0,395,51,2,448,14,502,81,5,602,593,0,593,1195
07/26/2023,DAB,FL,ASO,ES,Combined TRACON& Tower with Radar,14,153,56,0,223,0,530,80,2,612,14,683,136,2,835,601,0,601,1436
07/27/2023,DAB,FL,ASO,ES,Combined TRACON& Tower with Radar,18,165,45,0,228,0,261,40,0,301,18,426,85,0,529,345,0,345,874
07/28/2023,DAB,FL,ASO,ES,Combined TRACON& Tower with Radar,16,149,42,4,211,0,222,53,0,275,16,371,95,4,486,265,0,265,751
07/29/2023,DAB,FL,ASO,ES,Combined TRACON& Tower with Radar,16,67,26,0,109,0,256,56,0,312,16,323,82,0,421,495,0,495,916
07/30/2023,DAB,FL,ASO,ES,Combined TRACON& Tower with Radar,18,41,27,0,86,0,167,37,0,204,18,208,64,0,290,276,0,276,566
07/31/2023,DAB,FL,ASO,ES,Combined TRACON& Tower with Radar,18,92,39,0,149,0,422,66,0,488,18,514,105,0,637,447,0,447,1084
08/01/2023,DAB,FL,ASO,ES,Combined TRACON& Tower with Radar,14,131,27,1,173,0,500,90,1,591,14,631,117,2,764,614,2,616,1380
08/02/2023,DAB,FL,ASO,ES,Combined TRACON& Tower with Radar,15,143,32,0,190,0,458,99,0,557,15,601,131,0,747,500,0,500,1247
08/03/2023,DAB,FL,ASO,ES,Combined TRACON& Tower with Radar,17,188,43,0,248,0,578,108,0,686,17,766,151,0,934,500,0,500,1434
08/04/2023,DAB,FL,ASO,ES,Combined TRACON& Tower with Radar,20,87,22,1,130,0,385,83,0,468,20,472,105,1,598,482,0,482,1080
08/05/2023,DAB,FL,ASO,ES,Combined TRACON& Tower with Radar,18,63,22,1,104,0,214,63,0,277,18,277,85,1,381,532,0,532,913
08/06/2023,DAB,FL,ASO,ES,Combined TRACON& Tower with Radar,15,58,36,0,109,0,125,54,0,179,15,183,90,0,288,329,0,329,617
08/07/2023,DAB,FL,ASO,ES,Combined TRACON& Tower with Radar,15,133,27,2,177,0,514,77,0,591,15,647,104,2,768,424,0,424,1192
08/08/2023,DAB,FL,ASO,ES,Combined TRACON& Tower with Radar,16,100,34,0,150,0,406,74,0,480,16,506,108,0,630,535,0,535,1165
08/09/2023,DAB,FL,ASO,ES,Combined TRACON& Tower with Radar,17,109,29,4,159,0,379,59,4,442,17,488,88,8,601,449,0,449,1050
08/10/2023,DAB,FL,ASO,ES,Combined TRACON& Tower with Radar,17,144,35,0,196,0,517,81,0,598,17,661,116,0,794,491,0,491,1285
08/11/2023,DAB,FL,ASO,ES,Combined TRACON& Tower with Radar,18,124,32,17,191,0,394,87,1,482,18,518,119,18,673,383,2,385,1058
08/12/2023,DAB,FL,ASO,ES,Combined TRACON& Tower with Radar,15,107,23,0,145,0,230,72,0,302,15,337,95,0,447,380,0,380,827
08/13/2023,DAB,FL,ASO,ES,Combined TRACON& Tower with Radar,19,71,30,0,120,0,189,71,0,260,19,260,101,0,380,556,0,556,936
08/14/2023,DAB,FL,ASO,ES,Combined TRACON& Tower with Radar,20,102,23,0,145,0,264,65,0,329,20,366,88,0,474,445,0,445,919
08/15/2023,DAB,FL,ASO,ES,Combined TRACON& Tower with Radar,14,106,29,0,149,0,324,69,0,393,14,430,98,0,542,442,0,442,984
08/16/2023,DAB,FL,ASO,ES,Combined TRACON& Tower with Radar,14,83,30,0,127,0,300,54,0,354,14,383,84,0,481,302,0,302,783
08/17/2023,DAB,FL,ASO,ES,Combined TRACON& Tower with Radar,16,109,28,0,153,0,196,44,0,240,16,305,72,0,393,365,0,365,758
08/18/2023,DAB,FL,ASO,ES,Combined TRACON& Tower with Radar,15,86,38,0,139,0,178,47,0,225,15,264,85,0,364,346,0,346,710
08/19/2023,DAB,FL,ASO,ES,Combined TRACON& Tower with Radar,15,95,26,2,138,0,250,91,0,341,15,345,117,2,479,439,0,439,918
08/20/2023,DAB,FL,ASO,ES,Combined TRACON& Tower with Radar,16,93,31,0,140,0,94,38,0,132,16,187,69,0,272,388,0,388,660
08/21/2023,DAB,FL,ASO,ES,Combined TRACON& Tower with Radar,16,164,28,0,208,0,422,105,1,528,16,586,133,1,736,512,0,512,1248
08/22/2023,DAB,FL,ASO,ES,Combined TRACON& Tower with Radar,13,145,37,0,195,0,425,93,0,518,13,570,130,0,713,518,0,518,1231
08/23/2023,DAB,FL,ASO,ES,Combined TRACON& Tower with Radar,15,152,46,0,213,0,379,87,0,466,15,531,133,0,679,586,0,586,1265
08/24/2023,DAB,FL,ASO,ES,Combined TRACON& Tower with Radar,16,142,46,4,208,0,343,89,1,433,16,485,135,5,641,581,0,581,1222
08/25/2023,DAB,FL,ASO,ES,Combined TRACON& Tower with Radar,16,97,64,2,179,0,310,98,3,411,16,407,162,5,590,460,0,460,1050
08/26/2023,DAB,FL,ASO,ES,Combined TRACON& Tower with Radar,15,78,61,0,154,0,199,95,0,294,15,277,156,0,448,214,0,214,662
08/27/2023,DAB,FL,ASO,ES,Combined TRACON& Tower with Radar,14,61,75,0,150,0,92,75,2,169,14,153,150,2,319,312,0,312,631
08/28/2023,DAB,FL,ASO,ES,Combined TRACON& Tower with Radar,17,99,46,0,162,0,251,65,2,318,17,350,111,2,480,491,0,491,971
08/29/2023,DAB,FL,ASO,ES,Combined TRACON& Tower with Radar,16,48,27,2,93,0,251,42,0,293,16,299,69,2,386,347,0,347,733
08/30/2023,DAB,FL,ASO,ES,Combined TRACON& Tower with Radar,12,10,0,0,22,0,1,2,0,3,12,11,2,0,25,0,0,0,25
08/31/2023,DAB,FL,ASO,ES,Combined TRACON& Tower with Radar,18,104,34,0,156,0,265,47,0,312,18,369,81,0,468,636,0,636,1104
