01/01/2020,DAL,TX,ASW,CE,Towers with Radar,408,65,76,0,549,0,2,8,2,12,408,67,84,2,561,0,0,0,561
01/02/2020,DAL,TX,ASW,CE,Towers with Radar,429,89,100,0,618,0,5,15,1,21,429,94,115,1,639,0,0,0,639
01/03/2020,DAL,TX,ASW,CE,Towers with Radar,428,113,110,5,656,0,3,10,0,13,428,116,120,5,669,0,0,0,669
01/04/2020,DAL,TX,ASW,CE,Towers with Radar,327,97,107,0,531,0,4,16,0,20,327,101,123,0,551,0,0,0,551
01/05/2020,DAL,TX,ASW,CE,Towers with Radar,426,94,86,7,613,0,9,17,0,26,426,103,103,7,639,0,0,0,639
01/06/2020,DAL,TX,ASW,CE,Towers with Radar,419,75,111,0,605,0,6,16,4,26,419,81,127,4,631,0,0,0,631
01/07/2020,DAL,TX,ASW,CE,Towers with Radar,418,84,103,3,608,0,9,15,0,24,418,93,118,3,632,0,0,0,632
01/08/2020,DAL,TX,ASW,CE,Towers with Radar,431,83,170,5,689,0,2,16,2,20,431,85,186,7,709,0,0,0,709
01/09/2020,DAL,TX,ASW,CE,Towers with Radar,434,97,194,0,725,0,0,9,0,9,434,97,203,0,734,0,0,0,734
01/10/2020,DAL,TX,ASW,CE,Towers with Radar,285,71,91,0,447,0,0,0,0,0,285,71,91,0,447,0,0,0,447
01/11/2020,DAL,TX,ASW,CE,Towers with Radar,320,61,102,0,483,0,4,3,0,7,320,65,105,0,490,0,0,0,490
01/12/2020,DAL,TX,ASW,CE,Towers with Radar,432,88,112,2,634,0,1,7,2,10,432,89,119,4,644,0,0,0,644
01/13/2020,DAL,TX,ASW,CE,Towers with Radar,419,68,102,0,589,0,0,0,0,0,419,68,102,0,589,0,0,0,589
01/14/2020,DAL,TX,ASW,CE,Towers with Radar,393,85,131,2,611,0,0,6,0,6,393,85,137,2,617,0,0,0,617
01/15/2020,DAL,TX,ASW,CE,Towers with Radar,424,105,135,0,664,0,3,5,0,8,424,108,140,0,672,0,0,0,672
01/16/2020,DAL,TX,ASW,CE,Towers with Radar,418,101,126,0,645,0,1,0,0,1,418,102,126,0,646,0,0,0,646
01/17/2020,DAL,TX,ASW,CE,Towers with Radar,421,102,109,0,632,0,0,0,0,0,421,102,109,0,632,0,0,0,632
01/18/2020,DAL,TX,ASW,CE,Towers with Radar,323,59,65,4,451,0,1,17,0,18,323,60,82,4,469,0,0,0,469
01/19/2020,DAL,TX,ASW,CE,Towers with Radar,418,73,92,0,583,0,5,13,0,18,418,78,105,0,601,0,0,0,601
01/20/2020,DAL,TX,ASW,CE,Towers with Radar,413,104,128,0,645,0,2,13,1,16,413,106,141,1,661,0,0,0,661
01/21/2020,DAL,TX,ASW,CE,Towers with Radar,421,81,144,0,646,0,4,15,0,19,421,85,159,0,665,0,0,0,665
01/22/2020,DAL,TX,ASW,CE,Towers with Radar,422,79,149,0,650,0,0,0,0,0,422,79,149,0,650,0,0,0,650
01/23/2020,DAL,TX,ASW,CE,Towers with Radar,419,88,145,2,654,0,3,16,0,19,419,91,161,2,673,0,0,0,673
01/24/2020,DAL,TX,ASW,CE,Towers with Radar,414,82,121,1,618,0,6,15,0,21,414,88,136,1,639,0,0,0,639
01/25/2020,DAL,TX,ASW,CE,Towers with Radar,316,39,54,0,409,0,2,7,0,9,316,41,61,0,418,0,0,0,418
01/26/2020,DAL,TX,ASW,CE,Towers with Radar,428,68,133,2,631,0,0,7,0,7,428,68,140,2,638,0,0,0,638
01/27/2020,DAL,TX,ASW,CE,Towers with Radar,364,76,143,1,584,0,4,5,0,9,364,80,148,1,593,0,0,0,593
01/28/2020,DAL,TX,ASW,CE,Towers with Radar,419,78,133,7,637,0,0,3,0,3,419,78,136,7,640,0,0,0,640
01/29/2020,DAL,TX,ASW,CE,Towers with Radar,427,104,163,2,696,0,4,4,0,8,427,108,167,2,704,0,0,0,704
01/30/2020,DAL,TX,ASW,CE,Towers with Radar,429,75,150,0,654,0,0,7,0,7,429,75,157,0,661,0,0,0,661
01/31/2020,DAL,TX,ASW,CE,Towers with Radar,430,75,113,7,625,0,2,8,6,16,430,77,121,13,641,0,0,0,641
02/01/2020,DAL,TX,ASW,CE,Towers with Radar,319,56,51,3,429,0,10,30,1,41,319,66,81,4,470,0,0,0,470
02/02/2020,DAL,TX,ASW,CE,Towers with Radar,414,57,68,4,543,0,5,16,1,22,414,62,84,5,565,0,0,0,565
02/03/2020,DAL,TX,ASW,CE,Towers with Radar,425,90,147,0,662,0,5,9,3,17,425,95,156,3,679,0,0,0,679
02/04/2020,DAL,TX,ASW,CE,Towers with Radar,404,92,159,0,655,0,0,1,0,1,404,92,160,0,656,0,0,0,656
02/05/2020,DAL,TX,ASW,CE,Towers with Radar,390,88,104,0,582,0,0,1,0,1,390,88,105,0,583,0,0,0,583
02/06/2020,DAL,TX,ASW,CE,Towers with Radar,421,89,140,3,653,0,5,9,0,14,421,94,149,3,667,0,0,0,667
02/07/2020,DAL,TX,ASW,CE,Towers with Radar,426,97,132,3,658,0,1,24,5,30,426,98,156,8,688,0,0,0,688
02/08/2020,DAL,TX,ASW,CE,Towers with Radar,318,55,57,0,430,0,4,11,4,19,318,59,68,4,449,0,0,0,449
02/09/2020,DAL,TX,ASW,CE,Towers with Radar,415,69,121,1,606,0,1,0,0,1,415,70,121,1,607,0,0,0,607
02/10/2020,DAL,TX,ASW,CE,Towers with Radar,422,77,118,0,617,0,0,0,0,0,422,77,118,0,617,0,0,0,617
02/11/2020,DAL,TX,ASW,CE,Towers with Radar,428,63,125,4,620,0,0,0,0,0,428,63,125,4,620,0,0,0,620
02/12/2020,DAL,TX,ASW,CE,Towers with Radar,427,105,175,3,710,0,1,4,2,7,427,106,179,5,717,0,0,0,717
02/13/2020,DAL,TX,ASW,CE,Towers with Radar,420,107,222,2,751,0,4,22,0,26,420,111,244,2,777,0,0,0,777
02/14/2020,DAL,TX,ASW,CE,Towers with Radar,430,93,153,0,676,0,5,27,1,33,430,98,180,1,709,0,0,0,709
02/15/2020,DAL,TX,ASW,CE,Towers with Radar,321,74,64,2,461,0,4,21,1,26,321,78,85,3,487,0,0,0,487
02/16/2020,DAL,TX,ASW,CE,Towers with Radar,412,55,101,0,568,0,1,12,3,16,412,56,113,3,584,0,0,0,584
02/17/2020,DAL,TX,ASW,CE,Towers with Radar,431,107,169,0,707,0,5,8,1,14,431,112,177,1,721,0,0,0,721
02/18/2020,DAL,TX,ASW,CE,Towers with Radar,432,103,147,3,685,0,2,10,0,12,432,105,157,3,697,0,0,0,697
02/19/2020,DAL,TX,ASW,CE,Towers with Radar,426,113,152,3,694,0,0,7,0,7,426,113,159,3,701,0,0,0,701
02/20/2020,DAL,TX,ASW,CE,Towers with Radar,427,121,150,4,702,0,10,7,0,17,427,131,157,4,719,0,0,0,719
02/21/2020,DAL,TX,ASW,CE,Towers with Radar,423,98,150,9,680,0,4,33,0,37,423,102,183,9,717,0,0,0,717
02/22/2020,DAL,TX,ASW,CE,Towers with Radar,323,64,80,1,468,0,3,11,3,17,323,67,91,4,485,0,0,0,485
02/23/2020,DAL,TX,ASW,CE,Towers with Radar,427,67,129,6,629,0,1,0,2,3,427,68,129,8,632,0,0,0,632
02/24/2020,DAL,TX,ASW,CE,Towers with Radar,423,78,132,2,635,0,6,15,2,23,423,84,147,4,658,0,0,0,658
02/25/2020,DAL,TX,ASW,CE,Towers with Radar,423,84,164,5,676,0,3,8,0,11,423,87,172,5,687,0,0,0,687
02/26/2020,DAL,TX,ASW,CE,Towers with Radar,423,73,165,2,663,0,1,14,0,15,423,74,179,2,678,0,0,0,678
02/27/2020,DAL,TX,ASW,CE,Towers with Radar,424,74,173,1,672,0,7,19,0,26,424,81,192,1,698,0,0,0,698
02/28/2020,DAL,TX,ASW,CE,Towers with Radar,427,78,127,0,632,0,9,32,0,41,427,87,159,0,673,0,0,0,673
02/29/2020,DAL,TX,ASW,CE,Towers with Radar,321,61,78,0,460,0,9,14,0,23,321,70,92,0,483,0,0,0,483
03/01/2020,DAL,TX,ASW,CE,Towers with Radar,428,80,150,0,658,0,3,5,0,8,428,83,155,0,666,0,0,0,666
03/02/2020,DAL,TX,ASW,CE,Towers with Radar,438,82,135,0,655,0,2,4,0,6,438,84,139,0,661,0,0,0,661
03/03/2020,DAL,TX,ASW,CE,Towers with Radar,428,100,152,1,681,0,4,13,0,17,428,104,165,1,698,0,0,0,698
03/04/2020,DAL,TX,ASW,CE,Towers with Radar,396,80,134,1,611,0,2,0,0,2,396,82,134,1,613,0,0,0,613
03/05/2020,DAL,TX,ASW,CE,Towers with Radar,431,74,180,2,687,0,4,24,2,30,431,78,204,4,717,0,0,0,717
03/06/2020,DAL,TX,ASW,CE,Towers with Radar,432,91,129,1,653,0,4,37,2,43,432,95,166,3,696,0,0,0,696
03/07/2020,DAL,TX,ASW,CE,Towers with Radar,373,75,86,0,534,0,4,12,0,16,373,79,98,0,550,0,0,0,550
03/08/2020,DAL,TX,ASW,CE,Towers with Radar,418,78,122,0,618,0,2,9,2,13,418,80,131,2,631,0,0,0,631
03/09/2020,DAL,TX,ASW,CE,Towers with Radar,427,64,119,0,610,0,1,0,0,1,427,65,119,0,611,0,0,0,611
03/10/2020,DAL,TX,ASW,CE,Towers with Radar,421,108,134,1,664,0,4,11,1,16,421,112,145,2,680,0,0,0,680
03/11/2020,DAL,TX,ASW,CE,Towers with Radar,414,78,102,1,595,0,2,8,0,10,414,80,110,1,605,0,0,0,605
03/12/2020,DAL,TX,ASW,CE,Towers with Radar,424,114,140,1,679,0,4,13,0,17,424,118,153,1,696,0,0,0,696
03/13/2020,DAL,TX,ASW,CE,Towers with Radar,404,110,145,1,660,0,1,0,0,1,404,111,145,1,661,0,0,0,661
03/14/2020,DAL,TX,ASW,CE,Towers with Radar,357,89,91,3,540,0,0,1,0,1,357,89,92,3,541,0,0,0,541
03/15/2020,DAL,TX,ASW,CE,Towers with Radar,394,64,82,1,541,0,0,0,0,0,394,64,82,1,541,0,0,0,541
03/16/2020,DAL,TX,ASW,CE,Towers with Radar,428,71,109,0,608,0,0,3,0,3,428,71,112,0,611,0,0,0,611
03/17/2020,DAL,TX,ASW,CE,Towers with Radar,309,85,76,2,472,0,0,1,0,1,309,85,77,2,473,0,0,0,473
03/18/2020,DAL,TX,ASW,CE,Towers with Radar,341,65,57,2,465,0,0,6,0,6,341,65,63,2,471,0,0,0,471
03/19/2020,DAL,TX,ASW,CE,Towers with Radar,307,50,38,2,397,0,0,2,0,2,307,50,40,2,399,0,0,0,399
03/20/2020,DAL,TX,ASW,CE,Towers with Radar,353,78,64,0,495,0,1,9,0,10,353,79,73,0,505,0,0,0,505
03/21/2020,DAL,TX,ASW,CE,Towers with Radar,324,81,57,0,462,0,1,4,0,5,324,82,61,0,467,0,0,0,467
03/22/2020,DAL,TX,ASW,CE,Towers with Radar,319,47,44,0,410,0,0,0,0,0,319,47,44,0,410,0,0,0,410
03/23/2020,DAL,TX,ASW,CE,Towers with Radar,293,50,40,0,383,0,0,0,0,0,293,50,40,0,383,0,0,0,383
03/24/2020,DAL,TX,ASW,CE,Towers with Radar,335,64,30,1,430,0,1,3,0,4,335,65,33,1,434,0,0,0,434
03/25/2020,DAL,TX,ASW,CE,Towers with Radar,338,61,35,0,434,0,0,18,2,20,338,61,53,2,454,0,0,0,454
03/26/2020,DAL,TX,ASW,CE,Towers with Radar,326,53,20,0,399,0,10,20,2,32,326,63,40,2,431,0,0,0,431
03/27/2020,DAL,TX,ASW,CE,Towers with Radar,255,40,31,0,326,0,1,4,0,5,255,41,35,0,331,0,0,0,331
03/28/2020,DAL,TX,ASW,CE,Towers with Radar,180,37,11,0,228,0,3,4,0,7,180,40,15,0,235,0,0,0,235
03/29/2020,DAL,TX,ASW,CE,Towers with Radar,239,39,16,0,294,0,2,9,0,11,239,41,25,0,305,0,0,0,305
03/30/2020,DAL,TX,ASW,CE,Towers with Radar,234,38,18,0,290,0,1,2,0,3,234,39,20,0,293,0,0,0,293
03/31/2020,DAL,TX,ASW,CE,Towers with Radar,226,37,20,2,285,0,0,5,0,5,226,37,25,2,290,0,0,0,290
04/01/2020,DAL,TX,ASW,CE,Towers with Radar,217,25,31,2,275,0,6,26,0,32,217,31,57,2,307,0,0,0,307
04/02/2020,DAL,TX,ASW,CE,Towers with Radar,200,37,26,0,263,0,0,0,0,0,200,37,26,0,263,0,0,0,263
04/03/2020,DAL,TX,ASW,CE,Towers with Radar,224,44,25,0,293,0,0,3,0,3,224,44,28,0,296,0,0,0,296
04/04/2020,DAL,TX,ASW,CE,Towers with Radar,185,32,18,0,235,0,0,0,0,0,185,32,18,0,235,0,0,0,235
04/05/2020,DAL,TX,ASW,CE,Towers with Radar,186,31,13,2,232,0,2,4,0,6,186,33,17,2,238,0,0,0,238
04/06/2020,DAL,TX,ASW,CE,Towers with Radar,195,12,27,0,234,0,2,9,1,12,195,14,36,1,246,0,0,0,246
04/07/2020,DAL,TX,ASW,CE,Towers with Radar,195,28,33,0,256,0,2,7,0,9,195,30,40,0,265,0,0,0,265
04/08/2020,DAL,TX,ASW,CE,Towers with Radar,193,43,37,0,273,0,6,13,0,19,193,49,50,0,292,0,0,0,292
04/09/2020,DAL,TX,ASW,CE,Towers with Radar,190,29,22,0,241,0,6,10,1,17,190,35,32,1,258,0,0,0,258
04/10/2020,DAL,TX,ASW,CE,Towers with Radar,185,31,24,3,243,0,3,13,0,16,185,34,37,3,259,0,0,0,259
04/11/2020,DAL,TX,ASW,CE,Towers with Radar,143,25,11,0,179,0,0,6,0,6,143,25,17,0,185,0,0,0,185
04/12/2020,DAL,TX,ASW,CE,Towers with Radar,176,22,8,0,206,0,3,2,0,5,176,25,10,0,211,0,0,0,211
04/13/2020,DAL,TX,ASW,CE,Towers with Radar,181,22,37,1,241,0,1,13,4,18,181,23,50,5,259,0,0,0,259
04/14/2020,DAL,TX,ASW,CE,Towers with Radar,153,34,32,2,221,0,5,7,2,14,153,39,39,4,235,0,0,0,235
04/15/2020,DAL,TX,ASW,CE,Towers with Radar,148,29,30,0,207,0,1,11,2,14,148,30,41,2,221,0,0,0,221
04/16/2020,DAL,TX,ASW,CE,Towers with Radar,149,43,28,4,224,0,0,3,0,3,149,43,31,4,227,0,0,0,227
04/17/2020,DAL,TX,ASW,CE,Towers with Radar,157,39,27,0,223,0,1,3,0,4,157,40,30,0,227,0,0,0,227
04/18/2020,DAL,TX,ASW,CE,Towers with Radar,118,19,21,0,158,0,0,4,0,4,118,19,25,0,162,0,0,0,162
04/19/2020,DAL,TX,ASW,CE,Towers with Radar,124,23,21,0,168,0,2,0,0,2,124,25,21,0,170,0,0,0,170
04/20/2020,DAL,TX,ASW,CE,Towers with Radar,122,43,25,4,194,0,2,8,0,10,122,45,33,4,204,0,0,0,204
04/21/2020,DAL,TX,ASW,CE,Towers with Radar,144,44,49,1,238,0,4,13,0,17,144,48,62,1,255,0,0,0,255
04/22/2020,DAL,TX,ASW,CE,Towers with Radar,129,39,30,3,201,0,4,0,0,4,129,43,30,3,205,0,0,0,205
04/23/2020,DAL,TX,ASW,CE,Towers with Radar,123,42,35,3,203,0,2,13,0,15,123,44,48,3,218,0,0,0,218
04/24/2020,DAL,TX,ASW,CE,Towers with Radar,130,45,60,4,239,0,0,13,0,13,130,45,73,4,252,0,0,0,252
04/25/2020,DAL,TX,ASW,CE,Towers with Radar,105,35,25,1,166,0,3,9,0,12,105,38,34,1,178,0,0,0,178
04/26/2020,DAL,TX,ASW,CE,Towers with Radar,131,43,25,0,199,0,1,10,0,11,131,44,35,0,210,0,0,0,210
04/27/2020,DAL,TX,ASW,CE,Towers with Radar,115,37,39,6,197,0,5,6,0,11,115,42,45,6,208,0,0,0,208
04/28/2020,DAL,TX,ASW,CE,Towers with Radar,134,35,29,1,199,0,0,3,0,3,134,35,32,1,202,0,0,0,202
04/29/2020,DAL,TX,ASW,CE,Towers with Radar,127,48,31,4,210,0,3,13,0,16,127,51,44,4,226,0,0,0,226
04/30/2020,DAL,TX,ASW,CE,Towers with Radar,108,45,59,3,215,0,5,16,0,21,108,50,75,3,236,0,0,0,236
05/01/2020,DAL,TX,ASW,CE,Towers with Radar,102,44,46,2,194,0,4,16,0,20,102,48,62,2,214,0,0,0,214
05/02/2020,DAL,TX,ASW,CE,Towers with Radar,102,41,32,0,175,0,1,10,0,11,102,42,42,0,186,0,0,0,186
05/03/2020,DAL,TX,ASW,CE,Towers with Radar,151,40,48,0,239,0,3,16,1,20,151,43,64,1,259,0,0,0,259
05/04/2020,DAL,TX,ASW,CE,Towers with Radar,151,40,45,1,237,0,3,5,0,8,151,43,50,1,245,0,0,0,245
05/05/2020,DAL,TX,ASW,CE,Towers with Radar,152,49,38,5,244,0,2,12,0,14,152,51,50,5,258,0,0,0,258
05/06/2020,DAL,TX,ASW,CE,Towers with Radar,150,47,47,2,246,0,3,24,2,29,150,50,71,4,275,0,0,0,275
05/07/2020,DAL,TX,ASW,CE,Towers with Radar,150,50,48,2,250,0,4,20,0,24,150,54,68,2,274,0,0,0,274
05/08/2020,DAL,TX,ASW,CE,Towers with Radar,157,49,71,6,283,0,0,0,0,0,157,49,71,6,283,0,0,0,283
05/09/2020,DAL,TX,ASW,CE,Towers with Radar,150,51,40,1,242,0,8,11,2,21,150,59,51,3,263,0,0,0,263
05/10/2020,DAL,TX,ASW,CE,Towers with Radar,154,31,48,0,233,0,2,10,0,12,154,33,58,0,245,0,0,0,245
05/11/2020,DAL,TX,ASW,CE,Towers with Radar,153,41,78,0,272,0,4,18,0,22,153,45,96,0,294,0,0,0,294
05/12/2020,DAL,TX,ASW,CE,Towers with Radar,150,43,70,2,265,0,1,2,0,3,150,44,72,2,268,0,0,0,268
05/13/2020,DAL,TX,ASW,CE,Towers with Radar,150,51,55,2,258,0,3,10,0,13,150,54,65,2,271,0,0,0,271
05/14/2020,DAL,TX,ASW,CE,Towers with Radar,152,62,88,4,306,0,2,13,0,15,152,64,101,4,321,0,0,0,321
05/15/2020,DAL,TX,ASW,CE,Towers with Radar,152,63,73,2,290,0,2,6,0,8,152,65,79,2,298,0,0,0,298
05/16/2020,DAL,TX,ASW,CE,Towers with Radar,154,42,34,1,231,0,0,0,0,0,154,42,34,1,231,0,0,0,231
05/17/2020,DAL,TX,ASW,CE,Towers with Radar,155,57,53,1,266,0,4,14,0,18,155,61,67,1,284,0,0,0,284
05/18/2020,DAL,TX,ASW,CE,Towers with Radar,154,56,72,4,286,0,5,23,0,28,154,61,95,4,314,0,0,0,314
05/19/2020,DAL,TX,ASW,CE,Towers with Radar,152,67,84,2,305,0,0,7,1,8,152,67,91,3,313,0,0,0,313
05/20/2020,DAL,TX,ASW,CE,Towers with Radar,159,61,68,2,290,0,3,2,0,5,159,64,70,2,295,0,0,0,295
05/21/2020,DAL,TX,ASW,CE,Towers with Radar,170,69,74,1,314,0,3,5,0,8,170,72,79,1,322,0,0,0,322
05/22/2020,DAL,TX,ASW,CE,Towers with Radar,178,84,99,0,361,0,3,10,0,13,178,87,109,0,374,0,0,0,374
05/23/2020,DAL,TX,ASW,CE,Towers with Radar,171,57,49,0,277,0,4,7,0,11,171,61,56,0,288,0,0,0,288
05/24/2020,DAL,TX,ASW,CE,Towers with Radar,159,37,28,0,224,0,4,4,0,8,159,41,32,0,232,0,0,0,232
05/25/2020,DAL,TX,ASW,CE,Towers with Radar,184,35,60,0,279,0,1,5,0,6,184,36,65,0,285,0,0,0,285
05/26/2020,DAL,TX,ASW,CE,Towers with Radar,165,68,74,1,308,0,2,5,0,7,165,70,79,1,315,0,0,0,315
05/27/2020,DAL,TX,ASW,CE,Towers with Radar,160,72,94,4,330,0,5,16,0,21,160,77,110,4,351,0,0,0,351
05/28/2020,DAL,TX,ASW,CE,Towers with Radar,163,71,71,6,311,0,2,16,0,18,163,73,87,6,329,0,0,0,329
05/29/2020,DAL,TX,ASW,CE,Towers with Radar,161,75,75,2,313,0,0,14,0,14,161,75,89,2,327,0,0,0,327
05/30/2020,DAL,TX,ASW,CE,Towers with Radar,164,58,67,0,289,0,4,16,0,20,164,62,83,0,309,0,0,0,309
05/31/2020,DAL,TX,ASW,CE,Towers with Radar,182,63,96,0,341,0,3,6,0,9,182,66,102,0,350,0,0,0,350
06/01/2020,DAL,TX,ASW,CE,Towers with Radar,185,69,86,3,343,0,3,19,1,23,185,72,105,4,366,0,0,0,366
06/02/2020,DAL,TX,ASW,CE,Towers with Radar,177,83,77,3,340,0,0,8,3,11,177,83,85,6,351,0,0,0,351
06/03/2020,DAL,TX,ASW,CE,Towers with Radar,180,78,84,10,352,0,0,18,0,18,180,78,102,10,370,0,0,0,370
06/04/2020,DAL,TX,ASW,CE,Towers with Radar,191,67,101,7,366,0,7,5,0,12,191,74,106,7,378,0,0,0,378
06/05/2020,DAL,TX,ASW,CE,Towers with Radar,191,75,86,3,355,0,3,16,0,19,191,78,102,3,374,0,0,0,374
06/06/2020,DAL,TX,ASW,CE,Towers with Radar,192,55,54,2,303,0,4,12,0,16,192,59,66,2,319,0,0,0,319
06/07/2020,DAL,TX,ASW,CE,Towers with Radar,223,60,65,0,348,0,2,10,0,12,223,62,75,0,360,0,0,0,360
06/08/2020,DAL,TX,ASW,CE,Towers with Radar,219,48,73,8,348,0,1,13,1,15,219,49,86,9,363,0,0,0,363
06/09/2020,DAL,TX,ASW,CE,Towers with Radar,196,72,94,3,365,0,4,18,2,24,196,76,112,5,389,0,0,0,389
06/10/2020,DAL,TX,ASW,CE,Towers with Radar,199,75,102,6,382,0,4,12,0,16,199,79,114,6,398,0,0,0,398
06/11/2020,DAL,TX,ASW,CE,Towers with Radar,241,73,109,7,430,0,5,8,0,13,241,78,117,7,443,0,0,0,443
06/12/2020,DAL,TX,ASW,CE,Towers with Radar,242,93,95,4,434,0,5,9,0,14,242,98,104,4,448,0,0,0,448
06/13/2020,DAL,TX,ASW,CE,Towers with Radar,225,71,68,0,364,0,0,14,0,14,225,71,82,0,378,0,0,0,378
06/14/2020,DAL,TX,ASW,CE,Towers with Radar,260,82,90,0,432,0,2,13,0,15,260,84,103,0,447,0,0,0,447
06/15/2020,DAL,TX,ASW,CE,Towers with Radar,248,84,94,0,426,0,3,26,0,29,248,87,120,0,455,0,0,0,455
06/16/2020,DAL,TX,ASW,CE,Towers with Radar,216,62,91,1,370,0,5,20,0,25,216,67,111,1,395,0,0,0,395
06/17/2020,DAL,TX,ASW,CE,Towers with Radar,219,82,100,5,406,0,6,20,0,26,219,88,120,5,432,0,0,0,432
06/18/2020,DAL,TX,ASW,CE,Towers with Radar,245,92,121,1,459,0,5,20,0,25,245,97,141,1,484,0,0,0,484
06/19/2020,DAL,TX,ASW,CE,Towers with Radar,244,97,104,0,445,0,5,9,0,14,244,102,113,0,459,0,0,0,459
06/20/2020,DAL,TX,ASW,CE,Towers with Radar,238,94,72,0,404,0,2,10,0,12,238,96,82,0,416,0,0,0,416
06/21/2020,DAL,TX,ASW,CE,Towers with Radar,268,66,86,0,420,0,1,7,0,8,268,67,93,0,428,0,0,0,428
06/22/2020,DAL,TX,ASW,CE,Towers with Radar,286,77,88,0,451,0,1,11,0,12,286,78,99,0,463,0,0,0,463
06/23/2020,DAL,TX,ASW,CE,Towers with Radar,250,76,73,2,401,0,4,10,0,14,250,80,83,2,415,0,0,0,415
06/24/2020,DAL,TX,ASW,CE,Towers with Radar,254,102,114,0,470,0,2,12,0,14,254,104,126,0,484,0,0,0,484
06/25/2020,DAL,TX,ASW,CE,Towers with Radar,279,100,105,0,484,0,3,10,2,15,279,103,115,2,499,0,0,0,499
06/26/2020,DAL,TX,ASW,CE,Towers with Radar,267,97,105,7,476,0,4,9,0,13,267,101,114,7,489,0,0,0,489
06/27/2020,DAL,TX,ASW,CE,Towers with Radar,259,73,74,3,409,0,2,6,0,8,259,75,80,3,417,0,0,0,417
06/28/2020,DAL,TX,ASW,CE,Towers with Radar,261,83,99,4,447,0,4,8,0,12,261,87,107,4,459,0,0,0,459
06/29/2020,DAL,TX,ASW,CE,Towers with Radar,276,57,84,1,418,0,4,7,1,12,276,61,91,2,430,0,0,0,430
06/30/2020,DAL,TX,ASW,CE,Towers with Radar,256,95,101,1,453,0,5,12,1,18,256,100,113,2,471,0,0,0,471
07/01/2020,DAL,TX,ASW,CE,Towers with Radar,261,106,132,3,502,0,1,13,2,16,261,107,145,5,518,0,0,0,518
07/02/2020,DAL,TX,ASW,CE,Towers with Radar,285,112,126,0,523,0,1,6,0,7,285,113,132,0,530,0,0,0,530
07/03/2020,DAL,TX,ASW,CE,Towers with Radar,289,78,73,0,440,0,2,5,0,7,289,80,78,0,447,0,0,0,447
07/04/2020,DAL,TX,ASW,CE,Towers with Radar,180,55,14,0,249,0,3,8,4,15,180,58,22,4,264,0,0,0,264
07/05/2020,DAL,TX,ASW,CE,Towers with Radar,273,66,94,0,433,0,2,15,0,17,273,68,109,0,450,0,0,0,450
07/06/2020,DAL,TX,ASW,CE,Towers with Radar,273,83,107,0,463,0,0,4,0,4,273,83,111,0,467,0,0,0,467
07/07/2020,DAL,TX,ASW,CE,Towers with Radar,258,91,75,3,427,0,0,3,0,3,258,91,78,3,430,0,0,0,430
07/08/2020,DAL,TX,ASW,CE,Towers with Radar,259,89,87,0,435,0,4,6,0,10,259,93,93,0,445,0,0,0,445
07/09/2020,DAL,TX,ASW,CE,Towers with Radar,272,90,76,2,440,0,8,9,0,17,272,98,85,2,457,0,0,0,457
07/10/2020,DAL,TX,ASW,CE,Towers with Radar,273,76,72,0,421,0,3,17,1,21,273,79,89,1,442,0,0,0,442
07/11/2020,DAL,TX,ASW,CE,Towers with Radar,251,77,70,0,398,0,4,14,1,19,251,81,84,1,417,0,0,0,417
07/12/2020,DAL,TX,ASW,CE,Towers with Radar,275,96,84,0,455,0,1,8,0,9,275,97,92,0,464,0,0,0,464
07/13/2020,DAL,TX,ASW,CE,Towers with Radar,279,74,97,8,458,0,0,9,2,11,279,74,106,10,469,0,0,0,469
07/14/2020,DAL,TX,ASW,CE,Towers with Radar,263,77,89,7,436,0,4,19,2,25,263,81,108,9,461,0,0,0,461
07/15/2020,DAL,TX,ASW,CE,Towers with Radar,267,104,74,5,450,0,2,15,2,19,267,106,89,7,469,0,0,0,469
07/16/2020,DAL,TX,ASW,CE,Towers with Radar,284,94,110,3,491,0,0,6,0,6,284,94,116,3,497,0,0,0,497
07/17/2020,DAL,TX,ASW,CE,Towers with Radar,293,91,98,2,484,0,6,15,0,21,293,97,113,2,505,0,0,0,505
07/18/2020,DAL,TX,ASW,CE,Towers with Radar,267,71,69,0,407,0,5,8,0,13,267,76,77,0,420,0,0,0,420
07/19/2020,DAL,TX,ASW,CE,Towers with Radar,282,98,97,0,477,0,3,13,1,17,282,101,110,1,494,0,0,0,494
07/20/2020,DAL,TX,ASW,CE,Towers with Radar,287,80,70,2,439,0,1,9,0,10,287,81,79,2,449,0,0,0,449
07/21/2020,DAL,TX,ASW,CE,Towers with Radar,268,88,60,4,420,0,4,2,0,6,268,92,62,4,426,0,0,0,426
07/22/2020,DAL,TX,ASW,CE,Towers with Radar,271,95,88,2,456,0,3,7,0,10,271,98,95,2,466,0,0,0,466
07/23/2020,DAL,TX,ASW,CE,Towers with Radar,285,90,115,0,490,0,4,19,0,23,285,94,134,0,513,0,0,0,513
07/24/2020,DAL,TX,ASW,CE,Towers with Radar,288,94,86,0,468,0,6,10,2,18,288,100,96,2,486,0,0,0,486
07/25/2020,DAL,TX,ASW,CE,Towers with Radar,271,89,58,0,418,0,5,9,0,14,271,94,67,0,432,0,0,0,432
07/26/2020,DAL,TX,ASW,CE,Towers with Radar,274,91,85,0,450,0,7,11,0,18,274,98,96,0,468,0,0,0,468
07/27/2020,DAL,TX,ASW,CE,Towers with Radar,277,90,99,2,468,0,8,6,0,14,277,98,105,2,482,0,0,0,482
07/28/2020,DAL,TX,ASW,CE,Towers with Radar,258,90,83,3,434,0,4,3,2,9,258,94,86,5,443,0,0,0,443
07/29/2020,DAL,TX,ASW,CE,Towers with Radar,269,100,89,4,462,0,4,8,0,12,269,104,97,4,474,0,0,0,474
07/30/2020,DAL,TX,ASW,CE,Towers with Radar,279,107,91,1,478,0,3,10,0,13,279,110,101,1,491,0,0,0,491
07/31/2020,DAL,TX,ASW,CE,Towers with Radar,283,104,112,0,499,0,2,16,7,25,283,106,128,7,524,0,0,0,524
08/01/2020,DAL,TX,ASW,CE,Towers with Radar,255,103,88,0,446,0,4,7,2,13,255,107,95,2,459,0,0,0,459
08/02/2020,DAL,TX,ASW,CE,Towers with Radar,271,131,84,0,486,0,9,18,0,27,271,140,102,0,513,0,0,0,513
08/03/2020,DAL,TX,ASW,CE,Towers with Radar,271,74,88,3,436,0,1,14,0,15,271,75,102,3,451,0,0,0,451
08/04/2020,DAL,TX,ASW,CE,Towers with Radar,253,85,71,3,412,0,8,14,0,22,253,93,85,3,434,0,0,0,434
08/05/2020,DAL,TX,ASW,CE,Towers with Radar,256,107,92,1,456,0,1,16,0,17,256,108,108,1,473,0,0,0,473
08/06/2020,DAL,TX,ASW,CE,Towers with Radar,280,97,111,0,488,0,3,14,2,19,280,100,125,2,507,0,0,0,507
08/07/2020,DAL,TX,ASW,CE,Towers with Radar,276,118,98,3,495,0,2,26,0,28,276,120,124,3,523,0,0,0,523
08/08/2020,DAL,TX,ASW,CE,Towers with Radar,258,102,53,0,413,0,7,11,0,18,258,109,64,0,431,0,0,0,431
08/09/2020,DAL,TX,ASW,CE,Towers with Radar,266,81,110,2,459,0,4,8,1,13,266,85,118,3,472,0,0,0,472
08/10/2020,DAL,TX,ASW,CE,Towers with Radar,270,100,79,0,449,0,1,9,0,10,270,101,88,0,459,0,0,0,459
08/11/2020,DAL,TX,ASW,CE,Towers with Radar,308,104,115,0,527,0,2,6,0,8,308,106,121,0,535,0,0,0,535
08/12/2020,DAL,TX,ASW,CE,Towers with Radar,306,121,121,2,550,0,3,13,0,16,306,124,134,2,566,0,0,0,566
08/13/2020,DAL,TX,ASW,CE,Towers with Radar,312,110,109,2,533,0,0,11,1,12,312,110,120,3,545,0,0,0,545
08/14/2020,DAL,TX,ASW,CE,Towers with Radar,315,104,100,0,519,0,1,6,0,7,315,105,106,0,526,0,0,0,526
08/15/2020,DAL,TX,ASW,CE,Towers with Radar,299,93,65,1,458,0,2,4,0,6,299,95,69,1,464,0,0,0,464
08/16/2020,DAL,TX,ASW,CE,Towers with Radar,253,118,103,1,475,0,7,12,0,19,253,125,115,1,494,0,0,0,494
08/17/2020,DAL,TX,ASW,CE,Towers with Radar,342,103,109,3,557,0,2,11,1,14,342,105,120,4,571,0,0,0,571
08/18/2020,DAL,TX,ASW,CE,Towers with Radar,311,95,96,2,504,0,3,18,1,22,311,98,114,3,526,0,0,0,526
08/19/2020,DAL,TX,ASW,CE,Towers with Radar,309,108,127,0,544,0,4,15,3,22,309,112,142,3,566,0,0,0,566
08/20/2020,DAL,TX,ASW,CE,Towers with Radar,310,102,135,0,547,0,2,26,5,33,310,104,161,5,580,0,0,0,580
08/21/2020,DAL,TX,ASW,CE,Towers with Radar,319,113,114,0,546,0,1,3,0,4,319,114,117,0,550,0,0,0,550
08/22/2020,DAL,TX,ASW,CE,Towers with Radar,300,90,68,0,458,0,9,2,0,11,300,99,70,0,469,0,0,0,469
08/23/2020,DAL,TX,ASW,CE,Towers with Radar,308,98,94,0,500,0,2,11,2,15,308,100,105,2,515,0,0,0,515
08/24/2020,DAL,TX,ASW,CE,Towers with Radar,304,94,99,2,499,0,6,23,0,29,304,100,122,2,528,0,0,0,528
08/25/2020,DAL,TX,ASW,CE,Towers with Radar,311,108,115,0,534,0,0,12,0,12,311,108,127,0,546,0,0,0,546
08/26/2020,DAL,TX,ASW,CE,Towers with Radar,290,109,110,0,509,0,3,3,2,8,290,112,113,2,517,0,0,0,517
08/27/2020,DAL,TX,ASW,CE,Towers with Radar,297,97,124,1,519,0,0,10,0,10,297,97,134,1,529,0,0,0,529
08/28/2020,DAL,TX,ASW,CE,Towers with Radar,321,108,111,2,542,0,6,12,0,18,321,114,123,2,560,0,0,0,560
08/29/2020,DAL,TX,ASW,CE,Towers with Radar,292,89,63,0,444,0,7,4,3,14,292,96,67,3,458,0,0,0,458
08/30/2020,DAL,TX,ASW,CE,Towers with Radar,305,115,94,0,514,0,3,9,3,15,305,118,103,3,529,0,0,0,529
08/31/2020,DAL,TX,ASW,CE,Towers with Radar,315,98,77,0,490,0,1,8,1,10,315,99,85,1,500,0,0,0,500
09/01/2020,DAL,TX,ASW,CE,Towers with Radar,269,92,93,2,456,0,2,1,0,3,269,94,94,2,459,0,0,0,459
09/02/2020,DAL,TX,ASW,CE,Towers with Radar,288,104,117,0,509,0,0,1,0,1,288,104,118,0,510,0,0,0,510
09/03/2020,DAL,TX,ASW,CE,Towers with Radar,318,114,153,0,585,0,2,4,0,6,318,116,157,0,591,0,0,0,591
09/04/2020,DAL,TX,ASW,CE,Towers with Radar,320,108,117,0,545,0,4,10,0,14,320,112,127,0,559,0,0,0,559
09/05/2020,DAL,TX,ASW,CE,Towers with Radar,301,78,62,0,441,0,0,9,0,9,301,78,71,0,450,0,0,0,450
09/06/2020,DAL,TX,ASW,CE,Towers with Radar,256,73,44,0,373,0,2,11,0,13,256,75,55,0,386,0,0,0,386
09/07/2020,DAL,TX,ASW,CE,Towers with Radar,276,140,133,0,549,0,2,17,4,23,276,142,150,4,572,0,0,0,572
09/08/2020,DAL,TX,ASW,CE,Towers with Radar,252,106,102,1,461,0,5,10,4,19,252,111,112,5,480,0,0,0,480
09/09/2020,DAL,TX,ASW,CE,Towers with Radar,244,106,91,0,441,0,0,0,0,0,244,106,91,0,441,0,0,0,441
09/10/2020,DAL,TX,ASW,CE,Towers with Radar,242,98,111,3,454,0,0,0,2,2,242,98,111,5,456,0,0,0,456
09/11/2020,DAL,TX,ASW,CE,Towers with Radar,244,102,128,3,477,0,3,10,3,16,244,105,138,6,493,0,0,0,493
09/12/2020,DAL,TX,ASW,CE,Towers with Radar,242,71,61,1,375,0,1,6,1,8,242,72,67,2,383,0,0,0,383
09/13/2020,DAL,TX,ASW,CE,Towers with Radar,240,98,121,0,459,0,3,19,2,24,240,101,140,2,483,0,0,0,483
09/14/2020,DAL,TX,ASW,CE,Towers with Radar,235,87,87,0,409,0,3,10,0,13,235,90,97,0,422,0,0,0,422
09/15/2020,DAL,TX,ASW,CE,Towers with Radar,228,111,97,0,436,0,2,9,0,11,228,113,106,0,447,0,0,0,447
09/16/2020,DAL,TX,ASW,CE,Towers with Radar,235,106,110,0,451,0,5,12,4,21,235,111,122,4,472,0,0,0,472
09/17/2020,DAL,TX,ASW,CE,Towers with Radar,237,121,121,0,479,0,3,12,0,15,237,124,133,0,494,0,0,0,494
09/18/2020,DAL,TX,ASW,CE,Towers with Radar,252,123,107,2,484,0,10,9,0,19,252,133,116,2,503,0,0,0,503
09/19/2020,DAL,TX,ASW,CE,Towers with Radar,249,79,61,1,390,0,3,5,0,8,249,82,66,1,398,0,0,0,398
09/20/2020,DAL,TX,ASW,CE,Towers with Radar,239,115,110,3,467,0,0,13,0,13,239,115,123,3,480,0,0,0,480
09/21/2020,DAL,TX,ASW,CE,Towers with Radar,242,88,103,0,433,0,2,3,0,5,242,90,106,0,438,0,0,0,438
09/22/2020,DAL,TX,ASW,CE,Towers with Radar,240,120,84,0,444,0,0,0,0,0,240,120,84,0,444,0,0,0,444
09/23/2020,DAL,TX,ASW,CE,Towers with Radar,242,125,107,1,475,0,1,1,0,2,242,126,108,1,477,0,0,0,477
09/24/2020,DAL,TX,ASW,CE,Towers with Radar,246,135,152,1,534,0,2,8,0,10,246,137,160,1,544,0,0,0,544
09/25/2020,DAL,TX,ASW,CE,Towers with Radar,243,103,156,2,504,0,5,11,0,16,243,108,167,2,520,0,0,0,520
09/26/2020,DAL,TX,ASW,CE,Towers with Radar,234,87,81,2,404,0,6,10,0,16,234,93,91,2,420,0,0,0,420
09/27/2020,DAL,TX,ASW,CE,Towers with Radar,243,114,147,0,504,0,4,12,0,16,243,118,159,0,520,0,0,0,520
09/28/2020,DAL,TX,ASW,CE,Towers with Radar,240,109,97,5,451,0,6,11,0,17,240,115,108,5,468,0,0,0,468
09/29/2020,DAL,TX,ASW,CE,Towers with Radar,243,124,110,1,478,0,1,7,2,10,243,125,117,3,488,0,0,0,488
09/30/2020,DAL,TX,ASW,CE,Towers with Radar,240,122,115,2,479,0,7,23,1,31,240,129,138,3,510,0,0,0,510
10/01/2020,DAL,TX,ASW,CE,Towers with Radar,244,133,134,4,515,0,3,20,0,23,244,136,154,4,538,0,0,0,538
10/02/2020,DAL,TX,ASW,CE,Towers with Radar,245,94,123,1,463,0,5,19,2,26,245,99,142,3,489,0,0,0,489
10/03/2020,DAL,TX,ASW,CE,Towers with Radar,251,86,67,0,404,0,4,8,0,12,251,90,75,0,416,0,0,0,416
10/04/2020,DAL,TX,ASW,CE,Towers with Radar,239,102,104,0,445,0,3,14,0,17,239,105,118,0,462,0,0,0,462
10/05/2020,DAL,TX,ASW,CE,Towers with Radar,240,94,105,4,443,0,2,17,0,19,240,96,122,4,462,0,0,0,462
10/06/2020,DAL,TX,ASW,CE,Towers with Radar,240,91,113,9,453,0,0,28,0,28,240,91,141,9,481,0,0,0,481
10/07/2020,DAL,TX,ASW,CE,Towers with Radar,245,116,123,5,489,0,1,29,4,34,245,117,152,9,523,0,0,0,523
10/08/2020,DAL,TX,ASW,CE,Towers with Radar,264,147,127,2,540,0,3,15,0,18,264,150,142,2,558,0,0,0,558
10/09/2020,DAL,TX,ASW,CE,Towers with Radar,271,111,143,0,525,0,2,5,0,7,271,113,148,0,532,0,0,0,532
10/10/2020,DAL,TX,ASW,CE,Towers with Radar,257,95,101,0,453,0,4,21,0,25,257,99,122,0,478,0,0,0,478
10/11/2020,DAL,TX,ASW,CE,Towers with Radar,256,114,114,0,484,0,7,18,2,27,256,121,132,2,511,0,0,0,511
10/12/2020,DAL,TX,ASW,CE,Towers with Radar,264,98,92,0,454,0,6,12,2,20,264,104,104,2,474,0,0,0,474
10/13/2020,DAL,TX,ASW,CE,Towers with Radar,242,108,106,6,462,0,4,19,1,24,242,112,125,7,486,0,0,0,486
10/14/2020,DAL,TX,ASW,CE,Towers with Radar,242,110,120,2,474,0,4,15,0,19,242,114,135,2,493,0,0,0,493
10/15/2020,DAL,TX,ASW,CE,Towers with Radar,253,124,125,7,509,0,3,14,0,17,253,127,139,7,526,0,0,0,526
10/16/2020,DAL,TX,ASW,CE,Towers with Radar,260,124,132,5,521,0,9,22,1,32,260,133,154,6,553,0,0,0,553
10/17/2020,DAL,TX,ASW,CE,Towers with Radar,251,107,68,0,426,0,7,8,1,16,251,114,76,1,442,0,0,0,442
10/18/2020,DAL,TX,ASW,CE,Towers with Radar,264,107,107,2,480,0,6,11,0,17,264,113,118,2,497,0,0,0,497
10/19/2020,DAL,TX,ASW,CE,Towers with Radar,248,106,120,5,479,0,1,4,5,10,248,107,124,10,489,0,0,0,489
10/20/2020,DAL,TX,ASW,CE,Towers with Radar,239,98,116,2,455,0,3,6,2,11,239,101,122,4,466,0,0,0,466
10/21/2020,DAL,TX,ASW,CE,Towers with Radar,241,144,140,7,532,0,1,10,0,11,241,145,150,7,543,0,0,0,543
10/22/2020,DAL,TX,ASW,CE,Towers with Radar,245,129,163,4,541,0,1,12,0,13,245,130,175,4,554,0,0,0,554
10/23/2020,DAL,TX,ASW,CE,Towers with Radar,248,117,119,6,490,0,3,3,0,6,248,120,122,6,496,0,0,0,496
10/24/2020,DAL,TX,ASW,CE,Towers with Radar,233,101,84,1,419,0,5,3,3,11,233,106,87,4,430,0,0,0,430
10/25/2020,DAL,TX,ASW,CE,Towers with Radar,234,131,122,1,488,0,0,0,2,2,234,131,122,3,490,0,0,0,490
10/26/2020,DAL,TX,ASW,CE,Towers with Radar,236,100,83,2,421,0,0,0,0,0,236,100,83,2,421,0,0,0,421
10/27/2020,DAL,TX,ASW,CE,Towers with Radar,223,113,114,3,453,0,0,0,0,0,223,113,114,3,453,0,0,0,453
10/28/2020,DAL,TX,ASW,CE,Towers with Radar,221,118,127,4,470,0,0,1,0,1,221,118,128,4,471,0,0,0,471
10/29/2020,DAL,TX,ASW,CE,Towers with Radar,235,115,138,4,492,0,4,11,0,15,235,119,149,4,507,0,0,0,507
10/30/2020,DAL,TX,ASW,CE,Towers with Radar,238,120,108,1,467,0,3,14,0,17,238,123,122,1,484,0,0,0,484
10/31/2020,DAL,TX,ASW,CE,Towers with Radar,224,73,71,0,368,0,5,11,0,16,224,78,82,0,384,0,0,0,384
11/01/2020,DAL,TX,ASW,CE,Towers with Radar,227,92,98,1,418,0,4,7,0,11,227,96,105,1,429,0,0,0,429
11/02/2020,DAL,TX,ASW,CE,Towers with Radar,235,101,85,0,421,0,2,14,0,16,235,103,99,0,437,0,0,0,437
11/03/2020,DAL,TX,ASW,CE,Towers with Radar,233,95,97,5,430,0,3,13,2,18,233,98,110,7,448,0,0,0,448
11/04/2020,DAL,TX,ASW,CE,Towers with Radar,208,119,152,1,480,0,5,16,0,21,208,124,168,1,501,0,0,0,501
11/05/2020,DAL,TX,ASW,CE,Towers with Radar,281,116,120,3,520,0,3,18,0,21,281,119,138,3,541,0,0,0,541
11/06/2020,DAL,TX,ASW,CE,Towers with Radar,279,99,136,1,515,0,4,24,0,28,279,103,160,1,543,0,0,0,543
11/07/2020,DAL,TX,ASW,CE,Towers with Radar,176,97,79,0,352,0,3,10,0,13,176,100,89,0,365,0,0,0,365
11/08/2020,DAL,TX,ASW,CE,Towers with Radar,289,108,101,0,498,0,1,4,1,6,289,109,105,1,504,0,0,0,504
11/09/2020,DAL,TX,ASW,CE,Towers with Radar,280,104,114,1,499,0,3,9,0,12,280,107,123,1,511,0,0,0,511
11/10/2020,DAL,TX,ASW,CE,Towers with Radar,205,120,113,3,441,0,4,7,0,11,205,124,120,3,452,0,0,0,452
11/11/2020,DAL,TX,ASW,CE,Towers with Radar,210,131,102,0,443,0,3,10,0,13,210,134,112,0,456,0,0,0,456
11/12/2020,DAL,TX,ASW,CE,Towers with Radar,276,99,109,3,487,0,12,8,0,20,276,111,117,3,507,0,0,0,507
11/13/2020,DAL,TX,ASW,CE,Towers with Radar,272,111,128,2,513,0,4,12,3,19,272,115,140,5,532,0,0,0,532
11/14/2020,DAL,TX,ASW,CE,Towers with Radar,174,77,58,0,309,0,5,9,0,14,174,82,67,0,323,0,0,0,323
11/15/2020,DAL,TX,ASW,CE,Towers with Radar,290,120,109,1,520,0,2,18,0,20,290,122,127,1,540,0,0,0,540
11/16/2020,DAL,TX,ASW,CE,Towers with Radar,273,105,112,2,492,0,6,9,0,15,273,111,121,2,507,0,0,0,507
11/17/2020,DAL,TX,ASW,CE,Towers with Radar,202,101,111,2,416,0,4,12,0,16,202,105,123,2,432,0,0,0,432
11/18/2020,DAL,TX,ASW,CE,Towers with Radar,202,101,105,2,410,0,1,17,1,19,202,102,122,3,429,0,0,0,429
11/19/2020,DAL,TX,ASW,CE,Towers with Radar,275,145,157,3,580,0,5,7,2,14,275,150,164,5,594,0,0,0,594
11/20/2020,DAL,TX,ASW,CE,Towers with Radar,278,122,155,0,555,0,3,7,0,10,278,125,162,0,565,0,0,0,565
11/21/2020,DAL,TX,ASW,CE,Towers with Radar,293,96,100,0,489,0,6,11,0,17,293,102,111,0,506,0,0,0,506
11/22/2020,DAL,TX,ASW,CE,Towers with Radar,285,140,113,0,538,0,1,4,0,5,285,141,117,0,543,0,0,0,543
11/23/2020,DAL,TX,ASW,CE,Towers with Radar,311,106,105,1,523,0,2,9,0,11,311,108,114,1,534,0,0,0,534
11/24/2020,DAL,TX,ASW,CE,Towers with Radar,301,104,128,2,535,0,1,3,0,4,301,105,131,2,539,0,0,0,539
11/25/2020,DAL,TX,ASW,CE,Towers with Radar,302,95,99,0,496,0,7,16,0,23,302,102,115,0,519,0,0,0,519
11/26/2020,DAL,TX,ASW,CE,Towers with Radar,223,65,22,0,310,0,3,2,0,5,223,68,24,0,315,0,0,0,315
11/27/2020,DAL,TX,ASW,CE,Towers with Radar,290,98,65,0,453,0,0,7,0,7,290,98,72,0,460,0,0,0,460
11/28/2020,DAL,TX,ASW,CE,Towers with Radar,296,98,90,0,484,0,0,2,0,2,296,98,92,0,486,0,0,0,486
11/29/2020,DAL,TX,ASW,CE,Towers with Radar,304,132,161,0,597,0,1,0,0,1,304,133,161,0,598,0,0,0,598
11/30/2020,DAL,TX,ASW,CE,Towers with Radar,302,114,82,2,500,0,3,11,0,14,302,117,93,2,514,0,0,0,514
12/01/2020,DAL,TX,ASW,CE,Towers with Radar,272,113,90,0,475,0,2,14,0,16,272,115,104,0,491,0,0,0,491
12/02/2020,DAL,TX,ASW,CE,Towers with Radar,206,90,112,0,408,0,1,8,3,12,206,91,120,3,420,0,0,0,420
12/03/2020,DAL,TX,ASW,CE,Towers with Radar,203,111,125,2,441,0,4,3,0,7,203,115,128,2,448,0,0,0,448
12/04/2020,DAL,TX,ASW,CE,Towers with Radar,205,95,117,0,417,0,0,14,2,16,205,95,131,2,433,0,0,0,433
12/05/2020,DAL,TX,ASW,CE,Towers with Radar,164,78,72,0,314,0,3,8,0,11,164,81,80,0,325,0,0,0,325
12/06/2020,DAL,TX,ASW,CE,Towers with Radar,205,102,107,0,414,0,7,19,2,28,205,109,126,2,442,0,0,0,442
12/07/2020,DAL,TX,ASW,CE,Towers with Radar,205,98,94,2,399,0,3,16,0,19,205,101,110,2,418,0,0,0,418
12/08/2020,DAL,TX,ASW,CE,Towers with Radar,205,114,122,2,443,0,2,23,0,25,205,116,145,2,468,0,0,0,468
12/09/2020,DAL,TX,ASW,CE,Towers with Radar,203,106,132,1,442,0,1,10,2,13,203,107,142,3,455,0,0,0,455
12/10/2020,DAL,TX,ASW,CE,Towers with Radar,202,103,122,5,432,0,6,10,1,17,202,109,132,6,449,0,0,0,449
12/11/2020,DAL,TX,ASW,CE,Towers with Radar,209,95,117,3,424,0,3,7,2,12,209,98,124,5,436,0,0,0,436
12/12/2020,DAL,TX,ASW,CE,Towers with Radar,161,70,64,0,295,0,2,11,0,13,161,72,75,0,308,0,0,0,308
12/13/2020,DAL,TX,ASW,CE,Towers with Radar,203,105,98,1,407,0,0,1,0,1,203,105,99,1,408,0,0,0,408
12/14/2020,DAL,TX,ASW,CE,Towers with Radar,208,77,118,1,404,0,2,13,0,15,208,79,131,1,419,0,0,0,419
12/15/2020,DAL,TX,ASW,CE,Towers with Radar,202,113,126,5,446,0,4,1,2,7,202,117,127,7,453,0,0,0,453
12/16/2020,DAL,TX,ASW,CE,Towers with Radar,197,98,106,5,406,2,5,18,0,25,199,103,124,5,431,0,0,0,431
12/17/2020,DAL,TX,ASW,CE,Towers with Radar,260,123,134,3,520,0,2,18,2,22,260,125,152,5,542,0,0,0,542
12/18/2020,DAL,TX,ASW,CE,Towers with Radar,267,127,133,3,530,0,4,14,0,18,267,131,147,3,548,0,0,0,548
12/19/2020,DAL,TX,ASW,CE,Towers with Radar,294,110,108,0,512,0,0,9,4,13,294,110,117,4,525,0,0,0,525
12/20/2020,DAL,TX,ASW,CE,Towers with Radar,265,104,106,0,475,0,0,11,0,11,265,104,117,0,486,0,0,0,486
12/21/2020,DAL,TX,ASW,CE,Towers with Radar,260,104,111,2,477,0,1,18,1,20,260,105,129,3,497,0,0,0,497
12/22/2020,DAL,TX,ASW,CE,Towers with Radar,262,113,97,0,472,0,5,14,2,21,262,118,111,2,493,0,0,0,493
12/23/2020,DAL,TX,ASW,CE,Towers with Radar,302,115,127,2,546,0,2,6,1,9,302,117,133,3,555,0,0,0,555
12/24/2020,DAL,TX,ASW,CE,Towers with Radar,204,73,56,0,333,0,12,13,1,26,204,85,69,1,359,0,0,0,359
12/25/2020,DAL,TX,ASW,CE,Towers with Radar,200,103,15,0,318,0,3,5,0,8,200,106,20,0,326,0,0,0,326
12/26/2020,DAL,TX,ASW,CE,Towers with Radar,286,116,120,0,522,0,4,7,0,11,286,120,127,0,533,0,0,0,533
12/27/2020,DAL,TX,ASW,CE,Towers with Radar,301,116,151,0,568,0,6,8,0,14,301,122,159,0,582,0,0,0,582
12/28/2020,DAL,TX,ASW,CE,Towers with Radar,262,126,112,0,500,0,4,5,0,9,262,130,117,0,509,0,0,0,509
12/29/2020,DAL,TX,ASW,CE,Towers with Radar,261,105,93,0,459,0,1,11,3,15,261,106,104,3,474,0,0,0,474
12/30/2020,DAL,TX,ASW,CE,Towers with Radar,268,84,74,0,426,0,0,0,0,0,268,84,74,0,426,0,0,0,426
12/31/2020,DAL,TX,ASW,CE,Towers with Radar,209,74,36,0,319,0,0,0,0,0,209,74,36,0,319,0,0,0,319
01/01/2021,DAL,TX,ASW,CE,Towers with Radar,196,90,46,0,332,0,1,0,0,1,196,91,46,0,333,0,0,0,333
01/02/2021,DAL,TX,ASW,CE,Towers with Radar,289,130,126,0,545,0,0,10,0,10,289,130,136,0,555,0,0,0,555
01/03/2021,DAL,TX,ASW,CE,Towers with Radar,295,130,171,0,596,0,1,11,0,12,295,131,182,0,608,0,0,0,608
01/04/2021,DAL,TX,ASW,CE,Towers with Radar,259,113,101,0,473,0,1,19,0,20,259,114,120,0,493,0,0,0,493
01/05/2021,DAL,TX,ASW,CE,Towers with Radar,245,102,97,1,445,0,1,11,0,12,245,103,108,1,457,0,0,0,457
01/06/2021,DAL,TX,ASW,CE,Towers with Radar,257,106,95,4,462,0,4,1,2,7,257,110,96,6,469,0,0,0,469
01/07/2021,DAL,TX,ASW,CE,Towers with Radar,211,109,118,4,442,0,2,14,2,18,211,111,132,6,460,0,0,0,460
01/08/2021,DAL,TX,ASW,CE,Towers with Radar,210,103,95,1,409,0,5,2,0,7,210,108,97,1,416,0,0,0,416
01/09/2021,DAL,TX,ASW,CE,Towers with Radar,176,85,56,2,319,0,5,11,2,18,176,90,67,4,337,0,0,0,337
01/10/2021,DAL,TX,ASW,CE,Towers with Radar,155,81,80,3,319,0,0,0,0,0,155,81,80,3,319,0,0,0,319
01/11/2021,DAL,TX,ASW,CE,Towers with Radar,210,100,72,7,389,0,2,5,0,7,210,102,77,7,396,0,0,0,396
01/12/2021,DAL,TX,ASW,CE,Towers with Radar,207,91,108,3,409,0,1,16,0,17,207,92,124,3,426,0,0,0,426
01/13/2021,DAL,TX,ASW,CE,Towers with Radar,209,121,107,4,441,0,4,9,1,14,209,125,116,5,455,0,0,0,455
01/14/2021,DAL,TX,ASW,CE,Towers with Radar,210,97,125,2,434,0,7,16,0,23,210,104,141,2,457,0,0,0,457
01/15/2021,DAL,TX,ASW,CE,Towers with Radar,214,116,125,3,458,0,3,11,0,14,214,119,136,3,472,0,0,0,472
01/16/2021,DAL,TX,ASW,CE,Towers with Radar,172,112,62,0,346,0,7,15,0,22,172,119,77,0,368,0,0,0,368
01/17/2021,DAL,TX,ASW,CE,Towers with Radar,213,109,73,0,395,0,4,9,2,15,213,113,82,2,410,0,0,0,410
01/18/2021,DAL,TX,ASW,CE,Towers with Radar,213,112,113,0,438,0,1,11,2,14,213,113,124,2,452,0,0,0,452
01/19/2021,DAL,TX,ASW,CE,Towers with Radar,208,104,101,3,416,0,2,6,0,8,208,106,107,3,424,0,0,0,424
01/20/2021,DAL,TX,ASW,CE,Towers with Radar,209,118,96,5,428,0,0,8,0,8,209,118,104,5,436,0,0,0,436
01/21/2021,DAL,TX,ASW,CE,Towers with Radar,212,111,140,2,465,0,1,10,0,11,212,112,150,2,476,0,0,0,476
01/22/2021,DAL,TX,ASW,CE,Towers with Radar,217,119,102,9,447,0,1,3,2,6,217,120,105,11,453,0,0,0,453
01/23/2021,DAL,TX,ASW,CE,Towers with Radar,174,81,65,0,320,0,0,0,0,0,174,81,65,0,320,0,0,0,320
01/24/2021,DAL,TX,ASW,CE,Towers with Radar,224,100,73,2,399,0,0,0,0,0,224,100,73,2,399,0,0,0,399
01/25/2021,DAL,TX,ASW,CE,Towers with Radar,204,100,108,0,412,0,6,6,2,14,204,106,114,2,426,0,0,0,426
01/26/2021,DAL,TX,ASW,CE,Towers with Radar,204,118,100,1,423,0,4,15,3,22,204,122,115,4,445,0,0,0,445
01/27/2021,DAL,TX,ASW,CE,Towers with Radar,212,116,99,6,433,0,7,15,2,24,212,123,114,8,457,0,0,0,457
01/28/2021,DAL,TX,ASW,CE,Towers with Radar,210,110,117,0,437,0,5,13,2,20,210,115,130,2,457,0,0,0,457
01/29/2021,DAL,TX,ASW,CE,Towers with Radar,214,111,119,0,444,0,8,19,1,28,214,119,138,1,472,0,0,0,472
01/30/2021,DAL,TX,ASW,CE,Towers with Radar,173,66,61,0,300,0,1,2,0,3,173,67,63,0,303,0,0,0,303
01/31/2021,DAL,TX,ASW,CE,Towers with Radar,204,111,132,0,447,0,2,10,1,13,204,113,142,1,460,0,0,0,460
02/01/2021,DAL,TX,ASW,CE,Towers with Radar,205,99,88,1,393,0,1,4,0,5,205,100,92,1,398,0,0,0,398
02/02/2021,DAL,TX,ASW,CE,Towers with Radar,205,105,137,3,450,0,4,28,2,34,205,109,165,5,484,0,0,0,484
02/03/2021,DAL,TX,ASW,CE,Towers with Radar,210,107,109,2,428,0,4,6,0,10,210,111,115,2,438,0,0,0,438
02/04/2021,DAL,TX,ASW,CE,Towers with Radar,208,128,122,1,459,0,2,7,0,9,208,130,129,1,468,0,0,0,468
02/05/2021,DAL,TX,ASW,CE,Towers with Radar,215,119,106,1,441,0,3,19,2,24,215,122,125,3,465,0,0,0,465
02/06/2021,DAL,TX,ASW,CE,Towers with Radar,178,77,73,0,328,0,5,9,2,16,178,82,82,2,344,0,0,0,344
02/07/2021,DAL,TX,ASW,CE,Towers with Radar,213,103,109,0,425,0,1,13,0,14,213,104,122,0,439,0,0,0,439
02/08/2021,DAL,TX,ASW,CE,Towers with Radar,213,107,107,2,429,0,2,3,1,6,213,109,110,3,435,0,0,0,435
02/09/2021,DAL,TX,ASW,CE,Towers with Radar,215,125,107,3,450,0,0,2,0,2,215,125,109,3,452,0,0,0,452
02/10/2021,DAL,TX,ASW,CE,Towers with Radar,203,105,109,1,418,0,0,0,0,0,203,105,109,1,418,0,0,0,418
02/11/2021,DAL,TX,ASW,CE,Towers with Radar,205,125,122,0,452,0,0,0,0,0,205,125,122,0,452,0,0,0,452
02/12/2021,DAL,TX,ASW,CE,Towers with Radar,216,132,108,3,459,0,1,6,0,7,216,133,114,3,466,0,0,0,466
02/13/2021,DAL,TX,ASW,CE,Towers with Radar,161,96,61,1,319,0,0,5,0,5,161,96,66,1,324,0,0,0,324
02/14/2021,DAL,TX,ASW,CE,Towers with Radar,24,29,36,2,91,0,0,0,0,0,24,29,36,2,91,0,0,0,91
02/15/2021,DAL,TX,ASW,CE,Towers with Radar,75,63,35,0,173,0,1,0,0,1,75,64,35,0,174,0,0,0,174
02/16/2021,DAL,TX,ASW,CE,Towers with Radar,154,110,86,0,350,0,2,2,0,4,154,112,88,0,354,0,0,0,354
02/17/2021,DAL,TX,ASW,CE,Towers with Radar,113,33,18,0,164,0,2,2,3,7,113,35,20,3,171,0,0,0,171
02/18/2021,DAL,TX,ASW,CE,Towers with Radar,154,84,73,0,311,0,9,3,0,12,154,93,76,0,323,0,0,0,323
02/19/2021,DAL,TX,ASW,CE,Towers with Radar,217,116,80,0,413,0,17,8,1,26,217,133,88,1,439,0,0,0,439
02/20/2021,DAL,TX,ASW,CE,Towers with Radar,185,106,57,0,348,0,7,13,3,23,185,113,70,3,371,0,0,0,371
02/21/2021,DAL,TX,ASW,CE,Towers with Radar,215,121,106,0,442,0,1,12,0,13,215,122,118,0,455,0,0,0,455
02/22/2021,DAL,TX,ASW,CE,Towers with Radar,218,104,119,1,442,0,5,26,0,31,218,109,145,1,473,0,0,0,473
02/23/2021,DAL,TX,ASW,CE,Towers with Radar,214,156,139,1,510,0,9,22,0,31,214,165,161,1,541,0,0,0,541
02/24/2021,DAL,TX,ASW,CE,Towers with Radar,217,143,145,0,505,0,1,27,2,30,217,144,172,2,535,0,0,0,535
02/25/2021,DAL,TX,ASW,CE,Towers with Radar,216,156,127,0,499,0,1,11,1,13,216,157,138,1,512,0,0,0,512
02/26/2021,DAL,TX,ASW,CE,Towers with Radar,221,134,139,13,507,0,3,6,0,9,221,137,145,13,516,0,0,0,516
02/27/2021,DAL,TX,ASW,CE,Towers with Radar,185,127,66,10,388,0,1,4,0,5,185,128,70,10,393,0,0,0,393
02/28/2021,DAL,TX,ASW,CE,Towers with Radar,215,125,127,0,467,0,1,2,0,3,215,126,129,0,470,0,0,0,470
03/01/2021,DAL,TX,ASW,CE,Towers with Radar,219,125,97,0,441,0,5,4,1,10,219,130,101,1,451,0,0,0,451
03/02/2021,DAL,TX,ASW,CE,Towers with Radar,219,114,122,4,459,0,3,10,0,13,219,117,132,4,472,0,0,0,472
03/03/2021,DAL,TX,ASW,CE,Towers with Radar,223,145,114,8,490,0,7,13,1,21,223,152,127,9,511,0,0,0,511
03/04/2021,DAL,TX,ASW,CE,Towers with Radar,218,135,130,4,487,0,7,19,0,26,218,142,149,4,513,0,0,0,513
03/05/2021,DAL,TX,ASW,CE,Towers with Radar,224,123,114,2,463,0,5,2,2,9,224,128,116,4,472,0,0,0,472
03/06/2021,DAL,TX,ASW,CE,Towers with Radar,187,89,53,1,330,0,4,10,1,15,187,93,63,2,345,0,0,0,345
03/07/2021,DAL,TX,ASW,CE,Towers with Radar,265,126,132,4,527,0,2,16,0,18,265,128,148,4,545,0,0,0,545
03/08/2021,DAL,TX,ASW,CE,Towers with Radar,266,120,120,7,513,0,5,14,2,21,266,125,134,9,534,0,0,0,534
03/09/2021,DAL,TX,ASW,CE,Towers with Radar,222,109,106,6,443,0,2,10,0,12,222,111,116,6,455,0,0,0,455
03/10/2021,DAL,TX,ASW,CE,Towers with Radar,234,100,158,3,495,0,4,17,0,21,234,104,175,3,516,0,0,0,516
03/11/2021,DAL,TX,ASW,CE,Towers with Radar,315,152,150,6,623,0,2,8,2,12,315,154,158,8,635,0,0,0,635
03/12/2021,DAL,TX,ASW,CE,Towers with Radar,336,164,216,4,720,0,7,8,3,18,336,171,224,7,738,0,0,0,738
03/13/2021,DAL,TX,ASW,CE,Towers with Radar,264,133,92,0,489,0,5,4,0,9,264,138,96,0,498,0,0,0,498
03/14/2021,DAL,TX,ASW,CE,Towers with Radar,295,122,135,0,552,0,2,1,0,3,295,124,136,0,555,0,0,0,555
03/15/2021,DAL,TX,ASW,CE,Towers with Radar,312,124,106,6,548,0,5,11,0,16,312,129,117,6,564,0,0,0,564
03/16/2021,DAL,TX,ASW,CE,Towers with Radar,305,107,120,2,534,0,11,13,0,24,305,118,133,2,558,0,0,0,558
03/17/2021,DAL,TX,ASW,CE,Towers with Radar,314,136,125,2,577,0,2,14,0,16,314,138,139,2,593,0,0,0,593
03/18/2021,DAL,TX,ASW,CE,Towers with Radar,323,125,143,3,594,0,5,15,0,20,323,130,158,3,614,0,0,0,614
03/19/2021,DAL,TX,ASW,CE,Towers with Radar,329,131,118,3,581,0,6,21,0,27,329,137,139,3,608,0,0,0,608
03/20/2021,DAL,TX,ASW,CE,Towers with Radar,281,163,116,0,560,0,6,24,0,30,281,169,140,0,590,0,0,0,590
03/21/2021,DAL,TX,ASW,CE,Towers with Radar,333,191,172,1,697,0,7,13,0,20,333,198,185,1,717,0,0,0,717
03/22/2021,DAL,TX,ASW,CE,Towers with Radar,315,127,103,2,547,0,2,3,0,5,315,129,106,2,552,0,0,0,552
03/23/2021,DAL,TX,ASW,CE,Towers with Radar,335,120,176,0,631,0,4,19,6,29,335,124,195,6,660,0,0,0,660
03/24/2021,DAL,TX,ASW,CE,Towers with Radar,302,142,148,4,596,0,1,14,1,16,302,143,162,5,612,0,0,0,612
03/25/2021,DAL,TX,ASW,CE,Towers with Radar,327,145,157,3,632,0,7,11,3,21,327,152,168,6,653,0,0,0,653
03/26/2021,DAL,TX,ASW,CE,Towers with Radar,324,156,165,2,647,0,3,8,1,12,324,159,173,3,659,0,0,0,659
03/27/2021,DAL,TX,ASW,CE,Towers with Radar,269,99,84,0,452,0,1,10,0,11,269,100,94,0,463,0,0,0,463
03/28/2021,DAL,TX,ASW,CE,Towers with Radar,331,112,124,0,567,0,6,9,0,15,331,118,133,0,582,0,0,0,582
03/29/2021,DAL,TX,ASW,CE,Towers with Radar,320,140,99,3,562,0,5,21,2,28,320,145,120,5,590,0,0,0,590
03/30/2021,DAL,TX,ASW,CE,Towers with Radar,317,131,111,3,562,0,4,1,0,5,317,135,112,3,567,0,0,0,567
03/31/2021,DAL,TX,ASW,CE,Towers with Radar,317,144,148,3,612,0,9,10,2,21,317,153,158,5,633,0,0,0,633
04/01/2021,DAL,TX,ASW,CE,Towers with Radar,326,154,182,5,667,0,11,19,1,31,326,165,201,6,698,0,0,0,698
04/02/2021,DAL,TX,ASW,CE,Towers with Radar,321,122,118,0,561,0,9,25,0,34,321,131,143,0,595,0,0,0,595
04/03/2021,DAL,TX,ASW,CE,Towers with Radar,269,90,97,0,456,0,0,7,0,7,269,90,104,0,463,0,0,0,463
04/04/2021,DAL,TX,ASW,CE,Towers with Radar,329,115,96,0,540,0,5,9,0,14,329,120,105,0,554,0,0,0,554
04/05/2021,DAL,TX,ASW,CE,Towers with Radar,320,136,160,0,616,0,6,10,0,16,320,142,170,0,632,0,0,0,632
04/06/2021,DAL,TX,ASW,CE,Towers with Radar,320,147,157,1,625,1,3,7,0,11,321,150,164,1,636,0,0,0,636
04/07/2021,DAL,TX,ASW,CE,Towers with Radar,322,136,137,5,600,0,3,12,5,20,322,139,149,10,620,0,0,0,620
04/08/2021,DAL,TX,ASW,CE,Towers with Radar,327,150,183,8,668,0,3,13,0,16,327,153,196,8,684,0,0,0,684
04/09/2021,DAL,TX,ASW,CE,Towers with Radar,327,128,156,0,611,0,2,10,0,12,327,130,166,0,623,0,0,0,623
04/10/2021,DAL,TX,ASW,CE,Towers with Radar,274,102,91,0,467,0,8,15,0,23,274,110,106,0,490,0,0,0,490
04/11/2021,DAL,TX,ASW,CE,Towers with Radar,318,145,149,2,614,0,2,18,1,21,318,147,167,3,635,0,0,0,635
04/12/2021,DAL,TX,ASW,CE,Towers with Radar,304,138,141,11,594,0,1,21,0,22,304,139,162,11,616,0,0,0,616
04/13/2021,DAL,TX,ASW,CE,Towers with Radar,269,157,132,4,562,0,6,5,4,15,269,163,137,8,577,0,0,0,577
04/14/2021,DAL,TX,ASW,CE,Towers with Radar,268,159,155,5,587,0,0,4,1,5,268,159,159,6,592,0,0,0,592
04/15/2021,DAL,TX,ASW,CE,Towers with Radar,307,117,160,9,593,0,1,0,0,1,307,118,160,9,594,0,0,0,594
04/16/2021,DAL,TX,ASW,CE,Towers with Radar,312,142,121,4,579,0,0,0,0,0,312,142,121,4,579,0,0,0,579
04/17/2021,DAL,TX,ASW,CE,Towers with Radar,279,105,76,0,460,0,3,14,0,17,279,108,90,0,477,0,0,0,477
04/18/2021,DAL,TX,ASW,CE,Towers with Radar,312,162,119,0,593,0,5,19,1,25,312,167,138,1,618,0,0,0,618
04/19/2021,DAL,TX,ASW,CE,Towers with Radar,307,120,138,3,568,0,10,10,0,20,307,130,148,3,588,0,0,0,588
04/20/2021,DAL,TX,ASW,CE,Towers with Radar,272,157,131,4,564,0,3,9,1,13,272,160,140,5,577,0,0,0,577
04/21/2021,DAL,TX,ASW,CE,Towers with Radar,278,137,175,5,595,0,4,28,3,35,278,141,203,8,630,0,0,0,630
04/22/2021,DAL,TX,ASW,CE,Towers with Radar,309,167,187,3,666,0,0,8,1,9,309,167,195,4,675,0,0,0,675
04/23/2021,DAL,TX,ASW,CE,Towers with Radar,266,136,125,0,527,0,1,2,0,3,266,137,127,0,530,0,0,0,530
04/24/2021,DAL,TX,ASW,CE,Towers with Radar,261,119,71,0,451,0,7,11,0,18,261,126,82,0,469,0,0,0,469
04/25/2021,DAL,TX,ASW,CE,Towers with Radar,321,143,135,2,601,0,5,12,0,17,321,148,147,2,618,0,0,0,618
04/26/2021,DAL,TX,ASW,CE,Towers with Radar,307,135,135,2,579,0,6,15,0,21,307,141,150,2,600,0,0,0,600
04/27/2021,DAL,TX,ASW,CE,Towers with Radar,268,129,137,0,534,0,3,7,0,10,268,132,144,0,544,0,0,0,544
04/28/2021,DAL,TX,ASW,CE,Towers with Radar,271,151,138,4,564,0,0,6,0,6,271,151,144,4,570,0,0,0,570
04/29/2021,DAL,TX,ASW,CE,Towers with Radar,309,138,132,2,581,0,0,2,0,2,309,138,134,2,583,0,0,0,583
04/30/2021,DAL,TX,ASW,CE,Towers with Radar,317,147,144,0,608,0,2,2,0,4,317,149,146,0,612,0,0,0,612
05/01/2021,DAL,TX,ASW,CE,Towers with Radar,277,107,87,2,473,0,1,1,0,2,277,108,88,2,475,0,0,0,475
05/02/2021,DAL,TX,ASW,CE,Towers with Radar,318,161,134,0,613,0,2,5,4,11,318,163,139,4,624,0,0,0,624
05/03/2021,DAL,TX,ASW,CE,Towers with Radar,286,118,112,0,516,0,2,8,0,10,286,120,120,0,526,0,0,0,526
05/04/2021,DAL,TX,ASW,CE,Towers with Radar,291,124,116,3,534,0,4,4,0,8,291,128,120,3,542,0,0,0,542
05/05/2021,DAL,TX,ASW,CE,Towers with Radar,275,131,147,1,554,0,6,29,0,35,275,137,176,1,589,0,0,0,589
05/06/2021,DAL,TX,ASW,CE,Towers with Radar,312,149,134,6,601,0,4,10,4,18,312,153,144,10,619,0,0,0,619
05/07/2021,DAL,TX,ASW,CE,Towers with Radar,317,160,148,0,625,0,5,5,1,11,317,165,153,1,636,0,0,0,636
05/08/2021,DAL,TX,ASW,CE,Towers with Radar,268,102,102,2,474,0,6,8,0,14,268,108,110,2,488,0,0,0,488
05/09/2021,DAL,TX,ASW,CE,Towers with Radar,346,131,99,0,576,0,0,3,1,4,346,131,102,1,580,0,0,0,580
05/10/2021,DAL,TX,ASW,CE,Towers with Radar,295,124,118,0,537,0,0,5,0,5,295,124,123,0,542,0,0,0,542
05/11/2021,DAL,TX,ASW,CE,Towers with Radar,309,100,111,0,520,0,0,0,0,0,309,100,111,0,520,0,0,0,520
05/12/2021,DAL,TX,ASW,CE,Towers with Radar,310,156,151,0,617,0,2,0,1,3,310,158,151,1,620,0,0,0,620
05/13/2021,DAL,TX,ASW,CE,Towers with Radar,345,156,174,0,675,0,4,19,0,23,345,160,193,0,698,0,0,0,698
05/14/2021,DAL,TX,ASW,CE,Towers with Radar,360,177,148,4,689,0,3,11,2,16,360,180,159,6,705,0,0,0,705
05/15/2021,DAL,TX,ASW,CE,Towers with Radar,271,128,105,0,504,0,5,9,0,14,271,133,114,0,518,0,0,0,518
05/16/2021,DAL,TX,ASW,CE,Towers with Radar,332,148,98,1,579,0,2,7,0,9,332,150,105,1,588,0,0,0,588
05/17/2021,DAL,TX,ASW,CE,Towers with Radar,383,120,131,2,636,0,4,7,0,11,383,124,138,2,647,0,0,0,647
05/18/2021,DAL,TX,ASW,CE,Towers with Radar,293,93,96,0,482,0,0,4,2,6,293,93,100,2,488,0,0,0,488
05/19/2021,DAL,TX,ASW,CE,Towers with Radar,311,130,167,3,611,0,1,6,4,11,311,131,173,7,622,0,0,0,622
05/20/2021,DAL,TX,ASW,CE,Towers with Radar,344,141,152,1,638,0,4,10,0,14,344,145,162,1,652,0,0,0,652
05/21/2021,DAL,TX,ASW,CE,Towers with Radar,346,169,151,5,671,0,1,3,0,4,346,170,154,5,675,0,0,0,675
05/22/2021,DAL,TX,ASW,CE,Towers with Radar,276,128,68,0,472,0,0,1,0,1,276,128,69,0,473,0,0,0,473
05/23/2021,DAL,TX,ASW,CE,Towers with Radar,354,127,149,0,630,0,2,4,0,6,354,129,153,0,636,0,0,0,636
05/24/2021,DAL,TX,ASW,CE,Towers with Radar,348,131,114,9,602,0,1,0,0,1,348,132,114,9,603,0,0,0,603
05/25/2021,DAL,TX,ASW,CE,Towers with Radar,316,144,98,1,559,0,1,6,0,7,316,145,104,1,566,0,0,0,566
05/26/2021,DAL,TX,ASW,CE,Towers with Radar,311,142,132,4,589,0,1,9,0,10,311,143,141,4,599,0,0,0,599
05/27/2021,DAL,TX,ASW,CE,Towers with Radar,350,159,153,4,666,0,3,9,0,12,350,162,162,4,678,0,0,0,678
05/28/2021,DAL,TX,ASW,CE,Towers with Radar,359,163,158,0,680,0,4,5,0,9,359,167,163,0,689,0,0,0,689
05/29/2021,DAL,TX,ASW,CE,Towers with Radar,278,105,67,0,450,0,3,9,0,12,278,108,76,0,462,0,0,0,462
05/30/2021,DAL,TX,ASW,CE,Towers with Radar,351,104,74,0,529,0,2,9,4,15,351,106,83,4,544,0,0,0,544
05/31/2021,DAL,TX,ASW,CE,Towers with Radar,331,104,98,0,533,0,1,2,0,3,331,105,100,0,536,0,0,0,536
06/01/2021,DAL,TX,ASW,CE,Towers with Radar,351,117,153,2,623,0,0,6,0,6,351,117,159,2,629,0,0,0,629
06/02/2021,DAL,TX,ASW,CE,Towers with Radar,346,126,121,0,593,0,6,14,0,20,346,132,135,0,613,0,0,0,613
06/03/2021,DAL,TX,ASW,CE,Towers with Radar,347,134,169,0,650,0,8,8,1,17,347,142,177,1,667,0,0,0,667
06/04/2021,DAL,TX,ASW,CE,Towers with Radar,354,132,120,5,611,0,2,9,1,12,354,134,129,6,623,0,0,0,623
06/05/2021,DAL,TX,ASW,CE,Towers with Radar,280,114,106,1,501,0,1,1,2,4,280,115,107,3,505,0,0,0,505
06/06/2021,DAL,TX,ASW,CE,Towers with Radar,373,143,131,2,649,0,1,0,4,5,373,144,131,6,654,0,0,0,654
06/07/2021,DAL,TX,ASW,CE,Towers with Radar,338,116,107,1,562,0,0,6,0,6,338,116,113,1,568,0,0,0,568
06/08/2021,DAL,TX,ASW,CE,Towers with Radar,368,123,126,4,621,0,3,11,0,14,368,126,137,4,635,0,0,0,635
06/09/2021,DAL,TX,ASW,CE,Towers with Radar,361,130,114,3,608,0,4,9,0,13,361,134,123,3,621,0,0,0,621
06/10/2021,DAL,TX,ASW,CE,Towers with Radar,375,153,143,0,671,0,2,10,3,15,375,155,153,3,686,0,0,0,686
06/11/2021,DAL,TX,ASW,CE,Towers with Radar,388,143,133,6,670,0,5,3,2,10,388,148,136,8,680,0,0,0,680
06/12/2021,DAL,TX,ASW,CE,Towers with Radar,323,123,78,3,527,0,3,9,4,16,323,126,87,7,543,0,0,0,543
06/13/2021,DAL,TX,ASW,CE,Towers with Radar,370,162,133,1,666,0,16,9,1,26,370,178,142,2,692,0,0,0,692
06/14/2021,DAL,TX,ASW,CE,Towers with Radar,348,126,134,4,612,0,1,25,2,28,348,127,159,6,640,0,0,0,640
06/15/2021,DAL,TX,ASW,CE,Towers with Radar,299,133,134,2,568,0,4,13,1,18,299,137,147,3,586,0,0,0,586
06/16/2021,DAL,TX,ASW,CE,Towers with Radar,343,140,160,3,646,0,5,24,0,29,343,145,184,3,675,0,0,0,675
06/17/2021,DAL,TX,ASW,CE,Towers with Radar,372,146,188,1,707,0,4,16,0,20,372,150,204,1,727,0,0,0,727
06/18/2021,DAL,TX,ASW,CE,Towers with Radar,364,132,145,7,648,0,4,24,1,29,364,136,169,8,677,0,0,0,677
06/19/2021,DAL,TX,ASW,CE,Towers with Radar,325,122,87,2,536,0,7,14,0,21,325,129,101,2,557,0,0,0,557
06/20/2021,DAL,TX,ASW,CE,Towers with Radar,380,136,120,4,640,0,9,6,0,15,380,145,126,4,655,0,0,0,655
06/21/2021,DAL,TX,ASW,CE,Towers with Radar,328,102,125,0,555,0,2,4,0,6,328,104,129,0,561,0,0,0,561
06/22/2021,DAL,TX,ASW,CE,Towers with Radar,362,133,158,1,654,0,3,8,4,15,362,136,166,5,669,0,0,0,669
06/23/2021,DAL,TX,ASW,CE,Towers with Radar,360,153,197,0,710,0,2,10,0,12,360,155,207,0,722,0,0,0,722
06/24/2021,DAL,TX,ASW,CE,Towers with Radar,370,150,181,1,702,0,5,16,0,21,370,155,197,1,723,0,0,0,723
06/25/2021,DAL,TX,ASW,CE,Towers with Radar,368,151,174,2,695,0,4,8,2,14,368,155,182,4,709,0,0,0,709
06/26/2021,DAL,TX,ASW,CE,Towers with Radar,315,118,95,1,529,0,8,6,0,14,315,126,101,1,543,0,0,0,543
06/27/2021,DAL,TX,ASW,CE,Towers with Radar,357,129,106,3,595,0,1,12,0,13,357,130,118,3,608,0,0,0,608
06/28/2021,DAL,TX,ASW,CE,Towers with Radar,357,109,132,0,598,0,3,1,0,4,357,112,133,0,602,0,0,0,602
06/29/2021,DAL,TX,ASW,CE,Towers with Radar,360,103,116,4,583,0,2,8,0,10,360,105,124,4,593,0,0,0,593
06/30/2021,DAL,TX,ASW,CE,Towers with Radar,363,135,151,1,650,0,5,14,0,19,363,140,165,1,669,0,0,0,669
07/01/2021,DAL,TX,ASW,CE,Towers with Radar,339,160,178,2,679,0,1,12,0,13,339,161,190,2,692,0,0,0,692
07/02/2021,DAL,TX,ASW,CE,Towers with Radar,348,131,146,0,625,0,4,2,0,6,348,135,148,0,631,0,0,0,631
07/03/2021,DAL,TX,ASW,CE,Towers with Radar,323,83,76,0,482,0,6,22,0,28,323,89,98,0,510,0,0,0,510
07/04/2021,DAL,TX,ASW,CE,Towers with Radar,378,58,38,0,474,0,10,11,0,21,378,68,49,0,495,0,0,0,495
07/05/2021,DAL,TX,ASW,CE,Towers with Radar,383,92,117,0,592,0,8,4,0,12,383,100,121,0,604,0,0,0,604
07/06/2021,DAL,TX,ASW,CE,Towers with Radar,361,88,129,0,578,0,3,13,3,19,361,91,142,3,597,0,0,0,597
07/07/2021,DAL,TX,ASW,CE,Towers with Radar,353,103,129,0,585,0,5,12,0,17,353,108,141,0,602,0,0,0,602
07/08/2021,DAL,TX,ASW,CE,Towers with Radar,378,114,133,6,631,0,6,7,0,13,378,120,140,6,644,0,0,0,644
07/09/2021,DAL,TX,ASW,CE,Towers with Radar,376,112,148,0,636,0,3,11,1,15,376,115,159,1,651,0,0,0,651
07/10/2021,DAL,TX,ASW,CE,Towers with Radar,328,98,95,2,523,0,5,18,0,23,328,103,113,2,546,0,0,0,546
07/11/2021,DAL,TX,ASW,CE,Towers with Radar,376,104,160,0,640,0,3,12,0,15,376,107,172,0,655,0,0,0,655
07/12/2021,DAL,TX,ASW,CE,Towers with Radar,385,116,124,0,625,0,2,11,4,17,385,118,135,4,642,0,0,0,642
07/13/2021,DAL,TX,ASW,CE,Towers with Radar,356,100,108,3,567,0,7,10,3,20,356,107,118,6,587,0,0,0,587
07/14/2021,DAL,TX,ASW,CE,Towers with Radar,339,106,151,3,599,0,7,8,4,19,339,113,159,7,618,0,0,0,618
07/15/2021,DAL,TX,ASW,CE,Towers with Radar,310,108,151,3,572,0,4,14,0,18,310,112,165,3,590,0,0,0,590
07/16/2021,DAL,TX,ASW,CE,Towers with Radar,382,101,133,3,619,0,3,12,3,18,382,104,145,6,637,0,0,0,637
07/17/2021,DAL,TX,ASW,CE,Towers with Radar,316,90,74,0,480,0,3,24,0,27,316,93,98,0,507,0,0,0,507
07/18/2021,DAL,TX,ASW,CE,Towers with Radar,375,113,124,2,614,0,4,12,1,17,375,117,136,3,631,0,0,0,631
07/19/2021,DAL,TX,ASW,CE,Towers with Radar,374,101,119,6,600,0,0,6,0,6,374,101,125,6,606,0,0,0,606
07/20/2021,DAL,TX,ASW,CE,Towers with Radar,377,102,142,1,622,0,0,11,0,11,377,102,153,1,633,0,0,0,633
07/21/2021,DAL,TX,ASW,CE,Towers with Radar,360,127,147,2,636,0,3,15,0,18,360,130,162,2,654,0,0,0,654
07/22/2021,DAL,TX,ASW,CE,Towers with Radar,385,128,131,6,650,0,6,12,2,20,385,134,143,8,670,0,0,0,670
07/23/2021,DAL,TX,ASW,CE,Towers with Radar,380,91,130,2,603,0,7,10,0,17,380,98,140,2,620,0,0,0,620
07/24/2021,DAL,TX,ASW,CE,Towers with Radar,323,94,71,0,488,0,6,14,2,22,323,100,85,2,510,0,0,0,510
07/25/2021,DAL,TX,ASW,CE,Towers with Radar,384,99,117,0,600,0,4,5,0,9,384,103,122,0,609,0,0,0,609
07/26/2021,DAL,TX,ASW,CE,Towers with Radar,391,94,111,4,600,0,4,12,5,21,391,98,123,9,621,0,0,0,621
07/27/2021,DAL,TX,ASW,CE,Towers with Radar,366,112,115,6,599,0,1,10,1,12,366,113,125,7,611,0,0,0,611
07/28/2021,DAL,TX,ASW,CE,Towers with Radar,366,105,122,0,593,0,7,13,2,22,366,112,135,2,615,0,0,0,615
07/29/2021,DAL,TX,ASW,CE,Towers with Radar,377,114,120,1,612,0,3,6,0,9,377,117,126,1,621,0,0,0,621
07/30/2021,DAL,TX,ASW,CE,Towers with Radar,388,102,119,7,616,0,5,15,4,24,388,107,134,11,640,0,0,0,640
07/31/2021,DAL,TX,ASW,CE,Towers with Radar,323,110,59,1,493,0,4,14,0,18,323,114,73,1,511,0,0,0,511
08/01/2021,DAL,TX,ASW,CE,Towers with Radar,302,108,116,4,530,0,12,7,3,22,302,120,123,7,552,0,0,0,552
08/02/2021,DAL,TX,ASW,CE,Towers with Radar,371,119,143,4,637,0,3,3,0,6,371,122,146,4,643,0,0,0,643
08/03/2021,DAL,TX,ASW,CE,Towers with Radar,359,130,105,1,595,0,2,10,7,19,359,132,115,8,614,0,0,0,614
08/04/2021,DAL,TX,ASW,CE,Towers with Radar,366,127,114,0,607,0,12,9,2,23,366,139,123,2,630,0,0,0,630
08/05/2021,DAL,TX,ASW,CE,Towers with Radar,378,118,125,1,622,0,5,7,0,12,378,123,132,1,634,0,0,0,634
08/06/2021,DAL,TX,ASW,CE,Towers with Radar,379,108,96,7,590,0,8,12,2,22,379,116,108,9,612,0,0,0,612
08/07/2021,DAL,TX,ASW,CE,Towers with Radar,320,103,76,1,500,0,7,16,0,23,320,110,92,1,523,0,0,0,523
08/08/2021,DAL,TX,ASW,CE,Towers with Radar,373,130,116,5,624,0,3,7,1,11,373,133,123,6,635,0,0,0,635
08/09/2021,DAL,TX,ASW,CE,Towers with Radar,369,109,90,4,572,0,1,10,4,15,369,110,100,8,587,0,0,0,587
08/10/2021,DAL,TX,ASW,CE,Towers with Radar,355,109,130,3,597,0,16,10,0,26,355,125,140,3,623,0,0,0,623
08/11/2021,DAL,TX,ASW,CE,Towers with Radar,355,124,105,5,589,0,1,11,0,12,355,125,116,5,601,0,0,0,601
08/12/2021,DAL,TX,ASW,CE,Towers with Radar,382,121,147,5,655,0,5,14,1,20,382,126,161,6,675,0,0,0,675
08/13/2021,DAL,TX,ASW,CE,Towers with Radar,369,113,128,4,614,0,7,12,0,19,369,120,140,4,633,0,0,0,633
08/14/2021,DAL,TX,ASW,CE,Towers with Radar,304,77,73,3,457,0,4,4,0,8,304,81,77,3,465,0,0,0,465
08/15/2021,DAL,TX,ASW,CE,Towers with Radar,349,112,162,4,627,0,4,3,0,7,349,116,165,4,634,0,0,0,634
08/16/2021,DAL,TX,ASW,CE,Towers with Radar,367,118,115,1,601,0,1,13,0,14,367,119,128,1,615,0,0,0,615
08/17/2021,DAL,TX,ASW,CE,Towers with Radar,260,82,106,4,452,0,1,8,0,9,260,83,114,4,461,0,0,0,461
08/18/2021,DAL,TX,ASW,CE,Towers with Radar,304,125,152,2,583,0,0,1,0,1,304,125,153,2,584,0,0,0,584
08/19/2021,DAL,TX,ASW,CE,Towers with Radar,380,144,166,3,693,0,2,11,2,15,380,146,177,5,708,0,0,0,708
08/20/2021,DAL,TX,ASW,CE,Towers with Radar,364,136,132,4,636,0,1,19,2,22,364,137,151,6,658,0,0,0,658
08/21/2021,DAL,TX,ASW,CE,Towers with Radar,298,84,93,0,475,0,9,18,0,27,298,93,111,0,502,0,0,0,502
08/22/2021,DAL,TX,ASW,CE,Towers with Radar,367,119,124,0,610,0,1,15,0,16,367,120,139,0,626,0,0,0,626
08/23/2021,DAL,TX,ASW,CE,Towers with Radar,373,109,114,3,599,0,1,18,0,19,373,110,132,3,618,0,0,0,618
08/24/2021,DAL,TX,ASW,CE,Towers with Radar,355,126,145,4,630,0,0,9,6,15,355,126,154,10,645,0,0,0,645
08/25/2021,DAL,TX,ASW,CE,Towers with Radar,353,131,154,8,646,0,1,17,0,18,353,132,171,8,664,0,0,0,664
08/26/2021,DAL,TX,ASW,CE,Towers with Radar,377,120,146,2,645,0,3,13,0,16,377,123,159,2,661,0,0,0,661
08/27/2021,DAL,TX,ASW,CE,Towers with Radar,360,145,134,9,648,0,6,23,0,29,360,151,157,9,677,0,0,0,677
08/28/2021,DAL,TX,ASW,CE,Towers with Radar,313,91,115,0,519,0,6,11,0,17,313,97,126,0,536,0,0,0,536
08/29/2021,DAL,TX,ASW,CE,Towers with Radar,362,98,125,14,599,0,3,7,0,10,362,101,132,14,609,0,0,0,609
08/30/2021,DAL,TX,ASW,CE,Towers with Radar,362,94,119,4,579,0,5,11,2,18,362,99,130,6,597,0,0,0,597
08/31/2021,DAL,TX,ASW,CE,Towers with Radar,345,100,126,1,572,0,4,10,0,14,345,104,136,1,586,0,0,0,586
09/01/2021,DAL,TX,ASW,CE,Towers with Radar,346,133,123,0,602,0,7,11,0,18,346,140,134,0,620,0,0,0,620
09/02/2021,DAL,TX,ASW,CE,Towers with Radar,370,141,146,0,657,0,4,7,0,11,370,145,153,0,668,0,0,0,668
09/03/2021,DAL,TX,ASW,CE,Towers with Radar,364,134,159,0,657,0,5,19,2,26,364,139,178,2,683,0,0,0,683
09/04/2021,DAL,TX,ASW,CE,Towers with Radar,325,99,75,0,499,0,6,12,1,19,325,105,87,1,518,0,0,0,518
09/05/2021,DAL,TX,ASW,CE,Towers with Radar,367,64,60,0,491,0,7,6,3,16,367,71,66,3,507,0,0,0,507
09/06/2021,DAL,TX,ASW,CE,Towers with Radar,376,135,156,0,667,0,10,7,0,17,376,145,163,0,684,0,0,0,684
09/07/2021,DAL,TX,ASW,CE,Towers with Radar,344,122,105,6,577,0,3,20,0,23,344,125,125,6,600,0,0,0,600
09/08/2021,DAL,TX,ASW,CE,Towers with Radar,341,134,116,4,595,0,6,14,0,20,341,140,130,4,615,0,0,0,615
09/09/2021,DAL,TX,ASW,CE,Towers with Radar,378,145,176,0,699,0,3,9,0,12,378,148,185,0,711,0,0,0,711
09/10/2021,DAL,TX,ASW,CE,Towers with Radar,372,145,159,0,676,0,3,21,0,24,372,148,180,0,700,0,0,0,700
09/11/2021,DAL,TX,ASW,CE,Towers with Radar,296,104,140,2,542,0,8,20,2,30,296,112,160,4,572,0,0,0,572
09/12/2021,DAL,TX,ASW,CE,Towers with Radar,402,126,174,0,702,0,4,6,1,11,402,130,180,1,713,0,0,0,713
09/13/2021,DAL,TX,ASW,CE,Towers with Radar,366,81,134,0,581,0,1,10,1,12,366,82,144,1,593,0,0,0,593
09/14/2021,DAL,TX,ASW,CE,Towers with Radar,320,87,154,1,562,0,4,15,0,19,320,91,169,1,581,0,0,0,581
09/15/2021,DAL,TX,ASW,CE,Towers with Radar,345,107,137,0,589,0,5,13,0,18,345,112,150,0,607,0,0,0,607
09/16/2021,DAL,TX,ASW,CE,Towers with Radar,377,127,181,2,687,0,3,6,1,10,377,130,187,3,697,0,0,0,697
09/17/2021,DAL,TX,ASW,CE,Towers with Radar,375,148,141,2,666,0,5,12,0,17,375,153,153,2,683,0,0,0,683
09/18/2021,DAL,TX,ASW,CE,Towers with Radar,294,100,93,0,487,0,10,12,1,23,294,110,105,1,510,0,0,0,510
09/19/2021,DAL,TX,ASW,CE,Towers with Radar,408,126,117,0,651,0,6,18,2,26,408,132,135,2,677,0,0,0,677
09/20/2021,DAL,TX,ASW,CE,Towers with Radar,377,130,111,2,620,0,6,6,3,15,377,136,117,5,635,0,0,0,635
09/21/2021,DAL,TX,ASW,CE,Towers with Radar,340,129,152,0,621,0,3,12,0,15,340,132,164,0,636,0,0,0,636
09/22/2021,DAL,TX,ASW,CE,Towers with Radar,347,127,144,0,618,0,2,16,0,18,347,129,160,0,636,0,0,0,636
09/23/2021,DAL,TX,ASW,CE,Towers with Radar,375,126,160,0,661,0,7,23,2,32,375,133,183,2,693,0,0,0,693
09/24/2021,DAL,TX,ASW,CE,Towers with Radar,378,141,149,2,670,0,1,25,1,27,378,142,174,3,697,0,0,0,697
09/25/2021,DAL,TX,ASW,CE,Towers with Radar,296,99,103,0,498,0,13,17,0,30,296,112,120,0,528,0,0,0,528
09/26/2021,DAL,TX,ASW,CE,Towers with Radar,405,118,121,0,644,0,3,13,0,16,405,121,134,0,660,0,0,0,660
09/27/2021,DAL,TX,ASW,CE,Towers with Radar,378,137,134,2,651,0,10,26,2,38,378,147,160,4,689,0,0,0,689
09/28/2021,DAL,TX,ASW,CE,Towers with Radar,331,129,172,1,633,0,3,15,0,18,331,132,187,1,651,0,0,0,651
09/29/2021,DAL,TX,ASW,CE,Towers with Radar,355,137,148,3,643,0,1,7,0,8,355,138,155,3,651,0,0,0,651
09/30/2021,DAL,TX,ASW,CE,Towers with Radar,333,136,137,2,608,0,0,8,2,10,333,136,145,4,618,0,0,0,618
10/01/2021,DAL,TX,ASW,CE,Towers with Radar,387,123,125,1,636,0,3,7,2,12,387,126,132,3,648,0,0,0,648
10/02/2021,DAL,TX,ASW,CE,Towers with Radar,308,97,74,3,482,0,2,4,1,7,308,99,78,4,489,0,0,0,489
10/03/2021,DAL,TX,ASW,CE,Towers with Radar,410,121,133,0,664,0,14,19,0,33,410,135,152,0,697,0,0,0,697
10/04/2021,DAL,TX,ASW,CE,Towers with Radar,387,112,133,4,636,0,5,22,1,28,387,117,155,5,664,0,0,0,664
10/05/2021,DAL,TX,ASW,CE,Towers with Radar,342,94,134,2,572,0,0,10,2,12,342,94,144,4,584,0,0,0,584
10/06/2021,DAL,TX,ASW,CE,Towers with Radar,351,139,145,2,637,0,4,10,0,14,351,143,155,2,651,0,0,0,651
10/07/2021,DAL,TX,ASW,CE,Towers with Radar,403,142,157,2,704,0,4,14,4,22,403,146,171,6,726,0,0,0,726
10/08/2021,DAL,TX,ASW,CE,Towers with Radar,398,146,164,1,709,0,2,21,0,23,398,148,185,1,732,0,0,0,732
10/09/2021,DAL,TX,ASW,CE,Towers with Radar,239,140,165,3,547,0,2,19,2,23,239,142,184,5,570,0,0,0,570
10/10/2021,DAL,TX,ASW,CE,Towers with Radar,253,123,134,2,512,0,2,11,0,13,253,125,145,2,525,0,0,0,525
10/11/2021,DAL,TX,ASW,CE,Towers with Radar,383,142,136,1,662,0,5,12,1,18,383,147,148,2,680,0,0,0,680
10/12/2021,DAL,TX,ASW,CE,Towers with Radar,368,123,135,4,630,0,3,6,0,9,368,126,141,4,639,0,0,0,639
10/13/2021,DAL,TX,ASW,CE,Towers with Radar,303,100,112,1,516,0,0,6,1,7,303,100,118,2,523,0,0,0,523
10/14/2021,DAL,TX,ASW,CE,Towers with Radar,405,137,165,2,709,0,0,7,0,7,405,137,172,2,716,0,0,0,716
10/15/2021,DAL,TX,ASW,CE,Towers with Radar,416,116,135,6,673,0,7,10,0,17,416,123,145,6,690,0,0,0,690
10/16/2021,DAL,TX,ASW,CE,Towers with Radar,301,104,103,0,508,0,6,9,1,16,301,110,112,1,524,0,0,0,524
10/17/2021,DAL,TX,ASW,CE,Towers with Radar,403,114,131,3,651,0,3,8,0,11,403,117,139,3,662,0,0,0,662
10/18/2021,DAL,TX,ASW,CE,Towers with Radar,405,105,145,2,657,0,7,11,3,21,405,112,156,5,678,0,0,0,678
10/19/2021,DAL,TX,ASW,CE,Towers with Radar,370,137,131,0,638,0,6,12,0,18,370,143,143,0,656,0,0,0,656
10/20/2021,DAL,TX,ASW,CE,Towers with Radar,386,140,158,1,685,0,0,17,0,17,386,140,175,1,702,0,0,0,702
10/21/2021,DAL,TX,ASW,CE,Towers with Radar,406,140,171,2,719,0,4,15,3,22,406,144,186,5,741,0,0,0,741
10/22/2021,DAL,TX,ASW,CE,Towers with Radar,400,125,132,5,662,0,0,17,1,18,400,125,149,6,680,0,0,0,680
10/23/2021,DAL,TX,ASW,CE,Towers with Radar,305,92,89,0,486,0,1,10,0,11,305,93,99,0,497,0,0,0,497
10/24/2021,DAL,TX,ASW,CE,Towers with Radar,369,112,140,2,623,0,0,9,0,9,369,112,149,2,632,0,0,0,632
10/25/2021,DAL,TX,ASW,CE,Towers with Radar,421,114,149,3,687,0,10,8,0,18,421,124,157,3,705,0,0,0,705
10/26/2021,DAL,TX,ASW,CE,Towers with Radar,383,116,152,4,655,0,3,8,1,12,383,119,160,5,667,0,0,0,667
10/27/2021,DAL,TX,ASW,CE,Towers with Radar,358,122,133,4,617,0,1,10,0,11,358,123,143,4,628,0,0,0,628
10/28/2021,DAL,TX,ASW,CE,Towers with Radar,399,115,129,1,644,0,6,2,0,8,399,121,131,1,652,0,0,0,652
10/29/2021,DAL,TX,ASW,CE,Towers with Radar,411,103,129,0,643,0,6,19,0,25,411,109,148,0,668,0,0,0,668
10/30/2021,DAL,TX,ASW,CE,Towers with Radar,303,93,93,0,489,0,1,18,0,19,303,94,111,0,508,0,0,0,508
10/31/2021,DAL,TX,ASW,CE,Towers with Radar,385,135,99,0,619,0,5,12,0,17,385,140,111,0,636,0,0,0,636
11/01/2021,DAL,TX,ASW,CE,Towers with Radar,404,128,144,1,677,0,3,19,1,23,404,131,163,2,700,0,0,0,700
11/02/2021,DAL,TX,ASW,CE,Towers with Radar,387,117,142,4,650,0,1,2,0,3,387,118,144,4,653,0,0,0,653
11/03/2021,DAL,TX,ASW,CE,Towers with Radar,376,150,140,3,669,0,0,0,0,0,376,150,140,3,669,0,0,0,669
11/04/2021,DAL,TX,ASW,CE,Towers with Radar,404,138,178,2,722,0,2,4,0,6,404,140,182,2,728,0,0,0,728
11/05/2021,DAL,TX,ASW,CE,Towers with Radar,409,136,175,3,723,0,1,19,0,20,409,137,194,3,743,0,0,0,743
11/06/2021,DAL,TX,ASW,CE,Towers with Radar,312,99,113,0,524,0,12,11,1,24,312,111,124,1,548,0,0,0,548
11/07/2021,DAL,TX,ASW,CE,Towers with Radar,348,153,159,1,661,0,2,36,0,38,348,155,195,1,699,0,0,0,699
11/08/2021,DAL,TX,ASW,CE,Towers with Radar,379,118,125,1,623,0,1,20,0,21,379,119,145,1,644,0,0,0,644
11/09/2021,DAL,TX,ASW,CE,Towers with Radar,324,113,170,2,609,0,4,14,0,18,324,117,184,2,627,0,0,0,627
11/10/2021,DAL,TX,ASW,CE,Towers with Radar,318,150,140,1,609,0,1,2,4,7,318,151,142,5,616,0,0,0,616
11/11/2021,DAL,TX,ASW,CE,Towers with Radar,388,170,160,0,718,0,4,17,3,24,388,174,177,3,742,0,0,0,742
11/12/2021,DAL,TX,ASW,CE,Towers with Radar,384,122,143,0,649,0,8,8,0,16,384,130,151,0,665,0,0,0,665
11/13/2021,DAL,TX,ASW,CE,Towers with Radar,289,97,93,0,479,0,2,14,0,16,289,99,107,0,495,0,0,0,495
11/14/2021,DAL,TX,ASW,CE,Towers with Radar,358,133,141,0,632,0,6,14,0,20,358,139,155,0,652,0,0,0,652
11/15/2021,DAL,TX,ASW,CE,Towers with Radar,378,119,155,2,654,0,7,16,3,26,378,126,171,5,680,0,0,0,680
11/16/2021,DAL,TX,ASW,CE,Towers with Radar,325,107,149,3,584,0,2,11,0,13,325,109,160,3,597,0,0,0,597
11/17/2021,DAL,TX,ASW,CE,Towers with Radar,321,137,160,6,624,0,7,8,0,15,321,144,168,6,639,0,0,0,639
11/18/2021,DAL,TX,ASW,CE,Towers with Radar,378,130,167,5,680,0,5,18,0,23,378,135,185,5,703,0,0,0,703
11/19/2021,DAL,TX,ASW,CE,Towers with Radar,381,141,156,2,680,0,6,12,2,20,381,147,168,4,700,0,0,0,700
11/20/2021,DAL,TX,ASW,CE,Towers with Radar,355,121,132,2,610,0,3,5,0,8,355,124,137,2,618,0,0,0,618
11/21/2021,DAL,TX,ASW,CE,Towers with Radar,351,138,168,2,659,0,1,5,0,6,351,139,173,2,665,0,0,0,665
11/22/2021,DAL,TX,ASW,CE,Towers with Radar,387,135,135,2,659,0,7,11,0,18,387,142,146,2,677,0,0,0,677
11/23/2021,DAL,TX,ASW,CE,Towers with Radar,390,141,133,3,667,0,3,12,0,15,390,144,145,3,682,0,0,0,682
11/24/2021,DAL,TX,ASW,CE,Towers with Radar,387,137,141,2,667,0,5,7,1,13,387,142,148,3,680,0,0,0,680
11/25/2021,DAL,TX,ASW,CE,Towers with Radar,310,67,34,0,411,0,4,9,2,15,310,71,43,2,426,0,0,0,426
11/26/2021,DAL,TX,ASW,CE,Towers with Radar,318,94,93,0,505,0,6,16,0,22,318,100,109,0,527,0,0,0,527
11/27/2021,DAL,TX,ASW,CE,Towers with Radar,352,132,92,0,576,0,1,0,0,1,352,133,92,0,577,0,0,0,577
11/28/2021,DAL,TX,ASW,CE,Towers with Radar,403,134,162,0,699,0,2,7,0,9,403,136,169,0,708,0,0,0,708
11/29/2021,DAL,TX,ASW,CE,Towers with Radar,394,132,129,2,657,0,5,13,0,18,394,137,142,2,675,0,0,0,675
11/30/2021,DAL,TX,ASW,CE,Towers with Radar,379,115,137,5,636,0,3,13,1,17,379,118,150,6,653,0,0,0,653
12/01/2021,DAL,TX,ASW,CE,Towers with Radar,318,112,138,2,570,0,4,29,4,37,318,116,167,6,607,0,0,0,607
12/02/2021,DAL,TX,ASW,CE,Towers with Radar,320,152,127,1,600,0,3,16,0,19,320,155,143,1,619,0,0,0,619
12/03/2021,DAL,TX,ASW,CE,Towers with Radar,323,120,139,3,585,0,4,10,0,14,323,124,149,3,599,0,0,0,599
12/04/2021,DAL,TX,ASW,CE,Towers with Radar,283,101,73,10,467,0,2,9,0,11,283,103,82,10,478,0,0,0,478
12/05/2021,DAL,TX,ASW,CE,Towers with Radar,350,87,109,5,551,0,1,3,0,4,350,88,112,5,555,0,0,0,555
12/06/2021,DAL,TX,ASW,CE,Towers with Radar,324,117,107,2,550,0,1,13,0,14,324,118,120,2,564,0,0,0,564
12/07/2021,DAL,TX,ASW,CE,Towers with Radar,317,124,144,5,590,0,0,12,0,12,317,124,156,5,602,0,0,0,602
12/08/2021,DAL,TX,ASW,CE,Towers with Radar,317,161,167,1,646,0,7,3,0,10,317,168,170,1,656,0,0,0,656
12/09/2021,DAL,TX,ASW,CE,Towers with Radar,316,143,169,0,628,0,3,7,0,10,316,146,176,0,638,0,0,0,638
12/10/2021,DAL,TX,ASW,CE,Towers with Radar,325,142,144,5,616,0,5,15,2,22,325,147,159,7,638,0,0,0,638
12/11/2021,DAL,TX,ASW,CE,Towers with Radar,282,105,87,0,474,0,7,6,0,13,282,112,93,0,487,0,0,0,487
12/12/2021,DAL,TX,ASW,CE,Towers with Radar,353,124,127,0,604,0,7,8,1,16,353,131,135,1,620,0,0,0,620
12/13/2021,DAL,TX,ASW,CE,Towers with Radar,321,129,130,1,581,0,0,11,0,11,321,129,141,1,592,0,0,0,592
12/14/2021,DAL,TX,ASW,CE,Towers with Radar,324,117,198,1,640,0,2,9,0,11,324,119,207,1,651,0,0,0,651
12/15/2021,DAL,TX,ASW,CE,Towers with Radar,323,130,182,6,641,0,5,7,0,12,323,135,189,6,653,0,0,0,653
12/16/2021,DAL,TX,ASW,CE,Towers with Radar,378,115,162,1,656,0,4,8,0,12,378,119,170,1,668,0,0,0,668
12/17/2021,DAL,TX,ASW,CE,Towers with Radar,379,140,126,0,645,0,3,7,0,10,379,143,133,0,655,0,0,0,655
12/18/2021,DAL,TX,ASW,CE,Towers with Radar,345,110,92,0,547,0,2,6,0,8,345,112,98,0,555,0,0,0,555
12/19/2021,DAL,TX,ASW,CE,Towers with Radar,356,128,85,0,569,0,7,5,0,12,356,135,90,0,581,0,0,0,581
12/20/2021,DAL,TX,ASW,CE,Towers with Radar,376,113,114,4,607,0,1,9,0,10,376,114,123,4,617,0,0,0,617
12/21/2021,DAL,TX,ASW,CE,Towers with Radar,378,115,119,6,618,0,0,6,0,6,378,115,125,6,624,0,0,0,624
12/22/2021,DAL,TX,ASW,CE,Towers with Radar,385,119,101,0,605,0,0,6,0,6,385,119,107,0,611,0,0,0,611
12/23/2021,DAL,TX,ASW,CE,Towers with Radar,401,126,85,0,612,0,3,11,0,14,401,129,96,0,626,0,0,0,626
12/24/2021,DAL,TX,ASW,CE,Towers with Radar,316,75,38,0,429,0,3,2,1,6,316,78,40,1,435,0,0,0,435
12/25/2021,DAL,TX,ASW,CE,Towers with Radar,272,86,26,0,384,0,1,4,2,7,272,87,30,2,391,0,0,0,391
12/26/2021,DAL,TX,ASW,CE,Towers with Radar,384,105,126,0,615,0,4,10,0,14,384,109,136,0,629,0,0,0,629
12/27/2021,DAL,TX,ASW,CE,Towers with Radar,383,120,140,0,643,0,5,16,2,23,383,125,156,2,666,0,0,0,666
12/28/2021,DAL,TX,ASW,CE,Towers with Radar,399,109,125,2,635,0,1,14,0,15,399,110,139,2,650,0,0,0,650
12/29/2021,DAL,TX,ASW,CE,Towers with Radar,405,116,135,0,656,0,1,9,0,10,405,117,144,0,666,0,0,0,666
12/30/2021,DAL,TX,ASW,CE,Towers with Radar,394,105,116,0,615,0,5,6,4,15,394,110,122,4,630,0,0,0,630
12/31/2021,DAL,TX,ASW,CE,Towers with Radar,317,94,71,0,482,0,1,5,2,8,317,95,76,2,490,0,0,0,490
01/01/2022,DAL,TX,ASW,CE,Towers with Radar,320,104,77,0,501,0,3,3,0,6,320,107,80,0,507,0,0,0,507
01/02/2022,DAL,TX,ASW,CE,Towers with Radar,362,120,136,0,618,0,3,16,3,22,362,123,152,3,640,0,0,0,640
01/03/2022,DAL,TX,ASW,CE,Towers with Radar,352,117,137,0,606,0,2,20,1,23,352,119,157,1,629,0,0,0,629
01/04/2022,DAL,TX,ASW,CE,Towers with Radar,299,106,113,2,520,0,3,7,3,13,299,109,120,5,533,0,0,0,533
01/05/2022,DAL,TX,ASW,CE,Towers with Radar,300,112,119,4,535,0,2,13,2,17,300,114,132,6,552,0,0,0,552
01/06/2022,DAL,TX,ASW,CE,Towers with Radar,256,125,123,1,505,0,3,21,0,24,256,128,144,1,529,0,0,0,529
01/07/2022,DAL,TX,ASW,CE,Towers with Radar,284,131,117,4,536,0,2,7,2,11,284,133,124,6,547,0,0,0,547
01/08/2022,DAL,TX,ASW,CE,Towers with Radar,269,88,81,1,439,0,1,0,0,1,269,89,81,1,440,0,0,0,440
01/09/2022,DAL,TX,ASW,CE,Towers with Radar,346,116,116,2,580,0,0,7,0,7,346,116,123,2,587,0,0,0,587
01/10/2022,DAL,TX,ASW,CE,Towers with Radar,300,108,131,1,540,0,4,24,0,28,300,112,155,1,568,0,0,0,568
01/11/2022,DAL,TX,ASW,CE,Towers with Radar,311,110,123,2,546,0,8,8,0,16,311,118,131,2,562,0,0,0,562
01/12/2022,DAL,TX,ASW,CE,Towers with Radar,313,108,124,4,549,0,1,11,0,12,313,109,135,4,561,0,0,0,561
01/13/2022,DAL,TX,ASW,CE,Towers with Radar,310,120,107,4,541,0,6,21,0,27,310,126,128,4,568,0,0,0,568
01/14/2022,DAL,TX,ASW,CE,Towers with Radar,371,123,123,2,619,0,5,8,3,16,371,128,131,5,635,0,0,0,635
01/15/2022,DAL,TX,ASW,CE,Towers with Radar,277,93,66,0,436,0,0,8,0,8,277,93,74,0,444,0,0,0,444
01/16/2022,DAL,TX,ASW,CE,Towers with Radar,326,133,92,2,553,0,7,21,0,28,326,140,113,2,581,0,0,0,581
01/17/2022,DAL,TX,ASW,CE,Towers with Radar,366,145,142,0,653,0,2,16,2,20,366,147,158,2,673,0,0,0,673
01/18/2022,DAL,TX,ASW,CE,Towers with Radar,347,133,106,3,589,0,0,16,0,16,347,133,122,3,605,0,0,0,605
01/19/2022,DAL,TX,ASW,CE,Towers with Radar,337,115,104,0,556,0,0,9,0,9,337,115,113,0,565,0,0,0,565
01/20/2022,DAL,TX,ASW,CE,Towers with Radar,365,118,120,1,604,0,5,15,4,24,365,123,135,5,628,0,0,0,628
01/21/2022,DAL,TX,ASW,CE,Towers with Radar,366,118,99,1,584,0,8,17,0,25,366,126,116,1,609,0,0,0,609
01/22/2022,DAL,TX,ASW,CE,Towers with Radar,275,88,71,0,434,0,6,15,2,23,275,94,86,2,457,0,0,0,457
01/23/2022,DAL,TX,ASW,CE,Towers with Radar,368,100,117,2,587,0,3,13,0,16,368,103,130,2,603,0,0,0,603
01/24/2022,DAL,TX,ASW,CE,Towers with Radar,367,120,96,3,586,0,0,2,2,4,367,120,98,5,590,0,0,0,590
01/25/2022,DAL,TX,ASW,CE,Towers with Radar,340,117,108,2,567,0,3,11,0,14,340,120,119,2,581,0,0,0,581
01/26/2022,DAL,TX,ASW,CE,Towers with Radar,344,110,133,3,590,0,2,19,0,21,344,112,152,3,611,0,0,0,611
01/27/2022,DAL,TX,ASW,CE,Towers with Radar,373,135,148,1,657,0,2,13,0,15,373,137,161,1,672,0,0,0,672
01/28/2022,DAL,TX,ASW,CE,Towers with Radar,364,114,140,6,624,0,2,6,0,8,364,116,146,6,632,0,0,0,632
01/29/2022,DAL,TX,ASW,CE,Towers with Radar,276,92,58,0,426,0,5,15,0,20,276,97,73,0,446,0,0,0,446
01/30/2022,DAL,TX,ASW,CE,Towers with Radar,368,110,123,6,607,0,13,8,3,24,368,123,131,9,631,0,0,0,631
01/31/2022,DAL,TX,ASW,CE,Towers with Radar,373,102,130,0,605,0,2,13,0,15,373,104,143,0,620,0,0,0,620
02/01/2022,DAL,TX,ASW,CE,Towers with Radar,343,118,139,2,602,0,1,9,2,12,343,119,148,4,614,0,0,0,614
02/02/2022,DAL,TX,ASW,CE,Towers with Radar,233,122,133,1,489,0,0,2,0,2,233,122,135,1,491,0,0,0,491
02/03/2022,DAL,TX,ASW,CE,Towers with Radar,4,32,19,0,55,0,1,0,2,3,4,33,19,2,58,0,0,0,58
02/04/2022,DAL,TX,ASW,CE,Towers with Radar,211,115,120,0,446,0,3,5,0,8,211,118,125,0,454,0,0,0,454
02/05/2022,DAL,TX,ASW,CE,Towers with Radar,205,81,69,1,356,0,4,13,0,17,205,85,82,1,373,0,0,0,373
02/06/2022,DAL,TX,ASW,CE,Towers with Radar,368,118,111,0,597,0,2,11,0,13,368,120,122,0,610,0,0,0,610
02/07/2022,DAL,TX,ASW,CE,Towers with Radar,374,98,134,0,606,0,2,19,0,21,374,100,153,0,627,0,0,0,627
02/08/2022,DAL,TX,ASW,CE,Towers with Radar,342,134,145,2,623,0,2,26,0,28,342,136,171,2,651,0,0,0,651
02/09/2022,DAL,TX,ASW,CE,Towers with Radar,350,136,133,4,623,0,3,27,4,34,350,139,160,8,657,0,0,0,657
02/10/2022,DAL,TX,ASW,CE,Towers with Radar,372,156,174,7,709,0,5,9,2,16,372,161,183,9,725,0,0,0,725
02/11/2022,DAL,TX,ASW,CE,Towers with Radar,374,137,165,3,679,0,5,21,2,28,374,142,186,5,707,0,0,0,707
02/12/2022,DAL,TX,ASW,CE,Towers with Radar,281,99,77,0,457,0,5,14,0,19,281,104,91,0,476,0,0,0,476
02/13/2022,DAL,TX,ASW,CE,Towers with Radar,368,126,86,1,581,0,6,16,0,22,368,132,102,1,603,0,0,0,603
02/14/2022,DAL,TX,ASW,CE,Towers with Radar,375,168,136,0,679,0,2,7,0,9,375,170,143,0,688,0,0,0,688
02/15/2022,DAL,TX,ASW,CE,Towers with Radar,347,142,135,2,626,0,7,10,3,20,347,149,145,5,646,0,0,0,646
02/16/2022,DAL,TX,ASW,CE,Towers with Radar,346,134,144,0,624,0,1,11,0,12,346,135,155,0,636,0,0,0,636
02/17/2022,DAL,TX,ASW,CE,Towers with Radar,353,131,132,0,616,0,3,9,0,12,353,134,141,0,628,0,0,0,628
02/18/2022,DAL,TX,ASW,CE,Towers with Radar,369,138,171,4,682,0,14,16,0,30,369,152,187,4,712,0,0,0,712
02/19/2022,DAL,TX,ASW,CE,Towers with Radar,292,78,70,2,442,0,8,14,0,22,292,86,84,2,464,0,0,0,464
02/20/2022,DAL,TX,ASW,CE,Towers with Radar,369,102,121,4,596,0,6,8,1,15,369,108,129,5,611,0,0,0,611
02/21/2022,DAL,TX,ASW,CE,Towers with Radar,376,121,153,4,654,0,3,6,0,9,376,124,159,4,663,0,0,0,663
02/22/2022,DAL,TX,ASW,CE,Towers with Radar,353,150,154,3,660,0,4,13,0,17,353,154,167,3,677,0,0,0,677
02/23/2022,DAL,TX,ASW,CE,Towers with Radar,257,92,88,2,439,0,0,0,0,0,257,92,88,2,439,0,0,0,439
02/24/2022,DAL,TX,ASW,CE,Towers with Radar,171,116,106,0,393,0,0,0,0,0,171,116,106,0,393,0,0,0,393
02/25/2022,DAL,TX,ASW,CE,Towers with Radar,376,158,148,0,682,0,2,10,0,12,376,160,158,0,694,0,0,0,694
02/26/2022,DAL,TX,ASW,CE,Towers with Radar,292,112,84,0,488,0,0,2,2,4,292,112,86,2,492,0,0,0,492
02/27/2022,DAL,TX,ASW,CE,Towers with Radar,370,123,149,0,642,0,3,10,1,14,370,126,159,1,656,0,0,0,656
02/28/2022,DAL,TX,ASW,CE,Towers with Radar,374,136,131,2,643,0,3,16,0,19,374,139,147,2,662,0,0,0,662
03/01/2022,DAL,TX,ASW,CE,Towers with Radar,359,124,127,3,613,0,10,23,1,34,359,134,150,4,647,0,0,0,647
03/02/2022,DAL,TX,ASW,CE,Towers with Radar,362,149,148,4,663,0,7,11,0,18,362,156,159,4,681,0,0,0,681
03/03/2022,DAL,TX,ASW,CE,Towers with Radar,378,150,146,2,676,0,2,17,1,20,378,152,163,3,696,0,0,0,696
03/04/2022,DAL,TX,ASW,CE,Towers with Radar,375,155,139,3,672,0,6,1,0,7,375,161,140,3,679,0,0,0,679
03/05/2022,DAL,TX,ASW,CE,Towers with Radar,278,127,92,5,502,0,6,11,0,17,278,133,103,5,519,0,0,0,519
03/06/2022,DAL,TX,ASW,CE,Towers with Radar,358,131,124,4,617,0,6,16,0,22,358,137,140,4,639,0,0,0,639
03/07/2022,DAL,TX,ASW,CE,Towers with Radar,386,120,150,2,658,0,2,11,0,13,386,122,161,2,671,0,0,0,671
03/08/2022,DAL,TX,ASW,CE,Towers with Radar,353,125,143,6,627,0,0,4,0,4,353,125,147,6,631,0,0,0,631
03/09/2022,DAL,TX,ASW,CE,Towers with Radar,351,148,149,4,652,0,2,22,4,28,351,150,171,8,680,0,0,0,680
03/10/2022,DAL,TX,ASW,CE,Towers with Radar,371,134,186,3,694,0,4,21,3,28,371,138,207,6,722,0,0,0,722
03/11/2022,DAL,TX,ASW,CE,Towers with Radar,336,139,176,6,657,0,1,5,0,6,336,140,181,6,663,0,0,0,663
03/12/2022,DAL,TX,ASW,CE,Towers with Radar,293,161,147,3,604,0,5,9,0,14,293,166,156,3,618,0,0,0,618
03/13/2022,DAL,TX,ASW,CE,Towers with Radar,339,112,125,0,576,0,5,4,0,9,339,117,129,0,585,0,0,0,585
03/14/2022,DAL,TX,ASW,CE,Towers with Radar,338,83,107,4,532,0,0,13,0,13,338,83,120,4,545,0,0,0,545
03/15/2022,DAL,TX,ASW,CE,Towers with Radar,395,104,102,3,604,0,6,16,5,27,395,110,118,8,631,0,0,0,631
03/16/2022,DAL,TX,ASW,CE,Towers with Radar,374,131,129,2,636,0,4,18,1,23,374,135,147,3,659,0,0,0,659
03/17/2022,DAL,TX,ASW,CE,Towers with Radar,365,124,127,4,620,0,1,15,2,18,365,125,142,6,638,0,0,0,638
03/18/2022,DAL,TX,ASW,CE,Towers with Radar,361,131,109,1,602,0,6,16,0,22,361,137,125,1,624,0,0,0,624
03/19/2022,DAL,TX,ASW,CE,Towers with Radar,320,130,110,0,560,0,5,6,1,12,320,135,116,1,572,0,0,0,572
03/20/2022,DAL,TX,ASW,CE,Towers with Radar,383,170,155,1,709,0,3,15,0,18,383,173,170,1,727,0,0,0,727
03/21/2022,DAL,TX,ASW,CE,Towers with Radar,250,108,93,3,454,0,2,0,0,2,250,110,93,3,456,0,0,0,456
03/22/2022,DAL,TX,ASW,CE,Towers with Radar,392,117,107,1,617,0,4,15,0,19,392,121,122,1,636,0,0,0,636
03/23/2022,DAL,TX,ASW,CE,Towers with Radar,383,148,149,2,682,0,6,14,0,20,383,154,163,2,702,0,0,0,702
03/24/2022,DAL,TX,ASW,CE,Towers with Radar,382,146,143,3,674,0,3,15,0,18,382,149,158,3,692,0,0,0,692
03/25/2022,DAL,TX,ASW,CE,Towers with Radar,383,164,116,4,667,0,2,12,0,14,383,166,128,4,681,0,0,0,681
03/26/2022,DAL,TX,ASW,CE,Towers with Radar,310,100,87,2,499,0,4,16,0,20,310,104,103,2,519,0,0,0,519
03/27/2022,DAL,TX,ASW,CE,Towers with Radar,382,119,105,0,606,0,6,10,0,16,382,125,115,0,622,0,0,0,622
03/28/2022,DAL,TX,ASW,CE,Towers with Radar,379,111,105,5,600,0,4,6,2,12,379,115,111,7,612,0,0,0,612
03/29/2022,DAL,TX,ASW,CE,Towers with Radar,382,127,148,2,659,0,1,6,0,7,382,128,154,2,666,0,0,0,666
03/30/2022,DAL,TX,ASW,CE,Towers with Radar,381,116,136,7,640,0,4,0,0,4,381,120,136,7,644,0,0,0,644
03/31/2022,DAL,TX,ASW,CE,Towers with Radar,377,139,138,4,658,0,3,12,0,15,377,142,150,4,673,0,0,0,673
04/01/2022,DAL,TX,ASW,CE,Towers with Radar,374,147,157,5,683,0,2,18,1,21,374,149,175,6,704,0,0,0,704
04/02/2022,DAL,TX,ASW,CE,Towers with Radar,259,112,85,1,457,0,6,12,0,18,259,118,97,1,475,0,0,0,475
04/03/2022,DAL,TX,ASW,CE,Towers with Radar,348,149,118,0,615,0,4,12,0,16,348,153,130,0,631,0,0,0,631
04/04/2022,DAL,TX,ASW,CE,Towers with Radar,309,135,114,0,558,0,3,8,0,11,309,138,122,0,569,0,0,0,569
04/05/2022,DAL,TX,ASW,CE,Towers with Radar,388,116,123,1,628,0,1,13,0,14,388,117,136,1,642,0,0,0,642
04/06/2022,DAL,TX,ASW,CE,Towers with Radar,377,134,142,1,654,0,5,9,0,14,377,139,151,1,668,0,0,0,668
04/07/2022,DAL,TX,ASW,CE,Towers with Radar,358,155,171,2,686,0,5,7,1,13,358,160,178,3,699,0,0,0,699
04/08/2022,DAL,TX,ASW,CE,Towers with Radar,384,152,177,3,716,0,0,20,0,20,384,152,197,3,736,0,0,0,736
04/09/2022,DAL,TX,ASW,CE,Towers with Radar,252,121,127,2,502,0,3,19,2,24,252,124,146,4,526,0,0,0,526
04/10/2022,DAL,TX,ASW,CE,Towers with Radar,378,127,151,0,656,0,5,10,0,15,378,132,161,0,671,0,0,0,671
04/11/2022,DAL,TX,ASW,CE,Towers with Radar,374,150,173,2,699,0,2,7,4,13,374,152,180,6,712,0,0,0,712
04/12/2022,DAL,TX,ASW,CE,Towers with Radar,332,137,158,2,629,0,0,8,0,8,332,137,166,2,637,0,0,0,637
04/13/2022,DAL,TX,ASW,CE,Towers with Radar,359,155,177,0,691,0,2,10,0,12,359,157,187,0,703,0,0,0,703
04/14/2022,DAL,TX,ASW,CE,Towers with Radar,385,191,224,0,800,0,5,11,2,18,385,196,235,2,818,0,0,0,818
04/15/2022,DAL,TX,ASW,CE,Towers with Radar,371,113,134,2,620,0,4,11,0,15,371,117,145,2,635,0,0,0,635
04/16/2022,DAL,TX,ASW,CE,Towers with Radar,251,73,65,0,389,0,7,2,2,11,251,80,67,2,400,0,0,0,400
04/17/2022,DAL,TX,ASW,CE,Towers with Radar,368,103,94,1,566,0,0,6,2,8,368,103,100,3,574,0,0,0,574
04/18/2022,DAL,TX,ASW,CE,Towers with Radar,376,130,154,8,668,0,12,13,0,25,376,142,167,8,693,0,0,0,693
04/19/2022,DAL,TX,ASW,CE,Towers with Radar,369,158,125,4,656,0,2,8,0,10,369,160,133,4,666,0,0,0,666
04/20/2022,DAL,TX,ASW,CE,Towers with Radar,373,160,158,1,692,0,2,11,0,13,373,162,169,1,705,0,0,0,705
04/21/2022,DAL,TX,ASW,CE,Towers with Radar,367,162,169,10,708,0,2,20,0,22,367,164,189,10,730,0,0,0,730
04/22/2022,DAL,TX,ASW,CE,Towers with Radar,374,160,116,2,652,0,7,7,4,18,374,167,123,6,670,0,0,0,670
04/23/2022,DAL,TX,ASW,CE,Towers with Radar,262,115,94,0,471,0,2,3,0,5,262,117,97,0,476,0,0,0,476
04/24/2022,DAL,TX,ASW,CE,Towers with Radar,355,135,133,0,623,0,2,4,0,6,355,137,137,0,629,0,0,0,629
04/25/2022,DAL,TX,ASW,CE,Towers with Radar,366,134,127,1,628,0,1,1,0,2,366,135,128,1,630,0,0,0,630
04/26/2022,DAL,TX,ASW,CE,Towers with Radar,379,133,154,5,671,0,1,14,2,17,379,134,168,7,688,0,0,0,688
04/27/2022,DAL,TX,ASW,CE,Towers with Radar,374,120,174,0,668,0,6,24,2,32,374,126,198,2,700,0,0,0,700
04/28/2022,DAL,TX,ASW,CE,Towers with Radar,374,145,164,1,684,0,6,9,0,15,374,151,173,1,699,0,0,0,699
04/29/2022,DAL,TX,ASW,CE,Towers with Radar,372,120,151,2,645,0,2,5,2,9,372,122,156,4,654,0,0,0,654
04/30/2022,DAL,TX,ASW,CE,Towers with Radar,246,103,71,2,422,0,1,7,0,8,246,104,78,2,430,0,0,0,430
05/01/2022,DAL,TX,ASW,CE,Towers with Radar,374,131,133,0,638,0,4,10,1,15,374,135,143,1,653,0,0,0,653
05/02/2022,DAL,TX,ASW,CE,Towers with Radar,369,123,119,0,611,0,5,11,0,16,369,128,130,0,627,0,0,0,627
05/03/2022,DAL,TX,ASW,CE,Towers with Radar,368,133,128,3,632,0,0,10,0,10,368,133,138,3,642,0,0,0,642
05/04/2022,DAL,TX,ASW,CE,Towers with Radar,325,158,163,0,646,0,2,2,0,4,325,160,165,0,650,0,0,0,650
05/05/2022,DAL,TX,ASW,CE,Towers with Radar,328,123,121,0,572,0,3,2,0,5,328,126,123,0,577,0,0,0,577
05/06/2022,DAL,TX,ASW,CE,Towers with Radar,382,153,144,4,683,0,4,17,0,21,382,157,161,4,704,0,0,0,704
05/07/2022,DAL,TX,ASW,CE,Towers with Radar,250,90,82,0,422,0,2,11,5,18,250,92,93,5,440,0,0,0,440
05/08/2022,DAL,TX,ASW,CE,Towers with Radar,374,128,126,3,631,0,0,10,0,10,374,128,136,3,641,0,0,0,641
05/09/2022,DAL,TX,ASW,CE,Towers with Radar,375,132,141,0,648,0,4,15,0,19,375,136,156,0,667,0,0,0,667
05/10/2022,DAL,TX,ASW,CE,Towers with Radar,375,110,167,1,653,0,1,9,0,10,375,111,176,1,663,0,0,0,663
05/11/2022,DAL,TX,ASW,CE,Towers with Radar,378,128,152,4,662,0,2,21,1,24,378,130,173,5,686,0,0,0,686
05/12/2022,DAL,TX,ASW,CE,Towers with Radar,378,156,194,4,732,0,5,25,2,32,378,161,219,6,764,0,0,0,764
05/13/2022,DAL,TX,ASW,CE,Towers with Radar,376,150,180,1,707,0,7,11,2,20,376,157,191,3,727,0,0,0,727
05/14/2022,DAL,TX,ASW,CE,Towers with Radar,251,124,102,0,477,0,5,12,4,21,251,129,114,4,498,0,0,0,498
05/15/2022,DAL,TX,ASW,CE,Towers with Radar,375,145,159,0,679,0,0,10,0,10,375,145,169,0,689,0,0,0,689
05/16/2022,DAL,TX,ASW,CE,Towers with Radar,380,135,163,1,679,0,8,17,2,27,380,143,180,3,706,0,0,0,706
05/17/2022,DAL,TX,ASW,CE,Towers with Radar,372,141,137,2,652,0,5,13,2,20,372,146,150,4,672,0,0,0,672
05/18/2022,DAL,TX,ASW,CE,Towers with Radar,372,115,201,1,689,0,2,6,2,10,372,117,207,3,699,0,0,0,699
05/19/2022,DAL,TX,ASW,CE,Towers with Radar,382,162,149,3,696,0,2,10,0,12,382,164,159,3,708,0,0,0,708
05/20/2022,DAL,TX,ASW,CE,Towers with Radar,363,158,162,7,690,0,1,12,1,14,363,159,174,8,704,0,0,0,704
05/21/2022,DAL,TX,ASW,CE,Towers with Radar,263,88,89,0,440,0,1,4,0,5,263,89,93,0,445,0,0,0,445
05/22/2022,DAL,TX,ASW,CE,Towers with Radar,373,137,141,7,658,0,2,4,2,8,373,139,145,9,666,0,0,0,666
05/23/2022,DAL,TX,ASW,CE,Towers with Radar,380,123,134,0,637,0,1,2,2,5,380,124,136,2,642,0,0,0,642
05/24/2022,DAL,TX,ASW,CE,Towers with Radar,289,109,134,2,534,0,0,0,0,0,289,109,134,2,534,0,0,0,534
05/25/2022,DAL,TX,ASW,CE,Towers with Radar,407,132,170,4,713,0,1,5,0,6,407,133,175,4,719,0,0,0,719
05/26/2022,DAL,TX,ASW,CE,Towers with Radar,374,153,139,0,666,0,13,17,1,31,374,166,156,1,697,0,0,0,697
05/27/2022,DAL,TX,ASW,CE,Towers with Radar,375,139,149,2,665,0,7,14,0,21,375,146,163,2,686,0,0,0,686
05/28/2022,DAL,TX,ASW,CE,Towers with Radar,248,89,62,0,399,0,5,5,0,10,248,94,67,0,409,0,0,0,409
05/29/2022,DAL,TX,ASW,CE,Towers with Radar,363,88,61,0,512,0,2,3,0,5,363,90,64,0,517,0,0,0,517
05/30/2022,DAL,TX,ASW,CE,Towers with Radar,377,101,90,0,568,0,4,7,0,11,377,105,97,0,579,0,0,0,579
05/31/2022,DAL,TX,ASW,CE,Towers with Radar,374,136,120,1,631,0,3,12,1,16,374,139,132,2,647,0,0,0,647
06/01/2022,DAL,TX,ASW,CE,Towers with Radar,312,124,135,2,573,0,0,5,0,5,312,124,140,2,578,0,0,0,578
06/02/2022,DAL,TX,ASW,CE,Towers with Radar,339,133,143,2,617,0,6,2,0,8,339,139,145,2,625,0,0,0,625
06/03/2022,DAL,TX,ASW,CE,Towers with Radar,369,155,137,1,662,0,4,7,0,11,369,159,144,1,673,0,0,0,673
06/04/2022,DAL,TX,ASW,CE,Towers with Radar,250,113,91,2,456,0,7,1,0,8,250,120,92,2,464,0,0,0,464
06/05/2022,DAL,TX,ASW,CE,Towers with Radar,366,133,133,2,634,0,3,10,0,13,366,136,143,2,647,0,0,0,647
06/06/2022,DAL,TX,ASW,CE,Towers with Radar,361,110,128,2,601,0,3,12,1,16,361,113,140,3,617,0,0,0,617
06/07/2022,DAL,TX,ASW,CE,Towers with Radar,366,107,100,0,573,0,2,6,0,8,366,109,106,0,581,0,0,0,581
06/08/2022,DAL,TX,ASW,CE,Towers with Radar,366,137,116,2,621,0,2,13,2,17,366,139,129,4,638,0,0,0,638
06/09/2022,DAL,TX,ASW,CE,Towers with Radar,360,126,132,0,618,0,3,6,0,9,360,129,138,0,627,0,0,0,627
06/10/2022,DAL,TX,ASW,CE,Towers with Radar,363,143,93,0,599,0,7,7,1,15,363,150,100,1,614,0,0,0,614
06/11/2022,DAL,TX,ASW,CE,Towers with Radar,346,98,86,2,532,0,2,6,0,8,346,100,92,2,540,0,0,0,540
06/12/2022,DAL,TX,ASW,CE,Towers with Radar,373,128,139,1,641,0,4,5,0,9,373,132,144,1,650,0,0,0,650
06/13/2022,DAL,TX,ASW,CE,Towers with Radar,368,104,101,0,573,0,3,6,1,10,368,107,107,1,583,0,0,0,583
06/14/2022,DAL,TX,ASW,CE,Towers with Radar,369,118,139,3,629,0,3,1,0,4,369,121,140,3,633,0,0,0,633
06/15/2022,DAL,TX,ASW,CE,Towers with Radar,370,138,135,4,647,0,4,10,0,14,370,142,145,4,661,0,0,0,661
06/16/2022,DAL,TX,ASW,CE,Towers with Radar,361,118,150,0,629,0,2,9,0,11,361,120,159,0,640,0,0,0,640
06/17/2022,DAL,TX,ASW,CE,Towers with Radar,373,106,144,0,623,0,2,19,0,21,373,108,163,0,644,0,0,0,644
06/18/2022,DAL,TX,ASW,CE,Towers with Radar,343,92,77,0,512,0,4,11,2,17,343,96,88,2,529,0,0,0,529
06/19/2022,DAL,TX,ASW,CE,Towers with Radar,358,108,124,0,590,0,3,10,0,13,358,111,134,0,603,0,0,0,603
06/20/2022,DAL,TX,ASW,CE,Towers with Radar,376,101,155,0,632,0,4,17,0,21,376,105,172,0,653,0,0,0,653
06/21/2022,DAL,TX,ASW,CE,Towers with Radar,363,124,123,2,612,0,3,9,0,12,363,127,132,2,624,0,0,0,624
06/22/2022,DAL,TX,ASW,CE,Towers with Radar,349,108,145,1,603,0,3,2,2,7,349,111,147,3,610,0,0,0,610
06/23/2022,DAL,TX,ASW,CE,Towers with Radar,359,123,142,4,628,0,2,8,1,11,359,125,150,5,639,0,0,0,639
06/24/2022,DAL,TX,ASW,CE,Towers with Radar,370,113,119,7,609,0,7,12,2,21,370,120,131,9,630,0,0,0,630
06/25/2022,DAL,TX,ASW,CE,Towers with Radar,353,125,87,1,566,0,5,16,4,25,353,130,103,5,591,0,0,0,591
06/26/2022,DAL,TX,ASW,CE,Towers with Radar,365,118,102,3,588,0,4,15,3,22,365,122,117,6,610,0,0,0,610
06/27/2022,DAL,TX,ASW,CE,Towers with Radar,364,103,120,1,588,0,6,18,1,25,364,109,138,2,613,0,0,0,613
06/28/2022,DAL,TX,ASW,CE,Towers with Radar,367,89,120,2,578,0,6,30,0,36,367,95,150,2,614,0,0,0,614
06/29/2022,DAL,TX,ASW,CE,Towers with Radar,368,142,159,0,669,0,9,12,0,21,368,151,171,0,690,0,0,0,690
06/30/2022,DAL,TX,ASW,CE,Towers with Radar,371,128,134,2,635,0,1,5,0,6,371,129,139,2,641,0,0,0,641
07/01/2022,DAL,TX,ASW,CE,Towers with Radar,362,149,153,0,664,0,2,11,0,13,362,151,164,0,677,0,0,0,677
07/02/2022,DAL,TX,ASW,CE,Towers with Radar,348,111,88,2,549,0,2,9,4,15,348,113,97,6,564,0,0,0,564
07/03/2022,DAL,TX,ASW,CE,Towers with Radar,359,66,51,0,476,0,6,9,0,15,359,72,60,0,491,0,0,0,491
07/04/2022,DAL,TX,ASW,CE,Towers with Radar,355,78,37,0,470,0,7,5,2,14,355,85,42,2,484,0,0,0,484
07/05/2022,DAL,TX,ASW,CE,Towers with Radar,361,127,122,0,610,0,4,12,0,16,361,131,134,0,626,0,0,0,626
07/06/2022,DAL,TX,ASW,CE,Towers with Radar,356,130,125,0,611,0,7,18,4,29,356,137,143,4,640,0,0,0,640
07/07/2022,DAL,TX,ASW,CE,Towers with Radar,374,117,113,0,604,0,5,8,2,15,374,122,121,2,619,0,0,0,619
07/08/2022,DAL,TX,ASW,CE,Towers with Radar,365,106,111,4,586,0,3,8,1,12,365,109,119,5,598,0,0,0,598
07/09/2022,DAL,TX,ASW,CE,Towers with Radar,344,102,87,2,535,0,3,10,0,13,344,105,97,2,548,0,0,0,548
07/10/2022,DAL,TX,ASW,CE,Towers with Radar,372,113,108,0,593,0,3,11,0,14,372,116,119,0,607,0,0,0,607
07/11/2022,DAL,TX,ASW,CE,Towers with Radar,373,107,95,4,579,0,6,12,0,18,373,113,107,4,597,0,0,0,597
07/12/2022,DAL,TX,ASW,CE,Towers with Radar,365,115,103,1,584,0,3,10,1,14,365,118,113,2,598,0,0,0,598
07/13/2022,DAL,TX,ASW,CE,Towers with Radar,367,129,135,6,637,0,5,13,0,18,367,134,148,6,655,0,0,0,655
07/14/2022,DAL,TX,ASW,CE,Towers with Radar,369,134,149,0,652,0,6,8,0,14,369,140,157,0,666,0,0,0,666
07/15/2022,DAL,TX,ASW,CE,Towers with Radar,373,96,118,0,587,0,3,9,1,13,373,99,127,1,600,0,0,0,600
07/16/2022,DAL,TX,ASW,CE,Towers with Radar,339,91,89,0,519,0,8,23,0,31,339,99,112,0,550,0,0,0,550
07/17/2022,DAL,TX,ASW,CE,Towers with Radar,362,127,117,1,607,0,3,8,0,11,362,130,125,1,618,0,0,0,618
07/18/2022,DAL,TX,ASW,CE,Towers with Radar,369,105,108,2,584,0,1,12,0,13,369,106,120,2,597,0,0,0,597
07/19/2022,DAL,TX,ASW,CE,Towers with Radar,368,111,103,0,582,0,13,11,0,24,368,124,114,0,606,0,0,0,606
07/20/2022,DAL,TX,ASW,CE,Towers with Radar,364,110,98,0,572,0,2,7,2,11,364,112,105,2,583,0,0,0,583
07/21/2022,DAL,TX,ASW,CE,Towers with Radar,366,140,95,1,602,0,4,10,0,14,366,144,105,1,616,0,0,0,616
07/22/2022,DAL,TX,ASW,CE,Towers with Radar,367,121,96,5,589,0,3,6,1,10,367,124,102,6,599,0,0,0,599
07/23/2022,DAL,TX,ASW,CE,Towers with Radar,326,104,63,0,493,0,7,7,4,18,326,111,70,4,511,0,0,0,511
07/24/2022,DAL,TX,ASW,CE,Towers with Radar,364,133,114,1,612,0,7,3,2,12,364,140,117,3,624,0,0,0,624
07/25/2022,DAL,TX,ASW,CE,Towers with Radar,257,100,110,0,467,0,5,8,2,15,257,105,118,2,482,0,0,0,482
07/26/2022,DAL,TX,ASW,CE,Towers with Radar,377,113,103,1,594,0,2,12,0,14,377,115,115,1,608,0,0,0,608
07/27/2022,DAL,TX,ASW,CE,Towers with Radar,366,134,92,2,594,0,4,8,0,12,366,138,100,2,606,0,0,0,606
07/28/2022,DAL,TX,ASW,CE,Towers with Radar,366,129,110,0,605,0,4,10,0,14,366,133,120,0,619,0,0,0,619
07/29/2022,DAL,TX,ASW,CE,Towers with Radar,376,139,118,2,635,0,6,16,0,22,376,145,134,2,657,0,0,0,657
07/30/2022,DAL,TX,ASW,CE,Towers with Radar,347,119,93,0,559,0,1,15,2,18,347,120,108,2,577,0,0,0,577
07/31/2022,DAL,TX,ASW,CE,Towers with Radar,363,136,120,6,625,0,4,7,0,11,363,140,127,6,636,0,0,0,636
08/01/2022,DAL,TX,ASW,CE,Towers with Radar,372,103,119,0,594,0,7,14,1,22,372,110,133,1,616,0,0,0,616
08/02/2022,DAL,TX,ASW,CE,Towers with Radar,366,118,98,1,583,0,4,21,1,26,366,122,119,2,609,0,0,0,609
08/03/2022,DAL,TX,ASW,CE,Towers with Radar,359,114,120,4,597,0,6,18,4,28,359,120,138,8,625,0,0,0,625
08/04/2022,DAL,TX,ASW,CE,Towers with Radar,345,139,146,6,636,0,3,4,0,7,345,142,150,6,643,0,0,0,643
08/05/2022,DAL,TX,ASW,CE,Towers with Radar,349,108,124,2,583,0,11,14,3,28,349,119,138,5,611,0,0,0,611
08/06/2022,DAL,TX,ASW,CE,Towers with Radar,353,103,66,0,522,0,3,13,0,16,353,106,79,0,538,0,0,0,538
08/07/2022,DAL,TX,ASW,CE,Towers with Radar,358,132,116,0,606,0,6,5,0,11,358,138,121,0,617,0,0,0,617
08/08/2022,DAL,TX,ASW,CE,Towers with Radar,358,131,113,1,603,0,3,11,2,16,358,134,124,3,619,0,0,0,619
08/09/2022,DAL,TX,ASW,CE,Towers with Radar,377,118,92,3,590,0,6,5,0,11,377,124,97,3,601,0,0,0,601
08/10/2022,DAL,TX,ASW,CE,Towers with Radar,299,125,113,2,539,0,4,7,0,11,299,129,120,2,550,0,0,0,550
08/11/2022,DAL,TX,ASW,CE,Towers with Radar,381,136,169,5,691,0,6,13,0,19,381,142,182,5,710,0,0,0,710
08/12/2022,DAL,TX,ASW,CE,Towers with Radar,369,123,132,4,628,0,6,21,0,27,369,129,153,4,655,0,0,0,655
08/13/2022,DAL,TX,ASW,CE,Towers with Radar,343,116,82,1,542,0,7,19,0,26,343,123,101,1,568,0,0,0,568
08/14/2022,DAL,TX,ASW,CE,Towers with Radar,360,111,138,0,609,0,10,7,1,18,360,121,145,1,627,0,0,0,627
08/15/2022,DAL,TX,ASW,CE,Towers with Radar,376,129,116,0,621,0,4,12,0,16,376,133,128,0,637,0,0,0,637
08/16/2022,DAL,TX,ASW,CE,Towers with Radar,366,130,112,5,613,0,4,7,4,15,366,134,119,9,628,0,0,0,628
08/17/2022,DAL,TX,ASW,CE,Towers with Radar,364,148,139,3,654,0,7,12,0,19,364,155,151,3,673,0,0,0,673
08/18/2022,DAL,TX,ASW,CE,Towers with Radar,366,147,156,3,672,0,4,9,0,13,366,151,165,3,685,0,0,0,685
08/19/2022,DAL,TX,ASW,CE,Towers with Radar,368,135,128,0,631,0,4,8,0,12,368,139,136,0,643,0,0,0,643
08/20/2022,DAL,TX,ASW,CE,Towers with Radar,352,104,84,0,540,0,13,10,2,25,352,117,94,2,565,0,0,0,565
08/21/2022,DAL,TX,ASW,CE,Towers with Radar,290,110,100,0,500,0,0,3,0,3,290,110,103,0,503,0,0,0,503
08/22/2022,DAL,TX,ASW,CE,Towers with Radar,307,105,105,0,517,0,0,0,0,0,307,105,105,0,517,0,0,0,517
08/23/2022,DAL,TX,ASW,CE,Towers with Radar,377,129,125,5,636,0,0,0,0,0,377,129,125,5,636,0,0,0,636
08/24/2022,DAL,TX,ASW,CE,Towers with Radar,369,126,127,3,625,0,4,4,2,10,369,130,131,5,635,0,0,0,635
08/25/2022,DAL,TX,ASW,CE,Towers with Radar,370,127,146,2,645,0,5,22,2,29,370,132,168,4,674,0,0,0,674
08/26/2022,DAL,TX,ASW,CE,Towers with Radar,367,119,118,2,606,0,3,18,2,23,367,122,136,4,629,0,0,0,629
08/27/2022,DAL,TX,ASW,CE,Towers with Radar,352,93,63,0,508,0,3,7,0,10,352,96,70,0,518,0,0,0,518
08/28/2022,DAL,TX,ASW,CE,Towers with Radar,368,101,97,0,566,0,12,12,1,25,368,113,109,1,591,0,0,0,591
08/29/2022,DAL,TX,ASW,CE,Towers with Radar,355,129,90,3,577,0,6,10,0,16,355,135,100,3,593,0,0,0,593
08/30/2022,DAL,TX,ASW,CE,Towers with Radar,357,139,146,2,644,0,1,4,0,5,357,140,150,2,649,0,0,0,649
08/31/2022,DAL,TX,ASW,CE,Towers with Radar,366,152,122,1,641,0,6,3,0,9,366,158,125,1,650,0,0,0,650
09/01/2022,DAL,TX,ASW,CE,Towers with Radar,349,134,170,2,655,0,1,10,0,11,349,135,180,2,666,0,0,0,666
09/02/2022,DAL,TX,ASW,CE,Towers with Radar,373,172,167,0,712,0,0,8,0,8,373,172,175,0,720,0,0,0,720
09/03/2022,DAL,TX,ASW,CE,Towers with Radar,345,80,55,0,480,0,3,7,0,10,345,83,62,0,490,0,0,0,490
09/04/2022,DAL,TX,ASW,CE,Towers with Radar,293,77,58,1,429,0,3,5,0,8,293,80,63,1,437,0,0,0,437
09/05/2022,DAL,TX,ASW,CE,Towers with Radar,363,173,149,0,685,0,3,4,0,7,363,176,153,0,692,0,0,0,692
09/06/2022,DAL,TX,ASW,CE,Towers with Radar,394,129,136,2,661,0,3,14,0,17,394,132,150,2,678,0,0,0,678
09/07/2022,DAL,TX,ASW,CE,Towers with Radar,377,133,140,4,654,0,4,13,0,17,377,137,153,4,671,0,0,0,671
09/08/2022,DAL,TX,ASW,CE,Towers with Radar,404,149,165,0,718,0,0,7,0,7,404,149,172,0,725,0,0,0,725
09/09/2022,DAL,TX,ASW,CE,Towers with Radar,400,134,186,1,721,0,2,15,0,17,400,136,201,1,738,0,0,0,738
09/10/2022,DAL,TX,ASW,CE,Towers with Radar,297,128,152,2,579,0,4,9,2,15,297,132,161,4,594,0,0,0,594
09/11/2022,DAL,TX,ASW,CE,Towers with Radar,407,147,143,1,698,0,5,12,0,17,407,152,155,1,715,0,0,0,715
09/12/2022,DAL,TX,ASW,CE,Towers with Radar,414,129,169,3,715,0,1,3,0,4,414,130,172,3,719,0,0,0,719
09/13/2022,DAL,TX,ASW,CE,Towers with Radar,387,113,130,0,630,0,7,19,0,26,387,120,149,0,656,0,0,0,656
09/14/2022,DAL,TX,ASW,CE,Towers with Radar,388,158,147,2,695,0,9,18,2,29,388,167,165,4,724,0,0,0,724
09/15/2022,DAL,TX,ASW,CE,Towers with Radar,410,143,168,2,723,0,5,11,0,16,410,148,179,2,739,0,0,0,739
09/16/2022,DAL,TX,ASW,CE,Towers with Radar,406,144,159,0,709,0,6,22,3,31,406,150,181,3,740,0,0,0,740
09/17/2022,DAL,TX,ASW,CE,Towers with Radar,302,117,96,0,515,0,1,8,0,9,302,118,104,0,524,0,0,0,524
09/18/2022,DAL,TX,ASW,CE,Towers with Radar,411,154,140,0,705,0,4,16,0,20,411,158,156,0,725,0,0,0,725
09/19/2022,DAL,TX,ASW,CE,Towers with Radar,402,139,158,2,701,0,3,6,0,9,402,142,164,2,710,0,0,0,710
09/20/2022,DAL,TX,ASW,CE,Towers with Radar,383,130,153,0,666,0,6,12,0,18,383,136,165,0,684,0,0,0,684
09/21/2022,DAL,TX,ASW,CE,Towers with Radar,390,178,152,2,722,0,7,19,3,29,390,185,171,5,751,0,0,0,751
09/22/2022,DAL,TX,ASW,CE,Towers with Radar,415,164,201,3,783,0,8,15,3,26,415,172,216,6,809,0,0,0,809
09/23/2022,DAL,TX,ASW,CE,Towers with Radar,409,170,218,2,799,0,1,22,0,23,409,171,240,2,822,0,0,0,822
09/24/2022,DAL,TX,ASW,CE,Towers with Radar,299,125,100,0,524,0,5,21,0,26,299,130,121,0,550,0,0,0,550
09/25/2022,DAL,TX,ASW,CE,Towers with Radar,406,169,213,3,791,0,8,13,3,24,406,177,226,6,815,0,0,0,815
09/26/2022,DAL,TX,ASW,CE,Towers with Radar,407,140,108,0,655,0,7,11,0,18,407,147,119,0,673,0,0,0,673
09/27/2022,DAL,TX,ASW,CE,Towers with Radar,383,142,140,0,665,0,8,23,2,33,383,150,163,2,698,0,0,0,698
09/28/2022,DAL,TX,ASW,CE,Towers with Radar,358,151,153,2,664,0,9,14,0,23,358,160,167,2,687,0,0,0,687
09/29/2022,DAL,TX,ASW,CE,Towers with Radar,381,148,157,2,688,0,2,18,2,22,381,150,175,4,710,0,0,0,710
09/30/2022,DAL,TX,ASW,CE,Towers with Radar,387,153,157,4,701,0,1,9,0,10,387,154,166,4,711,0,0,0,711
10/01/2022,DAL,TX,ASW,CE,Towers with Radar,296,113,94,1,504,0,10,11,2,23,296,123,105,3,527,0,0,0,527
10/02/2022,DAL,TX,ASW,CE,Towers with Radar,403,133,126,1,663,0,6,11,0,17,403,139,137,1,680,0,0,0,680
10/03/2022,DAL,TX,ASW,CE,Towers with Radar,403,145,116,0,664,0,1,16,1,18,403,146,132,1,682,0,0,0,682
10/04/2022,DAL,TX,ASW,CE,Towers with Radar,394,165,139,0,698,0,3,19,0,22,394,168,158,0,720,0,0,0,720
10/05/2022,DAL,TX,ASW,CE,Towers with Radar,393,140,122,6,661,0,10,18,1,29,393,150,140,7,690,0,0,0,690
10/06/2022,DAL,TX,ASW,CE,Towers with Radar,406,194,157,0,757,0,9,18,0,27,406,203,175,0,784,0,0,0,784
10/07/2022,DAL,TX,ASW,CE,Towers with Radar,405,183,176,3,767,0,2,19,0,21,405,185,195,3,788,0,0,0,788
10/08/2022,DAL,TX,ASW,CE,Towers with Radar,308,115,146,5,574,0,10,21,1,32,308,125,167,6,606,0,0,0,606
10/09/2022,DAL,TX,ASW,CE,Towers with Radar,404,158,152,2,716,0,9,19,0,28,404,167,171,2,744,0,0,0,744
10/10/2022,DAL,TX,ASW,CE,Towers with Radar,404,161,159,0,724,0,7,5,1,13,404,168,164,1,737,0,0,0,737
10/11/2022,DAL,TX,ASW,CE,Towers with Radar,403,146,168,4,721,0,2,13,4,19,403,148,181,8,740,0,0,0,740
10/12/2022,DAL,TX,ASW,CE,Towers with Radar,403,143,155,4,705,0,7,15,2,24,403,150,170,6,729,0,0,0,729
10/13/2022,DAL,TX,ASW,CE,Towers with Radar,410,161,198,5,774,0,3,14,0,17,410,164,212,5,791,0,0,0,791
10/14/2022,DAL,TX,ASW,CE,Towers with Radar,412,154,164,3,733,0,8,19,1,28,412,162,183,4,761,0,0,0,761
10/15/2022,DAL,TX,ASW,CE,Towers with Radar,297,126,76,1,500,0,8,14,1,23,297,134,90,2,523,0,0,0,523
10/16/2022,DAL,TX,ASW,CE,Towers with Radar,379,167,152,3,701,0,0,4,0,4,379,167,156,3,705,0,0,0,705
10/17/2022,DAL,TX,ASW,CE,Towers with Radar,398,156,136,5,695,0,1,14,0,15,398,157,150,5,710,0,0,0,710
10/18/2022,DAL,TX,ASW,CE,Towers with Radar,410,144,167,1,722,0,8,33,0,41,410,152,200,1,763,0,0,0,763
10/19/2022,DAL,TX,ASW,CE,Towers with Radar,414,161,167,2,744,0,15,29,2,46,414,176,196,4,790,0,0,0,790
10/20/2022,DAL,TX,ASW,CE,Towers with Radar,402,188,161,3,754,0,10,25,0,35,402,198,186,3,789,0,0,0,789
10/21/2022,DAL,TX,ASW,CE,Towers with Radar,406,154,139,1,700,0,6,13,0,19,406,160,152,1,719,0,0,0,719
10/22/2022,DAL,TX,ASW,CE,Towers with Radar,306,122,127,1,556,0,4,14,2,20,306,126,141,3,576,0,0,0,576
10/23/2022,DAL,TX,ASW,CE,Towers with Radar,403,165,163,0,731,0,5,26,0,31,403,170,189,0,762,0,0,0,762
10/24/2022,DAL,TX,ASW,CE,Towers with Radar,308,137,112,2,559,0,1,1,0,2,308,138,113,2,561,0,0,0,561
10/25/2022,DAL,TX,ASW,CE,Towers with Radar,446,152,191,5,794,0,1,10,0,11,446,153,201,5,805,0,0,0,805
10/26/2022,DAL,TX,ASW,CE,Towers with Radar,413,167,189,1,770,0,7,14,2,23,413,174,203,3,793,0,0,0,793
10/27/2022,DAL,TX,ASW,CE,Towers with Radar,414,169,193,0,776,0,10,19,1,30,414,179,212,1,806,0,0,0,806
10/28/2022,DAL,TX,ASW,CE,Towers with Radar,318,144,118,1,581,0,3,0,0,3,318,147,118,1,584,0,0,0,584
10/29/2022,DAL,TX,ASW,CE,Towers with Radar,301,130,89,2,522,0,1,0,0,1,301,131,89,2,523,0,0,0,523
10/30/2022,DAL,TX,ASW,CE,Towers with Radar,394,151,115,1,661,0,3,18,0,21,394,154,133,1,682,0,0,0,682
10/31/2022,DAL,TX,ASW,CE,Towers with Radar,393,113,115,1,622,0,5,13,0,18,393,118,128,1,640,0,0,0,640
11/01/2022,DAL,TX,ASW,CE,Towers with Radar,409,143,151,3,706,0,6,9,1,16,409,149,160,4,722,0,0,0,722
11/02/2022,DAL,TX,ASW,CE,Towers with Radar,410,138,144,2,694,0,1,17,0,18,410,139,161,2,712,0,0,0,712
11/03/2022,DAL,TX,ASW,CE,Towers with Radar,406,180,183,4,773,0,0,3,0,3,406,180,186,4,776,0,0,0,776
11/04/2022,DAL,TX,ASW,CE,Towers with Radar,277,121,109,4,511,0,1,1,0,2,277,122,110,4,513,0,0,0,513
11/05/2022,DAL,TX,ASW,CE,Towers with Radar,296,112,96,2,506,0,3,10,2,15,296,115,106,4,521,0,0,0,521
11/06/2022,DAL,TX,ASW,CE,Towers with Radar,409,147,138,0,694,0,2,8,0,10,409,149,146,0,704,0,0,0,704
11/07/2022,DAL,TX,ASW,CE,Towers with Radar,406,142,143,2,693,0,0,4,0,4,406,142,147,2,697,0,0,0,697
11/08/2022,DAL,TX,ASW,CE,Towers with Radar,395,170,154,6,725,0,3,6,0,9,395,173,160,6,734,0,0,0,734
11/09/2022,DAL,TX,ASW,CE,Towers with Radar,391,145,167,2,705,0,4,13,4,21,391,149,180,6,726,0,0,0,726
11/10/2022,DAL,TX,ASW,CE,Towers with Radar,399,159,155,2,715,0,2,7,2,11,399,161,162,4,726,0,0,0,726
11/11/2022,DAL,TX,ASW,CE,Towers with Radar,413,166,133,0,712,0,0,3,1,4,413,166,136,1,716,0,0,0,716
11/12/2022,DAL,TX,ASW,CE,Towers with Radar,336,126,98,0,560,0,5,7,1,13,336,131,105,1,573,0,0,0,573
11/13/2022,DAL,TX,ASW,CE,Towers with Radar,407,153,145,0,705,0,7,8,2,17,407,160,153,2,722,0,0,0,722
11/14/2022,DAL,TX,ASW,CE,Towers with Radar,405,124,121,2,652,0,0,5,0,5,405,124,126,2,657,0,0,0,657
11/15/2022,DAL,TX,ASW,CE,Towers with Radar,396,132,149,8,685,0,6,8,0,14,396,138,157,8,699,0,0,0,699
11/16/2022,DAL,TX,ASW,CE,Towers with Radar,406,169,173,2,750,0,4,17,0,21,406,173,190,2,771,0,0,0,771
11/17/2022,DAL,TX,ASW,CE,Towers with Radar,405,184,209,5,803,0,4,7,0,11,405,188,216,5,814,0,0,0,814
11/18/2022,DAL,TX,ASW,CE,Towers with Radar,413,167,181,6,767,0,4,21,2,27,413,171,202,8,794,0,0,0,794
11/19/2022,DAL,TX,ASW,CE,Towers with Radar,332,139,126,1,598,0,5,7,0,12,332,144,133,1,610,0,0,0,610
11/20/2022,DAL,TX,ASW,CE,Towers with Radar,409,135,98,1,643,0,6,8,0,14,409,141,106,1,657,0,0,0,657
11/21/2022,DAL,TX,ASW,CE,Towers with Radar,405,108,126,2,641,0,1,9,1,11,405,109,135,3,652,0,0,0,652
11/22/2022,DAL,TX,ASW,CE,Towers with Radar,407,151,139,0,697,0,1,10,3,14,407,152,149,3,711,0,0,0,711
11/23/2022,DAL,TX,ASW,CE,Towers with Radar,399,142,133,0,674,0,4,6,0,10,399,146,139,0,684,0,0,0,684
11/24/2022,DAL,TX,ASW,CE,Towers with Radar,313,61,20,0,394,0,0,0,0,0,313,61,20,0,394,0,0,0,394
11/25/2022,DAL,TX,ASW,CE,Towers with Radar,399,124,97,0,620,0,4,2,0,6,399,128,99,0,626,0,0,0,626
11/26/2022,DAL,TX,ASW,CE,Towers with Radar,335,149,103,0,587,0,1,2,0,3,335,150,105,0,590,0,0,0,590
11/27/2022,DAL,TX,ASW,CE,Towers with Radar,403,154,224,0,781,0,4,5,1,10,403,158,229,1,791,0,0,0,791
11/28/2022,DAL,TX,ASW,CE,Towers with Radar,405,148,140,0,693,0,2,20,0,22,405,150,160,0,715,0,0,0,715
11/29/2022,DAL,TX,ASW,CE,Towers with Radar,396,137,139,0,672,0,3,13,2,18,396,140,152,2,690,0,0,0,690
11/30/2022,DAL,TX,ASW,CE,Towers with Radar,397,144,138,1,680,0,3,36,2,41,397,147,174,3,721,0,0,0,721
12/01/2022,DAL,TX,ASW,CE,Towers with Radar,402,155,139,0,696,0,6,15,0,21,402,161,154,0,717,0,0,0,717
12/02/2022,DAL,TX,ASW,CE,Towers with Radar,392,152,153,0,697,0,0,7,0,7,392,152,160,0,704,0,0,0,704
12/03/2022,DAL,TX,ASW,CE,Towers with Radar,329,110,88,0,527,0,1,8,0,9,329,111,96,0,536,0,0,0,536
12/04/2022,DAL,TX,ASW,CE,Towers with Radar,408,144,121,2,675,0,11,12,1,24,408,155,133,3,699,0,0,0,699
12/05/2022,DAL,TX,ASW,CE,Towers with Radar,403,134,141,0,678,0,5,2,0,7,403,139,143,0,685,0,0,0,685
12/06/2022,DAL,TX,ASW,CE,Towers with Radar,400,122,120,1,643,0,6,9,0,15,400,128,129,1,658,0,0,0,658
12/07/2022,DAL,TX,ASW,CE,Towers with Radar,407,169,149,2,727,0,1,0,0,1,407,170,149,2,728,0,0,0,728
12/08/2022,DAL,TX,ASW,CE,Towers with Radar,406,179,178,0,763,1,1,7,0,9,407,180,185,0,772,0,0,0,772
12/09/2022,DAL,TX,ASW,CE,Towers with Radar,404,159,165,0,728,0,1,0,0,1,404,160,165,0,729,0,0,0,729
12/10/2022,DAL,TX,ASW,CE,Towers with Radar,337,99,94,0,530,0,1,0,0,1,337,100,94,0,531,0,0,0,531
12/11/2022,DAL,TX,ASW,CE,Towers with Radar,404,142,133,0,679,0,0,7,0,7,404,142,140,0,686,0,0,0,686
12/12/2022,DAL,TX,ASW,CE,Towers with Radar,404,133,147,1,685,0,0,0,0,0,404,133,147,1,685,0,0,0,685
12/13/2022,DAL,TX,ASW,CE,Towers with Radar,453,136,133,1,723,0,2,10,0,12,453,138,143,1,735,0,0,0,735
12/14/2022,DAL,TX,ASW,CE,Towers with Radar,413,157,169,3,742,0,5,21,0,26,413,162,190,3,768,0,0,0,768
12/15/2022,DAL,TX,ASW,CE,Towers with Radar,395,170,165,1,731,0,5,13,0,18,395,175,178,1,749,0,0,0,749
12/16/2022,DAL,TX,ASW,CE,Towers with Radar,396,165,179,0,740,0,4,17,0,21,396,169,196,0,761,0,0,0,761
12/17/2022,DAL,TX,ASW,CE,Towers with Radar,343,141,102,2,588,0,5,10,0,15,343,146,112,2,603,0,0,0,603
12/18/2022,DAL,TX,ASW,CE,Towers with Radar,412,155,137,0,704,0,8,16,0,24,412,163,153,0,728,0,0,0,728
12/19/2022,DAL,TX,ASW,CE,Towers with Radar,404,123,108,4,639,0,3,2,0,5,404,126,110,4,644,0,0,0,644
12/20/2022,DAL,TX,ASW,CE,Towers with Radar,401,137,123,2,663,0,5,6,2,13,401,142,129,4,676,0,0,0,676
12/21/2022,DAL,TX,ASW,CE,Towers with Radar,397,138,121,0,656,0,2,8,0,10,397,140,129,0,666,0,0,0,666
12/22/2022,DAL,TX,ASW,CE,Towers with Radar,321,131,94,0,546,0,0,2,0,2,321,131,96,0,548,0,0,0,548
12/23/2022,DAL,TX,ASW,CE,Towers with Radar,302,150,96,0,548,0,4,9,0,13,302,154,105,0,561,0,0,0,561
12/24/2022,DAL,TX,ASW,CE,Towers with Radar,218,107,35,0,360,0,7,9,0,16,218,114,44,0,376,0,0,0,376
12/25/2022,DAL,TX,ASW,CE,Towers with Radar,226,97,27,0,350,0,3,8,0,11,226,100,35,0,361,0,0,0,361
12/26/2022,DAL,TX,ASW,CE,Towers with Radar,111,177,158,0,446,0,4,12,2,18,111,181,170,2,464,0,0,0,464
12/27/2022,DAL,TX,ASW,CE,Towers with Radar,186,155,161,0,502,0,7,33,0,40,186,162,194,0,542,0,0,0,542
12/28/2022,DAL,TX,ASW,CE,Towers with Radar,221,137,99,0,457,0,9,14,2,25,221,146,113,2,482,0,0,0,482
12/29/2022,DAL,TX,ASW,CE,Towers with Radar,220,121,100,0,441,0,3,10,0,13,220,124,110,0,454,0,0,0,454
12/30/2022,DAL,TX,ASW,CE,Towers with Radar,399,164,113,0,676,0,3,15,0,18,399,167,128,0,694,0,0,0,694
12/31/2022,DAL,TX,ASW,CE,Towers with Radar,316,97,50,0,463,0,6,8,2,16,316,103,58,2,479,0,0,0,479
01/01/2023,DAL,TX,ASW,CE,Towers with Radar,416,152,85,0,653,0,5,14,2,21,416,157,99,2,674,0,0,0,674
01/02/2023,DAL,TX,ASW,CE,Towers with Radar,377,152,171,0,700,0,3,1,2,6,377,155,172,2,706,0,0,0,706
01/03/2023,DAL,TX,ASW,CE,Towers with Radar,413,179,137,0,729,0,2,13,0,15,413,181,150,0,744,0,0,0,744
01/04/2023,DAL,TX,ASW,CE,Towers with Radar,405,130,136,2,673,0,3,8,2,13,405,133,144,4,686,0,0,0,686
01/05/2023,DAL,TX,ASW,CE,Towers with Radar,413,154,145,0,712,0,6,15,0,21,413,160,160,0,733,0,0,0,733
01/06/2023,DAL,TX,ASW,CE,Towers with Radar,403,136,142,0,681,0,3,9,0,12,403,139,151,0,693,0,0,0,693
01/07/2023,DAL,TX,ASW,CE,Towers with Radar,296,134,93,0,523,0,6,15,0,21,296,140,108,0,544,0,0,0,544
01/08/2023,DAL,TX,ASW,CE,Towers with Radar,411,121,131,1,664,0,3,16,0,19,411,124,147,1,683,0,0,0,683
01/09/2023,DAL,TX,ASW,CE,Towers with Radar,411,114,113,3,641,0,2,12,2,16,411,116,125,5,657,0,0,0,657
01/10/2023,DAL,TX,ASW,CE,Towers with Radar,408,138,160,3,709,0,4,15,3,22,408,142,175,6,731,0,0,0,731
01/11/2023,DAL,TX,ASW,CE,Towers with Radar,376,135,133,3,647,0,4,21,0,25,376,139,154,3,672,0,0,0,672
01/12/2023,DAL,TX,ASW,CE,Towers with Radar,408,155,136,3,702,0,4,14,0,18,408,159,150,3,720,0,0,0,720
01/13/2023,DAL,TX,ASW,CE,Towers with Radar,413,143,146,1,703,0,4,22,0,26,413,147,168,1,729,0,0,0,729
01/14/2023,DAL,TX,ASW,CE,Towers with Radar,292,112,69,0,473,0,3,13,0,16,292,115,82,0,489,0,0,0,489
01/15/2023,DAL,TX,ASW,CE,Towers with Radar,405,105,82,0,592,0,4,7,0,11,405,109,89,0,603,0,0,0,603
01/16/2023,DAL,TX,ASW,CE,Towers with Radar,402,144,144,0,690,0,4,11,0,15,402,148,155,0,705,0,0,0,705
01/17/2023,DAL,TX,ASW,CE,Towers with Radar,402,132,143,0,677,0,6,14,0,20,402,138,157,0,697,0,0,0,697
01/18/2023,DAL,TX,ASW,CE,Towers with Radar,393,117,112,4,626,0,6,12,2,20,393,123,124,6,646,0,0,0,646
01/19/2023,DAL,TX,ASW,CE,Towers with Radar,405,138,161,0,704,0,3,22,0,25,405,141,183,0,729,0,0,0,729
01/20/2023,DAL,TX,ASW,CE,Towers with Radar,409,139,136,2,686,0,6,16,2,24,409,145,152,4,710,0,0,0,710
01/21/2023,DAL,TX,ASW,CE,Towers with Radar,290,99,69,4,462,0,3,12,0,15,290,102,81,4,477,0,0,0,477
01/22/2023,DAL,TX,ASW,CE,Towers with Radar,407,125,133,0,665,0,3,7,0,10,407,128,140,0,675,0,0,0,675
01/23/2023,DAL,TX,ASW,CE,Towers with Radar,405,109,122,0,636,0,2,15,0,17,405,111,137,0,653,0,0,0,653
01/24/2023,DAL,TX,ASW,CE,Towers with Radar,405,117,106,0,628,0,0,2,0,2,405,117,108,0,630,0,0,0,630
01/25/2023,DAL,TX,ASW,CE,Towers with Radar,390,147,164,2,703,0,4,10,0,14,390,151,174,2,717,0,0,0,717
01/26/2023,DAL,TX,ASW,CE,Towers with Radar,405,188,187,6,786,0,2,12,0,14,405,190,199,6,800,0,0,0,800
01/27/2023,DAL,TX,ASW,CE,Towers with Radar,409,166,198,6,779,0,3,21,3,27,409,169,219,9,806,0,0,0,806
01/28/2023,DAL,TX,ASW,CE,Towers with Radar,287,149,114,3,553,0,3,6,0,9,287,152,120,3,562,0,0,0,562
01/29/2023,DAL,TX,ASW,CE,Towers with Radar,402,174,167,6,749,0,0,2,0,2,402,174,169,6,751,0,0,0,751
01/30/2023,DAL,TX,ASW,CE,Towers with Radar,180,116,105,5,406,0,0,0,0,0,180,116,105,5,406,0,0,0,406
01/31/2023,DAL,TX,ASW,CE,Towers with Radar,102,44,45,0,191,0,0,0,0,0,102,44,45,0,191,0,0,0,191
02/01/2023,DAL,TX,ASW,CE,Towers with Radar,13,14,26,0,53,0,0,0,0,0,13,14,26,0,53,0,0,0,53
02/02/2023,DAL,TX,ASW,CE,Towers with Radar,371,128,94,2,595,0,0,0,0,0,371,128,94,2,595,0,0,0,595
02/03/2023,DAL,TX,ASW,CE,Towers with Radar,407,121,100,12,640,0,5,14,0,19,407,126,114,12,659,0,0,0,659
02/04/2023,DAL,TX,ASW,CE,Towers with Radar,288,106,56,2,452,0,6,8,0,14,288,112,64,2,466,0,0,0,466
02/05/2023,DAL,TX,ASW,CE,Towers with Radar,406,138,136,1,681,0,3,15,2,20,406,141,151,3,701,0,0,0,701
02/06/2023,DAL,TX,ASW,CE,Towers with Radar,405,154,143,1,703,0,0,14,2,16,405,154,157,3,719,0,0,0,719
02/07/2023,DAL,TX,ASW,CE,Towers with Radar,403,142,118,3,666,0,1,2,0,3,403,143,120,3,669,0,0,0,669
02/08/2023,DAL,TX,ASW,CE,Towers with Radar,407,181,159,4,751,0,0,3,0,3,407,181,162,4,754,0,0,0,754
02/09/2023,DAL,TX,ASW,CE,Towers with Radar,405,151,172,5,733,0,4,19,1,24,405,155,191,6,757,0,0,0,757
02/10/2023,DAL,TX,ASW,CE,Towers with Radar,413,170,149,2,734,0,1,12,2,15,413,171,161,4,749,0,0,0,749
02/11/2023,DAL,TX,ASW,CE,Towers with Radar,288,103,85,1,477,0,3,5,0,8,288,106,90,1,485,0,0,0,485
02/12/2023,DAL,TX,ASW,CE,Towers with Radar,404,135,84,0,623,0,6,8,0,14,404,141,92,0,637,0,0,0,637
02/13/2023,DAL,TX,ASW,CE,Towers with Radar,406,187,142,0,735,0,3,15,4,22,406,190,157,4,757,0,0,0,757
02/14/2023,DAL,TX,ASW,CE,Towers with Radar,397,99,106,0,602,0,1,3,0,4,397,100,109,0,606,0,0,0,606
02/15/2023,DAL,TX,ASW,CE,Towers with Radar,391,146,137,4,678,0,9,9,0,18,391,155,146,4,696,0,0,0,696
02/16/2023,DAL,TX,ASW,CE,Towers with Radar,396,171,157,0,724,0,3,9,0,12,396,174,166,0,736,0,0,0,736
02/17/2023,DAL,TX,ASW,CE,Towers with Radar,397,143,165,0,705,0,2,22,0,24,397,145,187,0,729,0,0,0,729
02/18/2023,DAL,TX,ASW,CE,Towers with Radar,299,110,66,0,475,0,11,10,0,21,299,121,76,0,496,0,0,0,496
02/19/2023,DAL,TX,ASW,CE,Towers with Radar,416,133,80,0,629,0,3,13,0,16,416,136,93,0,645,0,0,0,645
02/20/2023,DAL,TX,ASW,CE,Towers with Radar,419,137,153,2,711,0,3,12,0,15,419,140,165,2,726,0,0,0,726
02/21/2023,DAL,TX,ASW,CE,Towers with Radar,418,138,137,3,696,0,5,3,0,8,418,143,140,3,704,0,0,0,704
02/22/2023,DAL,TX,ASW,CE,Towers with Radar,407,139,102,0,648,0,5,8,4,17,407,144,110,4,665,0,0,0,665
02/23/2023,DAL,TX,ASW,CE,Towers with Radar,420,162,194,0,776,0,3,9,0,12,420,165,203,0,788,0,0,0,788
02/24/2023,DAL,TX,ASW,CE,Towers with Radar,429,172,158,0,759,0,2,2,0,4,429,174,160,0,763,0,0,0,763
02/25/2023,DAL,TX,ASW,CE,Towers with Radar,291,112,73,0,476,0,1,2,0,3,291,113,75,0,479,0,0,0,479
02/26/2023,DAL,TX,ASW,CE,Towers with Radar,431,141,114,0,686,0,3,3,0,6,431,144,117,0,692,0,0,0,692
02/27/2023,DAL,TX,ASW,CE,Towers with Radar,430,134,127,1,692,0,6,10,0,16,430,140,137,1,708,0,0,0,708
02/28/2023,DAL,TX,ASW,CE,Towers with Radar,419,144,112,4,679,0,3,30,1,34,419,147,142,5,713,0,0,0,713
03/01/2023,DAL,TX,ASW,CE,Towers with Radar,426,141,124,1,692,0,0,15,4,19,426,141,139,5,711,0,0,0,711
03/02/2023,DAL,TX,ASW,CE,Towers with Radar,317,133,115,2,567,0,0,0,4,4,317,133,115,6,571,0,0,0,571
03/03/2023,DAL,TX,ASW,CE,Towers with Radar,429,149,135,0,713,0,8,17,2,27,429,157,152,2,740,0,0,0,740
03/04/2023,DAL,TX,ASW,CE,Towers with Radar,294,115,60,0,469,0,4,20,0,24,294,119,80,0,493,0,0,0,493
03/05/2023,DAL,TX,ASW,CE,Towers with Radar,421,142,128,0,691,0,4,18,0,22,421,146,146,0,713,0,0,0,713
03/06/2023,DAL,TX,ASW,CE,Towers with Radar,418,129,128,4,679,0,0,19,0,19,418,129,147,4,698,0,0,0,698
03/07/2023,DAL,TX,ASW,CE,Towers with Radar,419,143,143,3,708,0,1,12,0,13,419,144,155,3,721,0,0,0,721
03/08/2023,DAL,TX,ASW,CE,Towers with Radar,420,142,189,1,752,0,2,0,0,2,420,144,189,1,754,0,0,0,754
03/09/2023,DAL,TX,ASW,CE,Towers with Radar,408,151,192,4,755,0,0,1,0,1,408,151,193,4,756,0,0,0,756
03/10/2023,DAL,TX,ASW,CE,Towers with Radar,440,207,143,5,795,0,6,15,3,24,440,213,158,8,819,0,0,0,819
03/11/2023,DAL,TX,ASW,CE,Towers with Radar,304,150,129,3,586,0,2,2,0,4,304,152,131,3,590,0,0,0,590
03/12/2023,DAL,TX,ASW,CE,Towers with Radar,425,120,121,4,670,0,6,13,1,20,425,126,134,5,690,0,0,0,690
03/13/2023,DAL,TX,ASW,CE,Towers with Radar,423,132,90,2,647,0,9,8,1,18,423,141,98,3,665,0,0,0,665
03/14/2023,DAL,TX,ASW,CE,Towers with Radar,415,99,108,2,624,0,4,5,0,9,415,103,113,2,633,0,0,0,633
03/15/2023,DAL,TX,ASW,CE,Towers with Radar,420,134,119,0,673,0,3,11,0,14,420,137,130,0,687,0,0,0,687
03/16/2023,DAL,TX,ASW,CE,Towers with Radar,334,119,77,0,530,0,3,0,0,3,334,122,77,0,533,0,0,0,533
03/17/2023,DAL,TX,ASW,CE,Towers with Radar,435,147,110,9,701,0,4,20,0,24,435,151,130,9,725,0,0,0,725
03/18/2023,DAL,TX,ASW,CE,Towers with Radar,303,164,112,0,579,0,10,16,0,26,303,174,128,0,605,0,0,0,605
03/19/2023,DAL,TX,ASW,CE,Towers with Radar,422,180,150,5,757,0,15,9,2,26,422,195,159,7,783,0,0,0,783
03/20/2023,DAL,TX,ASW,CE,Towers with Radar,414,141,141,0,696,0,6,15,0,21,414,147,156,0,717,0,0,0,717
03/21/2023,DAL,TX,ASW,CE,Towers with Radar,410,147,124,0,681,0,0,0,0,0,410,147,124,0,681,0,0,0,681
03/22/2023,DAL,TX,ASW,CE,Towers with Radar,424,140,137,0,701,0,0,9,0,9,424,140,146,0,710,0,0,0,710
03/23/2023,DAL,TX,ASW,CE,Towers with Radar,411,162,139,2,714,0,5,2,1,8,411,167,141,3,722,0,0,0,722
03/24/2023,DAL,TX,ASW,CE,Towers with Radar,428,163,133,2,726,0,7,14,0,21,428,170,147,2,747,0,0,0,747
03/25/2023,DAL,TX,ASW,CE,Towers with Radar,312,105,84,0,501,0,8,17,0,25,312,113,101,0,526,0,0,0,526
03/26/2023,DAL,TX,ASW,CE,Towers with Radar,403,180,126,0,709,0,4,28,3,35,403,184,154,3,744,0,0,0,744
03/27/2023,DAL,TX,ASW,CE,Towers with Radar,437,127,116,2,682,1,1,12,2,16,438,128,128,4,698,0,0,0,698
03/28/2023,DAL,TX,ASW,CE,Towers with Radar,428,142,142,2,714,0,3,17,7,27,428,145,159,9,741,0,0,0,741
03/29/2023,DAL,TX,ASW,CE,Towers with Radar,418,167,129,2,716,0,2,20,0,22,418,169,149,2,738,0,0,0,738
03/30/2023,DAL,TX,ASW,CE,Towers with Radar,425,176,183,0,784,0,5,5,1,11,425,181,188,1,795,0,0,0,795
03/31/2023,DAL,TX,ASW,CE,Towers with Radar,416,160,132,0,708,0,1,15,0,16,416,161,147,0,724,0,0,0,724
04/01/2023,DAL,TX,ASW,CE,Towers with Radar,315,154,107,0,576,0,6,36,0,42,315,160,143,0,618,0,0,0,618
04/02/2023,DAL,TX,ASW,CE,Towers with Radar,321,171,195,4,691,0,5,10,0,15,321,176,205,4,706,0,0,0,706
04/03/2023,DAL,TX,ASW,CE,Towers with Radar,446,143,140,0,729,0,6,8,0,14,446,149,148,0,743,0,0,0,743
04/04/2023,DAL,TX,ASW,CE,Towers with Radar,414,124,154,0,692,0,2,11,0,13,414,126,165,0,705,0,0,0,705
04/05/2023,DAL,TX,ASW,CE,Towers with Radar,385,155,129,0,669,0,3,15,2,20,385,158,144,2,689,0,0,0,689
04/06/2023,DAL,TX,ASW,CE,Towers with Radar,427,179,169,3,778,0,1,8,0,9,427,180,177,3,787,0,0,0,787
04/07/2023,DAL,TX,ASW,CE,Towers with Radar,423,138,126,6,693,0,1,7,0,8,423,139,133,6,701,0,0,0,701
04/08/2023,DAL,TX,ASW,CE,Towers with Radar,312,95,44,1,452,0,9,13,0,22,312,104,57,1,474,0,0,0,474
04/09/2023,DAL,TX,ASW,CE,Towers with Radar,426,118,87,0,631,0,8,10,0,18,426,126,97,0,649,0,0,0,649
04/10/2023,DAL,TX,ASW,CE,Towers with Radar,410,152,162,0,724,0,4,18,0,22,410,156,180,0,746,0,0,0,746
04/11/2023,DAL,TX,ASW,CE,Towers with Radar,417,132,120,2,671,0,8,26,0,34,417,140,146,2,705,0,0,0,705
04/12/2023,DAL,TX,ASW,CE,Towers with Radar,416,151,139,2,708,0,7,17,1,25,416,158,156,3,733,0,0,0,733
04/13/2023,DAL,TX,ASW,CE,Towers with Radar,417,140,183,7,747,0,3,24,0,27,417,143,207,7,774,0,0,0,774
04/14/2023,DAL,TX,ASW,CE,Towers with Radar,415,133,128,3,679,0,3,7,0,10,415,136,135,3,689,0,0,0,689
04/15/2023,DAL,TX,ASW,CE,Towers with Radar,304,101,79,0,484,0,4,13,1,18,304,105,92,1,502,0,0,0,502
04/16/2023,DAL,TX,ASW,CE,Towers with Radar,416,146,128,0,690,0,6,17,0,23,416,152,145,0,713,0,0,0,713
04/17/2023,DAL,TX,ASW,CE,Towers with Radar,420,127,114,5,666,0,6,10,0,16,420,133,124,5,682,0,0,0,682
04/18/2023,DAL,TX,ASW,CE,Towers with Radar,410,141,153,6,710,0,2,19,0,21,410,143,172,6,731,0,0,0,731
04/19/2023,DAL,TX,ASW,CE,Towers with Radar,413,153,147,2,715,0,5,19,0,24,413,158,166,2,739,0,0,0,739
04/20/2023,DAL,TX,ASW,CE,Towers with Radar,359,172,142,3,676,0,3,18,0,21,359,175,160,3,697,0,0,0,697
04/21/2023,DAL,TX,ASW,CE,Towers with Radar,457,178,184,4,823,0,2,12,0,14,457,180,196,4,837,0,0,0,837
04/22/2023,DAL,TX,ASW,CE,Towers with Radar,300,110,68,0,478,0,4,10,1,15,300,114,78,1,493,0,0,0,493
04/23/2023,DAL,TX,ASW,CE,Towers with Radar,422,135,139,3,699,0,5,4,0,9,422,140,143,3,708,0,0,0,708
04/24/2023,DAL,TX,ASW,CE,Towers with Radar,421,133,112,1,667,0,9,27,0,36,421,142,139,1,703,0,0,0,703
04/25/2023,DAL,TX,ASW,CE,Towers with Radar,410,139,143,4,696,0,1,5,0,6,410,140,148,4,702,0,0,0,702
04/26/2023,DAL,TX,ASW,CE,Towers with Radar,350,121,127,3,601,0,0,0,0,0,350,121,127,3,601,0,0,0,601
04/27/2023,DAL,TX,ASW,CE,Towers with Radar,425,141,171,3,740,0,6,10,0,16,425,147,181,3,756,0,0,0,756
04/28/2023,DAL,TX,ASW,CE,Towers with Radar,374,136,123,2,635,0,2,19,0,21,374,138,142,2,656,0,0,0,656
04/29/2023,DAL,TX,ASW,CE,Towers with Radar,307,119,71,1,498,0,2,10,0,12,307,121,81,1,510,0,0,0,510
04/30/2023,DAL,TX,ASW,CE,Towers with Radar,407,153,110,0,670,0,5,12,0,17,407,158,122,0,687,0,0,0,687
05/01/2023,DAL,TX,ASW,CE,Towers with Radar,431,124,127,2,684,0,6,16,0,22,431,130,143,2,706,0,0,0,706
05/02/2023,DAL,TX,ASW,CE,Towers with Radar,415,149,111,0,675,0,7,9,0,16,415,156,120,0,691,0,0,0,691
05/03/2023,DAL,TX,ASW,CE,Towers with Radar,419,178,135,2,734,0,5,17,0,22,419,183,152,2,756,0,0,0,756
05/04/2023,DAL,TX,ASW,CE,Towers with Radar,417,171,130,1,719,0,1,9,0,10,417,172,139,1,729,0,0,0,729
05/05/2023,DAL,TX,ASW,CE,Towers with Radar,421,149,122,0,692,0,2,10,0,12,421,151,132,0,704,0,0,0,704
05/06/2023,DAL,TX,ASW,CE,Towers with Radar,300,102,95,1,498,0,1,8,0,9,300,103,103,1,507,0,0,0,507
05/07/2023,DAL,TX,ASW,CE,Towers with Radar,411,118,123,1,653,0,0,0,0,0,411,118,123,1,653,0,0,0,653
05/08/2023,DAL,TX,ASW,CE,Towers with Radar,414,144,133,0,691,0,7,12,0,19,414,151,145,0,710,0,0,0,710
05/09/2023,DAL,TX,ASW,CE,Towers with Radar,421,133,143,0,697,0,5,10,0,15,421,138,153,0,712,0,0,0,712
05/10/2023,DAL,TX,ASW,CE,Towers with Radar,412,157,135,0,704,0,0,5,0,5,412,157,140,0,709,0,0,0,709
05/11/2023,DAL,TX,ASW,CE,Towers with Radar,426,198,158,0,782,0,2,8,0,10,426,200,166,0,792,0,0,0,792
05/12/2023,DAL,TX,ASW,CE,Towers with Radar,413,186,150,0,749,0,2,11,0,13,413,188,161,0,762,0,0,0,762
05/13/2023,DAL,TX,ASW,CE,Towers with Radar,317,107,70,1,495,0,7,7,0,14,317,114,77,1,509,0,0,0,509
05/14/2023,DAL,TX,ASW,CE,Towers with Radar,412,153,121,3,689,0,2,13,0,15,412,155,134,3,704,0,0,0,704
05/15/2023,DAL,TX,ASW,CE,Towers with Radar,418,147,139,2,706,0,2,21,0,23,418,149,160,2,729,0,0,0,729
05/16/2023,DAL,TX,ASW,CE,Towers with Radar,423,143,117,4,687,0,7,11,0,18,423,150,128,4,705,0,0,0,705
05/17/2023,DAL,TX,ASW,CE,Towers with Radar,417,143,143,3,706,0,4,24,0,28,417,147,167,3,734,0,0,0,734
05/18/2023,DAL,TX,ASW,CE,Towers with Radar,421,172,162,0,755,0,5,21,0,26,421,177,183,0,781,0,0,0,781
05/19/2023,DAL,TX,ASW,CE,Towers with Radar,355,146,131,3,635,0,5,15,4,24,355,151,146,7,659,0,0,0,659
05/20/2023,DAL,TX,ASW,CE,Towers with Radar,350,123,83,1,557,0,3,9,2,14,350,126,92,3,571,0,0,0,571
05/21/2023,DAL,TX,ASW,CE,Towers with Radar,418,138,126,0,682,0,6,13,1,20,418,144,139,1,702,0,0,0,702
05/22/2023,DAL,TX,ASW,CE,Towers with Radar,418,157,135,0,710,0,7,26,0,33,418,164,161,0,743,0,0,0,743
05/23/2023,DAL,TX,ASW,CE,Towers with Radar,413,146,154,0,713,0,8,35,0,43,413,154,189,0,756,0,0,0,756
05/24/2023,DAL,TX,ASW,CE,Towers with Radar,417,168,133,0,718,0,2,11,0,13,417,170,144,0,731,0,0,0,731
05/25/2023,DAL,TX,ASW,CE,Towers with Radar,423,163,137,2,725,0,3,25,3,31,423,166,162,5,756,0,0,0,756
05/26/2023,DAL,TX,ASW,CE,Towers with Radar,419,170,160,1,750,0,11,16,0,27,419,181,176,1,777,0,0,0,777
05/27/2023,DAL,TX,ASW,CE,Towers with Radar,307,110,72,0,489,0,1,11,0,12,307,111,83,0,501,0,0,0,501
05/28/2023,DAL,TX,ASW,CE,Towers with Radar,402,96,53,0,551,0,6,6,0,12,402,102,59,0,563,0,0,0,563
05/29/2023,DAL,TX,ASW,CE,Towers with Radar,416,128,90,1,635,0,3,9,0,12,416,131,99,1,647,0,0,0,647
05/30/2023,DAL,TX,ASW,CE,Towers with Radar,417,119,126,1,663,0,3,8,0,11,417,122,134,1,674,0,0,0,674
05/31/2023,DAL,TX,ASW,CE,Towers with Radar,425,150,122,1,698,0,5,13,0,18,425,155,135,1,716,0,0,0,716
06/01/2023,DAL,TX,ASW,CE,Towers with Radar,418,156,140,2,716,0,5,11,2,18,418,161,151,4,734,0,0,0,734
06/02/2023,DAL,TX,ASW,CE,Towers with Radar,423,125,137,1,686,0,8,15,0,23,423,133,152,1,709,0,0,0,709
06/03/2023,DAL,TX,ASW,CE,Towers with Radar,304,125,86,0,515,0,5,13,0,18,304,130,99,0,533,0,0,0,533
06/04/2023,DAL,TX,ASW,CE,Towers with Radar,428,115,93,1,637,0,11,9,0,20,428,126,102,1,657,0,0,0,657
06/05/2023,DAL,TX,ASW,CE,Towers with Radar,434,122,103,0,659,0,4,15,1,20,434,126,118,1,679,0,0,0,679
06/06/2023,DAL,TX,ASW,CE,Towers with Radar,417,133,114,0,664,0,4,13,1,18,417,137,127,1,682,0,0,0,682
06/07/2023,DAL,TX,ASW,CE,Towers with Radar,410,137,135,0,682,0,0,11,0,11,410,137,146,0,693,0,0,0,693
06/08/2023,DAL,TX,ASW,CE,Towers with Radar,481,177,133,1,792,0,5,3,0,8,481,182,136,1,800,0,0,0,800
06/09/2023,DAL,TX,ASW,CE,Towers with Radar,440,153,117,5,715,0,2,13,1,16,440,155,130,6,731,0,0,0,731
06/10/2023,DAL,TX,ASW,CE,Towers with Radar,292,125,77,0,494,0,3,6,0,9,292,128,83,0,503,0,0,0,503
06/11/2023,DAL,TX,ASW,CE,Towers with Radar,370,133,111,0,614,0,6,8,0,14,370,139,119,0,628,0,0,0,628
06/12/2023,DAL,TX,ASW,CE,Towers with Radar,475,132,122,0,729,0,1,11,0,12,475,133,133,0,741,0,0,0,741
06/13/2023,DAL,TX,ASW,CE,Towers with Radar,441,122,142,2,707,0,0,1,0,1,441,122,143,2,708,0,0,0,708
06/14/2023,DAL,TX,ASW,CE,Towers with Radar,435,152,160,1,748,0,3,4,0,7,435,155,164,1,755,0,0,0,755
06/15/2023,DAL,TX,ASW,CE,Towers with Radar,427,152,160,3,742,0,5,6,0,11,427,157,166,3,753,0,0,0,753
06/16/2023,DAL,TX,ASW,CE,Towers with Radar,443,173,152,1,769,0,3,3,0,6,443,176,155,1,775,0,0,0,775
06/17/2023,DAL,TX,ASW,CE,Towers with Radar,352,98,81,0,531,0,5,6,0,11,352,103,87,0,542,0,0,0,542
06/18/2023,DAL,TX,ASW,CE,Towers with Radar,445,125,102,1,673,0,4,4,0,8,445,129,106,1,681,0,0,0,681
06/19/2023,DAL,TX,ASW,CE,Towers with Radar,428,153,110,2,693,0,0,19,0,19,428,153,129,2,712,0,0,0,712
06/20/2023,DAL,TX,ASW,CE,Towers with Radar,438,117,124,4,683,0,0,9,0,9,438,117,133,4,692,0,0,0,692
06/21/2023,DAL,TX,ASW,CE,Towers with Radar,421,146,140,0,707,0,3,7,1,11,421,149,147,1,718,0,0,0,718
06/22/2023,DAL,TX,ASW,CE,Towers with Radar,447,146,150,1,744,0,4,18,1,23,447,150,168,2,767,0,0,0,767
06/23/2023,DAL,TX,ASW,CE,Towers with Radar,455,142,123,1,721,0,4,10,0,14,455,146,133,1,735,0,0,0,735
06/24/2023,DAL,TX,ASW,CE,Towers with Radar,369,136,68,2,575,0,4,8,0,12,369,140,76,2,587,0,0,0,587
06/25/2023,DAL,TX,ASW,CE,Towers with Radar,423,144,94,2,663,0,10,11,0,21,423,154,105,2,684,0,0,0,684
06/26/2023,DAL,TX,ASW,CE,Towers with Radar,430,134,95,0,659,0,3,5,0,8,430,137,100,0,667,0,0,0,667
06/27/2023,DAL,TX,ASW,CE,Towers with Radar,434,136,131,2,703,0,6,16,0,22,434,142,147,2,725,0,0,0,725
06/28/2023,DAL,TX,ASW,CE,Towers with Radar,433,154,130,2,719,0,14,19,1,34,433,168,149,3,753,0,0,0,753
06/29/2023,DAL,TX,ASW,CE,Towers with Radar,433,179,123,1,736,0,0,9,0,9,433,179,132,1,745,0,0,0,745
06/30/2023,DAL,TX,ASW,CE,Towers with Radar,436,171,139,0,746,0,4,9,0,13,436,175,148,0,759,0,0,0,759
07/01/2023,DAL,TX,ASW,CE,Towers with Radar,369,166,102,1,638,0,9,6,0,15,369,175,108,1,653,0,0,0,653
07/02/2023,DAL,TX,ASW,CE,Towers with Radar,431,139,57,1,628,0,6,3,0,9,431,145,60,1,637,0,0,0,637
07/03/2023,DAL,TX,ASW,CE,Towers with Radar,435,77,58,0,570,0,3,14,0,17,435,80,72,0,587,0,0,0,587
07/04/2023,DAL,TX,ASW,CE,Towers with Radar,427,75,36,0,538,0,7,2,0,9,427,82,38,0,547,0,0,0,547
07/05/2023,DAL,TX,ASW,CE,Towers with Radar,423,124,89,2,638,0,6,13,0,19,423,130,102,2,657,0,0,0,657
07/06/2023,DAL,TX,ASW,CE,Towers with Radar,432,141,112,0,685,0,1,5,0,6,432,142,117,0,691,0,0,0,691
07/07/2023,DAL,TX,ASW,CE,Towers with Radar,441,141,100,1,683,0,6,20,0,26,441,147,120,1,709,0,0,0,709
07/08/2023,DAL,TX,ASW,CE,Towers with Radar,372,100,67,2,541,0,4,12,0,16,372,104,79,2,557,0,0,0,557
07/09/2023,DAL,TX,ASW,CE,Towers with Radar,416,109,102,0,627,0,7,15,0,22,416,116,117,0,649,0,0,0,649
07/10/2023,DAL,TX,ASW,CE,Towers with Radar,449,116,101,0,666,0,1,12,0,13,449,117,113,0,679,0,0,0,679
07/11/2023,DAL,TX,ASW,CE,Towers with Radar,441,129,115,1,686,0,6,6,0,12,441,135,121,1,698,0,0,0,698
07/12/2023,DAL,TX,ASW,CE,Towers with Radar,433,115,106,4,658,0,9,5,1,15,433,124,111,5,673,0,0,0,673
07/13/2023,DAL,TX,ASW,CE,Towers with Radar,442,143,107,3,695,0,7,14,0,21,442,150,121,3,716,0,0,0,716
07/14/2023,DAL,TX,ASW,CE,Towers with Radar,418,136,93,0,647,0,10,17,0,27,418,146,110,0,674,0,0,0,674
07/15/2023,DAL,TX,ASW,CE,Towers with Radar,379,118,54,3,554,0,6,13,0,19,379,124,67,3,573,0,0,0,573
07/16/2023,DAL,TX,ASW,CE,Towers with Radar,420,135,80,1,636,0,6,5,0,11,420,141,85,1,647,0,0,0,647
07/17/2023,DAL,TX,ASW,CE,Towers with Radar,450,127,87,8,672,0,1,10,0,11,450,128,97,8,683,0,0,0,683
07/18/2023,DAL,TX,ASW,CE,Towers with Radar,440,134,118,6,698,0,3,11,0,14,440,137,129,6,712,0,0,0,712
07/19/2023,DAL,TX,ASW,CE,Towers with Radar,433,115,110,0,658,0,2,6,0,8,433,117,116,0,666,0,0,0,666
07/20/2023,DAL,TX,ASW,CE,Towers with Radar,420,130,131,0,681,0,5,20,0,25,420,135,151,0,706,0,0,0,706
07/21/2023,DAL,TX,ASW,CE,Towers with Radar,433,142,97,1,673,0,6,16,0,22,433,148,113,1,695,0,0,0,695
07/22/2023,DAL,TX,ASW,CE,Towers with Radar,372,118,55,5,550,0,12,6,0,18,372,130,61,5,568,0,0,0,568
07/23/2023,DAL,TX,ASW,CE,Towers with Radar,426,128,100,1,655,0,5,15,0,20,426,133,115,1,675,0,0,0,675
07/24/2023,DAL,TX,ASW,CE,Towers with Radar,439,136,109,0,684,0,4,12,0,16,439,140,121,0,700,0,0,0,700
07/25/2023,DAL,TX,ASW,CE,Towers with Radar,425,139,103,2,669,0,4,19,0,23,425,143,122,2,692,0,0,0,692
07/26/2023,DAL,TX,ASW,CE,Towers with Radar,438,134,108,0,680,0,4,7,0,11,438,138,115,0,691,0,0,0,691
07/27/2023,DAL,TX,ASW,CE,Towers with Radar,445,164,135,1,745,0,1,17,0,18,445,165,152,1,763,0,0,0,763
07/28/2023,DAL,TX,ASW,CE,Towers with Radar,433,151,129,2,715,0,5,24,0,29,433,156,153,2,744,0,0,0,744
07/29/2023,DAL,TX,ASW,CE,Towers with Radar,379,148,74,1,602,0,7,10,0,17,379,155,84,1,619,0,0,0,619
07/30/2023,DAL,TX,ASW,CE,Towers with Radar,426,173,128,0,727,0,8,8,0,16,426,181,136,0,743,0,0,0,743
07/31/2023,DAL,TX,ASW,CE,Towers with Radar,436,139,98,0,673,0,1,12,0,13,436,140,110,0,686,0,0,0,686
08/01/2023,DAL,TX,ASW,CE,Towers with Radar,435,135,95,1,666,0,2,4,2,8,435,137,99,3,674,0,0,0,674
08/02/2023,DAL,TX,ASW,CE,Towers with Radar,436,131,97,0,664,0,3,11,0,14,436,134,108,0,678,0,0,0,678
08/03/2023,DAL,TX,ASW,CE,Towers with Radar,428,148,77,0,653,0,4,7,0,11,428,152,84,0,664,0,0,0,664
08/04/2023,DAL,TX,ASW,CE,Towers with Radar,447,170,107,4,728,0,4,8,0,12,447,174,115,4,740,0,0,0,740
08/05/2023,DAL,TX,ASW,CE,Towers with Radar,371,119,74,0,564,0,4,9,0,13,371,123,83,0,577,0,0,0,577
08/06/2023,DAL,TX,ASW,CE,Towers with Radar,413,152,124,3,692,0,8,9,0,17,413,160,133,3,709,0,0,0,709
08/07/2023,DAL,TX,ASW,CE,Towers with Radar,435,151,77,1,664,0,4,10,2,16,435,155,87,3,680,0,0,0,680
08/08/2023,DAL,TX,ASW,CE,Towers with Radar,440,127,76,5,648,0,2,16,0,18,440,129,92,5,666,0,0,0,666
08/09/2023,DAL,TX,ASW,CE,Towers with Radar,431,129,91,8,659,0,3,15,0,18,431,132,106,8,677,0,0,0,677
08/10/2023,DAL,TX,ASW,CE,Towers with Radar,452,167,113,7,739,0,6,10,0,16,452,173,123,7,755,0,0,0,755
08/11/2023,DAL,TX,ASW,CE,Towers with Radar,437,161,107,7,712,0,7,12,0,19,437,168,119,7,731,0,0,0,731
08/12/2023,DAL,TX,ASW,CE,Towers with Radar,369,120,59,0,548,0,11,12,0,23,369,131,71,0,571,0,0,0,571
08/13/2023,DAL,TX,ASW,CE,Towers with Radar,432,142,102,0,676,0,4,10,0,14,432,146,112,0,690,0,0,0,690
08/14/2023,DAL,TX,ASW,CE,Towers with Radar,433,133,87,3,656,0,6,5,2,13,433,139,92,5,669,0,0,0,669
08/15/2023,DAL,TX,ASW,CE,Towers with Radar,447,154,113,1,715,0,7,17,0,24,447,161,130,1,739,0,0,0,739
08/16/2023,DAL,TX,ASW,CE,Towers with Radar,440,129,127,11,707,0,5,23,0,28,440,134,150,11,735,0,0,0,735
08/17/2023,DAL,TX,ASW,CE,Towers with Radar,442,181,140,1,764,0,2,21,2,25,442,183,161,3,789,0,0,0,789
08/18/2023,DAL,TX,ASW,CE,Towers with Radar,435,176,98,4,713,0,3,12,0,15,435,179,110,4,728,0,0,0,728
08/19/2023,DAL,TX,ASW,CE,Towers with Radar,357,119,58,3,537,0,3,7,0,10,357,122,65,3,547,0,0,0,547
08/20/2023,DAL,TX,ASW,CE,Towers with Radar,415,174,91,0,680,0,2,11,0,13,415,176,102,0,693,0,0,0,693
08/21/2023,DAL,TX,ASW,CE,Towers with Radar,429,138,89,6,662,0,3,16,2,21,429,141,105,8,683,0,0,0,683
08/22/2023,DAL,TX,ASW,CE,Towers with Radar,450,143,95,3,691,0,3,8,0,11,450,146,103,3,702,0,0,0,702
08/23/2023,DAL,TX,ASW,CE,Towers with Radar,439,148,103,4,694,0,5,7,0,12,439,153,110,4,706,0,0,0,706
08/24/2023,DAL,TX,ASW,CE,Towers with Radar,443,144,121,4,712,0,2,21,0,23,443,146,142,4,735,0,0,0,735
08/25/2023,DAL,TX,ASW,CE,Towers with Radar,442,143,118,4,707,0,6,15,0,21,442,149,133,4,728,0,0,0,728
08/26/2023,DAL,TX,ASW,CE,Towers with Radar,363,114,81,3,561,0,5,18,1,24,363,119,99,4,585,0,0,0,585
08/27/2023,DAL,TX,ASW,CE,Towers with Radar,447,129,96,0,672,0,9,10,0,19,447,138,106,0,691,0,0,0,691
08/28/2023,DAL,TX,ASW,CE,Towers with Radar,444,144,87,1,676,0,4,17,0,21,444,148,104,1,697,0,0,0,697
08/29/2023,DAL,TX,ASW,CE,Towers with Radar,432,118,105,1,656,0,4,20,0,24,432,122,125,1,680,0,0,0,680
08/30/2023,DAL,TX,ASW,CE,Towers with Radar,428,124,89,0,641,0,11,18,0,29,428,135,107,0,670,0,0,0,670
08/31/2023,DAL,TX,ASW,CE,Towers with Radar,447,171,127,0,745,0,3,19,0,22,447,174,146,0,767,0,0,0,767
01/01/2020,DAL,TX,ASW,CE,Towers with Radar,408,65,76,0,549,0,2,8,2,12,408,67,84,2,561,0,0,0,561
01/02/2020,DAL,TX,ASW,CE,Towers with Radar,429,89,100,0,618,0,5,15,1,21,429,94,115,1,639,0,0,0,639
01/03/2020,DAL,TX,ASW,CE,Towers with Radar,428,113,110,5,656,0,3,10,0,13,428,116,120,5,669,0,0,0,669
01/04/2020,DAL,TX,ASW,CE,Towers with Radar,327,97,107,0,531,0,4,16,0,20,327,101,123,0,551,0,0,0,551
01/05/2020,DAL,TX,ASW,CE,Towers with Radar,426,94,86,7,613,0,9,17,0,26,426,103,103,7,639,0,0,0,639
01/06/2020,DAL,TX,ASW,CE,Towers with Radar,419,75,111,0,605,0,6,16,4,26,419,81,127,4,631,0,0,0,631
01/07/2020,DAL,TX,ASW,CE,Towers with Radar,418,84,103,3,608,0,9,15,0,24,418,93,118,3,632,0,0,0,632
01/08/2020,DAL,TX,ASW,CE,Towers with Radar,431,83,170,5,689,0,2,16,2,20,431,85,186,7,709,0,0,0,709
01/09/2020,DAL,TX,ASW,CE,Towers with Radar,434,97,194,0,725,0,0,9,0,9,434,97,203,0,734,0,0,0,734
01/10/2020,DAL,TX,ASW,CE,Towers with Radar,285,71,91,0,447,0,0,0,0,0,285,71,91,0,447,0,0,0,447
01/11/2020,DAL,TX,ASW,CE,Towers with Radar,320,61,102,0,483,0,4,3,0,7,320,65,105,0,490,0,0,0,490
01/12/2020,DAL,TX,ASW,CE,Towers with Radar,432,88,112,2,634,0,1,7,2,10,432,89,119,4,644,0,0,0,644
01/13/2020,DAL,TX,ASW,CE,Towers with Radar,419,68,102,0,589,0,0,0,0,0,419,68,102,0,589,0,0,0,589
01/14/2020,DAL,TX,ASW,CE,Towers with Radar,393,85,131,2,611,0,0,6,0,6,393,85,137,2,617,0,0,0,617
01/15/2020,DAL,TX,ASW,CE,Towers with Radar,424,105,135,0,664,0,3,5,0,8,424,108,140,0,672,0,0,0,672
01/16/2020,DAL,TX,ASW,CE,Towers with Radar,418,101,126,0,645,0,1,0,0,1,418,102,126,0,646,0,0,0,646
01/17/2020,DAL,TX,ASW,CE,Towers with Radar,421,102,109,0,632,0,0,0,0,0,421,102,109,0,632,0,0,0,632
01/18/2020,DAL,TX,ASW,CE,Towers with Radar,323,59,65,4,451,0,1,17,0,18,323,60,82,4,469,0,0,0,469
01/19/2020,DAL,TX,ASW,CE,Towers with Radar,418,73,92,0,583,0,5,13,0,18,418,78,105,0,601,0,0,0,601
01/20/2020,DAL,TX,ASW,CE,Towers with Radar,413,104,128,0,645,0,2,13,1,16,413,106,141,1,661,0,0,0,661
01/21/2020,DAL,TX,ASW,CE,Towers with Radar,421,81,144,0,646,0,4,15,0,19,421,85,159,0,665,0,0,0,665
01/22/2020,DAL,TX,ASW,CE,Towers with Radar,422,79,149,0,650,0,0,0,0,0,422,79,149,0,650,0,0,0,650
01/23/2020,DAL,TX,ASW,CE,Towers with Radar,419,88,145,2,654,0,3,16,0,19,419,91,161,2,673,0,0,0,673
01/24/2020,DAL,TX,ASW,CE,Towers with Radar,414,82,121,1,618,0,6,15,0,21,414,88,136,1,639,0,0,0,639
01/25/2020,DAL,TX,ASW,CE,Towers with Radar,316,39,54,0,409,0,2,7,0,9,316,41,61,0,418,0,0,0,418
01/26/2020,DAL,TX,ASW,CE,Towers with Radar,428,68,133,2,631,0,0,7,0,7,428,68,140,2,638,0,0,0,638
01/27/2020,DAL,TX,ASW,CE,Towers with Radar,364,76,143,1,584,0,4,5,0,9,364,80,148,1,593,0,0,0,593
01/28/2020,DAL,TX,ASW,CE,Towers with Radar,419,78,133,7,637,0,0,3,0,3,419,78,136,7,640,0,0,0,640
01/29/2020,DAL,TX,ASW,CE,Towers with Radar,427,104,163,2,696,0,4,4,0,8,427,108,167,2,704,0,0,0,704
01/30/2020,DAL,TX,ASW,CE,Towers with Radar,429,75,150,0,654,0,0,7,0,7,429,75,157,0,661,0,0,0,661
01/31/2020,DAL,TX,ASW,CE,Towers with Radar,430,75,113,7,625,0,2,8,6,16,430,77,121,13,641,0,0,0,641
02/01/2020,DAL,TX,ASW,CE,Towers with Radar,319,56,51,3,429,0,10,30,1,41,319,66,81,4,470,0,0,0,470
02/02/2020,DAL,TX,ASW,CE,Towers with Radar,414,57,68,4,543,0,5,16,1,22,414,62,84,5,565,0,0,0,565
02/03/2020,DAL,TX,ASW,CE,Towers with Radar,425,90,147,0,662,0,5,9,3,17,425,95,156,3,679,0,0,0,679
02/04/2020,DAL,TX,ASW,CE,Towers with Radar,404,92,159,0,655,0,0,1,0,1,404,92,160,0,656,0,0,0,656
02/05/2020,DAL,TX,ASW,CE,Towers with Radar,390,88,104,0,582,0,0,1,0,1,390,88,105,0,583,0,0,0,583
02/06/2020,DAL,TX,ASW,CE,Towers with Radar,421,89,140,3,653,0,5,9,0,14,421,94,149,3,667,0,0,0,667
02/07/2020,DAL,TX,ASW,CE,Towers with Radar,426,97,132,3,658,0,1,24,5,30,426,98,156,8,688,0,0,0,688
02/08/2020,DAL,TX,ASW,CE,Towers with Radar,318,55,57,0,430,0,4,11,4,19,318,59,68,4,449,0,0,0,449
02/09/2020,DAL,TX,ASW,CE,Towers with Radar,415,69,121,1,606,0,1,0,0,1,415,70,121,1,607,0,0,0,607
02/10/2020,DAL,TX,ASW,CE,Towers with Radar,422,77,118,0,617,0,0,0,0,0,422,77,118,0,617,0,0,0,617
02/11/2020,DAL,TX,ASW,CE,Towers with Radar,428,63,125,4,620,0,0,0,0,0,428,63,125,4,620,0,0,0,620
02/12/2020,DAL,TX,ASW,CE,Towers with Radar,427,105,175,3,710,0,1,4,2,7,427,106,179,5,717,0,0,0,717
02/13/2020,DAL,TX,ASW,CE,Towers with Radar,420,107,222,2,751,0,4,22,0,26,420,111,244,2,777,0,0,0,777
02/14/2020,DAL,TX,ASW,CE,Towers with Radar,430,93,153,0,676,0,5,27,1,33,430,98,180,1,709,0,0,0,709
02/15/2020,DAL,TX,ASW,CE,Towers with Radar,321,74,64,2,461,0,4,21,1,26,321,78,85,3,487,0,0,0,487
02/16/2020,DAL,TX,ASW,CE,Towers with Radar,412,55,101,0,568,0,1,12,3,16,412,56,113,3,584,0,0,0,584
02/17/2020,DAL,TX,ASW,CE,Towers with Radar,431,107,169,0,707,0,5,8,1,14,431,112,177,1,721,0,0,0,721
02/18/2020,DAL,TX,ASW,CE,Towers with Radar,432,103,147,3,685,0,2,10,0,12,432,105,157,3,697,0,0,0,697
02/19/2020,DAL,TX,ASW,CE,Towers with Radar,426,113,152,3,694,0,0,7,0,7,426,113,159,3,701,0,0,0,701
02/20/2020,DAL,TX,ASW,CE,Towers with Radar,427,121,150,4,702,0,10,7,0,17,427,131,157,4,719,0,0,0,719
02/21/2020,DAL,TX,ASW,CE,Towers with Radar,423,98,150,9,680,0,4,33,0,37,423,102,183,9,717,0,0,0,717
02/22/2020,DAL,TX,ASW,CE,Towers with Radar,323,64,80,1,468,0,3,11,3,17,323,67,91,4,485,0,0,0,485
02/23/2020,DAL,TX,ASW,CE,Towers with Radar,427,67,129,6,629,0,1,0,2,3,427,68,129,8,632,0,0,0,632
02/24/2020,DAL,TX,ASW,CE,Towers with Radar,423,78,132,2,635,0,6,15,2,23,423,84,147,4,658,0,0,0,658
02/25/2020,DAL,TX,ASW,CE,Towers with Radar,423,84,164,5,676,0,3,8,0,11,423,87,172,5,687,0,0,0,687
02/26/2020,DAL,TX,ASW,CE,Towers with Radar,423,73,165,2,663,0,1,14,0,15,423,74,179,2,678,0,0,0,678
02/27/2020,DAL,TX,ASW,CE,Towers with Radar,424,74,173,1,672,0,7,19,0,26,424,81,192,1,698,0,0,0,698
02/28/2020,DAL,TX,ASW,CE,Towers with Radar,427,78,127,0,632,0,9,32,0,41,427,87,159,0,673,0,0,0,673
02/29/2020,DAL,TX,ASW,CE,Towers with Radar,321,61,78,0,460,0,9,14,0,23,321,70,92,0,483,0,0,0,483
03/01/2020,DAL,TX,ASW,CE,Towers with Radar,428,80,150,0,658,0,3,5,0,8,428,83,155,0,666,0,0,0,666
03/02/2020,DAL,TX,ASW,CE,Towers with Radar,438,82,135,0,655,0,2,4,0,6,438,84,139,0,661,0,0,0,661
03/03/2020,DAL,TX,ASW,CE,Towers with Radar,428,100,152,1,681,0,4,13,0,17,428,104,165,1,698,0,0,0,698
03/04/2020,DAL,TX,ASW,CE,Towers with Radar,396,80,134,1,611,0,2,0,0,2,396,82,134,1,613,0,0,0,613
03/05/2020,DAL,TX,ASW,CE,Towers with Radar,431,74,180,2,687,0,4,24,2,30,431,78,204,4,717,0,0,0,717
03/06/2020,DAL,TX,ASW,CE,Towers with Radar,432,91,129,1,653,0,4,37,2,43,432,95,166,3,696,0,0,0,696
03/07/2020,DAL,TX,ASW,CE,Towers with Radar,373,75,86,0,534,0,4,12,0,16,373,79,98,0,550,0,0,0,550
03/08/2020,DAL,TX,ASW,CE,Towers with Radar,418,78,122,0,618,0,2,9,2,13,418,80,131,2,631,0,0,0,631
03/09/2020,DAL,TX,ASW,CE,Towers with Radar,427,64,119,0,610,0,1,0,0,1,427,65,119,0,611,0,0,0,611
03/10/2020,DAL,TX,ASW,CE,Towers with Radar,421,108,134,1,664,0,4,11,1,16,421,112,145,2,680,0,0,0,680
03/11/2020,DAL,TX,ASW,CE,Towers with Radar,414,78,102,1,595,0,2,8,0,10,414,80,110,1,605,0,0,0,605
03/12/2020,DAL,TX,ASW,CE,Towers with Radar,424,114,140,1,679,0,4,13,0,17,424,118,153,1,696,0,0,0,696
03/13/2020,DAL,TX,ASW,CE,Towers with Radar,404,110,145,1,660,0,1,0,0,1,404,111,145,1,661,0,0,0,661
03/14/2020,DAL,TX,ASW,CE,Towers with Radar,357,89,91,3,540,0,0,1,0,1,357,89,92,3,541,0,0,0,541
03/15/2020,DAL,TX,ASW,CE,Towers with Radar,394,64,82,1,541,0,0,0,0,0,394,64,82,1,541,0,0,0,541
03/16/2020,DAL,TX,ASW,CE,Towers with Radar,428,71,109,0,608,0,0,3,0,3,428,71,112,0,611,0,0,0,611
03/17/2020,DAL,TX,ASW,CE,Towers with Radar,309,85,76,2,472,0,0,1,0,1,309,85,77,2,473,0,0,0,473
03/18/2020,DAL,TX,ASW,CE,Towers with Radar,341,65,57,2,465,0,0,6,0,6,341,65,63,2,471,0,0,0,471
03/19/2020,DAL,TX,ASW,CE,Towers with Radar,307,50,38,2,397,0,0,2,0,2,307,50,40,2,399,0,0,0,399
03/20/2020,DAL,TX,ASW,CE,Towers with Radar,353,78,64,0,495,0,1,9,0,10,353,79,73,0,505,0,0,0,505
03/21/2020,DAL,TX,ASW,CE,Towers with Radar,324,81,57,0,462,0,1,4,0,5,324,82,61,0,467,0,0,0,467
03/22/2020,DAL,TX,ASW,CE,Towers with Radar,319,47,44,0,410,0,0,0,0,0,319,47,44,0,410,0,0,0,410
03/23/2020,DAL,TX,ASW,CE,Towers with Radar,293,50,40,0,383,0,0,0,0,0,293,50,40,0,383,0,0,0,383
03/24/2020,DAL,TX,ASW,CE,Towers with Radar,335,64,30,1,430,0,1,3,0,4,335,65,33,1,434,0,0,0,434
03/25/2020,DAL,TX,ASW,CE,Towers with Radar,338,61,35,0,434,0,0,18,2,20,338,61,53,2,454,0,0,0,454
03/26/2020,DAL,TX,ASW,CE,Towers with Radar,326,53,20,0,399,0,10,20,2,32,326,63,40,2,431,0,0,0,431
03/27/2020,DAL,TX,ASW,CE,Towers with Radar,255,40,31,0,326,0,1,4,0,5,255,41,35,0,331,0,0,0,331
03/28/2020,DAL,TX,ASW,CE,Towers with Radar,180,37,11,0,228,0,3,4,0,7,180,40,15,0,235,0,0,0,235
03/29/2020,DAL,TX,ASW,CE,Towers with Radar,239,39,16,0,294,0,2,9,0,11,239,41,25,0,305,0,0,0,305
03/30/2020,DAL,TX,ASW,CE,Towers with Radar,234,38,18,0,290,0,1,2,0,3,234,39,20,0,293,0,0,0,293
03/31/2020,DAL,TX,ASW,CE,Towers with Radar,226,37,20,2,285,0,0,5,0,5,226,37,25,2,290,0,0,0,290
04/01/2020,DAL,TX,ASW,CE,Towers with Radar,217,25,31,2,275,0,6,26,0,32,217,31,57,2,307,0,0,0,307
04/02/2020,DAL,TX,ASW,CE,Towers with Radar,200,37,26,0,263,0,0,0,0,0,200,37,26,0,263,0,0,0,263
04/03/2020,DAL,TX,ASW,CE,Towers with Radar,224,44,25,0,293,0,0,3,0,3,224,44,28,0,296,0,0,0,296
04/04/2020,DAL,TX,ASW,CE,Towers with Radar,185,32,18,0,235,0,0,0,0,0,185,32,18,0,235,0,0,0,235
04/05/2020,DAL,TX,ASW,CE,Towers with Radar,186,31,13,2,232,0,2,4,0,6,186,33,17,2,238,0,0,0,238
04/06/2020,DAL,TX,ASW,CE,Towers with Radar,195,12,27,0,234,0,2,9,1,12,195,14,36,1,246,0,0,0,246
04/07/2020,DAL,TX,ASW,CE,Towers with Radar,195,28,33,0,256,0,2,7,0,9,195,30,40,0,265,0,0,0,265
04/08/2020,DAL,TX,ASW,CE,Towers with Radar,193,43,37,0,273,0,6,13,0,19,193,49,50,0,292,0,0,0,292
04/09/2020,DAL,TX,ASW,CE,Towers with Radar,190,29,22,0,241,0,6,10,1,17,190,35,32,1,258,0,0,0,258
04/10/2020,DAL,TX,ASW,CE,Towers with Radar,185,31,24,3,243,0,3,13,0,16,185,34,37,3,259,0,0,0,259
04/11/2020,DAL,TX,ASW,CE,Towers with Radar,143,25,11,0,179,0,0,6,0,6,143,25,17,0,185,0,0,0,185
04/12/2020,DAL,TX,ASW,CE,Towers with Radar,176,22,8,0,206,0,3,2,0,5,176,25,10,0,211,0,0,0,211
04/13/2020,DAL,TX,ASW,CE,Towers with Radar,181,22,37,1,241,0,1,13,4,18,181,23,50,5,259,0,0,0,259
04/14/2020,DAL,TX,ASW,CE,Towers with Radar,153,34,32,2,221,0,5,7,2,14,153,39,39,4,235,0,0,0,235
04/15/2020,DAL,TX,ASW,CE,Towers with Radar,148,29,30,0,207,0,1,11,2,14,148,30,41,2,221,0,0,0,221
04/16/2020,DAL,TX,ASW,CE,Towers with Radar,149,43,28,4,224,0,0,3,0,3,149,43,31,4,227,0,0,0,227
04/17/2020,DAL,TX,ASW,CE,Towers with Radar,157,39,27,0,223,0,1,3,0,4,157,40,30,0,227,0,0,0,227
04/18/2020,DAL,TX,ASW,CE,Towers with Radar,118,19,21,0,158,0,0,4,0,4,118,19,25,0,162,0,0,0,162
04/19/2020,DAL,TX,ASW,CE,Towers with Radar,124,23,21,0,168,0,2,0,0,2,124,25,21,0,170,0,0,0,170
04/20/2020,DAL,TX,ASW,CE,Towers with Radar,122,43,25,4,194,0,2,8,0,10,122,45,33,4,204,0,0,0,204
04/21/2020,DAL,TX,ASW,CE,Towers with Radar,144,44,49,1,238,0,4,13,0,17,144,48,62,1,255,0,0,0,255
04/22/2020,DAL,TX,ASW,CE,Towers with Radar,129,39,30,3,201,0,4,0,0,4,129,43,30,3,205,0,0,0,205
04/23/2020,DAL,TX,ASW,CE,Towers with Radar,123,42,35,3,203,0,2,13,0,15,123,44,48,3,218,0,0,0,218
04/24/2020,DAL,TX,ASW,CE,Towers with Radar,130,45,60,4,239,0,0,13,0,13,130,45,73,4,252,0,0,0,252
04/25/2020,DAL,TX,ASW,CE,Towers with Radar,105,35,25,1,166,0,3,9,0,12,105,38,34,1,178,0,0,0,178
04/26/2020,DAL,TX,ASW,CE,Towers with Radar,131,43,25,0,199,0,1,10,0,11,131,44,35,0,210,0,0,0,210
04/27/2020,DAL,TX,ASW,CE,Towers with Radar,115,37,39,6,197,0,5,6,0,11,115,42,45,6,208,0,0,0,208
04/28/2020,DAL,TX,ASW,CE,Towers with Radar,134,35,29,1,199,0,0,3,0,3,134,35,32,1,202,0,0,0,202
04/29/2020,DAL,TX,ASW,CE,Towers with Radar,127,48,31,4,210,0,3,13,0,16,127,51,44,4,226,0,0,0,226
04/30/2020,DAL,TX,ASW,CE,Towers with Radar,108,45,59,3,215,0,5,16,0,21,108,50,75,3,236,0,0,0,236
05/01/2020,DAL,TX,ASW,CE,Towers with Radar,102,44,46,2,194,0,4,16,0,20,102,48,62,2,214,0,0,0,214
05/02/2020,DAL,TX,ASW,CE,Towers with Radar,102,41,32,0,175,0,1,10,0,11,102,42,42,0,186,0,0,0,186
05/03/2020,DAL,TX,ASW,CE,Towers with Radar,151,40,48,0,239,0,3,16,1,20,151,43,64,1,259,0,0,0,259
05/04/2020,DAL,TX,ASW,CE,Towers with Radar,151,40,45,1,237,0,3,5,0,8,151,43,50,1,245,0,0,0,245
05/05/2020,DAL,TX,ASW,CE,Towers with Radar,152,49,38,5,244,0,2,12,0,14,152,51,50,5,258,0,0,0,258
05/06/2020,DAL,TX,ASW,CE,Towers with Radar,150,47,47,2,246,0,3,24,2,29,150,50,71,4,275,0,0,0,275
05/07/2020,DAL,TX,ASW,CE,Towers with Radar,150,50,48,2,250,0,4,20,0,24,150,54,68,2,274,0,0,0,274
05/08/2020,DAL,TX,ASW,CE,Towers with Radar,157,49,71,6,283,0,0,0,0,0,157,49,71,6,283,0,0,0,283
05/09/2020,DAL,TX,ASW,CE,Towers with Radar,150,51,40,1,242,0,8,11,2,21,150,59,51,3,263,0,0,0,263
05/10/2020,DAL,TX,ASW,CE,Towers with Radar,154,31,48,0,233,0,2,10,0,12,154,33,58,0,245,0,0,0,245
05/11/2020,DAL,TX,ASW,CE,Towers with Radar,153,41,78,0,272,0,4,18,0,22,153,45,96,0,294,0,0,0,294
05/12/2020,DAL,TX,ASW,CE,Towers with Radar,150,43,70,2,265,0,1,2,0,3,150,44,72,2,268,0,0,0,268
05/13/2020,DAL,TX,ASW,CE,Towers with Radar,150,51,55,2,258,0,3,10,0,13,150,54,65,2,271,0,0,0,271
05/14/2020,DAL,TX,ASW,CE,Towers with Radar,152,62,88,4,306,0,2,13,0,15,152,64,101,4,321,0,0,0,321
05/15/2020,DAL,TX,ASW,CE,Towers with Radar,152,63,73,2,290,0,2,6,0,8,152,65,79,2,298,0,0,0,298
05/16/2020,DAL,TX,ASW,CE,Towers with Radar,154,42,34,1,231,0,0,0,0,0,154,42,34,1,231,0,0,0,231
05/17/2020,DAL,TX,ASW,CE,Towers with Radar,155,57,53,1,266,0,4,14,0,18,155,61,67,1,284,0,0,0,284
05/18/2020,DAL,TX,ASW,CE,Towers with Radar,154,56,72,4,286,0,5,23,0,28,154,61,95,4,314,0,0,0,314
05/19/2020,DAL,TX,ASW,CE,Towers with Radar,152,67,84,2,305,0,0,7,1,8,152,67,91,3,313,0,0,0,313
05/20/2020,DAL,TX,ASW,CE,Towers with Radar,159,61,68,2,290,0,3,2,0,5,159,64,70,2,295,0,0,0,295
05/21/2020,DAL,TX,ASW,CE,Towers with Radar,170,69,74,1,314,0,3,5,0,8,170,72,79,1,322,0,0,0,322
05/22/2020,DAL,TX,ASW,CE,Towers with Radar,178,84,99,0,361,0,3,10,0,13,178,87,109,0,374,0,0,0,374
05/23/2020,DAL,TX,ASW,CE,Towers with Radar,171,57,49,0,277,0,4,7,0,11,171,61,56,0,288,0,0,0,288
05/24/2020,DAL,TX,ASW,CE,Towers with Radar,159,37,28,0,224,0,4,4,0,8,159,41,32,0,232,0,0,0,232
05/25/2020,DAL,TX,ASW,CE,Towers with Radar,184,35,60,0,279,0,1,5,0,6,184,36,65,0,285,0,0,0,285
05/26/2020,DAL,TX,ASW,CE,Towers with Radar,165,68,74,1,308,0,2,5,0,7,165,70,79,1,315,0,0,0,315
05/27/2020,DAL,TX,ASW,CE,Towers with Radar,160,72,94,4,330,0,5,16,0,21,160,77,110,4,351,0,0,0,351
05/28/2020,DAL,TX,ASW,CE,Towers with Radar,163,71,71,6,311,0,2,16,0,18,163,73,87,6,329,0,0,0,329
05/29/2020,DAL,TX,ASW,CE,Towers with Radar,161,75,75,2,313,0,0,14,0,14,161,75,89,2,327,0,0,0,327
05/30/2020,DAL,TX,ASW,CE,Towers with Radar,164,58,67,0,289,0,4,16,0,20,164,62,83,0,309,0,0,0,309
05/31/2020,DAL,TX,ASW,CE,Towers with Radar,182,63,96,0,341,0,3,6,0,9,182,66,102,0,350,0,0,0,350
06/01/2020,DAL,TX,ASW,CE,Towers with Radar,185,69,86,3,343,0,3,19,1,23,185,72,105,4,366,0,0,0,366
06/02/2020,DAL,TX,ASW,CE,Towers with Radar,177,83,77,3,340,0,0,8,3,11,177,83,85,6,351,0,0,0,351
06/03/2020,DAL,TX,ASW,CE,Towers with Radar,180,78,84,10,352,0,0,18,0,18,180,78,102,10,370,0,0,0,370
06/04/2020,DAL,TX,ASW,CE,Towers with Radar,191,67,101,7,366,0,7,5,0,12,191,74,106,7,378,0,0,0,378
06/05/2020,DAL,TX,ASW,CE,Towers with Radar,191,75,86,3,355,0,3,16,0,19,191,78,102,3,374,0,0,0,374
06/06/2020,DAL,TX,ASW,CE,Towers with Radar,192,55,54,2,303,0,4,12,0,16,192,59,66,2,319,0,0,0,319
06/07/2020,DAL,TX,ASW,CE,Towers with Radar,223,60,65,0,348,0,2,10,0,12,223,62,75,0,360,0,0,0,360
06/08/2020,DAL,TX,ASW,CE,Towers with Radar,219,48,73,8,348,0,1,13,1,15,219,49,86,9,363,0,0,0,363
06/09/2020,DAL,TX,ASW,CE,Towers with Radar,196,72,94,3,365,0,4,18,2,24,196,76,112,5,389,0,0,0,389
06/10/2020,DAL,TX,ASW,CE,Towers with Radar,199,75,102,6,382,0,4,12,0,16,199,79,114,6,398,0,0,0,398
06/11/2020,DAL,TX,ASW,CE,Towers with Radar,241,73,109,7,430,0,5,8,0,13,241,78,117,7,443,0,0,0,443
06/12/2020,DAL,TX,ASW,CE,Towers with Radar,242,93,95,4,434,0,5,9,0,14,242,98,104,4,448,0,0,0,448
06/13/2020,DAL,TX,ASW,CE,Towers with Radar,225,71,68,0,364,0,0,14,0,14,225,71,82,0,378,0,0,0,378
06/14/2020,DAL,TX,ASW,CE,Towers with Radar,260,82,90,0,432,0,2,13,0,15,260,84,103,0,447,0,0,0,447
06/15/2020,DAL,TX,ASW,CE,Towers with Radar,248,84,94,0,426,0,3,26,0,29,248,87,120,0,455,0,0,0,455
06/16/2020,DAL,TX,ASW,CE,Towers with Radar,216,62,91,1,370,0,5,20,0,25,216,67,111,1,395,0,0,0,395
06/17/2020,DAL,TX,ASW,CE,Towers with Radar,219,82,100,5,406,0,6,20,0,26,219,88,120,5,432,0,0,0,432
06/18/2020,DAL,TX,ASW,CE,Towers with Radar,245,92,121,1,459,0,5,20,0,25,245,97,141,1,484,0,0,0,484
06/19/2020,DAL,TX,ASW,CE,Towers with Radar,244,97,104,0,445,0,5,9,0,14,244,102,113,0,459,0,0,0,459
06/20/2020,DAL,TX,ASW,CE,Towers with Radar,238,94,72,0,404,0,2,10,0,12,238,96,82,0,416,0,0,0,416
06/21/2020,DAL,TX,ASW,CE,Towers with Radar,268,66,86,0,420,0,1,7,0,8,268,67,93,0,428,0,0,0,428
06/22/2020,DAL,TX,ASW,CE,Towers with Radar,286,77,88,0,451,0,1,11,0,12,286,78,99,0,463,0,0,0,463
06/23/2020,DAL,TX,ASW,CE,Towers with Radar,250,76,73,2,401,0,4,10,0,14,250,80,83,2,415,0,0,0,415
06/24/2020,DAL,TX,ASW,CE,Towers with Radar,254,102,114,0,470,0,2,12,0,14,254,104,126,0,484,0,0,0,484
06/25/2020,DAL,TX,ASW,CE,Towers with Radar,279,100,105,0,484,0,3,10,2,15,279,103,115,2,499,0,0,0,499
06/26/2020,DAL,TX,ASW,CE,Towers with Radar,267,97,105,7,476,0,4,9,0,13,267,101,114,7,489,0,0,0,489
06/27/2020,DAL,TX,ASW,CE,Towers with Radar,259,73,74,3,409,0,2,6,0,8,259,75,80,3,417,0,0,0,417
06/28/2020,DAL,TX,ASW,CE,Towers with Radar,261,83,99,4,447,0,4,8,0,12,261,87,107,4,459,0,0,0,459
06/29/2020,DAL,TX,ASW,CE,Towers with Radar,276,57,84,1,418,0,4,7,1,12,276,61,91,2,430,0,0,0,430
06/30/2020,DAL,TX,ASW,CE,Towers with Radar,256,95,101,1,453,0,5,12,1,18,256,100,113,2,471,0,0,0,471
07/01/2020,DAL,TX,ASW,CE,Towers with Radar,261,106,132,3,502,0,1,13,2,16,261,107,145,5,518,0,0,0,518
07/02/2020,DAL,TX,ASW,CE,Towers with Radar,285,112,126,0,523,0,1,6,0,7,285,113,132,0,530,0,0,0,530
07/03/2020,DAL,TX,ASW,CE,Towers with Radar,289,78,73,0,440,0,2,5,0,7,289,80,78,0,447,0,0,0,447
07/04/2020,DAL,TX,ASW,CE,Towers with Radar,180,55,14,0,249,0,3,8,4,15,180,58,22,4,264,0,0,0,264
07/05/2020,DAL,TX,ASW,CE,Towers with Radar,273,66,94,0,433,0,2,15,0,17,273,68,109,0,450,0,0,0,450
07/06/2020,DAL,TX,ASW,CE,Towers with Radar,273,83,107,0,463,0,0,4,0,4,273,83,111,0,467,0,0,0,467
07/07/2020,DAL,TX,ASW,CE,Towers with Radar,258,91,75,3,427,0,0,3,0,3,258,91,78,3,430,0,0,0,430
07/08/2020,DAL,TX,ASW,CE,Towers with Radar,259,89,87,0,435,0,4,6,0,10,259,93,93,0,445,0,0,0,445
07/09/2020,DAL,TX,ASW,CE,Towers with Radar,272,90,76,2,440,0,8,9,0,17,272,98,85,2,457,0,0,0,457
07/10/2020,DAL,TX,ASW,CE,Towers with Radar,273,76,72,0,421,0,3,17,1,21,273,79,89,1,442,0,0,0,442
07/11/2020,DAL,TX,ASW,CE,Towers with Radar,251,77,70,0,398,0,4,14,1,19,251,81,84,1,417,0,0,0,417
07/12/2020,DAL,TX,ASW,CE,Towers with Radar,275,96,84,0,455,0,1,8,0,9,275,97,92,0,464,0,0,0,464
07/13/2020,DAL,TX,ASW,CE,Towers with Radar,279,74,97,8,458,0,0,9,2,11,279,74,106,10,469,0,0,0,469
07/14/2020,DAL,TX,ASW,CE,Towers with Radar,263,77,89,7,436,0,4,19,2,25,263,81,108,9,461,0,0,0,461
07/15/2020,DAL,TX,ASW,CE,Towers with Radar,267,104,74,5,450,0,2,15,2,19,267,106,89,7,469,0,0,0,469
07/16/2020,DAL,TX,ASW,CE,Towers with Radar,284,94,110,3,491,0,0,6,0,6,284,94,116,3,497,0,0,0,497
07/17/2020,DAL,TX,ASW,CE,Towers with Radar,293,91,98,2,484,0,6,15,0,21,293,97,113,2,505,0,0,0,505
07/18/2020,DAL,TX,ASW,CE,Towers with Radar,267,71,69,0,407,0,5,8,0,13,267,76,77,0,420,0,0,0,420
07/19/2020,DAL,TX,ASW,CE,Towers with Radar,282,98,97,0,477,0,3,13,1,17,282,101,110,1,494,0,0,0,494
07/20/2020,DAL,TX,ASW,CE,Towers with Radar,287,80,70,2,439,0,1,9,0,10,287,81,79,2,449,0,0,0,449
07/21/2020,DAL,TX,ASW,CE,Towers with Radar,268,88,60,4,420,0,4,2,0,6,268,92,62,4,426,0,0,0,426
07/22/2020,DAL,TX,ASW,CE,Towers with Radar,271,95,88,2,456,0,3,7,0,10,271,98,95,2,466,0,0,0,466
07/23/2020,DAL,TX,ASW,CE,Towers with Radar,285,90,115,0,490,0,4,19,0,23,285,94,134,0,513,0,0,0,513
07/24/2020,DAL,TX,ASW,CE,Towers with Radar,288,94,86,0,468,0,6,10,2,18,288,100,96,2,486,0,0,0,486
07/25/2020,DAL,TX,ASW,CE,Towers with Radar,271,89,58,0,418,0,5,9,0,14,271,94,67,0,432,0,0,0,432
07/26/2020,DAL,TX,ASW,CE,Towers with Radar,274,91,85,0,450,0,7,11,0,18,274,98,96,0,468,0,0,0,468
07/27/2020,DAL,TX,ASW,CE,Towers with Radar,277,90,99,2,468,0,8,6,0,14,277,98,105,2,482,0,0,0,482
07/28/2020,DAL,TX,ASW,CE,Towers with Radar,258,90,83,3,434,0,4,3,2,9,258,94,86,5,443,0,0,0,443
07/29/2020,DAL,TX,ASW,CE,Towers with Radar,269,100,89,4,462,0,4,8,0,12,269,104,97,4,474,0,0,0,474
07/30/2020,DAL,TX,ASW,CE,Towers with Radar,279,107,91,1,478,0,3,10,0,13,279,110,101,1,491,0,0,0,491
07/31/2020,DAL,TX,ASW,CE,Towers with Radar,283,104,112,0,499,0,2,16,7,25,283,106,128,7,524,0,0,0,524
08/01/2020,DAL,TX,ASW,CE,Towers with Radar,255,103,88,0,446,0,4,7,2,13,255,107,95,2,459,0,0,0,459
08/02/2020,DAL,TX,ASW,CE,Towers with Radar,271,131,84,0,486,0,9,18,0,27,271,140,102,0,513,0,0,0,513
08/03/2020,DAL,TX,ASW,CE,Towers with Radar,271,74,88,3,436,0,1,14,0,15,271,75,102,3,451,0,0,0,451
08/04/2020,DAL,TX,ASW,CE,Towers with Radar,253,85,71,3,412,0,8,14,0,22,253,93,85,3,434,0,0,0,434
08/05/2020,DAL,TX,ASW,CE,Towers with Radar,256,107,92,1,456,0,1,16,0,17,256,108,108,1,473,0,0,0,473
08/06/2020,DAL,TX,ASW,CE,Towers with Radar,280,97,111,0,488,0,3,14,2,19,280,100,125,2,507,0,0,0,507
08/07/2020,DAL,TX,ASW,CE,Towers with Radar,276,118,98,3,495,0,2,26,0,28,276,120,124,3,523,0,0,0,523
08/08/2020,DAL,TX,ASW,CE,Towers with Radar,258,102,53,0,413,0,7,11,0,18,258,109,64,0,431,0,0,0,431
08/09/2020,DAL,TX,ASW,CE,Towers with Radar,266,81,110,2,459,0,4,8,1,13,266,85,118,3,472,0,0,0,472
08/10/2020,DAL,TX,ASW,CE,Towers with Radar,270,100,79,0,449,0,1,9,0,10,270,101,88,0,459,0,0,0,459
08/11/2020,DAL,TX,ASW,CE,Towers with Radar,308,104,115,0,527,0,2,6,0,8,308,106,121,0,535,0,0,0,535
08/12/2020,DAL,TX,ASW,CE,Towers with Radar,306,121,121,2,550,0,3,13,0,16,306,124,134,2,566,0,0,0,566
08/13/2020,DAL,TX,ASW,CE,Towers with Radar,312,110,109,2,533,0,0,11,1,12,312,110,120,3,545,0,0,0,545
08/14/2020,DAL,TX,ASW,CE,Towers with Radar,315,104,100,0,519,0,1,6,0,7,315,105,106,0,526,0,0,0,526
08/15/2020,DAL,TX,ASW,CE,Towers with Radar,299,93,65,1,458,0,2,4,0,6,299,95,69,1,464,0,0,0,464
08/16/2020,DAL,TX,ASW,CE,Towers with Radar,253,118,103,1,475,0,7,12,0,19,253,125,115,1,494,0,0,0,494
08/17/2020,DAL,TX,ASW,CE,Towers with Radar,342,103,109,3,557,0,2,11,1,14,342,105,120,4,571,0,0,0,571
08/18/2020,DAL,TX,ASW,CE,Towers with Radar,311,95,96,2,504,0,3,18,1,22,311,98,114,3,526,0,0,0,526
08/19/2020,DAL,TX,ASW,CE,Towers with Radar,309,108,127,0,544,0,4,15,3,22,309,112,142,3,566,0,0,0,566
08/20/2020,DAL,TX,ASW,CE,Towers with Radar,310,102,135,0,547,0,2,26,5,33,310,104,161,5,580,0,0,0,580
08/21/2020,DAL,TX,ASW,CE,Towers with Radar,319,113,114,0,546,0,1,3,0,4,319,114,117,0,550,0,0,0,550
08/22/2020,DAL,TX,ASW,CE,Towers with Radar,300,90,68,0,458,0,9,2,0,11,300,99,70,0,469,0,0,0,469
08/23/2020,DAL,TX,ASW,CE,Towers with Radar,308,98,94,0,500,0,2,11,2,15,308,100,105,2,515,0,0,0,515
08/24/2020,DAL,TX,ASW,CE,Towers with Radar,304,94,99,2,499,0,6,23,0,29,304,100,122,2,528,0,0,0,528
08/25/2020,DAL,TX,ASW,CE,Towers with Radar,311,108,115,0,534,0,0,12,0,12,311,108,127,0,546,0,0,0,546
08/26/2020,DAL,TX,ASW,CE,Towers with Radar,290,109,110,0,509,0,3,3,2,8,290,112,113,2,517,0,0,0,517
08/27/2020,DAL,TX,ASW,CE,Towers with Radar,297,97,124,1,519,0,0,10,0,10,297,97,134,1,529,0,0,0,529
08/28/2020,DAL,TX,ASW,CE,Towers with Radar,321,108,111,2,542,0,6,12,0,18,321,114,123,2,560,0,0,0,560
08/29/2020,DAL,TX,ASW,CE,Towers with Radar,292,89,63,0,444,0,7,4,3,14,292,96,67,3,458,0,0,0,458
08/30/2020,DAL,TX,ASW,CE,Towers with Radar,305,115,94,0,514,0,3,9,3,15,305,118,103,3,529,0,0,0,529
08/31/2020,DAL,TX,ASW,CE,Towers with Radar,315,98,77,0,490,0,1,8,1,10,315,99,85,1,500,0,0,0,500
09/01/2020,DAL,TX,ASW,CE,Towers with Radar,269,92,93,2,456,0,2,1,0,3,269,94,94,2,459,0,0,0,459
09/02/2020,DAL,TX,ASW,CE,Towers with Radar,288,104,117,0,509,0,0,1,0,1,288,104,118,0,510,0,0,0,510
09/03/2020,DAL,TX,ASW,CE,Towers with Radar,318,114,153,0,585,0,2,4,0,6,318,116,157,0,591,0,0,0,591
09/04/2020,DAL,TX,ASW,CE,Towers with Radar,320,108,117,0,545,0,4,10,0,14,320,112,127,0,559,0,0,0,559
09/05/2020,DAL,TX,ASW,CE,Towers with Radar,301,78,62,0,441,0,0,9,0,9,301,78,71,0,450,0,0,0,450
09/06/2020,DAL,TX,ASW,CE,Towers with Radar,256,73,44,0,373,0,2,11,0,13,256,75,55,0,386,0,0,0,386
09/07/2020,DAL,TX,ASW,CE,Towers with Radar,276,140,133,0,549,0,2,17,4,23,276,142,150,4,572,0,0,0,572
09/08/2020,DAL,TX,ASW,CE,Towers with Radar,252,106,102,1,461,0,5,10,4,19,252,111,112,5,480,0,0,0,480
09/09/2020,DAL,TX,ASW,CE,Towers with Radar,244,106,91,0,441,0,0,0,0,0,244,106,91,0,441,0,0,0,441
09/10/2020,DAL,TX,ASW,CE,Towers with Radar,242,98,111,3,454,0,0,0,2,2,242,98,111,5,456,0,0,0,456
09/11/2020,DAL,TX,ASW,CE,Towers with Radar,244,102,128,3,477,0,3,10,3,16,244,105,138,6,493,0,0,0,493
09/12/2020,DAL,TX,ASW,CE,Towers with Radar,242,71,61,1,375,0,1,6,1,8,242,72,67,2,383,0,0,0,383
09/13/2020,DAL,TX,ASW,CE,Towers with Radar,240,98,121,0,459,0,3,19,2,24,240,101,140,2,483,0,0,0,483
09/14/2020,DAL,TX,ASW,CE,Towers with Radar,235,87,87,0,409,0,3,10,0,13,235,90,97,0,422,0,0,0,422
09/15/2020,DAL,TX,ASW,CE,Towers with Radar,228,111,97,0,436,0,2,9,0,11,228,113,106,0,447,0,0,0,447
09/16/2020,DAL,TX,ASW,CE,Towers with Radar,235,106,110,0,451,0,5,12,4,21,235,111,122,4,472,0,0,0,472
09/17/2020,DAL,TX,ASW,CE,Towers with Radar,237,121,121,0,479,0,3,12,0,15,237,124,133,0,494,0,0,0,494
09/18/2020,DAL,TX,ASW,CE,Towers with Radar,252,123,107,2,484,0,10,9,0,19,252,133,116,2,503,0,0,0,503
09/19/2020,DAL,TX,ASW,CE,Towers with Radar,249,79,61,1,390,0,3,5,0,8,249,82,66,1,398,0,0,0,398
09/20/2020,DAL,TX,ASW,CE,Towers with Radar,239,115,110,3,467,0,0,13,0,13,239,115,123,3,480,0,0,0,480
09/21/2020,DAL,TX,ASW,CE,Towers with Radar,242,88,103,0,433,0,2,3,0,5,242,90,106,0,438,0,0,0,438
09/22/2020,DAL,TX,ASW,CE,Towers with Radar,240,120,84,0,444,0,0,0,0,0,240,120,84,0,444,0,0,0,444
09/23/2020,DAL,TX,ASW,CE,Towers with Radar,242,125,107,1,475,0,1,1,0,2,242,126,108,1,477,0,0,0,477
09/24/2020,DAL,TX,ASW,CE,Towers with Radar,246,135,152,1,534,0,2,8,0,10,246,137,160,1,544,0,0,0,544
09/25/2020,DAL,TX,ASW,CE,Towers with Radar,243,103,156,2,504,0,5,11,0,16,243,108,167,2,520,0,0,0,520
09/26/2020,DAL,TX,ASW,CE,Towers with Radar,234,87,81,2,404,0,6,10,0,16,234,93,91,2,420,0,0,0,420
09/27/2020,DAL,TX,ASW,CE,Towers with Radar,243,114,147,0,504,0,4,12,0,16,243,118,159,0,520,0,0,0,520
09/28/2020,DAL,TX,ASW,CE,Towers with Radar,240,109,97,5,451,0,6,11,0,17,240,115,108,5,468,0,0,0,468
09/29/2020,DAL,TX,ASW,CE,Towers with Radar,243,124,110,1,478,0,1,7,2,10,243,125,117,3,488,0,0,0,488
09/30/2020,DAL,TX,ASW,CE,Towers with Radar,240,122,115,2,479,0,7,23,1,31,240,129,138,3,510,0,0,0,510
10/01/2020,DAL,TX,ASW,CE,Towers with Radar,244,133,134,4,515,0,3,20,0,23,244,136,154,4,538,0,0,0,538
10/02/2020,DAL,TX,ASW,CE,Towers with Radar,245,94,123,1,463,0,5,19,2,26,245,99,142,3,489,0,0,0,489
10/03/2020,DAL,TX,ASW,CE,Towers with Radar,251,86,67,0,404,0,4,8,0,12,251,90,75,0,416,0,0,0,416
10/04/2020,DAL,TX,ASW,CE,Towers with Radar,239,102,104,0,445,0,3,14,0,17,239,105,118,0,462,0,0,0,462
10/05/2020,DAL,TX,ASW,CE,Towers with Radar,240,94,105,4,443,0,2,17,0,19,240,96,122,4,462,0,0,0,462
10/06/2020,DAL,TX,ASW,CE,Towers with Radar,240,91,113,9,453,0,0,28,0,28,240,91,141,9,481,0,0,0,481
10/07/2020,DAL,TX,ASW,CE,Towers with Radar,245,116,123,5,489,0,1,29,4,34,245,117,152,9,523,0,0,0,523
10/08/2020,DAL,TX,ASW,CE,Towers with Radar,264,147,127,2,540,0,3,15,0,18,264,150,142,2,558,0,0,0,558
10/09/2020,DAL,TX,ASW,CE,Towers with Radar,271,111,143,0,525,0,2,5,0,7,271,113,148,0,532,0,0,0,532
10/10/2020,DAL,TX,ASW,CE,Towers with Radar,257,95,101,0,453,0,4,21,0,25,257,99,122,0,478,0,0,0,478
10/11/2020,DAL,TX,ASW,CE,Towers with Radar,256,114,114,0,484,0,7,18,2,27,256,121,132,2,511,0,0,0,511
10/12/2020,DAL,TX,ASW,CE,Towers with Radar,264,98,92,0,454,0,6,12,2,20,264,104,104,2,474,0,0,0,474
10/13/2020,DAL,TX,ASW,CE,Towers with Radar,242,108,106,6,462,0,4,19,1,24,242,112,125,7,486,0,0,0,486
10/14/2020,DAL,TX,ASW,CE,Towers with Radar,242,110,120,2,474,0,4,15,0,19,242,114,135,2,493,0,0,0,493
10/15/2020,DAL,TX,ASW,CE,Towers with Radar,253,124,125,7,509,0,3,14,0,17,253,127,139,7,526,0,0,0,526
10/16/2020,DAL,TX,ASW,CE,Towers with Radar,260,124,132,5,521,0,9,22,1,32,260,133,154,6,553,0,0,0,553
10/17/2020,DAL,TX,ASW,CE,Towers with Radar,251,107,68,0,426,0,7,8,1,16,251,114,76,1,442,0,0,0,442
10/18/2020,DAL,TX,ASW,CE,Towers with Radar,264,107,107,2,480,0,6,11,0,17,264,113,118,2,497,0,0,0,497
10/19/2020,DAL,TX,ASW,CE,Towers with Radar,248,106,120,5,479,0,1,4,5,10,248,107,124,10,489,0,0,0,489
10/20/2020,DAL,TX,ASW,CE,Towers with Radar,239,98,116,2,455,0,3,6,2,11,239,101,122,4,466,0,0,0,466
10/21/2020,DAL,TX,ASW,CE,Towers with Radar,241,144,140,7,532,0,1,10,0,11,241,145,150,7,543,0,0,0,543
10/22/2020,DAL,TX,ASW,CE,Towers with Radar,245,129,163,4,541,0,1,12,0,13,245,130,175,4,554,0,0,0,554
10/23/2020,DAL,TX,ASW,CE,Towers with Radar,248,117,119,6,490,0,3,3,0,6,248,120,122,6,496,0,0,0,496
10/24/2020,DAL,TX,ASW,CE,Towers with Radar,233,101,84,1,419,0,5,3,3,11,233,106,87,4,430,0,0,0,430
10/25/2020,DAL,TX,ASW,CE,Towers with Radar,234,131,122,1,488,0,0,0,2,2,234,131,122,3,490,0,0,0,490
10/26/2020,DAL,TX,ASW,CE,Towers with Radar,236,100,83,2,421,0,0,0,0,0,236,100,83,2,421,0,0,0,421
10/27/2020,DAL,TX,ASW,CE,Towers with Radar,223,113,114,3,453,0,0,0,0,0,223,113,114,3,453,0,0,0,453
10/28/2020,DAL,TX,ASW,CE,Towers with Radar,221,118,127,4,470,0,0,1,0,1,221,118,128,4,471,0,0,0,471
10/29/2020,DAL,TX,ASW,CE,Towers with Radar,235,115,138,4,492,0,4,11,0,15,235,119,149,4,507,0,0,0,507
10/30/2020,DAL,TX,ASW,CE,Towers with Radar,238,120,108,1,467,0,3,14,0,17,238,123,122,1,484,0,0,0,484
10/31/2020,DAL,TX,ASW,CE,Towers with Radar,224,73,71,0,368,0,5,11,0,16,224,78,82,0,384,0,0,0,384
11/01/2020,DAL,TX,ASW,CE,Towers with Radar,227,92,98,1,418,0,4,7,0,11,227,96,105,1,429,0,0,0,429
11/02/2020,DAL,TX,ASW,CE,Towers with Radar,235,101,85,0,421,0,2,14,0,16,235,103,99,0,437,0,0,0,437
11/03/2020,DAL,TX,ASW,CE,Towers with Radar,233,95,97,5,430,0,3,13,2,18,233,98,110,7,448,0,0,0,448
11/04/2020,DAL,TX,ASW,CE,Towers with Radar,208,119,152,1,480,0,5,16,0,21,208,124,168,1,501,0,0,0,501
11/05/2020,DAL,TX,ASW,CE,Towers with Radar,281,116,120,3,520,0,3,18,0,21,281,119,138,3,541,0,0,0,541
11/06/2020,DAL,TX,ASW,CE,Towers with Radar,279,99,136,1,515,0,4,24,0,28,279,103,160,1,543,0,0,0,543
11/07/2020,DAL,TX,ASW,CE,Towers with Radar,176,97,79,0,352,0,3,10,0,13,176,100,89,0,365,0,0,0,365
11/08/2020,DAL,TX,ASW,CE,Towers with Radar,289,108,101,0,498,0,1,4,1,6,289,109,105,1,504,0,0,0,504
11/09/2020,DAL,TX,ASW,CE,Towers with Radar,280,104,114,1,499,0,3,9,0,12,280,107,123,1,511,0,0,0,511
11/10/2020,DAL,TX,ASW,CE,Towers with Radar,205,120,113,3,441,0,4,7,0,11,205,124,120,3,452,0,0,0,452
11/11/2020,DAL,TX,ASW,CE,Towers with Radar,210,131,102,0,443,0,3,10,0,13,210,134,112,0,456,0,0,0,456
11/12/2020,DAL,TX,ASW,CE,Towers with Radar,276,99,109,3,487,0,12,8,0,20,276,111,117,3,507,0,0,0,507
11/13/2020,DAL,TX,ASW,CE,Towers with Radar,272,111,128,2,513,0,4,12,3,19,272,115,140,5,532,0,0,0,532
11/14/2020,DAL,TX,ASW,CE,Towers with Radar,174,77,58,0,309,0,5,9,0,14,174,82,67,0,323,0,0,0,323
11/15/2020,DAL,TX,ASW,CE,Towers with Radar,290,120,109,1,520,0,2,18,0,20,290,122,127,1,540,0,0,0,540
11/16/2020,DAL,TX,ASW,CE,Towers with Radar,273,105,112,2,492,0,6,9,0,15,273,111,121,2,507,0,0,0,507
11/17/2020,DAL,TX,ASW,CE,Towers with Radar,202,101,111,2,416,0,4,12,0,16,202,105,123,2,432,0,0,0,432
11/18/2020,DAL,TX,ASW,CE,Towers with Radar,202,101,105,2,410,0,1,17,1,19,202,102,122,3,429,0,0,0,429
11/19/2020,DAL,TX,ASW,CE,Towers with Radar,275,145,157,3,580,0,5,7,2,14,275,150,164,5,594,0,0,0,594
11/20/2020,DAL,TX,ASW,CE,Towers with Radar,278,122,155,0,555,0,3,7,0,10,278,125,162,0,565,0,0,0,565
11/21/2020,DAL,TX,ASW,CE,Towers with Radar,293,96,100,0,489,0,6,11,0,17,293,102,111,0,506,0,0,0,506
11/22/2020,DAL,TX,ASW,CE,Towers with Radar,285,140,113,0,538,0,1,4,0,5,285,141,117,0,543,0,0,0,543
11/23/2020,DAL,TX,ASW,CE,Towers with Radar,311,106,105,1,523,0,2,9,0,11,311,108,114,1,534,0,0,0,534
11/24/2020,DAL,TX,ASW,CE,Towers with Radar,301,104,128,2,535,0,1,3,0,4,301,105,131,2,539,0,0,0,539
11/25/2020,DAL,TX,ASW,CE,Towers with Radar,302,95,99,0,496,0,7,16,0,23,302,102,115,0,519,0,0,0,519
11/26/2020,DAL,TX,ASW,CE,Towers with Radar,223,65,22,0,310,0,3,2,0,5,223,68,24,0,315,0,0,0,315
11/27/2020,DAL,TX,ASW,CE,Towers with Radar,290,98,65,0,453,0,0,7,0,7,290,98,72,0,460,0,0,0,460
11/28/2020,DAL,TX,ASW,CE,Towers with Radar,296,98,90,0,484,0,0,2,0,2,296,98,92,0,486,0,0,0,486
11/29/2020,DAL,TX,ASW,CE,Towers with Radar,304,132,161,0,597,0,1,0,0,1,304,133,161,0,598,0,0,0,598
11/30/2020,DAL,TX,ASW,CE,Towers with Radar,302,114,82,2,500,0,3,11,0,14,302,117,93,2,514,0,0,0,514
12/01/2020,DAL,TX,ASW,CE,Towers with Radar,272,113,90,0,475,0,2,14,0,16,272,115,104,0,491,0,0,0,491
12/02/2020,DAL,TX,ASW,CE,Towers with Radar,206,90,112,0,408,0,1,8,3,12,206,91,120,3,420,0,0,0,420
12/03/2020,DAL,TX,ASW,CE,Towers with Radar,203,111,125,2,441,0,4,3,0,7,203,115,128,2,448,0,0,0,448
12/04/2020,DAL,TX,ASW,CE,Towers with Radar,205,95,117,0,417,0,0,14,2,16,205,95,131,2,433,0,0,0,433
12/05/2020,DAL,TX,ASW,CE,Towers with Radar,164,78,72,0,314,0,3,8,0,11,164,81,80,0,325,0,0,0,325
12/06/2020,DAL,TX,ASW,CE,Towers with Radar,205,102,107,0,414,0,7,19,2,28,205,109,126,2,442,0,0,0,442
12/07/2020,DAL,TX,ASW,CE,Towers with Radar,205,98,94,2,399,0,3,16,0,19,205,101,110,2,418,0,0,0,418
12/08/2020,DAL,TX,ASW,CE,Towers with Radar,205,114,122,2,443,0,2,23,0,25,205,116,145,2,468,0,0,0,468
12/09/2020,DAL,TX,ASW,CE,Towers with Radar,203,106,132,1,442,0,1,10,2,13,203,107,142,3,455,0,0,0,455
12/10/2020,DAL,TX,ASW,CE,Towers with Radar,202,103,122,5,432,0,6,10,1,17,202,109,132,6,449,0,0,0,449
12/11/2020,DAL,TX,ASW,CE,Towers with Radar,209,95,117,3,424,0,3,7,2,12,209,98,124,5,436,0,0,0,436
12/12/2020,DAL,TX,ASW,CE,Towers with Radar,161,70,64,0,295,0,2,11,0,13,161,72,75,0,308,0,0,0,308
12/13/2020,DAL,TX,ASW,CE,Towers with Radar,203,105,98,1,407,0,0,1,0,1,203,105,99,1,408,0,0,0,408
12/14/2020,DAL,TX,ASW,CE,Towers with Radar,208,77,118,1,404,0,2,13,0,15,208,79,131,1,419,0,0,0,419
12/15/2020,DAL,TX,ASW,CE,Towers with Radar,202,113,126,5,446,0,4,1,2,7,202,117,127,7,453,0,0,0,453
12/16/2020,DAL,TX,ASW,CE,Towers with Radar,197,98,106,5,406,2,5,18,0,25,199,103,124,5,431,0,0,0,431
12/17/2020,DAL,TX,ASW,CE,Towers with Radar,260,123,134,3,520,0,2,18,2,22,260,125,152,5,542,0,0,0,542
12/18/2020,DAL,TX,ASW,CE,Towers with Radar,267,127,133,3,530,0,4,14,0,18,267,131,147,3,548,0,0,0,548
12/19/2020,DAL,TX,ASW,CE,Towers with Radar,294,110,108,0,512,0,0,9,4,13,294,110,117,4,525,0,0,0,525
12/20/2020,DAL,TX,ASW,CE,Towers with Radar,265,104,106,0,475,0,0,11,0,11,265,104,117,0,486,0,0,0,486
12/21/2020,DAL,TX,ASW,CE,Towers with Radar,260,104,111,2,477,0,1,18,1,20,260,105,129,3,497,0,0,0,497
12/22/2020,DAL,TX,ASW,CE,Towers with Radar,262,113,97,0,472,0,5,14,2,21,262,118,111,2,493,0,0,0,493
12/23/2020,DAL,TX,ASW,CE,Towers with Radar,302,115,127,2,546,0,2,6,1,9,302,117,133,3,555,0,0,0,555
12/24/2020,DAL,TX,ASW,CE,Towers with Radar,204,73,56,0,333,0,12,13,1,26,204,85,69,1,359,0,0,0,359
12/25/2020,DAL,TX,ASW,CE,Towers with Radar,200,103,15,0,318,0,3,5,0,8,200,106,20,0,326,0,0,0,326
12/26/2020,DAL,TX,ASW,CE,Towers with Radar,286,116,120,0,522,0,4,7,0,11,286,120,127,0,533,0,0,0,533
12/27/2020,DAL,TX,ASW,CE,Towers with Radar,301,116,151,0,568,0,6,8,0,14,301,122,159,0,582,0,0,0,582
12/28/2020,DAL,TX,ASW,CE,Towers with Radar,262,126,112,0,500,0,4,5,0,9,262,130,117,0,509,0,0,0,509
12/29/2020,DAL,TX,ASW,CE,Towers with Radar,261,105,93,0,459,0,1,11,3,15,261,106,104,3,474,0,0,0,474
12/30/2020,DAL,TX,ASW,CE,Towers with Radar,268,84,74,0,426,0,0,0,0,0,268,84,74,0,426,0,0,0,426
12/31/2020,DAL,TX,ASW,CE,Towers with Radar,209,74,36,0,319,0,0,0,0,0,209,74,36,0,319,0,0,0,319
01/01/2021,DAL,TX,ASW,CE,Towers with Radar,196,90,46,0,332,0,1,0,0,1,196,91,46,0,333,0,0,0,333
01/02/2021,DAL,TX,ASW,CE,Towers with Radar,289,130,126,0,545,0,0,10,0,10,289,130,136,0,555,0,0,0,555
01/03/2021,DAL,TX,ASW,CE,Towers with Radar,295,130,171,0,596,0,1,11,0,12,295,131,182,0,608,0,0,0,608
01/04/2021,DAL,TX,ASW,CE,Towers with Radar,259,113,101,0,473,0,1,19,0,20,259,114,120,0,493,0,0,0,493
01/05/2021,DAL,TX,ASW,CE,Towers with Radar,245,102,97,1,445,0,1,11,0,12,245,103,108,1,457,0,0,0,457
01/06/2021,DAL,TX,ASW,CE,Towers with Radar,257,106,95,4,462,0,4,1,2,7,257,110,96,6,469,0,0,0,469
01/07/2021,DAL,TX,ASW,CE,Towers with Radar,211,109,118,4,442,0,2,14,2,18,211,111,132,6,460,0,0,0,460
01/08/2021,DAL,TX,ASW,CE,Towers with Radar,210,103,95,1,409,0,5,2,0,7,210,108,97,1,416,0,0,0,416
01/09/2021,DAL,TX,ASW,CE,Towers with Radar,176,85,56,2,319,0,5,11,2,18,176,90,67,4,337,0,0,0,337
01/10/2021,DAL,TX,ASW,CE,Towers with Radar,155,81,80,3,319,0,0,0,0,0,155,81,80,3,319,0,0,0,319
01/11/2021,DAL,TX,ASW,CE,Towers with Radar,210,100,72,7,389,0,2,5,0,7,210,102,77,7,396,0,0,0,396
01/12/2021,DAL,TX,ASW,CE,Towers with Radar,207,91,108,3,409,0,1,16,0,17,207,92,124,3,426,0,0,0,426
01/13/2021,DAL,TX,ASW,CE,Towers with Radar,209,121,107,4,441,0,4,9,1,14,209,125,116,5,455,0,0,0,455
01/14/2021,DAL,TX,ASW,CE,Towers with Radar,210,97,125,2,434,0,7,16,0,23,210,104,141,2,457,0,0,0,457
01/15/2021,DAL,TX,ASW,CE,Towers with Radar,214,116,125,3,458,0,3,11,0,14,214,119,136,3,472,0,0,0,472
01/16/2021,DAL,TX,ASW,CE,Towers with Radar,172,112,62,0,346,0,7,15,0,22,172,119,77,0,368,0,0,0,368
01/17/2021,DAL,TX,ASW,CE,Towers with Radar,213,109,73,0,395,0,4,9,2,15,213,113,82,2,410,0,0,0,410
01/18/2021,DAL,TX,ASW,CE,Towers with Radar,213,112,113,0,438,0,1,11,2,14,213,113,124,2,452,0,0,0,452
01/19/2021,DAL,TX,ASW,CE,Towers with Radar,208,104,101,3,416,0,2,6,0,8,208,106,107,3,424,0,0,0,424
01/20/2021,DAL,TX,ASW,CE,Towers with Radar,209,118,96,5,428,0,0,8,0,8,209,118,104,5,436,0,0,0,436
01/21/2021,DAL,TX,ASW,CE,Towers with Radar,212,111,140,2,465,0,1,10,0,11,212,112,150,2,476,0,0,0,476
01/22/2021,DAL,TX,ASW,CE,Towers with Radar,217,119,102,9,447,0,1,3,2,6,217,120,105,11,453,0,0,0,453
01/23/2021,DAL,TX,ASW,CE,Towers with Radar,174,81,65,0,320,0,0,0,0,0,174,81,65,0,320,0,0,0,320
01/24/2021,DAL,TX,ASW,CE,Towers with Radar,224,100,73,2,399,0,0,0,0,0,224,100,73,2,399,0,0,0,399
01/25/2021,DAL,TX,ASW,CE,Towers with Radar,204,100,108,0,412,0,6,6,2,14,204,106,114,2,426,0,0,0,426
01/26/2021,DAL,TX,ASW,CE,Towers with Radar,204,118,100,1,423,0,4,15,3,22,204,122,115,4,445,0,0,0,445
01/27/2021,DAL,TX,ASW,CE,Towers with Radar,212,116,99,6,433,0,7,15,2,24,212,123,114,8,457,0,0,0,457
01/28/2021,DAL,TX,ASW,CE,Towers with Radar,210,110,117,0,437,0,5,13,2,20,210,115,130,2,457,0,0,0,457
01/29/2021,DAL,TX,ASW,CE,Towers with Radar,214,111,119,0,444,0,8,19,1,28,214,119,138,1,472,0,0,0,472
01/30/2021,DAL,TX,ASW,CE,Towers with Radar,173,66,61,0,300,0,1,2,0,3,173,67,63,0,303,0,0,0,303
01/31/2021,DAL,TX,ASW,CE,Towers with Radar,204,111,132,0,447,0,2,10,1,13,204,113,142,1,460,0,0,0,460
02/01/2021,DAL,TX,ASW,CE,Towers with Radar,205,99,88,1,393,0,1,4,0,5,205,100,92,1,398,0,0,0,398
02/02/2021,DAL,TX,ASW,CE,Towers with Radar,205,105,137,3,450,0,4,28,2,34,205,109,165,5,484,0,0,0,484
02/03/2021,DAL,TX,ASW,CE,Towers with Radar,210,107,109,2,428,0,4,6,0,10,210,111,115,2,438,0,0,0,438
02/04/2021,DAL,TX,ASW,CE,Towers with Radar,208,128,122,1,459,0,2,7,0,9,208,130,129,1,468,0,0,0,468
02/05/2021,DAL,TX,ASW,CE,Towers with Radar,215,119,106,1,441,0,3,19,2,24,215,122,125,3,465,0,0,0,465
02/06/2021,DAL,TX,ASW,CE,Towers with Radar,178,77,73,0,328,0,5,9,2,16,178,82,82,2,344,0,0,0,344
02/07/2021,DAL,TX,ASW,CE,Towers with Radar,213,103,109,0,425,0,1,13,0,14,213,104,122,0,439,0,0,0,439
02/08/2021,DAL,TX,ASW,CE,Towers with Radar,213,107,107,2,429,0,2,3,1,6,213,109,110,3,435,0,0,0,435
02/09/2021,DAL,TX,ASW,CE,Towers with Radar,215,125,107,3,450,0,0,2,0,2,215,125,109,3,452,0,0,0,452
02/10/2021,DAL,TX,ASW,CE,Towers with Radar,203,105,109,1,418,0,0,0,0,0,203,105,109,1,418,0,0,0,418
02/11/2021,DAL,TX,ASW,CE,Towers with Radar,205,125,122,0,452,0,0,0,0,0,205,125,122,0,452,0,0,0,452
02/12/2021,DAL,TX,ASW,CE,Towers with Radar,216,132,108,3,459,0,1,6,0,7,216,133,114,3,466,0,0,0,466
02/13/2021,DAL,TX,ASW,CE,Towers with Radar,161,96,61,1,319,0,0,5,0,5,161,96,66,1,324,0,0,0,324
02/14/2021,DAL,TX,ASW,CE,Towers with Radar,24,29,36,2,91,0,0,0,0,0,24,29,36,2,91,0,0,0,91
02/15/2021,DAL,TX,ASW,CE,Towers with Radar,75,63,35,0,173,0,1,0,0,1,75,64,35,0,174,0,0,0,174
02/16/2021,DAL,TX,ASW,CE,Towers with Radar,154,110,86,0,350,0,2,2,0,4,154,112,88,0,354,0,0,0,354
02/17/2021,DAL,TX,ASW,CE,Towers with Radar,113,33,18,0,164,0,2,2,3,7,113,35,20,3,171,0,0,0,171
02/18/2021,DAL,TX,ASW,CE,Towers with Radar,154,84,73,0,311,0,9,3,0,12,154,93,76,0,323,0,0,0,323
02/19/2021,DAL,TX,ASW,CE,Towers with Radar,217,116,80,0,413,0,17,8,1,26,217,133,88,1,439,0,0,0,439
02/20/2021,DAL,TX,ASW,CE,Towers with Radar,185,106,57,0,348,0,7,13,3,23,185,113,70,3,371,0,0,0,371
02/21/2021,DAL,TX,ASW,CE,Towers with Radar,215,121,106,0,442,0,1,12,0,13,215,122,118,0,455,0,0,0,455
02/22/2021,DAL,TX,ASW,CE,Towers with Radar,218,104,119,1,442,0,5,26,0,31,218,109,145,1,473,0,0,0,473
02/23/2021,DAL,TX,ASW,CE,Towers with Radar,214,156,139,1,510,0,9,22,0,31,214,165,161,1,541,0,0,0,541
02/24/2021,DAL,TX,ASW,CE,Towers with Radar,217,143,145,0,505,0,1,27,2,30,217,144,172,2,535,0,0,0,535
02/25/2021,DAL,TX,ASW,CE,Towers with Radar,216,156,127,0,499,0,1,11,1,13,216,157,138,1,512,0,0,0,512
02/26/2021,DAL,TX,ASW,CE,Towers with Radar,221,134,139,13,507,0,3,6,0,9,221,137,145,13,516,0,0,0,516
02/27/2021,DAL,TX,ASW,CE,Towers with Radar,185,127,66,10,388,0,1,4,0,5,185,128,70,10,393,0,0,0,393
02/28/2021,DAL,TX,ASW,CE,Towers with Radar,215,125,127,0,467,0,1,2,0,3,215,126,129,0,470,0,0,0,470
03/01/2021,DAL,TX,ASW,CE,Towers with Radar,219,125,97,0,441,0,5,4,1,10,219,130,101,1,451,0,0,0,451
03/02/2021,DAL,TX,ASW,CE,Towers with Radar,219,114,122,4,459,0,3,10,0,13,219,117,132,4,472,0,0,0,472
03/03/2021,DAL,TX,ASW,CE,Towers with Radar,223,145,114,8,490,0,7,13,1,21,223,152,127,9,511,0,0,0,511
03/04/2021,DAL,TX,ASW,CE,Towers with Radar,218,135,130,4,487,0,7,19,0,26,218,142,149,4,513,0,0,0,513
03/05/2021,DAL,TX,ASW,CE,Towers with Radar,224,123,114,2,463,0,5,2,2,9,224,128,116,4,472,0,0,0,472
03/06/2021,DAL,TX,ASW,CE,Towers with Radar,187,89,53,1,330,0,4,10,1,15,187,93,63,2,345,0,0,0,345
03/07/2021,DAL,TX,ASW,CE,Towers with Radar,265,126,132,4,527,0,2,16,0,18,265,128,148,4,545,0,0,0,545
03/08/2021,DAL,TX,ASW,CE,Towers with Radar,266,120,120,7,513,0,5,14,2,21,266,125,134,9,534,0,0,0,534
03/09/2021,DAL,TX,ASW,CE,Towers with Radar,222,109,106,6,443,0,2,10,0,12,222,111,116,6,455,0,0,0,455
03/10/2021,DAL,TX,ASW,CE,Towers with Radar,234,100,158,3,495,0,4,17,0,21,234,104,175,3,516,0,0,0,516
03/11/2021,DAL,TX,ASW,CE,Towers with Radar,315,152,150,6,623,0,2,8,2,12,315,154,158,8,635,0,0,0,635
03/12/2021,DAL,TX,ASW,CE,Towers with Radar,336,164,216,4,720,0,7,8,3,18,336,171,224,7,738,0,0,0,738
03/13/2021,DAL,TX,ASW,CE,Towers with Radar,264,133,92,0,489,0,5,4,0,9,264,138,96,0,498,0,0,0,498
03/14/2021,DAL,TX,ASW,CE,Towers with Radar,295,122,135,0,552,0,2,1,0,3,295,124,136,0,555,0,0,0,555
03/15/2021,DAL,TX,ASW,CE,Towers with Radar,312,124,106,6,548,0,5,11,0,16,312,129,117,6,564,0,0,0,564
03/16/2021,DAL,TX,ASW,CE,Towers with Radar,305,107,120,2,534,0,11,13,0,24,305,118,133,2,558,0,0,0,558
03/17/2021,DAL,TX,ASW,CE,Towers with Radar,314,136,125,2,577,0,2,14,0,16,314,138,139,2,593,0,0,0,593
03/18/2021,DAL,TX,ASW,CE,Towers with Radar,323,125,143,3,594,0,5,15,0,20,323,130,158,3,614,0,0,0,614
03/19/2021,DAL,TX,ASW,CE,Towers with Radar,329,131,118,3,581,0,6,21,0,27,329,137,139,3,608,0,0,0,608
03/20/2021,DAL,TX,ASW,CE,Towers with Radar,281,163,116,0,560,0,6,24,0,30,281,169,140,0,590,0,0,0,590
03/21/2021,DAL,TX,ASW,CE,Towers with Radar,333,191,172,1,697,0,7,13,0,20,333,198,185,1,717,0,0,0,717
03/22/2021,DAL,TX,ASW,CE,Towers with Radar,315,127,103,2,547,0,2,3,0,5,315,129,106,2,552,0,0,0,552
03/23/2021,DAL,TX,ASW,CE,Towers with Radar,335,120,176,0,631,0,4,19,6,29,335,124,195,6,660,0,0,0,660
03/24/2021,DAL,TX,ASW,CE,Towers with Radar,302,142,148,4,596,0,1,14,1,16,302,143,162,5,612,0,0,0,612
03/25/2021,DAL,TX,ASW,CE,Towers with Radar,327,145,157,3,632,0,7,11,3,21,327,152,168,6,653,0,0,0,653
03/26/2021,DAL,TX,ASW,CE,Towers with Radar,324,156,165,2,647,0,3,8,1,12,324,159,173,3,659,0,0,0,659
03/27/2021,DAL,TX,ASW,CE,Towers with Radar,269,99,84,0,452,0,1,10,0,11,269,100,94,0,463,0,0,0,463
03/28/2021,DAL,TX,ASW,CE,Towers with Radar,331,112,124,0,567,0,6,9,0,15,331,118,133,0,582,0,0,0,582
03/29/2021,DAL,TX,ASW,CE,Towers with Radar,320,140,99,3,562,0,5,21,2,28,320,145,120,5,590,0,0,0,590
03/30/2021,DAL,TX,ASW,CE,Towers with Radar,317,131,111,3,562,0,4,1,0,5,317,135,112,3,567,0,0,0,567
03/31/2021,DAL,TX,ASW,CE,Towers with Radar,317,144,148,3,612,0,9,10,2,21,317,153,158,5,633,0,0,0,633
04/01/2021,DAL,TX,ASW,CE,Towers with Radar,326,154,182,5,667,0,11,19,1,31,326,165,201,6,698,0,0,0,698
04/02/2021,DAL,TX,ASW,CE,Towers with Radar,321,122,118,0,561,0,9,25,0,34,321,131,143,0,595,0,0,0,595
04/03/2021,DAL,TX,ASW,CE,Towers with Radar,269,90,97,0,456,0,0,7,0,7,269,90,104,0,463,0,0,0,463
04/04/2021,DAL,TX,ASW,CE,Towers with Radar,329,115,96,0,540,0,5,9,0,14,329,120,105,0,554,0,0,0,554
04/05/2021,DAL,TX,ASW,CE,Towers with Radar,320,136,160,0,616,0,6,10,0,16,320,142,170,0,632,0,0,0,632
04/06/2021,DAL,TX,ASW,CE,Towers with Radar,320,147,157,1,625,1,3,7,0,11,321,150,164,1,636,0,0,0,636
04/07/2021,DAL,TX,ASW,CE,Towers with Radar,322,136,137,5,600,0,3,12,5,20,322,139,149,10,620,0,0,0,620
04/08/2021,DAL,TX,ASW,CE,Towers with Radar,327,150,183,8,668,0,3,13,0,16,327,153,196,8,684,0,0,0,684
04/09/2021,DAL,TX,ASW,CE,Towers with Radar,327,128,156,0,611,0,2,10,0,12,327,130,166,0,623,0,0,0,623
04/10/2021,DAL,TX,ASW,CE,Towers with Radar,274,102,91,0,467,0,8,15,0,23,274,110,106,0,490,0,0,0,490
04/11/2021,DAL,TX,ASW,CE,Towers with Radar,318,145,149,2,614,0,2,18,1,21,318,147,167,3,635,0,0,0,635
04/12/2021,DAL,TX,ASW,CE,Towers with Radar,304,138,141,11,594,0,1,21,0,22,304,139,162,11,616,0,0,0,616
04/13/2021,DAL,TX,ASW,CE,Towers with Radar,269,157,132,4,562,0,6,5,4,15,269,163,137,8,577,0,0,0,577
04/14/2021,DAL,TX,ASW,CE,Towers with Radar,268,159,155,5,587,0,0,4,1,5,268,159,159,6,592,0,0,0,592
04/15/2021,DAL,TX,ASW,CE,Towers with Radar,307,117,160,9,593,0,1,0,0,1,307,118,160,9,594,0,0,0,594
04/16/2021,DAL,TX,ASW,CE,Towers with Radar,312,142,121,4,579,0,0,0,0,0,312,142,121,4,579,0,0,0,579
04/17/2021,DAL,TX,ASW,CE,Towers with Radar,279,105,76,0,460,0,3,14,0,17,279,108,90,0,477,0,0,0,477
04/18/2021,DAL,TX,ASW,CE,Towers with Radar,312,162,119,0,593,0,5,19,1,25,312,167,138,1,618,0,0,0,618
04/19/2021,DAL,TX,ASW,CE,Towers with Radar,307,120,138,3,568,0,10,10,0,20,307,130,148,3,588,0,0,0,588
04/20/2021,DAL,TX,ASW,CE,Towers with Radar,272,157,131,4,564,0,3,9,1,13,272,160,140,5,577,0,0,0,577
04/21/2021,DAL,TX,ASW,CE,Towers with Radar,278,137,175,5,595,0,4,28,3,35,278,141,203,8,630,0,0,0,630
04/22/2021,DAL,TX,ASW,CE,Towers with Radar,309,167,187,3,666,0,0,8,1,9,309,167,195,4,675,0,0,0,675
04/23/2021,DAL,TX,ASW,CE,Towers with Radar,266,136,125,0,527,0,1,2,0,3,266,137,127,0,530,0,0,0,530
04/24/2021,DAL,TX,ASW,CE,Towers with Radar,261,119,71,0,451,0,7,11,0,18,261,126,82,0,469,0,0,0,469
04/25/2021,DAL,TX,ASW,CE,Towers with Radar,321,143,135,2,601,0,5,12,0,17,321,148,147,2,618,0,0,0,618
04/26/2021,DAL,TX,ASW,CE,Towers with Radar,307,135,135,2,579,0,6,15,0,21,307,141,150,2,600,0,0,0,600
04/27/2021,DAL,TX,ASW,CE,Towers with Radar,268,129,137,0,534,0,3,7,0,10,268,132,144,0,544,0,0,0,544
04/28/2021,DAL,TX,ASW,CE,Towers with Radar,271,151,138,4,564,0,0,6,0,6,271,151,144,4,570,0,0,0,570
04/29/2021,DAL,TX,ASW,CE,Towers with Radar,309,138,132,2,581,0,0,2,0,2,309,138,134,2,583,0,0,0,583
04/30/2021,DAL,TX,ASW,CE,Towers with Radar,317,147,144,0,608,0,2,2,0,4,317,149,146,0,612,0,0,0,612
05/01/2021,DAL,TX,ASW,CE,Towers with Radar,277,107,87,2,473,0,1,1,0,2,277,108,88,2,475,0,0,0,475
05/02/2021,DAL,TX,ASW,CE,Towers with Radar,318,161,134,0,613,0,2,5,4,11,318,163,139,4,624,0,0,0,624
05/03/2021,DAL,TX,ASW,CE,Towers with Radar,286,118,112,0,516,0,2,8,0,10,286,120,120,0,526,0,0,0,526
05/04/2021,DAL,TX,ASW,CE,Towers with Radar,291,124,116,3,534,0,4,4,0,8,291,128,120,3,542,0,0,0,542
05/05/2021,DAL,TX,ASW,CE,Towers with Radar,275,131,147,1,554,0,6,29,0,35,275,137,176,1,589,0,0,0,589
05/06/2021,DAL,TX,ASW,CE,Towers with Radar,312,149,134,6,601,0,4,10,4,18,312,153,144,10,619,0,0,0,619
05/07/2021,DAL,TX,ASW,CE,Towers with Radar,317,160,148,0,625,0,5,5,1,11,317,165,153,1,636,0,0,0,636
05/08/2021,DAL,TX,ASW,CE,Towers with Radar,268,102,102,2,474,0,6,8,0,14,268,108,110,2,488,0,0,0,488
05/09/2021,DAL,TX,ASW,CE,Towers with Radar,346,131,99,0,576,0,0,3,1,4,346,131,102,1,580,0,0,0,580
05/10/2021,DAL,TX,ASW,CE,Towers with Radar,295,124,118,0,537,0,0,5,0,5,295,124,123,0,542,0,0,0,542
05/11/2021,DAL,TX,ASW,CE,Towers with Radar,309,100,111,0,520,0,0,0,0,0,309,100,111,0,520,0,0,0,520
05/12/2021,DAL,TX,ASW,CE,Towers with Radar,310,156,151,0,617,0,2,0,1,3,310,158,151,1,620,0,0,0,620
05/13/2021,DAL,TX,ASW,CE,Towers with Radar,345,156,174,0,675,0,4,19,0,23,345,160,193,0,698,0,0,0,698
05/14/2021,DAL,TX,ASW,CE,Towers with Radar,360,177,148,4,689,0,3,11,2,16,360,180,159,6,705,0,0,0,705
05/15/2021,DAL,TX,ASW,CE,Towers with Radar,271,128,105,0,504,0,5,9,0,14,271,133,114,0,518,0,0,0,518
05/16/2021,DAL,TX,ASW,CE,Towers with Radar,332,148,98,1,579,0,2,7,0,9,332,150,105,1,588,0,0,0,588
05/17/2021,DAL,TX,ASW,CE,Towers with Radar,383,120,131,2,636,0,4,7,0,11,383,124,138,2,647,0,0,0,647
05/18/2021,DAL,TX,ASW,CE,Towers with Radar,293,93,96,0,482,0,0,4,2,6,293,93,100,2,488,0,0,0,488
05/19/2021,DAL,TX,ASW,CE,Towers with Radar,311,130,167,3,611,0,1,6,4,11,311,131,173,7,622,0,0,0,622
05/20/2021,DAL,TX,ASW,CE,Towers with Radar,344,141,152,1,638,0,4,10,0,14,344,145,162,1,652,0,0,0,652
05/21/2021,DAL,TX,ASW,CE,Towers with Radar,346,169,151,5,671,0,1,3,0,4,346,170,154,5,675,0,0,0,675
05/22/2021,DAL,TX,ASW,CE,Towers with Radar,276,128,68,0,472,0,0,1,0,1,276,128,69,0,473,0,0,0,473
05/23/2021,DAL,TX,ASW,CE,Towers with Radar,354,127,149,0,630,0,2,4,0,6,354,129,153,0,636,0,0,0,636
05/24/2021,DAL,TX,ASW,CE,Towers with Radar,348,131,114,9,602,0,1,0,0,1,348,132,114,9,603,0,0,0,603
05/25/2021,DAL,TX,ASW,CE,Towers with Radar,316,144,98,1,559,0,1,6,0,7,316,145,104,1,566,0,0,0,566
05/26/2021,DAL,TX,ASW,CE,Towers with Radar,311,142,132,4,589,0,1,9,0,10,311,143,141,4,599,0,0,0,599
05/27/2021,DAL,TX,ASW,CE,Towers with Radar,350,159,153,4,666,0,3,9,0,12,350,162,162,4,678,0,0,0,678
05/28/2021,DAL,TX,ASW,CE,Towers with Radar,359,163,158,0,680,0,4,5,0,9,359,167,163,0,689,0,0,0,689
05/29/2021,DAL,TX,ASW,CE,Towers with Radar,278,105,67,0,450,0,3,9,0,12,278,108,76,0,462,0,0,0,462
05/30/2021,DAL,TX,ASW,CE,Towers with Radar,351,104,74,0,529,0,2,9,4,15,351,106,83,4,544,0,0,0,544
05/31/2021,DAL,TX,ASW,CE,Towers with Radar,331,104,98,0,533,0,1,2,0,3,331,105,100,0,536,0,0,0,536
06/01/2021,DAL,TX,ASW,CE,Towers with Radar,351,117,153,2,623,0,0,6,0,6,351,117,159,2,629,0,0,0,629
06/02/2021,DAL,TX,ASW,CE,Towers with Radar,346,126,121,0,593,0,6,14,0,20,346,132,135,0,613,0,0,0,613
06/03/2021,DAL,TX,ASW,CE,Towers with Radar,347,134,169,0,650,0,8,8,1,17,347,142,177,1,667,0,0,0,667
06/04/2021,DAL,TX,ASW,CE,Towers with Radar,354,132,120,5,611,0,2,9,1,12,354,134,129,6,623,0,0,0,623
06/05/2021,DAL,TX,ASW,CE,Towers with Radar,280,114,106,1,501,0,1,1,2,4,280,115,107,3,505,0,0,0,505
06/06/2021,DAL,TX,ASW,CE,Towers with Radar,373,143,131,2,649,0,1,0,4,5,373,144,131,6,654,0,0,0,654
06/07/2021,DAL,TX,ASW,CE,Towers with Radar,338,116,107,1,562,0,0,6,0,6,338,116,113,1,568,0,0,0,568
06/08/2021,DAL,TX,ASW,CE,Towers with Radar,368,123,126,4,621,0,3,11,0,14,368,126,137,4,635,0,0,0,635
06/09/2021,DAL,TX,ASW,CE,Towers with Radar,361,130,114,3,608,0,4,9,0,13,361,134,123,3,621,0,0,0,621
06/10/2021,DAL,TX,ASW,CE,Towers with Radar,375,153,143,0,671,0,2,10,3,15,375,155,153,3,686,0,0,0,686
06/11/2021,DAL,TX,ASW,CE,Towers with Radar,388,143,133,6,670,0,5,3,2,10,388,148,136,8,680,0,0,0,680
06/12/2021,DAL,TX,ASW,CE,Towers with Radar,323,123,78,3,527,0,3,9,4,16,323,126,87,7,543,0,0,0,543
06/13/2021,DAL,TX,ASW,CE,Towers with Radar,370,162,133,1,666,0,16,9,1,26,370,178,142,2,692,0,0,0,692
06/14/2021,DAL,TX,ASW,CE,Towers with Radar,348,126,134,4,612,0,1,25,2,28,348,127,159,6,640,0,0,0,640
06/15/2021,DAL,TX,ASW,CE,Towers with Radar,299,133,134,2,568,0,4,13,1,18,299,137,147,3,586,0,0,0,586
06/16/2021,DAL,TX,ASW,CE,Towers with Radar,343,140,160,3,646,0,5,24,0,29,343,145,184,3,675,0,0,0,675
06/17/2021,DAL,TX,ASW,CE,Towers with Radar,372,146,188,1,707,0,4,16,0,20,372,150,204,1,727,0,0,0,727
06/18/2021,DAL,TX,ASW,CE,Towers with Radar,364,132,145,7,648,0,4,24,1,29,364,136,169,8,677,0,0,0,677
06/19/2021,DAL,TX,ASW,CE,Towers with Radar,325,122,87,2,536,0,7,14,0,21,325,129,101,2,557,0,0,0,557
06/20/2021,DAL,TX,ASW,CE,Towers with Radar,380,136,120,4,640,0,9,6,0,15,380,145,126,4,655,0,0,0,655
06/21/2021,DAL,TX,ASW,CE,Towers with Radar,328,102,125,0,555,0,2,4,0,6,328,104,129,0,561,0,0,0,561
06/22/2021,DAL,TX,ASW,CE,Towers with Radar,362,133,158,1,654,0,3,8,4,15,362,136,166,5,669,0,0,0,669
06/23/2021,DAL,TX,ASW,CE,Towers with Radar,360,153,197,0,710,0,2,10,0,12,360,155,207,0,722,0,0,0,722
06/24/2021,DAL,TX,ASW,CE,Towers with Radar,370,150,181,1,702,0,5,16,0,21,370,155,197,1,723,0,0,0,723
06/25/2021,DAL,TX,ASW,CE,Towers with Radar,368,151,174,2,695,0,4,8,2,14,368,155,182,4,709,0,0,0,709
06/26/2021,DAL,TX,ASW,CE,Towers with Radar,315,118,95,1,529,0,8,6,0,14,315,126,101,1,543,0,0,0,543
06/27/2021,DAL,TX,ASW,CE,Towers with Radar,357,129,106,3,595,0,1,12,0,13,357,130,118,3,608,0,0,0,608
06/28/2021,DAL,TX,ASW,CE,Towers with Radar,357,109,132,0,598,0,3,1,0,4,357,112,133,0,602,0,0,0,602
06/29/2021,DAL,TX,ASW,CE,Towers with Radar,360,103,116,4,583,0,2,8,0,10,360,105,124,4,593,0,0,0,593
06/30/2021,DAL,TX,ASW,CE,Towers with Radar,363,135,151,1,650,0,5,14,0,19,363,140,165,1,669,0,0,0,669
07/01/2021,DAL,TX,ASW,CE,Towers with Radar,339,160,178,2,679,0,1,12,0,13,339,161,190,2,692,0,0,0,692
07/02/2021,DAL,TX,ASW,CE,Towers with Radar,348,131,146,0,625,0,4,2,0,6,348,135,148,0,631,0,0,0,631
07/03/2021,DAL,TX,ASW,CE,Towers with Radar,323,83,76,0,482,0,6,22,0,28,323,89,98,0,510,0,0,0,510
07/04/2021,DAL,TX,ASW,CE,Towers with Radar,378,58,38,0,474,0,10,11,0,21,378,68,49,0,495,0,0,0,495
07/05/2021,DAL,TX,ASW,CE,Towers with Radar,383,92,117,0,592,0,8,4,0,12,383,100,121,0,604,0,0,0,604
07/06/2021,DAL,TX,ASW,CE,Towers with Radar,361,88,129,0,578,0,3,13,3,19,361,91,142,3,597,0,0,0,597
07/07/2021,DAL,TX,ASW,CE,Towers with Radar,353,103,129,0,585,0,5,12,0,17,353,108,141,0,602,0,0,0,602
07/08/2021,DAL,TX,ASW,CE,Towers with Radar,378,114,133,6,631,0,6,7,0,13,378,120,140,6,644,0,0,0,644
07/09/2021,DAL,TX,ASW,CE,Towers with Radar,376,112,148,0,636,0,3,11,1,15,376,115,159,1,651,0,0,0,651
07/10/2021,DAL,TX,ASW,CE,Towers with Radar,328,98,95,2,523,0,5,18,0,23,328,103,113,2,546,0,0,0,546
07/11/2021,DAL,TX,ASW,CE,Towers with Radar,376,104,160,0,640,0,3,12,0,15,376,107,172,0,655,0,0,0,655
07/12/2021,DAL,TX,ASW,CE,Towers with Radar,385,116,124,0,625,0,2,11,4,17,385,118,135,4,642,0,0,0,642
07/13/2021,DAL,TX,ASW,CE,Towers with Radar,356,100,108,3,567,0,7,10,3,20,356,107,118,6,587,0,0,0,587
07/14/2021,DAL,TX,ASW,CE,Towers with Radar,339,106,151,3,599,0,7,8,4,19,339,113,159,7,618,0,0,0,618
07/15/2021,DAL,TX,ASW,CE,Towers with Radar,310,108,151,3,572,0,4,14,0,18,310,112,165,3,590,0,0,0,590
07/16/2021,DAL,TX,ASW,CE,Towers with Radar,382,101,133,3,619,0,3,12,3,18,382,104,145,6,637,0,0,0,637
07/17/2021,DAL,TX,ASW,CE,Towers with Radar,316,90,74,0,480,0,3,24,0,27,316,93,98,0,507,0,0,0,507
07/18/2021,DAL,TX,ASW,CE,Towers with Radar,375,113,124,2,614,0,4,12,1,17,375,117,136,3,631,0,0,0,631
07/19/2021,DAL,TX,ASW,CE,Towers with Radar,374,101,119,6,600,0,0,6,0,6,374,101,125,6,606,0,0,0,606
07/20/2021,DAL,TX,ASW,CE,Towers with Radar,377,102,142,1,622,0,0,11,0,11,377,102,153,1,633,0,0,0,633
07/21/2021,DAL,TX,ASW,CE,Towers with Radar,360,127,147,2,636,0,3,15,0,18,360,130,162,2,654,0,0,0,654
07/22/2021,DAL,TX,ASW,CE,Towers with Radar,385,128,131,6,650,0,6,12,2,20,385,134,143,8,670,0,0,0,670
07/23/2021,DAL,TX,ASW,CE,Towers with Radar,380,91,130,2,603,0,7,10,0,17,380,98,140,2,620,0,0,0,620
07/24/2021,DAL,TX,ASW,CE,Towers with Radar,323,94,71,0,488,0,6,14,2,22,323,100,85,2,510,0,0,0,510
07/25/2021,DAL,TX,ASW,CE,Towers with Radar,384,99,117,0,600,0,4,5,0,9,384,103,122,0,609,0,0,0,609
07/26/2021,DAL,TX,ASW,CE,Towers with Radar,391,94,111,4,600,0,4,12,5,21,391,98,123,9,621,0,0,0,621
07/27/2021,DAL,TX,ASW,CE,Towers with Radar,366,112,115,6,599,0,1,10,1,12,366,113,125,7,611,0,0,0,611
07/28/2021,DAL,TX,ASW,CE,Towers with Radar,366,105,122,0,593,0,7,13,2,22,366,112,135,2,615,0,0,0,615
07/29/2021,DAL,TX,ASW,CE,Towers with Radar,377,114,120,1,612,0,3,6,0,9,377,117,126,1,621,0,0,0,621
07/30/2021,DAL,TX,ASW,CE,Towers with Radar,388,102,119,7,616,0,5,15,4,24,388,107,134,11,640,0,0,0,640
07/31/2021,DAL,TX,ASW,CE,Towers with Radar,323,110,59,1,493,0,4,14,0,18,323,114,73,1,511,0,0,0,511
08/01/2021,DAL,TX,ASW,CE,Towers with Radar,302,108,116,4,530,0,12,7,3,22,302,120,123,7,552,0,0,0,552
08/02/2021,DAL,TX,ASW,CE,Towers with Radar,371,119,143,4,637,0,3,3,0,6,371,122,146,4,643,0,0,0,643
08/03/2021,DAL,TX,ASW,CE,Towers with Radar,359,130,105,1,595,0,2,10,7,19,359,132,115,8,614,0,0,0,614
08/04/2021,DAL,TX,ASW,CE,Towers with Radar,366,127,114,0,607,0,12,9,2,23,366,139,123,2,630,0,0,0,630
08/05/2021,DAL,TX,ASW,CE,Towers with Radar,378,118,125,1,622,0,5,7,0,12,378,123,132,1,634,0,0,0,634
08/06/2021,DAL,TX,ASW,CE,Towers with Radar,379,108,96,7,590,0,8,12,2,22,379,116,108,9,612,0,0,0,612
08/07/2021,DAL,TX,ASW,CE,Towers with Radar,320,103,76,1,500,0,7,16,0,23,320,110,92,1,523,0,0,0,523
08/08/2021,DAL,TX,ASW,CE,Towers with Radar,373,130,116,5,624,0,3,7,1,11,373,133,123,6,635,0,0,0,635
08/09/2021,DAL,TX,ASW,CE,Towers with Radar,369,109,90,4,572,0,1,10,4,15,369,110,100,8,587,0,0,0,587
08/10/2021,DAL,TX,ASW,CE,Towers with Radar,355,109,130,3,597,0,16,10,0,26,355,125,140,3,623,0,0,0,623
08/11/2021,DAL,TX,ASW,CE,Towers with Radar,355,124,105,5,589,0,1,11,0,12,355,125,116,5,601,0,0,0,601
08/12/2021,DAL,TX,ASW,CE,Towers with Radar,382,121,147,5,655,0,5,14,1,20,382,126,161,6,675,0,0,0,675
08/13/2021,DAL,TX,ASW,CE,Towers with Radar,369,113,128,4,614,0,7,12,0,19,369,120,140,4,633,0,0,0,633
08/14/2021,DAL,TX,ASW,CE,Towers with Radar,304,77,73,3,457,0,4,4,0,8,304,81,77,3,465,0,0,0,465
08/15/2021,DAL,TX,ASW,CE,Towers with Radar,349,112,162,4,627,0,4,3,0,7,349,116,165,4,634,0,0,0,634
08/16/2021,DAL,TX,ASW,CE,Towers with Radar,367,118,115,1,601,0,1,13,0,14,367,119,128,1,615,0,0,0,615
08/17/2021,DAL,TX,ASW,CE,Towers with Radar,260,82,106,4,452,0,1,8,0,9,260,83,114,4,461,0,0,0,461
08/18/2021,DAL,TX,ASW,CE,Towers with Radar,304,125,152,2,583,0,0,1,0,1,304,125,153,2,584,0,0,0,584
08/19/2021,DAL,TX,ASW,CE,Towers with Radar,380,144,166,3,693,0,2,11,2,15,380,146,177,5,708,0,0,0,708
08/20/2021,DAL,TX,ASW,CE,Towers with Radar,364,136,132,4,636,0,1,19,2,22,364,137,151,6,658,0,0,0,658
08/21/2021,DAL,TX,ASW,CE,Towers with Radar,298,84,93,0,475,0,9,18,0,27,298,93,111,0,502,0,0,0,502
08/22/2021,DAL,TX,ASW,CE,Towers with Radar,367,119,124,0,610,0,1,15,0,16,367,120,139,0,626,0,0,0,626
08/23/2021,DAL,TX,ASW,CE,Towers with Radar,373,109,114,3,599,0,1,18,0,19,373,110,132,3,618,0,0,0,618
08/24/2021,DAL,TX,ASW,CE,Towers with Radar,355,126,145,4,630,0,0,9,6,15,355,126,154,10,645,0,0,0,645
08/25/2021,DAL,TX,ASW,CE,Towers with Radar,353,131,154,8,646,0,1,17,0,18,353,132,171,8,664,0,0,0,664
08/26/2021,DAL,TX,ASW,CE,Towers with Radar,377,120,146,2,645,0,3,13,0,16,377,123,159,2,661,0,0,0,661
08/27/2021,DAL,TX,ASW,CE,Towers with Radar,360,145,134,9,648,0,6,23,0,29,360,151,157,9,677,0,0,0,677
08/28/2021,DAL,TX,ASW,CE,Towers with Radar,313,91,115,0,519,0,6,11,0,17,313,97,126,0,536,0,0,0,536
08/29/2021,DAL,TX,ASW,CE,Towers with Radar,362,98,125,14,599,0,3,7,0,10,362,101,132,14,609,0,0,0,609
08/30/2021,DAL,TX,ASW,CE,Towers with Radar,362,94,119,4,579,0,5,11,2,18,362,99,130,6,597,0,0,0,597
08/31/2021,DAL,TX,ASW,CE,Towers with Radar,345,100,126,1,572,0,4,10,0,14,345,104,136,1,586,0,0,0,586
09/01/2021,DAL,TX,ASW,CE,Towers with Radar,346,133,123,0,602,0,7,11,0,18,346,140,134,0,620,0,0,0,620
09/02/2021,DAL,TX,ASW,CE,Towers with Radar,370,141,146,0,657,0,4,7,0,11,370,145,153,0,668,0,0,0,668
09/03/2021,DAL,TX,ASW,CE,Towers with Radar,364,134,159,0,657,0,5,19,2,26,364,139,178,2,683,0,0,0,683
09/04/2021,DAL,TX,ASW,CE,Towers with Radar,325,99,75,0,499,0,6,12,1,19,325,105,87,1,518,0,0,0,518
09/05/2021,DAL,TX,ASW,CE,Towers with Radar,367,64,60,0,491,0,7,6,3,16,367,71,66,3,507,0,0,0,507
09/06/2021,DAL,TX,ASW,CE,Towers with Radar,376,135,156,0,667,0,10,7,0,17,376,145,163,0,684,0,0,0,684
09/07/2021,DAL,TX,ASW,CE,Towers with Radar,344,122,105,6,577,0,3,20,0,23,344,125,125,6,600,0,0,0,600
09/08/2021,DAL,TX,ASW,CE,Towers with Radar,341,134,116,4,595,0,6,14,0,20,341,140,130,4,615,0,0,0,615
09/09/2021,DAL,TX,ASW,CE,Towers with Radar,378,145,176,0,699,0,3,9,0,12,378,148,185,0,711,0,0,0,711
09/10/2021,DAL,TX,ASW,CE,Towers with Radar,372,145,159,0,676,0,3,21,0,24,372,148,180,0,700,0,0,0,700
09/11/2021,DAL,TX,ASW,CE,Towers with Radar,296,104,140,2,542,0,8,20,2,30,296,112,160,4,572,0,0,0,572
09/12/2021,DAL,TX,ASW,CE,Towers with Radar,402,126,174,0,702,0,4,6,1,11,402,130,180,1,713,0,0,0,713
09/13/2021,DAL,TX,ASW,CE,Towers with Radar,366,81,134,0,581,0,1,10,1,12,366,82,144,1,593,0,0,0,593
09/14/2021,DAL,TX,ASW,CE,Towers with Radar,320,87,154,1,562,0,4,15,0,19,320,91,169,1,581,0,0,0,581
09/15/2021,DAL,TX,ASW,CE,Towers with Radar,345,107,137,0,589,0,5,13,0,18,345,112,150,0,607,0,0,0,607
09/16/2021,DAL,TX,ASW,CE,Towers with Radar,377,127,181,2,687,0,3,6,1,10,377,130,187,3,697,0,0,0,697
09/17/2021,DAL,TX,ASW,CE,Towers with Radar,375,148,141,2,666,0,5,12,0,17,375,153,153,2,683,0,0,0,683
09/18/2021,DAL,TX,ASW,CE,Towers with Radar,294,100,93,0,487,0,10,12,1,23,294,110,105,1,510,0,0,0,510
09/19/2021,DAL,TX,ASW,CE,Towers with Radar,408,126,117,0,651,0,6,18,2,26,408,132,135,2,677,0,0,0,677
09/20/2021,DAL,TX,ASW,CE,Towers with Radar,377,130,111,2,620,0,6,6,3,15,377,136,117,5,635,0,0,0,635
09/21/2021,DAL,TX,ASW,CE,Towers with Radar,340,129,152,0,621,0,3,12,0,15,340,132,164,0,636,0,0,0,636
09/22/2021,DAL,TX,ASW,CE,Towers with Radar,347,127,144,0,618,0,2,16,0,18,347,129,160,0,636,0,0,0,636
09/23/2021,DAL,TX,ASW,CE,Towers with Radar,375,126,160,0,661,0,7,23,2,32,375,133,183,2,693,0,0,0,693
09/24/2021,DAL,TX,ASW,CE,Towers with Radar,378,141,149,2,670,0,1,25,1,27,378,142,174,3,697,0,0,0,697
09/25/2021,DAL,TX,ASW,CE,Towers with Radar,296,99,103,0,498,0,13,17,0,30,296,112,120,0,528,0,0,0,528
09/26/2021,DAL,TX,ASW,CE,Towers with Radar,405,118,121,0,644,0,3,13,0,16,405,121,134,0,660,0,0,0,660
09/27/2021,DAL,TX,ASW,CE,Towers with Radar,378,137,134,2,651,0,10,26,2,38,378,147,160,4,689,0,0,0,689
09/28/2021,DAL,TX,ASW,CE,Towers with Radar,331,129,172,1,633,0,3,15,0,18,331,132,187,1,651,0,0,0,651
09/29/2021,DAL,TX,ASW,CE,Towers with Radar,355,137,148,3,643,0,1,7,0,8,355,138,155,3,651,0,0,0,651
09/30/2021,DAL,TX,ASW,CE,Towers with Radar,333,136,137,2,608,0,0,8,2,10,333,136,145,4,618,0,0,0,618
10/01/2021,DAL,TX,ASW,CE,Towers with Radar,387,123,125,1,636,0,3,7,2,12,387,126,132,3,648,0,0,0,648
10/02/2021,DAL,TX,ASW,CE,Towers with Radar,308,97,74,3,482,0,2,4,1,7,308,99,78,4,489,0,0,0,489
10/03/2021,DAL,TX,ASW,CE,Towers with Radar,410,121,133,0,664,0,14,19,0,33,410,135,152,0,697,0,0,0,697
10/04/2021,DAL,TX,ASW,CE,Towers with Radar,387,112,133,4,636,0,5,22,1,28,387,117,155,5,664,0,0,0,664
10/05/2021,DAL,TX,ASW,CE,Towers with Radar,342,94,134,2,572,0,0,10,2,12,342,94,144,4,584,0,0,0,584
10/06/2021,DAL,TX,ASW,CE,Towers with Radar,351,139,145,2,637,0,4,10,0,14,351,143,155,2,651,0,0,0,651
10/07/2021,DAL,TX,ASW,CE,Towers with Radar,403,142,157,2,704,0,4,14,4,22,403,146,171,6,726,0,0,0,726
10/08/2021,DAL,TX,ASW,CE,Towers with Radar,398,146,164,1,709,0,2,21,0,23,398,148,185,1,732,0,0,0,732
10/09/2021,DAL,TX,ASW,CE,Towers with Radar,239,140,165,3,547,0,2,19,2,23,239,142,184,5,570,0,0,0,570
10/10/2021,DAL,TX,ASW,CE,Towers with Radar,253,123,134,2,512,0,2,11,0,13,253,125,145,2,525,0,0,0,525
10/11/2021,DAL,TX,ASW,CE,Towers with Radar,383,142,136,1,662,0,5,12,1,18,383,147,148,2,680,0,0,0,680
10/12/2021,DAL,TX,ASW,CE,Towers with Radar,368,123,135,4,630,0,3,6,0,9,368,126,141,4,639,0,0,0,639
10/13/2021,DAL,TX,ASW,CE,Towers with Radar,303,100,112,1,516,0,0,6,1,7,303,100,118,2,523,0,0,0,523
10/14/2021,DAL,TX,ASW,CE,Towers with Radar,405,137,165,2,709,0,0,7,0,7,405,137,172,2,716,0,0,0,716
10/15/2021,DAL,TX,ASW,CE,Towers with Radar,416,116,135,6,673,0,7,10,0,17,416,123,145,6,690,0,0,0,690
10/16/2021,DAL,TX,ASW,CE,Towers with Radar,301,104,103,0,508,0,6,9,1,16,301,110,112,1,524,0,0,0,524
10/17/2021,DAL,TX,ASW,CE,Towers with Radar,403,114,131,3,651,0,3,8,0,11,403,117,139,3,662,0,0,0,662
10/18/2021,DAL,TX,ASW,CE,Towers with Radar,405,105,145,2,657,0,7,11,3,21,405,112,156,5,678,0,0,0,678
10/19/2021,DAL,TX,ASW,CE,Towers with Radar,370,137,131,0,638,0,6,12,0,18,370,143,143,0,656,0,0,0,656
10/20/2021,DAL,TX,ASW,CE,Towers with Radar,386,140,158,1,685,0,0,17,0,17,386,140,175,1,702,0,0,0,702
10/21/2021,DAL,TX,ASW,CE,Towers with Radar,406,140,171,2,719,0,4,15,3,22,406,144,186,5,741,0,0,0,741
10/22/2021,DAL,TX,ASW,CE,Towers with Radar,400,125,132,5,662,0,0,17,1,18,400,125,149,6,680,0,0,0,680
10/23/2021,DAL,TX,ASW,CE,Towers with Radar,305,92,89,0,486,0,1,10,0,11,305,93,99,0,497,0,0,0,497
10/24/2021,DAL,TX,ASW,CE,Towers with Radar,369,112,140,2,623,0,0,9,0,9,369,112,149,2,632,0,0,0,632
10/25/2021,DAL,TX,ASW,CE,Towers with Radar,421,114,149,3,687,0,10,8,0,18,421,124,157,3,705,0,0,0,705
10/26/2021,DAL,TX,ASW,CE,Towers with Radar,383,116,152,4,655,0,3,8,1,12,383,119,160,5,667,0,0,0,667
10/27/2021,DAL,TX,ASW,CE,Towers with Radar,358,122,133,4,617,0,1,10,0,11,358,123,143,4,628,0,0,0,628
10/28/2021,DAL,TX,ASW,CE,Towers with Radar,399,115,129,1,644,0,6,2,0,8,399,121,131,1,652,0,0,0,652
10/29/2021,DAL,TX,ASW,CE,Towers with Radar,411,103,129,0,643,0,6,19,0,25,411,109,148,0,668,0,0,0,668
10/30/2021,DAL,TX,ASW,CE,Towers with Radar,303,93,93,0,489,0,1,18,0,19,303,94,111,0,508,0,0,0,508
10/31/2021,DAL,TX,ASW,CE,Towers with Radar,385,135,99,0,619,0,5,12,0,17,385,140,111,0,636,0,0,0,636
11/01/2021,DAL,TX,ASW,CE,Towers with Radar,404,128,144,1,677,0,3,19,1,23,404,131,163,2,700,0,0,0,700
11/02/2021,DAL,TX,ASW,CE,Towers with Radar,387,117,142,4,650,0,1,2,0,3,387,118,144,4,653,0,0,0,653
11/03/2021,DAL,TX,ASW,CE,Towers with Radar,376,150,140,3,669,0,0,0,0,0,376,150,140,3,669,0,0,0,669
11/04/2021,DAL,TX,ASW,CE,Towers with Radar,404,138,178,2,722,0,2,4,0,6,404,140,182,2,728,0,0,0,728
11/05/2021,DAL,TX,ASW,CE,Towers with Radar,409,136,175,3,723,0,1,19,0,20,409,137,194,3,743,0,0,0,743
11/06/2021,DAL,TX,ASW,CE,Towers with Radar,312,99,113,0,524,0,12,11,1,24,312,111,124,1,548,0,0,0,548
11/07/2021,DAL,TX,ASW,CE,Towers with Radar,348,153,159,1,661,0,2,36,0,38,348,155,195,1,699,0,0,0,699
11/08/2021,DAL,TX,ASW,CE,Towers with Radar,379,118,125,1,623,0,1,20,0,21,379,119,145,1,644,0,0,0,644
11/09/2021,DAL,TX,ASW,CE,Towers with Radar,324,113,170,2,609,0,4,14,0,18,324,117,184,2,627,0,0,0,627
11/10/2021,DAL,TX,ASW,CE,Towers with Radar,318,150,140,1,609,0,1,2,4,7,318,151,142,5,616,0,0,0,616
11/11/2021,DAL,TX,ASW,CE,Towers with Radar,388,170,160,0,718,0,4,17,3,24,388,174,177,3,742,0,0,0,742
11/12/2021,DAL,TX,ASW,CE,Towers with Radar,384,122,143,0,649,0,8,8,0,16,384,130,151,0,665,0,0,0,665
11/13/2021,DAL,TX,ASW,CE,Towers with Radar,289,97,93,0,479,0,2,14,0,16,289,99,107,0,495,0,0,0,495
11/14/2021,DAL,TX,ASW,CE,Towers with Radar,358,133,141,0,632,0,6,14,0,20,358,139,155,0,652,0,0,0,652
11/15/2021,DAL,TX,ASW,CE,Towers with Radar,378,119,155,2,654,0,7,16,3,26,378,126,171,5,680,0,0,0,680
11/16/2021,DAL,TX,ASW,CE,Towers with Radar,325,107,149,3,584,0,2,11,0,13,325,109,160,3,597,0,0,0,597
11/17/2021,DAL,TX,ASW,CE,Towers with Radar,321,137,160,6,624,0,7,8,0,15,321,144,168,6,639,0,0,0,639
11/18/2021,DAL,TX,ASW,CE,Towers with Radar,378,130,167,5,680,0,5,18,0,23,378,135,185,5,703,0,0,0,703
11/19/2021,DAL,TX,ASW,CE,Towers with Radar,381,141,156,2,680,0,6,12,2,20,381,147,168,4,700,0,0,0,700
11/20/2021,DAL,TX,ASW,CE,Towers with Radar,355,121,132,2,610,0,3,5,0,8,355,124,137,2,618,0,0,0,618
11/21/2021,DAL,TX,ASW,CE,Towers with Radar,351,138,168,2,659,0,1,5,0,6,351,139,173,2,665,0,0,0,665
11/22/2021,DAL,TX,ASW,CE,Towers with Radar,387,135,135,2,659,0,7,11,0,18,387,142,146,2,677,0,0,0,677
11/23/2021,DAL,TX,ASW,CE,Towers with Radar,390,141,133,3,667,0,3,12,0,15,390,144,145,3,682,0,0,0,682
11/24/2021,DAL,TX,ASW,CE,Towers with Radar,387,137,141,2,667,0,5,7,1,13,387,142,148,3,680,0,0,0,680
11/25/2021,DAL,TX,ASW,CE,Towers with Radar,310,67,34,0,411,0,4,9,2,15,310,71,43,2,426,0,0,0,426
11/26/2021,DAL,TX,ASW,CE,Towers with Radar,318,94,93,0,505,0,6,16,0,22,318,100,109,0,527,0,0,0,527
11/27/2021,DAL,TX,ASW,CE,Towers with Radar,352,132,92,0,576,0,1,0,0,1,352,133,92,0,577,0,0,0,577
11/28/2021,DAL,TX,ASW,CE,Towers with Radar,403,134,162,0,699,0,2,7,0,9,403,136,169,0,708,0,0,0,708
11/29/2021,DAL,TX,ASW,CE,Towers with Radar,394,132,129,2,657,0,5,13,0,18,394,137,142,2,675,0,0,0,675
11/30/2021,DAL,TX,ASW,CE,Towers with Radar,379,115,137,5,636,0,3,13,1,17,379,118,150,6,653,0,0,0,653
12/01/2021,DAL,TX,ASW,CE,Towers with Radar,318,112,138,2,570,0,4,29,4,37,318,116,167,6,607,0,0,0,607
12/02/2021,DAL,TX,ASW,CE,Towers with Radar,320,152,127,1,600,0,3,16,0,19,320,155,143,1,619,0,0,0,619
12/03/2021,DAL,TX,ASW,CE,Towers with Radar,323,120,139,3,585,0,4,10,0,14,323,124,149,3,599,0,0,0,599
12/04/2021,DAL,TX,ASW,CE,Towers with Radar,283,101,73,10,467,0,2,9,0,11,283,103,82,10,478,0,0,0,478
12/05/2021,DAL,TX,ASW,CE,Towers with Radar,350,87,109,5,551,0,1,3,0,4,350,88,112,5,555,0,0,0,555
12/06/2021,DAL,TX,ASW,CE,Towers with Radar,324,117,107,2,550,0,1,13,0,14,324,118,120,2,564,0,0,0,564
12/07/2021,DAL,TX,ASW,CE,Towers with Radar,317,124,144,5,590,0,0,12,0,12,317,124,156,5,602,0,0,0,602
12/08/2021,DAL,TX,ASW,CE,Towers with Radar,317,161,167,1,646,0,7,3,0,10,317,168,170,1,656,0,0,0,656
12/09/2021,DAL,TX,ASW,CE,Towers with Radar,316,143,169,0,628,0,3,7,0,10,316,146,176,0,638,0,0,0,638
12/10/2021,DAL,TX,ASW,CE,Towers with Radar,325,142,144,5,616,0,5,15,2,22,325,147,159,7,638,0,0,0,638
12/11/2021,DAL,TX,ASW,CE,Towers with Radar,282,105,87,0,474,0,7,6,0,13,282,112,93,0,487,0,0,0,487
12/12/2021,DAL,TX,ASW,CE,Towers with Radar,353,124,127,0,604,0,7,8,1,16,353,131,135,1,620,0,0,0,620
12/13/2021,DAL,TX,ASW,CE,Towers with Radar,321,129,130,1,581,0,0,11,0,11,321,129,141,1,592,0,0,0,592
12/14/2021,DAL,TX,ASW,CE,Towers with Radar,324,117,198,1,640,0,2,9,0,11,324,119,207,1,651,0,0,0,651
12/15/2021,DAL,TX,ASW,CE,Towers with Radar,323,130,182,6,641,0,5,7,0,12,323,135,189,6,653,0,0,0,653
12/16/2021,DAL,TX,ASW,CE,Towers with Radar,378,115,162,1,656,0,4,8,0,12,378,119,170,1,668,0,0,0,668
12/17/2021,DAL,TX,ASW,CE,Towers with Radar,379,140,126,0,645,0,3,7,0,10,379,143,133,0,655,0,0,0,655
12/18/2021,DAL,TX,ASW,CE,Towers with Radar,345,110,92,0,547,0,2,6,0,8,345,112,98,0,555,0,0,0,555
12/19/2021,DAL,TX,ASW,CE,Towers with Radar,356,128,85,0,569,0,7,5,0,12,356,135,90,0,581,0,0,0,581
12/20/2021,DAL,TX,ASW,CE,Towers with Radar,376,113,114,4,607,0,1,9,0,10,376,114,123,4,617,0,0,0,617
12/21/2021,DAL,TX,ASW,CE,Towers with Radar,378,115,119,6,618,0,0,6,0,6,378,115,125,6,624,0,0,0,624
12/22/2021,DAL,TX,ASW,CE,Towers with Radar,385,119,101,0,605,0,0,6,0,6,385,119,107,0,611,0,0,0,611
12/23/2021,DAL,TX,ASW,CE,Towers with Radar,401,126,85,0,612,0,3,11,0,14,401,129,96,0,626,0,0,0,626
12/24/2021,DAL,TX,ASW,CE,Towers with Radar,316,75,38,0,429,0,3,2,1,6,316,78,40,1,435,0,0,0,435
12/25/2021,DAL,TX,ASW,CE,Towers with Radar,272,86,26,0,384,0,1,4,2,7,272,87,30,2,391,0,0,0,391
12/26/2021,DAL,TX,ASW,CE,Towers with Radar,384,105,126,0,615,0,4,10,0,14,384,109,136,0,629,0,0,0,629
12/27/2021,DAL,TX,ASW,CE,Towers with Radar,383,120,140,0,643,0,5,16,2,23,383,125,156,2,666,0,0,0,666
12/28/2021,DAL,TX,ASW,CE,Towers with Radar,399,109,125,2,635,0,1,14,0,15,399,110,139,2,650,0,0,0,650
12/29/2021,DAL,TX,ASW,CE,Towers with Radar,405,116,135,0,656,0,1,9,0,10,405,117,144,0,666,0,0,0,666
12/30/2021,DAL,TX,ASW,CE,Towers with Radar,394,105,116,0,615,0,5,6,4,15,394,110,122,4,630,0,0,0,630
12/31/2021,DAL,TX,ASW,CE,Towers with Radar,317,94,71,0,482,0,1,5,2,8,317,95,76,2,490,0,0,0,490
01/01/2022,DAL,TX,ASW,CE,Towers with Radar,320,104,77,0,501,0,3,3,0,6,320,107,80,0,507,0,0,0,507
01/02/2022,DAL,TX,ASW,CE,Towers with Radar,362,120,136,0,618,0,3,16,3,22,362,123,152,3,640,0,0,0,640
01/03/2022,DAL,TX,ASW,CE,Towers with Radar,352,117,137,0,606,0,2,20,1,23,352,119,157,1,629,0,0,0,629
01/04/2022,DAL,TX,ASW,CE,Towers with Radar,299,106,113,2,520,0,3,7,3,13,299,109,120,5,533,0,0,0,533
01/05/2022,DAL,TX,ASW,CE,Towers with Radar,300,112,119,4,535,0,2,13,2,17,300,114,132,6,552,0,0,0,552
01/06/2022,DAL,TX,ASW,CE,Towers with Radar,256,125,123,1,505,0,3,21,0,24,256,128,144,1,529,0,0,0,529
01/07/2022,DAL,TX,ASW,CE,Towers with Radar,284,131,117,4,536,0,2,7,2,11,284,133,124,6,547,0,0,0,547
01/08/2022,DAL,TX,ASW,CE,Towers with Radar,269,88,81,1,439,0,1,0,0,1,269,89,81,1,440,0,0,0,440
01/09/2022,DAL,TX,ASW,CE,Towers with Radar,346,116,116,2,580,0,0,7,0,7,346,116,123,2,587,0,0,0,587
01/10/2022,DAL,TX,ASW,CE,Towers with Radar,300,108,131,1,540,0,4,24,0,28,300,112,155,1,568,0,0,0,568
01/11/2022,DAL,TX,ASW,CE,Towers with Radar,311,110,123,2,546,0,8,8,0,16,311,118,131,2,562,0,0,0,562
01/12/2022,DAL,TX,ASW,CE,Towers with Radar,313,108,124,4,549,0,1,11,0,12,313,109,135,4,561,0,0,0,561
01/13/2022,DAL,TX,ASW,CE,Towers with Radar,310,120,107,4,541,0,6,21,0,27,310,126,128,4,568,0,0,0,568
01/14/2022,DAL,TX,ASW,CE,Towers with Radar,371,123,123,2,619,0,5,8,3,16,371,128,131,5,635,0,0,0,635
01/15/2022,DAL,TX,ASW,CE,Towers with Radar,277,93,66,0,436,0,0,8,0,8,277,93,74,0,444,0,0,0,444
01/16/2022,DAL,TX,ASW,CE,Towers with Radar,326,133,92,2,553,0,7,21,0,28,326,140,113,2,581,0,0,0,581
01/17/2022,DAL,TX,ASW,CE,Towers with Radar,366,145,142,0,653,0,2,16,2,20,366,147,158,2,673,0,0,0,673
01/18/2022,DAL,TX,ASW,CE,Towers with Radar,347,133,106,3,589,0,0,16,0,16,347,133,122,3,605,0,0,0,605
01/19/2022,DAL,TX,ASW,CE,Towers with Radar,337,115,104,0,556,0,0,9,0,9,337,115,113,0,565,0,0,0,565
01/20/2022,DAL,TX,ASW,CE,Towers with Radar,365,118,120,1,604,0,5,15,4,24,365,123,135,5,628,0,0,0,628
01/21/2022,DAL,TX,ASW,CE,Towers with Radar,366,118,99,1,584,0,8,17,0,25,366,126,116,1,609,0,0,0,609
01/22/2022,DAL,TX,ASW,CE,Towers with Radar,275,88,71,0,434,0,6,15,2,23,275,94,86,2,457,0,0,0,457
01/23/2022,DAL,TX,ASW,CE,Towers with Radar,368,100,117,2,587,0,3,13,0,16,368,103,130,2,603,0,0,0,603
01/24/2022,DAL,TX,ASW,CE,Towers with Radar,367,120,96,3,586,0,0,2,2,4,367,120,98,5,590,0,0,0,590
01/25/2022,DAL,TX,ASW,CE,Towers with Radar,340,117,108,2,567,0,3,11,0,14,340,120,119,2,581,0,0,0,581
01/26/2022,DAL,TX,ASW,CE,Towers with Radar,344,110,133,3,590,0,2,19,0,21,344,112,152,3,611,0,0,0,611
01/27/2022,DAL,TX,ASW,CE,Towers with Radar,373,135,148,1,657,0,2,13,0,15,373,137,161,1,672,0,0,0,672
01/28/2022,DAL,TX,ASW,CE,Towers with Radar,364,114,140,6,624,0,2,6,0,8,364,116,146,6,632,0,0,0,632
01/29/2022,DAL,TX,ASW,CE,Towers with Radar,276,92,58,0,426,0,5,15,0,20,276,97,73,0,446,0,0,0,446
01/30/2022,DAL,TX,ASW,CE,Towers with Radar,368,110,123,6,607,0,13,8,3,24,368,123,131,9,631,0,0,0,631
01/31/2022,DAL,TX,ASW,CE,Towers with Radar,373,102,130,0,605,0,2,13,0,15,373,104,143,0,620,0,0,0,620
02/01/2022,DAL,TX,ASW,CE,Towers with Radar,343,118,139,2,602,0,1,9,2,12,343,119,148,4,614,0,0,0,614
02/02/2022,DAL,TX,ASW,CE,Towers with Radar,233,122,133,1,489,0,0,2,0,2,233,122,135,1,491,0,0,0,491
02/03/2022,DAL,TX,ASW,CE,Towers with Radar,4,32,19,0,55,0,1,0,2,3,4,33,19,2,58,0,0,0,58
02/04/2022,DAL,TX,ASW,CE,Towers with Radar,211,115,120,0,446,0,3,5,0,8,211,118,125,0,454,0,0,0,454
02/05/2022,DAL,TX,ASW,CE,Towers with Radar,205,81,69,1,356,0,4,13,0,17,205,85,82,1,373,0,0,0,373
02/06/2022,DAL,TX,ASW,CE,Towers with Radar,368,118,111,0,597,0,2,11,0,13,368,120,122,0,610,0,0,0,610
02/07/2022,DAL,TX,ASW,CE,Towers with Radar,374,98,134,0,606,0,2,19,0,21,374,100,153,0,627,0,0,0,627
02/08/2022,DAL,TX,ASW,CE,Towers with Radar,342,134,145,2,623,0,2,26,0,28,342,136,171,2,651,0,0,0,651
02/09/2022,DAL,TX,ASW,CE,Towers with Radar,350,136,133,4,623,0,3,27,4,34,350,139,160,8,657,0,0,0,657
02/10/2022,DAL,TX,ASW,CE,Towers with Radar,372,156,174,7,709,0,5,9,2,16,372,161,183,9,725,0,0,0,725
02/11/2022,DAL,TX,ASW,CE,Towers with Radar,374,137,165,3,679,0,5,21,2,28,374,142,186,5,707,0,0,0,707
02/12/2022,DAL,TX,ASW,CE,Towers with Radar,281,99,77,0,457,0,5,14,0,19,281,104,91,0,476,0,0,0,476
02/13/2022,DAL,TX,ASW,CE,Towers with Radar,368,126,86,1,581,0,6,16,0,22,368,132,102,1,603,0,0,0,603
02/14/2022,DAL,TX,ASW,CE,Towers with Radar,375,168,136,0,679,0,2,7,0,9,375,170,143,0,688,0,0,0,688
02/15/2022,DAL,TX,ASW,CE,Towers with Radar,347,142,135,2,626,0,7,10,3,20,347,149,145,5,646,0,0,0,646
02/16/2022,DAL,TX,ASW,CE,Towers with Radar,346,134,144,0,624,0,1,11,0,12,346,135,155,0,636,0,0,0,636
02/17/2022,DAL,TX,ASW,CE,Towers with Radar,353,131,132,0,616,0,3,9,0,12,353,134,141,0,628,0,0,0,628
02/18/2022,DAL,TX,ASW,CE,Towers with Radar,369,138,171,4,682,0,14,16,0,30,369,152,187,4,712,0,0,0,712
02/19/2022,DAL,TX,ASW,CE,Towers with Radar,292,78,70,2,442,0,8,14,0,22,292,86,84,2,464,0,0,0,464
02/20/2022,DAL,TX,ASW,CE,Towers with Radar,369,102,121,4,596,0,6,8,1,15,369,108,129,5,611,0,0,0,611
02/21/2022,DAL,TX,ASW,CE,Towers with Radar,376,121,153,4,654,0,3,6,0,9,376,124,159,4,663,0,0,0,663
02/22/2022,DAL,TX,ASW,CE,Towers with Radar,353,150,154,3,660,0,4,13,0,17,353,154,167,3,677,0,0,0,677
02/23/2022,DAL,TX,ASW,CE,Towers with Radar,257,92,88,2,439,0,0,0,0,0,257,92,88,2,439,0,0,0,439
02/24/2022,DAL,TX,ASW,CE,Towers with Radar,171,116,106,0,393,0,0,0,0,0,171,116,106,0,393,0,0,0,393
02/25/2022,DAL,TX,ASW,CE,Towers with Radar,376,158,148,0,682,0,2,10,0,12,376,160,158,0,694,0,0,0,694
02/26/2022,DAL,TX,ASW,CE,Towers with Radar,292,112,84,0,488,0,0,2,2,4,292,112,86,2,492,0,0,0,492
02/27/2022,DAL,TX,ASW,CE,Towers with Radar,370,123,149,0,642,0,3,10,1,14,370,126,159,1,656,0,0,0,656
02/28/2022,DAL,TX,ASW,CE,Towers with Radar,374,136,131,2,643,0,3,16,0,19,374,139,147,2,662,0,0,0,662
03/01/2022,DAL,TX,ASW,CE,Towers with Radar,359,124,127,3,613,0,10,23,1,34,359,134,150,4,647,0,0,0,647
03/02/2022,DAL,TX,ASW,CE,Towers with Radar,362,149,148,4,663,0,7,11,0,18,362,156,159,4,681,0,0,0,681
03/03/2022,DAL,TX,ASW,CE,Towers with Radar,378,150,146,2,676,0,2,17,1,20,378,152,163,3,696,0,0,0,696
03/04/2022,DAL,TX,ASW,CE,Towers with Radar,375,155,139,3,672,0,6,1,0,7,375,161,140,3,679,0,0,0,679
03/05/2022,DAL,TX,ASW,CE,Towers with Radar,278,127,92,5,502,0,6,11,0,17,278,133,103,5,519,0,0,0,519
03/06/2022,DAL,TX,ASW,CE,Towers with Radar,358,131,124,4,617,0,6,16,0,22,358,137,140,4,639,0,0,0,639
03/07/2022,DAL,TX,ASW,CE,Towers with Radar,386,120,150,2,658,0,2,11,0,13,386,122,161,2,671,0,0,0,671
03/08/2022,DAL,TX,ASW,CE,Towers with Radar,353,125,143,6,627,0,0,4,0,4,353,125,147,6,631,0,0,0,631
03/09/2022,DAL,TX,ASW,CE,Towers with Radar,351,148,149,4,652,0,2,22,4,28,351,150,171,8,680,0,0,0,680
03/10/2022,DAL,TX,ASW,CE,Towers with Radar,371,134,186,3,694,0,4,21,3,28,371,138,207,6,722,0,0,0,722
03/11/2022,DAL,TX,ASW,CE,Towers with Radar,336,139,176,6,657,0,1,5,0,6,336,140,181,6,663,0,0,0,663
03/12/2022,DAL,TX,ASW,CE,Towers with Radar,293,161,147,3,604,0,5,9,0,14,293,166,156,3,618,0,0,0,618
03/13/2022,DAL,TX,ASW,CE,Towers with Radar,339,112,125,0,576,0,5,4,0,9,339,117,129,0,585,0,0,0,585
03/14/2022,DAL,TX,ASW,CE,Towers with Radar,338,83,107,4,532,0,0,13,0,13,338,83,120,4,545,0,0,0,545
03/15/2022,DAL,TX,ASW,CE,Towers with Radar,395,104,102,3,604,0,6,16,5,27,395,110,118,8,631,0,0,0,631
03/16/2022,DAL,TX,ASW,CE,Towers with Radar,374,131,129,2,636,0,4,18,1,23,374,135,147,3,659,0,0,0,659
03/17/2022,DAL,TX,ASW,CE,Towers with Radar,365,124,127,4,620,0,1,15,2,18,365,125,142,6,638,0,0,0,638
03/18/2022,DAL,TX,ASW,CE,Towers with Radar,361,131,109,1,602,0,6,16,0,22,361,137,125,1,624,0,0,0,624
03/19/2022,DAL,TX,ASW,CE,Towers with Radar,320,130,110,0,560,0,5,6,1,12,320,135,116,1,572,0,0,0,572
03/20/2022,DAL,TX,ASW,CE,Towers with Radar,383,170,155,1,709,0,3,15,0,18,383,173,170,1,727,0,0,0,727
03/21/2022,DAL,TX,ASW,CE,Towers with Radar,250,108,93,3,454,0,2,0,0,2,250,110,93,3,456,0,0,0,456
03/22/2022,DAL,TX,ASW,CE,Towers with Radar,392,117,107,1,617,0,4,15,0,19,392,121,122,1,636,0,0,0,636
03/23/2022,DAL,TX,ASW,CE,Towers with Radar,383,148,149,2,682,0,6,14,0,20,383,154,163,2,702,0,0,0,702
03/24/2022,DAL,TX,ASW,CE,Towers with Radar,382,146,143,3,674,0,3,15,0,18,382,149,158,3,692,0,0,0,692
03/25/2022,DAL,TX,ASW,CE,Towers with Radar,383,164,116,4,667,0,2,12,0,14,383,166,128,4,681,0,0,0,681
03/26/2022,DAL,TX,ASW,CE,Towers with Radar,310,100,87,2,499,0,4,16,0,20,310,104,103,2,519,0,0,0,519
03/27/2022,DAL,TX,ASW,CE,Towers with Radar,382,119,105,0,606,0,6,10,0,16,382,125,115,0,622,0,0,0,622
03/28/2022,DAL,TX,ASW,CE,Towers with Radar,379,111,105,5,600,0,4,6,2,12,379,115,111,7,612,0,0,0,612
03/29/2022,DAL,TX,ASW,CE,Towers with Radar,382,127,148,2,659,0,1,6,0,7,382,128,154,2,666,0,0,0,666
03/30/2022,DAL,TX,ASW,CE,Towers with Radar,381,116,136,7,640,0,4,0,0,4,381,120,136,7,644,0,0,0,644
03/31/2022,DAL,TX,ASW,CE,Towers with Radar,377,139,138,4,658,0,3,12,0,15,377,142,150,4,673,0,0,0,673
04/01/2022,DAL,TX,ASW,CE,Towers with Radar,374,147,157,5,683,0,2,18,1,21,374,149,175,6,704,0,0,0,704
04/02/2022,DAL,TX,ASW,CE,Towers with Radar,259,112,85,1,457,0,6,12,0,18,259,118,97,1,475,0,0,0,475
04/03/2022,DAL,TX,ASW,CE,Towers with Radar,348,149,118,0,615,0,4,12,0,16,348,153,130,0,631,0,0,0,631
04/04/2022,DAL,TX,ASW,CE,Towers with Radar,309,135,114,0,558,0,3,8,0,11,309,138,122,0,569,0,0,0,569
04/05/2022,DAL,TX,ASW,CE,Towers with Radar,388,116,123,1,628,0,1,13,0,14,388,117,136,1,642,0,0,0,642
04/06/2022,DAL,TX,ASW,CE,Towers with Radar,377,134,142,1,654,0,5,9,0,14,377,139,151,1,668,0,0,0,668
04/07/2022,DAL,TX,ASW,CE,Towers with Radar,358,155,171,2,686,0,5,7,1,13,358,160,178,3,699,0,0,0,699
04/08/2022,DAL,TX,ASW,CE,Towers with Radar,384,152,177,3,716,0,0,20,0,20,384,152,197,3,736,0,0,0,736
04/09/2022,DAL,TX,ASW,CE,Towers with Radar,252,121,127,2,502,0,3,19,2,24,252,124,146,4,526,0,0,0,526
04/10/2022,DAL,TX,ASW,CE,Towers with Radar,378,127,151,0,656,0,5,10,0,15,378,132,161,0,671,0,0,0,671
04/11/2022,DAL,TX,ASW,CE,Towers with Radar,374,150,173,2,699,0,2,7,4,13,374,152,180,6,712,0,0,0,712
04/12/2022,DAL,TX,ASW,CE,Towers with Radar,332,137,158,2,629,0,0,8,0,8,332,137,166,2,637,0,0,0,637
04/13/2022,DAL,TX,ASW,CE,Towers with Radar,359,155,177,0,691,0,2,10,0,12,359,157,187,0,703,0,0,0,703
04/14/2022,DAL,TX,ASW,CE,Towers with Radar,385,191,224,0,800,0,5,11,2,18,385,196,235,2,818,0,0,0,818
04/15/2022,DAL,TX,ASW,CE,Towers with Radar,371,113,134,2,620,0,4,11,0,15,371,117,145,2,635,0,0,0,635
04/16/2022,DAL,TX,ASW,CE,Towers with Radar,251,73,65,0,389,0,7,2,2,11,251,80,67,2,400,0,0,0,400
04/17/2022,DAL,TX,ASW,CE,Towers with Radar,368,103,94,1,566,0,0,6,2,8,368,103,100,3,574,0,0,0,574
04/18/2022,DAL,TX,ASW,CE,Towers with Radar,376,130,154,8,668,0,12,13,0,25,376,142,167,8,693,0,0,0,693
04/19/2022,DAL,TX,ASW,CE,Towers with Radar,369,158,125,4,656,0,2,8,0,10,369,160,133,4,666,0,0,0,666
04/20/2022,DAL,TX,ASW,CE,Towers with Radar,373,160,158,1,692,0,2,11,0,13,373,162,169,1,705,0,0,0,705
04/21/2022,DAL,TX,ASW,CE,Towers with Radar,367,162,169,10,708,0,2,20,0,22,367,164,189,10,730,0,0,0,730
04/22/2022,DAL,TX,ASW,CE,Towers with Radar,374,160,116,2,652,0,7,7,4,18,374,167,123,6,670,0,0,0,670
04/23/2022,DAL,TX,ASW,CE,Towers with Radar,262,115,94,0,471,0,2,3,0,5,262,117,97,0,476,0,0,0,476
04/24/2022,DAL,TX,ASW,CE,Towers with Radar,355,135,133,0,623,0,2,4,0,6,355,137,137,0,629,0,0,0,629
04/25/2022,DAL,TX,ASW,CE,Towers with Radar,366,134,127,1,628,0,1,1,0,2,366,135,128,1,630,0,0,0,630
04/26/2022,DAL,TX,ASW,CE,Towers with Radar,379,133,154,5,671,0,1,14,2,17,379,134,168,7,688,0,0,0,688
04/27/2022,DAL,TX,ASW,CE,Towers with Radar,374,120,174,0,668,0,6,24,2,32,374,126,198,2,700,0,0,0,700
04/28/2022,DAL,TX,ASW,CE,Towers with Radar,374,145,164,1,684,0,6,9,0,15,374,151,173,1,699,0,0,0,699
04/29/2022,DAL,TX,ASW,CE,Towers with Radar,372,120,151,2,645,0,2,5,2,9,372,122,156,4,654,0,0,0,654
04/30/2022,DAL,TX,ASW,CE,Towers with Radar,246,103,71,2,422,0,1,7,0,8,246,104,78,2,430,0,0,0,430
05/01/2022,DAL,TX,ASW,CE,Towers with Radar,374,131,133,0,638,0,4,10,1,15,374,135,143,1,653,0,0,0,653
05/02/2022,DAL,TX,ASW,CE,Towers with Radar,369,123,119,0,611,0,5,11,0,16,369,128,130,0,627,0,0,0,627
05/03/2022,DAL,TX,ASW,CE,Towers with Radar,368,133,128,3,632,0,0,10,0,10,368,133,138,3,642,0,0,0,642
05/04/2022,DAL,TX,ASW,CE,Towers with Radar,325,158,163,0,646,0,2,2,0,4,325,160,165,0,650,0,0,0,650
05/05/2022,DAL,TX,ASW,CE,Towers with Radar,328,123,121,0,572,0,3,2,0,5,328,126,123,0,577,0,0,0,577
05/06/2022,DAL,TX,ASW,CE,Towers with Radar,382,153,144,4,683,0,4,17,0,21,382,157,161,4,704,0,0,0,704
05/07/2022,DAL,TX,ASW,CE,Towers with Radar,250,90,82,0,422,0,2,11,5,18,250,92,93,5,440,0,0,0,440
05/08/2022,DAL,TX,ASW,CE,Towers with Radar,374,128,126,3,631,0,0,10,0,10,374,128,136,3,641,0,0,0,641
05/09/2022,DAL,TX,ASW,CE,Towers with Radar,375,132,141,0,648,0,4,15,0,19,375,136,156,0,667,0,0,0,667
05/10/2022,DAL,TX,ASW,CE,Towers with Radar,375,110,167,1,653,0,1,9,0,10,375,111,176,1,663,0,0,0,663
05/11/2022,DAL,TX,ASW,CE,Towers with Radar,378,128,152,4,662,0,2,21,1,24,378,130,173,5,686,0,0,0,686
05/12/2022,DAL,TX,ASW,CE,Towers with Radar,378,156,194,4,732,0,5,25,2,32,378,161,219,6,764,0,0,0,764
05/13/2022,DAL,TX,ASW,CE,Towers with Radar,376,150,180,1,707,0,7,11,2,20,376,157,191,3,727,0,0,0,727
05/14/2022,DAL,TX,ASW,CE,Towers with Radar,251,124,102,0,477,0,5,12,4,21,251,129,114,4,498,0,0,0,498
05/15/2022,DAL,TX,ASW,CE,Towers with Radar,375,145,159,0,679,0,0,10,0,10,375,145,169,0,689,0,0,0,689
05/16/2022,DAL,TX,ASW,CE,Towers with Radar,380,135,163,1,679,0,8,17,2,27,380,143,180,3,706,0,0,0,706
05/17/2022,DAL,TX,ASW,CE,Towers with Radar,372,141,137,2,652,0,5,13,2,20,372,146,150,4,672,0,0,0,672
05/18/2022,DAL,TX,ASW,CE,Towers with Radar,372,115,201,1,689,0,2,6,2,10,372,117,207,3,699,0,0,0,699
05/19/2022,DAL,TX,ASW,CE,Towers with Radar,382,162,149,3,696,0,2,10,0,12,382,164,159,3,708,0,0,0,708
05/20/2022,DAL,TX,ASW,CE,Towers with Radar,363,158,162,7,690,0,1,12,1,14,363,159,174,8,704,0,0,0,704
05/21/2022,DAL,TX,ASW,CE,Towers with Radar,263,88,89,0,440,0,1,4,0,5,263,89,93,0,445,0,0,0,445
05/22/2022,DAL,TX,ASW,CE,Towers with Radar,373,137,141,7,658,0,2,4,2,8,373,139,145,9,666,0,0,0,666
05/23/2022,DAL,TX,ASW,CE,Towers with Radar,380,123,134,0,637,0,1,2,2,5,380,124,136,2,642,0,0,0,642
05/24/2022,DAL,TX,ASW,CE,Towers with Radar,289,109,134,2,534,0,0,0,0,0,289,109,134,2,534,0,0,0,534
05/25/2022,DAL,TX,ASW,CE,Towers with Radar,407,132,170,4,713,0,1,5,0,6,407,133,175,4,719,0,0,0,719
05/26/2022,DAL,TX,ASW,CE,Towers with Radar,374,153,139,0,666,0,13,17,1,31,374,166,156,1,697,0,0,0,697
05/27/2022,DAL,TX,ASW,CE,Towers with Radar,375,139,149,2,665,0,7,14,0,21,375,146,163,2,686,0,0,0,686
05/28/2022,DAL,TX,ASW,CE,Towers with Radar,248,89,62,0,399,0,5,5,0,10,248,94,67,0,409,0,0,0,409
05/29/2022,DAL,TX,ASW,CE,Towers with Radar,363,88,61,0,512,0,2,3,0,5,363,90,64,0,517,0,0,0,517
05/30/2022,DAL,TX,ASW,CE,Towers with Radar,377,101,90,0,568,0,4,7,0,11,377,105,97,0,579,0,0,0,579
05/31/2022,DAL,TX,ASW,CE,Towers with Radar,374,136,120,1,631,0,3,12,1,16,374,139,132,2,647,0,0,0,647
06/01/2022,DAL,TX,ASW,CE,Towers with Radar,312,124,135,2,573,0,0,5,0,5,312,124,140,2,578,0,0,0,578
06/02/2022,DAL,TX,ASW,CE,Towers with Radar,339,133,143,2,617,0,6,2,0,8,339,139,145,2,625,0,0,0,625
06/03/2022,DAL,TX,ASW,CE,Towers with Radar,369,155,137,1,662,0,4,7,0,11,369,159,144,1,673,0,0,0,673
06/04/2022,DAL,TX,ASW,CE,Towers with Radar,250,113,91,2,456,0,7,1,0,8,250,120,92,2,464,0,0,0,464
06/05/2022,DAL,TX,ASW,CE,Towers with Radar,366,133,133,2,634,0,3,10,0,13,366,136,143,2,647,0,0,0,647
06/06/2022,DAL,TX,ASW,CE,Towers with Radar,361,110,128,2,601,0,3,12,1,16,361,113,140,3,617,0,0,0,617
06/07/2022,DAL,TX,ASW,CE,Towers with Radar,366,107,100,0,573,0,2,6,0,8,366,109,106,0,581,0,0,0,581
06/08/2022,DAL,TX,ASW,CE,Towers with Radar,366,137,116,2,621,0,2,13,2,17,366,139,129,4,638,0,0,0,638
06/09/2022,DAL,TX,ASW,CE,Towers with Radar,360,126,132,0,618,0,3,6,0,9,360,129,138,0,627,0,0,0,627
06/10/2022,DAL,TX,ASW,CE,Towers with Radar,363,143,93,0,599,0,7,7,1,15,363,150,100,1,614,0,0,0,614
06/11/2022,DAL,TX,ASW,CE,Towers with Radar,346,98,86,2,532,0,2,6,0,8,346,100,92,2,540,0,0,0,540
06/12/2022,DAL,TX,ASW,CE,Towers with Radar,373,128,139,1,641,0,4,5,0,9,373,132,144,1,650,0,0,0,650
06/13/2022,DAL,TX,ASW,CE,Towers with Radar,368,104,101,0,573,0,3,6,1,10,368,107,107,1,583,0,0,0,583
06/14/2022,DAL,TX,ASW,CE,Towers with Radar,369,118,139,3,629,0,3,1,0,4,369,121,140,3,633,0,0,0,633
06/15/2022,DAL,TX,ASW,CE,Towers with Radar,370,138,135,4,647,0,4,10,0,14,370,142,145,4,661,0,0,0,661
06/16/2022,DAL,TX,ASW,CE,Towers with Radar,361,118,150,0,629,0,2,9,0,11,361,120,159,0,640,0,0,0,640
06/17/2022,DAL,TX,ASW,CE,Towers with Radar,373,106,144,0,623,0,2,19,0,21,373,108,163,0,644,0,0,0,644
06/18/2022,DAL,TX,ASW,CE,Towers with Radar,343,92,77,0,512,0,4,11,2,17,343,96,88,2,529,0,0,0,529
06/19/2022,DAL,TX,ASW,CE,Towers with Radar,358,108,124,0,590,0,3,10,0,13,358,111,134,0,603,0,0,0,603
06/20/2022,DAL,TX,ASW,CE,Towers with Radar,376,101,155,0,632,0,4,17,0,21,376,105,172,0,653,0,0,0,653
06/21/2022,DAL,TX,ASW,CE,Towers with Radar,363,124,123,2,612,0,3,9,0,12,363,127,132,2,624,0,0,0,624
06/22/2022,DAL,TX,ASW,CE,Towers with Radar,349,108,145,1,603,0,3,2,2,7,349,111,147,3,610,0,0,0,610
06/23/2022,DAL,TX,ASW,CE,Towers with Radar,359,123,142,4,628,0,2,8,1,11,359,125,150,5,639,0,0,0,639
06/24/2022,DAL,TX,ASW,CE,Towers with Radar,370,113,119,7,609,0,7,12,2,21,370,120,131,9,630,0,0,0,630
06/25/2022,DAL,TX,ASW,CE,Towers with Radar,353,125,87,1,566,0,5,16,4,25,353,130,103,5,591,0,0,0,591
06/26/2022,DAL,TX,ASW,CE,Towers with Radar,365,118,102,3,588,0,4,15,3,22,365,122,117,6,610,0,0,0,610
06/27/2022,DAL,TX,ASW,CE,Towers with Radar,364,103,120,1,588,0,6,18,1,25,364,109,138,2,613,0,0,0,613
06/28/2022,DAL,TX,ASW,CE,Towers with Radar,367,89,120,2,578,0,6,30,0,36,367,95,150,2,614,0,0,0,614
06/29/2022,DAL,TX,ASW,CE,Towers with Radar,368,142,159,0,669,0,9,12,0,21,368,151,171,0,690,0,0,0,690
06/30/2022,DAL,TX,ASW,CE,Towers with Radar,371,128,134,2,635,0,1,5,0,6,371,129,139,2,641,0,0,0,641
07/01/2022,DAL,TX,ASW,CE,Towers with Radar,362,149,153,0,664,0,2,11,0,13,362,151,164,0,677,0,0,0,677
07/02/2022,DAL,TX,ASW,CE,Towers with Radar,348,111,88,2,549,0,2,9,4,15,348,113,97,6,564,0,0,0,564
07/03/2022,DAL,TX,ASW,CE,Towers with Radar,359,66,51,0,476,0,6,9,0,15,359,72,60,0,491,0,0,0,491
07/04/2022,DAL,TX,ASW,CE,Towers with Radar,355,78,37,0,470,0,7,5,2,14,355,85,42,2,484,0,0,0,484
07/05/2022,DAL,TX,ASW,CE,Towers with Radar,361,127,122,0,610,0,4,12,0,16,361,131,134,0,626,0,0,0,626
07/06/2022,DAL,TX,ASW,CE,Towers with Radar,356,130,125,0,611,0,7,18,4,29,356,137,143,4,640,0,0,0,640
07/07/2022,DAL,TX,ASW,CE,Towers with Radar,374,117,113,0,604,0,5,8,2,15,374,122,121,2,619,0,0,0,619
07/08/2022,DAL,TX,ASW,CE,Towers with Radar,365,106,111,4,586,0,3,8,1,12,365,109,119,5,598,0,0,0,598
07/09/2022,DAL,TX,ASW,CE,Towers with Radar,344,102,87,2,535,0,3,10,0,13,344,105,97,2,548,0,0,0,548
07/10/2022,DAL,TX,ASW,CE,Towers with Radar,372,113,108,0,593,0,3,11,0,14,372,116,119,0,607,0,0,0,607
07/11/2022,DAL,TX,ASW,CE,Towers with Radar,373,107,95,4,579,0,6,12,0,18,373,113,107,4,597,0,0,0,597
07/12/2022,DAL,TX,ASW,CE,Towers with Radar,365,115,103,1,584,0,3,10,1,14,365,118,113,2,598,0,0,0,598
07/13/2022,DAL,TX,ASW,CE,Towers with Radar,367,129,135,6,637,0,5,13,0,18,367,134,148,6,655,0,0,0,655
07/14/2022,DAL,TX,ASW,CE,Towers with Radar,369,134,149,0,652,0,6,8,0,14,369,140,157,0,666,0,0,0,666
07/15/2022,DAL,TX,ASW,CE,Towers with Radar,373,96,118,0,587,0,3,9,1,13,373,99,127,1,600,0,0,0,600
07/16/2022,DAL,TX,ASW,CE,Towers with Radar,339,91,89,0,519,0,8,23,0,31,339,99,112,0,550,0,0,0,550
07/17/2022,DAL,TX,ASW,CE,Towers with Radar,362,127,117,1,607,0,3,8,0,11,362,130,125,1,618,0,0,0,618
07/18/2022,DAL,TX,ASW,CE,Towers with Radar,369,105,108,2,584,0,1,12,0,13,369,106,120,2,597,0,0,0,597
07/19/2022,DAL,TX,ASW,CE,Towers with Radar,368,111,103,0,582,0,13,11,0,24,368,124,114,0,606,0,0,0,606
07/20/2022,DAL,TX,ASW,CE,Towers with Radar,364,110,98,0,572,0,2,7,2,11,364,112,105,2,583,0,0,0,583
07/21/2022,DAL,TX,ASW,CE,Towers with Radar,366,140,95,1,602,0,4,10,0,14,366,144,105,1,616,0,0,0,616
07/22/2022,DAL,TX,ASW,CE,Towers with Radar,367,121,96,5,589,0,3,6,1,10,367,124,102,6,599,0,0,0,599
07/23/2022,DAL,TX,ASW,CE,Towers with Radar,326,104,63,0,493,0,7,7,4,18,326,111,70,4,511,0,0,0,511
07/24/2022,DAL,TX,ASW,CE,Towers with Radar,364,133,114,1,612,0,7,3,2,12,364,140,117,3,624,0,0,0,624
07/25/2022,DAL,TX,ASW,CE,Towers with Radar,257,100,110,0,467,0,5,8,2,15,257,105,118,2,482,0,0,0,482
07/26/2022,DAL,TX,ASW,CE,Towers with Radar,377,113,103,1,594,0,2,12,0,14,377,115,115,1,608,0,0,0,608
07/27/2022,DAL,TX,ASW,CE,Towers with Radar,366,134,92,2,594,0,4,8,0,12,366,138,100,2,606,0,0,0,606
07/28/2022,DAL,TX,ASW,CE,Towers with Radar,366,129,110,0,605,0,4,10,0,14,366,133,120,0,619,0,0,0,619
07/29/2022,DAL,TX,ASW,CE,Towers with Radar,376,139,118,2,635,0,6,16,0,22,376,145,134,2,657,0,0,0,657
07/30/2022,DAL,TX,ASW,CE,Towers with Radar,347,119,93,0,559,0,1,15,2,18,347,120,108,2,577,0,0,0,577
07/31/2022,DAL,TX,ASW,CE,Towers with Radar,363,136,120,6,625,0,4,7,0,11,363,140,127,6,636,0,0,0,636
08/01/2022,DAL,TX,ASW,CE,Towers with Radar,372,103,119,0,594,0,7,14,1,22,372,110,133,1,616,0,0,0,616
08/02/2022,DAL,TX,ASW,CE,Towers with Radar,366,118,98,1,583,0,4,21,1,26,366,122,119,2,609,0,0,0,609
08/03/2022,DAL,TX,ASW,CE,Towers with Radar,359,114,120,4,597,0,6,18,4,28,359,120,138,8,625,0,0,0,625
08/04/2022,DAL,TX,ASW,CE,Towers with Radar,345,139,146,6,636,0,3,4,0,7,345,142,150,6,643,0,0,0,643
08/05/2022,DAL,TX,ASW,CE,Towers with Radar,349,108,124,2,583,0,11,14,3,28,349,119,138,5,611,0,0,0,611
08/06/2022,DAL,TX,ASW,CE,Towers with Radar,353,103,66,0,522,0,3,13,0,16,353,106,79,0,538,0,0,0,538
08/07/2022,DAL,TX,ASW,CE,Towers with Radar,358,132,116,0,606,0,6,5,0,11,358,138,121,0,617,0,0,0,617
08/08/2022,DAL,TX,ASW,CE,Towers with Radar,358,131,113,1,603,0,3,11,2,16,358,134,124,3,619,0,0,0,619
08/09/2022,DAL,TX,ASW,CE,Towers with Radar,377,118,92,3,590,0,6,5,0,11,377,124,97,3,601,0,0,0,601
08/10/2022,DAL,TX,ASW,CE,Towers with Radar,299,125,113,2,539,0,4,7,0,11,299,129,120,2,550,0,0,0,550
08/11/2022,DAL,TX,ASW,CE,Towers with Radar,381,136,169,5,691,0,6,13,0,19,381,142,182,5,710,0,0,0,710
08/12/2022,DAL,TX,ASW,CE,Towers with Radar,369,123,132,4,628,0,6,21,0,27,369,129,153,4,655,0,0,0,655
08/13/2022,DAL,TX,ASW,CE,Towers with Radar,343,116,82,1,542,0,7,19,0,26,343,123,101,1,568,0,0,0,568
08/14/2022,DAL,TX,ASW,CE,Towers with Radar,360,111,138,0,609,0,10,7,1,18,360,121,145,1,627,0,0,0,627
08/15/2022,DAL,TX,ASW,CE,Towers with Radar,376,129,116,0,621,0,4,12,0,16,376,133,128,0,637,0,0,0,637
08/16/2022,DAL,TX,ASW,CE,Towers with Radar,366,130,112,5,613,0,4,7,4,15,366,134,119,9,628,0,0,0,628
08/17/2022,DAL,TX,ASW,CE,Towers with Radar,364,148,139,3,654,0,7,12,0,19,364,155,151,3,673,0,0,0,673
08/18/2022,DAL,TX,ASW,CE,Towers with Radar,366,147,156,3,672,0,4,9,0,13,366,151,165,3,685,0,0,0,685
08/19/2022,DAL,TX,ASW,CE,Towers with Radar,368,135,128,0,631,0,4,8,0,12,368,139,136,0,643,0,0,0,643
08/20/2022,DAL,TX,ASW,CE,Towers with Radar,352,104,84,0,540,0,13,10,2,25,352,117,94,2,565,0,0,0,565
08/21/2022,DAL,TX,ASW,CE,Towers with Radar,290,110,100,0,500,0,0,3,0,3,290,110,103,0,503,0,0,0,503
08/22/2022,DAL,TX,ASW,CE,Towers with Radar,307,105,105,0,517,0,0,0,0,0,307,105,105,0,517,0,0,0,517
08/23/2022,DAL,TX,ASW,CE,Towers with Radar,377,129,125,5,636,0,0,0,0,0,377,129,125,5,636,0,0,0,636
08/24/2022,DAL,TX,ASW,CE,Towers with Radar,369,126,127,3,625,0,4,4,2,10,369,130,131,5,635,0,0,0,635
08/25/2022,DAL,TX,ASW,CE,Towers with Radar,370,127,146,2,645,0,5,22,2,29,370,132,168,4,674,0,0,0,674
08/26/2022,DAL,TX,ASW,CE,Towers with Radar,367,119,118,2,606,0,3,18,2,23,367,122,136,4,629,0,0,0,629
08/27/2022,DAL,TX,ASW,CE,Towers with Radar,352,93,63,0,508,0,3,7,0,10,352,96,70,0,518,0,0,0,518
08/28/2022,DAL,TX,ASW,CE,Towers with Radar,368,101,97,0,566,0,12,12,1,25,368,113,109,1,591,0,0,0,591
08/29/2022,DAL,TX,ASW,CE,Towers with Radar,355,129,90,3,577,0,6,10,0,16,355,135,100,3,593,0,0,0,593
08/30/2022,DAL,TX,ASW,CE,Towers with Radar,357,139,146,2,644,0,1,4,0,5,357,140,150,2,649,0,0,0,649
08/31/2022,DAL,TX,ASW,CE,Towers with Radar,366,152,122,1,641,0,6,3,0,9,366,158,125,1,650,0,0,0,650
09/01/2022,DAL,TX,ASW,CE,Towers with Radar,349,134,170,2,655,0,1,10,0,11,349,135,180,2,666,0,0,0,666
09/02/2022,DAL,TX,ASW,CE,Towers with Radar,373,172,167,0,712,0,0,8,0,8,373,172,175,0,720,0,0,0,720
09/03/2022,DAL,TX,ASW,CE,Towers with Radar,345,80,55,0,480,0,3,7,0,10,345,83,62,0,490,0,0,0,490
09/04/2022,DAL,TX,ASW,CE,Towers with Radar,293,77,58,1,429,0,3,5,0,8,293,80,63,1,437,0,0,0,437
09/05/2022,DAL,TX,ASW,CE,Towers with Radar,363,173,149,0,685,0,3,4,0,7,363,176,153,0,692,0,0,0,692
09/06/2022,DAL,TX,ASW,CE,Towers with Radar,394,129,136,2,661,0,3,14,0,17,394,132,150,2,678,0,0,0,678
09/07/2022,DAL,TX,ASW,CE,Towers with Radar,377,133,140,4,654,0,4,13,0,17,377,137,153,4,671,0,0,0,671
09/08/2022,DAL,TX,ASW,CE,Towers with Radar,404,149,165,0,718,0,0,7,0,7,404,149,172,0,725,0,0,0,725
09/09/2022,DAL,TX,ASW,CE,Towers with Radar,400,134,186,1,721,0,2,15,0,17,400,136,201,1,738,0,0,0,738
09/10/2022,DAL,TX,ASW,CE,Towers with Radar,297,128,152,2,579,0,4,9,2,15,297,132,161,4,594,0,0,0,594
09/11/2022,DAL,TX,ASW,CE,Towers with Radar,407,147,143,1,698,0,5,12,0,17,407,152,155,1,715,0,0,0,715
09/12/2022,DAL,TX,ASW,CE,Towers with Radar,414,129,169,3,715,0,1,3,0,4,414,130,172,3,719,0,0,0,719
09/13/2022,DAL,TX,ASW,CE,Towers with Radar,387,113,130,0,630,0,7,19,0,26,387,120,149,0,656,0,0,0,656
09/14/2022,DAL,TX,ASW,CE,Towers with Radar,388,158,147,2,695,0,9,18,2,29,388,167,165,4,724,0,0,0,724
09/15/2022,DAL,TX,ASW,CE,Towers with Radar,410,143,168,2,723,0,5,11,0,16,410,148,179,2,739,0,0,0,739
09/16/2022,DAL,TX,ASW,CE,Towers with Radar,406,144,159,0,709,0,6,22,3,31,406,150,181,3,740,0,0,0,740
09/17/2022,DAL,TX,ASW,CE,Towers with Radar,302,117,96,0,515,0,1,8,0,9,302,118,104,0,524,0,0,0,524
09/18/2022,DAL,TX,ASW,CE,Towers with Radar,411,154,140,0,705,0,4,16,0,20,411,158,156,0,725,0,0,0,725
09/19/2022,DAL,TX,ASW,CE,Towers with Radar,402,139,158,2,701,0,3,6,0,9,402,142,164,2,710,0,0,0,710
09/20/2022,DAL,TX,ASW,CE,Towers with Radar,383,130,153,0,666,0,6,12,0,18,383,136,165,0,684,0,0,0,684
09/21/2022,DAL,TX,ASW,CE,Towers with Radar,390,178,152,2,722,0,7,19,3,29,390,185,171,5,751,0,0,0,751
09/22/2022,DAL,TX,ASW,CE,Towers with Radar,415,164,201,3,783,0,8,15,3,26,415,172,216,6,809,0,0,0,809
09/23/2022,DAL,TX,ASW,CE,Towers with Radar,409,170,218,2,799,0,1,22,0,23,409,171,240,2,822,0,0,0,822
09/24/2022,DAL,TX,ASW,CE,Towers with Radar,299,125,100,0,524,0,5,21,0,26,299,130,121,0,550,0,0,0,550
09/25/2022,DAL,TX,ASW,CE,Towers with Radar,406,169,213,3,791,0,8,13,3,24,406,177,226,6,815,0,0,0,815
09/26/2022,DAL,TX,ASW,CE,Towers with Radar,407,140,108,0,655,0,7,11,0,18,407,147,119,0,673,0,0,0,673
09/27/2022,DAL,TX,ASW,CE,Towers with Radar,383,142,140,0,665,0,8,23,2,33,383,150,163,2,698,0,0,0,698
09/28/2022,DAL,TX,ASW,CE,Towers with Radar,358,151,153,2,664,0,9,14,0,23,358,160,167,2,687,0,0,0,687
09/29/2022,DAL,TX,ASW,CE,Towers with Radar,381,148,157,2,688,0,2,18,2,22,381,150,175,4,710,0,0,0,710
09/30/2022,DAL,TX,ASW,CE,Towers with Radar,387,153,157,4,701,0,1,9,0,10,387,154,166,4,711,0,0,0,711
10/01/2022,DAL,TX,ASW,CE,Towers with Radar,296,113,94,1,504,0,10,11,2,23,296,123,105,3,527,0,0,0,527
10/02/2022,DAL,TX,ASW,CE,Towers with Radar,403,133,126,1,663,0,6,11,0,17,403,139,137,1,680,0,0,0,680
10/03/2022,DAL,TX,ASW,CE,Towers with Radar,403,145,116,0,664,0,1,16,1,18,403,146,132,1,682,0,0,0,682
10/04/2022,DAL,TX,ASW,CE,Towers with Radar,394,165,139,0,698,0,3,19,0,22,394,168,158,0,720,0,0,0,720
10/05/2022,DAL,TX,ASW,CE,Towers with Radar,393,140,122,6,661,0,10,18,1,29,393,150,140,7,690,0,0,0,690
10/06/2022,DAL,TX,ASW,CE,Towers with Radar,406,194,157,0,757,0,9,18,0,27,406,203,175,0,784,0,0,0,784
10/07/2022,DAL,TX,ASW,CE,Towers with Radar,405,183,176,3,767,0,2,19,0,21,405,185,195,3,788,0,0,0,788
10/08/2022,DAL,TX,ASW,CE,Towers with Radar,308,115,146,5,574,0,10,21,1,32,308,125,167,6,606,0,0,0,606
10/09/2022,DAL,TX,ASW,CE,Towers with Radar,404,158,152,2,716,0,9,19,0,28,404,167,171,2,744,0,0,0,744
10/10/2022,DAL,TX,ASW,CE,Towers with Radar,404,161,159,0,724,0,7,5,1,13,404,168,164,1,737,0,0,0,737
10/11/2022,DAL,TX,ASW,CE,Towers with Radar,403,146,168,4,721,0,2,13,4,19,403,148,181,8,740,0,0,0,740
10/12/2022,DAL,TX,ASW,CE,Towers with Radar,403,143,155,4,705,0,7,15,2,24,403,150,170,6,729,0,0,0,729
10/13/2022,DAL,TX,ASW,CE,Towers with Radar,410,161,198,5,774,0,3,14,0,17,410,164,212,5,791,0,0,0,791
10/14/2022,DAL,TX,ASW,CE,Towers with Radar,412,154,164,3,733,0,8,19,1,28,412,162,183,4,761,0,0,0,761
10/15/2022,DAL,TX,ASW,CE,Towers with Radar,297,126,76,1,500,0,8,14,1,23,297,134,90,2,523,0,0,0,523
10/16/2022,DAL,TX,ASW,CE,Towers with Radar,379,167,152,3,701,0,0,4,0,4,379,167,156,3,705,0,0,0,705
10/17/2022,DAL,TX,ASW,CE,Towers with Radar,398,156,136,5,695,0,1,14,0,15,398,157,150,5,710,0,0,0,710
10/18/2022,DAL,TX,ASW,CE,Towers with Radar,410,144,167,1,722,0,8,33,0,41,410,152,200,1,763,0,0,0,763
10/19/2022,DAL,TX,ASW,CE,Towers with Radar,414,161,167,2,744,0,15,29,2,46,414,176,196,4,790,0,0,0,790
10/20/2022,DAL,TX,ASW,CE,Towers with Radar,402,188,161,3,754,0,10,25,0,35,402,198,186,3,789,0,0,0,789
10/21/2022,DAL,TX,ASW,CE,Towers with Radar,406,154,139,1,700,0,6,13,0,19,406,160,152,1,719,0,0,0,719
10/22/2022,DAL,TX,ASW,CE,Towers with Radar,306,122,127,1,556,0,4,14,2,20,306,126,141,3,576,0,0,0,576
10/23/2022,DAL,TX,ASW,CE,Towers with Radar,403,165,163,0,731,0,5,26,0,31,403,170,189,0,762,0,0,0,762
10/24/2022,DAL,TX,ASW,CE,Towers with Radar,308,137,112,2,559,0,1,1,0,2,308,138,113,2,561,0,0,0,561
10/25/2022,DAL,TX,ASW,CE,Towers with Radar,446,152,191,5,794,0,1,10,0,11,446,153,201,5,805,0,0,0,805
10/26/2022,DAL,TX,ASW,CE,Towers with Radar,413,167,189,1,770,0,7,14,2,23,413,174,203,3,793,0,0,0,793
10/27/2022,DAL,TX,ASW,CE,Towers with Radar,414,169,193,0,776,0,10,19,1,30,414,179,212,1,806,0,0,0,806
10/28/2022,DAL,TX,ASW,CE,Towers with Radar,318,144,118,1,581,0,3,0,0,3,318,147,118,1,584,0,0,0,584
10/29/2022,DAL,TX,ASW,CE,Towers with Radar,301,130,89,2,522,0,1,0,0,1,301,131,89,2,523,0,0,0,523
10/30/2022,DAL,TX,ASW,CE,Towers with Radar,394,151,115,1,661,0,3,18,0,21,394,154,133,1,682,0,0,0,682
10/31/2022,DAL,TX,ASW,CE,Towers with Radar,393,113,115,1,622,0,5,13,0,18,393,118,128,1,640,0,0,0,640
11/01/2022,DAL,TX,ASW,CE,Towers with Radar,409,143,151,3,706,0,6,9,1,16,409,149,160,4,722,0,0,0,722
11/02/2022,DAL,TX,ASW,CE,Towers with Radar,410,138,144,2,694,0,1,17,0,18,410,139,161,2,712,0,0,0,712
11/03/2022,DAL,TX,ASW,CE,Towers with Radar,406,180,183,4,773,0,0,3,0,3,406,180,186,4,776,0,0,0,776
11/04/2022,DAL,TX,ASW,CE,Towers with Radar,277,121,109,4,511,0,1,1,0,2,277,122,110,4,513,0,0,0,513
11/05/2022,DAL,TX,ASW,CE,Towers with Radar,296,112,96,2,506,0,3,10,2,15,296,115,106,4,521,0,0,0,521
11/06/2022,DAL,TX,ASW,CE,Towers with Radar,409,147,138,0,694,0,2,8,0,10,409,149,146,0,704,0,0,0,704
11/07/2022,DAL,TX,ASW,CE,Towers with Radar,406,142,143,2,693,0,0,4,0,4,406,142,147,2,697,0,0,0,697
11/08/2022,DAL,TX,ASW,CE,Towers with Radar,395,170,154,6,725,0,3,6,0,9,395,173,160,6,734,0,0,0,734
11/09/2022,DAL,TX,ASW,CE,Towers with Radar,391,145,167,2,705,0,4,13,4,21,391,149,180,6,726,0,0,0,726
11/10/2022,DAL,TX,ASW,CE,Towers with Radar,399,159,155,2,715,0,2,7,2,11,399,161,162,4,726,0,0,0,726
11/11/2022,DAL,TX,ASW,CE,Towers with Radar,413,166,133,0,712,0,0,3,1,4,413,166,136,1,716,0,0,0,716
11/12/2022,DAL,TX,ASW,CE,Towers with Radar,336,126,98,0,560,0,5,7,1,13,336,131,105,1,573,0,0,0,573
11/13/2022,DAL,TX,ASW,CE,Towers with Radar,407,153,145,0,705,0,7,8,2,17,407,160,153,2,722,0,0,0,722
11/14/2022,DAL,TX,ASW,CE,Towers with Radar,405,124,121,2,652,0,0,5,0,5,405,124,126,2,657,0,0,0,657
11/15/2022,DAL,TX,ASW,CE,Towers with Radar,396,132,149,8,685,0,6,8,0,14,396,138,157,8,699,0,0,0,699
11/16/2022,DAL,TX,ASW,CE,Towers with Radar,406,169,173,2,750,0,4,17,0,21,406,173,190,2,771,0,0,0,771
11/17/2022,DAL,TX,ASW,CE,Towers with Radar,405,184,209,5,803,0,4,7,0,11,405,188,216,5,814,0,0,0,814
11/18/2022,DAL,TX,ASW,CE,Towers with Radar,413,167,181,6,767,0,4,21,2,27,413,171,202,8,794,0,0,0,794
11/19/2022,DAL,TX,ASW,CE,Towers with Radar,332,139,126,1,598,0,5,7,0,12,332,144,133,1,610,0,0,0,610
11/20/2022,DAL,TX,ASW,CE,Towers with Radar,409,135,98,1,643,0,6,8,0,14,409,141,106,1,657,0,0,0,657
11/21/2022,DAL,TX,ASW,CE,Towers with Radar,405,108,126,2,641,0,1,9,1,11,405,109,135,3,652,0,0,0,652
11/22/2022,DAL,TX,ASW,CE,Towers with Radar,407,151,139,0,697,0,1,10,3,14,407,152,149,3,711,0,0,0,711
11/23/2022,DAL,TX,ASW,CE,Towers with Radar,399,142,133,0,674,0,4,6,0,10,399,146,139,0,684,0,0,0,684
11/24/2022,DAL,TX,ASW,CE,Towers with Radar,313,61,20,0,394,0,0,0,0,0,313,61,20,0,394,0,0,0,394
11/25/2022,DAL,TX,ASW,CE,Towers with Radar,399,124,97,0,620,0,4,2,0,6,399,128,99,0,626,0,0,0,626
11/26/2022,DAL,TX,ASW,CE,Towers with Radar,335,149,103,0,587,0,1,2,0,3,335,150,105,0,590,0,0,0,590
11/27/2022,DAL,TX,ASW,CE,Towers with Radar,403,154,224,0,781,0,4,5,1,10,403,158,229,1,791,0,0,0,791
11/28/2022,DAL,TX,ASW,CE,Towers with Radar,405,148,140,0,693,0,2,20,0,22,405,150,160,0,715,0,0,0,715
11/29/2022,DAL,TX,ASW,CE,Towers with Radar,396,137,139,0,672,0,3,13,2,18,396,140,152,2,690,0,0,0,690
11/30/2022,DAL,TX,ASW,CE,Towers with Radar,397,144,138,1,680,0,3,36,2,41,397,147,174,3,721,0,0,0,721
12/01/2022,DAL,TX,ASW,CE,Towers with Radar,402,155,139,0,696,0,6,15,0,21,402,161,154,0,717,0,0,0,717
12/02/2022,DAL,TX,ASW,CE,Towers with Radar,392,152,153,0,697,0,0,7,0,7,392,152,160,0,704,0,0,0,704
12/03/2022,DAL,TX,ASW,CE,Towers with Radar,329,110,88,0,527,0,1,8,0,9,329,111,96,0,536,0,0,0,536
12/04/2022,DAL,TX,ASW,CE,Towers with Radar,408,144,121,2,675,0,11,12,1,24,408,155,133,3,699,0,0,0,699
12/05/2022,DAL,TX,ASW,CE,Towers with Radar,403,134,141,0,678,0,5,2,0,7,403,139,143,0,685,0,0,0,685
12/06/2022,DAL,TX,ASW,CE,Towers with Radar,400,122,120,1,643,0,6,9,0,15,400,128,129,1,658,0,0,0,658
12/07/2022,DAL,TX,ASW,CE,Towers with Radar,407,169,149,2,727,0,1,0,0,1,407,170,149,2,728,0,0,0,728
12/08/2022,DAL,TX,ASW,CE,Towers with Radar,406,179,178,0,763,1,1,7,0,9,407,180,185,0,772,0,0,0,772
12/09/2022,DAL,TX,ASW,CE,Towers with Radar,404,159,165,0,728,0,1,0,0,1,404,160,165,0,729,0,0,0,729
12/10/2022,DAL,TX,ASW,CE,Towers with Radar,337,99,94,0,530,0,1,0,0,1,337,100,94,0,531,0,0,0,531
12/11/2022,DAL,TX,ASW,CE,Towers with Radar,404,142,133,0,679,0,0,7,0,7,404,142,140,0,686,0,0,0,686
12/12/2022,DAL,TX,ASW,CE,Towers with Radar,404,133,147,1,685,0,0,0,0,0,404,133,147,1,685,0,0,0,685
12/13/2022,DAL,TX,ASW,CE,Towers with Radar,453,136,133,1,723,0,2,10,0,12,453,138,143,1,735,0,0,0,735
12/14/2022,DAL,TX,ASW,CE,Towers with Radar,413,157,169,3,742,0,5,21,0,26,413,162,190,3,768,0,0,0,768
12/15/2022,DAL,TX,ASW,CE,Towers with Radar,395,170,165,1,731,0,5,13,0,18,395,175,178,1,749,0,0,0,749
12/16/2022,DAL,TX,ASW,CE,Towers with Radar,396,165,179,0,740,0,4,17,0,21,396,169,196,0,761,0,0,0,761
12/17/2022,DAL,TX,ASW,CE,Towers with Radar,343,141,102,2,588,0,5,10,0,15,343,146,112,2,603,0,0,0,603
12/18/2022,DAL,TX,ASW,CE,Towers with Radar,412,155,137,0,704,0,8,16,0,24,412,163,153,0,728,0,0,0,728
12/19/2022,DAL,TX,ASW,CE,Towers with Radar,404,123,108,4,639,0,3,2,0,5,404,126,110,4,644,0,0,0,644
12/20/2022,DAL,TX,ASW,CE,Towers with Radar,401,137,123,2,663,0,5,6,2,13,401,142,129,4,676,0,0,0,676
12/21/2022,DAL,TX,ASW,CE,Towers with Radar,397,138,121,0,656,0,2,8,0,10,397,140,129,0,666,0,0,0,666
12/22/2022,DAL,TX,ASW,CE,Towers with Radar,321,131,94,0,546,0,0,2,0,2,321,131,96,0,548,0,0,0,548
12/23/2022,DAL,TX,ASW,CE,Towers with Radar,302,150,96,0,548,0,4,9,0,13,302,154,105,0,561,0,0,0,561
12/24/2022,DAL,TX,ASW,CE,Towers with Radar,218,107,35,0,360,0,7,9,0,16,218,114,44,0,376,0,0,0,376
12/25/2022,DAL,TX,ASW,CE,Towers with Radar,226,97,27,0,350,0,3,8,0,11,226,100,35,0,361,0,0,0,361
12/26/2022,DAL,TX,ASW,CE,Towers with Radar,111,177,158,0,446,0,4,12,2,18,111,181,170,2,464,0,0,0,464
12/27/2022,DAL,TX,ASW,CE,Towers with Radar,186,155,161,0,502,0,7,33,0,40,186,162,194,0,542,0,0,0,542
12/28/2022,DAL,TX,ASW,CE,Towers with Radar,221,137,99,0,457,0,9,14,2,25,221,146,113,2,482,0,0,0,482
12/29/2022,DAL,TX,ASW,CE,Towers with Radar,220,121,100,0,441,0,3,10,0,13,220,124,110,0,454,0,0,0,454
12/30/2022,DAL,TX,ASW,CE,Towers with Radar,399,164,113,0,676,0,3,15,0,18,399,167,128,0,694,0,0,0,694
12/31/2022,DAL,TX,ASW,CE,Towers with Radar,316,97,50,0,463,0,6,8,2,16,316,103,58,2,479,0,0,0,479
01/01/2023,DAL,TX,ASW,CE,Towers with Radar,416,152,85,0,653,0,5,14,2,21,416,157,99,2,674,0,0,0,674
01/02/2023,DAL,TX,ASW,CE,Towers with Radar,377,152,171,0,700,0,3,1,2,6,377,155,172,2,706,0,0,0,706
01/03/2023,DAL,TX,ASW,CE,Towers with Radar,413,179,137,0,729,0,2,13,0,15,413,181,150,0,744,0,0,0,744
01/04/2023,DAL,TX,ASW,CE,Towers with Radar,405,130,136,2,673,0,3,8,2,13,405,133,144,4,686,0,0,0,686
01/05/2023,DAL,TX,ASW,CE,Towers with Radar,413,154,145,0,712,0,6,15,0,21,413,160,160,0,733,0,0,0,733
01/06/2023,DAL,TX,ASW,CE,Towers with Radar,403,136,142,0,681,0,3,9,0,12,403,139,151,0,693,0,0,0,693
01/07/2023,DAL,TX,ASW,CE,Towers with Radar,296,134,93,0,523,0,6,15,0,21,296,140,108,0,544,0,0,0,544
01/08/2023,DAL,TX,ASW,CE,Towers with Radar,411,121,131,1,664,0,3,16,0,19,411,124,147,1,683,0,0,0,683
01/09/2023,DAL,TX,ASW,CE,Towers with Radar,411,114,113,3,641,0,2,12,2,16,411,116,125,5,657,0,0,0,657
01/10/2023,DAL,TX,ASW,CE,Towers with Radar,408,138,160,3,709,0,4,15,3,22,408,142,175,6,731,0,0,0,731
01/11/2023,DAL,TX,ASW,CE,Towers with Radar,376,135,133,3,647,0,4,21,0,25,376,139,154,3,672,0,0,0,672
01/12/2023,DAL,TX,ASW,CE,Towers with Radar,408,155,136,3,702,0,4,14,0,18,408,159,150,3,720,0,0,0,720
01/13/2023,DAL,TX,ASW,CE,Towers with Radar,413,143,146,1,703,0,4,22,0,26,413,147,168,1,729,0,0,0,729
01/14/2023,DAL,TX,ASW,CE,Towers with Radar,292,112,69,0,473,0,3,13,0,16,292,115,82,0,489,0,0,0,489
01/15/2023,DAL,TX,ASW,CE,Towers with Radar,405,105,82,0,592,0,4,7,0,11,405,109,89,0,603,0,0,0,603
01/16/2023,DAL,TX,ASW,CE,Towers with Radar,402,144,144,0,690,0,4,11,0,15,402,148,155,0,705,0,0,0,705
01/17/2023,DAL,TX,ASW,CE,Towers with Radar,402,132,143,0,677,0,6,14,0,20,402,138,157,0,697,0,0,0,697
01/18/2023,DAL,TX,ASW,CE,Towers with Radar,393,117,112,4,626,0,6,12,2,20,393,123,124,6,646,0,0,0,646
01/19/2023,DAL,TX,ASW,CE,Towers with Radar,405,138,161,0,704,0,3,22,0,25,405,141,183,0,729,0,0,0,729
01/20/2023,DAL,TX,ASW,CE,Towers with Radar,409,139,136,2,686,0,6,16,2,24,409,145,152,4,710,0,0,0,710
01/21/2023,DAL,TX,ASW,CE,Towers with Radar,290,99,69,4,462,0,3,12,0,15,290,102,81,4,477,0,0,0,477
01/22/2023,DAL,TX,ASW,CE,Towers with Radar,407,125,133,0,665,0,3,7,0,10,407,128,140,0,675,0,0,0,675
01/23/2023,DAL,TX,ASW,CE,Towers with Radar,405,109,122,0,636,0,2,15,0,17,405,111,137,0,653,0,0,0,653
01/24/2023,DAL,TX,ASW,CE,Towers with Radar,405,117,106,0,628,0,0,2,0,2,405,117,108,0,630,0,0,0,630
01/25/2023,DAL,TX,ASW,CE,Towers with Radar,390,147,164,2,703,0,4,10,0,14,390,151,174,2,717,0,0,0,717
01/26/2023,DAL,TX,ASW,CE,Towers with Radar,405,188,187,6,786,0,2,12,0,14,405,190,199,6,800,0,0,0,800
01/27/2023,DAL,TX,ASW,CE,Towers with Radar,409,166,198,6,779,0,3,21,3,27,409,169,219,9,806,0,0,0,806
01/28/2023,DAL,TX,ASW,CE,Towers with Radar,287,149,114,3,553,0,3,6,0,9,287,152,120,3,562,0,0,0,562
01/29/2023,DAL,TX,ASW,CE,Towers with Radar,402,174,167,6,749,0,0,2,0,2,402,174,169,6,751,0,0,0,751
01/30/2023,DAL,TX,ASW,CE,Towers with Radar,180,116,105,5,406,0,0,0,0,0,180,116,105,5,406,0,0,0,406
01/31/2023,DAL,TX,ASW,CE,Towers with Radar,102,44,45,0,191,0,0,0,0,0,102,44,45,0,191,0,0,0,191
02/01/2023,DAL,TX,ASW,CE,Towers with Radar,13,14,26,0,53,0,0,0,0,0,13,14,26,0,53,0,0,0,53
02/02/2023,DAL,TX,ASW,CE,Towers with Radar,371,128,94,2,595,0,0,0,0,0,371,128,94,2,595,0,0,0,595
02/03/2023,DAL,TX,ASW,CE,Towers with Radar,407,121,100,12,640,0,5,14,0,19,407,126,114,12,659,0,0,0,659
02/04/2023,DAL,TX,ASW,CE,Towers with Radar,288,106,56,2,452,0,6,8,0,14,288,112,64,2,466,0,0,0,466
02/05/2023,DAL,TX,ASW,CE,Towers with Radar,406,138,136,1,681,0,3,15,2,20,406,141,151,3,701,0,0,0,701
02/06/2023,DAL,TX,ASW,CE,Towers with Radar,405,154,143,1,703,0,0,14,2,16,405,154,157,3,719,0,0,0,719
02/07/2023,DAL,TX,ASW,CE,Towers with Radar,403,142,118,3,666,0,1,2,0,3,403,143,120,3,669,0,0,0,669
02/08/2023,DAL,TX,ASW,CE,Towers with Radar,407,181,159,4,751,0,0,3,0,3,407,181,162,4,754,0,0,0,754
02/09/2023,DAL,TX,ASW,CE,Towers with Radar,405,151,172,5,733,0,4,19,1,24,405,155,191,6,757,0,0,0,757
02/10/2023,DAL,TX,ASW,CE,Towers with Radar,413,170,149,2,734,0,1,12,2,15,413,171,161,4,749,0,0,0,749
02/11/2023,DAL,TX,ASW,CE,Towers with Radar,288,103,85,1,477,0,3,5,0,8,288,106,90,1,485,0,0,0,485
02/12/2023,DAL,TX,ASW,CE,Towers with Radar,404,135,84,0,623,0,6,8,0,14,404,141,92,0,637,0,0,0,637
02/13/2023,DAL,TX,ASW,CE,Towers with Radar,406,187,142,0,735,0,3,15,4,22,406,190,157,4,757,0,0,0,757
02/14/2023,DAL,TX,ASW,CE,Towers with Radar,397,99,106,0,602,0,1,3,0,4,397,100,109,0,606,0,0,0,606
02/15/2023,DAL,TX,ASW,CE,Towers with Radar,391,146,137,4,678,0,9,9,0,18,391,155,146,4,696,0,0,0,696
02/16/2023,DAL,TX,ASW,CE,Towers with Radar,396,171,157,0,724,0,3,9,0,12,396,174,166,0,736,0,0,0,736
02/17/2023,DAL,TX,ASW,CE,Towers with Radar,397,143,165,0,705,0,2,22,0,24,397,145,187,0,729,0,0,0,729
02/18/2023,DAL,TX,ASW,CE,Towers with Radar,299,110,66,0,475,0,11,10,0,21,299,121,76,0,496,0,0,0,496
02/19/2023,DAL,TX,ASW,CE,Towers with Radar,416,133,80,0,629,0,3,13,0,16,416,136,93,0,645,0,0,0,645
02/20/2023,DAL,TX,ASW,CE,Towers with Radar,419,137,153,2,711,0,3,12,0,15,419,140,165,2,726,0,0,0,726
02/21/2023,DAL,TX,ASW,CE,Towers with Radar,418,138,137,3,696,0,5,3,0,8,418,143,140,3,704,0,0,0,704
02/22/2023,DAL,TX,ASW,CE,Towers with Radar,407,139,102,0,648,0,5,8,4,17,407,144,110,4,665,0,0,0,665
02/23/2023,DAL,TX,ASW,CE,Towers with Radar,420,162,194,0,776,0,3,9,0,12,420,165,203,0,788,0,0,0,788
02/24/2023,DAL,TX,ASW,CE,Towers with Radar,429,172,158,0,759,0,2,2,0,4,429,174,160,0,763,0,0,0,763
02/25/2023,DAL,TX,ASW,CE,Towers with Radar,291,112,73,0,476,0,1,2,0,3,291,113,75,0,479,0,0,0,479
02/26/2023,DAL,TX,ASW,CE,Towers with Radar,431,141,114,0,686,0,3,3,0,6,431,144,117,0,692,0,0,0,692
02/27/2023,DAL,TX,ASW,CE,Towers with Radar,430,134,127,1,692,0,6,10,0,16,430,140,137,1,708,0,0,0,708
02/28/2023,DAL,TX,ASW,CE,Towers with Radar,419,144,112,4,679,0,3,30,1,34,419,147,142,5,713,0,0,0,713
03/01/2023,DAL,TX,ASW,CE,Towers with Radar,426,141,124,1,692,0,0,15,4,19,426,141,139,5,711,0,0,0,711
03/02/2023,DAL,TX,ASW,CE,Towers with Radar,317,133,115,2,567,0,0,0,4,4,317,133,115,6,571,0,0,0,571
03/03/2023,DAL,TX,ASW,CE,Towers with Radar,429,149,135,0,713,0,8,17,2,27,429,157,152,2,740,0,0,0,740
03/04/2023,DAL,TX,ASW,CE,Towers with Radar,294,115,60,0,469,0,4,20,0,24,294,119,80,0,493,0,0,0,493
03/05/2023,DAL,TX,ASW,CE,Towers with Radar,421,142,128,0,691,0,4,18,0,22,421,146,146,0,713,0,0,0,713
03/06/2023,DAL,TX,ASW,CE,Towers with Radar,418,129,128,4,679,0,0,19,0,19,418,129,147,4,698,0,0,0,698
03/07/2023,DAL,TX,ASW,CE,Towers with Radar,419,143,143,3,708,0,1,12,0,13,419,144,155,3,721,0,0,0,721
03/08/2023,DAL,TX,ASW,CE,Towers with Radar,420,142,189,1,752,0,2,0,0,2,420,144,189,1,754,0,0,0,754
03/09/2023,DAL,TX,ASW,CE,Towers with Radar,408,151,192,4,755,0,0,1,0,1,408,151,193,4,756,0,0,0,756
03/10/2023,DAL,TX,ASW,CE,Towers with Radar,440,207,143,5,795,0,6,15,3,24,440,213,158,8,819,0,0,0,819
03/11/2023,DAL,TX,ASW,CE,Towers with Radar,304,150,129,3,586,0,2,2,0,4,304,152,131,3,590,0,0,0,590
03/12/2023,DAL,TX,ASW,CE,Towers with Radar,425,120,121,4,670,0,6,13,1,20,425,126,134,5,690,0,0,0,690
03/13/2023,DAL,TX,ASW,CE,Towers with Radar,423,132,90,2,647,0,9,8,1,18,423,141,98,3,665,0,0,0,665
03/14/2023,DAL,TX,ASW,CE,Towers with Radar,415,99,108,2,624,0,4,5,0,9,415,103,113,2,633,0,0,0,633
03/15/2023,DAL,TX,ASW,CE,Towers with Radar,420,134,119,0,673,0,3,11,0,14,420,137,130,0,687,0,0,0,687
03/16/2023,DAL,TX,ASW,CE,Towers with Radar,334,119,77,0,530,0,3,0,0,3,334,122,77,0,533,0,0,0,533
03/17/2023,DAL,TX,ASW,CE,Towers with Radar,435,147,110,9,701,0,4,20,0,24,435,151,130,9,725,0,0,0,725
03/18/2023,DAL,TX,ASW,CE,Towers with Radar,303,164,112,0,579,0,10,16,0,26,303,174,128,0,605,0,0,0,605
03/19/2023,DAL,TX,ASW,CE,Towers with Radar,422,180,150,5,757,0,15,9,2,26,422,195,159,7,783,0,0,0,783
03/20/2023,DAL,TX,ASW,CE,Towers with Radar,414,141,141,0,696,0,6,15,0,21,414,147,156,0,717,0,0,0,717
03/21/2023,DAL,TX,ASW,CE,Towers with Radar,410,147,124,0,681,0,0,0,0,0,410,147,124,0,681,0,0,0,681
03/22/2023,DAL,TX,ASW,CE,Towers with Radar,424,140,137,0,701,0,0,9,0,9,424,140,146,0,710,0,0,0,710
03/23/2023,DAL,TX,ASW,CE,Towers with Radar,411,162,139,2,714,0,5,2,1,8,411,167,141,3,722,0,0,0,722
03/24/2023,DAL,TX,ASW,CE,Towers with Radar,428,163,133,2,726,0,7,14,0,21,428,170,147,2,747,0,0,0,747
03/25/2023,DAL,TX,ASW,CE,Towers with Radar,312,105,84,0,501,0,8,17,0,25,312,113,101,0,526,0,0,0,526
03/26/2023,DAL,TX,ASW,CE,Towers with Radar,403,180,126,0,709,0,4,28,3,35,403,184,154,3,744,0,0,0,744
03/27/2023,DAL,TX,ASW,CE,Towers with Radar,437,127,116,2,682,1,1,12,2,16,438,128,128,4,698,0,0,0,698
03/28/2023,DAL,TX,ASW,CE,Towers with Radar,428,142,142,2,714,0,3,17,7,27,428,145,159,9,741,0,0,0,741
03/29/2023,DAL,TX,ASW,CE,Towers with Radar,418,167,129,2,716,0,2,20,0,22,418,169,149,2,738,0,0,0,738
03/30/2023,DAL,TX,ASW,CE,Towers with Radar,425,176,183,0,784,0,5,5,1,11,425,181,188,1,795,0,0,0,795
03/31/2023,DAL,TX,ASW,CE,Towers with Radar,416,160,132,0,708,0,1,15,0,16,416,161,147,0,724,0,0,0,724
04/01/2023,DAL,TX,ASW,CE,Towers with Radar,315,154,107,0,576,0,6,36,0,42,315,160,143,0,618,0,0,0,618
04/02/2023,DAL,TX,ASW,CE,Towers with Radar,321,171,195,4,691,0,5,10,0,15,321,176,205,4,706,0,0,0,706
04/03/2023,DAL,TX,ASW,CE,Towers with Radar,446,143,140,0,729,0,6,8,0,14,446,149,148,0,743,0,0,0,743
04/04/2023,DAL,TX,ASW,CE,Towers with Radar,414,124,154,0,692,0,2,11,0,13,414,126,165,0,705,0,0,0,705
04/05/2023,DAL,TX,ASW,CE,Towers with Radar,385,155,129,0,669,0,3,15,2,20,385,158,144,2,689,0,0,0,689
04/06/2023,DAL,TX,ASW,CE,Towers with Radar,427,179,169,3,778,0,1,8,0,9,427,180,177,3,787,0,0,0,787
04/07/2023,DAL,TX,ASW,CE,Towers with Radar,423,138,126,6,693,0,1,7,0,8,423,139,133,6,701,0,0,0,701
04/08/2023,DAL,TX,ASW,CE,Towers with Radar,312,95,44,1,452,0,9,13,0,22,312,104,57,1,474,0,0,0,474
04/09/2023,DAL,TX,ASW,CE,Towers with Radar,426,118,87,0,631,0,8,10,0,18,426,126,97,0,649,0,0,0,649
04/10/2023,DAL,TX,ASW,CE,Towers with Radar,410,152,162,0,724,0,4,18,0,22,410,156,180,0,746,0,0,0,746
04/11/2023,DAL,TX,ASW,CE,Towers with Radar,417,132,120,2,671,0,8,26,0,34,417,140,146,2,705,0,0,0,705
04/12/2023,DAL,TX,ASW,CE,Towers with Radar,416,151,139,2,708,0,7,17,1,25,416,158,156,3,733,0,0,0,733
04/13/2023,DAL,TX,ASW,CE,Towers with Radar,417,140,183,7,747,0,3,24,0,27,417,143,207,7,774,0,0,0,774
04/14/2023,DAL,TX,ASW,CE,Towers with Radar,415,133,128,3,679,0,3,7,0,10,415,136,135,3,689,0,0,0,689
04/15/2023,DAL,TX,ASW,CE,Towers with Radar,304,101,79,0,484,0,4,13,1,18,304,105,92,1,502,0,0,0,502
04/16/2023,DAL,TX,ASW,CE,Towers with Radar,416,146,128,0,690,0,6,17,0,23,416,152,145,0,713,0,0,0,713
04/17/2023,DAL,TX,ASW,CE,Towers with Radar,420,127,114,5,666,0,6,10,0,16,420,133,124,5,682,0,0,0,682
04/18/2023,DAL,TX,ASW,CE,Towers with Radar,410,141,153,6,710,0,2,19,0,21,410,143,172,6,731,0,0,0,731
04/19/2023,DAL,TX,ASW,CE,Towers with Radar,413,153,147,2,715,0,5,19,0,24,413,158,166,2,739,0,0,0,739
04/20/2023,DAL,TX,ASW,CE,Towers with Radar,359,172,142,3,676,0,3,18,0,21,359,175,160,3,697,0,0,0,697
04/21/2023,DAL,TX,ASW,CE,Towers with Radar,457,178,184,4,823,0,2,12,0,14,457,180,196,4,837,0,0,0,837
04/22/2023,DAL,TX,ASW,CE,Towers with Radar,300,110,68,0,478,0,4,10,1,15,300,114,78,1,493,0,0,0,493
04/23/2023,DAL,TX,ASW,CE,Towers with Radar,422,135,139,3,699,0,5,4,0,9,422,140,143,3,708,0,0,0,708
04/24/2023,DAL,TX,ASW,CE,Towers with Radar,421,133,112,1,667,0,9,27,0,36,421,142,139,1,703,0,0,0,703
04/25/2023,DAL,TX,ASW,CE,Towers with Radar,410,139,143,4,696,0,1,5,0,6,410,140,148,4,702,0,0,0,702
04/26/2023,DAL,TX,ASW,CE,Towers with Radar,350,121,127,3,601,0,0,0,0,0,350,121,127,3,601,0,0,0,601
04/27/2023,DAL,TX,ASW,CE,Towers with Radar,425,141,171,3,740,0,6,10,0,16,425,147,181,3,756,0,0,0,756
04/28/2023,DAL,TX,ASW,CE,Towers with Radar,374,136,123,2,635,0,2,19,0,21,374,138,142,2,656,0,0,0,656
04/29/2023,DAL,TX,ASW,CE,Towers with Radar,307,119,71,1,498,0,2,10,0,12,307,121,81,1,510,0,0,0,510
04/30/2023,DAL,TX,ASW,CE,Towers with Radar,407,153,110,0,670,0,5,12,0,17,407,158,122,0,687,0,0,0,687
05/01/2023,DAL,TX,ASW,CE,Towers with Radar,431,124,127,2,684,0,6,16,0,22,431,130,143,2,706,0,0,0,706
05/02/2023,DAL,TX,ASW,CE,Towers with Radar,415,149,111,0,675,0,7,9,0,16,415,156,120,0,691,0,0,0,691
05/03/2023,DAL,TX,ASW,CE,Towers with Radar,419,178,135,2,734,0,5,17,0,22,419,183,152,2,756,0,0,0,756
05/04/2023,DAL,TX,ASW,CE,Towers with Radar,417,171,130,1,719,0,1,9,0,10,417,172,139,1,729,0,0,0,729
05/05/2023,DAL,TX,ASW,CE,Towers with Radar,421,149,122,0,692,0,2,10,0,12,421,151,132,0,704,0,0,0,704
05/06/2023,DAL,TX,ASW,CE,Towers with Radar,300,102,95,1,498,0,1,8,0,9,300,103,103,1,507,0,0,0,507
05/07/2023,DAL,TX,ASW,CE,Towers with Radar,411,118,123,1,653,0,0,0,0,0,411,118,123,1,653,0,0,0,653
05/08/2023,DAL,TX,ASW,CE,Towers with Radar,414,144,133,0,691,0,7,12,0,19,414,151,145,0,710,0,0,0,710
05/09/2023,DAL,TX,ASW,CE,Towers with Radar,421,133,143,0,697,0,5,10,0,15,421,138,153,0,712,0,0,0,712
05/10/2023,DAL,TX,ASW,CE,Towers with Radar,412,157,135,0,704,0,0,5,0,5,412,157,140,0,709,0,0,0,709
05/11/2023,DAL,TX,ASW,CE,Towers with Radar,426,198,158,0,782,0,2,8,0,10,426,200,166,0,792,0,0,0,792
05/12/2023,DAL,TX,ASW,CE,Towers with Radar,413,186,150,0,749,0,2,11,0,13,413,188,161,0,762,0,0,0,762
05/13/2023,DAL,TX,ASW,CE,Towers with Radar,317,107,70,1,495,0,7,7,0,14,317,114,77,1,509,0,0,0,509
05/14/2023,DAL,TX,ASW,CE,Towers with Radar,412,153,121,3,689,0,2,13,0,15,412,155,134,3,704,0,0,0,704
05/15/2023,DAL,TX,ASW,CE,Towers with Radar,418,147,139,2,706,0,2,21,0,23,418,149,160,2,729,0,0,0,729
05/16/2023,DAL,TX,ASW,CE,Towers with Radar,423,143,117,4,687,0,7,11,0,18,423,150,128,4,705,0,0,0,705
05/17/2023,DAL,TX,ASW,CE,Towers with Radar,417,143,143,3,706,0,4,24,0,28,417,147,167,3,734,0,0,0,734
05/18/2023,DAL,TX,ASW,CE,Towers with Radar,421,172,162,0,755,0,5,21,0,26,421,177,183,0,781,0,0,0,781
05/19/2023,DAL,TX,ASW,CE,Towers with Radar,355,146,131,3,635,0,5,15,4,24,355,151,146,7,659,0,0,0,659
05/20/2023,DAL,TX,ASW,CE,Towers with Radar,350,123,83,1,557,0,3,9,2,14,350,126,92,3,571,0,0,0,571
05/21/2023,DAL,TX,ASW,CE,Towers with Radar,418,138,126,0,682,0,6,13,1,20,418,144,139,1,702,0,0,0,702
05/22/2023,DAL,TX,ASW,CE,Towers with Radar,418,157,135,0,710,0,7,26,0,33,418,164,161,0,743,0,0,0,743
05/23/2023,DAL,TX,ASW,CE,Towers with Radar,413,146,154,0,713,0,8,35,0,43,413,154,189,0,756,0,0,0,756
05/24/2023,DAL,TX,ASW,CE,Towers with Radar,417,168,133,0,718,0,2,11,0,13,417,170,144,0,731,0,0,0,731
05/25/2023,DAL,TX,ASW,CE,Towers with Radar,423,163,137,2,725,0,3,25,3,31,423,166,162,5,756,0,0,0,756
05/26/2023,DAL,TX,ASW,CE,Towers with Radar,419,170,160,1,750,0,11,16,0,27,419,181,176,1,777,0,0,0,777
05/27/2023,DAL,TX,ASW,CE,Towers with Radar,307,110,72,0,489,0,1,11,0,12,307,111,83,0,501,0,0,0,501
05/28/2023,DAL,TX,ASW,CE,Towers with Radar,402,96,53,0,551,0,6,6,0,12,402,102,59,0,563,0,0,0,563
05/29/2023,DAL,TX,ASW,CE,Towers with Radar,416,128,90,1,635,0,3,9,0,12,416,131,99,1,647,0,0,0,647
05/30/2023,DAL,TX,ASW,CE,Towers with Radar,417,119,126,1,663,0,3,8,0,11,417,122,134,1,674,0,0,0,674
05/31/2023,DAL,TX,ASW,CE,Towers with Radar,425,150,122,1,698,0,5,13,0,18,425,155,135,1,716,0,0,0,716
06/01/2023,DAL,TX,ASW,CE,Towers with Radar,418,156,140,2,716,0,5,11,2,18,418,161,151,4,734,0,0,0,734
06/02/2023,DAL,TX,ASW,CE,Towers with Radar,423,125,137,1,686,0,8,15,0,23,423,133,152,1,709,0,0,0,709
06/03/2023,DAL,TX,ASW,CE,Towers with Radar,304,125,86,0,515,0,5,13,0,18,304,130,99,0,533,0,0,0,533
06/04/2023,DAL,TX,ASW,CE,Towers with Radar,428,115,93,1,637,0,11,9,0,20,428,126,102,1,657,0,0,0,657
06/05/2023,DAL,TX,ASW,CE,Towers with Radar,434,122,103,0,659,0,4,15,1,20,434,126,118,1,679,0,0,0,679
06/06/2023,DAL,TX,ASW,CE,Towers with Radar,417,133,114,0,664,0,4,13,1,18,417,137,127,1,682,0,0,0,682
06/07/2023,DAL,TX,ASW,CE,Towers with Radar,410,137,135,0,682,0,0,11,0,11,410,137,146,0,693,0,0,0,693
06/08/2023,DAL,TX,ASW,CE,Towers with Radar,481,177,133,1,792,0,5,3,0,8,481,182,136,1,800,0,0,0,800
06/09/2023,DAL,TX,ASW,CE,Towers with Radar,440,153,117,5,715,0,2,13,1,16,440,155,130,6,731,0,0,0,731
06/10/2023,DAL,TX,ASW,CE,Towers with Radar,292,125,77,0,494,0,3,6,0,9,292,128,83,0,503,0,0,0,503
06/11/2023,DAL,TX,ASW,CE,Towers with Radar,370,133,111,0,614,0,6,8,0,14,370,139,119,0,628,0,0,0,628
06/12/2023,DAL,TX,ASW,CE,Towers with Radar,475,132,122,0,729,0,1,11,0,12,475,133,133,0,741,0,0,0,741
06/13/2023,DAL,TX,ASW,CE,Towers with Radar,441,122,142,2,707,0,0,1,0,1,441,122,143,2,708,0,0,0,708
06/14/2023,DAL,TX,ASW,CE,Towers with Radar,435,152,160,1,748,0,3,4,0,7,435,155,164,1,755,0,0,0,755
06/15/2023,DAL,TX,ASW,CE,Towers with Radar,427,152,160,3,742,0,5,6,0,11,427,157,166,3,753,0,0,0,753
06/16/2023,DAL,TX,ASW,CE,Towers with Radar,443,173,152,1,769,0,3,3,0,6,443,176,155,1,775,0,0,0,775
06/17/2023,DAL,TX,ASW,CE,Towers with Radar,352,98,81,0,531,0,5,6,0,11,352,103,87,0,542,0,0,0,542
06/18/2023,DAL,TX,ASW,CE,Towers with Radar,445,125,102,1,673,0,4,4,0,8,445,129,106,1,681,0,0,0,681
06/19/2023,DAL,TX,ASW,CE,Towers with Radar,428,153,110,2,693,0,0,19,0,19,428,153,129,2,712,0,0,0,712
06/20/2023,DAL,TX,ASW,CE,Towers with Radar,438,117,124,4,683,0,0,9,0,9,438,117,133,4,692,0,0,0,692
06/21/2023,DAL,TX,ASW,CE,Towers with Radar,421,146,140,0,707,0,3,7,1,11,421,149,147,1,718,0,0,0,718
06/22/2023,DAL,TX,ASW,CE,Towers with Radar,447,146,150,1,744,0,4,18,1,23,447,150,168,2,767,0,0,0,767
06/23/2023,DAL,TX,ASW,CE,Towers with Radar,455,142,123,1,721,0,4,10,0,14,455,146,133,1,735,0,0,0,735
06/24/2023,DAL,TX,ASW,CE,Towers with Radar,369,136,68,2,575,0,4,8,0,12,369,140,76,2,587,0,0,0,587
06/25/2023,DAL,TX,ASW,CE,Towers with Radar,423,144,94,2,663,0,10,11,0,21,423,154,105,2,684,0,0,0,684
06/26/2023,DAL,TX,ASW,CE,Towers with Radar,430,134,95,0,659,0,3,5,0,8,430,137,100,0,667,0,0,0,667
06/27/2023,DAL,TX,ASW,CE,Towers with Radar,434,136,131,2,703,0,6,16,0,22,434,142,147,2,725,0,0,0,725
06/28/2023,DAL,TX,ASW,CE,Towers with Radar,433,154,130,2,719,0,14,19,1,34,433,168,149,3,753,0,0,0,753
06/29/2023,DAL,TX,ASW,CE,Towers with Radar,433,179,123,1,736,0,0,9,0,9,433,179,132,1,745,0,0,0,745
06/30/2023,DAL,TX,ASW,CE,Towers with Radar,436,171,139,0,746,0,4,9,0,13,436,175,148,0,759,0,0,0,759
07/01/2023,DAL,TX,ASW,CE,Towers with Radar,369,166,102,1,638,0,9,6,0,15,369,175,108,1,653,0,0,0,653
07/02/2023,DAL,TX,ASW,CE,Towers with Radar,431,139,57,1,628,0,6,3,0,9,431,145,60,1,637,0,0,0,637
07/03/2023,DAL,TX,ASW,CE,Towers with Radar,435,77,58,0,570,0,3,14,0,17,435,80,72,0,587,0,0,0,587
07/04/2023,DAL,TX,ASW,CE,Towers with Radar,427,75,36,0,538,0,7,2,0,9,427,82,38,0,547,0,0,0,547
07/05/2023,DAL,TX,ASW,CE,Towers with Radar,423,124,89,2,638,0,6,13,0,19,423,130,102,2,657,0,0,0,657
07/06/2023,DAL,TX,ASW,CE,Towers with Radar,432,141,112,0,685,0,1,5,0,6,432,142,117,0,691,0,0,0,691
07/07/2023,DAL,TX,ASW,CE,Towers with Radar,441,141,100,1,683,0,6,20,0,26,441,147,120,1,709,0,0,0,709
07/08/2023,DAL,TX,ASW,CE,Towers with Radar,372,100,67,2,541,0,4,12,0,16,372,104,79,2,557,0,0,0,557
07/09/2023,DAL,TX,ASW,CE,Towers with Radar,416,109,102,0,627,0,7,15,0,22,416,116,117,0,649,0,0,0,649
07/10/2023,DAL,TX,ASW,CE,Towers with Radar,449,116,101,0,666,0,1,12,0,13,449,117,113,0,679,0,0,0,679
07/11/2023,DAL,TX,ASW,CE,Towers with Radar,441,129,115,1,686,0,6,6,0,12,441,135,121,1,698,0,0,0,698
07/12/2023,DAL,TX,ASW,CE,Towers with Radar,433,115,106,4,658,0,9,5,1,15,433,124,111,5,673,0,0,0,673
07/13/2023,DAL,TX,ASW,CE,Towers with Radar,442,143,107,3,695,0,7,14,0,21,442,150,121,3,716,0,0,0,716
07/14/2023,DAL,TX,ASW,CE,Towers with Radar,418,136,93,0,647,0,10,17,0,27,418,146,110,0,674,0,0,0,674
07/15/2023,DAL,TX,ASW,CE,Towers with Radar,379,118,54,3,554,0,6,13,0,19,379,124,67,3,573,0,0,0,573
07/16/2023,DAL,TX,ASW,CE,Towers with Radar,420,135,80,1,636,0,6,5,0,11,420,141,85,1,647,0,0,0,647
07/17/2023,DAL,TX,ASW,CE,Towers with Radar,450,127,87,8,672,0,1,10,0,11,450,128,97,8,683,0,0,0,683
07/18/2023,DAL,TX,ASW,CE,Towers with Radar,440,134,118,6,698,0,3,11,0,14,440,137,129,6,712,0,0,0,712
07/19/2023,DAL,TX,ASW,CE,Towers with Radar,433,115,110,0,658,0,2,6,0,8,433,117,116,0,666,0,0,0,666
07/20/2023,DAL,TX,ASW,CE,Towers with Radar,420,130,131,0,681,0,5,20,0,25,420,135,151,0,706,0,0,0,706
07/21/2023,DAL,TX,ASW,CE,Towers with Radar,433,142,97,1,673,0,6,16,0,22,433,148,113,1,695,0,0,0,695
07/22/2023,DAL,TX,ASW,CE,Towers with Radar,372,118,55,5,550,0,12,6,0,18,372,130,61,5,568,0,0,0,568
07/23/2023,DAL,TX,ASW,CE,Towers with Radar,426,128,100,1,655,0,5,15,0,20,426,133,115,1,675,0,0,0,675
07/24/2023,DAL,TX,ASW,CE,Towers with Radar,439,136,109,0,684,0,4,12,0,16,439,140,121,0,700,0,0,0,700
07/25/2023,DAL,TX,ASW,CE,Towers with Radar,425,139,103,2,669,0,4,19,0,23,425,143,122,2,692,0,0,0,692
07/26/2023,DAL,TX,ASW,CE,Towers with Radar,438,134,108,0,680,0,4,7,0,11,438,138,115,0,691,0,0,0,691
07/27/2023,DAL,TX,ASW,CE,Towers with Radar,445,164,135,1,745,0,1,17,0,18,445,165,152,1,763,0,0,0,763
07/28/2023,DAL,TX,ASW,CE,Towers with Radar,433,151,129,2,715,0,5,24,0,29,433,156,153,2,744,0,0,0,744
07/29/2023,DAL,TX,ASW,CE,Towers with Radar,379,148,74,1,602,0,7,10,0,17,379,155,84,1,619,0,0,0,619
07/30/2023,DAL,TX,ASW,CE,Towers with Radar,426,173,128,0,727,0,8,8,0,16,426,181,136,0,743,0,0,0,743
07/31/2023,DAL,TX,ASW,CE,Towers with Radar,436,139,98,0,673,0,1,12,0,13,436,140,110,0,686,0,0,0,686
08/01/2023,DAL,TX,ASW,CE,Towers with Radar,435,135,95,1,666,0,2,4,2,8,435,137,99,3,674,0,0,0,674
08/02/2023,DAL,TX,ASW,CE,Towers with Radar,436,131,97,0,664,0,3,11,0,14,436,134,108,0,678,0,0,0,678
08/03/2023,DAL,TX,ASW,CE,Towers with Radar,428,148,77,0,653,0,4,7,0,11,428,152,84,0,664,0,0,0,664
08/04/2023,DAL,TX,ASW,CE,Towers with Radar,447,170,107,4,728,0,4,8,0,12,447,174,115,4,740,0,0,0,740
08/05/2023,DAL,TX,ASW,CE,Towers with Radar,371,119,74,0,564,0,4,9,0,13,371,123,83,0,577,0,0,0,577
08/06/2023,DAL,TX,ASW,CE,Towers with Radar,413,152,124,3,692,0,8,9,0,17,413,160,133,3,709,0,0,0,709
08/07/2023,DAL,TX,ASW,CE,Towers with Radar,435,151,77,1,664,0,4,10,2,16,435,155,87,3,680,0,0,0,680
08/08/2023,DAL,TX,ASW,CE,Towers with Radar,440,127,76,5,648,0,2,16,0,18,440,129,92,5,666,0,0,0,666
08/09/2023,DAL,TX,ASW,CE,Towers with Radar,431,129,91,8,659,0,3,15,0,18,431,132,106,8,677,0,0,0,677
08/10/2023,DAL,TX,ASW,CE,Towers with Radar,452,167,113,7,739,0,6,10,0,16,452,173,123,7,755,0,0,0,755
08/11/2023,DAL,TX,ASW,CE,Towers with Radar,437,161,107,7,712,0,7,12,0,19,437,168,119,7,731,0,0,0,731
08/12/2023,DAL,TX,ASW,CE,Towers with Radar,369,120,59,0,548,0,11,12,0,23,369,131,71,0,571,0,0,0,571
08/13/2023,DAL,TX,ASW,CE,Towers with Radar,432,142,102,0,676,0,4,10,0,14,432,146,112,0,690,0,0,0,690
08/14/2023,DAL,TX,ASW,CE,Towers with Radar,433,133,87,3,656,0,6,5,2,13,433,139,92,5,669,0,0,0,669
08/15/2023,DAL,TX,ASW,CE,Towers with Radar,447,154,113,1,715,0,7,17,0,24,447,161,130,1,739,0,0,0,739
08/16/2023,DAL,TX,ASW,CE,Towers with Radar,440,129,127,11,707,0,5,23,0,28,440,134,150,11,735,0,0,0,735
08/17/2023,DAL,TX,ASW,CE,Towers with Radar,442,181,140,1,764,0,2,21,2,25,442,183,161,3,789,0,0,0,789
08/18/2023,DAL,TX,ASW,CE,Towers with Radar,435,176,98,4,713,0,3,12,0,15,435,179,110,4,728,0,0,0,728
08/19/2023,DAL,TX,ASW,CE,Towers with Radar,357,119,58,3,537,0,3,7,0,10,357,122,65,3,547,0,0,0,547
08/20/2023,DAL,TX,ASW,CE,Towers with Radar,415,174,91,0,680,0,2,11,0,13,415,176,102,0,693,0,0,0,693
08/21/2023,DAL,TX,ASW,CE,Towers with Radar,429,138,89,6,662,0,3,16,2,21,429,141,105,8,683,0,0,0,683
08/22/2023,DAL,TX,ASW,CE,Towers with Radar,450,143,95,3,691,0,3,8,0,11,450,146,103,3,702,0,0,0,702
08/23/2023,DAL,TX,ASW,CE,Towers with Radar,439,148,103,4,694,0,5,7,0,12,439,153,110,4,706,0,0,0,706
08/24/2023,DAL,TX,ASW,CE,Towers with Radar,443,144,121,4,712,0,2,21,0,23,443,146,142,4,735,0,0,0,735
08/25/2023,DAL,TX,ASW,CE,Towers with Radar,442,143,118,4,707,0,6,15,0,21,442,149,133,4,728,0,0,0,728
08/26/2023,DAL,TX,ASW,CE,Towers with Radar,363,114,81,3,561,0,5,18,1,24,363,119,99,4,585,0,0,0,585
08/27/2023,DAL,TX,ASW,CE,Towers with Radar,447,129,96,0,672,0,9,10,0,19,447,138,106,0,691,0,0,0,691
08/28/2023,DAL,TX,ASW,CE,Towers with Radar,444,144,87,1,676,0,4,17,0,21,444,148,104,1,697,0,0,0,697
08/29/2023,DAL,TX,ASW,CE,Towers with Radar,432,118,105,1,656,0,4,20,0,24,432,122,125,1,680,0,0,0,680
08/30/2023,DAL,TX,ASW,CE,Towers with Radar,428,124,89,0,641,0,11,18,0,29,428,135,107,0,670,0,0,0,670
08/31/2023,DAL,TX,ASW,CE,Towers with Radar,447,171,127,0,745,0,3,19,0,22,447,174,146,0,767,0,0,0,767
