01/01/2020,DEC,IL,AGL,CE,Federal Contract Tower,0,12,3,0,15,0,0,30,0,30,0,12,33,0,45,66,0,66,111
01/02/2020,DEC,IL,AGL,CE,Federal Contract Tower,0,18,2,0,20,0,0,18,9,27,0,18,20,9,47,54,24,78,125
01/03/2020,DEC,IL,AGL,CE,Federal Contract Tower,0,16,4,2,22,0,0,6,0,6,0,16,10,2,28,12,0,12,40
01/04/2020,DEC,IL,AGL,CE,Federal Contract Tower,0,12,0,0,12,0,0,5,0,5,0,12,5,0,17,34,0,34,51
01/05/2020,DEC,IL,AGL,CE,Federal Contract Tower,0,5,8,0,13,0,1,17,0,18,0,6,25,0,31,52,0,52,83
01/06/2020,DEC,IL,AGL,CE,Federal Contract Tower,0,14,3,0,17,0,0,31,1,32,0,14,34,1,49,78,0,78,127
01/07/2020,DEC,IL,AGL,CE,Federal Contract Tower,0,15,4,0,19,0,0,37,29,66,0,15,41,29,85,38,52,90,175
01/08/2020,DEC,IL,AGL,CE,Federal Contract Tower,0,12,6,0,18,0,2,27,15,44,0,14,33,15,62,46,30,76,138
01/09/2020,DEC,IL,AGL,CE,Federal Contract Tower,0,15,4,0,19,0,1,13,13,27,0,16,17,13,46,16,31,47,93
01/10/2020,DEC,IL,AGL,CE,Federal Contract Tower,0,14,10,0,24,0,0,4,0,4,0,14,14,0,28,17,0,17,45
01/11/2020,DEC,IL,AGL,CE,Federal Contract Tower,0,8,0,0,8,0,0,0,0,0,0,8,0,0,8,0,0,0,8
01/12/2020,DEC,IL,AGL,CE,Federal Contract Tower,0,8,2,0,10,0,0,4,0,4,0,8,6,0,14,8,0,8,22
01/13/2020,DEC,IL,AGL,CE,Federal Contract Tower,0,12,3,0,15,0,0,17,0,17,0,12,20,0,32,33,0,33,65
01/14/2020,DEC,IL,AGL,CE,Federal Contract Tower,0,13,5,1,19,0,0,3,6,9,0,13,8,7,28,8,32,40,68
01/15/2020,DEC,IL,AGL,CE,Federal Contract Tower,0,12,13,3,28,0,0,0,0,0,0,12,13,3,28,0,0,0,28
01/16/2020,DEC,IL,AGL,CE,Federal Contract Tower,0,14,9,2,25,0,0,22,20,42,0,14,31,22,67,47,44,91,158
01/17/2020,DEC,IL,AGL,CE,Federal Contract Tower,0,7,2,0,9,0,0,18,6,24,0,7,20,6,33,31,18,49,82
01/18/2020,DEC,IL,AGL,CE,Federal Contract Tower,0,8,0,0,8,0,0,2,0,2,0,8,2,0,10,0,0,0,10
01/19/2020,DEC,IL,AGL,CE,Federal Contract Tower,0,6,1,0,7,0,0,10,0,10,0,6,11,0,17,20,0,20,37
01/20/2020,DEC,IL,AGL,CE,Federal Contract Tower,0,14,2,0,16,0,0,17,0,17,0,14,19,0,33,17,0,17,50
01/21/2020,DEC,IL,AGL,CE,Federal Contract Tower,0,15,3,4,22,0,1,24,9,34,0,16,27,13,56,35,13,48,104
01/22/2020,DEC,IL,AGL,CE,Federal Contract Tower,0,13,1,1,15,0,0,37,13,50,0,13,38,14,65,40,28,68,133
01/23/2020,DEC,IL,AGL,CE,Federal Contract Tower,0,10,2,0,12,0,0,0,0,0,0,10,2,0,12,0,0,0,12
01/24/2020,DEC,IL,AGL,CE,Federal Contract Tower,0,12,4,0,16,0,0,0,0,0,0,12,4,0,16,0,0,0,16
01/25/2020,DEC,IL,AGL,CE,Federal Contract Tower,0,10,0,0,10,0,0,8,0,8,0,10,8,0,18,21,0,21,39
01/26/2020,DEC,IL,AGL,CE,Federal Contract Tower,0,7,9,0,16,0,0,24,4,28,0,7,33,4,44,36,0,36,80
01/27/2020,DEC,IL,AGL,CE,Federal Contract Tower,0,17,4,0,21,0,0,0,0,0,0,17,4,0,21,0,0,0,21
01/28/2020,DEC,IL,AGL,CE,Federal Contract Tower,0,21,3,0,24,0,0,3,0,3,0,21,6,0,27,34,0,34,61
01/29/2020,DEC,IL,AGL,CE,Federal Contract Tower,0,16,1,0,17,0,0,20,10,30,0,16,21,10,47,31,16,47,94
01/30/2020,DEC,IL,AGL,CE,Federal Contract Tower,0,17,3,0,20,0,0,22,20,42,0,17,25,20,62,39,26,65,127
01/31/2020,DEC,IL,AGL,CE,Federal Contract Tower,0,24,0,0,24,0,0,7,3,10,0,24,7,3,34,15,8,23,57
02/01/2020,DEC,IL,AGL,CE,Federal Contract Tower,0,9,5,0,14,0,0,0,6,6,0,9,5,6,20,0,0,0,20
02/02/2020,DEC,IL,AGL,CE,Federal Contract Tower,0,7,9,0,16,0,0,44,0,44,0,7,53,0,60,52,0,52,112
02/03/2020,DEC,IL,AGL,CE,Federal Contract Tower,0,10,2,2,14,0,1,32,10,43,0,11,34,12,57,42,18,60,117
02/04/2020,DEC,IL,AGL,CE,Federal Contract Tower,0,14,2,0,16,0,0,11,6,17,0,14,13,6,33,20,12,32,65
02/06/2020,DEC,IL,AGL,CE,Federal Contract Tower,0,15,2,0,17,0,0,5,16,21,0,15,7,16,38,8,83,91,129
02/07/2020,DEC,IL,AGL,CE,Federal Contract Tower,0,15,1,0,16,0,0,17,5,22,0,15,18,5,38,27,4,31,69
02/08/2020,DEC,IL,AGL,CE,Federal Contract Tower,0,11,12,0,23,0,0,1,16,17,0,11,13,16,40,0,44,44,84
02/09/2020,DEC,IL,AGL,CE,Federal Contract Tower,0,6,2,1,9,0,0,7,2,9,0,6,9,3,18,16,0,16,34
02/10/2020,DEC,IL,AGL,CE,Federal Contract Tower,0,10,0,0,10,0,0,17,4,21,0,10,17,4,31,34,12,46,77
02/11/2020,DEC,IL,AGL,CE,Federal Contract Tower,0,15,4,6,25,0,0,39,16,55,0,15,43,22,80,48,34,82,162
02/13/2020,DEC,IL,AGL,CE,Federal Contract Tower,0,17,1,2,20,0,0,3,2,5,0,17,4,4,25,4,11,15,40
02/14/2020,DEC,IL,AGL,CE,Federal Contract Tower,0,14,4,1,19,0,1,18,8,27,0,15,22,9,46,34,14,48,94
02/15/2020,DEC,IL,AGL,CE,Federal Contract Tower,0,9,1,0,10,0,0,22,4,26,0,9,23,4,36,48,0,48,84
02/16/2020,DEC,IL,AGL,CE,Federal Contract Tower,0,7,6,0,13,0,0,24,0,24,0,7,30,0,37,46,0,46,83
02/17/2020,DEC,IL,AGL,CE,Federal Contract Tower,0,12,14,2,28,0,0,8,4,12,0,12,22,6,40,22,0,22,62
02/18/2020,DEC,IL,AGL,CE,Federal Contract Tower,0,17,4,0,21,0,0,29,12,41,0,17,33,12,62,52,32,84,146
02/19/2020,DEC,IL,AGL,CE,Federal Contract Tower,0,12,6,2,20,0,0,32,12,44,0,12,38,14,64,32,32,64,128
02/20/2020,DEC,IL,AGL,CE,Federal Contract Tower,0,13,5,3,21,0,0,24,17,41,0,13,29,20,62,43,56,99,161
02/21/2020,DEC,IL,AGL,CE,Federal Contract Tower,0,14,9,1,24,0,1,26,3,30,0,15,35,4,54,36,8,44,98
02/22/2020,DEC,IL,AGL,CE,Federal Contract Tower,0,9,11,0,20,0,1,31,1,33,0,10,42,1,53,54,0,54,107
02/23/2020,DEC,IL,AGL,CE,Federal Contract Tower,0,8,3,0,11,0,0,27,0,27,0,8,30,0,38,76,0,76,114
02/24/2020,DEC,IL,AGL,CE,Federal Contract Tower,0,13,10,0,23,0,0,0,0,0,0,13,10,0,23,0,0,0,23
02/25/2020,DEC,IL,AGL,CE,Federal Contract Tower,2,8,3,0,13,0,0,0,0,0,2,8,3,0,13,0,0,0,13
02/26/2020,DEC,IL,AGL,CE,Federal Contract Tower,0,13,4,0,17,0,0,9,6,15,0,13,13,6,32,42,33,75,107
02/27/2020,DEC,IL,AGL,CE,Federal Contract Tower,0,12,5,0,17,0,0,18,15,33,0,12,23,15,50,43,61,104,154
02/28/2020,DEC,IL,AGL,CE,Federal Contract Tower,0,15,4,0,19,0,1,13,13,27,0,16,17,13,46,29,18,47,93
02/29/2020,DEC,IL,AGL,CE,Federal Contract Tower,0,10,0,0,10,0,0,31,0,31,0,10,31,0,41,84,0,84,125
03/01/2020,DEC,IL,AGL,CE,Federal Contract Tower,0,5,10,0,15,0,1,22,0,23,0,6,32,0,38,40,0,40,78
03/02/2020,DEC,IL,AGL,CE,Federal Contract Tower,0,16,7,0,23,0,1,31,7,39,0,17,38,7,62,56,16,72,134
03/03/2020,DEC,IL,AGL,CE,Federal Contract Tower,0,14,6,4,24,0,0,31,11,42,0,14,37,15,66,53,56,109,175
03/04/2020,DEC,IL,AGL,CE,Federal Contract Tower,0,11,15,0,26,0,3,36,7,46,0,14,51,7,72,52,13,65,137
03/05/2020,DEC,IL,AGL,CE,Federal Contract Tower,3,2,4,0,9,0,1,23,8,32,3,3,27,8,41,31,24,55,96
03/06/2020,DEC,IL,AGL,CE,Federal Contract Tower,3,1,4,0,8,0,0,21,11,32,3,1,25,11,40,29,16,45,85
03/07/2020,DEC,IL,AGL,CE,Federal Contract Tower,1,2,2,0,5,0,0,34,0,34,1,2,36,0,39,82,0,82,121
03/08/2020,DEC,IL,AGL,CE,Federal Contract Tower,4,3,8,0,15,0,0,23,2,25,4,3,31,2,40,21,0,21,61
03/09/2020,DEC,IL,AGL,CE,Federal Contract Tower,4,1,0,0,5,0,0,16,0,16,4,1,16,0,21,34,0,34,55
03/10/2020,DEC,IL,AGL,CE,Federal Contract Tower,2,2,0,11,15,0,0,0,0,0,2,2,0,11,15,0,0,0,15
03/11/2020,DEC,IL,AGL,CE,Federal Contract Tower,4,0,1,4,9,0,0,13,3,16,4,0,14,7,25,34,16,50,75
03/13/2020,DEC,IL,AGL,CE,Federal Contract Tower,3,2,4,1,10,0,0,23,5,28,3,2,27,6,38,44,16,60,98
03/14/2020,DEC,IL,AGL,CE,Federal Contract Tower,1,2,0,0,3,0,0,13,10,23,1,2,13,10,26,20,0,20,46
03/15/2020,DEC,IL,AGL,CE,Federal Contract Tower,3,0,11,0,14,0,0,18,0,18,3,0,29,0,32,40,0,40,72
03/16/2020,DEC,IL,AGL,CE,Federal Contract Tower,4,3,2,0,9,0,0,17,0,17,4,3,19,0,26,44,0,44,70
03/17/2020,DEC,IL,AGL,CE,Federal Contract Tower,1,1,6,0,8,0,0,33,8,41,1,1,39,8,49,50,16,66,115
03/18/2020,DEC,IL,AGL,CE,Federal Contract Tower,3,1,3,2,9,0,0,8,0,8,3,1,11,2,17,7,0,7,24
03/19/2020,DEC,IL,AGL,CE,Federal Contract Tower,3,3,0,0,6,0,0,0,0,0,3,3,0,0,6,0,0,0,6
03/20/2020,DEC,IL,AGL,CE,Federal Contract Tower,3,2,0,0,5,0,0,7,0,7,3,2,7,0,12,16,0,16,28
03/21/2020,DEC,IL,AGL,CE,Federal Contract Tower,1,5,12,0,18,0,0,17,0,17,1,5,29,0,35,30,0,30,65
03/22/2020,DEC,IL,AGL,CE,Federal Contract Tower,1,1,0,0,2,0,0,5,0,5,1,1,5,0,7,10,0,10,17
03/23/2020,DEC,IL,AGL,CE,Federal Contract Tower,2,2,0,0,4,0,0,4,0,4,2,2,4,0,8,50,0,50,58
03/24/2020,DEC,IL,AGL,CE,Federal Contract Tower,0,3,2,0,5,0,0,4,0,4,0,3,6,0,9,22,0,22,31
03/25/2020,DEC,IL,AGL,CE,Federal Contract Tower,4,2,4,3,13,0,0,18,0,18,4,2,22,3,31,33,0,33,64
03/26/2020,DEC,IL,AGL,CE,Federal Contract Tower,4,2,1,0,7,0,0,18,0,18,4,2,19,0,25,51,0,51,76
03/27/2020,DEC,IL,AGL,CE,Federal Contract Tower,3,1,3,2,9,0,0,0,0,0,3,1,3,2,9,0,0,0,9
03/28/2020,DEC,IL,AGL,CE,Federal Contract Tower,2,2,8,0,12,0,0,16,0,16,2,2,24,0,28,41,0,41,69
03/29/2020,DEC,IL,AGL,CE,Federal Contract Tower,4,2,2,0,8,0,0,14,0,14,4,2,16,0,22,26,0,26,48
03/30/2020,DEC,IL,AGL,CE,Federal Contract Tower,5,2,2,0,9,0,0,42,0,42,5,2,44,0,51,62,0,62,113
03/31/2020,DEC,IL,AGL,CE,Federal Contract Tower,4,1,10,0,15,0,0,32,0,32,4,1,42,0,47,50,0,50,97
04/01/2020,DEC,IL,AGL,CE,Federal Contract Tower,4,0,0,0,4,0,0,46,0,46,4,0,46,0,50,47,0,47,97
04/02/2020,DEC,IL,AGL,CE,Federal Contract Tower,4,3,6,0,13,0,0,42,0,42,4,3,48,0,55,53,0,53,108
04/03/2020,DEC,IL,AGL,CE,Federal Contract Tower,5,0,2,2,9,0,0,29,0,29,5,0,31,2,38,28,0,28,66
04/04/2020,DEC,IL,AGL,CE,Federal Contract Tower,2,1,6,0,9,0,0,7,0,7,2,1,13,0,16,22,0,22,38
04/05/2020,DEC,IL,AGL,CE,Federal Contract Tower,4,0,3,0,7,0,0,40,0,40,4,0,43,0,47,60,0,60,107
04/06/2020,DEC,IL,AGL,CE,Federal Contract Tower,4,0,2,3,9,0,0,16,8,24,4,0,18,11,33,44,3,47,80
04/07/2020,DEC,IL,AGL,CE,Federal Contract Tower,2,1,4,5,12,0,0,24,3,27,2,1,28,8,39,62,8,70,109
04/08/2020,DEC,IL,AGL,CE,Federal Contract Tower,3,1,2,2,8,0,0,23,0,23,3,1,25,2,31,39,0,39,70
04/09/2020,DEC,IL,AGL,CE,Federal Contract Tower,3,4,2,0,9,0,0,20,1,21,3,4,22,1,30,40,0,40,70
04/10/2020,DEC,IL,AGL,CE,Federal Contract Tower,4,2,0,4,10,0,0,22,0,22,4,2,22,4,32,23,0,23,55
04/11/2020,DEC,IL,AGL,CE,Federal Contract Tower,2,1,0,0,3,0,1,20,2,23,2,2,20,2,26,21,0,21,47
04/12/2020,DEC,IL,AGL,CE,Federal Contract Tower,4,0,0,0,4,0,0,9,0,9,4,0,9,0,13,6,0,6,19
04/13/2020,DEC,IL,AGL,CE,Federal Contract Tower,4,0,0,0,4,0,0,15,0,15,4,0,15,0,19,18,0,18,37
04/14/2020,DEC,IL,AGL,CE,Federal Contract Tower,2,1,0,0,3,0,0,18,2,20,2,1,18,2,23,38,26,64,87
04/15/2020,DEC,IL,AGL,CE,Federal Contract Tower,4,1,3,2,10,0,0,24,1,25,4,1,27,3,35,26,10,36,71
04/16/2020,DEC,IL,AGL,CE,Federal Contract Tower,4,5,0,0,9,0,0,20,0,20,4,5,20,0,29,31,0,31,60
04/17/2020,DEC,IL,AGL,CE,Federal Contract Tower,4,1,2,2,9,0,0,8,0,8,4,1,10,2,17,16,0,16,33
04/18/2020,DEC,IL,AGL,CE,Federal Contract Tower,2,2,0,0,4,0,0,16,0,16,2,2,16,0,20,31,0,31,51
04/19/2020,DEC,IL,AGL,CE,Federal Contract Tower,4,0,5,0,9,0,0,20,0,20,4,0,25,0,29,48,0,48,77
04/20/2020,DEC,IL,AGL,CE,Federal Contract Tower,0,4,0,0,4,0,0,19,0,19,0,4,19,0,23,12,0,12,35
04/21/2020,DEC,IL,AGL,CE,Federal Contract Tower,2,4,3,2,11,0,0,15,7,22,2,4,18,9,33,12,0,12,45
04/22/2020,DEC,IL,AGL,CE,Federal Contract Tower,4,1,4,2,11,0,0,11,2,13,4,1,15,4,24,28,0,28,52
04/23/2020,DEC,IL,AGL,CE,Federal Contract Tower,4,1,2,0,7,0,0,8,0,8,4,1,10,0,15,17,0,17,32
04/24/2020,DEC,IL,AGL,CE,Federal Contract Tower,4,0,2,0,6,0,0,7,0,7,4,0,9,0,13,11,0,11,24
04/25/2020,DEC,IL,AGL,CE,Federal Contract Tower,2,4,4,0,10,0,0,0,0,0,2,4,4,0,10,0,0,0,10
04/26/2020,DEC,IL,AGL,CE,Federal Contract Tower,4,0,14,0,18,0,0,28,0,28,4,0,42,0,46,40,0,40,86
04/27/2020,DEC,IL,AGL,CE,Federal Contract Tower,4,3,0,0,7,0,0,21,0,21,4,3,21,0,28,29,0,29,57
04/28/2020,DEC,IL,AGL,CE,Federal Contract Tower,2,3,0,0,5,0,0,15,0,15,2,3,15,0,20,23,0,23,43
04/29/2020,DEC,IL,AGL,CE,Federal Contract Tower,4,4,0,2,10,0,0,4,0,4,4,4,4,2,14,4,0,4,18
04/30/2020,DEC,IL,AGL,CE,Federal Contract Tower,2,5,1,2,10,0,0,6,2,8,2,5,7,4,18,7,0,7,25
05/01/2020,DEC,IL,AGL,CE,Federal Contract Tower,2,1,8,0,11,0,0,25,0,25,2,1,33,0,36,7,0,7,43
05/02/2020,DEC,IL,AGL,CE,Federal Contract Tower,2,1,2,0,5,0,0,30,0,30,2,1,32,0,35,42,0,42,77
05/03/2020,DEC,IL,AGL,CE,Federal Contract Tower,3,0,1,0,4,0,0,14,0,14,3,0,15,0,18,22,0,22,40
05/04/2020,DEC,IL,AGL,CE,Federal Contract Tower,3,1,0,0,4,0,0,17,2,19,3,1,17,2,23,16,0,16,39
05/05/2020,DEC,IL,AGL,CE,Federal Contract Tower,0,1,6,2,9,0,0,0,3,3,0,1,6,5,12,19,0,19,31
05/06/2020,DEC,IL,AGL,CE,Federal Contract Tower,2,8,0,4,14,0,0,10,0,10,2,8,10,4,24,12,0,12,36
05/07/2020,DEC,IL,AGL,CE,Federal Contract Tower,2,1,0,0,3,0,0,13,8,21,2,1,13,8,24,19,26,45,69
05/08/2020,DEC,IL,AGL,CE,Federal Contract Tower,3,2,0,0,5,0,0,9,0,9,3,2,9,0,14,7,0,7,21
05/09/2020,DEC,IL,AGL,CE,Federal Contract Tower,2,3,1,0,6,0,0,33,0,33,2,3,34,0,39,50,0,50,89
05/10/2020,DEC,IL,AGL,CE,Federal Contract Tower,3,2,0,0,5,0,0,8,0,8,3,2,8,0,13,6,0,6,19
05/11/2020,DEC,IL,AGL,CE,Federal Contract Tower,2,0,2,2,6,0,0,19,0,19,2,0,21,2,25,33,0,33,58
05/12/2020,DEC,IL,AGL,CE,Federal Contract Tower,2,1,0,2,5,0,0,26,10,36,2,1,26,12,41,21,7,28,69
05/13/2020,DEC,IL,AGL,CE,Federal Contract Tower,2,2,0,0,4,0,0,11,6,17,2,2,11,6,21,34,14,48,69
05/14/2020,DEC,IL,AGL,CE,Federal Contract Tower,2,1,0,0,3,0,0,6,4,10,2,1,6,4,13,15,0,15,28
05/15/2020,DEC,IL,AGL,CE,Federal Contract Tower,2,1,0,0,3,0,0,11,3,14,2,1,11,3,17,30,18,48,65
05/16/2020,DEC,IL,AGL,CE,Federal Contract Tower,2,2,8,0,12,0,0,22,2,24,2,2,30,2,36,28,4,32,68
05/17/2020,DEC,IL,AGL,CE,Federal Contract Tower,0,2,0,0,2,0,0,4,0,4,0,2,4,0,6,16,0,16,22
05/18/2020,DEC,IL,AGL,CE,Federal Contract Tower,2,0,3,0,5,0,0,13,0,13,2,0,16,0,18,22,0,22,40
05/19/2020,DEC,IL,AGL,CE,Federal Contract Tower,2,1,9,0,12,0,0,6,2,8,2,1,15,2,20,11,38,49,69
05/20/2020,DEC,IL,AGL,CE,Federal Contract Tower,2,2,3,4,11,0,0,10,0,10,2,2,13,4,21,12,0,12,33
05/21/2020,DEC,IL,AGL,CE,Federal Contract Tower,2,1,1,12,16,0,0,26,21,47,2,1,27,33,63,59,60,119,182
05/22/2020,DEC,IL,AGL,CE,Federal Contract Tower,2,1,4,0,7,0,0,46,0,46,2,1,50,0,53,70,0,70,123
05/23/2020,DEC,IL,AGL,CE,Federal Contract Tower,2,1,1,0,4,0,1,33,0,34,2,2,34,0,38,34,0,34,72
05/24/2020,DEC,IL,AGL,CE,Federal Contract Tower,2,0,8,0,10,0,0,21,0,21,2,0,29,0,31,34,0,34,65
05/25/2020,DEC,IL,AGL,CE,Federal Contract Tower,2,0,2,0,4,0,0,24,0,24,2,0,26,0,28,33,0,33,61
05/26/2020,DEC,IL,AGL,CE,Federal Contract Tower,2,1,1,0,4,0,0,20,3,23,2,1,21,3,27,48,11,59,86
05/27/2020,DEC,IL,AGL,CE,Federal Contract Tower,2,1,8,2,13,0,0,19,3,22,2,1,27,5,35,14,5,19,54
05/28/2020,DEC,IL,AGL,CE,Federal Contract Tower,2,5,2,0,9,0,0,14,9,23,2,5,16,9,32,44,48,92,124
05/29/2020,DEC,IL,AGL,CE,Federal Contract Tower,3,2,6,1,12,0,0,39,2,41,3,2,45,3,53,61,0,61,114
05/30/2020,DEC,IL,AGL,CE,Federal Contract Tower,2,2,0,1,5,0,0,30,1,31,2,2,30,2,36,63,14,77,113
05/31/2020,DEC,IL,AGL,CE,Federal Contract Tower,0,2,8,0,10,0,0,38,0,38,0,2,46,0,48,58,0,58,106
06/01/2020,DEC,IL,AGL,CE,Federal Contract Tower,2,1,2,0,5,0,0,23,0,23,2,1,25,0,28,50,0,50,78
06/02/2020,DEC,IL,AGL,CE,Federal Contract Tower,2,3,2,2,9,0,0,19,5,24,2,3,21,7,33,39,9,48,81
06/03/2020,DEC,IL,AGL,CE,Federal Contract Tower,2,1,1,0,4,0,0,10,3,13,2,1,11,3,17,33,11,44,61
06/04/2020,DEC,IL,AGL,CE,Federal Contract Tower,2,5,0,0,7,0,0,20,7,27,2,5,20,7,34,22,10,32,66
06/05/2020,DEC,IL,AGL,CE,Federal Contract Tower,2,1,0,2,5,0,0,14,0,14,2,1,14,2,19,33,0,33,52
06/06/2020,DEC,IL,AGL,CE,Federal Contract Tower,2,3,3,0,8,0,0,33,0,33,2,3,36,0,41,54,0,54,95
06/07/2020,DEC,IL,AGL,CE,Federal Contract Tower,2,0,6,4,12,0,0,25,2,27,2,0,31,6,39,40,8,48,87
06/08/2020,DEC,IL,AGL,CE,Federal Contract Tower,2,2,1,0,5,0,0,85,0,85,2,2,86,0,90,38,0,38,128
06/09/2020,DEC,IL,AGL,CE,Federal Contract Tower,2,4,0,0,6,0,0,8,0,8,2,4,8,0,14,8,0,8,22
06/10/2020,DEC,IL,AGL,CE,Federal Contract Tower,2,2,2,2,8,0,0,10,6,16,2,2,12,8,24,16,23,39,63
06/11/2020,DEC,IL,AGL,CE,Federal Contract Tower,2,3,3,2,10,0,1,24,5,30,2,4,27,7,40,52,0,52,92
06/12/2020,DEC,IL,AGL,CE,Federal Contract Tower,2,3,1,0,6,0,0,30,0,30,2,3,31,0,36,50,0,50,86
06/13/2020,DEC,IL,AGL,CE,Federal Contract Tower,2,3,1,0,6,0,1,25,0,26,2,4,26,0,32,42,0,42,74
06/14/2020,DEC,IL,AGL,CE,Federal Contract Tower,2,0,0,0,2,0,0,21,0,21,2,0,21,0,23,46,0,46,69
06/15/2020,DEC,IL,AGL,CE,Federal Contract Tower,2,1,2,0,5,0,0,29,0,29,2,1,31,0,34,44,0,44,78
06/16/2020,DEC,IL,AGL,CE,Federal Contract Tower,2,4,2,0,8,0,0,44,9,53,2,4,46,9,61,29,29,58,119
06/17/2020,DEC,IL,AGL,CE,Federal Contract Tower,2,3,6,2,13,0,0,28,7,35,2,3,34,9,48,59,7,66,114
06/18/2020,DEC,IL,AGL,CE,Federal Contract Tower,2,1,5,1,9,0,0,23,3,26,2,1,28,4,35,54,4,58,93
06/19/2020,DEC,IL,AGL,CE,Federal Contract Tower,2,1,1,0,4,0,0,35,0,35,2,1,36,0,39,63,0,63,102
06/20/2020,DEC,IL,AGL,CE,Federal Contract Tower,0,4,1,0,5,0,0,20,0,20,0,4,21,0,25,33,0,33,58
06/21/2020,DEC,IL,AGL,CE,Federal Contract Tower,2,2,0,0,4,0,0,19,0,19,2,2,19,0,23,39,0,39,62
06/22/2020,DEC,IL,AGL,CE,Federal Contract Tower,2,0,6,0,8,0,0,26,1,27,2,0,32,1,35,74,3,77,112
06/23/2020,DEC,IL,AGL,CE,Federal Contract Tower,2,2,11,0,15,0,0,44,4,48,2,2,55,4,63,118,6,124,187
06/24/2020,DEC,IL,AGL,CE,Federal Contract Tower,2,2,0,0,4,0,0,27,8,35,2,2,27,8,39,34,8,42,81
06/25/2020,DEC,IL,AGL,CE,Federal Contract Tower,2,1,5,0,8,0,0,27,10,37,2,1,32,10,45,42,4,46,91
06/26/2020,DEC,IL,AGL,CE,Federal Contract Tower,2,1,2,0,5,0,0,20,3,23,2,1,22,3,28,37,0,37,65
06/27/2020,DEC,IL,AGL,CE,Federal Contract Tower,2,1,2,0,5,0,0,12,0,12,2,1,14,0,17,26,0,26,43
06/28/2020,DEC,IL,AGL,CE,Federal Contract Tower,2,0,6,0,8,0,0,20,0,20,2,0,26,0,28,95,0,95,123
06/29/2020,DEC,IL,AGL,CE,Federal Contract Tower,2,0,1,0,3,0,0,36,0,36,2,0,37,0,39,45,0,45,84
06/30/2020,DEC,IL,AGL,CE,Federal Contract Tower,2,3,0,0,5,0,0,24,8,32,2,3,24,8,37,43,12,55,92
07/01/2020,DEC,IL,AGL,CE,Federal Contract Tower,2,7,2,4,15,0,0,24,6,30,2,7,26,10,45,27,22,49,94
07/02/2020,DEC,IL,AGL,CE,Federal Contract Tower,2,1,6,0,9,0,0,19,2,21,2,1,25,2,30,39,0,39,69
07/03/2020,DEC,IL,AGL,CE,Federal Contract Tower,2,3,3,0,8,0,0,27,0,27,2,3,30,0,35,42,0,42,77
07/04/2020,DEC,IL,AGL,CE,Federal Contract Tower,2,0,0,0,2,0,0,31,0,31,2,0,31,0,33,44,0,44,77
07/05/2020,DEC,IL,AGL,CE,Federal Contract Tower,2,0,1,0,3,0,0,25,0,25,2,0,26,0,28,46,0,46,74
07/06/2020,DEC,IL,AGL,CE,Federal Contract Tower,3,0,2,0,5,0,0,35,0,35,3,0,37,0,40,45,0,45,85
07/07/2020,DEC,IL,AGL,CE,Federal Contract Tower,1,1,4,0,6,0,0,35,2,37,1,1,39,2,43,33,10,43,86
07/08/2020,DEC,IL,AGL,CE,Federal Contract Tower,4,3,4,1,12,0,0,20,4,24,4,3,24,5,36,20,0,20,56
07/09/2020,DEC,IL,AGL,CE,Federal Contract Tower,4,2,3,0,9,0,0,24,1,25,4,2,27,1,34,32,0,32,66
07/10/2020,DEC,IL,AGL,CE,Federal Contract Tower,2,1,4,3,10,0,0,21,3,24,2,1,25,6,34,85,0,85,119
07/11/2020,DEC,IL,AGL,CE,Federal Contract Tower,2,0,2,0,4,0,0,29,0,29,2,0,31,0,33,56,0,56,89
07/12/2020,DEC,IL,AGL,CE,Federal Contract Tower,3,1,3,1,8,0,0,56,2,58,3,1,59,3,66,42,4,46,112
07/13/2020,DEC,IL,AGL,CE,Federal Contract Tower,4,0,1,0,5,0,0,136,0,136,4,0,137,0,141,58,0,58,199
07/14/2020,DEC,IL,AGL,CE,Federal Contract Tower,2,1,7,0,10,0,0,122,6,128,2,1,129,6,138,30,4,34,172
07/15/2020,DEC,IL,AGL,CE,Federal Contract Tower,4,2,1,0,7,0,0,65,5,70,4,2,66,5,77,8,0,8,85
07/16/2020,DEC,IL,AGL,CE,Federal Contract Tower,4,2,8,0,14,0,0,73,7,80,4,2,81,7,94,46,4,50,144
07/17/2020,DEC,IL,AGL,CE,Federal Contract Tower,4,1,5,0,10,0,0,67,1,68,4,1,72,1,78,67,0,67,145
07/18/2020,DEC,IL,AGL,CE,Federal Contract Tower,2,1,6,0,9,0,1,61,0,62,2,2,67,0,71,47,0,47,118
07/19/2020,DEC,IL,AGL,CE,Federal Contract Tower,4,0,5,0,9,0,0,58,1,59,4,0,63,1,68,32,0,32,100
07/20/2020,DEC,IL,AGL,CE,Federal Contract Tower,4,0,3,5,12,0,0,155,5,160,4,0,158,10,172,36,16,52,224
07/21/2020,DEC,IL,AGL,CE,Federal Contract Tower,2,1,3,2,8,0,0,55,1,56,2,1,58,3,64,14,0,14,78
07/22/2020,DEC,IL,AGL,CE,Federal Contract Tower,4,1,10,1,16,0,0,80,3,83,4,1,90,4,99,22,8,30,129
07/23/2020,DEC,IL,AGL,CE,Federal Contract Tower,4,1,8,1,14,0,0,58,11,69,4,1,66,12,83,39,17,56,139
07/24/2020,DEC,IL,AGL,CE,Federal Contract Tower,2,2,6,3,13,0,0,61,2,63,2,2,67,5,76,38,6,44,120
07/25/2020,DEC,IL,AGL,CE,Federal Contract Tower,2,1,1,0,4,0,1,74,0,75,2,2,75,0,79,26,0,26,105
07/26/2020,DEC,IL,AGL,CE,Federal Contract Tower,4,2,10,0,16,0,0,43,1,44,4,2,53,1,60,48,0,48,108
07/27/2020,DEC,IL,AGL,CE,Federal Contract Tower,5,0,4,0,9,0,0,36,0,36,5,0,40,0,45,11,0,11,56
07/28/2020,DEC,IL,AGL,CE,Federal Contract Tower,2,4,3,0,9,0,0,59,0,59,2,4,62,0,68,26,0,26,94
07/29/2020,DEC,IL,AGL,CE,Federal Contract Tower,5,1,13,0,19,0,0,60,0,60,5,1,73,0,79,54,0,54,133
07/30/2020,DEC,IL,AGL,CE,Federal Contract Tower,3,5,3,0,11,0,0,13,0,13,3,5,16,0,24,28,0,28,52
07/31/2020,DEC,IL,AGL,CE,Federal Contract Tower,4,1,0,1,6,0,0,29,2,31,4,1,29,3,37,36,12,48,85
08/01/2020,DEC,IL,AGL,CE,Federal Contract Tower,2,2,3,0,7,0,0,18,2,20,2,2,21,2,27,49,2,51,78
08/02/2020,DEC,IL,AGL,CE,Federal Contract Tower,4,0,10,0,14,0,0,84,0,84,4,0,94,0,98,36,0,36,134
08/03/2020,DEC,IL,AGL,CE,Federal Contract Tower,4,1,2,0,7,0,0,22,0,22,4,1,24,0,29,20,0,20,49
08/04/2020,DEC,IL,AGL,CE,Federal Contract Tower,2,1,3,0,6,0,0,45,2,47,2,1,48,2,53,21,0,21,74
08/05/2020,DEC,IL,AGL,CE,Federal Contract Tower,4,1,3,0,8,0,0,63,2,65,4,1,66,2,73,52,8,60,133
08/06/2020,DEC,IL,AGL,CE,Federal Contract Tower,4,0,0,0,4,0,0,65,2,67,4,0,65,2,71,24,0,24,95
08/07/2020,DEC,IL,AGL,CE,Federal Contract Tower,4,3,4,0,11,0,0,52,1,53,4,3,56,1,64,44,0,44,108
08/08/2020,DEC,IL,AGL,CE,Federal Contract Tower,2,2,0,0,4,0,0,50,1,51,2,2,50,1,55,58,4,62,117
08/09/2020,DEC,IL,AGL,CE,Federal Contract Tower,4,0,1,0,5,0,0,41,0,41,4,0,42,0,46,38,0,38,84
08/10/2020,DEC,IL,AGL,CE,Federal Contract Tower,3,0,1,10,14,0,0,22,2,24,3,0,23,12,38,24,10,34,72
08/11/2020,DEC,IL,AGL,CE,Federal Contract Tower,1,4,7,0,12,0,0,23,0,23,1,4,30,0,35,12,0,12,47
08/12/2020,DEC,IL,AGL,CE,Federal Contract Tower,4,6,3,0,13,0,0,39,0,39,4,6,42,0,52,74,0,74,126
08/13/2020,DEC,IL,AGL,CE,Federal Contract Tower,4,2,1,0,7,0,0,37,0,37,4,2,38,0,44,56,0,56,100
08/14/2020,DEC,IL,AGL,CE,Federal Contract Tower,4,1,4,3,12,0,0,37,1,38,4,1,41,4,50,30,6,36,86
08/15/2020,DEC,IL,AGL,CE,Federal Contract Tower,2,1,1,0,4,0,0,33,5,38,2,1,34,5,42,61,4,65,107
08/16/2020,DEC,IL,AGL,CE,Federal Contract Tower,4,0,1,0,5,0,0,32,0,32,4,0,33,0,37,57,0,57,94
08/17/2020,DEC,IL,AGL,CE,Federal Contract Tower,4,3,2,0,9,0,0,29,8,37,4,3,31,8,46,23,8,31,77
08/18/2020,DEC,IL,AGL,CE,Federal Contract Tower,2,5,0,4,11,0,0,35,7,42,2,5,35,11,53,20,26,46,99
08/19/2020,DEC,IL,AGL,CE,Federal Contract Tower,4,3,7,2,16,0,0,25,2,27,4,3,32,4,43,46,2,48,91
08/20/2020,DEC,IL,AGL,CE,Federal Contract Tower,4,1,2,2,9,0,0,48,3,51,4,1,50,5,60,38,8,46,106
08/21/2020,DEC,IL,AGL,CE,Federal Contract Tower,4,1,3,0,8,0,0,30,12,42,4,1,33,12,50,26,68,94,144
08/22/2020,DEC,IL,AGL,CE,Federal Contract Tower,2,2,2,0,6,0,0,29,1,30,2,2,31,1,36,52,3,55,91
08/23/2020,DEC,IL,AGL,CE,Federal Contract Tower,4,0,2,0,6,0,0,30,0,30,4,0,32,0,36,29,0,29,65
08/24/2020,DEC,IL,AGL,CE,Federal Contract Tower,4,0,0,0,4,0,0,26,0,26,4,0,26,0,30,25,0,25,55
08/25/2020,DEC,IL,AGL,CE,Federal Contract Tower,2,1,2,0,5,0,0,32,17,49,2,1,34,17,54,43,28,71,125
08/26/2020,DEC,IL,AGL,CE,Federal Contract Tower,4,1,2,0,7,0,0,34,2,36,4,1,36,2,43,56,0,56,99
08/27/2020,DEC,IL,AGL,CE,Federal Contract Tower,4,1,1,4,10,0,0,18,15,33,4,1,19,19,43,37,52,89,132
08/28/2020,DEC,IL,AGL,CE,Federal Contract Tower,4,1,4,0,9,0,1,57,1,59,4,2,61,1,68,44,0,44,112
08/29/2020,DEC,IL,AGL,CE,Federal Contract Tower,2,2,8,0,12,0,0,34,0,34,2,2,42,0,46,58,0,58,104
08/30/2020,DEC,IL,AGL,CE,Federal Contract Tower,4,0,3,0,7,0,0,33,0,33,4,0,36,0,40,42,0,42,82
08/31/2020,DEC,IL,AGL,CE,Federal Contract Tower,4,0,8,4,16,0,0,30,2,32,4,0,38,6,48,24,4,28,76
09/01/2020,DEC,IL,AGL,CE,Federal Contract Tower,2,3,8,2,15,0,0,19,0,19,2,3,27,2,34,16,0,16,50
09/02/2020,DEC,IL,AGL,CE,Federal Contract Tower,4,1,12,0,17,0,0,33,0,33,4,1,45,0,50,62,0,62,112
09/03/2020,DEC,IL,AGL,CE,Federal Contract Tower,4,3,2,1,10,0,0,26,4,30,4,3,28,5,40,66,33,99,139
09/04/2020,DEC,IL,AGL,CE,Federal Contract Tower,4,1,9,2,16,0,0,27,0,27,4,1,36,2,43,56,0,56,99
09/05/2020,DEC,IL,AGL,CE,Federal Contract Tower,1,2,0,0,3,0,0,31,1,32,1,2,31,1,35,37,0,37,72
09/06/2020,DEC,IL,AGL,CE,Federal Contract Tower,2,0,12,0,14,0,0,22,0,22,2,0,34,0,36,43,0,43,79
09/07/2020,DEC,IL,AGL,CE,Federal Contract Tower,4,4,5,0,13,0,0,17,1,18,4,4,22,1,31,10,0,10,41
09/08/2020,DEC,IL,AGL,CE,Federal Contract Tower,2,1,1,0,4,0,0,8,3,11,2,1,9,3,15,23,0,23,38
09/09/2020,DEC,IL,AGL,CE,Federal Contract Tower,4,1,9,1,15,0,0,24,0,24,4,1,33,1,39,30,0,30,69
09/10/2020,DEC,IL,AGL,CE,Federal Contract Tower,4,4,6,2,16,0,0,17,0,17,4,4,23,2,33,0,0,0,33
09/11/2020,DEC,IL,AGL,CE,Federal Contract Tower,4,2,0,0,6,0,0,32,0,32,4,2,32,0,38,24,0,24,62
09/12/2020,DEC,IL,AGL,CE,Federal Contract Tower,2,2,3,0,7,0,0,0,0,0,2,2,3,0,7,0,0,0,7
09/13/2020,DEC,IL,AGL,CE,Federal Contract Tower,4,0,9,2,15,0,0,29,4,33,4,0,38,6,48,41,4,45,93
09/14/2020,DEC,IL,AGL,CE,Federal Contract Tower,4,3,4,3,14,0,0,29,2,31,4,3,33,5,45,31,0,31,76
09/15/2020,DEC,IL,AGL,CE,Federal Contract Tower,2,2,0,1,5,0,0,33,1,34,2,2,33,2,39,49,4,53,92
09/16/2020,DEC,IL,AGL,CE,Federal Contract Tower,4,3,5,1,13,0,0,38,11,49,4,3,43,12,62,39,2,41,103
09/17/2020,DEC,IL,AGL,CE,Federal Contract Tower,4,1,8,4,17,0,0,30,9,39,4,1,38,13,56,57,0,57,113
09/18/2020,DEC,IL,AGL,CE,Federal Contract Tower,4,1,0,0,5,0,0,25,6,31,4,1,25,6,36,41,4,45,81
09/19/2020,DEC,IL,AGL,CE,Federal Contract Tower,2,2,3,0,7,0,0,41,2,43,2,2,44,2,50,34,10,44,94
09/20/2020,DEC,IL,AGL,CE,Federal Contract Tower,4,2,7,0,13,0,0,40,0,40,4,2,47,0,53,36,0,36,89
09/21/2020,DEC,IL,AGL,CE,Federal Contract Tower,4,0,4,10,18,0,0,30,4,34,4,0,34,14,52,33,40,73,125
09/22/2020,DEC,IL,AGL,CE,Federal Contract Tower,1,1,2,2,6,0,0,26,2,28,1,1,28,4,34,49,5,54,88
09/23/2020,DEC,IL,AGL,CE,Federal Contract Tower,3,4,14,3,24,0,0,27,24,51,3,4,41,27,75,61,54,115,190
09/24/2020,DEC,IL,AGL,CE,Federal Contract Tower,4,3,2,0,9,0,0,25,6,31,4,3,27,6,40,46,1,47,87
09/25/2020,DEC,IL,AGL,CE,Federal Contract Tower,4,2,6,2,14,0,0,38,0,38,4,2,44,2,52,68,0,68,120
09/26/2020,DEC,IL,AGL,CE,Federal Contract Tower,2,3,12,0,17,0,0,24,0,24,2,3,36,0,41,42,0,42,83
09/27/2020,DEC,IL,AGL,CE,Federal Contract Tower,4,2,15,0,21,0,0,28,0,28,4,2,43,0,49,55,0,55,104
09/28/2020,DEC,IL,AGL,CE,Federal Contract Tower,4,1,12,0,17,0,0,16,1,17,4,1,28,1,34,24,4,28,62
09/29/2020,DEC,IL,AGL,CE,Federal Contract Tower,2,1,8,2,13,0,0,28,2,30,2,1,36,4,43,39,7,46,89
09/30/2020,DEC,IL,AGL,CE,Federal Contract Tower,4,5,2,2,13,0,0,25,1,26,4,5,27,3,39,54,0,54,93
10/01/2020,DEC,IL,AGL,CE,Federal Contract Tower,4,2,2,0,8,0,0,30,5,35,4,2,32,5,43,60,16,76,119
10/02/2020,DEC,IL,AGL,CE,Federal Contract Tower,4,3,1,0,8,0,0,25,0,25,4,3,26,0,33,72,0,72,105
10/03/2020,DEC,IL,AGL,CE,Federal Contract Tower,2,1,4,0,7,0,0,29,0,29,2,1,33,0,36,53,0,53,89
10/04/2020,DEC,IL,AGL,CE,Federal Contract Tower,4,0,10,0,14,0,0,22,0,22,4,0,32,0,36,44,0,44,80
10/05/2020,DEC,IL,AGL,CE,Federal Contract Tower,4,0,1,2,7,0,0,20,1,21,4,0,21,3,28,29,8,37,65
10/06/2020,DEC,IL,AGL,CE,Federal Contract Tower,2,2,1,10,15,0,0,15,10,25,2,2,16,20,40,26,36,62,102
10/07/2020,DEC,IL,AGL,CE,Federal Contract Tower,4,3,3,2,12,0,0,31,0,31,4,3,34,2,43,62,0,62,105
10/08/2020,DEC,IL,AGL,CE,Federal Contract Tower,3,1,2,7,13,0,0,27,0,27,3,1,29,7,40,49,0,49,89
10/09/2020,DEC,IL,AGL,CE,Federal Contract Tower,6,1,5,2,14,0,0,30,0,30,6,1,35,2,44,57,0,57,101
10/10/2020,DEC,IL,AGL,CE,Federal Contract Tower,2,1,3,0,6,0,0,36,0,36,2,1,39,0,42,47,0,47,89
10/11/2020,DEC,IL,AGL,CE,Federal Contract Tower,4,0,8,0,12,0,0,31,0,31,4,0,39,0,43,45,0,45,88
10/12/2020,DEC,IL,AGL,CE,Federal Contract Tower,4,0,5,0,9,0,0,13,0,13,4,0,18,0,22,25,0,25,47
10/13/2020,DEC,IL,AGL,CE,Federal Contract Tower,2,1,2,1,6,0,0,18,7,25,2,1,20,8,31,33,8,41,72
10/14/2020,DEC,IL,AGL,CE,Federal Contract Tower,4,1,0,5,10,0,0,19,5,24,4,1,19,10,34,26,10,36,70
10/15/2020,DEC,IL,AGL,CE,Federal Contract Tower,4,2,1,3,10,0,0,24,11,35,4,2,25,14,45,57,10,67,112
10/16/2020,DEC,IL,AGL,CE,Federal Contract Tower,4,5,1,0,10,0,0,26,9,35,4,5,27,9,45,46,36,82,127
10/17/2020,DEC,IL,AGL,CE,Federal Contract Tower,2,1,5,0,8,0,0,21,0,21,2,1,26,0,29,33,0,33,62
10/18/2020,DEC,IL,AGL,CE,Federal Contract Tower,4,2,5,0,11,0,0,23,3,26,4,2,28,3,37,34,0,34,71
10/19/2020,DEC,IL,AGL,CE,Federal Contract Tower,4,1,1,0,6,0,0,14,0,14,4,1,15,0,20,25,0,25,45
10/20/2020,DEC,IL,AGL,CE,Federal Contract Tower,2,5,2,3,12,0,0,13,2,15,2,5,15,5,27,23,0,23,50
10/21/2020,DEC,IL,AGL,CE,Federal Contract Tower,4,2,6,1,13,0,0,6,0,6,4,2,12,1,19,0,0,0,19
10/22/2020,DEC,IL,AGL,CE,Federal Contract Tower,4,1,5,2,12,0,0,25,22,47,4,1,30,24,59,53,56,109,168
10/23/2020,DEC,IL,AGL,CE,Federal Contract Tower,4,1,1,2,8,0,0,5,0,5,4,1,6,2,13,34,0,34,47
10/24/2020,DEC,IL,AGL,CE,Federal Contract Tower,2,2,3,2,9,0,0,15,12,27,2,2,18,14,36,16,15,31,67
10/25/2020,DEC,IL,AGL,CE,Federal Contract Tower,4,0,2,0,6,0,0,19,0,19,4,0,21,0,25,66,0,66,91
10/26/2020,DEC,IL,AGL,CE,Federal Contract Tower,2,1,2,8,13,0,0,3,0,3,2,1,5,8,16,9,0,9,25
10/27/2020,DEC,IL,AGL,CE,Federal Contract Tower,2,1,2,2,7,0,0,0,0,0,2,1,2,2,7,0,0,0,7
10/28/2020,DEC,IL,AGL,CE,Federal Contract Tower,4,1,3,6,14,0,0,28,0,28,4,1,31,6,42,54,0,54,96
10/29/2020,DEC,IL,AGL,CE,Federal Contract Tower,4,1,0,5,10,0,0,13,12,25,4,1,13,17,35,27,62,89,124
10/30/2020,DEC,IL,AGL,CE,Federal Contract Tower,4,1,6,5,16,0,0,27,1,28,4,1,33,6,44,48,4,52,96
10/31/2020,DEC,IL,AGL,CE,Federal Contract Tower,2,3,5,0,10,0,0,19,0,19,2,3,24,0,29,39,0,39,68
11/01/2020,DEC,IL,AGL,CE,Federal Contract Tower,4,3,0,0,7,0,0,14,0,14,4,3,14,0,21,22,0,22,43
11/02/2020,DEC,IL,AGL,CE,Federal Contract Tower,4,0,2,0,6,0,0,25,0,25,4,0,27,0,31,40,0,40,71
11/03/2020,DEC,IL,AGL,CE,Federal Contract Tower,2,1,6,4,13,0,0,23,10,33,2,1,29,14,46,58,31,89,135
11/04/2020,DEC,IL,AGL,CE,Federal Contract Tower,4,4,2,2,12,0,0,34,4,38,4,4,36,6,50,52,10,62,112
11/05/2020,DEC,IL,AGL,CE,Federal Contract Tower,4,0,2,0,6,0,0,34,12,46,4,0,36,12,52,52,22,74,126
11/06/2020,DEC,IL,AGL,CE,Federal Contract Tower,4,0,2,2,8,0,0,23,10,33,4,0,25,12,41,49,10,59,100
11/07/2020,DEC,IL,AGL,CE,Federal Contract Tower,2,2,4,0,8,0,0,14,10,24,2,2,18,10,32,30,6,36,68
11/08/2020,DEC,IL,AGL,CE,Federal Contract Tower,4,2,3,0,9,0,0,14,0,14,4,2,17,0,23,37,0,37,60
11/09/2020,DEC,IL,AGL,CE,Federal Contract Tower,4,0,2,0,6,0,0,21,8,29,4,0,23,8,35,36,18,54,89
11/10/2020,DEC,IL,AGL,CE,Federal Contract Tower,2,3,6,4,15,0,0,14,2,16,2,3,20,6,31,16,0,16,47
11/11/2020,DEC,IL,AGL,CE,Federal Contract Tower,5,1,2,0,8,0,0,33,2,35,5,1,35,2,43,58,0,58,101
11/12/2020,DEC,IL,AGL,CE,Federal Contract Tower,6,1,2,2,11,0,0,20,9,29,6,1,22,11,40,42,26,68,108
11/13/2020,DEC,IL,AGL,CE,Federal Contract Tower,4,1,6,2,13,0,0,27,1,28,4,1,33,3,41,42,4,46,87
11/14/2020,DEC,IL,AGL,CE,Federal Contract Tower,2,4,0,0,6,0,0,10,0,10,2,4,10,0,16,18,0,18,34
11/15/2020,DEC,IL,AGL,CE,Federal Contract Tower,4,2,0,0,6,0,0,7,0,7,4,2,7,0,13,9,0,9,22
11/16/2020,DEC,IL,AGL,CE,Federal Contract Tower,4,0,4,1,9,0,0,29,6,35,4,0,33,7,44,52,0,52,96
11/17/2020,DEC,IL,AGL,CE,Federal Contract Tower,2,5,4,1,12,0,0,21,0,21,2,5,25,1,33,46,0,46,79
11/18/2020,DEC,IL,AGL,CE,Federal Contract Tower,4,3,2,0,9,0,0,23,0,23,4,3,25,0,32,40,0,40,72
11/19/2020,DEC,IL,AGL,CE,Federal Contract Tower,4,1,0,0,5,0,0,26,0,26,4,1,26,0,31,25,0,25,56
11/20/2020,DEC,IL,AGL,CE,Federal Contract Tower,4,1,10,0,15,0,0,27,0,27,4,1,37,0,42,53,0,53,95
11/21/2020,DEC,IL,AGL,CE,Federal Contract Tower,2,2,5,0,9,0,0,14,0,14,2,2,19,0,23,22,0,22,45
11/22/2020,DEC,IL,AGL,CE,Federal Contract Tower,4,0,8,0,12,0,0,8,0,8,4,0,16,0,20,17,0,17,37
11/23/2020,DEC,IL,AGL,CE,Federal Contract Tower,4,0,4,2,10,0,0,25,1,26,4,0,29,3,36,38,0,38,74
11/24/2020,DEC,IL,AGL,CE,Federal Contract Tower,4,1,1,2,8,0,0,13,6,19,4,1,14,8,27,14,20,34,61
11/25/2020,DEC,IL,AGL,CE,Federal Contract Tower,8,1,5,0,14,0,0,0,0,0,8,1,5,0,14,0,0,0,14
11/26/2020,DEC,IL,AGL,CE,Federal Contract Tower,3,0,8,0,11,0,0,5,0,5,3,0,13,0,16,0,0,0,16
11/27/2020,DEC,IL,AGL,CE,Federal Contract Tower,4,1,5,0,10,0,0,19,0,19,4,1,24,0,29,44,0,44,73
11/28/2020,DEC,IL,AGL,CE,Federal Contract Tower,4,2,1,0,7,0,0,45,0,45,4,2,46,0,52,40,0,40,92
11/29/2020,DEC,IL,AGL,CE,Federal Contract Tower,4,0,4,0,8,0,0,20,0,20,4,0,24,0,28,51,0,51,79
11/30/2020,DEC,IL,AGL,CE,Federal Contract Tower,4,0,2,4,10,0,0,14,4,18,4,0,16,8,28,9,3,12,40
12/01/2020,DEC,IL,AGL,CE,Federal Contract Tower,2,5,2,0,9,0,0,21,25,46,2,5,23,25,55,23,48,71,126
12/02/2020,DEC,IL,AGL,CE,Federal Contract Tower,4,2,0,2,8,0,0,30,14,44,4,2,30,16,52,82,40,122,174
12/03/2020,DEC,IL,AGL,CE,Federal Contract Tower,4,3,3,0,10,0,0,26,6,32,4,3,29,6,42,48,43,91,133
12/04/2020,DEC,IL,AGL,CE,Federal Contract Tower,4,3,1,2,10,0,0,19,4,23,4,3,20,6,33,37,20,57,90
12/05/2020,DEC,IL,AGL,CE,Federal Contract Tower,2,9,0,0,11,0,0,19,0,19,2,9,19,0,30,36,0,36,66
12/06/2020,DEC,IL,AGL,CE,Federal Contract Tower,4,2,10,0,16,0,0,18,0,18,4,2,28,0,34,29,0,29,63
12/07/2020,DEC,IL,AGL,CE,Federal Contract Tower,4,6,1,6,17,0,0,20,6,26,4,6,21,12,43,31,6,37,80
12/08/2020,DEC,IL,AGL,CE,Federal Contract Tower,2,3,1,2,8,0,0,13,5,18,2,3,14,7,26,24,10,34,60
12/09/2020,DEC,IL,AGL,CE,Federal Contract Tower,4,6,0,3,13,0,0,24,1,25,4,6,24,4,38,63,16,79,117
12/10/2020,DEC,IL,AGL,CE,Federal Contract Tower,4,2,5,0,11,0,0,19,23,42,4,2,24,23,53,38,29,67,120
12/11/2020,DEC,IL,AGL,CE,Federal Contract Tower,4,1,0,1,6,0,0,19,12,31,4,1,19,13,37,45,43,88,125
12/12/2020,DEC,IL,AGL,CE,Federal Contract Tower,2,3,8,0,13,0,0,0,0,0,2,3,8,0,13,0,0,0,13
12/13/2020,DEC,IL,AGL,CE,Federal Contract Tower,4,1,15,0,20,0,0,15,10,25,4,1,30,10,45,30,36,66,111
12/14/2020,DEC,IL,AGL,CE,Federal Contract Tower,4,2,1,1,8,0,0,19,0,19,4,2,20,1,27,71,0,71,98
12/15/2020,DEC,IL,AGL,CE,Federal Contract Tower,2,2,0,9,13,0,0,28,15,43,2,2,28,24,56,32,54,86,142
12/16/2020,DEC,IL,AGL,CE,Federal Contract Tower,4,2,1,5,12,0,0,0,4,4,4,2,1,9,16,0,0,0,16
12/17/2020,DEC,IL,AGL,CE,Federal Contract Tower,4,4,10,0,18,0,0,21,10,31,4,4,31,10,49,51,38,89,138
12/18/2020,DEC,IL,AGL,CE,Federal Contract Tower,4,2,5,0,11,0,0,22,6,28,4,2,27,6,39,37,28,65,104
12/19/2020,DEC,IL,AGL,CE,Federal Contract Tower,2,4,0,0,6,0,0,16,0,16,2,4,16,0,22,28,0,28,50
12/20/2020,DEC,IL,AGL,CE,Federal Contract Tower,4,0,6,0,10,0,0,23,0,23,4,0,29,0,33,40,0,40,73
12/21/2020,DEC,IL,AGL,CE,Federal Contract Tower,4,0,2,0,6,0,0,10,0,10,4,0,12,0,16,9,0,9,25
12/22/2020,DEC,IL,AGL,CE,Federal Contract Tower,4,2,2,2,10,0,0,34,9,43,4,2,36,11,53,38,34,72,125
12/23/2020,DEC,IL,AGL,CE,Federal Contract Tower,4,3,0,0,7,0,0,9,0,9,4,3,9,0,16,30,0,30,46
12/24/2020,DEC,IL,AGL,CE,Federal Contract Tower,2,2,0,0,4,0,0,12,0,12,2,2,12,0,16,14,0,14,30
12/25/2020,DEC,IL,AGL,CE,Federal Contract Tower,2,0,0,0,2,0,0,20,0,20,2,0,20,0,22,24,0,24,46
12/26/2020,DEC,IL,AGL,CE,Federal Contract Tower,4,3,0,0,7,0,0,21,0,21,4,3,21,0,28,38,0,38,66
12/27/2020,DEC,IL,AGL,CE,Federal Contract Tower,4,2,4,0,10,0,0,19,0,19,4,2,23,0,29,30,0,30,59
12/28/2020,DEC,IL,AGL,CE,Federal Contract Tower,4,0,2,0,6,0,0,19,4,23,4,0,21,4,29,38,0,38,67
12/29/2020,DEC,IL,AGL,CE,Federal Contract Tower,4,2,0,3,9,0,0,11,18,29,4,2,11,21,38,22,62,84,122
12/30/2020,DEC,IL,AGL,CE,Federal Contract Tower,4,2,4,0,10,0,0,10,0,10,4,2,14,0,20,24,0,24,44
12/31/2020,DEC,IL,AGL,CE,Federal Contract Tower,2,1,6,0,9,0,0,11,0,11,2,1,17,0,20,22,0,22,42
01/01/2021,DEC,IL,AGL,CE,Federal Contract Tower,1,0,0,0,1,0,0,0,0,0,1,0,0,0,1,0,0,0,1
01/02/2021,DEC,IL,AGL,CE,Federal Contract Tower,7,0,2,0,9,0,0,0,0,0,7,0,2,0,9,0,0,0,9
01/03/2021,DEC,IL,AGL,CE,Federal Contract Tower,3,0,1,0,4,0,0,0,0,0,3,0,1,0,4,0,0,0,4
01/04/2021,DEC,IL,AGL,CE,Federal Contract Tower,2,3,0,0,5,0,0,0,0,0,2,3,0,0,5,0,0,0,5
01/05/2021,DEC,IL,AGL,CE,Federal Contract Tower,0,4,5,0,9,0,0,0,0,0,0,4,5,0,9,0,0,0,9
01/06/2021,DEC,IL,AGL,CE,Federal Contract Tower,3,0,2,0,5,0,0,12,0,12,3,0,14,0,17,36,0,36,53
01/07/2021,DEC,IL,AGL,CE,Federal Contract Tower,3,3,3,0,9,0,0,17,11,28,3,3,20,11,37,32,39,71,108
01/08/2021,DEC,IL,AGL,CE,Federal Contract Tower,4,4,7,2,17,0,0,20,1,21,4,4,27,3,38,32,0,32,70
01/09/2021,DEC,IL,AGL,CE,Federal Contract Tower,2,2,6,0,10,0,0,12,4,16,2,2,18,4,26,26,11,37,63
01/10/2021,DEC,IL,AGL,CE,Federal Contract Tower,3,0,2,0,5,0,0,6,2,8,3,0,8,2,13,6,14,20,33
01/11/2021,DEC,IL,AGL,CE,Federal Contract Tower,5,0,2,0,7,0,0,16,0,16,5,0,18,0,23,32,0,32,55
01/12/2021,DEC,IL,AGL,CE,Federal Contract Tower,2,1,2,2,7,0,0,35,0,35,2,1,37,2,42,46,0,46,88
01/13/2021,DEC,IL,AGL,CE,Federal Contract Tower,4,1,4,2,11,0,0,36,0,36,4,1,40,2,47,58,0,58,105
01/14/2021,DEC,IL,AGL,CE,Federal Contract Tower,4,1,5,0,10,0,0,12,6,18,4,1,17,6,28,28,63,91,119
01/15/2021,DEC,IL,AGL,CE,Federal Contract Tower,4,1,4,0,9,0,0,8,0,8,4,1,12,0,17,16,0,16,33
01/16/2021,DEC,IL,AGL,CE,Federal Contract Tower,2,4,2,0,8,0,0,0,0,0,2,4,2,0,8,0,0,0,8
01/17/2021,DEC,IL,AGL,CE,Federal Contract Tower,0,0,4,0,4,0,0,9,0,9,0,0,13,0,13,16,0,16,29
01/18/2021,DEC,IL,AGL,CE,Federal Contract Tower,0,2,6,0,8,0,0,27,0,27,0,2,33,0,35,60,0,60,95
01/19/2021,DEC,IL,AGL,CE,Federal Contract Tower,2,1,3,0,6,0,0,34,21,55,2,1,37,21,61,62,22,84,145
01/20/2021,DEC,IL,AGL,CE,Federal Contract Tower,6,1,11,0,18,0,0,30,12,42,6,1,41,12,60,38,42,80,140
01/21/2021,DEC,IL,AGL,CE,Federal Contract Tower,4,0,18,0,22,0,0,26,14,40,4,0,44,14,62,46,36,82,144
01/22/2021,DEC,IL,AGL,CE,Federal Contract Tower,5,3,7,2,17,0,0,23,8,31,5,3,30,10,48,50,12,62,110
01/23/2021,DEC,IL,AGL,CE,Federal Contract Tower,2,1,9,0,12,0,0,30,0,30,2,1,39,0,42,28,0,28,70
01/24/2021,DEC,IL,AGL,CE,Federal Contract Tower,4,0,4,2,10,0,0,14,0,14,4,0,18,2,24,22,0,22,46
01/25/2021,DEC,IL,AGL,CE,Federal Contract Tower,4,0,0,0,4,0,0,3,0,3,4,0,3,0,7,5,0,5,12
01/26/2021,DEC,IL,AGL,CE,Federal Contract Tower,1,0,4,0,5,0,0,6,0,6,1,0,10,0,11,0,0,0,11
01/27/2021,DEC,IL,AGL,CE,Federal Contract Tower,4,1,2,1,8,0,0,8,4,12,4,1,10,5,20,10,22,32,52
01/28/2021,DEC,IL,AGL,CE,Federal Contract Tower,4,1,4,10,19,0,0,17,16,33,4,1,21,26,52,50,62,112,164
01/29/2021,DEC,IL,AGL,CE,Federal Contract Tower,4,1,9,2,16,0,0,42,7,49,4,1,51,9,65,30,20,50,115
01/30/2021,DEC,IL,AGL,CE,Federal Contract Tower,2,2,0,0,4,0,0,14,0,14,2,2,14,0,18,13,0,13,31
01/31/2021,DEC,IL,AGL,CE,Federal Contract Tower,1,0,0,0,1,0,0,0,0,0,1,0,0,0,1,0,0,0,1
02/01/2021,DEC,IL,AGL,CE,Federal Contract Tower,4,0,3,0,7,0,0,26,10,36,4,0,29,10,43,28,16,44,87
02/02/2021,DEC,IL,AGL,CE,Federal Contract Tower,2,1,13,0,16,0,0,24,10,34,2,1,37,10,50,34,32,66,116
02/03/2021,DEC,IL,AGL,CE,Federal Contract Tower,4,1,6,2,13,0,0,34,11,45,4,1,40,13,58,38,23,61,119
02/04/2021,DEC,IL,AGL,CE,Federal Contract Tower,4,1,0,0,5,0,0,8,0,8,4,1,8,0,13,12,0,12,25
02/05/2021,DEC,IL,AGL,CE,Federal Contract Tower,3,2,1,0,6,0,0,9,20,29,3,2,10,20,35,10,32,42,77
02/06/2021,DEC,IL,AGL,CE,Federal Contract Tower,2,2,2,0,6,0,0,31,11,42,2,2,33,11,48,40,10,50,98
02/08/2021,DEC,IL,AGL,CE,Federal Contract Tower,4,2,2,0,8,0,0,6,0,6,4,2,8,0,14,40,0,40,54
02/09/2021,DEC,IL,AGL,CE,Federal Contract Tower,2,3,1,0,6,0,0,15,16,31,2,3,16,16,37,22,30,52,89
02/10/2021,DEC,IL,AGL,CE,Federal Contract Tower,4,1,1,2,8,0,0,11,2,13,4,1,12,4,21,32,12,44,65
02/11/2021,DEC,IL,AGL,CE,Federal Contract Tower,4,2,1,0,7,0,0,15,9,24,4,2,16,9,31,70,13,83,114
02/12/2021,DEC,IL,AGL,CE,Federal Contract Tower,4,4,10,0,18,0,0,15,0,15,4,4,25,0,33,27,0,27,60
02/13/2021,DEC,IL,AGL,CE,Federal Contract Tower,2,4,0,0,6,0,0,14,0,14,2,4,14,0,20,12,0,12,32
02/14/2021,DEC,IL,AGL,CE,Federal Contract Tower,4,0,0,0,4,0,0,19,0,19,4,0,19,0,23,36,0,36,59
02/15/2021,DEC,IL,AGL,CE,Federal Contract Tower,0,0,0,0,0,0,0,0,0,0,0,0,0,0,0,0,0,0,0
02/16/2021,DEC,IL,AGL,CE,Federal Contract Tower,2,2,1,3,8,0,0,13,2,15,2,2,14,5,23,32,12,44,67
02/17/2021,DEC,IL,AGL,CE,Federal Contract Tower,4,1,0,4,9,0,0,11,0,11,4,1,11,4,20,19,0,19,39
02/18/2021,DEC,IL,AGL,CE,Federal Contract Tower,3,2,0,0,5,0,0,9,16,25,3,2,9,16,30,24,16,40,70
02/19/2021,DEC,IL,AGL,CE,Federal Contract Tower,4,1,1,9,15,0,0,25,1,26,4,1,26,10,41,108,4,112,153
02/20/2021,DEC,IL,AGL,CE,Federal Contract Tower,2,2,4,0,8,0,0,39,0,39,2,2,43,0,47,69,0,69,116
02/21/2021,DEC,IL,AGL,CE,Federal Contract Tower,4,0,4,2,10,0,0,24,0,24,4,0,28,2,34,28,0,28,62
02/22/2021,DEC,IL,AGL,CE,Federal Contract Tower,4,0,4,0,8,0,0,20,0,20,4,0,24,0,28,38,0,38,66
02/23/2021,DEC,IL,AGL,CE,Federal Contract Tower,2,4,5,2,13,0,0,25,11,36,2,4,30,13,49,51,22,73,122
02/24/2021,DEC,IL,AGL,CE,Federal Contract Tower,4,3,6,2,15,0,0,29,19,48,4,3,35,21,63,20,43,63,126
02/25/2021,DEC,IL,AGL,CE,Federal Contract Tower,4,1,2,1,8,0,0,21,16,37,4,1,23,17,45,38,18,56,101
02/26/2021,DEC,IL,AGL,CE,Federal Contract Tower,4,1,3,0,8,0,0,19,0,19,4,1,22,0,27,42,0,42,69
02/27/2021,DEC,IL,AGL,CE,Federal Contract Tower,2,6,12,0,20,0,0,38,0,38,2,6,50,0,58,70,0,70,128
02/28/2021,DEC,IL,AGL,CE,Federal Contract Tower,4,2,22,0,28,0,0,18,0,18,4,2,40,0,46,39,0,39,85
03/01/2021,DEC,IL,AGL,CE,Federal Contract Tower,4,0,5,0,9,0,0,26,15,41,4,0,31,15,50,42,60,102,152
03/02/2021,DEC,IL,AGL,CE,Federal Contract Tower,2,5,2,2,11,0,0,32,11,43,2,5,34,13,54,56,24,80,134
03/03/2021,DEC,IL,AGL,CE,Federal Contract Tower,4,1,2,2,9,0,0,31,4,35,4,1,33,6,44,59,4,63,107
03/04/2021,DEC,IL,AGL,CE,Federal Contract Tower,4,3,5,0,12,0,0,16,22,38,4,3,21,22,50,30,48,78,128
03/05/2021,DEC,IL,AGL,CE,Federal Contract Tower,4,1,3,0,8,0,0,18,5,23,4,1,21,5,31,34,26,60,91
03/06/2021,DEC,IL,AGL,CE,Federal Contract Tower,2,2,4,0,8,0,0,24,0,24,2,2,28,0,32,28,0,28,60
03/07/2021,DEC,IL,AGL,CE,Federal Contract Tower,4,2,6,0,12,0,0,36,0,36,4,2,42,0,48,42,0,42,90
03/08/2021,DEC,IL,AGL,CE,Federal Contract Tower,4,2,2,2,10,0,0,21,8,29,4,2,23,10,39,60,24,84,123
03/09/2021,DEC,IL,AGL,CE,Federal Contract Tower,2,6,2,4,14,0,1,25,13,39,2,7,27,17,53,58,28,86,139
03/10/2021,DEC,IL,AGL,CE,Federal Contract Tower,4,1,4,2,11,0,0,14,9,23,4,1,18,11,34,20,20,40,74
03/11/2021,DEC,IL,AGL,CE,Federal Contract Tower,4,1,4,2,11,0,0,17,10,27,4,1,21,12,38,49,20,69,107
03/12/2021,DEC,IL,AGL,CE,Federal Contract Tower,4,1,2,7,14,0,0,26,17,43,4,1,28,24,57,68,42,110,167
03/13/2021,DEC,IL,AGL,CE,Federal Contract Tower,2,4,0,0,6,0,0,34,3,37,2,4,34,3,43,32,0,32,75
03/14/2021,DEC,IL,AGL,CE,Federal Contract Tower,4,0,2,0,6,0,0,25,0,25,4,0,27,0,31,35,0,35,66
03/15/2021,DEC,IL,AGL,CE,Federal Contract Tower,4,0,0,2,6,0,0,11,4,15,4,0,11,6,21,18,8,26,47
03/16/2021,DEC,IL,AGL,CE,Federal Contract Tower,2,1,2,2,7,0,0,0,0,0,2,1,2,2,7,14,0,14,21
03/17/2021,DEC,IL,AGL,CE,Federal Contract Tower,4,3,4,0,11,0,0,0,0,0,4,3,4,0,11,0,0,0,11
03/18/2021,DEC,IL,AGL,CE,Federal Contract Tower,2,0,4,0,6,0,0,2,0,2,2,0,6,0,8,0,0,0,8
03/19/2021,DEC,IL,AGL,CE,Federal Contract Tower,4,3,4,0,11,0,0,16,5,21,4,3,20,5,32,45,7,52,84
03/20/2021,DEC,IL,AGL,CE,Federal Contract Tower,2,5,12,0,19,0,0,32,0,32,2,5,44,0,51,58,0,58,109
03/21/2021,DEC,IL,AGL,CE,Federal Contract Tower,4,0,9,0,13,0,0,29,0,29,4,0,38,0,42,46,0,46,88
03/22/2021,DEC,IL,AGL,CE,Federal Contract Tower,4,0,2,2,8,0,0,30,5,35,4,0,32,7,43,44,16,60,103
03/23/2021,DEC,IL,AGL,CE,Federal Contract Tower,2,3,0,0,5,0,0,22,12,34,2,3,22,12,39,36,36,72,111
03/24/2021,DEC,IL,AGL,CE,Federal Contract Tower,4,1,10,0,15,0,0,26,10,36,4,1,36,10,51,68,21,89,140
03/25/2021,DEC,IL,AGL,CE,Federal Contract Tower,4,2,0,1,7,0,0,9,15,24,4,2,9,16,31,12,36,48,79
03/26/2021,DEC,IL,AGL,CE,Federal Contract Tower,4,1,3,4,12,0,0,14,4,18,4,1,17,8,30,36,4,40,70
03/27/2021,DEC,IL,AGL,CE,Federal Contract Tower,1,4,6,0,11,0,0,30,0,30,1,4,36,0,41,48,0,48,89
03/28/2021,DEC,IL,AGL,CE,Federal Contract Tower,3,0,2,0,5,0,0,18,0,18,3,0,20,0,23,20,0,20,43
03/29/2021,DEC,IL,AGL,CE,Federal Contract Tower,4,0,2,0,6,0,0,22,12,34,4,0,24,12,40,46,16,62,102
03/30/2021,DEC,IL,AGL,CE,Federal Contract Tower,2,6,0,0,8,0,0,20,15,35,2,6,20,15,43,18,50,68,111
03/31/2021,DEC,IL,AGL,CE,Federal Contract Tower,4,2,2,0,8,0,0,31,4,35,4,2,33,4,43,29,28,57,100
04/01/2021,DEC,IL,AGL,CE,Federal Contract Tower,4,4,9,1,18,0,0,35,21,56,4,4,44,22,74,36,45,81,155
04/02/2021,DEC,IL,AGL,CE,Federal Contract Tower,4,2,4,0,10,0,0,28,10,38,4,2,32,10,48,36,4,40,88
04/03/2021,DEC,IL,AGL,CE,Federal Contract Tower,2,2,1,0,5,0,0,25,0,25,2,2,26,0,30,48,0,48,78
04/04/2021,DEC,IL,AGL,CE,Federal Contract Tower,4,0,0,0,4,0,0,23,0,23,4,0,23,0,27,42,0,42,69
04/05/2021,DEC,IL,AGL,CE,Federal Contract Tower,4,0,3,0,7,0,0,25,0,25,4,0,28,0,32,58,0,58,90
04/06/2021,DEC,IL,AGL,CE,Federal Contract Tower,2,3,5,2,12,0,0,22,13,35,2,3,27,15,47,42,22,64,111
04/07/2021,DEC,IL,AGL,CE,Federal Contract Tower,4,1,7,2,14,0,0,24,6,30,4,1,31,8,44,34,22,56,100
04/08/2021,DEC,IL,AGL,CE,Federal Contract Tower,4,5,6,0,15,0,0,17,16,33,4,5,23,16,48,26,36,62,110
04/09/2021,DEC,IL,AGL,CE,Federal Contract Tower,4,2,5,4,15,0,0,22,0,22,4,2,27,4,37,58,0,58,95
04/10/2021,DEC,IL,AGL,CE,Federal Contract Tower,2,5,2,0,9,0,0,12,0,12,2,5,14,0,21,10,0,10,31
04/11/2021,DEC,IL,AGL,CE,Federal Contract Tower,3,1,5,2,11,0,0,0,0,0,3,1,5,2,11,0,0,0,11
04/12/2021,DEC,IL,AGL,CE,Federal Contract Tower,4,0,1,4,9,0,0,29,5,34,4,0,30,9,43,60,12,72,115
04/13/2021,DEC,IL,AGL,CE,Federal Contract Tower,2,1,3,1,7,0,0,28,19,47,2,1,31,20,54,36,34,70,124
04/14/2021,DEC,IL,AGL,CE,Federal Contract Tower,4,1,5,0,10,0,0,27,7,34,4,1,32,7,44,38,11,49,93
04/15/2021,DEC,IL,AGL,CE,Federal Contract Tower,4,1,3,1,9,0,0,26,24,50,4,1,29,25,59,37,35,72,131
04/16/2021,DEC,IL,AGL,CE,Federal Contract Tower,4,1,1,1,7,0,0,32,5,37,4,1,33,6,44,36,7,43,87
04/17/2021,DEC,IL,AGL,CE,Federal Contract Tower,2,4,6,0,12,0,0,14,0,14,2,4,20,0,26,26,0,26,52
04/18/2021,DEC,IL,AGL,CE,Federal Contract Tower,4,2,4,0,10,0,0,23,0,23,4,2,27,0,33,36,0,36,69
04/19/2021,DEC,IL,AGL,CE,Federal Contract Tower,4,0,1,0,5,0,0,21,1,22,4,0,22,1,27,30,0,30,57
04/20/2021,DEC,IL,AGL,CE,Federal Contract Tower,1,1,2,0,4,0,0,0,0,0,1,1,2,0,4,0,0,0,4
04/21/2021,DEC,IL,AGL,CE,Federal Contract Tower,4,3,5,4,16,0,0,22,17,39,4,3,27,21,55,45,24,69,124
04/22/2021,DEC,IL,AGL,CE,Federal Contract Tower,4,1,7,0,12,0,0,25,20,45,4,1,32,20,57,43,28,71,128
04/23/2021,DEC,IL,AGL,CE,Federal Contract Tower,4,1,0,1,6,0,0,21,24,45,4,1,21,25,51,40,52,92,143
04/24/2021,DEC,IL,AGL,CE,Federal Contract Tower,2,3,4,0,9,0,0,24,5,29,2,3,28,5,38,40,0,40,78
04/25/2021,DEC,IL,AGL,CE,Federal Contract Tower,4,2,2,0,8,0,0,31,9,40,4,2,33,9,48,48,14,62,110
04/27/2021,DEC,IL,AGL,CE,Federal Contract Tower,2,1,2,2,7,0,0,28,28,56,2,1,30,30,63,26,46,72,135
04/28/2021,DEC,IL,AGL,CE,Federal Contract Tower,4,2,2,0,8,0,0,10,0,10,4,2,12,0,18,20,0,20,38
05/01/2021,DEC,IL,AGL,CE,Federal Contract Tower,2,2,4,0,8,0,0,21,8,29,2,2,25,8,37,36,10,46,83
05/02/2021,DEC,IL,AGL,CE,Federal Contract Tower,4,0,2,0,6,0,0,20,4,24,4,0,22,4,30,30,0,30,60
05/03/2021,DEC,IL,AGL,CE,Federal Contract Tower,4,2,2,0,8,0,0,7,0,7,4,2,9,0,15,14,0,14,29
05/04/2021,DEC,IL,AGL,CE,Federal Contract Tower,1,1,0,4,6,0,0,3,0,3,1,1,3,4,9,4,0,4,13
07/01/2021,DEC,IL,AGL,CE,Federal Contract Tower,4,1,6,2,13,0,0,18,13,31,4,1,24,15,44,22,14,36,80
07/02/2021,DEC,IL,AGL,CE,Federal Contract Tower,4,3,0,0,7,0,0,47,0,47,4,3,47,0,54,30,0,30,84
07/03/2021,DEC,IL,AGL,CE,Federal Contract Tower,1,7,4,0,12,0,0,39,0,39,1,7,43,0,51,60,0,60,111
07/04/2021,DEC,IL,AGL,CE,Federal Contract Tower,3,0,0,0,3,0,0,23,0,23,3,0,23,0,26,50,0,50,76
07/05/2021,DEC,IL,AGL,CE,Federal Contract Tower,3,2,0,0,5,0,0,48,0,48,3,2,48,0,53,48,0,48,101
07/06/2021,DEC,IL,AGL,CE,Federal Contract Tower,1,2,2,2,7,0,0,93,13,106,1,2,95,15,113,67,36,103,216
07/07/2021,DEC,IL,AGL,CE,Federal Contract Tower,3,5,5,0,13,0,0,102,8,110,3,5,107,8,123,36,4,40,163
07/08/2021,DEC,IL,AGL,CE,Federal Contract Tower,3,6,10,0,19,0,0,108,17,125,3,6,118,17,144,51,26,77,221
07/09/2021,DEC,IL,AGL,CE,Federal Contract Tower,4,7,12,2,25,0,0,144,4,148,4,7,156,6,173,36,10,46,219
07/10/2021,DEC,IL,AGL,CE,Federal Contract Tower,2,2,3,0,7,0,0,55,0,55,2,2,58,0,62,34,0,34,96
07/11/2021,DEC,IL,AGL,CE,Federal Contract Tower,4,3,6,2,15,0,0,105,0,105,4,3,111,2,120,20,0,20,140
07/12/2021,DEC,IL,AGL,CE,Federal Contract Tower,4,7,3,0,14,0,0,40,0,40,4,7,43,0,54,33,0,33,87
07/13/2021,DEC,IL,AGL,CE,Federal Contract Tower,2,1,10,2,15,0,0,148,2,150,2,1,158,4,165,27,0,27,192
07/14/2021,DEC,IL,AGL,CE,Federal Contract Tower,3,1,14,6,24,0,0,177,4,181,3,1,191,10,205,10,11,21,226
07/15/2021,DEC,IL,AGL,CE,Federal Contract Tower,4,3,2,2,11,0,0,115,0,115,4,3,117,2,126,8,0,8,134
07/16/2021,DEC,IL,AGL,CE,Federal Contract Tower,4,1,6,2,13,0,0,80,0,80,4,1,86,2,93,7,0,7,100
07/17/2021,DEC,IL,AGL,CE,Federal Contract Tower,2,2,0,0,4,0,0,218,0,218,2,2,218,0,222,28,0,28,250
07/18/2021,DEC,IL,AGL,CE,Federal Contract Tower,2,2,4,0,8,0,0,135,0,135,2,2,139,0,143,38,0,38,181
07/19/2021,DEC,IL,AGL,CE,Federal Contract Tower,4,0,5,2,11,0,0,188,2,190,4,0,193,4,201,42,0,42,243
07/20/2021,DEC,IL,AGL,CE,Federal Contract Tower,2,1,7,7,17,0,0,181,6,187,2,1,188,13,204,34,25,59,263
07/21/2021,DEC,IL,AGL,CE,Federal Contract Tower,4,5,3,2,14,0,0,126,7,133,4,5,129,9,147,14,0,14,161
07/22/2021,DEC,IL,AGL,CE,Federal Contract Tower,4,3,4,2,13,0,0,142,10,152,4,3,146,12,165,24,14,38,203
07/23/2021,DEC,IL,AGL,CE,Federal Contract Tower,4,5,8,0,17,0,0,122,5,127,4,5,130,5,144,17,4,21,165
07/24/2021,DEC,IL,AGL,CE,Federal Contract Tower,1,2,5,0,8,0,0,81,0,81,1,2,86,0,89,26,0,26,115
07/25/2021,DEC,IL,AGL,CE,Federal Contract Tower,3,0,7,0,10,0,0,146,0,146,3,0,153,0,156,24,0,24,180
07/26/2021,DEC,IL,AGL,CE,Federal Contract Tower,3,0,8,0,11,0,0,135,4,139,3,0,143,4,150,10,3,13,163
07/27/2021,DEC,IL,AGL,CE,Federal Contract Tower,1,1,2,1,5,0,0,153,21,174,1,1,155,22,179,16,7,23,202
07/28/2021,DEC,IL,AGL,CE,Federal Contract Tower,4,1,2,2,9,0,0,149,5,154,4,1,151,7,163,11,3,14,177
07/29/2021,DEC,IL,AGL,CE,Federal Contract Tower,4,1,4,2,11,0,0,13,11,24,4,1,17,13,35,12,20,32,67
07/30/2021,DEC,IL,AGL,CE,Federal Contract Tower,4,1,13,0,18,0,0,61,8,69,4,1,74,8,87,26,8,34,121
07/31/2021,DEC,IL,AGL,CE,Federal Contract Tower,2,2,3,0,7,0,0,69,0,69,2,2,72,0,76,30,0,30,106
08/01/2021,DEC,IL,AGL,CE,Federal Contract Tower,4,0,10,0,14,0,0,83,0,83,4,0,93,0,97,22,0,22,119
08/02/2021,DEC,IL,AGL,CE,Federal Contract Tower,4,6,2,0,12,0,0,65,2,67,4,6,67,2,79,11,8,19,98
08/03/2021,DEC,IL,AGL,CE,Federal Contract Tower,2,5,5,0,12,0,0,52,15,67,2,5,57,15,79,46,38,84,163
08/04/2021,DEC,IL,AGL,CE,Federal Contract Tower,4,2,2,2,10,0,0,44,6,50,4,2,46,8,60,52,16,68,128
08/05/2021,DEC,IL,AGL,CE,Federal Contract Tower,4,2,7,1,14,0,0,57,19,76,4,2,64,20,90,36,36,72,162
08/06/2021,DEC,IL,AGL,CE,Federal Contract Tower,3,1,1,0,5,0,0,33,16,49,3,1,34,16,54,46,36,82,136
08/07/2021,DEC,IL,AGL,CE,Federal Contract Tower,3,6,3,0,12,0,0,34,6,40,3,6,37,6,52,20,6,26,78
08/08/2021,DEC,IL,AGL,CE,Federal Contract Tower,3,1,0,0,4,0,0,32,0,32,3,1,32,0,36,49,0,49,85
08/09/2021,DEC,IL,AGL,CE,Federal Contract Tower,1,7,2,2,12,0,0,19,0,19,1,7,21,2,31,53,0,53,84
08/10/2021,DEC,IL,AGL,CE,Federal Contract Tower,0,1,8,2,11,0,0,35,20,55,0,1,43,22,66,66,22,88,154
08/11/2021,DEC,IL,AGL,CE,Federal Contract Tower,3,1,2,4,10,0,0,23,4,27,3,1,25,8,37,19,0,19,56
08/12/2021,DEC,IL,AGL,CE,Federal Contract Tower,3,1,6,0,10,0,0,21,11,32,3,1,27,11,42,10,40,50,92
08/13/2021,DEC,IL,AGL,CE,Federal Contract Tower,4,1,2,0,7,0,0,33,7,40,4,1,35,7,47,14,20,34,81
08/14/2021,DEC,IL,AGL,CE,Federal Contract Tower,1,2,4,0,7,0,0,67,0,67,1,2,71,0,74,38,0,38,112
08/15/2021,DEC,IL,AGL,CE,Federal Contract Tower,4,0,1,0,5,0,0,40,1,41,4,0,41,1,46,20,0,20,66
08/16/2021,DEC,IL,AGL,CE,Federal Contract Tower,4,0,2,7,13,0,0,21,14,35,4,0,23,21,48,37,10,47,95
08/17/2021,DEC,IL,AGL,CE,Federal Contract Tower,2,1,3,2,8,0,0,26,28,54,2,1,29,30,62,35,12,47,109
08/18/2021,DEC,IL,AGL,CE,Federal Contract Tower,2,3,2,2,9,0,0,32,13,45,2,3,34,15,54,52,4,56,110
08/19/2021,DEC,IL,AGL,CE,Federal Contract Tower,3,2,5,6,16,0,0,35,24,59,3,2,40,30,75,30,42,72,147
08/20/2021,DEC,IL,AGL,CE,Federal Contract Tower,4,4,4,2,14,0,0,36,11,47,4,4,40,13,61,42,20,62,123
08/21/2021,DEC,IL,AGL,CE,Federal Contract Tower,1,1,1,0,3,0,0,24,2,26,1,1,25,2,29,29,4,33,62
08/22/2021,DEC,IL,AGL,CE,Federal Contract Tower,4,0,14,0,18,0,0,38,1,39,4,0,52,1,57,34,2,36,93
08/23/2021,DEC,IL,AGL,CE,Federal Contract Tower,4,0,0,2,6,0,0,15,0,15,4,0,15,2,21,28,0,28,49
08/24/2021,DEC,IL,AGL,CE,Federal Contract Tower,2,1,9,0,12,0,0,61,13,74,2,1,70,13,86,59,14,73,159
08/25/2021,DEC,IL,AGL,CE,Federal Contract Tower,2,5,1,2,10,0,0,37,2,39,2,5,38,4,49,37,4,41,90
08/26/2021,DEC,IL,AGL,CE,Federal Contract Tower,0,2,2,2,6,0,0,27,1,28,0,2,29,3,34,32,0,32,66
08/27/2021,DEC,IL,AGL,CE,Federal Contract Tower,4,2,6,3,15,0,0,39,8,47,4,2,45,11,62,38,10,48,110
08/28/2021,DEC,IL,AGL,CE,Federal Contract Tower,2,2,1,2,7,0,0,44,5,49,2,2,45,7,56,35,22,57,113
08/29/2021,DEC,IL,AGL,CE,Federal Contract Tower,3,1,2,0,6,0,0,25,12,37,3,1,27,12,43,28,4,32,75
08/30/2021,DEC,IL,AGL,CE,Federal Contract Tower,4,2,5,2,13,0,0,18,7,25,4,2,23,9,38,32,8,40,78
08/31/2021,DEC,IL,AGL,CE,Federal Contract Tower,2,13,32,3,50,0,0,41,11,52,2,13,73,14,102,14,18,32,134
09/01/2021,DEC,IL,AGL,CE,Federal Contract Tower,3,8,49,8,68,0,0,99,8,107,3,8,148,16,175,26,12,38,213
09/02/2021,DEC,IL,AGL,CE,Federal Contract Tower,4,2,17,4,27,0,0,73,11,84,4,2,90,15,111,46,33,79,190
09/03/2021,DEC,IL,AGL,CE,Federal Contract Tower,4,3,6,1,14,0,0,50,0,50,4,3,56,1,64,81,0,81,145
09/04/2021,DEC,IL,AGL,CE,Federal Contract Tower,2,9,8,0,19,0,0,12,0,12,2,9,20,0,31,10,0,10,41
09/05/2021,DEC,IL,AGL,CE,Federal Contract Tower,4,2,3,0,9,0,0,39,0,39,4,2,42,0,48,42,0,42,90
09/06/2021,DEC,IL,AGL,CE,Federal Contract Tower,4,0,3,0,7,0,0,29,0,29,4,0,32,0,36,38,0,38,74
09/07/2021,DEC,IL,AGL,CE,Federal Contract Tower,1,5,4,0,10,0,0,29,10,39,1,5,33,10,49,32,6,38,87
09/08/2021,DEC,IL,AGL,CE,Federal Contract Tower,3,5,4,4,16,0,0,23,13,36,3,5,27,17,52,22,8,30,82
09/09/2021,DEC,IL,AGL,CE,Federal Contract Tower,4,2,13,4,23,0,0,25,24,49,4,2,38,28,72,38,42,80,152
09/10/2021,DEC,IL,AGL,CE,Federal Contract Tower,2,5,2,0,9,0,0,38,5,43,2,5,40,5,52,64,0,64,116
09/11/2021,DEC,IL,AGL,CE,Federal Contract Tower,2,3,0,2,7,0,0,29,23,52,2,3,29,25,59,44,46,90,149
09/12/2021,DEC,IL,AGL,CE,Federal Contract Tower,3,0,5,0,8,0,0,36,0,36,3,0,41,0,44,37,0,37,81
09/13/2021,DEC,IL,AGL,CE,Federal Contract Tower,4,2,4,2,12,0,0,32,4,36,4,2,36,6,48,34,26,60,108
09/14/2021,DEC,IL,AGL,CE,Federal Contract Tower,2,7,2,1,12,0,0,13,17,30,2,7,15,18,42,23,36,59,101
09/15/2021,DEC,IL,AGL,CE,Federal Contract Tower,3,1,2,1,7,0,0,51,4,55,3,1,53,5,62,52,0,52,114
09/16/2021,DEC,IL,AGL,CE,Federal Contract Tower,3,2,10,2,17,0,0,41,17,58,3,2,51,19,75,43,28,71,146
09/17/2021,DEC,IL,AGL,CE,Federal Contract Tower,3,1,11,2,17,0,0,37,0,37,3,1,48,2,54,50,0,50,104
09/18/2021,DEC,IL,AGL,CE,Federal Contract Tower,2,2,2,0,6,0,0,31,1,32,2,2,33,1,38,56,0,56,94
09/19/2021,DEC,IL,AGL,CE,Federal Contract Tower,4,0,10,0,14,0,0,34,0,34,4,0,44,0,48,54,0,54,102
09/20/2021,DEC,IL,AGL,CE,Federal Contract Tower,3,2,8,2,15,0,0,13,0,13,3,2,21,2,28,34,0,34,62
09/21/2021,DEC,IL,AGL,CE,Federal Contract Tower,1,7,12,3,23,0,0,1,8,9,1,7,13,11,32,0,36,36,68
09/22/2021,DEC,IL,AGL,CE,Federal Contract Tower,3,2,1,0,6,0,0,29,4,33,3,2,30,4,39,53,0,53,92
09/23/2021,DEC,IL,AGL,CE,Federal Contract Tower,4,1,2,0,7,0,0,30,18,48,4,1,32,18,55,68,40,108,163
09/24/2021,DEC,IL,AGL,CE,Federal Contract Tower,4,2,3,2,11,0,0,33,4,37,4,2,36,6,48,72,0,72,120
09/25/2021,DEC,IL,AGL,CE,Federal Contract Tower,2,6,8,0,16,0,0,35,1,36,2,6,43,1,52,54,0,54,106
09/26/2021,DEC,IL,AGL,CE,Federal Contract Tower,3,0,0,0,3,0,0,28,0,28,3,0,28,0,31,56,0,56,87
09/27/2021,DEC,IL,AGL,CE,Federal Contract Tower,3,0,8,0,11,0,0,20,0,20,3,0,28,0,31,31,0,31,62
09/28/2021,DEC,IL,AGL,CE,Federal Contract Tower,2,3,2,1,8,0,0,26,5,31,2,3,28,6,39,28,0,28,67
09/29/2021,DEC,IL,AGL,CE,Federal Contract Tower,4,2,1,2,9,0,0,33,1,34,4,2,34,3,43,65,0,65,108
09/30/2021,DEC,IL,AGL,CE,Federal Contract Tower,4,5,0,0,9,0,0,20,6,26,4,5,20,6,35,54,36,90,125
10/01/2021,DEC,IL,AGL,CE,Federal Contract Tower,4,3,0,2,9,0,0,28,20,48,4,3,28,22,57,40,30,70,127
10/02/2021,DEC,IL,AGL,CE,Federal Contract Tower,1,2,2,0,5,0,0,20,0,20,1,2,22,0,25,19,0,19,44
10/03/2021,DEC,IL,AGL,CE,Federal Contract Tower,2,0,7,6,15,0,0,20,0,20,2,0,27,6,35,67,0,67,102
10/04/2021,DEC,IL,AGL,CE,Federal Contract Tower,2,1,6,2,11,0,0,19,1,20,2,1,25,3,31,35,0,35,66
10/05/2021,DEC,IL,AGL,CE,Federal Contract Tower,2,2,8,1,13,0,0,12,3,15,2,2,20,4,28,21,34,55,83
10/06/2021,DEC,IL,AGL,CE,Federal Contract Tower,3,4,8,0,15,0,0,16,0,16,3,4,24,0,31,33,0,33,64
10/07/2021,DEC,IL,AGL,CE,Federal Contract Tower,3,1,4,0,8,0,0,25,4,29,3,1,29,4,37,42,6,48,85
10/08/2021,DEC,IL,AGL,CE,Federal Contract Tower,4,1,8,0,13,0,0,19,0,19,4,1,27,0,32,38,0,38,70
10/09/2021,DEC,IL,AGL,CE,Federal Contract Tower,2,2,2,0,6,0,0,28,0,28,2,2,30,0,34,50,0,50,84
10/10/2021,DEC,IL,AGL,CE,Federal Contract Tower,4,0,3,0,7,0,0,30,0,30,4,0,33,0,37,39,0,39,76
10/11/2021,DEC,IL,AGL,CE,Federal Contract Tower,4,0,2,2,8,0,0,9,0,9,4,0,11,2,17,15,0,15,32
10/12/2021,DEC,IL,AGL,CE,Federal Contract Tower,1,2,7,2,12,0,0,28,4,32,1,2,35,6,44,37,10,47,91
10/13/2021,DEC,IL,AGL,CE,Federal Contract Tower,4,3,6,2,15,0,0,20,8,28,4,3,26,10,43,46,0,46,89
10/14/2021,DEC,IL,AGL,CE,Federal Contract Tower,6,2,5,0,13,0,0,13,16,29,6,2,18,16,42,16,52,68,110
10/15/2021,DEC,IL,AGL,CE,Federal Contract Tower,4,0,10,3,17,0,0,23,4,27,4,0,33,7,44,32,4,36,80
10/16/2021,DEC,IL,AGL,CE,Federal Contract Tower,2,2,2,0,6,0,0,31,0,31,2,2,33,0,37,41,0,41,78
10/17/2021,DEC,IL,AGL,CE,Federal Contract Tower,4,3,5,0,12,0,0,45,0,45,4,3,50,0,57,34,0,34,91
10/18/2021,DEC,IL,AGL,CE,Federal Contract Tower,4,2,6,6,18,0,0,36,1,37,4,2,42,7,55,62,3,65,120
10/19/2021,DEC,IL,AGL,CE,Federal Contract Tower,2,1,5,2,10,0,0,20,7,27,2,1,25,9,37,42,27,69,106
10/20/2021,DEC,IL,AGL,CE,Federal Contract Tower,4,1,5,1,11,0,0,29,18,47,4,1,34,19,58,46,3,49,107
10/21/2021,DEC,IL,AGL,CE,Federal Contract Tower,3,1,1,1,6,0,0,11,17,28,3,1,12,18,34,12,14,26,60
10/22/2021,DEC,IL,AGL,CE,Federal Contract Tower,2,1,4,2,9,0,0,28,3,31,2,1,32,5,40,52,14,66,106
10/23/2021,DEC,IL,AGL,CE,Federal Contract Tower,1,3,3,1,8,0,0,30,15,45,1,3,33,16,53,56,62,118,171
10/24/2021,DEC,IL,AGL,CE,Federal Contract Tower,3,1,3,0,7,0,0,5,0,5,3,1,8,0,12,7,0,7,19
10/25/2021,DEC,IL,AGL,CE,Federal Contract Tower,1,0,6,0,7,0,0,7,3,10,1,0,13,3,17,11,16,27,44
10/26/2021,DEC,IL,AGL,CE,Federal Contract Tower,1,5,2,2,10,0,0,22,11,33,1,5,24,13,43,18,24,42,85
10/27/2021,DEC,IL,AGL,CE,Federal Contract Tower,4,1,6,0,11,0,0,27,1,28,4,1,33,1,39,50,4,54,93
10/28/2021,DEC,IL,AGL,CE,Federal Contract Tower,4,1,7,2,14,0,0,0,0,0,4,1,7,2,14,0,0,0,14
10/29/2021,DEC,IL,AGL,CE,Federal Contract Tower,2,1,8,0,11,0,0,0,0,0,2,1,8,0,11,0,0,0,11
10/30/2021,DEC,IL,AGL,CE,Federal Contract Tower,2,2,4,0,8,0,0,17,0,17,2,2,21,0,25,55,0,55,80
10/31/2021,DEC,IL,AGL,CE,Federal Contract Tower,3,2,8,0,13,0,0,24,0,24,3,2,32,0,37,32,0,32,69
11/01/2021,DEC,IL,AGL,CE,Federal Contract Tower,5,0,4,2,11,0,0,29,0,29,5,0,33,2,40,43,0,43,83
11/02/2021,DEC,IL,AGL,CE,Federal Contract Tower,2,2,4,0,8,0,0,17,24,41,2,2,21,24,49,22,46,68,117
11/03/2021,DEC,IL,AGL,CE,Federal Contract Tower,4,4,3,4,15,0,0,21,8,29,4,4,24,12,44,32,30,62,106
11/04/2021,DEC,IL,AGL,CE,Federal Contract Tower,4,7,3,0,14,0,0,22,8,30,4,7,25,8,44,46,20,66,110
11/05/2021,DEC,IL,AGL,CE,Federal Contract Tower,3,1,9,0,13,0,0,30,2,32,3,1,39,2,45,48,6,54,99
11/06/2021,DEC,IL,AGL,CE,Federal Contract Tower,2,4,6,0,12,0,0,32,6,38,2,4,38,6,50,36,6,42,92
11/07/2021,DEC,IL,AGL,CE,Federal Contract Tower,4,0,6,1,11,0,0,29,0,29,4,0,35,1,40,41,0,41,81
11/08/2021,DEC,IL,AGL,CE,Federal Contract Tower,4,0,4,0,8,0,0,25,2,27,4,0,29,2,35,43,0,43,78
11/09/2021,DEC,IL,AGL,CE,Federal Contract Tower,2,1,2,6,11,0,0,28,18,46,2,1,30,24,57,48,60,108,165
11/10/2021,DEC,IL,AGL,CE,Federal Contract Tower,4,0,8,5,17,0,0,17,3,20,4,0,25,8,37,54,8,62,99
11/11/2021,DEC,IL,AGL,CE,Federal Contract Tower,4,1,8,0,13,0,0,22,0,22,4,1,30,0,35,30,0,30,65
11/12/2021,DEC,IL,AGL,CE,Federal Contract Tower,4,1,0,0,5,0,0,24,0,24,4,1,24,0,29,43,0,43,72
11/13/2021,DEC,IL,AGL,CE,Federal Contract Tower,2,1,4,0,7,0,0,11,0,11,2,1,15,0,18,54,0,54,72
11/14/2021,DEC,IL,AGL,CE,Federal Contract Tower,3,1,2,2,8,0,0,8,0,8,3,1,10,2,16,8,0,8,24
11/15/2021,DEC,IL,AGL,CE,Federal Contract Tower,4,5,1,0,10,0,0,25,5,30,4,5,26,5,40,43,0,43,83
11/16/2021,DEC,IL,AGL,CE,Federal Contract Tower,2,2,2,0,6,0,0,21,0,21,2,2,23,0,27,30,0,30,57
11/17/2021,DEC,IL,AGL,CE,Federal Contract Tower,4,1,1,2,8,0,0,22,0,22,4,1,23,2,30,30,0,30,60
11/18/2021,DEC,IL,AGL,CE,Federal Contract Tower,3,3,1,0,7,0,0,23,4,27,3,3,24,4,34,36,0,36,70
11/19/2021,DEC,IL,AGL,CE,Federal Contract Tower,5,3,1,0,9,0,0,22,5,27,5,3,23,5,36,47,0,47,83
11/20/2021,DEC,IL,AGL,CE,Federal Contract Tower,2,6,4,0,12,0,0,34,6,40,2,6,38,6,52,63,0,63,115
11/21/2021,DEC,IL,AGL,CE,Federal Contract Tower,4,2,3,0,9,0,0,18,4,22,4,2,21,4,31,34,14,48,79
11/22/2021,DEC,IL,AGL,CE,Federal Contract Tower,6,0,3,0,9,0,0,29,12,41,6,0,32,12,50,53,8,61,111
11/23/2021,DEC,IL,AGL,CE,Federal Contract Tower,4,2,3,0,9,0,0,37,13,50,4,2,40,13,59,56,0,56,115
11/24/2021,DEC,IL,AGL,CE,Federal Contract Tower,4,3,0,2,9,0,1,23,0,24,4,4,23,2,33,34,0,34,67
11/25/2021,DEC,IL,AGL,CE,Federal Contract Tower,2,0,1,0,3,0,0,12,0,12,2,0,13,0,15,0,0,0,15
11/26/2021,DEC,IL,AGL,CE,Federal Contract Tower,1,5,1,0,7,0,0,21,0,21,1,5,22,0,28,37,0,37,65
11/27/2021,DEC,IL,AGL,CE,Federal Contract Tower,4,1,7,0,12,0,0,20,0,20,4,1,27,0,32,30,0,30,62
11/28/2021,DEC,IL,AGL,CE,Federal Contract Tower,4,0,7,0,11,0,0,26,0,26,4,0,33,0,37,36,0,36,73
11/29/2021,DEC,IL,AGL,CE,Federal Contract Tower,3,0,1,0,4,0,0,12,0,12,3,0,13,0,16,21,0,21,37
11/30/2021,DEC,IL,AGL,CE,Federal Contract Tower,3,1,5,0,9,0,0,24,4,28,3,1,29,4,37,62,0,62,99
12/01/2021,DEC,IL,AGL,CE,Federal Contract Tower,4,6,1,0,11,0,0,23,4,27,4,6,24,4,38,46,8,54,92
12/02/2021,DEC,IL,AGL,CE,Federal Contract Tower,4,2,3,0,9,0,0,28,0,28,4,2,31,0,37,43,0,43,80
12/03/2021,DEC,IL,AGL,CE,Federal Contract Tower,5,2,5,0,12,0,0,39,0,39,5,2,44,0,51,40,0,40,91
12/04/2021,DEC,IL,AGL,CE,Federal Contract Tower,2,3,2,0,7,0,0,18,0,18,2,3,20,0,25,24,0,24,49
12/05/2021,DEC,IL,AGL,CE,Federal Contract Tower,4,0,10,0,14,0,0,5,0,5,4,0,15,0,19,4,0,4,23
12/06/2021,DEC,IL,AGL,CE,Federal Contract Tower,4,3,4,3,14,0,0,9,0,9,4,3,13,3,23,4,0,4,27
12/07/2021,DEC,IL,AGL,CE,Federal Contract Tower,1,1,2,0,4,0,1,26,16,43,1,2,28,16,47,32,54,86,133
12/08/2021,DEC,IL,AGL,CE,Federal Contract Tower,4,3,6,0,13,0,0,34,5,39,4,3,40,5,52,69,3,72,124
12/09/2021,DEC,IL,AGL,CE,Federal Contract Tower,4,2,4,0,10,0,0,22,10,32,4,2,26,10,42,22,11,33,75
12/10/2021,DEC,IL,AGL,CE,Federal Contract Tower,3,1,2,0,6,0,0,0,0,0,3,1,2,0,6,0,0,0,6
12/11/2021,DEC,IL,AGL,CE,Federal Contract Tower,1,3,0,0,4,0,0,8,0,8,1,3,8,0,12,14,0,14,26
12/12/2021,DEC,IL,AGL,CE,Federal Contract Tower,4,2,2,0,8,0,0,15,0,15,4,2,17,0,23,16,0,16,39
12/13/2021,DEC,IL,AGL,CE,Federal Contract Tower,4,2,2,1,9,0,0,21,2,23,4,2,23,3,32,36,0,36,68
12/14/2021,DEC,IL,AGL,CE,Federal Contract Tower,2,4,2,7,15,0,0,31,30,61,2,4,33,37,76,51,78,129,205
12/15/2021,DEC,IL,AGL,CE,Federal Contract Tower,3,4,1,0,8,0,0,12,1,13,3,4,13,1,21,22,3,25,46
12/16/2021,DEC,IL,AGL,CE,Federal Contract Tower,4,2,1,2,9,0,0,33,11,44,4,2,34,13,53,33,16,49,102
12/17/2021,DEC,IL,AGL,CE,Federal Contract Tower,4,2,9,2,17,0,0,19,0,19,4,2,28,2,36,28,0,28,64
12/18/2021,DEC,IL,AGL,CE,Federal Contract Tower,2,4,3,0,9,0,0,2,0,2,2,4,5,0,11,5,0,5,16
12/19/2021,DEC,IL,AGL,CE,Federal Contract Tower,4,2,3,0,9,0,0,21,0,21,4,2,24,0,30,16,0,16,46
12/20/2021,DEC,IL,AGL,CE,Federal Contract Tower,3,7,3,2,15,0,0,21,1,22,3,7,24,3,37,33,0,33,70
12/21/2021,DEC,IL,AGL,CE,Federal Contract Tower,2,6,4,1,13,0,0,27,6,33,2,6,31,7,46,62,2,64,110
12/22/2021,DEC,IL,AGL,CE,Federal Contract Tower,4,2,6,2,14,0,0,37,0,37,4,2,43,2,51,51,0,51,102
12/23/2021,DEC,IL,AGL,CE,Federal Contract Tower,4,4,2,0,10,0,0,28,0,28,4,4,30,0,38,27,0,27,65
12/24/2021,DEC,IL,AGL,CE,Federal Contract Tower,4,2,0,0,6,0,0,9,0,9,4,2,9,0,15,8,0,8,23
12/25/2021,DEC,IL,AGL,CE,Federal Contract Tower,2,0,0,0,2,0,0,0,0,0,2,0,0,0,2,0,0,0,2
12/26/2021,DEC,IL,AGL,CE,Federal Contract Tower,3,0,4,0,7,0,0,0,0,0,3,0,4,0,7,0,0,0,7
12/27/2021,DEC,IL,AGL,CE,Federal Contract Tower,2,5,8,0,15,0,0,6,0,6,2,5,14,0,21,32,0,32,53
12/28/2021,DEC,IL,AGL,CE,Federal Contract Tower,1,5,3,0,9,0,0,0,0,0,1,5,3,0,9,0,0,0,9
12/29/2021,DEC,IL,AGL,CE,Federal Contract Tower,0,4,3,0,7,0,0,9,0,9,0,4,12,0,16,18,0,18,34
12/30/2021,DEC,IL,AGL,CE,Federal Contract Tower,1,2,3,0,6,0,0,7,0,7,1,2,10,0,13,19,0,19,32
12/31/2021,DEC,IL,AGL,CE,Federal Contract Tower,3,1,0,0,4,0,0,0,0,0,3,1,0,0,4,0,0,0,4
01/01/2022,DEC,IL,AGL,CE,Federal Contract Tower,0,0,0,0,0,0,0,0,0,0,0,0,0,0,0,0,0,0,0
01/02/2022,DEC,IL,AGL,CE,Federal Contract Tower,1,0,0,0,1,0,0,2,0,2,1,0,2,0,3,6,0,6,9
01/03/2022,DEC,IL,AGL,CE,Federal Contract Tower,0,1,2,0,3,0,0,23,1,24,0,1,25,1,27,42,0,42,69
01/04/2022,DEC,IL,AGL,CE,Federal Contract Tower,2,6,4,0,12,0,0,25,3,28,2,6,29,3,40,20,0,20,60
01/05/2022,DEC,IL,AGL,CE,Federal Contract Tower,2,4,0,0,6,0,0,20,0,20,2,4,20,0,26,28,0,28,54
01/06/2022,DEC,IL,AGL,CE,Federal Contract Tower,2,5,0,0,7,0,0,29,0,29,2,5,29,0,36,53,0,53,89
01/07/2022,DEC,IL,AGL,CE,Federal Contract Tower,2,1,1,0,4,0,0,30,0,30,2,1,31,0,34,37,0,37,71
01/08/2022,DEC,IL,AGL,CE,Federal Contract Tower,0,0,8,0,8,0,0,11,0,11,0,0,19,0,19,19,0,19,38
01/09/2022,DEC,IL,AGL,CE,Federal Contract Tower,1,0,0,0,1,0,0,7,0,7,1,0,7,0,8,13,0,13,21
01/10/2022,DEC,IL,AGL,CE,Federal Contract Tower,3,4,0,0,7,0,0,10,0,10,3,4,10,0,17,18,0,18,35
01/11/2022,DEC,IL,AGL,CE,Federal Contract Tower,1,6,0,0,7,0,0,27,0,27,1,6,27,0,34,50,0,50,84
01/12/2022,DEC,IL,AGL,CE,Federal Contract Tower,5,2,2,4,13,0,0,26,4,30,5,2,28,8,43,49,22,71,114
01/13/2022,DEC,IL,AGL,CE,Federal Contract Tower,3,2,5,3,13,0,0,21,23,44,3,2,26,26,57,40,66,106,163
01/14/2022,DEC,IL,AGL,CE,Federal Contract Tower,2,0,0,2,4,0,0,3,0,3,2,0,3,2,7,9,0,9,16
01/15/2022,DEC,IL,AGL,CE,Federal Contract Tower,2,2,0,0,4,0,0,12,0,12,2,2,12,0,16,19,0,19,35
01/16/2022,DEC,IL,AGL,CE,Federal Contract Tower,3,0,5,0,8,0,0,28,0,28,3,0,33,0,36,33,0,33,69
01/17/2022,DEC,IL,AGL,CE,Federal Contract Tower,4,1,2,0,7,0,0,13,1,14,4,1,15,1,21,3,0,3,24
01/18/2022,DEC,IL,AGL,CE,Federal Contract Tower,2,2,3,0,7,0,0,18,15,33,2,2,21,15,40,26,22,48,88
01/19/2022,DEC,IL,AGL,CE,Federal Contract Tower,4,1,1,0,6,0,0,29,2,31,4,1,30,2,37,41,3,44,81
01/20/2022,DEC,IL,AGL,CE,Federal Contract Tower,4,3,2,1,10,0,0,26,2,28,4,3,28,3,38,43,7,50,88
01/21/2022,DEC,IL,AGL,CE,Federal Contract Tower,4,2,3,0,9,0,0,29,1,30,4,2,32,1,39,43,4,47,86
01/22/2022,DEC,IL,AGL,CE,Federal Contract Tower,2,2,2,0,6,0,0,19,0,19,2,2,21,0,25,33,0,33,58
01/23/2022,DEC,IL,AGL,CE,Federal Contract Tower,4,0,2,3,9,0,0,18,0,18,4,0,20,3,27,29,0,29,56
01/24/2022,DEC,IL,AGL,CE,Federal Contract Tower,2,2,0,0,4,0,0,9,1,10,2,2,9,1,14,26,0,26,40
01/25/2022,DEC,IL,AGL,CE,Federal Contract Tower,3,2,2,1,8,0,0,19,22,41,3,2,21,23,49,36,36,72,121
01/26/2022,DEC,IL,AGL,CE,Federal Contract Tower,3,2,0,2,7,0,0,28,1,29,3,2,28,3,36,57,0,57,93
01/27/2022,DEC,IL,AGL,CE,Federal Contract Tower,4,1,2,0,7,0,0,13,9,22,4,1,15,9,29,16,15,31,60
01/28/2022,DEC,IL,AGL,CE,Federal Contract Tower,2,2,0,2,6,0,0,5,0,5,2,2,5,2,11,0,0,0,11
01/29/2022,DEC,IL,AGL,CE,Federal Contract Tower,2,2,2,0,6,0,0,16,0,16,2,2,18,0,22,33,0,33,55
01/30/2022,DEC,IL,AGL,CE,Federal Contract Tower,4,0,2,0,6,0,0,16,0,16,4,0,18,0,22,24,0,24,46
01/31/2022,DEC,IL,AGL,CE,Federal Contract Tower,3,4,1,2,10,0,0,12,0,12,3,4,13,2,22,30,0,30,52
02/01/2022,DEC,IL,AGL,CE,Federal Contract Tower,2,3,4,0,9,0,0,18,1,19,2,3,22,1,28,12,0,12,40
02/02/2022,DEC,IL,AGL,CE,Federal Contract Tower,0,0,0,0,0,0,0,0,0,0,0,0,0,0,0,0,0,0,0
02/03/2022,DEC,IL,AGL,CE,Federal Contract Tower,0,0,0,0,0,0,0,0,0,0,0,0,0,0,0,0,0,0,0
02/04/2022,DEC,IL,AGL,CE,Federal Contract Tower,4,0,0,0,4,0,0,10,0,10,4,0,10,0,14,0,0,0,14
02/05/2022,DEC,IL,AGL,CE,Federal Contract Tower,2,2,0,0,4,0,0,14,10,24,2,2,14,10,28,20,8,28,56
02/06/2022,DEC,IL,AGL,CE,Federal Contract Tower,4,0,1,8,13,0,0,9,14,23,4,0,10,22,36,20,14,34,70
02/07/2022,DEC,IL,AGL,CE,Federal Contract Tower,4,1,0,0,5,0,0,17,0,17,4,1,17,0,22,32,0,32,54
02/08/2022,DEC,IL,AGL,CE,Federal Contract Tower,2,5,2,0,9,0,0,23,14,37,2,5,25,14,46,26,22,48,94
02/09/2022,DEC,IL,AGL,CE,Federal Contract Tower,4,2,0,6,12,0,0,29,12,41,4,2,29,18,53,43,67,110,163
02/10/2022,DEC,IL,AGL,CE,Federal Contract Tower,4,2,4,0,10,0,0,13,22,35,4,2,17,22,45,20,56,76,121
02/11/2022,DEC,IL,AGL,CE,Federal Contract Tower,4,4,8,0,16,0,0,9,0,9,4,4,17,0,25,13,0,13,38
02/12/2022,DEC,IL,AGL,CE,Federal Contract Tower,2,11,0,0,13,0,0,9,0,9,2,11,9,0,22,15,0,15,37
02/13/2022,DEC,IL,AGL,CE,Federal Contract Tower,4,3,3,1,11,0,0,9,0,9,4,3,12,1,20,4,0,4,24
02/14/2022,DEC,IL,AGL,CE,Federal Contract Tower,5,5,3,0,13,0,0,17,0,17,5,5,20,0,30,62,0,62,92
02/15/2022,DEC,IL,AGL,CE,Federal Contract Tower,2,4,3,5,14,0,0,23,14,37,2,4,26,19,51,42,42,84,135
02/16/2022,DEC,IL,AGL,CE,Federal Contract Tower,3,5,0,2,10,0,0,16,0,16,3,5,16,2,26,24,0,24,50
02/17/2022,DEC,IL,AGL,CE,Federal Contract Tower,0,2,0,0,2,0,0,0,0,0,0,2,0,0,2,0,0,0,2
02/18/2022,DEC,IL,AGL,CE,Federal Contract Tower,3,0,0,0,3,0,0,13,0,13,3,0,13,0,16,18,0,18,34
02/19/2022,DEC,IL,AGL,CE,Federal Contract Tower,2,5,5,0,12,0,0,27,0,27,2,5,32,0,39,48,0,48,87
02/20/2022,DEC,IL,AGL,CE,Federal Contract Tower,4,0,1,0,5,0,0,13,0,13,4,0,14,0,18,30,0,30,48
02/21/2022,DEC,IL,AGL,CE,Federal Contract Tower,4,3,6,0,13,0,0,18,0,18,4,3,24,0,31,39,0,39,70
02/22/2022,DEC,IL,AGL,CE,Federal Contract Tower,2,4,0,0,6,0,0,14,14,28,2,4,14,14,34,22,46,68,102
02/23/2022,DEC,IL,AGL,CE,Federal Contract Tower,3,2,5,1,11,0,0,12,1,13,3,2,17,2,24,28,3,31,55
02/24/2022,DEC,IL,AGL,CE,Federal Contract Tower,3,2,0,0,5,0,0,0,0,0,3,2,0,0,5,0,0,0,5
02/25/2022,DEC,IL,AGL,CE,Federal Contract Tower,3,0,8,0,11,0,0,6,2,8,3,0,14,2,19,0,0,0,19
02/26/2022,DEC,IL,AGL,CE,Federal Contract Tower,2,2,6,0,10,0,0,42,0,42,2,2,48,0,52,46,0,46,98
02/27/2022,DEC,IL,AGL,CE,Federal Contract Tower,4,0,19,0,23,0,0,23,0,23,4,0,42,0,46,39,0,39,85
02/28/2022,DEC,IL,AGL,CE,Federal Contract Tower,4,4,0,0,8,0,0,21,2,23,4,4,21,2,31,42,0,42,73
03/01/2022,DEC,IL,AGL,CE,Federal Contract Tower,1,4,0,1,6,0,0,16,19,35,1,4,16,20,41,24,66,90,131
03/02/2022,DEC,IL,AGL,CE,Federal Contract Tower,4,1,10,0,15,0,0,57,0,57,4,1,67,0,72,34,0,34,106
03/03/2022,DEC,IL,AGL,CE,Federal Contract Tower,4,2,9,2,17,0,0,44,6,50,4,2,53,8,67,70,10,80,147
03/04/2022,DEC,IL,AGL,CE,Federal Contract Tower,3,2,2,3,10,0,0,48,2,50,3,2,50,5,60,48,9,57,117
03/05/2022,DEC,IL,AGL,CE,Federal Contract Tower,2,4,0,0,6,0,0,22,0,22,2,4,22,0,28,27,0,27,55
03/06/2022,DEC,IL,AGL,CE,Federal Contract Tower,4,1,19,0,24,0,0,23,2,25,4,1,42,2,49,24,8,32,81
03/07/2022,DEC,IL,AGL,CE,Federal Contract Tower,4,2,4,4,14,0,0,10,0,10,4,2,14,4,24,17,0,17,41
03/08/2022,DEC,IL,AGL,CE,Federal Contract Tower,1,3,4,4,12,0,0,20,17,37,1,3,24,21,49,42,46,88,137
03/09/2022,DEC,IL,AGL,CE,Federal Contract Tower,3,2,7,0,12,0,0,46,1,47,3,2,53,1,59,58,2,60,119
03/10/2022,DEC,IL,AGL,CE,Federal Contract Tower,3,1,3,1,8,0,0,21,18,39,3,1,24,19,47,18,64,82,129
03/11/2022,DEC,IL,AGL,CE,Federal Contract Tower,4,4,8,0,16,2,0,19,0,21,6,4,27,0,37,37,0,37,74
03/12/2022,DEC,IL,AGL,CE,Federal Contract Tower,2,6,0,0,8,0,0,25,2,27,2,6,25,2,35,22,16,38,73
03/13/2022,DEC,IL,AGL,CE,Federal Contract Tower,3,2,2,0,7,0,0,20,1,21,3,2,22,1,28,24,4,28,56
03/14/2022,DEC,IL,AGL,CE,Federal Contract Tower,4,0,2,0,6,0,0,8,5,13,4,0,10,5,19,0,0,0,19
03/15/2022,DEC,IL,AGL,CE,Federal Contract Tower,2,1,4,3,10,0,0,30,18,48,2,1,34,21,58,34,50,84,142
03/16/2022,DEC,IL,AGL,CE,Federal Contract Tower,3,2,12,3,20,0,0,30,0,30,3,2,42,3,50,66,0,66,116
03/17/2022,DEC,IL,AGL,CE,Federal Contract Tower,4,2,0,1,7,0,0,5,0,5,4,2,5,1,12,42,72,114,126
03/18/2022,DEC,IL,AGL,CE,Federal Contract Tower,4,5,1,0,10,0,0,11,0,11,4,5,12,0,21,5,0,5,26
03/19/2022,DEC,IL,AGL,CE,Federal Contract Tower,2,7,0,0,9,0,0,18,0,18,2,7,18,0,27,34,0,34,61
03/20/2022,DEC,IL,AGL,CE,Federal Contract Tower,5,1,0,0,6,0,0,44,0,44,5,1,44,0,50,78,0,78,128
03/21/2022,DEC,IL,AGL,CE,Federal Contract Tower,5,0,0,2,7,0,0,24,0,24,5,0,24,2,31,32,0,32,63
03/22/2022,DEC,IL,AGL,CE,Federal Contract Tower,2,2,0,2,6,0,0,4,2,6,2,2,4,4,12,0,4,4,16
03/23/2022,DEC,IL,AGL,CE,Federal Contract Tower,4,8,2,0,14,0,0,0,0,0,4,8,2,0,14,0,0,0,14
03/24/2022,DEC,IL,AGL,CE,Federal Contract Tower,4,2,16,0,22,0,0,10,9,19,4,2,26,9,41,15,18,33,74
03/25/2022,DEC,IL,AGL,CE,Federal Contract Tower,4,5,2,3,14,0,0,7,6,13,4,5,9,9,27,16,13,29,56
03/26/2022,DEC,IL,AGL,CE,Federal Contract Tower,0,0,1,0,1,0,0,16,0,16,0,0,17,0,17,44,0,44,61
03/27/2022,DEC,IL,AGL,CE,Federal Contract Tower,2,0,7,0,9,0,0,25,0,25,2,0,32,0,34,40,0,40,74
03/28/2022,DEC,IL,AGL,CE,Federal Contract Tower,4,0,1,5,10,0,0,26,0,26,4,0,27,5,36,76,0,76,112
03/29/2022,DEC,IL,AGL,CE,Federal Contract Tower,2,1,4,2,9,0,0,7,26,33,2,1,11,28,42,0,48,48,90
03/30/2022,DEC,IL,AGL,CE,Federal Contract Tower,4,2,2,0,8,0,0,7,3,10,4,2,9,3,18,15,12,27,45
03/31/2022,DEC,IL,AGL,CE,Federal Contract Tower,4,4,0,3,11,0,0,14,5,19,4,4,14,8,30,21,22,43,73
04/01/2022,DEC,IL,AGL,CE,Federal Contract Tower,2,2,0,0,4,0,0,29,0,29,2,2,29,0,33,39,0,39,72
04/02/2022,DEC,IL,AGL,CE,Federal Contract Tower,2,4,0,0,6,0,0,22,0,22,2,4,22,0,28,25,0,25,53
04/03/2022,DEC,IL,AGL,CE,Federal Contract Tower,8,1,0,0,9,0,0,27,0,27,8,1,27,0,36,49,0,49,85
04/04/2022,DEC,IL,AGL,CE,Federal Contract Tower,8,1,0,1,10,0,0,10,6,16,8,1,10,7,26,14,4,18,44
04/05/2022,DEC,IL,AGL,CE,Federal Contract Tower,6,7,2,1,16,0,0,0,2,2,6,7,2,3,18,0,0,0,18
04/06/2022,DEC,IL,AGL,CE,Federal Contract Tower,8,1,4,0,13,0,0,19,0,19,8,1,23,0,32,48,0,48,80
04/07/2022,DEC,IL,AGL,CE,Federal Contract Tower,8,5,2,0,15,0,0,15,12,27,8,5,17,12,42,9,35,44,86
04/08/2022,DEC,IL,AGL,CE,Federal Contract Tower,8,1,10,0,19,0,0,10,2,12,8,1,20,2,31,16,4,20,51
04/09/2022,DEC,IL,AGL,CE,Federal Contract Tower,4,2,1,0,7,0,0,53,0,53,4,2,54,0,60,50,0,50,110
04/10/2022,DEC,IL,AGL,CE,Federal Contract Tower,8,3,1,0,12,0,0,15,0,15,8,3,16,0,27,11,0,11,38
04/11/2022,DEC,IL,AGL,CE,Federal Contract Tower,8,5,2,0,15,0,0,14,4,18,8,5,16,4,33,8,0,8,41
04/12/2022,DEC,IL,AGL,CE,Federal Contract Tower,8,3,5,2,18,0,0,12,12,24,8,3,17,14,42,0,22,22,64
04/13/2022,DEC,IL,AGL,CE,Federal Contract Tower,10,2,0,2,14,0,0,9,4,13,10,2,9,6,27,12,0,12,39
04/14/2022,DEC,IL,AGL,CE,Federal Contract Tower,6,4,1,3,14,0,0,31,18,49,6,4,32,21,63,43,21,64,127
04/15/2022,DEC,IL,AGL,CE,Federal Contract Tower,8,3,4,0,15,0,0,26,3,29,8,3,30,3,44,33,12,45,89
04/16/2022,DEC,IL,AGL,CE,Federal Contract Tower,4,4,8,0,16,0,0,40,0,40,4,4,48,0,56,72,0,72,128
04/17/2022,DEC,IL,AGL,CE,Federal Contract Tower,8,0,3,2,13,0,0,18,0,18,8,0,21,2,31,9,0,9,40
04/18/2022,DEC,IL,AGL,CE,Federal Contract Tower,6,1,8,0,15,0,0,12,0,12,6,1,20,0,27,8,0,8,35
04/19/2022,DEC,IL,AGL,CE,Federal Contract Tower,8,4,3,1,16,0,0,37,7,44,8,4,40,8,60,54,0,54,114
04/20/2022,DEC,IL,AGL,CE,Federal Contract Tower,8,2,4,3,17,0,0,19,1,20,8,2,23,4,37,26,3,29,66
04/21/2022,DEC,IL,AGL,CE,Federal Contract Tower,8,2,8,2,20,0,0,29,2,31,8,2,37,4,51,53,3,56,107
04/22/2022,DEC,IL,AGL,CE,Federal Contract Tower,8,1,5,0,14,0,0,15,0,15,8,1,20,0,29,28,0,28,57
04/23/2022,DEC,IL,AGL,CE,Federal Contract Tower,4,1,12,0,17,0,0,19,9,28,4,1,31,9,45,19,8,27,72
04/24/2022,DEC,IL,AGL,CE,Federal Contract Tower,8,0,2,3,13,0,0,4,0,4,8,0,6,3,17,7,0,7,24
04/25/2022,DEC,IL,AGL,CE,Federal Contract Tower,8,0,4,2,14,0,0,22,6,28,8,0,26,8,42,43,0,43,85
04/26/2022,DEC,IL,AGL,CE,Federal Contract Tower,8,4,4,1,17,0,0,36,0,36,8,4,40,1,53,40,0,40,93
04/27/2022,DEC,IL,AGL,CE,Federal Contract Tower,8,2,4,0,14,0,0,39,2,41,8,2,43,2,55,73,6,79,134
04/28/2022,DEC,IL,AGL,CE,Federal Contract Tower,8,6,3,2,19,0,0,26,4,30,8,6,29,6,49,31,2,33,82
04/29/2022,DEC,IL,AGL,CE,Federal Contract Tower,8,4,6,2,20,0,0,17,0,17,8,4,23,2,37,51,0,51,88
04/30/2022,DEC,IL,AGL,CE,Federal Contract Tower,4,1,1,0,6,0,0,8,0,8,4,1,9,0,14,12,0,12,26
05/01/2022,DEC,IL,AGL,CE,Federal Contract Tower,8,6,1,0,15,0,0,16,0,16,8,6,17,0,31,15,0,15,46
05/02/2022,DEC,IL,AGL,CE,Federal Contract Tower,8,2,2,0,12,0,0,19,3,22,8,2,21,3,34,29,4,33,67
05/03/2022,DEC,IL,AGL,CE,Federal Contract Tower,8,4,5,0,17,0,0,3,0,3,8,4,8,0,20,0,0,0,20
05/04/2022,DEC,IL,AGL,CE,Federal Contract Tower,8,1,13,5,27,0,0,20,0,20,8,1,33,5,47,37,0,37,84
05/05/2022,DEC,IL,AGL,CE,Federal Contract Tower,8,1,2,0,11,0,0,4,0,4,8,1,6,0,15,12,0,12,27
05/06/2022,DEC,IL,AGL,CE,Federal Contract Tower,8,3,3,0,14,0,0,0,0,0,8,3,3,0,14,0,0,0,14
05/07/2022,DEC,IL,AGL,CE,Federal Contract Tower,4,4,1,0,9,0,0,28,0,28,4,4,29,0,37,43,0,43,80
05/08/2022,DEC,IL,AGL,CE,Federal Contract Tower,8,2,3,0,13,0,0,15,0,15,8,2,18,0,28,29,0,29,57
05/09/2022,DEC,IL,AGL,CE,Federal Contract Tower,9,0,4,3,16,0,0,14,3,17,9,0,18,6,33,22,18,40,73
05/10/2022,DEC,IL,AGL,CE,Federal Contract Tower,4,3,0,0,7,0,0,38,17,55,4,3,38,17,62,46,17,63,125
05/11/2022,DEC,IL,AGL,CE,Federal Contract Tower,8,3,3,0,14,0,0,28,5,33,8,3,31,5,47,32,4,36,83
05/12/2022,DEC,IL,AGL,CE,Federal Contract Tower,6,1,1,1,9,0,0,43,4,47,6,1,44,5,56,0,0,0,56
05/13/2022,DEC,IL,AGL,CE,Federal Contract Tower,10,5,7,2,24,0,0,28,1,29,10,5,35,3,53,50,1,51,104
05/14/2022,DEC,IL,AGL,CE,Federal Contract Tower,4,3,1,0,8,0,0,26,0,26,4,3,27,0,34,38,0,38,72
05/15/2022,DEC,IL,AGL,CE,Federal Contract Tower,7,2,0,0,9,0,0,32,0,32,7,2,32,0,41,36,0,36,77
05/16/2022,DEC,IL,AGL,CE,Federal Contract Tower,9,1,7,0,17,0,1,16,0,17,9,2,23,0,34,35,0,35,69
05/17/2022,DEC,IL,AGL,CE,Federal Contract Tower,4,6,8,2,20,0,0,33,17,50,4,6,41,19,70,55,57,112,182
05/18/2022,DEC,IL,AGL,CE,Federal Contract Tower,8,2,3,4,17,0,0,13,0,13,8,2,16,4,30,35,0,35,65
05/19/2022,DEC,IL,AGL,CE,Federal Contract Tower,7,3,1,1,12,0,0,21,11,32,7,3,22,12,44,16,8,24,68
05/20/2022,DEC,IL,AGL,CE,Federal Contract Tower,10,6,2,0,18,0,0,9,6,15,10,6,11,6,33,6,28,34,67
05/21/2022,DEC,IL,AGL,CE,Federal Contract Tower,4,1,2,0,7,0,0,0,0,0,4,1,2,0,7,0,0,0,7
05/22/2022,DEC,IL,AGL,CE,Federal Contract Tower,8,0,0,0,8,0,0,48,4,52,8,0,48,4,60,42,4,46,106
05/23/2022,DEC,IL,AGL,CE,Federal Contract Tower,8,6,0,2,16,0,3,42,1,46,8,9,42,3,62,56,0,56,118
05/24/2022,DEC,IL,AGL,CE,Federal Contract Tower,4,1,0,1,6,0,0,29,12,41,4,1,29,13,47,21,25,46,93
05/25/2022,DEC,IL,AGL,CE,Federal Contract Tower,10,5,8,4,27,0,0,14,4,18,10,5,22,8,45,11,4,15,60
05/26/2022,DEC,IL,AGL,CE,Federal Contract Tower,7,1,7,1,16,0,0,7,7,14,7,1,14,8,30,16,21,37,67
05/27/2022,DEC,IL,AGL,CE,Federal Contract Tower,9,1,0,0,10,0,0,2,0,2,9,1,2,0,12,0,0,0,12
05/28/2022,DEC,IL,AGL,CE,Federal Contract Tower,4,2,5,0,11,0,0,30,0,30,4,2,35,0,41,25,0,25,66
05/29/2022,DEC,IL,AGL,CE,Federal Contract Tower,9,2,0,0,11,0,0,20,0,20,9,2,20,0,31,32,0,32,63
05/30/2022,DEC,IL,AGL,CE,Federal Contract Tower,9,5,3,0,17,0,0,21,0,21,9,5,24,0,38,20,0,20,58
05/31/2022,DEC,IL,AGL,CE,Federal Contract Tower,4,1,6,0,11,0,0,25,0,25,4,1,31,0,36,32,0,32,68
06/01/2022,DEC,IL,AGL,CE,Federal Contract Tower,3,8,0,0,11,0,0,20,2,22,3,8,20,2,33,23,7,30,63
06/02/2022,DEC,IL,AGL,CE,Federal Contract Tower,8,5,5,0,18,0,0,34,10,44,8,5,39,10,62,51,13,64,126
06/03/2022,DEC,IL,AGL,CE,Federal Contract Tower,8,6,6,2,22,0,0,41,11,52,8,6,47,13,74,60,14,74,148
06/04/2022,DEC,IL,AGL,CE,Federal Contract Tower,4,1,4,0,9,0,0,101,0,101,4,1,105,0,110,21,0,21,131
06/05/2022,DEC,IL,AGL,CE,Federal Contract Tower,8,2,3,2,15,0,0,24,0,24,8,2,27,2,39,28,10,38,77
06/06/2022,DEC,IL,AGL,CE,Federal Contract Tower,8,0,12,0,20,0,0,14,1,15,8,0,26,1,35,37,0,37,72
06/07/2022,DEC,IL,AGL,CE,Federal Contract Tower,4,1,6,3,14,0,0,31,9,40,4,1,37,12,54,74,4,78,132
06/08/2022,DEC,IL,AGL,CE,Federal Contract Tower,8,7,0,2,17,0,7,2,0,9,8,14,2,2,26,7,4,11,37
06/09/2022,DEC,IL,AGL,CE,Federal Contract Tower,8,3,3,4,18,0,0,46,7,53,8,3,49,11,71,26,13,39,110
06/10/2022,DEC,IL,AGL,CE,Federal Contract Tower,9,1,6,0,16,0,0,9,6,15,9,1,15,6,31,16,8,24,55
06/11/2022,DEC,IL,AGL,CE,Federal Contract Tower,4,1,2,0,7,0,0,25,0,25,4,1,27,0,32,40,0,40,72
06/12/2022,DEC,IL,AGL,CE,Federal Contract Tower,7,1,3,0,11,0,0,24,0,24,7,1,27,0,35,38,0,38,73
06/13/2022,DEC,IL,AGL,CE,Federal Contract Tower,0,8,4,0,12,0,0,26,6,32,0,8,30,6,44,34,4,38,82
06/14/2022,DEC,IL,AGL,CE,Federal Contract Tower,4,1,6,0,11,0,0,18,9,27,4,1,24,9,38,18,26,44,82
06/15/2022,DEC,IL,AGL,CE,Federal Contract Tower,9,1,1,0,11,0,0,22,2,24,9,1,23,2,35,49,0,49,84
06/16/2022,DEC,IL,AGL,CE,Federal Contract Tower,8,1,6,2,17,0,0,18,7,25,8,1,24,9,42,9,0,9,51
06/17/2022,DEC,IL,AGL,CE,Federal Contract Tower,8,1,3,2,14,0,0,6,2,8,8,1,9,4,22,6,10,16,38
06/18/2022,DEC,IL,AGL,CE,Federal Contract Tower,4,1,0,1,6,0,0,23,0,23,4,1,23,1,29,28,0,28,57
06/19/2022,DEC,IL,AGL,CE,Federal Contract Tower,5,0,7,0,12,0,0,17,0,17,5,0,24,0,29,0,11,11,40
06/20/2022,DEC,IL,AGL,CE,Federal Contract Tower,8,2,3,0,13,0,0,33,0,33,8,2,36,0,46,37,0,37,83
06/21/2022,DEC,IL,AGL,CE,Federal Contract Tower,4,3,6,0,13,0,0,21,0,21,4,3,27,0,34,22,0,22,56
06/22/2022,DEC,IL,AGL,CE,Federal Contract Tower,8,2,2,1,13,0,0,32,15,47,8,2,34,16,60,62,28,90,150
06/23/2022,DEC,IL,AGL,CE,Federal Contract Tower,8,1,4,0,13,0,0,25,8,33,8,1,29,8,46,38,6,44,90
06/24/2022,DEC,IL,AGL,CE,Federal Contract Tower,8,1,4,2,15,0,0,27,3,30,8,1,31,5,45,36,0,36,81
06/25/2022,DEC,IL,AGL,CE,Federal Contract Tower,4,1,3,0,8,0,0,17,0,17,4,1,20,0,25,12,0,12,37
06/26/2022,DEC,IL,AGL,CE,Federal Contract Tower,8,2,5,0,15,0,0,3,0,3,8,2,8,0,18,0,0,0,18
06/27/2022,DEC,IL,AGL,CE,Federal Contract Tower,8,0,6,2,16,0,0,30,7,37,8,0,36,9,53,37,23,60,113
06/28/2022,DEC,IL,AGL,CE,Federal Contract Tower,4,3,12,2,21,0,0,29,15,44,4,3,41,17,65,61,20,81,146
06/29/2022,DEC,IL,AGL,CE,Federal Contract Tower,8,2,4,2,16,0,0,30,8,38,8,2,34,10,54,45,15,60,114
06/30/2022,DEC,IL,AGL,CE,Federal Contract Tower,8,3,0,4,15,0,0,44,3,47,8,3,44,7,62,30,2,32,94
07/01/2022,DEC,IL,AGL,CE,Federal Contract Tower,8,1,3,0,12,0,0,17,0,17,8,1,20,0,29,20,0,20,49
07/02/2022,DEC,IL,AGL,CE,Federal Contract Tower,4,2,4,0,10,0,0,6,0,6,4,2,10,0,16,10,0,10,26
07/03/2022,DEC,IL,AGL,CE,Federal Contract Tower,8,2,0,0,10,0,0,22,0,22,8,2,22,0,32,6,0,6,38
07/04/2022,DEC,IL,AGL,CE,Federal Contract Tower,8,0,2,0,10,0,0,27,0,27,8,0,29,0,37,41,0,41,78
07/05/2022,DEC,IL,AGL,CE,Federal Contract Tower,4,2,2,0,8,0,0,23,5,28,4,2,25,5,36,28,3,31,67
07/06/2022,DEC,IL,AGL,CE,Federal Contract Tower,8,1,1,2,12,0,0,30,4,34,8,1,31,6,46,51,14,65,111
07/07/2022,DEC,IL,AGL,CE,Federal Contract Tower,8,6,12,0,26,0,0,5,0,5,8,6,17,0,31,10,0,10,41
07/08/2022,DEC,IL,AGL,CE,Federal Contract Tower,7,5,3,1,16,0,0,33,0,33,7,5,36,1,49,10,0,10,59
07/09/2022,DEC,IL,AGL,CE,Federal Contract Tower,6,1,6,0,13,0,0,12,4,16,6,1,18,4,29,10,0,10,39
07/10/2022,DEC,IL,AGL,CE,Federal Contract Tower,8,0,3,0,11,0,0,98,0,98,8,0,101,0,109,30,0,30,139
07/11/2022,DEC,IL,AGL,CE,Federal Contract Tower,9,2,5,1,17,0,0,94,4,98,9,2,99,5,115,28,14,42,157
07/12/2022,DEC,IL,AGL,CE,Federal Contract Tower,4,2,6,6,18,0,0,119,5,124,4,2,125,11,142,38,12,50,192
07/13/2022,DEC,IL,AGL,CE,Federal Contract Tower,8,1,5,2,16,0,0,111,6,117,8,1,116,8,133,16,23,39,172
07/14/2022,DEC,IL,AGL,CE,Federal Contract Tower,8,6,2,0,16,0,3,123,3,129,8,9,125,3,145,20,0,20,165
07/15/2022,DEC,IL,AGL,CE,Federal Contract Tower,8,3,0,0,11,0,0,65,0,65,8,3,65,0,76,25,0,25,101
07/16/2022,DEC,IL,AGL,CE,Federal Contract Tower,4,2,0,0,6,0,0,171,0,171,4,2,171,0,177,44,0,44,221
07/17/2022,DEC,IL,AGL,CE,Federal Contract Tower,7,0,3,0,10,0,0,10,0,10,7,0,13,0,20,0,0,0,20
07/18/2022,DEC,IL,AGL,CE,Federal Contract Tower,8,2,8,2,20,0,0,155,0,155,8,2,163,2,175,22,0,22,197
07/19/2022,DEC,IL,AGL,CE,Federal Contract Tower,4,1,3,0,8,0,0,182,7,189,4,1,185,7,197,28,0,28,225
07/20/2022,DEC,IL,AGL,CE,Federal Contract Tower,8,1,3,1,13,0,0,54,3,57,8,1,57,4,70,36,4,40,110
07/21/2022,DEC,IL,AGL,CE,Federal Contract Tower,8,4,4,1,17,0,0,152,4,156,8,4,156,5,173,30,0,30,203
07/22/2022,DEC,IL,AGL,CE,Federal Contract Tower,8,2,1,0,11,0,0,124,0,124,8,2,125,0,135,15,0,15,150
07/23/2022,DEC,IL,AGL,CE,Federal Contract Tower,4,3,5,0,12,0,0,86,0,86,4,3,91,0,98,30,0,30,128
07/24/2022,DEC,IL,AGL,CE,Federal Contract Tower,8,0,2,0,10,0,0,20,0,20,8,0,22,0,30,24,0,24,54
07/25/2022,DEC,IL,AGL,CE,Federal Contract Tower,8,4,5,4,21,0,0,158,4,162,8,4,163,8,183,48,12,60,243
07/26/2022,DEC,IL,AGL,CE,Federal Contract Tower,4,1,9,2,16,0,0,14,0,14,4,1,23,2,30,0,0,0,30
07/27/2022,DEC,IL,AGL,CE,Federal Contract Tower,8,1,4,4,17,0,0,63,10,73,8,1,67,14,90,28,5,33,123
07/28/2022,DEC,IL,AGL,CE,Federal Contract Tower,8,4,2,1,15,0,0,107,8,115,8,4,109,9,130,16,20,36,166
07/29/2022,DEC,IL,AGL,CE,Federal Contract Tower,8,4,2,0,14,0,0,111,7,118,8,4,113,7,132,36,20,56,188
07/30/2022,DEC,IL,AGL,CE,Federal Contract Tower,4,1,3,0,8,0,0,0,0,0,4,1,3,0,8,24,0,24,32
07/31/2022,DEC,IL,AGL,CE,Federal Contract Tower,8,4,4,0,16,0,0,76,0,76,8,4,80,0,92,32,0,32,124
08/01/2022,DEC,IL,AGL,CE,Federal Contract Tower,8,0,11,2,21,0,0,22,0,22,8,0,33,2,43,40,0,40,83
08/02/2022,DEC,IL,AGL,CE,Federal Contract Tower,3,2,4,0,9,0,0,41,2,43,3,2,45,2,52,7,0,7,59
08/03/2022,DEC,IL,AGL,CE,Federal Contract Tower,8,6,0,0,14,0,0,44,1,45,8,6,44,1,59,20,0,20,79
08/04/2022,DEC,IL,AGL,CE,Federal Contract Tower,7,3,6,2,18,0,0,108,0,108,7,3,114,2,126,20,0,20,146
08/05/2022,DEC,IL,AGL,CE,Federal Contract Tower,8,3,3,0,14,0,0,55,1,56,8,3,58,1,70,0,0,0,70
08/06/2022,DEC,IL,AGL,CE,Federal Contract Tower,3,1,3,0,7,0,0,68,0,68,3,1,71,0,75,5,0,5,80
08/07/2022,DEC,IL,AGL,CE,Federal Contract Tower,4,2,4,0,10,0,0,68,2,70,4,2,72,2,80,30,0,30,110
08/08/2022,DEC,IL,AGL,CE,Federal Contract Tower,8,0,8,0,16,0,0,34,0,34,8,0,42,0,50,27,0,27,77
08/09/2022,DEC,IL,AGL,CE,Federal Contract Tower,4,1,5,0,10,0,0,28,2,30,4,1,33,2,40,41,0,41,81
08/10/2022,DEC,IL,AGL,CE,Federal Contract Tower,8,2,4,2,16,0,0,46,4,50,8,2,50,6,66,32,12,44,110
08/11/2022,DEC,IL,AGL,CE,Federal Contract Tower,8,1,3,0,12,0,0,56,2,58,8,1,59,2,70,28,0,28,98
08/12/2022,DEC,IL,AGL,CE,Federal Contract Tower,8,1,3,2,14,0,0,25,1,26,8,1,28,3,40,38,0,38,78
08/13/2022,DEC,IL,AGL,CE,Federal Contract Tower,4,1,2,1,8,0,0,27,1,28,4,1,29,2,36,36,5,41,77
08/14/2022,DEC,IL,AGL,CE,Federal Contract Tower,8,0,10,0,18,0,0,13,3,16,8,0,23,3,34,0,0,0,34
08/15/2022,DEC,IL,AGL,CE,Federal Contract Tower,8,0,3,0,11,0,0,23,0,23,8,0,26,0,34,40,0,40,74
08/16/2022,DEC,IL,AGL,CE,Federal Contract Tower,4,4,3,3,14,0,0,45,4,49,4,4,48,7,63,91,23,114,177
08/17/2022,DEC,IL,AGL,CE,Federal Contract Tower,7,4,6,0,17,0,0,49,2,51,7,4,55,2,68,81,0,81,149
08/18/2022,DEC,IL,AGL,CE,Federal Contract Tower,9,4,12,2,27,0,0,30,6,36,9,4,42,8,63,48,0,48,111
08/19/2022,DEC,IL,AGL,CE,Federal Contract Tower,7,4,4,0,15,0,0,30,0,30,7,4,34,0,45,8,0,8,53
08/20/2022,DEC,IL,AGL,CE,Federal Contract Tower,3,5,2,0,10,0,0,4,2,6,3,5,6,2,16,0,0,0,16
08/21/2022,DEC,IL,AGL,CE,Federal Contract Tower,7,2,3,0,12,0,0,22,0,22,7,2,25,0,34,34,0,34,68
08/22/2022,DEC,IL,AGL,CE,Federal Contract Tower,8,0,8,4,20,0,0,41,1,42,8,0,49,5,62,39,5,44,106
08/23/2022,DEC,IL,AGL,CE,Federal Contract Tower,4,2,8,3,17,0,0,61,9,70,4,2,69,12,87,28,20,48,135
08/24/2022,DEC,IL,AGL,CE,Federal Contract Tower,7,1,1,0,9,0,0,46,3,49,7,1,47,3,58,21,0,21,79
08/25/2022,DEC,IL,AGL,CE,Federal Contract Tower,8,1,3,0,12,0,0,41,2,43,8,1,44,2,55,22,16,38,93
08/26/2022,DEC,IL,AGL,CE,Federal Contract Tower,8,1,4,0,13,0,0,19,0,19,8,1,23,0,32,18,0,18,50
08/27/2022,DEC,IL,AGL,CE,Federal Contract Tower,4,1,4,0,9,0,0,24,0,24,4,1,28,0,33,14,0,14,47
08/28/2022,DEC,IL,AGL,CE,Federal Contract Tower,6,2,10,0,18,0,0,19,0,19,6,2,29,0,37,12,0,12,49
08/29/2022,DEC,IL,AGL,CE,Federal Contract Tower,2,2,4,0,8,0,0,25,2,27,2,2,29,2,35,32,0,32,67
08/30/2022,DEC,IL,AGL,CE,Federal Contract Tower,3,3,1,5,12,0,0,37,18,55,3,3,38,23,67,42,24,66,133
08/31/2022,DEC,IL,AGL,CE,Federal Contract Tower,8,1,6,1,16,0,0,59,1,60,8,1,65,2,76,43,0,43,119
09/01/2022,DEC,IL,AGL,CE,Federal Contract Tower,8,5,3,0,16,0,0,42,2,44,8,5,45,2,60,50,0,50,110
09/02/2022,DEC,IL,AGL,CE,Federal Contract Tower,8,4,1,0,13,0,0,22,0,22,8,4,23,0,35,25,0,25,60
09/03/2022,DEC,IL,AGL,CE,Federal Contract Tower,4,3,2,0,9,0,0,15,0,15,4,3,17,0,24,24,0,24,48
09/04/2022,DEC,IL,AGL,CE,Federal Contract Tower,8,0,3,0,11,0,0,14,0,14,8,0,17,0,25,12,0,12,37
09/05/2022,DEC,IL,AGL,CE,Federal Contract Tower,8,0,16,0,24,0,0,13,0,13,8,0,29,0,37,16,0,16,53
09/06/2022,DEC,IL,AGL,CE,Federal Contract Tower,4,6,13,2,25,0,0,14,16,30,4,6,27,18,55,54,36,90,145
09/07/2022,DEC,IL,AGL,CE,Federal Contract Tower,9,4,1,0,14,0,0,43,6,49,9,4,44,6,63,27,8,35,98
09/08/2022,DEC,IL,AGL,CE,Federal Contract Tower,8,8,2,0,18,0,0,34,8,42,8,8,36,8,60,15,6,21,81
09/09/2022,DEC,IL,AGL,CE,Federal Contract Tower,8,3,2,2,15,0,0,33,5,38,8,3,35,7,53,48,0,48,101
09/10/2022,DEC,IL,AGL,CE,Federal Contract Tower,4,4,2,0,10,0,0,30,5,35,4,4,32,5,45,26,0,26,71
09/11/2022,DEC,IL,AGL,CE,Federal Contract Tower,8,3,2,0,13,0,0,8,0,8,8,3,10,0,21,12,0,12,33
09/12/2022,DEC,IL,AGL,CE,Federal Contract Tower,6,0,8,2,16,0,0,25,0,25,6,0,33,2,41,47,0,47,88
09/13/2022,DEC,IL,AGL,CE,Federal Contract Tower,6,1,3,0,10,0,0,25,17,42,6,1,28,17,52,28,10,38,90
09/14/2022,DEC,IL,AGL,CE,Federal Contract Tower,8,3,4,2,17,0,0,40,6,46,8,3,44,8,63,14,0,14,77
09/15/2022,DEC,IL,AGL,CE,Federal Contract Tower,8,1,5,2,16,0,0,15,6,21,8,1,20,8,37,14,3,17,54
09/16/2022,DEC,IL,AGL,CE,Federal Contract Tower,8,2,5,2,17,0,0,26,0,26,8,2,31,2,43,32,0,32,75
09/17/2022,DEC,IL,AGL,CE,Federal Contract Tower,6,4,2,0,12,0,0,25,6,31,6,4,27,6,43,10,8,18,61
09/18/2022,DEC,IL,AGL,CE,Federal Contract Tower,8,0,7,0,15,0,0,11,2,13,8,0,18,2,28,22,0,22,50
09/19/2022,DEC,IL,AGL,CE,Federal Contract Tower,8,1,3,0,12,0,0,22,0,22,8,1,25,0,34,68,0,68,102
09/20/2022,DEC,IL,AGL,CE,Federal Contract Tower,4,3,8,0,15,0,0,32,2,34,4,3,40,2,49,25,8,33,82
09/21/2022,DEC,IL,AGL,CE,Federal Contract Tower,7,3,1,4,15,0,0,27,5,32,7,3,28,9,47,20,2,22,69
09/22/2022,DEC,IL,AGL,CE,Federal Contract Tower,8,5,1,0,14,0,0,17,13,30,8,5,18,13,44,12,34,46,90
09/23/2022,DEC,IL,AGL,CE,Federal Contract Tower,6,1,4,2,13,0,0,23,0,23,6,1,27,2,36,25,0,25,61
09/24/2022,DEC,IL,AGL,CE,Federal Contract Tower,4,1,4,0,9,0,0,32,1,33,4,1,36,1,42,54,0,54,96
09/25/2022,DEC,IL,AGL,CE,Federal Contract Tower,6,1,3,0,10,0,0,35,0,35,6,1,38,0,45,46,0,46,91
09/26/2022,DEC,IL,AGL,CE,Federal Contract Tower,6,5,0,0,11,0,0,27,0,27,6,5,27,0,38,38,0,38,76
09/27/2022,DEC,IL,AGL,CE,Federal Contract Tower,6,3,0,0,9,0,0,34,0,34,6,3,34,0,43,24,0,24,67
09/28/2022,DEC,IL,AGL,CE,Federal Contract Tower,8,1,4,0,13,0,0,24,0,24,8,1,28,0,37,35,0,35,72
09/29/2022,DEC,IL,AGL,CE,Federal Contract Tower,9,1,7,0,17,0,0,17,0,17,9,1,24,0,34,21,0,21,55
09/30/2022,DEC,IL,AGL,CE,Federal Contract Tower,8,3,1,0,12,0,0,10,0,10,8,3,11,0,22,6,0,6,28
10/01/2022,DEC,IL,AGL,CE,Federal Contract Tower,7,1,4,0,12,0,0,15,0,15,7,1,19,0,27,26,0,26,53
10/02/2022,DEC,IL,AGL,CE,Federal Contract Tower,8,0,0,0,8,0,0,15,0,15,8,0,15,0,23,22,0,22,45
10/03/2022,DEC,IL,AGL,CE,Federal Contract Tower,6,4,6,2,18,0,0,35,0,35,6,4,41,2,53,61,0,61,114
10/04/2022,DEC,IL,AGL,CE,Federal Contract Tower,3,3,1,0,7,0,0,29,4,33,3,3,30,4,40,28,12,40,80
10/05/2022,DEC,IL,AGL,CE,Federal Contract Tower,7,3,9,0,19,0,0,32,2,34,7,3,41,2,53,23,6,29,82
10/06/2022,DEC,IL,AGL,CE,Federal Contract Tower,6,1,0,0,7,0,0,19,4,23,6,1,19,4,30,15,0,15,45
10/07/2022,DEC,IL,AGL,CE,Federal Contract Tower,6,3,2,0,11,0,0,33,0,33,6,3,35,0,44,42,0,42,86
10/08/2022,DEC,IL,AGL,CE,Federal Contract Tower,2,3,1,0,6,0,0,20,0,20,2,3,21,0,26,24,0,24,50
10/09/2022,DEC,IL,AGL,CE,Federal Contract Tower,6,0,4,0,10,0,0,32,2,34,6,0,36,2,44,15,2,17,61
10/10/2022,DEC,IL,AGL,CE,Federal Contract Tower,6,0,5,0,11,0,0,28,0,28,6,0,33,0,39,18,0,18,57
10/11/2022,DEC,IL,AGL,CE,Federal Contract Tower,2,1,0,2,5,0,0,11,17,28,2,1,11,19,33,18,8,26,59
10/12/2022,DEC,IL,AGL,CE,Federal Contract Tower,6,1,1,2,10,0,0,13,2,15,6,1,14,4,25,20,0,20,45
10/13/2022,DEC,IL,AGL,CE,Federal Contract Tower,6,1,4,0,11,0,0,12,8,20,6,1,16,8,31,11,17,28,59
10/14/2022,DEC,IL,AGL,CE,Federal Contract Tower,11,1,2,0,14,0,0,16,0,16,11,1,18,0,30,22,0,22,52
10/15/2022,DEC,IL,AGL,CE,Federal Contract Tower,4,3,1,1,9,0,0,12,0,12,4,3,13,1,21,6,0,6,27
10/16/2022,DEC,IL,AGL,CE,Federal Contract Tower,8,0,2,0,10,0,0,36,0,36,8,0,38,0,46,28,0,28,74
10/17/2022,DEC,IL,AGL,CE,Federal Contract Tower,6,1,4,2,13,0,0,25,0,25,6,1,29,2,38,22,0,22,60
10/18/2022,DEC,IL,AGL,CE,Federal Contract Tower,4,4,6,1,15,0,0,20,9,29,4,4,26,10,44,25,14,39,83
10/19/2022,DEC,IL,AGL,CE,Federal Contract Tower,6,3,3,1,13,0,0,23,3,26,6,3,26,4,39,19,4,23,62
10/20/2022,DEC,IL,AGL,CE,Federal Contract Tower,6,3,2,1,12,0,0,21,4,25,6,3,23,5,37,16,14,30,67
10/21/2022,DEC,IL,AGL,CE,Federal Contract Tower,6,4,2,2,14,0,0,8,6,14,6,4,10,8,28,12,0,12,40
10/22/2022,DEC,IL,AGL,CE,Federal Contract Tower,4,1,0,0,5,0,0,12,4,16,4,1,12,4,21,12,0,12,33
10/23/2022,DEC,IL,AGL,CE,Federal Contract Tower,6,3,2,0,11,0,0,11,6,17,6,3,13,6,28,12,2,14,42
10/24/2022,DEC,IL,AGL,CE,Federal Contract Tower,6,0,8,0,14,0,0,23,10,33,6,0,31,10,47,19,12,31,78
10/25/2022,DEC,IL,AGL,CE,Federal Contract Tower,2,5,4,0,11,0,0,9,0,9,2,5,13,0,20,9,0,9,29
10/26/2022,DEC,IL,AGL,CE,Federal Contract Tower,6,1,2,0,9,0,0,31,13,44,6,1,33,13,53,27,8,35,88
10/27/2022,DEC,IL,AGL,CE,Federal Contract Tower,6,4,2,0,12,0,0,35,12,47,6,4,37,12,59,24,24,48,107
10/28/2022,DEC,IL,AGL,CE,Federal Contract Tower,6,6,2,4,18,0,0,9,0,9,6,6,11,4,27,10,0,10,37
10/29/2022,DEC,IL,AGL,CE,Federal Contract Tower,4,3,0,0,7,0,0,22,0,22,4,3,22,0,29,34,0,34,63
10/30/2022,DEC,IL,AGL,CE,Federal Contract Tower,2,1,1,0,4,0,0,0,0,0,2,1,1,0,4,0,0,0,4
10/31/2022,DEC,IL,AGL,CE,Federal Contract Tower,6,1,6,0,13,0,0,0,0,0,6,1,6,0,13,0,0,0,13
11/01/2022,DEC,IL,AGL,CE,Federal Contract Tower,5,2,6,3,16,0,0,24,4,28,5,2,30,7,44,46,12,58,102
11/02/2022,DEC,IL,AGL,CE,Federal Contract Tower,6,3,2,0,11,0,0,23,1,24,6,3,25,1,35,24,0,24,59
11/03/2022,DEC,IL,AGL,CE,Federal Contract Tower,6,3,4,2,15,0,0,9,6,15,6,3,13,8,30,0,0,0,30
11/04/2022,DEC,IL,AGL,CE,Federal Contract Tower,6,3,2,2,13,0,0,10,0,10,6,3,12,2,23,6,0,6,29
11/05/2022,DEC,IL,AGL,CE,Federal Contract Tower,2,0,0,0,2,0,0,0,2,2,2,0,0,2,4,0,0,0,4
11/06/2022,DEC,IL,AGL,CE,Federal Contract Tower,6,0,1,0,7,0,0,15,0,15,6,0,16,0,22,26,0,26,48
11/07/2022,DEC,IL,AGL,CE,Federal Contract Tower,6,3,0,0,9,0,0,17,4,21,6,3,17,4,30,9,0,9,39
11/08/2022,DEC,IL,AGL,CE,Federal Contract Tower,7,3,2,2,14,0,0,20,4,24,7,3,22,6,38,19,0,19,57
11/09/2022,DEC,IL,AGL,CE,Federal Contract Tower,3,5,5,2,15,0,0,23,21,44,3,5,28,23,59,10,10,20,79
11/10/2022,DEC,IL,AGL,CE,Federal Contract Tower,6,1,4,2,13,0,0,23,4,27,6,1,27,6,40,18,36,54,94
11/11/2022,DEC,IL,AGL,CE,Federal Contract Tower,6,1,2,0,9,0,0,7,2,9,6,1,9,2,18,13,0,13,31
11/12/2022,DEC,IL,AGL,CE,Federal Contract Tower,6,4,4,0,14,0,0,6,0,6,6,4,10,0,20,0,0,0,20
11/13/2022,DEC,IL,AGL,CE,Federal Contract Tower,5,5,1,0,11,0,0,27,0,27,5,5,28,0,38,32,0,32,70
11/14/2022,DEC,IL,AGL,CE,Federal Contract Tower,6,2,5,2,15,0,0,21,0,21,6,2,26,2,36,31,0,31,67
11/15/2022,DEC,IL,AGL,CE,Federal Contract Tower,6,3,2,2,13,0,0,0,0,0,6,3,2,2,13,0,0,0,13
11/16/2022,DEC,IL,AGL,CE,Federal Contract Tower,6,5,0,2,13,0,0,5,0,5,6,5,5,2,18,9,0,9,27
11/17/2022,DEC,IL,AGL,CE,Federal Contract Tower,6,1,0,2,9,0,0,13,13,26,6,1,13,15,35,9,16,25,60
11/18/2022,DEC,IL,AGL,CE,Federal Contract Tower,6,3,0,0,9,0,0,9,2,11,6,3,9,2,20,6,0,6,26
11/19/2022,DEC,IL,AGL,CE,Federal Contract Tower,6,1,0,0,7,0,0,10,0,10,6,1,10,0,17,0,0,0,17
11/20/2022,DEC,IL,AGL,CE,Federal Contract Tower,6,0,2,0,8,0,0,37,0,37,6,0,39,0,45,50,0,50,95
11/21/2022,DEC,IL,AGL,CE,Federal Contract Tower,6,2,1,0,9,0,0,19,2,21,6,2,20,2,30,12,0,12,42
11/22/2022,DEC,IL,AGL,CE,Federal Contract Tower,6,3,2,1,12,0,0,23,15,38,6,3,25,16,50,14,4,18,68
11/23/2022,DEC,IL,AGL,CE,Federal Contract Tower,6,1,5,0,12,0,0,24,0,24,6,1,29,0,36,18,0,18,54
11/24/2022,DEC,IL,AGL,CE,Federal Contract Tower,6,0,2,0,8,0,0,2,0,2,6,0,4,0,10,10,0,10,20
11/25/2022,DEC,IL,AGL,CE,Federal Contract Tower,6,2,0,0,8,0,0,2,0,2,6,2,2,0,10,0,0,0,10
11/26/2022,DEC,IL,AGL,CE,Federal Contract Tower,6,0,3,0,9,0,0,37,0,37,6,0,40,0,46,38,0,38,84
11/27/2022,DEC,IL,AGL,CE,Federal Contract Tower,6,0,4,0,10,0,0,6,0,6,6,0,10,0,16,22,0,22,38
11/28/2022,DEC,IL,AGL,CE,Federal Contract Tower,6,0,7,0,13,0,0,7,2,9,6,0,14,2,22,13,0,13,35
11/29/2022,DEC,IL,AGL,CE,Federal Contract Tower,7,2,3,1,13,0,0,5,4,9,7,2,8,5,22,6,6,12,34
11/30/2022,DEC,IL,AGL,CE,Federal Contract Tower,7,5,0,2,14,0,0,9,7,16,7,5,9,9,30,0,10,10,40
12/01/2022,DEC,IL,AGL,CE,Federal Contract Tower,6,4,0,0,10,0,0,17,8,25,6,4,17,8,35,19,0,19,54
12/02/2022,DEC,IL,AGL,CE,Federal Contract Tower,6,4,0,0,10,0,0,3,2,5,6,4,3,2,15,0,0,0,15
12/03/2022,DEC,IL,AGL,CE,Federal Contract Tower,6,3,5,0,14,0,2,17,0,19,6,5,22,0,33,18,0,18,51
12/04/2022,DEC,IL,AGL,CE,Federal Contract Tower,6,2,0,0,8,0,0,30,1,31,6,2,30,1,39,54,0,54,93
12/05/2022,DEC,IL,AGL,CE,Federal Contract Tower,6,6,6,0,18,0,0,4,5,9,6,6,10,5,27,20,20,40,67
12/06/2022,DEC,IL,AGL,CE,Federal Contract Tower,4,2,4,0,10,0,0,0,0,0,4,2,4,0,10,0,0,0,10
12/07/2022,DEC,IL,AGL,CE,Federal Contract Tower,5,2,5,2,14,0,0,3,0,3,5,2,8,2,17,2,0,2,19
12/08/2022,DEC,IL,AGL,CE,Federal Contract Tower,6,1,0,1,8,0,0,0,3,3,6,1,0,4,11,0,6,6,17
12/09/2022,DEC,IL,AGL,CE,Federal Contract Tower,6,5,6,2,19,0,0,0,0,0,6,5,6,2,19,0,0,0,19
12/10/2022,DEC,IL,AGL,CE,Federal Contract Tower,4,0,4,0,8,0,0,0,0,0,4,0,4,0,8,0,0,0,8
12/11/2022,DEC,IL,AGL,CE,Federal Contract Tower,6,0,0,2,8,0,0,6,0,6,6,0,6,2,14,52,0,52,66
12/12/2022,DEC,IL,AGL,CE,Federal Contract Tower,5,1,0,2,8,0,0,16,0,16,5,1,16,2,24,56,0,56,80
12/13/2022,DEC,IL,AGL,CE,Federal Contract Tower,4,4,6,3,17,0,0,6,6,12,4,4,12,9,29,0,20,20,49
12/14/2022,DEC,IL,AGL,CE,Federal Contract Tower,6,1,0,1,8,0,0,0,0,0,6,1,0,1,8,0,0,0,8
12/15/2022,DEC,IL,AGL,CE,Federal Contract Tower,5,1,0,2,8,0,0,8,7,15,5,1,8,9,23,4,20,24,47
12/16/2022,DEC,IL,AGL,CE,Federal Contract Tower,6,3,4,2,15,0,0,8,5,13,6,3,12,7,28,10,33,43,71
12/17/2022,DEC,IL,AGL,CE,Federal Contract Tower,4,6,5,0,15,0,0,10,0,10,4,6,15,0,25,8,0,8,33
12/18/2022,DEC,IL,AGL,CE,Federal Contract Tower,6,0,2,0,8,0,0,10,0,10,6,0,12,0,18,28,0,28,46
12/19/2022,DEC,IL,AGL,CE,Federal Contract Tower,6,4,4,4,18,0,0,19,9,28,6,4,23,13,46,11,0,11,57
12/20/2022,DEC,IL,AGL,CE,Federal Contract Tower,4,5,4,4,17,0,0,28,14,42,4,5,32,18,59,21,10,31,90
12/21/2022,DEC,IL,AGL,CE,Federal Contract Tower,7,2,2,0,11,0,0,0,1,1,7,2,2,1,12,0,0,0,12
12/22/2022,DEC,IL,AGL,CE,Federal Contract Tower,2,1,0,0,3,0,0,2,0,2,2,1,2,0,5,2,0,2,7
12/23/2022,DEC,IL,AGL,CE,Federal Contract Tower,4,0,0,0,4,0,0,0,0,0,4,0,0,0,4,0,0,0,4
12/24/2022,DEC,IL,AGL,CE,Federal Contract Tower,0,0,0,0,0,0,0,6,0,6,0,0,6,0,6,0,0,0,6
12/25/2022,DEC,IL,AGL,CE,Federal Contract Tower,0,0,0,0,0,0,0,5,0,5,0,0,5,0,5,12,0,12,17
12/26/2022,DEC,IL,AGL,CE,Federal Contract Tower,4,5,4,0,13,0,0,0,0,0,4,5,4,0,13,0,0,0,13
12/27/2022,DEC,IL,AGL,CE,Federal Contract Tower,4,2,0,2,8,0,0,14,2,16,4,2,14,4,24,32,0,32,56
12/28/2022,DEC,IL,AGL,CE,Federal Contract Tower,6,1,2,0,9,0,0,14,0,14,6,1,16,0,23,12,0,12,35
12/29/2022,DEC,IL,AGL,CE,Federal Contract Tower,6,3,2,0,11,0,0,5,0,5,6,3,7,0,16,3,0,3,19
12/30/2022,DEC,IL,AGL,CE,Federal Contract Tower,6,1,2,0,9,0,0,4,0,4,6,1,6,0,13,0,0,0,13
12/31/2022,DEC,IL,AGL,CE,Federal Contract Tower,4,1,8,0,13,0,0,21,0,21,4,1,29,0,34,44,0,44,78
01/01/2023,DEC,IL,AGL,CE,Federal Contract Tower,6,2,1,0,9,0,0,2,0,2,6,2,3,0,11,0,0,0,11
01/02/2023,DEC,IL,AGL,CE,Federal Contract Tower,4,0,2,0,6,0,0,0,0,0,4,0,2,0,6,0,0,0,6
01/03/2023,DEC,IL,AGL,CE,Federal Contract Tower,4,1,4,0,9,0,0,2,2,4,4,1,6,2,13,0,0,0,13
01/04/2023,DEC,IL,AGL,CE,Federal Contract Tower,6,2,2,0,10,0,0,8,10,18,6,2,10,10,28,23,8,31,59
01/05/2023,DEC,IL,AGL,CE,Federal Contract Tower,6,1,2,0,9,0,0,5,15,20,6,1,7,15,29,13,44,57,86
01/06/2023,DEC,IL,AGL,CE,Federal Contract Tower,6,1,8,0,15,0,0,20,0,20,6,1,28,0,35,66,0,66,101
01/07/2023,DEC,IL,AGL,CE,Federal Contract Tower,4,1,14,0,19,0,0,27,2,29,4,1,41,2,48,48,0,48,96
01/08/2023,DEC,IL,AGL,CE,Federal Contract Tower,5,0,2,0,7,0,0,2,0,2,5,0,4,0,9,0,0,0,9
01/09/2023,DEC,IL,AGL,CE,Federal Contract Tower,6,0,1,0,7,0,0,29,0,29,6,0,30,0,36,14,0,14,50
01/10/2023,DEC,IL,AGL,CE,Federal Contract Tower,4,3,2,0,9,0,0,46,10,56,4,3,48,10,65,34,0,34,99
01/11/2023,DEC,IL,AGL,CE,Federal Contract Tower,6,1,1,1,9,0,0,0,3,3,6,1,1,4,12,0,0,0,12
01/12/2023,DEC,IL,AGL,CE,Federal Contract Tower,4,4,0,0,8,0,0,2,9,11,4,4,2,9,19,4,24,28,47
01/13/2023,DEC,IL,AGL,CE,Federal Contract Tower,6,6,0,0,12,0,0,4,2,6,6,6,4,2,18,0,0,0,18
01/14/2023,DEC,IL,AGL,CE,Federal Contract Tower,3,2,1,0,6,0,0,19,0,19,3,2,20,0,25,32,0,32,57
01/15/2023,DEC,IL,AGL,CE,Federal Contract Tower,6,0,2,0,8,0,0,13,0,13,6,0,15,0,21,12,0,12,33
01/16/2023,DEC,IL,AGL,CE,Federal Contract Tower,6,0,2,0,8,0,0,0,0,0,6,0,2,0,8,0,0,0,8
01/17/2023,DEC,IL,AGL,CE,Federal Contract Tower,4,3,0,1,8,0,0,5,17,22,4,3,5,18,30,0,14,14,44
01/18/2023,DEC,IL,AGL,CE,Federal Contract Tower,6,3,6,0,15,0,0,0,0,0,6,3,6,0,15,0,0,0,15
01/19/2023,DEC,IL,AGL,CE,Federal Contract Tower,6,6,0,0,12,0,0,6,0,6,6,6,6,0,18,7,0,7,25
01/20/2023,DEC,IL,AGL,CE,Federal Contract Tower,5,1,2,0,8,0,0,15,4,19,5,1,17,4,27,32,0,32,59
01/21/2023,DEC,IL,AGL,CE,Federal Contract Tower,4,1,2,0,7,0,0,10,0,10,4,1,12,0,17,34,0,34,51
01/22/2023,DEC,IL,AGL,CE,Federal Contract Tower,6,0,0,0,6,0,0,0,0,0,6,0,0,0,6,0,0,0,6
01/23/2023,DEC,IL,AGL,CE,Federal Contract Tower,6,0,0,0,6,0,0,13,0,13,6,0,13,0,19,23,0,23,42
01/24/2023,DEC,IL,AGL,CE,Federal Contract Tower,4,1,1,0,6,0,0,21,16,37,4,1,22,16,43,18,14,32,75
01/25/2023,DEC,IL,AGL,CE,Federal Contract Tower,6,1,1,0,8,0,0,0,0,0,6,1,1,0,8,0,0,0,8
01/26/2023,DEC,IL,AGL,CE,Federal Contract Tower,6,2,0,0,8,0,0,11,10,21,6,2,11,10,29,11,4,15,44
01/27/2023,DEC,IL,AGL,CE,Federal Contract Tower,6,0,3,0,9,0,0,21,14,35,6,0,24,14,44,35,16,51,95
01/28/2023,DEC,IL,AGL,CE,Federal Contract Tower,4,0,2,0,6,0,0,21,0,21,4,0,23,0,27,38,0,38,65
01/29/2023,DEC,IL,AGL,CE,Federal Contract Tower,8,0,0,0,8,0,0,0,0,0,8,0,0,0,8,0,0,0,8
01/30/2023,DEC,IL,AGL,CE,Federal Contract Tower,3,4,0,0,7,0,0,10,2,12,3,4,10,2,19,9,4,13,32
01/31/2023,DEC,IL,AGL,CE,Federal Contract Tower,5,0,2,2,9,0,0,22,10,32,5,0,24,12,41,25,20,45,86
02/01/2023,DEC,IL,AGL,CE,Federal Contract Tower,5,3,2,0,10,0,0,12,10,22,5,3,14,10,32,20,8,28,60
02/02/2023,DEC,IL,AGL,CE,Federal Contract Tower,7,6,1,0,14,0,0,16,6,22,7,6,17,6,36,18,6,24,60
02/03/2023,DEC,IL,AGL,CE,Federal Contract Tower,6,1,0,0,7,0,0,27,16,43,6,1,27,16,50,16,34,50,100
02/04/2023,DEC,IL,AGL,CE,Federal Contract Tower,3,1,0,0,4,0,0,18,16,34,3,1,18,16,38,22,36,58,96
02/05/2023,DEC,IL,AGL,CE,Federal Contract Tower,6,0,0,0,6,0,0,15,13,28,6,0,15,13,34,22,44,66,100
02/06/2023,DEC,IL,AGL,CE,Federal Contract Tower,6,2,4,0,12,0,0,4,0,4,6,2,8,0,16,12,0,12,28
02/07/2023,DEC,IL,AGL,CE,Federal Contract Tower,4,5,2,0,11,0,0,17,7,24,4,5,19,7,35,22,8,30,65
02/08/2023,DEC,IL,AGL,CE,Federal Contract Tower,6,1,0,2,9,0,0,11,2,13,6,1,11,4,22,22,4,26,48
02/09/2023,DEC,IL,AGL,CE,Federal Contract Tower,5,1,0,2,8,0,0,6,9,15,5,1,6,11,23,8,0,8,31
02/10/2023,DEC,IL,AGL,CE,Federal Contract Tower,6,4,4,0,14,0,0,24,48,72,6,4,28,48,86,26,0,26,112
02/11/2023,DEC,IL,AGL,CE,Federal Contract Tower,4,1,4,0,9,0,0,32,0,32,4,1,36,0,41,86,0,86,127
02/12/2023,DEC,IL,AGL,CE,Federal Contract Tower,6,0,2,0,8,0,0,38,0,38,6,0,40,0,46,92,0,92,138
02/13/2023,DEC,IL,AGL,CE,Federal Contract Tower,6,0,2,0,8,0,0,17,5,22,6,0,19,5,30,34,0,34,64
02/14/2023,DEC,IL,AGL,CE,Federal Contract Tower,4,1,1,0,6,0,0,4,4,8,4,1,5,4,14,0,6,6,20
02/15/2023,DEC,IL,AGL,CE,Federal Contract Tower,6,3,1,5,15,0,0,5,5,10,6,3,6,10,25,0,28,28,53
02/16/2023,DEC,IL,AGL,CE,Federal Contract Tower,1,4,0,0,5,0,0,0,0,0,1,4,0,0,5,0,0,0,5
02/17/2023,DEC,IL,AGL,CE,Federal Contract Tower,6,5,3,0,14,0,0,22,0,22,6,5,25,0,36,20,0,20,56
02/18/2023,DEC,IL,AGL,CE,Federal Contract Tower,4,1,2,0,7,0,1,22,0,23,4,2,24,0,30,35,0,35,65
02/19/2023,DEC,IL,AGL,CE,Federal Contract Tower,6,0,2,0,8,0,0,15,0,15,6,0,17,0,23,25,0,25,48
02/20/2023,DEC,IL,AGL,CE,Federal Contract Tower,8,0,2,0,10,0,0,38,0,38,8,0,40,0,48,69,0,69,117
02/21/2023,DEC,IL,AGL,CE,Federal Contract Tower,4,1,4,8,17,0,0,22,12,34,4,1,26,20,51,31,25,56,107
02/22/2023,DEC,IL,AGL,CE,Federal Contract Tower,6,1,2,0,9,0,0,0,0,0,6,1,2,0,9,0,0,0,9
02/23/2023,DEC,IL,AGL,CE,Federal Contract Tower,6,1,3,4,14,0,0,15,10,25,6,1,18,14,39,18,4,22,61
02/24/2023,DEC,IL,AGL,CE,Federal Contract Tower,6,2,3,1,12,0,0,15,1,16,6,2,18,2,28,30,0,30,58
02/25/2023,DEC,IL,AGL,CE,Federal Contract Tower,4,1,3,0,8,0,0,13,0,13,4,1,16,0,21,42,0,42,63
02/26/2023,DEC,IL,AGL,CE,Federal Contract Tower,6,0,1,0,7,0,0,34,0,34,6,0,35,0,41,70,0,70,111
02/27/2023,DEC,IL,AGL,CE,Federal Contract Tower,8,0,0,4,12,0,0,8,0,8,8,0,8,4,20,11,0,11,31
02/28/2023,DEC,IL,AGL,CE,Federal Contract Tower,4,6,6,5,21,0,0,14,14,28,4,6,20,19,49,27,12,39,88
03/01/2023,DEC,IL,AGL,CE,Federal Contract Tower,6,2,7,0,15,0,0,27,3,30,6,2,34,3,45,12,6,18,63
03/02/2023,DEC,IL,AGL,CE,Federal Contract Tower,6,1,10,4,21,0,0,22,13,35,6,1,32,17,56,22,7,29,85
03/03/2023,DEC,IL,AGL,CE,Federal Contract Tower,6,1,1,0,8,0,0,6,0,6,6,1,7,0,14,4,0,4,18
03/04/2023,DEC,IL,AGL,CE,Federal Contract Tower,4,2,8,0,14,0,0,37,4,41,4,2,45,4,55,14,0,14,69
03/05/2023,DEC,IL,AGL,CE,Federal Contract Tower,6,2,2,0,10,0,0,23,2,25,6,2,25,2,35,8,20,28,63
03/06/2023,DEC,IL,AGL,CE,Federal Contract Tower,5,0,9,0,14,0,0,11,1,12,5,0,20,1,26,3,0,3,29
03/07/2023,DEC,IL,AGL,CE,Federal Contract Tower,4,8,1,0,13,0,0,18,15,33,4,8,19,15,46,18,8,26,72
03/08/2023,DEC,IL,AGL,CE,Federal Contract Tower,5,2,0,2,9,0,0,27,4,31,5,2,27,6,40,0,0,0,40
03/09/2023,DEC,IL,AGL,CE,Federal Contract Tower,5,0,0,3,8,0,0,12,4,16,5,0,12,7,24,16,10,26,50
03/10/2023,DEC,IL,AGL,CE,Federal Contract Tower,6,1,0,0,7,0,0,9,4,13,6,1,9,4,20,22,0,22,42
03/11/2023,DEC,IL,AGL,CE,Federal Contract Tower,4,1,5,0,10,0,0,9,3,12,4,1,14,3,22,14,0,14,36
03/12/2023,DEC,IL,AGL,CE,Federal Contract Tower,6,0,1,2,9,0,0,0,0,0,6,0,1,2,9,0,0,0,9
03/13/2023,DEC,IL,AGL,CE,Federal Contract Tower,6,0,0,0,6,0,0,2,0,2,6,0,2,0,8,0,0,0,8
03/14/2023,DEC,IL,AGL,CE,Federal Contract Tower,4,1,1,3,9,0,0,27,7,34,4,1,28,10,43,35,0,35,78
03/15/2023,DEC,IL,AGL,CE,Federal Contract Tower,6,3,2,1,12,0,0,28,6,34,6,3,30,7,46,12,0,12,58
03/16/2023,DEC,IL,AGL,CE,Federal Contract Tower,6,0,7,1,14,0,0,9,6,15,6,0,16,7,29,16,20,36,65
03/17/2023,DEC,IL,AGL,CE,Federal Contract Tower,6,1,1,2,10,0,0,12,0,12,6,1,13,2,22,24,0,24,46
03/18/2023,DEC,IL,AGL,CE,Federal Contract Tower,4,0,1,0,5,0,0,3,0,3,4,0,4,0,8,7,0,7,15
03/19/2023,DEC,IL,AGL,CE,Federal Contract Tower,6,0,5,0,11,0,0,24,0,24,6,0,29,0,35,24,0,24,59
03/20/2023,DEC,IL,AGL,CE,Federal Contract Tower,6,1,6,1,14,0,0,7,2,9,6,1,13,3,23,10,0,10,33
03/21/2023,DEC,IL,AGL,CE,Federal Contract Tower,4,3,1,2,10,0,0,7,7,14,4,3,8,9,24,6,44,50,74
03/22/2023,DEC,IL,AGL,CE,Federal Contract Tower,6,2,0,1,9,0,0,0,0,0,6,2,0,1,9,0,0,0,9
03/23/2023,DEC,IL,AGL,CE,Federal Contract Tower,6,1,3,2,12,0,0,0,21,21,6,1,3,23,33,0,52,52,85
03/24/2023,DEC,IL,AGL,CE,Federal Contract Tower,5,1,4,0,10,0,0,0,0,0,5,1,4,0,10,0,0,0,10
03/25/2023,DEC,IL,AGL,CE,Federal Contract Tower,4,1,4,0,9,0,0,0,0,0,4,1,4,0,9,0,0,0,9
03/26/2023,DEC,IL,AGL,CE,Federal Contract Tower,6,0,5,2,13,0,0,19,0,19,6,0,24,2,32,12,0,12,44
03/27/2023,DEC,IL,AGL,CE,Federal Contract Tower,6,0,3,3,12,0,0,13,1,14,6,0,16,4,26,15,3,18,44
03/28/2023,DEC,IL,AGL,CE,Federal Contract Tower,4,1,2,2,9,0,0,33,13,46,4,1,35,15,55,10,18,28,83
03/29/2023,DEC,IL,AGL,CE,Federal Contract Tower,6,1,1,0,8,0,0,29,14,43,6,1,30,14,51,41,24,65,116
03/30/2023,DEC,IL,AGL,CE,Federal Contract Tower,6,0,1,2,9,0,0,31,15,46,6,0,32,17,55,22,46,68,123
03/31/2023,DEC,IL,AGL,CE,Federal Contract Tower,2,1,0,0,3,0,0,6,0,6,2,1,6,0,9,0,0,0,9
04/01/2023,DEC,IL,AGL,CE,Federal Contract Tower,2,3,2,0,7,0,0,0,0,0,2,3,2,0,7,0,0,0,7
04/02/2023,DEC,IL,AGL,CE,Federal Contract Tower,6,0,4,0,10,0,0,26,0,26,6,0,30,0,36,26,0,26,62
04/03/2023,DEC,IL,AGL,CE,Federal Contract Tower,6,0,1,2,9,0,0,20,0,20,6,0,21,2,29,10,0,10,39
04/04/2023,DEC,IL,AGL,CE,Federal Contract Tower,2,5,5,0,12,0,0,0,8,8,2,5,5,8,20,0,40,40,60
04/05/2023,DEC,IL,AGL,CE,Federal Contract Tower,6,2,0,0,8,0,0,8,0,8,6,2,8,0,16,28,0,28,44
04/06/2023,DEC,IL,AGL,CE,Federal Contract Tower,7,2,6,0,15,0,0,30,11,41,7,2,36,11,56,51,20,71,127
04/07/2023,DEC,IL,AGL,CE,Federal Contract Tower,6,2,3,0,11,0,0,18,2,20,6,2,21,2,31,12,0,12,43
04/08/2023,DEC,IL,AGL,CE,Federal Contract Tower,4,0,3,0,7,0,0,31,0,31,4,0,34,0,38,14,0,14,52
04/09/2023,DEC,IL,AGL,CE,Federal Contract Tower,6,2,3,0,11,0,0,23,0,23,6,2,26,0,34,12,0,12,46
04/10/2023,DEC,IL,AGL,CE,Federal Contract Tower,6,3,1,0,10,0,0,27,0,27,6,3,28,0,37,6,0,6,43
04/11/2023,DEC,IL,AGL,CE,Federal Contract Tower,4,5,6,0,15,0,0,19,11,30,4,5,25,11,45,8,0,8,53
04/12/2023,DEC,IL,AGL,CE,Federal Contract Tower,6,3,5,0,14,0,0,32,11,43,6,3,37,11,57,36,48,84,141
04/13/2023,DEC,IL,AGL,CE,Federal Contract Tower,5,2,4,1,12,0,0,45,16,61,5,2,49,17,73,65,22,87,160
04/14/2023,DEC,IL,AGL,CE,Federal Contract Tower,5,1,1,2,9,0,0,28,17,45,5,1,29,19,54,24,54,78,132
04/15/2023,DEC,IL,AGL,CE,Federal Contract Tower,5,1,1,0,7,0,0,39,0,39,5,1,40,0,46,49,0,49,95
04/16/2023,DEC,IL,AGL,CE,Federal Contract Tower,6,1,1,0,8,0,0,9,0,9,6,1,10,0,17,13,0,13,30
04/17/2023,DEC,IL,AGL,CE,Federal Contract Tower,6,0,1,0,7,0,0,9,0,9,6,0,10,0,16,8,0,8,24
04/18/2023,DEC,IL,AGL,CE,Federal Contract Tower,3,4,4,3,14,0,0,35,24,59,3,4,39,27,73,18,52,70,143
04/19/2023,DEC,IL,AGL,CE,Federal Contract Tower,6,1,4,2,13,0,0,19,13,32,6,1,23,15,45,10,84,94,139
04/20/2023,DEC,IL,AGL,CE,Federal Contract Tower,4,2,4,2,12,0,0,17,13,30,4,2,21,15,42,18,17,35,77
04/21/2023,DEC,IL,AGL,CE,Federal Contract Tower,5,0,5,2,12,0,0,16,14,30,5,0,21,16,42,32,0,32,74
04/22/2023,DEC,IL,AGL,CE,Federal Contract Tower,4,3,5,0,12,0,0,8,3,11,4,3,13,3,23,18,0,18,41
04/23/2023,DEC,IL,AGL,CE,Federal Contract Tower,6,4,3,0,13,0,0,16,0,16,6,4,19,0,29,36,0,36,65
04/24/2023,DEC,IL,AGL,CE,Federal Contract Tower,6,2,5,2,15,0,0,34,0,34,6,2,39,2,49,38,0,38,87
04/25/2023,DEC,IL,AGL,CE,Federal Contract Tower,4,1,0,0,5,0,0,9,5,14,4,1,9,5,19,6,26,32,51
04/26/2023,DEC,IL,AGL,CE,Federal Contract Tower,6,2,2,3,13,0,0,21,14,35,6,2,23,17,48,36,10,46,94
04/27/2023,DEC,IL,AGL,CE,Federal Contract Tower,5,1,9,1,16,0,0,33,19,52,5,1,42,20,68,39,12,51,119
04/28/2023,DEC,IL,AGL,CE,Federal Contract Tower,5,3,6,1,15,0,4,25,11,40,5,7,31,12,55,40,12,52,107
04/29/2023,DEC,IL,AGL,CE,Federal Contract Tower,4,1,1,0,6,0,0,13,0,13,4,1,14,0,19,28,0,28,47
04/30/2023,DEC,IL,AGL,CE,Federal Contract Tower,6,0,3,0,9,0,0,5,0,5,6,0,8,0,14,6,0,6,20
05/01/2023,DEC,IL,AGL,CE,Federal Contract Tower,6,2,0,0,8,0,0,2,0,2,6,2,2,0,10,0,0,0,10
05/02/2023,DEC,IL,AGL,CE,Federal Contract Tower,4,1,1,6,12,0,0,17,4,21,4,1,18,10,33,18,6,24,57
05/03/2023,DEC,IL,AGL,CE,Federal Contract Tower,6,1,2,1,10,0,0,35,0,35,6,1,37,1,45,30,0,30,75
05/04/2023,DEC,IL,AGL,CE,Federal Contract Tower,5,1,3,6,15,0,0,32,0,32,5,1,35,6,47,47,0,47,94
05/05/2023,DEC,IL,AGL,CE,Federal Contract Tower,5,2,1,4,12,0,0,33,12,45,5,2,34,16,57,14,46,60,117
05/06/2023,DEC,IL,AGL,CE,Federal Contract Tower,4,5,0,0,9,0,0,7,6,13,4,5,7,6,22,38,0,38,60
05/07/2023,DEC,IL,AGL,CE,Federal Contract Tower,6,3,2,0,11,0,0,5,0,5,6,3,7,0,16,0,0,0,16
05/08/2023,DEC,IL,AGL,CE,Federal Contract Tower,6,2,4,4,16,0,0,2,4,6,6,2,6,8,22,0,5,5,27
05/09/2023,DEC,IL,AGL,CE,Federal Contract Tower,5,6,9,4,24,0,0,40,4,44,5,6,49,8,68,48,0,48,116
05/10/2023,DEC,IL,AGL,CE,Federal Contract Tower,7,3,4,0,14,0,0,24,2,26,7,3,28,2,40,13,0,13,53
05/11/2023,DEC,IL,AGL,CE,Federal Contract Tower,3,1,0,4,8,0,0,42,11,53,3,1,42,15,61,51,0,51,112
05/12/2023,DEC,IL,AGL,CE,Federal Contract Tower,5,1,10,3,19,0,0,18,0,18,5,1,28,3,37,16,0,16,53
05/13/2023,DEC,IL,AGL,CE,Federal Contract Tower,4,0,6,0,10,0,0,12,0,12,4,0,18,0,22,28,0,28,50
05/14/2023,DEC,IL,AGL,CE,Federal Contract Tower,6,1,8,0,15,0,0,4,1,5,6,1,12,1,20,4,6,10,30
05/15/2023,DEC,IL,AGL,CE,Federal Contract Tower,5,4,5,6,20,0,0,28,0,28,5,4,33,6,48,30,0,30,78
05/17/2023,DEC,IL,AGL,CE,Federal Contract Tower,6,6,4,0,16,0,0,51,5,56,6,6,55,5,72,61,4,65,137
05/18/2023,DEC,IL,AGL,CE,Federal Contract Tower,6,2,7,2,17,0,0,47,15,62,6,2,54,17,79,49,34,83,162
05/19/2023,DEC,IL,AGL,CE,Federal Contract Tower,6,5,3,3,17,0,0,17,8,25,6,5,20,11,42,19,10,29,71
05/20/2023,DEC,IL,AGL,CE,Federal Contract Tower,4,2,4,0,10,0,0,33,15,48,4,2,37,15,58,30,28,58,116
05/21/2023,DEC,IL,AGL,CE,Federal Contract Tower,6,6,9,0,21,0,0,47,6,53,6,6,56,6,74,32,0,32,106
05/22/2023,DEC,IL,AGL,CE,Federal Contract Tower,6,5,6,2,19,0,0,27,2,29,6,5,33,4,48,56,0,56,104
05/23/2023,DEC,IL,AGL,CE,Federal Contract Tower,4,5,1,9,19,0,0,56,9,65,4,5,57,18,84,56,24,80,164
05/24/2023,DEC,IL,AGL,CE,Federal Contract Tower,6,8,6,10,30,0,0,45,3,48,6,8,51,13,78,106,8,114,192
05/25/2023,DEC,IL,AGL,CE,Federal Contract Tower,6,4,2,3,15,0,0,28,17,45,6,4,30,20,60,40,32,72,132
05/26/2023,DEC,IL,AGL,CE,Federal Contract Tower,5,2,5,0,12,0,0,21,0,21,5,2,26,0,33,22,0,22,55
05/27/2023,DEC,IL,AGL,CE,Federal Contract Tower,4,1,2,0,7,0,0,12,0,12,4,1,14,0,19,0,0,0,19
05/28/2023,DEC,IL,AGL,CE,Federal Contract Tower,6,3,3,0,12,0,0,11,0,11,6,3,14,0,23,12,0,12,35
05/29/2023,DEC,IL,AGL,CE,Federal Contract Tower,5,2,0,0,7,0,0,22,0,22,5,2,22,0,29,32,0,32,61
05/30/2023,DEC,IL,AGL,CE,Federal Contract Tower,4,6,6,1,17,0,0,33,10,43,4,6,39,11,60,36,8,44,104
05/31/2023,DEC,IL,AGL,CE,Federal Contract Tower,6,1,4,0,11,0,0,38,4,42,6,1,42,4,53,95,30,125,178
06/01/2023,DEC,IL,AGL,CE,Federal Contract Tower,4,2,7,2,15,0,0,34,11,45,4,2,41,13,60,51,34,85,145
06/02/2023,DEC,IL,AGL,CE,Federal Contract Tower,6,2,4,4,16,0,0,33,2,35,6,2,37,6,51,60,0,60,111
06/03/2023,DEC,IL,AGL,CE,Federal Contract Tower,5,1,13,0,19,0,0,100,12,112,5,1,113,12,131,92,8,100,231
06/04/2023,DEC,IL,AGL,CE,Federal Contract Tower,5,0,4,4,13,0,0,24,7,31,5,0,28,11,44,30,4,34,78
06/05/2023,DEC,IL,AGL,CE,Federal Contract Tower,7,1,3,2,13,0,0,11,4,15,7,1,14,6,28,14,0,14,42
06/06/2023,DEC,IL,AGL,CE,Federal Contract Tower,4,2,0,2,8,0,0,26,8,34,4,2,26,10,42,56,14,70,112
06/07/2023,DEC,IL,AGL,CE,Federal Contract Tower,6,3,1,2,12,0,0,19,11,30,6,3,20,13,42,32,12,44,86
06/08/2023,DEC,IL,AGL,CE,Federal Contract Tower,6,1,3,0,10,0,0,51,11,62,6,1,54,11,72,110,4,114,186
06/09/2023,DEC,IL,AGL,CE,Federal Contract Tower,6,3,3,0,12,0,0,27,11,38,6,3,30,11,50,26,0,26,76
06/10/2023,DEC,IL,AGL,CE,Federal Contract Tower,4,1,1,0,6,0,0,24,11,35,4,1,25,11,41,4,10,14,55
06/11/2023,DEC,IL,AGL,CE,Federal Contract Tower,6,0,3,0,9,0,0,0,0,0,6,0,3,0,9,0,0,0,9
06/12/2023,DEC,IL,AGL,CE,Federal Contract Tower,5,4,2,11,22,0,0,11,5,16,5,4,13,16,38,32,8,40,78
06/13/2023,DEC,IL,AGL,CE,Federal Contract Tower,4,4,1,0,9,0,0,16,15,31,4,4,17,15,40,22,0,22,62
06/14/2023,DEC,IL,AGL,CE,Federal Contract Tower,6,4,5,3,18,0,0,37,9,46,6,4,42,12,64,32,26,58,122
06/15/2023,DEC,IL,AGL,CE,Federal Contract Tower,6,1,5,6,18,0,0,28,25,53,6,1,33,31,71,36,34,70,141
06/16/2023,DEC,IL,AGL,CE,Federal Contract Tower,4,1,1,2,8,0,0,16,7,23,4,1,17,9,31,20,20,40,71
06/17/2023,DEC,IL,AGL,CE,Federal Contract Tower,4,1,2,0,7,0,0,23,0,23,4,1,25,0,30,42,0,42,72
06/18/2023,DEC,IL,AGL,CE,Federal Contract Tower,6,0,0,0,6,0,0,6,0,6,6,0,6,0,12,0,0,0,12
06/19/2023,DEC,IL,AGL,CE,Federal Contract Tower,6,0,1,0,7,0,0,27,2,29,6,0,28,2,36,74,0,74,110
06/20/2023,DEC,IL,AGL,CE,Federal Contract Tower,4,2,6,0,12,0,0,42,1,43,4,2,48,1,55,67,4,71,126
06/21/2023,DEC,IL,AGL,CE,Federal Contract Tower,6,3,4,0,13,0,0,33,5,38,6,3,37,5,51,43,4,47,98
06/22/2023,DEC,IL,AGL,CE,Federal Contract Tower,6,7,7,0,20,0,0,37,20,57,6,7,44,20,77,44,31,75,152
06/23/2023,DEC,IL,AGL,CE,Federal Contract Tower,6,5,10,0,21,0,0,36,2,38,6,5,46,2,59,74,3,77,136
06/24/2023,DEC,IL,AGL,CE,Federal Contract Tower,4,3,0,0,7,0,0,15,0,15,4,3,15,0,22,35,0,35,57
06/25/2023,DEC,IL,AGL,CE,Federal Contract Tower,6,0,1,0,7,0,0,5,1,6,6,0,6,1,13,0,0,0,13
06/26/2023,DEC,IL,AGL,CE,Federal Contract Tower,4,0,6,0,10,0,0,27,0,27,4,0,33,0,37,41,0,41,78
06/27/2023,DEC,IL,AGL,CE,Federal Contract Tower,4,1,5,1,11,0,0,24,10,34,4,1,29,11,45,19,0,19,64
06/28/2023,DEC,IL,AGL,CE,Federal Contract Tower,6,1,5,1,13,0,0,0,0,0,6,1,5,1,13,0,0,0,13
06/29/2023,DEC,IL,AGL,CE,Federal Contract Tower,4,1,2,1,8,0,0,20,1,21,4,1,22,2,29,16,0,16,45
06/30/2023,DEC,IL,AGL,CE,Federal Contract Tower,4,1,4,0,9,0,0,32,0,32,4,1,36,0,41,38,0,38,79
07/01/2023,DEC,IL,AGL,CE,Federal Contract Tower,2,2,5,8,17,0,0,13,0,13,2,2,18,8,30,17,0,17,47
07/03/2023,DEC,IL,AGL,CE,Federal Contract Tower,6,0,0,0,6,0,0,40,0,40,6,0,40,0,46,71,0,71,117
07/04/2023,DEC,IL,AGL,CE,Federal Contract Tower,4,0,3,0,7,0,0,18,0,18,4,0,21,0,25,22,0,22,47
07/05/2023,DEC,IL,AGL,CE,Federal Contract Tower,4,2,6,2,14,0,0,34,0,34,4,2,40,2,48,41,0,41,89
07/06/2023,DEC,IL,AGL,CE,Federal Contract Tower,6,2,3,1,12,0,0,52,10,62,6,2,55,11,74,38,0,38,112
07/07/2023,DEC,IL,AGL,CE,Federal Contract Tower,8,1,2,2,13,0,0,129,4,133,8,1,131,6,146,30,10,40,186
07/08/2023,DEC,IL,AGL,CE,Federal Contract Tower,4,1,4,1,10,0,0,79,0,79,4,1,83,1,89,10,0,10,99
07/09/2023,DEC,IL,AGL,CE,Federal Contract Tower,5,0,2,0,7,0,0,108,1,109,5,0,110,1,116,28,0,28,144
07/10/2023,DEC,IL,AGL,CE,Federal Contract Tower,6,0,1,0,7,0,0,166,0,166,6,0,167,0,173,76,0,76,249
07/11/2023,DEC,IL,AGL,CE,Federal Contract Tower,5,1,3,2,11,0,0,192,11,203,5,1,195,13,214,63,24,87,301
07/12/2023,DEC,IL,AGL,CE,Federal Contract Tower,4,1,3,0,8,0,0,122,2,124,4,1,125,2,132,18,0,18,150
07/13/2023,DEC,IL,AGL,CE,Federal Contract Tower,6,1,3,0,10,0,0,136,6,142,6,1,139,6,152,21,0,21,173
07/14/2023,DEC,IL,AGL,CE,Federal Contract Tower,6,4,7,0,17,0,0,138,12,150,6,4,145,12,167,14,40,54,221
07/15/2023,DEC,IL,AGL,CE,Federal Contract Tower,4,4,0,0,8,0,0,103,19,122,4,4,103,19,130,27,18,45,175
07/16/2023,DEC,IL,AGL,CE,Federal Contract Tower,6,2,2,0,10,0,0,37,4,41,6,2,39,4,51,27,0,27,78
07/17/2023,DEC,IL,AGL,CE,Federal Contract Tower,6,0,2,2,10,0,0,149,9,158,6,0,151,11,168,43,0,43,211
07/18/2023,DEC,IL,AGL,CE,Federal Contract Tower,2,2,4,2,10,0,0,121,2,123,2,2,125,4,133,38,0,38,171
07/19/2023,DEC,IL,AGL,CE,Federal Contract Tower,5,1,2,0,8,0,0,117,6,123,5,1,119,6,131,32,0,32,163
07/20/2023,DEC,IL,AGL,CE,Federal Contract Tower,8,1,4,0,13,0,0,44,3,47,8,1,48,3,60,16,0,16,76
07/21/2023,DEC,IL,AGL,CE,Federal Contract Tower,6,4,1,0,11,0,0,106,1,107,6,4,107,1,118,42,0,42,160
07/22/2023,DEC,IL,AGL,CE,Federal Contract Tower,3,3,7,0,13,0,0,126,0,126,3,3,133,0,139,24,0,24,163
07/23/2023,DEC,IL,AGL,CE,Federal Contract Tower,9,0,1,0,10,0,0,101,0,101,9,0,102,0,111,24,0,24,135
07/24/2023,DEC,IL,AGL,CE,Federal Contract Tower,6,2,0,0,8,0,0,114,0,114,6,2,114,0,122,50,0,50,172
07/25/2023,DEC,IL,AGL,CE,Federal Contract Tower,4,1,8,7,20,0,0,72,14,86,4,1,80,21,106,0,28,28,134
07/26/2023,DEC,IL,AGL,CE,Federal Contract Tower,5,5,2,4,16,0,0,12,0,12,5,5,14,4,28,17,6,23,51
07/27/2023,DEC,IL,AGL,CE,Federal Contract Tower,6,7,9,7,29,0,0,76,1,77,6,7,85,8,106,26,11,37,143
07/28/2023,DEC,IL,AGL,CE,Federal Contract Tower,6,1,5,0,12,0,0,55,0,55,6,1,60,0,67,26,0,26,93
07/29/2023,DEC,IL,AGL,CE,Federal Contract Tower,4,5,3,0,12,0,0,64,0,64,4,5,67,0,76,15,0,15,91
07/30/2023,DEC,IL,AGL,CE,Federal Contract Tower,6,2,3,0,11,0,0,65,0,65,6,2,68,0,76,36,0,36,112
07/31/2023,DEC,IL,AGL,CE,Federal Contract Tower,6,1,2,4,13,0,0,84,7,91,6,1,86,11,104,59,6,65,169
08/01/2023,DEC,IL,AGL,CE,Federal Contract Tower,7,9,4,0,20,0,0,26,10,36,7,9,30,10,56,32,22,54,110
08/02/2023,DEC,IL,AGL,CE,Federal Contract Tower,6,1,4,0,11,0,0,22,2,24,6,1,26,2,35,25,0,25,60
08/03/2023,DEC,IL,AGL,CE,Federal Contract Tower,7,5,11,1,24,0,0,25,14,39,7,5,36,15,63,40,20,60,123
08/04/2023,DEC,IL,AGL,CE,Federal Contract Tower,6,2,5,0,13,0,0,30,6,36,6,2,35,6,49,20,0,20,69
08/05/2023,DEC,IL,AGL,CE,Federal Contract Tower,3,1,1,0,5,0,0,10,0,10,3,1,11,0,15,25,0,25,40
08/06/2023,DEC,IL,AGL,CE,Federal Contract Tower,7,3,0,0,10,0,0,17,2,19,7,3,17,2,29,28,0,28,57
08/07/2023,DEC,IL,AGL,CE,Federal Contract Tower,5,2,4,0,11,0,0,24,0,24,5,2,28,0,35,34,0,34,69
08/08/2023,DEC,IL,AGL,CE,Federal Contract Tower,4,1,2,0,7,0,0,26,3,29,4,1,28,3,36,30,0,30,66
08/09/2023,DEC,IL,AGL,CE,Federal Contract Tower,6,1,3,0,10,0,0,23,10,33,6,1,26,10,43,47,32,79,122
08/10/2023,DEC,IL,AGL,CE,Federal Contract Tower,6,3,2,1,12,0,0,49,3,52,6,3,51,4,64,67,3,70,134
08/11/2023,DEC,IL,AGL,CE,Federal Contract Tower,6,1,1,0,8,0,0,24,2,26,6,1,25,2,34,18,3,21,55
08/12/2023,DEC,IL,AGL,CE,Federal Contract Tower,4,1,4,0,9,0,0,42,0,42,4,1,46,0,51,66,0,66,117
08/13/2023,DEC,IL,AGL,CE,Federal Contract Tower,6,0,9,0,15,0,0,24,0,24,6,0,33,0,39,36,0,36,75
08/15/2023,DEC,IL,AGL,CE,Federal Contract Tower,4,2,4,1,11,0,0,45,16,61,4,2,49,17,72,58,20,78,150
08/16/2023,DEC,IL,AGL,CE,Federal Contract Tower,6,1,0,2,9,0,0,64,3,67,6,1,64,5,76,58,3,61,137
08/17/2023,DEC,IL,AGL,CE,Federal Contract Tower,5,1,1,0,7,0,0,27,10,37,5,1,28,10,44,28,19,47,91
08/18/2023,DEC,IL,AGL,CE,Federal Contract Tower,6,5,4,0,15,0,0,74,4,78,6,5,78,4,93,28,2,30,123
08/19/2023,DEC,IL,AGL,CE,Federal Contract Tower,4,1,4,0,9,0,0,24,0,24,4,1,28,0,33,37,0,37,70
08/20/2023,DEC,IL,AGL,CE,Federal Contract Tower,7,1,2,0,10,0,0,32,0,32,7,1,34,0,42,36,0,36,78
08/21/2023,DEC,IL,AGL,CE,Federal Contract Tower,6,2,7,4,19,0,0,42,1,43,6,2,49,5,62,51,6,57,119
08/22/2023,DEC,IL,AGL,CE,Federal Contract Tower,4,3,2,2,11,0,0,51,3,54,4,3,53,5,65,42,10,52,117
08/23/2023,DEC,IL,AGL,CE,Federal Contract Tower,5,1,1,9,16,0,0,32,5,37,5,1,33,14,53,32,18,50,103
08/24/2023,DEC,IL,AGL,CE,Federal Contract Tower,5,1,5,0,11,0,0,25,8,33,5,1,30,8,44,29,9,38,82
08/25/2023,DEC,IL,AGL,CE,Federal Contract Tower,5,2,3,0,10,0,0,22,8,30,5,2,25,8,40,6,0,6,46
08/26/2023,DEC,IL,AGL,CE,Federal Contract Tower,5,2,1,0,8,0,0,24,6,30,5,2,25,6,38,19,4,23,61
08/27/2023,DEC,IL,AGL,CE,Federal Contract Tower,6,1,12,1,20,0,0,21,9,30,6,1,33,10,50,54,0,54,104
08/28/2023,DEC,IL,AGL,CE,Federal Contract Tower,6,7,13,6,32,0,0,80,6,86,6,7,93,12,118,106,12,118,236
08/29/2023,DEC,IL,AGL,CE,Federal Contract Tower,4,15,29,0,48,0,0,93,10,103,4,15,122,10,151,16,0,16,167
08/30/2023,DEC,IL,AGL,CE,Federal Contract Tower,5,13,36,0,54,0,0,89,5,94,5,13,125,5,148,16,0,16,164
08/31/2023,DEC,IL,AGL,CE,Federal Contract Tower,7,5,33,0,45,0,0,104,10,114,7,5,137,10,159,42,0,42,201
01/01/2020,DEC,IL,AGL,CE,Federal Contract Tower,0,12,3,0,15,0,0,30,0,30,0,12,33,0,45,66,0,66,111
01/02/2020,DEC,IL,AGL,CE,Federal Contract Tower,0,18,2,0,20,0,0,18,9,27,0,18,20,9,47,54,24,78,125
01/03/2020,DEC,IL,AGL,CE,Federal Contract Tower,0,16,4,2,22,0,0,6,0,6,0,16,10,2,28,12,0,12,40
01/04/2020,DEC,IL,AGL,CE,Federal Contract Tower,0,12,0,0,12,0,0,5,0,5,0,12,5,0,17,34,0,34,51
01/05/2020,DEC,IL,AGL,CE,Federal Contract Tower,0,5,8,0,13,0,1,17,0,18,0,6,25,0,31,52,0,52,83
01/06/2020,DEC,IL,AGL,CE,Federal Contract Tower,0,14,3,0,17,0,0,31,1,32,0,14,34,1,49,78,0,78,127
01/07/2020,DEC,IL,AGL,CE,Federal Contract Tower,0,15,4,0,19,0,0,37,29,66,0,15,41,29,85,38,52,90,175
01/08/2020,DEC,IL,AGL,CE,Federal Contract Tower,0,12,6,0,18,0,2,27,15,44,0,14,33,15,62,46,30,76,138
01/09/2020,DEC,IL,AGL,CE,Federal Contract Tower,0,15,4,0,19,0,1,13,13,27,0,16,17,13,46,16,31,47,93
01/10/2020,DEC,IL,AGL,CE,Federal Contract Tower,0,14,10,0,24,0,0,4,0,4,0,14,14,0,28,17,0,17,45
01/11/2020,DEC,IL,AGL,CE,Federal Contract Tower,0,8,0,0,8,0,0,0,0,0,0,8,0,0,8,0,0,0,8
01/12/2020,DEC,IL,AGL,CE,Federal Contract Tower,0,8,2,0,10,0,0,4,0,4,0,8,6,0,14,8,0,8,22
01/13/2020,DEC,IL,AGL,CE,Federal Contract Tower,0,12,3,0,15,0,0,17,0,17,0,12,20,0,32,33,0,33,65
01/14/2020,DEC,IL,AGL,CE,Federal Contract Tower,0,13,5,1,19,0,0,3,6,9,0,13,8,7,28,8,32,40,68
01/15/2020,DEC,IL,AGL,CE,Federal Contract Tower,0,12,13,3,28,0,0,0,0,0,0,12,13,3,28,0,0,0,28
01/16/2020,DEC,IL,AGL,CE,Federal Contract Tower,0,14,9,2,25,0,0,22,20,42,0,14,31,22,67,47,44,91,158
01/17/2020,DEC,IL,AGL,CE,Federal Contract Tower,0,7,2,0,9,0,0,18,6,24,0,7,20,6,33,31,18,49,82
01/18/2020,DEC,IL,AGL,CE,Federal Contract Tower,0,8,0,0,8,0,0,2,0,2,0,8,2,0,10,0,0,0,10
01/19/2020,DEC,IL,AGL,CE,Federal Contract Tower,0,6,1,0,7,0,0,10,0,10,0,6,11,0,17,20,0,20,37
01/20/2020,DEC,IL,AGL,CE,Federal Contract Tower,0,14,2,0,16,0,0,17,0,17,0,14,19,0,33,17,0,17,50
01/21/2020,DEC,IL,AGL,CE,Federal Contract Tower,0,15,3,4,22,0,1,24,9,34,0,16,27,13,56,35,13,48,104
01/22/2020,DEC,IL,AGL,CE,Federal Contract Tower,0,13,1,1,15,0,0,37,13,50,0,13,38,14,65,40,28,68,133
01/23/2020,DEC,IL,AGL,CE,Federal Contract Tower,0,10,2,0,12,0,0,0,0,0,0,10,2,0,12,0,0,0,12
01/24/2020,DEC,IL,AGL,CE,Federal Contract Tower,0,12,4,0,16,0,0,0,0,0,0,12,4,0,16,0,0,0,16
01/25/2020,DEC,IL,AGL,CE,Federal Contract Tower,0,10,0,0,10,0,0,8,0,8,0,10,8,0,18,21,0,21,39
01/26/2020,DEC,IL,AGL,CE,Federal Contract Tower,0,7,9,0,16,0,0,24,4,28,0,7,33,4,44,36,0,36,80
01/27/2020,DEC,IL,AGL,CE,Federal Contract Tower,0,17,4,0,21,0,0,0,0,0,0,17,4,0,21,0,0,0,21
01/28/2020,DEC,IL,AGL,CE,Federal Contract Tower,0,21,3,0,24,0,0,3,0,3,0,21,6,0,27,34,0,34,61
01/29/2020,DEC,IL,AGL,CE,Federal Contract Tower,0,16,1,0,17,0,0,20,10,30,0,16,21,10,47,31,16,47,94
01/30/2020,DEC,IL,AGL,CE,Federal Contract Tower,0,17,3,0,20,0,0,22,20,42,0,17,25,20,62,39,26,65,127
01/31/2020,DEC,IL,AGL,CE,Federal Contract Tower,0,24,0,0,24,0,0,7,3,10,0,24,7,3,34,15,8,23,57
02/01/2020,DEC,IL,AGL,CE,Federal Contract Tower,0,9,5,0,14,0,0,0,6,6,0,9,5,6,20,0,0,0,20
02/02/2020,DEC,IL,AGL,CE,Federal Contract Tower,0,7,9,0,16,0,0,44,0,44,0,7,53,0,60,52,0,52,112
02/03/2020,DEC,IL,AGL,CE,Federal Contract Tower,0,10,2,2,14,0,1,32,10,43,0,11,34,12,57,42,18,60,117
02/04/2020,DEC,IL,AGL,CE,Federal Contract Tower,0,14,2,0,16,0,0,11,6,17,0,14,13,6,33,20,12,32,65
02/06/2020,DEC,IL,AGL,CE,Federal Contract Tower,0,15,2,0,17,0,0,5,16,21,0,15,7,16,38,8,83,91,129
02/07/2020,DEC,IL,AGL,CE,Federal Contract Tower,0,15,1,0,16,0,0,17,5,22,0,15,18,5,38,27,4,31,69
02/08/2020,DEC,IL,AGL,CE,Federal Contract Tower,0,11,12,0,23,0,0,1,16,17,0,11,13,16,40,0,44,44,84
02/09/2020,DEC,IL,AGL,CE,Federal Contract Tower,0,6,2,1,9,0,0,7,2,9,0,6,9,3,18,16,0,16,34
02/10/2020,DEC,IL,AGL,CE,Federal Contract Tower,0,10,0,0,10,0,0,17,4,21,0,10,17,4,31,34,12,46,77
02/11/2020,DEC,IL,AGL,CE,Federal Contract Tower,0,15,4,6,25,0,0,39,16,55,0,15,43,22,80,48,34,82,162
02/13/2020,DEC,IL,AGL,CE,Federal Contract Tower,0,17,1,2,20,0,0,3,2,5,0,17,4,4,25,4,11,15,40
02/14/2020,DEC,IL,AGL,CE,Federal Contract Tower,0,14,4,1,19,0,1,18,8,27,0,15,22,9,46,34,14,48,94
02/15/2020,DEC,IL,AGL,CE,Federal Contract Tower,0,9,1,0,10,0,0,22,4,26,0,9,23,4,36,48,0,48,84
02/16/2020,DEC,IL,AGL,CE,Federal Contract Tower,0,7,6,0,13,0,0,24,0,24,0,7,30,0,37,46,0,46,83
02/17/2020,DEC,IL,AGL,CE,Federal Contract Tower,0,12,14,2,28,0,0,8,4,12,0,12,22,6,40,22,0,22,62
02/18/2020,DEC,IL,AGL,CE,Federal Contract Tower,0,17,4,0,21,0,0,29,12,41,0,17,33,12,62,52,32,84,146
02/19/2020,DEC,IL,AGL,CE,Federal Contract Tower,0,12,6,2,20,0,0,32,12,44,0,12,38,14,64,32,32,64,128
02/20/2020,DEC,IL,AGL,CE,Federal Contract Tower,0,13,5,3,21,0,0,24,17,41,0,13,29,20,62,43,56,99,161
02/21/2020,DEC,IL,AGL,CE,Federal Contract Tower,0,14,9,1,24,0,1,26,3,30,0,15,35,4,54,36,8,44,98
02/22/2020,DEC,IL,AGL,CE,Federal Contract Tower,0,9,11,0,20,0,1,31,1,33,0,10,42,1,53,54,0,54,107
02/23/2020,DEC,IL,AGL,CE,Federal Contract Tower,0,8,3,0,11,0,0,27,0,27,0,8,30,0,38,76,0,76,114
02/24/2020,DEC,IL,AGL,CE,Federal Contract Tower,0,13,10,0,23,0,0,0,0,0,0,13,10,0,23,0,0,0,23
02/25/2020,DEC,IL,AGL,CE,Federal Contract Tower,2,8,3,0,13,0,0,0,0,0,2,8,3,0,13,0,0,0,13
02/26/2020,DEC,IL,AGL,CE,Federal Contract Tower,0,13,4,0,17,0,0,9,6,15,0,13,13,6,32,42,33,75,107
02/27/2020,DEC,IL,AGL,CE,Federal Contract Tower,0,12,5,0,17,0,0,18,15,33,0,12,23,15,50,43,61,104,154
02/28/2020,DEC,IL,AGL,CE,Federal Contract Tower,0,15,4,0,19,0,1,13,13,27,0,16,17,13,46,29,18,47,93
02/29/2020,DEC,IL,AGL,CE,Federal Contract Tower,0,10,0,0,10,0,0,31,0,31,0,10,31,0,41,84,0,84,125
03/01/2020,DEC,IL,AGL,CE,Federal Contract Tower,0,5,10,0,15,0,1,22,0,23,0,6,32,0,38,40,0,40,78
03/02/2020,DEC,IL,AGL,CE,Federal Contract Tower,0,16,7,0,23,0,1,31,7,39,0,17,38,7,62,56,16,72,134
03/03/2020,DEC,IL,AGL,CE,Federal Contract Tower,0,14,6,4,24,0,0,31,11,42,0,14,37,15,66,53,56,109,175
03/04/2020,DEC,IL,AGL,CE,Federal Contract Tower,0,11,15,0,26,0,3,36,7,46,0,14,51,7,72,52,13,65,137
03/05/2020,DEC,IL,AGL,CE,Federal Contract Tower,3,2,4,0,9,0,1,23,8,32,3,3,27,8,41,31,24,55,96
03/06/2020,DEC,IL,AGL,CE,Federal Contract Tower,3,1,4,0,8,0,0,21,11,32,3,1,25,11,40,29,16,45,85
03/07/2020,DEC,IL,AGL,CE,Federal Contract Tower,1,2,2,0,5,0,0,34,0,34,1,2,36,0,39,82,0,82,121
03/08/2020,DEC,IL,AGL,CE,Federal Contract Tower,4,3,8,0,15,0,0,23,2,25,4,3,31,2,40,21,0,21,61
03/09/2020,DEC,IL,AGL,CE,Federal Contract Tower,4,1,0,0,5,0,0,16,0,16,4,1,16,0,21,34,0,34,55
03/10/2020,DEC,IL,AGL,CE,Federal Contract Tower,2,2,0,11,15,0,0,0,0,0,2,2,0,11,15,0,0,0,15
03/11/2020,DEC,IL,AGL,CE,Federal Contract Tower,4,0,1,4,9,0,0,13,3,16,4,0,14,7,25,34,16,50,75
03/13/2020,DEC,IL,AGL,CE,Federal Contract Tower,3,2,4,1,10,0,0,23,5,28,3,2,27,6,38,44,16,60,98
03/14/2020,DEC,IL,AGL,CE,Federal Contract Tower,1,2,0,0,3,0,0,13,10,23,1,2,13,10,26,20,0,20,46
03/15/2020,DEC,IL,AGL,CE,Federal Contract Tower,3,0,11,0,14,0,0,18,0,18,3,0,29,0,32,40,0,40,72
03/16/2020,DEC,IL,AGL,CE,Federal Contract Tower,4,3,2,0,9,0,0,17,0,17,4,3,19,0,26,44,0,44,70
03/17/2020,DEC,IL,AGL,CE,Federal Contract Tower,1,1,6,0,8,0,0,33,8,41,1,1,39,8,49,50,16,66,115
03/18/2020,DEC,IL,AGL,CE,Federal Contract Tower,3,1,3,2,9,0,0,8,0,8,3,1,11,2,17,7,0,7,24
03/19/2020,DEC,IL,AGL,CE,Federal Contract Tower,3,3,0,0,6,0,0,0,0,0,3,3,0,0,6,0,0,0,6
03/20/2020,DEC,IL,AGL,CE,Federal Contract Tower,3,2,0,0,5,0,0,7,0,7,3,2,7,0,12,16,0,16,28
03/21/2020,DEC,IL,AGL,CE,Federal Contract Tower,1,5,12,0,18,0,0,17,0,17,1,5,29,0,35,30,0,30,65
03/22/2020,DEC,IL,AGL,CE,Federal Contract Tower,1,1,0,0,2,0,0,5,0,5,1,1,5,0,7,10,0,10,17
03/23/2020,DEC,IL,AGL,CE,Federal Contract Tower,2,2,0,0,4,0,0,4,0,4,2,2,4,0,8,50,0,50,58
03/24/2020,DEC,IL,AGL,CE,Federal Contract Tower,0,3,2,0,5,0,0,4,0,4,0,3,6,0,9,22,0,22,31
03/25/2020,DEC,IL,AGL,CE,Federal Contract Tower,4,2,4,3,13,0,0,18,0,18,4,2,22,3,31,33,0,33,64
03/26/2020,DEC,IL,AGL,CE,Federal Contract Tower,4,2,1,0,7,0,0,18,0,18,4,2,19,0,25,51,0,51,76
03/27/2020,DEC,IL,AGL,CE,Federal Contract Tower,3,1,3,2,9,0,0,0,0,0,3,1,3,2,9,0,0,0,9
03/28/2020,DEC,IL,AGL,CE,Federal Contract Tower,2,2,8,0,12,0,0,16,0,16,2,2,24,0,28,41,0,41,69
03/29/2020,DEC,IL,AGL,CE,Federal Contract Tower,4,2,2,0,8,0,0,14,0,14,4,2,16,0,22,26,0,26,48
03/30/2020,DEC,IL,AGL,CE,Federal Contract Tower,5,2,2,0,9,0,0,42,0,42,5,2,44,0,51,62,0,62,113
03/31/2020,DEC,IL,AGL,CE,Federal Contract Tower,4,1,10,0,15,0,0,32,0,32,4,1,42,0,47,50,0,50,97
04/01/2020,DEC,IL,AGL,CE,Federal Contract Tower,4,0,0,0,4,0,0,46,0,46,4,0,46,0,50,47,0,47,97
04/02/2020,DEC,IL,AGL,CE,Federal Contract Tower,4,3,6,0,13,0,0,42,0,42,4,3,48,0,55,53,0,53,108
04/03/2020,DEC,IL,AGL,CE,Federal Contract Tower,5,0,2,2,9,0,0,29,0,29,5,0,31,2,38,28,0,28,66
04/04/2020,DEC,IL,AGL,CE,Federal Contract Tower,2,1,6,0,9,0,0,7,0,7,2,1,13,0,16,22,0,22,38
04/05/2020,DEC,IL,AGL,CE,Federal Contract Tower,4,0,3,0,7,0,0,40,0,40,4,0,43,0,47,60,0,60,107
04/06/2020,DEC,IL,AGL,CE,Federal Contract Tower,4,0,2,3,9,0,0,16,8,24,4,0,18,11,33,44,3,47,80
04/07/2020,DEC,IL,AGL,CE,Federal Contract Tower,2,1,4,5,12,0,0,24,3,27,2,1,28,8,39,62,8,70,109
04/08/2020,DEC,IL,AGL,CE,Federal Contract Tower,3,1,2,2,8,0,0,23,0,23,3,1,25,2,31,39,0,39,70
04/09/2020,DEC,IL,AGL,CE,Federal Contract Tower,3,4,2,0,9,0,0,20,1,21,3,4,22,1,30,40,0,40,70
04/10/2020,DEC,IL,AGL,CE,Federal Contract Tower,4,2,0,4,10,0,0,22,0,22,4,2,22,4,32,23,0,23,55
04/11/2020,DEC,IL,AGL,CE,Federal Contract Tower,2,1,0,0,3,0,1,20,2,23,2,2,20,2,26,21,0,21,47
04/12/2020,DEC,IL,AGL,CE,Federal Contract Tower,4,0,0,0,4,0,0,9,0,9,4,0,9,0,13,6,0,6,19
04/13/2020,DEC,IL,AGL,CE,Federal Contract Tower,4,0,0,0,4,0,0,15,0,15,4,0,15,0,19,18,0,18,37
04/14/2020,DEC,IL,AGL,CE,Federal Contract Tower,2,1,0,0,3,0,0,18,2,20,2,1,18,2,23,38,26,64,87
04/15/2020,DEC,IL,AGL,CE,Federal Contract Tower,4,1,3,2,10,0,0,24,1,25,4,1,27,3,35,26,10,36,71
04/16/2020,DEC,IL,AGL,CE,Federal Contract Tower,4,5,0,0,9,0,0,20,0,20,4,5,20,0,29,31,0,31,60
04/17/2020,DEC,IL,AGL,CE,Federal Contract Tower,4,1,2,2,9,0,0,8,0,8,4,1,10,2,17,16,0,16,33
04/18/2020,DEC,IL,AGL,CE,Federal Contract Tower,2,2,0,0,4,0,0,16,0,16,2,2,16,0,20,31,0,31,51
04/19/2020,DEC,IL,AGL,CE,Federal Contract Tower,4,0,5,0,9,0,0,20,0,20,4,0,25,0,29,48,0,48,77
04/20/2020,DEC,IL,AGL,CE,Federal Contract Tower,0,4,0,0,4,0,0,19,0,19,0,4,19,0,23,12,0,12,35
04/21/2020,DEC,IL,AGL,CE,Federal Contract Tower,2,4,3,2,11,0,0,15,7,22,2,4,18,9,33,12,0,12,45
04/22/2020,DEC,IL,AGL,CE,Federal Contract Tower,4,1,4,2,11,0,0,11,2,13,4,1,15,4,24,28,0,28,52
04/23/2020,DEC,IL,AGL,CE,Federal Contract Tower,4,1,2,0,7,0,0,8,0,8,4,1,10,0,15,17,0,17,32
04/24/2020,DEC,IL,AGL,CE,Federal Contract Tower,4,0,2,0,6,0,0,7,0,7,4,0,9,0,13,11,0,11,24
04/25/2020,DEC,IL,AGL,CE,Federal Contract Tower,2,4,4,0,10,0,0,0,0,0,2,4,4,0,10,0,0,0,10
04/26/2020,DEC,IL,AGL,CE,Federal Contract Tower,4,0,14,0,18,0,0,28,0,28,4,0,42,0,46,40,0,40,86
04/27/2020,DEC,IL,AGL,CE,Federal Contract Tower,4,3,0,0,7,0,0,21,0,21,4,3,21,0,28,29,0,29,57
04/28/2020,DEC,IL,AGL,CE,Federal Contract Tower,2,3,0,0,5,0,0,15,0,15,2,3,15,0,20,23,0,23,43
04/29/2020,DEC,IL,AGL,CE,Federal Contract Tower,4,4,0,2,10,0,0,4,0,4,4,4,4,2,14,4,0,4,18
04/30/2020,DEC,IL,AGL,CE,Federal Contract Tower,2,5,1,2,10,0,0,6,2,8,2,5,7,4,18,7,0,7,25
05/01/2020,DEC,IL,AGL,CE,Federal Contract Tower,2,1,8,0,11,0,0,25,0,25,2,1,33,0,36,7,0,7,43
05/02/2020,DEC,IL,AGL,CE,Federal Contract Tower,2,1,2,0,5,0,0,30,0,30,2,1,32,0,35,42,0,42,77
05/03/2020,DEC,IL,AGL,CE,Federal Contract Tower,3,0,1,0,4,0,0,14,0,14,3,0,15,0,18,22,0,22,40
05/04/2020,DEC,IL,AGL,CE,Federal Contract Tower,3,1,0,0,4,0,0,17,2,19,3,1,17,2,23,16,0,16,39
05/05/2020,DEC,IL,AGL,CE,Federal Contract Tower,0,1,6,2,9,0,0,0,3,3,0,1,6,5,12,19,0,19,31
05/06/2020,DEC,IL,AGL,CE,Federal Contract Tower,2,8,0,4,14,0,0,10,0,10,2,8,10,4,24,12,0,12,36
05/07/2020,DEC,IL,AGL,CE,Federal Contract Tower,2,1,0,0,3,0,0,13,8,21,2,1,13,8,24,19,26,45,69
05/08/2020,DEC,IL,AGL,CE,Federal Contract Tower,3,2,0,0,5,0,0,9,0,9,3,2,9,0,14,7,0,7,21
05/09/2020,DEC,IL,AGL,CE,Federal Contract Tower,2,3,1,0,6,0,0,33,0,33,2,3,34,0,39,50,0,50,89
05/10/2020,DEC,IL,AGL,CE,Federal Contract Tower,3,2,0,0,5,0,0,8,0,8,3,2,8,0,13,6,0,6,19
05/11/2020,DEC,IL,AGL,CE,Federal Contract Tower,2,0,2,2,6,0,0,19,0,19,2,0,21,2,25,33,0,33,58
05/12/2020,DEC,IL,AGL,CE,Federal Contract Tower,2,1,0,2,5,0,0,26,10,36,2,1,26,12,41,21,7,28,69
05/13/2020,DEC,IL,AGL,CE,Federal Contract Tower,2,2,0,0,4,0,0,11,6,17,2,2,11,6,21,34,14,48,69
05/14/2020,DEC,IL,AGL,CE,Federal Contract Tower,2,1,0,0,3,0,0,6,4,10,2,1,6,4,13,15,0,15,28
05/15/2020,DEC,IL,AGL,CE,Federal Contract Tower,2,1,0,0,3,0,0,11,3,14,2,1,11,3,17,30,18,48,65
05/16/2020,DEC,IL,AGL,CE,Federal Contract Tower,2,2,8,0,12,0,0,22,2,24,2,2,30,2,36,28,4,32,68
05/17/2020,DEC,IL,AGL,CE,Federal Contract Tower,0,2,0,0,2,0,0,4,0,4,0,2,4,0,6,16,0,16,22
05/18/2020,DEC,IL,AGL,CE,Federal Contract Tower,2,0,3,0,5,0,0,13,0,13,2,0,16,0,18,22,0,22,40
05/19/2020,DEC,IL,AGL,CE,Federal Contract Tower,2,1,9,0,12,0,0,6,2,8,2,1,15,2,20,11,38,49,69
05/20/2020,DEC,IL,AGL,CE,Federal Contract Tower,2,2,3,4,11,0,0,10,0,10,2,2,13,4,21,12,0,12,33
05/21/2020,DEC,IL,AGL,CE,Federal Contract Tower,2,1,1,12,16,0,0,26,21,47,2,1,27,33,63,59,60,119,182
05/22/2020,DEC,IL,AGL,CE,Federal Contract Tower,2,1,4,0,7,0,0,46,0,46,2,1,50,0,53,70,0,70,123
05/23/2020,DEC,IL,AGL,CE,Federal Contract Tower,2,1,1,0,4,0,1,33,0,34,2,2,34,0,38,34,0,34,72
05/24/2020,DEC,IL,AGL,CE,Federal Contract Tower,2,0,8,0,10,0,0,21,0,21,2,0,29,0,31,34,0,34,65
05/25/2020,DEC,IL,AGL,CE,Federal Contract Tower,2,0,2,0,4,0,0,24,0,24,2,0,26,0,28,33,0,33,61
05/26/2020,DEC,IL,AGL,CE,Federal Contract Tower,2,1,1,0,4,0,0,20,3,23,2,1,21,3,27,48,11,59,86
05/27/2020,DEC,IL,AGL,CE,Federal Contract Tower,2,1,8,2,13,0,0,19,3,22,2,1,27,5,35,14,5,19,54
05/28/2020,DEC,IL,AGL,CE,Federal Contract Tower,2,5,2,0,9,0,0,14,9,23,2,5,16,9,32,44,48,92,124
05/29/2020,DEC,IL,AGL,CE,Federal Contract Tower,3,2,6,1,12,0,0,39,2,41,3,2,45,3,53,61,0,61,114
05/30/2020,DEC,IL,AGL,CE,Federal Contract Tower,2,2,0,1,5,0,0,30,1,31,2,2,30,2,36,63,14,77,113
05/31/2020,DEC,IL,AGL,CE,Federal Contract Tower,0,2,8,0,10,0,0,38,0,38,0,2,46,0,48,58,0,58,106
06/01/2020,DEC,IL,AGL,CE,Federal Contract Tower,2,1,2,0,5,0,0,23,0,23,2,1,25,0,28,50,0,50,78
06/02/2020,DEC,IL,AGL,CE,Federal Contract Tower,2,3,2,2,9,0,0,19,5,24,2,3,21,7,33,39,9,48,81
06/03/2020,DEC,IL,AGL,CE,Federal Contract Tower,2,1,1,0,4,0,0,10,3,13,2,1,11,3,17,33,11,44,61
06/04/2020,DEC,IL,AGL,CE,Federal Contract Tower,2,5,0,0,7,0,0,20,7,27,2,5,20,7,34,22,10,32,66
06/05/2020,DEC,IL,AGL,CE,Federal Contract Tower,2,1,0,2,5,0,0,14,0,14,2,1,14,2,19,33,0,33,52
06/06/2020,DEC,IL,AGL,CE,Federal Contract Tower,2,3,3,0,8,0,0,33,0,33,2,3,36,0,41,54,0,54,95
06/07/2020,DEC,IL,AGL,CE,Federal Contract Tower,2,0,6,4,12,0,0,25,2,27,2,0,31,6,39,40,8,48,87
06/08/2020,DEC,IL,AGL,CE,Federal Contract Tower,2,2,1,0,5,0,0,85,0,85,2,2,86,0,90,38,0,38,128
06/09/2020,DEC,IL,AGL,CE,Federal Contract Tower,2,4,0,0,6,0,0,8,0,8,2,4,8,0,14,8,0,8,22
06/10/2020,DEC,IL,AGL,CE,Federal Contract Tower,2,2,2,2,8,0,0,10,6,16,2,2,12,8,24,16,23,39,63
06/11/2020,DEC,IL,AGL,CE,Federal Contract Tower,2,3,3,2,10,0,1,24,5,30,2,4,27,7,40,52,0,52,92
06/12/2020,DEC,IL,AGL,CE,Federal Contract Tower,2,3,1,0,6,0,0,30,0,30,2,3,31,0,36,50,0,50,86
06/13/2020,DEC,IL,AGL,CE,Federal Contract Tower,2,3,1,0,6,0,1,25,0,26,2,4,26,0,32,42,0,42,74
06/14/2020,DEC,IL,AGL,CE,Federal Contract Tower,2,0,0,0,2,0,0,21,0,21,2,0,21,0,23,46,0,46,69
06/15/2020,DEC,IL,AGL,CE,Federal Contract Tower,2,1,2,0,5,0,0,29,0,29,2,1,31,0,34,44,0,44,78
06/16/2020,DEC,IL,AGL,CE,Federal Contract Tower,2,4,2,0,8,0,0,44,9,53,2,4,46,9,61,29,29,58,119
06/17/2020,DEC,IL,AGL,CE,Federal Contract Tower,2,3,6,2,13,0,0,28,7,35,2,3,34,9,48,59,7,66,114
06/18/2020,DEC,IL,AGL,CE,Federal Contract Tower,2,1,5,1,9,0,0,23,3,26,2,1,28,4,35,54,4,58,93
06/19/2020,DEC,IL,AGL,CE,Federal Contract Tower,2,1,1,0,4,0,0,35,0,35,2,1,36,0,39,63,0,63,102
06/20/2020,DEC,IL,AGL,CE,Federal Contract Tower,0,4,1,0,5,0,0,20,0,20,0,4,21,0,25,33,0,33,58
06/21/2020,DEC,IL,AGL,CE,Federal Contract Tower,2,2,0,0,4,0,0,19,0,19,2,2,19,0,23,39,0,39,62
06/22/2020,DEC,IL,AGL,CE,Federal Contract Tower,2,0,6,0,8,0,0,26,1,27,2,0,32,1,35,74,3,77,112
06/23/2020,DEC,IL,AGL,CE,Federal Contract Tower,2,2,11,0,15,0,0,44,4,48,2,2,55,4,63,118,6,124,187
06/24/2020,DEC,IL,AGL,CE,Federal Contract Tower,2,2,0,0,4,0,0,27,8,35,2,2,27,8,39,34,8,42,81
06/25/2020,DEC,IL,AGL,CE,Federal Contract Tower,2,1,5,0,8,0,0,27,10,37,2,1,32,10,45,42,4,46,91
06/26/2020,DEC,IL,AGL,CE,Federal Contract Tower,2,1,2,0,5,0,0,20,3,23,2,1,22,3,28,37,0,37,65
06/27/2020,DEC,IL,AGL,CE,Federal Contract Tower,2,1,2,0,5,0,0,12,0,12,2,1,14,0,17,26,0,26,43
06/28/2020,DEC,IL,AGL,CE,Federal Contract Tower,2,0,6,0,8,0,0,20,0,20,2,0,26,0,28,95,0,95,123
06/29/2020,DEC,IL,AGL,CE,Federal Contract Tower,2,0,1,0,3,0,0,36,0,36,2,0,37,0,39,45,0,45,84
06/30/2020,DEC,IL,AGL,CE,Federal Contract Tower,2,3,0,0,5,0,0,24,8,32,2,3,24,8,37,43,12,55,92
07/01/2020,DEC,IL,AGL,CE,Federal Contract Tower,2,7,2,4,15,0,0,24,6,30,2,7,26,10,45,27,22,49,94
07/02/2020,DEC,IL,AGL,CE,Federal Contract Tower,2,1,6,0,9,0,0,19,2,21,2,1,25,2,30,39,0,39,69
07/03/2020,DEC,IL,AGL,CE,Federal Contract Tower,2,3,3,0,8,0,0,27,0,27,2,3,30,0,35,42,0,42,77
07/04/2020,DEC,IL,AGL,CE,Federal Contract Tower,2,0,0,0,2,0,0,31,0,31,2,0,31,0,33,44,0,44,77
07/05/2020,DEC,IL,AGL,CE,Federal Contract Tower,2,0,1,0,3,0,0,25,0,25,2,0,26,0,28,46,0,46,74
07/06/2020,DEC,IL,AGL,CE,Federal Contract Tower,3,0,2,0,5,0,0,35,0,35,3,0,37,0,40,45,0,45,85
07/07/2020,DEC,IL,AGL,CE,Federal Contract Tower,1,1,4,0,6,0,0,35,2,37,1,1,39,2,43,33,10,43,86
07/08/2020,DEC,IL,AGL,CE,Federal Contract Tower,4,3,4,1,12,0,0,20,4,24,4,3,24,5,36,20,0,20,56
07/09/2020,DEC,IL,AGL,CE,Federal Contract Tower,4,2,3,0,9,0,0,24,1,25,4,2,27,1,34,32,0,32,66
07/10/2020,DEC,IL,AGL,CE,Federal Contract Tower,2,1,4,3,10,0,0,21,3,24,2,1,25,6,34,85,0,85,119
07/11/2020,DEC,IL,AGL,CE,Federal Contract Tower,2,0,2,0,4,0,0,29,0,29,2,0,31,0,33,56,0,56,89
07/12/2020,DEC,IL,AGL,CE,Federal Contract Tower,3,1,3,1,8,0,0,56,2,58,3,1,59,3,66,42,4,46,112
07/13/2020,DEC,IL,AGL,CE,Federal Contract Tower,4,0,1,0,5,0,0,136,0,136,4,0,137,0,141,58,0,58,199
07/14/2020,DEC,IL,AGL,CE,Federal Contract Tower,2,1,7,0,10,0,0,122,6,128,2,1,129,6,138,30,4,34,172
07/15/2020,DEC,IL,AGL,CE,Federal Contract Tower,4,2,1,0,7,0,0,65,5,70,4,2,66,5,77,8,0,8,85
07/16/2020,DEC,IL,AGL,CE,Federal Contract Tower,4,2,8,0,14,0,0,73,7,80,4,2,81,7,94,46,4,50,144
07/17/2020,DEC,IL,AGL,CE,Federal Contract Tower,4,1,5,0,10,0,0,67,1,68,4,1,72,1,78,67,0,67,145
07/18/2020,DEC,IL,AGL,CE,Federal Contract Tower,2,1,6,0,9,0,1,61,0,62,2,2,67,0,71,47,0,47,118
07/19/2020,DEC,IL,AGL,CE,Federal Contract Tower,4,0,5,0,9,0,0,58,1,59,4,0,63,1,68,32,0,32,100
07/20/2020,DEC,IL,AGL,CE,Federal Contract Tower,4,0,3,5,12,0,0,155,5,160,4,0,158,10,172,36,16,52,224
07/21/2020,DEC,IL,AGL,CE,Federal Contract Tower,2,1,3,2,8,0,0,55,1,56,2,1,58,3,64,14,0,14,78
07/22/2020,DEC,IL,AGL,CE,Federal Contract Tower,4,1,10,1,16,0,0,80,3,83,4,1,90,4,99,22,8,30,129
07/23/2020,DEC,IL,AGL,CE,Federal Contract Tower,4,1,8,1,14,0,0,58,11,69,4,1,66,12,83,39,17,56,139
07/24/2020,DEC,IL,AGL,CE,Federal Contract Tower,2,2,6,3,13,0,0,61,2,63,2,2,67,5,76,38,6,44,120
07/25/2020,DEC,IL,AGL,CE,Federal Contract Tower,2,1,1,0,4,0,1,74,0,75,2,2,75,0,79,26,0,26,105
07/26/2020,DEC,IL,AGL,CE,Federal Contract Tower,4,2,10,0,16,0,0,43,1,44,4,2,53,1,60,48,0,48,108
07/27/2020,DEC,IL,AGL,CE,Federal Contract Tower,5,0,4,0,9,0,0,36,0,36,5,0,40,0,45,11,0,11,56
07/28/2020,DEC,IL,AGL,CE,Federal Contract Tower,2,4,3,0,9,0,0,59,0,59,2,4,62,0,68,26,0,26,94
07/29/2020,DEC,IL,AGL,CE,Federal Contract Tower,5,1,13,0,19,0,0,60,0,60,5,1,73,0,79,54,0,54,133
07/30/2020,DEC,IL,AGL,CE,Federal Contract Tower,3,5,3,0,11,0,0,13,0,13,3,5,16,0,24,28,0,28,52
07/31/2020,DEC,IL,AGL,CE,Federal Contract Tower,4,1,0,1,6,0,0,29,2,31,4,1,29,3,37,36,12,48,85
08/01/2020,DEC,IL,AGL,CE,Federal Contract Tower,2,2,3,0,7,0,0,18,2,20,2,2,21,2,27,49,2,51,78
08/02/2020,DEC,IL,AGL,CE,Federal Contract Tower,4,0,10,0,14,0,0,84,0,84,4,0,94,0,98,36,0,36,134
08/03/2020,DEC,IL,AGL,CE,Federal Contract Tower,4,1,2,0,7,0,0,22,0,22,4,1,24,0,29,20,0,20,49
08/04/2020,DEC,IL,AGL,CE,Federal Contract Tower,2,1,3,0,6,0,0,45,2,47,2,1,48,2,53,21,0,21,74
08/05/2020,DEC,IL,AGL,CE,Federal Contract Tower,4,1,3,0,8,0,0,63,2,65,4,1,66,2,73,52,8,60,133
08/06/2020,DEC,IL,AGL,CE,Federal Contract Tower,4,0,0,0,4,0,0,65,2,67,4,0,65,2,71,24,0,24,95
08/07/2020,DEC,IL,AGL,CE,Federal Contract Tower,4,3,4,0,11,0,0,52,1,53,4,3,56,1,64,44,0,44,108
08/08/2020,DEC,IL,AGL,CE,Federal Contract Tower,2,2,0,0,4,0,0,50,1,51,2,2,50,1,55,58,4,62,117
08/09/2020,DEC,IL,AGL,CE,Federal Contract Tower,4,0,1,0,5,0,0,41,0,41,4,0,42,0,46,38,0,38,84
08/10/2020,DEC,IL,AGL,CE,Federal Contract Tower,3,0,1,10,14,0,0,22,2,24,3,0,23,12,38,24,10,34,72
08/11/2020,DEC,IL,AGL,CE,Federal Contract Tower,1,4,7,0,12,0,0,23,0,23,1,4,30,0,35,12,0,12,47
08/12/2020,DEC,IL,AGL,CE,Federal Contract Tower,4,6,3,0,13,0,0,39,0,39,4,6,42,0,52,74,0,74,126
08/13/2020,DEC,IL,AGL,CE,Federal Contract Tower,4,2,1,0,7,0,0,37,0,37,4,2,38,0,44,56,0,56,100
08/14/2020,DEC,IL,AGL,CE,Federal Contract Tower,4,1,4,3,12,0,0,37,1,38,4,1,41,4,50,30,6,36,86
08/15/2020,DEC,IL,AGL,CE,Federal Contract Tower,2,1,1,0,4,0,0,33,5,38,2,1,34,5,42,61,4,65,107
08/16/2020,DEC,IL,AGL,CE,Federal Contract Tower,4,0,1,0,5,0,0,32,0,32,4,0,33,0,37,57,0,57,94
08/17/2020,DEC,IL,AGL,CE,Federal Contract Tower,4,3,2,0,9,0,0,29,8,37,4,3,31,8,46,23,8,31,77
08/18/2020,DEC,IL,AGL,CE,Federal Contract Tower,2,5,0,4,11,0,0,35,7,42,2,5,35,11,53,20,26,46,99
08/19/2020,DEC,IL,AGL,CE,Federal Contract Tower,4,3,7,2,16,0,0,25,2,27,4,3,32,4,43,46,2,48,91
08/20/2020,DEC,IL,AGL,CE,Federal Contract Tower,4,1,2,2,9,0,0,48,3,51,4,1,50,5,60,38,8,46,106
08/21/2020,DEC,IL,AGL,CE,Federal Contract Tower,4,1,3,0,8,0,0,30,12,42,4,1,33,12,50,26,68,94,144
08/22/2020,DEC,IL,AGL,CE,Federal Contract Tower,2,2,2,0,6,0,0,29,1,30,2,2,31,1,36,52,3,55,91
08/23/2020,DEC,IL,AGL,CE,Federal Contract Tower,4,0,2,0,6,0,0,30,0,30,4,0,32,0,36,29,0,29,65
08/24/2020,DEC,IL,AGL,CE,Federal Contract Tower,4,0,0,0,4,0,0,26,0,26,4,0,26,0,30,25,0,25,55
08/25/2020,DEC,IL,AGL,CE,Federal Contract Tower,2,1,2,0,5,0,0,32,17,49,2,1,34,17,54,43,28,71,125
08/26/2020,DEC,IL,AGL,CE,Federal Contract Tower,4,1,2,0,7,0,0,34,2,36,4,1,36,2,43,56,0,56,99
08/27/2020,DEC,IL,AGL,CE,Federal Contract Tower,4,1,1,4,10,0,0,18,15,33,4,1,19,19,43,37,52,89,132
08/28/2020,DEC,IL,AGL,CE,Federal Contract Tower,4,1,4,0,9,0,1,57,1,59,4,2,61,1,68,44,0,44,112
08/29/2020,DEC,IL,AGL,CE,Federal Contract Tower,2,2,8,0,12,0,0,34,0,34,2,2,42,0,46,58,0,58,104
08/30/2020,DEC,IL,AGL,CE,Federal Contract Tower,4,0,3,0,7,0,0,33,0,33,4,0,36,0,40,42,0,42,82
08/31/2020,DEC,IL,AGL,CE,Federal Contract Tower,4,0,8,4,16,0,0,30,2,32,4,0,38,6,48,24,4,28,76
09/01/2020,DEC,IL,AGL,CE,Federal Contract Tower,2,3,8,2,15,0,0,19,0,19,2,3,27,2,34,16,0,16,50
09/02/2020,DEC,IL,AGL,CE,Federal Contract Tower,4,1,12,0,17,0,0,33,0,33,4,1,45,0,50,62,0,62,112
09/03/2020,DEC,IL,AGL,CE,Federal Contract Tower,4,3,2,1,10,0,0,26,4,30,4,3,28,5,40,66,33,99,139
09/04/2020,DEC,IL,AGL,CE,Federal Contract Tower,4,1,9,2,16,0,0,27,0,27,4,1,36,2,43,56,0,56,99
09/05/2020,DEC,IL,AGL,CE,Federal Contract Tower,1,2,0,0,3,0,0,31,1,32,1,2,31,1,35,37,0,37,72
09/06/2020,DEC,IL,AGL,CE,Federal Contract Tower,2,0,12,0,14,0,0,22,0,22,2,0,34,0,36,43,0,43,79
09/07/2020,DEC,IL,AGL,CE,Federal Contract Tower,4,4,5,0,13,0,0,17,1,18,4,4,22,1,31,10,0,10,41
09/08/2020,DEC,IL,AGL,CE,Federal Contract Tower,2,1,1,0,4,0,0,8,3,11,2,1,9,3,15,23,0,23,38
09/09/2020,DEC,IL,AGL,CE,Federal Contract Tower,4,1,9,1,15,0,0,24,0,24,4,1,33,1,39,30,0,30,69
09/10/2020,DEC,IL,AGL,CE,Federal Contract Tower,4,4,6,2,16,0,0,17,0,17,4,4,23,2,33,0,0,0,33
09/11/2020,DEC,IL,AGL,CE,Federal Contract Tower,4,2,0,0,6,0,0,32,0,32,4,2,32,0,38,24,0,24,62
09/12/2020,DEC,IL,AGL,CE,Federal Contract Tower,2,2,3,0,7,0,0,0,0,0,2,2,3,0,7,0,0,0,7
09/13/2020,DEC,IL,AGL,CE,Federal Contract Tower,4,0,9,2,15,0,0,29,4,33,4,0,38,6,48,41,4,45,93
09/14/2020,DEC,IL,AGL,CE,Federal Contract Tower,4,3,4,3,14,0,0,29,2,31,4,3,33,5,45,31,0,31,76
09/15/2020,DEC,IL,AGL,CE,Federal Contract Tower,2,2,0,1,5,0,0,33,1,34,2,2,33,2,39,49,4,53,92
09/16/2020,DEC,IL,AGL,CE,Federal Contract Tower,4,3,5,1,13,0,0,38,11,49,4,3,43,12,62,39,2,41,103
09/17/2020,DEC,IL,AGL,CE,Federal Contract Tower,4,1,8,4,17,0,0,30,9,39,4,1,38,13,56,57,0,57,113
09/18/2020,DEC,IL,AGL,CE,Federal Contract Tower,4,1,0,0,5,0,0,25,6,31,4,1,25,6,36,41,4,45,81
09/19/2020,DEC,IL,AGL,CE,Federal Contract Tower,2,2,3,0,7,0,0,41,2,43,2,2,44,2,50,34,10,44,94
09/20/2020,DEC,IL,AGL,CE,Federal Contract Tower,4,2,7,0,13,0,0,40,0,40,4,2,47,0,53,36,0,36,89
09/21/2020,DEC,IL,AGL,CE,Federal Contract Tower,4,0,4,10,18,0,0,30,4,34,4,0,34,14,52,33,40,73,125
09/22/2020,DEC,IL,AGL,CE,Federal Contract Tower,1,1,2,2,6,0,0,26,2,28,1,1,28,4,34,49,5,54,88
09/23/2020,DEC,IL,AGL,CE,Federal Contract Tower,3,4,14,3,24,0,0,27,24,51,3,4,41,27,75,61,54,115,190
09/24/2020,DEC,IL,AGL,CE,Federal Contract Tower,4,3,2,0,9,0,0,25,6,31,4,3,27,6,40,46,1,47,87
09/25/2020,DEC,IL,AGL,CE,Federal Contract Tower,4,2,6,2,14,0,0,38,0,38,4,2,44,2,52,68,0,68,120
09/26/2020,DEC,IL,AGL,CE,Federal Contract Tower,2,3,12,0,17,0,0,24,0,24,2,3,36,0,41,42,0,42,83
09/27/2020,DEC,IL,AGL,CE,Federal Contract Tower,4,2,15,0,21,0,0,28,0,28,4,2,43,0,49,55,0,55,104
09/28/2020,DEC,IL,AGL,CE,Federal Contract Tower,4,1,12,0,17,0,0,16,1,17,4,1,28,1,34,24,4,28,62
09/29/2020,DEC,IL,AGL,CE,Federal Contract Tower,2,1,8,2,13,0,0,28,2,30,2,1,36,4,43,39,7,46,89
09/30/2020,DEC,IL,AGL,CE,Federal Contract Tower,4,5,2,2,13,0,0,25,1,26,4,5,27,3,39,54,0,54,93
10/01/2020,DEC,IL,AGL,CE,Federal Contract Tower,4,2,2,0,8,0,0,30,5,35,4,2,32,5,43,60,16,76,119
10/02/2020,DEC,IL,AGL,CE,Federal Contract Tower,4,3,1,0,8,0,0,25,0,25,4,3,26,0,33,72,0,72,105
10/03/2020,DEC,IL,AGL,CE,Federal Contract Tower,2,1,4,0,7,0,0,29,0,29,2,1,33,0,36,53,0,53,89
10/04/2020,DEC,IL,AGL,CE,Federal Contract Tower,4,0,10,0,14,0,0,22,0,22,4,0,32,0,36,44,0,44,80
10/05/2020,DEC,IL,AGL,CE,Federal Contract Tower,4,0,1,2,7,0,0,20,1,21,4,0,21,3,28,29,8,37,65
10/06/2020,DEC,IL,AGL,CE,Federal Contract Tower,2,2,1,10,15,0,0,15,10,25,2,2,16,20,40,26,36,62,102
10/07/2020,DEC,IL,AGL,CE,Federal Contract Tower,4,3,3,2,12,0,0,31,0,31,4,3,34,2,43,62,0,62,105
10/08/2020,DEC,IL,AGL,CE,Federal Contract Tower,3,1,2,7,13,0,0,27,0,27,3,1,29,7,40,49,0,49,89
10/09/2020,DEC,IL,AGL,CE,Federal Contract Tower,6,1,5,2,14,0,0,30,0,30,6,1,35,2,44,57,0,57,101
10/10/2020,DEC,IL,AGL,CE,Federal Contract Tower,2,1,3,0,6,0,0,36,0,36,2,1,39,0,42,47,0,47,89
10/11/2020,DEC,IL,AGL,CE,Federal Contract Tower,4,0,8,0,12,0,0,31,0,31,4,0,39,0,43,45,0,45,88
10/12/2020,DEC,IL,AGL,CE,Federal Contract Tower,4,0,5,0,9,0,0,13,0,13,4,0,18,0,22,25,0,25,47
10/13/2020,DEC,IL,AGL,CE,Federal Contract Tower,2,1,2,1,6,0,0,18,7,25,2,1,20,8,31,33,8,41,72
10/14/2020,DEC,IL,AGL,CE,Federal Contract Tower,4,1,0,5,10,0,0,19,5,24,4,1,19,10,34,26,10,36,70
10/15/2020,DEC,IL,AGL,CE,Federal Contract Tower,4,2,1,3,10,0,0,24,11,35,4,2,25,14,45,57,10,67,112
10/16/2020,DEC,IL,AGL,CE,Federal Contract Tower,4,5,1,0,10,0,0,26,9,35,4,5,27,9,45,46,36,82,127
10/17/2020,DEC,IL,AGL,CE,Federal Contract Tower,2,1,5,0,8,0,0,21,0,21,2,1,26,0,29,33,0,33,62
10/18/2020,DEC,IL,AGL,CE,Federal Contract Tower,4,2,5,0,11,0,0,23,3,26,4,2,28,3,37,34,0,34,71
10/19/2020,DEC,IL,AGL,CE,Federal Contract Tower,4,1,1,0,6,0,0,14,0,14,4,1,15,0,20,25,0,25,45
10/20/2020,DEC,IL,AGL,CE,Federal Contract Tower,2,5,2,3,12,0,0,13,2,15,2,5,15,5,27,23,0,23,50
10/21/2020,DEC,IL,AGL,CE,Federal Contract Tower,4,2,6,1,13,0,0,6,0,6,4,2,12,1,19,0,0,0,19
10/22/2020,DEC,IL,AGL,CE,Federal Contract Tower,4,1,5,2,12,0,0,25,22,47,4,1,30,24,59,53,56,109,168
10/23/2020,DEC,IL,AGL,CE,Federal Contract Tower,4,1,1,2,8,0,0,5,0,5,4,1,6,2,13,34,0,34,47
10/24/2020,DEC,IL,AGL,CE,Federal Contract Tower,2,2,3,2,9,0,0,15,12,27,2,2,18,14,36,16,15,31,67
10/25/2020,DEC,IL,AGL,CE,Federal Contract Tower,4,0,2,0,6,0,0,19,0,19,4,0,21,0,25,66,0,66,91
10/26/2020,DEC,IL,AGL,CE,Federal Contract Tower,2,1,2,8,13,0,0,3,0,3,2,1,5,8,16,9,0,9,25
10/27/2020,DEC,IL,AGL,CE,Federal Contract Tower,2,1,2,2,7,0,0,0,0,0,2,1,2,2,7,0,0,0,7
10/28/2020,DEC,IL,AGL,CE,Federal Contract Tower,4,1,3,6,14,0,0,28,0,28,4,1,31,6,42,54,0,54,96
10/29/2020,DEC,IL,AGL,CE,Federal Contract Tower,4,1,0,5,10,0,0,13,12,25,4,1,13,17,35,27,62,89,124
10/30/2020,DEC,IL,AGL,CE,Federal Contract Tower,4,1,6,5,16,0,0,27,1,28,4,1,33,6,44,48,4,52,96
10/31/2020,DEC,IL,AGL,CE,Federal Contract Tower,2,3,5,0,10,0,0,19,0,19,2,3,24,0,29,39,0,39,68
11/01/2020,DEC,IL,AGL,CE,Federal Contract Tower,4,3,0,0,7,0,0,14,0,14,4,3,14,0,21,22,0,22,43
11/02/2020,DEC,IL,AGL,CE,Federal Contract Tower,4,0,2,0,6,0,0,25,0,25,4,0,27,0,31,40,0,40,71
11/03/2020,DEC,IL,AGL,CE,Federal Contract Tower,2,1,6,4,13,0,0,23,10,33,2,1,29,14,46,58,31,89,135
11/04/2020,DEC,IL,AGL,CE,Federal Contract Tower,4,4,2,2,12,0,0,34,4,38,4,4,36,6,50,52,10,62,112
11/05/2020,DEC,IL,AGL,CE,Federal Contract Tower,4,0,2,0,6,0,0,34,12,46,4,0,36,12,52,52,22,74,126
11/06/2020,DEC,IL,AGL,CE,Federal Contract Tower,4,0,2,2,8,0,0,23,10,33,4,0,25,12,41,49,10,59,100
11/07/2020,DEC,IL,AGL,CE,Federal Contract Tower,2,2,4,0,8,0,0,14,10,24,2,2,18,10,32,30,6,36,68
11/08/2020,DEC,IL,AGL,CE,Federal Contract Tower,4,2,3,0,9,0,0,14,0,14,4,2,17,0,23,37,0,37,60
11/09/2020,DEC,IL,AGL,CE,Federal Contract Tower,4,0,2,0,6,0,0,21,8,29,4,0,23,8,35,36,18,54,89
11/10/2020,DEC,IL,AGL,CE,Federal Contract Tower,2,3,6,4,15,0,0,14,2,16,2,3,20,6,31,16,0,16,47
11/11/2020,DEC,IL,AGL,CE,Federal Contract Tower,5,1,2,0,8,0,0,33,2,35,5,1,35,2,43,58,0,58,101
11/12/2020,DEC,IL,AGL,CE,Federal Contract Tower,6,1,2,2,11,0,0,20,9,29,6,1,22,11,40,42,26,68,108
11/13/2020,DEC,IL,AGL,CE,Federal Contract Tower,4,1,6,2,13,0,0,27,1,28,4,1,33,3,41,42,4,46,87
11/14/2020,DEC,IL,AGL,CE,Federal Contract Tower,2,4,0,0,6,0,0,10,0,10,2,4,10,0,16,18,0,18,34
11/15/2020,DEC,IL,AGL,CE,Federal Contract Tower,4,2,0,0,6,0,0,7,0,7,4,2,7,0,13,9,0,9,22
11/16/2020,DEC,IL,AGL,CE,Federal Contract Tower,4,0,4,1,9,0,0,29,6,35,4,0,33,7,44,52,0,52,96
11/17/2020,DEC,IL,AGL,CE,Federal Contract Tower,2,5,4,1,12,0,0,21,0,21,2,5,25,1,33,46,0,46,79
11/18/2020,DEC,IL,AGL,CE,Federal Contract Tower,4,3,2,0,9,0,0,23,0,23,4,3,25,0,32,40,0,40,72
11/19/2020,DEC,IL,AGL,CE,Federal Contract Tower,4,1,0,0,5,0,0,26,0,26,4,1,26,0,31,25,0,25,56
11/20/2020,DEC,IL,AGL,CE,Federal Contract Tower,4,1,10,0,15,0,0,27,0,27,4,1,37,0,42,53,0,53,95
11/21/2020,DEC,IL,AGL,CE,Federal Contract Tower,2,2,5,0,9,0,0,14,0,14,2,2,19,0,23,22,0,22,45
11/22/2020,DEC,IL,AGL,CE,Federal Contract Tower,4,0,8,0,12,0,0,8,0,8,4,0,16,0,20,17,0,17,37
11/23/2020,DEC,IL,AGL,CE,Federal Contract Tower,4,0,4,2,10,0,0,25,1,26,4,0,29,3,36,38,0,38,74
11/24/2020,DEC,IL,AGL,CE,Federal Contract Tower,4,1,1,2,8,0,0,13,6,19,4,1,14,8,27,14,20,34,61
11/25/2020,DEC,IL,AGL,CE,Federal Contract Tower,8,1,5,0,14,0,0,0,0,0,8,1,5,0,14,0,0,0,14
11/26/2020,DEC,IL,AGL,CE,Federal Contract Tower,3,0,8,0,11,0,0,5,0,5,3,0,13,0,16,0,0,0,16
11/27/2020,DEC,IL,AGL,CE,Federal Contract Tower,4,1,5,0,10,0,0,19,0,19,4,1,24,0,29,44,0,44,73
11/28/2020,DEC,IL,AGL,CE,Federal Contract Tower,4,2,1,0,7,0,0,45,0,45,4,2,46,0,52,40,0,40,92
11/29/2020,DEC,IL,AGL,CE,Federal Contract Tower,4,0,4,0,8,0,0,20,0,20,4,0,24,0,28,51,0,51,79
11/30/2020,DEC,IL,AGL,CE,Federal Contract Tower,4,0,2,4,10,0,0,14,4,18,4,0,16,8,28,9,3,12,40
12/01/2020,DEC,IL,AGL,CE,Federal Contract Tower,2,5,2,0,9,0,0,21,25,46,2,5,23,25,55,23,48,71,126
12/02/2020,DEC,IL,AGL,CE,Federal Contract Tower,4,2,0,2,8,0,0,30,14,44,4,2,30,16,52,82,40,122,174
12/03/2020,DEC,IL,AGL,CE,Federal Contract Tower,4,3,3,0,10,0,0,26,6,32,4,3,29,6,42,48,43,91,133
12/04/2020,DEC,IL,AGL,CE,Federal Contract Tower,4,3,1,2,10,0,0,19,4,23,4,3,20,6,33,37,20,57,90
12/05/2020,DEC,IL,AGL,CE,Federal Contract Tower,2,9,0,0,11,0,0,19,0,19,2,9,19,0,30,36,0,36,66
12/06/2020,DEC,IL,AGL,CE,Federal Contract Tower,4,2,10,0,16,0,0,18,0,18,4,2,28,0,34,29,0,29,63
12/07/2020,DEC,IL,AGL,CE,Federal Contract Tower,4,6,1,6,17,0,0,20,6,26,4,6,21,12,43,31,6,37,80
12/08/2020,DEC,IL,AGL,CE,Federal Contract Tower,2,3,1,2,8,0,0,13,5,18,2,3,14,7,26,24,10,34,60
12/09/2020,DEC,IL,AGL,CE,Federal Contract Tower,4,6,0,3,13,0,0,24,1,25,4,6,24,4,38,63,16,79,117
12/10/2020,DEC,IL,AGL,CE,Federal Contract Tower,4,2,5,0,11,0,0,19,23,42,4,2,24,23,53,38,29,67,120
12/11/2020,DEC,IL,AGL,CE,Federal Contract Tower,4,1,0,1,6,0,0,19,12,31,4,1,19,13,37,45,43,88,125
12/12/2020,DEC,IL,AGL,CE,Federal Contract Tower,2,3,8,0,13,0,0,0,0,0,2,3,8,0,13,0,0,0,13
12/13/2020,DEC,IL,AGL,CE,Federal Contract Tower,4,1,15,0,20,0,0,15,10,25,4,1,30,10,45,30,36,66,111
12/14/2020,DEC,IL,AGL,CE,Federal Contract Tower,4,2,1,1,8,0,0,19,0,19,4,2,20,1,27,71,0,71,98
12/15/2020,DEC,IL,AGL,CE,Federal Contract Tower,2,2,0,9,13,0,0,28,15,43,2,2,28,24,56,32,54,86,142
12/16/2020,DEC,IL,AGL,CE,Federal Contract Tower,4,2,1,5,12,0,0,0,4,4,4,2,1,9,16,0,0,0,16
12/17/2020,DEC,IL,AGL,CE,Federal Contract Tower,4,4,10,0,18,0,0,21,10,31,4,4,31,10,49,51,38,89,138
12/18/2020,DEC,IL,AGL,CE,Federal Contract Tower,4,2,5,0,11,0,0,22,6,28,4,2,27,6,39,37,28,65,104
12/19/2020,DEC,IL,AGL,CE,Federal Contract Tower,2,4,0,0,6,0,0,16,0,16,2,4,16,0,22,28,0,28,50
12/20/2020,DEC,IL,AGL,CE,Federal Contract Tower,4,0,6,0,10,0,0,23,0,23,4,0,29,0,33,40,0,40,73
12/21/2020,DEC,IL,AGL,CE,Federal Contract Tower,4,0,2,0,6,0,0,10,0,10,4,0,12,0,16,9,0,9,25
12/22/2020,DEC,IL,AGL,CE,Federal Contract Tower,4,2,2,2,10,0,0,34,9,43,4,2,36,11,53,38,34,72,125
12/23/2020,DEC,IL,AGL,CE,Federal Contract Tower,4,3,0,0,7,0,0,9,0,9,4,3,9,0,16,30,0,30,46
12/24/2020,DEC,IL,AGL,CE,Federal Contract Tower,2,2,0,0,4,0,0,12,0,12,2,2,12,0,16,14,0,14,30
12/25/2020,DEC,IL,AGL,CE,Federal Contract Tower,2,0,0,0,2,0,0,20,0,20,2,0,20,0,22,24,0,24,46
12/26/2020,DEC,IL,AGL,CE,Federal Contract Tower,4,3,0,0,7,0,0,21,0,21,4,3,21,0,28,38,0,38,66
12/27/2020,DEC,IL,AGL,CE,Federal Contract Tower,4,2,4,0,10,0,0,19,0,19,4,2,23,0,29,30,0,30,59
12/28/2020,DEC,IL,AGL,CE,Federal Contract Tower,4,0,2,0,6,0,0,19,4,23,4,0,21,4,29,38,0,38,67
12/29/2020,DEC,IL,AGL,CE,Federal Contract Tower,4,2,0,3,9,0,0,11,18,29,4,2,11,21,38,22,62,84,122
12/30/2020,DEC,IL,AGL,CE,Federal Contract Tower,4,2,4,0,10,0,0,10,0,10,4,2,14,0,20,24,0,24,44
12/31/2020,DEC,IL,AGL,CE,Federal Contract Tower,2,1,6,0,9,0,0,11,0,11,2,1,17,0,20,22,0,22,42
01/01/2021,DEC,IL,AGL,CE,Federal Contract Tower,1,0,0,0,1,0,0,0,0,0,1,0,0,0,1,0,0,0,1
01/02/2021,DEC,IL,AGL,CE,Federal Contract Tower,7,0,2,0,9,0,0,0,0,0,7,0,2,0,9,0,0,0,9
01/03/2021,DEC,IL,AGL,CE,Federal Contract Tower,3,0,1,0,4,0,0,0,0,0,3,0,1,0,4,0,0,0,4
01/04/2021,DEC,IL,AGL,CE,Federal Contract Tower,2,3,0,0,5,0,0,0,0,0,2,3,0,0,5,0,0,0,5
01/05/2021,DEC,IL,AGL,CE,Federal Contract Tower,0,4,5,0,9,0,0,0,0,0,0,4,5,0,9,0,0,0,9
01/06/2021,DEC,IL,AGL,CE,Federal Contract Tower,3,0,2,0,5,0,0,12,0,12,3,0,14,0,17,36,0,36,53
01/07/2021,DEC,IL,AGL,CE,Federal Contract Tower,3,3,3,0,9,0,0,17,11,28,3,3,20,11,37,32,39,71,108
01/08/2021,DEC,IL,AGL,CE,Federal Contract Tower,4,4,7,2,17,0,0,20,1,21,4,4,27,3,38,32,0,32,70
01/09/2021,DEC,IL,AGL,CE,Federal Contract Tower,2,2,6,0,10,0,0,12,4,16,2,2,18,4,26,26,11,37,63
01/10/2021,DEC,IL,AGL,CE,Federal Contract Tower,3,0,2,0,5,0,0,6,2,8,3,0,8,2,13,6,14,20,33
01/11/2021,DEC,IL,AGL,CE,Federal Contract Tower,5,0,2,0,7,0,0,16,0,16,5,0,18,0,23,32,0,32,55
01/12/2021,DEC,IL,AGL,CE,Federal Contract Tower,2,1,2,2,7,0,0,35,0,35,2,1,37,2,42,46,0,46,88
01/13/2021,DEC,IL,AGL,CE,Federal Contract Tower,4,1,4,2,11,0,0,36,0,36,4,1,40,2,47,58,0,58,105
01/14/2021,DEC,IL,AGL,CE,Federal Contract Tower,4,1,5,0,10,0,0,12,6,18,4,1,17,6,28,28,63,91,119
01/15/2021,DEC,IL,AGL,CE,Federal Contract Tower,4,1,4,0,9,0,0,8,0,8,4,1,12,0,17,16,0,16,33
01/16/2021,DEC,IL,AGL,CE,Federal Contract Tower,2,4,2,0,8,0,0,0,0,0,2,4,2,0,8,0,0,0,8
01/17/2021,DEC,IL,AGL,CE,Federal Contract Tower,0,0,4,0,4,0,0,9,0,9,0,0,13,0,13,16,0,16,29
01/18/2021,DEC,IL,AGL,CE,Federal Contract Tower,0,2,6,0,8,0,0,27,0,27,0,2,33,0,35,60,0,60,95
01/19/2021,DEC,IL,AGL,CE,Federal Contract Tower,2,1,3,0,6,0,0,34,21,55,2,1,37,21,61,62,22,84,145
01/20/2021,DEC,IL,AGL,CE,Federal Contract Tower,6,1,11,0,18,0,0,30,12,42,6,1,41,12,60,38,42,80,140
01/21/2021,DEC,IL,AGL,CE,Federal Contract Tower,4,0,18,0,22,0,0,26,14,40,4,0,44,14,62,46,36,82,144
01/22/2021,DEC,IL,AGL,CE,Federal Contract Tower,5,3,7,2,17,0,0,23,8,31,5,3,30,10,48,50,12,62,110
01/23/2021,DEC,IL,AGL,CE,Federal Contract Tower,2,1,9,0,12,0,0,30,0,30,2,1,39,0,42,28,0,28,70
01/24/2021,DEC,IL,AGL,CE,Federal Contract Tower,4,0,4,2,10,0,0,14,0,14,4,0,18,2,24,22,0,22,46
01/25/2021,DEC,IL,AGL,CE,Federal Contract Tower,4,0,0,0,4,0,0,3,0,3,4,0,3,0,7,5,0,5,12
01/26/2021,DEC,IL,AGL,CE,Federal Contract Tower,1,0,4,0,5,0,0,6,0,6,1,0,10,0,11,0,0,0,11
01/27/2021,DEC,IL,AGL,CE,Federal Contract Tower,4,1,2,1,8,0,0,8,4,12,4,1,10,5,20,10,22,32,52
01/28/2021,DEC,IL,AGL,CE,Federal Contract Tower,4,1,4,10,19,0,0,17,16,33,4,1,21,26,52,50,62,112,164
01/29/2021,DEC,IL,AGL,CE,Federal Contract Tower,4,1,9,2,16,0,0,42,7,49,4,1,51,9,65,30,20,50,115
01/30/2021,DEC,IL,AGL,CE,Federal Contract Tower,2,2,0,0,4,0,0,14,0,14,2,2,14,0,18,13,0,13,31
01/31/2021,DEC,IL,AGL,CE,Federal Contract Tower,1,0,0,0,1,0,0,0,0,0,1,0,0,0,1,0,0,0,1
02/01/2021,DEC,IL,AGL,CE,Federal Contract Tower,4,0,3,0,7,0,0,26,10,36,4,0,29,10,43,28,16,44,87
02/02/2021,DEC,IL,AGL,CE,Federal Contract Tower,2,1,13,0,16,0,0,24,10,34,2,1,37,10,50,34,32,66,116
02/03/2021,DEC,IL,AGL,CE,Federal Contract Tower,4,1,6,2,13,0,0,34,11,45,4,1,40,13,58,38,23,61,119
02/04/2021,DEC,IL,AGL,CE,Federal Contract Tower,4,1,0,0,5,0,0,8,0,8,4,1,8,0,13,12,0,12,25
02/05/2021,DEC,IL,AGL,CE,Federal Contract Tower,3,2,1,0,6,0,0,9,20,29,3,2,10,20,35,10,32,42,77
02/06/2021,DEC,IL,AGL,CE,Federal Contract Tower,2,2,2,0,6,0,0,31,11,42,2,2,33,11,48,40,10,50,98
02/08/2021,DEC,IL,AGL,CE,Federal Contract Tower,4,2,2,0,8,0,0,6,0,6,4,2,8,0,14,40,0,40,54
02/09/2021,DEC,IL,AGL,CE,Federal Contract Tower,2,3,1,0,6,0,0,15,16,31,2,3,16,16,37,22,30,52,89
02/10/2021,DEC,IL,AGL,CE,Federal Contract Tower,4,1,1,2,8,0,0,11,2,13,4,1,12,4,21,32,12,44,65
02/11/2021,DEC,IL,AGL,CE,Federal Contract Tower,4,2,1,0,7,0,0,15,9,24,4,2,16,9,31,70,13,83,114
02/12/2021,DEC,IL,AGL,CE,Federal Contract Tower,4,4,10,0,18,0,0,15,0,15,4,4,25,0,33,27,0,27,60
02/13/2021,DEC,IL,AGL,CE,Federal Contract Tower,2,4,0,0,6,0,0,14,0,14,2,4,14,0,20,12,0,12,32
02/14/2021,DEC,IL,AGL,CE,Federal Contract Tower,4,0,0,0,4,0,0,19,0,19,4,0,19,0,23,36,0,36,59
02/15/2021,DEC,IL,AGL,CE,Federal Contract Tower,0,0,0,0,0,0,0,0,0,0,0,0,0,0,0,0,0,0,0
02/16/2021,DEC,IL,AGL,CE,Federal Contract Tower,2,2,1,3,8,0,0,13,2,15,2,2,14,5,23,32,12,44,67
02/17/2021,DEC,IL,AGL,CE,Federal Contract Tower,4,1,0,4,9,0,0,11,0,11,4,1,11,4,20,19,0,19,39
02/18/2021,DEC,IL,AGL,CE,Federal Contract Tower,3,2,0,0,5,0,0,9,16,25,3,2,9,16,30,24,16,40,70
02/19/2021,DEC,IL,AGL,CE,Federal Contract Tower,4,1,1,9,15,0,0,25,1,26,4,1,26,10,41,108,4,112,153
02/20/2021,DEC,IL,AGL,CE,Federal Contract Tower,2,2,4,0,8,0,0,39,0,39,2,2,43,0,47,69,0,69,116
02/21/2021,DEC,IL,AGL,CE,Federal Contract Tower,4,0,4,2,10,0,0,24,0,24,4,0,28,2,34,28,0,28,62
02/22/2021,DEC,IL,AGL,CE,Federal Contract Tower,4,0,4,0,8,0,0,20,0,20,4,0,24,0,28,38,0,38,66
02/23/2021,DEC,IL,AGL,CE,Federal Contract Tower,2,4,5,2,13,0,0,25,11,36,2,4,30,13,49,51,22,73,122
02/24/2021,DEC,IL,AGL,CE,Federal Contract Tower,4,3,6,2,15,0,0,29,19,48,4,3,35,21,63,20,43,63,126
02/25/2021,DEC,IL,AGL,CE,Federal Contract Tower,4,1,2,1,8,0,0,21,16,37,4,1,23,17,45,38,18,56,101
02/26/2021,DEC,IL,AGL,CE,Federal Contract Tower,4,1,3,0,8,0,0,19,0,19,4,1,22,0,27,42,0,42,69
02/27/2021,DEC,IL,AGL,CE,Federal Contract Tower,2,6,12,0,20,0,0,38,0,38,2,6,50,0,58,70,0,70,128
02/28/2021,DEC,IL,AGL,CE,Federal Contract Tower,4,2,22,0,28,0,0,18,0,18,4,2,40,0,46,39,0,39,85
03/01/2021,DEC,IL,AGL,CE,Federal Contract Tower,4,0,5,0,9,0,0,26,15,41,4,0,31,15,50,42,60,102,152
03/02/2021,DEC,IL,AGL,CE,Federal Contract Tower,2,5,2,2,11,0,0,32,11,43,2,5,34,13,54,56,24,80,134
03/03/2021,DEC,IL,AGL,CE,Federal Contract Tower,4,1,2,2,9,0,0,31,4,35,4,1,33,6,44,59,4,63,107
03/04/2021,DEC,IL,AGL,CE,Federal Contract Tower,4,3,5,0,12,0,0,16,22,38,4,3,21,22,50,30,48,78,128
03/05/2021,DEC,IL,AGL,CE,Federal Contract Tower,4,1,3,0,8,0,0,18,5,23,4,1,21,5,31,34,26,60,91
03/06/2021,DEC,IL,AGL,CE,Federal Contract Tower,2,2,4,0,8,0,0,24,0,24,2,2,28,0,32,28,0,28,60
03/07/2021,DEC,IL,AGL,CE,Federal Contract Tower,4,2,6,0,12,0,0,36,0,36,4,2,42,0,48,42,0,42,90
03/08/2021,DEC,IL,AGL,CE,Federal Contract Tower,4,2,2,2,10,0,0,21,8,29,4,2,23,10,39,60,24,84,123
03/09/2021,DEC,IL,AGL,CE,Federal Contract Tower,2,6,2,4,14,0,1,25,13,39,2,7,27,17,53,58,28,86,139
03/10/2021,DEC,IL,AGL,CE,Federal Contract Tower,4,1,4,2,11,0,0,14,9,23,4,1,18,11,34,20,20,40,74
03/11/2021,DEC,IL,AGL,CE,Federal Contract Tower,4,1,4,2,11,0,0,17,10,27,4,1,21,12,38,49,20,69,107
03/12/2021,DEC,IL,AGL,CE,Federal Contract Tower,4,1,2,7,14,0,0,26,17,43,4,1,28,24,57,68,42,110,167
03/13/2021,DEC,IL,AGL,CE,Federal Contract Tower,2,4,0,0,6,0,0,34,3,37,2,4,34,3,43,32,0,32,75
03/14/2021,DEC,IL,AGL,CE,Federal Contract Tower,4,0,2,0,6,0,0,25,0,25,4,0,27,0,31,35,0,35,66
03/15/2021,DEC,IL,AGL,CE,Federal Contract Tower,4,0,0,2,6,0,0,11,4,15,4,0,11,6,21,18,8,26,47
03/16/2021,DEC,IL,AGL,CE,Federal Contract Tower,2,1,2,2,7,0,0,0,0,0,2,1,2,2,7,14,0,14,21
03/17/2021,DEC,IL,AGL,CE,Federal Contract Tower,4,3,4,0,11,0,0,0,0,0,4,3,4,0,11,0,0,0,11
03/18/2021,DEC,IL,AGL,CE,Federal Contract Tower,2,0,4,0,6,0,0,2,0,2,2,0,6,0,8,0,0,0,8
03/19/2021,DEC,IL,AGL,CE,Federal Contract Tower,4,3,4,0,11,0,0,16,5,21,4,3,20,5,32,45,7,52,84
03/20/2021,DEC,IL,AGL,CE,Federal Contract Tower,2,5,12,0,19,0,0,32,0,32,2,5,44,0,51,58,0,58,109
03/21/2021,DEC,IL,AGL,CE,Federal Contract Tower,4,0,9,0,13,0,0,29,0,29,4,0,38,0,42,46,0,46,88
03/22/2021,DEC,IL,AGL,CE,Federal Contract Tower,4,0,2,2,8,0,0,30,5,35,4,0,32,7,43,44,16,60,103
03/23/2021,DEC,IL,AGL,CE,Federal Contract Tower,2,3,0,0,5,0,0,22,12,34,2,3,22,12,39,36,36,72,111
03/24/2021,DEC,IL,AGL,CE,Federal Contract Tower,4,1,10,0,15,0,0,26,10,36,4,1,36,10,51,68,21,89,140
03/25/2021,DEC,IL,AGL,CE,Federal Contract Tower,4,2,0,1,7,0,0,9,15,24,4,2,9,16,31,12,36,48,79
03/26/2021,DEC,IL,AGL,CE,Federal Contract Tower,4,1,3,4,12,0,0,14,4,18,4,1,17,8,30,36,4,40,70
03/27/2021,DEC,IL,AGL,CE,Federal Contract Tower,1,4,6,0,11,0,0,30,0,30,1,4,36,0,41,48,0,48,89
03/28/2021,DEC,IL,AGL,CE,Federal Contract Tower,3,0,2,0,5,0,0,18,0,18,3,0,20,0,23,20,0,20,43
03/29/2021,DEC,IL,AGL,CE,Federal Contract Tower,4,0,2,0,6,0,0,22,12,34,4,0,24,12,40,46,16,62,102
03/30/2021,DEC,IL,AGL,CE,Federal Contract Tower,2,6,0,0,8,0,0,20,15,35,2,6,20,15,43,18,50,68,111
03/31/2021,DEC,IL,AGL,CE,Federal Contract Tower,4,2,2,0,8,0,0,31,4,35,4,2,33,4,43,29,28,57,100
04/01/2021,DEC,IL,AGL,CE,Federal Contract Tower,4,4,9,1,18,0,0,35,21,56,4,4,44,22,74,36,45,81,155
04/02/2021,DEC,IL,AGL,CE,Federal Contract Tower,4,2,4,0,10,0,0,28,10,38,4,2,32,10,48,36,4,40,88
04/03/2021,DEC,IL,AGL,CE,Federal Contract Tower,2,2,1,0,5,0,0,25,0,25,2,2,26,0,30,48,0,48,78
04/04/2021,DEC,IL,AGL,CE,Federal Contract Tower,4,0,0,0,4,0,0,23,0,23,4,0,23,0,27,42,0,42,69
04/05/2021,DEC,IL,AGL,CE,Federal Contract Tower,4,0,3,0,7,0,0,25,0,25,4,0,28,0,32,58,0,58,90
04/06/2021,DEC,IL,AGL,CE,Federal Contract Tower,2,3,5,2,12,0,0,22,13,35,2,3,27,15,47,42,22,64,111
04/07/2021,DEC,IL,AGL,CE,Federal Contract Tower,4,1,7,2,14,0,0,24,6,30,4,1,31,8,44,34,22,56,100
04/08/2021,DEC,IL,AGL,CE,Federal Contract Tower,4,5,6,0,15,0,0,17,16,33,4,5,23,16,48,26,36,62,110
04/09/2021,DEC,IL,AGL,CE,Federal Contract Tower,4,2,5,4,15,0,0,22,0,22,4,2,27,4,37,58,0,58,95
04/10/2021,DEC,IL,AGL,CE,Federal Contract Tower,2,5,2,0,9,0,0,12,0,12,2,5,14,0,21,10,0,10,31
04/11/2021,DEC,IL,AGL,CE,Federal Contract Tower,3,1,5,2,11,0,0,0,0,0,3,1,5,2,11,0,0,0,11
04/12/2021,DEC,IL,AGL,CE,Federal Contract Tower,4,0,1,4,9,0,0,29,5,34,4,0,30,9,43,60,12,72,115
04/13/2021,DEC,IL,AGL,CE,Federal Contract Tower,2,1,3,1,7,0,0,28,19,47,2,1,31,20,54,36,34,70,124
04/14/2021,DEC,IL,AGL,CE,Federal Contract Tower,4,1,5,0,10,0,0,27,7,34,4,1,32,7,44,38,11,49,93
04/15/2021,DEC,IL,AGL,CE,Federal Contract Tower,4,1,3,1,9,0,0,26,24,50,4,1,29,25,59,37,35,72,131
04/16/2021,DEC,IL,AGL,CE,Federal Contract Tower,4,1,1,1,7,0,0,32,5,37,4,1,33,6,44,36,7,43,87
04/17/2021,DEC,IL,AGL,CE,Federal Contract Tower,2,4,6,0,12,0,0,14,0,14,2,4,20,0,26,26,0,26,52
04/18/2021,DEC,IL,AGL,CE,Federal Contract Tower,4,2,4,0,10,0,0,23,0,23,4,2,27,0,33,36,0,36,69
04/19/2021,DEC,IL,AGL,CE,Federal Contract Tower,4,0,1,0,5,0,0,21,1,22,4,0,22,1,27,30,0,30,57
04/20/2021,DEC,IL,AGL,CE,Federal Contract Tower,1,1,2,0,4,0,0,0,0,0,1,1,2,0,4,0,0,0,4
04/21/2021,DEC,IL,AGL,CE,Federal Contract Tower,4,3,5,4,16,0,0,22,17,39,4,3,27,21,55,45,24,69,124
04/22/2021,DEC,IL,AGL,CE,Federal Contract Tower,4,1,7,0,12,0,0,25,20,45,4,1,32,20,57,43,28,71,128
04/23/2021,DEC,IL,AGL,CE,Federal Contract Tower,4,1,0,1,6,0,0,21,24,45,4,1,21,25,51,40,52,92,143
04/24/2021,DEC,IL,AGL,CE,Federal Contract Tower,2,3,4,0,9,0,0,24,5,29,2,3,28,5,38,40,0,40,78
04/25/2021,DEC,IL,AGL,CE,Federal Contract Tower,4,2,2,0,8,0,0,31,9,40,4,2,33,9,48,48,14,62,110
04/27/2021,DEC,IL,AGL,CE,Federal Contract Tower,2,1,2,2,7,0,0,28,28,56,2,1,30,30,63,26,46,72,135
04/28/2021,DEC,IL,AGL,CE,Federal Contract Tower,4,2,2,0,8,0,0,10,0,10,4,2,12,0,18,20,0,20,38
05/01/2021,DEC,IL,AGL,CE,Federal Contract Tower,2,2,4,0,8,0,0,21,8,29,2,2,25,8,37,36,10,46,83
05/02/2021,DEC,IL,AGL,CE,Federal Contract Tower,4,0,2,0,6,0,0,20,4,24,4,0,22,4,30,30,0,30,60
05/03/2021,DEC,IL,AGL,CE,Federal Contract Tower,4,2,2,0,8,0,0,7,0,7,4,2,9,0,15,14,0,14,29
05/04/2021,DEC,IL,AGL,CE,Federal Contract Tower,1,1,0,4,6,0,0,3,0,3,1,1,3,4,9,4,0,4,13
07/01/2021,DEC,IL,AGL,CE,Federal Contract Tower,4,1,6,2,13,0,0,18,13,31,4,1,24,15,44,22,14,36,80
07/02/2021,DEC,IL,AGL,CE,Federal Contract Tower,4,3,0,0,7,0,0,47,0,47,4,3,47,0,54,30,0,30,84
07/03/2021,DEC,IL,AGL,CE,Federal Contract Tower,1,7,4,0,12,0,0,39,0,39,1,7,43,0,51,60,0,60,111
07/04/2021,DEC,IL,AGL,CE,Federal Contract Tower,3,0,0,0,3,0,0,23,0,23,3,0,23,0,26,50,0,50,76
07/05/2021,DEC,IL,AGL,CE,Federal Contract Tower,3,2,0,0,5,0,0,48,0,48,3,2,48,0,53,48,0,48,101
07/06/2021,DEC,IL,AGL,CE,Federal Contract Tower,1,2,2,2,7,0,0,93,13,106,1,2,95,15,113,67,36,103,216
07/07/2021,DEC,IL,AGL,CE,Federal Contract Tower,3,5,5,0,13,0,0,102,8,110,3,5,107,8,123,36,4,40,163
07/08/2021,DEC,IL,AGL,CE,Federal Contract Tower,3,6,10,0,19,0,0,108,17,125,3,6,118,17,144,51,26,77,221
07/09/2021,DEC,IL,AGL,CE,Federal Contract Tower,4,7,12,2,25,0,0,144,4,148,4,7,156,6,173,36,10,46,219
07/10/2021,DEC,IL,AGL,CE,Federal Contract Tower,2,2,3,0,7,0,0,55,0,55,2,2,58,0,62,34,0,34,96
07/11/2021,DEC,IL,AGL,CE,Federal Contract Tower,4,3,6,2,15,0,0,105,0,105,4,3,111,2,120,20,0,20,140
07/12/2021,DEC,IL,AGL,CE,Federal Contract Tower,4,7,3,0,14,0,0,40,0,40,4,7,43,0,54,33,0,33,87
07/13/2021,DEC,IL,AGL,CE,Federal Contract Tower,2,1,10,2,15,0,0,148,2,150,2,1,158,4,165,27,0,27,192
07/14/2021,DEC,IL,AGL,CE,Federal Contract Tower,3,1,14,6,24,0,0,177,4,181,3,1,191,10,205,10,11,21,226
07/15/2021,DEC,IL,AGL,CE,Federal Contract Tower,4,3,2,2,11,0,0,115,0,115,4,3,117,2,126,8,0,8,134
07/16/2021,DEC,IL,AGL,CE,Federal Contract Tower,4,1,6,2,13,0,0,80,0,80,4,1,86,2,93,7,0,7,100
07/17/2021,DEC,IL,AGL,CE,Federal Contract Tower,2,2,0,0,4,0,0,218,0,218,2,2,218,0,222,28,0,28,250
07/18/2021,DEC,IL,AGL,CE,Federal Contract Tower,2,2,4,0,8,0,0,135,0,135,2,2,139,0,143,38,0,38,181
07/19/2021,DEC,IL,AGL,CE,Federal Contract Tower,4,0,5,2,11,0,0,188,2,190,4,0,193,4,201,42,0,42,243
07/20/2021,DEC,IL,AGL,CE,Federal Contract Tower,2,1,7,7,17,0,0,181,6,187,2,1,188,13,204,34,25,59,263
07/21/2021,DEC,IL,AGL,CE,Federal Contract Tower,4,5,3,2,14,0,0,126,7,133,4,5,129,9,147,14,0,14,161
07/22/2021,DEC,IL,AGL,CE,Federal Contract Tower,4,3,4,2,13,0,0,142,10,152,4,3,146,12,165,24,14,38,203
07/23/2021,DEC,IL,AGL,CE,Federal Contract Tower,4,5,8,0,17,0,0,122,5,127,4,5,130,5,144,17,4,21,165
07/24/2021,DEC,IL,AGL,CE,Federal Contract Tower,1,2,5,0,8,0,0,81,0,81,1,2,86,0,89,26,0,26,115
07/25/2021,DEC,IL,AGL,CE,Federal Contract Tower,3,0,7,0,10,0,0,146,0,146,3,0,153,0,156,24,0,24,180
07/26/2021,DEC,IL,AGL,CE,Federal Contract Tower,3,0,8,0,11,0,0,135,4,139,3,0,143,4,150,10,3,13,163
07/27/2021,DEC,IL,AGL,CE,Federal Contract Tower,1,1,2,1,5,0,0,153,21,174,1,1,155,22,179,16,7,23,202
07/28/2021,DEC,IL,AGL,CE,Federal Contract Tower,4,1,2,2,9,0,0,149,5,154,4,1,151,7,163,11,3,14,177
07/29/2021,DEC,IL,AGL,CE,Federal Contract Tower,4,1,4,2,11,0,0,13,11,24,4,1,17,13,35,12,20,32,67
07/30/2021,DEC,IL,AGL,CE,Federal Contract Tower,4,1,13,0,18,0,0,61,8,69,4,1,74,8,87,26,8,34,121
07/31/2021,DEC,IL,AGL,CE,Federal Contract Tower,2,2,3,0,7,0,0,69,0,69,2,2,72,0,76,30,0,30,106
08/01/2021,DEC,IL,AGL,CE,Federal Contract Tower,4,0,10,0,14,0,0,83,0,83,4,0,93,0,97,22,0,22,119
08/02/2021,DEC,IL,AGL,CE,Federal Contract Tower,4,6,2,0,12,0,0,65,2,67,4,6,67,2,79,11,8,19,98
08/03/2021,DEC,IL,AGL,CE,Federal Contract Tower,2,5,5,0,12,0,0,52,15,67,2,5,57,15,79,46,38,84,163
08/04/2021,DEC,IL,AGL,CE,Federal Contract Tower,4,2,2,2,10,0,0,44,6,50,4,2,46,8,60,52,16,68,128
08/05/2021,DEC,IL,AGL,CE,Federal Contract Tower,4,2,7,1,14,0,0,57,19,76,4,2,64,20,90,36,36,72,162
08/06/2021,DEC,IL,AGL,CE,Federal Contract Tower,3,1,1,0,5,0,0,33,16,49,3,1,34,16,54,46,36,82,136
08/07/2021,DEC,IL,AGL,CE,Federal Contract Tower,3,6,3,0,12,0,0,34,6,40,3,6,37,6,52,20,6,26,78
08/08/2021,DEC,IL,AGL,CE,Federal Contract Tower,3,1,0,0,4,0,0,32,0,32,3,1,32,0,36,49,0,49,85
08/09/2021,DEC,IL,AGL,CE,Federal Contract Tower,1,7,2,2,12,0,0,19,0,19,1,7,21,2,31,53,0,53,84
08/10/2021,DEC,IL,AGL,CE,Federal Contract Tower,0,1,8,2,11,0,0,35,20,55,0,1,43,22,66,66,22,88,154
08/11/2021,DEC,IL,AGL,CE,Federal Contract Tower,3,1,2,4,10,0,0,23,4,27,3,1,25,8,37,19,0,19,56
08/12/2021,DEC,IL,AGL,CE,Federal Contract Tower,3,1,6,0,10,0,0,21,11,32,3,1,27,11,42,10,40,50,92
08/13/2021,DEC,IL,AGL,CE,Federal Contract Tower,4,1,2,0,7,0,0,33,7,40,4,1,35,7,47,14,20,34,81
08/14/2021,DEC,IL,AGL,CE,Federal Contract Tower,1,2,4,0,7,0,0,67,0,67,1,2,71,0,74,38,0,38,112
08/15/2021,DEC,IL,AGL,CE,Federal Contract Tower,4,0,1,0,5,0,0,40,1,41,4,0,41,1,46,20,0,20,66
08/16/2021,DEC,IL,AGL,CE,Federal Contract Tower,4,0,2,7,13,0,0,21,14,35,4,0,23,21,48,37,10,47,95
08/17/2021,DEC,IL,AGL,CE,Federal Contract Tower,2,1,3,2,8,0,0,26,28,54,2,1,29,30,62,35,12,47,109
08/18/2021,DEC,IL,AGL,CE,Federal Contract Tower,2,3,2,2,9,0,0,32,13,45,2,3,34,15,54,52,4,56,110
08/19/2021,DEC,IL,AGL,CE,Federal Contract Tower,3,2,5,6,16,0,0,35,24,59,3,2,40,30,75,30,42,72,147
08/20/2021,DEC,IL,AGL,CE,Federal Contract Tower,4,4,4,2,14,0,0,36,11,47,4,4,40,13,61,42,20,62,123
08/21/2021,DEC,IL,AGL,CE,Federal Contract Tower,1,1,1,0,3,0,0,24,2,26,1,1,25,2,29,29,4,33,62
08/22/2021,DEC,IL,AGL,CE,Federal Contract Tower,4,0,14,0,18,0,0,38,1,39,4,0,52,1,57,34,2,36,93
08/23/2021,DEC,IL,AGL,CE,Federal Contract Tower,4,0,0,2,6,0,0,15,0,15,4,0,15,2,21,28,0,28,49
08/24/2021,DEC,IL,AGL,CE,Federal Contract Tower,2,1,9,0,12,0,0,61,13,74,2,1,70,13,86,59,14,73,159
08/25/2021,DEC,IL,AGL,CE,Federal Contract Tower,2,5,1,2,10,0,0,37,2,39,2,5,38,4,49,37,4,41,90
08/26/2021,DEC,IL,AGL,CE,Federal Contract Tower,0,2,2,2,6,0,0,27,1,28,0,2,29,3,34,32,0,32,66
08/27/2021,DEC,IL,AGL,CE,Federal Contract Tower,4,2,6,3,15,0,0,39,8,47,4,2,45,11,62,38,10,48,110
08/28/2021,DEC,IL,AGL,CE,Federal Contract Tower,2,2,1,2,7,0,0,44,5,49,2,2,45,7,56,35,22,57,113
08/29/2021,DEC,IL,AGL,CE,Federal Contract Tower,3,1,2,0,6,0,0,25,12,37,3,1,27,12,43,28,4,32,75
08/30/2021,DEC,IL,AGL,CE,Federal Contract Tower,4,2,5,2,13,0,0,18,7,25,4,2,23,9,38,32,8,40,78
08/31/2021,DEC,IL,AGL,CE,Federal Contract Tower,2,13,32,3,50,0,0,41,11,52,2,13,73,14,102,14,18,32,134
09/01/2021,DEC,IL,AGL,CE,Federal Contract Tower,3,8,49,8,68,0,0,99,8,107,3,8,148,16,175,26,12,38,213
09/02/2021,DEC,IL,AGL,CE,Federal Contract Tower,4,2,17,4,27,0,0,73,11,84,4,2,90,15,111,46,33,79,190
09/03/2021,DEC,IL,AGL,CE,Federal Contract Tower,4,3,6,1,14,0,0,50,0,50,4,3,56,1,64,81,0,81,145
09/04/2021,DEC,IL,AGL,CE,Federal Contract Tower,2,9,8,0,19,0,0,12,0,12,2,9,20,0,31,10,0,10,41
09/05/2021,DEC,IL,AGL,CE,Federal Contract Tower,4,2,3,0,9,0,0,39,0,39,4,2,42,0,48,42,0,42,90
09/06/2021,DEC,IL,AGL,CE,Federal Contract Tower,4,0,3,0,7,0,0,29,0,29,4,0,32,0,36,38,0,38,74
09/07/2021,DEC,IL,AGL,CE,Federal Contract Tower,1,5,4,0,10,0,0,29,10,39,1,5,33,10,49,32,6,38,87
09/08/2021,DEC,IL,AGL,CE,Federal Contract Tower,3,5,4,4,16,0,0,23,13,36,3,5,27,17,52,22,8,30,82
09/09/2021,DEC,IL,AGL,CE,Federal Contract Tower,4,2,13,4,23,0,0,25,24,49,4,2,38,28,72,38,42,80,152
09/10/2021,DEC,IL,AGL,CE,Federal Contract Tower,2,5,2,0,9,0,0,38,5,43,2,5,40,5,52,64,0,64,116
09/11/2021,DEC,IL,AGL,CE,Federal Contract Tower,2,3,0,2,7,0,0,29,23,52,2,3,29,25,59,44,46,90,149
09/12/2021,DEC,IL,AGL,CE,Federal Contract Tower,3,0,5,0,8,0,0,36,0,36,3,0,41,0,44,37,0,37,81
09/13/2021,DEC,IL,AGL,CE,Federal Contract Tower,4,2,4,2,12,0,0,32,4,36,4,2,36,6,48,34,26,60,108
09/14/2021,DEC,IL,AGL,CE,Federal Contract Tower,2,7,2,1,12,0,0,13,17,30,2,7,15,18,42,23,36,59,101
09/15/2021,DEC,IL,AGL,CE,Federal Contract Tower,3,1,2,1,7,0,0,51,4,55,3,1,53,5,62,52,0,52,114
09/16/2021,DEC,IL,AGL,CE,Federal Contract Tower,3,2,10,2,17,0,0,41,17,58,3,2,51,19,75,43,28,71,146
09/17/2021,DEC,IL,AGL,CE,Federal Contract Tower,3,1,11,2,17,0,0,37,0,37,3,1,48,2,54,50,0,50,104
09/18/2021,DEC,IL,AGL,CE,Federal Contract Tower,2,2,2,0,6,0,0,31,1,32,2,2,33,1,38,56,0,56,94
09/19/2021,DEC,IL,AGL,CE,Federal Contract Tower,4,0,10,0,14,0,0,34,0,34,4,0,44,0,48,54,0,54,102
09/20/2021,DEC,IL,AGL,CE,Federal Contract Tower,3,2,8,2,15,0,0,13,0,13,3,2,21,2,28,34,0,34,62
09/21/2021,DEC,IL,AGL,CE,Federal Contract Tower,1,7,12,3,23,0,0,1,8,9,1,7,13,11,32,0,36,36,68
09/22/2021,DEC,IL,AGL,CE,Federal Contract Tower,3,2,1,0,6,0,0,29,4,33,3,2,30,4,39,53,0,53,92
09/23/2021,DEC,IL,AGL,CE,Federal Contract Tower,4,1,2,0,7,0,0,30,18,48,4,1,32,18,55,68,40,108,163
09/24/2021,DEC,IL,AGL,CE,Federal Contract Tower,4,2,3,2,11,0,0,33,4,37,4,2,36,6,48,72,0,72,120
09/25/2021,DEC,IL,AGL,CE,Federal Contract Tower,2,6,8,0,16,0,0,35,1,36,2,6,43,1,52,54,0,54,106
09/26/2021,DEC,IL,AGL,CE,Federal Contract Tower,3,0,0,0,3,0,0,28,0,28,3,0,28,0,31,56,0,56,87
09/27/2021,DEC,IL,AGL,CE,Federal Contract Tower,3,0,8,0,11,0,0,20,0,20,3,0,28,0,31,31,0,31,62
09/28/2021,DEC,IL,AGL,CE,Federal Contract Tower,2,3,2,1,8,0,0,26,5,31,2,3,28,6,39,28,0,28,67
09/29/2021,DEC,IL,AGL,CE,Federal Contract Tower,4,2,1,2,9,0,0,33,1,34,4,2,34,3,43,65,0,65,108
09/30/2021,DEC,IL,AGL,CE,Federal Contract Tower,4,5,0,0,9,0,0,20,6,26,4,5,20,6,35,54,36,90,125
10/01/2021,DEC,IL,AGL,CE,Federal Contract Tower,4,3,0,2,9,0,0,28,20,48,4,3,28,22,57,40,30,70,127
10/02/2021,DEC,IL,AGL,CE,Federal Contract Tower,1,2,2,0,5,0,0,20,0,20,1,2,22,0,25,19,0,19,44
10/03/2021,DEC,IL,AGL,CE,Federal Contract Tower,2,0,7,6,15,0,0,20,0,20,2,0,27,6,35,67,0,67,102
10/04/2021,DEC,IL,AGL,CE,Federal Contract Tower,2,1,6,2,11,0,0,19,1,20,2,1,25,3,31,35,0,35,66
10/05/2021,DEC,IL,AGL,CE,Federal Contract Tower,2,2,8,1,13,0,0,12,3,15,2,2,20,4,28,21,34,55,83
10/06/2021,DEC,IL,AGL,CE,Federal Contract Tower,3,4,8,0,15,0,0,16,0,16,3,4,24,0,31,33,0,33,64
10/07/2021,DEC,IL,AGL,CE,Federal Contract Tower,3,1,4,0,8,0,0,25,4,29,3,1,29,4,37,42,6,48,85
10/08/2021,DEC,IL,AGL,CE,Federal Contract Tower,4,1,8,0,13,0,0,19,0,19,4,1,27,0,32,38,0,38,70
10/09/2021,DEC,IL,AGL,CE,Federal Contract Tower,2,2,2,0,6,0,0,28,0,28,2,2,30,0,34,50,0,50,84
10/10/2021,DEC,IL,AGL,CE,Federal Contract Tower,4,0,3,0,7,0,0,30,0,30,4,0,33,0,37,39,0,39,76
10/11/2021,DEC,IL,AGL,CE,Federal Contract Tower,4,0,2,2,8,0,0,9,0,9,4,0,11,2,17,15,0,15,32
10/12/2021,DEC,IL,AGL,CE,Federal Contract Tower,1,2,7,2,12,0,0,28,4,32,1,2,35,6,44,37,10,47,91
10/13/2021,DEC,IL,AGL,CE,Federal Contract Tower,4,3,6,2,15,0,0,20,8,28,4,3,26,10,43,46,0,46,89
10/14/2021,DEC,IL,AGL,CE,Federal Contract Tower,6,2,5,0,13,0,0,13,16,29,6,2,18,16,42,16,52,68,110
10/15/2021,DEC,IL,AGL,CE,Federal Contract Tower,4,0,10,3,17,0,0,23,4,27,4,0,33,7,44,32,4,36,80
10/16/2021,DEC,IL,AGL,CE,Federal Contract Tower,2,2,2,0,6,0,0,31,0,31,2,2,33,0,37,41,0,41,78
10/17/2021,DEC,IL,AGL,CE,Federal Contract Tower,4,3,5,0,12,0,0,45,0,45,4,3,50,0,57,34,0,34,91
10/18/2021,DEC,IL,AGL,CE,Federal Contract Tower,4,2,6,6,18,0,0,36,1,37,4,2,42,7,55,62,3,65,120
10/19/2021,DEC,IL,AGL,CE,Federal Contract Tower,2,1,5,2,10,0,0,20,7,27,2,1,25,9,37,42,27,69,106
10/20/2021,DEC,IL,AGL,CE,Federal Contract Tower,4,1,5,1,11,0,0,29,18,47,4,1,34,19,58,46,3,49,107
10/21/2021,DEC,IL,AGL,CE,Federal Contract Tower,3,1,1,1,6,0,0,11,17,28,3,1,12,18,34,12,14,26,60
10/22/2021,DEC,IL,AGL,CE,Federal Contract Tower,2,1,4,2,9,0,0,28,3,31,2,1,32,5,40,52,14,66,106
10/23/2021,DEC,IL,AGL,CE,Federal Contract Tower,1,3,3,1,8,0,0,30,15,45,1,3,33,16,53,56,62,118,171
10/24/2021,DEC,IL,AGL,CE,Federal Contract Tower,3,1,3,0,7,0,0,5,0,5,3,1,8,0,12,7,0,7,19
10/25/2021,DEC,IL,AGL,CE,Federal Contract Tower,1,0,6,0,7,0,0,7,3,10,1,0,13,3,17,11,16,27,44
10/26/2021,DEC,IL,AGL,CE,Federal Contract Tower,1,5,2,2,10,0,0,22,11,33,1,5,24,13,43,18,24,42,85
10/27/2021,DEC,IL,AGL,CE,Federal Contract Tower,4,1,6,0,11,0,0,27,1,28,4,1,33,1,39,50,4,54,93
10/28/2021,DEC,IL,AGL,CE,Federal Contract Tower,4,1,7,2,14,0,0,0,0,0,4,1,7,2,14,0,0,0,14
10/29/2021,DEC,IL,AGL,CE,Federal Contract Tower,2,1,8,0,11,0,0,0,0,0,2,1,8,0,11,0,0,0,11
10/30/2021,DEC,IL,AGL,CE,Federal Contract Tower,2,2,4,0,8,0,0,17,0,17,2,2,21,0,25,55,0,55,80
10/31/2021,DEC,IL,AGL,CE,Federal Contract Tower,3,2,8,0,13,0,0,24,0,24,3,2,32,0,37,32,0,32,69
11/01/2021,DEC,IL,AGL,CE,Federal Contract Tower,5,0,4,2,11,0,0,29,0,29,5,0,33,2,40,43,0,43,83
11/02/2021,DEC,IL,AGL,CE,Federal Contract Tower,2,2,4,0,8,0,0,17,24,41,2,2,21,24,49,22,46,68,117
11/03/2021,DEC,IL,AGL,CE,Federal Contract Tower,4,4,3,4,15,0,0,21,8,29,4,4,24,12,44,32,30,62,106
11/04/2021,DEC,IL,AGL,CE,Federal Contract Tower,4,7,3,0,14,0,0,22,8,30,4,7,25,8,44,46,20,66,110
11/05/2021,DEC,IL,AGL,CE,Federal Contract Tower,3,1,9,0,13,0,0,30,2,32,3,1,39,2,45,48,6,54,99
11/06/2021,DEC,IL,AGL,CE,Federal Contract Tower,2,4,6,0,12,0,0,32,6,38,2,4,38,6,50,36,6,42,92
11/07/2021,DEC,IL,AGL,CE,Federal Contract Tower,4,0,6,1,11,0,0,29,0,29,4,0,35,1,40,41,0,41,81
11/08/2021,DEC,IL,AGL,CE,Federal Contract Tower,4,0,4,0,8,0,0,25,2,27,4,0,29,2,35,43,0,43,78
11/09/2021,DEC,IL,AGL,CE,Federal Contract Tower,2,1,2,6,11,0,0,28,18,46,2,1,30,24,57,48,60,108,165
11/10/2021,DEC,IL,AGL,CE,Federal Contract Tower,4,0,8,5,17,0,0,17,3,20,4,0,25,8,37,54,8,62,99
11/11/2021,DEC,IL,AGL,CE,Federal Contract Tower,4,1,8,0,13,0,0,22,0,22,4,1,30,0,35,30,0,30,65
11/12/2021,DEC,IL,AGL,CE,Federal Contract Tower,4,1,0,0,5,0,0,24,0,24,4,1,24,0,29,43,0,43,72
11/13/2021,DEC,IL,AGL,CE,Federal Contract Tower,2,1,4,0,7,0,0,11,0,11,2,1,15,0,18,54,0,54,72
11/14/2021,DEC,IL,AGL,CE,Federal Contract Tower,3,1,2,2,8,0,0,8,0,8,3,1,10,2,16,8,0,8,24
11/15/2021,DEC,IL,AGL,CE,Federal Contract Tower,4,5,1,0,10,0,0,25,5,30,4,5,26,5,40,43,0,43,83
11/16/2021,DEC,IL,AGL,CE,Federal Contract Tower,2,2,2,0,6,0,0,21,0,21,2,2,23,0,27,30,0,30,57
11/17/2021,DEC,IL,AGL,CE,Federal Contract Tower,4,1,1,2,8,0,0,22,0,22,4,1,23,2,30,30,0,30,60
11/18/2021,DEC,IL,AGL,CE,Federal Contract Tower,3,3,1,0,7,0,0,23,4,27,3,3,24,4,34,36,0,36,70
11/19/2021,DEC,IL,AGL,CE,Federal Contract Tower,5,3,1,0,9,0,0,22,5,27,5,3,23,5,36,47,0,47,83
11/20/2021,DEC,IL,AGL,CE,Federal Contract Tower,2,6,4,0,12,0,0,34,6,40,2,6,38,6,52,63,0,63,115
11/21/2021,DEC,IL,AGL,CE,Federal Contract Tower,4,2,3,0,9,0,0,18,4,22,4,2,21,4,31,34,14,48,79
11/22/2021,DEC,IL,AGL,CE,Federal Contract Tower,6,0,3,0,9,0,0,29,12,41,6,0,32,12,50,53,8,61,111
11/23/2021,DEC,IL,AGL,CE,Federal Contract Tower,4,2,3,0,9,0,0,37,13,50,4,2,40,13,59,56,0,56,115
11/24/2021,DEC,IL,AGL,CE,Federal Contract Tower,4,3,0,2,9,0,1,23,0,24,4,4,23,2,33,34,0,34,67
11/25/2021,DEC,IL,AGL,CE,Federal Contract Tower,2,0,1,0,3,0,0,12,0,12,2,0,13,0,15,0,0,0,15
11/26/2021,DEC,IL,AGL,CE,Federal Contract Tower,1,5,1,0,7,0,0,21,0,21,1,5,22,0,28,37,0,37,65
11/27/2021,DEC,IL,AGL,CE,Federal Contract Tower,4,1,7,0,12,0,0,20,0,20,4,1,27,0,32,30,0,30,62
11/28/2021,DEC,IL,AGL,CE,Federal Contract Tower,4,0,7,0,11,0,0,26,0,26,4,0,33,0,37,36,0,36,73
11/29/2021,DEC,IL,AGL,CE,Federal Contract Tower,3,0,1,0,4,0,0,12,0,12,3,0,13,0,16,21,0,21,37
11/30/2021,DEC,IL,AGL,CE,Federal Contract Tower,3,1,5,0,9,0,0,24,4,28,3,1,29,4,37,62,0,62,99
12/01/2021,DEC,IL,AGL,CE,Federal Contract Tower,4,6,1,0,11,0,0,23,4,27,4,6,24,4,38,46,8,54,92
12/02/2021,DEC,IL,AGL,CE,Federal Contract Tower,4,2,3,0,9,0,0,28,0,28,4,2,31,0,37,43,0,43,80
12/03/2021,DEC,IL,AGL,CE,Federal Contract Tower,5,2,5,0,12,0,0,39,0,39,5,2,44,0,51,40,0,40,91
12/04/2021,DEC,IL,AGL,CE,Federal Contract Tower,2,3,2,0,7,0,0,18,0,18,2,3,20,0,25,24,0,24,49
12/05/2021,DEC,IL,AGL,CE,Federal Contract Tower,4,0,10,0,14,0,0,5,0,5,4,0,15,0,19,4,0,4,23
12/06/2021,DEC,IL,AGL,CE,Federal Contract Tower,4,3,4,3,14,0,0,9,0,9,4,3,13,3,23,4,0,4,27
12/07/2021,DEC,IL,AGL,CE,Federal Contract Tower,1,1,2,0,4,0,1,26,16,43,1,2,28,16,47,32,54,86,133
12/08/2021,DEC,IL,AGL,CE,Federal Contract Tower,4,3,6,0,13,0,0,34,5,39,4,3,40,5,52,69,3,72,124
12/09/2021,DEC,IL,AGL,CE,Federal Contract Tower,4,2,4,0,10,0,0,22,10,32,4,2,26,10,42,22,11,33,75
12/10/2021,DEC,IL,AGL,CE,Federal Contract Tower,3,1,2,0,6,0,0,0,0,0,3,1,2,0,6,0,0,0,6
12/11/2021,DEC,IL,AGL,CE,Federal Contract Tower,1,3,0,0,4,0,0,8,0,8,1,3,8,0,12,14,0,14,26
12/12/2021,DEC,IL,AGL,CE,Federal Contract Tower,4,2,2,0,8,0,0,15,0,15,4,2,17,0,23,16,0,16,39
12/13/2021,DEC,IL,AGL,CE,Federal Contract Tower,4,2,2,1,9,0,0,21,2,23,4,2,23,3,32,36,0,36,68
12/14/2021,DEC,IL,AGL,CE,Federal Contract Tower,2,4,2,7,15,0,0,31,30,61,2,4,33,37,76,51,78,129,205
12/15/2021,DEC,IL,AGL,CE,Federal Contract Tower,3,4,1,0,8,0,0,12,1,13,3,4,13,1,21,22,3,25,46
12/16/2021,DEC,IL,AGL,CE,Federal Contract Tower,4,2,1,2,9,0,0,33,11,44,4,2,34,13,53,33,16,49,102
12/17/2021,DEC,IL,AGL,CE,Federal Contract Tower,4,2,9,2,17,0,0,19,0,19,4,2,28,2,36,28,0,28,64
12/18/2021,DEC,IL,AGL,CE,Federal Contract Tower,2,4,3,0,9,0,0,2,0,2,2,4,5,0,11,5,0,5,16
12/19/2021,DEC,IL,AGL,CE,Federal Contract Tower,4,2,3,0,9,0,0,21,0,21,4,2,24,0,30,16,0,16,46
12/20/2021,DEC,IL,AGL,CE,Federal Contract Tower,3,7,3,2,15,0,0,21,1,22,3,7,24,3,37,33,0,33,70
12/21/2021,DEC,IL,AGL,CE,Federal Contract Tower,2,6,4,1,13,0,0,27,6,33,2,6,31,7,46,62,2,64,110
12/22/2021,DEC,IL,AGL,CE,Federal Contract Tower,4,2,6,2,14,0,0,37,0,37,4,2,43,2,51,51,0,51,102
12/23/2021,DEC,IL,AGL,CE,Federal Contract Tower,4,4,2,0,10,0,0,28,0,28,4,4,30,0,38,27,0,27,65
12/24/2021,DEC,IL,AGL,CE,Federal Contract Tower,4,2,0,0,6,0,0,9,0,9,4,2,9,0,15,8,0,8,23
12/25/2021,DEC,IL,AGL,CE,Federal Contract Tower,2,0,0,0,2,0,0,0,0,0,2,0,0,0,2,0,0,0,2
12/26/2021,DEC,IL,AGL,CE,Federal Contract Tower,3,0,4,0,7,0,0,0,0,0,3,0,4,0,7,0,0,0,7
12/27/2021,DEC,IL,AGL,CE,Federal Contract Tower,2,5,8,0,15,0,0,6,0,6,2,5,14,0,21,32,0,32,53
12/28/2021,DEC,IL,AGL,CE,Federal Contract Tower,1,5,3,0,9,0,0,0,0,0,1,5,3,0,9,0,0,0,9
12/29/2021,DEC,IL,AGL,CE,Federal Contract Tower,0,4,3,0,7,0,0,9,0,9,0,4,12,0,16,18,0,18,34
12/30/2021,DEC,IL,AGL,CE,Federal Contract Tower,1,2,3,0,6,0,0,7,0,7,1,2,10,0,13,19,0,19,32
12/31/2021,DEC,IL,AGL,CE,Federal Contract Tower,3,1,0,0,4,0,0,0,0,0,3,1,0,0,4,0,0,0,4
01/01/2022,DEC,IL,AGL,CE,Federal Contract Tower,0,0,0,0,0,0,0,0,0,0,0,0,0,0,0,0,0,0,0
01/02/2022,DEC,IL,AGL,CE,Federal Contract Tower,1,0,0,0,1,0,0,2,0,2,1,0,2,0,3,6,0,6,9
01/03/2022,DEC,IL,AGL,CE,Federal Contract Tower,0,1,2,0,3,0,0,23,1,24,0,1,25,1,27,42,0,42,69
01/04/2022,DEC,IL,AGL,CE,Federal Contract Tower,2,6,4,0,12,0,0,25,3,28,2,6,29,3,40,20,0,20,60
01/05/2022,DEC,IL,AGL,CE,Federal Contract Tower,2,4,0,0,6,0,0,20,0,20,2,4,20,0,26,28,0,28,54
01/06/2022,DEC,IL,AGL,CE,Federal Contract Tower,2,5,0,0,7,0,0,29,0,29,2,5,29,0,36,53,0,53,89
01/07/2022,DEC,IL,AGL,CE,Federal Contract Tower,2,1,1,0,4,0,0,30,0,30,2,1,31,0,34,37,0,37,71
01/08/2022,DEC,IL,AGL,CE,Federal Contract Tower,0,0,8,0,8,0,0,11,0,11,0,0,19,0,19,19,0,19,38
01/09/2022,DEC,IL,AGL,CE,Federal Contract Tower,1,0,0,0,1,0,0,7,0,7,1,0,7,0,8,13,0,13,21
01/10/2022,DEC,IL,AGL,CE,Federal Contract Tower,3,4,0,0,7,0,0,10,0,10,3,4,10,0,17,18,0,18,35
01/11/2022,DEC,IL,AGL,CE,Federal Contract Tower,1,6,0,0,7,0,0,27,0,27,1,6,27,0,34,50,0,50,84
01/12/2022,DEC,IL,AGL,CE,Federal Contract Tower,5,2,2,4,13,0,0,26,4,30,5,2,28,8,43,49,22,71,114
01/13/2022,DEC,IL,AGL,CE,Federal Contract Tower,3,2,5,3,13,0,0,21,23,44,3,2,26,26,57,40,66,106,163
01/14/2022,DEC,IL,AGL,CE,Federal Contract Tower,2,0,0,2,4,0,0,3,0,3,2,0,3,2,7,9,0,9,16
01/15/2022,DEC,IL,AGL,CE,Federal Contract Tower,2,2,0,0,4,0,0,12,0,12,2,2,12,0,16,19,0,19,35
01/16/2022,DEC,IL,AGL,CE,Federal Contract Tower,3,0,5,0,8,0,0,28,0,28,3,0,33,0,36,33,0,33,69
01/17/2022,DEC,IL,AGL,CE,Federal Contract Tower,4,1,2,0,7,0,0,13,1,14,4,1,15,1,21,3,0,3,24
01/18/2022,DEC,IL,AGL,CE,Federal Contract Tower,2,2,3,0,7,0,0,18,15,33,2,2,21,15,40,26,22,48,88
01/19/2022,DEC,IL,AGL,CE,Federal Contract Tower,4,1,1,0,6,0,0,29,2,31,4,1,30,2,37,41,3,44,81
01/20/2022,DEC,IL,AGL,CE,Federal Contract Tower,4,3,2,1,10,0,0,26,2,28,4,3,28,3,38,43,7,50,88
01/21/2022,DEC,IL,AGL,CE,Federal Contract Tower,4,2,3,0,9,0,0,29,1,30,4,2,32,1,39,43,4,47,86
01/22/2022,DEC,IL,AGL,CE,Federal Contract Tower,2,2,2,0,6,0,0,19,0,19,2,2,21,0,25,33,0,33,58
01/23/2022,DEC,IL,AGL,CE,Federal Contract Tower,4,0,2,3,9,0,0,18,0,18,4,0,20,3,27,29,0,29,56
01/24/2022,DEC,IL,AGL,CE,Federal Contract Tower,2,2,0,0,4,0,0,9,1,10,2,2,9,1,14,26,0,26,40
01/25/2022,DEC,IL,AGL,CE,Federal Contract Tower,3,2,2,1,8,0,0,19,22,41,3,2,21,23,49,36,36,72,121
01/26/2022,DEC,IL,AGL,CE,Federal Contract Tower,3,2,0,2,7,0,0,28,1,29,3,2,28,3,36,57,0,57,93
01/27/2022,DEC,IL,AGL,CE,Federal Contract Tower,4,1,2,0,7,0,0,13,9,22,4,1,15,9,29,16,15,31,60
01/28/2022,DEC,IL,AGL,CE,Federal Contract Tower,2,2,0,2,6,0,0,5,0,5,2,2,5,2,11,0,0,0,11
01/29/2022,DEC,IL,AGL,CE,Federal Contract Tower,2,2,2,0,6,0,0,16,0,16,2,2,18,0,22,33,0,33,55
01/30/2022,DEC,IL,AGL,CE,Federal Contract Tower,4,0,2,0,6,0,0,16,0,16,4,0,18,0,22,24,0,24,46
01/31/2022,DEC,IL,AGL,CE,Federal Contract Tower,3,4,1,2,10,0,0,12,0,12,3,4,13,2,22,30,0,30,52
02/01/2022,DEC,IL,AGL,CE,Federal Contract Tower,2,3,4,0,9,0,0,18,1,19,2,3,22,1,28,12,0,12,40
02/02/2022,DEC,IL,AGL,CE,Federal Contract Tower,0,0,0,0,0,0,0,0,0,0,0,0,0,0,0,0,0,0,0
02/03/2022,DEC,IL,AGL,CE,Federal Contract Tower,0,0,0,0,0,0,0,0,0,0,0,0,0,0,0,0,0,0,0
02/04/2022,DEC,IL,AGL,CE,Federal Contract Tower,4,0,0,0,4,0,0,10,0,10,4,0,10,0,14,0,0,0,14
02/05/2022,DEC,IL,AGL,CE,Federal Contract Tower,2,2,0,0,4,0,0,14,10,24,2,2,14,10,28,20,8,28,56
02/06/2022,DEC,IL,AGL,CE,Federal Contract Tower,4,0,1,8,13,0,0,9,14,23,4,0,10,22,36,20,14,34,70
02/07/2022,DEC,IL,AGL,CE,Federal Contract Tower,4,1,0,0,5,0,0,17,0,17,4,1,17,0,22,32,0,32,54
02/08/2022,DEC,IL,AGL,CE,Federal Contract Tower,2,5,2,0,9,0,0,23,14,37,2,5,25,14,46,26,22,48,94
02/09/2022,DEC,IL,AGL,CE,Federal Contract Tower,4,2,0,6,12,0,0,29,12,41,4,2,29,18,53,43,67,110,163
02/10/2022,DEC,IL,AGL,CE,Federal Contract Tower,4,2,4,0,10,0,0,13,22,35,4,2,17,22,45,20,56,76,121
02/11/2022,DEC,IL,AGL,CE,Federal Contract Tower,4,4,8,0,16,0,0,9,0,9,4,4,17,0,25,13,0,13,38
02/12/2022,DEC,IL,AGL,CE,Federal Contract Tower,2,11,0,0,13,0,0,9,0,9,2,11,9,0,22,15,0,15,37
02/13/2022,DEC,IL,AGL,CE,Federal Contract Tower,4,3,3,1,11,0,0,9,0,9,4,3,12,1,20,4,0,4,24
02/14/2022,DEC,IL,AGL,CE,Federal Contract Tower,5,5,3,0,13,0,0,17,0,17,5,5,20,0,30,62,0,62,92
02/15/2022,DEC,IL,AGL,CE,Federal Contract Tower,2,4,3,5,14,0,0,23,14,37,2,4,26,19,51,42,42,84,135
02/16/2022,DEC,IL,AGL,CE,Federal Contract Tower,3,5,0,2,10,0,0,16,0,16,3,5,16,2,26,24,0,24,50
02/17/2022,DEC,IL,AGL,CE,Federal Contract Tower,0,2,0,0,2,0,0,0,0,0,0,2,0,0,2,0,0,0,2
02/18/2022,DEC,IL,AGL,CE,Federal Contract Tower,3,0,0,0,3,0,0,13,0,13,3,0,13,0,16,18,0,18,34
02/19/2022,DEC,IL,AGL,CE,Federal Contract Tower,2,5,5,0,12,0,0,27,0,27,2,5,32,0,39,48,0,48,87
02/20/2022,DEC,IL,AGL,CE,Federal Contract Tower,4,0,1,0,5,0,0,13,0,13,4,0,14,0,18,30,0,30,48
02/21/2022,DEC,IL,AGL,CE,Federal Contract Tower,4,3,6,0,13,0,0,18,0,18,4,3,24,0,31,39,0,39,70
02/22/2022,DEC,IL,AGL,CE,Federal Contract Tower,2,4,0,0,6,0,0,14,14,28,2,4,14,14,34,22,46,68,102
02/23/2022,DEC,IL,AGL,CE,Federal Contract Tower,3,2,5,1,11,0,0,12,1,13,3,2,17,2,24,28,3,31,55
02/24/2022,DEC,IL,AGL,CE,Federal Contract Tower,3,2,0,0,5,0,0,0,0,0,3,2,0,0,5,0,0,0,5
02/25/2022,DEC,IL,AGL,CE,Federal Contract Tower,3,0,8,0,11,0,0,6,2,8,3,0,14,2,19,0,0,0,19
02/26/2022,DEC,IL,AGL,CE,Federal Contract Tower,2,2,6,0,10,0,0,42,0,42,2,2,48,0,52,46,0,46,98
02/27/2022,DEC,IL,AGL,CE,Federal Contract Tower,4,0,19,0,23,0,0,23,0,23,4,0,42,0,46,39,0,39,85
02/28/2022,DEC,IL,AGL,CE,Federal Contract Tower,4,4,0,0,8,0,0,21,2,23,4,4,21,2,31,42,0,42,73
03/01/2022,DEC,IL,AGL,CE,Federal Contract Tower,1,4,0,1,6,0,0,16,19,35,1,4,16,20,41,24,66,90,131
03/02/2022,DEC,IL,AGL,CE,Federal Contract Tower,4,1,10,0,15,0,0,57,0,57,4,1,67,0,72,34,0,34,106
03/03/2022,DEC,IL,AGL,CE,Federal Contract Tower,4,2,9,2,17,0,0,44,6,50,4,2,53,8,67,70,10,80,147
03/04/2022,DEC,IL,AGL,CE,Federal Contract Tower,3,2,2,3,10,0,0,48,2,50,3,2,50,5,60,48,9,57,117
03/05/2022,DEC,IL,AGL,CE,Federal Contract Tower,2,4,0,0,6,0,0,22,0,22,2,4,22,0,28,27,0,27,55
03/06/2022,DEC,IL,AGL,CE,Federal Contract Tower,4,1,19,0,24,0,0,23,2,25,4,1,42,2,49,24,8,32,81
03/07/2022,DEC,IL,AGL,CE,Federal Contract Tower,4,2,4,4,14,0,0,10,0,10,4,2,14,4,24,17,0,17,41
03/08/2022,DEC,IL,AGL,CE,Federal Contract Tower,1,3,4,4,12,0,0,20,17,37,1,3,24,21,49,42,46,88,137
03/09/2022,DEC,IL,AGL,CE,Federal Contract Tower,3,2,7,0,12,0,0,46,1,47,3,2,53,1,59,58,2,60,119
03/10/2022,DEC,IL,AGL,CE,Federal Contract Tower,3,1,3,1,8,0,0,21,18,39,3,1,24,19,47,18,64,82,129
03/11/2022,DEC,IL,AGL,CE,Federal Contract Tower,4,4,8,0,16,2,0,19,0,21,6,4,27,0,37,37,0,37,74
03/12/2022,DEC,IL,AGL,CE,Federal Contract Tower,2,6,0,0,8,0,0,25,2,27,2,6,25,2,35,22,16,38,73
03/13/2022,DEC,IL,AGL,CE,Federal Contract Tower,3,2,2,0,7,0,0,20,1,21,3,2,22,1,28,24,4,28,56
03/14/2022,DEC,IL,AGL,CE,Federal Contract Tower,4,0,2,0,6,0,0,8,5,13,4,0,10,5,19,0,0,0,19
03/15/2022,DEC,IL,AGL,CE,Federal Contract Tower,2,1,4,3,10,0,0,30,18,48,2,1,34,21,58,34,50,84,142
03/16/2022,DEC,IL,AGL,CE,Federal Contract Tower,3,2,12,3,20,0,0,30,0,30,3,2,42,3,50,66,0,66,116
03/17/2022,DEC,IL,AGL,CE,Federal Contract Tower,4,2,0,1,7,0,0,5,0,5,4,2,5,1,12,42,72,114,126
03/18/2022,DEC,IL,AGL,CE,Federal Contract Tower,4,5,1,0,10,0,0,11,0,11,4,5,12,0,21,5,0,5,26
03/19/2022,DEC,IL,AGL,CE,Federal Contract Tower,2,7,0,0,9,0,0,18,0,18,2,7,18,0,27,34,0,34,61
03/20/2022,DEC,IL,AGL,CE,Federal Contract Tower,5,1,0,0,6,0,0,44,0,44,5,1,44,0,50,78,0,78,128
03/21/2022,DEC,IL,AGL,CE,Federal Contract Tower,5,0,0,2,7,0,0,24,0,24,5,0,24,2,31,32,0,32,63
03/22/2022,DEC,IL,AGL,CE,Federal Contract Tower,2,2,0,2,6,0,0,4,2,6,2,2,4,4,12,0,4,4,16
03/23/2022,DEC,IL,AGL,CE,Federal Contract Tower,4,8,2,0,14,0,0,0,0,0,4,8,2,0,14,0,0,0,14
03/24/2022,DEC,IL,AGL,CE,Federal Contract Tower,4,2,16,0,22,0,0,10,9,19,4,2,26,9,41,15,18,33,74
03/25/2022,DEC,IL,AGL,CE,Federal Contract Tower,4,5,2,3,14,0,0,7,6,13,4,5,9,9,27,16,13,29,56
03/26/2022,DEC,IL,AGL,CE,Federal Contract Tower,0,0,1,0,1,0,0,16,0,16,0,0,17,0,17,44,0,44,61
03/27/2022,DEC,IL,AGL,CE,Federal Contract Tower,2,0,7,0,9,0,0,25,0,25,2,0,32,0,34,40,0,40,74
03/28/2022,DEC,IL,AGL,CE,Federal Contract Tower,4,0,1,5,10,0,0,26,0,26,4,0,27,5,36,76,0,76,112
03/29/2022,DEC,IL,AGL,CE,Federal Contract Tower,2,1,4,2,9,0,0,7,26,33,2,1,11,28,42,0,48,48,90
03/30/2022,DEC,IL,AGL,CE,Federal Contract Tower,4,2,2,0,8,0,0,7,3,10,4,2,9,3,18,15,12,27,45
03/31/2022,DEC,IL,AGL,CE,Federal Contract Tower,4,4,0,3,11,0,0,14,5,19,4,4,14,8,30,21,22,43,73
04/01/2022,DEC,IL,AGL,CE,Federal Contract Tower,2,2,0,0,4,0,0,29,0,29,2,2,29,0,33,39,0,39,72
04/02/2022,DEC,IL,AGL,CE,Federal Contract Tower,2,4,0,0,6,0,0,22,0,22,2,4,22,0,28,25,0,25,53
04/03/2022,DEC,IL,AGL,CE,Federal Contract Tower,8,1,0,0,9,0,0,27,0,27,8,1,27,0,36,49,0,49,85
04/04/2022,DEC,IL,AGL,CE,Federal Contract Tower,8,1,0,1,10,0,0,10,6,16,8,1,10,7,26,14,4,18,44
04/05/2022,DEC,IL,AGL,CE,Federal Contract Tower,6,7,2,1,16,0,0,0,2,2,6,7,2,3,18,0,0,0,18
04/06/2022,DEC,IL,AGL,CE,Federal Contract Tower,8,1,4,0,13,0,0,19,0,19,8,1,23,0,32,48,0,48,80
04/07/2022,DEC,IL,AGL,CE,Federal Contract Tower,8,5,2,0,15,0,0,15,12,27,8,5,17,12,42,9,35,44,86
04/08/2022,DEC,IL,AGL,CE,Federal Contract Tower,8,1,10,0,19,0,0,10,2,12,8,1,20,2,31,16,4,20,51
04/09/2022,DEC,IL,AGL,CE,Federal Contract Tower,4,2,1,0,7,0,0,53,0,53,4,2,54,0,60,50,0,50,110
04/10/2022,DEC,IL,AGL,CE,Federal Contract Tower,8,3,1,0,12,0,0,15,0,15,8,3,16,0,27,11,0,11,38
04/11/2022,DEC,IL,AGL,CE,Federal Contract Tower,8,5,2,0,15,0,0,14,4,18,8,5,16,4,33,8,0,8,41
04/12/2022,DEC,IL,AGL,CE,Federal Contract Tower,8,3,5,2,18,0,0,12,12,24,8,3,17,14,42,0,22,22,64
04/13/2022,DEC,IL,AGL,CE,Federal Contract Tower,10,2,0,2,14,0,0,9,4,13,10,2,9,6,27,12,0,12,39
04/14/2022,DEC,IL,AGL,CE,Federal Contract Tower,6,4,1,3,14,0,0,31,18,49,6,4,32,21,63,43,21,64,127
04/15/2022,DEC,IL,AGL,CE,Federal Contract Tower,8,3,4,0,15,0,0,26,3,29,8,3,30,3,44,33,12,45,89
04/16/2022,DEC,IL,AGL,CE,Federal Contract Tower,4,4,8,0,16,0,0,40,0,40,4,4,48,0,56,72,0,72,128
04/17/2022,DEC,IL,AGL,CE,Federal Contract Tower,8,0,3,2,13,0,0,18,0,18,8,0,21,2,31,9,0,9,40
04/18/2022,DEC,IL,AGL,CE,Federal Contract Tower,6,1,8,0,15,0,0,12,0,12,6,1,20,0,27,8,0,8,35
04/19/2022,DEC,IL,AGL,CE,Federal Contract Tower,8,4,3,1,16,0,0,37,7,44,8,4,40,8,60,54,0,54,114
04/20/2022,DEC,IL,AGL,CE,Federal Contract Tower,8,2,4,3,17,0,0,19,1,20,8,2,23,4,37,26,3,29,66
04/21/2022,DEC,IL,AGL,CE,Federal Contract Tower,8,2,8,2,20,0,0,29,2,31,8,2,37,4,51,53,3,56,107
04/22/2022,DEC,IL,AGL,CE,Federal Contract Tower,8,1,5,0,14,0,0,15,0,15,8,1,20,0,29,28,0,28,57
04/23/2022,DEC,IL,AGL,CE,Federal Contract Tower,4,1,12,0,17,0,0,19,9,28,4,1,31,9,45,19,8,27,72
04/24/2022,DEC,IL,AGL,CE,Federal Contract Tower,8,0,2,3,13,0,0,4,0,4,8,0,6,3,17,7,0,7,24
04/25/2022,DEC,IL,AGL,CE,Federal Contract Tower,8,0,4,2,14,0,0,22,6,28,8,0,26,8,42,43,0,43,85
04/26/2022,DEC,IL,AGL,CE,Federal Contract Tower,8,4,4,1,17,0,0,36,0,36,8,4,40,1,53,40,0,40,93
04/27/2022,DEC,IL,AGL,CE,Federal Contract Tower,8,2,4,0,14,0,0,39,2,41,8,2,43,2,55,73,6,79,134
04/28/2022,DEC,IL,AGL,CE,Federal Contract Tower,8,6,3,2,19,0,0,26,4,30,8,6,29,6,49,31,2,33,82
04/29/2022,DEC,IL,AGL,CE,Federal Contract Tower,8,4,6,2,20,0,0,17,0,17,8,4,23,2,37,51,0,51,88
04/30/2022,DEC,IL,AGL,CE,Federal Contract Tower,4,1,1,0,6,0,0,8,0,8,4,1,9,0,14,12,0,12,26
05/01/2022,DEC,IL,AGL,CE,Federal Contract Tower,8,6,1,0,15,0,0,16,0,16,8,6,17,0,31,15,0,15,46
05/02/2022,DEC,IL,AGL,CE,Federal Contract Tower,8,2,2,0,12,0,0,19,3,22,8,2,21,3,34,29,4,33,67
05/03/2022,DEC,IL,AGL,CE,Federal Contract Tower,8,4,5,0,17,0,0,3,0,3,8,4,8,0,20,0,0,0,20
05/04/2022,DEC,IL,AGL,CE,Federal Contract Tower,8,1,13,5,27,0,0,20,0,20,8,1,33,5,47,37,0,37,84
05/05/2022,DEC,IL,AGL,CE,Federal Contract Tower,8,1,2,0,11,0,0,4,0,4,8,1,6,0,15,12,0,12,27
05/06/2022,DEC,IL,AGL,CE,Federal Contract Tower,8,3,3,0,14,0,0,0,0,0,8,3,3,0,14,0,0,0,14
05/07/2022,DEC,IL,AGL,CE,Federal Contract Tower,4,4,1,0,9,0,0,28,0,28,4,4,29,0,37,43,0,43,80
05/08/2022,DEC,IL,AGL,CE,Federal Contract Tower,8,2,3,0,13,0,0,15,0,15,8,2,18,0,28,29,0,29,57
05/09/2022,DEC,IL,AGL,CE,Federal Contract Tower,9,0,4,3,16,0,0,14,3,17,9,0,18,6,33,22,18,40,73
05/10/2022,DEC,IL,AGL,CE,Federal Contract Tower,4,3,0,0,7,0,0,38,17,55,4,3,38,17,62,46,17,63,125
05/11/2022,DEC,IL,AGL,CE,Federal Contract Tower,8,3,3,0,14,0,0,28,5,33,8,3,31,5,47,32,4,36,83
05/12/2022,DEC,IL,AGL,CE,Federal Contract Tower,6,1,1,1,9,0,0,43,4,47,6,1,44,5,56,0,0,0,56
05/13/2022,DEC,IL,AGL,CE,Federal Contract Tower,10,5,7,2,24,0,0,28,1,29,10,5,35,3,53,50,1,51,104
05/14/2022,DEC,IL,AGL,CE,Federal Contract Tower,4,3,1,0,8,0,0,26,0,26,4,3,27,0,34,38,0,38,72
05/15/2022,DEC,IL,AGL,CE,Federal Contract Tower,7,2,0,0,9,0,0,32,0,32,7,2,32,0,41,36,0,36,77
05/16/2022,DEC,IL,AGL,CE,Federal Contract Tower,9,1,7,0,17,0,1,16,0,17,9,2,23,0,34,35,0,35,69
05/17/2022,DEC,IL,AGL,CE,Federal Contract Tower,4,6,8,2,20,0,0,33,17,50,4,6,41,19,70,55,57,112,182
05/18/2022,DEC,IL,AGL,CE,Federal Contract Tower,8,2,3,4,17,0,0,13,0,13,8,2,16,4,30,35,0,35,65
05/19/2022,DEC,IL,AGL,CE,Federal Contract Tower,7,3,1,1,12,0,0,21,11,32,7,3,22,12,44,16,8,24,68
05/20/2022,DEC,IL,AGL,CE,Federal Contract Tower,10,6,2,0,18,0,0,9,6,15,10,6,11,6,33,6,28,34,67
05/21/2022,DEC,IL,AGL,CE,Federal Contract Tower,4,1,2,0,7,0,0,0,0,0,4,1,2,0,7,0,0,0,7
05/22/2022,DEC,IL,AGL,CE,Federal Contract Tower,8,0,0,0,8,0,0,48,4,52,8,0,48,4,60,42,4,46,106
05/23/2022,DEC,IL,AGL,CE,Federal Contract Tower,8,6,0,2,16,0,3,42,1,46,8,9,42,3,62,56,0,56,118
05/24/2022,DEC,IL,AGL,CE,Federal Contract Tower,4,1,0,1,6,0,0,29,12,41,4,1,29,13,47,21,25,46,93
05/25/2022,DEC,IL,AGL,CE,Federal Contract Tower,10,5,8,4,27,0,0,14,4,18,10,5,22,8,45,11,4,15,60
05/26/2022,DEC,IL,AGL,CE,Federal Contract Tower,7,1,7,1,16,0,0,7,7,14,7,1,14,8,30,16,21,37,67
05/27/2022,DEC,IL,AGL,CE,Federal Contract Tower,9,1,0,0,10,0,0,2,0,2,9,1,2,0,12,0,0,0,12
05/28/2022,DEC,IL,AGL,CE,Federal Contract Tower,4,2,5,0,11,0,0,30,0,30,4,2,35,0,41,25,0,25,66
05/29/2022,DEC,IL,AGL,CE,Federal Contract Tower,9,2,0,0,11,0,0,20,0,20,9,2,20,0,31,32,0,32,63
05/30/2022,DEC,IL,AGL,CE,Federal Contract Tower,9,5,3,0,17,0,0,21,0,21,9,5,24,0,38,20,0,20,58
05/31/2022,DEC,IL,AGL,CE,Federal Contract Tower,4,1,6,0,11,0,0,25,0,25,4,1,31,0,36,32,0,32,68
06/01/2022,DEC,IL,AGL,CE,Federal Contract Tower,3,8,0,0,11,0,0,20,2,22,3,8,20,2,33,23,7,30,63
06/02/2022,DEC,IL,AGL,CE,Federal Contract Tower,8,5,5,0,18,0,0,34,10,44,8,5,39,10,62,51,13,64,126
06/03/2022,DEC,IL,AGL,CE,Federal Contract Tower,8,6,6,2,22,0,0,41,11,52,8,6,47,13,74,60,14,74,148
06/04/2022,DEC,IL,AGL,CE,Federal Contract Tower,4,1,4,0,9,0,0,101,0,101,4,1,105,0,110,21,0,21,131
06/05/2022,DEC,IL,AGL,CE,Federal Contract Tower,8,2,3,2,15,0,0,24,0,24,8,2,27,2,39,28,10,38,77
06/06/2022,DEC,IL,AGL,CE,Federal Contract Tower,8,0,12,0,20,0,0,14,1,15,8,0,26,1,35,37,0,37,72
06/07/2022,DEC,IL,AGL,CE,Federal Contract Tower,4,1,6,3,14,0,0,31,9,40,4,1,37,12,54,74,4,78,132
06/08/2022,DEC,IL,AGL,CE,Federal Contract Tower,8,7,0,2,17,0,7,2,0,9,8,14,2,2,26,7,4,11,37
06/09/2022,DEC,IL,AGL,CE,Federal Contract Tower,8,3,3,4,18,0,0,46,7,53,8,3,49,11,71,26,13,39,110
06/10/2022,DEC,IL,AGL,CE,Federal Contract Tower,9,1,6,0,16,0,0,9,6,15,9,1,15,6,31,16,8,24,55
06/11/2022,DEC,IL,AGL,CE,Federal Contract Tower,4,1,2,0,7,0,0,25,0,25,4,1,27,0,32,40,0,40,72
06/12/2022,DEC,IL,AGL,CE,Federal Contract Tower,7,1,3,0,11,0,0,24,0,24,7,1,27,0,35,38,0,38,73
06/13/2022,DEC,IL,AGL,CE,Federal Contract Tower,0,8,4,0,12,0,0,26,6,32,0,8,30,6,44,34,4,38,82
06/14/2022,DEC,IL,AGL,CE,Federal Contract Tower,4,1,6,0,11,0,0,18,9,27,4,1,24,9,38,18,26,44,82
06/15/2022,DEC,IL,AGL,CE,Federal Contract Tower,9,1,1,0,11,0,0,22,2,24,9,1,23,2,35,49,0,49,84
06/16/2022,DEC,IL,AGL,CE,Federal Contract Tower,8,1,6,2,17,0,0,18,7,25,8,1,24,9,42,9,0,9,51
06/17/2022,DEC,IL,AGL,CE,Federal Contract Tower,8,1,3,2,14,0,0,6,2,8,8,1,9,4,22,6,10,16,38
06/18/2022,DEC,IL,AGL,CE,Federal Contract Tower,4,1,0,1,6,0,0,23,0,23,4,1,23,1,29,28,0,28,57
06/19/2022,DEC,IL,AGL,CE,Federal Contract Tower,5,0,7,0,12,0,0,17,0,17,5,0,24,0,29,0,11,11,40
06/20/2022,DEC,IL,AGL,CE,Federal Contract Tower,8,2,3,0,13,0,0,33,0,33,8,2,36,0,46,37,0,37,83
06/21/2022,DEC,IL,AGL,CE,Federal Contract Tower,4,3,6,0,13,0,0,21,0,21,4,3,27,0,34,22,0,22,56
06/22/2022,DEC,IL,AGL,CE,Federal Contract Tower,8,2,2,1,13,0,0,32,15,47,8,2,34,16,60,62,28,90,150
06/23/2022,DEC,IL,AGL,CE,Federal Contract Tower,8,1,4,0,13,0,0,25,8,33,8,1,29,8,46,38,6,44,90
06/24/2022,DEC,IL,AGL,CE,Federal Contract Tower,8,1,4,2,15,0,0,27,3,30,8,1,31,5,45,36,0,36,81
06/25/2022,DEC,IL,AGL,CE,Federal Contract Tower,4,1,3,0,8,0,0,17,0,17,4,1,20,0,25,12,0,12,37
06/26/2022,DEC,IL,AGL,CE,Federal Contract Tower,8,2,5,0,15,0,0,3,0,3,8,2,8,0,18,0,0,0,18
06/27/2022,DEC,IL,AGL,CE,Federal Contract Tower,8,0,6,2,16,0,0,30,7,37,8,0,36,9,53,37,23,60,113
06/28/2022,DEC,IL,AGL,CE,Federal Contract Tower,4,3,12,2,21,0,0,29,15,44,4,3,41,17,65,61,20,81,146
06/29/2022,DEC,IL,AGL,CE,Federal Contract Tower,8,2,4,2,16,0,0,30,8,38,8,2,34,10,54,45,15,60,114
06/30/2022,DEC,IL,AGL,CE,Federal Contract Tower,8,3,0,4,15,0,0,44,3,47,8,3,44,7,62,30,2,32,94
07/01/2022,DEC,IL,AGL,CE,Federal Contract Tower,8,1,3,0,12,0,0,17,0,17,8,1,20,0,29,20,0,20,49
07/02/2022,DEC,IL,AGL,CE,Federal Contract Tower,4,2,4,0,10,0,0,6,0,6,4,2,10,0,16,10,0,10,26
07/03/2022,DEC,IL,AGL,CE,Federal Contract Tower,8,2,0,0,10,0,0,22,0,22,8,2,22,0,32,6,0,6,38
07/04/2022,DEC,IL,AGL,CE,Federal Contract Tower,8,0,2,0,10,0,0,27,0,27,8,0,29,0,37,41,0,41,78
07/05/2022,DEC,IL,AGL,CE,Federal Contract Tower,4,2,2,0,8,0,0,23,5,28,4,2,25,5,36,28,3,31,67
07/06/2022,DEC,IL,AGL,CE,Federal Contract Tower,8,1,1,2,12,0,0,30,4,34,8,1,31,6,46,51,14,65,111
07/07/2022,DEC,IL,AGL,CE,Federal Contract Tower,8,6,12,0,26,0,0,5,0,5,8,6,17,0,31,10,0,10,41
07/08/2022,DEC,IL,AGL,CE,Federal Contract Tower,7,5,3,1,16,0,0,33,0,33,7,5,36,1,49,10,0,10,59
07/09/2022,DEC,IL,AGL,CE,Federal Contract Tower,6,1,6,0,13,0,0,12,4,16,6,1,18,4,29,10,0,10,39
07/10/2022,DEC,IL,AGL,CE,Federal Contract Tower,8,0,3,0,11,0,0,98,0,98,8,0,101,0,109,30,0,30,139
07/11/2022,DEC,IL,AGL,CE,Federal Contract Tower,9,2,5,1,17,0,0,94,4,98,9,2,99,5,115,28,14,42,157
07/12/2022,DEC,IL,AGL,CE,Federal Contract Tower,4,2,6,6,18,0,0,119,5,124,4,2,125,11,142,38,12,50,192
07/13/2022,DEC,IL,AGL,CE,Federal Contract Tower,8,1,5,2,16,0,0,111,6,117,8,1,116,8,133,16,23,39,172
07/14/2022,DEC,IL,AGL,CE,Federal Contract Tower,8,6,2,0,16,0,3,123,3,129,8,9,125,3,145,20,0,20,165
07/15/2022,DEC,IL,AGL,CE,Federal Contract Tower,8,3,0,0,11,0,0,65,0,65,8,3,65,0,76,25,0,25,101
07/16/2022,DEC,IL,AGL,CE,Federal Contract Tower,4,2,0,0,6,0,0,171,0,171,4,2,171,0,177,44,0,44,221
07/17/2022,DEC,IL,AGL,CE,Federal Contract Tower,7,0,3,0,10,0,0,10,0,10,7,0,13,0,20,0,0,0,20
07/18/2022,DEC,IL,AGL,CE,Federal Contract Tower,8,2,8,2,20,0,0,155,0,155,8,2,163,2,175,22,0,22,197
07/19/2022,DEC,IL,AGL,CE,Federal Contract Tower,4,1,3,0,8,0,0,182,7,189,4,1,185,7,197,28,0,28,225
07/20/2022,DEC,IL,AGL,CE,Federal Contract Tower,8,1,3,1,13,0,0,54,3,57,8,1,57,4,70,36,4,40,110
07/21/2022,DEC,IL,AGL,CE,Federal Contract Tower,8,4,4,1,17,0,0,152,4,156,8,4,156,5,173,30,0,30,203
07/22/2022,DEC,IL,AGL,CE,Federal Contract Tower,8,2,1,0,11,0,0,124,0,124,8,2,125,0,135,15,0,15,150
07/23/2022,DEC,IL,AGL,CE,Federal Contract Tower,4,3,5,0,12,0,0,86,0,86,4,3,91,0,98,30,0,30,128
07/24/2022,DEC,IL,AGL,CE,Federal Contract Tower,8,0,2,0,10,0,0,20,0,20,8,0,22,0,30,24,0,24,54
07/25/2022,DEC,IL,AGL,CE,Federal Contract Tower,8,4,5,4,21,0,0,158,4,162,8,4,163,8,183,48,12,60,243
07/26/2022,DEC,IL,AGL,CE,Federal Contract Tower,4,1,9,2,16,0,0,14,0,14,4,1,23,2,30,0,0,0,30
07/27/2022,DEC,IL,AGL,CE,Federal Contract Tower,8,1,4,4,17,0,0,63,10,73,8,1,67,14,90,28,5,33,123
07/28/2022,DEC,IL,AGL,CE,Federal Contract Tower,8,4,2,1,15,0,0,107,8,115,8,4,109,9,130,16,20,36,166
07/29/2022,DEC,IL,AGL,CE,Federal Contract Tower,8,4,2,0,14,0,0,111,7,118,8,4,113,7,132,36,20,56,188
07/30/2022,DEC,IL,AGL,CE,Federal Contract Tower,4,1,3,0,8,0,0,0,0,0,4,1,3,0,8,24,0,24,32
07/31/2022,DEC,IL,AGL,CE,Federal Contract Tower,8,4,4,0,16,0,0,76,0,76,8,4,80,0,92,32,0,32,124
08/01/2022,DEC,IL,AGL,CE,Federal Contract Tower,8,0,11,2,21,0,0,22,0,22,8,0,33,2,43,40,0,40,83
08/02/2022,DEC,IL,AGL,CE,Federal Contract Tower,3,2,4,0,9,0,0,41,2,43,3,2,45,2,52,7,0,7,59
08/03/2022,DEC,IL,AGL,CE,Federal Contract Tower,8,6,0,0,14,0,0,44,1,45,8,6,44,1,59,20,0,20,79
08/04/2022,DEC,IL,AGL,CE,Federal Contract Tower,7,3,6,2,18,0,0,108,0,108,7,3,114,2,126,20,0,20,146
08/05/2022,DEC,IL,AGL,CE,Federal Contract Tower,8,3,3,0,14,0,0,55,1,56,8,3,58,1,70,0,0,0,70
08/06/2022,DEC,IL,AGL,CE,Federal Contract Tower,3,1,3,0,7,0,0,68,0,68,3,1,71,0,75,5,0,5,80
08/07/2022,DEC,IL,AGL,CE,Federal Contract Tower,4,2,4,0,10,0,0,68,2,70,4,2,72,2,80,30,0,30,110
08/08/2022,DEC,IL,AGL,CE,Federal Contract Tower,8,0,8,0,16,0,0,34,0,34,8,0,42,0,50,27,0,27,77
08/09/2022,DEC,IL,AGL,CE,Federal Contract Tower,4,1,5,0,10,0,0,28,2,30,4,1,33,2,40,41,0,41,81
08/10/2022,DEC,IL,AGL,CE,Federal Contract Tower,8,2,4,2,16,0,0,46,4,50,8,2,50,6,66,32,12,44,110
08/11/2022,DEC,IL,AGL,CE,Federal Contract Tower,8,1,3,0,12,0,0,56,2,58,8,1,59,2,70,28,0,28,98
08/12/2022,DEC,IL,AGL,CE,Federal Contract Tower,8,1,3,2,14,0,0,25,1,26,8,1,28,3,40,38,0,38,78
08/13/2022,DEC,IL,AGL,CE,Federal Contract Tower,4,1,2,1,8,0,0,27,1,28,4,1,29,2,36,36,5,41,77
08/14/2022,DEC,IL,AGL,CE,Federal Contract Tower,8,0,10,0,18,0,0,13,3,16,8,0,23,3,34,0,0,0,34
08/15/2022,DEC,IL,AGL,CE,Federal Contract Tower,8,0,3,0,11,0,0,23,0,23,8,0,26,0,34,40,0,40,74
08/16/2022,DEC,IL,AGL,CE,Federal Contract Tower,4,4,3,3,14,0,0,45,4,49,4,4,48,7,63,91,23,114,177
08/17/2022,DEC,IL,AGL,CE,Federal Contract Tower,7,4,6,0,17,0,0,49,2,51,7,4,55,2,68,81,0,81,149
08/18/2022,DEC,IL,AGL,CE,Federal Contract Tower,9,4,12,2,27,0,0,30,6,36,9,4,42,8,63,48,0,48,111
08/19/2022,DEC,IL,AGL,CE,Federal Contract Tower,7,4,4,0,15,0,0,30,0,30,7,4,34,0,45,8,0,8,53
08/20/2022,DEC,IL,AGL,CE,Federal Contract Tower,3,5,2,0,10,0,0,4,2,6,3,5,6,2,16,0,0,0,16
08/21/2022,DEC,IL,AGL,CE,Federal Contract Tower,7,2,3,0,12,0,0,22,0,22,7,2,25,0,34,34,0,34,68
08/22/2022,DEC,IL,AGL,CE,Federal Contract Tower,8,0,8,4,20,0,0,41,1,42,8,0,49,5,62,39,5,44,106
08/23/2022,DEC,IL,AGL,CE,Federal Contract Tower,4,2,8,3,17,0,0,61,9,70,4,2,69,12,87,28,20,48,135
08/24/2022,DEC,IL,AGL,CE,Federal Contract Tower,7,1,1,0,9,0,0,46,3,49,7,1,47,3,58,21,0,21,79
08/25/2022,DEC,IL,AGL,CE,Federal Contract Tower,8,1,3,0,12,0,0,41,2,43,8,1,44,2,55,22,16,38,93
08/26/2022,DEC,IL,AGL,CE,Federal Contract Tower,8,1,4,0,13,0,0,19,0,19,8,1,23,0,32,18,0,18,50
08/27/2022,DEC,IL,AGL,CE,Federal Contract Tower,4,1,4,0,9,0,0,24,0,24,4,1,28,0,33,14,0,14,47
08/28/2022,DEC,IL,AGL,CE,Federal Contract Tower,6,2,10,0,18,0,0,19,0,19,6,2,29,0,37,12,0,12,49
08/29/2022,DEC,IL,AGL,CE,Federal Contract Tower,2,2,4,0,8,0,0,25,2,27,2,2,29,2,35,32,0,32,67
08/30/2022,DEC,IL,AGL,CE,Federal Contract Tower,3,3,1,5,12,0,0,37,18,55,3,3,38,23,67,42,24,66,133
08/31/2022,DEC,IL,AGL,CE,Federal Contract Tower,8,1,6,1,16,0,0,59,1,60,8,1,65,2,76,43,0,43,119
09/01/2022,DEC,IL,AGL,CE,Federal Contract Tower,8,5,3,0,16,0,0,42,2,44,8,5,45,2,60,50,0,50,110
09/02/2022,DEC,IL,AGL,CE,Federal Contract Tower,8,4,1,0,13,0,0,22,0,22,8,4,23,0,35,25,0,25,60
09/03/2022,DEC,IL,AGL,CE,Federal Contract Tower,4,3,2,0,9,0,0,15,0,15,4,3,17,0,24,24,0,24,48
09/04/2022,DEC,IL,AGL,CE,Federal Contract Tower,8,0,3,0,11,0,0,14,0,14,8,0,17,0,25,12,0,12,37
09/05/2022,DEC,IL,AGL,CE,Federal Contract Tower,8,0,16,0,24,0,0,13,0,13,8,0,29,0,37,16,0,16,53
09/06/2022,DEC,IL,AGL,CE,Federal Contract Tower,4,6,13,2,25,0,0,14,16,30,4,6,27,18,55,54,36,90,145
09/07/2022,DEC,IL,AGL,CE,Federal Contract Tower,9,4,1,0,14,0,0,43,6,49,9,4,44,6,63,27,8,35,98
09/08/2022,DEC,IL,AGL,CE,Federal Contract Tower,8,8,2,0,18,0,0,34,8,42,8,8,36,8,60,15,6,21,81
09/09/2022,DEC,IL,AGL,CE,Federal Contract Tower,8,3,2,2,15,0,0,33,5,38,8,3,35,7,53,48,0,48,101
09/10/2022,DEC,IL,AGL,CE,Federal Contract Tower,4,4,2,0,10,0,0,30,5,35,4,4,32,5,45,26,0,26,71
09/11/2022,DEC,IL,AGL,CE,Federal Contract Tower,8,3,2,0,13,0,0,8,0,8,8,3,10,0,21,12,0,12,33
09/12/2022,DEC,IL,AGL,CE,Federal Contract Tower,6,0,8,2,16,0,0,25,0,25,6,0,33,2,41,47,0,47,88
09/13/2022,DEC,IL,AGL,CE,Federal Contract Tower,6,1,3,0,10,0,0,25,17,42,6,1,28,17,52,28,10,38,90
09/14/2022,DEC,IL,AGL,CE,Federal Contract Tower,8,3,4,2,17,0,0,40,6,46,8,3,44,8,63,14,0,14,77
09/15/2022,DEC,IL,AGL,CE,Federal Contract Tower,8,1,5,2,16,0,0,15,6,21,8,1,20,8,37,14,3,17,54
09/16/2022,DEC,IL,AGL,CE,Federal Contract Tower,8,2,5,2,17,0,0,26,0,26,8,2,31,2,43,32,0,32,75
09/17/2022,DEC,IL,AGL,CE,Federal Contract Tower,6,4,2,0,12,0,0,25,6,31,6,4,27,6,43,10,8,18,61
09/18/2022,DEC,IL,AGL,CE,Federal Contract Tower,8,0,7,0,15,0,0,11,2,13,8,0,18,2,28,22,0,22,50
09/19/2022,DEC,IL,AGL,CE,Federal Contract Tower,8,1,3,0,12,0,0,22,0,22,8,1,25,0,34,68,0,68,102
09/20/2022,DEC,IL,AGL,CE,Federal Contract Tower,4,3,8,0,15,0,0,32,2,34,4,3,40,2,49,25,8,33,82
09/21/2022,DEC,IL,AGL,CE,Federal Contract Tower,7,3,1,4,15,0,0,27,5,32,7,3,28,9,47,20,2,22,69
09/22/2022,DEC,IL,AGL,CE,Federal Contract Tower,8,5,1,0,14,0,0,17,13,30,8,5,18,13,44,12,34,46,90
09/23/2022,DEC,IL,AGL,CE,Federal Contract Tower,6,1,4,2,13,0,0,23,0,23,6,1,27,2,36,25,0,25,61
09/24/2022,DEC,IL,AGL,CE,Federal Contract Tower,4,1,4,0,9,0,0,32,1,33,4,1,36,1,42,54,0,54,96
09/25/2022,DEC,IL,AGL,CE,Federal Contract Tower,6,1,3,0,10,0,0,35,0,35,6,1,38,0,45,46,0,46,91
09/26/2022,DEC,IL,AGL,CE,Federal Contract Tower,6,5,0,0,11,0,0,27,0,27,6,5,27,0,38,38,0,38,76
09/27/2022,DEC,IL,AGL,CE,Federal Contract Tower,6,3,0,0,9,0,0,34,0,34,6,3,34,0,43,24,0,24,67
09/28/2022,DEC,IL,AGL,CE,Federal Contract Tower,8,1,4,0,13,0,0,24,0,24,8,1,28,0,37,35,0,35,72
09/29/2022,DEC,IL,AGL,CE,Federal Contract Tower,9,1,7,0,17,0,0,17,0,17,9,1,24,0,34,21,0,21,55
09/30/2022,DEC,IL,AGL,CE,Federal Contract Tower,8,3,1,0,12,0,0,10,0,10,8,3,11,0,22,6,0,6,28
10/01/2022,DEC,IL,AGL,CE,Federal Contract Tower,7,1,4,0,12,0,0,15,0,15,7,1,19,0,27,26,0,26,53
10/02/2022,DEC,IL,AGL,CE,Federal Contract Tower,8,0,0,0,8,0,0,15,0,15,8,0,15,0,23,22,0,22,45
10/03/2022,DEC,IL,AGL,CE,Federal Contract Tower,6,4,6,2,18,0,0,35,0,35,6,4,41,2,53,61,0,61,114
10/04/2022,DEC,IL,AGL,CE,Federal Contract Tower,3,3,1,0,7,0,0,29,4,33,3,3,30,4,40,28,12,40,80
10/05/2022,DEC,IL,AGL,CE,Federal Contract Tower,7,3,9,0,19,0,0,32,2,34,7,3,41,2,53,23,6,29,82
10/06/2022,DEC,IL,AGL,CE,Federal Contract Tower,6,1,0,0,7,0,0,19,4,23,6,1,19,4,30,15,0,15,45
10/07/2022,DEC,IL,AGL,CE,Federal Contract Tower,6,3,2,0,11,0,0,33,0,33,6,3,35,0,44,42,0,42,86
10/08/2022,DEC,IL,AGL,CE,Federal Contract Tower,2,3,1,0,6,0,0,20,0,20,2,3,21,0,26,24,0,24,50
10/09/2022,DEC,IL,AGL,CE,Federal Contract Tower,6,0,4,0,10,0,0,32,2,34,6,0,36,2,44,15,2,17,61
10/10/2022,DEC,IL,AGL,CE,Federal Contract Tower,6,0,5,0,11,0,0,28,0,28,6,0,33,0,39,18,0,18,57
10/11/2022,DEC,IL,AGL,CE,Federal Contract Tower,2,1,0,2,5,0,0,11,17,28,2,1,11,19,33,18,8,26,59
10/12/2022,DEC,IL,AGL,CE,Federal Contract Tower,6,1,1,2,10,0,0,13,2,15,6,1,14,4,25,20,0,20,45
10/13/2022,DEC,IL,AGL,CE,Federal Contract Tower,6,1,4,0,11,0,0,12,8,20,6,1,16,8,31,11,17,28,59
10/14/2022,DEC,IL,AGL,CE,Federal Contract Tower,11,1,2,0,14,0,0,16,0,16,11,1,18,0,30,22,0,22,52
10/15/2022,DEC,IL,AGL,CE,Federal Contract Tower,4,3,1,1,9,0,0,12,0,12,4,3,13,1,21,6,0,6,27
10/16/2022,DEC,IL,AGL,CE,Federal Contract Tower,8,0,2,0,10,0,0,36,0,36,8,0,38,0,46,28,0,28,74
10/17/2022,DEC,IL,AGL,CE,Federal Contract Tower,6,1,4,2,13,0,0,25,0,25,6,1,29,2,38,22,0,22,60
10/18/2022,DEC,IL,AGL,CE,Federal Contract Tower,4,4,6,1,15,0,0,20,9,29,4,4,26,10,44,25,14,39,83
10/19/2022,DEC,IL,AGL,CE,Federal Contract Tower,6,3,3,1,13,0,0,23,3,26,6,3,26,4,39,19,4,23,62
10/20/2022,DEC,IL,AGL,CE,Federal Contract Tower,6,3,2,1,12,0,0,21,4,25,6,3,23,5,37,16,14,30,67
10/21/2022,DEC,IL,AGL,CE,Federal Contract Tower,6,4,2,2,14,0,0,8,6,14,6,4,10,8,28,12,0,12,40
10/22/2022,DEC,IL,AGL,CE,Federal Contract Tower,4,1,0,0,5,0,0,12,4,16,4,1,12,4,21,12,0,12,33
10/23/2022,DEC,IL,AGL,CE,Federal Contract Tower,6,3,2,0,11,0,0,11,6,17,6,3,13,6,28,12,2,14,42
10/24/2022,DEC,IL,AGL,CE,Federal Contract Tower,6,0,8,0,14,0,0,23,10,33,6,0,31,10,47,19,12,31,78
10/25/2022,DEC,IL,AGL,CE,Federal Contract Tower,2,5,4,0,11,0,0,9,0,9,2,5,13,0,20,9,0,9,29
10/26/2022,DEC,IL,AGL,CE,Federal Contract Tower,6,1,2,0,9,0,0,31,13,44,6,1,33,13,53,27,8,35,88
10/27/2022,DEC,IL,AGL,CE,Federal Contract Tower,6,4,2,0,12,0,0,35,12,47,6,4,37,12,59,24,24,48,107
10/28/2022,DEC,IL,AGL,CE,Federal Contract Tower,6,6,2,4,18,0,0,9,0,9,6,6,11,4,27,10,0,10,37
10/29/2022,DEC,IL,AGL,CE,Federal Contract Tower,4,3,0,0,7,0,0,22,0,22,4,3,22,0,29,34,0,34,63
10/30/2022,DEC,IL,AGL,CE,Federal Contract Tower,2,1,1,0,4,0,0,0,0,0,2,1,1,0,4,0,0,0,4
10/31/2022,DEC,IL,AGL,CE,Federal Contract Tower,6,1,6,0,13,0,0,0,0,0,6,1,6,0,13,0,0,0,13
11/01/2022,DEC,IL,AGL,CE,Federal Contract Tower,5,2,6,3,16,0,0,24,4,28,5,2,30,7,44,46,12,58,102
11/02/2022,DEC,IL,AGL,CE,Federal Contract Tower,6,3,2,0,11,0,0,23,1,24,6,3,25,1,35,24,0,24,59
11/03/2022,DEC,IL,AGL,CE,Federal Contract Tower,6,3,4,2,15,0,0,9,6,15,6,3,13,8,30,0,0,0,30
11/04/2022,DEC,IL,AGL,CE,Federal Contract Tower,6,3,2,2,13,0,0,10,0,10,6,3,12,2,23,6,0,6,29
11/05/2022,DEC,IL,AGL,CE,Federal Contract Tower,2,0,0,0,2,0,0,0,2,2,2,0,0,2,4,0,0,0,4
11/06/2022,DEC,IL,AGL,CE,Federal Contract Tower,6,0,1,0,7,0,0,15,0,15,6,0,16,0,22,26,0,26,48
11/07/2022,DEC,IL,AGL,CE,Federal Contract Tower,6,3,0,0,9,0,0,17,4,21,6,3,17,4,30,9,0,9,39
11/08/2022,DEC,IL,AGL,CE,Federal Contract Tower,7,3,2,2,14,0,0,20,4,24,7,3,22,6,38,19,0,19,57
11/09/2022,DEC,IL,AGL,CE,Federal Contract Tower,3,5,5,2,15,0,0,23,21,44,3,5,28,23,59,10,10,20,79
11/10/2022,DEC,IL,AGL,CE,Federal Contract Tower,6,1,4,2,13,0,0,23,4,27,6,1,27,6,40,18,36,54,94
11/11/2022,DEC,IL,AGL,CE,Federal Contract Tower,6,1,2,0,9,0,0,7,2,9,6,1,9,2,18,13,0,13,31
11/12/2022,DEC,IL,AGL,CE,Federal Contract Tower,6,4,4,0,14,0,0,6,0,6,6,4,10,0,20,0,0,0,20
11/13/2022,DEC,IL,AGL,CE,Federal Contract Tower,5,5,1,0,11,0,0,27,0,27,5,5,28,0,38,32,0,32,70
11/14/2022,DEC,IL,AGL,CE,Federal Contract Tower,6,2,5,2,15,0,0,21,0,21,6,2,26,2,36,31,0,31,67
11/15/2022,DEC,IL,AGL,CE,Federal Contract Tower,6,3,2,2,13,0,0,0,0,0,6,3,2,2,13,0,0,0,13
11/16/2022,DEC,IL,AGL,CE,Federal Contract Tower,6,5,0,2,13,0,0,5,0,5,6,5,5,2,18,9,0,9,27
11/17/2022,DEC,IL,AGL,CE,Federal Contract Tower,6,1,0,2,9,0,0,13,13,26,6,1,13,15,35,9,16,25,60
11/18/2022,DEC,IL,AGL,CE,Federal Contract Tower,6,3,0,0,9,0,0,9,2,11,6,3,9,2,20,6,0,6,26
11/19/2022,DEC,IL,AGL,CE,Federal Contract Tower,6,1,0,0,7,0,0,10,0,10,6,1,10,0,17,0,0,0,17
11/20/2022,DEC,IL,AGL,CE,Federal Contract Tower,6,0,2,0,8,0,0,37,0,37,6,0,39,0,45,50,0,50,95
11/21/2022,DEC,IL,AGL,CE,Federal Contract Tower,6,2,1,0,9,0,0,19,2,21,6,2,20,2,30,12,0,12,42
11/22/2022,DEC,IL,AGL,CE,Federal Contract Tower,6,3,2,1,12,0,0,23,15,38,6,3,25,16,50,14,4,18,68
11/23/2022,DEC,IL,AGL,CE,Federal Contract Tower,6,1,5,0,12,0,0,24,0,24,6,1,29,0,36,18,0,18,54
11/24/2022,DEC,IL,AGL,CE,Federal Contract Tower,6,0,2,0,8,0,0,2,0,2,6,0,4,0,10,10,0,10,20
11/25/2022,DEC,IL,AGL,CE,Federal Contract Tower,6,2,0,0,8,0,0,2,0,2,6,2,2,0,10,0,0,0,10
11/26/2022,DEC,IL,AGL,CE,Federal Contract Tower,6,0,3,0,9,0,0,37,0,37,6,0,40,0,46,38,0,38,84
11/27/2022,DEC,IL,AGL,CE,Federal Contract Tower,6,0,4,0,10,0,0,6,0,6,6,0,10,0,16,22,0,22,38
11/28/2022,DEC,IL,AGL,CE,Federal Contract Tower,6,0,7,0,13,0,0,7,2,9,6,0,14,2,22,13,0,13,35
11/29/2022,DEC,IL,AGL,CE,Federal Contract Tower,7,2,3,1,13,0,0,5,4,9,7,2,8,5,22,6,6,12,34
11/30/2022,DEC,IL,AGL,CE,Federal Contract Tower,7,5,0,2,14,0,0,9,7,16,7,5,9,9,30,0,10,10,40
12/01/2022,DEC,IL,AGL,CE,Federal Contract Tower,6,4,0,0,10,0,0,17,8,25,6,4,17,8,35,19,0,19,54
12/02/2022,DEC,IL,AGL,CE,Federal Contract Tower,6,4,0,0,10,0,0,3,2,5,6,4,3,2,15,0,0,0,15
12/03/2022,DEC,IL,AGL,CE,Federal Contract Tower,6,3,5,0,14,0,2,17,0,19,6,5,22,0,33,18,0,18,51
12/04/2022,DEC,IL,AGL,CE,Federal Contract Tower,6,2,0,0,8,0,0,30,1,31,6,2,30,1,39,54,0,54,93
12/05/2022,DEC,IL,AGL,CE,Federal Contract Tower,6,6,6,0,18,0,0,4,5,9,6,6,10,5,27,20,20,40,67
12/06/2022,DEC,IL,AGL,CE,Federal Contract Tower,4,2,4,0,10,0,0,0,0,0,4,2,4,0,10,0,0,0,10
12/07/2022,DEC,IL,AGL,CE,Federal Contract Tower,5,2,5,2,14,0,0,3,0,3,5,2,8,2,17,2,0,2,19
12/08/2022,DEC,IL,AGL,CE,Federal Contract Tower,6,1,0,1,8,0,0,0,3,3,6,1,0,4,11,0,6,6,17
12/09/2022,DEC,IL,AGL,CE,Federal Contract Tower,6,5,6,2,19,0,0,0,0,0,6,5,6,2,19,0,0,0,19
12/10/2022,DEC,IL,AGL,CE,Federal Contract Tower,4,0,4,0,8,0,0,0,0,0,4,0,4,0,8,0,0,0,8
12/11/2022,DEC,IL,AGL,CE,Federal Contract Tower,6,0,0,2,8,0,0,6,0,6,6,0,6,2,14,52,0,52,66
12/12/2022,DEC,IL,AGL,CE,Federal Contract Tower,5,1,0,2,8,0,0,16,0,16,5,1,16,2,24,56,0,56,80
12/13/2022,DEC,IL,AGL,CE,Federal Contract Tower,4,4,6,3,17,0,0,6,6,12,4,4,12,9,29,0,20,20,49
12/14/2022,DEC,IL,AGL,CE,Federal Contract Tower,6,1,0,1,8,0,0,0,0,0,6,1,0,1,8,0,0,0,8
12/15/2022,DEC,IL,AGL,CE,Federal Contract Tower,5,1,0,2,8,0,0,8,7,15,5,1,8,9,23,4,20,24,47
12/16/2022,DEC,IL,AGL,CE,Federal Contract Tower,6,3,4,2,15,0,0,8,5,13,6,3,12,7,28,10,33,43,71
12/17/2022,DEC,IL,AGL,CE,Federal Contract Tower,4,6,5,0,15,0,0,10,0,10,4,6,15,0,25,8,0,8,33
12/18/2022,DEC,IL,AGL,CE,Federal Contract Tower,6,0,2,0,8,0,0,10,0,10,6,0,12,0,18,28,0,28,46
12/19/2022,DEC,IL,AGL,CE,Federal Contract Tower,6,4,4,4,18,0,0,19,9,28,6,4,23,13,46,11,0,11,57
12/20/2022,DEC,IL,AGL,CE,Federal Contract Tower,4,5,4,4,17,0,0,28,14,42,4,5,32,18,59,21,10,31,90
12/21/2022,DEC,IL,AGL,CE,Federal Contract Tower,7,2,2,0,11,0,0,0,1,1,7,2,2,1,12,0,0,0,12
12/22/2022,DEC,IL,AGL,CE,Federal Contract Tower,2,1,0,0,3,0,0,2,0,2,2,1,2,0,5,2,0,2,7
12/23/2022,DEC,IL,AGL,CE,Federal Contract Tower,4,0,0,0,4,0,0,0,0,0,4,0,0,0,4,0,0,0,4
12/24/2022,DEC,IL,AGL,CE,Federal Contract Tower,0,0,0,0,0,0,0,6,0,6,0,0,6,0,6,0,0,0,6
12/25/2022,DEC,IL,AGL,CE,Federal Contract Tower,0,0,0,0,0,0,0,5,0,5,0,0,5,0,5,12,0,12,17
12/26/2022,DEC,IL,AGL,CE,Federal Contract Tower,4,5,4,0,13,0,0,0,0,0,4,5,4,0,13,0,0,0,13
12/27/2022,DEC,IL,AGL,CE,Federal Contract Tower,4,2,0,2,8,0,0,14,2,16,4,2,14,4,24,32,0,32,56
12/28/2022,DEC,IL,AGL,CE,Federal Contract Tower,6,1,2,0,9,0,0,14,0,14,6,1,16,0,23,12,0,12,35
12/29/2022,DEC,IL,AGL,CE,Federal Contract Tower,6,3,2,0,11,0,0,5,0,5,6,3,7,0,16,3,0,3,19
12/30/2022,DEC,IL,AGL,CE,Federal Contract Tower,6,1,2,0,9,0,0,4,0,4,6,1,6,0,13,0,0,0,13
12/31/2022,DEC,IL,AGL,CE,Federal Contract Tower,4,1,8,0,13,0,0,21,0,21,4,1,29,0,34,44,0,44,78
01/01/2023,DEC,IL,AGL,CE,Federal Contract Tower,6,2,1,0,9,0,0,2,0,2,6,2,3,0,11,0,0,0,11
01/02/2023,DEC,IL,AGL,CE,Federal Contract Tower,4,0,2,0,6,0,0,0,0,0,4,0,2,0,6,0,0,0,6
01/03/2023,DEC,IL,AGL,CE,Federal Contract Tower,4,1,4,0,9,0,0,2,2,4,4,1,6,2,13,0,0,0,13
01/04/2023,DEC,IL,AGL,CE,Federal Contract Tower,6,2,2,0,10,0,0,8,10,18,6,2,10,10,28,23,8,31,59
01/05/2023,DEC,IL,AGL,CE,Federal Contract Tower,6,1,2,0,9,0,0,5,15,20,6,1,7,15,29,13,44,57,86
01/06/2023,DEC,IL,AGL,CE,Federal Contract Tower,6,1,8,0,15,0,0,20,0,20,6,1,28,0,35,66,0,66,101
01/07/2023,DEC,IL,AGL,CE,Federal Contract Tower,4,1,14,0,19,0,0,27,2,29,4,1,41,2,48,48,0,48,96
01/08/2023,DEC,IL,AGL,CE,Federal Contract Tower,5,0,2,0,7,0,0,2,0,2,5,0,4,0,9,0,0,0,9
01/09/2023,DEC,IL,AGL,CE,Federal Contract Tower,6,0,1,0,7,0,0,29,0,29,6,0,30,0,36,14,0,14,50
01/10/2023,DEC,IL,AGL,CE,Federal Contract Tower,4,3,2,0,9,0,0,46,10,56,4,3,48,10,65,34,0,34,99
01/11/2023,DEC,IL,AGL,CE,Federal Contract Tower,6,1,1,1,9,0,0,0,3,3,6,1,1,4,12,0,0,0,12
01/12/2023,DEC,IL,AGL,CE,Federal Contract Tower,4,4,0,0,8,0,0,2,9,11,4,4,2,9,19,4,24,28,47
01/13/2023,DEC,IL,AGL,CE,Federal Contract Tower,6,6,0,0,12,0,0,4,2,6,6,6,4,2,18,0,0,0,18
01/14/2023,DEC,IL,AGL,CE,Federal Contract Tower,3,2,1,0,6,0,0,19,0,19,3,2,20,0,25,32,0,32,57
01/15/2023,DEC,IL,AGL,CE,Federal Contract Tower,6,0,2,0,8,0,0,13,0,13,6,0,15,0,21,12,0,12,33
01/16/2023,DEC,IL,AGL,CE,Federal Contract Tower,6,0,2,0,8,0,0,0,0,0,6,0,2,0,8,0,0,0,8
01/17/2023,DEC,IL,AGL,CE,Federal Contract Tower,4,3,0,1,8,0,0,5,17,22,4,3,5,18,30,0,14,14,44
01/18/2023,DEC,IL,AGL,CE,Federal Contract Tower,6,3,6,0,15,0,0,0,0,0,6,3,6,0,15,0,0,0,15
01/19/2023,DEC,IL,AGL,CE,Federal Contract Tower,6,6,0,0,12,0,0,6,0,6,6,6,6,0,18,7,0,7,25
01/20/2023,DEC,IL,AGL,CE,Federal Contract Tower,5,1,2,0,8,0,0,15,4,19,5,1,17,4,27,32,0,32,59
01/21/2023,DEC,IL,AGL,CE,Federal Contract Tower,4,1,2,0,7,0,0,10,0,10,4,1,12,0,17,34,0,34,51
01/22/2023,DEC,IL,AGL,CE,Federal Contract Tower,6,0,0,0,6,0,0,0,0,0,6,0,0,0,6,0,0,0,6
01/23/2023,DEC,IL,AGL,CE,Federal Contract Tower,6,0,0,0,6,0,0,13,0,13,6,0,13,0,19,23,0,23,42
01/24/2023,DEC,IL,AGL,CE,Federal Contract Tower,4,1,1,0,6,0,0,21,16,37,4,1,22,16,43,18,14,32,75
01/25/2023,DEC,IL,AGL,CE,Federal Contract Tower,6,1,1,0,8,0,0,0,0,0,6,1,1,0,8,0,0,0,8
01/26/2023,DEC,IL,AGL,CE,Federal Contract Tower,6,2,0,0,8,0,0,11,10,21,6,2,11,10,29,11,4,15,44
01/27/2023,DEC,IL,AGL,CE,Federal Contract Tower,6,0,3,0,9,0,0,21,14,35,6,0,24,14,44,35,16,51,95
01/28/2023,DEC,IL,AGL,CE,Federal Contract Tower,4,0,2,0,6,0,0,21,0,21,4,0,23,0,27,38,0,38,65
01/29/2023,DEC,IL,AGL,CE,Federal Contract Tower,8,0,0,0,8,0,0,0,0,0,8,0,0,0,8,0,0,0,8
01/30/2023,DEC,IL,AGL,CE,Federal Contract Tower,3,4,0,0,7,0,0,10,2,12,3,4,10,2,19,9,4,13,32
01/31/2023,DEC,IL,AGL,CE,Federal Contract Tower,5,0,2,2,9,0,0,22,10,32,5,0,24,12,41,25,20,45,86
02/01/2023,DEC,IL,AGL,CE,Federal Contract Tower,5,3,2,0,10,0,0,12,10,22,5,3,14,10,32,20,8,28,60
02/02/2023,DEC,IL,AGL,CE,Federal Contract Tower,7,6,1,0,14,0,0,16,6,22,7,6,17,6,36,18,6,24,60
02/03/2023,DEC,IL,AGL,CE,Federal Contract Tower,6,1,0,0,7,0,0,27,16,43,6,1,27,16,50,16,34,50,100
02/04/2023,DEC,IL,AGL,CE,Federal Contract Tower,3,1,0,0,4,0,0,18,16,34,3,1,18,16,38,22,36,58,96
02/05/2023,DEC,IL,AGL,CE,Federal Contract Tower,6,0,0,0,6,0,0,15,13,28,6,0,15,13,34,22,44,66,100
02/06/2023,DEC,IL,AGL,CE,Federal Contract Tower,6,2,4,0,12,0,0,4,0,4,6,2,8,0,16,12,0,12,28
02/07/2023,DEC,IL,AGL,CE,Federal Contract Tower,4,5,2,0,11,0,0,17,7,24,4,5,19,7,35,22,8,30,65
02/08/2023,DEC,IL,AGL,CE,Federal Contract Tower,6,1,0,2,9,0,0,11,2,13,6,1,11,4,22,22,4,26,48
02/09/2023,DEC,IL,AGL,CE,Federal Contract Tower,5,1,0,2,8,0,0,6,9,15,5,1,6,11,23,8,0,8,31
02/10/2023,DEC,IL,AGL,CE,Federal Contract Tower,6,4,4,0,14,0,0,24,48,72,6,4,28,48,86,26,0,26,112
02/11/2023,DEC,IL,AGL,CE,Federal Contract Tower,4,1,4,0,9,0,0,32,0,32,4,1,36,0,41,86,0,86,127
02/12/2023,DEC,IL,AGL,CE,Federal Contract Tower,6,0,2,0,8,0,0,38,0,38,6,0,40,0,46,92,0,92,138
02/13/2023,DEC,IL,AGL,CE,Federal Contract Tower,6,0,2,0,8,0,0,17,5,22,6,0,19,5,30,34,0,34,64
02/14/2023,DEC,IL,AGL,CE,Federal Contract Tower,4,1,1,0,6,0,0,4,4,8,4,1,5,4,14,0,6,6,20
02/15/2023,DEC,IL,AGL,CE,Federal Contract Tower,6,3,1,5,15,0,0,5,5,10,6,3,6,10,25,0,28,28,53
02/16/2023,DEC,IL,AGL,CE,Federal Contract Tower,1,4,0,0,5,0,0,0,0,0,1,4,0,0,5,0,0,0,5
02/17/2023,DEC,IL,AGL,CE,Federal Contract Tower,6,5,3,0,14,0,0,22,0,22,6,5,25,0,36,20,0,20,56
02/18/2023,DEC,IL,AGL,CE,Federal Contract Tower,4,1,2,0,7,0,1,22,0,23,4,2,24,0,30,35,0,35,65
02/19/2023,DEC,IL,AGL,CE,Federal Contract Tower,6,0,2,0,8,0,0,15,0,15,6,0,17,0,23,25,0,25,48
02/20/2023,DEC,IL,AGL,CE,Federal Contract Tower,8,0,2,0,10,0,0,38,0,38,8,0,40,0,48,69,0,69,117
02/21/2023,DEC,IL,AGL,CE,Federal Contract Tower,4,1,4,8,17,0,0,22,12,34,4,1,26,20,51,31,25,56,107
02/22/2023,DEC,IL,AGL,CE,Federal Contract Tower,6,1,2,0,9,0,0,0,0,0,6,1,2,0,9,0,0,0,9
02/23/2023,DEC,IL,AGL,CE,Federal Contract Tower,6,1,3,4,14,0,0,15,10,25,6,1,18,14,39,18,4,22,61
02/24/2023,DEC,IL,AGL,CE,Federal Contract Tower,6,2,3,1,12,0,0,15,1,16,6,2,18,2,28,30,0,30,58
02/25/2023,DEC,IL,AGL,CE,Federal Contract Tower,4,1,3,0,8,0,0,13,0,13,4,1,16,0,21,42,0,42,63
02/26/2023,DEC,IL,AGL,CE,Federal Contract Tower,6,0,1,0,7,0,0,34,0,34,6,0,35,0,41,70,0,70,111
02/27/2023,DEC,IL,AGL,CE,Federal Contract Tower,8,0,0,4,12,0,0,8,0,8,8,0,8,4,20,11,0,11,31
02/28/2023,DEC,IL,AGL,CE,Federal Contract Tower,4,6,6,5,21,0,0,14,14,28,4,6,20,19,49,27,12,39,88
03/01/2023,DEC,IL,AGL,CE,Federal Contract Tower,6,2,7,0,15,0,0,27,3,30,6,2,34,3,45,12,6,18,63
03/02/2023,DEC,IL,AGL,CE,Federal Contract Tower,6,1,10,4,21,0,0,22,13,35,6,1,32,17,56,22,7,29,85
03/03/2023,DEC,IL,AGL,CE,Federal Contract Tower,6,1,1,0,8,0,0,6,0,6,6,1,7,0,14,4,0,4,18
03/04/2023,DEC,IL,AGL,CE,Federal Contract Tower,4,2,8,0,14,0,0,37,4,41,4,2,45,4,55,14,0,14,69
03/05/2023,DEC,IL,AGL,CE,Federal Contract Tower,6,2,2,0,10,0,0,23,2,25,6,2,25,2,35,8,20,28,63
03/06/2023,DEC,IL,AGL,CE,Federal Contract Tower,5,0,9,0,14,0,0,11,1,12,5,0,20,1,26,3,0,3,29
03/07/2023,DEC,IL,AGL,CE,Federal Contract Tower,4,8,1,0,13,0,0,18,15,33,4,8,19,15,46,18,8,26,72
03/08/2023,DEC,IL,AGL,CE,Federal Contract Tower,5,2,0,2,9,0,0,27,4,31,5,2,27,6,40,0,0,0,40
03/09/2023,DEC,IL,AGL,CE,Federal Contract Tower,5,0,0,3,8,0,0,12,4,16,5,0,12,7,24,16,10,26,50
03/10/2023,DEC,IL,AGL,CE,Federal Contract Tower,6,1,0,0,7,0,0,9,4,13,6,1,9,4,20,22,0,22,42
03/11/2023,DEC,IL,AGL,CE,Federal Contract Tower,4,1,5,0,10,0,0,9,3,12,4,1,14,3,22,14,0,14,36
03/12/2023,DEC,IL,AGL,CE,Federal Contract Tower,6,0,1,2,9,0,0,0,0,0,6,0,1,2,9,0,0,0,9
03/13/2023,DEC,IL,AGL,CE,Federal Contract Tower,6,0,0,0,6,0,0,2,0,2,6,0,2,0,8,0,0,0,8
03/14/2023,DEC,IL,AGL,CE,Federal Contract Tower,4,1,1,3,9,0,0,27,7,34,4,1,28,10,43,35,0,35,78
03/15/2023,DEC,IL,AGL,CE,Federal Contract Tower,6,3,2,1,12,0,0,28,6,34,6,3,30,7,46,12,0,12,58
03/16/2023,DEC,IL,AGL,CE,Federal Contract Tower,6,0,7,1,14,0,0,9,6,15,6,0,16,7,29,16,20,36,65
03/17/2023,DEC,IL,AGL,CE,Federal Contract Tower,6,1,1,2,10,0,0,12,0,12,6,1,13,2,22,24,0,24,46
03/18/2023,DEC,IL,AGL,CE,Federal Contract Tower,4,0,1,0,5,0,0,3,0,3,4,0,4,0,8,7,0,7,15
03/19/2023,DEC,IL,AGL,CE,Federal Contract Tower,6,0,5,0,11,0,0,24,0,24,6,0,29,0,35,24,0,24,59
03/20/2023,DEC,IL,AGL,CE,Federal Contract Tower,6,1,6,1,14,0,0,7,2,9,6,1,13,3,23,10,0,10,33
03/21/2023,DEC,IL,AGL,CE,Federal Contract Tower,4,3,1,2,10,0,0,7,7,14,4,3,8,9,24,6,44,50,74
03/22/2023,DEC,IL,AGL,CE,Federal Contract Tower,6,2,0,1,9,0,0,0,0,0,6,2,0,1,9,0,0,0,9
03/23/2023,DEC,IL,AGL,CE,Federal Contract Tower,6,1,3,2,12,0,0,0,21,21,6,1,3,23,33,0,52,52,85
03/24/2023,DEC,IL,AGL,CE,Federal Contract Tower,5,1,4,0,10,0,0,0,0,0,5,1,4,0,10,0,0,0,10
03/25/2023,DEC,IL,AGL,CE,Federal Contract Tower,4,1,4,0,9,0,0,0,0,0,4,1,4,0,9,0,0,0,9
03/26/2023,DEC,IL,AGL,CE,Federal Contract Tower,6,0,5,2,13,0,0,19,0,19,6,0,24,2,32,12,0,12,44
03/27/2023,DEC,IL,AGL,CE,Federal Contract Tower,6,0,3,3,12,0,0,13,1,14,6,0,16,4,26,15,3,18,44
03/28/2023,DEC,IL,AGL,CE,Federal Contract Tower,4,1,2,2,9,0,0,33,13,46,4,1,35,15,55,10,18,28,83
03/29/2023,DEC,IL,AGL,CE,Federal Contract Tower,6,1,1,0,8,0,0,29,14,43,6,1,30,14,51,41,24,65,116
03/30/2023,DEC,IL,AGL,CE,Federal Contract Tower,6,0,1,2,9,0,0,31,15,46,6,0,32,17,55,22,46,68,123
03/31/2023,DEC,IL,AGL,CE,Federal Contract Tower,2,1,0,0,3,0,0,6,0,6,2,1,6,0,9,0,0,0,9
04/01/2023,DEC,IL,AGL,CE,Federal Contract Tower,2,3,2,0,7,0,0,0,0,0,2,3,2,0,7,0,0,0,7
04/02/2023,DEC,IL,AGL,CE,Federal Contract Tower,6,0,4,0,10,0,0,26,0,26,6,0,30,0,36,26,0,26,62
04/03/2023,DEC,IL,AGL,CE,Federal Contract Tower,6,0,1,2,9,0,0,20,0,20,6,0,21,2,29,10,0,10,39
04/04/2023,DEC,IL,AGL,CE,Federal Contract Tower,2,5,5,0,12,0,0,0,8,8,2,5,5,8,20,0,40,40,60
04/05/2023,DEC,IL,AGL,CE,Federal Contract Tower,6,2,0,0,8,0,0,8,0,8,6,2,8,0,16,28,0,28,44
04/06/2023,DEC,IL,AGL,CE,Federal Contract Tower,7,2,6,0,15,0,0,30,11,41,7,2,36,11,56,51,20,71,127
04/07/2023,DEC,IL,AGL,CE,Federal Contract Tower,6,2,3,0,11,0,0,18,2,20,6,2,21,2,31,12,0,12,43
04/08/2023,DEC,IL,AGL,CE,Federal Contract Tower,4,0,3,0,7,0,0,31,0,31,4,0,34,0,38,14,0,14,52
04/09/2023,DEC,IL,AGL,CE,Federal Contract Tower,6,2,3,0,11,0,0,23,0,23,6,2,26,0,34,12,0,12,46
04/10/2023,DEC,IL,AGL,CE,Federal Contract Tower,6,3,1,0,10,0,0,27,0,27,6,3,28,0,37,6,0,6,43
04/11/2023,DEC,IL,AGL,CE,Federal Contract Tower,4,5,6,0,15,0,0,19,11,30,4,5,25,11,45,8,0,8,53
04/12/2023,DEC,IL,AGL,CE,Federal Contract Tower,6,3,5,0,14,0,0,32,11,43,6,3,37,11,57,36,48,84,141
04/13/2023,DEC,IL,AGL,CE,Federal Contract Tower,5,2,4,1,12,0,0,45,16,61,5,2,49,17,73,65,22,87,160
04/14/2023,DEC,IL,AGL,CE,Federal Contract Tower,5,1,1,2,9,0,0,28,17,45,5,1,29,19,54,24,54,78,132
04/15/2023,DEC,IL,AGL,CE,Federal Contract Tower,5,1,1,0,7,0,0,39,0,39,5,1,40,0,46,49,0,49,95
04/16/2023,DEC,IL,AGL,CE,Federal Contract Tower,6,1,1,0,8,0,0,9,0,9,6,1,10,0,17,13,0,13,30
04/17/2023,DEC,IL,AGL,CE,Federal Contract Tower,6,0,1,0,7,0,0,9,0,9,6,0,10,0,16,8,0,8,24
04/18/2023,DEC,IL,AGL,CE,Federal Contract Tower,3,4,4,3,14,0,0,35,24,59,3,4,39,27,73,18,52,70,143
04/19/2023,DEC,IL,AGL,CE,Federal Contract Tower,6,1,4,2,13,0,0,19,13,32,6,1,23,15,45,10,84,94,139
04/20/2023,DEC,IL,AGL,CE,Federal Contract Tower,4,2,4,2,12,0,0,17,13,30,4,2,21,15,42,18,17,35,77
04/21/2023,DEC,IL,AGL,CE,Federal Contract Tower,5,0,5,2,12,0,0,16,14,30,5,0,21,16,42,32,0,32,74
04/22/2023,DEC,IL,AGL,CE,Federal Contract Tower,4,3,5,0,12,0,0,8,3,11,4,3,13,3,23,18,0,18,41
04/23/2023,DEC,IL,AGL,CE,Federal Contract Tower,6,4,3,0,13,0,0,16,0,16,6,4,19,0,29,36,0,36,65
04/24/2023,DEC,IL,AGL,CE,Federal Contract Tower,6,2,5,2,15,0,0,34,0,34,6,2,39,2,49,38,0,38,87
04/25/2023,DEC,IL,AGL,CE,Federal Contract Tower,4,1,0,0,5,0,0,9,5,14,4,1,9,5,19,6,26,32,51
04/26/2023,DEC,IL,AGL,CE,Federal Contract Tower,6,2,2,3,13,0,0,21,14,35,6,2,23,17,48,36,10,46,94
04/27/2023,DEC,IL,AGL,CE,Federal Contract Tower,5,1,9,1,16,0,0,33,19,52,5,1,42,20,68,39,12,51,119
04/28/2023,DEC,IL,AGL,CE,Federal Contract Tower,5,3,6,1,15,0,4,25,11,40,5,7,31,12,55,40,12,52,107
04/29/2023,DEC,IL,AGL,CE,Federal Contract Tower,4,1,1,0,6,0,0,13,0,13,4,1,14,0,19,28,0,28,47
04/30/2023,DEC,IL,AGL,CE,Federal Contract Tower,6,0,3,0,9,0,0,5,0,5,6,0,8,0,14,6,0,6,20
05/01/2023,DEC,IL,AGL,CE,Federal Contract Tower,6,2,0,0,8,0,0,2,0,2,6,2,2,0,10,0,0,0,10
05/02/2023,DEC,IL,AGL,CE,Federal Contract Tower,4,1,1,6,12,0,0,17,4,21,4,1,18,10,33,18,6,24,57
05/03/2023,DEC,IL,AGL,CE,Federal Contract Tower,6,1,2,1,10,0,0,35,0,35,6,1,37,1,45,30,0,30,75
05/04/2023,DEC,IL,AGL,CE,Federal Contract Tower,5,1,3,6,15,0,0,32,0,32,5,1,35,6,47,47,0,47,94
05/05/2023,DEC,IL,AGL,CE,Federal Contract Tower,5,2,1,4,12,0,0,33,12,45,5,2,34,16,57,14,46,60,117
05/06/2023,DEC,IL,AGL,CE,Federal Contract Tower,4,5,0,0,9,0,0,7,6,13,4,5,7,6,22,38,0,38,60
05/07/2023,DEC,IL,AGL,CE,Federal Contract Tower,6,3,2,0,11,0,0,5,0,5,6,3,7,0,16,0,0,0,16
05/08/2023,DEC,IL,AGL,CE,Federal Contract Tower,6,2,4,4,16,0,0,2,4,6,6,2,6,8,22,0,5,5,27
05/09/2023,DEC,IL,AGL,CE,Federal Contract Tower,5,6,9,4,24,0,0,40,4,44,5,6,49,8,68,48,0,48,116
05/10/2023,DEC,IL,AGL,CE,Federal Contract Tower,7,3,4,0,14,0,0,24,2,26,7,3,28,2,40,13,0,13,53
05/11/2023,DEC,IL,AGL,CE,Federal Contract Tower,3,1,0,4,8,0,0,42,11,53,3,1,42,15,61,51,0,51,112
05/12/2023,DEC,IL,AGL,CE,Federal Contract Tower,5,1,10,3,19,0,0,18,0,18,5,1,28,3,37,16,0,16,53
05/13/2023,DEC,IL,AGL,CE,Federal Contract Tower,4,0,6,0,10,0,0,12,0,12,4,0,18,0,22,28,0,28,50
05/14/2023,DEC,IL,AGL,CE,Federal Contract Tower,6,1,8,0,15,0,0,4,1,5,6,1,12,1,20,4,6,10,30
05/15/2023,DEC,IL,AGL,CE,Federal Contract Tower,5,4,5,6,20,0,0,28,0,28,5,4,33,6,48,30,0,30,78
05/17/2023,DEC,IL,AGL,CE,Federal Contract Tower,6,6,4,0,16,0,0,51,5,56,6,6,55,5,72,61,4,65,137
05/18/2023,DEC,IL,AGL,CE,Federal Contract Tower,6,2,7,2,17,0,0,47,15,62,6,2,54,17,79,49,34,83,162
05/19/2023,DEC,IL,AGL,CE,Federal Contract Tower,6,5,3,3,17,0,0,17,8,25,6,5,20,11,42,19,10,29,71
05/20/2023,DEC,IL,AGL,CE,Federal Contract Tower,4,2,4,0,10,0,0,33,15,48,4,2,37,15,58,30,28,58,116
05/21/2023,DEC,IL,AGL,CE,Federal Contract Tower,6,6,9,0,21,0,0,47,6,53,6,6,56,6,74,32,0,32,106
05/22/2023,DEC,IL,AGL,CE,Federal Contract Tower,6,5,6,2,19,0,0,27,2,29,6,5,33,4,48,56,0,56,104
05/23/2023,DEC,IL,AGL,CE,Federal Contract Tower,4,5,1,9,19,0,0,56,9,65,4,5,57,18,84,56,24,80,164
05/24/2023,DEC,IL,AGL,CE,Federal Contract Tower,6,8,6,10,30,0,0,45,3,48,6,8,51,13,78,106,8,114,192
05/25/2023,DEC,IL,AGL,CE,Federal Contract Tower,6,4,2,3,15,0,0,28,17,45,6,4,30,20,60,40,32,72,132
05/26/2023,DEC,IL,AGL,CE,Federal Contract Tower,5,2,5,0,12,0,0,21,0,21,5,2,26,0,33,22,0,22,55
05/27/2023,DEC,IL,AGL,CE,Federal Contract Tower,4,1,2,0,7,0,0,12,0,12,4,1,14,0,19,0,0,0,19
05/28/2023,DEC,IL,AGL,CE,Federal Contract Tower,6,3,3,0,12,0,0,11,0,11,6,3,14,0,23,12,0,12,35
05/29/2023,DEC,IL,AGL,CE,Federal Contract Tower,5,2,0,0,7,0,0,22,0,22,5,2,22,0,29,32,0,32,61
05/30/2023,DEC,IL,AGL,CE,Federal Contract Tower,4,6,6,1,17,0,0,33,10,43,4,6,39,11,60,36,8,44,104
05/31/2023,DEC,IL,AGL,CE,Federal Contract Tower,6,1,4,0,11,0,0,38,4,42,6,1,42,4,53,95,30,125,178
06/01/2023,DEC,IL,AGL,CE,Federal Contract Tower,4,2,7,2,15,0,0,34,11,45,4,2,41,13,60,51,34,85,145
06/02/2023,DEC,IL,AGL,CE,Federal Contract Tower,6,2,4,4,16,0,0,33,2,35,6,2,37,6,51,60,0,60,111
06/03/2023,DEC,IL,AGL,CE,Federal Contract Tower,5,1,13,0,19,0,0,100,12,112,5,1,113,12,131,92,8,100,231
06/04/2023,DEC,IL,AGL,CE,Federal Contract Tower,5,0,4,4,13,0,0,24,7,31,5,0,28,11,44,30,4,34,78
06/05/2023,DEC,IL,AGL,CE,Federal Contract Tower,7,1,3,2,13,0,0,11,4,15,7,1,14,6,28,14,0,14,42
06/06/2023,DEC,IL,AGL,CE,Federal Contract Tower,4,2,0,2,8,0,0,26,8,34,4,2,26,10,42,56,14,70,112
06/07/2023,DEC,IL,AGL,CE,Federal Contract Tower,6,3,1,2,12,0,0,19,11,30,6,3,20,13,42,32,12,44,86
06/08/2023,DEC,IL,AGL,CE,Federal Contract Tower,6,1,3,0,10,0,0,51,11,62,6,1,54,11,72,110,4,114,186
06/09/2023,DEC,IL,AGL,CE,Federal Contract Tower,6,3,3,0,12,0,0,27,11,38,6,3,30,11,50,26,0,26,76
06/10/2023,DEC,IL,AGL,CE,Federal Contract Tower,4,1,1,0,6,0,0,24,11,35,4,1,25,11,41,4,10,14,55
06/11/2023,DEC,IL,AGL,CE,Federal Contract Tower,6,0,3,0,9,0,0,0,0,0,6,0,3,0,9,0,0,0,9
06/12/2023,DEC,IL,AGL,CE,Federal Contract Tower,5,4,2,11,22,0,0,11,5,16,5,4,13,16,38,32,8,40,78
06/13/2023,DEC,IL,AGL,CE,Federal Contract Tower,4,4,1,0,9,0,0,16,15,31,4,4,17,15,40,22,0,22,62
06/14/2023,DEC,IL,AGL,CE,Federal Contract Tower,6,4,5,3,18,0,0,37,9,46,6,4,42,12,64,32,26,58,122
06/15/2023,DEC,IL,AGL,CE,Federal Contract Tower,6,1,5,6,18,0,0,28,25,53,6,1,33,31,71,36,34,70,141
06/16/2023,DEC,IL,AGL,CE,Federal Contract Tower,4,1,1,2,8,0,0,16,7,23,4,1,17,9,31,20,20,40,71
06/17/2023,DEC,IL,AGL,CE,Federal Contract Tower,4,1,2,0,7,0,0,23,0,23,4,1,25,0,30,42,0,42,72
06/18/2023,DEC,IL,AGL,CE,Federal Contract Tower,6,0,0,0,6,0,0,6,0,6,6,0,6,0,12,0,0,0,12
06/19/2023,DEC,IL,AGL,CE,Federal Contract Tower,6,0,1,0,7,0,0,27,2,29,6,0,28,2,36,74,0,74,110
06/20/2023,DEC,IL,AGL,CE,Federal Contract Tower,4,2,6,0,12,0,0,42,1,43,4,2,48,1,55,67,4,71,126
06/21/2023,DEC,IL,AGL,CE,Federal Contract Tower,6,3,4,0,13,0,0,33,5,38,6,3,37,5,51,43,4,47,98
06/22/2023,DEC,IL,AGL,CE,Federal Contract Tower,6,7,7,0,20,0,0,37,20,57,6,7,44,20,77,44,31,75,152
06/23/2023,DEC,IL,AGL,CE,Federal Contract Tower,6,5,10,0,21,0,0,36,2,38,6,5,46,2,59,74,3,77,136
06/24/2023,DEC,IL,AGL,CE,Federal Contract Tower,4,3,0,0,7,0,0,15,0,15,4,3,15,0,22,35,0,35,57
06/25/2023,DEC,IL,AGL,CE,Federal Contract Tower,6,0,1,0,7,0,0,5,1,6,6,0,6,1,13,0,0,0,13
06/26/2023,DEC,IL,AGL,CE,Federal Contract Tower,4,0,6,0,10,0,0,27,0,27,4,0,33,0,37,41,0,41,78
06/27/2023,DEC,IL,AGL,CE,Federal Contract Tower,4,1,5,1,11,0,0,24,10,34,4,1,29,11,45,19,0,19,64
06/28/2023,DEC,IL,AGL,CE,Federal Contract Tower,6,1,5,1,13,0,0,0,0,0,6,1,5,1,13,0,0,0,13
06/29/2023,DEC,IL,AGL,CE,Federal Contract Tower,4,1,2,1,8,0,0,20,1,21,4,1,22,2,29,16,0,16,45
06/30/2023,DEC,IL,AGL,CE,Federal Contract Tower,4,1,4,0,9,0,0,32,0,32,4,1,36,0,41,38,0,38,79
07/01/2023,DEC,IL,AGL,CE,Federal Contract Tower,2,2,5,8,17,0,0,13,0,13,2,2,18,8,30,17,0,17,47
07/03/2023,DEC,IL,AGL,CE,Federal Contract Tower,6,0,0,0,6,0,0,40,0,40,6,0,40,0,46,71,0,71,117
07/04/2023,DEC,IL,AGL,CE,Federal Contract Tower,4,0,3,0,7,0,0,18,0,18,4,0,21,0,25,22,0,22,47
07/05/2023,DEC,IL,AGL,CE,Federal Contract Tower,4,2,6,2,14,0,0,34,0,34,4,2,40,2,48,41,0,41,89
07/06/2023,DEC,IL,AGL,CE,Federal Contract Tower,6,2,3,1,12,0,0,52,10,62,6,2,55,11,74,38,0,38,112
07/07/2023,DEC,IL,AGL,CE,Federal Contract Tower,8,1,2,2,13,0,0,129,4,133,8,1,131,6,146,30,10,40,186
07/08/2023,DEC,IL,AGL,CE,Federal Contract Tower,4,1,4,1,10,0,0,79,0,79,4,1,83,1,89,10,0,10,99
07/09/2023,DEC,IL,AGL,CE,Federal Contract Tower,5,0,2,0,7,0,0,108,1,109,5,0,110,1,116,28,0,28,144
07/10/2023,DEC,IL,AGL,CE,Federal Contract Tower,6,0,1,0,7,0,0,166,0,166,6,0,167,0,173,76,0,76,249
07/11/2023,DEC,IL,AGL,CE,Federal Contract Tower,5,1,3,2,11,0,0,192,11,203,5,1,195,13,214,63,24,87,301
07/12/2023,DEC,IL,AGL,CE,Federal Contract Tower,4,1,3,0,8,0,0,122,2,124,4,1,125,2,132,18,0,18,150
07/13/2023,DEC,IL,AGL,CE,Federal Contract Tower,6,1,3,0,10,0,0,136,6,142,6,1,139,6,152,21,0,21,173
07/14/2023,DEC,IL,AGL,CE,Federal Contract Tower,6,4,7,0,17,0,0,138,12,150,6,4,145,12,167,14,40,54,221
07/15/2023,DEC,IL,AGL,CE,Federal Contract Tower,4,4,0,0,8,0,0,103,19,122,4,4,103,19,130,27,18,45,175
07/16/2023,DEC,IL,AGL,CE,Federal Contract Tower,6,2,2,0,10,0,0,37,4,41,6,2,39,4,51,27,0,27,78
07/17/2023,DEC,IL,AGL,CE,Federal Contract Tower,6,0,2,2,10,0,0,149,9,158,6,0,151,11,168,43,0,43,211
07/18/2023,DEC,IL,AGL,CE,Federal Contract Tower,2,2,4,2,10,0,0,121,2,123,2,2,125,4,133,38,0,38,171
07/19/2023,DEC,IL,AGL,CE,Federal Contract Tower,5,1,2,0,8,0,0,117,6,123,5,1,119,6,131,32,0,32,163
07/20/2023,DEC,IL,AGL,CE,Federal Contract Tower,8,1,4,0,13,0,0,44,3,47,8,1,48,3,60,16,0,16,76
07/21/2023,DEC,IL,AGL,CE,Federal Contract Tower,6,4,1,0,11,0,0,106,1,107,6,4,107,1,118,42,0,42,160
07/22/2023,DEC,IL,AGL,CE,Federal Contract Tower,3,3,7,0,13,0,0,126,0,126,3,3,133,0,139,24,0,24,163
07/23/2023,DEC,IL,AGL,CE,Federal Contract Tower,9,0,1,0,10,0,0,101,0,101,9,0,102,0,111,24,0,24,135
07/24/2023,DEC,IL,AGL,CE,Federal Contract Tower,6,2,0,0,8,0,0,114,0,114,6,2,114,0,122,50,0,50,172
07/25/2023,DEC,IL,AGL,CE,Federal Contract Tower,4,1,8,7,20,0,0,72,14,86,4,1,80,21,106,0,28,28,134
07/26/2023,DEC,IL,AGL,CE,Federal Contract Tower,5,5,2,4,16,0,0,12,0,12,5,5,14,4,28,17,6,23,51
07/27/2023,DEC,IL,AGL,CE,Federal Contract Tower,6,7,9,7,29,0,0,76,1,77,6,7,85,8,106,26,11,37,143
07/28/2023,DEC,IL,AGL,CE,Federal Contract Tower,6,1,5,0,12,0,0,55,0,55,6,1,60,0,67,26,0,26,93
07/29/2023,DEC,IL,AGL,CE,Federal Contract Tower,4,5,3,0,12,0,0,64,0,64,4,5,67,0,76,15,0,15,91
07/30/2023,DEC,IL,AGL,CE,Federal Contract Tower,6,2,3,0,11,0,0,65,0,65,6,2,68,0,76,36,0,36,112
07/31/2023,DEC,IL,AGL,CE,Federal Contract Tower,6,1,2,4,13,0,0,84,7,91,6,1,86,11,104,59,6,65,169
08/01/2023,DEC,IL,AGL,CE,Federal Contract Tower,7,9,4,0,20,0,0,26,10,36,7,9,30,10,56,32,22,54,110
08/02/2023,DEC,IL,AGL,CE,Federal Contract Tower,6,1,4,0,11,0,0,22,2,24,6,1,26,2,35,25,0,25,60
08/03/2023,DEC,IL,AGL,CE,Federal Contract Tower,7,5,11,1,24,0,0,25,14,39,7,5,36,15,63,40,20,60,123
08/04/2023,DEC,IL,AGL,CE,Federal Contract Tower,6,2,5,0,13,0,0,30,6,36,6,2,35,6,49,20,0,20,69
08/05/2023,DEC,IL,AGL,CE,Federal Contract Tower,3,1,1,0,5,0,0,10,0,10,3,1,11,0,15,25,0,25,40
08/06/2023,DEC,IL,AGL,CE,Federal Contract Tower,7,3,0,0,10,0,0,17,2,19,7,3,17,2,29,28,0,28,57
08/07/2023,DEC,IL,AGL,CE,Federal Contract Tower,5,2,4,0,11,0,0,24,0,24,5,2,28,0,35,34,0,34,69
08/08/2023,DEC,IL,AGL,CE,Federal Contract Tower,4,1,2,0,7,0,0,26,3,29,4,1,28,3,36,30,0,30,66
08/09/2023,DEC,IL,AGL,CE,Federal Contract Tower,6,1,3,0,10,0,0,23,10,33,6,1,26,10,43,47,32,79,122
08/10/2023,DEC,IL,AGL,CE,Federal Contract Tower,6,3,2,1,12,0,0,49,3,52,6,3,51,4,64,67,3,70,134
08/11/2023,DEC,IL,AGL,CE,Federal Contract Tower,6,1,1,0,8,0,0,24,2,26,6,1,25,2,34,18,3,21,55
08/12/2023,DEC,IL,AGL,CE,Federal Contract Tower,4,1,4,0,9,0,0,42,0,42,4,1,46,0,51,66,0,66,117
08/13/2023,DEC,IL,AGL,CE,Federal Contract Tower,6,0,9,0,15,0,0,24,0,24,6,0,33,0,39,36,0,36,75
08/15/2023,DEC,IL,AGL,CE,Federal Contract Tower,4,2,4,1,11,0,0,45,16,61,4,2,49,17,72,58,20,78,150
08/16/2023,DEC,IL,AGL,CE,Federal Contract Tower,6,1,0,2,9,0,0,64,3,67,6,1,64,5,76,58,3,61,137
08/17/2023,DEC,IL,AGL,CE,Federal Contract Tower,5,1,1,0,7,0,0,27,10,37,5,1,28,10,44,28,19,47,91
08/18/2023,DEC,IL,AGL,CE,Federal Contract Tower,6,5,4,0,15,0,0,74,4,78,6,5,78,4,93,28,2,30,123
08/19/2023,DEC,IL,AGL,CE,Federal Contract Tower,4,1,4,0,9,0,0,24,0,24,4,1,28,0,33,37,0,37,70
08/20/2023,DEC,IL,AGL,CE,Federal Contract Tower,7,1,2,0,10,0,0,32,0,32,7,1,34,0,42,36,0,36,78
08/21/2023,DEC,IL,AGL,CE,Federal Contract Tower,6,2,7,4,19,0,0,42,1,43,6,2,49,5,62,51,6,57,119
08/22/2023,DEC,IL,AGL,CE,Federal Contract Tower,4,3,2,2,11,0,0,51,3,54,4,3,53,5,65,42,10,52,117
08/23/2023,DEC,IL,AGL,CE,Federal Contract Tower,5,1,1,9,16,0,0,32,5,37,5,1,33,14,53,32,18,50,103
08/24/2023,DEC,IL,AGL,CE,Federal Contract Tower,5,1,5,0,11,0,0,25,8,33,5,1,30,8,44,29,9,38,82
08/25/2023,DEC,IL,AGL,CE,Federal Contract Tower,5,2,3,0,10,0,0,22,8,30,5,2,25,8,40,6,0,6,46
08/26/2023,DEC,IL,AGL,CE,Federal Contract Tower,5,2,1,0,8,0,0,24,6,30,5,2,25,6,38,19,4,23,61
08/27/2023,DEC,IL,AGL,CE,Federal Contract Tower,6,1,12,1,20,0,0,21,9,30,6,1,33,10,50,54,0,54,104
08/28/2023,DEC,IL,AGL,CE,Federal Contract Tower,6,7,13,6,32,0,0,80,6,86,6,7,93,12,118,106,12,118,236
08/29/2023,DEC,IL,AGL,CE,Federal Contract Tower,4,15,29,0,48,0,0,93,10,103,4,15,122,10,151,16,0,16,167
08/30/2023,DEC,IL,AGL,CE,Federal Contract Tower,5,13,36,0,54,0,0,89,5,94,5,13,125,5,148,16,0,16,164
08/31/2023,DEC,IL,AGL,CE,Federal Contract Tower,7,5,33,0,45,0,0,104,10,114,7,5,137,10,159,42,0,42,201
