01/01/2020,DEN,CO,ANM,WE,Towers with Radar,1266,374,11,0,1651,0,2,3,0,5,1266,376,14,0,1656,0,0,0,1656
01/02/2020,DEN,CO,ANM,WE,Towers with Radar,1403,495,16,0,1914,0,1,1,0,2,1403,496,17,0,1916,0,0,0,1916
01/03/2020,DEN,CO,ANM,WE,Towers with Radar,1378,478,13,0,1869,0,1,1,0,2,1378,479,14,0,1871,0,0,0,1871
01/04/2020,DEN,CO,ANM,WE,Towers with Radar,1181,434,13,0,1628,0,0,0,0,0,1181,434,13,0,1628,0,0,0,1628
01/05/2020,DEN,CO,ANM,WE,Towers with Radar,1341,428,14,0,1783,0,2,2,0,4,1341,430,16,0,1787,0,0,0,1787
01/06/2020,DEN,CO,ANM,WE,Towers with Radar,1402,450,11,0,1863,0,2,2,0,4,1402,452,13,0,1867,0,0,0,1867
01/07/2020,DEN,CO,ANM,WE,Towers with Radar,1234,431,7,0,1672,0,3,0,2,5,1234,434,7,2,1677,0,0,0,1677
01/08/2020,DEN,CO,ANM,WE,Towers with Radar,1232,456,6,0,1694,0,3,2,0,5,1232,459,8,0,1699,0,0,0,1699
01/09/2020,DEN,CO,ANM,WE,Towers with Radar,1297,439,10,0,1746,0,0,0,0,0,1297,439,10,0,1746,0,0,0,1746
01/10/2020,DEN,CO,ANM,WE,Towers with Radar,1237,446,4,1,1688,1,0,0,0,1,1238,446,4,1,1689,0,0,0,1689
01/11/2020,DEN,CO,ANM,WE,Towers with Radar,1028,376,7,0,1411,0,1,0,0,1,1028,377,7,0,1412,0,0,0,1412
01/12/2020,DEN,CO,ANM,WE,Towers with Radar,1231,395,5,1,1632,0,0,0,0,0,1231,395,5,1,1632,0,0,0,1632
01/13/2020,DEN,CO,ANM,WE,Towers with Radar,1260,418,4,0,1682,0,1,0,0,1,1260,419,4,0,1683,0,0,0,1683
01/14/2020,DEN,CO,ANM,WE,Towers with Radar,1225,440,4,0,1669,0,2,4,0,6,1225,442,8,0,1675,0,0,0,1675
01/15/2020,DEN,CO,ANM,WE,Towers with Radar,1213,448,4,1,1666,0,3,24,0,27,1213,451,28,1,1693,0,0,0,1693
01/16/2020,DEN,CO,ANM,WE,Towers with Radar,1278,435,8,1,1722,0,0,17,0,17,1278,435,25,1,1739,0,0,0,1739
01/17/2020,DEN,CO,ANM,WE,Towers with Radar,1186,350,12,0,1548,0,0,4,0,4,1186,350,16,0,1552,0,0,0,1552
01/18/2020,DEN,CO,ANM,WE,Towers with Radar,1030,350,7,0,1387,0,1,1,0,2,1030,351,8,0,1389,0,0,0,1389
01/19/2020,DEN,CO,ANM,WE,Towers with Radar,1158,379,9,0,1546,0,3,0,0,3,1158,382,9,0,1549,0,0,0,1549
01/20/2020,DEN,CO,ANM,WE,Towers with Radar,1229,430,7,0,1666,0,1,0,0,1,1229,431,7,0,1667,0,0,0,1667
01/21/2020,DEN,CO,ANM,WE,Towers with Radar,1196,427,7,0,1630,0,1,0,0,1,1196,428,7,0,1631,0,0,0,1631
01/22/2020,DEN,CO,ANM,WE,Towers with Radar,1219,448,14,2,1683,0,2,2,0,4,1219,450,16,2,1687,0,0,0,1687
01/23/2020,DEN,CO,ANM,WE,Towers with Radar,1269,443,2,0,1714,0,2,0,0,2,1269,445,2,0,1716,0,0,0,1716
01/24/2020,DEN,CO,ANM,WE,Towers with Radar,1246,447,11,1,1705,0,0,0,0,0,1246,447,11,1,1705,0,0,0,1705
01/25/2020,DEN,CO,ANM,WE,Towers with Radar,1048,379,3,1,1431,0,0,6,0,6,1048,379,9,1,1437,0,0,0,1437
01/26/2020,DEN,CO,ANM,WE,Towers with Radar,1226,411,19,0,1656,0,2,0,0,2,1226,413,19,0,1658,0,0,0,1658
01/27/2020,DEN,CO,ANM,WE,Towers with Radar,1246,422,7,0,1675,0,0,2,0,2,1246,422,9,0,1677,0,0,0,1677
01/28/2020,DEN,CO,ANM,WE,Towers with Radar,1200,442,9,0,1651,0,3,0,0,3,1200,445,9,0,1654,0,0,0,1654
01/29/2020,DEN,CO,ANM,WE,Towers with Radar,1210,447,6,0,1663,0,0,0,0,0,1210,447,6,0,1663,0,0,0,1663
01/30/2020,DEN,CO,ANM,WE,Towers with Radar,1280,451,10,0,1741,0,0,0,0,0,1280,451,10,0,1741,0,0,0,1741
01/31/2020,DEN,CO,ANM,WE,Towers with Radar,1270,440,5,0,1715,0,3,1,0,4,1270,443,6,0,1719,0,0,0,1719
02/01/2020,DEN,CO,ANM,WE,Towers with Radar,1056,369,6,0,1431,0,2,1,0,3,1056,371,7,0,1434,0,0,0,1434
02/02/2020,DEN,CO,ANM,WE,Towers with Radar,1224,398,10,0,1632,0,1,0,0,1,1224,399,10,0,1633,0,0,0,1633
02/03/2020,DEN,CO,ANM,WE,Towers with Radar,1213,253,18,0,1484,0,0,0,0,0,1213,253,18,0,1484,0,0,0,1484
02/04/2020,DEN,CO,ANM,WE,Towers with Radar,1215,417,5,0,1637,0,0,0,0,0,1215,417,5,0,1637,0,0,0,1637
02/05/2020,DEN,CO,ANM,WE,Towers with Radar,1216,447,15,0,1678,0,3,0,0,3,1216,450,15,0,1681,0,0,0,1681
02/06/2020,DEN,CO,ANM,WE,Towers with Radar,1273,432,4,0,1709,0,1,2,0,3,1273,433,6,0,1712,0,0,0,1712
02/07/2020,DEN,CO,ANM,WE,Towers with Radar,1213,384,8,0,1605,0,0,0,0,0,1213,384,8,0,1605,0,0,0,1605
02/08/2020,DEN,CO,ANM,WE,Towers with Radar,1080,385,11,0,1476,0,1,0,0,1,1080,386,11,0,1477,0,0,0,1477
02/09/2020,DEN,CO,ANM,WE,Towers with Radar,1204,399,3,0,1606,0,0,2,0,2,1204,399,5,0,1608,0,0,0,1608
02/10/2020,DEN,CO,ANM,WE,Towers with Radar,1252,433,5,0,1690,0,0,0,0,0,1252,433,5,0,1690,0,0,0,1690
02/11/2020,DEN,CO,ANM,WE,Towers with Radar,1212,440,11,0,1663,0,0,0,0,0,1212,440,11,0,1663,0,0,0,1663
02/12/2020,DEN,CO,ANM,WE,Towers with Radar,1249,429,14,0,1692,0,1,0,0,1,1249,430,14,0,1693,0,0,0,1693
02/13/2020,DEN,CO,ANM,WE,Towers with Radar,1341,466,21,0,1828,0,0,1,0,1,1341,466,22,0,1829,0,0,0,1829
02/14/2020,DEN,CO,ANM,WE,Towers with Radar,1314,470,11,0,1795,0,2,0,0,2,1314,472,11,0,1797,0,0,0,1797
02/15/2020,DEN,CO,ANM,WE,Towers with Radar,1093,375,8,0,1476,0,1,0,0,1,1093,376,8,0,1477,0,0,0,1477
02/16/2020,DEN,CO,ANM,WE,Towers with Radar,1240,410,6,0,1656,0,0,0,0,0,1240,410,6,0,1656,0,0,0,1656
02/17/2020,DEN,CO,ANM,WE,Towers with Radar,1293,434,26,0,1753,0,1,1,0,2,1293,435,27,0,1755,0,0,0,1755
02/18/2020,DEN,CO,ANM,WE,Towers with Radar,1300,443,6,0,1749,0,3,4,0,7,1300,446,10,0,1756,0,0,0,1756
02/19/2020,DEN,CO,ANM,WE,Towers with Radar,1290,451,8,0,1749,0,0,16,0,16,1290,451,24,0,1765,0,0,0,1765
02/20/2020,DEN,CO,ANM,WE,Towers with Radar,1330,457,2,0,1789,0,2,8,0,10,1330,459,10,0,1799,0,0,0,1799
02/21/2020,DEN,CO,ANM,WE,Towers with Radar,1319,466,5,1,1791,0,1,7,0,8,1319,467,12,1,1799,0,0,0,1799
02/22/2020,DEN,CO,ANM,WE,Towers with Radar,1115,392,3,2,1512,0,1,0,0,1,1115,393,3,2,1513,0,0,0,1513
02/23/2020,DEN,CO,ANM,WE,Towers with Radar,1265,417,7,0,1689,0,0,0,0,0,1265,417,7,0,1689,0,0,0,1689
02/24/2020,DEN,CO,ANM,WE,Towers with Radar,1311,450,6,1,1768,0,0,0,0,0,1311,450,6,1,1768,0,0,0,1768
02/25/2020,DEN,CO,ANM,WE,Towers with Radar,1292,444,8,0,1744,0,0,0,0,0,1292,444,8,0,1744,0,0,0,1744
02/26/2020,DEN,CO,ANM,WE,Towers with Radar,1284,466,5,0,1755,0,3,4,0,7,1284,469,9,0,1762,0,0,0,1762
02/27/2020,DEN,CO,ANM,WE,Towers with Radar,1326,470,2,0,1798,0,3,0,0,3,1326,473,2,0,1801,0,0,0,1801
02/28/2020,DEN,CO,ANM,WE,Towers with Radar,1302,469,8,0,1779,0,2,2,0,4,1302,471,10,0,1783,0,0,0,1783
02/29/2020,DEN,CO,ANM,WE,Towers with Radar,1104,390,7,0,1501,0,2,4,0,6,1104,392,11,0,1507,0,0,0,1507
03/01/2020,DEN,CO,ANM,WE,Towers with Radar,1275,406,11,0,1692,0,0,1,0,1,1275,406,12,0,1693,0,0,0,1693
03/02/2020,DEN,CO,ANM,WE,Towers with Radar,1316,437,5,0,1758,0,1,2,0,3,1316,438,7,0,1761,0,0,0,1761
03/03/2020,DEN,CO,ANM,WE,Towers with Radar,1284,446,4,0,1734,0,1,3,0,4,1284,447,7,0,1738,0,0,0,1738
03/04/2020,DEN,CO,ANM,WE,Towers with Radar,1288,467,4,0,1759,0,1,0,0,1,1288,468,4,0,1760,0,0,0,1760
03/05/2020,DEN,CO,ANM,WE,Towers with Radar,1318,486,11,0,1815,0,3,0,0,3,1318,489,11,0,1818,0,0,0,1818
03/06/2020,DEN,CO,ANM,WE,Towers with Radar,1300,492,9,0,1801,0,5,2,0,7,1300,497,11,0,1808,0,0,0,1808
03/07/2020,DEN,CO,ANM,WE,Towers with Radar,1223,440,7,0,1670,0,2,1,0,3,1223,442,8,0,1673,0,0,0,1673
03/08/2020,DEN,CO,ANM,WE,Towers with Radar,1306,449,7,0,1762,0,2,0,0,2,1306,451,7,0,1764,0,0,0,1764
03/09/2020,DEN,CO,ANM,WE,Towers with Radar,1364,473,3,0,1840,0,2,0,0,2,1364,475,3,0,1842,0,0,0,1842
03/10/2020,DEN,CO,ANM,WE,Towers with Radar,1341,474,6,0,1821,0,1,0,0,1,1341,475,6,0,1822,0,0,0,1822
03/11/2020,DEN,CO,ANM,WE,Towers with Radar,1335,473,8,0,1816,0,1,3,0,4,1335,474,11,0,1820,0,0,0,1820
03/12/2020,DEN,CO,ANM,WE,Towers with Radar,1380,479,4,0,1863,0,3,0,2,5,1380,482,4,2,1868,0,0,0,1868
03/13/2020,DEN,CO,ANM,WE,Towers with Radar,1365,479,7,0,1851,0,0,0,0,0,1365,479,7,0,1851,0,0,0,1851
03/14/2020,DEN,CO,ANM,WE,Towers with Radar,1243,432,12,0,1687,0,0,0,0,0,1243,432,12,0,1687,0,0,0,1687
03/15/2020,DEN,CO,ANM,WE,Towers with Radar,1285,441,6,0,1732,0,1,0,0,1,1285,442,6,0,1733,0,0,0,1733
03/16/2020,DEN,CO,ANM,WE,Towers with Radar,1331,461,9,0,1801,0,1,2,0,3,1331,462,11,0,1804,0,0,0,1804
03/17/2020,DEN,CO,ANM,WE,Towers with Radar,1288,467,9,0,1764,0,0,0,0,0,1288,467,9,0,1764,0,0,0,1764
03/18/2020,DEN,CO,ANM,WE,Towers with Radar,1284,483,1,0,1768,0,2,0,0,2,1284,485,1,0,1770,0,0,0,1770
03/19/2020,DEN,CO,ANM,WE,Towers with Radar,578,155,0,0,733,0,0,0,0,0,578,155,0,0,733,0,0,0,733
03/20/2020,DEN,CO,ANM,WE,Towers with Radar,1104,461,6,0,1571,0,0,0,0,0,1104,461,6,0,1571,0,0,0,1571
03/21/2020,DEN,CO,ANM,WE,Towers with Radar,960,272,0,0,1232,0,1,0,0,1,960,273,0,0,1233,0,0,0,1233
03/22/2020,DEN,CO,ANM,WE,Towers with Radar,901,318,2,0,1221,0,0,0,0,0,901,318,2,0,1221,0,0,0,1221
03/23/2020,DEN,CO,ANM,WE,Towers with Radar,863,318,1,0,1182,0,0,0,0,0,863,318,1,0,1182,0,0,0,1182
03/24/2020,DEN,CO,ANM,WE,Towers with Radar,926,348,6,0,1280,0,0,3,0,3,926,348,9,0,1283,0,0,0,1283
03/25/2020,DEN,CO,ANM,WE,Towers with Radar,899,332,0,0,1231,0,0,2,0,2,899,332,2,0,1233,0,0,0,1233
03/26/2020,DEN,CO,ANM,WE,Towers with Radar,752,342,2,0,1096,0,0,0,0,0,752,342,2,0,1096,0,0,0,1096
03/27/2020,DEN,CO,ANM,WE,Towers with Radar,573,248,0,0,821,0,1,0,0,1,573,249,0,0,822,0,0,0,822
03/28/2020,DEN,CO,ANM,WE,Towers with Radar,580,229,0,0,809,0,4,0,0,4,580,233,0,0,813,0,0,0,813
03/29/2020,DEN,CO,ANM,WE,Towers with Radar,627,251,0,0,878,0,5,0,0,5,627,256,0,0,883,0,0,0,883
03/30/2020,DEN,CO,ANM,WE,Towers with Radar,575,252,0,0,827,0,1,0,0,1,575,253,0,0,828,0,0,0,828
03/31/2020,DEN,CO,ANM,WE,Towers with Radar,689,313,0,2,1004,0,3,2,0,5,689,316,2,2,1009,0,0,0,1009
04/01/2020,DEN,CO,ANM,WE,Towers with Radar,579,258,0,0,837,0,2,2,0,4,579,260,2,0,841,0,0,0,841
04/02/2020,DEN,CO,ANM,WE,Towers with Radar,462,189,0,0,651,0,0,0,0,0,462,189,0,0,651,0,0,0,651
04/03/2020,DEN,CO,ANM,WE,Towers with Radar,529,228,0,0,757,0,2,0,0,2,529,230,0,0,759,0,0,0,759
04/04/2020,DEN,CO,ANM,WE,Towers with Radar,419,164,2,0,585,0,2,0,0,2,419,166,2,0,587,0,0,0,587
04/05/2020,DEN,CO,ANM,WE,Towers with Radar,514,172,2,0,688,0,4,2,0,6,514,176,4,0,694,0,0,0,694
04/06/2020,DEN,CO,ANM,WE,Towers with Radar,583,194,0,0,777,0,2,2,0,4,583,196,2,0,781,0,0,0,781
04/07/2020,DEN,CO,ANM,WE,Towers with Radar,530,195,4,0,729,0,1,2,2,5,530,196,6,2,734,0,0,0,734
04/08/2020,DEN,CO,ANM,WE,Towers with Radar,568,233,1,0,802,0,3,1,0,4,568,236,2,0,806,0,0,0,806
04/09/2020,DEN,CO,ANM,WE,Towers with Radar,609,199,0,0,808,0,1,0,0,1,609,200,0,0,809,0,0,0,809
04/10/2020,DEN,CO,ANM,WE,Towers with Radar,617,206,3,0,826,0,1,1,0,2,617,207,4,0,828,0,0,0,828
04/11/2020,DEN,CO,ANM,WE,Towers with Radar,479,139,1,0,619,0,2,6,0,8,479,141,7,0,627,0,0,0,627
04/12/2020,DEN,CO,ANM,WE,Towers with Radar,438,97,0,0,535,0,0,0,0,0,438,97,0,0,535,0,0,0,535
04/13/2020,DEN,CO,ANM,WE,Towers with Radar,439,170,0,0,609,0,0,0,0,0,439,170,0,0,609,0,0,0,609
04/14/2020,DEN,CO,ANM,WE,Towers with Radar,518,175,0,0,693,0,3,0,0,3,518,178,0,0,696,0,0,0,696
04/15/2020,DEN,CO,ANM,WE,Towers with Radar,467,200,0,0,667,0,2,3,2,7,467,202,3,2,674,0,0,0,674
04/16/2020,DEN,CO,ANM,WE,Towers with Radar,289,179,0,0,468,0,0,0,0,0,289,179,0,0,468,0,0,0,468
04/17/2020,DEN,CO,ANM,WE,Towers with Radar,411,187,1,0,599,0,1,1,0,2,411,188,2,0,601,0,0,0,601
04/18/2020,DEN,CO,ANM,WE,Towers with Radar,364,142,2,0,508,0,0,1,0,1,364,142,3,0,509,0,0,0,509
04/19/2020,DEN,CO,ANM,WE,Towers with Radar,387,156,1,0,544,0,2,0,0,2,387,158,1,0,546,0,0,0,546
04/20/2020,DEN,CO,ANM,WE,Towers with Radar,407,176,0,0,583,0,1,0,0,1,407,177,0,0,584,0,0,0,584
04/21/2020,DEN,CO,ANM,WE,Towers with Radar,358,166,4,0,528,0,1,2,1,4,358,167,6,1,532,0,0,0,532
04/22/2020,DEN,CO,ANM,WE,Towers with Radar,346,201,0,0,547,0,1,0,0,1,346,202,0,0,548,0,0,0,548
04/23/2020,DEN,CO,ANM,WE,Towers with Radar,405,201,0,2,608,0,2,0,0,2,405,203,0,2,610,0,0,0,610
04/24/2020,DEN,CO,ANM,WE,Towers with Radar,416,215,0,0,631,0,1,0,0,1,416,216,0,0,632,0,0,0,632
04/25/2020,DEN,CO,ANM,WE,Towers with Radar,324,142,2,0,468,0,2,2,0,4,324,144,4,0,472,0,0,0,472
04/26/2020,DEN,CO,ANM,WE,Towers with Radar,403,156,0,0,559,0,2,2,0,4,403,158,2,0,563,0,0,0,563
04/27/2020,DEN,CO,ANM,WE,Towers with Radar,394,180,5,0,579,0,2,6,0,8,394,182,11,0,587,0,0,0,587
04/28/2020,DEN,CO,ANM,WE,Towers with Radar,353,169,5,0,527,0,1,4,0,5,353,170,9,0,532,0,0,0,532
04/29/2020,DEN,CO,ANM,WE,Towers with Radar,348,202,3,0,553,0,4,12,0,16,348,206,15,0,569,0,0,0,569
04/30/2020,DEN,CO,ANM,WE,Towers with Radar,422,208,0,0,630,0,3,5,0,8,422,211,5,0,638,0,0,0,638
05/01/2020,DEN,CO,ANM,WE,Towers with Radar,455,198,2,2,657,0,1,0,0,1,455,199,2,2,658,0,0,0,658
05/02/2020,DEN,CO,ANM,WE,Towers with Radar,402,156,4,0,562,0,1,0,0,1,402,157,4,0,563,0,0,0,563
05/03/2020,DEN,CO,ANM,WE,Towers with Radar,487,143,2,2,634,0,1,0,0,1,487,144,2,2,635,0,0,0,635
05/04/2020,DEN,CO,ANM,WE,Towers with Radar,485,132,0,0,617,0,2,2,0,4,485,134,2,0,621,0,0,0,621
05/05/2020,DEN,CO,ANM,WE,Towers with Radar,462,148,2,0,612,0,0,4,0,4,462,148,6,0,616,0,0,0,616
05/06/2020,DEN,CO,ANM,WE,Towers with Radar,470,141,2,0,613,0,8,4,0,12,470,149,6,0,625,0,0,0,625
05/07/2020,DEN,CO,ANM,WE,Towers with Radar,535,158,1,0,694,0,4,0,0,4,535,162,1,0,698,0,0,0,698
05/08/2020,DEN,CO,ANM,WE,Towers with Radar,513,168,0,0,681,0,5,0,0,5,513,173,0,0,686,0,0,0,686
05/09/2020,DEN,CO,ANM,WE,Towers with Radar,452,103,0,0,555,0,3,0,0,3,452,106,0,0,558,0,0,0,558
05/10/2020,DEN,CO,ANM,WE,Towers with Radar,486,92,0,0,578,0,0,4,0,4,486,92,4,0,582,0,0,0,582
05/11/2020,DEN,CO,ANM,WE,Towers with Radar,505,131,0,0,636,0,0,0,0,0,505,131,0,0,636,0,0,0,636
05/12/2020,DEN,CO,ANM,WE,Towers with Radar,482,132,4,2,620,0,1,1,0,2,482,133,5,2,622,0,0,0,622
05/13/2020,DEN,CO,ANM,WE,Towers with Radar,469,146,2,0,617,0,2,0,0,2,469,148,2,0,619,0,0,0,619
05/14/2020,DEN,CO,ANM,WE,Towers with Radar,528,156,0,0,684,0,3,0,0,3,528,159,0,0,687,0,0,0,687
05/15/2020,DEN,CO,ANM,WE,Towers with Radar,516,154,2,0,672,0,2,0,0,2,516,156,2,0,674,0,0,0,674
05/16/2020,DEN,CO,ANM,WE,Towers with Radar,456,101,0,0,557,0,3,2,0,5,456,104,2,0,562,0,0,0,562
05/17/2020,DEN,CO,ANM,WE,Towers with Radar,500,101,2,1,604,0,2,1,0,3,500,103,3,1,607,0,0,0,607
05/18/2020,DEN,CO,ANM,WE,Towers with Radar,522,123,0,1,646,0,1,2,2,5,522,124,2,3,651,0,0,0,651
05/19/2020,DEN,CO,ANM,WE,Towers with Radar,475,144,6,0,625,0,2,0,0,2,475,146,6,0,627,0,0,0,627
05/20/2020,DEN,CO,ANM,WE,Towers with Radar,472,148,1,2,623,0,2,0,0,2,472,150,1,2,625,0,0,0,625
05/21/2020,DEN,CO,ANM,WE,Towers with Radar,591,144,1,4,740,0,0,2,2,4,591,144,3,6,744,0,0,0,744
05/22/2020,DEN,CO,ANM,WE,Towers with Radar,577,158,1,0,736,0,1,0,0,1,577,159,1,0,737,0,0,0,737
05/23/2020,DEN,CO,ANM,WE,Towers with Radar,477,100,0,0,577,0,1,0,0,1,477,101,0,0,578,0,0,0,578
05/24/2020,DEN,CO,ANM,WE,Towers with Radar,531,93,0,0,624,0,1,0,0,1,531,94,0,0,625,0,0,0,625
05/25/2020,DEN,CO,ANM,WE,Towers with Radar,558,106,2,0,666,0,0,2,0,2,558,106,4,0,668,0,0,0,668
05/26/2020,DEN,CO,ANM,WE,Towers with Radar,470,143,3,4,620,0,2,1,2,5,470,145,4,6,625,0,0,0,625
05/27/2020,DEN,CO,ANM,WE,Towers with Radar,489,147,2,0,638,0,1,3,0,4,489,148,5,0,642,0,0,0,642
05/28/2020,DEN,CO,ANM,WE,Towers with Radar,589,150,7,2,748,0,1,0,0,1,589,151,7,2,749,0,0,0,749
05/29/2020,DEN,CO,ANM,WE,Towers with Radar,573,157,1,0,731,0,1,0,0,1,573,158,1,0,732,0,0,0,732
05/30/2020,DEN,CO,ANM,WE,Towers with Radar,468,103,4,0,575,0,1,0,0,1,468,104,4,0,576,0,0,0,576
05/31/2020,DEN,CO,ANM,WE,Towers with Radar,570,94,0,0,664,0,2,0,0,2,570,96,0,0,666,0,0,0,666
06/01/2020,DEN,CO,ANM,WE,Towers with Radar,574,124,0,1,699,0,0,0,0,0,574,124,0,1,699,0,0,0,699
06/02/2020,DEN,CO,ANM,WE,Towers with Radar,510,138,6,3,657,0,1,6,0,7,510,139,12,3,664,0,0,0,664
06/03/2020,DEN,CO,ANM,WE,Towers with Radar,509,144,3,0,656,0,0,0,0,0,509,144,3,0,656,0,0,0,656
06/04/2020,DEN,CO,ANM,WE,Towers with Radar,598,140,0,0,738,0,1,4,0,5,598,141,4,0,743,0,0,0,743
06/05/2020,DEN,CO,ANM,WE,Towers with Radar,598,148,2,0,748,0,2,2,0,4,598,150,4,0,752,0,0,0,752
06/06/2020,DEN,CO,ANM,WE,Towers with Radar,562,114,3,0,679,0,0,0,0,0,562,114,3,0,679,0,0,0,679
06/07/2020,DEN,CO,ANM,WE,Towers with Radar,646,90,3,0,739,0,0,0,0,0,646,90,3,0,739,0,0,0,739
06/08/2020,DEN,CO,ANM,WE,Towers with Radar,680,124,3,0,807,0,1,1,0,2,680,125,4,0,809,0,0,0,809
06/09/2020,DEN,CO,ANM,WE,Towers with Radar,628,137,9,0,774,0,2,0,0,2,628,139,9,0,776,0,0,0,776
06/10/2020,DEN,CO,ANM,WE,Towers with Radar,645,160,1,0,806,0,2,0,0,2,645,162,1,0,808,0,0,0,808
06/11/2020,DEN,CO,ANM,WE,Towers with Radar,695,151,2,2,850,0,2,0,2,4,695,153,2,4,854,0,0,0,854
06/12/2020,DEN,CO,ANM,WE,Towers with Radar,680,143,2,0,825,0,1,0,0,1,680,144,2,0,826,0,0,0,826
06/13/2020,DEN,CO,ANM,WE,Towers with Radar,668,117,3,0,788,0,1,0,0,1,668,118,3,0,789,0,0,0,789
06/14/2020,DEN,CO,ANM,WE,Towers with Radar,704,94,2,0,800,0,1,0,0,1,704,95,2,0,801,0,0,0,801
06/15/2020,DEN,CO,ANM,WE,Towers with Radar,734,123,5,0,862,0,2,0,0,2,734,125,5,0,864,0,0,0,864
06/16/2020,DEN,CO,ANM,WE,Towers with Radar,666,135,4,0,805,0,0,0,0,0,666,135,4,0,805,0,0,0,805
06/17/2020,DEN,CO,ANM,WE,Towers with Radar,698,164,4,0,866,0,0,0,0,0,698,164,4,0,866,0,0,0,866
06/18/2020,DEN,CO,ANM,WE,Towers with Radar,742,139,0,0,881,0,2,0,0,2,742,141,0,0,883,0,0,0,883
06/19/2020,DEN,CO,ANM,WE,Towers with Radar,728,142,6,0,876,0,0,0,0,0,728,142,6,0,876,0,0,0,876
06/20/2020,DEN,CO,ANM,WE,Towers with Radar,702,118,1,0,821,0,0,0,0,0,702,118,1,0,821,0,0,0,821
06/21/2020,DEN,CO,ANM,WE,Towers with Radar,759,89,6,0,854,0,1,0,0,1,759,90,6,0,855,0,0,0,855
06/22/2020,DEN,CO,ANM,WE,Towers with Radar,811,128,9,0,948,0,1,0,0,1,811,129,9,0,949,0,0,0,949
06/23/2020,DEN,CO,ANM,WE,Towers with Radar,762,137,2,0,901,0,0,0,0,0,762,137,2,0,901,0,0,0,901
06/24/2020,DEN,CO,ANM,WE,Towers with Radar,776,159,2,0,937,0,2,0,0,2,776,161,2,0,939,0,0,0,939
06/25/2020,DEN,CO,ANM,WE,Towers with Radar,827,148,2,0,977,0,0,0,0,0,827,148,2,0,977,0,0,0,977
06/26/2020,DEN,CO,ANM,WE,Towers with Radar,827,157,20,0,1004,0,0,17,0,17,827,157,37,0,1021,0,0,0,1021
06/27/2020,DEN,CO,ANM,WE,Towers with Radar,767,122,4,0,893,0,2,4,0,6,767,124,8,0,899,0,0,0,899
06/28/2020,DEN,CO,ANM,WE,Towers with Radar,819,100,4,0,923,0,0,0,0,0,819,100,4,0,923,0,0,0,923
06/29/2020,DEN,CO,ANM,WE,Towers with Radar,830,123,3,0,956,0,0,0,0,0,830,123,3,0,956,0,0,0,956
06/30/2020,DEN,CO,ANM,WE,Towers with Radar,785,166,9,0,960,0,4,4,0,8,785,170,13,0,968,0,0,0,968
07/01/2020,DEN,CO,ANM,WE,Towers with Radar,808,162,3,0,973,0,0,0,0,0,808,162,3,0,973,0,0,0,973
07/02/2020,DEN,CO,ANM,WE,Towers with Radar,891,140,4,0,1035,0,1,0,0,1,891,141,4,0,1036,0,0,0,1036
07/03/2020,DEN,CO,ANM,WE,Towers with Radar,837,150,5,0,992,0,2,0,0,2,837,152,5,0,994,0,0,0,994
07/04/2020,DEN,CO,ANM,WE,Towers with Radar,634,112,3,0,749,0,6,5,0,11,634,118,8,0,760,0,0,0,760
07/05/2020,DEN,CO,ANM,WE,Towers with Radar,852,89,0,0,941,0,2,3,0,5,852,91,3,0,946,0,0,0,946
07/06/2020,DEN,CO,ANM,WE,Towers with Radar,982,162,3,0,1147,0,1,0,0,1,982,163,3,0,1148,0,0,0,1148
07/07/2020,DEN,CO,ANM,WE,Towers with Radar,924,154,3,0,1081,0,2,0,0,2,924,156,3,0,1083,0,0,0,1083
07/08/2020,DEN,CO,ANM,WE,Towers with Radar,932,176,7,2,1117,0,1,2,0,3,932,177,9,2,1120,0,0,0,1120
07/09/2020,DEN,CO,ANM,WE,Towers with Radar,1020,191,5,0,1216,0,1,2,0,3,1020,192,7,0,1219,0,0,0,1219
07/10/2020,DEN,CO,ANM,WE,Towers with Radar,981,204,2,0,1187,0,1,0,0,1,981,205,2,0,1188,0,0,0,1188
07/11/2020,DEN,CO,ANM,WE,Towers with Radar,945,145,0,0,1090,0,1,0,0,1,945,146,0,0,1091,0,0,0,1091
07/12/2020,DEN,CO,ANM,WE,Towers with Radar,1006,140,3,0,1149,0,0,0,0,0,1006,140,3,0,1149,0,0,0,1149
07/13/2020,DEN,CO,ANM,WE,Towers with Radar,1031,177,8,0,1216,0,1,0,0,1,1031,178,8,0,1217,0,0,0,1217
07/14/2020,DEN,CO,ANM,WE,Towers with Radar,913,164,0,0,1077,0,0,0,0,0,913,164,0,0,1077,0,0,0,1077
07/15/2020,DEN,CO,ANM,WE,Towers with Radar,937,191,7,0,1135,0,0,2,4,6,937,191,9,4,1141,0,0,0,1141
07/16/2020,DEN,CO,ANM,WE,Towers with Radar,1023,204,5,0,1232,0,3,0,0,3,1023,207,5,0,1235,0,0,0,1235
07/17/2020,DEN,CO,ANM,WE,Towers with Radar,1026,194,7,0,1227,0,2,5,0,7,1026,196,12,0,1234,0,0,0,1234
07/18/2020,DEN,CO,ANM,WE,Towers with Radar,973,141,6,1,1121,0,0,0,0,0,973,141,6,1,1121,0,0,0,1121
07/19/2020,DEN,CO,ANM,WE,Towers with Radar,1009,135,4,0,1148,0,0,0,0,0,1009,135,4,0,1148,0,0,0,1148
07/20/2020,DEN,CO,ANM,WE,Towers with Radar,1025,157,3,0,1185,0,0,1,0,1,1025,157,4,0,1186,0,0,0,1186
07/21/2020,DEN,CO,ANM,WE,Towers with Radar,909,156,6,2,1073,0,0,2,0,2,909,156,8,2,1075,0,0,0,1075
07/22/2020,DEN,CO,ANM,WE,Towers with Radar,914,193,3,0,1110,0,0,0,2,2,914,193,3,2,1112,0,0,0,1112
07/23/2020,DEN,CO,ANM,WE,Towers with Radar,1040,183,2,0,1225,0,1,0,0,1,1040,184,2,0,1226,0,0,0,1226
07/24/2020,DEN,CO,ANM,WE,Towers with Radar,1040,197,2,0,1239,0,0,0,0,0,1040,197,2,0,1239,0,0,0,1239
07/25/2020,DEN,CO,ANM,WE,Towers with Radar,953,136,6,0,1095,0,1,1,0,2,953,137,7,0,1097,0,0,0,1097
07/26/2020,DEN,CO,ANM,WE,Towers with Radar,1014,138,5,0,1157,0,1,0,0,1,1014,139,5,0,1158,0,0,0,1158
07/27/2020,DEN,CO,ANM,WE,Towers with Radar,1030,172,2,0,1204,0,1,2,0,3,1030,173,4,0,1207,0,0,0,1207
07/28/2020,DEN,CO,ANM,WE,Towers with Radar,900,168,7,0,1075,0,2,15,0,17,900,170,22,0,1092,0,0,0,1092
07/29/2020,DEN,CO,ANM,WE,Towers with Radar,904,187,8,0,1099,0,0,1,0,1,904,187,9,0,1100,0,0,0,1100
07/30/2020,DEN,CO,ANM,WE,Towers with Radar,1035,195,6,2,1238,0,0,0,0,0,1035,195,6,2,1238,0,0,0,1238
07/31/2020,DEN,CO,ANM,WE,Towers with Radar,1041,195,10,0,1246,0,0,0,0,0,1041,195,10,0,1246,0,0,0,1246
08/01/2020,DEN,CO,ANM,WE,Towers with Radar,953,137,7,0,1097,0,0,2,0,2,953,137,9,0,1099,0,0,0,1099
08/02/2020,DEN,CO,ANM,WE,Towers with Radar,1040,138,0,0,1178,0,1,2,0,3,1040,139,2,0,1181,0,0,0,1181
08/03/2020,DEN,CO,ANM,WE,Towers with Radar,1082,217,5,0,1304,0,2,0,0,2,1082,219,5,0,1306,0,0,0,1306
08/04/2020,DEN,CO,ANM,WE,Towers with Radar,995,207,11,0,1213,0,2,0,0,2,995,209,11,0,1215,0,0,0,1215
08/05/2020,DEN,CO,ANM,WE,Towers with Radar,994,224,3,0,1221,0,1,0,0,1,994,225,3,0,1222,0,0,0,1222
08/06/2020,DEN,CO,ANM,WE,Towers with Radar,1128,235,2,0,1365,0,1,3,0,4,1128,236,5,0,1369,0,0,0,1369
08/07/2020,DEN,CO,ANM,WE,Towers with Radar,1122,241,8,2,1373,0,1,2,0,3,1122,242,10,2,1376,0,0,0,1376
08/08/2020,DEN,CO,ANM,WE,Towers with Radar,1029,181,5,0,1215,0,0,1,0,1,1029,181,6,0,1216,0,0,0,1216
08/09/2020,DEN,CO,ANM,WE,Towers with Radar,1100,195,3,0,1298,0,0,1,0,1,1100,195,4,0,1299,0,0,0,1299
08/10/2020,DEN,CO,ANM,WE,Towers with Radar,1114,231,9,0,1354,0,1,3,0,4,1114,232,12,0,1358,0,0,0,1358
08/11/2020,DEN,CO,ANM,WE,Towers with Radar,1041,217,2,0,1260,0,2,1,0,3,1041,219,3,0,1263,0,0,0,1263
08/12/2020,DEN,CO,ANM,WE,Towers with Radar,1046,239,2,0,1287,0,1,0,0,1,1046,240,2,0,1288,0,0,0,1288
08/13/2020,DEN,CO,ANM,WE,Towers with Radar,1152,250,6,0,1408,0,1,0,0,1,1152,251,6,0,1409,0,0,0,1409
08/14/2020,DEN,CO,ANM,WE,Towers with Radar,1145,259,4,0,1408,0,0,4,0,4,1145,259,8,0,1412,0,0,0,1412
08/15/2020,DEN,CO,ANM,WE,Towers with Radar,1062,193,3,0,1258,0,0,1,1,2,1062,193,4,1,1260,0,0,0,1260
08/16/2020,DEN,CO,ANM,WE,Towers with Radar,1129,187,3,0,1319,0,0,3,1,4,1129,187,6,1,1323,0,0,0,1323
08/17/2020,DEN,CO,ANM,WE,Towers with Radar,1146,233,7,0,1386,0,1,0,0,1,1146,234,7,0,1387,0,0,0,1387
08/18/2020,DEN,CO,ANM,WE,Towers with Radar,1041,218,2,0,1261,0,1,0,0,1,1041,219,2,0,1262,0,0,0,1262
08/19/2020,DEN,CO,ANM,WE,Towers with Radar,1048,233,2,0,1283,0,0,2,0,2,1048,233,4,0,1285,0,0,0,1285
08/20/2020,DEN,CO,ANM,WE,Towers with Radar,1138,249,3,0,1390,0,1,0,0,1,1138,250,3,0,1391,0,0,0,1391
08/21/2020,DEN,CO,ANM,WE,Towers with Radar,1130,251,3,0,1384,0,1,0,0,1,1130,252,3,0,1385,0,0,0,1385
08/22/2020,DEN,CO,ANM,WE,Towers with Radar,1034,204,6,0,1244,0,0,0,0,0,1034,204,6,0,1244,0,0,0,1244
08/23/2020,DEN,CO,ANM,WE,Towers with Radar,1117,200,5,0,1322,0,1,1,0,2,1117,201,6,0,1324,0,0,0,1324
08/24/2020,DEN,CO,ANM,WE,Towers with Radar,1134,225,5,2,1366,0,0,1,0,1,1134,225,6,2,1367,0,0,0,1367
08/25/2020,DEN,CO,ANM,WE,Towers with Radar,1029,222,4,0,1255,0,1,2,0,3,1029,223,6,0,1258,0,0,0,1258
08/26/2020,DEN,CO,ANM,WE,Towers with Radar,1013,236,4,0,1253,0,1,0,0,1,1013,237,4,0,1254,0,0,0,1254
08/27/2020,DEN,CO,ANM,WE,Towers with Radar,1146,250,6,0,1402,0,0,0,0,0,1146,250,6,0,1402,0,0,0,1402
08/28/2020,DEN,CO,ANM,WE,Towers with Radar,1120,249,1,0,1370,0,0,0,0,0,1120,249,1,0,1370,0,0,0,1370
08/29/2020,DEN,CO,ANM,WE,Towers with Radar,1060,188,2,0,1250,0,0,0,0,0,1060,188,2,0,1250,0,0,0,1250
08/30/2020,DEN,CO,ANM,WE,Towers with Radar,1111,193,5,0,1309,0,0,4,0,4,1111,193,9,0,1313,0,0,0,1313
08/31/2020,DEN,CO,ANM,WE,Towers with Radar,1136,221,7,0,1364,0,0,2,0,2,1136,221,9,0,1366,0,0,0,1366
09/01/2020,DEN,CO,ANM,WE,Towers with Radar,1012,219,4,0,1235,0,1,2,0,3,1012,220,6,0,1238,0,0,0,1238
09/02/2020,DEN,CO,ANM,WE,Towers with Radar,1000,241,6,0,1247,0,2,0,0,2,1000,243,6,0,1249,0,0,0,1249
09/03/2020,DEN,CO,ANM,WE,Towers with Radar,1145,254,5,0,1404,0,1,2,0,3,1145,255,7,0,1407,0,0,0,1407
09/04/2020,DEN,CO,ANM,WE,Towers with Radar,1116,260,6,0,1382,0,0,4,0,4,1116,260,10,0,1386,0,0,0,1386
09/05/2020,DEN,CO,ANM,WE,Towers with Radar,957,190,1,0,1148,0,0,1,0,1,957,190,2,0,1149,0,0,0,1149
09/06/2020,DEN,CO,ANM,WE,Towers with Radar,936,183,0,0,1119,0,0,1,0,1,936,183,1,0,1120,0,0,0,1120
09/07/2020,DEN,CO,ANM,WE,Towers with Radar,1002,219,0,0,1221,0,2,4,0,6,1002,221,4,0,1227,0,0,0,1227
09/08/2020,DEN,CO,ANM,WE,Towers with Radar,794,215,8,0,1017,0,0,0,0,0,794,215,8,0,1017,0,0,0,1017
09/09/2020,DEN,CO,ANM,WE,Towers with Radar,869,254,1,0,1124,0,0,0,0,0,869,254,1,0,1124,0,0,0,1124
09/10/2020,DEN,CO,ANM,WE,Towers with Radar,1008,269,5,0,1282,0,3,0,0,3,1008,272,5,0,1285,0,0,0,1285
09/11/2020,DEN,CO,ANM,WE,Towers with Radar,982,271,4,1,1258,0,0,0,0,0,982,271,4,1,1258,0,0,0,1258
09/12/2020,DEN,CO,ANM,WE,Towers with Radar,905,205,1,1,1112,0,3,0,0,3,905,208,1,1,1115,0,0,0,1115
09/13/2020,DEN,CO,ANM,WE,Towers with Radar,973,211,9,0,1193,0,2,2,0,4,973,213,11,0,1197,0,0,0,1197
09/14/2020,DEN,CO,ANM,WE,Towers with Radar,964,236,4,0,1204,0,1,1,0,2,964,237,5,0,1206,0,0,0,1206
09/15/2020,DEN,CO,ANM,WE,Towers with Radar,830,235,5,0,1070,0,1,0,0,1,830,236,5,0,1071,0,0,0,1071
09/16/2020,DEN,CO,ANM,WE,Towers with Radar,876,257,8,0,1141,0,0,1,0,1,876,257,9,0,1142,0,0,0,1142
09/17/2020,DEN,CO,ANM,WE,Towers with Radar,996,259,11,0,1266,0,0,0,0,0,996,259,11,0,1266,0,0,0,1266
09/18/2020,DEN,CO,ANM,WE,Towers with Radar,987,254,5,0,1246,0,0,2,0,2,987,254,7,0,1248,0,0,0,1248
09/19/2020,DEN,CO,ANM,WE,Towers with Radar,910,204,8,0,1122,0,2,2,0,4,910,206,10,0,1126,0,0,0,1126
09/20/2020,DEN,CO,ANM,WE,Towers with Radar,989,225,6,0,1220,0,0,0,0,0,989,225,6,0,1220,0,0,0,1220
09/21/2020,DEN,CO,ANM,WE,Towers with Radar,978,236,12,0,1226,0,2,0,0,2,978,238,12,0,1228,0,0,0,1228
09/22/2020,DEN,CO,ANM,WE,Towers with Radar,861,237,10,0,1108,0,0,7,0,7,861,237,17,0,1115,0,0,0,1115
09/23/2020,DEN,CO,ANM,WE,Towers with Radar,877,255,5,0,1137,0,0,28,0,28,877,255,33,0,1165,0,0,0,1165
09/24/2020,DEN,CO,ANM,WE,Towers with Radar,1005,260,8,0,1273,0,0,25,0,25,1005,260,33,0,1298,0,0,0,1298
09/25/2020,DEN,CO,ANM,WE,Towers with Radar,984,271,8,0,1263,0,2,2,0,4,984,273,10,0,1267,0,0,0,1267
09/26/2020,DEN,CO,ANM,WE,Towers with Radar,906,199,1,0,1106,0,0,0,0,0,906,199,1,0,1106,0,0,0,1106
09/27/2020,DEN,CO,ANM,WE,Towers with Radar,983,223,1,0,1207,0,0,0,0,0,983,223,1,0,1207,0,0,0,1207
09/28/2020,DEN,CO,ANM,WE,Towers with Radar,972,234,3,0,1209,0,0,1,0,1,972,234,4,0,1210,0,0,0,1210
09/29/2020,DEN,CO,ANM,WE,Towers with Radar,850,239,7,0,1096,0,0,0,0,0,850,239,7,0,1096,0,0,0,1096
09/30/2020,DEN,CO,ANM,WE,Towers with Radar,882,258,9,0,1149,0,0,0,0,0,882,258,9,0,1149,0,0,0,1149
10/01/2020,DEN,CO,ANM,WE,Towers with Radar,1045,294,2,0,1341,0,0,0,4,4,1045,294,2,4,1345,0,0,0,1345
10/02/2020,DEN,CO,ANM,WE,Towers with Radar,1067,305,4,0,1376,0,1,0,0,1,1067,306,4,0,1377,0,0,0,1377
10/03/2020,DEN,CO,ANM,WE,Towers with Radar,942,243,2,0,1187,0,1,0,0,1,942,244,2,0,1188,0,0,0,1188
10/04/2020,DEN,CO,ANM,WE,Towers with Radar,1049,254,5,0,1308,0,0,0,0,0,1049,254,5,0,1308,0,0,0,1308
10/05/2020,DEN,CO,ANM,WE,Towers with Radar,1035,281,3,0,1319,0,1,0,0,1,1035,282,3,0,1320,0,0,0,1320
10/06/2020,DEN,CO,ANM,WE,Towers with Radar,876,240,1,0,1117,0,1,4,0,5,876,241,5,0,1122,0,0,0,1122
10/07/2020,DEN,CO,ANM,WE,Towers with Radar,955,303,4,1,1263,0,0,1,0,1,955,303,5,1,1264,0,0,0,1264
10/08/2020,DEN,CO,ANM,WE,Towers with Radar,1095,310,9,0,1414,0,0,0,0,0,1095,310,9,0,1414,0,0,0,1414
10/09/2020,DEN,CO,ANM,WE,Towers with Radar,1089,309,7,0,1405,0,0,3,0,3,1089,309,10,0,1408,0,0,0,1408
10/10/2020,DEN,CO,ANM,WE,Towers with Radar,1011,249,7,0,1267,0,0,0,0,0,1011,249,7,0,1267,0,0,0,1267
10/11/2020,DEN,CO,ANM,WE,Towers with Radar,1090,253,5,0,1348,0,0,3,0,3,1090,253,8,0,1351,0,0,0,1351
10/12/2020,DEN,CO,ANM,WE,Towers with Radar,1078,289,7,0,1374,0,1,1,0,2,1078,290,8,0,1376,0,0,0,1376
10/13/2020,DEN,CO,ANM,WE,Towers with Radar,897,244,6,0,1147,0,1,0,0,1,897,245,6,0,1148,0,0,0,1148
10/14/2020,DEN,CO,ANM,WE,Towers with Radar,975,302,8,0,1285,0,2,0,0,2,975,304,8,0,1287,0,0,0,1287
10/15/2020,DEN,CO,ANM,WE,Towers with Radar,1086,307,10,0,1403,0,0,0,0,0,1086,307,10,0,1403,0,0,0,1403
10/16/2020,DEN,CO,ANM,WE,Towers with Radar,1085,313,5,0,1403,0,0,0,0,0,1085,313,5,0,1403,0,0,0,1403
10/17/2020,DEN,CO,ANM,WE,Towers with Radar,1007,245,0,0,1252,0,1,0,0,1,1007,246,0,0,1253,0,0,0,1253
10/18/2020,DEN,CO,ANM,WE,Towers with Radar,1085,265,5,0,1355,0,0,0,0,0,1085,265,5,0,1355,0,0,0,1355
10/19/2020,DEN,CO,ANM,WE,Towers with Radar,1074,287,4,0,1365,0,0,0,0,0,1074,287,4,0,1365,0,0,0,1365
10/20/2020,DEN,CO,ANM,WE,Towers with Radar,900,252,2,0,1154,0,1,0,0,1,900,253,2,0,1155,0,0,0,1155
10/21/2020,DEN,CO,ANM,WE,Towers with Radar,955,295,5,0,1255,0,0,2,0,2,955,295,7,0,1257,0,0,0,1257
10/22/2020,DEN,CO,ANM,WE,Towers with Radar,1100,307,6,0,1413,0,1,1,0,2,1100,308,7,0,1415,0,0,0,1415
10/23/2020,DEN,CO,ANM,WE,Towers with Radar,1079,304,0,0,1383,0,0,2,0,2,1079,304,2,0,1385,0,0,0,1385
10/24/2020,DEN,CO,ANM,WE,Towers with Radar,984,256,1,0,1241,0,1,2,0,3,984,257,3,0,1244,0,0,0,1244
10/25/2020,DEN,CO,ANM,WE,Towers with Radar,881,115,10,0,1006,0,0,0,0,0,881,115,10,0,1006,0,0,0,1006
10/26/2020,DEN,CO,ANM,WE,Towers with Radar,1032,233,6,0,1271,0,2,0,0,2,1032,235,6,0,1273,0,0,0,1273
10/27/2020,DEN,CO,ANM,WE,Towers with Radar,879,241,9,0,1129,0,1,0,0,1,879,242,9,0,1130,0,0,0,1130
10/28/2020,DEN,CO,ANM,WE,Towers with Radar,939,290,8,0,1237,0,6,0,0,6,939,296,8,0,1243,0,0,0,1243
10/29/2020,DEN,CO,ANM,WE,Towers with Radar,1060,305,3,0,1368,0,0,0,0,0,1060,305,3,0,1368,0,0,0,1368
10/30/2020,DEN,CO,ANM,WE,Towers with Radar,1047,307,2,0,1356,0,2,2,0,4,1047,309,4,0,1360,0,0,0,1360
10/31/2020,DEN,CO,ANM,WE,Towers with Radar,919,240,0,0,1159,0,0,2,0,2,919,240,2,0,1161,0,0,0,1161
11/01/2020,DEN,CO,ANM,WE,Towers with Radar,1032,242,0,0,1274,0,0,2,0,2,1032,242,2,0,1276,0,0,0,1276
11/02/2020,DEN,CO,ANM,WE,Towers with Radar,1056,287,5,0,1348,0,1,2,0,3,1056,288,7,0,1351,0,0,0,1351
11/03/2020,DEN,CO,ANM,WE,Towers with Radar,880,247,1,0,1128,0,1,0,0,1,880,248,1,0,1129,0,0,0,1129
11/04/2020,DEN,CO,ANM,WE,Towers with Radar,941,311,5,0,1257,0,0,4,0,4,941,311,9,0,1261,0,0,0,1261
11/05/2020,DEN,CO,ANM,WE,Towers with Radar,1128,304,2,0,1434,0,3,2,0,5,1128,307,4,0,1439,0,0,0,1439
11/06/2020,DEN,CO,ANM,WE,Towers with Radar,1122,309,0,2,1433,0,1,2,0,3,1122,310,2,2,1436,0,0,0,1436
11/07/2020,DEN,CO,ANM,WE,Towers with Radar,864,237,3,0,1104,0,0,0,0,0,864,237,3,0,1104,0,0,0,1104
11/08/2020,DEN,CO,ANM,WE,Towers with Radar,1133,244,0,0,1377,0,0,1,0,1,1133,244,1,0,1378,0,0,0,1378
11/09/2020,DEN,CO,ANM,WE,Towers with Radar,1123,274,2,0,1399,0,0,0,0,0,1123,274,2,0,1399,0,0,0,1399
11/10/2020,DEN,CO,ANM,WE,Towers with Radar,871,249,4,0,1124,0,3,2,0,5,871,252,6,0,1129,0,0,0,1129
11/11/2020,DEN,CO,ANM,WE,Towers with Radar,959,295,3,0,1257,0,0,0,0,0,959,295,3,0,1257,0,0,0,1257
11/12/2020,DEN,CO,ANM,WE,Towers with Radar,1150,306,5,1,1462,0,0,0,0,0,1150,306,5,1,1462,0,0,0,1462
11/13/2020,DEN,CO,ANM,WE,Towers with Radar,1125,306,3,0,1434,0,0,1,0,1,1125,306,4,0,1435,0,0,0,1435
11/14/2020,DEN,CO,ANM,WE,Towers with Radar,869,229,0,1,1099,0,1,0,0,1,869,230,0,1,1100,0,0,0,1100
11/15/2020,DEN,CO,ANM,WE,Towers with Radar,1125,251,3,0,1379,0,0,2,0,2,1125,251,5,0,1381,0,0,0,1381
11/16/2020,DEN,CO,ANM,WE,Towers with Radar,1110,283,0,0,1393,0,1,23,0,24,1110,284,23,0,1417,0,0,0,1417
11/17/2020,DEN,CO,ANM,WE,Towers with Radar,873,246,4,0,1123,0,1,20,0,21,873,247,24,0,1144,0,0,0,1144
11/18/2020,DEN,CO,ANM,WE,Towers with Radar,973,302,1,6,1282,0,0,26,0,26,973,302,27,6,1308,0,0,0,1308
11/19/2020,DEN,CO,ANM,WE,Towers with Radar,1152,314,6,0,1472,0,0,3,0,3,1152,314,9,0,1475,0,0,0,1475
11/20/2020,DEN,CO,ANM,WE,Towers with Radar,1158,304,5,0,1467,0,0,0,0,0,1158,304,5,0,1467,0,0,0,1467
11/21/2020,DEN,CO,ANM,WE,Towers with Radar,1086,242,2,0,1330,0,0,0,2,2,1086,242,2,2,1332,0,0,0,1332
11/22/2020,DEN,CO,ANM,WE,Towers with Radar,1165,253,2,0,1420,0,1,0,0,1,1165,254,2,0,1421,0,0,0,1421
11/23/2020,DEN,CO,ANM,WE,Towers with Radar,1107,250,1,0,1358,0,0,2,0,2,1107,250,3,0,1360,0,0,0,1360
11/24/2020,DEN,CO,ANM,WE,Towers with Radar,1112,314,3,0,1429,0,0,0,0,0,1112,314,3,0,1429,0,0,0,1429
11/25/2020,DEN,CO,ANM,WE,Towers with Radar,1127,323,2,0,1452,0,1,0,0,1,1127,324,2,0,1453,0,0,0,1453
11/26/2020,DEN,CO,ANM,WE,Towers with Radar,730,121,0,0,851,0,0,0,0,0,730,121,0,0,851,0,0,0,851
11/27/2020,DEN,CO,ANM,WE,Towers with Radar,1096,261,6,0,1363,0,1,0,0,1,1096,262,6,0,1364,0,0,0,1364
11/28/2020,DEN,CO,ANM,WE,Towers with Radar,1113,290,4,0,1407,0,0,0,0,0,1113,290,4,0,1407,0,0,0,1407
11/29/2020,DEN,CO,ANM,WE,Towers with Radar,1225,309,10,0,1544,0,2,0,0,2,1225,311,10,0,1546,0,0,0,1546
11/30/2020,DEN,CO,ANM,WE,Towers with Radar,1162,281,7,2,1452,0,0,0,0,0,1162,281,7,2,1452,0,0,0,1452
12/01/2020,DEN,CO,ANM,WE,Towers with Radar,1015,267,1,0,1283,0,0,2,0,2,1015,267,3,0,1285,0,0,0,1285
12/02/2020,DEN,CO,ANM,WE,Towers with Radar,871,287,1,0,1159,0,0,0,0,0,871,287,1,0,1159,0,0,0,1159
12/03/2020,DEN,CO,ANM,WE,Towers with Radar,1021,302,11,0,1334,0,0,0,0,0,1021,302,11,0,1334,0,0,0,1334
12/04/2020,DEN,CO,ANM,WE,Towers with Radar,994,308,4,0,1306,0,2,0,0,2,994,310,4,0,1308,0,0,0,1308
12/05/2020,DEN,CO,ANM,WE,Towers with Radar,757,220,4,0,981,0,4,2,0,6,757,224,6,0,987,0,0,0,987
12/06/2020,DEN,CO,ANM,WE,Towers with Radar,980,255,6,1,1242,0,0,22,0,22,980,255,28,1,1264,0,0,0,1264
12/07/2020,DEN,CO,ANM,WE,Towers with Radar,976,280,5,0,1261,0,12,10,1,23,976,292,15,1,1284,0,0,0,1284
12/08/2020,DEN,CO,ANM,WE,Towers with Radar,827,267,2,0,1096,0,2,2,0,4,827,269,4,0,1100,0,0,0,1100
12/09/2020,DEN,CO,ANM,WE,Towers with Radar,844,287,1,0,1132,0,1,2,0,3,844,288,3,0,1135,0,0,0,1135
12/10/2020,DEN,CO,ANM,WE,Towers with Radar,1021,295,6,0,1322,0,1,0,0,1,1021,296,6,0,1323,0,0,0,1323
12/11/2020,DEN,CO,ANM,WE,Towers with Radar,1021,287,5,0,1313,0,0,0,0,0,1021,287,5,0,1313,0,0,0,1313
12/12/2020,DEN,CO,ANM,WE,Towers with Radar,760,212,5,0,977,0,0,0,0,0,760,212,5,0,977,0,0,0,977
12/13/2020,DEN,CO,ANM,WE,Towers with Radar,1016,252,5,0,1273,0,1,0,0,1,1016,253,5,0,1274,0,0,0,1274
12/14/2020,DEN,CO,ANM,WE,Towers with Radar,993,267,21,0,1281,0,1,16,0,17,993,268,37,0,1298,0,0,0,1298
12/15/2020,DEN,CO,ANM,WE,Towers with Radar,846,267,4,0,1117,0,3,11,0,14,846,270,15,0,1131,0,0,0,1131
12/16/2020,DEN,CO,ANM,WE,Towers with Radar,858,291,10,0,1159,0,0,19,0,19,858,291,29,0,1178,0,0,0,1178
12/17/2020,DEN,CO,ANM,WE,Towers with Radar,1155,336,7,0,1498,0,0,1,0,1,1155,336,8,0,1499,0,0,0,1499
12/18/2020,DEN,CO,ANM,WE,Towers with Radar,1193,349,2,0,1544,0,0,0,0,0,1193,349,2,0,1544,0,0,0,1544
12/19/2020,DEN,CO,ANM,WE,Towers with Radar,1167,288,8,2,1465,0,4,2,0,6,1167,292,10,2,1471,0,0,0,1471
12/20/2020,DEN,CO,ANM,WE,Towers with Radar,1217,295,4,0,1516,0,3,0,0,3,1217,298,4,0,1519,0,0,0,1519
12/21/2020,DEN,CO,ANM,WE,Towers with Radar,1194,309,5,0,1508,0,2,0,0,2,1194,311,5,0,1510,0,0,0,1510
12/22/2020,DEN,CO,ANM,WE,Towers with Radar,1192,359,2,0,1553,0,2,0,0,2,1192,361,2,0,1555,0,0,0,1555
12/23/2020,DEN,CO,ANM,WE,Towers with Radar,1227,357,2,0,1586,0,3,0,0,3,1227,360,2,0,1589,0,0,0,1589
12/24/2020,DEN,CO,ANM,WE,Towers with Radar,970,317,7,0,1294,0,1,0,0,1,970,318,7,0,1295,0,0,0,1295
12/25/2020,DEN,CO,ANM,WE,Towers with Radar,876,210,2,0,1088,0,1,0,0,1,876,211,2,0,1089,0,0,0,1089
12/26/2020,DEN,CO,ANM,WE,Towers with Radar,1145,318,5,0,1468,0,1,2,0,3,1145,319,7,0,1471,0,0,0,1471
12/27/2020,DEN,CO,ANM,WE,Towers with Radar,1197,304,7,0,1508,0,2,0,0,2,1197,306,7,0,1510,0,0,0,1510
12/28/2020,DEN,CO,ANM,WE,Towers with Radar,1203,303,5,0,1511,0,0,0,0,0,1203,303,5,0,1511,0,0,0,1511
12/29/2020,DEN,CO,ANM,WE,Towers with Radar,1150,320,7,0,1477,0,0,2,0,2,1150,320,9,0,1479,0,0,0,1479
12/30/2020,DEN,CO,ANM,WE,Towers with Radar,1210,333,10,0,1553,0,2,0,0,2,1210,335,10,0,1555,0,0,0,1555
12/31/2020,DEN,CO,ANM,WE,Towers with Radar,958,315,4,0,1277,0,2,0,0,2,958,317,4,0,1279,0,0,0,1279
01/01/2021,DEN,CO,ANM,WE,Towers with Radar,923,236,2,2,1163,0,0,0,0,0,923,236,2,2,1163,0,0,0,1163
01/02/2021,DEN,CO,ANM,WE,Towers with Radar,1124,297,8,0,1429,0,2,2,0,4,1124,299,10,0,1433,0,0,0,1433
01/03/2021,DEN,CO,ANM,WE,Towers with Radar,1203,287,3,0,1493,0,1,0,0,1,1203,288,3,0,1494,0,0,0,1494
01/04/2021,DEN,CO,ANM,WE,Towers with Radar,1164,318,4,0,1486,0,1,6,0,7,1164,319,10,0,1493,0,0,0,1493
01/05/2021,DEN,CO,ANM,WE,Towers with Radar,1032,276,1,0,1309,0,0,2,0,2,1032,276,3,0,1311,0,0,0,1311
01/06/2021,DEN,CO,ANM,WE,Towers with Radar,988,293,2,0,1283,0,0,0,0,0,988,293,2,0,1283,0,0,0,1283
01/07/2021,DEN,CO,ANM,WE,Towers with Radar,1008,302,2,0,1312,0,1,0,0,1,1008,303,2,0,1313,0,0,0,1313
01/08/2021,DEN,CO,ANM,WE,Towers with Radar,996,297,4,0,1297,0,1,0,0,1,996,298,4,0,1298,0,0,0,1298
01/09/2021,DEN,CO,ANM,WE,Towers with Radar,834,225,6,0,1065,0,0,0,0,0,834,225,6,0,1065,0,0,0,1065
01/10/2021,DEN,CO,ANM,WE,Towers with Radar,998,249,6,0,1253,0,0,1,0,1,998,249,7,0,1254,0,0,0,1254
01/11/2021,DEN,CO,ANM,WE,Towers with Radar,971,271,3,0,1245,0,0,0,0,0,971,271,3,0,1245,0,0,0,1245
01/12/2021,DEN,CO,ANM,WE,Towers with Radar,903,263,7,0,1173,0,0,0,0,0,903,263,7,0,1173,0,0,0,1173
01/13/2021,DEN,CO,ANM,WE,Towers with Radar,908,293,4,0,1205,0,1,2,0,3,908,294,6,0,1208,0,0,0,1208
01/14/2021,DEN,CO,ANM,WE,Towers with Radar,1009,285,4,0,1298,0,1,1,0,2,1009,286,5,0,1300,0,0,0,1300
01/15/2021,DEN,CO,ANM,WE,Towers with Radar,1021,285,8,0,1314,0,3,1,0,4,1021,288,9,0,1318,0,0,0,1318
01/16/2021,DEN,CO,ANM,WE,Towers with Radar,830,229,2,0,1061,0,1,0,0,1,830,230,2,0,1062,0,0,0,1062
01/17/2021,DEN,CO,ANM,WE,Towers with Radar,978,245,0,0,1223,0,0,0,0,0,978,245,0,0,1223,0,0,0,1223
01/18/2021,DEN,CO,ANM,WE,Towers with Radar,1001,267,6,0,1274,0,0,0,0,0,1001,267,6,0,1274,0,0,0,1274
01/19/2021,DEN,CO,ANM,WE,Towers with Radar,897,269,2,0,1168,0,0,2,0,2,897,269,4,0,1170,0,0,0,1170
01/20/2021,DEN,CO,ANM,WE,Towers with Radar,897,288,3,1,1189,0,0,2,0,2,897,288,5,1,1191,0,0,0,1191
01/21/2021,DEN,CO,ANM,WE,Towers with Radar,1006,286,6,1,1299,0,0,0,0,0,1006,286,6,1,1299,0,0,0,1299
01/22/2021,DEN,CO,ANM,WE,Towers with Radar,1001,284,0,1,1286,0,0,0,0,0,1001,284,0,1,1286,0,0,0,1286
01/23/2021,DEN,CO,ANM,WE,Towers with Radar,820,214,5,1,1040,0,2,1,0,3,820,216,6,1,1043,0,0,0,1043
01/24/2021,DEN,CO,ANM,WE,Towers with Radar,1001,253,3,0,1257,0,0,1,0,1,1001,253,4,0,1258,0,0,0,1258
01/25/2021,DEN,CO,ANM,WE,Towers with Radar,959,256,3,0,1218,0,0,1,0,1,959,256,4,0,1219,0,0,0,1219
01/26/2021,DEN,CO,ANM,WE,Towers with Radar,827,226,2,0,1055,0,0,0,0,0,827,226,2,0,1055,0,0,0,1055
01/27/2021,DEN,CO,ANM,WE,Towers with Radar,892,283,1,0,1176,0,0,2,0,2,892,283,3,0,1178,0,0,0,1178
01/28/2021,DEN,CO,ANM,WE,Towers with Radar,1009,300,3,0,1312,0,0,2,0,2,1009,300,5,0,1314,0,0,0,1314
01/29/2021,DEN,CO,ANM,WE,Towers with Radar,1239,371,4,0,1614,0,1,0,0,1,1239,372,4,0,1615,0,0,0,1615
01/30/2021,DEN,CO,ANM,WE,Towers with Radar,810,225,2,0,1037,0,2,0,0,2,810,227,2,0,1039,0,0,0,1039
01/31/2021,DEN,CO,ANM,WE,Towers with Radar,980,251,3,0,1234,0,1,0,0,1,980,252,3,0,1235,0,0,0,1235
02/01/2021,DEN,CO,ANM,WE,Towers with Radar,940,266,2,0,1208,0,1,0,0,1,940,267,2,0,1209,0,0,0,1209
02/02/2021,DEN,CO,ANM,WE,Towers with Radar,824,233,6,0,1063,0,0,0,0,0,824,233,6,0,1063,0,0,0,1063
02/03/2021,DEN,CO,ANM,WE,Towers with Radar,889,278,4,2,1173,0,0,0,0,0,889,278,4,2,1173,0,0,0,1173
02/04/2021,DEN,CO,ANM,WE,Towers with Radar,998,294,6,2,1300,0,0,1,0,1,998,294,7,2,1301,0,0,0,1301
02/05/2021,DEN,CO,ANM,WE,Towers with Radar,1013,291,8,0,1312,0,2,0,0,2,1013,293,8,0,1314,0,0,0,1314
02/06/2021,DEN,CO,ANM,WE,Towers with Radar,814,226,0,0,1040,0,2,2,0,4,814,228,2,0,1044,0,0,0,1044
02/07/2021,DEN,CO,ANM,WE,Towers with Radar,993,271,7,0,1271,0,0,1,0,1,993,271,8,0,1272,0,0,0,1272
02/08/2021,DEN,CO,ANM,WE,Towers with Radar,987,251,2,0,1240,0,0,0,0,0,987,251,2,0,1240,0,0,0,1240
02/09/2021,DEN,CO,ANM,WE,Towers with Radar,896,266,1,0,1163,0,1,0,0,1,896,267,1,0,1164,0,0,0,1164
02/10/2021,DEN,CO,ANM,WE,Towers with Radar,906,289,0,0,1195,0,0,0,0,0,906,289,0,0,1195,0,0,0,1195
02/11/2021,DEN,CO,ANM,WE,Towers with Radar,1052,298,0,0,1350,0,0,2,0,2,1052,298,2,0,1352,0,0,0,1352
02/12/2021,DEN,CO,ANM,WE,Towers with Radar,1087,297,7,0,1391,0,0,0,0,0,1087,297,7,0,1391,0,0,0,1391
02/13/2021,DEN,CO,ANM,WE,Towers with Radar,903,234,2,0,1139,0,1,0,0,1,903,235,2,0,1140,0,0,0,1140
02/14/2021,DEN,CO,ANM,WE,Towers with Radar,925,219,6,0,1150,0,0,0,0,0,925,219,6,0,1150,0,0,0,1150
02/15/2021,DEN,CO,ANM,WE,Towers with Radar,940,243,4,0,1187,0,0,0,0,0,940,243,4,0,1187,0,0,0,1187
02/16/2021,DEN,CO,ANM,WE,Towers with Radar,851,248,11,0,1110,0,0,0,0,0,851,248,11,0,1110,0,0,0,1110
02/17/2021,DEN,CO,ANM,WE,Towers with Radar,886,293,8,0,1187,0,0,0,0,0,886,293,8,0,1187,0,0,0,1187
02/18/2021,DEN,CO,ANM,WE,Towers with Radar,985,308,7,0,1300,0,1,0,0,1,985,309,7,0,1301,0,0,0,1301
02/19/2021,DEN,CO,ANM,WE,Towers with Radar,1030,309,1,0,1340,0,1,1,0,2,1030,310,2,0,1342,0,0,0,1342
02/20/2021,DEN,CO,ANM,WE,Towers with Radar,912,253,5,0,1170,0,2,0,0,2,912,255,5,0,1172,0,0,0,1172
02/21/2021,DEN,CO,ANM,WE,Towers with Radar,1031,259,2,0,1292,0,0,2,0,2,1031,259,4,0,1294,0,0,0,1294
02/22/2021,DEN,CO,ANM,WE,Towers with Radar,1053,271,5,0,1329,0,0,0,0,0,1053,271,5,0,1329,0,0,0,1329
02/23/2021,DEN,CO,ANM,WE,Towers with Radar,973,267,3,0,1243,0,0,0,0,0,973,267,3,0,1243,0,0,0,1243
02/24/2021,DEN,CO,ANM,WE,Towers with Radar,1001,303,2,0,1306,0,0,2,0,2,1001,303,4,0,1308,0,0,0,1308
02/25/2021,DEN,CO,ANM,WE,Towers with Radar,1072,315,5,0,1392,0,0,0,0,0,1072,315,5,0,1392,0,0,0,1392
02/26/2021,DEN,CO,ANM,WE,Towers with Radar,1081,291,5,0,1377,0,0,0,0,0,1081,291,5,0,1377,0,0,0,1377
02/27/2021,DEN,CO,ANM,WE,Towers with Radar,905,250,2,0,1157,0,2,0,0,2,905,252,2,0,1159,0,0,0,1159
02/28/2021,DEN,CO,ANM,WE,Towers with Radar,1051,269,4,0,1324,0,0,0,0,0,1051,269,4,0,1324,0,0,0,1324
03/01/2021,DEN,CO,ANM,WE,Towers with Radar,1050,279,2,0,1331,0,3,0,0,3,1050,282,2,0,1334,0,0,0,1334
03/02/2021,DEN,CO,ANM,WE,Towers with Radar,967,271,2,0,1240,0,2,0,0,2,967,273,2,0,1242,0,0,0,1242
03/03/2021,DEN,CO,ANM,WE,Towers with Radar,982,298,3,0,1283,0,3,3,0,6,982,301,6,0,1289,0,0,0,1289
03/04/2021,DEN,CO,ANM,WE,Towers with Radar,1132,330,4,2,1468,0,0,0,0,0,1132,330,4,2,1468,0,0,0,1468
03/05/2021,DEN,CO,ANM,WE,Towers with Radar,1137,322,7,0,1466,0,1,4,0,5,1137,323,11,0,1471,0,0,0,1471
03/06/2021,DEN,CO,ANM,WE,Towers with Radar,998,262,1,0,1261,0,0,0,0,0,998,262,1,0,1261,0,0,0,1261
03/07/2021,DEN,CO,ANM,WE,Towers with Radar,1215,279,1,0,1495,0,0,0,0,0,1215,279,1,0,1495,0,0,0,1495
03/08/2021,DEN,CO,ANM,WE,Towers with Radar,1205,306,0,0,1511,0,0,0,0,0,1205,306,0,0,1511,0,0,0,1511
03/09/2021,DEN,CO,ANM,WE,Towers with Radar,1037,295,5,0,1337,0,2,1,0,3,1037,297,6,0,1340,0,0,0,1340
03/10/2021,DEN,CO,ANM,WE,Towers with Radar,1082,311,6,0,1399,0,0,2,0,2,1082,311,8,0,1401,0,0,0,1401
03/11/2021,DEN,CO,ANM,WE,Towers with Radar,1286,335,4,1,1626,0,0,1,0,1,1286,335,5,1,1627,0,0,0,1627
03/12/2021,DEN,CO,ANM,WE,Towers with Radar,1304,338,3,1,1646,0,0,1,0,1,1304,338,4,1,1647,0,0,0,1647
03/13/2021,DEN,CO,ANM,WE,Towers with Radar,551,136,0,0,687,0,0,0,0,0,551,136,0,0,687,0,0,0,687
03/14/2021,DEN,CO,ANM,WE,Towers with Radar,2,0,1,0,3,0,0,0,0,0,2,0,1,0,3,0,0,0,3
03/15/2021,DEN,CO,ANM,WE,Towers with Radar,441,33,0,1,475,0,0,2,3,5,441,33,2,4,480,0,0,0,480
03/16/2021,DEN,CO,ANM,WE,Towers with Radar,1170,262,4,8,1444,0,0,4,0,4,1170,262,8,8,1448,0,0,0,1448
03/17/2021,DEN,CO,ANM,WE,Towers with Radar,1042,302,5,2,1351,0,1,1,0,2,1042,303,6,2,1353,0,0,0,1353
03/18/2021,DEN,CO,ANM,WE,Towers with Radar,1263,331,6,3,1603,0,2,1,0,3,1263,333,7,3,1606,0,0,0,1606
03/19/2021,DEN,CO,ANM,WE,Towers with Radar,1282,323,1,0,1606,0,0,1,0,1,1282,323,2,0,1607,0,0,0,1607
03/20/2021,DEN,CO,ANM,WE,Towers with Radar,1170,283,0,0,1453,0,0,0,0,0,1170,283,0,0,1453,0,0,0,1453
03/21/2021,DEN,CO,ANM,WE,Towers with Radar,1276,267,7,0,1550,0,0,0,0,0,1276,267,7,0,1550,0,0,0,1550
03/22/2021,DEN,CO,ANM,WE,Towers with Radar,1262,308,2,0,1572,0,0,1,0,1,1262,308,3,0,1573,0,0,0,1573
03/23/2021,DEN,CO,ANM,WE,Towers with Radar,1170,290,7,0,1467,0,0,0,0,0,1170,290,7,0,1467,0,0,0,1467
03/24/2021,DEN,CO,ANM,WE,Towers with Radar,1207,307,4,0,1518,0,1,2,0,3,1207,308,6,0,1521,0,0,0,1521
03/25/2021,DEN,CO,ANM,WE,Towers with Radar,1284,323,6,0,1613,0,1,0,0,1,1284,324,6,0,1614,0,0,0,1614
03/26/2021,DEN,CO,ANM,WE,Towers with Radar,1276,322,5,0,1603,0,0,4,0,4,1276,322,9,0,1607,0,0,0,1607
03/27/2021,DEN,CO,ANM,WE,Towers with Radar,1148,278,4,0,1430,0,0,0,0,0,1148,278,4,0,1430,0,0,0,1430
03/28/2021,DEN,CO,ANM,WE,Towers with Radar,1258,260,7,0,1525,0,0,0,0,0,1258,260,7,0,1525,0,0,0,1525
03/29/2021,DEN,CO,ANM,WE,Towers with Radar,1277,282,9,1,1569,0,0,0,0,0,1277,282,9,1,1569,0,0,0,1569
03/30/2021,DEN,CO,ANM,WE,Towers with Radar,1216,271,2,0,1489,0,1,0,0,1,1216,272,2,0,1490,0,0,0,1490
03/31/2021,DEN,CO,ANM,WE,Towers with Radar,1198,305,3,0,1506,0,0,1,0,1,1198,305,4,0,1507,0,0,0,1507
04/01/2021,DEN,CO,ANM,WE,Towers with Radar,1280,328,4,0,1612,0,0,3,0,3,1280,328,7,0,1615,0,0,0,1615
04/02/2021,DEN,CO,ANM,WE,Towers with Radar,1297,321,5,0,1623,0,0,5,0,5,1297,321,10,0,1628,0,0,0,1628
04/03/2021,DEN,CO,ANM,WE,Towers with Radar,1164,256,6,0,1426,0,2,4,0,6,1164,258,10,0,1432,0,0,0,1432
04/04/2021,DEN,CO,ANM,WE,Towers with Radar,1301,271,5,0,1577,0,0,3,0,3,1301,271,8,0,1580,0,0,0,1580
04/05/2021,DEN,CO,ANM,WE,Towers with Radar,1273,293,10,0,1576,0,0,0,0,0,1273,293,10,0,1576,0,0,0,1576
04/06/2021,DEN,CO,ANM,WE,Towers with Radar,1182,274,10,0,1466,0,0,0,0,0,1182,274,10,0,1466,0,0,0,1466
04/07/2021,DEN,CO,ANM,WE,Towers with Radar,1180,308,7,0,1495,0,0,1,0,1,1180,308,8,0,1496,0,0,0,1496
04/08/2021,DEN,CO,ANM,WE,Towers with Radar,1286,325,6,0,1617,0,0,0,0,0,1286,325,6,0,1617,0,0,0,1617
04/09/2021,DEN,CO,ANM,WE,Towers with Radar,1260,313,3,0,1576,0,0,2,0,2,1260,313,5,0,1578,0,0,0,1578
04/10/2021,DEN,CO,ANM,WE,Towers with Radar,1135,246,4,0,1385,0,0,0,0,0,1135,246,4,0,1385,0,0,0,1385
04/11/2021,DEN,CO,ANM,WE,Towers with Radar,1234,271,2,0,1507,0,1,4,0,5,1234,272,6,0,1512,0,0,0,1512
04/12/2021,DEN,CO,ANM,WE,Towers with Radar,1248,287,0,0,1535,0,0,22,0,22,1248,287,22,0,1557,0,0,0,1557
04/13/2021,DEN,CO,ANM,WE,Towers with Radar,1098,276,7,0,1381,0,2,16,0,18,1098,278,23,0,1399,0,0,0,1399
04/14/2021,DEN,CO,ANM,WE,Towers with Radar,1280,342,2,0,1624,0,0,0,0,0,1280,342,2,0,1624,0,0,0,1624
04/15/2021,DEN,CO,ANM,WE,Towers with Radar,1273,251,4,0,1528,0,0,0,0,0,1273,251,4,0,1528,0,0,0,1528
04/16/2021,DEN,CO,ANM,WE,Towers with Radar,1255,302,6,0,1563,0,0,0,0,0,1255,302,6,0,1563,0,0,0,1563
04/17/2021,DEN,CO,ANM,WE,Towers with Radar,1116,251,2,0,1369,0,0,0,0,0,1116,251,2,0,1369,0,0,0,1369
04/18/2021,DEN,CO,ANM,WE,Towers with Radar,1243,265,1,0,1509,0,0,0,0,0,1243,265,1,0,1509,0,0,0,1509
04/19/2021,DEN,CO,ANM,WE,Towers with Radar,1230,209,0,0,1439,0,0,0,0,0,1230,209,0,0,1439,0,0,0,1439
04/20/2021,DEN,CO,ANM,WE,Towers with Radar,1103,289,8,0,1400,0,0,0,0,0,1103,289,8,0,1400,0,0,0,1400
04/21/2021,DEN,CO,ANM,WE,Towers with Radar,1121,299,7,0,1427,0,0,0,0,0,1121,299,7,0,1427,0,0,0,1427
04/22/2021,DEN,CO,ANM,WE,Towers with Radar,1264,312,3,0,1579,0,0,0,0,0,1264,312,3,0,1579,0,0,0,1579
04/23/2021,DEN,CO,ANM,WE,Towers with Radar,1252,311,3,0,1566,0,0,1,0,1,1252,311,4,0,1567,0,0,0,1567
04/24/2021,DEN,CO,ANM,WE,Towers with Radar,1117,241,4,0,1362,0,0,12,0,12,1117,241,16,0,1374,0,0,0,1374
04/25/2021,DEN,CO,ANM,WE,Towers with Radar,1256,259,2,0,1517,0,0,0,0,0,1256,259,2,0,1517,0,0,0,1517
04/26/2021,DEN,CO,ANM,WE,Towers with Radar,1252,287,5,0,1544,0,0,1,0,1,1252,287,6,0,1545,0,0,0,1545
04/27/2021,DEN,CO,ANM,WE,Towers with Radar,1091,262,9,0,1362,0,0,0,0,0,1091,262,9,0,1362,0,0,0,1362
04/28/2021,DEN,CO,ANM,WE,Towers with Radar,1106,290,3,0,1399,0,1,0,0,1,1106,291,3,0,1400,0,0,0,1400
04/29/2021,DEN,CO,ANM,WE,Towers with Radar,1273,312,2,0,1587,0,0,2,0,2,1273,312,4,0,1589,0,0,0,1589
04/30/2021,DEN,CO,ANM,WE,Towers with Radar,1259,316,5,0,1580,0,1,2,2,5,1259,317,7,2,1585,0,0,0,1585
05/01/2021,DEN,CO,ANM,WE,Towers with Radar,1118,245,6,0,1369,0,1,0,0,1,1118,246,6,0,1370,0,0,0,1370
05/02/2021,DEN,CO,ANM,WE,Towers with Radar,1252,262,4,0,1518,0,1,0,0,1,1252,263,4,0,1519,0,0,0,1519
05/03/2021,DEN,CO,ANM,WE,Towers with Radar,1242,284,3,3,1532,0,0,0,0,0,1242,284,3,3,1532,0,0,0,1532
05/04/2021,DEN,CO,ANM,WE,Towers with Radar,1113,268,6,1,1388,0,1,2,0,3,1113,269,8,1,1391,0,0,0,1391
05/05/2021,DEN,CO,ANM,WE,Towers with Radar,1146,293,6,0,1445,0,2,0,1,3,1146,295,6,1,1448,0,0,0,1448
05/06/2021,DEN,CO,ANM,WE,Towers with Radar,1299,310,3,0,1612,0,0,1,0,1,1299,310,4,0,1613,0,0,0,1613
05/07/2021,DEN,CO,ANM,WE,Towers with Radar,1318,312,2,2,1634,0,0,8,0,8,1318,312,10,2,1642,0,0,0,1642
05/08/2021,DEN,CO,ANM,WE,Towers with Radar,1194,240,2,0,1436,0,1,0,0,1,1194,241,2,0,1437,0,0,0,1437
05/09/2021,DEN,CO,ANM,WE,Towers with Radar,1328,265,0,0,1593,0,0,1,0,1,1328,265,1,0,1594,0,0,0,1594
05/10/2021,DEN,CO,ANM,WE,Towers with Radar,1337,275,2,1,1615,0,0,0,0,0,1337,275,2,1,1615,0,0,0,1615
05/11/2021,DEN,CO,ANM,WE,Towers with Radar,1210,265,3,1,1479,0,0,0,0,0,1210,265,3,1,1479,0,0,0,1479
05/12/2021,DEN,CO,ANM,WE,Towers with Radar,1237,292,9,0,1538,0,0,0,0,0,1237,292,9,0,1538,0,0,0,1538
05/13/2021,DEN,CO,ANM,WE,Towers with Radar,1368,313,4,0,1685,1,0,2,0,3,1369,313,6,0,1688,0,0,0,1688
05/14/2021,DEN,CO,ANM,WE,Towers with Radar,1380,311,4,1,1696,0,1,1,0,2,1380,312,5,1,1698,0,0,0,1698
05/15/2021,DEN,CO,ANM,WE,Towers with Radar,1195,242,3,0,1440,0,0,0,0,0,1195,242,3,0,1440,0,0,0,1440
05/16/2021,DEN,CO,ANM,WE,Towers with Radar,1344,248,5,0,1597,0,0,0,0,0,1344,248,5,0,1597,0,0,0,1597
05/17/2021,DEN,CO,ANM,WE,Towers with Radar,1348,265,3,0,1616,0,0,0,0,0,1348,265,3,0,1616,0,0,0,1616
05/18/2021,DEN,CO,ANM,WE,Towers with Radar,1265,277,5,0,1547,0,1,0,0,1,1265,278,5,0,1548,0,0,0,1548
05/19/2021,DEN,CO,ANM,WE,Towers with Radar,1281,292,7,0,1580,0,1,0,0,1,1281,293,7,0,1581,0,0,0,1581
05/20/2021,DEN,CO,ANM,WE,Towers with Radar,1388,306,3,0,1697,0,0,3,0,3,1388,306,6,0,1700,0,0,0,1700
05/21/2021,DEN,CO,ANM,WE,Towers with Radar,1362,311,4,1,1678,0,1,0,0,1,1362,312,4,1,1679,0,0,0,1679
05/22/2021,DEN,CO,ANM,WE,Towers with Radar,1190,241,6,0,1437,0,1,1,0,2,1190,242,7,0,1439,0,0,0,1439
05/23/2021,DEN,CO,ANM,WE,Towers with Radar,1350,263,3,0,1616,0,0,0,0,0,1350,263,3,0,1616,0,0,0,1616
05/24/2021,DEN,CO,ANM,WE,Towers with Radar,1350,277,1,0,1628,0,0,2,0,2,1350,277,3,0,1630,0,0,0,1630
05/25/2021,DEN,CO,ANM,WE,Towers with Radar,1284,263,2,0,1549,0,3,3,2,8,1284,266,5,2,1557,0,0,0,1557
05/26/2021,DEN,CO,ANM,WE,Towers with Radar,1280,293,1,2,1576,0,1,0,0,1,1280,294,1,2,1577,0,0,0,1577
05/27/2021,DEN,CO,ANM,WE,Towers with Radar,1375,312,6,0,1693,0,0,0,0,0,1375,312,6,0,1693,0,0,0,1693
05/28/2021,DEN,CO,ANM,WE,Towers with Radar,1357,307,6,0,1670,0,0,1,1,2,1357,307,7,1,1672,0,0,0,1672
05/29/2021,DEN,CO,ANM,WE,Towers with Radar,1196,247,3,0,1446,0,0,0,0,0,1196,247,3,0,1446,0,0,0,1446
05/30/2021,DEN,CO,ANM,WE,Towers with Radar,1327,231,1,0,1559,0,0,0,0,0,1327,231,1,0,1559,0,0,0,1559
05/31/2021,DEN,CO,ANM,WE,Towers with Radar,1353,273,7,0,1633,0,0,0,0,0,1353,273,7,0,1633,0,0,0,1633
06/01/2021,DEN,CO,ANM,WE,Towers with Radar,1319,262,7,0,1588,0,1,2,0,3,1319,263,9,0,1591,0,0,0,1591
06/02/2021,DEN,CO,ANM,WE,Towers with Radar,1337,293,10,0,1640,0,1,0,0,1,1337,294,10,0,1641,0,0,0,1641
06/03/2021,DEN,CO,ANM,WE,Towers with Radar,1419,370,10,0,1799,0,1,0,0,1,1419,371,10,0,1800,0,0,0,1800
06/04/2021,DEN,CO,ANM,WE,Towers with Radar,1432,376,4,0,1812,0,1,2,0,3,1432,377,6,0,1815,0,0,0,1815
06/05/2021,DEN,CO,ANM,WE,Towers with Radar,1315,310,0,0,1625,0,0,2,0,2,1315,310,2,0,1627,0,0,0,1627
06/06/2021,DEN,CO,ANM,WE,Towers with Radar,1432,292,5,2,1731,0,0,0,0,0,1432,292,5,2,1731,0,0,0,1731
06/07/2021,DEN,CO,ANM,WE,Towers with Radar,1463,322,7,0,1792,0,0,0,1,1,1463,322,7,1,1793,0,0,0,1793
06/08/2021,DEN,CO,ANM,WE,Towers with Radar,1462,340,9,0,1811,0,0,0,0,0,1462,340,9,0,1811,0,0,0,1811
06/09/2021,DEN,CO,ANM,WE,Towers with Radar,1459,370,3,0,1832,0,0,1,0,1,1459,370,4,0,1833,0,0,0,1833
06/10/2021,DEN,CO,ANM,WE,Towers with Radar,1537,383,11,0,1931,0,1,4,0,5,1537,384,15,0,1936,0,0,0,1936
06/11/2021,DEN,CO,ANM,WE,Towers with Radar,1497,381,7,0,1885,0,1,2,0,3,1497,382,9,0,1888,0,0,0,1888
06/12/2021,DEN,CO,ANM,WE,Towers with Radar,1360,323,3,0,1686,0,2,4,0,6,1360,325,7,0,1692,0,0,0,1692
06/13/2021,DEN,CO,ANM,WE,Towers with Radar,1446,336,15,1,1798,0,0,5,0,5,1446,336,20,1,1803,0,0,0,1803
06/14/2021,DEN,CO,ANM,WE,Towers with Radar,1442,359,6,1,1808,0,0,0,0,0,1442,359,6,1,1808,0,0,0,1808
06/15/2021,DEN,CO,ANM,WE,Towers with Radar,1395,355,4,0,1754,0,0,3,0,3,1395,355,7,0,1757,0,0,0,1757
06/16/2021,DEN,CO,ANM,WE,Towers with Radar,1438,390,9,0,1837,0,1,1,0,2,1438,391,10,0,1839,0,0,0,1839
06/17/2021,DEN,CO,ANM,WE,Towers with Radar,1519,378,16,0,1913,0,1,3,0,4,1519,379,19,0,1917,0,0,0,1917
06/18/2021,DEN,CO,ANM,WE,Towers with Radar,1484,391,10,0,1885,0,0,0,0,0,1484,391,10,0,1885,0,0,0,1885
06/19/2021,DEN,CO,ANM,WE,Towers with Radar,1312,322,2,0,1636,0,5,0,0,5,1312,327,2,0,1641,0,0,0,1641
06/20/2021,DEN,CO,ANM,WE,Towers with Radar,1469,339,7,0,1815,0,0,3,0,3,1469,339,10,0,1818,0,0,0,1818
06/21/2021,DEN,CO,ANM,WE,Towers with Radar,1469,360,7,0,1836,0,0,2,0,2,1469,360,9,0,1838,0,0,0,1838
06/22/2021,DEN,CO,ANM,WE,Towers with Radar,1462,352,8,0,1822,0,1,2,0,3,1462,353,10,0,1825,0,0,0,1825
06/23/2021,DEN,CO,ANM,WE,Towers with Radar,1505,393,10,0,1908,0,1,0,0,1,1505,394,10,0,1909,0,0,0,1909
06/24/2021,DEN,CO,ANM,WE,Towers with Radar,1399,366,9,0,1774,0,0,1,0,1,1399,366,10,0,1775,0,0,0,1775
06/25/2021,DEN,CO,ANM,WE,Towers with Radar,1363,332,7,0,1702,0,0,0,0,0,1363,332,7,0,1702,0,0,0,1702
06/26/2021,DEN,CO,ANM,WE,Towers with Radar,1327,315,4,0,1646,0,1,2,0,3,1327,316,6,0,1649,0,0,0,1649
06/27/2021,DEN,CO,ANM,WE,Towers with Radar,1410,335,11,0,1756,0,0,0,1,1,1410,335,11,1,1757,0,0,0,1757
06/28/2021,DEN,CO,ANM,WE,Towers with Radar,1418,366,18,0,1802,0,1,0,0,1,1418,367,18,0,1803,0,0,0,1803
06/29/2021,DEN,CO,ANM,WE,Towers with Radar,1492,354,9,0,1855,0,0,2,0,2,1492,354,11,0,1857,0,0,0,1857
06/30/2021,DEN,CO,ANM,WE,Towers with Radar,1455,395,12,0,1862,0,2,0,0,2,1455,397,12,0,1864,0,0,0,1864
07/01/2021,DEN,CO,ANM,WE,Towers with Radar,1361,345,11,0,1717,0,2,7,0,9,1361,347,18,0,1726,0,0,0,1726
07/02/2021,DEN,CO,ANM,WE,Towers with Radar,1453,384,9,1,1847,0,1,1,0,2,1453,385,10,1,1849,0,0,0,1849
07/03/2021,DEN,CO,ANM,WE,Towers with Radar,1347,319,14,1,1681,0,0,5,0,5,1347,319,19,1,1686,0,0,0,1686
07/04/2021,DEN,CO,ANM,WE,Towers with Radar,1417,354,5,0,1776,0,0,3,0,3,1417,354,8,0,1779,0,0,0,1779
07/05/2021,DEN,CO,ANM,WE,Towers with Radar,1414,349,11,0,1774,0,0,5,0,5,1414,349,16,0,1779,0,0,0,1779
07/06/2021,DEN,CO,ANM,WE,Towers with Radar,1479,355,11,0,1845,0,1,1,0,2,1479,356,12,0,1847,0,0,0,1847
07/07/2021,DEN,CO,ANM,WE,Towers with Radar,1489,409,15,0,1913,0,0,2,0,2,1489,409,17,0,1915,0,0,0,1915
07/08/2021,DEN,CO,ANM,WE,Towers with Radar,1532,404,18,0,1954,0,1,1,0,2,1532,405,19,0,1956,0,0,0,1956
07/09/2021,DEN,CO,ANM,WE,Towers with Radar,1544,397,13,0,1954,0,2,0,0,2,1544,399,13,0,1956,0,0,0,1956
07/10/2021,DEN,CO,ANM,WE,Towers with Radar,1384,340,10,1,1735,0,1,5,0,6,1384,341,15,1,1741,0,0,0,1741
07/11/2021,DEN,CO,ANM,WE,Towers with Radar,1501,362,22,0,1885,0,1,2,1,4,1501,363,24,1,1889,0,0,0,1889
07/12/2021,DEN,CO,ANM,WE,Towers with Radar,1544,395,21,0,1960,0,1,16,0,17,1544,396,37,0,1977,0,0,0,1977
07/13/2021,DEN,CO,ANM,WE,Towers with Radar,1486,355,15,0,1856,0,1,4,0,5,1486,356,19,0,1861,0,0,0,1861
07/14/2021,DEN,CO,ANM,WE,Towers with Radar,1451,393,21,0,1865,0,1,23,2,26,1451,394,44,2,1891,0,0,0,1891
07/15/2021,DEN,CO,ANM,WE,Towers with Radar,1567,405,16,0,1988,0,0,2,2,4,1567,405,18,2,1992,0,0,0,1992
07/16/2021,DEN,CO,ANM,WE,Towers with Radar,1529,405,13,0,1947,0,0,0,0,0,1529,405,13,0,1947,0,0,0,1947
07/17/2021,DEN,CO,ANM,WE,Towers with Radar,1346,333,7,0,1686,0,1,0,0,1,1346,334,7,0,1687,0,0,0,1687
07/18/2021,DEN,CO,ANM,WE,Towers with Radar,1477,358,22,0,1857,0,0,0,0,0,1477,358,22,0,1857,0,0,0,1857
07/19/2021,DEN,CO,ANM,WE,Towers with Radar,1520,376,13,0,1909,0,1,0,0,1,1520,377,13,0,1910,0,0,0,1910
07/20/2021,DEN,CO,ANM,WE,Towers with Radar,1529,362,11,0,1902,0,1,4,0,5,1529,363,15,0,1907,0,0,0,1907
07/21/2021,DEN,CO,ANM,WE,Towers with Radar,1489,361,5,0,1855,0,1,0,0,1,1489,362,5,0,1856,0,0,0,1856
07/22/2021,DEN,CO,ANM,WE,Towers with Radar,1443,401,7,0,1851,1,0,2,0,3,1444,401,9,0,1854,0,0,0,1854
07/23/2021,DEN,CO,ANM,WE,Towers with Radar,1511,377,8,0,1896,0,2,0,0,2,1511,379,8,0,1898,0,0,0,1898
07/24/2021,DEN,CO,ANM,WE,Towers with Radar,1386,343,6,1,1736,0,1,3,0,4,1386,344,9,1,1740,0,0,0,1740
07/25/2021,DEN,CO,ANM,WE,Towers with Radar,1489,365,10,0,1864,0,0,2,0,2,1489,365,12,0,1866,0,0,0,1866
07/26/2021,DEN,CO,ANM,WE,Towers with Radar,1522,403,7,1,1933,0,0,0,0,0,1522,403,7,1,1933,0,0,0,1933
07/27/2021,DEN,CO,ANM,WE,Towers with Radar,1522,364,15,0,1901,0,1,6,0,7,1522,365,21,0,1908,0,0,0,1908
07/28/2021,DEN,CO,ANM,WE,Towers with Radar,1517,413,15,0,1945,0,0,6,0,6,1517,413,21,0,1951,0,0,0,1951
07/29/2021,DEN,CO,ANM,WE,Towers with Radar,1553,406,17,0,1976,0,0,1,0,1,1553,406,18,0,1977,0,0,0,1977
07/30/2021,DEN,CO,ANM,WE,Towers with Radar,1432,379,12,0,1823,0,0,5,0,5,1432,379,17,0,1828,0,0,0,1828
07/31/2021,DEN,CO,ANM,WE,Towers with Radar,1364,338,10,0,1712,0,0,0,0,0,1364,338,10,0,1712,0,0,0,1712
08/01/2021,DEN,CO,ANM,WE,Towers with Radar,1451,378,19,0,1848,0,0,0,0,0,1451,378,19,0,1848,0,0,0,1848
08/02/2021,DEN,CO,ANM,WE,Towers with Radar,1499,386,10,0,1895,0,1,0,1,2,1499,387,10,1,1897,0,0,0,1897
08/03/2021,DEN,CO,ANM,WE,Towers with Radar,1476,369,11,0,1856,0,0,0,1,1,1476,369,11,1,1857,0,0,0,1857
08/04/2021,DEN,CO,ANM,WE,Towers with Radar,1509,409,16,0,1934,0,0,2,0,2,1509,409,18,0,1936,0,0,0,1936
08/05/2021,DEN,CO,ANM,WE,Towers with Radar,1548,411,12,0,1971,0,3,1,0,4,1548,414,13,0,1975,0,0,0,1975
08/06/2021,DEN,CO,ANM,WE,Towers with Radar,1458,384,11,0,1853,0,1,3,0,4,1458,385,14,0,1857,0,0,0,1857
08/07/2021,DEN,CO,ANM,WE,Towers with Radar,1385,343,3,0,1731,0,1,1,0,2,1385,344,4,0,1733,0,0,0,1733
08/08/2021,DEN,CO,ANM,WE,Towers with Radar,1485,355,10,0,1850,0,1,0,0,1,1485,356,10,0,1851,0,0,0,1851
08/09/2021,DEN,CO,ANM,WE,Towers with Radar,1514,374,13,0,1901,0,0,0,0,0,1514,374,13,0,1901,0,0,0,1901
08/10/2021,DEN,CO,ANM,WE,Towers with Radar,1545,376,9,0,1930,0,0,2,0,2,1545,376,11,0,1932,0,0,0,1932
08/11/2021,DEN,CO,ANM,WE,Towers with Radar,1491,412,6,0,1909,0,0,4,0,4,1491,412,10,0,1913,0,0,0,1913
08/12/2021,DEN,CO,ANM,WE,Towers with Radar,1535,417,7,0,1959,0,0,1,0,1,1535,417,8,0,1960,0,0,0,1960
08/13/2021,DEN,CO,ANM,WE,Towers with Radar,1510,415,6,0,1931,0,1,0,0,1,1510,416,6,0,1932,0,0,0,1932
08/14/2021,DEN,CO,ANM,WE,Towers with Radar,1379,360,7,0,1746,0,0,4,2,6,1379,360,11,2,1752,0,0,0,1752
08/15/2021,DEN,CO,ANM,WE,Towers with Radar,1423,360,7,0,1790,0,0,4,0,4,1423,360,11,0,1794,0,0,0,1794
08/16/2021,DEN,CO,ANM,WE,Towers with Radar,1529,404,12,4,1949,0,0,17,0,17,1529,404,29,4,1966,0,0,0,1966
08/17/2021,DEN,CO,ANM,WE,Towers with Radar,1504,384,6,0,1894,0,0,0,0,0,1504,384,6,0,1894,0,0,0,1894
08/18/2021,DEN,CO,ANM,WE,Towers with Radar,1475,390,4,1,1870,0,0,0,0,0,1475,390,4,1,1870,0,0,0,1870
08/19/2021,DEN,CO,ANM,WE,Towers with Radar,1419,364,11,1,1795,0,1,0,0,1,1419,365,11,1,1796,0,0,0,1796
08/20/2021,DEN,CO,ANM,WE,Towers with Radar,1516,398,7,0,1921,0,0,0,0,0,1516,398,7,0,1921,0,0,0,1921
08/21/2021,DEN,CO,ANM,WE,Towers with Radar,1348,340,9,0,1697,0,1,0,0,1,1348,341,9,0,1698,0,0,0,1698
08/22/2021,DEN,CO,ANM,WE,Towers with Radar,1506,379,8,0,1893,0,0,0,0,0,1506,379,8,0,1893,0,0,0,1893
08/23/2021,DEN,CO,ANM,WE,Towers with Radar,1540,392,4,0,1936,0,1,10,0,11,1540,393,14,0,1947,0,0,0,1947
08/24/2021,DEN,CO,ANM,WE,Towers with Radar,1494,372,5,0,1871,0,0,1,0,1,1494,372,6,0,1872,0,0,0,1872
08/25/2021,DEN,CO,ANM,WE,Towers with Radar,1476,404,6,0,1886,0,3,1,0,4,1476,407,7,0,1890,0,0,0,1890
08/26/2021,DEN,CO,ANM,WE,Towers with Radar,1528,409,7,0,1944,0,0,0,2,2,1528,409,7,2,1946,0,0,0,1946
08/27/2021,DEN,CO,ANM,WE,Towers with Radar,1540,411,9,0,1960,0,2,2,2,6,1540,413,11,2,1966,0,0,0,1966
08/28/2021,DEN,CO,ANM,WE,Towers with Radar,1371,351,6,0,1728,0,2,2,0,4,1371,353,8,0,1732,0,0,0,1732
08/29/2021,DEN,CO,ANM,WE,Towers with Radar,1469,369,8,1,1847,0,0,0,0,0,1469,369,8,1,1847,0,0,0,1847
08/30/2021,DEN,CO,ANM,WE,Towers with Radar,1507,394,4,3,1908,0,0,2,0,2,1507,394,6,3,1910,0,0,0,1910
08/31/2021,DEN,CO,ANM,WE,Towers with Radar,1491,384,7,0,1882,0,1,0,0,1,1491,385,7,0,1883,0,0,0,1883
09/01/2021,DEN,CO,ANM,WE,Towers with Radar,1498,415,7,0,1920,0,0,2,0,2,1498,415,9,0,1922,0,0,0,1922
09/02/2021,DEN,CO,ANM,WE,Towers with Radar,1525,411,9,0,1945,0,0,0,0,0,1525,411,9,0,1945,0,0,0,1945
09/03/2021,DEN,CO,ANM,WE,Towers with Radar,1413,361,12,1,1787,0,0,4,0,4,1413,361,16,1,1791,0,0,0,1791
09/04/2021,DEN,CO,ANM,WE,Towers with Radar,1350,350,10,0,1710,0,0,0,0,0,1350,350,10,0,1710,0,0,0,1710
09/05/2021,DEN,CO,ANM,WE,Towers with Radar,1432,360,7,0,1799,0,0,0,0,0,1432,360,7,0,1799,0,0,0,1799
09/06/2021,DEN,CO,ANM,WE,Towers with Radar,1511,362,6,0,1879,0,0,2,0,2,1511,362,8,0,1881,0,0,0,1881
09/07/2021,DEN,CO,ANM,WE,Towers with Radar,1427,370,7,0,1804,0,1,0,2,3,1427,371,7,2,1807,0,0,0,1807
09/08/2021,DEN,CO,ANM,WE,Towers with Radar,1459,389,14,0,1862,0,0,0,0,0,1459,389,14,0,1862,0,0,0,1862
09/09/2021,DEN,CO,ANM,WE,Towers with Radar,1544,402,7,2,1955,0,1,5,0,6,1544,403,12,2,1961,0,0,0,1961
09/10/2021,DEN,CO,ANM,WE,Towers with Radar,1512,381,10,0,1903,0,0,4,0,4,1512,381,14,0,1907,0,0,0,1907
09/11/2021,DEN,CO,ANM,WE,Towers with Radar,1312,329,7,1,1649,0,0,0,0,0,1312,329,7,1,1649,0,0,0,1649
09/12/2021,DEN,CO,ANM,WE,Towers with Radar,1471,342,10,2,1825,0,0,5,0,5,1471,342,15,2,1830,0,0,0,1830
09/13/2021,DEN,CO,ANM,WE,Towers with Radar,1495,363,7,2,1867,0,0,2,3,5,1495,363,9,5,1872,0,0,0,1872
09/14/2021,DEN,CO,ANM,WE,Towers with Radar,1428,366,8,4,1806,0,0,5,0,5,1428,366,13,4,1811,0,0,0,1811
09/15/2021,DEN,CO,ANM,WE,Towers with Radar,1447,385,5,4,1841,0,0,0,0,0,1447,385,5,4,1841,0,0,0,1841
09/16/2021,DEN,CO,ANM,WE,Towers with Radar,1573,410,8,0,1991,0,0,0,2,2,1573,410,8,2,1993,0,0,0,1993
09/17/2021,DEN,CO,ANM,WE,Towers with Radar,1503,371,9,0,1883,0,0,0,0,0,1503,371,9,0,1883,0,0,0,1883
09/18/2021,DEN,CO,ANM,WE,Towers with Radar,1326,311,3,0,1640,0,0,0,0,0,1326,311,3,0,1640,0,0,0,1640
09/19/2021,DEN,CO,ANM,WE,Towers with Radar,1491,325,14,0,1830,0,0,0,0,0,1491,325,14,0,1830,0,0,0,1830
09/20/2021,DEN,CO,ANM,WE,Towers with Radar,1497,373,8,0,1878,0,0,0,0,0,1497,373,8,0,1878,0,0,0,1878
09/21/2021,DEN,CO,ANM,WE,Towers with Radar,1441,348,14,2,1805,0,1,1,0,2,1441,349,15,2,1807,0,0,0,1807
09/22/2021,DEN,CO,ANM,WE,Towers with Radar,1447,387,9,0,1843,0,1,2,0,3,1447,388,11,0,1846,0,0,0,1846
09/23/2021,DEN,CO,ANM,WE,Towers with Radar,1537,386,10,0,1933,0,1,0,0,1,1537,387,10,0,1934,0,0,0,1934
09/24/2021,DEN,CO,ANM,WE,Towers with Radar,1505,387,14,0,1906,0,1,0,0,1,1505,388,14,0,1907,0,0,0,1907
09/25/2021,DEN,CO,ANM,WE,Towers with Radar,1318,326,5,0,1649,0,0,2,0,2,1318,326,7,0,1651,0,0,0,1651
09/26/2021,DEN,CO,ANM,WE,Towers with Radar,1483,343,12,0,1838,0,0,3,2,5,1483,343,15,2,1843,0,0,0,1843
09/27/2021,DEN,CO,ANM,WE,Towers with Radar,1507,361,2,0,1870,0,0,0,0,0,1507,361,2,0,1870,0,0,0,1870
09/28/2021,DEN,CO,ANM,WE,Towers with Radar,1412,339,8,0,1759,0,0,0,2,2,1412,339,8,2,1761,0,0,0,1761
09/29/2021,DEN,CO,ANM,WE,Towers with Radar,1423,364,4,0,1791,0,0,0,0,0,1423,364,4,0,1791,0,0,0,1791
09/30/2021,DEN,CO,ANM,WE,Towers with Radar,1532,393,16,0,1941,0,0,2,0,2,1532,393,18,0,1943,0,0,0,1943
10/01/2021,DEN,CO,ANM,WE,Towers with Radar,1456,349,14,0,1819,0,0,0,0,0,1456,349,14,0,1819,0,0,0,1819
10/02/2021,DEN,CO,ANM,WE,Towers with Radar,1319,307,8,0,1634,0,2,0,0,2,1319,309,8,0,1636,0,0,0,1636
10/03/2021,DEN,CO,ANM,WE,Towers with Radar,1477,336,10,0,1823,0,0,0,0,0,1477,336,10,0,1823,0,0,0,1823
10/04/2021,DEN,CO,ANM,WE,Towers with Radar,1491,359,5,0,1855,0,1,35,0,36,1491,360,40,0,1891,0,0,0,1891
10/05/2021,DEN,CO,ANM,WE,Towers with Radar,1389,313,13,0,1715,0,0,9,0,9,1389,313,22,0,1724,0,0,0,1724
10/06/2021,DEN,CO,ANM,WE,Towers with Radar,1387,329,7,0,1723,0,0,2,0,2,1387,329,9,0,1725,0,0,0,1725
10/07/2021,DEN,CO,ANM,WE,Towers with Radar,1460,353,8,0,1821,0,1,0,0,1,1460,354,8,0,1822,0,0,0,1822
10/08/2021,DEN,CO,ANM,WE,Towers with Radar,1432,349,8,0,1789,0,0,0,0,0,1432,349,8,0,1789,0,0,0,1789
10/09/2021,DEN,CO,ANM,WE,Towers with Radar,1207,284,7,0,1498,0,0,0,0,0,1207,284,7,0,1498,0,0,0,1498
10/10/2021,DEN,CO,ANM,WE,Towers with Radar,1239,308,15,0,1562,0,0,1,0,1,1239,308,16,0,1563,0,0,0,1563
10/11/2021,DEN,CO,ANM,WE,Towers with Radar,1380,321,12,0,1713,0,0,0,0,0,1380,321,12,0,1713,0,0,0,1713
10/12/2021,DEN,CO,ANM,WE,Towers with Radar,1379,290,3,0,1672,0,1,0,0,1,1379,291,3,0,1673,0,0,0,1673
10/13/2021,DEN,CO,ANM,WE,Towers with Radar,1357,338,4,0,1699,0,0,0,0,0,1357,338,4,0,1699,0,0,0,1699
10/14/2021,DEN,CO,ANM,WE,Towers with Radar,1436,348,8,1,1793,0,0,1,0,1,1436,348,9,1,1794,0,0,0,1794
10/15/2021,DEN,CO,ANM,WE,Towers with Radar,1453,339,6,1,1799,0,0,1,0,1,1453,339,7,1,1800,0,0,0,1800
10/16/2021,DEN,CO,ANM,WE,Towers with Radar,1314,291,3,2,1610,0,0,2,0,2,1314,291,5,2,1612,0,0,0,1612
10/17/2021,DEN,CO,ANM,WE,Towers with Radar,1431,299,10,0,1740,0,0,0,0,0,1431,299,10,0,1740,0,0,0,1740
10/18/2021,DEN,CO,ANM,WE,Towers with Radar,1421,332,7,0,1760,0,0,2,0,2,1421,332,9,0,1762,0,0,0,1762
10/19/2021,DEN,CO,ANM,WE,Towers with Radar,1384,306,5,0,1695,0,0,1,0,1,1384,306,6,0,1696,0,0,0,1696
10/20/2021,DEN,CO,ANM,WE,Towers with Radar,1381,345,10,0,1736,0,0,1,0,1,1381,345,11,0,1737,0,0,0,1737
10/21/2021,DEN,CO,ANM,WE,Towers with Radar,1392,270,4,0,1666,0,1,0,0,1,1392,271,4,0,1667,0,0,0,1667
10/22/2021,DEN,CO,ANM,WE,Towers with Radar,1392,293,8,0,1693,0,0,0,0,0,1392,293,8,0,1693,0,0,0,1693
10/23/2021,DEN,CO,ANM,WE,Towers with Radar,1285,273,4,0,1562,0,1,2,0,3,1285,274,6,0,1565,0,0,0,1565
10/24/2021,DEN,CO,ANM,WE,Towers with Radar,1414,295,5,0,1714,0,0,1,0,1,1414,295,6,0,1715,0,0,0,1715
10/25/2021,DEN,CO,ANM,WE,Towers with Radar,1418,311,3,0,1732,0,0,0,0,0,1418,311,3,0,1732,0,0,0,1732
10/26/2021,DEN,CO,ANM,WE,Towers with Radar,1387,306,7,0,1700,0,1,3,0,4,1387,307,10,0,1704,0,0,0,1704
10/27/2021,DEN,CO,ANM,WE,Towers with Radar,1375,337,6,0,1718,0,0,0,0,0,1375,337,6,0,1718,0,0,0,1718
10/28/2021,DEN,CO,ANM,WE,Towers with Radar,1427,335,4,0,1766,0,1,0,0,1,1427,336,4,0,1767,0,0,0,1767
10/29/2021,DEN,CO,ANM,WE,Towers with Radar,1430,359,7,0,1796,0,0,0,0,0,1430,359,7,0,1796,0,0,0,1796
10/30/2021,DEN,CO,ANM,WE,Towers with Radar,1260,270,1,0,1531,0,0,0,0,0,1260,270,1,0,1531,0,0,0,1531
10/31/2021,DEN,CO,ANM,WE,Towers with Radar,1307,321,7,0,1635,0,0,0,0,0,1307,321,7,0,1635,0,0,0,1635
11/01/2021,DEN,CO,ANM,WE,Towers with Radar,1392,354,17,0,1763,0,0,0,0,0,1392,354,17,0,1763,0,0,0,1763
11/02/2021,DEN,CO,ANM,WE,Towers with Radar,1325,322,5,0,1652,0,0,0,0,0,1325,322,5,0,1652,0,0,0,1652
11/03/2021,DEN,CO,ANM,WE,Towers with Radar,1303,367,14,0,1684,0,1,0,0,1,1303,368,14,0,1685,0,0,0,1685
11/04/2021,DEN,CO,ANM,WE,Towers with Radar,1440,382,5,0,1827,0,0,2,0,2,1440,382,7,0,1829,0,0,0,1829
11/05/2021,DEN,CO,ANM,WE,Towers with Radar,1414,385,11,1,1811,0,2,3,0,5,1414,387,14,1,1816,0,0,0,1816
11/06/2021,DEN,CO,ANM,WE,Towers with Radar,1277,300,3,0,1580,0,0,1,0,1,1277,300,4,0,1581,0,0,0,1581
11/07/2021,DEN,CO,ANM,WE,Towers with Radar,1330,328,5,0,1663,0,0,0,0,0,1330,328,5,0,1663,0,0,0,1663
11/08/2021,DEN,CO,ANM,WE,Towers with Radar,1363,350,10,0,1723,0,0,0,0,0,1363,350,10,0,1723,0,0,0,1723
11/09/2021,DEN,CO,ANM,WE,Towers with Radar,1270,312,9,0,1591,0,1,2,0,3,1270,313,11,0,1594,0,0,0,1594
11/10/2021,DEN,CO,ANM,WE,Towers with Radar,1241,367,4,0,1612,0,0,0,0,0,1241,367,4,0,1612,0,0,0,1612
11/11/2021,DEN,CO,ANM,WE,Towers with Radar,1382,375,4,0,1761,0,2,0,0,2,1382,377,4,0,1763,0,0,0,1763
11/12/2021,DEN,CO,ANM,WE,Towers with Radar,1389,376,7,0,1772,0,0,2,0,2,1389,376,9,0,1774,0,0,0,1774
11/13/2021,DEN,CO,ANM,WE,Towers with Radar,1206,318,6,0,1530,0,0,1,0,1,1206,318,7,0,1531,0,0,0,1531
11/14/2021,DEN,CO,ANM,WE,Towers with Radar,1342,337,3,0,1682,0,0,0,0,0,1342,337,3,0,1682,0,0,0,1682
11/15/2021,DEN,CO,ANM,WE,Towers with Radar,1367,354,6,0,1727,0,2,0,0,2,1367,356,6,0,1729,0,0,0,1729
11/16/2021,DEN,CO,ANM,WE,Towers with Radar,1268,338,9,0,1615,1,1,0,0,2,1269,339,9,0,1617,0,0,0,1617
11/17/2021,DEN,CO,ANM,WE,Towers with Radar,1257,368,6,0,1631,0,3,3,0,6,1257,371,9,0,1637,0,0,0,1637
11/18/2021,DEN,CO,ANM,WE,Towers with Radar,1380,378,10,0,1768,0,0,0,0,0,1380,378,10,0,1768,0,0,0,1768
11/19/2021,DEN,CO,ANM,WE,Towers with Radar,1409,385,9,0,1803,0,2,2,0,4,1409,387,11,0,1807,0,0,0,1807
11/20/2021,DEN,CO,ANM,WE,Towers with Radar,1321,303,7,2,1633,0,0,0,0,0,1321,303,7,2,1633,0,0,0,1633
11/21/2021,DEN,CO,ANM,WE,Towers with Radar,1346,331,9,3,1689,0,0,1,0,1,1346,331,10,3,1690,0,0,0,1690
11/22/2021,DEN,CO,ANM,WE,Towers with Radar,1367,349,6,1,1723,0,2,0,0,2,1367,351,6,1,1725,0,0,0,1725
11/23/2021,DEN,CO,ANM,WE,Towers with Radar,1440,380,2,0,1822,0,2,0,0,2,1440,382,2,0,1824,0,0,0,1824
11/24/2021,DEN,CO,ANM,WE,Towers with Radar,1453,391,10,1,1855,0,2,0,0,2,1453,393,10,1,1857,0,0,0,1857
11/25/2021,DEN,CO,ANM,WE,Towers with Radar,936,175,1,0,1112,0,0,0,0,0,936,175,1,0,1112,0,0,0,1112
11/26/2021,DEN,CO,ANM,WE,Towers with Radar,1191,334,4,1,1530,0,0,1,0,1,1191,334,5,1,1531,0,0,0,1531
11/27/2021,DEN,CO,ANM,WE,Towers with Radar,1370,336,6,0,1712,0,0,0,0,0,1370,336,6,0,1712,0,0,0,1712
11/28/2021,DEN,CO,ANM,WE,Towers with Radar,1474,345,10,0,1829,0,0,2,0,2,1474,345,12,0,1831,0,0,0,1831
11/29/2021,DEN,CO,ANM,WE,Towers with Radar,1436,359,9,0,1804,0,1,1,0,2,1436,360,10,0,1806,0,0,0,1806
11/30/2021,DEN,CO,ANM,WE,Towers with Radar,1342,333,11,0,1686,0,4,0,0,4,1342,337,11,0,1690,0,0,0,1690
12/01/2021,DEN,CO,ANM,WE,Towers with Radar,1258,360,4,2,1624,0,3,2,0,5,1258,363,6,2,1629,0,0,0,1629
12/02/2021,DEN,CO,ANM,WE,Towers with Radar,1352,371,13,0,1736,0,2,3,0,5,1352,373,16,0,1741,0,0,0,1741
12/03/2021,DEN,CO,ANM,WE,Towers with Radar,1334,366,8,0,1708,0,1,0,0,1,1334,367,8,0,1709,0,0,0,1709
12/04/2021,DEN,CO,ANM,WE,Towers with Radar,1196,272,2,0,1470,0,1,2,0,3,1196,273,4,0,1473,0,0,0,1473
12/05/2021,DEN,CO,ANM,WE,Towers with Radar,1311,297,4,0,1612,0,0,2,0,2,1311,297,6,0,1614,0,0,0,1614
12/06/2021,DEN,CO,ANM,WE,Towers with Radar,1295,319,10,0,1624,0,2,0,0,2,1295,321,10,0,1626,0,0,0,1626
12/07/2021,DEN,CO,ANM,WE,Towers with Radar,1249,312,3,0,1564,0,3,0,0,3,1249,315,3,0,1567,0,0,0,1567
12/08/2021,DEN,CO,ANM,WE,Towers with Radar,1248,337,6,0,1591,0,4,0,0,4,1248,341,6,0,1595,0,0,0,1595
12/09/2021,DEN,CO,ANM,WE,Towers with Radar,1336,343,7,0,1686,0,0,1,0,1,1336,343,8,0,1687,0,0,0,1687
12/10/2021,DEN,CO,ANM,WE,Towers with Radar,1293,334,8,0,1635,0,0,0,0,0,1293,334,8,0,1635,0,0,0,1635
12/11/2021,DEN,CO,ANM,WE,Towers with Radar,1220,283,2,0,1505,0,2,2,0,4,1220,285,4,0,1509,0,0,0,1509
12/12/2021,DEN,CO,ANM,WE,Towers with Radar,1311,289,1,0,1601,0,0,0,0,0,1311,289,1,0,1601,0,0,0,1601
12/13/2021,DEN,CO,ANM,WE,Towers with Radar,1318,324,4,0,1646,0,1,1,0,2,1318,325,5,0,1648,0,0,0,1648
12/14/2021,DEN,CO,ANM,WE,Towers with Radar,1254,317,4,0,1575,0,3,0,0,3,1254,320,4,0,1578,0,0,0,1578
12/15/2021,DEN,CO,ANM,WE,Towers with Radar,1154,236,11,0,1401,0,2,0,0,2,1154,238,11,0,1403,0,0,0,1403
12/16/2021,DEN,CO,ANM,WE,Towers with Radar,1393,379,7,0,1779,0,2,0,0,2,1393,381,7,0,1781,0,0,0,1781
12/17/2021,DEN,CO,ANM,WE,Towers with Radar,1395,373,6,0,1774,0,1,2,0,3,1395,374,8,0,1777,0,0,0,1777
12/18/2021,DEN,CO,ANM,WE,Towers with Radar,1311,312,1,0,1624,0,0,0,0,0,1311,312,1,0,1624,0,0,0,1624
12/19/2021,DEN,CO,ANM,WE,Towers with Radar,1369,325,10,0,1704,0,0,0,0,0,1369,325,10,0,1704,0,0,0,1704
12/20/2021,DEN,CO,ANM,WE,Towers with Radar,1392,353,12,0,1757,0,0,3,0,3,1392,353,15,0,1760,0,0,0,1760
12/21/2021,DEN,CO,ANM,WE,Towers with Radar,1407,343,7,0,1757,0,2,0,0,2,1407,345,7,0,1759,0,0,0,1759
12/22/2021,DEN,CO,ANM,WE,Towers with Radar,1394,371,8,0,1773,0,2,1,0,3,1394,373,9,0,1776,0,0,0,1776
12/23/2021,DEN,CO,ANM,WE,Towers with Radar,1428,372,6,0,1806,0,2,2,0,4,1428,374,8,0,1810,0,0,0,1810
12/24/2021,DEN,CO,ANM,WE,Towers with Radar,1223,349,4,0,1576,0,1,4,0,5,1223,350,8,0,1581,0,0,0,1581
12/25/2021,DEN,CO,ANM,WE,Towers with Radar,995,257,6,0,1258,0,0,0,0,0,995,257,6,0,1258,0,0,0,1258
12/26/2021,DEN,CO,ANM,WE,Towers with Radar,1300,307,22,0,1629,0,0,4,0,4,1300,307,26,0,1633,0,0,0,1633
12/27/2021,DEN,CO,ANM,WE,Towers with Radar,1316,334,21,0,1671,0,1,3,0,4,1316,335,24,0,1675,0,0,0,1675
12/28/2021,DEN,CO,ANM,WE,Towers with Radar,1367,333,9,2,1711,0,0,0,0,0,1367,333,9,2,1711,0,0,0,1711
12/29/2021,DEN,CO,ANM,WE,Towers with Radar,1354,368,16,0,1738,0,2,1,0,3,1354,370,17,0,1741,0,0,0,1741
12/30/2021,DEN,CO,ANM,WE,Towers with Radar,1367,352,10,0,1729,0,1,1,0,2,1367,353,11,0,1731,0,0,0,1731
12/31/2021,DEN,CO,ANM,WE,Towers with Radar,1078,248,16,0,1342,0,1,0,0,1,1078,249,16,0,1343,0,0,0,1343
01/01/2022,DEN,CO,ANM,WE,Towers with Radar,1060,191,9,0,1260,0,0,0,0,0,1060,191,9,0,1260,0,0,0,1260
01/02/2022,DEN,CO,ANM,WE,Towers with Radar,1185,226,14,0,1425,3,3,6,0,12,1188,229,20,0,1437,0,0,0,1437
01/03/2022,DEN,CO,ANM,WE,Towers with Radar,1231,304,10,0,1545,0,0,3,0,3,1231,304,13,0,1548,0,0,0,1548
01/04/2022,DEN,CO,ANM,WE,Towers with Radar,1195,263,6,2,1466,0,0,0,0,0,1195,263,6,2,1466,0,0,0,1466
01/05/2022,DEN,CO,ANM,WE,Towers with Radar,1014,218,2,2,1236,0,0,1,0,1,1014,218,3,2,1237,0,0,0,1237
01/06/2022,DEN,CO,ANM,WE,Towers with Radar,1051,313,9,3,1376,0,0,0,5,5,1051,313,9,8,1381,0,0,0,1381
01/07/2022,DEN,CO,ANM,WE,Towers with Radar,1075,334,4,8,1421,0,0,0,0,0,1075,334,4,8,1421,0,0,0,1421
01/08/2022,DEN,CO,ANM,WE,Towers with Radar,978,276,4,6,1264,0,0,0,1,1,978,276,4,7,1265,0,0,0,1265
01/09/2022,DEN,CO,ANM,WE,Towers with Radar,1097,285,2,1,1385,0,2,3,0,5,1097,287,5,1,1390,0,0,0,1390
01/10/2022,DEN,CO,ANM,WE,Towers with Radar,1094,309,7,0,1410,0,0,0,0,0,1094,309,7,0,1410,0,0,0,1410
01/11/2022,DEN,CO,ANM,WE,Towers with Radar,1062,286,3,0,1351,0,0,0,1,1,1062,286,3,1,1352,0,0,0,1352
01/12/2022,DEN,CO,ANM,WE,Towers with Radar,1157,326,9,0,1492,0,0,2,0,2,1157,326,11,0,1494,0,0,0,1494
01/13/2022,DEN,CO,ANM,WE,Towers with Radar,1210,327,13,0,1550,0,3,0,0,3,1210,330,13,0,1553,0,0,0,1553
01/14/2022,DEN,CO,ANM,WE,Towers with Radar,1232,325,9,0,1566,0,0,0,0,0,1232,325,9,0,1566,0,0,0,1566
01/15/2022,DEN,CO,ANM,WE,Towers with Radar,1103,283,4,0,1390,0,0,0,0,0,1103,283,4,0,1390,0,0,0,1390
01/16/2022,DEN,CO,ANM,WE,Towers with Radar,1165,301,11,0,1477,0,0,2,0,2,1165,301,13,0,1479,0,0,0,1479
01/17/2022,DEN,CO,ANM,WE,Towers with Radar,1259,328,11,0,1598,0,1,2,0,3,1259,329,13,0,1601,0,0,0,1601
01/18/2022,DEN,CO,ANM,WE,Towers with Radar,1194,284,8,0,1486,0,2,2,0,4,1194,286,10,0,1490,0,0,0,1490
01/19/2022,DEN,CO,ANM,WE,Towers with Radar,1177,312,6,0,1495,0,1,0,0,1,1177,313,6,0,1496,0,0,0,1496
01/20/2022,DEN,CO,ANM,WE,Towers with Radar,1286,327,6,0,1619,0,0,0,0,0,1286,327,6,0,1619,0,0,0,1619
01/21/2022,DEN,CO,ANM,WE,Towers with Radar,1271,338,2,0,1611,0,0,0,0,0,1271,338,2,0,1611,0,0,0,1611
01/22/2022,DEN,CO,ANM,WE,Towers with Radar,1103,289,4,0,1396,0,0,2,0,2,1103,289,6,0,1398,0,0,0,1398
01/23/2022,DEN,CO,ANM,WE,Towers with Radar,1288,300,6,0,1594,0,0,0,0,0,1288,300,6,0,1594,0,0,0,1594
01/24/2022,DEN,CO,ANM,WE,Towers with Radar,1281,327,3,0,1611,0,0,0,0,0,1281,327,3,0,1611,0,0,0,1611
01/25/2022,DEN,CO,ANM,WE,Towers with Radar,1153,242,0,0,1395,0,0,0,0,0,1153,242,0,0,1395,0,0,0,1395
01/26/2022,DEN,CO,ANM,WE,Towers with Radar,1215,341,2,2,1560,0,1,2,0,3,1215,342,4,2,1563,0,0,0,1563
01/27/2022,DEN,CO,ANM,WE,Towers with Radar,1238,310,7,0,1555,0,1,0,0,1,1238,311,7,0,1556,0,0,0,1556
01/28/2022,DEN,CO,ANM,WE,Towers with Radar,1271,343,0,0,1614,0,0,0,0,0,1271,343,0,0,1614,0,0,0,1614
01/29/2022,DEN,CO,ANM,WE,Towers with Radar,1072,292,2,0,1366,0,0,0,0,0,1072,292,2,0,1366,0,0,0,1366
01/30/2022,DEN,CO,ANM,WE,Towers with Radar,1259,319,9,0,1587,0,0,2,0,2,1259,319,11,0,1589,0,0,0,1589
01/31/2022,DEN,CO,ANM,WE,Towers with Radar,1312,332,12,0,1656,0,1,4,0,5,1312,333,16,0,1661,0,0,0,1661
02/01/2022,DEN,CO,ANM,WE,Towers with Radar,1177,302,10,0,1489,0,0,0,0,0,1177,302,10,0,1489,0,0,0,1489
02/02/2022,DEN,CO,ANM,WE,Towers with Radar,1097,276,12,0,1385,0,0,0,0,0,1097,276,12,0,1385,0,0,0,1385
02/03/2022,DEN,CO,ANM,WE,Towers with Radar,1086,327,17,0,1430,0,0,0,0,0,1086,327,17,0,1430,0,0,0,1430
02/04/2022,DEN,CO,ANM,WE,Towers with Radar,1217,363,7,0,1587,0,1,2,0,3,1217,364,9,0,1590,0,0,0,1590
02/05/2022,DEN,CO,ANM,WE,Towers with Radar,1103,299,6,0,1408,0,0,5,0,5,1103,299,11,0,1413,0,0,0,1413
02/06/2022,DEN,CO,ANM,WE,Towers with Radar,1266,312,5,0,1583,0,0,0,0,0,1266,312,5,0,1583,0,0,0,1583
02/07/2022,DEN,CO,ANM,WE,Towers with Radar,1271,324,6,0,1601,0,3,2,0,5,1271,327,8,0,1606,0,0,0,1606
02/08/2022,DEN,CO,ANM,WE,Towers with Radar,1230,304,8,0,1542,0,1,0,0,1,1230,305,8,0,1543,0,0,0,1543
02/09/2022,DEN,CO,ANM,WE,Towers with Radar,1223,349,8,0,1580,0,0,0,0,0,1223,349,8,0,1580,0,0,0,1580
02/10/2022,DEN,CO,ANM,WE,Towers with Radar,1305,348,0,0,1653,0,2,2,0,4,1305,350,2,0,1657,0,0,0,1657
02/11/2022,DEN,CO,ANM,WE,Towers with Radar,1265,318,2,1,1586,0,0,2,0,2,1265,318,4,1,1588,0,0,0,1588
02/12/2022,DEN,CO,ANM,WE,Towers with Radar,1187,295,9,1,1492,0,0,1,0,1,1187,295,10,1,1493,0,0,0,1493
02/13/2022,DEN,CO,ANM,WE,Towers with Radar,1327,301,6,0,1634,0,0,6,0,6,1327,301,12,0,1640,0,0,0,1640
02/14/2022,DEN,CO,ANM,WE,Towers with Radar,1333,314,9,0,1656,0,0,14,0,14,1333,314,23,0,1670,0,0,0,1670
02/15/2022,DEN,CO,ANM,WE,Towers with Radar,1312,298,3,0,1613,0,2,0,0,2,1312,300,3,0,1615,0,0,0,1615
02/16/2022,DEN,CO,ANM,WE,Towers with Radar,1253,276,3,0,1532,0,0,3,0,3,1253,276,6,0,1535,0,0,0,1535
02/17/2022,DEN,CO,ANM,WE,Towers with Radar,1294,354,11,0,1659,0,1,3,0,4,1294,355,14,0,1663,0,0,0,1663
02/18/2022,DEN,CO,ANM,WE,Towers with Radar,1362,346,5,0,1713,0,0,2,0,2,1362,346,7,0,1715,0,0,0,1715
02/19/2022,DEN,CO,ANM,WE,Towers with Radar,1213,298,6,0,1517,0,0,2,0,2,1213,298,8,0,1519,0,0,0,1519
02/20/2022,DEN,CO,ANM,WE,Towers with Radar,1330,318,4,0,1652,0,2,0,0,2,1330,320,4,0,1654,0,0,0,1654
02/21/2022,DEN,CO,ANM,WE,Towers with Radar,1317,320,18,0,1655,0,0,1,0,1,1317,320,19,0,1656,0,0,0,1656
02/22/2022,DEN,CO,ANM,WE,Towers with Radar,1253,257,5,0,1515,0,0,0,0,0,1253,257,5,0,1515,0,0,0,1515
02/23/2022,DEN,CO,ANM,WE,Towers with Radar,1200,265,1,0,1466,0,0,0,0,0,1200,265,1,0,1466,0,0,0,1466
02/24/2022,DEN,CO,ANM,WE,Towers with Radar,1296,334,1,0,1631,0,1,0,0,1,1296,335,1,0,1632,0,0,0,1632
02/25/2022,DEN,CO,ANM,WE,Towers with Radar,1375,339,6,0,1720,0,1,5,0,6,1375,340,11,0,1726,0,0,0,1726
02/26/2022,DEN,CO,ANM,WE,Towers with Radar,1228,292,5,0,1525,0,1,1,0,2,1228,293,6,0,1527,0,0,0,1527
02/27/2022,DEN,CO,ANM,WE,Towers with Radar,1335,315,5,0,1655,0,0,2,0,2,1335,315,7,0,1657,0,0,0,1657
02/28/2022,DEN,CO,ANM,WE,Towers with Radar,1360,324,5,0,1689,0,0,1,0,1,1360,324,6,0,1690,0,0,0,1690
03/01/2022,DEN,CO,ANM,WE,Towers with Radar,1339,311,3,0,1653,0,1,1,0,2,1339,312,4,0,1655,0,0,0,1655
03/02/2022,DEN,CO,ANM,WE,Towers with Radar,1322,349,5,0,1676,0,1,1,0,2,1322,350,6,0,1678,0,0,0,1678
03/03/2022,DEN,CO,ANM,WE,Towers with Radar,1357,354,3,0,1714,0,1,0,0,1,1357,355,3,0,1715,0,0,0,1715
03/04/2022,DEN,CO,ANM,WE,Towers with Radar,1317,339,6,0,1662,0,0,1,0,1,1317,339,7,0,1663,0,0,0,1663
03/05/2022,DEN,CO,ANM,WE,Towers with Radar,1184,258,5,0,1447,0,1,2,0,3,1184,259,7,0,1450,0,0,0,1450
03/06/2022,DEN,CO,ANM,WE,Towers with Radar,1237,288,9,0,1534,0,0,0,0,0,1237,288,9,0,1534,0,0,0,1534
03/07/2022,DEN,CO,ANM,WE,Towers with Radar,1304,314,4,0,1622,0,0,0,0,0,1304,314,4,0,1622,0,0,0,1622
03/08/2022,DEN,CO,ANM,WE,Towers with Radar,1267,287,11,0,1565,0,4,3,0,7,1267,291,14,0,1572,0,0,0,1572
03/09/2022,DEN,CO,ANM,WE,Towers with Radar,1182,245,5,0,1432,0,0,0,0,0,1182,245,5,0,1432,0,0,0,1432
03/10/2022,DEN,CO,ANM,WE,Towers with Radar,1322,313,7,0,1642,0,0,0,0,0,1322,313,7,0,1642,0,0,0,1642
03/11/2022,DEN,CO,ANM,WE,Towers with Radar,1355,317,11,2,1685,0,0,1,0,1,1355,317,12,2,1686,0,0,0,1686
03/12/2022,DEN,CO,ANM,WE,Towers with Radar,1206,279,13,0,1498,0,2,1,0,3,1206,281,14,0,1501,0,0,0,1501
03/13/2022,DEN,CO,ANM,WE,Towers with Radar,1288,291,7,0,1586,0,1,1,0,2,1288,292,8,0,1588,0,0,0,1588
03/14/2022,DEN,CO,ANM,WE,Towers with Radar,1336,311,8,0,1655,0,2,5,0,7,1336,313,13,0,1662,0,0,0,1662
03/15/2022,DEN,CO,ANM,WE,Towers with Radar,1305,287,9,0,1601,0,2,9,0,11,1305,289,18,0,1612,0,0,0,1612
03/16/2022,DEN,CO,ANM,WE,Towers with Radar,1279,323,13,1,1616,0,0,0,0,0,1279,323,13,1,1616,0,0,0,1616
03/17/2022,DEN,CO,ANM,WE,Towers with Radar,1285,269,20,0,1574,0,0,0,0,0,1285,269,20,0,1574,0,0,0,1574
03/18/2022,DEN,CO,ANM,WE,Towers with Radar,1342,312,16,1,1671,0,2,3,0,5,1342,314,19,1,1676,0,0,0,1676
03/19/2022,DEN,CO,ANM,WE,Towers with Radar,1246,259,12,0,1517,0,4,2,0,6,1246,263,14,0,1523,0,0,0,1523
03/20/2022,DEN,CO,ANM,WE,Towers with Radar,1348,275,7,0,1630,0,1,1,0,2,1348,276,8,0,1632,0,0,0,1632
03/21/2022,DEN,CO,ANM,WE,Towers with Radar,1288,276,9,1,1574,0,0,0,0,0,1288,276,9,1,1574,0,0,0,1574
03/22/2022,DEN,CO,ANM,WE,Towers with Radar,1307,283,4,0,1594,0,0,1,0,1,1307,283,5,0,1595,0,0,0,1595
03/23/2022,DEN,CO,ANM,WE,Towers with Radar,1284,320,4,0,1608,0,0,0,0,0,1284,320,4,0,1608,0,0,0,1608
03/24/2022,DEN,CO,ANM,WE,Towers with Radar,1347,319,13,0,1679,0,0,4,0,4,1347,319,17,0,1683,0,0,0,1683
03/25/2022,DEN,CO,ANM,WE,Towers with Radar,1360,320,6,2,1688,0,1,1,0,2,1360,321,7,2,1690,0,0,0,1690
03/26/2022,DEN,CO,ANM,WE,Towers with Radar,1257,268,9,2,1536,0,2,0,0,2,1257,270,9,2,1538,0,0,0,1538
03/27/2022,DEN,CO,ANM,WE,Towers with Radar,1337,280,12,0,1629,0,5,0,0,5,1337,285,12,0,1634,0,0,0,1634
03/28/2022,DEN,CO,ANM,WE,Towers with Radar,1319,310,4,0,1633,0,2,0,0,2,1319,312,4,0,1635,0,0,0,1635
03/29/2022,DEN,CO,ANM,WE,Towers with Radar,1340,294,5,0,1639,0,0,0,0,0,1340,294,5,0,1639,0,0,0,1639
03/30/2022,DEN,CO,ANM,WE,Towers with Radar,1303,317,4,0,1624,0,0,0,0,0,1303,317,4,0,1624,0,0,0,1624
03/31/2022,DEN,CO,ANM,WE,Towers with Radar,1331,317,4,0,1652,0,0,1,0,1,1331,317,5,0,1653,0,0,0,1653
04/01/2022,DEN,CO,ANM,WE,Towers with Radar,1352,326,12,0,1690,0,0,0,0,0,1352,326,12,0,1690,0,0,0,1690
04/02/2022,DEN,CO,ANM,WE,Towers with Radar,1175,258,7,0,1440,0,0,0,0,0,1175,258,7,0,1440,0,0,0,1440
04/03/2022,DEN,CO,ANM,WE,Towers with Radar,1301,264,8,0,1573,0,0,2,0,2,1301,264,10,0,1575,0,0,0,1575
04/04/2022,DEN,CO,ANM,WE,Towers with Radar,1317,295,3,0,1615,0,0,0,0,0,1317,295,3,0,1615,0,0,0,1615
04/05/2022,DEN,CO,ANM,WE,Towers with Radar,1320,282,2,2,1606,0,0,2,0,2,1320,282,4,2,1608,0,0,0,1608
04/06/2022,DEN,CO,ANM,WE,Towers with Radar,1331,311,9,1,1652,0,0,0,0,0,1331,311,9,1,1652,0,0,0,1652
04/07/2022,DEN,CO,ANM,WE,Towers with Radar,1363,306,6,1,1676,0,0,3,0,3,1363,306,9,1,1679,0,0,0,1679
04/08/2022,DEN,CO,ANM,WE,Towers with Radar,1370,308,7,2,1687,0,0,4,0,4,1370,308,11,2,1691,0,0,0,1691
04/09/2022,DEN,CO,ANM,WE,Towers with Radar,1219,258,10,0,1487,0,0,0,0,0,1219,258,10,0,1487,0,0,0,1487
04/10/2022,DEN,CO,ANM,WE,Towers with Radar,1344,244,11,0,1599,0,0,0,0,0,1344,244,11,0,1599,0,0,0,1599
04/11/2022,DEN,CO,ANM,WE,Towers with Radar,1344,290,11,2,1647,0,0,2,0,2,1344,290,13,2,1649,0,0,0,1649
04/12/2022,DEN,CO,ANM,WE,Towers with Radar,1319,258,12,0,1589,0,0,0,0,0,1319,258,12,0,1589,0,0,0,1589
04/13/2022,DEN,CO,ANM,WE,Towers with Radar,1316,292,4,0,1612,0,0,0,0,0,1316,292,4,0,1612,0,0,0,1612
04/14/2022,DEN,CO,ANM,WE,Towers with Radar,1381,288,13,0,1682,0,1,0,0,1,1381,289,13,0,1683,0,0,0,1683
04/15/2022,DEN,CO,ANM,WE,Towers with Radar,1364,296,5,0,1665,0,0,0,0,0,1364,296,5,0,1665,0,0,0,1665
04/16/2022,DEN,CO,ANM,WE,Towers with Radar,1229,253,3,0,1485,0,0,0,0,0,1229,253,3,0,1485,0,0,0,1485
04/17/2022,DEN,CO,ANM,WE,Towers with Radar,1331,257,8,0,1596,0,0,0,0,0,1331,257,8,0,1596,0,0,0,1596
04/18/2022,DEN,CO,ANM,WE,Towers with Radar,1343,290,8,0,1641,0,1,2,0,3,1343,291,10,0,1644,0,0,0,1644
04/19/2022,DEN,CO,ANM,WE,Towers with Radar,1336,282,2,0,1620,0,0,2,0,2,1336,282,4,0,1622,0,0,0,1622
04/20/2022,DEN,CO,ANM,WE,Towers with Radar,1332,316,4,0,1652,0,3,2,0,5,1332,319,6,0,1657,0,0,0,1657
04/21/2022,DEN,CO,ANM,WE,Towers with Radar,1379,314,12,0,1705,0,0,3,0,3,1379,314,15,0,1708,0,0,0,1708
04/22/2022,DEN,CO,ANM,WE,Towers with Radar,1366,300,14,4,1684,0,0,2,0,2,1366,300,16,4,1686,0,0,0,1686
04/23/2022,DEN,CO,ANM,WE,Towers with Radar,1221,244,8,0,1473,0,0,0,0,0,1221,244,8,0,1473,0,0,0,1473
04/24/2022,DEN,CO,ANM,WE,Towers with Radar,1328,250,5,0,1583,0,1,1,0,2,1328,251,6,0,1585,0,0,0,1585
04/25/2022,DEN,CO,ANM,WE,Towers with Radar,1335,299,4,1,1639,0,1,0,0,1,1335,300,4,1,1640,0,0,0,1640
04/26/2022,DEN,CO,ANM,WE,Towers with Radar,1325,277,6,1,1609,0,0,3,0,3,1325,277,9,1,1612,0,0,0,1612
04/27/2022,DEN,CO,ANM,WE,Towers with Radar,1377,306,8,0,1691,0,0,0,0,0,1377,306,8,0,1691,0,0,0,1691
04/28/2022,DEN,CO,ANM,WE,Towers with Radar,1402,297,11,0,1710,0,0,0,0,0,1402,297,11,0,1710,0,0,0,1710
04/29/2022,DEN,CO,ANM,WE,Towers with Radar,1370,313,12,0,1695,0,0,0,0,0,1370,313,12,0,1695,0,0,0,1695
04/30/2022,DEN,CO,ANM,WE,Towers with Radar,1216,266,3,0,1485,0,0,0,0,0,1216,266,3,0,1485,0,0,0,1485
05/01/2022,DEN,CO,ANM,WE,Towers with Radar,1341,268,7,0,1616,0,0,2,0,2,1341,268,9,0,1618,0,0,0,1618
05/02/2022,DEN,CO,ANM,WE,Towers with Radar,1359,297,9,0,1665,0,0,0,0,0,1359,297,9,0,1665,0,0,0,1665
05/03/2022,DEN,CO,ANM,WE,Towers with Radar,1349,283,8,0,1640,0,1,0,0,1,1349,284,8,0,1641,0,0,0,1641
05/04/2022,DEN,CO,ANM,WE,Towers with Radar,1352,317,4,0,1673,0,0,0,0,0,1352,317,4,0,1673,0,0,0,1673
05/05/2022,DEN,CO,ANM,WE,Towers with Radar,1359,299,9,0,1667,0,0,0,0,0,1359,299,9,0,1667,0,0,0,1667
05/06/2022,DEN,CO,ANM,WE,Towers with Radar,1440,288,5,0,1733,0,0,2,0,2,1440,288,7,0,1735,0,0,0,1735
05/07/2022,DEN,CO,ANM,WE,Towers with Radar,1282,239,2,0,1523,0,0,0,0,0,1282,239,2,0,1523,0,0,0,1523
05/08/2022,DEN,CO,ANM,WE,Towers with Radar,1385,257,4,0,1646,0,0,2,0,2,1385,257,6,0,1648,0,0,0,1648
05/09/2022,DEN,CO,ANM,WE,Towers with Radar,1433,277,12,0,1722,0,0,0,0,0,1433,277,12,0,1722,0,0,0,1722
05/10/2022,DEN,CO,ANM,WE,Towers with Radar,1425,249,5,0,1679,0,0,0,0,0,1425,249,5,0,1679,0,0,0,1679
05/11/2022,DEN,CO,ANM,WE,Towers with Radar,1411,294,7,0,1712,0,1,3,0,4,1411,295,10,0,1716,0,0,0,1716
05/12/2022,DEN,CO,ANM,WE,Towers with Radar,1484,307,11,0,1802,0,0,0,0,0,1484,307,11,0,1802,0,0,0,1802
05/13/2022,DEN,CO,ANM,WE,Towers with Radar,1429,284,4,0,1717,0,0,2,0,2,1429,284,6,0,1719,0,0,0,1719
05/14/2022,DEN,CO,ANM,WE,Towers with Radar,1245,225,5,0,1475,0,0,0,0,0,1245,225,5,0,1475,0,0,0,1475
05/15/2022,DEN,CO,ANM,WE,Towers with Radar,1380,253,10,0,1643,0,0,0,0,0,1380,253,10,0,1643,0,0,0,1643
05/16/2022,DEN,CO,ANM,WE,Towers with Radar,1424,290,7,0,1721,0,0,3,0,3,1424,290,10,0,1724,0,0,0,1724
05/17/2022,DEN,CO,ANM,WE,Towers with Radar,1404,255,6,0,1665,0,0,0,0,0,1404,255,6,0,1665,0,0,0,1665
05/18/2022,DEN,CO,ANM,WE,Towers with Radar,1399,294,7,0,1700,0,0,6,0,6,1399,294,13,0,1706,0,0,0,1706
05/19/2022,DEN,CO,ANM,WE,Towers with Radar,1455,290,12,0,1757,0,0,0,0,0,1455,290,12,0,1757,0,0,0,1757
05/20/2022,DEN,CO,ANM,WE,Towers with Radar,1262,234,10,0,1506,0,0,0,0,0,1262,234,10,0,1506,0,0,0,1506
05/21/2022,DEN,CO,ANM,WE,Towers with Radar,1221,245,5,0,1471,0,0,1,0,1,1221,245,6,0,1472,0,0,0,1472
05/22/2022,DEN,CO,ANM,WE,Towers with Radar,1373,254,4,0,1631,0,0,0,0,0,1373,254,4,0,1631,0,0,0,1631
05/23/2022,DEN,CO,ANM,WE,Towers with Radar,1414,285,10,0,1709,0,0,1,0,1,1414,285,11,0,1710,0,0,0,1710
05/24/2022,DEN,CO,ANM,WE,Towers with Radar,1403,252,5,0,1660,0,0,0,0,0,1403,252,5,0,1660,0,0,0,1660
05/25/2022,DEN,CO,ANM,WE,Towers with Radar,1395,297,5,0,1697,0,0,0,0,0,1395,297,5,0,1697,0,0,0,1697
05/26/2022,DEN,CO,ANM,WE,Towers with Radar,1435,295,12,0,1742,0,0,0,0,0,1435,295,12,0,1742,0,0,0,1742
05/27/2022,DEN,CO,ANM,WE,Towers with Radar,1452,307,3,0,1762,0,3,0,0,3,1452,310,3,0,1765,0,0,0,1765
05/28/2022,DEN,CO,ANM,WE,Towers with Radar,1306,246,4,0,1556,0,3,1,0,4,1306,249,5,0,1560,0,0,0,1560
05/29/2022,DEN,CO,ANM,WE,Towers with Radar,1341,233,4,0,1578,0,0,3,0,3,1341,233,7,0,1581,0,0,0,1581
05/30/2022,DEN,CO,ANM,WE,Towers with Radar,1380,258,7,0,1645,0,0,0,0,0,1380,258,7,0,1645,0,0,0,1645
05/31/2022,DEN,CO,ANM,WE,Towers with Radar,1388,267,12,0,1667,0,0,0,0,0,1388,267,12,0,1667,0,0,0,1667
06/01/2022,DEN,CO,ANM,WE,Towers with Radar,1383,300,10,0,1693,0,0,2,0,2,1383,300,12,0,1695,0,0,0,1695
06/02/2022,DEN,CO,ANM,WE,Towers with Radar,1418,293,25,0,1736,0,0,0,0,0,1418,293,25,0,1736,0,0,0,1736
06/03/2022,DEN,CO,ANM,WE,Towers with Radar,1495,309,14,0,1818,0,0,0,0,0,1495,309,14,0,1818,0,0,0,1818
06/04/2022,DEN,CO,ANM,WE,Towers with Radar,1307,289,9,0,1605,0,0,2,0,2,1307,289,11,0,1607,0,0,0,1607
06/05/2022,DEN,CO,ANM,WE,Towers with Radar,1476,297,15,0,1788,0,0,0,0,0,1476,297,15,0,1788,0,0,0,1788
06/06/2022,DEN,CO,ANM,WE,Towers with Radar,1478,298,24,0,1800,0,0,0,0,0,1478,298,24,0,1800,0,0,0,1800
06/07/2022,DEN,CO,ANM,WE,Towers with Radar,1511,268,10,0,1789,0,2,0,0,2,1511,270,10,0,1791,0,0,0,1791
06/08/2022,DEN,CO,ANM,WE,Towers with Radar,1478,313,13,0,1804,0,3,0,0,3,1478,316,13,0,1807,0,0,0,1807
06/09/2022,DEN,CO,ANM,WE,Towers with Radar,1533,317,5,0,1855,0,3,2,0,5,1533,320,7,0,1860,0,0,0,1860
06/10/2022,DEN,CO,ANM,WE,Towers with Radar,1546,317,6,0,1869,0,0,0,0,0,1546,317,6,0,1869,0,0,0,1869
06/11/2022,DEN,CO,ANM,WE,Towers with Radar,1414,287,5,0,1706,0,0,0,0,0,1414,287,5,0,1706,0,0,0,1706
06/12/2022,DEN,CO,ANM,WE,Towers with Radar,1508,274,8,0,1790,0,0,0,2,2,1508,274,8,2,1792,0,0,0,1792
06/13/2022,DEN,CO,ANM,WE,Towers with Radar,1543,308,9,0,1860,0,1,3,0,4,1543,309,12,0,1864,0,0,0,1864
06/14/2022,DEN,CO,ANM,WE,Towers with Radar,1544,279,10,0,1833,0,1,1,0,2,1544,280,11,0,1835,0,0,0,1835
06/15/2022,DEN,CO,ANM,WE,Towers with Radar,1533,320,15,0,1868,0,0,6,0,6,1533,320,21,0,1874,0,0,0,1874
06/16/2022,DEN,CO,ANM,WE,Towers with Radar,1514,314,19,0,1847,0,0,1,0,1,1514,314,20,0,1848,0,0,0,1848
06/17/2022,DEN,CO,ANM,WE,Towers with Radar,1536,315,9,0,1860,0,0,1,0,1,1536,315,10,0,1861,0,0,0,1861
06/18/2022,DEN,CO,ANM,WE,Towers with Radar,1410,271,9,0,1690,0,0,6,0,6,1410,271,15,0,1696,0,0,0,1696
06/19/2022,DEN,CO,ANM,WE,Towers with Radar,1484,283,10,0,1777,0,0,0,0,0,1484,283,10,0,1777,0,0,0,1777
06/20/2022,DEN,CO,ANM,WE,Towers with Radar,1544,302,14,0,1860,0,0,1,0,1,1544,302,15,0,1861,0,0,0,1861
06/21/2022,DEN,CO,ANM,WE,Towers with Radar,1524,270,5,1,1800,0,0,2,2,4,1524,270,7,3,1804,0,0,0,1804
06/22/2022,DEN,CO,ANM,WE,Towers with Radar,1503,317,10,0,1830,0,0,2,0,2,1503,317,12,0,1832,0,0,0,1832
06/23/2022,DEN,CO,ANM,WE,Towers with Radar,1513,312,5,0,1830,0,4,4,0,8,1513,316,9,0,1838,0,0,0,1838
06/24/2022,DEN,CO,ANM,WE,Towers with Radar,1503,313,16,0,1832,0,7,1,0,8,1503,320,17,0,1840,0,0,0,1840
06/25/2022,DEN,CO,ANM,WE,Towers with Radar,1412,253,8,0,1673,0,0,2,0,2,1412,253,10,0,1675,0,0,0,1675
06/26/2022,DEN,CO,ANM,WE,Towers with Radar,1484,275,13,0,1772,0,0,0,0,0,1484,275,13,0,1772,0,0,0,1772
06/27/2022,DEN,CO,ANM,WE,Towers with Radar,1514,287,9,2,1812,0,0,1,0,1,1514,287,10,2,1813,0,0,0,1813
06/28/2022,DEN,CO,ANM,WE,Towers with Radar,1504,260,7,0,1771,0,0,0,0,0,1504,260,7,0,1771,0,0,0,1771
06/29/2022,DEN,CO,ANM,WE,Towers with Radar,1517,294,5,0,1816,0,0,5,0,5,1517,294,10,0,1821,0,0,0,1821
06/30/2022,DEN,CO,ANM,WE,Towers with Radar,1561,296,17,0,1874,0,0,1,0,1,1561,296,18,0,1875,0,0,0,1875
07/01/2022,DEN,CO,ANM,WE,Towers with Radar,1530,305,12,0,1847,0,1,2,0,3,1530,306,14,0,1850,0,0,0,1850
07/02/2022,DEN,CO,ANM,WE,Towers with Radar,1406,252,7,0,1665,0,0,0,0,0,1406,252,7,0,1665,0,0,0,1665
07/03/2022,DEN,CO,ANM,WE,Towers with Radar,1475,251,7,1,1734,0,0,0,0,0,1475,251,7,1,1734,0,0,0,1734
07/04/2022,DEN,CO,ANM,WE,Towers with Radar,1490,267,5,0,1762,0,1,0,0,1,1490,268,5,0,1763,0,0,0,1763
07/05/2022,DEN,CO,ANM,WE,Towers with Radar,1464,271,9,0,1744,0,0,0,0,0,1464,271,9,0,1744,0,0,0,1744
07/06/2022,DEN,CO,ANM,WE,Towers with Radar,1502,286,15,0,1803,0,0,0,0,0,1502,286,15,0,1803,0,0,0,1803
07/07/2022,DEN,CO,ANM,WE,Towers with Radar,1556,294,6,0,1856,0,0,0,0,0,1556,294,6,0,1856,0,0,0,1856
07/08/2022,DEN,CO,ANM,WE,Towers with Radar,1530,311,7,0,1848,0,0,0,0,0,1530,311,7,0,1848,0,0,0,1848
07/09/2022,DEN,CO,ANM,WE,Towers with Radar,1434,258,6,0,1698,0,0,0,0,0,1434,258,6,0,1698,0,0,0,1698
07/10/2022,DEN,CO,ANM,WE,Towers with Radar,1516,268,5,0,1789,0,1,0,0,1,1516,269,5,0,1790,0,0,0,1790
07/11/2022,DEN,CO,ANM,WE,Towers with Radar,1559,294,7,0,1860,0,0,1,0,1,1559,294,8,0,1861,0,0,0,1861
07/12/2022,DEN,CO,ANM,WE,Towers with Radar,1550,272,9,0,1831,0,0,1,0,1,1550,272,10,0,1832,0,0,0,1832
07/13/2022,DEN,CO,ANM,WE,Towers with Radar,1549,291,17,0,1857,0,0,3,0,3,1549,291,20,0,1860,0,0,0,1860
07/14/2022,DEN,CO,ANM,WE,Towers with Radar,1570,301,13,0,1884,0,0,1,0,1,1570,301,14,0,1885,0,0,0,1885
07/15/2022,DEN,CO,ANM,WE,Towers with Radar,1507,279,14,0,1800,0,0,0,0,0,1507,279,14,0,1800,0,0,0,1800
07/16/2022,DEN,CO,ANM,WE,Towers with Radar,1438,266,9,0,1713,0,0,0,0,0,1438,266,9,0,1713,0,0,0,1713
07/17/2022,DEN,CO,ANM,WE,Towers with Radar,1552,257,7,0,1816,0,0,0,0,0,1552,257,7,0,1816,0,0,0,1816
07/18/2022,DEN,CO,ANM,WE,Towers with Radar,1523,274,12,0,1809,0,0,0,0,0,1523,274,12,0,1809,0,0,0,1809
07/19/2022,DEN,CO,ANM,WE,Towers with Radar,1533,276,15,0,1824,0,0,1,0,1,1533,276,16,0,1825,0,0,0,1825
07/20/2022,DEN,CO,ANM,WE,Towers with Radar,1524,276,10,0,1810,0,0,0,0,0,1524,276,10,0,1810,0,0,0,1810
07/21/2022,DEN,CO,ANM,WE,Towers with Radar,1566,304,9,0,1879,0,0,0,0,0,1566,304,9,0,1879,0,0,0,1879
07/22/2022,DEN,CO,ANM,WE,Towers with Radar,1556,306,17,2,1881,0,0,2,0,2,1556,306,19,2,1883,0,0,0,1883
07/23/2022,DEN,CO,ANM,WE,Towers with Radar,1340,224,10,0,1574,0,1,0,0,1,1340,225,10,0,1575,0,0,0,1575
07/24/2022,DEN,CO,ANM,WE,Towers with Radar,1380,232,18,0,1630,0,1,2,0,3,1380,233,20,0,1633,0,0,0,1633
07/25/2022,DEN,CO,ANM,WE,Towers with Radar,1531,283,13,0,1827,0,0,1,0,1,1531,283,14,0,1828,0,0,0,1828
07/26/2022,DEN,CO,ANM,WE,Towers with Radar,1535,301,12,0,1848,0,0,0,0,0,1535,301,12,0,1848,0,0,0,1848
07/27/2022,DEN,CO,ANM,WE,Towers with Radar,1532,287,16,0,1835,0,0,3,0,3,1532,287,19,0,1838,0,0,0,1838
07/28/2022,DEN,CO,ANM,WE,Towers with Radar,1524,257,7,0,1788,0,0,0,0,0,1524,257,7,0,1788,0,0,0,1788
07/29/2022,DEN,CO,ANM,WE,Towers with Radar,1549,299,7,0,1855,0,0,0,0,0,1549,299,7,0,1855,0,0,0,1855
07/30/2022,DEN,CO,ANM,WE,Towers with Radar,1448,266,7,0,1721,0,0,3,0,3,1448,266,10,0,1724,0,0,0,1724
07/31/2022,DEN,CO,ANM,WE,Towers with Radar,1519,275,12,0,1806,0,0,2,0,2,1519,275,14,0,1808,0,0,0,1808
08/01/2022,DEN,CO,ANM,WE,Towers with Radar,1537,300,9,0,1846,0,2,0,0,2,1537,302,9,0,1848,0,0,0,1848
08/02/2022,DEN,CO,ANM,WE,Towers with Radar,1518,274,6,0,1798,0,0,0,0,0,1518,274,6,0,1798,0,0,0,1798
08/03/2022,DEN,CO,ANM,WE,Towers with Radar,1509,292,12,0,1813,0,1,3,0,4,1509,293,15,0,1817,0,0,0,1817
08/04/2022,DEN,CO,ANM,WE,Towers with Radar,1522,304,7,0,1833,0,0,4,0,4,1522,304,11,0,1837,0,0,0,1837
08/05/2022,DEN,CO,ANM,WE,Towers with Radar,1487,311,8,0,1806,0,7,0,0,7,1487,318,8,0,1813,0,0,0,1813
08/06/2022,DEN,CO,ANM,WE,Towers with Radar,1420,271,6,0,1697,0,0,2,0,2,1420,271,8,0,1699,0,0,0,1699
08/07/2022,DEN,CO,ANM,WE,Towers with Radar,1428,249,13,0,1690,0,0,3,0,3,1428,249,16,0,1693,0,0,0,1693
08/08/2022,DEN,CO,ANM,WE,Towers with Radar,1534,284,10,0,1828,0,0,3,0,3,1534,284,13,0,1831,0,0,0,1831
08/09/2022,DEN,CO,ANM,WE,Towers with Radar,1521,271,7,0,1799,0,1,6,0,7,1521,272,13,0,1806,0,0,0,1806
08/10/2022,DEN,CO,ANM,WE,Towers with Radar,1486,297,9,0,1792,0,0,1,0,1,1486,297,10,0,1793,0,0,0,1793
08/11/2022,DEN,CO,ANM,WE,Towers with Radar,1553,304,9,0,1866,0,0,1,0,1,1553,304,10,0,1867,0,0,0,1867
08/12/2022,DEN,CO,ANM,WE,Towers with Radar,1555,314,6,0,1875,0,0,2,0,2,1555,314,8,0,1877,0,0,0,1877
08/13/2022,DEN,CO,ANM,WE,Towers with Radar,1431,272,7,0,1710,0,0,5,0,5,1431,272,12,0,1715,0,0,0,1715
08/14/2022,DEN,CO,ANM,WE,Towers with Radar,1456,240,3,2,1701,0,0,1,0,1,1456,240,4,2,1702,0,0,0,1702
08/15/2022,DEN,CO,ANM,WE,Towers with Radar,1469,267,7,0,1743,0,0,4,0,4,1469,267,11,0,1747,0,0,0,1747
08/16/2022,DEN,CO,ANM,WE,Towers with Radar,1534,285,7,0,1826,0,0,4,0,4,1534,285,11,0,1830,0,0,0,1830
08/17/2022,DEN,CO,ANM,WE,Towers with Radar,1520,293,14,0,1827,0,0,2,0,2,1520,293,16,0,1829,0,0,0,1829
08/18/2022,DEN,CO,ANM,WE,Towers with Radar,1546,305,4,0,1855,0,1,4,0,5,1546,306,8,0,1860,0,0,0,1860
08/19/2022,DEN,CO,ANM,WE,Towers with Radar,1548,304,9,0,1861,0,0,2,0,2,1548,304,11,0,1863,0,0,0,1863
08/20/2022,DEN,CO,ANM,WE,Towers with Radar,1419,259,6,0,1684,0,0,1,0,1,1419,259,7,0,1685,0,0,0,1685
08/21/2022,DEN,CO,ANM,WE,Towers with Radar,1423,258,12,0,1693,0,0,3,0,3,1423,258,15,0,1696,0,0,0,1696
08/22/2022,DEN,CO,ANM,WE,Towers with Radar,1510,284,14,0,1808,0,0,2,0,2,1510,284,16,0,1810,0,0,0,1810
08/23/2022,DEN,CO,ANM,WE,Towers with Radar,1519,273,6,0,1798,0,3,2,0,5,1519,276,8,0,1803,0,0,0,1803
08/24/2022,DEN,CO,ANM,WE,Towers with Radar,1516,291,2,0,1809,0,0,0,0,0,1516,291,2,0,1809,0,0,0,1809
08/25/2022,DEN,CO,ANM,WE,Towers with Radar,1545,301,6,0,1852,0,1,2,0,3,1545,302,8,0,1855,0,0,0,1855
08/26/2022,DEN,CO,ANM,WE,Towers with Radar,1535,304,3,0,1842,0,0,3,0,3,1535,304,6,0,1845,0,0,0,1845
08/27/2022,DEN,CO,ANM,WE,Towers with Radar,1431,263,3,0,1697,0,0,3,0,3,1431,263,6,0,1700,0,0,0,1700
08/28/2022,DEN,CO,ANM,WE,Towers with Radar,1492,265,7,0,1764,0,0,0,0,0,1492,265,7,0,1764,0,0,0,1764
08/29/2022,DEN,CO,ANM,WE,Towers with Radar,1501,287,8,0,1796,0,3,0,0,3,1501,290,8,0,1799,0,0,0,1799
08/30/2022,DEN,CO,ANM,WE,Towers with Radar,1528,268,4,0,1800,0,0,2,0,2,1528,268,6,0,1802,0,0,0,1802
08/31/2022,DEN,CO,ANM,WE,Towers with Radar,1515,303,10,0,1828,0,0,0,0,0,1515,303,10,0,1828,0,0,0,1828
09/01/2022,DEN,CO,ANM,WE,Towers with Radar,1537,308,22,0,1867,0,0,0,0,0,1537,308,22,0,1867,0,0,0,1867
09/02/2022,DEN,CO,ANM,WE,Towers with Radar,1454,295,10,0,1759,0,0,0,0,0,1454,295,10,0,1759,0,0,0,1759
09/03/2022,DEN,CO,ANM,WE,Towers with Radar,1486,257,15,2,1760,0,2,0,0,2,1486,259,15,2,1762,0,0,0,1762
09/04/2022,DEN,CO,ANM,WE,Towers with Radar,1457,283,4,0,1744,0,0,0,0,0,1457,283,4,0,1744,0,0,0,1744
09/05/2022,DEN,CO,ANM,WE,Towers with Radar,1483,272,12,0,1767,0,0,0,0,0,1483,272,12,0,1767,0,0,0,1767
09/06/2022,DEN,CO,ANM,WE,Towers with Radar,1512,268,8,0,1788,0,1,0,0,1,1512,269,8,0,1789,0,0,0,1789
09/07/2022,DEN,CO,ANM,WE,Towers with Radar,1511,283,9,0,1803,0,2,2,0,4,1511,285,11,0,1807,0,0,0,1807
09/08/2022,DEN,CO,ANM,WE,Towers with Radar,1569,299,15,0,1883,0,0,4,0,4,1569,299,19,0,1887,0,0,0,1887
09/09/2022,DEN,CO,ANM,WE,Towers with Radar,1550,301,6,0,1857,0,1,0,0,1,1550,302,6,0,1858,0,0,0,1858
09/10/2022,DEN,CO,ANM,WE,Towers with Radar,1398,265,8,0,1671,0,0,0,0,0,1398,265,8,0,1671,0,0,0,1671
09/11/2022,DEN,CO,ANM,WE,Towers with Radar,1484,267,8,0,1759,0,0,1,0,1,1484,267,9,0,1760,0,0,0,1760
09/12/2022,DEN,CO,ANM,WE,Towers with Radar,1548,280,14,0,1842,0,3,18,0,21,1548,283,32,0,1863,0,0,0,1863
09/13/2022,DEN,CO,ANM,WE,Towers with Radar,1541,261,3,0,1805,0,2,9,0,11,1541,263,12,0,1816,0,0,0,1816
09/14/2022,DEN,CO,ANM,WE,Towers with Radar,1520,280,20,0,1820,0,0,20,0,20,1520,280,40,0,1840,0,0,0,1840
09/15/2022,DEN,CO,ANM,WE,Towers with Radar,1574,312,10,0,1896,0,0,2,1,3,1574,312,12,1,1899,0,0,0,1899
09/16/2022,DEN,CO,ANM,WE,Towers with Radar,1566,298,6,0,1870,0,0,0,0,0,1566,298,6,0,1870,0,0,0,1870
09/17/2022,DEN,CO,ANM,WE,Towers with Radar,1382,271,3,0,1656,0,0,0,0,0,1382,271,3,0,1656,0,0,0,1656
09/18/2022,DEN,CO,ANM,WE,Towers with Radar,1470,272,4,0,1746,0,2,1,0,3,1470,274,5,0,1749,0,0,0,1749
09/19/2022,DEN,CO,ANM,WE,Towers with Radar,1565,303,17,2,1887,0,5,3,0,8,1565,308,20,2,1895,0,0,0,1895
09/20/2022,DEN,CO,ANM,WE,Towers with Radar,1536,271,4,0,1811,0,1,3,0,4,1536,272,7,0,1815,0,0,0,1815
09/21/2022,DEN,CO,ANM,WE,Towers with Radar,1526,296,5,0,1827,0,0,0,0,0,1526,296,5,0,1827,0,0,0,1827
09/22/2022,DEN,CO,ANM,WE,Towers with Radar,1570,298,16,2,1886,0,0,0,0,0,1570,298,16,2,1886,0,0,0,1886
09/23/2022,DEN,CO,ANM,WE,Towers with Radar,1567,303,8,0,1878,0,2,0,0,2,1567,305,8,0,1880,0,0,0,1880
09/24/2022,DEN,CO,ANM,WE,Towers with Radar,1396,264,6,0,1666,0,0,2,0,2,1396,264,8,0,1668,0,0,0,1668
09/25/2022,DEN,CO,ANM,WE,Towers with Radar,1492,264,8,1,1765,0,2,3,0,5,1492,266,11,1,1770,0,0,0,1770
09/26/2022,DEN,CO,ANM,WE,Towers with Radar,1567,289,5,1,1862,0,1,1,0,2,1567,290,6,1,1864,0,0,0,1864
09/27/2022,DEN,CO,ANM,WE,Towers with Radar,1536,270,10,0,1816,0,0,0,0,0,1536,270,10,0,1816,0,0,0,1816
09/28/2022,DEN,CO,ANM,WE,Towers with Radar,1471,294,6,0,1771,0,2,0,2,4,1471,296,6,2,1775,0,0,0,1775
09/29/2022,DEN,CO,ANM,WE,Towers with Radar,1530,304,22,0,1856,0,0,0,0,0,1530,304,22,0,1856,0,0,0,1856
09/30/2022,DEN,CO,ANM,WE,Towers with Radar,1552,279,16,0,1847,0,0,0,0,0,1552,279,16,0,1847,0,0,0,1847
10/01/2022,DEN,CO,ANM,WE,Towers with Radar,1338,225,7,0,1570,0,0,0,0,0,1338,225,7,0,1570,0,0,0,1570
10/02/2022,DEN,CO,ANM,WE,Towers with Radar,1490,231,10,0,1731,0,0,0,0,0,1490,231,10,0,1731,0,0,0,1731
10/03/2022,DEN,CO,ANM,WE,Towers with Radar,1562,255,15,0,1832,0,0,0,0,0,1562,255,15,0,1832,0,0,0,1832
10/04/2022,DEN,CO,ANM,WE,Towers with Radar,1532,224,5,0,1761,0,0,2,0,2,1532,224,7,0,1763,0,0,0,1763
10/05/2022,DEN,CO,ANM,WE,Towers with Radar,1516,263,9,0,1788,0,0,0,0,0,1516,263,9,0,1788,0,0,0,1788
10/06/2022,DEN,CO,ANM,WE,Towers with Radar,1572,262,18,0,1852,0,0,3,0,3,1572,262,21,0,1855,0,0,0,1855
10/07/2022,DEN,CO,ANM,WE,Towers with Radar,1560,275,9,0,1844,1,0,0,0,1,1561,275,9,0,1845,0,0,0,1845
10/08/2022,DEN,CO,ANM,WE,Towers with Radar,1409,237,8,0,1654,0,0,1,0,1,1409,237,9,0,1655,0,0,0,1655
10/09/2022,DEN,CO,ANM,WE,Towers with Radar,1479,231,2,0,1712,0,0,1,0,1,1479,231,3,0,1713,0,0,0,1713
10/10/2022,DEN,CO,ANM,WE,Towers with Radar,1543,251,12,0,1806,0,0,1,0,1,1543,251,13,0,1807,0,0,0,1807
10/11/2022,DEN,CO,ANM,WE,Towers with Radar,1551,222,12,0,1785,0,0,0,0,0,1551,222,12,0,1785,0,0,0,1785
10/12/2022,DEN,CO,ANM,WE,Towers with Radar,1538,259,9,0,1806,0,0,8,0,8,1538,259,17,0,1814,0,0,0,1814
10/13/2022,DEN,CO,ANM,WE,Towers with Radar,1572,257,7,2,1838,0,0,0,0,0,1572,257,7,2,1838,0,0,0,1838
10/14/2022,DEN,CO,ANM,WE,Towers with Radar,1569,276,10,0,1855,0,0,0,0,0,1569,276,10,0,1855,0,0,0,1855
10/15/2022,DEN,CO,ANM,WE,Towers with Radar,1395,233,6,0,1634,0,0,0,2,2,1395,233,6,2,1636,0,0,0,1636
10/16/2022,DEN,CO,ANM,WE,Towers with Radar,1462,222,4,0,1688,0,0,0,0,0,1462,222,4,0,1688,0,0,0,1688
10/17/2022,DEN,CO,ANM,WE,Towers with Radar,1549,253,5,0,1807,0,0,2,0,2,1549,253,7,0,1809,0,0,0,1809
10/18/2022,DEN,CO,ANM,WE,Towers with Radar,1538,238,4,0,1780,0,0,0,0,0,1538,238,4,0,1780,0,0,0,1780
10/19/2022,DEN,CO,ANM,WE,Towers with Radar,1528,252,7,0,1787,0,0,7,0,7,1528,252,14,0,1794,0,0,0,1794
10/20/2022,DEN,CO,ANM,WE,Towers with Radar,1570,264,4,0,1838,0,0,1,0,1,1570,264,5,0,1839,0,0,0,1839
10/21/2022,DEN,CO,ANM,WE,Towers with Radar,1567,270,8,0,1845,0,0,2,0,2,1567,270,10,0,1847,0,0,0,1847
10/22/2022,DEN,CO,ANM,WE,Towers with Radar,1406,233,5,0,1644,0,0,12,0,12,1406,233,17,0,1656,0,0,0,1656
10/23/2022,DEN,CO,ANM,WE,Towers with Radar,1452,230,11,0,1693,0,0,0,0,0,1452,230,11,0,1693,0,0,0,1693
10/24/2022,DEN,CO,ANM,WE,Towers with Radar,1536,246,4,0,1786,0,0,2,0,2,1536,246,6,0,1788,0,0,0,1788
10/25/2022,DEN,CO,ANM,WE,Towers with Radar,1539,234,4,0,1777,0,1,1,0,2,1539,235,5,0,1779,0,0,0,1779
10/26/2022,DEN,CO,ANM,WE,Towers with Radar,1533,265,11,3,1812,0,1,0,0,1,1533,266,11,3,1813,0,0,0,1813
10/27/2022,DEN,CO,ANM,WE,Towers with Radar,1565,263,4,32,1864,0,0,0,0,0,1565,263,4,32,1864,0,0,0,1864
10/28/2022,DEN,CO,ANM,WE,Towers with Radar,1549,264,4,4,1821,0,1,2,0,3,1549,265,6,4,1824,0,0,0,1824
10/29/2022,DEN,CO,ANM,WE,Towers with Radar,1394,232,6,2,1634,0,0,0,0,0,1394,232,6,2,1634,0,0,0,1634
10/30/2022,DEN,CO,ANM,WE,Towers with Radar,1419,240,5,32,1696,0,0,0,0,0,1419,240,5,32,1696,0,0,0,1696
10/31/2022,DEN,CO,ANM,WE,Towers with Radar,1464,266,4,4,1738,0,0,3,0,3,1464,266,7,4,1741,0,0,0,1741
11/01/2022,DEN,CO,ANM,WE,Towers with Radar,1494,248,10,0,1752,0,0,0,0,0,1494,248,10,0,1752,0,0,0,1752
11/02/2022,DEN,CO,ANM,WE,Towers with Radar,1499,276,3,0,1778,0,0,3,0,3,1499,276,6,0,1781,0,0,0,1781
11/03/2022,DEN,CO,ANM,WE,Towers with Radar,1451,267,10,0,1728,0,0,1,0,1,1451,267,11,0,1729,0,0,0,1729
11/04/2022,DEN,CO,ANM,WE,Towers with Radar,1529,263,4,0,1796,0,0,1,0,1,1529,263,5,0,1797,0,0,0,1797
11/05/2022,DEN,CO,ANM,WE,Towers with Radar,1339,240,4,0,1583,0,0,1,0,1,1339,240,5,0,1584,0,0,0,1584
11/06/2022,DEN,CO,ANM,WE,Towers with Radar,1469,245,2,1,1717,1,0,0,0,1,1470,245,2,1,1718,0,0,0,1718
11/07/2022,DEN,CO,ANM,WE,Towers with Radar,1456,267,12,0,1735,0,0,1,0,1,1456,267,13,0,1736,0,0,0,1736
11/08/2022,DEN,CO,ANM,WE,Towers with Radar,1449,246,9,0,1704,0,0,0,0,0,1449,246,9,0,1704,0,0,0,1704
11/09/2022,DEN,CO,ANM,WE,Towers with Radar,1425,266,11,0,1702,0,0,0,0,0,1425,266,11,0,1702,0,0,0,1702
11/10/2022,DEN,CO,ANM,WE,Towers with Radar,1448,253,5,2,1708,0,1,0,0,1,1448,254,5,2,1709,0,0,0,1709
11/11/2022,DEN,CO,ANM,WE,Towers with Radar,1483,279,13,0,1775,0,0,0,0,0,1483,279,13,0,1775,0,0,0,1775
11/12/2022,DEN,CO,ANM,WE,Towers with Radar,1348,247,3,0,1598,0,0,2,0,2,1348,247,5,0,1600,0,0,0,1600
11/13/2022,DEN,CO,ANM,WE,Towers with Radar,1450,257,6,0,1713,0,0,0,0,0,1450,257,6,0,1713,0,0,0,1713
11/14/2022,DEN,CO,ANM,WE,Towers with Radar,1464,268,4,0,1736,0,0,12,0,12,1464,268,16,0,1748,0,0,0,1748
11/15/2022,DEN,CO,ANM,WE,Towers with Radar,1436,242,7,0,1685,0,1,0,0,1,1436,243,7,0,1686,0,0,0,1686
11/16/2022,DEN,CO,ANM,WE,Towers with Radar,1441,276,8,0,1725,0,1,0,0,1,1441,277,8,0,1726,0,0,0,1726
11/17/2022,DEN,CO,ANM,WE,Towers with Radar,1445,266,8,0,1719,0,0,0,0,0,1445,266,8,0,1719,0,0,0,1719
11/18/2022,DEN,CO,ANM,WE,Towers with Radar,1503,286,16,0,1805,0,1,4,0,5,1503,287,20,0,1810,0,0,0,1810
11/19/2022,DEN,CO,ANM,WE,Towers with Radar,1391,239,3,0,1633,0,0,3,0,3,1391,239,6,0,1636,0,0,0,1636
11/20/2022,DEN,CO,ANM,WE,Towers with Radar,1520,236,10,0,1766,0,0,0,0,0,1520,236,10,0,1766,0,0,0,1766
11/21/2022,DEN,CO,ANM,WE,Towers with Radar,1510,266,9,0,1785,0,0,1,0,1,1510,266,10,0,1786,0,0,0,1786
11/22/2022,DEN,CO,ANM,WE,Towers with Radar,1544,248,4,0,1796,0,2,1,0,3,1544,250,5,0,1799,0,0,0,1799
11/23/2022,DEN,CO,ANM,WE,Towers with Radar,1523,280,15,2,1820,0,1,2,0,3,1523,281,17,2,1823,0,0,0,1823
11/24/2022,DEN,CO,ANM,WE,Towers with Radar,1000,142,3,0,1145,0,0,0,0,0,1000,142,3,0,1145,0,0,0,1145
11/25/2022,DEN,CO,ANM,WE,Towers with Radar,1404,286,7,0,1697,0,1,0,0,1,1404,287,7,0,1698,0,0,0,1698
11/26/2022,DEN,CO,ANM,WE,Towers with Radar,1426,235,5,0,1666,0,0,1,0,1,1426,235,6,0,1667,0,0,0,1667
11/27/2022,DEN,CO,ANM,WE,Towers with Radar,1550,238,16,0,1804,0,0,3,0,3,1550,238,19,0,1807,0,0,0,1807
11/28/2022,DEN,CO,ANM,WE,Towers with Radar,1527,242,5,0,1774,0,0,1,0,1,1527,242,6,0,1775,0,0,0,1775
11/29/2022,DEN,CO,ANM,WE,Towers with Radar,1461,250,7,0,1718,0,0,0,0,0,1461,250,7,0,1718,0,0,0,1718
11/30/2022,DEN,CO,ANM,WE,Towers with Radar,1428,268,3,0,1699,0,0,0,0,0,1428,268,3,0,1699,0,0,0,1699
12/01/2022,DEN,CO,ANM,WE,Towers with Radar,1459,275,13,0,1747,0,2,2,0,4,1459,277,15,0,1751,0,0,0,1751
12/02/2022,DEN,CO,ANM,WE,Towers with Radar,1476,271,6,0,1753,0,1,0,0,1,1476,272,6,0,1754,0,0,0,1754
12/03/2022,DEN,CO,ANM,WE,Towers with Radar,1341,222,4,0,1567,0,0,2,0,2,1341,222,6,0,1569,0,0,0,1569
12/04/2022,DEN,CO,ANM,WE,Towers with Radar,1473,217,8,0,1698,0,0,0,0,0,1473,217,8,0,1698,0,0,0,1698
12/05/2022,DEN,CO,ANM,WE,Towers with Radar,1476,246,1,0,1723,0,0,1,0,1,1476,246,2,0,1724,0,0,0,1724
12/06/2022,DEN,CO,ANM,WE,Towers with Radar,1448,238,8,0,1694,0,2,2,0,4,1448,240,10,0,1698,0,0,0,1698
12/07/2022,DEN,CO,ANM,WE,Towers with Radar,1465,247,6,0,1718,0,2,0,0,2,1465,249,6,0,1720,0,0,0,1720
12/08/2022,DEN,CO,ANM,WE,Towers with Radar,1488,261,3,0,1752,0,1,1,0,2,1488,262,4,0,1754,0,0,0,1754
12/09/2022,DEN,CO,ANM,WE,Towers with Radar,1482,272,9,0,1763,0,2,0,0,2,1482,274,9,0,1765,0,0,0,1765
12/10/2022,DEN,CO,ANM,WE,Towers with Radar,1356,228,4,0,1588,0,0,1,0,1,1356,228,5,0,1589,0,0,0,1589
12/11/2022,DEN,CO,ANM,WE,Towers with Radar,1481,223,5,0,1709,0,0,0,0,0,1481,223,5,0,1709,0,0,0,1709
12/12/2022,DEN,CO,ANM,WE,Towers with Radar,1468,237,4,0,1709,0,1,0,0,1,1468,238,4,0,1710,0,0,0,1710
12/13/2022,DEN,CO,ANM,WE,Towers with Radar,1352,187,4,0,1543,0,0,0,0,0,1352,187,4,0,1543,0,0,0,1543
12/14/2022,DEN,CO,ANM,WE,Towers with Radar,1479,233,5,0,1717,0,1,0,0,1,1479,234,5,0,1718,0,0,0,1718
12/15/2022,DEN,CO,ANM,WE,Towers with Radar,1543,239,12,0,1794,0,2,0,0,2,1543,241,12,0,1796,0,0,0,1796
12/16/2022,DEN,CO,ANM,WE,Towers with Radar,1583,261,8,0,1852,0,1,2,0,3,1583,262,10,0,1855,0,0,0,1855
12/17/2022,DEN,CO,ANM,WE,Towers with Radar,1454,237,12,2,1705,0,0,1,0,1,1454,237,13,2,1706,0,0,0,1706
12/18/2022,DEN,CO,ANM,WE,Towers with Radar,1542,230,5,0,1777,0,0,0,0,0,1542,230,5,0,1777,0,0,0,1777
12/19/2022,DEN,CO,ANM,WE,Towers with Radar,1574,234,4,0,1812,0,1,0,0,1,1574,235,4,0,1813,0,0,0,1813
12/20/2022,DEN,CO,ANM,WE,Towers with Radar,1563,253,10,0,1826,0,2,0,0,2,1563,255,10,0,1828,0,0,0,1828
12/21/2022,DEN,CO,ANM,WE,Towers with Radar,1361,211,6,0,1578,0,1,0,0,1,1361,212,6,0,1579,0,0,0,1579
12/22/2022,DEN,CO,ANM,WE,Towers with Radar,993,170,12,0,1175,0,2,1,0,3,993,172,13,0,1178,0,0,0,1178
12/23/2022,DEN,CO,ANM,WE,Towers with Radar,1094,204,22,0,1320,0,3,0,0,3,1094,207,22,0,1323,0,0,0,1323
12/24/2022,DEN,CO,ANM,WE,Towers with Radar,1024,222,17,0,1263,0,0,0,0,0,1024,222,17,0,1263,0,0,0,1263
12/25/2022,DEN,CO,ANM,WE,Towers with Radar,1043,200,4,0,1247,0,0,0,0,0,1043,200,4,0,1247,0,0,0,1247
12/26/2022,DEN,CO,ANM,WE,Towers with Radar,1084,240,26,0,1350,0,1,0,0,1,1084,241,26,0,1351,0,0,0,1351
12/27/2022,DEN,CO,ANM,WE,Towers with Radar,1231,256,28,0,1515,0,0,5,0,5,1231,256,33,0,1520,0,0,0,1520
12/28/2022,DEN,CO,ANM,WE,Towers with Radar,1229,214,10,0,1453,0,1,1,0,2,1229,215,11,0,1455,0,0,0,1455
12/29/2022,DEN,CO,ANM,WE,Towers with Radar,1323,260,9,0,1592,0,1,2,0,3,1323,261,11,0,1595,0,0,0,1595
12/30/2022,DEN,CO,ANM,WE,Towers with Radar,1548,268,9,2,1827,0,0,0,0,0,1548,268,9,2,1827,0,0,0,1827
12/31/2022,DEN,CO,ANM,WE,Towers with Radar,1332,219,4,0,1555,0,0,0,0,0,1332,219,4,0,1555,0,0,0,1555
01/01/2023,DEN,CO,ANM,WE,Towers with Radar,1404,222,11,0,1637,0,0,0,0,0,1404,222,11,0,1637,0,0,0,1637
01/02/2023,DEN,CO,ANM,WE,Towers with Radar,1283,103,5,0,1391,0,0,0,0,0,1283,103,5,0,1391,0,0,0,1391
01/03/2023,DEN,CO,ANM,WE,Towers with Radar,1538,208,15,1,1762,0,1,0,0,1,1538,209,15,1,1763,0,0,0,1763
01/04/2023,DEN,CO,ANM,WE,Towers with Radar,1489,245,13,1,1748,0,1,0,0,1,1489,246,13,1,1749,0,0,0,1749
01/05/2023,DEN,CO,ANM,WE,Towers with Radar,1476,230,8,0,1714,0,2,1,0,3,1476,232,9,0,1717,0,0,0,1717
01/06/2023,DEN,CO,ANM,WE,Towers with Radar,1481,236,5,0,1722,0,3,0,0,3,1481,239,5,0,1725,0,0,0,1725
01/07/2023,DEN,CO,ANM,WE,Towers with Radar,1336,218,5,0,1559,1,2,0,0,3,1337,220,5,0,1562,0,0,0,1562
01/08/2023,DEN,CO,ANM,WE,Towers with Radar,1446,203,6,0,1655,0,0,0,0,0,1446,203,6,0,1655,0,0,0,1655
01/09/2023,DEN,CO,ANM,WE,Towers with Radar,1464,217,1,0,1682,0,0,0,0,0,1464,217,1,0,1682,0,0,0,1682
01/10/2023,DEN,CO,ANM,WE,Towers with Radar,1427,204,4,0,1635,0,0,3,0,3,1427,204,7,0,1638,0,0,0,1638
01/11/2023,DEN,CO,ANM,WE,Towers with Radar,1381,237,17,0,1635,0,0,0,0,0,1381,237,17,0,1635,0,0,0,1635
01/12/2023,DEN,CO,ANM,WE,Towers with Radar,1481,244,8,0,1733,0,0,2,0,2,1481,244,10,0,1735,0,0,0,1735
01/13/2023,DEN,CO,ANM,WE,Towers with Radar,1480,247,13,0,1740,1,0,0,0,1,1481,247,13,0,1741,0,0,0,1741
01/14/2023,DEN,CO,ANM,WE,Towers with Radar,1326,215,3,0,1544,1,0,0,0,1,1327,215,3,0,1545,0,0,0,1545
01/15/2023,DEN,CO,ANM,WE,Towers with Radar,1428,193,3,0,1624,0,0,0,0,0,1428,193,3,0,1624,0,0,0,1624
01/16/2023,DEN,CO,ANM,WE,Towers with Radar,1467,224,13,0,1704,0,0,1,0,1,1467,224,14,0,1705,0,0,0,1705
01/17/2023,DEN,CO,ANM,WE,Towers with Radar,1294,183,6,0,1483,0,0,2,0,2,1294,183,8,0,1485,0,0,0,1485
01/18/2023,DEN,CO,ANM,WE,Towers with Radar,1159,127,2,0,1288,0,0,0,0,0,1159,127,2,0,1288,0,0,0,1288
01/19/2023,DEN,CO,ANM,WE,Towers with Radar,1485,231,15,0,1731,0,0,0,0,0,1485,231,15,0,1731,0,0,0,1731
01/20/2023,DEN,CO,ANM,WE,Towers with Radar,1477,238,8,0,1723,0,0,0,0,0,1477,238,8,0,1723,0,0,0,1723
01/21/2023,DEN,CO,ANM,WE,Towers with Radar,1317,200,5,0,1522,1,0,0,0,1,1318,200,5,0,1523,0,0,0,1523
01/22/2023,DEN,CO,ANM,WE,Towers with Radar,1438,207,1,0,1646,0,0,0,0,0,1438,207,1,0,1646,0,0,0,1646
01/23/2023,DEN,CO,ANM,WE,Towers with Radar,1466,227,5,2,1700,0,0,0,0,0,1466,227,5,2,1700,0,0,0,1700
01/24/2023,DEN,CO,ANM,WE,Towers with Radar,1444,203,3,0,1650,0,0,2,0,2,1444,203,5,0,1652,0,0,0,1652
01/25/2023,DEN,CO,ANM,WE,Towers with Radar,1418,234,2,0,1654,0,0,2,0,2,1418,234,4,0,1656,0,0,0,1656
01/26/2023,DEN,CO,ANM,WE,Towers with Radar,1470,244,6,2,1722,0,0,0,0,0,1470,244,6,2,1722,0,0,0,1722
01/27/2023,DEN,CO,ANM,WE,Towers with Radar,1489,249,8,0,1746,0,0,4,0,4,1489,249,12,0,1750,0,0,0,1750
01/28/2023,DEN,CO,ANM,WE,Towers with Radar,1318,177,2,0,1497,0,0,0,0,0,1318,177,2,0,1497,0,0,0,1497
01/29/2023,DEN,CO,ANM,WE,Towers with Radar,1364,174,2,0,1540,0,0,0,0,0,1364,174,2,0,1540,0,0,0,1540
01/30/2023,DEN,CO,ANM,WE,Towers with Radar,1293,192,12,0,1497,0,0,1,0,1,1293,192,13,0,1498,0,0,0,1498
01/31/2023,DEN,CO,ANM,WE,Towers with Radar,1373,214,9,0,1596,0,0,0,0,0,1373,214,9,0,1596,0,0,0,1596
02/01/2023,DEN,CO,ANM,WE,Towers with Radar,1380,232,1,0,1613,0,0,0,0,0,1380,232,1,0,1613,0,0,0,1613
02/02/2023,DEN,CO,ANM,WE,Towers with Radar,1452,232,2,0,1686,0,0,0,0,0,1452,232,2,0,1686,0,0,0,1686
02/03/2023,DEN,CO,ANM,WE,Towers with Radar,1471,246,3,0,1720,0,0,0,0,0,1471,246,3,0,1720,0,0,0,1720
02/04/2023,DEN,CO,ANM,WE,Towers with Radar,1313,202,2,0,1517,1,0,0,0,1,1314,202,2,0,1518,0,0,0,1518
02/05/2023,DEN,CO,ANM,WE,Towers with Radar,1441,203,3,0,1647,0,0,0,0,0,1441,203,3,0,1647,0,0,0,1647
02/06/2023,DEN,CO,ANM,WE,Towers with Radar,1464,223,4,0,1691,0,0,0,0,0,1464,223,4,0,1691,0,0,0,1691
02/07/2023,DEN,CO,ANM,WE,Towers with Radar,1433,204,6,0,1643,0,0,3,0,3,1433,204,9,0,1646,0,0,0,1646
02/08/2023,DEN,CO,ANM,WE,Towers with Radar,1442,229,2,0,1673,0,0,0,0,0,1442,229,2,0,1673,0,0,0,1673
02/09/2023,DEN,CO,ANM,WE,Towers with Radar,1478,246,5,0,1729,0,0,2,0,2,1478,246,7,0,1731,0,0,0,1731
02/10/2023,DEN,CO,ANM,WE,Towers with Radar,1490,260,10,0,1760,0,0,2,0,2,1490,260,12,0,1762,0,0,0,1762
02/11/2023,DEN,CO,ANM,WE,Towers with Radar,1342,232,2,0,1576,0,0,1,0,1,1342,232,3,0,1577,0,0,0,1577
02/12/2023,DEN,CO,ANM,WE,Towers with Radar,1442,222,1,0,1665,0,0,0,0,0,1442,222,1,0,1665,0,0,0,1665
02/13/2023,DEN,CO,ANM,WE,Towers with Radar,1494,242,4,0,1740,0,0,0,1,1,1494,242,4,1,1741,0,0,0,1741
02/14/2023,DEN,CO,ANM,WE,Towers with Radar,1441,230,10,0,1681,0,0,4,0,4,1441,230,14,0,1685,0,0,0,1685
02/15/2023,DEN,CO,ANM,WE,Towers with Radar,1290,175,6,0,1471,0,0,1,0,1,1290,175,7,0,1472,0,0,0,1472
02/16/2023,DEN,CO,ANM,WE,Towers with Radar,1508,268,6,0,1782,0,0,1,0,1,1508,268,7,0,1783,0,0,0,1783
02/17/2023,DEN,CO,ANM,WE,Towers with Radar,1507,269,5,0,1781,0,0,0,0,0,1507,269,5,0,1781,0,0,0,1781
02/18/2023,DEN,CO,ANM,WE,Towers with Radar,1365,236,2,0,1603,0,0,0,0,0,1365,236,2,0,1603,0,0,0,1603
02/19/2023,DEN,CO,ANM,WE,Towers with Radar,1462,220,4,0,1686,0,0,0,0,0,1462,220,4,0,1686,0,0,0,1686
02/20/2023,DEN,CO,ANM,WE,Towers with Radar,1522,247,11,0,1780,0,1,0,0,1,1522,248,11,0,1781,0,0,0,1781
02/21/2023,DEN,CO,ANM,WE,Towers with Radar,1479,219,11,0,1709,0,0,1,0,1,1479,219,12,0,1710,0,0,0,1710
02/22/2023,DEN,CO,ANM,WE,Towers with Radar,1247,180,8,0,1435,0,0,0,0,0,1247,180,8,0,1435,0,0,0,1435
02/23/2023,DEN,CO,ANM,WE,Towers with Radar,1459,250,13,0,1722,0,0,0,0,0,1459,250,13,0,1722,0,0,0,1722
02/24/2023,DEN,CO,ANM,WE,Towers with Radar,1523,261,5,0,1789,0,0,0,0,0,1523,261,5,0,1789,0,0,0,1789
02/25/2023,DEN,CO,ANM,WE,Towers with Radar,1376,233,5,2,1616,0,0,0,0,0,1376,233,5,2,1616,0,0,0,1616
02/26/2023,DEN,CO,ANM,WE,Towers with Radar,1476,225,5,0,1706,0,0,0,0,0,1476,225,5,0,1706,0,0,0,1706
02/27/2023,DEN,CO,ANM,WE,Towers with Radar,1515,244,10,0,1769,0,0,0,0,0,1515,244,10,0,1769,0,0,0,1769
02/28/2023,DEN,CO,ANM,WE,Towers with Radar,1504,223,10,0,1737,0,0,0,0,0,1504,223,10,0,1737,0,0,0,1737
03/01/2023,DEN,CO,ANM,WE,Towers with Radar,1497,249,2,0,1748,0,0,0,0,0,1497,249,2,0,1748,0,0,0,1748
03/02/2023,DEN,CO,ANM,WE,Towers with Radar,1498,261,12,0,1771,0,0,1,0,1,1498,261,13,0,1772,0,0,0,1772
03/03/2023,DEN,CO,ANM,WE,Towers with Radar,1546,248,6,0,1800,0,0,1,0,1,1546,248,7,0,1801,0,0,0,1801
03/04/2023,DEN,CO,ANM,WE,Towers with Radar,1385,238,2,0,1625,1,0,0,1,2,1386,238,2,1,1627,0,0,0,1627
03/05/2023,DEN,CO,ANM,WE,Towers with Radar,1491,225,12,7,1735,0,0,0,0,0,1491,225,12,7,1735,0,0,0,1735
03/06/2023,DEN,CO,ANM,WE,Towers with Radar,1553,241,8,15,1817,0,0,0,0,0,1553,241,8,15,1817,0,0,0,1817
03/07/2023,DEN,CO,ANM,WE,Towers with Radar,1516,229,7,7,1759,0,0,0,0,0,1516,229,7,7,1759,0,0,0,1759
03/08/2023,DEN,CO,ANM,WE,Towers with Radar,1507,253,2,11,1773,0,0,0,0,0,1507,253,2,11,1773,0,0,0,1773
03/09/2023,DEN,CO,ANM,WE,Towers with Radar,1573,262,4,0,1839,0,0,0,0,0,1573,262,4,0,1839,0,0,0,1839
03/10/2023,DEN,CO,ANM,WE,Towers with Radar,1567,241,1,0,1809,0,0,3,0,3,1567,241,4,0,1812,0,0,0,1812
03/11/2023,DEN,CO,ANM,WE,Towers with Radar,1412,220,6,0,1638,1,0,0,0,1,1413,220,6,0,1639,0,0,0,1639
03/12/2023,DEN,CO,ANM,WE,Towers with Radar,1447,226,3,2,1678,0,0,0,0,0,1447,226,3,2,1678,0,0,0,1678
03/13/2023,DEN,CO,ANM,WE,Towers with Radar,1578,246,14,0,1838,0,0,0,0,0,1578,246,14,0,1838,0,0,0,1838
03/14/2023,DEN,CO,ANM,WE,Towers with Radar,1576,234,10,0,1820,0,0,2,0,2,1576,234,12,0,1822,0,0,0,1822
03/15/2023,DEN,CO,ANM,WE,Towers with Radar,1562,235,3,0,1800,0,0,1,0,1,1562,235,4,0,1801,0,0,0,1801
03/16/2023,DEN,CO,ANM,WE,Towers with Radar,1569,236,3,0,1808,0,1,0,0,1,1569,237,3,0,1809,0,0,0,1809
03/17/2023,DEN,CO,ANM,WE,Towers with Radar,1591,255,3,0,1849,0,0,0,0,0,1591,255,3,0,1849,0,0,0,1849
03/18/2023,DEN,CO,ANM,WE,Towers with Radar,1400,234,7,0,1641,0,1,0,0,1,1400,235,7,0,1642,0,0,0,1642
03/19/2023,DEN,CO,ANM,WE,Towers with Radar,1471,233,6,0,1710,0,0,1,0,1,1471,233,7,0,1711,0,0,0,1711
03/20/2023,DEN,CO,ANM,WE,Towers with Radar,1577,246,5,0,1828,0,0,0,0,0,1577,246,5,0,1828,0,0,0,1828
03/21/2023,DEN,CO,ANM,WE,Towers with Radar,1561,220,9,0,1790,0,0,2,0,2,1561,220,11,0,1792,0,0,0,1792
03/22/2023,DEN,CO,ANM,WE,Towers with Radar,1566,235,7,0,1808,0,0,2,0,2,1566,235,9,0,1810,0,0,0,1810
03/23/2023,DEN,CO,ANM,WE,Towers with Radar,1588,249,6,0,1843,0,0,0,0,0,1588,249,6,0,1843,0,0,0,1843
03/24/2023,DEN,CO,ANM,WE,Towers with Radar,1589,262,5,0,1856,0,0,2,0,2,1589,262,7,0,1858,0,0,0,1858
03/25/2023,DEN,CO,ANM,WE,Towers with Radar,1396,217,1,0,1614,1,0,0,0,1,1397,217,1,0,1615,0,0,0,1615
03/26/2023,DEN,CO,ANM,WE,Towers with Radar,1476,226,3,2,1707,0,0,0,0,0,1476,226,3,2,1707,0,0,0,1707
03/27/2023,DEN,CO,ANM,WE,Towers with Radar,1580,243,3,0,1826,0,0,0,0,0,1580,243,3,0,1826,0,0,0,1826
03/28/2023,DEN,CO,ANM,WE,Towers with Radar,1555,229,15,0,1799,0,0,2,0,2,1555,229,17,0,1801,0,0,0,1801
03/29/2023,DEN,CO,ANM,WE,Towers with Radar,1565,250,9,0,1824,0,0,0,0,0,1565,250,9,0,1824,0,0,0,1824
03/30/2023,DEN,CO,ANM,WE,Towers with Radar,1578,252,12,2,1844,0,0,0,0,0,1578,252,12,2,1844,0,0,0,1844
03/31/2023,DEN,CO,ANM,WE,Towers with Radar,1549,256,12,2,1819,0,0,0,0,0,1549,256,12,2,1819,0,0,0,1819
04/01/2023,DEN,CO,ANM,WE,Towers with Radar,1357,241,4,0,1602,1,0,0,0,1,1358,241,4,0,1603,0,0,0,1603
04/02/2023,DEN,CO,ANM,WE,Towers with Radar,1417,242,5,1,1665,0,0,4,0,4,1417,242,9,1,1669,0,0,0,1669
04/03/2023,DEN,CO,ANM,WE,Towers with Radar,1580,242,1,4,1827,0,0,1,0,1,1580,242,2,4,1828,0,0,0,1828
04/04/2023,DEN,CO,ANM,WE,Towers with Radar,1535,221,5,0,1761,0,0,0,0,0,1535,221,5,0,1761,0,0,0,1761
04/05/2023,DEN,CO,ANM,WE,Towers with Radar,1509,238,5,0,1752,0,0,0,2,2,1509,238,5,2,1754,0,0,0,1754
04/06/2023,DEN,CO,ANM,WE,Towers with Radar,1582,254,5,1,1842,0,0,2,0,2,1582,254,7,1,1844,0,0,0,1844
04/07/2023,DEN,CO,ANM,WE,Towers with Radar,1569,263,5,0,1837,0,0,0,0,0,1569,263,5,0,1837,0,0,0,1837
04/08/2023,DEN,CO,ANM,WE,Towers with Radar,1348,226,7,0,1581,1,0,3,0,4,1349,226,10,0,1585,0,0,0,1585
04/09/2023,DEN,CO,ANM,WE,Towers with Radar,1452,228,5,0,1685,0,0,3,0,3,1452,228,8,0,1688,0,0,0,1688
04/10/2023,DEN,CO,ANM,WE,Towers with Radar,1576,256,11,0,1843,0,0,0,0,0,1576,256,11,0,1843,0,0,0,1843
04/11/2023,DEN,CO,ANM,WE,Towers with Radar,1539,235,3,1,1778,0,0,2,0,2,1539,235,5,1,1780,0,0,0,1780
04/12/2023,DEN,CO,ANM,WE,Towers with Radar,1559,254,10,2,1825,0,0,0,0,0,1559,254,10,2,1825,0,0,0,1825
04/13/2023,DEN,CO,ANM,WE,Towers with Radar,1566,257,7,0,1830,0,0,1,0,1,1566,257,8,0,1831,0,0,0,1831
04/14/2023,DEN,CO,ANM,WE,Towers with Radar,1541,260,2,0,1803,0,0,0,0,0,1541,260,2,0,1803,0,0,0,1803
04/15/2023,DEN,CO,ANM,WE,Towers with Radar,1354,229,4,1,1588,0,0,0,0,0,1354,229,4,1,1588,0,0,0,1588
04/16/2023,DEN,CO,ANM,WE,Towers with Radar,1484,222,9,0,1715,0,0,0,0,0,1484,222,9,0,1715,0,0,0,1715
04/17/2023,DEN,CO,ANM,WE,Towers with Radar,1578,246,7,0,1831,0,0,0,0,0,1578,246,7,0,1831,0,0,0,1831
04/18/2023,DEN,CO,ANM,WE,Towers with Radar,1546,227,10,0,1783,0,0,2,0,2,1546,227,12,0,1785,0,0,0,1785
04/19/2023,DEN,CO,ANM,WE,Towers with Radar,1465,205,4,1,1675,0,1,0,0,1,1465,206,4,1,1676,0,0,0,1676
04/20/2023,DEN,CO,ANM,WE,Towers with Radar,1535,246,4,4,1789,0,0,0,0,0,1535,246,4,4,1789,0,0,0,1789
04/21/2023,DEN,CO,ANM,WE,Towers with Radar,1568,265,7,0,1840,0,0,1,0,1,1568,265,8,0,1841,0,0,0,1841
04/22/2023,DEN,CO,ANM,WE,Towers with Radar,1373,234,2,0,1609,0,0,0,0,0,1373,234,2,0,1609,0,0,0,1609
04/23/2023,DEN,CO,ANM,WE,Towers with Radar,1483,242,4,0,1729,0,0,0,0,0,1483,242,4,0,1729,0,0,0,1729
04/24/2023,DEN,CO,ANM,WE,Towers with Radar,1582,250,3,0,1835,0,0,0,0,0,1582,250,3,0,1835,0,0,0,1835
04/25/2023,DEN,CO,ANM,WE,Towers with Radar,1449,200,3,0,1652,0,0,1,0,1,1449,200,4,0,1653,0,0,0,1653
04/26/2023,DEN,CO,ANM,WE,Towers with Radar,1540,244,5,0,1789,0,0,3,0,3,1540,244,8,0,1792,0,0,0,1792
04/27/2023,DEN,CO,ANM,WE,Towers with Radar,1562,248,5,1,1816,0,1,0,0,1,1562,249,5,1,1817,0,0,0,1817
04/28/2023,DEN,CO,ANM,WE,Towers with Radar,1573,268,6,1,1848,0,1,0,0,1,1573,269,6,1,1849,0,0,0,1849
04/29/2023,DEN,CO,ANM,WE,Towers with Radar,1376,234,4,0,1614,2,2,1,0,5,1378,236,5,0,1619,0,0,0,1619
04/30/2023,DEN,CO,ANM,WE,Towers with Radar,1473,224,7,0,1704,0,0,0,0,0,1473,224,7,0,1704,0,0,0,1704
05/01/2023,DEN,CO,ANM,WE,Towers with Radar,1575,233,4,0,1812,0,0,1,0,1,1575,233,5,0,1813,0,0,0,1813
05/02/2023,DEN,CO,ANM,WE,Towers with Radar,1547,226,5,0,1778,0,0,0,0,0,1547,226,5,0,1778,0,0,0,1778
05/03/2023,DEN,CO,ANM,WE,Towers with Radar,1550,250,11,0,1811,0,0,5,0,5,1550,250,16,0,1816,0,0,0,1816
05/04/2023,DEN,CO,ANM,WE,Towers with Radar,1566,245,7,0,1818,0,0,0,0,0,1566,245,7,0,1818,0,0,0,1818
05/05/2023,DEN,CO,ANM,WE,Towers with Radar,1602,234,2,0,1838,0,0,0,0,0,1602,234,2,0,1838,0,0,0,1838
05/06/2023,DEN,CO,ANM,WE,Towers with Radar,1395,213,4,0,1612,0,0,0,0,0,1395,213,4,0,1612,0,0,0,1612
05/07/2023,DEN,CO,ANM,WE,Towers with Radar,1496,187,4,0,1687,0,0,0,0,0,1496,187,4,0,1687,0,0,0,1687
05/08/2023,DEN,CO,ANM,WE,Towers with Radar,1627,208,8,0,1843,0,0,1,0,1,1627,208,9,0,1844,0,0,0,1844
05/09/2023,DEN,CO,ANM,WE,Towers with Radar,1576,197,9,0,1782,0,1,0,0,1,1576,198,9,0,1783,0,0,0,1783
05/10/2023,DEN,CO,ANM,WE,Towers with Radar,1446,175,7,0,1628,0,0,0,0,0,1446,175,7,0,1628,0,0,0,1628
05/11/2023,DEN,CO,ANM,WE,Towers with Radar,1608,223,5,2,1838,0,0,0,0,0,1608,223,5,2,1838,0,0,0,1838
05/12/2023,DEN,CO,ANM,WE,Towers with Radar,1610,248,7,0,1865,0,0,0,0,0,1610,248,7,0,1865,0,0,0,1865
05/13/2023,DEN,CO,ANM,WE,Towers with Radar,1420,216,5,0,1641,0,0,0,0,0,1420,216,5,0,1641,0,0,0,1641
05/14/2023,DEN,CO,ANM,WE,Towers with Radar,1487,204,8,0,1699,0,0,0,0,0,1487,204,8,0,1699,0,0,0,1699
05/15/2023,DEN,CO,ANM,WE,Towers with Radar,1609,228,15,0,1852,0,0,0,0,0,1609,228,15,0,1852,0,0,0,1852
05/16/2023,DEN,CO,ANM,WE,Towers with Radar,1593,200,13,0,1806,0,0,0,0,0,1593,200,13,0,1806,0,0,0,1806
05/17/2023,DEN,CO,ANM,WE,Towers with Radar,1603,225,12,0,1840,0,0,5,0,5,1603,225,17,0,1845,0,0,0,1845
05/18/2023,DEN,CO,ANM,WE,Towers with Radar,1588,216,9,1,1814,0,0,5,0,5,1588,216,14,1,1819,0,0,0,1819
05/19/2023,DEN,CO,ANM,WE,Towers with Radar,1606,245,8,1,1860,0,0,0,0,0,1606,245,8,1,1860,0,0,0,1860
05/20/2023,DEN,CO,ANM,WE,Towers with Radar,1403,216,7,0,1626,0,0,0,0,0,1403,216,7,0,1626,0,0,0,1626
05/21/2023,DEN,CO,ANM,WE,Towers with Radar,1503,204,10,0,1717,0,0,1,0,1,1503,204,11,0,1718,0,0,0,1718
05/22/2023,DEN,CO,ANM,WE,Towers with Radar,1607,223,8,0,1838,0,0,0,0,0,1607,223,8,0,1838,0,0,0,1838
05/23/2023,DEN,CO,ANM,WE,Towers with Radar,1616,213,3,0,1832,1,0,2,0,3,1617,213,5,0,1835,0,0,0,1835
05/24/2023,DEN,CO,ANM,WE,Towers with Radar,1592,215,12,0,1819,0,0,2,0,2,1592,215,14,0,1821,0,0,0,1821
05/25/2023,DEN,CO,ANM,WE,Towers with Radar,1627,222,14,0,1863,0,0,0,0,0,1627,222,14,0,1863,0,0,0,1863
05/26/2023,DEN,CO,ANM,WE,Towers with Radar,1568,206,3,0,1777,0,0,0,0,0,1568,206,3,0,1777,0,0,0,1777
05/27/2023,DEN,CO,ANM,WE,Towers with Radar,1398,193,7,0,1598,0,0,0,0,0,1398,193,7,0,1598,0,0,0,1598
05/28/2023,DEN,CO,ANM,WE,Towers with Radar,1499,203,8,0,1710,0,0,2,0,2,1499,203,10,0,1712,0,0,0,1712
05/29/2023,DEN,CO,ANM,WE,Towers with Radar,1611,209,10,0,1830,0,0,0,0,0,1611,209,10,0,1830,0,0,0,1830
05/30/2023,DEN,CO,ANM,WE,Towers with Radar,1596,206,11,0,1813,0,0,0,0,0,1596,206,11,0,1813,0,0,0,1813
05/31/2023,DEN,CO,ANM,WE,Towers with Radar,1594,218,5,0,1817,0,0,3,0,3,1594,218,8,0,1820,0,0,0,1820
06/01/2023,DEN,CO,ANM,WE,Towers with Radar,1612,227,16,0,1855,0,0,3,0,3,1612,227,19,0,1858,0,0,0,1858
06/02/2023,DEN,CO,ANM,WE,Towers with Radar,1661,226,12,0,1899,0,0,0,0,0,1661,226,12,0,1899,0,0,0,1899
06/03/2023,DEN,CO,ANM,WE,Towers with Radar,1499,201,9,0,1709,0,0,1,0,1,1499,201,10,0,1710,0,0,0,1710
06/04/2023,DEN,CO,ANM,WE,Towers with Radar,1605,191,4,0,1800,0,0,3,0,3,1605,191,7,0,1803,0,0,0,1803
06/05/2023,DEN,CO,ANM,WE,Towers with Radar,1699,208,10,0,1917,0,0,11,0,11,1699,208,21,0,1928,0,0,0,1928
06/06/2023,DEN,CO,ANM,WE,Towers with Radar,1675,189,10,0,1874,0,0,4,0,4,1675,189,14,0,1878,0,0,0,1878
06/07/2023,DEN,CO,ANM,WE,Towers with Radar,1672,212,16,0,1900,0,0,1,0,1,1672,212,17,0,1901,0,0,0,1901
06/08/2023,DEN,CO,ANM,WE,Towers with Radar,1652,221,11,0,1884,0,0,0,0,0,1652,221,11,0,1884,0,0,0,1884
06/09/2023,DEN,CO,ANM,WE,Towers with Radar,1767,230,5,0,2002,0,0,0,0,0,1767,230,5,0,2002,0,0,0,2002
06/10/2023,DEN,CO,ANM,WE,Towers with Radar,1559,184,4,0,1747,1,0,4,0,5,1560,184,8,0,1752,0,0,0,1752
06/11/2023,DEN,CO,ANM,WE,Towers with Radar,1605,190,8,0,1803,0,0,0,0,0,1605,190,8,0,1803,0,0,0,1803
06/12/2023,DEN,CO,ANM,WE,Towers with Radar,1638,185,5,1,1829,0,0,0,0,0,1638,185,5,1,1829,0,0,0,1829
06/13/2023,DEN,CO,ANM,WE,Towers with Radar,1693,200,12,0,1905,0,0,0,0,0,1693,200,12,0,1905,0,0,0,1905
06/14/2023,DEN,CO,ANM,WE,Towers with Radar,1693,228,16,0,1937,0,2,3,1,6,1693,230,19,1,1943,0,0,0,1943
06/15/2023,DEN,CO,ANM,WE,Towers with Radar,1688,214,13,1,1916,0,0,0,0,0,1688,214,13,1,1916,0,0,0,1916
06/16/2023,DEN,CO,ANM,WE,Towers with Radar,1680,190,9,3,1882,0,0,0,6,6,1680,190,9,9,1888,0,0,0,1888
06/17/2023,DEN,CO,ANM,WE,Towers with Radar,1561,200,6,0,1767,1,0,2,0,3,1562,200,8,0,1770,0,0,0,1770
06/18/2023,DEN,CO,ANM,WE,Towers with Radar,1658,190,10,0,1858,0,0,2,0,2,1658,190,12,0,1860,0,0,0,1860
06/19/2023,DEN,CO,ANM,WE,Towers with Radar,1688,207,13,0,1908,0,0,1,0,1,1688,207,14,0,1909,0,0,0,1909
06/20/2023,DEN,CO,ANM,WE,Towers with Radar,1714,194,11,0,1919,0,0,1,0,1,1714,194,12,0,1920,0,0,0,1920
06/21/2023,DEN,CO,ANM,WE,Towers with Radar,1466,189,7,0,1662,1,0,2,0,3,1467,189,9,0,1665,0,0,0,1665
06/22/2023,DEN,CO,ANM,WE,Towers with Radar,1618,187,10,0,1815,0,0,0,0,0,1618,187,10,0,1815,0,0,0,1815
06/23/2023,DEN,CO,ANM,WE,Towers with Radar,1757,234,15,0,2006,0,1,0,0,1,1757,235,15,0,2007,0,0,0,2007
06/24/2023,DEN,CO,ANM,WE,Towers with Radar,1537,206,10,0,1753,1,0,0,0,1,1538,206,10,0,1754,0,0,0,1754
06/25/2023,DEN,CO,ANM,WE,Towers with Radar,1553,220,21,0,1794,0,0,0,0,0,1553,220,21,0,1794,0,0,0,1794
06/26/2023,DEN,CO,ANM,WE,Towers with Radar,1582,238,18,0,1838,0,0,0,0,0,1582,238,18,0,1838,0,0,0,1838
06/27/2023,DEN,CO,ANM,WE,Towers with Radar,1544,217,21,0,1782,0,0,0,0,0,1544,217,21,0,1782,0,0,0,1782
06/28/2023,DEN,CO,ANM,WE,Towers with Radar,1517,246,14,0,1777,0,0,0,0,0,1517,246,14,0,1777,0,0,0,1777
06/29/2023,DEN,CO,ANM,WE,Towers with Radar,1436,194,6,0,1636,0,0,0,0,0,1436,194,6,0,1636,0,0,0,1636
06/30/2023,DEN,CO,ANM,WE,Towers with Radar,1653,219,23,0,1895,0,0,0,0,0,1653,219,23,0,1895,0,0,0,1895
07/01/2023,DEN,CO,ANM,WE,Towers with Radar,1508,207,9,0,1724,0,0,0,0,0,1508,207,9,0,1724,0,0,0,1724
07/02/2023,DEN,CO,ANM,WE,Towers with Radar,1527,181,14,0,1722,0,2,2,0,4,1527,183,16,0,1726,0,0,0,1726
07/03/2023,DEN,CO,ANM,WE,Towers with Radar,1583,201,7,0,1791,0,1,0,0,1,1583,202,7,0,1792,0,0,0,1792
07/04/2023,DEN,CO,ANM,WE,Towers with Radar,1367,120,9,0,1496,0,0,0,0,0,1367,120,9,0,1496,0,0,0,1496
07/05/2023,DEN,CO,ANM,WE,Towers with Radar,1647,201,5,0,1853,0,0,0,0,0,1647,201,5,0,1853,0,0,0,1853
07/06/2023,DEN,CO,ANM,WE,Towers with Radar,1662,189,8,0,1859,0,0,0,0,0,1662,189,8,0,1859,0,0,0,1859
07/07/2023,DEN,CO,ANM,WE,Towers with Radar,1730,244,7,0,1981,0,2,0,0,2,1730,246,7,0,1983,0,0,0,1983
07/08/2023,DEN,CO,ANM,WE,Towers with Radar,1550,178,13,0,1741,1,0,0,0,1,1551,178,13,0,1742,0,0,0,1742
07/09/2023,DEN,CO,ANM,WE,Towers with Radar,1633,199,8,0,1840,0,0,0,0,0,1633,199,8,0,1840,0,0,0,1840
07/10/2023,DEN,CO,ANM,WE,Towers with Radar,1712,221,16,0,1949,0,0,6,0,6,1712,221,22,0,1955,0,0,0,1955
07/11/2023,DEN,CO,ANM,WE,Towers with Radar,1780,220,14,0,2014,0,0,0,0,0,1780,220,14,0,2014,0,0,0,2014
07/12/2023,DEN,CO,ANM,WE,Towers with Radar,1749,234,6,0,1989,0,0,3,0,3,1749,234,9,0,1992,0,0,0,1992
07/13/2023,DEN,CO,ANM,WE,Towers with Radar,1804,238,15,0,2057,0,0,0,0,0,1804,238,15,0,2057,0,0,0,2057
07/14/2023,DEN,CO,ANM,WE,Towers with Radar,1736,233,13,0,1982,0,0,0,2,2,1736,233,13,2,1984,0,0,0,1984
07/15/2023,DEN,CO,ANM,WE,Towers with Radar,1599,200,10,0,1809,0,0,2,0,2,1599,200,12,0,1811,0,0,0,1811
07/16/2023,DEN,CO,ANM,WE,Towers with Radar,1652,208,15,0,1875,0,1,1,0,2,1652,209,16,0,1877,0,0,0,1877
07/17/2023,DEN,CO,ANM,WE,Towers with Radar,1783,221,7,0,2011,0,0,1,0,1,1783,221,8,0,2012,0,0,0,2012
07/18/2023,DEN,CO,ANM,WE,Towers with Radar,1768,208,14,0,1990,0,0,0,0,0,1768,208,14,0,1990,0,0,0,1990
07/19/2023,DEN,CO,ANM,WE,Towers with Radar,1753,228,13,0,1994,0,0,2,0,2,1753,228,15,0,1996,0,0,0,1996
07/20/2023,DEN,CO,ANM,WE,Towers with Radar,1565,195,16,2,1778,0,0,0,0,0,1565,195,16,2,1778,0,0,0,1778
07/21/2023,DEN,CO,ANM,WE,Towers with Radar,1843,234,12,0,2089,0,0,1,0,1,1843,234,13,0,2090,0,0,0,2090
07/22/2023,DEN,CO,ANM,WE,Towers with Radar,1631,210,6,2,1849,0,0,0,0,0,1631,210,6,2,1849,0,0,0,1849
07/23/2023,DEN,CO,ANM,WE,Towers with Radar,1662,192,9,0,1863,0,0,0,0,0,1662,192,9,0,1863,0,0,0,1863
07/24/2023,DEN,CO,ANM,WE,Towers with Radar,1771,221,15,0,2007,0,0,6,0,6,1771,221,21,0,2013,0,0,0,2013
07/25/2023,DEN,CO,ANM,WE,Towers with Radar,1766,209,15,0,1990,0,0,1,0,1,1766,209,16,0,1991,0,0,0,1991
07/26/2023,DEN,CO,ANM,WE,Towers with Radar,1681,201,7,0,1889,0,0,3,0,3,1681,201,10,0,1892,0,0,0,1892
07/27/2023,DEN,CO,ANM,WE,Towers with Radar,1723,237,7,0,1967,0,0,0,0,0,1723,237,7,0,1967,0,0,0,1967
07/28/2023,DEN,CO,ANM,WE,Towers with Radar,1737,213,10,0,1960,0,0,3,0,3,1737,213,13,0,1963,0,0,0,1963
07/29/2023,DEN,CO,ANM,WE,Towers with Radar,1576,200,10,0,1786,0,0,1,0,1,1576,200,11,0,1787,0,0,0,1787
07/30/2023,DEN,CO,ANM,WE,Towers with Radar,1603,196,16,0,1815,0,0,5,0,5,1603,196,21,0,1820,0,0,0,1820
07/31/2023,DEN,CO,ANM,WE,Towers with Radar,1650,215,12,0,1877,0,0,2,0,2,1650,215,14,0,1879,0,0,0,1879
08/01/2023,DEN,CO,ANM,WE,Towers with Radar,1742,212,12,0,1966,0,0,1,0,1,1742,212,13,0,1967,0,0,0,1967
08/02/2023,DEN,CO,ANM,WE,Towers with Radar,1745,229,15,0,1989,0,0,0,0,0,1745,229,15,0,1989,0,0,0,1989
08/03/2023,DEN,CO,ANM,WE,Towers with Radar,1697,212,8,0,1917,0,0,1,0,1,1697,212,9,0,1918,0,0,0,1918
08/04/2023,DEN,CO,ANM,WE,Towers with Radar,1804,238,15,0,2057,0,1,1,0,2,1804,239,16,0,2059,0,0,0,2059
08/05/2023,DEN,CO,ANM,WE,Towers with Radar,1603,210,12,2,1827,1,4,0,0,5,1604,214,12,2,1832,0,0,0,1832
08/06/2023,DEN,CO,ANM,WE,Towers with Radar,1602,198,12,0,1812,0,0,0,0,0,1602,198,12,0,1812,0,0,0,1812
08/07/2023,DEN,CO,ANM,WE,Towers with Radar,1766,223,13,1,2003,0,8,0,0,8,1766,231,13,1,2011,0,0,0,2011
08/08/2023,DEN,CO,ANM,WE,Towers with Radar,1759,209,11,1,1980,0,8,0,0,8,1759,217,11,1,1988,0,0,0,1988
08/09/2023,DEN,CO,ANM,WE,Towers with Radar,1775,238,11,0,2024,0,8,2,0,10,1775,246,13,0,2034,0,0,0,2034
08/10/2023,DEN,CO,ANM,WE,Towers with Radar,1778,234,16,0,2028,0,0,1,0,1,1778,234,17,0,2029,0,0,0,2029
08/11/2023,DEN,CO,ANM,WE,Towers with Radar,1791,238,13,1,2043,0,0,0,0,0,1791,238,13,1,2043,0,0,0,2043
08/12/2023,DEN,CO,ANM,WE,Towers with Radar,1609,228,6,1,1844,0,0,0,0,0,1609,228,6,1,1844,0,0,0,1844
08/13/2023,DEN,CO,ANM,WE,Towers with Radar,1662,213,10,0,1885,0,0,0,0,0,1662,213,10,0,1885,0,0,0,1885
08/14/2023,DEN,CO,ANM,WE,Towers with Radar,1771,245,13,0,2029,0,0,3,0,3,1771,245,16,0,2032,0,0,0,2032
08/15/2023,DEN,CO,ANM,WE,Towers with Radar,1738,207,13,0,1958,0,0,2,0,2,1738,207,15,0,1960,0,0,0,1960
08/16/2023,DEN,CO,ANM,WE,Towers with Radar,1754,238,7,0,1999,0,0,0,0,0,1754,238,7,0,1999,0,0,0,1999
08/17/2023,DEN,CO,ANM,WE,Towers with Radar,1744,243,22,0,2009,0,0,5,0,5,1744,243,27,0,2014,0,0,0,2014
08/18/2023,DEN,CO,ANM,WE,Towers with Radar,1721,243,8,1,1973,0,2,2,0,4,1721,245,10,1,1977,0,0,0,1977
08/19/2023,DEN,CO,ANM,WE,Towers with Radar,1555,220,8,2,1785,0,0,0,0,0,1555,220,8,2,1785,0,0,0,1785
08/20/2023,DEN,CO,ANM,WE,Towers with Radar,1636,206,5,1,1848,0,0,0,0,0,1636,206,5,1,1848,0,0,0,1848
08/21/2023,DEN,CO,ANM,WE,Towers with Radar,1686,223,13,0,1922,0,0,0,0,0,1686,223,13,0,1922,0,0,0,1922
08/22/2023,DEN,CO,ANM,WE,Towers with Radar,1725,216,12,0,1953,0,0,0,0,0,1725,216,12,0,1953,0,0,0,1953
08/23/2023,DEN,CO,ANM,WE,Towers with Radar,1721,239,12,0,1972,0,0,2,0,2,1721,239,14,0,1974,0,0,0,1974
08/24/2023,DEN,CO,ANM,WE,Towers with Radar,1731,230,14,0,1975,0,0,5,0,5,1731,230,19,0,1980,0,0,0,1980
08/25/2023,DEN,CO,ANM,WE,Towers with Radar,1729,243,6,0,1978,0,1,0,0,1,1729,244,6,0,1979,0,0,0,1979
08/26/2023,DEN,CO,ANM,WE,Towers with Radar,1548,216,10,0,1774,0,0,0,0,0,1548,216,10,0,1774,0,0,0,1774
08/27/2023,DEN,CO,ANM,WE,Towers with Radar,1673,200,9,0,1882,0,0,1,0,1,1673,200,10,0,1883,0,0,0,1883
08/28/2023,DEN,CO,ANM,WE,Towers with Radar,1746,227,9,0,1982,0,0,1,0,1,1746,227,10,0,1983,0,0,0,1983
08/29/2023,DEN,CO,ANM,WE,Towers with Radar,1711,226,11,0,1948,0,0,0,0,0,1711,226,11,0,1948,0,0,0,1948
08/30/2023,DEN,CO,ANM,WE,Towers with Radar,1718,235,7,0,1960,0,0,2,0,2,1718,235,9,0,1962,0,0,0,1962
08/31/2023,DEN,CO,ANM,WE,Towers with Radar,1748,239,14,0,2001,0,0,0,0,0,1748,239,14,0,2001,0,0,0,2001
01/01/2020,DEN,CO,ANM,WE,Towers with Radar,1266,374,11,0,1651,0,2,3,0,5,1266,376,14,0,1656,0,0,0,1656
01/02/2020,DEN,CO,ANM,WE,Towers with Radar,1403,495,16,0,1914,0,1,1,0,2,1403,496,17,0,1916,0,0,0,1916
01/03/2020,DEN,CO,ANM,WE,Towers with Radar,1378,478,13,0,1869,0,1,1,0,2,1378,479,14,0,1871,0,0,0,1871
01/04/2020,DEN,CO,ANM,WE,Towers with Radar,1181,434,13,0,1628,0,0,0,0,0,1181,434,13,0,1628,0,0,0,1628
01/05/2020,DEN,CO,ANM,WE,Towers with Radar,1341,428,14,0,1783,0,2,2,0,4,1341,430,16,0,1787,0,0,0,1787
01/06/2020,DEN,CO,ANM,WE,Towers with Radar,1402,450,11,0,1863,0,2,2,0,4,1402,452,13,0,1867,0,0,0,1867
01/07/2020,DEN,CO,ANM,WE,Towers with Radar,1234,431,7,0,1672,0,3,0,2,5,1234,434,7,2,1677,0,0,0,1677
01/08/2020,DEN,CO,ANM,WE,Towers with Radar,1232,456,6,0,1694,0,3,2,0,5,1232,459,8,0,1699,0,0,0,1699
01/09/2020,DEN,CO,ANM,WE,Towers with Radar,1297,439,10,0,1746,0,0,0,0,0,1297,439,10,0,1746,0,0,0,1746
01/10/2020,DEN,CO,ANM,WE,Towers with Radar,1237,446,4,1,1688,1,0,0,0,1,1238,446,4,1,1689,0,0,0,1689
01/11/2020,DEN,CO,ANM,WE,Towers with Radar,1028,376,7,0,1411,0,1,0,0,1,1028,377,7,0,1412,0,0,0,1412
01/12/2020,DEN,CO,ANM,WE,Towers with Radar,1231,395,5,1,1632,0,0,0,0,0,1231,395,5,1,1632,0,0,0,1632
01/13/2020,DEN,CO,ANM,WE,Towers with Radar,1260,418,4,0,1682,0,1,0,0,1,1260,419,4,0,1683,0,0,0,1683
01/14/2020,DEN,CO,ANM,WE,Towers with Radar,1225,440,4,0,1669,0,2,4,0,6,1225,442,8,0,1675,0,0,0,1675
01/15/2020,DEN,CO,ANM,WE,Towers with Radar,1213,448,4,1,1666,0,3,24,0,27,1213,451,28,1,1693,0,0,0,1693
01/16/2020,DEN,CO,ANM,WE,Towers with Radar,1278,435,8,1,1722,0,0,17,0,17,1278,435,25,1,1739,0,0,0,1739
01/17/2020,DEN,CO,ANM,WE,Towers with Radar,1186,350,12,0,1548,0,0,4,0,4,1186,350,16,0,1552,0,0,0,1552
01/18/2020,DEN,CO,ANM,WE,Towers with Radar,1030,350,7,0,1387,0,1,1,0,2,1030,351,8,0,1389,0,0,0,1389
01/19/2020,DEN,CO,ANM,WE,Towers with Radar,1158,379,9,0,1546,0,3,0,0,3,1158,382,9,0,1549,0,0,0,1549
01/20/2020,DEN,CO,ANM,WE,Towers with Radar,1229,430,7,0,1666,0,1,0,0,1,1229,431,7,0,1667,0,0,0,1667
01/21/2020,DEN,CO,ANM,WE,Towers with Radar,1196,427,7,0,1630,0,1,0,0,1,1196,428,7,0,1631,0,0,0,1631
01/22/2020,DEN,CO,ANM,WE,Towers with Radar,1219,448,14,2,1683,0,2,2,0,4,1219,450,16,2,1687,0,0,0,1687
01/23/2020,DEN,CO,ANM,WE,Towers with Radar,1269,443,2,0,1714,0,2,0,0,2,1269,445,2,0,1716,0,0,0,1716
01/24/2020,DEN,CO,ANM,WE,Towers with Radar,1246,447,11,1,1705,0,0,0,0,0,1246,447,11,1,1705,0,0,0,1705
01/25/2020,DEN,CO,ANM,WE,Towers with Radar,1048,379,3,1,1431,0,0,6,0,6,1048,379,9,1,1437,0,0,0,1437
01/26/2020,DEN,CO,ANM,WE,Towers with Radar,1226,411,19,0,1656,0,2,0,0,2,1226,413,19,0,1658,0,0,0,1658
01/27/2020,DEN,CO,ANM,WE,Towers with Radar,1246,422,7,0,1675,0,0,2,0,2,1246,422,9,0,1677,0,0,0,1677
01/28/2020,DEN,CO,ANM,WE,Towers with Radar,1200,442,9,0,1651,0,3,0,0,3,1200,445,9,0,1654,0,0,0,1654
01/29/2020,DEN,CO,ANM,WE,Towers with Radar,1210,447,6,0,1663,0,0,0,0,0,1210,447,6,0,1663,0,0,0,1663
01/30/2020,DEN,CO,ANM,WE,Towers with Radar,1280,451,10,0,1741,0,0,0,0,0,1280,451,10,0,1741,0,0,0,1741
01/31/2020,DEN,CO,ANM,WE,Towers with Radar,1270,440,5,0,1715,0,3,1,0,4,1270,443,6,0,1719,0,0,0,1719
02/01/2020,DEN,CO,ANM,WE,Towers with Radar,1056,369,6,0,1431,0,2,1,0,3,1056,371,7,0,1434,0,0,0,1434
02/02/2020,DEN,CO,ANM,WE,Towers with Radar,1224,398,10,0,1632,0,1,0,0,1,1224,399,10,0,1633,0,0,0,1633
02/03/2020,DEN,CO,ANM,WE,Towers with Radar,1213,253,18,0,1484,0,0,0,0,0,1213,253,18,0,1484,0,0,0,1484
02/04/2020,DEN,CO,ANM,WE,Towers with Radar,1215,417,5,0,1637,0,0,0,0,0,1215,417,5,0,1637,0,0,0,1637
02/05/2020,DEN,CO,ANM,WE,Towers with Radar,1216,447,15,0,1678,0,3,0,0,3,1216,450,15,0,1681,0,0,0,1681
02/06/2020,DEN,CO,ANM,WE,Towers with Radar,1273,432,4,0,1709,0,1,2,0,3,1273,433,6,0,1712,0,0,0,1712
02/07/2020,DEN,CO,ANM,WE,Towers with Radar,1213,384,8,0,1605,0,0,0,0,0,1213,384,8,0,1605,0,0,0,1605
02/08/2020,DEN,CO,ANM,WE,Towers with Radar,1080,385,11,0,1476,0,1,0,0,1,1080,386,11,0,1477,0,0,0,1477
02/09/2020,DEN,CO,ANM,WE,Towers with Radar,1204,399,3,0,1606,0,0,2,0,2,1204,399,5,0,1608,0,0,0,1608
02/10/2020,DEN,CO,ANM,WE,Towers with Radar,1252,433,5,0,1690,0,0,0,0,0,1252,433,5,0,1690,0,0,0,1690
02/11/2020,DEN,CO,ANM,WE,Towers with Radar,1212,440,11,0,1663,0,0,0,0,0,1212,440,11,0,1663,0,0,0,1663
02/12/2020,DEN,CO,ANM,WE,Towers with Radar,1249,429,14,0,1692,0,1,0,0,1,1249,430,14,0,1693,0,0,0,1693
02/13/2020,DEN,CO,ANM,WE,Towers with Radar,1341,466,21,0,1828,0,0,1,0,1,1341,466,22,0,1829,0,0,0,1829
02/14/2020,DEN,CO,ANM,WE,Towers with Radar,1314,470,11,0,1795,0,2,0,0,2,1314,472,11,0,1797,0,0,0,1797
02/15/2020,DEN,CO,ANM,WE,Towers with Radar,1093,375,8,0,1476,0,1,0,0,1,1093,376,8,0,1477,0,0,0,1477
02/16/2020,DEN,CO,ANM,WE,Towers with Radar,1240,410,6,0,1656,0,0,0,0,0,1240,410,6,0,1656,0,0,0,1656
02/17/2020,DEN,CO,ANM,WE,Towers with Radar,1293,434,26,0,1753,0,1,1,0,2,1293,435,27,0,1755,0,0,0,1755
02/18/2020,DEN,CO,ANM,WE,Towers with Radar,1300,443,6,0,1749,0,3,4,0,7,1300,446,10,0,1756,0,0,0,1756
02/19/2020,DEN,CO,ANM,WE,Towers with Radar,1290,451,8,0,1749,0,0,16,0,16,1290,451,24,0,1765,0,0,0,1765
02/20/2020,DEN,CO,ANM,WE,Towers with Radar,1330,457,2,0,1789,0,2,8,0,10,1330,459,10,0,1799,0,0,0,1799
02/21/2020,DEN,CO,ANM,WE,Towers with Radar,1319,466,5,1,1791,0,1,7,0,8,1319,467,12,1,1799,0,0,0,1799
02/22/2020,DEN,CO,ANM,WE,Towers with Radar,1115,392,3,2,1512,0,1,0,0,1,1115,393,3,2,1513,0,0,0,1513
02/23/2020,DEN,CO,ANM,WE,Towers with Radar,1265,417,7,0,1689,0,0,0,0,0,1265,417,7,0,1689,0,0,0,1689
02/24/2020,DEN,CO,ANM,WE,Towers with Radar,1311,450,6,1,1768,0,0,0,0,0,1311,450,6,1,1768,0,0,0,1768
02/25/2020,DEN,CO,ANM,WE,Towers with Radar,1292,444,8,0,1744,0,0,0,0,0,1292,444,8,0,1744,0,0,0,1744
02/26/2020,DEN,CO,ANM,WE,Towers with Radar,1284,466,5,0,1755,0,3,4,0,7,1284,469,9,0,1762,0,0,0,1762
02/27/2020,DEN,CO,ANM,WE,Towers with Radar,1326,470,2,0,1798,0,3,0,0,3,1326,473,2,0,1801,0,0,0,1801
02/28/2020,DEN,CO,ANM,WE,Towers with Radar,1302,469,8,0,1779,0,2,2,0,4,1302,471,10,0,1783,0,0,0,1783
02/29/2020,DEN,CO,ANM,WE,Towers with Radar,1104,390,7,0,1501,0,2,4,0,6,1104,392,11,0,1507,0,0,0,1507
03/01/2020,DEN,CO,ANM,WE,Towers with Radar,1275,406,11,0,1692,0,0,1,0,1,1275,406,12,0,1693,0,0,0,1693
03/02/2020,DEN,CO,ANM,WE,Towers with Radar,1316,437,5,0,1758,0,1,2,0,3,1316,438,7,0,1761,0,0,0,1761
03/03/2020,DEN,CO,ANM,WE,Towers with Radar,1284,446,4,0,1734,0,1,3,0,4,1284,447,7,0,1738,0,0,0,1738
03/04/2020,DEN,CO,ANM,WE,Towers with Radar,1288,467,4,0,1759,0,1,0,0,1,1288,468,4,0,1760,0,0,0,1760
03/05/2020,DEN,CO,ANM,WE,Towers with Radar,1318,486,11,0,1815,0,3,0,0,3,1318,489,11,0,1818,0,0,0,1818
03/06/2020,DEN,CO,ANM,WE,Towers with Radar,1300,492,9,0,1801,0,5,2,0,7,1300,497,11,0,1808,0,0,0,1808
03/07/2020,DEN,CO,ANM,WE,Towers with Radar,1223,440,7,0,1670,0,2,1,0,3,1223,442,8,0,1673,0,0,0,1673
03/08/2020,DEN,CO,ANM,WE,Towers with Radar,1306,449,7,0,1762,0,2,0,0,2,1306,451,7,0,1764,0,0,0,1764
03/09/2020,DEN,CO,ANM,WE,Towers with Radar,1364,473,3,0,1840,0,2,0,0,2,1364,475,3,0,1842,0,0,0,1842
03/10/2020,DEN,CO,ANM,WE,Towers with Radar,1341,474,6,0,1821,0,1,0,0,1,1341,475,6,0,1822,0,0,0,1822
03/11/2020,DEN,CO,ANM,WE,Towers with Radar,1335,473,8,0,1816,0,1,3,0,4,1335,474,11,0,1820,0,0,0,1820
03/12/2020,DEN,CO,ANM,WE,Towers with Radar,1380,479,4,0,1863,0,3,0,2,5,1380,482,4,2,1868,0,0,0,1868
03/13/2020,DEN,CO,ANM,WE,Towers with Radar,1365,479,7,0,1851,0,0,0,0,0,1365,479,7,0,1851,0,0,0,1851
03/14/2020,DEN,CO,ANM,WE,Towers with Radar,1243,432,12,0,1687,0,0,0,0,0,1243,432,12,0,1687,0,0,0,1687
03/15/2020,DEN,CO,ANM,WE,Towers with Radar,1285,441,6,0,1732,0,1,0,0,1,1285,442,6,0,1733,0,0,0,1733
03/16/2020,DEN,CO,ANM,WE,Towers with Radar,1331,461,9,0,1801,0,1,2,0,3,1331,462,11,0,1804,0,0,0,1804
03/17/2020,DEN,CO,ANM,WE,Towers with Radar,1288,467,9,0,1764,0,0,0,0,0,1288,467,9,0,1764,0,0,0,1764
03/18/2020,DEN,CO,ANM,WE,Towers with Radar,1284,483,1,0,1768,0,2,0,0,2,1284,485,1,0,1770,0,0,0,1770
03/19/2020,DEN,CO,ANM,WE,Towers with Radar,578,155,0,0,733,0,0,0,0,0,578,155,0,0,733,0,0,0,733
03/20/2020,DEN,CO,ANM,WE,Towers with Radar,1104,461,6,0,1571,0,0,0,0,0,1104,461,6,0,1571,0,0,0,1571
03/21/2020,DEN,CO,ANM,WE,Towers with Radar,960,272,0,0,1232,0,1,0,0,1,960,273,0,0,1233,0,0,0,1233
03/22/2020,DEN,CO,ANM,WE,Towers with Radar,901,318,2,0,1221,0,0,0,0,0,901,318,2,0,1221,0,0,0,1221
03/23/2020,DEN,CO,ANM,WE,Towers with Radar,863,318,1,0,1182,0,0,0,0,0,863,318,1,0,1182,0,0,0,1182
03/24/2020,DEN,CO,ANM,WE,Towers with Radar,926,348,6,0,1280,0,0,3,0,3,926,348,9,0,1283,0,0,0,1283
03/25/2020,DEN,CO,ANM,WE,Towers with Radar,899,332,0,0,1231,0,0,2,0,2,899,332,2,0,1233,0,0,0,1233
03/26/2020,DEN,CO,ANM,WE,Towers with Radar,752,342,2,0,1096,0,0,0,0,0,752,342,2,0,1096,0,0,0,1096
03/27/2020,DEN,CO,ANM,WE,Towers with Radar,573,248,0,0,821,0,1,0,0,1,573,249,0,0,822,0,0,0,822
03/28/2020,DEN,CO,ANM,WE,Towers with Radar,580,229,0,0,809,0,4,0,0,4,580,233,0,0,813,0,0,0,813
03/29/2020,DEN,CO,ANM,WE,Towers with Radar,627,251,0,0,878,0,5,0,0,5,627,256,0,0,883,0,0,0,883
03/30/2020,DEN,CO,ANM,WE,Towers with Radar,575,252,0,0,827,0,1,0,0,1,575,253,0,0,828,0,0,0,828
03/31/2020,DEN,CO,ANM,WE,Towers with Radar,689,313,0,2,1004,0,3,2,0,5,689,316,2,2,1009,0,0,0,1009
04/01/2020,DEN,CO,ANM,WE,Towers with Radar,579,258,0,0,837,0,2,2,0,4,579,260,2,0,841,0,0,0,841
04/02/2020,DEN,CO,ANM,WE,Towers with Radar,462,189,0,0,651,0,0,0,0,0,462,189,0,0,651,0,0,0,651
04/03/2020,DEN,CO,ANM,WE,Towers with Radar,529,228,0,0,757,0,2,0,0,2,529,230,0,0,759,0,0,0,759
04/04/2020,DEN,CO,ANM,WE,Towers with Radar,419,164,2,0,585,0,2,0,0,2,419,166,2,0,587,0,0,0,587
04/05/2020,DEN,CO,ANM,WE,Towers with Radar,514,172,2,0,688,0,4,2,0,6,514,176,4,0,694,0,0,0,694
04/06/2020,DEN,CO,ANM,WE,Towers with Radar,583,194,0,0,777,0,2,2,0,4,583,196,2,0,781,0,0,0,781
04/07/2020,DEN,CO,ANM,WE,Towers with Radar,530,195,4,0,729,0,1,2,2,5,530,196,6,2,734,0,0,0,734
04/08/2020,DEN,CO,ANM,WE,Towers with Radar,568,233,1,0,802,0,3,1,0,4,568,236,2,0,806,0,0,0,806
04/09/2020,DEN,CO,ANM,WE,Towers with Radar,609,199,0,0,808,0,1,0,0,1,609,200,0,0,809,0,0,0,809
04/10/2020,DEN,CO,ANM,WE,Towers with Radar,617,206,3,0,826,0,1,1,0,2,617,207,4,0,828,0,0,0,828
04/11/2020,DEN,CO,ANM,WE,Towers with Radar,479,139,1,0,619,0,2,6,0,8,479,141,7,0,627,0,0,0,627
04/12/2020,DEN,CO,ANM,WE,Towers with Radar,438,97,0,0,535,0,0,0,0,0,438,97,0,0,535,0,0,0,535
04/13/2020,DEN,CO,ANM,WE,Towers with Radar,439,170,0,0,609,0,0,0,0,0,439,170,0,0,609,0,0,0,609
04/14/2020,DEN,CO,ANM,WE,Towers with Radar,518,175,0,0,693,0,3,0,0,3,518,178,0,0,696,0,0,0,696
04/15/2020,DEN,CO,ANM,WE,Towers with Radar,467,200,0,0,667,0,2,3,2,7,467,202,3,2,674,0,0,0,674
04/16/2020,DEN,CO,ANM,WE,Towers with Radar,289,179,0,0,468,0,0,0,0,0,289,179,0,0,468,0,0,0,468
04/17/2020,DEN,CO,ANM,WE,Towers with Radar,411,187,1,0,599,0,1,1,0,2,411,188,2,0,601,0,0,0,601
04/18/2020,DEN,CO,ANM,WE,Towers with Radar,364,142,2,0,508,0,0,1,0,1,364,142,3,0,509,0,0,0,509
04/19/2020,DEN,CO,ANM,WE,Towers with Radar,387,156,1,0,544,0,2,0,0,2,387,158,1,0,546,0,0,0,546
04/20/2020,DEN,CO,ANM,WE,Towers with Radar,407,176,0,0,583,0,1,0,0,1,407,177,0,0,584,0,0,0,584
04/21/2020,DEN,CO,ANM,WE,Towers with Radar,358,166,4,0,528,0,1,2,1,4,358,167,6,1,532,0,0,0,532
04/22/2020,DEN,CO,ANM,WE,Towers with Radar,346,201,0,0,547,0,1,0,0,1,346,202,0,0,548,0,0,0,548
04/23/2020,DEN,CO,ANM,WE,Towers with Radar,405,201,0,2,608,0,2,0,0,2,405,203,0,2,610,0,0,0,610
04/24/2020,DEN,CO,ANM,WE,Towers with Radar,416,215,0,0,631,0,1,0,0,1,416,216,0,0,632,0,0,0,632
04/25/2020,DEN,CO,ANM,WE,Towers with Radar,324,142,2,0,468,0,2,2,0,4,324,144,4,0,472,0,0,0,472
04/26/2020,DEN,CO,ANM,WE,Towers with Radar,403,156,0,0,559,0,2,2,0,4,403,158,2,0,563,0,0,0,563
04/27/2020,DEN,CO,ANM,WE,Towers with Radar,394,180,5,0,579,0,2,6,0,8,394,182,11,0,587,0,0,0,587
04/28/2020,DEN,CO,ANM,WE,Towers with Radar,353,169,5,0,527,0,1,4,0,5,353,170,9,0,532,0,0,0,532
04/29/2020,DEN,CO,ANM,WE,Towers with Radar,348,202,3,0,553,0,4,12,0,16,348,206,15,0,569,0,0,0,569
04/30/2020,DEN,CO,ANM,WE,Towers with Radar,422,208,0,0,630,0,3,5,0,8,422,211,5,0,638,0,0,0,638
05/01/2020,DEN,CO,ANM,WE,Towers with Radar,455,198,2,2,657,0,1,0,0,1,455,199,2,2,658,0,0,0,658
05/02/2020,DEN,CO,ANM,WE,Towers with Radar,402,156,4,0,562,0,1,0,0,1,402,157,4,0,563,0,0,0,563
05/03/2020,DEN,CO,ANM,WE,Towers with Radar,487,143,2,2,634,0,1,0,0,1,487,144,2,2,635,0,0,0,635
05/04/2020,DEN,CO,ANM,WE,Towers with Radar,485,132,0,0,617,0,2,2,0,4,485,134,2,0,621,0,0,0,621
05/05/2020,DEN,CO,ANM,WE,Towers with Radar,462,148,2,0,612,0,0,4,0,4,462,148,6,0,616,0,0,0,616
05/06/2020,DEN,CO,ANM,WE,Towers with Radar,470,141,2,0,613,0,8,4,0,12,470,149,6,0,625,0,0,0,625
05/07/2020,DEN,CO,ANM,WE,Towers with Radar,535,158,1,0,694,0,4,0,0,4,535,162,1,0,698,0,0,0,698
05/08/2020,DEN,CO,ANM,WE,Towers with Radar,513,168,0,0,681,0,5,0,0,5,513,173,0,0,686,0,0,0,686
05/09/2020,DEN,CO,ANM,WE,Towers with Radar,452,103,0,0,555,0,3,0,0,3,452,106,0,0,558,0,0,0,558
05/10/2020,DEN,CO,ANM,WE,Towers with Radar,486,92,0,0,578,0,0,4,0,4,486,92,4,0,582,0,0,0,582
05/11/2020,DEN,CO,ANM,WE,Towers with Radar,505,131,0,0,636,0,0,0,0,0,505,131,0,0,636,0,0,0,636
05/12/2020,DEN,CO,ANM,WE,Towers with Radar,482,132,4,2,620,0,1,1,0,2,482,133,5,2,622,0,0,0,622
05/13/2020,DEN,CO,ANM,WE,Towers with Radar,469,146,2,0,617,0,2,0,0,2,469,148,2,0,619,0,0,0,619
05/14/2020,DEN,CO,ANM,WE,Towers with Radar,528,156,0,0,684,0,3,0,0,3,528,159,0,0,687,0,0,0,687
05/15/2020,DEN,CO,ANM,WE,Towers with Radar,516,154,2,0,672,0,2,0,0,2,516,156,2,0,674,0,0,0,674
05/16/2020,DEN,CO,ANM,WE,Towers with Radar,456,101,0,0,557,0,3,2,0,5,456,104,2,0,562,0,0,0,562
05/17/2020,DEN,CO,ANM,WE,Towers with Radar,500,101,2,1,604,0,2,1,0,3,500,103,3,1,607,0,0,0,607
05/18/2020,DEN,CO,ANM,WE,Towers with Radar,522,123,0,1,646,0,1,2,2,5,522,124,2,3,651,0,0,0,651
05/19/2020,DEN,CO,ANM,WE,Towers with Radar,475,144,6,0,625,0,2,0,0,2,475,146,6,0,627,0,0,0,627
05/20/2020,DEN,CO,ANM,WE,Towers with Radar,472,148,1,2,623,0,2,0,0,2,472,150,1,2,625,0,0,0,625
05/21/2020,DEN,CO,ANM,WE,Towers with Radar,591,144,1,4,740,0,0,2,2,4,591,144,3,6,744,0,0,0,744
05/22/2020,DEN,CO,ANM,WE,Towers with Radar,577,158,1,0,736,0,1,0,0,1,577,159,1,0,737,0,0,0,737
05/23/2020,DEN,CO,ANM,WE,Towers with Radar,477,100,0,0,577,0,1,0,0,1,477,101,0,0,578,0,0,0,578
05/24/2020,DEN,CO,ANM,WE,Towers with Radar,531,93,0,0,624,0,1,0,0,1,531,94,0,0,625,0,0,0,625
05/25/2020,DEN,CO,ANM,WE,Towers with Radar,558,106,2,0,666,0,0,2,0,2,558,106,4,0,668,0,0,0,668
05/26/2020,DEN,CO,ANM,WE,Towers with Radar,470,143,3,4,620,0,2,1,2,5,470,145,4,6,625,0,0,0,625
05/27/2020,DEN,CO,ANM,WE,Towers with Radar,489,147,2,0,638,0,1,3,0,4,489,148,5,0,642,0,0,0,642
05/28/2020,DEN,CO,ANM,WE,Towers with Radar,589,150,7,2,748,0,1,0,0,1,589,151,7,2,749,0,0,0,749
05/29/2020,DEN,CO,ANM,WE,Towers with Radar,573,157,1,0,731,0,1,0,0,1,573,158,1,0,732,0,0,0,732
05/30/2020,DEN,CO,ANM,WE,Towers with Radar,468,103,4,0,575,0,1,0,0,1,468,104,4,0,576,0,0,0,576
05/31/2020,DEN,CO,ANM,WE,Towers with Radar,570,94,0,0,664,0,2,0,0,2,570,96,0,0,666,0,0,0,666
06/01/2020,DEN,CO,ANM,WE,Towers with Radar,574,124,0,1,699,0,0,0,0,0,574,124,0,1,699,0,0,0,699
06/02/2020,DEN,CO,ANM,WE,Towers with Radar,510,138,6,3,657,0,1,6,0,7,510,139,12,3,664,0,0,0,664
06/03/2020,DEN,CO,ANM,WE,Towers with Radar,509,144,3,0,656,0,0,0,0,0,509,144,3,0,656,0,0,0,656
06/04/2020,DEN,CO,ANM,WE,Towers with Radar,598,140,0,0,738,0,1,4,0,5,598,141,4,0,743,0,0,0,743
06/05/2020,DEN,CO,ANM,WE,Towers with Radar,598,148,2,0,748,0,2,2,0,4,598,150,4,0,752,0,0,0,752
06/06/2020,DEN,CO,ANM,WE,Towers with Radar,562,114,3,0,679,0,0,0,0,0,562,114,3,0,679,0,0,0,679
06/07/2020,DEN,CO,ANM,WE,Towers with Radar,646,90,3,0,739,0,0,0,0,0,646,90,3,0,739,0,0,0,739
06/08/2020,DEN,CO,ANM,WE,Towers with Radar,680,124,3,0,807,0,1,1,0,2,680,125,4,0,809,0,0,0,809
06/09/2020,DEN,CO,ANM,WE,Towers with Radar,628,137,9,0,774,0,2,0,0,2,628,139,9,0,776,0,0,0,776
06/10/2020,DEN,CO,ANM,WE,Towers with Radar,645,160,1,0,806,0,2,0,0,2,645,162,1,0,808,0,0,0,808
06/11/2020,DEN,CO,ANM,WE,Towers with Radar,695,151,2,2,850,0,2,0,2,4,695,153,2,4,854,0,0,0,854
06/12/2020,DEN,CO,ANM,WE,Towers with Radar,680,143,2,0,825,0,1,0,0,1,680,144,2,0,826,0,0,0,826
06/13/2020,DEN,CO,ANM,WE,Towers with Radar,668,117,3,0,788,0,1,0,0,1,668,118,3,0,789,0,0,0,789
06/14/2020,DEN,CO,ANM,WE,Towers with Radar,704,94,2,0,800,0,1,0,0,1,704,95,2,0,801,0,0,0,801
06/15/2020,DEN,CO,ANM,WE,Towers with Radar,734,123,5,0,862,0,2,0,0,2,734,125,5,0,864,0,0,0,864
06/16/2020,DEN,CO,ANM,WE,Towers with Radar,666,135,4,0,805,0,0,0,0,0,666,135,4,0,805,0,0,0,805
06/17/2020,DEN,CO,ANM,WE,Towers with Radar,698,164,4,0,866,0,0,0,0,0,698,164,4,0,866,0,0,0,866
06/18/2020,DEN,CO,ANM,WE,Towers with Radar,742,139,0,0,881,0,2,0,0,2,742,141,0,0,883,0,0,0,883
06/19/2020,DEN,CO,ANM,WE,Towers with Radar,728,142,6,0,876,0,0,0,0,0,728,142,6,0,876,0,0,0,876
06/20/2020,DEN,CO,ANM,WE,Towers with Radar,702,118,1,0,821,0,0,0,0,0,702,118,1,0,821,0,0,0,821
06/21/2020,DEN,CO,ANM,WE,Towers with Radar,759,89,6,0,854,0,1,0,0,1,759,90,6,0,855,0,0,0,855
06/22/2020,DEN,CO,ANM,WE,Towers with Radar,811,128,9,0,948,0,1,0,0,1,811,129,9,0,949,0,0,0,949
06/23/2020,DEN,CO,ANM,WE,Towers with Radar,762,137,2,0,901,0,0,0,0,0,762,137,2,0,901,0,0,0,901
06/24/2020,DEN,CO,ANM,WE,Towers with Radar,776,159,2,0,937,0,2,0,0,2,776,161,2,0,939,0,0,0,939
06/25/2020,DEN,CO,ANM,WE,Towers with Radar,827,148,2,0,977,0,0,0,0,0,827,148,2,0,977,0,0,0,977
06/26/2020,DEN,CO,ANM,WE,Towers with Radar,827,157,20,0,1004,0,0,17,0,17,827,157,37,0,1021,0,0,0,1021
06/27/2020,DEN,CO,ANM,WE,Towers with Radar,767,122,4,0,893,0,2,4,0,6,767,124,8,0,899,0,0,0,899
06/28/2020,DEN,CO,ANM,WE,Towers with Radar,819,100,4,0,923,0,0,0,0,0,819,100,4,0,923,0,0,0,923
06/29/2020,DEN,CO,ANM,WE,Towers with Radar,830,123,3,0,956,0,0,0,0,0,830,123,3,0,956,0,0,0,956
06/30/2020,DEN,CO,ANM,WE,Towers with Radar,785,166,9,0,960,0,4,4,0,8,785,170,13,0,968,0,0,0,968
07/01/2020,DEN,CO,ANM,WE,Towers with Radar,808,162,3,0,973,0,0,0,0,0,808,162,3,0,973,0,0,0,973
07/02/2020,DEN,CO,ANM,WE,Towers with Radar,891,140,4,0,1035,0,1,0,0,1,891,141,4,0,1036,0,0,0,1036
07/03/2020,DEN,CO,ANM,WE,Towers with Radar,837,150,5,0,992,0,2,0,0,2,837,152,5,0,994,0,0,0,994
07/04/2020,DEN,CO,ANM,WE,Towers with Radar,634,112,3,0,749,0,6,5,0,11,634,118,8,0,760,0,0,0,760
07/05/2020,DEN,CO,ANM,WE,Towers with Radar,852,89,0,0,941,0,2,3,0,5,852,91,3,0,946,0,0,0,946
07/06/2020,DEN,CO,ANM,WE,Towers with Radar,982,162,3,0,1147,0,1,0,0,1,982,163,3,0,1148,0,0,0,1148
07/07/2020,DEN,CO,ANM,WE,Towers with Radar,924,154,3,0,1081,0,2,0,0,2,924,156,3,0,1083,0,0,0,1083
07/08/2020,DEN,CO,ANM,WE,Towers with Radar,932,176,7,2,1117,0,1,2,0,3,932,177,9,2,1120,0,0,0,1120
07/09/2020,DEN,CO,ANM,WE,Towers with Radar,1020,191,5,0,1216,0,1,2,0,3,1020,192,7,0,1219,0,0,0,1219
07/10/2020,DEN,CO,ANM,WE,Towers with Radar,981,204,2,0,1187,0,1,0,0,1,981,205,2,0,1188,0,0,0,1188
07/11/2020,DEN,CO,ANM,WE,Towers with Radar,945,145,0,0,1090,0,1,0,0,1,945,146,0,0,1091,0,0,0,1091
07/12/2020,DEN,CO,ANM,WE,Towers with Radar,1006,140,3,0,1149,0,0,0,0,0,1006,140,3,0,1149,0,0,0,1149
07/13/2020,DEN,CO,ANM,WE,Towers with Radar,1031,177,8,0,1216,0,1,0,0,1,1031,178,8,0,1217,0,0,0,1217
07/14/2020,DEN,CO,ANM,WE,Towers with Radar,913,164,0,0,1077,0,0,0,0,0,913,164,0,0,1077,0,0,0,1077
07/15/2020,DEN,CO,ANM,WE,Towers with Radar,937,191,7,0,1135,0,0,2,4,6,937,191,9,4,1141,0,0,0,1141
07/16/2020,DEN,CO,ANM,WE,Towers with Radar,1023,204,5,0,1232,0,3,0,0,3,1023,207,5,0,1235,0,0,0,1235
07/17/2020,DEN,CO,ANM,WE,Towers with Radar,1026,194,7,0,1227,0,2,5,0,7,1026,196,12,0,1234,0,0,0,1234
07/18/2020,DEN,CO,ANM,WE,Towers with Radar,973,141,6,1,1121,0,0,0,0,0,973,141,6,1,1121,0,0,0,1121
07/19/2020,DEN,CO,ANM,WE,Towers with Radar,1009,135,4,0,1148,0,0,0,0,0,1009,135,4,0,1148,0,0,0,1148
07/20/2020,DEN,CO,ANM,WE,Towers with Radar,1025,157,3,0,1185,0,0,1,0,1,1025,157,4,0,1186,0,0,0,1186
07/21/2020,DEN,CO,ANM,WE,Towers with Radar,909,156,6,2,1073,0,0,2,0,2,909,156,8,2,1075,0,0,0,1075
07/22/2020,DEN,CO,ANM,WE,Towers with Radar,914,193,3,0,1110,0,0,0,2,2,914,193,3,2,1112,0,0,0,1112
07/23/2020,DEN,CO,ANM,WE,Towers with Radar,1040,183,2,0,1225,0,1,0,0,1,1040,184,2,0,1226,0,0,0,1226
07/24/2020,DEN,CO,ANM,WE,Towers with Radar,1040,197,2,0,1239,0,0,0,0,0,1040,197,2,0,1239,0,0,0,1239
07/25/2020,DEN,CO,ANM,WE,Towers with Radar,953,136,6,0,1095,0,1,1,0,2,953,137,7,0,1097,0,0,0,1097
07/26/2020,DEN,CO,ANM,WE,Towers with Radar,1014,138,5,0,1157,0,1,0,0,1,1014,139,5,0,1158,0,0,0,1158
07/27/2020,DEN,CO,ANM,WE,Towers with Radar,1030,172,2,0,1204,0,1,2,0,3,1030,173,4,0,1207,0,0,0,1207
07/28/2020,DEN,CO,ANM,WE,Towers with Radar,900,168,7,0,1075,0,2,15,0,17,900,170,22,0,1092,0,0,0,1092
07/29/2020,DEN,CO,ANM,WE,Towers with Radar,904,187,8,0,1099,0,0,1,0,1,904,187,9,0,1100,0,0,0,1100
07/30/2020,DEN,CO,ANM,WE,Towers with Radar,1035,195,6,2,1238,0,0,0,0,0,1035,195,6,2,1238,0,0,0,1238
07/31/2020,DEN,CO,ANM,WE,Towers with Radar,1041,195,10,0,1246,0,0,0,0,0,1041,195,10,0,1246,0,0,0,1246
08/01/2020,DEN,CO,ANM,WE,Towers with Radar,953,137,7,0,1097,0,0,2,0,2,953,137,9,0,1099,0,0,0,1099
08/02/2020,DEN,CO,ANM,WE,Towers with Radar,1040,138,0,0,1178,0,1,2,0,3,1040,139,2,0,1181,0,0,0,1181
08/03/2020,DEN,CO,ANM,WE,Towers with Radar,1082,217,5,0,1304,0,2,0,0,2,1082,219,5,0,1306,0,0,0,1306
08/04/2020,DEN,CO,ANM,WE,Towers with Radar,995,207,11,0,1213,0,2,0,0,2,995,209,11,0,1215,0,0,0,1215
08/05/2020,DEN,CO,ANM,WE,Towers with Radar,994,224,3,0,1221,0,1,0,0,1,994,225,3,0,1222,0,0,0,1222
08/06/2020,DEN,CO,ANM,WE,Towers with Radar,1128,235,2,0,1365,0,1,3,0,4,1128,236,5,0,1369,0,0,0,1369
08/07/2020,DEN,CO,ANM,WE,Towers with Radar,1122,241,8,2,1373,0,1,2,0,3,1122,242,10,2,1376,0,0,0,1376
08/08/2020,DEN,CO,ANM,WE,Towers with Radar,1029,181,5,0,1215,0,0,1,0,1,1029,181,6,0,1216,0,0,0,1216
08/09/2020,DEN,CO,ANM,WE,Towers with Radar,1100,195,3,0,1298,0,0,1,0,1,1100,195,4,0,1299,0,0,0,1299
08/10/2020,DEN,CO,ANM,WE,Towers with Radar,1114,231,9,0,1354,0,1,3,0,4,1114,232,12,0,1358,0,0,0,1358
08/11/2020,DEN,CO,ANM,WE,Towers with Radar,1041,217,2,0,1260,0,2,1,0,3,1041,219,3,0,1263,0,0,0,1263
08/12/2020,DEN,CO,ANM,WE,Towers with Radar,1046,239,2,0,1287,0,1,0,0,1,1046,240,2,0,1288,0,0,0,1288
08/13/2020,DEN,CO,ANM,WE,Towers with Radar,1152,250,6,0,1408,0,1,0,0,1,1152,251,6,0,1409,0,0,0,1409
08/14/2020,DEN,CO,ANM,WE,Towers with Radar,1145,259,4,0,1408,0,0,4,0,4,1145,259,8,0,1412,0,0,0,1412
08/15/2020,DEN,CO,ANM,WE,Towers with Radar,1062,193,3,0,1258,0,0,1,1,2,1062,193,4,1,1260,0,0,0,1260
08/16/2020,DEN,CO,ANM,WE,Towers with Radar,1129,187,3,0,1319,0,0,3,1,4,1129,187,6,1,1323,0,0,0,1323
08/17/2020,DEN,CO,ANM,WE,Towers with Radar,1146,233,7,0,1386,0,1,0,0,1,1146,234,7,0,1387,0,0,0,1387
08/18/2020,DEN,CO,ANM,WE,Towers with Radar,1041,218,2,0,1261,0,1,0,0,1,1041,219,2,0,1262,0,0,0,1262
08/19/2020,DEN,CO,ANM,WE,Towers with Radar,1048,233,2,0,1283,0,0,2,0,2,1048,233,4,0,1285,0,0,0,1285
08/20/2020,DEN,CO,ANM,WE,Towers with Radar,1138,249,3,0,1390,0,1,0,0,1,1138,250,3,0,1391,0,0,0,1391
08/21/2020,DEN,CO,ANM,WE,Towers with Radar,1130,251,3,0,1384,0,1,0,0,1,1130,252,3,0,1385,0,0,0,1385
08/22/2020,DEN,CO,ANM,WE,Towers with Radar,1034,204,6,0,1244,0,0,0,0,0,1034,204,6,0,1244,0,0,0,1244
08/23/2020,DEN,CO,ANM,WE,Towers with Radar,1117,200,5,0,1322,0,1,1,0,2,1117,201,6,0,1324,0,0,0,1324
08/24/2020,DEN,CO,ANM,WE,Towers with Radar,1134,225,5,2,1366,0,0,1,0,1,1134,225,6,2,1367,0,0,0,1367
08/25/2020,DEN,CO,ANM,WE,Towers with Radar,1029,222,4,0,1255,0,1,2,0,3,1029,223,6,0,1258,0,0,0,1258
08/26/2020,DEN,CO,ANM,WE,Towers with Radar,1013,236,4,0,1253,0,1,0,0,1,1013,237,4,0,1254,0,0,0,1254
08/27/2020,DEN,CO,ANM,WE,Towers with Radar,1146,250,6,0,1402,0,0,0,0,0,1146,250,6,0,1402,0,0,0,1402
08/28/2020,DEN,CO,ANM,WE,Towers with Radar,1120,249,1,0,1370,0,0,0,0,0,1120,249,1,0,1370,0,0,0,1370
08/29/2020,DEN,CO,ANM,WE,Towers with Radar,1060,188,2,0,1250,0,0,0,0,0,1060,188,2,0,1250,0,0,0,1250
08/30/2020,DEN,CO,ANM,WE,Towers with Radar,1111,193,5,0,1309,0,0,4,0,4,1111,193,9,0,1313,0,0,0,1313
08/31/2020,DEN,CO,ANM,WE,Towers with Radar,1136,221,7,0,1364,0,0,2,0,2,1136,221,9,0,1366,0,0,0,1366
09/01/2020,DEN,CO,ANM,WE,Towers with Radar,1012,219,4,0,1235,0,1,2,0,3,1012,220,6,0,1238,0,0,0,1238
09/02/2020,DEN,CO,ANM,WE,Towers with Radar,1000,241,6,0,1247,0,2,0,0,2,1000,243,6,0,1249,0,0,0,1249
09/03/2020,DEN,CO,ANM,WE,Towers with Radar,1145,254,5,0,1404,0,1,2,0,3,1145,255,7,0,1407,0,0,0,1407
09/04/2020,DEN,CO,ANM,WE,Towers with Radar,1116,260,6,0,1382,0,0,4,0,4,1116,260,10,0,1386,0,0,0,1386
09/05/2020,DEN,CO,ANM,WE,Towers with Radar,957,190,1,0,1148,0,0,1,0,1,957,190,2,0,1149,0,0,0,1149
09/06/2020,DEN,CO,ANM,WE,Towers with Radar,936,183,0,0,1119,0,0,1,0,1,936,183,1,0,1120,0,0,0,1120
09/07/2020,DEN,CO,ANM,WE,Towers with Radar,1002,219,0,0,1221,0,2,4,0,6,1002,221,4,0,1227,0,0,0,1227
09/08/2020,DEN,CO,ANM,WE,Towers with Radar,794,215,8,0,1017,0,0,0,0,0,794,215,8,0,1017,0,0,0,1017
09/09/2020,DEN,CO,ANM,WE,Towers with Radar,869,254,1,0,1124,0,0,0,0,0,869,254,1,0,1124,0,0,0,1124
09/10/2020,DEN,CO,ANM,WE,Towers with Radar,1008,269,5,0,1282,0,3,0,0,3,1008,272,5,0,1285,0,0,0,1285
09/11/2020,DEN,CO,ANM,WE,Towers with Radar,982,271,4,1,1258,0,0,0,0,0,982,271,4,1,1258,0,0,0,1258
09/12/2020,DEN,CO,ANM,WE,Towers with Radar,905,205,1,1,1112,0,3,0,0,3,905,208,1,1,1115,0,0,0,1115
09/13/2020,DEN,CO,ANM,WE,Towers with Radar,973,211,9,0,1193,0,2,2,0,4,973,213,11,0,1197,0,0,0,1197
09/14/2020,DEN,CO,ANM,WE,Towers with Radar,964,236,4,0,1204,0,1,1,0,2,964,237,5,0,1206,0,0,0,1206
09/15/2020,DEN,CO,ANM,WE,Towers with Radar,830,235,5,0,1070,0,1,0,0,1,830,236,5,0,1071,0,0,0,1071
09/16/2020,DEN,CO,ANM,WE,Towers with Radar,876,257,8,0,1141,0,0,1,0,1,876,257,9,0,1142,0,0,0,1142
09/17/2020,DEN,CO,ANM,WE,Towers with Radar,996,259,11,0,1266,0,0,0,0,0,996,259,11,0,1266,0,0,0,1266
09/18/2020,DEN,CO,ANM,WE,Towers with Radar,987,254,5,0,1246,0,0,2,0,2,987,254,7,0,1248,0,0,0,1248
09/19/2020,DEN,CO,ANM,WE,Towers with Radar,910,204,8,0,1122,0,2,2,0,4,910,206,10,0,1126,0,0,0,1126
09/20/2020,DEN,CO,ANM,WE,Towers with Radar,989,225,6,0,1220,0,0,0,0,0,989,225,6,0,1220,0,0,0,1220
09/21/2020,DEN,CO,ANM,WE,Towers with Radar,978,236,12,0,1226,0,2,0,0,2,978,238,12,0,1228,0,0,0,1228
09/22/2020,DEN,CO,ANM,WE,Towers with Radar,861,237,10,0,1108,0,0,7,0,7,861,237,17,0,1115,0,0,0,1115
09/23/2020,DEN,CO,ANM,WE,Towers with Radar,877,255,5,0,1137,0,0,28,0,28,877,255,33,0,1165,0,0,0,1165
09/24/2020,DEN,CO,ANM,WE,Towers with Radar,1005,260,8,0,1273,0,0,25,0,25,1005,260,33,0,1298,0,0,0,1298
09/25/2020,DEN,CO,ANM,WE,Towers with Radar,984,271,8,0,1263,0,2,2,0,4,984,273,10,0,1267,0,0,0,1267
09/26/2020,DEN,CO,ANM,WE,Towers with Radar,906,199,1,0,1106,0,0,0,0,0,906,199,1,0,1106,0,0,0,1106
09/27/2020,DEN,CO,ANM,WE,Towers with Radar,983,223,1,0,1207,0,0,0,0,0,983,223,1,0,1207,0,0,0,1207
09/28/2020,DEN,CO,ANM,WE,Towers with Radar,972,234,3,0,1209,0,0,1,0,1,972,234,4,0,1210,0,0,0,1210
09/29/2020,DEN,CO,ANM,WE,Towers with Radar,850,239,7,0,1096,0,0,0,0,0,850,239,7,0,1096,0,0,0,1096
09/30/2020,DEN,CO,ANM,WE,Towers with Radar,882,258,9,0,1149,0,0,0,0,0,882,258,9,0,1149,0,0,0,1149
10/01/2020,DEN,CO,ANM,WE,Towers with Radar,1045,294,2,0,1341,0,0,0,4,4,1045,294,2,4,1345,0,0,0,1345
10/02/2020,DEN,CO,ANM,WE,Towers with Radar,1067,305,4,0,1376,0,1,0,0,1,1067,306,4,0,1377,0,0,0,1377
10/03/2020,DEN,CO,ANM,WE,Towers with Radar,942,243,2,0,1187,0,1,0,0,1,942,244,2,0,1188,0,0,0,1188
10/04/2020,DEN,CO,ANM,WE,Towers with Radar,1049,254,5,0,1308,0,0,0,0,0,1049,254,5,0,1308,0,0,0,1308
10/05/2020,DEN,CO,ANM,WE,Towers with Radar,1035,281,3,0,1319,0,1,0,0,1,1035,282,3,0,1320,0,0,0,1320
10/06/2020,DEN,CO,ANM,WE,Towers with Radar,876,240,1,0,1117,0,1,4,0,5,876,241,5,0,1122,0,0,0,1122
10/07/2020,DEN,CO,ANM,WE,Towers with Radar,955,303,4,1,1263,0,0,1,0,1,955,303,5,1,1264,0,0,0,1264
10/08/2020,DEN,CO,ANM,WE,Towers with Radar,1095,310,9,0,1414,0,0,0,0,0,1095,310,9,0,1414,0,0,0,1414
10/09/2020,DEN,CO,ANM,WE,Towers with Radar,1089,309,7,0,1405,0,0,3,0,3,1089,309,10,0,1408,0,0,0,1408
10/10/2020,DEN,CO,ANM,WE,Towers with Radar,1011,249,7,0,1267,0,0,0,0,0,1011,249,7,0,1267,0,0,0,1267
10/11/2020,DEN,CO,ANM,WE,Towers with Radar,1090,253,5,0,1348,0,0,3,0,3,1090,253,8,0,1351,0,0,0,1351
10/12/2020,DEN,CO,ANM,WE,Towers with Radar,1078,289,7,0,1374,0,1,1,0,2,1078,290,8,0,1376,0,0,0,1376
10/13/2020,DEN,CO,ANM,WE,Towers with Radar,897,244,6,0,1147,0,1,0,0,1,897,245,6,0,1148,0,0,0,1148
10/14/2020,DEN,CO,ANM,WE,Towers with Radar,975,302,8,0,1285,0,2,0,0,2,975,304,8,0,1287,0,0,0,1287
10/15/2020,DEN,CO,ANM,WE,Towers with Radar,1086,307,10,0,1403,0,0,0,0,0,1086,307,10,0,1403,0,0,0,1403
10/16/2020,DEN,CO,ANM,WE,Towers with Radar,1085,313,5,0,1403,0,0,0,0,0,1085,313,5,0,1403,0,0,0,1403
10/17/2020,DEN,CO,ANM,WE,Towers with Radar,1007,245,0,0,1252,0,1,0,0,1,1007,246,0,0,1253,0,0,0,1253
10/18/2020,DEN,CO,ANM,WE,Towers with Radar,1085,265,5,0,1355,0,0,0,0,0,1085,265,5,0,1355,0,0,0,1355
10/19/2020,DEN,CO,ANM,WE,Towers with Radar,1074,287,4,0,1365,0,0,0,0,0,1074,287,4,0,1365,0,0,0,1365
10/20/2020,DEN,CO,ANM,WE,Towers with Radar,900,252,2,0,1154,0,1,0,0,1,900,253,2,0,1155,0,0,0,1155
10/21/2020,DEN,CO,ANM,WE,Towers with Radar,955,295,5,0,1255,0,0,2,0,2,955,295,7,0,1257,0,0,0,1257
10/22/2020,DEN,CO,ANM,WE,Towers with Radar,1100,307,6,0,1413,0,1,1,0,2,1100,308,7,0,1415,0,0,0,1415
10/23/2020,DEN,CO,ANM,WE,Towers with Radar,1079,304,0,0,1383,0,0,2,0,2,1079,304,2,0,1385,0,0,0,1385
10/24/2020,DEN,CO,ANM,WE,Towers with Radar,984,256,1,0,1241,0,1,2,0,3,984,257,3,0,1244,0,0,0,1244
10/25/2020,DEN,CO,ANM,WE,Towers with Radar,881,115,10,0,1006,0,0,0,0,0,881,115,10,0,1006,0,0,0,1006
10/26/2020,DEN,CO,ANM,WE,Towers with Radar,1032,233,6,0,1271,0,2,0,0,2,1032,235,6,0,1273,0,0,0,1273
10/27/2020,DEN,CO,ANM,WE,Towers with Radar,879,241,9,0,1129,0,1,0,0,1,879,242,9,0,1130,0,0,0,1130
10/28/2020,DEN,CO,ANM,WE,Towers with Radar,939,290,8,0,1237,0,6,0,0,6,939,296,8,0,1243,0,0,0,1243
10/29/2020,DEN,CO,ANM,WE,Towers with Radar,1060,305,3,0,1368,0,0,0,0,0,1060,305,3,0,1368,0,0,0,1368
10/30/2020,DEN,CO,ANM,WE,Towers with Radar,1047,307,2,0,1356,0,2,2,0,4,1047,309,4,0,1360,0,0,0,1360
10/31/2020,DEN,CO,ANM,WE,Towers with Radar,919,240,0,0,1159,0,0,2,0,2,919,240,2,0,1161,0,0,0,1161
11/01/2020,DEN,CO,ANM,WE,Towers with Radar,1032,242,0,0,1274,0,0,2,0,2,1032,242,2,0,1276,0,0,0,1276
11/02/2020,DEN,CO,ANM,WE,Towers with Radar,1056,287,5,0,1348,0,1,2,0,3,1056,288,7,0,1351,0,0,0,1351
11/03/2020,DEN,CO,ANM,WE,Towers with Radar,880,247,1,0,1128,0,1,0,0,1,880,248,1,0,1129,0,0,0,1129
11/04/2020,DEN,CO,ANM,WE,Towers with Radar,941,311,5,0,1257,0,0,4,0,4,941,311,9,0,1261,0,0,0,1261
11/05/2020,DEN,CO,ANM,WE,Towers with Radar,1128,304,2,0,1434,0,3,2,0,5,1128,307,4,0,1439,0,0,0,1439
11/06/2020,DEN,CO,ANM,WE,Towers with Radar,1122,309,0,2,1433,0,1,2,0,3,1122,310,2,2,1436,0,0,0,1436
11/07/2020,DEN,CO,ANM,WE,Towers with Radar,864,237,3,0,1104,0,0,0,0,0,864,237,3,0,1104,0,0,0,1104
11/08/2020,DEN,CO,ANM,WE,Towers with Radar,1133,244,0,0,1377,0,0,1,0,1,1133,244,1,0,1378,0,0,0,1378
11/09/2020,DEN,CO,ANM,WE,Towers with Radar,1123,274,2,0,1399,0,0,0,0,0,1123,274,2,0,1399,0,0,0,1399
11/10/2020,DEN,CO,ANM,WE,Towers with Radar,871,249,4,0,1124,0,3,2,0,5,871,252,6,0,1129,0,0,0,1129
11/11/2020,DEN,CO,ANM,WE,Towers with Radar,959,295,3,0,1257,0,0,0,0,0,959,295,3,0,1257,0,0,0,1257
11/12/2020,DEN,CO,ANM,WE,Towers with Radar,1150,306,5,1,1462,0,0,0,0,0,1150,306,5,1,1462,0,0,0,1462
11/13/2020,DEN,CO,ANM,WE,Towers with Radar,1125,306,3,0,1434,0,0,1,0,1,1125,306,4,0,1435,0,0,0,1435
11/14/2020,DEN,CO,ANM,WE,Towers with Radar,869,229,0,1,1099,0,1,0,0,1,869,230,0,1,1100,0,0,0,1100
11/15/2020,DEN,CO,ANM,WE,Towers with Radar,1125,251,3,0,1379,0,0,2,0,2,1125,251,5,0,1381,0,0,0,1381
11/16/2020,DEN,CO,ANM,WE,Towers with Radar,1110,283,0,0,1393,0,1,23,0,24,1110,284,23,0,1417,0,0,0,1417
11/17/2020,DEN,CO,ANM,WE,Towers with Radar,873,246,4,0,1123,0,1,20,0,21,873,247,24,0,1144,0,0,0,1144
11/18/2020,DEN,CO,ANM,WE,Towers with Radar,973,302,1,6,1282,0,0,26,0,26,973,302,27,6,1308,0,0,0,1308
11/19/2020,DEN,CO,ANM,WE,Towers with Radar,1152,314,6,0,1472,0,0,3,0,3,1152,314,9,0,1475,0,0,0,1475
11/20/2020,DEN,CO,ANM,WE,Towers with Radar,1158,304,5,0,1467,0,0,0,0,0,1158,304,5,0,1467,0,0,0,1467
11/21/2020,DEN,CO,ANM,WE,Towers with Radar,1086,242,2,0,1330,0,0,0,2,2,1086,242,2,2,1332,0,0,0,1332
11/22/2020,DEN,CO,ANM,WE,Towers with Radar,1165,253,2,0,1420,0,1,0,0,1,1165,254,2,0,1421,0,0,0,1421
11/23/2020,DEN,CO,ANM,WE,Towers with Radar,1107,250,1,0,1358,0,0,2,0,2,1107,250,3,0,1360,0,0,0,1360
11/24/2020,DEN,CO,ANM,WE,Towers with Radar,1112,314,3,0,1429,0,0,0,0,0,1112,314,3,0,1429,0,0,0,1429
11/25/2020,DEN,CO,ANM,WE,Towers with Radar,1127,323,2,0,1452,0,1,0,0,1,1127,324,2,0,1453,0,0,0,1453
11/26/2020,DEN,CO,ANM,WE,Towers with Radar,730,121,0,0,851,0,0,0,0,0,730,121,0,0,851,0,0,0,851
11/27/2020,DEN,CO,ANM,WE,Towers with Radar,1096,261,6,0,1363,0,1,0,0,1,1096,262,6,0,1364,0,0,0,1364
11/28/2020,DEN,CO,ANM,WE,Towers with Radar,1113,290,4,0,1407,0,0,0,0,0,1113,290,4,0,1407,0,0,0,1407
11/29/2020,DEN,CO,ANM,WE,Towers with Radar,1225,309,10,0,1544,0,2,0,0,2,1225,311,10,0,1546,0,0,0,1546
11/30/2020,DEN,CO,ANM,WE,Towers with Radar,1162,281,7,2,1452,0,0,0,0,0,1162,281,7,2,1452,0,0,0,1452
12/01/2020,DEN,CO,ANM,WE,Towers with Radar,1015,267,1,0,1283,0,0,2,0,2,1015,267,3,0,1285,0,0,0,1285
12/02/2020,DEN,CO,ANM,WE,Towers with Radar,871,287,1,0,1159,0,0,0,0,0,871,287,1,0,1159,0,0,0,1159
12/03/2020,DEN,CO,ANM,WE,Towers with Radar,1021,302,11,0,1334,0,0,0,0,0,1021,302,11,0,1334,0,0,0,1334
12/04/2020,DEN,CO,ANM,WE,Towers with Radar,994,308,4,0,1306,0,2,0,0,2,994,310,4,0,1308,0,0,0,1308
12/05/2020,DEN,CO,ANM,WE,Towers with Radar,757,220,4,0,981,0,4,2,0,6,757,224,6,0,987,0,0,0,987
12/06/2020,DEN,CO,ANM,WE,Towers with Radar,980,255,6,1,1242,0,0,22,0,22,980,255,28,1,1264,0,0,0,1264
12/07/2020,DEN,CO,ANM,WE,Towers with Radar,976,280,5,0,1261,0,12,10,1,23,976,292,15,1,1284,0,0,0,1284
12/08/2020,DEN,CO,ANM,WE,Towers with Radar,827,267,2,0,1096,0,2,2,0,4,827,269,4,0,1100,0,0,0,1100
12/09/2020,DEN,CO,ANM,WE,Towers with Radar,844,287,1,0,1132,0,1,2,0,3,844,288,3,0,1135,0,0,0,1135
12/10/2020,DEN,CO,ANM,WE,Towers with Radar,1021,295,6,0,1322,0,1,0,0,1,1021,296,6,0,1323,0,0,0,1323
12/11/2020,DEN,CO,ANM,WE,Towers with Radar,1021,287,5,0,1313,0,0,0,0,0,1021,287,5,0,1313,0,0,0,1313
12/12/2020,DEN,CO,ANM,WE,Towers with Radar,760,212,5,0,977,0,0,0,0,0,760,212,5,0,977,0,0,0,977
12/13/2020,DEN,CO,ANM,WE,Towers with Radar,1016,252,5,0,1273,0,1,0,0,1,1016,253,5,0,1274,0,0,0,1274
12/14/2020,DEN,CO,ANM,WE,Towers with Radar,993,267,21,0,1281,0,1,16,0,17,993,268,37,0,1298,0,0,0,1298
12/15/2020,DEN,CO,ANM,WE,Towers with Radar,846,267,4,0,1117,0,3,11,0,14,846,270,15,0,1131,0,0,0,1131
12/16/2020,DEN,CO,ANM,WE,Towers with Radar,858,291,10,0,1159,0,0,19,0,19,858,291,29,0,1178,0,0,0,1178
12/17/2020,DEN,CO,ANM,WE,Towers with Radar,1155,336,7,0,1498,0,0,1,0,1,1155,336,8,0,1499,0,0,0,1499
12/18/2020,DEN,CO,ANM,WE,Towers with Radar,1193,349,2,0,1544,0,0,0,0,0,1193,349,2,0,1544,0,0,0,1544
12/19/2020,DEN,CO,ANM,WE,Towers with Radar,1167,288,8,2,1465,0,4,2,0,6,1167,292,10,2,1471,0,0,0,1471
12/20/2020,DEN,CO,ANM,WE,Towers with Radar,1217,295,4,0,1516,0,3,0,0,3,1217,298,4,0,1519,0,0,0,1519
12/21/2020,DEN,CO,ANM,WE,Towers with Radar,1194,309,5,0,1508,0,2,0,0,2,1194,311,5,0,1510,0,0,0,1510
12/22/2020,DEN,CO,ANM,WE,Towers with Radar,1192,359,2,0,1553,0,2,0,0,2,1192,361,2,0,1555,0,0,0,1555
12/23/2020,DEN,CO,ANM,WE,Towers with Radar,1227,357,2,0,1586,0,3,0,0,3,1227,360,2,0,1589,0,0,0,1589
12/24/2020,DEN,CO,ANM,WE,Towers with Radar,970,317,7,0,1294,0,1,0,0,1,970,318,7,0,1295,0,0,0,1295
12/25/2020,DEN,CO,ANM,WE,Towers with Radar,876,210,2,0,1088,0,1,0,0,1,876,211,2,0,1089,0,0,0,1089
12/26/2020,DEN,CO,ANM,WE,Towers with Radar,1145,318,5,0,1468,0,1,2,0,3,1145,319,7,0,1471,0,0,0,1471
12/27/2020,DEN,CO,ANM,WE,Towers with Radar,1197,304,7,0,1508,0,2,0,0,2,1197,306,7,0,1510,0,0,0,1510
12/28/2020,DEN,CO,ANM,WE,Towers with Radar,1203,303,5,0,1511,0,0,0,0,0,1203,303,5,0,1511,0,0,0,1511
12/29/2020,DEN,CO,ANM,WE,Towers with Radar,1150,320,7,0,1477,0,0,2,0,2,1150,320,9,0,1479,0,0,0,1479
12/30/2020,DEN,CO,ANM,WE,Towers with Radar,1210,333,10,0,1553,0,2,0,0,2,1210,335,10,0,1555,0,0,0,1555
12/31/2020,DEN,CO,ANM,WE,Towers with Radar,958,315,4,0,1277,0,2,0,0,2,958,317,4,0,1279,0,0,0,1279
01/01/2021,DEN,CO,ANM,WE,Towers with Radar,923,236,2,2,1163,0,0,0,0,0,923,236,2,2,1163,0,0,0,1163
01/02/2021,DEN,CO,ANM,WE,Towers with Radar,1124,297,8,0,1429,0,2,2,0,4,1124,299,10,0,1433,0,0,0,1433
01/03/2021,DEN,CO,ANM,WE,Towers with Radar,1203,287,3,0,1493,0,1,0,0,1,1203,288,3,0,1494,0,0,0,1494
01/04/2021,DEN,CO,ANM,WE,Towers with Radar,1164,318,4,0,1486,0,1,6,0,7,1164,319,10,0,1493,0,0,0,1493
01/05/2021,DEN,CO,ANM,WE,Towers with Radar,1032,276,1,0,1309,0,0,2,0,2,1032,276,3,0,1311,0,0,0,1311
01/06/2021,DEN,CO,ANM,WE,Towers with Radar,988,293,2,0,1283,0,0,0,0,0,988,293,2,0,1283,0,0,0,1283
01/07/2021,DEN,CO,ANM,WE,Towers with Radar,1008,302,2,0,1312,0,1,0,0,1,1008,303,2,0,1313,0,0,0,1313
01/08/2021,DEN,CO,ANM,WE,Towers with Radar,996,297,4,0,1297,0,1,0,0,1,996,298,4,0,1298,0,0,0,1298
01/09/2021,DEN,CO,ANM,WE,Towers with Radar,834,225,6,0,1065,0,0,0,0,0,834,225,6,0,1065,0,0,0,1065
01/10/2021,DEN,CO,ANM,WE,Towers with Radar,998,249,6,0,1253,0,0,1,0,1,998,249,7,0,1254,0,0,0,1254
01/11/2021,DEN,CO,ANM,WE,Towers with Radar,971,271,3,0,1245,0,0,0,0,0,971,271,3,0,1245,0,0,0,1245
01/12/2021,DEN,CO,ANM,WE,Towers with Radar,903,263,7,0,1173,0,0,0,0,0,903,263,7,0,1173,0,0,0,1173
01/13/2021,DEN,CO,ANM,WE,Towers with Radar,908,293,4,0,1205,0,1,2,0,3,908,294,6,0,1208,0,0,0,1208
01/14/2021,DEN,CO,ANM,WE,Towers with Radar,1009,285,4,0,1298,0,1,1,0,2,1009,286,5,0,1300,0,0,0,1300
01/15/2021,DEN,CO,ANM,WE,Towers with Radar,1021,285,8,0,1314,0,3,1,0,4,1021,288,9,0,1318,0,0,0,1318
01/16/2021,DEN,CO,ANM,WE,Towers with Radar,830,229,2,0,1061,0,1,0,0,1,830,230,2,0,1062,0,0,0,1062
01/17/2021,DEN,CO,ANM,WE,Towers with Radar,978,245,0,0,1223,0,0,0,0,0,978,245,0,0,1223,0,0,0,1223
01/18/2021,DEN,CO,ANM,WE,Towers with Radar,1001,267,6,0,1274,0,0,0,0,0,1001,267,6,0,1274,0,0,0,1274
01/19/2021,DEN,CO,ANM,WE,Towers with Radar,897,269,2,0,1168,0,0,2,0,2,897,269,4,0,1170,0,0,0,1170
01/20/2021,DEN,CO,ANM,WE,Towers with Radar,897,288,3,1,1189,0,0,2,0,2,897,288,5,1,1191,0,0,0,1191
01/21/2021,DEN,CO,ANM,WE,Towers with Radar,1006,286,6,1,1299,0,0,0,0,0,1006,286,6,1,1299,0,0,0,1299
01/22/2021,DEN,CO,ANM,WE,Towers with Radar,1001,284,0,1,1286,0,0,0,0,0,1001,284,0,1,1286,0,0,0,1286
01/23/2021,DEN,CO,ANM,WE,Towers with Radar,820,214,5,1,1040,0,2,1,0,3,820,216,6,1,1043,0,0,0,1043
01/24/2021,DEN,CO,ANM,WE,Towers with Radar,1001,253,3,0,1257,0,0,1,0,1,1001,253,4,0,1258,0,0,0,1258
01/25/2021,DEN,CO,ANM,WE,Towers with Radar,959,256,3,0,1218,0,0,1,0,1,959,256,4,0,1219,0,0,0,1219
01/26/2021,DEN,CO,ANM,WE,Towers with Radar,827,226,2,0,1055,0,0,0,0,0,827,226,2,0,1055,0,0,0,1055
01/27/2021,DEN,CO,ANM,WE,Towers with Radar,892,283,1,0,1176,0,0,2,0,2,892,283,3,0,1178,0,0,0,1178
01/28/2021,DEN,CO,ANM,WE,Towers with Radar,1009,300,3,0,1312,0,0,2,0,2,1009,300,5,0,1314,0,0,0,1314
01/29/2021,DEN,CO,ANM,WE,Towers with Radar,1239,371,4,0,1614,0,1,0,0,1,1239,372,4,0,1615,0,0,0,1615
01/30/2021,DEN,CO,ANM,WE,Towers with Radar,810,225,2,0,1037,0,2,0,0,2,810,227,2,0,1039,0,0,0,1039
01/31/2021,DEN,CO,ANM,WE,Towers with Radar,980,251,3,0,1234,0,1,0,0,1,980,252,3,0,1235,0,0,0,1235
02/01/2021,DEN,CO,ANM,WE,Towers with Radar,940,266,2,0,1208,0,1,0,0,1,940,267,2,0,1209,0,0,0,1209
02/02/2021,DEN,CO,ANM,WE,Towers with Radar,824,233,6,0,1063,0,0,0,0,0,824,233,6,0,1063,0,0,0,1063
02/03/2021,DEN,CO,ANM,WE,Towers with Radar,889,278,4,2,1173,0,0,0,0,0,889,278,4,2,1173,0,0,0,1173
02/04/2021,DEN,CO,ANM,WE,Towers with Radar,998,294,6,2,1300,0,0,1,0,1,998,294,7,2,1301,0,0,0,1301
02/05/2021,DEN,CO,ANM,WE,Towers with Radar,1013,291,8,0,1312,0,2,0,0,2,1013,293,8,0,1314,0,0,0,1314
02/06/2021,DEN,CO,ANM,WE,Towers with Radar,814,226,0,0,1040,0,2,2,0,4,814,228,2,0,1044,0,0,0,1044
02/07/2021,DEN,CO,ANM,WE,Towers with Radar,993,271,7,0,1271,0,0,1,0,1,993,271,8,0,1272,0,0,0,1272
02/08/2021,DEN,CO,ANM,WE,Towers with Radar,987,251,2,0,1240,0,0,0,0,0,987,251,2,0,1240,0,0,0,1240
02/09/2021,DEN,CO,ANM,WE,Towers with Radar,896,266,1,0,1163,0,1,0,0,1,896,267,1,0,1164,0,0,0,1164
02/10/2021,DEN,CO,ANM,WE,Towers with Radar,906,289,0,0,1195,0,0,0,0,0,906,289,0,0,1195,0,0,0,1195
02/11/2021,DEN,CO,ANM,WE,Towers with Radar,1052,298,0,0,1350,0,0,2,0,2,1052,298,2,0,1352,0,0,0,1352
02/12/2021,DEN,CO,ANM,WE,Towers with Radar,1087,297,7,0,1391,0,0,0,0,0,1087,297,7,0,1391,0,0,0,1391
02/13/2021,DEN,CO,ANM,WE,Towers with Radar,903,234,2,0,1139,0,1,0,0,1,903,235,2,0,1140,0,0,0,1140
02/14/2021,DEN,CO,ANM,WE,Towers with Radar,925,219,6,0,1150,0,0,0,0,0,925,219,6,0,1150,0,0,0,1150
02/15/2021,DEN,CO,ANM,WE,Towers with Radar,940,243,4,0,1187,0,0,0,0,0,940,243,4,0,1187,0,0,0,1187
02/16/2021,DEN,CO,ANM,WE,Towers with Radar,851,248,11,0,1110,0,0,0,0,0,851,248,11,0,1110,0,0,0,1110
02/17/2021,DEN,CO,ANM,WE,Towers with Radar,886,293,8,0,1187,0,0,0,0,0,886,293,8,0,1187,0,0,0,1187
02/18/2021,DEN,CO,ANM,WE,Towers with Radar,985,308,7,0,1300,0,1,0,0,1,985,309,7,0,1301,0,0,0,1301
02/19/2021,DEN,CO,ANM,WE,Towers with Radar,1030,309,1,0,1340,0,1,1,0,2,1030,310,2,0,1342,0,0,0,1342
02/20/2021,DEN,CO,ANM,WE,Towers with Radar,912,253,5,0,1170,0,2,0,0,2,912,255,5,0,1172,0,0,0,1172
02/21/2021,DEN,CO,ANM,WE,Towers with Radar,1031,259,2,0,1292,0,0,2,0,2,1031,259,4,0,1294,0,0,0,1294
02/22/2021,DEN,CO,ANM,WE,Towers with Radar,1053,271,5,0,1329,0,0,0,0,0,1053,271,5,0,1329,0,0,0,1329
02/23/2021,DEN,CO,ANM,WE,Towers with Radar,973,267,3,0,1243,0,0,0,0,0,973,267,3,0,1243,0,0,0,1243
02/24/2021,DEN,CO,ANM,WE,Towers with Radar,1001,303,2,0,1306,0,0,2,0,2,1001,303,4,0,1308,0,0,0,1308
02/25/2021,DEN,CO,ANM,WE,Towers with Radar,1072,315,5,0,1392,0,0,0,0,0,1072,315,5,0,1392,0,0,0,1392
02/26/2021,DEN,CO,ANM,WE,Towers with Radar,1081,291,5,0,1377,0,0,0,0,0,1081,291,5,0,1377,0,0,0,1377
02/27/2021,DEN,CO,ANM,WE,Towers with Radar,905,250,2,0,1157,0,2,0,0,2,905,252,2,0,1159,0,0,0,1159
02/28/2021,DEN,CO,ANM,WE,Towers with Radar,1051,269,4,0,1324,0,0,0,0,0,1051,269,4,0,1324,0,0,0,1324
03/01/2021,DEN,CO,ANM,WE,Towers with Radar,1050,279,2,0,1331,0,3,0,0,3,1050,282,2,0,1334,0,0,0,1334
03/02/2021,DEN,CO,ANM,WE,Towers with Radar,967,271,2,0,1240,0,2,0,0,2,967,273,2,0,1242,0,0,0,1242
03/03/2021,DEN,CO,ANM,WE,Towers with Radar,982,298,3,0,1283,0,3,3,0,6,982,301,6,0,1289,0,0,0,1289
03/04/2021,DEN,CO,ANM,WE,Towers with Radar,1132,330,4,2,1468,0,0,0,0,0,1132,330,4,2,1468,0,0,0,1468
03/05/2021,DEN,CO,ANM,WE,Towers with Radar,1137,322,7,0,1466,0,1,4,0,5,1137,323,11,0,1471,0,0,0,1471
03/06/2021,DEN,CO,ANM,WE,Towers with Radar,998,262,1,0,1261,0,0,0,0,0,998,262,1,0,1261,0,0,0,1261
03/07/2021,DEN,CO,ANM,WE,Towers with Radar,1215,279,1,0,1495,0,0,0,0,0,1215,279,1,0,1495,0,0,0,1495
03/08/2021,DEN,CO,ANM,WE,Towers with Radar,1205,306,0,0,1511,0,0,0,0,0,1205,306,0,0,1511,0,0,0,1511
03/09/2021,DEN,CO,ANM,WE,Towers with Radar,1037,295,5,0,1337,0,2,1,0,3,1037,297,6,0,1340,0,0,0,1340
03/10/2021,DEN,CO,ANM,WE,Towers with Radar,1082,311,6,0,1399,0,0,2,0,2,1082,311,8,0,1401,0,0,0,1401
03/11/2021,DEN,CO,ANM,WE,Towers with Radar,1286,335,4,1,1626,0,0,1,0,1,1286,335,5,1,1627,0,0,0,1627
03/12/2021,DEN,CO,ANM,WE,Towers with Radar,1304,338,3,1,1646,0,0,1,0,1,1304,338,4,1,1647,0,0,0,1647
03/13/2021,DEN,CO,ANM,WE,Towers with Radar,551,136,0,0,687,0,0,0,0,0,551,136,0,0,687,0,0,0,687
03/14/2021,DEN,CO,ANM,WE,Towers with Radar,2,0,1,0,3,0,0,0,0,0,2,0,1,0,3,0,0,0,3
03/15/2021,DEN,CO,ANM,WE,Towers with Radar,441,33,0,1,475,0,0,2,3,5,441,33,2,4,480,0,0,0,480
03/16/2021,DEN,CO,ANM,WE,Towers with Radar,1170,262,4,8,1444,0,0,4,0,4,1170,262,8,8,1448,0,0,0,1448
03/17/2021,DEN,CO,ANM,WE,Towers with Radar,1042,302,5,2,1351,0,1,1,0,2,1042,303,6,2,1353,0,0,0,1353
03/18/2021,DEN,CO,ANM,WE,Towers with Radar,1263,331,6,3,1603,0,2,1,0,3,1263,333,7,3,1606,0,0,0,1606
03/19/2021,DEN,CO,ANM,WE,Towers with Radar,1282,323,1,0,1606,0,0,1,0,1,1282,323,2,0,1607,0,0,0,1607
03/20/2021,DEN,CO,ANM,WE,Towers with Radar,1170,283,0,0,1453,0,0,0,0,0,1170,283,0,0,1453,0,0,0,1453
03/21/2021,DEN,CO,ANM,WE,Towers with Radar,1276,267,7,0,1550,0,0,0,0,0,1276,267,7,0,1550,0,0,0,1550
03/22/2021,DEN,CO,ANM,WE,Towers with Radar,1262,308,2,0,1572,0,0,1,0,1,1262,308,3,0,1573,0,0,0,1573
03/23/2021,DEN,CO,ANM,WE,Towers with Radar,1170,290,7,0,1467,0,0,0,0,0,1170,290,7,0,1467,0,0,0,1467
03/24/2021,DEN,CO,ANM,WE,Towers with Radar,1207,307,4,0,1518,0,1,2,0,3,1207,308,6,0,1521,0,0,0,1521
03/25/2021,DEN,CO,ANM,WE,Towers with Radar,1284,323,6,0,1613,0,1,0,0,1,1284,324,6,0,1614,0,0,0,1614
03/26/2021,DEN,CO,ANM,WE,Towers with Radar,1276,322,5,0,1603,0,0,4,0,4,1276,322,9,0,1607,0,0,0,1607
03/27/2021,DEN,CO,ANM,WE,Towers with Radar,1148,278,4,0,1430,0,0,0,0,0,1148,278,4,0,1430,0,0,0,1430
03/28/2021,DEN,CO,ANM,WE,Towers with Radar,1258,260,7,0,1525,0,0,0,0,0,1258,260,7,0,1525,0,0,0,1525
03/29/2021,DEN,CO,ANM,WE,Towers with Radar,1277,282,9,1,1569,0,0,0,0,0,1277,282,9,1,1569,0,0,0,1569
03/30/2021,DEN,CO,ANM,WE,Towers with Radar,1216,271,2,0,1489,0,1,0,0,1,1216,272,2,0,1490,0,0,0,1490
03/31/2021,DEN,CO,ANM,WE,Towers with Radar,1198,305,3,0,1506,0,0,1,0,1,1198,305,4,0,1507,0,0,0,1507
04/01/2021,DEN,CO,ANM,WE,Towers with Radar,1280,328,4,0,1612,0,0,3,0,3,1280,328,7,0,1615,0,0,0,1615
04/02/2021,DEN,CO,ANM,WE,Towers with Radar,1297,321,5,0,1623,0,0,5,0,5,1297,321,10,0,1628,0,0,0,1628
04/03/2021,DEN,CO,ANM,WE,Towers with Radar,1164,256,6,0,1426,0,2,4,0,6,1164,258,10,0,1432,0,0,0,1432
04/04/2021,DEN,CO,ANM,WE,Towers with Radar,1301,271,5,0,1577,0,0,3,0,3,1301,271,8,0,1580,0,0,0,1580
04/05/2021,DEN,CO,ANM,WE,Towers with Radar,1273,293,10,0,1576,0,0,0,0,0,1273,293,10,0,1576,0,0,0,1576
04/06/2021,DEN,CO,ANM,WE,Towers with Radar,1182,274,10,0,1466,0,0,0,0,0,1182,274,10,0,1466,0,0,0,1466
04/07/2021,DEN,CO,ANM,WE,Towers with Radar,1180,308,7,0,1495,0,0,1,0,1,1180,308,8,0,1496,0,0,0,1496
04/08/2021,DEN,CO,ANM,WE,Towers with Radar,1286,325,6,0,1617,0,0,0,0,0,1286,325,6,0,1617,0,0,0,1617
04/09/2021,DEN,CO,ANM,WE,Towers with Radar,1260,313,3,0,1576,0,0,2,0,2,1260,313,5,0,1578,0,0,0,1578
04/10/2021,DEN,CO,ANM,WE,Towers with Radar,1135,246,4,0,1385,0,0,0,0,0,1135,246,4,0,1385,0,0,0,1385
04/11/2021,DEN,CO,ANM,WE,Towers with Radar,1234,271,2,0,1507,0,1,4,0,5,1234,272,6,0,1512,0,0,0,1512
04/12/2021,DEN,CO,ANM,WE,Towers with Radar,1248,287,0,0,1535,0,0,22,0,22,1248,287,22,0,1557,0,0,0,1557
04/13/2021,DEN,CO,ANM,WE,Towers with Radar,1098,276,7,0,1381,0,2,16,0,18,1098,278,23,0,1399,0,0,0,1399
04/14/2021,DEN,CO,ANM,WE,Towers with Radar,1280,342,2,0,1624,0,0,0,0,0,1280,342,2,0,1624,0,0,0,1624
04/15/2021,DEN,CO,ANM,WE,Towers with Radar,1273,251,4,0,1528,0,0,0,0,0,1273,251,4,0,1528,0,0,0,1528
04/16/2021,DEN,CO,ANM,WE,Towers with Radar,1255,302,6,0,1563,0,0,0,0,0,1255,302,6,0,1563,0,0,0,1563
04/17/2021,DEN,CO,ANM,WE,Towers with Radar,1116,251,2,0,1369,0,0,0,0,0,1116,251,2,0,1369,0,0,0,1369
04/18/2021,DEN,CO,ANM,WE,Towers with Radar,1243,265,1,0,1509,0,0,0,0,0,1243,265,1,0,1509,0,0,0,1509
04/19/2021,DEN,CO,ANM,WE,Towers with Radar,1230,209,0,0,1439,0,0,0,0,0,1230,209,0,0,1439,0,0,0,1439
04/20/2021,DEN,CO,ANM,WE,Towers with Radar,1103,289,8,0,1400,0,0,0,0,0,1103,289,8,0,1400,0,0,0,1400
04/21/2021,DEN,CO,ANM,WE,Towers with Radar,1121,299,7,0,1427,0,0,0,0,0,1121,299,7,0,1427,0,0,0,1427
04/22/2021,DEN,CO,ANM,WE,Towers with Radar,1264,312,3,0,1579,0,0,0,0,0,1264,312,3,0,1579,0,0,0,1579
04/23/2021,DEN,CO,ANM,WE,Towers with Radar,1252,311,3,0,1566,0,0,1,0,1,1252,311,4,0,1567,0,0,0,1567
04/24/2021,DEN,CO,ANM,WE,Towers with Radar,1117,241,4,0,1362,0,0,12,0,12,1117,241,16,0,1374,0,0,0,1374
04/25/2021,DEN,CO,ANM,WE,Towers with Radar,1256,259,2,0,1517,0,0,0,0,0,1256,259,2,0,1517,0,0,0,1517
04/26/2021,DEN,CO,ANM,WE,Towers with Radar,1252,287,5,0,1544,0,0,1,0,1,1252,287,6,0,1545,0,0,0,1545
04/27/2021,DEN,CO,ANM,WE,Towers with Radar,1091,262,9,0,1362,0,0,0,0,0,1091,262,9,0,1362,0,0,0,1362
04/28/2021,DEN,CO,ANM,WE,Towers with Radar,1106,290,3,0,1399,0,1,0,0,1,1106,291,3,0,1400,0,0,0,1400
04/29/2021,DEN,CO,ANM,WE,Towers with Radar,1273,312,2,0,1587,0,0,2,0,2,1273,312,4,0,1589,0,0,0,1589
04/30/2021,DEN,CO,ANM,WE,Towers with Radar,1259,316,5,0,1580,0,1,2,2,5,1259,317,7,2,1585,0,0,0,1585
05/01/2021,DEN,CO,ANM,WE,Towers with Radar,1118,245,6,0,1369,0,1,0,0,1,1118,246,6,0,1370,0,0,0,1370
05/02/2021,DEN,CO,ANM,WE,Towers with Radar,1252,262,4,0,1518,0,1,0,0,1,1252,263,4,0,1519,0,0,0,1519
05/03/2021,DEN,CO,ANM,WE,Towers with Radar,1242,284,3,3,1532,0,0,0,0,0,1242,284,3,3,1532,0,0,0,1532
05/04/2021,DEN,CO,ANM,WE,Towers with Radar,1113,268,6,1,1388,0,1,2,0,3,1113,269,8,1,1391,0,0,0,1391
05/05/2021,DEN,CO,ANM,WE,Towers with Radar,1146,293,6,0,1445,0,2,0,1,3,1146,295,6,1,1448,0,0,0,1448
05/06/2021,DEN,CO,ANM,WE,Towers with Radar,1299,310,3,0,1612,0,0,1,0,1,1299,310,4,0,1613,0,0,0,1613
05/07/2021,DEN,CO,ANM,WE,Towers with Radar,1318,312,2,2,1634,0,0,8,0,8,1318,312,10,2,1642,0,0,0,1642
05/08/2021,DEN,CO,ANM,WE,Towers with Radar,1194,240,2,0,1436,0,1,0,0,1,1194,241,2,0,1437,0,0,0,1437
05/09/2021,DEN,CO,ANM,WE,Towers with Radar,1328,265,0,0,1593,0,0,1,0,1,1328,265,1,0,1594,0,0,0,1594
05/10/2021,DEN,CO,ANM,WE,Towers with Radar,1337,275,2,1,1615,0,0,0,0,0,1337,275,2,1,1615,0,0,0,1615
05/11/2021,DEN,CO,ANM,WE,Towers with Radar,1210,265,3,1,1479,0,0,0,0,0,1210,265,3,1,1479,0,0,0,1479
05/12/2021,DEN,CO,ANM,WE,Towers with Radar,1237,292,9,0,1538,0,0,0,0,0,1237,292,9,0,1538,0,0,0,1538
05/13/2021,DEN,CO,ANM,WE,Towers with Radar,1368,313,4,0,1685,1,0,2,0,3,1369,313,6,0,1688,0,0,0,1688
05/14/2021,DEN,CO,ANM,WE,Towers with Radar,1380,311,4,1,1696,0,1,1,0,2,1380,312,5,1,1698,0,0,0,1698
05/15/2021,DEN,CO,ANM,WE,Towers with Radar,1195,242,3,0,1440,0,0,0,0,0,1195,242,3,0,1440,0,0,0,1440
05/16/2021,DEN,CO,ANM,WE,Towers with Radar,1344,248,5,0,1597,0,0,0,0,0,1344,248,5,0,1597,0,0,0,1597
05/17/2021,DEN,CO,ANM,WE,Towers with Radar,1348,265,3,0,1616,0,0,0,0,0,1348,265,3,0,1616,0,0,0,1616
05/18/2021,DEN,CO,ANM,WE,Towers with Radar,1265,277,5,0,1547,0,1,0,0,1,1265,278,5,0,1548,0,0,0,1548
05/19/2021,DEN,CO,ANM,WE,Towers with Radar,1281,292,7,0,1580,0,1,0,0,1,1281,293,7,0,1581,0,0,0,1581
05/20/2021,DEN,CO,ANM,WE,Towers with Radar,1388,306,3,0,1697,0,0,3,0,3,1388,306,6,0,1700,0,0,0,1700
05/21/2021,DEN,CO,ANM,WE,Towers with Radar,1362,311,4,1,1678,0,1,0,0,1,1362,312,4,1,1679,0,0,0,1679
05/22/2021,DEN,CO,ANM,WE,Towers with Radar,1190,241,6,0,1437,0,1,1,0,2,1190,242,7,0,1439,0,0,0,1439
05/23/2021,DEN,CO,ANM,WE,Towers with Radar,1350,263,3,0,1616,0,0,0,0,0,1350,263,3,0,1616,0,0,0,1616
05/24/2021,DEN,CO,ANM,WE,Towers with Radar,1350,277,1,0,1628,0,0,2,0,2,1350,277,3,0,1630,0,0,0,1630
05/25/2021,DEN,CO,ANM,WE,Towers with Radar,1284,263,2,0,1549,0,3,3,2,8,1284,266,5,2,1557,0,0,0,1557
05/26/2021,DEN,CO,ANM,WE,Towers with Radar,1280,293,1,2,1576,0,1,0,0,1,1280,294,1,2,1577,0,0,0,1577
05/27/2021,DEN,CO,ANM,WE,Towers with Radar,1375,312,6,0,1693,0,0,0,0,0,1375,312,6,0,1693,0,0,0,1693
05/28/2021,DEN,CO,ANM,WE,Towers with Radar,1357,307,6,0,1670,0,0,1,1,2,1357,307,7,1,1672,0,0,0,1672
05/29/2021,DEN,CO,ANM,WE,Towers with Radar,1196,247,3,0,1446,0,0,0,0,0,1196,247,3,0,1446,0,0,0,1446
05/30/2021,DEN,CO,ANM,WE,Towers with Radar,1327,231,1,0,1559,0,0,0,0,0,1327,231,1,0,1559,0,0,0,1559
05/31/2021,DEN,CO,ANM,WE,Towers with Radar,1353,273,7,0,1633,0,0,0,0,0,1353,273,7,0,1633,0,0,0,1633
06/01/2021,DEN,CO,ANM,WE,Towers with Radar,1319,262,7,0,1588,0,1,2,0,3,1319,263,9,0,1591,0,0,0,1591
06/02/2021,DEN,CO,ANM,WE,Towers with Radar,1337,293,10,0,1640,0,1,0,0,1,1337,294,10,0,1641,0,0,0,1641
06/03/2021,DEN,CO,ANM,WE,Towers with Radar,1419,370,10,0,1799,0,1,0,0,1,1419,371,10,0,1800,0,0,0,1800
06/04/2021,DEN,CO,ANM,WE,Towers with Radar,1432,376,4,0,1812,0,1,2,0,3,1432,377,6,0,1815,0,0,0,1815
06/05/2021,DEN,CO,ANM,WE,Towers with Radar,1315,310,0,0,1625,0,0,2,0,2,1315,310,2,0,1627,0,0,0,1627
06/06/2021,DEN,CO,ANM,WE,Towers with Radar,1432,292,5,2,1731,0,0,0,0,0,1432,292,5,2,1731,0,0,0,1731
06/07/2021,DEN,CO,ANM,WE,Towers with Radar,1463,322,7,0,1792,0,0,0,1,1,1463,322,7,1,1793,0,0,0,1793
06/08/2021,DEN,CO,ANM,WE,Towers with Radar,1462,340,9,0,1811,0,0,0,0,0,1462,340,9,0,1811,0,0,0,1811
06/09/2021,DEN,CO,ANM,WE,Towers with Radar,1459,370,3,0,1832,0,0,1,0,1,1459,370,4,0,1833,0,0,0,1833
06/10/2021,DEN,CO,ANM,WE,Towers with Radar,1537,383,11,0,1931,0,1,4,0,5,1537,384,15,0,1936,0,0,0,1936
06/11/2021,DEN,CO,ANM,WE,Towers with Radar,1497,381,7,0,1885,0,1,2,0,3,1497,382,9,0,1888,0,0,0,1888
06/12/2021,DEN,CO,ANM,WE,Towers with Radar,1360,323,3,0,1686,0,2,4,0,6,1360,325,7,0,1692,0,0,0,1692
06/13/2021,DEN,CO,ANM,WE,Towers with Radar,1446,336,15,1,1798,0,0,5,0,5,1446,336,20,1,1803,0,0,0,1803
06/14/2021,DEN,CO,ANM,WE,Towers with Radar,1442,359,6,1,1808,0,0,0,0,0,1442,359,6,1,1808,0,0,0,1808
06/15/2021,DEN,CO,ANM,WE,Towers with Radar,1395,355,4,0,1754,0,0,3,0,3,1395,355,7,0,1757,0,0,0,1757
06/16/2021,DEN,CO,ANM,WE,Towers with Radar,1438,390,9,0,1837,0,1,1,0,2,1438,391,10,0,1839,0,0,0,1839
06/17/2021,DEN,CO,ANM,WE,Towers with Radar,1519,378,16,0,1913,0,1,3,0,4,1519,379,19,0,1917,0,0,0,1917
06/18/2021,DEN,CO,ANM,WE,Towers with Radar,1484,391,10,0,1885,0,0,0,0,0,1484,391,10,0,1885,0,0,0,1885
06/19/2021,DEN,CO,ANM,WE,Towers with Radar,1312,322,2,0,1636,0,5,0,0,5,1312,327,2,0,1641,0,0,0,1641
06/20/2021,DEN,CO,ANM,WE,Towers with Radar,1469,339,7,0,1815,0,0,3,0,3,1469,339,10,0,1818,0,0,0,1818
06/21/2021,DEN,CO,ANM,WE,Towers with Radar,1469,360,7,0,1836,0,0,2,0,2,1469,360,9,0,1838,0,0,0,1838
06/22/2021,DEN,CO,ANM,WE,Towers with Radar,1462,352,8,0,1822,0,1,2,0,3,1462,353,10,0,1825,0,0,0,1825
06/23/2021,DEN,CO,ANM,WE,Towers with Radar,1505,393,10,0,1908,0,1,0,0,1,1505,394,10,0,1909,0,0,0,1909
06/24/2021,DEN,CO,ANM,WE,Towers with Radar,1399,366,9,0,1774,0,0,1,0,1,1399,366,10,0,1775,0,0,0,1775
06/25/2021,DEN,CO,ANM,WE,Towers with Radar,1363,332,7,0,1702,0,0,0,0,0,1363,332,7,0,1702,0,0,0,1702
06/26/2021,DEN,CO,ANM,WE,Towers with Radar,1327,315,4,0,1646,0,1,2,0,3,1327,316,6,0,1649,0,0,0,1649
06/27/2021,DEN,CO,ANM,WE,Towers with Radar,1410,335,11,0,1756,0,0,0,1,1,1410,335,11,1,1757,0,0,0,1757
06/28/2021,DEN,CO,ANM,WE,Towers with Radar,1418,366,18,0,1802,0,1,0,0,1,1418,367,18,0,1803,0,0,0,1803
06/29/2021,DEN,CO,ANM,WE,Towers with Radar,1492,354,9,0,1855,0,0,2,0,2,1492,354,11,0,1857,0,0,0,1857
06/30/2021,DEN,CO,ANM,WE,Towers with Radar,1455,395,12,0,1862,0,2,0,0,2,1455,397,12,0,1864,0,0,0,1864
07/01/2021,DEN,CO,ANM,WE,Towers with Radar,1361,345,11,0,1717,0,2,7,0,9,1361,347,18,0,1726,0,0,0,1726
07/02/2021,DEN,CO,ANM,WE,Towers with Radar,1453,384,9,1,1847,0,1,1,0,2,1453,385,10,1,1849,0,0,0,1849
07/03/2021,DEN,CO,ANM,WE,Towers with Radar,1347,319,14,1,1681,0,0,5,0,5,1347,319,19,1,1686,0,0,0,1686
07/04/2021,DEN,CO,ANM,WE,Towers with Radar,1417,354,5,0,1776,0,0,3,0,3,1417,354,8,0,1779,0,0,0,1779
07/05/2021,DEN,CO,ANM,WE,Towers with Radar,1414,349,11,0,1774,0,0,5,0,5,1414,349,16,0,1779,0,0,0,1779
07/06/2021,DEN,CO,ANM,WE,Towers with Radar,1479,355,11,0,1845,0,1,1,0,2,1479,356,12,0,1847,0,0,0,1847
07/07/2021,DEN,CO,ANM,WE,Towers with Radar,1489,409,15,0,1913,0,0,2,0,2,1489,409,17,0,1915,0,0,0,1915
07/08/2021,DEN,CO,ANM,WE,Towers with Radar,1532,404,18,0,1954,0,1,1,0,2,1532,405,19,0,1956,0,0,0,1956
07/09/2021,DEN,CO,ANM,WE,Towers with Radar,1544,397,13,0,1954,0,2,0,0,2,1544,399,13,0,1956,0,0,0,1956
07/10/2021,DEN,CO,ANM,WE,Towers with Radar,1384,340,10,1,1735,0,1,5,0,6,1384,341,15,1,1741,0,0,0,1741
07/11/2021,DEN,CO,ANM,WE,Towers with Radar,1501,362,22,0,1885,0,1,2,1,4,1501,363,24,1,1889,0,0,0,1889
07/12/2021,DEN,CO,ANM,WE,Towers with Radar,1544,395,21,0,1960,0,1,16,0,17,1544,396,37,0,1977,0,0,0,1977
07/13/2021,DEN,CO,ANM,WE,Towers with Radar,1486,355,15,0,1856,0,1,4,0,5,1486,356,19,0,1861,0,0,0,1861
07/14/2021,DEN,CO,ANM,WE,Towers with Radar,1451,393,21,0,1865,0,1,23,2,26,1451,394,44,2,1891,0,0,0,1891
07/15/2021,DEN,CO,ANM,WE,Towers with Radar,1567,405,16,0,1988,0,0,2,2,4,1567,405,18,2,1992,0,0,0,1992
07/16/2021,DEN,CO,ANM,WE,Towers with Radar,1529,405,13,0,1947,0,0,0,0,0,1529,405,13,0,1947,0,0,0,1947
07/17/2021,DEN,CO,ANM,WE,Towers with Radar,1346,333,7,0,1686,0,1,0,0,1,1346,334,7,0,1687,0,0,0,1687
07/18/2021,DEN,CO,ANM,WE,Towers with Radar,1477,358,22,0,1857,0,0,0,0,0,1477,358,22,0,1857,0,0,0,1857
07/19/2021,DEN,CO,ANM,WE,Towers with Radar,1520,376,13,0,1909,0,1,0,0,1,1520,377,13,0,1910,0,0,0,1910
07/20/2021,DEN,CO,ANM,WE,Towers with Radar,1529,362,11,0,1902,0,1,4,0,5,1529,363,15,0,1907,0,0,0,1907
07/21/2021,DEN,CO,ANM,WE,Towers with Radar,1489,361,5,0,1855,0,1,0,0,1,1489,362,5,0,1856,0,0,0,1856
07/22/2021,DEN,CO,ANM,WE,Towers with Radar,1443,401,7,0,1851,1,0,2,0,3,1444,401,9,0,1854,0,0,0,1854
07/23/2021,DEN,CO,ANM,WE,Towers with Radar,1511,377,8,0,1896,0,2,0,0,2,1511,379,8,0,1898,0,0,0,1898
07/24/2021,DEN,CO,ANM,WE,Towers with Radar,1386,343,6,1,1736,0,1,3,0,4,1386,344,9,1,1740,0,0,0,1740
07/25/2021,DEN,CO,ANM,WE,Towers with Radar,1489,365,10,0,1864,0,0,2,0,2,1489,365,12,0,1866,0,0,0,1866
07/26/2021,DEN,CO,ANM,WE,Towers with Radar,1522,403,7,1,1933,0,0,0,0,0,1522,403,7,1,1933,0,0,0,1933
07/27/2021,DEN,CO,ANM,WE,Towers with Radar,1522,364,15,0,1901,0,1,6,0,7,1522,365,21,0,1908,0,0,0,1908
07/28/2021,DEN,CO,ANM,WE,Towers with Radar,1517,413,15,0,1945,0,0,6,0,6,1517,413,21,0,1951,0,0,0,1951
07/29/2021,DEN,CO,ANM,WE,Towers with Radar,1553,406,17,0,1976,0,0,1,0,1,1553,406,18,0,1977,0,0,0,1977
07/30/2021,DEN,CO,ANM,WE,Towers with Radar,1432,379,12,0,1823,0,0,5,0,5,1432,379,17,0,1828,0,0,0,1828
07/31/2021,DEN,CO,ANM,WE,Towers with Radar,1364,338,10,0,1712,0,0,0,0,0,1364,338,10,0,1712,0,0,0,1712
08/01/2021,DEN,CO,ANM,WE,Towers with Radar,1451,378,19,0,1848,0,0,0,0,0,1451,378,19,0,1848,0,0,0,1848
08/02/2021,DEN,CO,ANM,WE,Towers with Radar,1499,386,10,0,1895,0,1,0,1,2,1499,387,10,1,1897,0,0,0,1897
08/03/2021,DEN,CO,ANM,WE,Towers with Radar,1476,369,11,0,1856,0,0,0,1,1,1476,369,11,1,1857,0,0,0,1857
08/04/2021,DEN,CO,ANM,WE,Towers with Radar,1509,409,16,0,1934,0,0,2,0,2,1509,409,18,0,1936,0,0,0,1936
08/05/2021,DEN,CO,ANM,WE,Towers with Radar,1548,411,12,0,1971,0,3,1,0,4,1548,414,13,0,1975,0,0,0,1975
08/06/2021,DEN,CO,ANM,WE,Towers with Radar,1458,384,11,0,1853,0,1,3,0,4,1458,385,14,0,1857,0,0,0,1857
08/07/2021,DEN,CO,ANM,WE,Towers with Radar,1385,343,3,0,1731,0,1,1,0,2,1385,344,4,0,1733,0,0,0,1733
08/08/2021,DEN,CO,ANM,WE,Towers with Radar,1485,355,10,0,1850,0,1,0,0,1,1485,356,10,0,1851,0,0,0,1851
08/09/2021,DEN,CO,ANM,WE,Towers with Radar,1514,374,13,0,1901,0,0,0,0,0,1514,374,13,0,1901,0,0,0,1901
08/10/2021,DEN,CO,ANM,WE,Towers with Radar,1545,376,9,0,1930,0,0,2,0,2,1545,376,11,0,1932,0,0,0,1932
08/11/2021,DEN,CO,ANM,WE,Towers with Radar,1491,412,6,0,1909,0,0,4,0,4,1491,412,10,0,1913,0,0,0,1913
08/12/2021,DEN,CO,ANM,WE,Towers with Radar,1535,417,7,0,1959,0,0,1,0,1,1535,417,8,0,1960,0,0,0,1960
08/13/2021,DEN,CO,ANM,WE,Towers with Radar,1510,415,6,0,1931,0,1,0,0,1,1510,416,6,0,1932,0,0,0,1932
08/14/2021,DEN,CO,ANM,WE,Towers with Radar,1379,360,7,0,1746,0,0,4,2,6,1379,360,11,2,1752,0,0,0,1752
08/15/2021,DEN,CO,ANM,WE,Towers with Radar,1423,360,7,0,1790,0,0,4,0,4,1423,360,11,0,1794,0,0,0,1794
08/16/2021,DEN,CO,ANM,WE,Towers with Radar,1529,404,12,4,1949,0,0,17,0,17,1529,404,29,4,1966,0,0,0,1966
08/17/2021,DEN,CO,ANM,WE,Towers with Radar,1504,384,6,0,1894,0,0,0,0,0,1504,384,6,0,1894,0,0,0,1894
08/18/2021,DEN,CO,ANM,WE,Towers with Radar,1475,390,4,1,1870,0,0,0,0,0,1475,390,4,1,1870,0,0,0,1870
08/19/2021,DEN,CO,ANM,WE,Towers with Radar,1419,364,11,1,1795,0,1,0,0,1,1419,365,11,1,1796,0,0,0,1796
08/20/2021,DEN,CO,ANM,WE,Towers with Radar,1516,398,7,0,1921,0,0,0,0,0,1516,398,7,0,1921,0,0,0,1921
08/21/2021,DEN,CO,ANM,WE,Towers with Radar,1348,340,9,0,1697,0,1,0,0,1,1348,341,9,0,1698,0,0,0,1698
08/22/2021,DEN,CO,ANM,WE,Towers with Radar,1506,379,8,0,1893,0,0,0,0,0,1506,379,8,0,1893,0,0,0,1893
08/23/2021,DEN,CO,ANM,WE,Towers with Radar,1540,392,4,0,1936,0,1,10,0,11,1540,393,14,0,1947,0,0,0,1947
08/24/2021,DEN,CO,ANM,WE,Towers with Radar,1494,372,5,0,1871,0,0,1,0,1,1494,372,6,0,1872,0,0,0,1872
08/25/2021,DEN,CO,ANM,WE,Towers with Radar,1476,404,6,0,1886,0,3,1,0,4,1476,407,7,0,1890,0,0,0,1890
08/26/2021,DEN,CO,ANM,WE,Towers with Radar,1528,409,7,0,1944,0,0,0,2,2,1528,409,7,2,1946,0,0,0,1946
08/27/2021,DEN,CO,ANM,WE,Towers with Radar,1540,411,9,0,1960,0,2,2,2,6,1540,413,11,2,1966,0,0,0,1966
08/28/2021,DEN,CO,ANM,WE,Towers with Radar,1371,351,6,0,1728,0,2,2,0,4,1371,353,8,0,1732,0,0,0,1732
08/29/2021,DEN,CO,ANM,WE,Towers with Radar,1469,369,8,1,1847,0,0,0,0,0,1469,369,8,1,1847,0,0,0,1847
08/30/2021,DEN,CO,ANM,WE,Towers with Radar,1507,394,4,3,1908,0,0,2,0,2,1507,394,6,3,1910,0,0,0,1910
08/31/2021,DEN,CO,ANM,WE,Towers with Radar,1491,384,7,0,1882,0,1,0,0,1,1491,385,7,0,1883,0,0,0,1883
09/01/2021,DEN,CO,ANM,WE,Towers with Radar,1498,415,7,0,1920,0,0,2,0,2,1498,415,9,0,1922,0,0,0,1922
09/02/2021,DEN,CO,ANM,WE,Towers with Radar,1525,411,9,0,1945,0,0,0,0,0,1525,411,9,0,1945,0,0,0,1945
09/03/2021,DEN,CO,ANM,WE,Towers with Radar,1413,361,12,1,1787,0,0,4,0,4,1413,361,16,1,1791,0,0,0,1791
09/04/2021,DEN,CO,ANM,WE,Towers with Radar,1350,350,10,0,1710,0,0,0,0,0,1350,350,10,0,1710,0,0,0,1710
09/05/2021,DEN,CO,ANM,WE,Towers with Radar,1432,360,7,0,1799,0,0,0,0,0,1432,360,7,0,1799,0,0,0,1799
09/06/2021,DEN,CO,ANM,WE,Towers with Radar,1511,362,6,0,1879,0,0,2,0,2,1511,362,8,0,1881,0,0,0,1881
09/07/2021,DEN,CO,ANM,WE,Towers with Radar,1427,370,7,0,1804,0,1,0,2,3,1427,371,7,2,1807,0,0,0,1807
09/08/2021,DEN,CO,ANM,WE,Towers with Radar,1459,389,14,0,1862,0,0,0,0,0,1459,389,14,0,1862,0,0,0,1862
09/09/2021,DEN,CO,ANM,WE,Towers with Radar,1544,402,7,2,1955,0,1,5,0,6,1544,403,12,2,1961,0,0,0,1961
09/10/2021,DEN,CO,ANM,WE,Towers with Radar,1512,381,10,0,1903,0,0,4,0,4,1512,381,14,0,1907,0,0,0,1907
09/11/2021,DEN,CO,ANM,WE,Towers with Radar,1312,329,7,1,1649,0,0,0,0,0,1312,329,7,1,1649,0,0,0,1649
09/12/2021,DEN,CO,ANM,WE,Towers with Radar,1471,342,10,2,1825,0,0,5,0,5,1471,342,15,2,1830,0,0,0,1830
09/13/2021,DEN,CO,ANM,WE,Towers with Radar,1495,363,7,2,1867,0,0,2,3,5,1495,363,9,5,1872,0,0,0,1872
09/14/2021,DEN,CO,ANM,WE,Towers with Radar,1428,366,8,4,1806,0,0,5,0,5,1428,366,13,4,1811,0,0,0,1811
09/15/2021,DEN,CO,ANM,WE,Towers with Radar,1447,385,5,4,1841,0,0,0,0,0,1447,385,5,4,1841,0,0,0,1841
09/16/2021,DEN,CO,ANM,WE,Towers with Radar,1573,410,8,0,1991,0,0,0,2,2,1573,410,8,2,1993,0,0,0,1993
09/17/2021,DEN,CO,ANM,WE,Towers with Radar,1503,371,9,0,1883,0,0,0,0,0,1503,371,9,0,1883,0,0,0,1883
09/18/2021,DEN,CO,ANM,WE,Towers with Radar,1326,311,3,0,1640,0,0,0,0,0,1326,311,3,0,1640,0,0,0,1640
09/19/2021,DEN,CO,ANM,WE,Towers with Radar,1491,325,14,0,1830,0,0,0,0,0,1491,325,14,0,1830,0,0,0,1830
09/20/2021,DEN,CO,ANM,WE,Towers with Radar,1497,373,8,0,1878,0,0,0,0,0,1497,373,8,0,1878,0,0,0,1878
09/21/2021,DEN,CO,ANM,WE,Towers with Radar,1441,348,14,2,1805,0,1,1,0,2,1441,349,15,2,1807,0,0,0,1807
09/22/2021,DEN,CO,ANM,WE,Towers with Radar,1447,387,9,0,1843,0,1,2,0,3,1447,388,11,0,1846,0,0,0,1846
09/23/2021,DEN,CO,ANM,WE,Towers with Radar,1537,386,10,0,1933,0,1,0,0,1,1537,387,10,0,1934,0,0,0,1934
09/24/2021,DEN,CO,ANM,WE,Towers with Radar,1505,387,14,0,1906,0,1,0,0,1,1505,388,14,0,1907,0,0,0,1907
09/25/2021,DEN,CO,ANM,WE,Towers with Radar,1318,326,5,0,1649,0,0,2,0,2,1318,326,7,0,1651,0,0,0,1651
09/26/2021,DEN,CO,ANM,WE,Towers with Radar,1483,343,12,0,1838,0,0,3,2,5,1483,343,15,2,1843,0,0,0,1843
09/27/2021,DEN,CO,ANM,WE,Towers with Radar,1507,361,2,0,1870,0,0,0,0,0,1507,361,2,0,1870,0,0,0,1870
09/28/2021,DEN,CO,ANM,WE,Towers with Radar,1412,339,8,0,1759,0,0,0,2,2,1412,339,8,2,1761,0,0,0,1761
09/29/2021,DEN,CO,ANM,WE,Towers with Radar,1423,364,4,0,1791,0,0,0,0,0,1423,364,4,0,1791,0,0,0,1791
09/30/2021,DEN,CO,ANM,WE,Towers with Radar,1532,393,16,0,1941,0,0,2,0,2,1532,393,18,0,1943,0,0,0,1943
10/01/2021,DEN,CO,ANM,WE,Towers with Radar,1456,349,14,0,1819,0,0,0,0,0,1456,349,14,0,1819,0,0,0,1819
10/02/2021,DEN,CO,ANM,WE,Towers with Radar,1319,307,8,0,1634,0,2,0,0,2,1319,309,8,0,1636,0,0,0,1636
10/03/2021,DEN,CO,ANM,WE,Towers with Radar,1477,336,10,0,1823,0,0,0,0,0,1477,336,10,0,1823,0,0,0,1823
10/04/2021,DEN,CO,ANM,WE,Towers with Radar,1491,359,5,0,1855,0,1,35,0,36,1491,360,40,0,1891,0,0,0,1891
10/05/2021,DEN,CO,ANM,WE,Towers with Radar,1389,313,13,0,1715,0,0,9,0,9,1389,313,22,0,1724,0,0,0,1724
10/06/2021,DEN,CO,ANM,WE,Towers with Radar,1387,329,7,0,1723,0,0,2,0,2,1387,329,9,0,1725,0,0,0,1725
10/07/2021,DEN,CO,ANM,WE,Towers with Radar,1460,353,8,0,1821,0,1,0,0,1,1460,354,8,0,1822,0,0,0,1822
10/08/2021,DEN,CO,ANM,WE,Towers with Radar,1432,349,8,0,1789,0,0,0,0,0,1432,349,8,0,1789,0,0,0,1789
10/09/2021,DEN,CO,ANM,WE,Towers with Radar,1207,284,7,0,1498,0,0,0,0,0,1207,284,7,0,1498,0,0,0,1498
10/10/2021,DEN,CO,ANM,WE,Towers with Radar,1239,308,15,0,1562,0,0,1,0,1,1239,308,16,0,1563,0,0,0,1563
10/11/2021,DEN,CO,ANM,WE,Towers with Radar,1380,321,12,0,1713,0,0,0,0,0,1380,321,12,0,1713,0,0,0,1713
10/12/2021,DEN,CO,ANM,WE,Towers with Radar,1379,290,3,0,1672,0,1,0,0,1,1379,291,3,0,1673,0,0,0,1673
10/13/2021,DEN,CO,ANM,WE,Towers with Radar,1357,338,4,0,1699,0,0,0,0,0,1357,338,4,0,1699,0,0,0,1699
10/14/2021,DEN,CO,ANM,WE,Towers with Radar,1436,348,8,1,1793,0,0,1,0,1,1436,348,9,1,1794,0,0,0,1794
10/15/2021,DEN,CO,ANM,WE,Towers with Radar,1453,339,6,1,1799,0,0,1,0,1,1453,339,7,1,1800,0,0,0,1800
10/16/2021,DEN,CO,ANM,WE,Towers with Radar,1314,291,3,2,1610,0,0,2,0,2,1314,291,5,2,1612,0,0,0,1612
10/17/2021,DEN,CO,ANM,WE,Towers with Radar,1431,299,10,0,1740,0,0,0,0,0,1431,299,10,0,1740,0,0,0,1740
10/18/2021,DEN,CO,ANM,WE,Towers with Radar,1421,332,7,0,1760,0,0,2,0,2,1421,332,9,0,1762,0,0,0,1762
10/19/2021,DEN,CO,ANM,WE,Towers with Radar,1384,306,5,0,1695,0,0,1,0,1,1384,306,6,0,1696,0,0,0,1696
10/20/2021,DEN,CO,ANM,WE,Towers with Radar,1381,345,10,0,1736,0,0,1,0,1,1381,345,11,0,1737,0,0,0,1737
10/21/2021,DEN,CO,ANM,WE,Towers with Radar,1392,270,4,0,1666,0,1,0,0,1,1392,271,4,0,1667,0,0,0,1667
10/22/2021,DEN,CO,ANM,WE,Towers with Radar,1392,293,8,0,1693,0,0,0,0,0,1392,293,8,0,1693,0,0,0,1693
10/23/2021,DEN,CO,ANM,WE,Towers with Radar,1285,273,4,0,1562,0,1,2,0,3,1285,274,6,0,1565,0,0,0,1565
10/24/2021,DEN,CO,ANM,WE,Towers with Radar,1414,295,5,0,1714,0,0,1,0,1,1414,295,6,0,1715,0,0,0,1715
10/25/2021,DEN,CO,ANM,WE,Towers with Radar,1418,311,3,0,1732,0,0,0,0,0,1418,311,3,0,1732,0,0,0,1732
10/26/2021,DEN,CO,ANM,WE,Towers with Radar,1387,306,7,0,1700,0,1,3,0,4,1387,307,10,0,1704,0,0,0,1704
10/27/2021,DEN,CO,ANM,WE,Towers with Radar,1375,337,6,0,1718,0,0,0,0,0,1375,337,6,0,1718,0,0,0,1718
10/28/2021,DEN,CO,ANM,WE,Towers with Radar,1427,335,4,0,1766,0,1,0,0,1,1427,336,4,0,1767,0,0,0,1767
10/29/2021,DEN,CO,ANM,WE,Towers with Radar,1430,359,7,0,1796,0,0,0,0,0,1430,359,7,0,1796,0,0,0,1796
10/30/2021,DEN,CO,ANM,WE,Towers with Radar,1260,270,1,0,1531,0,0,0,0,0,1260,270,1,0,1531,0,0,0,1531
10/31/2021,DEN,CO,ANM,WE,Towers with Radar,1307,321,7,0,1635,0,0,0,0,0,1307,321,7,0,1635,0,0,0,1635
11/01/2021,DEN,CO,ANM,WE,Towers with Radar,1392,354,17,0,1763,0,0,0,0,0,1392,354,17,0,1763,0,0,0,1763
11/02/2021,DEN,CO,ANM,WE,Towers with Radar,1325,322,5,0,1652,0,0,0,0,0,1325,322,5,0,1652,0,0,0,1652
11/03/2021,DEN,CO,ANM,WE,Towers with Radar,1303,367,14,0,1684,0,1,0,0,1,1303,368,14,0,1685,0,0,0,1685
11/04/2021,DEN,CO,ANM,WE,Towers with Radar,1440,382,5,0,1827,0,0,2,0,2,1440,382,7,0,1829,0,0,0,1829
11/05/2021,DEN,CO,ANM,WE,Towers with Radar,1414,385,11,1,1811,0,2,3,0,5,1414,387,14,1,1816,0,0,0,1816
11/06/2021,DEN,CO,ANM,WE,Towers with Radar,1277,300,3,0,1580,0,0,1,0,1,1277,300,4,0,1581,0,0,0,1581
11/07/2021,DEN,CO,ANM,WE,Towers with Radar,1330,328,5,0,1663,0,0,0,0,0,1330,328,5,0,1663,0,0,0,1663
11/08/2021,DEN,CO,ANM,WE,Towers with Radar,1363,350,10,0,1723,0,0,0,0,0,1363,350,10,0,1723,0,0,0,1723
11/09/2021,DEN,CO,ANM,WE,Towers with Radar,1270,312,9,0,1591,0,1,2,0,3,1270,313,11,0,1594,0,0,0,1594
11/10/2021,DEN,CO,ANM,WE,Towers with Radar,1241,367,4,0,1612,0,0,0,0,0,1241,367,4,0,1612,0,0,0,1612
11/11/2021,DEN,CO,ANM,WE,Towers with Radar,1382,375,4,0,1761,0,2,0,0,2,1382,377,4,0,1763,0,0,0,1763
11/12/2021,DEN,CO,ANM,WE,Towers with Radar,1389,376,7,0,1772,0,0,2,0,2,1389,376,9,0,1774,0,0,0,1774
11/13/2021,DEN,CO,ANM,WE,Towers with Radar,1206,318,6,0,1530,0,0,1,0,1,1206,318,7,0,1531,0,0,0,1531
11/14/2021,DEN,CO,ANM,WE,Towers with Radar,1342,337,3,0,1682,0,0,0,0,0,1342,337,3,0,1682,0,0,0,1682
11/15/2021,DEN,CO,ANM,WE,Towers with Radar,1367,354,6,0,1727,0,2,0,0,2,1367,356,6,0,1729,0,0,0,1729
11/16/2021,DEN,CO,ANM,WE,Towers with Radar,1268,338,9,0,1615,1,1,0,0,2,1269,339,9,0,1617,0,0,0,1617
11/17/2021,DEN,CO,ANM,WE,Towers with Radar,1257,368,6,0,1631,0,3,3,0,6,1257,371,9,0,1637,0,0,0,1637
11/18/2021,DEN,CO,ANM,WE,Towers with Radar,1380,378,10,0,1768,0,0,0,0,0,1380,378,10,0,1768,0,0,0,1768
11/19/2021,DEN,CO,ANM,WE,Towers with Radar,1409,385,9,0,1803,0,2,2,0,4,1409,387,11,0,1807,0,0,0,1807
11/20/2021,DEN,CO,ANM,WE,Towers with Radar,1321,303,7,2,1633,0,0,0,0,0,1321,303,7,2,1633,0,0,0,1633
11/21/2021,DEN,CO,ANM,WE,Towers with Radar,1346,331,9,3,1689,0,0,1,0,1,1346,331,10,3,1690,0,0,0,1690
11/22/2021,DEN,CO,ANM,WE,Towers with Radar,1367,349,6,1,1723,0,2,0,0,2,1367,351,6,1,1725,0,0,0,1725
11/23/2021,DEN,CO,ANM,WE,Towers with Radar,1440,380,2,0,1822,0,2,0,0,2,1440,382,2,0,1824,0,0,0,1824
11/24/2021,DEN,CO,ANM,WE,Towers with Radar,1453,391,10,1,1855,0,2,0,0,2,1453,393,10,1,1857,0,0,0,1857
11/25/2021,DEN,CO,ANM,WE,Towers with Radar,936,175,1,0,1112,0,0,0,0,0,936,175,1,0,1112,0,0,0,1112
11/26/2021,DEN,CO,ANM,WE,Towers with Radar,1191,334,4,1,1530,0,0,1,0,1,1191,334,5,1,1531,0,0,0,1531
11/27/2021,DEN,CO,ANM,WE,Towers with Radar,1370,336,6,0,1712,0,0,0,0,0,1370,336,6,0,1712,0,0,0,1712
11/28/2021,DEN,CO,ANM,WE,Towers with Radar,1474,345,10,0,1829,0,0,2,0,2,1474,345,12,0,1831,0,0,0,1831
11/29/2021,DEN,CO,ANM,WE,Towers with Radar,1436,359,9,0,1804,0,1,1,0,2,1436,360,10,0,1806,0,0,0,1806
11/30/2021,DEN,CO,ANM,WE,Towers with Radar,1342,333,11,0,1686,0,4,0,0,4,1342,337,11,0,1690,0,0,0,1690
12/01/2021,DEN,CO,ANM,WE,Towers with Radar,1258,360,4,2,1624,0,3,2,0,5,1258,363,6,2,1629,0,0,0,1629
12/02/2021,DEN,CO,ANM,WE,Towers with Radar,1352,371,13,0,1736,0,2,3,0,5,1352,373,16,0,1741,0,0,0,1741
12/03/2021,DEN,CO,ANM,WE,Towers with Radar,1334,366,8,0,1708,0,1,0,0,1,1334,367,8,0,1709,0,0,0,1709
12/04/2021,DEN,CO,ANM,WE,Towers with Radar,1196,272,2,0,1470,0,1,2,0,3,1196,273,4,0,1473,0,0,0,1473
12/05/2021,DEN,CO,ANM,WE,Towers with Radar,1311,297,4,0,1612,0,0,2,0,2,1311,297,6,0,1614,0,0,0,1614
12/06/2021,DEN,CO,ANM,WE,Towers with Radar,1295,319,10,0,1624,0,2,0,0,2,1295,321,10,0,1626,0,0,0,1626
12/07/2021,DEN,CO,ANM,WE,Towers with Radar,1249,312,3,0,1564,0,3,0,0,3,1249,315,3,0,1567,0,0,0,1567
12/08/2021,DEN,CO,ANM,WE,Towers with Radar,1248,337,6,0,1591,0,4,0,0,4,1248,341,6,0,1595,0,0,0,1595
12/09/2021,DEN,CO,ANM,WE,Towers with Radar,1336,343,7,0,1686,0,0,1,0,1,1336,343,8,0,1687,0,0,0,1687
12/10/2021,DEN,CO,ANM,WE,Towers with Radar,1293,334,8,0,1635,0,0,0,0,0,1293,334,8,0,1635,0,0,0,1635
12/11/2021,DEN,CO,ANM,WE,Towers with Radar,1220,283,2,0,1505,0,2,2,0,4,1220,285,4,0,1509,0,0,0,1509
12/12/2021,DEN,CO,ANM,WE,Towers with Radar,1311,289,1,0,1601,0,0,0,0,0,1311,289,1,0,1601,0,0,0,1601
12/13/2021,DEN,CO,ANM,WE,Towers with Radar,1318,324,4,0,1646,0,1,1,0,2,1318,325,5,0,1648,0,0,0,1648
12/14/2021,DEN,CO,ANM,WE,Towers with Radar,1254,317,4,0,1575,0,3,0,0,3,1254,320,4,0,1578,0,0,0,1578
12/15/2021,DEN,CO,ANM,WE,Towers with Radar,1154,236,11,0,1401,0,2,0,0,2,1154,238,11,0,1403,0,0,0,1403
12/16/2021,DEN,CO,ANM,WE,Towers with Radar,1393,379,7,0,1779,0,2,0,0,2,1393,381,7,0,1781,0,0,0,1781
12/17/2021,DEN,CO,ANM,WE,Towers with Radar,1395,373,6,0,1774,0,1,2,0,3,1395,374,8,0,1777,0,0,0,1777
12/18/2021,DEN,CO,ANM,WE,Towers with Radar,1311,312,1,0,1624,0,0,0,0,0,1311,312,1,0,1624,0,0,0,1624
12/19/2021,DEN,CO,ANM,WE,Towers with Radar,1369,325,10,0,1704,0,0,0,0,0,1369,325,10,0,1704,0,0,0,1704
12/20/2021,DEN,CO,ANM,WE,Towers with Radar,1392,353,12,0,1757,0,0,3,0,3,1392,353,15,0,1760,0,0,0,1760
12/21/2021,DEN,CO,ANM,WE,Towers with Radar,1407,343,7,0,1757,0,2,0,0,2,1407,345,7,0,1759,0,0,0,1759
12/22/2021,DEN,CO,ANM,WE,Towers with Radar,1394,371,8,0,1773,0,2,1,0,3,1394,373,9,0,1776,0,0,0,1776
12/23/2021,DEN,CO,ANM,WE,Towers with Radar,1428,372,6,0,1806,0,2,2,0,4,1428,374,8,0,1810,0,0,0,1810
12/24/2021,DEN,CO,ANM,WE,Towers with Radar,1223,349,4,0,1576,0,1,4,0,5,1223,350,8,0,1581,0,0,0,1581
12/25/2021,DEN,CO,ANM,WE,Towers with Radar,995,257,6,0,1258,0,0,0,0,0,995,257,6,0,1258,0,0,0,1258
12/26/2021,DEN,CO,ANM,WE,Towers with Radar,1300,307,22,0,1629,0,0,4,0,4,1300,307,26,0,1633,0,0,0,1633
12/27/2021,DEN,CO,ANM,WE,Towers with Radar,1316,334,21,0,1671,0,1,3,0,4,1316,335,24,0,1675,0,0,0,1675
12/28/2021,DEN,CO,ANM,WE,Towers with Radar,1367,333,9,2,1711,0,0,0,0,0,1367,333,9,2,1711,0,0,0,1711
12/29/2021,DEN,CO,ANM,WE,Towers with Radar,1354,368,16,0,1738,0,2,1,0,3,1354,370,17,0,1741,0,0,0,1741
12/30/2021,DEN,CO,ANM,WE,Towers with Radar,1367,352,10,0,1729,0,1,1,0,2,1367,353,11,0,1731,0,0,0,1731
12/31/2021,DEN,CO,ANM,WE,Towers with Radar,1078,248,16,0,1342,0,1,0,0,1,1078,249,16,0,1343,0,0,0,1343
01/01/2022,DEN,CO,ANM,WE,Towers with Radar,1060,191,9,0,1260,0,0,0,0,0,1060,191,9,0,1260,0,0,0,1260
01/02/2022,DEN,CO,ANM,WE,Towers with Radar,1185,226,14,0,1425,3,3,6,0,12,1188,229,20,0,1437,0,0,0,1437
01/03/2022,DEN,CO,ANM,WE,Towers with Radar,1231,304,10,0,1545,0,0,3,0,3,1231,304,13,0,1548,0,0,0,1548
01/04/2022,DEN,CO,ANM,WE,Towers with Radar,1195,263,6,2,1466,0,0,0,0,0,1195,263,6,2,1466,0,0,0,1466
01/05/2022,DEN,CO,ANM,WE,Towers with Radar,1014,218,2,2,1236,0,0,1,0,1,1014,218,3,2,1237,0,0,0,1237
01/06/2022,DEN,CO,ANM,WE,Towers with Radar,1051,313,9,3,1376,0,0,0,5,5,1051,313,9,8,1381,0,0,0,1381
01/07/2022,DEN,CO,ANM,WE,Towers with Radar,1075,334,4,8,1421,0,0,0,0,0,1075,334,4,8,1421,0,0,0,1421
01/08/2022,DEN,CO,ANM,WE,Towers with Radar,978,276,4,6,1264,0,0,0,1,1,978,276,4,7,1265,0,0,0,1265
01/09/2022,DEN,CO,ANM,WE,Towers with Radar,1097,285,2,1,1385,0,2,3,0,5,1097,287,5,1,1390,0,0,0,1390
01/10/2022,DEN,CO,ANM,WE,Towers with Radar,1094,309,7,0,1410,0,0,0,0,0,1094,309,7,0,1410,0,0,0,1410
01/11/2022,DEN,CO,ANM,WE,Towers with Radar,1062,286,3,0,1351,0,0,0,1,1,1062,286,3,1,1352,0,0,0,1352
01/12/2022,DEN,CO,ANM,WE,Towers with Radar,1157,326,9,0,1492,0,0,2,0,2,1157,326,11,0,1494,0,0,0,1494
01/13/2022,DEN,CO,ANM,WE,Towers with Radar,1210,327,13,0,1550,0,3,0,0,3,1210,330,13,0,1553,0,0,0,1553
01/14/2022,DEN,CO,ANM,WE,Towers with Radar,1232,325,9,0,1566,0,0,0,0,0,1232,325,9,0,1566,0,0,0,1566
01/15/2022,DEN,CO,ANM,WE,Towers with Radar,1103,283,4,0,1390,0,0,0,0,0,1103,283,4,0,1390,0,0,0,1390
01/16/2022,DEN,CO,ANM,WE,Towers with Radar,1165,301,11,0,1477,0,0,2,0,2,1165,301,13,0,1479,0,0,0,1479
01/17/2022,DEN,CO,ANM,WE,Towers with Radar,1259,328,11,0,1598,0,1,2,0,3,1259,329,13,0,1601,0,0,0,1601
01/18/2022,DEN,CO,ANM,WE,Towers with Radar,1194,284,8,0,1486,0,2,2,0,4,1194,286,10,0,1490,0,0,0,1490
01/19/2022,DEN,CO,ANM,WE,Towers with Radar,1177,312,6,0,1495,0,1,0,0,1,1177,313,6,0,1496,0,0,0,1496
01/20/2022,DEN,CO,ANM,WE,Towers with Radar,1286,327,6,0,1619,0,0,0,0,0,1286,327,6,0,1619,0,0,0,1619
01/21/2022,DEN,CO,ANM,WE,Towers with Radar,1271,338,2,0,1611,0,0,0,0,0,1271,338,2,0,1611,0,0,0,1611
01/22/2022,DEN,CO,ANM,WE,Towers with Radar,1103,289,4,0,1396,0,0,2,0,2,1103,289,6,0,1398,0,0,0,1398
01/23/2022,DEN,CO,ANM,WE,Towers with Radar,1288,300,6,0,1594,0,0,0,0,0,1288,300,6,0,1594,0,0,0,1594
01/24/2022,DEN,CO,ANM,WE,Towers with Radar,1281,327,3,0,1611,0,0,0,0,0,1281,327,3,0,1611,0,0,0,1611
01/25/2022,DEN,CO,ANM,WE,Towers with Radar,1153,242,0,0,1395,0,0,0,0,0,1153,242,0,0,1395,0,0,0,1395
01/26/2022,DEN,CO,ANM,WE,Towers with Radar,1215,341,2,2,1560,0,1,2,0,3,1215,342,4,2,1563,0,0,0,1563
01/27/2022,DEN,CO,ANM,WE,Towers with Radar,1238,310,7,0,1555,0,1,0,0,1,1238,311,7,0,1556,0,0,0,1556
01/28/2022,DEN,CO,ANM,WE,Towers with Radar,1271,343,0,0,1614,0,0,0,0,0,1271,343,0,0,1614,0,0,0,1614
01/29/2022,DEN,CO,ANM,WE,Towers with Radar,1072,292,2,0,1366,0,0,0,0,0,1072,292,2,0,1366,0,0,0,1366
01/30/2022,DEN,CO,ANM,WE,Towers with Radar,1259,319,9,0,1587,0,0,2,0,2,1259,319,11,0,1589,0,0,0,1589
01/31/2022,DEN,CO,ANM,WE,Towers with Radar,1312,332,12,0,1656,0,1,4,0,5,1312,333,16,0,1661,0,0,0,1661
02/01/2022,DEN,CO,ANM,WE,Towers with Radar,1177,302,10,0,1489,0,0,0,0,0,1177,302,10,0,1489,0,0,0,1489
02/02/2022,DEN,CO,ANM,WE,Towers with Radar,1097,276,12,0,1385,0,0,0,0,0,1097,276,12,0,1385,0,0,0,1385
02/03/2022,DEN,CO,ANM,WE,Towers with Radar,1086,327,17,0,1430,0,0,0,0,0,1086,327,17,0,1430,0,0,0,1430
02/04/2022,DEN,CO,ANM,WE,Towers with Radar,1217,363,7,0,1587,0,1,2,0,3,1217,364,9,0,1590,0,0,0,1590
02/05/2022,DEN,CO,ANM,WE,Towers with Radar,1103,299,6,0,1408,0,0,5,0,5,1103,299,11,0,1413,0,0,0,1413
02/06/2022,DEN,CO,ANM,WE,Towers with Radar,1266,312,5,0,1583,0,0,0,0,0,1266,312,5,0,1583,0,0,0,1583
02/07/2022,DEN,CO,ANM,WE,Towers with Radar,1271,324,6,0,1601,0,3,2,0,5,1271,327,8,0,1606,0,0,0,1606
02/08/2022,DEN,CO,ANM,WE,Towers with Radar,1230,304,8,0,1542,0,1,0,0,1,1230,305,8,0,1543,0,0,0,1543
02/09/2022,DEN,CO,ANM,WE,Towers with Radar,1223,349,8,0,1580,0,0,0,0,0,1223,349,8,0,1580,0,0,0,1580
02/10/2022,DEN,CO,ANM,WE,Towers with Radar,1305,348,0,0,1653,0,2,2,0,4,1305,350,2,0,1657,0,0,0,1657
02/11/2022,DEN,CO,ANM,WE,Towers with Radar,1265,318,2,1,1586,0,0,2,0,2,1265,318,4,1,1588,0,0,0,1588
02/12/2022,DEN,CO,ANM,WE,Towers with Radar,1187,295,9,1,1492,0,0,1,0,1,1187,295,10,1,1493,0,0,0,1493
02/13/2022,DEN,CO,ANM,WE,Towers with Radar,1327,301,6,0,1634,0,0,6,0,6,1327,301,12,0,1640,0,0,0,1640
02/14/2022,DEN,CO,ANM,WE,Towers with Radar,1333,314,9,0,1656,0,0,14,0,14,1333,314,23,0,1670,0,0,0,1670
02/15/2022,DEN,CO,ANM,WE,Towers with Radar,1312,298,3,0,1613,0,2,0,0,2,1312,300,3,0,1615,0,0,0,1615
02/16/2022,DEN,CO,ANM,WE,Towers with Radar,1253,276,3,0,1532,0,0,3,0,3,1253,276,6,0,1535,0,0,0,1535
02/17/2022,DEN,CO,ANM,WE,Towers with Radar,1294,354,11,0,1659,0,1,3,0,4,1294,355,14,0,1663,0,0,0,1663
02/18/2022,DEN,CO,ANM,WE,Towers with Radar,1362,346,5,0,1713,0,0,2,0,2,1362,346,7,0,1715,0,0,0,1715
02/19/2022,DEN,CO,ANM,WE,Towers with Radar,1213,298,6,0,1517,0,0,2,0,2,1213,298,8,0,1519,0,0,0,1519
02/20/2022,DEN,CO,ANM,WE,Towers with Radar,1330,318,4,0,1652,0,2,0,0,2,1330,320,4,0,1654,0,0,0,1654
02/21/2022,DEN,CO,ANM,WE,Towers with Radar,1317,320,18,0,1655,0,0,1,0,1,1317,320,19,0,1656,0,0,0,1656
02/22/2022,DEN,CO,ANM,WE,Towers with Radar,1253,257,5,0,1515,0,0,0,0,0,1253,257,5,0,1515,0,0,0,1515
02/23/2022,DEN,CO,ANM,WE,Towers with Radar,1200,265,1,0,1466,0,0,0,0,0,1200,265,1,0,1466,0,0,0,1466
02/24/2022,DEN,CO,ANM,WE,Towers with Radar,1296,334,1,0,1631,0,1,0,0,1,1296,335,1,0,1632,0,0,0,1632
02/25/2022,DEN,CO,ANM,WE,Towers with Radar,1375,339,6,0,1720,0,1,5,0,6,1375,340,11,0,1726,0,0,0,1726
02/26/2022,DEN,CO,ANM,WE,Towers with Radar,1228,292,5,0,1525,0,1,1,0,2,1228,293,6,0,1527,0,0,0,1527
02/27/2022,DEN,CO,ANM,WE,Towers with Radar,1335,315,5,0,1655,0,0,2,0,2,1335,315,7,0,1657,0,0,0,1657
02/28/2022,DEN,CO,ANM,WE,Towers with Radar,1360,324,5,0,1689,0,0,1,0,1,1360,324,6,0,1690,0,0,0,1690
03/01/2022,DEN,CO,ANM,WE,Towers with Radar,1339,311,3,0,1653,0,1,1,0,2,1339,312,4,0,1655,0,0,0,1655
03/02/2022,DEN,CO,ANM,WE,Towers with Radar,1322,349,5,0,1676,0,1,1,0,2,1322,350,6,0,1678,0,0,0,1678
03/03/2022,DEN,CO,ANM,WE,Towers with Radar,1357,354,3,0,1714,0,1,0,0,1,1357,355,3,0,1715,0,0,0,1715
03/04/2022,DEN,CO,ANM,WE,Towers with Radar,1317,339,6,0,1662,0,0,1,0,1,1317,339,7,0,1663,0,0,0,1663
03/05/2022,DEN,CO,ANM,WE,Towers with Radar,1184,258,5,0,1447,0,1,2,0,3,1184,259,7,0,1450,0,0,0,1450
03/06/2022,DEN,CO,ANM,WE,Towers with Radar,1237,288,9,0,1534,0,0,0,0,0,1237,288,9,0,1534,0,0,0,1534
03/07/2022,DEN,CO,ANM,WE,Towers with Radar,1304,314,4,0,1622,0,0,0,0,0,1304,314,4,0,1622,0,0,0,1622
03/08/2022,DEN,CO,ANM,WE,Towers with Radar,1267,287,11,0,1565,0,4,3,0,7,1267,291,14,0,1572,0,0,0,1572
03/09/2022,DEN,CO,ANM,WE,Towers with Radar,1182,245,5,0,1432,0,0,0,0,0,1182,245,5,0,1432,0,0,0,1432
03/10/2022,DEN,CO,ANM,WE,Towers with Radar,1322,313,7,0,1642,0,0,0,0,0,1322,313,7,0,1642,0,0,0,1642
03/11/2022,DEN,CO,ANM,WE,Towers with Radar,1355,317,11,2,1685,0,0,1,0,1,1355,317,12,2,1686,0,0,0,1686
03/12/2022,DEN,CO,ANM,WE,Towers with Radar,1206,279,13,0,1498,0,2,1,0,3,1206,281,14,0,1501,0,0,0,1501
03/13/2022,DEN,CO,ANM,WE,Towers with Radar,1288,291,7,0,1586,0,1,1,0,2,1288,292,8,0,1588,0,0,0,1588
03/14/2022,DEN,CO,ANM,WE,Towers with Radar,1336,311,8,0,1655,0,2,5,0,7,1336,313,13,0,1662,0,0,0,1662
03/15/2022,DEN,CO,ANM,WE,Towers with Radar,1305,287,9,0,1601,0,2,9,0,11,1305,289,18,0,1612,0,0,0,1612
03/16/2022,DEN,CO,ANM,WE,Towers with Radar,1279,323,13,1,1616,0,0,0,0,0,1279,323,13,1,1616,0,0,0,1616
03/17/2022,DEN,CO,ANM,WE,Towers with Radar,1285,269,20,0,1574,0,0,0,0,0,1285,269,20,0,1574,0,0,0,1574
03/18/2022,DEN,CO,ANM,WE,Towers with Radar,1342,312,16,1,1671,0,2,3,0,5,1342,314,19,1,1676,0,0,0,1676
03/19/2022,DEN,CO,ANM,WE,Towers with Radar,1246,259,12,0,1517,0,4,2,0,6,1246,263,14,0,1523,0,0,0,1523
03/20/2022,DEN,CO,ANM,WE,Towers with Radar,1348,275,7,0,1630,0,1,1,0,2,1348,276,8,0,1632,0,0,0,1632
03/21/2022,DEN,CO,ANM,WE,Towers with Radar,1288,276,9,1,1574,0,0,0,0,0,1288,276,9,1,1574,0,0,0,1574
03/22/2022,DEN,CO,ANM,WE,Towers with Radar,1307,283,4,0,1594,0,0,1,0,1,1307,283,5,0,1595,0,0,0,1595
03/23/2022,DEN,CO,ANM,WE,Towers with Radar,1284,320,4,0,1608,0,0,0,0,0,1284,320,4,0,1608,0,0,0,1608
03/24/2022,DEN,CO,ANM,WE,Towers with Radar,1347,319,13,0,1679,0,0,4,0,4,1347,319,17,0,1683,0,0,0,1683
03/25/2022,DEN,CO,ANM,WE,Towers with Radar,1360,320,6,2,1688,0,1,1,0,2,1360,321,7,2,1690,0,0,0,1690
03/26/2022,DEN,CO,ANM,WE,Towers with Radar,1257,268,9,2,1536,0,2,0,0,2,1257,270,9,2,1538,0,0,0,1538
03/27/2022,DEN,CO,ANM,WE,Towers with Radar,1337,280,12,0,1629,0,5,0,0,5,1337,285,12,0,1634,0,0,0,1634
03/28/2022,DEN,CO,ANM,WE,Towers with Radar,1319,310,4,0,1633,0,2,0,0,2,1319,312,4,0,1635,0,0,0,1635
03/29/2022,DEN,CO,ANM,WE,Towers with Radar,1340,294,5,0,1639,0,0,0,0,0,1340,294,5,0,1639,0,0,0,1639
03/30/2022,DEN,CO,ANM,WE,Towers with Radar,1303,317,4,0,1624,0,0,0,0,0,1303,317,4,0,1624,0,0,0,1624
03/31/2022,DEN,CO,ANM,WE,Towers with Radar,1331,317,4,0,1652,0,0,1,0,1,1331,317,5,0,1653,0,0,0,1653
04/01/2022,DEN,CO,ANM,WE,Towers with Radar,1352,326,12,0,1690,0,0,0,0,0,1352,326,12,0,1690,0,0,0,1690
04/02/2022,DEN,CO,ANM,WE,Towers with Radar,1175,258,7,0,1440,0,0,0,0,0,1175,258,7,0,1440,0,0,0,1440
04/03/2022,DEN,CO,ANM,WE,Towers with Radar,1301,264,8,0,1573,0,0,2,0,2,1301,264,10,0,1575,0,0,0,1575
04/04/2022,DEN,CO,ANM,WE,Towers with Radar,1317,295,3,0,1615,0,0,0,0,0,1317,295,3,0,1615,0,0,0,1615
04/05/2022,DEN,CO,ANM,WE,Towers with Radar,1320,282,2,2,1606,0,0,2,0,2,1320,282,4,2,1608,0,0,0,1608
04/06/2022,DEN,CO,ANM,WE,Towers with Radar,1331,311,9,1,1652,0,0,0,0,0,1331,311,9,1,1652,0,0,0,1652
04/07/2022,DEN,CO,ANM,WE,Towers with Radar,1363,306,6,1,1676,0,0,3,0,3,1363,306,9,1,1679,0,0,0,1679
04/08/2022,DEN,CO,ANM,WE,Towers with Radar,1370,308,7,2,1687,0,0,4,0,4,1370,308,11,2,1691,0,0,0,1691
04/09/2022,DEN,CO,ANM,WE,Towers with Radar,1219,258,10,0,1487,0,0,0,0,0,1219,258,10,0,1487,0,0,0,1487
04/10/2022,DEN,CO,ANM,WE,Towers with Radar,1344,244,11,0,1599,0,0,0,0,0,1344,244,11,0,1599,0,0,0,1599
04/11/2022,DEN,CO,ANM,WE,Towers with Radar,1344,290,11,2,1647,0,0,2,0,2,1344,290,13,2,1649,0,0,0,1649
04/12/2022,DEN,CO,ANM,WE,Towers with Radar,1319,258,12,0,1589,0,0,0,0,0,1319,258,12,0,1589,0,0,0,1589
04/13/2022,DEN,CO,ANM,WE,Towers with Radar,1316,292,4,0,1612,0,0,0,0,0,1316,292,4,0,1612,0,0,0,1612
04/14/2022,DEN,CO,ANM,WE,Towers with Radar,1381,288,13,0,1682,0,1,0,0,1,1381,289,13,0,1683,0,0,0,1683
04/15/2022,DEN,CO,ANM,WE,Towers with Radar,1364,296,5,0,1665,0,0,0,0,0,1364,296,5,0,1665,0,0,0,1665
04/16/2022,DEN,CO,ANM,WE,Towers with Radar,1229,253,3,0,1485,0,0,0,0,0,1229,253,3,0,1485,0,0,0,1485
04/17/2022,DEN,CO,ANM,WE,Towers with Radar,1331,257,8,0,1596,0,0,0,0,0,1331,257,8,0,1596,0,0,0,1596
04/18/2022,DEN,CO,ANM,WE,Towers with Radar,1343,290,8,0,1641,0,1,2,0,3,1343,291,10,0,1644,0,0,0,1644
04/19/2022,DEN,CO,ANM,WE,Towers with Radar,1336,282,2,0,1620,0,0,2,0,2,1336,282,4,0,1622,0,0,0,1622
04/20/2022,DEN,CO,ANM,WE,Towers with Radar,1332,316,4,0,1652,0,3,2,0,5,1332,319,6,0,1657,0,0,0,1657
04/21/2022,DEN,CO,ANM,WE,Towers with Radar,1379,314,12,0,1705,0,0,3,0,3,1379,314,15,0,1708,0,0,0,1708
04/22/2022,DEN,CO,ANM,WE,Towers with Radar,1366,300,14,4,1684,0,0,2,0,2,1366,300,16,4,1686,0,0,0,1686
04/23/2022,DEN,CO,ANM,WE,Towers with Radar,1221,244,8,0,1473,0,0,0,0,0,1221,244,8,0,1473,0,0,0,1473
04/24/2022,DEN,CO,ANM,WE,Towers with Radar,1328,250,5,0,1583,0,1,1,0,2,1328,251,6,0,1585,0,0,0,1585
04/25/2022,DEN,CO,ANM,WE,Towers with Radar,1335,299,4,1,1639,0,1,0,0,1,1335,300,4,1,1640,0,0,0,1640
04/26/2022,DEN,CO,ANM,WE,Towers with Radar,1325,277,6,1,1609,0,0,3,0,3,1325,277,9,1,1612,0,0,0,1612
04/27/2022,DEN,CO,ANM,WE,Towers with Radar,1377,306,8,0,1691,0,0,0,0,0,1377,306,8,0,1691,0,0,0,1691
04/28/2022,DEN,CO,ANM,WE,Towers with Radar,1402,297,11,0,1710,0,0,0,0,0,1402,297,11,0,1710,0,0,0,1710
04/29/2022,DEN,CO,ANM,WE,Towers with Radar,1370,313,12,0,1695,0,0,0,0,0,1370,313,12,0,1695,0,0,0,1695
04/30/2022,DEN,CO,ANM,WE,Towers with Radar,1216,266,3,0,1485,0,0,0,0,0,1216,266,3,0,1485,0,0,0,1485
05/01/2022,DEN,CO,ANM,WE,Towers with Radar,1341,268,7,0,1616,0,0,2,0,2,1341,268,9,0,1618,0,0,0,1618
05/02/2022,DEN,CO,ANM,WE,Towers with Radar,1359,297,9,0,1665,0,0,0,0,0,1359,297,9,0,1665,0,0,0,1665
05/03/2022,DEN,CO,ANM,WE,Towers with Radar,1349,283,8,0,1640,0,1,0,0,1,1349,284,8,0,1641,0,0,0,1641
05/04/2022,DEN,CO,ANM,WE,Towers with Radar,1352,317,4,0,1673,0,0,0,0,0,1352,317,4,0,1673,0,0,0,1673
05/05/2022,DEN,CO,ANM,WE,Towers with Radar,1359,299,9,0,1667,0,0,0,0,0,1359,299,9,0,1667,0,0,0,1667
05/06/2022,DEN,CO,ANM,WE,Towers with Radar,1440,288,5,0,1733,0,0,2,0,2,1440,288,7,0,1735,0,0,0,1735
05/07/2022,DEN,CO,ANM,WE,Towers with Radar,1282,239,2,0,1523,0,0,0,0,0,1282,239,2,0,1523,0,0,0,1523
05/08/2022,DEN,CO,ANM,WE,Towers with Radar,1385,257,4,0,1646,0,0,2,0,2,1385,257,6,0,1648,0,0,0,1648
05/09/2022,DEN,CO,ANM,WE,Towers with Radar,1433,277,12,0,1722,0,0,0,0,0,1433,277,12,0,1722,0,0,0,1722
05/10/2022,DEN,CO,ANM,WE,Towers with Radar,1425,249,5,0,1679,0,0,0,0,0,1425,249,5,0,1679,0,0,0,1679
05/11/2022,DEN,CO,ANM,WE,Towers with Radar,1411,294,7,0,1712,0,1,3,0,4,1411,295,10,0,1716,0,0,0,1716
05/12/2022,DEN,CO,ANM,WE,Towers with Radar,1484,307,11,0,1802,0,0,0,0,0,1484,307,11,0,1802,0,0,0,1802
05/13/2022,DEN,CO,ANM,WE,Towers with Radar,1429,284,4,0,1717,0,0,2,0,2,1429,284,6,0,1719,0,0,0,1719
05/14/2022,DEN,CO,ANM,WE,Towers with Radar,1245,225,5,0,1475,0,0,0,0,0,1245,225,5,0,1475,0,0,0,1475
05/15/2022,DEN,CO,ANM,WE,Towers with Radar,1380,253,10,0,1643,0,0,0,0,0,1380,253,10,0,1643,0,0,0,1643
05/16/2022,DEN,CO,ANM,WE,Towers with Radar,1424,290,7,0,1721,0,0,3,0,3,1424,290,10,0,1724,0,0,0,1724
05/17/2022,DEN,CO,ANM,WE,Towers with Radar,1404,255,6,0,1665,0,0,0,0,0,1404,255,6,0,1665,0,0,0,1665
05/18/2022,DEN,CO,ANM,WE,Towers with Radar,1399,294,7,0,1700,0,0,6,0,6,1399,294,13,0,1706,0,0,0,1706
05/19/2022,DEN,CO,ANM,WE,Towers with Radar,1455,290,12,0,1757,0,0,0,0,0,1455,290,12,0,1757,0,0,0,1757
05/20/2022,DEN,CO,ANM,WE,Towers with Radar,1262,234,10,0,1506,0,0,0,0,0,1262,234,10,0,1506,0,0,0,1506
05/21/2022,DEN,CO,ANM,WE,Towers with Radar,1221,245,5,0,1471,0,0,1,0,1,1221,245,6,0,1472,0,0,0,1472
05/22/2022,DEN,CO,ANM,WE,Towers with Radar,1373,254,4,0,1631,0,0,0,0,0,1373,254,4,0,1631,0,0,0,1631
05/23/2022,DEN,CO,ANM,WE,Towers with Radar,1414,285,10,0,1709,0,0,1,0,1,1414,285,11,0,1710,0,0,0,1710
05/24/2022,DEN,CO,ANM,WE,Towers with Radar,1403,252,5,0,1660,0,0,0,0,0,1403,252,5,0,1660,0,0,0,1660
05/25/2022,DEN,CO,ANM,WE,Towers with Radar,1395,297,5,0,1697,0,0,0,0,0,1395,297,5,0,1697,0,0,0,1697
05/26/2022,DEN,CO,ANM,WE,Towers with Radar,1435,295,12,0,1742,0,0,0,0,0,1435,295,12,0,1742,0,0,0,1742
05/27/2022,DEN,CO,ANM,WE,Towers with Radar,1452,307,3,0,1762,0,3,0,0,3,1452,310,3,0,1765,0,0,0,1765
05/28/2022,DEN,CO,ANM,WE,Towers with Radar,1306,246,4,0,1556,0,3,1,0,4,1306,249,5,0,1560,0,0,0,1560
05/29/2022,DEN,CO,ANM,WE,Towers with Radar,1341,233,4,0,1578,0,0,3,0,3,1341,233,7,0,1581,0,0,0,1581
05/30/2022,DEN,CO,ANM,WE,Towers with Radar,1380,258,7,0,1645,0,0,0,0,0,1380,258,7,0,1645,0,0,0,1645
05/31/2022,DEN,CO,ANM,WE,Towers with Radar,1388,267,12,0,1667,0,0,0,0,0,1388,267,12,0,1667,0,0,0,1667
06/01/2022,DEN,CO,ANM,WE,Towers with Radar,1383,300,10,0,1693,0,0,2,0,2,1383,300,12,0,1695,0,0,0,1695
06/02/2022,DEN,CO,ANM,WE,Towers with Radar,1418,293,25,0,1736,0,0,0,0,0,1418,293,25,0,1736,0,0,0,1736
06/03/2022,DEN,CO,ANM,WE,Towers with Radar,1495,309,14,0,1818,0,0,0,0,0,1495,309,14,0,1818,0,0,0,1818
06/04/2022,DEN,CO,ANM,WE,Towers with Radar,1307,289,9,0,1605,0,0,2,0,2,1307,289,11,0,1607,0,0,0,1607
06/05/2022,DEN,CO,ANM,WE,Towers with Radar,1476,297,15,0,1788,0,0,0,0,0,1476,297,15,0,1788,0,0,0,1788
06/06/2022,DEN,CO,ANM,WE,Towers with Radar,1478,298,24,0,1800,0,0,0,0,0,1478,298,24,0,1800,0,0,0,1800
06/07/2022,DEN,CO,ANM,WE,Towers with Radar,1511,268,10,0,1789,0,2,0,0,2,1511,270,10,0,1791,0,0,0,1791
06/08/2022,DEN,CO,ANM,WE,Towers with Radar,1478,313,13,0,1804,0,3,0,0,3,1478,316,13,0,1807,0,0,0,1807
06/09/2022,DEN,CO,ANM,WE,Towers with Radar,1533,317,5,0,1855,0,3,2,0,5,1533,320,7,0,1860,0,0,0,1860
06/10/2022,DEN,CO,ANM,WE,Towers with Radar,1546,317,6,0,1869,0,0,0,0,0,1546,317,6,0,1869,0,0,0,1869
06/11/2022,DEN,CO,ANM,WE,Towers with Radar,1414,287,5,0,1706,0,0,0,0,0,1414,287,5,0,1706,0,0,0,1706
06/12/2022,DEN,CO,ANM,WE,Towers with Radar,1508,274,8,0,1790,0,0,0,2,2,1508,274,8,2,1792,0,0,0,1792
06/13/2022,DEN,CO,ANM,WE,Towers with Radar,1543,308,9,0,1860,0,1,3,0,4,1543,309,12,0,1864,0,0,0,1864
06/14/2022,DEN,CO,ANM,WE,Towers with Radar,1544,279,10,0,1833,0,1,1,0,2,1544,280,11,0,1835,0,0,0,1835
06/15/2022,DEN,CO,ANM,WE,Towers with Radar,1533,320,15,0,1868,0,0,6,0,6,1533,320,21,0,1874,0,0,0,1874
06/16/2022,DEN,CO,ANM,WE,Towers with Radar,1514,314,19,0,1847,0,0,1,0,1,1514,314,20,0,1848,0,0,0,1848
06/17/2022,DEN,CO,ANM,WE,Towers with Radar,1536,315,9,0,1860,0,0,1,0,1,1536,315,10,0,1861,0,0,0,1861
06/18/2022,DEN,CO,ANM,WE,Towers with Radar,1410,271,9,0,1690,0,0,6,0,6,1410,271,15,0,1696,0,0,0,1696
06/19/2022,DEN,CO,ANM,WE,Towers with Radar,1484,283,10,0,1777,0,0,0,0,0,1484,283,10,0,1777,0,0,0,1777
06/20/2022,DEN,CO,ANM,WE,Towers with Radar,1544,302,14,0,1860,0,0,1,0,1,1544,302,15,0,1861,0,0,0,1861
06/21/2022,DEN,CO,ANM,WE,Towers with Radar,1524,270,5,1,1800,0,0,2,2,4,1524,270,7,3,1804,0,0,0,1804
06/22/2022,DEN,CO,ANM,WE,Towers with Radar,1503,317,10,0,1830,0,0,2,0,2,1503,317,12,0,1832,0,0,0,1832
06/23/2022,DEN,CO,ANM,WE,Towers with Radar,1513,312,5,0,1830,0,4,4,0,8,1513,316,9,0,1838,0,0,0,1838
06/24/2022,DEN,CO,ANM,WE,Towers with Radar,1503,313,16,0,1832,0,7,1,0,8,1503,320,17,0,1840,0,0,0,1840
06/25/2022,DEN,CO,ANM,WE,Towers with Radar,1412,253,8,0,1673,0,0,2,0,2,1412,253,10,0,1675,0,0,0,1675
06/26/2022,DEN,CO,ANM,WE,Towers with Radar,1484,275,13,0,1772,0,0,0,0,0,1484,275,13,0,1772,0,0,0,1772
06/27/2022,DEN,CO,ANM,WE,Towers with Radar,1514,287,9,2,1812,0,0,1,0,1,1514,287,10,2,1813,0,0,0,1813
06/28/2022,DEN,CO,ANM,WE,Towers with Radar,1504,260,7,0,1771,0,0,0,0,0,1504,260,7,0,1771,0,0,0,1771
06/29/2022,DEN,CO,ANM,WE,Towers with Radar,1517,294,5,0,1816,0,0,5,0,5,1517,294,10,0,1821,0,0,0,1821
06/30/2022,DEN,CO,ANM,WE,Towers with Radar,1561,296,17,0,1874,0,0,1,0,1,1561,296,18,0,1875,0,0,0,1875
07/01/2022,DEN,CO,ANM,WE,Towers with Radar,1530,305,12,0,1847,0,1,2,0,3,1530,306,14,0,1850,0,0,0,1850
07/02/2022,DEN,CO,ANM,WE,Towers with Radar,1406,252,7,0,1665,0,0,0,0,0,1406,252,7,0,1665,0,0,0,1665
07/03/2022,DEN,CO,ANM,WE,Towers with Radar,1475,251,7,1,1734,0,0,0,0,0,1475,251,7,1,1734,0,0,0,1734
07/04/2022,DEN,CO,ANM,WE,Towers with Radar,1490,267,5,0,1762,0,1,0,0,1,1490,268,5,0,1763,0,0,0,1763
07/05/2022,DEN,CO,ANM,WE,Towers with Radar,1464,271,9,0,1744,0,0,0,0,0,1464,271,9,0,1744,0,0,0,1744
07/06/2022,DEN,CO,ANM,WE,Towers with Radar,1502,286,15,0,1803,0,0,0,0,0,1502,286,15,0,1803,0,0,0,1803
07/07/2022,DEN,CO,ANM,WE,Towers with Radar,1556,294,6,0,1856,0,0,0,0,0,1556,294,6,0,1856,0,0,0,1856
07/08/2022,DEN,CO,ANM,WE,Towers with Radar,1530,311,7,0,1848,0,0,0,0,0,1530,311,7,0,1848,0,0,0,1848
07/09/2022,DEN,CO,ANM,WE,Towers with Radar,1434,258,6,0,1698,0,0,0,0,0,1434,258,6,0,1698,0,0,0,1698
07/10/2022,DEN,CO,ANM,WE,Towers with Radar,1516,268,5,0,1789,0,1,0,0,1,1516,269,5,0,1790,0,0,0,1790
07/11/2022,DEN,CO,ANM,WE,Towers with Radar,1559,294,7,0,1860,0,0,1,0,1,1559,294,8,0,1861,0,0,0,1861
07/12/2022,DEN,CO,ANM,WE,Towers with Radar,1550,272,9,0,1831,0,0,1,0,1,1550,272,10,0,1832,0,0,0,1832
07/13/2022,DEN,CO,ANM,WE,Towers with Radar,1549,291,17,0,1857,0,0,3,0,3,1549,291,20,0,1860,0,0,0,1860
07/14/2022,DEN,CO,ANM,WE,Towers with Radar,1570,301,13,0,1884,0,0,1,0,1,1570,301,14,0,1885,0,0,0,1885
07/15/2022,DEN,CO,ANM,WE,Towers with Radar,1507,279,14,0,1800,0,0,0,0,0,1507,279,14,0,1800,0,0,0,1800
07/16/2022,DEN,CO,ANM,WE,Towers with Radar,1438,266,9,0,1713,0,0,0,0,0,1438,266,9,0,1713,0,0,0,1713
07/17/2022,DEN,CO,ANM,WE,Towers with Radar,1552,257,7,0,1816,0,0,0,0,0,1552,257,7,0,1816,0,0,0,1816
07/18/2022,DEN,CO,ANM,WE,Towers with Radar,1523,274,12,0,1809,0,0,0,0,0,1523,274,12,0,1809,0,0,0,1809
07/19/2022,DEN,CO,ANM,WE,Towers with Radar,1533,276,15,0,1824,0,0,1,0,1,1533,276,16,0,1825,0,0,0,1825
07/20/2022,DEN,CO,ANM,WE,Towers with Radar,1524,276,10,0,1810,0,0,0,0,0,1524,276,10,0,1810,0,0,0,1810
07/21/2022,DEN,CO,ANM,WE,Towers with Radar,1566,304,9,0,1879,0,0,0,0,0,1566,304,9,0,1879,0,0,0,1879
07/22/2022,DEN,CO,ANM,WE,Towers with Radar,1556,306,17,2,1881,0,0,2,0,2,1556,306,19,2,1883,0,0,0,1883
07/23/2022,DEN,CO,ANM,WE,Towers with Radar,1340,224,10,0,1574,0,1,0,0,1,1340,225,10,0,1575,0,0,0,1575
07/24/2022,DEN,CO,ANM,WE,Towers with Radar,1380,232,18,0,1630,0,1,2,0,3,1380,233,20,0,1633,0,0,0,1633
07/25/2022,DEN,CO,ANM,WE,Towers with Radar,1531,283,13,0,1827,0,0,1,0,1,1531,283,14,0,1828,0,0,0,1828
07/26/2022,DEN,CO,ANM,WE,Towers with Radar,1535,301,12,0,1848,0,0,0,0,0,1535,301,12,0,1848,0,0,0,1848
07/27/2022,DEN,CO,ANM,WE,Towers with Radar,1532,287,16,0,1835,0,0,3,0,3,1532,287,19,0,1838,0,0,0,1838
07/28/2022,DEN,CO,ANM,WE,Towers with Radar,1524,257,7,0,1788,0,0,0,0,0,1524,257,7,0,1788,0,0,0,1788
07/29/2022,DEN,CO,ANM,WE,Towers with Radar,1549,299,7,0,1855,0,0,0,0,0,1549,299,7,0,1855,0,0,0,1855
07/30/2022,DEN,CO,ANM,WE,Towers with Radar,1448,266,7,0,1721,0,0,3,0,3,1448,266,10,0,1724,0,0,0,1724
07/31/2022,DEN,CO,ANM,WE,Towers with Radar,1519,275,12,0,1806,0,0,2,0,2,1519,275,14,0,1808,0,0,0,1808
08/01/2022,DEN,CO,ANM,WE,Towers with Radar,1537,300,9,0,1846,0,2,0,0,2,1537,302,9,0,1848,0,0,0,1848
08/02/2022,DEN,CO,ANM,WE,Towers with Radar,1518,274,6,0,1798,0,0,0,0,0,1518,274,6,0,1798,0,0,0,1798
08/03/2022,DEN,CO,ANM,WE,Towers with Radar,1509,292,12,0,1813,0,1,3,0,4,1509,293,15,0,1817,0,0,0,1817
08/04/2022,DEN,CO,ANM,WE,Towers with Radar,1522,304,7,0,1833,0,0,4,0,4,1522,304,11,0,1837,0,0,0,1837
08/05/2022,DEN,CO,ANM,WE,Towers with Radar,1487,311,8,0,1806,0,7,0,0,7,1487,318,8,0,1813,0,0,0,1813
08/06/2022,DEN,CO,ANM,WE,Towers with Radar,1420,271,6,0,1697,0,0,2,0,2,1420,271,8,0,1699,0,0,0,1699
08/07/2022,DEN,CO,ANM,WE,Towers with Radar,1428,249,13,0,1690,0,0,3,0,3,1428,249,16,0,1693,0,0,0,1693
08/08/2022,DEN,CO,ANM,WE,Towers with Radar,1534,284,10,0,1828,0,0,3,0,3,1534,284,13,0,1831,0,0,0,1831
08/09/2022,DEN,CO,ANM,WE,Towers with Radar,1521,271,7,0,1799,0,1,6,0,7,1521,272,13,0,1806,0,0,0,1806
08/10/2022,DEN,CO,ANM,WE,Towers with Radar,1486,297,9,0,1792,0,0,1,0,1,1486,297,10,0,1793,0,0,0,1793
08/11/2022,DEN,CO,ANM,WE,Towers with Radar,1553,304,9,0,1866,0,0,1,0,1,1553,304,10,0,1867,0,0,0,1867
08/12/2022,DEN,CO,ANM,WE,Towers with Radar,1555,314,6,0,1875,0,0,2,0,2,1555,314,8,0,1877,0,0,0,1877
08/13/2022,DEN,CO,ANM,WE,Towers with Radar,1431,272,7,0,1710,0,0,5,0,5,1431,272,12,0,1715,0,0,0,1715
08/14/2022,DEN,CO,ANM,WE,Towers with Radar,1456,240,3,2,1701,0,0,1,0,1,1456,240,4,2,1702,0,0,0,1702
08/15/2022,DEN,CO,ANM,WE,Towers with Radar,1469,267,7,0,1743,0,0,4,0,4,1469,267,11,0,1747,0,0,0,1747
08/16/2022,DEN,CO,ANM,WE,Towers with Radar,1534,285,7,0,1826,0,0,4,0,4,1534,285,11,0,1830,0,0,0,1830
08/17/2022,DEN,CO,ANM,WE,Towers with Radar,1520,293,14,0,1827,0,0,2,0,2,1520,293,16,0,1829,0,0,0,1829
08/18/2022,DEN,CO,ANM,WE,Towers with Radar,1546,305,4,0,1855,0,1,4,0,5,1546,306,8,0,1860,0,0,0,1860
08/19/2022,DEN,CO,ANM,WE,Towers with Radar,1548,304,9,0,1861,0,0,2,0,2,1548,304,11,0,1863,0,0,0,1863
08/20/2022,DEN,CO,ANM,WE,Towers with Radar,1419,259,6,0,1684,0,0,1,0,1,1419,259,7,0,1685,0,0,0,1685
08/21/2022,DEN,CO,ANM,WE,Towers with Radar,1423,258,12,0,1693,0,0,3,0,3,1423,258,15,0,1696,0,0,0,1696
08/22/2022,DEN,CO,ANM,WE,Towers with Radar,1510,284,14,0,1808,0,0,2,0,2,1510,284,16,0,1810,0,0,0,1810
08/23/2022,DEN,CO,ANM,WE,Towers with Radar,1519,273,6,0,1798,0,3,2,0,5,1519,276,8,0,1803,0,0,0,1803
08/24/2022,DEN,CO,ANM,WE,Towers with Radar,1516,291,2,0,1809,0,0,0,0,0,1516,291,2,0,1809,0,0,0,1809
08/25/2022,DEN,CO,ANM,WE,Towers with Radar,1545,301,6,0,1852,0,1,2,0,3,1545,302,8,0,1855,0,0,0,1855
08/26/2022,DEN,CO,ANM,WE,Towers with Radar,1535,304,3,0,1842,0,0,3,0,3,1535,304,6,0,1845,0,0,0,1845
08/27/2022,DEN,CO,ANM,WE,Towers with Radar,1431,263,3,0,1697,0,0,3,0,3,1431,263,6,0,1700,0,0,0,1700
08/28/2022,DEN,CO,ANM,WE,Towers with Radar,1492,265,7,0,1764,0,0,0,0,0,1492,265,7,0,1764,0,0,0,1764
08/29/2022,DEN,CO,ANM,WE,Towers with Radar,1501,287,8,0,1796,0,3,0,0,3,1501,290,8,0,1799,0,0,0,1799
08/30/2022,DEN,CO,ANM,WE,Towers with Radar,1528,268,4,0,1800,0,0,2,0,2,1528,268,6,0,1802,0,0,0,1802
08/31/2022,DEN,CO,ANM,WE,Towers with Radar,1515,303,10,0,1828,0,0,0,0,0,1515,303,10,0,1828,0,0,0,1828
09/01/2022,DEN,CO,ANM,WE,Towers with Radar,1537,308,22,0,1867,0,0,0,0,0,1537,308,22,0,1867,0,0,0,1867
09/02/2022,DEN,CO,ANM,WE,Towers with Radar,1454,295,10,0,1759,0,0,0,0,0,1454,295,10,0,1759,0,0,0,1759
09/03/2022,DEN,CO,ANM,WE,Towers with Radar,1486,257,15,2,1760,0,2,0,0,2,1486,259,15,2,1762,0,0,0,1762
09/04/2022,DEN,CO,ANM,WE,Towers with Radar,1457,283,4,0,1744,0,0,0,0,0,1457,283,4,0,1744,0,0,0,1744
09/05/2022,DEN,CO,ANM,WE,Towers with Radar,1483,272,12,0,1767,0,0,0,0,0,1483,272,12,0,1767,0,0,0,1767
09/06/2022,DEN,CO,ANM,WE,Towers with Radar,1512,268,8,0,1788,0,1,0,0,1,1512,269,8,0,1789,0,0,0,1789
09/07/2022,DEN,CO,ANM,WE,Towers with Radar,1511,283,9,0,1803,0,2,2,0,4,1511,285,11,0,1807,0,0,0,1807
09/08/2022,DEN,CO,ANM,WE,Towers with Radar,1569,299,15,0,1883,0,0,4,0,4,1569,299,19,0,1887,0,0,0,1887
09/09/2022,DEN,CO,ANM,WE,Towers with Radar,1550,301,6,0,1857,0,1,0,0,1,1550,302,6,0,1858,0,0,0,1858
09/10/2022,DEN,CO,ANM,WE,Towers with Radar,1398,265,8,0,1671,0,0,0,0,0,1398,265,8,0,1671,0,0,0,1671
09/11/2022,DEN,CO,ANM,WE,Towers with Radar,1484,267,8,0,1759,0,0,1,0,1,1484,267,9,0,1760,0,0,0,1760
09/12/2022,DEN,CO,ANM,WE,Towers with Radar,1548,280,14,0,1842,0,3,18,0,21,1548,283,32,0,1863,0,0,0,1863
09/13/2022,DEN,CO,ANM,WE,Towers with Radar,1541,261,3,0,1805,0,2,9,0,11,1541,263,12,0,1816,0,0,0,1816
09/14/2022,DEN,CO,ANM,WE,Towers with Radar,1520,280,20,0,1820,0,0,20,0,20,1520,280,40,0,1840,0,0,0,1840
09/15/2022,DEN,CO,ANM,WE,Towers with Radar,1574,312,10,0,1896,0,0,2,1,3,1574,312,12,1,1899,0,0,0,1899
09/16/2022,DEN,CO,ANM,WE,Towers with Radar,1566,298,6,0,1870,0,0,0,0,0,1566,298,6,0,1870,0,0,0,1870
09/17/2022,DEN,CO,ANM,WE,Towers with Radar,1382,271,3,0,1656,0,0,0,0,0,1382,271,3,0,1656,0,0,0,1656
09/18/2022,DEN,CO,ANM,WE,Towers with Radar,1470,272,4,0,1746,0,2,1,0,3,1470,274,5,0,1749,0,0,0,1749
09/19/2022,DEN,CO,ANM,WE,Towers with Radar,1565,303,17,2,1887,0,5,3,0,8,1565,308,20,2,1895,0,0,0,1895
09/20/2022,DEN,CO,ANM,WE,Towers with Radar,1536,271,4,0,1811,0,1,3,0,4,1536,272,7,0,1815,0,0,0,1815
09/21/2022,DEN,CO,ANM,WE,Towers with Radar,1526,296,5,0,1827,0,0,0,0,0,1526,296,5,0,1827,0,0,0,1827
09/22/2022,DEN,CO,ANM,WE,Towers with Radar,1570,298,16,2,1886,0,0,0,0,0,1570,298,16,2,1886,0,0,0,1886
09/23/2022,DEN,CO,ANM,WE,Towers with Radar,1567,303,8,0,1878,0,2,0,0,2,1567,305,8,0,1880,0,0,0,1880
09/24/2022,DEN,CO,ANM,WE,Towers with Radar,1396,264,6,0,1666,0,0,2,0,2,1396,264,8,0,1668,0,0,0,1668
09/25/2022,DEN,CO,ANM,WE,Towers with Radar,1492,264,8,1,1765,0,2,3,0,5,1492,266,11,1,1770,0,0,0,1770
09/26/2022,DEN,CO,ANM,WE,Towers with Radar,1567,289,5,1,1862,0,1,1,0,2,1567,290,6,1,1864,0,0,0,1864
09/27/2022,DEN,CO,ANM,WE,Towers with Radar,1536,270,10,0,1816,0,0,0,0,0,1536,270,10,0,1816,0,0,0,1816
09/28/2022,DEN,CO,ANM,WE,Towers with Radar,1471,294,6,0,1771,0,2,0,2,4,1471,296,6,2,1775,0,0,0,1775
09/29/2022,DEN,CO,ANM,WE,Towers with Radar,1530,304,22,0,1856,0,0,0,0,0,1530,304,22,0,1856,0,0,0,1856
09/30/2022,DEN,CO,ANM,WE,Towers with Radar,1552,279,16,0,1847,0,0,0,0,0,1552,279,16,0,1847,0,0,0,1847
10/01/2022,DEN,CO,ANM,WE,Towers with Radar,1338,225,7,0,1570,0,0,0,0,0,1338,225,7,0,1570,0,0,0,1570
10/02/2022,DEN,CO,ANM,WE,Towers with Radar,1490,231,10,0,1731,0,0,0,0,0,1490,231,10,0,1731,0,0,0,1731
10/03/2022,DEN,CO,ANM,WE,Towers with Radar,1562,255,15,0,1832,0,0,0,0,0,1562,255,15,0,1832,0,0,0,1832
10/04/2022,DEN,CO,ANM,WE,Towers with Radar,1532,224,5,0,1761,0,0,2,0,2,1532,224,7,0,1763,0,0,0,1763
10/05/2022,DEN,CO,ANM,WE,Towers with Radar,1516,263,9,0,1788,0,0,0,0,0,1516,263,9,0,1788,0,0,0,1788
10/06/2022,DEN,CO,ANM,WE,Towers with Radar,1572,262,18,0,1852,0,0,3,0,3,1572,262,21,0,1855,0,0,0,1855
10/07/2022,DEN,CO,ANM,WE,Towers with Radar,1560,275,9,0,1844,1,0,0,0,1,1561,275,9,0,1845,0,0,0,1845
10/08/2022,DEN,CO,ANM,WE,Towers with Radar,1409,237,8,0,1654,0,0,1,0,1,1409,237,9,0,1655,0,0,0,1655
10/09/2022,DEN,CO,ANM,WE,Towers with Radar,1479,231,2,0,1712,0,0,1,0,1,1479,231,3,0,1713,0,0,0,1713
10/10/2022,DEN,CO,ANM,WE,Towers with Radar,1543,251,12,0,1806,0,0,1,0,1,1543,251,13,0,1807,0,0,0,1807
10/11/2022,DEN,CO,ANM,WE,Towers with Radar,1551,222,12,0,1785,0,0,0,0,0,1551,222,12,0,1785,0,0,0,1785
10/12/2022,DEN,CO,ANM,WE,Towers with Radar,1538,259,9,0,1806,0,0,8,0,8,1538,259,17,0,1814,0,0,0,1814
10/13/2022,DEN,CO,ANM,WE,Towers with Radar,1572,257,7,2,1838,0,0,0,0,0,1572,257,7,2,1838,0,0,0,1838
10/14/2022,DEN,CO,ANM,WE,Towers with Radar,1569,276,10,0,1855,0,0,0,0,0,1569,276,10,0,1855,0,0,0,1855
10/15/2022,DEN,CO,ANM,WE,Towers with Radar,1395,233,6,0,1634,0,0,0,2,2,1395,233,6,2,1636,0,0,0,1636
10/16/2022,DEN,CO,ANM,WE,Towers with Radar,1462,222,4,0,1688,0,0,0,0,0,1462,222,4,0,1688,0,0,0,1688
10/17/2022,DEN,CO,ANM,WE,Towers with Radar,1549,253,5,0,1807,0,0,2,0,2,1549,253,7,0,1809,0,0,0,1809
10/18/2022,DEN,CO,ANM,WE,Towers with Radar,1538,238,4,0,1780,0,0,0,0,0,1538,238,4,0,1780,0,0,0,1780
10/19/2022,DEN,CO,ANM,WE,Towers with Radar,1528,252,7,0,1787,0,0,7,0,7,1528,252,14,0,1794,0,0,0,1794
10/20/2022,DEN,CO,ANM,WE,Towers with Radar,1570,264,4,0,1838,0,0,1,0,1,1570,264,5,0,1839,0,0,0,1839
10/21/2022,DEN,CO,ANM,WE,Towers with Radar,1567,270,8,0,1845,0,0,2,0,2,1567,270,10,0,1847,0,0,0,1847
10/22/2022,DEN,CO,ANM,WE,Towers with Radar,1406,233,5,0,1644,0,0,12,0,12,1406,233,17,0,1656,0,0,0,1656
10/23/2022,DEN,CO,ANM,WE,Towers with Radar,1452,230,11,0,1693,0,0,0,0,0,1452,230,11,0,1693,0,0,0,1693
10/24/2022,DEN,CO,ANM,WE,Towers with Radar,1536,246,4,0,1786,0,0,2,0,2,1536,246,6,0,1788,0,0,0,1788
10/25/2022,DEN,CO,ANM,WE,Towers with Radar,1539,234,4,0,1777,0,1,1,0,2,1539,235,5,0,1779,0,0,0,1779
10/26/2022,DEN,CO,ANM,WE,Towers with Radar,1533,265,11,3,1812,0,1,0,0,1,1533,266,11,3,1813,0,0,0,1813
10/27/2022,DEN,CO,ANM,WE,Towers with Radar,1565,263,4,32,1864,0,0,0,0,0,1565,263,4,32,1864,0,0,0,1864
10/28/2022,DEN,CO,ANM,WE,Towers with Radar,1549,264,4,4,1821,0,1,2,0,3,1549,265,6,4,1824,0,0,0,1824
10/29/2022,DEN,CO,ANM,WE,Towers with Radar,1394,232,6,2,1634,0,0,0,0,0,1394,232,6,2,1634,0,0,0,1634
10/30/2022,DEN,CO,ANM,WE,Towers with Radar,1419,240,5,32,1696,0,0,0,0,0,1419,240,5,32,1696,0,0,0,1696
10/31/2022,DEN,CO,ANM,WE,Towers with Radar,1464,266,4,4,1738,0,0,3,0,3,1464,266,7,4,1741,0,0,0,1741
11/01/2022,DEN,CO,ANM,WE,Towers with Radar,1494,248,10,0,1752,0,0,0,0,0,1494,248,10,0,1752,0,0,0,1752
11/02/2022,DEN,CO,ANM,WE,Towers with Radar,1499,276,3,0,1778,0,0,3,0,3,1499,276,6,0,1781,0,0,0,1781
11/03/2022,DEN,CO,ANM,WE,Towers with Radar,1451,267,10,0,1728,0,0,1,0,1,1451,267,11,0,1729,0,0,0,1729
11/04/2022,DEN,CO,ANM,WE,Towers with Radar,1529,263,4,0,1796,0,0,1,0,1,1529,263,5,0,1797,0,0,0,1797
11/05/2022,DEN,CO,ANM,WE,Towers with Radar,1339,240,4,0,1583,0,0,1,0,1,1339,240,5,0,1584,0,0,0,1584
11/06/2022,DEN,CO,ANM,WE,Towers with Radar,1469,245,2,1,1717,1,0,0,0,1,1470,245,2,1,1718,0,0,0,1718
11/07/2022,DEN,CO,ANM,WE,Towers with Radar,1456,267,12,0,1735,0,0,1,0,1,1456,267,13,0,1736,0,0,0,1736
11/08/2022,DEN,CO,ANM,WE,Towers with Radar,1449,246,9,0,1704,0,0,0,0,0,1449,246,9,0,1704,0,0,0,1704
11/09/2022,DEN,CO,ANM,WE,Towers with Radar,1425,266,11,0,1702,0,0,0,0,0,1425,266,11,0,1702,0,0,0,1702
11/10/2022,DEN,CO,ANM,WE,Towers with Radar,1448,253,5,2,1708,0,1,0,0,1,1448,254,5,2,1709,0,0,0,1709
11/11/2022,DEN,CO,ANM,WE,Towers with Radar,1483,279,13,0,1775,0,0,0,0,0,1483,279,13,0,1775,0,0,0,1775
11/12/2022,DEN,CO,ANM,WE,Towers with Radar,1348,247,3,0,1598,0,0,2,0,2,1348,247,5,0,1600,0,0,0,1600
11/13/2022,DEN,CO,ANM,WE,Towers with Radar,1450,257,6,0,1713,0,0,0,0,0,1450,257,6,0,1713,0,0,0,1713
11/14/2022,DEN,CO,ANM,WE,Towers with Radar,1464,268,4,0,1736,0,0,12,0,12,1464,268,16,0,1748,0,0,0,1748
11/15/2022,DEN,CO,ANM,WE,Towers with Radar,1436,242,7,0,1685,0,1,0,0,1,1436,243,7,0,1686,0,0,0,1686
11/16/2022,DEN,CO,ANM,WE,Towers with Radar,1441,276,8,0,1725,0,1,0,0,1,1441,277,8,0,1726,0,0,0,1726
11/17/2022,DEN,CO,ANM,WE,Towers with Radar,1445,266,8,0,1719,0,0,0,0,0,1445,266,8,0,1719,0,0,0,1719
11/18/2022,DEN,CO,ANM,WE,Towers with Radar,1503,286,16,0,1805,0,1,4,0,5,1503,287,20,0,1810,0,0,0,1810
11/19/2022,DEN,CO,ANM,WE,Towers with Radar,1391,239,3,0,1633,0,0,3,0,3,1391,239,6,0,1636,0,0,0,1636
11/20/2022,DEN,CO,ANM,WE,Towers with Radar,1520,236,10,0,1766,0,0,0,0,0,1520,236,10,0,1766,0,0,0,1766
11/21/2022,DEN,CO,ANM,WE,Towers with Radar,1510,266,9,0,1785,0,0,1,0,1,1510,266,10,0,1786,0,0,0,1786
11/22/2022,DEN,CO,ANM,WE,Towers with Radar,1544,248,4,0,1796,0,2,1,0,3,1544,250,5,0,1799,0,0,0,1799
11/23/2022,DEN,CO,ANM,WE,Towers with Radar,1523,280,15,2,1820,0,1,2,0,3,1523,281,17,2,1823,0,0,0,1823
11/24/2022,DEN,CO,ANM,WE,Towers with Radar,1000,142,3,0,1145,0,0,0,0,0,1000,142,3,0,1145,0,0,0,1145
11/25/2022,DEN,CO,ANM,WE,Towers with Radar,1404,286,7,0,1697,0,1,0,0,1,1404,287,7,0,1698,0,0,0,1698
11/26/2022,DEN,CO,ANM,WE,Towers with Radar,1426,235,5,0,1666,0,0,1,0,1,1426,235,6,0,1667,0,0,0,1667
11/27/2022,DEN,CO,ANM,WE,Towers with Radar,1550,238,16,0,1804,0,0,3,0,3,1550,238,19,0,1807,0,0,0,1807
11/28/2022,DEN,CO,ANM,WE,Towers with Radar,1527,242,5,0,1774,0,0,1,0,1,1527,242,6,0,1775,0,0,0,1775
11/29/2022,DEN,CO,ANM,WE,Towers with Radar,1461,250,7,0,1718,0,0,0,0,0,1461,250,7,0,1718,0,0,0,1718
11/30/2022,DEN,CO,ANM,WE,Towers with Radar,1428,268,3,0,1699,0,0,0,0,0,1428,268,3,0,1699,0,0,0,1699
12/01/2022,DEN,CO,ANM,WE,Towers with Radar,1459,275,13,0,1747,0,2,2,0,4,1459,277,15,0,1751,0,0,0,1751
12/02/2022,DEN,CO,ANM,WE,Towers with Radar,1476,271,6,0,1753,0,1,0,0,1,1476,272,6,0,1754,0,0,0,1754
12/03/2022,DEN,CO,ANM,WE,Towers with Radar,1341,222,4,0,1567,0,0,2,0,2,1341,222,6,0,1569,0,0,0,1569
12/04/2022,DEN,CO,ANM,WE,Towers with Radar,1473,217,8,0,1698,0,0,0,0,0,1473,217,8,0,1698,0,0,0,1698
12/05/2022,DEN,CO,ANM,WE,Towers with Radar,1476,246,1,0,1723,0,0,1,0,1,1476,246,2,0,1724,0,0,0,1724
12/06/2022,DEN,CO,ANM,WE,Towers with Radar,1448,238,8,0,1694,0,2,2,0,4,1448,240,10,0,1698,0,0,0,1698
12/07/2022,DEN,CO,ANM,WE,Towers with Radar,1465,247,6,0,1718,0,2,0,0,2,1465,249,6,0,1720,0,0,0,1720
12/08/2022,DEN,CO,ANM,WE,Towers with Radar,1488,261,3,0,1752,0,1,1,0,2,1488,262,4,0,1754,0,0,0,1754
12/09/2022,DEN,CO,ANM,WE,Towers with Radar,1482,272,9,0,1763,0,2,0,0,2,1482,274,9,0,1765,0,0,0,1765
12/10/2022,DEN,CO,ANM,WE,Towers with Radar,1356,228,4,0,1588,0,0,1,0,1,1356,228,5,0,1589,0,0,0,1589
12/11/2022,DEN,CO,ANM,WE,Towers with Radar,1481,223,5,0,1709,0,0,0,0,0,1481,223,5,0,1709,0,0,0,1709
12/12/2022,DEN,CO,ANM,WE,Towers with Radar,1468,237,4,0,1709,0,1,0,0,1,1468,238,4,0,1710,0,0,0,1710
12/13/2022,DEN,CO,ANM,WE,Towers with Radar,1352,187,4,0,1543,0,0,0,0,0,1352,187,4,0,1543,0,0,0,1543
12/14/2022,DEN,CO,ANM,WE,Towers with Radar,1479,233,5,0,1717,0,1,0,0,1,1479,234,5,0,1718,0,0,0,1718
12/15/2022,DEN,CO,ANM,WE,Towers with Radar,1543,239,12,0,1794,0,2,0,0,2,1543,241,12,0,1796,0,0,0,1796
12/16/2022,DEN,CO,ANM,WE,Towers with Radar,1583,261,8,0,1852,0,1,2,0,3,1583,262,10,0,1855,0,0,0,1855
12/17/2022,DEN,CO,ANM,WE,Towers with Radar,1454,237,12,2,1705,0,0,1,0,1,1454,237,13,2,1706,0,0,0,1706
12/18/2022,DEN,CO,ANM,WE,Towers with Radar,1542,230,5,0,1777,0,0,0,0,0,1542,230,5,0,1777,0,0,0,1777
12/19/2022,DEN,CO,ANM,WE,Towers with Radar,1574,234,4,0,1812,0,1,0,0,1,1574,235,4,0,1813,0,0,0,1813
12/20/2022,DEN,CO,ANM,WE,Towers with Radar,1563,253,10,0,1826,0,2,0,0,2,1563,255,10,0,1828,0,0,0,1828
12/21/2022,DEN,CO,ANM,WE,Towers with Radar,1361,211,6,0,1578,0,1,0,0,1,1361,212,6,0,1579,0,0,0,1579
12/22/2022,DEN,CO,ANM,WE,Towers with Radar,993,170,12,0,1175,0,2,1,0,3,993,172,13,0,1178,0,0,0,1178
12/23/2022,DEN,CO,ANM,WE,Towers with Radar,1094,204,22,0,1320,0,3,0,0,3,1094,207,22,0,1323,0,0,0,1323
12/24/2022,DEN,CO,ANM,WE,Towers with Radar,1024,222,17,0,1263,0,0,0,0,0,1024,222,17,0,1263,0,0,0,1263
12/25/2022,DEN,CO,ANM,WE,Towers with Radar,1043,200,4,0,1247,0,0,0,0,0,1043,200,4,0,1247,0,0,0,1247
12/26/2022,DEN,CO,ANM,WE,Towers with Radar,1084,240,26,0,1350,0,1,0,0,1,1084,241,26,0,1351,0,0,0,1351
12/27/2022,DEN,CO,ANM,WE,Towers with Radar,1231,256,28,0,1515,0,0,5,0,5,1231,256,33,0,1520,0,0,0,1520
12/28/2022,DEN,CO,ANM,WE,Towers with Radar,1229,214,10,0,1453,0,1,1,0,2,1229,215,11,0,1455,0,0,0,1455
12/29/2022,DEN,CO,ANM,WE,Towers with Radar,1323,260,9,0,1592,0,1,2,0,3,1323,261,11,0,1595,0,0,0,1595
12/30/2022,DEN,CO,ANM,WE,Towers with Radar,1548,268,9,2,1827,0,0,0,0,0,1548,268,9,2,1827,0,0,0,1827
12/31/2022,DEN,CO,ANM,WE,Towers with Radar,1332,219,4,0,1555,0,0,0,0,0,1332,219,4,0,1555,0,0,0,1555
01/01/2023,DEN,CO,ANM,WE,Towers with Radar,1404,222,11,0,1637,0,0,0,0,0,1404,222,11,0,1637,0,0,0,1637
01/02/2023,DEN,CO,ANM,WE,Towers with Radar,1283,103,5,0,1391,0,0,0,0,0,1283,103,5,0,1391,0,0,0,1391
01/03/2023,DEN,CO,ANM,WE,Towers with Radar,1538,208,15,1,1762,0,1,0,0,1,1538,209,15,1,1763,0,0,0,1763
01/04/2023,DEN,CO,ANM,WE,Towers with Radar,1489,245,13,1,1748,0,1,0,0,1,1489,246,13,1,1749,0,0,0,1749
01/05/2023,DEN,CO,ANM,WE,Towers with Radar,1476,230,8,0,1714,0,2,1,0,3,1476,232,9,0,1717,0,0,0,1717
01/06/2023,DEN,CO,ANM,WE,Towers with Radar,1481,236,5,0,1722,0,3,0,0,3,1481,239,5,0,1725,0,0,0,1725
01/07/2023,DEN,CO,ANM,WE,Towers with Radar,1336,218,5,0,1559,1,2,0,0,3,1337,220,5,0,1562,0,0,0,1562
01/08/2023,DEN,CO,ANM,WE,Towers with Radar,1446,203,6,0,1655,0,0,0,0,0,1446,203,6,0,1655,0,0,0,1655
01/09/2023,DEN,CO,ANM,WE,Towers with Radar,1464,217,1,0,1682,0,0,0,0,0,1464,217,1,0,1682,0,0,0,1682
01/10/2023,DEN,CO,ANM,WE,Towers with Radar,1427,204,4,0,1635,0,0,3,0,3,1427,204,7,0,1638,0,0,0,1638
01/11/2023,DEN,CO,ANM,WE,Towers with Radar,1381,237,17,0,1635,0,0,0,0,0,1381,237,17,0,1635,0,0,0,1635
01/12/2023,DEN,CO,ANM,WE,Towers with Radar,1481,244,8,0,1733,0,0,2,0,2,1481,244,10,0,1735,0,0,0,1735
01/13/2023,DEN,CO,ANM,WE,Towers with Radar,1480,247,13,0,1740,1,0,0,0,1,1481,247,13,0,1741,0,0,0,1741
01/14/2023,DEN,CO,ANM,WE,Towers with Radar,1326,215,3,0,1544,1,0,0,0,1,1327,215,3,0,1545,0,0,0,1545
01/15/2023,DEN,CO,ANM,WE,Towers with Radar,1428,193,3,0,1624,0,0,0,0,0,1428,193,3,0,1624,0,0,0,1624
01/16/2023,DEN,CO,ANM,WE,Towers with Radar,1467,224,13,0,1704,0,0,1,0,1,1467,224,14,0,1705,0,0,0,1705
01/17/2023,DEN,CO,ANM,WE,Towers with Radar,1294,183,6,0,1483,0,0,2,0,2,1294,183,8,0,1485,0,0,0,1485
01/18/2023,DEN,CO,ANM,WE,Towers with Radar,1159,127,2,0,1288,0,0,0,0,0,1159,127,2,0,1288,0,0,0,1288
01/19/2023,DEN,CO,ANM,WE,Towers with Radar,1485,231,15,0,1731,0,0,0,0,0,1485,231,15,0,1731,0,0,0,1731
01/20/2023,DEN,CO,ANM,WE,Towers with Radar,1477,238,8,0,1723,0,0,0,0,0,1477,238,8,0,1723,0,0,0,1723
01/21/2023,DEN,CO,ANM,WE,Towers with Radar,1317,200,5,0,1522,1,0,0,0,1,1318,200,5,0,1523,0,0,0,1523
01/22/2023,DEN,CO,ANM,WE,Towers with Radar,1438,207,1,0,1646,0,0,0,0,0,1438,207,1,0,1646,0,0,0,1646
01/23/2023,DEN,CO,ANM,WE,Towers with Radar,1466,227,5,2,1700,0,0,0,0,0,1466,227,5,2,1700,0,0,0,1700
01/24/2023,DEN,CO,ANM,WE,Towers with Radar,1444,203,3,0,1650,0,0,2,0,2,1444,203,5,0,1652,0,0,0,1652
01/25/2023,DEN,CO,ANM,WE,Towers with Radar,1418,234,2,0,1654,0,0,2,0,2,1418,234,4,0,1656,0,0,0,1656
01/26/2023,DEN,CO,ANM,WE,Towers with Radar,1470,244,6,2,1722,0,0,0,0,0,1470,244,6,2,1722,0,0,0,1722
01/27/2023,DEN,CO,ANM,WE,Towers with Radar,1489,249,8,0,1746,0,0,4,0,4,1489,249,12,0,1750,0,0,0,1750
01/28/2023,DEN,CO,ANM,WE,Towers with Radar,1318,177,2,0,1497,0,0,0,0,0,1318,177,2,0,1497,0,0,0,1497
01/29/2023,DEN,CO,ANM,WE,Towers with Radar,1364,174,2,0,1540,0,0,0,0,0,1364,174,2,0,1540,0,0,0,1540
01/30/2023,DEN,CO,ANM,WE,Towers with Radar,1293,192,12,0,1497,0,0,1,0,1,1293,192,13,0,1498,0,0,0,1498
01/31/2023,DEN,CO,ANM,WE,Towers with Radar,1373,214,9,0,1596,0,0,0,0,0,1373,214,9,0,1596,0,0,0,1596
02/01/2023,DEN,CO,ANM,WE,Towers with Radar,1380,232,1,0,1613,0,0,0,0,0,1380,232,1,0,1613,0,0,0,1613
02/02/2023,DEN,CO,ANM,WE,Towers with Radar,1452,232,2,0,1686,0,0,0,0,0,1452,232,2,0,1686,0,0,0,1686
02/03/2023,DEN,CO,ANM,WE,Towers with Radar,1471,246,3,0,1720,0,0,0,0,0,1471,246,3,0,1720,0,0,0,1720
02/04/2023,DEN,CO,ANM,WE,Towers with Radar,1313,202,2,0,1517,1,0,0,0,1,1314,202,2,0,1518,0,0,0,1518
02/05/2023,DEN,CO,ANM,WE,Towers with Radar,1441,203,3,0,1647,0,0,0,0,0,1441,203,3,0,1647,0,0,0,1647
02/06/2023,DEN,CO,ANM,WE,Towers with Radar,1464,223,4,0,1691,0,0,0,0,0,1464,223,4,0,1691,0,0,0,1691
02/07/2023,DEN,CO,ANM,WE,Towers with Radar,1433,204,6,0,1643,0,0,3,0,3,1433,204,9,0,1646,0,0,0,1646
02/08/2023,DEN,CO,ANM,WE,Towers with Radar,1442,229,2,0,1673,0,0,0,0,0,1442,229,2,0,1673,0,0,0,1673
02/09/2023,DEN,CO,ANM,WE,Towers with Radar,1478,246,5,0,1729,0,0,2,0,2,1478,246,7,0,1731,0,0,0,1731
02/10/2023,DEN,CO,ANM,WE,Towers with Radar,1490,260,10,0,1760,0,0,2,0,2,1490,260,12,0,1762,0,0,0,1762
02/11/2023,DEN,CO,ANM,WE,Towers with Radar,1342,232,2,0,1576,0,0,1,0,1,1342,232,3,0,1577,0,0,0,1577
02/12/2023,DEN,CO,ANM,WE,Towers with Radar,1442,222,1,0,1665,0,0,0,0,0,1442,222,1,0,1665,0,0,0,1665
02/13/2023,DEN,CO,ANM,WE,Towers with Radar,1494,242,4,0,1740,0,0,0,1,1,1494,242,4,1,1741,0,0,0,1741
02/14/2023,DEN,CO,ANM,WE,Towers with Radar,1441,230,10,0,1681,0,0,4,0,4,1441,230,14,0,1685,0,0,0,1685
02/15/2023,DEN,CO,ANM,WE,Towers with Radar,1290,175,6,0,1471,0,0,1,0,1,1290,175,7,0,1472,0,0,0,1472
02/16/2023,DEN,CO,ANM,WE,Towers with Radar,1508,268,6,0,1782,0,0,1,0,1,1508,268,7,0,1783,0,0,0,1783
02/17/2023,DEN,CO,ANM,WE,Towers with Radar,1507,269,5,0,1781,0,0,0,0,0,1507,269,5,0,1781,0,0,0,1781
02/18/2023,DEN,CO,ANM,WE,Towers with Radar,1365,236,2,0,1603,0,0,0,0,0,1365,236,2,0,1603,0,0,0,1603
02/19/2023,DEN,CO,ANM,WE,Towers with Radar,1462,220,4,0,1686,0,0,0,0,0,1462,220,4,0,1686,0,0,0,1686
02/20/2023,DEN,CO,ANM,WE,Towers with Radar,1522,247,11,0,1780,0,1,0,0,1,1522,248,11,0,1781,0,0,0,1781
02/21/2023,DEN,CO,ANM,WE,Towers with Radar,1479,219,11,0,1709,0,0,1,0,1,1479,219,12,0,1710,0,0,0,1710
02/22/2023,DEN,CO,ANM,WE,Towers with Radar,1247,180,8,0,1435,0,0,0,0,0,1247,180,8,0,1435,0,0,0,1435
02/23/2023,DEN,CO,ANM,WE,Towers with Radar,1459,250,13,0,1722,0,0,0,0,0,1459,250,13,0,1722,0,0,0,1722
02/24/2023,DEN,CO,ANM,WE,Towers with Radar,1523,261,5,0,1789,0,0,0,0,0,1523,261,5,0,1789,0,0,0,1789
02/25/2023,DEN,CO,ANM,WE,Towers with Radar,1376,233,5,2,1616,0,0,0,0,0,1376,233,5,2,1616,0,0,0,1616
02/26/2023,DEN,CO,ANM,WE,Towers with Radar,1476,225,5,0,1706,0,0,0,0,0,1476,225,5,0,1706,0,0,0,1706
02/27/2023,DEN,CO,ANM,WE,Towers with Radar,1515,244,10,0,1769,0,0,0,0,0,1515,244,10,0,1769,0,0,0,1769
02/28/2023,DEN,CO,ANM,WE,Towers with Radar,1504,223,10,0,1737,0,0,0,0,0,1504,223,10,0,1737,0,0,0,1737
03/01/2023,DEN,CO,ANM,WE,Towers with Radar,1497,249,2,0,1748,0,0,0,0,0,1497,249,2,0,1748,0,0,0,1748
03/02/2023,DEN,CO,ANM,WE,Towers with Radar,1498,261,12,0,1771,0,0,1,0,1,1498,261,13,0,1772,0,0,0,1772
03/03/2023,DEN,CO,ANM,WE,Towers with Radar,1546,248,6,0,1800,0,0,1,0,1,1546,248,7,0,1801,0,0,0,1801
03/04/2023,DEN,CO,ANM,WE,Towers with Radar,1385,238,2,0,1625,1,0,0,1,2,1386,238,2,1,1627,0,0,0,1627
03/05/2023,DEN,CO,ANM,WE,Towers with Radar,1491,225,12,7,1735,0,0,0,0,0,1491,225,12,7,1735,0,0,0,1735
03/06/2023,DEN,CO,ANM,WE,Towers with Radar,1553,241,8,15,1817,0,0,0,0,0,1553,241,8,15,1817,0,0,0,1817
03/07/2023,DEN,CO,ANM,WE,Towers with Radar,1516,229,7,7,1759,0,0,0,0,0,1516,229,7,7,1759,0,0,0,1759
03/08/2023,DEN,CO,ANM,WE,Towers with Radar,1507,253,2,11,1773,0,0,0,0,0,1507,253,2,11,1773,0,0,0,1773
03/09/2023,DEN,CO,ANM,WE,Towers with Radar,1573,262,4,0,1839,0,0,0,0,0,1573,262,4,0,1839,0,0,0,1839
03/10/2023,DEN,CO,ANM,WE,Towers with Radar,1567,241,1,0,1809,0,0,3,0,3,1567,241,4,0,1812,0,0,0,1812
03/11/2023,DEN,CO,ANM,WE,Towers with Radar,1412,220,6,0,1638,1,0,0,0,1,1413,220,6,0,1639,0,0,0,1639
03/12/2023,DEN,CO,ANM,WE,Towers with Radar,1447,226,3,2,1678,0,0,0,0,0,1447,226,3,2,1678,0,0,0,1678
03/13/2023,DEN,CO,ANM,WE,Towers with Radar,1578,246,14,0,1838,0,0,0,0,0,1578,246,14,0,1838,0,0,0,1838
03/14/2023,DEN,CO,ANM,WE,Towers with Radar,1576,234,10,0,1820,0,0,2,0,2,1576,234,12,0,1822,0,0,0,1822
03/15/2023,DEN,CO,ANM,WE,Towers with Radar,1562,235,3,0,1800,0,0,1,0,1,1562,235,4,0,1801,0,0,0,1801
03/16/2023,DEN,CO,ANM,WE,Towers with Radar,1569,236,3,0,1808,0,1,0,0,1,1569,237,3,0,1809,0,0,0,1809
03/17/2023,DEN,CO,ANM,WE,Towers with Radar,1591,255,3,0,1849,0,0,0,0,0,1591,255,3,0,1849,0,0,0,1849
03/18/2023,DEN,CO,ANM,WE,Towers with Radar,1400,234,7,0,1641,0,1,0,0,1,1400,235,7,0,1642,0,0,0,1642
03/19/2023,DEN,CO,ANM,WE,Towers with Radar,1471,233,6,0,1710,0,0,1,0,1,1471,233,7,0,1711,0,0,0,1711
03/20/2023,DEN,CO,ANM,WE,Towers with Radar,1577,246,5,0,1828,0,0,0,0,0,1577,246,5,0,1828,0,0,0,1828
03/21/2023,DEN,CO,ANM,WE,Towers with Radar,1561,220,9,0,1790,0,0,2,0,2,1561,220,11,0,1792,0,0,0,1792
03/22/2023,DEN,CO,ANM,WE,Towers with Radar,1566,235,7,0,1808,0,0,2,0,2,1566,235,9,0,1810,0,0,0,1810
03/23/2023,DEN,CO,ANM,WE,Towers with Radar,1588,249,6,0,1843,0,0,0,0,0,1588,249,6,0,1843,0,0,0,1843
03/24/2023,DEN,CO,ANM,WE,Towers with Radar,1589,262,5,0,1856,0,0,2,0,2,1589,262,7,0,1858,0,0,0,1858
03/25/2023,DEN,CO,ANM,WE,Towers with Radar,1396,217,1,0,1614,1,0,0,0,1,1397,217,1,0,1615,0,0,0,1615
03/26/2023,DEN,CO,ANM,WE,Towers with Radar,1476,226,3,2,1707,0,0,0,0,0,1476,226,3,2,1707,0,0,0,1707
03/27/2023,DEN,CO,ANM,WE,Towers with Radar,1580,243,3,0,1826,0,0,0,0,0,1580,243,3,0,1826,0,0,0,1826
03/28/2023,DEN,CO,ANM,WE,Towers with Radar,1555,229,15,0,1799,0,0,2,0,2,1555,229,17,0,1801,0,0,0,1801
03/29/2023,DEN,CO,ANM,WE,Towers with Radar,1565,250,9,0,1824,0,0,0,0,0,1565,250,9,0,1824,0,0,0,1824
03/30/2023,DEN,CO,ANM,WE,Towers with Radar,1578,252,12,2,1844,0,0,0,0,0,1578,252,12,2,1844,0,0,0,1844
03/31/2023,DEN,CO,ANM,WE,Towers with Radar,1549,256,12,2,1819,0,0,0,0,0,1549,256,12,2,1819,0,0,0,1819
04/01/2023,DEN,CO,ANM,WE,Towers with Radar,1357,241,4,0,1602,1,0,0,0,1,1358,241,4,0,1603,0,0,0,1603
04/02/2023,DEN,CO,ANM,WE,Towers with Radar,1417,242,5,1,1665,0,0,4,0,4,1417,242,9,1,1669,0,0,0,1669
04/03/2023,DEN,CO,ANM,WE,Towers with Radar,1580,242,1,4,1827,0,0,1,0,1,1580,242,2,4,1828,0,0,0,1828
04/04/2023,DEN,CO,ANM,WE,Towers with Radar,1535,221,5,0,1761,0,0,0,0,0,1535,221,5,0,1761,0,0,0,1761
04/05/2023,DEN,CO,ANM,WE,Towers with Radar,1509,238,5,0,1752,0,0,0,2,2,1509,238,5,2,1754,0,0,0,1754
04/06/2023,DEN,CO,ANM,WE,Towers with Radar,1582,254,5,1,1842,0,0,2,0,2,1582,254,7,1,1844,0,0,0,1844
04/07/2023,DEN,CO,ANM,WE,Towers with Radar,1569,263,5,0,1837,0,0,0,0,0,1569,263,5,0,1837,0,0,0,1837
04/08/2023,DEN,CO,ANM,WE,Towers with Radar,1348,226,7,0,1581,1,0,3,0,4,1349,226,10,0,1585,0,0,0,1585
04/09/2023,DEN,CO,ANM,WE,Towers with Radar,1452,228,5,0,1685,0,0,3,0,3,1452,228,8,0,1688,0,0,0,1688
04/10/2023,DEN,CO,ANM,WE,Towers with Radar,1576,256,11,0,1843,0,0,0,0,0,1576,256,11,0,1843,0,0,0,1843
04/11/2023,DEN,CO,ANM,WE,Towers with Radar,1539,235,3,1,1778,0,0,2,0,2,1539,235,5,1,1780,0,0,0,1780
04/12/2023,DEN,CO,ANM,WE,Towers with Radar,1559,254,10,2,1825,0,0,0,0,0,1559,254,10,2,1825,0,0,0,1825
04/13/2023,DEN,CO,ANM,WE,Towers with Radar,1566,257,7,0,1830,0,0,1,0,1,1566,257,8,0,1831,0,0,0,1831
04/14/2023,DEN,CO,ANM,WE,Towers with Radar,1541,260,2,0,1803,0,0,0,0,0,1541,260,2,0,1803,0,0,0,1803
04/15/2023,DEN,CO,ANM,WE,Towers with Radar,1354,229,4,1,1588,0,0,0,0,0,1354,229,4,1,1588,0,0,0,1588
04/16/2023,DEN,CO,ANM,WE,Towers with Radar,1484,222,9,0,1715,0,0,0,0,0,1484,222,9,0,1715,0,0,0,1715
04/17/2023,DEN,CO,ANM,WE,Towers with Radar,1578,246,7,0,1831,0,0,0,0,0,1578,246,7,0,1831,0,0,0,1831
04/18/2023,DEN,CO,ANM,WE,Towers with Radar,1546,227,10,0,1783,0,0,2,0,2,1546,227,12,0,1785,0,0,0,1785
04/19/2023,DEN,CO,ANM,WE,Towers with Radar,1465,205,4,1,1675,0,1,0,0,1,1465,206,4,1,1676,0,0,0,1676
04/20/2023,DEN,CO,ANM,WE,Towers with Radar,1535,246,4,4,1789,0,0,0,0,0,1535,246,4,4,1789,0,0,0,1789
04/21/2023,DEN,CO,ANM,WE,Towers with Radar,1568,265,7,0,1840,0,0,1,0,1,1568,265,8,0,1841,0,0,0,1841
04/22/2023,DEN,CO,ANM,WE,Towers with Radar,1373,234,2,0,1609,0,0,0,0,0,1373,234,2,0,1609,0,0,0,1609
04/23/2023,DEN,CO,ANM,WE,Towers with Radar,1483,242,4,0,1729,0,0,0,0,0,1483,242,4,0,1729,0,0,0,1729
04/24/2023,DEN,CO,ANM,WE,Towers with Radar,1582,250,3,0,1835,0,0,0,0,0,1582,250,3,0,1835,0,0,0,1835
04/25/2023,DEN,CO,ANM,WE,Towers with Radar,1449,200,3,0,1652,0,0,1,0,1,1449,200,4,0,1653,0,0,0,1653
04/26/2023,DEN,CO,ANM,WE,Towers with Radar,1540,244,5,0,1789,0,0,3,0,3,1540,244,8,0,1792,0,0,0,1792
04/27/2023,DEN,CO,ANM,WE,Towers with Radar,1562,248,5,1,1816,0,1,0,0,1,1562,249,5,1,1817,0,0,0,1817
04/28/2023,DEN,CO,ANM,WE,Towers with Radar,1573,268,6,1,1848,0,1,0,0,1,1573,269,6,1,1849,0,0,0,1849
04/29/2023,DEN,CO,ANM,WE,Towers with Radar,1376,234,4,0,1614,2,2,1,0,5,1378,236,5,0,1619,0,0,0,1619
04/30/2023,DEN,CO,ANM,WE,Towers with Radar,1473,224,7,0,1704,0,0,0,0,0,1473,224,7,0,1704,0,0,0,1704
05/01/2023,DEN,CO,ANM,WE,Towers with Radar,1575,233,4,0,1812,0,0,1,0,1,1575,233,5,0,1813,0,0,0,1813
05/02/2023,DEN,CO,ANM,WE,Towers with Radar,1547,226,5,0,1778,0,0,0,0,0,1547,226,5,0,1778,0,0,0,1778
05/03/2023,DEN,CO,ANM,WE,Towers with Radar,1550,250,11,0,1811,0,0,5,0,5,1550,250,16,0,1816,0,0,0,1816
05/04/2023,DEN,CO,ANM,WE,Towers with Radar,1566,245,7,0,1818,0,0,0,0,0,1566,245,7,0,1818,0,0,0,1818
05/05/2023,DEN,CO,ANM,WE,Towers with Radar,1602,234,2,0,1838,0,0,0,0,0,1602,234,2,0,1838,0,0,0,1838
05/06/2023,DEN,CO,ANM,WE,Towers with Radar,1395,213,4,0,1612,0,0,0,0,0,1395,213,4,0,1612,0,0,0,1612
05/07/2023,DEN,CO,ANM,WE,Towers with Radar,1496,187,4,0,1687,0,0,0,0,0,1496,187,4,0,1687,0,0,0,1687
05/08/2023,DEN,CO,ANM,WE,Towers with Radar,1627,208,8,0,1843,0,0,1,0,1,1627,208,9,0,1844,0,0,0,1844
05/09/2023,DEN,CO,ANM,WE,Towers with Radar,1576,197,9,0,1782,0,1,0,0,1,1576,198,9,0,1783,0,0,0,1783
05/10/2023,DEN,CO,ANM,WE,Towers with Radar,1446,175,7,0,1628,0,0,0,0,0,1446,175,7,0,1628,0,0,0,1628
05/11/2023,DEN,CO,ANM,WE,Towers with Radar,1608,223,5,2,1838,0,0,0,0,0,1608,223,5,2,1838,0,0,0,1838
05/12/2023,DEN,CO,ANM,WE,Towers with Radar,1610,248,7,0,1865,0,0,0,0,0,1610,248,7,0,1865,0,0,0,1865
05/13/2023,DEN,CO,ANM,WE,Towers with Radar,1420,216,5,0,1641,0,0,0,0,0,1420,216,5,0,1641,0,0,0,1641
05/14/2023,DEN,CO,ANM,WE,Towers with Radar,1487,204,8,0,1699,0,0,0,0,0,1487,204,8,0,1699,0,0,0,1699
05/15/2023,DEN,CO,ANM,WE,Towers with Radar,1609,228,15,0,1852,0,0,0,0,0,1609,228,15,0,1852,0,0,0,1852
05/16/2023,DEN,CO,ANM,WE,Towers with Radar,1593,200,13,0,1806,0,0,0,0,0,1593,200,13,0,1806,0,0,0,1806
05/17/2023,DEN,CO,ANM,WE,Towers with Radar,1603,225,12,0,1840,0,0,5,0,5,1603,225,17,0,1845,0,0,0,1845
05/18/2023,DEN,CO,ANM,WE,Towers with Radar,1588,216,9,1,1814,0,0,5,0,5,1588,216,14,1,1819,0,0,0,1819
05/19/2023,DEN,CO,ANM,WE,Towers with Radar,1606,245,8,1,1860,0,0,0,0,0,1606,245,8,1,1860,0,0,0,1860
05/20/2023,DEN,CO,ANM,WE,Towers with Radar,1403,216,7,0,1626,0,0,0,0,0,1403,216,7,0,1626,0,0,0,1626
05/21/2023,DEN,CO,ANM,WE,Towers with Radar,1503,204,10,0,1717,0,0,1,0,1,1503,204,11,0,1718,0,0,0,1718
05/22/2023,DEN,CO,ANM,WE,Towers with Radar,1607,223,8,0,1838,0,0,0,0,0,1607,223,8,0,1838,0,0,0,1838
05/23/2023,DEN,CO,ANM,WE,Towers with Radar,1616,213,3,0,1832,1,0,2,0,3,1617,213,5,0,1835,0,0,0,1835
05/24/2023,DEN,CO,ANM,WE,Towers with Radar,1592,215,12,0,1819,0,0,2,0,2,1592,215,14,0,1821,0,0,0,1821
05/25/2023,DEN,CO,ANM,WE,Towers with Radar,1627,222,14,0,1863,0,0,0,0,0,1627,222,14,0,1863,0,0,0,1863
05/26/2023,DEN,CO,ANM,WE,Towers with Radar,1568,206,3,0,1777,0,0,0,0,0,1568,206,3,0,1777,0,0,0,1777
05/27/2023,DEN,CO,ANM,WE,Towers with Radar,1398,193,7,0,1598,0,0,0,0,0,1398,193,7,0,1598,0,0,0,1598
05/28/2023,DEN,CO,ANM,WE,Towers with Radar,1499,203,8,0,1710,0,0,2,0,2,1499,203,10,0,1712,0,0,0,1712
05/29/2023,DEN,CO,ANM,WE,Towers with Radar,1611,209,10,0,1830,0,0,0,0,0,1611,209,10,0,1830,0,0,0,1830
05/30/2023,DEN,CO,ANM,WE,Towers with Radar,1596,206,11,0,1813,0,0,0,0,0,1596,206,11,0,1813,0,0,0,1813
05/31/2023,DEN,CO,ANM,WE,Towers with Radar,1594,218,5,0,1817,0,0,3,0,3,1594,218,8,0,1820,0,0,0,1820
06/01/2023,DEN,CO,ANM,WE,Towers with Radar,1612,227,16,0,1855,0,0,3,0,3,1612,227,19,0,1858,0,0,0,1858
06/02/2023,DEN,CO,ANM,WE,Towers with Radar,1661,226,12,0,1899,0,0,0,0,0,1661,226,12,0,1899,0,0,0,1899
06/03/2023,DEN,CO,ANM,WE,Towers with Radar,1499,201,9,0,1709,0,0,1,0,1,1499,201,10,0,1710,0,0,0,1710
06/04/2023,DEN,CO,ANM,WE,Towers with Radar,1605,191,4,0,1800,0,0,3,0,3,1605,191,7,0,1803,0,0,0,1803
06/05/2023,DEN,CO,ANM,WE,Towers with Radar,1699,208,10,0,1917,0,0,11,0,11,1699,208,21,0,1928,0,0,0,1928
06/06/2023,DEN,CO,ANM,WE,Towers with Radar,1675,189,10,0,1874,0,0,4,0,4,1675,189,14,0,1878,0,0,0,1878
06/07/2023,DEN,CO,ANM,WE,Towers with Radar,1672,212,16,0,1900,0,0,1,0,1,1672,212,17,0,1901,0,0,0,1901
06/08/2023,DEN,CO,ANM,WE,Towers with Radar,1652,221,11,0,1884,0,0,0,0,0,1652,221,11,0,1884,0,0,0,1884
06/09/2023,DEN,CO,ANM,WE,Towers with Radar,1767,230,5,0,2002,0,0,0,0,0,1767,230,5,0,2002,0,0,0,2002
06/10/2023,DEN,CO,ANM,WE,Towers with Radar,1559,184,4,0,1747,1,0,4,0,5,1560,184,8,0,1752,0,0,0,1752
06/11/2023,DEN,CO,ANM,WE,Towers with Radar,1605,190,8,0,1803,0,0,0,0,0,1605,190,8,0,1803,0,0,0,1803
06/12/2023,DEN,CO,ANM,WE,Towers with Radar,1638,185,5,1,1829,0,0,0,0,0,1638,185,5,1,1829,0,0,0,1829
06/13/2023,DEN,CO,ANM,WE,Towers with Radar,1693,200,12,0,1905,0,0,0,0,0,1693,200,12,0,1905,0,0,0,1905
06/14/2023,DEN,CO,ANM,WE,Towers with Radar,1693,228,16,0,1937,0,2,3,1,6,1693,230,19,1,1943,0,0,0,1943
06/15/2023,DEN,CO,ANM,WE,Towers with Radar,1688,214,13,1,1916,0,0,0,0,0,1688,214,13,1,1916,0,0,0,1916
06/16/2023,DEN,CO,ANM,WE,Towers with Radar,1680,190,9,3,1882,0,0,0,6,6,1680,190,9,9,1888,0,0,0,1888
06/17/2023,DEN,CO,ANM,WE,Towers with Radar,1561,200,6,0,1767,1,0,2,0,3,1562,200,8,0,1770,0,0,0,1770
06/18/2023,DEN,CO,ANM,WE,Towers with Radar,1658,190,10,0,1858,0,0,2,0,2,1658,190,12,0,1860,0,0,0,1860
06/19/2023,DEN,CO,ANM,WE,Towers with Radar,1688,207,13,0,1908,0,0,1,0,1,1688,207,14,0,1909,0,0,0,1909
06/20/2023,DEN,CO,ANM,WE,Towers with Radar,1714,194,11,0,1919,0,0,1,0,1,1714,194,12,0,1920,0,0,0,1920
06/21/2023,DEN,CO,ANM,WE,Towers with Radar,1466,189,7,0,1662,1,0,2,0,3,1467,189,9,0,1665,0,0,0,1665
06/22/2023,DEN,CO,ANM,WE,Towers with Radar,1618,187,10,0,1815,0,0,0,0,0,1618,187,10,0,1815,0,0,0,1815
06/23/2023,DEN,CO,ANM,WE,Towers with Radar,1757,234,15,0,2006,0,1,0,0,1,1757,235,15,0,2007,0,0,0,2007
06/24/2023,DEN,CO,ANM,WE,Towers with Radar,1537,206,10,0,1753,1,0,0,0,1,1538,206,10,0,1754,0,0,0,1754
06/25/2023,DEN,CO,ANM,WE,Towers with Radar,1553,220,21,0,1794,0,0,0,0,0,1553,220,21,0,1794,0,0,0,1794
06/26/2023,DEN,CO,ANM,WE,Towers with Radar,1582,238,18,0,1838,0,0,0,0,0,1582,238,18,0,1838,0,0,0,1838
06/27/2023,DEN,CO,ANM,WE,Towers with Radar,1544,217,21,0,1782,0,0,0,0,0,1544,217,21,0,1782,0,0,0,1782
06/28/2023,DEN,CO,ANM,WE,Towers with Radar,1517,246,14,0,1777,0,0,0,0,0,1517,246,14,0,1777,0,0,0,1777
06/29/2023,DEN,CO,ANM,WE,Towers with Radar,1436,194,6,0,1636,0,0,0,0,0,1436,194,6,0,1636,0,0,0,1636
06/30/2023,DEN,CO,ANM,WE,Towers with Radar,1653,219,23,0,1895,0,0,0,0,0,1653,219,23,0,1895,0,0,0,1895
07/01/2023,DEN,CO,ANM,WE,Towers with Radar,1508,207,9,0,1724,0,0,0,0,0,1508,207,9,0,1724,0,0,0,1724
07/02/2023,DEN,CO,ANM,WE,Towers with Radar,1527,181,14,0,1722,0,2,2,0,4,1527,183,16,0,1726,0,0,0,1726
07/03/2023,DEN,CO,ANM,WE,Towers with Radar,1583,201,7,0,1791,0,1,0,0,1,1583,202,7,0,1792,0,0,0,1792
07/04/2023,DEN,CO,ANM,WE,Towers with Radar,1367,120,9,0,1496,0,0,0,0,0,1367,120,9,0,1496,0,0,0,1496
07/05/2023,DEN,CO,ANM,WE,Towers with Radar,1647,201,5,0,1853,0,0,0,0,0,1647,201,5,0,1853,0,0,0,1853
07/06/2023,DEN,CO,ANM,WE,Towers with Radar,1662,189,8,0,1859,0,0,0,0,0,1662,189,8,0,1859,0,0,0,1859
07/07/2023,DEN,CO,ANM,WE,Towers with Radar,1730,244,7,0,1981,0,2,0,0,2,1730,246,7,0,1983,0,0,0,1983
07/08/2023,DEN,CO,ANM,WE,Towers with Radar,1550,178,13,0,1741,1,0,0,0,1,1551,178,13,0,1742,0,0,0,1742
07/09/2023,DEN,CO,ANM,WE,Towers with Radar,1633,199,8,0,1840,0,0,0,0,0,1633,199,8,0,1840,0,0,0,1840
07/10/2023,DEN,CO,ANM,WE,Towers with Radar,1712,221,16,0,1949,0,0,6,0,6,1712,221,22,0,1955,0,0,0,1955
07/11/2023,DEN,CO,ANM,WE,Towers with Radar,1780,220,14,0,2014,0,0,0,0,0,1780,220,14,0,2014,0,0,0,2014
07/12/2023,DEN,CO,ANM,WE,Towers with Radar,1749,234,6,0,1989,0,0,3,0,3,1749,234,9,0,1992,0,0,0,1992
07/13/2023,DEN,CO,ANM,WE,Towers with Radar,1804,238,15,0,2057,0,0,0,0,0,1804,238,15,0,2057,0,0,0,2057
07/14/2023,DEN,CO,ANM,WE,Towers with Radar,1736,233,13,0,1982,0,0,0,2,2,1736,233,13,2,1984,0,0,0,1984
07/15/2023,DEN,CO,ANM,WE,Towers with Radar,1599,200,10,0,1809,0,0,2,0,2,1599,200,12,0,1811,0,0,0,1811
07/16/2023,DEN,CO,ANM,WE,Towers with Radar,1652,208,15,0,1875,0,1,1,0,2,1652,209,16,0,1877,0,0,0,1877
07/17/2023,DEN,CO,ANM,WE,Towers with Radar,1783,221,7,0,2011,0,0,1,0,1,1783,221,8,0,2012,0,0,0,2012
07/18/2023,DEN,CO,ANM,WE,Towers with Radar,1768,208,14,0,1990,0,0,0,0,0,1768,208,14,0,1990,0,0,0,1990
07/19/2023,DEN,CO,ANM,WE,Towers with Radar,1753,228,13,0,1994,0,0,2,0,2,1753,228,15,0,1996,0,0,0,1996
07/20/2023,DEN,CO,ANM,WE,Towers with Radar,1565,195,16,2,1778,0,0,0,0,0,1565,195,16,2,1778,0,0,0,1778
07/21/2023,DEN,CO,ANM,WE,Towers with Radar,1843,234,12,0,2089,0,0,1,0,1,1843,234,13,0,2090,0,0,0,2090
07/22/2023,DEN,CO,ANM,WE,Towers with Radar,1631,210,6,2,1849,0,0,0,0,0,1631,210,6,2,1849,0,0,0,1849
07/23/2023,DEN,CO,ANM,WE,Towers with Radar,1662,192,9,0,1863,0,0,0,0,0,1662,192,9,0,1863,0,0,0,1863
07/24/2023,DEN,CO,ANM,WE,Towers with Radar,1771,221,15,0,2007,0,0,6,0,6,1771,221,21,0,2013,0,0,0,2013
07/25/2023,DEN,CO,ANM,WE,Towers with Radar,1766,209,15,0,1990,0,0,1,0,1,1766,209,16,0,1991,0,0,0,1991
07/26/2023,DEN,CO,ANM,WE,Towers with Radar,1681,201,7,0,1889,0,0,3,0,3,1681,201,10,0,1892,0,0,0,1892
07/27/2023,DEN,CO,ANM,WE,Towers with Radar,1723,237,7,0,1967,0,0,0,0,0,1723,237,7,0,1967,0,0,0,1967
07/28/2023,DEN,CO,ANM,WE,Towers with Radar,1737,213,10,0,1960,0,0,3,0,3,1737,213,13,0,1963,0,0,0,1963
07/29/2023,DEN,CO,ANM,WE,Towers with Radar,1576,200,10,0,1786,0,0,1,0,1,1576,200,11,0,1787,0,0,0,1787
07/30/2023,DEN,CO,ANM,WE,Towers with Radar,1603,196,16,0,1815,0,0,5,0,5,1603,196,21,0,1820,0,0,0,1820
07/31/2023,DEN,CO,ANM,WE,Towers with Radar,1650,215,12,0,1877,0,0,2,0,2,1650,215,14,0,1879,0,0,0,1879
08/01/2023,DEN,CO,ANM,WE,Towers with Radar,1742,212,12,0,1966,0,0,1,0,1,1742,212,13,0,1967,0,0,0,1967
08/02/2023,DEN,CO,ANM,WE,Towers with Radar,1745,229,15,0,1989,0,0,0,0,0,1745,229,15,0,1989,0,0,0,1989
08/03/2023,DEN,CO,ANM,WE,Towers with Radar,1697,212,8,0,1917,0,0,1,0,1,1697,212,9,0,1918,0,0,0,1918
08/04/2023,DEN,CO,ANM,WE,Towers with Radar,1804,238,15,0,2057,0,1,1,0,2,1804,239,16,0,2059,0,0,0,2059
08/05/2023,DEN,CO,ANM,WE,Towers with Radar,1603,210,12,2,1827,1,4,0,0,5,1604,214,12,2,1832,0,0,0,1832
08/06/2023,DEN,CO,ANM,WE,Towers with Radar,1602,198,12,0,1812,0,0,0,0,0,1602,198,12,0,1812,0,0,0,1812
08/07/2023,DEN,CO,ANM,WE,Towers with Radar,1766,223,13,1,2003,0,8,0,0,8,1766,231,13,1,2011,0,0,0,2011
08/08/2023,DEN,CO,ANM,WE,Towers with Radar,1759,209,11,1,1980,0,8,0,0,8,1759,217,11,1,1988,0,0,0,1988
08/09/2023,DEN,CO,ANM,WE,Towers with Radar,1775,238,11,0,2024,0,8,2,0,10,1775,246,13,0,2034,0,0,0,2034
08/10/2023,DEN,CO,ANM,WE,Towers with Radar,1778,234,16,0,2028,0,0,1,0,1,1778,234,17,0,2029,0,0,0,2029
08/11/2023,DEN,CO,ANM,WE,Towers with Radar,1791,238,13,1,2043,0,0,0,0,0,1791,238,13,1,2043,0,0,0,2043
08/12/2023,DEN,CO,ANM,WE,Towers with Radar,1609,228,6,1,1844,0,0,0,0,0,1609,228,6,1,1844,0,0,0,1844
08/13/2023,DEN,CO,ANM,WE,Towers with Radar,1662,213,10,0,1885,0,0,0,0,0,1662,213,10,0,1885,0,0,0,1885
08/14/2023,DEN,CO,ANM,WE,Towers with Radar,1771,245,13,0,2029,0,0,3,0,3,1771,245,16,0,2032,0,0,0,2032
08/15/2023,DEN,CO,ANM,WE,Towers with Radar,1738,207,13,0,1958,0,0,2,0,2,1738,207,15,0,1960,0,0,0,1960
08/16/2023,DEN,CO,ANM,WE,Towers with Radar,1754,238,7,0,1999,0,0,0,0,0,1754,238,7,0,1999,0,0,0,1999
08/17/2023,DEN,CO,ANM,WE,Towers with Radar,1744,243,22,0,2009,0,0,5,0,5,1744,243,27,0,2014,0,0,0,2014
08/18/2023,DEN,CO,ANM,WE,Towers with Radar,1721,243,8,1,1973,0,2,2,0,4,1721,245,10,1,1977,0,0,0,1977
08/19/2023,DEN,CO,ANM,WE,Towers with Radar,1555,220,8,2,1785,0,0,0,0,0,1555,220,8,2,1785,0,0,0,1785
08/20/2023,DEN,CO,ANM,WE,Towers with Radar,1636,206,5,1,1848,0,0,0,0,0,1636,206,5,1,1848,0,0,0,1848
08/21/2023,DEN,CO,ANM,WE,Towers with Radar,1686,223,13,0,1922,0,0,0,0,0,1686,223,13,0,1922,0,0,0,1922
08/22/2023,DEN,CO,ANM,WE,Towers with Radar,1725,216,12,0,1953,0,0,0,0,0,1725,216,12,0,1953,0,0,0,1953
08/23/2023,DEN,CO,ANM,WE,Towers with Radar,1721,239,12,0,1972,0,0,2,0,2,1721,239,14,0,1974,0,0,0,1974
08/24/2023,DEN,CO,ANM,WE,Towers with Radar,1731,230,14,0,1975,0,0,5,0,5,1731,230,19,0,1980,0,0,0,1980
08/25/2023,DEN,CO,ANM,WE,Towers with Radar,1729,243,6,0,1978,0,1,0,0,1,1729,244,6,0,1979,0,0,0,1979
08/26/2023,DEN,CO,ANM,WE,Towers with Radar,1548,216,10,0,1774,0,0,0,0,0,1548,216,10,0,1774,0,0,0,1774
08/27/2023,DEN,CO,ANM,WE,Towers with Radar,1673,200,9,0,1882,0,0,1,0,1,1673,200,10,0,1883,0,0,0,1883
08/28/2023,DEN,CO,ANM,WE,Towers with Radar,1746,227,9,0,1982,0,0,1,0,1,1746,227,10,0,1983,0,0,0,1983
08/29/2023,DEN,CO,ANM,WE,Towers with Radar,1711,226,11,0,1948,0,0,0,0,0,1711,226,11,0,1948,0,0,0,1948
08/30/2023,DEN,CO,ANM,WE,Towers with Radar,1718,235,7,0,1960,0,0,2,0,2,1718,235,9,0,1962,0,0,0,1962
08/31/2023,DEN,CO,ANM,WE,Towers with Radar,1748,239,14,0,2001,0,0,0,0,0,1748,239,14,0,2001,0,0,0,2001
