01/01/2020,DFW,TX,ASW,CE,Towers with Radar,1569,227,9,0,1805,0,0,2,0,2,1569,227,11,0,1807,0,0,0,1807
01/02/2020,DFW,TX,ASW,CE,Towers with Radar,1763,232,9,0,2004,0,3,5,2,10,1763,235,14,2,2014,0,0,0,2014
01/03/2020,DFW,TX,ASW,CE,Towers with Radar,1780,226,22,0,2028,0,0,0,0,0,1780,226,22,0,2028,0,0,0,2028
01/04/2020,DFW,TX,ASW,CE,Towers with Radar,1696,236,9,0,1941,0,2,0,0,2,1696,238,9,0,1943,0,0,0,1943
01/05/2020,DFW,TX,ASW,CE,Towers with Radar,1744,234,10,0,1988,0,3,5,0,8,1744,237,15,0,1996,0,0,0,1996
01/06/2020,DFW,TX,ASW,CE,Towers with Radar,1780,246,12,1,2039,0,3,5,0,8,1780,249,17,1,2047,0,0,0,2047
01/07/2020,DFW,TX,ASW,CE,Towers with Radar,1503,228,24,0,1755,0,4,5,0,9,1503,232,29,0,1764,0,0,0,1764
01/08/2020,DFW,TX,ASW,CE,Towers with Radar,1592,222,21,0,1835,0,0,2,0,2,1592,222,23,0,1837,0,0,0,1837
01/09/2020,DFW,TX,ASW,CE,Towers with Radar,1801,247,3,0,2051,0,0,0,0,0,1801,247,3,0,2051,0,0,0,2051
01/10/2020,DFW,TX,ASW,CE,Towers with Radar,1315,154,9,0,1478,0,1,2,0,3,1315,155,11,0,1481,0,0,0,1481
01/11/2020,DFW,TX,ASW,CE,Towers with Radar,1324,167,25,0,1516,0,0,2,0,2,1324,167,27,0,1518,0,0,0,1518
01/12/2020,DFW,TX,ASW,CE,Towers with Radar,1676,231,11,0,1918,0,0,8,0,8,1676,231,19,0,1926,0,0,0,1926
01/13/2020,DFW,TX,ASW,CE,Towers with Radar,1645,246,12,0,1903,0,0,0,0,0,1645,246,12,0,1903,0,0,0,1903
01/14/2020,DFW,TX,ASW,CE,Towers with Radar,1494,223,9,0,1726,0,3,3,0,6,1494,226,12,0,1732,0,0,0,1732
01/15/2020,DFW,TX,ASW,CE,Towers with Radar,1590,224,9,0,1823,0,1,2,0,3,1590,225,11,0,1826,0,0,0,1826
01/16/2020,DFW,TX,ASW,CE,Towers with Radar,1779,257,9,0,2045,0,0,0,0,0,1779,257,9,0,2045,0,0,0,2045
01/17/2020,DFW,TX,ASW,CE,Towers with Radar,1736,245,5,0,1986,0,0,0,0,0,1736,245,5,0,1986,0,0,0,1986
01/18/2020,DFW,TX,ASW,CE,Towers with Radar,1305,171,11,0,1487,0,1,0,0,1,1305,172,11,0,1488,0,0,0,1488
01/19/2020,DFW,TX,ASW,CE,Towers with Radar,1642,230,11,0,1883,0,0,2,0,2,1642,230,13,0,1885,0,0,0,1885
01/20/2020,DFW,TX,ASW,CE,Towers with Radar,1651,244,11,1,1907,0,1,9,1,11,1651,245,20,2,1918,0,0,0,1918
01/21/2020,DFW,TX,ASW,CE,Towers with Radar,1494,233,9,0,1736,0,2,10,0,12,1494,235,19,0,1748,0,0,0,1748
01/22/2020,DFW,TX,ASW,CE,Towers with Radar,1586,234,12,0,1832,0,0,0,0,0,1586,234,12,0,1832,0,0,0,1832
01/23/2020,DFW,TX,ASW,CE,Towers with Radar,1806,262,14,0,2082,0,2,8,1,11,1806,264,22,1,2093,0,0,0,2093
01/24/2020,DFW,TX,ASW,CE,Towers with Radar,1764,252,9,0,2025,0,2,10,0,12,1764,254,19,0,2037,0,0,0,2037
01/25/2020,DFW,TX,ASW,CE,Towers with Radar,1320,167,3,0,1490,0,0,0,0,0,1320,167,3,0,1490,0,0,0,1490
01/26/2020,DFW,TX,ASW,CE,Towers with Radar,1689,225,19,0,1933,0,1,0,0,1,1689,226,19,0,1934,0,0,0,1934
01/27/2020,DFW,TX,ASW,CE,Towers with Radar,1542,182,15,1,1740,0,0,0,0,0,1542,182,15,1,1740,0,0,0,1740
01/28/2020,DFW,TX,ASW,CE,Towers with Radar,1498,222,18,0,1738,0,0,0,0,0,1498,222,18,0,1738,0,0,0,1738
01/29/2020,DFW,TX,ASW,CE,Towers with Radar,1576,230,13,0,1819,0,0,4,2,6,1576,230,17,2,1825,0,0,0,1825
01/30/2020,DFW,TX,ASW,CE,Towers with Radar,1768,264,14,0,2046,0,0,0,2,2,1768,264,14,2,2048,0,0,0,2048
01/31/2020,DFW,TX,ASW,CE,Towers with Radar,1764,255,7,0,2026,0,0,2,0,2,1764,255,9,0,2028,0,0,0,2028
02/01/2020,DFW,TX,ASW,CE,Towers with Radar,1316,160,5,0,1481,0,0,10,0,10,1316,160,15,0,1491,0,0,0,1491
02/02/2020,DFW,TX,ASW,CE,Towers with Radar,1655,226,2,0,1883,0,0,1,0,1,1655,226,3,0,1884,0,0,0,1884
02/03/2020,DFW,TX,ASW,CE,Towers with Radar,1651,243,6,0,1900,0,1,4,0,5,1651,244,10,0,1905,0,0,0,1905
02/04/2020,DFW,TX,ASW,CE,Towers with Radar,1485,225,16,0,1726,0,0,0,0,0,1485,225,16,0,1726,0,0,0,1726
02/05/2020,DFW,TX,ASW,CE,Towers with Radar,1506,178,4,0,1688,0,0,0,0,0,1506,178,4,0,1688,0,0,0,1688
02/06/2020,DFW,TX,ASW,CE,Towers with Radar,1751,249,16,0,2016,0,5,2,4,11,1751,254,18,4,2027,0,0,0,2027
02/07/2020,DFW,TX,ASW,CE,Towers with Radar,1752,240,14,1,2007,0,4,6,1,11,1752,244,20,2,2018,0,0,0,2018
02/08/2020,DFW,TX,ASW,CE,Towers with Radar,1316,174,13,0,1503,0,1,2,0,3,1316,175,15,0,1506,0,0,0,1506
02/09/2020,DFW,TX,ASW,CE,Towers with Radar,1656,240,8,0,1904,0,3,1,0,4,1656,243,9,0,1908,0,0,0,1908
02/10/2020,DFW,TX,ASW,CE,Towers with Radar,1638,227,10,0,1875,0,1,0,0,1,1638,228,10,0,1876,0,0,0,1876
02/11/2020,DFW,TX,ASW,CE,Towers with Radar,1479,222,13,0,1714,0,0,0,0,0,1479,222,13,0,1714,0,0,0,1714
02/12/2020,DFW,TX,ASW,CE,Towers with Radar,1562,228,14,0,1804,0,1,0,0,1,1562,229,14,0,1805,0,0,0,1805
02/13/2020,DFW,TX,ASW,CE,Towers with Radar,1787,259,30,1,2077,0,6,2,2,10,1787,265,32,3,2087,0,0,0,2087
02/14/2020,DFW,TX,ASW,CE,Towers with Radar,1791,244,9,0,2044,0,2,3,0,5,1791,246,12,0,2049,0,0,0,2049
02/15/2020,DFW,TX,ASW,CE,Towers with Radar,1553,200,9,0,1762,0,0,4,0,4,1553,200,13,0,1766,0,0,0,1766
02/16/2020,DFW,TX,ASW,CE,Towers with Radar,1684,214,4,0,1902,0,0,2,0,2,1684,214,6,0,1904,0,0,0,1904
02/17/2020,DFW,TX,ASW,CE,Towers with Radar,1768,236,8,0,2012,0,2,1,0,3,1768,238,9,0,2015,0,0,0,2015
02/18/2020,DFW,TX,ASW,CE,Towers with Radar,1729,218,19,0,1966,0,1,1,0,2,1729,219,20,0,1968,0,0,0,1968
02/19/2020,DFW,TX,ASW,CE,Towers with Radar,1747,210,18,0,1975,0,0,1,0,1,1747,210,19,0,1976,0,0,0,1976
02/20/2020,DFW,TX,ASW,CE,Towers with Radar,1786,248,14,0,2048,0,3,0,0,3,1786,251,14,0,2051,0,0,0,2051
02/21/2020,DFW,TX,ASW,CE,Towers with Radar,1768,253,11,0,2032,0,1,8,0,9,1768,254,19,0,2041,0,0,0,2041
02/22/2020,DFW,TX,ASW,CE,Towers with Radar,1567,200,15,0,1782,0,4,7,0,11,1567,204,22,0,1793,0,0,0,1793
02/23/2020,DFW,TX,ASW,CE,Towers with Radar,1686,229,16,0,1931,0,1,0,0,1,1686,230,16,0,1932,0,0,0,1932
02/24/2020,DFW,TX,ASW,CE,Towers with Radar,1759,246,17,1,2023,0,0,2,0,2,1759,246,19,1,2025,0,0,0,2025
02/25/2020,DFW,TX,ASW,CE,Towers with Radar,1714,224,14,0,1952,0,2,1,0,3,1714,226,15,0,1955,0,0,0,1955
02/26/2020,DFW,TX,ASW,CE,Towers with Radar,1734,233,26,0,1993,0,4,1,0,5,1734,237,27,0,1998,0,0,0,1998
02/27/2020,DFW,TX,ASW,CE,Towers with Radar,1809,263,9,0,2081,0,5,6,0,11,1809,268,15,0,2092,0,0,0,2092
02/28/2020,DFW,TX,ASW,CE,Towers with Radar,1781,255,9,1,2046,0,4,5,0,9,1781,259,14,1,2055,0,0,0,2055
02/29/2020,DFW,TX,ASW,CE,Towers with Radar,1563,208,7,0,1778,0,0,1,0,1,1563,208,8,0,1779,0,0,0,1779
03/01/2020,DFW,TX,ASW,CE,Towers with Radar,1707,227,7,0,1941,0,0,0,0,0,1707,227,7,0,1941,0,0,0,1941
03/02/2020,DFW,TX,ASW,CE,Towers with Radar,1774,241,9,0,2024,0,1,0,0,1,1774,242,9,0,2025,0,0,0,2025
03/03/2020,DFW,TX,ASW,CE,Towers with Radar,1744,216,11,0,1971,0,1,5,0,6,1744,217,16,0,1977,0,0,0,1977
03/04/2020,DFW,TX,ASW,CE,Towers with Radar,1741,208,11,0,1960,0,1,0,0,1,1741,209,11,0,1961,0,0,0,1961
03/05/2020,DFW,TX,ASW,CE,Towers with Radar,1844,243,14,0,2101,0,1,3,0,4,1844,244,17,0,2105,0,0,0,2105
03/06/2020,DFW,TX,ASW,CE,Towers with Radar,1811,235,8,0,2054,0,6,11,0,17,1811,241,19,0,2071,0,0,0,2071
03/07/2020,DFW,TX,ASW,CE,Towers with Radar,1599,188,3,0,1790,0,1,1,0,2,1599,189,4,0,1792,0,0,0,1792
03/08/2020,DFW,TX,ASW,CE,Towers with Radar,1747,204,2,0,1953,0,0,1,0,1,1747,204,3,0,1954,0,0,0,1954
03/09/2020,DFW,TX,ASW,CE,Towers with Radar,1817,236,13,0,2066,0,1,0,0,1,1817,237,13,0,2067,0,0,0,2067
03/10/2020,DFW,TX,ASW,CE,Towers with Radar,1738,226,11,1,1976,0,1,4,0,5,1738,227,15,1,1981,0,0,0,1981
03/11/2020,DFW,TX,ASW,CE,Towers with Radar,1784,209,20,0,2013,0,2,0,1,3,1784,211,20,1,2016,0,0,0,2016
03/12/2020,DFW,TX,ASW,CE,Towers with Radar,1852,244,16,0,2112,0,1,1,0,2,1852,245,17,0,2114,0,0,0,2114
03/13/2020,DFW,TX,ASW,CE,Towers with Radar,1808,221,4,0,2033,0,0,0,0,0,1808,221,4,0,2033,0,0,0,2033
03/14/2020,DFW,TX,ASW,CE,Towers with Radar,1580,191,4,0,1775,0,0,0,0,0,1580,191,4,0,1775,0,0,0,1775
03/15/2020,DFW,TX,ASW,CE,Towers with Radar,1715,200,11,0,1926,0,0,0,0,0,1715,200,11,0,1926,0,0,0,1926
03/16/2020,DFW,TX,ASW,CE,Towers with Radar,1767,217,5,0,1989,0,1,2,0,3,1767,218,7,0,1992,0,0,0,1992
03/17/2020,DFW,TX,ASW,CE,Towers with Radar,1664,218,12,0,1894,0,0,0,0,0,1664,218,12,0,1894,0,0,0,1894
03/18/2020,DFW,TX,ASW,CE,Towers with Radar,1650,196,13,0,1859,0,3,0,0,3,1650,199,13,0,1862,0,0,0,1862
03/19/2020,DFW,TX,ASW,CE,Towers with Radar,1643,186,5,0,1834,1,2,0,0,3,1644,188,5,0,1837,0,0,0,1837
03/20/2020,DFW,TX,ASW,CE,Towers with Radar,1564,200,11,0,1775,0,1,4,0,5,1564,201,15,0,1780,0,0,0,1780
03/21/2020,DFW,TX,ASW,CE,Towers with Radar,1362,173,6,0,1541,0,0,8,0,8,1362,173,14,0,1549,0,0,0,1549
03/22/2020,DFW,TX,ASW,CE,Towers with Radar,1397,173,6,0,1576,0,0,0,0,0,1397,173,6,0,1576,0,0,0,1576
03/23/2020,DFW,TX,ASW,CE,Towers with Radar,1090,183,3,0,1276,0,0,0,0,0,1090,183,3,0,1276,0,0,0,1276
03/24/2020,DFW,TX,ASW,CE,Towers with Radar,1036,169,5,0,1210,0,1,0,0,1,1036,170,5,0,1211,0,0,0,1211
03/25/2020,DFW,TX,ASW,CE,Towers with Radar,873,147,4,0,1024,0,5,4,4,13,873,152,8,4,1037,0,0,0,1037
03/26/2020,DFW,TX,ASW,CE,Towers with Radar,934,173,6,0,1113,0,1,0,0,1,934,174,6,0,1114,0,0,0,1114
03/27/2020,DFW,TX,ASW,CE,Towers with Radar,816,158,0,0,974,0,1,0,0,1,816,159,0,0,975,0,0,0,975
03/28/2020,DFW,TX,ASW,CE,Towers with Radar,815,145,0,0,960,0,0,2,0,2,815,145,2,0,962,0,0,0,962
03/29/2020,DFW,TX,ASW,CE,Towers with Radar,959,155,3,0,1117,0,0,4,0,4,959,155,7,0,1121,0,0,0,1121
03/30/2020,DFW,TX,ASW,CE,Towers with Radar,795,147,6,0,948,0,1,0,0,1,795,148,6,0,949,0,0,0,949
03/31/2020,DFW,TX,ASW,CE,Towers with Radar,782,157,0,0,939,0,0,0,0,0,782,157,0,0,939,0,0,0,939
04/01/2020,DFW,TX,ASW,CE,Towers with Radar,821,162,2,2,987,0,1,10,0,11,821,163,12,2,998,0,0,0,998
04/02/2020,DFW,TX,ASW,CE,Towers with Radar,1004,142,2,0,1148,0,0,0,0,0,1004,142,2,0,1148,0,0,0,1148
04/03/2020,DFW,TX,ASW,CE,Towers with Radar,766,165,4,0,935,0,0,0,0,0,766,165,4,0,935,0,0,0,935
04/04/2020,DFW,TX,ASW,CE,Towers with Radar,826,134,0,0,960,0,1,0,0,1,826,135,0,0,961,0,0,0,961
04/05/2020,DFW,TX,ASW,CE,Towers with Radar,905,130,1,0,1036,0,0,0,0,0,905,130,1,0,1036,0,0,0,1036
04/06/2020,DFW,TX,ASW,CE,Towers with Radar,862,156,0,0,1018,0,0,2,0,2,862,156,2,0,1020,0,0,0,1020
04/07/2020,DFW,TX,ASW,CE,Towers with Radar,724,169,1,2,896,0,2,6,0,8,724,171,7,2,904,0,0,0,904
04/08/2020,DFW,TX,ASW,CE,Towers with Radar,676,143,1,0,820,0,7,2,0,9,676,150,3,0,829,0,0,0,829
04/09/2020,DFW,TX,ASW,CE,Towers with Radar,781,139,1,0,921,0,2,0,0,2,781,141,1,0,923,0,0,0,923
04/10/2020,DFW,TX,ASW,CE,Towers with Radar,701,125,3,0,829,0,5,4,0,9,701,130,7,0,838,0,0,0,838
04/11/2020,DFW,TX,ASW,CE,Towers with Radar,612,103,0,0,715,0,0,0,0,0,612,103,0,0,715,0,0,0,715
04/12/2020,DFW,TX,ASW,CE,Towers with Radar,626,106,3,0,735,0,0,0,0,0,626,106,3,0,735,0,0,0,735
04/13/2020,DFW,TX,ASW,CE,Towers with Radar,728,132,6,0,866,0,3,2,0,5,728,135,8,0,871,0,0,0,871
04/14/2020,DFW,TX,ASW,CE,Towers with Radar,649,139,0,0,788,0,1,8,0,9,649,140,8,0,797,0,0,0,797
04/15/2020,DFW,TX,ASW,CE,Towers with Radar,665,136,4,0,805,0,4,8,0,12,665,140,12,0,817,0,0,0,817
04/16/2020,DFW,TX,ASW,CE,Towers with Radar,672,146,7,0,825,0,1,1,2,4,672,147,8,2,829,0,0,0,829
04/17/2020,DFW,TX,ASW,CE,Towers with Radar,612,140,5,2,759,0,1,0,0,1,612,141,5,2,760,0,0,0,760
04/18/2020,DFW,TX,ASW,CE,Towers with Radar,495,81,0,0,576,0,0,2,0,2,495,81,2,0,578,0,0,0,578
04/19/2020,DFW,TX,ASW,CE,Towers with Radar,550,102,1,0,653,0,0,4,0,4,550,102,5,0,657,0,0,0,657
04/20/2020,DFW,TX,ASW,CE,Towers with Radar,517,107,5,1,630,0,0,5,0,5,517,107,10,1,635,0,0,0,635
04/21/2020,DFW,TX,ASW,CE,Towers with Radar,538,118,4,0,660,0,0,3,0,3,538,118,7,0,663,0,0,0,663
04/22/2020,DFW,TX,ASW,CE,Towers with Radar,556,109,0,2,667,0,0,0,0,0,556,109,0,2,667,0,0,0,667
04/23/2020,DFW,TX,ASW,CE,Towers with Radar,594,119,6,1,720,0,8,0,1,9,594,127,6,2,729,0,0,0,729
04/24/2020,DFW,TX,ASW,CE,Towers with Radar,577,115,8,2,702,0,0,4,0,4,577,115,12,2,706,0,0,0,706
04/25/2020,DFW,TX,ASW,CE,Towers with Radar,510,82,4,0,596,0,2,7,0,9,510,84,11,0,605,0,0,0,605
04/26/2020,DFW,TX,ASW,CE,Towers with Radar,528,82,6,0,616,0,1,2,0,3,528,83,8,0,619,0,0,0,619
04/27/2020,DFW,TX,ASW,CE,Towers with Radar,548,111,3,0,662,0,5,2,0,7,548,116,5,0,669,0,0,0,669
04/28/2020,DFW,TX,ASW,CE,Towers with Radar,519,115,0,0,634,0,4,11,0,15,519,119,11,0,649,0,0,0,649
04/29/2020,DFW,TX,ASW,CE,Towers with Radar,613,108,4,0,725,0,1,7,0,8,613,109,11,0,733,0,0,0,733
04/30/2020,DFW,TX,ASW,CE,Towers with Radar,595,111,0,0,706,0,1,6,0,7,595,112,6,0,713,0,0,0,713
05/01/2020,DFW,TX,ASW,CE,Towers with Radar,751,126,12,0,889,0,2,0,2,4,751,128,12,2,893,0,0,0,893
05/02/2020,DFW,TX,ASW,CE,Towers with Radar,584,93,8,0,685,0,1,2,0,3,584,94,10,0,688,0,0,0,688
05/03/2020,DFW,TX,ASW,CE,Towers with Radar,689,92,7,0,788,0,0,6,0,6,689,92,13,0,794,0,0,0,794
05/04/2020,DFW,TX,ASW,CE,Towers with Radar,726,126,6,0,858,0,1,7,2,10,726,127,13,2,868,0,0,0,868
05/05/2020,DFW,TX,ASW,CE,Towers with Radar,740,127,1,3,871,0,4,7,0,11,740,131,8,3,882,0,0,0,882
05/06/2020,DFW,TX,ASW,CE,Towers with Radar,837,126,5,0,968,0,7,2,0,9,837,133,7,0,977,0,0,0,977
05/07/2020,DFW,TX,ASW,CE,Towers with Radar,734,128,3,0,865,0,2,8,0,10,734,130,11,0,875,0,0,0,875
05/08/2020,DFW,TX,ASW,CE,Towers with Radar,751,138,7,3,899,0,0,0,0,0,751,138,7,3,899,0,0,0,899
05/09/2020,DFW,TX,ASW,CE,Towers with Radar,690,127,2,0,819,0,5,3,0,8,690,132,5,0,827,0,0,0,827
05/10/2020,DFW,TX,ASW,CE,Towers with Radar,715,121,2,0,838,0,0,2,0,2,715,121,4,0,840,0,0,0,840
05/11/2020,DFW,TX,ASW,CE,Towers with Radar,732,133,9,3,877,0,1,1,0,2,732,134,10,3,879,0,0,0,879
05/12/2020,DFW,TX,ASW,CE,Towers with Radar,766,138,6,0,910,0,1,0,0,1,766,139,6,0,911,0,0,0,911
05/13/2020,DFW,TX,ASW,CE,Towers with Radar,757,135,5,2,899,0,2,10,0,12,757,137,15,2,911,0,0,0,911
05/14/2020,DFW,TX,ASW,CE,Towers with Radar,778,152,7,0,937,0,3,2,0,5,778,155,9,0,942,0,0,0,942
05/15/2020,DFW,TX,ASW,CE,Towers with Radar,729,142,14,0,885,0,1,2,0,3,729,143,16,0,888,0,0,0,888
05/16/2020,DFW,TX,ASW,CE,Towers with Radar,707,130,0,0,837,0,0,0,0,0,707,130,0,0,837,0,0,0,837
05/17/2020,DFW,TX,ASW,CE,Towers with Radar,695,122,3,0,820,0,0,0,0,0,695,122,3,0,820,0,0,0,820
05/18/2020,DFW,TX,ASW,CE,Towers with Radar,724,132,7,0,863,0,1,5,0,6,724,133,12,0,869,0,0,0,869
05/19/2020,DFW,TX,ASW,CE,Towers with Radar,772,140,5,0,917,0,4,5,0,9,772,144,10,0,926,0,0,0,926
05/20/2020,DFW,TX,ASW,CE,Towers with Radar,783,138,6,0,927,0,3,7,0,10,783,141,13,0,937,0,0,0,937
05/21/2020,DFW,TX,ASW,CE,Towers with Radar,790,141,10,1,942,0,3,1,2,6,790,144,11,3,948,0,0,0,948
05/22/2020,DFW,TX,ASW,CE,Towers with Radar,750,144,8,1,903,0,2,2,0,4,750,146,10,1,907,0,0,0,907
05/23/2020,DFW,TX,ASW,CE,Towers with Radar,718,119,1,0,838,0,0,3,0,3,718,119,4,0,841,0,0,0,841
05/24/2020,DFW,TX,ASW,CE,Towers with Radar,707,122,1,0,830,0,0,0,0,0,707,122,1,0,830,0,0,0,830
05/25/2020,DFW,TX,ASW,CE,Towers with Radar,710,128,6,0,844,0,0,0,0,0,710,128,6,0,844,0,0,0,844
05/26/2020,DFW,TX,ASW,CE,Towers with Radar,705,146,8,0,859,0,2,1,0,3,705,148,9,0,862,0,0,0,862
05/27/2020,DFW,TX,ASW,CE,Towers with Radar,800,137,11,0,948,0,4,6,2,12,800,141,17,2,960,0,0,0,960
05/28/2020,DFW,TX,ASW,CE,Towers with Radar,791,141,2,0,934,0,4,2,0,6,791,145,4,0,940,0,0,0,940
05/29/2020,DFW,TX,ASW,CE,Towers with Radar,756,150,11,0,917,0,0,9,0,9,756,150,20,0,926,0,0,0,926
05/30/2020,DFW,TX,ASW,CE,Towers with Radar,718,122,7,0,847,0,1,5,0,6,718,123,12,0,853,0,0,0,853
05/31/2020,DFW,TX,ASW,CE,Towers with Radar,726,121,4,3,854,0,1,1,0,2,726,122,5,3,856,0,0,0,856
06/01/2020,DFW,TX,ASW,CE,Towers with Radar,716,168,7,2,893,0,2,2,2,6,716,170,9,4,899,0,0,0,899
06/02/2020,DFW,TX,ASW,CE,Towers with Radar,774,178,8,0,960,0,0,4,0,4,774,178,12,0,964,0,0,0,964
06/03/2020,DFW,TX,ASW,CE,Towers with Radar,790,173,3,0,966,0,0,1,0,1,790,173,4,0,967,0,0,0,967
06/04/2020,DFW,TX,ASW,CE,Towers with Radar,853,167,6,0,1026,0,2,7,0,9,853,169,13,0,1035,0,0,0,1035
06/05/2020,DFW,TX,ASW,CE,Towers with Radar,827,161,6,1,995,0,0,4,0,4,827,161,10,1,999,0,0,0,999
06/06/2020,DFW,TX,ASW,CE,Towers with Radar,808,152,1,1,962,0,1,3,0,4,808,153,4,1,966,0,0,0,966
06/07/2020,DFW,TX,ASW,CE,Towers with Radar,798,147,5,0,950,0,1,6,0,7,798,148,11,0,957,0,0,0,957
06/08/2020,DFW,TX,ASW,CE,Towers with Radar,820,160,9,2,991,0,0,7,0,7,820,160,16,2,998,0,0,0,998
06/09/2020,DFW,TX,ASW,CE,Towers with Radar,849,167,7,0,1023,0,3,2,2,7,849,170,9,2,1030,0,0,0,1030
06/10/2020,DFW,TX,ASW,CE,Towers with Radar,866,158,4,0,1028,0,4,2,0,6,866,162,6,0,1034,0,0,0,1034
06/11/2020,DFW,TX,ASW,CE,Towers with Radar,885,167,7,0,1059,0,3,4,0,7,885,170,11,0,1066,0,0,0,1066
06/12/2020,DFW,TX,ASW,CE,Towers with Radar,859,168,4,0,1031,0,0,5,1,6,859,168,9,1,1037,0,0,0,1037
06/13/2020,DFW,TX,ASW,CE,Towers with Radar,819,153,4,0,976,0,0,3,1,4,819,153,7,1,980,0,0,0,980
06/14/2020,DFW,TX,ASW,CE,Towers with Radar,814,145,6,0,965,0,0,1,0,1,814,145,7,0,966,0,0,0,966
06/15/2020,DFW,TX,ASW,CE,Towers with Radar,848,161,5,0,1014,0,2,7,0,9,848,163,12,0,1023,0,0,0,1023
06/16/2020,DFW,TX,ASW,CE,Towers with Radar,855,164,5,0,1024,0,7,7,0,14,855,171,12,0,1038,0,0,0,1038
06/17/2020,DFW,TX,ASW,CE,Towers with Radar,867,154,8,2,1031,0,0,8,0,8,867,154,16,2,1039,0,0,0,1039
06/18/2020,DFW,TX,ASW,CE,Towers with Radar,900,164,6,3,1073,0,2,4,0,6,900,166,10,3,1079,0,0,0,1079
06/19/2020,DFW,TX,ASW,CE,Towers with Radar,857,157,4,0,1018,0,4,5,0,9,857,161,9,0,1027,0,0,0,1027
06/20/2020,DFW,TX,ASW,CE,Towers with Radar,841,156,1,1,999,0,4,1,0,5,841,160,2,1,1004,0,0,0,1004
06/21/2020,DFW,TX,ASW,CE,Towers with Radar,840,147,2,3,992,0,0,7,0,7,840,147,9,3,999,0,0,0,999
06/22/2020,DFW,TX,ASW,CE,Towers with Radar,855,154,8,1,1018,0,5,0,2,7,855,159,8,3,1025,0,0,0,1025
06/23/2020,DFW,TX,ASW,CE,Towers with Radar,869,162,8,0,1039,0,3,1,0,4,869,165,9,0,1043,0,0,0,1043
06/24/2020,DFW,TX,ASW,CE,Towers with Radar,879,156,9,0,1044,0,4,5,0,9,879,160,14,0,1053,0,0,0,1053
06/25/2020,DFW,TX,ASW,CE,Towers with Radar,911,162,8,0,1081,0,0,7,0,7,911,162,15,0,1088,0,0,0,1088
06/26/2020,DFW,TX,ASW,CE,Towers with Radar,874,164,16,0,1054,0,0,1,0,1,874,164,17,0,1055,0,0,0,1055
06/27/2020,DFW,TX,ASW,CE,Towers with Radar,838,155,5,4,1002,0,0,1,0,1,838,155,6,4,1003,0,0,0,1003
06/28/2020,DFW,TX,ASW,CE,Towers with Radar,843,141,6,0,990,0,3,3,0,6,843,144,9,0,996,0,0,0,996
06/29/2020,DFW,TX,ASW,CE,Towers with Radar,862,151,3,0,1016,0,1,2,2,5,862,152,5,2,1021,0,0,0,1021
06/30/2020,DFW,TX,ASW,CE,Towers with Radar,877,170,10,0,1057,0,3,1,0,4,877,173,11,0,1061,0,0,0,1061
07/01/2020,DFW,TX,ASW,CE,Towers with Radar,932,155,6,0,1093,0,2,12,2,16,932,157,18,2,1109,0,0,0,1109
07/02/2020,DFW,TX,ASW,CE,Towers with Radar,982,154,6,0,1142,0,0,1,0,1,982,154,7,0,1143,0,0,0,1143
07/03/2020,DFW,TX,ASW,CE,Towers with Radar,943,155,4,1,1103,0,0,0,0,0,943,155,4,1,1103,0,0,0,1103
07/04/2020,DFW,TX,ASW,CE,Towers with Radar,892,134,0,0,1026,0,1,8,0,9,892,135,8,0,1035,0,0,0,1035
07/05/2020,DFW,TX,ASW,CE,Towers with Radar,885,142,4,0,1031,0,0,3,0,3,885,142,7,0,1034,0,0,0,1034
07/06/2020,DFW,TX,ASW,CE,Towers with Radar,919,157,14,0,1090,0,4,0,0,4,919,161,14,0,1094,0,0,0,1094
07/07/2020,DFW,TX,ASW,CE,Towers with Radar,1115,198,11,0,1324,0,2,2,0,4,1115,200,13,0,1328,0,0,0,1328
07/08/2020,DFW,TX,ASW,CE,Towers with Radar,1169,183,4,2,1358,0,0,6,0,6,1169,183,10,2,1364,0,0,0,1364
07/09/2020,DFW,TX,ASW,CE,Towers with Radar,1400,228,5,0,1633,0,2,3,2,7,1400,230,8,2,1640,0,0,0,1640
07/10/2020,DFW,TX,ASW,CE,Towers with Radar,1378,225,7,0,1610,0,0,6,0,6,1378,225,13,0,1616,0,0,0,1616
07/11/2020,DFW,TX,ASW,CE,Towers with Radar,1271,196,5,0,1472,0,0,0,0,0,1271,196,5,0,1472,0,0,0,1472
07/12/2020,DFW,TX,ASW,CE,Towers with Radar,1336,208,15,0,1559,0,2,5,0,7,1336,210,20,0,1566,0,0,0,1566
07/13/2020,DFW,TX,ASW,CE,Towers with Radar,1366,223,8,2,1599,0,5,1,4,10,1366,228,9,6,1609,0,0,0,1609
07/14/2020,DFW,TX,ASW,CE,Towers with Radar,1178,180,6,0,1364,0,1,10,0,11,1178,181,16,0,1375,0,0,0,1375
07/15/2020,DFW,TX,ASW,CE,Towers with Radar,1178,183,8,2,1371,0,6,5,0,11,1178,189,13,2,1382,0,0,0,1382
07/16/2020,DFW,TX,ASW,CE,Towers with Radar,1410,215,6,0,1631,0,1,2,0,3,1410,216,8,0,1634,0,0,0,1634
07/17/2020,DFW,TX,ASW,CE,Towers with Radar,1370,218,10,0,1598,0,2,5,0,7,1370,220,15,0,1605,0,0,0,1605
07/18/2020,DFW,TX,ASW,CE,Towers with Radar,1279,192,7,0,1478,0,0,2,0,2,1279,192,9,0,1480,0,0,0,1480
07/19/2020,DFW,TX,ASW,CE,Towers with Radar,1325,209,2,0,1536,0,1,3,0,4,1325,210,5,0,1540,0,0,0,1540
07/20/2020,DFW,TX,ASW,CE,Towers with Radar,1359,214,10,4,1587,0,0,5,0,5,1359,214,15,4,1592,0,0,0,1592
07/21/2020,DFW,TX,ASW,CE,Towers with Radar,1156,189,3,0,1348,0,0,0,0,0,1156,189,3,0,1348,0,0,0,1348
07/22/2020,DFW,TX,ASW,CE,Towers with Radar,1176,177,4,2,1359,0,4,3,0,7,1176,181,7,2,1366,0,0,0,1366
07/23/2020,DFW,TX,ASW,CE,Towers with Radar,1417,218,6,1,1642,0,1,6,0,7,1417,219,12,1,1649,0,0,0,1649
07/24/2020,DFW,TX,ASW,CE,Towers with Radar,1364,217,4,0,1585,0,2,1,0,3,1364,219,5,0,1588,0,0,0,1588
07/25/2020,DFW,TX,ASW,CE,Towers with Radar,1258,183,6,0,1447,0,0,2,0,2,1258,183,8,0,1449,0,0,0,1449
07/26/2020,DFW,TX,ASW,CE,Towers with Radar,1331,194,4,0,1529,0,0,3,0,3,1331,194,7,0,1532,0,0,0,1532
07/27/2020,DFW,TX,ASW,CE,Towers with Radar,1341,213,2,2,1558,0,2,3,0,5,1341,215,5,2,1563,0,0,0,1563
07/28/2020,DFW,TX,ASW,CE,Towers with Radar,1139,182,5,0,1326,0,1,7,0,8,1139,183,12,0,1334,0,0,0,1334
07/29/2020,DFW,TX,ASW,CE,Towers with Radar,1159,182,3,2,1346,0,2,7,0,9,1159,184,10,2,1355,0,0,0,1355
07/30/2020,DFW,TX,ASW,CE,Towers with Radar,1337,225,1,1,1564,0,3,3,0,6,1337,228,4,1,1570,0,0,0,1570
07/31/2020,DFW,TX,ASW,CE,Towers with Radar,1323,209,4,0,1536,1,1,4,0,6,1324,210,8,0,1542,0,0,0,1542
08/01/2020,DFW,TX,ASW,CE,Towers with Radar,1234,177,1,0,1412,0,0,0,0,0,1234,177,1,0,1412,0,0,0,1412
08/02/2020,DFW,TX,ASW,CE,Towers with Radar,1300,189,3,0,1492,0,1,6,0,7,1300,190,9,0,1499,0,0,0,1499
08/03/2020,DFW,TX,ASW,CE,Towers with Radar,1311,200,9,4,1524,0,0,4,0,4,1311,200,13,4,1528,0,0,0,1528
08/04/2020,DFW,TX,ASW,CE,Towers with Radar,1111,180,6,0,1297,0,1,2,4,7,1111,181,8,4,1304,0,0,0,1304
08/05/2020,DFW,TX,ASW,CE,Towers with Radar,1112,157,8,0,1277,0,1,3,0,4,1112,158,11,0,1281,0,0,0,1281
08/06/2020,DFW,TX,ASW,CE,Towers with Radar,1350,204,8,0,1562,0,3,4,2,9,1350,207,12,2,1571,0,0,0,1571
08/07/2020,DFW,TX,ASW,CE,Towers with Radar,1303,195,4,0,1502,0,1,0,0,1,1303,196,4,0,1503,0,0,0,1503
08/08/2020,DFW,TX,ASW,CE,Towers with Radar,1213,164,7,0,1384,0,0,3,0,3,1213,164,10,0,1387,0,0,0,1387
08/09/2020,DFW,TX,ASW,CE,Towers with Radar,1283,179,5,0,1467,0,3,2,0,5,1283,182,7,0,1472,0,0,0,1472
08/10/2020,DFW,TX,ASW,CE,Towers with Radar,1298,191,7,0,1496,0,0,0,0,0,1298,191,7,0,1496,0,0,0,1496
08/11/2020,DFW,TX,ASW,CE,Towers with Radar,1102,165,5,0,1272,0,0,4,1,5,1102,165,9,1,1277,0,0,0,1277
08/12/2020,DFW,TX,ASW,CE,Towers with Radar,1117,160,10,0,1287,0,2,6,0,8,1117,162,16,0,1295,0,0,0,1295
08/13/2020,DFW,TX,ASW,CE,Towers with Radar,1340,203,7,2,1552,0,5,2,0,7,1340,208,9,2,1559,0,0,0,1559
08/14/2020,DFW,TX,ASW,CE,Towers with Radar,1302,203,11,0,1516,0,0,3,0,3,1302,203,14,0,1519,0,0,0,1519
08/15/2020,DFW,TX,ASW,CE,Towers with Radar,1220,161,4,0,1385,0,0,6,0,6,1220,161,10,0,1391,0,0,0,1391
08/16/2020,DFW,TX,ASW,CE,Towers with Radar,1132,156,16,0,1304,0,0,1,0,1,1132,156,17,0,1305,0,0,0,1305
08/17/2020,DFW,TX,ASW,CE,Towers with Radar,1326,195,17,0,1538,0,1,8,2,11,1326,196,25,2,1549,0,0,0,1549
08/18/2020,DFW,TX,ASW,CE,Towers with Radar,1117,159,10,0,1286,0,1,5,0,6,1117,160,15,0,1292,0,0,0,1292
08/19/2020,DFW,TX,ASW,CE,Towers with Radar,1145,148,6,2,1301,0,6,1,0,7,1145,154,7,2,1308,0,0,0,1308
08/20/2020,DFW,TX,ASW,CE,Towers with Radar,1402,196,8,0,1606,0,1,4,0,5,1402,197,12,0,1611,0,0,0,1611
08/21/2020,DFW,TX,ASW,CE,Towers with Radar,1365,185,7,0,1557,0,1,4,0,5,1365,186,11,0,1562,0,0,0,1562
08/22/2020,DFW,TX,ASW,CE,Towers with Radar,1259,164,6,0,1429,0,1,5,0,6,1259,165,11,0,1435,0,0,0,1435
08/23/2020,DFW,TX,ASW,CE,Towers with Radar,1327,173,7,0,1507,0,1,1,0,2,1327,174,8,0,1509,0,0,0,1509
08/24/2020,DFW,TX,ASW,CE,Towers with Radar,1342,191,10,2,1545,0,2,2,0,4,1342,193,12,2,1549,0,0,0,1549
08/25/2020,DFW,TX,ASW,CE,Towers with Radar,1134,161,12,0,1307,0,5,1,1,7,1134,166,13,1,1314,0,0,0,1314
08/26/2020,DFW,TX,ASW,CE,Towers with Radar,1132,145,7,0,1284,0,1,5,0,6,1132,146,12,0,1290,0,0,0,1290
08/27/2020,DFW,TX,ASW,CE,Towers with Radar,1387,166,9,2,1564,0,2,1,0,3,1387,168,10,2,1567,0,0,0,1567
08/28/2020,DFW,TX,ASW,CE,Towers with Radar,1351,175,10,1,1537,0,2,3,0,5,1351,177,13,1,1542,0,0,0,1542
08/29/2020,DFW,TX,ASW,CE,Towers with Radar,1268,154,2,0,1424,0,1,6,0,7,1268,155,8,0,1431,0,0,0,1431
08/30/2020,DFW,TX,ASW,CE,Towers with Radar,1321,169,7,0,1497,0,1,0,0,1,1321,170,7,0,1498,0,0,0,1498
08/31/2020,DFW,TX,ASW,CE,Towers with Radar,1343,188,9,0,1540,0,3,2,0,5,1343,191,11,0,1545,0,0,0,1545
09/01/2020,DFW,TX,ASW,CE,Towers with Radar,959,131,3,0,1093,0,2,4,0,6,959,133,7,0,1099,0,0,0,1099
09/02/2020,DFW,TX,ASW,CE,Towers with Radar,1087,158,7,0,1252,0,1,3,0,4,1087,159,10,0,1256,0,0,0,1256
09/03/2020,DFW,TX,ASW,CE,Towers with Radar,1404,189,8,0,1601,0,1,4,0,5,1404,190,12,0,1606,0,0,0,1606
09/04/2020,DFW,TX,ASW,CE,Towers with Radar,1349,189,11,0,1549,0,0,0,0,0,1349,189,11,0,1549,0,0,0,1549
09/05/2020,DFW,TX,ASW,CE,Towers with Radar,1013,136,6,0,1155,0,4,4,2,10,1013,140,10,2,1165,0,0,0,1165
09/06/2020,DFW,TX,ASW,CE,Towers with Radar,1032,136,4,0,1172,0,0,1,0,1,1032,136,5,0,1173,0,0,0,1173
09/07/2020,DFW,TX,ASW,CE,Towers with Radar,1303,170,10,0,1483,0,2,3,0,5,1303,172,13,0,1488,0,0,0,1488
09/08/2020,DFW,TX,ASW,CE,Towers with Radar,1057,157,10,0,1224,0,5,2,0,7,1057,162,12,0,1231,0,0,0,1231
09/09/2020,DFW,TX,ASW,CE,Towers with Radar,1221,182,5,0,1408,0,0,0,0,0,1221,182,5,0,1408,0,0,0,1408
09/10/2020,DFW,TX,ASW,CE,Towers with Radar,1284,199,4,0,1487,0,0,0,0,0,1284,199,4,0,1487,0,0,0,1487
09/11/2020,DFW,TX,ASW,CE,Towers with Radar,1235,196,4,0,1435,0,0,3,0,3,1235,196,7,0,1438,0,0,0,1438
09/12/2020,DFW,TX,ASW,CE,Towers with Radar,1187,179,7,0,1373,0,0,13,0,13,1187,179,20,0,1386,0,0,0,1386
09/13/2020,DFW,TX,ASW,CE,Towers with Radar,1206,170,8,0,1384,0,0,5,0,5,1206,170,13,0,1389,0,0,0,1389
09/14/2020,DFW,TX,ASW,CE,Towers with Radar,1204,197,11,0,1412,0,1,2,0,3,1204,198,13,0,1415,0,0,0,1415
09/15/2020,DFW,TX,ASW,CE,Towers with Radar,1036,162,12,0,1210,0,4,2,0,6,1036,166,14,0,1216,0,0,0,1216
09/16/2020,DFW,TX,ASW,CE,Towers with Radar,1184,186,11,0,1381,0,1,0,2,3,1184,187,11,2,1384,0,0,0,1384
09/17/2020,DFW,TX,ASW,CE,Towers with Radar,1272,199,12,0,1483,0,1,4,0,5,1272,200,16,0,1488,0,0,0,1488
09/18/2020,DFW,TX,ASW,CE,Towers with Radar,1229,190,12,0,1431,0,1,6,0,7,1229,191,18,0,1438,0,0,0,1438
09/19/2020,DFW,TX,ASW,CE,Towers with Radar,1198,178,2,0,1378,0,0,7,0,7,1198,178,9,0,1385,0,0,0,1385
09/20/2020,DFW,TX,ASW,CE,Towers with Radar,1212,172,19,0,1403,0,0,3,2,5,1212,172,22,2,1408,0,0,0,1408
09/21/2020,DFW,TX,ASW,CE,Towers with Radar,1219,201,6,0,1426,0,1,3,0,4,1219,202,9,0,1430,0,0,0,1430
09/22/2020,DFW,TX,ASW,CE,Towers with Radar,1069,182,11,0,1262,0,0,0,0,0,1069,182,11,0,1262,0,0,0,1262
09/23/2020,DFW,TX,ASW,CE,Towers with Radar,1234,195,5,0,1434,0,0,4,0,4,1234,195,9,0,1438,0,0,0,1438
09/24/2020,DFW,TX,ASW,CE,Towers with Radar,1281,203,8,0,1492,0,1,0,4,5,1281,204,8,4,1497,0,0,0,1497
09/25/2020,DFW,TX,ASW,CE,Towers with Radar,1241,193,11,3,1448,0,4,3,0,7,1241,197,14,3,1455,0,0,0,1455
09/26/2020,DFW,TX,ASW,CE,Towers with Radar,1198,168,3,0,1369,0,1,1,0,2,1198,169,4,0,1371,0,0,0,1371
09/27/2020,DFW,TX,ASW,CE,Towers with Radar,1206,177,10,0,1393,0,0,1,0,1,1206,177,11,0,1394,0,0,0,1394
09/28/2020,DFW,TX,ASW,CE,Towers with Radar,1232,193,12,0,1437,0,2,0,0,2,1232,195,12,0,1439,0,0,0,1439
09/29/2020,DFW,TX,ASW,CE,Towers with Radar,1056,171,10,0,1237,0,9,1,0,10,1056,180,11,0,1247,0,0,0,1247
09/30/2020,DFW,TX,ASW,CE,Towers with Radar,1241,192,27,0,1460,0,1,6,0,7,1241,193,33,0,1467,0,0,0,1467
10/01/2020,DFW,TX,ASW,CE,Towers with Radar,1306,203,11,0,1520,0,0,2,0,2,1306,203,13,0,1522,0,0,0,1522
10/02/2020,DFW,TX,ASW,CE,Towers with Radar,1253,193,14,1,1461,0,1,1,0,2,1253,194,15,1,1463,0,0,0,1463
10/03/2020,DFW,TX,ASW,CE,Towers with Radar,1211,172,6,0,1389,0,0,4,0,4,1211,172,10,0,1393,0,0,0,1393
10/04/2020,DFW,TX,ASW,CE,Towers with Radar,1232,174,10,2,1418,0,0,0,0,0,1232,174,10,2,1418,0,0,0,1418
10/05/2020,DFW,TX,ASW,CE,Towers with Radar,1245,187,8,2,1442,0,0,2,0,2,1245,187,10,2,1444,0,0,0,1444
10/06/2020,DFW,TX,ASW,CE,Towers with Radar,1062,168,9,2,1241,0,2,6,0,8,1062,170,15,2,1249,0,0,0,1249
10/07/2020,DFW,TX,ASW,CE,Towers with Radar,1182,189,6,0,1377,0,0,0,1,1,1182,189,6,1,1378,0,0,0,1378
10/08/2020,DFW,TX,ASW,CE,Towers with Radar,1318,181,8,0,1507,0,1,1,0,2,1318,182,9,0,1509,0,0,0,1509
10/09/2020,DFW,TX,ASW,CE,Towers with Radar,1401,194,8,0,1603,0,1,3,0,4,1401,195,11,0,1607,0,0,0,1607
10/10/2020,DFW,TX,ASW,CE,Towers with Radar,1231,149,4,0,1384,0,0,3,0,3,1231,149,7,0,1387,0,0,0,1387
10/11/2020,DFW,TX,ASW,CE,Towers with Radar,1371,196,9,0,1576,0,3,8,0,11,1371,199,17,0,1587,0,0,0,1587
10/12/2020,DFW,TX,ASW,CE,Towers with Radar,1399,199,13,0,1611,0,0,2,0,2,1399,199,15,0,1613,0,0,0,1613
10/13/2020,DFW,TX,ASW,CE,Towers with Radar,1189,191,13,0,1393,0,1,0,0,1,1189,192,13,0,1394,0,0,0,1394
10/14/2020,DFW,TX,ASW,CE,Towers with Radar,1215,185,20,0,1420,0,0,1,0,1,1215,185,21,0,1421,0,0,0,1421
10/15/2020,DFW,TX,ASW,CE,Towers with Radar,1311,192,18,0,1521,0,2,0,2,4,1311,194,18,2,1525,0,0,0,1525
10/16/2020,DFW,TX,ASW,CE,Towers with Radar,1411,202,10,0,1623,0,0,5,0,5,1411,202,15,0,1628,0,0,0,1628
10/17/2020,DFW,TX,ASW,CE,Towers with Radar,1226,149,3,0,1378,0,1,1,4,6,1226,150,4,4,1384,0,0,0,1384
10/18/2020,DFW,TX,ASW,CE,Towers with Radar,1392,188,10,0,1590,0,0,1,2,3,1392,188,11,2,1593,0,0,0,1593
10/19/2020,DFW,TX,ASW,CE,Towers with Radar,1416,201,6,2,1625,0,0,0,0,0,1416,201,6,2,1625,0,0,0,1625
10/20/2020,DFW,TX,ASW,CE,Towers with Radar,1203,188,10,0,1401,0,0,0,0,0,1203,188,10,0,1401,0,0,0,1401
10/21/2020,DFW,TX,ASW,CE,Towers with Radar,1219,199,17,0,1435,0,0,0,2,2,1219,199,17,2,1437,0,0,0,1437
10/22/2020,DFW,TX,ASW,CE,Towers with Radar,1317,195,19,0,1531,0,3,4,0,7,1317,198,23,0,1538,0,0,0,1538
10/23/2020,DFW,TX,ASW,CE,Towers with Radar,1406,211,11,0,1628,0,2,0,0,2,1406,213,11,0,1630,0,0,0,1630
10/24/2020,DFW,TX,ASW,CE,Towers with Radar,1234,151,7,0,1392,0,2,3,1,6,1234,153,10,1,1398,0,0,0,1398
10/25/2020,DFW,TX,ASW,CE,Towers with Radar,1372,184,10,0,1566,0,0,0,0,0,1372,184,10,0,1566,0,0,0,1566
10/26/2020,DFW,TX,ASW,CE,Towers with Radar,1379,185,12,0,1576,0,0,0,0,0,1379,185,12,0,1576,0,0,0,1576
10/27/2020,DFW,TX,ASW,CE,Towers with Radar,1183,155,16,0,1354,0,0,0,0,0,1183,155,16,0,1354,0,0,0,1354
10/28/2020,DFW,TX,ASW,CE,Towers with Radar,1216,167,12,0,1395,0,6,1,2,9,1216,173,13,2,1404,0,0,0,1404
10/29/2020,DFW,TX,ASW,CE,Towers with Radar,1308,177,13,0,1498,0,3,1,0,4,1308,180,14,0,1502,0,0,0,1502
10/30/2020,DFW,TX,ASW,CE,Towers with Radar,1399,212,9,0,1620,0,0,2,0,2,1399,212,11,0,1622,0,0,0,1622
10/31/2020,DFW,TX,ASW,CE,Towers with Radar,802,116,5,0,923,0,3,6,0,9,802,119,11,0,932,0,0,0,932
11/01/2020,DFW,TX,ASW,CE,Towers with Radar,1247,161,8,0,1416,0,0,5,0,5,1247,161,13,0,1421,0,0,0,1421
11/02/2020,DFW,TX,ASW,CE,Towers with Radar,1397,194,10,0,1601,0,2,3,0,5,1397,196,13,0,1606,0,0,0,1606
11/03/2020,DFW,TX,ASW,CE,Towers with Radar,1209,179,1,2,1391,0,2,1,0,3,1209,181,2,2,1394,0,0,0,1394
11/04/2020,DFW,TX,ASW,CE,Towers with Radar,1242,177,7,1,1427,0,2,0,2,4,1242,179,7,3,1431,0,0,0,1431
11/05/2020,DFW,TX,ASW,CE,Towers with Radar,1311,199,9,1,1520,0,1,6,0,7,1311,200,15,1,1527,0,0,0,1527
11/06/2020,DFW,TX,ASW,CE,Towers with Radar,1396,208,11,0,1615,0,1,0,2,3,1396,209,11,2,1618,0,0,0,1618
11/07/2020,DFW,TX,ASW,CE,Towers with Radar,1337,191,1,0,1529,0,2,3,0,5,1337,193,4,0,1534,0,0,0,1534
11/08/2020,DFW,TX,ASW,CE,Towers with Radar,1375,192,7,0,1574,0,1,1,1,3,1375,193,8,1,1577,0,0,0,1577
11/09/2020,DFW,TX,ASW,CE,Towers with Radar,1261,177,4,0,1442,0,3,0,0,3,1261,180,4,0,1445,0,0,0,1445
11/10/2020,DFW,TX,ASW,CE,Towers with Radar,1262,190,12,0,1464,0,6,0,0,6,1262,196,12,0,1470,0,0,0,1470
11/11/2020,DFW,TX,ASW,CE,Towers with Radar,1274,189,18,0,1481,0,6,2,0,8,1274,195,20,0,1489,0,0,0,1489
11/12/2020,DFW,TX,ASW,CE,Towers with Radar,1337,185,8,0,1530,0,1,1,6,8,1337,186,9,6,1538,0,0,0,1538
11/13/2020,DFW,TX,ASW,CE,Towers with Radar,1419,212,11,2,1644,0,1,3,0,4,1419,213,14,2,1648,0,0,0,1648
11/14/2020,DFW,TX,ASW,CE,Towers with Radar,1354,186,10,1,1551,0,0,0,0,0,1354,186,10,1,1551,0,0,0,1551
11/15/2020,DFW,TX,ASW,CE,Towers with Radar,1388,190,8,3,1589,0,0,0,0,0,1388,190,8,3,1589,0,0,0,1589
11/16/2020,DFW,TX,ASW,CE,Towers with Radar,1293,178,4,0,1475,0,1,2,0,3,1293,179,6,0,1478,0,0,0,1478
11/17/2020,DFW,TX,ASW,CE,Towers with Radar,1268,179,5,0,1452,0,2,2,0,4,1268,181,7,0,1456,0,0,0,1456
11/18/2020,DFW,TX,ASW,CE,Towers with Radar,1292,174,18,0,1484,0,4,2,0,6,1292,178,20,0,1490,0,0,0,1490
11/19/2020,DFW,TX,ASW,CE,Towers with Radar,1361,190,19,0,1570,0,0,0,0,0,1361,190,19,0,1570,0,0,0,1570
11/20/2020,DFW,TX,ASW,CE,Towers with Radar,1449,198,16,3,1666,0,1,1,0,2,1449,199,17,3,1668,0,0,0,1668
11/21/2020,DFW,TX,ASW,CE,Towers with Radar,1400,182,8,2,1592,0,0,1,0,1,1400,182,9,2,1593,0,0,0,1593
11/22/2020,DFW,TX,ASW,CE,Towers with Radar,1431,172,5,0,1608,0,2,2,0,4,1431,174,7,0,1612,0,0,0,1612
11/23/2020,DFW,TX,ASW,CE,Towers with Radar,1141,159,2,0,1302,0,2,0,0,2,1141,161,2,0,1304,0,0,0,1304
11/24/2020,DFW,TX,ASW,CE,Towers with Radar,1456,198,15,0,1669,0,0,0,2,2,1456,198,15,2,1671,0,0,0,1671
11/25/2020,DFW,TX,ASW,CE,Towers with Radar,1476,200,4,0,1680,0,0,5,0,5,1476,200,9,0,1685,0,0,0,1685
11/26/2020,DFW,TX,ASW,CE,Towers with Radar,437,44,1,0,482,0,4,1,0,5,437,48,2,0,487,0,0,0,487
11/27/2020,DFW,TX,ASW,CE,Towers with Radar,1070,150,0,0,1220,0,2,1,0,3,1070,152,1,0,1223,0,0,0,1223
11/28/2020,DFW,TX,ASW,CE,Towers with Radar,1404,201,1,0,1606,0,2,1,0,3,1404,203,2,0,1609,0,0,0,1609
11/29/2020,DFW,TX,ASW,CE,Towers with Radar,1442,203,14,0,1659,0,0,0,0,0,1442,203,14,0,1659,0,0,0,1659
11/30/2020,DFW,TX,ASW,CE,Towers with Radar,1464,217,9,1,1691,0,0,3,0,3,1464,217,12,1,1694,0,0,0,1694
12/01/2020,DFW,TX,ASW,CE,Towers with Radar,1324,190,11,0,1525,0,0,2,0,2,1324,190,13,0,1527,0,0,0,1527
12/02/2020,DFW,TX,ASW,CE,Towers with Radar,1196,163,11,0,1370,0,0,2,0,2,1196,163,13,0,1372,0,0,0,1372
12/03/2020,DFW,TX,ASW,CE,Towers with Radar,1358,183,8,1,1550,0,0,0,0,0,1358,183,8,1,1550,0,0,0,1550
12/04/2020,DFW,TX,ASW,CE,Towers with Radar,1441,208,6,0,1655,0,0,2,0,2,1441,208,8,0,1657,0,0,0,1657
12/05/2020,DFW,TX,ASW,CE,Towers with Radar,1194,156,3,0,1353,0,1,4,0,5,1194,157,7,0,1358,0,0,0,1358
12/06/2020,DFW,TX,ASW,CE,Towers with Radar,1400,178,4,0,1582,0,0,6,0,6,1400,178,10,0,1588,0,0,0,1588
12/07/2020,DFW,TX,ASW,CE,Towers with Radar,1421,193,11,0,1625,0,0,7,0,7,1421,193,18,0,1632,0,0,0,1632
12/08/2020,DFW,TX,ASW,CE,Towers with Radar,1156,168,15,0,1339,0,1,12,0,13,1156,169,27,0,1352,0,0,0,1352
12/09/2020,DFW,TX,ASW,CE,Towers with Radar,1166,168,14,0,1348,0,1,2,0,3,1166,169,16,0,1351,0,0,0,1351
12/10/2020,DFW,TX,ASW,CE,Towers with Radar,1355,182,10,0,1547,0,2,0,0,2,1355,184,10,0,1549,0,0,0,1549
12/11/2020,DFW,TX,ASW,CE,Towers with Radar,1434,208,7,0,1649,0,1,4,0,5,1434,209,11,0,1654,0,0,0,1654
12/12/2020,DFW,TX,ASW,CE,Towers with Radar,1193,153,2,0,1348,0,1,0,0,1,1193,154,2,0,1349,0,0,0,1349
12/13/2020,DFW,TX,ASW,CE,Towers with Radar,1408,170,7,1,1586,0,0,0,0,0,1408,170,7,1,1586,0,0,0,1586
12/14/2020,DFW,TX,ASW,CE,Towers with Radar,1420,206,8,0,1634,0,0,2,0,2,1420,206,10,0,1636,0,0,0,1636
12/15/2020,DFW,TX,ASW,CE,Towers with Radar,1173,161,13,0,1347,0,0,4,0,4,1173,161,17,0,1351,0,0,0,1351
12/16/2020,DFW,TX,ASW,CE,Towers with Radar,1182,169,13,0,1364,0,2,5,0,7,1182,171,18,0,1371,0,0,0,1371
12/17/2020,DFW,TX,ASW,CE,Towers with Radar,1513,234,10,0,1757,0,0,8,0,8,1513,234,18,0,1765,0,0,0,1765
12/18/2020,DFW,TX,ASW,CE,Towers with Radar,1549,246,9,0,1804,0,1,0,0,1,1549,247,9,0,1805,0,0,0,1805
12/19/2020,DFW,TX,ASW,CE,Towers with Radar,1484,236,11,0,1731,0,0,3,0,3,1484,236,14,0,1734,0,0,0,1734
12/20/2020,DFW,TX,ASW,CE,Towers with Radar,1501,222,6,0,1729,0,0,0,0,0,1501,222,6,0,1729,0,0,0,1729
12/21/2020,DFW,TX,ASW,CE,Towers with Radar,1500,249,8,0,1757,0,1,0,0,1,1500,250,8,0,1758,0,0,0,1758
12/22/2020,DFW,TX,ASW,CE,Towers with Radar,1545,263,12,1,1821,0,2,0,3,5,1545,265,12,4,1826,0,0,0,1826
12/23/2020,DFW,TX,ASW,CE,Towers with Radar,1547,252,4,0,1803,0,0,5,0,5,1547,252,9,0,1808,0,0,0,1808
12/24/2020,DFW,TX,ASW,CE,Towers with Radar,1063,169,0,0,1232,0,2,4,0,6,1063,171,4,0,1238,0,0,0,1238
12/25/2020,DFW,TX,ASW,CE,Towers with Radar,787,87,2,0,876,0,0,0,0,0,787,87,2,0,876,0,0,0,876
12/26/2020,DFW,TX,ASW,CE,Towers with Radar,1376,233,8,0,1617,0,0,0,0,0,1376,233,8,0,1617,0,0,0,1617
12/27/2020,DFW,TX,ASW,CE,Towers with Radar,1436,226,6,0,1668,0,2,0,0,2,1436,228,6,0,1670,0,0,0,1670
12/28/2020,DFW,TX,ASW,CE,Towers with Radar,1448,237,7,0,1692,0,0,5,0,5,1448,237,12,0,1697,0,0,0,1697
12/29/2020,DFW,TX,ASW,CE,Towers with Radar,1500,244,5,0,1749,0,2,2,0,4,1500,246,7,0,1753,0,0,0,1753
12/30/2020,DFW,TX,ASW,CE,Towers with Radar,1371,215,9,0,1595,0,0,0,0,0,1371,215,9,0,1595,0,0,0,1595
12/31/2020,DFW,TX,ASW,CE,Towers with Radar,1038,162,7,2,1209,0,0,0,0,0,1038,162,7,2,1209,0,0,0,1209
01/01/2021,DFW,TX,ASW,CE,Towers with Radar,1206,159,7,0,1372,0,0,0,0,0,1206,159,7,0,1372,0,0,0,1372
01/02/2021,DFW,TX,ASW,CE,Towers with Radar,1387,243,8,0,1638,0,0,0,0,0,1387,243,8,0,1638,0,0,0,1638
01/03/2021,DFW,TX,ASW,CE,Towers with Radar,1459,226,13,0,1698,0,0,1,0,1,1459,226,14,0,1699,0,0,0,1699
01/04/2021,DFW,TX,ASW,CE,Towers with Radar,1438,241,21,0,1700,0,5,3,0,8,1438,246,24,0,1708,0,0,0,1708
01/05/2021,DFW,TX,ASW,CE,Towers with Radar,1224,204,25,1,1454,0,0,3,0,3,1224,204,28,1,1457,0,0,0,1457
01/06/2021,DFW,TX,ASW,CE,Towers with Radar,1280,222,11,0,1513,0,3,0,0,3,1280,225,11,0,1516,0,0,0,1516
01/07/2021,DFW,TX,ASW,CE,Towers with Radar,1334,217,4,0,1555,0,0,0,0,0,1334,217,4,0,1555,0,0,0,1555
01/08/2021,DFW,TX,ASW,CE,Towers with Radar,1406,255,10,0,1671,0,2,3,0,5,1406,257,13,0,1676,0,0,0,1676
01/09/2021,DFW,TX,ASW,CE,Towers with Radar,1168,199,5,1,1373,0,0,4,1,5,1168,199,9,2,1378,0,0,0,1378
01/10/2021,DFW,TX,ASW,CE,Towers with Radar,1114,128,15,0,1257,0,0,0,0,0,1114,128,15,0,1257,0,0,0,1257
01/11/2021,DFW,TX,ASW,CE,Towers with Radar,1273,202,1,0,1476,0,0,3,0,3,1273,202,4,0,1479,0,0,0,1479
01/12/2021,DFW,TX,ASW,CE,Towers with Radar,1259,207,15,0,1481,0,0,2,0,2,1259,207,17,0,1483,0,0,0,1483
01/13/2021,DFW,TX,ASW,CE,Towers with Radar,1281,218,6,0,1505,0,2,1,0,3,1281,220,7,0,1508,0,0,0,1508
01/14/2021,DFW,TX,ASW,CE,Towers with Radar,1322,213,13,0,1548,0,0,3,0,3,1322,213,16,0,1551,0,0,0,1551
01/15/2021,DFW,TX,ASW,CE,Towers with Radar,1412,225,3,0,1640,0,2,0,0,2,1412,227,3,0,1642,0,0,0,1642
01/16/2021,DFW,TX,ASW,CE,Towers with Radar,1175,193,5,0,1373,0,2,3,0,5,1175,195,8,0,1378,0,0,0,1378
01/17/2021,DFW,TX,ASW,CE,Towers with Radar,1360,220,7,0,1587,0,4,0,0,4,1360,224,7,0,1591,0,0,0,1591
01/18/2021,DFW,TX,ASW,CE,Towers with Radar,1278,205,8,0,1491,1,0,2,0,3,1279,205,10,0,1494,0,0,0,1494
01/19/2021,DFW,TX,ASW,CE,Towers with Radar,1265,209,2,0,1476,0,0,4,0,4,1265,209,6,0,1480,0,0,0,1480
01/20/2021,DFW,TX,ASW,CE,Towers with Radar,1272,214,6,0,1492,0,0,0,0,0,1272,214,6,0,1492,0,0,0,1492
01/21/2021,DFW,TX,ASW,CE,Towers with Radar,1332,221,16,0,1569,0,0,0,0,0,1332,221,16,0,1569,0,0,0,1569
01/22/2021,DFW,TX,ASW,CE,Towers with Radar,1406,222,12,0,1640,0,0,0,0,0,1406,222,12,0,1640,0,0,0,1640
01/23/2021,DFW,TX,ASW,CE,Towers with Radar,1182,195,6,0,1383,0,0,0,0,0,1182,195,6,0,1383,0,0,0,1383
01/24/2021,DFW,TX,ASW,CE,Towers with Radar,1370,190,5,0,1565,0,0,0,0,0,1370,190,5,0,1565,0,0,0,1565
01/25/2021,DFW,TX,ASW,CE,Towers with Radar,1286,204,0,0,1490,0,0,4,0,4,1286,204,4,0,1494,0,0,0,1494
01/26/2021,DFW,TX,ASW,CE,Towers with Radar,1260,213,10,0,1483,1,4,1,0,6,1261,217,11,0,1489,0,0,0,1489
01/27/2021,DFW,TX,ASW,CE,Towers with Radar,1271,210,11,0,1492,0,0,9,0,9,1271,210,20,0,1501,0,0,0,1501
01/28/2021,DFW,TX,ASW,CE,Towers with Radar,1329,218,3,0,1550,0,0,5,2,7,1329,218,8,2,1557,0,0,0,1557
01/29/2021,DFW,TX,ASW,CE,Towers with Radar,1400,243,8,0,1651,0,2,5,0,7,1400,245,13,0,1658,0,0,0,1658
01/30/2021,DFW,TX,ASW,CE,Towers with Radar,1075,175,4,0,1254,0,0,0,0,0,1075,175,4,0,1254,0,0,0,1254
01/31/2021,DFW,TX,ASW,CE,Towers with Radar,1373,214,3,0,1590,0,5,4,0,9,1373,219,7,0,1599,0,0,0,1599
02/01/2021,DFW,TX,ASW,CE,Towers with Radar,1250,209,4,0,1463,0,0,0,0,0,1250,209,4,0,1463,0,0,0,1463
02/02/2021,DFW,TX,ASW,CE,Towers with Radar,1246,212,19,1,1478,0,1,2,0,3,1246,213,21,1,1481,0,0,0,1481
02/03/2021,DFW,TX,ASW,CE,Towers with Radar,1281,208,14,0,1503,0,1,2,2,5,1281,209,16,2,1508,0,0,0,1508
02/04/2021,DFW,TX,ASW,CE,Towers with Radar,1331,212,10,0,1553,0,1,0,0,1,1331,213,10,0,1554,0,0,0,1554
02/05/2021,DFW,TX,ASW,CE,Towers with Radar,1415,233,10,0,1658,0,0,0,0,0,1415,233,10,0,1658,0,0,0,1658
02/06/2021,DFW,TX,ASW,CE,Towers with Radar,1177,195,8,0,1380,0,1,0,0,1,1177,196,8,0,1381,0,0,0,1381
02/07/2021,DFW,TX,ASW,CE,Towers with Radar,1380,200,1,0,1581,0,1,2,0,3,1380,201,3,0,1584,0,0,0,1584
02/08/2021,DFW,TX,ASW,CE,Towers with Radar,1286,191,9,0,1486,0,0,1,0,1,1286,191,10,0,1487,0,0,0,1487
02/09/2021,DFW,TX,ASW,CE,Towers with Radar,1271,189,6,0,1466,0,0,0,0,0,1271,189,6,0,1466,0,0,0,1466
02/10/2021,DFW,TX,ASW,CE,Towers with Radar,1279,169,13,0,1461,0,0,0,0,0,1279,169,13,0,1461,0,0,0,1461
02/11/2021,DFW,TX,ASW,CE,Towers with Radar,1288,165,5,0,1458,0,0,0,0,0,1288,165,5,0,1458,0,0,0,1458
02/12/2021,DFW,TX,ASW,CE,Towers with Radar,1424,193,8,1,1626,0,0,0,0,0,1424,193,8,1,1626,0,0,0,1626
02/13/2021,DFW,TX,ASW,CE,Towers with Radar,1170,159,1,0,1330,0,0,0,0,0,1170,159,1,0,1330,0,0,0,1330
02/14/2021,DFW,TX,ASW,CE,Towers with Radar,574,24,3,0,601,0,0,0,0,0,574,24,3,0,601,0,0,0,601
02/15/2021,DFW,TX,ASW,CE,Towers with Radar,427,15,10,0,452,0,0,2,2,4,427,15,12,2,456,0,0,0,456
02/16/2021,DFW,TX,ASW,CE,Towers with Radar,385,18,10,0,413,0,4,0,0,4,385,22,10,0,417,0,0,0,417
02/17/2021,DFW,TX,ASW,CE,Towers with Radar,356,33,2,0,391,0,0,0,0,0,356,33,2,0,391,0,0,0,391
02/18/2021,DFW,TX,ASW,CE,Towers with Radar,711,72,10,0,793,0,7,2,0,9,711,79,12,0,802,0,0,0,802
02/19/2021,DFW,TX,ASW,CE,Towers with Radar,998,93,6,2,1099,0,0,2,1,3,998,93,8,3,1102,0,0,0,1102
02/20/2021,DFW,TX,ASW,CE,Towers with Radar,1183,140,6,2,1331,0,0,2,2,4,1183,140,8,4,1335,0,0,0,1335
02/21/2021,DFW,TX,ASW,CE,Towers with Radar,1387,173,6,0,1566,0,3,0,0,3,1387,176,6,0,1569,0,0,0,1569
02/22/2021,DFW,TX,ASW,CE,Towers with Radar,1299,201,12,0,1512,0,9,4,2,15,1299,210,16,2,1527,0,0,0,1527
02/23/2021,DFW,TX,ASW,CE,Towers with Radar,1274,192,23,0,1489,0,0,6,0,6,1274,192,29,0,1495,0,0,0,1495
02/24/2021,DFW,TX,ASW,CE,Towers with Radar,1293,204,4,0,1501,0,2,0,0,2,1293,206,4,0,1503,0,0,0,1503
02/25/2021,DFW,TX,ASW,CE,Towers with Radar,1334,205,14,0,1553,0,0,0,0,0,1334,205,14,0,1553,0,0,0,1553
02/26/2021,DFW,TX,ASW,CE,Towers with Radar,1448,228,13,0,1689,0,2,2,0,4,1448,230,15,0,1693,0,0,0,1693
02/27/2021,DFW,TX,ASW,CE,Towers with Radar,1219,173,4,0,1396,0,0,1,0,1,1219,173,5,0,1397,0,0,0,1397
02/28/2021,DFW,TX,ASW,CE,Towers with Radar,1292,196,6,0,1494,0,0,0,0,0,1292,196,6,0,1494,0,0,0,1494
03/01/2021,DFW,TX,ASW,CE,Towers with Radar,1279,197,9,0,1485,0,0,2,0,2,1279,197,11,0,1487,0,0,0,1487
03/02/2021,DFW,TX,ASW,CE,Towers with Radar,1285,190,8,0,1483,0,1,3,0,4,1285,191,11,0,1487,0,0,0,1487
03/03/2021,DFW,TX,ASW,CE,Towers with Radar,1303,189,19,0,1511,0,4,10,0,14,1303,193,29,0,1525,0,0,0,1525
03/04/2021,DFW,TX,ASW,CE,Towers with Radar,1542,234,7,0,1783,0,1,2,0,3,1542,235,9,0,1786,0,0,0,1786
03/05/2021,DFW,TX,ASW,CE,Towers with Radar,1551,242,13,0,1806,0,1,6,0,7,1551,243,19,0,1813,0,0,0,1813
03/06/2021,DFW,TX,ASW,CE,Towers with Radar,1419,205,8,0,1632,0,2,4,4,10,1419,207,12,4,1642,0,0,0,1642
03/07/2021,DFW,TX,ASW,CE,Towers with Radar,1532,220,13,0,1765,0,0,0,0,0,1532,220,13,0,1765,0,0,0,1765
03/08/2021,DFW,TX,ASW,CE,Towers with Radar,1536,237,14,0,1787,0,6,1,0,7,1536,243,15,0,1794,0,0,0,1794
03/09/2021,DFW,TX,ASW,CE,Towers with Radar,1506,221,8,0,1735,0,0,1,0,1,1506,221,9,0,1736,0,0,0,1736
03/10/2021,DFW,TX,ASW,CE,Towers with Radar,1535,233,23,1,1792,0,0,0,0,0,1535,233,23,1,1792,0,0,0,1792
03/11/2021,DFW,TX,ASW,CE,Towers with Radar,1610,236,10,0,1856,0,1,2,3,6,1610,237,12,3,1862,0,0,0,1862
03/12/2021,DFW,TX,ASW,CE,Towers with Radar,1572,231,11,2,1816,0,0,1,0,1,1572,231,12,2,1817,0,0,0,1817
03/13/2021,DFW,TX,ASW,CE,Towers with Radar,1413,203,8,0,1624,0,0,0,0,0,1413,203,8,0,1624,0,0,0,1624
03/14/2021,DFW,TX,ASW,CE,Towers with Radar,1473,217,5,0,1695,0,0,0,0,0,1473,217,5,0,1695,0,0,0,1695
03/15/2021,DFW,TX,ASW,CE,Towers with Radar,1547,233,10,0,1790,0,0,0,0,0,1547,233,10,0,1790,0,0,0,1790
03/16/2021,DFW,TX,ASW,CE,Towers with Radar,1524,215,5,0,1744,0,1,10,1,12,1524,216,15,1,1756,0,0,0,1756
03/17/2021,DFW,TX,ASW,CE,Towers with Radar,1326,129,9,0,1464,0,0,2,0,2,1326,129,11,0,1466,0,0,0,1466
03/18/2021,DFW,TX,ASW,CE,Towers with Radar,1601,247,18,0,1866,0,2,7,0,9,1601,249,25,0,1875,0,0,0,1875
03/19/2021,DFW,TX,ASW,CE,Towers with Radar,1578,240,31,1,1850,0,2,7,3,12,1578,242,38,4,1862,0,0,0,1862
03/20/2021,DFW,TX,ASW,CE,Towers with Radar,1443,209,9,0,1661,0,0,18,0,18,1443,209,27,0,1679,0,0,0,1679
03/21/2021,DFW,TX,ASW,CE,Towers with Radar,1522,223,10,0,1755,0,2,4,0,6,1522,225,14,0,1761,0,0,0,1761
03/22/2021,DFW,TX,ASW,CE,Towers with Radar,1397,198,9,2,1606,0,0,0,0,0,1397,198,9,2,1606,0,0,0,1606
03/23/2021,DFW,TX,ASW,CE,Towers with Radar,1548,223,12,0,1783,0,2,10,0,12,1548,225,22,0,1795,0,0,0,1795
03/24/2021,DFW,TX,ASW,CE,Towers with Radar,1509,214,12,0,1735,0,2,0,0,2,1509,216,12,0,1737,0,0,0,1737
03/25/2021,DFW,TX,ASW,CE,Towers with Radar,1622,254,16,4,1896,0,0,0,0,0,1622,254,16,4,1896,0,0,0,1896
03/26/2021,DFW,TX,ASW,CE,Towers with Radar,1567,247,3,0,1817,0,0,2,0,2,1567,247,5,0,1819,0,0,0,1819
03/27/2021,DFW,TX,ASW,CE,Towers with Radar,1448,206,13,0,1667,1,2,0,0,3,1449,208,13,0,1670,0,0,0,1670
03/28/2021,DFW,TX,ASW,CE,Towers with Radar,1534,229,14,0,1777,0,0,0,0,0,1534,229,14,0,1777,0,0,0,1777
03/29/2021,DFW,TX,ASW,CE,Towers with Radar,1562,247,7,0,1816,0,2,2,0,4,1562,249,9,0,1820,0,0,0,1820
03/30/2021,DFW,TX,ASW,CE,Towers with Radar,1537,220,7,0,1764,0,1,2,0,3,1537,221,9,0,1767,0,0,0,1767
03/31/2021,DFW,TX,ASW,CE,Towers with Radar,1563,229,5,1,1798,0,0,2,3,5,1563,229,7,4,1803,0,0,0,1803
04/01/2021,DFW,TX,ASW,CE,Towers with Radar,1615,258,16,0,1889,0,1,4,0,5,1615,259,20,0,1894,0,0,0,1894
04/02/2021,DFW,TX,ASW,CE,Towers with Radar,1539,252,4,0,1795,0,1,6,0,7,1539,253,10,0,1802,0,0,0,1802
04/03/2021,DFW,TX,ASW,CE,Towers with Radar,1338,208,10,0,1556,0,1,0,0,1,1338,209,10,0,1557,0,0,0,1557
04/04/2021,DFW,TX,ASW,CE,Towers with Radar,1374,190,5,0,1569,0,2,0,0,2,1374,192,5,0,1571,0,0,0,1571
04/05/2021,DFW,TX,ASW,CE,Towers with Radar,1539,247,12,0,1798,0,3,3,0,6,1539,250,15,0,1804,0,0,0,1804
04/06/2021,DFW,TX,ASW,CE,Towers with Radar,1369,222,19,0,1610,0,0,4,0,4,1369,222,23,0,1614,0,0,0,1614
04/07/2021,DFW,TX,ASW,CE,Towers with Radar,1372,219,13,0,1604,0,1,8,0,9,1372,220,21,0,1613,0,0,0,1613
04/08/2021,DFW,TX,ASW,CE,Towers with Radar,1584,261,15,0,1860,0,1,20,0,21,1584,262,35,0,1881,0,0,0,1881
04/09/2021,DFW,TX,ASW,CE,Towers with Radar,1539,249,6,0,1794,0,0,2,0,2,1539,249,8,0,1796,0,0,0,1796
04/10/2021,DFW,TX,ASW,CE,Towers with Radar,1505,220,5,1,1731,0,3,1,0,4,1505,223,6,1,1735,0,0,0,1735
04/11/2021,DFW,TX,ASW,CE,Towers with Radar,1476,240,6,1,1723,0,1,2,0,3,1476,241,8,1,1726,0,0,0,1726
04/12/2021,DFW,TX,ASW,CE,Towers with Radar,1528,243,12,0,1783,0,2,1,0,3,1528,245,13,0,1786,0,0,0,1786
04/13/2021,DFW,TX,ASW,CE,Towers with Radar,1368,226,13,0,1607,0,0,0,4,4,1368,226,13,4,1611,0,0,0,1611
04/14/2021,DFW,TX,ASW,CE,Towers with Radar,1366,233,20,0,1619,0,2,0,0,2,1366,235,20,0,1621,0,0,0,1621
04/15/2021,DFW,TX,ASW,CE,Towers with Radar,1592,259,5,0,1856,0,0,0,2,2,1592,259,5,2,1858,0,0,0,1858
04/16/2021,DFW,TX,ASW,CE,Towers with Radar,1545,231,10,0,1786,0,0,0,0,0,1545,231,10,0,1786,0,0,0,1786
04/17/2021,DFW,TX,ASW,CE,Towers with Radar,1499,222,6,0,1727,0,0,2,0,2,1499,222,8,0,1729,0,0,0,1729
04/18/2021,DFW,TX,ASW,CE,Towers with Radar,1508,241,8,0,1757,0,0,2,0,2,1508,241,10,0,1759,0,0,0,1759
04/19/2021,DFW,TX,ASW,CE,Towers with Radar,1539,248,10,0,1797,0,1,0,2,3,1539,249,10,2,1800,0,0,0,1800
04/20/2021,DFW,TX,ASW,CE,Towers with Radar,1358,216,17,0,1591,0,1,2,0,3,1358,217,19,0,1594,0,0,0,1594
04/21/2021,DFW,TX,ASW,CE,Towers with Radar,1362,219,16,0,1597,0,0,0,0,0,1362,219,16,0,1597,0,0,0,1597
04/22/2021,DFW,TX,ASW,CE,Towers with Radar,1602,258,12,0,1872,0,5,1,6,12,1602,263,13,6,1884,0,0,0,1884
04/23/2021,DFW,TX,ASW,CE,Towers with Radar,1421,215,8,0,1644,0,0,1,2,3,1421,215,9,2,1647,0,0,0,1647
04/24/2021,DFW,TX,ASW,CE,Towers with Radar,1482,238,4,0,1724,0,1,2,0,3,1482,239,6,0,1727,0,0,0,1727
04/25/2021,DFW,TX,ASW,CE,Towers with Radar,1535,225,6,0,1766,0,1,2,0,3,1535,226,8,0,1769,0,0,0,1769
04/26/2021,DFW,TX,ASW,CE,Towers with Radar,1544,239,12,0,1795,0,0,4,0,4,1544,239,16,0,1799,0,0,0,1799
04/27/2021,DFW,TX,ASW,CE,Towers with Radar,1364,225,20,0,1609,0,6,0,0,6,1364,231,20,0,1615,0,0,0,1615
04/28/2021,DFW,TX,ASW,CE,Towers with Radar,1353,220,20,0,1593,0,2,0,0,2,1353,222,20,0,1595,0,0,0,1595
04/29/2021,DFW,TX,ASW,CE,Towers with Radar,1613,249,21,2,1885,0,0,0,2,2,1613,249,21,4,1887,0,0,0,1887
04/30/2021,DFW,TX,ASW,CE,Towers with Radar,1574,244,14,0,1832,0,0,0,0,0,1574,244,14,0,1832,0,0,0,1832
05/01/2021,DFW,TX,ASW,CE,Towers with Radar,1510,222,6,0,1738,0,2,0,0,2,1510,224,6,0,1740,0,0,0,1740
05/02/2021,DFW,TX,ASW,CE,Towers with Radar,1525,225,13,0,1763,0,2,0,0,2,1525,227,13,0,1765,0,0,0,1765
05/03/2021,DFW,TX,ASW,CE,Towers with Radar,1471,222,10,0,1703,0,2,3,0,5,1471,224,13,0,1708,0,0,0,1708
05/04/2021,DFW,TX,ASW,CE,Towers with Radar,1404,221,20,0,1645,0,2,1,0,3,1404,223,21,0,1648,0,0,0,1648
05/05/2021,DFW,TX,ASW,CE,Towers with Radar,1385,220,9,0,1614,1,4,9,0,14,1386,224,18,0,1628,0,0,0,1628
05/06/2021,DFW,TX,ASW,CE,Towers with Radar,1695,253,15,0,1963,0,3,2,2,7,1695,256,17,2,1970,0,0,0,1970
05/07/2021,DFW,TX,ASW,CE,Towers with Radar,1699,248,20,0,1967,0,0,3,0,3,1699,248,23,0,1970,0,0,0,1970
05/08/2021,DFW,TX,ASW,CE,Towers with Radar,1625,210,10,0,1845,0,1,2,0,3,1625,211,12,0,1848,0,0,0,1848
05/09/2021,DFW,TX,ASW,CE,Towers with Radar,1666,226,14,0,1906,0,0,3,0,3,1666,226,17,0,1909,0,0,0,1909
05/10/2021,DFW,TX,ASW,CE,Towers with Radar,1353,196,11,0,1560,0,0,0,0,0,1353,196,11,0,1560,0,0,0,1560
05/11/2021,DFW,TX,ASW,CE,Towers with Radar,1283,117,16,0,1416,0,0,0,0,0,1283,117,16,0,1416,0,0,0,1416
05/12/2021,DFW,TX,ASW,CE,Towers with Radar,1577,236,17,0,1830,0,2,0,0,2,1577,238,17,0,1832,0,0,0,1832
05/13/2021,DFW,TX,ASW,CE,Towers with Radar,1731,247,15,0,1993,0,3,8,0,11,1731,250,23,0,2004,0,0,0,2004
05/14/2021,DFW,TX,ASW,CE,Towers with Radar,1691,254,13,0,1958,0,1,1,0,2,1691,255,14,0,1960,0,0,0,1960
05/15/2021,DFW,TX,ASW,CE,Towers with Radar,1625,201,8,0,1834,0,1,0,0,1,1625,202,8,0,1835,0,0,0,1835
05/16/2021,DFW,TX,ASW,CE,Towers with Radar,1485,191,13,0,1689,1,0,0,0,1,1486,191,13,0,1690,0,0,0,1690
05/17/2021,DFW,TX,ASW,CE,Towers with Radar,1709,220,11,0,1940,0,0,0,0,0,1709,220,11,0,1940,0,0,0,1940
05/18/2021,DFW,TX,ASW,CE,Towers with Radar,1546,189,3,0,1738,0,0,2,0,2,1546,189,5,0,1740,0,0,0,1740
05/19/2021,DFW,TX,ASW,CE,Towers with Radar,1628,228,13,0,1869,0,0,0,3,3,1628,228,13,3,1872,0,0,0,1872
05/20/2021,DFW,TX,ASW,CE,Towers with Radar,1744,244,15,0,2003,0,0,2,0,2,1744,244,17,0,2005,0,0,0,2005
05/21/2021,DFW,TX,ASW,CE,Towers with Radar,1695,249,18,0,1962,0,0,0,2,2,1695,249,18,2,1964,0,0,0,1964
05/22/2021,DFW,TX,ASW,CE,Towers with Radar,1624,210,6,0,1840,0,0,0,0,0,1624,210,6,0,1840,0,0,0,1840
05/23/2021,DFW,TX,ASW,CE,Towers with Radar,1663,221,11,2,1897,0,0,0,0,0,1663,221,11,2,1897,0,0,0,1897
05/24/2021,DFW,TX,ASW,CE,Towers with Radar,1615,224,6,0,1845,0,0,0,0,0,1615,224,6,0,1845,0,0,0,1845
05/25/2021,DFW,TX,ASW,CE,Towers with Radar,1579,225,10,0,1814,0,1,1,0,2,1579,226,11,0,1816,0,0,0,1816
05/26/2021,DFW,TX,ASW,CE,Towers with Radar,1619,230,7,1,1857,0,4,0,2,6,1619,234,7,3,1863,0,0,0,1863
05/27/2021,DFW,TX,ASW,CE,Towers with Radar,1734,250,3,4,1991,0,0,1,0,1,1734,250,4,4,1992,0,0,0,1992
05/28/2021,DFW,TX,ASW,CE,Towers with Radar,1723,235,18,0,1976,0,0,0,0,0,1723,235,18,0,1976,0,0,0,1976
05/29/2021,DFW,TX,ASW,CE,Towers with Radar,1635,203,8,0,1846,0,5,6,0,11,1635,208,14,0,1857,0,0,0,1857
05/30/2021,DFW,TX,ASW,CE,Towers with Radar,1658,215,4,0,1877,0,0,0,0,0,1658,215,4,0,1877,0,0,0,1877
05/31/2021,DFW,TX,ASW,CE,Towers with Radar,1509,173,5,0,1687,0,0,0,0,0,1509,173,5,0,1687,0,0,0,1687
06/01/2021,DFW,TX,ASW,CE,Towers with Radar,1532,225,13,0,1770,0,0,7,0,7,1532,225,20,0,1777,0,0,0,1777
06/02/2021,DFW,TX,ASW,CE,Towers with Radar,1618,233,15,0,1866,0,2,6,0,8,1618,235,21,0,1874,0,0,0,1874
06/03/2021,DFW,TX,ASW,CE,Towers with Radar,1746,253,15,0,2014,0,1,0,0,1,1746,254,15,0,2015,0,0,0,2015
06/04/2021,DFW,TX,ASW,CE,Towers with Radar,1823,242,10,2,2077,0,1,2,0,3,1823,243,12,2,2080,0,0,0,2080
06/05/2021,DFW,TX,ASW,CE,Towers with Radar,1616,205,15,0,1836,0,0,2,0,2,1616,205,17,0,1838,0,0,0,1838
06/06/2021,DFW,TX,ASW,CE,Towers with Radar,1798,214,8,0,2020,0,1,2,0,3,1798,215,10,0,2023,0,0,0,2023
06/07/2021,DFW,TX,ASW,CE,Towers with Radar,1411,170,7,2,1590,0,0,0,0,0,1411,170,7,2,1590,0,0,0,1590
06/08/2021,DFW,TX,ASW,CE,Towers with Radar,1738,228,11,0,1977,0,0,2,0,2,1738,228,13,0,1979,0,0,0,1979
06/09/2021,DFW,TX,ASW,CE,Towers with Radar,1787,245,12,0,2044,0,0,2,0,2,1787,245,14,0,2046,0,0,0,2046
06/10/2021,DFW,TX,ASW,CE,Towers with Radar,1840,243,11,0,2094,0,2,3,0,5,1840,245,14,0,2099,0,0,0,2099
06/11/2021,DFW,TX,ASW,CE,Towers with Radar,1807,231,14,0,2052,0,0,2,0,2,1807,231,16,0,2054,0,0,0,2054
06/12/2021,DFW,TX,ASW,CE,Towers with Radar,1700,209,5,0,1914,0,0,1,0,1,1700,209,6,0,1915,0,0,0,1915
06/13/2021,DFW,TX,ASW,CE,Towers with Radar,1737,214,4,0,1955,0,0,1,0,1,1737,214,5,0,1956,0,0,0,1956
06/14/2021,DFW,TX,ASW,CE,Towers with Radar,1759,224,10,0,1993,0,1,4,0,5,1759,225,14,0,1998,0,0,0,1998
06/15/2021,DFW,TX,ASW,CE,Towers with Radar,1804,219,18,0,2041,0,0,6,0,6,1804,219,24,0,2047,0,0,0,2047
06/16/2021,DFW,TX,ASW,CE,Towers with Radar,1819,239,26,0,2084,0,3,2,2,7,1819,242,28,2,2091,0,0,0,2091
06/17/2021,DFW,TX,ASW,CE,Towers with Radar,1822,246,23,0,2091,0,1,1,0,2,1822,247,24,0,2093,0,0,0,2093
06/18/2021,DFW,TX,ASW,CE,Towers with Radar,1777,237,7,0,2021,0,2,3,0,5,1777,239,10,0,2026,0,0,0,2026
06/19/2021,DFW,TX,ASW,CE,Towers with Radar,1685,204,13,0,1902,0,0,1,0,1,1685,204,14,0,1903,0,0,0,1903
06/20/2021,DFW,TX,ASW,CE,Towers with Radar,1715,216,13,0,1944,0,2,0,0,2,1715,218,13,0,1946,0,0,0,1946
06/21/2021,DFW,TX,ASW,CE,Towers with Radar,1572,203,17,0,1792,0,0,0,0,0,1572,203,17,0,1792,0,0,0,1792
06/22/2021,DFW,TX,ASW,CE,Towers with Radar,1754,226,29,0,2009,0,2,2,2,6,1754,228,31,2,2015,0,0,0,2015
06/23/2021,DFW,TX,ASW,CE,Towers with Radar,1775,242,25,0,2042,0,0,0,0,0,1775,242,25,0,2042,0,0,0,2042
06/24/2021,DFW,TX,ASW,CE,Towers with Radar,1797,236,24,0,2057,1,0,0,0,1,1798,236,24,0,2058,0,0,0,2058
06/25/2021,DFW,TX,ASW,CE,Towers with Radar,1761,241,35,0,2037,0,0,3,2,5,1761,241,38,2,2042,0,0,0,2042
06/26/2021,DFW,TX,ASW,CE,Towers with Radar,1725,219,11,0,1955,0,0,2,0,2,1725,219,13,0,1957,0,0,0,1957
06/27/2021,DFW,TX,ASW,CE,Towers with Radar,1730,205,10,0,1945,0,0,0,0,0,1730,205,10,0,1945,0,0,0,1945
06/28/2021,DFW,TX,ASW,CE,Towers with Radar,1687,212,14,0,1913,0,0,0,0,0,1687,212,14,0,1913,0,0,0,1913
06/29/2021,DFW,TX,ASW,CE,Towers with Radar,1790,233,19,0,2042,0,0,2,0,2,1790,233,21,0,2044,0,0,0,2044
06/30/2021,DFW,TX,ASW,CE,Towers with Radar,1771,238,19,1,2029,0,0,0,2,2,1771,238,19,3,2031,0,0,0,2031
07/01/2021,DFW,TX,ASW,CE,Towers with Radar,1719,227,20,0,1966,0,0,5,0,5,1719,227,25,0,1971,0,0,0,1971
07/02/2021,DFW,TX,ASW,CE,Towers with Radar,1603,195,17,0,1815,0,0,1,0,1,1603,195,18,0,1816,0,0,0,1816
07/03/2021,DFW,TX,ASW,CE,Towers with Radar,1721,209,6,2,1938,0,2,2,0,4,1721,211,8,2,1942,0,0,0,1942
07/04/2021,DFW,TX,ASW,CE,Towers with Radar,1490,165,7,0,1662,0,1,1,2,4,1490,166,8,2,1666,0,0,0,1666
07/05/2021,DFW,TX,ASW,CE,Towers with Radar,1667,199,9,0,1875,0,0,0,0,0,1667,199,9,0,1875,0,0,0,1875
07/06/2021,DFW,TX,ASW,CE,Towers with Radar,1703,235,14,0,1952,0,1,0,0,1,1703,236,14,0,1953,0,0,0,1953
07/07/2021,DFW,TX,ASW,CE,Towers with Radar,1750,239,22,0,2011,0,3,2,1,6,1750,242,24,1,2017,0,0,0,2017
07/08/2021,DFW,TX,ASW,CE,Towers with Radar,1769,231,12,0,2012,0,2,2,0,4,1769,233,14,0,2016,0,0,0,2016
07/09/2021,DFW,TX,ASW,CE,Towers with Radar,1747,228,8,0,1983,0,0,2,0,2,1747,228,10,0,1985,0,0,0,1985
07/10/2021,DFW,TX,ASW,CE,Towers with Radar,1706,212,13,0,1931,0,0,0,0,0,1706,212,13,0,1931,0,0,0,1931
07/11/2021,DFW,TX,ASW,CE,Towers with Radar,1701,217,10,0,1928,0,2,0,0,2,1701,219,10,0,1930,0,0,0,1930
07/12/2021,DFW,TX,ASW,CE,Towers with Radar,1734,231,9,0,1974,0,4,6,0,10,1734,235,15,0,1984,0,0,0,1984
07/13/2021,DFW,TX,ASW,CE,Towers with Radar,1780,220,5,0,2005,0,2,0,0,2,1780,222,5,0,2007,0,0,0,2007
07/14/2021,DFW,TX,ASW,CE,Towers with Radar,1784,247,8,0,2039,0,1,3,0,4,1784,248,11,0,2043,0,0,0,2043
07/15/2021,DFW,TX,ASW,CE,Towers with Radar,1865,247,25,0,2137,0,0,2,0,2,1865,247,27,0,2139,0,0,0,2139
07/16/2021,DFW,TX,ASW,CE,Towers with Radar,1825,237,17,0,2079,0,0,7,0,7,1825,237,24,0,2086,0,0,0,2086
07/17/2021,DFW,TX,ASW,CE,Towers with Radar,1774,213,19,0,2006,0,1,0,0,1,1774,214,19,0,2007,0,0,0,2007
07/18/2021,DFW,TX,ASW,CE,Towers with Radar,1785,215,39,0,2039,0,1,4,0,5,1785,216,43,0,2044,0,0,0,2044
07/19/2021,DFW,TX,ASW,CE,Towers with Radar,1662,197,22,2,1883,0,0,0,0,0,1662,197,22,2,1883,0,0,0,1883
07/20/2021,DFW,TX,ASW,CE,Towers with Radar,1823,234,31,0,2088,0,0,2,0,2,1823,234,33,0,2090,0,0,0,2090
07/21/2021,DFW,TX,ASW,CE,Towers with Radar,1860,247,29,0,2136,0,0,4,0,4,1860,247,33,0,2140,0,0,0,2140
07/22/2021,DFW,TX,ASW,CE,Towers with Radar,1864,242,18,0,2124,0,0,5,0,5,1864,242,23,0,2129,0,0,0,2129
07/23/2021,DFW,TX,ASW,CE,Towers with Radar,1826,234,19,2,2081,0,2,6,0,8,1826,236,25,2,2089,0,0,0,2089
07/24/2021,DFW,TX,ASW,CE,Towers with Radar,1744,219,12,0,1975,0,1,8,0,9,1744,220,20,0,1984,0,0,0,1984
07/25/2021,DFW,TX,ASW,CE,Towers with Radar,1769,217,10,0,1996,0,1,3,0,4,1769,218,13,0,2000,0,0,0,2000
07/26/2021,DFW,TX,ASW,CE,Towers with Radar,1823,231,9,0,2063,0,0,5,2,7,1823,231,14,2,2070,0,0,0,2070
07/27/2021,DFW,TX,ASW,CE,Towers with Radar,1798,230,16,0,2044,0,0,1,0,1,1798,230,17,0,2045,0,0,0,2045
07/28/2021,DFW,TX,ASW,CE,Towers with Radar,1867,244,22,0,2133,0,0,2,1,3,1867,244,24,1,2136,0,0,0,2136
07/29/2021,DFW,TX,ASW,CE,Towers with Radar,1870,229,15,0,2114,0,2,1,2,5,1870,231,16,2,2119,0,0,0,2119
07/30/2021,DFW,TX,ASW,CE,Towers with Radar,1837,238,13,0,2088,0,0,5,0,5,1837,238,18,0,2093,0,0,0,2093
07/31/2021,DFW,TX,ASW,CE,Towers with Radar,1678,211,11,0,1900,0,0,0,0,0,1678,211,11,0,1900,0,0,0,1900
08/01/2021,DFW,TX,ASW,CE,Towers with Radar,1337,163,19,1,1520,0,1,0,0,1,1337,164,19,1,1521,0,0,0,1521
08/02/2021,DFW,TX,ASW,CE,Towers with Radar,1360,240,10,0,1610,0,0,1,0,1,1360,240,11,0,1611,0,0,0,1611
08/03/2021,DFW,TX,ASW,CE,Towers with Radar,1655,221,9,0,1885,0,1,12,2,15,1655,222,21,2,1900,0,0,0,1900
08/04/2021,DFW,TX,ASW,CE,Towers with Radar,1771,243,5,0,2019,0,1,3,0,4,1771,244,8,0,2023,0,0,0,2023
08/05/2021,DFW,TX,ASW,CE,Towers with Radar,1836,239,12,0,2087,0,0,3,0,3,1836,239,15,0,2090,0,0,0,2090
08/06/2021,DFW,TX,ASW,CE,Towers with Radar,1803,240,8,1,2052,0,1,0,1,2,1803,241,8,2,2054,0,0,0,2054
08/07/2021,DFW,TX,ASW,CE,Towers with Radar,1744,209,4,0,1957,1,1,2,0,4,1745,210,6,0,1961,0,0,0,1961
08/08/2021,DFW,TX,ASW,CE,Towers with Radar,1794,217,11,0,2022,0,0,0,0,0,1794,217,11,0,2022,0,0,0,2022
08/09/2021,DFW,TX,ASW,CE,Towers with Radar,1803,232,17,0,2052,0,3,1,1,5,1803,235,18,1,2057,0,0,0,2057
08/10/2021,DFW,TX,ASW,CE,Towers with Radar,1823,222,10,0,2055,0,4,3,0,7,1823,226,13,0,2062,0,0,0,2062
08/11/2021,DFW,TX,ASW,CE,Towers with Radar,1849,234,14,0,2097,0,2,0,0,2,1849,236,14,0,2099,0,0,0,2099
08/12/2021,DFW,TX,ASW,CE,Towers with Radar,1851,234,20,0,2105,0,0,2,0,2,1851,234,22,0,2107,0,0,0,2107
08/13/2021,DFW,TX,ASW,CE,Towers with Radar,1807,231,7,0,2045,0,5,0,0,5,1807,236,7,0,2050,0,0,0,2050
08/14/2021,DFW,TX,ASW,CE,Towers with Radar,1392,153,3,1,1549,0,0,4,1,5,1392,153,7,2,1554,0,0,0,1554
08/15/2021,DFW,TX,ASW,CE,Towers with Radar,1667,213,9,0,1889,0,0,0,0,0,1667,213,9,0,1889,0,0,0,1889
08/16/2021,DFW,TX,ASW,CE,Towers with Radar,1804,228,8,0,2040,0,0,3,0,3,1804,228,11,0,2043,0,0,0,2043
08/17/2021,DFW,TX,ASW,CE,Towers with Radar,1065,132,13,1,1211,0,3,0,0,3,1065,135,13,1,1214,0,0,0,1214
08/18/2021,DFW,TX,ASW,CE,Towers with Radar,1413,188,16,1,1618,0,0,0,0,0,1413,188,16,1,1618,0,0,0,1618
08/19/2021,DFW,TX,ASW,CE,Towers with Radar,1817,234,16,0,2067,0,0,2,0,2,1817,234,18,0,2069,0,0,0,2069
08/20/2021,DFW,TX,ASW,CE,Towers with Radar,1810,236,14,0,2060,0,2,3,0,5,1810,238,17,0,2065,0,0,0,2065
08/21/2021,DFW,TX,ASW,CE,Towers with Radar,1591,194,5,0,1790,0,0,4,0,4,1591,194,9,0,1794,0,0,0,1794
08/22/2021,DFW,TX,ASW,CE,Towers with Radar,1684,203,12,0,1899,0,1,1,0,2,1684,204,13,0,1901,0,0,0,1901
08/23/2021,DFW,TX,ASW,CE,Towers with Radar,1658,212,19,0,1889,0,0,3,0,3,1658,212,22,0,1892,0,0,0,1892
08/24/2021,DFW,TX,ASW,CE,Towers with Radar,1554,193,15,0,1762,0,1,1,0,2,1554,194,16,0,1764,0,0,0,1764
08/25/2021,DFW,TX,ASW,CE,Towers with Radar,1722,226,19,0,1967,0,4,0,2,6,1722,230,19,2,1973,0,0,0,1973
08/26/2021,DFW,TX,ASW,CE,Towers with Radar,1864,234,24,0,2122,0,3,8,0,11,1864,237,32,0,2133,0,0,0,2133
08/27/2021,DFW,TX,ASW,CE,Towers with Radar,1794,229,13,0,2036,0,2,5,0,7,1794,231,18,0,2043,0,0,0,2043
08/28/2021,DFW,TX,ASW,CE,Towers with Radar,1585,201,5,0,1791,0,1,5,0,6,1585,202,10,0,1797,0,0,0,1797
08/29/2021,DFW,TX,ASW,CE,Towers with Radar,1637,183,5,0,1825,0,0,0,0,0,1637,183,5,0,1825,0,0,0,1825
08/30/2021,DFW,TX,ASW,CE,Towers with Radar,1608,180,4,0,1792,0,0,1,2,3,1608,180,5,2,1795,0,0,0,1795
08/31/2021,DFW,TX,ASW,CE,Towers with Radar,1555,194,8,0,1757,0,0,9,0,9,1555,194,17,0,1766,0,0,0,1766
09/01/2021,DFW,TX,ASW,CE,Towers with Radar,1718,233,19,1,1971,0,1,12,1,14,1718,234,31,2,1985,0,0,0,1985
09/02/2021,DFW,TX,ASW,CE,Towers with Radar,1825,239,9,0,2073,0,3,4,0,7,1825,242,13,0,2080,0,0,0,2080
09/03/2021,DFW,TX,ASW,CE,Towers with Radar,1789,222,18,1,2030,0,3,6,0,9,1789,225,24,1,2039,0,0,0,2039
09/04/2021,DFW,TX,ASW,CE,Towers with Radar,1415,184,0,0,1599,0,4,0,0,4,1415,188,0,0,1603,0,0,0,1603
09/05/2021,DFW,TX,ASW,CE,Towers with Radar,1297,143,3,1,1444,0,2,3,0,5,1297,145,6,1,1449,0,0,0,1449
09/06/2021,DFW,TX,ASW,CE,Towers with Radar,1516,190,8,0,1714,0,0,3,0,3,1516,190,11,0,1717,0,0,0,1717
09/07/2021,DFW,TX,ASW,CE,Towers with Radar,1505,194,14,1,1714,0,3,0,0,3,1505,197,14,1,1717,0,0,0,1717
09/08/2021,DFW,TX,ASW,CE,Towers with Radar,1682,208,19,0,1909,0,5,0,0,5,1682,213,19,0,1914,0,0,0,1914
09/09/2021,DFW,TX,ASW,CE,Towers with Radar,1827,216,19,2,2064,0,3,0,0,3,1827,219,19,2,2067,0,0,0,2067
09/10/2021,DFW,TX,ASW,CE,Towers with Radar,1799,220,19,0,2038,0,5,3,0,8,1799,225,22,0,2046,0,0,0,2046
09/11/2021,DFW,TX,ASW,CE,Towers with Radar,1444,166,13,0,1623,0,2,0,11,13,1444,168,13,11,1636,0,0,0,1636
09/12/2021,DFW,TX,ASW,CE,Towers with Radar,1757,188,18,0,1963,0,2,3,0,5,1757,190,21,0,1968,0,0,0,1968
09/13/2021,DFW,TX,ASW,CE,Towers with Radar,1667,188,12,0,1867,0,3,2,5,10,1667,191,14,5,1877,0,0,0,1877
09/14/2021,DFW,TX,ASW,CE,Towers with Radar,1569,179,10,0,1758,0,1,2,0,3,1569,180,12,0,1761,0,0,0,1761
09/15/2021,DFW,TX,ASW,CE,Towers with Radar,1717,216,12,0,1945,0,0,3,0,3,1717,216,15,0,1948,0,0,0,1948
09/16/2021,DFW,TX,ASW,CE,Towers with Radar,1837,216,12,0,2065,0,0,2,0,2,1837,216,14,0,2067,0,0,0,2067
09/17/2021,DFW,TX,ASW,CE,Towers with Radar,1815,214,11,0,2040,0,1,1,0,2,1815,215,12,0,2042,0,0,0,2042
09/18/2021,DFW,TX,ASW,CE,Towers with Radar,1456,157,5,0,1618,0,0,7,0,7,1456,157,12,0,1625,0,0,0,1625
09/19/2021,DFW,TX,ASW,CE,Towers with Radar,1782,187,13,0,1982,0,1,3,0,4,1782,188,16,0,1986,0,0,0,1986
09/20/2021,DFW,TX,ASW,CE,Towers with Radar,1654,193,11,0,1858,0,3,0,0,3,1654,196,11,0,1861,0,0,0,1861
09/21/2021,DFW,TX,ASW,CE,Towers with Radar,1576,192,10,0,1778,0,0,2,0,2,1576,192,12,0,1780,0,0,0,1780
09/22/2021,DFW,TX,ASW,CE,Towers with Radar,1729,215,15,0,1959,0,1,9,0,10,1729,216,24,0,1969,0,0,0,1969
09/23/2021,DFW,TX,ASW,CE,Towers with Radar,1824,220,25,0,2069,0,0,3,4,7,1824,220,28,4,2076,0,0,0,2076
09/24/2021,DFW,TX,ASW,CE,Towers with Radar,1827,205,15,0,2047,0,5,5,0,10,1827,210,20,0,2057,0,0,0,2057
09/25/2021,DFW,TX,ASW,CE,Towers with Radar,1439,156,10,2,1607,0,0,2,0,2,1439,156,12,2,1609,0,0,0,1609
09/26/2021,DFW,TX,ASW,CE,Towers with Radar,1761,196,3,0,1960,0,4,4,0,8,1761,200,7,0,1968,0,0,0,1968
09/27/2021,DFW,TX,ASW,CE,Towers with Radar,1665,193,10,0,1868,0,5,7,0,12,1665,198,17,0,1880,0,0,0,1880
09/28/2021,DFW,TX,ASW,CE,Towers with Radar,1581,197,12,0,1790,0,1,0,0,1,1581,198,12,0,1791,0,0,0,1791
09/29/2021,DFW,TX,ASW,CE,Towers with Radar,1721,218,12,0,1951,0,3,3,0,6,1721,221,15,0,1957,0,0,0,1957
09/30/2021,DFW,TX,ASW,CE,Towers with Radar,1584,185,10,0,1779,0,0,4,0,4,1584,185,14,0,1783,0,0,0,1783
10/01/2021,DFW,TX,ASW,CE,Towers with Radar,1804,212,15,0,2031,0,8,2,0,10,1804,220,17,0,2041,0,0,0,2041
10/02/2021,DFW,TX,ASW,CE,Towers with Radar,1426,162,6,0,1594,0,0,2,0,2,1426,162,8,0,1596,0,0,0,1596
10/03/2021,DFW,TX,ASW,CE,Towers with Radar,1767,185,22,0,1974,0,2,3,0,5,1767,187,25,0,1979,0,0,0,1979
10/04/2021,DFW,TX,ASW,CE,Towers with Radar,1652,192,18,3,1865,0,2,1,0,3,1652,194,19,3,1868,0,0,0,1868
10/05/2021,DFW,TX,ASW,CE,Towers with Radar,1556,183,12,3,1754,0,6,4,0,10,1556,189,16,3,1764,0,0,0,1764
10/06/2021,DFW,TX,ASW,CE,Towers with Radar,1729,218,20,0,1967,0,4,8,0,12,1729,222,28,0,1979,0,0,0,1979
10/07/2021,DFW,TX,ASW,CE,Towers with Radar,1821,210,23,0,2054,0,9,2,0,11,1821,219,25,0,2065,0,0,0,2065
10/08/2021,DFW,TX,ASW,CE,Towers with Radar,1797,218,6,0,2021,0,5,10,0,15,1797,223,16,0,2036,0,0,0,2036
10/09/2021,DFW,TX,ASW,CE,Towers with Radar,1575,187,4,0,1766,0,1,2,0,3,1575,188,6,0,1769,0,0,0,1769
10/10/2021,DFW,TX,ASW,CE,Towers with Radar,1480,167,7,0,1654,0,4,7,0,11,1480,171,14,0,1665,0,0,0,1665
10/11/2021,DFW,TX,ASW,CE,Towers with Radar,1635,200,10,0,1845,0,0,3,0,3,1635,200,13,0,1848,0,0,0,1848
10/12/2021,DFW,TX,ASW,CE,Towers with Radar,1538,191,6,0,1735,0,0,0,0,0,1538,191,6,0,1735,0,0,0,1735
10/13/2021,DFW,TX,ASW,CE,Towers with Radar,1310,147,14,0,1471,0,0,2,0,2,1310,147,16,0,1473,0,0,0,1473
10/14/2021,DFW,TX,ASW,CE,Towers with Radar,1838,212,16,0,2066,0,0,2,2,4,1838,212,18,2,2070,0,0,0,2070
10/15/2021,DFW,TX,ASW,CE,Towers with Radar,1799,219,19,0,2037,0,1,6,0,7,1799,220,25,0,2044,0,0,0,2044
10/16/2021,DFW,TX,ASW,CE,Towers with Radar,1582,179,7,1,1769,0,2,3,1,6,1582,181,10,2,1775,0,0,0,1775
10/17/2021,DFW,TX,ASW,CE,Towers with Radar,1668,185,14,0,1867,0,1,7,0,8,1668,186,21,0,1875,0,0,0,1875
10/18/2021,DFW,TX,ASW,CE,Towers with Radar,1651,197,16,0,1864,0,1,1,0,2,1651,198,17,0,1866,0,0,0,1866
10/19/2021,DFW,TX,ASW,CE,Towers with Radar,1548,188,17,0,1753,0,7,7,0,14,1548,195,24,0,1767,0,0,0,1767
10/20/2021,DFW,TX,ASW,CE,Towers with Radar,1725,214,21,0,1960,0,1,0,0,1,1725,215,21,0,1961,0,0,0,1961
10/21/2021,DFW,TX,ASW,CE,Towers with Radar,1800,205,15,0,2020,0,4,0,2,6,1800,209,15,2,2026,0,0,0,2026
10/22/2021,DFW,TX,ASW,CE,Towers with Radar,1770,218,18,0,2006,0,1,2,0,3,1770,219,20,0,2009,0,0,0,2009
10/23/2021,DFW,TX,ASW,CE,Towers with Radar,1584,187,1,1,1773,1,2,4,0,7,1585,189,5,1,1780,0,0,0,1780
10/24/2021,DFW,TX,ASW,CE,Towers with Radar,1642,206,21,0,1869,0,1,1,0,2,1642,207,22,0,1871,0,0,0,1871
10/25/2021,DFW,TX,ASW,CE,Towers with Radar,1676,201,14,0,1891,0,3,1,0,4,1676,204,15,0,1895,0,0,0,1895
10/26/2021,DFW,TX,ASW,CE,Towers with Radar,1549,203,22,0,1774,0,1,0,0,1,1549,204,22,0,1775,0,0,0,1775
10/27/2021,DFW,TX,ASW,CE,Towers with Radar,1727,200,20,0,1947,0,0,3,0,3,1727,200,23,0,1950,0,0,0,1950
10/28/2021,DFW,TX,ASW,CE,Towers with Radar,1508,169,11,0,1688,0,2,1,0,3,1508,171,12,0,1691,0,0,0,1691
10/29/2021,DFW,TX,ASW,CE,Towers with Radar,1685,220,13,0,1918,0,1,2,0,3,1685,221,15,0,1921,0,0,0,1921
10/30/2021,DFW,TX,ASW,CE,Towers with Radar,1364,191,4,0,1559,0,2,2,0,4,1364,193,6,0,1563,0,0,0,1563
10/31/2021,DFW,TX,ASW,CE,Towers with Radar,1241,188,12,0,1441,0,1,0,0,1,1241,189,12,0,1442,0,0,0,1442
11/01/2021,DFW,TX,ASW,CE,Towers with Radar,1509,201,12,0,1722,0,1,4,0,5,1509,202,16,0,1727,0,0,0,1727
11/02/2021,DFW,TX,ASW,CE,Towers with Radar,1459,212,28,0,1699,0,1,2,0,3,1459,213,30,0,1702,0,0,0,1702
11/03/2021,DFW,TX,ASW,CE,Towers with Radar,1650,239,9,0,1898,0,0,0,0,0,1650,239,9,0,1898,0,0,0,1898
11/04/2021,DFW,TX,ASW,CE,Towers with Radar,1773,250,20,0,2043,0,1,0,0,1,1773,251,20,0,2044,0,0,0,2044
11/05/2021,DFW,TX,ASW,CE,Towers with Radar,1731,238,27,1,1997,0,0,4,0,4,1731,238,31,1,2001,0,0,0,2001
11/06/2021,DFW,TX,ASW,CE,Towers with Radar,1490,209,10,4,1713,0,2,7,0,9,1490,211,17,4,1722,0,0,0,1722
11/07/2021,DFW,TX,ASW,CE,Towers with Radar,1601,213,26,2,1842,0,1,2,0,3,1601,214,28,2,1845,0,0,0,1845
11/08/2021,DFW,TX,ASW,CE,Towers with Radar,1593,223,14,2,1832,0,0,0,4,4,1593,223,14,6,1836,0,0,0,1836
11/09/2021,DFW,TX,ASW,CE,Towers with Radar,1521,218,19,0,1758,0,0,0,0,0,1521,218,19,0,1758,0,0,0,1758
11/10/2021,DFW,TX,ASW,CE,Towers with Radar,1521,206,28,0,1755,0,0,2,1,3,1521,206,30,1,1758,0,0,0,1758
11/11/2021,DFW,TX,ASW,CE,Towers with Radar,1808,250,28,0,2086,0,5,1,0,6,1808,255,29,0,2092,0,0,0,2092
11/12/2021,DFW,TX,ASW,CE,Towers with Radar,1740,240,28,0,2008,0,0,3,0,3,1740,240,31,0,2011,0,0,0,2011
11/13/2021,DFW,TX,ASW,CE,Towers with Radar,1489,209,10,0,1708,0,4,2,0,6,1489,213,12,0,1714,0,0,0,1714
11/14/2021,DFW,TX,ASW,CE,Towers with Radar,1616,217,30,0,1863,1,0,7,0,8,1617,217,37,0,1871,0,0,0,1871
11/15/2021,DFW,TX,ASW,CE,Towers with Radar,1596,207,22,0,1825,0,5,3,0,8,1596,212,25,0,1833,0,0,0,1833
11/16/2021,DFW,TX,ASW,CE,Towers with Radar,1521,211,21,0,1753,0,1,10,0,11,1521,212,31,0,1764,0,0,0,1764
11/17/2021,DFW,TX,ASW,CE,Towers with Radar,1689,232,22,0,1943,0,0,9,0,9,1689,232,31,0,1952,0,0,0,1952
11/18/2021,DFW,TX,ASW,CE,Towers with Radar,1779,244,23,0,2046,0,2,3,2,7,1779,246,26,2,2053,0,0,0,2053
11/19/2021,DFW,TX,ASW,CE,Towers with Radar,1752,243,27,0,2022,0,0,4,0,4,1752,243,31,0,2026,0,0,0,2026
11/20/2021,DFW,TX,ASW,CE,Towers with Radar,1534,198,10,0,1742,0,3,2,4,9,1534,201,12,4,1751,0,0,0,1751
11/21/2021,DFW,TX,ASW,CE,Towers with Radar,1511,192,9,0,1712,0,0,0,0,0,1511,192,9,0,1712,0,0,0,1712
11/22/2021,DFW,TX,ASW,CE,Towers with Radar,1666,234,11,0,1911,0,3,5,2,10,1666,237,16,2,1921,0,0,0,1921
11/23/2021,DFW,TX,ASW,CE,Towers with Radar,1797,238,13,0,2048,0,1,4,1,6,1797,239,17,1,2054,0,0,0,2054
11/24/2021,DFW,TX,ASW,CE,Towers with Radar,1814,241,11,0,2066,0,0,3,0,3,1814,241,14,0,2069,0,0,0,2069
11/25/2021,DFW,TX,ASW,CE,Towers with Radar,823,108,2,0,933,0,0,0,0,0,823,108,2,0,933,0,0,0,933
11/26/2021,DFW,TX,ASW,CE,Towers with Radar,1130,132,10,0,1272,0,3,1,0,4,1130,135,11,0,1276,0,0,0,1276
11/27/2021,DFW,TX,ASW,CE,Towers with Radar,1733,245,3,0,1981,0,0,0,0,0,1733,245,3,0,1981,0,0,0,1981
11/28/2021,DFW,TX,ASW,CE,Towers with Radar,1772,232,20,0,2024,0,5,0,0,5,1772,237,20,0,2029,0,0,0,2029
11/29/2021,DFW,TX,ASW,CE,Towers with Radar,1765,235,8,0,2008,0,1,2,0,3,1765,236,10,0,2011,0,0,0,2011
11/30/2021,DFW,TX,ASW,CE,Towers with Radar,1639,215,26,0,1880,0,4,2,0,6,1639,219,28,0,1886,0,0,0,1886
12/01/2021,DFW,TX,ASW,CE,Towers with Radar,1679,232,26,0,1937,0,4,8,0,12,1679,236,34,0,1949,0,0,0,1949
12/02/2021,DFW,TX,ASW,CE,Towers with Radar,1808,236,35,1,2080,0,7,9,0,16,1808,243,44,1,2096,0,0,0,2096
12/03/2021,DFW,TX,ASW,CE,Towers with Radar,1753,239,23,0,2015,0,3,3,2,8,1753,242,26,2,2023,0,0,0,2023
12/04/2021,DFW,TX,ASW,CE,Towers with Radar,1483,204,9,0,1696,0,0,2,0,2,1483,204,11,0,1698,0,0,0,1698
12/05/2021,DFW,TX,ASW,CE,Towers with Radar,1611,205,18,0,1834,0,0,0,0,0,1611,205,18,0,1834,0,0,0,1834
12/06/2021,DFW,TX,ASW,CE,Towers with Radar,1601,213,35,0,1849,0,1,4,0,5,1601,214,39,0,1854,0,0,0,1854
12/07/2021,DFW,TX,ASW,CE,Towers with Radar,1526,215,19,0,1760,0,1,6,0,7,1526,216,25,0,1767,0,0,0,1767
12/08/2021,DFW,TX,ASW,CE,Towers with Radar,1683,253,19,1,1956,0,0,5,4,9,1683,253,24,5,1965,0,0,0,1965
12/09/2021,DFW,TX,ASW,CE,Towers with Radar,1774,249,21,0,2044,0,1,0,0,1,1774,250,21,0,2045,0,0,0,2045
12/10/2021,DFW,TX,ASW,CE,Towers with Radar,1716,242,18,0,1976,0,0,0,0,0,1716,242,18,0,1976,0,0,0,1976
12/11/2021,DFW,TX,ASW,CE,Towers with Radar,1468,202,9,0,1679,0,2,2,0,4,1468,204,11,0,1683,0,0,0,1683
12/12/2021,DFW,TX,ASW,CE,Towers with Radar,1593,215,5,0,1813,0,3,0,0,3,1593,218,5,0,1816,0,0,0,1816
12/13/2021,DFW,TX,ASW,CE,Towers with Radar,1581,211,4,0,1796,0,0,1,0,1,1581,211,5,0,1797,0,0,0,1797
12/14/2021,DFW,TX,ASW,CE,Towers with Radar,1544,210,15,1,1770,0,0,2,0,2,1544,210,17,1,1772,0,0,0,1772
12/15/2021,DFW,TX,ASW,CE,Towers with Radar,1544,220,28,1,1793,0,0,6,0,6,1544,220,34,1,1799,0,0,0,1799
12/16/2021,DFW,TX,ASW,CE,Towers with Radar,1681,252,15,0,1948,0,1,1,0,2,1681,253,16,0,1950,0,0,0,1950
12/17/2021,DFW,TX,ASW,CE,Towers with Radar,1695,250,25,0,1970,0,0,4,2,6,1695,250,29,2,1976,0,0,0,1976
12/18/2021,DFW,TX,ASW,CE,Towers with Radar,1632,221,14,0,1867,0,0,0,0,0,1632,221,14,0,1867,0,0,0,1867
12/19/2021,DFW,TX,ASW,CE,Towers with Radar,1610,227,13,0,1850,0,4,1,0,5,1610,231,14,0,1855,0,0,0,1855
12/20/2021,DFW,TX,ASW,CE,Towers with Radar,1666,240,17,0,1923,0,0,8,0,8,1666,240,25,0,1931,0,0,0,1931
12/21/2021,DFW,TX,ASW,CE,Towers with Radar,1691,266,21,0,1978,0,1,1,1,3,1691,267,22,1,1981,0,0,0,1981
12/22/2021,DFW,TX,ASW,CE,Towers with Radar,1700,255,16,0,1971,0,2,7,0,9,1700,257,23,0,1980,0,0,0,1980
12/23/2021,DFW,TX,ASW,CE,Towers with Radar,1687,250,10,0,1947,0,1,2,0,3,1687,251,12,0,1950,0,0,0,1950
12/24/2021,DFW,TX,ASW,CE,Towers with Radar,1330,195,9,0,1534,0,0,3,0,3,1330,195,12,0,1537,0,0,0,1537
12/25/2021,DFW,TX,ASW,CE,Towers with Radar,1310,165,10,0,1485,0,0,1,0,1,1310,165,11,0,1486,0,0,0,1486
12/26/2021,DFW,TX,ASW,CE,Towers with Radar,1534,225,12,0,1771,0,0,0,0,0,1534,225,12,0,1771,0,0,0,1771
12/27/2021,DFW,TX,ASW,CE,Towers with Radar,1514,239,14,0,1767,0,1,2,0,3,1514,240,16,0,1770,0,0,0,1770
12/28/2021,DFW,TX,ASW,CE,Towers with Radar,1602,236,7,0,1845,0,2,6,0,8,1602,238,13,0,1853,0,0,0,1853
12/29/2021,DFW,TX,ASW,CE,Towers with Radar,1642,244,14,0,1900,0,3,1,0,4,1642,247,15,0,1904,0,0,0,1904
12/30/2021,DFW,TX,ASW,CE,Towers with Radar,1616,249,12,0,1877,0,0,0,0,0,1616,249,12,0,1877,0,0,0,1877
12/31/2021,DFW,TX,ASW,CE,Towers with Radar,1268,198,7,0,1473,0,0,0,0,0,1268,198,7,0,1473,0,0,0,1473
01/01/2022,DFW,TX,ASW,CE,Towers with Radar,1246,166,12,0,1424,0,0,0,0,0,1246,166,12,0,1424,0,0,0,1424
01/02/2022,DFW,TX,ASW,CE,Towers with Radar,1495,216,14,0,1725,1,0,0,0,1,1496,216,14,0,1726,0,0,0,1726
01/03/2022,DFW,TX,ASW,CE,Towers with Radar,1521,232,11,0,1764,0,2,0,0,2,1521,234,11,0,1766,0,0,0,1766
01/04/2022,DFW,TX,ASW,CE,Towers with Radar,1419,216,25,0,1660,0,3,1,0,4,1419,219,26,0,1664,0,0,0,1664
01/05/2022,DFW,TX,ASW,CE,Towers with Radar,1532,243,8,0,1783,1,1,6,0,8,1533,244,14,0,1791,0,0,0,1791
01/06/2022,DFW,TX,ASW,CE,Towers with Radar,1587,255,18,0,1860,0,4,2,0,6,1587,259,20,0,1866,0,0,0,1866
01/07/2022,DFW,TX,ASW,CE,Towers with Radar,1562,253,2,0,1817,0,3,0,0,3,1562,256,2,0,1820,0,0,0,1820
01/08/2022,DFW,TX,ASW,CE,Towers with Radar,1296,214,12,0,1522,0,0,0,0,0,1296,214,12,0,1522,0,0,0,1522
01/09/2022,DFW,TX,ASW,CE,Towers with Radar,1469,233,11,0,1713,0,1,2,0,3,1469,234,13,0,1716,0,0,0,1716
01/10/2022,DFW,TX,ASW,CE,Towers with Radar,1484,234,10,0,1728,0,1,2,0,3,1484,235,12,0,1731,0,0,0,1731
01/11/2022,DFW,TX,ASW,CE,Towers with Radar,1441,217,14,0,1672,0,3,0,0,3,1441,220,14,0,1675,0,0,0,1675
01/12/2022,DFW,TX,ASW,CE,Towers with Radar,1539,240,8,0,1787,0,3,1,4,8,1539,243,9,4,1795,0,0,0,1795
01/13/2022,DFW,TX,ASW,CE,Towers with Radar,1582,251,14,0,1847,0,4,0,0,4,1582,255,14,0,1851,0,0,0,1851
01/14/2022,DFW,TX,ASW,CE,Towers with Radar,1586,243,10,0,1839,0,3,4,0,7,1586,246,14,0,1846,0,0,0,1846
01/15/2022,DFW,TX,ASW,CE,Towers with Radar,1326,207,10,0,1543,0,1,0,0,1,1326,208,10,0,1544,0,0,0,1544
01/16/2022,DFW,TX,ASW,CE,Towers with Radar,1392,249,23,2,1666,0,1,6,0,7,1392,250,29,2,1673,0,0,0,1673
01/17/2022,DFW,TX,ASW,CE,Towers with Radar,1542,250,12,0,1804,0,4,8,0,12,1542,254,20,0,1816,0,0,0,1816
01/18/2022,DFW,TX,ASW,CE,Towers with Radar,1476,233,19,2,1730,0,2,10,0,12,1476,235,29,2,1742,0,0,0,1742
01/19/2022,DFW,TX,ASW,CE,Towers with Radar,1512,246,10,0,1768,0,3,4,0,7,1512,249,14,0,1775,0,0,0,1775
01/20/2022,DFW,TX,ASW,CE,Towers with Radar,1596,254,13,0,1863,0,2,4,2,8,1596,256,17,2,1871,0,0,0,1871
01/21/2022,DFW,TX,ASW,CE,Towers with Radar,1567,255,11,0,1833,0,0,0,0,0,1567,255,11,0,1833,0,0,0,1833
01/22/2022,DFW,TX,ASW,CE,Towers with Radar,1299,219,3,0,1521,0,3,2,0,5,1299,222,5,0,1526,0,0,0,1526
01/23/2022,DFW,TX,ASW,CE,Towers with Radar,1477,235,7,0,1719,0,0,1,0,1,1477,235,8,0,1720,0,0,0,1720
01/24/2022,DFW,TX,ASW,CE,Towers with Radar,1465,236,14,0,1715,0,3,2,0,5,1465,239,16,0,1720,0,0,0,1720
01/25/2022,DFW,TX,ASW,CE,Towers with Radar,1428,223,14,5,1670,0,2,1,0,3,1428,225,15,5,1673,0,0,0,1673
01/26/2022,DFW,TX,ASW,CE,Towers with Radar,1525,244,7,0,1776,0,1,1,0,2,1525,245,8,0,1778,0,0,0,1778
01/27/2022,DFW,TX,ASW,CE,Towers with Radar,1613,260,9,0,1882,0,5,7,0,12,1613,265,16,0,1894,0,0,0,1894
01/28/2022,DFW,TX,ASW,CE,Towers with Radar,1547,245,22,0,1814,0,2,0,0,2,1547,247,22,0,1816,0,0,0,1816
01/29/2022,DFW,TX,ASW,CE,Towers with Radar,1242,218,3,0,1463,0,0,8,0,8,1242,218,11,0,1471,0,0,0,1471
01/30/2022,DFW,TX,ASW,CE,Towers with Radar,1448,233,14,0,1695,0,1,2,0,3,1448,234,16,0,1698,0,0,0,1698
01/31/2022,DFW,TX,ASW,CE,Towers with Radar,1473,228,12,0,1713,0,2,0,0,2,1473,230,12,0,1715,0,0,0,1715
02/01/2022,DFW,TX,ASW,CE,Towers with Radar,1391,225,21,0,1637,0,4,11,0,15,1391,229,32,0,1652,0,0,0,1652
02/02/2022,DFW,TX,ASW,CE,Towers with Radar,1221,153,15,0,1389,0,0,2,0,2,1221,153,17,0,1391,0,0,0,1391
02/03/2022,DFW,TX,ASW,CE,Towers with Radar,221,6,6,0,233,0,0,0,2,2,221,6,6,2,235,0,0,0,235
02/04/2022,DFW,TX,ASW,CE,Towers with Radar,631,126,23,0,780,0,0,0,1,1,631,126,23,1,781,0,0,0,781
02/05/2022,DFW,TX,ASW,CE,Towers with Radar,885,184,8,0,1077,0,2,4,0,6,885,186,12,0,1083,0,0,0,1083
02/06/2022,DFW,TX,ASW,CE,Towers with Radar,1292,216,16,0,1524,0,1,0,0,1,1292,217,16,0,1525,0,0,0,1525
02/07/2022,DFW,TX,ASW,CE,Towers with Radar,1478,235,15,0,1728,0,3,2,0,5,1478,238,17,0,1733,0,0,0,1733
02/08/2022,DFW,TX,ASW,CE,Towers with Radar,1480,234,17,0,1731,0,3,2,0,5,1480,237,19,0,1736,0,0,0,1736
02/09/2022,DFW,TX,ASW,CE,Towers with Radar,1559,248,5,0,1812,0,7,2,0,9,1559,255,7,0,1821,0,0,0,1821
02/10/2022,DFW,TX,ASW,CE,Towers with Radar,1637,251,12,0,1900,0,3,0,2,5,1637,254,12,2,1905,0,0,0,1905
02/11/2022,DFW,TX,ASW,CE,Towers with Radar,1602,236,12,0,1850,0,2,1,0,3,1602,238,13,0,1853,0,0,0,1853
02/12/2022,DFW,TX,ASW,CE,Towers with Radar,1400,216,8,0,1624,0,0,0,0,0,1400,216,8,0,1624,0,0,0,1624
02/13/2022,DFW,TX,ASW,CE,Towers with Radar,1494,220,17,0,1731,0,1,0,0,1,1494,221,17,0,1732,0,0,0,1732
02/14/2022,DFW,TX,ASW,CE,Towers with Radar,1501,223,12,1,1737,0,0,1,0,1,1501,223,13,1,1738,0,0,0,1738
02/15/2022,DFW,TX,ASW,CE,Towers with Radar,1474,221,17,0,1712,0,1,0,0,1,1474,222,17,0,1713,0,0,0,1713
02/16/2022,DFW,TX,ASW,CE,Towers with Radar,1574,249,28,0,1851,0,0,0,0,0,1574,249,28,0,1851,0,0,0,1851
02/17/2022,DFW,TX,ASW,CE,Towers with Radar,1587,230,10,0,1827,0,0,0,0,0,1587,230,10,0,1827,0,0,0,1827
02/18/2022,DFW,TX,ASW,CE,Towers with Radar,1592,236,14,0,1842,0,1,0,0,1,1592,237,14,0,1843,0,0,0,1843
02/19/2022,DFW,TX,ASW,CE,Towers with Radar,1385,213,12,0,1610,0,5,4,0,9,1385,218,16,0,1619,0,0,0,1619
02/20/2022,DFW,TX,ASW,CE,Towers with Radar,1480,230,12,0,1722,0,0,0,2,2,1480,230,12,2,1724,0,0,0,1724
02/21/2022,DFW,TX,ASW,CE,Towers with Radar,1549,242,7,0,1798,0,1,0,0,1,1549,243,7,0,1799,0,0,0,1799
02/22/2022,DFW,TX,ASW,CE,Towers with Radar,1541,244,20,0,1805,0,5,1,0,6,1541,249,21,0,1811,0,0,0,1811
02/23/2022,DFW,TX,ASW,CE,Towers with Radar,621,68,12,0,701,0,0,0,0,0,621,68,12,0,701,0,0,0,701
02/24/2022,DFW,TX,ASW,CE,Towers with Radar,554,101,9,0,664,0,0,0,0,0,554,101,9,0,664,0,0,0,664
02/25/2022,DFW,TX,ASW,CE,Towers with Radar,1535,241,12,0,1788,0,3,1,0,4,1535,244,13,0,1792,0,0,0,1792
02/26/2022,DFW,TX,ASW,CE,Towers with Radar,1418,210,6,0,1634,0,0,0,2,2,1418,210,6,2,1636,0,0,0,1636
02/27/2022,DFW,TX,ASW,CE,Towers with Radar,1513,213,3,0,1729,0,0,4,0,4,1513,213,7,0,1733,0,0,0,1733
02/28/2022,DFW,TX,ASW,CE,Towers with Radar,1496,239,20,0,1755,0,1,0,4,5,1496,240,20,4,1760,0,0,0,1760
03/01/2022,DFW,TX,ASW,CE,Towers with Radar,1469,230,20,0,1719,0,4,4,0,8,1469,234,24,0,1727,0,0,0,1727
03/02/2022,DFW,TX,ASW,CE,Towers with Radar,1573,255,24,0,1852,1,3,2,7,13,1574,258,26,7,1865,0,0,0,1865
03/03/2022,DFW,TX,ASW,CE,Towers with Radar,1560,223,10,0,1793,0,2,4,2,8,1560,225,14,2,1801,0,0,0,1801
03/04/2022,DFW,TX,ASW,CE,Towers with Radar,1604,211,11,0,1826,0,0,1,0,1,1604,211,12,0,1827,0,0,0,1827
03/05/2022,DFW,TX,ASW,CE,Towers with Radar,1483,203,9,0,1695,0,1,2,0,3,1483,204,11,0,1698,0,0,0,1698
03/06/2022,DFW,TX,ASW,CE,Towers with Radar,1539,186,14,1,1740,0,0,0,0,0,1539,186,14,1,1740,0,0,0,1740
03/07/2022,DFW,TX,ASW,CE,Towers with Radar,1507,197,25,0,1729,0,3,2,2,7,1507,200,27,2,1736,0,0,0,1736
03/08/2022,DFW,TX,ASW,CE,Towers with Radar,1489,207,19,0,1715,0,1,0,2,3,1489,208,19,2,1718,0,0,0,1718
03/09/2022,DFW,TX,ASW,CE,Towers with Radar,1491,212,18,0,1721,0,2,2,0,4,1491,214,20,0,1725,0,0,0,1725
03/10/2022,DFW,TX,ASW,CE,Towers with Radar,1593,222,14,2,1831,0,4,2,0,6,1593,226,16,2,1837,0,0,0,1837
03/11/2022,DFW,TX,ASW,CE,Towers with Radar,1600,217,13,0,1830,0,1,0,0,1,1600,218,13,0,1831,0,0,0,1831
03/12/2022,DFW,TX,ASW,CE,Towers with Radar,1481,212,16,0,1709,1,0,2,0,3,1482,212,18,0,1712,0,0,0,1712
03/13/2022,DFW,TX,ASW,CE,Towers with Radar,1579,203,6,0,1788,0,4,0,0,4,1579,207,6,0,1792,0,0,0,1792
03/14/2022,DFW,TX,ASW,CE,Towers with Radar,1420,183,5,0,1608,0,0,0,0,0,1420,183,5,0,1608,0,0,0,1608
03/15/2022,DFW,TX,ASW,CE,Towers with Radar,1481,195,13,0,1689,0,6,0,0,6,1481,201,13,0,1695,0,0,0,1695
03/16/2022,DFW,TX,ASW,CE,Towers with Radar,1500,198,16,0,1714,1,0,0,0,1,1501,198,16,0,1715,0,0,0,1715
03/17/2022,DFW,TX,ASW,CE,Towers with Radar,1562,220,23,0,1805,0,1,0,0,1,1562,221,23,0,1806,0,0,0,1806
03/18/2022,DFW,TX,ASW,CE,Towers with Radar,1616,220,17,0,1853,0,1,0,0,1,1616,221,17,0,1854,0,0,0,1854
03/19/2022,DFW,TX,ASW,CE,Towers with Radar,1503,226,14,0,1743,0,4,3,0,7,1503,230,17,0,1750,0,0,0,1750
03/20/2022,DFW,TX,ASW,CE,Towers with Radar,1567,204,20,0,1791,0,0,1,0,1,1567,204,21,0,1792,0,0,0,1792
03/21/2022,DFW,TX,ASW,CE,Towers with Radar,1169,119,10,0,1298,0,0,1,0,1,1169,119,11,0,1299,0,0,0,1299
03/22/2022,DFW,TX,ASW,CE,Towers with Radar,1491,206,30,0,1727,0,1,0,0,1,1491,207,30,0,1728,0,0,0,1728
03/23/2022,DFW,TX,ASW,CE,Towers with Radar,1516,206,25,0,1747,0,2,1,0,3,1516,208,26,0,1750,0,0,0,1750
03/24/2022,DFW,TX,ASW,CE,Towers with Radar,1598,239,15,0,1852,0,1,6,2,9,1598,240,21,2,1861,0,0,0,1861
03/25/2022,DFW,TX,ASW,CE,Towers with Radar,1626,230,22,0,1878,0,2,3,4,9,1626,232,25,4,1887,0,0,0,1887
03/26/2022,DFW,TX,ASW,CE,Towers with Radar,1492,209,14,0,1715,0,3,2,0,5,1492,212,16,0,1720,0,0,0,1720
03/27/2022,DFW,TX,ASW,CE,Towers with Radar,1577,196,25,0,1798,0,0,0,0,0,1577,196,25,0,1798,0,0,0,1798
03/28/2022,DFW,TX,ASW,CE,Towers with Radar,1509,209,18,0,1736,0,5,0,0,5,1509,214,18,0,1741,0,0,0,1741
03/29/2022,DFW,TX,ASW,CE,Towers with Radar,1484,210,24,2,1720,0,1,0,0,1,1484,211,24,2,1721,0,0,0,1721
03/30/2022,DFW,TX,ASW,CE,Towers with Radar,1492,209,22,2,1725,0,0,0,0,0,1492,209,22,2,1725,0,0,0,1725
03/31/2022,DFW,TX,ASW,CE,Towers with Radar,1574,238,23,0,1835,0,2,2,0,4,1574,240,25,0,1839,0,0,0,1839
04/01/2022,DFW,TX,ASW,CE,Towers with Radar,1586,235,28,0,1849,0,2,6,2,10,1586,237,34,2,1859,0,0,0,1859
04/02/2022,DFW,TX,ASW,CE,Towers with Radar,1442,204,10,0,1656,0,3,7,0,10,1442,207,17,0,1666,0,0,0,1666
04/03/2022,DFW,TX,ASW,CE,Towers with Radar,1502,202,8,0,1712,0,2,5,0,7,1502,204,13,0,1719,0,0,0,1719
04/04/2022,DFW,TX,ASW,CE,Towers with Radar,1391,196,17,0,1604,0,0,0,0,0,1391,196,17,0,1604,0,0,0,1604
04/05/2022,DFW,TX,ASW,CE,Towers with Radar,1620,195,10,0,1825,0,2,1,0,3,1620,197,11,0,1828,0,0,0,1828
04/06/2022,DFW,TX,ASW,CE,Towers with Radar,1666,189,30,0,1885,0,1,2,0,3,1666,190,32,0,1888,0,0,0,1888
04/07/2022,DFW,TX,ASW,CE,Towers with Radar,1679,198,14,0,1891,0,1,0,0,1,1679,199,14,0,1892,0,0,0,1892
04/08/2022,DFW,TX,ASW,CE,Towers with Radar,1634,205,15,0,1854,0,0,1,0,1,1634,205,16,0,1855,0,0,0,1855
04/09/2022,DFW,TX,ASW,CE,Towers with Radar,1562,181,5,0,1748,0,1,0,0,1,1562,182,5,0,1749,0,0,0,1749
04/10/2022,DFW,TX,ASW,CE,Towers with Radar,1614,189,13,0,1816,0,0,3,0,3,1614,189,16,0,1819,0,0,0,1819
04/11/2022,DFW,TX,ASW,CE,Towers with Radar,1632,199,14,0,1845,0,0,0,0,0,1632,199,14,0,1845,0,0,0,1845
04/12/2022,DFW,TX,ASW,CE,Towers with Radar,1601,195,21,0,1817,0,0,4,2,6,1601,195,25,2,1823,0,0,0,1823
04/13/2022,DFW,TX,ASW,CE,Towers with Radar,1574,178,37,0,1789,0,2,5,0,7,1574,180,42,0,1796,0,0,0,1796
04/14/2022,DFW,TX,ASW,CE,Towers with Radar,1674,208,20,3,1905,0,0,20,0,20,1674,208,40,3,1925,0,0,0,1925
04/15/2022,DFW,TX,ASW,CE,Towers with Radar,1623,201,7,0,1831,0,3,0,0,3,1623,204,7,0,1834,0,0,0,1834
04/16/2022,DFW,TX,ASW,CE,Towers with Radar,1543,167,6,0,1716,0,0,0,0,0,1543,167,6,0,1716,0,0,0,1716
04/17/2022,DFW,TX,ASW,CE,Towers with Radar,1610,181,12,0,1803,0,0,4,0,4,1610,181,16,0,1807,0,0,0,1807
04/18/2022,DFW,TX,ASW,CE,Towers with Radar,1641,199,27,0,1867,0,3,6,0,9,1641,202,33,0,1876,0,0,0,1876
04/19/2022,DFW,TX,ASW,CE,Towers with Radar,1639,194,13,2,1848,0,0,4,0,4,1639,194,17,2,1852,0,0,0,1852
04/20/2022,DFW,TX,ASW,CE,Towers with Radar,1661,201,20,0,1882,0,0,0,1,1,1661,201,20,1,1883,0,0,0,1883
04/21/2022,DFW,TX,ASW,CE,Towers with Radar,1682,211,25,0,1918,0,0,3,1,4,1682,211,28,1,1922,0,0,0,1922
04/22/2022,DFW,TX,ASW,CE,Towers with Radar,1633,199,19,0,1851,0,3,1,0,4,1633,202,20,0,1855,0,0,0,1855
04/23/2022,DFW,TX,ASW,CE,Towers with Radar,1578,186,7,0,1771,0,0,1,0,1,1578,186,8,0,1772,0,0,0,1772
04/24/2022,DFW,TX,ASW,CE,Towers with Radar,1451,146,25,0,1622,0,1,4,0,5,1451,147,29,0,1627,0,0,0,1627
04/25/2022,DFW,TX,ASW,CE,Towers with Radar,1618,188,18,0,1824,0,0,0,0,0,1618,188,18,0,1824,0,0,0,1824
04/26/2022,DFW,TX,ASW,CE,Towers with Radar,1657,196,16,0,1869,0,2,0,0,2,1657,198,16,0,1871,0,0,0,1871
04/27/2022,DFW,TX,ASW,CE,Towers with Radar,1677,204,14,0,1895,1,1,8,0,10,1678,205,22,0,1905,0,0,0,1905
04/28/2022,DFW,TX,ASW,CE,Towers with Radar,1697,210,27,0,1934,0,3,2,4,9,1697,213,29,4,1943,0,0,0,1943
04/29/2022,DFW,TX,ASW,CE,Towers with Radar,1656,196,19,0,1871,0,0,0,0,0,1656,196,19,0,1871,0,0,0,1871
04/30/2022,DFW,TX,ASW,CE,Towers with Radar,1584,181,21,0,1786,0,2,1,0,3,1584,183,22,0,1789,0,0,0,1789
05/01/2022,DFW,TX,ASW,CE,Towers with Radar,1607,185,21,0,1813,0,2,2,0,4,1607,187,23,0,1817,0,0,0,1817
05/02/2022,DFW,TX,ASW,CE,Towers with Radar,1637,201,18,0,1856,0,0,1,0,1,1637,201,19,0,1857,0,0,0,1857
05/03/2022,DFW,TX,ASW,CE,Towers with Radar,1647,191,8,0,1846,0,0,2,0,2,1647,191,10,0,1848,0,0,0,1848
05/04/2022,DFW,TX,ASW,CE,Towers with Radar,1660,189,10,0,1859,0,0,0,0,0,1660,189,10,0,1859,0,0,0,1859
05/05/2022,DFW,TX,ASW,CE,Towers with Radar,1598,168,11,0,1777,0,2,0,0,2,1598,170,11,0,1779,0,0,0,1779
05/06/2022,DFW,TX,ASW,CE,Towers with Radar,1681,177,13,0,1871,0,1,0,0,1,1681,178,13,0,1872,0,0,0,1872
05/07/2022,DFW,TX,ASW,CE,Towers with Radar,1615,154,10,0,1779,0,0,0,0,0,1615,154,10,0,1779,0,0,0,1779
05/08/2022,DFW,TX,ASW,CE,Towers with Radar,1635,149,25,0,1809,0,0,0,0,0,1635,149,25,0,1809,0,0,0,1809
05/09/2022,DFW,TX,ASW,CE,Towers with Radar,1672,156,25,0,1853,0,0,2,0,2,1672,156,27,0,1855,0,0,0,1855
05/10/2022,DFW,TX,ASW,CE,Towers with Radar,1696,173,15,0,1884,0,0,3,0,3,1696,173,18,0,1887,0,0,0,1887
05/11/2022,DFW,TX,ASW,CE,Towers with Radar,1713,177,23,0,1913,1,1,4,0,6,1714,178,27,0,1919,0,0,0,1919
05/12/2022,DFW,TX,ASW,CE,Towers with Radar,1734,187,17,0,1938,0,2,4,2,8,1734,189,21,2,1946,0,0,0,1946
05/13/2022,DFW,TX,ASW,CE,Towers with Radar,1683,182,12,0,1877,0,1,0,0,1,1683,183,12,0,1878,0,0,0,1878
05/14/2022,DFW,TX,ASW,CE,Towers with Radar,1621,161,16,0,1798,0,0,0,0,0,1621,161,16,0,1798,0,0,0,1798
05/15/2022,DFW,TX,ASW,CE,Towers with Radar,1627,148,8,0,1783,0,0,3,0,3,1627,148,11,0,1786,0,0,0,1786
05/16/2022,DFW,TX,ASW,CE,Towers with Radar,1656,167,21,0,1844,0,0,11,0,11,1656,167,32,0,1855,0,0,0,1855
05/17/2022,DFW,TX,ASW,CE,Towers with Radar,1689,158,21,0,1868,0,4,5,0,9,1689,162,26,0,1877,0,0,0,1877
05/18/2022,DFW,TX,ASW,CE,Towers with Radar,1723,175,21,0,1919,0,2,6,0,8,1723,177,27,0,1927,0,0,0,1927
05/19/2022,DFW,TX,ASW,CE,Towers with Radar,1726,168,28,0,1922,0,3,2,0,5,1726,171,30,0,1927,0,0,0,1927
05/20/2022,DFW,TX,ASW,CE,Towers with Radar,1661,167,12,0,1840,0,0,5,0,5,1661,167,17,0,1845,0,0,0,1845
05/21/2022,DFW,TX,ASW,CE,Towers with Radar,1595,156,8,0,1759,0,0,4,0,4,1595,156,12,0,1763,0,0,0,1763
05/22/2022,DFW,TX,ASW,CE,Towers with Radar,1660,156,11,0,1827,1,0,0,0,1,1661,156,11,0,1828,0,0,0,1828
05/23/2022,DFW,TX,ASW,CE,Towers with Radar,1666,162,5,0,1833,0,0,0,0,0,1666,162,5,0,1833,0,0,0,1833
05/24/2022,DFW,TX,ASW,CE,Towers with Radar,1368,110,14,0,1492,0,0,0,0,0,1368,110,14,0,1492,0,0,0,1492
05/25/2022,DFW,TX,ASW,CE,Towers with Radar,1748,180,13,0,1941,0,0,1,0,1,1748,180,14,0,1942,0,0,0,1942
05/26/2022,DFW,TX,ASW,CE,Towers with Radar,1729,172,15,0,1916,0,4,0,0,4,1729,176,15,0,1920,0,0,0,1920
05/27/2022,DFW,TX,ASW,CE,Towers with Radar,1666,168,16,0,1850,0,4,4,0,8,1666,172,20,0,1858,0,0,0,1858
05/28/2022,DFW,TX,ASW,CE,Towers with Radar,1617,148,9,0,1774,0,1,8,0,9,1617,149,17,0,1783,0,0,0,1783
05/29/2022,DFW,TX,ASW,CE,Towers with Radar,1627,127,2,0,1756,0,0,0,0,0,1627,127,2,0,1756,0,0,0,1756
05/30/2022,DFW,TX,ASW,CE,Towers with Radar,1643,148,8,0,1799,0,1,0,0,1,1643,149,8,0,1800,0,0,0,1800
05/31/2022,DFW,TX,ASW,CE,Towers with Radar,1640,155,18,0,1813,0,1,4,0,5,1640,156,22,0,1818,0,0,0,1818
06/01/2022,DFW,TX,ASW,CE,Towers with Radar,1463,145,24,0,1632,0,1,2,4,7,1463,146,26,4,1639,0,0,0,1639
06/02/2022,DFW,TX,ASW,CE,Towers with Radar,1536,173,23,0,1732,0,1,3,0,4,1536,174,26,0,1736,0,0,0,1736
06/03/2022,DFW,TX,ASW,CE,Towers with Radar,1669,175,15,0,1859,0,1,0,2,3,1669,176,15,2,1862,0,0,0,1862
06/04/2022,DFW,TX,ASW,CE,Towers with Radar,1624,180,9,0,1813,1,2,4,0,7,1625,182,13,0,1820,0,0,0,1820
06/05/2022,DFW,TX,ASW,CE,Towers with Radar,1742,175,13,0,1930,0,1,2,1,4,1742,176,15,1,1934,0,0,0,1934
06/06/2022,DFW,TX,ASW,CE,Towers with Radar,1763,186,18,0,1967,0,1,2,0,3,1763,187,20,0,1970,0,0,0,1970
06/07/2022,DFW,TX,ASW,CE,Towers with Radar,1803,189,17,0,2009,0,0,4,0,4,1803,189,21,0,2013,0,0,0,2013
06/08/2022,DFW,TX,ASW,CE,Towers with Radar,1800,195,23,0,2018,0,5,26,0,31,1800,200,49,0,2049,0,0,0,2049
06/09/2022,DFW,TX,ASW,CE,Towers with Radar,1788,189,12,0,1989,0,2,10,2,14,1788,191,22,2,2003,0,0,0,2003
06/10/2022,DFW,TX,ASW,CE,Towers with Radar,1779,186,26,0,1991,0,1,18,1,20,1779,187,44,1,2011,0,0,0,2011
06/11/2022,DFW,TX,ASW,CE,Towers with Radar,1672,177,6,0,1855,0,4,0,0,4,1672,181,6,0,1859,0,0,0,1859
06/12/2022,DFW,TX,ASW,CE,Towers with Radar,1726,168,18,0,1912,0,1,0,4,5,1726,169,18,4,1917,0,0,0,1917
06/13/2022,DFW,TX,ASW,CE,Towers with Radar,1753,190,17,0,1960,1,0,2,0,3,1754,190,19,0,1963,0,0,0,1963
06/14/2022,DFW,TX,ASW,CE,Towers with Radar,1786,191,12,0,1989,0,2,2,0,4,1786,193,14,0,1993,0,0,0,1993
06/15/2022,DFW,TX,ASW,CE,Towers with Radar,1783,194,24,0,2001,0,0,12,0,12,1783,194,36,0,2013,0,0,0,2013
06/16/2022,DFW,TX,ASW,CE,Towers with Radar,1776,197,10,0,1983,0,3,2,1,6,1776,200,12,1,1989,0,0,0,1989
06/17/2022,DFW,TX,ASW,CE,Towers with Radar,1708,188,6,0,1902,0,0,2,0,2,1708,188,8,0,1904,0,0,0,1904
06/18/2022,DFW,TX,ASW,CE,Towers with Radar,1664,179,15,0,1858,0,4,5,0,9,1664,183,20,0,1867,0,0,0,1867
06/19/2022,DFW,TX,ASW,CE,Towers with Radar,1722,166,13,0,1901,0,2,2,2,6,1722,168,15,2,1907,0,0,0,1907
06/20/2022,DFW,TX,ASW,CE,Towers with Radar,1767,186,14,0,1967,0,0,1,0,1,1767,186,15,0,1968,0,0,0,1968
06/21/2022,DFW,TX,ASW,CE,Towers with Radar,1791,198,21,0,2010,0,0,0,0,0,1791,198,21,0,2010,0,0,0,2010
06/22/2022,DFW,TX,ASW,CE,Towers with Radar,1759,196,18,0,1973,0,0,2,0,2,1759,196,20,0,1975,0,0,0,1975
06/23/2022,DFW,TX,ASW,CE,Towers with Radar,1788,193,8,0,1989,0,1,0,0,1,1788,194,8,0,1990,0,0,0,1990
06/24/2022,DFW,TX,ASW,CE,Towers with Radar,1730,192,14,0,1936,0,1,7,0,8,1730,193,21,0,1944,0,0,0,1944
06/25/2022,DFW,TX,ASW,CE,Towers with Radar,1658,191,8,0,1857,0,1,0,0,1,1658,192,8,0,1858,0,0,0,1858
06/26/2022,DFW,TX,ASW,CE,Towers with Radar,1717,168,8,2,1895,0,0,1,1,2,1717,168,9,3,1897,0,0,0,1897
06/27/2022,DFW,TX,ASW,CE,Towers with Radar,1771,193,9,0,1973,0,3,2,0,5,1771,196,11,0,1978,0,0,0,1978
06/28/2022,DFW,TX,ASW,CE,Towers with Radar,1741,185,11,0,1937,0,3,2,0,5,1741,188,13,0,1942,0,0,0,1942
06/29/2022,DFW,TX,ASW,CE,Towers with Radar,1739,200,12,0,1951,0,6,3,0,9,1739,206,15,0,1960,0,0,0,1960
06/30/2022,DFW,TX,ASW,CE,Towers with Radar,1780,196,18,0,1994,0,2,0,0,2,1780,198,18,0,1996,0,0,0,1996
07/01/2022,DFW,TX,ASW,CE,Towers with Radar,1761,191,7,0,1959,0,1,3,0,4,1761,192,10,0,1963,0,0,0,1963
07/02/2022,DFW,TX,ASW,CE,Towers with Radar,1667,182,7,3,1859,0,0,1,0,1,1667,182,8,3,1860,0,0,0,1860
07/03/2022,DFW,TX,ASW,CE,Towers with Radar,1565,142,9,0,1716,0,3,1,0,4,1565,145,10,0,1720,0,0,0,1720
07/04/2022,DFW,TX,ASW,CE,Towers with Radar,1725,169,5,0,1899,0,0,0,0,0,1725,169,5,0,1899,0,0,0,1899
07/05/2022,DFW,TX,ASW,CE,Towers with Radar,1606,172,13,0,1791,0,7,0,0,7,1606,179,13,0,1798,0,0,0,1798
07/06/2022,DFW,TX,ASW,CE,Towers with Radar,1631,174,16,0,1821,0,3,1,0,4,1631,177,17,0,1825,0,0,0,1825
07/07/2022,DFW,TX,ASW,CE,Towers with Radar,1792,200,6,0,1998,0,1,2,0,3,1792,201,8,0,2001,0,0,0,2001
07/08/2022,DFW,TX,ASW,CE,Towers with Radar,1742,189,19,0,1950,0,2,0,0,2,1742,191,19,0,1952,0,0,0,1952
07/09/2022,DFW,TX,ASW,CE,Towers with Radar,1661,174,13,0,1848,0,0,2,0,2,1661,174,15,0,1850,0,0,0,1850
07/10/2022,DFW,TX,ASW,CE,Towers with Radar,1751,168,6,0,1925,0,0,0,0,0,1751,168,6,0,1925,0,0,0,1925
07/11/2022,DFW,TX,ASW,CE,Towers with Radar,1758,177,11,0,1946,0,4,0,0,4,1758,181,11,0,1950,0,0,0,1950
07/12/2022,DFW,TX,ASW,CE,Towers with Radar,1689,163,14,0,1866,0,3,5,0,8,1689,166,19,0,1874,0,0,0,1874
07/13/2022,DFW,TX,ASW,CE,Towers with Radar,1689,170,15,0,1874,0,0,1,0,1,1689,170,16,0,1875,0,0,0,1875
07/14/2022,DFW,TX,ASW,CE,Towers with Radar,1793,185,8,0,1986,0,1,0,0,1,1793,186,8,0,1987,0,0,0,1987
07/15/2022,DFW,TX,ASW,CE,Towers with Radar,1776,184,19,2,1981,0,0,5,0,5,1776,184,24,2,1986,0,0,0,1986
07/16/2022,DFW,TX,ASW,CE,Towers with Radar,1671,175,5,0,1851,0,1,5,0,6,1671,176,10,0,1857,0,0,0,1857
07/17/2022,DFW,TX,ASW,CE,Towers with Radar,1731,161,10,0,1902,0,4,0,0,4,1731,165,10,0,1906,0,0,0,1906
07/18/2022,DFW,TX,ASW,CE,Towers with Radar,1744,189,18,0,1951,0,11,2,0,13,1744,200,20,0,1964,0,0,0,1964
07/19/2022,DFW,TX,ASW,CE,Towers with Radar,1689,168,16,0,1873,0,2,0,2,4,1689,170,16,2,1877,0,0,0,1877
07/20/2022,DFW,TX,ASW,CE,Towers with Radar,1711,172,7,0,1890,0,3,0,0,3,1711,175,7,0,1893,0,0,0,1893
07/21/2022,DFW,TX,ASW,CE,Towers with Radar,1811,189,19,0,2019,0,1,4,0,5,1811,190,23,0,2024,0,0,0,2024
07/22/2022,DFW,TX,ASW,CE,Towers with Radar,1776,178,12,0,1966,0,1,0,1,2,1776,179,12,1,1968,0,0,0,1968
07/23/2022,DFW,TX,ASW,CE,Towers with Radar,1687,183,10,1,1881,0,0,2,0,2,1687,183,12,1,1883,0,0,0,1883
07/24/2022,DFW,TX,ASW,CE,Towers with Radar,1732,175,12,1,1920,0,0,0,0,0,1732,175,12,1,1920,0,0,0,1920
07/25/2022,DFW,TX,ASW,CE,Towers with Radar,1768,175,6,0,1949,0,4,0,0,4,1768,179,6,0,1953,0,0,0,1953
07/26/2022,DFW,TX,ASW,CE,Towers with Radar,1687,170,13,0,1870,0,1,1,0,2,1687,171,14,0,1872,0,0,0,1872
07/27/2022,DFW,TX,ASW,CE,Towers with Radar,1701,170,21,0,1892,0,1,6,0,7,1701,171,27,0,1899,0,0,0,1899
07/28/2022,DFW,TX,ASW,CE,Towers with Radar,1797,191,14,0,2002,0,0,7,1,8,1797,191,21,1,2010,0,0,0,2010
07/29/2022,DFW,TX,ASW,CE,Towers with Radar,1686,177,15,0,1878,0,2,1,0,3,1686,179,16,0,1881,0,0,0,1881
07/30/2022,DFW,TX,ASW,CE,Towers with Radar,1651,179,8,0,1838,0,1,1,0,2,1651,180,9,0,1840,0,0,0,1840
07/31/2022,DFW,TX,ASW,CE,Towers with Radar,1679,170,22,0,1871,0,1,1,0,2,1679,171,23,0,1873,0,0,0,1873
08/01/2022,DFW,TX,ASW,CE,Towers with Radar,1753,188,18,0,1959,0,1,2,0,3,1753,189,20,0,1962,0,0,0,1962
08/02/2022,DFW,TX,ASW,CE,Towers with Radar,1666,161,10,0,1837,0,1,6,0,7,1666,162,16,0,1844,0,0,0,1844
08/03/2022,DFW,TX,ASW,CE,Towers with Radar,1683,174,15,0,1872,0,3,2,0,5,1683,177,17,0,1877,0,0,0,1877
08/04/2022,DFW,TX,ASW,CE,Towers with Radar,1769,183,18,1,1971,0,8,2,0,10,1769,191,20,1,1981,0,0,0,1981
08/05/2022,DFW,TX,ASW,CE,Towers with Radar,1725,184,6,0,1915,0,4,5,0,9,1725,188,11,0,1924,0,0,0,1924
08/06/2022,DFW,TX,ASW,CE,Towers with Radar,1663,174,17,0,1854,0,0,2,0,2,1663,174,19,0,1856,0,0,0,1856
08/07/2022,DFW,TX,ASW,CE,Towers with Radar,1744,162,17,0,1923,0,1,0,0,1,1744,163,17,0,1924,0,0,0,1924
08/08/2022,DFW,TX,ASW,CE,Towers with Radar,1773,179,23,0,1975,0,1,3,2,6,1773,180,26,2,1981,0,0,0,1981
08/09/2022,DFW,TX,ASW,CE,Towers with Radar,1758,171,23,0,1952,0,1,2,0,3,1758,172,25,0,1955,0,0,0,1955
08/10/2022,DFW,TX,ASW,CE,Towers with Radar,1421,167,15,0,1603,0,1,5,0,6,1421,168,20,0,1609,0,0,0,1609
08/11/2022,DFW,TX,ASW,CE,Towers with Radar,1626,196,32,0,1854,0,3,0,0,3,1626,199,32,0,1857,0,0,0,1857
08/12/2022,DFW,TX,ASW,CE,Towers with Radar,1752,181,4,0,1937,0,1,6,2,9,1752,182,10,2,1946,0,0,0,1946
08/13/2022,DFW,TX,ASW,CE,Towers with Radar,1655,176,16,1,1848,0,0,1,0,1,1655,176,17,1,1849,0,0,0,1849
08/14/2022,DFW,TX,ASW,CE,Towers with Radar,1716,166,15,0,1897,0,3,1,0,4,1716,169,16,0,1901,0,0,0,1901
08/15/2022,DFW,TX,ASW,CE,Towers with Radar,1758,174,12,0,1944,0,3,1,0,4,1758,177,13,0,1948,0,0,0,1948
08/16/2022,DFW,TX,ASW,CE,Towers with Radar,1758,165,13,0,1936,0,2,3,0,5,1758,167,16,0,1941,0,0,0,1941
08/17/2022,DFW,TX,ASW,CE,Towers with Radar,1673,162,9,0,1844,0,2,0,0,2,1673,164,9,0,1846,0,0,0,1846
08/18/2022,DFW,TX,ASW,CE,Towers with Radar,1833,169,17,0,2019,0,1,1,0,2,1833,170,18,0,2021,0,0,0,2021
08/19/2022,DFW,TX,ASW,CE,Towers with Radar,1785,173,17,2,1977,0,1,7,0,8,1785,174,24,2,1985,0,0,0,1985
08/20/2022,DFW,TX,ASW,CE,Towers with Radar,1663,156,2,0,1821,0,0,0,0,0,1663,156,2,0,1821,0,0,0,1821
08/21/2022,DFW,TX,ASW,CE,Towers with Radar,1287,120,7,0,1414,0,0,3,0,3,1287,120,10,0,1417,0,0,0,1417
08/22/2022,DFW,TX,ASW,CE,Towers with Radar,1452,139,10,0,1601,0,0,0,0,0,1452,139,10,0,1601,0,0,0,1601
08/23/2022,DFW,TX,ASW,CE,Towers with Radar,1721,156,12,0,1889,0,0,0,0,0,1721,156,12,0,1889,0,0,0,1889
08/24/2022,DFW,TX,ASW,CE,Towers with Radar,1791,172,12,0,1975,0,1,2,0,3,1791,173,14,0,1978,0,0,0,1978
08/25/2022,DFW,TX,ASW,CE,Towers with Radar,1800,183,16,0,1999,0,6,3,0,9,1800,189,19,0,2008,0,0,0,2008
08/26/2022,DFW,TX,ASW,CE,Towers with Radar,1760,179,13,0,1952,1,5,2,0,8,1761,184,15,0,1960,0,0,0,1960
08/27/2022,DFW,TX,ASW,CE,Towers with Radar,1672,156,7,0,1835,0,0,2,0,2,1672,156,9,0,1837,0,0,0,1837
08/28/2022,DFW,TX,ASW,CE,Towers with Radar,1725,150,9,1,1885,0,1,4,0,5,1725,151,13,1,1890,0,0,0,1890
08/29/2022,DFW,TX,ASW,CE,Towers with Radar,1734,169,15,1,1919,1,2,2,0,5,1735,171,17,1,1924,0,0,0,1924
08/30/2022,DFW,TX,ASW,CE,Towers with Radar,1736,157,12,0,1905,0,1,0,0,1,1736,158,12,0,1906,0,0,0,1906
08/31/2022,DFW,TX,ASW,CE,Towers with Radar,1766,168,16,0,1950,0,2,0,0,2,1766,170,16,0,1952,0,0,0,1952
09/01/2022,DFW,TX,ASW,CE,Towers with Radar,1658,151,10,0,1819,0,5,2,1,8,1658,156,12,1,1827,0,0,0,1827
09/02/2022,DFW,TX,ASW,CE,Towers with Radar,1728,171,15,0,1914,0,1,1,0,2,1728,172,16,0,1916,0,0,0,1916
09/03/2022,DFW,TX,ASW,CE,Towers with Radar,1423,136,3,0,1562,0,2,3,0,5,1423,138,6,0,1567,0,0,0,1567
09/04/2022,DFW,TX,ASW,CE,Towers with Radar,1393,106,6,0,1505,0,0,1,0,1,1393,106,7,0,1506,0,0,0,1506
09/05/2022,DFW,TX,ASW,CE,Towers with Radar,1691,147,6,0,1844,0,0,0,0,0,1691,147,6,0,1844,0,0,0,1844
09/06/2022,DFW,TX,ASW,CE,Towers with Radar,1710,163,11,0,1884,0,0,0,0,0,1710,163,11,0,1884,0,0,0,1884
09/07/2022,DFW,TX,ASW,CE,Towers with Radar,1659,139,19,0,1817,0,1,2,2,5,1659,140,21,2,1822,0,0,0,1822
09/08/2022,DFW,TX,ASW,CE,Towers with Radar,1820,150,17,0,1987,0,1,4,0,5,1820,151,21,0,1992,0,0,0,1992
09/09/2022,DFW,TX,ASW,CE,Towers with Radar,1785,148,14,0,1947,0,2,2,0,4,1785,150,16,0,1951,0,0,0,1951
09/10/2022,DFW,TX,ASW,CE,Towers with Radar,1605,137,10,0,1752,0,0,3,0,3,1605,137,13,0,1755,0,0,0,1755
09/11/2022,DFW,TX,ASW,CE,Towers with Radar,1751,133,6,0,1890,0,1,4,0,5,1751,134,10,0,1895,0,0,0,1895
09/12/2022,DFW,TX,ASW,CE,Towers with Radar,1799,144,13,0,1956,0,0,2,0,2,1799,144,15,0,1958,0,0,0,1958
09/13/2022,DFW,TX,ASW,CE,Towers with Radar,1651,151,13,0,1815,0,6,2,0,8,1651,157,15,0,1823,0,0,0,1823
09/14/2022,DFW,TX,ASW,CE,Towers with Radar,1674,149,18,0,1841,0,0,1,2,3,1674,149,19,2,1844,0,0,0,1844
09/15/2022,DFW,TX,ASW,CE,Towers with Radar,1820,156,18,0,1994,0,2,4,0,6,1820,158,22,0,2000,0,0,0,2000
09/16/2022,DFW,TX,ASW,CE,Towers with Radar,1804,151,11,0,1966,0,2,0,2,4,1804,153,11,2,1970,0,0,0,1970
09/17/2022,DFW,TX,ASW,CE,Towers with Radar,1593,141,10,0,1744,1,3,4,0,8,1594,144,14,0,1752,0,0,0,1752
09/18/2022,DFW,TX,ASW,CE,Towers with Radar,1752,131,11,0,1894,0,2,4,0,6,1752,133,15,0,1900,0,0,0,1900
09/19/2022,DFW,TX,ASW,CE,Towers with Radar,1776,154,6,0,1936,0,7,2,0,9,1776,161,8,0,1945,0,0,0,1945
09/20/2022,DFW,TX,ASW,CE,Towers with Radar,1663,147,10,0,1820,0,2,4,0,6,1663,149,14,0,1826,0,0,0,1826
09/21/2022,DFW,TX,ASW,CE,Towers with Radar,1671,158,18,0,1847,0,0,0,0,0,1671,158,18,0,1847,0,0,0,1847
09/22/2022,DFW,TX,ASW,CE,Towers with Radar,1831,155,13,0,1999,0,1,4,0,5,1831,156,17,0,2004,0,0,0,2004
09/23/2022,DFW,TX,ASW,CE,Towers with Radar,1792,149,17,0,1958,0,3,0,0,3,1792,152,17,0,1961,0,0,0,1961
09/24/2022,DFW,TX,ASW,CE,Towers with Radar,1616,135,6,0,1757,0,2,6,0,8,1616,137,12,0,1765,0,0,0,1765
09/25/2022,DFW,TX,ASW,CE,Towers with Radar,1771,142,15,0,1928,0,0,3,0,3,1771,142,18,0,1931,0,0,0,1931
09/26/2022,DFW,TX,ASW,CE,Towers with Radar,1789,144,14,0,1947,0,2,1,0,3,1789,146,15,0,1950,0,0,0,1950
09/27/2022,DFW,TX,ASW,CE,Towers with Radar,1646,145,16,0,1807,0,2,2,0,4,1646,147,18,0,1811,0,0,0,1811
09/28/2022,DFW,TX,ASW,CE,Towers with Radar,1613,140,15,0,1768,0,2,2,0,4,1613,142,17,0,1772,0,0,0,1772
09/29/2022,DFW,TX,ASW,CE,Towers with Radar,1766,148,19,1,1934,0,1,10,0,11,1766,149,29,1,1945,0,0,0,1945
09/30/2022,DFW,TX,ASW,CE,Towers with Radar,1733,144,12,0,1889,0,0,2,0,2,1733,144,14,0,1891,0,0,0,1891
10/01/2022,DFW,TX,ASW,CE,Towers with Radar,1589,137,6,0,1732,0,2,2,0,4,1589,139,8,0,1736,0,0,0,1736
10/02/2022,DFW,TX,ASW,CE,Towers with Radar,1752,128,19,0,1899,0,1,6,0,7,1752,129,25,0,1906,0,0,0,1906
10/03/2022,DFW,TX,ASW,CE,Towers with Radar,1781,143,12,0,1936,0,4,5,0,9,1781,147,17,0,1945,0,0,0,1945
10/04/2022,DFW,TX,ASW,CE,Towers with Radar,1641,159,20,0,1820,0,2,6,0,8,1641,161,26,0,1828,0,0,0,1828
10/05/2022,DFW,TX,ASW,CE,Towers with Radar,1678,140,29,0,1847,0,5,4,0,9,1678,145,33,0,1856,0,0,0,1856
10/06/2022,DFW,TX,ASW,CE,Towers with Radar,1826,125,11,0,1962,0,0,0,0,0,1826,125,11,0,1962,0,0,0,1962
10/07/2022,DFW,TX,ASW,CE,Towers with Radar,1803,117,12,0,1932,0,3,0,0,3,1803,120,12,0,1935,0,0,0,1935
10/08/2022,DFW,TX,ASW,CE,Towers with Radar,1638,95,6,1,1740,0,1,0,0,1,1638,96,6,1,1741,0,0,0,1741
10/09/2022,DFW,TX,ASW,CE,Towers with Radar,1784,94,5,0,1883,0,0,0,0,0,1784,94,5,0,1883,0,0,0,1883
10/10/2022,DFW,TX,ASW,CE,Towers with Radar,1677,96,29,0,1802,0,3,1,0,4,1677,99,30,0,1806,0,0,0,1806
10/11/2022,DFW,TX,ASW,CE,Towers with Radar,1707,121,5,0,1833,0,7,2,1,10,1707,128,7,1,1843,0,0,0,1843
10/12/2022,DFW,TX,ASW,CE,Towers with Radar,1721,108,8,0,1837,0,3,5,0,8,1721,111,13,0,1845,0,0,0,1845
10/13/2022,DFW,TX,ASW,CE,Towers with Radar,1846,112,19,0,1977,0,1,3,1,5,1846,113,22,1,1982,0,0,0,1982
10/14/2022,DFW,TX,ASW,CE,Towers with Radar,1806,112,14,0,1932,0,5,5,1,11,1806,117,19,1,1943,0,0,0,1943
10/15/2022,DFW,TX,ASW,CE,Towers with Radar,1646,93,7,0,1746,0,0,4,0,4,1646,93,11,0,1750,0,0,0,1750
10/16/2022,DFW,TX,ASW,CE,Towers with Radar,1778,87,13,0,1878,0,0,3,0,3,1778,87,16,0,1881,0,0,0,1881
10/17/2022,DFW,TX,ASW,CE,Towers with Radar,1706,102,24,0,1832,0,0,11,0,11,1706,102,35,0,1843,0,0,0,1843
10/18/2022,DFW,TX,ASW,CE,Towers with Radar,1719,117,34,0,1870,0,0,30,0,30,1719,117,64,0,1900,0,0,0,1900
10/19/2022,DFW,TX,ASW,CE,Towers with Radar,1718,124,20,0,1862,0,2,9,0,11,1718,126,29,0,1873,0,0,0,1873
10/20/2022,DFW,TX,ASW,CE,Towers with Radar,1841,127,19,0,1987,0,3,7,0,10,1841,130,26,0,1997,0,0,0,1997
10/21/2022,DFW,TX,ASW,CE,Towers with Radar,1806,119,9,0,1934,0,3,15,0,18,1806,122,24,0,1952,0,0,0,1952
10/22/2022,DFW,TX,ASW,CE,Towers with Radar,1638,94,10,0,1742,0,1,0,2,3,1638,95,10,2,1745,0,0,0,1745
10/23/2022,DFW,TX,ASW,CE,Towers with Radar,1776,98,8,0,1882,0,0,3,0,3,1776,98,11,0,1885,0,0,0,1885
10/24/2022,DFW,TX,ASW,CE,Towers with Radar,1449,93,12,0,1554,0,0,0,0,0,1449,93,12,0,1554,0,0,0,1554
10/25/2022,DFW,TX,ASW,CE,Towers with Radar,1726,123,5,0,1854,0,0,12,0,12,1726,123,17,0,1866,0,0,0,1866
10/26/2022,DFW,TX,ASW,CE,Towers with Radar,1728,122,9,0,1859,0,3,7,0,10,1728,125,16,0,1869,0,0,0,1869
10/27/2022,DFW,TX,ASW,CE,Towers with Radar,1836,125,15,0,1976,0,2,2,0,4,1836,127,17,0,1980,0,0,0,1980
10/28/2022,DFW,TX,ASW,CE,Towers with Radar,1629,96,6,0,1731,0,0,0,0,0,1629,96,6,0,1731,0,0,0,1731
10/29/2022,DFW,TX,ASW,CE,Towers with Radar,1396,76,4,0,1476,0,0,2,0,2,1396,76,6,0,1478,0,0,0,1478
10/30/2022,DFW,TX,ASW,CE,Towers with Radar,1764,100,23,0,1887,0,0,2,0,2,1764,100,25,0,1889,0,0,0,1889
10/31/2022,DFW,TX,ASW,CE,Towers with Radar,1434,98,5,0,1537,0,5,2,0,7,1434,103,7,0,1544,0,0,0,1544
11/01/2022,DFW,TX,ASW,CE,Towers with Radar,1709,110,15,0,1834,0,5,2,0,7,1709,115,17,0,1841,0,0,0,1841
11/02/2022,DFW,TX,ASW,CE,Towers with Radar,1724,119,15,0,1858,0,2,2,0,4,1724,121,17,0,1862,0,0,0,1862
11/03/2022,DFW,TX,ASW,CE,Towers with Radar,1706,91,25,0,1822,0,0,0,2,2,1706,91,25,2,1824,0,0,0,1824
11/04/2022,DFW,TX,ASW,CE,Towers with Radar,1333,57,11,1,1402,0,1,0,0,1,1333,58,11,1,1403,0,0,0,1403
11/05/2022,DFW,TX,ASW,CE,Towers with Radar,1538,70,5,4,1617,0,1,6,0,7,1538,71,11,4,1624,0,0,0,1624
11/06/2022,DFW,TX,ASW,CE,Towers with Radar,1708,68,10,0,1786,0,1,0,0,1,1708,69,10,0,1787,0,0,0,1787
11/07/2022,DFW,TX,ASW,CE,Towers with Radar,1637,68,5,0,1710,0,0,0,0,0,1637,68,5,0,1710,0,0,0,1710
11/08/2022,DFW,TX,ASW,CE,Towers with Radar,1675,85,14,0,1774,0,0,2,0,2,1675,85,16,0,1776,0,0,0,1776
11/09/2022,DFW,TX,ASW,CE,Towers with Radar,1676,81,20,0,1777,0,1,0,0,1,1676,82,20,0,1778,0,0,0,1778
11/10/2022,DFW,TX,ASW,CE,Towers with Radar,1671,97,14,1,1783,0,0,2,0,2,1671,97,16,1,1785,0,0,0,1785
11/11/2022,DFW,TX,ASW,CE,Towers with Radar,1571,88,17,0,1676,0,0,0,0,0,1571,88,17,0,1676,0,0,0,1676
11/12/2022,DFW,TX,ASW,CE,Towers with Radar,1565,67,6,0,1638,0,0,1,0,1,1565,67,7,0,1639,0,0,0,1639
11/13/2022,DFW,TX,ASW,CE,Towers with Radar,1727,73,17,0,1817,0,2,0,0,2,1727,75,17,0,1819,0,0,0,1819
11/14/2022,DFW,TX,ASW,CE,Towers with Radar,1658,78,10,0,1746,0,0,0,0,0,1658,78,10,0,1746,0,0,0,1746
11/15/2022,DFW,TX,ASW,CE,Towers with Radar,1670,84,10,0,1764,0,0,16,1,17,1670,84,26,1,1781,0,0,0,1781
11/16/2022,DFW,TX,ASW,CE,Towers with Radar,1706,104,21,0,1831,0,2,5,0,7,1706,106,26,0,1838,0,0,0,1838
11/17/2022,DFW,TX,ASW,CE,Towers with Radar,1716,98,14,0,1828,0,2,2,2,6,1716,100,16,2,1834,0,0,0,1834
11/18/2022,DFW,TX,ASW,CE,Towers with Radar,1653,87,19,0,1759,0,2,0,0,2,1653,89,19,0,1761,0,0,0,1761
11/19/2022,DFW,TX,ASW,CE,Towers with Radar,1587,72,6,0,1665,0,0,4,0,4,1587,72,10,0,1669,0,0,0,1669
11/20/2022,DFW,TX,ASW,CE,Towers with Radar,1730,63,10,0,1803,0,0,0,0,0,1730,63,10,0,1803,0,0,0,1803
11/21/2022,DFW,TX,ASW,CE,Towers with Radar,1660,79,8,0,1747,0,10,1,0,11,1660,89,9,0,1758,0,0,0,1758
11/22/2022,DFW,TX,ASW,CE,Towers with Radar,1690,88,10,0,1788,0,0,4,0,4,1690,88,14,0,1792,0,0,0,1792
11/23/2022,DFW,TX,ASW,CE,Towers with Radar,1696,80,6,0,1782,0,0,0,0,0,1696,80,6,0,1782,0,0,0,1782
11/24/2022,DFW,TX,ASW,CE,Towers with Radar,871,24,0,0,895,0,0,0,0,0,871,24,0,0,895,0,0,0,895
11/25/2022,DFW,TX,ASW,CE,Towers with Radar,1572,77,9,0,1658,0,0,0,0,0,1572,77,9,0,1658,0,0,0,1658
11/26/2022,DFW,TX,ASW,CE,Towers with Radar,1708,62,17,0,1787,0,0,0,0,0,1708,62,17,0,1787,0,0,0,1787
11/27/2022,DFW,TX,ASW,CE,Towers with Radar,1781,70,8,0,1859,0,0,0,0,0,1781,70,8,0,1859,0,0,0,1859
11/28/2022,DFW,TX,ASW,CE,Towers with Radar,1715,84,16,0,1815,0,2,2,0,4,1715,86,18,0,1819,0,0,0,1819
11/29/2022,DFW,TX,ASW,CE,Towers with Radar,1696,91,24,0,1811,0,4,3,0,7,1696,95,27,0,1818,0,0,0,1818
11/30/2022,DFW,TX,ASW,CE,Towers with Radar,1726,73,14,0,1813,0,1,4,0,5,1726,74,18,0,1818,0,0,0,1818
12/01/2022,DFW,TX,ASW,CE,Towers with Radar,1710,60,17,4,1791,0,2,2,0,4,1710,62,19,4,1795,0,0,0,1795
12/02/2022,DFW,TX,ASW,CE,Towers with Radar,1678,74,10,0,1762,0,0,2,0,2,1678,74,12,0,1764,0,0,0,1764
12/03/2022,DFW,TX,ASW,CE,Towers with Radar,1579,51,7,0,1637,0,0,4,0,4,1579,51,11,0,1641,0,0,0,1641
12/04/2022,DFW,TX,ASW,CE,Towers with Radar,1641,38,11,1,1691,0,0,4,0,4,1641,38,15,1,1695,0,0,0,1695
12/05/2022,DFW,TX,ASW,CE,Towers with Radar,1666,55,13,2,1736,0,0,5,0,5,1666,55,18,2,1741,0,0,0,1741
12/06/2022,DFW,TX,ASW,CE,Towers with Radar,1693,66,19,0,1778,0,0,2,0,2,1693,66,21,0,1780,0,0,0,1780
12/07/2022,DFW,TX,ASW,CE,Towers with Radar,1696,56,20,0,1772,0,0,0,0,0,1696,56,20,0,1772,0,0,0,1772
12/08/2022,DFW,TX,ASW,CE,Towers with Radar,1727,56,18,1,1802,0,0,4,4,8,1727,56,22,5,1810,0,0,0,1810
12/09/2022,DFW,TX,ASW,CE,Towers with Radar,1679,62,14,0,1755,0,1,2,0,3,1679,63,16,0,1758,0,0,0,1758
12/10/2022,DFW,TX,ASW,CE,Towers with Radar,1526,35,9,0,1570,0,0,0,0,0,1526,35,9,0,1570,0,0,0,1570
12/11/2022,DFW,TX,ASW,CE,Towers with Radar,1642,39,3,0,1684,0,2,0,0,2,1642,41,3,0,1686,0,0,0,1686
12/12/2022,DFW,TX,ASW,CE,Towers with Radar,1655,38,14,0,1707,0,0,0,0,0,1655,38,14,0,1707,0,0,0,1707
12/13/2022,DFW,TX,ASW,CE,Towers with Radar,1899,60,25,0,1984,0,0,2,0,2,1899,60,27,0,1986,0,0,0,1986
12/14/2022,DFW,TX,ASW,CE,Towers with Radar,1720,71,29,0,1820,0,2,9,0,11,1720,73,38,0,1831,0,0,0,1831
12/15/2022,DFW,TX,ASW,CE,Towers with Radar,1827,68,20,0,1915,0,2,6,0,8,1827,70,26,0,1923,0,0,0,1923
12/16/2022,DFW,TX,ASW,CE,Towers with Radar,1816,54,14,0,1884,0,0,6,0,6,1816,54,20,0,1890,0,0,0,1890
12/17/2022,DFW,TX,ASW,CE,Towers with Radar,1747,34,12,0,1793,0,2,7,0,9,1747,36,19,0,1802,0,0,0,1802
12/18/2022,DFW,TX,ASW,CE,Towers with Radar,1791,30,14,0,1835,0,0,11,0,11,1791,30,25,0,1846,0,0,0,1846
12/19/2022,DFW,TX,ASW,CE,Towers with Radar,1711,45,5,0,1761,0,2,0,0,2,1711,47,5,0,1763,0,0,0,1763
12/20/2022,DFW,TX,ASW,CE,Towers with Radar,1737,50,17,0,1804,0,0,4,0,4,1737,50,21,0,1808,0,0,0,1808
12/21/2022,DFW,TX,ASW,CE,Towers with Radar,1820,64,7,0,1891,0,0,0,0,0,1820,64,7,0,1891,0,0,0,1891
12/22/2022,DFW,TX,ASW,CE,Towers with Radar,1689,39,13,0,1741,0,2,0,0,2,1689,41,13,0,1743,0,0,0,1743
12/23/2022,DFW,TX,ASW,CE,Towers with Radar,1598,42,20,0,1660,0,1,3,0,4,1598,43,23,0,1664,0,0,0,1664
12/24/2022,DFW,TX,ASW,CE,Towers with Radar,1292,36,4,2,1334,0,0,4,2,6,1292,36,8,4,1340,0,0,0,1340
12/25/2022,DFW,TX,ASW,CE,Towers with Radar,1122,17,4,0,1143,0,1,0,0,1,1122,18,4,0,1144,0,0,0,1144
12/26/2022,DFW,TX,ASW,CE,Towers with Radar,1701,38,11,0,1750,0,0,1,0,1,1701,38,12,0,1751,0,0,0,1751
12/27/2022,DFW,TX,ASW,CE,Towers with Radar,1736,48,21,0,1805,0,2,0,0,2,1736,50,21,0,1807,0,0,0,1807
12/28/2022,DFW,TX,ASW,CE,Towers with Radar,1821,48,14,0,1883,0,3,1,0,4,1821,51,15,0,1887,0,0,0,1887
12/29/2022,DFW,TX,ASW,CE,Towers with Radar,1842,42,10,0,1894,0,0,0,0,0,1842,42,10,0,1894,0,0,0,1894
12/30/2022,DFW,TX,ASW,CE,Towers with Radar,1790,42,10,0,1842,0,2,0,0,2,1790,44,10,0,1844,0,0,0,1844
12/31/2022,DFW,TX,ASW,CE,Towers with Radar,1346,35,7,0,1388,0,1,2,0,3,1346,36,9,0,1391,0,0,0,1391
01/01/2023,DFW,TX,ASW,CE,Towers with Radar,1500,53,13,0,1566,0,0,1,0,1,1500,53,14,0,1567,0,0,0,1567
01/02/2023,DFW,TX,ASW,CE,Towers with Radar,1696,31,16,0,1743,0,0,0,0,0,1696,31,16,0,1743,0,0,0,1743
01/03/2023,DFW,TX,ASW,CE,Towers with Radar,1722,56,10,0,1788,0,0,0,0,0,1722,56,10,0,1788,0,0,0,1788
01/04/2023,DFW,TX,ASW,CE,Towers with Radar,1765,59,12,0,1836,1,0,0,2,3,1766,59,12,2,1839,0,0,0,1839
01/05/2023,DFW,TX,ASW,CE,Towers with Radar,1686,46,16,0,1748,0,0,0,0,0,1686,46,16,0,1748,0,0,0,1748
01/06/2023,DFW,TX,ASW,CE,Towers with Radar,1683,47,12,0,1742,0,1,0,0,1,1683,48,12,0,1743,0,0,0,1743
01/07/2023,DFW,TX,ASW,CE,Towers with Radar,1684,31,8,0,1723,0,0,2,0,2,1684,31,10,0,1725,0,0,0,1725
01/08/2023,DFW,TX,ASW,CE,Towers with Radar,1746,24,14,0,1784,0,1,6,0,7,1746,25,20,0,1791,0,0,0,1791
01/09/2023,DFW,TX,ASW,CE,Towers with Radar,1756,47,14,0,1817,0,0,0,0,0,1756,47,14,0,1817,0,0,0,1817
01/10/2023,DFW,TX,ASW,CE,Towers with Radar,1647,62,16,0,1725,0,5,0,4,9,1647,67,16,4,1734,0,0,0,1734
01/11/2023,DFW,TX,ASW,CE,Towers with Radar,1599,51,7,0,1657,0,3,2,0,5,1599,54,9,0,1662,0,0,0,1662
01/12/2023,DFW,TX,ASW,CE,Towers with Radar,1753,52,4,0,1809,0,0,0,0,0,1753,52,4,0,1809,0,0,0,1809
01/13/2023,DFW,TX,ASW,CE,Towers with Radar,1752,57,14,0,1823,0,1,1,0,2,1752,58,15,0,1825,0,0,0,1825
01/14/2023,DFW,TX,ASW,CE,Towers with Radar,1319,42,4,0,1365,0,0,0,0,0,1319,42,4,0,1365,0,0,0,1365
01/15/2023,DFW,TX,ASW,CE,Towers with Radar,1477,30,13,0,1520,0,0,2,0,2,1477,30,15,0,1522,0,0,0,1522
01/16/2023,DFW,TX,ASW,CE,Towers with Radar,1646,50,6,0,1702,0,0,0,0,0,1646,50,6,0,1702,0,0,0,1702
01/17/2023,DFW,TX,ASW,CE,Towers with Radar,1640,66,3,0,1709,0,1,4,0,5,1640,67,7,0,1714,0,0,0,1714
01/18/2023,DFW,TX,ASW,CE,Towers with Radar,1667,59,14,0,1740,0,0,0,0,0,1667,59,14,0,1740,0,0,0,1740
01/19/2023,DFW,TX,ASW,CE,Towers with Radar,1747,62,12,0,1821,1,0,2,0,3,1748,62,14,0,1824,0,0,0,1824
01/20/2023,DFW,TX,ASW,CE,Towers with Radar,1751,50,5,0,1806,0,1,2,2,5,1751,51,7,2,1811,0,0,0,1811
01/21/2023,DFW,TX,ASW,CE,Towers with Radar,1554,42,3,2,1601,0,0,0,0,0,1554,42,3,2,1601,0,0,0,1601
01/22/2023,DFW,TX,ASW,CE,Towers with Radar,1685,26,5,0,1716,0,0,0,0,0,1685,26,5,0,1716,0,0,0,1716
01/23/2023,DFW,TX,ASW,CE,Towers with Radar,1623,55,10,0,1688,0,1,8,2,11,1623,56,18,2,1699,0,0,0,1699
01/24/2023,DFW,TX,ASW,CE,Towers with Radar,1619,36,9,0,1664,0,0,0,0,0,1619,36,9,0,1664,0,0,0,1664
01/25/2023,DFW,TX,ASW,CE,Towers with Radar,1664,40,14,0,1718,0,0,2,0,2,1664,40,16,0,1720,0,0,0,1720
01/26/2023,DFW,TX,ASW,CE,Towers with Radar,1757,59,8,0,1824,0,1,4,0,5,1757,60,12,0,1829,0,0,0,1829
01/27/2023,DFW,TX,ASW,CE,Towers with Radar,1729,60,18,0,1807,0,0,3,0,3,1729,60,21,0,1810,0,0,0,1810
01/28/2023,DFW,TX,ASW,CE,Towers with Radar,1548,45,6,0,1599,0,0,0,0,0,1548,45,6,0,1599,0,0,0,1599
01/29/2023,DFW,TX,ASW,CE,Towers with Radar,1680,36,9,0,1725,0,0,0,0,0,1680,36,9,0,1725,0,0,0,1725
01/30/2023,DFW,TX,ASW,CE,Towers with Radar,1251,34,9,0,1294,0,0,0,0,0,1251,34,9,0,1294,0,0,0,1294
01/31/2023,DFW,TX,ASW,CE,Towers with Radar,528,15,4,0,547,0,0,0,0,0,528,15,4,0,547,0,0,0,547
02/01/2023,DFW,TX,ASW,CE,Towers with Radar,244,4,6,1,255,0,0,0,0,0,244,4,6,1,255,0,0,0,255
02/02/2023,DFW,TX,ASW,CE,Towers with Radar,1182,40,19,0,1241,0,0,0,0,0,1182,40,19,0,1241,0,0,0,1241
02/03/2023,DFW,TX,ASW,CE,Towers with Radar,1794,61,11,0,1866,0,0,2,0,2,1794,61,13,0,1868,0,0,0,1868
02/04/2023,DFW,TX,ASW,CE,Towers with Radar,1748,42,2,0,1792,0,2,2,0,4,1748,44,4,0,1796,0,0,0,1796
02/05/2023,DFW,TX,ASW,CE,Towers with Radar,1810,33,18,0,1861,0,0,2,0,2,1810,33,20,0,1863,0,0,0,1863
02/06/2023,DFW,TX,ASW,CE,Towers with Radar,1816,50,16,0,1882,0,0,2,0,2,1816,50,18,0,1884,0,0,0,1884
02/07/2023,DFW,TX,ASW,CE,Towers with Radar,1704,47,14,0,1765,0,0,0,0,0,1704,47,14,0,1765,0,0,0,1765
02/08/2023,DFW,TX,ASW,CE,Towers with Radar,1710,45,15,0,1770,0,0,0,0,0,1710,45,15,0,1770,0,0,0,1770
02/09/2023,DFW,TX,ASW,CE,Towers with Radar,1839,64,18,0,1921,0,4,1,2,7,1839,68,19,2,1928,0,0,0,1928
02/10/2023,DFW,TX,ASW,CE,Towers with Radar,1818,54,15,0,1887,0,1,2,4,7,1818,55,17,4,1894,0,0,0,1894
02/11/2023,DFW,TX,ASW,CE,Towers with Radar,1729,38,6,0,1773,0,0,2,0,2,1729,38,8,0,1775,0,0,0,1775
02/12/2023,DFW,TX,ASW,CE,Towers with Radar,1761,28,7,0,1796,0,0,0,0,0,1761,28,7,0,1796,0,0,0,1796
02/13/2023,DFW,TX,ASW,CE,Towers with Radar,1793,47,12,0,1852,0,1,0,0,1,1793,48,12,0,1853,0,0,0,1853
02/14/2023,DFW,TX,ASW,CE,Towers with Radar,1690,47,6,0,1743,0,0,0,0,0,1690,47,6,0,1743,0,0,0,1743
02/15/2023,DFW,TX,ASW,CE,Towers with Radar,1707,52,15,0,1774,0,2,0,0,2,1707,54,15,0,1776,0,0,0,1776
02/16/2023,DFW,TX,ASW,CE,Towers with Radar,1833,53,20,0,1906,0,0,2,0,2,1833,53,22,0,1908,0,0,0,1908
02/17/2023,DFW,TX,ASW,CE,Towers with Radar,1836,48,20,0,1904,0,1,0,0,1,1836,49,20,0,1905,0,0,0,1905
02/18/2023,DFW,TX,ASW,CE,Towers with Radar,1588,39,14,0,1641,0,1,1,0,2,1588,40,15,0,1643,0,0,0,1643
02/19/2023,DFW,TX,ASW,CE,Towers with Radar,1770,32,12,0,1814,0,2,0,0,2,1770,34,12,0,1816,0,0,0,1816
02/20/2023,DFW,TX,ASW,CE,Towers with Radar,1812,50,14,0,1876,0,0,10,0,10,1812,50,24,0,1886,0,0,0,1886
02/21/2023,DFW,TX,ASW,CE,Towers with Radar,1818,51,22,0,1891,0,4,0,0,4,1818,55,22,0,1895,0,0,0,1895
02/22/2023,DFW,TX,ASW,CE,Towers with Radar,1803,55,20,0,1878,0,1,2,0,3,1803,56,22,0,1881,0,0,0,1881
02/23/2023,DFW,TX,ASW,CE,Towers with Radar,1840,48,24,0,1912,0,0,0,0,0,1840,48,24,0,1912,0,0,0,1912
02/24/2023,DFW,TX,ASW,CE,Towers with Radar,1835,57,15,0,1907,0,0,0,0,0,1835,57,15,0,1907,0,0,0,1907
02/25/2023,DFW,TX,ASW,CE,Towers with Radar,1743,37,2,0,1782,0,0,0,0,0,1743,37,2,0,1782,0,0,0,1782
02/26/2023,DFW,TX,ASW,CE,Towers with Radar,1746,31,21,0,1798,0,0,0,0,0,1746,31,21,0,1798,0,0,0,1798
02/27/2023,DFW,TX,ASW,CE,Towers with Radar,1844,49,15,0,1908,0,1,0,0,1,1844,50,15,0,1909,0,0,0,1909
02/28/2023,DFW,TX,ASW,CE,Towers with Radar,1821,49,19,0,1889,1,1,4,6,12,1822,50,23,6,1901,0,0,0,1901
03/01/2023,DFW,TX,ASW,CE,Towers with Radar,1725,49,15,0,1789,0,1,0,2,3,1725,50,15,2,1792,0,0,0,1792
03/02/2023,DFW,TX,ASW,CE,Towers with Radar,1409,38,16,0,1463,0,0,0,0,0,1409,38,16,0,1463,0,0,0,1463
03/03/2023,DFW,TX,ASW,CE,Towers with Radar,1758,59,7,0,1824,0,1,2,0,3,1758,60,9,0,1827,0,0,0,1827
03/04/2023,DFW,TX,ASW,CE,Towers with Radar,1717,39,5,0,1761,0,0,0,0,0,1717,39,5,0,1761,0,0,0,1761
03/05/2023,DFW,TX,ASW,CE,Towers with Radar,1776,32,10,0,1818,0,0,2,0,2,1776,32,12,0,1820,0,0,0,1820
03/06/2023,DFW,TX,ASW,CE,Towers with Radar,1801,48,11,0,1860,0,0,4,0,4,1801,48,15,0,1864,0,0,0,1864
03/07/2023,DFW,TX,ASW,CE,Towers with Radar,1699,50,19,0,1768,0,1,1,0,2,1699,51,20,0,1770,0,0,0,1770
03/08/2023,DFW,TX,ASW,CE,Towers with Radar,1732,61,20,0,1813,0,0,0,0,0,1732,61,20,0,1813,0,0,0,1813
03/09/2023,DFW,TX,ASW,CE,Towers with Radar,1761,52,12,0,1825,0,0,0,0,0,1761,52,12,0,1825,0,0,0,1825
03/10/2023,DFW,TX,ASW,CE,Towers with Radar,1843,71,29,0,1943,0,0,0,0,0,1843,71,29,0,1943,0,0,0,1943
03/11/2023,DFW,TX,ASW,CE,Towers with Radar,1739,49,8,0,1796,0,0,0,0,0,1739,49,8,0,1796,0,0,0,1796
03/12/2023,DFW,TX,ASW,CE,Towers with Radar,1778,30,13,0,1821,0,0,0,0,0,1778,30,13,0,1821,0,0,0,1821
03/13/2023,DFW,TX,ASW,CE,Towers with Radar,1804,50,14,0,1868,0,1,5,0,6,1804,51,19,0,1874,0,0,0,1874
03/14/2023,DFW,TX,ASW,CE,Towers with Radar,1683,49,11,0,1743,0,2,9,0,11,1683,51,20,0,1754,0,0,0,1754
03/15/2023,DFW,TX,ASW,CE,Towers with Radar,1730,55,13,0,1798,0,1,1,0,2,1730,56,14,0,1800,0,0,0,1800
03/16/2023,DFW,TX,ASW,CE,Towers with Radar,1481,54,9,0,1544,0,0,0,0,0,1481,54,9,0,1544,0,0,0,1544
03/17/2023,DFW,TX,ASW,CE,Towers with Radar,1806,67,14,0,1887,0,2,1,0,3,1806,69,15,0,1890,0,0,0,1890
03/18/2023,DFW,TX,ASW,CE,Towers with Radar,1725,37,10,0,1772,0,0,0,0,0,1725,37,10,0,1772,0,0,0,1772
03/19/2023,DFW,TX,ASW,CE,Towers with Radar,1786,43,12,0,1841,0,5,0,6,11,1786,48,12,6,1852,0,0,0,1852
03/20/2023,DFW,TX,ASW,CE,Towers with Radar,1803,55,8,0,1866,0,8,0,0,8,1803,63,8,0,1874,0,0,0,1874
03/21/2023,DFW,TX,ASW,CE,Towers with Radar,1709,59,30,0,1798,0,0,0,0,0,1709,59,30,0,1798,0,0,0,1798
03/22/2023,DFW,TX,ASW,CE,Towers with Radar,1714,54,18,0,1786,0,1,2,0,3,1714,55,20,0,1789,0,0,0,1789
03/23/2023,DFW,TX,ASW,CE,Towers with Radar,1816,61,23,0,1900,0,0,2,0,2,1816,61,25,0,1902,0,0,0,1902
03/24/2023,DFW,TX,ASW,CE,Towers with Radar,1740,47,12,0,1799,1,1,0,0,2,1741,48,12,0,1801,0,0,0,1801
03/25/2023,DFW,TX,ASW,CE,Towers with Radar,1754,38,5,0,1797,1,1,6,0,8,1755,39,11,0,1805,0,0,0,1805
03/26/2023,DFW,TX,ASW,CE,Towers with Radar,1764,25,15,0,1804,0,0,0,0,0,1764,25,15,0,1804,0,0,0,1804
03/27/2023,DFW,TX,ASW,CE,Towers with Radar,1811,59,7,0,1877,0,1,2,0,3,1811,60,9,0,1880,0,0,0,1880
03/28/2023,DFW,TX,ASW,CE,Towers with Radar,1762,49,17,0,1828,0,0,11,0,11,1762,49,28,0,1839,0,0,0,1839
03/29/2023,DFW,TX,ASW,CE,Towers with Radar,1709,44,11,0,1764,0,2,3,2,7,1709,46,14,2,1771,0,0,0,1771
03/30/2023,DFW,TX,ASW,CE,Towers with Radar,1836,58,17,0,1911,0,0,0,1,1,1836,58,17,1,1912,0,0,0,1912
03/31/2023,DFW,TX,ASW,CE,Towers with Radar,1801,54,18,0,1873,0,0,2,0,2,1801,54,20,0,1875,0,0,0,1875
04/01/2023,DFW,TX,ASW,CE,Towers with Radar,1704,41,10,2,1757,1,1,2,0,4,1705,42,12,2,1761,0,0,0,1761
04/02/2023,DFW,TX,ASW,CE,Towers with Radar,1591,33,22,0,1646,0,0,0,0,0,1591,33,22,0,1646,0,0,0,1646
04/03/2023,DFW,TX,ASW,CE,Towers with Radar,1815,51,23,0,1889,0,1,0,0,1,1815,52,23,0,1890,0,0,0,1890
04/04/2023,DFW,TX,ASW,CE,Towers with Radar,1709,51,16,0,1776,0,0,2,0,2,1709,51,18,0,1778,0,0,0,1778
04/05/2023,DFW,TX,ASW,CE,Towers with Radar,1732,54,16,0,1802,0,1,2,0,3,1732,55,18,0,1805,0,0,0,1805
04/06/2023,DFW,TX,ASW,CE,Towers with Radar,1865,62,17,1,1945,0,1,0,0,1,1865,63,17,1,1946,0,0,0,1946
04/07/2023,DFW,TX,ASW,CE,Towers with Radar,1831,50,10,0,1891,0,0,0,0,0,1831,50,10,0,1891,0,0,0,1891
04/08/2023,DFW,TX,ASW,CE,Towers with Radar,1573,43,3,0,1619,0,0,2,0,2,1573,43,5,0,1621,0,0,0,1621
04/09/2023,DFW,TX,ASW,CE,Towers with Radar,1559,29,5,0,1593,0,0,2,0,2,1559,29,7,0,1595,0,0,0,1595
04/10/2023,DFW,TX,ASW,CE,Towers with Radar,1821,55,10,1,1887,1,0,6,0,7,1822,55,16,1,1894,0,0,0,1894
04/11/2023,DFW,TX,ASW,CE,Towers with Radar,1732,54,20,0,1806,0,0,8,0,8,1732,54,28,0,1814,0,0,0,1814
04/12/2023,DFW,TX,ASW,CE,Towers with Radar,1814,48,13,0,1875,0,0,2,2,4,1814,48,15,2,1879,0,0,0,1879
04/13/2023,DFW,TX,ASW,CE,Towers with Radar,1858,64,17,1,1940,0,0,1,0,1,1858,64,18,1,1941,0,0,0,1941
04/14/2023,DFW,TX,ASW,CE,Towers with Radar,1833,61,9,0,1903,0,0,0,0,0,1833,61,9,0,1903,0,0,0,1903
04/15/2023,DFW,TX,ASW,CE,Towers with Radar,1755,47,10,0,1812,0,0,4,0,4,1755,47,14,0,1816,0,0,0,1816
04/16/2023,DFW,TX,ASW,CE,Towers with Radar,1801,35,9,0,1845,0,0,1,0,1,1801,35,10,0,1846,0,0,0,1846
04/17/2023,DFW,TX,ASW,CE,Towers with Radar,1821,43,9,0,1873,0,0,0,0,0,1821,43,9,0,1873,0,0,0,1873
04/18/2023,DFW,TX,ASW,CE,Towers with Radar,1734,60,24,0,1818,0,0,0,0,0,1734,60,24,0,1818,0,0,0,1818
04/19/2023,DFW,TX,ASW,CE,Towers with Radar,1815,58,21,0,1894,0,0,0,0,0,1815,58,21,0,1894,0,0,0,1894
04/20/2023,DFW,TX,ASW,CE,Towers with Radar,1515,49,20,1,1585,0,0,0,0,0,1515,49,20,1,1585,0,0,0,1585
04/21/2023,DFW,TX,ASW,CE,Towers with Radar,1841,50,16,0,1907,0,0,2,0,2,1841,50,18,0,1909,0,0,0,1909
04/22/2023,DFW,TX,ASW,CE,Towers with Radar,1780,40,8,0,1828,0,1,2,0,3,1780,41,10,0,1831,0,0,0,1831
04/23/2023,DFW,TX,ASW,CE,Towers with Radar,1803,29,11,0,1843,0,2,0,0,2,1803,31,11,0,1845,0,0,0,1845
04/24/2023,DFW,TX,ASW,CE,Towers with Radar,1829,56,18,0,1903,0,0,0,0,0,1829,56,18,0,1903,0,0,0,1903
04/25/2023,DFW,TX,ASW,CE,Towers with Radar,1746,48,13,1,1808,0,3,0,0,3,1746,51,13,1,1811,0,0,0,1811
04/26/2023,DFW,TX,ASW,CE,Towers with Radar,1472,34,13,0,1519,0,0,0,0,0,1472,34,13,0,1519,0,0,0,1519
04/27/2023,DFW,TX,ASW,CE,Towers with Radar,1869,60,6,0,1935,0,0,1,0,1,1869,60,7,0,1936,0,0,0,1936
04/28/2023,DFW,TX,ASW,CE,Towers with Radar,1712,45,18,0,1775,0,0,4,0,4,1712,45,22,0,1779,0,0,0,1779
04/29/2023,DFW,TX,ASW,CE,Towers with Radar,1779,38,3,0,1820,0,0,0,0,0,1779,38,3,0,1820,0,0,0,1820
04/30/2023,DFW,TX,ASW,CE,Towers with Radar,1771,33,14,0,1818,0,2,3,0,5,1771,35,17,0,1823,0,0,0,1823
05/01/2023,DFW,TX,ASW,CE,Towers with Radar,1828,48,2,0,1878,0,1,7,0,8,1828,49,9,0,1886,0,0,0,1886
05/02/2023,DFW,TX,ASW,CE,Towers with Radar,1731,55,12,0,1798,0,1,2,0,3,1731,56,14,0,1801,0,0,0,1801
05/03/2023,DFW,TX,ASW,CE,Towers with Radar,1818,51,15,2,1886,0,0,3,0,3,1818,51,18,2,1889,0,0,0,1889
05/04/2023,DFW,TX,ASW,CE,Towers with Radar,1865,47,22,0,1934,0,1,0,0,1,1865,48,22,0,1935,0,0,0,1935
05/05/2023,DFW,TX,ASW,CE,Towers with Radar,1824,50,8,1,1883,0,0,0,0,0,1824,50,8,1,1883,0,0,0,1883
05/06/2023,DFW,TX,ASW,CE,Towers with Radar,1715,36,1,1,1753,1,0,2,0,3,1716,36,3,1,1756,0,0,0,1756
05/07/2023,DFW,TX,ASW,CE,Towers with Radar,1805,32,14,0,1851,1,0,1,0,2,1806,32,15,0,1853,0,0,0,1853
05/08/2023,DFW,TX,ASW,CE,Towers with Radar,1853,38,21,0,1912,0,0,2,0,2,1853,38,23,0,1914,0,0,0,1914
05/09/2023,DFW,TX,ASW,CE,Towers with Radar,1792,47,13,0,1852,0,2,0,0,2,1792,49,13,0,1854,0,0,0,1854
05/10/2023,DFW,TX,ASW,CE,Towers with Radar,1830,42,9,0,1881,0,1,0,0,1,1830,43,9,0,1882,0,0,0,1882
05/11/2023,DFW,TX,ASW,CE,Towers with Radar,1874,59,14,0,1947,1,0,0,0,1,1875,59,14,0,1948,0,0,0,1948
05/12/2023,DFW,TX,ASW,CE,Towers with Radar,1860,64,16,1,1941,0,0,0,0,0,1860,64,16,1,1941,0,0,0,1941
05/13/2023,DFW,TX,ASW,CE,Towers with Radar,1768,34,17,0,1819,0,0,0,0,0,1768,34,17,0,1819,0,0,0,1819
05/14/2023,DFW,TX,ASW,CE,Towers with Radar,1786,23,7,0,1816,0,0,2,0,2,1786,23,9,0,1818,0,0,0,1818
05/15/2023,DFW,TX,ASW,CE,Towers with Radar,1818,55,4,2,1879,0,0,0,0,0,1818,55,4,2,1879,0,0,0,1879
05/16/2023,DFW,TX,ASW,CE,Towers with Radar,1818,66,16,0,1900,0,0,2,0,2,1818,66,18,0,1902,0,0,0,1902
05/17/2023,DFW,TX,ASW,CE,Towers with Radar,1842,47,16,0,1905,1,1,4,0,6,1843,48,20,0,1911,0,0,0,1911
05/18/2023,DFW,TX,ASW,CE,Towers with Radar,1883,53,19,4,1959,0,0,10,0,10,1883,53,29,4,1969,0,0,0,1969
05/19/2023,DFW,TX,ASW,CE,Towers with Radar,1538,54,5,0,1597,0,0,4,0,4,1538,54,9,0,1601,0,0,0,1601
05/20/2023,DFW,TX,ASW,CE,Towers with Radar,1744,45,8,0,1797,0,1,2,0,3,1744,46,10,0,1800,0,0,0,1800
05/21/2023,DFW,TX,ASW,CE,Towers with Radar,1810,32,15,0,1857,0,0,4,0,4,1810,32,19,0,1861,0,0,0,1861
05/22/2023,DFW,TX,ASW,CE,Towers with Radar,1833,45,14,0,1892,0,0,4,0,4,1833,45,18,0,1896,0,0,0,1896
05/23/2023,DFW,TX,ASW,CE,Towers with Radar,1793,40,15,0,1848,0,1,0,0,1,1793,41,15,0,1849,0,0,0,1849
05/24/2023,DFW,TX,ASW,CE,Towers with Radar,1853,54,17,1,1925,0,3,0,0,3,1853,57,17,1,1928,0,0,0,1928
05/25/2023,DFW,TX,ASW,CE,Towers with Radar,1903,50,10,0,1963,0,0,2,0,2,1903,50,12,0,1965,0,0,0,1965
05/26/2023,DFW,TX,ASW,CE,Towers with Radar,1878,51,9,0,1938,0,0,4,0,4,1878,51,13,0,1942,0,0,0,1942
05/27/2023,DFW,TX,ASW,CE,Towers with Radar,1628,38,3,0,1669,0,0,0,0,0,1628,38,3,0,1669,0,0,0,1669
05/28/2023,DFW,TX,ASW,CE,Towers with Radar,1627,24,15,0,1666,0,0,0,0,0,1627,24,15,0,1666,0,0,0,1666
05/29/2023,DFW,TX,ASW,CE,Towers with Radar,1824,29,4,0,1857,0,0,0,0,0,1824,29,4,0,1857,0,0,0,1857
05/30/2023,DFW,TX,ASW,CE,Towers with Radar,1726,46,5,0,1777,0,0,0,0,0,1726,46,5,0,1777,0,0,0,1777
05/31/2023,DFW,TX,ASW,CE,Towers with Radar,1895,52,10,0,1957,0,0,7,0,7,1895,52,17,0,1964,0,0,0,1964
06/01/2023,DFW,TX,ASW,CE,Towers with Radar,1985,46,9,0,2040,0,0,2,0,2,1985,46,11,0,2042,0,0,0,2042
06/02/2023,DFW,TX,ASW,CE,Towers with Radar,1988,40,14,0,2042,0,0,0,0,0,1988,40,14,0,2042,0,0,0,2042
06/03/2023,DFW,TX,ASW,CE,Towers with Radar,1884,36,8,0,1928,0,0,2,0,2,1884,36,10,0,1930,0,0,0,1930
06/04/2023,DFW,TX,ASW,CE,Towers with Radar,2004,27,18,2,2051,0,0,6,0,6,2004,27,24,2,2057,0,0,0,2057
06/05/2023,DFW,TX,ASW,CE,Towers with Radar,2001,54,10,0,2065,0,2,5,2,9,2001,56,15,2,2074,0,0,0,2074
06/06/2023,DFW,TX,ASW,CE,Towers with Radar,1877,45,19,0,1941,1,0,1,0,2,1878,45,20,0,1943,0,0,0,1943
06/07/2023,DFW,TX,ASW,CE,Towers with Radar,1959,46,15,2,2022,0,2,5,0,7,1959,48,20,2,2029,0,0,0,2029
06/08/2023,DFW,TX,ASW,CE,Towers with Radar,2040,53,13,0,2106,0,0,2,0,2,2040,53,15,0,2108,0,0,0,2108
06/09/2023,DFW,TX,ASW,CE,Towers with Radar,2025,56,12,0,2093,0,5,6,0,11,2025,61,18,0,2104,0,0,0,2104
06/10/2023,DFW,TX,ASW,CE,Towers with Radar,1829,42,10,0,1881,0,0,0,0,0,1829,42,10,0,1881,0,0,0,1881
06/11/2023,DFW,TX,ASW,CE,Towers with Radar,1774,26,13,0,1813,0,0,0,0,0,1774,26,13,0,1813,0,0,0,1813
06/12/2023,DFW,TX,ASW,CE,Towers with Radar,1983,38,13,0,2034,0,0,2,0,2,1983,38,15,0,2036,0,0,0,2036
06/13/2023,DFW,TX,ASW,CE,Towers with Radar,1943,60,15,0,2018,0,0,0,0,0,1943,60,15,0,2018,0,0,0,2018
06/14/2023,DFW,TX,ASW,CE,Towers with Radar,1947,58,10,0,2015,0,1,0,0,1,1947,59,10,0,2016,0,0,0,2016
06/15/2023,DFW,TX,ASW,CE,Towers with Radar,1967,67,13,0,2047,0,0,0,0,0,1967,67,13,0,2047,0,0,0,2047
06/16/2023,DFW,TX,ASW,CE,Towers with Radar,2041,51,16,0,2108,0,0,4,0,4,2041,51,20,0,2112,0,0,0,2112
06/17/2023,DFW,TX,ASW,CE,Towers with Radar,1894,44,5,0,1943,0,0,2,0,2,1894,44,7,0,1945,0,0,0,1945
06/18/2023,DFW,TX,ASW,CE,Towers with Radar,1963,29,21,2,2015,0,0,3,0,3,1963,29,24,2,2018,0,0,0,2018
06/19/2023,DFW,TX,ASW,CE,Towers with Radar,1978,47,13,0,2038,0,2,0,0,2,1978,49,13,0,2040,0,0,0,2040
06/20/2023,DFW,TX,ASW,CE,Towers with Radar,1901,58,12,2,1973,0,1,2,0,3,1901,59,14,2,1976,0,0,0,1976
06/21/2023,DFW,TX,ASW,CE,Towers with Radar,1881,43,23,0,1947,0,1,6,0,7,1881,44,29,0,1954,0,0,0,1954
06/22/2023,DFW,TX,ASW,CE,Towers with Radar,2006,56,13,0,2075,0,0,7,0,7,2006,56,20,0,2082,0,0,0,2082
06/23/2023,DFW,TX,ASW,CE,Towers with Radar,1984,49,7,0,2040,2,0,4,0,6,1986,49,11,0,2046,0,0,0,2046
06/24/2023,DFW,TX,ASW,CE,Towers with Radar,1915,42,10,0,1967,0,0,3,0,3,1915,42,13,0,1970,0,0,0,1970
06/25/2023,DFW,TX,ASW,CE,Towers with Radar,1912,25,14,0,1951,0,0,2,0,2,1912,25,16,0,1953,0,0,0,1953
06/26/2023,DFW,TX,ASW,CE,Towers with Radar,1961,49,22,0,2032,0,1,4,0,5,1961,50,26,0,2037,0,0,0,2037
06/27/2023,DFW,TX,ASW,CE,Towers with Radar,1891,54,22,0,1967,0,1,2,0,3,1891,55,24,0,1970,0,0,0,1970
06/28/2023,DFW,TX,ASW,CE,Towers with Radar,1935,49,21,0,2005,0,0,14,0,14,1935,49,35,0,2019,0,0,0,2019
06/29/2023,DFW,TX,ASW,CE,Towers with Radar,2016,48,13,0,2077,0,0,0,0,0,2016,48,13,0,2077,0,0,0,2077
06/30/2023,DFW,TX,ASW,CE,Towers with Radar,1987,58,5,0,2050,0,1,0,0,1,1987,59,5,0,2051,0,0,0,2051
07/01/2023,DFW,TX,ASW,CE,Towers with Radar,1894,40,12,0,1946,0,0,3,0,3,1894,40,15,0,1949,0,0,0,1949
07/02/2023,DFW,TX,ASW,CE,Towers with Radar,1901,23,11,0,1935,0,0,0,0,0,1901,23,11,0,1935,0,0,0,1935
07/03/2023,DFW,TX,ASW,CE,Towers with Radar,1756,33,5,0,1794,0,1,8,0,9,1756,34,13,0,1803,0,0,0,1803
07/04/2023,DFW,TX,ASW,CE,Towers with Radar,1699,19,8,1,1727,0,0,0,0,0,1699,19,8,1,1727,0,0,0,1727
07/05/2023,DFW,TX,ASW,CE,Towers with Radar,1966,39,11,0,2016,0,0,3,0,3,1966,39,14,0,2019,0,0,0,2019
07/06/2023,DFW,TX,ASW,CE,Towers with Radar,2040,51,11,0,2102,0,0,2,0,2,2040,51,13,0,2104,0,0,0,2104
07/07/2023,DFW,TX,ASW,CE,Towers with Radar,2041,43,17,0,2101,0,0,2,0,2,2041,43,19,0,2103,0,0,0,2103
07/08/2023,DFW,TX,ASW,CE,Towers with Radar,1943,38,3,0,1984,0,2,2,0,4,1943,40,5,0,1988,0,0,0,1988
07/09/2023,DFW,TX,ASW,CE,Towers with Radar,1945,33,13,0,1991,0,0,0,0,0,1945,33,13,0,1991,0,0,0,1991
07/10/2023,DFW,TX,ASW,CE,Towers with Radar,2022,56,12,0,2090,0,0,6,0,6,2022,56,18,0,2096,0,0,0,2096
07/11/2023,DFW,TX,ASW,CE,Towers with Radar,1979,49,12,0,2040,0,1,3,0,4,1979,50,15,0,2044,0,0,0,2044
07/12/2023,DFW,TX,ASW,CE,Towers with Radar,1987,54,3,0,2044,0,2,2,2,6,1987,56,5,2,2050,0,0,0,2050
07/13/2023,DFW,TX,ASW,CE,Towers with Radar,2071,56,10,0,2137,0,1,3,0,4,2071,57,13,0,2141,0,0,0,2141
07/14/2023,DFW,TX,ASW,CE,Towers with Radar,2025,41,11,0,2077,0,1,6,0,7,2025,42,17,0,2084,0,0,0,2084
07/15/2023,DFW,TX,ASW,CE,Towers with Radar,1931,41,4,0,1976,0,0,1,0,1,1931,41,5,0,1977,0,0,0,1977
07/16/2023,DFW,TX,ASW,CE,Towers with Radar,1891,30,13,0,1934,0,0,0,0,0,1891,30,13,0,1934,0,0,0,1934
07/17/2023,DFW,TX,ASW,CE,Towers with Radar,2000,44,15,0,2059,0,0,4,0,4,2000,44,19,0,2063,0,0,0,2063
07/18/2023,DFW,TX,ASW,CE,Towers with Radar,1966,48,12,0,2026,0,0,0,0,0,1966,48,12,0,2026,0,0,0,2026
07/19/2023,DFW,TX,ASW,CE,Towers with Radar,1987,52,23,0,2062,0,0,2,0,2,1987,52,25,0,2064,0,0,0,2064
07/20/2023,DFW,TX,ASW,CE,Towers with Radar,2049,61,11,0,2121,0,1,0,0,1,2049,62,11,0,2122,0,0,0,2122
07/21/2023,DFW,TX,ASW,CE,Towers with Radar,2043,48,11,0,2102,1,0,4,0,5,2044,48,15,0,2107,0,0,0,2107
07/22/2023,DFW,TX,ASW,CE,Towers with Radar,1957,31,9,0,1997,0,0,0,0,0,1957,31,9,0,1997,0,0,0,1997
07/23/2023,DFW,TX,ASW,CE,Towers with Radar,1980,26,20,0,2026,0,1,0,0,1,1980,27,20,0,2027,0,0,0,2027
07/24/2023,DFW,TX,ASW,CE,Towers with Radar,2008,30,7,0,2045,0,1,1,2,4,2008,31,8,2,2049,0,0,0,2049
07/25/2023,DFW,TX,ASW,CE,Towers with Radar,1963,46,10,0,2019,0,1,0,0,1,1963,47,10,0,2020,0,0,0,2020
07/26/2023,DFW,TX,ASW,CE,Towers with Radar,1988,51,15,0,2054,0,1,0,0,1,1988,52,15,0,2055,0,0,0,2055
07/27/2023,DFW,TX,ASW,CE,Towers with Radar,2042,49,8,0,2099,0,5,0,0,5,2042,54,8,0,2104,0,0,0,2104
07/28/2023,DFW,TX,ASW,CE,Towers with Radar,1995,45,11,0,2051,1,3,10,0,14,1996,48,21,0,2065,0,0,0,2065
07/29/2023,DFW,TX,ASW,CE,Towers with Radar,1942,32,10,0,1984,0,2,0,0,2,1942,34,10,0,1986,0,0,0,1986
07/30/2023,DFW,TX,ASW,CE,Towers with Radar,1989,24,12,0,2025,0,0,0,0,0,1989,24,12,0,2025,0,0,0,2025
07/31/2023,DFW,TX,ASW,CE,Towers with Radar,2022,40,15,0,2077,0,0,2,0,2,2022,40,17,0,2079,0,0,0,2079
08/01/2023,DFW,TX,ASW,CE,Towers with Radar,1958,43,12,0,2013,0,0,4,0,4,1958,43,16,0,2017,0,0,0,2017
08/02/2023,DFW,TX,ASW,CE,Towers with Radar,1976,49,17,0,2042,0,0,2,0,2,1976,49,19,0,2044,0,0,0,2044
08/03/2023,DFW,TX,ASW,CE,Towers with Radar,2055,48,4,0,2107,0,0,5,0,5,2055,48,9,0,2112,0,0,0,2112
08/04/2023,DFW,TX,ASW,CE,Towers with Radar,2016,51,9,0,2076,0,0,0,0,0,2016,51,9,0,2076,0,0,0,2076
08/05/2023,DFW,TX,ASW,CE,Towers with Radar,1961,37,12,0,2010,1,0,1,0,2,1962,37,13,0,2012,0,0,0,2012
08/06/2023,DFW,TX,ASW,CE,Towers with Radar,1984,30,3,0,2017,0,0,1,0,1,1984,30,4,0,2018,0,0,0,2018
08/07/2023,DFW,TX,ASW,CE,Towers with Radar,1979,40,11,0,2030,1,0,3,0,4,1980,40,14,0,2034,0,0,0,2034
08/08/2023,DFW,TX,ASW,CE,Towers with Radar,2018,42,16,0,2076,0,3,2,0,5,2018,45,18,0,2081,0,0,0,2081
08/09/2023,DFW,TX,ASW,CE,Towers with Radar,1933,45,17,2,1997,0,1,3,0,4,1933,46,20,2,2001,0,0,0,2001
08/10/2023,DFW,TX,ASW,CE,Towers with Radar,2033,46,13,0,2092,1,0,8,0,9,2034,46,21,0,2101,0,0,0,2101
08/11/2023,DFW,TX,ASW,CE,Towers with Radar,2008,37,12,0,2057,0,0,2,0,2,2008,37,14,0,2059,0,0,0,2059
08/12/2023,DFW,TX,ASW,CE,Towers with Radar,1981,45,9,0,2035,0,0,4,0,4,1981,45,13,0,2039,0,0,0,2039
08/13/2023,DFW,TX,ASW,CE,Towers with Radar,1972,33,8,0,2013,1,0,0,0,1,1973,33,8,0,2014,0,0,0,2014
08/14/2023,DFW,TX,ASW,CE,Towers with Radar,2015,53,12,0,2080,0,1,0,0,1,2015,54,12,0,2081,0,0,0,2081
08/15/2023,DFW,TX,ASW,CE,Towers with Radar,1970,49,10,0,2029,0,0,0,2,2,1970,49,10,2,2031,0,0,0,2031
08/16/2023,DFW,TX,ASW,CE,Towers with Radar,1994,41,18,0,2053,0,0,0,0,0,1994,41,18,0,2053,0,0,0,2053
08/17/2023,DFW,TX,ASW,CE,Towers with Radar,1982,48,9,0,2039,0,1,3,0,4,1982,49,12,0,2043,0,0,0,2043
08/18/2023,DFW,TX,ASW,CE,Towers with Radar,1979,47,6,0,2032,0,0,6,0,6,1979,47,12,0,2038,0,0,0,2038
08/19/2023,DFW,TX,ASW,CE,Towers with Radar,1923,34,4,0,1961,0,0,0,0,0,1923,34,4,0,1961,0,0,0,1961
08/20/2023,DFW,TX,ASW,CE,Towers with Radar,1942,18,12,0,1972,0,0,0,0,0,1942,18,12,0,1972,0,0,0,1972
08/21/2023,DFW,TX,ASW,CE,Towers with Radar,1971,45,8,0,2024,0,0,10,0,10,1971,45,18,0,2034,0,0,0,2034
08/22/2023,DFW,TX,ASW,CE,Towers with Radar,1980,54,12,0,2046,0,0,4,0,4,1980,54,16,0,2050,0,0,0,2050
08/23/2023,DFW,TX,ASW,CE,Towers with Radar,1985,49,18,0,2052,0,0,0,0,0,1985,49,18,0,2052,0,0,0,2052
08/24/2023,DFW,TX,ASW,CE,Towers with Radar,1978,48,9,0,2035,0,0,6,0,6,1978,48,15,0,2041,0,0,0,2041
08/25/2023,DFW,TX,ASW,CE,Towers with Radar,1981,50,9,0,2040,0,0,2,0,2,1981,50,11,0,2042,0,0,0,2042
08/26/2023,DFW,TX,ASW,CE,Towers with Radar,1886,28,10,0,1924,0,0,0,0,0,1886,28,10,0,1924,0,0,0,1924
08/27/2023,DFW,TX,ASW,CE,Towers with Radar,1884,26,10,0,1920,0,0,0,2,2,1884,26,10,2,1922,0,0,0,1922
08/28/2023,DFW,TX,ASW,CE,Towers with Radar,1987,42,4,0,2033,0,0,2,2,4,1987,42,6,2,2037,0,0,0,2037
08/29/2023,DFW,TX,ASW,CE,Towers with Radar,1959,52,11,0,2022,0,1,6,0,7,1959,53,17,0,2029,0,0,0,2029
08/30/2023,DFW,TX,ASW,CE,Towers with Radar,1958,47,22,0,2027,0,1,4,0,5,1958,48,26,0,2032,0,0,0,2032
08/31/2023,DFW,TX,ASW,CE,Towers with Radar,1997,53,10,0,2060,0,1,5,0,6,1997,54,15,0,2066,0,0,0,2066
01/01/2020,DFW,TX,ASW,CE,Towers with Radar,1569,227,9,0,1805,0,0,2,0,2,1569,227,11,0,1807,0,0,0,1807
01/02/2020,DFW,TX,ASW,CE,Towers with Radar,1763,232,9,0,2004,0,3,5,2,10,1763,235,14,2,2014,0,0,0,2014
01/03/2020,DFW,TX,ASW,CE,Towers with Radar,1780,226,22,0,2028,0,0,0,0,0,1780,226,22,0,2028,0,0,0,2028
01/04/2020,DFW,TX,ASW,CE,Towers with Radar,1696,236,9,0,1941,0,2,0,0,2,1696,238,9,0,1943,0,0,0,1943
01/05/2020,DFW,TX,ASW,CE,Towers with Radar,1744,234,10,0,1988,0,3,5,0,8,1744,237,15,0,1996,0,0,0,1996
01/06/2020,DFW,TX,ASW,CE,Towers with Radar,1780,246,12,1,2039,0,3,5,0,8,1780,249,17,1,2047,0,0,0,2047
01/07/2020,DFW,TX,ASW,CE,Towers with Radar,1503,228,24,0,1755,0,4,5,0,9,1503,232,29,0,1764,0,0,0,1764
01/08/2020,DFW,TX,ASW,CE,Towers with Radar,1592,222,21,0,1835,0,0,2,0,2,1592,222,23,0,1837,0,0,0,1837
01/09/2020,DFW,TX,ASW,CE,Towers with Radar,1801,247,3,0,2051,0,0,0,0,0,1801,247,3,0,2051,0,0,0,2051
01/10/2020,DFW,TX,ASW,CE,Towers with Radar,1315,154,9,0,1478,0,1,2,0,3,1315,155,11,0,1481,0,0,0,1481
01/11/2020,DFW,TX,ASW,CE,Towers with Radar,1324,167,25,0,1516,0,0,2,0,2,1324,167,27,0,1518,0,0,0,1518
01/12/2020,DFW,TX,ASW,CE,Towers with Radar,1676,231,11,0,1918,0,0,8,0,8,1676,231,19,0,1926,0,0,0,1926
01/13/2020,DFW,TX,ASW,CE,Towers with Radar,1645,246,12,0,1903,0,0,0,0,0,1645,246,12,0,1903,0,0,0,1903
01/14/2020,DFW,TX,ASW,CE,Towers with Radar,1494,223,9,0,1726,0,3,3,0,6,1494,226,12,0,1732,0,0,0,1732
01/15/2020,DFW,TX,ASW,CE,Towers with Radar,1590,224,9,0,1823,0,1,2,0,3,1590,225,11,0,1826,0,0,0,1826
01/16/2020,DFW,TX,ASW,CE,Towers with Radar,1779,257,9,0,2045,0,0,0,0,0,1779,257,9,0,2045,0,0,0,2045
01/17/2020,DFW,TX,ASW,CE,Towers with Radar,1736,245,5,0,1986,0,0,0,0,0,1736,245,5,0,1986,0,0,0,1986
01/18/2020,DFW,TX,ASW,CE,Towers with Radar,1305,171,11,0,1487,0,1,0,0,1,1305,172,11,0,1488,0,0,0,1488
01/19/2020,DFW,TX,ASW,CE,Towers with Radar,1642,230,11,0,1883,0,0,2,0,2,1642,230,13,0,1885,0,0,0,1885
01/20/2020,DFW,TX,ASW,CE,Towers with Radar,1651,244,11,1,1907,0,1,9,1,11,1651,245,20,2,1918,0,0,0,1918
01/21/2020,DFW,TX,ASW,CE,Towers with Radar,1494,233,9,0,1736,0,2,10,0,12,1494,235,19,0,1748,0,0,0,1748
01/22/2020,DFW,TX,ASW,CE,Towers with Radar,1586,234,12,0,1832,0,0,0,0,0,1586,234,12,0,1832,0,0,0,1832
01/23/2020,DFW,TX,ASW,CE,Towers with Radar,1806,262,14,0,2082,0,2,8,1,11,1806,264,22,1,2093,0,0,0,2093
01/24/2020,DFW,TX,ASW,CE,Towers with Radar,1764,252,9,0,2025,0,2,10,0,12,1764,254,19,0,2037,0,0,0,2037
01/25/2020,DFW,TX,ASW,CE,Towers with Radar,1320,167,3,0,1490,0,0,0,0,0,1320,167,3,0,1490,0,0,0,1490
01/26/2020,DFW,TX,ASW,CE,Towers with Radar,1689,225,19,0,1933,0,1,0,0,1,1689,226,19,0,1934,0,0,0,1934
01/27/2020,DFW,TX,ASW,CE,Towers with Radar,1542,182,15,1,1740,0,0,0,0,0,1542,182,15,1,1740,0,0,0,1740
01/28/2020,DFW,TX,ASW,CE,Towers with Radar,1498,222,18,0,1738,0,0,0,0,0,1498,222,18,0,1738,0,0,0,1738
01/29/2020,DFW,TX,ASW,CE,Towers with Radar,1576,230,13,0,1819,0,0,4,2,6,1576,230,17,2,1825,0,0,0,1825
01/30/2020,DFW,TX,ASW,CE,Towers with Radar,1768,264,14,0,2046,0,0,0,2,2,1768,264,14,2,2048,0,0,0,2048
01/31/2020,DFW,TX,ASW,CE,Towers with Radar,1764,255,7,0,2026,0,0,2,0,2,1764,255,9,0,2028,0,0,0,2028
02/01/2020,DFW,TX,ASW,CE,Towers with Radar,1316,160,5,0,1481,0,0,10,0,10,1316,160,15,0,1491,0,0,0,1491
02/02/2020,DFW,TX,ASW,CE,Towers with Radar,1655,226,2,0,1883,0,0,1,0,1,1655,226,3,0,1884,0,0,0,1884
02/03/2020,DFW,TX,ASW,CE,Towers with Radar,1651,243,6,0,1900,0,1,4,0,5,1651,244,10,0,1905,0,0,0,1905
02/04/2020,DFW,TX,ASW,CE,Towers with Radar,1485,225,16,0,1726,0,0,0,0,0,1485,225,16,0,1726,0,0,0,1726
02/05/2020,DFW,TX,ASW,CE,Towers with Radar,1506,178,4,0,1688,0,0,0,0,0,1506,178,4,0,1688,0,0,0,1688
02/06/2020,DFW,TX,ASW,CE,Towers with Radar,1751,249,16,0,2016,0,5,2,4,11,1751,254,18,4,2027,0,0,0,2027
02/07/2020,DFW,TX,ASW,CE,Towers with Radar,1752,240,14,1,2007,0,4,6,1,11,1752,244,20,2,2018,0,0,0,2018
02/08/2020,DFW,TX,ASW,CE,Towers with Radar,1316,174,13,0,1503,0,1,2,0,3,1316,175,15,0,1506,0,0,0,1506
02/09/2020,DFW,TX,ASW,CE,Towers with Radar,1656,240,8,0,1904,0,3,1,0,4,1656,243,9,0,1908,0,0,0,1908
02/10/2020,DFW,TX,ASW,CE,Towers with Radar,1638,227,10,0,1875,0,1,0,0,1,1638,228,10,0,1876,0,0,0,1876
02/11/2020,DFW,TX,ASW,CE,Towers with Radar,1479,222,13,0,1714,0,0,0,0,0,1479,222,13,0,1714,0,0,0,1714
02/12/2020,DFW,TX,ASW,CE,Towers with Radar,1562,228,14,0,1804,0,1,0,0,1,1562,229,14,0,1805,0,0,0,1805
02/13/2020,DFW,TX,ASW,CE,Towers with Radar,1787,259,30,1,2077,0,6,2,2,10,1787,265,32,3,2087,0,0,0,2087
02/14/2020,DFW,TX,ASW,CE,Towers with Radar,1791,244,9,0,2044,0,2,3,0,5,1791,246,12,0,2049,0,0,0,2049
02/15/2020,DFW,TX,ASW,CE,Towers with Radar,1553,200,9,0,1762,0,0,4,0,4,1553,200,13,0,1766,0,0,0,1766
02/16/2020,DFW,TX,ASW,CE,Towers with Radar,1684,214,4,0,1902,0,0,2,0,2,1684,214,6,0,1904,0,0,0,1904
02/17/2020,DFW,TX,ASW,CE,Towers with Radar,1768,236,8,0,2012,0,2,1,0,3,1768,238,9,0,2015,0,0,0,2015
02/18/2020,DFW,TX,ASW,CE,Towers with Radar,1729,218,19,0,1966,0,1,1,0,2,1729,219,20,0,1968,0,0,0,1968
02/19/2020,DFW,TX,ASW,CE,Towers with Radar,1747,210,18,0,1975,0,0,1,0,1,1747,210,19,0,1976,0,0,0,1976
02/20/2020,DFW,TX,ASW,CE,Towers with Radar,1786,248,14,0,2048,0,3,0,0,3,1786,251,14,0,2051,0,0,0,2051
02/21/2020,DFW,TX,ASW,CE,Towers with Radar,1768,253,11,0,2032,0,1,8,0,9,1768,254,19,0,2041,0,0,0,2041
02/22/2020,DFW,TX,ASW,CE,Towers with Radar,1567,200,15,0,1782,0,4,7,0,11,1567,204,22,0,1793,0,0,0,1793
02/23/2020,DFW,TX,ASW,CE,Towers with Radar,1686,229,16,0,1931,0,1,0,0,1,1686,230,16,0,1932,0,0,0,1932
02/24/2020,DFW,TX,ASW,CE,Towers with Radar,1759,246,17,1,2023,0,0,2,0,2,1759,246,19,1,2025,0,0,0,2025
02/25/2020,DFW,TX,ASW,CE,Towers with Radar,1714,224,14,0,1952,0,2,1,0,3,1714,226,15,0,1955,0,0,0,1955
02/26/2020,DFW,TX,ASW,CE,Towers with Radar,1734,233,26,0,1993,0,4,1,0,5,1734,237,27,0,1998,0,0,0,1998
02/27/2020,DFW,TX,ASW,CE,Towers with Radar,1809,263,9,0,2081,0,5,6,0,11,1809,268,15,0,2092,0,0,0,2092
02/28/2020,DFW,TX,ASW,CE,Towers with Radar,1781,255,9,1,2046,0,4,5,0,9,1781,259,14,1,2055,0,0,0,2055
02/29/2020,DFW,TX,ASW,CE,Towers with Radar,1563,208,7,0,1778,0,0,1,0,1,1563,208,8,0,1779,0,0,0,1779
03/01/2020,DFW,TX,ASW,CE,Towers with Radar,1707,227,7,0,1941,0,0,0,0,0,1707,227,7,0,1941,0,0,0,1941
03/02/2020,DFW,TX,ASW,CE,Towers with Radar,1774,241,9,0,2024,0,1,0,0,1,1774,242,9,0,2025,0,0,0,2025
03/03/2020,DFW,TX,ASW,CE,Towers with Radar,1744,216,11,0,1971,0,1,5,0,6,1744,217,16,0,1977,0,0,0,1977
03/04/2020,DFW,TX,ASW,CE,Towers with Radar,1741,208,11,0,1960,0,1,0,0,1,1741,209,11,0,1961,0,0,0,1961
03/05/2020,DFW,TX,ASW,CE,Towers with Radar,1844,243,14,0,2101,0,1,3,0,4,1844,244,17,0,2105,0,0,0,2105
03/06/2020,DFW,TX,ASW,CE,Towers with Radar,1811,235,8,0,2054,0,6,11,0,17,1811,241,19,0,2071,0,0,0,2071
03/07/2020,DFW,TX,ASW,CE,Towers with Radar,1599,188,3,0,1790,0,1,1,0,2,1599,189,4,0,1792,0,0,0,1792
03/08/2020,DFW,TX,ASW,CE,Towers with Radar,1747,204,2,0,1953,0,0,1,0,1,1747,204,3,0,1954,0,0,0,1954
03/09/2020,DFW,TX,ASW,CE,Towers with Radar,1817,236,13,0,2066,0,1,0,0,1,1817,237,13,0,2067,0,0,0,2067
03/10/2020,DFW,TX,ASW,CE,Towers with Radar,1738,226,11,1,1976,0,1,4,0,5,1738,227,15,1,1981,0,0,0,1981
03/11/2020,DFW,TX,ASW,CE,Towers with Radar,1784,209,20,0,2013,0,2,0,1,3,1784,211,20,1,2016,0,0,0,2016
03/12/2020,DFW,TX,ASW,CE,Towers with Radar,1852,244,16,0,2112,0,1,1,0,2,1852,245,17,0,2114,0,0,0,2114
03/13/2020,DFW,TX,ASW,CE,Towers with Radar,1808,221,4,0,2033,0,0,0,0,0,1808,221,4,0,2033,0,0,0,2033
03/14/2020,DFW,TX,ASW,CE,Towers with Radar,1580,191,4,0,1775,0,0,0,0,0,1580,191,4,0,1775,0,0,0,1775
03/15/2020,DFW,TX,ASW,CE,Towers with Radar,1715,200,11,0,1926,0,0,0,0,0,1715,200,11,0,1926,0,0,0,1926
03/16/2020,DFW,TX,ASW,CE,Towers with Radar,1767,217,5,0,1989,0,1,2,0,3,1767,218,7,0,1992,0,0,0,1992
03/17/2020,DFW,TX,ASW,CE,Towers with Radar,1664,218,12,0,1894,0,0,0,0,0,1664,218,12,0,1894,0,0,0,1894
03/18/2020,DFW,TX,ASW,CE,Towers with Radar,1650,196,13,0,1859,0,3,0,0,3,1650,199,13,0,1862,0,0,0,1862
03/19/2020,DFW,TX,ASW,CE,Towers with Radar,1643,186,5,0,1834,1,2,0,0,3,1644,188,5,0,1837,0,0,0,1837
03/20/2020,DFW,TX,ASW,CE,Towers with Radar,1564,200,11,0,1775,0,1,4,0,5,1564,201,15,0,1780,0,0,0,1780
03/21/2020,DFW,TX,ASW,CE,Towers with Radar,1362,173,6,0,1541,0,0,8,0,8,1362,173,14,0,1549,0,0,0,1549
03/22/2020,DFW,TX,ASW,CE,Towers with Radar,1397,173,6,0,1576,0,0,0,0,0,1397,173,6,0,1576,0,0,0,1576
03/23/2020,DFW,TX,ASW,CE,Towers with Radar,1090,183,3,0,1276,0,0,0,0,0,1090,183,3,0,1276,0,0,0,1276
03/24/2020,DFW,TX,ASW,CE,Towers with Radar,1036,169,5,0,1210,0,1,0,0,1,1036,170,5,0,1211,0,0,0,1211
03/25/2020,DFW,TX,ASW,CE,Towers with Radar,873,147,4,0,1024,0,5,4,4,13,873,152,8,4,1037,0,0,0,1037
03/26/2020,DFW,TX,ASW,CE,Towers with Radar,934,173,6,0,1113,0,1,0,0,1,934,174,6,0,1114,0,0,0,1114
03/27/2020,DFW,TX,ASW,CE,Towers with Radar,816,158,0,0,974,0,1,0,0,1,816,159,0,0,975,0,0,0,975
03/28/2020,DFW,TX,ASW,CE,Towers with Radar,815,145,0,0,960,0,0,2,0,2,815,145,2,0,962,0,0,0,962
03/29/2020,DFW,TX,ASW,CE,Towers with Radar,959,155,3,0,1117,0,0,4,0,4,959,155,7,0,1121,0,0,0,1121
03/30/2020,DFW,TX,ASW,CE,Towers with Radar,795,147,6,0,948,0,1,0,0,1,795,148,6,0,949,0,0,0,949
03/31/2020,DFW,TX,ASW,CE,Towers with Radar,782,157,0,0,939,0,0,0,0,0,782,157,0,0,939,0,0,0,939
04/01/2020,DFW,TX,ASW,CE,Towers with Radar,821,162,2,2,987,0,1,10,0,11,821,163,12,2,998,0,0,0,998
04/02/2020,DFW,TX,ASW,CE,Towers with Radar,1004,142,2,0,1148,0,0,0,0,0,1004,142,2,0,1148,0,0,0,1148
04/03/2020,DFW,TX,ASW,CE,Towers with Radar,766,165,4,0,935,0,0,0,0,0,766,165,4,0,935,0,0,0,935
04/04/2020,DFW,TX,ASW,CE,Towers with Radar,826,134,0,0,960,0,1,0,0,1,826,135,0,0,961,0,0,0,961
04/05/2020,DFW,TX,ASW,CE,Towers with Radar,905,130,1,0,1036,0,0,0,0,0,905,130,1,0,1036,0,0,0,1036
04/06/2020,DFW,TX,ASW,CE,Towers with Radar,862,156,0,0,1018,0,0,2,0,2,862,156,2,0,1020,0,0,0,1020
04/07/2020,DFW,TX,ASW,CE,Towers with Radar,724,169,1,2,896,0,2,6,0,8,724,171,7,2,904,0,0,0,904
04/08/2020,DFW,TX,ASW,CE,Towers with Radar,676,143,1,0,820,0,7,2,0,9,676,150,3,0,829,0,0,0,829
04/09/2020,DFW,TX,ASW,CE,Towers with Radar,781,139,1,0,921,0,2,0,0,2,781,141,1,0,923,0,0,0,923
04/10/2020,DFW,TX,ASW,CE,Towers with Radar,701,125,3,0,829,0,5,4,0,9,701,130,7,0,838,0,0,0,838
04/11/2020,DFW,TX,ASW,CE,Towers with Radar,612,103,0,0,715,0,0,0,0,0,612,103,0,0,715,0,0,0,715
04/12/2020,DFW,TX,ASW,CE,Towers with Radar,626,106,3,0,735,0,0,0,0,0,626,106,3,0,735,0,0,0,735
04/13/2020,DFW,TX,ASW,CE,Towers with Radar,728,132,6,0,866,0,3,2,0,5,728,135,8,0,871,0,0,0,871
04/14/2020,DFW,TX,ASW,CE,Towers with Radar,649,139,0,0,788,0,1,8,0,9,649,140,8,0,797,0,0,0,797
04/15/2020,DFW,TX,ASW,CE,Towers with Radar,665,136,4,0,805,0,4,8,0,12,665,140,12,0,817,0,0,0,817
04/16/2020,DFW,TX,ASW,CE,Towers with Radar,672,146,7,0,825,0,1,1,2,4,672,147,8,2,829,0,0,0,829
04/17/2020,DFW,TX,ASW,CE,Towers with Radar,612,140,5,2,759,0,1,0,0,1,612,141,5,2,760,0,0,0,760
04/18/2020,DFW,TX,ASW,CE,Towers with Radar,495,81,0,0,576,0,0,2,0,2,495,81,2,0,578,0,0,0,578
04/19/2020,DFW,TX,ASW,CE,Towers with Radar,550,102,1,0,653,0,0,4,0,4,550,102,5,0,657,0,0,0,657
04/20/2020,DFW,TX,ASW,CE,Towers with Radar,517,107,5,1,630,0,0,5,0,5,517,107,10,1,635,0,0,0,635
04/21/2020,DFW,TX,ASW,CE,Towers with Radar,538,118,4,0,660,0,0,3,0,3,538,118,7,0,663,0,0,0,663
04/22/2020,DFW,TX,ASW,CE,Towers with Radar,556,109,0,2,667,0,0,0,0,0,556,109,0,2,667,0,0,0,667
04/23/2020,DFW,TX,ASW,CE,Towers with Radar,594,119,6,1,720,0,8,0,1,9,594,127,6,2,729,0,0,0,729
04/24/2020,DFW,TX,ASW,CE,Towers with Radar,577,115,8,2,702,0,0,4,0,4,577,115,12,2,706,0,0,0,706
04/25/2020,DFW,TX,ASW,CE,Towers with Radar,510,82,4,0,596,0,2,7,0,9,510,84,11,0,605,0,0,0,605
04/26/2020,DFW,TX,ASW,CE,Towers with Radar,528,82,6,0,616,0,1,2,0,3,528,83,8,0,619,0,0,0,619
04/27/2020,DFW,TX,ASW,CE,Towers with Radar,548,111,3,0,662,0,5,2,0,7,548,116,5,0,669,0,0,0,669
04/28/2020,DFW,TX,ASW,CE,Towers with Radar,519,115,0,0,634,0,4,11,0,15,519,119,11,0,649,0,0,0,649
04/29/2020,DFW,TX,ASW,CE,Towers with Radar,613,108,4,0,725,0,1,7,0,8,613,109,11,0,733,0,0,0,733
04/30/2020,DFW,TX,ASW,CE,Towers with Radar,595,111,0,0,706,0,1,6,0,7,595,112,6,0,713,0,0,0,713
05/01/2020,DFW,TX,ASW,CE,Towers with Radar,751,126,12,0,889,0,2,0,2,4,751,128,12,2,893,0,0,0,893
05/02/2020,DFW,TX,ASW,CE,Towers with Radar,584,93,8,0,685,0,1,2,0,3,584,94,10,0,688,0,0,0,688
05/03/2020,DFW,TX,ASW,CE,Towers with Radar,689,92,7,0,788,0,0,6,0,6,689,92,13,0,794,0,0,0,794
05/04/2020,DFW,TX,ASW,CE,Towers with Radar,726,126,6,0,858,0,1,7,2,10,726,127,13,2,868,0,0,0,868
05/05/2020,DFW,TX,ASW,CE,Towers with Radar,740,127,1,3,871,0,4,7,0,11,740,131,8,3,882,0,0,0,882
05/06/2020,DFW,TX,ASW,CE,Towers with Radar,837,126,5,0,968,0,7,2,0,9,837,133,7,0,977,0,0,0,977
05/07/2020,DFW,TX,ASW,CE,Towers with Radar,734,128,3,0,865,0,2,8,0,10,734,130,11,0,875,0,0,0,875
05/08/2020,DFW,TX,ASW,CE,Towers with Radar,751,138,7,3,899,0,0,0,0,0,751,138,7,3,899,0,0,0,899
05/09/2020,DFW,TX,ASW,CE,Towers with Radar,690,127,2,0,819,0,5,3,0,8,690,132,5,0,827,0,0,0,827
05/10/2020,DFW,TX,ASW,CE,Towers with Radar,715,121,2,0,838,0,0,2,0,2,715,121,4,0,840,0,0,0,840
05/11/2020,DFW,TX,ASW,CE,Towers with Radar,732,133,9,3,877,0,1,1,0,2,732,134,10,3,879,0,0,0,879
05/12/2020,DFW,TX,ASW,CE,Towers with Radar,766,138,6,0,910,0,1,0,0,1,766,139,6,0,911,0,0,0,911
05/13/2020,DFW,TX,ASW,CE,Towers with Radar,757,135,5,2,899,0,2,10,0,12,757,137,15,2,911,0,0,0,911
05/14/2020,DFW,TX,ASW,CE,Towers with Radar,778,152,7,0,937,0,3,2,0,5,778,155,9,0,942,0,0,0,942
05/15/2020,DFW,TX,ASW,CE,Towers with Radar,729,142,14,0,885,0,1,2,0,3,729,143,16,0,888,0,0,0,888
05/16/2020,DFW,TX,ASW,CE,Towers with Radar,707,130,0,0,837,0,0,0,0,0,707,130,0,0,837,0,0,0,837
05/17/2020,DFW,TX,ASW,CE,Towers with Radar,695,122,3,0,820,0,0,0,0,0,695,122,3,0,820,0,0,0,820
05/18/2020,DFW,TX,ASW,CE,Towers with Radar,724,132,7,0,863,0,1,5,0,6,724,133,12,0,869,0,0,0,869
05/19/2020,DFW,TX,ASW,CE,Towers with Radar,772,140,5,0,917,0,4,5,0,9,772,144,10,0,926,0,0,0,926
05/20/2020,DFW,TX,ASW,CE,Towers with Radar,783,138,6,0,927,0,3,7,0,10,783,141,13,0,937,0,0,0,937
05/21/2020,DFW,TX,ASW,CE,Towers with Radar,790,141,10,1,942,0,3,1,2,6,790,144,11,3,948,0,0,0,948
05/22/2020,DFW,TX,ASW,CE,Towers with Radar,750,144,8,1,903,0,2,2,0,4,750,146,10,1,907,0,0,0,907
05/23/2020,DFW,TX,ASW,CE,Towers with Radar,718,119,1,0,838,0,0,3,0,3,718,119,4,0,841,0,0,0,841
05/24/2020,DFW,TX,ASW,CE,Towers with Radar,707,122,1,0,830,0,0,0,0,0,707,122,1,0,830,0,0,0,830
05/25/2020,DFW,TX,ASW,CE,Towers with Radar,710,128,6,0,844,0,0,0,0,0,710,128,6,0,844,0,0,0,844
05/26/2020,DFW,TX,ASW,CE,Towers with Radar,705,146,8,0,859,0,2,1,0,3,705,148,9,0,862,0,0,0,862
05/27/2020,DFW,TX,ASW,CE,Towers with Radar,800,137,11,0,948,0,4,6,2,12,800,141,17,2,960,0,0,0,960
05/28/2020,DFW,TX,ASW,CE,Towers with Radar,791,141,2,0,934,0,4,2,0,6,791,145,4,0,940,0,0,0,940
05/29/2020,DFW,TX,ASW,CE,Towers with Radar,756,150,11,0,917,0,0,9,0,9,756,150,20,0,926,0,0,0,926
05/30/2020,DFW,TX,ASW,CE,Towers with Radar,718,122,7,0,847,0,1,5,0,6,718,123,12,0,853,0,0,0,853
05/31/2020,DFW,TX,ASW,CE,Towers with Radar,726,121,4,3,854,0,1,1,0,2,726,122,5,3,856,0,0,0,856
06/01/2020,DFW,TX,ASW,CE,Towers with Radar,716,168,7,2,893,0,2,2,2,6,716,170,9,4,899,0,0,0,899
06/02/2020,DFW,TX,ASW,CE,Towers with Radar,774,178,8,0,960,0,0,4,0,4,774,178,12,0,964,0,0,0,964
06/03/2020,DFW,TX,ASW,CE,Towers with Radar,790,173,3,0,966,0,0,1,0,1,790,173,4,0,967,0,0,0,967
06/04/2020,DFW,TX,ASW,CE,Towers with Radar,853,167,6,0,1026,0,2,7,0,9,853,169,13,0,1035,0,0,0,1035
06/05/2020,DFW,TX,ASW,CE,Towers with Radar,827,161,6,1,995,0,0,4,0,4,827,161,10,1,999,0,0,0,999
06/06/2020,DFW,TX,ASW,CE,Towers with Radar,808,152,1,1,962,0,1,3,0,4,808,153,4,1,966,0,0,0,966
06/07/2020,DFW,TX,ASW,CE,Towers with Radar,798,147,5,0,950,0,1,6,0,7,798,148,11,0,957,0,0,0,957
06/08/2020,DFW,TX,ASW,CE,Towers with Radar,820,160,9,2,991,0,0,7,0,7,820,160,16,2,998,0,0,0,998
06/09/2020,DFW,TX,ASW,CE,Towers with Radar,849,167,7,0,1023,0,3,2,2,7,849,170,9,2,1030,0,0,0,1030
06/10/2020,DFW,TX,ASW,CE,Towers with Radar,866,158,4,0,1028,0,4,2,0,6,866,162,6,0,1034,0,0,0,1034
06/11/2020,DFW,TX,ASW,CE,Towers with Radar,885,167,7,0,1059,0,3,4,0,7,885,170,11,0,1066,0,0,0,1066
06/12/2020,DFW,TX,ASW,CE,Towers with Radar,859,168,4,0,1031,0,0,5,1,6,859,168,9,1,1037,0,0,0,1037
06/13/2020,DFW,TX,ASW,CE,Towers with Radar,819,153,4,0,976,0,0,3,1,4,819,153,7,1,980,0,0,0,980
06/14/2020,DFW,TX,ASW,CE,Towers with Radar,814,145,6,0,965,0,0,1,0,1,814,145,7,0,966,0,0,0,966
06/15/2020,DFW,TX,ASW,CE,Towers with Radar,848,161,5,0,1014,0,2,7,0,9,848,163,12,0,1023,0,0,0,1023
06/16/2020,DFW,TX,ASW,CE,Towers with Radar,855,164,5,0,1024,0,7,7,0,14,855,171,12,0,1038,0,0,0,1038
06/17/2020,DFW,TX,ASW,CE,Towers with Radar,867,154,8,2,1031,0,0,8,0,8,867,154,16,2,1039,0,0,0,1039
06/18/2020,DFW,TX,ASW,CE,Towers with Radar,900,164,6,3,1073,0,2,4,0,6,900,166,10,3,1079,0,0,0,1079
06/19/2020,DFW,TX,ASW,CE,Towers with Radar,857,157,4,0,1018,0,4,5,0,9,857,161,9,0,1027,0,0,0,1027
06/20/2020,DFW,TX,ASW,CE,Towers with Radar,841,156,1,1,999,0,4,1,0,5,841,160,2,1,1004,0,0,0,1004
06/21/2020,DFW,TX,ASW,CE,Towers with Radar,840,147,2,3,992,0,0,7,0,7,840,147,9,3,999,0,0,0,999
06/22/2020,DFW,TX,ASW,CE,Towers with Radar,855,154,8,1,1018,0,5,0,2,7,855,159,8,3,1025,0,0,0,1025
06/23/2020,DFW,TX,ASW,CE,Towers with Radar,869,162,8,0,1039,0,3,1,0,4,869,165,9,0,1043,0,0,0,1043
06/24/2020,DFW,TX,ASW,CE,Towers with Radar,879,156,9,0,1044,0,4,5,0,9,879,160,14,0,1053,0,0,0,1053
06/25/2020,DFW,TX,ASW,CE,Towers with Radar,911,162,8,0,1081,0,0,7,0,7,911,162,15,0,1088,0,0,0,1088
06/26/2020,DFW,TX,ASW,CE,Towers with Radar,874,164,16,0,1054,0,0,1,0,1,874,164,17,0,1055,0,0,0,1055
06/27/2020,DFW,TX,ASW,CE,Towers with Radar,838,155,5,4,1002,0,0,1,0,1,838,155,6,4,1003,0,0,0,1003
06/28/2020,DFW,TX,ASW,CE,Towers with Radar,843,141,6,0,990,0,3,3,0,6,843,144,9,0,996,0,0,0,996
06/29/2020,DFW,TX,ASW,CE,Towers with Radar,862,151,3,0,1016,0,1,2,2,5,862,152,5,2,1021,0,0,0,1021
06/30/2020,DFW,TX,ASW,CE,Towers with Radar,877,170,10,0,1057,0,3,1,0,4,877,173,11,0,1061,0,0,0,1061
07/01/2020,DFW,TX,ASW,CE,Towers with Radar,932,155,6,0,1093,0,2,12,2,16,932,157,18,2,1109,0,0,0,1109
07/02/2020,DFW,TX,ASW,CE,Towers with Radar,982,154,6,0,1142,0,0,1,0,1,982,154,7,0,1143,0,0,0,1143
07/03/2020,DFW,TX,ASW,CE,Towers with Radar,943,155,4,1,1103,0,0,0,0,0,943,155,4,1,1103,0,0,0,1103
07/04/2020,DFW,TX,ASW,CE,Towers with Radar,892,134,0,0,1026,0,1,8,0,9,892,135,8,0,1035,0,0,0,1035
07/05/2020,DFW,TX,ASW,CE,Towers with Radar,885,142,4,0,1031,0,0,3,0,3,885,142,7,0,1034,0,0,0,1034
07/06/2020,DFW,TX,ASW,CE,Towers with Radar,919,157,14,0,1090,0,4,0,0,4,919,161,14,0,1094,0,0,0,1094
07/07/2020,DFW,TX,ASW,CE,Towers with Radar,1115,198,11,0,1324,0,2,2,0,4,1115,200,13,0,1328,0,0,0,1328
07/08/2020,DFW,TX,ASW,CE,Towers with Radar,1169,183,4,2,1358,0,0,6,0,6,1169,183,10,2,1364,0,0,0,1364
07/09/2020,DFW,TX,ASW,CE,Towers with Radar,1400,228,5,0,1633,0,2,3,2,7,1400,230,8,2,1640,0,0,0,1640
07/10/2020,DFW,TX,ASW,CE,Towers with Radar,1378,225,7,0,1610,0,0,6,0,6,1378,225,13,0,1616,0,0,0,1616
07/11/2020,DFW,TX,ASW,CE,Towers with Radar,1271,196,5,0,1472,0,0,0,0,0,1271,196,5,0,1472,0,0,0,1472
07/12/2020,DFW,TX,ASW,CE,Towers with Radar,1336,208,15,0,1559,0,2,5,0,7,1336,210,20,0,1566,0,0,0,1566
07/13/2020,DFW,TX,ASW,CE,Towers with Radar,1366,223,8,2,1599,0,5,1,4,10,1366,228,9,6,1609,0,0,0,1609
07/14/2020,DFW,TX,ASW,CE,Towers with Radar,1178,180,6,0,1364,0,1,10,0,11,1178,181,16,0,1375,0,0,0,1375
07/15/2020,DFW,TX,ASW,CE,Towers with Radar,1178,183,8,2,1371,0,6,5,0,11,1178,189,13,2,1382,0,0,0,1382
07/16/2020,DFW,TX,ASW,CE,Towers with Radar,1410,215,6,0,1631,0,1,2,0,3,1410,216,8,0,1634,0,0,0,1634
07/17/2020,DFW,TX,ASW,CE,Towers with Radar,1370,218,10,0,1598,0,2,5,0,7,1370,220,15,0,1605,0,0,0,1605
07/18/2020,DFW,TX,ASW,CE,Towers with Radar,1279,192,7,0,1478,0,0,2,0,2,1279,192,9,0,1480,0,0,0,1480
07/19/2020,DFW,TX,ASW,CE,Towers with Radar,1325,209,2,0,1536,0,1,3,0,4,1325,210,5,0,1540,0,0,0,1540
07/20/2020,DFW,TX,ASW,CE,Towers with Radar,1359,214,10,4,1587,0,0,5,0,5,1359,214,15,4,1592,0,0,0,1592
07/21/2020,DFW,TX,ASW,CE,Towers with Radar,1156,189,3,0,1348,0,0,0,0,0,1156,189,3,0,1348,0,0,0,1348
07/22/2020,DFW,TX,ASW,CE,Towers with Radar,1176,177,4,2,1359,0,4,3,0,7,1176,181,7,2,1366,0,0,0,1366
07/23/2020,DFW,TX,ASW,CE,Towers with Radar,1417,218,6,1,1642,0,1,6,0,7,1417,219,12,1,1649,0,0,0,1649
07/24/2020,DFW,TX,ASW,CE,Towers with Radar,1364,217,4,0,1585,0,2,1,0,3,1364,219,5,0,1588,0,0,0,1588
07/25/2020,DFW,TX,ASW,CE,Towers with Radar,1258,183,6,0,1447,0,0,2,0,2,1258,183,8,0,1449,0,0,0,1449
07/26/2020,DFW,TX,ASW,CE,Towers with Radar,1331,194,4,0,1529,0,0,3,0,3,1331,194,7,0,1532,0,0,0,1532
07/27/2020,DFW,TX,ASW,CE,Towers with Radar,1341,213,2,2,1558,0,2,3,0,5,1341,215,5,2,1563,0,0,0,1563
07/28/2020,DFW,TX,ASW,CE,Towers with Radar,1139,182,5,0,1326,0,1,7,0,8,1139,183,12,0,1334,0,0,0,1334
07/29/2020,DFW,TX,ASW,CE,Towers with Radar,1159,182,3,2,1346,0,2,7,0,9,1159,184,10,2,1355,0,0,0,1355
07/30/2020,DFW,TX,ASW,CE,Towers with Radar,1337,225,1,1,1564,0,3,3,0,6,1337,228,4,1,1570,0,0,0,1570
07/31/2020,DFW,TX,ASW,CE,Towers with Radar,1323,209,4,0,1536,1,1,4,0,6,1324,210,8,0,1542,0,0,0,1542
08/01/2020,DFW,TX,ASW,CE,Towers with Radar,1234,177,1,0,1412,0,0,0,0,0,1234,177,1,0,1412,0,0,0,1412
08/02/2020,DFW,TX,ASW,CE,Towers with Radar,1300,189,3,0,1492,0,1,6,0,7,1300,190,9,0,1499,0,0,0,1499
08/03/2020,DFW,TX,ASW,CE,Towers with Radar,1311,200,9,4,1524,0,0,4,0,4,1311,200,13,4,1528,0,0,0,1528
08/04/2020,DFW,TX,ASW,CE,Towers with Radar,1111,180,6,0,1297,0,1,2,4,7,1111,181,8,4,1304,0,0,0,1304
08/05/2020,DFW,TX,ASW,CE,Towers with Radar,1112,157,8,0,1277,0,1,3,0,4,1112,158,11,0,1281,0,0,0,1281
08/06/2020,DFW,TX,ASW,CE,Towers with Radar,1350,204,8,0,1562,0,3,4,2,9,1350,207,12,2,1571,0,0,0,1571
08/07/2020,DFW,TX,ASW,CE,Towers with Radar,1303,195,4,0,1502,0,1,0,0,1,1303,196,4,0,1503,0,0,0,1503
08/08/2020,DFW,TX,ASW,CE,Towers with Radar,1213,164,7,0,1384,0,0,3,0,3,1213,164,10,0,1387,0,0,0,1387
08/09/2020,DFW,TX,ASW,CE,Towers with Radar,1283,179,5,0,1467,0,3,2,0,5,1283,182,7,0,1472,0,0,0,1472
08/10/2020,DFW,TX,ASW,CE,Towers with Radar,1298,191,7,0,1496,0,0,0,0,0,1298,191,7,0,1496,0,0,0,1496
08/11/2020,DFW,TX,ASW,CE,Towers with Radar,1102,165,5,0,1272,0,0,4,1,5,1102,165,9,1,1277,0,0,0,1277
08/12/2020,DFW,TX,ASW,CE,Towers with Radar,1117,160,10,0,1287,0,2,6,0,8,1117,162,16,0,1295,0,0,0,1295
08/13/2020,DFW,TX,ASW,CE,Towers with Radar,1340,203,7,2,1552,0,5,2,0,7,1340,208,9,2,1559,0,0,0,1559
08/14/2020,DFW,TX,ASW,CE,Towers with Radar,1302,203,11,0,1516,0,0,3,0,3,1302,203,14,0,1519,0,0,0,1519
08/15/2020,DFW,TX,ASW,CE,Towers with Radar,1220,161,4,0,1385,0,0,6,0,6,1220,161,10,0,1391,0,0,0,1391
08/16/2020,DFW,TX,ASW,CE,Towers with Radar,1132,156,16,0,1304,0,0,1,0,1,1132,156,17,0,1305,0,0,0,1305
08/17/2020,DFW,TX,ASW,CE,Towers with Radar,1326,195,17,0,1538,0,1,8,2,11,1326,196,25,2,1549,0,0,0,1549
08/18/2020,DFW,TX,ASW,CE,Towers with Radar,1117,159,10,0,1286,0,1,5,0,6,1117,160,15,0,1292,0,0,0,1292
08/19/2020,DFW,TX,ASW,CE,Towers with Radar,1145,148,6,2,1301,0,6,1,0,7,1145,154,7,2,1308,0,0,0,1308
08/20/2020,DFW,TX,ASW,CE,Towers with Radar,1402,196,8,0,1606,0,1,4,0,5,1402,197,12,0,1611,0,0,0,1611
08/21/2020,DFW,TX,ASW,CE,Towers with Radar,1365,185,7,0,1557,0,1,4,0,5,1365,186,11,0,1562,0,0,0,1562
08/22/2020,DFW,TX,ASW,CE,Towers with Radar,1259,164,6,0,1429,0,1,5,0,6,1259,165,11,0,1435,0,0,0,1435
08/23/2020,DFW,TX,ASW,CE,Towers with Radar,1327,173,7,0,1507,0,1,1,0,2,1327,174,8,0,1509,0,0,0,1509
08/24/2020,DFW,TX,ASW,CE,Towers with Radar,1342,191,10,2,1545,0,2,2,0,4,1342,193,12,2,1549,0,0,0,1549
08/25/2020,DFW,TX,ASW,CE,Towers with Radar,1134,161,12,0,1307,0,5,1,1,7,1134,166,13,1,1314,0,0,0,1314
08/26/2020,DFW,TX,ASW,CE,Towers with Radar,1132,145,7,0,1284,0,1,5,0,6,1132,146,12,0,1290,0,0,0,1290
08/27/2020,DFW,TX,ASW,CE,Towers with Radar,1387,166,9,2,1564,0,2,1,0,3,1387,168,10,2,1567,0,0,0,1567
08/28/2020,DFW,TX,ASW,CE,Towers with Radar,1351,175,10,1,1537,0,2,3,0,5,1351,177,13,1,1542,0,0,0,1542
08/29/2020,DFW,TX,ASW,CE,Towers with Radar,1268,154,2,0,1424,0,1,6,0,7,1268,155,8,0,1431,0,0,0,1431
08/30/2020,DFW,TX,ASW,CE,Towers with Radar,1321,169,7,0,1497,0,1,0,0,1,1321,170,7,0,1498,0,0,0,1498
08/31/2020,DFW,TX,ASW,CE,Towers with Radar,1343,188,9,0,1540,0,3,2,0,5,1343,191,11,0,1545,0,0,0,1545
09/01/2020,DFW,TX,ASW,CE,Towers with Radar,959,131,3,0,1093,0,2,4,0,6,959,133,7,0,1099,0,0,0,1099
09/02/2020,DFW,TX,ASW,CE,Towers with Radar,1087,158,7,0,1252,0,1,3,0,4,1087,159,10,0,1256,0,0,0,1256
09/03/2020,DFW,TX,ASW,CE,Towers with Radar,1404,189,8,0,1601,0,1,4,0,5,1404,190,12,0,1606,0,0,0,1606
09/04/2020,DFW,TX,ASW,CE,Towers with Radar,1349,189,11,0,1549,0,0,0,0,0,1349,189,11,0,1549,0,0,0,1549
09/05/2020,DFW,TX,ASW,CE,Towers with Radar,1013,136,6,0,1155,0,4,4,2,10,1013,140,10,2,1165,0,0,0,1165
09/06/2020,DFW,TX,ASW,CE,Towers with Radar,1032,136,4,0,1172,0,0,1,0,1,1032,136,5,0,1173,0,0,0,1173
09/07/2020,DFW,TX,ASW,CE,Towers with Radar,1303,170,10,0,1483,0,2,3,0,5,1303,172,13,0,1488,0,0,0,1488
09/08/2020,DFW,TX,ASW,CE,Towers with Radar,1057,157,10,0,1224,0,5,2,0,7,1057,162,12,0,1231,0,0,0,1231
09/09/2020,DFW,TX,ASW,CE,Towers with Radar,1221,182,5,0,1408,0,0,0,0,0,1221,182,5,0,1408,0,0,0,1408
09/10/2020,DFW,TX,ASW,CE,Towers with Radar,1284,199,4,0,1487,0,0,0,0,0,1284,199,4,0,1487,0,0,0,1487
09/11/2020,DFW,TX,ASW,CE,Towers with Radar,1235,196,4,0,1435,0,0,3,0,3,1235,196,7,0,1438,0,0,0,1438
09/12/2020,DFW,TX,ASW,CE,Towers with Radar,1187,179,7,0,1373,0,0,13,0,13,1187,179,20,0,1386,0,0,0,1386
09/13/2020,DFW,TX,ASW,CE,Towers with Radar,1206,170,8,0,1384,0,0,5,0,5,1206,170,13,0,1389,0,0,0,1389
09/14/2020,DFW,TX,ASW,CE,Towers with Radar,1204,197,11,0,1412,0,1,2,0,3,1204,198,13,0,1415,0,0,0,1415
09/15/2020,DFW,TX,ASW,CE,Towers with Radar,1036,162,12,0,1210,0,4,2,0,6,1036,166,14,0,1216,0,0,0,1216
09/16/2020,DFW,TX,ASW,CE,Towers with Radar,1184,186,11,0,1381,0,1,0,2,3,1184,187,11,2,1384,0,0,0,1384
09/17/2020,DFW,TX,ASW,CE,Towers with Radar,1272,199,12,0,1483,0,1,4,0,5,1272,200,16,0,1488,0,0,0,1488
09/18/2020,DFW,TX,ASW,CE,Towers with Radar,1229,190,12,0,1431,0,1,6,0,7,1229,191,18,0,1438,0,0,0,1438
09/19/2020,DFW,TX,ASW,CE,Towers with Radar,1198,178,2,0,1378,0,0,7,0,7,1198,178,9,0,1385,0,0,0,1385
09/20/2020,DFW,TX,ASW,CE,Towers with Radar,1212,172,19,0,1403,0,0,3,2,5,1212,172,22,2,1408,0,0,0,1408
09/21/2020,DFW,TX,ASW,CE,Towers with Radar,1219,201,6,0,1426,0,1,3,0,4,1219,202,9,0,1430,0,0,0,1430
09/22/2020,DFW,TX,ASW,CE,Towers with Radar,1069,182,11,0,1262,0,0,0,0,0,1069,182,11,0,1262,0,0,0,1262
09/23/2020,DFW,TX,ASW,CE,Towers with Radar,1234,195,5,0,1434,0,0,4,0,4,1234,195,9,0,1438,0,0,0,1438
09/24/2020,DFW,TX,ASW,CE,Towers with Radar,1281,203,8,0,1492,0,1,0,4,5,1281,204,8,4,1497,0,0,0,1497
09/25/2020,DFW,TX,ASW,CE,Towers with Radar,1241,193,11,3,1448,0,4,3,0,7,1241,197,14,3,1455,0,0,0,1455
09/26/2020,DFW,TX,ASW,CE,Towers with Radar,1198,168,3,0,1369,0,1,1,0,2,1198,169,4,0,1371,0,0,0,1371
09/27/2020,DFW,TX,ASW,CE,Towers with Radar,1206,177,10,0,1393,0,0,1,0,1,1206,177,11,0,1394,0,0,0,1394
09/28/2020,DFW,TX,ASW,CE,Towers with Radar,1232,193,12,0,1437,0,2,0,0,2,1232,195,12,0,1439,0,0,0,1439
09/29/2020,DFW,TX,ASW,CE,Towers with Radar,1056,171,10,0,1237,0,9,1,0,10,1056,180,11,0,1247,0,0,0,1247
09/30/2020,DFW,TX,ASW,CE,Towers with Radar,1241,192,27,0,1460,0,1,6,0,7,1241,193,33,0,1467,0,0,0,1467
10/01/2020,DFW,TX,ASW,CE,Towers with Radar,1306,203,11,0,1520,0,0,2,0,2,1306,203,13,0,1522,0,0,0,1522
10/02/2020,DFW,TX,ASW,CE,Towers with Radar,1253,193,14,1,1461,0,1,1,0,2,1253,194,15,1,1463,0,0,0,1463
10/03/2020,DFW,TX,ASW,CE,Towers with Radar,1211,172,6,0,1389,0,0,4,0,4,1211,172,10,0,1393,0,0,0,1393
10/04/2020,DFW,TX,ASW,CE,Towers with Radar,1232,174,10,2,1418,0,0,0,0,0,1232,174,10,2,1418,0,0,0,1418
10/05/2020,DFW,TX,ASW,CE,Towers with Radar,1245,187,8,2,1442,0,0,2,0,2,1245,187,10,2,1444,0,0,0,1444
10/06/2020,DFW,TX,ASW,CE,Towers with Radar,1062,168,9,2,1241,0,2,6,0,8,1062,170,15,2,1249,0,0,0,1249
10/07/2020,DFW,TX,ASW,CE,Towers with Radar,1182,189,6,0,1377,0,0,0,1,1,1182,189,6,1,1378,0,0,0,1378
10/08/2020,DFW,TX,ASW,CE,Towers with Radar,1318,181,8,0,1507,0,1,1,0,2,1318,182,9,0,1509,0,0,0,1509
10/09/2020,DFW,TX,ASW,CE,Towers with Radar,1401,194,8,0,1603,0,1,3,0,4,1401,195,11,0,1607,0,0,0,1607
10/10/2020,DFW,TX,ASW,CE,Towers with Radar,1231,149,4,0,1384,0,0,3,0,3,1231,149,7,0,1387,0,0,0,1387
10/11/2020,DFW,TX,ASW,CE,Towers with Radar,1371,196,9,0,1576,0,3,8,0,11,1371,199,17,0,1587,0,0,0,1587
10/12/2020,DFW,TX,ASW,CE,Towers with Radar,1399,199,13,0,1611,0,0,2,0,2,1399,199,15,0,1613,0,0,0,1613
10/13/2020,DFW,TX,ASW,CE,Towers with Radar,1189,191,13,0,1393,0,1,0,0,1,1189,192,13,0,1394,0,0,0,1394
10/14/2020,DFW,TX,ASW,CE,Towers with Radar,1215,185,20,0,1420,0,0,1,0,1,1215,185,21,0,1421,0,0,0,1421
10/15/2020,DFW,TX,ASW,CE,Towers with Radar,1311,192,18,0,1521,0,2,0,2,4,1311,194,18,2,1525,0,0,0,1525
10/16/2020,DFW,TX,ASW,CE,Towers with Radar,1411,202,10,0,1623,0,0,5,0,5,1411,202,15,0,1628,0,0,0,1628
10/17/2020,DFW,TX,ASW,CE,Towers with Radar,1226,149,3,0,1378,0,1,1,4,6,1226,150,4,4,1384,0,0,0,1384
10/18/2020,DFW,TX,ASW,CE,Towers with Radar,1392,188,10,0,1590,0,0,1,2,3,1392,188,11,2,1593,0,0,0,1593
10/19/2020,DFW,TX,ASW,CE,Towers with Radar,1416,201,6,2,1625,0,0,0,0,0,1416,201,6,2,1625,0,0,0,1625
10/20/2020,DFW,TX,ASW,CE,Towers with Radar,1203,188,10,0,1401,0,0,0,0,0,1203,188,10,0,1401,0,0,0,1401
10/21/2020,DFW,TX,ASW,CE,Towers with Radar,1219,199,17,0,1435,0,0,0,2,2,1219,199,17,2,1437,0,0,0,1437
10/22/2020,DFW,TX,ASW,CE,Towers with Radar,1317,195,19,0,1531,0,3,4,0,7,1317,198,23,0,1538,0,0,0,1538
10/23/2020,DFW,TX,ASW,CE,Towers with Radar,1406,211,11,0,1628,0,2,0,0,2,1406,213,11,0,1630,0,0,0,1630
10/24/2020,DFW,TX,ASW,CE,Towers with Radar,1234,151,7,0,1392,0,2,3,1,6,1234,153,10,1,1398,0,0,0,1398
10/25/2020,DFW,TX,ASW,CE,Towers with Radar,1372,184,10,0,1566,0,0,0,0,0,1372,184,10,0,1566,0,0,0,1566
10/26/2020,DFW,TX,ASW,CE,Towers with Radar,1379,185,12,0,1576,0,0,0,0,0,1379,185,12,0,1576,0,0,0,1576
10/27/2020,DFW,TX,ASW,CE,Towers with Radar,1183,155,16,0,1354,0,0,0,0,0,1183,155,16,0,1354,0,0,0,1354
10/28/2020,DFW,TX,ASW,CE,Towers with Radar,1216,167,12,0,1395,0,6,1,2,9,1216,173,13,2,1404,0,0,0,1404
10/29/2020,DFW,TX,ASW,CE,Towers with Radar,1308,177,13,0,1498,0,3,1,0,4,1308,180,14,0,1502,0,0,0,1502
10/30/2020,DFW,TX,ASW,CE,Towers with Radar,1399,212,9,0,1620,0,0,2,0,2,1399,212,11,0,1622,0,0,0,1622
10/31/2020,DFW,TX,ASW,CE,Towers with Radar,802,116,5,0,923,0,3,6,0,9,802,119,11,0,932,0,0,0,932
11/01/2020,DFW,TX,ASW,CE,Towers with Radar,1247,161,8,0,1416,0,0,5,0,5,1247,161,13,0,1421,0,0,0,1421
11/02/2020,DFW,TX,ASW,CE,Towers with Radar,1397,194,10,0,1601,0,2,3,0,5,1397,196,13,0,1606,0,0,0,1606
11/03/2020,DFW,TX,ASW,CE,Towers with Radar,1209,179,1,2,1391,0,2,1,0,3,1209,181,2,2,1394,0,0,0,1394
11/04/2020,DFW,TX,ASW,CE,Towers with Radar,1242,177,7,1,1427,0,2,0,2,4,1242,179,7,3,1431,0,0,0,1431
11/05/2020,DFW,TX,ASW,CE,Towers with Radar,1311,199,9,1,1520,0,1,6,0,7,1311,200,15,1,1527,0,0,0,1527
11/06/2020,DFW,TX,ASW,CE,Towers with Radar,1396,208,11,0,1615,0,1,0,2,3,1396,209,11,2,1618,0,0,0,1618
11/07/2020,DFW,TX,ASW,CE,Towers with Radar,1337,191,1,0,1529,0,2,3,0,5,1337,193,4,0,1534,0,0,0,1534
11/08/2020,DFW,TX,ASW,CE,Towers with Radar,1375,192,7,0,1574,0,1,1,1,3,1375,193,8,1,1577,0,0,0,1577
11/09/2020,DFW,TX,ASW,CE,Towers with Radar,1261,177,4,0,1442,0,3,0,0,3,1261,180,4,0,1445,0,0,0,1445
11/10/2020,DFW,TX,ASW,CE,Towers with Radar,1262,190,12,0,1464,0,6,0,0,6,1262,196,12,0,1470,0,0,0,1470
11/11/2020,DFW,TX,ASW,CE,Towers with Radar,1274,189,18,0,1481,0,6,2,0,8,1274,195,20,0,1489,0,0,0,1489
11/12/2020,DFW,TX,ASW,CE,Towers with Radar,1337,185,8,0,1530,0,1,1,6,8,1337,186,9,6,1538,0,0,0,1538
11/13/2020,DFW,TX,ASW,CE,Towers with Radar,1419,212,11,2,1644,0,1,3,0,4,1419,213,14,2,1648,0,0,0,1648
11/14/2020,DFW,TX,ASW,CE,Towers with Radar,1354,186,10,1,1551,0,0,0,0,0,1354,186,10,1,1551,0,0,0,1551
11/15/2020,DFW,TX,ASW,CE,Towers with Radar,1388,190,8,3,1589,0,0,0,0,0,1388,190,8,3,1589,0,0,0,1589
11/16/2020,DFW,TX,ASW,CE,Towers with Radar,1293,178,4,0,1475,0,1,2,0,3,1293,179,6,0,1478,0,0,0,1478
11/17/2020,DFW,TX,ASW,CE,Towers with Radar,1268,179,5,0,1452,0,2,2,0,4,1268,181,7,0,1456,0,0,0,1456
11/18/2020,DFW,TX,ASW,CE,Towers with Radar,1292,174,18,0,1484,0,4,2,0,6,1292,178,20,0,1490,0,0,0,1490
11/19/2020,DFW,TX,ASW,CE,Towers with Radar,1361,190,19,0,1570,0,0,0,0,0,1361,190,19,0,1570,0,0,0,1570
11/20/2020,DFW,TX,ASW,CE,Towers with Radar,1449,198,16,3,1666,0,1,1,0,2,1449,199,17,3,1668,0,0,0,1668
11/21/2020,DFW,TX,ASW,CE,Towers with Radar,1400,182,8,2,1592,0,0,1,0,1,1400,182,9,2,1593,0,0,0,1593
11/22/2020,DFW,TX,ASW,CE,Towers with Radar,1431,172,5,0,1608,0,2,2,0,4,1431,174,7,0,1612,0,0,0,1612
11/23/2020,DFW,TX,ASW,CE,Towers with Radar,1141,159,2,0,1302,0,2,0,0,2,1141,161,2,0,1304,0,0,0,1304
11/24/2020,DFW,TX,ASW,CE,Towers with Radar,1456,198,15,0,1669,0,0,0,2,2,1456,198,15,2,1671,0,0,0,1671
11/25/2020,DFW,TX,ASW,CE,Towers with Radar,1476,200,4,0,1680,0,0,5,0,5,1476,200,9,0,1685,0,0,0,1685
11/26/2020,DFW,TX,ASW,CE,Towers with Radar,437,44,1,0,482,0,4,1,0,5,437,48,2,0,487,0,0,0,487
11/27/2020,DFW,TX,ASW,CE,Towers with Radar,1070,150,0,0,1220,0,2,1,0,3,1070,152,1,0,1223,0,0,0,1223
11/28/2020,DFW,TX,ASW,CE,Towers with Radar,1404,201,1,0,1606,0,2,1,0,3,1404,203,2,0,1609,0,0,0,1609
11/29/2020,DFW,TX,ASW,CE,Towers with Radar,1442,203,14,0,1659,0,0,0,0,0,1442,203,14,0,1659,0,0,0,1659
11/30/2020,DFW,TX,ASW,CE,Towers with Radar,1464,217,9,1,1691,0,0,3,0,3,1464,217,12,1,1694,0,0,0,1694
12/01/2020,DFW,TX,ASW,CE,Towers with Radar,1324,190,11,0,1525,0,0,2,0,2,1324,190,13,0,1527,0,0,0,1527
12/02/2020,DFW,TX,ASW,CE,Towers with Radar,1196,163,11,0,1370,0,0,2,0,2,1196,163,13,0,1372,0,0,0,1372
12/03/2020,DFW,TX,ASW,CE,Towers with Radar,1358,183,8,1,1550,0,0,0,0,0,1358,183,8,1,1550,0,0,0,1550
12/04/2020,DFW,TX,ASW,CE,Towers with Radar,1441,208,6,0,1655,0,0,2,0,2,1441,208,8,0,1657,0,0,0,1657
12/05/2020,DFW,TX,ASW,CE,Towers with Radar,1194,156,3,0,1353,0,1,4,0,5,1194,157,7,0,1358,0,0,0,1358
12/06/2020,DFW,TX,ASW,CE,Towers with Radar,1400,178,4,0,1582,0,0,6,0,6,1400,178,10,0,1588,0,0,0,1588
12/07/2020,DFW,TX,ASW,CE,Towers with Radar,1421,193,11,0,1625,0,0,7,0,7,1421,193,18,0,1632,0,0,0,1632
12/08/2020,DFW,TX,ASW,CE,Towers with Radar,1156,168,15,0,1339,0,1,12,0,13,1156,169,27,0,1352,0,0,0,1352
12/09/2020,DFW,TX,ASW,CE,Towers with Radar,1166,168,14,0,1348,0,1,2,0,3,1166,169,16,0,1351,0,0,0,1351
12/10/2020,DFW,TX,ASW,CE,Towers with Radar,1355,182,10,0,1547,0,2,0,0,2,1355,184,10,0,1549,0,0,0,1549
12/11/2020,DFW,TX,ASW,CE,Towers with Radar,1434,208,7,0,1649,0,1,4,0,5,1434,209,11,0,1654,0,0,0,1654
12/12/2020,DFW,TX,ASW,CE,Towers with Radar,1193,153,2,0,1348,0,1,0,0,1,1193,154,2,0,1349,0,0,0,1349
12/13/2020,DFW,TX,ASW,CE,Towers with Radar,1408,170,7,1,1586,0,0,0,0,0,1408,170,7,1,1586,0,0,0,1586
12/14/2020,DFW,TX,ASW,CE,Towers with Radar,1420,206,8,0,1634,0,0,2,0,2,1420,206,10,0,1636,0,0,0,1636
12/15/2020,DFW,TX,ASW,CE,Towers with Radar,1173,161,13,0,1347,0,0,4,0,4,1173,161,17,0,1351,0,0,0,1351
12/16/2020,DFW,TX,ASW,CE,Towers with Radar,1182,169,13,0,1364,0,2,5,0,7,1182,171,18,0,1371,0,0,0,1371
12/17/2020,DFW,TX,ASW,CE,Towers with Radar,1513,234,10,0,1757,0,0,8,0,8,1513,234,18,0,1765,0,0,0,1765
12/18/2020,DFW,TX,ASW,CE,Towers with Radar,1549,246,9,0,1804,0,1,0,0,1,1549,247,9,0,1805,0,0,0,1805
12/19/2020,DFW,TX,ASW,CE,Towers with Radar,1484,236,11,0,1731,0,0,3,0,3,1484,236,14,0,1734,0,0,0,1734
12/20/2020,DFW,TX,ASW,CE,Towers with Radar,1501,222,6,0,1729,0,0,0,0,0,1501,222,6,0,1729,0,0,0,1729
12/21/2020,DFW,TX,ASW,CE,Towers with Radar,1500,249,8,0,1757,0,1,0,0,1,1500,250,8,0,1758,0,0,0,1758
12/22/2020,DFW,TX,ASW,CE,Towers with Radar,1545,263,12,1,1821,0,2,0,3,5,1545,265,12,4,1826,0,0,0,1826
12/23/2020,DFW,TX,ASW,CE,Towers with Radar,1547,252,4,0,1803,0,0,5,0,5,1547,252,9,0,1808,0,0,0,1808
12/24/2020,DFW,TX,ASW,CE,Towers with Radar,1063,169,0,0,1232,0,2,4,0,6,1063,171,4,0,1238,0,0,0,1238
12/25/2020,DFW,TX,ASW,CE,Towers with Radar,787,87,2,0,876,0,0,0,0,0,787,87,2,0,876,0,0,0,876
12/26/2020,DFW,TX,ASW,CE,Towers with Radar,1376,233,8,0,1617,0,0,0,0,0,1376,233,8,0,1617,0,0,0,1617
12/27/2020,DFW,TX,ASW,CE,Towers with Radar,1436,226,6,0,1668,0,2,0,0,2,1436,228,6,0,1670,0,0,0,1670
12/28/2020,DFW,TX,ASW,CE,Towers with Radar,1448,237,7,0,1692,0,0,5,0,5,1448,237,12,0,1697,0,0,0,1697
12/29/2020,DFW,TX,ASW,CE,Towers with Radar,1500,244,5,0,1749,0,2,2,0,4,1500,246,7,0,1753,0,0,0,1753
12/30/2020,DFW,TX,ASW,CE,Towers with Radar,1371,215,9,0,1595,0,0,0,0,0,1371,215,9,0,1595,0,0,0,1595
12/31/2020,DFW,TX,ASW,CE,Towers with Radar,1038,162,7,2,1209,0,0,0,0,0,1038,162,7,2,1209,0,0,0,1209
01/01/2021,DFW,TX,ASW,CE,Towers with Radar,1206,159,7,0,1372,0,0,0,0,0,1206,159,7,0,1372,0,0,0,1372
01/02/2021,DFW,TX,ASW,CE,Towers with Radar,1387,243,8,0,1638,0,0,0,0,0,1387,243,8,0,1638,0,0,0,1638
01/03/2021,DFW,TX,ASW,CE,Towers with Radar,1459,226,13,0,1698,0,0,1,0,1,1459,226,14,0,1699,0,0,0,1699
01/04/2021,DFW,TX,ASW,CE,Towers with Radar,1438,241,21,0,1700,0,5,3,0,8,1438,246,24,0,1708,0,0,0,1708
01/05/2021,DFW,TX,ASW,CE,Towers with Radar,1224,204,25,1,1454,0,0,3,0,3,1224,204,28,1,1457,0,0,0,1457
01/06/2021,DFW,TX,ASW,CE,Towers with Radar,1280,222,11,0,1513,0,3,0,0,3,1280,225,11,0,1516,0,0,0,1516
01/07/2021,DFW,TX,ASW,CE,Towers with Radar,1334,217,4,0,1555,0,0,0,0,0,1334,217,4,0,1555,0,0,0,1555
01/08/2021,DFW,TX,ASW,CE,Towers with Radar,1406,255,10,0,1671,0,2,3,0,5,1406,257,13,0,1676,0,0,0,1676
01/09/2021,DFW,TX,ASW,CE,Towers with Radar,1168,199,5,1,1373,0,0,4,1,5,1168,199,9,2,1378,0,0,0,1378
01/10/2021,DFW,TX,ASW,CE,Towers with Radar,1114,128,15,0,1257,0,0,0,0,0,1114,128,15,0,1257,0,0,0,1257
01/11/2021,DFW,TX,ASW,CE,Towers with Radar,1273,202,1,0,1476,0,0,3,0,3,1273,202,4,0,1479,0,0,0,1479
01/12/2021,DFW,TX,ASW,CE,Towers with Radar,1259,207,15,0,1481,0,0,2,0,2,1259,207,17,0,1483,0,0,0,1483
01/13/2021,DFW,TX,ASW,CE,Towers with Radar,1281,218,6,0,1505,0,2,1,0,3,1281,220,7,0,1508,0,0,0,1508
01/14/2021,DFW,TX,ASW,CE,Towers with Radar,1322,213,13,0,1548,0,0,3,0,3,1322,213,16,0,1551,0,0,0,1551
01/15/2021,DFW,TX,ASW,CE,Towers with Radar,1412,225,3,0,1640,0,2,0,0,2,1412,227,3,0,1642,0,0,0,1642
01/16/2021,DFW,TX,ASW,CE,Towers with Radar,1175,193,5,0,1373,0,2,3,0,5,1175,195,8,0,1378,0,0,0,1378
01/17/2021,DFW,TX,ASW,CE,Towers with Radar,1360,220,7,0,1587,0,4,0,0,4,1360,224,7,0,1591,0,0,0,1591
01/18/2021,DFW,TX,ASW,CE,Towers with Radar,1278,205,8,0,1491,1,0,2,0,3,1279,205,10,0,1494,0,0,0,1494
01/19/2021,DFW,TX,ASW,CE,Towers with Radar,1265,209,2,0,1476,0,0,4,0,4,1265,209,6,0,1480,0,0,0,1480
01/20/2021,DFW,TX,ASW,CE,Towers with Radar,1272,214,6,0,1492,0,0,0,0,0,1272,214,6,0,1492,0,0,0,1492
01/21/2021,DFW,TX,ASW,CE,Towers with Radar,1332,221,16,0,1569,0,0,0,0,0,1332,221,16,0,1569,0,0,0,1569
01/22/2021,DFW,TX,ASW,CE,Towers with Radar,1406,222,12,0,1640,0,0,0,0,0,1406,222,12,0,1640,0,0,0,1640
01/23/2021,DFW,TX,ASW,CE,Towers with Radar,1182,195,6,0,1383,0,0,0,0,0,1182,195,6,0,1383,0,0,0,1383
01/24/2021,DFW,TX,ASW,CE,Towers with Radar,1370,190,5,0,1565,0,0,0,0,0,1370,190,5,0,1565,0,0,0,1565
01/25/2021,DFW,TX,ASW,CE,Towers with Radar,1286,204,0,0,1490,0,0,4,0,4,1286,204,4,0,1494,0,0,0,1494
01/26/2021,DFW,TX,ASW,CE,Towers with Radar,1260,213,10,0,1483,1,4,1,0,6,1261,217,11,0,1489,0,0,0,1489
01/27/2021,DFW,TX,ASW,CE,Towers with Radar,1271,210,11,0,1492,0,0,9,0,9,1271,210,20,0,1501,0,0,0,1501
01/28/2021,DFW,TX,ASW,CE,Towers with Radar,1329,218,3,0,1550,0,0,5,2,7,1329,218,8,2,1557,0,0,0,1557
01/29/2021,DFW,TX,ASW,CE,Towers with Radar,1400,243,8,0,1651,0,2,5,0,7,1400,245,13,0,1658,0,0,0,1658
01/30/2021,DFW,TX,ASW,CE,Towers with Radar,1075,175,4,0,1254,0,0,0,0,0,1075,175,4,0,1254,0,0,0,1254
01/31/2021,DFW,TX,ASW,CE,Towers with Radar,1373,214,3,0,1590,0,5,4,0,9,1373,219,7,0,1599,0,0,0,1599
02/01/2021,DFW,TX,ASW,CE,Towers with Radar,1250,209,4,0,1463,0,0,0,0,0,1250,209,4,0,1463,0,0,0,1463
02/02/2021,DFW,TX,ASW,CE,Towers with Radar,1246,212,19,1,1478,0,1,2,0,3,1246,213,21,1,1481,0,0,0,1481
02/03/2021,DFW,TX,ASW,CE,Towers with Radar,1281,208,14,0,1503,0,1,2,2,5,1281,209,16,2,1508,0,0,0,1508
02/04/2021,DFW,TX,ASW,CE,Towers with Radar,1331,212,10,0,1553,0,1,0,0,1,1331,213,10,0,1554,0,0,0,1554
02/05/2021,DFW,TX,ASW,CE,Towers with Radar,1415,233,10,0,1658,0,0,0,0,0,1415,233,10,0,1658,0,0,0,1658
02/06/2021,DFW,TX,ASW,CE,Towers with Radar,1177,195,8,0,1380,0,1,0,0,1,1177,196,8,0,1381,0,0,0,1381
02/07/2021,DFW,TX,ASW,CE,Towers with Radar,1380,200,1,0,1581,0,1,2,0,3,1380,201,3,0,1584,0,0,0,1584
02/08/2021,DFW,TX,ASW,CE,Towers with Radar,1286,191,9,0,1486,0,0,1,0,1,1286,191,10,0,1487,0,0,0,1487
02/09/2021,DFW,TX,ASW,CE,Towers with Radar,1271,189,6,0,1466,0,0,0,0,0,1271,189,6,0,1466,0,0,0,1466
02/10/2021,DFW,TX,ASW,CE,Towers with Radar,1279,169,13,0,1461,0,0,0,0,0,1279,169,13,0,1461,0,0,0,1461
02/11/2021,DFW,TX,ASW,CE,Towers with Radar,1288,165,5,0,1458,0,0,0,0,0,1288,165,5,0,1458,0,0,0,1458
02/12/2021,DFW,TX,ASW,CE,Towers with Radar,1424,193,8,1,1626,0,0,0,0,0,1424,193,8,1,1626,0,0,0,1626
02/13/2021,DFW,TX,ASW,CE,Towers with Radar,1170,159,1,0,1330,0,0,0,0,0,1170,159,1,0,1330,0,0,0,1330
02/14/2021,DFW,TX,ASW,CE,Towers with Radar,574,24,3,0,601,0,0,0,0,0,574,24,3,0,601,0,0,0,601
02/15/2021,DFW,TX,ASW,CE,Towers with Radar,427,15,10,0,452,0,0,2,2,4,427,15,12,2,456,0,0,0,456
02/16/2021,DFW,TX,ASW,CE,Towers with Radar,385,18,10,0,413,0,4,0,0,4,385,22,10,0,417,0,0,0,417
02/17/2021,DFW,TX,ASW,CE,Towers with Radar,356,33,2,0,391,0,0,0,0,0,356,33,2,0,391,0,0,0,391
02/18/2021,DFW,TX,ASW,CE,Towers with Radar,711,72,10,0,793,0,7,2,0,9,711,79,12,0,802,0,0,0,802
02/19/2021,DFW,TX,ASW,CE,Towers with Radar,998,93,6,2,1099,0,0,2,1,3,998,93,8,3,1102,0,0,0,1102
02/20/2021,DFW,TX,ASW,CE,Towers with Radar,1183,140,6,2,1331,0,0,2,2,4,1183,140,8,4,1335,0,0,0,1335
02/21/2021,DFW,TX,ASW,CE,Towers with Radar,1387,173,6,0,1566,0,3,0,0,3,1387,176,6,0,1569,0,0,0,1569
02/22/2021,DFW,TX,ASW,CE,Towers with Radar,1299,201,12,0,1512,0,9,4,2,15,1299,210,16,2,1527,0,0,0,1527
02/23/2021,DFW,TX,ASW,CE,Towers with Radar,1274,192,23,0,1489,0,0,6,0,6,1274,192,29,0,1495,0,0,0,1495
02/24/2021,DFW,TX,ASW,CE,Towers with Radar,1293,204,4,0,1501,0,2,0,0,2,1293,206,4,0,1503,0,0,0,1503
02/25/2021,DFW,TX,ASW,CE,Towers with Radar,1334,205,14,0,1553,0,0,0,0,0,1334,205,14,0,1553,0,0,0,1553
02/26/2021,DFW,TX,ASW,CE,Towers with Radar,1448,228,13,0,1689,0,2,2,0,4,1448,230,15,0,1693,0,0,0,1693
02/27/2021,DFW,TX,ASW,CE,Towers with Radar,1219,173,4,0,1396,0,0,1,0,1,1219,173,5,0,1397,0,0,0,1397
02/28/2021,DFW,TX,ASW,CE,Towers with Radar,1292,196,6,0,1494,0,0,0,0,0,1292,196,6,0,1494,0,0,0,1494
03/01/2021,DFW,TX,ASW,CE,Towers with Radar,1279,197,9,0,1485,0,0,2,0,2,1279,197,11,0,1487,0,0,0,1487
03/02/2021,DFW,TX,ASW,CE,Towers with Radar,1285,190,8,0,1483,0,1,3,0,4,1285,191,11,0,1487,0,0,0,1487
03/03/2021,DFW,TX,ASW,CE,Towers with Radar,1303,189,19,0,1511,0,4,10,0,14,1303,193,29,0,1525,0,0,0,1525
03/04/2021,DFW,TX,ASW,CE,Towers with Radar,1542,234,7,0,1783,0,1,2,0,3,1542,235,9,0,1786,0,0,0,1786
03/05/2021,DFW,TX,ASW,CE,Towers with Radar,1551,242,13,0,1806,0,1,6,0,7,1551,243,19,0,1813,0,0,0,1813
03/06/2021,DFW,TX,ASW,CE,Towers with Radar,1419,205,8,0,1632,0,2,4,4,10,1419,207,12,4,1642,0,0,0,1642
03/07/2021,DFW,TX,ASW,CE,Towers with Radar,1532,220,13,0,1765,0,0,0,0,0,1532,220,13,0,1765,0,0,0,1765
03/08/2021,DFW,TX,ASW,CE,Towers with Radar,1536,237,14,0,1787,0,6,1,0,7,1536,243,15,0,1794,0,0,0,1794
03/09/2021,DFW,TX,ASW,CE,Towers with Radar,1506,221,8,0,1735,0,0,1,0,1,1506,221,9,0,1736,0,0,0,1736
03/10/2021,DFW,TX,ASW,CE,Towers with Radar,1535,233,23,1,1792,0,0,0,0,0,1535,233,23,1,1792,0,0,0,1792
03/11/2021,DFW,TX,ASW,CE,Towers with Radar,1610,236,10,0,1856,0,1,2,3,6,1610,237,12,3,1862,0,0,0,1862
03/12/2021,DFW,TX,ASW,CE,Towers with Radar,1572,231,11,2,1816,0,0,1,0,1,1572,231,12,2,1817,0,0,0,1817
03/13/2021,DFW,TX,ASW,CE,Towers with Radar,1413,203,8,0,1624,0,0,0,0,0,1413,203,8,0,1624,0,0,0,1624
03/14/2021,DFW,TX,ASW,CE,Towers with Radar,1473,217,5,0,1695,0,0,0,0,0,1473,217,5,0,1695,0,0,0,1695
03/15/2021,DFW,TX,ASW,CE,Towers with Radar,1547,233,10,0,1790,0,0,0,0,0,1547,233,10,0,1790,0,0,0,1790
03/16/2021,DFW,TX,ASW,CE,Towers with Radar,1524,215,5,0,1744,0,1,10,1,12,1524,216,15,1,1756,0,0,0,1756
03/17/2021,DFW,TX,ASW,CE,Towers with Radar,1326,129,9,0,1464,0,0,2,0,2,1326,129,11,0,1466,0,0,0,1466
03/18/2021,DFW,TX,ASW,CE,Towers with Radar,1601,247,18,0,1866,0,2,7,0,9,1601,249,25,0,1875,0,0,0,1875
03/19/2021,DFW,TX,ASW,CE,Towers with Radar,1578,240,31,1,1850,0,2,7,3,12,1578,242,38,4,1862,0,0,0,1862
03/20/2021,DFW,TX,ASW,CE,Towers with Radar,1443,209,9,0,1661,0,0,18,0,18,1443,209,27,0,1679,0,0,0,1679
03/21/2021,DFW,TX,ASW,CE,Towers with Radar,1522,223,10,0,1755,0,2,4,0,6,1522,225,14,0,1761,0,0,0,1761
03/22/2021,DFW,TX,ASW,CE,Towers with Radar,1397,198,9,2,1606,0,0,0,0,0,1397,198,9,2,1606,0,0,0,1606
03/23/2021,DFW,TX,ASW,CE,Towers with Radar,1548,223,12,0,1783,0,2,10,0,12,1548,225,22,0,1795,0,0,0,1795
03/24/2021,DFW,TX,ASW,CE,Towers with Radar,1509,214,12,0,1735,0,2,0,0,2,1509,216,12,0,1737,0,0,0,1737
03/25/2021,DFW,TX,ASW,CE,Towers with Radar,1622,254,16,4,1896,0,0,0,0,0,1622,254,16,4,1896,0,0,0,1896
03/26/2021,DFW,TX,ASW,CE,Towers with Radar,1567,247,3,0,1817,0,0,2,0,2,1567,247,5,0,1819,0,0,0,1819
03/27/2021,DFW,TX,ASW,CE,Towers with Radar,1448,206,13,0,1667,1,2,0,0,3,1449,208,13,0,1670,0,0,0,1670
03/28/2021,DFW,TX,ASW,CE,Towers with Radar,1534,229,14,0,1777,0,0,0,0,0,1534,229,14,0,1777,0,0,0,1777
03/29/2021,DFW,TX,ASW,CE,Towers with Radar,1562,247,7,0,1816,0,2,2,0,4,1562,249,9,0,1820,0,0,0,1820
03/30/2021,DFW,TX,ASW,CE,Towers with Radar,1537,220,7,0,1764,0,1,2,0,3,1537,221,9,0,1767,0,0,0,1767
03/31/2021,DFW,TX,ASW,CE,Towers with Radar,1563,229,5,1,1798,0,0,2,3,5,1563,229,7,4,1803,0,0,0,1803
04/01/2021,DFW,TX,ASW,CE,Towers with Radar,1615,258,16,0,1889,0,1,4,0,5,1615,259,20,0,1894,0,0,0,1894
04/02/2021,DFW,TX,ASW,CE,Towers with Radar,1539,252,4,0,1795,0,1,6,0,7,1539,253,10,0,1802,0,0,0,1802
04/03/2021,DFW,TX,ASW,CE,Towers with Radar,1338,208,10,0,1556,0,1,0,0,1,1338,209,10,0,1557,0,0,0,1557
04/04/2021,DFW,TX,ASW,CE,Towers with Radar,1374,190,5,0,1569,0,2,0,0,2,1374,192,5,0,1571,0,0,0,1571
04/05/2021,DFW,TX,ASW,CE,Towers with Radar,1539,247,12,0,1798,0,3,3,0,6,1539,250,15,0,1804,0,0,0,1804
04/06/2021,DFW,TX,ASW,CE,Towers with Radar,1369,222,19,0,1610,0,0,4,0,4,1369,222,23,0,1614,0,0,0,1614
04/07/2021,DFW,TX,ASW,CE,Towers with Radar,1372,219,13,0,1604,0,1,8,0,9,1372,220,21,0,1613,0,0,0,1613
04/08/2021,DFW,TX,ASW,CE,Towers with Radar,1584,261,15,0,1860,0,1,20,0,21,1584,262,35,0,1881,0,0,0,1881
04/09/2021,DFW,TX,ASW,CE,Towers with Radar,1539,249,6,0,1794,0,0,2,0,2,1539,249,8,0,1796,0,0,0,1796
04/10/2021,DFW,TX,ASW,CE,Towers with Radar,1505,220,5,1,1731,0,3,1,0,4,1505,223,6,1,1735,0,0,0,1735
04/11/2021,DFW,TX,ASW,CE,Towers with Radar,1476,240,6,1,1723,0,1,2,0,3,1476,241,8,1,1726,0,0,0,1726
04/12/2021,DFW,TX,ASW,CE,Towers with Radar,1528,243,12,0,1783,0,2,1,0,3,1528,245,13,0,1786,0,0,0,1786
04/13/2021,DFW,TX,ASW,CE,Towers with Radar,1368,226,13,0,1607,0,0,0,4,4,1368,226,13,4,1611,0,0,0,1611
04/14/2021,DFW,TX,ASW,CE,Towers with Radar,1366,233,20,0,1619,0,2,0,0,2,1366,235,20,0,1621,0,0,0,1621
04/15/2021,DFW,TX,ASW,CE,Towers with Radar,1592,259,5,0,1856,0,0,0,2,2,1592,259,5,2,1858,0,0,0,1858
04/16/2021,DFW,TX,ASW,CE,Towers with Radar,1545,231,10,0,1786,0,0,0,0,0,1545,231,10,0,1786,0,0,0,1786
04/17/2021,DFW,TX,ASW,CE,Towers with Radar,1499,222,6,0,1727,0,0,2,0,2,1499,222,8,0,1729,0,0,0,1729
04/18/2021,DFW,TX,ASW,CE,Towers with Radar,1508,241,8,0,1757,0,0,2,0,2,1508,241,10,0,1759,0,0,0,1759
04/19/2021,DFW,TX,ASW,CE,Towers with Radar,1539,248,10,0,1797,0,1,0,2,3,1539,249,10,2,1800,0,0,0,1800
04/20/2021,DFW,TX,ASW,CE,Towers with Radar,1358,216,17,0,1591,0,1,2,0,3,1358,217,19,0,1594,0,0,0,1594
04/21/2021,DFW,TX,ASW,CE,Towers with Radar,1362,219,16,0,1597,0,0,0,0,0,1362,219,16,0,1597,0,0,0,1597
04/22/2021,DFW,TX,ASW,CE,Towers with Radar,1602,258,12,0,1872,0,5,1,6,12,1602,263,13,6,1884,0,0,0,1884
04/23/2021,DFW,TX,ASW,CE,Towers with Radar,1421,215,8,0,1644,0,0,1,2,3,1421,215,9,2,1647,0,0,0,1647
04/24/2021,DFW,TX,ASW,CE,Towers with Radar,1482,238,4,0,1724,0,1,2,0,3,1482,239,6,0,1727,0,0,0,1727
04/25/2021,DFW,TX,ASW,CE,Towers with Radar,1535,225,6,0,1766,0,1,2,0,3,1535,226,8,0,1769,0,0,0,1769
04/26/2021,DFW,TX,ASW,CE,Towers with Radar,1544,239,12,0,1795,0,0,4,0,4,1544,239,16,0,1799,0,0,0,1799
04/27/2021,DFW,TX,ASW,CE,Towers with Radar,1364,225,20,0,1609,0,6,0,0,6,1364,231,20,0,1615,0,0,0,1615
04/28/2021,DFW,TX,ASW,CE,Towers with Radar,1353,220,20,0,1593,0,2,0,0,2,1353,222,20,0,1595,0,0,0,1595
04/29/2021,DFW,TX,ASW,CE,Towers with Radar,1613,249,21,2,1885,0,0,0,2,2,1613,249,21,4,1887,0,0,0,1887
04/30/2021,DFW,TX,ASW,CE,Towers with Radar,1574,244,14,0,1832,0,0,0,0,0,1574,244,14,0,1832,0,0,0,1832
05/01/2021,DFW,TX,ASW,CE,Towers with Radar,1510,222,6,0,1738,0,2,0,0,2,1510,224,6,0,1740,0,0,0,1740
05/02/2021,DFW,TX,ASW,CE,Towers with Radar,1525,225,13,0,1763,0,2,0,0,2,1525,227,13,0,1765,0,0,0,1765
05/03/2021,DFW,TX,ASW,CE,Towers with Radar,1471,222,10,0,1703,0,2,3,0,5,1471,224,13,0,1708,0,0,0,1708
05/04/2021,DFW,TX,ASW,CE,Towers with Radar,1404,221,20,0,1645,0,2,1,0,3,1404,223,21,0,1648,0,0,0,1648
05/05/2021,DFW,TX,ASW,CE,Towers with Radar,1385,220,9,0,1614,1,4,9,0,14,1386,224,18,0,1628,0,0,0,1628
05/06/2021,DFW,TX,ASW,CE,Towers with Radar,1695,253,15,0,1963,0,3,2,2,7,1695,256,17,2,1970,0,0,0,1970
05/07/2021,DFW,TX,ASW,CE,Towers with Radar,1699,248,20,0,1967,0,0,3,0,3,1699,248,23,0,1970,0,0,0,1970
05/08/2021,DFW,TX,ASW,CE,Towers with Radar,1625,210,10,0,1845,0,1,2,0,3,1625,211,12,0,1848,0,0,0,1848
05/09/2021,DFW,TX,ASW,CE,Towers with Radar,1666,226,14,0,1906,0,0,3,0,3,1666,226,17,0,1909,0,0,0,1909
05/10/2021,DFW,TX,ASW,CE,Towers with Radar,1353,196,11,0,1560,0,0,0,0,0,1353,196,11,0,1560,0,0,0,1560
05/11/2021,DFW,TX,ASW,CE,Towers with Radar,1283,117,16,0,1416,0,0,0,0,0,1283,117,16,0,1416,0,0,0,1416
05/12/2021,DFW,TX,ASW,CE,Towers with Radar,1577,236,17,0,1830,0,2,0,0,2,1577,238,17,0,1832,0,0,0,1832
05/13/2021,DFW,TX,ASW,CE,Towers with Radar,1731,247,15,0,1993,0,3,8,0,11,1731,250,23,0,2004,0,0,0,2004
05/14/2021,DFW,TX,ASW,CE,Towers with Radar,1691,254,13,0,1958,0,1,1,0,2,1691,255,14,0,1960,0,0,0,1960
05/15/2021,DFW,TX,ASW,CE,Towers with Radar,1625,201,8,0,1834,0,1,0,0,1,1625,202,8,0,1835,0,0,0,1835
05/16/2021,DFW,TX,ASW,CE,Towers with Radar,1485,191,13,0,1689,1,0,0,0,1,1486,191,13,0,1690,0,0,0,1690
05/17/2021,DFW,TX,ASW,CE,Towers with Radar,1709,220,11,0,1940,0,0,0,0,0,1709,220,11,0,1940,0,0,0,1940
05/18/2021,DFW,TX,ASW,CE,Towers with Radar,1546,189,3,0,1738,0,0,2,0,2,1546,189,5,0,1740,0,0,0,1740
05/19/2021,DFW,TX,ASW,CE,Towers with Radar,1628,228,13,0,1869,0,0,0,3,3,1628,228,13,3,1872,0,0,0,1872
05/20/2021,DFW,TX,ASW,CE,Towers with Radar,1744,244,15,0,2003,0,0,2,0,2,1744,244,17,0,2005,0,0,0,2005
05/21/2021,DFW,TX,ASW,CE,Towers with Radar,1695,249,18,0,1962,0,0,0,2,2,1695,249,18,2,1964,0,0,0,1964
05/22/2021,DFW,TX,ASW,CE,Towers with Radar,1624,210,6,0,1840,0,0,0,0,0,1624,210,6,0,1840,0,0,0,1840
05/23/2021,DFW,TX,ASW,CE,Towers with Radar,1663,221,11,2,1897,0,0,0,0,0,1663,221,11,2,1897,0,0,0,1897
05/24/2021,DFW,TX,ASW,CE,Towers with Radar,1615,224,6,0,1845,0,0,0,0,0,1615,224,6,0,1845,0,0,0,1845
05/25/2021,DFW,TX,ASW,CE,Towers with Radar,1579,225,10,0,1814,0,1,1,0,2,1579,226,11,0,1816,0,0,0,1816
05/26/2021,DFW,TX,ASW,CE,Towers with Radar,1619,230,7,1,1857,0,4,0,2,6,1619,234,7,3,1863,0,0,0,1863
05/27/2021,DFW,TX,ASW,CE,Towers with Radar,1734,250,3,4,1991,0,0,1,0,1,1734,250,4,4,1992,0,0,0,1992
05/28/2021,DFW,TX,ASW,CE,Towers with Radar,1723,235,18,0,1976,0,0,0,0,0,1723,235,18,0,1976,0,0,0,1976
05/29/2021,DFW,TX,ASW,CE,Towers with Radar,1635,203,8,0,1846,0,5,6,0,11,1635,208,14,0,1857,0,0,0,1857
05/30/2021,DFW,TX,ASW,CE,Towers with Radar,1658,215,4,0,1877,0,0,0,0,0,1658,215,4,0,1877,0,0,0,1877
05/31/2021,DFW,TX,ASW,CE,Towers with Radar,1509,173,5,0,1687,0,0,0,0,0,1509,173,5,0,1687,0,0,0,1687
06/01/2021,DFW,TX,ASW,CE,Towers with Radar,1532,225,13,0,1770,0,0,7,0,7,1532,225,20,0,1777,0,0,0,1777
06/02/2021,DFW,TX,ASW,CE,Towers with Radar,1618,233,15,0,1866,0,2,6,0,8,1618,235,21,0,1874,0,0,0,1874
06/03/2021,DFW,TX,ASW,CE,Towers with Radar,1746,253,15,0,2014,0,1,0,0,1,1746,254,15,0,2015,0,0,0,2015
06/04/2021,DFW,TX,ASW,CE,Towers with Radar,1823,242,10,2,2077,0,1,2,0,3,1823,243,12,2,2080,0,0,0,2080
06/05/2021,DFW,TX,ASW,CE,Towers with Radar,1616,205,15,0,1836,0,0,2,0,2,1616,205,17,0,1838,0,0,0,1838
06/06/2021,DFW,TX,ASW,CE,Towers with Radar,1798,214,8,0,2020,0,1,2,0,3,1798,215,10,0,2023,0,0,0,2023
06/07/2021,DFW,TX,ASW,CE,Towers with Radar,1411,170,7,2,1590,0,0,0,0,0,1411,170,7,2,1590,0,0,0,1590
06/08/2021,DFW,TX,ASW,CE,Towers with Radar,1738,228,11,0,1977,0,0,2,0,2,1738,228,13,0,1979,0,0,0,1979
06/09/2021,DFW,TX,ASW,CE,Towers with Radar,1787,245,12,0,2044,0,0,2,0,2,1787,245,14,0,2046,0,0,0,2046
06/10/2021,DFW,TX,ASW,CE,Towers with Radar,1840,243,11,0,2094,0,2,3,0,5,1840,245,14,0,2099,0,0,0,2099
06/11/2021,DFW,TX,ASW,CE,Towers with Radar,1807,231,14,0,2052,0,0,2,0,2,1807,231,16,0,2054,0,0,0,2054
06/12/2021,DFW,TX,ASW,CE,Towers with Radar,1700,209,5,0,1914,0,0,1,0,1,1700,209,6,0,1915,0,0,0,1915
06/13/2021,DFW,TX,ASW,CE,Towers with Radar,1737,214,4,0,1955,0,0,1,0,1,1737,214,5,0,1956,0,0,0,1956
06/14/2021,DFW,TX,ASW,CE,Towers with Radar,1759,224,10,0,1993,0,1,4,0,5,1759,225,14,0,1998,0,0,0,1998
06/15/2021,DFW,TX,ASW,CE,Towers with Radar,1804,219,18,0,2041,0,0,6,0,6,1804,219,24,0,2047,0,0,0,2047
06/16/2021,DFW,TX,ASW,CE,Towers with Radar,1819,239,26,0,2084,0,3,2,2,7,1819,242,28,2,2091,0,0,0,2091
06/17/2021,DFW,TX,ASW,CE,Towers with Radar,1822,246,23,0,2091,0,1,1,0,2,1822,247,24,0,2093,0,0,0,2093
06/18/2021,DFW,TX,ASW,CE,Towers with Radar,1777,237,7,0,2021,0,2,3,0,5,1777,239,10,0,2026,0,0,0,2026
06/19/2021,DFW,TX,ASW,CE,Towers with Radar,1685,204,13,0,1902,0,0,1,0,1,1685,204,14,0,1903,0,0,0,1903
06/20/2021,DFW,TX,ASW,CE,Towers with Radar,1715,216,13,0,1944,0,2,0,0,2,1715,218,13,0,1946,0,0,0,1946
06/21/2021,DFW,TX,ASW,CE,Towers with Radar,1572,203,17,0,1792,0,0,0,0,0,1572,203,17,0,1792,0,0,0,1792
06/22/2021,DFW,TX,ASW,CE,Towers with Radar,1754,226,29,0,2009,0,2,2,2,6,1754,228,31,2,2015,0,0,0,2015
06/23/2021,DFW,TX,ASW,CE,Towers with Radar,1775,242,25,0,2042,0,0,0,0,0,1775,242,25,0,2042,0,0,0,2042
06/24/2021,DFW,TX,ASW,CE,Towers with Radar,1797,236,24,0,2057,1,0,0,0,1,1798,236,24,0,2058,0,0,0,2058
06/25/2021,DFW,TX,ASW,CE,Towers with Radar,1761,241,35,0,2037,0,0,3,2,5,1761,241,38,2,2042,0,0,0,2042
06/26/2021,DFW,TX,ASW,CE,Towers with Radar,1725,219,11,0,1955,0,0,2,0,2,1725,219,13,0,1957,0,0,0,1957
06/27/2021,DFW,TX,ASW,CE,Towers with Radar,1730,205,10,0,1945,0,0,0,0,0,1730,205,10,0,1945,0,0,0,1945
06/28/2021,DFW,TX,ASW,CE,Towers with Radar,1687,212,14,0,1913,0,0,0,0,0,1687,212,14,0,1913,0,0,0,1913
06/29/2021,DFW,TX,ASW,CE,Towers with Radar,1790,233,19,0,2042,0,0,2,0,2,1790,233,21,0,2044,0,0,0,2044
06/30/2021,DFW,TX,ASW,CE,Towers with Radar,1771,238,19,1,2029,0,0,0,2,2,1771,238,19,3,2031,0,0,0,2031
07/01/2021,DFW,TX,ASW,CE,Towers with Radar,1719,227,20,0,1966,0,0,5,0,5,1719,227,25,0,1971,0,0,0,1971
07/02/2021,DFW,TX,ASW,CE,Towers with Radar,1603,195,17,0,1815,0,0,1,0,1,1603,195,18,0,1816,0,0,0,1816
07/03/2021,DFW,TX,ASW,CE,Towers with Radar,1721,209,6,2,1938,0,2,2,0,4,1721,211,8,2,1942,0,0,0,1942
07/04/2021,DFW,TX,ASW,CE,Towers with Radar,1490,165,7,0,1662,0,1,1,2,4,1490,166,8,2,1666,0,0,0,1666
07/05/2021,DFW,TX,ASW,CE,Towers with Radar,1667,199,9,0,1875,0,0,0,0,0,1667,199,9,0,1875,0,0,0,1875
07/06/2021,DFW,TX,ASW,CE,Towers with Radar,1703,235,14,0,1952,0,1,0,0,1,1703,236,14,0,1953,0,0,0,1953
07/07/2021,DFW,TX,ASW,CE,Towers with Radar,1750,239,22,0,2011,0,3,2,1,6,1750,242,24,1,2017,0,0,0,2017
07/08/2021,DFW,TX,ASW,CE,Towers with Radar,1769,231,12,0,2012,0,2,2,0,4,1769,233,14,0,2016,0,0,0,2016
07/09/2021,DFW,TX,ASW,CE,Towers with Radar,1747,228,8,0,1983,0,0,2,0,2,1747,228,10,0,1985,0,0,0,1985
07/10/2021,DFW,TX,ASW,CE,Towers with Radar,1706,212,13,0,1931,0,0,0,0,0,1706,212,13,0,1931,0,0,0,1931
07/11/2021,DFW,TX,ASW,CE,Towers with Radar,1701,217,10,0,1928,0,2,0,0,2,1701,219,10,0,1930,0,0,0,1930
07/12/2021,DFW,TX,ASW,CE,Towers with Radar,1734,231,9,0,1974,0,4,6,0,10,1734,235,15,0,1984,0,0,0,1984
07/13/2021,DFW,TX,ASW,CE,Towers with Radar,1780,220,5,0,2005,0,2,0,0,2,1780,222,5,0,2007,0,0,0,2007
07/14/2021,DFW,TX,ASW,CE,Towers with Radar,1784,247,8,0,2039,0,1,3,0,4,1784,248,11,0,2043,0,0,0,2043
07/15/2021,DFW,TX,ASW,CE,Towers with Radar,1865,247,25,0,2137,0,0,2,0,2,1865,247,27,0,2139,0,0,0,2139
07/16/2021,DFW,TX,ASW,CE,Towers with Radar,1825,237,17,0,2079,0,0,7,0,7,1825,237,24,0,2086,0,0,0,2086
07/17/2021,DFW,TX,ASW,CE,Towers with Radar,1774,213,19,0,2006,0,1,0,0,1,1774,214,19,0,2007,0,0,0,2007
07/18/2021,DFW,TX,ASW,CE,Towers with Radar,1785,215,39,0,2039,0,1,4,0,5,1785,216,43,0,2044,0,0,0,2044
07/19/2021,DFW,TX,ASW,CE,Towers with Radar,1662,197,22,2,1883,0,0,0,0,0,1662,197,22,2,1883,0,0,0,1883
07/20/2021,DFW,TX,ASW,CE,Towers with Radar,1823,234,31,0,2088,0,0,2,0,2,1823,234,33,0,2090,0,0,0,2090
07/21/2021,DFW,TX,ASW,CE,Towers with Radar,1860,247,29,0,2136,0,0,4,0,4,1860,247,33,0,2140,0,0,0,2140
07/22/2021,DFW,TX,ASW,CE,Towers with Radar,1864,242,18,0,2124,0,0,5,0,5,1864,242,23,0,2129,0,0,0,2129
07/23/2021,DFW,TX,ASW,CE,Towers with Radar,1826,234,19,2,2081,0,2,6,0,8,1826,236,25,2,2089,0,0,0,2089
07/24/2021,DFW,TX,ASW,CE,Towers with Radar,1744,219,12,0,1975,0,1,8,0,9,1744,220,20,0,1984,0,0,0,1984
07/25/2021,DFW,TX,ASW,CE,Towers with Radar,1769,217,10,0,1996,0,1,3,0,4,1769,218,13,0,2000,0,0,0,2000
07/26/2021,DFW,TX,ASW,CE,Towers with Radar,1823,231,9,0,2063,0,0,5,2,7,1823,231,14,2,2070,0,0,0,2070
07/27/2021,DFW,TX,ASW,CE,Towers with Radar,1798,230,16,0,2044,0,0,1,0,1,1798,230,17,0,2045,0,0,0,2045
07/28/2021,DFW,TX,ASW,CE,Towers with Radar,1867,244,22,0,2133,0,0,2,1,3,1867,244,24,1,2136,0,0,0,2136
07/29/2021,DFW,TX,ASW,CE,Towers with Radar,1870,229,15,0,2114,0,2,1,2,5,1870,231,16,2,2119,0,0,0,2119
07/30/2021,DFW,TX,ASW,CE,Towers with Radar,1837,238,13,0,2088,0,0,5,0,5,1837,238,18,0,2093,0,0,0,2093
07/31/2021,DFW,TX,ASW,CE,Towers with Radar,1678,211,11,0,1900,0,0,0,0,0,1678,211,11,0,1900,0,0,0,1900
08/01/2021,DFW,TX,ASW,CE,Towers with Radar,1337,163,19,1,1520,0,1,0,0,1,1337,164,19,1,1521,0,0,0,1521
08/02/2021,DFW,TX,ASW,CE,Towers with Radar,1360,240,10,0,1610,0,0,1,0,1,1360,240,11,0,1611,0,0,0,1611
08/03/2021,DFW,TX,ASW,CE,Towers with Radar,1655,221,9,0,1885,0,1,12,2,15,1655,222,21,2,1900,0,0,0,1900
08/04/2021,DFW,TX,ASW,CE,Towers with Radar,1771,243,5,0,2019,0,1,3,0,4,1771,244,8,0,2023,0,0,0,2023
08/05/2021,DFW,TX,ASW,CE,Towers with Radar,1836,239,12,0,2087,0,0,3,0,3,1836,239,15,0,2090,0,0,0,2090
08/06/2021,DFW,TX,ASW,CE,Towers with Radar,1803,240,8,1,2052,0,1,0,1,2,1803,241,8,2,2054,0,0,0,2054
08/07/2021,DFW,TX,ASW,CE,Towers with Radar,1744,209,4,0,1957,1,1,2,0,4,1745,210,6,0,1961,0,0,0,1961
08/08/2021,DFW,TX,ASW,CE,Towers with Radar,1794,217,11,0,2022,0,0,0,0,0,1794,217,11,0,2022,0,0,0,2022
08/09/2021,DFW,TX,ASW,CE,Towers with Radar,1803,232,17,0,2052,0,3,1,1,5,1803,235,18,1,2057,0,0,0,2057
08/10/2021,DFW,TX,ASW,CE,Towers with Radar,1823,222,10,0,2055,0,4,3,0,7,1823,226,13,0,2062,0,0,0,2062
08/11/2021,DFW,TX,ASW,CE,Towers with Radar,1849,234,14,0,2097,0,2,0,0,2,1849,236,14,0,2099,0,0,0,2099
08/12/2021,DFW,TX,ASW,CE,Towers with Radar,1851,234,20,0,2105,0,0,2,0,2,1851,234,22,0,2107,0,0,0,2107
08/13/2021,DFW,TX,ASW,CE,Towers with Radar,1807,231,7,0,2045,0,5,0,0,5,1807,236,7,0,2050,0,0,0,2050
08/14/2021,DFW,TX,ASW,CE,Towers with Radar,1392,153,3,1,1549,0,0,4,1,5,1392,153,7,2,1554,0,0,0,1554
08/15/2021,DFW,TX,ASW,CE,Towers with Radar,1667,213,9,0,1889,0,0,0,0,0,1667,213,9,0,1889,0,0,0,1889
08/16/2021,DFW,TX,ASW,CE,Towers with Radar,1804,228,8,0,2040,0,0,3,0,3,1804,228,11,0,2043,0,0,0,2043
08/17/2021,DFW,TX,ASW,CE,Towers with Radar,1065,132,13,1,1211,0,3,0,0,3,1065,135,13,1,1214,0,0,0,1214
08/18/2021,DFW,TX,ASW,CE,Towers with Radar,1413,188,16,1,1618,0,0,0,0,0,1413,188,16,1,1618,0,0,0,1618
08/19/2021,DFW,TX,ASW,CE,Towers with Radar,1817,234,16,0,2067,0,0,2,0,2,1817,234,18,0,2069,0,0,0,2069
08/20/2021,DFW,TX,ASW,CE,Towers with Radar,1810,236,14,0,2060,0,2,3,0,5,1810,238,17,0,2065,0,0,0,2065
08/21/2021,DFW,TX,ASW,CE,Towers with Radar,1591,194,5,0,1790,0,0,4,0,4,1591,194,9,0,1794,0,0,0,1794
08/22/2021,DFW,TX,ASW,CE,Towers with Radar,1684,203,12,0,1899,0,1,1,0,2,1684,204,13,0,1901,0,0,0,1901
08/23/2021,DFW,TX,ASW,CE,Towers with Radar,1658,212,19,0,1889,0,0,3,0,3,1658,212,22,0,1892,0,0,0,1892
08/24/2021,DFW,TX,ASW,CE,Towers with Radar,1554,193,15,0,1762,0,1,1,0,2,1554,194,16,0,1764,0,0,0,1764
08/25/2021,DFW,TX,ASW,CE,Towers with Radar,1722,226,19,0,1967,0,4,0,2,6,1722,230,19,2,1973,0,0,0,1973
08/26/2021,DFW,TX,ASW,CE,Towers with Radar,1864,234,24,0,2122,0,3,8,0,11,1864,237,32,0,2133,0,0,0,2133
08/27/2021,DFW,TX,ASW,CE,Towers with Radar,1794,229,13,0,2036,0,2,5,0,7,1794,231,18,0,2043,0,0,0,2043
08/28/2021,DFW,TX,ASW,CE,Towers with Radar,1585,201,5,0,1791,0,1,5,0,6,1585,202,10,0,1797,0,0,0,1797
08/29/2021,DFW,TX,ASW,CE,Towers with Radar,1637,183,5,0,1825,0,0,0,0,0,1637,183,5,0,1825,0,0,0,1825
08/30/2021,DFW,TX,ASW,CE,Towers with Radar,1608,180,4,0,1792,0,0,1,2,3,1608,180,5,2,1795,0,0,0,1795
08/31/2021,DFW,TX,ASW,CE,Towers with Radar,1555,194,8,0,1757,0,0,9,0,9,1555,194,17,0,1766,0,0,0,1766
09/01/2021,DFW,TX,ASW,CE,Towers with Radar,1718,233,19,1,1971,0,1,12,1,14,1718,234,31,2,1985,0,0,0,1985
09/02/2021,DFW,TX,ASW,CE,Towers with Radar,1825,239,9,0,2073,0,3,4,0,7,1825,242,13,0,2080,0,0,0,2080
09/03/2021,DFW,TX,ASW,CE,Towers with Radar,1789,222,18,1,2030,0,3,6,0,9,1789,225,24,1,2039,0,0,0,2039
09/04/2021,DFW,TX,ASW,CE,Towers with Radar,1415,184,0,0,1599,0,4,0,0,4,1415,188,0,0,1603,0,0,0,1603
09/05/2021,DFW,TX,ASW,CE,Towers with Radar,1297,143,3,1,1444,0,2,3,0,5,1297,145,6,1,1449,0,0,0,1449
09/06/2021,DFW,TX,ASW,CE,Towers with Radar,1516,190,8,0,1714,0,0,3,0,3,1516,190,11,0,1717,0,0,0,1717
09/07/2021,DFW,TX,ASW,CE,Towers with Radar,1505,194,14,1,1714,0,3,0,0,3,1505,197,14,1,1717,0,0,0,1717
09/08/2021,DFW,TX,ASW,CE,Towers with Radar,1682,208,19,0,1909,0,5,0,0,5,1682,213,19,0,1914,0,0,0,1914
09/09/2021,DFW,TX,ASW,CE,Towers with Radar,1827,216,19,2,2064,0,3,0,0,3,1827,219,19,2,2067,0,0,0,2067
09/10/2021,DFW,TX,ASW,CE,Towers with Radar,1799,220,19,0,2038,0,5,3,0,8,1799,225,22,0,2046,0,0,0,2046
09/11/2021,DFW,TX,ASW,CE,Towers with Radar,1444,166,13,0,1623,0,2,0,11,13,1444,168,13,11,1636,0,0,0,1636
09/12/2021,DFW,TX,ASW,CE,Towers with Radar,1757,188,18,0,1963,0,2,3,0,5,1757,190,21,0,1968,0,0,0,1968
09/13/2021,DFW,TX,ASW,CE,Towers with Radar,1667,188,12,0,1867,0,3,2,5,10,1667,191,14,5,1877,0,0,0,1877
09/14/2021,DFW,TX,ASW,CE,Towers with Radar,1569,179,10,0,1758,0,1,2,0,3,1569,180,12,0,1761,0,0,0,1761
09/15/2021,DFW,TX,ASW,CE,Towers with Radar,1717,216,12,0,1945,0,0,3,0,3,1717,216,15,0,1948,0,0,0,1948
09/16/2021,DFW,TX,ASW,CE,Towers with Radar,1837,216,12,0,2065,0,0,2,0,2,1837,216,14,0,2067,0,0,0,2067
09/17/2021,DFW,TX,ASW,CE,Towers with Radar,1815,214,11,0,2040,0,1,1,0,2,1815,215,12,0,2042,0,0,0,2042
09/18/2021,DFW,TX,ASW,CE,Towers with Radar,1456,157,5,0,1618,0,0,7,0,7,1456,157,12,0,1625,0,0,0,1625
09/19/2021,DFW,TX,ASW,CE,Towers with Radar,1782,187,13,0,1982,0,1,3,0,4,1782,188,16,0,1986,0,0,0,1986
09/20/2021,DFW,TX,ASW,CE,Towers with Radar,1654,193,11,0,1858,0,3,0,0,3,1654,196,11,0,1861,0,0,0,1861
09/21/2021,DFW,TX,ASW,CE,Towers with Radar,1576,192,10,0,1778,0,0,2,0,2,1576,192,12,0,1780,0,0,0,1780
09/22/2021,DFW,TX,ASW,CE,Towers with Radar,1729,215,15,0,1959,0,1,9,0,10,1729,216,24,0,1969,0,0,0,1969
09/23/2021,DFW,TX,ASW,CE,Towers with Radar,1824,220,25,0,2069,0,0,3,4,7,1824,220,28,4,2076,0,0,0,2076
09/24/2021,DFW,TX,ASW,CE,Towers with Radar,1827,205,15,0,2047,0,5,5,0,10,1827,210,20,0,2057,0,0,0,2057
09/25/2021,DFW,TX,ASW,CE,Towers with Radar,1439,156,10,2,1607,0,0,2,0,2,1439,156,12,2,1609,0,0,0,1609
09/26/2021,DFW,TX,ASW,CE,Towers with Radar,1761,196,3,0,1960,0,4,4,0,8,1761,200,7,0,1968,0,0,0,1968
09/27/2021,DFW,TX,ASW,CE,Towers with Radar,1665,193,10,0,1868,0,5,7,0,12,1665,198,17,0,1880,0,0,0,1880
09/28/2021,DFW,TX,ASW,CE,Towers with Radar,1581,197,12,0,1790,0,1,0,0,1,1581,198,12,0,1791,0,0,0,1791
09/29/2021,DFW,TX,ASW,CE,Towers with Radar,1721,218,12,0,1951,0,3,3,0,6,1721,221,15,0,1957,0,0,0,1957
09/30/2021,DFW,TX,ASW,CE,Towers with Radar,1584,185,10,0,1779,0,0,4,0,4,1584,185,14,0,1783,0,0,0,1783
10/01/2021,DFW,TX,ASW,CE,Towers with Radar,1804,212,15,0,2031,0,8,2,0,10,1804,220,17,0,2041,0,0,0,2041
10/02/2021,DFW,TX,ASW,CE,Towers with Radar,1426,162,6,0,1594,0,0,2,0,2,1426,162,8,0,1596,0,0,0,1596
10/03/2021,DFW,TX,ASW,CE,Towers with Radar,1767,185,22,0,1974,0,2,3,0,5,1767,187,25,0,1979,0,0,0,1979
10/04/2021,DFW,TX,ASW,CE,Towers with Radar,1652,192,18,3,1865,0,2,1,0,3,1652,194,19,3,1868,0,0,0,1868
10/05/2021,DFW,TX,ASW,CE,Towers with Radar,1556,183,12,3,1754,0,6,4,0,10,1556,189,16,3,1764,0,0,0,1764
10/06/2021,DFW,TX,ASW,CE,Towers with Radar,1729,218,20,0,1967,0,4,8,0,12,1729,222,28,0,1979,0,0,0,1979
10/07/2021,DFW,TX,ASW,CE,Towers with Radar,1821,210,23,0,2054,0,9,2,0,11,1821,219,25,0,2065,0,0,0,2065
10/08/2021,DFW,TX,ASW,CE,Towers with Radar,1797,218,6,0,2021,0,5,10,0,15,1797,223,16,0,2036,0,0,0,2036
10/09/2021,DFW,TX,ASW,CE,Towers with Radar,1575,187,4,0,1766,0,1,2,0,3,1575,188,6,0,1769,0,0,0,1769
10/10/2021,DFW,TX,ASW,CE,Towers with Radar,1480,167,7,0,1654,0,4,7,0,11,1480,171,14,0,1665,0,0,0,1665
10/11/2021,DFW,TX,ASW,CE,Towers with Radar,1635,200,10,0,1845,0,0,3,0,3,1635,200,13,0,1848,0,0,0,1848
10/12/2021,DFW,TX,ASW,CE,Towers with Radar,1538,191,6,0,1735,0,0,0,0,0,1538,191,6,0,1735,0,0,0,1735
10/13/2021,DFW,TX,ASW,CE,Towers with Radar,1310,147,14,0,1471,0,0,2,0,2,1310,147,16,0,1473,0,0,0,1473
10/14/2021,DFW,TX,ASW,CE,Towers with Radar,1838,212,16,0,2066,0,0,2,2,4,1838,212,18,2,2070,0,0,0,2070
10/15/2021,DFW,TX,ASW,CE,Towers with Radar,1799,219,19,0,2037,0,1,6,0,7,1799,220,25,0,2044,0,0,0,2044
10/16/2021,DFW,TX,ASW,CE,Towers with Radar,1582,179,7,1,1769,0,2,3,1,6,1582,181,10,2,1775,0,0,0,1775
10/17/2021,DFW,TX,ASW,CE,Towers with Radar,1668,185,14,0,1867,0,1,7,0,8,1668,186,21,0,1875,0,0,0,1875
10/18/2021,DFW,TX,ASW,CE,Towers with Radar,1651,197,16,0,1864,0,1,1,0,2,1651,198,17,0,1866,0,0,0,1866
10/19/2021,DFW,TX,ASW,CE,Towers with Radar,1548,188,17,0,1753,0,7,7,0,14,1548,195,24,0,1767,0,0,0,1767
10/20/2021,DFW,TX,ASW,CE,Towers with Radar,1725,214,21,0,1960,0,1,0,0,1,1725,215,21,0,1961,0,0,0,1961
10/21/2021,DFW,TX,ASW,CE,Towers with Radar,1800,205,15,0,2020,0,4,0,2,6,1800,209,15,2,2026,0,0,0,2026
10/22/2021,DFW,TX,ASW,CE,Towers with Radar,1770,218,18,0,2006,0,1,2,0,3,1770,219,20,0,2009,0,0,0,2009
10/23/2021,DFW,TX,ASW,CE,Towers with Radar,1584,187,1,1,1773,1,2,4,0,7,1585,189,5,1,1780,0,0,0,1780
10/24/2021,DFW,TX,ASW,CE,Towers with Radar,1642,206,21,0,1869,0,1,1,0,2,1642,207,22,0,1871,0,0,0,1871
10/25/2021,DFW,TX,ASW,CE,Towers with Radar,1676,201,14,0,1891,0,3,1,0,4,1676,204,15,0,1895,0,0,0,1895
10/26/2021,DFW,TX,ASW,CE,Towers with Radar,1549,203,22,0,1774,0,1,0,0,1,1549,204,22,0,1775,0,0,0,1775
10/27/2021,DFW,TX,ASW,CE,Towers with Radar,1727,200,20,0,1947,0,0,3,0,3,1727,200,23,0,1950,0,0,0,1950
10/28/2021,DFW,TX,ASW,CE,Towers with Radar,1508,169,11,0,1688,0,2,1,0,3,1508,171,12,0,1691,0,0,0,1691
10/29/2021,DFW,TX,ASW,CE,Towers with Radar,1685,220,13,0,1918,0,1,2,0,3,1685,221,15,0,1921,0,0,0,1921
10/30/2021,DFW,TX,ASW,CE,Towers with Radar,1364,191,4,0,1559,0,2,2,0,4,1364,193,6,0,1563,0,0,0,1563
10/31/2021,DFW,TX,ASW,CE,Towers with Radar,1241,188,12,0,1441,0,1,0,0,1,1241,189,12,0,1442,0,0,0,1442
11/01/2021,DFW,TX,ASW,CE,Towers with Radar,1509,201,12,0,1722,0,1,4,0,5,1509,202,16,0,1727,0,0,0,1727
11/02/2021,DFW,TX,ASW,CE,Towers with Radar,1459,212,28,0,1699,0,1,2,0,3,1459,213,30,0,1702,0,0,0,1702
11/03/2021,DFW,TX,ASW,CE,Towers with Radar,1650,239,9,0,1898,0,0,0,0,0,1650,239,9,0,1898,0,0,0,1898
11/04/2021,DFW,TX,ASW,CE,Towers with Radar,1773,250,20,0,2043,0,1,0,0,1,1773,251,20,0,2044,0,0,0,2044
11/05/2021,DFW,TX,ASW,CE,Towers with Radar,1731,238,27,1,1997,0,0,4,0,4,1731,238,31,1,2001,0,0,0,2001
11/06/2021,DFW,TX,ASW,CE,Towers with Radar,1490,209,10,4,1713,0,2,7,0,9,1490,211,17,4,1722,0,0,0,1722
11/07/2021,DFW,TX,ASW,CE,Towers with Radar,1601,213,26,2,1842,0,1,2,0,3,1601,214,28,2,1845,0,0,0,1845
11/08/2021,DFW,TX,ASW,CE,Towers with Radar,1593,223,14,2,1832,0,0,0,4,4,1593,223,14,6,1836,0,0,0,1836
11/09/2021,DFW,TX,ASW,CE,Towers with Radar,1521,218,19,0,1758,0,0,0,0,0,1521,218,19,0,1758,0,0,0,1758
11/10/2021,DFW,TX,ASW,CE,Towers with Radar,1521,206,28,0,1755,0,0,2,1,3,1521,206,30,1,1758,0,0,0,1758
11/11/2021,DFW,TX,ASW,CE,Towers with Radar,1808,250,28,0,2086,0,5,1,0,6,1808,255,29,0,2092,0,0,0,2092
11/12/2021,DFW,TX,ASW,CE,Towers with Radar,1740,240,28,0,2008,0,0,3,0,3,1740,240,31,0,2011,0,0,0,2011
11/13/2021,DFW,TX,ASW,CE,Towers with Radar,1489,209,10,0,1708,0,4,2,0,6,1489,213,12,0,1714,0,0,0,1714
11/14/2021,DFW,TX,ASW,CE,Towers with Radar,1616,217,30,0,1863,1,0,7,0,8,1617,217,37,0,1871,0,0,0,1871
11/15/2021,DFW,TX,ASW,CE,Towers with Radar,1596,207,22,0,1825,0,5,3,0,8,1596,212,25,0,1833,0,0,0,1833
11/16/2021,DFW,TX,ASW,CE,Towers with Radar,1521,211,21,0,1753,0,1,10,0,11,1521,212,31,0,1764,0,0,0,1764
11/17/2021,DFW,TX,ASW,CE,Towers with Radar,1689,232,22,0,1943,0,0,9,0,9,1689,232,31,0,1952,0,0,0,1952
11/18/2021,DFW,TX,ASW,CE,Towers with Radar,1779,244,23,0,2046,0,2,3,2,7,1779,246,26,2,2053,0,0,0,2053
11/19/2021,DFW,TX,ASW,CE,Towers with Radar,1752,243,27,0,2022,0,0,4,0,4,1752,243,31,0,2026,0,0,0,2026
11/20/2021,DFW,TX,ASW,CE,Towers with Radar,1534,198,10,0,1742,0,3,2,4,9,1534,201,12,4,1751,0,0,0,1751
11/21/2021,DFW,TX,ASW,CE,Towers with Radar,1511,192,9,0,1712,0,0,0,0,0,1511,192,9,0,1712,0,0,0,1712
11/22/2021,DFW,TX,ASW,CE,Towers with Radar,1666,234,11,0,1911,0,3,5,2,10,1666,237,16,2,1921,0,0,0,1921
11/23/2021,DFW,TX,ASW,CE,Towers with Radar,1797,238,13,0,2048,0,1,4,1,6,1797,239,17,1,2054,0,0,0,2054
11/24/2021,DFW,TX,ASW,CE,Towers with Radar,1814,241,11,0,2066,0,0,3,0,3,1814,241,14,0,2069,0,0,0,2069
11/25/2021,DFW,TX,ASW,CE,Towers with Radar,823,108,2,0,933,0,0,0,0,0,823,108,2,0,933,0,0,0,933
11/26/2021,DFW,TX,ASW,CE,Towers with Radar,1130,132,10,0,1272,0,3,1,0,4,1130,135,11,0,1276,0,0,0,1276
11/27/2021,DFW,TX,ASW,CE,Towers with Radar,1733,245,3,0,1981,0,0,0,0,0,1733,245,3,0,1981,0,0,0,1981
11/28/2021,DFW,TX,ASW,CE,Towers with Radar,1772,232,20,0,2024,0,5,0,0,5,1772,237,20,0,2029,0,0,0,2029
11/29/2021,DFW,TX,ASW,CE,Towers with Radar,1765,235,8,0,2008,0,1,2,0,3,1765,236,10,0,2011,0,0,0,2011
11/30/2021,DFW,TX,ASW,CE,Towers with Radar,1639,215,26,0,1880,0,4,2,0,6,1639,219,28,0,1886,0,0,0,1886
12/01/2021,DFW,TX,ASW,CE,Towers with Radar,1679,232,26,0,1937,0,4,8,0,12,1679,236,34,0,1949,0,0,0,1949
12/02/2021,DFW,TX,ASW,CE,Towers with Radar,1808,236,35,1,2080,0,7,9,0,16,1808,243,44,1,2096,0,0,0,2096
12/03/2021,DFW,TX,ASW,CE,Towers with Radar,1753,239,23,0,2015,0,3,3,2,8,1753,242,26,2,2023,0,0,0,2023
12/04/2021,DFW,TX,ASW,CE,Towers with Radar,1483,204,9,0,1696,0,0,2,0,2,1483,204,11,0,1698,0,0,0,1698
12/05/2021,DFW,TX,ASW,CE,Towers with Radar,1611,205,18,0,1834,0,0,0,0,0,1611,205,18,0,1834,0,0,0,1834
12/06/2021,DFW,TX,ASW,CE,Towers with Radar,1601,213,35,0,1849,0,1,4,0,5,1601,214,39,0,1854,0,0,0,1854
12/07/2021,DFW,TX,ASW,CE,Towers with Radar,1526,215,19,0,1760,0,1,6,0,7,1526,216,25,0,1767,0,0,0,1767
12/08/2021,DFW,TX,ASW,CE,Towers with Radar,1683,253,19,1,1956,0,0,5,4,9,1683,253,24,5,1965,0,0,0,1965
12/09/2021,DFW,TX,ASW,CE,Towers with Radar,1774,249,21,0,2044,0,1,0,0,1,1774,250,21,0,2045,0,0,0,2045
12/10/2021,DFW,TX,ASW,CE,Towers with Radar,1716,242,18,0,1976,0,0,0,0,0,1716,242,18,0,1976,0,0,0,1976
12/11/2021,DFW,TX,ASW,CE,Towers with Radar,1468,202,9,0,1679,0,2,2,0,4,1468,204,11,0,1683,0,0,0,1683
12/12/2021,DFW,TX,ASW,CE,Towers with Radar,1593,215,5,0,1813,0,3,0,0,3,1593,218,5,0,1816,0,0,0,1816
12/13/2021,DFW,TX,ASW,CE,Towers with Radar,1581,211,4,0,1796,0,0,1,0,1,1581,211,5,0,1797,0,0,0,1797
12/14/2021,DFW,TX,ASW,CE,Towers with Radar,1544,210,15,1,1770,0,0,2,0,2,1544,210,17,1,1772,0,0,0,1772
12/15/2021,DFW,TX,ASW,CE,Towers with Radar,1544,220,28,1,1793,0,0,6,0,6,1544,220,34,1,1799,0,0,0,1799
12/16/2021,DFW,TX,ASW,CE,Towers with Radar,1681,252,15,0,1948,0,1,1,0,2,1681,253,16,0,1950,0,0,0,1950
12/17/2021,DFW,TX,ASW,CE,Towers with Radar,1695,250,25,0,1970,0,0,4,2,6,1695,250,29,2,1976,0,0,0,1976
12/18/2021,DFW,TX,ASW,CE,Towers with Radar,1632,221,14,0,1867,0,0,0,0,0,1632,221,14,0,1867,0,0,0,1867
12/19/2021,DFW,TX,ASW,CE,Towers with Radar,1610,227,13,0,1850,0,4,1,0,5,1610,231,14,0,1855,0,0,0,1855
12/20/2021,DFW,TX,ASW,CE,Towers with Radar,1666,240,17,0,1923,0,0,8,0,8,1666,240,25,0,1931,0,0,0,1931
12/21/2021,DFW,TX,ASW,CE,Towers with Radar,1691,266,21,0,1978,0,1,1,1,3,1691,267,22,1,1981,0,0,0,1981
12/22/2021,DFW,TX,ASW,CE,Towers with Radar,1700,255,16,0,1971,0,2,7,0,9,1700,257,23,0,1980,0,0,0,1980
12/23/2021,DFW,TX,ASW,CE,Towers with Radar,1687,250,10,0,1947,0,1,2,0,3,1687,251,12,0,1950,0,0,0,1950
12/24/2021,DFW,TX,ASW,CE,Towers with Radar,1330,195,9,0,1534,0,0,3,0,3,1330,195,12,0,1537,0,0,0,1537
12/25/2021,DFW,TX,ASW,CE,Towers with Radar,1310,165,10,0,1485,0,0,1,0,1,1310,165,11,0,1486,0,0,0,1486
12/26/2021,DFW,TX,ASW,CE,Towers with Radar,1534,225,12,0,1771,0,0,0,0,0,1534,225,12,0,1771,0,0,0,1771
12/27/2021,DFW,TX,ASW,CE,Towers with Radar,1514,239,14,0,1767,0,1,2,0,3,1514,240,16,0,1770,0,0,0,1770
12/28/2021,DFW,TX,ASW,CE,Towers with Radar,1602,236,7,0,1845,0,2,6,0,8,1602,238,13,0,1853,0,0,0,1853
12/29/2021,DFW,TX,ASW,CE,Towers with Radar,1642,244,14,0,1900,0,3,1,0,4,1642,247,15,0,1904,0,0,0,1904
12/30/2021,DFW,TX,ASW,CE,Towers with Radar,1616,249,12,0,1877,0,0,0,0,0,1616,249,12,0,1877,0,0,0,1877
12/31/2021,DFW,TX,ASW,CE,Towers with Radar,1268,198,7,0,1473,0,0,0,0,0,1268,198,7,0,1473,0,0,0,1473
01/01/2022,DFW,TX,ASW,CE,Towers with Radar,1246,166,12,0,1424,0,0,0,0,0,1246,166,12,0,1424,0,0,0,1424
01/02/2022,DFW,TX,ASW,CE,Towers with Radar,1495,216,14,0,1725,1,0,0,0,1,1496,216,14,0,1726,0,0,0,1726
01/03/2022,DFW,TX,ASW,CE,Towers with Radar,1521,232,11,0,1764,0,2,0,0,2,1521,234,11,0,1766,0,0,0,1766
01/04/2022,DFW,TX,ASW,CE,Towers with Radar,1419,216,25,0,1660,0,3,1,0,4,1419,219,26,0,1664,0,0,0,1664
01/05/2022,DFW,TX,ASW,CE,Towers with Radar,1532,243,8,0,1783,1,1,6,0,8,1533,244,14,0,1791,0,0,0,1791
01/06/2022,DFW,TX,ASW,CE,Towers with Radar,1587,255,18,0,1860,0,4,2,0,6,1587,259,20,0,1866,0,0,0,1866
01/07/2022,DFW,TX,ASW,CE,Towers with Radar,1562,253,2,0,1817,0,3,0,0,3,1562,256,2,0,1820,0,0,0,1820
01/08/2022,DFW,TX,ASW,CE,Towers with Radar,1296,214,12,0,1522,0,0,0,0,0,1296,214,12,0,1522,0,0,0,1522
01/09/2022,DFW,TX,ASW,CE,Towers with Radar,1469,233,11,0,1713,0,1,2,0,3,1469,234,13,0,1716,0,0,0,1716
01/10/2022,DFW,TX,ASW,CE,Towers with Radar,1484,234,10,0,1728,0,1,2,0,3,1484,235,12,0,1731,0,0,0,1731
01/11/2022,DFW,TX,ASW,CE,Towers with Radar,1441,217,14,0,1672,0,3,0,0,3,1441,220,14,0,1675,0,0,0,1675
01/12/2022,DFW,TX,ASW,CE,Towers with Radar,1539,240,8,0,1787,0,3,1,4,8,1539,243,9,4,1795,0,0,0,1795
01/13/2022,DFW,TX,ASW,CE,Towers with Radar,1582,251,14,0,1847,0,4,0,0,4,1582,255,14,0,1851,0,0,0,1851
01/14/2022,DFW,TX,ASW,CE,Towers with Radar,1586,243,10,0,1839,0,3,4,0,7,1586,246,14,0,1846,0,0,0,1846
01/15/2022,DFW,TX,ASW,CE,Towers with Radar,1326,207,10,0,1543,0,1,0,0,1,1326,208,10,0,1544,0,0,0,1544
01/16/2022,DFW,TX,ASW,CE,Towers with Radar,1392,249,23,2,1666,0,1,6,0,7,1392,250,29,2,1673,0,0,0,1673
01/17/2022,DFW,TX,ASW,CE,Towers with Radar,1542,250,12,0,1804,0,4,8,0,12,1542,254,20,0,1816,0,0,0,1816
01/18/2022,DFW,TX,ASW,CE,Towers with Radar,1476,233,19,2,1730,0,2,10,0,12,1476,235,29,2,1742,0,0,0,1742
01/19/2022,DFW,TX,ASW,CE,Towers with Radar,1512,246,10,0,1768,0,3,4,0,7,1512,249,14,0,1775,0,0,0,1775
01/20/2022,DFW,TX,ASW,CE,Towers with Radar,1596,254,13,0,1863,0,2,4,2,8,1596,256,17,2,1871,0,0,0,1871
01/21/2022,DFW,TX,ASW,CE,Towers with Radar,1567,255,11,0,1833,0,0,0,0,0,1567,255,11,0,1833,0,0,0,1833
01/22/2022,DFW,TX,ASW,CE,Towers with Radar,1299,219,3,0,1521,0,3,2,0,5,1299,222,5,0,1526,0,0,0,1526
01/23/2022,DFW,TX,ASW,CE,Towers with Radar,1477,235,7,0,1719,0,0,1,0,1,1477,235,8,0,1720,0,0,0,1720
01/24/2022,DFW,TX,ASW,CE,Towers with Radar,1465,236,14,0,1715,0,3,2,0,5,1465,239,16,0,1720,0,0,0,1720
01/25/2022,DFW,TX,ASW,CE,Towers with Radar,1428,223,14,5,1670,0,2,1,0,3,1428,225,15,5,1673,0,0,0,1673
01/26/2022,DFW,TX,ASW,CE,Towers with Radar,1525,244,7,0,1776,0,1,1,0,2,1525,245,8,0,1778,0,0,0,1778
01/27/2022,DFW,TX,ASW,CE,Towers with Radar,1613,260,9,0,1882,0,5,7,0,12,1613,265,16,0,1894,0,0,0,1894
01/28/2022,DFW,TX,ASW,CE,Towers with Radar,1547,245,22,0,1814,0,2,0,0,2,1547,247,22,0,1816,0,0,0,1816
01/29/2022,DFW,TX,ASW,CE,Towers with Radar,1242,218,3,0,1463,0,0,8,0,8,1242,218,11,0,1471,0,0,0,1471
01/30/2022,DFW,TX,ASW,CE,Towers with Radar,1448,233,14,0,1695,0,1,2,0,3,1448,234,16,0,1698,0,0,0,1698
01/31/2022,DFW,TX,ASW,CE,Towers with Radar,1473,228,12,0,1713,0,2,0,0,2,1473,230,12,0,1715,0,0,0,1715
02/01/2022,DFW,TX,ASW,CE,Towers with Radar,1391,225,21,0,1637,0,4,11,0,15,1391,229,32,0,1652,0,0,0,1652
02/02/2022,DFW,TX,ASW,CE,Towers with Radar,1221,153,15,0,1389,0,0,2,0,2,1221,153,17,0,1391,0,0,0,1391
02/03/2022,DFW,TX,ASW,CE,Towers with Radar,221,6,6,0,233,0,0,0,2,2,221,6,6,2,235,0,0,0,235
02/04/2022,DFW,TX,ASW,CE,Towers with Radar,631,126,23,0,780,0,0,0,1,1,631,126,23,1,781,0,0,0,781
02/05/2022,DFW,TX,ASW,CE,Towers with Radar,885,184,8,0,1077,0,2,4,0,6,885,186,12,0,1083,0,0,0,1083
02/06/2022,DFW,TX,ASW,CE,Towers with Radar,1292,216,16,0,1524,0,1,0,0,1,1292,217,16,0,1525,0,0,0,1525
02/07/2022,DFW,TX,ASW,CE,Towers with Radar,1478,235,15,0,1728,0,3,2,0,5,1478,238,17,0,1733,0,0,0,1733
02/08/2022,DFW,TX,ASW,CE,Towers with Radar,1480,234,17,0,1731,0,3,2,0,5,1480,237,19,0,1736,0,0,0,1736
02/09/2022,DFW,TX,ASW,CE,Towers with Radar,1559,248,5,0,1812,0,7,2,0,9,1559,255,7,0,1821,0,0,0,1821
02/10/2022,DFW,TX,ASW,CE,Towers with Radar,1637,251,12,0,1900,0,3,0,2,5,1637,254,12,2,1905,0,0,0,1905
02/11/2022,DFW,TX,ASW,CE,Towers with Radar,1602,236,12,0,1850,0,2,1,0,3,1602,238,13,0,1853,0,0,0,1853
02/12/2022,DFW,TX,ASW,CE,Towers with Radar,1400,216,8,0,1624,0,0,0,0,0,1400,216,8,0,1624,0,0,0,1624
02/13/2022,DFW,TX,ASW,CE,Towers with Radar,1494,220,17,0,1731,0,1,0,0,1,1494,221,17,0,1732,0,0,0,1732
02/14/2022,DFW,TX,ASW,CE,Towers with Radar,1501,223,12,1,1737,0,0,1,0,1,1501,223,13,1,1738,0,0,0,1738
02/15/2022,DFW,TX,ASW,CE,Towers with Radar,1474,221,17,0,1712,0,1,0,0,1,1474,222,17,0,1713,0,0,0,1713
02/16/2022,DFW,TX,ASW,CE,Towers with Radar,1574,249,28,0,1851,0,0,0,0,0,1574,249,28,0,1851,0,0,0,1851
02/17/2022,DFW,TX,ASW,CE,Towers with Radar,1587,230,10,0,1827,0,0,0,0,0,1587,230,10,0,1827,0,0,0,1827
02/18/2022,DFW,TX,ASW,CE,Towers with Radar,1592,236,14,0,1842,0,1,0,0,1,1592,237,14,0,1843,0,0,0,1843
02/19/2022,DFW,TX,ASW,CE,Towers with Radar,1385,213,12,0,1610,0,5,4,0,9,1385,218,16,0,1619,0,0,0,1619
02/20/2022,DFW,TX,ASW,CE,Towers with Radar,1480,230,12,0,1722,0,0,0,2,2,1480,230,12,2,1724,0,0,0,1724
02/21/2022,DFW,TX,ASW,CE,Towers with Radar,1549,242,7,0,1798,0,1,0,0,1,1549,243,7,0,1799,0,0,0,1799
02/22/2022,DFW,TX,ASW,CE,Towers with Radar,1541,244,20,0,1805,0,5,1,0,6,1541,249,21,0,1811,0,0,0,1811
02/23/2022,DFW,TX,ASW,CE,Towers with Radar,621,68,12,0,701,0,0,0,0,0,621,68,12,0,701,0,0,0,701
02/24/2022,DFW,TX,ASW,CE,Towers with Radar,554,101,9,0,664,0,0,0,0,0,554,101,9,0,664,0,0,0,664
02/25/2022,DFW,TX,ASW,CE,Towers with Radar,1535,241,12,0,1788,0,3,1,0,4,1535,244,13,0,1792,0,0,0,1792
02/26/2022,DFW,TX,ASW,CE,Towers with Radar,1418,210,6,0,1634,0,0,0,2,2,1418,210,6,2,1636,0,0,0,1636
02/27/2022,DFW,TX,ASW,CE,Towers with Radar,1513,213,3,0,1729,0,0,4,0,4,1513,213,7,0,1733,0,0,0,1733
02/28/2022,DFW,TX,ASW,CE,Towers with Radar,1496,239,20,0,1755,0,1,0,4,5,1496,240,20,4,1760,0,0,0,1760
03/01/2022,DFW,TX,ASW,CE,Towers with Radar,1469,230,20,0,1719,0,4,4,0,8,1469,234,24,0,1727,0,0,0,1727
03/02/2022,DFW,TX,ASW,CE,Towers with Radar,1573,255,24,0,1852,1,3,2,7,13,1574,258,26,7,1865,0,0,0,1865
03/03/2022,DFW,TX,ASW,CE,Towers with Radar,1560,223,10,0,1793,0,2,4,2,8,1560,225,14,2,1801,0,0,0,1801
03/04/2022,DFW,TX,ASW,CE,Towers with Radar,1604,211,11,0,1826,0,0,1,0,1,1604,211,12,0,1827,0,0,0,1827
03/05/2022,DFW,TX,ASW,CE,Towers with Radar,1483,203,9,0,1695,0,1,2,0,3,1483,204,11,0,1698,0,0,0,1698
03/06/2022,DFW,TX,ASW,CE,Towers with Radar,1539,186,14,1,1740,0,0,0,0,0,1539,186,14,1,1740,0,0,0,1740
03/07/2022,DFW,TX,ASW,CE,Towers with Radar,1507,197,25,0,1729,0,3,2,2,7,1507,200,27,2,1736,0,0,0,1736
03/08/2022,DFW,TX,ASW,CE,Towers with Radar,1489,207,19,0,1715,0,1,0,2,3,1489,208,19,2,1718,0,0,0,1718
03/09/2022,DFW,TX,ASW,CE,Towers with Radar,1491,212,18,0,1721,0,2,2,0,4,1491,214,20,0,1725,0,0,0,1725
03/10/2022,DFW,TX,ASW,CE,Towers with Radar,1593,222,14,2,1831,0,4,2,0,6,1593,226,16,2,1837,0,0,0,1837
03/11/2022,DFW,TX,ASW,CE,Towers with Radar,1600,217,13,0,1830,0,1,0,0,1,1600,218,13,0,1831,0,0,0,1831
03/12/2022,DFW,TX,ASW,CE,Towers with Radar,1481,212,16,0,1709,1,0,2,0,3,1482,212,18,0,1712,0,0,0,1712
03/13/2022,DFW,TX,ASW,CE,Towers with Radar,1579,203,6,0,1788,0,4,0,0,4,1579,207,6,0,1792,0,0,0,1792
03/14/2022,DFW,TX,ASW,CE,Towers with Radar,1420,183,5,0,1608,0,0,0,0,0,1420,183,5,0,1608,0,0,0,1608
03/15/2022,DFW,TX,ASW,CE,Towers with Radar,1481,195,13,0,1689,0,6,0,0,6,1481,201,13,0,1695,0,0,0,1695
03/16/2022,DFW,TX,ASW,CE,Towers with Radar,1500,198,16,0,1714,1,0,0,0,1,1501,198,16,0,1715,0,0,0,1715
03/17/2022,DFW,TX,ASW,CE,Towers with Radar,1562,220,23,0,1805,0,1,0,0,1,1562,221,23,0,1806,0,0,0,1806
03/18/2022,DFW,TX,ASW,CE,Towers with Radar,1616,220,17,0,1853,0,1,0,0,1,1616,221,17,0,1854,0,0,0,1854
03/19/2022,DFW,TX,ASW,CE,Towers with Radar,1503,226,14,0,1743,0,4,3,0,7,1503,230,17,0,1750,0,0,0,1750
03/20/2022,DFW,TX,ASW,CE,Towers with Radar,1567,204,20,0,1791,0,0,1,0,1,1567,204,21,0,1792,0,0,0,1792
03/21/2022,DFW,TX,ASW,CE,Towers with Radar,1169,119,10,0,1298,0,0,1,0,1,1169,119,11,0,1299,0,0,0,1299
03/22/2022,DFW,TX,ASW,CE,Towers with Radar,1491,206,30,0,1727,0,1,0,0,1,1491,207,30,0,1728,0,0,0,1728
03/23/2022,DFW,TX,ASW,CE,Towers with Radar,1516,206,25,0,1747,0,2,1,0,3,1516,208,26,0,1750,0,0,0,1750
03/24/2022,DFW,TX,ASW,CE,Towers with Radar,1598,239,15,0,1852,0,1,6,2,9,1598,240,21,2,1861,0,0,0,1861
03/25/2022,DFW,TX,ASW,CE,Towers with Radar,1626,230,22,0,1878,0,2,3,4,9,1626,232,25,4,1887,0,0,0,1887
03/26/2022,DFW,TX,ASW,CE,Towers with Radar,1492,209,14,0,1715,0,3,2,0,5,1492,212,16,0,1720,0,0,0,1720
03/27/2022,DFW,TX,ASW,CE,Towers with Radar,1577,196,25,0,1798,0,0,0,0,0,1577,196,25,0,1798,0,0,0,1798
03/28/2022,DFW,TX,ASW,CE,Towers with Radar,1509,209,18,0,1736,0,5,0,0,5,1509,214,18,0,1741,0,0,0,1741
03/29/2022,DFW,TX,ASW,CE,Towers with Radar,1484,210,24,2,1720,0,1,0,0,1,1484,211,24,2,1721,0,0,0,1721
03/30/2022,DFW,TX,ASW,CE,Towers with Radar,1492,209,22,2,1725,0,0,0,0,0,1492,209,22,2,1725,0,0,0,1725
03/31/2022,DFW,TX,ASW,CE,Towers with Radar,1574,238,23,0,1835,0,2,2,0,4,1574,240,25,0,1839,0,0,0,1839
04/01/2022,DFW,TX,ASW,CE,Towers with Radar,1586,235,28,0,1849,0,2,6,2,10,1586,237,34,2,1859,0,0,0,1859
04/02/2022,DFW,TX,ASW,CE,Towers with Radar,1442,204,10,0,1656,0,3,7,0,10,1442,207,17,0,1666,0,0,0,1666
04/03/2022,DFW,TX,ASW,CE,Towers with Radar,1502,202,8,0,1712,0,2,5,0,7,1502,204,13,0,1719,0,0,0,1719
04/04/2022,DFW,TX,ASW,CE,Towers with Radar,1391,196,17,0,1604,0,0,0,0,0,1391,196,17,0,1604,0,0,0,1604
04/05/2022,DFW,TX,ASW,CE,Towers with Radar,1620,195,10,0,1825,0,2,1,0,3,1620,197,11,0,1828,0,0,0,1828
04/06/2022,DFW,TX,ASW,CE,Towers with Radar,1666,189,30,0,1885,0,1,2,0,3,1666,190,32,0,1888,0,0,0,1888
04/07/2022,DFW,TX,ASW,CE,Towers with Radar,1679,198,14,0,1891,0,1,0,0,1,1679,199,14,0,1892,0,0,0,1892
04/08/2022,DFW,TX,ASW,CE,Towers with Radar,1634,205,15,0,1854,0,0,1,0,1,1634,205,16,0,1855,0,0,0,1855
04/09/2022,DFW,TX,ASW,CE,Towers with Radar,1562,181,5,0,1748,0,1,0,0,1,1562,182,5,0,1749,0,0,0,1749
04/10/2022,DFW,TX,ASW,CE,Towers with Radar,1614,189,13,0,1816,0,0,3,0,3,1614,189,16,0,1819,0,0,0,1819
04/11/2022,DFW,TX,ASW,CE,Towers with Radar,1632,199,14,0,1845,0,0,0,0,0,1632,199,14,0,1845,0,0,0,1845
04/12/2022,DFW,TX,ASW,CE,Towers with Radar,1601,195,21,0,1817,0,0,4,2,6,1601,195,25,2,1823,0,0,0,1823
04/13/2022,DFW,TX,ASW,CE,Towers with Radar,1574,178,37,0,1789,0,2,5,0,7,1574,180,42,0,1796,0,0,0,1796
04/14/2022,DFW,TX,ASW,CE,Towers with Radar,1674,208,20,3,1905,0,0,20,0,20,1674,208,40,3,1925,0,0,0,1925
04/15/2022,DFW,TX,ASW,CE,Towers with Radar,1623,201,7,0,1831,0,3,0,0,3,1623,204,7,0,1834,0,0,0,1834
04/16/2022,DFW,TX,ASW,CE,Towers with Radar,1543,167,6,0,1716,0,0,0,0,0,1543,167,6,0,1716,0,0,0,1716
04/17/2022,DFW,TX,ASW,CE,Towers with Radar,1610,181,12,0,1803,0,0,4,0,4,1610,181,16,0,1807,0,0,0,1807
04/18/2022,DFW,TX,ASW,CE,Towers with Radar,1641,199,27,0,1867,0,3,6,0,9,1641,202,33,0,1876,0,0,0,1876
04/19/2022,DFW,TX,ASW,CE,Towers with Radar,1639,194,13,2,1848,0,0,4,0,4,1639,194,17,2,1852,0,0,0,1852
04/20/2022,DFW,TX,ASW,CE,Towers with Radar,1661,201,20,0,1882,0,0,0,1,1,1661,201,20,1,1883,0,0,0,1883
04/21/2022,DFW,TX,ASW,CE,Towers with Radar,1682,211,25,0,1918,0,0,3,1,4,1682,211,28,1,1922,0,0,0,1922
04/22/2022,DFW,TX,ASW,CE,Towers with Radar,1633,199,19,0,1851,0,3,1,0,4,1633,202,20,0,1855,0,0,0,1855
04/23/2022,DFW,TX,ASW,CE,Towers with Radar,1578,186,7,0,1771,0,0,1,0,1,1578,186,8,0,1772,0,0,0,1772
04/24/2022,DFW,TX,ASW,CE,Towers with Radar,1451,146,25,0,1622,0,1,4,0,5,1451,147,29,0,1627,0,0,0,1627
04/25/2022,DFW,TX,ASW,CE,Towers with Radar,1618,188,18,0,1824,0,0,0,0,0,1618,188,18,0,1824,0,0,0,1824
04/26/2022,DFW,TX,ASW,CE,Towers with Radar,1657,196,16,0,1869,0,2,0,0,2,1657,198,16,0,1871,0,0,0,1871
04/27/2022,DFW,TX,ASW,CE,Towers with Radar,1677,204,14,0,1895,1,1,8,0,10,1678,205,22,0,1905,0,0,0,1905
04/28/2022,DFW,TX,ASW,CE,Towers with Radar,1697,210,27,0,1934,0,3,2,4,9,1697,213,29,4,1943,0,0,0,1943
04/29/2022,DFW,TX,ASW,CE,Towers with Radar,1656,196,19,0,1871,0,0,0,0,0,1656,196,19,0,1871,0,0,0,1871
04/30/2022,DFW,TX,ASW,CE,Towers with Radar,1584,181,21,0,1786,0,2,1,0,3,1584,183,22,0,1789,0,0,0,1789
05/01/2022,DFW,TX,ASW,CE,Towers with Radar,1607,185,21,0,1813,0,2,2,0,4,1607,187,23,0,1817,0,0,0,1817
05/02/2022,DFW,TX,ASW,CE,Towers with Radar,1637,201,18,0,1856,0,0,1,0,1,1637,201,19,0,1857,0,0,0,1857
05/03/2022,DFW,TX,ASW,CE,Towers with Radar,1647,191,8,0,1846,0,0,2,0,2,1647,191,10,0,1848,0,0,0,1848
05/04/2022,DFW,TX,ASW,CE,Towers with Radar,1660,189,10,0,1859,0,0,0,0,0,1660,189,10,0,1859,0,0,0,1859
05/05/2022,DFW,TX,ASW,CE,Towers with Radar,1598,168,11,0,1777,0,2,0,0,2,1598,170,11,0,1779,0,0,0,1779
05/06/2022,DFW,TX,ASW,CE,Towers with Radar,1681,177,13,0,1871,0,1,0,0,1,1681,178,13,0,1872,0,0,0,1872
05/07/2022,DFW,TX,ASW,CE,Towers with Radar,1615,154,10,0,1779,0,0,0,0,0,1615,154,10,0,1779,0,0,0,1779
05/08/2022,DFW,TX,ASW,CE,Towers with Radar,1635,149,25,0,1809,0,0,0,0,0,1635,149,25,0,1809,0,0,0,1809
05/09/2022,DFW,TX,ASW,CE,Towers with Radar,1672,156,25,0,1853,0,0,2,0,2,1672,156,27,0,1855,0,0,0,1855
05/10/2022,DFW,TX,ASW,CE,Towers with Radar,1696,173,15,0,1884,0,0,3,0,3,1696,173,18,0,1887,0,0,0,1887
05/11/2022,DFW,TX,ASW,CE,Towers with Radar,1713,177,23,0,1913,1,1,4,0,6,1714,178,27,0,1919,0,0,0,1919
05/12/2022,DFW,TX,ASW,CE,Towers with Radar,1734,187,17,0,1938,0,2,4,2,8,1734,189,21,2,1946,0,0,0,1946
05/13/2022,DFW,TX,ASW,CE,Towers with Radar,1683,182,12,0,1877,0,1,0,0,1,1683,183,12,0,1878,0,0,0,1878
05/14/2022,DFW,TX,ASW,CE,Towers with Radar,1621,161,16,0,1798,0,0,0,0,0,1621,161,16,0,1798,0,0,0,1798
05/15/2022,DFW,TX,ASW,CE,Towers with Radar,1627,148,8,0,1783,0,0,3,0,3,1627,148,11,0,1786,0,0,0,1786
05/16/2022,DFW,TX,ASW,CE,Towers with Radar,1656,167,21,0,1844,0,0,11,0,11,1656,167,32,0,1855,0,0,0,1855
05/17/2022,DFW,TX,ASW,CE,Towers with Radar,1689,158,21,0,1868,0,4,5,0,9,1689,162,26,0,1877,0,0,0,1877
05/18/2022,DFW,TX,ASW,CE,Towers with Radar,1723,175,21,0,1919,0,2,6,0,8,1723,177,27,0,1927,0,0,0,1927
05/19/2022,DFW,TX,ASW,CE,Towers with Radar,1726,168,28,0,1922,0,3,2,0,5,1726,171,30,0,1927,0,0,0,1927
05/20/2022,DFW,TX,ASW,CE,Towers with Radar,1661,167,12,0,1840,0,0,5,0,5,1661,167,17,0,1845,0,0,0,1845
05/21/2022,DFW,TX,ASW,CE,Towers with Radar,1595,156,8,0,1759,0,0,4,0,4,1595,156,12,0,1763,0,0,0,1763
05/22/2022,DFW,TX,ASW,CE,Towers with Radar,1660,156,11,0,1827,1,0,0,0,1,1661,156,11,0,1828,0,0,0,1828
05/23/2022,DFW,TX,ASW,CE,Towers with Radar,1666,162,5,0,1833,0,0,0,0,0,1666,162,5,0,1833,0,0,0,1833
05/24/2022,DFW,TX,ASW,CE,Towers with Radar,1368,110,14,0,1492,0,0,0,0,0,1368,110,14,0,1492,0,0,0,1492
05/25/2022,DFW,TX,ASW,CE,Towers with Radar,1748,180,13,0,1941,0,0,1,0,1,1748,180,14,0,1942,0,0,0,1942
05/26/2022,DFW,TX,ASW,CE,Towers with Radar,1729,172,15,0,1916,0,4,0,0,4,1729,176,15,0,1920,0,0,0,1920
05/27/2022,DFW,TX,ASW,CE,Towers with Radar,1666,168,16,0,1850,0,4,4,0,8,1666,172,20,0,1858,0,0,0,1858
05/28/2022,DFW,TX,ASW,CE,Towers with Radar,1617,148,9,0,1774,0,1,8,0,9,1617,149,17,0,1783,0,0,0,1783
05/29/2022,DFW,TX,ASW,CE,Towers with Radar,1627,127,2,0,1756,0,0,0,0,0,1627,127,2,0,1756,0,0,0,1756
05/30/2022,DFW,TX,ASW,CE,Towers with Radar,1643,148,8,0,1799,0,1,0,0,1,1643,149,8,0,1800,0,0,0,1800
05/31/2022,DFW,TX,ASW,CE,Towers with Radar,1640,155,18,0,1813,0,1,4,0,5,1640,156,22,0,1818,0,0,0,1818
06/01/2022,DFW,TX,ASW,CE,Towers with Radar,1463,145,24,0,1632,0,1,2,4,7,1463,146,26,4,1639,0,0,0,1639
06/02/2022,DFW,TX,ASW,CE,Towers with Radar,1536,173,23,0,1732,0,1,3,0,4,1536,174,26,0,1736,0,0,0,1736
06/03/2022,DFW,TX,ASW,CE,Towers with Radar,1669,175,15,0,1859,0,1,0,2,3,1669,176,15,2,1862,0,0,0,1862
06/04/2022,DFW,TX,ASW,CE,Towers with Radar,1624,180,9,0,1813,1,2,4,0,7,1625,182,13,0,1820,0,0,0,1820
06/05/2022,DFW,TX,ASW,CE,Towers with Radar,1742,175,13,0,1930,0,1,2,1,4,1742,176,15,1,1934,0,0,0,1934
06/06/2022,DFW,TX,ASW,CE,Towers with Radar,1763,186,18,0,1967,0,1,2,0,3,1763,187,20,0,1970,0,0,0,1970
06/07/2022,DFW,TX,ASW,CE,Towers with Radar,1803,189,17,0,2009,0,0,4,0,4,1803,189,21,0,2013,0,0,0,2013
06/08/2022,DFW,TX,ASW,CE,Towers with Radar,1800,195,23,0,2018,0,5,26,0,31,1800,200,49,0,2049,0,0,0,2049
06/09/2022,DFW,TX,ASW,CE,Towers with Radar,1788,189,12,0,1989,0,2,10,2,14,1788,191,22,2,2003,0,0,0,2003
06/10/2022,DFW,TX,ASW,CE,Towers with Radar,1779,186,26,0,1991,0,1,18,1,20,1779,187,44,1,2011,0,0,0,2011
06/11/2022,DFW,TX,ASW,CE,Towers with Radar,1672,177,6,0,1855,0,4,0,0,4,1672,181,6,0,1859,0,0,0,1859
06/12/2022,DFW,TX,ASW,CE,Towers with Radar,1726,168,18,0,1912,0,1,0,4,5,1726,169,18,4,1917,0,0,0,1917
06/13/2022,DFW,TX,ASW,CE,Towers with Radar,1753,190,17,0,1960,1,0,2,0,3,1754,190,19,0,1963,0,0,0,1963
06/14/2022,DFW,TX,ASW,CE,Towers with Radar,1786,191,12,0,1989,0,2,2,0,4,1786,193,14,0,1993,0,0,0,1993
06/15/2022,DFW,TX,ASW,CE,Towers with Radar,1783,194,24,0,2001,0,0,12,0,12,1783,194,36,0,2013,0,0,0,2013
06/16/2022,DFW,TX,ASW,CE,Towers with Radar,1776,197,10,0,1983,0,3,2,1,6,1776,200,12,1,1989,0,0,0,1989
06/17/2022,DFW,TX,ASW,CE,Towers with Radar,1708,188,6,0,1902,0,0,2,0,2,1708,188,8,0,1904,0,0,0,1904
06/18/2022,DFW,TX,ASW,CE,Towers with Radar,1664,179,15,0,1858,0,4,5,0,9,1664,183,20,0,1867,0,0,0,1867
06/19/2022,DFW,TX,ASW,CE,Towers with Radar,1722,166,13,0,1901,0,2,2,2,6,1722,168,15,2,1907,0,0,0,1907
06/20/2022,DFW,TX,ASW,CE,Towers with Radar,1767,186,14,0,1967,0,0,1,0,1,1767,186,15,0,1968,0,0,0,1968
06/21/2022,DFW,TX,ASW,CE,Towers with Radar,1791,198,21,0,2010,0,0,0,0,0,1791,198,21,0,2010,0,0,0,2010
06/22/2022,DFW,TX,ASW,CE,Towers with Radar,1759,196,18,0,1973,0,0,2,0,2,1759,196,20,0,1975,0,0,0,1975
06/23/2022,DFW,TX,ASW,CE,Towers with Radar,1788,193,8,0,1989,0,1,0,0,1,1788,194,8,0,1990,0,0,0,1990
06/24/2022,DFW,TX,ASW,CE,Towers with Radar,1730,192,14,0,1936,0,1,7,0,8,1730,193,21,0,1944,0,0,0,1944
06/25/2022,DFW,TX,ASW,CE,Towers with Radar,1658,191,8,0,1857,0,1,0,0,1,1658,192,8,0,1858,0,0,0,1858
06/26/2022,DFW,TX,ASW,CE,Towers with Radar,1717,168,8,2,1895,0,0,1,1,2,1717,168,9,3,1897,0,0,0,1897
06/27/2022,DFW,TX,ASW,CE,Towers with Radar,1771,193,9,0,1973,0,3,2,0,5,1771,196,11,0,1978,0,0,0,1978
06/28/2022,DFW,TX,ASW,CE,Towers with Radar,1741,185,11,0,1937,0,3,2,0,5,1741,188,13,0,1942,0,0,0,1942
06/29/2022,DFW,TX,ASW,CE,Towers with Radar,1739,200,12,0,1951,0,6,3,0,9,1739,206,15,0,1960,0,0,0,1960
06/30/2022,DFW,TX,ASW,CE,Towers with Radar,1780,196,18,0,1994,0,2,0,0,2,1780,198,18,0,1996,0,0,0,1996
07/01/2022,DFW,TX,ASW,CE,Towers with Radar,1761,191,7,0,1959,0,1,3,0,4,1761,192,10,0,1963,0,0,0,1963
07/02/2022,DFW,TX,ASW,CE,Towers with Radar,1667,182,7,3,1859,0,0,1,0,1,1667,182,8,3,1860,0,0,0,1860
07/03/2022,DFW,TX,ASW,CE,Towers with Radar,1565,142,9,0,1716,0,3,1,0,4,1565,145,10,0,1720,0,0,0,1720
07/04/2022,DFW,TX,ASW,CE,Towers with Radar,1725,169,5,0,1899,0,0,0,0,0,1725,169,5,0,1899,0,0,0,1899
07/05/2022,DFW,TX,ASW,CE,Towers with Radar,1606,172,13,0,1791,0,7,0,0,7,1606,179,13,0,1798,0,0,0,1798
07/06/2022,DFW,TX,ASW,CE,Towers with Radar,1631,174,16,0,1821,0,3,1,0,4,1631,177,17,0,1825,0,0,0,1825
07/07/2022,DFW,TX,ASW,CE,Towers with Radar,1792,200,6,0,1998,0,1,2,0,3,1792,201,8,0,2001,0,0,0,2001
07/08/2022,DFW,TX,ASW,CE,Towers with Radar,1742,189,19,0,1950,0,2,0,0,2,1742,191,19,0,1952,0,0,0,1952
07/09/2022,DFW,TX,ASW,CE,Towers with Radar,1661,174,13,0,1848,0,0,2,0,2,1661,174,15,0,1850,0,0,0,1850
07/10/2022,DFW,TX,ASW,CE,Towers with Radar,1751,168,6,0,1925,0,0,0,0,0,1751,168,6,0,1925,0,0,0,1925
07/11/2022,DFW,TX,ASW,CE,Towers with Radar,1758,177,11,0,1946,0,4,0,0,4,1758,181,11,0,1950,0,0,0,1950
07/12/2022,DFW,TX,ASW,CE,Towers with Radar,1689,163,14,0,1866,0,3,5,0,8,1689,166,19,0,1874,0,0,0,1874
07/13/2022,DFW,TX,ASW,CE,Towers with Radar,1689,170,15,0,1874,0,0,1,0,1,1689,170,16,0,1875,0,0,0,1875
07/14/2022,DFW,TX,ASW,CE,Towers with Radar,1793,185,8,0,1986,0,1,0,0,1,1793,186,8,0,1987,0,0,0,1987
07/15/2022,DFW,TX,ASW,CE,Towers with Radar,1776,184,19,2,1981,0,0,5,0,5,1776,184,24,2,1986,0,0,0,1986
07/16/2022,DFW,TX,ASW,CE,Towers with Radar,1671,175,5,0,1851,0,1,5,0,6,1671,176,10,0,1857,0,0,0,1857
07/17/2022,DFW,TX,ASW,CE,Towers with Radar,1731,161,10,0,1902,0,4,0,0,4,1731,165,10,0,1906,0,0,0,1906
07/18/2022,DFW,TX,ASW,CE,Towers with Radar,1744,189,18,0,1951,0,11,2,0,13,1744,200,20,0,1964,0,0,0,1964
07/19/2022,DFW,TX,ASW,CE,Towers with Radar,1689,168,16,0,1873,0,2,0,2,4,1689,170,16,2,1877,0,0,0,1877
07/20/2022,DFW,TX,ASW,CE,Towers with Radar,1711,172,7,0,1890,0,3,0,0,3,1711,175,7,0,1893,0,0,0,1893
07/21/2022,DFW,TX,ASW,CE,Towers with Radar,1811,189,19,0,2019,0,1,4,0,5,1811,190,23,0,2024,0,0,0,2024
07/22/2022,DFW,TX,ASW,CE,Towers with Radar,1776,178,12,0,1966,0,1,0,1,2,1776,179,12,1,1968,0,0,0,1968
07/23/2022,DFW,TX,ASW,CE,Towers with Radar,1687,183,10,1,1881,0,0,2,0,2,1687,183,12,1,1883,0,0,0,1883
07/24/2022,DFW,TX,ASW,CE,Towers with Radar,1732,175,12,1,1920,0,0,0,0,0,1732,175,12,1,1920,0,0,0,1920
07/25/2022,DFW,TX,ASW,CE,Towers with Radar,1768,175,6,0,1949,0,4,0,0,4,1768,179,6,0,1953,0,0,0,1953
07/26/2022,DFW,TX,ASW,CE,Towers with Radar,1687,170,13,0,1870,0,1,1,0,2,1687,171,14,0,1872,0,0,0,1872
07/27/2022,DFW,TX,ASW,CE,Towers with Radar,1701,170,21,0,1892,0,1,6,0,7,1701,171,27,0,1899,0,0,0,1899
07/28/2022,DFW,TX,ASW,CE,Towers with Radar,1797,191,14,0,2002,0,0,7,1,8,1797,191,21,1,2010,0,0,0,2010
07/29/2022,DFW,TX,ASW,CE,Towers with Radar,1686,177,15,0,1878,0,2,1,0,3,1686,179,16,0,1881,0,0,0,1881
07/30/2022,DFW,TX,ASW,CE,Towers with Radar,1651,179,8,0,1838,0,1,1,0,2,1651,180,9,0,1840,0,0,0,1840
07/31/2022,DFW,TX,ASW,CE,Towers with Radar,1679,170,22,0,1871,0,1,1,0,2,1679,171,23,0,1873,0,0,0,1873
08/01/2022,DFW,TX,ASW,CE,Towers with Radar,1753,188,18,0,1959,0,1,2,0,3,1753,189,20,0,1962,0,0,0,1962
08/02/2022,DFW,TX,ASW,CE,Towers with Radar,1666,161,10,0,1837,0,1,6,0,7,1666,162,16,0,1844,0,0,0,1844
08/03/2022,DFW,TX,ASW,CE,Towers with Radar,1683,174,15,0,1872,0,3,2,0,5,1683,177,17,0,1877,0,0,0,1877
08/04/2022,DFW,TX,ASW,CE,Towers with Radar,1769,183,18,1,1971,0,8,2,0,10,1769,191,20,1,1981,0,0,0,1981
08/05/2022,DFW,TX,ASW,CE,Towers with Radar,1725,184,6,0,1915,0,4,5,0,9,1725,188,11,0,1924,0,0,0,1924
08/06/2022,DFW,TX,ASW,CE,Towers with Radar,1663,174,17,0,1854,0,0,2,0,2,1663,174,19,0,1856,0,0,0,1856
08/07/2022,DFW,TX,ASW,CE,Towers with Radar,1744,162,17,0,1923,0,1,0,0,1,1744,163,17,0,1924,0,0,0,1924
08/08/2022,DFW,TX,ASW,CE,Towers with Radar,1773,179,23,0,1975,0,1,3,2,6,1773,180,26,2,1981,0,0,0,1981
08/09/2022,DFW,TX,ASW,CE,Towers with Radar,1758,171,23,0,1952,0,1,2,0,3,1758,172,25,0,1955,0,0,0,1955
08/10/2022,DFW,TX,ASW,CE,Towers with Radar,1421,167,15,0,1603,0,1,5,0,6,1421,168,20,0,1609,0,0,0,1609
08/11/2022,DFW,TX,ASW,CE,Towers with Radar,1626,196,32,0,1854,0,3,0,0,3,1626,199,32,0,1857,0,0,0,1857
08/12/2022,DFW,TX,ASW,CE,Towers with Radar,1752,181,4,0,1937,0,1,6,2,9,1752,182,10,2,1946,0,0,0,1946
08/13/2022,DFW,TX,ASW,CE,Towers with Radar,1655,176,16,1,1848,0,0,1,0,1,1655,176,17,1,1849,0,0,0,1849
08/14/2022,DFW,TX,ASW,CE,Towers with Radar,1716,166,15,0,1897,0,3,1,0,4,1716,169,16,0,1901,0,0,0,1901
08/15/2022,DFW,TX,ASW,CE,Towers with Radar,1758,174,12,0,1944,0,3,1,0,4,1758,177,13,0,1948,0,0,0,1948
08/16/2022,DFW,TX,ASW,CE,Towers with Radar,1758,165,13,0,1936,0,2,3,0,5,1758,167,16,0,1941,0,0,0,1941
08/17/2022,DFW,TX,ASW,CE,Towers with Radar,1673,162,9,0,1844,0,2,0,0,2,1673,164,9,0,1846,0,0,0,1846
08/18/2022,DFW,TX,ASW,CE,Towers with Radar,1833,169,17,0,2019,0,1,1,0,2,1833,170,18,0,2021,0,0,0,2021
08/19/2022,DFW,TX,ASW,CE,Towers with Radar,1785,173,17,2,1977,0,1,7,0,8,1785,174,24,2,1985,0,0,0,1985
08/20/2022,DFW,TX,ASW,CE,Towers with Radar,1663,156,2,0,1821,0,0,0,0,0,1663,156,2,0,1821,0,0,0,1821
08/21/2022,DFW,TX,ASW,CE,Towers with Radar,1287,120,7,0,1414,0,0,3,0,3,1287,120,10,0,1417,0,0,0,1417
08/22/2022,DFW,TX,ASW,CE,Towers with Radar,1452,139,10,0,1601,0,0,0,0,0,1452,139,10,0,1601,0,0,0,1601
08/23/2022,DFW,TX,ASW,CE,Towers with Radar,1721,156,12,0,1889,0,0,0,0,0,1721,156,12,0,1889,0,0,0,1889
08/24/2022,DFW,TX,ASW,CE,Towers with Radar,1791,172,12,0,1975,0,1,2,0,3,1791,173,14,0,1978,0,0,0,1978
08/25/2022,DFW,TX,ASW,CE,Towers with Radar,1800,183,16,0,1999,0,6,3,0,9,1800,189,19,0,2008,0,0,0,2008
08/26/2022,DFW,TX,ASW,CE,Towers with Radar,1760,179,13,0,1952,1,5,2,0,8,1761,184,15,0,1960,0,0,0,1960
08/27/2022,DFW,TX,ASW,CE,Towers with Radar,1672,156,7,0,1835,0,0,2,0,2,1672,156,9,0,1837,0,0,0,1837
08/28/2022,DFW,TX,ASW,CE,Towers with Radar,1725,150,9,1,1885,0,1,4,0,5,1725,151,13,1,1890,0,0,0,1890
08/29/2022,DFW,TX,ASW,CE,Towers with Radar,1734,169,15,1,1919,1,2,2,0,5,1735,171,17,1,1924,0,0,0,1924
08/30/2022,DFW,TX,ASW,CE,Towers with Radar,1736,157,12,0,1905,0,1,0,0,1,1736,158,12,0,1906,0,0,0,1906
08/31/2022,DFW,TX,ASW,CE,Towers with Radar,1766,168,16,0,1950,0,2,0,0,2,1766,170,16,0,1952,0,0,0,1952
09/01/2022,DFW,TX,ASW,CE,Towers with Radar,1658,151,10,0,1819,0,5,2,1,8,1658,156,12,1,1827,0,0,0,1827
09/02/2022,DFW,TX,ASW,CE,Towers with Radar,1728,171,15,0,1914,0,1,1,0,2,1728,172,16,0,1916,0,0,0,1916
09/03/2022,DFW,TX,ASW,CE,Towers with Radar,1423,136,3,0,1562,0,2,3,0,5,1423,138,6,0,1567,0,0,0,1567
09/04/2022,DFW,TX,ASW,CE,Towers with Radar,1393,106,6,0,1505,0,0,1,0,1,1393,106,7,0,1506,0,0,0,1506
09/05/2022,DFW,TX,ASW,CE,Towers with Radar,1691,147,6,0,1844,0,0,0,0,0,1691,147,6,0,1844,0,0,0,1844
09/06/2022,DFW,TX,ASW,CE,Towers with Radar,1710,163,11,0,1884,0,0,0,0,0,1710,163,11,0,1884,0,0,0,1884
09/07/2022,DFW,TX,ASW,CE,Towers with Radar,1659,139,19,0,1817,0,1,2,2,5,1659,140,21,2,1822,0,0,0,1822
09/08/2022,DFW,TX,ASW,CE,Towers with Radar,1820,150,17,0,1987,0,1,4,0,5,1820,151,21,0,1992,0,0,0,1992
09/09/2022,DFW,TX,ASW,CE,Towers with Radar,1785,148,14,0,1947,0,2,2,0,4,1785,150,16,0,1951,0,0,0,1951
09/10/2022,DFW,TX,ASW,CE,Towers with Radar,1605,137,10,0,1752,0,0,3,0,3,1605,137,13,0,1755,0,0,0,1755
09/11/2022,DFW,TX,ASW,CE,Towers with Radar,1751,133,6,0,1890,0,1,4,0,5,1751,134,10,0,1895,0,0,0,1895
09/12/2022,DFW,TX,ASW,CE,Towers with Radar,1799,144,13,0,1956,0,0,2,0,2,1799,144,15,0,1958,0,0,0,1958
09/13/2022,DFW,TX,ASW,CE,Towers with Radar,1651,151,13,0,1815,0,6,2,0,8,1651,157,15,0,1823,0,0,0,1823
09/14/2022,DFW,TX,ASW,CE,Towers with Radar,1674,149,18,0,1841,0,0,1,2,3,1674,149,19,2,1844,0,0,0,1844
09/15/2022,DFW,TX,ASW,CE,Towers with Radar,1820,156,18,0,1994,0,2,4,0,6,1820,158,22,0,2000,0,0,0,2000
09/16/2022,DFW,TX,ASW,CE,Towers with Radar,1804,151,11,0,1966,0,2,0,2,4,1804,153,11,2,1970,0,0,0,1970
09/17/2022,DFW,TX,ASW,CE,Towers with Radar,1593,141,10,0,1744,1,3,4,0,8,1594,144,14,0,1752,0,0,0,1752
09/18/2022,DFW,TX,ASW,CE,Towers with Radar,1752,131,11,0,1894,0,2,4,0,6,1752,133,15,0,1900,0,0,0,1900
09/19/2022,DFW,TX,ASW,CE,Towers with Radar,1776,154,6,0,1936,0,7,2,0,9,1776,161,8,0,1945,0,0,0,1945
09/20/2022,DFW,TX,ASW,CE,Towers with Radar,1663,147,10,0,1820,0,2,4,0,6,1663,149,14,0,1826,0,0,0,1826
09/21/2022,DFW,TX,ASW,CE,Towers with Radar,1671,158,18,0,1847,0,0,0,0,0,1671,158,18,0,1847,0,0,0,1847
09/22/2022,DFW,TX,ASW,CE,Towers with Radar,1831,155,13,0,1999,0,1,4,0,5,1831,156,17,0,2004,0,0,0,2004
09/23/2022,DFW,TX,ASW,CE,Towers with Radar,1792,149,17,0,1958,0,3,0,0,3,1792,152,17,0,1961,0,0,0,1961
09/24/2022,DFW,TX,ASW,CE,Towers with Radar,1616,135,6,0,1757,0,2,6,0,8,1616,137,12,0,1765,0,0,0,1765
09/25/2022,DFW,TX,ASW,CE,Towers with Radar,1771,142,15,0,1928,0,0,3,0,3,1771,142,18,0,1931,0,0,0,1931
09/26/2022,DFW,TX,ASW,CE,Towers with Radar,1789,144,14,0,1947,0,2,1,0,3,1789,146,15,0,1950,0,0,0,1950
09/27/2022,DFW,TX,ASW,CE,Towers with Radar,1646,145,16,0,1807,0,2,2,0,4,1646,147,18,0,1811,0,0,0,1811
09/28/2022,DFW,TX,ASW,CE,Towers with Radar,1613,140,15,0,1768,0,2,2,0,4,1613,142,17,0,1772,0,0,0,1772
09/29/2022,DFW,TX,ASW,CE,Towers with Radar,1766,148,19,1,1934,0,1,10,0,11,1766,149,29,1,1945,0,0,0,1945
09/30/2022,DFW,TX,ASW,CE,Towers with Radar,1733,144,12,0,1889,0,0,2,0,2,1733,144,14,0,1891,0,0,0,1891
10/01/2022,DFW,TX,ASW,CE,Towers with Radar,1589,137,6,0,1732,0,2,2,0,4,1589,139,8,0,1736,0,0,0,1736
10/02/2022,DFW,TX,ASW,CE,Towers with Radar,1752,128,19,0,1899,0,1,6,0,7,1752,129,25,0,1906,0,0,0,1906
10/03/2022,DFW,TX,ASW,CE,Towers with Radar,1781,143,12,0,1936,0,4,5,0,9,1781,147,17,0,1945,0,0,0,1945
10/04/2022,DFW,TX,ASW,CE,Towers with Radar,1641,159,20,0,1820,0,2,6,0,8,1641,161,26,0,1828,0,0,0,1828
10/05/2022,DFW,TX,ASW,CE,Towers with Radar,1678,140,29,0,1847,0,5,4,0,9,1678,145,33,0,1856,0,0,0,1856
10/06/2022,DFW,TX,ASW,CE,Towers with Radar,1826,125,11,0,1962,0,0,0,0,0,1826,125,11,0,1962,0,0,0,1962
10/07/2022,DFW,TX,ASW,CE,Towers with Radar,1803,117,12,0,1932,0,3,0,0,3,1803,120,12,0,1935,0,0,0,1935
10/08/2022,DFW,TX,ASW,CE,Towers with Radar,1638,95,6,1,1740,0,1,0,0,1,1638,96,6,1,1741,0,0,0,1741
10/09/2022,DFW,TX,ASW,CE,Towers with Radar,1784,94,5,0,1883,0,0,0,0,0,1784,94,5,0,1883,0,0,0,1883
10/10/2022,DFW,TX,ASW,CE,Towers with Radar,1677,96,29,0,1802,0,3,1,0,4,1677,99,30,0,1806,0,0,0,1806
10/11/2022,DFW,TX,ASW,CE,Towers with Radar,1707,121,5,0,1833,0,7,2,1,10,1707,128,7,1,1843,0,0,0,1843
10/12/2022,DFW,TX,ASW,CE,Towers with Radar,1721,108,8,0,1837,0,3,5,0,8,1721,111,13,0,1845,0,0,0,1845
10/13/2022,DFW,TX,ASW,CE,Towers with Radar,1846,112,19,0,1977,0,1,3,1,5,1846,113,22,1,1982,0,0,0,1982
10/14/2022,DFW,TX,ASW,CE,Towers with Radar,1806,112,14,0,1932,0,5,5,1,11,1806,117,19,1,1943,0,0,0,1943
10/15/2022,DFW,TX,ASW,CE,Towers with Radar,1646,93,7,0,1746,0,0,4,0,4,1646,93,11,0,1750,0,0,0,1750
10/16/2022,DFW,TX,ASW,CE,Towers with Radar,1778,87,13,0,1878,0,0,3,0,3,1778,87,16,0,1881,0,0,0,1881
10/17/2022,DFW,TX,ASW,CE,Towers with Radar,1706,102,24,0,1832,0,0,11,0,11,1706,102,35,0,1843,0,0,0,1843
10/18/2022,DFW,TX,ASW,CE,Towers with Radar,1719,117,34,0,1870,0,0,30,0,30,1719,117,64,0,1900,0,0,0,1900
10/19/2022,DFW,TX,ASW,CE,Towers with Radar,1718,124,20,0,1862,0,2,9,0,11,1718,126,29,0,1873,0,0,0,1873
10/20/2022,DFW,TX,ASW,CE,Towers with Radar,1841,127,19,0,1987,0,3,7,0,10,1841,130,26,0,1997,0,0,0,1997
10/21/2022,DFW,TX,ASW,CE,Towers with Radar,1806,119,9,0,1934,0,3,15,0,18,1806,122,24,0,1952,0,0,0,1952
10/22/2022,DFW,TX,ASW,CE,Towers with Radar,1638,94,10,0,1742,0,1,0,2,3,1638,95,10,2,1745,0,0,0,1745
10/23/2022,DFW,TX,ASW,CE,Towers with Radar,1776,98,8,0,1882,0,0,3,0,3,1776,98,11,0,1885,0,0,0,1885
10/24/2022,DFW,TX,ASW,CE,Towers with Radar,1449,93,12,0,1554,0,0,0,0,0,1449,93,12,0,1554,0,0,0,1554
10/25/2022,DFW,TX,ASW,CE,Towers with Radar,1726,123,5,0,1854,0,0,12,0,12,1726,123,17,0,1866,0,0,0,1866
10/26/2022,DFW,TX,ASW,CE,Towers with Radar,1728,122,9,0,1859,0,3,7,0,10,1728,125,16,0,1869,0,0,0,1869
10/27/2022,DFW,TX,ASW,CE,Towers with Radar,1836,125,15,0,1976,0,2,2,0,4,1836,127,17,0,1980,0,0,0,1980
10/28/2022,DFW,TX,ASW,CE,Towers with Radar,1629,96,6,0,1731,0,0,0,0,0,1629,96,6,0,1731,0,0,0,1731
10/29/2022,DFW,TX,ASW,CE,Towers with Radar,1396,76,4,0,1476,0,0,2,0,2,1396,76,6,0,1478,0,0,0,1478
10/30/2022,DFW,TX,ASW,CE,Towers with Radar,1764,100,23,0,1887,0,0,2,0,2,1764,100,25,0,1889,0,0,0,1889
10/31/2022,DFW,TX,ASW,CE,Towers with Radar,1434,98,5,0,1537,0,5,2,0,7,1434,103,7,0,1544,0,0,0,1544
11/01/2022,DFW,TX,ASW,CE,Towers with Radar,1709,110,15,0,1834,0,5,2,0,7,1709,115,17,0,1841,0,0,0,1841
11/02/2022,DFW,TX,ASW,CE,Towers with Radar,1724,119,15,0,1858,0,2,2,0,4,1724,121,17,0,1862,0,0,0,1862
11/03/2022,DFW,TX,ASW,CE,Towers with Radar,1706,91,25,0,1822,0,0,0,2,2,1706,91,25,2,1824,0,0,0,1824
11/04/2022,DFW,TX,ASW,CE,Towers with Radar,1333,57,11,1,1402,0,1,0,0,1,1333,58,11,1,1403,0,0,0,1403
11/05/2022,DFW,TX,ASW,CE,Towers with Radar,1538,70,5,4,1617,0,1,6,0,7,1538,71,11,4,1624,0,0,0,1624
11/06/2022,DFW,TX,ASW,CE,Towers with Radar,1708,68,10,0,1786,0,1,0,0,1,1708,69,10,0,1787,0,0,0,1787
11/07/2022,DFW,TX,ASW,CE,Towers with Radar,1637,68,5,0,1710,0,0,0,0,0,1637,68,5,0,1710,0,0,0,1710
11/08/2022,DFW,TX,ASW,CE,Towers with Radar,1675,85,14,0,1774,0,0,2,0,2,1675,85,16,0,1776,0,0,0,1776
11/09/2022,DFW,TX,ASW,CE,Towers with Radar,1676,81,20,0,1777,0,1,0,0,1,1676,82,20,0,1778,0,0,0,1778
11/10/2022,DFW,TX,ASW,CE,Towers with Radar,1671,97,14,1,1783,0,0,2,0,2,1671,97,16,1,1785,0,0,0,1785
11/11/2022,DFW,TX,ASW,CE,Towers with Radar,1571,88,17,0,1676,0,0,0,0,0,1571,88,17,0,1676,0,0,0,1676
11/12/2022,DFW,TX,ASW,CE,Towers with Radar,1565,67,6,0,1638,0,0,1,0,1,1565,67,7,0,1639,0,0,0,1639
11/13/2022,DFW,TX,ASW,CE,Towers with Radar,1727,73,17,0,1817,0,2,0,0,2,1727,75,17,0,1819,0,0,0,1819
11/14/2022,DFW,TX,ASW,CE,Towers with Radar,1658,78,10,0,1746,0,0,0,0,0,1658,78,10,0,1746,0,0,0,1746
11/15/2022,DFW,TX,ASW,CE,Towers with Radar,1670,84,10,0,1764,0,0,16,1,17,1670,84,26,1,1781,0,0,0,1781
11/16/2022,DFW,TX,ASW,CE,Towers with Radar,1706,104,21,0,1831,0,2,5,0,7,1706,106,26,0,1838,0,0,0,1838
11/17/2022,DFW,TX,ASW,CE,Towers with Radar,1716,98,14,0,1828,0,2,2,2,6,1716,100,16,2,1834,0,0,0,1834
11/18/2022,DFW,TX,ASW,CE,Towers with Radar,1653,87,19,0,1759,0,2,0,0,2,1653,89,19,0,1761,0,0,0,1761
11/19/2022,DFW,TX,ASW,CE,Towers with Radar,1587,72,6,0,1665,0,0,4,0,4,1587,72,10,0,1669,0,0,0,1669
11/20/2022,DFW,TX,ASW,CE,Towers with Radar,1730,63,10,0,1803,0,0,0,0,0,1730,63,10,0,1803,0,0,0,1803
11/21/2022,DFW,TX,ASW,CE,Towers with Radar,1660,79,8,0,1747,0,10,1,0,11,1660,89,9,0,1758,0,0,0,1758
11/22/2022,DFW,TX,ASW,CE,Towers with Radar,1690,88,10,0,1788,0,0,4,0,4,1690,88,14,0,1792,0,0,0,1792
11/23/2022,DFW,TX,ASW,CE,Towers with Radar,1696,80,6,0,1782,0,0,0,0,0,1696,80,6,0,1782,0,0,0,1782
11/24/2022,DFW,TX,ASW,CE,Towers with Radar,871,24,0,0,895,0,0,0,0,0,871,24,0,0,895,0,0,0,895
11/25/2022,DFW,TX,ASW,CE,Towers with Radar,1572,77,9,0,1658,0,0,0,0,0,1572,77,9,0,1658,0,0,0,1658
11/26/2022,DFW,TX,ASW,CE,Towers with Radar,1708,62,17,0,1787,0,0,0,0,0,1708,62,17,0,1787,0,0,0,1787
11/27/2022,DFW,TX,ASW,CE,Towers with Radar,1781,70,8,0,1859,0,0,0,0,0,1781,70,8,0,1859,0,0,0,1859
11/28/2022,DFW,TX,ASW,CE,Towers with Radar,1715,84,16,0,1815,0,2,2,0,4,1715,86,18,0,1819,0,0,0,1819
11/29/2022,DFW,TX,ASW,CE,Towers with Radar,1696,91,24,0,1811,0,4,3,0,7,1696,95,27,0,1818,0,0,0,1818
11/30/2022,DFW,TX,ASW,CE,Towers with Radar,1726,73,14,0,1813,0,1,4,0,5,1726,74,18,0,1818,0,0,0,1818
12/01/2022,DFW,TX,ASW,CE,Towers with Radar,1710,60,17,4,1791,0,2,2,0,4,1710,62,19,4,1795,0,0,0,1795
12/02/2022,DFW,TX,ASW,CE,Towers with Radar,1678,74,10,0,1762,0,0,2,0,2,1678,74,12,0,1764,0,0,0,1764
12/03/2022,DFW,TX,ASW,CE,Towers with Radar,1579,51,7,0,1637,0,0,4,0,4,1579,51,11,0,1641,0,0,0,1641
12/04/2022,DFW,TX,ASW,CE,Towers with Radar,1641,38,11,1,1691,0,0,4,0,4,1641,38,15,1,1695,0,0,0,1695
12/05/2022,DFW,TX,ASW,CE,Towers with Radar,1666,55,13,2,1736,0,0,5,0,5,1666,55,18,2,1741,0,0,0,1741
12/06/2022,DFW,TX,ASW,CE,Towers with Radar,1693,66,19,0,1778,0,0,2,0,2,1693,66,21,0,1780,0,0,0,1780
12/07/2022,DFW,TX,ASW,CE,Towers with Radar,1696,56,20,0,1772,0,0,0,0,0,1696,56,20,0,1772,0,0,0,1772
12/08/2022,DFW,TX,ASW,CE,Towers with Radar,1727,56,18,1,1802,0,0,4,4,8,1727,56,22,5,1810,0,0,0,1810
12/09/2022,DFW,TX,ASW,CE,Towers with Radar,1679,62,14,0,1755,0,1,2,0,3,1679,63,16,0,1758,0,0,0,1758
12/10/2022,DFW,TX,ASW,CE,Towers with Radar,1526,35,9,0,1570,0,0,0,0,0,1526,35,9,0,1570,0,0,0,1570
12/11/2022,DFW,TX,ASW,CE,Towers with Radar,1642,39,3,0,1684,0,2,0,0,2,1642,41,3,0,1686,0,0,0,1686
12/12/2022,DFW,TX,ASW,CE,Towers with Radar,1655,38,14,0,1707,0,0,0,0,0,1655,38,14,0,1707,0,0,0,1707
12/13/2022,DFW,TX,ASW,CE,Towers with Radar,1899,60,25,0,1984,0,0,2,0,2,1899,60,27,0,1986,0,0,0,1986
12/14/2022,DFW,TX,ASW,CE,Towers with Radar,1720,71,29,0,1820,0,2,9,0,11,1720,73,38,0,1831,0,0,0,1831
12/15/2022,DFW,TX,ASW,CE,Towers with Radar,1827,68,20,0,1915,0,2,6,0,8,1827,70,26,0,1923,0,0,0,1923
12/16/2022,DFW,TX,ASW,CE,Towers with Radar,1816,54,14,0,1884,0,0,6,0,6,1816,54,20,0,1890,0,0,0,1890
12/17/2022,DFW,TX,ASW,CE,Towers with Radar,1747,34,12,0,1793,0,2,7,0,9,1747,36,19,0,1802,0,0,0,1802
12/18/2022,DFW,TX,ASW,CE,Towers with Radar,1791,30,14,0,1835,0,0,11,0,11,1791,30,25,0,1846,0,0,0,1846
12/19/2022,DFW,TX,ASW,CE,Towers with Radar,1711,45,5,0,1761,0,2,0,0,2,1711,47,5,0,1763,0,0,0,1763
12/20/2022,DFW,TX,ASW,CE,Towers with Radar,1737,50,17,0,1804,0,0,4,0,4,1737,50,21,0,1808,0,0,0,1808
12/21/2022,DFW,TX,ASW,CE,Towers with Radar,1820,64,7,0,1891,0,0,0,0,0,1820,64,7,0,1891,0,0,0,1891
12/22/2022,DFW,TX,ASW,CE,Towers with Radar,1689,39,13,0,1741,0,2,0,0,2,1689,41,13,0,1743,0,0,0,1743
12/23/2022,DFW,TX,ASW,CE,Towers with Radar,1598,42,20,0,1660,0,1,3,0,4,1598,43,23,0,1664,0,0,0,1664
12/24/2022,DFW,TX,ASW,CE,Towers with Radar,1292,36,4,2,1334,0,0,4,2,6,1292,36,8,4,1340,0,0,0,1340
12/25/2022,DFW,TX,ASW,CE,Towers with Radar,1122,17,4,0,1143,0,1,0,0,1,1122,18,4,0,1144,0,0,0,1144
12/26/2022,DFW,TX,ASW,CE,Towers with Radar,1701,38,11,0,1750,0,0,1,0,1,1701,38,12,0,1751,0,0,0,1751
12/27/2022,DFW,TX,ASW,CE,Towers with Radar,1736,48,21,0,1805,0,2,0,0,2,1736,50,21,0,1807,0,0,0,1807
12/28/2022,DFW,TX,ASW,CE,Towers with Radar,1821,48,14,0,1883,0,3,1,0,4,1821,51,15,0,1887,0,0,0,1887
12/29/2022,DFW,TX,ASW,CE,Towers with Radar,1842,42,10,0,1894,0,0,0,0,0,1842,42,10,0,1894,0,0,0,1894
12/30/2022,DFW,TX,ASW,CE,Towers with Radar,1790,42,10,0,1842,0,2,0,0,2,1790,44,10,0,1844,0,0,0,1844
12/31/2022,DFW,TX,ASW,CE,Towers with Radar,1346,35,7,0,1388,0,1,2,0,3,1346,36,9,0,1391,0,0,0,1391
01/01/2023,DFW,TX,ASW,CE,Towers with Radar,1500,53,13,0,1566,0,0,1,0,1,1500,53,14,0,1567,0,0,0,1567
01/02/2023,DFW,TX,ASW,CE,Towers with Radar,1696,31,16,0,1743,0,0,0,0,0,1696,31,16,0,1743,0,0,0,1743
01/03/2023,DFW,TX,ASW,CE,Towers with Radar,1722,56,10,0,1788,0,0,0,0,0,1722,56,10,0,1788,0,0,0,1788
01/04/2023,DFW,TX,ASW,CE,Towers with Radar,1765,59,12,0,1836,1,0,0,2,3,1766,59,12,2,1839,0,0,0,1839
01/05/2023,DFW,TX,ASW,CE,Towers with Radar,1686,46,16,0,1748,0,0,0,0,0,1686,46,16,0,1748,0,0,0,1748
01/06/2023,DFW,TX,ASW,CE,Towers with Radar,1683,47,12,0,1742,0,1,0,0,1,1683,48,12,0,1743,0,0,0,1743
01/07/2023,DFW,TX,ASW,CE,Towers with Radar,1684,31,8,0,1723,0,0,2,0,2,1684,31,10,0,1725,0,0,0,1725
01/08/2023,DFW,TX,ASW,CE,Towers with Radar,1746,24,14,0,1784,0,1,6,0,7,1746,25,20,0,1791,0,0,0,1791
01/09/2023,DFW,TX,ASW,CE,Towers with Radar,1756,47,14,0,1817,0,0,0,0,0,1756,47,14,0,1817,0,0,0,1817
01/10/2023,DFW,TX,ASW,CE,Towers with Radar,1647,62,16,0,1725,0,5,0,4,9,1647,67,16,4,1734,0,0,0,1734
01/11/2023,DFW,TX,ASW,CE,Towers with Radar,1599,51,7,0,1657,0,3,2,0,5,1599,54,9,0,1662,0,0,0,1662
01/12/2023,DFW,TX,ASW,CE,Towers with Radar,1753,52,4,0,1809,0,0,0,0,0,1753,52,4,0,1809,0,0,0,1809
01/13/2023,DFW,TX,ASW,CE,Towers with Radar,1752,57,14,0,1823,0,1,1,0,2,1752,58,15,0,1825,0,0,0,1825
01/14/2023,DFW,TX,ASW,CE,Towers with Radar,1319,42,4,0,1365,0,0,0,0,0,1319,42,4,0,1365,0,0,0,1365
01/15/2023,DFW,TX,ASW,CE,Towers with Radar,1477,30,13,0,1520,0,0,2,0,2,1477,30,15,0,1522,0,0,0,1522
01/16/2023,DFW,TX,ASW,CE,Towers with Radar,1646,50,6,0,1702,0,0,0,0,0,1646,50,6,0,1702,0,0,0,1702
01/17/2023,DFW,TX,ASW,CE,Towers with Radar,1640,66,3,0,1709,0,1,4,0,5,1640,67,7,0,1714,0,0,0,1714
01/18/2023,DFW,TX,ASW,CE,Towers with Radar,1667,59,14,0,1740,0,0,0,0,0,1667,59,14,0,1740,0,0,0,1740
01/19/2023,DFW,TX,ASW,CE,Towers with Radar,1747,62,12,0,1821,1,0,2,0,3,1748,62,14,0,1824,0,0,0,1824
01/20/2023,DFW,TX,ASW,CE,Towers with Radar,1751,50,5,0,1806,0,1,2,2,5,1751,51,7,2,1811,0,0,0,1811
01/21/2023,DFW,TX,ASW,CE,Towers with Radar,1554,42,3,2,1601,0,0,0,0,0,1554,42,3,2,1601,0,0,0,1601
01/22/2023,DFW,TX,ASW,CE,Towers with Radar,1685,26,5,0,1716,0,0,0,0,0,1685,26,5,0,1716,0,0,0,1716
01/23/2023,DFW,TX,ASW,CE,Towers with Radar,1623,55,10,0,1688,0,1,8,2,11,1623,56,18,2,1699,0,0,0,1699
01/24/2023,DFW,TX,ASW,CE,Towers with Radar,1619,36,9,0,1664,0,0,0,0,0,1619,36,9,0,1664,0,0,0,1664
01/25/2023,DFW,TX,ASW,CE,Towers with Radar,1664,40,14,0,1718,0,0,2,0,2,1664,40,16,0,1720,0,0,0,1720
01/26/2023,DFW,TX,ASW,CE,Towers with Radar,1757,59,8,0,1824,0,1,4,0,5,1757,60,12,0,1829,0,0,0,1829
01/27/2023,DFW,TX,ASW,CE,Towers with Radar,1729,60,18,0,1807,0,0,3,0,3,1729,60,21,0,1810,0,0,0,1810
01/28/2023,DFW,TX,ASW,CE,Towers with Radar,1548,45,6,0,1599,0,0,0,0,0,1548,45,6,0,1599,0,0,0,1599
01/29/2023,DFW,TX,ASW,CE,Towers with Radar,1680,36,9,0,1725,0,0,0,0,0,1680,36,9,0,1725,0,0,0,1725
01/30/2023,DFW,TX,ASW,CE,Towers with Radar,1251,34,9,0,1294,0,0,0,0,0,1251,34,9,0,1294,0,0,0,1294
01/31/2023,DFW,TX,ASW,CE,Towers with Radar,528,15,4,0,547,0,0,0,0,0,528,15,4,0,547,0,0,0,547
02/01/2023,DFW,TX,ASW,CE,Towers with Radar,244,4,6,1,255,0,0,0,0,0,244,4,6,1,255,0,0,0,255
02/02/2023,DFW,TX,ASW,CE,Towers with Radar,1182,40,19,0,1241,0,0,0,0,0,1182,40,19,0,1241,0,0,0,1241
02/03/2023,DFW,TX,ASW,CE,Towers with Radar,1794,61,11,0,1866,0,0,2,0,2,1794,61,13,0,1868,0,0,0,1868
02/04/2023,DFW,TX,ASW,CE,Towers with Radar,1748,42,2,0,1792,0,2,2,0,4,1748,44,4,0,1796,0,0,0,1796
02/05/2023,DFW,TX,ASW,CE,Towers with Radar,1810,33,18,0,1861,0,0,2,0,2,1810,33,20,0,1863,0,0,0,1863
02/06/2023,DFW,TX,ASW,CE,Towers with Radar,1816,50,16,0,1882,0,0,2,0,2,1816,50,18,0,1884,0,0,0,1884
02/07/2023,DFW,TX,ASW,CE,Towers with Radar,1704,47,14,0,1765,0,0,0,0,0,1704,47,14,0,1765,0,0,0,1765
02/08/2023,DFW,TX,ASW,CE,Towers with Radar,1710,45,15,0,1770,0,0,0,0,0,1710,45,15,0,1770,0,0,0,1770
02/09/2023,DFW,TX,ASW,CE,Towers with Radar,1839,64,18,0,1921,0,4,1,2,7,1839,68,19,2,1928,0,0,0,1928
02/10/2023,DFW,TX,ASW,CE,Towers with Radar,1818,54,15,0,1887,0,1,2,4,7,1818,55,17,4,1894,0,0,0,1894
02/11/2023,DFW,TX,ASW,CE,Towers with Radar,1729,38,6,0,1773,0,0,2,0,2,1729,38,8,0,1775,0,0,0,1775
02/12/2023,DFW,TX,ASW,CE,Towers with Radar,1761,28,7,0,1796,0,0,0,0,0,1761,28,7,0,1796,0,0,0,1796
02/13/2023,DFW,TX,ASW,CE,Towers with Radar,1793,47,12,0,1852,0,1,0,0,1,1793,48,12,0,1853,0,0,0,1853
02/14/2023,DFW,TX,ASW,CE,Towers with Radar,1690,47,6,0,1743,0,0,0,0,0,1690,47,6,0,1743,0,0,0,1743
02/15/2023,DFW,TX,ASW,CE,Towers with Radar,1707,52,15,0,1774,0,2,0,0,2,1707,54,15,0,1776,0,0,0,1776
02/16/2023,DFW,TX,ASW,CE,Towers with Radar,1833,53,20,0,1906,0,0,2,0,2,1833,53,22,0,1908,0,0,0,1908
02/17/2023,DFW,TX,ASW,CE,Towers with Radar,1836,48,20,0,1904,0,1,0,0,1,1836,49,20,0,1905,0,0,0,1905
02/18/2023,DFW,TX,ASW,CE,Towers with Radar,1588,39,14,0,1641,0,1,1,0,2,1588,40,15,0,1643,0,0,0,1643
02/19/2023,DFW,TX,ASW,CE,Towers with Radar,1770,32,12,0,1814,0,2,0,0,2,1770,34,12,0,1816,0,0,0,1816
02/20/2023,DFW,TX,ASW,CE,Towers with Radar,1812,50,14,0,1876,0,0,10,0,10,1812,50,24,0,1886,0,0,0,1886
02/21/2023,DFW,TX,ASW,CE,Towers with Radar,1818,51,22,0,1891,0,4,0,0,4,1818,55,22,0,1895,0,0,0,1895
02/22/2023,DFW,TX,ASW,CE,Towers with Radar,1803,55,20,0,1878,0,1,2,0,3,1803,56,22,0,1881,0,0,0,1881
02/23/2023,DFW,TX,ASW,CE,Towers with Radar,1840,48,24,0,1912,0,0,0,0,0,1840,48,24,0,1912,0,0,0,1912
02/24/2023,DFW,TX,ASW,CE,Towers with Radar,1835,57,15,0,1907,0,0,0,0,0,1835,57,15,0,1907,0,0,0,1907
02/25/2023,DFW,TX,ASW,CE,Towers with Radar,1743,37,2,0,1782,0,0,0,0,0,1743,37,2,0,1782,0,0,0,1782
02/26/2023,DFW,TX,ASW,CE,Towers with Radar,1746,31,21,0,1798,0,0,0,0,0,1746,31,21,0,1798,0,0,0,1798
02/27/2023,DFW,TX,ASW,CE,Towers with Radar,1844,49,15,0,1908,0,1,0,0,1,1844,50,15,0,1909,0,0,0,1909
02/28/2023,DFW,TX,ASW,CE,Towers with Radar,1821,49,19,0,1889,1,1,4,6,12,1822,50,23,6,1901,0,0,0,1901
03/01/2023,DFW,TX,ASW,CE,Towers with Radar,1725,49,15,0,1789,0,1,0,2,3,1725,50,15,2,1792,0,0,0,1792
03/02/2023,DFW,TX,ASW,CE,Towers with Radar,1409,38,16,0,1463,0,0,0,0,0,1409,38,16,0,1463,0,0,0,1463
03/03/2023,DFW,TX,ASW,CE,Towers with Radar,1758,59,7,0,1824,0,1,2,0,3,1758,60,9,0,1827,0,0,0,1827
03/04/2023,DFW,TX,ASW,CE,Towers with Radar,1717,39,5,0,1761,0,0,0,0,0,1717,39,5,0,1761,0,0,0,1761
03/05/2023,DFW,TX,ASW,CE,Towers with Radar,1776,32,10,0,1818,0,0,2,0,2,1776,32,12,0,1820,0,0,0,1820
03/06/2023,DFW,TX,ASW,CE,Towers with Radar,1801,48,11,0,1860,0,0,4,0,4,1801,48,15,0,1864,0,0,0,1864
03/07/2023,DFW,TX,ASW,CE,Towers with Radar,1699,50,19,0,1768,0,1,1,0,2,1699,51,20,0,1770,0,0,0,1770
03/08/2023,DFW,TX,ASW,CE,Towers with Radar,1732,61,20,0,1813,0,0,0,0,0,1732,61,20,0,1813,0,0,0,1813
03/09/2023,DFW,TX,ASW,CE,Towers with Radar,1761,52,12,0,1825,0,0,0,0,0,1761,52,12,0,1825,0,0,0,1825
03/10/2023,DFW,TX,ASW,CE,Towers with Radar,1843,71,29,0,1943,0,0,0,0,0,1843,71,29,0,1943,0,0,0,1943
03/11/2023,DFW,TX,ASW,CE,Towers with Radar,1739,49,8,0,1796,0,0,0,0,0,1739,49,8,0,1796,0,0,0,1796
03/12/2023,DFW,TX,ASW,CE,Towers with Radar,1778,30,13,0,1821,0,0,0,0,0,1778,30,13,0,1821,0,0,0,1821
03/13/2023,DFW,TX,ASW,CE,Towers with Radar,1804,50,14,0,1868,0,1,5,0,6,1804,51,19,0,1874,0,0,0,1874
03/14/2023,DFW,TX,ASW,CE,Towers with Radar,1683,49,11,0,1743,0,2,9,0,11,1683,51,20,0,1754,0,0,0,1754
03/15/2023,DFW,TX,ASW,CE,Towers with Radar,1730,55,13,0,1798,0,1,1,0,2,1730,56,14,0,1800,0,0,0,1800
03/16/2023,DFW,TX,ASW,CE,Towers with Radar,1481,54,9,0,1544,0,0,0,0,0,1481,54,9,0,1544,0,0,0,1544
03/17/2023,DFW,TX,ASW,CE,Towers with Radar,1806,67,14,0,1887,0,2,1,0,3,1806,69,15,0,1890,0,0,0,1890
03/18/2023,DFW,TX,ASW,CE,Towers with Radar,1725,37,10,0,1772,0,0,0,0,0,1725,37,10,0,1772,0,0,0,1772
03/19/2023,DFW,TX,ASW,CE,Towers with Radar,1786,43,12,0,1841,0,5,0,6,11,1786,48,12,6,1852,0,0,0,1852
03/20/2023,DFW,TX,ASW,CE,Towers with Radar,1803,55,8,0,1866,0,8,0,0,8,1803,63,8,0,1874,0,0,0,1874
03/21/2023,DFW,TX,ASW,CE,Towers with Radar,1709,59,30,0,1798,0,0,0,0,0,1709,59,30,0,1798,0,0,0,1798
03/22/2023,DFW,TX,ASW,CE,Towers with Radar,1714,54,18,0,1786,0,1,2,0,3,1714,55,20,0,1789,0,0,0,1789
03/23/2023,DFW,TX,ASW,CE,Towers with Radar,1816,61,23,0,1900,0,0,2,0,2,1816,61,25,0,1902,0,0,0,1902
03/24/2023,DFW,TX,ASW,CE,Towers with Radar,1740,47,12,0,1799,1,1,0,0,2,1741,48,12,0,1801,0,0,0,1801
03/25/2023,DFW,TX,ASW,CE,Towers with Radar,1754,38,5,0,1797,1,1,6,0,8,1755,39,11,0,1805,0,0,0,1805
03/26/2023,DFW,TX,ASW,CE,Towers with Radar,1764,25,15,0,1804,0,0,0,0,0,1764,25,15,0,1804,0,0,0,1804
03/27/2023,DFW,TX,ASW,CE,Towers with Radar,1811,59,7,0,1877,0,1,2,0,3,1811,60,9,0,1880,0,0,0,1880
03/28/2023,DFW,TX,ASW,CE,Towers with Radar,1762,49,17,0,1828,0,0,11,0,11,1762,49,28,0,1839,0,0,0,1839
03/29/2023,DFW,TX,ASW,CE,Towers with Radar,1709,44,11,0,1764,0,2,3,2,7,1709,46,14,2,1771,0,0,0,1771
03/30/2023,DFW,TX,ASW,CE,Towers with Radar,1836,58,17,0,1911,0,0,0,1,1,1836,58,17,1,1912,0,0,0,1912
03/31/2023,DFW,TX,ASW,CE,Towers with Radar,1801,54,18,0,1873,0,0,2,0,2,1801,54,20,0,1875,0,0,0,1875
04/01/2023,DFW,TX,ASW,CE,Towers with Radar,1704,41,10,2,1757,1,1,2,0,4,1705,42,12,2,1761,0,0,0,1761
04/02/2023,DFW,TX,ASW,CE,Towers with Radar,1591,33,22,0,1646,0,0,0,0,0,1591,33,22,0,1646,0,0,0,1646
04/03/2023,DFW,TX,ASW,CE,Towers with Radar,1815,51,23,0,1889,0,1,0,0,1,1815,52,23,0,1890,0,0,0,1890
04/04/2023,DFW,TX,ASW,CE,Towers with Radar,1709,51,16,0,1776,0,0,2,0,2,1709,51,18,0,1778,0,0,0,1778
04/05/2023,DFW,TX,ASW,CE,Towers with Radar,1732,54,16,0,1802,0,1,2,0,3,1732,55,18,0,1805,0,0,0,1805
04/06/2023,DFW,TX,ASW,CE,Towers with Radar,1865,62,17,1,1945,0,1,0,0,1,1865,63,17,1,1946,0,0,0,1946
04/07/2023,DFW,TX,ASW,CE,Towers with Radar,1831,50,10,0,1891,0,0,0,0,0,1831,50,10,0,1891,0,0,0,1891
04/08/2023,DFW,TX,ASW,CE,Towers with Radar,1573,43,3,0,1619,0,0,2,0,2,1573,43,5,0,1621,0,0,0,1621
04/09/2023,DFW,TX,ASW,CE,Towers with Radar,1559,29,5,0,1593,0,0,2,0,2,1559,29,7,0,1595,0,0,0,1595
04/10/2023,DFW,TX,ASW,CE,Towers with Radar,1821,55,10,1,1887,1,0,6,0,7,1822,55,16,1,1894,0,0,0,1894
04/11/2023,DFW,TX,ASW,CE,Towers with Radar,1732,54,20,0,1806,0,0,8,0,8,1732,54,28,0,1814,0,0,0,1814
04/12/2023,DFW,TX,ASW,CE,Towers with Radar,1814,48,13,0,1875,0,0,2,2,4,1814,48,15,2,1879,0,0,0,1879
04/13/2023,DFW,TX,ASW,CE,Towers with Radar,1858,64,17,1,1940,0,0,1,0,1,1858,64,18,1,1941,0,0,0,1941
04/14/2023,DFW,TX,ASW,CE,Towers with Radar,1833,61,9,0,1903,0,0,0,0,0,1833,61,9,0,1903,0,0,0,1903
04/15/2023,DFW,TX,ASW,CE,Towers with Radar,1755,47,10,0,1812,0,0,4,0,4,1755,47,14,0,1816,0,0,0,1816
04/16/2023,DFW,TX,ASW,CE,Towers with Radar,1801,35,9,0,1845,0,0,1,0,1,1801,35,10,0,1846,0,0,0,1846
04/17/2023,DFW,TX,ASW,CE,Towers with Radar,1821,43,9,0,1873,0,0,0,0,0,1821,43,9,0,1873,0,0,0,1873
04/18/2023,DFW,TX,ASW,CE,Towers with Radar,1734,60,24,0,1818,0,0,0,0,0,1734,60,24,0,1818,0,0,0,1818
04/19/2023,DFW,TX,ASW,CE,Towers with Radar,1815,58,21,0,1894,0,0,0,0,0,1815,58,21,0,1894,0,0,0,1894
04/20/2023,DFW,TX,ASW,CE,Towers with Radar,1515,49,20,1,1585,0,0,0,0,0,1515,49,20,1,1585,0,0,0,1585
04/21/2023,DFW,TX,ASW,CE,Towers with Radar,1841,50,16,0,1907,0,0,2,0,2,1841,50,18,0,1909,0,0,0,1909
04/22/2023,DFW,TX,ASW,CE,Towers with Radar,1780,40,8,0,1828,0,1,2,0,3,1780,41,10,0,1831,0,0,0,1831
04/23/2023,DFW,TX,ASW,CE,Towers with Radar,1803,29,11,0,1843,0,2,0,0,2,1803,31,11,0,1845,0,0,0,1845
04/24/2023,DFW,TX,ASW,CE,Towers with Radar,1829,56,18,0,1903,0,0,0,0,0,1829,56,18,0,1903,0,0,0,1903
04/25/2023,DFW,TX,ASW,CE,Towers with Radar,1746,48,13,1,1808,0,3,0,0,3,1746,51,13,1,1811,0,0,0,1811
04/26/2023,DFW,TX,ASW,CE,Towers with Radar,1472,34,13,0,1519,0,0,0,0,0,1472,34,13,0,1519,0,0,0,1519
04/27/2023,DFW,TX,ASW,CE,Towers with Radar,1869,60,6,0,1935,0,0,1,0,1,1869,60,7,0,1936,0,0,0,1936
04/28/2023,DFW,TX,ASW,CE,Towers with Radar,1712,45,18,0,1775,0,0,4,0,4,1712,45,22,0,1779,0,0,0,1779
04/29/2023,DFW,TX,ASW,CE,Towers with Radar,1779,38,3,0,1820,0,0,0,0,0,1779,38,3,0,1820,0,0,0,1820
04/30/2023,DFW,TX,ASW,CE,Towers with Radar,1771,33,14,0,1818,0,2,3,0,5,1771,35,17,0,1823,0,0,0,1823
05/01/2023,DFW,TX,ASW,CE,Towers with Radar,1828,48,2,0,1878,0,1,7,0,8,1828,49,9,0,1886,0,0,0,1886
05/02/2023,DFW,TX,ASW,CE,Towers with Radar,1731,55,12,0,1798,0,1,2,0,3,1731,56,14,0,1801,0,0,0,1801
05/03/2023,DFW,TX,ASW,CE,Towers with Radar,1818,51,15,2,1886,0,0,3,0,3,1818,51,18,2,1889,0,0,0,1889
05/04/2023,DFW,TX,ASW,CE,Towers with Radar,1865,47,22,0,1934,0,1,0,0,1,1865,48,22,0,1935,0,0,0,1935
05/05/2023,DFW,TX,ASW,CE,Towers with Radar,1824,50,8,1,1883,0,0,0,0,0,1824,50,8,1,1883,0,0,0,1883
05/06/2023,DFW,TX,ASW,CE,Towers with Radar,1715,36,1,1,1753,1,0,2,0,3,1716,36,3,1,1756,0,0,0,1756
05/07/2023,DFW,TX,ASW,CE,Towers with Radar,1805,32,14,0,1851,1,0,1,0,2,1806,32,15,0,1853,0,0,0,1853
05/08/2023,DFW,TX,ASW,CE,Towers with Radar,1853,38,21,0,1912,0,0,2,0,2,1853,38,23,0,1914,0,0,0,1914
05/09/2023,DFW,TX,ASW,CE,Towers with Radar,1792,47,13,0,1852,0,2,0,0,2,1792,49,13,0,1854,0,0,0,1854
05/10/2023,DFW,TX,ASW,CE,Towers with Radar,1830,42,9,0,1881,0,1,0,0,1,1830,43,9,0,1882,0,0,0,1882
05/11/2023,DFW,TX,ASW,CE,Towers with Radar,1874,59,14,0,1947,1,0,0,0,1,1875,59,14,0,1948,0,0,0,1948
05/12/2023,DFW,TX,ASW,CE,Towers with Radar,1860,64,16,1,1941,0,0,0,0,0,1860,64,16,1,1941,0,0,0,1941
05/13/2023,DFW,TX,ASW,CE,Towers with Radar,1768,34,17,0,1819,0,0,0,0,0,1768,34,17,0,1819,0,0,0,1819
05/14/2023,DFW,TX,ASW,CE,Towers with Radar,1786,23,7,0,1816,0,0,2,0,2,1786,23,9,0,1818,0,0,0,1818
05/15/2023,DFW,TX,ASW,CE,Towers with Radar,1818,55,4,2,1879,0,0,0,0,0,1818,55,4,2,1879,0,0,0,1879
05/16/2023,DFW,TX,ASW,CE,Towers with Radar,1818,66,16,0,1900,0,0,2,0,2,1818,66,18,0,1902,0,0,0,1902
05/17/2023,DFW,TX,ASW,CE,Towers with Radar,1842,47,16,0,1905,1,1,4,0,6,1843,48,20,0,1911,0,0,0,1911
05/18/2023,DFW,TX,ASW,CE,Towers with Radar,1883,53,19,4,1959,0,0,10,0,10,1883,53,29,4,1969,0,0,0,1969
05/19/2023,DFW,TX,ASW,CE,Towers with Radar,1538,54,5,0,1597,0,0,4,0,4,1538,54,9,0,1601,0,0,0,1601
05/20/2023,DFW,TX,ASW,CE,Towers with Radar,1744,45,8,0,1797,0,1,2,0,3,1744,46,10,0,1800,0,0,0,1800
05/21/2023,DFW,TX,ASW,CE,Towers with Radar,1810,32,15,0,1857,0,0,4,0,4,1810,32,19,0,1861,0,0,0,1861
05/22/2023,DFW,TX,ASW,CE,Towers with Radar,1833,45,14,0,1892,0,0,4,0,4,1833,45,18,0,1896,0,0,0,1896
05/23/2023,DFW,TX,ASW,CE,Towers with Radar,1793,40,15,0,1848,0,1,0,0,1,1793,41,15,0,1849,0,0,0,1849
05/24/2023,DFW,TX,ASW,CE,Towers with Radar,1853,54,17,1,1925,0,3,0,0,3,1853,57,17,1,1928,0,0,0,1928
05/25/2023,DFW,TX,ASW,CE,Towers with Radar,1903,50,10,0,1963,0,0,2,0,2,1903,50,12,0,1965,0,0,0,1965
05/26/2023,DFW,TX,ASW,CE,Towers with Radar,1878,51,9,0,1938,0,0,4,0,4,1878,51,13,0,1942,0,0,0,1942
05/27/2023,DFW,TX,ASW,CE,Towers with Radar,1628,38,3,0,1669,0,0,0,0,0,1628,38,3,0,1669,0,0,0,1669
05/28/2023,DFW,TX,ASW,CE,Towers with Radar,1627,24,15,0,1666,0,0,0,0,0,1627,24,15,0,1666,0,0,0,1666
05/29/2023,DFW,TX,ASW,CE,Towers with Radar,1824,29,4,0,1857,0,0,0,0,0,1824,29,4,0,1857,0,0,0,1857
05/30/2023,DFW,TX,ASW,CE,Towers with Radar,1726,46,5,0,1777,0,0,0,0,0,1726,46,5,0,1777,0,0,0,1777
05/31/2023,DFW,TX,ASW,CE,Towers with Radar,1895,52,10,0,1957,0,0,7,0,7,1895,52,17,0,1964,0,0,0,1964
06/01/2023,DFW,TX,ASW,CE,Towers with Radar,1985,46,9,0,2040,0,0,2,0,2,1985,46,11,0,2042,0,0,0,2042
06/02/2023,DFW,TX,ASW,CE,Towers with Radar,1988,40,14,0,2042,0,0,0,0,0,1988,40,14,0,2042,0,0,0,2042
06/03/2023,DFW,TX,ASW,CE,Towers with Radar,1884,36,8,0,1928,0,0,2,0,2,1884,36,10,0,1930,0,0,0,1930
06/04/2023,DFW,TX,ASW,CE,Towers with Radar,2004,27,18,2,2051,0,0,6,0,6,2004,27,24,2,2057,0,0,0,2057
06/05/2023,DFW,TX,ASW,CE,Towers with Radar,2001,54,10,0,2065,0,2,5,2,9,2001,56,15,2,2074,0,0,0,2074
06/06/2023,DFW,TX,ASW,CE,Towers with Radar,1877,45,19,0,1941,1,0,1,0,2,1878,45,20,0,1943,0,0,0,1943
06/07/2023,DFW,TX,ASW,CE,Towers with Radar,1959,46,15,2,2022,0,2,5,0,7,1959,48,20,2,2029,0,0,0,2029
06/08/2023,DFW,TX,ASW,CE,Towers with Radar,2040,53,13,0,2106,0,0,2,0,2,2040,53,15,0,2108,0,0,0,2108
06/09/2023,DFW,TX,ASW,CE,Towers with Radar,2025,56,12,0,2093,0,5,6,0,11,2025,61,18,0,2104,0,0,0,2104
06/10/2023,DFW,TX,ASW,CE,Towers with Radar,1829,42,10,0,1881,0,0,0,0,0,1829,42,10,0,1881,0,0,0,1881
06/11/2023,DFW,TX,ASW,CE,Towers with Radar,1774,26,13,0,1813,0,0,0,0,0,1774,26,13,0,1813,0,0,0,1813
06/12/2023,DFW,TX,ASW,CE,Towers with Radar,1983,38,13,0,2034,0,0,2,0,2,1983,38,15,0,2036,0,0,0,2036
06/13/2023,DFW,TX,ASW,CE,Towers with Radar,1943,60,15,0,2018,0,0,0,0,0,1943,60,15,0,2018,0,0,0,2018
06/14/2023,DFW,TX,ASW,CE,Towers with Radar,1947,58,10,0,2015,0,1,0,0,1,1947,59,10,0,2016,0,0,0,2016
06/15/2023,DFW,TX,ASW,CE,Towers with Radar,1967,67,13,0,2047,0,0,0,0,0,1967,67,13,0,2047,0,0,0,2047
06/16/2023,DFW,TX,ASW,CE,Towers with Radar,2041,51,16,0,2108,0,0,4,0,4,2041,51,20,0,2112,0,0,0,2112
06/17/2023,DFW,TX,ASW,CE,Towers with Radar,1894,44,5,0,1943,0,0,2,0,2,1894,44,7,0,1945,0,0,0,1945
06/18/2023,DFW,TX,ASW,CE,Towers with Radar,1963,29,21,2,2015,0,0,3,0,3,1963,29,24,2,2018,0,0,0,2018
06/19/2023,DFW,TX,ASW,CE,Towers with Radar,1978,47,13,0,2038,0,2,0,0,2,1978,49,13,0,2040,0,0,0,2040
06/20/2023,DFW,TX,ASW,CE,Towers with Radar,1901,58,12,2,1973,0,1,2,0,3,1901,59,14,2,1976,0,0,0,1976
06/21/2023,DFW,TX,ASW,CE,Towers with Radar,1881,43,23,0,1947,0,1,6,0,7,1881,44,29,0,1954,0,0,0,1954
06/22/2023,DFW,TX,ASW,CE,Towers with Radar,2006,56,13,0,2075,0,0,7,0,7,2006,56,20,0,2082,0,0,0,2082
06/23/2023,DFW,TX,ASW,CE,Towers with Radar,1984,49,7,0,2040,2,0,4,0,6,1986,49,11,0,2046,0,0,0,2046
06/24/2023,DFW,TX,ASW,CE,Towers with Radar,1915,42,10,0,1967,0,0,3,0,3,1915,42,13,0,1970,0,0,0,1970
06/25/2023,DFW,TX,ASW,CE,Towers with Radar,1912,25,14,0,1951,0,0,2,0,2,1912,25,16,0,1953,0,0,0,1953
06/26/2023,DFW,TX,ASW,CE,Towers with Radar,1961,49,22,0,2032,0,1,4,0,5,1961,50,26,0,2037,0,0,0,2037
06/27/2023,DFW,TX,ASW,CE,Towers with Radar,1891,54,22,0,1967,0,1,2,0,3,1891,55,24,0,1970,0,0,0,1970
06/28/2023,DFW,TX,ASW,CE,Towers with Radar,1935,49,21,0,2005,0,0,14,0,14,1935,49,35,0,2019,0,0,0,2019
06/29/2023,DFW,TX,ASW,CE,Towers with Radar,2016,48,13,0,2077,0,0,0,0,0,2016,48,13,0,2077,0,0,0,2077
06/30/2023,DFW,TX,ASW,CE,Towers with Radar,1987,58,5,0,2050,0,1,0,0,1,1987,59,5,0,2051,0,0,0,2051
07/01/2023,DFW,TX,ASW,CE,Towers with Radar,1894,40,12,0,1946,0,0,3,0,3,1894,40,15,0,1949,0,0,0,1949
07/02/2023,DFW,TX,ASW,CE,Towers with Radar,1901,23,11,0,1935,0,0,0,0,0,1901,23,11,0,1935,0,0,0,1935
07/03/2023,DFW,TX,ASW,CE,Towers with Radar,1756,33,5,0,1794,0,1,8,0,9,1756,34,13,0,1803,0,0,0,1803
07/04/2023,DFW,TX,ASW,CE,Towers with Radar,1699,19,8,1,1727,0,0,0,0,0,1699,19,8,1,1727,0,0,0,1727
07/05/2023,DFW,TX,ASW,CE,Towers with Radar,1966,39,11,0,2016,0,0,3,0,3,1966,39,14,0,2019,0,0,0,2019
07/06/2023,DFW,TX,ASW,CE,Towers with Radar,2040,51,11,0,2102,0,0,2,0,2,2040,51,13,0,2104,0,0,0,2104
07/07/2023,DFW,TX,ASW,CE,Towers with Radar,2041,43,17,0,2101,0,0,2,0,2,2041,43,19,0,2103,0,0,0,2103
07/08/2023,DFW,TX,ASW,CE,Towers with Radar,1943,38,3,0,1984,0,2,2,0,4,1943,40,5,0,1988,0,0,0,1988
07/09/2023,DFW,TX,ASW,CE,Towers with Radar,1945,33,13,0,1991,0,0,0,0,0,1945,33,13,0,1991,0,0,0,1991
07/10/2023,DFW,TX,ASW,CE,Towers with Radar,2022,56,12,0,2090,0,0,6,0,6,2022,56,18,0,2096,0,0,0,2096
07/11/2023,DFW,TX,ASW,CE,Towers with Radar,1979,49,12,0,2040,0,1,3,0,4,1979,50,15,0,2044,0,0,0,2044
07/12/2023,DFW,TX,ASW,CE,Towers with Radar,1987,54,3,0,2044,0,2,2,2,6,1987,56,5,2,2050,0,0,0,2050
07/13/2023,DFW,TX,ASW,CE,Towers with Radar,2071,56,10,0,2137,0,1,3,0,4,2071,57,13,0,2141,0,0,0,2141
07/14/2023,DFW,TX,ASW,CE,Towers with Radar,2025,41,11,0,2077,0,1,6,0,7,2025,42,17,0,2084,0,0,0,2084
07/15/2023,DFW,TX,ASW,CE,Towers with Radar,1931,41,4,0,1976,0,0,1,0,1,1931,41,5,0,1977,0,0,0,1977
07/16/2023,DFW,TX,ASW,CE,Towers with Radar,1891,30,13,0,1934,0,0,0,0,0,1891,30,13,0,1934,0,0,0,1934
07/17/2023,DFW,TX,ASW,CE,Towers with Radar,2000,44,15,0,2059,0,0,4,0,4,2000,44,19,0,2063,0,0,0,2063
07/18/2023,DFW,TX,ASW,CE,Towers with Radar,1966,48,12,0,2026,0,0,0,0,0,1966,48,12,0,2026,0,0,0,2026
07/19/2023,DFW,TX,ASW,CE,Towers with Radar,1987,52,23,0,2062,0,0,2,0,2,1987,52,25,0,2064,0,0,0,2064
07/20/2023,DFW,TX,ASW,CE,Towers with Radar,2049,61,11,0,2121,0,1,0,0,1,2049,62,11,0,2122,0,0,0,2122
07/21/2023,DFW,TX,ASW,CE,Towers with Radar,2043,48,11,0,2102,1,0,4,0,5,2044,48,15,0,2107,0,0,0,2107
07/22/2023,DFW,TX,ASW,CE,Towers with Radar,1957,31,9,0,1997,0,0,0,0,0,1957,31,9,0,1997,0,0,0,1997
07/23/2023,DFW,TX,ASW,CE,Towers with Radar,1980,26,20,0,2026,0,1,0,0,1,1980,27,20,0,2027,0,0,0,2027
07/24/2023,DFW,TX,ASW,CE,Towers with Radar,2008,30,7,0,2045,0,1,1,2,4,2008,31,8,2,2049,0,0,0,2049
07/25/2023,DFW,TX,ASW,CE,Towers with Radar,1963,46,10,0,2019,0,1,0,0,1,1963,47,10,0,2020,0,0,0,2020
07/26/2023,DFW,TX,ASW,CE,Towers with Radar,1988,51,15,0,2054,0,1,0,0,1,1988,52,15,0,2055,0,0,0,2055
07/27/2023,DFW,TX,ASW,CE,Towers with Radar,2042,49,8,0,2099,0,5,0,0,5,2042,54,8,0,2104,0,0,0,2104
07/28/2023,DFW,TX,ASW,CE,Towers with Radar,1995,45,11,0,2051,1,3,10,0,14,1996,48,21,0,2065,0,0,0,2065
07/29/2023,DFW,TX,ASW,CE,Towers with Radar,1942,32,10,0,1984,0,2,0,0,2,1942,34,10,0,1986,0,0,0,1986
07/30/2023,DFW,TX,ASW,CE,Towers with Radar,1989,24,12,0,2025,0,0,0,0,0,1989,24,12,0,2025,0,0,0,2025
07/31/2023,DFW,TX,ASW,CE,Towers with Radar,2022,40,15,0,2077,0,0,2,0,2,2022,40,17,0,2079,0,0,0,2079
08/01/2023,DFW,TX,ASW,CE,Towers with Radar,1958,43,12,0,2013,0,0,4,0,4,1958,43,16,0,2017,0,0,0,2017
08/02/2023,DFW,TX,ASW,CE,Towers with Radar,1976,49,17,0,2042,0,0,2,0,2,1976,49,19,0,2044,0,0,0,2044
08/03/2023,DFW,TX,ASW,CE,Towers with Radar,2055,48,4,0,2107,0,0,5,0,5,2055,48,9,0,2112,0,0,0,2112
08/04/2023,DFW,TX,ASW,CE,Towers with Radar,2016,51,9,0,2076,0,0,0,0,0,2016,51,9,0,2076,0,0,0,2076
08/05/2023,DFW,TX,ASW,CE,Towers with Radar,1961,37,12,0,2010,1,0,1,0,2,1962,37,13,0,2012,0,0,0,2012
08/06/2023,DFW,TX,ASW,CE,Towers with Radar,1984,30,3,0,2017,0,0,1,0,1,1984,30,4,0,2018,0,0,0,2018
08/07/2023,DFW,TX,ASW,CE,Towers with Radar,1979,40,11,0,2030,1,0,3,0,4,1980,40,14,0,2034,0,0,0,2034
08/08/2023,DFW,TX,ASW,CE,Towers with Radar,2018,42,16,0,2076,0,3,2,0,5,2018,45,18,0,2081,0,0,0,2081
08/09/2023,DFW,TX,ASW,CE,Towers with Radar,1933,45,17,2,1997,0,1,3,0,4,1933,46,20,2,2001,0,0,0,2001
08/10/2023,DFW,TX,ASW,CE,Towers with Radar,2033,46,13,0,2092,1,0,8,0,9,2034,46,21,0,2101,0,0,0,2101
08/11/2023,DFW,TX,ASW,CE,Towers with Radar,2008,37,12,0,2057,0,0,2,0,2,2008,37,14,0,2059,0,0,0,2059
08/12/2023,DFW,TX,ASW,CE,Towers with Radar,1981,45,9,0,2035,0,0,4,0,4,1981,45,13,0,2039,0,0,0,2039
08/13/2023,DFW,TX,ASW,CE,Towers with Radar,1972,33,8,0,2013,1,0,0,0,1,1973,33,8,0,2014,0,0,0,2014
08/14/2023,DFW,TX,ASW,CE,Towers with Radar,2015,53,12,0,2080,0,1,0,0,1,2015,54,12,0,2081,0,0,0,2081
08/15/2023,DFW,TX,ASW,CE,Towers with Radar,1970,49,10,0,2029,0,0,0,2,2,1970,49,10,2,2031,0,0,0,2031
08/16/2023,DFW,TX,ASW,CE,Towers with Radar,1994,41,18,0,2053,0,0,0,0,0,1994,41,18,0,2053,0,0,0,2053
08/17/2023,DFW,TX,ASW,CE,Towers with Radar,1982,48,9,0,2039,0,1,3,0,4,1982,49,12,0,2043,0,0,0,2043
08/18/2023,DFW,TX,ASW,CE,Towers with Radar,1979,47,6,0,2032,0,0,6,0,6,1979,47,12,0,2038,0,0,0,2038
08/19/2023,DFW,TX,ASW,CE,Towers with Radar,1923,34,4,0,1961,0,0,0,0,0,1923,34,4,0,1961,0,0,0,1961
08/20/2023,DFW,TX,ASW,CE,Towers with Radar,1942,18,12,0,1972,0,0,0,0,0,1942,18,12,0,1972,0,0,0,1972
08/21/2023,DFW,TX,ASW,CE,Towers with Radar,1971,45,8,0,2024,0,0,10,0,10,1971,45,18,0,2034,0,0,0,2034
08/22/2023,DFW,TX,ASW,CE,Towers with Radar,1980,54,12,0,2046,0,0,4,0,4,1980,54,16,0,2050,0,0,0,2050
08/23/2023,DFW,TX,ASW,CE,Towers with Radar,1985,49,18,0,2052,0,0,0,0,0,1985,49,18,0,2052,0,0,0,2052
08/24/2023,DFW,TX,ASW,CE,Towers with Radar,1978,48,9,0,2035,0,0,6,0,6,1978,48,15,0,2041,0,0,0,2041
08/25/2023,DFW,TX,ASW,CE,Towers with Radar,1981,50,9,0,2040,0,0,2,0,2,1981,50,11,0,2042,0,0,0,2042
08/26/2023,DFW,TX,ASW,CE,Towers with Radar,1886,28,10,0,1924,0,0,0,0,0,1886,28,10,0,1924,0,0,0,1924
08/27/2023,DFW,TX,ASW,CE,Towers with Radar,1884,26,10,0,1920,0,0,0,2,2,1884,26,10,2,1922,0,0,0,1922
08/28/2023,DFW,TX,ASW,CE,Towers with Radar,1987,42,4,0,2033,0,0,2,2,4,1987,42,6,2,2037,0,0,0,2037
08/29/2023,DFW,TX,ASW,CE,Towers with Radar,1959,52,11,0,2022,0,1,6,0,7,1959,53,17,0,2029,0,0,0,2029
08/30/2023,DFW,TX,ASW,CE,Towers with Radar,1958,47,22,0,2027,0,1,4,0,5,1958,48,26,0,2032,0,0,0,2032
08/31/2023,DFW,TX,ASW,CE,Towers with Radar,1997,53,10,0,2060,0,1,5,0,6,1997,54,15,0,2066,0,0,0,2066
