01/01/2020,DHN,AL,ASO,ES,Federal Contract Tower,4,1,9,0,14,0,0,6,0,6,4,1,15,0,20,4,0,4,24
01/02/2020,DHN,AL,ASO,ES,Federal Contract Tower,5,0,23,0,28,0,0,11,8,19,5,0,34,8,47,14,0,14,61
01/03/2020,DHN,AL,ASO,ES,Federal Contract Tower,4,5,3,2,14,0,0,6,0,6,4,5,9,2,20,10,0,10,30
01/04/2020,DHN,AL,ASO,ES,Federal Contract Tower,4,2,24,0,30,0,0,3,0,3,4,2,27,0,33,0,0,0,33
01/05/2020,DHN,AL,ASO,ES,Federal Contract Tower,7,0,5,0,12,0,0,35,0,35,7,0,40,0,47,16,0,16,63
01/06/2020,DHN,AL,ASO,ES,Federal Contract Tower,6,2,31,27,66,0,0,50,34,84,6,2,81,61,150,66,230,296,446
01/07/2020,DHN,AL,ASO,ES,Federal Contract Tower,7,0,28,45,80,0,2,37,31,70,7,2,65,76,150,30,202,232,382
01/08/2020,DHN,AL,ASO,ES,Federal Contract Tower,7,1,28,57,93,0,0,47,33,80,7,1,75,90,173,20,182,202,375
01/09/2020,DHN,AL,ASO,ES,Federal Contract Tower,7,5,49,60,121,0,0,34,26,60,7,5,83,86,181,42,108,150,331
01/10/2020,DHN,AL,ASO,ES,Federal Contract Tower,10,0,28,92,130,0,0,33,27,60,10,0,61,119,190,38,190,228,418
01/11/2020,DHN,AL,ASO,ES,Federal Contract Tower,5,2,4,0,11,0,0,0,0,0,5,2,4,0,11,0,0,0,11
01/12/2020,DHN,AL,ASO,ES,Federal Contract Tower,6,0,33,21,60,0,0,2,1,3,6,0,35,22,63,0,0,0,63
01/13/2020,DHN,AL,ASO,ES,Federal Contract Tower,7,2,29,58,96,0,0,12,11,23,7,2,41,69,119,28,68,96,215
01/14/2020,DHN,AL,ASO,ES,Federal Contract Tower,6,1,31,133,171,0,0,11,26,37,6,1,42,159,208,36,86,122,330
01/15/2020,DHN,AL,ASO,ES,Federal Contract Tower,7,0,30,94,131,0,0,3,10,13,7,0,33,104,144,12,150,162,306
01/16/2020,DHN,AL,ASO,ES,Federal Contract Tower,7,2,29,96,134,0,0,2,16,18,7,2,31,112,152,2,154,156,308
01/17/2020,DHN,AL,ASO,ES,Federal Contract Tower,6,3,26,86,121,0,0,15,28,43,6,3,41,114,164,22,206,228,392
01/18/2020,DHN,AL,ASO,ES,Federal Contract Tower,5,0,18,0,23,0,0,4,0,4,5,0,22,0,27,16,0,16,43
01/19/2020,DHN,AL,ASO,ES,Federal Contract Tower,5,1,18,28,52,0,0,4,6,10,5,1,22,34,62,0,0,0,62
01/20/2020,DHN,AL,ASO,ES,Federal Contract Tower,7,3,10,8,28,0,0,14,4,18,7,3,24,12,46,14,8,22,68
01/21/2020,DHN,AL,ASO,ES,Federal Contract Tower,6,4,23,53,86,0,0,14,26,40,6,4,37,79,126,0,132,132,258
01/22/2020,DHN,AL,ASO,ES,Federal Contract Tower,7,2,23,43,75,0,0,21,37,58,7,2,44,80,133,20,156,176,309
01/23/2020,DHN,AL,ASO,ES,Federal Contract Tower,7,3,30,47,87,0,0,10,6,16,7,3,40,53,103,28,58,86,189
01/24/2020,DHN,AL,ASO,ES,Federal Contract Tower,6,4,19,40,69,0,0,6,27,33,6,4,25,67,102,10,40,50,152
01/25/2020,DHN,AL,ASO,ES,Federal Contract Tower,5,0,9,8,22,0,0,19,1,20,5,0,28,9,42,9,0,9,51
01/26/2020,DHN,AL,ASO,ES,Federal Contract Tower,6,2,14,23,45,0,0,13,2,15,6,2,27,25,60,38,0,38,98
01/27/2020,DHN,AL,ASO,ES,Federal Contract Tower,7,3,35,37,82,0,0,7,11,18,7,3,42,48,100,76,42,118,218
01/28/2020,DHN,AL,ASO,ES,Federal Contract Tower,7,2,24,48,81,0,0,33,24,57,7,2,57,72,138,40,84,124,262
01/29/2020,DHN,AL,ASO,ES,Federal Contract Tower,8,7,23,60,98,0,0,30,18,48,8,7,53,78,146,20,56,76,222
01/30/2020,DHN,AL,ASO,ES,Federal Contract Tower,7,7,29,78,121,0,0,38,22,60,7,7,67,100,181,4,80,84,265
01/31/2020,DHN,AL,ASO,ES,Federal Contract Tower,8,2,40,45,95,0,0,0,3,3,8,2,40,48,98,0,0,0,98
02/01/2020,DHN,AL,ASO,ES,Federal Contract Tower,5,3,11,0,19,0,0,0,7,7,5,3,11,7,26,0,0,0,26
02/02/2020,DHN,AL,ASO,ES,Federal Contract Tower,4,2,21,0,27,0,0,38,0,38,4,2,59,0,65,28,0,28,93
02/03/2020,DHN,AL,ASO,ES,Federal Contract Tower,7,6,39,62,114,0,0,44,22,66,7,6,83,84,180,0,118,118,298
02/04/2020,DHN,AL,ASO,ES,Federal Contract Tower,7,2,37,69,115,0,0,35,16,51,7,2,72,85,166,0,96,96,262
02/05/2020,DHN,AL,ASO,ES,Federal Contract Tower,7,3,31,25,66,0,0,6,0,6,7,3,37,25,72,0,20,20,92
02/06/2020,DHN,AL,ASO,ES,Federal Contract Tower,3,2,8,0,13,0,0,0,0,0,3,2,8,0,13,0,0,0,13
02/07/2020,DHN,AL,ASO,ES,Federal Contract Tower,9,7,24,56,96,0,0,32,26,58,9,7,56,82,154,76,88,164,318
02/08/2020,DHN,AL,ASO,ES,Federal Contract Tower,5,0,16,0,21,0,1,27,0,28,5,1,43,0,49,16,0,16,65
02/09/2020,DHN,AL,ASO,ES,Federal Contract Tower,6,2,15,44,67,0,0,35,3,38,6,2,50,47,105,6,16,22,127
02/10/2020,DHN,AL,ASO,ES,Federal Contract Tower,6,0,21,45,72,0,0,19,29,48,6,0,40,74,120,6,168,174,294
02/11/2020,DHN,AL,ASO,ES,Federal Contract Tower,7,0,32,73,112,0,0,14,16,30,7,0,46,89,142,0,86,86,228
02/12/2020,DHN,AL,ASO,ES,Federal Contract Tower,7,2,47,60,116,0,0,13,5,18,7,2,60,65,134,36,100,136,270
02/13/2020,DHN,AL,ASO,ES,Federal Contract Tower,8,3,25,49,85,0,0,2,18,20,8,3,27,67,105,28,94,122,227
02/14/2020,DHN,AL,ASO,ES,Federal Contract Tower,8,4,19,48,79,0,0,53,37,90,8,4,72,85,169,2,180,182,351
02/15/2020,DHN,AL,ASO,ES,Federal Contract Tower,5,0,12,3,20,0,0,33,0,33,5,0,45,3,53,62,6,68,121
02/16/2020,DHN,AL,ASO,ES,Federal Contract Tower,4,3,15,0,22,0,0,0,0,0,4,3,15,0,22,0,0,0,22
02/17/2020,DHN,AL,ASO,ES,Federal Contract Tower,8,2,14,0,24,0,0,0,0,0,8,2,14,0,24,0,0,0,24
02/18/2020,DHN,AL,ASO,ES,Federal Contract Tower,6,2,39,30,77,0,0,5,11,16,6,2,44,41,93,8,74,82,175
02/19/2020,DHN,AL,ASO,ES,Federal Contract Tower,7,2,25,70,104,0,0,21,38,59,7,2,46,108,163,116,236,352,515
02/20/2020,DHN,AL,ASO,ES,Federal Contract Tower,7,5,8,2,22,0,0,0,0,0,7,5,8,2,22,0,0,0,22
02/21/2020,DHN,AL,ASO,ES,Federal Contract Tower,8,2,53,36,99,0,0,38,36,74,8,2,91,72,173,40,136,176,349
02/22/2020,DHN,AL,ASO,ES,Federal Contract Tower,5,1,12,3,21,0,0,54,2,56,5,1,66,5,77,76,0,76,153
02/23/2020,DHN,AL,ASO,ES,Federal Contract Tower,6,1,16,20,43,0,6,48,2,56,6,7,64,22,99,48,18,66,165
02/24/2020,DHN,AL,ASO,ES,Federal Contract Tower,8,3,32,90,133,3,4,15,29,51,11,7,47,119,184,4,146,150,334
02/25/2020,DHN,AL,ASO,ES,Federal Contract Tower,7,2,34,65,108,0,1,5,15,21,7,3,39,80,129,0,98,98,227
02/26/2020,DHN,AL,ASO,ES,Federal Contract Tower,7,0,35,62,104,0,0,38,30,68,7,0,73,92,172,30,160,190,362
02/27/2020,DHN,AL,ASO,ES,Federal Contract Tower,7,2,34,57,100,0,0,42,24,66,7,2,76,81,166,16,172,188,354
02/28/2020,DHN,AL,ASO,ES,Federal Contract Tower,6,2,31,83,122,0,0,39,21,60,6,2,70,104,182,10,130,140,322
02/29/2020,DHN,AL,ASO,ES,Federal Contract Tower,4,2,9,11,26,0,0,38,1,39,4,2,47,12,65,74,0,74,139
03/01/2020,DHN,AL,ASO,ES,Federal Contract Tower,6,3,17,24,50,0,0,45,4,49,6,3,62,28,99,64,0,64,163
03/02/2020,DHN,AL,ASO,ES,Federal Contract Tower,7,3,28,61,99,0,0,22,28,50,7,3,50,89,149,72,110,182,331
03/03/2020,DHN,AL,ASO,ES,Federal Contract Tower,7,1,51,66,125,0,0,15,24,39,7,1,66,90,164,14,48,62,226
03/04/2020,DHN,AL,ASO,ES,Federal Contract Tower,7,2,14,0,23,0,0,0,0,0,7,2,14,0,23,0,0,0,23
03/05/2020,DHN,AL,ASO,ES,Federal Contract Tower,7,6,32,57,102,0,0,0,0,0,7,6,32,57,102,0,0,0,102
03/06/2020,DHN,AL,ASO,ES,Federal Contract Tower,6,3,35,44,88,0,0,47,20,67,6,3,82,64,155,62,106,168,323
03/07/2020,DHN,AL,ASO,ES,Federal Contract Tower,5,0,21,24,50,0,0,28,4,32,5,0,49,28,82,16,0,16,98
03/08/2020,DHN,AL,ASO,ES,Federal Contract Tower,7,0,20,26,53,0,0,18,2,20,7,0,38,28,73,36,0,36,109
03/09/2020,DHN,AL,ASO,ES,Federal Contract Tower,8,2,25,34,69,0,0,49,16,65,8,2,74,50,134,152,88,240,374
03/10/2020,DHN,AL,ASO,ES,Federal Contract Tower,7,1,26,76,110,0,0,43,15,58,7,1,69,91,168,120,92,212,380
03/11/2020,DHN,AL,ASO,ES,Federal Contract Tower,7,0,56,63,126,0,0,35,29,64,7,0,91,92,190,42,118,160,350
03/12/2020,DHN,AL,ASO,ES,Federal Contract Tower,7,3,29,68,107,0,0,29,30,59,7,3,58,98,166,29,117,146,312
03/13/2020,DHN,AL,ASO,ES,Federal Contract Tower,7,2,35,64,108,0,0,29,22,51,7,2,64,86,159,42,70,112,271
03/14/2020,DHN,AL,ASO,ES,Federal Contract Tower,5,0,13,0,18,0,0,23,0,23,5,0,36,0,41,36,0,36,77
03/15/2020,DHN,AL,ASO,ES,Federal Contract Tower,7,0,14,23,44,0,0,21,1,22,7,0,35,24,66,30,8,38,104
03/16/2020,DHN,AL,ASO,ES,Federal Contract Tower,7,2,16,59,84,0,0,29,30,59,7,2,45,89,143,36,156,192,335
03/17/2020,DHN,AL,ASO,ES,Federal Contract Tower,7,1,9,58,75,7,0,32,16,55,14,1,41,74,130,62,122,184,314
03/18/2020,DHN,AL,ASO,ES,Federal Contract Tower,7,2,11,45,65,0,0,33,24,57,7,2,44,69,122,2,74,76,198
03/19/2020,DHN,AL,ASO,ES,Federal Contract Tower,7,4,19,72,102,0,0,17,30,47,7,4,36,102,149,12,178,190,339
03/20/2020,DHN,AL,ASO,ES,Federal Contract Tower,4,2,9,68,83,0,0,7,19,26,4,2,16,87,109,24,92,116,225
03/21/2020,DHN,AL,ASO,ES,Federal Contract Tower,4,4,17,0,25,0,0,4,0,4,4,4,21,0,29,32,0,32,61
03/22/2020,DHN,AL,ASO,ES,Federal Contract Tower,6,0,11,4,21,0,0,9,0,9,6,0,20,4,30,46,0,46,76
03/23/2020,DHN,AL,ASO,ES,Federal Contract Tower,3,2,5,62,72,0,0,2,3,5,3,2,7,65,77,0,58,58,135
03/24/2020,DHN,AL,ASO,ES,Federal Contract Tower,4,0,9,78,91,0,0,2,40,42,4,0,11,118,133,0,140,140,273
03/25/2020,DHN,AL,ASO,ES,Federal Contract Tower,5,2,14,83,104,0,0,31,41,72,5,2,45,124,176,48,188,236,412
03/26/2020,DHN,AL,ASO,ES,Federal Contract Tower,5,6,13,31,55,0,0,35,29,64,5,6,48,60,119,18,228,246,365
03/27/2020,DHN,AL,ASO,ES,Federal Contract Tower,4,2,14,64,84,0,0,23,20,43,4,2,37,84,127,34,62,96,223
03/28/2020,DHN,AL,ASO,ES,Federal Contract Tower,5,2,5,17,29,0,0,15,2,17,5,2,20,19,46,54,0,54,100
03/29/2020,DHN,AL,ASO,ES,Federal Contract Tower,3,2,11,7,23,0,0,21,0,21,3,2,32,7,44,30,0,30,74
03/30/2020,DHN,AL,ASO,ES,Federal Contract Tower,3,2,21,39,65,0,0,20,28,48,3,2,41,67,113,16,102,118,231
03/31/2020,DHN,AL,ASO,ES,Federal Contract Tower,3,0,28,34,65,0,0,3,20,23,3,0,31,54,88,2,100,102,190
04/01/2020,DHN,AL,ASO,ES,Federal Contract Tower,3,1,9,68,81,0,0,30,54,84,3,1,39,122,165,36,210,246,411
04/02/2020,DHN,AL,ASO,ES,Federal Contract Tower,4,3,7,57,71,0,0,36,27,63,4,3,43,84,134,52,200,252,386
04/03/2020,DHN,AL,ASO,ES,Federal Contract Tower,4,4,20,30,58,0,0,17,34,51,4,4,37,64,109,36,158,194,303
04/04/2020,DHN,AL,ASO,ES,Federal Contract Tower,4,1,25,0,30,0,0,10,0,10,4,1,35,0,40,30,4,34,74
04/05/2020,DHN,AL,ASO,ES,Federal Contract Tower,2,0,10,2,14,0,0,13,0,13,2,0,23,2,27,14,0,14,41
04/06/2020,DHN,AL,ASO,ES,Federal Contract Tower,1,2,22,30,55,0,0,30,15,45,1,2,52,45,100,110,82,192,292
04/07/2020,DHN,AL,ASO,ES,Federal Contract Tower,4,0,17,15,36,0,0,17,40,57,4,0,34,55,93,12,150,162,255
04/08/2020,DHN,AL,ASO,ES,Federal Contract Tower,4,2,14,26,46,0,0,5,12,17,4,2,19,38,63,8,88,96,159
04/09/2020,DHN,AL,ASO,ES,Federal Contract Tower,4,4,17,64,89,1,0,9,37,47,5,4,26,101,136,8,180,188,324
04/10/2020,DHN,AL,ASO,ES,Federal Contract Tower,3,2,3,17,25,0,0,13,30,43,3,2,16,47,68,0,172,172,240
04/11/2020,DHN,AL,ASO,ES,Federal Contract Tower,4,2,13,0,19,0,0,18,0,18,4,2,31,0,37,24,0,24,61
04/12/2020,DHN,AL,ASO,ES,Federal Contract Tower,3,0,0,0,3,0,0,0,0,0,3,0,0,0,3,0,0,0,3
04/13/2020,DHN,AL,ASO,ES,Federal Contract Tower,5,2,17,19,43,0,0,41,42,83,5,2,58,61,126,58,164,222,348
04/14/2020,DHN,AL,ASO,ES,Federal Contract Tower,2,2,12,35,51,0,0,29,46,75,2,2,41,81,126,52,216,268,394
04/15/2020,DHN,AL,ASO,ES,Federal Contract Tower,2,0,10,22,34,0,0,31,44,75,2,0,41,66,109,18,218,236,345
04/16/2020,DHN,AL,ASO,ES,Federal Contract Tower,1,2,8,46,57,0,0,31,21,52,1,2,39,67,109,20,136,156,265
04/17/2020,DHN,AL,ASO,ES,Federal Contract Tower,2,2,14,13,31,0,0,30,31,61,2,2,44,44,92,2,152,154,246
04/18/2020,DHN,AL,ASO,ES,Federal Contract Tower,2,0,7,0,9,0,0,4,3,7,2,0,11,3,16,22,2,24,40
04/19/2020,DHN,AL,ASO,ES,Federal Contract Tower,2,0,0,0,2,0,0,0,0,0,2,0,0,0,2,0,0,0,2
04/20/2020,DHN,AL,ASO,ES,Federal Contract Tower,2,2,26,52,82,0,4,21,18,43,2,6,47,70,125,14,68,82,207
04/21/2020,DHN,AL,ASO,ES,Federal Contract Tower,2,2,13,75,92,0,0,22,32,54,2,2,35,107,146,18,182,200,346
04/22/2020,DHN,AL,ASO,ES,Federal Contract Tower,4,0,17,14,35,0,0,38,27,65,4,0,55,41,100,62,90,152,252
04/23/2020,DHN,AL,ASO,ES,Federal Contract Tower,4,4,0,0,8,0,0,0,0,0,4,4,0,0,8,0,0,0,8
04/24/2020,DHN,AL,ASO,ES,Federal Contract Tower,2,2,23,42,69,0,0,44,18,62,2,2,67,60,131,100,84,184,315
04/25/2020,DHN,AL,ASO,ES,Federal Contract Tower,3,0,14,0,17,0,0,15,0,15,3,0,29,0,32,32,0,32,64
04/26/2020,DHN,AL,ASO,ES,Federal Contract Tower,1,0,4,6,11,0,0,3,1,4,1,0,7,7,15,4,12,16,31
04/27/2020,DHN,AL,ASO,ES,Federal Contract Tower,3,2,6,41,52,0,0,32,22,54,3,2,38,63,106,22,186,208,314
04/28/2020,DHN,AL,ASO,ES,Federal Contract Tower,1,0,17,76,94,0,0,22,8,30,1,0,39,84,124,46,96,142,266
04/29/2020,DHN,AL,ASO,ES,Federal Contract Tower,2,0,13,16,31,0,0,7,7,14,2,0,20,23,45,60,80,140,185
04/30/2020,DHN,AL,ASO,ES,Federal Contract Tower,2,2,12,57,73,0,0,20,29,49,2,2,32,86,122,18,220,238,360
05/01/2020,DHN,AL,ASO,ES,Federal Contract Tower,2,6,12,52,72,0,0,33,17,50,2,6,45,69,122,56,90,146,268
05/02/2020,DHN,AL,ASO,ES,Federal Contract Tower,1,0,12,11,24,0,0,16,1,17,1,0,28,12,41,34,0,34,75
05/03/2020,DHN,AL,ASO,ES,Federal Contract Tower,2,1,5,6,14,0,1,17,0,18,2,2,22,6,32,54,0,54,86
05/04/2020,DHN,AL,ASO,ES,Federal Contract Tower,2,2,12,16,32,0,0,24,20,44,2,2,36,36,76,24,140,164,240
05/05/2020,DHN,AL,ASO,ES,Federal Contract Tower,3,1,10,40,54,0,0,27,16,43,3,1,37,56,97,2,96,98,195
05/06/2020,DHN,AL,ASO,ES,Federal Contract Tower,2,3,10,65,80,0,0,21,24,45,2,3,31,89,125,14,70,84,209
05/07/2020,DHN,AL,ASO,ES,Federal Contract Tower,1,3,16,71,91,0,0,32,27,59,1,3,48,98,150,66,82,148,298
05/08/2020,DHN,AL,ASO,ES,Federal Contract Tower,2,3,7,56,68,0,0,14,31,45,2,3,21,87,113,4,98,102,215
05/09/2020,DHN,AL,ASO,ES,Federal Contract Tower,2,1,8,7,18,0,0,16,6,22,2,1,24,13,40,38,0,38,78
05/10/2020,DHN,AL,ASO,ES,Federal Contract Tower,2,0,7,4,13,0,0,17,4,21,2,0,24,8,34,44,12,56,90
05/11/2020,DHN,AL,ASO,ES,Federal Contract Tower,2,2,13,38,55,0,0,26,26,52,2,2,39,64,107,18,104,122,229
05/12/2020,DHN,AL,ASO,ES,Federal Contract Tower,2,2,10,78,92,0,0,31,23,54,2,2,41,101,146,36,112,148,294
05/13/2020,DHN,AL,ASO,ES,Federal Contract Tower,2,1,12,92,107,0,0,29,26,55,2,1,41,118,162,8,112,120,282
05/14/2020,DHN,AL,ASO,ES,Federal Contract Tower,2,2,17,96,117,0,0,20,34,54,2,2,37,130,171,10,88,98,269
05/15/2020,DHN,AL,ASO,ES,Federal Contract Tower,2,4,6,52,64,0,0,20,36,56,2,4,26,88,120,8,116,124,244
05/16/2020,DHN,AL,ASO,ES,Federal Contract Tower,1,2,0,19,22,0,0,15,0,15,1,2,15,19,37,20,0,20,57
05/17/2020,DHN,AL,ASO,ES,Federal Contract Tower,2,2,8,23,35,0,0,7,0,7,2,2,15,23,42,26,0,26,68
05/18/2020,DHN,AL,ASO,ES,Federal Contract Tower,2,4,12,57,75,0,0,7,17,24,2,4,19,74,99,4,70,74,173
05/19/2020,DHN,AL,ASO,ES,Federal Contract Tower,1,0,8,78,87,0,0,33,26,59,1,0,41,104,146,36,142,178,324
05/20/2020,DHN,AL,ASO,ES,Federal Contract Tower,2,0,40,72,114,0,0,22,14,36,2,0,62,86,150,62,72,134,284
05/21/2020,DHN,AL,ASO,ES,Federal Contract Tower,2,4,27,43,76,0,0,18,9,27,2,4,45,52,103,40,86,126,229
05/22/2020,DHN,AL,ASO,ES,Federal Contract Tower,1,2,29,42,74,0,0,11,7,18,1,2,40,49,92,8,10,18,110
05/23/2020,DHN,AL,ASO,ES,Federal Contract Tower,5,0,22,0,27,0,0,17,0,17,5,0,39,0,44,52,0,52,96
05/24/2020,DHN,AL,ASO,ES,Federal Contract Tower,2,1,4,0,7,0,0,7,0,7,2,1,11,0,14,14,0,14,28
05/25/2020,DHN,AL,ASO,ES,Federal Contract Tower,2,1,8,0,11,0,0,14,0,14,2,1,22,0,25,0,0,0,25
05/26/2020,DHN,AL,ASO,ES,Federal Contract Tower,2,7,18,27,54,0,0,10,15,25,2,7,28,42,79,8,58,66,145
05/27/2020,DHN,AL,ASO,ES,Federal Contract Tower,1,0,41,50,92,0,0,8,19,27,1,0,49,69,119,6,50,56,175
05/28/2020,DHN,AL,ASO,ES,Federal Contract Tower,2,4,37,45,88,0,1,45,15,61,2,5,82,60,149,28,60,88,237
05/29/2020,DHN,AL,ASO,ES,Federal Contract Tower,4,3,31,48,86,0,1,32,20,53,4,4,63,68,139,44,128,172,311
05/30/2020,DHN,AL,ASO,ES,Federal Contract Tower,2,0,21,17,40,0,0,13,0,13,2,0,34,17,53,32,0,32,85
05/31/2020,DHN,AL,ASO,ES,Federal Contract Tower,2,0,14,18,34,0,0,17,1,18,2,0,31,19,52,28,0,28,80
06/01/2020,DHN,AL,ASO,ES,Federal Contract Tower,1,2,20,22,45,0,0,31,21,52,1,2,51,43,97,40,58,98,195
06/02/2020,DHN,AL,ASO,ES,Federal Contract Tower,2,0,34,57,93,0,0,15,1,16,2,0,49,58,109,70,4,74,183
06/03/2020,DHN,AL,ASO,ES,Federal Contract Tower,2,0,16,59,77,0,0,49,36,85,2,0,65,95,162,96,82,178,340
06/04/2020,DHN,AL,ASO,ES,Federal Contract Tower,2,2,36,67,107,0,0,42,8,50,2,2,78,75,157,30,22,52,209
06/05/2020,DHN,AL,ASO,ES,Federal Contract Tower,2,3,27,56,88,0,0,33,30,63,2,3,60,86,151,38,158,196,347
06/06/2020,DHN,AL,ASO,ES,Federal Contract Tower,2,1,4,0,7,0,0,7,0,7,2,1,11,0,14,4,0,4,18
06/07/2020,DHN,AL,ASO,ES,Federal Contract Tower,2,2,0,0,4,0,0,0,0,0,2,2,0,0,4,2,0,2,6
06/08/2020,DHN,AL,ASO,ES,Federal Contract Tower,2,2,23,57,84,0,0,11,16,27,2,2,34,73,111,2,48,50,161
06/09/2020,DHN,AL,ASO,ES,Federal Contract Tower,2,0,16,44,62,0,0,0,2,2,2,0,16,46,64,0,8,8,72
06/10/2020,DHN,AL,ASO,ES,Federal Contract Tower,2,3,23,59,87,0,0,29,25,54,2,3,52,84,141,76,136,212,353
06/11/2020,DHN,AL,ASO,ES,Federal Contract Tower,1,2,23,92,118,0,0,35,49,84,1,2,58,141,202,30,272,302,504
06/12/2020,DHN,AL,ASO,ES,Federal Contract Tower,2,2,17,49,70,0,1,51,39,91,2,3,68,88,161,102,188,290,451
06/13/2020,DHN,AL,ASO,ES,Federal Contract Tower,2,3,13,2,20,0,0,11,0,11,2,3,24,2,31,32,0,32,63
06/14/2020,DHN,AL,ASO,ES,Federal Contract Tower,2,1,14,4,21,0,0,12,0,12,2,1,26,4,33,44,4,48,81
06/15/2020,DHN,AL,ASO,ES,Federal Contract Tower,2,2,9,48,61,0,0,28,42,70,2,2,37,90,131,22,204,226,357
06/16/2020,DHN,AL,ASO,ES,Federal Contract Tower,2,0,27,61,90,0,0,24,34,58,2,0,51,95,148,40,130,170,318
06/17/2020,DHN,AL,ASO,ES,Federal Contract Tower,2,1,17,39,59,0,0,63,38,101,2,1,80,77,160,108,214,322,482
06/18/2020,DHN,AL,ASO,ES,Federal Contract Tower,2,8,18,38,66,0,0,42,42,84,2,8,60,80,150,62,164,226,376
06/19/2020,DHN,AL,ASO,ES,Federal Contract Tower,2,3,21,33,59,0,0,37,31,68,2,3,58,64,127,27,124,151,278
06/20/2020,DHN,AL,ASO,ES,Federal Contract Tower,2,1,16,6,25,0,0,21,0,21,2,1,37,6,46,34,0,34,80
06/21/2020,DHN,AL,ASO,ES,Federal Contract Tower,2,1,6,5,14,0,0,10,1,11,2,1,16,6,25,8,0,8,33
06/22/2020,DHN,AL,ASO,ES,Federal Contract Tower,2,8,21,43,74,0,0,34,14,48,2,8,55,57,122,46,32,78,200
06/23/2020,DHN,AL,ASO,ES,Federal Contract Tower,2,5,40,17,64,0,0,41,13,54,2,5,81,30,118,70,18,88,206
06/24/2020,DHN,AL,ASO,ES,Federal Contract Tower,2,0,45,13,60,0,0,48,21,69,2,0,93,34,129,86,112,198,327
06/25/2020,DHN,AL,ASO,ES,Federal Contract Tower,2,4,32,28,66,0,0,28,7,35,2,4,60,35,101,32,104,136,237
06/26/2020,DHN,AL,ASO,ES,Federal Contract Tower,2,5,39,16,62,0,0,28,15,43,2,5,67,31,105,42,114,156,261
06/27/2020,DHN,AL,ASO,ES,Federal Contract Tower,2,0,16,5,23,0,0,8,1,9,2,0,24,6,32,6,0,6,38
06/28/2020,DHN,AL,ASO,ES,Federal Contract Tower,2,3,14,11,30,0,0,19,3,22,2,3,33,14,52,12,0,12,64
06/29/2020,DHN,AL,ASO,ES,Federal Contract Tower,2,2,12,58,74,0,0,39,10,49,2,2,51,68,123,40,28,68,191
06/30/2020,DHN,AL,ASO,ES,Federal Contract Tower,1,2,31,67,101,0,0,37,26,63,1,2,68,93,164,28,98,126,290
07/01/2020,DHN,AL,ASO,ES,Federal Contract Tower,2,0,15,27,44,0,0,20,17,37,2,0,35,44,81,10,96,106,187
07/02/2020,DHN,AL,ASO,ES,Federal Contract Tower,2,0,11,84,97,0,0,26,27,53,2,0,37,111,150,26,172,198,348
07/03/2020,DHN,AL,ASO,ES,Federal Contract Tower,2,0,13,0,15,0,0,7,0,7,2,0,20,0,22,10,0,10,32
07/04/2020,DHN,AL,ASO,ES,Federal Contract Tower,2,2,5,0,9,0,0,4,0,4,2,2,9,0,13,0,0,0,13
07/05/2020,DHN,AL,ASO,ES,Federal Contract Tower,2,2,5,0,9,0,0,2,0,2,2,2,7,0,11,4,0,4,15
07/06/2020,DHN,AL,ASO,ES,Federal Contract Tower,2,2,17,4,25,0,0,0,0,0,2,2,17,4,25,0,0,0,25
07/07/2020,DHN,AL,ASO,ES,Federal Contract Tower,2,4,18,54,78,0,0,4,22,26,2,4,22,76,104,0,142,142,246
07/08/2020,DHN,AL,ASO,ES,Federal Contract Tower,2,2,38,76,118,0,0,14,18,32,2,2,52,94,150,12,78,90,240
07/09/2020,DHN,AL,ASO,ES,Federal Contract Tower,2,5,17,71,95,0,0,27,15,42,2,5,44,86,137,40,82,122,259
07/10/2020,DHN,AL,ASO,ES,Federal Contract Tower,2,2,11,79,94,0,0,47,16,63,2,2,58,95,157,50,132,182,339
07/11/2020,DHN,AL,ASO,ES,Federal Contract Tower,2,0,15,34,51,0,1,9,4,14,2,1,24,38,65,10,6,16,81
07/12/2020,DHN,AL,ASO,ES,Federal Contract Tower,2,0,11,0,13,0,0,20,2,22,2,0,31,2,35,6,0,6,41
07/13/2020,DHN,AL,ASO,ES,Federal Contract Tower,2,7,18,87,114,0,0,42,27,69,2,7,60,114,183,104,120,224,407
07/14/2020,DHN,AL,ASO,ES,Federal Contract Tower,1,3,28,76,108,0,0,27,16,43,1,3,55,92,151,20,82,102,253
07/15/2020,DHN,AL,ASO,ES,Federal Contract Tower,1,4,16,44,65,0,0,35,15,50,1,4,51,59,115,50,82,132,247
07/16/2020,DHN,AL,ASO,ES,Federal Contract Tower,2,5,19,73,99,0,0,40,29,69,2,5,59,102,168,40,160,200,368
07/17/2020,DHN,AL,ASO,ES,Federal Contract Tower,1,1,19,83,104,0,0,55,19,74,1,1,74,102,178,50,112,162,340
07/18/2020,DHN,AL,ASO,ES,Federal Contract Tower,2,1,13,6,22,0,0,9,4,13,2,1,22,10,35,16,0,16,51
07/19/2020,DHN,AL,ASO,ES,Federal Contract Tower,2,2,12,27,43,0,0,24,4,28,2,2,36,31,71,36,0,36,107
07/20/2020,DHN,AL,ASO,ES,Federal Contract Tower,2,3,18,29,52,0,0,54,28,82,2,3,72,57,134,30,130,160,294
07/21/2020,DHN,AL,ASO,ES,Federal Contract Tower,2,1,7,36,46,0,0,57,9,66,2,1,64,45,112,50,44,94,206
07/22/2020,DHN,AL,ASO,ES,Federal Contract Tower,2,1,28,61,92,0,0,51,19,70,2,1,79,80,162,50,128,178,340
07/23/2020,DHN,AL,ASO,ES,Federal Contract Tower,2,2,13,35,52,0,0,35,20,55,2,2,48,55,107,56,122,178,285
07/24/2020,DHN,AL,ASO,ES,Federal Contract Tower,0,4,15,81,100,0,0,26,33,59,0,4,41,114,159,50,168,218,377
07/25/2020,DHN,AL,ASO,ES,Federal Contract Tower,2,0,11,15,28,0,0,20,4,24,2,0,31,19,52,30,0,30,82
07/26/2020,DHN,AL,ASO,ES,Federal Contract Tower,2,0,12,9,23,0,0,17,3,20,2,0,29,12,43,14,0,14,57
07/27/2020,DHN,AL,ASO,ES,Federal Contract Tower,2,3,10,57,72,0,0,33,29,62,2,3,43,86,134,28,148,176,310
07/28/2020,DHN,AL,ASO,ES,Federal Contract Tower,2,6,26,42,76,0,0,33,17,50,2,6,59,59,126,96,74,170,296
07/29/2020,DHN,AL,ASO,ES,Federal Contract Tower,2,1,33,48,84,0,0,11,10,21,2,1,44,58,105,36,44,80,185
07/30/2020,DHN,AL,ASO,ES,Federal Contract Tower,2,3,33,85,123,0,0,24,17,41,2,3,57,102,164,16,122,138,302
07/31/2020,DHN,AL,ASO,ES,Federal Contract Tower,2,2,25,96,125,0,1,44,30,75,2,3,69,126,200,32,82,114,314
08/01/2020,DHN,AL,ASO,ES,Federal Contract Tower,2,4,13,11,30,0,0,23,1,24,2,4,36,12,54,30,0,30,84
08/02/2020,DHN,AL,ASO,ES,Federal Contract Tower,3,0,16,19,38,0,0,15,0,15,3,0,31,19,53,38,0,38,91
08/03/2020,DHN,AL,ASO,ES,Federal Contract Tower,7,2,2,52,63,0,0,38,25,63,7,2,40,77,126,63,60,123,249
08/04/2020,DHN,AL,ASO,ES,Federal Contract Tower,4,3,13,51,71,0,0,55,34,89,4,3,68,85,160,8,152,160,320
08/05/2020,DHN,AL,ASO,ES,Federal Contract Tower,4,0,15,58,77,0,0,49,38,87,4,0,64,96,164,54,180,234,398
08/06/2020,DHN,AL,ASO,ES,Federal Contract Tower,3,3,28,39,73,0,0,31,28,59,3,3,59,67,132,19,140,159,291
08/07/2020,DHN,AL,ASO,ES,Federal Contract Tower,2,0,15,27,44,0,0,34,45,79,2,0,49,72,123,36,200,236,359
08/08/2020,DHN,AL,ASO,ES,Federal Contract Tower,3,0,3,3,9,0,0,33,2,35,3,0,36,5,44,48,0,48,92
08/09/2020,DHN,AL,ASO,ES,Federal Contract Tower,3,0,5,5,13,0,0,34,1,35,3,0,39,6,48,46,0,46,94
08/10/2020,DHN,AL,ASO,ES,Federal Contract Tower,4,2,19,14,39,0,0,26,24,50,4,2,45,38,89,38,156,194,283
08/11/2020,DHN,AL,ASO,ES,Federal Contract Tower,4,0,19,23,46,0,0,19,15,34,4,0,38,38,80,2,76,78,158
08/12/2020,DHN,AL,ASO,ES,Federal Contract Tower,3,3,24,90,120,0,1,38,49,88,3,4,62,139,208,8,196,204,412
08/13/2020,DHN,AL,ASO,ES,Federal Contract Tower,3,3,15,24,45,0,1,15,15,31,3,4,30,39,76,4,98,102,178
08/14/2020,DHN,AL,ASO,ES,Federal Contract Tower,4,3,23,33,63,0,0,18,10,28,4,3,41,43,91,12,92,104,195
08/15/2020,DHN,AL,ASO,ES,Federal Contract Tower,3,2,1,8,14,0,0,15,0,15,3,2,16,8,29,82,0,82,111
08/16/2020,DHN,AL,ASO,ES,Federal Contract Tower,3,0,12,8,23,0,0,23,2,25,3,0,35,10,48,58,2,60,108
08/17/2020,DHN,AL,ASO,ES,Federal Contract Tower,4,2,12,36,54,0,0,23,36,59,4,2,35,72,113,42,152,194,307
08/18/2020,DHN,AL,ASO,ES,Federal Contract Tower,4,2,31,32,69,0,0,48,36,84,4,2,79,68,153,88,120,208,361
08/19/2020,DHN,AL,ASO,ES,Federal Contract Tower,4,3,20,55,82,0,0,41,20,61,4,3,61,75,143,30,134,164,307
08/20/2020,DHN,AL,ASO,ES,Federal Contract Tower,4,2,15,22,43,0,0,32,20,52,4,2,47,42,95,130,100,230,325
08/21/2020,DHN,AL,ASO,ES,Federal Contract Tower,4,3,29,37,73,0,4,22,10,36,4,7,51,47,109,36,108,144,253
08/22/2020,DHN,AL,ASO,ES,Federal Contract Tower,3,2,7,2,14,0,0,11,1,12,3,2,18,3,26,72,0,72,98
08/23/2020,DHN,AL,ASO,ES,Federal Contract Tower,3,0,11,0,14,0,0,15,0,15,3,0,26,0,29,46,0,46,75
08/24/2020,DHN,AL,ASO,ES,Federal Contract Tower,3,2,43,48,96,0,0,0,0,0,3,2,43,48,96,0,0,0,96
08/25/2020,DHN,AL,ASO,ES,Federal Contract Tower,4,0,55,78,137,0,0,32,20,52,4,0,87,98,189,14,44,58,247
08/26/2020,DHN,AL,ASO,ES,Federal Contract Tower,6,0,36,74,116,0,0,42,25,67,6,0,78,99,183,52,50,102,285
08/27/2020,DHN,AL,ASO,ES,Federal Contract Tower,4,2,38,82,126,0,0,28,15,43,4,2,66,97,169,66,100,166,335
08/28/2020,DHN,AL,ASO,ES,Federal Contract Tower,3,5,31,94,133,0,1,44,14,59,3,6,75,108,192,48,66,114,306
08/29/2020,DHN,AL,ASO,ES,Federal Contract Tower,3,1,0,0,4,0,0,4,0,4,3,1,4,0,8,18,0,18,26
08/30/2020,DHN,AL,ASO,ES,Federal Contract Tower,2,0,9,0,11,0,0,3,8,11,2,0,12,8,22,42,0,42,64
08/31/2020,DHN,AL,ASO,ES,Federal Contract Tower,4,2,35,87,128,0,0,29,13,42,4,2,64,100,170,14,64,78,248
09/01/2020,DHN,AL,ASO,ES,Federal Contract Tower,4,0,21,53,78,0,0,29,11,40,4,0,50,64,118,24,48,72,190
09/02/2020,DHN,AL,ASO,ES,Federal Contract Tower,4,0,31,105,140,0,0,34,23,57,4,0,65,128,197,42,90,132,329
09/03/2020,DHN,AL,ASO,ES,Federal Contract Tower,3,1,9,69,82,0,0,38,57,95,3,1,47,126,177,32,190,222,399
09/04/2020,DHN,AL,ASO,ES,Federal Contract Tower,4,2,42,1,49,0,0,56,3,59,4,2,98,4,108,84,0,84,192
09/05/2020,DHN,AL,ASO,ES,Federal Contract Tower,3,0,26,1,30,0,0,66,1,67,3,0,92,2,97,42,0,42,139
09/06/2020,DHN,AL,ASO,ES,Federal Contract Tower,3,0,3,0,6,0,0,12,0,12,3,0,15,0,18,2,0,2,20
09/07/2020,DHN,AL,ASO,ES,Federal Contract Tower,5,4,8,9,26,0,0,15,8,23,5,4,23,17,49,20,4,24,73
09/08/2020,DHN,AL,ASO,ES,Federal Contract Tower,4,2,35,96,137,0,2,34,38,74,4,4,69,134,211,30,186,216,427
09/09/2020,DHN,AL,ASO,ES,Federal Contract Tower,4,0,34,83,121,0,0,35,46,81,4,0,69,129,202,30,292,322,524
09/10/2020,DHN,AL,ASO,ES,Federal Contract Tower,5,8,9,72,94,0,0,9,15,24,5,8,18,87,118,4,104,108,226
09/11/2020,DHN,AL,ASO,ES,Federal Contract Tower,5,7,28,54,94,0,0,16,19,35,5,7,44,73,129,14,138,152,281
09/12/2020,DHN,AL,ASO,ES,Federal Contract Tower,2,0,12,25,39,0,0,8,4,12,2,0,20,29,51,26,0,26,77
09/13/2020,DHN,AL,ASO,ES,Federal Contract Tower,2,0,6,0,8,0,0,11,0,11,2,0,17,0,19,12,0,12,31
09/14/2020,DHN,AL,ASO,ES,Federal Contract Tower,4,2,13,46,65,0,0,1,23,24,4,2,14,69,89,0,158,158,247
09/15/2020,DHN,AL,ASO,ES,Federal Contract Tower,2,0,20,33,55,0,0,0,4,4,2,0,20,37,59,0,18,18,77
09/16/2020,DHN,AL,ASO,ES,Federal Contract Tower,3,0,1,0,4,0,0,0,0,0,3,0,1,0,4,0,0,0,4
09/17/2020,DHN,AL,ASO,ES,Federal Contract Tower,2,3,31,33,69,0,0,2,1,3,2,3,33,34,72,2,30,32,104
09/18/2020,DHN,AL,ASO,ES,Federal Contract Tower,4,2,41,42,89,0,0,73,29,102,4,2,114,71,191,46,186,232,423
09/19/2020,DHN,AL,ASO,ES,Federal Contract Tower,2,0,16,1,19,0,0,21,2,23,2,0,37,3,42,66,0,66,108
09/20/2020,DHN,AL,ASO,ES,Federal Contract Tower,2,2,11,0,15,0,0,14,0,14,2,2,25,0,29,32,0,32,61
09/21/2020,DHN,AL,ASO,ES,Federal Contract Tower,3,2,18,35,58,0,0,67,25,92,3,2,85,60,150,22,94,116,266
09/22/2020,DHN,AL,ASO,ES,Federal Contract Tower,4,10,25,80,119,0,0,56,42,98,4,10,81,122,217,24,204,228,445
09/23/2020,DHN,AL,ASO,ES,Federal Contract Tower,4,0,33,134,171,0,0,47,41,88,4,0,80,175,259,30,212,242,501
09/24/2020,DHN,AL,ASO,ES,Federal Contract Tower,5,2,38,101,146,0,0,11,5,16,5,2,49,106,162,10,16,26,188
09/25/2020,DHN,AL,ASO,ES,Federal Contract Tower,4,2,32,71,109,0,0,64,14,78,4,2,96,85,187,17,92,109,296
09/26/2020,DHN,AL,ASO,ES,Federal Contract Tower,2,2,18,3,25,0,0,40,0,40,2,2,58,3,65,124,0,124,189
09/27/2020,DHN,AL,ASO,ES,Federal Contract Tower,2,0,13,0,15,0,0,2,2,4,2,0,15,2,19,0,0,0,19
09/28/2020,DHN,AL,ASO,ES,Federal Contract Tower,2,1,19,36,58,0,0,27,28,55,2,1,46,64,113,12,154,166,279
09/29/2020,DHN,AL,ASO,ES,Federal Contract Tower,4,3,50,93,150,0,0,18,18,36,4,3,68,111,186,32,104,136,322
09/30/2020,DHN,AL,ASO,ES,Federal Contract Tower,4,4,24,70,102,0,1,57,52,110,4,5,81,122,212,24,172,196,408
10/01/2020,DHN,AL,ASO,ES,Federal Contract Tower,6,3,23,58,90,0,0,51,38,89,6,3,74,96,179,40,98,138,317
10/02/2020,DHN,AL,ASO,ES,Federal Contract Tower,6,2,28,55,91,0,0,56,34,90,6,2,84,89,181,46,192,238,419
10/03/2020,DHN,AL,ASO,ES,Federal Contract Tower,5,0,17,4,26,0,1,43,0,44,5,1,60,4,70,94,0,94,164
10/04/2020,DHN,AL,ASO,ES,Federal Contract Tower,4,2,9,12,27,0,0,25,1,26,4,2,34,13,53,18,0,18,71
10/05/2020,DHN,AL,ASO,ES,Federal Contract Tower,7,4,21,47,79,0,0,32,43,75,7,4,53,90,154,4,144,148,302
10/06/2020,DHN,AL,ASO,ES,Federal Contract Tower,5,0,56,66,127,0,0,13,28,41,5,0,69,94,168,2,104,106,274
10/07/2020,DHN,AL,ASO,ES,Federal Contract Tower,5,1,17,47,70,0,0,49,33,82,5,1,66,80,152,26,140,166,318
10/08/2020,DHN,AL,ASO,ES,Federal Contract Tower,4,2,27,19,52,0,0,50,24,74,4,2,77,43,126,62,212,274,400
10/09/2020,DHN,AL,ASO,ES,Federal Contract Tower,5,4,24,64,97,0,0,10,19,29,5,4,34,83,126,40,142,182,308
10/10/2020,DHN,AL,ASO,ES,Federal Contract Tower,4,0,7,0,11,0,0,0,0,0,4,0,7,0,11,0,0,0,11
10/11/2020,DHN,AL,ASO,ES,Federal Contract Tower,4,1,5,6,16,0,0,10,0,10,4,1,15,6,26,24,0,24,50
10/12/2020,DHN,AL,ASO,ES,Federal Contract Tower,5,5,16,0,26,0,0,28,0,28,5,5,44,0,54,48,0,48,102
10/13/2020,DHN,AL,ASO,ES,Federal Contract Tower,6,3,37,51,97,0,1,50,31,82,6,4,87,82,179,34,150,184,363
10/14/2020,DHN,AL,ASO,ES,Federal Contract Tower,6,3,31,37,77,0,0,57,25,82,6,3,88,62,159,38,26,64,223
10/15/2020,DHN,AL,ASO,ES,Federal Contract Tower,5,2,27,58,92,0,0,65,22,87,5,2,92,80,179,48,104,152,331
10/16/2020,DHN,AL,ASO,ES,Federal Contract Tower,6,3,36,49,94,0,0,53,49,102,6,3,89,98,196,84,132,216,412
10/17/2020,DHN,AL,ASO,ES,Federal Contract Tower,4,3,19,15,41,0,0,31,1,32,4,3,50,16,73,40,0,40,113
10/18/2020,DHN,AL,ASO,ES,Federal Contract Tower,4,0,15,7,26,0,1,33,1,35,4,1,48,8,61,44,0,44,105
10/19/2020,DHN,AL,ASO,ES,Federal Contract Tower,6,2,11,39,58,0,0,65,22,87,6,2,76,61,145,38,96,134,279
10/20/2020,DHN,AL,ASO,ES,Federal Contract Tower,5,0,41,70,116,0,0,44,28,72,5,0,85,98,188,58,170,228,416
10/21/2020,DHN,AL,ASO,ES,Federal Contract Tower,6,3,37,67,113,0,0,19,12,31,6,3,56,79,144,16,82,98,242
10/22/2020,DHN,AL,ASO,ES,Federal Contract Tower,5,4,51,62,122,0,0,20,14,34,5,4,71,76,156,28,44,72,228
10/23/2020,DHN,AL,ASO,ES,Federal Contract Tower,5,0,42,59,106,0,0,29,13,42,5,0,71,72,148,94,34,128,276
10/24/2020,DHN,AL,ASO,ES,Federal Contract Tower,4,0,9,0,13,0,0,1,0,1,4,0,10,0,14,2,0,2,16
10/25/2020,DHN,AL,ASO,ES,Federal Contract Tower,3,0,21,13,37,0,0,24,0,24,3,0,45,13,61,24,0,24,85
10/26/2020,DHN,AL,ASO,ES,Federal Contract Tower,6,2,20,64,92,0,0,34,30,64,6,2,54,94,156,24,178,202,358
10/27/2020,DHN,AL,ASO,ES,Federal Contract Tower,6,0,26,111,143,0,0,0,0,0,6,0,26,111,143,0,0,0,143
10/28/2020,DHN,AL,ASO,ES,Federal Contract Tower,5,3,29,29,66,0,0,6,19,25,5,3,35,48,91,0,104,104,195
10/29/2020,DHN,AL,ASO,ES,Federal Contract Tower,6,3,20,41,70,0,0,17,17,34,6,3,37,58,104,16,28,44,148
10/30/2020,DHN,AL,ASO,ES,Federal Contract Tower,5,5,43,56,109,0,0,40,23,63,5,5,83,79,172,56,172,228,400
10/31/2020,DHN,AL,ASO,ES,Federal Contract Tower,4,0,6,1,11,0,0,74,1,75,4,0,80,2,86,110,4,114,200
11/01/2020,DHN,AL,ASO,ES,Federal Contract Tower,4,0,17,0,21,0,0,22,0,22,4,0,39,0,43,28,0,28,71
11/02/2020,DHN,AL,ASO,ES,Federal Contract Tower,4,3,22,49,78,0,0,31,38,69,4,3,53,87,147,4,194,198,345
11/03/2020,DHN,AL,ASO,ES,Federal Contract Tower,3,2,22,71,98,0,0,39,33,72,3,2,61,104,170,72,162,234,404
11/04/2020,DHN,AL,ASO,ES,Federal Contract Tower,6,1,15,69,91,0,0,29,32,61,6,1,44,101,152,52,202,254,406
11/05/2020,DHN,AL,ASO,ES,Federal Contract Tower,6,3,24,63,96,0,2,25,39,66,6,5,49,102,162,20,214,234,396
11/06/2020,DHN,AL,ASO,ES,Federal Contract Tower,7,3,26,38,74,0,0,45,25,70,7,3,71,63,144,8,200,208,352
11/07/2020,DHN,AL,ASO,ES,Federal Contract Tower,4,2,13,9,28,0,0,12,0,12,4,2,25,9,40,26,0,26,66
11/08/2020,DHN,AL,ASO,ES,Federal Contract Tower,4,2,8,6,20,0,0,4,0,4,4,2,12,6,24,0,0,0,24
11/09/2020,DHN,AL,ASO,ES,Federal Contract Tower,6,4,44,80,134,0,0,29,22,51,6,4,73,102,185,0,164,164,349
11/10/2020,DHN,AL,ASO,ES,Federal Contract Tower,5,2,40,57,104,0,0,3,4,7,5,2,43,61,111,10,2,12,123
11/11/2020,DHN,AL,ASO,ES,Federal Contract Tower,5,0,15,0,20,0,2,23,0,25,5,2,38,0,45,50,0,50,95
11/12/2020,DHN,AL,ASO,ES,Federal Contract Tower,6,0,34,88,128,0,0,19,20,39,6,0,53,108,167,66,58,124,291
11/13/2020,DHN,AL,ASO,ES,Federal Contract Tower,5,2,22,58,87,0,0,46,37,83,5,2,68,95,170,76,166,242,412
11/14/2020,DHN,AL,ASO,ES,Federal Contract Tower,4,0,10,27,41,0,0,91,0,91,4,0,101,27,132,54,6,60,192
11/15/2020,DHN,AL,ASO,ES,Federal Contract Tower,4,1,22,12,39,0,0,13,0,13,4,1,35,12,52,34,0,34,86
11/16/2020,DHN,AL,ASO,ES,Federal Contract Tower,6,4,28,97,135,0,0,42,39,81,6,4,70,136,216,54,212,266,482
11/17/2020,DHN,AL,ASO,ES,Federal Contract Tower,6,0,26,51,83,0,0,35,36,71,6,0,61,87,154,90,162,252,406
11/18/2020,DHN,AL,ASO,ES,Federal Contract Tower,6,0,40,69,115,0,0,49,44,93,6,0,89,113,208,20,216,236,444
11/19/2020,DHN,AL,ASO,ES,Federal Contract Tower,4,2,23,45,74,0,0,31,48,79,4,2,54,93,153,38,188,226,379
11/20/2020,DHN,AL,ASO,ES,Federal Contract Tower,8,2,24,51,85,0,2,56,44,102,8,4,80,95,187,30,260,290,477
11/21/2020,DHN,AL,ASO,ES,Federal Contract Tower,6,0,18,4,28,0,0,51,0,51,6,0,69,4,79,128,0,128,207
11/22/2020,DHN,AL,ASO,ES,Federal Contract Tower,5,0,22,2,29,0,0,21,2,23,5,0,43,4,52,34,0,34,86
11/23/2020,DHN,AL,ASO,ES,Federal Contract Tower,7,2,26,54,89,0,0,18,33,51,7,2,44,87,140,54,156,210,350
11/24/2020,DHN,AL,ASO,ES,Federal Contract Tower,8,0,23,44,75,0,0,57,18,75,8,0,80,62,150,70,80,150,300
11/25/2020,DHN,AL,ASO,ES,Federal Contract Tower,7,0,6,33,46,0,0,45,25,70,7,0,51,58,116,68,88,156,272
11/26/2020,DHN,AL,ASO,ES,Federal Contract Tower,6,0,0,0,6,0,0,2,0,2,6,0,2,0,8,0,0,0,8
11/27/2020,DHN,AL,ASO,ES,Federal Contract Tower,6,0,11,0,17,0,0,0,0,0,6,0,11,0,17,0,0,0,17
11/28/2020,DHN,AL,ASO,ES,Federal Contract Tower,6,1,16,0,23,0,0,19,0,19,6,1,35,0,42,18,0,18,60
11/29/2020,DHN,AL,ASO,ES,Federal Contract Tower,6,1,0,0,7,0,0,0,0,0,6,1,0,0,7,0,0,0,7
11/30/2020,DHN,AL,ASO,ES,Federal Contract Tower,6,3,29,67,105,0,0,19,23,42,6,3,48,90,147,18,136,154,301
12/01/2020,DHN,AL,ASO,ES,Federal Contract Tower,9,0,24,42,75,0,0,52,23,75,9,0,76,65,150,84,220,304,454
12/02/2020,DHN,AL,ASO,ES,Federal Contract Tower,5,6,23,61,95,0,0,29,33,62,5,6,52,94,157,30,206,236,393
12/03/2020,DHN,AL,ASO,ES,Federal Contract Tower,6,2,38,28,74,0,0,36,25,61,6,2,74,53,135,106,118,224,359
12/04/2020,DHN,AL,ASO,ES,Federal Contract Tower,6,2,17,41,66,0,0,8,14,22,6,2,25,55,88,31,62,93,181
12/05/2020,DHN,AL,ASO,ES,Federal Contract Tower,4,0,5,7,16,0,0,30,0,30,4,0,35,7,46,18,0,18,64
12/06/2020,DHN,AL,ASO,ES,Federal Contract Tower,4,1,13,0,18,0,0,54,1,55,4,1,67,1,73,18,0,18,91
12/07/2020,DHN,AL,ASO,ES,Federal Contract Tower,6,7,25,62,100,0,0,7,8,15,6,7,32,70,115,0,80,80,195
12/08/2020,DHN,AL,ASO,ES,Federal Contract Tower,6,0,27,25,58,0,0,63,26,89,6,0,90,51,147,108,154,262,409
12/09/2020,DHN,AL,ASO,ES,Federal Contract Tower,6,0,18,21,45,0,0,49,33,82,6,0,67,54,127,18,188,206,333
12/10/2020,DHN,AL,ASO,ES,Federal Contract Tower,6,2,42,32,82,0,0,58,34,92,6,2,100,66,174,56,112,168,342
12/11/2020,DHN,AL,ASO,ES,Federal Contract Tower,6,2,29,38,75,0,0,26,18,44,6,2,55,56,119,26,172,198,317
12/12/2020,DHN,AL,ASO,ES,Federal Contract Tower,4,0,7,23,34,0,0,24,8,32,4,0,31,31,66,54,2,56,122
12/13/2020,DHN,AL,ASO,ES,Federal Contract Tower,5,5,6,7,23,0,0,0,1,1,5,5,6,8,24,0,0,0,24
12/14/2020,DHN,AL,ASO,ES,Federal Contract Tower,6,1,28,27,62,0,0,20,9,29,6,1,48,36,91,62,36,98,189
12/15/2020,DHN,AL,ASO,ES,Federal Contract Tower,5,0,24,55,84,0,0,29,26,55,5,0,53,81,139,18,96,114,253
12/16/2020,DHN,AL,ASO,ES,Federal Contract Tower,6,0,31,18,55,0,0,0,0,0,6,0,31,18,55,0,0,0,55
12/17/2020,DHN,AL,ASO,ES,Federal Contract Tower,5,2,37,61,105,0,0,26,3,29,5,2,63,64,134,110,24,134,268
12/18/2020,DHN,AL,ASO,ES,Federal Contract Tower,6,2,22,47,77,0,0,40,24,64,6,2,62,71,141,36,106,142,283
12/19/2020,DHN,AL,ASO,ES,Federal Contract Tower,7,8,26,7,48,0,0,31,0,31,7,8,57,7,79,56,0,56,135
12/20/2020,DHN,AL,ASO,ES,Federal Contract Tower,7,6,3,4,20,0,0,0,0,0,7,6,3,4,20,0,0,0,20
12/21/2020,DHN,AL,ASO,ES,Federal Contract Tower,9,3,25,15,52,0,0,21,0,21,9,3,46,15,73,56,12,68,141
12/22/2020,DHN,AL,ASO,ES,Federal Contract Tower,9,0,20,16,45,0,0,41,1,42,9,0,61,17,87,46,2,48,135
12/23/2020,DHN,AL,ASO,ES,Federal Contract Tower,9,0,17,6,32,0,0,10,0,10,9,0,27,6,42,0,6,6,48
12/25/2020,DHN,AL,ASO,ES,Federal Contract Tower,4,0,2,0,6,0,0,2,0,2,4,0,4,0,8,0,0,0,8
12/26/2020,DHN,AL,ASO,ES,Federal Contract Tower,8,0,14,0,22,0,0,7,0,7,8,0,21,0,29,22,0,22,51
12/27/2020,DHN,AL,ASO,ES,Federal Contract Tower,8,1,23,0,32,0,0,18,0,18,8,1,41,0,50,24,0,24,74
12/28/2020,DHN,AL,ASO,ES,Federal Contract Tower,9,5,6,3,23,0,0,5,2,7,9,5,11,5,30,10,20,30,60
12/29/2020,DHN,AL,ASO,ES,Federal Contract Tower,9,1,24,8,42,0,0,24,0,24,9,1,48,8,66,0,0,0,66
12/30/2020,DHN,AL,ASO,ES,Federal Contract Tower,10,5,17,8,40,0,0,17,4,21,10,5,34,12,61,16,36,52,113
12/31/2020,DHN,AL,ASO,ES,Federal Contract Tower,5,2,9,0,16,0,0,0,0,0,5,2,9,0,16,0,0,0,16
01/01/2021,DHN,AL,ASO,ES,Federal Contract Tower,4,0,1,0,5,0,0,0,0,0,4,0,1,0,5,0,0,0,5
01/02/2021,DHN,AL,ASO,ES,Federal Contract Tower,8,2,9,0,19,0,0,13,0,13,8,2,22,0,32,8,0,8,40
01/03/2021,DHN,AL,ASO,ES,Federal Contract Tower,8,0,10,2,20,0,0,17,0,17,8,0,27,2,37,0,0,0,37
01/05/2021,DHN,AL,ASO,ES,Federal Contract Tower,6,1,22,34,63,0,0,27,6,33,6,1,49,40,96,16,34,50,146
01/06/2021,DHN,AL,ASO,ES,Federal Contract Tower,5,0,25,23,53,0,0,44,1,45,5,0,69,24,98,92,0,92,190
01/07/2021,DHN,AL,ASO,ES,Federal Contract Tower,5,0,12,2,19,0,0,0,0,0,5,0,12,2,19,0,0,0,19
01/08/2021,DHN,AL,ASO,ES,Federal Contract Tower,5,0,13,35,53,0,0,0,12,12,5,0,13,47,65,0,0,0,65
01/09/2021,DHN,AL,ASO,ES,Federal Contract Tower,0,0,3,0,3,0,0,24,0,24,0,0,27,0,27,20,0,20,47
01/10/2021,DHN,AL,ASO,ES,Federal Contract Tower,4,0,13,19,36,0,0,30,24,54,4,0,43,43,90,48,0,48,138
01/11/2021,DHN,AL,ASO,ES,Federal Contract Tower,4,2,23,40,69,0,0,6,12,18,4,2,29,52,87,0,66,66,153
01/12/2021,DHN,AL,ASO,ES,Federal Contract Tower,5,0,41,41,87,0,0,4,13,17,5,0,45,54,104,6,80,86,190
01/14/2021,DHN,AL,ASO,ES,Federal Contract Tower,5,10,22,75,112,0,0,20,43,63,5,10,42,118,175,2,260,262,437
01/15/2021,DHN,AL,ASO,ES,Federal Contract Tower,4,3,16,58,81,0,0,17,30,47,4,3,33,88,128,24,134,158,286
01/16/2021,DHN,AL,ASO,ES,Federal Contract Tower,3,0,12,35,50,1,0,22,0,23,4,0,34,35,73,12,0,12,85
01/17/2021,DHN,AL,ASO,ES,Federal Contract Tower,2,4,25,0,31,0,0,40,0,40,2,4,65,0,71,56,0,56,127
01/18/2021,DHN,AL,ASO,ES,Federal Contract Tower,5,2,12,0,19,0,0,25,0,25,5,2,37,0,44,14,0,14,58
01/19/2021,DHN,AL,ASO,ES,Federal Contract Tower,5,2,26,86,119,0,0,17,20,37,5,2,43,106,156,4,246,250,406
01/20/2021,DHN,AL,ASO,ES,Federal Contract Tower,5,6,47,53,111,0,0,49,20,69,5,6,96,73,180,28,198,226,406
01/21/2021,DHN,AL,ASO,ES,Federal Contract Tower,5,4,23,75,107,0,0,19,14,33,5,4,42,89,140,12,138,150,290
01/22/2021,DHN,AL,ASO,ES,Federal Contract Tower,3,5,38,13,59,0,0,0,0,0,3,5,38,13,59,0,0,0,59
01/23/2021,DHN,AL,ASO,ES,Federal Contract Tower,4,0,12,24,40,0,0,37,0,37,4,0,49,24,77,52,0,52,129
01/24/2021,DHN,AL,ASO,ES,Federal Contract Tower,4,1,6,24,35,0,0,6,1,7,4,1,12,25,42,26,0,26,68
01/25/2021,DHN,AL,ASO,ES,Federal Contract Tower,2,3,19,92,116,0,0,6,33,39,2,3,25,125,155,8,136,144,299
01/26/2021,DHN,AL,ASO,ES,Federal Contract Tower,5,0,28,69,102,0,0,5,8,13,5,0,33,77,115,38,52,90,205
01/27/2021,DHN,AL,ASO,ES,Federal Contract Tower,4,4,49,81,138,0,0,2,0,2,4,4,51,81,140,8,0,8,148
01/28/2021,DHN,AL,ASO,ES,Federal Contract Tower,4,2,19,74,99,0,1,49,44,94,4,3,68,118,193,58,292,350,543
01/29/2021,DHN,AL,ASO,ES,Federal Contract Tower,5,2,15,58,80,0,7,61,16,84,5,9,76,74,164,58,122,180,344
01/30/2021,DHN,AL,ASO,ES,Federal Contract Tower,3,0,18,0,21,0,0,37,2,39,3,0,55,2,60,42,0,42,102
01/31/2021,DHN,AL,ASO,ES,Federal Contract Tower,4,2,10,0,16,0,0,1,0,1,4,2,11,0,17,0,0,0,17
02/01/2021,DHN,AL,ASO,ES,Federal Contract Tower,5,4,17,38,64,0,0,29,14,43,5,4,46,52,107,190,80,270,377
02/02/2021,DHN,AL,ASO,ES,Federal Contract Tower,5,0,26,52,83,0,0,51,16,67,5,0,77,68,150,108,58,166,316
02/03/2021,DHN,AL,ASO,ES,Federal Contract Tower,4,1,35,79,119,0,0,48,13,61,4,1,83,92,180,46,124,170,350
02/04/2021,DHN,AL,ASO,ES,Federal Contract Tower,5,2,20,56,83,0,0,36,33,69,5,2,56,89,152,44,274,318,470
02/05/2021,DHN,AL,ASO,ES,Federal Contract Tower,4,0,23,55,82,0,0,9,11,20,4,0,32,66,102,18,94,112,214
02/06/2021,DHN,AL,ASO,ES,Federal Contract Tower,2,0,2,0,4,0,1,0,0,1,2,1,2,0,5,0,0,0,5
02/07/2021,DHN,AL,ASO,ES,Federal Contract Tower,2,1,8,23,34,0,1,17,2,20,2,2,25,25,54,36,2,38,92
02/08/2021,DHN,AL,ASO,ES,Federal Contract Tower,5,2,23,36,66,0,0,42,37,79,5,2,65,73,145,50,144,194,339
02/09/2021,DHN,AL,ASO,ES,Federal Contract Tower,5,2,36,15,58,0,0,1,0,1,5,2,37,15,59,6,0,6,65
02/10/2021,DHN,AL,ASO,ES,Federal Contract Tower,5,0,29,57,91,0,0,0,0,0,5,0,29,57,91,8,20,28,119
02/11/2021,DHN,AL,ASO,ES,Federal Contract Tower,5,0,19,30,54,0,0,11,5,16,5,0,30,35,70,20,58,78,148
02/12/2021,DHN,AL,ASO,ES,Federal Contract Tower,4,3,42,106,155,0,0,0,5,5,4,3,42,111,160,6,8,14,174
02/13/2021,DHN,AL,ASO,ES,Federal Contract Tower,2,0,7,0,9,0,0,0,0,0,2,0,7,0,9,0,0,0,9
02/14/2021,DHN,AL,ASO,ES,Federal Contract Tower,2,0,8,0,10,0,0,0,0,0,2,0,8,0,10,0,0,0,10
02/15/2021,DHN,AL,ASO,ES,Federal Contract Tower,5,2,6,0,13,0,0,0,0,0,5,2,6,0,13,0,0,0,13
02/16/2021,DHN,AL,ASO,ES,Federal Contract Tower,2,2,22,30,56,1,24,5,0,30,3,26,27,30,86,96,4,100,186
02/17/2021,DHN,AL,ASO,ES,Federal Contract Tower,5,12,24,56,97,0,0,34,17,51,5,12,58,73,148,22,168,190,338
02/18/2021,DHN,AL,ASO,ES,Federal Contract Tower,4,1,11,9,25,0,0,0,0,0,4,1,11,9,25,0,0,0,25
02/19/2021,DHN,AL,ASO,ES,Federal Contract Tower,4,2,49,88,143,0,2,32,19,53,4,4,81,107,196,48,136,184,380
02/20/2021,DHN,AL,ASO,ES,Federal Contract Tower,2,0,19,12,33,0,0,53,0,53,2,0,72,12,86,88,0,88,174
02/21/2021,DHN,AL,ASO,ES,Federal Contract Tower,4,2,18,24,48,0,0,46,4,50,4,2,64,28,98,40,4,44,142
02/22/2021,DHN,AL,ASO,ES,Federal Contract Tower,6,3,18,71,98,0,0,23,20,43,6,3,41,91,141,16,114,130,271
02/23/2021,DHN,AL,ASO,ES,Federal Contract Tower,4,0,26,63,93,0,0,56,27,83,4,0,82,90,176,88,180,268,444
02/24/2021,DHN,AL,ASO,ES,Federal Contract Tower,7,3,25,63,98,0,0,59,35,94,7,3,84,98,192,58,130,188,380
02/25/2021,DHN,AL,ASO,ES,Federal Contract Tower,5,2,21,52,80,0,0,44,53,97,5,2,65,105,177,82,178,260,437
02/26/2021,DHN,AL,ASO,ES,Federal Contract Tower,4,4,23,80,111,0,0,10,18,28,4,4,33,98,139,21,70,91,230
02/27/2021,DHN,AL,ASO,ES,Federal Contract Tower,2,2,9,9,22,0,0,5,0,5,2,2,14,9,27,54,0,54,81
02/28/2021,DHN,AL,ASO,ES,Federal Contract Tower,6,0,7,29,42,0,0,10,7,17,6,0,17,36,59,18,0,18,77
03/01/2021,DHN,AL,ASO,ES,Federal Contract Tower,7,5,14,70,96,0,2,6,9,17,7,7,20,79,113,2,24,26,139
03/02/2021,DHN,AL,ASO,ES,Federal Contract Tower,6,3,45,76,130,0,0,0,4,4,6,3,45,80,134,0,24,24,158
03/03/2021,DHN,AL,ASO,ES,Federal Contract Tower,7,1,41,83,132,0,0,22,19,41,7,1,63,102,173,0,94,94,267
03/04/2021,DHN,AL,ASO,ES,Federal Contract Tower,6,7,46,40,99,0,0,38,16,54,6,7,84,56,153,48,50,98,251
03/05/2021,DHN,AL,ASO,ES,Federal Contract Tower,4,2,23,59,88,0,0,52,29,81,4,2,75,88,169,68,116,184,353
03/06/2021,DHN,AL,ASO,ES,Federal Contract Tower,2,0,15,8,25,0,0,28,1,29,2,0,43,9,54,50,0,50,104
03/07/2021,DHN,AL,ASO,ES,Federal Contract Tower,4,1,9,13,27,0,0,26,3,29,4,1,35,16,56,8,0,8,64
03/08/2021,DHN,AL,ASO,ES,Federal Contract Tower,6,2,16,49,73,0,0,41,32,73,6,2,57,81,146,40,132,172,318
03/09/2021,DHN,AL,ASO,ES,Federal Contract Tower,6,6,26,47,85,0,0,42,24,66,6,6,68,71,151,38,78,116,267
03/10/2021,DHN,AL,ASO,ES,Federal Contract Tower,6,0,27,77,110,0,0,56,39,95,6,0,83,116,205,50,158,208,413
03/11/2021,DHN,AL,ASO,ES,Federal Contract Tower,6,3,26,66,101,0,0,40,14,54,6,3,66,80,155,90,68,158,313
03/12/2021,DHN,AL,ASO,ES,Federal Contract Tower,5,8,28,83,124,0,0,55,39,94,5,8,83,122,218,54,188,242,460
03/13/2021,DHN,AL,ASO,ES,Federal Contract Tower,1,2,33,0,36,0,0,68,0,68,1,2,101,0,104,30,0,30,134
03/14/2021,DHN,AL,ASO,ES,Federal Contract Tower,4,3,19,20,46,0,0,24,1,25,4,3,43,21,71,42,0,42,113
03/15/2021,DHN,AL,ASO,ES,Federal Contract Tower,7,3,17,80,107,0,0,46,40,86,7,3,63,120,193,12,242,254,447
03/16/2021,DHN,AL,ASO,ES,Federal Contract Tower,6,4,21,62,93,0,0,8,10,18,6,4,29,72,111,0,36,36,147
03/17/2021,DHN,AL,ASO,ES,Federal Contract Tower,6,0,44,78,128,0,0,23,47,70,6,0,67,125,198,8,138,146,344
03/18/2021,DHN,AL,ASO,ES,Federal Contract Tower,6,9,10,54,79,0,0,25,13,38,6,9,35,67,117,6,28,34,151
03/19/2021,DHN,AL,ASO,ES,Federal Contract Tower,5,2,48,50,105,0,0,22,28,50,5,2,70,78,155,26,152,178,333
03/20/2021,DHN,AL,ASO,ES,Federal Contract Tower,2,2,10,0,14,4,0,0,0,4,6,2,10,0,18,0,0,0,18
03/21/2021,DHN,AL,ASO,ES,Federal Contract Tower,4,1,10,13,28,0,0,16,19,35,4,1,26,32,63,36,0,36,99
03/22/2021,DHN,AL,ASO,ES,Federal Contract Tower,5,4,39,58,106,0,0,63,49,112,5,4,102,107,218,42,180,222,440
03/23/2021,DHN,AL,ASO,ES,Federal Contract Tower,8,4,27,91,130,0,0,28,26,54,8,4,55,117,184,20,132,152,336
03/24/2021,DHN,AL,ASO,ES,Federal Contract Tower,6,2,47,97,152,0,0,4,12,16,6,2,51,109,168,18,46,64,232
03/25/2021,DHN,AL,ASO,ES,Federal Contract Tower,8,6,13,75,102,0,0,32,22,54,8,6,45,97,156,109,106,215,371
03/26/2021,DHN,AL,ASO,ES,Federal Contract Tower,6,7,47,86,146,0,0,13,22,35,6,7,60,108,181,4,64,68,249
03/27/2021,DHN,AL,ASO,ES,Federal Contract Tower,2,5,14,2,23,0,0,0,0,0,2,5,14,2,23,8,0,8,31
03/28/2021,DHN,AL,ASO,ES,Federal Contract Tower,4,0,9,9,22,0,0,6,1,7,4,0,15,10,29,8,0,8,37
03/29/2021,DHN,AL,ASO,ES,Federal Contract Tower,6,9,21,57,93,0,0,45,34,79,6,9,66,91,172,60,146,206,378
03/30/2021,DHN,AL,ASO,ES,Federal Contract Tower,7,2,57,60,126,0,0,25,12,37,7,2,82,72,163,70,60,130,293
03/31/2021,DHN,AL,ASO,ES,Federal Contract Tower,4,2,50,55,111,0,0,14,7,21,4,2,64,62,132,30,80,110,242
04/01/2021,DHN,AL,ASO,ES,Federal Contract Tower,6,3,25,81,115,0,0,18,16,34,6,3,43,97,149,8,140,148,297
04/02/2021,DHN,AL,ASO,ES,Federal Contract Tower,6,5,20,22,53,0,0,0,0,0,6,5,20,22,53,10,140,150,203
04/03/2021,DHN,AL,ASO,ES,Federal Contract Tower,2,3,11,0,16,0,0,25,0,25,2,3,36,0,41,42,0,42,83
04/04/2021,DHN,AL,ASO,ES,Federal Contract Tower,4,7,3,0,14,0,0,40,0,40,4,7,43,0,54,2,0,2,56
04/05/2021,DHN,AL,ASO,ES,Federal Contract Tower,6,2,6,43,57,0,0,40,24,64,6,2,46,67,121,34,134,168,289
04/06/2021,DHN,AL,ASO,ES,Federal Contract Tower,5,2,18,52,77,0,0,41,29,70,5,2,59,81,147,30,136,166,313
04/07/2021,DHN,AL,ASO,ES,Federal Contract Tower,5,0,36,62,103,0,0,29,15,44,5,0,65,77,147,10,76,86,233
04/08/2021,DHN,AL,ASO,ES,Federal Contract Tower,6,2,32,71,111,0,0,5,5,10,6,2,37,76,121,4,56,60,181
04/09/2021,DHN,AL,ASO,ES,Federal Contract Tower,6,5,7,15,33,0,0,0,6,6,6,5,7,21,39,0,36,36,75
04/10/2021,DHN,AL,ASO,ES,Federal Contract Tower,2,2,0,0,4,0,0,0,0,0,2,2,0,0,4,2,0,2,6
04/11/2021,DHN,AL,ASO,ES,Federal Contract Tower,3,0,11,0,14,0,1,10,0,11,3,1,21,0,25,2,0,2,27
04/12/2021,DHN,AL,ASO,ES,Federal Contract Tower,6,3,27,105,141,0,0,26,49,75,6,3,53,154,216,24,222,246,462
04/13/2021,DHN,AL,ASO,ES,Federal Contract Tower,6,3,32,50,91,0,3,23,44,70,6,6,55,94,161,32,136,168,329
04/14/2021,DHN,AL,ASO,ES,Federal Contract Tower,5,2,25,82,114,0,0,15,47,62,5,2,40,129,176,8,158,166,342
04/15/2021,DHN,AL,ASO,ES,Federal Contract Tower,4,5,60,48,117,0,0,1,4,5,4,5,61,52,122,18,16,34,156
04/16/2021,DHN,AL,ASO,ES,Federal Contract Tower,5,2,12,83,102,0,0,16,27,43,5,2,28,110,145,42,122,164,309
04/17/2021,DHN,AL,ASO,ES,Federal Contract Tower,2,1,12,0,15,0,0,7,0,7,2,1,19,0,22,0,0,0,22
04/18/2021,DHN,AL,ASO,ES,Federal Contract Tower,5,0,13,27,45,0,0,25,13,38,5,0,38,40,83,20,0,20,103
04/19/2021,DHN,AL,ASO,ES,Federal Contract Tower,5,5,26,62,98,0,0,40,37,77,5,5,66,99,175,72,160,232,407
04/20/2021,DHN,AL,ASO,ES,Federal Contract Tower,5,0,22,71,98,0,0,53,32,85,5,0,75,103,183,40,107,147,330
04/21/2021,DHN,AL,ASO,ES,Federal Contract Tower,3,0,25,115,143,0,0,72,32,104,3,0,97,147,247,128,64,192,439
04/22/2021,DHN,AL,ASO,ES,Federal Contract Tower,4,4,15,93,116,0,0,50,23,73,4,4,65,116,189,70,54,124,313
04/23/2021,DHN,AL,ASO,ES,Federal Contract Tower,6,2,13,65,86,0,0,51,19,70,6,2,64,84,156,34,56,90,246
04/24/2021,DHN,AL,ASO,ES,Federal Contract Tower,2,0,3,0,5,0,0,0,0,0,2,0,3,0,5,0,0,0,5
04/25/2021,DHN,AL,ASO,ES,Federal Contract Tower,4,0,34,11,49,0,1,31,4,36,4,1,65,15,85,32,6,38,123
04/26/2021,DHN,AL,ASO,ES,Federal Contract Tower,4,2,10,60,76,0,0,40,21,61,4,2,50,81,137,42,88,130,267
04/27/2021,DHN,AL,ASO,ES,Federal Contract Tower,5,0,16,52,73,0,0,45,21,66,5,0,61,73,139,72,88,160,299
04/28/2021,DHN,AL,ASO,ES,Federal Contract Tower,5,0,34,78,117,0,0,42,10,52,5,0,76,88,169,32,44,76,245
04/29/2021,DHN,AL,ASO,ES,Federal Contract Tower,4,2,44,77,127,0,0,28,14,42,4,2,72,91,169,42,86,128,297
04/30/2021,DHN,AL,ASO,ES,Federal Contract Tower,5,6,39,113,163,1,0,9,14,24,6,6,48,127,187,10,72,82,269
05/01/2021,DHN,AL,ASO,ES,Federal Contract Tower,2,0,18,11,31,0,4,34,3,41,2,4,52,14,72,36,6,42,114
05/02/2021,DHN,AL,ASO,ES,Federal Contract Tower,4,4,10,6,24,0,0,18,2,20,4,4,28,8,44,18,0,18,62
05/03/2021,DHN,AL,ASO,ES,Federal Contract Tower,4,2,24,50,80,0,0,3,2,5,4,2,27,52,85,16,2,18,103
05/04/2021,DHN,AL,ASO,ES,Federal Contract Tower,4,0,24,127,155,0,1,9,9,19,4,1,33,136,174,0,22,22,196
05/05/2021,DHN,AL,ASO,ES,Federal Contract Tower,5,6,29,92,132,0,1,16,22,39,5,7,45,114,171,4,132,136,307
05/06/2021,DHN,AL,ASO,ES,Federal Contract Tower,5,5,31,99,140,0,0,47,37,84,5,5,78,136,224,38,172,210,434
05/07/2021,DHN,AL,ASO,ES,Federal Contract Tower,5,4,24,52,85,0,0,45,40,85,5,4,69,92,170,36,136,172,342
05/08/2021,DHN,AL,ASO,ES,Federal Contract Tower,4,0,20,2,26,0,0,30,0,30,4,0,50,2,56,14,0,14,70
05/09/2021,DHN,AL,ASO,ES,Federal Contract Tower,4,0,11,43,58,0,0,17,5,22,4,0,28,48,80,14,4,18,98
05/10/2021,DHN,AL,ASO,ES,Federal Contract Tower,4,6,41,54,105,0,0,26,6,32,4,6,67,60,137,102,94,196,333
05/11/2021,DHN,AL,ASO,ES,Federal Contract Tower,4,0,22,93,119,0,0,41,40,81,4,0,63,133,200,46,276,322,522
05/12/2021,DHN,AL,ASO,ES,Federal Contract Tower,4,4,37,90,135,0,0,21,27,48,4,4,58,117,183,26,135,161,344
05/13/2021,DHN,AL,ASO,ES,Federal Contract Tower,4,2,56,63,125,0,0,27,14,41,4,2,83,77,166,6,86,92,258
05/14/2021,DHN,AL,ASO,ES,Federal Contract Tower,6,2,22,25,55,0,1,46,45,92,6,3,68,70,147,80,162,242,389
05/15/2021,DHN,AL,ASO,ES,Federal Contract Tower,4,0,7,2,13,0,0,11,3,14,4,0,18,5,27,34,0,34,61
05/16/2021,DHN,AL,ASO,ES,Federal Contract Tower,3,0,13,13,29,0,0,32,5,37,3,0,45,18,66,66,12,78,144
05/17/2021,DHN,AL,ASO,ES,Federal Contract Tower,4,4,13,130,151,0,0,71,37,108,4,4,84,167,259,68,147,215,474
05/18/2021,DHN,AL,ASO,ES,Federal Contract Tower,5,0,29,193,227,0,0,29,29,58,5,0,58,222,285,42,158,200,485
05/19/2021,DHN,AL,ASO,ES,Federal Contract Tower,4,0,37,149,190,0,0,42,30,72,4,0,79,179,262,52,96,148,410
05/20/2021,DHN,AL,ASO,ES,Federal Contract Tower,5,2,28,123,158,0,0,29,31,60,5,2,57,154,218,60,132,192,410
05/21/2021,DHN,AL,ASO,ES,Federal Contract Tower,5,2,17,131,155,0,0,37,33,70,5,2,54,164,225,46,98,144,369
05/22/2021,DHN,AL,ASO,ES,Federal Contract Tower,4,3,10,0,17,0,0,14,0,14,4,3,24,0,31,22,0,22,53
05/23/2021,DHN,AL,ASO,ES,Federal Contract Tower,5,0,18,31,54,0,0,20,5,25,5,0,38,36,79,34,2,36,115
05/24/2021,DHN,AL,ASO,ES,Federal Contract Tower,5,5,23,73,106,0,0,52,23,75,5,5,75,96,181,48,94,142,323
05/25/2021,DHN,AL,ASO,ES,Federal Contract Tower,5,0,21,50,76,6,3,74,62,145,11,3,95,112,221,60,78,138,359
05/26/2021,DHN,AL,ASO,ES,Federal Contract Tower,5,0,25,66,96,0,0,38,28,66,5,0,63,94,162,24,158,182,344
05/27/2021,DHN,AL,ASO,ES,Federal Contract Tower,6,2,38,41,87,0,0,55,13,68,6,2,93,54,155,62,60,122,277
05/28/2021,DHN,AL,ASO,ES,Federal Contract Tower,4,1,46,28,79,0,0,34,3,37,4,1,80,31,116,80,0,80,196
05/29/2021,DHN,AL,ASO,ES,Federal Contract Tower,4,3,18,0,25,0,0,4,0,4,4,3,22,0,29,20,0,20,49
05/30/2021,DHN,AL,ASO,ES,Federal Contract Tower,4,0,5,2,11,0,0,5,0,5,4,0,10,2,16,58,0,58,74
05/31/2021,DHN,AL,ASO,ES,Federal Contract Tower,5,2,26,0,33,0,0,15,0,15,5,2,41,0,48,32,0,32,80
06/01/2021,DHN,AL,ASO,ES,Federal Contract Tower,5,0,26,54,85,0,2,61,21,84,5,2,87,75,169,114,72,186,355
06/02/2021,DHN,AL,ASO,ES,Federal Contract Tower,4,2,33,145,184,0,1,69,45,115,4,3,102,190,299,52,148,200,499
06/03/2021,DHN,AL,ASO,ES,Federal Contract Tower,5,8,32,116,161,0,0,33,27,60,5,8,65,143,221,60,122,182,403
06/04/2021,DHN,AL,ASO,ES,Federal Contract Tower,5,7,52,81,145,0,4,27,37,68,5,11,79,118,213,76,62,138,351
06/05/2021,DHN,AL,ASO,ES,Federal Contract Tower,4,1,27,22,54,0,0,27,0,27,4,1,54,22,81,36,0,36,117
06/06/2021,DHN,AL,ASO,ES,Federal Contract Tower,4,1,8,39,52,0,0,11,14,25,4,1,19,53,77,10,0,10,87
06/07/2021,DHN,AL,ASO,ES,Federal Contract Tower,4,2,18,26,50,0,0,0,1,1,4,2,18,27,51,0,0,0,51
06/08/2021,DHN,AL,ASO,ES,Federal Contract Tower,5,2,25,55,87,2,2,17,31,52,7,4,42,86,139,18,86,104,243
06/09/2021,DHN,AL,ASO,ES,Federal Contract Tower,4,1,37,146,188,0,0,61,18,79,4,1,98,164,267,68,122,190,457
06/10/2021,DHN,AL,ASO,ES,Federal Contract Tower,6,3,33,61,103,0,0,30,13,43,6,3,63,74,146,28,56,84,230
06/11/2021,DHN,AL,ASO,ES,Federal Contract Tower,5,12,30,43,90,0,0,9,5,14,5,12,39,48,104,6,22,28,132
06/12/2021,DHN,AL,ASO,ES,Federal Contract Tower,3,3,7,2,15,0,0,1,0,1,3,3,8,2,16,10,0,10,26
06/13/2021,DHN,AL,ASO,ES,Federal Contract Tower,4,5,11,2,22,0,0,20,0,20,4,5,31,2,42,12,0,12,54
06/14/2021,DHN,AL,ASO,ES,Federal Contract Tower,6,3,23,75,107,0,0,58,21,79,6,3,81,96,186,54,28,82,268
06/15/2021,DHN,AL,ASO,ES,Federal Contract Tower,6,0,17,71,94,0,0,56,53,109,6,0,73,124,203,86,158,244,447
06/16/2021,DHN,AL,ASO,ES,Federal Contract Tower,7,1,15,101,124,0,0,92,47,139,7,1,107,148,263,64,160,224,487
06/17/2021,DHN,AL,ASO,ES,Federal Contract Tower,5,6,24,74,109,0,0,43,35,78,5,6,67,109,187,54,164,218,405
06/18/2021,DHN,AL,ASO,ES,Federal Contract Tower,5,5,23,7,40,0,0,17,0,17,5,5,40,7,57,58,0,58,115
06/19/2021,DHN,AL,ASO,ES,Federal Contract Tower,4,0,9,0,13,0,0,0,0,0,4,0,9,0,13,0,0,0,13
06/20/2021,DHN,AL,ASO,ES,Federal Contract Tower,4,1,3,2,10,0,0,2,0,2,4,1,5,2,12,0,0,0,12
06/21/2021,DHN,AL,ASO,ES,Federal Contract Tower,4,5,15,55,79,0,0,37,35,72,4,5,52,90,151,68,128,196,347
06/22/2021,DHN,AL,ASO,ES,Federal Contract Tower,4,4,57,92,157,0,0,12,10,22,4,4,69,102,179,18,60,78,257
06/23/2021,DHN,AL,ASO,ES,Federal Contract Tower,6,5,63,43,117,0,9,57,50,116,6,14,120,93,233,130,124,254,487
06/24/2021,DHN,AL,ASO,ES,Federal Contract Tower,6,6,28,78,118,0,0,18,16,34,6,6,46,94,152,64,90,154,306
06/25/2021,DHN,AL,ASO,ES,Federal Contract Tower,5,4,23,73,105,0,0,57,35,92,5,4,80,108,197,78,156,234,431
06/26/2021,DHN,AL,ASO,ES,Federal Contract Tower,4,1,25,0,30,0,0,35,2,37,4,1,60,2,67,74,0,74,141
06/27/2021,DHN,AL,ASO,ES,Federal Contract Tower,4,0,11,12,27,0,0,15,5,20,4,0,26,17,47,34,0,34,81
06/28/2021,DHN,AL,ASO,ES,Federal Contract Tower,4,3,22,107,136,0,0,46,32,78,4,3,68,139,214,94,94,188,402
06/29/2021,DHN,AL,ASO,ES,Federal Contract Tower,5,0,20,52,77,0,0,66,31,97,5,0,86,83,174,90,148,238,412
06/30/2021,DHN,AL,ASO,ES,Federal Contract Tower,4,0,47,68,119,0,1,18,13,32,4,1,65,81,151,8,48,56,207
07/01/2021,DHN,AL,ASO,ES,Federal Contract Tower,5,2,21,66,94,0,0,29,19,48,5,2,50,85,142,66,56,122,264
07/02/2021,DHN,AL,ASO,ES,Federal Contract Tower,6,2,17,0,25,0,0,6,0,6,6,2,23,0,31,14,0,14,45
07/03/2021,DHN,AL,ASO,ES,Federal Contract Tower,4,0,18,0,22,0,0,6,0,6,4,0,24,0,28,14,0,14,42
07/04/2021,DHN,AL,ASO,ES,Federal Contract Tower,4,0,10,0,14,0,0,17,0,17,4,0,27,0,31,28,0,28,59
07/05/2021,DHN,AL,ASO,ES,Federal Contract Tower,6,4,4,0,14,0,0,2,0,2,6,4,6,0,16,40,0,40,56
07/06/2021,DHN,AL,ASO,ES,Federal Contract Tower,4,3,13,65,85,0,0,27,22,49,4,3,40,87,134,22,134,156,290
07/07/2021,DHN,AL,ASO,ES,Federal Contract Tower,6,1,47,48,102,0,0,14,31,45,6,1,61,79,147,30,132,162,309
07/08/2021,DHN,AL,ASO,ES,Federal Contract Tower,6,2,13,74,95,0,0,19,11,30,6,2,32,85,125,32,106,138,263
07/09/2021,DHN,AL,ASO,ES,Federal Contract Tower,5,2,31,83,121,0,0,10,25,35,5,2,41,108,156,4,126,130,286
07/10/2021,DHN,AL,ASO,ES,Federal Contract Tower,4,1,12,24,41,0,0,26,2,28,4,1,38,26,69,60,10,70,139
07/11/2021,DHN,AL,ASO,ES,Federal Contract Tower,4,4,18,6,32,0,0,20,0,20,4,4,38,6,52,82,12,94,146
07/12/2021,DHN,AL,ASO,ES,Federal Contract Tower,5,2,23,40,70,0,0,38,22,60,5,2,61,62,130,24,124,148,278
07/13/2021,DHN,AL,ASO,ES,Federal Contract Tower,5,4,39,96,144,0,0,46,43,89,5,4,85,139,233,82,146,228,461
07/14/2021,DHN,AL,ASO,ES,Federal Contract Tower,6,2,24,78,110,0,0,63,43,106,6,2,87,121,216,66,130,196,412
07/15/2021,DHN,AL,ASO,ES,Federal Contract Tower,3,2,18,40,63,0,1,35,9,45,3,3,53,49,108,26,22,48,156
07/16/2021,DHN,AL,ASO,ES,Federal Contract Tower,6,5,28,59,98,0,0,48,24,72,6,5,76,83,170,10,144,154,324
07/17/2021,DHN,AL,ASO,ES,Federal Contract Tower,4,0,25,18,47,0,0,34,0,34,4,0,59,18,81,110,0,110,191
07/18/2021,DHN,AL,ASO,ES,Federal Contract Tower,4,2,9,17,32,0,0,18,3,21,4,2,27,20,53,30,0,30,83
07/19/2021,DHN,AL,ASO,ES,Federal Contract Tower,4,2,25,55,86,0,0,37,15,52,4,2,62,70,138,118,92,210,348
07/20/2021,DHN,AL,ASO,ES,Federal Contract Tower,4,7,46,64,121,0,0,29,18,47,4,7,75,82,168,40,60,100,268
07/21/2021,DHN,AL,ASO,ES,Federal Contract Tower,4,2,40,78,124,0,0,52,13,65,4,2,92,91,189,118,38,156,345
07/22/2021,DHN,AL,ASO,ES,Federal Contract Tower,4,3,33,57,97,0,0,39,6,45,4,3,72,63,142,94,14,108,250
07/23/2021,DHN,AL,ASO,ES,Federal Contract Tower,5,2,15,47,69,0,0,45,29,74,5,2,60,76,143,54,102,156,299
07/24/2021,DHN,AL,ASO,ES,Federal Contract Tower,4,0,18,25,47,0,0,23,11,34,4,0,41,36,81,2,0,2,83
07/25/2021,DHN,AL,ASO,ES,Federal Contract Tower,3,5,28,17,53,0,0,29,6,35,3,5,57,23,88,24,0,24,112
07/26/2021,DHN,AL,ASO,ES,Federal Contract Tower,7,0,15,56,78,0,0,75,34,109,7,0,90,90,187,60,116,176,363
07/27/2021,DHN,AL,ASO,ES,Federal Contract Tower,6,2,24,75,107,0,0,60,25,85,6,2,84,100,192,54,118,172,364
07/28/2021,DHN,AL,ASO,ES,Federal Contract Tower,4,0,30,80,114,0,0,50,27,77,4,0,80,107,191,48,122,170,361
07/29/2021,DHN,AL,ASO,ES,Federal Contract Tower,6,1,33,81,121,0,0,57,25,82,6,1,90,106,203,64,116,180,383
07/30/2021,DHN,AL,ASO,ES,Federal Contract Tower,5,2,33,88,128,0,0,42,33,75,5,2,75,121,203,44,138,182,385
07/31/2021,DHN,AL,ASO,ES,Federal Contract Tower,4,1,3,0,8,0,0,22,0,22,4,1,25,0,30,40,0,40,70
08/01/2021,DHN,AL,ASO,ES,Federal Contract Tower,4,4,7,35,50,0,0,23,16,39,4,4,30,51,89,48,0,48,137
08/02/2021,DHN,AL,ASO,ES,Federal Contract Tower,4,3,4,44,55,0,0,29,35,64,4,3,33,79,119,8,190,198,317
08/03/2021,DHN,AL,ASO,ES,Federal Contract Tower,5,1,44,77,127,0,0,18,10,28,5,1,62,87,155,48,58,106,261
08/04/2021,DHN,AL,ASO,ES,Federal Contract Tower,5,0,32,69,106,0,1,33,17,51,5,1,65,86,157,134,102,236,393
08/05/2021,DHN,AL,ASO,ES,Federal Contract Tower,6,2,12,57,77,0,1,54,36,91,6,3,66,93,168,98,160,258,426
08/06/2021,DHN,AL,ASO,ES,Federal Contract Tower,6,2,30,86,124,0,0,34,35,69,6,2,64,121,193,80,166,246,439
08/07/2021,DHN,AL,ASO,ES,Federal Contract Tower,4,0,13,3,20,0,0,15,0,15,4,0,28,3,35,50,0,50,85
08/08/2021,DHN,AL,ASO,ES,Federal Contract Tower,4,4,16,10,34,0,0,28,2,30,4,4,44,12,64,32,0,32,96
08/09/2021,DHN,AL,ASO,ES,Federal Contract Tower,5,3,18,84,110,0,1,61,27,89,5,4,79,111,199,82,134,216,415
08/10/2021,DHN,AL,ASO,ES,Federal Contract Tower,7,0,29,78,114,0,1,35,35,71,7,1,64,113,185,42,162,204,389
08/11/2021,DHN,AL,ASO,ES,Federal Contract Tower,4,0,25,106,135,0,0,41,52,93,4,0,66,158,228,124,156,280,508
08/12/2021,DHN,AL,ASO,ES,Federal Contract Tower,5,3,22,73,103,0,0,41,40,81,5,3,63,113,184,124,180,304,488
08/13/2021,DHN,AL,ASO,ES,Federal Contract Tower,7,5,24,57,93,0,0,58,28,86,7,5,82,85,179,84,158,242,421
08/14/2021,DHN,AL,ASO,ES,Federal Contract Tower,4,2,14,1,21,0,0,14,0,14,4,2,28,1,35,36,0,36,71
08/15/2021,DHN,AL,ASO,ES,Federal Contract Tower,5,2,17,4,28,0,0,23,0,23,5,2,40,4,51,12,0,12,63
08/16/2021,DHN,AL,ASO,ES,Federal Contract Tower,5,1,30,9,45,0,0,6,18,24,5,1,36,27,69,4,70,74,143
08/17/2021,DHN,AL,ASO,ES,Federal Contract Tower,4,0,38,45,87,0,0,29,14,43,4,0,67,59,130,20,80,100,230
08/18/2021,DHN,AL,ASO,ES,Federal Contract Tower,4,0,37,41,82,0,0,53,30,83,4,0,90,71,165,82,134,216,381
08/19/2021,DHN,AL,ASO,ES,Federal Contract Tower,4,5,40,54,103,0,0,38,25,63,4,5,78,79,166,86,100,186,352
08/20/2021,DHN,AL,ASO,ES,Federal Contract Tower,5,3,32,38,78,0,0,24,12,36,5,3,56,50,114,40,78,118,232
08/21/2021,DHN,AL,ASO,ES,Federal Contract Tower,3,0,11,3,17,0,0,15,4,19,3,0,26,7,36,60,0,60,96
08/22/2021,DHN,AL,ASO,ES,Federal Contract Tower,4,0,9,0,13,0,0,23,0,23,4,0,32,0,36,28,0,28,64
08/23/2021,DHN,AL,ASO,ES,Federal Contract Tower,6,1,42,68,117,0,1,71,13,85,6,2,113,81,202,110,18,128,330
08/24/2021,DHN,AL,ASO,ES,Federal Contract Tower,5,1,34,64,104,0,1,27,1,29,5,2,61,65,133,58,16,74,207
08/25/2021,DHN,AL,ASO,ES,Federal Contract Tower,5,1,39,53,98,0,0,39,16,55,5,1,78,69,153,112,14,126,279
08/26/2021,DHN,AL,ASO,ES,Federal Contract Tower,6,5,36,112,159,0,1,40,20,61,6,6,76,132,220,48,24,72,292
08/27/2021,DHN,AL,ASO,ES,Federal Contract Tower,4,2,72,94,172,0,0,26,16,42,4,2,98,110,214,52,44,96,310
08/28/2021,DHN,AL,ASO,ES,Federal Contract Tower,4,0,7,1,12,0,0,9,0,9,4,0,16,1,21,0,0,0,21
08/29/2021,DHN,AL,ASO,ES,Federal Contract Tower,4,0,4,0,8,0,0,6,0,6,4,0,10,0,14,0,0,0,14
08/30/2021,DHN,AL,ASO,ES,Federal Contract Tower,4,3,28,45,80,0,0,27,14,41,4,3,55,59,121,58,116,174,295
08/31/2021,DHN,AL,ASO,ES,Federal Contract Tower,6,0,12,13,31,0,0,4,0,4,6,0,16,13,35,6,0,6,41
09/01/2021,DHN,AL,ASO,ES,Federal Contract Tower,5,1,27,72,105,0,0,39,32,71,5,1,66,104,176,60,120,180,356
09/02/2021,DHN,AL,ASO,ES,Federal Contract Tower,6,4,43,56,109,0,0,15,25,40,6,4,58,81,149,4,106,110,259
09/03/2021,DHN,AL,ASO,ES,Federal Contract Tower,6,2,17,2,27,0,2,25,0,27,6,4,42,2,54,92,0,92,146
09/04/2021,DHN,AL,ASO,ES,Federal Contract Tower,4,0,11,0,15,0,1,32,0,33,4,1,43,0,48,32,0,32,80
09/05/2021,DHN,AL,ASO,ES,Federal Contract Tower,3,2,4,0,9,0,0,13,0,13,3,2,17,0,22,20,0,20,42
09/06/2021,DHN,AL,ASO,ES,Federal Contract Tower,6,1,21,0,28,0,0,19,0,19,6,1,40,0,47,88,0,88,135
09/07/2021,DHN,AL,ASO,ES,Federal Contract Tower,5,0,36,57,98,0,0,49,21,70,5,0,85,78,168,74,158,232,400
09/08/2021,DHN,AL,ASO,ES,Federal Contract Tower,6,0,34,41,81,0,0,15,9,24,6,0,49,50,105,56,50,106,211
09/09/2021,DHN,AL,ASO,ES,Federal Contract Tower,5,6,20,121,152,0,1,32,28,61,5,7,52,149,213,78,228,306,519
09/10/2021,DHN,AL,ASO,ES,Federal Contract Tower,5,4,38,65,112,0,0,48,28,76,5,4,86,93,188,70,130,200,388
09/11/2021,DHN,AL,ASO,ES,Federal Contract Tower,4,0,14,18,36,0,0,19,4,23,4,0,33,22,59,72,0,72,131
09/12/2021,DHN,AL,ASO,ES,Federal Contract Tower,4,0,31,15,50,0,0,14,4,18,4,0,45,19,68,0,0,0,68
09/13/2021,DHN,AL,ASO,ES,Federal Contract Tower,6,5,11,95,117,0,0,28,31,59,6,5,39,126,176,80,144,224,400
09/14/2021,DHN,AL,ASO,ES,Federal Contract Tower,5,1,33,140,179,0,0,46,27,73,5,1,79,167,252,82,170,252,504
09/15/2021,DHN,AL,ASO,ES,Federal Contract Tower,6,1,36,68,111,0,0,21,23,44,6,1,57,91,155,18,84,102,257
09/16/2021,DHN,AL,ASO,ES,Federal Contract Tower,6,4,39,82,131,0,0,14,6,20,6,4,53,88,151,56,28,84,235
09/17/2021,DHN,AL,ASO,ES,Federal Contract Tower,6,3,51,86,146,0,0,8,18,26,6,3,59,104,172,18,48,66,238
09/18/2021,DHN,AL,ASO,ES,Federal Contract Tower,5,2,11,0,18,0,0,0,0,0,5,2,11,0,18,0,0,0,18
09/19/2021,DHN,AL,ASO,ES,Federal Contract Tower,4,0,13,8,25,0,0,3,1,4,4,0,16,9,29,0,0,0,29
09/20/2021,DHN,AL,ASO,ES,Federal Contract Tower,6,3,37,77,123,0,0,28,1,29,6,3,65,78,152,140,2,142,294
09/21/2021,DHN,AL,ASO,ES,Federal Contract Tower,6,0,35,71,112,0,0,40,20,60,6,0,75,91,172,60,64,124,296
09/22/2021,DHN,AL,ASO,ES,Federal Contract Tower,6,0,40,85,131,0,0,39,27,66,6,0,79,112,197,126,154,280,477
09/23/2021,DHN,AL,ASO,ES,Federal Contract Tower,6,3,40,59,108,0,0,69,50,119,6,3,109,109,227,98,138,236,463
09/24/2021,DHN,AL,ASO,ES,Federal Contract Tower,6,4,33,23,66,0,0,69,34,103,6,4,102,57,169,66,112,178,347
09/25/2021,DHN,AL,ASO,ES,Federal Contract Tower,5,0,4,7,16,0,1,61,4,66,5,1,65,11,82,42,0,42,124
09/26/2021,DHN,AL,ASO,ES,Federal Contract Tower,5,0,22,0,27,0,1,32,2,35,5,1,54,2,62,42,0,42,104
09/27/2021,DHN,AL,ASO,ES,Federal Contract Tower,6,4,19,70,99,0,0,68,35,103,6,4,87,105,202,82,168,250,452
09/28/2021,DHN,AL,ASO,ES,Federal Contract Tower,4,1,24,110,139,0,0,60,54,114,4,1,84,164,253,20,106,126,379
09/29/2021,DHN,AL,ASO,ES,Federal Contract Tower,6,1,30,90,127,0,0,70,132,202,6,1,100,222,329,82,192,274,603
09/30/2021,DHN,AL,ASO,ES,Federal Contract Tower,6,4,27,98,135,0,0,49,32,81,6,4,76,130,216,46,88,134,350
10/01/2021,DHN,AL,ASO,ES,Federal Contract Tower,6,2,29,100,137,0,0,44,29,73,6,2,73,129,210,90,86,176,386
10/02/2021,DHN,AL,ASO,ES,Federal Contract Tower,5,1,22,8,36,0,0,14,0,14,5,1,36,8,50,4,0,4,54
10/03/2021,DHN,AL,ASO,ES,Federal Contract Tower,5,1,9,24,39,0,0,11,9,20,5,1,20,33,59,6,0,6,65
10/04/2021,DHN,AL,ASO,ES,Federal Contract Tower,5,2,28,145,180,0,0,36,36,72,5,2,64,181,252,72,68,140,392
10/05/2021,DHN,AL,ASO,ES,Federal Contract Tower,5,1,73,88,167,0,0,25,9,34,5,1,98,97,201,10,64,74,275
10/06/2021,DHN,AL,ASO,ES,Federal Contract Tower,6,3,25,94,128,0,0,23,7,30,6,3,48,101,158,46,42,88,246
10/07/2021,DHN,AL,ASO,ES,Federal Contract Tower,7,2,57,81,147,0,0,9,2,11,7,2,66,83,158,28,2,30,188
10/08/2021,DHN,AL,ASO,ES,Federal Contract Tower,6,3,45,66,120,0,0,33,6,39,6,3,78,72,159,20,12,32,191
10/09/2021,DHN,AL,ASO,ES,Federal Contract Tower,5,0,12,0,17,0,0,26,0,26,5,0,38,0,43,14,0,14,57
10/10/2021,DHN,AL,ASO,ES,Federal Contract Tower,5,0,21,1,27,0,0,23,2,25,5,0,44,3,52,20,0,20,72
10/11/2021,DHN,AL,ASO,ES,Federal Contract Tower,5,4,23,0,32,0,0,31,0,31,5,4,54,0,63,60,0,60,123
10/12/2021,DHN,AL,ASO,ES,Federal Contract Tower,6,0,27,66,99,0,0,42,20,62,6,0,69,86,161,62,54,116,277
10/13/2021,DHN,AL,ASO,ES,Federal Contract Tower,5,2,18,40,65,0,0,57,36,93,5,2,75,76,158,54,88,142,300
10/14/2021,DHN,AL,ASO,ES,Federal Contract Tower,7,0,24,64,95,0,0,49,18,67,7,0,73,82,162,74,40,114,276
10/15/2021,DHN,AL,ASO,ES,Federal Contract Tower,5,0,30,66,101,0,1,56,25,82,5,1,86,91,183,64,94,158,341
10/16/2021,DHN,AL,ASO,ES,Federal Contract Tower,4,0,12,27,43,0,0,18,1,19,4,0,30,28,62,20,0,20,82
10/17/2021,DHN,AL,ASO,ES,Federal Contract Tower,5,1,18,17,41,0,0,18,12,30,5,1,36,29,71,2,6,8,79
10/18/2021,DHN,AL,ASO,ES,Federal Contract Tower,6,4,31,80,121,0,2,50,32,84,6,6,81,112,205,166,140,306,511
10/19/2021,DHN,AL,ASO,ES,Federal Contract Tower,6,0,35,106,147,0,0,50,30,80,6,0,85,136,227,88,140,228,455
10/20/2021,DHN,AL,ASO,ES,Federal Contract Tower,6,0,38,98,142,0,0,34,20,54,6,0,72,118,196,80,136,216,412
10/21/2021,DHN,AL,ASO,ES,Federal Contract Tower,5,3,24,56,88,0,0,34,38,72,5,3,58,94,160,74,202,276,436
10/22/2021,DHN,AL,ASO,ES,Federal Contract Tower,6,2,31,58,97,0,0,42,15,57,6,2,73,73,154,142,134,276,430
10/23/2021,DHN,AL,ASO,ES,Federal Contract Tower,5,0,22,0,27,0,0,37,2,39,5,0,59,2,66,48,2,50,116
10/24/2021,DHN,AL,ASO,ES,Federal Contract Tower,5,1,26,24,56,0,1,38,6,45,5,2,64,30,101,66,0,66,167
10/25/2021,DHN,AL,ASO,ES,Federal Contract Tower,6,3,43,75,127,0,1,27,10,38,6,4,70,85,165,86,28,114,279
10/26/2021,DHN,AL,ASO,ES,Federal Contract Tower,6,1,34,114,155,0,0,53,31,84,6,1,87,145,239,64,136,200,439
10/27/2021,DHN,AL,ASO,ES,Federal Contract Tower,4,0,18,83,105,0,0,39,22,61,4,0,57,105,166,59,150,209,375
10/28/2021,DHN,AL,ASO,ES,Federal Contract Tower,6,2,21,43,72,0,2,15,21,38,6,4,36,64,110,4,16,20,130
10/29/2021,DHN,AL,ASO,ES,Federal Contract Tower,5,2,8,68,83,0,0,32,22,54,5,2,40,90,137,28,118,146,283
10/30/2021,DHN,AL,ASO,ES,Federal Contract Tower,5,0,5,0,10,0,0,13,0,13,5,0,18,0,23,44,0,44,67
10/31/2021,DHN,AL,ASO,ES,Federal Contract Tower,5,2,19,8,34,0,0,24,0,24,5,2,43,8,58,48,0,48,106
11/01/2021,DHN,AL,ASO,ES,Federal Contract Tower,6,3,23,98,130,0,0,39,28,67,6,3,62,126,197,34,118,152,349
11/02/2021,DHN,AL,ASO,ES,Federal Contract Tower,5,0,21,87,113,0,0,50,43,93,5,0,71,130,206,22,177,199,405
11/03/2021,DHN,AL,ASO,ES,Federal Contract Tower,6,1,27,68,102,0,0,29,35,64,6,1,56,103,166,0,144,144,310
11/04/2021,DHN,AL,ASO,ES,Federal Contract Tower,5,3,38,112,158,0,0,17,17,34,5,3,55,129,192,12,78,90,282
11/05/2021,DHN,AL,ASO,ES,Federal Contract Tower,6,2,26,59,93,0,0,17,20,37,6,2,43,79,130,6,80,86,216
11/06/2021,DHN,AL,ASO,ES,Federal Contract Tower,7,0,6,2,15,0,0,16,2,18,7,0,22,4,33,24,6,30,63
11/07/2021,DHN,AL,ASO,ES,Federal Contract Tower,7,0,18,14,39,0,0,42,5,47,7,0,60,19,86,34,0,34,120
11/08/2021,DHN,AL,ASO,ES,Federal Contract Tower,4,3,11,70,88,0,0,32,14,46,4,3,43,84,134,50,62,112,246
11/09/2021,DHN,AL,ASO,ES,Federal Contract Tower,5,0,45,59,109,0,0,36,29,65,5,0,81,88,174,18,132,150,324
11/10/2021,DHN,AL,ASO,ES,Federal Contract Tower,4,0,23,57,84,0,2,35,26,63,4,2,58,83,147,66,110,176,323
11/11/2021,DHN,AL,ASO,ES,Federal Contract Tower,5,2,11,8,26,0,0,3,0,3,5,2,14,8,29,16,0,16,45
11/12/2021,DHN,AL,ASO,ES,Federal Contract Tower,4,5,26,45,80,0,0,51,19,70,4,5,77,64,150,48,94,142,292
11/13/2021,DHN,AL,ASO,ES,Federal Contract Tower,3,0,9,27,39,0,0,20,2,22,3,0,29,29,61,16,0,16,77
11/14/2021,DHN,AL,ASO,ES,Federal Contract Tower,5,0,22,5,32,0,0,46,0,46,5,0,68,5,78,40,0,40,118
11/15/2021,DHN,AL,ASO,ES,Federal Contract Tower,6,3,16,66,91,0,2,46,17,65,6,5,62,83,156,72,46,118,274
11/16/2021,DHN,AL,ASO,ES,Federal Contract Tower,6,0,27,64,97,0,0,44,19,63,6,0,71,83,160,50,48,98,258
11/17/2021,DHN,AL,ASO,ES,Federal Contract Tower,6,0,21,68,95,0,0,43,27,70,6,0,64,95,165,22,116,138,303
11/18/2021,DHN,AL,ASO,ES,Federal Contract Tower,5,4,18,83,110,0,0,36,32,68,5,4,54,115,178,4,118,122,300
11/19/2021,DHN,AL,ASO,ES,Federal Contract Tower,6,2,15,29,52,0,0,30,39,69,6,2,45,68,121,36,142,178,299
11/20/2021,DHN,AL,ASO,ES,Federal Contract Tower,3,0,7,10,20,0,0,20,5,25,3,0,27,15,45,110,6,116,161
11/21/2021,DHN,AL,ASO,ES,Federal Contract Tower,4,2,14,17,37,0,0,29,9,38,4,2,43,26,75,66,0,66,141
11/22/2021,DHN,AL,ASO,ES,Federal Contract Tower,4,2,53,73,132,0,0,18,27,45,4,2,71,100,177,8,176,184,361
11/23/2021,DHN,AL,ASO,ES,Federal Contract Tower,4,0,15,43,62,0,0,49,41,90,4,0,64,84,152,50,138,188,340
11/24/2021,DHN,AL,ASO,ES,Federal Contract Tower,6,1,16,39,62,0,2,65,30,97,6,3,81,69,159,38,88,126,285
11/25/2021,DHN,AL,ASO,ES,Federal Contract Tower,4,0,0,0,4,0,0,2,0,2,4,0,2,0,6,0,0,0,6
11/26/2021,DHN,AL,ASO,ES,Federal Contract Tower,4,4,11,0,19,0,0,16,0,16,4,4,27,0,35,0,0,0,35
11/27/2021,DHN,AL,ASO,ES,Federal Contract Tower,6,0,22,0,28,0,0,17,0,17,6,0,39,0,45,40,0,40,85
11/28/2021,DHN,AL,ASO,ES,Federal Contract Tower,5,1,18,0,24,0,1,13,0,14,5,2,31,0,38,22,0,22,60
11/29/2021,DHN,AL,ASO,ES,Federal Contract Tower,5,2,21,60,88,0,0,46,31,77,5,2,67,91,165,32,190,222,387
11/30/2021,DHN,AL,ASO,ES,Federal Contract Tower,4,1,16,94,115,0,0,20,29,49,4,1,36,123,164,14,202,216,380
12/01/2021,DHN,AL,ASO,ES,Federal Contract Tower,3,1,13,108,125,0,0,22,33,55,3,1,35,141,180,46,242,288,468
12/02/2021,DHN,AL,ASO,ES,Federal Contract Tower,6,8,30,86,130,0,0,17,13,30,6,8,47,99,160,16,94,110,270
12/03/2021,DHN,AL,ASO,ES,Federal Contract Tower,5,2,33,87,127,1,0,34,29,64,6,2,67,116,191,6,114,120,311
12/04/2021,DHN,AL,ASO,ES,Federal Contract Tower,3,1,13,27,44,0,0,20,1,21,3,1,33,28,65,62,0,62,127
12/05/2021,DHN,AL,ASO,ES,Federal Contract Tower,6,5,13,10,34,0,0,12,2,14,6,5,25,12,48,10,0,10,58
12/06/2021,DHN,AL,ASO,ES,Federal Contract Tower,7,2,33,97,139,0,0,14,25,39,7,2,47,122,178,48,134,182,360
12/07/2021,DHN,AL,ASO,ES,Federal Contract Tower,3,0,20,55,78,0,0,0,0,0,3,0,20,55,78,0,0,0,78
12/08/2021,DHN,AL,ASO,ES,Federal Contract Tower,4,3,35,63,105,0,0,6,0,6,4,3,41,63,111,24,0,24,135
12/09/2021,DHN,AL,ASO,ES,Federal Contract Tower,5,2,19,28,54,0,0,0,0,0,5,2,19,28,54,0,0,0,54
12/10/2021,DHN,AL,ASO,ES,Federal Contract Tower,6,2,23,51,82,0,0,10,12,22,6,2,33,63,104,40,38,78,182
12/11/2021,DHN,AL,ASO,ES,Federal Contract Tower,4,0,8,1,13,0,0,6,0,6,4,0,14,1,19,20,0,20,39
12/12/2021,DHN,AL,ASO,ES,Federal Contract Tower,5,3,17,9,34,0,2,15,4,21,5,5,32,13,55,24,0,24,79
12/13/2021,DHN,AL,ASO,ES,Federal Contract Tower,7,2,24,81,114,0,0,22,8,30,7,2,46,89,144,20,68,88,232
12/14/2021,DHN,AL,ASO,ES,Federal Contract Tower,4,1,49,95,149,0,0,28,19,47,4,1,77,114,196,57,110,167,363
12/15/2021,DHN,AL,ASO,ES,Federal Contract Tower,4,0,22,56,82,0,0,11,9,20,4,0,33,65,102,15,62,77,179
12/16/2021,DHN,AL,ASO,ES,Federal Contract Tower,6,4,34,106,150,0,0,22,19,41,6,4,56,125,191,116,86,202,393
12/17/2021,DHN,AL,ASO,ES,Federal Contract Tower,6,5,25,36,72,0,0,3,12,15,6,5,28,48,87,12,42,54,141
12/18/2021,DHN,AL,ASO,ES,Federal Contract Tower,4,0,17,0,21,0,0,8,0,8,4,0,25,0,29,26,0,26,55
12/19/2021,DHN,AL,ASO,ES,Federal Contract Tower,5,2,14,0,21,0,0,2,0,2,5,2,16,0,23,0,0,0,23
12/20/2021,DHN,AL,ASO,ES,Federal Contract Tower,6,2,13,0,21,0,0,6,0,6,6,2,19,0,27,0,0,0,27
12/21/2021,DHN,AL,ASO,ES,Federal Contract Tower,5,7,13,7,32,0,0,0,0,0,5,7,13,7,32,0,0,0,32
12/22/2021,DHN,AL,ASO,ES,Federal Contract Tower,6,2,19,17,44,0,0,40,8,48,6,2,59,25,92,96,14,110,202
12/23/2021,DHN,AL,ASO,ES,Federal Contract Tower,6,7,14,1,28,0,0,18,7,25,6,7,32,8,53,24,26,50,103
12/24/2021,DHN,AL,ASO,ES,Federal Contract Tower,4,0,7,0,11,0,0,10,0,10,4,0,17,0,21,4,0,4,25
12/25/2021,DHN,AL,ASO,ES,Federal Contract Tower,3,0,2,0,5,0,3,3,0,6,3,3,5,0,11,0,0,0,11
12/26/2021,DHN,AL,ASO,ES,Federal Contract Tower,5,0,25,0,30,0,0,8,0,8,5,0,33,0,38,6,0,6,44
12/27/2021,DHN,AL,ASO,ES,Federal Contract Tower,6,2,10,0,18,0,0,3,0,3,6,2,13,0,21,0,0,0,21
12/28/2021,DHN,AL,ASO,ES,Federal Contract Tower,6,4,10,16,36,0,0,2,5,7,6,4,12,21,43,0,32,32,75
12/29/2021,DHN,AL,ASO,ES,Federal Contract Tower,5,0,19,2,26,0,0,2,0,2,5,0,21,2,28,0,0,0,28
12/30/2021,DHN,AL,ASO,ES,Federal Contract Tower,5,4,19,2,30,0,0,0,2,2,5,4,19,4,32,0,0,0,32
12/31/2021,DHN,AL,ASO,ES,Federal Contract Tower,4,0,7,0,11,0,0,1,0,1,4,0,8,0,12,0,0,0,12
01/01/2022,DHN,AL,ASO,ES,Federal Contract Tower,3,1,17,0,21,0,0,5,0,5,3,1,22,0,26,4,0,4,30
01/02/2022,DHN,AL,ASO,ES,Federal Contract Tower,4,0,2,0,6,0,0,0,0,0,4,0,2,0,6,0,0,0,6
01/03/2022,DHN,AL,ASO,ES,Federal Contract Tower,6,4,13,7,30,0,0,36,7,43,6,4,49,14,73,134,48,182,255
01/04/2022,DHN,AL,ASO,ES,Federal Contract Tower,6,1,20,65,92,0,0,35,30,65,6,1,55,95,157,18,110,128,285
01/05/2022,DHN,AL,ASO,ES,Federal Contract Tower,7,0,22,85,114,0,0,46,29,75,7,0,68,114,189,38,106,144,333
01/06/2022,DHN,AL,ASO,ES,Federal Contract Tower,4,2,16,34,56,0,0,25,35,60,4,2,41,69,116,12,113,125,241
01/07/2022,DHN,AL,ASO,ES,Federal Contract Tower,4,4,22,56,86,0,0,48,28,76,4,4,70,84,162,90,92,182,344
01/08/2022,DHN,AL,ASO,ES,Federal Contract Tower,3,1,7,4,15,0,0,70,1,71,3,1,77,5,86,60,10,70,156
01/09/2022,DHN,AL,ASO,ES,Federal Contract Tower,3,1,3,11,18,0,0,3,0,3,3,1,6,11,21,0,0,0,21
01/10/2022,DHN,AL,ASO,ES,Federal Contract Tower,6,6,24,79,115,1,2,23,38,64,7,8,47,117,179,32,160,192,371
01/11/2022,DHN,AL,ASO,ES,Federal Contract Tower,4,0,19,106,129,0,0,59,35,94,4,0,78,141,223,68,132,200,423
01/12/2022,DHN,AL,ASO,ES,Federal Contract Tower,4,0,30,68,102,0,0,64,47,111,4,0,94,115,213,52,162,214,427
01/13/2022,DHN,AL,ASO,ES,Federal Contract Tower,6,4,22,72,104,0,0,41,28,69,6,4,63,100,173,24,94,118,291
01/14/2022,DHN,AL,ASO,ES,Federal Contract Tower,4,2,27,69,102,0,0,44,28,72,4,2,71,97,174,64,100,164,338
01/15/2022,DHN,AL,ASO,ES,Federal Contract Tower,4,0,10,0,14,0,0,8,0,8,4,0,18,0,22,20,0,20,42
01/16/2022,DHN,AL,ASO,ES,Federal Contract Tower,2,0,5,0,7,0,0,0,0,0,2,0,5,0,7,0,0,0,7
01/17/2022,DHN,AL,ASO,ES,Federal Contract Tower,6,2,11,4,23,0,0,13,0,13,6,2,24,4,36,16,0,16,52
01/18/2022,DHN,AL,ASO,ES,Federal Contract Tower,4,4,29,24,61,0,0,47,16,63,4,4,76,40,124,132,104,236,360
01/19/2022,DHN,AL,ASO,ES,Federal Contract Tower,4,1,40,94,139,0,0,40,31,71,4,1,80,125,210,66,78,144,354
01/20/2022,DHN,AL,ASO,ES,Federal Contract Tower,5,2,53,85,145,0,0,1,0,1,5,2,54,85,146,0,0,0,146
01/21/2022,DHN,AL,ASO,ES,Federal Contract Tower,6,7,31,15,59,0,0,0,0,0,6,7,31,15,59,0,0,0,59
01/22/2022,DHN,AL,ASO,ES,Federal Contract Tower,3,0,9,6,18,0,0,2,0,2,3,0,11,6,20,24,0,24,44
01/23/2022,DHN,AL,ASO,ES,Federal Contract Tower,7,2,6,9,24,0,2,30,2,34,7,4,36,11,58,74,0,74,132
01/24/2022,DHN,AL,ASO,ES,Federal Contract Tower,3,2,25,70,100,0,0,63,17,80,3,2,88,87,180,94,112,206,386
01/25/2022,DHN,AL,ASO,ES,Federal Contract Tower,4,0,60,73,137,0,0,15,3,18,4,0,75,76,155,64,26,90,245
01/26/2022,DHN,AL,ASO,ES,Federal Contract Tower,4,0,31,70,105,0,0,48,13,61,4,0,79,83,166,44,104,148,314
01/27/2022,DHN,AL,ASO,ES,Federal Contract Tower,6,4,23,73,106,0,0,44,15,59,6,4,67,88,165,22,34,56,221
01/28/2022,DHN,AL,ASO,ES,Federal Contract Tower,4,2,18,43,67,0,0,40,10,50,4,2,58,53,117,8,66,74,191
01/29/2022,DHN,AL,ASO,ES,Federal Contract Tower,3,0,9,8,20,0,0,26,0,26,3,0,35,8,46,18,0,18,64
01/30/2022,DHN,AL,ASO,ES,Federal Contract Tower,6,0,10,5,21,0,0,12,5,17,6,0,22,10,38,2,0,2,40
01/31/2022,DHN,AL,ASO,ES,Federal Contract Tower,5,7,22,37,71,0,0,51,17,68,5,7,73,54,139,40,46,86,225
02/01/2022,DHN,AL,ASO,ES,Federal Contract Tower,5,2,39,57,103,0,0,42,32,74,5,2,81,89,177,62,104,166,343
02/02/2022,DHN,AL,ASO,ES,Federal Contract Tower,4,0,25,74,103,0,4,44,32,80,4,4,69,106,183,32,164,196,379
02/03/2022,DHN,AL,ASO,ES,Federal Contract Tower,6,3,24,63,96,0,0,11,15,26,6,3,35,78,122,10,44,54,176
02/04/2022,DHN,AL,ASO,ES,Federal Contract Tower,5,4,11,25,45,0,0,0,0,0,5,4,11,25,45,0,0,0,45
02/05/2022,DHN,AL,ASO,ES,Federal Contract Tower,3,0,26,3,32,0,1,18,2,21,3,1,44,5,53,44,0,44,97
02/06/2022,DHN,AL,ASO,ES,Federal Contract Tower,4,2,15,5,26,0,0,9,0,9,4,2,24,5,35,20,0,20,55
02/07/2022,DHN,AL,ASO,ES,Federal Contract Tower,6,2,31,73,112,0,0,8,6,14,6,2,39,79,126,46,0,46,172
02/08/2022,DHN,AL,ASO,ES,Federal Contract Tower,4,0,17,138,159,0,1,54,50,105,4,1,71,188,264,56,142,198,462
02/09/2022,DHN,AL,ASO,ES,Federal Contract Tower,4,0,35,79,118,0,0,55,33,88,4,0,90,112,206,78,82,160,366
02/10/2022,DHN,AL,ASO,ES,Federal Contract Tower,6,4,24,54,88,0,0,39,22,61,6,4,63,76,149,96,104,200,349
02/11/2022,DHN,AL,ASO,ES,Federal Contract Tower,6,2,21,45,74,0,2,35,25,62,6,4,56,70,136,34,150,184,320
02/12/2022,DHN,AL,ASO,ES,Federal Contract Tower,3,1,8,12,24,0,0,63,2,65,3,1,71,14,89,18,20,38,127
02/13/2022,DHN,AL,ASO,ES,Federal Contract Tower,3,0,15,33,51,0,0,16,21,37,3,0,31,54,88,14,4,18,106
02/14/2022,DHN,AL,ASO,ES,Federal Contract Tower,4,4,13,64,85,0,1,45,26,72,4,5,58,90,157,46,94,140,297
02/15/2022,DHN,AL,ASO,ES,Federal Contract Tower,4,0,30,60,94,0,0,54,34,88,4,0,84,94,182,26,154,180,362
02/16/2022,DHN,AL,ASO,ES,Federal Contract Tower,4,1,33,54,92,0,1,61,39,101,4,2,94,93,193,88,116,204,397
02/17/2022,DHN,AL,ASO,ES,Federal Contract Tower,6,2,27,79,114,0,0,2,4,6,6,2,29,83,120,6,62,68,188
02/18/2022,DHN,AL,ASO,ES,Federal Contract Tower,6,3,58,70,137,0,0,21,17,38,6,3,79,87,175,26,44,70,245
02/19/2022,DHN,AL,ASO,ES,Federal Contract Tower,3,1,7,0,11,0,0,23,0,23,3,1,30,0,34,20,0,20,54
02/20/2022,DHN,AL,ASO,ES,Federal Contract Tower,3,1,23,0,27,0,0,2,43,45,3,1,25,43,72,8,0,8,80
02/21/2022,DHN,AL,ASO,ES,Federal Contract Tower,7,4,23,6,40,0,0,39,0,39,7,4,62,6,79,56,0,56,135
02/22/2022,DHN,AL,ASO,ES,Federal Contract Tower,4,6,26,128,164,0,0,27,18,45,4,6,53,146,209,20,60,80,289
02/23/2022,DHN,AL,ASO,ES,Federal Contract Tower,4,6,25,92,127,0,0,31,19,50,4,6,56,111,177,36,42,78,255
02/24/2022,DHN,AL,ASO,ES,Federal Contract Tower,6,2,22,72,102,0,0,30,30,60,6,2,52,102,162,66,88,154,316
02/25/2022,DHN,AL,ASO,ES,Federal Contract Tower,6,4,37,128,175,0,5,32,22,59,6,9,69,150,234,40,40,80,314
02/26/2022,DHN,AL,ASO,ES,Federal Contract Tower,3,0,18,10,31,0,0,26,5,31,3,0,44,15,62,8,0,8,70
02/27/2022,DHN,AL,ASO,ES,Federal Contract Tower,5,3,21,29,58,0,0,27,1,28,5,3,48,30,86,12,0,12,98
02/28/2022,DHN,AL,ASO,ES,Federal Contract Tower,6,6,24,56,92,0,0,21,22,43,6,6,45,78,135,32,48,80,215
03/01/2022,DHN,AL,ASO,ES,Federal Contract Tower,6,2,12,41,61,0,0,45,13,58,6,2,57,54,119,54,56,110,229
03/02/2022,DHN,AL,ASO,ES,Federal Contract Tower,4,0,15,60,79,0,0,39,19,58,4,0,54,79,137,8,114,122,259
03/03/2022,DHN,AL,ASO,ES,Federal Contract Tower,6,2,32,69,109,0,0,55,25,80,6,2,87,94,189,66,110,176,365
03/04/2022,DHN,AL,ASO,ES,Federal Contract Tower,6,3,25,42,76,0,1,65,36,102,6,4,90,78,178,60,126,186,364
03/05/2022,DHN,AL,ASO,ES,Federal Contract Tower,3,1,19,2,25,0,0,2,37,39,3,1,21,39,64,8,0,8,72
03/06/2022,DHN,AL,ASO,ES,Federal Contract Tower,5,2,11,21,39,0,0,22,5,27,5,2,33,26,66,16,4,20,86
03/07/2022,DHN,AL,ASO,ES,Federal Contract Tower,6,2,19,114,141,0,0,28,20,48,6,2,47,134,189,54,94,148,337
03/08/2022,DHN,AL,ASO,ES,Federal Contract Tower,6,3,33,112,154,0,0,29,15,44,6,3,62,127,198,0,34,34,232
03/09/2022,DHN,AL,ASO,ES,Federal Contract Tower,4,0,56,65,125,0,0,0,0,0,4,0,56,65,125,0,0,0,125
03/10/2022,DHN,AL,ASO,ES,Federal Contract Tower,5,2,43,71,121,0,0,14,5,19,5,2,57,76,140,8,26,34,174
03/11/2022,DHN,AL,ASO,ES,Federal Contract Tower,6,4,16,7,33,0,0,0,0,0,6,4,16,7,33,0,0,0,33
03/12/2022,DHN,AL,ASO,ES,Federal Contract Tower,3,0,13,3,19,0,0,1,1,2,3,0,14,4,21,0,0,0,21
03/13/2022,DHN,AL,ASO,ES,Federal Contract Tower,4,0,9,20,33,0,0,84,4,88,4,0,93,24,121,52,14,66,187
03/14/2022,DHN,AL,ASO,ES,Federal Contract Tower,7,6,28,44,85,0,0,64,29,93,7,6,92,73,178,40,80,120,298
03/15/2022,DHN,AL,ASO,ES,Federal Contract Tower,4,7,34,49,94,0,3,14,9,26,4,10,48,58,120,26,64,90,210
03/16/2022,DHN,AL,ASO,ES,Federal Contract Tower,6,1,36,46,89,0,4,48,24,76,6,5,84,70,165,54,52,106,271
03/17/2022,DHN,AL,ASO,ES,Federal Contract Tower,7,4,37,60,108,0,0,50,43,93,7,4,87,103,201,130,118,248,449
03/18/2022,DHN,AL,ASO,ES,Federal Contract Tower,6,5,18,0,29,0,0,0,0,0,6,5,18,0,29,0,0,0,29
03/19/2022,DHN,AL,ASO,ES,Federal Contract Tower,5,2,16,14,37,0,0,14,2,16,5,2,30,16,53,34,0,34,87
03/20/2022,DHN,AL,ASO,ES,Federal Contract Tower,5,6,32,23,66,0,0,19,0,19,5,6,51,23,85,30,0,30,115
03/21/2022,DHN,AL,ASO,ES,Federal Contract Tower,7,5,18,86,116,0,2,47,37,86,7,7,65,123,202,44,144,188,390
03/22/2022,DHN,AL,ASO,ES,Federal Contract Tower,4,1,32,69,106,0,0,42,39,81,4,1,74,108,187,72,56,128,315
03/23/2022,DHN,AL,ASO,ES,Federal Contract Tower,4,0,25,106,135,0,0,24,21,45,4,0,49,127,180,60,54,114,294
03/24/2022,DHN,AL,ASO,ES,Federal Contract Tower,6,2,26,82,116,2,0,44,29,75,8,2,70,111,191,64,152,216,407
03/25/2022,DHN,AL,ASO,ES,Federal Contract Tower,7,8,42,52,109,0,9,40,20,69,7,17,82,72,178,26,112,138,316
03/26/2022,DHN,AL,ASO,ES,Federal Contract Tower,4,1,12,0,17,0,0,10,2,12,4,1,22,2,29,22,0,22,51
03/27/2022,DHN,AL,ASO,ES,Federal Contract Tower,5,2,13,18,38,0,0,35,5,40,5,2,48,23,78,38,0,38,116
03/28/2022,DHN,AL,ASO,ES,Federal Contract Tower,4,2,25,54,85,0,0,59,30,89,4,2,84,84,174,62,99,161,335
03/29/2022,DHN,AL,ASO,ES,Federal Contract Tower,5,0,30,88,123,0,0,39,16,55,5,0,69,104,178,24,62,86,264
03/30/2022,DHN,AL,ASO,ES,Federal Contract Tower,3,1,20,30,54,0,0,39,29,68,3,1,59,59,122,8,60,68,190
03/31/2022,DHN,AL,ASO,ES,Federal Contract Tower,6,3,24,52,85,0,0,44,31,75,6,3,68,83,160,60,252,312,472
04/01/2022,DHN,AL,ASO,ES,Federal Contract Tower,7,2,25,59,93,0,0,64,44,108,7,2,89,103,201,44,144,188,389
04/02/2022,DHN,AL,ASO,ES,Federal Contract Tower,4,0,13,1,18,0,0,23,0,23,4,0,36,1,41,26,0,26,67
04/03/2022,DHN,AL,ASO,ES,Federal Contract Tower,5,4,10,10,29,0,0,25,1,26,5,4,35,11,55,46,0,46,101
04/04/2022,DHN,AL,ASO,ES,Federal Contract Tower,6,2,26,99,133,0,0,28,22,50,6,2,54,121,183,82,96,178,361
04/05/2022,DHN,AL,ASO,ES,Federal Contract Tower,4,1,31,53,89,0,0,0,1,1,4,1,31,54,90,0,2,2,92
04/06/2022,DHN,AL,ASO,ES,Federal Contract Tower,4,1,21,87,113,0,0,13,43,56,4,1,34,130,169,4,48,52,221
04/07/2022,DHN,AL,ASO,ES,Federal Contract Tower,6,2,22,87,117,0,2,26,36,64,6,4,48,123,181,24,120,144,325
04/08/2022,DHN,AL,ASO,ES,Federal Contract Tower,6,2,18,42,68,0,0,32,17,49,6,2,50,59,117,26,58,84,201
04/09/2022,DHN,AL,ASO,ES,Federal Contract Tower,3,0,6,1,10,0,0,11,0,11,3,0,17,1,21,32,0,32,53
04/10/2022,DHN,AL,ASO,ES,Federal Contract Tower,4,1,19,6,30,0,0,78,2,80,4,1,97,8,110,44,0,44,154
04/11/2022,DHN,AL,ASO,ES,Federal Contract Tower,5,4,17,63,89,0,0,45,14,59,5,4,62,77,148,90,72,162,310
04/12/2022,DHN,AL,ASO,ES,Federal Contract Tower,8,1,26,113,148,0,1,36,25,62,8,2,62,138,210,60,66,126,336
04/13/2022,DHN,AL,ASO,ES,Federal Contract Tower,6,0,26,112,144,0,2,38,17,57,6,2,64,129,201,46,48,94,295
04/14/2022,DHN,AL,ASO,ES,Federal Contract Tower,5,6,45,39,95,0,0,22,8,30,5,6,67,47,125,38,0,38,163
04/15/2022,DHN,AL,ASO,ES,Federal Contract Tower,6,2,30,54,92,0,0,29,17,46,6,2,59,71,138,30,56,86,224
04/16/2022,DHN,AL,ASO,ES,Federal Contract Tower,3,2,5,0,10,0,0,3,0,3,3,2,8,0,13,0,0,0,13
04/17/2022,DHN,AL,ASO,ES,Federal Contract Tower,7,0,7,0,14,0,0,2,0,2,7,0,9,0,16,4,0,4,20
04/18/2022,DHN,AL,ASO,ES,Federal Contract Tower,5,5,27,62,99,0,0,16,8,24,5,5,43,70,123,30,4,34,157
04/19/2022,DHN,AL,ASO,ES,Federal Contract Tower,5,0,24,81,110,0,0,65,21,86,5,0,89,102,196,64,45,109,305
04/20/2022,DHN,AL,ASO,ES,Federal Contract Tower,5,1,36,63,105,0,0,65,28,93,5,1,101,91,198,94,96,190,388
04/21/2022,DHN,AL,ASO,ES,Federal Contract Tower,6,3,16,56,81,0,0,50,17,67,6,3,66,73,148,66,56,122,270
04/22/2022,DHN,AL,ASO,ES,Federal Contract Tower,4,2,43,64,113,0,0,79,16,95,4,2,122,80,208,96,62,158,366
04/23/2022,DHN,AL,ASO,ES,Federal Contract Tower,4,0,14,4,22,0,0,31,4,35,4,0,45,8,57,34,0,34,91
04/24/2022,DHN,AL,ASO,ES,Federal Contract Tower,5,0,15,39,59,0,2,30,10,42,5,2,45,49,101,50,0,50,151
04/25/2022,DHN,AL,ASO,ES,Federal Contract Tower,6,3,36,69,114,0,0,67,57,124,6,3,103,126,238,78,42,120,358
04/26/2022,DHN,AL,ASO,ES,Federal Contract Tower,6,2,39,63,110,0,2,20,12,34,6,4,59,75,144,28,33,61,205
04/27/2022,DHN,AL,ASO,ES,Federal Contract Tower,5,2,41,44,92,0,0,48,28,76,5,2,89,72,168,34,90,124,292
04/28/2022,DHN,AL,ASO,ES,Federal Contract Tower,5,6,27,40,78,0,1,36,20,57,5,7,63,60,135,36,56,92,227
04/29/2022,DHN,AL,ASO,ES,Federal Contract Tower,5,2,40,33,80,0,0,39,27,66,5,2,79,60,146,54,109,163,309
04/30/2022,DHN,AL,ASO,ES,Federal Contract Tower,3,1,13,0,17,0,0,18,0,18,3,1,31,0,35,2,0,2,37
05/01/2022,DHN,AL,ASO,ES,Federal Contract Tower,5,0,14,26,45,0,0,12,7,19,5,0,26,33,64,0,10,10,74
05/02/2022,DHN,AL,ASO,ES,Federal Contract Tower,6,5,25,66,102,0,0,23,14,37,6,5,48,80,139,52,58,110,249
05/03/2022,DHN,AL,ASO,ES,Federal Contract Tower,5,0,47,104,156,0,0,41,40,81,5,0,88,144,237,16,132,148,385
05/04/2022,DHN,AL,ASO,ES,Federal Contract Tower,6,7,46,68,127,0,4,20,22,46,6,11,66,90,173,40,120,160,333
05/05/2022,DHN,AL,ASO,ES,Federal Contract Tower,5,5,19,86,115,0,0,26,31,57,5,5,45,117,172,42,114,156,328
05/06/2022,DHN,AL,ASO,ES,Federal Contract Tower,6,6,4,23,39,0,0,7,1,8,6,6,11,24,47,0,14,14,61
05/07/2022,DHN,AL,ASO,ES,Federal Contract Tower,5,0,6,0,11,0,0,17,0,17,5,0,23,0,28,18,0,18,46
05/08/2022,DHN,AL,ASO,ES,Federal Contract Tower,5,1,10,2,18,0,0,27,5,32,5,1,37,7,50,48,0,48,98
05/09/2022,DHN,AL,ASO,ES,Federal Contract Tower,4,4,15,63,86,0,0,37,30,67,4,4,52,93,153,50,60,110,263
05/10/2022,DHN,AL,ASO,ES,Federal Contract Tower,7,0,22,60,89,0,1,43,27,71,7,1,65,87,160,84,54,138,298
05/11/2022,DHN,AL,ASO,ES,Federal Contract Tower,6,1,24,88,119,0,4,46,21,71,6,5,70,109,190,36,74,110,300
05/12/2022,DHN,AL,ASO,ES,Federal Contract Tower,6,2,35,91,134,0,0,42,37,79,6,2,77,128,213,80,130,210,423
05/13/2022,DHN,AL,ASO,ES,Federal Contract Tower,6,3,22,81,112,0,0,38,28,66,6,3,60,109,178,80,92,172,350
05/14/2022,DHN,AL,ASO,ES,Federal Contract Tower,5,0,18,2,25,0,0,36,2,38,5,0,54,4,63,14,0,14,77
05/15/2022,DHN,AL,ASO,ES,Federal Contract Tower,5,2,13,10,30,0,0,9,5,14,5,2,22,15,44,8,0,8,52
05/16/2022,DHN,AL,ASO,ES,Federal Contract Tower,6,2,19,134,161,0,1,63,23,87,6,3,82,157,248,20,82,102,350
05/17/2022,DHN,AL,ASO,ES,Federal Contract Tower,6,1,27,121,155,0,0,70,41,111,6,1,97,162,266,64,96,160,426
05/18/2022,DHN,AL,ASO,ES,Federal Contract Tower,5,6,32,156,199,0,0,84,53,137,5,6,116,209,336,62,132,194,530
05/19/2022,DHN,AL,ASO,ES,Federal Contract Tower,5,5,41,97,148,0,0,42,18,60,5,5,83,115,208,86,70,156,364
05/20/2022,DHN,AL,ASO,ES,Federal Contract Tower,6,4,36,54,100,0,0,60,16,76,6,4,96,70,176,26,104,130,306
05/21/2022,DHN,AL,ASO,ES,Federal Contract Tower,5,1,6,0,12,0,0,10,5,15,5,1,16,5,27,0,0,0,27
05/22/2022,DHN,AL,ASO,ES,Federal Contract Tower,4,2,8,1,15,0,0,5,1,6,4,2,13,2,21,0,0,0,21
05/23/2022,DHN,AL,ASO,ES,Federal Contract Tower,6,4,46,81,137,0,0,25,12,37,6,4,71,93,174,28,58,86,260
05/24/2022,DHN,AL,ASO,ES,Federal Contract Tower,6,2,36,103,147,0,0,54,27,81,6,2,90,130,228,6,156,162,390
05/25/2022,DHN,AL,ASO,ES,Federal Contract Tower,5,0,38,61,104,0,0,20,24,44,5,0,58,85,148,28,110,138,286
05/26/2022,DHN,AL,ASO,ES,Federal Contract Tower,6,8,16,32,62,0,0,29,21,50,6,8,45,53,112,94,106,200,312
05/27/2022,DHN,AL,ASO,ES,Federal Contract Tower,6,4,32,58,100,0,2,34,27,63,6,6,66,85,163,8,88,96,259
05/28/2022,DHN,AL,ASO,ES,Federal Contract Tower,3,0,22,0,25,0,0,23,0,23,3,0,45,0,48,28,0,28,76
05/29/2022,DHN,AL,ASO,ES,Federal Contract Tower,3,1,7,0,11,0,0,7,0,7,3,1,14,0,18,2,0,2,20
05/30/2022,DHN,AL,ASO,ES,Federal Contract Tower,6,4,27,0,37,0,0,15,0,15,6,4,42,0,52,8,0,8,60
05/31/2022,DHN,AL,ASO,ES,Federal Contract Tower,6,1,18,76,101,0,0,32,35,67,6,1,50,111,168,22,192,214,382
06/01/2022,DHN,AL,ASO,ES,Federal Contract Tower,7,1,34,129,171,0,2,47,39,88,7,3,81,168,259,78,98,176,435
06/02/2022,DHN,AL,ASO,ES,Federal Contract Tower,5,3,16,84,108,0,0,31,21,52,5,3,47,105,160,20,92,112,272
06/03/2022,DHN,AL,ASO,ES,Federal Contract Tower,5,2,18,66,91,0,1,29,30,60,5,3,47,96,151,62,96,158,309
06/04/2022,DHN,AL,ASO,ES,Federal Contract Tower,3,0,13,20,36,0,2,22,6,30,3,2,35,26,66,48,0,48,114
06/05/2022,DHN,AL,ASO,ES,Federal Contract Tower,6,5,6,7,24,0,0,24,2,26,6,5,30,9,50,80,0,80,130
06/06/2022,DHN,AL,ASO,ES,Federal Contract Tower,5,3,11,37,56,0,2,22,27,51,5,5,33,64,107,78,66,144,251
06/07/2022,DHN,AL,ASO,ES,Federal Contract Tower,6,1,51,77,135,0,0,26,23,49,6,1,77,100,184,38,48,86,270
06/08/2022,DHN,AL,ASO,ES,Federal Contract Tower,5,0,18,68,91,0,0,37,19,56,5,0,55,87,147,28,98,126,273
06/09/2022,DHN,AL,ASO,ES,Federal Contract Tower,5,13,34,33,85,0,1,25,13,39,5,14,59,46,124,88,112,200,324
06/10/2022,DHN,AL,ASO,ES,Federal Contract Tower,6,4,38,43,91,0,0,34,16,50,6,4,72,59,141,32,86,118,259
06/11/2022,DHN,AL,ASO,ES,Federal Contract Tower,5,0,8,9,22,0,0,15,7,22,5,0,23,16,44,22,0,22,66
06/12/2022,DHN,AL,ASO,ES,Federal Contract Tower,5,1,11,20,37,0,0,12,4,16,5,1,23,24,53,12,0,12,65
06/13/2022,DHN,AL,ASO,ES,Federal Contract Tower,8,2,22,77,109,0,0,19,16,35,8,2,41,93,144,22,72,94,238
06/14/2022,DHN,AL,ASO,ES,Federal Contract Tower,8,1,24,82,115,0,1,30,8,39,8,2,54,90,154,16,46,62,216
06/15/2022,DHN,AL,ASO,ES,Federal Contract Tower,9,0,35,102,146,0,0,46,9,55,9,0,81,111,201,50,20,70,271
06/16/2022,DHN,AL,ASO,ES,Federal Contract Tower,7,3,16,71,97,0,1,31,37,69,7,4,47,108,166,68,138,206,372
06/17/2022,DHN,AL,ASO,ES,Federal Contract Tower,4,2,14,42,62,0,0,40,18,58,4,2,54,60,120,50,44,94,214
06/18/2022,DHN,AL,ASO,ES,Federal Contract Tower,5,0,13,9,27,0,0,20,3,23,5,0,33,12,50,30,0,30,80
06/19/2022,DHN,AL,ASO,ES,Federal Contract Tower,4,1,9,0,14,0,0,9,0,9,4,1,18,0,23,14,0,14,37
06/20/2022,DHN,AL,ASO,ES,Federal Contract Tower,5,6,20,8,39,0,0,26,0,26,5,6,46,8,65,90,0,90,155
06/21/2022,DHN,AL,ASO,ES,Federal Contract Tower,6,6,23,76,111,0,2,34,39,75,6,8,57,115,186,28,82,110,296
06/22/2022,DHN,AL,ASO,ES,Federal Contract Tower,6,3,23,61,93,0,0,50,41,91,6,3,73,102,184,26,170,196,380
06/23/2022,DHN,AL,ASO,ES,Federal Contract Tower,5,1,29,55,90,0,0,38,25,63,5,1,67,80,153,7,90,97,250
06/24/2022,DHN,AL,ASO,ES,Federal Contract Tower,5,2,25,64,96,0,0,41,23,64,5,2,66,87,160,50,100,150,310
06/25/2022,DHN,AL,ASO,ES,Federal Contract Tower,5,0,7,0,12,0,0,11,0,11,5,0,18,0,23,4,0,4,27
06/26/2022,DHN,AL,ASO,ES,Federal Contract Tower,4,1,15,33,53,0,0,19,9,28,4,1,34,42,81,34,2,36,117
06/27/2022,DHN,AL,ASO,ES,Federal Contract Tower,6,3,18,78,105,0,0,45,40,85,6,3,63,118,190,18,168,186,376
06/28/2022,DHN,AL,ASO,ES,Federal Contract Tower,6,0,24,90,120,0,0,42,25,67,6,0,66,115,187,22,108,130,317
06/29/2022,DHN,AL,ASO,ES,Federal Contract Tower,7,0,15,86,108,0,0,34,21,55,7,0,49,107,163,18,84,102,265
06/30/2022,DHN,AL,ASO,ES,Federal Contract Tower,6,6,30,109,151,0,0,21,31,52,6,6,51,140,203,20,100,120,323
07/01/2022,DHN,AL,ASO,ES,Federal Contract Tower,6,3,21,0,30,0,0,18,0,18,6,3,39,0,48,50,0,50,98
07/02/2022,DHN,AL,ASO,ES,Federal Contract Tower,5,0,5,0,10,0,0,9,0,9,5,0,14,0,19,6,0,6,25
07/03/2022,DHN,AL,ASO,ES,Federal Contract Tower,3,1,9,0,13,0,0,1,0,1,3,1,10,0,14,16,0,16,30
07/04/2022,DHN,AL,ASO,ES,Federal Contract Tower,4,0,9,0,13,0,0,12,0,12,4,0,21,0,25,16,0,16,41
07/05/2022,DHN,AL,ASO,ES,Federal Contract Tower,6,2,28,67,103,0,0,5,26,31,6,2,33,93,134,36,130,166,300
07/06/2022,DHN,AL,ASO,ES,Federal Contract Tower,4,0,16,198,218,0,0,38,39,77,4,0,54,237,295,30,186,216,511
07/07/2022,DHN,AL,ASO,ES,Federal Contract Tower,4,3,9,84,100,0,0,36,30,66,4,3,45,114,166,50,62,112,278
07/08/2022,DHN,AL,ASO,ES,Federal Contract Tower,4,2,13,81,100,0,0,27,46,73,4,2,40,127,173,34,122,156,329
07/09/2022,DHN,AL,ASO,ES,Federal Contract Tower,4,1,13,25,43,0,0,42,3,45,4,1,55,28,88,12,0,12,100
07/10/2022,DHN,AL,ASO,ES,Federal Contract Tower,4,2,6,17,29,0,0,11,1,12,4,2,17,18,41,14,0,14,55
07/11/2022,DHN,AL,ASO,ES,Federal Contract Tower,6,6,16,50,78,0,0,16,28,44,6,6,32,78,122,62,118,180,302
07/12/2022,DHN,AL,ASO,ES,Federal Contract Tower,6,3,23,68,100,0,0,3,2,5,6,3,26,70,105,12,0,12,117
07/13/2022,DHN,AL,ASO,ES,Federal Contract Tower,6,2,28,85,121,0,0,21,19,40,6,2,49,104,161,62,80,142,303
07/14/2022,DHN,AL,ASO,ES,Federal Contract Tower,6,3,10,85,104,0,0,9,8,17,6,3,19,93,121,14,40,54,175
07/15/2022,DHN,AL,ASO,ES,Federal Contract Tower,5,3,27,60,95,0,2,33,14,49,5,5,60,74,144,18,40,58,202
07/16/2022,DHN,AL,ASO,ES,Federal Contract Tower,5,1,14,0,20,0,0,21,0,21,5,1,35,0,41,32,0,32,73
07/17/2022,DHN,AL,ASO,ES,Federal Contract Tower,6,3,22,18,49,0,0,26,3,29,6,3,48,21,78,6,0,6,84
07/18/2022,DHN,AL,ASO,ES,Federal Contract Tower,6,7,31,98,142,0,0,37,9,46,6,7,68,107,188,60,46,106,294
07/19/2022,DHN,AL,ASO,ES,Federal Contract Tower,6,0,29,53,88,0,0,45,11,56,6,0,74,64,144,50,74,124,268
07/20/2022,DHN,AL,ASO,ES,Federal Contract Tower,7,0,24,51,82,0,0,46,18,64,7,0,70,69,146,46,38,84,230
07/21/2022,DHN,AL,ASO,ES,Federal Contract Tower,5,2,22,68,97,0,0,44,17,61,5,2,66,85,158,58,53,111,269
07/22/2022,DHN,AL,ASO,ES,Federal Contract Tower,4,2,18,49,73,0,0,47,26,73,4,2,65,75,146,52,76,128,274
07/23/2022,DHN,AL,ASO,ES,Federal Contract Tower,5,3,4,0,12,0,0,21,0,21,5,3,25,0,33,38,0,38,71
07/24/2022,DHN,AL,ASO,ES,Federal Contract Tower,5,0,27,62,94,0,0,9,13,22,5,0,36,75,116,0,0,0,116
07/25/2022,DHN,AL,ASO,ES,Federal Contract Tower,6,3,15,111,135,0,0,50,10,60,6,3,65,121,195,28,28,56,251
07/26/2022,DHN,AL,ASO,ES,Federal Contract Tower,6,2,41,115,164,0,2,48,38,88,6,4,89,153,252,26,78,104,356
07/27/2022,DHN,AL,ASO,ES,Federal Contract Tower,6,2,15,78,101,0,0,36,9,45,6,2,51,87,146,14,40,54,200
07/28/2022,DHN,AL,ASO,ES,Federal Contract Tower,7,2,10,90,109,0,0,33,14,47,7,2,43,104,156,74,72,146,302
07/29/2022,DHN,AL,ASO,ES,Federal Contract Tower,5,2,25,71,103,0,0,44,27,71,5,2,69,98,174,78,108,186,360
07/30/2022,DHN,AL,ASO,ES,Federal Contract Tower,5,0,18,9,32,0,0,20,2,22,5,0,38,11,54,10,0,10,64
07/31/2022,DHN,AL,ASO,ES,Federal Contract Tower,5,0,13,5,23,0,0,38,5,43,5,0,51,10,66,28,0,28,94
08/01/2022,DHN,AL,ASO,ES,Federal Contract Tower,6,0,29,58,93,0,2,49,35,86,6,2,78,93,179,46,102,148,327
08/02/2022,DHN,AL,ASO,ES,Federal Contract Tower,6,2,24,79,111,0,0,37,37,74,6,2,61,116,185,30,116,146,331
08/03/2022,DHN,AL,ASO,ES,Federal Contract Tower,7,1,34,89,131,0,0,41,33,74,7,1,75,122,205,52,48,100,305
08/04/2022,DHN,AL,ASO,ES,Federal Contract Tower,4,2,25,80,111,0,0,31,38,69,4,2,56,118,180,44,136,180,360
08/05/2022,DHN,AL,ASO,ES,Federal Contract Tower,5,3,25,74,107,0,0,38,47,85,5,3,63,121,192,36,153,189,381
08/06/2022,DHN,AL,ASO,ES,Federal Contract Tower,5,0,7,0,12,0,0,15,2,17,5,0,22,2,29,52,0,52,81
08/07/2022,DHN,AL,ASO,ES,Federal Contract Tower,5,1,14,12,32,0,0,29,4,33,5,1,43,16,65,36,0,36,101
08/08/2022,DHN,AL,ASO,ES,Federal Contract Tower,5,5,24,125,159,0,0,29,24,53,5,5,53,149,212,20,102,122,334
08/09/2022,DHN,AL,ASO,ES,Federal Contract Tower,6,5,21,91,123,0,0,32,24,56,6,5,53,115,179,66,142,208,387
08/10/2022,DHN,AL,ASO,ES,Federal Contract Tower,5,1,27,97,130,0,0,38,30,68,5,1,65,127,198,54,144,198,396
08/11/2022,DHN,AL,ASO,ES,Federal Contract Tower,5,4,13,92,114,0,0,23,24,47,5,4,36,116,161,72,128,200,361
08/12/2022,DHN,AL,ASO,ES,Federal Contract Tower,6,3,14,78,101,0,0,6,14,20,6,3,20,92,121,0,56,56,177
08/13/2022,DHN,AL,ASO,ES,Federal Contract Tower,5,2,12,4,23,0,0,13,0,13,5,2,25,4,36,34,0,34,70
08/14/2022,DHN,AL,ASO,ES,Federal Contract Tower,5,2,16,10,33,0,2,30,4,36,5,4,46,14,69,50,2,52,121
08/15/2022,DHN,AL,ASO,ES,Federal Contract Tower,6,3,12,40,61,0,0,28,12,40,6,3,40,52,101,36,86,122,223
08/16/2022,DHN,AL,ASO,ES,Federal Contract Tower,6,0,30,63,99,0,0,40,14,54,6,0,70,77,153,20,58,78,231
08/17/2022,DHN,AL,ASO,ES,Federal Contract Tower,6,0,25,34,65,0,0,39,42,81,6,0,64,76,146,50,126,176,322
08/18/2022,DHN,AL,ASO,ES,Federal Contract Tower,5,6,31,48,90,0,0,7,2,9,5,6,38,50,99,42,8,50,149
08/19/2022,DHN,AL,ASO,ES,Federal Contract Tower,5,2,26,60,93,0,0,24,26,50,5,2,50,86,143,12,148,160,303
08/20/2022,DHN,AL,ASO,ES,Federal Contract Tower,4,1,15,7,27,0,0,16,17,33,4,1,31,24,60,74,10,84,144
08/21/2022,DHN,AL,ASO,ES,Federal Contract Tower,5,0,17,8,30,0,0,13,9,22,5,0,30,17,52,34,8,42,94
08/22/2022,DHN,AL,ASO,ES,Federal Contract Tower,6,2,12,100,120,0,0,18,18,36,6,2,30,118,156,58,92,150,306
08/23/2022,DHN,AL,ASO,ES,Federal Contract Tower,6,2,39,117,164,0,0,39,25,64,6,2,78,142,228,68,118,186,414
08/24/2022,DHN,AL,ASO,ES,Federal Contract Tower,4,1,22,68,95,0,0,21,14,35,4,1,43,82,130,58,66,124,254
08/25/2022,DHN,AL,ASO,ES,Federal Contract Tower,5,6,35,108,154,0,0,3,0,3,5,6,38,108,157,10,0,10,167
08/26/2022,DHN,AL,ASO,ES,Federal Contract Tower,6,5,9,63,83,0,0,37,26,63,6,5,46,89,146,68,80,148,294
08/27/2022,DHN,AL,ASO,ES,Federal Contract Tower,5,2,9,1,17,0,0,8,0,8,5,2,17,1,25,112,0,112,137
08/28/2022,DHN,AL,ASO,ES,Federal Contract Tower,5,0,6,7,18,0,0,15,2,17,5,0,21,9,35,6,2,8,43
08/29/2022,DHN,AL,ASO,ES,Federal Contract Tower,6,4,28,99,137,0,0,16,31,47,6,4,44,130,184,32,64,96,280
08/30/2022,DHN,AL,ASO,ES,Federal Contract Tower,5,0,18,85,108,0,0,38,56,94,5,0,56,141,202,21,204,225,427
09/01/2022,DHN,AL,ASO,ES,Federal Contract Tower,5,6,24,62,97,0,0,35,44,79,5,6,59,106,176,44,128,172,348
09/02/2022,DHN,AL,ASO,ES,Federal Contract Tower,6,3,23,5,37,0,0,22,0,22,6,3,45,5,59,36,0,36,95
09/03/2022,DHN,AL,ASO,ES,Federal Contract Tower,3,0,8,0,11,0,0,9,2,11,3,0,17,2,22,22,0,22,44
09/04/2022,DHN,AL,ASO,ES,Federal Contract Tower,3,0,1,5,9,0,0,12,1,13,3,0,13,6,22,8,0,8,30
09/05/2022,DHN,AL,ASO,ES,Federal Contract Tower,6,2,16,0,24,0,0,11,0,11,6,2,27,0,35,2,0,2,37
09/06/2022,DHN,AL,ASO,ES,Federal Contract Tower,4,1,29,131,165,0,0,71,37,108,4,1,100,168,273,36,200,236,509
09/07/2022,DHN,AL,ASO,ES,Federal Contract Tower,6,3,28,182,219,0,0,71,45,116,6,3,99,227,335,58,160,218,553
09/08/2022,DHN,AL,ASO,ES,Federal Contract Tower,4,3,22,87,116,0,0,44,31,75,4,3,66,118,191,124,100,224,415
09/09/2022,DHN,AL,ASO,ES,Federal Contract Tower,4,2,46,107,159,0,0,9,10,19,4,2,55,117,178,42,36,78,256
09/10/2022,DHN,AL,ASO,ES,Federal Contract Tower,3,0,6,0,9,0,0,0,0,0,3,0,6,0,9,0,0,0,9
09/11/2022,DHN,AL,ASO,ES,Federal Contract Tower,5,1,14,8,28,0,0,12,0,12,5,1,26,8,40,0,0,0,40
09/12/2022,DHN,AL,ASO,ES,Federal Contract Tower,6,3,24,67,100,0,0,32,14,46,6,3,56,81,146,84,52,136,282
09/13/2022,DHN,AL,ASO,ES,Federal Contract Tower,6,1,38,136,181,0,2,46,34,82,6,3,84,170,263,76,144,220,483
09/14/2022,DHN,AL,ASO,ES,Federal Contract Tower,4,2,36,65,107,0,0,58,38,96,4,2,94,103,203,46,150,196,399
09/15/2022,DHN,AL,ASO,ES,Federal Contract Tower,3,5,35,59,102,0,0,43,35,78,3,5,78,94,180,8,132,140,320
09/16/2022,DHN,AL,ASO,ES,Federal Contract Tower,7,4,11,72,94,0,1,43,47,91,7,5,54,119,185,38,186,224,409
09/17/2022,DHN,AL,ASO,ES,Federal Contract Tower,3,0,18,0,21,0,2,16,2,20,3,2,34,2,41,42,0,42,83
09/18/2022,DHN,AL,ASO,ES,Federal Contract Tower,4,2,16,15,37,0,1,7,6,14,4,3,23,21,51,28,0,28,79
09/19/2022,DHN,AL,ASO,ES,Federal Contract Tower,6,3,20,73,102,6,0,28,33,67,12,3,48,106,169,28,204,232,401
09/20/2022,DHN,AL,ASO,ES,Federal Contract Tower,6,0,35,131,172,0,0,65,30,95,6,0,100,161,267,52,138,190,457
09/21/2022,DHN,AL,ASO,ES,Federal Contract Tower,6,0,34,114,154,0,0,46,46,92,6,0,80,160,246,70,162,232,478
09/22/2022,DHN,AL,ASO,ES,Federal Contract Tower,7,2,28,113,150,0,0,47,23,70,7,2,75,136,220,26,126,152,372
09/23/2022,DHN,AL,ASO,ES,Federal Contract Tower,6,2,17,88,113,0,0,32,28,60,6,2,49,116,173,10,134,144,317
09/24/2022,DHN,AL,ASO,ES,Federal Contract Tower,5,0,34,2,41,0,0,54,1,55,5,0,88,3,96,56,0,56,152
09/25/2022,DHN,AL,ASO,ES,Federal Contract Tower,6,0,15,15,36,0,3,28,1,32,6,3,43,16,68,6,0,6,74
09/26/2022,DHN,AL,ASO,ES,Federal Contract Tower,5,2,22,59,88,0,1,41,18,60,5,3,63,77,148,38,124,162,310
09/27/2022,DHN,AL,ASO,ES,Federal Contract Tower,6,1,65,31,103,0,0,48,22,70,6,1,113,53,173,30,116,146,319
09/28/2022,DHN,AL,ASO,ES,Federal Contract Tower,6,0,39,34,79,0,0,47,36,83,6,0,86,70,162,6,24,30,192
09/29/2022,DHN,AL,ASO,ES,Federal Contract Tower,6,3,27,35,71,0,0,24,26,50,6,3,51,61,121,6,90,96,217
09/30/2022,DHN,AL,ASO,ES,Federal Contract Tower,4,2,21,34,61,0,2,38,29,69,4,4,59,63,130,26,155,181,311
10/01/2022,DHN,AL,ASO,ES,Federal Contract Tower,4,2,18,0,24,0,0,33,3,36,4,2,51,3,60,80,0,80,140
10/02/2022,DHN,AL,ASO,ES,Federal Contract Tower,5,0,22,9,36,0,2,21,1,24,5,2,43,10,60,52,0,52,112
10/03/2022,DHN,AL,ASO,ES,Federal Contract Tower,4,2,17,68,91,0,2,41,15,58,4,4,58,83,149,72,140,212,361
10/04/2022,DHN,AL,ASO,ES,Federal Contract Tower,4,2,20,88,114,0,0,43,46,89,4,2,63,134,203,44,176,220,423
10/05/2022,DHN,AL,ASO,ES,Federal Contract Tower,4,4,25,83,116,0,0,55,40,95,4,4,80,123,211,74,162,236,447
10/06/2022,DHN,AL,ASO,ES,Federal Contract Tower,7,5,31,70,113,0,0,64,54,118,7,5,95,124,231,46,242,288,519
10/07/2022,DHN,AL,ASO,ES,Federal Contract Tower,5,3,28,37,73,0,0,56,35,91,5,3,84,72,164,96,154,250,414
10/08/2022,DHN,AL,ASO,ES,Federal Contract Tower,2,1,24,0,27,0,0,54,0,54,2,1,78,0,81,32,0,32,113
10/09/2022,DHN,AL,ASO,ES,Federal Contract Tower,4,5,14,8,31,0,0,24,0,24,4,5,38,8,55,0,0,0,55
10/10/2022,DHN,AL,ASO,ES,Federal Contract Tower,4,4,18,0,26,0,0,33,0,33,4,4,51,0,59,28,0,28,87
10/11/2022,DHN,AL,ASO,ES,Federal Contract Tower,4,2,25,63,94,0,0,34,12,46,4,2,59,75,140,64,20,84,224
10/12/2022,DHN,AL,ASO,ES,Federal Contract Tower,4,3,46,96,149,0,0,19,2,21,4,3,65,98,170,2,30,32,202
10/13/2022,DHN,AL,ASO,ES,Federal Contract Tower,4,5,25,46,80,0,0,58,34,92,4,5,83,80,172,36,118,154,326
10/14/2022,DHN,AL,ASO,ES,Federal Contract Tower,4,3,19,40,66,0,0,67,23,90,4,3,86,63,156,54,82,136,292
10/15/2022,DHN,AL,ASO,ES,Federal Contract Tower,4,5,15,28,52,0,0,60,9,69,4,5,75,37,121,80,2,82,203
10/16/2022,DHN,AL,ASO,ES,Federal Contract Tower,4,5,21,24,54,0,0,61,13,74,4,5,82,37,128,18,30,48,176
10/17/2022,DHN,AL,ASO,ES,Federal Contract Tower,4,7,23,75,109,0,2,46,34,82,4,9,69,109,191,66,98,164,355
10/18/2022,DHN,AL,ASO,ES,Federal Contract Tower,9,3,27,63,102,0,0,47,24,71,9,3,74,87,173,64,70,134,307
10/19/2022,DHN,AL,ASO,ES,Federal Contract Tower,4,5,38,78,125,0,0,51,19,70,4,5,89,97,195,28,64,92,287
10/20/2022,DHN,AL,ASO,ES,Federal Contract Tower,9,3,31,43,86,0,0,62,21,83,9,3,93,64,169,102,82,184,353
10/21/2022,DHN,AL,ASO,ES,Federal Contract Tower,4,2,24,39,69,0,0,33,21,54,4,2,57,60,123,22,106,128,251
10/22/2022,DHN,AL,ASO,ES,Federal Contract Tower,4,2,30,0,36,0,0,44,2,46,4,2,74,2,82,54,0,54,136
10/23/2022,DHN,AL,ASO,ES,Federal Contract Tower,4,0,16,17,37,0,0,43,5,48,4,0,59,22,85,14,0,14,99
10/24/2022,DHN,AL,ASO,ES,Federal Contract Tower,4,2,11,96,113,0,0,33,44,77,4,2,44,140,190,50,160,210,400
10/25/2022,DHN,AL,ASO,ES,Federal Contract Tower,4,2,31,63,100,0,0,28,35,63,4,2,59,98,163,38,122,160,323
10/26/2022,DHN,AL,ASO,ES,Federal Contract Tower,4,2,41,72,119,0,0,54,33,87,4,2,95,105,206,30,148,178,384
10/27/2022,DHN,AL,ASO,ES,Federal Contract Tower,4,2,35,83,124,0,0,32,29,61,4,2,67,112,185,26,218,244,429
10/28/2022,DHN,AL,ASO,ES,Federal Contract Tower,4,5,23,73,105,0,0,26,12,38,4,5,49,85,143,26,82,108,251
10/29/2022,DHN,AL,ASO,ES,Federal Contract Tower,4,2,17,0,23,0,0,19,0,19,4,2,36,0,42,22,0,22,64
10/30/2022,DHN,AL,ASO,ES,Federal Contract Tower,4,0,13,0,17,0,0,2,0,2,4,0,15,0,19,0,0,0,19
10/31/2022,DHN,AL,ASO,ES,Federal Contract Tower,4,2,38,96,140,0,0,19,17,36,4,2,57,113,176,20,116,136,312
11/01/2022,DHN,AL,ASO,ES,Federal Contract Tower,4,2,18,53,77,0,0,16,30,46,4,2,34,83,123,30,160,190,313
11/02/2022,DHN,AL,ASO,ES,Federal Contract Tower,5,2,16,84,107,1,0,29,26,56,6,2,45,110,163,44,148,192,355
11/04/2022,DHN,AL,ASO,ES,Federal Contract Tower,4,2,24,79,109,0,0,23,37,60,4,2,47,116,169,14,203,217,386
11/05/2022,DHN,AL,ASO,ES,Federal Contract Tower,6,0,19,19,44,0,0,41,6,47,6,0,60,25,91,102,6,108,199
11/06/2022,DHN,AL,ASO,ES,Federal Contract Tower,4,4,24,26,58,0,0,23,8,31,4,4,47,34,89,64,18,82,171
11/07/2022,DHN,AL,ASO,ES,Federal Contract Tower,4,2,26,60,92,0,0,26,22,48,4,2,52,82,140,36,64,100,240
11/08/2022,DHN,AL,ASO,ES,Federal Contract Tower,4,4,24,69,101,0,0,21,33,54,4,4,45,102,155,30,138,168,323
11/09/2022,DHN,AL,ASO,ES,Federal Contract Tower,4,2,43,43,92,0,0,17,41,58,4,2,60,84,150,10,74,84,234
11/10/2022,DHN,AL,ASO,ES,Federal Contract Tower,4,5,31,40,80,0,0,5,14,19,4,5,36,54,99,2,66,68,167
11/11/2022,DHN,AL,ASO,ES,Federal Contract Tower,4,7,27,0,38,0,0,7,0,7,4,7,34,0,45,38,0,38,83
11/12/2022,DHN,AL,ASO,ES,Federal Contract Tower,4,2,9,18,33,0,0,27,8,35,4,2,36,26,68,12,0,12,80
11/13/2022,DHN,AL,ASO,ES,Federal Contract Tower,4,0,31,0,35,0,0,23,0,23,4,0,54,0,58,88,0,88,146
11/14/2022,DHN,AL,ASO,ES,Federal Contract Tower,4,3,19,43,69,0,1,39,26,66,4,4,58,69,135,56,130,186,321
11/15/2022,DHN,AL,ASO,ES,Federal Contract Tower,4,2,29,101,136,0,0,6,15,21,4,2,35,116,157,2,48,50,207
11/16/2022,DHN,AL,ASO,ES,Federal Contract Tower,5,5,38,96,144,1,6,29,32,68,6,11,67,128,212,90,164,254,466
11/17/2022,DHN,AL,ASO,ES,Federal Contract Tower,4,0,16,88,108,0,1,48,39,88,4,1,64,127,196,60,182,242,438
11/18/2022,DHN,AL,ASO,ES,Federal Contract Tower,4,3,30,56,93,0,0,38,50,88,4,3,68,106,181,38,172,210,391
11/19/2022,DHN,AL,ASO,ES,Federal Contract Tower,4,1,15,24,44,0,0,25,0,25,4,1,40,24,69,28,0,28,97
11/20/2022,DHN,AL,ASO,ES,Federal Contract Tower,4,0,9,13,26,0,0,19,7,26,4,0,28,20,52,4,0,4,56
11/21/2022,DHN,AL,ASO,ES,Federal Contract Tower,4,2,12,79,97,0,0,49,35,84,4,2,61,114,181,38,118,156,337
11/22/2022,DHN,AL,ASO,ES,Federal Contract Tower,6,2,46,92,146,0,0,23,4,27,6,2,69,96,173,50,18,68,241
11/23/2022,DHN,AL,ASO,ES,Federal Contract Tower,4,3,29,31,67,0,0,55,32,87,4,3,84,63,154,54,140,194,348
11/24/2022,DHN,AL,ASO,ES,Federal Contract Tower,2,1,2,0,5,0,0,0,0,0,2,1,2,0,5,0,0,0,5
11/25/2022,DHN,AL,ASO,ES,Federal Contract Tower,4,2,15,0,21,0,0,0,0,0,4,2,15,0,21,0,0,0,21
11/26/2022,DHN,AL,ASO,ES,Federal Contract Tower,4,1,15,0,20,0,0,0,0,0,4,1,15,0,20,0,0,0,20
11/27/2022,DHN,AL,ASO,ES,Federal Contract Tower,4,1,12,3,20,0,3,8,0,11,4,4,20,3,31,4,0,4,35
11/28/2022,DHN,AL,ASO,ES,Federal Contract Tower,7,0,33,47,87,0,2,35,20,57,7,2,68,67,144,16,84,100,244
11/29/2022,DHN,AL,ASO,ES,Federal Contract Tower,4,2,25,80,111,0,0,41,31,72,4,2,66,111,183,10,154,164,347
11/30/2022,DHN,AL,ASO,ES,Federal Contract Tower,5,3,32,85,125,0,0,22,16,38,5,3,54,101,163,22,76,98,261
12/01/2022,DHN,AL,ASO,ES,Federal Contract Tower,4,6,21,93,124,0,0,33,18,51,4,6,54,111,175,15,94,109,284
12/02/2022,DHN,AL,ASO,ES,Federal Contract Tower,4,2,21,113,140,0,0,36,26,62,4,2,57,139,202,68,130,198,400
12/03/2022,DHN,AL,ASO,ES,Federal Contract Tower,4,0,14,21,39,0,0,33,4,37,4,0,47,25,76,38,0,38,114
12/04/2022,DHN,AL,ASO,ES,Federal Contract Tower,4,2,21,9,36,0,0,11,0,11,4,2,32,9,47,22,0,22,69
12/05/2022,DHN,AL,ASO,ES,Federal Contract Tower,4,0,24,115,143,0,0,21,21,42,4,0,45,136,185,20,134,154,339
12/06/2022,DHN,AL,ASO,ES,Federal Contract Tower,4,2,22,54,82,0,0,19,13,32,4,2,41,67,114,32,83,115,229
12/07/2022,DHN,AL,ASO,ES,Federal Contract Tower,4,2,20,112,138,0,0,25,20,45,4,2,45,132,183,16,102,118,301
12/08/2022,DHN,AL,ASO,ES,Federal Contract Tower,4,5,17,90,116,0,1,28,20,49,4,6,45,110,165,20,128,148,313
12/09/2022,DHN,AL,ASO,ES,Federal Contract Tower,4,2,28,64,98,0,0,31,28,59,4,2,59,92,157,42,164,206,363
12/10/2022,DHN,AL,ASO,ES,Federal Contract Tower,4,0,17,5,26,0,0,0,0,0,4,0,17,5,26,0,0,0,26
12/11/2022,DHN,AL,ASO,ES,Federal Contract Tower,4,0,9,19,32,0,0,1,0,1,4,0,10,19,33,0,6,6,39
12/12/2022,DHN,AL,ASO,ES,Federal Contract Tower,6,0,47,81,134,0,0,0,0,0,6,0,47,81,134,0,0,0,134
12/13/2022,DHN,AL,ASO,ES,Federal Contract Tower,4,6,41,108,159,0,0,10,28,38,4,6,51,136,197,10,100,110,307
12/14/2022,DHN,AL,ASO,ES,Federal Contract Tower,4,2,30,64,100,0,0,0,0,0,4,2,30,64,100,0,0,0,100
12/15/2022,DHN,AL,ASO,ES,Federal Contract Tower,4,2,24,71,101,0,2,40,35,77,4,4,64,106,178,48,202,250,428
12/16/2022,DHN,AL,ASO,ES,Federal Contract Tower,5,4,28,66,103,0,0,46,29,75,5,4,74,95,178,50,138,188,366
12/17/2022,DHN,AL,ASO,ES,Federal Contract Tower,4,2,11,4,21,0,0,22,0,22,4,2,33,4,43,15,0,15,58
12/18/2022,DHN,AL,ASO,ES,Federal Contract Tower,4,2,31,22,59,0,0,16,1,17,4,2,47,23,76,12,0,12,88
12/19/2022,DHN,AL,ASO,ES,Federal Contract Tower,3,4,17,8,32,0,0,9,1,10,3,4,26,9,42,30,0,30,72
12/20/2022,DHN,AL,ASO,ES,Federal Contract Tower,4,3,4,13,24,0,0,0,0,0,4,3,4,13,24,0,0,0,24
12/21/2022,DHN,AL,ASO,ES,Federal Contract Tower,3,3,9,4,19,0,0,0,0,0,3,3,9,4,19,0,0,0,19
12/22/2022,DHN,AL,ASO,ES,Federal Contract Tower,4,8,4,2,18,0,0,0,0,0,4,8,4,2,18,0,0,0,18
12/23/2022,DHN,AL,ASO,ES,Federal Contract Tower,4,3,4,0,11,0,0,2,0,2,4,3,6,0,13,0,0,0,13
12/24/2022,DHN,AL,ASO,ES,Federal Contract Tower,2,2,1,0,5,0,0,0,0,0,2,2,1,0,5,0,0,0,5
12/25/2022,DHN,AL,ASO,ES,Federal Contract Tower,4,2,1,0,7,0,0,0,0,0,4,2,1,0,7,0,0,0,7
12/26/2022,DHN,AL,ASO,ES,Federal Contract Tower,4,1,9,0,14,0,0,17,0,17,4,1,26,0,31,4,0,4,35
12/27/2022,DHN,AL,ASO,ES,Federal Contract Tower,4,3,24,10,41,0,0,28,0,28,4,3,52,10,69,60,0,60,129
12/28/2022,DHN,AL,ASO,ES,Federal Contract Tower,5,3,19,20,47,0,0,20,2,22,5,3,39,22,69,26,2,28,97
12/29/2022,DHN,AL,ASO,ES,Federal Contract Tower,4,3,10,14,31,0,0,35,1,36,4,3,45,15,67,30,6,36,103
12/30/2022,DHN,AL,ASO,ES,Federal Contract Tower,3,3,14,5,25,0,0,9,0,9,3,3,23,5,34,0,0,0,34
12/31/2022,DHN,AL,ASO,ES,Federal Contract Tower,2,0,3,0,5,0,0,2,0,2,2,0,5,0,7,0,0,0,7
01/01/2023,DHN,AL,ASO,ES,Federal Contract Tower,4,0,15,0,19,0,0,11,0,11,4,0,26,0,30,22,0,22,52
01/02/2023,DHN,AL,ASO,ES,Federal Contract Tower,4,1,15,0,20,0,0,2,0,2,4,1,17,0,22,0,0,0,22
01/03/2023,DHN,AL,ASO,ES,Federal Contract Tower,6,3,26,62,97,0,0,1,9,10,6,3,27,71,107,2,54,56,163
01/04/2023,DHN,AL,ASO,ES,Federal Contract Tower,4,3,17,24,48,0,3,26,16,45,4,6,43,40,93,72,86,158,251
01/05/2023,DHN,AL,ASO,ES,Federal Contract Tower,4,5,17,74,100,0,0,41,22,63,4,5,58,96,163,14,130,144,307
01/06/2023,DHN,AL,ASO,ES,Federal Contract Tower,4,3,23,101,131,0,1,39,24,64,4,4,62,125,195,24,186,210,405
01/07/2023,DHN,AL,ASO,ES,Federal Contract Tower,4,1,21,10,36,0,0,33,0,33,4,1,54,10,69,20,2,22,91
01/08/2023,DHN,AL,ASO,ES,Federal Contract Tower,4,0,7,9,20,0,0,11,7,18,4,0,18,16,38,44,0,44,82
01/09/2023,DHN,AL,ASO,ES,Federal Contract Tower,4,3,24,45,76,0,0,24,23,47,4,3,48,68,123,20,126,146,269
01/10/2023,DHN,AL,ASO,ES,Federal Contract Tower,7,6,24,71,108,0,1,54,34,89,7,7,78,105,197,4,178,182,379
01/11/2023,DHN,AL,ASO,ES,Federal Contract Tower,4,2,26,92,124,0,0,49,40,89,4,2,75,132,213,38,156,194,407
01/12/2023,DHN,AL,ASO,ES,Federal Contract Tower,4,2,17,46,69,0,0,23,10,33,4,2,40,56,102,26,20,46,148
01/13/2023,DHN,AL,ASO,ES,Federal Contract Tower,6,0,18,24,48,2,0,14,20,36,8,0,32,44,84,66,126,192,276
01/14/2023,DHN,AL,ASO,ES,Federal Contract Tower,4,0,8,7,19,0,0,30,1,31,4,0,38,8,50,20,0,20,70
01/15/2023,DHN,AL,ASO,ES,Federal Contract Tower,4,0,22,11,37,0,0,29,1,30,4,0,51,12,67,44,0,44,111
01/16/2023,DHN,AL,ASO,ES,Federal Contract Tower,4,0,16,0,20,0,0,28,0,28,4,0,44,0,48,48,0,48,96
01/17/2023,DHN,AL,ASO,ES,Federal Contract Tower,4,3,21,96,124,0,0,21,27,48,4,3,42,123,172,48,140,188,360
01/18/2023,DHN,AL,ASO,ES,Federal Contract Tower,4,2,17,35,58,0,0,16,16,32,4,2,33,51,90,36,44,80,170
01/19/2023,DHN,AL,ASO,ES,Federal Contract Tower,4,10,49,88,151,0,0,27,24,51,4,10,76,112,202,50,134,184,386
01/20/2023,DHN,AL,ASO,ES,Federal Contract Tower,4,2,24,32,62,0,0,51,18,69,4,2,75,50,131,68,94,162,293
01/21/2023,DHN,AL,ASO,ES,Federal Contract Tower,4,0,5,43,52,0,0,12,0,12,4,0,17,43,64,8,0,8,72
01/22/2023,DHN,AL,ASO,ES,Federal Contract Tower,4,0,21,6,31,0,0,0,0,0,4,0,21,6,31,0,0,0,31
01/23/2023,DHN,AL,ASO,ES,Federal Contract Tower,5,2,39,89,135,0,0,38,11,49,5,2,77,100,184,58,38,96,280
01/24/2023,DHN,AL,ASO,ES,Federal Contract Tower,4,2,27,109,142,0,0,50,26,76,4,2,77,135,218,36,76,112,330
01/25/2023,DHN,AL,ASO,ES,Federal Contract Tower,5,5,34,57,101,0,0,41,11,52,5,5,75,68,153,120,44,164,317
01/26/2023,DHN,AL,ASO,ES,Federal Contract Tower,4,4,24,104,136,0,0,43,17,60,4,4,67,121,196,22,108,130,326
01/27/2023,DHN,AL,ASO,ES,Federal Contract Tower,4,3,12,76,95,0,0,50,33,83,4,3,62,109,178,34,108,142,320
01/28/2023,DHN,AL,ASO,ES,Federal Contract Tower,4,0,18,11,33,0,0,72,1,73,4,0,90,12,106,40,10,50,156
01/29/2023,DHN,AL,ASO,ES,Federal Contract Tower,4,0,11,2,17,0,0,0,0,0,4,0,11,2,17,0,0,0,17
01/30/2023,DHN,AL,ASO,ES,Federal Contract Tower,4,1,37,66,108,0,0,13,7,20,4,1,50,73,128,28,14,42,170
01/31/2023,DHN,AL,ASO,ES,Federal Contract Tower,4,2,19,116,141,0,0,14,28,42,4,2,33,144,183,2,140,142,325
02/01/2023,DHN,AL,ASO,ES,Federal Contract Tower,6,6,25,76,113,0,0,24,20,44,6,6,49,96,157,12,74,86,243
02/02/2023,DHN,AL,ASO,ES,Federal Contract Tower,4,2,37,83,126,0,0,0,0,0,4,2,37,83,126,0,0,0,126
02/03/2023,DHN,AL,ASO,ES,Federal Contract Tower,4,2,38,61,105,0,0,35,47,82,4,2,73,108,187,44,158,202,389
02/04/2023,DHN,AL,ASO,ES,Federal Contract Tower,4,2,36,2,44,0,0,29,0,29,4,2,65,2,73,46,0,46,119
02/05/2023,DHN,AL,ASO,ES,Federal Contract Tower,4,0,20,6,30,0,0,36,4,40,4,0,56,10,70,122,0,122,192
02/06/2023,DHN,AL,ASO,ES,Federal Contract Tower,4,2,13,73,92,0,0,22,24,46,4,2,35,97,138,30,154,184,322
02/07/2023,DHN,AL,ASO,ES,Federal Contract Tower,4,3,25,54,86,0,0,37,46,83,4,3,62,100,169,24,108,132,301
02/08/2023,DHN,AL,ASO,ES,Federal Contract Tower,6,3,17,102,128,0,1,41,51,93,6,4,58,153,221,52,216,268,489
02/09/2023,DHN,AL,ASO,ES,Federal Contract Tower,6,2,10,75,93,0,0,6,23,29,6,2,16,98,122,0,102,102,224
02/10/2023,DHN,AL,ASO,ES,Federal Contract Tower,4,2,44,98,148,0,0,5,18,23,4,2,49,116,171,0,92,92,263
02/11/2023,DHN,AL,ASO,ES,Federal Contract Tower,3,2,7,0,12,0,0,0,0,0,3,2,7,0,12,0,0,0,12
02/12/2023,DHN,AL,ASO,ES,Federal Contract Tower,4,0,15,0,19,0,0,10,8,18,4,0,25,8,37,42,0,42,79
02/13/2023,DHN,AL,ASO,ES,Federal Contract Tower,4,3,43,35,85,0,0,29,24,53,4,3,72,59,138,60,108,168,306
02/14/2023,DHN,AL,ASO,ES,Federal Contract Tower,4,2,22,57,85,0,0,37,41,78,4,2,59,98,163,40,100,140,303
02/15/2023,DHN,AL,ASO,ES,Federal Contract Tower,4,4,31,85,124,0,0,34,43,77,4,4,65,128,201,32,210,242,443
02/16/2023,DHN,AL,ASO,ES,Federal Contract Tower,4,2,42,96,144,0,2,14,31,47,4,4,56,127,191,44,150,194,385
02/17/2023,DHN,AL,ASO,ES,Federal Contract Tower,4,2,24,31,61,0,0,7,14,21,4,2,31,45,82,34,86,120,202
02/18/2023,DHN,AL,ASO,ES,Federal Contract Tower,4,0,24,0,28,0,0,30,0,30,4,0,54,0,58,22,0,22,80
02/19/2023,DHN,AL,ASO,ES,Federal Contract Tower,4,1,17,0,22,0,0,37,0,37,4,1,54,0,59,18,0,18,77
02/20/2023,DHN,AL,ASO,ES,Federal Contract Tower,4,2,21,0,27,0,0,20,0,20,4,2,41,0,47,52,0,52,99
02/21/2023,DHN,AL,ASO,ES,Federal Contract Tower,4,6,44,101,155,0,0,24,11,35,4,6,68,112,190,70,4,74,264
02/22/2023,DHN,AL,ASO,ES,Federal Contract Tower,4,3,33,96,136,0,0,22,11,33,4,3,55,107,169,6,68,74,243
02/23/2023,DHN,AL,ASO,ES,Federal Contract Tower,5,6,41,99,151,0,0,29,20,49,5,6,70,119,200,32,104,136,336
02/24/2023,DHN,AL,ASO,ES,Federal Contract Tower,5,3,24,73,105,0,0,37,24,61,5,3,61,97,166,38,102,140,306
02/25/2023,DHN,AL,ASO,ES,Federal Contract Tower,4,2,17,19,42,0,0,31,0,31,4,2,48,19,73,42,0,42,115
02/26/2023,DHN,AL,ASO,ES,Federal Contract Tower,4,1,22,33,60,0,0,29,1,30,4,1,51,34,90,52,0,52,142
02/27/2023,DHN,AL,ASO,ES,Federal Contract Tower,4,0,34,63,101,0,0,21,11,32,4,0,55,74,133,2,16,18,151
02/28/2023,DHN,AL,ASO,ES,Federal Contract Tower,4,2,34,107,147,0,0,40,31,71,4,2,74,138,218,8,126,134,352
03/01/2023,DHN,AL,ASO,ES,Federal Contract Tower,5,3,36,61,105,0,0,37,19,56,5,3,73,80,161,38,54,92,253
03/02/2023,DHN,AL,ASO,ES,Federal Contract Tower,5,3,40,78,126,0,0,25,11,36,5,3,65,89,162,24,28,52,214
03/03/2023,DHN,AL,ASO,ES,Federal Contract Tower,4,3,19,51,77,0,0,8,7,15,4,3,27,58,92,4,10,14,106
03/04/2023,DHN,AL,ASO,ES,Federal Contract Tower,5,0,22,4,31,0,0,62,1,63,5,0,84,5,94,74,0,74,168
03/05/2023,DHN,AL,ASO,ES,Federal Contract Tower,4,0,20,3,27,0,0,22,7,29,4,0,42,10,56,34,0,34,90
03/06/2023,DHN,AL,ASO,ES,Federal Contract Tower,7,3,37,86,133,0,0,61,27,88,7,3,98,113,221,86,110,196,417
03/07/2023,DHN,AL,ASO,ES,Federal Contract Tower,4,1,31,132,168,0,0,32,13,45,4,1,63,145,213,73,70,143,356
03/08/2023,DHN,AL,ASO,ES,Federal Contract Tower,4,4,30,131,169,0,0,45,41,86,4,4,75,172,255,44,122,166,421
03/09/2023,DHN,AL,ASO,ES,Federal Contract Tower,4,5,32,114,155,0,0,17,45,62,4,5,49,159,217,24,216,240,457
03/10/2023,DHN,AL,ASO,ES,Federal Contract Tower,4,5,31,75,115,0,0,16,15,31,4,5,47,90,146,2,68,70,216
03/11/2023,DHN,AL,ASO,ES,Federal Contract Tower,4,7,19,0,30,0,0,56,0,56,4,7,75,0,86,112,0,112,198
03/12/2023,DHN,AL,ASO,ES,Federal Contract Tower,4,0,8,0,12,0,0,0,0,0,4,0,8,0,12,0,0,0,12
03/13/2023,DHN,AL,ASO,ES,Federal Contract Tower,5,6,37,75,123,0,0,18,25,43,5,6,55,100,166,34,122,156,322
03/14/2023,DHN,AL,ASO,ES,Federal Contract Tower,4,4,34,59,101,0,0,40,41,81,4,4,74,100,182,6,114,120,302
03/15/2023,DHN,AL,ASO,ES,Federal Contract Tower,4,5,38,86,133,0,0,41,41,82,4,5,79,127,215,62,104,166,381
03/16/2023,DHN,AL,ASO,ES,Federal Contract Tower,4,2,27,60,93,0,0,33,31,64,4,2,60,91,157,70,108,178,335
03/17/2023,DHN,AL,ASO,ES,Federal Contract Tower,3,8,9,65,85,0,0,7,25,32,3,8,16,90,117,2,108,110,227
03/18/2023,DHN,AL,ASO,ES,Federal Contract Tower,4,0,10,6,20,0,0,30,1,31,4,0,40,7,51,14,2,16,67
03/19/2023,DHN,AL,ASO,ES,Federal Contract Tower,4,0,17,7,28,0,0,17,3,20,4,0,34,10,48,18,0,18,66
03/20/2023,DHN,AL,ASO,ES,Federal Contract Tower,4,5,11,99,119,0,0,27,31,58,4,5,38,130,177,76,178,254,431
03/21/2023,DHN,AL,ASO,ES,Federal Contract Tower,4,4,23,85,116,0,2,42,32,76,4,6,65,117,192,28,166,194,386
03/22/2023,DHN,AL,ASO,ES,Federal Contract Tower,7,5,30,95,137,0,0,22,28,50,7,5,52,123,187,22,100,122,309
03/23/2023,DHN,AL,ASO,ES,Federal Contract Tower,4,8,27,35,74,0,2,28,20,50,4,10,55,55,124,14,78,92,216
03/24/2023,DHN,AL,ASO,ES,Federal Contract Tower,4,5,26,36,71,0,0,21,15,36,4,5,47,51,107,20,138,158,265
03/25/2023,DHN,AL,ASO,ES,Federal Contract Tower,4,2,10,0,16,0,0,4,0,4,4,2,14,0,20,0,0,0,20
03/26/2023,DHN,AL,ASO,ES,Federal Contract Tower,4,0,23,0,27,0,0,2,2,4,4,0,25,2,31,56,0,56,87
03/27/2023,DHN,AL,ASO,ES,Federal Contract Tower,4,5,18,24,51,0,0,0,0,0,4,5,18,24,51,0,0,0,51
03/28/2023,DHN,AL,ASO,ES,Federal Contract Tower,4,2,16,43,65,0,0,8,9,17,4,2,24,52,82,58,20,78,160
03/29/2023,DHN,AL,ASO,ES,Federal Contract Tower,4,2,28,76,110,0,0,40,26,66,4,2,68,102,176,56,166,222,398
03/30/2023,DHN,AL,ASO,ES,Federal Contract Tower,4,2,19,64,89,0,0,46,34,80,4,2,65,98,169,40,128,168,337
03/31/2023,DHN,AL,ASO,ES,Federal Contract Tower,4,2,19,87,112,0,0,33,38,71,4,2,52,125,183,36,128,164,347
04/01/2023,DHN,AL,ASO,ES,Federal Contract Tower,4,1,10,0,15,0,0,6,0,6,4,1,16,0,21,6,0,6,27
04/02/2023,DHN,AL,ASO,ES,Federal Contract Tower,4,1,26,1,32,0,0,42,8,50,4,1,68,9,82,126,0,126,208
04/03/2023,DHN,AL,ASO,ES,Federal Contract Tower,8,5,23,61,97,0,0,10,7,17,8,5,33,68,114,6,46,52,166
04/04/2023,DHN,AL,ASO,ES,Federal Contract Tower,4,2,36,102,144,0,0,37,32,69,4,2,73,134,213,72,104,176,389
04/05/2023,DHN,AL,ASO,ES,Federal Contract Tower,4,6,17,125,152,0,0,38,32,70,4,6,55,157,222,96,106,202,424
04/06/2023,DHN,AL,ASO,ES,Federal Contract Tower,4,4,24,122,154,0,0,37,40,77,4,4,61,162,231,24,214,238,469
04/07/2023,DHN,AL,ASO,ES,Federal Contract Tower,5,3,20,51,79,0,0,32,32,64,5,3,52,83,143,70,160,230,373
04/08/2023,DHN,AL,ASO,ES,Federal Contract Tower,4,1,4,1,10,0,0,0,0,0,4,1,4,1,10,0,0,0,10
04/09/2023,DHN,AL,ASO,ES,Federal Contract Tower,4,0,7,0,11,0,0,3,0,3,4,0,10,0,14,4,0,4,18
04/10/2023,DHN,AL,ASO,ES,Federal Contract Tower,4,2,29,61,96,0,0,27,29,56,4,2,56,90,152,26,134,160,312
04/11/2023,DHN,AL,ASO,ES,Federal Contract Tower,4,3,29,55,91,0,0,49,41,90,4,3,78,96,181,36,108,144,325
04/12/2023,DHN,AL,ASO,ES,Federal Contract Tower,4,2,32,69,107,0,0,50,35,85,4,2,82,104,192,44,100,144,336
04/13/2023,DHN,AL,ASO,ES,Federal Contract Tower,4,2,28,67,101,0,0,21,25,46,4,2,49,92,147,10,82,92,239
04/14/2023,DHN,AL,ASO,ES,Federal Contract Tower,4,2,32,80,118,0,0,37,28,65,4,2,69,108,183,52,112,164,347
04/15/2023,DHN,AL,ASO,ES,Federal Contract Tower,4,0,19,1,24,0,0,36,1,37,4,0,55,2,61,70,0,70,131
04/16/2023,DHN,AL,ASO,ES,Federal Contract Tower,4,0,27,15,46,0,0,14,6,20,4,0,41,21,66,64,0,64,130
04/17/2023,DHN,AL,ASO,ES,Federal Contract Tower,4,3,33,67,107,0,0,46,15,61,4,3,79,82,168,58,72,130,298
04/18/2023,DHN,AL,ASO,ES,Federal Contract Tower,4,4,40,70,118,0,0,27,22,49,4,4,67,92,167,46,62,108,275
04/19/2023,DHN,AL,ASO,ES,Federal Contract Tower,5,3,38,67,113,0,0,48,18,66,5,3,86,85,179,38,50,88,267
04/20/2023,DHN,AL,ASO,ES,Federal Contract Tower,5,4,27,51,87,0,0,57,17,74,5,4,84,68,161,64,60,124,285
04/21/2023,DHN,AL,ASO,ES,Federal Contract Tower,4,6,19,76,105,0,0,46,27,73,4,6,65,103,178,96,128,224,402
04/22/2023,DHN,AL,ASO,ES,Federal Contract Tower,4,0,30,0,34,0,0,36,0,36,4,0,66,0,70,50,0,50,120
04/23/2023,DHN,AL,ASO,ES,Federal Contract Tower,4,0,14,3,21,0,0,40,9,49,4,0,54,12,70,70,0,70,140
04/24/2023,DHN,AL,ASO,ES,Federal Contract Tower,4,4,18,33,59,0,1,38,7,46,4,5,56,40,105,70,44,114,219
04/25/2023,DHN,AL,ASO,ES,Federal Contract Tower,5,3,25,88,121,0,0,44,19,63,5,3,69,107,184,80,122,202,386
04/26/2023,DHN,AL,ASO,ES,Federal Contract Tower,5,11,18,61,95,0,0,32,29,61,5,11,50,90,156,94,116,210,366
04/27/2023,DHN,AL,ASO,ES,Federal Contract Tower,4,4,26,49,83,0,0,0,0,0,4,4,26,49,83,0,0,0,83
04/28/2023,DHN,AL,ASO,ES,Federal Contract Tower,4,2,54,97,157,0,0,17,11,28,4,2,71,108,185,28,58,86,271
04/29/2023,DHN,AL,ASO,ES,Federal Contract Tower,4,0,12,0,16,0,0,22,0,22,4,0,34,0,38,40,0,40,78
04/30/2023,DHN,AL,ASO,ES,Federal Contract Tower,4,2,14,0,20,0,0,13,0,13,4,2,27,0,33,34,0,34,67
05/01/2023,DHN,AL,ASO,ES,Federal Contract Tower,4,2,25,20,51,0,0,24,8,32,4,2,49,28,83,42,60,102,185
05/02/2023,DHN,AL,ASO,ES,Federal Contract Tower,3,2,20,79,104,0,0,31,20,51,3,2,51,99,155,46,178,224,379
05/03/2023,DHN,AL,ASO,ES,Federal Contract Tower,4,3,34,118,159,0,0,42,43,85,4,3,76,161,244,36,178,214,458
05/04/2023,DHN,AL,ASO,ES,Federal Contract Tower,4,4,21,62,91,0,0,28,32,60,4,4,49,94,151,8,140,148,299
05/05/2023,DHN,AL,ASO,ES,Federal Contract Tower,4,8,22,79,113,0,0,18,36,54,4,8,40,115,167,12,170,182,349
05/06/2023,DHN,AL,ASO,ES,Federal Contract Tower,4,0,10,4,18,0,0,41,0,41,4,0,51,4,59,58,0,58,117
05/07/2023,DHN,AL,ASO,ES,Federal Contract Tower,4,0,18,19,41,0,0,37,4,41,4,0,55,23,82,86,0,86,168
05/08/2023,DHN,AL,ASO,ES,Federal Contract Tower,5,4,25,83,117,0,0,16,8,24,5,4,41,91,141,18,52,70,211
05/09/2023,DHN,AL,ASO,ES,Federal Contract Tower,6,2,24,93,125,0,0,13,51,64,6,2,37,144,189,16,160,176,365
05/10/2023,DHN,AL,ASO,ES,Federal Contract Tower,4,4,22,61,91,0,0,46,40,86,4,4,68,101,177,62,156,218,395
05/11/2023,DHN,AL,ASO,ES,Federal Contract Tower,4,2,18,126,150,0,0,11,17,28,4,2,29,143,178,38,80,118,296
05/12/2023,DHN,AL,ASO,ES,Federal Contract Tower,4,3,13,80,100,0,0,14,32,46,4,3,27,112,146,2,88,90,236
05/13/2023,DHN,AL,ASO,ES,Federal Contract Tower,5,4,19,10,38,0,0,34,0,34,5,4,53,10,72,44,0,44,116
05/14/2023,DHN,AL,ASO,ES,Federal Contract Tower,4,0,9,15,28,0,0,26,3,29,4,0,35,18,57,46,0,46,103
05/15/2023,DHN,AL,ASO,ES,Federal Contract Tower,4,4,13,49,70,0,0,25,8,33,4,4,38,57,103,22,42,64,167
05/16/2023,DHN,AL,ASO,ES,Federal Contract Tower,4,6,27,95,132,0,0,10,12,22,4,6,37,107,154,16,84,100,254
05/17/2023,DHN,AL,ASO,ES,Federal Contract Tower,4,3,48,99,154,0,0,11,26,37,4,3,59,125,191,16,86,102,293
05/18/2023,DHN,AL,ASO,ES,Federal Contract Tower,4,6,25,79,114,0,0,26,21,47,4,6,51,100,161,56,58,114,275
05/19/2023,DHN,AL,ASO,ES,Federal Contract Tower,4,4,38,124,170,0,0,5,3,8,4,4,43,127,178,34,26,60,238
05/20/2023,DHN,AL,ASO,ES,Federal Contract Tower,5,0,15,2,22,0,0,56,0,56,5,0,71,2,78,54,0,54,132
05/21/2023,DHN,AL,ASO,ES,Federal Contract Tower,4,0,24,19,47,0,0,20,7,27,4,0,44,26,74,38,0,38,112
05/22/2023,DHN,AL,ASO,ES,Federal Contract Tower,4,2,32,45,83,0,0,10,4,14,4,2,42,49,97,50,58,108,205
05/23/2023,DHN,AL,ASO,ES,Federal Contract Tower,4,2,34,75,115,0,0,3,0,3,4,2,37,75,118,0,12,12,130
05/24/2023,DHN,AL,ASO,ES,Federal Contract Tower,5,4,32,124,165,0,1,39,26,66,5,5,71,150,231,108,102,210,441
05/25/2023,DHN,AL,ASO,ES,Federal Contract Tower,5,2,20,63,90,0,0,69,45,114,5,2,89,108,204,66,166,232,436
05/26/2023,DHN,AL,ASO,ES,Federal Contract Tower,5,3,26,86,120,0,0,34,20,54,5,3,60,106,174,18,92,110,284
05/27/2023,DHN,AL,ASO,ES,Federal Contract Tower,4,0,4,1,9,0,0,22,2,24,4,0,26,3,33,0,0,0,33
05/28/2023,DHN,AL,ASO,ES,Federal Contract Tower,4,0,23,2,29,0,0,34,0,34,4,0,57,2,63,68,0,68,131
05/29/2023,DHN,AL,ASO,ES,Federal Contract Tower,4,1,11,0,16,0,0,16,0,16,4,1,27,0,32,40,0,40,72
05/30/2023,DHN,AL,ASO,ES,Federal Contract Tower,5,2,23,112,142,0,0,52,27,79,5,2,75,139,221,106,158,264,485
05/31/2023,DHN,AL,ASO,ES,Federal Contract Tower,4,2,22,105,133,0,0,20,32,52,4,2,42,137,185,10,118,128,313
06/01/2023,DHN,AL,ASO,ES,Federal Contract Tower,5,3,31,113,152,0,0,36,21,57,5,3,67,134,209,56,90,146,355
06/02/2023,DHN,AL,ASO,ES,Federal Contract Tower,4,2,22,63,91,0,0,61,33,94,4,2,83,96,185,24,84,108,293
06/03/2023,DHN,AL,ASO,ES,Federal Contract Tower,4,0,14,24,42,0,0,34,0,34,4,0,48,24,76,70,0,70,146
06/04/2023,DHN,AL,ASO,ES,Federal Contract Tower,5,0,7,42,54,0,0,27,5,32,5,0,34,47,86,60,0,60,146
06/05/2023,DHN,AL,ASO,ES,Federal Contract Tower,4,4,8,108,124,0,0,39,19,58,4,4,47,127,182,42,160,202,384
06/06/2023,DHN,AL,ASO,ES,Federal Contract Tower,4,3,44,68,119,0,0,30,30,60,4,3,74,98,179,40,128,168,347
06/07/2023,DHN,AL,ASO,ES,Federal Contract Tower,4,6,34,61,105,0,0,48,27,75,4,6,82,88,180,12,84,96,276
06/08/2023,DHN,AL,ASO,ES,Federal Contract Tower,4,3,21,105,133,0,0,57,38,95,4,3,78,143,228,36,126,162,390
06/09/2023,DHN,AL,ASO,ES,Federal Contract Tower,4,2,35,107,148,0,0,62,31,93,4,2,97,138,241,42,100,142,383
06/10/2023,DHN,AL,ASO,ES,Federal Contract Tower,6,0,11,3,20,0,0,37,0,37,6,0,48,3,57,106,0,106,163
06/11/2023,DHN,AL,ASO,ES,Federal Contract Tower,4,2,8,10,24,0,0,9,8,17,4,2,17,18,41,40,0,40,81
06/12/2023,DHN,AL,ASO,ES,Federal Contract Tower,4,2,21,46,73,0,0,18,21,39,4,2,39,67,112,10,120,130,242
06/13/2023,DHN,AL,ASO,ES,Federal Contract Tower,4,4,20,74,102,0,0,33,21,54,4,4,53,95,156,76,80,156,312
06/14/2023,DHN,AL,ASO,ES,Federal Contract Tower,3,3,26,49,81,0,0,15,1,16,3,3,41,50,97,48,4,52,149
06/15/2023,DHN,AL,ASO,ES,Federal Contract Tower,7,4,10,14,35,0,0,4,10,14,7,4,14,24,49,18,74,92,141
06/16/2023,DHN,AL,ASO,ES,Federal Contract Tower,4,5,52,75,136,0,0,21,3,24,4,5,73,78,160,42,6,48,208
06/17/2023,DHN,AL,ASO,ES,Federal Contract Tower,4,7,9,1,21,0,0,54,0,54,4,7,63,1,75,32,0,32,107
06/18/2023,DHN,AL,ASO,ES,Federal Contract Tower,3,0,7,0,10,0,0,20,0,20,3,0,27,0,30,96,0,96,126
06/19/2023,DHN,AL,ASO,ES,Federal Contract Tower,4,2,16,0,22,0,0,1,0,1,4,2,17,0,23,0,0,0,23
06/20/2023,DHN,AL,ASO,ES,Federal Contract Tower,4,5,37,144,190,0,0,39,21,60,4,5,76,165,250,24,138,162,412
06/21/2023,DHN,AL,ASO,ES,Federal Contract Tower,6,6,38,45,95,0,0,8,10,18,6,6,46,55,113,28,50,78,191
06/22/2023,DHN,AL,ASO,ES,Federal Contract Tower,7,7,27,81,122,0,0,41,38,79,7,7,68,119,201,36,138,174,375
06/23/2023,DHN,AL,ASO,ES,Federal Contract Tower,5,2,24,76,107,0,0,39,27,66,5,2,63,103,173,88,158,246,419
06/24/2023,DHN,AL,ASO,ES,Federal Contract Tower,4,1,18,13,36,0,0,36,3,39,4,1,54,16,75,68,12,80,155
06/25/2023,DHN,AL,ASO,ES,Federal Contract Tower,4,0,12,17,33,0,0,56,0,56,4,0,68,17,89,38,0,38,127
06/26/2023,DHN,AL,ASO,ES,Federal Contract Tower,4,6,37,122,169,0,0,49,20,69,4,6,86,142,238,36,40,76,314
06/27/2023,DHN,AL,ASO,ES,Federal Contract Tower,5,7,33,83,128,0,3,49,29,81,5,10,82,112,209,46,144,190,399
06/28/2023,DHN,AL,ASO,ES,Federal Contract Tower,4,8,38,111,161,0,0,51,29,80,4,8,89,140,241,36,172,208,449
06/29/2023,DHN,AL,ASO,ES,Federal Contract Tower,6,7,14,82,109,0,1,55,20,76,6,8,69,102,185,112,108,220,405
06/30/2023,DHN,AL,ASO,ES,Federal Contract Tower,5,4,24,87,120,0,0,56,29,85,5,4,80,116,205,54,122,176,381
07/01/2023,DHN,AL,ASO,ES,Federal Contract Tower,4,7,26,0,37,0,0,41,0,41,4,7,67,0,78,70,0,70,148
07/02/2023,DHN,AL,ASO,ES,Federal Contract Tower,4,1,5,2,12,0,0,21,2,23,4,1,26,4,35,40,0,40,75
07/03/2023,DHN,AL,ASO,ES,Federal Contract Tower,4,3,8,0,15,0,0,23,0,23,4,3,31,0,38,70,24,94,132
07/04/2023,DHN,AL,ASO,ES,Federal Contract Tower,3,0,3,0,6,0,0,7,0,7,3,0,10,0,13,0,0,0,13
07/05/2023,DHN,AL,ASO,ES,Federal Contract Tower,4,4,20,55,83,0,0,32,31,63,4,4,52,86,146,44,150,194,340
07/06/2023,DHN,AL,ASO,ES,Federal Contract Tower,7,3,17,107,134,0,0,47,40,87,7,3,64,147,221,10,176,186,407
07/07/2023,DHN,AL,ASO,ES,Federal Contract Tower,4,6,19,55,84,0,0,52,34,86,4,6,71,89,170,60,108,168,338
07/08/2023,DHN,AL,ASO,ES,Federal Contract Tower,4,1,10,24,39,0,0,21,1,22,4,1,31,25,61,52,0,52,113
07/09/2023,DHN,AL,ASO,ES,Federal Contract Tower,4,0,10,49,63,0,0,16,13,29,4,0,26,62,92,0,0,0,92
07/10/2023,DHN,AL,ASO,ES,Federal Contract Tower,4,3,21,91,119,0,0,22,12,34,4,3,43,103,153,18,110,128,281
07/11/2023,DHN,AL,ASO,ES,Federal Contract Tower,5,6,33,160,204,0,1,58,39,98,5,7,91,199,302,46,164,210,512
07/12/2023,DHN,AL,ASO,ES,Federal Contract Tower,4,4,22,145,175,0,0,28,53,81,4,4,50,198,256,22,178,200,456
07/13/2023,DHN,AL,ASO,ES,Federal Contract Tower,4,5,26,57,92,0,0,6,14,20,4,5,32,71,112,34,26,60,172
07/14/2023,DHN,AL,ASO,ES,Federal Contract Tower,4,6,22,124,156,0,0,6,30,36,4,6,28,154,192,30,136,166,358
07/15/2023,DHN,AL,ASO,ES,Federal Contract Tower,4,1,11,5,21,0,0,8,1,9,4,1,19,6,30,0,0,0,30
07/16/2023,DHN,AL,ASO,ES,Federal Contract Tower,4,2,14,2,22,0,0,4,6,10,4,2,18,8,32,10,0,10,42
07/17/2023,DHN,AL,ASO,ES,Federal Contract Tower,4,3,22,54,83,0,1,38,19,58,4,4,60,73,141,50,96,146,287
07/18/2023,DHN,AL,ASO,ES,Federal Contract Tower,4,4,25,58,91,0,0,46,26,72,4,4,71,84,163,92,84,176,339
07/19/2023,DHN,AL,ASO,ES,Federal Contract Tower,4,1,25,82,112,0,0,45,28,73,4,1,70,110,185,28,98,126,311
07/20/2023,DHN,AL,ASO,ES,Federal Contract Tower,4,4,17,62,87,0,0,68,38,106,4,4,85,100,193,26,104,130,323
07/21/2023,DHN,AL,ASO,ES,Federal Contract Tower,5,4,33,81,123,0,0,52,27,79,5,4,85,108,202,24,134,158,360
07/22/2023,DHN,AL,ASO,ES,Federal Contract Tower,4,3,9,0,16,0,0,4,6,10,4,3,13,6,26,4,12,16,42
07/23/2023,DHN,AL,ASO,ES,Federal Contract Tower,4,0,9,1,14,0,0,7,4,11,4,0,16,5,25,6,0,6,31
07/24/2023,DHN,AL,ASO,ES,Federal Contract Tower,5,8,31,58,102,0,0,51,15,66,5,8,82,73,168,48,116,164,332
07/25/2023,DHN,AL,ASO,ES,Federal Contract Tower,4,4,20,88,116,0,0,54,13,67,4,4,74,101,183,40,48,88,271
07/26/2023,DHN,AL,ASO,ES,Federal Contract Tower,4,5,26,87,122,0,0,57,22,79,4,5,83,109,201,34,74,108,309
07/27/2023,DHN,AL,ASO,ES,Federal Contract Tower,4,6,20,61,91,0,0,63,12,75,4,6,83,73,166,52,68,120,286
07/28/2023,DHN,AL,ASO,ES,Federal Contract Tower,4,2,32,50,88,0,0,49,28,77,4,2,81,78,165,64,116,180,345
07/29/2023,DHN,AL,ASO,ES,Federal Contract Tower,4,0,31,8,43,0,0,22,0,22,4,0,53,8,65,48,0,48,113
07/30/2023,DHN,AL,ASO,ES,Federal Contract Tower,2,5,23,16,46,0,0,23,6,29,2,5,46,22,75,2,0,2,77
07/31/2023,DHN,AL,ASO,ES,Federal Contract Tower,3,2,13,70,88,0,0,38,31,69,3,2,51,101,157,22,140,162,319
08/01/2023,DHN,AL,ASO,ES,Federal Contract Tower,5,2,23,29,59,0,1,38,32,71,5,3,61,61,130,32,122,154,284
08/02/2023,DHN,AL,ASO,ES,Federal Contract Tower,4,4,25,97,130,0,0,47,42,89,4,4,72,139,219,60,128,188,407
08/03/2023,DHN,AL,ASO,ES,Federal Contract Tower,4,4,26,79,113,0,0,34,41,75,4,4,60,120,188,36,172,208,396
08/04/2023,DHN,AL,ASO,ES,Federal Contract Tower,4,2,24,51,81,0,0,27,26,53,4,2,51,77,134,26,154,180,314
08/05/2023,DHN,AL,ASO,ES,Federal Contract Tower,4,2,7,0,13,0,0,13,0,13,4,2,20,0,26,30,0,30,56
08/06/2023,DHN,AL,ASO,ES,Federal Contract Tower,3,0,9,0,12,0,0,16,2,18,3,0,25,2,30,0,0,0,30
08/07/2023,DHN,AL,ASO,ES,Federal Contract Tower,3,3,12,82,100,0,0,29,26,55,3,3,41,108,155,22,130,152,307
08/08/2023,DHN,AL,ASO,ES,Federal Contract Tower,5,4,35,80,124,0,0,13,15,28,5,4,48,95,152,16,52,68,220
08/09/2023,DHN,AL,ASO,ES,Federal Contract Tower,6,6,30,86,128,0,0,28,23,51,6,6,58,109,179,30,110,140,319
08/10/2023,DHN,AL,ASO,ES,Federal Contract Tower,4,8,27,60,99,0,0,60,34,94,4,8,87,94,193,40,166,206,399
08/11/2023,DHN,AL,ASO,ES,Federal Contract Tower,4,1,23,61,89,0,0,18,45,63,4,1,41,106,152,30,114,144,296
08/12/2023,DHN,AL,ASO,ES,Federal Contract Tower,4,0,10,10,24,0,0,19,0,19,4,0,29,10,43,30,0,30,73
08/13/2023,DHN,AL,ASO,ES,Federal Contract Tower,4,0,11,14,29,0,0,10,1,11,4,0,21,15,40,28,0,28,68
08/14/2023,DHN,AL,ASO,ES,Federal Contract Tower,4,2,15,45,66,0,0,27,37,64,4,2,42,82,130,26,184,210,340
08/15/2023,DHN,AL,ASO,ES,Federal Contract Tower,3,3,41,74,121,0,0,24,22,46,3,3,65,96,167,12,104,116,283
08/16/2023,DHN,AL,ASO,ES,Federal Contract Tower,4,2,21,68,95,0,1,23,18,42,4,3,44,86,137,24,102,126,263
08/17/2023,DHN,AL,ASO,ES,Federal Contract Tower,4,3,26,87,120,0,0,29,28,57,4,3,55,115,177,18,164,182,359
08/18/2023,DHN,AL,ASO,ES,Federal Contract Tower,4,0,13,55,72,0,7,35,32,74,4,7,48,87,146,74,90,164,310
08/19/2023,DHN,AL,ASO,ES,Federal Contract Tower,4,4,7,3,18,0,0,27,1,28,4,4,34,4,46,30,0,30,76
08/20/2023,DHN,AL,ASO,ES,Federal Contract Tower,4,0,5,19,28,0,0,21,7,28,4,0,26,26,56,10,18,28,84
08/21/2023,DHN,AL,ASO,ES,Federal Contract Tower,4,10,25,91,130,0,4,42,21,67,4,14,67,112,197,56,110,166,363
08/22/2023,DHN,AL,ASO,ES,Federal Contract Tower,4,4,27,136,171,0,0,44,33,77,4,4,71,169,248,40,146,186,434
08/23/2023,DHN,AL,ASO,ES,Federal Contract Tower,4,5,35,74,118,0,0,24,27,51,4,5,59,101,169,18,138,156,325
08/24/2023,DHN,AL,ASO,ES,Federal Contract Tower,4,7,11,63,85,0,0,28,18,46,4,7,39,81,131,34,94,128,259
08/25/2023,DHN,AL,ASO,ES,Federal Contract Tower,4,4,20,54,82,0,0,66,26,92,4,4,86,80,174,54,142,196,370
08/26/2023,DHN,AL,ASO,ES,Federal Contract Tower,4,0,16,22,42,0,0,40,3,43,4,0,56,25,85,66,24,90,175
08/27/2023,DHN,AL,ASO,ES,Federal Contract Tower,4,2,9,25,40,0,0,25,5,30,4,2,34,30,70,30,0,30,100
08/28/2023,DHN,AL,ASO,ES,Federal Contract Tower,4,3,20,81,108,0,0,39,13,52,4,3,59,94,160,66,12,78,238
08/29/2023,DHN,AL,ASO,ES,Federal Contract Tower,4,4,31,45,84,0,0,29,11,40,4,4,60,56,124,34,88,122,246
08/30/2023,DHN,AL,ASO,ES,Federal Contract Tower,5,5,38,66,114,0,0,18,9,27,5,5,56,75,141,20,14,34,175
08/31/2023,DHN,AL,ASO,ES,Federal Contract Tower,5,4,24,60,93,0,0,67,31,98,5,4,91,91,191,82,158,240,431
01/01/2020,DHN,AL,ASO,ES,Federal Contract Tower,4,1,9,0,14,0,0,6,0,6,4,1,15,0,20,4,0,4,24
01/02/2020,DHN,AL,ASO,ES,Federal Contract Tower,5,0,23,0,28,0,0,11,8,19,5,0,34,8,47,14,0,14,61
01/03/2020,DHN,AL,ASO,ES,Federal Contract Tower,4,5,3,2,14,0,0,6,0,6,4,5,9,2,20,10,0,10,30
01/04/2020,DHN,AL,ASO,ES,Federal Contract Tower,4,2,24,0,30,0,0,3,0,3,4,2,27,0,33,0,0,0,33
01/05/2020,DHN,AL,ASO,ES,Federal Contract Tower,7,0,5,0,12,0,0,35,0,35,7,0,40,0,47,16,0,16,63
01/06/2020,DHN,AL,ASO,ES,Federal Contract Tower,6,2,31,27,66,0,0,50,34,84,6,2,81,61,150,66,230,296,446
01/07/2020,DHN,AL,ASO,ES,Federal Contract Tower,7,0,28,45,80,0,2,37,31,70,7,2,65,76,150,30,202,232,382
01/08/2020,DHN,AL,ASO,ES,Federal Contract Tower,7,1,28,57,93,0,0,47,33,80,7,1,75,90,173,20,182,202,375
01/09/2020,DHN,AL,ASO,ES,Federal Contract Tower,7,5,49,60,121,0,0,34,26,60,7,5,83,86,181,42,108,150,331
01/10/2020,DHN,AL,ASO,ES,Federal Contract Tower,10,0,28,92,130,0,0,33,27,60,10,0,61,119,190,38,190,228,418
01/11/2020,DHN,AL,ASO,ES,Federal Contract Tower,5,2,4,0,11,0,0,0,0,0,5,2,4,0,11,0,0,0,11
01/12/2020,DHN,AL,ASO,ES,Federal Contract Tower,6,0,33,21,60,0,0,2,1,3,6,0,35,22,63,0,0,0,63
01/13/2020,DHN,AL,ASO,ES,Federal Contract Tower,7,2,29,58,96,0,0,12,11,23,7,2,41,69,119,28,68,96,215
01/14/2020,DHN,AL,ASO,ES,Federal Contract Tower,6,1,31,133,171,0,0,11,26,37,6,1,42,159,208,36,86,122,330
01/15/2020,DHN,AL,ASO,ES,Federal Contract Tower,7,0,30,94,131,0,0,3,10,13,7,0,33,104,144,12,150,162,306
01/16/2020,DHN,AL,ASO,ES,Federal Contract Tower,7,2,29,96,134,0,0,2,16,18,7,2,31,112,152,2,154,156,308
01/17/2020,DHN,AL,ASO,ES,Federal Contract Tower,6,3,26,86,121,0,0,15,28,43,6,3,41,114,164,22,206,228,392
01/18/2020,DHN,AL,ASO,ES,Federal Contract Tower,5,0,18,0,23,0,0,4,0,4,5,0,22,0,27,16,0,16,43
01/19/2020,DHN,AL,ASO,ES,Federal Contract Tower,5,1,18,28,52,0,0,4,6,10,5,1,22,34,62,0,0,0,62
01/20/2020,DHN,AL,ASO,ES,Federal Contract Tower,7,3,10,8,28,0,0,14,4,18,7,3,24,12,46,14,8,22,68
01/21/2020,DHN,AL,ASO,ES,Federal Contract Tower,6,4,23,53,86,0,0,14,26,40,6,4,37,79,126,0,132,132,258
01/22/2020,DHN,AL,ASO,ES,Federal Contract Tower,7,2,23,43,75,0,0,21,37,58,7,2,44,80,133,20,156,176,309
01/23/2020,DHN,AL,ASO,ES,Federal Contract Tower,7,3,30,47,87,0,0,10,6,16,7,3,40,53,103,28,58,86,189
01/24/2020,DHN,AL,ASO,ES,Federal Contract Tower,6,4,19,40,69,0,0,6,27,33,6,4,25,67,102,10,40,50,152
01/25/2020,DHN,AL,ASO,ES,Federal Contract Tower,5,0,9,8,22,0,0,19,1,20,5,0,28,9,42,9,0,9,51
01/26/2020,DHN,AL,ASO,ES,Federal Contract Tower,6,2,14,23,45,0,0,13,2,15,6,2,27,25,60,38,0,38,98
01/27/2020,DHN,AL,ASO,ES,Federal Contract Tower,7,3,35,37,82,0,0,7,11,18,7,3,42,48,100,76,42,118,218
01/28/2020,DHN,AL,ASO,ES,Federal Contract Tower,7,2,24,48,81,0,0,33,24,57,7,2,57,72,138,40,84,124,262
01/29/2020,DHN,AL,ASO,ES,Federal Contract Tower,8,7,23,60,98,0,0,30,18,48,8,7,53,78,146,20,56,76,222
01/30/2020,DHN,AL,ASO,ES,Federal Contract Tower,7,7,29,78,121,0,0,38,22,60,7,7,67,100,181,4,80,84,265
01/31/2020,DHN,AL,ASO,ES,Federal Contract Tower,8,2,40,45,95,0,0,0,3,3,8,2,40,48,98,0,0,0,98
02/01/2020,DHN,AL,ASO,ES,Federal Contract Tower,5,3,11,0,19,0,0,0,7,7,5,3,11,7,26,0,0,0,26
02/02/2020,DHN,AL,ASO,ES,Federal Contract Tower,4,2,21,0,27,0,0,38,0,38,4,2,59,0,65,28,0,28,93
02/03/2020,DHN,AL,ASO,ES,Federal Contract Tower,7,6,39,62,114,0,0,44,22,66,7,6,83,84,180,0,118,118,298
02/04/2020,DHN,AL,ASO,ES,Federal Contract Tower,7,2,37,69,115,0,0,35,16,51,7,2,72,85,166,0,96,96,262
02/05/2020,DHN,AL,ASO,ES,Federal Contract Tower,7,3,31,25,66,0,0,6,0,6,7,3,37,25,72,0,20,20,92
02/06/2020,DHN,AL,ASO,ES,Federal Contract Tower,3,2,8,0,13,0,0,0,0,0,3,2,8,0,13,0,0,0,13
02/07/2020,DHN,AL,ASO,ES,Federal Contract Tower,9,7,24,56,96,0,0,32,26,58,9,7,56,82,154,76,88,164,318
02/08/2020,DHN,AL,ASO,ES,Federal Contract Tower,5,0,16,0,21,0,1,27,0,28,5,1,43,0,49,16,0,16,65
02/09/2020,DHN,AL,ASO,ES,Federal Contract Tower,6,2,15,44,67,0,0,35,3,38,6,2,50,47,105,6,16,22,127
02/10/2020,DHN,AL,ASO,ES,Federal Contract Tower,6,0,21,45,72,0,0,19,29,48,6,0,40,74,120,6,168,174,294
02/11/2020,DHN,AL,ASO,ES,Federal Contract Tower,7,0,32,73,112,0,0,14,16,30,7,0,46,89,142,0,86,86,228
02/12/2020,DHN,AL,ASO,ES,Federal Contract Tower,7,2,47,60,116,0,0,13,5,18,7,2,60,65,134,36,100,136,270
02/13/2020,DHN,AL,ASO,ES,Federal Contract Tower,8,3,25,49,85,0,0,2,18,20,8,3,27,67,105,28,94,122,227
02/14/2020,DHN,AL,ASO,ES,Federal Contract Tower,8,4,19,48,79,0,0,53,37,90,8,4,72,85,169,2,180,182,351
02/15/2020,DHN,AL,ASO,ES,Federal Contract Tower,5,0,12,3,20,0,0,33,0,33,5,0,45,3,53,62,6,68,121
02/16/2020,DHN,AL,ASO,ES,Federal Contract Tower,4,3,15,0,22,0,0,0,0,0,4,3,15,0,22,0,0,0,22
02/17/2020,DHN,AL,ASO,ES,Federal Contract Tower,8,2,14,0,24,0,0,0,0,0,8,2,14,0,24,0,0,0,24
02/18/2020,DHN,AL,ASO,ES,Federal Contract Tower,6,2,39,30,77,0,0,5,11,16,6,2,44,41,93,8,74,82,175
02/19/2020,DHN,AL,ASO,ES,Federal Contract Tower,7,2,25,70,104,0,0,21,38,59,7,2,46,108,163,116,236,352,515
02/20/2020,DHN,AL,ASO,ES,Federal Contract Tower,7,5,8,2,22,0,0,0,0,0,7,5,8,2,22,0,0,0,22
02/21/2020,DHN,AL,ASO,ES,Federal Contract Tower,8,2,53,36,99,0,0,38,36,74,8,2,91,72,173,40,136,176,349
02/22/2020,DHN,AL,ASO,ES,Federal Contract Tower,5,1,12,3,21,0,0,54,2,56,5,1,66,5,77,76,0,76,153
02/23/2020,DHN,AL,ASO,ES,Federal Contract Tower,6,1,16,20,43,0,6,48,2,56,6,7,64,22,99,48,18,66,165
02/24/2020,DHN,AL,ASO,ES,Federal Contract Tower,8,3,32,90,133,3,4,15,29,51,11,7,47,119,184,4,146,150,334
02/25/2020,DHN,AL,ASO,ES,Federal Contract Tower,7,2,34,65,108,0,1,5,15,21,7,3,39,80,129,0,98,98,227
02/26/2020,DHN,AL,ASO,ES,Federal Contract Tower,7,0,35,62,104,0,0,38,30,68,7,0,73,92,172,30,160,190,362
02/27/2020,DHN,AL,ASO,ES,Federal Contract Tower,7,2,34,57,100,0,0,42,24,66,7,2,76,81,166,16,172,188,354
02/28/2020,DHN,AL,ASO,ES,Federal Contract Tower,6,2,31,83,122,0,0,39,21,60,6,2,70,104,182,10,130,140,322
02/29/2020,DHN,AL,ASO,ES,Federal Contract Tower,4,2,9,11,26,0,0,38,1,39,4,2,47,12,65,74,0,74,139
03/01/2020,DHN,AL,ASO,ES,Federal Contract Tower,6,3,17,24,50,0,0,45,4,49,6,3,62,28,99,64,0,64,163
03/02/2020,DHN,AL,ASO,ES,Federal Contract Tower,7,3,28,61,99,0,0,22,28,50,7,3,50,89,149,72,110,182,331
03/03/2020,DHN,AL,ASO,ES,Federal Contract Tower,7,1,51,66,125,0,0,15,24,39,7,1,66,90,164,14,48,62,226
03/04/2020,DHN,AL,ASO,ES,Federal Contract Tower,7,2,14,0,23,0,0,0,0,0,7,2,14,0,23,0,0,0,23
03/05/2020,DHN,AL,ASO,ES,Federal Contract Tower,7,6,32,57,102,0,0,0,0,0,7,6,32,57,102,0,0,0,102
03/06/2020,DHN,AL,ASO,ES,Federal Contract Tower,6,3,35,44,88,0,0,47,20,67,6,3,82,64,155,62,106,168,323
03/07/2020,DHN,AL,ASO,ES,Federal Contract Tower,5,0,21,24,50,0,0,28,4,32,5,0,49,28,82,16,0,16,98
03/08/2020,DHN,AL,ASO,ES,Federal Contract Tower,7,0,20,26,53,0,0,18,2,20,7,0,38,28,73,36,0,36,109
03/09/2020,DHN,AL,ASO,ES,Federal Contract Tower,8,2,25,34,69,0,0,49,16,65,8,2,74,50,134,152,88,240,374
03/10/2020,DHN,AL,ASO,ES,Federal Contract Tower,7,1,26,76,110,0,0,43,15,58,7,1,69,91,168,120,92,212,380
03/11/2020,DHN,AL,ASO,ES,Federal Contract Tower,7,0,56,63,126,0,0,35,29,64,7,0,91,92,190,42,118,160,350
03/12/2020,DHN,AL,ASO,ES,Federal Contract Tower,7,3,29,68,107,0,0,29,30,59,7,3,58,98,166,29,117,146,312
03/13/2020,DHN,AL,ASO,ES,Federal Contract Tower,7,2,35,64,108,0,0,29,22,51,7,2,64,86,159,42,70,112,271
03/14/2020,DHN,AL,ASO,ES,Federal Contract Tower,5,0,13,0,18,0,0,23,0,23,5,0,36,0,41,36,0,36,77
03/15/2020,DHN,AL,ASO,ES,Federal Contract Tower,7,0,14,23,44,0,0,21,1,22,7,0,35,24,66,30,8,38,104
03/16/2020,DHN,AL,ASO,ES,Federal Contract Tower,7,2,16,59,84,0,0,29,30,59,7,2,45,89,143,36,156,192,335
03/17/2020,DHN,AL,ASO,ES,Federal Contract Tower,7,1,9,58,75,7,0,32,16,55,14,1,41,74,130,62,122,184,314
03/18/2020,DHN,AL,ASO,ES,Federal Contract Tower,7,2,11,45,65,0,0,33,24,57,7,2,44,69,122,2,74,76,198
03/19/2020,DHN,AL,ASO,ES,Federal Contract Tower,7,4,19,72,102,0,0,17,30,47,7,4,36,102,149,12,178,190,339
03/20/2020,DHN,AL,ASO,ES,Federal Contract Tower,4,2,9,68,83,0,0,7,19,26,4,2,16,87,109,24,92,116,225
03/21/2020,DHN,AL,ASO,ES,Federal Contract Tower,4,4,17,0,25,0,0,4,0,4,4,4,21,0,29,32,0,32,61
03/22/2020,DHN,AL,ASO,ES,Federal Contract Tower,6,0,11,4,21,0,0,9,0,9,6,0,20,4,30,46,0,46,76
03/23/2020,DHN,AL,ASO,ES,Federal Contract Tower,3,2,5,62,72,0,0,2,3,5,3,2,7,65,77,0,58,58,135
03/24/2020,DHN,AL,ASO,ES,Federal Contract Tower,4,0,9,78,91,0,0,2,40,42,4,0,11,118,133,0,140,140,273
03/25/2020,DHN,AL,ASO,ES,Federal Contract Tower,5,2,14,83,104,0,0,31,41,72,5,2,45,124,176,48,188,236,412
03/26/2020,DHN,AL,ASO,ES,Federal Contract Tower,5,6,13,31,55,0,0,35,29,64,5,6,48,60,119,18,228,246,365
03/27/2020,DHN,AL,ASO,ES,Federal Contract Tower,4,2,14,64,84,0,0,23,20,43,4,2,37,84,127,34,62,96,223
03/28/2020,DHN,AL,ASO,ES,Federal Contract Tower,5,2,5,17,29,0,0,15,2,17,5,2,20,19,46,54,0,54,100
03/29/2020,DHN,AL,ASO,ES,Federal Contract Tower,3,2,11,7,23,0,0,21,0,21,3,2,32,7,44,30,0,30,74
03/30/2020,DHN,AL,ASO,ES,Federal Contract Tower,3,2,21,39,65,0,0,20,28,48,3,2,41,67,113,16,102,118,231
03/31/2020,DHN,AL,ASO,ES,Federal Contract Tower,3,0,28,34,65,0,0,3,20,23,3,0,31,54,88,2,100,102,190
04/01/2020,DHN,AL,ASO,ES,Federal Contract Tower,3,1,9,68,81,0,0,30,54,84,3,1,39,122,165,36,210,246,411
04/02/2020,DHN,AL,ASO,ES,Federal Contract Tower,4,3,7,57,71,0,0,36,27,63,4,3,43,84,134,52,200,252,386
04/03/2020,DHN,AL,ASO,ES,Federal Contract Tower,4,4,20,30,58,0,0,17,34,51,4,4,37,64,109,36,158,194,303
04/04/2020,DHN,AL,ASO,ES,Federal Contract Tower,4,1,25,0,30,0,0,10,0,10,4,1,35,0,40,30,4,34,74
04/05/2020,DHN,AL,ASO,ES,Federal Contract Tower,2,0,10,2,14,0,0,13,0,13,2,0,23,2,27,14,0,14,41
04/06/2020,DHN,AL,ASO,ES,Federal Contract Tower,1,2,22,30,55,0,0,30,15,45,1,2,52,45,100,110,82,192,292
04/07/2020,DHN,AL,ASO,ES,Federal Contract Tower,4,0,17,15,36,0,0,17,40,57,4,0,34,55,93,12,150,162,255
04/08/2020,DHN,AL,ASO,ES,Federal Contract Tower,4,2,14,26,46,0,0,5,12,17,4,2,19,38,63,8,88,96,159
04/09/2020,DHN,AL,ASO,ES,Federal Contract Tower,4,4,17,64,89,1,0,9,37,47,5,4,26,101,136,8,180,188,324
04/10/2020,DHN,AL,ASO,ES,Federal Contract Tower,3,2,3,17,25,0,0,13,30,43,3,2,16,47,68,0,172,172,240
04/11/2020,DHN,AL,ASO,ES,Federal Contract Tower,4,2,13,0,19,0,0,18,0,18,4,2,31,0,37,24,0,24,61
04/12/2020,DHN,AL,ASO,ES,Federal Contract Tower,3,0,0,0,3,0,0,0,0,0,3,0,0,0,3,0,0,0,3
04/13/2020,DHN,AL,ASO,ES,Federal Contract Tower,5,2,17,19,43,0,0,41,42,83,5,2,58,61,126,58,164,222,348
04/14/2020,DHN,AL,ASO,ES,Federal Contract Tower,2,2,12,35,51,0,0,29,46,75,2,2,41,81,126,52,216,268,394
04/15/2020,DHN,AL,ASO,ES,Federal Contract Tower,2,0,10,22,34,0,0,31,44,75,2,0,41,66,109,18,218,236,345
04/16/2020,DHN,AL,ASO,ES,Federal Contract Tower,1,2,8,46,57,0,0,31,21,52,1,2,39,67,109,20,136,156,265
04/17/2020,DHN,AL,ASO,ES,Federal Contract Tower,2,2,14,13,31,0,0,30,31,61,2,2,44,44,92,2,152,154,246
04/18/2020,DHN,AL,ASO,ES,Federal Contract Tower,2,0,7,0,9,0,0,4,3,7,2,0,11,3,16,22,2,24,40
04/19/2020,DHN,AL,ASO,ES,Federal Contract Tower,2,0,0,0,2,0,0,0,0,0,2,0,0,0,2,0,0,0,2
04/20/2020,DHN,AL,ASO,ES,Federal Contract Tower,2,2,26,52,82,0,4,21,18,43,2,6,47,70,125,14,68,82,207
04/21/2020,DHN,AL,ASO,ES,Federal Contract Tower,2,2,13,75,92,0,0,22,32,54,2,2,35,107,146,18,182,200,346
04/22/2020,DHN,AL,ASO,ES,Federal Contract Tower,4,0,17,14,35,0,0,38,27,65,4,0,55,41,100,62,90,152,252
04/23/2020,DHN,AL,ASO,ES,Federal Contract Tower,4,4,0,0,8,0,0,0,0,0,4,4,0,0,8,0,0,0,8
04/24/2020,DHN,AL,ASO,ES,Federal Contract Tower,2,2,23,42,69,0,0,44,18,62,2,2,67,60,131,100,84,184,315
04/25/2020,DHN,AL,ASO,ES,Federal Contract Tower,3,0,14,0,17,0,0,15,0,15,3,0,29,0,32,32,0,32,64
04/26/2020,DHN,AL,ASO,ES,Federal Contract Tower,1,0,4,6,11,0,0,3,1,4,1,0,7,7,15,4,12,16,31
04/27/2020,DHN,AL,ASO,ES,Federal Contract Tower,3,2,6,41,52,0,0,32,22,54,3,2,38,63,106,22,186,208,314
04/28/2020,DHN,AL,ASO,ES,Federal Contract Tower,1,0,17,76,94,0,0,22,8,30,1,0,39,84,124,46,96,142,266
04/29/2020,DHN,AL,ASO,ES,Federal Contract Tower,2,0,13,16,31,0,0,7,7,14,2,0,20,23,45,60,80,140,185
04/30/2020,DHN,AL,ASO,ES,Federal Contract Tower,2,2,12,57,73,0,0,20,29,49,2,2,32,86,122,18,220,238,360
05/01/2020,DHN,AL,ASO,ES,Federal Contract Tower,2,6,12,52,72,0,0,33,17,50,2,6,45,69,122,56,90,146,268
05/02/2020,DHN,AL,ASO,ES,Federal Contract Tower,1,0,12,11,24,0,0,16,1,17,1,0,28,12,41,34,0,34,75
05/03/2020,DHN,AL,ASO,ES,Federal Contract Tower,2,1,5,6,14,0,1,17,0,18,2,2,22,6,32,54,0,54,86
05/04/2020,DHN,AL,ASO,ES,Federal Contract Tower,2,2,12,16,32,0,0,24,20,44,2,2,36,36,76,24,140,164,240
05/05/2020,DHN,AL,ASO,ES,Federal Contract Tower,3,1,10,40,54,0,0,27,16,43,3,1,37,56,97,2,96,98,195
05/06/2020,DHN,AL,ASO,ES,Federal Contract Tower,2,3,10,65,80,0,0,21,24,45,2,3,31,89,125,14,70,84,209
05/07/2020,DHN,AL,ASO,ES,Federal Contract Tower,1,3,16,71,91,0,0,32,27,59,1,3,48,98,150,66,82,148,298
05/08/2020,DHN,AL,ASO,ES,Federal Contract Tower,2,3,7,56,68,0,0,14,31,45,2,3,21,87,113,4,98,102,215
05/09/2020,DHN,AL,ASO,ES,Federal Contract Tower,2,1,8,7,18,0,0,16,6,22,2,1,24,13,40,38,0,38,78
05/10/2020,DHN,AL,ASO,ES,Federal Contract Tower,2,0,7,4,13,0,0,17,4,21,2,0,24,8,34,44,12,56,90
05/11/2020,DHN,AL,ASO,ES,Federal Contract Tower,2,2,13,38,55,0,0,26,26,52,2,2,39,64,107,18,104,122,229
05/12/2020,DHN,AL,ASO,ES,Federal Contract Tower,2,2,10,78,92,0,0,31,23,54,2,2,41,101,146,36,112,148,294
05/13/2020,DHN,AL,ASO,ES,Federal Contract Tower,2,1,12,92,107,0,0,29,26,55,2,1,41,118,162,8,112,120,282
05/14/2020,DHN,AL,ASO,ES,Federal Contract Tower,2,2,17,96,117,0,0,20,34,54,2,2,37,130,171,10,88,98,269
05/15/2020,DHN,AL,ASO,ES,Federal Contract Tower,2,4,6,52,64,0,0,20,36,56,2,4,26,88,120,8,116,124,244
05/16/2020,DHN,AL,ASO,ES,Federal Contract Tower,1,2,0,19,22,0,0,15,0,15,1,2,15,19,37,20,0,20,57
05/17/2020,DHN,AL,ASO,ES,Federal Contract Tower,2,2,8,23,35,0,0,7,0,7,2,2,15,23,42,26,0,26,68
05/18/2020,DHN,AL,ASO,ES,Federal Contract Tower,2,4,12,57,75,0,0,7,17,24,2,4,19,74,99,4,70,74,173
05/19/2020,DHN,AL,ASO,ES,Federal Contract Tower,1,0,8,78,87,0,0,33,26,59,1,0,41,104,146,36,142,178,324
05/20/2020,DHN,AL,ASO,ES,Federal Contract Tower,2,0,40,72,114,0,0,22,14,36,2,0,62,86,150,62,72,134,284
05/21/2020,DHN,AL,ASO,ES,Federal Contract Tower,2,4,27,43,76,0,0,18,9,27,2,4,45,52,103,40,86,126,229
05/22/2020,DHN,AL,ASO,ES,Federal Contract Tower,1,2,29,42,74,0,0,11,7,18,1,2,40,49,92,8,10,18,110
05/23/2020,DHN,AL,ASO,ES,Federal Contract Tower,5,0,22,0,27,0,0,17,0,17,5,0,39,0,44,52,0,52,96
05/24/2020,DHN,AL,ASO,ES,Federal Contract Tower,2,1,4,0,7,0,0,7,0,7,2,1,11,0,14,14,0,14,28
05/25/2020,DHN,AL,ASO,ES,Federal Contract Tower,2,1,8,0,11,0,0,14,0,14,2,1,22,0,25,0,0,0,25
05/26/2020,DHN,AL,ASO,ES,Federal Contract Tower,2,7,18,27,54,0,0,10,15,25,2,7,28,42,79,8,58,66,145
05/27/2020,DHN,AL,ASO,ES,Federal Contract Tower,1,0,41,50,92,0,0,8,19,27,1,0,49,69,119,6,50,56,175
05/28/2020,DHN,AL,ASO,ES,Federal Contract Tower,2,4,37,45,88,0,1,45,15,61,2,5,82,60,149,28,60,88,237
05/29/2020,DHN,AL,ASO,ES,Federal Contract Tower,4,3,31,48,86,0,1,32,20,53,4,4,63,68,139,44,128,172,311
05/30/2020,DHN,AL,ASO,ES,Federal Contract Tower,2,0,21,17,40,0,0,13,0,13,2,0,34,17,53,32,0,32,85
05/31/2020,DHN,AL,ASO,ES,Federal Contract Tower,2,0,14,18,34,0,0,17,1,18,2,0,31,19,52,28,0,28,80
06/01/2020,DHN,AL,ASO,ES,Federal Contract Tower,1,2,20,22,45,0,0,31,21,52,1,2,51,43,97,40,58,98,195
06/02/2020,DHN,AL,ASO,ES,Federal Contract Tower,2,0,34,57,93,0,0,15,1,16,2,0,49,58,109,70,4,74,183
06/03/2020,DHN,AL,ASO,ES,Federal Contract Tower,2,0,16,59,77,0,0,49,36,85,2,0,65,95,162,96,82,178,340
06/04/2020,DHN,AL,ASO,ES,Federal Contract Tower,2,2,36,67,107,0,0,42,8,50,2,2,78,75,157,30,22,52,209
06/05/2020,DHN,AL,ASO,ES,Federal Contract Tower,2,3,27,56,88,0,0,33,30,63,2,3,60,86,151,38,158,196,347
06/06/2020,DHN,AL,ASO,ES,Federal Contract Tower,2,1,4,0,7,0,0,7,0,7,2,1,11,0,14,4,0,4,18
06/07/2020,DHN,AL,ASO,ES,Federal Contract Tower,2,2,0,0,4,0,0,0,0,0,2,2,0,0,4,2,0,2,6
06/08/2020,DHN,AL,ASO,ES,Federal Contract Tower,2,2,23,57,84,0,0,11,16,27,2,2,34,73,111,2,48,50,161
06/09/2020,DHN,AL,ASO,ES,Federal Contract Tower,2,0,16,44,62,0,0,0,2,2,2,0,16,46,64,0,8,8,72
06/10/2020,DHN,AL,ASO,ES,Federal Contract Tower,2,3,23,59,87,0,0,29,25,54,2,3,52,84,141,76,136,212,353
06/11/2020,DHN,AL,ASO,ES,Federal Contract Tower,1,2,23,92,118,0,0,35,49,84,1,2,58,141,202,30,272,302,504
06/12/2020,DHN,AL,ASO,ES,Federal Contract Tower,2,2,17,49,70,0,1,51,39,91,2,3,68,88,161,102,188,290,451
06/13/2020,DHN,AL,ASO,ES,Federal Contract Tower,2,3,13,2,20,0,0,11,0,11,2,3,24,2,31,32,0,32,63
06/14/2020,DHN,AL,ASO,ES,Federal Contract Tower,2,1,14,4,21,0,0,12,0,12,2,1,26,4,33,44,4,48,81
06/15/2020,DHN,AL,ASO,ES,Federal Contract Tower,2,2,9,48,61,0,0,28,42,70,2,2,37,90,131,22,204,226,357
06/16/2020,DHN,AL,ASO,ES,Federal Contract Tower,2,0,27,61,90,0,0,24,34,58,2,0,51,95,148,40,130,170,318
06/17/2020,DHN,AL,ASO,ES,Federal Contract Tower,2,1,17,39,59,0,0,63,38,101,2,1,80,77,160,108,214,322,482
06/18/2020,DHN,AL,ASO,ES,Federal Contract Tower,2,8,18,38,66,0,0,42,42,84,2,8,60,80,150,62,164,226,376
06/19/2020,DHN,AL,ASO,ES,Federal Contract Tower,2,3,21,33,59,0,0,37,31,68,2,3,58,64,127,27,124,151,278
06/20/2020,DHN,AL,ASO,ES,Federal Contract Tower,2,1,16,6,25,0,0,21,0,21,2,1,37,6,46,34,0,34,80
06/21/2020,DHN,AL,ASO,ES,Federal Contract Tower,2,1,6,5,14,0,0,10,1,11,2,1,16,6,25,8,0,8,33
06/22/2020,DHN,AL,ASO,ES,Federal Contract Tower,2,8,21,43,74,0,0,34,14,48,2,8,55,57,122,46,32,78,200
06/23/2020,DHN,AL,ASO,ES,Federal Contract Tower,2,5,40,17,64,0,0,41,13,54,2,5,81,30,118,70,18,88,206
06/24/2020,DHN,AL,ASO,ES,Federal Contract Tower,2,0,45,13,60,0,0,48,21,69,2,0,93,34,129,86,112,198,327
06/25/2020,DHN,AL,ASO,ES,Federal Contract Tower,2,4,32,28,66,0,0,28,7,35,2,4,60,35,101,32,104,136,237
06/26/2020,DHN,AL,ASO,ES,Federal Contract Tower,2,5,39,16,62,0,0,28,15,43,2,5,67,31,105,42,114,156,261
06/27/2020,DHN,AL,ASO,ES,Federal Contract Tower,2,0,16,5,23,0,0,8,1,9,2,0,24,6,32,6,0,6,38
06/28/2020,DHN,AL,ASO,ES,Federal Contract Tower,2,3,14,11,30,0,0,19,3,22,2,3,33,14,52,12,0,12,64
06/29/2020,DHN,AL,ASO,ES,Federal Contract Tower,2,2,12,58,74,0,0,39,10,49,2,2,51,68,123,40,28,68,191
06/30/2020,DHN,AL,ASO,ES,Federal Contract Tower,1,2,31,67,101,0,0,37,26,63,1,2,68,93,164,28,98,126,290
07/01/2020,DHN,AL,ASO,ES,Federal Contract Tower,2,0,15,27,44,0,0,20,17,37,2,0,35,44,81,10,96,106,187
07/02/2020,DHN,AL,ASO,ES,Federal Contract Tower,2,0,11,84,97,0,0,26,27,53,2,0,37,111,150,26,172,198,348
07/03/2020,DHN,AL,ASO,ES,Federal Contract Tower,2,0,13,0,15,0,0,7,0,7,2,0,20,0,22,10,0,10,32
07/04/2020,DHN,AL,ASO,ES,Federal Contract Tower,2,2,5,0,9,0,0,4,0,4,2,2,9,0,13,0,0,0,13
07/05/2020,DHN,AL,ASO,ES,Federal Contract Tower,2,2,5,0,9,0,0,2,0,2,2,2,7,0,11,4,0,4,15
07/06/2020,DHN,AL,ASO,ES,Federal Contract Tower,2,2,17,4,25,0,0,0,0,0,2,2,17,4,25,0,0,0,25
07/07/2020,DHN,AL,ASO,ES,Federal Contract Tower,2,4,18,54,78,0,0,4,22,26,2,4,22,76,104,0,142,142,246
07/08/2020,DHN,AL,ASO,ES,Federal Contract Tower,2,2,38,76,118,0,0,14,18,32,2,2,52,94,150,12,78,90,240
07/09/2020,DHN,AL,ASO,ES,Federal Contract Tower,2,5,17,71,95,0,0,27,15,42,2,5,44,86,137,40,82,122,259
07/10/2020,DHN,AL,ASO,ES,Federal Contract Tower,2,2,11,79,94,0,0,47,16,63,2,2,58,95,157,50,132,182,339
07/11/2020,DHN,AL,ASO,ES,Federal Contract Tower,2,0,15,34,51,0,1,9,4,14,2,1,24,38,65,10,6,16,81
07/12/2020,DHN,AL,ASO,ES,Federal Contract Tower,2,0,11,0,13,0,0,20,2,22,2,0,31,2,35,6,0,6,41
07/13/2020,DHN,AL,ASO,ES,Federal Contract Tower,2,7,18,87,114,0,0,42,27,69,2,7,60,114,183,104,120,224,407
07/14/2020,DHN,AL,ASO,ES,Federal Contract Tower,1,3,28,76,108,0,0,27,16,43,1,3,55,92,151,20,82,102,253
07/15/2020,DHN,AL,ASO,ES,Federal Contract Tower,1,4,16,44,65,0,0,35,15,50,1,4,51,59,115,50,82,132,247
07/16/2020,DHN,AL,ASO,ES,Federal Contract Tower,2,5,19,73,99,0,0,40,29,69,2,5,59,102,168,40,160,200,368
07/17/2020,DHN,AL,ASO,ES,Federal Contract Tower,1,1,19,83,104,0,0,55,19,74,1,1,74,102,178,50,112,162,340
07/18/2020,DHN,AL,ASO,ES,Federal Contract Tower,2,1,13,6,22,0,0,9,4,13,2,1,22,10,35,16,0,16,51
07/19/2020,DHN,AL,ASO,ES,Federal Contract Tower,2,2,12,27,43,0,0,24,4,28,2,2,36,31,71,36,0,36,107
07/20/2020,DHN,AL,ASO,ES,Federal Contract Tower,2,3,18,29,52,0,0,54,28,82,2,3,72,57,134,30,130,160,294
07/21/2020,DHN,AL,ASO,ES,Federal Contract Tower,2,1,7,36,46,0,0,57,9,66,2,1,64,45,112,50,44,94,206
07/22/2020,DHN,AL,ASO,ES,Federal Contract Tower,2,1,28,61,92,0,0,51,19,70,2,1,79,80,162,50,128,178,340
07/23/2020,DHN,AL,ASO,ES,Federal Contract Tower,2,2,13,35,52,0,0,35,20,55,2,2,48,55,107,56,122,178,285
07/24/2020,DHN,AL,ASO,ES,Federal Contract Tower,0,4,15,81,100,0,0,26,33,59,0,4,41,114,159,50,168,218,377
07/25/2020,DHN,AL,ASO,ES,Federal Contract Tower,2,0,11,15,28,0,0,20,4,24,2,0,31,19,52,30,0,30,82
07/26/2020,DHN,AL,ASO,ES,Federal Contract Tower,2,0,12,9,23,0,0,17,3,20,2,0,29,12,43,14,0,14,57
07/27/2020,DHN,AL,ASO,ES,Federal Contract Tower,2,3,10,57,72,0,0,33,29,62,2,3,43,86,134,28,148,176,310
07/28/2020,DHN,AL,ASO,ES,Federal Contract Tower,2,6,26,42,76,0,0,33,17,50,2,6,59,59,126,96,74,170,296
07/29/2020,DHN,AL,ASO,ES,Federal Contract Tower,2,1,33,48,84,0,0,11,10,21,2,1,44,58,105,36,44,80,185
07/30/2020,DHN,AL,ASO,ES,Federal Contract Tower,2,3,33,85,123,0,0,24,17,41,2,3,57,102,164,16,122,138,302
07/31/2020,DHN,AL,ASO,ES,Federal Contract Tower,2,2,25,96,125,0,1,44,30,75,2,3,69,126,200,32,82,114,314
08/01/2020,DHN,AL,ASO,ES,Federal Contract Tower,2,4,13,11,30,0,0,23,1,24,2,4,36,12,54,30,0,30,84
08/02/2020,DHN,AL,ASO,ES,Federal Contract Tower,3,0,16,19,38,0,0,15,0,15,3,0,31,19,53,38,0,38,91
08/03/2020,DHN,AL,ASO,ES,Federal Contract Tower,7,2,2,52,63,0,0,38,25,63,7,2,40,77,126,63,60,123,249
08/04/2020,DHN,AL,ASO,ES,Federal Contract Tower,4,3,13,51,71,0,0,55,34,89,4,3,68,85,160,8,152,160,320
08/05/2020,DHN,AL,ASO,ES,Federal Contract Tower,4,0,15,58,77,0,0,49,38,87,4,0,64,96,164,54,180,234,398
08/06/2020,DHN,AL,ASO,ES,Federal Contract Tower,3,3,28,39,73,0,0,31,28,59,3,3,59,67,132,19,140,159,291
08/07/2020,DHN,AL,ASO,ES,Federal Contract Tower,2,0,15,27,44,0,0,34,45,79,2,0,49,72,123,36,200,236,359
08/08/2020,DHN,AL,ASO,ES,Federal Contract Tower,3,0,3,3,9,0,0,33,2,35,3,0,36,5,44,48,0,48,92
08/09/2020,DHN,AL,ASO,ES,Federal Contract Tower,3,0,5,5,13,0,0,34,1,35,3,0,39,6,48,46,0,46,94
08/10/2020,DHN,AL,ASO,ES,Federal Contract Tower,4,2,19,14,39,0,0,26,24,50,4,2,45,38,89,38,156,194,283
08/11/2020,DHN,AL,ASO,ES,Federal Contract Tower,4,0,19,23,46,0,0,19,15,34,4,0,38,38,80,2,76,78,158
08/12/2020,DHN,AL,ASO,ES,Federal Contract Tower,3,3,24,90,120,0,1,38,49,88,3,4,62,139,208,8,196,204,412
08/13/2020,DHN,AL,ASO,ES,Federal Contract Tower,3,3,15,24,45,0,1,15,15,31,3,4,30,39,76,4,98,102,178
08/14/2020,DHN,AL,ASO,ES,Federal Contract Tower,4,3,23,33,63,0,0,18,10,28,4,3,41,43,91,12,92,104,195
08/15/2020,DHN,AL,ASO,ES,Federal Contract Tower,3,2,1,8,14,0,0,15,0,15,3,2,16,8,29,82,0,82,111
08/16/2020,DHN,AL,ASO,ES,Federal Contract Tower,3,0,12,8,23,0,0,23,2,25,3,0,35,10,48,58,2,60,108
08/17/2020,DHN,AL,ASO,ES,Federal Contract Tower,4,2,12,36,54,0,0,23,36,59,4,2,35,72,113,42,152,194,307
08/18/2020,DHN,AL,ASO,ES,Federal Contract Tower,4,2,31,32,69,0,0,48,36,84,4,2,79,68,153,88,120,208,361
08/19/2020,DHN,AL,ASO,ES,Federal Contract Tower,4,3,20,55,82,0,0,41,20,61,4,3,61,75,143,30,134,164,307
08/20/2020,DHN,AL,ASO,ES,Federal Contract Tower,4,2,15,22,43,0,0,32,20,52,4,2,47,42,95,130,100,230,325
08/21/2020,DHN,AL,ASO,ES,Federal Contract Tower,4,3,29,37,73,0,4,22,10,36,4,7,51,47,109,36,108,144,253
08/22/2020,DHN,AL,ASO,ES,Federal Contract Tower,3,2,7,2,14,0,0,11,1,12,3,2,18,3,26,72,0,72,98
08/23/2020,DHN,AL,ASO,ES,Federal Contract Tower,3,0,11,0,14,0,0,15,0,15,3,0,26,0,29,46,0,46,75
08/24/2020,DHN,AL,ASO,ES,Federal Contract Tower,3,2,43,48,96,0,0,0,0,0,3,2,43,48,96,0,0,0,96
08/25/2020,DHN,AL,ASO,ES,Federal Contract Tower,4,0,55,78,137,0,0,32,20,52,4,0,87,98,189,14,44,58,247
08/26/2020,DHN,AL,ASO,ES,Federal Contract Tower,6,0,36,74,116,0,0,42,25,67,6,0,78,99,183,52,50,102,285
08/27/2020,DHN,AL,ASO,ES,Federal Contract Tower,4,2,38,82,126,0,0,28,15,43,4,2,66,97,169,66,100,166,335
08/28/2020,DHN,AL,ASO,ES,Federal Contract Tower,3,5,31,94,133,0,1,44,14,59,3,6,75,108,192,48,66,114,306
08/29/2020,DHN,AL,ASO,ES,Federal Contract Tower,3,1,0,0,4,0,0,4,0,4,3,1,4,0,8,18,0,18,26
08/30/2020,DHN,AL,ASO,ES,Federal Contract Tower,2,0,9,0,11,0,0,3,8,11,2,0,12,8,22,42,0,42,64
08/31/2020,DHN,AL,ASO,ES,Federal Contract Tower,4,2,35,87,128,0,0,29,13,42,4,2,64,100,170,14,64,78,248
09/01/2020,DHN,AL,ASO,ES,Federal Contract Tower,4,0,21,53,78,0,0,29,11,40,4,0,50,64,118,24,48,72,190
09/02/2020,DHN,AL,ASO,ES,Federal Contract Tower,4,0,31,105,140,0,0,34,23,57,4,0,65,128,197,42,90,132,329
09/03/2020,DHN,AL,ASO,ES,Federal Contract Tower,3,1,9,69,82,0,0,38,57,95,3,1,47,126,177,32,190,222,399
09/04/2020,DHN,AL,ASO,ES,Federal Contract Tower,4,2,42,1,49,0,0,56,3,59,4,2,98,4,108,84,0,84,192
09/05/2020,DHN,AL,ASO,ES,Federal Contract Tower,3,0,26,1,30,0,0,66,1,67,3,0,92,2,97,42,0,42,139
09/06/2020,DHN,AL,ASO,ES,Federal Contract Tower,3,0,3,0,6,0,0,12,0,12,3,0,15,0,18,2,0,2,20
09/07/2020,DHN,AL,ASO,ES,Federal Contract Tower,5,4,8,9,26,0,0,15,8,23,5,4,23,17,49,20,4,24,73
09/08/2020,DHN,AL,ASO,ES,Federal Contract Tower,4,2,35,96,137,0,2,34,38,74,4,4,69,134,211,30,186,216,427
09/09/2020,DHN,AL,ASO,ES,Federal Contract Tower,4,0,34,83,121,0,0,35,46,81,4,0,69,129,202,30,292,322,524
09/10/2020,DHN,AL,ASO,ES,Federal Contract Tower,5,8,9,72,94,0,0,9,15,24,5,8,18,87,118,4,104,108,226
09/11/2020,DHN,AL,ASO,ES,Federal Contract Tower,5,7,28,54,94,0,0,16,19,35,5,7,44,73,129,14,138,152,281
09/12/2020,DHN,AL,ASO,ES,Federal Contract Tower,2,0,12,25,39,0,0,8,4,12,2,0,20,29,51,26,0,26,77
09/13/2020,DHN,AL,ASO,ES,Federal Contract Tower,2,0,6,0,8,0,0,11,0,11,2,0,17,0,19,12,0,12,31
09/14/2020,DHN,AL,ASO,ES,Federal Contract Tower,4,2,13,46,65,0,0,1,23,24,4,2,14,69,89,0,158,158,247
09/15/2020,DHN,AL,ASO,ES,Federal Contract Tower,2,0,20,33,55,0,0,0,4,4,2,0,20,37,59,0,18,18,77
09/16/2020,DHN,AL,ASO,ES,Federal Contract Tower,3,0,1,0,4,0,0,0,0,0,3,0,1,0,4,0,0,0,4
09/17/2020,DHN,AL,ASO,ES,Federal Contract Tower,2,3,31,33,69,0,0,2,1,3,2,3,33,34,72,2,30,32,104
09/18/2020,DHN,AL,ASO,ES,Federal Contract Tower,4,2,41,42,89,0,0,73,29,102,4,2,114,71,191,46,186,232,423
09/19/2020,DHN,AL,ASO,ES,Federal Contract Tower,2,0,16,1,19,0,0,21,2,23,2,0,37,3,42,66,0,66,108
09/20/2020,DHN,AL,ASO,ES,Federal Contract Tower,2,2,11,0,15,0,0,14,0,14,2,2,25,0,29,32,0,32,61
09/21/2020,DHN,AL,ASO,ES,Federal Contract Tower,3,2,18,35,58,0,0,67,25,92,3,2,85,60,150,22,94,116,266
09/22/2020,DHN,AL,ASO,ES,Federal Contract Tower,4,10,25,80,119,0,0,56,42,98,4,10,81,122,217,24,204,228,445
09/23/2020,DHN,AL,ASO,ES,Federal Contract Tower,4,0,33,134,171,0,0,47,41,88,4,0,80,175,259,30,212,242,501
09/24/2020,DHN,AL,ASO,ES,Federal Contract Tower,5,2,38,101,146,0,0,11,5,16,5,2,49,106,162,10,16,26,188
09/25/2020,DHN,AL,ASO,ES,Federal Contract Tower,4,2,32,71,109,0,0,64,14,78,4,2,96,85,187,17,92,109,296
09/26/2020,DHN,AL,ASO,ES,Federal Contract Tower,2,2,18,3,25,0,0,40,0,40,2,2,58,3,65,124,0,124,189
09/27/2020,DHN,AL,ASO,ES,Federal Contract Tower,2,0,13,0,15,0,0,2,2,4,2,0,15,2,19,0,0,0,19
09/28/2020,DHN,AL,ASO,ES,Federal Contract Tower,2,1,19,36,58,0,0,27,28,55,2,1,46,64,113,12,154,166,279
09/29/2020,DHN,AL,ASO,ES,Federal Contract Tower,4,3,50,93,150,0,0,18,18,36,4,3,68,111,186,32,104,136,322
09/30/2020,DHN,AL,ASO,ES,Federal Contract Tower,4,4,24,70,102,0,1,57,52,110,4,5,81,122,212,24,172,196,408
10/01/2020,DHN,AL,ASO,ES,Federal Contract Tower,6,3,23,58,90,0,0,51,38,89,6,3,74,96,179,40,98,138,317
10/02/2020,DHN,AL,ASO,ES,Federal Contract Tower,6,2,28,55,91,0,0,56,34,90,6,2,84,89,181,46,192,238,419
10/03/2020,DHN,AL,ASO,ES,Federal Contract Tower,5,0,17,4,26,0,1,43,0,44,5,1,60,4,70,94,0,94,164
10/04/2020,DHN,AL,ASO,ES,Federal Contract Tower,4,2,9,12,27,0,0,25,1,26,4,2,34,13,53,18,0,18,71
10/05/2020,DHN,AL,ASO,ES,Federal Contract Tower,7,4,21,47,79,0,0,32,43,75,7,4,53,90,154,4,144,148,302
10/06/2020,DHN,AL,ASO,ES,Federal Contract Tower,5,0,56,66,127,0,0,13,28,41,5,0,69,94,168,2,104,106,274
10/07/2020,DHN,AL,ASO,ES,Federal Contract Tower,5,1,17,47,70,0,0,49,33,82,5,1,66,80,152,26,140,166,318
10/08/2020,DHN,AL,ASO,ES,Federal Contract Tower,4,2,27,19,52,0,0,50,24,74,4,2,77,43,126,62,212,274,400
10/09/2020,DHN,AL,ASO,ES,Federal Contract Tower,5,4,24,64,97,0,0,10,19,29,5,4,34,83,126,40,142,182,308
10/10/2020,DHN,AL,ASO,ES,Federal Contract Tower,4,0,7,0,11,0,0,0,0,0,4,0,7,0,11,0,0,0,11
10/11/2020,DHN,AL,ASO,ES,Federal Contract Tower,4,1,5,6,16,0,0,10,0,10,4,1,15,6,26,24,0,24,50
10/12/2020,DHN,AL,ASO,ES,Federal Contract Tower,5,5,16,0,26,0,0,28,0,28,5,5,44,0,54,48,0,48,102
10/13/2020,DHN,AL,ASO,ES,Federal Contract Tower,6,3,37,51,97,0,1,50,31,82,6,4,87,82,179,34,150,184,363
10/14/2020,DHN,AL,ASO,ES,Federal Contract Tower,6,3,31,37,77,0,0,57,25,82,6,3,88,62,159,38,26,64,223
10/15/2020,DHN,AL,ASO,ES,Federal Contract Tower,5,2,27,58,92,0,0,65,22,87,5,2,92,80,179,48,104,152,331
10/16/2020,DHN,AL,ASO,ES,Federal Contract Tower,6,3,36,49,94,0,0,53,49,102,6,3,89,98,196,84,132,216,412
10/17/2020,DHN,AL,ASO,ES,Federal Contract Tower,4,3,19,15,41,0,0,31,1,32,4,3,50,16,73,40,0,40,113
10/18/2020,DHN,AL,ASO,ES,Federal Contract Tower,4,0,15,7,26,0,1,33,1,35,4,1,48,8,61,44,0,44,105
10/19/2020,DHN,AL,ASO,ES,Federal Contract Tower,6,2,11,39,58,0,0,65,22,87,6,2,76,61,145,38,96,134,279
10/20/2020,DHN,AL,ASO,ES,Federal Contract Tower,5,0,41,70,116,0,0,44,28,72,5,0,85,98,188,58,170,228,416
10/21/2020,DHN,AL,ASO,ES,Federal Contract Tower,6,3,37,67,113,0,0,19,12,31,6,3,56,79,144,16,82,98,242
10/22/2020,DHN,AL,ASO,ES,Federal Contract Tower,5,4,51,62,122,0,0,20,14,34,5,4,71,76,156,28,44,72,228
10/23/2020,DHN,AL,ASO,ES,Federal Contract Tower,5,0,42,59,106,0,0,29,13,42,5,0,71,72,148,94,34,128,276
10/24/2020,DHN,AL,ASO,ES,Federal Contract Tower,4,0,9,0,13,0,0,1,0,1,4,0,10,0,14,2,0,2,16
10/25/2020,DHN,AL,ASO,ES,Federal Contract Tower,3,0,21,13,37,0,0,24,0,24,3,0,45,13,61,24,0,24,85
10/26/2020,DHN,AL,ASO,ES,Federal Contract Tower,6,2,20,64,92,0,0,34,30,64,6,2,54,94,156,24,178,202,358
10/27/2020,DHN,AL,ASO,ES,Federal Contract Tower,6,0,26,111,143,0,0,0,0,0,6,0,26,111,143,0,0,0,143
10/28/2020,DHN,AL,ASO,ES,Federal Contract Tower,5,3,29,29,66,0,0,6,19,25,5,3,35,48,91,0,104,104,195
10/29/2020,DHN,AL,ASO,ES,Federal Contract Tower,6,3,20,41,70,0,0,17,17,34,6,3,37,58,104,16,28,44,148
10/30/2020,DHN,AL,ASO,ES,Federal Contract Tower,5,5,43,56,109,0,0,40,23,63,5,5,83,79,172,56,172,228,400
10/31/2020,DHN,AL,ASO,ES,Federal Contract Tower,4,0,6,1,11,0,0,74,1,75,4,0,80,2,86,110,4,114,200
11/01/2020,DHN,AL,ASO,ES,Federal Contract Tower,4,0,17,0,21,0,0,22,0,22,4,0,39,0,43,28,0,28,71
11/02/2020,DHN,AL,ASO,ES,Federal Contract Tower,4,3,22,49,78,0,0,31,38,69,4,3,53,87,147,4,194,198,345
11/03/2020,DHN,AL,ASO,ES,Federal Contract Tower,3,2,22,71,98,0,0,39,33,72,3,2,61,104,170,72,162,234,404
11/04/2020,DHN,AL,ASO,ES,Federal Contract Tower,6,1,15,69,91,0,0,29,32,61,6,1,44,101,152,52,202,254,406
11/05/2020,DHN,AL,ASO,ES,Federal Contract Tower,6,3,24,63,96,0,2,25,39,66,6,5,49,102,162,20,214,234,396
11/06/2020,DHN,AL,ASO,ES,Federal Contract Tower,7,3,26,38,74,0,0,45,25,70,7,3,71,63,144,8,200,208,352
11/07/2020,DHN,AL,ASO,ES,Federal Contract Tower,4,2,13,9,28,0,0,12,0,12,4,2,25,9,40,26,0,26,66
11/08/2020,DHN,AL,ASO,ES,Federal Contract Tower,4,2,8,6,20,0,0,4,0,4,4,2,12,6,24,0,0,0,24
11/09/2020,DHN,AL,ASO,ES,Federal Contract Tower,6,4,44,80,134,0,0,29,22,51,6,4,73,102,185,0,164,164,349
11/10/2020,DHN,AL,ASO,ES,Federal Contract Tower,5,2,40,57,104,0,0,3,4,7,5,2,43,61,111,10,2,12,123
11/11/2020,DHN,AL,ASO,ES,Federal Contract Tower,5,0,15,0,20,0,2,23,0,25,5,2,38,0,45,50,0,50,95
11/12/2020,DHN,AL,ASO,ES,Federal Contract Tower,6,0,34,88,128,0,0,19,20,39,6,0,53,108,167,66,58,124,291
11/13/2020,DHN,AL,ASO,ES,Federal Contract Tower,5,2,22,58,87,0,0,46,37,83,5,2,68,95,170,76,166,242,412
11/14/2020,DHN,AL,ASO,ES,Federal Contract Tower,4,0,10,27,41,0,0,91,0,91,4,0,101,27,132,54,6,60,192
11/15/2020,DHN,AL,ASO,ES,Federal Contract Tower,4,1,22,12,39,0,0,13,0,13,4,1,35,12,52,34,0,34,86
11/16/2020,DHN,AL,ASO,ES,Federal Contract Tower,6,4,28,97,135,0,0,42,39,81,6,4,70,136,216,54,212,266,482
11/17/2020,DHN,AL,ASO,ES,Federal Contract Tower,6,0,26,51,83,0,0,35,36,71,6,0,61,87,154,90,162,252,406
11/18/2020,DHN,AL,ASO,ES,Federal Contract Tower,6,0,40,69,115,0,0,49,44,93,6,0,89,113,208,20,216,236,444
11/19/2020,DHN,AL,ASO,ES,Federal Contract Tower,4,2,23,45,74,0,0,31,48,79,4,2,54,93,153,38,188,226,379
11/20/2020,DHN,AL,ASO,ES,Federal Contract Tower,8,2,24,51,85,0,2,56,44,102,8,4,80,95,187,30,260,290,477
11/21/2020,DHN,AL,ASO,ES,Federal Contract Tower,6,0,18,4,28,0,0,51,0,51,6,0,69,4,79,128,0,128,207
11/22/2020,DHN,AL,ASO,ES,Federal Contract Tower,5,0,22,2,29,0,0,21,2,23,5,0,43,4,52,34,0,34,86
11/23/2020,DHN,AL,ASO,ES,Federal Contract Tower,7,2,26,54,89,0,0,18,33,51,7,2,44,87,140,54,156,210,350
11/24/2020,DHN,AL,ASO,ES,Federal Contract Tower,8,0,23,44,75,0,0,57,18,75,8,0,80,62,150,70,80,150,300
11/25/2020,DHN,AL,ASO,ES,Federal Contract Tower,7,0,6,33,46,0,0,45,25,70,7,0,51,58,116,68,88,156,272
11/26/2020,DHN,AL,ASO,ES,Federal Contract Tower,6,0,0,0,6,0,0,2,0,2,6,0,2,0,8,0,0,0,8
11/27/2020,DHN,AL,ASO,ES,Federal Contract Tower,6,0,11,0,17,0,0,0,0,0,6,0,11,0,17,0,0,0,17
11/28/2020,DHN,AL,ASO,ES,Federal Contract Tower,6,1,16,0,23,0,0,19,0,19,6,1,35,0,42,18,0,18,60
11/29/2020,DHN,AL,ASO,ES,Federal Contract Tower,6,1,0,0,7,0,0,0,0,0,6,1,0,0,7,0,0,0,7
11/30/2020,DHN,AL,ASO,ES,Federal Contract Tower,6,3,29,67,105,0,0,19,23,42,6,3,48,90,147,18,136,154,301
12/01/2020,DHN,AL,ASO,ES,Federal Contract Tower,9,0,24,42,75,0,0,52,23,75,9,0,76,65,150,84,220,304,454
12/02/2020,DHN,AL,ASO,ES,Federal Contract Tower,5,6,23,61,95,0,0,29,33,62,5,6,52,94,157,30,206,236,393
12/03/2020,DHN,AL,ASO,ES,Federal Contract Tower,6,2,38,28,74,0,0,36,25,61,6,2,74,53,135,106,118,224,359
12/04/2020,DHN,AL,ASO,ES,Federal Contract Tower,6,2,17,41,66,0,0,8,14,22,6,2,25,55,88,31,62,93,181
12/05/2020,DHN,AL,ASO,ES,Federal Contract Tower,4,0,5,7,16,0,0,30,0,30,4,0,35,7,46,18,0,18,64
12/06/2020,DHN,AL,ASO,ES,Federal Contract Tower,4,1,13,0,18,0,0,54,1,55,4,1,67,1,73,18,0,18,91
12/07/2020,DHN,AL,ASO,ES,Federal Contract Tower,6,7,25,62,100,0,0,7,8,15,6,7,32,70,115,0,80,80,195
12/08/2020,DHN,AL,ASO,ES,Federal Contract Tower,6,0,27,25,58,0,0,63,26,89,6,0,90,51,147,108,154,262,409
12/09/2020,DHN,AL,ASO,ES,Federal Contract Tower,6,0,18,21,45,0,0,49,33,82,6,0,67,54,127,18,188,206,333
12/10/2020,DHN,AL,ASO,ES,Federal Contract Tower,6,2,42,32,82,0,0,58,34,92,6,2,100,66,174,56,112,168,342
12/11/2020,DHN,AL,ASO,ES,Federal Contract Tower,6,2,29,38,75,0,0,26,18,44,6,2,55,56,119,26,172,198,317
12/12/2020,DHN,AL,ASO,ES,Federal Contract Tower,4,0,7,23,34,0,0,24,8,32,4,0,31,31,66,54,2,56,122
12/13/2020,DHN,AL,ASO,ES,Federal Contract Tower,5,5,6,7,23,0,0,0,1,1,5,5,6,8,24,0,0,0,24
12/14/2020,DHN,AL,ASO,ES,Federal Contract Tower,6,1,28,27,62,0,0,20,9,29,6,1,48,36,91,62,36,98,189
12/15/2020,DHN,AL,ASO,ES,Federal Contract Tower,5,0,24,55,84,0,0,29,26,55,5,0,53,81,139,18,96,114,253
12/16/2020,DHN,AL,ASO,ES,Federal Contract Tower,6,0,31,18,55,0,0,0,0,0,6,0,31,18,55,0,0,0,55
12/17/2020,DHN,AL,ASO,ES,Federal Contract Tower,5,2,37,61,105,0,0,26,3,29,5,2,63,64,134,110,24,134,268
12/18/2020,DHN,AL,ASO,ES,Federal Contract Tower,6,2,22,47,77,0,0,40,24,64,6,2,62,71,141,36,106,142,283
12/19/2020,DHN,AL,ASO,ES,Federal Contract Tower,7,8,26,7,48,0,0,31,0,31,7,8,57,7,79,56,0,56,135
12/20/2020,DHN,AL,ASO,ES,Federal Contract Tower,7,6,3,4,20,0,0,0,0,0,7,6,3,4,20,0,0,0,20
12/21/2020,DHN,AL,ASO,ES,Federal Contract Tower,9,3,25,15,52,0,0,21,0,21,9,3,46,15,73,56,12,68,141
12/22/2020,DHN,AL,ASO,ES,Federal Contract Tower,9,0,20,16,45,0,0,41,1,42,9,0,61,17,87,46,2,48,135
12/23/2020,DHN,AL,ASO,ES,Federal Contract Tower,9,0,17,6,32,0,0,10,0,10,9,0,27,6,42,0,6,6,48
12/25/2020,DHN,AL,ASO,ES,Federal Contract Tower,4,0,2,0,6,0,0,2,0,2,4,0,4,0,8,0,0,0,8
12/26/2020,DHN,AL,ASO,ES,Federal Contract Tower,8,0,14,0,22,0,0,7,0,7,8,0,21,0,29,22,0,22,51
12/27/2020,DHN,AL,ASO,ES,Federal Contract Tower,8,1,23,0,32,0,0,18,0,18,8,1,41,0,50,24,0,24,74
12/28/2020,DHN,AL,ASO,ES,Federal Contract Tower,9,5,6,3,23,0,0,5,2,7,9,5,11,5,30,10,20,30,60
12/29/2020,DHN,AL,ASO,ES,Federal Contract Tower,9,1,24,8,42,0,0,24,0,24,9,1,48,8,66,0,0,0,66
12/30/2020,DHN,AL,ASO,ES,Federal Contract Tower,10,5,17,8,40,0,0,17,4,21,10,5,34,12,61,16,36,52,113
12/31/2020,DHN,AL,ASO,ES,Federal Contract Tower,5,2,9,0,16,0,0,0,0,0,5,2,9,0,16,0,0,0,16
01/01/2021,DHN,AL,ASO,ES,Federal Contract Tower,4,0,1,0,5,0,0,0,0,0,4,0,1,0,5,0,0,0,5
01/02/2021,DHN,AL,ASO,ES,Federal Contract Tower,8,2,9,0,19,0,0,13,0,13,8,2,22,0,32,8,0,8,40
01/03/2021,DHN,AL,ASO,ES,Federal Contract Tower,8,0,10,2,20,0,0,17,0,17,8,0,27,2,37,0,0,0,37
01/05/2021,DHN,AL,ASO,ES,Federal Contract Tower,6,1,22,34,63,0,0,27,6,33,6,1,49,40,96,16,34,50,146
01/06/2021,DHN,AL,ASO,ES,Federal Contract Tower,5,0,25,23,53,0,0,44,1,45,5,0,69,24,98,92,0,92,190
01/07/2021,DHN,AL,ASO,ES,Federal Contract Tower,5,0,12,2,19,0,0,0,0,0,5,0,12,2,19,0,0,0,19
01/08/2021,DHN,AL,ASO,ES,Federal Contract Tower,5,0,13,35,53,0,0,0,12,12,5,0,13,47,65,0,0,0,65
01/09/2021,DHN,AL,ASO,ES,Federal Contract Tower,0,0,3,0,3,0,0,24,0,24,0,0,27,0,27,20,0,20,47
01/10/2021,DHN,AL,ASO,ES,Federal Contract Tower,4,0,13,19,36,0,0,30,24,54,4,0,43,43,90,48,0,48,138
01/11/2021,DHN,AL,ASO,ES,Federal Contract Tower,4,2,23,40,69,0,0,6,12,18,4,2,29,52,87,0,66,66,153
01/12/2021,DHN,AL,ASO,ES,Federal Contract Tower,5,0,41,41,87,0,0,4,13,17,5,0,45,54,104,6,80,86,190
01/14/2021,DHN,AL,ASO,ES,Federal Contract Tower,5,10,22,75,112,0,0,20,43,63,5,10,42,118,175,2,260,262,437
01/15/2021,DHN,AL,ASO,ES,Federal Contract Tower,4,3,16,58,81,0,0,17,30,47,4,3,33,88,128,24,134,158,286
01/16/2021,DHN,AL,ASO,ES,Federal Contract Tower,3,0,12,35,50,1,0,22,0,23,4,0,34,35,73,12,0,12,85
01/17/2021,DHN,AL,ASO,ES,Federal Contract Tower,2,4,25,0,31,0,0,40,0,40,2,4,65,0,71,56,0,56,127
01/18/2021,DHN,AL,ASO,ES,Federal Contract Tower,5,2,12,0,19,0,0,25,0,25,5,2,37,0,44,14,0,14,58
01/19/2021,DHN,AL,ASO,ES,Federal Contract Tower,5,2,26,86,119,0,0,17,20,37,5,2,43,106,156,4,246,250,406
01/20/2021,DHN,AL,ASO,ES,Federal Contract Tower,5,6,47,53,111,0,0,49,20,69,5,6,96,73,180,28,198,226,406
01/21/2021,DHN,AL,ASO,ES,Federal Contract Tower,5,4,23,75,107,0,0,19,14,33,5,4,42,89,140,12,138,150,290
01/22/2021,DHN,AL,ASO,ES,Federal Contract Tower,3,5,38,13,59,0,0,0,0,0,3,5,38,13,59,0,0,0,59
01/23/2021,DHN,AL,ASO,ES,Federal Contract Tower,4,0,12,24,40,0,0,37,0,37,4,0,49,24,77,52,0,52,129
01/24/2021,DHN,AL,ASO,ES,Federal Contract Tower,4,1,6,24,35,0,0,6,1,7,4,1,12,25,42,26,0,26,68
01/25/2021,DHN,AL,ASO,ES,Federal Contract Tower,2,3,19,92,116,0,0,6,33,39,2,3,25,125,155,8,136,144,299
01/26/2021,DHN,AL,ASO,ES,Federal Contract Tower,5,0,28,69,102,0,0,5,8,13,5,0,33,77,115,38,52,90,205
01/27/2021,DHN,AL,ASO,ES,Federal Contract Tower,4,4,49,81,138,0,0,2,0,2,4,4,51,81,140,8,0,8,148
01/28/2021,DHN,AL,ASO,ES,Federal Contract Tower,4,2,19,74,99,0,1,49,44,94,4,3,68,118,193,58,292,350,543
01/29/2021,DHN,AL,ASO,ES,Federal Contract Tower,5,2,15,58,80,0,7,61,16,84,5,9,76,74,164,58,122,180,344
01/30/2021,DHN,AL,ASO,ES,Federal Contract Tower,3,0,18,0,21,0,0,37,2,39,3,0,55,2,60,42,0,42,102
01/31/2021,DHN,AL,ASO,ES,Federal Contract Tower,4,2,10,0,16,0,0,1,0,1,4,2,11,0,17,0,0,0,17
02/01/2021,DHN,AL,ASO,ES,Federal Contract Tower,5,4,17,38,64,0,0,29,14,43,5,4,46,52,107,190,80,270,377
02/02/2021,DHN,AL,ASO,ES,Federal Contract Tower,5,0,26,52,83,0,0,51,16,67,5,0,77,68,150,108,58,166,316
02/03/2021,DHN,AL,ASO,ES,Federal Contract Tower,4,1,35,79,119,0,0,48,13,61,4,1,83,92,180,46,124,170,350
02/04/2021,DHN,AL,ASO,ES,Federal Contract Tower,5,2,20,56,83,0,0,36,33,69,5,2,56,89,152,44,274,318,470
02/05/2021,DHN,AL,ASO,ES,Federal Contract Tower,4,0,23,55,82,0,0,9,11,20,4,0,32,66,102,18,94,112,214
02/06/2021,DHN,AL,ASO,ES,Federal Contract Tower,2,0,2,0,4,0,1,0,0,1,2,1,2,0,5,0,0,0,5
02/07/2021,DHN,AL,ASO,ES,Federal Contract Tower,2,1,8,23,34,0,1,17,2,20,2,2,25,25,54,36,2,38,92
02/08/2021,DHN,AL,ASO,ES,Federal Contract Tower,5,2,23,36,66,0,0,42,37,79,5,2,65,73,145,50,144,194,339
02/09/2021,DHN,AL,ASO,ES,Federal Contract Tower,5,2,36,15,58,0,0,1,0,1,5,2,37,15,59,6,0,6,65
02/10/2021,DHN,AL,ASO,ES,Federal Contract Tower,5,0,29,57,91,0,0,0,0,0,5,0,29,57,91,8,20,28,119
02/11/2021,DHN,AL,ASO,ES,Federal Contract Tower,5,0,19,30,54,0,0,11,5,16,5,0,30,35,70,20,58,78,148
02/12/2021,DHN,AL,ASO,ES,Federal Contract Tower,4,3,42,106,155,0,0,0,5,5,4,3,42,111,160,6,8,14,174
02/13/2021,DHN,AL,ASO,ES,Federal Contract Tower,2,0,7,0,9,0,0,0,0,0,2,0,7,0,9,0,0,0,9
02/14/2021,DHN,AL,ASO,ES,Federal Contract Tower,2,0,8,0,10,0,0,0,0,0,2,0,8,0,10,0,0,0,10
02/15/2021,DHN,AL,ASO,ES,Federal Contract Tower,5,2,6,0,13,0,0,0,0,0,5,2,6,0,13,0,0,0,13
02/16/2021,DHN,AL,ASO,ES,Federal Contract Tower,2,2,22,30,56,1,24,5,0,30,3,26,27,30,86,96,4,100,186
02/17/2021,DHN,AL,ASO,ES,Federal Contract Tower,5,12,24,56,97,0,0,34,17,51,5,12,58,73,148,22,168,190,338
02/18/2021,DHN,AL,ASO,ES,Federal Contract Tower,4,1,11,9,25,0,0,0,0,0,4,1,11,9,25,0,0,0,25
02/19/2021,DHN,AL,ASO,ES,Federal Contract Tower,4,2,49,88,143,0,2,32,19,53,4,4,81,107,196,48,136,184,380
02/20/2021,DHN,AL,ASO,ES,Federal Contract Tower,2,0,19,12,33,0,0,53,0,53,2,0,72,12,86,88,0,88,174
02/21/2021,DHN,AL,ASO,ES,Federal Contract Tower,4,2,18,24,48,0,0,46,4,50,4,2,64,28,98,40,4,44,142
02/22/2021,DHN,AL,ASO,ES,Federal Contract Tower,6,3,18,71,98,0,0,23,20,43,6,3,41,91,141,16,114,130,271
02/23/2021,DHN,AL,ASO,ES,Federal Contract Tower,4,0,26,63,93,0,0,56,27,83,4,0,82,90,176,88,180,268,444
02/24/2021,DHN,AL,ASO,ES,Federal Contract Tower,7,3,25,63,98,0,0,59,35,94,7,3,84,98,192,58,130,188,380
02/25/2021,DHN,AL,ASO,ES,Federal Contract Tower,5,2,21,52,80,0,0,44,53,97,5,2,65,105,177,82,178,260,437
02/26/2021,DHN,AL,ASO,ES,Federal Contract Tower,4,4,23,80,111,0,0,10,18,28,4,4,33,98,139,21,70,91,230
02/27/2021,DHN,AL,ASO,ES,Federal Contract Tower,2,2,9,9,22,0,0,5,0,5,2,2,14,9,27,54,0,54,81
02/28/2021,DHN,AL,ASO,ES,Federal Contract Tower,6,0,7,29,42,0,0,10,7,17,6,0,17,36,59,18,0,18,77
03/01/2021,DHN,AL,ASO,ES,Federal Contract Tower,7,5,14,70,96,0,2,6,9,17,7,7,20,79,113,2,24,26,139
03/02/2021,DHN,AL,ASO,ES,Federal Contract Tower,6,3,45,76,130,0,0,0,4,4,6,3,45,80,134,0,24,24,158
03/03/2021,DHN,AL,ASO,ES,Federal Contract Tower,7,1,41,83,132,0,0,22,19,41,7,1,63,102,173,0,94,94,267
03/04/2021,DHN,AL,ASO,ES,Federal Contract Tower,6,7,46,40,99,0,0,38,16,54,6,7,84,56,153,48,50,98,251
03/05/2021,DHN,AL,ASO,ES,Federal Contract Tower,4,2,23,59,88,0,0,52,29,81,4,2,75,88,169,68,116,184,353
03/06/2021,DHN,AL,ASO,ES,Federal Contract Tower,2,0,15,8,25,0,0,28,1,29,2,0,43,9,54,50,0,50,104
03/07/2021,DHN,AL,ASO,ES,Federal Contract Tower,4,1,9,13,27,0,0,26,3,29,4,1,35,16,56,8,0,8,64
03/08/2021,DHN,AL,ASO,ES,Federal Contract Tower,6,2,16,49,73,0,0,41,32,73,6,2,57,81,146,40,132,172,318
03/09/2021,DHN,AL,ASO,ES,Federal Contract Tower,6,6,26,47,85,0,0,42,24,66,6,6,68,71,151,38,78,116,267
03/10/2021,DHN,AL,ASO,ES,Federal Contract Tower,6,0,27,77,110,0,0,56,39,95,6,0,83,116,205,50,158,208,413
03/11/2021,DHN,AL,ASO,ES,Federal Contract Tower,6,3,26,66,101,0,0,40,14,54,6,3,66,80,155,90,68,158,313
03/12/2021,DHN,AL,ASO,ES,Federal Contract Tower,5,8,28,83,124,0,0,55,39,94,5,8,83,122,218,54,188,242,460
03/13/2021,DHN,AL,ASO,ES,Federal Contract Tower,1,2,33,0,36,0,0,68,0,68,1,2,101,0,104,30,0,30,134
03/14/2021,DHN,AL,ASO,ES,Federal Contract Tower,4,3,19,20,46,0,0,24,1,25,4,3,43,21,71,42,0,42,113
03/15/2021,DHN,AL,ASO,ES,Federal Contract Tower,7,3,17,80,107,0,0,46,40,86,7,3,63,120,193,12,242,254,447
03/16/2021,DHN,AL,ASO,ES,Federal Contract Tower,6,4,21,62,93,0,0,8,10,18,6,4,29,72,111,0,36,36,147
03/17/2021,DHN,AL,ASO,ES,Federal Contract Tower,6,0,44,78,128,0,0,23,47,70,6,0,67,125,198,8,138,146,344
03/18/2021,DHN,AL,ASO,ES,Federal Contract Tower,6,9,10,54,79,0,0,25,13,38,6,9,35,67,117,6,28,34,151
03/19/2021,DHN,AL,ASO,ES,Federal Contract Tower,5,2,48,50,105,0,0,22,28,50,5,2,70,78,155,26,152,178,333
03/20/2021,DHN,AL,ASO,ES,Federal Contract Tower,2,2,10,0,14,4,0,0,0,4,6,2,10,0,18,0,0,0,18
03/21/2021,DHN,AL,ASO,ES,Federal Contract Tower,4,1,10,13,28,0,0,16,19,35,4,1,26,32,63,36,0,36,99
03/22/2021,DHN,AL,ASO,ES,Federal Contract Tower,5,4,39,58,106,0,0,63,49,112,5,4,102,107,218,42,180,222,440
03/23/2021,DHN,AL,ASO,ES,Federal Contract Tower,8,4,27,91,130,0,0,28,26,54,8,4,55,117,184,20,132,152,336
03/24/2021,DHN,AL,ASO,ES,Federal Contract Tower,6,2,47,97,152,0,0,4,12,16,6,2,51,109,168,18,46,64,232
03/25/2021,DHN,AL,ASO,ES,Federal Contract Tower,8,6,13,75,102,0,0,32,22,54,8,6,45,97,156,109,106,215,371
03/26/2021,DHN,AL,ASO,ES,Federal Contract Tower,6,7,47,86,146,0,0,13,22,35,6,7,60,108,181,4,64,68,249
03/27/2021,DHN,AL,ASO,ES,Federal Contract Tower,2,5,14,2,23,0,0,0,0,0,2,5,14,2,23,8,0,8,31
03/28/2021,DHN,AL,ASO,ES,Federal Contract Tower,4,0,9,9,22,0,0,6,1,7,4,0,15,10,29,8,0,8,37
03/29/2021,DHN,AL,ASO,ES,Federal Contract Tower,6,9,21,57,93,0,0,45,34,79,6,9,66,91,172,60,146,206,378
03/30/2021,DHN,AL,ASO,ES,Federal Contract Tower,7,2,57,60,126,0,0,25,12,37,7,2,82,72,163,70,60,130,293
03/31/2021,DHN,AL,ASO,ES,Federal Contract Tower,4,2,50,55,111,0,0,14,7,21,4,2,64,62,132,30,80,110,242
04/01/2021,DHN,AL,ASO,ES,Federal Contract Tower,6,3,25,81,115,0,0,18,16,34,6,3,43,97,149,8,140,148,297
04/02/2021,DHN,AL,ASO,ES,Federal Contract Tower,6,5,20,22,53,0,0,0,0,0,6,5,20,22,53,10,140,150,203
04/03/2021,DHN,AL,ASO,ES,Federal Contract Tower,2,3,11,0,16,0,0,25,0,25,2,3,36,0,41,42,0,42,83
04/04/2021,DHN,AL,ASO,ES,Federal Contract Tower,4,7,3,0,14,0,0,40,0,40,4,7,43,0,54,2,0,2,56
04/05/2021,DHN,AL,ASO,ES,Federal Contract Tower,6,2,6,43,57,0,0,40,24,64,6,2,46,67,121,34,134,168,289
04/06/2021,DHN,AL,ASO,ES,Federal Contract Tower,5,2,18,52,77,0,0,41,29,70,5,2,59,81,147,30,136,166,313
04/07/2021,DHN,AL,ASO,ES,Federal Contract Tower,5,0,36,62,103,0,0,29,15,44,5,0,65,77,147,10,76,86,233
04/08/2021,DHN,AL,ASO,ES,Federal Contract Tower,6,2,32,71,111,0,0,5,5,10,6,2,37,76,121,4,56,60,181
04/09/2021,DHN,AL,ASO,ES,Federal Contract Tower,6,5,7,15,33,0,0,0,6,6,6,5,7,21,39,0,36,36,75
04/10/2021,DHN,AL,ASO,ES,Federal Contract Tower,2,2,0,0,4,0,0,0,0,0,2,2,0,0,4,2,0,2,6
04/11/2021,DHN,AL,ASO,ES,Federal Contract Tower,3,0,11,0,14,0,1,10,0,11,3,1,21,0,25,2,0,2,27
04/12/2021,DHN,AL,ASO,ES,Federal Contract Tower,6,3,27,105,141,0,0,26,49,75,6,3,53,154,216,24,222,246,462
04/13/2021,DHN,AL,ASO,ES,Federal Contract Tower,6,3,32,50,91,0,3,23,44,70,6,6,55,94,161,32,136,168,329
04/14/2021,DHN,AL,ASO,ES,Federal Contract Tower,5,2,25,82,114,0,0,15,47,62,5,2,40,129,176,8,158,166,342
04/15/2021,DHN,AL,ASO,ES,Federal Contract Tower,4,5,60,48,117,0,0,1,4,5,4,5,61,52,122,18,16,34,156
04/16/2021,DHN,AL,ASO,ES,Federal Contract Tower,5,2,12,83,102,0,0,16,27,43,5,2,28,110,145,42,122,164,309
04/17/2021,DHN,AL,ASO,ES,Federal Contract Tower,2,1,12,0,15,0,0,7,0,7,2,1,19,0,22,0,0,0,22
04/18/2021,DHN,AL,ASO,ES,Federal Contract Tower,5,0,13,27,45,0,0,25,13,38,5,0,38,40,83,20,0,20,103
04/19/2021,DHN,AL,ASO,ES,Federal Contract Tower,5,5,26,62,98,0,0,40,37,77,5,5,66,99,175,72,160,232,407
04/20/2021,DHN,AL,ASO,ES,Federal Contract Tower,5,0,22,71,98,0,0,53,32,85,5,0,75,103,183,40,107,147,330
04/21/2021,DHN,AL,ASO,ES,Federal Contract Tower,3,0,25,115,143,0,0,72,32,104,3,0,97,147,247,128,64,192,439
04/22/2021,DHN,AL,ASO,ES,Federal Contract Tower,4,4,15,93,116,0,0,50,23,73,4,4,65,116,189,70,54,124,313
04/23/2021,DHN,AL,ASO,ES,Federal Contract Tower,6,2,13,65,86,0,0,51,19,70,6,2,64,84,156,34,56,90,246
04/24/2021,DHN,AL,ASO,ES,Federal Contract Tower,2,0,3,0,5,0,0,0,0,0,2,0,3,0,5,0,0,0,5
04/25/2021,DHN,AL,ASO,ES,Federal Contract Tower,4,0,34,11,49,0,1,31,4,36,4,1,65,15,85,32,6,38,123
04/26/2021,DHN,AL,ASO,ES,Federal Contract Tower,4,2,10,60,76,0,0,40,21,61,4,2,50,81,137,42,88,130,267
04/27/2021,DHN,AL,ASO,ES,Federal Contract Tower,5,0,16,52,73,0,0,45,21,66,5,0,61,73,139,72,88,160,299
04/28/2021,DHN,AL,ASO,ES,Federal Contract Tower,5,0,34,78,117,0,0,42,10,52,5,0,76,88,169,32,44,76,245
04/29/2021,DHN,AL,ASO,ES,Federal Contract Tower,4,2,44,77,127,0,0,28,14,42,4,2,72,91,169,42,86,128,297
04/30/2021,DHN,AL,ASO,ES,Federal Contract Tower,5,6,39,113,163,1,0,9,14,24,6,6,48,127,187,10,72,82,269
05/01/2021,DHN,AL,ASO,ES,Federal Contract Tower,2,0,18,11,31,0,4,34,3,41,2,4,52,14,72,36,6,42,114
05/02/2021,DHN,AL,ASO,ES,Federal Contract Tower,4,4,10,6,24,0,0,18,2,20,4,4,28,8,44,18,0,18,62
05/03/2021,DHN,AL,ASO,ES,Federal Contract Tower,4,2,24,50,80,0,0,3,2,5,4,2,27,52,85,16,2,18,103
05/04/2021,DHN,AL,ASO,ES,Federal Contract Tower,4,0,24,127,155,0,1,9,9,19,4,1,33,136,174,0,22,22,196
05/05/2021,DHN,AL,ASO,ES,Federal Contract Tower,5,6,29,92,132,0,1,16,22,39,5,7,45,114,171,4,132,136,307
05/06/2021,DHN,AL,ASO,ES,Federal Contract Tower,5,5,31,99,140,0,0,47,37,84,5,5,78,136,224,38,172,210,434
05/07/2021,DHN,AL,ASO,ES,Federal Contract Tower,5,4,24,52,85,0,0,45,40,85,5,4,69,92,170,36,136,172,342
05/08/2021,DHN,AL,ASO,ES,Federal Contract Tower,4,0,20,2,26,0,0,30,0,30,4,0,50,2,56,14,0,14,70
05/09/2021,DHN,AL,ASO,ES,Federal Contract Tower,4,0,11,43,58,0,0,17,5,22,4,0,28,48,80,14,4,18,98
05/10/2021,DHN,AL,ASO,ES,Federal Contract Tower,4,6,41,54,105,0,0,26,6,32,4,6,67,60,137,102,94,196,333
05/11/2021,DHN,AL,ASO,ES,Federal Contract Tower,4,0,22,93,119,0,0,41,40,81,4,0,63,133,200,46,276,322,522
05/12/2021,DHN,AL,ASO,ES,Federal Contract Tower,4,4,37,90,135,0,0,21,27,48,4,4,58,117,183,26,135,161,344
05/13/2021,DHN,AL,ASO,ES,Federal Contract Tower,4,2,56,63,125,0,0,27,14,41,4,2,83,77,166,6,86,92,258
05/14/2021,DHN,AL,ASO,ES,Federal Contract Tower,6,2,22,25,55,0,1,46,45,92,6,3,68,70,147,80,162,242,389
05/15/2021,DHN,AL,ASO,ES,Federal Contract Tower,4,0,7,2,13,0,0,11,3,14,4,0,18,5,27,34,0,34,61
05/16/2021,DHN,AL,ASO,ES,Federal Contract Tower,3,0,13,13,29,0,0,32,5,37,3,0,45,18,66,66,12,78,144
05/17/2021,DHN,AL,ASO,ES,Federal Contract Tower,4,4,13,130,151,0,0,71,37,108,4,4,84,167,259,68,147,215,474
05/18/2021,DHN,AL,ASO,ES,Federal Contract Tower,5,0,29,193,227,0,0,29,29,58,5,0,58,222,285,42,158,200,485
05/19/2021,DHN,AL,ASO,ES,Federal Contract Tower,4,0,37,149,190,0,0,42,30,72,4,0,79,179,262,52,96,148,410
05/20/2021,DHN,AL,ASO,ES,Federal Contract Tower,5,2,28,123,158,0,0,29,31,60,5,2,57,154,218,60,132,192,410
05/21/2021,DHN,AL,ASO,ES,Federal Contract Tower,5,2,17,131,155,0,0,37,33,70,5,2,54,164,225,46,98,144,369
05/22/2021,DHN,AL,ASO,ES,Federal Contract Tower,4,3,10,0,17,0,0,14,0,14,4,3,24,0,31,22,0,22,53
05/23/2021,DHN,AL,ASO,ES,Federal Contract Tower,5,0,18,31,54,0,0,20,5,25,5,0,38,36,79,34,2,36,115
05/24/2021,DHN,AL,ASO,ES,Federal Contract Tower,5,5,23,73,106,0,0,52,23,75,5,5,75,96,181,48,94,142,323
05/25/2021,DHN,AL,ASO,ES,Federal Contract Tower,5,0,21,50,76,6,3,74,62,145,11,3,95,112,221,60,78,138,359
05/26/2021,DHN,AL,ASO,ES,Federal Contract Tower,5,0,25,66,96,0,0,38,28,66,5,0,63,94,162,24,158,182,344
05/27/2021,DHN,AL,ASO,ES,Federal Contract Tower,6,2,38,41,87,0,0,55,13,68,6,2,93,54,155,62,60,122,277
05/28/2021,DHN,AL,ASO,ES,Federal Contract Tower,4,1,46,28,79,0,0,34,3,37,4,1,80,31,116,80,0,80,196
05/29/2021,DHN,AL,ASO,ES,Federal Contract Tower,4,3,18,0,25,0,0,4,0,4,4,3,22,0,29,20,0,20,49
05/30/2021,DHN,AL,ASO,ES,Federal Contract Tower,4,0,5,2,11,0,0,5,0,5,4,0,10,2,16,58,0,58,74
05/31/2021,DHN,AL,ASO,ES,Federal Contract Tower,5,2,26,0,33,0,0,15,0,15,5,2,41,0,48,32,0,32,80
06/01/2021,DHN,AL,ASO,ES,Federal Contract Tower,5,0,26,54,85,0,2,61,21,84,5,2,87,75,169,114,72,186,355
06/02/2021,DHN,AL,ASO,ES,Federal Contract Tower,4,2,33,145,184,0,1,69,45,115,4,3,102,190,299,52,148,200,499
06/03/2021,DHN,AL,ASO,ES,Federal Contract Tower,5,8,32,116,161,0,0,33,27,60,5,8,65,143,221,60,122,182,403
06/04/2021,DHN,AL,ASO,ES,Federal Contract Tower,5,7,52,81,145,0,4,27,37,68,5,11,79,118,213,76,62,138,351
06/05/2021,DHN,AL,ASO,ES,Federal Contract Tower,4,1,27,22,54,0,0,27,0,27,4,1,54,22,81,36,0,36,117
06/06/2021,DHN,AL,ASO,ES,Federal Contract Tower,4,1,8,39,52,0,0,11,14,25,4,1,19,53,77,10,0,10,87
06/07/2021,DHN,AL,ASO,ES,Federal Contract Tower,4,2,18,26,50,0,0,0,1,1,4,2,18,27,51,0,0,0,51
06/08/2021,DHN,AL,ASO,ES,Federal Contract Tower,5,2,25,55,87,2,2,17,31,52,7,4,42,86,139,18,86,104,243
06/09/2021,DHN,AL,ASO,ES,Federal Contract Tower,4,1,37,146,188,0,0,61,18,79,4,1,98,164,267,68,122,190,457
06/10/2021,DHN,AL,ASO,ES,Federal Contract Tower,6,3,33,61,103,0,0,30,13,43,6,3,63,74,146,28,56,84,230
06/11/2021,DHN,AL,ASO,ES,Federal Contract Tower,5,12,30,43,90,0,0,9,5,14,5,12,39,48,104,6,22,28,132
06/12/2021,DHN,AL,ASO,ES,Federal Contract Tower,3,3,7,2,15,0,0,1,0,1,3,3,8,2,16,10,0,10,26
06/13/2021,DHN,AL,ASO,ES,Federal Contract Tower,4,5,11,2,22,0,0,20,0,20,4,5,31,2,42,12,0,12,54
06/14/2021,DHN,AL,ASO,ES,Federal Contract Tower,6,3,23,75,107,0,0,58,21,79,6,3,81,96,186,54,28,82,268
06/15/2021,DHN,AL,ASO,ES,Federal Contract Tower,6,0,17,71,94,0,0,56,53,109,6,0,73,124,203,86,158,244,447
06/16/2021,DHN,AL,ASO,ES,Federal Contract Tower,7,1,15,101,124,0,0,92,47,139,7,1,107,148,263,64,160,224,487
06/17/2021,DHN,AL,ASO,ES,Federal Contract Tower,5,6,24,74,109,0,0,43,35,78,5,6,67,109,187,54,164,218,405
06/18/2021,DHN,AL,ASO,ES,Federal Contract Tower,5,5,23,7,40,0,0,17,0,17,5,5,40,7,57,58,0,58,115
06/19/2021,DHN,AL,ASO,ES,Federal Contract Tower,4,0,9,0,13,0,0,0,0,0,4,0,9,0,13,0,0,0,13
06/20/2021,DHN,AL,ASO,ES,Federal Contract Tower,4,1,3,2,10,0,0,2,0,2,4,1,5,2,12,0,0,0,12
06/21/2021,DHN,AL,ASO,ES,Federal Contract Tower,4,5,15,55,79,0,0,37,35,72,4,5,52,90,151,68,128,196,347
06/22/2021,DHN,AL,ASO,ES,Federal Contract Tower,4,4,57,92,157,0,0,12,10,22,4,4,69,102,179,18,60,78,257
06/23/2021,DHN,AL,ASO,ES,Federal Contract Tower,6,5,63,43,117,0,9,57,50,116,6,14,120,93,233,130,124,254,487
06/24/2021,DHN,AL,ASO,ES,Federal Contract Tower,6,6,28,78,118,0,0,18,16,34,6,6,46,94,152,64,90,154,306
06/25/2021,DHN,AL,ASO,ES,Federal Contract Tower,5,4,23,73,105,0,0,57,35,92,5,4,80,108,197,78,156,234,431
06/26/2021,DHN,AL,ASO,ES,Federal Contract Tower,4,1,25,0,30,0,0,35,2,37,4,1,60,2,67,74,0,74,141
06/27/2021,DHN,AL,ASO,ES,Federal Contract Tower,4,0,11,12,27,0,0,15,5,20,4,0,26,17,47,34,0,34,81
06/28/2021,DHN,AL,ASO,ES,Federal Contract Tower,4,3,22,107,136,0,0,46,32,78,4,3,68,139,214,94,94,188,402
06/29/2021,DHN,AL,ASO,ES,Federal Contract Tower,5,0,20,52,77,0,0,66,31,97,5,0,86,83,174,90,148,238,412
06/30/2021,DHN,AL,ASO,ES,Federal Contract Tower,4,0,47,68,119,0,1,18,13,32,4,1,65,81,151,8,48,56,207
07/01/2021,DHN,AL,ASO,ES,Federal Contract Tower,5,2,21,66,94,0,0,29,19,48,5,2,50,85,142,66,56,122,264
07/02/2021,DHN,AL,ASO,ES,Federal Contract Tower,6,2,17,0,25,0,0,6,0,6,6,2,23,0,31,14,0,14,45
07/03/2021,DHN,AL,ASO,ES,Federal Contract Tower,4,0,18,0,22,0,0,6,0,6,4,0,24,0,28,14,0,14,42
07/04/2021,DHN,AL,ASO,ES,Federal Contract Tower,4,0,10,0,14,0,0,17,0,17,4,0,27,0,31,28,0,28,59
07/05/2021,DHN,AL,ASO,ES,Federal Contract Tower,6,4,4,0,14,0,0,2,0,2,6,4,6,0,16,40,0,40,56
07/06/2021,DHN,AL,ASO,ES,Federal Contract Tower,4,3,13,65,85,0,0,27,22,49,4,3,40,87,134,22,134,156,290
07/07/2021,DHN,AL,ASO,ES,Federal Contract Tower,6,1,47,48,102,0,0,14,31,45,6,1,61,79,147,30,132,162,309
07/08/2021,DHN,AL,ASO,ES,Federal Contract Tower,6,2,13,74,95,0,0,19,11,30,6,2,32,85,125,32,106,138,263
07/09/2021,DHN,AL,ASO,ES,Federal Contract Tower,5,2,31,83,121,0,0,10,25,35,5,2,41,108,156,4,126,130,286
07/10/2021,DHN,AL,ASO,ES,Federal Contract Tower,4,1,12,24,41,0,0,26,2,28,4,1,38,26,69,60,10,70,139
07/11/2021,DHN,AL,ASO,ES,Federal Contract Tower,4,4,18,6,32,0,0,20,0,20,4,4,38,6,52,82,12,94,146
07/12/2021,DHN,AL,ASO,ES,Federal Contract Tower,5,2,23,40,70,0,0,38,22,60,5,2,61,62,130,24,124,148,278
07/13/2021,DHN,AL,ASO,ES,Federal Contract Tower,5,4,39,96,144,0,0,46,43,89,5,4,85,139,233,82,146,228,461
07/14/2021,DHN,AL,ASO,ES,Federal Contract Tower,6,2,24,78,110,0,0,63,43,106,6,2,87,121,216,66,130,196,412
07/15/2021,DHN,AL,ASO,ES,Federal Contract Tower,3,2,18,40,63,0,1,35,9,45,3,3,53,49,108,26,22,48,156
07/16/2021,DHN,AL,ASO,ES,Federal Contract Tower,6,5,28,59,98,0,0,48,24,72,6,5,76,83,170,10,144,154,324
07/17/2021,DHN,AL,ASO,ES,Federal Contract Tower,4,0,25,18,47,0,0,34,0,34,4,0,59,18,81,110,0,110,191
07/18/2021,DHN,AL,ASO,ES,Federal Contract Tower,4,2,9,17,32,0,0,18,3,21,4,2,27,20,53,30,0,30,83
07/19/2021,DHN,AL,ASO,ES,Federal Contract Tower,4,2,25,55,86,0,0,37,15,52,4,2,62,70,138,118,92,210,348
07/20/2021,DHN,AL,ASO,ES,Federal Contract Tower,4,7,46,64,121,0,0,29,18,47,4,7,75,82,168,40,60,100,268
07/21/2021,DHN,AL,ASO,ES,Federal Contract Tower,4,2,40,78,124,0,0,52,13,65,4,2,92,91,189,118,38,156,345
07/22/2021,DHN,AL,ASO,ES,Federal Contract Tower,4,3,33,57,97,0,0,39,6,45,4,3,72,63,142,94,14,108,250
07/23/2021,DHN,AL,ASO,ES,Federal Contract Tower,5,2,15,47,69,0,0,45,29,74,5,2,60,76,143,54,102,156,299
07/24/2021,DHN,AL,ASO,ES,Federal Contract Tower,4,0,18,25,47,0,0,23,11,34,4,0,41,36,81,2,0,2,83
07/25/2021,DHN,AL,ASO,ES,Federal Contract Tower,3,5,28,17,53,0,0,29,6,35,3,5,57,23,88,24,0,24,112
07/26/2021,DHN,AL,ASO,ES,Federal Contract Tower,7,0,15,56,78,0,0,75,34,109,7,0,90,90,187,60,116,176,363
07/27/2021,DHN,AL,ASO,ES,Federal Contract Tower,6,2,24,75,107,0,0,60,25,85,6,2,84,100,192,54,118,172,364
07/28/2021,DHN,AL,ASO,ES,Federal Contract Tower,4,0,30,80,114,0,0,50,27,77,4,0,80,107,191,48,122,170,361
07/29/2021,DHN,AL,ASO,ES,Federal Contract Tower,6,1,33,81,121,0,0,57,25,82,6,1,90,106,203,64,116,180,383
07/30/2021,DHN,AL,ASO,ES,Federal Contract Tower,5,2,33,88,128,0,0,42,33,75,5,2,75,121,203,44,138,182,385
07/31/2021,DHN,AL,ASO,ES,Federal Contract Tower,4,1,3,0,8,0,0,22,0,22,4,1,25,0,30,40,0,40,70
08/01/2021,DHN,AL,ASO,ES,Federal Contract Tower,4,4,7,35,50,0,0,23,16,39,4,4,30,51,89,48,0,48,137
08/02/2021,DHN,AL,ASO,ES,Federal Contract Tower,4,3,4,44,55,0,0,29,35,64,4,3,33,79,119,8,190,198,317
08/03/2021,DHN,AL,ASO,ES,Federal Contract Tower,5,1,44,77,127,0,0,18,10,28,5,1,62,87,155,48,58,106,261
08/04/2021,DHN,AL,ASO,ES,Federal Contract Tower,5,0,32,69,106,0,1,33,17,51,5,1,65,86,157,134,102,236,393
08/05/2021,DHN,AL,ASO,ES,Federal Contract Tower,6,2,12,57,77,0,1,54,36,91,6,3,66,93,168,98,160,258,426
08/06/2021,DHN,AL,ASO,ES,Federal Contract Tower,6,2,30,86,124,0,0,34,35,69,6,2,64,121,193,80,166,246,439
08/07/2021,DHN,AL,ASO,ES,Federal Contract Tower,4,0,13,3,20,0,0,15,0,15,4,0,28,3,35,50,0,50,85
08/08/2021,DHN,AL,ASO,ES,Federal Contract Tower,4,4,16,10,34,0,0,28,2,30,4,4,44,12,64,32,0,32,96
08/09/2021,DHN,AL,ASO,ES,Federal Contract Tower,5,3,18,84,110,0,1,61,27,89,5,4,79,111,199,82,134,216,415
08/10/2021,DHN,AL,ASO,ES,Federal Contract Tower,7,0,29,78,114,0,1,35,35,71,7,1,64,113,185,42,162,204,389
08/11/2021,DHN,AL,ASO,ES,Federal Contract Tower,4,0,25,106,135,0,0,41,52,93,4,0,66,158,228,124,156,280,508
08/12/2021,DHN,AL,ASO,ES,Federal Contract Tower,5,3,22,73,103,0,0,41,40,81,5,3,63,113,184,124,180,304,488
08/13/2021,DHN,AL,ASO,ES,Federal Contract Tower,7,5,24,57,93,0,0,58,28,86,7,5,82,85,179,84,158,242,421
08/14/2021,DHN,AL,ASO,ES,Federal Contract Tower,4,2,14,1,21,0,0,14,0,14,4,2,28,1,35,36,0,36,71
08/15/2021,DHN,AL,ASO,ES,Federal Contract Tower,5,2,17,4,28,0,0,23,0,23,5,2,40,4,51,12,0,12,63
08/16/2021,DHN,AL,ASO,ES,Federal Contract Tower,5,1,30,9,45,0,0,6,18,24,5,1,36,27,69,4,70,74,143
08/17/2021,DHN,AL,ASO,ES,Federal Contract Tower,4,0,38,45,87,0,0,29,14,43,4,0,67,59,130,20,80,100,230
08/18/2021,DHN,AL,ASO,ES,Federal Contract Tower,4,0,37,41,82,0,0,53,30,83,4,0,90,71,165,82,134,216,381
08/19/2021,DHN,AL,ASO,ES,Federal Contract Tower,4,5,40,54,103,0,0,38,25,63,4,5,78,79,166,86,100,186,352
08/20/2021,DHN,AL,ASO,ES,Federal Contract Tower,5,3,32,38,78,0,0,24,12,36,5,3,56,50,114,40,78,118,232
08/21/2021,DHN,AL,ASO,ES,Federal Contract Tower,3,0,11,3,17,0,0,15,4,19,3,0,26,7,36,60,0,60,96
08/22/2021,DHN,AL,ASO,ES,Federal Contract Tower,4,0,9,0,13,0,0,23,0,23,4,0,32,0,36,28,0,28,64
08/23/2021,DHN,AL,ASO,ES,Federal Contract Tower,6,1,42,68,117,0,1,71,13,85,6,2,113,81,202,110,18,128,330
08/24/2021,DHN,AL,ASO,ES,Federal Contract Tower,5,1,34,64,104,0,1,27,1,29,5,2,61,65,133,58,16,74,207
08/25/2021,DHN,AL,ASO,ES,Federal Contract Tower,5,1,39,53,98,0,0,39,16,55,5,1,78,69,153,112,14,126,279
08/26/2021,DHN,AL,ASO,ES,Federal Contract Tower,6,5,36,112,159,0,1,40,20,61,6,6,76,132,220,48,24,72,292
08/27/2021,DHN,AL,ASO,ES,Federal Contract Tower,4,2,72,94,172,0,0,26,16,42,4,2,98,110,214,52,44,96,310
08/28/2021,DHN,AL,ASO,ES,Federal Contract Tower,4,0,7,1,12,0,0,9,0,9,4,0,16,1,21,0,0,0,21
08/29/2021,DHN,AL,ASO,ES,Federal Contract Tower,4,0,4,0,8,0,0,6,0,6,4,0,10,0,14,0,0,0,14
08/30/2021,DHN,AL,ASO,ES,Federal Contract Tower,4,3,28,45,80,0,0,27,14,41,4,3,55,59,121,58,116,174,295
08/31/2021,DHN,AL,ASO,ES,Federal Contract Tower,6,0,12,13,31,0,0,4,0,4,6,0,16,13,35,6,0,6,41
09/01/2021,DHN,AL,ASO,ES,Federal Contract Tower,5,1,27,72,105,0,0,39,32,71,5,1,66,104,176,60,120,180,356
09/02/2021,DHN,AL,ASO,ES,Federal Contract Tower,6,4,43,56,109,0,0,15,25,40,6,4,58,81,149,4,106,110,259
09/03/2021,DHN,AL,ASO,ES,Federal Contract Tower,6,2,17,2,27,0,2,25,0,27,6,4,42,2,54,92,0,92,146
09/04/2021,DHN,AL,ASO,ES,Federal Contract Tower,4,0,11,0,15,0,1,32,0,33,4,1,43,0,48,32,0,32,80
09/05/2021,DHN,AL,ASO,ES,Federal Contract Tower,3,2,4,0,9,0,0,13,0,13,3,2,17,0,22,20,0,20,42
09/06/2021,DHN,AL,ASO,ES,Federal Contract Tower,6,1,21,0,28,0,0,19,0,19,6,1,40,0,47,88,0,88,135
09/07/2021,DHN,AL,ASO,ES,Federal Contract Tower,5,0,36,57,98,0,0,49,21,70,5,0,85,78,168,74,158,232,400
09/08/2021,DHN,AL,ASO,ES,Federal Contract Tower,6,0,34,41,81,0,0,15,9,24,6,0,49,50,105,56,50,106,211
09/09/2021,DHN,AL,ASO,ES,Federal Contract Tower,5,6,20,121,152,0,1,32,28,61,5,7,52,149,213,78,228,306,519
09/10/2021,DHN,AL,ASO,ES,Federal Contract Tower,5,4,38,65,112,0,0,48,28,76,5,4,86,93,188,70,130,200,388
09/11/2021,DHN,AL,ASO,ES,Federal Contract Tower,4,0,14,18,36,0,0,19,4,23,4,0,33,22,59,72,0,72,131
09/12/2021,DHN,AL,ASO,ES,Federal Contract Tower,4,0,31,15,50,0,0,14,4,18,4,0,45,19,68,0,0,0,68
09/13/2021,DHN,AL,ASO,ES,Federal Contract Tower,6,5,11,95,117,0,0,28,31,59,6,5,39,126,176,80,144,224,400
09/14/2021,DHN,AL,ASO,ES,Federal Contract Tower,5,1,33,140,179,0,0,46,27,73,5,1,79,167,252,82,170,252,504
09/15/2021,DHN,AL,ASO,ES,Federal Contract Tower,6,1,36,68,111,0,0,21,23,44,6,1,57,91,155,18,84,102,257
09/16/2021,DHN,AL,ASO,ES,Federal Contract Tower,6,4,39,82,131,0,0,14,6,20,6,4,53,88,151,56,28,84,235
09/17/2021,DHN,AL,ASO,ES,Federal Contract Tower,6,3,51,86,146,0,0,8,18,26,6,3,59,104,172,18,48,66,238
09/18/2021,DHN,AL,ASO,ES,Federal Contract Tower,5,2,11,0,18,0,0,0,0,0,5,2,11,0,18,0,0,0,18
09/19/2021,DHN,AL,ASO,ES,Federal Contract Tower,4,0,13,8,25,0,0,3,1,4,4,0,16,9,29,0,0,0,29
09/20/2021,DHN,AL,ASO,ES,Federal Contract Tower,6,3,37,77,123,0,0,28,1,29,6,3,65,78,152,140,2,142,294
09/21/2021,DHN,AL,ASO,ES,Federal Contract Tower,6,0,35,71,112,0,0,40,20,60,6,0,75,91,172,60,64,124,296
09/22/2021,DHN,AL,ASO,ES,Federal Contract Tower,6,0,40,85,131,0,0,39,27,66,6,0,79,112,197,126,154,280,477
09/23/2021,DHN,AL,ASO,ES,Federal Contract Tower,6,3,40,59,108,0,0,69,50,119,6,3,109,109,227,98,138,236,463
09/24/2021,DHN,AL,ASO,ES,Federal Contract Tower,6,4,33,23,66,0,0,69,34,103,6,4,102,57,169,66,112,178,347
09/25/2021,DHN,AL,ASO,ES,Federal Contract Tower,5,0,4,7,16,0,1,61,4,66,5,1,65,11,82,42,0,42,124
09/26/2021,DHN,AL,ASO,ES,Federal Contract Tower,5,0,22,0,27,0,1,32,2,35,5,1,54,2,62,42,0,42,104
09/27/2021,DHN,AL,ASO,ES,Federal Contract Tower,6,4,19,70,99,0,0,68,35,103,6,4,87,105,202,82,168,250,452
09/28/2021,DHN,AL,ASO,ES,Federal Contract Tower,4,1,24,110,139,0,0,60,54,114,4,1,84,164,253,20,106,126,379
09/29/2021,DHN,AL,ASO,ES,Federal Contract Tower,6,1,30,90,127,0,0,70,132,202,6,1,100,222,329,82,192,274,603
09/30/2021,DHN,AL,ASO,ES,Federal Contract Tower,6,4,27,98,135,0,0,49,32,81,6,4,76,130,216,46,88,134,350
10/01/2021,DHN,AL,ASO,ES,Federal Contract Tower,6,2,29,100,137,0,0,44,29,73,6,2,73,129,210,90,86,176,386
10/02/2021,DHN,AL,ASO,ES,Federal Contract Tower,5,1,22,8,36,0,0,14,0,14,5,1,36,8,50,4,0,4,54
10/03/2021,DHN,AL,ASO,ES,Federal Contract Tower,5,1,9,24,39,0,0,11,9,20,5,1,20,33,59,6,0,6,65
10/04/2021,DHN,AL,ASO,ES,Federal Contract Tower,5,2,28,145,180,0,0,36,36,72,5,2,64,181,252,72,68,140,392
10/05/2021,DHN,AL,ASO,ES,Federal Contract Tower,5,1,73,88,167,0,0,25,9,34,5,1,98,97,201,10,64,74,275
10/06/2021,DHN,AL,ASO,ES,Federal Contract Tower,6,3,25,94,128,0,0,23,7,30,6,3,48,101,158,46,42,88,246
10/07/2021,DHN,AL,ASO,ES,Federal Contract Tower,7,2,57,81,147,0,0,9,2,11,7,2,66,83,158,28,2,30,188
10/08/2021,DHN,AL,ASO,ES,Federal Contract Tower,6,3,45,66,120,0,0,33,6,39,6,3,78,72,159,20,12,32,191
10/09/2021,DHN,AL,ASO,ES,Federal Contract Tower,5,0,12,0,17,0,0,26,0,26,5,0,38,0,43,14,0,14,57
10/10/2021,DHN,AL,ASO,ES,Federal Contract Tower,5,0,21,1,27,0,0,23,2,25,5,0,44,3,52,20,0,20,72
10/11/2021,DHN,AL,ASO,ES,Federal Contract Tower,5,4,23,0,32,0,0,31,0,31,5,4,54,0,63,60,0,60,123
10/12/2021,DHN,AL,ASO,ES,Federal Contract Tower,6,0,27,66,99,0,0,42,20,62,6,0,69,86,161,62,54,116,277
10/13/2021,DHN,AL,ASO,ES,Federal Contract Tower,5,2,18,40,65,0,0,57,36,93,5,2,75,76,158,54,88,142,300
10/14/2021,DHN,AL,ASO,ES,Federal Contract Tower,7,0,24,64,95,0,0,49,18,67,7,0,73,82,162,74,40,114,276
10/15/2021,DHN,AL,ASO,ES,Federal Contract Tower,5,0,30,66,101,0,1,56,25,82,5,1,86,91,183,64,94,158,341
10/16/2021,DHN,AL,ASO,ES,Federal Contract Tower,4,0,12,27,43,0,0,18,1,19,4,0,30,28,62,20,0,20,82
10/17/2021,DHN,AL,ASO,ES,Federal Contract Tower,5,1,18,17,41,0,0,18,12,30,5,1,36,29,71,2,6,8,79
10/18/2021,DHN,AL,ASO,ES,Federal Contract Tower,6,4,31,80,121,0,2,50,32,84,6,6,81,112,205,166,140,306,511
10/19/2021,DHN,AL,ASO,ES,Federal Contract Tower,6,0,35,106,147,0,0,50,30,80,6,0,85,136,227,88,140,228,455
10/20/2021,DHN,AL,ASO,ES,Federal Contract Tower,6,0,38,98,142,0,0,34,20,54,6,0,72,118,196,80,136,216,412
10/21/2021,DHN,AL,ASO,ES,Federal Contract Tower,5,3,24,56,88,0,0,34,38,72,5,3,58,94,160,74,202,276,436
10/22/2021,DHN,AL,ASO,ES,Federal Contract Tower,6,2,31,58,97,0,0,42,15,57,6,2,73,73,154,142,134,276,430
10/23/2021,DHN,AL,ASO,ES,Federal Contract Tower,5,0,22,0,27,0,0,37,2,39,5,0,59,2,66,48,2,50,116
10/24/2021,DHN,AL,ASO,ES,Federal Contract Tower,5,1,26,24,56,0,1,38,6,45,5,2,64,30,101,66,0,66,167
10/25/2021,DHN,AL,ASO,ES,Federal Contract Tower,6,3,43,75,127,0,1,27,10,38,6,4,70,85,165,86,28,114,279
10/26/2021,DHN,AL,ASO,ES,Federal Contract Tower,6,1,34,114,155,0,0,53,31,84,6,1,87,145,239,64,136,200,439
10/27/2021,DHN,AL,ASO,ES,Federal Contract Tower,4,0,18,83,105,0,0,39,22,61,4,0,57,105,166,59,150,209,375
10/28/2021,DHN,AL,ASO,ES,Federal Contract Tower,6,2,21,43,72,0,2,15,21,38,6,4,36,64,110,4,16,20,130
10/29/2021,DHN,AL,ASO,ES,Federal Contract Tower,5,2,8,68,83,0,0,32,22,54,5,2,40,90,137,28,118,146,283
10/30/2021,DHN,AL,ASO,ES,Federal Contract Tower,5,0,5,0,10,0,0,13,0,13,5,0,18,0,23,44,0,44,67
10/31/2021,DHN,AL,ASO,ES,Federal Contract Tower,5,2,19,8,34,0,0,24,0,24,5,2,43,8,58,48,0,48,106
11/01/2021,DHN,AL,ASO,ES,Federal Contract Tower,6,3,23,98,130,0,0,39,28,67,6,3,62,126,197,34,118,152,349
11/02/2021,DHN,AL,ASO,ES,Federal Contract Tower,5,0,21,87,113,0,0,50,43,93,5,0,71,130,206,22,177,199,405
11/03/2021,DHN,AL,ASO,ES,Federal Contract Tower,6,1,27,68,102,0,0,29,35,64,6,1,56,103,166,0,144,144,310
11/04/2021,DHN,AL,ASO,ES,Federal Contract Tower,5,3,38,112,158,0,0,17,17,34,5,3,55,129,192,12,78,90,282
11/05/2021,DHN,AL,ASO,ES,Federal Contract Tower,6,2,26,59,93,0,0,17,20,37,6,2,43,79,130,6,80,86,216
11/06/2021,DHN,AL,ASO,ES,Federal Contract Tower,7,0,6,2,15,0,0,16,2,18,7,0,22,4,33,24,6,30,63
11/07/2021,DHN,AL,ASO,ES,Federal Contract Tower,7,0,18,14,39,0,0,42,5,47,7,0,60,19,86,34,0,34,120
11/08/2021,DHN,AL,ASO,ES,Federal Contract Tower,4,3,11,70,88,0,0,32,14,46,4,3,43,84,134,50,62,112,246
11/09/2021,DHN,AL,ASO,ES,Federal Contract Tower,5,0,45,59,109,0,0,36,29,65,5,0,81,88,174,18,132,150,324
11/10/2021,DHN,AL,ASO,ES,Federal Contract Tower,4,0,23,57,84,0,2,35,26,63,4,2,58,83,147,66,110,176,323
11/11/2021,DHN,AL,ASO,ES,Federal Contract Tower,5,2,11,8,26,0,0,3,0,3,5,2,14,8,29,16,0,16,45
11/12/2021,DHN,AL,ASO,ES,Federal Contract Tower,4,5,26,45,80,0,0,51,19,70,4,5,77,64,150,48,94,142,292
11/13/2021,DHN,AL,ASO,ES,Federal Contract Tower,3,0,9,27,39,0,0,20,2,22,3,0,29,29,61,16,0,16,77
11/14/2021,DHN,AL,ASO,ES,Federal Contract Tower,5,0,22,5,32,0,0,46,0,46,5,0,68,5,78,40,0,40,118
11/15/2021,DHN,AL,ASO,ES,Federal Contract Tower,6,3,16,66,91,0,2,46,17,65,6,5,62,83,156,72,46,118,274
11/16/2021,DHN,AL,ASO,ES,Federal Contract Tower,6,0,27,64,97,0,0,44,19,63,6,0,71,83,160,50,48,98,258
11/17/2021,DHN,AL,ASO,ES,Federal Contract Tower,6,0,21,68,95,0,0,43,27,70,6,0,64,95,165,22,116,138,303
11/18/2021,DHN,AL,ASO,ES,Federal Contract Tower,5,4,18,83,110,0,0,36,32,68,5,4,54,115,178,4,118,122,300
11/19/2021,DHN,AL,ASO,ES,Federal Contract Tower,6,2,15,29,52,0,0,30,39,69,6,2,45,68,121,36,142,178,299
11/20/2021,DHN,AL,ASO,ES,Federal Contract Tower,3,0,7,10,20,0,0,20,5,25,3,0,27,15,45,110,6,116,161
11/21/2021,DHN,AL,ASO,ES,Federal Contract Tower,4,2,14,17,37,0,0,29,9,38,4,2,43,26,75,66,0,66,141
11/22/2021,DHN,AL,ASO,ES,Federal Contract Tower,4,2,53,73,132,0,0,18,27,45,4,2,71,100,177,8,176,184,361
11/23/2021,DHN,AL,ASO,ES,Federal Contract Tower,4,0,15,43,62,0,0,49,41,90,4,0,64,84,152,50,138,188,340
11/24/2021,DHN,AL,ASO,ES,Federal Contract Tower,6,1,16,39,62,0,2,65,30,97,6,3,81,69,159,38,88,126,285
11/25/2021,DHN,AL,ASO,ES,Federal Contract Tower,4,0,0,0,4,0,0,2,0,2,4,0,2,0,6,0,0,0,6
11/26/2021,DHN,AL,ASO,ES,Federal Contract Tower,4,4,11,0,19,0,0,16,0,16,4,4,27,0,35,0,0,0,35
11/27/2021,DHN,AL,ASO,ES,Federal Contract Tower,6,0,22,0,28,0,0,17,0,17,6,0,39,0,45,40,0,40,85
11/28/2021,DHN,AL,ASO,ES,Federal Contract Tower,5,1,18,0,24,0,1,13,0,14,5,2,31,0,38,22,0,22,60
11/29/2021,DHN,AL,ASO,ES,Federal Contract Tower,5,2,21,60,88,0,0,46,31,77,5,2,67,91,165,32,190,222,387
11/30/2021,DHN,AL,ASO,ES,Federal Contract Tower,4,1,16,94,115,0,0,20,29,49,4,1,36,123,164,14,202,216,380
12/01/2021,DHN,AL,ASO,ES,Federal Contract Tower,3,1,13,108,125,0,0,22,33,55,3,1,35,141,180,46,242,288,468
12/02/2021,DHN,AL,ASO,ES,Federal Contract Tower,6,8,30,86,130,0,0,17,13,30,6,8,47,99,160,16,94,110,270
12/03/2021,DHN,AL,ASO,ES,Federal Contract Tower,5,2,33,87,127,1,0,34,29,64,6,2,67,116,191,6,114,120,311
12/04/2021,DHN,AL,ASO,ES,Federal Contract Tower,3,1,13,27,44,0,0,20,1,21,3,1,33,28,65,62,0,62,127
12/05/2021,DHN,AL,ASO,ES,Federal Contract Tower,6,5,13,10,34,0,0,12,2,14,6,5,25,12,48,10,0,10,58
12/06/2021,DHN,AL,ASO,ES,Federal Contract Tower,7,2,33,97,139,0,0,14,25,39,7,2,47,122,178,48,134,182,360
12/07/2021,DHN,AL,ASO,ES,Federal Contract Tower,3,0,20,55,78,0,0,0,0,0,3,0,20,55,78,0,0,0,78
12/08/2021,DHN,AL,ASO,ES,Federal Contract Tower,4,3,35,63,105,0,0,6,0,6,4,3,41,63,111,24,0,24,135
12/09/2021,DHN,AL,ASO,ES,Federal Contract Tower,5,2,19,28,54,0,0,0,0,0,5,2,19,28,54,0,0,0,54
12/10/2021,DHN,AL,ASO,ES,Federal Contract Tower,6,2,23,51,82,0,0,10,12,22,6,2,33,63,104,40,38,78,182
12/11/2021,DHN,AL,ASO,ES,Federal Contract Tower,4,0,8,1,13,0,0,6,0,6,4,0,14,1,19,20,0,20,39
12/12/2021,DHN,AL,ASO,ES,Federal Contract Tower,5,3,17,9,34,0,2,15,4,21,5,5,32,13,55,24,0,24,79
12/13/2021,DHN,AL,ASO,ES,Federal Contract Tower,7,2,24,81,114,0,0,22,8,30,7,2,46,89,144,20,68,88,232
12/14/2021,DHN,AL,ASO,ES,Federal Contract Tower,4,1,49,95,149,0,0,28,19,47,4,1,77,114,196,57,110,167,363
12/15/2021,DHN,AL,ASO,ES,Federal Contract Tower,4,0,22,56,82,0,0,11,9,20,4,0,33,65,102,15,62,77,179
12/16/2021,DHN,AL,ASO,ES,Federal Contract Tower,6,4,34,106,150,0,0,22,19,41,6,4,56,125,191,116,86,202,393
12/17/2021,DHN,AL,ASO,ES,Federal Contract Tower,6,5,25,36,72,0,0,3,12,15,6,5,28,48,87,12,42,54,141
12/18/2021,DHN,AL,ASO,ES,Federal Contract Tower,4,0,17,0,21,0,0,8,0,8,4,0,25,0,29,26,0,26,55
12/19/2021,DHN,AL,ASO,ES,Federal Contract Tower,5,2,14,0,21,0,0,2,0,2,5,2,16,0,23,0,0,0,23
12/20/2021,DHN,AL,ASO,ES,Federal Contract Tower,6,2,13,0,21,0,0,6,0,6,6,2,19,0,27,0,0,0,27
12/21/2021,DHN,AL,ASO,ES,Federal Contract Tower,5,7,13,7,32,0,0,0,0,0,5,7,13,7,32,0,0,0,32
12/22/2021,DHN,AL,ASO,ES,Federal Contract Tower,6,2,19,17,44,0,0,40,8,48,6,2,59,25,92,96,14,110,202
12/23/2021,DHN,AL,ASO,ES,Federal Contract Tower,6,7,14,1,28,0,0,18,7,25,6,7,32,8,53,24,26,50,103
12/24/2021,DHN,AL,ASO,ES,Federal Contract Tower,4,0,7,0,11,0,0,10,0,10,4,0,17,0,21,4,0,4,25
12/25/2021,DHN,AL,ASO,ES,Federal Contract Tower,3,0,2,0,5,0,3,3,0,6,3,3,5,0,11,0,0,0,11
12/26/2021,DHN,AL,ASO,ES,Federal Contract Tower,5,0,25,0,30,0,0,8,0,8,5,0,33,0,38,6,0,6,44
12/27/2021,DHN,AL,ASO,ES,Federal Contract Tower,6,2,10,0,18,0,0,3,0,3,6,2,13,0,21,0,0,0,21
12/28/2021,DHN,AL,ASO,ES,Federal Contract Tower,6,4,10,16,36,0,0,2,5,7,6,4,12,21,43,0,32,32,75
12/29/2021,DHN,AL,ASO,ES,Federal Contract Tower,5,0,19,2,26,0,0,2,0,2,5,0,21,2,28,0,0,0,28
12/30/2021,DHN,AL,ASO,ES,Federal Contract Tower,5,4,19,2,30,0,0,0,2,2,5,4,19,4,32,0,0,0,32
12/31/2021,DHN,AL,ASO,ES,Federal Contract Tower,4,0,7,0,11,0,0,1,0,1,4,0,8,0,12,0,0,0,12
01/01/2022,DHN,AL,ASO,ES,Federal Contract Tower,3,1,17,0,21,0,0,5,0,5,3,1,22,0,26,4,0,4,30
01/02/2022,DHN,AL,ASO,ES,Federal Contract Tower,4,0,2,0,6,0,0,0,0,0,4,0,2,0,6,0,0,0,6
01/03/2022,DHN,AL,ASO,ES,Federal Contract Tower,6,4,13,7,30,0,0,36,7,43,6,4,49,14,73,134,48,182,255
01/04/2022,DHN,AL,ASO,ES,Federal Contract Tower,6,1,20,65,92,0,0,35,30,65,6,1,55,95,157,18,110,128,285
01/05/2022,DHN,AL,ASO,ES,Federal Contract Tower,7,0,22,85,114,0,0,46,29,75,7,0,68,114,189,38,106,144,333
01/06/2022,DHN,AL,ASO,ES,Federal Contract Tower,4,2,16,34,56,0,0,25,35,60,4,2,41,69,116,12,113,125,241
01/07/2022,DHN,AL,ASO,ES,Federal Contract Tower,4,4,22,56,86,0,0,48,28,76,4,4,70,84,162,90,92,182,344
01/08/2022,DHN,AL,ASO,ES,Federal Contract Tower,3,1,7,4,15,0,0,70,1,71,3,1,77,5,86,60,10,70,156
01/09/2022,DHN,AL,ASO,ES,Federal Contract Tower,3,1,3,11,18,0,0,3,0,3,3,1,6,11,21,0,0,0,21
01/10/2022,DHN,AL,ASO,ES,Federal Contract Tower,6,6,24,79,115,1,2,23,38,64,7,8,47,117,179,32,160,192,371
01/11/2022,DHN,AL,ASO,ES,Federal Contract Tower,4,0,19,106,129,0,0,59,35,94,4,0,78,141,223,68,132,200,423
01/12/2022,DHN,AL,ASO,ES,Federal Contract Tower,4,0,30,68,102,0,0,64,47,111,4,0,94,115,213,52,162,214,427
01/13/2022,DHN,AL,ASO,ES,Federal Contract Tower,6,4,22,72,104,0,0,41,28,69,6,4,63,100,173,24,94,118,291
01/14/2022,DHN,AL,ASO,ES,Federal Contract Tower,4,2,27,69,102,0,0,44,28,72,4,2,71,97,174,64,100,164,338
01/15/2022,DHN,AL,ASO,ES,Federal Contract Tower,4,0,10,0,14,0,0,8,0,8,4,0,18,0,22,20,0,20,42
01/16/2022,DHN,AL,ASO,ES,Federal Contract Tower,2,0,5,0,7,0,0,0,0,0,2,0,5,0,7,0,0,0,7
01/17/2022,DHN,AL,ASO,ES,Federal Contract Tower,6,2,11,4,23,0,0,13,0,13,6,2,24,4,36,16,0,16,52
01/18/2022,DHN,AL,ASO,ES,Federal Contract Tower,4,4,29,24,61,0,0,47,16,63,4,4,76,40,124,132,104,236,360
01/19/2022,DHN,AL,ASO,ES,Federal Contract Tower,4,1,40,94,139,0,0,40,31,71,4,1,80,125,210,66,78,144,354
01/20/2022,DHN,AL,ASO,ES,Federal Contract Tower,5,2,53,85,145,0,0,1,0,1,5,2,54,85,146,0,0,0,146
01/21/2022,DHN,AL,ASO,ES,Federal Contract Tower,6,7,31,15,59,0,0,0,0,0,6,7,31,15,59,0,0,0,59
01/22/2022,DHN,AL,ASO,ES,Federal Contract Tower,3,0,9,6,18,0,0,2,0,2,3,0,11,6,20,24,0,24,44
01/23/2022,DHN,AL,ASO,ES,Federal Contract Tower,7,2,6,9,24,0,2,30,2,34,7,4,36,11,58,74,0,74,132
01/24/2022,DHN,AL,ASO,ES,Federal Contract Tower,3,2,25,70,100,0,0,63,17,80,3,2,88,87,180,94,112,206,386
01/25/2022,DHN,AL,ASO,ES,Federal Contract Tower,4,0,60,73,137,0,0,15,3,18,4,0,75,76,155,64,26,90,245
01/26/2022,DHN,AL,ASO,ES,Federal Contract Tower,4,0,31,70,105,0,0,48,13,61,4,0,79,83,166,44,104,148,314
01/27/2022,DHN,AL,ASO,ES,Federal Contract Tower,6,4,23,73,106,0,0,44,15,59,6,4,67,88,165,22,34,56,221
01/28/2022,DHN,AL,ASO,ES,Federal Contract Tower,4,2,18,43,67,0,0,40,10,50,4,2,58,53,117,8,66,74,191
01/29/2022,DHN,AL,ASO,ES,Federal Contract Tower,3,0,9,8,20,0,0,26,0,26,3,0,35,8,46,18,0,18,64
01/30/2022,DHN,AL,ASO,ES,Federal Contract Tower,6,0,10,5,21,0,0,12,5,17,6,0,22,10,38,2,0,2,40
01/31/2022,DHN,AL,ASO,ES,Federal Contract Tower,5,7,22,37,71,0,0,51,17,68,5,7,73,54,139,40,46,86,225
02/01/2022,DHN,AL,ASO,ES,Federal Contract Tower,5,2,39,57,103,0,0,42,32,74,5,2,81,89,177,62,104,166,343
02/02/2022,DHN,AL,ASO,ES,Federal Contract Tower,4,0,25,74,103,0,4,44,32,80,4,4,69,106,183,32,164,196,379
02/03/2022,DHN,AL,ASO,ES,Federal Contract Tower,6,3,24,63,96,0,0,11,15,26,6,3,35,78,122,10,44,54,176
02/04/2022,DHN,AL,ASO,ES,Federal Contract Tower,5,4,11,25,45,0,0,0,0,0,5,4,11,25,45,0,0,0,45
02/05/2022,DHN,AL,ASO,ES,Federal Contract Tower,3,0,26,3,32,0,1,18,2,21,3,1,44,5,53,44,0,44,97
02/06/2022,DHN,AL,ASO,ES,Federal Contract Tower,4,2,15,5,26,0,0,9,0,9,4,2,24,5,35,20,0,20,55
02/07/2022,DHN,AL,ASO,ES,Federal Contract Tower,6,2,31,73,112,0,0,8,6,14,6,2,39,79,126,46,0,46,172
02/08/2022,DHN,AL,ASO,ES,Federal Contract Tower,4,0,17,138,159,0,1,54,50,105,4,1,71,188,264,56,142,198,462
02/09/2022,DHN,AL,ASO,ES,Federal Contract Tower,4,0,35,79,118,0,0,55,33,88,4,0,90,112,206,78,82,160,366
02/10/2022,DHN,AL,ASO,ES,Federal Contract Tower,6,4,24,54,88,0,0,39,22,61,6,4,63,76,149,96,104,200,349
02/11/2022,DHN,AL,ASO,ES,Federal Contract Tower,6,2,21,45,74,0,2,35,25,62,6,4,56,70,136,34,150,184,320
02/12/2022,DHN,AL,ASO,ES,Federal Contract Tower,3,1,8,12,24,0,0,63,2,65,3,1,71,14,89,18,20,38,127
02/13/2022,DHN,AL,ASO,ES,Federal Contract Tower,3,0,15,33,51,0,0,16,21,37,3,0,31,54,88,14,4,18,106
02/14/2022,DHN,AL,ASO,ES,Federal Contract Tower,4,4,13,64,85,0,1,45,26,72,4,5,58,90,157,46,94,140,297
02/15/2022,DHN,AL,ASO,ES,Federal Contract Tower,4,0,30,60,94,0,0,54,34,88,4,0,84,94,182,26,154,180,362
02/16/2022,DHN,AL,ASO,ES,Federal Contract Tower,4,1,33,54,92,0,1,61,39,101,4,2,94,93,193,88,116,204,397
02/17/2022,DHN,AL,ASO,ES,Federal Contract Tower,6,2,27,79,114,0,0,2,4,6,6,2,29,83,120,6,62,68,188
02/18/2022,DHN,AL,ASO,ES,Federal Contract Tower,6,3,58,70,137,0,0,21,17,38,6,3,79,87,175,26,44,70,245
02/19/2022,DHN,AL,ASO,ES,Federal Contract Tower,3,1,7,0,11,0,0,23,0,23,3,1,30,0,34,20,0,20,54
02/20/2022,DHN,AL,ASO,ES,Federal Contract Tower,3,1,23,0,27,0,0,2,43,45,3,1,25,43,72,8,0,8,80
02/21/2022,DHN,AL,ASO,ES,Federal Contract Tower,7,4,23,6,40,0,0,39,0,39,7,4,62,6,79,56,0,56,135
02/22/2022,DHN,AL,ASO,ES,Federal Contract Tower,4,6,26,128,164,0,0,27,18,45,4,6,53,146,209,20,60,80,289
02/23/2022,DHN,AL,ASO,ES,Federal Contract Tower,4,6,25,92,127,0,0,31,19,50,4,6,56,111,177,36,42,78,255
02/24/2022,DHN,AL,ASO,ES,Federal Contract Tower,6,2,22,72,102,0,0,30,30,60,6,2,52,102,162,66,88,154,316
02/25/2022,DHN,AL,ASO,ES,Federal Contract Tower,6,4,37,128,175,0,5,32,22,59,6,9,69,150,234,40,40,80,314
02/26/2022,DHN,AL,ASO,ES,Federal Contract Tower,3,0,18,10,31,0,0,26,5,31,3,0,44,15,62,8,0,8,70
02/27/2022,DHN,AL,ASO,ES,Federal Contract Tower,5,3,21,29,58,0,0,27,1,28,5,3,48,30,86,12,0,12,98
02/28/2022,DHN,AL,ASO,ES,Federal Contract Tower,6,6,24,56,92,0,0,21,22,43,6,6,45,78,135,32,48,80,215
03/01/2022,DHN,AL,ASO,ES,Federal Contract Tower,6,2,12,41,61,0,0,45,13,58,6,2,57,54,119,54,56,110,229
03/02/2022,DHN,AL,ASO,ES,Federal Contract Tower,4,0,15,60,79,0,0,39,19,58,4,0,54,79,137,8,114,122,259
03/03/2022,DHN,AL,ASO,ES,Federal Contract Tower,6,2,32,69,109,0,0,55,25,80,6,2,87,94,189,66,110,176,365
03/04/2022,DHN,AL,ASO,ES,Federal Contract Tower,6,3,25,42,76,0,1,65,36,102,6,4,90,78,178,60,126,186,364
03/05/2022,DHN,AL,ASO,ES,Federal Contract Tower,3,1,19,2,25,0,0,2,37,39,3,1,21,39,64,8,0,8,72
03/06/2022,DHN,AL,ASO,ES,Federal Contract Tower,5,2,11,21,39,0,0,22,5,27,5,2,33,26,66,16,4,20,86
03/07/2022,DHN,AL,ASO,ES,Federal Contract Tower,6,2,19,114,141,0,0,28,20,48,6,2,47,134,189,54,94,148,337
03/08/2022,DHN,AL,ASO,ES,Federal Contract Tower,6,3,33,112,154,0,0,29,15,44,6,3,62,127,198,0,34,34,232
03/09/2022,DHN,AL,ASO,ES,Federal Contract Tower,4,0,56,65,125,0,0,0,0,0,4,0,56,65,125,0,0,0,125
03/10/2022,DHN,AL,ASO,ES,Federal Contract Tower,5,2,43,71,121,0,0,14,5,19,5,2,57,76,140,8,26,34,174
03/11/2022,DHN,AL,ASO,ES,Federal Contract Tower,6,4,16,7,33,0,0,0,0,0,6,4,16,7,33,0,0,0,33
03/12/2022,DHN,AL,ASO,ES,Federal Contract Tower,3,0,13,3,19,0,0,1,1,2,3,0,14,4,21,0,0,0,21
03/13/2022,DHN,AL,ASO,ES,Federal Contract Tower,4,0,9,20,33,0,0,84,4,88,4,0,93,24,121,52,14,66,187
03/14/2022,DHN,AL,ASO,ES,Federal Contract Tower,7,6,28,44,85,0,0,64,29,93,7,6,92,73,178,40,80,120,298
03/15/2022,DHN,AL,ASO,ES,Federal Contract Tower,4,7,34,49,94,0,3,14,9,26,4,10,48,58,120,26,64,90,210
03/16/2022,DHN,AL,ASO,ES,Federal Contract Tower,6,1,36,46,89,0,4,48,24,76,6,5,84,70,165,54,52,106,271
03/17/2022,DHN,AL,ASO,ES,Federal Contract Tower,7,4,37,60,108,0,0,50,43,93,7,4,87,103,201,130,118,248,449
03/18/2022,DHN,AL,ASO,ES,Federal Contract Tower,6,5,18,0,29,0,0,0,0,0,6,5,18,0,29,0,0,0,29
03/19/2022,DHN,AL,ASO,ES,Federal Contract Tower,5,2,16,14,37,0,0,14,2,16,5,2,30,16,53,34,0,34,87
03/20/2022,DHN,AL,ASO,ES,Federal Contract Tower,5,6,32,23,66,0,0,19,0,19,5,6,51,23,85,30,0,30,115
03/21/2022,DHN,AL,ASO,ES,Federal Contract Tower,7,5,18,86,116,0,2,47,37,86,7,7,65,123,202,44,144,188,390
03/22/2022,DHN,AL,ASO,ES,Federal Contract Tower,4,1,32,69,106,0,0,42,39,81,4,1,74,108,187,72,56,128,315
03/23/2022,DHN,AL,ASO,ES,Federal Contract Tower,4,0,25,106,135,0,0,24,21,45,4,0,49,127,180,60,54,114,294
03/24/2022,DHN,AL,ASO,ES,Federal Contract Tower,6,2,26,82,116,2,0,44,29,75,8,2,70,111,191,64,152,216,407
03/25/2022,DHN,AL,ASO,ES,Federal Contract Tower,7,8,42,52,109,0,9,40,20,69,7,17,82,72,178,26,112,138,316
03/26/2022,DHN,AL,ASO,ES,Federal Contract Tower,4,1,12,0,17,0,0,10,2,12,4,1,22,2,29,22,0,22,51
03/27/2022,DHN,AL,ASO,ES,Federal Contract Tower,5,2,13,18,38,0,0,35,5,40,5,2,48,23,78,38,0,38,116
03/28/2022,DHN,AL,ASO,ES,Federal Contract Tower,4,2,25,54,85,0,0,59,30,89,4,2,84,84,174,62,99,161,335
03/29/2022,DHN,AL,ASO,ES,Federal Contract Tower,5,0,30,88,123,0,0,39,16,55,5,0,69,104,178,24,62,86,264
03/30/2022,DHN,AL,ASO,ES,Federal Contract Tower,3,1,20,30,54,0,0,39,29,68,3,1,59,59,122,8,60,68,190
03/31/2022,DHN,AL,ASO,ES,Federal Contract Tower,6,3,24,52,85,0,0,44,31,75,6,3,68,83,160,60,252,312,472
04/01/2022,DHN,AL,ASO,ES,Federal Contract Tower,7,2,25,59,93,0,0,64,44,108,7,2,89,103,201,44,144,188,389
04/02/2022,DHN,AL,ASO,ES,Federal Contract Tower,4,0,13,1,18,0,0,23,0,23,4,0,36,1,41,26,0,26,67
04/03/2022,DHN,AL,ASO,ES,Federal Contract Tower,5,4,10,10,29,0,0,25,1,26,5,4,35,11,55,46,0,46,101
04/04/2022,DHN,AL,ASO,ES,Federal Contract Tower,6,2,26,99,133,0,0,28,22,50,6,2,54,121,183,82,96,178,361
04/05/2022,DHN,AL,ASO,ES,Federal Contract Tower,4,1,31,53,89,0,0,0,1,1,4,1,31,54,90,0,2,2,92
04/06/2022,DHN,AL,ASO,ES,Federal Contract Tower,4,1,21,87,113,0,0,13,43,56,4,1,34,130,169,4,48,52,221
04/07/2022,DHN,AL,ASO,ES,Federal Contract Tower,6,2,22,87,117,0,2,26,36,64,6,4,48,123,181,24,120,144,325
04/08/2022,DHN,AL,ASO,ES,Federal Contract Tower,6,2,18,42,68,0,0,32,17,49,6,2,50,59,117,26,58,84,201
04/09/2022,DHN,AL,ASO,ES,Federal Contract Tower,3,0,6,1,10,0,0,11,0,11,3,0,17,1,21,32,0,32,53
04/10/2022,DHN,AL,ASO,ES,Federal Contract Tower,4,1,19,6,30,0,0,78,2,80,4,1,97,8,110,44,0,44,154
04/11/2022,DHN,AL,ASO,ES,Federal Contract Tower,5,4,17,63,89,0,0,45,14,59,5,4,62,77,148,90,72,162,310
04/12/2022,DHN,AL,ASO,ES,Federal Contract Tower,8,1,26,113,148,0,1,36,25,62,8,2,62,138,210,60,66,126,336
04/13/2022,DHN,AL,ASO,ES,Federal Contract Tower,6,0,26,112,144,0,2,38,17,57,6,2,64,129,201,46,48,94,295
04/14/2022,DHN,AL,ASO,ES,Federal Contract Tower,5,6,45,39,95,0,0,22,8,30,5,6,67,47,125,38,0,38,163
04/15/2022,DHN,AL,ASO,ES,Federal Contract Tower,6,2,30,54,92,0,0,29,17,46,6,2,59,71,138,30,56,86,224
04/16/2022,DHN,AL,ASO,ES,Federal Contract Tower,3,2,5,0,10,0,0,3,0,3,3,2,8,0,13,0,0,0,13
04/17/2022,DHN,AL,ASO,ES,Federal Contract Tower,7,0,7,0,14,0,0,2,0,2,7,0,9,0,16,4,0,4,20
04/18/2022,DHN,AL,ASO,ES,Federal Contract Tower,5,5,27,62,99,0,0,16,8,24,5,5,43,70,123,30,4,34,157
04/19/2022,DHN,AL,ASO,ES,Federal Contract Tower,5,0,24,81,110,0,0,65,21,86,5,0,89,102,196,64,45,109,305
04/20/2022,DHN,AL,ASO,ES,Federal Contract Tower,5,1,36,63,105,0,0,65,28,93,5,1,101,91,198,94,96,190,388
04/21/2022,DHN,AL,ASO,ES,Federal Contract Tower,6,3,16,56,81,0,0,50,17,67,6,3,66,73,148,66,56,122,270
04/22/2022,DHN,AL,ASO,ES,Federal Contract Tower,4,2,43,64,113,0,0,79,16,95,4,2,122,80,208,96,62,158,366
04/23/2022,DHN,AL,ASO,ES,Federal Contract Tower,4,0,14,4,22,0,0,31,4,35,4,0,45,8,57,34,0,34,91
04/24/2022,DHN,AL,ASO,ES,Federal Contract Tower,5,0,15,39,59,0,2,30,10,42,5,2,45,49,101,50,0,50,151
04/25/2022,DHN,AL,ASO,ES,Federal Contract Tower,6,3,36,69,114,0,0,67,57,124,6,3,103,126,238,78,42,120,358
04/26/2022,DHN,AL,ASO,ES,Federal Contract Tower,6,2,39,63,110,0,2,20,12,34,6,4,59,75,144,28,33,61,205
04/27/2022,DHN,AL,ASO,ES,Federal Contract Tower,5,2,41,44,92,0,0,48,28,76,5,2,89,72,168,34,90,124,292
04/28/2022,DHN,AL,ASO,ES,Federal Contract Tower,5,6,27,40,78,0,1,36,20,57,5,7,63,60,135,36,56,92,227
04/29/2022,DHN,AL,ASO,ES,Federal Contract Tower,5,2,40,33,80,0,0,39,27,66,5,2,79,60,146,54,109,163,309
04/30/2022,DHN,AL,ASO,ES,Federal Contract Tower,3,1,13,0,17,0,0,18,0,18,3,1,31,0,35,2,0,2,37
05/01/2022,DHN,AL,ASO,ES,Federal Contract Tower,5,0,14,26,45,0,0,12,7,19,5,0,26,33,64,0,10,10,74
05/02/2022,DHN,AL,ASO,ES,Federal Contract Tower,6,5,25,66,102,0,0,23,14,37,6,5,48,80,139,52,58,110,249
05/03/2022,DHN,AL,ASO,ES,Federal Contract Tower,5,0,47,104,156,0,0,41,40,81,5,0,88,144,237,16,132,148,385
05/04/2022,DHN,AL,ASO,ES,Federal Contract Tower,6,7,46,68,127,0,4,20,22,46,6,11,66,90,173,40,120,160,333
05/05/2022,DHN,AL,ASO,ES,Federal Contract Tower,5,5,19,86,115,0,0,26,31,57,5,5,45,117,172,42,114,156,328
05/06/2022,DHN,AL,ASO,ES,Federal Contract Tower,6,6,4,23,39,0,0,7,1,8,6,6,11,24,47,0,14,14,61
05/07/2022,DHN,AL,ASO,ES,Federal Contract Tower,5,0,6,0,11,0,0,17,0,17,5,0,23,0,28,18,0,18,46
05/08/2022,DHN,AL,ASO,ES,Federal Contract Tower,5,1,10,2,18,0,0,27,5,32,5,1,37,7,50,48,0,48,98
05/09/2022,DHN,AL,ASO,ES,Federal Contract Tower,4,4,15,63,86,0,0,37,30,67,4,4,52,93,153,50,60,110,263
05/10/2022,DHN,AL,ASO,ES,Federal Contract Tower,7,0,22,60,89,0,1,43,27,71,7,1,65,87,160,84,54,138,298
05/11/2022,DHN,AL,ASO,ES,Federal Contract Tower,6,1,24,88,119,0,4,46,21,71,6,5,70,109,190,36,74,110,300
05/12/2022,DHN,AL,ASO,ES,Federal Contract Tower,6,2,35,91,134,0,0,42,37,79,6,2,77,128,213,80,130,210,423
05/13/2022,DHN,AL,ASO,ES,Federal Contract Tower,6,3,22,81,112,0,0,38,28,66,6,3,60,109,178,80,92,172,350
05/14/2022,DHN,AL,ASO,ES,Federal Contract Tower,5,0,18,2,25,0,0,36,2,38,5,0,54,4,63,14,0,14,77
05/15/2022,DHN,AL,ASO,ES,Federal Contract Tower,5,2,13,10,30,0,0,9,5,14,5,2,22,15,44,8,0,8,52
05/16/2022,DHN,AL,ASO,ES,Federal Contract Tower,6,2,19,134,161,0,1,63,23,87,6,3,82,157,248,20,82,102,350
05/17/2022,DHN,AL,ASO,ES,Federal Contract Tower,6,1,27,121,155,0,0,70,41,111,6,1,97,162,266,64,96,160,426
05/18/2022,DHN,AL,ASO,ES,Federal Contract Tower,5,6,32,156,199,0,0,84,53,137,5,6,116,209,336,62,132,194,530
05/19/2022,DHN,AL,ASO,ES,Federal Contract Tower,5,5,41,97,148,0,0,42,18,60,5,5,83,115,208,86,70,156,364
05/20/2022,DHN,AL,ASO,ES,Federal Contract Tower,6,4,36,54,100,0,0,60,16,76,6,4,96,70,176,26,104,130,306
05/21/2022,DHN,AL,ASO,ES,Federal Contract Tower,5,1,6,0,12,0,0,10,5,15,5,1,16,5,27,0,0,0,27
05/22/2022,DHN,AL,ASO,ES,Federal Contract Tower,4,2,8,1,15,0,0,5,1,6,4,2,13,2,21,0,0,0,21
05/23/2022,DHN,AL,ASO,ES,Federal Contract Tower,6,4,46,81,137,0,0,25,12,37,6,4,71,93,174,28,58,86,260
05/24/2022,DHN,AL,ASO,ES,Federal Contract Tower,6,2,36,103,147,0,0,54,27,81,6,2,90,130,228,6,156,162,390
05/25/2022,DHN,AL,ASO,ES,Federal Contract Tower,5,0,38,61,104,0,0,20,24,44,5,0,58,85,148,28,110,138,286
05/26/2022,DHN,AL,ASO,ES,Federal Contract Tower,6,8,16,32,62,0,0,29,21,50,6,8,45,53,112,94,106,200,312
05/27/2022,DHN,AL,ASO,ES,Federal Contract Tower,6,4,32,58,100,0,2,34,27,63,6,6,66,85,163,8,88,96,259
05/28/2022,DHN,AL,ASO,ES,Federal Contract Tower,3,0,22,0,25,0,0,23,0,23,3,0,45,0,48,28,0,28,76
05/29/2022,DHN,AL,ASO,ES,Federal Contract Tower,3,1,7,0,11,0,0,7,0,7,3,1,14,0,18,2,0,2,20
05/30/2022,DHN,AL,ASO,ES,Federal Contract Tower,6,4,27,0,37,0,0,15,0,15,6,4,42,0,52,8,0,8,60
05/31/2022,DHN,AL,ASO,ES,Federal Contract Tower,6,1,18,76,101,0,0,32,35,67,6,1,50,111,168,22,192,214,382
06/01/2022,DHN,AL,ASO,ES,Federal Contract Tower,7,1,34,129,171,0,2,47,39,88,7,3,81,168,259,78,98,176,435
06/02/2022,DHN,AL,ASO,ES,Federal Contract Tower,5,3,16,84,108,0,0,31,21,52,5,3,47,105,160,20,92,112,272
06/03/2022,DHN,AL,ASO,ES,Federal Contract Tower,5,2,18,66,91,0,1,29,30,60,5,3,47,96,151,62,96,158,309
06/04/2022,DHN,AL,ASO,ES,Federal Contract Tower,3,0,13,20,36,0,2,22,6,30,3,2,35,26,66,48,0,48,114
06/05/2022,DHN,AL,ASO,ES,Federal Contract Tower,6,5,6,7,24,0,0,24,2,26,6,5,30,9,50,80,0,80,130
06/06/2022,DHN,AL,ASO,ES,Federal Contract Tower,5,3,11,37,56,0,2,22,27,51,5,5,33,64,107,78,66,144,251
06/07/2022,DHN,AL,ASO,ES,Federal Contract Tower,6,1,51,77,135,0,0,26,23,49,6,1,77,100,184,38,48,86,270
06/08/2022,DHN,AL,ASO,ES,Federal Contract Tower,5,0,18,68,91,0,0,37,19,56,5,0,55,87,147,28,98,126,273
06/09/2022,DHN,AL,ASO,ES,Federal Contract Tower,5,13,34,33,85,0,1,25,13,39,5,14,59,46,124,88,112,200,324
06/10/2022,DHN,AL,ASO,ES,Federal Contract Tower,6,4,38,43,91,0,0,34,16,50,6,4,72,59,141,32,86,118,259
06/11/2022,DHN,AL,ASO,ES,Federal Contract Tower,5,0,8,9,22,0,0,15,7,22,5,0,23,16,44,22,0,22,66
06/12/2022,DHN,AL,ASO,ES,Federal Contract Tower,5,1,11,20,37,0,0,12,4,16,5,1,23,24,53,12,0,12,65
06/13/2022,DHN,AL,ASO,ES,Federal Contract Tower,8,2,22,77,109,0,0,19,16,35,8,2,41,93,144,22,72,94,238
06/14/2022,DHN,AL,ASO,ES,Federal Contract Tower,8,1,24,82,115,0,1,30,8,39,8,2,54,90,154,16,46,62,216
06/15/2022,DHN,AL,ASO,ES,Federal Contract Tower,9,0,35,102,146,0,0,46,9,55,9,0,81,111,201,50,20,70,271
06/16/2022,DHN,AL,ASO,ES,Federal Contract Tower,7,3,16,71,97,0,1,31,37,69,7,4,47,108,166,68,138,206,372
06/17/2022,DHN,AL,ASO,ES,Federal Contract Tower,4,2,14,42,62,0,0,40,18,58,4,2,54,60,120,50,44,94,214
06/18/2022,DHN,AL,ASO,ES,Federal Contract Tower,5,0,13,9,27,0,0,20,3,23,5,0,33,12,50,30,0,30,80
06/19/2022,DHN,AL,ASO,ES,Federal Contract Tower,4,1,9,0,14,0,0,9,0,9,4,1,18,0,23,14,0,14,37
06/20/2022,DHN,AL,ASO,ES,Federal Contract Tower,5,6,20,8,39,0,0,26,0,26,5,6,46,8,65,90,0,90,155
06/21/2022,DHN,AL,ASO,ES,Federal Contract Tower,6,6,23,76,111,0,2,34,39,75,6,8,57,115,186,28,82,110,296
06/22/2022,DHN,AL,ASO,ES,Federal Contract Tower,6,3,23,61,93,0,0,50,41,91,6,3,73,102,184,26,170,196,380
06/23/2022,DHN,AL,ASO,ES,Federal Contract Tower,5,1,29,55,90,0,0,38,25,63,5,1,67,80,153,7,90,97,250
06/24/2022,DHN,AL,ASO,ES,Federal Contract Tower,5,2,25,64,96,0,0,41,23,64,5,2,66,87,160,50,100,150,310
06/25/2022,DHN,AL,ASO,ES,Federal Contract Tower,5,0,7,0,12,0,0,11,0,11,5,0,18,0,23,4,0,4,27
06/26/2022,DHN,AL,ASO,ES,Federal Contract Tower,4,1,15,33,53,0,0,19,9,28,4,1,34,42,81,34,2,36,117
06/27/2022,DHN,AL,ASO,ES,Federal Contract Tower,6,3,18,78,105,0,0,45,40,85,6,3,63,118,190,18,168,186,376
06/28/2022,DHN,AL,ASO,ES,Federal Contract Tower,6,0,24,90,120,0,0,42,25,67,6,0,66,115,187,22,108,130,317
06/29/2022,DHN,AL,ASO,ES,Federal Contract Tower,7,0,15,86,108,0,0,34,21,55,7,0,49,107,163,18,84,102,265
06/30/2022,DHN,AL,ASO,ES,Federal Contract Tower,6,6,30,109,151,0,0,21,31,52,6,6,51,140,203,20,100,120,323
07/01/2022,DHN,AL,ASO,ES,Federal Contract Tower,6,3,21,0,30,0,0,18,0,18,6,3,39,0,48,50,0,50,98
07/02/2022,DHN,AL,ASO,ES,Federal Contract Tower,5,0,5,0,10,0,0,9,0,9,5,0,14,0,19,6,0,6,25
07/03/2022,DHN,AL,ASO,ES,Federal Contract Tower,3,1,9,0,13,0,0,1,0,1,3,1,10,0,14,16,0,16,30
07/04/2022,DHN,AL,ASO,ES,Federal Contract Tower,4,0,9,0,13,0,0,12,0,12,4,0,21,0,25,16,0,16,41
07/05/2022,DHN,AL,ASO,ES,Federal Contract Tower,6,2,28,67,103,0,0,5,26,31,6,2,33,93,134,36,130,166,300
07/06/2022,DHN,AL,ASO,ES,Federal Contract Tower,4,0,16,198,218,0,0,38,39,77,4,0,54,237,295,30,186,216,511
07/07/2022,DHN,AL,ASO,ES,Federal Contract Tower,4,3,9,84,100,0,0,36,30,66,4,3,45,114,166,50,62,112,278
07/08/2022,DHN,AL,ASO,ES,Federal Contract Tower,4,2,13,81,100,0,0,27,46,73,4,2,40,127,173,34,122,156,329
07/09/2022,DHN,AL,ASO,ES,Federal Contract Tower,4,1,13,25,43,0,0,42,3,45,4,1,55,28,88,12,0,12,100
07/10/2022,DHN,AL,ASO,ES,Federal Contract Tower,4,2,6,17,29,0,0,11,1,12,4,2,17,18,41,14,0,14,55
07/11/2022,DHN,AL,ASO,ES,Federal Contract Tower,6,6,16,50,78,0,0,16,28,44,6,6,32,78,122,62,118,180,302
07/12/2022,DHN,AL,ASO,ES,Federal Contract Tower,6,3,23,68,100,0,0,3,2,5,6,3,26,70,105,12,0,12,117
07/13/2022,DHN,AL,ASO,ES,Federal Contract Tower,6,2,28,85,121,0,0,21,19,40,6,2,49,104,161,62,80,142,303
07/14/2022,DHN,AL,ASO,ES,Federal Contract Tower,6,3,10,85,104,0,0,9,8,17,6,3,19,93,121,14,40,54,175
07/15/2022,DHN,AL,ASO,ES,Federal Contract Tower,5,3,27,60,95,0,2,33,14,49,5,5,60,74,144,18,40,58,202
07/16/2022,DHN,AL,ASO,ES,Federal Contract Tower,5,1,14,0,20,0,0,21,0,21,5,1,35,0,41,32,0,32,73
07/17/2022,DHN,AL,ASO,ES,Federal Contract Tower,6,3,22,18,49,0,0,26,3,29,6,3,48,21,78,6,0,6,84
07/18/2022,DHN,AL,ASO,ES,Federal Contract Tower,6,7,31,98,142,0,0,37,9,46,6,7,68,107,188,60,46,106,294
07/19/2022,DHN,AL,ASO,ES,Federal Contract Tower,6,0,29,53,88,0,0,45,11,56,6,0,74,64,144,50,74,124,268
07/20/2022,DHN,AL,ASO,ES,Federal Contract Tower,7,0,24,51,82,0,0,46,18,64,7,0,70,69,146,46,38,84,230
07/21/2022,DHN,AL,ASO,ES,Federal Contract Tower,5,2,22,68,97,0,0,44,17,61,5,2,66,85,158,58,53,111,269
07/22/2022,DHN,AL,ASO,ES,Federal Contract Tower,4,2,18,49,73,0,0,47,26,73,4,2,65,75,146,52,76,128,274
07/23/2022,DHN,AL,ASO,ES,Federal Contract Tower,5,3,4,0,12,0,0,21,0,21,5,3,25,0,33,38,0,38,71
07/24/2022,DHN,AL,ASO,ES,Federal Contract Tower,5,0,27,62,94,0,0,9,13,22,5,0,36,75,116,0,0,0,116
07/25/2022,DHN,AL,ASO,ES,Federal Contract Tower,6,3,15,111,135,0,0,50,10,60,6,3,65,121,195,28,28,56,251
07/26/2022,DHN,AL,ASO,ES,Federal Contract Tower,6,2,41,115,164,0,2,48,38,88,6,4,89,153,252,26,78,104,356
07/27/2022,DHN,AL,ASO,ES,Federal Contract Tower,6,2,15,78,101,0,0,36,9,45,6,2,51,87,146,14,40,54,200
07/28/2022,DHN,AL,ASO,ES,Federal Contract Tower,7,2,10,90,109,0,0,33,14,47,7,2,43,104,156,74,72,146,302
07/29/2022,DHN,AL,ASO,ES,Federal Contract Tower,5,2,25,71,103,0,0,44,27,71,5,2,69,98,174,78,108,186,360
07/30/2022,DHN,AL,ASO,ES,Federal Contract Tower,5,0,18,9,32,0,0,20,2,22,5,0,38,11,54,10,0,10,64
07/31/2022,DHN,AL,ASO,ES,Federal Contract Tower,5,0,13,5,23,0,0,38,5,43,5,0,51,10,66,28,0,28,94
08/01/2022,DHN,AL,ASO,ES,Federal Contract Tower,6,0,29,58,93,0,2,49,35,86,6,2,78,93,179,46,102,148,327
08/02/2022,DHN,AL,ASO,ES,Federal Contract Tower,6,2,24,79,111,0,0,37,37,74,6,2,61,116,185,30,116,146,331
08/03/2022,DHN,AL,ASO,ES,Federal Contract Tower,7,1,34,89,131,0,0,41,33,74,7,1,75,122,205,52,48,100,305
08/04/2022,DHN,AL,ASO,ES,Federal Contract Tower,4,2,25,80,111,0,0,31,38,69,4,2,56,118,180,44,136,180,360
08/05/2022,DHN,AL,ASO,ES,Federal Contract Tower,5,3,25,74,107,0,0,38,47,85,5,3,63,121,192,36,153,189,381
08/06/2022,DHN,AL,ASO,ES,Federal Contract Tower,5,0,7,0,12,0,0,15,2,17,5,0,22,2,29,52,0,52,81
08/07/2022,DHN,AL,ASO,ES,Federal Contract Tower,5,1,14,12,32,0,0,29,4,33,5,1,43,16,65,36,0,36,101
08/08/2022,DHN,AL,ASO,ES,Federal Contract Tower,5,5,24,125,159,0,0,29,24,53,5,5,53,149,212,20,102,122,334
08/09/2022,DHN,AL,ASO,ES,Federal Contract Tower,6,5,21,91,123,0,0,32,24,56,6,5,53,115,179,66,142,208,387
08/10/2022,DHN,AL,ASO,ES,Federal Contract Tower,5,1,27,97,130,0,0,38,30,68,5,1,65,127,198,54,144,198,396
08/11/2022,DHN,AL,ASO,ES,Federal Contract Tower,5,4,13,92,114,0,0,23,24,47,5,4,36,116,161,72,128,200,361
08/12/2022,DHN,AL,ASO,ES,Federal Contract Tower,6,3,14,78,101,0,0,6,14,20,6,3,20,92,121,0,56,56,177
08/13/2022,DHN,AL,ASO,ES,Federal Contract Tower,5,2,12,4,23,0,0,13,0,13,5,2,25,4,36,34,0,34,70
08/14/2022,DHN,AL,ASO,ES,Federal Contract Tower,5,2,16,10,33,0,2,30,4,36,5,4,46,14,69,50,2,52,121
08/15/2022,DHN,AL,ASO,ES,Federal Contract Tower,6,3,12,40,61,0,0,28,12,40,6,3,40,52,101,36,86,122,223
08/16/2022,DHN,AL,ASO,ES,Federal Contract Tower,6,0,30,63,99,0,0,40,14,54,6,0,70,77,153,20,58,78,231
08/17/2022,DHN,AL,ASO,ES,Federal Contract Tower,6,0,25,34,65,0,0,39,42,81,6,0,64,76,146,50,126,176,322
08/18/2022,DHN,AL,ASO,ES,Federal Contract Tower,5,6,31,48,90,0,0,7,2,9,5,6,38,50,99,42,8,50,149
08/19/2022,DHN,AL,ASO,ES,Federal Contract Tower,5,2,26,60,93,0,0,24,26,50,5,2,50,86,143,12,148,160,303
08/20/2022,DHN,AL,ASO,ES,Federal Contract Tower,4,1,15,7,27,0,0,16,17,33,4,1,31,24,60,74,10,84,144
08/21/2022,DHN,AL,ASO,ES,Federal Contract Tower,5,0,17,8,30,0,0,13,9,22,5,0,30,17,52,34,8,42,94
08/22/2022,DHN,AL,ASO,ES,Federal Contract Tower,6,2,12,100,120,0,0,18,18,36,6,2,30,118,156,58,92,150,306
08/23/2022,DHN,AL,ASO,ES,Federal Contract Tower,6,2,39,117,164,0,0,39,25,64,6,2,78,142,228,68,118,186,414
08/24/2022,DHN,AL,ASO,ES,Federal Contract Tower,4,1,22,68,95,0,0,21,14,35,4,1,43,82,130,58,66,124,254
08/25/2022,DHN,AL,ASO,ES,Federal Contract Tower,5,6,35,108,154,0,0,3,0,3,5,6,38,108,157,10,0,10,167
08/26/2022,DHN,AL,ASO,ES,Federal Contract Tower,6,5,9,63,83,0,0,37,26,63,6,5,46,89,146,68,80,148,294
08/27/2022,DHN,AL,ASO,ES,Federal Contract Tower,5,2,9,1,17,0,0,8,0,8,5,2,17,1,25,112,0,112,137
08/28/2022,DHN,AL,ASO,ES,Federal Contract Tower,5,0,6,7,18,0,0,15,2,17,5,0,21,9,35,6,2,8,43
08/29/2022,DHN,AL,ASO,ES,Federal Contract Tower,6,4,28,99,137,0,0,16,31,47,6,4,44,130,184,32,64,96,280
08/30/2022,DHN,AL,ASO,ES,Federal Contract Tower,5,0,18,85,108,0,0,38,56,94,5,0,56,141,202,21,204,225,427
09/01/2022,DHN,AL,ASO,ES,Federal Contract Tower,5,6,24,62,97,0,0,35,44,79,5,6,59,106,176,44,128,172,348
09/02/2022,DHN,AL,ASO,ES,Federal Contract Tower,6,3,23,5,37,0,0,22,0,22,6,3,45,5,59,36,0,36,95
09/03/2022,DHN,AL,ASO,ES,Federal Contract Tower,3,0,8,0,11,0,0,9,2,11,3,0,17,2,22,22,0,22,44
09/04/2022,DHN,AL,ASO,ES,Federal Contract Tower,3,0,1,5,9,0,0,12,1,13,3,0,13,6,22,8,0,8,30
09/05/2022,DHN,AL,ASO,ES,Federal Contract Tower,6,2,16,0,24,0,0,11,0,11,6,2,27,0,35,2,0,2,37
09/06/2022,DHN,AL,ASO,ES,Federal Contract Tower,4,1,29,131,165,0,0,71,37,108,4,1,100,168,273,36,200,236,509
09/07/2022,DHN,AL,ASO,ES,Federal Contract Tower,6,3,28,182,219,0,0,71,45,116,6,3,99,227,335,58,160,218,553
09/08/2022,DHN,AL,ASO,ES,Federal Contract Tower,4,3,22,87,116,0,0,44,31,75,4,3,66,118,191,124,100,224,415
09/09/2022,DHN,AL,ASO,ES,Federal Contract Tower,4,2,46,107,159,0,0,9,10,19,4,2,55,117,178,42,36,78,256
09/10/2022,DHN,AL,ASO,ES,Federal Contract Tower,3,0,6,0,9,0,0,0,0,0,3,0,6,0,9,0,0,0,9
09/11/2022,DHN,AL,ASO,ES,Federal Contract Tower,5,1,14,8,28,0,0,12,0,12,5,1,26,8,40,0,0,0,40
09/12/2022,DHN,AL,ASO,ES,Federal Contract Tower,6,3,24,67,100,0,0,32,14,46,6,3,56,81,146,84,52,136,282
09/13/2022,DHN,AL,ASO,ES,Federal Contract Tower,6,1,38,136,181,0,2,46,34,82,6,3,84,170,263,76,144,220,483
09/14/2022,DHN,AL,ASO,ES,Federal Contract Tower,4,2,36,65,107,0,0,58,38,96,4,2,94,103,203,46,150,196,399
09/15/2022,DHN,AL,ASO,ES,Federal Contract Tower,3,5,35,59,102,0,0,43,35,78,3,5,78,94,180,8,132,140,320
09/16/2022,DHN,AL,ASO,ES,Federal Contract Tower,7,4,11,72,94,0,1,43,47,91,7,5,54,119,185,38,186,224,409
09/17/2022,DHN,AL,ASO,ES,Federal Contract Tower,3,0,18,0,21,0,2,16,2,20,3,2,34,2,41,42,0,42,83
09/18/2022,DHN,AL,ASO,ES,Federal Contract Tower,4,2,16,15,37,0,1,7,6,14,4,3,23,21,51,28,0,28,79
09/19/2022,DHN,AL,ASO,ES,Federal Contract Tower,6,3,20,73,102,6,0,28,33,67,12,3,48,106,169,28,204,232,401
09/20/2022,DHN,AL,ASO,ES,Federal Contract Tower,6,0,35,131,172,0,0,65,30,95,6,0,100,161,267,52,138,190,457
09/21/2022,DHN,AL,ASO,ES,Federal Contract Tower,6,0,34,114,154,0,0,46,46,92,6,0,80,160,246,70,162,232,478
09/22/2022,DHN,AL,ASO,ES,Federal Contract Tower,7,2,28,113,150,0,0,47,23,70,7,2,75,136,220,26,126,152,372
09/23/2022,DHN,AL,ASO,ES,Federal Contract Tower,6,2,17,88,113,0,0,32,28,60,6,2,49,116,173,10,134,144,317
09/24/2022,DHN,AL,ASO,ES,Federal Contract Tower,5,0,34,2,41,0,0,54,1,55,5,0,88,3,96,56,0,56,152
09/25/2022,DHN,AL,ASO,ES,Federal Contract Tower,6,0,15,15,36,0,3,28,1,32,6,3,43,16,68,6,0,6,74
09/26/2022,DHN,AL,ASO,ES,Federal Contract Tower,5,2,22,59,88,0,1,41,18,60,5,3,63,77,148,38,124,162,310
09/27/2022,DHN,AL,ASO,ES,Federal Contract Tower,6,1,65,31,103,0,0,48,22,70,6,1,113,53,173,30,116,146,319
09/28/2022,DHN,AL,ASO,ES,Federal Contract Tower,6,0,39,34,79,0,0,47,36,83,6,0,86,70,162,6,24,30,192
09/29/2022,DHN,AL,ASO,ES,Federal Contract Tower,6,3,27,35,71,0,0,24,26,50,6,3,51,61,121,6,90,96,217
09/30/2022,DHN,AL,ASO,ES,Federal Contract Tower,4,2,21,34,61,0,2,38,29,69,4,4,59,63,130,26,155,181,311
10/01/2022,DHN,AL,ASO,ES,Federal Contract Tower,4,2,18,0,24,0,0,33,3,36,4,2,51,3,60,80,0,80,140
10/02/2022,DHN,AL,ASO,ES,Federal Contract Tower,5,0,22,9,36,0,2,21,1,24,5,2,43,10,60,52,0,52,112
10/03/2022,DHN,AL,ASO,ES,Federal Contract Tower,4,2,17,68,91,0,2,41,15,58,4,4,58,83,149,72,140,212,361
10/04/2022,DHN,AL,ASO,ES,Federal Contract Tower,4,2,20,88,114,0,0,43,46,89,4,2,63,134,203,44,176,220,423
10/05/2022,DHN,AL,ASO,ES,Federal Contract Tower,4,4,25,83,116,0,0,55,40,95,4,4,80,123,211,74,162,236,447
10/06/2022,DHN,AL,ASO,ES,Federal Contract Tower,7,5,31,70,113,0,0,64,54,118,7,5,95,124,231,46,242,288,519
10/07/2022,DHN,AL,ASO,ES,Federal Contract Tower,5,3,28,37,73,0,0,56,35,91,5,3,84,72,164,96,154,250,414
10/08/2022,DHN,AL,ASO,ES,Federal Contract Tower,2,1,24,0,27,0,0,54,0,54,2,1,78,0,81,32,0,32,113
10/09/2022,DHN,AL,ASO,ES,Federal Contract Tower,4,5,14,8,31,0,0,24,0,24,4,5,38,8,55,0,0,0,55
10/10/2022,DHN,AL,ASO,ES,Federal Contract Tower,4,4,18,0,26,0,0,33,0,33,4,4,51,0,59,28,0,28,87
10/11/2022,DHN,AL,ASO,ES,Federal Contract Tower,4,2,25,63,94,0,0,34,12,46,4,2,59,75,140,64,20,84,224
10/12/2022,DHN,AL,ASO,ES,Federal Contract Tower,4,3,46,96,149,0,0,19,2,21,4,3,65,98,170,2,30,32,202
10/13/2022,DHN,AL,ASO,ES,Federal Contract Tower,4,5,25,46,80,0,0,58,34,92,4,5,83,80,172,36,118,154,326
10/14/2022,DHN,AL,ASO,ES,Federal Contract Tower,4,3,19,40,66,0,0,67,23,90,4,3,86,63,156,54,82,136,292
10/15/2022,DHN,AL,ASO,ES,Federal Contract Tower,4,5,15,28,52,0,0,60,9,69,4,5,75,37,121,80,2,82,203
10/16/2022,DHN,AL,ASO,ES,Federal Contract Tower,4,5,21,24,54,0,0,61,13,74,4,5,82,37,128,18,30,48,176
10/17/2022,DHN,AL,ASO,ES,Federal Contract Tower,4,7,23,75,109,0,2,46,34,82,4,9,69,109,191,66,98,164,355
10/18/2022,DHN,AL,ASO,ES,Federal Contract Tower,9,3,27,63,102,0,0,47,24,71,9,3,74,87,173,64,70,134,307
10/19/2022,DHN,AL,ASO,ES,Federal Contract Tower,4,5,38,78,125,0,0,51,19,70,4,5,89,97,195,28,64,92,287
10/20/2022,DHN,AL,ASO,ES,Federal Contract Tower,9,3,31,43,86,0,0,62,21,83,9,3,93,64,169,102,82,184,353
10/21/2022,DHN,AL,ASO,ES,Federal Contract Tower,4,2,24,39,69,0,0,33,21,54,4,2,57,60,123,22,106,128,251
10/22/2022,DHN,AL,ASO,ES,Federal Contract Tower,4,2,30,0,36,0,0,44,2,46,4,2,74,2,82,54,0,54,136
10/23/2022,DHN,AL,ASO,ES,Federal Contract Tower,4,0,16,17,37,0,0,43,5,48,4,0,59,22,85,14,0,14,99
10/24/2022,DHN,AL,ASO,ES,Federal Contract Tower,4,2,11,96,113,0,0,33,44,77,4,2,44,140,190,50,160,210,400
10/25/2022,DHN,AL,ASO,ES,Federal Contract Tower,4,2,31,63,100,0,0,28,35,63,4,2,59,98,163,38,122,160,323
10/26/2022,DHN,AL,ASO,ES,Federal Contract Tower,4,2,41,72,119,0,0,54,33,87,4,2,95,105,206,30,148,178,384
10/27/2022,DHN,AL,ASO,ES,Federal Contract Tower,4,2,35,83,124,0,0,32,29,61,4,2,67,112,185,26,218,244,429
10/28/2022,DHN,AL,ASO,ES,Federal Contract Tower,4,5,23,73,105,0,0,26,12,38,4,5,49,85,143,26,82,108,251
10/29/2022,DHN,AL,ASO,ES,Federal Contract Tower,4,2,17,0,23,0,0,19,0,19,4,2,36,0,42,22,0,22,64
10/30/2022,DHN,AL,ASO,ES,Federal Contract Tower,4,0,13,0,17,0,0,2,0,2,4,0,15,0,19,0,0,0,19
10/31/2022,DHN,AL,ASO,ES,Federal Contract Tower,4,2,38,96,140,0,0,19,17,36,4,2,57,113,176,20,116,136,312
11/01/2022,DHN,AL,ASO,ES,Federal Contract Tower,4,2,18,53,77,0,0,16,30,46,4,2,34,83,123,30,160,190,313
11/02/2022,DHN,AL,ASO,ES,Federal Contract Tower,5,2,16,84,107,1,0,29,26,56,6,2,45,110,163,44,148,192,355
11/04/2022,DHN,AL,ASO,ES,Federal Contract Tower,4,2,24,79,109,0,0,23,37,60,4,2,47,116,169,14,203,217,386
11/05/2022,DHN,AL,ASO,ES,Federal Contract Tower,6,0,19,19,44,0,0,41,6,47,6,0,60,25,91,102,6,108,199
11/06/2022,DHN,AL,ASO,ES,Federal Contract Tower,4,4,24,26,58,0,0,23,8,31,4,4,47,34,89,64,18,82,171
11/07/2022,DHN,AL,ASO,ES,Federal Contract Tower,4,2,26,60,92,0,0,26,22,48,4,2,52,82,140,36,64,100,240
11/08/2022,DHN,AL,ASO,ES,Federal Contract Tower,4,4,24,69,101,0,0,21,33,54,4,4,45,102,155,30,138,168,323
11/09/2022,DHN,AL,ASO,ES,Federal Contract Tower,4,2,43,43,92,0,0,17,41,58,4,2,60,84,150,10,74,84,234
11/10/2022,DHN,AL,ASO,ES,Federal Contract Tower,4,5,31,40,80,0,0,5,14,19,4,5,36,54,99,2,66,68,167
11/11/2022,DHN,AL,ASO,ES,Federal Contract Tower,4,7,27,0,38,0,0,7,0,7,4,7,34,0,45,38,0,38,83
11/12/2022,DHN,AL,ASO,ES,Federal Contract Tower,4,2,9,18,33,0,0,27,8,35,4,2,36,26,68,12,0,12,80
11/13/2022,DHN,AL,ASO,ES,Federal Contract Tower,4,0,31,0,35,0,0,23,0,23,4,0,54,0,58,88,0,88,146
11/14/2022,DHN,AL,ASO,ES,Federal Contract Tower,4,3,19,43,69,0,1,39,26,66,4,4,58,69,135,56,130,186,321
11/15/2022,DHN,AL,ASO,ES,Federal Contract Tower,4,2,29,101,136,0,0,6,15,21,4,2,35,116,157,2,48,50,207
11/16/2022,DHN,AL,ASO,ES,Federal Contract Tower,5,5,38,96,144,1,6,29,32,68,6,11,67,128,212,90,164,254,466
11/17/2022,DHN,AL,ASO,ES,Federal Contract Tower,4,0,16,88,108,0,1,48,39,88,4,1,64,127,196,60,182,242,438
11/18/2022,DHN,AL,ASO,ES,Federal Contract Tower,4,3,30,56,93,0,0,38,50,88,4,3,68,106,181,38,172,210,391
11/19/2022,DHN,AL,ASO,ES,Federal Contract Tower,4,1,15,24,44,0,0,25,0,25,4,1,40,24,69,28,0,28,97
11/20/2022,DHN,AL,ASO,ES,Federal Contract Tower,4,0,9,13,26,0,0,19,7,26,4,0,28,20,52,4,0,4,56
11/21/2022,DHN,AL,ASO,ES,Federal Contract Tower,4,2,12,79,97,0,0,49,35,84,4,2,61,114,181,38,118,156,337
11/22/2022,DHN,AL,ASO,ES,Federal Contract Tower,6,2,46,92,146,0,0,23,4,27,6,2,69,96,173,50,18,68,241
11/23/2022,DHN,AL,ASO,ES,Federal Contract Tower,4,3,29,31,67,0,0,55,32,87,4,3,84,63,154,54,140,194,348
11/24/2022,DHN,AL,ASO,ES,Federal Contract Tower,2,1,2,0,5,0,0,0,0,0,2,1,2,0,5,0,0,0,5
11/25/2022,DHN,AL,ASO,ES,Federal Contract Tower,4,2,15,0,21,0,0,0,0,0,4,2,15,0,21,0,0,0,21
11/26/2022,DHN,AL,ASO,ES,Federal Contract Tower,4,1,15,0,20,0,0,0,0,0,4,1,15,0,20,0,0,0,20
11/27/2022,DHN,AL,ASO,ES,Federal Contract Tower,4,1,12,3,20,0,3,8,0,11,4,4,20,3,31,4,0,4,35
11/28/2022,DHN,AL,ASO,ES,Federal Contract Tower,7,0,33,47,87,0,2,35,20,57,7,2,68,67,144,16,84,100,244
11/29/2022,DHN,AL,ASO,ES,Federal Contract Tower,4,2,25,80,111,0,0,41,31,72,4,2,66,111,183,10,154,164,347
11/30/2022,DHN,AL,ASO,ES,Federal Contract Tower,5,3,32,85,125,0,0,22,16,38,5,3,54,101,163,22,76,98,261
12/01/2022,DHN,AL,ASO,ES,Federal Contract Tower,4,6,21,93,124,0,0,33,18,51,4,6,54,111,175,15,94,109,284
12/02/2022,DHN,AL,ASO,ES,Federal Contract Tower,4,2,21,113,140,0,0,36,26,62,4,2,57,139,202,68,130,198,400
12/03/2022,DHN,AL,ASO,ES,Federal Contract Tower,4,0,14,21,39,0,0,33,4,37,4,0,47,25,76,38,0,38,114
12/04/2022,DHN,AL,ASO,ES,Federal Contract Tower,4,2,21,9,36,0,0,11,0,11,4,2,32,9,47,22,0,22,69
12/05/2022,DHN,AL,ASO,ES,Federal Contract Tower,4,0,24,115,143,0,0,21,21,42,4,0,45,136,185,20,134,154,339
12/06/2022,DHN,AL,ASO,ES,Federal Contract Tower,4,2,22,54,82,0,0,19,13,32,4,2,41,67,114,32,83,115,229
12/07/2022,DHN,AL,ASO,ES,Federal Contract Tower,4,2,20,112,138,0,0,25,20,45,4,2,45,132,183,16,102,118,301
12/08/2022,DHN,AL,ASO,ES,Federal Contract Tower,4,5,17,90,116,0,1,28,20,49,4,6,45,110,165,20,128,148,313
12/09/2022,DHN,AL,ASO,ES,Federal Contract Tower,4,2,28,64,98,0,0,31,28,59,4,2,59,92,157,42,164,206,363
12/10/2022,DHN,AL,ASO,ES,Federal Contract Tower,4,0,17,5,26,0,0,0,0,0,4,0,17,5,26,0,0,0,26
12/11/2022,DHN,AL,ASO,ES,Federal Contract Tower,4,0,9,19,32,0,0,1,0,1,4,0,10,19,33,0,6,6,39
12/12/2022,DHN,AL,ASO,ES,Federal Contract Tower,6,0,47,81,134,0,0,0,0,0,6,0,47,81,134,0,0,0,134
12/13/2022,DHN,AL,ASO,ES,Federal Contract Tower,4,6,41,108,159,0,0,10,28,38,4,6,51,136,197,10,100,110,307
12/14/2022,DHN,AL,ASO,ES,Federal Contract Tower,4,2,30,64,100,0,0,0,0,0,4,2,30,64,100,0,0,0,100
12/15/2022,DHN,AL,ASO,ES,Federal Contract Tower,4,2,24,71,101,0,2,40,35,77,4,4,64,106,178,48,202,250,428
12/16/2022,DHN,AL,ASO,ES,Federal Contract Tower,5,4,28,66,103,0,0,46,29,75,5,4,74,95,178,50,138,188,366
12/17/2022,DHN,AL,ASO,ES,Federal Contract Tower,4,2,11,4,21,0,0,22,0,22,4,2,33,4,43,15,0,15,58
12/18/2022,DHN,AL,ASO,ES,Federal Contract Tower,4,2,31,22,59,0,0,16,1,17,4,2,47,23,76,12,0,12,88
12/19/2022,DHN,AL,ASO,ES,Federal Contract Tower,3,4,17,8,32,0,0,9,1,10,3,4,26,9,42,30,0,30,72
12/20/2022,DHN,AL,ASO,ES,Federal Contract Tower,4,3,4,13,24,0,0,0,0,0,4,3,4,13,24,0,0,0,24
12/21/2022,DHN,AL,ASO,ES,Federal Contract Tower,3,3,9,4,19,0,0,0,0,0,3,3,9,4,19,0,0,0,19
12/22/2022,DHN,AL,ASO,ES,Federal Contract Tower,4,8,4,2,18,0,0,0,0,0,4,8,4,2,18,0,0,0,18
12/23/2022,DHN,AL,ASO,ES,Federal Contract Tower,4,3,4,0,11,0,0,2,0,2,4,3,6,0,13,0,0,0,13
12/24/2022,DHN,AL,ASO,ES,Federal Contract Tower,2,2,1,0,5,0,0,0,0,0,2,2,1,0,5,0,0,0,5
12/25/2022,DHN,AL,ASO,ES,Federal Contract Tower,4,2,1,0,7,0,0,0,0,0,4,2,1,0,7,0,0,0,7
12/26/2022,DHN,AL,ASO,ES,Federal Contract Tower,4,1,9,0,14,0,0,17,0,17,4,1,26,0,31,4,0,4,35
12/27/2022,DHN,AL,ASO,ES,Federal Contract Tower,4,3,24,10,41,0,0,28,0,28,4,3,52,10,69,60,0,60,129
12/28/2022,DHN,AL,ASO,ES,Federal Contract Tower,5,3,19,20,47,0,0,20,2,22,5,3,39,22,69,26,2,28,97
12/29/2022,DHN,AL,ASO,ES,Federal Contract Tower,4,3,10,14,31,0,0,35,1,36,4,3,45,15,67,30,6,36,103
12/30/2022,DHN,AL,ASO,ES,Federal Contract Tower,3,3,14,5,25,0,0,9,0,9,3,3,23,5,34,0,0,0,34
12/31/2022,DHN,AL,ASO,ES,Federal Contract Tower,2,0,3,0,5,0,0,2,0,2,2,0,5,0,7,0,0,0,7
01/01/2023,DHN,AL,ASO,ES,Federal Contract Tower,4,0,15,0,19,0,0,11,0,11,4,0,26,0,30,22,0,22,52
01/02/2023,DHN,AL,ASO,ES,Federal Contract Tower,4,1,15,0,20,0,0,2,0,2,4,1,17,0,22,0,0,0,22
01/03/2023,DHN,AL,ASO,ES,Federal Contract Tower,6,3,26,62,97,0,0,1,9,10,6,3,27,71,107,2,54,56,163
01/04/2023,DHN,AL,ASO,ES,Federal Contract Tower,4,3,17,24,48,0,3,26,16,45,4,6,43,40,93,72,86,158,251
01/05/2023,DHN,AL,ASO,ES,Federal Contract Tower,4,5,17,74,100,0,0,41,22,63,4,5,58,96,163,14,130,144,307
01/06/2023,DHN,AL,ASO,ES,Federal Contract Tower,4,3,23,101,131,0,1,39,24,64,4,4,62,125,195,24,186,210,405
01/07/2023,DHN,AL,ASO,ES,Federal Contract Tower,4,1,21,10,36,0,0,33,0,33,4,1,54,10,69,20,2,22,91
01/08/2023,DHN,AL,ASO,ES,Federal Contract Tower,4,0,7,9,20,0,0,11,7,18,4,0,18,16,38,44,0,44,82
01/09/2023,DHN,AL,ASO,ES,Federal Contract Tower,4,3,24,45,76,0,0,24,23,47,4,3,48,68,123,20,126,146,269
01/10/2023,DHN,AL,ASO,ES,Federal Contract Tower,7,6,24,71,108,0,1,54,34,89,7,7,78,105,197,4,178,182,379
01/11/2023,DHN,AL,ASO,ES,Federal Contract Tower,4,2,26,92,124,0,0,49,40,89,4,2,75,132,213,38,156,194,407
01/12/2023,DHN,AL,ASO,ES,Federal Contract Tower,4,2,17,46,69,0,0,23,10,33,4,2,40,56,102,26,20,46,148
01/13/2023,DHN,AL,ASO,ES,Federal Contract Tower,6,0,18,24,48,2,0,14,20,36,8,0,32,44,84,66,126,192,276
01/14/2023,DHN,AL,ASO,ES,Federal Contract Tower,4,0,8,7,19,0,0,30,1,31,4,0,38,8,50,20,0,20,70
01/15/2023,DHN,AL,ASO,ES,Federal Contract Tower,4,0,22,11,37,0,0,29,1,30,4,0,51,12,67,44,0,44,111
01/16/2023,DHN,AL,ASO,ES,Federal Contract Tower,4,0,16,0,20,0,0,28,0,28,4,0,44,0,48,48,0,48,96
01/17/2023,DHN,AL,ASO,ES,Federal Contract Tower,4,3,21,96,124,0,0,21,27,48,4,3,42,123,172,48,140,188,360
01/18/2023,DHN,AL,ASO,ES,Federal Contract Tower,4,2,17,35,58,0,0,16,16,32,4,2,33,51,90,36,44,80,170
01/19/2023,DHN,AL,ASO,ES,Federal Contract Tower,4,10,49,88,151,0,0,27,24,51,4,10,76,112,202,50,134,184,386
01/20/2023,DHN,AL,ASO,ES,Federal Contract Tower,4,2,24,32,62,0,0,51,18,69,4,2,75,50,131,68,94,162,293
01/21/2023,DHN,AL,ASO,ES,Federal Contract Tower,4,0,5,43,52,0,0,12,0,12,4,0,17,43,64,8,0,8,72
01/22/2023,DHN,AL,ASO,ES,Federal Contract Tower,4,0,21,6,31,0,0,0,0,0,4,0,21,6,31,0,0,0,31
01/23/2023,DHN,AL,ASO,ES,Federal Contract Tower,5,2,39,89,135,0,0,38,11,49,5,2,77,100,184,58,38,96,280
01/24/2023,DHN,AL,ASO,ES,Federal Contract Tower,4,2,27,109,142,0,0,50,26,76,4,2,77,135,218,36,76,112,330
01/25/2023,DHN,AL,ASO,ES,Federal Contract Tower,5,5,34,57,101,0,0,41,11,52,5,5,75,68,153,120,44,164,317
01/26/2023,DHN,AL,ASO,ES,Federal Contract Tower,4,4,24,104,136,0,0,43,17,60,4,4,67,121,196,22,108,130,326
01/27/2023,DHN,AL,ASO,ES,Federal Contract Tower,4,3,12,76,95,0,0,50,33,83,4,3,62,109,178,34,108,142,320
01/28/2023,DHN,AL,ASO,ES,Federal Contract Tower,4,0,18,11,33,0,0,72,1,73,4,0,90,12,106,40,10,50,156
01/29/2023,DHN,AL,ASO,ES,Federal Contract Tower,4,0,11,2,17,0,0,0,0,0,4,0,11,2,17,0,0,0,17
01/30/2023,DHN,AL,ASO,ES,Federal Contract Tower,4,1,37,66,108,0,0,13,7,20,4,1,50,73,128,28,14,42,170
01/31/2023,DHN,AL,ASO,ES,Federal Contract Tower,4,2,19,116,141,0,0,14,28,42,4,2,33,144,183,2,140,142,325
02/01/2023,DHN,AL,ASO,ES,Federal Contract Tower,6,6,25,76,113,0,0,24,20,44,6,6,49,96,157,12,74,86,243
02/02/2023,DHN,AL,ASO,ES,Federal Contract Tower,4,2,37,83,126,0,0,0,0,0,4,2,37,83,126,0,0,0,126
02/03/2023,DHN,AL,ASO,ES,Federal Contract Tower,4,2,38,61,105,0,0,35,47,82,4,2,73,108,187,44,158,202,389
02/04/2023,DHN,AL,ASO,ES,Federal Contract Tower,4,2,36,2,44,0,0,29,0,29,4,2,65,2,73,46,0,46,119
02/05/2023,DHN,AL,ASO,ES,Federal Contract Tower,4,0,20,6,30,0,0,36,4,40,4,0,56,10,70,122,0,122,192
02/06/2023,DHN,AL,ASO,ES,Federal Contract Tower,4,2,13,73,92,0,0,22,24,46,4,2,35,97,138,30,154,184,322
02/07/2023,DHN,AL,ASO,ES,Federal Contract Tower,4,3,25,54,86,0,0,37,46,83,4,3,62,100,169,24,108,132,301
02/08/2023,DHN,AL,ASO,ES,Federal Contract Tower,6,3,17,102,128,0,1,41,51,93,6,4,58,153,221,52,216,268,489
02/09/2023,DHN,AL,ASO,ES,Federal Contract Tower,6,2,10,75,93,0,0,6,23,29,6,2,16,98,122,0,102,102,224
02/10/2023,DHN,AL,ASO,ES,Federal Contract Tower,4,2,44,98,148,0,0,5,18,23,4,2,49,116,171,0,92,92,263
02/11/2023,DHN,AL,ASO,ES,Federal Contract Tower,3,2,7,0,12,0,0,0,0,0,3,2,7,0,12,0,0,0,12
02/12/2023,DHN,AL,ASO,ES,Federal Contract Tower,4,0,15,0,19,0,0,10,8,18,4,0,25,8,37,42,0,42,79
02/13/2023,DHN,AL,ASO,ES,Federal Contract Tower,4,3,43,35,85,0,0,29,24,53,4,3,72,59,138,60,108,168,306
02/14/2023,DHN,AL,ASO,ES,Federal Contract Tower,4,2,22,57,85,0,0,37,41,78,4,2,59,98,163,40,100,140,303
02/15/2023,DHN,AL,ASO,ES,Federal Contract Tower,4,4,31,85,124,0,0,34,43,77,4,4,65,128,201,32,210,242,443
02/16/2023,DHN,AL,ASO,ES,Federal Contract Tower,4,2,42,96,144,0,2,14,31,47,4,4,56,127,191,44,150,194,385
02/17/2023,DHN,AL,ASO,ES,Federal Contract Tower,4,2,24,31,61,0,0,7,14,21,4,2,31,45,82,34,86,120,202
02/18/2023,DHN,AL,ASO,ES,Federal Contract Tower,4,0,24,0,28,0,0,30,0,30,4,0,54,0,58,22,0,22,80
02/19/2023,DHN,AL,ASO,ES,Federal Contract Tower,4,1,17,0,22,0,0,37,0,37,4,1,54,0,59,18,0,18,77
02/20/2023,DHN,AL,ASO,ES,Federal Contract Tower,4,2,21,0,27,0,0,20,0,20,4,2,41,0,47,52,0,52,99
02/21/2023,DHN,AL,ASO,ES,Federal Contract Tower,4,6,44,101,155,0,0,24,11,35,4,6,68,112,190,70,4,74,264
02/22/2023,DHN,AL,ASO,ES,Federal Contract Tower,4,3,33,96,136,0,0,22,11,33,4,3,55,107,169,6,68,74,243
02/23/2023,DHN,AL,ASO,ES,Federal Contract Tower,5,6,41,99,151,0,0,29,20,49,5,6,70,119,200,32,104,136,336
02/24/2023,DHN,AL,ASO,ES,Federal Contract Tower,5,3,24,73,105,0,0,37,24,61,5,3,61,97,166,38,102,140,306
02/25/2023,DHN,AL,ASO,ES,Federal Contract Tower,4,2,17,19,42,0,0,31,0,31,4,2,48,19,73,42,0,42,115
02/26/2023,DHN,AL,ASO,ES,Federal Contract Tower,4,1,22,33,60,0,0,29,1,30,4,1,51,34,90,52,0,52,142
02/27/2023,DHN,AL,ASO,ES,Federal Contract Tower,4,0,34,63,101,0,0,21,11,32,4,0,55,74,133,2,16,18,151
02/28/2023,DHN,AL,ASO,ES,Federal Contract Tower,4,2,34,107,147,0,0,40,31,71,4,2,74,138,218,8,126,134,352
03/01/2023,DHN,AL,ASO,ES,Federal Contract Tower,5,3,36,61,105,0,0,37,19,56,5,3,73,80,161,38,54,92,253
03/02/2023,DHN,AL,ASO,ES,Federal Contract Tower,5,3,40,78,126,0,0,25,11,36,5,3,65,89,162,24,28,52,214
03/03/2023,DHN,AL,ASO,ES,Federal Contract Tower,4,3,19,51,77,0,0,8,7,15,4,3,27,58,92,4,10,14,106
03/04/2023,DHN,AL,ASO,ES,Federal Contract Tower,5,0,22,4,31,0,0,62,1,63,5,0,84,5,94,74,0,74,168
03/05/2023,DHN,AL,ASO,ES,Federal Contract Tower,4,0,20,3,27,0,0,22,7,29,4,0,42,10,56,34,0,34,90
03/06/2023,DHN,AL,ASO,ES,Federal Contract Tower,7,3,37,86,133,0,0,61,27,88,7,3,98,113,221,86,110,196,417
03/07/2023,DHN,AL,ASO,ES,Federal Contract Tower,4,1,31,132,168,0,0,32,13,45,4,1,63,145,213,73,70,143,356
03/08/2023,DHN,AL,ASO,ES,Federal Contract Tower,4,4,30,131,169,0,0,45,41,86,4,4,75,172,255,44,122,166,421
03/09/2023,DHN,AL,ASO,ES,Federal Contract Tower,4,5,32,114,155,0,0,17,45,62,4,5,49,159,217,24,216,240,457
03/10/2023,DHN,AL,ASO,ES,Federal Contract Tower,4,5,31,75,115,0,0,16,15,31,4,5,47,90,146,2,68,70,216
03/11/2023,DHN,AL,ASO,ES,Federal Contract Tower,4,7,19,0,30,0,0,56,0,56,4,7,75,0,86,112,0,112,198
03/12/2023,DHN,AL,ASO,ES,Federal Contract Tower,4,0,8,0,12,0,0,0,0,0,4,0,8,0,12,0,0,0,12
03/13/2023,DHN,AL,ASO,ES,Federal Contract Tower,5,6,37,75,123,0,0,18,25,43,5,6,55,100,166,34,122,156,322
03/14/2023,DHN,AL,ASO,ES,Federal Contract Tower,4,4,34,59,101,0,0,40,41,81,4,4,74,100,182,6,114,120,302
03/15/2023,DHN,AL,ASO,ES,Federal Contract Tower,4,5,38,86,133,0,0,41,41,82,4,5,79,127,215,62,104,166,381
03/16/2023,DHN,AL,ASO,ES,Federal Contract Tower,4,2,27,60,93,0,0,33,31,64,4,2,60,91,157,70,108,178,335
03/17/2023,DHN,AL,ASO,ES,Federal Contract Tower,3,8,9,65,85,0,0,7,25,32,3,8,16,90,117,2,108,110,227
03/18/2023,DHN,AL,ASO,ES,Federal Contract Tower,4,0,10,6,20,0,0,30,1,31,4,0,40,7,51,14,2,16,67
03/19/2023,DHN,AL,ASO,ES,Federal Contract Tower,4,0,17,7,28,0,0,17,3,20,4,0,34,10,48,18,0,18,66
03/20/2023,DHN,AL,ASO,ES,Federal Contract Tower,4,5,11,99,119,0,0,27,31,58,4,5,38,130,177,76,178,254,431
03/21/2023,DHN,AL,ASO,ES,Federal Contract Tower,4,4,23,85,116,0,2,42,32,76,4,6,65,117,192,28,166,194,386
03/22/2023,DHN,AL,ASO,ES,Federal Contract Tower,7,5,30,95,137,0,0,22,28,50,7,5,52,123,187,22,100,122,309
03/23/2023,DHN,AL,ASO,ES,Federal Contract Tower,4,8,27,35,74,0,2,28,20,50,4,10,55,55,124,14,78,92,216
03/24/2023,DHN,AL,ASO,ES,Federal Contract Tower,4,5,26,36,71,0,0,21,15,36,4,5,47,51,107,20,138,158,265
03/25/2023,DHN,AL,ASO,ES,Federal Contract Tower,4,2,10,0,16,0,0,4,0,4,4,2,14,0,20,0,0,0,20
03/26/2023,DHN,AL,ASO,ES,Federal Contract Tower,4,0,23,0,27,0,0,2,2,4,4,0,25,2,31,56,0,56,87
03/27/2023,DHN,AL,ASO,ES,Federal Contract Tower,4,5,18,24,51,0,0,0,0,0,4,5,18,24,51,0,0,0,51
03/28/2023,DHN,AL,ASO,ES,Federal Contract Tower,4,2,16,43,65,0,0,8,9,17,4,2,24,52,82,58,20,78,160
03/29/2023,DHN,AL,ASO,ES,Federal Contract Tower,4,2,28,76,110,0,0,40,26,66,4,2,68,102,176,56,166,222,398
03/30/2023,DHN,AL,ASO,ES,Federal Contract Tower,4,2,19,64,89,0,0,46,34,80,4,2,65,98,169,40,128,168,337
03/31/2023,DHN,AL,ASO,ES,Federal Contract Tower,4,2,19,87,112,0,0,33,38,71,4,2,52,125,183,36,128,164,347
04/01/2023,DHN,AL,ASO,ES,Federal Contract Tower,4,1,10,0,15,0,0,6,0,6,4,1,16,0,21,6,0,6,27
04/02/2023,DHN,AL,ASO,ES,Federal Contract Tower,4,1,26,1,32,0,0,42,8,50,4,1,68,9,82,126,0,126,208
04/03/2023,DHN,AL,ASO,ES,Federal Contract Tower,8,5,23,61,97,0,0,10,7,17,8,5,33,68,114,6,46,52,166
04/04/2023,DHN,AL,ASO,ES,Federal Contract Tower,4,2,36,102,144,0,0,37,32,69,4,2,73,134,213,72,104,176,389
04/05/2023,DHN,AL,ASO,ES,Federal Contract Tower,4,6,17,125,152,0,0,38,32,70,4,6,55,157,222,96,106,202,424
04/06/2023,DHN,AL,ASO,ES,Federal Contract Tower,4,4,24,122,154,0,0,37,40,77,4,4,61,162,231,24,214,238,469
04/07/2023,DHN,AL,ASO,ES,Federal Contract Tower,5,3,20,51,79,0,0,32,32,64,5,3,52,83,143,70,160,230,373
04/08/2023,DHN,AL,ASO,ES,Federal Contract Tower,4,1,4,1,10,0,0,0,0,0,4,1,4,1,10,0,0,0,10
04/09/2023,DHN,AL,ASO,ES,Federal Contract Tower,4,0,7,0,11,0,0,3,0,3,4,0,10,0,14,4,0,4,18
04/10/2023,DHN,AL,ASO,ES,Federal Contract Tower,4,2,29,61,96,0,0,27,29,56,4,2,56,90,152,26,134,160,312
04/11/2023,DHN,AL,ASO,ES,Federal Contract Tower,4,3,29,55,91,0,0,49,41,90,4,3,78,96,181,36,108,144,325
04/12/2023,DHN,AL,ASO,ES,Federal Contract Tower,4,2,32,69,107,0,0,50,35,85,4,2,82,104,192,44,100,144,336
04/13/2023,DHN,AL,ASO,ES,Federal Contract Tower,4,2,28,67,101,0,0,21,25,46,4,2,49,92,147,10,82,92,239
04/14/2023,DHN,AL,ASO,ES,Federal Contract Tower,4,2,32,80,118,0,0,37,28,65,4,2,69,108,183,52,112,164,347
04/15/2023,DHN,AL,ASO,ES,Federal Contract Tower,4,0,19,1,24,0,0,36,1,37,4,0,55,2,61,70,0,70,131
04/16/2023,DHN,AL,ASO,ES,Federal Contract Tower,4,0,27,15,46,0,0,14,6,20,4,0,41,21,66,64,0,64,130
04/17/2023,DHN,AL,ASO,ES,Federal Contract Tower,4,3,33,67,107,0,0,46,15,61,4,3,79,82,168,58,72,130,298
04/18/2023,DHN,AL,ASO,ES,Federal Contract Tower,4,4,40,70,118,0,0,27,22,49,4,4,67,92,167,46,62,108,275
04/19/2023,DHN,AL,ASO,ES,Federal Contract Tower,5,3,38,67,113,0,0,48,18,66,5,3,86,85,179,38,50,88,267
04/20/2023,DHN,AL,ASO,ES,Federal Contract Tower,5,4,27,51,87,0,0,57,17,74,5,4,84,68,161,64,60,124,285
04/21/2023,DHN,AL,ASO,ES,Federal Contract Tower,4,6,19,76,105,0,0,46,27,73,4,6,65,103,178,96,128,224,402
04/22/2023,DHN,AL,ASO,ES,Federal Contract Tower,4,0,30,0,34,0,0,36,0,36,4,0,66,0,70,50,0,50,120
04/23/2023,DHN,AL,ASO,ES,Federal Contract Tower,4,0,14,3,21,0,0,40,9,49,4,0,54,12,70,70,0,70,140
04/24/2023,DHN,AL,ASO,ES,Federal Contract Tower,4,4,18,33,59,0,1,38,7,46,4,5,56,40,105,70,44,114,219
04/25/2023,DHN,AL,ASO,ES,Federal Contract Tower,5,3,25,88,121,0,0,44,19,63,5,3,69,107,184,80,122,202,386
04/26/2023,DHN,AL,ASO,ES,Federal Contract Tower,5,11,18,61,95,0,0,32,29,61,5,11,50,90,156,94,116,210,366
04/27/2023,DHN,AL,ASO,ES,Federal Contract Tower,4,4,26,49,83,0,0,0,0,0,4,4,26,49,83,0,0,0,83
04/28/2023,DHN,AL,ASO,ES,Federal Contract Tower,4,2,54,97,157,0,0,17,11,28,4,2,71,108,185,28,58,86,271
04/29/2023,DHN,AL,ASO,ES,Federal Contract Tower,4,0,12,0,16,0,0,22,0,22,4,0,34,0,38,40,0,40,78
04/30/2023,DHN,AL,ASO,ES,Federal Contract Tower,4,2,14,0,20,0,0,13,0,13,4,2,27,0,33,34,0,34,67
05/01/2023,DHN,AL,ASO,ES,Federal Contract Tower,4,2,25,20,51,0,0,24,8,32,4,2,49,28,83,42,60,102,185
05/02/2023,DHN,AL,ASO,ES,Federal Contract Tower,3,2,20,79,104,0,0,31,20,51,3,2,51,99,155,46,178,224,379
05/03/2023,DHN,AL,ASO,ES,Federal Contract Tower,4,3,34,118,159,0,0,42,43,85,4,3,76,161,244,36,178,214,458
05/04/2023,DHN,AL,ASO,ES,Federal Contract Tower,4,4,21,62,91,0,0,28,32,60,4,4,49,94,151,8,140,148,299
05/05/2023,DHN,AL,ASO,ES,Federal Contract Tower,4,8,22,79,113,0,0,18,36,54,4,8,40,115,167,12,170,182,349
05/06/2023,DHN,AL,ASO,ES,Federal Contract Tower,4,0,10,4,18,0,0,41,0,41,4,0,51,4,59,58,0,58,117
05/07/2023,DHN,AL,ASO,ES,Federal Contract Tower,4,0,18,19,41,0,0,37,4,41,4,0,55,23,82,86,0,86,168
05/08/2023,DHN,AL,ASO,ES,Federal Contract Tower,5,4,25,83,117,0,0,16,8,24,5,4,41,91,141,18,52,70,211
05/09/2023,DHN,AL,ASO,ES,Federal Contract Tower,6,2,24,93,125,0,0,13,51,64,6,2,37,144,189,16,160,176,365
05/10/2023,DHN,AL,ASO,ES,Federal Contract Tower,4,4,22,61,91,0,0,46,40,86,4,4,68,101,177,62,156,218,395
05/11/2023,DHN,AL,ASO,ES,Federal Contract Tower,4,2,18,126,150,0,0,11,17,28,4,2,29,143,178,38,80,118,296
05/12/2023,DHN,AL,ASO,ES,Federal Contract Tower,4,3,13,80,100,0,0,14,32,46,4,3,27,112,146,2,88,90,236
05/13/2023,DHN,AL,ASO,ES,Federal Contract Tower,5,4,19,10,38,0,0,34,0,34,5,4,53,10,72,44,0,44,116
05/14/2023,DHN,AL,ASO,ES,Federal Contract Tower,4,0,9,15,28,0,0,26,3,29,4,0,35,18,57,46,0,46,103
05/15/2023,DHN,AL,ASO,ES,Federal Contract Tower,4,4,13,49,70,0,0,25,8,33,4,4,38,57,103,22,42,64,167
05/16/2023,DHN,AL,ASO,ES,Federal Contract Tower,4,6,27,95,132,0,0,10,12,22,4,6,37,107,154,16,84,100,254
05/17/2023,DHN,AL,ASO,ES,Federal Contract Tower,4,3,48,99,154,0,0,11,26,37,4,3,59,125,191,16,86,102,293
05/18/2023,DHN,AL,ASO,ES,Federal Contract Tower,4,6,25,79,114,0,0,26,21,47,4,6,51,100,161,56,58,114,275
05/19/2023,DHN,AL,ASO,ES,Federal Contract Tower,4,4,38,124,170,0,0,5,3,8,4,4,43,127,178,34,26,60,238
05/20/2023,DHN,AL,ASO,ES,Federal Contract Tower,5,0,15,2,22,0,0,56,0,56,5,0,71,2,78,54,0,54,132
05/21/2023,DHN,AL,ASO,ES,Federal Contract Tower,4,0,24,19,47,0,0,20,7,27,4,0,44,26,74,38,0,38,112
05/22/2023,DHN,AL,ASO,ES,Federal Contract Tower,4,2,32,45,83,0,0,10,4,14,4,2,42,49,97,50,58,108,205
05/23/2023,DHN,AL,ASO,ES,Federal Contract Tower,4,2,34,75,115,0,0,3,0,3,4,2,37,75,118,0,12,12,130
05/24/2023,DHN,AL,ASO,ES,Federal Contract Tower,5,4,32,124,165,0,1,39,26,66,5,5,71,150,231,108,102,210,441
05/25/2023,DHN,AL,ASO,ES,Federal Contract Tower,5,2,20,63,90,0,0,69,45,114,5,2,89,108,204,66,166,232,436
05/26/2023,DHN,AL,ASO,ES,Federal Contract Tower,5,3,26,86,120,0,0,34,20,54,5,3,60,106,174,18,92,110,284
05/27/2023,DHN,AL,ASO,ES,Federal Contract Tower,4,0,4,1,9,0,0,22,2,24,4,0,26,3,33,0,0,0,33
05/28/2023,DHN,AL,ASO,ES,Federal Contract Tower,4,0,23,2,29,0,0,34,0,34,4,0,57,2,63,68,0,68,131
05/29/2023,DHN,AL,ASO,ES,Federal Contract Tower,4,1,11,0,16,0,0,16,0,16,4,1,27,0,32,40,0,40,72
05/30/2023,DHN,AL,ASO,ES,Federal Contract Tower,5,2,23,112,142,0,0,52,27,79,5,2,75,139,221,106,158,264,485
05/31/2023,DHN,AL,ASO,ES,Federal Contract Tower,4,2,22,105,133,0,0,20,32,52,4,2,42,137,185,10,118,128,313
06/01/2023,DHN,AL,ASO,ES,Federal Contract Tower,5,3,31,113,152,0,0,36,21,57,5,3,67,134,209,56,90,146,355
06/02/2023,DHN,AL,ASO,ES,Federal Contract Tower,4,2,22,63,91,0,0,61,33,94,4,2,83,96,185,24,84,108,293
06/03/2023,DHN,AL,ASO,ES,Federal Contract Tower,4,0,14,24,42,0,0,34,0,34,4,0,48,24,76,70,0,70,146
06/04/2023,DHN,AL,ASO,ES,Federal Contract Tower,5,0,7,42,54,0,0,27,5,32,5,0,34,47,86,60,0,60,146
06/05/2023,DHN,AL,ASO,ES,Federal Contract Tower,4,4,8,108,124,0,0,39,19,58,4,4,47,127,182,42,160,202,384
06/06/2023,DHN,AL,ASO,ES,Federal Contract Tower,4,3,44,68,119,0,0,30,30,60,4,3,74,98,179,40,128,168,347
06/07/2023,DHN,AL,ASO,ES,Federal Contract Tower,4,6,34,61,105,0,0,48,27,75,4,6,82,88,180,12,84,96,276
06/08/2023,DHN,AL,ASO,ES,Federal Contract Tower,4,3,21,105,133,0,0,57,38,95,4,3,78,143,228,36,126,162,390
06/09/2023,DHN,AL,ASO,ES,Federal Contract Tower,4,2,35,107,148,0,0,62,31,93,4,2,97,138,241,42,100,142,383
06/10/2023,DHN,AL,ASO,ES,Federal Contract Tower,6,0,11,3,20,0,0,37,0,37,6,0,48,3,57,106,0,106,163
06/11/2023,DHN,AL,ASO,ES,Federal Contract Tower,4,2,8,10,24,0,0,9,8,17,4,2,17,18,41,40,0,40,81
06/12/2023,DHN,AL,ASO,ES,Federal Contract Tower,4,2,21,46,73,0,0,18,21,39,4,2,39,67,112,10,120,130,242
06/13/2023,DHN,AL,ASO,ES,Federal Contract Tower,4,4,20,74,102,0,0,33,21,54,4,4,53,95,156,76,80,156,312
06/14/2023,DHN,AL,ASO,ES,Federal Contract Tower,3,3,26,49,81,0,0,15,1,16,3,3,41,50,97,48,4,52,149
06/15/2023,DHN,AL,ASO,ES,Federal Contract Tower,7,4,10,14,35,0,0,4,10,14,7,4,14,24,49,18,74,92,141
06/16/2023,DHN,AL,ASO,ES,Federal Contract Tower,4,5,52,75,136,0,0,21,3,24,4,5,73,78,160,42,6,48,208
06/17/2023,DHN,AL,ASO,ES,Federal Contract Tower,4,7,9,1,21,0,0,54,0,54,4,7,63,1,75,32,0,32,107
06/18/2023,DHN,AL,ASO,ES,Federal Contract Tower,3,0,7,0,10,0,0,20,0,20,3,0,27,0,30,96,0,96,126
06/19/2023,DHN,AL,ASO,ES,Federal Contract Tower,4,2,16,0,22,0,0,1,0,1,4,2,17,0,23,0,0,0,23
06/20/2023,DHN,AL,ASO,ES,Federal Contract Tower,4,5,37,144,190,0,0,39,21,60,4,5,76,165,250,24,138,162,412
06/21/2023,DHN,AL,ASO,ES,Federal Contract Tower,6,6,38,45,95,0,0,8,10,18,6,6,46,55,113,28,50,78,191
06/22/2023,DHN,AL,ASO,ES,Federal Contract Tower,7,7,27,81,122,0,0,41,38,79,7,7,68,119,201,36,138,174,375
06/23/2023,DHN,AL,ASO,ES,Federal Contract Tower,5,2,24,76,107,0,0,39,27,66,5,2,63,103,173,88,158,246,419
06/24/2023,DHN,AL,ASO,ES,Federal Contract Tower,4,1,18,13,36,0,0,36,3,39,4,1,54,16,75,68,12,80,155
06/25/2023,DHN,AL,ASO,ES,Federal Contract Tower,4,0,12,17,33,0,0,56,0,56,4,0,68,17,89,38,0,38,127
06/26/2023,DHN,AL,ASO,ES,Federal Contract Tower,4,6,37,122,169,0,0,49,20,69,4,6,86,142,238,36,40,76,314
06/27/2023,DHN,AL,ASO,ES,Federal Contract Tower,5,7,33,83,128,0,3,49,29,81,5,10,82,112,209,46,144,190,399
06/28/2023,DHN,AL,ASO,ES,Federal Contract Tower,4,8,38,111,161,0,0,51,29,80,4,8,89,140,241,36,172,208,449
06/29/2023,DHN,AL,ASO,ES,Federal Contract Tower,6,7,14,82,109,0,1,55,20,76,6,8,69,102,185,112,108,220,405
06/30/2023,DHN,AL,ASO,ES,Federal Contract Tower,5,4,24,87,120,0,0,56,29,85,5,4,80,116,205,54,122,176,381
07/01/2023,DHN,AL,ASO,ES,Federal Contract Tower,4,7,26,0,37,0,0,41,0,41,4,7,67,0,78,70,0,70,148
07/02/2023,DHN,AL,ASO,ES,Federal Contract Tower,4,1,5,2,12,0,0,21,2,23,4,1,26,4,35,40,0,40,75
07/03/2023,DHN,AL,ASO,ES,Federal Contract Tower,4,3,8,0,15,0,0,23,0,23,4,3,31,0,38,70,24,94,132
07/04/2023,DHN,AL,ASO,ES,Federal Contract Tower,3,0,3,0,6,0,0,7,0,7,3,0,10,0,13,0,0,0,13
07/05/2023,DHN,AL,ASO,ES,Federal Contract Tower,4,4,20,55,83,0,0,32,31,63,4,4,52,86,146,44,150,194,340
07/06/2023,DHN,AL,ASO,ES,Federal Contract Tower,7,3,17,107,134,0,0,47,40,87,7,3,64,147,221,10,176,186,407
07/07/2023,DHN,AL,ASO,ES,Federal Contract Tower,4,6,19,55,84,0,0,52,34,86,4,6,71,89,170,60,108,168,338
07/08/2023,DHN,AL,ASO,ES,Federal Contract Tower,4,1,10,24,39,0,0,21,1,22,4,1,31,25,61,52,0,52,113
07/09/2023,DHN,AL,ASO,ES,Federal Contract Tower,4,0,10,49,63,0,0,16,13,29,4,0,26,62,92,0,0,0,92
07/10/2023,DHN,AL,ASO,ES,Federal Contract Tower,4,3,21,91,119,0,0,22,12,34,4,3,43,103,153,18,110,128,281
07/11/2023,DHN,AL,ASO,ES,Federal Contract Tower,5,6,33,160,204,0,1,58,39,98,5,7,91,199,302,46,164,210,512
07/12/2023,DHN,AL,ASO,ES,Federal Contract Tower,4,4,22,145,175,0,0,28,53,81,4,4,50,198,256,22,178,200,456
07/13/2023,DHN,AL,ASO,ES,Federal Contract Tower,4,5,26,57,92,0,0,6,14,20,4,5,32,71,112,34,26,60,172
07/14/2023,DHN,AL,ASO,ES,Federal Contract Tower,4,6,22,124,156,0,0,6,30,36,4,6,28,154,192,30,136,166,358
07/15/2023,DHN,AL,ASO,ES,Federal Contract Tower,4,1,11,5,21,0,0,8,1,9,4,1,19,6,30,0,0,0,30
07/16/2023,DHN,AL,ASO,ES,Federal Contract Tower,4,2,14,2,22,0,0,4,6,10,4,2,18,8,32,10,0,10,42
07/17/2023,DHN,AL,ASO,ES,Federal Contract Tower,4,3,22,54,83,0,1,38,19,58,4,4,60,73,141,50,96,146,287
07/18/2023,DHN,AL,ASO,ES,Federal Contract Tower,4,4,25,58,91,0,0,46,26,72,4,4,71,84,163,92,84,176,339
07/19/2023,DHN,AL,ASO,ES,Federal Contract Tower,4,1,25,82,112,0,0,45,28,73,4,1,70,110,185,28,98,126,311
07/20/2023,DHN,AL,ASO,ES,Federal Contract Tower,4,4,17,62,87,0,0,68,38,106,4,4,85,100,193,26,104,130,323
07/21/2023,DHN,AL,ASO,ES,Federal Contract Tower,5,4,33,81,123,0,0,52,27,79,5,4,85,108,202,24,134,158,360
07/22/2023,DHN,AL,ASO,ES,Federal Contract Tower,4,3,9,0,16,0,0,4,6,10,4,3,13,6,26,4,12,16,42
07/23/2023,DHN,AL,ASO,ES,Federal Contract Tower,4,0,9,1,14,0,0,7,4,11,4,0,16,5,25,6,0,6,31
07/24/2023,DHN,AL,ASO,ES,Federal Contract Tower,5,8,31,58,102,0,0,51,15,66,5,8,82,73,168,48,116,164,332
07/25/2023,DHN,AL,ASO,ES,Federal Contract Tower,4,4,20,88,116,0,0,54,13,67,4,4,74,101,183,40,48,88,271
07/26/2023,DHN,AL,ASO,ES,Federal Contract Tower,4,5,26,87,122,0,0,57,22,79,4,5,83,109,201,34,74,108,309
07/27/2023,DHN,AL,ASO,ES,Federal Contract Tower,4,6,20,61,91,0,0,63,12,75,4,6,83,73,166,52,68,120,286
07/28/2023,DHN,AL,ASO,ES,Federal Contract Tower,4,2,32,50,88,0,0,49,28,77,4,2,81,78,165,64,116,180,345
07/29/2023,DHN,AL,ASO,ES,Federal Contract Tower,4,0,31,8,43,0,0,22,0,22,4,0,53,8,65,48,0,48,113
07/30/2023,DHN,AL,ASO,ES,Federal Contract Tower,2,5,23,16,46,0,0,23,6,29,2,5,46,22,75,2,0,2,77
07/31/2023,DHN,AL,ASO,ES,Federal Contract Tower,3,2,13,70,88,0,0,38,31,69,3,2,51,101,157,22,140,162,319
08/01/2023,DHN,AL,ASO,ES,Federal Contract Tower,5,2,23,29,59,0,1,38,32,71,5,3,61,61,130,32,122,154,284
08/02/2023,DHN,AL,ASO,ES,Federal Contract Tower,4,4,25,97,130,0,0,47,42,89,4,4,72,139,219,60,128,188,407
08/03/2023,DHN,AL,ASO,ES,Federal Contract Tower,4,4,26,79,113,0,0,34,41,75,4,4,60,120,188,36,172,208,396
08/04/2023,DHN,AL,ASO,ES,Federal Contract Tower,4,2,24,51,81,0,0,27,26,53,4,2,51,77,134,26,154,180,314
08/05/2023,DHN,AL,ASO,ES,Federal Contract Tower,4,2,7,0,13,0,0,13,0,13,4,2,20,0,26,30,0,30,56
08/06/2023,DHN,AL,ASO,ES,Federal Contract Tower,3,0,9,0,12,0,0,16,2,18,3,0,25,2,30,0,0,0,30
08/07/2023,DHN,AL,ASO,ES,Federal Contract Tower,3,3,12,82,100,0,0,29,26,55,3,3,41,108,155,22,130,152,307
08/08/2023,DHN,AL,ASO,ES,Federal Contract Tower,5,4,35,80,124,0,0,13,15,28,5,4,48,95,152,16,52,68,220
08/09/2023,DHN,AL,ASO,ES,Federal Contract Tower,6,6,30,86,128,0,0,28,23,51,6,6,58,109,179,30,110,140,319
08/10/2023,DHN,AL,ASO,ES,Federal Contract Tower,4,8,27,60,99,0,0,60,34,94,4,8,87,94,193,40,166,206,399
08/11/2023,DHN,AL,ASO,ES,Federal Contract Tower,4,1,23,61,89,0,0,18,45,63,4,1,41,106,152,30,114,144,296
08/12/2023,DHN,AL,ASO,ES,Federal Contract Tower,4,0,10,10,24,0,0,19,0,19,4,0,29,10,43,30,0,30,73
08/13/2023,DHN,AL,ASO,ES,Federal Contract Tower,4,0,11,14,29,0,0,10,1,11,4,0,21,15,40,28,0,28,68
08/14/2023,DHN,AL,ASO,ES,Federal Contract Tower,4,2,15,45,66,0,0,27,37,64,4,2,42,82,130,26,184,210,340
08/15/2023,DHN,AL,ASO,ES,Federal Contract Tower,3,3,41,74,121,0,0,24,22,46,3,3,65,96,167,12,104,116,283
08/16/2023,DHN,AL,ASO,ES,Federal Contract Tower,4,2,21,68,95,0,1,23,18,42,4,3,44,86,137,24,102,126,263
08/17/2023,DHN,AL,ASO,ES,Federal Contract Tower,4,3,26,87,120,0,0,29,28,57,4,3,55,115,177,18,164,182,359
08/18/2023,DHN,AL,ASO,ES,Federal Contract Tower,4,0,13,55,72,0,7,35,32,74,4,7,48,87,146,74,90,164,310
08/19/2023,DHN,AL,ASO,ES,Federal Contract Tower,4,4,7,3,18,0,0,27,1,28,4,4,34,4,46,30,0,30,76
08/20/2023,DHN,AL,ASO,ES,Federal Contract Tower,4,0,5,19,28,0,0,21,7,28,4,0,26,26,56,10,18,28,84
08/21/2023,DHN,AL,ASO,ES,Federal Contract Tower,4,10,25,91,130,0,4,42,21,67,4,14,67,112,197,56,110,166,363
08/22/2023,DHN,AL,ASO,ES,Federal Contract Tower,4,4,27,136,171,0,0,44,33,77,4,4,71,169,248,40,146,186,434
08/23/2023,DHN,AL,ASO,ES,Federal Contract Tower,4,5,35,74,118,0,0,24,27,51,4,5,59,101,169,18,138,156,325
08/24/2023,DHN,AL,ASO,ES,Federal Contract Tower,4,7,11,63,85,0,0,28,18,46,4,7,39,81,131,34,94,128,259
08/25/2023,DHN,AL,ASO,ES,Federal Contract Tower,4,4,20,54,82,0,0,66,26,92,4,4,86,80,174,54,142,196,370
08/26/2023,DHN,AL,ASO,ES,Federal Contract Tower,4,0,16,22,42,0,0,40,3,43,4,0,56,25,85,66,24,90,175
08/27/2023,DHN,AL,ASO,ES,Federal Contract Tower,4,2,9,25,40,0,0,25,5,30,4,2,34,30,70,30,0,30,100
08/28/2023,DHN,AL,ASO,ES,Federal Contract Tower,4,3,20,81,108,0,0,39,13,52,4,3,59,94,160,66,12,78,238
08/29/2023,DHN,AL,ASO,ES,Federal Contract Tower,4,4,31,45,84,0,0,29,11,40,4,4,60,56,124,34,88,122,246
08/30/2023,DHN,AL,ASO,ES,Federal Contract Tower,5,5,38,66,114,0,0,18,9,27,5,5,56,75,141,20,14,34,175
08/31/2023,DHN,AL,ASO,ES,Federal Contract Tower,5,4,24,60,93,0,0,67,31,98,5,4,91,91,191,82,158,240,431
