01/01/2020,DLH,MN,AGL,CE,Combined TRACON& Tower with Radar,3,20,6,0,29,0,0,7,0,7,3,20,13,0,36,40,0,40,76
01/02/2020,DLH,MN,AGL,CE,Combined TRACON& Tower with Radar,2,23,9,9,43,0,0,7,0,7,2,23,16,9,50,26,0,26,76
01/03/2020,DLH,MN,AGL,CE,Combined TRACON& Tower with Radar,2,26,25,15,68,0,0,1,0,1,2,26,26,15,69,0,0,0,69
01/04/2020,DLH,MN,AGL,CE,Combined TRACON& Tower with Radar,2,16,11,0,29,0,0,6,0,6,2,16,17,0,35,42,0,42,77
01/05/2020,DLH,MN,AGL,CE,Combined TRACON& Tower with Radar,3,16,3,0,22,0,5,2,0,7,3,21,5,0,29,2,0,2,31
01/06/2020,DLH,MN,AGL,CE,Combined TRACON& Tower with Radar,4,22,24,13,63,0,16,53,2,71,4,38,77,15,134,111,16,127,261
01/07/2020,DLH,MN,AGL,CE,Combined TRACON& Tower with Radar,5,21,23,26,75,0,4,33,2,39,5,25,56,28,114,54,16,70,184
01/08/2020,DLH,MN,AGL,CE,Combined TRACON& Tower with Radar,6,20,16,14,56,0,8,61,0,69,6,28,77,14,125,106,0,106,231
01/09/2020,DLH,MN,AGL,CE,Combined TRACON& Tower with Radar,4,22,28,9,63,0,4,22,0,26,4,26,50,9,89,74,0,74,163
01/10/2020,DLH,MN,AGL,CE,Combined TRACON& Tower with Radar,6,19,45,19,89,0,5,48,2,55,6,24,93,21,144,56,18,74,218
01/11/2020,DLH,MN,AGL,CE,Combined TRACON& Tower with Radar,4,8,7,15,34,0,5,6,2,13,4,13,13,17,47,43,8,51,98
01/12/2020,DLH,MN,AGL,CE,Combined TRACON& Tower with Radar,5,14,10,0,29,0,2,10,0,12,5,16,20,0,41,45,0,45,86
01/13/2020,DLH,MN,AGL,CE,Combined TRACON& Tower with Radar,6,19,22,5,52,0,1,10,0,11,6,20,32,5,63,32,0,32,95
01/14/2020,DLH,MN,AGL,CE,Combined TRACON& Tower with Radar,5,18,14,10,47,0,0,9,0,9,5,18,23,10,56,0,0,0,56
01/15/2020,DLH,MN,AGL,CE,Combined TRACON& Tower with Radar,4,18,19,13,54,0,0,3,0,3,4,18,22,13,57,18,0,18,75
01/16/2020,DLH,MN,AGL,CE,Combined TRACON& Tower with Radar,5,18,58,10,91,0,17,54,0,71,5,35,112,10,162,130,0,130,292
01/17/2020,DLH,MN,AGL,CE,Combined TRACON& Tower with Radar,3,20,30,0,53,0,12,31,0,43,3,32,61,0,96,30,0,30,126
01/18/2020,DLH,MN,AGL,CE,Combined TRACON& Tower with Radar,2,7,5,0,14,0,0,0,0,0,2,7,5,0,14,0,0,0,14
01/19/2020,DLH,MN,AGL,CE,Combined TRACON& Tower with Radar,3,9,16,0,28,0,2,8,0,10,3,11,24,0,38,28,0,28,66
01/20/2020,DLH,MN,AGL,CE,Combined TRACON& Tower with Radar,6,24,22,0,52,0,1,41,0,42,6,25,63,0,94,49,5,54,148
01/21/2020,DLH,MN,AGL,CE,Combined TRACON& Tower with Radar,5,18,45,15,83,0,21,23,1,45,5,39,68,16,128,34,10,44,172
01/22/2020,DLH,MN,AGL,CE,Combined TRACON& Tower with Radar,3,17,20,2,42,0,0,0,0,0,3,17,20,2,42,0,0,0,42
01/23/2020,DLH,MN,AGL,CE,Combined TRACON& Tower with Radar,5,22,2,0,29,0,0,0,0,0,5,22,2,0,29,0,0,0,29
01/24/2020,DLH,MN,AGL,CE,Combined TRACON& Tower with Radar,6,20,16,4,46,0,0,0,0,0,6,20,16,4,46,0,0,0,46
01/25/2020,DLH,MN,AGL,CE,Combined TRACON& Tower with Radar,4,14,14,0,32,0,6,19,0,25,4,20,33,0,57,48,0,48,105
01/26/2020,DLH,MN,AGL,CE,Combined TRACON& Tower with Radar,7,16,8,0,31,0,0,1,0,1,7,16,9,0,32,0,0,0,32
01/27/2020,DLH,MN,AGL,CE,Combined TRACON& Tower with Radar,3,19,21,12,55,0,1,0,0,1,3,20,21,12,56,0,0,0,56
01/28/2020,DLH,MN,AGL,CE,Combined TRACON& Tower with Radar,7,23,46,7,83,0,17,14,0,31,7,40,60,7,114,82,20,102,216
01/29/2020,DLH,MN,AGL,CE,Combined TRACON& Tower with Radar,6,20,57,16,99,0,7,22,0,29,6,27,79,16,128,60,20,80,208
01/30/2020,DLH,MN,AGL,CE,Combined TRACON& Tower with Radar,4,18,31,12,65,0,0,15,0,15,4,18,46,12,80,10,2,12,92
01/31/2020,DLH,MN,AGL,CE,Combined TRACON& Tower with Radar,5,29,7,0,41,0,0,0,0,0,5,29,7,0,41,0,0,0,41
02/01/2020,DLH,MN,AGL,CE,Combined TRACON& Tower with Radar,4,15,22,0,41,0,9,36,0,45,4,24,58,0,86,38,0,38,124
02/02/2020,DLH,MN,AGL,CE,Combined TRACON& Tower with Radar,4,10,7,0,21,0,16,3,0,19,4,26,10,0,40,0,0,0,40
02/03/2020,DLH,MN,AGL,CE,Combined TRACON& Tower with Radar,3,22,45,14,84,0,11,45,0,56,3,33,90,14,140,65,14,79,219
02/04/2020,DLH,MN,AGL,CE,Combined TRACON& Tower with Radar,7,23,35,13,78,0,13,56,0,69,7,36,91,13,147,60,22,82,229
02/05/2020,DLH,MN,AGL,CE,Combined TRACON& Tower with Radar,5,28,43,11,87,0,18,68,0,86,5,46,111,11,173,53,8,61,234
02/06/2020,DLH,MN,AGL,CE,Combined TRACON& Tower with Radar,4,22,44,13,83,0,20,43,3,66,4,42,87,16,149,28,14,42,191
02/07/2020,DLH,MN,AGL,CE,Combined TRACON& Tower with Radar,5,20,9,2,36,0,0,0,0,0,5,20,9,2,36,0,0,0,36
02/08/2020,DLH,MN,AGL,CE,Combined TRACON& Tower with Radar,7,16,26,13,62,0,7,32,1,40,7,23,58,14,102,41,2,43,145
02/09/2020,DLH,MN,AGL,CE,Combined TRACON& Tower with Radar,4,17,19,10,50,0,2,26,0,28,4,19,45,10,78,26,10,36,114
02/10/2020,DLH,MN,AGL,CE,Combined TRACON& Tower with Radar,4,19,37,11,71,0,42,27,0,69,4,61,64,11,140,0,2,2,142
02/11/2020,DLH,MN,AGL,CE,Combined TRACON& Tower with Radar,4,22,60,2,88,0,8,24,0,32,4,30,84,2,120,56,0,56,176
02/12/2020,DLH,MN,AGL,CE,Combined TRACON& Tower with Radar,4,19,19,13,55,0,8,1,1,10,4,27,20,14,65,22,18,40,105
02/13/2020,DLH,MN,AGL,CE,Combined TRACON& Tower with Radar,5,19,40,6,70,0,16,45,0,61,5,35,85,6,131,30,0,30,161
02/14/2020,DLH,MN,AGL,CE,Combined TRACON& Tower with Radar,6,18,37,3,64,0,9,45,9,63,6,27,82,12,127,30,12,42,169
02/15/2020,DLH,MN,AGL,CE,Combined TRACON& Tower with Radar,6,11,39,0,56,0,7,15,0,22,6,18,54,0,78,70,0,70,148
02/16/2020,DLH,MN,AGL,CE,Combined TRACON& Tower with Radar,7,12,22,0,41,0,0,33,0,33,7,12,55,0,74,66,0,66,140
02/17/2020,DLH,MN,AGL,CE,Combined TRACON& Tower with Radar,8,23,33,0,64,0,0,5,0,5,8,23,38,0,69,0,0,0,69
02/18/2020,DLH,MN,AGL,CE,Combined TRACON& Tower with Radar,5,23,40,15,83,0,4,14,0,18,5,27,54,15,101,10,0,10,111
02/19/2020,DLH,MN,AGL,CE,Combined TRACON& Tower with Radar,4,24,59,14,101,1,26,60,1,88,5,50,119,15,189,15,4,19,208
02/20/2020,DLH,MN,AGL,CE,Combined TRACON& Tower with Radar,4,21,45,0,70,0,15,39,0,54,4,36,84,0,124,18,0,18,142
02/21/2020,DLH,MN,AGL,CE,Combined TRACON& Tower with Radar,4,22,36,3,65,0,19,41,0,60,4,41,77,3,125,20,0,20,145
02/22/2020,DLH,MN,AGL,CE,Combined TRACON& Tower with Radar,4,13,25,0,42,0,14,49,0,63,4,27,74,0,105,52,0,52,157
02/23/2020,DLH,MN,AGL,CE,Combined TRACON& Tower with Radar,4,23,22,0,49,0,3,22,0,25,4,26,44,0,74,9,0,9,83
02/24/2020,DLH,MN,AGL,CE,Combined TRACON& Tower with Radar,4,19,32,19,74,0,9,43,0,52,4,28,75,19,126,88,8,96,222
02/25/2020,DLH,MN,AGL,CE,Combined TRACON& Tower with Radar,4,25,17,4,50,0,17,24,0,41,4,42,41,4,91,111,0,111,202
02/26/2020,DLH,MN,AGL,CE,Combined TRACON& Tower with Radar,4,22,55,0,81,0,8,37,1,46,4,30,92,1,127,14,0,14,141
02/27/2020,DLH,MN,AGL,CE,Combined TRACON& Tower with Radar,4,22,48,2,76,0,14,60,0,74,4,36,108,2,150,66,0,66,216
02/28/2020,DLH,MN,AGL,CE,Combined TRACON& Tower with Radar,6,27,49,0,82,0,17,32,0,49,6,44,81,0,131,70,0,70,201
02/29/2020,DLH,MN,AGL,CE,Combined TRACON& Tower with Radar,4,14,28,0,46,0,10,20,0,30,4,24,48,0,76,29,0,29,105
03/01/2020,DLH,MN,AGL,CE,Combined TRACON& Tower with Radar,4,16,13,0,33,0,4,18,0,22,4,20,31,0,55,44,0,44,99
03/02/2020,DLH,MN,AGL,CE,Combined TRACON& Tower with Radar,6,21,31,0,58,0,12,23,0,35,6,33,54,0,93,84,0,84,177
03/03/2020,DLH,MN,AGL,CE,Combined TRACON& Tower with Radar,4,21,44,2,71,0,14,23,0,37,4,35,67,2,108,45,0,45,153
03/04/2020,DLH,MN,AGL,CE,Combined TRACON& Tower with Radar,4,24,31,12,71,0,11,51,2,64,4,35,82,14,135,108,4,112,247
03/05/2020,DLH,MN,AGL,CE,Combined TRACON& Tower with Radar,4,18,14,0,36,0,0,0,0,0,4,18,14,0,36,0,0,0,36
03/06/2020,DLH,MN,AGL,CE,Combined TRACON& Tower with Radar,4,22,58,0,84,0,19,84,0,103,4,41,142,0,187,92,0,92,279
03/07/2020,DLH,MN,AGL,CE,Combined TRACON& Tower with Radar,3,17,19,2,41,0,11,56,0,67,3,28,75,2,108,32,8,40,148
03/08/2020,DLH,MN,AGL,CE,Combined TRACON& Tower with Radar,3,17,27,1,48,0,4,31,0,35,3,21,58,1,83,20,0,20,103
03/09/2020,DLH,MN,AGL,CE,Combined TRACON& Tower with Radar,4,18,32,0,54,0,4,23,0,27,4,22,55,0,81,44,0,44,125
03/10/2020,DLH,MN,AGL,CE,Combined TRACON& Tower with Radar,4,24,22,17,67,0,19,54,2,75,4,43,76,19,142,105,40,145,287
03/11/2020,DLH,MN,AGL,CE,Combined TRACON& Tower with Radar,8,19,46,9,82,0,6,49,0,55,8,25,95,9,137,58,0,58,195
03/12/2020,DLH,MN,AGL,CE,Combined TRACON& Tower with Radar,6,20,13,0,39,0,0,1,0,1,6,20,14,0,40,0,0,0,40
03/13/2020,DLH,MN,AGL,CE,Combined TRACON& Tower with Radar,3,25,29,6,63,0,2,5,0,7,3,27,34,6,70,12,4,16,86
03/14/2020,DLH,MN,AGL,CE,Combined TRACON& Tower with Radar,4,17,22,5,48,0,5,37,0,42,4,22,59,5,90,54,21,75,165
03/15/2020,DLH,MN,AGL,CE,Combined TRACON& Tower with Radar,4,17,20,4,45,0,0,22,1,23,4,17,42,5,68,6,14,20,88
03/16/2020,DLH,MN,AGL,CE,Combined TRACON& Tower with Radar,5,20,15,4,44,0,0,4,0,4,5,20,19,4,48,2,11,13,61
03/17/2020,DLH,MN,AGL,CE,Combined TRACON& Tower with Radar,4,22,48,4,78,0,3,78,0,81,4,25,126,4,159,76,0,76,235
03/18/2020,DLH,MN,AGL,CE,Combined TRACON& Tower with Radar,3,19,9,3,34,0,0,1,0,1,3,19,10,3,35,0,0,0,35
03/19/2020,DLH,MN,AGL,CE,Combined TRACON& Tower with Radar,4,19,4,0,27,0,0,0,0,0,4,19,4,0,27,0,0,0,27
03/20/2020,DLH,MN,AGL,CE,Combined TRACON& Tower with Radar,3,20,84,0,107,0,2,63,0,65,3,22,147,0,172,24,0,24,196
03/21/2020,DLH,MN,AGL,CE,Combined TRACON& Tower with Radar,3,13,55,0,71,0,4,60,0,64,3,17,115,0,135,30,0,30,165
03/22/2020,DLH,MN,AGL,CE,Combined TRACON& Tower with Radar,1,17,12,0,30,0,0,0,0,0,1,17,12,0,30,0,0,0,30
03/23/2020,DLH,MN,AGL,CE,Combined TRACON& Tower with Radar,1,20,11,5,37,0,6,32,0,38,1,26,43,5,75,56,6,62,137
03/24/2020,DLH,MN,AGL,CE,Combined TRACON& Tower with Radar,3,22,19,4,48,0,0,6,0,6,3,22,25,4,54,47,0,47,101
03/25/2020,DLH,MN,AGL,CE,Combined TRACON& Tower with Radar,2,17,32,4,55,0,0,10,0,10,2,17,42,4,65,68,0,68,133
03/26/2020,DLH,MN,AGL,CE,Combined TRACON& Tower with Radar,1,15,42,7,65,0,8,37,0,45,1,23,79,7,110,58,20,78,188
03/27/2020,DLH,MN,AGL,CE,Combined TRACON& Tower with Radar,0,12,38,2,52,0,1,19,0,20,0,13,57,2,72,2,0,2,74
03/28/2020,DLH,MN,AGL,CE,Combined TRACON& Tower with Radar,2,10,4,0,16,0,3,0,0,3,2,13,4,0,19,6,0,6,25
03/29/2020,DLH,MN,AGL,CE,Combined TRACON& Tower with Radar,1,7,3,0,11,0,3,2,0,5,1,10,5,0,16,0,0,0,16
03/30/2020,DLH,MN,AGL,CE,Combined TRACON& Tower with Radar,1,8,17,10,36,0,0,33,0,33,1,8,50,10,69,22,6,28,97
03/31/2020,DLH,MN,AGL,CE,Combined TRACON& Tower with Radar,1,11,23,14,49,0,0,30,2,32,1,11,53,16,81,20,15,35,116
04/01/2020,DLH,MN,AGL,CE,Combined TRACON& Tower with Radar,1,12,14,3,30,0,0,26,1,27,1,12,40,4,57,0,4,4,61
04/02/2020,DLH,MN,AGL,CE,Combined TRACON& Tower with Radar,0,17,8,7,32,0,0,6,2,8,0,17,14,9,40,2,22,24,64
04/03/2020,DLH,MN,AGL,CE,Combined TRACON& Tower with Radar,0,12,8,0,20,0,0,0,0,0,0,12,8,0,20,0,0,0,20
04/04/2020,DLH,MN,AGL,CE,Combined TRACON& Tower with Radar,0,8,5,2,15,0,0,21,0,21,0,8,26,2,36,9,0,9,45
04/05/2020,DLH,MN,AGL,CE,Combined TRACON& Tower with Radar,0,9,7,0,16,0,0,19,0,19,0,9,26,0,35,0,0,0,35
04/06/2020,DLH,MN,AGL,CE,Combined TRACON& Tower with Radar,0,9,5,5,19,0,0,2,2,4,0,9,7,7,23,6,2,8,31
04/07/2020,DLH,MN,AGL,CE,Combined TRACON& Tower with Radar,0,13,17,6,36,0,1,10,0,11,0,14,27,6,47,24,8,32,79
04/08/2020,DLH,MN,AGL,CE,Combined TRACON& Tower with Radar,1,14,13,11,39,0,2,8,0,10,1,16,21,11,49,0,0,0,49
04/09/2020,DLH,MN,AGL,CE,Combined TRACON& Tower with Radar,5,11,6,4,26,0,0,0,0,0,5,11,6,4,26,0,0,0,26
04/10/2020,DLH,MN,AGL,CE,Combined TRACON& Tower with Radar,1,15,23,0,39,0,0,25,0,25,1,15,48,0,64,81,0,81,145
04/11/2020,DLH,MN,AGL,CE,Combined TRACON& Tower with Radar,0,9,8,0,17,0,4,18,0,22,0,13,26,0,39,66,0,66,105
04/12/2020,DLH,MN,AGL,CE,Combined TRACON& Tower with Radar,0,6,0,0,6,0,3,0,0,3,0,9,0,0,9,17,0,17,26
04/13/2020,DLH,MN,AGL,CE,Combined TRACON& Tower with Radar,0,10,14,10,34,0,1,3,0,4,0,11,17,10,38,0,8,8,46
04/14/2020,DLH,MN,AGL,CE,Combined TRACON& Tower with Radar,1,10,5,10,26,0,0,10,0,10,1,10,15,10,36,0,28,28,64
04/15/2020,DLH,MN,AGL,CE,Combined TRACON& Tower with Radar,1,7,16,13,37,0,0,13,0,13,1,7,29,13,50,22,20,42,92
04/16/2020,DLH,MN,AGL,CE,Combined TRACON& Tower with Radar,0,12,12,12,36,0,2,11,0,13,0,14,23,12,49,4,28,32,81
04/17/2020,DLH,MN,AGL,CE,Combined TRACON& Tower with Radar,0,12,17,17,46,0,1,21,0,22,0,13,38,17,68,16,12,28,96
04/18/2020,DLH,MN,AGL,CE,Combined TRACON& Tower with Radar,0,3,10,10,23,0,2,8,1,11,0,5,18,11,34,0,9,9,43
04/19/2020,DLH,MN,AGL,CE,Combined TRACON& Tower with Radar,0,7,6,19,32,0,4,11,3,18,0,11,17,22,50,16,4,20,70
04/20/2020,DLH,MN,AGL,CE,Combined TRACON& Tower with Radar,0,13,12,9,34,0,0,3,0,3,0,13,15,9,37,0,0,0,37
04/21/2020,DLH,MN,AGL,CE,Combined TRACON& Tower with Radar,1,9,13,15,38,0,0,35,2,37,1,9,48,17,75,0,8,8,83
04/22/2020,DLH,MN,AGL,CE,Combined TRACON& Tower with Radar,1,11,11,9,32,0,0,14,0,14,1,11,25,9,46,10,2,12,58
04/23/2020,DLH,MN,AGL,CE,Combined TRACON& Tower with Radar,1,14,11,2,28,0,0,15,1,16,1,14,26,3,44,0,0,0,44
04/24/2020,DLH,MN,AGL,CE,Combined TRACON& Tower with Radar,0,14,6,0,20,0,0,13,0,13,0,14,19,0,33,0,0,0,33
04/25/2020,DLH,MN,AGL,CE,Combined TRACON& Tower with Radar,0,7,7,0,14,0,2,27,0,29,0,9,34,0,43,5,0,5,48
04/26/2020,DLH,MN,AGL,CE,Combined TRACON& Tower with Radar,0,4,6,0,10,0,0,25,0,25,0,4,31,0,35,2,0,2,37
04/27/2020,DLH,MN,AGL,CE,Combined TRACON& Tower with Radar,0,11,16,11,38,0,0,12,0,12,0,11,28,11,50,14,0,14,64
04/28/2020,DLH,MN,AGL,CE,Combined TRACON& Tower with Radar,0,10,5,0,15,0,0,0,0,0,0,10,5,0,15,0,0,0,15
04/29/2020,DLH,MN,AGL,CE,Combined TRACON& Tower with Radar,0,13,14,10,37,0,0,20,0,20,0,13,34,10,57,30,2,32,89
04/30/2020,DLH,MN,AGL,CE,Combined TRACON& Tower with Radar,1,10,29,17,57,0,1,30,0,31,1,11,59,17,88,26,0,26,114
05/01/2020,DLH,MN,AGL,CE,Combined TRACON& Tower with Radar,0,9,15,0,24,0,0,17,0,17,0,9,32,0,41,28,0,28,69
05/02/2020,DLH,MN,AGL,CE,Combined TRACON& Tower with Radar,2,5,10,0,17,0,2,13,0,15,2,7,23,0,32,12,0,12,44
05/03/2020,DLH,MN,AGL,CE,Combined TRACON& Tower with Radar,2,3,3,0,8,0,3,8,0,11,2,6,11,0,19,0,0,0,19
05/04/2020,DLH,MN,AGL,CE,Combined TRACON& Tower with Radar,4,4,17,16,41,0,0,22,0,22,4,4,39,16,63,34,0,34,97
05/05/2020,DLH,MN,AGL,CE,Combined TRACON& Tower with Radar,2,8,17,15,42,0,3,29,0,32,2,11,46,15,74,10,12,22,96
05/06/2020,DLH,MN,AGL,CE,Combined TRACON& Tower with Radar,2,7,27,11,47,0,1,33,5,39,2,8,60,16,86,0,4,4,90
05/07/2020,DLH,MN,AGL,CE,Combined TRACON& Tower with Radar,2,6,19,14,41,0,0,50,3,53,2,6,69,17,94,12,18,30,124
05/08/2020,DLH,MN,AGL,CE,Combined TRACON& Tower with Radar,3,8,19,7,37,0,1,30,0,31,3,9,49,7,68,30,4,34,102
05/09/2020,DLH,MN,AGL,CE,Combined TRACON& Tower with Radar,2,5,12,0,19,0,0,29,0,29,2,5,41,0,48,8,0,8,56
05/10/2020,DLH,MN,AGL,CE,Combined TRACON& Tower with Radar,2,3,9,0,14,0,2,9,0,11,2,5,18,0,25,0,0,0,25
05/11/2020,DLH,MN,AGL,CE,Combined TRACON& Tower with Radar,2,5,16,9,32,0,0,40,0,40,2,5,56,9,72,38,10,48,120
05/12/2020,DLH,MN,AGL,CE,Combined TRACON& Tower with Radar,2,8,28,14,52,0,0,52,0,52,2,8,80,14,104,6,46,52,156
05/13/2020,DLH,MN,AGL,CE,Combined TRACON& Tower with Radar,2,6,12,10,30,0,0,16,1,17,2,6,28,11,47,18,0,18,65
05/14/2020,DLH,MN,AGL,CE,Combined TRACON& Tower with Radar,2,8,31,8,49,0,0,13,0,13,2,8,44,8,62,25,4,29,91
05/15/2020,DLH,MN,AGL,CE,Combined TRACON& Tower with Radar,0,7,33,11,51,0,0,25,0,25,0,7,58,11,76,60,10,70,146
05/16/2020,DLH,MN,AGL,CE,Combined TRACON& Tower with Radar,2,5,17,6,30,0,1,8,2,11,2,6,25,8,41,23,0,23,64
05/17/2020,DLH,MN,AGL,CE,Combined TRACON& Tower with Radar,2,2,11,0,15,0,1,11,0,12,2,3,22,0,27,0,0,0,27
05/18/2020,DLH,MN,AGL,CE,Combined TRACON& Tower with Radar,2,6,19,18,45,0,0,13,2,15,2,6,32,20,60,2,10,12,72
05/19/2020,DLH,MN,AGL,CE,Combined TRACON& Tower with Radar,2,6,28,11,47,0,1,36,0,37,2,7,64,11,84,30,10,40,124
05/20/2020,DLH,MN,AGL,CE,Combined TRACON& Tower with Radar,2,8,50,21,81,0,6,58,2,66,2,14,108,23,147,45,22,67,214
05/21/2020,DLH,MN,AGL,CE,Combined TRACON& Tower with Radar,2,9,40,42,93,0,4,42,0,46,2,13,82,42,139,39,76,115,254
05/22/2020,DLH,MN,AGL,CE,Combined TRACON& Tower with Radar,0,6,43,0,49,0,2,25,0,27,0,8,68,0,76,54,0,54,130
05/23/2020,DLH,MN,AGL,CE,Combined TRACON& Tower with Radar,2,5,9,0,16,0,0,4,0,4,2,5,13,0,20,14,0,14,34
05/24/2020,DLH,MN,AGL,CE,Combined TRACON& Tower with Radar,2,2,8,0,12,0,0,30,0,30,2,2,38,0,42,20,0,20,62
05/25/2020,DLH,MN,AGL,CE,Combined TRACON& Tower with Radar,2,2,9,0,13,0,0,17,0,17,2,2,26,0,30,12,0,12,42
05/26/2020,DLH,MN,AGL,CE,Combined TRACON& Tower with Radar,0,6,13,0,19,0,0,12,0,12,0,6,25,0,31,22,0,22,53
05/27/2020,DLH,MN,AGL,CE,Combined TRACON& Tower with Radar,2,6,41,5,54,0,2,45,0,47,2,8,86,5,101,50,0,50,151
05/28/2020,DLH,MN,AGL,CE,Combined TRACON& Tower with Radar,2,6,17,8,33,0,7,30,0,37,2,13,47,8,70,44,14,58,128
05/29/2020,DLH,MN,AGL,CE,Combined TRACON& Tower with Radar,2,6,20,12,40,0,0,22,1,23,2,6,42,13,63,8,46,54,117
05/30/2020,DLH,MN,AGL,CE,Combined TRACON& Tower with Radar,2,5,9,0,16,0,2,22,0,24,2,7,31,0,40,2,0,2,42
05/31/2020,DLH,MN,AGL,CE,Combined TRACON& Tower with Radar,2,2,14,0,18,0,2,23,0,25,2,4,37,0,43,0,0,0,43
06/01/2020,DLH,MN,AGL,CE,Combined TRACON& Tower with Radar,2,4,12,14,32,0,5,25,0,30,2,9,37,14,62,38,10,48,110
06/02/2020,DLH,MN,AGL,CE,Combined TRACON& Tower with Radar,2,6,25,16,49,0,0,41,0,41,2,6,66,16,90,24,6,30,120
06/03/2020,DLH,MN,AGL,CE,Combined TRACON& Tower with Radar,2,8,24,10,44,0,2,58,2,62,2,10,82,12,106,38,12,50,156
06/04/2020,DLH,MN,AGL,CE,Combined TRACON& Tower with Radar,3,4,30,18,55,0,0,51,0,51,3,4,81,18,106,40,26,66,172
06/05/2020,DLH,MN,AGL,CE,Combined TRACON& Tower with Radar,4,7,17,0,28,0,2,57,0,59,4,9,74,0,87,36,0,36,123
06/06/2020,DLH,MN,AGL,CE,Combined TRACON& Tower with Radar,4,6,12,0,22,0,3,38,0,41,4,9,50,0,63,24,0,24,87
06/07/2020,DLH,MN,AGL,CE,Combined TRACON& Tower with Radar,3,1,6,0,10,0,0,8,0,8,3,1,14,0,18,0,0,0,18
06/08/2020,DLH,MN,AGL,CE,Combined TRACON& Tower with Radar,2,9,33,16,60,0,10,35,0,45,2,19,68,16,105,116,30,146,251
06/09/2020,DLH,MN,AGL,CE,Combined TRACON& Tower with Radar,2,10,37,16,65,0,16,44,0,60,2,26,81,16,125,108,2,110,235
06/10/2020,DLH,MN,AGL,CE,Combined TRACON& Tower with Radar,2,8,15,6,31,0,0,12,0,12,2,8,27,6,43,0,0,0,43
06/11/2020,DLH,MN,AGL,CE,Combined TRACON& Tower with Radar,2,10,25,12,49,0,6,22,0,28,2,16,47,12,77,103,8,111,188
06/12/2020,DLH,MN,AGL,CE,Combined TRACON& Tower with Radar,2,17,38,22,79,0,21,64,3,88,2,38,102,25,167,140,32,172,339
06/13/2020,DLH,MN,AGL,CE,Combined TRACON& Tower with Radar,2,8,12,19,41,0,11,21,0,32,2,19,33,19,73,6,14,20,93
06/14/2020,DLH,MN,AGL,CE,Combined TRACON& Tower with Radar,2,5,12,0,19,0,7,25,0,32,2,12,37,0,51,55,0,55,106
06/15/2020,DLH,MN,AGL,CE,Combined TRACON& Tower with Radar,2,4,41,17,64,0,15,42,2,59,2,19,83,19,123,126,15,141,264
06/16/2020,DLH,MN,AGL,CE,Combined TRACON& Tower with Radar,2,11,36,12,61,0,4,47,0,51,2,15,83,12,112,83,7,90,202
06/17/2020,DLH,MN,AGL,CE,Combined TRACON& Tower with Radar,2,5,29,21,57,0,13,50,0,63,2,18,79,21,120,209,10,219,339
06/18/2020,DLH,MN,AGL,CE,Combined TRACON& Tower with Radar,2,10,26,10,48,0,4,42,1,47,2,14,68,11,95,87,6,93,188
06/19/2020,DLH,MN,AGL,CE,Combined TRACON& Tower with Radar,2,6,20,0,28,0,6,55,0,61,2,12,75,0,89,128,0,128,217
06/20/2020,DLH,MN,AGL,CE,Combined TRACON& Tower with Radar,2,4,12,0,18,0,3,30,0,33,2,7,42,0,51,94,0,94,145
06/21/2020,DLH,MN,AGL,CE,Combined TRACON& Tower with Radar,2,4,4,0,10,0,4,20,0,24,2,8,24,0,34,0,0,0,34
06/22/2020,DLH,MN,AGL,CE,Combined TRACON& Tower with Radar,2,8,19,12,41,0,6,47,0,53,2,14,66,12,94,34,12,46,140
06/23/2020,DLH,MN,AGL,CE,Combined TRACON& Tower with Radar,2,9,24,17,52,0,8,27,0,35,2,17,51,17,87,32,2,34,121
06/24/2020,DLH,MN,AGL,CE,Combined TRACON& Tower with Radar,2,6,48,20,76,0,2,60,2,64,2,8,108,22,140,105,20,125,265
06/25/2020,DLH,MN,AGL,CE,Combined TRACON& Tower with Radar,2,8,36,20,66,0,9,56,1,66,2,17,92,21,132,94,4,98,230
06/26/2020,DLH,MN,AGL,CE,Combined TRACON& Tower with Radar,2,13,28,15,58,0,9,47,2,58,2,22,75,17,116,95,12,107,223
06/27/2020,DLH,MN,AGL,CE,Combined TRACON& Tower with Radar,2,4,21,0,27,0,4,45,0,49,2,8,66,0,76,58,0,58,134
06/28/2020,DLH,MN,AGL,CE,Combined TRACON& Tower with Radar,2,3,13,0,18,0,1,23,0,24,2,4,36,0,42,16,0,16,58
06/29/2020,DLH,MN,AGL,CE,Combined TRACON& Tower with Radar,2,4,31,5,42,0,2,14,0,16,2,6,45,5,58,46,2,48,106
06/30/2020,DLH,MN,AGL,CE,Combined TRACON& Tower with Radar,2,14,26,10,52,0,6,37,0,43,2,20,63,10,95,54,2,56,151
07/01/2020,DLH,MN,AGL,CE,Combined TRACON& Tower with Radar,2,6,41,0,49,0,10,31,0,41,2,16,72,0,90,124,0,124,214
07/02/2020,DLH,MN,AGL,CE,Combined TRACON& Tower with Radar,3,8,45,0,56,0,4,58,0,62,3,12,103,0,118,161,0,161,279
07/03/2020,DLH,MN,AGL,CE,Combined TRACON& Tower with Radar,4,6,17,0,27,0,8,37,0,45,4,14,54,0,72,46,0,46,118
07/04/2020,DLH,MN,AGL,CE,Combined TRACON& Tower with Radar,4,2,14,6,26,0,1,25,1,27,4,3,39,7,53,28,4,32,85
07/05/2020,DLH,MN,AGL,CE,Combined TRACON& Tower with Radar,4,7,9,0,20,0,0,23,0,23,4,7,32,0,43,38,0,38,81
07/06/2020,DLH,MN,AGL,CE,Combined TRACON& Tower with Radar,4,9,34,14,61,0,4,53,0,57,4,13,87,14,118,82,10,92,210
07/07/2020,DLH,MN,AGL,CE,Combined TRACON& Tower with Radar,4,11,34,28,77,0,9,45,0,54,4,20,79,28,131,83,24,107,238
07/08/2020,DLH,MN,AGL,CE,Combined TRACON& Tower with Radar,4,14,27,8,53,0,5,19,0,24,4,19,46,8,77,36,2,38,115
07/09/2020,DLH,MN,AGL,CE,Combined TRACON& Tower with Radar,4,8,49,52,113,0,17,75,8,100,4,25,124,60,213,154,105,259,472
07/10/2020,DLH,MN,AGL,CE,Combined TRACON& Tower with Radar,4,9,62,1,76,0,15,66,0,81,4,24,128,1,157,94,0,94,251
07/11/2020,DLH,MN,AGL,CE,Combined TRACON& Tower with Radar,4,13,23,0,40,0,7,52,0,59,4,20,75,0,99,67,0,67,166
07/12/2020,DLH,MN,AGL,CE,Combined TRACON& Tower with Radar,4,3,38,0,45,0,0,35,0,35,4,3,73,0,80,45,0,45,125
07/13/2020,DLH,MN,AGL,CE,Combined TRACON& Tower with Radar,4,10,27,30,71,0,2,33,2,37,4,12,60,32,108,84,22,106,214
07/14/2020,DLH,MN,AGL,CE,Combined TRACON& Tower with Radar,4,11,61,16,92,0,8,35,1,44,4,19,96,17,136,91,30,121,257
07/15/2020,DLH,MN,AGL,CE,Combined TRACON& Tower with Radar,4,11,63,13,91,0,6,76,3,85,4,17,139,16,176,143,12,155,331
07/16/2020,DLH,MN,AGL,CE,Combined TRACON& Tower with Radar,4,16,28,13,61,0,5,30,1,36,4,21,58,14,97,68,8,76,173
07/17/2020,DLH,MN,AGL,CE,Combined TRACON& Tower with Radar,4,9,39,18,70,0,4,30,0,34,4,13,69,18,104,40,10,50,154
07/18/2020,DLH,MN,AGL,CE,Combined TRACON& Tower with Radar,4,6,9,0,19,0,4,30,0,34,4,10,39,0,53,29,0,29,82
07/19/2020,DLH,MN,AGL,CE,Combined TRACON& Tower with Radar,4,5,10,0,19,0,4,22,0,26,4,9,32,0,45,20,0,20,65
07/20/2020,DLH,MN,AGL,CE,Combined TRACON& Tower with Radar,4,14,30,19,67,0,29,57,1,87,4,43,87,20,154,56,24,80,234
07/21/2020,DLH,MN,AGL,CE,Combined TRACON& Tower with Radar,4,13,17,0,34,0,0,0,0,0,4,13,17,0,34,0,0,0,34
07/22/2020,DLH,MN,AGL,CE,Combined TRACON& Tower with Radar,4,17,48,6,75,0,6,47,0,53,4,23,95,6,128,96,0,96,224
07/23/2020,DLH,MN,AGL,CE,Combined TRACON& Tower with Radar,4,16,37,16,73,0,16,54,2,72,4,32,91,18,145,74,38,112,257
07/24/2020,DLH,MN,AGL,CE,Combined TRACON& Tower with Radar,4,10,26,7,47,0,2,23,1,26,4,12,49,8,73,10,4,14,87
07/25/2020,DLH,MN,AGL,CE,Combined TRACON& Tower with Radar,4,7,12,0,23,0,2,11,0,13,4,9,23,0,36,12,0,12,48
07/26/2020,DLH,MN,AGL,CE,Combined TRACON& Tower with Radar,4,4,12,0,20,0,1,15,0,16,4,5,27,0,36,16,0,16,52
07/27/2020,DLH,MN,AGL,CE,Combined TRACON& Tower with Radar,4,10,32,12,58,0,8,44,0,52,4,18,76,12,110,62,14,76,186
07/28/2020,DLH,MN,AGL,CE,Combined TRACON& Tower with Radar,4,12,47,27,90,0,12,85,0,97,4,24,132,27,187,66,18,84,271
07/29/2020,DLH,MN,AGL,CE,Combined TRACON& Tower with Radar,5,12,47,10,74,0,10,81,2,93,5,22,128,12,167,150,20,170,337
07/30/2020,DLH,MN,AGL,CE,Combined TRACON& Tower with Radar,5,10,45,16,76,0,12,69,6,87,5,22,114,22,163,98,32,130,293
07/31/2020,DLH,MN,AGL,CE,Combined TRACON& Tower with Radar,4,12,33,12,61,0,7,61,0,68,4,19,94,12,129,60,42,102,231
08/01/2020,DLH,MN,AGL,CE,Combined TRACON& Tower with Radar,8,9,7,0,24,0,5,7,0,12,8,14,14,0,36,11,0,11,47
08/02/2020,DLH,MN,AGL,CE,Combined TRACON& Tower with Radar,6,3,5,0,14,0,5,26,0,31,6,8,31,0,45,10,0,10,55
08/03/2020,DLH,MN,AGL,CE,Combined TRACON& Tower with Radar,6,7,25,14,52,0,5,58,0,63,6,12,83,14,115,70,4,74,189
08/04/2020,DLH,MN,AGL,CE,Combined TRACON& Tower with Radar,6,8,21,13,48,0,10,84,0,94,6,18,105,13,142,94,0,94,236
08/05/2020,DLH,MN,AGL,CE,Combined TRACON& Tower with Radar,6,8,23,35,72,0,6,66,1,73,6,14,89,36,145,96,16,112,257
08/06/2020,DLH,MN,AGL,CE,Combined TRACON& Tower with Radar,6,10,36,12,64,0,10,73,0,83,6,20,109,12,147,84,0,84,231
08/07/2020,DLH,MN,AGL,CE,Combined TRACON& Tower with Radar,6,10,26,13,55,0,2,23,0,25,6,12,49,13,80,24,12,36,116
08/08/2020,DLH,MN,AGL,CE,Combined TRACON& Tower with Radar,12,9,20,12,53,0,3,9,0,12,12,12,29,12,65,6,12,18,83
08/09/2020,DLH,MN,AGL,CE,Combined TRACON& Tower with Radar,6,6,6,0,18,0,0,0,0,0,6,6,6,0,18,0,0,0,18
08/10/2020,DLH,MN,AGL,CE,Combined TRACON& Tower with Radar,6,8,19,5,38,0,6,39,2,47,6,14,58,7,85,92,10,102,187
08/11/2020,DLH,MN,AGL,CE,Combined TRACON& Tower with Radar,6,20,26,8,60,0,17,49,0,66,6,37,75,8,126,102,16,118,244
08/12/2020,DLH,MN,AGL,CE,Combined TRACON& Tower with Radar,6,12,28,8,54,0,15,39,0,54,6,27,67,8,108,122,0,122,230
08/13/2020,DLH,MN,AGL,CE,Combined TRACON& Tower with Radar,6,9,50,13,78,0,1,26,0,27,6,10,76,13,105,101,8,109,214
08/14/2020,DLH,MN,AGL,CE,Combined TRACON& Tower with Radar,6,9,16,2,33,0,2,27,0,29,6,11,43,2,62,18,0,18,80
08/15/2020,DLH,MN,AGL,CE,Combined TRACON& Tower with Radar,6,7,16,6,35,0,5,63,0,68,6,12,79,6,103,80,0,80,183
08/16/2020,DLH,MN,AGL,CE,Combined TRACON& Tower with Radar,6,6,28,4,44,0,11,45,2,58,6,17,73,6,102,81,12,93,195
08/17/2020,DLH,MN,AGL,CE,Combined TRACON& Tower with Radar,6,12,32,23,73,0,16,66,0,82,6,28,98,23,155,141,6,147,302
08/18/2020,DLH,MN,AGL,CE,Combined TRACON& Tower with Radar,6,11,41,8,66,0,25,47,4,76,6,36,88,12,142,144,8,152,294
08/19/2020,DLH,MN,AGL,CE,Combined TRACON& Tower with Radar,6,11,47,6,70,0,0,63,1,64,6,11,110,7,134,104,10,114,248
08/20/2020,DLH,MN,AGL,CE,Combined TRACON& Tower with Radar,6,12,40,5,63,0,15,45,1,61,6,27,85,6,124,136,0,136,260
08/21/2020,DLH,MN,AGL,CE,Combined TRACON& Tower with Radar,6,10,35,2,53,0,3,11,0,14,6,13,46,2,67,73,0,73,140
08/22/2020,DLH,MN,AGL,CE,Combined TRACON& Tower with Radar,6,7,3,0,16,0,3,13,0,16,6,10,16,0,32,10,0,10,42
08/23/2020,DLH,MN,AGL,CE,Combined TRACON& Tower with Radar,6,4,29,2,41,0,22,46,2,70,6,26,75,4,111,0,0,0,111
08/24/2020,DLH,MN,AGL,CE,Combined TRACON& Tower with Radar,8,7,23,9,47,0,10,46,0,56,8,17,69,9,103,84,6,90,193
08/25/2020,DLH,MN,AGL,CE,Combined TRACON& Tower with Radar,6,17,46,6,75,0,21,64,10,95,6,38,110,16,170,62,0,62,232
08/26/2020,DLH,MN,AGL,CE,Combined TRACON& Tower with Radar,6,16,19,7,48,0,3,24,2,29,6,19,43,9,77,94,8,102,179
08/27/2020,DLH,MN,AGL,CE,Combined TRACON& Tower with Radar,6,15,56,15,92,0,12,41,3,56,6,27,97,18,148,139,8,147,295
08/28/2020,DLH,MN,AGL,CE,Combined TRACON& Tower with Radar,6,14,26,4,50,0,7,18,0,25,6,21,44,4,75,33,0,33,108
08/29/2020,DLH,MN,AGL,CE,Combined TRACON& Tower with Radar,6,13,23,2,44,0,3,50,0,53,6,16,73,2,97,36,0,36,133
08/30/2020,DLH,MN,AGL,CE,Combined TRACON& Tower with Radar,6,6,26,0,38,0,1,46,0,47,6,7,72,0,85,46,0,46,131
08/31/2020,DLH,MN,AGL,CE,Combined TRACON& Tower with Radar,6,11,46,6,69,0,5,40,0,45,6,16,86,6,114,80,8,88,202
09/01/2020,DLH,MN,AGL,CE,Combined TRACON& Tower with Radar,6,14,36,16,72,0,12,51,4,67,6,26,87,20,139,95,28,123,262
09/02/2020,DLH,MN,AGL,CE,Combined TRACON& Tower with Radar,6,11,34,8,59,0,5,45,5,55,6,16,79,13,114,18,18,36,150
09/03/2020,DLH,MN,AGL,CE,Combined TRACON& Tower with Radar,6,11,12,5,34,0,3,6,0,9,6,14,18,5,43,0,0,0,43
09/04/2020,DLH,MN,AGL,CE,Combined TRACON& Tower with Radar,6,18,45,0,69,0,21,45,0,66,6,39,90,0,135,143,0,143,278
09/05/2020,DLH,MN,AGL,CE,Combined TRACON& Tower with Radar,6,5,23,0,34,0,4,64,0,68,6,9,87,0,102,116,0,116,218
09/06/2020,DLH,MN,AGL,CE,Combined TRACON& Tower with Radar,6,5,15,0,26,0,7,30,0,37,6,12,45,0,63,32,0,32,95
09/07/2020,DLH,MN,AGL,CE,Combined TRACON& Tower with Radar,6,4,25,0,35,0,5,15,0,20,6,9,40,0,55,28,0,28,83
09/08/2020,DLH,MN,AGL,CE,Combined TRACON& Tower with Radar,8,11,46,24,89,0,16,39,1,56,8,27,85,25,145,72,66,138,283
09/09/2020,DLH,MN,AGL,CE,Combined TRACON& Tower with Radar,8,9,68,9,94,0,12,59,0,71,8,21,127,9,165,142,24,166,331
09/10/2020,DLH,MN,AGL,CE,Combined TRACON& Tower with Radar,8,10,52,12,82,0,10,67,0,77,8,20,119,12,159,172,12,184,343
09/11/2020,DLH,MN,AGL,CE,Combined TRACON& Tower with Radar,8,16,43,26,93,0,21,58,2,81,8,37,101,28,174,139,44,183,357
09/12/2020,DLH,MN,AGL,CE,Combined TRACON& Tower with Radar,8,8,20,0,36,0,0,0,0,0,8,8,20,0,36,8,0,8,44
09/13/2020,DLH,MN,AGL,CE,Combined TRACON& Tower with Radar,8,4,9,8,29,0,0,37,0,37,8,4,46,8,66,0,8,8,74
09/14/2020,DLH,MN,AGL,CE,Combined TRACON& Tower with Radar,8,11,67,12,98,0,17,29,3,49,8,28,96,15,147,101,7,108,255
09/15/2020,DLH,MN,AGL,CE,Combined TRACON& Tower with Radar,8,9,43,18,78,0,8,30,1,39,8,17,73,19,117,50,26,76,193
09/16/2020,DLH,MN,AGL,CE,Combined TRACON& Tower with Radar,8,12,39,13,72,0,18,34,1,53,8,30,73,14,125,53,22,75,200
09/17/2020,DLH,MN,AGL,CE,Combined TRACON& Tower with Radar,8,18,62,17,105,0,25,79,0,104,8,43,141,17,209,118,24,142,351
09/18/2020,DLH,MN,AGL,CE,Combined TRACON& Tower with Radar,8,16,41,9,74,0,21,56,0,77,8,37,97,9,151,125,0,125,276
09/19/2020,DLH,MN,AGL,CE,Combined TRACON& Tower with Radar,8,17,13,10,48,0,21,52,0,73,8,38,65,10,121,46,0,46,167
09/20/2020,DLH,MN,AGL,CE,Combined TRACON& Tower with Radar,8,6,21,0,35,0,3,24,0,27,8,9,45,0,62,0,0,0,62
09/21/2020,DLH,MN,AGL,CE,Combined TRACON& Tower with Radar,8,9,37,12,66,0,32,56,0,88,8,41,93,12,154,129,24,153,307
09/22/2020,DLH,MN,AGL,CE,Combined TRACON& Tower with Radar,8,8,50,12,78,0,18,83,0,101,8,26,133,12,179,154,0,154,333
09/23/2020,DLH,MN,AGL,CE,Combined TRACON& Tower with Radar,8,9,41,14,72,0,20,46,1,67,8,29,87,15,139,82,2,84,223
09/24/2020,DLH,MN,AGL,CE,Combined TRACON& Tower with Radar,8,15,43,2,68,0,0,0,0,0,8,15,43,2,68,8,0,8,76
09/25/2020,DLH,MN,AGL,CE,Combined TRACON& Tower with Radar,8,11,22,0,41,0,0,0,0,0,8,11,22,0,41,0,0,0,41
09/26/2020,DLH,MN,AGL,CE,Combined TRACON& Tower with Radar,8,7,21,0,36,0,1,1,0,2,8,8,22,0,38,0,0,0,38
09/27/2020,DLH,MN,AGL,CE,Combined TRACON& Tower with Radar,8,6,29,8,51,0,4,81,0,85,8,10,110,8,136,45,20,65,201
09/28/2020,DLH,MN,AGL,CE,Combined TRACON& Tower with Radar,8,9,50,17,84,0,12,44,4,60,8,21,94,21,144,84,1,85,229
09/29/2020,DLH,MN,AGL,CE,Combined TRACON& Tower with Radar,8,10,61,17,96,0,12,30,0,42,8,22,91,17,138,176,0,176,314
09/30/2020,DLH,MN,AGL,CE,Combined TRACON& Tower with Radar,10,10,23,3,46,0,10,12,0,22,10,20,35,3,68,40,0,40,108
10/01/2020,DLH,MN,AGL,CE,Combined TRACON& Tower with Radar,8,12,39,38,97,0,26,47,0,73,8,38,86,38,170,161,44,205,375
10/02/2020,DLH,MN,AGL,CE,Combined TRACON& Tower with Radar,8,9,55,10,82,0,16,59,0,75,8,25,114,10,157,84,0,84,241
10/03/2020,DLH,MN,AGL,CE,Combined TRACON& Tower with Radar,8,6,24,0,38,0,19,61,0,80,8,25,85,0,118,108,0,108,226
10/04/2020,DLH,MN,AGL,CE,Combined TRACON& Tower with Radar,8,6,32,1,47,0,3,66,1,70,8,9,98,2,117,28,0,28,145
10/05/2020,DLH,MN,AGL,CE,Combined TRACON& Tower with Radar,8,13,23,4,48,0,17,52,0,69,8,30,75,4,117,60,0,60,177
10/06/2020,DLH,MN,AGL,CE,Combined TRACON& Tower with Radar,8,13,38,12,71,0,11,53,3,67,8,24,91,15,138,85,2,87,225
10/07/2020,DLH,MN,AGL,CE,Combined TRACON& Tower with Radar,8,14,45,23,90,0,17,35,4,56,8,31,80,27,146,44,28,72,218
10/08/2020,DLH,MN,AGL,CE,Combined TRACON& Tower with Radar,8,10,43,12,73,0,17,65,0,82,8,27,108,12,155,127,11,138,293
10/09/2020,DLH,MN,AGL,CE,Combined TRACON& Tower with Radar,8,9,23,6,46,0,10,41,1,52,8,19,64,7,98,101,15,116,214
10/10/2020,DLH,MN,AGL,CE,Combined TRACON& Tower with Radar,8,8,27,0,43,0,8,82,0,90,8,16,109,0,133,57,0,57,190
10/11/2020,DLH,MN,AGL,CE,Combined TRACON& Tower with Radar,8,8,17,0,33,0,10,23,0,33,8,18,40,0,66,44,0,44,110
10/12/2020,DLH,MN,AGL,CE,Combined TRACON& Tower with Radar,10,7,21,0,38,0,9,17,0,26,10,16,38,0,64,4,0,4,68
10/13/2020,DLH,MN,AGL,CE,Combined TRACON& Tower with Radar,8,11,45,10,74,0,7,26,0,33,8,18,71,10,107,15,4,19,126
10/14/2020,DLH,MN,AGL,CE,Combined TRACON& Tower with Radar,8,14,32,8,62,0,2,15,0,17,8,16,47,8,79,90,2,92,171
10/15/2020,DLH,MN,AGL,CE,Combined TRACON& Tower with Radar,10,13,40,24,87,0,7,56,2,65,10,20,96,26,152,39,62,101,253
10/16/2020,DLH,MN,AGL,CE,Combined TRACON& Tower with Radar,8,11,37,0,56,0,10,66,0,76,8,21,103,0,132,110,0,110,242
10/17/2020,DLH,MN,AGL,CE,Combined TRACON& Tower with Radar,8,9,7,0,24,0,2,0,0,2,8,11,7,0,26,0,0,0,26
10/18/2020,DLH,MN,AGL,CE,Combined TRACON& Tower with Radar,10,4,13,0,27,0,0,37,0,37,10,4,50,0,64,61,0,61,125
10/19/2020,DLH,MN,AGL,CE,Combined TRACON& Tower with Radar,8,8,51,9,76,0,15,22,4,41,8,23,73,13,117,102,0,102,219
10/20/2020,DLH,MN,AGL,CE,Combined TRACON& Tower with Radar,7,6,19,0,32,0,0,6,0,6,7,6,25,0,38,0,0,0,38
10/21/2020,DLH,MN,AGL,CE,Combined TRACON& Tower with Radar,9,13,46,3,71,0,2,16,0,18,9,15,62,3,89,96,0,96,185
10/22/2020,DLH,MN,AGL,CE,Combined TRACON& Tower with Radar,8,14,10,0,32,0,0,14,0,14,8,14,24,0,46,2,0,2,48
10/23/2020,DLH,MN,AGL,CE,Combined TRACON& Tower with Radar,8,12,44,38,102,0,4,24,0,28,8,16,68,38,130,37,44,81,211
10/24/2020,DLH,MN,AGL,CE,Combined TRACON& Tower with Radar,8,6,26,37,77,0,6,38,2,46,8,12,64,39,123,36,8,44,167
10/25/2020,DLH,MN,AGL,CE,Combined TRACON& Tower with Radar,8,6,16,17,47,0,1,10,0,11,8,7,26,17,58,27,0,27,85
10/26/2020,DLH,MN,AGL,CE,Combined TRACON& Tower with Radar,8,13,24,1,46,0,13,41,0,54,8,26,65,1,100,128,0,128,228
10/27/2020,DLH,MN,AGL,CE,Combined TRACON& Tower with Radar,8,11,27,1,47,0,18,47,0,65,8,29,74,1,112,98,0,98,210
10/28/2020,DLH,MN,AGL,CE,Combined TRACON& Tower with Radar,8,8,27,4,47,0,0,12,0,12,8,8,39,4,59,30,0,30,89
10/29/2020,DLH,MN,AGL,CE,Combined TRACON& Tower with Radar,8,9,46,0,63,0,10,68,0,78,8,19,114,0,141,134,0,134,275
10/30/2020,DLH,MN,AGL,CE,Combined TRACON& Tower with Radar,8,10,30,0,48,0,18,37,0,55,8,28,67,0,103,156,0,156,259
10/31/2020,DLH,MN,AGL,CE,Combined TRACON& Tower with Radar,8,6,3,0,17,0,0,19,0,19,8,6,22,0,36,2,0,2,38
11/01/2020,DLH,MN,AGL,CE,Combined TRACON& Tower with Radar,8,3,13,0,24,0,0,13,0,13,8,3,26,0,37,8,0,8,45
11/02/2020,DLH,MN,AGL,CE,Combined TRACON& Tower with Radar,8,9,37,0,54,0,10,38,0,48,8,19,75,0,102,88,0,88,190
11/03/2020,DLH,MN,AGL,CE,Combined TRACON& Tower with Radar,8,14,34,0,56,0,17,65,0,82,8,31,99,0,138,63,0,63,201
11/04/2020,DLH,MN,AGL,CE,Combined TRACON& Tower with Radar,8,11,31,2,52,0,17,43,0,60,8,28,74,2,112,126,0,126,238
11/05/2020,DLH,MN,AGL,CE,Combined TRACON& Tower with Radar,8,16,35,0,59,0,13,60,0,73,8,29,95,0,132,182,0,182,314
11/06/2020,DLH,MN,AGL,CE,Combined TRACON& Tower with Radar,8,8,33,4,53,0,10,39,3,52,8,18,72,7,105,43,17,60,165
11/07/2020,DLH,MN,AGL,CE,Combined TRACON& Tower with Radar,8,6,5,0,19,0,0,3,0,3,8,6,8,0,22,0,0,0,22
11/08/2020,DLH,MN,AGL,CE,Combined TRACON& Tower with Radar,8,6,11,0,25,0,5,11,0,16,8,11,22,0,41,14,0,14,55
11/09/2020,DLH,MN,AGL,CE,Combined TRACON& Tower with Radar,8,6,14,0,28,0,0,0,0,0,8,6,14,0,28,0,0,0,28
11/10/2020,DLH,MN,AGL,CE,Combined TRACON& Tower with Radar,8,14,17,6,45,0,21,33,0,54,8,35,50,6,99,87,12,99,198
11/11/2020,DLH,MN,AGL,CE,Combined TRACON& Tower with Radar,8,21,28,6,63,0,0,33,0,33,8,21,61,6,96,70,0,70,166
11/12/2020,DLH,MN,AGL,CE,Combined TRACON& Tower with Radar,8,9,46,6,69,0,0,6,0,6,8,9,52,6,75,43,0,43,118
11/13/2020,DLH,MN,AGL,CE,Combined TRACON& Tower with Radar,8,16,59,0,83,0,22,74,0,96,8,38,133,0,179,114,0,114,293
11/14/2020,DLH,MN,AGL,CE,Combined TRACON& Tower with Radar,8,8,14,0,30,0,6,14,0,20,8,14,28,0,50,28,0,28,78
11/15/2020,DLH,MN,AGL,CE,Combined TRACON& Tower with Radar,8,8,5,0,21,0,0,0,0,0,8,8,5,0,21,0,0,0,21
11/16/2020,DLH,MN,AGL,CE,Combined TRACON& Tower with Radar,10,13,21,4,48,0,6,23,0,29,10,19,44,4,77,84,6,90,167
11/17/2020,DLH,MN,AGL,CE,Combined TRACON& Tower with Radar,8,15,42,5,70,0,16,52,0,68,8,31,94,5,138,130,2,132,270
11/18/2020,DLH,MN,AGL,CE,Combined TRACON& Tower with Radar,8,18,45,8,79,0,12,40,0,52,8,30,85,8,131,60,4,64,195
11/19/2020,DLH,MN,AGL,CE,Combined TRACON& Tower with Radar,8,18,25,23,74,0,14,62,0,76,8,32,87,23,150,116,41,157,307
11/20/2020,DLH,MN,AGL,CE,Combined TRACON& Tower with Radar,10,8,28,7,53,0,2,23,0,25,10,10,51,7,78,22,2,24,102
11/21/2020,DLH,MN,AGL,CE,Combined TRACON& Tower with Radar,12,8,23,7,50,0,10,38,6,54,12,18,61,13,104,53,30,83,187
11/22/2020,DLH,MN,AGL,CE,Combined TRACON& Tower with Radar,10,4,5,0,19,0,1,0,0,1,10,5,5,0,20,0,0,0,20
11/23/2020,DLH,MN,AGL,CE,Combined TRACON& Tower with Radar,10,11,17,12,50,0,18,21,4,43,10,29,38,16,93,93,16,109,202
11/24/2020,DLH,MN,AGL,CE,Combined TRACON& Tower with Radar,13,12,4,0,29,0,0,2,0,2,13,12,6,0,31,0,0,0,31
11/25/2020,DLH,MN,AGL,CE,Combined TRACON& Tower with Radar,13,14,36,2,65,0,0,1,0,1,13,14,37,2,66,0,0,0,66
11/26/2020,DLH,MN,AGL,CE,Combined TRACON& Tower with Radar,6,2,3,0,11,0,0,0,0,0,6,2,3,0,11,0,0,0,11
11/27/2020,DLH,MN,AGL,CE,Combined TRACON& Tower with Radar,8,11,17,0,36,0,4,22,0,26,8,15,39,0,62,28,0,28,90
11/28/2020,DLH,MN,AGL,CE,Combined TRACON& Tower with Radar,10,8,27,0,45,0,4,34,0,38,10,12,61,0,83,31,0,31,114
11/29/2020,DLH,MN,AGL,CE,Combined TRACON& Tower with Radar,10,4,9,0,23,0,1,7,0,8,10,5,16,0,31,0,0,0,31
11/30/2020,DLH,MN,AGL,CE,Combined TRACON& Tower with Radar,10,7,33,9,59,0,14,42,0,56,10,21,75,9,115,98,0,98,213
12/01/2020,DLH,MN,AGL,CE,Combined TRACON& Tower with Radar,10,14,33,37,94,0,12,60,0,72,10,26,93,37,166,114,36,150,316
12/02/2020,DLH,MN,AGL,CE,Combined TRACON& Tower with Radar,6,12,24,13,55,0,8,34,1,43,6,20,58,14,98,64,22,86,184
12/03/2020,DLH,MN,AGL,CE,Combined TRACON& Tower with Radar,8,19,64,12,103,0,17,75,2,94,8,36,139,14,197,96,2,98,295
12/04/2020,DLH,MN,AGL,CE,Combined TRACON& Tower with Radar,6,18,47,0,71,0,15,39,0,54,6,33,86,0,125,112,0,112,237
12/05/2020,DLH,MN,AGL,CE,Combined TRACON& Tower with Radar,6,10,23,16,55,0,17,38,0,55,6,27,61,16,110,80,14,94,204
12/06/2020,DLH,MN,AGL,CE,Combined TRACON& Tower with Radar,6,9,5,0,20,0,0,0,0,0,6,9,5,0,20,0,0,0,20
12/07/2020,DLH,MN,AGL,CE,Combined TRACON& Tower with Radar,8,7,12,6,33,0,0,0,0,0,8,7,12,6,33,0,0,0,33
12/08/2020,DLH,MN,AGL,CE,Combined TRACON& Tower with Radar,8,14,31,12,65,0,8,22,0,30,8,22,53,12,95,14,6,20,115
12/09/2020,DLH,MN,AGL,CE,Combined TRACON& Tower with Radar,6,15,38,13,72,0,21,53,7,81,6,36,91,20,153,147,6,153,306
12/10/2020,DLH,MN,AGL,CE,Combined TRACON& Tower with Radar,6,11,57,17,91,0,8,38,7,53,6,19,95,24,144,144,18,162,306
12/11/2020,DLH,MN,AGL,CE,Combined TRACON& Tower with Radar,6,9,46,18,79,0,2,28,0,30,6,11,74,18,109,104,16,120,229
12/12/2020,DLH,MN,AGL,CE,Combined TRACON& Tower with Radar,6,8,13,14,41,0,0,24,0,24,6,8,37,14,65,38,2,40,105
12/13/2020,DLH,MN,AGL,CE,Combined TRACON& Tower with Radar,6,7,8,0,21,0,0,0,0,0,6,7,8,0,21,0,0,0,21
12/14/2020,DLH,MN,AGL,CE,Combined TRACON& Tower with Radar,6,12,37,18,73,0,14,48,0,62,6,26,85,18,135,98,13,111,246
12/15/2020,DLH,MN,AGL,CE,Combined TRACON& Tower with Radar,6,15,33,8,62,0,16,19,0,35,6,31,52,8,97,67,8,75,172
12/16/2020,DLH,MN,AGL,CE,Combined TRACON& Tower with Radar,6,15,60,8,89,0,30,41,5,76,6,45,101,13,165,112,56,168,333
12/17/2020,DLH,MN,AGL,CE,Combined TRACON& Tower with Radar,6,17,63,20,106,0,18,46,1,65,6,35,109,21,171,90,36,126,297
12/18/2020,DLH,MN,AGL,CE,Combined TRACON& Tower with Radar,6,14,33,4,57,0,0,4,0,4,6,14,37,4,61,10,0,10,71
12/19/2020,DLH,MN,AGL,CE,Combined TRACON& Tower with Radar,7,11,51,0,69,0,9,27,0,36,7,20,78,0,105,48,0,48,153
12/20/2020,DLH,MN,AGL,CE,Combined TRACON& Tower with Radar,7,5,23,0,35,0,2,37,0,39,7,7,60,0,74,58,0,58,132
12/21/2020,DLH,MN,AGL,CE,Combined TRACON& Tower with Radar,6,9,10,0,25,0,2,0,0,2,6,11,10,0,27,0,0,0,27
12/22/2020,DLH,MN,AGL,CE,Combined TRACON& Tower with Radar,6,12,30,11,59,0,0,3,0,3,6,12,33,11,62,0,0,0,62
12/23/2020,DLH,MN,AGL,CE,Combined TRACON& Tower with Radar,3,9,5,1,18,0,0,10,0,10,3,9,15,1,28,0,0,0,28
12/24/2020,DLH,MN,AGL,CE,Combined TRACON& Tower with Radar,4,10,3,0,17,0,0,7,0,7,4,10,10,0,24,0,0,0,24
12/25/2020,DLH,MN,AGL,CE,Combined TRACON& Tower with Radar,5,10,2,0,17,0,2,6,0,8,5,12,8,0,25,0,0,0,25
12/26/2020,DLH,MN,AGL,CE,Combined TRACON& Tower with Radar,6,9,35,0,50,0,1,41,0,42,6,10,76,0,92,24,0,24,116
12/27/2020,DLH,MN,AGL,CE,Combined TRACON& Tower with Radar,6,8,25,0,39,0,0,13,0,13,6,8,38,0,52,32,0,32,84
12/28/2020,DLH,MN,AGL,CE,Combined TRACON& Tower with Radar,6,16,46,4,72,0,11,38,0,49,6,27,84,4,121,30,2,32,153
12/29/2020,DLH,MN,AGL,CE,Combined TRACON& Tower with Radar,6,14,33,9,62,0,16,17,4,37,6,30,50,13,99,121,14,135,234
12/30/2020,DLH,MN,AGL,CE,Combined TRACON& Tower with Radar,6,10,18,8,42,0,0,10,0,10,6,10,28,8,52,26,0,26,78
12/31/2020,DLH,MN,AGL,CE,Combined TRACON& Tower with Radar,5,11,7,0,23,0,0,0,0,0,5,11,7,0,23,0,0,0,23
01/01/2021,DLH,MN,AGL,CE,Combined TRACON& Tower with Radar,5,5,5,0,15,0,0,0,0,0,5,5,5,0,15,0,0,0,15
01/02/2021,DLH,MN,AGL,CE,Combined TRACON& Tower with Radar,6,10,6,0,22,0,0,3,0,3,6,10,9,0,25,2,0,2,27
01/03/2021,DLH,MN,AGL,CE,Combined TRACON& Tower with Radar,6,11,16,0,33,0,9,14,0,23,6,20,30,0,56,34,0,34,90
01/04/2021,DLH,MN,AGL,CE,Combined TRACON& Tower with Radar,6,9,19,18,52,0,4,6,0,10,6,13,25,18,62,71,0,71,133
01/05/2021,DLH,MN,AGL,CE,Combined TRACON& Tower with Radar,6,17,43,12,78,0,11,48,0,59,6,28,91,12,137,163,2,165,302
01/06/2021,DLH,MN,AGL,CE,Combined TRACON& Tower with Radar,8,9,36,12,65,0,4,18,0,22,8,13,54,12,87,40,0,40,127
01/07/2021,DLH,MN,AGL,CE,Combined TRACON& Tower with Radar,8,6,12,9,35,0,2,9,0,11,8,8,21,9,46,2,2,4,50
01/08/2021,DLH,MN,AGL,CE,Combined TRACON& Tower with Radar,7,7,27,9,50,0,8,25,1,34,7,15,52,10,84,68,4,72,156
01/09/2021,DLH,MN,AGL,CE,Combined TRACON& Tower with Radar,9,4,0,19,32,0,0,0,0,0,9,4,0,19,32,0,0,0,32
01/10/2021,DLH,MN,AGL,CE,Combined TRACON& Tower with Radar,10,4,13,0,27,0,0,0,0,0,10,4,13,0,27,0,0,0,27
01/11/2021,DLH,MN,AGL,CE,Combined TRACON& Tower with Radar,8,5,15,2,30,0,0,0,0,0,8,5,15,2,30,0,0,0,30
01/12/2021,DLH,MN,AGL,CE,Combined TRACON& Tower with Radar,9,6,39,14,68,0,6,20,0,26,9,12,59,14,94,42,10,52,146
01/13/2021,DLH,MN,AGL,CE,Combined TRACON& Tower with Radar,9,11,40,27,87,0,25,64,2,91,9,36,104,29,178,134,22,156,334
01/14/2021,DLH,MN,AGL,CE,Combined TRACON& Tower with Radar,8,7,39,4,58,0,1,6,0,7,8,8,45,4,65,22,0,22,87
01/15/2021,DLH,MN,AGL,CE,Combined TRACON& Tower with Radar,8,10,10,0,28,0,0,0,0,0,8,10,10,0,28,0,0,0,28
01/16/2021,DLH,MN,AGL,CE,Combined TRACON& Tower with Radar,8,6,4,0,18,0,0,1,0,1,8,6,5,0,19,62,0,62,81
01/17/2021,DLH,MN,AGL,CE,Combined TRACON& Tower with Radar,8,5,8,0,21,0,0,2,0,2,8,5,10,0,23,30,0,30,53
01/18/2021,DLH,MN,AGL,CE,Combined TRACON& Tower with Radar,8,7,12,3,30,0,1,8,1,10,8,8,20,4,40,10,0,10,50
01/19/2021,DLH,MN,AGL,CE,Combined TRACON& Tower with Radar,8,10,39,4,61,0,9,35,0,44,8,19,74,4,105,65,0,65,170
01/20/2021,DLH,MN,AGL,CE,Combined TRACON& Tower with Radar,10,9,30,14,63,0,13,28,2,43,10,22,58,16,106,60,24,84,190
01/21/2021,DLH,MN,AGL,CE,Combined TRACON& Tower with Radar,8,8,18,5,39,0,0,7,0,7,8,8,25,5,46,0,2,2,48
01/22/2021,DLH,MN,AGL,CE,Combined TRACON& Tower with Radar,8,14,34,18,74,0,17,55,0,72,8,31,89,18,146,174,22,196,342
01/23/2021,DLH,MN,AGL,CE,Combined TRACON& Tower with Radar,8,5,14,9,36,0,5,11,1,17,8,10,25,10,53,147,4,151,204
01/24/2021,DLH,MN,AGL,CE,Combined TRACON& Tower with Radar,10,1,16,4,31,0,9,20,0,29,10,10,36,4,60,82,0,82,142
01/25/2021,DLH,MN,AGL,CE,Combined TRACON& Tower with Radar,8,10,28,11,57,0,12,60,0,72,8,22,88,11,129,125,0,125,254
01/26/2021,DLH,MN,AGL,CE,Combined TRACON& Tower with Radar,8,9,39,20,76,0,19,48,5,72,8,28,87,25,148,99,10,109,257
01/27/2021,DLH,MN,AGL,CE,Combined TRACON& Tower with Radar,8,12,49,17,86,0,7,51,0,58,8,19,100,17,144,90,11,101,245
01/28/2021,DLH,MN,AGL,CE,Combined TRACON& Tower with Radar,8,9,30,14,61,0,10,38,0,48,8,19,68,14,109,139,0,139,248
01/29/2021,DLH,MN,AGL,CE,Combined TRACON& Tower with Radar,8,10,27,0,45,0,14,26,1,41,8,24,53,1,86,57,0,57,143
01/30/2021,DLH,MN,AGL,CE,Combined TRACON& Tower with Radar,8,8,4,0,20,0,0,0,0,0,8,8,4,0,20,0,0,0,20
01/31/2021,DLH,MN,AGL,CE,Combined TRACON& Tower with Radar,8,9,7,0,24,0,0,1,0,1,8,9,8,0,25,0,0,0,25
02/01/2021,DLH,MN,AGL,CE,Combined TRACON& Tower with Radar,8,6,25,7,46,0,0,6,0,6,8,6,31,7,52,24,0,24,76
02/02/2021,DLH,MN,AGL,CE,Combined TRACON& Tower with Radar,8,9,21,16,54,0,0,1,0,1,8,9,22,16,55,43,0,43,98
02/03/2021,DLH,MN,AGL,CE,Combined TRACON& Tower with Radar,8,11,33,8,60,0,16,45,0,61,8,27,78,8,121,96,0,96,217
02/04/2021,DLH,MN,AGL,CE,Combined TRACON& Tower with Radar,9,9,17,4,39,0,0,3,0,3,9,9,20,4,42,0,0,0,42
02/05/2021,DLH,MN,AGL,CE,Combined TRACON& Tower with Radar,8,7,10,8,33,0,2,3,0,5,8,9,13,8,38,17,0,17,55
02/06/2021,DLH,MN,AGL,CE,Combined TRACON& Tower with Radar,9,6,14,1,30,0,4,24,5,33,9,10,38,6,63,40,8,48,111
02/07/2021,DLH,MN,AGL,CE,Combined TRACON& Tower with Radar,8,8,17,0,33,0,6,7,0,13,8,14,24,0,46,36,0,36,82
02/08/2021,DLH,MN,AGL,CE,Combined TRACON& Tower with Radar,8,5,17,1,31,0,13,43,1,57,8,18,60,2,88,64,0,64,152
02/09/2021,DLH,MN,AGL,CE,Combined TRACON& Tower with Radar,8,9,26,5,48,0,21,41,0,62,8,30,67,5,110,113,7,120,230
02/10/2021,DLH,MN,AGL,CE,Combined TRACON& Tower with Radar,10,6,40,3,59,0,13,33,1,47,10,19,73,4,106,99,6,105,211
02/11/2021,DLH,MN,AGL,CE,Combined TRACON& Tower with Radar,10,10,19,20,59,0,18,18,0,36,10,28,37,20,95,162,22,184,279
02/12/2021,DLH,MN,AGL,CE,Combined TRACON& Tower with Radar,9,7,30,10,56,0,6,41,0,47,9,13,71,10,103,55,6,61,164
02/13/2021,DLH,MN,AGL,CE,Combined TRACON& Tower with Radar,8,6,16,0,30,0,7,6,0,13,8,13,22,0,43,76,0,76,119
02/14/2021,DLH,MN,AGL,CE,Combined TRACON& Tower with Radar,9,2,9,0,20,0,11,28,0,39,9,13,37,0,59,16,0,16,75
02/15/2021,DLH,MN,AGL,CE,Combined TRACON& Tower with Radar,8,6,21,0,35,0,0,43,0,43,8,6,64,0,78,62,0,62,140
02/16/2021,DLH,MN,AGL,CE,Combined TRACON& Tower with Radar,9,7,42,20,78,0,16,30,6,52,9,23,72,26,130,97,23,120,250
02/17/2021,DLH,MN,AGL,CE,Combined TRACON& Tower with Radar,7,17,32,23,79,0,8,33,2,43,7,25,65,25,122,110,34,144,266
02/18/2021,DLH,MN,AGL,CE,Combined TRACON& Tower with Radar,9,6,18,14,47,0,10,14,0,24,9,16,32,14,71,98,18,116,187
02/19/2021,DLH,MN,AGL,CE,Combined TRACON& Tower with Radar,8,8,41,13,70,0,16,38,0,54,8,24,79,13,124,143,14,157,281
02/20/2021,DLH,MN,AGL,CE,Combined TRACON& Tower with Radar,8,5,19,14,46,0,17,46,0,63,8,22,65,14,109,80,8,88,197
02/21/2021,DLH,MN,AGL,CE,Combined TRACON& Tower with Radar,8,6,12,0,26,0,0,0,0,0,8,6,12,0,26,0,0,0,26
02/22/2021,DLH,MN,AGL,CE,Combined TRACON& Tower with Radar,8,5,29,7,49,0,12,25,0,37,8,17,54,7,86,46,12,58,144
02/23/2021,DLH,MN,AGL,CE,Combined TRACON& Tower with Radar,8,8,46,22,84,0,7,62,0,69,8,15,108,22,153,178,16,194,347
02/24/2021,DLH,MN,AGL,CE,Combined TRACON& Tower with Radar,8,8,50,17,83,0,15,44,4,63,8,23,94,21,146,183,18,201,347
02/25/2021,DLH,MN,AGL,CE,Combined TRACON& Tower with Radar,8,8,44,13,73,0,15,42,4,61,8,23,86,17,134,143,46,189,323
02/26/2021,DLH,MN,AGL,CE,Combined TRACON& Tower with Radar,8,10,32,0,50,0,0,21,1,22,8,10,53,1,72,20,0,20,92
02/27/2021,DLH,MN,AGL,CE,Combined TRACON& Tower with Radar,8,5,8,0,21,0,6,34,0,40,8,11,42,0,61,88,0,88,149
02/28/2021,DLH,MN,AGL,CE,Combined TRACON& Tower with Radar,10,3,7,0,20,0,0,6,0,6,10,3,13,0,26,2,0,2,28
03/01/2021,DLH,MN,AGL,CE,Combined TRACON& Tower with Radar,8,9,38,8,63,0,5,52,0,57,8,14,90,8,120,67,4,71,191
03/02/2021,DLH,MN,AGL,CE,Combined TRACON& Tower with Radar,7,12,32,17,68,0,3,23,0,26,7,15,55,17,94,9,22,31,125
03/03/2021,DLH,MN,AGL,CE,Combined TRACON& Tower with Radar,6,11,53,14,84,0,9,65,3,77,6,20,118,17,161,102,24,126,287
03/04/2021,DLH,MN,AGL,CE,Combined TRACON& Tower with Radar,6,16,49,4,75,0,17,55,0,72,6,33,104,4,147,68,2,70,217
03/05/2021,DLH,MN,AGL,CE,Combined TRACON& Tower with Radar,8,10,24,0,42,0,10,55,0,65,8,20,79,0,107,97,0,97,204
03/06/2021,DLH,MN,AGL,CE,Combined TRACON& Tower with Radar,4,9,15,0,28,0,17,42,0,59,4,26,57,0,87,82,0,82,169
03/07/2021,DLH,MN,AGL,CE,Combined TRACON& Tower with Radar,6,6,2,0,14,0,4,3,0,7,6,10,5,0,21,44,0,44,65
03/08/2021,DLH,MN,AGL,CE,Combined TRACON& Tower with Radar,6,9,29,4,48,0,9,42,0,51,6,18,71,4,99,91,0,91,190
03/09/2021,DLH,MN,AGL,CE,Combined TRACON& Tower with Radar,6,18,37,7,68,0,6,35,1,42,6,24,72,8,110,90,10,100,210
03/10/2021,DLH,MN,AGL,CE,Combined TRACON& Tower with Radar,6,9,11,9,35,0,0,15,0,15,6,9,26,9,50,70,8,78,128
03/11/2021,DLH,MN,AGL,CE,Combined TRACON& Tower with Radar,6,10,35,8,59,0,1,22,2,25,6,11,57,10,84,28,29,57,141
03/12/2021,DLH,MN,AGL,CE,Combined TRACON& Tower with Radar,8,18,28,7,61,0,7,42,0,49,8,25,70,7,110,94,0,94,204
03/13/2021,DLH,MN,AGL,CE,Combined TRACON& Tower with Radar,4,9,18,0,31,0,3,68,0,71,4,12,86,0,102,39,0,39,141
03/14/2021,DLH,MN,AGL,CE,Combined TRACON& Tower with Radar,6,11,15,0,32,0,6,19,3,28,6,17,34,3,60,74,0,74,134
03/15/2021,DLH,MN,AGL,CE,Combined TRACON& Tower with Radar,6,10,18,5,39,0,6,39,1,46,6,16,57,6,85,89,6,95,180
03/16/2021,DLH,MN,AGL,CE,Combined TRACON& Tower with Radar,6,14,30,23,73,0,3,27,3,33,6,17,57,26,106,142,57,199,305
03/17/2021,DLH,MN,AGL,CE,Combined TRACON& Tower with Radar,8,12,35,16,71,0,4,34,4,42,8,16,69,20,113,109,34,143,256
03/18/2021,DLH,MN,AGL,CE,Combined TRACON& Tower with Radar,6,15,41,4,66,0,12,47,0,59,6,27,88,4,125,94,2,96,221
03/19/2021,DLH,MN,AGL,CE,Combined TRACON& Tower with Radar,8,11,27,1,47,0,8,53,1,62,8,19,80,2,109,75,0,75,184
03/20/2021,DLH,MN,AGL,CE,Combined TRACON& Tower with Radar,4,8,14,3,29,0,8,48,0,56,4,16,62,3,85,73,0,73,158
03/21/2021,DLH,MN,AGL,CE,Combined TRACON& Tower with Radar,6,6,7,4,23,0,2,8,0,10,6,8,15,4,33,10,8,18,51
03/22/2021,DLH,MN,AGL,CE,Combined TRACON& Tower with Radar,6,12,35,3,56,0,8,37,0,45,6,20,72,3,101,65,0,65,166
03/23/2021,DLH,MN,AGL,CE,Combined TRACON& Tower with Radar,6,11,17,8,42,0,0,6,0,6,6,11,23,8,48,20,0,20,68
03/24/2021,DLH,MN,AGL,CE,Combined TRACON& Tower with Radar,6,12,9,1,28,0,0,1,0,1,6,12,10,1,29,0,0,0,29
03/25/2021,DLH,MN,AGL,CE,Combined TRACON& Tower with Radar,6,12,61,15,94,0,2,21,0,23,6,14,82,15,117,44,0,44,161
03/26/2021,DLH,MN,AGL,CE,Combined TRACON& Tower with Radar,8,19,34,0,61,0,1,4,0,5,8,20,38,0,66,0,0,0,66
03/27/2021,DLH,MN,AGL,CE,Combined TRACON& Tower with Radar,4,8,7,0,19,0,0,0,0,0,4,8,7,0,19,0,0,0,19
03/28/2021,DLH,MN,AGL,CE,Combined TRACON& Tower with Radar,6,13,30,1,50,0,7,35,0,42,6,20,65,1,92,76,0,76,168
03/29/2021,DLH,MN,AGL,CE,Combined TRACON& Tower with Radar,6,11,34,5,56,0,7,36,0,43,6,18,70,5,99,24,0,24,123
03/30/2021,DLH,MN,AGL,CE,Combined TRACON& Tower with Radar,6,11,11,18,46,0,0,11,0,11,6,11,22,18,57,4,46,50,107
03/31/2021,DLH,MN,AGL,CE,Combined TRACON& Tower with Radar,6,17,39,12,74,0,2,57,0,59,6,19,96,12,133,84,4,88,221
04/01/2021,DLH,MN,AGL,CE,Combined TRACON& Tower with Radar,6,22,39,8,75,0,25,68,5,98,6,47,107,13,173,129,6,135,308
04/02/2021,DLH,MN,AGL,CE,Combined TRACON& Tower with Radar,6,10,36,1,53,0,2,60,0,62,6,12,96,1,115,32,0,32,147
04/03/2021,DLH,MN,AGL,CE,Combined TRACON& Tower with Radar,5,8,10,0,23,0,15,55,0,70,5,23,65,0,93,83,0,83,176
04/04/2021,DLH,MN,AGL,CE,Combined TRACON& Tower with Radar,6,8,32,0,46,0,1,37,0,38,6,9,69,0,84,62,0,62,146
04/05/2021,DLH,MN,AGL,CE,Combined TRACON& Tower with Radar,8,13,45,5,71,0,15,61,0,76,8,28,106,5,147,113,4,117,264
04/06/2021,DLH,MN,AGL,CE,Combined TRACON& Tower with Radar,6,12,44,5,67,0,15,55,2,72,6,27,99,7,139,169,8,177,316
04/07/2021,DLH,MN,AGL,CE,Combined TRACON& Tower with Radar,6,11,17,0,34,0,0,0,0,0,6,11,17,0,34,0,0,0,34
04/08/2021,DLH,MN,AGL,CE,Combined TRACON& Tower with Radar,6,11,14,0,31,0,0,0,0,0,6,11,14,0,31,0,0,0,31
04/09/2021,DLH,MN,AGL,CE,Combined TRACON& Tower with Radar,8,11,10,0,29,0,0,0,0,0,8,11,10,0,29,0,0,0,29
04/10/2021,DLH,MN,AGL,CE,Combined TRACON& Tower with Radar,4,8,10,0,22,0,0,22,0,22,4,8,32,0,44,0,0,0,44
04/11/2021,DLH,MN,AGL,CE,Combined TRACON& Tower with Radar,5,10,7,0,22,0,0,0,0,0,5,10,7,0,22,2,0,2,24
04/12/2021,DLH,MN,AGL,CE,Combined TRACON& Tower with Radar,4,12,22,2,40,0,0,0,0,0,4,12,22,2,40,0,0,0,40
04/13/2021,DLH,MN,AGL,CE,Combined TRACON& Tower with Radar,4,13,18,8,43,0,0,3,0,3,4,13,21,8,46,18,0,18,64
04/14/2021,DLH,MN,AGL,CE,Combined TRACON& Tower with Radar,4,12,47,6,69,0,0,13,0,13,4,12,60,6,82,26,4,30,112
04/15/2021,DLH,MN,AGL,CE,Combined TRACON& Tower with Radar,4,20,46,18,88,0,12,52,0,64,4,32,98,18,152,141,0,141,293
04/16/2021,DLH,MN,AGL,CE,Combined TRACON& Tower with Radar,4,21,36,7,68,0,27,99,1,127,4,48,135,8,195,126,0,126,321
04/17/2021,DLH,MN,AGL,CE,Combined TRACON& Tower with Radar,6,27,35,10,78,0,15,59,0,74,6,42,94,10,152,44,12,56,208
04/18/2021,DLH,MN,AGL,CE,Combined TRACON& Tower with Radar,6,10,7,12,35,0,6,29,0,35,6,16,36,12,70,24,20,44,114
04/19/2021,DLH,MN,AGL,CE,Combined TRACON& Tower with Radar,4,12,21,0,37,0,7,14,0,21,4,19,35,0,58,18,0,18,76
04/20/2021,DLH,MN,AGL,CE,Combined TRACON& Tower with Radar,4,29,32,10,75,0,29,60,0,89,4,58,92,10,164,108,12,120,284
04/21/2021,DLH,MN,AGL,CE,Combined TRACON& Tower with Radar,4,26,44,16,90,0,24,57,0,81,4,50,101,16,171,159,14,173,344
04/22/2021,DLH,MN,AGL,CE,Combined TRACON& Tower with Radar,4,24,35,15,78,0,32,85,0,117,4,56,120,15,195,116,16,132,327
04/23/2021,DLH,MN,AGL,CE,Combined TRACON& Tower with Radar,4,15,22,9,50,0,3,10,1,14,4,18,32,10,64,80,1,81,145
04/24/2021,DLH,MN,AGL,CE,Combined TRACON& Tower with Radar,4,11,19,0,34,0,5,24,0,29,4,16,43,0,63,54,0,54,117
04/25/2021,DLH,MN,AGL,CE,Combined TRACON& Tower with Radar,4,11,22,0,37,0,4,37,0,41,4,15,59,0,78,93,0,93,171
04/26/2021,DLH,MN,AGL,CE,Combined TRACON& Tower with Radar,4,12,6,0,22,0,0,0,0,0,4,12,6,0,22,0,0,0,22
04/27/2021,DLH,MN,AGL,CE,Combined TRACON& Tower with Radar,6,15,13,12,46,0,0,0,0,0,6,15,13,12,46,0,0,0,46
04/28/2021,DLH,MN,AGL,CE,Combined TRACON& Tower with Radar,4,28,61,30,123,0,24,108,0,132,4,52,169,30,255,77,8,85,340
04/29/2021,DLH,MN,AGL,CE,Combined TRACON& Tower with Radar,4,17,38,23,82,0,13,40,0,53,4,30,78,23,135,38,2,40,175
04/30/2021,DLH,MN,AGL,CE,Combined TRACON& Tower with Radar,2,14,26,14,56,0,14,62,1,77,2,28,88,15,133,54,2,56,189
05/01/2021,DLH,MN,AGL,CE,Combined TRACON& Tower with Radar,4,10,15,8,37,0,4,35,0,39,4,14,50,8,76,67,16,83,159
05/02/2021,DLH,MN,AGL,CE,Combined TRACON& Tower with Radar,6,15,16,4,41,0,9,27,0,36,6,24,43,4,77,76,2,78,155
05/03/2021,DLH,MN,AGL,CE,Combined TRACON& Tower with Radar,6,15,52,15,88,0,14,35,0,49,6,29,87,15,137,92,20,112,249
05/04/2021,DLH,MN,AGL,CE,Combined TRACON& Tower with Radar,7,20,58,22,107,0,7,46,1,54,7,27,104,23,161,56,30,86,247
05/05/2021,DLH,MN,AGL,CE,Combined TRACON& Tower with Radar,6,28,47,20,101,0,20,57,2,79,6,48,104,22,180,125,32,157,337
05/06/2021,DLH,MN,AGL,CE,Combined TRACON& Tower with Radar,6,27,30,19,82,0,17,44,5,66,6,44,74,24,148,121,13,134,282
05/07/2021,DLH,MN,AGL,CE,Combined TRACON& Tower with Radar,6,20,35,2,63,0,10,69,0,79,6,30,104,2,142,78,0,78,220
05/08/2021,DLH,MN,AGL,CE,Combined TRACON& Tower with Radar,4,10,24,0,38,0,8,38,0,46,4,18,62,0,84,60,0,60,144
05/09/2021,DLH,MN,AGL,CE,Combined TRACON& Tower with Radar,6,17,22,0,45,0,10,33,0,43,6,27,55,0,88,18,0,18,106
05/10/2021,DLH,MN,AGL,CE,Combined TRACON& Tower with Radar,6,22,42,10,80,0,17,47,0,64,6,39,89,10,144,136,10,146,290
05/11/2021,DLH,MN,AGL,CE,Combined TRACON& Tower with Radar,6,22,43,9,80,0,31,42,1,74,6,53,85,10,154,135,6,141,295
05/12/2021,DLH,MN,AGL,CE,Combined TRACON& Tower with Radar,6,24,68,9,107,0,19,57,0,76,6,43,125,9,183,64,0,64,247
05/13/2021,DLH,MN,AGL,CE,Combined TRACON& Tower with Radar,4,26,39,11,80,0,21,42,1,64,4,47,81,12,144,150,0,150,294
05/14/2021,DLH,MN,AGL,CE,Combined TRACON& Tower with Radar,6,25,39,19,89,0,13,39,1,53,6,38,78,20,142,62,14,76,218
05/15/2021,DLH,MN,AGL,CE,Combined TRACON& Tower with Radar,4,16,24,0,44,0,3,54,1,58,4,19,78,1,102,58,0,58,160
05/16/2021,DLH,MN,AGL,CE,Combined TRACON& Tower with Radar,6,18,24,12,60,0,7,46,0,53,6,25,70,12,113,104,4,108,221
05/17/2021,DLH,MN,AGL,CE,Combined TRACON& Tower with Radar,6,22,19,19,66,0,11,47,0,58,6,33,66,19,124,169,12,181,305
05/18/2021,DLH,MN,AGL,CE,Combined TRACON& Tower with Radar,6,31,40,29,106,0,25,47,3,75,6,56,87,32,181,51,28,79,260
05/19/2021,DLH,MN,AGL,CE,Combined TRACON& Tower with Radar,6,22,33,10,71,0,4,2,0,6,6,26,35,10,77,64,0,64,141
05/20/2021,DLH,MN,AGL,CE,Combined TRACON& Tower with Radar,6,14,11,2,33,0,0,0,0,0,6,14,11,2,33,0,0,0,33
05/21/2021,DLH,MN,AGL,CE,Combined TRACON& Tower with Radar,8,19,46,1,74,0,10,26,1,37,8,29,72,2,111,106,0,106,217
05/22/2021,DLH,MN,AGL,CE,Combined TRACON& Tower with Radar,4,15,27,0,46,0,0,24,0,24,4,15,51,0,70,28,0,28,98
05/23/2021,DLH,MN,AGL,CE,Combined TRACON& Tower with Radar,6,11,16,0,33,0,0,0,0,0,6,11,16,0,33,0,0,0,33
05/24/2021,DLH,MN,AGL,CE,Combined TRACON& Tower with Radar,6,12,1,0,19,0,2,0,0,2,6,14,1,0,21,0,0,0,21
05/25/2021,DLH,MN,AGL,CE,Combined TRACON& Tower with Radar,6,21,48,14,89,0,6,18,2,26,6,27,66,16,115,28,22,50,165
05/26/2021,DLH,MN,AGL,CE,Combined TRACON& Tower with Radar,6,21,60,15,102,0,16,75,0,91,6,37,135,15,193,123,8,131,324
05/27/2021,DLH,MN,AGL,CE,Combined TRACON& Tower with Radar,6,26,59,16,107,0,24,51,4,79,6,50,110,20,186,89,8,97,283
05/28/2021,DLH,MN,AGL,CE,Combined TRACON& Tower with Radar,6,17,32,0,55,0,17,47,0,64,6,34,79,0,119,120,0,120,239
05/29/2021,DLH,MN,AGL,CE,Combined TRACON& Tower with Radar,6,14,23,0,43,0,5,69,0,74,6,19,92,0,117,34,0,34,151
05/30/2021,DLH,MN,AGL,CE,Combined TRACON& Tower with Radar,6,9,15,0,30,0,3,19,0,22,6,12,34,0,52,34,0,34,86
05/31/2021,DLH,MN,AGL,CE,Combined TRACON& Tower with Radar,6,13,14,0,33,0,6,34,0,40,6,19,48,0,73,41,0,41,114
06/01/2021,DLH,MN,AGL,CE,Combined TRACON& Tower with Radar,6,24,39,17,86,0,14,78,0,92,6,38,117,17,178,82,42,124,302
06/02/2021,DLH,MN,AGL,CE,Combined TRACON& Tower with Radar,6,24,39,20,89,0,16,66,5,87,6,40,105,25,176,106,47,153,329
06/03/2021,DLH,MN,AGL,CE,Combined TRACON& Tower with Radar,5,20,60,9,94,0,7,51,1,59,5,27,111,10,153,114,2,116,269
06/04/2021,DLH,MN,AGL,CE,Combined TRACON& Tower with Radar,3,21,48,19,91,0,9,48,5,62,3,30,96,24,153,61,64,125,278
06/05/2021,DLH,MN,AGL,CE,Combined TRACON& Tower with Radar,0,19,24,0,43,0,4,49,0,53,0,23,73,0,96,106,0,106,202
06/06/2021,DLH,MN,AGL,CE,Combined TRACON& Tower with Radar,0,15,18,1,34,0,2,40,0,42,0,17,58,1,76,31,0,31,107
06/07/2021,DLH,MN,AGL,CE,Combined TRACON& Tower with Radar,0,21,38,29,88,0,9,64,13,86,0,30,102,42,174,123,24,147,321
06/08/2021,DLH,MN,AGL,CE,Combined TRACON& Tower with Radar,0,25,37,23,85,0,6,66,5,77,0,31,103,28,162,82,17,99,261
06/09/2021,DLH,MN,AGL,CE,Combined TRACON& Tower with Radar,0,30,50,14,94,0,14,61,1,76,0,44,111,15,170,98,6,104,274
06/10/2021,DLH,MN,AGL,CE,Combined TRACON& Tower with Radar,0,21,56,8,85,0,12,54,4,70,0,33,110,12,155,126,18,144,299
06/11/2021,DLH,MN,AGL,CE,Combined TRACON& Tower with Radar,0,20,9,0,29,0,0,0,0,0,0,20,9,0,29,0,0,0,29
06/12/2021,DLH,MN,AGL,CE,Combined TRACON& Tower with Radar,0,24,12,0,36,0,6,52,1,59,0,30,64,1,95,42,0,42,137
06/13/2021,DLH,MN,AGL,CE,Combined TRACON& Tower with Radar,0,14,15,2,31,0,1,45,0,46,0,15,60,2,77,39,0,39,116
06/14/2021,DLH,MN,AGL,CE,Combined TRACON& Tower with Radar,0,16,30,12,58,0,6,59,0,65,0,22,89,12,123,68,26,94,217
06/15/2021,DLH,MN,AGL,CE,Combined TRACON& Tower with Radar,2,30,55,14,101,0,15,75,0,90,2,45,130,14,191,126,18,144,335
06/16/2021,DLH,MN,AGL,CE,Combined TRACON& Tower with Radar,2,27,65,19,113,0,18,77,3,98,2,45,142,22,211,110,21,131,342
06/17/2021,DLH,MN,AGL,CE,Combined TRACON& Tower with Radar,0,23,30,29,82,0,7,70,0,77,0,30,100,29,159,95,90,185,344
06/18/2021,DLH,MN,AGL,CE,Combined TRACON& Tower with Radar,0,24,24,0,48,0,15,45,0,60,0,39,69,0,108,10,0,10,118
06/19/2021,DLH,MN,AGL,CE,Combined TRACON& Tower with Radar,0,27,15,1,43,0,11,53,2,66,0,38,68,3,109,80,4,84,193
06/20/2021,DLH,MN,AGL,CE,Combined TRACON& Tower with Radar,0,18,16,3,37,0,0,1,0,1,0,18,17,3,38,0,0,0,38
06/21/2021,DLH,MN,AGL,CE,Combined TRACON& Tower with Radar,0,28,36,26,90,0,8,54,4,66,0,36,90,30,156,67,8,75,231
06/22/2021,DLH,MN,AGL,CE,Combined TRACON& Tower with Radar,0,32,15,18,65,0,13,61,0,74,0,45,76,18,139,70,6,76,215
06/23/2021,DLH,MN,AGL,CE,Combined TRACON& Tower with Radar,0,35,29,25,89,0,17,67,1,85,0,52,96,26,174,26,6,32,206
06/24/2021,DLH,MN,AGL,CE,Combined TRACON& Tower with Radar,0,22,20,19,61,0,8,54,1,63,0,30,74,20,124,16,34,50,174
06/25/2021,DLH,MN,AGL,CE,Combined TRACON& Tower with Radar,2,21,9,10,42,0,2,58,6,66,2,23,67,16,108,14,4,18,126
06/26/2021,DLH,MN,AGL,CE,Combined TRACON& Tower with Radar,2,14,14,5,35,0,15,66,2,83,2,29,80,7,118,76,2,78,196
06/27/2021,DLH,MN,AGL,CE,Combined TRACON& Tower with Radar,0,20,31,9,60,0,6,32,0,38,0,26,63,9,98,43,12,55,153
06/28/2021,DLH,MN,AGL,CE,Combined TRACON& Tower with Radar,4,21,57,24,106,0,6,50,1,57,4,27,107,25,163,70,0,70,233
06/29/2021,DLH,MN,AGL,CE,Combined TRACON& Tower with Radar,2,17,25,19,63,0,2,44,1,47,2,19,69,20,110,49,24,73,183
06/30/2021,DLH,MN,AGL,CE,Combined TRACON& Tower with Radar,0,37,42,20,99,0,6,86,7,99,0,43,128,27,198,104,34,138,336
07/01/2021,DLH,MN,AGL,CE,Combined TRACON& Tower with Radar,1,27,43,16,87,0,14,73,7,94,1,41,116,23,181,74,52,126,307
07/02/2021,DLH,MN,AGL,CE,Combined TRACON& Tower with Radar,5,22,38,4,69,0,6,58,0,64,5,28,96,4,133,40,0,40,173
07/03/2021,DLH,MN,AGL,CE,Combined TRACON& Tower with Radar,2,15,14,0,31,0,5,40,0,45,2,20,54,0,76,2,0,2,78
07/04/2021,DLH,MN,AGL,CE,Combined TRACON& Tower with Radar,2,14,14,1,31,0,11,39,4,54,2,25,53,5,85,4,0,4,89
07/05/2021,DLH,MN,AGL,CE,Combined TRACON& Tower with Radar,4,17,22,0,43,0,2,26,0,28,4,19,48,0,71,2,0,2,73
07/06/2021,DLH,MN,AGL,CE,Combined TRACON& Tower with Radar,5,16,19,9,49,0,0,1,0,1,5,16,20,9,50,0,0,0,50
07/07/2021,DLH,MN,AGL,CE,Combined TRACON& Tower with Radar,6,35,41,20,102,0,18,76,0,94,6,53,117,20,196,150,29,179,375
07/08/2021,DLH,MN,AGL,CE,Combined TRACON& Tower with Radar,6,25,53,24,108,0,10,72,0,82,6,35,125,24,190,52,10,62,252
07/09/2021,DLH,MN,AGL,CE,Combined TRACON& Tower with Radar,6,25,32,14,77,0,20,81,1,102,6,45,113,15,179,94,12,106,285
07/10/2021,DLH,MN,AGL,CE,Combined TRACON& Tower with Radar,4,20,17,1,42,0,6,65,5,76,4,26,82,6,118,53,0,53,171
07/11/2021,DLH,MN,AGL,CE,Combined TRACON& Tower with Radar,4,20,16,0,40,0,0,56,0,56,4,20,72,0,96,55,0,55,151
07/12/2021,DLH,MN,AGL,CE,Combined TRACON& Tower with Radar,4,20,35,14,73,0,17,46,0,63,4,37,81,14,136,125,0,125,261
07/13/2021,DLH,MN,AGL,CE,Combined TRACON& Tower with Radar,4,24,49,12,89,0,18,60,0,78,4,42,109,12,167,110,6,116,283
07/14/2021,DLH,MN,AGL,CE,Combined TRACON& Tower with Radar,4,24,43,18,89,0,9,52,1,62,4,33,95,19,151,133,26,159,310
07/15/2021,DLH,MN,AGL,CE,Combined TRACON& Tower with Radar,4,30,40,12,86,0,8,50,3,61,4,38,90,15,147,60,20,80,227
07/16/2021,DLH,MN,AGL,CE,Combined TRACON& Tower with Radar,4,23,40,2,69,0,10,65,0,75,4,33,105,2,144,92,8,100,244
07/17/2021,DLH,MN,AGL,CE,Combined TRACON& Tower with Radar,1,23,28,2,54,0,3,49,3,55,1,26,77,5,109,10,0,10,119
07/18/2021,DLH,MN,AGL,CE,Combined TRACON& Tower with Radar,0,18,18,1,37,0,6,55,0,61,0,24,73,1,98,4,0,4,102
07/19/2021,DLH,MN,AGL,CE,Combined TRACON& Tower with Radar,3,18,27,7,55,0,10,40,1,51,3,28,67,8,106,34,16,50,156
07/20/2021,DLH,MN,AGL,CE,Combined TRACON& Tower with Radar,4,22,53,25,104,0,0,12,6,18,4,22,65,31,122,76,16,92,214
07/21/2021,DLH,MN,AGL,CE,Combined TRACON& Tower with Radar,4,28,67,14,113,0,5,48,0,53,4,33,115,14,166,62,2,64,230
07/22/2021,DLH,MN,AGL,CE,Combined TRACON& Tower with Radar,4,25,77,13,119,0,6,50,0,56,4,31,127,13,175,47,0,47,222
07/23/2021,DLH,MN,AGL,CE,Combined TRACON& Tower with Radar,6,31,41,9,87,0,9,39,1,49,6,40,80,10,136,28,6,34,170
07/24/2021,DLH,MN,AGL,CE,Combined TRACON& Tower with Radar,2,25,3,8,38,0,5,51,2,58,2,30,54,10,96,4,4,8,104
07/25/2021,DLH,MN,AGL,CE,Combined TRACON& Tower with Radar,2,17,18,4,41,0,2,28,4,34,2,19,46,8,75,18,2,20,95
07/26/2021,DLH,MN,AGL,CE,Combined TRACON& Tower with Radar,4,17,20,2,43,0,7,44,1,52,4,24,64,3,95,111,0,111,206
07/27/2021,DLH,MN,AGL,CE,Combined TRACON& Tower with Radar,4,28,44,26,102,0,5,48,0,53,4,33,92,26,155,52,34,86,241
07/28/2021,DLH,MN,AGL,CE,Combined TRACON& Tower with Radar,4,20,23,0,47,0,0,13,0,13,4,20,36,0,60,8,0,8,68
07/29/2021,DLH,MN,AGL,CE,Combined TRACON& Tower with Radar,4,25,58,18,105,0,16,45,1,62,4,41,103,19,167,95,30,125,292
07/30/2021,DLH,MN,AGL,CE,Combined TRACON& Tower with Radar,4,24,30,8,66,0,11,75,0,86,4,35,105,8,152,28,0,28,180
07/31/2021,DLH,MN,AGL,CE,Combined TRACON& Tower with Radar,2,23,28,0,53,0,9,31,0,40,2,32,59,0,93,19,0,19,112
08/01/2021,DLH,MN,AGL,CE,Combined TRACON& Tower with Radar,4,12,25,0,41,0,2,56,0,58,4,14,81,0,99,61,0,61,160
08/02/2021,DLH,MN,AGL,CE,Combined TRACON& Tower with Radar,4,13,37,0,54,0,6,63,0,69,4,19,100,0,123,78,0,78,201
08/03/2021,DLH,MN,AGL,CE,Combined TRACON& Tower with Radar,3,32,35,12,82,0,9,51,0,60,3,41,86,12,142,91,0,91,233
08/04/2021,DLH,MN,AGL,CE,Combined TRACON& Tower with Radar,6,31,51,16,104,0,7,67,0,74,6,38,118,16,178,60,22,82,260
08/05/2021,DLH,MN,AGL,CE,Combined TRACON& Tower with Radar,8,21,33,18,80,0,1,10,1,12,8,22,43,19,92,36,20,56,148
08/06/2021,DLH,MN,AGL,CE,Combined TRACON& Tower with Radar,8,14,37,15,74,0,6,59,0,65,8,20,96,15,139,72,18,90,229
08/07/2021,DLH,MN,AGL,CE,Combined TRACON& Tower with Radar,8,18,32,0,58,0,0,2,0,2,8,18,34,0,60,0,0,0,60
08/08/2021,DLH,MN,AGL,CE,Combined TRACON& Tower with Radar,10,10,10,1,31,0,0,0,0,0,10,10,10,1,31,0,0,0,31
08/09/2021,DLH,MN,AGL,CE,Combined TRACON& Tower with Radar,8,14,57,11,90,0,18,83,0,101,8,32,140,11,191,121,12,133,324
08/10/2021,DLH,MN,AGL,CE,Combined TRACON& Tower with Radar,8,19,46,2,75,0,11,37,0,48,8,30,83,2,123,80,6,86,209
08/11/2021,DLH,MN,AGL,CE,Combined TRACON& Tower with Radar,8,19,48,6,81,0,16,62,1,79,8,35,110,7,160,99,3,102,262
08/12/2021,DLH,MN,AGL,CE,Combined TRACON& Tower with Radar,7,19,25,4,55,0,23,51,1,75,7,42,76,5,130,17,2,19,149
08/13/2021,DLH,MN,AGL,CE,Combined TRACON& Tower with Radar,9,23,23,6,61,0,1,62,4,67,9,24,85,10,128,56,0,56,184
08/14/2021,DLH,MN,AGL,CE,Combined TRACON& Tower with Radar,8,17,15,9,49,0,3,54,0,57,8,20,69,9,106,93,24,117,223
08/15/2021,DLH,MN,AGL,CE,Combined TRACON& Tower with Radar,9,8,27,0,44,0,6,29,1,36,9,14,56,1,80,55,0,55,135
08/16/2021,DLH,MN,AGL,CE,Combined TRACON& Tower with Radar,8,17,26,6,57,2,25,51,1,79,10,42,77,7,136,88,6,94,230
08/17/2021,DLH,MN,AGL,CE,Combined TRACON& Tower with Radar,7,23,43,17,90,0,4,44,3,51,7,27,87,20,141,56,18,74,215
08/18/2021,DLH,MN,AGL,CE,Combined TRACON& Tower with Radar,9,21,46,20,96,0,9,79,1,89,9,30,125,21,185,157,8,165,350
08/19/2021,DLH,MN,AGL,CE,Combined TRACON& Tower with Radar,8,23,35,9,75,0,3,60,3,66,8,26,95,12,141,92,40,132,273
08/20/2021,DLH,MN,AGL,CE,Combined TRACON& Tower with Radar,8,18,24,14,64,0,7,47,4,58,8,25,71,18,122,28,78,106,228
08/21/2021,DLH,MN,AGL,CE,Combined TRACON& Tower with Radar,8,11,15,0,34,0,2,20,8,30,8,13,35,8,64,10,0,10,74
08/22/2021,DLH,MN,AGL,CE,Combined TRACON& Tower with Radar,8,13,21,4,46,0,5,52,8,65,8,18,73,12,111,50,0,50,161
08/23/2021,DLH,MN,AGL,CE,Combined TRACON& Tower with Radar,8,21,51,9,89,0,12,61,1,74,8,33,112,10,163,27,10,37,200
08/24/2021,DLH,MN,AGL,CE,Combined TRACON& Tower with Radar,7,13,41,4,65,0,9,32,2,43,7,22,73,6,108,99,0,99,207
08/25/2021,DLH,MN,AGL,CE,Combined TRACON& Tower with Radar,8,16,56,5,85,0,11,67,5,83,8,27,123,10,168,70,16,86,254
08/26/2021,DLH,MN,AGL,CE,Combined TRACON& Tower with Radar,6,13,49,5,73,0,3,22,2,27,6,16,71,7,100,133,2,135,235
08/27/2021,DLH,MN,AGL,CE,Combined TRACON& Tower with Radar,8,12,38,0,58,0,0,0,0,0,8,12,38,0,58,0,0,0,58
08/28/2021,DLH,MN,AGL,CE,Combined TRACON& Tower with Radar,9,10,7,0,26,0,0,0,0,0,9,10,7,0,26,0,0,0,26
08/29/2021,DLH,MN,AGL,CE,Combined TRACON& Tower with Radar,7,10,28,2,47,0,1,34,2,37,7,11,62,4,84,4,0,4,88
08/30/2021,DLH,MN,AGL,CE,Combined TRACON& Tower with Radar,9,12,49,12,82,0,13,71,6,90,9,25,120,18,172,149,10,159,331
08/31/2021,DLH,MN,AGL,CE,Combined TRACON& Tower with Radar,8,14,37,19,78,0,18,80,6,104,8,32,117,25,182,201,34,235,417
09/01/2021,DLH,MN,AGL,CE,Combined TRACON& Tower with Radar,10,22,62,7,101,0,16,70,0,86,10,38,132,7,187,122,0,122,309
09/02/2021,DLH,MN,AGL,CE,Combined TRACON& Tower with Radar,8,19,47,10,84,0,14,66,0,80,8,33,113,10,164,162,0,162,326
09/03/2021,DLH,MN,AGL,CE,Combined TRACON& Tower with Radar,12,15,51,0,78,0,6,4,0,10,12,21,55,0,88,69,0,69,157
09/04/2021,DLH,MN,AGL,CE,Combined TRACON& Tower with Radar,8,17,18,0,43,0,4,32,0,36,8,21,50,0,79,24,0,24,103
09/05/2021,DLH,MN,AGL,CE,Combined TRACON& Tower with Radar,8,9,7,8,32,0,3,48,0,51,8,12,55,8,83,28,6,34,117
09/06/2021,DLH,MN,AGL,CE,Combined TRACON& Tower with Radar,6,11,21,0,38,0,11,46,0,57,6,22,67,0,95,6,0,6,101
09/07/2021,DLH,MN,AGL,CE,Combined TRACON& Tower with Radar,8,16,40,7,71,0,3,42,0,45,8,19,82,7,116,54,0,54,170
09/08/2021,DLH,MN,AGL,CE,Combined TRACON& Tower with Radar,5,17,37,7,66,0,4,25,2,31,5,21,62,9,97,8,0,8,105
09/09/2021,DLH,MN,AGL,CE,Combined TRACON& Tower with Radar,4,21,48,23,96,0,21,48,1,70,4,42,96,24,166,240,44,284,450
09/10/2021,DLH,MN,AGL,CE,Combined TRACON& Tower with Radar,4,21,29,10,64,0,25,79,3,107,4,46,108,13,171,167,20,187,358
09/11/2021,DLH,MN,AGL,CE,Combined TRACON& Tower with Radar,4,20,12,0,36,0,30,56,8,94,4,50,68,8,130,87,6,93,223
09/12/2021,DLH,MN,AGL,CE,Combined TRACON& Tower with Radar,4,22,32,0,58,0,8,42,0,50,4,30,74,0,108,62,0,62,170
09/13/2021,DLH,MN,AGL,CE,Combined TRACON& Tower with Radar,4,21,36,14,75,0,12,50,0,62,4,33,86,14,137,136,4,140,277
09/14/2021,DLH,MN,AGL,CE,Combined TRACON& Tower with Radar,4,23,67,22,116,0,2,37,8,47,4,25,104,30,163,50,8,58,221
09/15/2021,DLH,MN,AGL,CE,Combined TRACON& Tower with Radar,4,18,52,12,86,0,16,86,4,106,4,34,138,16,192,153,24,177,369
09/16/2021,DLH,MN,AGL,CE,Combined TRACON& Tower with Radar,4,22,46,21,93,0,4,54,1,59,4,26,100,22,152,19,30,49,201
09/17/2021,DLH,MN,AGL,CE,Combined TRACON& Tower with Radar,4,16,30,22,72,0,6,54,2,62,4,22,84,24,134,28,32,60,194
09/18/2021,DLH,MN,AGL,CE,Combined TRACON& Tower with Radar,4,17,17,3,41,0,10,53,3,66,4,27,70,6,107,88,20,108,215
09/19/2021,DLH,MN,AGL,CE,Combined TRACON& Tower with Radar,4,10,23,9,46,0,11,38,1,50,4,21,61,10,96,4,2,6,102
09/20/2021,DLH,MN,AGL,CE,Combined TRACON& Tower with Radar,4,13,17,19,53,0,0,11,1,12,4,13,28,20,65,14,0,14,79
09/21/2021,DLH,MN,AGL,CE,Combined TRACON& Tower with Radar,4,21,49,18,92,0,15,63,1,79,4,36,112,19,171,194,0,194,365
09/22/2021,DLH,MN,AGL,CE,Combined TRACON& Tower with Radar,4,17,49,4,74,0,13,94,1,108,4,30,143,5,182,202,4,206,388
09/23/2021,DLH,MN,AGL,CE,Combined TRACON& Tower with Radar,4,24,52,0,80,0,18,87,1,106,4,42,139,1,186,134,0,134,320
09/24/2021,DLH,MN,AGL,CE,Combined TRACON& Tower with Radar,4,27,34,0,65,0,8,33,0,41,4,35,67,0,106,85,0,85,191
09/25/2021,DLH,MN,AGL,CE,Combined TRACON& Tower with Radar,4,22,11,0,37,0,8,81,0,89,4,30,92,0,126,134,6,140,266
09/26/2021,DLH,MN,AGL,CE,Combined TRACON& Tower with Radar,4,13,22,0,39,0,0,69,0,69,4,13,91,0,108,50,0,50,158
09/27/2021,DLH,MN,AGL,CE,Combined TRACON& Tower with Radar,4,16,36,2,58,0,9,47,0,56,4,25,83,2,114,125,4,129,243
09/28/2021,DLH,MN,AGL,CE,Combined TRACON& Tower with Radar,3,19,48,3,73,0,24,63,0,87,3,43,111,3,160,147,0,147,307
09/29/2021,DLH,MN,AGL,CE,Combined TRACON& Tower with Radar,5,24,52,7,88,0,27,76,0,103,5,51,128,7,191,103,0,103,294
09/30/2021,DLH,MN,AGL,CE,Combined TRACON& Tower with Radar,4,20,44,8,76,0,34,81,0,115,4,54,125,8,191,165,20,185,376
10/01/2021,DLH,MN,AGL,CE,Combined TRACON& Tower with Radar,4,27,37,8,76,0,15,47,1,63,4,42,84,9,139,133,12,145,284
10/02/2021,DLH,MN,AGL,CE,Combined TRACON& Tower with Radar,4,20,10,0,34,0,0,2,0,2,4,20,12,0,36,0,0,0,36
10/03/2021,DLH,MN,AGL,CE,Combined TRACON& Tower with Radar,3,18,22,0,43,0,2,3,0,5,3,20,25,0,48,0,0,0,48
10/04/2021,DLH,MN,AGL,CE,Combined TRACON& Tower with Radar,7,24,55,12,98,0,5,42,0,47,7,29,97,12,145,68,0,68,213
10/05/2021,DLH,MN,AGL,CE,Combined TRACON& Tower with Radar,3,19,40,0,62,0,4,10,0,14,3,23,50,0,76,14,0,14,90
10/06/2021,DLH,MN,AGL,CE,Combined TRACON& Tower with Radar,7,14,47,11,79,0,2,17,0,19,7,16,64,11,98,38,6,44,142
10/07/2021,DLH,MN,AGL,CE,Combined TRACON& Tower with Radar,4,32,45,16,97,0,7,46,0,53,4,39,91,16,150,118,14,132,282
10/08/2021,DLH,MN,AGL,CE,Combined TRACON& Tower with Radar,3,19,11,0,33,0,0,0,0,0,3,19,11,0,33,0,0,0,33
10/09/2021,DLH,MN,AGL,CE,Combined TRACON& Tower with Radar,5,14,19,0,38,0,0,27,0,27,5,14,46,0,65,76,0,76,141
10/10/2021,DLH,MN,AGL,CE,Combined TRACON& Tower with Radar,3,16,36,0,55,0,0,1,0,1,3,16,37,0,56,4,0,4,60
10/11/2021,DLH,MN,AGL,CE,Combined TRACON& Tower with Radar,3,16,70,0,89,0,3,9,0,12,3,19,79,0,101,78,0,78,179
10/12/2021,DLH,MN,AGL,CE,Combined TRACON& Tower with Radar,6,18,83,19,126,0,0,23,0,23,6,18,106,19,149,102,0,102,251
10/13/2021,DLH,MN,AGL,CE,Combined TRACON& Tower with Radar,4,17,28,1,50,0,0,0,0,0,4,17,28,1,50,0,0,0,50
10/14/2021,DLH,MN,AGL,CE,Combined TRACON& Tower with Radar,5,17,44,21,87,0,0,2,0,2,5,17,46,21,89,50,18,68,157
10/15/2021,DLH,MN,AGL,CE,Combined TRACON& Tower with Radar,4,23,56,8,91,0,7,56,0,63,4,30,112,8,154,152,2,154,308
10/16/2021,DLH,MN,AGL,CE,Combined TRACON& Tower with Radar,5,20,19,12,56,0,16,52,4,72,5,36,71,16,128,41,14,55,183
10/17/2021,DLH,MN,AGL,CE,Combined TRACON& Tower with Radar,4,18,31,3,56,0,11,77,3,91,4,29,108,6,147,105,20,125,272
10/18/2021,DLH,MN,AGL,CE,Combined TRACON& Tower with Radar,4,26,39,14,83,0,24,97,1,122,4,50,136,15,205,190,0,190,395
10/19/2021,DLH,MN,AGL,CE,Combined TRACON& Tower with Radar,4,17,24,10,55,0,20,58,0,78,4,37,82,10,133,140,2,142,275
10/20/2021,DLH,MN,AGL,CE,Combined TRACON& Tower with Radar,4,18,44,12,78,0,0,0,0,0,4,18,44,12,78,0,0,0,78
10/21/2021,DLH,MN,AGL,CE,Combined TRACON& Tower with Radar,3,24,47,12,86,0,23,118,2,143,3,47,165,14,229,140,2,142,371
10/22/2021,DLH,MN,AGL,CE,Combined TRACON& Tower with Radar,3,20,26,0,49,0,9,48,0,57,3,29,74,0,106,172,0,172,278
10/23/2021,DLH,MN,AGL,CE,Combined TRACON& Tower with Radar,4,19,17,0,40,0,4,56,0,60,4,23,73,0,100,66,0,66,166
10/24/2021,DLH,MN,AGL,CE,Combined TRACON& Tower with Radar,4,11,24,0,39,0,2,15,0,17,4,13,39,0,56,117,0,117,173
10/25/2021,DLH,MN,AGL,CE,Combined TRACON& Tower with Radar,8,15,27,13,63,0,3,6,0,9,8,18,33,13,72,71,0,71,143
10/26/2021,DLH,MN,AGL,CE,Combined TRACON& Tower with Radar,4,21,34,10,69,0,26,58,0,84,4,47,92,10,153,163,0,163,316
10/27/2021,DLH,MN,AGL,CE,Combined TRACON& Tower with Radar,4,18,36,31,89,0,5,17,0,22,4,23,53,31,111,44,86,130,241
10/28/2021,DLH,MN,AGL,CE,Combined TRACON& Tower with Radar,4,22,71,13,110,0,6,10,0,16,4,28,81,13,126,74,0,74,200
10/29/2021,DLH,MN,AGL,CE,Combined TRACON& Tower with Radar,5,20,63,17,105,0,19,60,1,80,5,39,123,18,185,154,4,158,343
10/30/2021,DLH,MN,AGL,CE,Combined TRACON& Tower with Radar,5,11,16,0,32,0,2,22,0,24,5,13,38,0,56,12,0,12,68
10/31/2021,DLH,MN,AGL,CE,Combined TRACON& Tower with Radar,6,8,16,0,30,0,0,16,0,16,6,8,32,0,46,36,0,36,82
11/01/2021,DLH,MN,AGL,CE,Combined TRACON& Tower with Radar,4,15,35,0,54,0,1,39,0,40,4,16,74,0,94,96,0,96,190
11/02/2021,DLH,MN,AGL,CE,Combined TRACON& Tower with Radar,4,19,33,16,72,0,27,50,0,77,4,46,83,16,149,120,6,126,275
11/03/2021,DLH,MN,AGL,CE,Combined TRACON& Tower with Radar,4,26,45,16,91,0,33,48,5,86,4,59,93,21,177,200,13,213,390
11/04/2021,DLH,MN,AGL,CE,Combined TRACON& Tower with Radar,4,19,64,10,97,0,9,29,4,42,4,28,93,14,139,60,8,68,207
11/05/2021,DLH,MN,AGL,CE,Combined TRACON& Tower with Radar,6,15,40,10,71,0,9,57,0,66,6,24,97,10,137,102,2,104,241
11/06/2021,DLH,MN,AGL,CE,Combined TRACON& Tower with Radar,5,12,21,0,38,0,18,54,1,73,5,30,75,1,111,100,0,100,211
11/07/2021,DLH,MN,AGL,CE,Combined TRACON& Tower with Radar,8,5,12,1,26,0,6,35,0,41,8,11,47,1,67,51,0,51,118
11/08/2021,DLH,MN,AGL,CE,Combined TRACON& Tower with Radar,8,9,29,22,68,0,27,44,4,75,8,36,73,26,143,152,30,182,325
11/09/2021,DLH,MN,AGL,CE,Combined TRACON& Tower with Radar,8,15,43,26,92,0,22,81,23,126,8,37,124,49,218,223,66,289,507
11/10/2021,DLH,MN,AGL,CE,Combined TRACON& Tower with Radar,8,14,47,34,103,0,11,49,14,74,8,25,96,48,177,64,69,133,310
11/11/2021,DLH,MN,AGL,CE,Combined TRACON& Tower with Radar,8,9,10,0,27,0,0,0,0,0,8,9,10,0,27,0,0,0,27
11/12/2021,DLH,MN,AGL,CE,Combined TRACON& Tower with Radar,7,9,20,0,36,0,0,1,0,1,7,9,21,0,37,0,0,0,37
11/13/2021,DLH,MN,AGL,CE,Combined TRACON& Tower with Radar,9,10,21,0,40,0,0,34,0,34,9,10,55,0,74,71,0,71,145
11/14/2021,DLH,MN,AGL,CE,Combined TRACON& Tower with Radar,8,6,16,0,30,0,4,17,0,21,8,10,33,0,51,57,0,57,108
11/15/2021,DLH,MN,AGL,CE,Combined TRACON& Tower with Radar,8,12,35,17,72,0,17,52,0,69,8,29,87,17,141,156,12,168,309
11/16/2021,DLH,MN,AGL,CE,Combined TRACON& Tower with Radar,10,11,52,16,89,0,12,44,0,56,10,23,96,16,145,79,15,94,239
11/17/2021,DLH,MN,AGL,CE,Combined TRACON& Tower with Radar,8,14,40,26,88,0,2,14,0,16,8,16,54,26,104,10,32,42,146
11/18/2021,DLH,MN,AGL,CE,Combined TRACON& Tower with Radar,8,12,39,14,73,0,5,14,0,19,8,17,53,14,92,18,2,20,112
11/19/2021,DLH,MN,AGL,CE,Combined TRACON& Tower with Radar,10,13,40,9,72,0,16,74,1,91,10,29,114,10,163,116,4,120,283
11/20/2021,DLH,MN,AGL,CE,Combined TRACON& Tower with Radar,12,13,21,0,46,0,14,84,0,98,12,27,105,0,144,112,0,112,256
11/21/2021,DLH,MN,AGL,CE,Combined TRACON& Tower with Radar,8,4,6,0,18,0,0,2,0,2,8,4,8,0,20,0,0,0,20
11/22/2021,DLH,MN,AGL,CE,Combined TRACON& Tower with Radar,8,9,31,19,67,0,6,54,3,63,8,15,85,22,130,114,49,163,293
11/23/2021,DLH,MN,AGL,CE,Combined TRACON& Tower with Radar,8,19,46,6,79,0,23,46,0,69,8,42,92,6,148,95,2,97,245
11/24/2021,DLH,MN,AGL,CE,Combined TRACON& Tower with Radar,8,15,32,0,55,0,4,24,0,28,8,19,56,0,83,82,0,82,165
11/25/2021,DLH,MN,AGL,CE,Combined TRACON& Tower with Radar,7,2,2,0,11,0,0,0,0,0,7,2,2,0,11,0,0,0,11
11/26/2021,DLH,MN,AGL,CE,Combined TRACON& Tower with Radar,8,11,7,0,26,0,3,32,0,35,8,14,39,0,61,15,0,15,76
11/27/2021,DLH,MN,AGL,CE,Combined TRACON& Tower with Radar,9,6,6,0,21,0,0,25,0,25,9,6,31,0,46,86,0,86,132
11/28/2021,DLH,MN,AGL,CE,Combined TRACON& Tower with Radar,10,6,23,0,39,0,5,47,0,52,10,11,70,0,91,62,0,62,153
11/29/2021,DLH,MN,AGL,CE,Combined TRACON& Tower with Radar,9,8,24,10,51,0,0,13,0,13,9,8,37,10,64,11,0,11,75
11/30/2021,DLH,MN,AGL,CE,Combined TRACON& Tower with Radar,8,12,36,10,66,0,15,41,0,56,8,27,77,10,122,108,8,116,238
12/01/2021,DLH,MN,AGL,CE,Combined TRACON& Tower with Radar,8,12,19,0,39,0,2,9,0,11,8,14,28,0,50,2,0,2,52
12/02/2021,DLH,MN,AGL,CE,Combined TRACON& Tower with Radar,10,14,46,18,88,0,4,39,0,43,10,18,85,18,131,47,14,61,192
12/03/2021,DLH,MN,AGL,CE,Combined TRACON& Tower with Radar,8,14,31,8,61,0,0,43,0,43,8,14,74,8,104,38,2,40,144
12/04/2021,DLH,MN,AGL,CE,Combined TRACON& Tower with Radar,7,11,23,7,48,0,14,64,3,81,7,25,87,10,129,94,21,115,244
12/05/2021,DLH,MN,AGL,CE,Combined TRACON& Tower with Radar,8,7,4,0,19,0,0,0,0,0,8,7,4,0,19,0,0,0,19
12/06/2021,DLH,MN,AGL,CE,Combined TRACON& Tower with Radar,11,4,13,10,38,0,8,15,2,25,11,12,28,12,63,33,26,59,122
12/07/2021,DLH,MN,AGL,CE,Combined TRACON& Tower with Radar,8,23,37,27,95,0,19,53,3,75,8,42,90,30,170,207,32,239,409
12/08/2021,DLH,MN,AGL,CE,Combined TRACON& Tower with Radar,8,12,38,14,72,0,15,49,3,67,8,27,87,17,139,142,0,142,281
12/09/2021,DLH,MN,AGL,CE,Combined TRACON& Tower with Radar,8,13,38,4,63,0,5,13,0,18,8,18,51,4,81,53,0,53,134
12/10/2021,DLH,MN,AGL,CE,Combined TRACON& Tower with Radar,13,14,40,1,68,0,16,61,0,77,13,30,101,1,145,224,0,224,369
12/11/2021,DLH,MN,AGL,CE,Combined TRACON& Tower with Radar,11,11,29,0,51,0,10,65,0,75,11,21,94,0,126,154,1,155,281
12/12/2021,DLH,MN,AGL,CE,Combined TRACON& Tower with Radar,10,6,24,0,40,0,4,29,0,33,10,10,53,0,73,67,1,68,141
12/13/2021,DLH,MN,AGL,CE,Combined TRACON& Tower with Radar,10,12,48,12,82,0,17,63,0,80,10,29,111,12,162,131,2,133,295
12/14/2021,DLH,MN,AGL,CE,Combined TRACON& Tower with Radar,8,18,39,15,80,0,13,50,9,72,8,31,89,24,152,71,14,85,237
12/15/2021,DLH,MN,AGL,CE,Combined TRACON& Tower with Radar,1,2,0,0,3,0,0,0,0,0,1,2,0,0,3,0,0,0,3
12/16/2021,DLH,MN,AGL,CE,Combined TRACON& Tower with Radar,11,6,7,0,24,0,0,0,0,0,11,6,7,0,24,0,0,0,24
12/17/2021,DLH,MN,AGL,CE,Combined TRACON& Tower with Radar,16,14,49,0,79,0,18,60,0,78,16,32,109,0,157,141,0,141,298
12/18/2021,DLH,MN,AGL,CE,Combined TRACON& Tower with Radar,9,7,29,0,45,0,5,66,0,71,9,12,95,0,116,126,0,126,242
12/19/2021,DLH,MN,AGL,CE,Combined TRACON& Tower with Radar,11,3,19,0,33,0,0,6,0,6,11,3,25,0,39,35,0,35,74
12/20/2021,DLH,MN,AGL,CE,Combined TRACON& Tower with Radar,13,12,43,16,84,0,3,45,0,48,13,15,88,16,132,16,30,46,178
12/21/2021,DLH,MN,AGL,CE,Combined TRACON& Tower with Radar,13,10,13,6,42,0,0,5,0,5,13,10,18,6,47,6,4,10,57
12/22/2021,DLH,MN,AGL,CE,Combined TRACON& Tower with Radar,12,15,52,7,86,0,13,71,0,84,12,28,123,7,170,200,10,210,380
12/23/2021,DLH,MN,AGL,CE,Combined TRACON& Tower with Radar,11,13,39,0,63,0,13,68,0,81,11,26,107,0,144,158,0,158,302
12/24/2021,DLH,MN,AGL,CE,Combined TRACON& Tower with Radar,16,9,8,0,33,0,3,18,0,21,16,12,26,0,54,18,0,18,72
12/25/2021,DLH,MN,AGL,CE,Combined TRACON& Tower with Radar,12,2,2,0,16,0,0,4,0,4,12,2,6,0,20,16,0,16,36
12/26/2021,DLH,MN,AGL,CE,Combined TRACON& Tower with Radar,10,5,11,0,26,0,0,0,0,0,10,5,11,0,26,0,0,0,26
12/27/2021,DLH,MN,AGL,CE,Combined TRACON& Tower with Radar,18,7,14,0,39,0,1,0,0,1,18,8,14,0,40,0,0,0,40
12/28/2021,DLH,MN,AGL,CE,Combined TRACON& Tower with Radar,10,7,25,0,42,0,0,10,0,10,10,7,35,0,52,18,0,18,70
12/29/2021,DLH,MN,AGL,CE,Combined TRACON& Tower with Radar,13,11,59,4,87,0,1,58,0,59,13,12,117,4,146,96,0,96,242
12/30/2021,DLH,MN,AGL,CE,Combined TRACON& Tower with Radar,10,10,31,4,55,0,2,14,0,16,10,12,45,4,71,53,2,55,126
12/31/2021,DLH,MN,AGL,CE,Combined TRACON& Tower with Radar,15,9,31,0,55,0,0,7,0,7,15,9,38,0,62,44,0,44,106
01/01/2022,DLH,MN,AGL,CE,Combined TRACON& Tower with Radar,8,3,8,0,19,0,0,7,0,7,8,3,15,0,26,20,0,20,46
01/02/2022,DLH,MN,AGL,CE,Combined TRACON& Tower with Radar,8,4,15,0,27,0,2,17,0,19,8,6,32,0,46,50,0,50,96
01/03/2022,DLH,MN,AGL,CE,Combined TRACON& Tower with Radar,13,7,5,17,42,0,5,44,0,49,13,12,49,17,91,106,44,150,241
01/04/2022,DLH,MN,AGL,CE,Combined TRACON& Tower with Radar,5,18,26,6,55,0,0,0,0,0,5,18,26,6,55,0,0,0,55
01/05/2022,DLH,MN,AGL,CE,Combined TRACON& Tower with Radar,4,13,9,0,26,0,0,0,0,0,4,13,9,0,26,0,0,0,26
01/06/2022,DLH,MN,AGL,CE,Combined TRACON& Tower with Radar,6,15,26,13,60,0,12,55,11,78,6,27,81,24,138,78,10,88,226
01/07/2022,DLH,MN,AGL,CE,Combined TRACON& Tower with Radar,9,11,38,14,72,0,6,43,0,49,9,17,81,14,121,51,16,67,188
01/08/2022,DLH,MN,AGL,CE,Combined TRACON& Tower with Radar,4,9,5,11,29,0,0,3,0,3,4,9,8,11,32,0,0,0,32
01/09/2022,DLH,MN,AGL,CE,Combined TRACON& Tower with Radar,4,13,15,1,33,0,3,16,0,19,4,16,31,1,52,13,0,13,65
01/10/2022,DLH,MN,AGL,CE,Combined TRACON& Tower with Radar,8,10,24,4,46,0,3,24,4,31,8,13,48,8,77,64,0,64,141
01/11/2022,DLH,MN,AGL,CE,Combined TRACON& Tower with Radar,3,18,25,4,50,0,9,36,0,45,3,27,61,4,95,55,0,55,150
01/12/2022,DLH,MN,AGL,CE,Combined TRACON& Tower with Radar,4,13,16,7,40,0,0,11,0,11,4,13,27,7,51,118,0,118,169
01/13/2022,DLH,MN,AGL,CE,Combined TRACON& Tower with Radar,4,15,27,7,53,0,8,19,0,27,4,23,46,7,80,24,10,34,114
01/14/2022,DLH,MN,AGL,CE,Combined TRACON& Tower with Radar,7,13,22,0,42,0,0,1,0,1,7,13,23,0,43,0,0,0,43
01/15/2022,DLH,MN,AGL,CE,Combined TRACON& Tower with Radar,1,14,43,0,58,0,0,31,0,31,1,14,74,0,89,22,0,22,111
01/16/2022,DLH,MN,AGL,CE,Combined TRACON& Tower with Radar,4,7,9,0,20,0,0,0,0,0,4,7,9,0,20,0,0,0,20
01/17/2022,DLH,MN,AGL,CE,Combined TRACON& Tower with Radar,8,8,17,0,33,0,0,5,0,5,8,8,22,0,38,26,0,26,64
01/18/2022,DLH,MN,AGL,CE,Combined TRACON& Tower with Radar,4,10,12,5,31,0,0,1,0,1,4,10,13,5,32,4,0,4,36
01/19/2022,DLH,MN,AGL,CE,Combined TRACON& Tower with Radar,4,12,20,0,36,0,2,23,0,25,4,14,43,0,61,2,0,2,63
01/20/2022,DLH,MN,AGL,CE,Combined TRACON& Tower with Radar,6,12,25,5,48,0,14,36,0,50,6,26,61,5,98,40,0,40,138
01/21/2022,DLH,MN,AGL,CE,Combined TRACON& Tower with Radar,10,10,27,0,47,0,2,12,0,14,10,12,39,0,61,18,0,18,79
01/22/2022,DLH,MN,AGL,CE,Combined TRACON& Tower with Radar,2,11,9,0,22,0,8,23,2,33,2,19,32,2,55,36,16,52,107
01/23/2022,DLH,MN,AGL,CE,Combined TRACON& Tower with Radar,7,8,12,0,27,0,2,18,0,20,7,10,30,0,47,54,0,54,101
01/24/2022,DLH,MN,AGL,CE,Combined TRACON& Tower with Radar,9,11,25,16,61,0,2,33,1,36,9,13,58,17,97,18,26,44,141
01/25/2022,DLH,MN,AGL,CE,Combined TRACON& Tower with Radar,4,13,20,0,37,0,7,18,0,25,4,20,38,0,62,62,0,62,124
01/26/2022,DLH,MN,AGL,CE,Combined TRACON& Tower with Radar,4,12,38,6,60,0,3,18,0,21,4,15,56,6,81,0,3,3,84
01/27/2022,DLH,MN,AGL,CE,Combined TRACON& Tower with Radar,6,14,40,0,60,0,6,62,0,68,6,20,102,0,128,30,0,30,158
01/28/2022,DLH,MN,AGL,CE,Combined TRACON& Tower with Radar,8,13,36,0,57,0,10,33,0,43,8,23,69,0,100,74,0,74,174
01/29/2022,DLH,MN,AGL,CE,Combined TRACON& Tower with Radar,2,8,8,0,18,0,0,15,0,15,2,8,23,0,33,20,0,20,53
01/30/2022,DLH,MN,AGL,CE,Combined TRACON& Tower with Radar,6,10,24,0,40,0,0,31,0,31,6,10,55,0,71,42,0,42,113
01/31/2022,DLH,MN,AGL,CE,Combined TRACON& Tower with Radar,8,10,41,0,59,0,10,30,0,40,8,20,71,0,99,10,0,10,109
02/01/2022,DLH,MN,AGL,CE,Combined TRACON& Tower with Radar,5,11,13,5,34,0,0,1,2,3,5,11,14,7,37,0,10,10,47
02/02/2022,DLH,MN,AGL,CE,Combined TRACON& Tower with Radar,5,13,31,2,51,0,11,36,0,47,5,24,67,2,98,77,0,77,175
02/03/2022,DLH,MN,AGL,CE,Combined TRACON& Tower with Radar,4,16,41,0,61,0,7,41,0,48,4,23,82,0,109,61,0,61,170
02/04/2022,DLH,MN,AGL,CE,Combined TRACON& Tower with Radar,8,16,36,8,68,0,1,49,0,50,8,17,85,8,118,113,4,117,235
02/05/2022,DLH,MN,AGL,CE,Combined TRACON& Tower with Radar,2,12,2,0,16,0,0,0,0,0,2,12,2,0,16,0,0,0,16
02/06/2022,DLH,MN,AGL,CE,Combined TRACON& Tower with Radar,4,11,16,0,31,0,2,11,0,13,4,13,27,0,44,76,0,76,120
02/07/2022,DLH,MN,AGL,CE,Combined TRACON& Tower with Radar,8,20,30,0,58,0,12,35,0,47,8,32,65,0,105,145,0,145,250
02/08/2022,DLH,MN,AGL,CE,Combined TRACON& Tower with Radar,4,17,40,0,61,0,4,55,0,59,4,21,95,0,120,150,0,150,270
02/09/2022,DLH,MN,AGL,CE,Combined TRACON& Tower with Radar,4,12,16,2,34,0,0,2,0,2,4,12,18,2,36,2,0,2,38
02/10/2022,DLH,MN,AGL,CE,Combined TRACON& Tower with Radar,3,14,39,0,56,0,1,22,0,23,3,15,61,0,79,33,0,33,112
02/11/2022,DLH,MN,AGL,CE,Combined TRACON& Tower with Radar,9,16,17,0,42,0,1,3,0,4,9,17,20,0,46,0,0,0,46
02/12/2022,DLH,MN,AGL,CE,Combined TRACON& Tower with Radar,4,15,19,3,41,0,4,27,0,31,4,19,46,3,72,48,4,52,124
02/13/2022,DLH,MN,AGL,CE,Combined TRACON& Tower with Radar,4,9,11,0,24,0,6,21,0,27,4,15,32,0,51,43,0,43,94
02/14/2022,DLH,MN,AGL,CE,Combined TRACON& Tower with Radar,13,17,42,0,72,0,10,57,0,67,13,27,99,0,139,82,0,82,221
02/15/2022,DLH,MN,AGL,CE,Combined TRACON& Tower with Radar,8,18,26,13,65,0,6,42,0,48,8,24,68,13,113,64,0,64,177
02/16/2022,DLH,MN,AGL,CE,Combined TRACON& Tower with Radar,6,14,40,4,64,0,8,25,0,33,6,22,65,4,97,59,10,69,166
02/17/2022,DLH,MN,AGL,CE,Combined TRACON& Tower with Radar,5,18,57,20,100,0,14,62,4,80,5,32,119,24,180,89,22,111,291
02/18/2022,DLH,MN,AGL,CE,Combined TRACON& Tower with Radar,8,18,11,0,37,0,0,5,0,5,8,18,16,0,42,4,0,4,46
02/19/2022,DLH,MN,AGL,CE,Combined TRACON& Tower with Radar,4,13,25,0,42,0,2,34,0,36,4,15,59,0,78,21,0,21,99
02/20/2022,DLH,MN,AGL,CE,Combined TRACON& Tower with Radar,5,9,27,0,41,0,0,11,0,11,5,9,38,0,52,0,0,0,52
02/21/2022,DLH,MN,AGL,CE,Combined TRACON& Tower with Radar,4,6,1,0,11,0,0,0,0,0,4,6,1,0,11,0,0,0,11
02/22/2022,DLH,MN,AGL,CE,Combined TRACON& Tower with Radar,8,7,1,0,16,0,0,0,0,0,8,7,1,0,16,0,0,0,16
02/23/2022,DLH,MN,AGL,CE,Combined TRACON& Tower with Radar,6,30,42,26,104,0,24,73,6,103,6,54,115,32,207,72,34,106,313
02/24/2022,DLH,MN,AGL,CE,Combined TRACON& Tower with Radar,4,16,53,14,87,0,9,70,0,79,4,25,123,14,166,76,16,92,258
02/25/2022,DLH,MN,AGL,CE,Combined TRACON& Tower with Radar,9,22,37,9,77,0,21,69,0,90,9,43,106,9,167,65,0,65,232
02/26/2022,DLH,MN,AGL,CE,Combined TRACON& Tower with Radar,3,12,12,0,27,0,0,38,0,38,3,12,50,0,65,17,15,32,97
02/27/2022,DLH,MN,AGL,CE,Combined TRACON& Tower with Radar,6,13,22,2,43,0,8,36,1,45,6,21,58,3,88,37,0,37,125
02/28/2022,DLH,MN,AGL,CE,Combined TRACON& Tower with Radar,10,16,31,15,72,0,1,11,0,12,10,17,42,15,84,30,0,30,114
03/01/2022,DLH,MN,AGL,CE,Combined TRACON& Tower with Radar,6,12,23,19,60,0,6,40,0,46,6,18,63,19,106,97,4,101,207
03/02/2022,DLH,MN,AGL,CE,Combined TRACON& Tower with Radar,6,12,21,9,48,0,7,7,0,14,6,19,28,9,62,11,4,15,77
03/03/2022,DLH,MN,AGL,CE,Combined TRACON& Tower with Radar,5,21,30,14,70,0,12,66,2,80,5,33,96,16,150,88,6,94,244
03/04/2022,DLH,MN,AGL,CE,Combined TRACON& Tower with Radar,8,20,47,0,75,0,4,50,0,54,8,24,97,0,129,34,0,34,163
03/05/2022,DLH,MN,AGL,CE,Combined TRACON& Tower with Radar,4,10,0,0,14,0,0,0,0,0,4,10,0,0,14,0,0,0,14
03/06/2022,DLH,MN,AGL,CE,Combined TRACON& Tower with Radar,3,11,10,0,24,0,0,6,0,6,3,11,16,0,30,28,0,28,58
03/07/2022,DLH,MN,AGL,CE,Combined TRACON& Tower with Radar,5,19,31,12,67,0,14,57,0,71,5,33,88,12,138,82,10,92,230
03/08/2022,DLH,MN,AGL,CE,Combined TRACON& Tower with Radar,2,15,32,24,73,0,4,35,0,39,2,19,67,24,112,33,38,71,183
03/09/2022,DLH,MN,AGL,CE,Combined TRACON& Tower with Radar,2,22,22,20,66,0,1,31,9,41,2,23,53,29,107,38,56,94,201
03/10/2022,DLH,MN,AGL,CE,Combined TRACON& Tower with Radar,2,25,33,19,79,0,7,56,6,69,2,32,89,25,148,89,23,112,260
03/11/2022,DLH,MN,AGL,CE,Combined TRACON& Tower with Radar,8,15,20,10,53,0,0,7,0,7,8,15,27,10,60,0,6,6,66
03/12/2022,DLH,MN,AGL,CE,Combined TRACON& Tower with Radar,2,15,26,14,57,0,2,50,0,52,2,17,76,14,109,78,6,84,193
03/13/2022,DLH,MN,AGL,CE,Combined TRACON& Tower with Radar,2,16,19,7,44,0,3,28,0,31,2,19,47,7,75,54,0,54,129
03/14/2022,DLH,MN,AGL,CE,Combined TRACON& Tower with Radar,8,16,46,20,90,0,8,58,0,66,8,24,104,20,156,56,10,66,222
03/15/2022,DLH,MN,AGL,CE,Combined TRACON& Tower with Radar,2,18,29,15,64,0,4,39,1,44,2,22,68,16,108,44,2,46,154
03/16/2022,DLH,MN,AGL,CE,Combined TRACON& Tower with Radar,6,16,29,21,72,0,2,36,0,38,6,18,65,21,110,60,4,64,174
03/17/2022,DLH,MN,AGL,CE,Combined TRACON& Tower with Radar,2,21,41,18,82,0,3,31,0,34,2,24,72,18,116,37,4,41,157
03/18/2022,DLH,MN,AGL,CE,Combined TRACON& Tower with Radar,6,21,49,7,83,0,0,13,0,13,6,21,62,7,96,32,0,32,128
03/19/2022,DLH,MN,AGL,CE,Combined TRACON& Tower with Radar,2,17,20,0,39,0,4,59,0,63,2,21,79,0,102,63,0,63,165
03/20/2022,DLH,MN,AGL,CE,Combined TRACON& Tower with Radar,2,18,31,0,51,0,4,43,0,47,2,22,74,0,98,87,0,87,185
03/21/2022,DLH,MN,AGL,CE,Combined TRACON& Tower with Radar,8,19,7,15,49,0,0,3,1,4,8,19,10,16,53,8,4,12,65
03/22/2022,DLH,MN,AGL,CE,Combined TRACON& Tower with Radar,4,12,4,0,20,0,0,0,0,0,4,12,4,0,20,0,0,0,20
03/23/2022,DLH,MN,AGL,CE,Combined TRACON& Tower with Radar,2,21,6,0,29,0,0,1,0,1,2,21,7,0,30,4,0,4,34
03/24/2022,DLH,MN,AGL,CE,Combined TRACON& Tower with Radar,2,18,42,20,82,0,4,75,1,80,2,22,117,21,162,138,32,170,332
03/25/2022,DLH,MN,AGL,CE,Combined TRACON& Tower with Radar,10,16,2,6,34,0,0,0,0,0,10,16,2,6,34,0,4,4,38
03/26/2022,DLH,MN,AGL,CE,Combined TRACON& Tower with Radar,3,14,16,0,33,0,4,23,0,27,3,18,39,0,60,8,0,8,68
03/27/2022,DLH,MN,AGL,CE,Combined TRACON& Tower with Radar,6,21,31,0,58,0,7,56,0,63,6,28,87,0,121,55,0,55,176
03/28/2022,DLH,MN,AGL,CE,Combined TRACON& Tower with Radar,10,11,30,19,70,0,9,54,4,67,10,20,84,23,137,69,22,91,228
03/29/2022,DLH,MN,AGL,CE,Combined TRACON& Tower with Radar,6,13,26,12,57,0,6,33,0,39,6,19,59,12,96,77,18,95,191
03/30/2022,DLH,MN,AGL,CE,Combined TRACON& Tower with Radar,6,13,2,0,21,0,0,0,0,0,6,13,2,0,21,0,0,0,21
03/31/2022,DLH,MN,AGL,CE,Combined TRACON& Tower with Radar,4,15,26,0,45,0,3,15,0,18,4,18,41,0,63,68,0,68,131
04/01/2022,DLH,MN,AGL,CE,Combined TRACON& Tower with Radar,8,14,41,0,63,0,13,71,0,84,8,27,112,0,147,128,0,128,275
04/02/2022,DLH,MN,AGL,CE,Combined TRACON& Tower with Radar,4,12,9,1,26,0,0,20,0,20,4,12,29,1,46,18,0,18,64
04/03/2022,DLH,MN,AGL,CE,Combined TRACON& Tower with Radar,4,12,30,4,50,0,11,48,0,59,4,23,78,4,109,37,0,37,146
04/04/2022,DLH,MN,AGL,CE,Combined TRACON& Tower with Radar,5,13,14,3,35,0,0,6,0,6,5,13,20,3,41,16,0,16,57
04/05/2022,DLH,MN,AGL,CE,Combined TRACON& Tower with Radar,9,15,12,0,36,0,0,3,0,3,9,15,15,0,39,0,0,0,39
04/06/2022,DLH,MN,AGL,CE,Combined TRACON& Tower with Radar,4,14,11,0,29,0,0,0,0,0,4,14,11,0,29,0,0,0,29
04/07/2022,DLH,MN,AGL,CE,Combined TRACON& Tower with Radar,4,18,8,4,34,0,0,0,0,0,4,18,8,4,34,0,0,0,34
04/08/2022,DLH,MN,AGL,CE,Combined TRACON& Tower with Radar,7,14,28,7,56,0,0,40,0,40,7,14,68,7,96,26,0,26,122
04/09/2022,DLH,MN,AGL,CE,Combined TRACON& Tower with Radar,5,11,55,0,71,0,20,125,0,145,5,31,180,0,216,50,0,50,266
04/10/2022,DLH,MN,AGL,CE,Combined TRACON& Tower with Radar,4,13,30,6,53,0,4,51,0,55,4,17,81,6,108,26,4,30,138
04/11/2022,DLH,MN,AGL,CE,Combined TRACON& Tower with Radar,9,17,16,6,48,0,0,25,0,25,9,17,41,6,73,42,4,46,119
04/12/2022,DLH,MN,AGL,CE,Combined TRACON& Tower with Radar,10,12,32,4,58,0,2,23,0,25,10,14,55,4,83,52,6,58,141
04/13/2022,DLH,MN,AGL,CE,Combined TRACON& Tower with Radar,9,12,5,0,26,0,0,0,0,0,9,12,5,0,26,0,0,0,26
04/14/2022,DLH,MN,AGL,CE,Combined TRACON& Tower with Radar,5,11,8,0,24,0,0,0,0,0,5,11,8,0,24,0,0,0,24
04/15/2022,DLH,MN,AGL,CE,Combined TRACON& Tower with Radar,11,22,22,0,55,0,0,20,0,20,11,22,42,0,75,50,0,50,125
04/16/2022,DLH,MN,AGL,CE,Combined TRACON& Tower with Radar,6,12,25,0,43,0,1,42,0,43,6,13,67,0,86,49,0,49,135
04/17/2022,DLH,MN,AGL,CE,Combined TRACON& Tower with Radar,5,10,20,0,35,0,0,16,0,16,5,10,36,0,51,36,0,36,87
04/18/2022,DLH,MN,AGL,CE,Combined TRACON& Tower with Radar,9,10,8,0,27,0,0,0,0,0,9,10,8,0,27,4,0,4,31
04/19/2022,DLH,MN,AGL,CE,Combined TRACON& Tower with Radar,8,16,77,7,108,0,8,76,1,85,8,24,153,8,193,90,10,100,293
04/20/2022,DLH,MN,AGL,CE,Combined TRACON& Tower with Radar,6,14,13,16,49,0,0,18,1,19,6,14,31,17,68,12,2,14,82
04/21/2022,DLH,MN,AGL,CE,Combined TRACON& Tower with Radar,6,21,47,3,77,0,4,44,0,48,6,25,91,3,125,43,4,47,172
04/22/2022,DLH,MN,AGL,CE,Combined TRACON& Tower with Radar,10,17,28,5,60,0,1,11,1,13,10,18,39,6,73,46,2,48,121
04/23/2022,DLH,MN,AGL,CE,Combined TRACON& Tower with Radar,8,6,3,0,17,0,0,0,0,0,8,6,3,0,17,0,0,0,17
04/24/2022,DLH,MN,AGL,CE,Combined TRACON& Tower with Radar,6,11,28,0,45,0,1,15,0,16,6,12,43,0,61,18,0,18,79
04/25/2022,DLH,MN,AGL,CE,Combined TRACON& Tower with Radar,10,11,25,5,51,0,0,14,1,15,10,11,39,6,66,52,5,57,123
04/26/2022,DLH,MN,AGL,CE,Combined TRACON& Tower with Radar,6,13,49,8,76,0,5,54,1,60,6,18,103,9,136,45,0,45,181
04/27/2022,DLH,MN,AGL,CE,Combined TRACON& Tower with Radar,8,15,64,11,98,0,17,52,3,72,8,32,116,14,170,100,14,114,284
04/28/2022,DLH,MN,AGL,CE,Combined TRACON& Tower with Radar,6,13,56,11,86,0,10,81,0,91,6,23,137,11,177,138,6,144,321
04/29/2022,DLH,MN,AGL,CE,Combined TRACON& Tower with Radar,6,12,63,6,87,0,0,23,0,23,6,12,86,6,110,69,0,69,179
04/30/2022,DLH,MN,AGL,CE,Combined TRACON& Tower with Radar,7,8,4,0,19,0,0,0,0,0,7,8,4,0,19,0,0,0,19
05/01/2022,DLH,MN,AGL,CE,Combined TRACON& Tower with Radar,7,12,10,0,29,0,0,0,0,0,7,12,10,0,29,0,0,0,29
05/02/2022,DLH,MN,AGL,CE,Combined TRACON& Tower with Radar,7,13,22,0,42,0,3,29,0,32,7,16,51,0,74,46,0,46,120
05/03/2022,DLH,MN,AGL,CE,Combined TRACON& Tower with Radar,6,21,34,14,75,0,4,73,2,79,6,25,107,16,154,104,22,126,280
05/04/2022,DLH,MN,AGL,CE,Combined TRACON& Tower with Radar,6,17,38,21,82,0,11,71,1,83,6,28,109,22,165,103,26,129,294
05/05/2022,DLH,MN,AGL,CE,Combined TRACON& Tower with Radar,6,16,33,9,64,0,13,81,1,95,6,29,114,10,159,109,10,119,278
05/06/2022,DLH,MN,AGL,CE,Combined TRACON& Tower with Radar,5,18,44,0,67,0,9,49,0,58,5,27,93,0,125,118,0,118,243
05/07/2022,DLH,MN,AGL,CE,Combined TRACON& Tower with Radar,7,8,32,0,47,0,8,70,0,78,7,16,102,0,125,79,0,79,204
05/08/2022,DLH,MN,AGL,CE,Combined TRACON& Tower with Radar,5,9,31,0,45,0,0,13,0,13,5,9,44,0,58,12,0,12,70
05/09/2022,DLH,MN,AGL,CE,Combined TRACON& Tower with Radar,7,12,12,6,37,0,2,5,0,7,7,14,17,6,44,0,0,0,44
05/10/2022,DLH,MN,AGL,CE,Combined TRACON& Tower with Radar,6,16,38,3,63,0,10,55,1,66,6,26,93,4,129,82,8,90,219
05/11/2022,DLH,MN,AGL,CE,Combined TRACON& Tower with Radar,6,16,22,8,52,0,2,24,0,26,6,18,46,8,78,16,12,28,106
05/12/2022,DLH,MN,AGL,CE,Combined TRACON& Tower with Radar,7,14,17,2,40,0,0,0,0,0,7,14,17,2,40,12,0,12,52
05/13/2022,DLH,MN,AGL,CE,Combined TRACON& Tower with Radar,5,16,34,0,55,0,5,57,0,62,5,21,91,0,117,44,0,44,161
05/14/2022,DLH,MN,AGL,CE,Combined TRACON& Tower with Radar,6,11,24,0,41,0,1,76,0,77,6,12,100,0,118,46,2,48,166
05/15/2022,DLH,MN,AGL,CE,Combined TRACON& Tower with Radar,8,14,20,0,42,0,3,40,0,43,8,17,60,0,85,26,0,26,111
05/16/2022,DLH,MN,AGL,CE,Combined TRACON& Tower with Radar,8,17,51,3,79,0,8,54,3,65,8,25,105,6,144,71,10,81,225
05/17/2022,DLH,MN,AGL,CE,Combined TRACON& Tower with Radar,6,20,48,6,80,0,17,55,3,75,6,37,103,9,155,141,26,167,322
05/18/2022,DLH,MN,AGL,CE,Combined TRACON& Tower with Radar,7,14,39,11,71,0,2,30,1,33,7,16,69,12,104,53,12,65,169
05/19/2022,DLH,MN,AGL,CE,Combined TRACON& Tower with Radar,10,15,44,10,79,0,0,20,2,22,10,15,64,12,101,75,16,91,192
05/20/2022,DLH,MN,AGL,CE,Combined TRACON& Tower with Radar,5,14,48,0,67,0,8,62,0,70,5,22,110,0,137,50,0,50,187
05/21/2022,DLH,MN,AGL,CE,Combined TRACON& Tower with Radar,5,10,31,2,48,0,4,38,1,43,5,14,69,3,91,38,0,38,129
05/22/2022,DLH,MN,AGL,CE,Combined TRACON& Tower with Radar,8,11,62,0,81,0,5,69,0,74,8,16,131,0,155,54,0,54,209
05/23/2022,DLH,MN,AGL,CE,Combined TRACON& Tower with Radar,6,18,28,7,59,0,4,41,1,46,6,22,69,8,105,104,4,108,213
05/24/2022,DLH,MN,AGL,CE,Combined TRACON& Tower with Radar,6,14,42,10,72,0,5,77,0,82,6,19,119,10,154,102,4,106,260
05/25/2022,DLH,MN,AGL,CE,Combined TRACON& Tower with Radar,8,13,25,4,50,0,4,7,0,11,8,17,32,4,61,14,0,14,75
05/26/2022,DLH,MN,AGL,CE,Combined TRACON& Tower with Radar,6,19,68,0,93,0,2,30,0,32,6,21,98,0,125,164,0,164,289
05/27/2022,DLH,MN,AGL,CE,Combined TRACON& Tower with Radar,6,19,40,0,65,0,5,71,0,76,6,24,111,0,141,45,0,45,186
05/28/2022,DLH,MN,AGL,CE,Combined TRACON& Tower with Radar,4,14,18,0,36,0,4,1,0,5,4,18,19,0,41,2,0,2,43
05/29/2022,DLH,MN,AGL,CE,Combined TRACON& Tower with Radar,7,6,20,0,33,0,2,10,0,12,7,8,30,0,45,2,0,2,47
05/30/2022,DLH,MN,AGL,CE,Combined TRACON& Tower with Radar,6,11,4,0,21,0,0,0,0,0,6,11,4,0,21,18,0,18,39
05/31/2022,DLH,MN,AGL,CE,Combined TRACON& Tower with Radar,6,18,16,1,41,0,4,0,1,5,6,22,16,2,46,0,0,0,46
06/01/2022,DLH,MN,AGL,CE,Combined TRACON& Tower with Radar,6,18,30,20,74,0,16,65,1,82,6,34,95,21,156,100,18,118,274
06/02/2022,DLH,MN,AGL,CE,Combined TRACON& Tower with Radar,6,13,21,19,59,0,6,28,5,39,6,19,49,24,98,46,24,70,168
06/03/2022,DLH,MN,AGL,CE,Combined TRACON& Tower with Radar,5,27,39,0,71,0,11,49,0,60,5,38,88,0,131,60,0,60,191
06/04/2022,DLH,MN,AGL,CE,Combined TRACON& Tower with Radar,4,19,19,0,42,0,5,58,0,63,4,24,77,0,105,2,2,4,109
06/05/2022,DLH,MN,AGL,CE,Combined TRACON& Tower with Radar,4,10,17,0,31,0,4,81,0,85,4,14,98,0,116,46,0,46,162
06/06/2022,DLH,MN,AGL,CE,Combined TRACON& Tower with Radar,4,21,29,6,60,0,8,49,0,57,4,29,78,6,117,140,4,144,261
06/07/2022,DLH,MN,AGL,CE,Combined TRACON& Tower with Radar,4,21,24,6,55,0,8,74,0,82,4,29,98,6,137,130,8,138,275
06/08/2022,DLH,MN,AGL,CE,Combined TRACON& Tower with Radar,4,25,40,6,75,0,7,51,1,59,4,32,91,7,134,114,2,116,250
06/09/2022,DLH,MN,AGL,CE,Combined TRACON& Tower with Radar,4,20,31,4,59,0,12,56,1,69,4,32,87,5,128,92,4,96,224
06/10/2022,DLH,MN,AGL,CE,Combined TRACON& Tower with Radar,4,16,27,0,47,0,7,67,0,74,4,23,94,0,121,128,0,128,249
06/11/2022,DLH,MN,AGL,CE,Combined TRACON& Tower with Radar,4,17,27,6,54,0,2,14,0,16,4,19,41,6,70,64,6,70,140
06/12/2022,DLH,MN,AGL,CE,Combined TRACON& Tower with Radar,4,12,36,4,56,0,5,35,0,40,4,17,71,4,96,151,28,179,275
06/13/2022,DLH,MN,AGL,CE,Combined TRACON& Tower with Radar,4,22,23,0,49,0,4,3,0,7,4,26,26,0,56,64,0,64,120
06/14/2022,DLH,MN,AGL,CE,Combined TRACON& Tower with Radar,4,28,24,6,62,0,2,7,3,12,4,30,31,9,74,0,0,0,74
06/15/2022,DLH,MN,AGL,CE,Combined TRACON& Tower with Radar,3,18,33,13,67,0,2,54,3,59,3,20,87,16,126,130,40,170,296
06/16/2022,DLH,MN,AGL,CE,Combined TRACON& Tower with Radar,5,19,32,7,63,0,0,21,1,22,5,19,53,8,85,6,5,11,96
06/17/2022,DLH,MN,AGL,CE,Combined TRACON& Tower with Radar,4,19,46,0,69,0,13,109,0,122,4,32,155,0,191,87,0,87,278
06/18/2022,DLH,MN,AGL,CE,Combined TRACON& Tower with Radar,4,15,28,2,49,0,3,50,1,54,4,18,78,3,103,47,0,47,150
06/19/2022,DLH,MN,AGL,CE,Combined TRACON& Tower with Radar,4,12,25,0,41,0,3,76,0,79,4,15,101,0,120,91,0,91,211
06/20/2022,DLH,MN,AGL,CE,Combined TRACON& Tower with Radar,5,13,28,0,46,0,4,61,0,65,5,17,89,0,111,66,0,66,177
06/21/2022,DLH,MN,AGL,CE,Combined TRACON& Tower with Radar,3,22,27,9,61,0,0,40,0,40,3,22,67,9,101,54,2,56,157
06/22/2022,DLH,MN,AGL,CE,Combined TRACON& Tower with Radar,4,25,29,6,64,0,5,61,2,68,4,30,90,8,132,155,6,161,293
06/23/2022,DLH,MN,AGL,CE,Combined TRACON& Tower with Radar,4,21,33,13,71,0,2,55,3,60,4,23,88,16,131,52,10,62,193
06/24/2022,DLH,MN,AGL,CE,Combined TRACON& Tower with Radar,3,18,43,12,76,0,8,57,0,65,3,26,100,12,141,78,8,86,227
06/25/2022,DLH,MN,AGL,CE,Combined TRACON& Tower with Radar,5,10,38,3,56,0,1,39,0,40,5,11,77,3,96,12,0,12,108
06/26/2022,DLH,MN,AGL,CE,Combined TRACON& Tower with Radar,4,12,18,1,35,0,1,12,0,13,4,13,30,1,48,2,0,2,50
06/27/2022,DLH,MN,AGL,CE,Combined TRACON& Tower with Radar,4,20,39,11,74,0,10,78,2,90,4,30,117,13,164,146,13,159,323
06/28/2022,DLH,MN,AGL,CE,Combined TRACON& Tower with Radar,4,26,41,6,77,0,4,81,1,86,4,30,122,7,163,107,14,121,284
06/29/2022,DLH,MN,AGL,CE,Combined TRACON& Tower with Radar,4,17,34,1,56,0,9,86,1,96,4,26,120,2,152,130,0,130,282
06/30/2022,DLH,MN,AGL,CE,Combined TRACON& Tower with Radar,4,21,39,8,72,0,5,42,0,47,4,26,81,8,119,66,0,66,185
07/01/2022,DLH,MN,AGL,CE,Combined TRACON& Tower with Radar,4,20,20,0,44,0,4,54,0,58,4,24,74,0,102,44,0,44,146
07/02/2022,DLH,MN,AGL,CE,Combined TRACON& Tower with Radar,4,12,19,6,41,0,9,68,2,79,4,21,87,8,120,42,0,42,162
07/03/2022,DLH,MN,AGL,CE,Combined TRACON& Tower with Radar,6,12,21,0,39,0,0,47,2,49,6,12,68,2,88,55,0,55,143
07/04/2022,DLH,MN,AGL,CE,Combined TRACON& Tower with Radar,4,10,7,0,21,0,0,0,0,0,4,10,7,0,21,0,0,0,21
07/05/2022,DLH,MN,AGL,CE,Combined TRACON& Tower with Radar,4,23,38,8,73,0,1,12,0,13,4,24,50,8,86,0,0,0,86
07/06/2022,DLH,MN,AGL,CE,Combined TRACON& Tower with Radar,4,19,28,15,66,0,9,44,3,56,4,28,72,18,122,108,24,132,254
07/07/2022,DLH,MN,AGL,CE,Combined TRACON& Tower with Radar,6,20,34,14,74,0,7,71,0,78,6,27,105,14,152,87,8,95,247
07/08/2022,DLH,MN,AGL,CE,Combined TRACON& Tower with Radar,5,14,38,10,67,0,8,65,0,73,5,22,103,10,140,46,2,48,188
07/09/2022,DLH,MN,AGL,CE,Combined TRACON& Tower with Radar,5,17,15,8,45,0,2,67,2,71,5,19,82,10,116,91,0,91,207
07/10/2022,DLH,MN,AGL,CE,Combined TRACON& Tower with Radar,4,15,14,1,34,0,4,28,0,32,4,19,42,1,66,39,0,39,105
07/11/2022,DLH,MN,AGL,CE,Combined TRACON& Tower with Radar,3,17,17,1,38,0,1,24,0,25,3,18,41,1,63,72,0,72,135
07/12/2022,DLH,MN,AGL,CE,Combined TRACON& Tower with Radar,2,17,27,27,73,0,3,33,2,38,2,20,60,29,111,48,30,78,189
07/13/2022,DLH,MN,AGL,CE,Combined TRACON& Tower with Radar,2,27,60,12,101,0,9,74,2,85,2,36,134,14,186,113,16,129,315
07/14/2022,DLH,MN,AGL,CE,Combined TRACON& Tower with Radar,2,25,23,9,59,0,5,52,3,60,2,30,75,12,119,50,20,70,189
07/15/2022,DLH,MN,AGL,CE,Combined TRACON& Tower with Radar,4,21,15,6,46,0,3,57,3,63,4,24,72,9,109,5,0,5,114
07/16/2022,DLH,MN,AGL,CE,Combined TRACON& Tower with Radar,4,10,18,0,32,0,5,107,1,113,4,15,125,1,145,14,0,14,159
07/17/2022,DLH,MN,AGL,CE,Combined TRACON& Tower with Radar,2,13,23,3,41,0,2,73,2,77,2,15,96,5,118,18,0,18,136
07/18/2022,DLH,MN,AGL,CE,Combined TRACON& Tower with Radar,1,22,31,20,74,0,12,55,1,68,1,34,86,21,142,67,30,97,239
07/19/2022,DLH,MN,AGL,CE,Combined TRACON& Tower with Radar,3,15,31,9,58,0,1,26,0,27,3,16,57,9,85,91,4,95,180
07/20/2022,DLH,MN,AGL,CE,Combined TRACON& Tower with Radar,2,17,43,7,69,0,7,24,3,34,2,24,67,10,103,62,4,66,169
07/21/2022,DLH,MN,AGL,CE,Combined TRACON& Tower with Radar,2,21,51,12,86,0,2,59,0,61,2,23,110,12,147,130,6,136,283
07/22/2022,DLH,MN,AGL,CE,Combined TRACON& Tower with Radar,2,33,39,2,76,0,12,69,6,87,2,45,108,8,163,40,0,40,203
07/23/2022,DLH,MN,AGL,CE,Combined TRACON& Tower with Radar,1,12,15,0,28,0,3,44,0,47,1,15,59,0,75,14,0,14,89
07/24/2022,DLH,MN,AGL,CE,Combined TRACON& Tower with Radar,5,10,29,0,44,0,26,66,0,92,5,36,95,0,136,6,0,6,142
07/25/2022,DLH,MN,AGL,CE,Combined TRACON& Tower with Radar,4,14,44,8,70,0,5,53,3,61,4,19,97,11,131,73,24,97,228
07/26/2022,DLH,MN,AGL,CE,Combined TRACON& Tower with Radar,2,19,49,6,76,0,1,30,0,31,2,20,79,6,107,54,4,58,165
07/27/2022,DLH,MN,AGL,CE,Combined TRACON& Tower with Radar,4,14,45,9,72,0,0,54,0,54,4,14,99,9,126,51,0,51,177
07/28/2022,DLH,MN,AGL,CE,Combined TRACON& Tower with Radar,4,21,55,6,86,0,5,45,3,53,4,26,100,9,139,55,12,67,206
07/29/2022,DLH,MN,AGL,CE,Combined TRACON& Tower with Radar,2,27,44,1,74,0,5,64,0,69,2,32,108,1,143,29,0,29,172
07/30/2022,DLH,MN,AGL,CE,Combined TRACON& Tower with Radar,2,16,13,0,31,0,4,65,0,69,2,20,78,0,100,36,0,36,136
07/31/2022,DLH,MN,AGL,CE,Combined TRACON& Tower with Radar,2,9,16,5,32,0,8,41,0,49,2,17,57,5,81,6,0,6,87
08/01/2022,DLH,MN,AGL,CE,Combined TRACON& Tower with Radar,2,16,25,5,48,0,5,50,0,55,2,21,75,5,103,90,0,90,193
08/02/2022,DLH,MN,AGL,CE,Combined TRACON& Tower with Radar,4,12,30,12,58,0,4,41,0,45,4,16,71,12,103,41,4,45,148
08/03/2022,DLH,MN,AGL,CE,Combined TRACON& Tower with Radar,5,21,54,4,84,0,2,55,2,59,5,23,109,6,143,12,0,12,155
08/04/2022,DLH,MN,AGL,CE,Combined TRACON& Tower with Radar,4,16,58,18,96,0,4,90,0,94,4,20,148,18,190,98,0,98,288
08/05/2022,DLH,MN,AGL,CE,Combined TRACON& Tower with Radar,4,17,35,4,60,0,13,72,3,88,4,30,107,7,148,48,8,56,204
08/06/2022,DLH,MN,AGL,CE,Combined TRACON& Tower with Radar,5,15,26,3,49,0,2,47,1,50,5,17,73,4,99,70,6,76,175
08/07/2022,DLH,MN,AGL,CE,Combined TRACON& Tower with Radar,4,22,23,12,61,0,0,37,1,38,4,22,60,13,99,84,12,96,195
08/08/2022,DLH,MN,AGL,CE,Combined TRACON& Tower with Radar,4,15,40,9,68,0,8,70,2,80,4,23,110,11,148,87,4,91,239
08/09/2022,DLH,MN,AGL,CE,Combined TRACON& Tower with Radar,4,19,30,18,71,0,17,91,1,109,4,36,121,19,180,219,30,249,429
08/10/2022,DLH,MN,AGL,CE,Combined TRACON& Tower with Radar,4,20,41,8,73,0,7,72,2,81,4,27,113,10,154,100,10,110,264
08/11/2022,DLH,MN,AGL,CE,Combined TRACON& Tower with Radar,4,22,35,13,74,0,15,91,3,109,4,37,126,16,183,63,10,73,256
08/12/2022,DLH,MN,AGL,CE,Combined TRACON& Tower with Radar,4,23,35,1,63,0,1,10,0,11,4,24,45,1,74,14,0,14,88
08/13/2022,DLH,MN,AGL,CE,Combined TRACON& Tower with Radar,4,19,51,0,74,0,2,16,0,18,4,21,67,0,92,28,0,28,120
08/14/2022,DLH,MN,AGL,CE,Combined TRACON& Tower with Radar,4,11,24,0,39,0,0,35,0,35,4,11,59,0,74,40,0,40,114
08/15/2022,DLH,MN,AGL,CE,Combined TRACON& Tower with Radar,6,15,38,8,67,0,1,21,0,22,6,16,59,8,89,63,4,67,156
08/16/2022,DLH,MN,AGL,CE,Combined TRACON& Tower with Radar,4,21,53,8,86,0,0,23,0,23,4,21,76,8,109,61,0,61,170
08/17/2022,DLH,MN,AGL,CE,Combined TRACON& Tower with Radar,6,15,61,6,88,0,11,26,0,37,6,26,87,6,125,30,6,36,161
08/18/2022,DLH,MN,AGL,CE,Combined TRACON& Tower with Radar,4,15,48,3,70,0,0,13,1,14,4,15,61,4,84,8,6,14,98
08/19/2022,DLH,MN,AGL,CE,Combined TRACON& Tower with Radar,4,18,34,3,59,0,1,20,2,23,4,19,54,5,82,74,6,80,162
08/20/2022,DLH,MN,AGL,CE,Combined TRACON& Tower with Radar,4,20,27,3,54,0,0,26,0,26,4,20,53,3,80,2,0,2,82
08/21/2022,DLH,MN,AGL,CE,Combined TRACON& Tower with Radar,2,13,30,1,46,0,2,57,0,59,2,15,87,1,105,53,0,53,158
08/22/2022,DLH,MN,AGL,CE,Combined TRACON& Tower with Radar,6,14,28,11,59,0,1,77,1,79,6,15,105,12,138,152,18,170,308
08/23/2022,DLH,MN,AGL,CE,Combined TRACON& Tower with Radar,4,15,32,3,54,0,7,116,4,127,4,22,148,7,181,161,0,161,342
08/24/2022,DLH,MN,AGL,CE,Combined TRACON& Tower with Radar,4,14,38,6,62,0,1,4,0,5,4,15,42,6,67,38,0,38,105
08/25/2022,DLH,MN,AGL,CE,Combined TRACON& Tower with Radar,4,21,60,17,102,0,0,88,1,89,4,21,148,18,191,157,6,163,354
08/26/2022,DLH,MN,AGL,CE,Combined TRACON& Tower with Radar,4,18,58,9,89,0,7,91,0,98,4,25,149,9,187,126,0,126,313
08/27/2022,DLH,MN,AGL,CE,Combined TRACON& Tower with Radar,6,12,27,4,49,0,4,30,0,34,6,16,57,4,83,10,0,10,93
08/28/2022,DLH,MN,AGL,CE,Combined TRACON& Tower with Radar,4,10,33,0,47,0,0,24,0,24,4,10,57,0,71,9,0,9,80
08/29/2022,DLH,MN,AGL,CE,Combined TRACON& Tower with Radar,4,15,38,7,64,0,2,45,5,52,4,17,83,12,116,126,29,155,271
08/30/2022,DLH,MN,AGL,CE,Combined TRACON& Tower with Radar,6,19,50,6,81,0,11,68,0,79,6,30,118,6,160,53,4,57,217
08/31/2022,DLH,MN,AGL,CE,Combined TRACON& Tower with Radar,6,17,56,14,93,0,13,129,0,142,6,30,185,14,235,178,12,190,425
09/01/2022,DLH,MN,AGL,CE,Combined TRACON& Tower with Radar,4,22,54,12,92,0,4,79,10,93,4,26,133,22,185,191,38,229,414
09/02/2022,DLH,MN,AGL,CE,Combined TRACON& Tower with Radar,8,12,20,1,41,0,1,44,0,45,8,13,64,1,86,124,0,124,210
09/03/2022,DLH,MN,AGL,CE,Combined TRACON& Tower with Radar,4,8,18,2,32,0,2,65,0,67,4,10,83,2,99,104,0,104,203
09/04/2022,DLH,MN,AGL,CE,Combined TRACON& Tower with Radar,4,9,21,1,35,0,2,65,0,67,4,11,86,1,102,52,0,52,154
09/05/2022,DLH,MN,AGL,CE,Combined TRACON& Tower with Radar,4,9,43,0,56,0,2,43,0,45,4,11,86,0,101,52,0,52,153
09/06/2022,DLH,MN,AGL,CE,Combined TRACON& Tower with Radar,4,21,35,11,71,0,1,39,0,40,4,22,74,11,111,70,8,78,189
09/07/2022,DLH,MN,AGL,CE,Combined TRACON& Tower with Radar,4,18,43,10,75,0,3,82,2,87,4,21,125,12,162,78,15,93,255
09/08/2022,DLH,MN,AGL,CE,Combined TRACON& Tower with Radar,4,20,34,7,65,0,4,26,0,30,4,24,60,7,95,21,0,21,116
09/09/2022,DLH,MN,AGL,CE,Combined TRACON& Tower with Radar,4,18,43,10,75,0,0,11,0,11,4,18,54,10,86,2,6,8,94
09/10/2022,DLH,MN,AGL,CE,Combined TRACON& Tower with Radar,4,18,29,0,51,0,2,70,0,72,4,20,99,0,123,55,0,55,178
09/11/2022,DLH,MN,AGL,CE,Combined TRACON& Tower with Radar,2,18,19,9,48,0,4,70,0,74,2,22,89,9,122,15,11,26,148
09/12/2022,DLH,MN,AGL,CE,Combined TRACON& Tower with Radar,4,18,26,12,60,0,8,80,0,88,4,26,106,12,148,44,10,54,202
09/13/2022,DLH,MN,AGL,CE,Combined TRACON& Tower with Radar,4,20,45,10,79,0,4,67,0,71,4,24,112,10,150,174,10,184,334
09/14/2022,DLH,MN,AGL,CE,Combined TRACON& Tower with Radar,4,18,38,7,67,0,5,37,2,44,4,23,75,9,111,73,0,73,184
09/15/2022,DLH,MN,AGL,CE,Combined TRACON& Tower with Radar,4,23,33,10,70,0,0,25,0,25,4,23,58,10,95,44,22,66,161
09/16/2022,DLH,MN,AGL,CE,Combined TRACON& Tower with Radar,3,14,9,1,27,0,0,0,0,0,3,14,9,1,27,0,0,0,27
09/17/2022,DLH,MN,AGL,CE,Combined TRACON& Tower with Radar,3,9,13,0,25,0,0,6,0,6,3,9,19,0,31,0,0,0,31
09/18/2022,DLH,MN,AGL,CE,Combined TRACON& Tower with Radar,4,13,49,6,72,0,3,21,1,25,4,16,70,7,97,82,22,104,201
09/19/2022,DLH,MN,AGL,CE,Combined TRACON& Tower with Radar,4,20,49,41,114,0,4,80,5,89,4,24,129,46,203,124,34,158,361
09/20/2022,DLH,MN,AGL,CE,Combined TRACON& Tower with Radar,4,16,52,16,88,0,4,85,1,90,4,20,137,17,178,71,0,71,249
09/21/2022,DLH,MN,AGL,CE,Combined TRACON& Tower with Radar,3,15,60,14,92,0,0,83,1,84,3,15,143,15,176,26,14,40,216
09/22/2022,DLH,MN,AGL,CE,Combined TRACON& Tower with Radar,4,14,33,12,63,0,6,90,0,96,4,20,123,12,159,36,0,36,195
09/23/2022,DLH,MN,AGL,CE,Combined TRACON& Tower with Radar,4,19,32,6,61,0,1,26,0,27,4,20,58,6,88,84,0,84,172
09/24/2022,DLH,MN,AGL,CE,Combined TRACON& Tower with Radar,4,13,8,0,25,0,0,0,0,0,4,13,8,0,25,0,0,0,25
09/25/2022,DLH,MN,AGL,CE,Combined TRACON& Tower with Radar,4,12,11,1,28,0,2,14,0,16,4,14,25,1,44,28,0,28,72
09/26/2022,DLH,MN,AGL,CE,Combined TRACON& Tower with Radar,4,15,29,10,58,0,1,51,0,52,4,16,80,10,110,109,10,119,229
09/27/2022,DLH,MN,AGL,CE,Combined TRACON& Tower with Radar,4,18,36,18,76,0,2,62,6,70,4,20,98,24,146,71,26,97,243
09/28/2022,DLH,MN,AGL,CE,Combined TRACON& Tower with Radar,6,19,37,6,68,0,3,73,0,76,6,22,110,6,144,185,0,185,329
09/29/2022,DLH,MN,AGL,CE,Combined TRACON& Tower with Radar,4,18,36,0,58,0,6,69,2,77,4,24,105,2,135,115,0,115,250
09/30/2022,DLH,MN,AGL,CE,Combined TRACON& Tower with Radar,4,16,44,0,64,0,7,69,0,76,4,23,113,0,140,135,0,135,275
10/01/2022,DLH,MN,AGL,CE,Combined TRACON& Tower with Radar,3,11,37,0,51,0,0,19,0,19,3,11,56,0,70,72,0,72,142
10/02/2022,DLH,MN,AGL,CE,Combined TRACON& Tower with Radar,4,11,41,0,56,0,0,17,0,17,4,11,58,0,73,36,0,36,109
10/03/2022,DLH,MN,AGL,CE,Combined TRACON& Tower with Radar,4,17,46,20,87,0,9,69,0,78,4,26,115,20,165,166,14,180,345
10/04/2022,DLH,MN,AGL,CE,Combined TRACON& Tower with Radar,4,22,43,8,77,0,3,70,0,73,4,25,113,8,150,108,0,108,258
10/05/2022,DLH,MN,AGL,CE,Combined TRACON& Tower with Radar,4,17,67,10,98,0,0,77,0,77,4,17,144,10,175,164,14,178,353
10/06/2022,DLH,MN,AGL,CE,Combined TRACON& Tower with Radar,6,12,34,4,56,0,0,30,0,30,6,12,64,4,86,32,2,34,120
10/07/2022,DLH,MN,AGL,CE,Combined TRACON& Tower with Radar,6,12,30,10,58,0,3,75,0,78,6,15,105,10,136,74,20,94,230
10/08/2022,DLH,MN,AGL,CE,Combined TRACON& Tower with Radar,4,13,13,8,38,0,2,69,0,71,4,15,82,8,109,100,6,106,215
10/09/2022,DLH,MN,AGL,CE,Combined TRACON& Tower with Radar,6,10,28,2,46,0,7,61,0,68,6,17,89,2,114,128,0,128,242
10/10/2022,DLH,MN,AGL,CE,Combined TRACON& Tower with Radar,6,17,39,0,62,0,3,65,0,68,6,20,104,0,130,183,0,183,313
10/11/2022,DLH,MN,AGL,CE,Combined TRACON& Tower with Radar,6,16,33,7,62,0,8,24,0,32,6,24,57,7,94,40,0,40,134
10/12/2022,DLH,MN,AGL,CE,Combined TRACON& Tower with Radar,6,12,32,7,57,0,2,56,3,61,6,14,88,10,118,128,18,146,264
10/13/2022,DLH,MN,AGL,CE,Combined TRACON& Tower with Radar,6,17,30,7,60,0,0,19,0,19,6,17,49,7,79,38,0,38,117
10/14/2022,DLH,MN,AGL,CE,Combined TRACON& Tower with Radar,6,13,29,1,49,0,2,34,0,36,6,15,63,1,85,100,0,100,185
10/15/2022,DLH,MN,AGL,CE,Combined TRACON& Tower with Radar,4,13,11,0,28,0,0,1,0,1,4,13,12,0,29,23,0,23,52
10/16/2022,DLH,MN,AGL,CE,Combined TRACON& Tower with Radar,6,6,5,0,17,0,0,2,0,2,6,6,7,0,19,63,0,63,82
10/17/2022,DLH,MN,AGL,CE,Combined TRACON& Tower with Radar,6,13,25,0,44,0,0,26,0,26,6,13,51,0,70,4,0,4,74
10/18/2022,DLH,MN,AGL,CE,Combined TRACON& Tower with Radar,6,10,31,10,57,0,6,70,0,76,6,16,101,10,133,74,4,78,211
10/19/2022,DLH,MN,AGL,CE,Combined TRACON& Tower with Radar,6,18,38,8,70,0,6,63,2,71,6,24,101,10,141,146,2,148,289
10/20/2022,DLH,MN,AGL,CE,Combined TRACON& Tower with Radar,6,18,45,11,80,0,15,105,0,120,6,33,150,11,200,188,10,198,398
10/21/2022,DLH,MN,AGL,CE,Combined TRACON& Tower with Radar,6,10,39,7,62,0,5,66,2,73,6,15,105,9,135,117,0,117,252
10/22/2022,DLH,MN,AGL,CE,Combined TRACON& Tower with Radar,4,14,26,0,44,0,14,97,0,111,4,28,123,0,155,188,0,188,343
10/23/2022,DLH,MN,AGL,CE,Combined TRACON& Tower with Radar,6,8,26,0,40,0,7,47,0,54,6,15,73,0,94,128,0,128,222
10/24/2022,DLH,MN,AGL,CE,Combined TRACON& Tower with Radar,6,13,19,4,42,0,0,12,0,12,6,13,31,4,54,32,0,32,86
10/25/2022,DLH,MN,AGL,CE,Combined TRACON& Tower with Radar,6,12,40,10,68,0,3,41,0,44,6,15,81,10,112,226,0,226,338
10/26/2022,DLH,MN,AGL,CE,Combined TRACON& Tower with Radar,6,14,48,13,81,0,9,74,0,83,6,23,122,13,164,271,0,271,435
10/27/2022,DLH,MN,AGL,CE,Combined TRACON& Tower with Radar,6,11,39,32,88,0,10,80,4,94,6,21,119,36,182,201,32,233,415
10/28/2022,DLH,MN,AGL,CE,Combined TRACON& Tower with Radar,6,12,41,20,79,0,6,51,0,57,6,18,92,20,136,122,12,134,270
10/29/2022,DLH,MN,AGL,CE,Combined TRACON& Tower with Radar,4,10,20,0,34,0,9,72,1,82,4,19,92,1,116,132,0,132,248
10/30/2022,DLH,MN,AGL,CE,Combined TRACON& Tower with Radar,7,6,12,8,33,0,10,42,0,52,7,16,54,8,85,281,0,281,366
10/31/2022,DLH,MN,AGL,CE,Combined TRACON& Tower with Radar,7,19,28,17,71,0,11,32,1,44,7,30,60,18,115,289,0,289,404
11/01/2022,DLH,MN,AGL,CE,Combined TRACON& Tower with Radar,8,13,45,21,87,0,14,60,3,77,8,27,105,24,164,284,21,305,469
11/02/2022,DLH,MN,AGL,CE,Combined TRACON& Tower with Radar,8,16,17,10,51,0,4,35,0,39,8,20,52,10,90,123,5,128,218
11/03/2022,DLH,MN,AGL,CE,Combined TRACON& Tower with Radar,6,17,28,18,69,0,3,43,6,52,6,20,71,24,121,106,46,152,273
11/04/2022,DLH,MN,AGL,CE,Combined TRACON& Tower with Radar,6,19,28,0,53,0,2,41,0,43,6,21,69,0,96,116,0,116,212
11/05/2022,DLH,MN,AGL,CE,Combined TRACON& Tower with Radar,4,14,12,0,30,0,2,9,0,11,4,16,21,0,41,73,0,73,114
11/06/2022,DLH,MN,AGL,CE,Combined TRACON& Tower with Radar,6,9,12,0,27,0,2,20,0,22,6,11,32,0,49,19,0,19,68
11/07/2022,DLH,MN,AGL,CE,Combined TRACON& Tower with Radar,6,14,38,19,77,0,8,35,2,45,6,22,73,21,122,186,24,210,332
11/08/2022,DLH,MN,AGL,CE,Combined TRACON& Tower with Radar,6,16,29,12,63,0,4,66,4,74,6,20,95,16,137,48,6,54,191
11/09/2022,DLH,MN,AGL,CE,Combined TRACON& Tower with Radar,6,8,6,0,20,0,0,0,0,0,6,8,6,0,20,0,0,0,20
11/10/2022,DLH,MN,AGL,CE,Combined TRACON& Tower with Radar,7,14,1,4,26,0,0,0,0,0,7,14,1,4,26,0,0,0,26
11/11/2022,DLH,MN,AGL,CE,Combined TRACON& Tower with Radar,6,13,24,0,43,0,0,6,0,6,6,13,30,0,49,22,0,22,71
11/12/2022,DLH,MN,AGL,CE,Combined TRACON& Tower with Radar,6,9,17,0,32,0,0,41,0,41,6,9,58,0,73,128,0,128,201
11/13/2022,DLH,MN,AGL,CE,Combined TRACON& Tower with Radar,8,11,29,0,48,0,16,55,0,71,8,27,84,0,119,166,0,166,285
11/14/2022,DLH,MN,AGL,CE,Combined TRACON& Tower with Radar,6,9,13,4,32,0,0,0,0,0,6,9,13,4,32,0,0,0,32
11/15/2022,DLH,MN,AGL,CE,Combined TRACON& Tower with Radar,7,15,15,0,37,0,0,0,0,0,7,15,15,0,37,0,0,0,37
11/16/2022,DLH,MN,AGL,CE,Combined TRACON& Tower with Radar,6,13,39,6,64,0,0,4,0,4,6,13,43,6,68,58,0,58,126
11/17/2022,DLH,MN,AGL,CE,Combined TRACON& Tower with Radar,5,22,60,11,98,0,0,5,0,5,5,22,65,11,103,62,0,62,165
11/18/2022,DLH,MN,AGL,CE,Combined TRACON& Tower with Radar,7,18,45,10,80,0,2,49,1,52,7,20,94,11,132,185,0,185,317
11/19/2022,DLH,MN,AGL,CE,Combined TRACON& Tower with Radar,6,8,24,0,38,0,18,20,0,38,6,26,44,0,76,10,0,10,86
11/20/2022,DLH,MN,AGL,CE,Combined TRACON& Tower with Radar,6,7,16,0,29,0,18,45,0,63,6,25,61,0,92,212,0,212,304
11/21/2022,DLH,MN,AGL,CE,Combined TRACON& Tower with Radar,6,12,28,27,73,0,2,32,3,37,6,14,60,30,110,177,2,179,289
11/22/2022,DLH,MN,AGL,CE,Combined TRACON& Tower with Radar,8,20,44,15,87,0,5,43,0,48,8,25,87,15,135,140,26,166,301
11/23/2022,DLH,MN,AGL,CE,Combined TRACON& Tower with Radar,6,15,23,18,62,0,2,65,7,74,6,17,88,25,136,140,34,174,310
11/24/2022,DLH,MN,AGL,CE,Combined TRACON& Tower with Radar,4,6,4,0,14,0,3,0,1,4,4,9,4,1,18,8,0,8,26
11/25/2022,DLH,MN,AGL,CE,Combined TRACON& Tower with Radar,6,12,15,0,33,0,0,43,0,43,6,12,58,0,76,50,0,50,126
11/26/2022,DLH,MN,AGL,CE,Combined TRACON& Tower with Radar,6,10,17,0,33,0,8,60,0,68,6,18,77,0,101,80,0,80,181
11/27/2022,DLH,MN,AGL,CE,Combined TRACON& Tower with Radar,6,6,17,0,29,0,1,24,0,25,6,7,41,0,54,160,0,160,214
11/28/2022,DLH,MN,AGL,CE,Combined TRACON& Tower with Radar,6,11,26,7,50,0,3,27,1,31,6,14,53,8,81,42,0,42,123
11/29/2022,DLH,MN,AGL,CE,Combined TRACON& Tower with Radar,4,13,23,0,40,0,0,3,0,3,4,13,26,0,43,0,0,0,43
11/30/2022,DLH,MN,AGL,CE,Combined TRACON& Tower with Radar,7,14,26,10,57,0,2,18,0,20,7,16,44,10,77,16,2,18,95
12/01/2022,DLH,MN,AGL,CE,Combined TRACON& Tower with Radar,7,9,43,11,70,0,5,67,0,72,7,14,110,11,142,144,2,146,288
12/02/2022,DLH,MN,AGL,CE,Combined TRACON& Tower with Radar,5,13,32,9,59,0,2,51,0,53,5,15,83,9,112,161,0,161,273
12/03/2022,DLH,MN,AGL,CE,Combined TRACON& Tower with Radar,7,7,24,12,50,0,6,70,2,78,7,13,94,14,128,157,15,172,300
12/04/2022,DLH,MN,AGL,CE,Combined TRACON& Tower with Radar,7,6,17,9,39,0,10,55,1,66,7,16,72,10,105,87,16,103,208
12/05/2022,DLH,MN,AGL,CE,Combined TRACON& Tower with Radar,7,10,35,12,64,0,5,42,0,47,7,15,77,12,111,103,0,103,214
12/06/2022,DLH,MN,AGL,CE,Combined TRACON& Tower with Radar,6,10,33,10,59,0,1,23,1,25,6,11,56,11,84,54,6,60,144
12/07/2022,DLH,MN,AGL,CE,Combined TRACON& Tower with Radar,6,16,50,12,84,0,9,64,0,73,6,25,114,12,157,130,8,138,295
12/08/2022,DLH,MN,AGL,CE,Combined TRACON& Tower with Radar,5,8,41,24,78,0,15,80,2,97,5,23,121,26,175,162,46,208,383
12/09/2022,DLH,MN,AGL,CE,Combined TRACON& Tower with Radar,11,11,42,4,68,0,4,74,0,78,11,15,116,4,146,100,4,104,250
12/10/2022,DLH,MN,AGL,CE,Combined TRACON& Tower with Radar,6,12,1,0,19,0,0,0,0,0,6,12,1,0,19,0,0,0,19
12/11/2022,DLH,MN,AGL,CE,Combined TRACON& Tower with Radar,6,6,27,0,39,0,0,0,0,0,6,6,27,0,39,0,0,0,39
12/12/2022,DLH,MN,AGL,CE,Combined TRACON& Tower with Radar,6,7,46,16,75,0,2,6,0,8,6,9,52,16,83,32,2,34,117
12/13/2022,DLH,MN,AGL,CE,Combined TRACON& Tower with Radar,5,15,38,8,66,0,0,4,0,4,5,15,42,8,70,50,0,50,120
12/14/2022,DLH,MN,AGL,CE,Combined TRACON& Tower with Radar,2,0,0,0,2,0,0,0,0,0,2,0,0,0,2,0,0,0,2
12/15/2022,DLH,MN,AGL,CE,Combined TRACON& Tower with Radar,3,0,0,0,3,0,0,0,0,0,3,0,0,0,3,0,0,0,3
12/16/2022,DLH,MN,AGL,CE,Combined TRACON& Tower with Radar,12,6,16,0,34,0,0,0,0,0,12,6,16,0,34,3,0,3,37
12/17/2022,DLH,MN,AGL,CE,Combined TRACON& Tower with Radar,11,5,30,0,46,0,0,2,0,2,11,5,32,0,48,0,0,0,48
12/18/2022,DLH,MN,AGL,CE,Combined TRACON& Tower with Radar,10,1,27,0,38,0,8,58,0,66,10,9,85,0,104,111,0,111,215
12/19/2022,DLH,MN,AGL,CE,Combined TRACON& Tower with Radar,14,5,16,4,39,0,6,11,0,17,14,11,27,4,56,73,0,73,129
12/20/2022,DLH,MN,AGL,CE,Combined TRACON& Tower with Radar,10,8,27,7,52,0,10,55,7,72,10,18,82,14,124,178,40,218,342
12/21/2022,DLH,MN,AGL,CE,Combined TRACON& Tower with Radar,10,7,31,2,50,0,0,2,0,2,10,7,33,2,52,4,0,4,56
12/22/2022,DLH,MN,AGL,CE,Combined TRACON& Tower with Radar,10,5,40,5,60,0,0,23,1,24,10,5,63,6,84,2,0,2,86
12/23/2022,DLH,MN,AGL,CE,Combined TRACON& Tower with Radar,14,4,22,0,40,0,0,0,0,0,14,4,22,0,40,0,0,0,40
12/24/2022,DLH,MN,AGL,CE,Combined TRACON& Tower with Radar,9,4,0,0,13,0,0,14,0,14,9,4,14,0,27,2,0,2,29
12/25/2022,DLH,MN,AGL,CE,Combined TRACON& Tower with Radar,8,1,3,0,12,0,2,17,0,19,8,3,20,0,31,0,0,0,31
12/26/2022,DLH,MN,AGL,CE,Combined TRACON& Tower with Radar,13,1,41,4,59,0,4,79,0,83,13,5,120,4,142,18,0,18,160
12/27/2022,DLH,MN,AGL,CE,Combined TRACON& Tower with Radar,11,9,36,6,62,0,2,69,0,71,11,11,105,6,133,50,0,50,183
12/28/2022,DLH,MN,AGL,CE,Combined TRACON& Tower with Radar,10,8,37,0,55,0,2,41,0,43,10,10,78,0,98,141,0,141,239
12/29/2022,DLH,MN,AGL,CE,Combined TRACON& Tower with Radar,9,7,23,10,49,0,2,26,0,28,9,9,49,10,77,84,12,96,173
12/30/2022,DLH,MN,AGL,CE,Combined TRACON& Tower with Radar,15,11,27,0,53,0,1,7,0,8,15,12,34,0,61,11,0,11,72
12/31/2022,DLH,MN,AGL,CE,Combined TRACON& Tower with Radar,8,6,3,0,17,0,3,0,0,3,8,9,3,0,20,0,0,0,20
01/01/2023,DLH,MN,AGL,CE,Combined TRACON& Tower with Radar,10,4,6,0,20,0,0,1,0,1,10,4,7,0,21,0,0,0,21
01/02/2023,DLH,MN,AGL,CE,Combined TRACON& Tower with Radar,14,1,9,2,26,0,0,0,0,0,14,1,9,2,26,0,0,0,26
01/03/2023,DLH,MN,AGL,CE,Combined TRACON& Tower with Radar,6,1,13,0,20,0,0,0,0,0,6,1,13,0,20,0,0,0,20
01/04/2023,DLH,MN,AGL,CE,Combined TRACON& Tower with Radar,8,7,5,0,20,0,0,0,0,0,8,7,5,0,20,0,0,0,20
01/05/2023,DLH,MN,AGL,CE,Combined TRACON& Tower with Radar,6,9,26,12,53,0,4,33,0,37,6,13,59,12,90,298,0,298,388
01/06/2023,DLH,MN,AGL,CE,Combined TRACON& Tower with Radar,10,8,41,12,71,0,10,57,0,67,10,18,98,12,138,136,0,136,274
01/07/2023,DLH,MN,AGL,CE,Combined TRACON& Tower with Radar,9,7,24,0,40,0,4,43,0,47,9,11,67,0,87,56,0,56,143
01/08/2023,DLH,MN,AGL,CE,Combined TRACON& Tower with Radar,8,6,23,8,45,0,24,63,0,87,8,30,86,8,132,111,12,123,255
01/09/2023,DLH,MN,AGL,CE,Combined TRACON& Tower with Radar,15,4,26,12,57,0,2,14,0,16,15,6,40,12,73,38,4,42,115
01/10/2023,DLH,MN,AGL,CE,Combined TRACON& Tower with Radar,7,3,6,0,16,0,0,0,0,0,7,3,6,0,16,0,0,0,16
01/11/2023,DLH,MN,AGL,CE,Combined TRACON& Tower with Radar,7,8,10,0,25,0,0,0,0,0,7,8,10,0,25,0,0,0,25
01/12/2023,DLH,MN,AGL,CE,Combined TRACON& Tower with Radar,9,7,29,5,50,0,0,5,0,5,9,7,34,5,55,36,0,36,91
01/13/2023,DLH,MN,AGL,CE,Combined TRACON& Tower with Radar,10,7,34,0,51,0,0,0,0,0,10,7,34,0,51,0,0,0,51
01/14/2023,DLH,MN,AGL,CE,Combined TRACON& Tower with Radar,6,7,39,0,52,0,10,48,0,58,6,17,87,0,110,140,0,140,250
01/15/2023,DLH,MN,AGL,CE,Combined TRACON& Tower with Radar,6,3,37,0,46,0,8,65,0,73,6,11,102,0,119,188,0,188,307
01/16/2023,DLH,MN,AGL,CE,Combined TRACON& Tower with Radar,9,5,8,0,22,0,0,0,0,0,9,5,8,0,22,0,0,0,22
01/17/2023,DLH,MN,AGL,CE,Combined TRACON& Tower with Radar,9,7,21,4,41,0,2,2,0,4,9,9,23,4,45,2,0,2,47
01/18/2023,DLH,MN,AGL,CE,Combined TRACON& Tower with Radar,8,7,36,26,77,0,0,8,0,8,8,7,44,26,85,60,0,60,145
01/19/2023,DLH,MN,AGL,CE,Combined TRACON& Tower with Radar,8,6,11,13,38,0,0,0,0,0,8,6,11,13,38,0,2,2,40
01/20/2023,DLH,MN,AGL,CE,Combined TRACON& Tower with Radar,9,18,36,20,83,0,0,15,0,15,9,18,51,20,98,52,0,52,150
01/21/2023,DLH,MN,AGL,CE,Combined TRACON& Tower with Radar,7,6,4,0,17,0,0,0,0,0,7,6,4,0,17,0,0,0,17
01/22/2023,DLH,MN,AGL,CE,Combined TRACON& Tower with Radar,7,5,13,0,25,0,0,0,0,0,7,5,13,0,25,0,0,0,25
01/23/2023,DLH,MN,AGL,CE,Combined TRACON& Tower with Radar,11,7,28,10,56,0,0,18,0,18,11,7,46,10,74,56,0,56,130
01/24/2023,DLH,MN,AGL,CE,Combined TRACON& Tower with Radar,8,17,35,16,76,0,9,41,0,50,8,26,76,16,126,204,28,232,358
01/25/2023,DLH,MN,AGL,CE,Combined TRACON& Tower with Radar,8,11,7,2,28,0,0,0,0,0,8,11,7,2,28,0,0,0,28
01/26/2023,DLH,MN,AGL,CE,Combined TRACON& Tower with Radar,8,10,62,15,95,0,10,90,0,100,8,20,152,15,195,228,12,240,435
01/27/2023,DLH,MN,AGL,CE,Combined TRACON& Tower with Radar,10,11,19,0,40,0,0,7,0,7,10,11,26,0,47,1,0,1,48
01/28/2023,DLH,MN,AGL,CE,Combined TRACON& Tower with Radar,6,16,24,0,46,0,17,52,1,70,6,33,76,1,116,136,0,136,252
01/29/2023,DLH,MN,AGL,CE,Combined TRACON& Tower with Radar,9,2,23,0,34,0,11,58,0,69,9,13,81,0,103,172,0,172,275
01/30/2023,DLH,MN,AGL,CE,Combined TRACON& Tower with Radar,10,9,17,14,50,0,15,38,0,53,10,24,55,14,103,204,6,210,313
01/31/2023,DLH,MN,AGL,CE,Combined TRACON& Tower with Radar,9,6,32,19,66,0,5,44,0,49,9,11,76,19,115,217,8,225,340
02/01/2023,DLH,MN,AGL,CE,Combined TRACON& Tower with Radar,8,9,37,17,71,0,10,57,1,68,8,19,94,18,139,161,12,173,312
02/02/2023,DLH,MN,AGL,CE,Combined TRACON& Tower with Radar,10,8,22,20,60,0,1,22,2,25,10,9,44,22,85,20,12,32,117
02/03/2023,DLH,MN,AGL,CE,Combined TRACON& Tower with Radar,12,11,27,12,62,0,6,53,1,60,12,17,80,13,122,187,12,199,321
02/04/2023,DLH,MN,AGL,CE,Combined TRACON& Tower with Radar,6,10,18,16,50,0,5,37,1,43,6,15,55,17,93,144,20,164,257
02/05/2023,DLH,MN,AGL,CE,Combined TRACON& Tower with Radar,8,6,28,16,58,0,15,35,3,53,8,21,63,19,111,78,12,90,201
02/06/2023,DLH,MN,AGL,CE,Combined TRACON& Tower with Radar,12,9,30,30,81,0,0,34,0,34,12,9,64,30,115,64,22,86,201
02/07/2023,DLH,MN,AGL,CE,Combined TRACON& Tower with Radar,8,11,34,2,55,0,6,29,2,37,8,17,63,4,92,106,4,110,202
02/08/2023,DLH,MN,AGL,CE,Combined TRACON& Tower with Radar,7,17,37,18,79,0,8,56,2,66,7,25,93,20,145,136,18,154,299
02/09/2023,DLH,MN,AGL,CE,Combined TRACON& Tower with Radar,9,9,24,0,42,0,2,8,0,10,9,11,32,0,52,14,0,14,66
02/10/2023,DLH,MN,AGL,CE,Combined TRACON& Tower with Radar,12,11,30,0,53,0,11,59,0,70,12,22,89,0,123,140,0,140,263
02/11/2023,DLH,MN,AGL,CE,Combined TRACON& Tower with Radar,6,4,17,0,27,0,13,62,0,75,6,17,79,0,102,38,0,38,140
02/12/2023,DLH,MN,AGL,CE,Combined TRACON& Tower with Radar,6,4,21,0,31,0,15,60,0,75,6,19,81,0,106,80,0,80,186
02/13/2023,DLH,MN,AGL,CE,Combined TRACON& Tower with Radar,10,9,19,26,64,0,7,44,7,58,10,16,63,33,122,72,18,90,212
02/14/2023,DLH,MN,AGL,CE,Combined TRACON& Tower with Radar,6,11,15,25,57,0,2,16,0,18,6,13,31,25,75,16,2,18,93
02/15/2023,DLH,MN,AGL,CE,Combined TRACON& Tower with Radar,8,4,20,13,45,0,3,13,2,18,8,7,33,15,63,16,26,42,105
02/16/2023,DLH,MN,AGL,CE,Combined TRACON& Tower with Radar,7,9,44,11,71,0,5,67,2,74,7,14,111,13,145,123,10,133,278
02/17/2023,DLH,MN,AGL,CE,Combined TRACON& Tower with Radar,13,10,45,0,68,0,15,57,0,72,13,25,102,0,140,141,0,141,281
02/18/2023,DLH,MN,AGL,CE,Combined TRACON& Tower with Radar,8,7,30,0,45,0,12,71,0,83,8,19,101,0,128,244,0,244,372
02/19/2023,DLH,MN,AGL,CE,Combined TRACON& Tower with Radar,8,6,28,0,42,0,3,29,1,33,8,9,57,1,75,80,0,80,155
02/20/2023,DLH,MN,AGL,CE,Combined TRACON& Tower with Radar,12,11,12,0,35,0,0,0,0,0,12,11,12,0,35,0,0,0,35
02/21/2023,DLH,MN,AGL,CE,Combined TRACON& Tower with Radar,8,10,27,5,50,0,4,34,0,38,8,14,61,5,88,162,0,162,250
02/22/2023,DLH,MN,AGL,CE,Combined TRACON& Tower with Radar,6,11,26,10,53,0,4,12,0,16,6,15,38,10,69,50,4,54,123
02/23/2023,DLH,MN,AGL,CE,Combined TRACON& Tower with Radar,7,5,10,0,22,0,0,0,0,0,7,5,10,0,22,0,0,0,22
02/24/2023,DLH,MN,AGL,CE,Combined TRACON& Tower with Radar,12,16,44,2,74,0,10,81,0,91,12,26,125,2,165,160,2,162,327
02/25/2023,DLH,MN,AGL,CE,Combined TRACON& Tower with Radar,9,8,29,0,46,0,9,39,0,48,9,17,68,0,94,172,0,172,266
02/26/2023,DLH,MN,AGL,CE,Combined TRACON& Tower with Radar,8,4,48,0,60,0,14,64,0,78,8,18,112,0,138,166,0,166,304
02/27/2023,DLH,MN,AGL,CE,Combined TRACON& Tower with Radar,12,6,0,2,20,0,0,1,0,1,12,6,1,2,21,0,0,0,21
02/28/2023,DLH,MN,AGL,CE,Combined TRACON& Tower with Radar,8,15,74,4,101,0,12,63,0,75,8,27,137,4,176,222,0,222,398
03/01/2023,DLH,MN,AGL,CE,Combined TRACON& Tower with Radar,7,7,7,0,21,0,0,0,0,0,7,7,7,0,21,0,0,0,21
03/02/2023,DLH,MN,AGL,CE,Combined TRACON& Tower with Radar,9,12,45,9,75,0,10,79,0,89,9,22,124,9,164,166,6,172,336
03/03/2023,DLH,MN,AGL,CE,Combined TRACON& Tower with Radar,12,8,30,2,52,0,0,31,0,31,12,8,61,2,83,58,0,58,141
03/04/2023,DLH,MN,AGL,CE,Combined TRACON& Tower with Radar,8,7,35,1,51,0,8,55,0,63,8,15,90,1,114,116,0,116,230
03/05/2023,DLH,MN,AGL,CE,Combined TRACON& Tower with Radar,7,6,37,0,50,0,2,49,0,51,7,8,86,0,101,138,0,138,239
03/06/2023,DLH,MN,AGL,CE,Combined TRACON& Tower with Radar,13,6,18,2,39,0,4,9,0,13,13,10,27,2,52,0,0,0,52
03/07/2023,DLH,MN,AGL,CE,Combined TRACON& Tower with Radar,8,12,46,17,83,0,4,57,0,61,8,16,103,17,144,115,22,137,281
03/08/2023,DLH,MN,AGL,CE,Combined TRACON& Tower with Radar,8,11,64,28,111,0,2,46,6,54,8,13,110,34,165,166,56,222,387
03/09/2023,DLH,MN,AGL,CE,Combined TRACON& Tower with Radar,8,11,36,10,65,0,4,23,0,27,8,15,59,10,92,68,14,82,174
03/10/2023,DLH,MN,AGL,CE,Combined TRACON& Tower with Radar,12,11,33,2,58,0,0,24,1,25,12,11,57,3,83,162,0,162,245
03/11/2023,DLH,MN,AGL,CE,Combined TRACON& Tower with Radar,7,7,6,0,20,0,0,0,0,0,7,7,6,0,20,0,0,0,20
03/12/2023,DLH,MN,AGL,CE,Combined TRACON& Tower with Radar,6,5,2,0,13,0,0,0,0,0,6,5,2,0,13,0,0,0,13
03/13/2023,DLH,MN,AGL,CE,Combined TRACON& Tower with Radar,13,10,58,7,88,0,6,73,0,79,13,16,131,7,167,160,4,164,331
03/14/2023,DLH,MN,AGL,CE,Combined TRACON& Tower with Radar,10,13,75,11,109,0,4,87,3,94,10,17,162,14,203,110,18,128,331
03/15/2023,DLH,MN,AGL,CE,Combined TRACON& Tower with Radar,12,12,48,4,76,0,4,66,0,70,12,16,114,4,146,223,0,223,369
03/16/2023,DLH,MN,AGL,CE,Combined TRACON& Tower with Radar,9,12,7,0,28,0,0,0,0,0,9,12,7,0,28,0,0,0,28
03/17/2023,DLH,MN,AGL,CE,Combined TRACON& Tower with Radar,14,10,24,7,55,0,2,7,0,9,14,12,31,7,64,0,6,6,70
03/18/2023,DLH,MN,AGL,CE,Combined TRACON& Tower with Radar,9,7,10,0,26,0,8,28,0,36,9,15,38,0,62,2,0,2,64
03/19/2023,DLH,MN,AGL,CE,Combined TRACON& Tower with Radar,8,14,13,0,35,1,8,57,0,66,9,22,70,0,101,130,0,130,231
03/20/2023,DLH,MN,AGL,CE,Combined TRACON& Tower with Radar,15,12,38,10,75,0,12,73,0,85,15,24,111,10,160,193,10,203,363
03/21/2023,DLH,MN,AGL,CE,Combined TRACON& Tower with Radar,8,10,31,5,54,0,6,46,0,52,8,16,77,5,106,30,6,36,142
03/22/2023,DLH,MN,AGL,CE,Combined TRACON& Tower with Radar,8,11,22,0,41,0,1,5,0,6,8,12,27,0,47,68,0,68,115
03/23/2023,DLH,MN,AGL,CE,Combined TRACON& Tower with Radar,8,17,42,14,81,0,8,89,1,98,8,25,131,15,179,187,4,191,370
03/24/2023,DLH,MN,AGL,CE,Combined TRACON& Tower with Radar,12,10,31,2,55,0,10,96,1,107,12,20,127,3,162,216,0,216,378
03/25/2023,DLH,MN,AGL,CE,Combined TRACON& Tower with Radar,8,8,40,0,56,0,6,56,0,62,8,14,96,0,118,162,0,162,280
03/26/2023,DLH,MN,AGL,CE,Combined TRACON& Tower with Radar,7,7,45,0,59,0,3,53,0,56,7,10,98,0,115,59,0,59,174
03/27/2023,DLH,MN,AGL,CE,Combined TRACON& Tower with Radar,12,11,47,7,77,0,3,62,0,65,12,14,109,7,142,110,8,118,260
03/28/2023,DLH,MN,AGL,CE,Combined TRACON& Tower with Radar,6,11,27,13,57,0,0,34,0,34,6,11,61,13,91,66,18,84,175
03/29/2023,DLH,MN,AGL,CE,Combined TRACON& Tower with Radar,6,15,45,19,85,0,4,86,2,92,6,19,131,21,177,230,6,236,413
03/30/2023,DLH,MN,AGL,CE,Combined TRACON& Tower with Radar,6,13,45,12,76,0,3,64,1,68,6,16,109,13,144,100,14,114,258
03/31/2023,DLH,MN,AGL,CE,Combined TRACON& Tower with Radar,9,9,7,2,27,0,0,0,0,0,9,9,7,2,27,0,0,0,27
04/01/2023,DLH,MN,AGL,CE,Combined TRACON& Tower with Radar,4,7,22,1,34,0,16,81,0,97,4,23,103,1,131,52,4,56,187
04/02/2023,DLH,MN,AGL,CE,Combined TRACON& Tower with Radar,5,6,15,0,26,0,0,14,0,14,5,6,29,0,40,18,0,18,58
04/03/2023,DLH,MN,AGL,CE,Combined TRACON& Tower with Radar,9,11,45,12,77,0,0,36,1,37,9,11,81,13,114,148,8,156,270
04/04/2023,DLH,MN,AGL,CE,Combined TRACON& Tower with Radar,4,3,1,0,8,0,0,0,0,0,4,3,1,0,8,0,0,0,8
04/05/2023,DLH,MN,AGL,CE,Combined TRACON& Tower with Radar,7,6,7,7,27,0,0,0,0,0,7,6,7,7,27,0,0,0,27
04/06/2023,DLH,MN,AGL,CE,Combined TRACON& Tower with Radar,6,19,21,1,47,0,0,30,5,35,6,19,51,6,82,14,4,18,100
04/07/2023,DLH,MN,AGL,CE,Combined TRACON& Tower with Radar,10,12,43,5,70,0,13,75,1,89,10,25,118,6,159,170,0,170,329
04/08/2023,DLH,MN,AGL,CE,Combined TRACON& Tower with Radar,6,10,31,0,47,0,6,20,0,26,6,16,51,0,73,42,0,42,115
04/09/2023,DLH,MN,AGL,CE,Combined TRACON& Tower with Radar,6,7,19,0,32,0,3,23,0,26,6,10,42,0,58,69,0,69,127
04/10/2023,DLH,MN,AGL,CE,Combined TRACON& Tower with Radar,10,14,41,5,70,0,2,71,3,76,10,16,112,8,146,170,10,180,326
04/11/2023,DLH,MN,AGL,CE,Combined TRACON& Tower with Radar,6,13,42,15,76,0,5,73,9,87,6,18,115,24,163,114,40,154,317
04/12/2023,DLH,MN,AGL,CE,Combined TRACON& Tower with Radar,6,11,54,9,80,0,10,84,0,94,6,21,138,9,174,94,8,102,276
04/13/2023,DLH,MN,AGL,CE,Combined TRACON& Tower with Radar,6,12,52,6,76,0,3,61,1,65,6,15,113,7,141,36,47,83,224
04/14/2023,DLH,MN,AGL,CE,Combined TRACON& Tower with Radar,10,16,43,0,69,0,10,64,0,74,10,26,107,0,143,146,0,146,289
04/15/2023,DLH,MN,AGL,CE,Combined TRACON& Tower with Radar,6,11,6,0,23,0,0,5,0,5,6,11,11,0,28,0,0,0,28
04/16/2023,DLH,MN,AGL,CE,Combined TRACON& Tower with Radar,7,3,1,0,11,0,0,0,0,0,7,3,1,0,11,0,0,0,11
04/17/2023,DLH,MN,AGL,CE,Combined TRACON& Tower with Radar,12,11,11,4,38,0,0,19,0,19,12,11,30,4,57,11,0,11,68
04/18/2023,DLH,MN,AGL,CE,Combined TRACON& Tower with Radar,7,20,81,22,130,0,18,128,1,147,7,38,209,23,277,148,25,173,450
04/19/2023,DLH,MN,AGL,CE,Combined TRACON& Tower with Radar,5,14,24,7,50,0,0,21,0,21,5,14,45,7,71,0,0,0,71
04/20/2023,DLH,MN,AGL,CE,Combined TRACON& Tower with Radar,4,2,1,0,7,0,0,0,0,0,4,2,1,0,7,0,0,0,7
04/21/2023,DLH,MN,AGL,CE,Combined TRACON& Tower with Radar,9,17,11,8,45,0,0,0,0,0,9,17,11,8,45,0,0,0,45
04/22/2023,DLH,MN,AGL,CE,Combined TRACON& Tower with Radar,6,8,17,15,46,0,0,20,0,20,6,8,37,15,66,19,0,19,85
04/23/2023,DLH,MN,AGL,CE,Combined TRACON& Tower with Radar,6,11,48,7,72,0,15,68,3,86,6,26,116,10,158,138,14,152,310
04/24/2023,DLH,MN,AGL,CE,Combined TRACON& Tower with Radar,8,9,36,10,63,0,5,50,1,56,8,14,86,11,119,189,27,216,335
04/25/2023,DLH,MN,AGL,CE,Combined TRACON& Tower with Radar,6,12,48,3,69,0,11,65,2,78,6,23,113,5,147,88,0,88,235
04/26/2023,DLH,MN,AGL,CE,Combined TRACON& Tower with Radar,6,14,45,10,75,0,6,73,0,79,6,20,118,10,154,114,14,128,282
04/27/2023,DLH,MN,AGL,CE,Combined TRACON& Tower with Radar,10,11,50,14,85,0,0,37,0,37,10,11,87,14,122,82,4,86,208
04/28/2023,DLH,MN,AGL,CE,Combined TRACON& Tower with Radar,6,11,40,0,57,0,0,0,0,0,6,11,40,0,57,2,0,2,59
04/29/2023,DLH,MN,AGL,CE,Combined TRACON& Tower with Radar,6,10,45,0,61,0,3,26,0,29,6,13,71,0,90,35,0,35,125
04/30/2023,DLH,MN,AGL,CE,Combined TRACON& Tower with Radar,8,8,7,0,23,0,1,1,0,2,8,9,8,0,25,0,0,0,25
05/01/2023,DLH,MN,AGL,CE,Combined TRACON& Tower with Radar,6,11,13,0,30,0,4,9,1,14,6,15,22,1,44,2,0,2,46
05/02/2023,DLH,MN,AGL,CE,Combined TRACON& Tower with Radar,6,24,28,0,58,0,4,7,2,13,6,28,35,2,71,20,0,20,91
05/03/2023,DLH,MN,AGL,CE,Combined TRACON& Tower with Radar,6,24,97,9,136,0,7,87,0,94,6,31,184,9,230,175,10,185,415
05/04/2023,DLH,MN,AGL,CE,Combined TRACON& Tower with Radar,7,17,74,10,108,0,10,72,1,83,7,27,146,11,191,103,24,127,318
05/05/2023,DLH,MN,AGL,CE,Combined TRACON& Tower with Radar,7,9,45,5,66,0,5,49,1,55,7,14,94,6,121,106,14,120,241
05/06/2023,DLH,MN,AGL,CE,Combined TRACON& Tower with Radar,6,10,3,2,21,0,0,0,0,0,6,10,3,2,21,0,0,0,21
05/07/2023,DLH,MN,AGL,CE,Combined TRACON& Tower with Radar,8,6,5,0,19,0,0,0,0,0,8,6,5,0,19,0,0,0,19
05/08/2023,DLH,MN,AGL,CE,Combined TRACON& Tower with Radar,6,11,45,0,62,0,0,8,0,8,6,11,53,0,70,31,0,31,101
05/09/2023,DLH,MN,AGL,CE,Combined TRACON& Tower with Radar,6,15,78,21,120,0,5,75,0,80,6,20,153,21,200,172,42,214,414
05/10/2023,DLH,MN,AGL,CE,Combined TRACON& Tower with Radar,6,20,81,6,113,0,0,44,0,44,6,20,125,6,157,166,0,166,323
05/11/2023,DLH,MN,AGL,CE,Combined TRACON& Tower with Radar,6,17,74,5,102,0,2,90,0,92,6,19,164,5,194,143,0,143,337
05/12/2023,DLH,MN,AGL,CE,Combined TRACON& Tower with Radar,6,20,72,4,102,0,3,66,0,69,6,23,138,4,171,154,0,154,325
05/13/2023,DLH,MN,AGL,CE,Combined TRACON& Tower with Radar,10,17,47,0,74,0,17,40,0,57,10,34,87,0,131,8,0,8,139
05/14/2023,DLH,MN,AGL,CE,Combined TRACON& Tower with Radar,6,13,49,0,68,0,7,39,0,46,6,20,88,0,114,16,0,16,130
05/15/2023,DLH,MN,AGL,CE,Combined TRACON& Tower with Radar,5,15,74,22,116,0,5,85,0,90,5,20,159,22,206,80,12,92,298
05/16/2023,DLH,MN,AGL,CE,Combined TRACON& Tower with Radar,7,13,39,9,68,0,5,64,0,69,7,18,103,9,137,92,2,94,231
05/17/2023,DLH,MN,AGL,CE,Combined TRACON& Tower with Radar,6,22,71,5,104,0,4,76,2,82,6,26,147,7,186,208,12,220,406
05/18/2023,DLH,MN,AGL,CE,Combined TRACON& Tower with Radar,6,14,54,10,84,0,2,14,0,16,6,16,68,10,100,38,0,38,138
05/19/2023,DLH,MN,AGL,CE,Combined TRACON& Tower with Radar,8,16,59,15,98,0,0,26,0,26,8,16,85,15,124,20,2,22,146
05/20/2023,DLH,MN,AGL,CE,Combined TRACON& Tower with Radar,6,12,33,13,64,0,16,66,3,85,6,28,99,16,149,46,33,79,228
05/21/2023,DLH,MN,AGL,CE,Combined TRACON& Tower with Radar,6,10,53,12,81,0,2,46,0,48,6,12,99,12,129,58,28,86,215
05/22/2023,DLH,MN,AGL,CE,Combined TRACON& Tower with Radar,6,11,49,6,72,0,8,44,0,52,6,19,93,6,124,136,6,142,266
05/23/2023,DLH,MN,AGL,CE,Combined TRACON& Tower with Radar,6,11,68,8,93,0,2,62,0,64,6,13,130,8,157,134,0,134,291
05/24/2023,DLH,MN,AGL,CE,Combined TRACON& Tower with Radar,6,12,60,11,89,0,4,38,1,43,6,16,98,12,132,34,14,48,180
05/25/2023,DLH,MN,AGL,CE,Combined TRACON& Tower with Radar,6,11,54,21,92,0,9,94,1,104,6,20,148,22,196,225,4,229,425
05/26/2023,DLH,MN,AGL,CE,Combined TRACON& Tower with Radar,6,16,61,3,86,0,5,67,3,75,6,21,128,6,161,125,8,133,294
05/27/2023,DLH,MN,AGL,CE,Combined TRACON& Tower with Radar,6,19,18,0,43,0,14,78,0,92,6,33,96,0,135,12,0,12,147
05/28/2023,DLH,MN,AGL,CE,Combined TRACON& Tower with Radar,4,9,28,0,41,0,1,44,0,45,4,10,72,0,86,86,0,86,172
05/29/2023,DLH,MN,AGL,CE,Combined TRACON& Tower with Radar,6,10,21,6,43,0,2,28,0,30,6,12,49,6,73,26,0,26,99
05/30/2023,DLH,MN,AGL,CE,Combined TRACON& Tower with Radar,6,14,45,13,78,0,0,38,1,39,6,14,83,14,117,74,2,76,193
05/31/2023,DLH,MN,AGL,CE,Combined TRACON& Tower with Radar,5,13,45,12,75,0,2,45,0,47,5,15,90,12,122,140,4,144,266
06/01/2023,DLH,MN,AGL,CE,Combined TRACON& Tower with Radar,7,15,48,11,81,0,5,43,0,48,7,20,91,11,129,76,2,78,207
06/02/2023,DLH,MN,AGL,CE,Combined TRACON& Tower with Radar,6,16,37,18,77,0,6,55,4,65,6,22,92,22,142,78,46,124,266
06/03/2023,DLH,MN,AGL,CE,Combined TRACON& Tower with Radar,6,10,43,0,59,0,13,43,0,56,6,23,86,0,115,62,0,62,177
06/04/2023,DLH,MN,AGL,CE,Combined TRACON& Tower with Radar,5,12,42,0,59,0,4,47,0,51,5,16,89,0,110,72,0,72,182
06/05/2023,DLH,MN,AGL,CE,Combined TRACON& Tower with Radar,7,11,95,15,128,0,1,10,0,11,7,12,105,15,139,60,4,64,203
06/06/2023,DLH,MN,AGL,CE,Combined TRACON& Tower with Radar,6,20,94,23,143,0,5,71,2,78,6,25,165,25,221,96,24,120,341
06/07/2023,DLH,MN,AGL,CE,Combined TRACON& Tower with Radar,6,13,109,20,148,0,7,81,0,88,6,20,190,20,236,68,50,118,354
06/08/2023,DLH,MN,AGL,CE,Combined TRACON& Tower with Radar,6,19,70,15,110,0,23,80,2,105,6,42,150,17,215,58,13,71,286
06/09/2023,DLH,MN,AGL,CE,Combined TRACON& Tower with Radar,6,17,70,3,96,0,3,79,0,82,6,20,149,3,178,104,4,108,286
06/10/2023,DLH,MN,AGL,CE,Combined TRACON& Tower with Radar,6,8,40,0,54,0,0,10,0,10,6,8,50,0,64,2,0,2,66
06/11/2023,DLH,MN,AGL,CE,Combined TRACON& Tower with Radar,6,10,52,0,68,0,4,63,0,67,6,14,115,0,135,54,0,54,189
06/12/2023,DLH,MN,AGL,CE,Combined TRACON& Tower with Radar,6,11,54,13,84,0,0,65,1,66,6,11,119,14,150,76,4,80,230
06/13/2023,DLH,MN,AGL,CE,Combined TRACON& Tower with Radar,6,14,62,12,94,0,5,76,0,81,6,19,138,12,175,68,8,76,251
06/14/2023,DLH,MN,AGL,CE,Combined TRACON& Tower with Radar,6,13,103,14,136,0,3,30,1,34,6,16,133,15,170,106,6,112,282
06/15/2023,DLH,MN,AGL,CE,Combined TRACON& Tower with Radar,6,19,74,9,108,0,8,92,1,101,6,27,166,10,209,104,4,108,317
06/16/2023,DLH,MN,AGL,CE,Combined TRACON& Tower with Radar,6,18,51,7,82,0,4,68,1,73,6,22,119,8,155,99,0,99,254
06/17/2023,DLH,MN,AGL,CE,Combined TRACON& Tower with Radar,6,10,28,3,47,0,10,50,1,61,6,20,78,4,108,10,0,10,118
06/18/2023,DLH,MN,AGL,CE,Combined TRACON& Tower with Radar,5,5,38,0,48,0,0,32,0,32,5,5,70,0,80,28,0,28,108
06/19/2023,DLH,MN,AGL,CE,Combined TRACON& Tower with Radar,7,13,60,0,80,0,2,35,0,37,7,15,95,0,117,46,0,46,163
06/20/2023,DLH,MN,AGL,CE,Combined TRACON& Tower with Radar,6,17,61,11,95,0,14,76,0,90,6,31,137,11,185,106,12,118,303
06/21/2023,DLH,MN,AGL,CE,Combined TRACON& Tower with Radar,6,22,61,10,99,0,16,83,3,102,6,38,144,13,201,151,22,173,374
06/22/2023,DLH,MN,AGL,CE,Combined TRACON& Tower with Radar,6,15,74,9,104,0,8,63,1,72,6,23,137,10,176,117,2,119,295
06/23/2023,DLH,MN,AGL,CE,Combined TRACON& Tower with Radar,6,19,28,11,64,0,4,38,2,44,6,23,66,13,108,40,8,48,156
06/24/2023,DLH,MN,AGL,CE,Combined TRACON& Tower with Radar,8,11,27,4,50,0,0,5,0,5,8,11,32,4,55,2,0,2,57
06/25/2023,DLH,MN,AGL,CE,Combined TRACON& Tower with Radar,7,7,15,1,30,0,0,0,0,0,7,7,15,1,30,0,0,0,30
06/26/2023,DLH,MN,AGL,CE,Combined TRACON& Tower with Radar,7,15,78,3,103,0,4,57,0,61,7,19,135,3,164,98,0,98,262
06/27/2023,DLH,MN,AGL,CE,Combined TRACON& Tower with Radar,6,19,89,13,127,0,4,62,4,70,6,23,151,17,197,32,0,32,229
06/28/2023,DLH,MN,AGL,CE,Combined TRACON& Tower with Radar,6,11,18,1,36,0,0,0,0,0,6,11,18,1,36,0,0,0,36
06/29/2023,DLH,MN,AGL,CE,Combined TRACON& Tower with Radar,8,18,77,16,119,0,12,56,0,68,8,30,133,16,187,20,14,34,221
06/30/2023,DLH,MN,AGL,CE,Combined TRACON& Tower with Radar,7,14,62,9,92,0,6,78,1,85,7,20,140,10,177,62,4,66,243
07/01/2023,DLH,MN,AGL,CE,Combined TRACON& Tower with Radar,7,9,19,0,35,0,3,54,2,59,7,12,73,2,94,10,0,10,104
07/02/2023,DLH,MN,AGL,CE,Combined TRACON& Tower with Radar,6,8,11,2,27,0,7,58,0,65,6,15,69,2,92,22,0,22,114
07/03/2023,DLH,MN,AGL,CE,Combined TRACON& Tower with Radar,6,8,6,0,20,0,0,42,0,42,6,8,48,0,62,24,0,24,86
07/04/2023,DLH,MN,AGL,CE,Combined TRACON& Tower with Radar,8,6,6,0,20,0,4,15,2,21,8,10,21,2,41,18,4,22,63
07/05/2023,DLH,MN,AGL,CE,Combined TRACON& Tower with Radar,6,16,24,12,58,0,7,45,0,52,6,23,69,12,110,14,22,36,146
07/06/2023,DLH,MN,AGL,CE,Combined TRACON& Tower with Radar,5,21,30,4,60,0,11,74,0,85,5,32,104,4,145,76,6,82,227
07/07/2023,DLH,MN,AGL,CE,Combined TRACON& Tower with Radar,6,22,47,13,88,0,8,57,3,68,6,30,104,16,156,80,28,108,264
07/08/2023,DLH,MN,AGL,CE,Combined TRACON& Tower with Radar,6,20,23,4,53,0,8,43,0,51,6,28,66,4,104,52,0,52,156
07/09/2023,DLH,MN,AGL,CE,Combined TRACON& Tower with Radar,7,27,35,0,69,0,8,40,0,48,7,35,75,0,117,15,0,15,132
07/10/2023,DLH,MN,AGL,CE,Combined TRACON& Tower with Radar,9,13,46,9,77,0,7,73,0,80,9,20,119,9,157,80,14,94,251
07/11/2023,DLH,MN,AGL,CE,Combined TRACON& Tower with Radar,8,13,67,16,104,0,7,75,1,83,8,20,142,17,187,40,4,44,231
07/12/2023,DLH,MN,AGL,CE,Combined TRACON& Tower with Radar,8,16,63,30,117,0,9,84,7,100,8,25,147,37,217,107,6,113,330
07/13/2023,DLH,MN,AGL,CE,Combined TRACON& Tower with Radar,8,14,57,8,87,0,4,29,9,42,8,18,86,17,129,5,0,5,134
07/14/2023,DLH,MN,AGL,CE,Combined TRACON& Tower with Radar,8,12,17,19,56,0,1,33,4,38,8,13,50,23,94,4,18,22,116
07/15/2023,DLH,MN,AGL,CE,Combined TRACON& Tower with Radar,8,10,23,2,43,0,6,75,3,84,8,16,98,5,127,84,0,84,211
07/16/2023,DLH,MN,AGL,CE,Combined TRACON& Tower with Radar,8,6,12,4,30,0,5,43,0,48,8,11,55,4,78,92,0,92,170
07/17/2023,DLH,MN,AGL,CE,Combined TRACON& Tower with Radar,10,12,84,28,134,0,6,68,6,80,10,18,152,34,214,50,14,64,278
07/18/2023,DLH,MN,AGL,CE,Combined TRACON& Tower with Radar,8,20,60,16,104,0,7,89,4,100,8,27,149,20,204,170,36,206,410
07/19/2023,DLH,MN,AGL,CE,Combined TRACON& Tower with Radar,7,16,32,12,67,0,1,3,0,4,7,17,35,12,71,12,6,18,89
07/20/2023,DLH,MN,AGL,CE,Combined TRACON& Tower with Radar,8,22,72,16,118,0,4,63,1,68,8,26,135,17,186,76,4,80,266
07/21/2023,DLH,MN,AGL,CE,Combined TRACON& Tower with Radar,11,13,37,4,65,0,10,76,1,87,11,23,113,5,152,84,0,84,236
07/22/2023,DLH,MN,AGL,CE,Combined TRACON& Tower with Radar,10,21,39,1,71,0,3,46,0,49,10,24,85,1,120,58,0,58,178
07/23/2023,DLH,MN,AGL,CE,Combined TRACON& Tower with Radar,8,20,51,4,83,0,4,41,0,45,8,24,92,4,128,4,0,4,132
07/24/2023,DLH,MN,AGL,CE,Combined TRACON& Tower with Radar,11,13,64,16,104,0,4,37,2,43,11,17,101,18,147,20,5,25,172
07/25/2023,DLH,MN,AGL,CE,Combined TRACON& Tower with Radar,9,19,62,17,107,0,7,55,0,62,9,26,117,17,169,85,18,103,272
07/26/2023,DLH,MN,AGL,CE,Combined TRACON& Tower with Radar,11,15,84,13,123,0,3,43,2,48,11,18,127,15,171,70,37,107,278
07/27/2023,DLH,MN,AGL,CE,Combined TRACON& Tower with Radar,9,15,57,15,96,0,30,37,0,67,9,45,94,15,163,22,16,38,201
07/28/2023,DLH,MN,AGL,CE,Combined TRACON& Tower with Radar,9,14,49,10,82,0,9,64,1,74,9,23,113,11,156,105,18,123,279
07/29/2023,DLH,MN,AGL,CE,Combined TRACON& Tower with Radar,9,22,22,0,53,0,6,68,0,74,9,28,90,0,127,14,0,14,141
07/30/2023,DLH,MN,AGL,CE,Combined TRACON& Tower with Radar,8,11,21,2,42,0,2,64,0,66,8,13,85,2,108,16,0,16,124
07/31/2023,DLH,MN,AGL,CE,Combined TRACON& Tower with Radar,10,15,68,8,101,0,18,76,0,94,10,33,144,8,195,70,15,85,280
08/01/2023,DLH,MN,AGL,CE,Combined TRACON& Tower with Radar,11,10,48,7,76,0,14,46,1,61,11,24,94,8,137,88,6,94,231
08/02/2023,DLH,MN,AGL,CE,Combined TRACON& Tower with Radar,12,6,54,16,88,0,9,86,1,96,12,15,140,17,184,103,16,119,303
08/03/2023,DLH,MN,AGL,CE,Combined TRACON& Tower with Radar,9,15,63,11,98,0,5,57,1,63,9,20,120,12,161,146,8,154,315
08/04/2023,DLH,MN,AGL,CE,Combined TRACON& Tower with Radar,12,14,61,8,95,0,8,54,2,64,12,22,115,10,159,60,4,64,223
08/05/2023,DLH,MN,AGL,CE,Combined TRACON& Tower with Radar,12,13,30,2,57,0,12,33,0,45,12,25,63,2,102,24,0,24,126
08/06/2023,DLH,MN,AGL,CE,Combined TRACON& Tower with Radar,14,13,48,7,82,0,7,31,0,38,14,20,79,7,120,40,0,40,160
08/07/2023,DLH,MN,AGL,CE,Combined TRACON& Tower with Radar,12,13,70,4,99,0,12,65,2,79,12,25,135,6,178,114,4,118,296
08/08/2023,DLH,MN,AGL,CE,Combined TRACON& Tower with Radar,13,16,55,29,113,0,2,67,1,70,13,18,122,30,183,82,8,90,273
08/09/2023,DLH,MN,AGL,CE,Combined TRACON& Tower with Radar,17,12,96,18,143,0,10,81,5,96,17,22,177,23,239,104,26,130,369
08/10/2023,DLH,MN,AGL,CE,Combined TRACON& Tower with Radar,17,17,56,7,97,0,12,85,0,97,17,29,141,7,194,74,2,76,270
08/11/2023,DLH,MN,AGL,CE,Combined TRACON& Tower with Radar,14,11,57,10,92,0,0,2,0,2,14,11,59,10,94,12,6,18,112
08/12/2023,DLH,MN,AGL,CE,Combined TRACON& Tower with Radar,12,7,45,0,64,0,10,38,0,48,12,17,83,0,112,14,0,14,126
08/13/2023,DLH,MN,AGL,CE,Combined TRACON& Tower with Radar,12,6,46,12,76,0,16,28,0,44,12,22,74,12,120,51,6,57,177
08/14/2023,DLH,MN,AGL,CE,Combined TRACON& Tower with Radar,18,9,46,19,92,0,8,45,2,55,18,17,91,21,147,96,13,109,256
08/15/2023,DLH,MN,AGL,CE,Combined TRACON& Tower with Radar,12,7,60,3,82,0,21,70,2,93,12,28,130,5,175,62,4,66,241
08/16/2023,DLH,MN,AGL,CE,Combined TRACON& Tower with Radar,14,7,42,6,69,0,5,55,1,61,14,12,97,7,130,12,5,17,147
08/17/2023,DLH,MN,AGL,CE,Combined TRACON& Tower with Radar,12,9,82,16,119,0,9,58,3,70,12,18,140,19,189,35,29,64,253
08/18/2023,DLH,MN,AGL,CE,Combined TRACON& Tower with Radar,15,23,62,12,112,0,12,81,3,96,15,35,143,15,208,74,2,76,284
08/19/2023,DLH,MN,AGL,CE,Combined TRACON& Tower with Radar,14,9,33,0,56,0,14,68,0,82,14,23,101,0,138,109,0,109,247
08/20/2023,DLH,MN,AGL,CE,Combined TRACON& Tower with Radar,12,7,47,0,66,0,6,55,0,61,12,13,102,0,127,73,0,73,200
08/21/2023,DLH,MN,AGL,CE,Combined TRACON& Tower with Radar,12,10,76,19,117,0,2,55,0,57,12,12,131,19,174,102,14,116,290
08/22/2023,DLH,MN,AGL,CE,Combined TRACON& Tower with Radar,12,10,21,3,46,0,0,0,0,0,12,10,21,3,46,0,0,0,46
08/23/2023,DLH,MN,AGL,CE,Combined TRACON& Tower with Radar,12,14,31,11,68,0,0,0,0,0,12,14,31,11,68,0,0,0,68
08/24/2023,DLH,MN,AGL,CE,Combined TRACON& Tower with Radar,14,19,57,26,116,0,5,25,0,30,14,24,82,26,146,92,12,104,250
08/25/2023,DLH,MN,AGL,CE,Combined TRACON& Tower with Radar,12,18,51,4,85,0,4,51,0,55,12,22,102,4,140,112,0,112,252
08/26/2023,DLH,MN,AGL,CE,Combined TRACON& Tower with Radar,10,6,42,0,58,0,1,20,0,21,10,7,62,0,79,61,0,61,140
08/27/2023,DLH,MN,AGL,CE,Combined TRACON& Tower with Radar,14,8,34,0,56,0,6,53,0,59,14,14,87,0,115,125,0,125,240
08/28/2023,DLH,MN,AGL,CE,Combined TRACON& Tower with Radar,12,6,54,11,83,0,9,61,0,70,12,15,115,11,153,125,8,133,286
08/29/2023,DLH,MN,AGL,CE,Combined TRACON& Tower with Radar,18,10,59,5,92,0,4,84,0,88,18,14,143,5,180,150,6,156,336
08/30/2023,DLH,MN,AGL,CE,Combined TRACON& Tower with Radar,12,10,49,19,90,0,4,85,3,92,12,14,134,22,182,84,14,98,280
08/31/2023,DLH,MN,AGL,CE,Combined TRACON& Tower with Radar,12,13,39,5,69,0,17,64,4,85,12,30,103,9,154,92,22,114,268
01/01/2020,DLH,MN,AGL,CE,Combined TRACON& Tower with Radar,3,20,6,0,29,0,0,7,0,7,3,20,13,0,36,40,0,40,76
01/02/2020,DLH,MN,AGL,CE,Combined TRACON& Tower with Radar,2,23,9,9,43,0,0,7,0,7,2,23,16,9,50,26,0,26,76
01/03/2020,DLH,MN,AGL,CE,Combined TRACON& Tower with Radar,2,26,25,15,68,0,0,1,0,1,2,26,26,15,69,0,0,0,69
01/04/2020,DLH,MN,AGL,CE,Combined TRACON& Tower with Radar,2,16,11,0,29,0,0,6,0,6,2,16,17,0,35,42,0,42,77
01/05/2020,DLH,MN,AGL,CE,Combined TRACON& Tower with Radar,3,16,3,0,22,0,5,2,0,7,3,21,5,0,29,2,0,2,31
01/06/2020,DLH,MN,AGL,CE,Combined TRACON& Tower with Radar,4,22,24,13,63,0,16,53,2,71,4,38,77,15,134,111,16,127,261
01/07/2020,DLH,MN,AGL,CE,Combined TRACON& Tower with Radar,5,21,23,26,75,0,4,33,2,39,5,25,56,28,114,54,16,70,184
01/08/2020,DLH,MN,AGL,CE,Combined TRACON& Tower with Radar,6,20,16,14,56,0,8,61,0,69,6,28,77,14,125,106,0,106,231
01/09/2020,DLH,MN,AGL,CE,Combined TRACON& Tower with Radar,4,22,28,9,63,0,4,22,0,26,4,26,50,9,89,74,0,74,163
01/10/2020,DLH,MN,AGL,CE,Combined TRACON& Tower with Radar,6,19,45,19,89,0,5,48,2,55,6,24,93,21,144,56,18,74,218
01/11/2020,DLH,MN,AGL,CE,Combined TRACON& Tower with Radar,4,8,7,15,34,0,5,6,2,13,4,13,13,17,47,43,8,51,98
01/12/2020,DLH,MN,AGL,CE,Combined TRACON& Tower with Radar,5,14,10,0,29,0,2,10,0,12,5,16,20,0,41,45,0,45,86
01/13/2020,DLH,MN,AGL,CE,Combined TRACON& Tower with Radar,6,19,22,5,52,0,1,10,0,11,6,20,32,5,63,32,0,32,95
01/14/2020,DLH,MN,AGL,CE,Combined TRACON& Tower with Radar,5,18,14,10,47,0,0,9,0,9,5,18,23,10,56,0,0,0,56
01/15/2020,DLH,MN,AGL,CE,Combined TRACON& Tower with Radar,4,18,19,13,54,0,0,3,0,3,4,18,22,13,57,18,0,18,75
01/16/2020,DLH,MN,AGL,CE,Combined TRACON& Tower with Radar,5,18,58,10,91,0,17,54,0,71,5,35,112,10,162,130,0,130,292
01/17/2020,DLH,MN,AGL,CE,Combined TRACON& Tower with Radar,3,20,30,0,53,0,12,31,0,43,3,32,61,0,96,30,0,30,126
01/18/2020,DLH,MN,AGL,CE,Combined TRACON& Tower with Radar,2,7,5,0,14,0,0,0,0,0,2,7,5,0,14,0,0,0,14
01/19/2020,DLH,MN,AGL,CE,Combined TRACON& Tower with Radar,3,9,16,0,28,0,2,8,0,10,3,11,24,0,38,28,0,28,66
01/20/2020,DLH,MN,AGL,CE,Combined TRACON& Tower with Radar,6,24,22,0,52,0,1,41,0,42,6,25,63,0,94,49,5,54,148
01/21/2020,DLH,MN,AGL,CE,Combined TRACON& Tower with Radar,5,18,45,15,83,0,21,23,1,45,5,39,68,16,128,34,10,44,172
01/22/2020,DLH,MN,AGL,CE,Combined TRACON& Tower with Radar,3,17,20,2,42,0,0,0,0,0,3,17,20,2,42,0,0,0,42
01/23/2020,DLH,MN,AGL,CE,Combined TRACON& Tower with Radar,5,22,2,0,29,0,0,0,0,0,5,22,2,0,29,0,0,0,29
01/24/2020,DLH,MN,AGL,CE,Combined TRACON& Tower with Radar,6,20,16,4,46,0,0,0,0,0,6,20,16,4,46,0,0,0,46
01/25/2020,DLH,MN,AGL,CE,Combined TRACON& Tower with Radar,4,14,14,0,32,0,6,19,0,25,4,20,33,0,57,48,0,48,105
01/26/2020,DLH,MN,AGL,CE,Combined TRACON& Tower with Radar,7,16,8,0,31,0,0,1,0,1,7,16,9,0,32,0,0,0,32
01/27/2020,DLH,MN,AGL,CE,Combined TRACON& Tower with Radar,3,19,21,12,55,0,1,0,0,1,3,20,21,12,56,0,0,0,56
01/28/2020,DLH,MN,AGL,CE,Combined TRACON& Tower with Radar,7,23,46,7,83,0,17,14,0,31,7,40,60,7,114,82,20,102,216
01/29/2020,DLH,MN,AGL,CE,Combined TRACON& Tower with Radar,6,20,57,16,99,0,7,22,0,29,6,27,79,16,128,60,20,80,208
01/30/2020,DLH,MN,AGL,CE,Combined TRACON& Tower with Radar,4,18,31,12,65,0,0,15,0,15,4,18,46,12,80,10,2,12,92
01/31/2020,DLH,MN,AGL,CE,Combined TRACON& Tower with Radar,5,29,7,0,41,0,0,0,0,0,5,29,7,0,41,0,0,0,41
02/01/2020,DLH,MN,AGL,CE,Combined TRACON& Tower with Radar,4,15,22,0,41,0,9,36,0,45,4,24,58,0,86,38,0,38,124
02/02/2020,DLH,MN,AGL,CE,Combined TRACON& Tower with Radar,4,10,7,0,21,0,16,3,0,19,4,26,10,0,40,0,0,0,40
02/03/2020,DLH,MN,AGL,CE,Combined TRACON& Tower with Radar,3,22,45,14,84,0,11,45,0,56,3,33,90,14,140,65,14,79,219
02/04/2020,DLH,MN,AGL,CE,Combined TRACON& Tower with Radar,7,23,35,13,78,0,13,56,0,69,7,36,91,13,147,60,22,82,229
02/05/2020,DLH,MN,AGL,CE,Combined TRACON& Tower with Radar,5,28,43,11,87,0,18,68,0,86,5,46,111,11,173,53,8,61,234
02/06/2020,DLH,MN,AGL,CE,Combined TRACON& Tower with Radar,4,22,44,13,83,0,20,43,3,66,4,42,87,16,149,28,14,42,191
02/07/2020,DLH,MN,AGL,CE,Combined TRACON& Tower with Radar,5,20,9,2,36,0,0,0,0,0,5,20,9,2,36,0,0,0,36
02/08/2020,DLH,MN,AGL,CE,Combined TRACON& Tower with Radar,7,16,26,13,62,0,7,32,1,40,7,23,58,14,102,41,2,43,145
02/09/2020,DLH,MN,AGL,CE,Combined TRACON& Tower with Radar,4,17,19,10,50,0,2,26,0,28,4,19,45,10,78,26,10,36,114
02/10/2020,DLH,MN,AGL,CE,Combined TRACON& Tower with Radar,4,19,37,11,71,0,42,27,0,69,4,61,64,11,140,0,2,2,142
02/11/2020,DLH,MN,AGL,CE,Combined TRACON& Tower with Radar,4,22,60,2,88,0,8,24,0,32,4,30,84,2,120,56,0,56,176
02/12/2020,DLH,MN,AGL,CE,Combined TRACON& Tower with Radar,4,19,19,13,55,0,8,1,1,10,4,27,20,14,65,22,18,40,105
02/13/2020,DLH,MN,AGL,CE,Combined TRACON& Tower with Radar,5,19,40,6,70,0,16,45,0,61,5,35,85,6,131,30,0,30,161
02/14/2020,DLH,MN,AGL,CE,Combined TRACON& Tower with Radar,6,18,37,3,64,0,9,45,9,63,6,27,82,12,127,30,12,42,169
02/15/2020,DLH,MN,AGL,CE,Combined TRACON& Tower with Radar,6,11,39,0,56,0,7,15,0,22,6,18,54,0,78,70,0,70,148
02/16/2020,DLH,MN,AGL,CE,Combined TRACON& Tower with Radar,7,12,22,0,41,0,0,33,0,33,7,12,55,0,74,66,0,66,140
02/17/2020,DLH,MN,AGL,CE,Combined TRACON& Tower with Radar,8,23,33,0,64,0,0,5,0,5,8,23,38,0,69,0,0,0,69
02/18/2020,DLH,MN,AGL,CE,Combined TRACON& Tower with Radar,5,23,40,15,83,0,4,14,0,18,5,27,54,15,101,10,0,10,111
02/19/2020,DLH,MN,AGL,CE,Combined TRACON& Tower with Radar,4,24,59,14,101,1,26,60,1,88,5,50,119,15,189,15,4,19,208
02/20/2020,DLH,MN,AGL,CE,Combined TRACON& Tower with Radar,4,21,45,0,70,0,15,39,0,54,4,36,84,0,124,18,0,18,142
02/21/2020,DLH,MN,AGL,CE,Combined TRACON& Tower with Radar,4,22,36,3,65,0,19,41,0,60,4,41,77,3,125,20,0,20,145
02/22/2020,DLH,MN,AGL,CE,Combined TRACON& Tower with Radar,4,13,25,0,42,0,14,49,0,63,4,27,74,0,105,52,0,52,157
02/23/2020,DLH,MN,AGL,CE,Combined TRACON& Tower with Radar,4,23,22,0,49,0,3,22,0,25,4,26,44,0,74,9,0,9,83
02/24/2020,DLH,MN,AGL,CE,Combined TRACON& Tower with Radar,4,19,32,19,74,0,9,43,0,52,4,28,75,19,126,88,8,96,222
02/25/2020,DLH,MN,AGL,CE,Combined TRACON& Tower with Radar,4,25,17,4,50,0,17,24,0,41,4,42,41,4,91,111,0,111,202
02/26/2020,DLH,MN,AGL,CE,Combined TRACON& Tower with Radar,4,22,55,0,81,0,8,37,1,46,4,30,92,1,127,14,0,14,141
02/27/2020,DLH,MN,AGL,CE,Combined TRACON& Tower with Radar,4,22,48,2,76,0,14,60,0,74,4,36,108,2,150,66,0,66,216
02/28/2020,DLH,MN,AGL,CE,Combined TRACON& Tower with Radar,6,27,49,0,82,0,17,32,0,49,6,44,81,0,131,70,0,70,201
02/29/2020,DLH,MN,AGL,CE,Combined TRACON& Tower with Radar,4,14,28,0,46,0,10,20,0,30,4,24,48,0,76,29,0,29,105
03/01/2020,DLH,MN,AGL,CE,Combined TRACON& Tower with Radar,4,16,13,0,33,0,4,18,0,22,4,20,31,0,55,44,0,44,99
03/02/2020,DLH,MN,AGL,CE,Combined TRACON& Tower with Radar,6,21,31,0,58,0,12,23,0,35,6,33,54,0,93,84,0,84,177
03/03/2020,DLH,MN,AGL,CE,Combined TRACON& Tower with Radar,4,21,44,2,71,0,14,23,0,37,4,35,67,2,108,45,0,45,153
03/04/2020,DLH,MN,AGL,CE,Combined TRACON& Tower with Radar,4,24,31,12,71,0,11,51,2,64,4,35,82,14,135,108,4,112,247
03/05/2020,DLH,MN,AGL,CE,Combined TRACON& Tower with Radar,4,18,14,0,36,0,0,0,0,0,4,18,14,0,36,0,0,0,36
03/06/2020,DLH,MN,AGL,CE,Combined TRACON& Tower with Radar,4,22,58,0,84,0,19,84,0,103,4,41,142,0,187,92,0,92,279
03/07/2020,DLH,MN,AGL,CE,Combined TRACON& Tower with Radar,3,17,19,2,41,0,11,56,0,67,3,28,75,2,108,32,8,40,148
03/08/2020,DLH,MN,AGL,CE,Combined TRACON& Tower with Radar,3,17,27,1,48,0,4,31,0,35,3,21,58,1,83,20,0,20,103
03/09/2020,DLH,MN,AGL,CE,Combined TRACON& Tower with Radar,4,18,32,0,54,0,4,23,0,27,4,22,55,0,81,44,0,44,125
03/10/2020,DLH,MN,AGL,CE,Combined TRACON& Tower with Radar,4,24,22,17,67,0,19,54,2,75,4,43,76,19,142,105,40,145,287
03/11/2020,DLH,MN,AGL,CE,Combined TRACON& Tower with Radar,8,19,46,9,82,0,6,49,0,55,8,25,95,9,137,58,0,58,195
03/12/2020,DLH,MN,AGL,CE,Combined TRACON& Tower with Radar,6,20,13,0,39,0,0,1,0,1,6,20,14,0,40,0,0,0,40
03/13/2020,DLH,MN,AGL,CE,Combined TRACON& Tower with Radar,3,25,29,6,63,0,2,5,0,7,3,27,34,6,70,12,4,16,86
03/14/2020,DLH,MN,AGL,CE,Combined TRACON& Tower with Radar,4,17,22,5,48,0,5,37,0,42,4,22,59,5,90,54,21,75,165
03/15/2020,DLH,MN,AGL,CE,Combined TRACON& Tower with Radar,4,17,20,4,45,0,0,22,1,23,4,17,42,5,68,6,14,20,88
03/16/2020,DLH,MN,AGL,CE,Combined TRACON& Tower with Radar,5,20,15,4,44,0,0,4,0,4,5,20,19,4,48,2,11,13,61
03/17/2020,DLH,MN,AGL,CE,Combined TRACON& Tower with Radar,4,22,48,4,78,0,3,78,0,81,4,25,126,4,159,76,0,76,235
03/18/2020,DLH,MN,AGL,CE,Combined TRACON& Tower with Radar,3,19,9,3,34,0,0,1,0,1,3,19,10,3,35,0,0,0,35
03/19/2020,DLH,MN,AGL,CE,Combined TRACON& Tower with Radar,4,19,4,0,27,0,0,0,0,0,4,19,4,0,27,0,0,0,27
03/20/2020,DLH,MN,AGL,CE,Combined TRACON& Tower with Radar,3,20,84,0,107,0,2,63,0,65,3,22,147,0,172,24,0,24,196
03/21/2020,DLH,MN,AGL,CE,Combined TRACON& Tower with Radar,3,13,55,0,71,0,4,60,0,64,3,17,115,0,135,30,0,30,165
03/22/2020,DLH,MN,AGL,CE,Combined TRACON& Tower with Radar,1,17,12,0,30,0,0,0,0,0,1,17,12,0,30,0,0,0,30
03/23/2020,DLH,MN,AGL,CE,Combined TRACON& Tower with Radar,1,20,11,5,37,0,6,32,0,38,1,26,43,5,75,56,6,62,137
03/24/2020,DLH,MN,AGL,CE,Combined TRACON& Tower with Radar,3,22,19,4,48,0,0,6,0,6,3,22,25,4,54,47,0,47,101
03/25/2020,DLH,MN,AGL,CE,Combined TRACON& Tower with Radar,2,17,32,4,55,0,0,10,0,10,2,17,42,4,65,68,0,68,133
03/26/2020,DLH,MN,AGL,CE,Combined TRACON& Tower with Radar,1,15,42,7,65,0,8,37,0,45,1,23,79,7,110,58,20,78,188
03/27/2020,DLH,MN,AGL,CE,Combined TRACON& Tower with Radar,0,12,38,2,52,0,1,19,0,20,0,13,57,2,72,2,0,2,74
03/28/2020,DLH,MN,AGL,CE,Combined TRACON& Tower with Radar,2,10,4,0,16,0,3,0,0,3,2,13,4,0,19,6,0,6,25
03/29/2020,DLH,MN,AGL,CE,Combined TRACON& Tower with Radar,1,7,3,0,11,0,3,2,0,5,1,10,5,0,16,0,0,0,16
03/30/2020,DLH,MN,AGL,CE,Combined TRACON& Tower with Radar,1,8,17,10,36,0,0,33,0,33,1,8,50,10,69,22,6,28,97
03/31/2020,DLH,MN,AGL,CE,Combined TRACON& Tower with Radar,1,11,23,14,49,0,0,30,2,32,1,11,53,16,81,20,15,35,116
04/01/2020,DLH,MN,AGL,CE,Combined TRACON& Tower with Radar,1,12,14,3,30,0,0,26,1,27,1,12,40,4,57,0,4,4,61
04/02/2020,DLH,MN,AGL,CE,Combined TRACON& Tower with Radar,0,17,8,7,32,0,0,6,2,8,0,17,14,9,40,2,22,24,64
04/03/2020,DLH,MN,AGL,CE,Combined TRACON& Tower with Radar,0,12,8,0,20,0,0,0,0,0,0,12,8,0,20,0,0,0,20
04/04/2020,DLH,MN,AGL,CE,Combined TRACON& Tower with Radar,0,8,5,2,15,0,0,21,0,21,0,8,26,2,36,9,0,9,45
04/05/2020,DLH,MN,AGL,CE,Combined TRACON& Tower with Radar,0,9,7,0,16,0,0,19,0,19,0,9,26,0,35,0,0,0,35
04/06/2020,DLH,MN,AGL,CE,Combined TRACON& Tower with Radar,0,9,5,5,19,0,0,2,2,4,0,9,7,7,23,6,2,8,31
04/07/2020,DLH,MN,AGL,CE,Combined TRACON& Tower with Radar,0,13,17,6,36,0,1,10,0,11,0,14,27,6,47,24,8,32,79
04/08/2020,DLH,MN,AGL,CE,Combined TRACON& Tower with Radar,1,14,13,11,39,0,2,8,0,10,1,16,21,11,49,0,0,0,49
04/09/2020,DLH,MN,AGL,CE,Combined TRACON& Tower with Radar,5,11,6,4,26,0,0,0,0,0,5,11,6,4,26,0,0,0,26
04/10/2020,DLH,MN,AGL,CE,Combined TRACON& Tower with Radar,1,15,23,0,39,0,0,25,0,25,1,15,48,0,64,81,0,81,145
04/11/2020,DLH,MN,AGL,CE,Combined TRACON& Tower with Radar,0,9,8,0,17,0,4,18,0,22,0,13,26,0,39,66,0,66,105
04/12/2020,DLH,MN,AGL,CE,Combined TRACON& Tower with Radar,0,6,0,0,6,0,3,0,0,3,0,9,0,0,9,17,0,17,26
04/13/2020,DLH,MN,AGL,CE,Combined TRACON& Tower with Radar,0,10,14,10,34,0,1,3,0,4,0,11,17,10,38,0,8,8,46
04/14/2020,DLH,MN,AGL,CE,Combined TRACON& Tower with Radar,1,10,5,10,26,0,0,10,0,10,1,10,15,10,36,0,28,28,64
04/15/2020,DLH,MN,AGL,CE,Combined TRACON& Tower with Radar,1,7,16,13,37,0,0,13,0,13,1,7,29,13,50,22,20,42,92
04/16/2020,DLH,MN,AGL,CE,Combined TRACON& Tower with Radar,0,12,12,12,36,0,2,11,0,13,0,14,23,12,49,4,28,32,81
04/17/2020,DLH,MN,AGL,CE,Combined TRACON& Tower with Radar,0,12,17,17,46,0,1,21,0,22,0,13,38,17,68,16,12,28,96
04/18/2020,DLH,MN,AGL,CE,Combined TRACON& Tower with Radar,0,3,10,10,23,0,2,8,1,11,0,5,18,11,34,0,9,9,43
04/19/2020,DLH,MN,AGL,CE,Combined TRACON& Tower with Radar,0,7,6,19,32,0,4,11,3,18,0,11,17,22,50,16,4,20,70
04/20/2020,DLH,MN,AGL,CE,Combined TRACON& Tower with Radar,0,13,12,9,34,0,0,3,0,3,0,13,15,9,37,0,0,0,37
04/21/2020,DLH,MN,AGL,CE,Combined TRACON& Tower with Radar,1,9,13,15,38,0,0,35,2,37,1,9,48,17,75,0,8,8,83
04/22/2020,DLH,MN,AGL,CE,Combined TRACON& Tower with Radar,1,11,11,9,32,0,0,14,0,14,1,11,25,9,46,10,2,12,58
04/23/2020,DLH,MN,AGL,CE,Combined TRACON& Tower with Radar,1,14,11,2,28,0,0,15,1,16,1,14,26,3,44,0,0,0,44
04/24/2020,DLH,MN,AGL,CE,Combined TRACON& Tower with Radar,0,14,6,0,20,0,0,13,0,13,0,14,19,0,33,0,0,0,33
04/25/2020,DLH,MN,AGL,CE,Combined TRACON& Tower with Radar,0,7,7,0,14,0,2,27,0,29,0,9,34,0,43,5,0,5,48
04/26/2020,DLH,MN,AGL,CE,Combined TRACON& Tower with Radar,0,4,6,0,10,0,0,25,0,25,0,4,31,0,35,2,0,2,37
04/27/2020,DLH,MN,AGL,CE,Combined TRACON& Tower with Radar,0,11,16,11,38,0,0,12,0,12,0,11,28,11,50,14,0,14,64
04/28/2020,DLH,MN,AGL,CE,Combined TRACON& Tower with Radar,0,10,5,0,15,0,0,0,0,0,0,10,5,0,15,0,0,0,15
04/29/2020,DLH,MN,AGL,CE,Combined TRACON& Tower with Radar,0,13,14,10,37,0,0,20,0,20,0,13,34,10,57,30,2,32,89
04/30/2020,DLH,MN,AGL,CE,Combined TRACON& Tower with Radar,1,10,29,17,57,0,1,30,0,31,1,11,59,17,88,26,0,26,114
05/01/2020,DLH,MN,AGL,CE,Combined TRACON& Tower with Radar,0,9,15,0,24,0,0,17,0,17,0,9,32,0,41,28,0,28,69
05/02/2020,DLH,MN,AGL,CE,Combined TRACON& Tower with Radar,2,5,10,0,17,0,2,13,0,15,2,7,23,0,32,12,0,12,44
05/03/2020,DLH,MN,AGL,CE,Combined TRACON& Tower with Radar,2,3,3,0,8,0,3,8,0,11,2,6,11,0,19,0,0,0,19
05/04/2020,DLH,MN,AGL,CE,Combined TRACON& Tower with Radar,4,4,17,16,41,0,0,22,0,22,4,4,39,16,63,34,0,34,97
05/05/2020,DLH,MN,AGL,CE,Combined TRACON& Tower with Radar,2,8,17,15,42,0,3,29,0,32,2,11,46,15,74,10,12,22,96
05/06/2020,DLH,MN,AGL,CE,Combined TRACON& Tower with Radar,2,7,27,11,47,0,1,33,5,39,2,8,60,16,86,0,4,4,90
05/07/2020,DLH,MN,AGL,CE,Combined TRACON& Tower with Radar,2,6,19,14,41,0,0,50,3,53,2,6,69,17,94,12,18,30,124
05/08/2020,DLH,MN,AGL,CE,Combined TRACON& Tower with Radar,3,8,19,7,37,0,1,30,0,31,3,9,49,7,68,30,4,34,102
05/09/2020,DLH,MN,AGL,CE,Combined TRACON& Tower with Radar,2,5,12,0,19,0,0,29,0,29,2,5,41,0,48,8,0,8,56
05/10/2020,DLH,MN,AGL,CE,Combined TRACON& Tower with Radar,2,3,9,0,14,0,2,9,0,11,2,5,18,0,25,0,0,0,25
05/11/2020,DLH,MN,AGL,CE,Combined TRACON& Tower with Radar,2,5,16,9,32,0,0,40,0,40,2,5,56,9,72,38,10,48,120
05/12/2020,DLH,MN,AGL,CE,Combined TRACON& Tower with Radar,2,8,28,14,52,0,0,52,0,52,2,8,80,14,104,6,46,52,156
05/13/2020,DLH,MN,AGL,CE,Combined TRACON& Tower with Radar,2,6,12,10,30,0,0,16,1,17,2,6,28,11,47,18,0,18,65
05/14/2020,DLH,MN,AGL,CE,Combined TRACON& Tower with Radar,2,8,31,8,49,0,0,13,0,13,2,8,44,8,62,25,4,29,91
05/15/2020,DLH,MN,AGL,CE,Combined TRACON& Tower with Radar,0,7,33,11,51,0,0,25,0,25,0,7,58,11,76,60,10,70,146
05/16/2020,DLH,MN,AGL,CE,Combined TRACON& Tower with Radar,2,5,17,6,30,0,1,8,2,11,2,6,25,8,41,23,0,23,64
05/17/2020,DLH,MN,AGL,CE,Combined TRACON& Tower with Radar,2,2,11,0,15,0,1,11,0,12,2,3,22,0,27,0,0,0,27
05/18/2020,DLH,MN,AGL,CE,Combined TRACON& Tower with Radar,2,6,19,18,45,0,0,13,2,15,2,6,32,20,60,2,10,12,72
05/19/2020,DLH,MN,AGL,CE,Combined TRACON& Tower with Radar,2,6,28,11,47,0,1,36,0,37,2,7,64,11,84,30,10,40,124
05/20/2020,DLH,MN,AGL,CE,Combined TRACON& Tower with Radar,2,8,50,21,81,0,6,58,2,66,2,14,108,23,147,45,22,67,214
05/21/2020,DLH,MN,AGL,CE,Combined TRACON& Tower with Radar,2,9,40,42,93,0,4,42,0,46,2,13,82,42,139,39,76,115,254
05/22/2020,DLH,MN,AGL,CE,Combined TRACON& Tower with Radar,0,6,43,0,49,0,2,25,0,27,0,8,68,0,76,54,0,54,130
05/23/2020,DLH,MN,AGL,CE,Combined TRACON& Tower with Radar,2,5,9,0,16,0,0,4,0,4,2,5,13,0,20,14,0,14,34
05/24/2020,DLH,MN,AGL,CE,Combined TRACON& Tower with Radar,2,2,8,0,12,0,0,30,0,30,2,2,38,0,42,20,0,20,62
05/25/2020,DLH,MN,AGL,CE,Combined TRACON& Tower with Radar,2,2,9,0,13,0,0,17,0,17,2,2,26,0,30,12,0,12,42
05/26/2020,DLH,MN,AGL,CE,Combined TRACON& Tower with Radar,0,6,13,0,19,0,0,12,0,12,0,6,25,0,31,22,0,22,53
05/27/2020,DLH,MN,AGL,CE,Combined TRACON& Tower with Radar,2,6,41,5,54,0,2,45,0,47,2,8,86,5,101,50,0,50,151
05/28/2020,DLH,MN,AGL,CE,Combined TRACON& Tower with Radar,2,6,17,8,33,0,7,30,0,37,2,13,47,8,70,44,14,58,128
05/29/2020,DLH,MN,AGL,CE,Combined TRACON& Tower with Radar,2,6,20,12,40,0,0,22,1,23,2,6,42,13,63,8,46,54,117
05/30/2020,DLH,MN,AGL,CE,Combined TRACON& Tower with Radar,2,5,9,0,16,0,2,22,0,24,2,7,31,0,40,2,0,2,42
05/31/2020,DLH,MN,AGL,CE,Combined TRACON& Tower with Radar,2,2,14,0,18,0,2,23,0,25,2,4,37,0,43,0,0,0,43
06/01/2020,DLH,MN,AGL,CE,Combined TRACON& Tower with Radar,2,4,12,14,32,0,5,25,0,30,2,9,37,14,62,38,10,48,110
06/02/2020,DLH,MN,AGL,CE,Combined TRACON& Tower with Radar,2,6,25,16,49,0,0,41,0,41,2,6,66,16,90,24,6,30,120
06/03/2020,DLH,MN,AGL,CE,Combined TRACON& Tower with Radar,2,8,24,10,44,0,2,58,2,62,2,10,82,12,106,38,12,50,156
06/04/2020,DLH,MN,AGL,CE,Combined TRACON& Tower with Radar,3,4,30,18,55,0,0,51,0,51,3,4,81,18,106,40,26,66,172
06/05/2020,DLH,MN,AGL,CE,Combined TRACON& Tower with Radar,4,7,17,0,28,0,2,57,0,59,4,9,74,0,87,36,0,36,123
06/06/2020,DLH,MN,AGL,CE,Combined TRACON& Tower with Radar,4,6,12,0,22,0,3,38,0,41,4,9,50,0,63,24,0,24,87
06/07/2020,DLH,MN,AGL,CE,Combined TRACON& Tower with Radar,3,1,6,0,10,0,0,8,0,8,3,1,14,0,18,0,0,0,18
06/08/2020,DLH,MN,AGL,CE,Combined TRACON& Tower with Radar,2,9,33,16,60,0,10,35,0,45,2,19,68,16,105,116,30,146,251
06/09/2020,DLH,MN,AGL,CE,Combined TRACON& Tower with Radar,2,10,37,16,65,0,16,44,0,60,2,26,81,16,125,108,2,110,235
06/10/2020,DLH,MN,AGL,CE,Combined TRACON& Tower with Radar,2,8,15,6,31,0,0,12,0,12,2,8,27,6,43,0,0,0,43
06/11/2020,DLH,MN,AGL,CE,Combined TRACON& Tower with Radar,2,10,25,12,49,0,6,22,0,28,2,16,47,12,77,103,8,111,188
06/12/2020,DLH,MN,AGL,CE,Combined TRACON& Tower with Radar,2,17,38,22,79,0,21,64,3,88,2,38,102,25,167,140,32,172,339
06/13/2020,DLH,MN,AGL,CE,Combined TRACON& Tower with Radar,2,8,12,19,41,0,11,21,0,32,2,19,33,19,73,6,14,20,93
06/14/2020,DLH,MN,AGL,CE,Combined TRACON& Tower with Radar,2,5,12,0,19,0,7,25,0,32,2,12,37,0,51,55,0,55,106
06/15/2020,DLH,MN,AGL,CE,Combined TRACON& Tower with Radar,2,4,41,17,64,0,15,42,2,59,2,19,83,19,123,126,15,141,264
06/16/2020,DLH,MN,AGL,CE,Combined TRACON& Tower with Radar,2,11,36,12,61,0,4,47,0,51,2,15,83,12,112,83,7,90,202
06/17/2020,DLH,MN,AGL,CE,Combined TRACON& Tower with Radar,2,5,29,21,57,0,13,50,0,63,2,18,79,21,120,209,10,219,339
06/18/2020,DLH,MN,AGL,CE,Combined TRACON& Tower with Radar,2,10,26,10,48,0,4,42,1,47,2,14,68,11,95,87,6,93,188
06/19/2020,DLH,MN,AGL,CE,Combined TRACON& Tower with Radar,2,6,20,0,28,0,6,55,0,61,2,12,75,0,89,128,0,128,217
06/20/2020,DLH,MN,AGL,CE,Combined TRACON& Tower with Radar,2,4,12,0,18,0,3,30,0,33,2,7,42,0,51,94,0,94,145
06/21/2020,DLH,MN,AGL,CE,Combined TRACON& Tower with Radar,2,4,4,0,10,0,4,20,0,24,2,8,24,0,34,0,0,0,34
06/22/2020,DLH,MN,AGL,CE,Combined TRACON& Tower with Radar,2,8,19,12,41,0,6,47,0,53,2,14,66,12,94,34,12,46,140
06/23/2020,DLH,MN,AGL,CE,Combined TRACON& Tower with Radar,2,9,24,17,52,0,8,27,0,35,2,17,51,17,87,32,2,34,121
06/24/2020,DLH,MN,AGL,CE,Combined TRACON& Tower with Radar,2,6,48,20,76,0,2,60,2,64,2,8,108,22,140,105,20,125,265
06/25/2020,DLH,MN,AGL,CE,Combined TRACON& Tower with Radar,2,8,36,20,66,0,9,56,1,66,2,17,92,21,132,94,4,98,230
06/26/2020,DLH,MN,AGL,CE,Combined TRACON& Tower with Radar,2,13,28,15,58,0,9,47,2,58,2,22,75,17,116,95,12,107,223
06/27/2020,DLH,MN,AGL,CE,Combined TRACON& Tower with Radar,2,4,21,0,27,0,4,45,0,49,2,8,66,0,76,58,0,58,134
06/28/2020,DLH,MN,AGL,CE,Combined TRACON& Tower with Radar,2,3,13,0,18,0,1,23,0,24,2,4,36,0,42,16,0,16,58
06/29/2020,DLH,MN,AGL,CE,Combined TRACON& Tower with Radar,2,4,31,5,42,0,2,14,0,16,2,6,45,5,58,46,2,48,106
06/30/2020,DLH,MN,AGL,CE,Combined TRACON& Tower with Radar,2,14,26,10,52,0,6,37,0,43,2,20,63,10,95,54,2,56,151
07/01/2020,DLH,MN,AGL,CE,Combined TRACON& Tower with Radar,2,6,41,0,49,0,10,31,0,41,2,16,72,0,90,124,0,124,214
07/02/2020,DLH,MN,AGL,CE,Combined TRACON& Tower with Radar,3,8,45,0,56,0,4,58,0,62,3,12,103,0,118,161,0,161,279
07/03/2020,DLH,MN,AGL,CE,Combined TRACON& Tower with Radar,4,6,17,0,27,0,8,37,0,45,4,14,54,0,72,46,0,46,118
07/04/2020,DLH,MN,AGL,CE,Combined TRACON& Tower with Radar,4,2,14,6,26,0,1,25,1,27,4,3,39,7,53,28,4,32,85
07/05/2020,DLH,MN,AGL,CE,Combined TRACON& Tower with Radar,4,7,9,0,20,0,0,23,0,23,4,7,32,0,43,38,0,38,81
07/06/2020,DLH,MN,AGL,CE,Combined TRACON& Tower with Radar,4,9,34,14,61,0,4,53,0,57,4,13,87,14,118,82,10,92,210
07/07/2020,DLH,MN,AGL,CE,Combined TRACON& Tower with Radar,4,11,34,28,77,0,9,45,0,54,4,20,79,28,131,83,24,107,238
07/08/2020,DLH,MN,AGL,CE,Combined TRACON& Tower with Radar,4,14,27,8,53,0,5,19,0,24,4,19,46,8,77,36,2,38,115
07/09/2020,DLH,MN,AGL,CE,Combined TRACON& Tower with Radar,4,8,49,52,113,0,17,75,8,100,4,25,124,60,213,154,105,259,472
07/10/2020,DLH,MN,AGL,CE,Combined TRACON& Tower with Radar,4,9,62,1,76,0,15,66,0,81,4,24,128,1,157,94,0,94,251
07/11/2020,DLH,MN,AGL,CE,Combined TRACON& Tower with Radar,4,13,23,0,40,0,7,52,0,59,4,20,75,0,99,67,0,67,166
07/12/2020,DLH,MN,AGL,CE,Combined TRACON& Tower with Radar,4,3,38,0,45,0,0,35,0,35,4,3,73,0,80,45,0,45,125
07/13/2020,DLH,MN,AGL,CE,Combined TRACON& Tower with Radar,4,10,27,30,71,0,2,33,2,37,4,12,60,32,108,84,22,106,214
07/14/2020,DLH,MN,AGL,CE,Combined TRACON& Tower with Radar,4,11,61,16,92,0,8,35,1,44,4,19,96,17,136,91,30,121,257
07/15/2020,DLH,MN,AGL,CE,Combined TRACON& Tower with Radar,4,11,63,13,91,0,6,76,3,85,4,17,139,16,176,143,12,155,331
07/16/2020,DLH,MN,AGL,CE,Combined TRACON& Tower with Radar,4,16,28,13,61,0,5,30,1,36,4,21,58,14,97,68,8,76,173
07/17/2020,DLH,MN,AGL,CE,Combined TRACON& Tower with Radar,4,9,39,18,70,0,4,30,0,34,4,13,69,18,104,40,10,50,154
07/18/2020,DLH,MN,AGL,CE,Combined TRACON& Tower with Radar,4,6,9,0,19,0,4,30,0,34,4,10,39,0,53,29,0,29,82
07/19/2020,DLH,MN,AGL,CE,Combined TRACON& Tower with Radar,4,5,10,0,19,0,4,22,0,26,4,9,32,0,45,20,0,20,65
07/20/2020,DLH,MN,AGL,CE,Combined TRACON& Tower with Radar,4,14,30,19,67,0,29,57,1,87,4,43,87,20,154,56,24,80,234
07/21/2020,DLH,MN,AGL,CE,Combined TRACON& Tower with Radar,4,13,17,0,34,0,0,0,0,0,4,13,17,0,34,0,0,0,34
07/22/2020,DLH,MN,AGL,CE,Combined TRACON& Tower with Radar,4,17,48,6,75,0,6,47,0,53,4,23,95,6,128,96,0,96,224
07/23/2020,DLH,MN,AGL,CE,Combined TRACON& Tower with Radar,4,16,37,16,73,0,16,54,2,72,4,32,91,18,145,74,38,112,257
07/24/2020,DLH,MN,AGL,CE,Combined TRACON& Tower with Radar,4,10,26,7,47,0,2,23,1,26,4,12,49,8,73,10,4,14,87
07/25/2020,DLH,MN,AGL,CE,Combined TRACON& Tower with Radar,4,7,12,0,23,0,2,11,0,13,4,9,23,0,36,12,0,12,48
07/26/2020,DLH,MN,AGL,CE,Combined TRACON& Tower with Radar,4,4,12,0,20,0,1,15,0,16,4,5,27,0,36,16,0,16,52
07/27/2020,DLH,MN,AGL,CE,Combined TRACON& Tower with Radar,4,10,32,12,58,0,8,44,0,52,4,18,76,12,110,62,14,76,186
07/28/2020,DLH,MN,AGL,CE,Combined TRACON& Tower with Radar,4,12,47,27,90,0,12,85,0,97,4,24,132,27,187,66,18,84,271
07/29/2020,DLH,MN,AGL,CE,Combined TRACON& Tower with Radar,5,12,47,10,74,0,10,81,2,93,5,22,128,12,167,150,20,170,337
07/30/2020,DLH,MN,AGL,CE,Combined TRACON& Tower with Radar,5,10,45,16,76,0,12,69,6,87,5,22,114,22,163,98,32,130,293
07/31/2020,DLH,MN,AGL,CE,Combined TRACON& Tower with Radar,4,12,33,12,61,0,7,61,0,68,4,19,94,12,129,60,42,102,231
08/01/2020,DLH,MN,AGL,CE,Combined TRACON& Tower with Radar,8,9,7,0,24,0,5,7,0,12,8,14,14,0,36,11,0,11,47
08/02/2020,DLH,MN,AGL,CE,Combined TRACON& Tower with Radar,6,3,5,0,14,0,5,26,0,31,6,8,31,0,45,10,0,10,55
08/03/2020,DLH,MN,AGL,CE,Combined TRACON& Tower with Radar,6,7,25,14,52,0,5,58,0,63,6,12,83,14,115,70,4,74,189
08/04/2020,DLH,MN,AGL,CE,Combined TRACON& Tower with Radar,6,8,21,13,48,0,10,84,0,94,6,18,105,13,142,94,0,94,236
08/05/2020,DLH,MN,AGL,CE,Combined TRACON& Tower with Radar,6,8,23,35,72,0,6,66,1,73,6,14,89,36,145,96,16,112,257
08/06/2020,DLH,MN,AGL,CE,Combined TRACON& Tower with Radar,6,10,36,12,64,0,10,73,0,83,6,20,109,12,147,84,0,84,231
08/07/2020,DLH,MN,AGL,CE,Combined TRACON& Tower with Radar,6,10,26,13,55,0,2,23,0,25,6,12,49,13,80,24,12,36,116
08/08/2020,DLH,MN,AGL,CE,Combined TRACON& Tower with Radar,12,9,20,12,53,0,3,9,0,12,12,12,29,12,65,6,12,18,83
08/09/2020,DLH,MN,AGL,CE,Combined TRACON& Tower with Radar,6,6,6,0,18,0,0,0,0,0,6,6,6,0,18,0,0,0,18
08/10/2020,DLH,MN,AGL,CE,Combined TRACON& Tower with Radar,6,8,19,5,38,0,6,39,2,47,6,14,58,7,85,92,10,102,187
08/11/2020,DLH,MN,AGL,CE,Combined TRACON& Tower with Radar,6,20,26,8,60,0,17,49,0,66,6,37,75,8,126,102,16,118,244
08/12/2020,DLH,MN,AGL,CE,Combined TRACON& Tower with Radar,6,12,28,8,54,0,15,39,0,54,6,27,67,8,108,122,0,122,230
08/13/2020,DLH,MN,AGL,CE,Combined TRACON& Tower with Radar,6,9,50,13,78,0,1,26,0,27,6,10,76,13,105,101,8,109,214
08/14/2020,DLH,MN,AGL,CE,Combined TRACON& Tower with Radar,6,9,16,2,33,0,2,27,0,29,6,11,43,2,62,18,0,18,80
08/15/2020,DLH,MN,AGL,CE,Combined TRACON& Tower with Radar,6,7,16,6,35,0,5,63,0,68,6,12,79,6,103,80,0,80,183
08/16/2020,DLH,MN,AGL,CE,Combined TRACON& Tower with Radar,6,6,28,4,44,0,11,45,2,58,6,17,73,6,102,81,12,93,195
08/17/2020,DLH,MN,AGL,CE,Combined TRACON& Tower with Radar,6,12,32,23,73,0,16,66,0,82,6,28,98,23,155,141,6,147,302
08/18/2020,DLH,MN,AGL,CE,Combined TRACON& Tower with Radar,6,11,41,8,66,0,25,47,4,76,6,36,88,12,142,144,8,152,294
08/19/2020,DLH,MN,AGL,CE,Combined TRACON& Tower with Radar,6,11,47,6,70,0,0,63,1,64,6,11,110,7,134,104,10,114,248
08/20/2020,DLH,MN,AGL,CE,Combined TRACON& Tower with Radar,6,12,40,5,63,0,15,45,1,61,6,27,85,6,124,136,0,136,260
08/21/2020,DLH,MN,AGL,CE,Combined TRACON& Tower with Radar,6,10,35,2,53,0,3,11,0,14,6,13,46,2,67,73,0,73,140
08/22/2020,DLH,MN,AGL,CE,Combined TRACON& Tower with Radar,6,7,3,0,16,0,3,13,0,16,6,10,16,0,32,10,0,10,42
08/23/2020,DLH,MN,AGL,CE,Combined TRACON& Tower with Radar,6,4,29,2,41,0,22,46,2,70,6,26,75,4,111,0,0,0,111
08/24/2020,DLH,MN,AGL,CE,Combined TRACON& Tower with Radar,8,7,23,9,47,0,10,46,0,56,8,17,69,9,103,84,6,90,193
08/25/2020,DLH,MN,AGL,CE,Combined TRACON& Tower with Radar,6,17,46,6,75,0,21,64,10,95,6,38,110,16,170,62,0,62,232
08/26/2020,DLH,MN,AGL,CE,Combined TRACON& Tower with Radar,6,16,19,7,48,0,3,24,2,29,6,19,43,9,77,94,8,102,179
08/27/2020,DLH,MN,AGL,CE,Combined TRACON& Tower with Radar,6,15,56,15,92,0,12,41,3,56,6,27,97,18,148,139,8,147,295
08/28/2020,DLH,MN,AGL,CE,Combined TRACON& Tower with Radar,6,14,26,4,50,0,7,18,0,25,6,21,44,4,75,33,0,33,108
08/29/2020,DLH,MN,AGL,CE,Combined TRACON& Tower with Radar,6,13,23,2,44,0,3,50,0,53,6,16,73,2,97,36,0,36,133
08/30/2020,DLH,MN,AGL,CE,Combined TRACON& Tower with Radar,6,6,26,0,38,0,1,46,0,47,6,7,72,0,85,46,0,46,131
08/31/2020,DLH,MN,AGL,CE,Combined TRACON& Tower with Radar,6,11,46,6,69,0,5,40,0,45,6,16,86,6,114,80,8,88,202
09/01/2020,DLH,MN,AGL,CE,Combined TRACON& Tower with Radar,6,14,36,16,72,0,12,51,4,67,6,26,87,20,139,95,28,123,262
09/02/2020,DLH,MN,AGL,CE,Combined TRACON& Tower with Radar,6,11,34,8,59,0,5,45,5,55,6,16,79,13,114,18,18,36,150
09/03/2020,DLH,MN,AGL,CE,Combined TRACON& Tower with Radar,6,11,12,5,34,0,3,6,0,9,6,14,18,5,43,0,0,0,43
09/04/2020,DLH,MN,AGL,CE,Combined TRACON& Tower with Radar,6,18,45,0,69,0,21,45,0,66,6,39,90,0,135,143,0,143,278
09/05/2020,DLH,MN,AGL,CE,Combined TRACON& Tower with Radar,6,5,23,0,34,0,4,64,0,68,6,9,87,0,102,116,0,116,218
09/06/2020,DLH,MN,AGL,CE,Combined TRACON& Tower with Radar,6,5,15,0,26,0,7,30,0,37,6,12,45,0,63,32,0,32,95
09/07/2020,DLH,MN,AGL,CE,Combined TRACON& Tower with Radar,6,4,25,0,35,0,5,15,0,20,6,9,40,0,55,28,0,28,83
09/08/2020,DLH,MN,AGL,CE,Combined TRACON& Tower with Radar,8,11,46,24,89,0,16,39,1,56,8,27,85,25,145,72,66,138,283
09/09/2020,DLH,MN,AGL,CE,Combined TRACON& Tower with Radar,8,9,68,9,94,0,12,59,0,71,8,21,127,9,165,142,24,166,331
09/10/2020,DLH,MN,AGL,CE,Combined TRACON& Tower with Radar,8,10,52,12,82,0,10,67,0,77,8,20,119,12,159,172,12,184,343
09/11/2020,DLH,MN,AGL,CE,Combined TRACON& Tower with Radar,8,16,43,26,93,0,21,58,2,81,8,37,101,28,174,139,44,183,357
09/12/2020,DLH,MN,AGL,CE,Combined TRACON& Tower with Radar,8,8,20,0,36,0,0,0,0,0,8,8,20,0,36,8,0,8,44
09/13/2020,DLH,MN,AGL,CE,Combined TRACON& Tower with Radar,8,4,9,8,29,0,0,37,0,37,8,4,46,8,66,0,8,8,74
09/14/2020,DLH,MN,AGL,CE,Combined TRACON& Tower with Radar,8,11,67,12,98,0,17,29,3,49,8,28,96,15,147,101,7,108,255
09/15/2020,DLH,MN,AGL,CE,Combined TRACON& Tower with Radar,8,9,43,18,78,0,8,30,1,39,8,17,73,19,117,50,26,76,193
09/16/2020,DLH,MN,AGL,CE,Combined TRACON& Tower with Radar,8,12,39,13,72,0,18,34,1,53,8,30,73,14,125,53,22,75,200
09/17/2020,DLH,MN,AGL,CE,Combined TRACON& Tower with Radar,8,18,62,17,105,0,25,79,0,104,8,43,141,17,209,118,24,142,351
09/18/2020,DLH,MN,AGL,CE,Combined TRACON& Tower with Radar,8,16,41,9,74,0,21,56,0,77,8,37,97,9,151,125,0,125,276
09/19/2020,DLH,MN,AGL,CE,Combined TRACON& Tower with Radar,8,17,13,10,48,0,21,52,0,73,8,38,65,10,121,46,0,46,167
09/20/2020,DLH,MN,AGL,CE,Combined TRACON& Tower with Radar,8,6,21,0,35,0,3,24,0,27,8,9,45,0,62,0,0,0,62
09/21/2020,DLH,MN,AGL,CE,Combined TRACON& Tower with Radar,8,9,37,12,66,0,32,56,0,88,8,41,93,12,154,129,24,153,307
09/22/2020,DLH,MN,AGL,CE,Combined TRACON& Tower with Radar,8,8,50,12,78,0,18,83,0,101,8,26,133,12,179,154,0,154,333
09/23/2020,DLH,MN,AGL,CE,Combined TRACON& Tower with Radar,8,9,41,14,72,0,20,46,1,67,8,29,87,15,139,82,2,84,223
09/24/2020,DLH,MN,AGL,CE,Combined TRACON& Tower with Radar,8,15,43,2,68,0,0,0,0,0,8,15,43,2,68,8,0,8,76
09/25/2020,DLH,MN,AGL,CE,Combined TRACON& Tower with Radar,8,11,22,0,41,0,0,0,0,0,8,11,22,0,41,0,0,0,41
09/26/2020,DLH,MN,AGL,CE,Combined TRACON& Tower with Radar,8,7,21,0,36,0,1,1,0,2,8,8,22,0,38,0,0,0,38
09/27/2020,DLH,MN,AGL,CE,Combined TRACON& Tower with Radar,8,6,29,8,51,0,4,81,0,85,8,10,110,8,136,45,20,65,201
09/28/2020,DLH,MN,AGL,CE,Combined TRACON& Tower with Radar,8,9,50,17,84,0,12,44,4,60,8,21,94,21,144,84,1,85,229
09/29/2020,DLH,MN,AGL,CE,Combined TRACON& Tower with Radar,8,10,61,17,96,0,12,30,0,42,8,22,91,17,138,176,0,176,314
09/30/2020,DLH,MN,AGL,CE,Combined TRACON& Tower with Radar,10,10,23,3,46,0,10,12,0,22,10,20,35,3,68,40,0,40,108
10/01/2020,DLH,MN,AGL,CE,Combined TRACON& Tower with Radar,8,12,39,38,97,0,26,47,0,73,8,38,86,38,170,161,44,205,375
10/02/2020,DLH,MN,AGL,CE,Combined TRACON& Tower with Radar,8,9,55,10,82,0,16,59,0,75,8,25,114,10,157,84,0,84,241
10/03/2020,DLH,MN,AGL,CE,Combined TRACON& Tower with Radar,8,6,24,0,38,0,19,61,0,80,8,25,85,0,118,108,0,108,226
10/04/2020,DLH,MN,AGL,CE,Combined TRACON& Tower with Radar,8,6,32,1,47,0,3,66,1,70,8,9,98,2,117,28,0,28,145
10/05/2020,DLH,MN,AGL,CE,Combined TRACON& Tower with Radar,8,13,23,4,48,0,17,52,0,69,8,30,75,4,117,60,0,60,177
10/06/2020,DLH,MN,AGL,CE,Combined TRACON& Tower with Radar,8,13,38,12,71,0,11,53,3,67,8,24,91,15,138,85,2,87,225
10/07/2020,DLH,MN,AGL,CE,Combined TRACON& Tower with Radar,8,14,45,23,90,0,17,35,4,56,8,31,80,27,146,44,28,72,218
10/08/2020,DLH,MN,AGL,CE,Combined TRACON& Tower with Radar,8,10,43,12,73,0,17,65,0,82,8,27,108,12,155,127,11,138,293
10/09/2020,DLH,MN,AGL,CE,Combined TRACON& Tower with Radar,8,9,23,6,46,0,10,41,1,52,8,19,64,7,98,101,15,116,214
10/10/2020,DLH,MN,AGL,CE,Combined TRACON& Tower with Radar,8,8,27,0,43,0,8,82,0,90,8,16,109,0,133,57,0,57,190
10/11/2020,DLH,MN,AGL,CE,Combined TRACON& Tower with Radar,8,8,17,0,33,0,10,23,0,33,8,18,40,0,66,44,0,44,110
10/12/2020,DLH,MN,AGL,CE,Combined TRACON& Tower with Radar,10,7,21,0,38,0,9,17,0,26,10,16,38,0,64,4,0,4,68
10/13/2020,DLH,MN,AGL,CE,Combined TRACON& Tower with Radar,8,11,45,10,74,0,7,26,0,33,8,18,71,10,107,15,4,19,126
10/14/2020,DLH,MN,AGL,CE,Combined TRACON& Tower with Radar,8,14,32,8,62,0,2,15,0,17,8,16,47,8,79,90,2,92,171
10/15/2020,DLH,MN,AGL,CE,Combined TRACON& Tower with Radar,10,13,40,24,87,0,7,56,2,65,10,20,96,26,152,39,62,101,253
10/16/2020,DLH,MN,AGL,CE,Combined TRACON& Tower with Radar,8,11,37,0,56,0,10,66,0,76,8,21,103,0,132,110,0,110,242
10/17/2020,DLH,MN,AGL,CE,Combined TRACON& Tower with Radar,8,9,7,0,24,0,2,0,0,2,8,11,7,0,26,0,0,0,26
10/18/2020,DLH,MN,AGL,CE,Combined TRACON& Tower with Radar,10,4,13,0,27,0,0,37,0,37,10,4,50,0,64,61,0,61,125
10/19/2020,DLH,MN,AGL,CE,Combined TRACON& Tower with Radar,8,8,51,9,76,0,15,22,4,41,8,23,73,13,117,102,0,102,219
10/20/2020,DLH,MN,AGL,CE,Combined TRACON& Tower with Radar,7,6,19,0,32,0,0,6,0,6,7,6,25,0,38,0,0,0,38
10/21/2020,DLH,MN,AGL,CE,Combined TRACON& Tower with Radar,9,13,46,3,71,0,2,16,0,18,9,15,62,3,89,96,0,96,185
10/22/2020,DLH,MN,AGL,CE,Combined TRACON& Tower with Radar,8,14,10,0,32,0,0,14,0,14,8,14,24,0,46,2,0,2,48
10/23/2020,DLH,MN,AGL,CE,Combined TRACON& Tower with Radar,8,12,44,38,102,0,4,24,0,28,8,16,68,38,130,37,44,81,211
10/24/2020,DLH,MN,AGL,CE,Combined TRACON& Tower with Radar,8,6,26,37,77,0,6,38,2,46,8,12,64,39,123,36,8,44,167
10/25/2020,DLH,MN,AGL,CE,Combined TRACON& Tower with Radar,8,6,16,17,47,0,1,10,0,11,8,7,26,17,58,27,0,27,85
10/26/2020,DLH,MN,AGL,CE,Combined TRACON& Tower with Radar,8,13,24,1,46,0,13,41,0,54,8,26,65,1,100,128,0,128,228
10/27/2020,DLH,MN,AGL,CE,Combined TRACON& Tower with Radar,8,11,27,1,47,0,18,47,0,65,8,29,74,1,112,98,0,98,210
10/28/2020,DLH,MN,AGL,CE,Combined TRACON& Tower with Radar,8,8,27,4,47,0,0,12,0,12,8,8,39,4,59,30,0,30,89
10/29/2020,DLH,MN,AGL,CE,Combined TRACON& Tower with Radar,8,9,46,0,63,0,10,68,0,78,8,19,114,0,141,134,0,134,275
10/30/2020,DLH,MN,AGL,CE,Combined TRACON& Tower with Radar,8,10,30,0,48,0,18,37,0,55,8,28,67,0,103,156,0,156,259
10/31/2020,DLH,MN,AGL,CE,Combined TRACON& Tower with Radar,8,6,3,0,17,0,0,19,0,19,8,6,22,0,36,2,0,2,38
11/01/2020,DLH,MN,AGL,CE,Combined TRACON& Tower with Radar,8,3,13,0,24,0,0,13,0,13,8,3,26,0,37,8,0,8,45
11/02/2020,DLH,MN,AGL,CE,Combined TRACON& Tower with Radar,8,9,37,0,54,0,10,38,0,48,8,19,75,0,102,88,0,88,190
11/03/2020,DLH,MN,AGL,CE,Combined TRACON& Tower with Radar,8,14,34,0,56,0,17,65,0,82,8,31,99,0,138,63,0,63,201
11/04/2020,DLH,MN,AGL,CE,Combined TRACON& Tower with Radar,8,11,31,2,52,0,17,43,0,60,8,28,74,2,112,126,0,126,238
11/05/2020,DLH,MN,AGL,CE,Combined TRACON& Tower with Radar,8,16,35,0,59,0,13,60,0,73,8,29,95,0,132,182,0,182,314
11/06/2020,DLH,MN,AGL,CE,Combined TRACON& Tower with Radar,8,8,33,4,53,0,10,39,3,52,8,18,72,7,105,43,17,60,165
11/07/2020,DLH,MN,AGL,CE,Combined TRACON& Tower with Radar,8,6,5,0,19,0,0,3,0,3,8,6,8,0,22,0,0,0,22
11/08/2020,DLH,MN,AGL,CE,Combined TRACON& Tower with Radar,8,6,11,0,25,0,5,11,0,16,8,11,22,0,41,14,0,14,55
11/09/2020,DLH,MN,AGL,CE,Combined TRACON& Tower with Radar,8,6,14,0,28,0,0,0,0,0,8,6,14,0,28,0,0,0,28
11/10/2020,DLH,MN,AGL,CE,Combined TRACON& Tower with Radar,8,14,17,6,45,0,21,33,0,54,8,35,50,6,99,87,12,99,198
11/11/2020,DLH,MN,AGL,CE,Combined TRACON& Tower with Radar,8,21,28,6,63,0,0,33,0,33,8,21,61,6,96,70,0,70,166
11/12/2020,DLH,MN,AGL,CE,Combined TRACON& Tower with Radar,8,9,46,6,69,0,0,6,0,6,8,9,52,6,75,43,0,43,118
11/13/2020,DLH,MN,AGL,CE,Combined TRACON& Tower with Radar,8,16,59,0,83,0,22,74,0,96,8,38,133,0,179,114,0,114,293
11/14/2020,DLH,MN,AGL,CE,Combined TRACON& Tower with Radar,8,8,14,0,30,0,6,14,0,20,8,14,28,0,50,28,0,28,78
11/15/2020,DLH,MN,AGL,CE,Combined TRACON& Tower with Radar,8,8,5,0,21,0,0,0,0,0,8,8,5,0,21,0,0,0,21
11/16/2020,DLH,MN,AGL,CE,Combined TRACON& Tower with Radar,10,13,21,4,48,0,6,23,0,29,10,19,44,4,77,84,6,90,167
11/17/2020,DLH,MN,AGL,CE,Combined TRACON& Tower with Radar,8,15,42,5,70,0,16,52,0,68,8,31,94,5,138,130,2,132,270
11/18/2020,DLH,MN,AGL,CE,Combined TRACON& Tower with Radar,8,18,45,8,79,0,12,40,0,52,8,30,85,8,131,60,4,64,195
11/19/2020,DLH,MN,AGL,CE,Combined TRACON& Tower with Radar,8,18,25,23,74,0,14,62,0,76,8,32,87,23,150,116,41,157,307
11/20/2020,DLH,MN,AGL,CE,Combined TRACON& Tower with Radar,10,8,28,7,53,0,2,23,0,25,10,10,51,7,78,22,2,24,102
11/21/2020,DLH,MN,AGL,CE,Combined TRACON& Tower with Radar,12,8,23,7,50,0,10,38,6,54,12,18,61,13,104,53,30,83,187
11/22/2020,DLH,MN,AGL,CE,Combined TRACON& Tower with Radar,10,4,5,0,19,0,1,0,0,1,10,5,5,0,20,0,0,0,20
11/23/2020,DLH,MN,AGL,CE,Combined TRACON& Tower with Radar,10,11,17,12,50,0,18,21,4,43,10,29,38,16,93,93,16,109,202
11/24/2020,DLH,MN,AGL,CE,Combined TRACON& Tower with Radar,13,12,4,0,29,0,0,2,0,2,13,12,6,0,31,0,0,0,31
11/25/2020,DLH,MN,AGL,CE,Combined TRACON& Tower with Radar,13,14,36,2,65,0,0,1,0,1,13,14,37,2,66,0,0,0,66
11/26/2020,DLH,MN,AGL,CE,Combined TRACON& Tower with Radar,6,2,3,0,11,0,0,0,0,0,6,2,3,0,11,0,0,0,11
11/27/2020,DLH,MN,AGL,CE,Combined TRACON& Tower with Radar,8,11,17,0,36,0,4,22,0,26,8,15,39,0,62,28,0,28,90
11/28/2020,DLH,MN,AGL,CE,Combined TRACON& Tower with Radar,10,8,27,0,45,0,4,34,0,38,10,12,61,0,83,31,0,31,114
11/29/2020,DLH,MN,AGL,CE,Combined TRACON& Tower with Radar,10,4,9,0,23,0,1,7,0,8,10,5,16,0,31,0,0,0,31
11/30/2020,DLH,MN,AGL,CE,Combined TRACON& Tower with Radar,10,7,33,9,59,0,14,42,0,56,10,21,75,9,115,98,0,98,213
12/01/2020,DLH,MN,AGL,CE,Combined TRACON& Tower with Radar,10,14,33,37,94,0,12,60,0,72,10,26,93,37,166,114,36,150,316
12/02/2020,DLH,MN,AGL,CE,Combined TRACON& Tower with Radar,6,12,24,13,55,0,8,34,1,43,6,20,58,14,98,64,22,86,184
12/03/2020,DLH,MN,AGL,CE,Combined TRACON& Tower with Radar,8,19,64,12,103,0,17,75,2,94,8,36,139,14,197,96,2,98,295
12/04/2020,DLH,MN,AGL,CE,Combined TRACON& Tower with Radar,6,18,47,0,71,0,15,39,0,54,6,33,86,0,125,112,0,112,237
12/05/2020,DLH,MN,AGL,CE,Combined TRACON& Tower with Radar,6,10,23,16,55,0,17,38,0,55,6,27,61,16,110,80,14,94,204
12/06/2020,DLH,MN,AGL,CE,Combined TRACON& Tower with Radar,6,9,5,0,20,0,0,0,0,0,6,9,5,0,20,0,0,0,20
12/07/2020,DLH,MN,AGL,CE,Combined TRACON& Tower with Radar,8,7,12,6,33,0,0,0,0,0,8,7,12,6,33,0,0,0,33
12/08/2020,DLH,MN,AGL,CE,Combined TRACON& Tower with Radar,8,14,31,12,65,0,8,22,0,30,8,22,53,12,95,14,6,20,115
12/09/2020,DLH,MN,AGL,CE,Combined TRACON& Tower with Radar,6,15,38,13,72,0,21,53,7,81,6,36,91,20,153,147,6,153,306
12/10/2020,DLH,MN,AGL,CE,Combined TRACON& Tower with Radar,6,11,57,17,91,0,8,38,7,53,6,19,95,24,144,144,18,162,306
12/11/2020,DLH,MN,AGL,CE,Combined TRACON& Tower with Radar,6,9,46,18,79,0,2,28,0,30,6,11,74,18,109,104,16,120,229
12/12/2020,DLH,MN,AGL,CE,Combined TRACON& Tower with Radar,6,8,13,14,41,0,0,24,0,24,6,8,37,14,65,38,2,40,105
12/13/2020,DLH,MN,AGL,CE,Combined TRACON& Tower with Radar,6,7,8,0,21,0,0,0,0,0,6,7,8,0,21,0,0,0,21
12/14/2020,DLH,MN,AGL,CE,Combined TRACON& Tower with Radar,6,12,37,18,73,0,14,48,0,62,6,26,85,18,135,98,13,111,246
12/15/2020,DLH,MN,AGL,CE,Combined TRACON& Tower with Radar,6,15,33,8,62,0,16,19,0,35,6,31,52,8,97,67,8,75,172
12/16/2020,DLH,MN,AGL,CE,Combined TRACON& Tower with Radar,6,15,60,8,89,0,30,41,5,76,6,45,101,13,165,112,56,168,333
12/17/2020,DLH,MN,AGL,CE,Combined TRACON& Tower with Radar,6,17,63,20,106,0,18,46,1,65,6,35,109,21,171,90,36,126,297
12/18/2020,DLH,MN,AGL,CE,Combined TRACON& Tower with Radar,6,14,33,4,57,0,0,4,0,4,6,14,37,4,61,10,0,10,71
12/19/2020,DLH,MN,AGL,CE,Combined TRACON& Tower with Radar,7,11,51,0,69,0,9,27,0,36,7,20,78,0,105,48,0,48,153
12/20/2020,DLH,MN,AGL,CE,Combined TRACON& Tower with Radar,7,5,23,0,35,0,2,37,0,39,7,7,60,0,74,58,0,58,132
12/21/2020,DLH,MN,AGL,CE,Combined TRACON& Tower with Radar,6,9,10,0,25,0,2,0,0,2,6,11,10,0,27,0,0,0,27
12/22/2020,DLH,MN,AGL,CE,Combined TRACON& Tower with Radar,6,12,30,11,59,0,0,3,0,3,6,12,33,11,62,0,0,0,62
12/23/2020,DLH,MN,AGL,CE,Combined TRACON& Tower with Radar,3,9,5,1,18,0,0,10,0,10,3,9,15,1,28,0,0,0,28
12/24/2020,DLH,MN,AGL,CE,Combined TRACON& Tower with Radar,4,10,3,0,17,0,0,7,0,7,4,10,10,0,24,0,0,0,24
12/25/2020,DLH,MN,AGL,CE,Combined TRACON& Tower with Radar,5,10,2,0,17,0,2,6,0,8,5,12,8,0,25,0,0,0,25
12/26/2020,DLH,MN,AGL,CE,Combined TRACON& Tower with Radar,6,9,35,0,50,0,1,41,0,42,6,10,76,0,92,24,0,24,116
12/27/2020,DLH,MN,AGL,CE,Combined TRACON& Tower with Radar,6,8,25,0,39,0,0,13,0,13,6,8,38,0,52,32,0,32,84
12/28/2020,DLH,MN,AGL,CE,Combined TRACON& Tower with Radar,6,16,46,4,72,0,11,38,0,49,6,27,84,4,121,30,2,32,153
12/29/2020,DLH,MN,AGL,CE,Combined TRACON& Tower with Radar,6,14,33,9,62,0,16,17,4,37,6,30,50,13,99,121,14,135,234
12/30/2020,DLH,MN,AGL,CE,Combined TRACON& Tower with Radar,6,10,18,8,42,0,0,10,0,10,6,10,28,8,52,26,0,26,78
12/31/2020,DLH,MN,AGL,CE,Combined TRACON& Tower with Radar,5,11,7,0,23,0,0,0,0,0,5,11,7,0,23,0,0,0,23
01/01/2021,DLH,MN,AGL,CE,Combined TRACON& Tower with Radar,5,5,5,0,15,0,0,0,0,0,5,5,5,0,15,0,0,0,15
01/02/2021,DLH,MN,AGL,CE,Combined TRACON& Tower with Radar,6,10,6,0,22,0,0,3,0,3,6,10,9,0,25,2,0,2,27
01/03/2021,DLH,MN,AGL,CE,Combined TRACON& Tower with Radar,6,11,16,0,33,0,9,14,0,23,6,20,30,0,56,34,0,34,90
01/04/2021,DLH,MN,AGL,CE,Combined TRACON& Tower with Radar,6,9,19,18,52,0,4,6,0,10,6,13,25,18,62,71,0,71,133
01/05/2021,DLH,MN,AGL,CE,Combined TRACON& Tower with Radar,6,17,43,12,78,0,11,48,0,59,6,28,91,12,137,163,2,165,302
01/06/2021,DLH,MN,AGL,CE,Combined TRACON& Tower with Radar,8,9,36,12,65,0,4,18,0,22,8,13,54,12,87,40,0,40,127
01/07/2021,DLH,MN,AGL,CE,Combined TRACON& Tower with Radar,8,6,12,9,35,0,2,9,0,11,8,8,21,9,46,2,2,4,50
01/08/2021,DLH,MN,AGL,CE,Combined TRACON& Tower with Radar,7,7,27,9,50,0,8,25,1,34,7,15,52,10,84,68,4,72,156
01/09/2021,DLH,MN,AGL,CE,Combined TRACON& Tower with Radar,9,4,0,19,32,0,0,0,0,0,9,4,0,19,32,0,0,0,32
01/10/2021,DLH,MN,AGL,CE,Combined TRACON& Tower with Radar,10,4,13,0,27,0,0,0,0,0,10,4,13,0,27,0,0,0,27
01/11/2021,DLH,MN,AGL,CE,Combined TRACON& Tower with Radar,8,5,15,2,30,0,0,0,0,0,8,5,15,2,30,0,0,0,30
01/12/2021,DLH,MN,AGL,CE,Combined TRACON& Tower with Radar,9,6,39,14,68,0,6,20,0,26,9,12,59,14,94,42,10,52,146
01/13/2021,DLH,MN,AGL,CE,Combined TRACON& Tower with Radar,9,11,40,27,87,0,25,64,2,91,9,36,104,29,178,134,22,156,334
01/14/2021,DLH,MN,AGL,CE,Combined TRACON& Tower with Radar,8,7,39,4,58,0,1,6,0,7,8,8,45,4,65,22,0,22,87
01/15/2021,DLH,MN,AGL,CE,Combined TRACON& Tower with Radar,8,10,10,0,28,0,0,0,0,0,8,10,10,0,28,0,0,0,28
01/16/2021,DLH,MN,AGL,CE,Combined TRACON& Tower with Radar,8,6,4,0,18,0,0,1,0,1,8,6,5,0,19,62,0,62,81
01/17/2021,DLH,MN,AGL,CE,Combined TRACON& Tower with Radar,8,5,8,0,21,0,0,2,0,2,8,5,10,0,23,30,0,30,53
01/18/2021,DLH,MN,AGL,CE,Combined TRACON& Tower with Radar,8,7,12,3,30,0,1,8,1,10,8,8,20,4,40,10,0,10,50
01/19/2021,DLH,MN,AGL,CE,Combined TRACON& Tower with Radar,8,10,39,4,61,0,9,35,0,44,8,19,74,4,105,65,0,65,170
01/20/2021,DLH,MN,AGL,CE,Combined TRACON& Tower with Radar,10,9,30,14,63,0,13,28,2,43,10,22,58,16,106,60,24,84,190
01/21/2021,DLH,MN,AGL,CE,Combined TRACON& Tower with Radar,8,8,18,5,39,0,0,7,0,7,8,8,25,5,46,0,2,2,48
01/22/2021,DLH,MN,AGL,CE,Combined TRACON& Tower with Radar,8,14,34,18,74,0,17,55,0,72,8,31,89,18,146,174,22,196,342
01/23/2021,DLH,MN,AGL,CE,Combined TRACON& Tower with Radar,8,5,14,9,36,0,5,11,1,17,8,10,25,10,53,147,4,151,204
01/24/2021,DLH,MN,AGL,CE,Combined TRACON& Tower with Radar,10,1,16,4,31,0,9,20,0,29,10,10,36,4,60,82,0,82,142
01/25/2021,DLH,MN,AGL,CE,Combined TRACON& Tower with Radar,8,10,28,11,57,0,12,60,0,72,8,22,88,11,129,125,0,125,254
01/26/2021,DLH,MN,AGL,CE,Combined TRACON& Tower with Radar,8,9,39,20,76,0,19,48,5,72,8,28,87,25,148,99,10,109,257
01/27/2021,DLH,MN,AGL,CE,Combined TRACON& Tower with Radar,8,12,49,17,86,0,7,51,0,58,8,19,100,17,144,90,11,101,245
01/28/2021,DLH,MN,AGL,CE,Combined TRACON& Tower with Radar,8,9,30,14,61,0,10,38,0,48,8,19,68,14,109,139,0,139,248
01/29/2021,DLH,MN,AGL,CE,Combined TRACON& Tower with Radar,8,10,27,0,45,0,14,26,1,41,8,24,53,1,86,57,0,57,143
01/30/2021,DLH,MN,AGL,CE,Combined TRACON& Tower with Radar,8,8,4,0,20,0,0,0,0,0,8,8,4,0,20,0,0,0,20
01/31/2021,DLH,MN,AGL,CE,Combined TRACON& Tower with Radar,8,9,7,0,24,0,0,1,0,1,8,9,8,0,25,0,0,0,25
02/01/2021,DLH,MN,AGL,CE,Combined TRACON& Tower with Radar,8,6,25,7,46,0,0,6,0,6,8,6,31,7,52,24,0,24,76
02/02/2021,DLH,MN,AGL,CE,Combined TRACON& Tower with Radar,8,9,21,16,54,0,0,1,0,1,8,9,22,16,55,43,0,43,98
02/03/2021,DLH,MN,AGL,CE,Combined TRACON& Tower with Radar,8,11,33,8,60,0,16,45,0,61,8,27,78,8,121,96,0,96,217
02/04/2021,DLH,MN,AGL,CE,Combined TRACON& Tower with Radar,9,9,17,4,39,0,0,3,0,3,9,9,20,4,42,0,0,0,42
02/05/2021,DLH,MN,AGL,CE,Combined TRACON& Tower with Radar,8,7,10,8,33,0,2,3,0,5,8,9,13,8,38,17,0,17,55
02/06/2021,DLH,MN,AGL,CE,Combined TRACON& Tower with Radar,9,6,14,1,30,0,4,24,5,33,9,10,38,6,63,40,8,48,111
02/07/2021,DLH,MN,AGL,CE,Combined TRACON& Tower with Radar,8,8,17,0,33,0,6,7,0,13,8,14,24,0,46,36,0,36,82
02/08/2021,DLH,MN,AGL,CE,Combined TRACON& Tower with Radar,8,5,17,1,31,0,13,43,1,57,8,18,60,2,88,64,0,64,152
02/09/2021,DLH,MN,AGL,CE,Combined TRACON& Tower with Radar,8,9,26,5,48,0,21,41,0,62,8,30,67,5,110,113,7,120,230
02/10/2021,DLH,MN,AGL,CE,Combined TRACON& Tower with Radar,10,6,40,3,59,0,13,33,1,47,10,19,73,4,106,99,6,105,211
02/11/2021,DLH,MN,AGL,CE,Combined TRACON& Tower with Radar,10,10,19,20,59,0,18,18,0,36,10,28,37,20,95,162,22,184,279
02/12/2021,DLH,MN,AGL,CE,Combined TRACON& Tower with Radar,9,7,30,10,56,0,6,41,0,47,9,13,71,10,103,55,6,61,164
02/13/2021,DLH,MN,AGL,CE,Combined TRACON& Tower with Radar,8,6,16,0,30,0,7,6,0,13,8,13,22,0,43,76,0,76,119
02/14/2021,DLH,MN,AGL,CE,Combined TRACON& Tower with Radar,9,2,9,0,20,0,11,28,0,39,9,13,37,0,59,16,0,16,75
02/15/2021,DLH,MN,AGL,CE,Combined TRACON& Tower with Radar,8,6,21,0,35,0,0,43,0,43,8,6,64,0,78,62,0,62,140
02/16/2021,DLH,MN,AGL,CE,Combined TRACON& Tower with Radar,9,7,42,20,78,0,16,30,6,52,9,23,72,26,130,97,23,120,250
02/17/2021,DLH,MN,AGL,CE,Combined TRACON& Tower with Radar,7,17,32,23,79,0,8,33,2,43,7,25,65,25,122,110,34,144,266
02/18/2021,DLH,MN,AGL,CE,Combined TRACON& Tower with Radar,9,6,18,14,47,0,10,14,0,24,9,16,32,14,71,98,18,116,187
02/19/2021,DLH,MN,AGL,CE,Combined TRACON& Tower with Radar,8,8,41,13,70,0,16,38,0,54,8,24,79,13,124,143,14,157,281
02/20/2021,DLH,MN,AGL,CE,Combined TRACON& Tower with Radar,8,5,19,14,46,0,17,46,0,63,8,22,65,14,109,80,8,88,197
02/21/2021,DLH,MN,AGL,CE,Combined TRACON& Tower with Radar,8,6,12,0,26,0,0,0,0,0,8,6,12,0,26,0,0,0,26
02/22/2021,DLH,MN,AGL,CE,Combined TRACON& Tower with Radar,8,5,29,7,49,0,12,25,0,37,8,17,54,7,86,46,12,58,144
02/23/2021,DLH,MN,AGL,CE,Combined TRACON& Tower with Radar,8,8,46,22,84,0,7,62,0,69,8,15,108,22,153,178,16,194,347
02/24/2021,DLH,MN,AGL,CE,Combined TRACON& Tower with Radar,8,8,50,17,83,0,15,44,4,63,8,23,94,21,146,183,18,201,347
02/25/2021,DLH,MN,AGL,CE,Combined TRACON& Tower with Radar,8,8,44,13,73,0,15,42,4,61,8,23,86,17,134,143,46,189,323
02/26/2021,DLH,MN,AGL,CE,Combined TRACON& Tower with Radar,8,10,32,0,50,0,0,21,1,22,8,10,53,1,72,20,0,20,92
02/27/2021,DLH,MN,AGL,CE,Combined TRACON& Tower with Radar,8,5,8,0,21,0,6,34,0,40,8,11,42,0,61,88,0,88,149
02/28/2021,DLH,MN,AGL,CE,Combined TRACON& Tower with Radar,10,3,7,0,20,0,0,6,0,6,10,3,13,0,26,2,0,2,28
03/01/2021,DLH,MN,AGL,CE,Combined TRACON& Tower with Radar,8,9,38,8,63,0,5,52,0,57,8,14,90,8,120,67,4,71,191
03/02/2021,DLH,MN,AGL,CE,Combined TRACON& Tower with Radar,7,12,32,17,68,0,3,23,0,26,7,15,55,17,94,9,22,31,125
03/03/2021,DLH,MN,AGL,CE,Combined TRACON& Tower with Radar,6,11,53,14,84,0,9,65,3,77,6,20,118,17,161,102,24,126,287
03/04/2021,DLH,MN,AGL,CE,Combined TRACON& Tower with Radar,6,16,49,4,75,0,17,55,0,72,6,33,104,4,147,68,2,70,217
03/05/2021,DLH,MN,AGL,CE,Combined TRACON& Tower with Radar,8,10,24,0,42,0,10,55,0,65,8,20,79,0,107,97,0,97,204
03/06/2021,DLH,MN,AGL,CE,Combined TRACON& Tower with Radar,4,9,15,0,28,0,17,42,0,59,4,26,57,0,87,82,0,82,169
03/07/2021,DLH,MN,AGL,CE,Combined TRACON& Tower with Radar,6,6,2,0,14,0,4,3,0,7,6,10,5,0,21,44,0,44,65
03/08/2021,DLH,MN,AGL,CE,Combined TRACON& Tower with Radar,6,9,29,4,48,0,9,42,0,51,6,18,71,4,99,91,0,91,190
03/09/2021,DLH,MN,AGL,CE,Combined TRACON& Tower with Radar,6,18,37,7,68,0,6,35,1,42,6,24,72,8,110,90,10,100,210
03/10/2021,DLH,MN,AGL,CE,Combined TRACON& Tower with Radar,6,9,11,9,35,0,0,15,0,15,6,9,26,9,50,70,8,78,128
03/11/2021,DLH,MN,AGL,CE,Combined TRACON& Tower with Radar,6,10,35,8,59,0,1,22,2,25,6,11,57,10,84,28,29,57,141
03/12/2021,DLH,MN,AGL,CE,Combined TRACON& Tower with Radar,8,18,28,7,61,0,7,42,0,49,8,25,70,7,110,94,0,94,204
03/13/2021,DLH,MN,AGL,CE,Combined TRACON& Tower with Radar,4,9,18,0,31,0,3,68,0,71,4,12,86,0,102,39,0,39,141
03/14/2021,DLH,MN,AGL,CE,Combined TRACON& Tower with Radar,6,11,15,0,32,0,6,19,3,28,6,17,34,3,60,74,0,74,134
03/15/2021,DLH,MN,AGL,CE,Combined TRACON& Tower with Radar,6,10,18,5,39,0,6,39,1,46,6,16,57,6,85,89,6,95,180
03/16/2021,DLH,MN,AGL,CE,Combined TRACON& Tower with Radar,6,14,30,23,73,0,3,27,3,33,6,17,57,26,106,142,57,199,305
03/17/2021,DLH,MN,AGL,CE,Combined TRACON& Tower with Radar,8,12,35,16,71,0,4,34,4,42,8,16,69,20,113,109,34,143,256
03/18/2021,DLH,MN,AGL,CE,Combined TRACON& Tower with Radar,6,15,41,4,66,0,12,47,0,59,6,27,88,4,125,94,2,96,221
03/19/2021,DLH,MN,AGL,CE,Combined TRACON& Tower with Radar,8,11,27,1,47,0,8,53,1,62,8,19,80,2,109,75,0,75,184
03/20/2021,DLH,MN,AGL,CE,Combined TRACON& Tower with Radar,4,8,14,3,29,0,8,48,0,56,4,16,62,3,85,73,0,73,158
03/21/2021,DLH,MN,AGL,CE,Combined TRACON& Tower with Radar,6,6,7,4,23,0,2,8,0,10,6,8,15,4,33,10,8,18,51
03/22/2021,DLH,MN,AGL,CE,Combined TRACON& Tower with Radar,6,12,35,3,56,0,8,37,0,45,6,20,72,3,101,65,0,65,166
03/23/2021,DLH,MN,AGL,CE,Combined TRACON& Tower with Radar,6,11,17,8,42,0,0,6,0,6,6,11,23,8,48,20,0,20,68
03/24/2021,DLH,MN,AGL,CE,Combined TRACON& Tower with Radar,6,12,9,1,28,0,0,1,0,1,6,12,10,1,29,0,0,0,29
03/25/2021,DLH,MN,AGL,CE,Combined TRACON& Tower with Radar,6,12,61,15,94,0,2,21,0,23,6,14,82,15,117,44,0,44,161
03/26/2021,DLH,MN,AGL,CE,Combined TRACON& Tower with Radar,8,19,34,0,61,0,1,4,0,5,8,20,38,0,66,0,0,0,66
03/27/2021,DLH,MN,AGL,CE,Combined TRACON& Tower with Radar,4,8,7,0,19,0,0,0,0,0,4,8,7,0,19,0,0,0,19
03/28/2021,DLH,MN,AGL,CE,Combined TRACON& Tower with Radar,6,13,30,1,50,0,7,35,0,42,6,20,65,1,92,76,0,76,168
03/29/2021,DLH,MN,AGL,CE,Combined TRACON& Tower with Radar,6,11,34,5,56,0,7,36,0,43,6,18,70,5,99,24,0,24,123
03/30/2021,DLH,MN,AGL,CE,Combined TRACON& Tower with Radar,6,11,11,18,46,0,0,11,0,11,6,11,22,18,57,4,46,50,107
03/31/2021,DLH,MN,AGL,CE,Combined TRACON& Tower with Radar,6,17,39,12,74,0,2,57,0,59,6,19,96,12,133,84,4,88,221
04/01/2021,DLH,MN,AGL,CE,Combined TRACON& Tower with Radar,6,22,39,8,75,0,25,68,5,98,6,47,107,13,173,129,6,135,308
04/02/2021,DLH,MN,AGL,CE,Combined TRACON& Tower with Radar,6,10,36,1,53,0,2,60,0,62,6,12,96,1,115,32,0,32,147
04/03/2021,DLH,MN,AGL,CE,Combined TRACON& Tower with Radar,5,8,10,0,23,0,15,55,0,70,5,23,65,0,93,83,0,83,176
04/04/2021,DLH,MN,AGL,CE,Combined TRACON& Tower with Radar,6,8,32,0,46,0,1,37,0,38,6,9,69,0,84,62,0,62,146
04/05/2021,DLH,MN,AGL,CE,Combined TRACON& Tower with Radar,8,13,45,5,71,0,15,61,0,76,8,28,106,5,147,113,4,117,264
04/06/2021,DLH,MN,AGL,CE,Combined TRACON& Tower with Radar,6,12,44,5,67,0,15,55,2,72,6,27,99,7,139,169,8,177,316
04/07/2021,DLH,MN,AGL,CE,Combined TRACON& Tower with Radar,6,11,17,0,34,0,0,0,0,0,6,11,17,0,34,0,0,0,34
04/08/2021,DLH,MN,AGL,CE,Combined TRACON& Tower with Radar,6,11,14,0,31,0,0,0,0,0,6,11,14,0,31,0,0,0,31
04/09/2021,DLH,MN,AGL,CE,Combined TRACON& Tower with Radar,8,11,10,0,29,0,0,0,0,0,8,11,10,0,29,0,0,0,29
04/10/2021,DLH,MN,AGL,CE,Combined TRACON& Tower with Radar,4,8,10,0,22,0,0,22,0,22,4,8,32,0,44,0,0,0,44
04/11/2021,DLH,MN,AGL,CE,Combined TRACON& Tower with Radar,5,10,7,0,22,0,0,0,0,0,5,10,7,0,22,2,0,2,24
04/12/2021,DLH,MN,AGL,CE,Combined TRACON& Tower with Radar,4,12,22,2,40,0,0,0,0,0,4,12,22,2,40,0,0,0,40
04/13/2021,DLH,MN,AGL,CE,Combined TRACON& Tower with Radar,4,13,18,8,43,0,0,3,0,3,4,13,21,8,46,18,0,18,64
04/14/2021,DLH,MN,AGL,CE,Combined TRACON& Tower with Radar,4,12,47,6,69,0,0,13,0,13,4,12,60,6,82,26,4,30,112
04/15/2021,DLH,MN,AGL,CE,Combined TRACON& Tower with Radar,4,20,46,18,88,0,12,52,0,64,4,32,98,18,152,141,0,141,293
04/16/2021,DLH,MN,AGL,CE,Combined TRACON& Tower with Radar,4,21,36,7,68,0,27,99,1,127,4,48,135,8,195,126,0,126,321
04/17/2021,DLH,MN,AGL,CE,Combined TRACON& Tower with Radar,6,27,35,10,78,0,15,59,0,74,6,42,94,10,152,44,12,56,208
04/18/2021,DLH,MN,AGL,CE,Combined TRACON& Tower with Radar,6,10,7,12,35,0,6,29,0,35,6,16,36,12,70,24,20,44,114
04/19/2021,DLH,MN,AGL,CE,Combined TRACON& Tower with Radar,4,12,21,0,37,0,7,14,0,21,4,19,35,0,58,18,0,18,76
04/20/2021,DLH,MN,AGL,CE,Combined TRACON& Tower with Radar,4,29,32,10,75,0,29,60,0,89,4,58,92,10,164,108,12,120,284
04/21/2021,DLH,MN,AGL,CE,Combined TRACON& Tower with Radar,4,26,44,16,90,0,24,57,0,81,4,50,101,16,171,159,14,173,344
04/22/2021,DLH,MN,AGL,CE,Combined TRACON& Tower with Radar,4,24,35,15,78,0,32,85,0,117,4,56,120,15,195,116,16,132,327
04/23/2021,DLH,MN,AGL,CE,Combined TRACON& Tower with Radar,4,15,22,9,50,0,3,10,1,14,4,18,32,10,64,80,1,81,145
04/24/2021,DLH,MN,AGL,CE,Combined TRACON& Tower with Radar,4,11,19,0,34,0,5,24,0,29,4,16,43,0,63,54,0,54,117
04/25/2021,DLH,MN,AGL,CE,Combined TRACON& Tower with Radar,4,11,22,0,37,0,4,37,0,41,4,15,59,0,78,93,0,93,171
04/26/2021,DLH,MN,AGL,CE,Combined TRACON& Tower with Radar,4,12,6,0,22,0,0,0,0,0,4,12,6,0,22,0,0,0,22
04/27/2021,DLH,MN,AGL,CE,Combined TRACON& Tower with Radar,6,15,13,12,46,0,0,0,0,0,6,15,13,12,46,0,0,0,46
04/28/2021,DLH,MN,AGL,CE,Combined TRACON& Tower with Radar,4,28,61,30,123,0,24,108,0,132,4,52,169,30,255,77,8,85,340
04/29/2021,DLH,MN,AGL,CE,Combined TRACON& Tower with Radar,4,17,38,23,82,0,13,40,0,53,4,30,78,23,135,38,2,40,175
04/30/2021,DLH,MN,AGL,CE,Combined TRACON& Tower with Radar,2,14,26,14,56,0,14,62,1,77,2,28,88,15,133,54,2,56,189
05/01/2021,DLH,MN,AGL,CE,Combined TRACON& Tower with Radar,4,10,15,8,37,0,4,35,0,39,4,14,50,8,76,67,16,83,159
05/02/2021,DLH,MN,AGL,CE,Combined TRACON& Tower with Radar,6,15,16,4,41,0,9,27,0,36,6,24,43,4,77,76,2,78,155
05/03/2021,DLH,MN,AGL,CE,Combined TRACON& Tower with Radar,6,15,52,15,88,0,14,35,0,49,6,29,87,15,137,92,20,112,249
05/04/2021,DLH,MN,AGL,CE,Combined TRACON& Tower with Radar,7,20,58,22,107,0,7,46,1,54,7,27,104,23,161,56,30,86,247
05/05/2021,DLH,MN,AGL,CE,Combined TRACON& Tower with Radar,6,28,47,20,101,0,20,57,2,79,6,48,104,22,180,125,32,157,337
05/06/2021,DLH,MN,AGL,CE,Combined TRACON& Tower with Radar,6,27,30,19,82,0,17,44,5,66,6,44,74,24,148,121,13,134,282
05/07/2021,DLH,MN,AGL,CE,Combined TRACON& Tower with Radar,6,20,35,2,63,0,10,69,0,79,6,30,104,2,142,78,0,78,220
05/08/2021,DLH,MN,AGL,CE,Combined TRACON& Tower with Radar,4,10,24,0,38,0,8,38,0,46,4,18,62,0,84,60,0,60,144
05/09/2021,DLH,MN,AGL,CE,Combined TRACON& Tower with Radar,6,17,22,0,45,0,10,33,0,43,6,27,55,0,88,18,0,18,106
05/10/2021,DLH,MN,AGL,CE,Combined TRACON& Tower with Radar,6,22,42,10,80,0,17,47,0,64,6,39,89,10,144,136,10,146,290
05/11/2021,DLH,MN,AGL,CE,Combined TRACON& Tower with Radar,6,22,43,9,80,0,31,42,1,74,6,53,85,10,154,135,6,141,295
05/12/2021,DLH,MN,AGL,CE,Combined TRACON& Tower with Radar,6,24,68,9,107,0,19,57,0,76,6,43,125,9,183,64,0,64,247
05/13/2021,DLH,MN,AGL,CE,Combined TRACON& Tower with Radar,4,26,39,11,80,0,21,42,1,64,4,47,81,12,144,150,0,150,294
05/14/2021,DLH,MN,AGL,CE,Combined TRACON& Tower with Radar,6,25,39,19,89,0,13,39,1,53,6,38,78,20,142,62,14,76,218
05/15/2021,DLH,MN,AGL,CE,Combined TRACON& Tower with Radar,4,16,24,0,44,0,3,54,1,58,4,19,78,1,102,58,0,58,160
05/16/2021,DLH,MN,AGL,CE,Combined TRACON& Tower with Radar,6,18,24,12,60,0,7,46,0,53,6,25,70,12,113,104,4,108,221
05/17/2021,DLH,MN,AGL,CE,Combined TRACON& Tower with Radar,6,22,19,19,66,0,11,47,0,58,6,33,66,19,124,169,12,181,305
05/18/2021,DLH,MN,AGL,CE,Combined TRACON& Tower with Radar,6,31,40,29,106,0,25,47,3,75,6,56,87,32,181,51,28,79,260
05/19/2021,DLH,MN,AGL,CE,Combined TRACON& Tower with Radar,6,22,33,10,71,0,4,2,0,6,6,26,35,10,77,64,0,64,141
05/20/2021,DLH,MN,AGL,CE,Combined TRACON& Tower with Radar,6,14,11,2,33,0,0,0,0,0,6,14,11,2,33,0,0,0,33
05/21/2021,DLH,MN,AGL,CE,Combined TRACON& Tower with Radar,8,19,46,1,74,0,10,26,1,37,8,29,72,2,111,106,0,106,217
05/22/2021,DLH,MN,AGL,CE,Combined TRACON& Tower with Radar,4,15,27,0,46,0,0,24,0,24,4,15,51,0,70,28,0,28,98
05/23/2021,DLH,MN,AGL,CE,Combined TRACON& Tower with Radar,6,11,16,0,33,0,0,0,0,0,6,11,16,0,33,0,0,0,33
05/24/2021,DLH,MN,AGL,CE,Combined TRACON& Tower with Radar,6,12,1,0,19,0,2,0,0,2,6,14,1,0,21,0,0,0,21
05/25/2021,DLH,MN,AGL,CE,Combined TRACON& Tower with Radar,6,21,48,14,89,0,6,18,2,26,6,27,66,16,115,28,22,50,165
05/26/2021,DLH,MN,AGL,CE,Combined TRACON& Tower with Radar,6,21,60,15,102,0,16,75,0,91,6,37,135,15,193,123,8,131,324
05/27/2021,DLH,MN,AGL,CE,Combined TRACON& Tower with Radar,6,26,59,16,107,0,24,51,4,79,6,50,110,20,186,89,8,97,283
05/28/2021,DLH,MN,AGL,CE,Combined TRACON& Tower with Radar,6,17,32,0,55,0,17,47,0,64,6,34,79,0,119,120,0,120,239
05/29/2021,DLH,MN,AGL,CE,Combined TRACON& Tower with Radar,6,14,23,0,43,0,5,69,0,74,6,19,92,0,117,34,0,34,151
05/30/2021,DLH,MN,AGL,CE,Combined TRACON& Tower with Radar,6,9,15,0,30,0,3,19,0,22,6,12,34,0,52,34,0,34,86
05/31/2021,DLH,MN,AGL,CE,Combined TRACON& Tower with Radar,6,13,14,0,33,0,6,34,0,40,6,19,48,0,73,41,0,41,114
06/01/2021,DLH,MN,AGL,CE,Combined TRACON& Tower with Radar,6,24,39,17,86,0,14,78,0,92,6,38,117,17,178,82,42,124,302
06/02/2021,DLH,MN,AGL,CE,Combined TRACON& Tower with Radar,6,24,39,20,89,0,16,66,5,87,6,40,105,25,176,106,47,153,329
06/03/2021,DLH,MN,AGL,CE,Combined TRACON& Tower with Radar,5,20,60,9,94,0,7,51,1,59,5,27,111,10,153,114,2,116,269
06/04/2021,DLH,MN,AGL,CE,Combined TRACON& Tower with Radar,3,21,48,19,91,0,9,48,5,62,3,30,96,24,153,61,64,125,278
06/05/2021,DLH,MN,AGL,CE,Combined TRACON& Tower with Radar,0,19,24,0,43,0,4,49,0,53,0,23,73,0,96,106,0,106,202
06/06/2021,DLH,MN,AGL,CE,Combined TRACON& Tower with Radar,0,15,18,1,34,0,2,40,0,42,0,17,58,1,76,31,0,31,107
06/07/2021,DLH,MN,AGL,CE,Combined TRACON& Tower with Radar,0,21,38,29,88,0,9,64,13,86,0,30,102,42,174,123,24,147,321
06/08/2021,DLH,MN,AGL,CE,Combined TRACON& Tower with Radar,0,25,37,23,85,0,6,66,5,77,0,31,103,28,162,82,17,99,261
06/09/2021,DLH,MN,AGL,CE,Combined TRACON& Tower with Radar,0,30,50,14,94,0,14,61,1,76,0,44,111,15,170,98,6,104,274
06/10/2021,DLH,MN,AGL,CE,Combined TRACON& Tower with Radar,0,21,56,8,85,0,12,54,4,70,0,33,110,12,155,126,18,144,299
06/11/2021,DLH,MN,AGL,CE,Combined TRACON& Tower with Radar,0,20,9,0,29,0,0,0,0,0,0,20,9,0,29,0,0,0,29
06/12/2021,DLH,MN,AGL,CE,Combined TRACON& Tower with Radar,0,24,12,0,36,0,6,52,1,59,0,30,64,1,95,42,0,42,137
06/13/2021,DLH,MN,AGL,CE,Combined TRACON& Tower with Radar,0,14,15,2,31,0,1,45,0,46,0,15,60,2,77,39,0,39,116
06/14/2021,DLH,MN,AGL,CE,Combined TRACON& Tower with Radar,0,16,30,12,58,0,6,59,0,65,0,22,89,12,123,68,26,94,217
06/15/2021,DLH,MN,AGL,CE,Combined TRACON& Tower with Radar,2,30,55,14,101,0,15,75,0,90,2,45,130,14,191,126,18,144,335
06/16/2021,DLH,MN,AGL,CE,Combined TRACON& Tower with Radar,2,27,65,19,113,0,18,77,3,98,2,45,142,22,211,110,21,131,342
06/17/2021,DLH,MN,AGL,CE,Combined TRACON& Tower with Radar,0,23,30,29,82,0,7,70,0,77,0,30,100,29,159,95,90,185,344
06/18/2021,DLH,MN,AGL,CE,Combined TRACON& Tower with Radar,0,24,24,0,48,0,15,45,0,60,0,39,69,0,108,10,0,10,118
06/19/2021,DLH,MN,AGL,CE,Combined TRACON& Tower with Radar,0,27,15,1,43,0,11,53,2,66,0,38,68,3,109,80,4,84,193
06/20/2021,DLH,MN,AGL,CE,Combined TRACON& Tower with Radar,0,18,16,3,37,0,0,1,0,1,0,18,17,3,38,0,0,0,38
06/21/2021,DLH,MN,AGL,CE,Combined TRACON& Tower with Radar,0,28,36,26,90,0,8,54,4,66,0,36,90,30,156,67,8,75,231
06/22/2021,DLH,MN,AGL,CE,Combined TRACON& Tower with Radar,0,32,15,18,65,0,13,61,0,74,0,45,76,18,139,70,6,76,215
06/23/2021,DLH,MN,AGL,CE,Combined TRACON& Tower with Radar,0,35,29,25,89,0,17,67,1,85,0,52,96,26,174,26,6,32,206
06/24/2021,DLH,MN,AGL,CE,Combined TRACON& Tower with Radar,0,22,20,19,61,0,8,54,1,63,0,30,74,20,124,16,34,50,174
06/25/2021,DLH,MN,AGL,CE,Combined TRACON& Tower with Radar,2,21,9,10,42,0,2,58,6,66,2,23,67,16,108,14,4,18,126
06/26/2021,DLH,MN,AGL,CE,Combined TRACON& Tower with Radar,2,14,14,5,35,0,15,66,2,83,2,29,80,7,118,76,2,78,196
06/27/2021,DLH,MN,AGL,CE,Combined TRACON& Tower with Radar,0,20,31,9,60,0,6,32,0,38,0,26,63,9,98,43,12,55,153
06/28/2021,DLH,MN,AGL,CE,Combined TRACON& Tower with Radar,4,21,57,24,106,0,6,50,1,57,4,27,107,25,163,70,0,70,233
06/29/2021,DLH,MN,AGL,CE,Combined TRACON& Tower with Radar,2,17,25,19,63,0,2,44,1,47,2,19,69,20,110,49,24,73,183
06/30/2021,DLH,MN,AGL,CE,Combined TRACON& Tower with Radar,0,37,42,20,99,0,6,86,7,99,0,43,128,27,198,104,34,138,336
07/01/2021,DLH,MN,AGL,CE,Combined TRACON& Tower with Radar,1,27,43,16,87,0,14,73,7,94,1,41,116,23,181,74,52,126,307
07/02/2021,DLH,MN,AGL,CE,Combined TRACON& Tower with Radar,5,22,38,4,69,0,6,58,0,64,5,28,96,4,133,40,0,40,173
07/03/2021,DLH,MN,AGL,CE,Combined TRACON& Tower with Radar,2,15,14,0,31,0,5,40,0,45,2,20,54,0,76,2,0,2,78
07/04/2021,DLH,MN,AGL,CE,Combined TRACON& Tower with Radar,2,14,14,1,31,0,11,39,4,54,2,25,53,5,85,4,0,4,89
07/05/2021,DLH,MN,AGL,CE,Combined TRACON& Tower with Radar,4,17,22,0,43,0,2,26,0,28,4,19,48,0,71,2,0,2,73
07/06/2021,DLH,MN,AGL,CE,Combined TRACON& Tower with Radar,5,16,19,9,49,0,0,1,0,1,5,16,20,9,50,0,0,0,50
07/07/2021,DLH,MN,AGL,CE,Combined TRACON& Tower with Radar,6,35,41,20,102,0,18,76,0,94,6,53,117,20,196,150,29,179,375
07/08/2021,DLH,MN,AGL,CE,Combined TRACON& Tower with Radar,6,25,53,24,108,0,10,72,0,82,6,35,125,24,190,52,10,62,252
07/09/2021,DLH,MN,AGL,CE,Combined TRACON& Tower with Radar,6,25,32,14,77,0,20,81,1,102,6,45,113,15,179,94,12,106,285
07/10/2021,DLH,MN,AGL,CE,Combined TRACON& Tower with Radar,4,20,17,1,42,0,6,65,5,76,4,26,82,6,118,53,0,53,171
07/11/2021,DLH,MN,AGL,CE,Combined TRACON& Tower with Radar,4,20,16,0,40,0,0,56,0,56,4,20,72,0,96,55,0,55,151
07/12/2021,DLH,MN,AGL,CE,Combined TRACON& Tower with Radar,4,20,35,14,73,0,17,46,0,63,4,37,81,14,136,125,0,125,261
07/13/2021,DLH,MN,AGL,CE,Combined TRACON& Tower with Radar,4,24,49,12,89,0,18,60,0,78,4,42,109,12,167,110,6,116,283
07/14/2021,DLH,MN,AGL,CE,Combined TRACON& Tower with Radar,4,24,43,18,89,0,9,52,1,62,4,33,95,19,151,133,26,159,310
07/15/2021,DLH,MN,AGL,CE,Combined TRACON& Tower with Radar,4,30,40,12,86,0,8,50,3,61,4,38,90,15,147,60,20,80,227
07/16/2021,DLH,MN,AGL,CE,Combined TRACON& Tower with Radar,4,23,40,2,69,0,10,65,0,75,4,33,105,2,144,92,8,100,244
07/17/2021,DLH,MN,AGL,CE,Combined TRACON& Tower with Radar,1,23,28,2,54,0,3,49,3,55,1,26,77,5,109,10,0,10,119
07/18/2021,DLH,MN,AGL,CE,Combined TRACON& Tower with Radar,0,18,18,1,37,0,6,55,0,61,0,24,73,1,98,4,0,4,102
07/19/2021,DLH,MN,AGL,CE,Combined TRACON& Tower with Radar,3,18,27,7,55,0,10,40,1,51,3,28,67,8,106,34,16,50,156
07/20/2021,DLH,MN,AGL,CE,Combined TRACON& Tower with Radar,4,22,53,25,104,0,0,12,6,18,4,22,65,31,122,76,16,92,214
07/21/2021,DLH,MN,AGL,CE,Combined TRACON& Tower with Radar,4,28,67,14,113,0,5,48,0,53,4,33,115,14,166,62,2,64,230
07/22/2021,DLH,MN,AGL,CE,Combined TRACON& Tower with Radar,4,25,77,13,119,0,6,50,0,56,4,31,127,13,175,47,0,47,222
07/23/2021,DLH,MN,AGL,CE,Combined TRACON& Tower with Radar,6,31,41,9,87,0,9,39,1,49,6,40,80,10,136,28,6,34,170
07/24/2021,DLH,MN,AGL,CE,Combined TRACON& Tower with Radar,2,25,3,8,38,0,5,51,2,58,2,30,54,10,96,4,4,8,104
07/25/2021,DLH,MN,AGL,CE,Combined TRACON& Tower with Radar,2,17,18,4,41,0,2,28,4,34,2,19,46,8,75,18,2,20,95
07/26/2021,DLH,MN,AGL,CE,Combined TRACON& Tower with Radar,4,17,20,2,43,0,7,44,1,52,4,24,64,3,95,111,0,111,206
07/27/2021,DLH,MN,AGL,CE,Combined TRACON& Tower with Radar,4,28,44,26,102,0,5,48,0,53,4,33,92,26,155,52,34,86,241
07/28/2021,DLH,MN,AGL,CE,Combined TRACON& Tower with Radar,4,20,23,0,47,0,0,13,0,13,4,20,36,0,60,8,0,8,68
07/29/2021,DLH,MN,AGL,CE,Combined TRACON& Tower with Radar,4,25,58,18,105,0,16,45,1,62,4,41,103,19,167,95,30,125,292
07/30/2021,DLH,MN,AGL,CE,Combined TRACON& Tower with Radar,4,24,30,8,66,0,11,75,0,86,4,35,105,8,152,28,0,28,180
07/31/2021,DLH,MN,AGL,CE,Combined TRACON& Tower with Radar,2,23,28,0,53,0,9,31,0,40,2,32,59,0,93,19,0,19,112
08/01/2021,DLH,MN,AGL,CE,Combined TRACON& Tower with Radar,4,12,25,0,41,0,2,56,0,58,4,14,81,0,99,61,0,61,160
08/02/2021,DLH,MN,AGL,CE,Combined TRACON& Tower with Radar,4,13,37,0,54,0,6,63,0,69,4,19,100,0,123,78,0,78,201
08/03/2021,DLH,MN,AGL,CE,Combined TRACON& Tower with Radar,3,32,35,12,82,0,9,51,0,60,3,41,86,12,142,91,0,91,233
08/04/2021,DLH,MN,AGL,CE,Combined TRACON& Tower with Radar,6,31,51,16,104,0,7,67,0,74,6,38,118,16,178,60,22,82,260
08/05/2021,DLH,MN,AGL,CE,Combined TRACON& Tower with Radar,8,21,33,18,80,0,1,10,1,12,8,22,43,19,92,36,20,56,148
08/06/2021,DLH,MN,AGL,CE,Combined TRACON& Tower with Radar,8,14,37,15,74,0,6,59,0,65,8,20,96,15,139,72,18,90,229
08/07/2021,DLH,MN,AGL,CE,Combined TRACON& Tower with Radar,8,18,32,0,58,0,0,2,0,2,8,18,34,0,60,0,0,0,60
08/08/2021,DLH,MN,AGL,CE,Combined TRACON& Tower with Radar,10,10,10,1,31,0,0,0,0,0,10,10,10,1,31,0,0,0,31
08/09/2021,DLH,MN,AGL,CE,Combined TRACON& Tower with Radar,8,14,57,11,90,0,18,83,0,101,8,32,140,11,191,121,12,133,324
08/10/2021,DLH,MN,AGL,CE,Combined TRACON& Tower with Radar,8,19,46,2,75,0,11,37,0,48,8,30,83,2,123,80,6,86,209
08/11/2021,DLH,MN,AGL,CE,Combined TRACON& Tower with Radar,8,19,48,6,81,0,16,62,1,79,8,35,110,7,160,99,3,102,262
08/12/2021,DLH,MN,AGL,CE,Combined TRACON& Tower with Radar,7,19,25,4,55,0,23,51,1,75,7,42,76,5,130,17,2,19,149
08/13/2021,DLH,MN,AGL,CE,Combined TRACON& Tower with Radar,9,23,23,6,61,0,1,62,4,67,9,24,85,10,128,56,0,56,184
08/14/2021,DLH,MN,AGL,CE,Combined TRACON& Tower with Radar,8,17,15,9,49,0,3,54,0,57,8,20,69,9,106,93,24,117,223
08/15/2021,DLH,MN,AGL,CE,Combined TRACON& Tower with Radar,9,8,27,0,44,0,6,29,1,36,9,14,56,1,80,55,0,55,135
08/16/2021,DLH,MN,AGL,CE,Combined TRACON& Tower with Radar,8,17,26,6,57,2,25,51,1,79,10,42,77,7,136,88,6,94,230
08/17/2021,DLH,MN,AGL,CE,Combined TRACON& Tower with Radar,7,23,43,17,90,0,4,44,3,51,7,27,87,20,141,56,18,74,215
08/18/2021,DLH,MN,AGL,CE,Combined TRACON& Tower with Radar,9,21,46,20,96,0,9,79,1,89,9,30,125,21,185,157,8,165,350
08/19/2021,DLH,MN,AGL,CE,Combined TRACON& Tower with Radar,8,23,35,9,75,0,3,60,3,66,8,26,95,12,141,92,40,132,273
08/20/2021,DLH,MN,AGL,CE,Combined TRACON& Tower with Radar,8,18,24,14,64,0,7,47,4,58,8,25,71,18,122,28,78,106,228
08/21/2021,DLH,MN,AGL,CE,Combined TRACON& Tower with Radar,8,11,15,0,34,0,2,20,8,30,8,13,35,8,64,10,0,10,74
08/22/2021,DLH,MN,AGL,CE,Combined TRACON& Tower with Radar,8,13,21,4,46,0,5,52,8,65,8,18,73,12,111,50,0,50,161
08/23/2021,DLH,MN,AGL,CE,Combined TRACON& Tower with Radar,8,21,51,9,89,0,12,61,1,74,8,33,112,10,163,27,10,37,200
08/24/2021,DLH,MN,AGL,CE,Combined TRACON& Tower with Radar,7,13,41,4,65,0,9,32,2,43,7,22,73,6,108,99,0,99,207
08/25/2021,DLH,MN,AGL,CE,Combined TRACON& Tower with Radar,8,16,56,5,85,0,11,67,5,83,8,27,123,10,168,70,16,86,254
08/26/2021,DLH,MN,AGL,CE,Combined TRACON& Tower with Radar,6,13,49,5,73,0,3,22,2,27,6,16,71,7,100,133,2,135,235
08/27/2021,DLH,MN,AGL,CE,Combined TRACON& Tower with Radar,8,12,38,0,58,0,0,0,0,0,8,12,38,0,58,0,0,0,58
08/28/2021,DLH,MN,AGL,CE,Combined TRACON& Tower with Radar,9,10,7,0,26,0,0,0,0,0,9,10,7,0,26,0,0,0,26
08/29/2021,DLH,MN,AGL,CE,Combined TRACON& Tower with Radar,7,10,28,2,47,0,1,34,2,37,7,11,62,4,84,4,0,4,88
08/30/2021,DLH,MN,AGL,CE,Combined TRACON& Tower with Radar,9,12,49,12,82,0,13,71,6,90,9,25,120,18,172,149,10,159,331
08/31/2021,DLH,MN,AGL,CE,Combined TRACON& Tower with Radar,8,14,37,19,78,0,18,80,6,104,8,32,117,25,182,201,34,235,417
09/01/2021,DLH,MN,AGL,CE,Combined TRACON& Tower with Radar,10,22,62,7,101,0,16,70,0,86,10,38,132,7,187,122,0,122,309
09/02/2021,DLH,MN,AGL,CE,Combined TRACON& Tower with Radar,8,19,47,10,84,0,14,66,0,80,8,33,113,10,164,162,0,162,326
09/03/2021,DLH,MN,AGL,CE,Combined TRACON& Tower with Radar,12,15,51,0,78,0,6,4,0,10,12,21,55,0,88,69,0,69,157
09/04/2021,DLH,MN,AGL,CE,Combined TRACON& Tower with Radar,8,17,18,0,43,0,4,32,0,36,8,21,50,0,79,24,0,24,103
09/05/2021,DLH,MN,AGL,CE,Combined TRACON& Tower with Radar,8,9,7,8,32,0,3,48,0,51,8,12,55,8,83,28,6,34,117
09/06/2021,DLH,MN,AGL,CE,Combined TRACON& Tower with Radar,6,11,21,0,38,0,11,46,0,57,6,22,67,0,95,6,0,6,101
09/07/2021,DLH,MN,AGL,CE,Combined TRACON& Tower with Radar,8,16,40,7,71,0,3,42,0,45,8,19,82,7,116,54,0,54,170
09/08/2021,DLH,MN,AGL,CE,Combined TRACON& Tower with Radar,5,17,37,7,66,0,4,25,2,31,5,21,62,9,97,8,0,8,105
09/09/2021,DLH,MN,AGL,CE,Combined TRACON& Tower with Radar,4,21,48,23,96,0,21,48,1,70,4,42,96,24,166,240,44,284,450
09/10/2021,DLH,MN,AGL,CE,Combined TRACON& Tower with Radar,4,21,29,10,64,0,25,79,3,107,4,46,108,13,171,167,20,187,358
09/11/2021,DLH,MN,AGL,CE,Combined TRACON& Tower with Radar,4,20,12,0,36,0,30,56,8,94,4,50,68,8,130,87,6,93,223
09/12/2021,DLH,MN,AGL,CE,Combined TRACON& Tower with Radar,4,22,32,0,58,0,8,42,0,50,4,30,74,0,108,62,0,62,170
09/13/2021,DLH,MN,AGL,CE,Combined TRACON& Tower with Radar,4,21,36,14,75,0,12,50,0,62,4,33,86,14,137,136,4,140,277
09/14/2021,DLH,MN,AGL,CE,Combined TRACON& Tower with Radar,4,23,67,22,116,0,2,37,8,47,4,25,104,30,163,50,8,58,221
09/15/2021,DLH,MN,AGL,CE,Combined TRACON& Tower with Radar,4,18,52,12,86,0,16,86,4,106,4,34,138,16,192,153,24,177,369
09/16/2021,DLH,MN,AGL,CE,Combined TRACON& Tower with Radar,4,22,46,21,93,0,4,54,1,59,4,26,100,22,152,19,30,49,201
09/17/2021,DLH,MN,AGL,CE,Combined TRACON& Tower with Radar,4,16,30,22,72,0,6,54,2,62,4,22,84,24,134,28,32,60,194
09/18/2021,DLH,MN,AGL,CE,Combined TRACON& Tower with Radar,4,17,17,3,41,0,10,53,3,66,4,27,70,6,107,88,20,108,215
09/19/2021,DLH,MN,AGL,CE,Combined TRACON& Tower with Radar,4,10,23,9,46,0,11,38,1,50,4,21,61,10,96,4,2,6,102
09/20/2021,DLH,MN,AGL,CE,Combined TRACON& Tower with Radar,4,13,17,19,53,0,0,11,1,12,4,13,28,20,65,14,0,14,79
09/21/2021,DLH,MN,AGL,CE,Combined TRACON& Tower with Radar,4,21,49,18,92,0,15,63,1,79,4,36,112,19,171,194,0,194,365
09/22/2021,DLH,MN,AGL,CE,Combined TRACON& Tower with Radar,4,17,49,4,74,0,13,94,1,108,4,30,143,5,182,202,4,206,388
09/23/2021,DLH,MN,AGL,CE,Combined TRACON& Tower with Radar,4,24,52,0,80,0,18,87,1,106,4,42,139,1,186,134,0,134,320
09/24/2021,DLH,MN,AGL,CE,Combined TRACON& Tower with Radar,4,27,34,0,65,0,8,33,0,41,4,35,67,0,106,85,0,85,191
09/25/2021,DLH,MN,AGL,CE,Combined TRACON& Tower with Radar,4,22,11,0,37,0,8,81,0,89,4,30,92,0,126,134,6,140,266
09/26/2021,DLH,MN,AGL,CE,Combined TRACON& Tower with Radar,4,13,22,0,39,0,0,69,0,69,4,13,91,0,108,50,0,50,158
09/27/2021,DLH,MN,AGL,CE,Combined TRACON& Tower with Radar,4,16,36,2,58,0,9,47,0,56,4,25,83,2,114,125,4,129,243
09/28/2021,DLH,MN,AGL,CE,Combined TRACON& Tower with Radar,3,19,48,3,73,0,24,63,0,87,3,43,111,3,160,147,0,147,307
09/29/2021,DLH,MN,AGL,CE,Combined TRACON& Tower with Radar,5,24,52,7,88,0,27,76,0,103,5,51,128,7,191,103,0,103,294
09/30/2021,DLH,MN,AGL,CE,Combined TRACON& Tower with Radar,4,20,44,8,76,0,34,81,0,115,4,54,125,8,191,165,20,185,376
10/01/2021,DLH,MN,AGL,CE,Combined TRACON& Tower with Radar,4,27,37,8,76,0,15,47,1,63,4,42,84,9,139,133,12,145,284
10/02/2021,DLH,MN,AGL,CE,Combined TRACON& Tower with Radar,4,20,10,0,34,0,0,2,0,2,4,20,12,0,36,0,0,0,36
10/03/2021,DLH,MN,AGL,CE,Combined TRACON& Tower with Radar,3,18,22,0,43,0,2,3,0,5,3,20,25,0,48,0,0,0,48
10/04/2021,DLH,MN,AGL,CE,Combined TRACON& Tower with Radar,7,24,55,12,98,0,5,42,0,47,7,29,97,12,145,68,0,68,213
10/05/2021,DLH,MN,AGL,CE,Combined TRACON& Tower with Radar,3,19,40,0,62,0,4,10,0,14,3,23,50,0,76,14,0,14,90
10/06/2021,DLH,MN,AGL,CE,Combined TRACON& Tower with Radar,7,14,47,11,79,0,2,17,0,19,7,16,64,11,98,38,6,44,142
10/07/2021,DLH,MN,AGL,CE,Combined TRACON& Tower with Radar,4,32,45,16,97,0,7,46,0,53,4,39,91,16,150,118,14,132,282
10/08/2021,DLH,MN,AGL,CE,Combined TRACON& Tower with Radar,3,19,11,0,33,0,0,0,0,0,3,19,11,0,33,0,0,0,33
10/09/2021,DLH,MN,AGL,CE,Combined TRACON& Tower with Radar,5,14,19,0,38,0,0,27,0,27,5,14,46,0,65,76,0,76,141
10/10/2021,DLH,MN,AGL,CE,Combined TRACON& Tower with Radar,3,16,36,0,55,0,0,1,0,1,3,16,37,0,56,4,0,4,60
10/11/2021,DLH,MN,AGL,CE,Combined TRACON& Tower with Radar,3,16,70,0,89,0,3,9,0,12,3,19,79,0,101,78,0,78,179
10/12/2021,DLH,MN,AGL,CE,Combined TRACON& Tower with Radar,6,18,83,19,126,0,0,23,0,23,6,18,106,19,149,102,0,102,251
10/13/2021,DLH,MN,AGL,CE,Combined TRACON& Tower with Radar,4,17,28,1,50,0,0,0,0,0,4,17,28,1,50,0,0,0,50
10/14/2021,DLH,MN,AGL,CE,Combined TRACON& Tower with Radar,5,17,44,21,87,0,0,2,0,2,5,17,46,21,89,50,18,68,157
10/15/2021,DLH,MN,AGL,CE,Combined TRACON& Tower with Radar,4,23,56,8,91,0,7,56,0,63,4,30,112,8,154,152,2,154,308
10/16/2021,DLH,MN,AGL,CE,Combined TRACON& Tower with Radar,5,20,19,12,56,0,16,52,4,72,5,36,71,16,128,41,14,55,183
10/17/2021,DLH,MN,AGL,CE,Combined TRACON& Tower with Radar,4,18,31,3,56,0,11,77,3,91,4,29,108,6,147,105,20,125,272
10/18/2021,DLH,MN,AGL,CE,Combined TRACON& Tower with Radar,4,26,39,14,83,0,24,97,1,122,4,50,136,15,205,190,0,190,395
10/19/2021,DLH,MN,AGL,CE,Combined TRACON& Tower with Radar,4,17,24,10,55,0,20,58,0,78,4,37,82,10,133,140,2,142,275
10/20/2021,DLH,MN,AGL,CE,Combined TRACON& Tower with Radar,4,18,44,12,78,0,0,0,0,0,4,18,44,12,78,0,0,0,78
10/21/2021,DLH,MN,AGL,CE,Combined TRACON& Tower with Radar,3,24,47,12,86,0,23,118,2,143,3,47,165,14,229,140,2,142,371
10/22/2021,DLH,MN,AGL,CE,Combined TRACON& Tower with Radar,3,20,26,0,49,0,9,48,0,57,3,29,74,0,106,172,0,172,278
10/23/2021,DLH,MN,AGL,CE,Combined TRACON& Tower with Radar,4,19,17,0,40,0,4,56,0,60,4,23,73,0,100,66,0,66,166
10/24/2021,DLH,MN,AGL,CE,Combined TRACON& Tower with Radar,4,11,24,0,39,0,2,15,0,17,4,13,39,0,56,117,0,117,173
10/25/2021,DLH,MN,AGL,CE,Combined TRACON& Tower with Radar,8,15,27,13,63,0,3,6,0,9,8,18,33,13,72,71,0,71,143
10/26/2021,DLH,MN,AGL,CE,Combined TRACON& Tower with Radar,4,21,34,10,69,0,26,58,0,84,4,47,92,10,153,163,0,163,316
10/27/2021,DLH,MN,AGL,CE,Combined TRACON& Tower with Radar,4,18,36,31,89,0,5,17,0,22,4,23,53,31,111,44,86,130,241
10/28/2021,DLH,MN,AGL,CE,Combined TRACON& Tower with Radar,4,22,71,13,110,0,6,10,0,16,4,28,81,13,126,74,0,74,200
10/29/2021,DLH,MN,AGL,CE,Combined TRACON& Tower with Radar,5,20,63,17,105,0,19,60,1,80,5,39,123,18,185,154,4,158,343
10/30/2021,DLH,MN,AGL,CE,Combined TRACON& Tower with Radar,5,11,16,0,32,0,2,22,0,24,5,13,38,0,56,12,0,12,68
10/31/2021,DLH,MN,AGL,CE,Combined TRACON& Tower with Radar,6,8,16,0,30,0,0,16,0,16,6,8,32,0,46,36,0,36,82
11/01/2021,DLH,MN,AGL,CE,Combined TRACON& Tower with Radar,4,15,35,0,54,0,1,39,0,40,4,16,74,0,94,96,0,96,190
11/02/2021,DLH,MN,AGL,CE,Combined TRACON& Tower with Radar,4,19,33,16,72,0,27,50,0,77,4,46,83,16,149,120,6,126,275
11/03/2021,DLH,MN,AGL,CE,Combined TRACON& Tower with Radar,4,26,45,16,91,0,33,48,5,86,4,59,93,21,177,200,13,213,390
11/04/2021,DLH,MN,AGL,CE,Combined TRACON& Tower with Radar,4,19,64,10,97,0,9,29,4,42,4,28,93,14,139,60,8,68,207
11/05/2021,DLH,MN,AGL,CE,Combined TRACON& Tower with Radar,6,15,40,10,71,0,9,57,0,66,6,24,97,10,137,102,2,104,241
11/06/2021,DLH,MN,AGL,CE,Combined TRACON& Tower with Radar,5,12,21,0,38,0,18,54,1,73,5,30,75,1,111,100,0,100,211
11/07/2021,DLH,MN,AGL,CE,Combined TRACON& Tower with Radar,8,5,12,1,26,0,6,35,0,41,8,11,47,1,67,51,0,51,118
11/08/2021,DLH,MN,AGL,CE,Combined TRACON& Tower with Radar,8,9,29,22,68,0,27,44,4,75,8,36,73,26,143,152,30,182,325
11/09/2021,DLH,MN,AGL,CE,Combined TRACON& Tower with Radar,8,15,43,26,92,0,22,81,23,126,8,37,124,49,218,223,66,289,507
11/10/2021,DLH,MN,AGL,CE,Combined TRACON& Tower with Radar,8,14,47,34,103,0,11,49,14,74,8,25,96,48,177,64,69,133,310
11/11/2021,DLH,MN,AGL,CE,Combined TRACON& Tower with Radar,8,9,10,0,27,0,0,0,0,0,8,9,10,0,27,0,0,0,27
11/12/2021,DLH,MN,AGL,CE,Combined TRACON& Tower with Radar,7,9,20,0,36,0,0,1,0,1,7,9,21,0,37,0,0,0,37
11/13/2021,DLH,MN,AGL,CE,Combined TRACON& Tower with Radar,9,10,21,0,40,0,0,34,0,34,9,10,55,0,74,71,0,71,145
11/14/2021,DLH,MN,AGL,CE,Combined TRACON& Tower with Radar,8,6,16,0,30,0,4,17,0,21,8,10,33,0,51,57,0,57,108
11/15/2021,DLH,MN,AGL,CE,Combined TRACON& Tower with Radar,8,12,35,17,72,0,17,52,0,69,8,29,87,17,141,156,12,168,309
11/16/2021,DLH,MN,AGL,CE,Combined TRACON& Tower with Radar,10,11,52,16,89,0,12,44,0,56,10,23,96,16,145,79,15,94,239
11/17/2021,DLH,MN,AGL,CE,Combined TRACON& Tower with Radar,8,14,40,26,88,0,2,14,0,16,8,16,54,26,104,10,32,42,146
11/18/2021,DLH,MN,AGL,CE,Combined TRACON& Tower with Radar,8,12,39,14,73,0,5,14,0,19,8,17,53,14,92,18,2,20,112
11/19/2021,DLH,MN,AGL,CE,Combined TRACON& Tower with Radar,10,13,40,9,72,0,16,74,1,91,10,29,114,10,163,116,4,120,283
11/20/2021,DLH,MN,AGL,CE,Combined TRACON& Tower with Radar,12,13,21,0,46,0,14,84,0,98,12,27,105,0,144,112,0,112,256
11/21/2021,DLH,MN,AGL,CE,Combined TRACON& Tower with Radar,8,4,6,0,18,0,0,2,0,2,8,4,8,0,20,0,0,0,20
11/22/2021,DLH,MN,AGL,CE,Combined TRACON& Tower with Radar,8,9,31,19,67,0,6,54,3,63,8,15,85,22,130,114,49,163,293
11/23/2021,DLH,MN,AGL,CE,Combined TRACON& Tower with Radar,8,19,46,6,79,0,23,46,0,69,8,42,92,6,148,95,2,97,245
11/24/2021,DLH,MN,AGL,CE,Combined TRACON& Tower with Radar,8,15,32,0,55,0,4,24,0,28,8,19,56,0,83,82,0,82,165
11/25/2021,DLH,MN,AGL,CE,Combined TRACON& Tower with Radar,7,2,2,0,11,0,0,0,0,0,7,2,2,0,11,0,0,0,11
11/26/2021,DLH,MN,AGL,CE,Combined TRACON& Tower with Radar,8,11,7,0,26,0,3,32,0,35,8,14,39,0,61,15,0,15,76
11/27/2021,DLH,MN,AGL,CE,Combined TRACON& Tower with Radar,9,6,6,0,21,0,0,25,0,25,9,6,31,0,46,86,0,86,132
11/28/2021,DLH,MN,AGL,CE,Combined TRACON& Tower with Radar,10,6,23,0,39,0,5,47,0,52,10,11,70,0,91,62,0,62,153
11/29/2021,DLH,MN,AGL,CE,Combined TRACON& Tower with Radar,9,8,24,10,51,0,0,13,0,13,9,8,37,10,64,11,0,11,75
11/30/2021,DLH,MN,AGL,CE,Combined TRACON& Tower with Radar,8,12,36,10,66,0,15,41,0,56,8,27,77,10,122,108,8,116,238
12/01/2021,DLH,MN,AGL,CE,Combined TRACON& Tower with Radar,8,12,19,0,39,0,2,9,0,11,8,14,28,0,50,2,0,2,52
12/02/2021,DLH,MN,AGL,CE,Combined TRACON& Tower with Radar,10,14,46,18,88,0,4,39,0,43,10,18,85,18,131,47,14,61,192
12/03/2021,DLH,MN,AGL,CE,Combined TRACON& Tower with Radar,8,14,31,8,61,0,0,43,0,43,8,14,74,8,104,38,2,40,144
12/04/2021,DLH,MN,AGL,CE,Combined TRACON& Tower with Radar,7,11,23,7,48,0,14,64,3,81,7,25,87,10,129,94,21,115,244
12/05/2021,DLH,MN,AGL,CE,Combined TRACON& Tower with Radar,8,7,4,0,19,0,0,0,0,0,8,7,4,0,19,0,0,0,19
12/06/2021,DLH,MN,AGL,CE,Combined TRACON& Tower with Radar,11,4,13,10,38,0,8,15,2,25,11,12,28,12,63,33,26,59,122
12/07/2021,DLH,MN,AGL,CE,Combined TRACON& Tower with Radar,8,23,37,27,95,0,19,53,3,75,8,42,90,30,170,207,32,239,409
12/08/2021,DLH,MN,AGL,CE,Combined TRACON& Tower with Radar,8,12,38,14,72,0,15,49,3,67,8,27,87,17,139,142,0,142,281
12/09/2021,DLH,MN,AGL,CE,Combined TRACON& Tower with Radar,8,13,38,4,63,0,5,13,0,18,8,18,51,4,81,53,0,53,134
12/10/2021,DLH,MN,AGL,CE,Combined TRACON& Tower with Radar,13,14,40,1,68,0,16,61,0,77,13,30,101,1,145,224,0,224,369
12/11/2021,DLH,MN,AGL,CE,Combined TRACON& Tower with Radar,11,11,29,0,51,0,10,65,0,75,11,21,94,0,126,154,1,155,281
12/12/2021,DLH,MN,AGL,CE,Combined TRACON& Tower with Radar,10,6,24,0,40,0,4,29,0,33,10,10,53,0,73,67,1,68,141
12/13/2021,DLH,MN,AGL,CE,Combined TRACON& Tower with Radar,10,12,48,12,82,0,17,63,0,80,10,29,111,12,162,131,2,133,295
12/14/2021,DLH,MN,AGL,CE,Combined TRACON& Tower with Radar,8,18,39,15,80,0,13,50,9,72,8,31,89,24,152,71,14,85,237
12/15/2021,DLH,MN,AGL,CE,Combined TRACON& Tower with Radar,1,2,0,0,3,0,0,0,0,0,1,2,0,0,3,0,0,0,3
12/16/2021,DLH,MN,AGL,CE,Combined TRACON& Tower with Radar,11,6,7,0,24,0,0,0,0,0,11,6,7,0,24,0,0,0,24
12/17/2021,DLH,MN,AGL,CE,Combined TRACON& Tower with Radar,16,14,49,0,79,0,18,60,0,78,16,32,109,0,157,141,0,141,298
12/18/2021,DLH,MN,AGL,CE,Combined TRACON& Tower with Radar,9,7,29,0,45,0,5,66,0,71,9,12,95,0,116,126,0,126,242
12/19/2021,DLH,MN,AGL,CE,Combined TRACON& Tower with Radar,11,3,19,0,33,0,0,6,0,6,11,3,25,0,39,35,0,35,74
12/20/2021,DLH,MN,AGL,CE,Combined TRACON& Tower with Radar,13,12,43,16,84,0,3,45,0,48,13,15,88,16,132,16,30,46,178
12/21/2021,DLH,MN,AGL,CE,Combined TRACON& Tower with Radar,13,10,13,6,42,0,0,5,0,5,13,10,18,6,47,6,4,10,57
12/22/2021,DLH,MN,AGL,CE,Combined TRACON& Tower with Radar,12,15,52,7,86,0,13,71,0,84,12,28,123,7,170,200,10,210,380
12/23/2021,DLH,MN,AGL,CE,Combined TRACON& Tower with Radar,11,13,39,0,63,0,13,68,0,81,11,26,107,0,144,158,0,158,302
12/24/2021,DLH,MN,AGL,CE,Combined TRACON& Tower with Radar,16,9,8,0,33,0,3,18,0,21,16,12,26,0,54,18,0,18,72
12/25/2021,DLH,MN,AGL,CE,Combined TRACON& Tower with Radar,12,2,2,0,16,0,0,4,0,4,12,2,6,0,20,16,0,16,36
12/26/2021,DLH,MN,AGL,CE,Combined TRACON& Tower with Radar,10,5,11,0,26,0,0,0,0,0,10,5,11,0,26,0,0,0,26
12/27/2021,DLH,MN,AGL,CE,Combined TRACON& Tower with Radar,18,7,14,0,39,0,1,0,0,1,18,8,14,0,40,0,0,0,40
12/28/2021,DLH,MN,AGL,CE,Combined TRACON& Tower with Radar,10,7,25,0,42,0,0,10,0,10,10,7,35,0,52,18,0,18,70
12/29/2021,DLH,MN,AGL,CE,Combined TRACON& Tower with Radar,13,11,59,4,87,0,1,58,0,59,13,12,117,4,146,96,0,96,242
12/30/2021,DLH,MN,AGL,CE,Combined TRACON& Tower with Radar,10,10,31,4,55,0,2,14,0,16,10,12,45,4,71,53,2,55,126
12/31/2021,DLH,MN,AGL,CE,Combined TRACON& Tower with Radar,15,9,31,0,55,0,0,7,0,7,15,9,38,0,62,44,0,44,106
01/01/2022,DLH,MN,AGL,CE,Combined TRACON& Tower with Radar,8,3,8,0,19,0,0,7,0,7,8,3,15,0,26,20,0,20,46
01/02/2022,DLH,MN,AGL,CE,Combined TRACON& Tower with Radar,8,4,15,0,27,0,2,17,0,19,8,6,32,0,46,50,0,50,96
01/03/2022,DLH,MN,AGL,CE,Combined TRACON& Tower with Radar,13,7,5,17,42,0,5,44,0,49,13,12,49,17,91,106,44,150,241
01/04/2022,DLH,MN,AGL,CE,Combined TRACON& Tower with Radar,5,18,26,6,55,0,0,0,0,0,5,18,26,6,55,0,0,0,55
01/05/2022,DLH,MN,AGL,CE,Combined TRACON& Tower with Radar,4,13,9,0,26,0,0,0,0,0,4,13,9,0,26,0,0,0,26
01/06/2022,DLH,MN,AGL,CE,Combined TRACON& Tower with Radar,6,15,26,13,60,0,12,55,11,78,6,27,81,24,138,78,10,88,226
01/07/2022,DLH,MN,AGL,CE,Combined TRACON& Tower with Radar,9,11,38,14,72,0,6,43,0,49,9,17,81,14,121,51,16,67,188
01/08/2022,DLH,MN,AGL,CE,Combined TRACON& Tower with Radar,4,9,5,11,29,0,0,3,0,3,4,9,8,11,32,0,0,0,32
01/09/2022,DLH,MN,AGL,CE,Combined TRACON& Tower with Radar,4,13,15,1,33,0,3,16,0,19,4,16,31,1,52,13,0,13,65
01/10/2022,DLH,MN,AGL,CE,Combined TRACON& Tower with Radar,8,10,24,4,46,0,3,24,4,31,8,13,48,8,77,64,0,64,141
01/11/2022,DLH,MN,AGL,CE,Combined TRACON& Tower with Radar,3,18,25,4,50,0,9,36,0,45,3,27,61,4,95,55,0,55,150
01/12/2022,DLH,MN,AGL,CE,Combined TRACON& Tower with Radar,4,13,16,7,40,0,0,11,0,11,4,13,27,7,51,118,0,118,169
01/13/2022,DLH,MN,AGL,CE,Combined TRACON& Tower with Radar,4,15,27,7,53,0,8,19,0,27,4,23,46,7,80,24,10,34,114
01/14/2022,DLH,MN,AGL,CE,Combined TRACON& Tower with Radar,7,13,22,0,42,0,0,1,0,1,7,13,23,0,43,0,0,0,43
01/15/2022,DLH,MN,AGL,CE,Combined TRACON& Tower with Radar,1,14,43,0,58,0,0,31,0,31,1,14,74,0,89,22,0,22,111
01/16/2022,DLH,MN,AGL,CE,Combined TRACON& Tower with Radar,4,7,9,0,20,0,0,0,0,0,4,7,9,0,20,0,0,0,20
01/17/2022,DLH,MN,AGL,CE,Combined TRACON& Tower with Radar,8,8,17,0,33,0,0,5,0,5,8,8,22,0,38,26,0,26,64
01/18/2022,DLH,MN,AGL,CE,Combined TRACON& Tower with Radar,4,10,12,5,31,0,0,1,0,1,4,10,13,5,32,4,0,4,36
01/19/2022,DLH,MN,AGL,CE,Combined TRACON& Tower with Radar,4,12,20,0,36,0,2,23,0,25,4,14,43,0,61,2,0,2,63
01/20/2022,DLH,MN,AGL,CE,Combined TRACON& Tower with Radar,6,12,25,5,48,0,14,36,0,50,6,26,61,5,98,40,0,40,138
01/21/2022,DLH,MN,AGL,CE,Combined TRACON& Tower with Radar,10,10,27,0,47,0,2,12,0,14,10,12,39,0,61,18,0,18,79
01/22/2022,DLH,MN,AGL,CE,Combined TRACON& Tower with Radar,2,11,9,0,22,0,8,23,2,33,2,19,32,2,55,36,16,52,107
01/23/2022,DLH,MN,AGL,CE,Combined TRACON& Tower with Radar,7,8,12,0,27,0,2,18,0,20,7,10,30,0,47,54,0,54,101
01/24/2022,DLH,MN,AGL,CE,Combined TRACON& Tower with Radar,9,11,25,16,61,0,2,33,1,36,9,13,58,17,97,18,26,44,141
01/25/2022,DLH,MN,AGL,CE,Combined TRACON& Tower with Radar,4,13,20,0,37,0,7,18,0,25,4,20,38,0,62,62,0,62,124
01/26/2022,DLH,MN,AGL,CE,Combined TRACON& Tower with Radar,4,12,38,6,60,0,3,18,0,21,4,15,56,6,81,0,3,3,84
01/27/2022,DLH,MN,AGL,CE,Combined TRACON& Tower with Radar,6,14,40,0,60,0,6,62,0,68,6,20,102,0,128,30,0,30,158
01/28/2022,DLH,MN,AGL,CE,Combined TRACON& Tower with Radar,8,13,36,0,57,0,10,33,0,43,8,23,69,0,100,74,0,74,174
01/29/2022,DLH,MN,AGL,CE,Combined TRACON& Tower with Radar,2,8,8,0,18,0,0,15,0,15,2,8,23,0,33,20,0,20,53
01/30/2022,DLH,MN,AGL,CE,Combined TRACON& Tower with Radar,6,10,24,0,40,0,0,31,0,31,6,10,55,0,71,42,0,42,113
01/31/2022,DLH,MN,AGL,CE,Combined TRACON& Tower with Radar,8,10,41,0,59,0,10,30,0,40,8,20,71,0,99,10,0,10,109
02/01/2022,DLH,MN,AGL,CE,Combined TRACON& Tower with Radar,5,11,13,5,34,0,0,1,2,3,5,11,14,7,37,0,10,10,47
02/02/2022,DLH,MN,AGL,CE,Combined TRACON& Tower with Radar,5,13,31,2,51,0,11,36,0,47,5,24,67,2,98,77,0,77,175
02/03/2022,DLH,MN,AGL,CE,Combined TRACON& Tower with Radar,4,16,41,0,61,0,7,41,0,48,4,23,82,0,109,61,0,61,170
02/04/2022,DLH,MN,AGL,CE,Combined TRACON& Tower with Radar,8,16,36,8,68,0,1,49,0,50,8,17,85,8,118,113,4,117,235
02/05/2022,DLH,MN,AGL,CE,Combined TRACON& Tower with Radar,2,12,2,0,16,0,0,0,0,0,2,12,2,0,16,0,0,0,16
02/06/2022,DLH,MN,AGL,CE,Combined TRACON& Tower with Radar,4,11,16,0,31,0,2,11,0,13,4,13,27,0,44,76,0,76,120
02/07/2022,DLH,MN,AGL,CE,Combined TRACON& Tower with Radar,8,20,30,0,58,0,12,35,0,47,8,32,65,0,105,145,0,145,250
02/08/2022,DLH,MN,AGL,CE,Combined TRACON& Tower with Radar,4,17,40,0,61,0,4,55,0,59,4,21,95,0,120,150,0,150,270
02/09/2022,DLH,MN,AGL,CE,Combined TRACON& Tower with Radar,4,12,16,2,34,0,0,2,0,2,4,12,18,2,36,2,0,2,38
02/10/2022,DLH,MN,AGL,CE,Combined TRACON& Tower with Radar,3,14,39,0,56,0,1,22,0,23,3,15,61,0,79,33,0,33,112
02/11/2022,DLH,MN,AGL,CE,Combined TRACON& Tower with Radar,9,16,17,0,42,0,1,3,0,4,9,17,20,0,46,0,0,0,46
02/12/2022,DLH,MN,AGL,CE,Combined TRACON& Tower with Radar,4,15,19,3,41,0,4,27,0,31,4,19,46,3,72,48,4,52,124
02/13/2022,DLH,MN,AGL,CE,Combined TRACON& Tower with Radar,4,9,11,0,24,0,6,21,0,27,4,15,32,0,51,43,0,43,94
02/14/2022,DLH,MN,AGL,CE,Combined TRACON& Tower with Radar,13,17,42,0,72,0,10,57,0,67,13,27,99,0,139,82,0,82,221
02/15/2022,DLH,MN,AGL,CE,Combined TRACON& Tower with Radar,8,18,26,13,65,0,6,42,0,48,8,24,68,13,113,64,0,64,177
02/16/2022,DLH,MN,AGL,CE,Combined TRACON& Tower with Radar,6,14,40,4,64,0,8,25,0,33,6,22,65,4,97,59,10,69,166
02/17/2022,DLH,MN,AGL,CE,Combined TRACON& Tower with Radar,5,18,57,20,100,0,14,62,4,80,5,32,119,24,180,89,22,111,291
02/18/2022,DLH,MN,AGL,CE,Combined TRACON& Tower with Radar,8,18,11,0,37,0,0,5,0,5,8,18,16,0,42,4,0,4,46
02/19/2022,DLH,MN,AGL,CE,Combined TRACON& Tower with Radar,4,13,25,0,42,0,2,34,0,36,4,15,59,0,78,21,0,21,99
02/20/2022,DLH,MN,AGL,CE,Combined TRACON& Tower with Radar,5,9,27,0,41,0,0,11,0,11,5,9,38,0,52,0,0,0,52
02/21/2022,DLH,MN,AGL,CE,Combined TRACON& Tower with Radar,4,6,1,0,11,0,0,0,0,0,4,6,1,0,11,0,0,0,11
02/22/2022,DLH,MN,AGL,CE,Combined TRACON& Tower with Radar,8,7,1,0,16,0,0,0,0,0,8,7,1,0,16,0,0,0,16
02/23/2022,DLH,MN,AGL,CE,Combined TRACON& Tower with Radar,6,30,42,26,104,0,24,73,6,103,6,54,115,32,207,72,34,106,313
02/24/2022,DLH,MN,AGL,CE,Combined TRACON& Tower with Radar,4,16,53,14,87,0,9,70,0,79,4,25,123,14,166,76,16,92,258
02/25/2022,DLH,MN,AGL,CE,Combined TRACON& Tower with Radar,9,22,37,9,77,0,21,69,0,90,9,43,106,9,167,65,0,65,232
02/26/2022,DLH,MN,AGL,CE,Combined TRACON& Tower with Radar,3,12,12,0,27,0,0,38,0,38,3,12,50,0,65,17,15,32,97
02/27/2022,DLH,MN,AGL,CE,Combined TRACON& Tower with Radar,6,13,22,2,43,0,8,36,1,45,6,21,58,3,88,37,0,37,125
02/28/2022,DLH,MN,AGL,CE,Combined TRACON& Tower with Radar,10,16,31,15,72,0,1,11,0,12,10,17,42,15,84,30,0,30,114
03/01/2022,DLH,MN,AGL,CE,Combined TRACON& Tower with Radar,6,12,23,19,60,0,6,40,0,46,6,18,63,19,106,97,4,101,207
03/02/2022,DLH,MN,AGL,CE,Combined TRACON& Tower with Radar,6,12,21,9,48,0,7,7,0,14,6,19,28,9,62,11,4,15,77
03/03/2022,DLH,MN,AGL,CE,Combined TRACON& Tower with Radar,5,21,30,14,70,0,12,66,2,80,5,33,96,16,150,88,6,94,244
03/04/2022,DLH,MN,AGL,CE,Combined TRACON& Tower with Radar,8,20,47,0,75,0,4,50,0,54,8,24,97,0,129,34,0,34,163
03/05/2022,DLH,MN,AGL,CE,Combined TRACON& Tower with Radar,4,10,0,0,14,0,0,0,0,0,4,10,0,0,14,0,0,0,14
03/06/2022,DLH,MN,AGL,CE,Combined TRACON& Tower with Radar,3,11,10,0,24,0,0,6,0,6,3,11,16,0,30,28,0,28,58
03/07/2022,DLH,MN,AGL,CE,Combined TRACON& Tower with Radar,5,19,31,12,67,0,14,57,0,71,5,33,88,12,138,82,10,92,230
03/08/2022,DLH,MN,AGL,CE,Combined TRACON& Tower with Radar,2,15,32,24,73,0,4,35,0,39,2,19,67,24,112,33,38,71,183
03/09/2022,DLH,MN,AGL,CE,Combined TRACON& Tower with Radar,2,22,22,20,66,0,1,31,9,41,2,23,53,29,107,38,56,94,201
03/10/2022,DLH,MN,AGL,CE,Combined TRACON& Tower with Radar,2,25,33,19,79,0,7,56,6,69,2,32,89,25,148,89,23,112,260
03/11/2022,DLH,MN,AGL,CE,Combined TRACON& Tower with Radar,8,15,20,10,53,0,0,7,0,7,8,15,27,10,60,0,6,6,66
03/12/2022,DLH,MN,AGL,CE,Combined TRACON& Tower with Radar,2,15,26,14,57,0,2,50,0,52,2,17,76,14,109,78,6,84,193
03/13/2022,DLH,MN,AGL,CE,Combined TRACON& Tower with Radar,2,16,19,7,44,0,3,28,0,31,2,19,47,7,75,54,0,54,129
03/14/2022,DLH,MN,AGL,CE,Combined TRACON& Tower with Radar,8,16,46,20,90,0,8,58,0,66,8,24,104,20,156,56,10,66,222
03/15/2022,DLH,MN,AGL,CE,Combined TRACON& Tower with Radar,2,18,29,15,64,0,4,39,1,44,2,22,68,16,108,44,2,46,154
03/16/2022,DLH,MN,AGL,CE,Combined TRACON& Tower with Radar,6,16,29,21,72,0,2,36,0,38,6,18,65,21,110,60,4,64,174
03/17/2022,DLH,MN,AGL,CE,Combined TRACON& Tower with Radar,2,21,41,18,82,0,3,31,0,34,2,24,72,18,116,37,4,41,157
03/18/2022,DLH,MN,AGL,CE,Combined TRACON& Tower with Radar,6,21,49,7,83,0,0,13,0,13,6,21,62,7,96,32,0,32,128
03/19/2022,DLH,MN,AGL,CE,Combined TRACON& Tower with Radar,2,17,20,0,39,0,4,59,0,63,2,21,79,0,102,63,0,63,165
03/20/2022,DLH,MN,AGL,CE,Combined TRACON& Tower with Radar,2,18,31,0,51,0,4,43,0,47,2,22,74,0,98,87,0,87,185
03/21/2022,DLH,MN,AGL,CE,Combined TRACON& Tower with Radar,8,19,7,15,49,0,0,3,1,4,8,19,10,16,53,8,4,12,65
03/22/2022,DLH,MN,AGL,CE,Combined TRACON& Tower with Radar,4,12,4,0,20,0,0,0,0,0,4,12,4,0,20,0,0,0,20
03/23/2022,DLH,MN,AGL,CE,Combined TRACON& Tower with Radar,2,21,6,0,29,0,0,1,0,1,2,21,7,0,30,4,0,4,34
03/24/2022,DLH,MN,AGL,CE,Combined TRACON& Tower with Radar,2,18,42,20,82,0,4,75,1,80,2,22,117,21,162,138,32,170,332
03/25/2022,DLH,MN,AGL,CE,Combined TRACON& Tower with Radar,10,16,2,6,34,0,0,0,0,0,10,16,2,6,34,0,4,4,38
03/26/2022,DLH,MN,AGL,CE,Combined TRACON& Tower with Radar,3,14,16,0,33,0,4,23,0,27,3,18,39,0,60,8,0,8,68
03/27/2022,DLH,MN,AGL,CE,Combined TRACON& Tower with Radar,6,21,31,0,58,0,7,56,0,63,6,28,87,0,121,55,0,55,176
03/28/2022,DLH,MN,AGL,CE,Combined TRACON& Tower with Radar,10,11,30,19,70,0,9,54,4,67,10,20,84,23,137,69,22,91,228
03/29/2022,DLH,MN,AGL,CE,Combined TRACON& Tower with Radar,6,13,26,12,57,0,6,33,0,39,6,19,59,12,96,77,18,95,191
03/30/2022,DLH,MN,AGL,CE,Combined TRACON& Tower with Radar,6,13,2,0,21,0,0,0,0,0,6,13,2,0,21,0,0,0,21
03/31/2022,DLH,MN,AGL,CE,Combined TRACON& Tower with Radar,4,15,26,0,45,0,3,15,0,18,4,18,41,0,63,68,0,68,131
04/01/2022,DLH,MN,AGL,CE,Combined TRACON& Tower with Radar,8,14,41,0,63,0,13,71,0,84,8,27,112,0,147,128,0,128,275
04/02/2022,DLH,MN,AGL,CE,Combined TRACON& Tower with Radar,4,12,9,1,26,0,0,20,0,20,4,12,29,1,46,18,0,18,64
04/03/2022,DLH,MN,AGL,CE,Combined TRACON& Tower with Radar,4,12,30,4,50,0,11,48,0,59,4,23,78,4,109,37,0,37,146
04/04/2022,DLH,MN,AGL,CE,Combined TRACON& Tower with Radar,5,13,14,3,35,0,0,6,0,6,5,13,20,3,41,16,0,16,57
04/05/2022,DLH,MN,AGL,CE,Combined TRACON& Tower with Radar,9,15,12,0,36,0,0,3,0,3,9,15,15,0,39,0,0,0,39
04/06/2022,DLH,MN,AGL,CE,Combined TRACON& Tower with Radar,4,14,11,0,29,0,0,0,0,0,4,14,11,0,29,0,0,0,29
04/07/2022,DLH,MN,AGL,CE,Combined TRACON& Tower with Radar,4,18,8,4,34,0,0,0,0,0,4,18,8,4,34,0,0,0,34
04/08/2022,DLH,MN,AGL,CE,Combined TRACON& Tower with Radar,7,14,28,7,56,0,0,40,0,40,7,14,68,7,96,26,0,26,122
04/09/2022,DLH,MN,AGL,CE,Combined TRACON& Tower with Radar,5,11,55,0,71,0,20,125,0,145,5,31,180,0,216,50,0,50,266
04/10/2022,DLH,MN,AGL,CE,Combined TRACON& Tower with Radar,4,13,30,6,53,0,4,51,0,55,4,17,81,6,108,26,4,30,138
04/11/2022,DLH,MN,AGL,CE,Combined TRACON& Tower with Radar,9,17,16,6,48,0,0,25,0,25,9,17,41,6,73,42,4,46,119
04/12/2022,DLH,MN,AGL,CE,Combined TRACON& Tower with Radar,10,12,32,4,58,0,2,23,0,25,10,14,55,4,83,52,6,58,141
04/13/2022,DLH,MN,AGL,CE,Combined TRACON& Tower with Radar,9,12,5,0,26,0,0,0,0,0,9,12,5,0,26,0,0,0,26
04/14/2022,DLH,MN,AGL,CE,Combined TRACON& Tower with Radar,5,11,8,0,24,0,0,0,0,0,5,11,8,0,24,0,0,0,24
04/15/2022,DLH,MN,AGL,CE,Combined TRACON& Tower with Radar,11,22,22,0,55,0,0,20,0,20,11,22,42,0,75,50,0,50,125
04/16/2022,DLH,MN,AGL,CE,Combined TRACON& Tower with Radar,6,12,25,0,43,0,1,42,0,43,6,13,67,0,86,49,0,49,135
04/17/2022,DLH,MN,AGL,CE,Combined TRACON& Tower with Radar,5,10,20,0,35,0,0,16,0,16,5,10,36,0,51,36,0,36,87
04/18/2022,DLH,MN,AGL,CE,Combined TRACON& Tower with Radar,9,10,8,0,27,0,0,0,0,0,9,10,8,0,27,4,0,4,31
04/19/2022,DLH,MN,AGL,CE,Combined TRACON& Tower with Radar,8,16,77,7,108,0,8,76,1,85,8,24,153,8,193,90,10,100,293
04/20/2022,DLH,MN,AGL,CE,Combined TRACON& Tower with Radar,6,14,13,16,49,0,0,18,1,19,6,14,31,17,68,12,2,14,82
04/21/2022,DLH,MN,AGL,CE,Combined TRACON& Tower with Radar,6,21,47,3,77,0,4,44,0,48,6,25,91,3,125,43,4,47,172
04/22/2022,DLH,MN,AGL,CE,Combined TRACON& Tower with Radar,10,17,28,5,60,0,1,11,1,13,10,18,39,6,73,46,2,48,121
04/23/2022,DLH,MN,AGL,CE,Combined TRACON& Tower with Radar,8,6,3,0,17,0,0,0,0,0,8,6,3,0,17,0,0,0,17
04/24/2022,DLH,MN,AGL,CE,Combined TRACON& Tower with Radar,6,11,28,0,45,0,1,15,0,16,6,12,43,0,61,18,0,18,79
04/25/2022,DLH,MN,AGL,CE,Combined TRACON& Tower with Radar,10,11,25,5,51,0,0,14,1,15,10,11,39,6,66,52,5,57,123
04/26/2022,DLH,MN,AGL,CE,Combined TRACON& Tower with Radar,6,13,49,8,76,0,5,54,1,60,6,18,103,9,136,45,0,45,181
04/27/2022,DLH,MN,AGL,CE,Combined TRACON& Tower with Radar,8,15,64,11,98,0,17,52,3,72,8,32,116,14,170,100,14,114,284
04/28/2022,DLH,MN,AGL,CE,Combined TRACON& Tower with Radar,6,13,56,11,86,0,10,81,0,91,6,23,137,11,177,138,6,144,321
04/29/2022,DLH,MN,AGL,CE,Combined TRACON& Tower with Radar,6,12,63,6,87,0,0,23,0,23,6,12,86,6,110,69,0,69,179
04/30/2022,DLH,MN,AGL,CE,Combined TRACON& Tower with Radar,7,8,4,0,19,0,0,0,0,0,7,8,4,0,19,0,0,0,19
05/01/2022,DLH,MN,AGL,CE,Combined TRACON& Tower with Radar,7,12,10,0,29,0,0,0,0,0,7,12,10,0,29,0,0,0,29
05/02/2022,DLH,MN,AGL,CE,Combined TRACON& Tower with Radar,7,13,22,0,42,0,3,29,0,32,7,16,51,0,74,46,0,46,120
05/03/2022,DLH,MN,AGL,CE,Combined TRACON& Tower with Radar,6,21,34,14,75,0,4,73,2,79,6,25,107,16,154,104,22,126,280
05/04/2022,DLH,MN,AGL,CE,Combined TRACON& Tower with Radar,6,17,38,21,82,0,11,71,1,83,6,28,109,22,165,103,26,129,294
05/05/2022,DLH,MN,AGL,CE,Combined TRACON& Tower with Radar,6,16,33,9,64,0,13,81,1,95,6,29,114,10,159,109,10,119,278
05/06/2022,DLH,MN,AGL,CE,Combined TRACON& Tower with Radar,5,18,44,0,67,0,9,49,0,58,5,27,93,0,125,118,0,118,243
05/07/2022,DLH,MN,AGL,CE,Combined TRACON& Tower with Radar,7,8,32,0,47,0,8,70,0,78,7,16,102,0,125,79,0,79,204
05/08/2022,DLH,MN,AGL,CE,Combined TRACON& Tower with Radar,5,9,31,0,45,0,0,13,0,13,5,9,44,0,58,12,0,12,70
05/09/2022,DLH,MN,AGL,CE,Combined TRACON& Tower with Radar,7,12,12,6,37,0,2,5,0,7,7,14,17,6,44,0,0,0,44
05/10/2022,DLH,MN,AGL,CE,Combined TRACON& Tower with Radar,6,16,38,3,63,0,10,55,1,66,6,26,93,4,129,82,8,90,219
05/11/2022,DLH,MN,AGL,CE,Combined TRACON& Tower with Radar,6,16,22,8,52,0,2,24,0,26,6,18,46,8,78,16,12,28,106
05/12/2022,DLH,MN,AGL,CE,Combined TRACON& Tower with Radar,7,14,17,2,40,0,0,0,0,0,7,14,17,2,40,12,0,12,52
05/13/2022,DLH,MN,AGL,CE,Combined TRACON& Tower with Radar,5,16,34,0,55,0,5,57,0,62,5,21,91,0,117,44,0,44,161
05/14/2022,DLH,MN,AGL,CE,Combined TRACON& Tower with Radar,6,11,24,0,41,0,1,76,0,77,6,12,100,0,118,46,2,48,166
05/15/2022,DLH,MN,AGL,CE,Combined TRACON& Tower with Radar,8,14,20,0,42,0,3,40,0,43,8,17,60,0,85,26,0,26,111
05/16/2022,DLH,MN,AGL,CE,Combined TRACON& Tower with Radar,8,17,51,3,79,0,8,54,3,65,8,25,105,6,144,71,10,81,225
05/17/2022,DLH,MN,AGL,CE,Combined TRACON& Tower with Radar,6,20,48,6,80,0,17,55,3,75,6,37,103,9,155,141,26,167,322
05/18/2022,DLH,MN,AGL,CE,Combined TRACON& Tower with Radar,7,14,39,11,71,0,2,30,1,33,7,16,69,12,104,53,12,65,169
05/19/2022,DLH,MN,AGL,CE,Combined TRACON& Tower with Radar,10,15,44,10,79,0,0,20,2,22,10,15,64,12,101,75,16,91,192
05/20/2022,DLH,MN,AGL,CE,Combined TRACON& Tower with Radar,5,14,48,0,67,0,8,62,0,70,5,22,110,0,137,50,0,50,187
05/21/2022,DLH,MN,AGL,CE,Combined TRACON& Tower with Radar,5,10,31,2,48,0,4,38,1,43,5,14,69,3,91,38,0,38,129
05/22/2022,DLH,MN,AGL,CE,Combined TRACON& Tower with Radar,8,11,62,0,81,0,5,69,0,74,8,16,131,0,155,54,0,54,209
05/23/2022,DLH,MN,AGL,CE,Combined TRACON& Tower with Radar,6,18,28,7,59,0,4,41,1,46,6,22,69,8,105,104,4,108,213
05/24/2022,DLH,MN,AGL,CE,Combined TRACON& Tower with Radar,6,14,42,10,72,0,5,77,0,82,6,19,119,10,154,102,4,106,260
05/25/2022,DLH,MN,AGL,CE,Combined TRACON& Tower with Radar,8,13,25,4,50,0,4,7,0,11,8,17,32,4,61,14,0,14,75
05/26/2022,DLH,MN,AGL,CE,Combined TRACON& Tower with Radar,6,19,68,0,93,0,2,30,0,32,6,21,98,0,125,164,0,164,289
05/27/2022,DLH,MN,AGL,CE,Combined TRACON& Tower with Radar,6,19,40,0,65,0,5,71,0,76,6,24,111,0,141,45,0,45,186
05/28/2022,DLH,MN,AGL,CE,Combined TRACON& Tower with Radar,4,14,18,0,36,0,4,1,0,5,4,18,19,0,41,2,0,2,43
05/29/2022,DLH,MN,AGL,CE,Combined TRACON& Tower with Radar,7,6,20,0,33,0,2,10,0,12,7,8,30,0,45,2,0,2,47
05/30/2022,DLH,MN,AGL,CE,Combined TRACON& Tower with Radar,6,11,4,0,21,0,0,0,0,0,6,11,4,0,21,18,0,18,39
05/31/2022,DLH,MN,AGL,CE,Combined TRACON& Tower with Radar,6,18,16,1,41,0,4,0,1,5,6,22,16,2,46,0,0,0,46
06/01/2022,DLH,MN,AGL,CE,Combined TRACON& Tower with Radar,6,18,30,20,74,0,16,65,1,82,6,34,95,21,156,100,18,118,274
06/02/2022,DLH,MN,AGL,CE,Combined TRACON& Tower with Radar,6,13,21,19,59,0,6,28,5,39,6,19,49,24,98,46,24,70,168
06/03/2022,DLH,MN,AGL,CE,Combined TRACON& Tower with Radar,5,27,39,0,71,0,11,49,0,60,5,38,88,0,131,60,0,60,191
06/04/2022,DLH,MN,AGL,CE,Combined TRACON& Tower with Radar,4,19,19,0,42,0,5,58,0,63,4,24,77,0,105,2,2,4,109
06/05/2022,DLH,MN,AGL,CE,Combined TRACON& Tower with Radar,4,10,17,0,31,0,4,81,0,85,4,14,98,0,116,46,0,46,162
06/06/2022,DLH,MN,AGL,CE,Combined TRACON& Tower with Radar,4,21,29,6,60,0,8,49,0,57,4,29,78,6,117,140,4,144,261
06/07/2022,DLH,MN,AGL,CE,Combined TRACON& Tower with Radar,4,21,24,6,55,0,8,74,0,82,4,29,98,6,137,130,8,138,275
06/08/2022,DLH,MN,AGL,CE,Combined TRACON& Tower with Radar,4,25,40,6,75,0,7,51,1,59,4,32,91,7,134,114,2,116,250
06/09/2022,DLH,MN,AGL,CE,Combined TRACON& Tower with Radar,4,20,31,4,59,0,12,56,1,69,4,32,87,5,128,92,4,96,224
06/10/2022,DLH,MN,AGL,CE,Combined TRACON& Tower with Radar,4,16,27,0,47,0,7,67,0,74,4,23,94,0,121,128,0,128,249
06/11/2022,DLH,MN,AGL,CE,Combined TRACON& Tower with Radar,4,17,27,6,54,0,2,14,0,16,4,19,41,6,70,64,6,70,140
06/12/2022,DLH,MN,AGL,CE,Combined TRACON& Tower with Radar,4,12,36,4,56,0,5,35,0,40,4,17,71,4,96,151,28,179,275
06/13/2022,DLH,MN,AGL,CE,Combined TRACON& Tower with Radar,4,22,23,0,49,0,4,3,0,7,4,26,26,0,56,64,0,64,120
06/14/2022,DLH,MN,AGL,CE,Combined TRACON& Tower with Radar,4,28,24,6,62,0,2,7,3,12,4,30,31,9,74,0,0,0,74
06/15/2022,DLH,MN,AGL,CE,Combined TRACON& Tower with Radar,3,18,33,13,67,0,2,54,3,59,3,20,87,16,126,130,40,170,296
06/16/2022,DLH,MN,AGL,CE,Combined TRACON& Tower with Radar,5,19,32,7,63,0,0,21,1,22,5,19,53,8,85,6,5,11,96
06/17/2022,DLH,MN,AGL,CE,Combined TRACON& Tower with Radar,4,19,46,0,69,0,13,109,0,122,4,32,155,0,191,87,0,87,278
06/18/2022,DLH,MN,AGL,CE,Combined TRACON& Tower with Radar,4,15,28,2,49,0,3,50,1,54,4,18,78,3,103,47,0,47,150
06/19/2022,DLH,MN,AGL,CE,Combined TRACON& Tower with Radar,4,12,25,0,41,0,3,76,0,79,4,15,101,0,120,91,0,91,211
06/20/2022,DLH,MN,AGL,CE,Combined TRACON& Tower with Radar,5,13,28,0,46,0,4,61,0,65,5,17,89,0,111,66,0,66,177
06/21/2022,DLH,MN,AGL,CE,Combined TRACON& Tower with Radar,3,22,27,9,61,0,0,40,0,40,3,22,67,9,101,54,2,56,157
06/22/2022,DLH,MN,AGL,CE,Combined TRACON& Tower with Radar,4,25,29,6,64,0,5,61,2,68,4,30,90,8,132,155,6,161,293
06/23/2022,DLH,MN,AGL,CE,Combined TRACON& Tower with Radar,4,21,33,13,71,0,2,55,3,60,4,23,88,16,131,52,10,62,193
06/24/2022,DLH,MN,AGL,CE,Combined TRACON& Tower with Radar,3,18,43,12,76,0,8,57,0,65,3,26,100,12,141,78,8,86,227
06/25/2022,DLH,MN,AGL,CE,Combined TRACON& Tower with Radar,5,10,38,3,56,0,1,39,0,40,5,11,77,3,96,12,0,12,108
06/26/2022,DLH,MN,AGL,CE,Combined TRACON& Tower with Radar,4,12,18,1,35,0,1,12,0,13,4,13,30,1,48,2,0,2,50
06/27/2022,DLH,MN,AGL,CE,Combined TRACON& Tower with Radar,4,20,39,11,74,0,10,78,2,90,4,30,117,13,164,146,13,159,323
06/28/2022,DLH,MN,AGL,CE,Combined TRACON& Tower with Radar,4,26,41,6,77,0,4,81,1,86,4,30,122,7,163,107,14,121,284
06/29/2022,DLH,MN,AGL,CE,Combined TRACON& Tower with Radar,4,17,34,1,56,0,9,86,1,96,4,26,120,2,152,130,0,130,282
06/30/2022,DLH,MN,AGL,CE,Combined TRACON& Tower with Radar,4,21,39,8,72,0,5,42,0,47,4,26,81,8,119,66,0,66,185
07/01/2022,DLH,MN,AGL,CE,Combined TRACON& Tower with Radar,4,20,20,0,44,0,4,54,0,58,4,24,74,0,102,44,0,44,146
07/02/2022,DLH,MN,AGL,CE,Combined TRACON& Tower with Radar,4,12,19,6,41,0,9,68,2,79,4,21,87,8,120,42,0,42,162
07/03/2022,DLH,MN,AGL,CE,Combined TRACON& Tower with Radar,6,12,21,0,39,0,0,47,2,49,6,12,68,2,88,55,0,55,143
07/04/2022,DLH,MN,AGL,CE,Combined TRACON& Tower with Radar,4,10,7,0,21,0,0,0,0,0,4,10,7,0,21,0,0,0,21
07/05/2022,DLH,MN,AGL,CE,Combined TRACON& Tower with Radar,4,23,38,8,73,0,1,12,0,13,4,24,50,8,86,0,0,0,86
07/06/2022,DLH,MN,AGL,CE,Combined TRACON& Tower with Radar,4,19,28,15,66,0,9,44,3,56,4,28,72,18,122,108,24,132,254
07/07/2022,DLH,MN,AGL,CE,Combined TRACON& Tower with Radar,6,20,34,14,74,0,7,71,0,78,6,27,105,14,152,87,8,95,247
07/08/2022,DLH,MN,AGL,CE,Combined TRACON& Tower with Radar,5,14,38,10,67,0,8,65,0,73,5,22,103,10,140,46,2,48,188
07/09/2022,DLH,MN,AGL,CE,Combined TRACON& Tower with Radar,5,17,15,8,45,0,2,67,2,71,5,19,82,10,116,91,0,91,207
07/10/2022,DLH,MN,AGL,CE,Combined TRACON& Tower with Radar,4,15,14,1,34,0,4,28,0,32,4,19,42,1,66,39,0,39,105
07/11/2022,DLH,MN,AGL,CE,Combined TRACON& Tower with Radar,3,17,17,1,38,0,1,24,0,25,3,18,41,1,63,72,0,72,135
07/12/2022,DLH,MN,AGL,CE,Combined TRACON& Tower with Radar,2,17,27,27,73,0,3,33,2,38,2,20,60,29,111,48,30,78,189
07/13/2022,DLH,MN,AGL,CE,Combined TRACON& Tower with Radar,2,27,60,12,101,0,9,74,2,85,2,36,134,14,186,113,16,129,315
07/14/2022,DLH,MN,AGL,CE,Combined TRACON& Tower with Radar,2,25,23,9,59,0,5,52,3,60,2,30,75,12,119,50,20,70,189
07/15/2022,DLH,MN,AGL,CE,Combined TRACON& Tower with Radar,4,21,15,6,46,0,3,57,3,63,4,24,72,9,109,5,0,5,114
07/16/2022,DLH,MN,AGL,CE,Combined TRACON& Tower with Radar,4,10,18,0,32,0,5,107,1,113,4,15,125,1,145,14,0,14,159
07/17/2022,DLH,MN,AGL,CE,Combined TRACON& Tower with Radar,2,13,23,3,41,0,2,73,2,77,2,15,96,5,118,18,0,18,136
07/18/2022,DLH,MN,AGL,CE,Combined TRACON& Tower with Radar,1,22,31,20,74,0,12,55,1,68,1,34,86,21,142,67,30,97,239
07/19/2022,DLH,MN,AGL,CE,Combined TRACON& Tower with Radar,3,15,31,9,58,0,1,26,0,27,3,16,57,9,85,91,4,95,180
07/20/2022,DLH,MN,AGL,CE,Combined TRACON& Tower with Radar,2,17,43,7,69,0,7,24,3,34,2,24,67,10,103,62,4,66,169
07/21/2022,DLH,MN,AGL,CE,Combined TRACON& Tower with Radar,2,21,51,12,86,0,2,59,0,61,2,23,110,12,147,130,6,136,283
07/22/2022,DLH,MN,AGL,CE,Combined TRACON& Tower with Radar,2,33,39,2,76,0,12,69,6,87,2,45,108,8,163,40,0,40,203
07/23/2022,DLH,MN,AGL,CE,Combined TRACON& Tower with Radar,1,12,15,0,28,0,3,44,0,47,1,15,59,0,75,14,0,14,89
07/24/2022,DLH,MN,AGL,CE,Combined TRACON& Tower with Radar,5,10,29,0,44,0,26,66,0,92,5,36,95,0,136,6,0,6,142
07/25/2022,DLH,MN,AGL,CE,Combined TRACON& Tower with Radar,4,14,44,8,70,0,5,53,3,61,4,19,97,11,131,73,24,97,228
07/26/2022,DLH,MN,AGL,CE,Combined TRACON& Tower with Radar,2,19,49,6,76,0,1,30,0,31,2,20,79,6,107,54,4,58,165
07/27/2022,DLH,MN,AGL,CE,Combined TRACON& Tower with Radar,4,14,45,9,72,0,0,54,0,54,4,14,99,9,126,51,0,51,177
07/28/2022,DLH,MN,AGL,CE,Combined TRACON& Tower with Radar,4,21,55,6,86,0,5,45,3,53,4,26,100,9,139,55,12,67,206
07/29/2022,DLH,MN,AGL,CE,Combined TRACON& Tower with Radar,2,27,44,1,74,0,5,64,0,69,2,32,108,1,143,29,0,29,172
07/30/2022,DLH,MN,AGL,CE,Combined TRACON& Tower with Radar,2,16,13,0,31,0,4,65,0,69,2,20,78,0,100,36,0,36,136
07/31/2022,DLH,MN,AGL,CE,Combined TRACON& Tower with Radar,2,9,16,5,32,0,8,41,0,49,2,17,57,5,81,6,0,6,87
08/01/2022,DLH,MN,AGL,CE,Combined TRACON& Tower with Radar,2,16,25,5,48,0,5,50,0,55,2,21,75,5,103,90,0,90,193
08/02/2022,DLH,MN,AGL,CE,Combined TRACON& Tower with Radar,4,12,30,12,58,0,4,41,0,45,4,16,71,12,103,41,4,45,148
08/03/2022,DLH,MN,AGL,CE,Combined TRACON& Tower with Radar,5,21,54,4,84,0,2,55,2,59,5,23,109,6,143,12,0,12,155
08/04/2022,DLH,MN,AGL,CE,Combined TRACON& Tower with Radar,4,16,58,18,96,0,4,90,0,94,4,20,148,18,190,98,0,98,288
08/05/2022,DLH,MN,AGL,CE,Combined TRACON& Tower with Radar,4,17,35,4,60,0,13,72,3,88,4,30,107,7,148,48,8,56,204
08/06/2022,DLH,MN,AGL,CE,Combined TRACON& Tower with Radar,5,15,26,3,49,0,2,47,1,50,5,17,73,4,99,70,6,76,175
08/07/2022,DLH,MN,AGL,CE,Combined TRACON& Tower with Radar,4,22,23,12,61,0,0,37,1,38,4,22,60,13,99,84,12,96,195
08/08/2022,DLH,MN,AGL,CE,Combined TRACON& Tower with Radar,4,15,40,9,68,0,8,70,2,80,4,23,110,11,148,87,4,91,239
08/09/2022,DLH,MN,AGL,CE,Combined TRACON& Tower with Radar,4,19,30,18,71,0,17,91,1,109,4,36,121,19,180,219,30,249,429
08/10/2022,DLH,MN,AGL,CE,Combined TRACON& Tower with Radar,4,20,41,8,73,0,7,72,2,81,4,27,113,10,154,100,10,110,264
08/11/2022,DLH,MN,AGL,CE,Combined TRACON& Tower with Radar,4,22,35,13,74,0,15,91,3,109,4,37,126,16,183,63,10,73,256
08/12/2022,DLH,MN,AGL,CE,Combined TRACON& Tower with Radar,4,23,35,1,63,0,1,10,0,11,4,24,45,1,74,14,0,14,88
08/13/2022,DLH,MN,AGL,CE,Combined TRACON& Tower with Radar,4,19,51,0,74,0,2,16,0,18,4,21,67,0,92,28,0,28,120
08/14/2022,DLH,MN,AGL,CE,Combined TRACON& Tower with Radar,4,11,24,0,39,0,0,35,0,35,4,11,59,0,74,40,0,40,114
08/15/2022,DLH,MN,AGL,CE,Combined TRACON& Tower with Radar,6,15,38,8,67,0,1,21,0,22,6,16,59,8,89,63,4,67,156
08/16/2022,DLH,MN,AGL,CE,Combined TRACON& Tower with Radar,4,21,53,8,86,0,0,23,0,23,4,21,76,8,109,61,0,61,170
08/17/2022,DLH,MN,AGL,CE,Combined TRACON& Tower with Radar,6,15,61,6,88,0,11,26,0,37,6,26,87,6,125,30,6,36,161
08/18/2022,DLH,MN,AGL,CE,Combined TRACON& Tower with Radar,4,15,48,3,70,0,0,13,1,14,4,15,61,4,84,8,6,14,98
08/19/2022,DLH,MN,AGL,CE,Combined TRACON& Tower with Radar,4,18,34,3,59,0,1,20,2,23,4,19,54,5,82,74,6,80,162
08/20/2022,DLH,MN,AGL,CE,Combined TRACON& Tower with Radar,4,20,27,3,54,0,0,26,0,26,4,20,53,3,80,2,0,2,82
08/21/2022,DLH,MN,AGL,CE,Combined TRACON& Tower with Radar,2,13,30,1,46,0,2,57,0,59,2,15,87,1,105,53,0,53,158
08/22/2022,DLH,MN,AGL,CE,Combined TRACON& Tower with Radar,6,14,28,11,59,0,1,77,1,79,6,15,105,12,138,152,18,170,308
08/23/2022,DLH,MN,AGL,CE,Combined TRACON& Tower with Radar,4,15,32,3,54,0,7,116,4,127,4,22,148,7,181,161,0,161,342
08/24/2022,DLH,MN,AGL,CE,Combined TRACON& Tower with Radar,4,14,38,6,62,0,1,4,0,5,4,15,42,6,67,38,0,38,105
08/25/2022,DLH,MN,AGL,CE,Combined TRACON& Tower with Radar,4,21,60,17,102,0,0,88,1,89,4,21,148,18,191,157,6,163,354
08/26/2022,DLH,MN,AGL,CE,Combined TRACON& Tower with Radar,4,18,58,9,89,0,7,91,0,98,4,25,149,9,187,126,0,126,313
08/27/2022,DLH,MN,AGL,CE,Combined TRACON& Tower with Radar,6,12,27,4,49,0,4,30,0,34,6,16,57,4,83,10,0,10,93
08/28/2022,DLH,MN,AGL,CE,Combined TRACON& Tower with Radar,4,10,33,0,47,0,0,24,0,24,4,10,57,0,71,9,0,9,80
08/29/2022,DLH,MN,AGL,CE,Combined TRACON& Tower with Radar,4,15,38,7,64,0,2,45,5,52,4,17,83,12,116,126,29,155,271
08/30/2022,DLH,MN,AGL,CE,Combined TRACON& Tower with Radar,6,19,50,6,81,0,11,68,0,79,6,30,118,6,160,53,4,57,217
08/31/2022,DLH,MN,AGL,CE,Combined TRACON& Tower with Radar,6,17,56,14,93,0,13,129,0,142,6,30,185,14,235,178,12,190,425
09/01/2022,DLH,MN,AGL,CE,Combined TRACON& Tower with Radar,4,22,54,12,92,0,4,79,10,93,4,26,133,22,185,191,38,229,414
09/02/2022,DLH,MN,AGL,CE,Combined TRACON& Tower with Radar,8,12,20,1,41,0,1,44,0,45,8,13,64,1,86,124,0,124,210
09/03/2022,DLH,MN,AGL,CE,Combined TRACON& Tower with Radar,4,8,18,2,32,0,2,65,0,67,4,10,83,2,99,104,0,104,203
09/04/2022,DLH,MN,AGL,CE,Combined TRACON& Tower with Radar,4,9,21,1,35,0,2,65,0,67,4,11,86,1,102,52,0,52,154
09/05/2022,DLH,MN,AGL,CE,Combined TRACON& Tower with Radar,4,9,43,0,56,0,2,43,0,45,4,11,86,0,101,52,0,52,153
09/06/2022,DLH,MN,AGL,CE,Combined TRACON& Tower with Radar,4,21,35,11,71,0,1,39,0,40,4,22,74,11,111,70,8,78,189
09/07/2022,DLH,MN,AGL,CE,Combined TRACON& Tower with Radar,4,18,43,10,75,0,3,82,2,87,4,21,125,12,162,78,15,93,255
09/08/2022,DLH,MN,AGL,CE,Combined TRACON& Tower with Radar,4,20,34,7,65,0,4,26,0,30,4,24,60,7,95,21,0,21,116
09/09/2022,DLH,MN,AGL,CE,Combined TRACON& Tower with Radar,4,18,43,10,75,0,0,11,0,11,4,18,54,10,86,2,6,8,94
09/10/2022,DLH,MN,AGL,CE,Combined TRACON& Tower with Radar,4,18,29,0,51,0,2,70,0,72,4,20,99,0,123,55,0,55,178
09/11/2022,DLH,MN,AGL,CE,Combined TRACON& Tower with Radar,2,18,19,9,48,0,4,70,0,74,2,22,89,9,122,15,11,26,148
09/12/2022,DLH,MN,AGL,CE,Combined TRACON& Tower with Radar,4,18,26,12,60,0,8,80,0,88,4,26,106,12,148,44,10,54,202
09/13/2022,DLH,MN,AGL,CE,Combined TRACON& Tower with Radar,4,20,45,10,79,0,4,67,0,71,4,24,112,10,150,174,10,184,334
09/14/2022,DLH,MN,AGL,CE,Combined TRACON& Tower with Radar,4,18,38,7,67,0,5,37,2,44,4,23,75,9,111,73,0,73,184
09/15/2022,DLH,MN,AGL,CE,Combined TRACON& Tower with Radar,4,23,33,10,70,0,0,25,0,25,4,23,58,10,95,44,22,66,161
09/16/2022,DLH,MN,AGL,CE,Combined TRACON& Tower with Radar,3,14,9,1,27,0,0,0,0,0,3,14,9,1,27,0,0,0,27
09/17/2022,DLH,MN,AGL,CE,Combined TRACON& Tower with Radar,3,9,13,0,25,0,0,6,0,6,3,9,19,0,31,0,0,0,31
09/18/2022,DLH,MN,AGL,CE,Combined TRACON& Tower with Radar,4,13,49,6,72,0,3,21,1,25,4,16,70,7,97,82,22,104,201
09/19/2022,DLH,MN,AGL,CE,Combined TRACON& Tower with Radar,4,20,49,41,114,0,4,80,5,89,4,24,129,46,203,124,34,158,361
09/20/2022,DLH,MN,AGL,CE,Combined TRACON& Tower with Radar,4,16,52,16,88,0,4,85,1,90,4,20,137,17,178,71,0,71,249
09/21/2022,DLH,MN,AGL,CE,Combined TRACON& Tower with Radar,3,15,60,14,92,0,0,83,1,84,3,15,143,15,176,26,14,40,216
09/22/2022,DLH,MN,AGL,CE,Combined TRACON& Tower with Radar,4,14,33,12,63,0,6,90,0,96,4,20,123,12,159,36,0,36,195
09/23/2022,DLH,MN,AGL,CE,Combined TRACON& Tower with Radar,4,19,32,6,61,0,1,26,0,27,4,20,58,6,88,84,0,84,172
09/24/2022,DLH,MN,AGL,CE,Combined TRACON& Tower with Radar,4,13,8,0,25,0,0,0,0,0,4,13,8,0,25,0,0,0,25
09/25/2022,DLH,MN,AGL,CE,Combined TRACON& Tower with Radar,4,12,11,1,28,0,2,14,0,16,4,14,25,1,44,28,0,28,72
09/26/2022,DLH,MN,AGL,CE,Combined TRACON& Tower with Radar,4,15,29,10,58,0,1,51,0,52,4,16,80,10,110,109,10,119,229
09/27/2022,DLH,MN,AGL,CE,Combined TRACON& Tower with Radar,4,18,36,18,76,0,2,62,6,70,4,20,98,24,146,71,26,97,243
09/28/2022,DLH,MN,AGL,CE,Combined TRACON& Tower with Radar,6,19,37,6,68,0,3,73,0,76,6,22,110,6,144,185,0,185,329
09/29/2022,DLH,MN,AGL,CE,Combined TRACON& Tower with Radar,4,18,36,0,58,0,6,69,2,77,4,24,105,2,135,115,0,115,250
09/30/2022,DLH,MN,AGL,CE,Combined TRACON& Tower with Radar,4,16,44,0,64,0,7,69,0,76,4,23,113,0,140,135,0,135,275
10/01/2022,DLH,MN,AGL,CE,Combined TRACON& Tower with Radar,3,11,37,0,51,0,0,19,0,19,3,11,56,0,70,72,0,72,142
10/02/2022,DLH,MN,AGL,CE,Combined TRACON& Tower with Radar,4,11,41,0,56,0,0,17,0,17,4,11,58,0,73,36,0,36,109
10/03/2022,DLH,MN,AGL,CE,Combined TRACON& Tower with Radar,4,17,46,20,87,0,9,69,0,78,4,26,115,20,165,166,14,180,345
10/04/2022,DLH,MN,AGL,CE,Combined TRACON& Tower with Radar,4,22,43,8,77,0,3,70,0,73,4,25,113,8,150,108,0,108,258
10/05/2022,DLH,MN,AGL,CE,Combined TRACON& Tower with Radar,4,17,67,10,98,0,0,77,0,77,4,17,144,10,175,164,14,178,353
10/06/2022,DLH,MN,AGL,CE,Combined TRACON& Tower with Radar,6,12,34,4,56,0,0,30,0,30,6,12,64,4,86,32,2,34,120
10/07/2022,DLH,MN,AGL,CE,Combined TRACON& Tower with Radar,6,12,30,10,58,0,3,75,0,78,6,15,105,10,136,74,20,94,230
10/08/2022,DLH,MN,AGL,CE,Combined TRACON& Tower with Radar,4,13,13,8,38,0,2,69,0,71,4,15,82,8,109,100,6,106,215
10/09/2022,DLH,MN,AGL,CE,Combined TRACON& Tower with Radar,6,10,28,2,46,0,7,61,0,68,6,17,89,2,114,128,0,128,242
10/10/2022,DLH,MN,AGL,CE,Combined TRACON& Tower with Radar,6,17,39,0,62,0,3,65,0,68,6,20,104,0,130,183,0,183,313
10/11/2022,DLH,MN,AGL,CE,Combined TRACON& Tower with Radar,6,16,33,7,62,0,8,24,0,32,6,24,57,7,94,40,0,40,134
10/12/2022,DLH,MN,AGL,CE,Combined TRACON& Tower with Radar,6,12,32,7,57,0,2,56,3,61,6,14,88,10,118,128,18,146,264
10/13/2022,DLH,MN,AGL,CE,Combined TRACON& Tower with Radar,6,17,30,7,60,0,0,19,0,19,6,17,49,7,79,38,0,38,117
10/14/2022,DLH,MN,AGL,CE,Combined TRACON& Tower with Radar,6,13,29,1,49,0,2,34,0,36,6,15,63,1,85,100,0,100,185
10/15/2022,DLH,MN,AGL,CE,Combined TRACON& Tower with Radar,4,13,11,0,28,0,0,1,0,1,4,13,12,0,29,23,0,23,52
10/16/2022,DLH,MN,AGL,CE,Combined TRACON& Tower with Radar,6,6,5,0,17,0,0,2,0,2,6,6,7,0,19,63,0,63,82
10/17/2022,DLH,MN,AGL,CE,Combined TRACON& Tower with Radar,6,13,25,0,44,0,0,26,0,26,6,13,51,0,70,4,0,4,74
10/18/2022,DLH,MN,AGL,CE,Combined TRACON& Tower with Radar,6,10,31,10,57,0,6,70,0,76,6,16,101,10,133,74,4,78,211
10/19/2022,DLH,MN,AGL,CE,Combined TRACON& Tower with Radar,6,18,38,8,70,0,6,63,2,71,6,24,101,10,141,146,2,148,289
10/20/2022,DLH,MN,AGL,CE,Combined TRACON& Tower with Radar,6,18,45,11,80,0,15,105,0,120,6,33,150,11,200,188,10,198,398
10/21/2022,DLH,MN,AGL,CE,Combined TRACON& Tower with Radar,6,10,39,7,62,0,5,66,2,73,6,15,105,9,135,117,0,117,252
10/22/2022,DLH,MN,AGL,CE,Combined TRACON& Tower with Radar,4,14,26,0,44,0,14,97,0,111,4,28,123,0,155,188,0,188,343
10/23/2022,DLH,MN,AGL,CE,Combined TRACON& Tower with Radar,6,8,26,0,40,0,7,47,0,54,6,15,73,0,94,128,0,128,222
10/24/2022,DLH,MN,AGL,CE,Combined TRACON& Tower with Radar,6,13,19,4,42,0,0,12,0,12,6,13,31,4,54,32,0,32,86
10/25/2022,DLH,MN,AGL,CE,Combined TRACON& Tower with Radar,6,12,40,10,68,0,3,41,0,44,6,15,81,10,112,226,0,226,338
10/26/2022,DLH,MN,AGL,CE,Combined TRACON& Tower with Radar,6,14,48,13,81,0,9,74,0,83,6,23,122,13,164,271,0,271,435
10/27/2022,DLH,MN,AGL,CE,Combined TRACON& Tower with Radar,6,11,39,32,88,0,10,80,4,94,6,21,119,36,182,201,32,233,415
10/28/2022,DLH,MN,AGL,CE,Combined TRACON& Tower with Radar,6,12,41,20,79,0,6,51,0,57,6,18,92,20,136,122,12,134,270
10/29/2022,DLH,MN,AGL,CE,Combined TRACON& Tower with Radar,4,10,20,0,34,0,9,72,1,82,4,19,92,1,116,132,0,132,248
10/30/2022,DLH,MN,AGL,CE,Combined TRACON& Tower with Radar,7,6,12,8,33,0,10,42,0,52,7,16,54,8,85,281,0,281,366
10/31/2022,DLH,MN,AGL,CE,Combined TRACON& Tower with Radar,7,19,28,17,71,0,11,32,1,44,7,30,60,18,115,289,0,289,404
11/01/2022,DLH,MN,AGL,CE,Combined TRACON& Tower with Radar,8,13,45,21,87,0,14,60,3,77,8,27,105,24,164,284,21,305,469
11/02/2022,DLH,MN,AGL,CE,Combined TRACON& Tower with Radar,8,16,17,10,51,0,4,35,0,39,8,20,52,10,90,123,5,128,218
11/03/2022,DLH,MN,AGL,CE,Combined TRACON& Tower with Radar,6,17,28,18,69,0,3,43,6,52,6,20,71,24,121,106,46,152,273
11/04/2022,DLH,MN,AGL,CE,Combined TRACON& Tower with Radar,6,19,28,0,53,0,2,41,0,43,6,21,69,0,96,116,0,116,212
11/05/2022,DLH,MN,AGL,CE,Combined TRACON& Tower with Radar,4,14,12,0,30,0,2,9,0,11,4,16,21,0,41,73,0,73,114
11/06/2022,DLH,MN,AGL,CE,Combined TRACON& Tower with Radar,6,9,12,0,27,0,2,20,0,22,6,11,32,0,49,19,0,19,68
11/07/2022,DLH,MN,AGL,CE,Combined TRACON& Tower with Radar,6,14,38,19,77,0,8,35,2,45,6,22,73,21,122,186,24,210,332
11/08/2022,DLH,MN,AGL,CE,Combined TRACON& Tower with Radar,6,16,29,12,63,0,4,66,4,74,6,20,95,16,137,48,6,54,191
11/09/2022,DLH,MN,AGL,CE,Combined TRACON& Tower with Radar,6,8,6,0,20,0,0,0,0,0,6,8,6,0,20,0,0,0,20
11/10/2022,DLH,MN,AGL,CE,Combined TRACON& Tower with Radar,7,14,1,4,26,0,0,0,0,0,7,14,1,4,26,0,0,0,26
11/11/2022,DLH,MN,AGL,CE,Combined TRACON& Tower with Radar,6,13,24,0,43,0,0,6,0,6,6,13,30,0,49,22,0,22,71
11/12/2022,DLH,MN,AGL,CE,Combined TRACON& Tower with Radar,6,9,17,0,32,0,0,41,0,41,6,9,58,0,73,128,0,128,201
11/13/2022,DLH,MN,AGL,CE,Combined TRACON& Tower with Radar,8,11,29,0,48,0,16,55,0,71,8,27,84,0,119,166,0,166,285
11/14/2022,DLH,MN,AGL,CE,Combined TRACON& Tower with Radar,6,9,13,4,32,0,0,0,0,0,6,9,13,4,32,0,0,0,32
11/15/2022,DLH,MN,AGL,CE,Combined TRACON& Tower with Radar,7,15,15,0,37,0,0,0,0,0,7,15,15,0,37,0,0,0,37
11/16/2022,DLH,MN,AGL,CE,Combined TRACON& Tower with Radar,6,13,39,6,64,0,0,4,0,4,6,13,43,6,68,58,0,58,126
11/17/2022,DLH,MN,AGL,CE,Combined TRACON& Tower with Radar,5,22,60,11,98,0,0,5,0,5,5,22,65,11,103,62,0,62,165
11/18/2022,DLH,MN,AGL,CE,Combined TRACON& Tower with Radar,7,18,45,10,80,0,2,49,1,52,7,20,94,11,132,185,0,185,317
11/19/2022,DLH,MN,AGL,CE,Combined TRACON& Tower with Radar,6,8,24,0,38,0,18,20,0,38,6,26,44,0,76,10,0,10,86
11/20/2022,DLH,MN,AGL,CE,Combined TRACON& Tower with Radar,6,7,16,0,29,0,18,45,0,63,6,25,61,0,92,212,0,212,304
11/21/2022,DLH,MN,AGL,CE,Combined TRACON& Tower with Radar,6,12,28,27,73,0,2,32,3,37,6,14,60,30,110,177,2,179,289
11/22/2022,DLH,MN,AGL,CE,Combined TRACON& Tower with Radar,8,20,44,15,87,0,5,43,0,48,8,25,87,15,135,140,26,166,301
11/23/2022,DLH,MN,AGL,CE,Combined TRACON& Tower with Radar,6,15,23,18,62,0,2,65,7,74,6,17,88,25,136,140,34,174,310
11/24/2022,DLH,MN,AGL,CE,Combined TRACON& Tower with Radar,4,6,4,0,14,0,3,0,1,4,4,9,4,1,18,8,0,8,26
11/25/2022,DLH,MN,AGL,CE,Combined TRACON& Tower with Radar,6,12,15,0,33,0,0,43,0,43,6,12,58,0,76,50,0,50,126
11/26/2022,DLH,MN,AGL,CE,Combined TRACON& Tower with Radar,6,10,17,0,33,0,8,60,0,68,6,18,77,0,101,80,0,80,181
11/27/2022,DLH,MN,AGL,CE,Combined TRACON& Tower with Radar,6,6,17,0,29,0,1,24,0,25,6,7,41,0,54,160,0,160,214
11/28/2022,DLH,MN,AGL,CE,Combined TRACON& Tower with Radar,6,11,26,7,50,0,3,27,1,31,6,14,53,8,81,42,0,42,123
11/29/2022,DLH,MN,AGL,CE,Combined TRACON& Tower with Radar,4,13,23,0,40,0,0,3,0,3,4,13,26,0,43,0,0,0,43
11/30/2022,DLH,MN,AGL,CE,Combined TRACON& Tower with Radar,7,14,26,10,57,0,2,18,0,20,7,16,44,10,77,16,2,18,95
12/01/2022,DLH,MN,AGL,CE,Combined TRACON& Tower with Radar,7,9,43,11,70,0,5,67,0,72,7,14,110,11,142,144,2,146,288
12/02/2022,DLH,MN,AGL,CE,Combined TRACON& Tower with Radar,5,13,32,9,59,0,2,51,0,53,5,15,83,9,112,161,0,161,273
12/03/2022,DLH,MN,AGL,CE,Combined TRACON& Tower with Radar,7,7,24,12,50,0,6,70,2,78,7,13,94,14,128,157,15,172,300
12/04/2022,DLH,MN,AGL,CE,Combined TRACON& Tower with Radar,7,6,17,9,39,0,10,55,1,66,7,16,72,10,105,87,16,103,208
12/05/2022,DLH,MN,AGL,CE,Combined TRACON& Tower with Radar,7,10,35,12,64,0,5,42,0,47,7,15,77,12,111,103,0,103,214
12/06/2022,DLH,MN,AGL,CE,Combined TRACON& Tower with Radar,6,10,33,10,59,0,1,23,1,25,6,11,56,11,84,54,6,60,144
12/07/2022,DLH,MN,AGL,CE,Combined TRACON& Tower with Radar,6,16,50,12,84,0,9,64,0,73,6,25,114,12,157,130,8,138,295
12/08/2022,DLH,MN,AGL,CE,Combined TRACON& Tower with Radar,5,8,41,24,78,0,15,80,2,97,5,23,121,26,175,162,46,208,383
12/09/2022,DLH,MN,AGL,CE,Combined TRACON& Tower with Radar,11,11,42,4,68,0,4,74,0,78,11,15,116,4,146,100,4,104,250
12/10/2022,DLH,MN,AGL,CE,Combined TRACON& Tower with Radar,6,12,1,0,19,0,0,0,0,0,6,12,1,0,19,0,0,0,19
12/11/2022,DLH,MN,AGL,CE,Combined TRACON& Tower with Radar,6,6,27,0,39,0,0,0,0,0,6,6,27,0,39,0,0,0,39
12/12/2022,DLH,MN,AGL,CE,Combined TRACON& Tower with Radar,6,7,46,16,75,0,2,6,0,8,6,9,52,16,83,32,2,34,117
12/13/2022,DLH,MN,AGL,CE,Combined TRACON& Tower with Radar,5,15,38,8,66,0,0,4,0,4,5,15,42,8,70,50,0,50,120
12/14/2022,DLH,MN,AGL,CE,Combined TRACON& Tower with Radar,2,0,0,0,2,0,0,0,0,0,2,0,0,0,2,0,0,0,2
12/15/2022,DLH,MN,AGL,CE,Combined TRACON& Tower with Radar,3,0,0,0,3,0,0,0,0,0,3,0,0,0,3,0,0,0,3
12/16/2022,DLH,MN,AGL,CE,Combined TRACON& Tower with Radar,12,6,16,0,34,0,0,0,0,0,12,6,16,0,34,3,0,3,37
12/17/2022,DLH,MN,AGL,CE,Combined TRACON& Tower with Radar,11,5,30,0,46,0,0,2,0,2,11,5,32,0,48,0,0,0,48
12/18/2022,DLH,MN,AGL,CE,Combined TRACON& Tower with Radar,10,1,27,0,38,0,8,58,0,66,10,9,85,0,104,111,0,111,215
12/19/2022,DLH,MN,AGL,CE,Combined TRACON& Tower with Radar,14,5,16,4,39,0,6,11,0,17,14,11,27,4,56,73,0,73,129
12/20/2022,DLH,MN,AGL,CE,Combined TRACON& Tower with Radar,10,8,27,7,52,0,10,55,7,72,10,18,82,14,124,178,40,218,342
12/21/2022,DLH,MN,AGL,CE,Combined TRACON& Tower with Radar,10,7,31,2,50,0,0,2,0,2,10,7,33,2,52,4,0,4,56
12/22/2022,DLH,MN,AGL,CE,Combined TRACON& Tower with Radar,10,5,40,5,60,0,0,23,1,24,10,5,63,6,84,2,0,2,86
12/23/2022,DLH,MN,AGL,CE,Combined TRACON& Tower with Radar,14,4,22,0,40,0,0,0,0,0,14,4,22,0,40,0,0,0,40
12/24/2022,DLH,MN,AGL,CE,Combined TRACON& Tower with Radar,9,4,0,0,13,0,0,14,0,14,9,4,14,0,27,2,0,2,29
12/25/2022,DLH,MN,AGL,CE,Combined TRACON& Tower with Radar,8,1,3,0,12,0,2,17,0,19,8,3,20,0,31,0,0,0,31
12/26/2022,DLH,MN,AGL,CE,Combined TRACON& Tower with Radar,13,1,41,4,59,0,4,79,0,83,13,5,120,4,142,18,0,18,160
12/27/2022,DLH,MN,AGL,CE,Combined TRACON& Tower with Radar,11,9,36,6,62,0,2,69,0,71,11,11,105,6,133,50,0,50,183
12/28/2022,DLH,MN,AGL,CE,Combined TRACON& Tower with Radar,10,8,37,0,55,0,2,41,0,43,10,10,78,0,98,141,0,141,239
12/29/2022,DLH,MN,AGL,CE,Combined TRACON& Tower with Radar,9,7,23,10,49,0,2,26,0,28,9,9,49,10,77,84,12,96,173
12/30/2022,DLH,MN,AGL,CE,Combined TRACON& Tower with Radar,15,11,27,0,53,0,1,7,0,8,15,12,34,0,61,11,0,11,72
12/31/2022,DLH,MN,AGL,CE,Combined TRACON& Tower with Radar,8,6,3,0,17,0,3,0,0,3,8,9,3,0,20,0,0,0,20
01/01/2023,DLH,MN,AGL,CE,Combined TRACON& Tower with Radar,10,4,6,0,20,0,0,1,0,1,10,4,7,0,21,0,0,0,21
01/02/2023,DLH,MN,AGL,CE,Combined TRACON& Tower with Radar,14,1,9,2,26,0,0,0,0,0,14,1,9,2,26,0,0,0,26
01/03/2023,DLH,MN,AGL,CE,Combined TRACON& Tower with Radar,6,1,13,0,20,0,0,0,0,0,6,1,13,0,20,0,0,0,20
01/04/2023,DLH,MN,AGL,CE,Combined TRACON& Tower with Radar,8,7,5,0,20,0,0,0,0,0,8,7,5,0,20,0,0,0,20
01/05/2023,DLH,MN,AGL,CE,Combined TRACON& Tower with Radar,6,9,26,12,53,0,4,33,0,37,6,13,59,12,90,298,0,298,388
01/06/2023,DLH,MN,AGL,CE,Combined TRACON& Tower with Radar,10,8,41,12,71,0,10,57,0,67,10,18,98,12,138,136,0,136,274
01/07/2023,DLH,MN,AGL,CE,Combined TRACON& Tower with Radar,9,7,24,0,40,0,4,43,0,47,9,11,67,0,87,56,0,56,143
01/08/2023,DLH,MN,AGL,CE,Combined TRACON& Tower with Radar,8,6,23,8,45,0,24,63,0,87,8,30,86,8,132,111,12,123,255
01/09/2023,DLH,MN,AGL,CE,Combined TRACON& Tower with Radar,15,4,26,12,57,0,2,14,0,16,15,6,40,12,73,38,4,42,115
01/10/2023,DLH,MN,AGL,CE,Combined TRACON& Tower with Radar,7,3,6,0,16,0,0,0,0,0,7,3,6,0,16,0,0,0,16
01/11/2023,DLH,MN,AGL,CE,Combined TRACON& Tower with Radar,7,8,10,0,25,0,0,0,0,0,7,8,10,0,25,0,0,0,25
01/12/2023,DLH,MN,AGL,CE,Combined TRACON& Tower with Radar,9,7,29,5,50,0,0,5,0,5,9,7,34,5,55,36,0,36,91
01/13/2023,DLH,MN,AGL,CE,Combined TRACON& Tower with Radar,10,7,34,0,51,0,0,0,0,0,10,7,34,0,51,0,0,0,51
01/14/2023,DLH,MN,AGL,CE,Combined TRACON& Tower with Radar,6,7,39,0,52,0,10,48,0,58,6,17,87,0,110,140,0,140,250
01/15/2023,DLH,MN,AGL,CE,Combined TRACON& Tower with Radar,6,3,37,0,46,0,8,65,0,73,6,11,102,0,119,188,0,188,307
01/16/2023,DLH,MN,AGL,CE,Combined TRACON& Tower with Radar,9,5,8,0,22,0,0,0,0,0,9,5,8,0,22,0,0,0,22
01/17/2023,DLH,MN,AGL,CE,Combined TRACON& Tower with Radar,9,7,21,4,41,0,2,2,0,4,9,9,23,4,45,2,0,2,47
01/18/2023,DLH,MN,AGL,CE,Combined TRACON& Tower with Radar,8,7,36,26,77,0,0,8,0,8,8,7,44,26,85,60,0,60,145
01/19/2023,DLH,MN,AGL,CE,Combined TRACON& Tower with Radar,8,6,11,13,38,0,0,0,0,0,8,6,11,13,38,0,2,2,40
01/20/2023,DLH,MN,AGL,CE,Combined TRACON& Tower with Radar,9,18,36,20,83,0,0,15,0,15,9,18,51,20,98,52,0,52,150
01/21/2023,DLH,MN,AGL,CE,Combined TRACON& Tower with Radar,7,6,4,0,17,0,0,0,0,0,7,6,4,0,17,0,0,0,17
01/22/2023,DLH,MN,AGL,CE,Combined TRACON& Tower with Radar,7,5,13,0,25,0,0,0,0,0,7,5,13,0,25,0,0,0,25
01/23/2023,DLH,MN,AGL,CE,Combined TRACON& Tower with Radar,11,7,28,10,56,0,0,18,0,18,11,7,46,10,74,56,0,56,130
01/24/2023,DLH,MN,AGL,CE,Combined TRACON& Tower with Radar,8,17,35,16,76,0,9,41,0,50,8,26,76,16,126,204,28,232,358
01/25/2023,DLH,MN,AGL,CE,Combined TRACON& Tower with Radar,8,11,7,2,28,0,0,0,0,0,8,11,7,2,28,0,0,0,28
01/26/2023,DLH,MN,AGL,CE,Combined TRACON& Tower with Radar,8,10,62,15,95,0,10,90,0,100,8,20,152,15,195,228,12,240,435
01/27/2023,DLH,MN,AGL,CE,Combined TRACON& Tower with Radar,10,11,19,0,40,0,0,7,0,7,10,11,26,0,47,1,0,1,48
01/28/2023,DLH,MN,AGL,CE,Combined TRACON& Tower with Radar,6,16,24,0,46,0,17,52,1,70,6,33,76,1,116,136,0,136,252
01/29/2023,DLH,MN,AGL,CE,Combined TRACON& Tower with Radar,9,2,23,0,34,0,11,58,0,69,9,13,81,0,103,172,0,172,275
01/30/2023,DLH,MN,AGL,CE,Combined TRACON& Tower with Radar,10,9,17,14,50,0,15,38,0,53,10,24,55,14,103,204,6,210,313
01/31/2023,DLH,MN,AGL,CE,Combined TRACON& Tower with Radar,9,6,32,19,66,0,5,44,0,49,9,11,76,19,115,217,8,225,340
02/01/2023,DLH,MN,AGL,CE,Combined TRACON& Tower with Radar,8,9,37,17,71,0,10,57,1,68,8,19,94,18,139,161,12,173,312
02/02/2023,DLH,MN,AGL,CE,Combined TRACON& Tower with Radar,10,8,22,20,60,0,1,22,2,25,10,9,44,22,85,20,12,32,117
02/03/2023,DLH,MN,AGL,CE,Combined TRACON& Tower with Radar,12,11,27,12,62,0,6,53,1,60,12,17,80,13,122,187,12,199,321
02/04/2023,DLH,MN,AGL,CE,Combined TRACON& Tower with Radar,6,10,18,16,50,0,5,37,1,43,6,15,55,17,93,144,20,164,257
02/05/2023,DLH,MN,AGL,CE,Combined TRACON& Tower with Radar,8,6,28,16,58,0,15,35,3,53,8,21,63,19,111,78,12,90,201
02/06/2023,DLH,MN,AGL,CE,Combined TRACON& Tower with Radar,12,9,30,30,81,0,0,34,0,34,12,9,64,30,115,64,22,86,201
02/07/2023,DLH,MN,AGL,CE,Combined TRACON& Tower with Radar,8,11,34,2,55,0,6,29,2,37,8,17,63,4,92,106,4,110,202
02/08/2023,DLH,MN,AGL,CE,Combined TRACON& Tower with Radar,7,17,37,18,79,0,8,56,2,66,7,25,93,20,145,136,18,154,299
02/09/2023,DLH,MN,AGL,CE,Combined TRACON& Tower with Radar,9,9,24,0,42,0,2,8,0,10,9,11,32,0,52,14,0,14,66
02/10/2023,DLH,MN,AGL,CE,Combined TRACON& Tower with Radar,12,11,30,0,53,0,11,59,0,70,12,22,89,0,123,140,0,140,263
02/11/2023,DLH,MN,AGL,CE,Combined TRACON& Tower with Radar,6,4,17,0,27,0,13,62,0,75,6,17,79,0,102,38,0,38,140
02/12/2023,DLH,MN,AGL,CE,Combined TRACON& Tower with Radar,6,4,21,0,31,0,15,60,0,75,6,19,81,0,106,80,0,80,186
02/13/2023,DLH,MN,AGL,CE,Combined TRACON& Tower with Radar,10,9,19,26,64,0,7,44,7,58,10,16,63,33,122,72,18,90,212
02/14/2023,DLH,MN,AGL,CE,Combined TRACON& Tower with Radar,6,11,15,25,57,0,2,16,0,18,6,13,31,25,75,16,2,18,93
02/15/2023,DLH,MN,AGL,CE,Combined TRACON& Tower with Radar,8,4,20,13,45,0,3,13,2,18,8,7,33,15,63,16,26,42,105
02/16/2023,DLH,MN,AGL,CE,Combined TRACON& Tower with Radar,7,9,44,11,71,0,5,67,2,74,7,14,111,13,145,123,10,133,278
02/17/2023,DLH,MN,AGL,CE,Combined TRACON& Tower with Radar,13,10,45,0,68,0,15,57,0,72,13,25,102,0,140,141,0,141,281
02/18/2023,DLH,MN,AGL,CE,Combined TRACON& Tower with Radar,8,7,30,0,45,0,12,71,0,83,8,19,101,0,128,244,0,244,372
02/19/2023,DLH,MN,AGL,CE,Combined TRACON& Tower with Radar,8,6,28,0,42,0,3,29,1,33,8,9,57,1,75,80,0,80,155
02/20/2023,DLH,MN,AGL,CE,Combined TRACON& Tower with Radar,12,11,12,0,35,0,0,0,0,0,12,11,12,0,35,0,0,0,35
02/21/2023,DLH,MN,AGL,CE,Combined TRACON& Tower with Radar,8,10,27,5,50,0,4,34,0,38,8,14,61,5,88,162,0,162,250
02/22/2023,DLH,MN,AGL,CE,Combined TRACON& Tower with Radar,6,11,26,10,53,0,4,12,0,16,6,15,38,10,69,50,4,54,123
02/23/2023,DLH,MN,AGL,CE,Combined TRACON& Tower with Radar,7,5,10,0,22,0,0,0,0,0,7,5,10,0,22,0,0,0,22
02/24/2023,DLH,MN,AGL,CE,Combined TRACON& Tower with Radar,12,16,44,2,74,0,10,81,0,91,12,26,125,2,165,160,2,162,327
02/25/2023,DLH,MN,AGL,CE,Combined TRACON& Tower with Radar,9,8,29,0,46,0,9,39,0,48,9,17,68,0,94,172,0,172,266
02/26/2023,DLH,MN,AGL,CE,Combined TRACON& Tower with Radar,8,4,48,0,60,0,14,64,0,78,8,18,112,0,138,166,0,166,304
02/27/2023,DLH,MN,AGL,CE,Combined TRACON& Tower with Radar,12,6,0,2,20,0,0,1,0,1,12,6,1,2,21,0,0,0,21
02/28/2023,DLH,MN,AGL,CE,Combined TRACON& Tower with Radar,8,15,74,4,101,0,12,63,0,75,8,27,137,4,176,222,0,222,398
03/01/2023,DLH,MN,AGL,CE,Combined TRACON& Tower with Radar,7,7,7,0,21,0,0,0,0,0,7,7,7,0,21,0,0,0,21
03/02/2023,DLH,MN,AGL,CE,Combined TRACON& Tower with Radar,9,12,45,9,75,0,10,79,0,89,9,22,124,9,164,166,6,172,336
03/03/2023,DLH,MN,AGL,CE,Combined TRACON& Tower with Radar,12,8,30,2,52,0,0,31,0,31,12,8,61,2,83,58,0,58,141
03/04/2023,DLH,MN,AGL,CE,Combined TRACON& Tower with Radar,8,7,35,1,51,0,8,55,0,63,8,15,90,1,114,116,0,116,230
03/05/2023,DLH,MN,AGL,CE,Combined TRACON& Tower with Radar,7,6,37,0,50,0,2,49,0,51,7,8,86,0,101,138,0,138,239
03/06/2023,DLH,MN,AGL,CE,Combined TRACON& Tower with Radar,13,6,18,2,39,0,4,9,0,13,13,10,27,2,52,0,0,0,52
03/07/2023,DLH,MN,AGL,CE,Combined TRACON& Tower with Radar,8,12,46,17,83,0,4,57,0,61,8,16,103,17,144,115,22,137,281
03/08/2023,DLH,MN,AGL,CE,Combined TRACON& Tower with Radar,8,11,64,28,111,0,2,46,6,54,8,13,110,34,165,166,56,222,387
03/09/2023,DLH,MN,AGL,CE,Combined TRACON& Tower with Radar,8,11,36,10,65,0,4,23,0,27,8,15,59,10,92,68,14,82,174
03/10/2023,DLH,MN,AGL,CE,Combined TRACON& Tower with Radar,12,11,33,2,58,0,0,24,1,25,12,11,57,3,83,162,0,162,245
03/11/2023,DLH,MN,AGL,CE,Combined TRACON& Tower with Radar,7,7,6,0,20,0,0,0,0,0,7,7,6,0,20,0,0,0,20
03/12/2023,DLH,MN,AGL,CE,Combined TRACON& Tower with Radar,6,5,2,0,13,0,0,0,0,0,6,5,2,0,13,0,0,0,13
03/13/2023,DLH,MN,AGL,CE,Combined TRACON& Tower with Radar,13,10,58,7,88,0,6,73,0,79,13,16,131,7,167,160,4,164,331
03/14/2023,DLH,MN,AGL,CE,Combined TRACON& Tower with Radar,10,13,75,11,109,0,4,87,3,94,10,17,162,14,203,110,18,128,331
03/15/2023,DLH,MN,AGL,CE,Combined TRACON& Tower with Radar,12,12,48,4,76,0,4,66,0,70,12,16,114,4,146,223,0,223,369
03/16/2023,DLH,MN,AGL,CE,Combined TRACON& Tower with Radar,9,12,7,0,28,0,0,0,0,0,9,12,7,0,28,0,0,0,28
03/17/2023,DLH,MN,AGL,CE,Combined TRACON& Tower with Radar,14,10,24,7,55,0,2,7,0,9,14,12,31,7,64,0,6,6,70
03/18/2023,DLH,MN,AGL,CE,Combined TRACON& Tower with Radar,9,7,10,0,26,0,8,28,0,36,9,15,38,0,62,2,0,2,64
03/19/2023,DLH,MN,AGL,CE,Combined TRACON& Tower with Radar,8,14,13,0,35,1,8,57,0,66,9,22,70,0,101,130,0,130,231
03/20/2023,DLH,MN,AGL,CE,Combined TRACON& Tower with Radar,15,12,38,10,75,0,12,73,0,85,15,24,111,10,160,193,10,203,363
03/21/2023,DLH,MN,AGL,CE,Combined TRACON& Tower with Radar,8,10,31,5,54,0,6,46,0,52,8,16,77,5,106,30,6,36,142
03/22/2023,DLH,MN,AGL,CE,Combined TRACON& Tower with Radar,8,11,22,0,41,0,1,5,0,6,8,12,27,0,47,68,0,68,115
03/23/2023,DLH,MN,AGL,CE,Combined TRACON& Tower with Radar,8,17,42,14,81,0,8,89,1,98,8,25,131,15,179,187,4,191,370
03/24/2023,DLH,MN,AGL,CE,Combined TRACON& Tower with Radar,12,10,31,2,55,0,10,96,1,107,12,20,127,3,162,216,0,216,378
03/25/2023,DLH,MN,AGL,CE,Combined TRACON& Tower with Radar,8,8,40,0,56,0,6,56,0,62,8,14,96,0,118,162,0,162,280
03/26/2023,DLH,MN,AGL,CE,Combined TRACON& Tower with Radar,7,7,45,0,59,0,3,53,0,56,7,10,98,0,115,59,0,59,174
03/27/2023,DLH,MN,AGL,CE,Combined TRACON& Tower with Radar,12,11,47,7,77,0,3,62,0,65,12,14,109,7,142,110,8,118,260
03/28/2023,DLH,MN,AGL,CE,Combined TRACON& Tower with Radar,6,11,27,13,57,0,0,34,0,34,6,11,61,13,91,66,18,84,175
03/29/2023,DLH,MN,AGL,CE,Combined TRACON& Tower with Radar,6,15,45,19,85,0,4,86,2,92,6,19,131,21,177,230,6,236,413
03/30/2023,DLH,MN,AGL,CE,Combined TRACON& Tower with Radar,6,13,45,12,76,0,3,64,1,68,6,16,109,13,144,100,14,114,258
03/31/2023,DLH,MN,AGL,CE,Combined TRACON& Tower with Radar,9,9,7,2,27,0,0,0,0,0,9,9,7,2,27,0,0,0,27
04/01/2023,DLH,MN,AGL,CE,Combined TRACON& Tower with Radar,4,7,22,1,34,0,16,81,0,97,4,23,103,1,131,52,4,56,187
04/02/2023,DLH,MN,AGL,CE,Combined TRACON& Tower with Radar,5,6,15,0,26,0,0,14,0,14,5,6,29,0,40,18,0,18,58
04/03/2023,DLH,MN,AGL,CE,Combined TRACON& Tower with Radar,9,11,45,12,77,0,0,36,1,37,9,11,81,13,114,148,8,156,270
04/04/2023,DLH,MN,AGL,CE,Combined TRACON& Tower with Radar,4,3,1,0,8,0,0,0,0,0,4,3,1,0,8,0,0,0,8
04/05/2023,DLH,MN,AGL,CE,Combined TRACON& Tower with Radar,7,6,7,7,27,0,0,0,0,0,7,6,7,7,27,0,0,0,27
04/06/2023,DLH,MN,AGL,CE,Combined TRACON& Tower with Radar,6,19,21,1,47,0,0,30,5,35,6,19,51,6,82,14,4,18,100
04/07/2023,DLH,MN,AGL,CE,Combined TRACON& Tower with Radar,10,12,43,5,70,0,13,75,1,89,10,25,118,6,159,170,0,170,329
04/08/2023,DLH,MN,AGL,CE,Combined TRACON& Tower with Radar,6,10,31,0,47,0,6,20,0,26,6,16,51,0,73,42,0,42,115
04/09/2023,DLH,MN,AGL,CE,Combined TRACON& Tower with Radar,6,7,19,0,32,0,3,23,0,26,6,10,42,0,58,69,0,69,127
04/10/2023,DLH,MN,AGL,CE,Combined TRACON& Tower with Radar,10,14,41,5,70,0,2,71,3,76,10,16,112,8,146,170,10,180,326
04/11/2023,DLH,MN,AGL,CE,Combined TRACON& Tower with Radar,6,13,42,15,76,0,5,73,9,87,6,18,115,24,163,114,40,154,317
04/12/2023,DLH,MN,AGL,CE,Combined TRACON& Tower with Radar,6,11,54,9,80,0,10,84,0,94,6,21,138,9,174,94,8,102,276
04/13/2023,DLH,MN,AGL,CE,Combined TRACON& Tower with Radar,6,12,52,6,76,0,3,61,1,65,6,15,113,7,141,36,47,83,224
04/14/2023,DLH,MN,AGL,CE,Combined TRACON& Tower with Radar,10,16,43,0,69,0,10,64,0,74,10,26,107,0,143,146,0,146,289
04/15/2023,DLH,MN,AGL,CE,Combined TRACON& Tower with Radar,6,11,6,0,23,0,0,5,0,5,6,11,11,0,28,0,0,0,28
04/16/2023,DLH,MN,AGL,CE,Combined TRACON& Tower with Radar,7,3,1,0,11,0,0,0,0,0,7,3,1,0,11,0,0,0,11
04/17/2023,DLH,MN,AGL,CE,Combined TRACON& Tower with Radar,12,11,11,4,38,0,0,19,0,19,12,11,30,4,57,11,0,11,68
04/18/2023,DLH,MN,AGL,CE,Combined TRACON& Tower with Radar,7,20,81,22,130,0,18,128,1,147,7,38,209,23,277,148,25,173,450
04/19/2023,DLH,MN,AGL,CE,Combined TRACON& Tower with Radar,5,14,24,7,50,0,0,21,0,21,5,14,45,7,71,0,0,0,71
04/20/2023,DLH,MN,AGL,CE,Combined TRACON& Tower with Radar,4,2,1,0,7,0,0,0,0,0,4,2,1,0,7,0,0,0,7
04/21/2023,DLH,MN,AGL,CE,Combined TRACON& Tower with Radar,9,17,11,8,45,0,0,0,0,0,9,17,11,8,45,0,0,0,45
04/22/2023,DLH,MN,AGL,CE,Combined TRACON& Tower with Radar,6,8,17,15,46,0,0,20,0,20,6,8,37,15,66,19,0,19,85
04/23/2023,DLH,MN,AGL,CE,Combined TRACON& Tower with Radar,6,11,48,7,72,0,15,68,3,86,6,26,116,10,158,138,14,152,310
04/24/2023,DLH,MN,AGL,CE,Combined TRACON& Tower with Radar,8,9,36,10,63,0,5,50,1,56,8,14,86,11,119,189,27,216,335
04/25/2023,DLH,MN,AGL,CE,Combined TRACON& Tower with Radar,6,12,48,3,69,0,11,65,2,78,6,23,113,5,147,88,0,88,235
04/26/2023,DLH,MN,AGL,CE,Combined TRACON& Tower with Radar,6,14,45,10,75,0,6,73,0,79,6,20,118,10,154,114,14,128,282
04/27/2023,DLH,MN,AGL,CE,Combined TRACON& Tower with Radar,10,11,50,14,85,0,0,37,0,37,10,11,87,14,122,82,4,86,208
04/28/2023,DLH,MN,AGL,CE,Combined TRACON& Tower with Radar,6,11,40,0,57,0,0,0,0,0,6,11,40,0,57,2,0,2,59
04/29/2023,DLH,MN,AGL,CE,Combined TRACON& Tower with Radar,6,10,45,0,61,0,3,26,0,29,6,13,71,0,90,35,0,35,125
04/30/2023,DLH,MN,AGL,CE,Combined TRACON& Tower with Radar,8,8,7,0,23,0,1,1,0,2,8,9,8,0,25,0,0,0,25
05/01/2023,DLH,MN,AGL,CE,Combined TRACON& Tower with Radar,6,11,13,0,30,0,4,9,1,14,6,15,22,1,44,2,0,2,46
05/02/2023,DLH,MN,AGL,CE,Combined TRACON& Tower with Radar,6,24,28,0,58,0,4,7,2,13,6,28,35,2,71,20,0,20,91
05/03/2023,DLH,MN,AGL,CE,Combined TRACON& Tower with Radar,6,24,97,9,136,0,7,87,0,94,6,31,184,9,230,175,10,185,415
05/04/2023,DLH,MN,AGL,CE,Combined TRACON& Tower with Radar,7,17,74,10,108,0,10,72,1,83,7,27,146,11,191,103,24,127,318
05/05/2023,DLH,MN,AGL,CE,Combined TRACON& Tower with Radar,7,9,45,5,66,0,5,49,1,55,7,14,94,6,121,106,14,120,241
05/06/2023,DLH,MN,AGL,CE,Combined TRACON& Tower with Radar,6,10,3,2,21,0,0,0,0,0,6,10,3,2,21,0,0,0,21
05/07/2023,DLH,MN,AGL,CE,Combined TRACON& Tower with Radar,8,6,5,0,19,0,0,0,0,0,8,6,5,0,19,0,0,0,19
05/08/2023,DLH,MN,AGL,CE,Combined TRACON& Tower with Radar,6,11,45,0,62,0,0,8,0,8,6,11,53,0,70,31,0,31,101
05/09/2023,DLH,MN,AGL,CE,Combined TRACON& Tower with Radar,6,15,78,21,120,0,5,75,0,80,6,20,153,21,200,172,42,214,414
05/10/2023,DLH,MN,AGL,CE,Combined TRACON& Tower with Radar,6,20,81,6,113,0,0,44,0,44,6,20,125,6,157,166,0,166,323
05/11/2023,DLH,MN,AGL,CE,Combined TRACON& Tower with Radar,6,17,74,5,102,0,2,90,0,92,6,19,164,5,194,143,0,143,337
05/12/2023,DLH,MN,AGL,CE,Combined TRACON& Tower with Radar,6,20,72,4,102,0,3,66,0,69,6,23,138,4,171,154,0,154,325
05/13/2023,DLH,MN,AGL,CE,Combined TRACON& Tower with Radar,10,17,47,0,74,0,17,40,0,57,10,34,87,0,131,8,0,8,139
05/14/2023,DLH,MN,AGL,CE,Combined TRACON& Tower with Radar,6,13,49,0,68,0,7,39,0,46,6,20,88,0,114,16,0,16,130
05/15/2023,DLH,MN,AGL,CE,Combined TRACON& Tower with Radar,5,15,74,22,116,0,5,85,0,90,5,20,159,22,206,80,12,92,298
05/16/2023,DLH,MN,AGL,CE,Combined TRACON& Tower with Radar,7,13,39,9,68,0,5,64,0,69,7,18,103,9,137,92,2,94,231
05/17/2023,DLH,MN,AGL,CE,Combined TRACON& Tower with Radar,6,22,71,5,104,0,4,76,2,82,6,26,147,7,186,208,12,220,406
05/18/2023,DLH,MN,AGL,CE,Combined TRACON& Tower with Radar,6,14,54,10,84,0,2,14,0,16,6,16,68,10,100,38,0,38,138
05/19/2023,DLH,MN,AGL,CE,Combined TRACON& Tower with Radar,8,16,59,15,98,0,0,26,0,26,8,16,85,15,124,20,2,22,146
05/20/2023,DLH,MN,AGL,CE,Combined TRACON& Tower with Radar,6,12,33,13,64,0,16,66,3,85,6,28,99,16,149,46,33,79,228
05/21/2023,DLH,MN,AGL,CE,Combined TRACON& Tower with Radar,6,10,53,12,81,0,2,46,0,48,6,12,99,12,129,58,28,86,215
05/22/2023,DLH,MN,AGL,CE,Combined TRACON& Tower with Radar,6,11,49,6,72,0,8,44,0,52,6,19,93,6,124,136,6,142,266
05/23/2023,DLH,MN,AGL,CE,Combined TRACON& Tower with Radar,6,11,68,8,93,0,2,62,0,64,6,13,130,8,157,134,0,134,291
05/24/2023,DLH,MN,AGL,CE,Combined TRACON& Tower with Radar,6,12,60,11,89,0,4,38,1,43,6,16,98,12,132,34,14,48,180
05/25/2023,DLH,MN,AGL,CE,Combined TRACON& Tower with Radar,6,11,54,21,92,0,9,94,1,104,6,20,148,22,196,225,4,229,425
05/26/2023,DLH,MN,AGL,CE,Combined TRACON& Tower with Radar,6,16,61,3,86,0,5,67,3,75,6,21,128,6,161,125,8,133,294
05/27/2023,DLH,MN,AGL,CE,Combined TRACON& Tower with Radar,6,19,18,0,43,0,14,78,0,92,6,33,96,0,135,12,0,12,147
05/28/2023,DLH,MN,AGL,CE,Combined TRACON& Tower with Radar,4,9,28,0,41,0,1,44,0,45,4,10,72,0,86,86,0,86,172
05/29/2023,DLH,MN,AGL,CE,Combined TRACON& Tower with Radar,6,10,21,6,43,0,2,28,0,30,6,12,49,6,73,26,0,26,99
05/30/2023,DLH,MN,AGL,CE,Combined TRACON& Tower with Radar,6,14,45,13,78,0,0,38,1,39,6,14,83,14,117,74,2,76,193
05/31/2023,DLH,MN,AGL,CE,Combined TRACON& Tower with Radar,5,13,45,12,75,0,2,45,0,47,5,15,90,12,122,140,4,144,266
06/01/2023,DLH,MN,AGL,CE,Combined TRACON& Tower with Radar,7,15,48,11,81,0,5,43,0,48,7,20,91,11,129,76,2,78,207
06/02/2023,DLH,MN,AGL,CE,Combined TRACON& Tower with Radar,6,16,37,18,77,0,6,55,4,65,6,22,92,22,142,78,46,124,266
06/03/2023,DLH,MN,AGL,CE,Combined TRACON& Tower with Radar,6,10,43,0,59,0,13,43,0,56,6,23,86,0,115,62,0,62,177
06/04/2023,DLH,MN,AGL,CE,Combined TRACON& Tower with Radar,5,12,42,0,59,0,4,47,0,51,5,16,89,0,110,72,0,72,182
06/05/2023,DLH,MN,AGL,CE,Combined TRACON& Tower with Radar,7,11,95,15,128,0,1,10,0,11,7,12,105,15,139,60,4,64,203
06/06/2023,DLH,MN,AGL,CE,Combined TRACON& Tower with Radar,6,20,94,23,143,0,5,71,2,78,6,25,165,25,221,96,24,120,341
06/07/2023,DLH,MN,AGL,CE,Combined TRACON& Tower with Radar,6,13,109,20,148,0,7,81,0,88,6,20,190,20,236,68,50,118,354
06/08/2023,DLH,MN,AGL,CE,Combined TRACON& Tower with Radar,6,19,70,15,110,0,23,80,2,105,6,42,150,17,215,58,13,71,286
06/09/2023,DLH,MN,AGL,CE,Combined TRACON& Tower with Radar,6,17,70,3,96,0,3,79,0,82,6,20,149,3,178,104,4,108,286
06/10/2023,DLH,MN,AGL,CE,Combined TRACON& Tower with Radar,6,8,40,0,54,0,0,10,0,10,6,8,50,0,64,2,0,2,66
06/11/2023,DLH,MN,AGL,CE,Combined TRACON& Tower with Radar,6,10,52,0,68,0,4,63,0,67,6,14,115,0,135,54,0,54,189
06/12/2023,DLH,MN,AGL,CE,Combined TRACON& Tower with Radar,6,11,54,13,84,0,0,65,1,66,6,11,119,14,150,76,4,80,230
06/13/2023,DLH,MN,AGL,CE,Combined TRACON& Tower with Radar,6,14,62,12,94,0,5,76,0,81,6,19,138,12,175,68,8,76,251
06/14/2023,DLH,MN,AGL,CE,Combined TRACON& Tower with Radar,6,13,103,14,136,0,3,30,1,34,6,16,133,15,170,106,6,112,282
06/15/2023,DLH,MN,AGL,CE,Combined TRACON& Tower with Radar,6,19,74,9,108,0,8,92,1,101,6,27,166,10,209,104,4,108,317
06/16/2023,DLH,MN,AGL,CE,Combined TRACON& Tower with Radar,6,18,51,7,82,0,4,68,1,73,6,22,119,8,155,99,0,99,254
06/17/2023,DLH,MN,AGL,CE,Combined TRACON& Tower with Radar,6,10,28,3,47,0,10,50,1,61,6,20,78,4,108,10,0,10,118
06/18/2023,DLH,MN,AGL,CE,Combined TRACON& Tower with Radar,5,5,38,0,48,0,0,32,0,32,5,5,70,0,80,28,0,28,108
06/19/2023,DLH,MN,AGL,CE,Combined TRACON& Tower with Radar,7,13,60,0,80,0,2,35,0,37,7,15,95,0,117,46,0,46,163
06/20/2023,DLH,MN,AGL,CE,Combined TRACON& Tower with Radar,6,17,61,11,95,0,14,76,0,90,6,31,137,11,185,106,12,118,303
06/21/2023,DLH,MN,AGL,CE,Combined TRACON& Tower with Radar,6,22,61,10,99,0,16,83,3,102,6,38,144,13,201,151,22,173,374
06/22/2023,DLH,MN,AGL,CE,Combined TRACON& Tower with Radar,6,15,74,9,104,0,8,63,1,72,6,23,137,10,176,117,2,119,295
06/23/2023,DLH,MN,AGL,CE,Combined TRACON& Tower with Radar,6,19,28,11,64,0,4,38,2,44,6,23,66,13,108,40,8,48,156
06/24/2023,DLH,MN,AGL,CE,Combined TRACON& Tower with Radar,8,11,27,4,50,0,0,5,0,5,8,11,32,4,55,2,0,2,57
06/25/2023,DLH,MN,AGL,CE,Combined TRACON& Tower with Radar,7,7,15,1,30,0,0,0,0,0,7,7,15,1,30,0,0,0,30
06/26/2023,DLH,MN,AGL,CE,Combined TRACON& Tower with Radar,7,15,78,3,103,0,4,57,0,61,7,19,135,3,164,98,0,98,262
06/27/2023,DLH,MN,AGL,CE,Combined TRACON& Tower with Radar,6,19,89,13,127,0,4,62,4,70,6,23,151,17,197,32,0,32,229
06/28/2023,DLH,MN,AGL,CE,Combined TRACON& Tower with Radar,6,11,18,1,36,0,0,0,0,0,6,11,18,1,36,0,0,0,36
06/29/2023,DLH,MN,AGL,CE,Combined TRACON& Tower with Radar,8,18,77,16,119,0,12,56,0,68,8,30,133,16,187,20,14,34,221
06/30/2023,DLH,MN,AGL,CE,Combined TRACON& Tower with Radar,7,14,62,9,92,0,6,78,1,85,7,20,140,10,177,62,4,66,243
07/01/2023,DLH,MN,AGL,CE,Combined TRACON& Tower with Radar,7,9,19,0,35,0,3,54,2,59,7,12,73,2,94,10,0,10,104
07/02/2023,DLH,MN,AGL,CE,Combined TRACON& Tower with Radar,6,8,11,2,27,0,7,58,0,65,6,15,69,2,92,22,0,22,114
07/03/2023,DLH,MN,AGL,CE,Combined TRACON& Tower with Radar,6,8,6,0,20,0,0,42,0,42,6,8,48,0,62,24,0,24,86
07/04/2023,DLH,MN,AGL,CE,Combined TRACON& Tower with Radar,8,6,6,0,20,0,4,15,2,21,8,10,21,2,41,18,4,22,63
07/05/2023,DLH,MN,AGL,CE,Combined TRACON& Tower with Radar,6,16,24,12,58,0,7,45,0,52,6,23,69,12,110,14,22,36,146
07/06/2023,DLH,MN,AGL,CE,Combined TRACON& Tower with Radar,5,21,30,4,60,0,11,74,0,85,5,32,104,4,145,76,6,82,227
07/07/2023,DLH,MN,AGL,CE,Combined TRACON& Tower with Radar,6,22,47,13,88,0,8,57,3,68,6,30,104,16,156,80,28,108,264
07/08/2023,DLH,MN,AGL,CE,Combined TRACON& Tower with Radar,6,20,23,4,53,0,8,43,0,51,6,28,66,4,104,52,0,52,156
07/09/2023,DLH,MN,AGL,CE,Combined TRACON& Tower with Radar,7,27,35,0,69,0,8,40,0,48,7,35,75,0,117,15,0,15,132
07/10/2023,DLH,MN,AGL,CE,Combined TRACON& Tower with Radar,9,13,46,9,77,0,7,73,0,80,9,20,119,9,157,80,14,94,251
07/11/2023,DLH,MN,AGL,CE,Combined TRACON& Tower with Radar,8,13,67,16,104,0,7,75,1,83,8,20,142,17,187,40,4,44,231
07/12/2023,DLH,MN,AGL,CE,Combined TRACON& Tower with Radar,8,16,63,30,117,0,9,84,7,100,8,25,147,37,217,107,6,113,330
07/13/2023,DLH,MN,AGL,CE,Combined TRACON& Tower with Radar,8,14,57,8,87,0,4,29,9,42,8,18,86,17,129,5,0,5,134
07/14/2023,DLH,MN,AGL,CE,Combined TRACON& Tower with Radar,8,12,17,19,56,0,1,33,4,38,8,13,50,23,94,4,18,22,116
07/15/2023,DLH,MN,AGL,CE,Combined TRACON& Tower with Radar,8,10,23,2,43,0,6,75,3,84,8,16,98,5,127,84,0,84,211
07/16/2023,DLH,MN,AGL,CE,Combined TRACON& Tower with Radar,8,6,12,4,30,0,5,43,0,48,8,11,55,4,78,92,0,92,170
07/17/2023,DLH,MN,AGL,CE,Combined TRACON& Tower with Radar,10,12,84,28,134,0,6,68,6,80,10,18,152,34,214,50,14,64,278
07/18/2023,DLH,MN,AGL,CE,Combined TRACON& Tower with Radar,8,20,60,16,104,0,7,89,4,100,8,27,149,20,204,170,36,206,410
07/19/2023,DLH,MN,AGL,CE,Combined TRACON& Tower with Radar,7,16,32,12,67,0,1,3,0,4,7,17,35,12,71,12,6,18,89
07/20/2023,DLH,MN,AGL,CE,Combined TRACON& Tower with Radar,8,22,72,16,118,0,4,63,1,68,8,26,135,17,186,76,4,80,266
07/21/2023,DLH,MN,AGL,CE,Combined TRACON& Tower with Radar,11,13,37,4,65,0,10,76,1,87,11,23,113,5,152,84,0,84,236
07/22/2023,DLH,MN,AGL,CE,Combined TRACON& Tower with Radar,10,21,39,1,71,0,3,46,0,49,10,24,85,1,120,58,0,58,178
07/23/2023,DLH,MN,AGL,CE,Combined TRACON& Tower with Radar,8,20,51,4,83,0,4,41,0,45,8,24,92,4,128,4,0,4,132
07/24/2023,DLH,MN,AGL,CE,Combined TRACON& Tower with Radar,11,13,64,16,104,0,4,37,2,43,11,17,101,18,147,20,5,25,172
07/25/2023,DLH,MN,AGL,CE,Combined TRACON& Tower with Radar,9,19,62,17,107,0,7,55,0,62,9,26,117,17,169,85,18,103,272
07/26/2023,DLH,MN,AGL,CE,Combined TRACON& Tower with Radar,11,15,84,13,123,0,3,43,2,48,11,18,127,15,171,70,37,107,278
07/27/2023,DLH,MN,AGL,CE,Combined TRACON& Tower with Radar,9,15,57,15,96,0,30,37,0,67,9,45,94,15,163,22,16,38,201
07/28/2023,DLH,MN,AGL,CE,Combined TRACON& Tower with Radar,9,14,49,10,82,0,9,64,1,74,9,23,113,11,156,105,18,123,279
07/29/2023,DLH,MN,AGL,CE,Combined TRACON& Tower with Radar,9,22,22,0,53,0,6,68,0,74,9,28,90,0,127,14,0,14,141
07/30/2023,DLH,MN,AGL,CE,Combined TRACON& Tower with Radar,8,11,21,2,42,0,2,64,0,66,8,13,85,2,108,16,0,16,124
07/31/2023,DLH,MN,AGL,CE,Combined TRACON& Tower with Radar,10,15,68,8,101,0,18,76,0,94,10,33,144,8,195,70,15,85,280
08/01/2023,DLH,MN,AGL,CE,Combined TRACON& Tower with Radar,11,10,48,7,76,0,14,46,1,61,11,24,94,8,137,88,6,94,231
08/02/2023,DLH,MN,AGL,CE,Combined TRACON& Tower with Radar,12,6,54,16,88,0,9,86,1,96,12,15,140,17,184,103,16,119,303
08/03/2023,DLH,MN,AGL,CE,Combined TRACON& Tower with Radar,9,15,63,11,98,0,5,57,1,63,9,20,120,12,161,146,8,154,315
08/04/2023,DLH,MN,AGL,CE,Combined TRACON& Tower with Radar,12,14,61,8,95,0,8,54,2,64,12,22,115,10,159,60,4,64,223
08/05/2023,DLH,MN,AGL,CE,Combined TRACON& Tower with Radar,12,13,30,2,57,0,12,33,0,45,12,25,63,2,102,24,0,24,126
08/06/2023,DLH,MN,AGL,CE,Combined TRACON& Tower with Radar,14,13,48,7,82,0,7,31,0,38,14,20,79,7,120,40,0,40,160
08/07/2023,DLH,MN,AGL,CE,Combined TRACON& Tower with Radar,12,13,70,4,99,0,12,65,2,79,12,25,135,6,178,114,4,118,296
08/08/2023,DLH,MN,AGL,CE,Combined TRACON& Tower with Radar,13,16,55,29,113,0,2,67,1,70,13,18,122,30,183,82,8,90,273
08/09/2023,DLH,MN,AGL,CE,Combined TRACON& Tower with Radar,17,12,96,18,143,0,10,81,5,96,17,22,177,23,239,104,26,130,369
08/10/2023,DLH,MN,AGL,CE,Combined TRACON& Tower with Radar,17,17,56,7,97,0,12,85,0,97,17,29,141,7,194,74,2,76,270
08/11/2023,DLH,MN,AGL,CE,Combined TRACON& Tower with Radar,14,11,57,10,92,0,0,2,0,2,14,11,59,10,94,12,6,18,112
08/12/2023,DLH,MN,AGL,CE,Combined TRACON& Tower with Radar,12,7,45,0,64,0,10,38,0,48,12,17,83,0,112,14,0,14,126
08/13/2023,DLH,MN,AGL,CE,Combined TRACON& Tower with Radar,12,6,46,12,76,0,16,28,0,44,12,22,74,12,120,51,6,57,177
08/14/2023,DLH,MN,AGL,CE,Combined TRACON& Tower with Radar,18,9,46,19,92,0,8,45,2,55,18,17,91,21,147,96,13,109,256
08/15/2023,DLH,MN,AGL,CE,Combined TRACON& Tower with Radar,12,7,60,3,82,0,21,70,2,93,12,28,130,5,175,62,4,66,241
08/16/2023,DLH,MN,AGL,CE,Combined TRACON& Tower with Radar,14,7,42,6,69,0,5,55,1,61,14,12,97,7,130,12,5,17,147
08/17/2023,DLH,MN,AGL,CE,Combined TRACON& Tower with Radar,12,9,82,16,119,0,9,58,3,70,12,18,140,19,189,35,29,64,253
08/18/2023,DLH,MN,AGL,CE,Combined TRACON& Tower with Radar,15,23,62,12,112,0,12,81,3,96,15,35,143,15,208,74,2,76,284
08/19/2023,DLH,MN,AGL,CE,Combined TRACON& Tower with Radar,14,9,33,0,56,0,14,68,0,82,14,23,101,0,138,109,0,109,247
08/20/2023,DLH,MN,AGL,CE,Combined TRACON& Tower with Radar,12,7,47,0,66,0,6,55,0,61,12,13,102,0,127,73,0,73,200
08/21/2023,DLH,MN,AGL,CE,Combined TRACON& Tower with Radar,12,10,76,19,117,0,2,55,0,57,12,12,131,19,174,102,14,116,290
08/22/2023,DLH,MN,AGL,CE,Combined TRACON& Tower with Radar,12,10,21,3,46,0,0,0,0,0,12,10,21,3,46,0,0,0,46
08/23/2023,DLH,MN,AGL,CE,Combined TRACON& Tower with Radar,12,14,31,11,68,0,0,0,0,0,12,14,31,11,68,0,0,0,68
08/24/2023,DLH,MN,AGL,CE,Combined TRACON& Tower with Radar,14,19,57,26,116,0,5,25,0,30,14,24,82,26,146,92,12,104,250
08/25/2023,DLH,MN,AGL,CE,Combined TRACON& Tower with Radar,12,18,51,4,85,0,4,51,0,55,12,22,102,4,140,112,0,112,252
08/26/2023,DLH,MN,AGL,CE,Combined TRACON& Tower with Radar,10,6,42,0,58,0,1,20,0,21,10,7,62,0,79,61,0,61,140
08/27/2023,DLH,MN,AGL,CE,Combined TRACON& Tower with Radar,14,8,34,0,56,0,6,53,0,59,14,14,87,0,115,125,0,125,240
08/28/2023,DLH,MN,AGL,CE,Combined TRACON& Tower with Radar,12,6,54,11,83,0,9,61,0,70,12,15,115,11,153,125,8,133,286
08/29/2023,DLH,MN,AGL,CE,Combined TRACON& Tower with Radar,18,10,59,5,92,0,4,84,0,88,18,14,143,5,180,150,6,156,336
08/30/2023,DLH,MN,AGL,CE,Combined TRACON& Tower with Radar,12,10,49,19,90,0,4,85,3,92,12,14,134,22,182,84,14,98,280
08/31/2023,DLH,MN,AGL,CE,Combined TRACON& Tower with Radar,12,13,39,5,69,0,17,64,4,85,12,30,103,9,154,92,22,114,268
