01/01/2020,DSM,IA,ACE,CE,Combined TRACON& Tower with Radar,67,16,16,0,99,0,2,22,0,24,67,18,38,0,123,22,0,22,145
01/02/2020,DSM,IA,ACE,CE,Combined TRACON& Tower with Radar,98,21,34,0,153,0,0,27,0,27,98,21,61,0,180,2,0,2,182
01/03/2020,DSM,IA,ACE,CE,Combined TRACON& Tower with Radar,97,20,17,0,134,0,1,0,0,1,97,21,17,0,135,0,0,0,135
01/04/2020,DSM,IA,ACE,CE,Combined TRACON& Tower with Radar,78,20,22,0,120,0,1,6,0,7,78,21,28,0,127,1,0,1,128
01/05/2020,DSM,IA,ACE,CE,Combined TRACON& Tower with Radar,98,26,21,0,145,0,0,8,0,8,98,26,29,0,153,0,0,0,153
01/06/2020,DSM,IA,ACE,CE,Combined TRACON& Tower with Radar,93,23,40,9,165,0,0,26,0,26,93,23,66,9,191,16,28,44,235
01/07/2020,DSM,IA,ACE,CE,Combined TRACON& Tower with Radar,91,18,43,4,156,4,0,18,0,22,95,18,61,4,178,4,2,6,184
01/08/2020,DSM,IA,ACE,CE,Combined TRACON& Tower with Radar,94,20,55,9,178,0,4,28,3,35,94,24,83,12,213,6,0,6,219
01/09/2020,DSM,IA,ACE,CE,Combined TRACON& Tower with Radar,106,14,85,5,210,0,1,8,5,14,106,15,93,10,224,2,0,2,226
01/10/2020,DSM,IA,ACE,CE,Combined TRACON& Tower with Radar,94,11,33,0,138,0,0,2,0,2,94,11,35,0,140,0,0,0,140
01/11/2020,DSM,IA,ACE,CE,Combined TRACON& Tower with Radar,69,13,21,0,103,0,2,7,0,9,69,15,28,0,112,6,0,6,118
01/12/2020,DSM,IA,ACE,CE,Combined TRACON& Tower with Radar,104,16,14,0,134,0,1,2,0,3,104,17,16,0,137,0,0,0,137
01/13/2020,DSM,IA,ACE,CE,Combined TRACON& Tower with Radar,96,10,34,0,140,0,0,0,0,0,96,10,34,0,140,0,0,0,140
01/14/2020,DSM,IA,ACE,CE,Combined TRACON& Tower with Radar,96,22,40,2,160,0,1,15,0,16,96,23,55,2,176,12,0,12,188
01/15/2020,DSM,IA,ACE,CE,Combined TRACON& Tower with Radar,94,19,42,4,159,0,2,0,0,2,94,21,42,4,161,1,0,1,162
01/16/2020,DSM,IA,ACE,CE,Combined TRACON& Tower with Radar,104,18,50,1,173,0,0,36,0,36,104,18,86,1,209,4,0,4,213
01/17/2020,DSM,IA,ACE,CE,Combined TRACON& Tower with Radar,63,2,16,0,81,0,0,0,0,0,63,2,16,0,81,2,0,2,83
01/18/2020,DSM,IA,ACE,CE,Combined TRACON& Tower with Radar,62,22,11,0,95,0,0,0,0,0,62,22,11,0,95,0,0,0,95
01/19/2020,DSM,IA,ACE,CE,Combined TRACON& Tower with Radar,89,16,32,0,137,0,0,2,0,2,89,16,34,0,139,0,0,0,139
01/20/2020,DSM,IA,ACE,CE,Combined TRACON& Tower with Radar,93,14,41,0,148,0,0,3,0,3,93,14,44,0,151,0,0,0,151
01/21/2020,DSM,IA,ACE,CE,Combined TRACON& Tower with Radar,93,17,62,2,174,0,0,15,0,15,93,17,77,2,189,2,0,2,191
01/22/2020,DSM,IA,ACE,CE,Combined TRACON& Tower with Radar,94,16,27,0,137,0,0,1,0,1,94,16,28,0,138,0,0,0,138
01/23/2020,DSM,IA,ACE,CE,Combined TRACON& Tower with Radar,104,14,36,2,156,0,0,0,0,0,104,14,36,2,156,0,0,0,156
01/24/2020,DSM,IA,ACE,CE,Combined TRACON& Tower with Radar,103,15,30,0,148,0,0,0,0,0,103,15,30,0,148,0,0,0,148
01/25/2020,DSM,IA,ACE,CE,Combined TRACON& Tower with Radar,83,15,26,0,124,0,0,0,0,0,83,15,26,0,124,0,0,0,124
01/26/2020,DSM,IA,ACE,CE,Combined TRACON& Tower with Radar,105,14,26,1,146,0,0,0,0,0,105,14,26,1,146,0,0,0,146
01/27/2020,DSM,IA,ACE,CE,Combined TRACON& Tower with Radar,96,14,41,1,152,0,0,0,0,0,96,14,41,1,152,0,0,0,152
01/28/2020,DSM,IA,ACE,CE,Combined TRACON& Tower with Radar,93,22,33,1,149,0,0,0,0,0,93,22,33,1,149,0,0,0,149
01/29/2020,DSM,IA,ACE,CE,Combined TRACON& Tower with Radar,97,21,47,1,166,0,0,12,0,12,97,21,59,1,178,0,0,0,178
01/30/2020,DSM,IA,ACE,CE,Combined TRACON& Tower with Radar,106,17,37,10,170,0,1,2,0,3,106,18,39,10,173,0,0,0,173
01/31/2020,DSM,IA,ACE,CE,Combined TRACON& Tower with Radar,104,18,39,4,165,0,0,1,0,1,104,18,40,4,166,0,0,0,166
02/01/2020,DSM,IA,ACE,CE,Combined TRACON& Tower with Radar,78,19,34,1,132,0,2,25,0,27,78,21,59,1,159,56,0,56,215
02/02/2020,DSM,IA,ACE,CE,Combined TRACON& Tower with Radar,100,21,33,0,154,0,0,20,0,20,100,21,53,0,174,18,0,18,192
02/03/2020,DSM,IA,ACE,CE,Combined TRACON& Tower with Radar,99,43,52,0,194,0,0,3,0,3,99,43,55,0,197,4,0,4,201
02/04/2020,DSM,IA,ACE,CE,Combined TRACON& Tower with Radar,103,22,50,12,187,0,1,12,0,13,103,23,62,12,200,4,0,4,204
02/05/2020,DSM,IA,ACE,CE,Combined TRACON& Tower with Radar,94,12,45,5,156,0,0,11,1,12,94,12,56,6,168,6,16,22,190
02/06/2020,DSM,IA,ACE,CE,Combined TRACON& Tower with Radar,105,21,72,3,201,0,0,36,3,39,105,21,108,6,240,6,0,6,246
02/07/2020,DSM,IA,ACE,CE,Combined TRACON& Tower with Radar,102,15,54,2,173,0,0,4,0,4,102,15,58,2,177,0,0,0,177
02/08/2020,DSM,IA,ACE,CE,Combined TRACON& Tower with Radar,79,16,37,0,132,0,5,16,0,21,79,21,53,0,153,4,0,4,157
02/09/2020,DSM,IA,ACE,CE,Combined TRACON& Tower with Radar,105,15,20,2,142,0,0,1,0,1,105,15,21,2,143,0,0,0,143
02/10/2020,DSM,IA,ACE,CE,Combined TRACON& Tower with Radar,96,18,59,0,173,0,2,13,0,15,96,20,72,0,188,4,0,4,192
02/11/2020,DSM,IA,ACE,CE,Combined TRACON& Tower with Radar,92,16,35,1,144,0,2,19,1,22,92,18,54,2,166,18,0,18,184
02/12/2020,DSM,IA,ACE,CE,Combined TRACON& Tower with Radar,94,16,45,0,155,0,0,13,0,13,94,16,58,0,168,4,0,4,172
02/13/2020,DSM,IA,ACE,CE,Combined TRACON& Tower with Radar,100,20,46,2,168,0,1,11,0,12,100,21,57,2,180,1,0,1,181
02/14/2020,DSM,IA,ACE,CE,Combined TRACON& Tower with Radar,104,17,37,1,159,0,3,16,0,19,104,20,53,1,178,14,0,14,192
02/15/2020,DSM,IA,ACE,CE,Combined TRACON& Tower with Radar,78,13,20,1,112,0,3,29,0,32,78,16,49,1,144,22,0,22,166
02/16/2020,DSM,IA,ACE,CE,Combined TRACON& Tower with Radar,94,13,28,0,135,0,0,35,0,35,94,13,63,0,170,40,0,40,210
02/17/2020,DSM,IA,ACE,CE,Combined TRACON& Tower with Radar,104,18,46,0,168,0,0,0,0,0,104,18,46,0,168,0,0,0,168
02/18/2020,DSM,IA,ACE,CE,Combined TRACON& Tower with Radar,104,29,61,4,198,0,3,14,0,17,104,32,75,4,215,42,0,42,257
02/19/2020,DSM,IA,ACE,CE,Combined TRACON& Tower with Radar,100,21,44,4,169,0,1,11,0,12,100,22,55,4,181,0,0,0,181
02/20/2020,DSM,IA,ACE,CE,Combined TRACON& Tower with Radar,110,16,42,5,173,0,2,21,1,24,110,18,63,6,197,0,0,0,197
02/21/2020,DSM,IA,ACE,CE,Combined TRACON& Tower with Radar,107,22,38,0,167,0,2,29,0,31,107,24,67,0,198,10,0,10,208
02/22/2020,DSM,IA,ACE,CE,Combined TRACON& Tower with Radar,80,25,27,0,132,0,2,32,1,35,80,27,59,1,167,28,0,28,195
02/23/2020,DSM,IA,ACE,CE,Combined TRACON& Tower with Radar,105,23,20,0,148,0,1,25,0,26,105,24,45,0,174,0,0,0,174
02/24/2020,DSM,IA,ACE,CE,Combined TRACON& Tower with Radar,101,19,51,4,175,0,0,20,6,26,101,19,71,10,201,32,36,68,269
02/25/2020,DSM,IA,ACE,CE,Combined TRACON& Tower with Radar,106,23,42,0,171,0,1,6,0,7,106,24,48,0,178,2,0,2,180
02/26/2020,DSM,IA,ACE,CE,Combined TRACON& Tower with Radar,102,23,56,0,181,0,0,8,2,10,102,23,64,2,191,32,0,32,223
02/27/2020,DSM,IA,ACE,CE,Combined TRACON& Tower with Radar,116,15,53,3,187,0,6,23,3,32,116,21,76,6,219,30,0,30,249
02/28/2020,DSM,IA,ACE,CE,Combined TRACON& Tower with Radar,107,16,45,0,168,0,0,8,0,8,107,16,53,0,176,8,0,8,184
02/29/2020,DSM,IA,ACE,CE,Combined TRACON& Tower with Radar,87,15,29,0,131,0,3,38,0,41,87,18,67,0,172,27,0,27,199
03/01/2020,DSM,IA,ACE,CE,Combined TRACON& Tower with Radar,106,20,29,0,155,0,0,8,0,8,106,20,37,0,163,10,0,10,173
03/02/2020,DSM,IA,ACE,CE,Combined TRACON& Tower with Radar,98,17,51,0,166,0,1,9,0,10,98,18,60,0,176,12,0,12,188
03/03/2020,DSM,IA,ACE,CE,Combined TRACON& Tower with Radar,102,20,42,0,164,0,3,9,0,12,102,23,51,0,176,0,0,0,176
03/04/2020,DSM,IA,ACE,CE,Combined TRACON& Tower with Radar,106,19,52,2,179,0,0,46,0,46,106,19,98,2,225,12,0,12,237
03/05/2020,DSM,IA,ACE,CE,Combined TRACON& Tower with Radar,113,18,41,0,172,0,0,8,0,8,113,18,49,0,180,4,0,4,184
03/06/2020,DSM,IA,ACE,CE,Combined TRACON& Tower with Radar,103,15,39,0,157,0,4,39,2,45,103,19,78,2,202,54,2,56,258
03/07/2020,DSM,IA,ACE,CE,Combined TRACON& Tower with Radar,92,13,19,0,124,0,2,15,0,17,92,15,34,0,141,13,0,13,154
03/08/2020,DSM,IA,ACE,CE,Combined TRACON& Tower with Radar,113,12,20,0,145,0,1,8,0,9,113,13,28,0,154,0,0,0,154
03/09/2020,DSM,IA,ACE,CE,Combined TRACON& Tower with Radar,104,11,38,2,155,0,0,1,0,1,104,11,39,2,156,0,0,0,156
03/10/2020,DSM,IA,ACE,CE,Combined TRACON& Tower with Radar,107,10,44,2,163,0,0,17,0,17,107,10,61,2,180,30,0,30,210
03/11/2020,DSM,IA,ACE,CE,Combined TRACON& Tower with Radar,117,9,57,10,193,0,0,19,0,19,117,9,76,10,212,14,0,14,226
03/12/2020,DSM,IA,ACE,CE,Combined TRACON& Tower with Radar,118,13,44,4,179,0,2,2,0,4,118,15,46,4,183,16,0,16,199
03/13/2020,DSM,IA,ACE,CE,Combined TRACON& Tower with Radar,113,13,50,0,176,2,2,27,0,31,115,15,77,0,207,4,0,4,211
03/14/2020,DSM,IA,ACE,CE,Combined TRACON& Tower with Radar,98,20,15,0,133,0,0,2,0,2,98,20,17,0,135,0,0,0,135
03/15/2020,DSM,IA,ACE,CE,Combined TRACON& Tower with Radar,113,16,14,0,143,0,2,10,0,12,113,18,24,0,155,0,0,0,155
03/16/2020,DSM,IA,ACE,CE,Combined TRACON& Tower with Radar,108,15,16,0,139,0,0,1,0,1,108,15,17,0,140,0,0,0,140
03/17/2020,DSM,IA,ACE,CE,Combined TRACON& Tower with Radar,116,17,28,14,175,0,0,46,0,46,116,17,74,14,221,58,14,72,293
03/18/2020,DSM,IA,ACE,CE,Combined TRACON& Tower with Radar,113,11,9,2,135,0,0,0,0,0,113,11,9,2,135,0,0,0,135
03/19/2020,DSM,IA,ACE,CE,Combined TRACON& Tower with Radar,107,15,23,0,145,0,0,3,0,3,107,15,26,0,148,0,0,0,148
03/20/2020,DSM,IA,ACE,CE,Combined TRACON& Tower with Radar,106,18,31,0,155,0,0,3,2,5,106,18,34,2,160,0,0,0,160
03/21/2020,DSM,IA,ACE,CE,Combined TRACON& Tower with Radar,86,11,17,0,114,0,0,24,0,24,86,11,41,0,138,0,0,0,138
03/22/2020,DSM,IA,ACE,CE,Combined TRACON& Tower with Radar,97,19,18,0,134,0,0,3,0,3,97,19,21,0,137,2,0,2,139
03/23/2020,DSM,IA,ACE,CE,Combined TRACON& Tower with Radar,86,8,9,0,103,0,0,0,0,0,86,8,9,0,103,0,0,0,103
03/24/2020,DSM,IA,ACE,CE,Combined TRACON& Tower with Radar,76,10,9,5,100,0,0,6,1,7,76,10,15,6,107,22,4,26,133
03/25/2020,DSM,IA,ACE,CE,Combined TRACON& Tower with Radar,63,6,19,2,90,0,0,2,0,2,63,6,21,2,92,0,0,0,92
03/26/2020,DSM,IA,ACE,CE,Combined TRACON& Tower with Radar,54,6,24,2,86,0,0,6,0,6,54,6,30,2,92,28,0,28,120
03/27/2020,DSM,IA,ACE,CE,Combined TRACON& Tower with Radar,64,6,11,0,81,0,0,1,0,1,64,6,12,0,82,0,0,0,82
03/28/2020,DSM,IA,ACE,CE,Combined TRACON& Tower with Radar,47,8,4,0,59,0,0,0,0,0,47,8,4,0,59,0,0,0,59
03/29/2020,DSM,IA,ACE,CE,Combined TRACON& Tower with Radar,52,5,8,0,65,0,0,3,0,3,52,5,11,0,68,0,0,0,68
03/30/2020,DSM,IA,ACE,CE,Combined TRACON& Tower with Radar,53,5,20,0,78,0,1,43,2,46,53,6,63,2,124,48,0,48,172
03/31/2020,DSM,IA,ACE,CE,Combined TRACON& Tower with Radar,60,5,21,2,88,0,2,27,0,29,60,7,48,2,117,8,0,8,125
04/01/2020,DSM,IA,ACE,CE,Combined TRACON& Tower with Radar,55,4,16,2,77,0,2,12,0,14,55,6,28,2,91,16,0,16,107
04/02/2020,DSM,IA,ACE,CE,Combined TRACON& Tower with Radar,56,6,16,2,80,0,0,9,0,9,56,6,25,2,89,28,2,30,119
04/03/2020,DSM,IA,ACE,CE,Combined TRACON& Tower with Radar,45,5,6,0,56,0,1,0,0,1,45,6,6,0,57,0,0,0,57
04/04/2020,DSM,IA,ACE,CE,Combined TRACON& Tower with Radar,41,4,16,0,61,0,0,17,0,17,41,4,33,0,78,24,0,24,102
04/05/2020,DSM,IA,ACE,CE,Combined TRACON& Tower with Radar,45,7,8,0,60,0,0,22,0,22,45,7,30,0,82,6,0,6,88
04/06/2020,DSM,IA,ACE,CE,Combined TRACON& Tower with Radar,42,2,17,3,64,0,0,0,0,0,42,2,17,3,64,0,0,0,64
04/07/2020,DSM,IA,ACE,CE,Combined TRACON& Tower with Radar,42,4,18,0,64,0,0,12,0,12,42,4,30,0,76,0,0,0,76
04/08/2020,DSM,IA,ACE,CE,Combined TRACON& Tower with Radar,55,0,17,2,74,0,0,9,0,9,55,0,26,2,83,28,0,28,111
04/09/2020,DSM,IA,ACE,CE,Combined TRACON& Tower with Radar,57,6,5,0,68,0,0,9,0,9,57,6,14,0,77,1,0,1,78
04/10/2020,DSM,IA,ACE,CE,Combined TRACON& Tower with Radar,55,0,22,0,77,2,0,27,0,29,57,0,49,0,106,25,0,25,131
04/11/2020,DSM,IA,ACE,CE,Combined TRACON& Tower with Radar,33,2,3,0,38,0,0,3,0,3,33,2,6,0,41,18,0,18,59
04/12/2020,DSM,IA,ACE,CE,Combined TRACON& Tower with Radar,36,0,2,0,38,0,0,0,0,0,36,0,2,0,38,0,0,0,38
04/13/2020,DSM,IA,ACE,CE,Combined TRACON& Tower with Radar,43,0,9,0,52,0,0,5,0,5,43,0,14,0,57,2,0,2,59
04/14/2020,DSM,IA,ACE,CE,Combined TRACON& Tower with Radar,44,0,8,0,52,0,0,14,0,14,44,0,22,0,66,0,0,0,66
04/15/2020,DSM,IA,ACE,CE,Combined TRACON& Tower with Radar,46,0,9,0,55,0,0,6,0,6,46,0,15,0,61,10,0,10,71
04/16/2020,DSM,IA,ACE,CE,Combined TRACON& Tower with Radar,47,4,11,0,62,0,1,12,0,13,47,5,23,0,75,28,0,28,103
04/17/2020,DSM,IA,ACE,CE,Combined TRACON& Tower with Radar,40,0,14,0,54,0,2,8,0,10,40,2,22,0,64,0,0,0,64
04/18/2020,DSM,IA,ACE,CE,Combined TRACON& Tower with Radar,25,3,6,0,34,0,2,6,0,8,25,5,12,0,42,0,0,0,42
04/19/2020,DSM,IA,ACE,CE,Combined TRACON& Tower with Radar,39,0,13,2,54,0,1,43,0,44,39,1,56,2,98,18,0,18,116
04/20/2020,DSM,IA,ACE,CE,Combined TRACON& Tower with Radar,29,1,23,2,55,0,1,11,0,12,29,2,34,2,67,0,0,0,67
04/21/2020,DSM,IA,ACE,CE,Combined TRACON& Tower with Radar,36,2,32,4,74,0,0,51,0,51,36,2,83,4,125,0,0,0,125
04/22/2020,DSM,IA,ACE,CE,Combined TRACON& Tower with Radar,32,0,6,6,44,0,1,11,0,12,32,1,17,6,56,2,6,8,64
04/23/2020,DSM,IA,ACE,CE,Combined TRACON& Tower with Radar,36,6,17,0,59,0,0,40,0,40,36,6,57,0,99,38,0,38,137
04/24/2020,DSM,IA,ACE,CE,Combined TRACON& Tower with Radar,36,2,11,0,49,0,1,5,0,6,36,3,16,0,55,18,0,18,73
04/25/2020,DSM,IA,ACE,CE,Combined TRACON& Tower with Radar,26,3,15,0,44,0,1,17,0,18,26,4,32,0,62,20,0,20,82
04/26/2020,DSM,IA,ACE,CE,Combined TRACON& Tower with Radar,37,1,9,1,48,0,0,24,0,24,37,1,33,1,72,4,0,4,76
04/27/2020,DSM,IA,ACE,CE,Combined TRACON& Tower with Radar,34,0,12,0,46,0,1,12,0,13,34,1,24,0,59,4,0,4,63
04/28/2020,DSM,IA,ACE,CE,Combined TRACON& Tower with Radar,26,0,10,6,42,0,1,8,0,9,26,1,18,6,51,2,12,14,65
04/29/2020,DSM,IA,ACE,CE,Combined TRACON& Tower with Radar,36,0,27,6,69,0,0,2,0,2,36,0,29,6,71,12,6,18,89
04/30/2020,DSM,IA,ACE,CE,Combined TRACON& Tower with Radar,38,3,21,4,66,0,0,38,0,38,38,3,59,4,104,65,14,79,183
05/01/2020,DSM,IA,ACE,CE,Combined TRACON& Tower with Radar,49,6,15,3,73,0,0,11,0,11,49,6,26,3,84,0,4,4,88
05/02/2020,DSM,IA,ACE,CE,Combined TRACON& Tower with Radar,24,4,5,2,35,0,0,17,0,17,24,4,22,2,52,2,0,2,54
05/03/2020,DSM,IA,ACE,CE,Combined TRACON& Tower with Radar,44,1,17,0,62,0,0,29,0,29,44,1,46,0,91,30,0,30,121
05/04/2020,DSM,IA,ACE,CE,Combined TRACON& Tower with Radar,36,2,13,8,59,0,0,6,0,6,36,2,19,8,65,0,0,0,65
05/05/2020,DSM,IA,ACE,CE,Combined TRACON& Tower with Radar,30,2,11,0,43,0,0,3,0,3,30,2,14,0,46,0,0,0,46
05/06/2020,DSM,IA,ACE,CE,Combined TRACON& Tower with Radar,32,2,28,0,62,0,0,19,0,19,32,2,47,0,81,16,0,16,97
05/07/2020,DSM,IA,ACE,CE,Combined TRACON& Tower with Radar,35,6,22,8,71,0,0,24,0,24,35,6,46,8,95,12,22,34,129
05/08/2020,DSM,IA,ACE,CE,Combined TRACON& Tower with Radar,38,0,23,8,69,7,0,18,8,33,45,0,41,16,102,16,22,38,140
05/09/2020,DSM,IA,ACE,CE,Combined TRACON& Tower with Radar,24,6,12,1,43,2,2,17,0,21,26,8,29,1,64,18,0,18,82
05/10/2020,DSM,IA,ACE,CE,Combined TRACON& Tower with Radar,32,3,12,0,47,0,0,6,0,6,32,3,18,0,53,0,0,0,53
05/11/2020,DSM,IA,ACE,CE,Combined TRACON& Tower with Radar,32,0,20,3,55,0,0,32,0,32,32,0,52,3,87,30,0,30,117
05/12/2020,DSM,IA,ACE,CE,Combined TRACON& Tower with Radar,29,0,23,12,64,0,0,43,0,43,29,0,66,12,107,75,16,91,198
05/13/2020,DSM,IA,ACE,CE,Combined TRACON& Tower with Radar,31,4,21,22,78,0,0,1,0,1,31,4,22,22,79,0,52,52,131
05/14/2020,DSM,IA,ACE,CE,Combined TRACON& Tower with Radar,43,4,23,0,70,0,0,0,0,0,43,4,23,0,70,10,0,10,80
05/15/2020,DSM,IA,ACE,CE,Combined TRACON& Tower with Radar,38,2,30,0,70,0,1,39,0,40,38,3,69,0,110,32,0,32,142
05/16/2020,DSM,IA,ACE,CE,Combined TRACON& Tower with Radar,26,4,9,0,39,0,0,19,0,19,26,4,28,0,58,8,0,8,66
05/17/2020,DSM,IA,ACE,CE,Combined TRACON& Tower with Radar,38,4,10,0,52,0,0,2,0,2,38,4,12,0,54,0,0,0,54
05/18/2020,DSM,IA,ACE,CE,Combined TRACON& Tower with Radar,34,2,45,2,83,0,0,3,0,3,34,2,48,2,86,0,0,0,86
05/19/2020,DSM,IA,ACE,CE,Combined TRACON& Tower with Radar,28,2,42,2,74,0,3,1,0,4,28,5,43,2,78,16,0,16,94
05/20/2020,DSM,IA,ACE,CE,Combined TRACON& Tower with Radar,31,7,40,2,80,0,0,1,0,1,31,7,41,2,81,0,0,0,81
05/21/2020,DSM,IA,ACE,CE,Combined TRACON& Tower with Radar,44,4,35,4,87,0,0,3,0,3,44,4,38,4,90,0,0,0,90
05/22/2020,DSM,IA,ACE,CE,Combined TRACON& Tower with Radar,41,10,27,0,78,0,3,4,0,7,41,13,31,0,85,0,0,0,85
05/23/2020,DSM,IA,ACE,CE,Combined TRACON& Tower with Radar,32,6,14,1,53,0,0,8,0,8,32,6,22,1,61,18,0,18,79
05/24/2020,DSM,IA,ACE,CE,Combined TRACON& Tower with Radar,41,2,5,1,49,0,0,1,0,1,41,2,6,1,50,0,0,0,50
05/25/2020,DSM,IA,ACE,CE,Combined TRACON& Tower with Radar,39,5,17,0,61,0,0,4,0,4,39,5,21,0,65,4,0,4,69
05/26/2020,DSM,IA,ACE,CE,Combined TRACON& Tower with Radar,25,2,22,2,51,2,1,4,0,7,27,3,26,2,58,0,0,0,58
05/27/2020,DSM,IA,ACE,CE,Combined TRACON& Tower with Radar,32,2,36,0,70,1,0,17,0,18,33,2,53,0,88,44,0,44,132
05/28/2020,DSM,IA,ACE,CE,Combined TRACON& Tower with Radar,44,3,20,0,67,0,0,7,0,7,44,3,27,0,74,6,0,6,80
05/29/2020,DSM,IA,ACE,CE,Combined TRACON& Tower with Radar,42,2,41,0,85,0,2,33,0,35,42,4,74,0,120,40,0,40,160
05/30/2020,DSM,IA,ACE,CE,Combined TRACON& Tower with Radar,28,5,16,0,49,0,6,39,0,45,28,11,55,0,94,60,0,60,154
05/31/2020,DSM,IA,ACE,CE,Combined TRACON& Tower with Radar,55,2,17,0,74,0,0,25,0,25,55,2,42,0,99,6,0,6,105
06/01/2020,DSM,IA,ACE,CE,Combined TRACON& Tower with Radar,37,1,38,0,76,0,2,9,0,11,37,3,47,0,87,2,0,2,89
06/02/2020,DSM,IA,ACE,CE,Combined TRACON& Tower with Radar,35,4,25,2,66,0,0,14,0,14,35,4,39,2,80,6,0,6,86
06/03/2020,DSM,IA,ACE,CE,Combined TRACON& Tower with Radar,37,1,28,0,66,0,1,35,0,36,37,2,63,0,102,32,0,32,134
06/04/2020,DSM,IA,ACE,CE,Combined TRACON& Tower with Radar,46,3,27,0,76,0,0,20,0,20,46,3,47,0,96,8,0,8,104
06/05/2020,DSM,IA,ACE,CE,Combined TRACON& Tower with Radar,43,3,28,0,74,0,0,25,0,25,43,3,53,0,99,35,0,35,134
06/06/2020,DSM,IA,ACE,CE,Combined TRACON& Tower with Radar,42,4,14,0,60,0,0,17,0,17,42,4,31,0,77,27,0,27,104
06/07/2020,DSM,IA,ACE,CE,Combined TRACON& Tower with Radar,47,4,10,0,61,0,1,18,0,19,47,5,28,0,80,6,0,6,86
06/08/2020,DSM,IA,ACE,CE,Combined TRACON& Tower with Radar,42,8,25,2,77,7,2,28,0,37,49,10,53,2,114,12,0,12,126
06/09/2020,DSM,IA,ACE,CE,Combined TRACON& Tower with Radar,36,4,26,0,66,0,0,3,0,3,36,4,29,0,69,2,0,2,71
06/10/2020,DSM,IA,ACE,CE,Combined TRACON& Tower with Radar,36,11,22,2,71,0,0,3,0,3,36,11,25,2,74,0,0,0,74
06/11/2020,DSM,IA,ACE,CE,Combined TRACON& Tower with Radar,50,5,44,0,99,2,2,31,0,35,52,7,75,0,134,20,0,20,154
06/12/2020,DSM,IA,ACE,CE,Combined TRACON& Tower with Radar,46,10,32,0,88,0,0,47,0,47,46,10,79,0,135,42,0,42,177
06/13/2020,DSM,IA,ACE,CE,Combined TRACON& Tower with Radar,40,9,7,0,56,0,0,42,0,42,40,9,49,0,98,50,0,50,148
06/14/2020,DSM,IA,ACE,CE,Combined TRACON& Tower with Radar,47,2,17,0,66,0,0,12,0,12,47,2,29,0,78,0,0,0,78
06/15/2020,DSM,IA,ACE,CE,Combined TRACON& Tower with Radar,42,2,25,0,69,0,0,16,0,16,42,2,41,0,85,10,0,10,95
06/16/2020,DSM,IA,ACE,CE,Combined TRACON& Tower with Radar,36,7,37,0,80,0,1,31,0,32,36,8,68,0,112,24,0,24,136
06/17/2020,DSM,IA,ACE,CE,Combined TRACON& Tower with Radar,36,7,24,0,67,0,0,21,0,21,36,7,45,0,88,0,0,0,88
06/18/2020,DSM,IA,ACE,CE,Combined TRACON& Tower with Radar,50,5,40,0,95,0,0,13,0,13,50,5,53,0,108,8,0,8,116
06/19/2020,DSM,IA,ACE,CE,Combined TRACON& Tower with Radar,46,6,30,0,82,0,0,3,0,3,46,6,33,0,85,4,0,4,89
06/20/2020,DSM,IA,ACE,CE,Combined TRACON& Tower with Radar,42,6,21,0,69,0,0,4,0,4,42,6,25,0,73,0,0,0,73
06/21/2020,DSM,IA,ACE,CE,Combined TRACON& Tower with Radar,50,5,23,0,78,0,0,7,0,7,50,5,30,0,85,0,0,0,85
06/22/2020,DSM,IA,ACE,CE,Combined TRACON& Tower with Radar,42,6,27,0,75,0,2,11,0,13,42,8,38,0,88,46,0,46,134
06/23/2020,DSM,IA,ACE,CE,Combined TRACON& Tower with Radar,38,5,40,0,83,1,0,57,0,58,39,5,97,0,141,48,0,48,189
06/24/2020,DSM,IA,ACE,CE,Combined TRACON& Tower with Radar,38,6,46,2,92,0,0,38,0,38,38,6,84,2,130,14,0,14,144
06/25/2020,DSM,IA,ACE,CE,Combined TRACON& Tower with Radar,50,6,47,1,104,0,1,34,0,35,50,7,81,1,139,44,0,44,183
06/26/2020,DSM,IA,ACE,CE,Combined TRACON& Tower with Radar,45,3,31,5,84,0,0,5,5,10,45,3,36,10,94,34,10,44,138
06/27/2020,DSM,IA,ACE,CE,Combined TRACON& Tower with Radar,44,5,13,0,62,0,2,19,0,21,44,7,32,0,83,30,0,30,113
06/28/2020,DSM,IA,ACE,CE,Combined TRACON& Tower with Radar,45,6,18,0,69,0,0,7,0,7,45,6,25,0,76,10,0,10,86
06/29/2020,DSM,IA,ACE,CE,Combined TRACON& Tower with Radar,42,3,32,0,77,0,1,12,0,13,42,4,44,0,90,18,0,18,108
06/30/2020,DSM,IA,ACE,CE,Combined TRACON& Tower with Radar,36,3,39,0,78,0,0,11,0,11,36,3,50,0,89,24,0,24,113
07/01/2020,DSM,IA,ACE,CE,Combined TRACON& Tower with Radar,41,9,40,4,94,0,1,21,5,27,41,10,61,9,121,14,12,26,147
07/02/2020,DSM,IA,ACE,CE,Combined TRACON& Tower with Radar,63,5,31,0,99,0,2,18,0,20,63,7,49,0,119,0,0,0,119
07/03/2020,DSM,IA,ACE,CE,Combined TRACON& Tower with Radar,49,2,16,0,67,0,0,16,0,16,49,2,32,0,83,13,0,13,96
07/04/2020,DSM,IA,ACE,CE,Combined TRACON& Tower with Radar,44,2,11,0,57,0,4,17,0,21,44,6,28,0,78,0,0,0,78
07/05/2020,DSM,IA,ACE,CE,Combined TRACON& Tower with Radar,48,6,21,0,75,0,0,10,0,10,48,6,31,0,85,15,0,15,100
07/06/2020,DSM,IA,ACE,CE,Combined TRACON& Tower with Radar,55,3,30,0,88,0,0,17,0,17,55,3,47,0,105,20,0,20,125
07/07/2020,DSM,IA,ACE,CE,Combined TRACON& Tower with Radar,49,1,40,0,90,0,0,25,0,25,49,1,65,0,115,22,0,22,137
07/08/2020,DSM,IA,ACE,CE,Combined TRACON& Tower with Radar,60,2,35,0,97,0,0,33,0,33,60,2,68,0,130,12,0,12,142
07/09/2020,DSM,IA,ACE,CE,Combined TRACON& Tower with Radar,78,7,55,0,140,0,4,9,2,15,78,11,64,2,155,10,0,10,165
07/10/2020,DSM,IA,ACE,CE,Combined TRACON& Tower with Radar,74,8,35,2,119,0,0,31,0,31,74,8,66,2,150,8,0,8,158
07/11/2020,DSM,IA,ACE,CE,Combined TRACON& Tower with Radar,67,3,15,2,87,0,0,28,0,28,67,3,43,2,115,0,0,0,115
07/12/2020,DSM,IA,ACE,CE,Combined TRACON& Tower with Radar,73,5,37,2,117,0,1,39,0,40,73,6,76,2,157,4,0,4,161
07/13/2020,DSM,IA,ACE,CE,Combined TRACON& Tower with Radar,70,2,26,0,98,0,0,25,2,27,70,2,51,2,125,8,0,8,133
07/14/2020,DSM,IA,ACE,CE,Combined TRACON& Tower with Radar,52,6,47,2,107,0,1,19,2,22,52,7,66,4,129,24,0,24,153
07/15/2020,DSM,IA,ACE,CE,Combined TRACON& Tower with Radar,58,12,25,0,95,1,0,9,0,10,59,12,34,0,105,34,0,34,139
07/16/2020,DSM,IA,ACE,CE,Combined TRACON& Tower with Radar,80,5,56,2,143,0,0,41,2,43,80,5,97,4,186,16,0,16,202
07/17/2020,DSM,IA,ACE,CE,Combined TRACON& Tower with Radar,73,4,36,2,115,0,1,33,0,34,73,5,69,2,149,21,0,21,170
07/18/2020,DSM,IA,ACE,CE,Combined TRACON& Tower with Radar,66,11,15,0,92,0,2,9,0,11,66,13,24,0,103,0,0,0,103
07/19/2020,DSM,IA,ACE,CE,Combined TRACON& Tower with Radar,74,9,23,0,106,0,4,27,0,31,74,13,50,0,137,11,0,11,148
07/20/2020,DSM,IA,ACE,CE,Combined TRACON& Tower with Radar,71,6,29,1,107,0,1,19,2,22,71,7,48,3,129,16,4,20,149
07/21/2020,DSM,IA,ACE,CE,Combined TRACON& Tower with Radar,54,5,42,4,105,0,0,8,0,8,54,5,50,4,113,4,0,4,117
07/22/2020,DSM,IA,ACE,CE,Combined TRACON& Tower with Radar,59,10,54,19,142,0,0,32,1,33,59,10,86,20,175,10,10,20,195
07/23/2020,DSM,IA,ACE,CE,Combined TRACON& Tower with Radar,78,5,34,4,121,0,2,28,0,30,78,7,62,4,151,22,0,22,173
07/24/2020,DSM,IA,ACE,CE,Combined TRACON& Tower with Radar,75,7,34,2,118,0,3,19,0,22,75,10,53,2,140,14,0,14,154
07/25/2020,DSM,IA,ACE,CE,Combined TRACON& Tower with Radar,64,7,15,0,86,0,0,30,0,30,64,7,45,0,116,42,0,42,158
07/26/2020,DSM,IA,ACE,CE,Combined TRACON& Tower with Radar,73,5,29,0,107,0,1,8,0,9,73,6,37,0,116,0,0,0,116
07/27/2020,DSM,IA,ACE,CE,Combined TRACON& Tower with Radar,70,10,42,2,124,0,1,17,0,18,70,11,59,2,142,42,0,42,184
07/28/2020,DSM,IA,ACE,CE,Combined TRACON& Tower with Radar,52,8,26,0,86,0,0,16,0,16,52,8,42,0,102,24,0,24,126
07/29/2020,DSM,IA,ACE,CE,Combined TRACON& Tower with Radar,61,6,45,4,116,0,0,26,0,26,61,6,71,4,142,43,0,43,185
07/30/2020,DSM,IA,ACE,CE,Combined TRACON& Tower with Radar,76,6,32,1,115,0,0,22,1,23,76,6,54,2,138,11,0,11,149
07/31/2020,DSM,IA,ACE,CE,Combined TRACON& Tower with Radar,69,3,35,8,115,0,2,41,0,43,69,5,76,8,158,56,0,56,214
08/01/2020,DSM,IA,ACE,CE,Combined TRACON& Tower with Radar,72,4,17,0,93,0,0,30,0,30,72,4,47,0,123,32,0,32,155
08/02/2020,DSM,IA,ACE,CE,Combined TRACON& Tower with Radar,81,8,10,0,99,0,1,5,0,6,81,9,15,0,105,8,0,8,113
08/03/2020,DSM,IA,ACE,CE,Combined TRACON& Tower with Radar,77,1,48,5,131,0,1,27,0,28,77,2,75,5,159,10,0,10,169
08/04/2020,DSM,IA,ACE,CE,Combined TRACON& Tower with Radar,67,3,36,5,111,0,3,34,2,39,67,6,70,7,150,36,0,36,186
08/05/2020,DSM,IA,ACE,CE,Combined TRACON& Tower with Radar,65,7,44,2,118,0,0,20,0,20,65,7,64,2,138,18,0,18,156
08/06/2020,DSM,IA,ACE,CE,Combined TRACON& Tower with Radar,84,3,32,0,119,1,0,12,0,13,85,3,44,0,132,0,0,0,132
08/07/2020,DSM,IA,ACE,CE,Combined TRACON& Tower with Radar,77,1,30,2,110,1,1,17,0,19,78,2,47,2,129,3,0,3,132
08/08/2020,DSM,IA,ACE,CE,Combined TRACON& Tower with Radar,75,8,14,0,97,0,0,14,0,14,75,8,28,0,111,0,0,0,111
08/09/2020,DSM,IA,ACE,CE,Combined TRACON& Tower with Radar,82,4,20,0,106,0,3,22,0,25,82,7,42,0,131,14,0,14,145
08/10/2020,DSM,IA,ACE,CE,Combined TRACON& Tower with Radar,67,6,18,4,95,0,0,10,5,15,67,6,28,9,110,0,4,4,114
08/11/2020,DSM,IA,ACE,CE,Combined TRACON& Tower with Radar,66,12,29,28,135,0,1,29,0,30,66,13,58,28,165,44,50,94,259
08/12/2020,DSM,IA,ACE,CE,Combined TRACON& Tower with Radar,70,8,49,2,129,0,0,9,2,11,70,8,58,4,140,0,0,0,140
08/13/2020,DSM,IA,ACE,CE,Combined TRACON& Tower with Radar,85,13,32,9,139,0,0,10,9,19,85,13,42,18,158,0,2,2,160
08/14/2020,DSM,IA,ACE,CE,Combined TRACON& Tower with Radar,81,9,25,2,117,1,5,26,2,34,82,14,51,4,151,18,0,18,169
08/15/2020,DSM,IA,ACE,CE,Combined TRACON& Tower with Radar,72,6,19,2,99,0,1,38,0,39,72,7,57,2,138,0,0,0,138
08/16/2020,DSM,IA,ACE,CE,Combined TRACON& Tower with Radar,83,8,24,0,115,1,0,28,0,29,84,8,52,0,144,32,0,32,176
08/17/2020,DSM,IA,ACE,CE,Combined TRACON& Tower with Radar,74,6,41,5,126,0,1,25,1,27,74,7,66,6,153,12,10,22,175
08/18/2020,DSM,IA,ACE,CE,Combined TRACON& Tower with Radar,64,2,31,1,98,0,4,28,1,33,64,6,59,2,131,14,0,14,145
08/19/2020,DSM,IA,ACE,CE,Combined TRACON& Tower with Radar,64,5,45,6,120,0,0,37,2,39,64,5,82,8,159,50,0,50,209
08/20/2020,DSM,IA,ACE,CE,Combined TRACON& Tower with Radar,78,5,34,0,117,0,3,31,0,34,78,8,65,0,151,14,0,14,165
08/21/2020,DSM,IA,ACE,CE,Combined TRACON& Tower with Radar,75,6,29,2,112,0,1,24,0,25,75,7,53,2,137,16,0,16,153
08/22/2020,DSM,IA,ACE,CE,Combined TRACON& Tower with Radar,64,4,24,0,92,0,0,21,0,21,64,4,45,0,113,4,0,4,117
08/23/2020,DSM,IA,ACE,CE,Combined TRACON& Tower with Radar,77,5,21,0,103,0,1,38,0,39,77,6,59,0,142,12,0,12,154
08/24/2020,DSM,IA,ACE,CE,Combined TRACON& Tower with Radar,72,1,34,9,116,0,0,26,1,27,72,1,60,10,143,24,0,24,167
08/25/2020,DSM,IA,ACE,CE,Combined TRACON& Tower with Radar,62,4,24,14,104,0,0,18,0,18,62,4,42,14,122,6,12,18,140
08/26/2020,DSM,IA,ACE,CE,Combined TRACON& Tower with Radar,61,15,39,0,115,7,5,23,2,37,68,20,62,2,152,11,0,11,163
08/27/2020,DSM,IA,ACE,CE,Combined TRACON& Tower with Radar,78,8,45,15,146,4,0,43,3,50,82,8,88,18,196,8,22,30,226
08/28/2020,DSM,IA,ACE,CE,Combined TRACON& Tower with Radar,77,2,28,1,108,0,3,17,1,21,77,5,45,2,129,0,0,0,129
08/29/2020,DSM,IA,ACE,CE,Combined TRACON& Tower with Radar,65,2,17,0,84,0,0,27,0,27,65,2,44,0,111,2,0,2,113
08/30/2020,DSM,IA,ACE,CE,Combined TRACON& Tower with Radar,75,6,25,0,106,0,2,36,0,38,75,8,61,0,144,8,0,8,152
08/31/2020,DSM,IA,ACE,CE,Combined TRACON& Tower with Radar,74,6,35,0,115,0,0,12,0,12,74,6,47,0,127,4,0,4,131
09/01/2020,DSM,IA,ACE,CE,Combined TRACON& Tower with Radar,62,3,30,0,95,0,0,9,0,9,62,3,39,0,104,0,0,0,104
09/02/2020,DSM,IA,ACE,CE,Combined TRACON& Tower with Radar,62,1,37,0,100,0,3,36,0,39,62,4,73,0,139,28,0,28,167
09/03/2020,DSM,IA,ACE,CE,Combined TRACON& Tower with Radar,82,4,34,4,124,0,2,27,2,31,82,6,61,6,155,6,6,12,167
09/04/2020,DSM,IA,ACE,CE,Combined TRACON& Tower with Radar,81,5,46,0,132,0,4,31,0,35,81,9,77,0,167,26,0,26,193
09/05/2020,DSM,IA,ACE,CE,Combined TRACON& Tower with Radar,53,7,17,0,77,0,5,20,0,25,53,12,37,0,102,13,0,13,115
09/06/2020,DSM,IA,ACE,CE,Combined TRACON& Tower with Radar,62,3,8,0,73,0,0,6,0,6,62,3,14,0,79,4,0,4,83
09/07/2020,DSM,IA,ACE,CE,Combined TRACON& Tower with Radar,65,4,27,0,96,0,0,25,0,25,65,4,52,0,121,24,0,24,145
09/08/2020,DSM,IA,ACE,CE,Combined TRACON& Tower with Radar,61,4,22,0,87,0,1,3,0,4,61,5,25,0,91,0,0,0,91
09/09/2020,DSM,IA,ACE,CE,Combined TRACON& Tower with Radar,62,2,31,1,96,0,0,1,0,1,62,2,32,1,97,0,0,0,97
09/10/2020,DSM,IA,ACE,CE,Combined TRACON& Tower with Radar,72,6,16,0,94,0,0,0,0,0,72,6,16,0,94,0,0,0,94
09/11/2020,DSM,IA,ACE,CE,Combined TRACON& Tower with Radar,77,3,28,2,110,0,0,0,0,0,77,3,28,2,110,0,0,0,110
09/12/2020,DSM,IA,ACE,CE,Combined TRACON& Tower with Radar,61,9,23,0,93,0,2,15,0,17,61,11,38,0,110,38,0,38,148
09/13/2020,DSM,IA,ACE,CE,Combined TRACON& Tower with Radar,74,9,32,2,117,1,2,45,0,48,75,11,77,2,165,4,0,4,169
09/14/2020,DSM,IA,ACE,CE,Combined TRACON& Tower with Radar,68,4,40,0,112,2,0,28,0,30,70,4,68,0,142,17,0,17,159
09/15/2020,DSM,IA,ACE,CE,Combined TRACON& Tower with Radar,60,2,33,1,96,0,1,34,5,40,60,3,67,6,136,24,0,24,160
09/16/2020,DSM,IA,ACE,CE,Combined TRACON& Tower with Radar,65,16,41,13,135,2,1,35,5,43,67,17,76,18,178,10,0,10,188
09/17/2020,DSM,IA,ACE,CE,Combined TRACON& Tower with Radar,72,5,37,7,121,0,2,36,2,40,72,7,73,9,161,24,8,32,193
09/18/2020,DSM,IA,ACE,CE,Combined TRACON& Tower with Radar,75,5,29,0,109,0,1,36,4,41,75,6,65,4,150,63,0,63,213
09/19/2020,DSM,IA,ACE,CE,Combined TRACON& Tower with Radar,61,8,23,0,92,0,2,31,0,33,61,10,54,0,125,22,0,22,147
09/20/2020,DSM,IA,ACE,CE,Combined TRACON& Tower with Radar,72,4,24,0,100,0,0,12,0,12,72,4,36,0,112,6,0,6,118
09/21/2020,DSM,IA,ACE,CE,Combined TRACON& Tower with Radar,68,5,22,0,95,0,2,27,2,31,68,7,49,2,126,2,0,2,128
09/22/2020,DSM,IA,ACE,CE,Combined TRACON& Tower with Radar,60,5,41,5,111,0,0,45,8,53,60,5,86,13,164,46,0,46,210
09/23/2020,DSM,IA,ACE,CE,Combined TRACON& Tower with Radar,64,16,31,25,136,0,8,27,9,44,64,24,58,34,180,18,22,40,220
09/24/2020,DSM,IA,ACE,CE,Combined TRACON& Tower with Radar,73,2,42,0,117,2,0,29,2,33,75,2,71,2,150,0,0,0,150
09/25/2020,DSM,IA,ACE,CE,Combined TRACON& Tower with Radar,77,6,38,0,121,0,0,11,2,13,77,6,49,2,134,2,0,2,136
09/26/2020,DSM,IA,ACE,CE,Combined TRACON& Tower with Radar,64,6,19,0,89,1,0,18,0,19,65,6,37,0,108,12,0,12,120
09/27/2020,DSM,IA,ACE,CE,Combined TRACON& Tower with Radar,72,2,18,0,92,0,0,7,0,7,72,2,25,0,99,2,0,2,101
09/28/2020,DSM,IA,ACE,CE,Combined TRACON& Tower with Radar,67,2,50,12,131,0,1,15,2,18,67,3,65,14,149,16,4,20,169
09/29/2020,DSM,IA,ACE,CE,Combined TRACON& Tower with Radar,64,6,55,4,129,0,2,35,2,39,64,8,90,6,168,12,20,32,200
09/30/2020,DSM,IA,ACE,CE,Combined TRACON& Tower with Radar,66,4,41,1,112,0,4,10,2,16,66,8,51,3,128,2,0,2,130
10/01/2020,DSM,IA,ACE,CE,Combined TRACON& Tower with Radar,79,6,49,20,154,0,2,17,2,21,79,8,66,22,175,0,32,32,207
10/02/2020,DSM,IA,ACE,CE,Combined TRACON& Tower with Radar,78,7,47,0,132,0,1,46,2,49,78,8,93,2,181,24,0,24,205
10/03/2020,DSM,IA,ACE,CE,Combined TRACON& Tower with Radar,60,10,12,0,82,0,0,7,0,7,60,10,19,0,89,0,0,0,89
10/04/2020,DSM,IA,ACE,CE,Combined TRACON& Tower with Radar,82,4,32,0,118,0,3,49,1,53,82,7,81,1,171,2,0,2,173
10/05/2020,DSM,IA,ACE,CE,Combined TRACON& Tower with Radar,70,4,34,1,109,0,4,11,1,16,70,8,45,2,125,2,0,2,127
10/06/2020,DSM,IA,ACE,CE,Combined TRACON& Tower with Radar,56,0,39,3,98,0,2,35,1,38,56,2,74,4,136,6,0,6,142
10/07/2020,DSM,IA,ACE,CE,Combined TRACON& Tower with Radar,55,5,34,2,96,0,0,32,4,36,55,5,66,6,132,10,0,10,142
10/08/2020,DSM,IA,ACE,CE,Combined TRACON& Tower with Radar,77,9,39,4,129,0,0,22,6,28,77,9,61,10,157,18,14,32,189
10/09/2020,DSM,IA,ACE,CE,Combined TRACON& Tower with Radar,76,7,40,0,123,0,0,17,0,17,76,7,57,0,140,16,0,16,156
10/10/2020,DSM,IA,ACE,CE,Combined TRACON& Tower with Radar,52,12,21,0,85,0,3,26,0,29,52,15,47,0,114,10,0,10,124
10/11/2020,DSM,IA,ACE,CE,Combined TRACON& Tower with Radar,78,9,23,0,110,0,1,22,0,23,78,10,45,0,133,8,0,8,141
10/12/2020,DSM,IA,ACE,CE,Combined TRACON& Tower with Radar,66,17,41,2,126,0,0,15,0,15,66,17,56,2,141,28,0,28,169
10/13/2020,DSM,IA,ACE,CE,Combined TRACON& Tower with Radar,61,6,55,2,124,0,2,26,4,32,61,8,81,6,156,34,0,34,190
10/14/2020,DSM,IA,ACE,CE,Combined TRACON& Tower with Radar,61,6,41,8,116,0,2,10,6,18,61,8,51,14,134,0,10,10,144
10/15/2020,DSM,IA,ACE,CE,Combined TRACON& Tower with Radar,77,8,49,4,138,0,0,20,0,20,77,8,69,4,158,18,0,18,176
10/16/2020,DSM,IA,ACE,CE,Combined TRACON& Tower with Radar,75,11,33,2,121,0,0,24,0,24,75,11,57,2,145,2,0,2,147
10/17/2020,DSM,IA,ACE,CE,Combined TRACON& Tower with Radar,52,15,22,0,89,0,0,8,0,8,52,15,30,0,97,0,0,0,97
10/18/2020,DSM,IA,ACE,CE,Combined TRACON& Tower with Radar,78,9,31,2,120,0,1,16,0,17,78,10,47,2,137,8,0,8,145
10/19/2020,DSM,IA,ACE,CE,Combined TRACON& Tower with Radar,69,10,34,0,113,0,0,5,0,5,69,10,39,0,118,0,0,0,118
10/20/2020,DSM,IA,ACE,CE,Combined TRACON& Tower with Radar,58,9,24,0,91,0,0,0,0,0,58,9,24,0,91,0,0,0,91
10/21/2020,DSM,IA,ACE,CE,Combined TRACON& Tower with Radar,60,4,41,0,105,0,0,14,2,16,60,4,55,2,121,28,0,28,149
10/22/2020,DSM,IA,ACE,CE,Combined TRACON& Tower with Radar,82,9,15,2,108,0,0,0,0,0,82,9,15,2,108,0,0,0,108
10/23/2020,DSM,IA,ACE,CE,Combined TRACON& Tower with Radar,78,7,37,2,124,0,6,3,0,9,78,13,40,2,133,4,0,4,137
10/24/2020,DSM,IA,ACE,CE,Combined TRACON& Tower with Radar,55,14,33,0,102,0,0,34,0,34,55,14,67,0,136,16,0,16,152
10/25/2020,DSM,IA,ACE,CE,Combined TRACON& Tower with Radar,72,11,13,0,96,0,0,6,0,6,72,11,19,0,102,10,0,10,112
10/26/2020,DSM,IA,ACE,CE,Combined TRACON& Tower with Radar,65,9,28,2,104,0,0,16,0,16,65,9,44,2,120,12,4,16,136
10/27/2020,DSM,IA,ACE,CE,Combined TRACON& Tower with Radar,56,6,37,4,103,0,0,33,2,35,56,6,70,6,138,18,0,18,156
10/28/2020,DSM,IA,ACE,CE,Combined TRACON& Tower with Radar,56,3,48,7,114,0,0,50,6,56,56,3,98,13,170,10,4,14,184
10/29/2020,DSM,IA,ACE,CE,Combined TRACON& Tower with Radar,71,7,32,12,122,0,0,10,2,12,71,7,42,14,134,2,4,6,140
10/30/2020,DSM,IA,ACE,CE,Combined TRACON& Tower with Radar,71,10,35,3,119,0,1,31,3,35,71,11,66,6,154,5,0,5,159
10/31/2020,DSM,IA,ACE,CE,Combined TRACON& Tower with Radar,41,8,23,0,72,0,0,12,0,12,41,8,35,0,84,0,0,0,84
11/01/2020,DSM,IA,ACE,CE,Combined TRACON& Tower with Radar,65,8,18,0,91,2,1,12,0,15,67,9,30,0,106,6,0,6,112
11/02/2020,DSM,IA,ACE,CE,Combined TRACON& Tower with Radar,65,8,27,9,109,0,2,29,5,36,65,10,56,14,145,13,24,37,182
11/03/2020,DSM,IA,ACE,CE,Combined TRACON& Tower with Radar,55,7,16,2,80,0,3,26,2,31,55,10,42,4,111,32,0,32,143
11/04/2020,DSM,IA,ACE,CE,Combined TRACON& Tower with Radar,52,13,33,4,102,0,0,47,4,51,52,13,80,8,153,40,12,52,205
11/05/2020,DSM,IA,ACE,CE,Combined TRACON& Tower with Radar,71,14,42,1,128,0,2,53,1,56,71,16,95,2,184,46,0,46,230
11/06/2020,DSM,IA,ACE,CE,Combined TRACON& Tower with Radar,75,11,41,0,127,0,2,42,0,44,75,13,83,0,171,28,0,28,199
11/07/2020,DSM,IA,ACE,CE,Combined TRACON& Tower with Radar,58,10,7,0,75,0,4,19,0,23,58,14,26,0,98,0,0,0,98
11/08/2020,DSM,IA,ACE,CE,Combined TRACON& Tower with Radar,73,10,22,0,105,0,4,17,0,21,73,14,39,0,126,4,0,4,130
11/09/2020,DSM,IA,ACE,CE,Combined TRACON& Tower with Radar,67,11,30,4,112,0,1,4,0,5,67,12,34,4,117,0,0,0,117
11/10/2020,DSM,IA,ACE,CE,Combined TRACON& Tower with Radar,52,9,20,0,81,0,0,2,0,2,52,9,22,0,83,0,0,0,83
11/11/2020,DSM,IA,ACE,CE,Combined TRACON& Tower with Radar,56,10,42,2,110,0,1,39,0,40,56,11,81,2,150,35,0,35,185
11/12/2020,DSM,IA,ACE,CE,Combined TRACON& Tower with Radar,71,12,24,2,109,0,3,19,3,25,71,15,43,5,134,19,0,19,153
11/13/2020,DSM,IA,ACE,CE,Combined TRACON& Tower with Radar,73,12,45,2,132,0,1,40,0,41,73,13,85,2,173,6,0,6,179
11/14/2020,DSM,IA,ACE,CE,Combined TRACON& Tower with Radar,61,10,12,0,83,0,1,4,1,6,61,11,16,1,89,2,0,2,91
11/15/2020,DSM,IA,ACE,CE,Combined TRACON& Tower with Radar,71,6,13,0,90,0,0,2,0,2,71,6,15,0,92,0,0,0,92
11/16/2020,DSM,IA,ACE,CE,Combined TRACON& Tower with Radar,66,4,37,2,109,0,5,19,0,24,66,9,56,2,133,2,0,2,135
11/17/2020,DSM,IA,ACE,CE,Combined TRACON& Tower with Radar,53,8,42,16,119,0,2,29,0,31,53,10,71,16,150,28,0,28,178
11/18/2020,DSM,IA,ACE,CE,Combined TRACON& Tower with Radar,59,7,39,1,106,0,1,4,1,6,59,8,43,2,112,0,0,0,112
11/19/2020,DSM,IA,ACE,CE,Combined TRACON& Tower with Radar,68,4,47,2,121,1,0,32,0,33,69,4,79,2,154,36,0,36,190
11/20/2020,DSM,IA,ACE,CE,Combined TRACON& Tower with Radar,78,6,39,2,125,0,1,37,0,38,78,7,76,2,163,19,0,19,182
11/21/2020,DSM,IA,ACE,CE,Combined TRACON& Tower with Radar,60,12,35,1,108,0,0,39,0,39,60,12,74,1,147,12,0,12,159
11/22/2020,DSM,IA,ACE,CE,Combined TRACON& Tower with Radar,81,8,18,0,107,0,0,26,0,26,81,8,44,0,133,6,0,6,139
11/23/2020,DSM,IA,ACE,CE,Combined TRACON& Tower with Radar,66,4,32,2,104,0,3,11,0,14,66,7,43,2,118,0,0,0,118
11/24/2020,DSM,IA,ACE,CE,Combined TRACON& Tower with Radar,64,11,16,0,91,0,0,0,0,0,64,11,16,0,91,0,0,0,91
11/25/2020,DSM,IA,ACE,CE,Combined TRACON& Tower with Radar,74,9,31,0,114,0,0,1,0,1,74,9,32,0,115,0,0,0,115
11/26/2020,DSM,IA,ACE,CE,Combined TRACON& Tower with Radar,33,2,1,0,36,0,4,19,0,23,33,6,20,0,59,6,0,6,65
11/27/2020,DSM,IA,ACE,CE,Combined TRACON& Tower with Radar,64,1,18,0,83,0,1,42,0,43,64,2,60,0,126,12,0,12,138
11/28/2020,DSM,IA,ACE,CE,Combined TRACON& Tower with Radar,65,6,20,0,91,0,0,36,0,36,65,6,56,0,127,0,0,0,127
11/29/2020,DSM,IA,ACE,CE,Combined TRACON& Tower with Radar,75,8,31,0,114,0,0,13,0,13,75,8,44,0,127,0,0,0,127
11/30/2020,DSM,IA,ACE,CE,Combined TRACON& Tower with Radar,77,6,36,7,126,0,0,21,3,24,77,6,57,10,150,2,6,8,158
12/01/2020,DSM,IA,ACE,CE,Combined TRACON& Tower with Radar,60,8,16,4,88,0,0,24,2,26,60,8,40,6,114,46,4,50,164
12/02/2020,DSM,IA,ACE,CE,Combined TRACON& Tower with Radar,50,5,27,5,87,0,0,26,1,27,50,5,53,6,114,12,0,12,126
12/03/2020,DSM,IA,ACE,CE,Combined TRACON& Tower with Radar,70,8,34,1,113,0,3,32,3,38,70,11,66,4,151,42,4,46,197
12/04/2020,DSM,IA,ACE,CE,Combined TRACON& Tower with Radar,71,2,23,9,105,0,0,30,1,31,71,2,53,10,136,14,6,20,156
12/05/2020,DSM,IA,ACE,CE,Combined TRACON& Tower with Radar,54,11,19,2,86,0,1,27,0,28,54,12,46,2,114,34,0,34,148
12/06/2020,DSM,IA,ACE,CE,Combined TRACON& Tower with Radar,69,10,23,0,102,0,0,2,0,2,69,10,25,0,104,0,0,0,104
12/07/2020,DSM,IA,ACE,CE,Combined TRACON& Tower with Radar,64,3,31,2,100,0,0,3,0,3,64,3,34,2,103,0,0,0,103
12/08/2020,DSM,IA,ACE,CE,Combined TRACON& Tower with Radar,53,4,23,2,82,0,1,16,0,17,53,5,39,2,99,20,0,20,119
12/09/2020,DSM,IA,ACE,CE,Combined TRACON& Tower with Radar,55,7,43,4,109,0,0,41,0,41,55,7,84,4,150,57,0,57,207
12/10/2020,DSM,IA,ACE,CE,Combined TRACON& Tower with Radar,73,8,25,8,114,0,0,51,0,51,73,8,76,8,165,136,0,136,301
12/11/2020,DSM,IA,ACE,CE,Combined TRACON& Tower with Radar,70,7,14,0,91,0,0,1,0,1,70,7,15,0,92,0,0,0,92
12/12/2020,DSM,IA,ACE,CE,Combined TRACON& Tower with Radar,45,16,16,0,77,0,0,1,0,1,45,16,17,0,78,0,0,0,78
12/13/2020,DSM,IA,ACE,CE,Combined TRACON& Tower with Radar,73,10,19,0,102,0,0,6,0,6,73,10,25,0,108,30,0,30,138
12/14/2020,DSM,IA,ACE,CE,Combined TRACON& Tower with Radar,65,8,20,1,94,0,0,24,1,25,65,8,44,2,119,46,8,54,173
12/15/2020,DSM,IA,ACE,CE,Combined TRACON& Tower with Radar,49,5,26,0,80,0,1,12,0,13,49,6,38,0,93,54,0,54,147
12/16/2020,DSM,IA,ACE,CE,Combined TRACON& Tower with Radar,51,11,38,8,108,0,0,17,0,17,51,11,55,8,125,14,6,20,145
12/17/2020,DSM,IA,ACE,CE,Combined TRACON& Tower with Radar,76,13,34,2,125,0,0,1,0,1,76,13,35,2,126,0,0,0,126
12/18/2020,DSM,IA,ACE,CE,Combined TRACON& Tower with Radar,81,11,43,1,136,0,2,13,0,15,81,13,56,1,151,6,0,6,157
12/19/2020,DSM,IA,ACE,CE,Combined TRACON& Tower with Radar,74,14,47,1,136,0,0,8,0,8,74,14,55,1,144,6,0,6,150
12/20/2020,DSM,IA,ACE,CE,Combined TRACON& Tower with Radar,76,7,17,0,100,0,1,33,0,34,76,8,50,0,134,56,0,56,190
12/21/2020,DSM,IA,ACE,CE,Combined TRACON& Tower with Radar,77,8,27,2,114,0,0,10,0,10,77,8,37,2,124,6,0,6,130
12/22/2020,DSM,IA,ACE,CE,Combined TRACON& Tower with Radar,74,7,33,3,117,0,0,22,1,23,74,7,55,4,140,6,0,6,146
12/23/2020,DSM,IA,ACE,CE,Combined TRACON& Tower with Radar,88,9,24,2,123,0,1,0,0,1,88,10,24,2,124,0,4,4,128
12/24/2020,DSM,IA,ACE,CE,Combined TRACON& Tower with Radar,54,6,14,0,74,0,0,4,0,4,54,6,18,0,78,0,0,0,78
12/25/2020,DSM,IA,ACE,CE,Combined TRACON& Tower with Radar,42,3,0,0,45,0,0,9,0,9,42,3,9,0,54,0,0,0,54
12/26/2020,DSM,IA,ACE,CE,Combined TRACON& Tower with Radar,71,17,20,0,108,0,0,29,0,29,71,17,49,0,137,2,0,2,139
12/27/2020,DSM,IA,ACE,CE,Combined TRACON& Tower with Radar,75,8,10,0,93,0,2,6,0,8,75,10,16,0,101,6,0,6,107
12/28/2020,DSM,IA,ACE,CE,Combined TRACON& Tower with Radar,75,7,29,2,113,0,1,28,0,29,75,8,57,2,142,14,0,14,156
12/29/2020,DSM,IA,ACE,CE,Combined TRACON& Tower with Radar,41,9,5,0,55,0,0,0,0,0,41,9,5,0,55,0,0,0,55
12/30/2020,DSM,IA,ACE,CE,Combined TRACON& Tower with Radar,75,8,29,6,118,0,0,4,0,4,75,8,33,6,122,4,18,22,144
12/31/2020,DSM,IA,ACE,CE,Combined TRACON& Tower with Radar,59,6,16,2,83,0,0,10,0,10,59,6,26,2,93,0,0,0,93
01/01/2021,DSM,IA,ACE,CE,Combined TRACON& Tower with Radar,45,4,5,0,54,0,0,0,0,0,45,4,5,0,54,0,0,0,54
01/02/2021,DSM,IA,ACE,CE,Combined TRACON& Tower with Radar,72,22,20,0,114,0,0,5,0,5,72,22,25,0,119,0,0,0,119
01/03/2021,DSM,IA,ACE,CE,Combined TRACON& Tower with Radar,76,12,30,0,118,0,0,15,0,15,76,12,45,0,133,8,0,8,141
01/04/2021,DSM,IA,ACE,CE,Combined TRACON& Tower with Radar,76,9,33,0,118,0,0,9,0,9,76,9,42,0,127,20,0,20,147
01/05/2021,DSM,IA,ACE,CE,Combined TRACON& Tower with Radar,54,10,21,15,100,0,0,28,1,29,54,10,49,16,129,36,20,56,185
01/06/2021,DSM,IA,ACE,CE,Combined TRACON& Tower with Radar,60,12,18,6,96,0,1,5,0,6,60,13,23,6,102,2,16,18,120
01/07/2021,DSM,IA,ACE,CE,Combined TRACON& Tower with Radar,66,13,19,4,102,0,0,4,0,4,66,13,23,4,106,0,0,0,106
01/08/2021,DSM,IA,ACE,CE,Combined TRACON& Tower with Radar,68,12,31,20,131,0,1,2,0,3,68,13,33,20,134,2,2,4,138
01/09/2021,DSM,IA,ACE,CE,Combined TRACON& Tower with Radar,51,11,11,0,73,0,0,1,0,1,51,11,12,0,74,2,0,2,76
01/10/2021,DSM,IA,ACE,CE,Combined TRACON& Tower with Radar,62,20,23,0,105,0,0,2,0,2,62,20,25,0,107,0,0,0,107
01/11/2021,DSM,IA,ACE,CE,Combined TRACON& Tower with Radar,58,5,25,2,90,0,0,31,0,31,58,5,56,2,121,14,0,14,135
01/12/2021,DSM,IA,ACE,CE,Combined TRACON& Tower with Radar,54,9,44,4,111,0,0,34,2,36,54,9,78,6,147,40,0,40,187
01/13/2021,DSM,IA,ACE,CE,Combined TRACON& Tower with Radar,56,4,34,16,110,0,2,39,0,41,56,6,73,16,151,20,24,44,195
01/14/2021,DSM,IA,ACE,CE,Combined TRACON& Tower with Radar,66,8,26,2,102,0,1,0,0,1,66,9,26,2,103,0,0,0,103
01/15/2021,DSM,IA,ACE,CE,Combined TRACON& Tower with Radar,65,9,6,0,80,0,0,0,0,0,65,9,6,0,80,0,0,0,80
01/16/2021,DSM,IA,ACE,CE,Combined TRACON& Tower with Radar,51,15,16,0,82,0,1,2,0,3,51,16,18,0,85,0,0,0,85
01/17/2021,DSM,IA,ACE,CE,Combined TRACON& Tower with Radar,58,7,18,0,83,0,0,5,0,5,58,7,23,0,88,0,0,0,88
01/18/2021,DSM,IA,ACE,CE,Combined TRACON& Tower with Radar,61,4,36,2,103,0,2,24,0,26,61,6,60,2,129,28,6,34,163
01/19/2021,DSM,IA,ACE,CE,Combined TRACON& Tower with Radar,55,3,24,3,85,0,0,7,1,8,55,3,31,4,93,7,4,11,104
01/20/2021,DSM,IA,ACE,CE,Combined TRACON& Tower with Radar,58,6,32,4,100,0,2,22,0,24,58,8,54,4,124,12,4,16,140
01/21/2021,DSM,IA,ACE,CE,Combined TRACON& Tower with Radar,66,3,35,4,108,0,0,43,2,45,66,3,78,6,153,43,4,47,200
01/22/2021,DSM,IA,ACE,CE,Combined TRACON& Tower with Radar,65,8,52,3,128,0,2,49,7,58,65,10,101,10,186,54,6,60,246
01/23/2021,DSM,IA,ACE,CE,Combined TRACON& Tower with Radar,49,9,21,0,79,0,0,20,0,20,49,9,41,0,99,27,0,27,126
01/24/2021,DSM,IA,ACE,CE,Combined TRACON& Tower with Radar,67,6,16,0,89,0,1,2,0,3,67,7,18,0,92,0,0,0,92
01/25/2021,DSM,IA,ACE,CE,Combined TRACON& Tower with Radar,28,4,20,0,52,0,0,2,0,2,28,4,22,0,54,2,0,2,56
01/26/2021,DSM,IA,ACE,CE,Combined TRACON& Tower with Radar,53,7,20,0,80,0,1,6,0,7,53,8,26,0,87,0,0,0,87
01/27/2021,DSM,IA,ACE,CE,Combined TRACON& Tower with Radar,56,5,36,0,97,0,0,8,2,10,56,5,44,2,107,0,0,0,107
01/28/2021,DSM,IA,ACE,CE,Combined TRACON& Tower with Radar,67,10,39,16,132,0,0,30,2,32,67,10,69,18,164,8,14,22,186
01/29/2021,DSM,IA,ACE,CE,Combined TRACON& Tower with Radar,67,12,27,4,110,0,0,27,4,31,67,12,54,8,141,6,30,36,177
01/30/2021,DSM,IA,ACE,CE,Combined TRACON& Tower with Radar,49,13,11,0,73,0,0,1,0,1,49,13,12,0,74,0,0,0,74
01/31/2021,DSM,IA,ACE,CE,Combined TRACON& Tower with Radar,63,15,25,0,103,0,1,0,0,1,63,16,25,0,104,0,0,0,104
02/01/2021,DSM,IA,ACE,CE,Combined TRACON& Tower with Radar,59,4,39,12,114,0,1,6,0,7,59,5,45,12,121,10,24,34,155
02/02/2021,DSM,IA,ACE,CE,Combined TRACON& Tower with Radar,54,5,17,0,76,0,0,0,0,0,54,5,17,0,76,0,0,0,76
02/03/2021,DSM,IA,ACE,CE,Combined TRACON& Tower with Radar,59,1,34,1,95,0,0,26,1,27,59,1,60,2,122,12,1,13,135
02/04/2021,DSM,IA,ACE,CE,Combined TRACON& Tower with Radar,66,8,17,0,91,0,2,0,0,2,66,10,17,0,93,0,0,0,93
02/05/2021,DSM,IA,ACE,CE,Combined TRACON& Tower with Radar,69,17,47,5,138,0,0,17,0,17,69,17,64,5,155,8,14,22,177
02/06/2021,DSM,IA,ACE,CE,Combined TRACON& Tower with Radar,53,12,8,0,73,0,0,0,1,1,53,12,8,1,74,0,0,0,74
02/07/2021,DSM,IA,ACE,CE,Combined TRACON& Tower with Radar,60,10,8,0,78,0,0,3,0,3,60,10,11,0,81,0,0,0,81
02/08/2021,DSM,IA,ACE,CE,Combined TRACON& Tower with Radar,60,9,33,2,104,0,0,10,0,10,60,9,43,2,114,6,0,6,120
02/09/2021,DSM,IA,ACE,CE,Combined TRACON& Tower with Radar,58,3,25,2,88,0,1,8,4,13,58,4,33,6,101,2,14,16,117
02/10/2021,DSM,IA,ACE,CE,Combined TRACON& Tower with Radar,60,12,23,28,123,0,0,18,2,20,60,12,41,30,143,10,18,28,171
02/11/2021,DSM,IA,ACE,CE,Combined TRACON& Tower with Radar,67,10,30,8,115,0,0,6,4,10,67,10,36,12,125,18,8,26,151
02/12/2021,DSM,IA,ACE,CE,Combined TRACON& Tower with Radar,69,14,29,7,119,0,0,7,1,8,69,14,36,8,127,0,2,2,129
02/13/2021,DSM,IA,ACE,CE,Combined TRACON& Tower with Radar,61,4,17,0,82,0,0,6,0,6,61,4,23,0,88,12,0,12,100
02/14/2021,DSM,IA,ACE,CE,Combined TRACON& Tower with Radar,56,11,9,0,76,1,1,6,0,8,57,12,15,0,84,0,0,0,84
02/15/2021,DSM,IA,ACE,CE,Combined TRACON& Tower with Radar,48,10,22,10,90,0,3,7,0,10,48,13,29,10,100,0,18,18,118
02/16/2021,DSM,IA,ACE,CE,Combined TRACON& Tower with Radar,45,10,33,20,108,0,3,7,6,16,45,13,40,26,124,26,22,48,172
02/17/2021,DSM,IA,ACE,CE,Combined TRACON& Tower with Radar,51,16,33,3,103,0,0,4,1,5,51,16,37,4,108,8,10,18,126
02/18/2021,DSM,IA,ACE,CE,Combined TRACON& Tower with Radar,63,14,31,4,112,2,0,10,0,12,65,14,41,4,124,10,0,10,134
02/19/2021,DSM,IA,ACE,CE,Combined TRACON& Tower with Radar,60,10,38,7,115,1,0,23,1,25,61,10,61,8,140,12,12,24,164
02/20/2021,DSM,IA,ACE,CE,Combined TRACON& Tower with Radar,54,12,16,0,82,0,0,25,0,25,54,12,41,0,107,14,0,14,121
02/21/2021,DSM,IA,ACE,CE,Combined TRACON& Tower with Radar,70,12,21,0,103,0,0,0,0,0,70,12,21,0,103,0,0,0,103
02/22/2021,DSM,IA,ACE,CE,Combined TRACON& Tower with Radar,69,19,34,0,122,0,8,18,0,26,69,27,52,0,148,29,0,29,177
02/23/2021,DSM,IA,ACE,CE,Combined TRACON& Tower with Radar,59,8,30,3,100,0,5,24,1,30,59,13,54,4,130,44,8,52,182
02/24/2021,DSM,IA,ACE,CE,Combined TRACON& Tower with Radar,65,4,35,6,110,0,0,8,5,13,65,4,43,11,123,78,0,78,201
02/25/2021,DSM,IA,ACE,CE,Combined TRACON& Tower with Radar,70,9,38,6,123,0,5,34,0,39,70,14,72,6,162,13,0,13,175
02/26/2021,DSM,IA,ACE,CE,Combined TRACON& Tower with Radar,73,9,37,3,122,0,2,21,0,23,73,11,58,3,145,54,0,54,199
02/27/2021,DSM,IA,ACE,CE,Combined TRACON& Tower with Radar,65,6,19,0,90,0,2,54,0,56,65,8,73,0,146,24,0,24,170
02/28/2021,DSM,IA,ACE,CE,Combined TRACON& Tower with Radar,74,6,9,0,89,0,0,2,0,2,74,6,11,0,91,0,0,0,91
03/01/2021,DSM,IA,ACE,CE,Combined TRACON& Tower with Radar,65,12,35,0,112,0,0,20,0,20,65,12,55,0,132,24,0,24,156
03/02/2021,DSM,IA,ACE,CE,Combined TRACON& Tower with Radar,59,13,33,1,106,0,0,9,0,9,59,13,42,1,115,4,0,4,119
03/03/2021,DSM,IA,ACE,CE,Combined TRACON& Tower with Radar,66,5,39,8,118,0,3,38,0,41,66,8,77,8,159,33,6,39,198
03/04/2021,DSM,IA,ACE,CE,Combined TRACON& Tower with Radar,73,13,46,4,136,0,3,43,0,46,73,16,89,4,182,5,0,5,187
03/05/2021,DSM,IA,ACE,CE,Combined TRACON& Tower with Radar,75,19,41,8,143,0,4,19,4,27,75,23,60,12,170,30,24,54,224
03/06/2021,DSM,IA,ACE,CE,Combined TRACON& Tower with Radar,61,11,14,0,86,0,1,50,0,51,61,12,64,0,137,30,0,30,167
03/07/2021,DSM,IA,ACE,CE,Combined TRACON& Tower with Radar,77,6,19,0,102,0,0,10,0,10,77,6,29,0,112,18,0,18,130
03/08/2021,DSM,IA,ACE,CE,Combined TRACON& Tower with Radar,73,15,28,12,128,0,0,26,0,26,73,15,54,12,154,48,2,50,204
03/09/2021,DSM,IA,ACE,CE,Combined TRACON& Tower with Radar,63,7,33,2,105,0,4,15,0,19,63,11,48,2,124,8,2,10,134
03/10/2021,DSM,IA,ACE,CE,Combined TRACON& Tower with Radar,74,14,35,2,125,0,0,3,0,3,74,14,38,2,128,0,0,0,128
03/11/2021,DSM,IA,ACE,CE,Combined TRACON& Tower with Radar,78,12,45,11,146,0,0,30,1,31,78,12,75,12,177,4,4,8,185
03/12/2021,DSM,IA,ACE,CE,Combined TRACON& Tower with Radar,79,16,60,4,159,0,1,33,0,34,79,17,93,4,193,74,2,76,269
03/13/2021,DSM,IA,ACE,CE,Combined TRACON& Tower with Radar,66,22,35,0,123,0,0,29,0,29,66,22,64,0,152,34,0,34,186
03/14/2021,DSM,IA,ACE,CE,Combined TRACON& Tower with Radar,68,6,9,0,83,0,2,2,0,4,68,8,11,0,87,0,0,0,87
03/15/2021,DSM,IA,ACE,CE,Combined TRACON& Tower with Radar,69,6,15,0,90,0,0,0,0,0,69,6,15,0,90,0,0,0,90
03/16/2021,DSM,IA,ACE,CE,Combined TRACON& Tower with Radar,65,9,30,1,105,0,0,0,0,0,65,9,30,1,105,28,0,28,133
03/17/2021,DSM,IA,ACE,CE,Combined TRACON& Tower with Radar,74,13,28,0,115,0,0,0,0,0,74,13,28,0,115,0,0,0,115
03/18/2021,DSM,IA,ACE,CE,Combined TRACON& Tower with Radar,76,25,30,0,131,0,5,12,1,18,76,30,42,1,149,24,0,24,173
03/19/2021,DSM,IA,ACE,CE,Combined TRACON& Tower with Radar,81,18,40,0,139,4,1,53,1,59,85,19,93,1,198,72,0,72,270
03/20/2021,DSM,IA,ACE,CE,Combined TRACON& Tower with Radar,74,21,26,0,121,0,0,31,0,31,74,21,57,0,152,12,0,12,164
03/21/2021,DSM,IA,ACE,CE,Combined TRACON& Tower with Radar,74,17,32,0,123,0,1,6,0,7,74,18,38,0,130,0,0,0,130
03/22/2021,DSM,IA,ACE,CE,Combined TRACON& Tower with Radar,72,13,32,4,121,0,1,10,0,11,72,14,42,4,132,12,0,12,144
03/23/2021,DSM,IA,ACE,CE,Combined TRACON& Tower with Radar,64,11,30,5,110,0,0,0,0,0,64,11,30,5,110,0,4,4,114
03/24/2021,DSM,IA,ACE,CE,Combined TRACON& Tower with Radar,68,8,48,12,136,0,0,1,0,1,68,8,49,12,137,0,0,0,137
03/25/2021,DSM,IA,ACE,CE,Combined TRACON& Tower with Radar,73,12,30,10,125,0,0,0,3,3,73,12,30,13,128,2,0,2,130
03/26/2021,DSM,IA,ACE,CE,Combined TRACON& Tower with Radar,75,14,43,2,134,3,1,16,0,20,78,15,59,2,154,16,0,16,170
03/27/2021,DSM,IA,ACE,CE,Combined TRACON& Tower with Radar,62,12,16,3,93,0,0,0,0,0,62,12,16,3,93,0,0,0,93
03/28/2021,DSM,IA,ACE,CE,Combined TRACON& Tower with Radar,71,16,33,0,120,0,0,24,0,24,71,16,57,0,144,46,0,46,190
03/29/2021,DSM,IA,ACE,CE,Combined TRACON& Tower with Radar,73,13,24,2,112,0,0,3,0,3,73,13,27,2,115,0,0,0,115
03/30/2021,DSM,IA,ACE,CE,Combined TRACON& Tower with Radar,62,14,35,6,117,0,0,10,0,10,62,14,45,6,127,20,4,24,151
03/31/2021,DSM,IA,ACE,CE,Combined TRACON& Tower with Radar,64,13,51,6,134,0,2,16,0,18,64,15,67,6,152,0,0,0,152
04/01/2021,DSM,IA,ACE,CE,Combined TRACON& Tower with Radar,74,17,42,14,147,0,1,43,2,46,74,18,85,16,193,79,14,93,286
04/02/2021,DSM,IA,ACE,CE,Combined TRACON& Tower with Radar,75,12,28,6,121,0,0,15,2,17,75,12,43,8,138,0,0,0,138
04/03/2021,DSM,IA,ACE,CE,Combined TRACON& Tower with Radar,55,15,11,0,81,0,0,28,0,28,55,15,39,0,109,30,0,30,139
04/04/2021,DSM,IA,ACE,CE,Combined TRACON& Tower with Radar,70,10,10,0,90,0,0,18,0,18,70,10,28,0,108,18,0,18,126
04/05/2021,DSM,IA,ACE,CE,Combined TRACON& Tower with Radar,70,16,28,0,114,0,0,28,2,30,70,16,56,2,144,30,0,30,174
04/06/2021,DSM,IA,ACE,CE,Combined TRACON& Tower with Radar,58,11,29,4,102,0,1,26,0,27,58,12,55,4,129,18,0,18,147
04/07/2021,DSM,IA,ACE,CE,Combined TRACON& Tower with Radar,64,21,25,2,112,0,4,11,0,15,64,25,36,2,127,12,0,12,139
04/08/2021,DSM,IA,ACE,CE,Combined TRACON& Tower with Radar,74,14,52,22,162,1,1,0,0,2,75,15,52,22,164,0,14,14,178
04/09/2021,DSM,IA,ACE,CE,Combined TRACON& Tower with Radar,78,10,40,1,129,0,0,6,0,6,78,10,46,1,135,6,6,12,147
04/10/2021,DSM,IA,ACE,CE,Combined TRACON& Tower with Radar,59,13,25,0,97,0,0,5,0,5,59,13,30,0,102,0,0,0,102
04/11/2021,DSM,IA,ACE,CE,Combined TRACON& Tower with Radar,68,14,39,0,121,0,5,27,0,32,68,19,66,0,153,34,0,34,187
04/12/2021,DSM,IA,ACE,CE,Combined TRACON& Tower with Radar,70,14,15,3,102,0,1,9,0,10,70,15,24,3,112,0,0,0,112
04/13/2021,DSM,IA,ACE,CE,Combined TRACON& Tower with Radar,65,7,28,2,102,0,0,34,1,35,65,7,62,3,137,12,0,12,149
04/14/2021,DSM,IA,ACE,CE,Combined TRACON& Tower with Radar,60,12,36,4,112,0,2,31,3,36,60,14,67,7,148,26,8,34,182
04/15/2021,DSM,IA,ACE,CE,Combined TRACON& Tower with Radar,78,15,42,8,143,0,2,18,1,21,78,17,60,9,164,20,10,30,194
04/16/2021,DSM,IA,ACE,CE,Combined TRACON& Tower with Radar,75,9,28,10,122,0,1,22,0,23,75,10,50,10,145,44,20,64,209
04/17/2021,DSM,IA,ACE,CE,Combined TRACON& Tower with Radar,56,15,16,0,87,0,0,38,0,38,56,15,54,0,125,46,0,46,171
04/18/2021,DSM,IA,ACE,CE,Combined TRACON& Tower with Radar,75,11,27,2,115,0,2,29,0,31,75,13,56,2,146,48,0,48,194
04/19/2021,DSM,IA,ACE,CE,Combined TRACON& Tower with Radar,68,16,29,0,113,0,0,7,0,7,68,16,36,0,120,0,0,0,120
04/20/2021,DSM,IA,ACE,CE,Combined TRACON& Tower with Radar,64,12,25,24,125,0,2,22,13,37,64,14,47,37,162,17,84,101,263
04/21/2021,DSM,IA,ACE,CE,Combined TRACON& Tower with Radar,60,11,51,4,126,0,0,21,0,21,60,11,72,4,147,18,0,18,165
04/22/2021,DSM,IA,ACE,CE,Combined TRACON& Tower with Radar,80,14,47,6,147,0,3,26,1,30,80,17,73,7,177,28,0,28,205
04/23/2021,DSM,IA,ACE,CE,Combined TRACON& Tower with Radar,75,13,51,6,145,0,0,5,0,5,75,13,56,6,150,42,0,42,192
04/24/2021,DSM,IA,ACE,CE,Combined TRACON& Tower with Radar,52,17,28,0,97,0,0,12,0,12,52,17,40,0,109,22,0,22,131
04/25/2021,DSM,IA,ACE,CE,Combined TRACON& Tower with Radar,73,14,25,0,112,0,2,19,0,21,73,16,44,0,133,6,0,6,139
04/26/2021,DSM,IA,ACE,CE,Combined TRACON& Tower with Radar,67,21,39,2,129,0,1,12,0,13,67,22,51,2,142,1,0,1,143
04/27/2021,DSM,IA,ACE,CE,Combined TRACON& Tower with Radar,64,15,30,11,120,0,2,29,4,35,64,17,59,15,155,36,18,54,209
04/28/2021,DSM,IA,ACE,CE,Combined TRACON& Tower with Radar,59,21,50,0,130,0,1,23,0,24,59,22,73,0,154,20,0,20,174
04/29/2021,DSM,IA,ACE,CE,Combined TRACON& Tower with Radar,78,14,47,8,147,0,0,24,8,32,78,14,71,16,179,19,4,23,202
04/30/2021,DSM,IA,ACE,CE,Combined TRACON& Tower with Radar,76,14,44,1,135,0,4,58,2,64,76,18,102,3,199,76,9,85,284
05/01/2021,DSM,IA,ACE,CE,Combined TRACON& Tower with Radar,57,16,14,0,87,0,0,16,0,16,57,16,30,0,103,0,0,0,103
05/02/2021,DSM,IA,ACE,CE,Combined TRACON& Tower with Radar,73,11,37,0,121,0,0,12,0,12,73,11,49,0,133,0,0,0,133
05/03/2021,DSM,IA,ACE,CE,Combined TRACON& Tower with Radar,67,12,26,1,106,0,0,3,0,3,67,12,29,1,109,6,0,6,115
05/04/2021,DSM,IA,ACE,CE,Combined TRACON& Tower with Radar,64,14,31,14,123,0,1,27,3,31,64,15,58,17,154,14,14,28,182
05/05/2021,DSM,IA,ACE,CE,Combined TRACON& Tower with Radar,64,14,47,8,133,0,0,32,0,32,64,14,79,8,165,54,0,54,219
05/06/2021,DSM,IA,ACE,CE,Combined TRACON& Tower with Radar,87,12,40,0,139,0,0,17,0,17,87,12,57,0,156,4,0,4,160
05/07/2021,DSM,IA,ACE,CE,Combined TRACON& Tower with Radar,85,13,32,0,130,0,0,26,0,26,85,13,58,0,156,26,0,26,182
05/08/2021,DSM,IA,ACE,CE,Combined TRACON& Tower with Radar,59,11,7,1,78,0,0,13,2,15,59,11,20,3,93,14,0,14,107
05/09/2021,DSM,IA,ACE,CE,Combined TRACON& Tower with Radar,86,9,15,1,111,0,1,15,0,16,86,10,30,1,127,24,0,24,151
05/10/2021,DSM,IA,ACE,CE,Combined TRACON& Tower with Radar,77,8,56,2,143,0,1,36,1,38,77,9,92,3,181,22,0,22,203
05/11/2021,DSM,IA,ACE,CE,Combined TRACON& Tower with Radar,67,8,44,2,121,0,0,32,1,33,67,8,76,3,154,16,0,16,170
05/12/2021,DSM,IA,ACE,CE,Combined TRACON& Tower with Radar,70,11,54,16,151,0,0,31,0,31,70,11,85,16,182,18,0,18,200
05/13/2021,DSM,IA,ACE,CE,Combined TRACON& Tower with Radar,91,8,58,6,163,0,2,35,0,37,91,10,93,6,200,20,14,34,234
05/14/2021,DSM,IA,ACE,CE,Combined TRACON& Tower with Radar,89,14,40,4,147,0,0,21,0,21,89,14,61,4,168,58,0,58,226
05/15/2021,DSM,IA,ACE,CE,Combined TRACON& Tower with Radar,58,11,28,0,97,1,4,24,0,29,59,15,52,0,126,55,0,55,181
05/16/2021,DSM,IA,ACE,CE,Combined TRACON& Tower with Radar,84,13,17,0,114,0,0,2,0,2,84,13,19,0,116,0,0,0,116
05/17/2021,DSM,IA,ACE,CE,Combined TRACON& Tower with Radar,83,13,44,22,162,0,1,0,0,1,83,14,44,22,163,4,10,14,177
05/18/2021,DSM,IA,ACE,CE,Combined TRACON& Tower with Radar,76,13,41,2,132,0,2,0,0,2,76,15,41,2,134,0,0,0,134
05/19/2021,DSM,IA,ACE,CE,Combined TRACON& Tower with Radar,75,9,42,0,126,0,1,6,0,7,75,10,48,0,133,0,0,0,133
05/20/2021,DSM,IA,ACE,CE,Combined TRACON& Tower with Radar,94,17,45,2,158,2,0,2,0,4,96,17,47,2,162,2,0,2,164
05/21/2021,DSM,IA,ACE,CE,Combined TRACON& Tower with Radar,91,13,48,4,156,0,0,8,1,9,91,13,56,5,165,14,0,14,179
05/22/2021,DSM,IA,ACE,CE,Combined TRACON& Tower with Radar,62,14,34,0,110,0,0,7,0,7,62,14,41,0,117,8,0,8,125
05/23/2021,DSM,IA,ACE,CE,Combined TRACON& Tower with Radar,85,12,30,1,128,0,0,30,0,30,85,12,60,1,158,36,0,36,194
05/24/2021,DSM,IA,ACE,CE,Combined TRACON& Tower with Radar,80,10,30,14,134,0,0,16,0,16,80,10,46,14,150,11,10,21,171
05/25/2021,DSM,IA,ACE,CE,Combined TRACON& Tower with Radar,80,9,34,6,129,0,0,6,0,6,80,9,40,6,135,0,8,8,143
05/26/2021,DSM,IA,ACE,CE,Combined TRACON& Tower with Radar,76,6,58,8,148,1,4,50,4,59,77,10,108,12,207,31,8,39,246
05/27/2021,DSM,IA,ACE,CE,Combined TRACON& Tower with Radar,90,14,35,0,139,0,2,3,0,5,90,16,38,0,144,17,0,17,161
05/28/2021,DSM,IA,ACE,CE,Combined TRACON& Tower with Radar,86,12,43,0,141,0,0,5,0,5,86,12,48,0,146,36,0,36,182
05/29/2021,DSM,IA,ACE,CE,Combined TRACON& Tower with Radar,68,12,22,0,102,0,0,40,0,40,68,12,62,0,142,67,0,67,209
05/30/2021,DSM,IA,ACE,CE,Combined TRACON& Tower with Radar,73,6,10,0,89,0,0,25,0,25,73,6,35,0,114,0,0,0,114
05/31/2021,DSM,IA,ACE,CE,Combined TRACON& Tower with Radar,79,10,38,0,127,0,0,23,0,23,79,10,61,0,150,18,0,18,168
06/01/2021,DSM,IA,ACE,CE,Combined TRACON& Tower with Radar,78,13,37,0,128,0,4,28,2,34,78,17,65,2,162,46,0,46,208
06/02/2021,DSM,IA,ACE,CE,Combined TRACON& Tower with Radar,80,13,49,0,142,0,0,36,5,41,80,13,85,5,183,128,0,128,311
06/03/2021,DSM,IA,ACE,CE,Combined TRACON& Tower with Radar,90,11,57,6,164,0,0,45,4,49,90,11,102,10,213,32,0,32,245
06/04/2021,DSM,IA,ACE,CE,Combined TRACON& Tower with Radar,89,12,50,1,152,0,0,30,0,30,89,12,80,1,182,22,0,22,204
06/05/2021,DSM,IA,ACE,CE,Combined TRACON& Tower with Radar,81,17,21,1,120,0,0,27,0,27,81,17,48,1,147,112,0,112,259
06/06/2021,DSM,IA,ACE,CE,Combined TRACON& Tower with Radar,93,15,39,2,149,0,0,15,0,15,93,15,54,2,164,18,0,18,182
06/07/2021,DSM,IA,ACE,CE,Combined TRACON& Tower with Radar,80,16,43,4,143,0,2,32,4,38,80,18,75,8,181,60,0,60,241
06/08/2021,DSM,IA,ACE,CE,Combined TRACON& Tower with Radar,91,17,37,2,147,0,2,28,1,31,91,19,65,3,178,28,0,28,206
06/09/2021,DSM,IA,ACE,CE,Combined TRACON& Tower with Radar,92,27,50,0,169,0,1,48,0,49,92,28,98,0,218,14,0,14,232
06/10/2021,DSM,IA,ACE,CE,Combined TRACON& Tower with Radar,94,26,52,1,173,0,3,38,0,41,94,29,90,1,214,50,0,50,264
06/11/2021,DSM,IA,ACE,CE,Combined TRACON& Tower with Radar,93,18,46,2,159,0,4,28,3,35,93,22,74,5,194,64,0,64,258
06/12/2021,DSM,IA,ACE,CE,Combined TRACON& Tower with Radar,76,12,21,0,109,0,2,33,0,35,76,14,54,0,144,18,0,18,162
06/13/2021,DSM,IA,ACE,CE,Combined TRACON& Tower with Radar,91,14,18,2,125,0,0,22,4,26,91,14,40,6,151,18,0,18,169
06/14/2021,DSM,IA,ACE,CE,Combined TRACON& Tower with Radar,89,17,40,1,147,0,0,35,0,35,89,17,75,1,182,16,0,16,198
06/15/2021,DSM,IA,ACE,CE,Combined TRACON& Tower with Radar,92,19,53,7,171,0,2,43,1,46,92,21,96,8,217,50,0,50,267
06/16/2021,DSM,IA,ACE,CE,Combined TRACON& Tower with Radar,91,15,52,8,166,0,0,45,1,46,91,15,97,9,212,26,2,28,240
06/17/2021,DSM,IA,ACE,CE,Combined TRACON& Tower with Radar,94,17,40,2,153,1,1,12,1,15,95,18,52,3,168,26,0,26,194
06/18/2021,DSM,IA,ACE,CE,Combined TRACON& Tower with Radar,96,21,27,3,147,0,0,28,4,32,96,21,55,7,179,0,0,0,179
06/19/2021,DSM,IA,ACE,CE,Combined TRACON& Tower with Radar,79,26,29,1,135,0,0,44,0,44,79,26,73,1,179,34,0,34,213
06/20/2021,DSM,IA,ACE,CE,Combined TRACON& Tower with Radar,97,23,15,0,135,0,0,1,0,1,97,23,16,0,136,0,0,0,136
06/21/2021,DSM,IA,ACE,CE,Combined TRACON& Tower with Radar,88,16,44,0,148,0,3,29,0,32,88,19,73,0,180,16,0,16,196
06/22/2021,DSM,IA,ACE,CE,Combined TRACON& Tower with Radar,91,9,45,2,147,0,2,15,0,17,91,11,60,2,164,33,0,33,197
06/23/2021,DSM,IA,ACE,CE,Combined TRACON& Tower with Radar,93,18,39,3,153,0,3,26,1,30,93,21,65,4,183,24,0,24,207
06/24/2021,DSM,IA,ACE,CE,Combined TRACON& Tower with Radar,94,19,56,5,174,0,1,19,2,22,94,20,75,7,196,14,0,14,210
06/25/2021,DSM,IA,ACE,CE,Combined TRACON& Tower with Radar,92,21,52,1,166,0,0,14,0,14,92,21,66,1,180,18,0,18,198
06/26/2021,DSM,IA,ACE,CE,Combined TRACON& Tower with Radar,86,16,20,0,122,0,1,4,0,5,86,17,24,0,127,8,0,8,135
06/27/2021,DSM,IA,ACE,CE,Combined TRACON& Tower with Radar,91,14,40,0,145,0,0,26,0,26,91,14,66,0,171,66,0,66,237
06/28/2021,DSM,IA,ACE,CE,Combined TRACON& Tower with Radar,91,17,45,7,160,0,4,36,1,41,91,21,81,8,201,22,2,24,225
06/29/2021,DSM,IA,ACE,CE,Combined TRACON& Tower with Radar,87,18,55,4,164,0,4,26,0,30,87,22,81,4,194,28,0,28,222
06/30/2021,DSM,IA,ACE,CE,Combined TRACON& Tower with Radar,91,22,55,9,177,0,0,47,8,55,91,22,102,17,232,98,1,99,331
07/01/2021,DSM,IA,ACE,CE,Combined TRACON& Tower with Radar,100,27,48,23,198,0,1,29,2,32,100,28,77,25,230,22,6,28,258
07/02/2021,DSM,IA,ACE,CE,Combined TRACON& Tower with Radar,93,13,36,0,142,0,5,32,0,37,93,18,68,0,179,52,0,52,231
07/03/2021,DSM,IA,ACE,CE,Combined TRACON& Tower with Radar,80,19,15,0,114,0,0,26,2,28,80,19,41,2,142,0,0,0,142
07/04/2021,DSM,IA,ACE,CE,Combined TRACON& Tower with Radar,80,7,9,0,96,0,1,23,0,24,80,8,32,0,120,0,0,0,120
07/05/2021,DSM,IA,ACE,CE,Combined TRACON& Tower with Radar,89,15,23,0,127,0,0,37,0,37,89,15,60,0,164,24,0,24,188
07/06/2021,DSM,IA,ACE,CE,Combined TRACON& Tower with Radar,84,12,34,12,142,0,0,29,0,29,84,12,63,12,171,12,6,18,189
07/07/2021,DSM,IA,ACE,CE,Combined TRACON& Tower with Radar,90,21,37,17,165,2,2,4,0,8,92,23,41,17,173,18,20,38,211
07/08/2021,DSM,IA,ACE,CE,Combined TRACON& Tower with Radar,102,22,69,8,201,0,0,30,0,30,102,22,99,8,231,42,7,49,280
07/09/2021,DSM,IA,ACE,CE,Combined TRACON& Tower with Radar,97,16,28,0,141,0,2,9,0,11,97,18,37,0,152,9,0,9,161
07/10/2021,DSM,IA,ACE,CE,Combined TRACON& Tower with Radar,88,17,38,0,143,0,0,4,1,5,88,17,42,1,148,20,0,20,168
07/11/2021,DSM,IA,ACE,CE,Combined TRACON& Tower with Radar,100,15,40,0,155,0,0,15,0,15,100,15,55,0,170,12,0,12,182
07/12/2021,DSM,IA,ACE,CE,Combined TRACON& Tower with Radar,88,17,37,4,146,0,2,30,0,32,88,19,67,4,178,50,10,60,238
07/13/2021,DSM,IA,ACE,CE,Combined TRACON& Tower with Radar,90,14,48,4,156,0,0,32,0,32,90,14,80,4,188,8,0,8,196
07/14/2021,DSM,IA,ACE,CE,Combined TRACON& Tower with Radar,87,24,46,0,157,0,3,16,0,19,87,27,62,0,176,12,0,12,188
07/15/2021,DSM,IA,ACE,CE,Combined TRACON& Tower with Radar,102,20,66,0,188,0,4,28,0,32,102,24,94,0,220,20,0,20,240
07/16/2021,DSM,IA,ACE,CE,Combined TRACON& Tower with Radar,95,20,70,5,190,0,0,33,3,36,95,20,103,8,226,0,0,0,226
07/17/2021,DSM,IA,ACE,CE,Combined TRACON& Tower with Radar,89,20,21,10,140,0,0,26,0,26,89,20,47,10,166,14,0,14,180
07/18/2021,DSM,IA,ACE,CE,Combined TRACON& Tower with Radar,97,17,37,6,157,0,1,32,3,36,97,18,69,9,193,20,0,20,213
07/19/2021,DSM,IA,ACE,CE,Combined TRACON& Tower with Radar,87,21,29,6,143,0,1,36,0,37,87,22,65,6,180,48,8,56,236
07/20/2021,DSM,IA,ACE,CE,Combined TRACON& Tower with Radar,87,20,66,3,176,0,1,47,0,48,87,21,113,3,224,52,0,52,276
07/21/2021,DSM,IA,ACE,CE,Combined TRACON& Tower with Radar,89,25,71,5,190,0,3,52,9,64,89,28,123,14,254,62,10,72,326
07/22/2021,DSM,IA,ACE,CE,Combined TRACON& Tower with Radar,104,18,54,8,184,0,2,49,7,58,104,20,103,15,242,22,5,27,269
07/23/2021,DSM,IA,ACE,CE,Combined TRACON& Tower with Radar,100,16,48,19,183,0,0,26,3,29,100,16,74,22,212,22,0,22,234
07/24/2021,DSM,IA,ACE,CE,Combined TRACON& Tower with Radar,84,15,31,11,141,0,3,31,1,35,84,18,62,12,176,38,14,52,228
07/25/2021,DSM,IA,ACE,CE,Combined TRACON& Tower with Radar,99,27,30,0,156,0,0,30,0,30,99,27,60,0,186,16,0,16,202
07/26/2021,DSM,IA,ACE,CE,Combined TRACON& Tower with Radar,88,21,26,0,135,0,1,43,0,44,88,22,69,0,179,34,0,34,213
07/27/2021,DSM,IA,ACE,CE,Combined TRACON& Tower with Radar,85,26,43,4,158,0,3,40,4,47,85,29,83,8,205,30,0,30,235
07/28/2021,DSM,IA,ACE,CE,Combined TRACON& Tower with Radar,91,28,61,2,182,0,0,18,1,19,91,28,79,3,201,32,0,32,233
07/29/2021,DSM,IA,ACE,CE,Combined TRACON& Tower with Radar,98,23,57,0,178,0,0,37,3,40,98,23,94,3,218,20,0,20,238
07/30/2021,DSM,IA,ACE,CE,Combined TRACON& Tower with Radar,101,24,33,1,159,0,0,16,0,16,101,24,49,1,175,4,0,4,179
07/31/2021,DSM,IA,ACE,CE,Combined TRACON& Tower with Radar,85,17,27,0,129,0,0,5,0,5,85,17,32,0,134,20,0,20,154
08/01/2021,DSM,IA,ACE,CE,Combined TRACON& Tower with Radar,93,28,28,6,155,0,0,24,0,24,93,28,52,6,179,14,0,14,193
08/02/2021,DSM,IA,ACE,CE,Combined TRACON& Tower with Radar,92,17,30,0,139,0,0,53,2,55,92,17,83,2,194,46,0,46,240
08/03/2021,DSM,IA,ACE,CE,Combined TRACON& Tower with Radar,84,17,56,11,168,0,2,40,3,45,84,19,96,14,213,66,26,92,305
08/04/2021,DSM,IA,ACE,CE,Combined TRACON& Tower with Radar,93,10,39,0,142,0,1,55,4,60,93,11,94,4,202,42,0,42,244
08/05/2021,DSM,IA,ACE,CE,Combined TRACON& Tower with Radar,101,15,40,7,163,0,0,32,2,34,101,15,72,9,197,24,6,30,227
08/06/2021,DSM,IA,ACE,CE,Combined TRACON& Tower with Radar,95,16,53,5,169,0,2,26,0,28,95,18,79,5,197,36,0,36,233
08/07/2021,DSM,IA,ACE,CE,Combined TRACON& Tower with Radar,91,12,21,1,125,0,0,23,0,23,91,12,44,1,148,18,0,18,166
08/08/2021,DSM,IA,ACE,CE,Combined TRACON& Tower with Radar,99,17,26,6,148,0,0,24,2,26,99,17,50,8,174,16,0,16,190
08/09/2021,DSM,IA,ACE,CE,Combined TRACON& Tower with Radar,90,13,42,6,151,0,4,24,3,31,90,17,66,9,182,52,16,68,250
08/10/2021,DSM,IA,ACE,CE,Combined TRACON& Tower with Radar,86,20,39,4,149,0,1,23,0,24,86,21,62,4,173,62,0,62,235
08/11/2021,DSM,IA,ACE,CE,Combined TRACON& Tower with Radar,90,19,51,9,169,0,2,27,0,29,90,21,78,9,198,36,0,36,234
08/12/2021,DSM,IA,ACE,CE,Combined TRACON& Tower with Radar,102,16,53,4,175,0,3,23,0,26,102,19,76,4,201,34,4,38,239
08/13/2021,DSM,IA,ACE,CE,Combined TRACON& Tower with Radar,101,17,62,18,198,0,0,43,2,45,101,17,105,20,243,14,18,32,275
08/14/2021,DSM,IA,ACE,CE,Combined TRACON& Tower with Radar,79,23,37,13,152,0,1,36,2,39,79,24,73,15,191,28,8,36,227
08/15/2021,DSM,IA,ACE,CE,Combined TRACON& Tower with Radar,100,23,26,3,152,0,0,31,0,31,100,23,57,3,183,20,0,20,203
08/16/2021,DSM,IA,ACE,CE,Combined TRACON& Tower with Radar,90,14,55,11,170,0,0,28,0,28,90,14,83,11,198,32,4,36,234
08/17/2021,DSM,IA,ACE,CE,Combined TRACON& Tower with Radar,78,18,47,10,153,0,1,40,2,43,78,19,87,12,196,8,10,18,214
08/18/2021,DSM,IA,ACE,CE,Combined TRACON& Tower with Radar,84,28,39,10,161,0,1,41,3,45,84,29,80,13,206,30,12,42,248
08/19/2021,DSM,IA,ACE,CE,Combined TRACON& Tower with Radar,95,28,64,4,191,0,4,33,2,39,95,32,97,6,230,20,0,20,250
08/20/2021,DSM,IA,ACE,CE,Combined TRACON& Tower with Radar,98,16,41,7,162,0,0,28,1,29,98,16,69,8,191,36,8,44,235
08/21/2021,DSM,IA,ACE,CE,Combined TRACON& Tower with Radar,74,23,22,0,119,0,1,24,3,28,74,24,46,3,147,29,0,29,176
08/22/2021,DSM,IA,ACE,CE,Combined TRACON& Tower with Radar,93,19,23,0,135,0,0,37,3,40,93,19,60,3,175,14,0,14,189
08/23/2021,DSM,IA,ACE,CE,Combined TRACON& Tower with Radar,88,21,40,4,153,0,2,30,0,32,88,23,70,4,185,68,0,68,253
08/24/2021,DSM,IA,ACE,CE,Combined TRACON& Tower with Radar,86,21,50,8,165,0,0,33,1,34,86,21,83,9,199,16,0,16,215
08/25/2021,DSM,IA,ACE,CE,Combined TRACON& Tower with Radar,82,16,44,6,148,0,0,25,7,32,82,16,69,13,180,60,12,72,252
08/26/2021,DSM,IA,ACE,CE,Combined TRACON& Tower with Radar,97,12,39,0,148,0,0,21,7,28,97,12,60,7,176,16,0,16,192
08/27/2021,DSM,IA,ACE,CE,Combined TRACON& Tower with Radar,98,9,37,4,148,0,0,23,2,25,98,9,60,6,173,6,6,12,185
08/28/2021,DSM,IA,ACE,CE,Combined TRACON& Tower with Radar,74,21,24,0,119,0,3,28,0,31,74,24,52,0,150,40,0,40,190
08/29/2021,DSM,IA,ACE,CE,Combined TRACON& Tower with Radar,94,11,32,0,137,0,0,13,2,15,94,11,45,2,152,6,0,6,158
08/30/2021,DSM,IA,ACE,CE,Combined TRACON& Tower with Radar,85,25,51,22,183,0,1,35,1,37,85,26,86,23,220,42,8,50,270
08/31/2021,DSM,IA,ACE,CE,Combined TRACON& Tower with Radar,82,17,41,2,142,0,1,15,0,16,82,18,56,2,158,14,0,14,172
09/01/2021,DSM,IA,ACE,CE,Combined TRACON& Tower with Radar,84,20,48,5,157,0,10,44,1,55,84,30,92,6,212,34,0,34,246
09/02/2021,DSM,IA,ACE,CE,Combined TRACON& Tower with Radar,100,13,62,11,186,0,1,35,0,36,100,14,97,11,222,30,0,30,252
09/03/2021,DSM,IA,ACE,CE,Combined TRACON& Tower with Radar,99,20,32,2,153,0,0,1,0,1,99,20,33,2,154,0,0,0,154
09/04/2021,DSM,IA,ACE,CE,Combined TRACON& Tower with Radar,71,10,14,0,95,0,0,13,0,13,71,10,27,0,108,0,0,0,108
09/05/2021,DSM,IA,ACE,CE,Combined TRACON& Tower with Radar,77,8,17,0,102,0,2,20,0,22,77,10,37,0,124,6,2,8,132
09/06/2021,DSM,IA,ACE,CE,Combined TRACON& Tower with Radar,81,19,24,0,124,0,0,37,0,37,81,19,61,0,161,14,0,14,175
09/07/2021,DSM,IA,ACE,CE,Combined TRACON& Tower with Radar,76,14,45,4,139,0,0,22,2,24,76,14,67,6,163,6,0,6,169
09/08/2021,DSM,IA,ACE,CE,Combined TRACON& Tower with Radar,86,14,55,4,159,0,5,26,4,35,86,19,81,8,194,28,4,32,226
09/09/2021,DSM,IA,ACE,CE,Combined TRACON& Tower with Radar,100,14,69,7,190,0,0,34,5,39,100,14,103,12,229,32,0,32,261
09/10/2021,DSM,IA,ACE,CE,Combined TRACON& Tower with Radar,105,19,43,0,167,0,1,45,3,49,105,20,88,3,216,31,0,31,247
09/11/2021,DSM,IA,ACE,CE,Combined TRACON& Tower with Radar,74,15,22,0,111,0,0,25,0,25,74,15,47,0,136,18,0,18,154
09/12/2021,DSM,IA,ACE,CE,Combined TRACON& Tower with Radar,101,18,33,0,152,0,1,7,0,8,101,19,40,0,160,32,0,32,192
09/13/2021,DSM,IA,ACE,CE,Combined TRACON& Tower with Radar,89,16,44,2,151,0,1,26,2,29,89,17,70,4,180,16,4,20,200
09/14/2021,DSM,IA,ACE,CE,Combined TRACON& Tower with Radar,80,13,62,2,157,0,0,24,2,26,80,13,86,4,183,10,0,10,193
09/15/2021,DSM,IA,ACE,CE,Combined TRACON& Tower with Radar,87,16,47,11,161,0,0,41,1,42,87,16,88,12,203,34,16,50,253
09/16/2021,DSM,IA,ACE,CE,Combined TRACON& Tower with Radar,120,21,41,0,182,0,0,22,5,27,120,21,63,5,209,4,0,4,213
09/17/2021,DSM,IA,ACE,CE,Combined TRACON& Tower with Radar,105,22,54,3,184,0,0,46,0,46,105,22,100,3,230,12,0,12,242
09/18/2021,DSM,IA,ACE,CE,Combined TRACON& Tower with Radar,71,15,35,0,121,0,0,35,6,41,71,15,70,6,162,40,0,40,202
09/19/2021,DSM,IA,ACE,CE,Combined TRACON& Tower with Radar,115,14,35,2,166,0,0,17,3,20,115,14,52,5,186,2,0,2,188
09/20/2021,DSM,IA,ACE,CE,Combined TRACON& Tower with Radar,93,20,35,1,149,0,0,9,0,9,93,20,44,1,158,0,0,0,158
09/21/2021,DSM,IA,ACE,CE,Combined TRACON& Tower with Radar,82,15,42,1,140,0,2,30,0,32,82,17,72,1,172,4,0,4,176
09/22/2021,DSM,IA,ACE,CE,Combined TRACON& Tower with Radar,83,15,66,0,164,1,1,28,0,30,84,16,94,0,194,4,0,4,198
09/23/2021,DSM,IA,ACE,CE,Combined TRACON& Tower with Radar,101,13,60,0,174,0,0,37,1,38,101,13,97,1,212,24,0,24,236
09/24/2021,DSM,IA,ACE,CE,Combined TRACON& Tower with Radar,101,17,48,2,168,0,0,26,0,26,101,17,74,2,194,12,0,12,206
09/25/2021,DSM,IA,ACE,CE,Combined TRACON& Tower with Radar,76,22,35,3,136,0,0,30,0,30,76,22,65,3,166,2,0,2,168
09/26/2021,DSM,IA,ACE,CE,Combined TRACON& Tower with Radar,93,13,27,2,135,0,0,31,0,31,93,13,58,2,166,4,0,4,170
09/27/2021,DSM,IA,ACE,CE,Combined TRACON& Tower with Radar,87,11,41,4,143,0,0,40,0,40,87,11,81,4,183,16,0,16,199
09/28/2021,DSM,IA,ACE,CE,Combined TRACON& Tower with Radar,82,10,51,14,157,0,3,30,0,33,82,13,81,14,190,32,0,32,222
09/29/2021,DSM,IA,ACE,CE,Combined TRACON& Tower with Radar,81,12,42,11,146,0,6,29,1,36,81,18,71,12,182,10,12,22,204
09/30/2021,DSM,IA,ACE,CE,Combined TRACON& Tower with Radar,103,10,70,1,184,0,0,20,1,21,103,10,90,2,205,12,0,12,217
10/01/2021,DSM,IA,ACE,CE,Combined TRACON& Tower with Radar,95,22,48,1,166,0,0,15,0,15,95,22,63,1,181,18,0,18,199
10/02/2021,DSM,IA,ACE,CE,Combined TRACON& Tower with Radar,73,20,30,0,123,0,0,15,0,15,73,20,45,0,138,59,0,59,197
10/03/2021,DSM,IA,ACE,CE,Combined TRACON& Tower with Radar,91,12,39,0,142,0,0,30,0,30,91,12,69,0,172,8,0,8,180
10/04/2021,DSM,IA,ACE,CE,Combined TRACON& Tower with Radar,86,14,42,33,175,0,2,32,0,34,86,16,74,33,209,42,12,54,263
10/05/2021,DSM,IA,ACE,CE,Combined TRACON& Tower with Radar,78,18,50,5,151,0,1,35,2,38,78,19,85,7,189,32,0,32,221
10/06/2021,DSM,IA,ACE,CE,Combined TRACON& Tower with Radar,84,17,49,1,151,0,2,12,0,14,84,19,61,1,165,58,8,66,231
10/07/2021,DSM,IA,ACE,CE,Combined TRACON& Tower with Radar,104,8,37,6,155,0,2,22,0,24,104,10,59,6,179,52,2,54,233
10/08/2021,DSM,IA,ACE,CE,Combined TRACON& Tower with Radar,100,9,49,2,160,0,0,32,0,32,100,9,81,2,192,23,0,23,215
10/09/2021,DSM,IA,ACE,CE,Combined TRACON& Tower with Radar,70,14,38,0,122,0,2,23,0,25,70,16,61,0,147,28,0,28,175
10/10/2021,DSM,IA,ACE,CE,Combined TRACON& Tower with Radar,85,8,26,0,119,0,0,31,0,31,85,8,57,0,150,16,0,16,166
10/11/2021,DSM,IA,ACE,CE,Combined TRACON& Tower with Radar,87,15,33,0,135,0,0,11,0,11,87,15,44,0,146,0,0,0,146
10/12/2021,DSM,IA,ACE,CE,Combined TRACON& Tower with Radar,80,15,46,12,153,0,2,50,0,52,80,17,96,12,205,46,28,74,279
10/13/2021,DSM,IA,ACE,CE,Combined TRACON& Tower with Radar,84,13,35,4,136,0,1,5,0,6,84,14,40,4,142,0,0,0,142
10/14/2021,DSM,IA,ACE,CE,Combined TRACON& Tower with Radar,97,22,35,6,160,0,4,35,1,40,97,26,70,7,200,2,0,2,202
10/15/2021,DSM,IA,ACE,CE,Combined TRACON& Tower with Radar,104,13,34,21,172,0,1,29,1,31,104,14,63,22,203,18,16,34,237
10/16/2021,DSM,IA,ACE,CE,Combined TRACON& Tower with Radar,70,23,13,0,106,0,1,28,0,29,70,24,41,0,135,34,0,34,169
10/17/2021,DSM,IA,ACE,CE,Combined TRACON& Tower with Radar,96,16,31,0,143,0,4,34,0,38,96,20,65,0,181,22,0,22,203
10/18/2021,DSM,IA,ACE,CE,Combined TRACON& Tower with Radar,90,13,60,0,163,0,0,34,0,34,90,13,94,0,197,12,0,12,209
10/19/2021,DSM,IA,ACE,CE,Combined TRACON& Tower with Radar,83,15,61,4,163,0,0,21,2,23,83,15,82,6,186,27,0,27,213
10/20/2021,DSM,IA,ACE,CE,Combined TRACON& Tower with Radar,86,18,57,2,163,0,7,14,2,23,86,25,71,4,186,11,0,11,197
10/21/2021,DSM,IA,ACE,CE,Combined TRACON& Tower with Radar,89,14,50,8,161,0,0,3,0,3,89,14,53,8,164,0,0,0,164
10/22/2021,DSM,IA,ACE,CE,Combined TRACON& Tower with Radar,102,21,45,6,174,0,2,37,0,39,102,23,82,6,213,22,0,22,235
10/23/2021,DSM,IA,ACE,CE,Combined TRACON& Tower with Radar,77,19,21,0,117,0,0,28,0,28,77,19,49,0,145,0,0,0,145
10/24/2021,DSM,IA,ACE,CE,Combined TRACON& Tower with Radar,92,14,20,0,126,0,0,0,0,0,92,14,20,0,126,0,0,0,126
10/25/2021,DSM,IA,ACE,CE,Combined TRACON& Tower with Radar,91,14,58,5,168,0,0,23,1,24,91,14,81,6,192,20,0,20,212
10/26/2021,DSM,IA,ACE,CE,Combined TRACON& Tower with Radar,87,19,42,8,156,0,1,20,3,24,87,20,62,11,180,25,6,31,211
10/27/2021,DSM,IA,ACE,CE,Combined TRACON& Tower with Radar,83,13,44,2,142,0,0,1,0,1,83,13,45,2,143,0,0,0,143
10/28/2021,DSM,IA,ACE,CE,Combined TRACON& Tower with Radar,97,12,44,4,157,0,0,1,0,1,97,12,45,4,158,0,0,0,158
10/29/2021,DSM,IA,ACE,CE,Combined TRACON& Tower with Radar,105,19,38,2,164,0,0,4,2,6,105,19,42,4,170,0,0,0,170
10/30/2021,DSM,IA,ACE,CE,Combined TRACON& Tower with Radar,66,16,35,0,117,0,2,44,0,46,66,18,79,0,163,28,0,28,191
10/31/2021,DSM,IA,ACE,CE,Combined TRACON& Tower with Radar,77,15,19,0,111,0,1,19,0,20,77,16,38,0,131,6,0,6,137
11/01/2021,DSM,IA,ACE,CE,Combined TRACON& Tower with Radar,77,18,41,2,138,0,1,35,2,38,77,19,76,4,176,42,0,42,218
11/02/2021,DSM,IA,ACE,CE,Combined TRACON& Tower with Radar,66,22,48,7,143,0,2,36,1,39,66,24,84,8,182,94,8,102,284
11/03/2021,DSM,IA,ACE,CE,Combined TRACON& Tower with Radar,75,20,36,2,133,0,0,36,0,36,75,20,72,2,169,44,0,44,213
11/04/2021,DSM,IA,ACE,CE,Combined TRACON& Tower with Radar,93,29,40,3,165,0,2,36,1,39,93,31,76,4,204,0,0,0,204
11/05/2021,DSM,IA,ACE,CE,Combined TRACON& Tower with Radar,93,25,47,3,168,0,0,34,0,34,93,25,81,3,202,0,0,0,202
11/06/2021,DSM,IA,ACE,CE,Combined TRACON& Tower with Radar,70,18,24,3,115,0,0,43,3,46,70,18,67,6,161,70,4,74,235
11/07/2021,DSM,IA,ACE,CE,Combined TRACON& Tower with Radar,88,13,29,0,130,0,0,25,0,25,88,13,54,0,155,15,0,15,170
11/08/2021,DSM,IA,ACE,CE,Combined TRACON& Tower with Radar,85,14,44,5,148,0,0,44,0,44,85,14,88,5,192,68,0,68,260
11/09/2021,DSM,IA,ACE,CE,Combined TRACON& Tower with Radar,75,20,51,1,147,0,0,21,0,21,75,20,72,1,168,50,0,50,218
11/10/2021,DSM,IA,ACE,CE,Combined TRACON& Tower with Radar,77,31,35,1,144,0,0,0,0,0,77,31,35,1,144,2,0,2,146
11/11/2021,DSM,IA,ACE,CE,Combined TRACON& Tower with Radar,96,30,62,0,188,0,1,8,0,9,96,31,70,0,197,6,0,6,203
11/12/2021,DSM,IA,ACE,CE,Combined TRACON& Tower with Radar,93,23,33,2,151,0,2,1,0,3,93,25,34,2,154,0,0,0,154
11/13/2021,DSM,IA,ACE,CE,Combined TRACON& Tower with Radar,70,19,23,0,112,0,0,10,0,10,70,19,33,0,122,40,0,40,162
11/14/2021,DSM,IA,ACE,CE,Combined TRACON& Tower with Radar,86,18,31,1,136,0,0,17,3,20,86,18,48,4,156,55,0,55,211
11/15/2021,DSM,IA,ACE,CE,Combined TRACON& Tower with Radar,85,14,33,4,136,0,0,31,0,31,85,14,64,4,167,42,0,42,209
11/16/2021,DSM,IA,ACE,CE,Combined TRACON& Tower with Radar,76,20,44,15,155,0,0,28,1,29,76,20,72,16,184,20,18,38,222
11/17/2021,DSM,IA,ACE,CE,Combined TRACON& Tower with Radar,76,24,29,3,132,0,0,30,3,33,76,24,59,6,165,12,0,12,177
11/18/2021,DSM,IA,ACE,CE,Combined TRACON& Tower with Radar,94,29,47,2,172,0,3,23,0,26,94,32,70,2,198,34,1,35,233
11/19/2021,DSM,IA,ACE,CE,Combined TRACON& Tower with Radar,96,26,52,2,176,0,1,28,2,31,96,27,80,4,207,17,0,17,224
11/20/2021,DSM,IA,ACE,CE,Combined TRACON& Tower with Radar,70,12,42,0,124,0,2,62,0,64,70,14,104,0,188,20,0,20,208
11/21/2021,DSM,IA,ACE,CE,Combined TRACON& Tower with Radar,83,16,19,0,118,0,0,16,0,16,83,16,35,0,134,16,0,16,150
11/22/2021,DSM,IA,ACE,CE,Combined TRACON& Tower with Radar,85,20,53,8,166,0,0,46,2,48,85,20,99,10,214,46,0,46,260
11/23/2021,DSM,IA,ACE,CE,Combined TRACON& Tower with Radar,93,20,40,7,160,0,2,25,1,28,93,22,65,8,188,6,0,6,194
11/24/2021,DSM,IA,ACE,CE,Combined TRACON& Tower with Radar,95,15,25,2,137,0,0,27,0,27,95,15,52,2,164,0,0,0,164
11/25/2021,DSM,IA,ACE,CE,Combined TRACON& Tower with Radar,49,10,4,0,63,0,0,8,0,8,49,10,12,0,71,12,0,12,83
11/26/2021,DSM,IA,ACE,CE,Combined TRACON& Tower with Radar,78,13,21,0,112,0,0,25,0,25,78,13,46,0,137,34,0,34,171
11/27/2021,DSM,IA,ACE,CE,Combined TRACON& Tower with Radar,86,14,10,0,110,5,0,21,0,26,91,14,31,0,136,0,0,0,136
11/28/2021,DSM,IA,ACE,CE,Combined TRACON& Tower with Radar,95,15,16,0,126,0,1,30,0,31,95,16,46,0,157,12,0,12,169
11/29/2021,DSM,IA,ACE,CE,Combined TRACON& Tower with Radar,98,12,44,2,156,0,2,29,2,33,98,14,73,4,189,40,8,48,237
11/30/2021,DSM,IA,ACE,CE,Combined TRACON& Tower with Radar,74,16,60,3,153,0,0,39,2,41,74,16,99,5,194,56,0,56,250
12/01/2021,DSM,IA,ACE,CE,Combined TRACON& Tower with Radar,79,14,50,10,153,0,1,30,7,38,79,15,80,17,191,4,0,4,195
12/02/2021,DSM,IA,ACE,CE,Combined TRACON& Tower with Radar,98,26,45,4,173,0,3,50,4,57,98,29,95,8,230,37,0,37,267
12/03/2021,DSM,IA,ACE,CE,Combined TRACON& Tower with Radar,94,17,41,3,155,0,2,39,0,41,94,19,80,3,196,34,6,40,236
12/04/2021,DSM,IA,ACE,CE,Combined TRACON& Tower with Radar,66,13,28,0,107,0,0,39,0,39,66,13,67,0,146,44,0,44,190
12/05/2021,DSM,IA,ACE,CE,Combined TRACON& Tower with Radar,90,19,37,4,150,0,0,4,0,4,90,19,41,4,154,22,0,22,176
12/06/2021,DSM,IA,ACE,CE,Combined TRACON& Tower with Radar,85,22,33,4,144,0,0,10,0,10,85,22,43,4,154,4,0,4,158
12/07/2021,DSM,IA,ACE,CE,Combined TRACON& Tower with Radar,71,23,24,8,126,0,0,13,1,14,71,23,37,9,140,2,18,20,160
12/08/2021,DSM,IA,ACE,CE,Combined TRACON& Tower with Radar,71,23,65,6,165,0,5,44,0,49,71,28,109,6,214,55,6,61,275
12/09/2021,DSM,IA,ACE,CE,Combined TRACON& Tower with Radar,98,15,66,9,188,0,0,31,0,31,98,15,97,9,219,24,12,36,255
12/10/2021,DSM,IA,ACE,CE,Combined TRACON& Tower with Radar,88,16,27,2,133,0,0,11,0,11,88,16,38,2,144,0,0,0,144
12/11/2021,DSM,IA,ACE,CE,Combined TRACON& Tower with Radar,65,13,23,6,107,0,0,23,1,24,65,13,46,7,131,10,6,16,147
12/12/2021,DSM,IA,ACE,CE,Combined TRACON& Tower with Radar,89,19,22,1,131,0,0,21,0,21,89,19,43,1,152,20,0,20,172
12/13/2021,DSM,IA,ACE,CE,Combined TRACON& Tower with Radar,83,24,54,4,165,0,2,37,2,41,83,26,91,6,206,36,0,36,242
12/14/2021,DSM,IA,ACE,CE,Combined TRACON& Tower with Radar,70,28,53,5,156,0,0,23,7,30,70,28,76,12,186,58,18,76,262
12/15/2021,DSM,IA,ACE,CE,Combined TRACON& Tower with Radar,60,19,20,2,101,0,1,2,1,4,60,20,22,3,105,0,0,0,105
12/16/2021,DSM,IA,ACE,CE,Combined TRACON& Tower with Radar,90,16,45,2,153,0,2,16,2,20,90,18,61,4,173,1,0,1,174
12/17/2021,DSM,IA,ACE,CE,Combined TRACON& Tower with Radar,97,18,39,5,159,0,0,17,0,17,97,18,56,5,176,4,0,4,180
12/18/2021,DSM,IA,ACE,CE,Combined TRACON& Tower with Radar,63,20,50,0,133,2,3,11,0,16,65,23,61,0,149,14,0,14,163
12/19/2021,DSM,IA,ACE,CE,Combined TRACON& Tower with Radar,88,19,27,1,135,0,1,7,0,8,88,20,34,1,143,4,0,4,147
12/20/2021,DSM,IA,ACE,CE,Combined TRACON& Tower with Radar,88,15,44,6,153,0,1,33,0,34,88,16,77,6,187,35,12,47,234
12/21/2021,DSM,IA,ACE,CE,Combined TRACON& Tower with Radar,82,12,41,4,139,0,0,10,2,12,82,12,51,6,151,14,0,14,165
12/22/2021,DSM,IA,ACE,CE,Combined TRACON& Tower with Radar,85,14,33,3,135,0,1,42,10,53,85,15,75,13,188,6,2,8,196
12/23/2021,DSM,IA,ACE,CE,Combined TRACON& Tower with Radar,98,15,31,2,146,0,0,27,0,27,98,15,58,2,173,20,0,20,193
12/24/2021,DSM,IA,ACE,CE,Combined TRACON& Tower with Radar,76,6,2,0,84,0,0,0,0,0,76,6,2,0,84,0,0,0,84
12/25/2021,DSM,IA,ACE,CE,Combined TRACON& Tower with Radar,48,15,2,0,65,0,0,8,0,8,48,15,10,0,73,0,0,0,73
12/26/2021,DSM,IA,ACE,CE,Combined TRACON& Tower with Radar,86,17,22,0,125,0,0,7,0,7,86,17,29,0,132,6,0,6,138
12/27/2021,DSM,IA,ACE,CE,Combined TRACON& Tower with Radar,89,19,22,4,134,0,0,22,0,22,89,19,44,4,156,0,0,0,156
12/28/2021,DSM,IA,ACE,CE,Combined TRACON& Tower with Radar,78,15,16,0,109,0,0,5,0,5,78,15,21,0,114,0,0,0,114
12/29/2021,DSM,IA,ACE,CE,Combined TRACON& Tower with Radar,84,19,27,2,132,0,0,13,2,15,84,19,40,4,147,36,2,38,185
12/30/2021,DSM,IA,ACE,CE,Combined TRACON& Tower with Radar,89,26,25,2,142,0,1,3,0,4,89,27,28,2,146,0,0,0,146
12/31/2021,DSM,IA,ACE,CE,Combined TRACON& Tower with Radar,72,7,6,0,85,0,0,0,0,0,72,7,6,0,85,0,0,0,85
01/01/2022,DSM,IA,ACE,CE,Combined TRACON& Tower with Radar,41,12,4,0,57,0,1,0,0,1,41,13,4,0,58,1,0,1,59
01/02/2022,DSM,IA,ACE,CE,Combined TRACON& Tower with Radar,74,19,28,0,121,0,0,12,0,12,74,19,40,0,133,32,0,32,165
01/03/2022,DSM,IA,ACE,CE,Combined TRACON& Tower with Radar,79,19,29,2,129,0,0,33,0,33,79,19,62,2,162,56,0,56,218
01/04/2022,DSM,IA,ACE,CE,Combined TRACON& Tower with Radar,70,10,21,4,105,0,1,21,0,22,70,11,42,4,127,0,0,0,127
01/05/2022,DSM,IA,ACE,CE,Combined TRACON& Tower with Radar,60,9,10,4,83,0,0,1,0,1,60,9,11,4,84,6,0,6,90
01/06/2022,DSM,IA,ACE,CE,Combined TRACON& Tower with Radar,91,8,24,5,128,0,2,24,1,27,91,10,48,6,155,8,8,16,171
01/07/2022,DSM,IA,ACE,CE,Combined TRACON& Tower with Radar,86,21,34,7,148,0,2,17,0,19,86,23,51,7,167,2,4,6,173
01/08/2022,DSM,IA,ACE,CE,Combined TRACON& Tower with Radar,55,11,14,1,81,0,0,0,0,0,55,11,14,1,81,0,0,0,81
01/09/2022,DSM,IA,ACE,CE,Combined TRACON& Tower with Radar,86,11,14,4,115,2,0,31,0,33,88,11,45,4,148,20,0,20,168
01/10/2022,DSM,IA,ACE,CE,Combined TRACON& Tower with Radar,82,11,29,8,130,0,0,32,0,32,82,11,61,8,162,20,0,20,182
01/11/2022,DSM,IA,ACE,CE,Combined TRACON& Tower with Radar,63,19,42,33,157,2,0,30,1,33,65,19,72,34,190,44,28,72,262
01/12/2022,DSM,IA,ACE,CE,Combined TRACON& Tower with Radar,65,18,34,4,121,0,0,42,7,49,65,18,76,11,170,52,0,52,222
01/13/2022,DSM,IA,ACE,CE,Combined TRACON& Tower with Radar,95,12,28,7,142,0,0,32,0,32,95,12,60,7,174,0,0,0,174
01/14/2022,DSM,IA,ACE,CE,Combined TRACON& Tower with Radar,68,6,7,0,81,0,0,0,0,0,68,6,7,0,81,0,0,0,81
01/15/2022,DSM,IA,ACE,CE,Combined TRACON& Tower with Radar,60,12,18,2,92,0,0,4,0,4,60,12,22,2,96,0,0,0,96
01/16/2022,DSM,IA,ACE,CE,Combined TRACON& Tower with Radar,71,18,16,2,107,0,0,4,0,4,71,18,20,2,111,0,0,0,111
01/17/2022,DSM,IA,ACE,CE,Combined TRACON& Tower with Radar,80,14,29,0,123,1,2,33,0,36,81,16,62,0,159,72,0,72,231
01/18/2022,DSM,IA,ACE,CE,Combined TRACON& Tower with Radar,68,16,24,3,111,0,0,23,2,25,68,16,47,5,136,16,0,16,152
01/19/2022,DSM,IA,ACE,CE,Combined TRACON& Tower with Radar,70,15,38,5,128,0,0,16,4,20,70,15,54,9,148,8,4,12,160
01/20/2022,DSM,IA,ACE,CE,Combined TRACON& Tower with Radar,96,22,30,2,150,1,4,20,0,25,97,26,50,2,175,14,0,14,189
01/21/2022,DSM,IA,ACE,CE,Combined TRACON& Tower with Radar,94,11,32,4,141,0,0,14,0,14,94,11,46,4,155,10,0,10,165
01/22/2022,DSM,IA,ACE,CE,Combined TRACON& Tower with Radar,62,14,12,1,89,0,0,29,5,34,62,14,41,6,123,26,0,26,149
01/23/2022,DSM,IA,ACE,CE,Combined TRACON& Tower with Radar,92,9,18,2,121,0,2,22,2,26,92,11,40,4,147,16,0,16,163
01/24/2022,DSM,IA,ACE,CE,Combined TRACON& Tower with Radar,84,10,41,0,135,0,0,8,0,8,84,10,49,0,143,0,0,0,143
01/25/2022,DSM,IA,ACE,CE,Combined TRACON& Tower with Radar,68,10,43,2,123,0,0,23,0,23,68,10,66,2,146,14,0,14,160
01/26/2022,DSM,IA,ACE,CE,Combined TRACON& Tower with Radar,66,17,43,0,126,0,0,21,4,25,66,17,64,4,151,2,0,2,153
01/27/2022,DSM,IA,ACE,CE,Combined TRACON& Tower with Radar,95,26,44,2,167,0,1,20,4,25,95,27,64,6,192,62,0,62,254
01/28/2022,DSM,IA,ACE,CE,Combined TRACON& Tower with Radar,92,21,43,4,160,0,4,31,0,35,92,25,74,4,195,56,0,56,251
01/29/2022,DSM,IA,ACE,CE,Combined TRACON& Tower with Radar,64,14,25,2,105,0,0,39,0,39,64,14,64,2,144,24,0,24,168
01/30/2022,DSM,IA,ACE,CE,Combined TRACON& Tower with Radar,97,16,22,0,135,0,0,15,0,15,97,16,37,0,150,34,0,34,184
01/31/2022,DSM,IA,ACE,CE,Combined TRACON& Tower with Radar,85,10,39,0,134,0,4,44,0,48,85,14,83,0,182,28,0,28,210
02/01/2022,DSM,IA,ACE,CE,Combined TRACON& Tower with Radar,66,22,28,0,116,0,1,25,0,26,66,23,53,0,142,10,0,10,152
02/02/2022,DSM,IA,ACE,CE,Combined TRACON& Tower with Radar,60,20,12,10,102,0,0,16,0,16,60,20,28,10,118,10,10,20,138
02/03/2022,DSM,IA,ACE,CE,Combined TRACON& Tower with Radar,83,17,32,2,134,0,3,24,0,27,83,20,56,2,161,20,3,23,184
02/04/2022,DSM,IA,ACE,CE,Combined TRACON& Tower with Radar,81,11,34,1,127,0,4,19,3,26,81,15,53,4,153,22,0,22,175
02/05/2022,DSM,IA,ACE,CE,Combined TRACON& Tower with Radar,57,12,19,0,88,0,0,14,2,16,57,12,33,2,104,6,0,6,110
02/06/2022,DSM,IA,ACE,CE,Combined TRACON& Tower with Radar,90,12,15,5,122,0,0,22,1,23,90,12,37,6,145,32,0,32,177
02/07/2022,DSM,IA,ACE,CE,Combined TRACON& Tower with Radar,84,17,39,1,141,0,0,36,0,36,84,17,75,1,177,87,0,87,264
02/08/2022,DSM,IA,ACE,CE,Combined TRACON& Tower with Radar,70,15,45,7,137,0,1,46,1,48,70,16,91,8,185,53,6,59,244
02/09/2022,DSM,IA,ACE,CE,Combined TRACON& Tower with Radar,64,14,33,17,128,0,1,12,8,21,64,15,45,25,149,28,5,33,182
02/10/2022,DSM,IA,ACE,CE,Combined TRACON& Tower with Radar,90,26,32,7,155,0,1,30,0,31,90,27,62,7,186,28,0,28,214
02/11/2022,DSM,IA,ACE,CE,Combined TRACON& Tower with Radar,96,16,35,0,147,0,6,3,0,9,96,22,38,0,156,8,0,8,164
02/12/2022,DSM,IA,ACE,CE,Combined TRACON& Tower with Radar,59,16,27,0,102,0,1,46,0,47,59,17,73,0,149,52,0,52,201
02/13/2022,DSM,IA,ACE,CE,Combined TRACON& Tower with Radar,77,18,8,0,103,0,0,7,0,7,77,18,15,0,110,42,0,42,152
02/14/2022,DSM,IA,ACE,CE,Combined TRACON& Tower with Radar,84,19,46,4,153,1,0,29,0,30,85,19,75,4,183,38,0,38,221
02/15/2022,DSM,IA,ACE,CE,Combined TRACON& Tower with Radar,69,18,42,6,135,0,0,27,2,29,69,18,69,8,164,56,0,56,220
02/16/2022,DSM,IA,ACE,CE,Combined TRACON& Tower with Radar,65,12,44,5,126,0,0,8,5,13,65,12,52,10,139,0,0,0,139
02/17/2022,DSM,IA,ACE,CE,Combined TRACON& Tower with Radar,96,23,35,8,162,0,0,5,7,12,96,23,40,15,174,14,10,24,198
02/18/2022,DSM,IA,ACE,CE,Combined TRACON& Tower with Radar,89,13,32,6,140,0,0,19,0,19,89,13,51,6,159,0,6,6,165
02/19/2022,DSM,IA,ACE,CE,Combined TRACON& Tower with Radar,60,23,33,0,116,3,0,33,0,36,63,23,66,0,152,36,0,36,188
02/20/2022,DSM,IA,ACE,CE,Combined TRACON& Tower with Radar,78,21,26,0,125,0,0,30,0,30,78,21,56,0,155,52,0,52,207
02/21/2022,DSM,IA,ACE,CE,Combined TRACON& Tower with Radar,82,20,51,4,157,0,2,26,0,28,82,22,77,4,185,36,0,36,221
02/22/2022,DSM,IA,ACE,CE,Combined TRACON& Tower with Radar,78,8,29,1,116,0,0,1,0,1,78,8,30,1,117,0,0,0,117
02/23/2022,DSM,IA,ACE,CE,Combined TRACON& Tower with Radar,66,23,48,0,137,0,0,17,2,19,66,23,65,2,156,18,0,18,174
02/24/2022,DSM,IA,ACE,CE,Combined TRACON& Tower with Radar,91,16,32,0,139,0,0,0,0,0,91,16,32,0,139,0,0,0,139
02/25/2022,DSM,IA,ACE,CE,Combined TRACON& Tower with Radar,84,31,37,9,161,0,2,23,0,25,84,33,60,9,186,40,4,44,230
02/26/2022,DSM,IA,ACE,CE,Combined TRACON& Tower with Radar,65,22,20,12,119,0,0,48,0,48,65,22,68,12,167,78,0,78,245
02/27/2022,DSM,IA,ACE,CE,Combined TRACON& Tower with Radar,91,21,30,1,143,0,4,53,0,57,91,25,83,1,200,86,0,86,286
02/28/2022,DSM,IA,ACE,CE,Combined TRACON& Tower with Radar,89,21,38,1,149,0,6,30,1,37,89,27,68,2,186,38,0,38,224
03/01/2022,DSM,IA,ACE,CE,Combined TRACON& Tower with Radar,73,16,58,4,151,0,4,30,3,37,73,20,88,7,188,40,0,40,228
03/02/2022,DSM,IA,ACE,CE,Combined TRACON& Tower with Radar,75,20,37,1,133,0,0,29,2,31,75,20,66,3,164,27,2,29,193
03/03/2022,DSM,IA,ACE,CE,Combined TRACON& Tower with Radar,89,15,39,9,152,0,0,29,7,36,89,15,68,16,188,76,4,80,268
03/04/2022,DSM,IA,ACE,CE,Combined TRACON& Tower with Radar,90,21,45,3,159,0,3,16,1,20,90,24,61,4,179,28,0,28,207
03/05/2022,DSM,IA,ACE,CE,Combined TRACON& Tower with Radar,74,17,15,0,106,0,0,1,0,1,74,17,16,0,107,0,0,0,107
03/06/2022,DSM,IA,ACE,CE,Combined TRACON& Tower with Radar,93,16,30,0,139,0,0,6,0,6,93,16,36,0,145,60,0,60,205
03/07/2022,DSM,IA,ACE,CE,Combined TRACON& Tower with Radar,80,13,31,0,124,0,3,16,1,20,80,16,47,1,144,8,0,8,152
03/08/2022,DSM,IA,ACE,CE,Combined TRACON& Tower with Radar,80,18,51,4,153,0,2,49,0,51,80,20,100,4,204,90,0,90,294
03/09/2022,DSM,IA,ACE,CE,Combined TRACON& Tower with Radar,82,19,45,2,148,0,0,24,0,24,82,19,69,2,172,23,0,23,195
03/10/2022,DSM,IA,ACE,CE,Combined TRACON& Tower with Radar,97,13,39,8,157,0,1,3,1,5,97,14,42,9,162,2,2,4,166
03/11/2022,DSM,IA,ACE,CE,Combined TRACON& Tower with Radar,92,15,37,17,161,0,0,18,5,23,92,15,55,22,184,1,24,25,209
03/12/2022,DSM,IA,ACE,CE,Combined TRACON& Tower with Radar,74,22,20,2,118,0,3,25,2,30,74,25,45,4,148,30,0,30,178
03/13/2022,DSM,IA,ACE,CE,Combined TRACON& Tower with Radar,96,18,21,2,137,3,3,22,5,33,99,21,43,7,170,34,0,34,204
03/14/2022,DSM,IA,ACE,CE,Combined TRACON& Tower with Radar,89,13,30,1,133,0,0,26,0,26,89,13,56,1,159,38,0,38,197
03/15/2022,DSM,IA,ACE,CE,Combined TRACON& Tower with Radar,83,14,51,4,152,0,2,36,0,38,83,16,87,4,190,28,0,28,218
03/16/2022,DSM,IA,ACE,CE,Combined TRACON& Tower with Radar,90,12,35,1,138,0,2,24,2,28,90,14,59,3,166,10,0,10,176
03/17/2022,DSM,IA,ACE,CE,Combined TRACON& Tower with Radar,98,13,37,10,158,0,3,16,0,19,98,16,53,10,177,4,6,10,187
03/18/2022,DSM,IA,ACE,CE,Combined TRACON& Tower with Radar,91,13,15,0,119,0,0,0,0,0,91,13,15,0,119,0,0,0,119
03/19/2022,DSM,IA,ACE,CE,Combined TRACON& Tower with Radar,84,33,27,4,148,0,4,36,0,40,84,37,63,4,188,20,0,20,208
03/20/2022,DSM,IA,ACE,CE,Combined TRACON& Tower with Radar,98,16,27,1,142,0,2,54,3,59,98,18,81,4,201,85,0,85,286
03/21/2022,DSM,IA,ACE,CE,Combined TRACON& Tower with Radar,89,12,37,4,142,0,0,18,4,22,89,12,55,8,164,6,6,12,176
03/22/2022,DSM,IA,ACE,CE,Combined TRACON& Tower with Radar,72,15,29,8,124,0,0,0,0,0,72,15,29,8,124,2,0,2,126
03/23/2022,DSM,IA,ACE,CE,Combined TRACON& Tower with Radar,83,19,23,0,125,0,1,1,0,2,83,20,24,0,127,0,0,0,127
03/24/2022,DSM,IA,ACE,CE,Combined TRACON& Tower with Radar,97,13,41,4,155,0,2,5,0,7,97,15,46,4,162,59,0,59,221
03/25/2022,DSM,IA,ACE,CE,Combined TRACON& Tower with Radar,89,21,51,3,164,0,0,23,0,23,89,21,74,3,187,2,0,2,189
03/26/2022,DSM,IA,ACE,CE,Combined TRACON& Tower with Radar,73,24,21,2,120,0,2,20,0,22,73,26,41,2,142,46,0,46,188
03/27/2022,DSM,IA,ACE,CE,Combined TRACON& Tower with Radar,91,18,51,1,161,0,0,43,0,43,91,18,94,1,204,48,0,48,252
03/28/2022,DSM,IA,ACE,CE,Combined TRACON& Tower with Radar,86,23,45,2,156,0,1,26,0,27,86,24,71,2,183,38,0,38,221
03/29/2022,DSM,IA,ACE,CE,Combined TRACON& Tower with Radar,74,18,32,6,130,0,1,26,0,27,74,19,58,6,157,24,6,30,187
03/30/2022,DSM,IA,ACE,CE,Combined TRACON& Tower with Radar,80,15,36,2,133,0,0,2,0,2,80,15,38,2,135,10,0,10,145
03/31/2022,DSM,IA,ACE,CE,Combined TRACON& Tower with Radar,89,29,38,14,170,0,0,9,0,9,89,29,47,14,179,46,16,62,241
04/01/2022,DSM,IA,ACE,CE,Combined TRACON& Tower with Radar,91,16,44,4,155,0,2,40,0,42,91,18,84,4,197,15,2,17,214
04/02/2022,DSM,IA,ACE,CE,Combined TRACON& Tower with Radar,68,14,10,4,96,0,2,18,0,20,68,16,28,4,116,10,0,10,126
04/03/2022,DSM,IA,ACE,CE,Combined TRACON& Tower with Radar,91,23,26,2,142,0,2,7,0,9,91,25,33,2,151,8,0,8,159
04/04/2022,DSM,IA,ACE,CE,Combined TRACON& Tower with Radar,82,21,32,2,137,0,2,20,0,22,82,23,52,2,159,58,0,58,217
04/05/2022,DSM,IA,ACE,CE,Combined TRACON& Tower with Radar,75,23,44,0,142,0,1,8,0,9,75,24,52,0,151,24,0,24,175
04/06/2022,DSM,IA,ACE,CE,Combined TRACON& Tower with Radar,78,22,46,0,146,0,1,16,5,22,78,23,62,5,168,10,0,10,178
04/07/2022,DSM,IA,ACE,CE,Combined TRACON& Tower with Radar,89,27,48,0,164,0,0,2,0,2,89,27,50,0,166,0,0,0,166
04/08/2022,DSM,IA,ACE,CE,Combined TRACON& Tower with Radar,83,27,40,3,153,0,0,14,2,16,83,27,54,5,169,28,0,28,197
04/09/2022,DSM,IA,ACE,CE,Combined TRACON& Tower with Radar,62,21,28,3,114,0,2,86,3,91,62,23,114,6,205,83,0,83,288
04/10/2022,DSM,IA,ACE,CE,Combined TRACON& Tower with Radar,85,25,18,1,129,0,0,21,0,21,85,25,39,1,150,47,0,47,197
04/11/2022,DSM,IA,ACE,CE,Combined TRACON& Tower with Radar,77,19,44,14,154,0,2,48,2,52,77,21,92,16,206,136,0,136,342
04/12/2022,DSM,IA,ACE,CE,Combined TRACON& Tower with Radar,73,15,28,5,121,0,0,1,6,7,73,15,29,11,128,0,6,6,134
04/13/2022,DSM,IA,ACE,CE,Combined TRACON& Tower with Radar,85,21,41,11,158,0,4,13,0,17,85,25,54,11,175,14,0,14,189
04/14/2022,DSM,IA,ACE,CE,Combined TRACON& Tower with Radar,95,26,42,6,169,0,0,11,4,15,95,26,53,10,184,16,0,16,200
04/15/2022,DSM,IA,ACE,CE,Combined TRACON& Tower with Radar,85,17,36,2,140,0,0,52,3,55,85,17,88,5,195,94,0,94,289
04/16/2022,DSM,IA,ACE,CE,Combined TRACON& Tower with Radar,66,19,19,1,105,0,2,34,0,36,66,21,53,1,141,28,0,28,169
04/17/2022,DSM,IA,ACE,CE,Combined TRACON& Tower with Radar,85,21,3,0,109,0,0,1,0,1,85,21,4,0,110,14,0,14,124
04/18/2022,DSM,IA,ACE,CE,Combined TRACON& Tower with Radar,79,24,49,3,155,0,2,17,0,19,79,26,66,3,174,24,0,24,198
04/19/2022,DSM,IA,ACE,CE,Combined TRACON& Tower with Radar,71,19,71,14,175,0,0,62,1,63,71,19,133,15,238,106,34,140,378
04/20/2022,DSM,IA,ACE,CE,Combined TRACON& Tower with Radar,76,23,58,2,159,0,0,2,0,2,76,23,60,2,161,0,0,0,161
04/21/2022,DSM,IA,ACE,CE,Combined TRACON& Tower with Radar,92,31,65,0,188,0,2,34,2,38,92,33,99,2,226,30,0,30,256
04/22/2022,DSM,IA,ACE,CE,Combined TRACON& Tower with Radar,84,21,29,2,136,0,1,3,0,4,84,22,32,2,140,0,0,0,140
04/23/2022,DSM,IA,ACE,CE,Combined TRACON& Tower with Radar,66,16,17,0,99,0,0,2,0,2,66,16,19,0,101,0,0,0,101
04/24/2022,DSM,IA,ACE,CE,Combined TRACON& Tower with Radar,89,21,21,0,131,2,0,8,0,10,91,21,29,0,141,4,0,4,145
04/25/2022,DSM,IA,ACE,CE,Combined TRACON& Tower with Radar,77,22,49,0,148,0,1,21,0,22,77,23,70,0,170,52,0,52,222
04/26/2022,DSM,IA,ACE,CE,Combined TRACON& Tower with Radar,71,23,41,3,138,0,3,50,5,58,71,26,91,8,196,108,0,108,304
04/27/2022,DSM,IA,ACE,CE,Combined TRACON& Tower with Radar,74,26,56,12,168,0,1,44,0,45,74,27,100,12,213,34,18,52,265
04/28/2022,DSM,IA,ACE,CE,Combined TRACON& Tower with Radar,89,24,41,6,160,0,4,24,0,28,89,28,65,6,188,58,6,64,252
04/29/2022,DSM,IA,ACE,CE,Combined TRACON& Tower with Radar,82,18,37,0,137,0,0,3,0,3,82,18,40,0,140,0,0,0,140
04/30/2022,DSM,IA,ACE,CE,Combined TRACON& Tower with Radar,67,17,30,0,114,0,1,1,0,2,67,18,31,0,116,0,0,0,116
05/01/2022,DSM,IA,ACE,CE,Combined TRACON& Tower with Radar,84,23,29,0,136,0,0,10,0,10,84,23,39,0,146,0,0,0,146
05/02/2022,DSM,IA,ACE,CE,Combined TRACON& Tower with Radar,76,22,43,8,149,0,0,9,0,9,76,22,52,8,158,0,0,0,158
05/03/2022,DSM,IA,ACE,CE,Combined TRACON& Tower with Radar,76,12,35,0,123,0,0,1,0,1,76,12,36,0,124,0,0,0,124
05/04/2022,DSM,IA,ACE,CE,Combined TRACON& Tower with Radar,71,23,67,10,171,0,0,25,0,25,71,23,92,10,196,81,2,83,279
05/05/2022,DSM,IA,ACE,CE,Combined TRACON& Tower with Radar,88,26,48,2,164,0,1,2,0,3,88,27,50,2,167,4,0,4,171
05/06/2022,DSM,IA,ACE,CE,Combined TRACON& Tower with Radar,89,19,56,5,169,0,0,25,0,25,89,19,81,5,194,86,14,100,294
05/07/2022,DSM,IA,ACE,CE,Combined TRACON& Tower with Radar,62,23,24,0,109,0,0,48,0,48,62,23,72,0,157,96,0,96,253
05/08/2022,DSM,IA,ACE,CE,Combined TRACON& Tower with Radar,85,21,14,1,121,0,0,4,0,4,85,21,18,1,125,0,0,0,125
05/09/2022,DSM,IA,ACE,CE,Combined TRACON& Tower with Radar,76,8,38,0,122,0,4,5,0,9,76,12,43,0,131,3,0,3,134
05/10/2022,DSM,IA,ACE,CE,Combined TRACON& Tower with Radar,74,17,43,10,144,2,0,22,0,24,76,17,65,10,168,58,6,64,232
05/11/2022,DSM,IA,ACE,CE,Combined TRACON& Tower with Radar,81,20,45,1,147,0,0,6,3,9,81,20,51,4,156,28,0,28,184
05/12/2022,DSM,IA,ACE,CE,Combined TRACON& Tower with Radar,97,16,60,1,174,0,2,33,3,38,97,18,93,4,212,28,0,28,240
05/13/2022,DSM,IA,ACE,CE,Combined TRACON& Tower with Radar,88,10,50,5,153,0,1,30,0,31,88,11,80,5,184,60,6,66,250
05/14/2022,DSM,IA,ACE,CE,Combined TRACON& Tower with Radar,57,18,23,1,99,0,0,31,2,33,57,18,54,3,132,62,0,62,194
05/15/2022,DSM,IA,ACE,CE,Combined TRACON& Tower with Radar,83,16,20,4,123,0,0,22,7,29,83,16,42,11,152,110,0,110,262
05/16/2022,DSM,IA,ACE,CE,Combined TRACON& Tower with Radar,77,16,49,4,146,0,2,43,0,45,77,18,92,4,191,56,0,56,247
05/17/2022,DSM,IA,ACE,CE,Combined TRACON& Tower with Radar,76,25,48,6,155,0,0,26,2,28,76,25,74,8,183,30,0,30,213
05/18/2022,DSM,IA,ACE,CE,Combined TRACON& Tower with Radar,76,16,55,3,150,0,2,29,0,31,76,18,84,3,181,20,0,20,201
05/19/2022,DSM,IA,ACE,CE,Combined TRACON& Tower with Radar,97,14,37,6,154,0,3,15,1,19,97,17,52,7,173,26,0,26,199
05/20/2022,DSM,IA,ACE,CE,Combined TRACON& Tower with Radar,89,29,39,19,176,2,0,27,0,29,91,29,66,19,205,102,2,104,309
05/21/2022,DSM,IA,ACE,CE,Combined TRACON& Tower with Radar,63,17,20,0,100,0,2,22,0,24,63,19,42,0,124,60,0,60,184
05/22/2022,DSM,IA,ACE,CE,Combined TRACON& Tower with Radar,83,17,10,5,115,1,2,23,0,26,84,19,33,5,141,48,0,48,189
05/23/2022,DSM,IA,ACE,CE,Combined TRACON& Tower with Radar,80,10,51,4,145,0,0,26,0,26,80,10,77,4,171,56,0,56,227
05/24/2022,DSM,IA,ACE,CE,Combined TRACON& Tower with Radar,70,18,44,6,138,0,0,20,0,20,70,18,64,6,158,62,6,68,226
05/25/2022,DSM,IA,ACE,CE,Combined TRACON& Tower with Radar,77,10,49,3,139,0,0,0,0,0,77,10,49,3,139,0,0,0,139
05/26/2022,DSM,IA,ACE,CE,Combined TRACON& Tower with Radar,88,22,45,11,166,2,0,2,0,4,90,22,47,11,170,16,0,16,186
05/27/2022,DSM,IA,ACE,CE,Combined TRACON& Tower with Radar,87,18,49,0,154,0,4,43,4,51,87,22,92,4,205,6,0,6,211
05/28/2022,DSM,IA,ACE,CE,Combined TRACON& Tower with Radar,69,16,8,0,93,0,4,7,0,11,69,20,15,0,104,4,0,4,108
05/29/2022,DSM,IA,ACE,CE,Combined TRACON& Tower with Radar,78,15,13,0,106,0,0,1,0,1,78,15,14,0,107,0,0,0,107
05/30/2022,DSM,IA,ACE,CE,Combined TRACON& Tower with Radar,82,14,23,2,121,0,0,4,0,4,82,14,27,2,125,0,0,0,125
05/31/2022,DSM,IA,ACE,CE,Combined TRACON& Tower with Radar,70,14,31,3,118,0,2,18,4,24,70,16,49,7,142,18,0,18,160
06/01/2022,DSM,IA,ACE,CE,Combined TRACON& Tower with Radar,80,19,37,28,164,0,2,27,6,35,80,21,64,34,199,66,2,68,267
06/02/2022,DSM,IA,ACE,CE,Combined TRACON& Tower with Radar,88,22,45,0,155,0,1,31,0,32,88,23,76,0,187,52,0,52,239
06/03/2022,DSM,IA,ACE,CE,Combined TRACON& Tower with Radar,82,18,62,4,166,0,1,53,2,56,82,19,115,6,222,16,0,16,238
06/04/2022,DSM,IA,ACE,CE,Combined TRACON& Tower with Radar,77,18,18,1,114,1,2,7,1,11,78,20,25,2,125,10,0,10,135
06/05/2022,DSM,IA,ACE,CE,Combined TRACON& Tower with Radar,92,13,28,1,134,0,0,11,1,12,92,13,39,2,146,0,0,0,146
06/06/2022,DSM,IA,ACE,CE,Combined TRACON& Tower with Radar,82,14,41,2,139,0,0,3,3,6,82,14,44,5,145,0,0,0,145
06/07/2022,DSM,IA,ACE,CE,Combined TRACON& Tower with Radar,77,24,53,9,163,0,3,38,2,43,77,27,91,11,206,10,16,26,232
06/08/2022,DSM,IA,ACE,CE,Combined TRACON& Tower with Radar,84,24,59,2,169,0,0,16,0,16,84,24,75,2,185,36,2,38,223
06/09/2022,DSM,IA,ACE,CE,Combined TRACON& Tower with Radar,90,23,50,3,166,0,0,23,3,26,90,23,73,6,192,70,0,70,262
06/10/2022,DSM,IA,ACE,CE,Combined TRACON& Tower with Radar,87,20,42,5,154,0,2,25,0,27,87,22,67,5,181,41,0,41,222
06/11/2022,DSM,IA,ACE,CE,Combined TRACON& Tower with Radar,73,19,28,1,121,0,0,10,4,14,73,19,38,5,135,0,0,0,135
06/12/2022,DSM,IA,ACE,CE,Combined TRACON& Tower with Radar,88,22,33,2,145,0,3,22,2,27,88,25,55,4,172,14,0,14,186
06/13/2022,DSM,IA,ACE,CE,Combined TRACON& Tower with Radar,87,27,61,3,178,0,1,12,4,17,87,28,73,7,195,22,10,32,227
06/14/2022,DSM,IA,ACE,CE,Combined TRACON& Tower with Radar,81,11,62,4,158,0,0,8,3,11,81,11,70,7,169,0,0,0,169
06/15/2022,DSM,IA,ACE,CE,Combined TRACON& Tower with Radar,80,21,69,0,170,0,0,9,2,11,80,21,78,2,181,0,0,0,181
06/16/2022,DSM,IA,ACE,CE,Combined TRACON& Tower with Radar,95,31,56,0,182,0,0,48,2,50,95,31,104,2,232,28,0,28,260
06/17/2022,DSM,IA,ACE,CE,Combined TRACON& Tower with Radar,86,31,67,3,187,1,2,39,0,42,87,33,106,3,229,34,0,34,263
06/18/2022,DSM,IA,ACE,CE,Combined TRACON& Tower with Radar,74,11,19,2,106,0,0,35,0,35,74,11,54,2,141,54,0,54,195
06/19/2022,DSM,IA,ACE,CE,Combined TRACON& Tower with Radar,92,21,28,4,145,0,0,19,4,23,92,21,47,8,168,32,8,40,208
06/20/2022,DSM,IA,ACE,CE,Combined TRACON& Tower with Radar,84,21,41,1,147,0,1,16,0,17,84,22,57,1,164,20,0,20,184
06/21/2022,DSM,IA,ACE,CE,Combined TRACON& Tower with Radar,81,13,37,5,136,0,0,22,2,24,81,13,59,7,160,20,2,22,182
06/22/2022,DSM,IA,ACE,CE,Combined TRACON& Tower with Radar,86,24,62,2,174,2,0,55,0,57,88,24,117,2,231,38,0,38,269
06/23/2022,DSM,IA,ACE,CE,Combined TRACON& Tower with Radar,95,20,58,5,178,0,0,52,3,55,95,20,110,8,233,36,0,36,269
06/24/2022,DSM,IA,ACE,CE,Combined TRACON& Tower with Radar,85,20,42,2,149,2,1,17,0,20,87,21,59,2,169,24,0,24,193
06/25/2022,DSM,IA,ACE,CE,Combined TRACON& Tower with Radar,77,19,16,2,114,0,1,11,0,12,77,20,27,2,126,60,0,60,186
06/26/2022,DSM,IA,ACE,CE,Combined TRACON& Tower with Radar,90,16,29,0,135,1,2,39,0,42,91,18,68,0,177,28,0,28,205
06/27/2022,DSM,IA,ACE,CE,Combined TRACON& Tower with Radar,78,21,47,1,147,0,3,63,0,66,78,24,110,1,213,60,0,60,273
06/28/2022,DSM,IA,ACE,CE,Combined TRACON& Tower with Radar,81,19,51,12,163,0,0,27,1,28,81,19,78,13,191,2,8,10,201
06/29/2022,DSM,IA,ACE,CE,Combined TRACON& Tower with Radar,76,18,53,8,155,0,1,39,6,46,76,19,92,14,201,56,2,58,259
06/30/2022,DSM,IA,ACE,CE,Combined TRACON& Tower with Radar,97,26,68,2,193,0,2,23,2,27,97,28,91,4,220,0,1,1,221
07/01/2022,DSM,IA,ACE,CE,Combined TRACON& Tower with Radar,89,19,42,0,150,1,0,41,0,42,90,19,83,0,192,58,0,58,250
07/02/2022,DSM,IA,ACE,CE,Combined TRACON& Tower with Radar,83,18,17,0,118,0,1,36,0,37,83,19,53,0,155,52,0,52,207
07/03/2022,DSM,IA,ACE,CE,Combined TRACON& Tower with Radar,81,9,17,0,107,0,1,16,0,17,81,10,33,0,124,94,0,94,218
07/04/2022,DSM,IA,ACE,CE,Combined TRACON& Tower with Radar,72,9,11,0,92,0,2,7,0,9,72,11,18,0,101,0,0,0,101
07/05/2022,DSM,IA,ACE,CE,Combined TRACON& Tower with Radar,84,13,46,4,147,0,1,32,0,33,84,14,78,4,180,48,0,48,228
07/06/2022,DSM,IA,ACE,CE,Combined TRACON& Tower with Radar,82,21,62,4,169,0,2,7,0,9,82,23,69,4,178,94,0,94,272
07/07/2022,DSM,IA,ACE,CE,Combined TRACON& Tower with Radar,89,30,42,0,161,1,0,9,0,10,90,30,51,0,171,46,0,46,217
07/08/2022,DSM,IA,ACE,CE,Combined TRACON& Tower with Radar,85,20,46,4,155,0,0,15,0,15,85,20,61,4,170,39,0,39,209
07/09/2022,DSM,IA,ACE,CE,Combined TRACON& Tower with Radar,83,21,29,0,133,0,1,57,0,58,83,22,86,0,191,80,0,80,271
07/10/2022,DSM,IA,ACE,CE,Combined TRACON& Tower with Radar,90,12,29,1,132,0,0,32,0,32,90,12,61,1,164,28,0,28,192
07/11/2022,DSM,IA,ACE,CE,Combined TRACON& Tower with Radar,80,18,43,2,143,0,0,32,2,34,80,18,75,4,177,82,0,82,259
07/12/2022,DSM,IA,ACE,CE,Combined TRACON& Tower with Radar,78,21,58,1,158,0,2,37,0,39,78,23,95,1,197,148,4,152,349
07/13/2022,DSM,IA,ACE,CE,Combined TRACON& Tower with Radar,78,25,61,5,169,1,0,38,4,43,79,25,99,9,212,159,2,161,373
07/14/2022,DSM,IA,ACE,CE,Combined TRACON& Tower with Radar,83,28,57,13,181,2,1,40,1,44,85,29,97,14,225,54,0,54,279
07/15/2022,DSM,IA,ACE,CE,Combined TRACON& Tower with Radar,90,18,58,8,174,0,4,15,5,24,90,22,73,13,198,44,8,52,250
07/16/2022,DSM,IA,ACE,CE,Combined TRACON& Tower with Radar,79,22,25,0,126,0,0,8,0,8,79,22,33,0,134,38,0,38,172
07/17/2022,DSM,IA,ACE,CE,Combined TRACON& Tower with Radar,89,17,23,3,132,0,3,24,0,27,89,20,47,3,159,142,0,142,301
07/18/2022,DSM,IA,ACE,CE,Combined TRACON& Tower with Radar,78,28,44,14,164,0,0,46,0,46,78,28,90,14,210,84,16,100,310
07/19/2022,DSM,IA,ACE,CE,Combined TRACON& Tower with Radar,77,25,42,1,145,0,2,14,1,17,77,27,56,2,162,20,2,22,184
07/20/2022,DSM,IA,ACE,CE,Combined TRACON& Tower with Radar,82,26,58,0,166,0,2,33,0,35,82,28,91,0,201,0,0,0,201
07/21/2022,DSM,IA,ACE,CE,Combined TRACON& Tower with Radar,93,25,57,0,175,0,3,34,0,37,93,28,91,0,212,64,0,64,276
07/22/2022,DSM,IA,ACE,CE,Combined TRACON& Tower with Radar,88,28,48,0,164,0,2,21,0,23,88,30,69,0,187,26,0,26,213
07/23/2022,DSM,IA,ACE,CE,Combined TRACON& Tower with Radar,75,16,16,0,107,0,0,25,0,25,75,16,41,0,132,0,0,0,132
07/24/2022,DSM,IA,ACE,CE,Combined TRACON& Tower with Radar,88,16,39,0,143,1,4,36,0,41,89,20,75,0,184,30,0,30,214
07/25/2022,DSM,IA,ACE,CE,Combined TRACON& Tower with Radar,82,20,40,7,149,0,0,29,2,31,82,20,69,9,180,36,0,36,216
07/26/2022,DSM,IA,ACE,CE,Combined TRACON& Tower with Radar,72,23,54,2,151,0,3,17,0,20,72,26,71,2,171,72,0,72,243
07/27/2022,DSM,IA,ACE,CE,Combined TRACON& Tower with Radar,84,19,44,5,152,0,0,30,1,31,84,19,74,6,183,40,0,40,223
07/28/2022,DSM,IA,ACE,CE,Combined TRACON& Tower with Radar,93,32,51,9,185,0,0,39,1,40,93,32,90,10,225,90,0,90,315
07/29/2022,DSM,IA,ACE,CE,Combined TRACON& Tower with Radar,86,17,46,2,151,0,0,51,0,51,86,17,97,2,202,8,0,8,210
07/30/2022,DSM,IA,ACE,CE,Combined TRACON& Tower with Radar,77,19,22,0,118,0,0,55,0,55,77,19,77,0,173,70,0,70,243
07/31/2022,DSM,IA,ACE,CE,Combined TRACON& Tower with Radar,92,27,43,1,163,0,3,37,0,40,92,30,80,1,203,54,0,54,257
08/01/2022,DSM,IA,ACE,CE,Combined TRACON& Tower with Radar,77,15,46,2,140,0,2,40,1,43,77,17,86,3,183,100,0,100,283
08/02/2022,DSM,IA,ACE,CE,Combined TRACON& Tower with Radar,73,19,30,1,123,0,4,28,4,36,73,23,58,5,159,42,0,42,201
08/03/2022,DSM,IA,ACE,CE,Combined TRACON& Tower with Radar,83,17,49,3,152,0,3,21,6,30,83,20,70,9,182,16,0,16,198
08/04/2022,DSM,IA,ACE,CE,Combined TRACON& Tower with Radar,97,16,38,5,156,0,0,45,7,52,97,16,83,12,208,166,17,183,391
08/05/2022,DSM,IA,ACE,CE,Combined TRACON& Tower with Radar,77,13,42,1,133,0,0,36,2,38,77,13,78,3,171,26,0,26,197
08/06/2022,DSM,IA,ACE,CE,Combined TRACON& Tower with Radar,85,12,29,4,130,0,2,18,1,21,85,14,47,5,151,44,0,44,195
08/07/2022,DSM,IA,ACE,CE,Combined TRACON& Tower with Radar,86,10,39,2,137,0,2,16,1,19,86,12,55,3,156,52,0,52,208
08/08/2022,DSM,IA,ACE,CE,Combined TRACON& Tower with Radar,82,12,58,9,161,0,0,9,1,10,82,12,67,10,171,4,0,4,175
08/09/2022,DSM,IA,ACE,CE,Combined TRACON& Tower with Radar,75,14,54,8,151,0,0,33,0,33,75,14,87,8,184,44,0,44,228
08/10/2022,DSM,IA,ACE,CE,Combined TRACON& Tower with Radar,75,25,43,9,152,0,4,43,2,49,75,29,86,11,201,98,0,98,299
08/11/2022,DSM,IA,ACE,CE,Combined TRACON& Tower with Radar,93,13,62,3,171,0,0,25,1,26,93,13,87,4,197,78,4,82,279
08/12/2022,DSM,IA,ACE,CE,Combined TRACON& Tower with Radar,83,28,55,2,168,0,3,26,0,29,83,31,81,2,197,26,0,26,223
08/13/2022,DSM,IA,ACE,CE,Combined TRACON& Tower with Radar,86,22,15,3,126,2,0,37,0,39,88,22,52,3,165,22,0,22,187
08/14/2022,DSM,IA,ACE,CE,Combined TRACON& Tower with Radar,91,18,38,2,149,0,0,21,0,21,91,18,59,2,170,52,0,52,222
08/15/2022,DSM,IA,ACE,CE,Combined TRACON& Tower with Radar,77,33,49,7,166,0,0,8,0,8,77,33,57,7,174,16,0,16,190
08/16/2022,DSM,IA,ACE,CE,Combined TRACON& Tower with Radar,75,22,54,13,164,0,2,31,1,34,75,24,85,14,198,45,12,57,255
08/17/2022,DSM,IA,ACE,CE,Combined TRACON& Tower with Radar,67,19,43,2,131,0,1,43,2,46,67,20,86,4,177,96,0,96,273
08/18/2022,DSM,IA,ACE,CE,Combined TRACON& Tower with Radar,89,29,59,7,184,3,0,56,4,63,92,29,115,11,247,66,9,75,322
08/19/2022,DSM,IA,ACE,CE,Combined TRACON& Tower with Radar,89,13,45,5,152,1,4,15,0,20,90,17,60,5,172,2,2,4,176
08/20/2022,DSM,IA,ACE,CE,Combined TRACON& Tower with Radar,65,11,26,3,105,2,0,9,0,11,67,11,35,3,116,52,0,52,168
08/21/2022,DSM,IA,ACE,CE,Combined TRACON& Tower with Radar,81,26,51,1,159,3,0,17,0,20,84,26,68,1,179,24,0,24,203
08/22/2022,DSM,IA,ACE,CE,Combined TRACON& Tower with Radar,72,23,55,4,154,0,2,41,0,43,72,25,96,4,197,59,0,59,256
08/23/2022,DSM,IA,ACE,CE,Combined TRACON& Tower with Radar,76,15,55,14,160,0,2,40,0,42,76,17,95,14,202,26,12,38,240
08/24/2022,DSM,IA,ACE,CE,Combined TRACON& Tower with Radar,70,20,50,2,142,0,1,25,1,27,70,21,75,3,169,6,0,6,175
08/25/2022,DSM,IA,ACE,CE,Combined TRACON& Tower with Radar,94,30,56,4,184,0,2,24,4,30,94,32,80,8,214,76,14,90,304
08/26/2022,DSM,IA,ACE,CE,Combined TRACON& Tower with Radar,87,27,58,3,175,0,0,48,1,49,87,27,106,4,224,55,10,65,289
08/27/2022,DSM,IA,ACE,CE,Combined TRACON& Tower with Radar,69,17,20,0,106,0,1,41,0,42,69,18,61,0,148,20,0,20,168
08/28/2022,DSM,IA,ACE,CE,Combined TRACON& Tower with Radar,93,19,31,0,143,0,0,10,0,10,93,19,41,0,153,0,0,0,153
08/29/2022,DSM,IA,ACE,CE,Combined TRACON& Tower with Radar,80,17,19,5,121,0,3,24,1,28,80,20,43,6,149,66,0,66,215
08/30/2022,DSM,IA,ACE,CE,Combined TRACON& Tower with Radar,71,20,59,23,173,0,0,46,1,47,71,20,105,24,220,80,20,100,320
08/31/2022,DSM,IA,ACE,CE,Combined TRACON& Tower with Radar,70,52,52,5,179,0,2,43,1,46,70,54,95,6,225,30,0,30,255
09/01/2022,DSM,IA,ACE,CE,Combined TRACON& Tower with Radar,89,13,48,2,152,1,1,35,2,39,90,14,83,4,191,26,0,26,217
09/02/2022,DSM,IA,ACE,CE,Combined TRACON& Tower with Radar,85,24,31,5,145,1,0,39,1,41,86,24,70,6,186,48,8,56,242
09/03/2022,DSM,IA,ACE,CE,Combined TRACON& Tower with Radar,60,10,17,0,87,0,3,22,0,25,60,13,39,0,112,46,0,46,158
09/04/2022,DSM,IA,ACE,CE,Combined TRACON& Tower with Radar,83,16,19,0,118,0,0,13,0,13,83,16,32,0,131,0,0,0,131
09/05/2022,DSM,IA,ACE,CE,Combined TRACON& Tower with Radar,78,26,35,0,139,4,1,14,0,19,82,27,49,0,158,84,0,84,242
09/06/2022,DSM,IA,ACE,CE,Combined TRACON& Tower with Radar,74,20,51,8,153,0,0,33,6,39,74,20,84,14,192,38,0,38,230
09/07/2022,DSM,IA,ACE,CE,Combined TRACON& Tower with Radar,71,12,36,4,123,0,4,42,2,48,71,16,78,6,171,74,0,74,245
09/08/2022,DSM,IA,ACE,CE,Combined TRACON& Tower with Radar,91,11,44,7,153,1,0,48,3,52,92,11,92,10,205,56,0,56,261
09/09/2022,DSM,IA,ACE,CE,Combined TRACON& Tower with Radar,84,19,66,6,175,0,2,33,0,35,84,21,99,6,210,20,4,24,234
09/10/2022,DSM,IA,ACE,CE,Combined TRACON& Tower with Radar,64,17,19,2,102,0,1,0,0,1,64,18,19,2,103,0,0,0,103
09/11/2022,DSM,IA,ACE,CE,Combined TRACON& Tower with Radar,91,15,36,0,142,0,6,23,5,34,91,21,59,5,176,84,6,90,266
09/12/2022,DSM,IA,ACE,CE,Combined TRACON& Tower with Radar,79,23,43,2,147,0,1,47,0,48,79,24,90,2,195,60,0,60,255
09/13/2022,DSM,IA,ACE,CE,Combined TRACON& Tower with Radar,77,19,41,5,142,0,0,45,7,52,77,19,86,12,194,104,14,118,312
09/14/2022,DSM,IA,ACE,CE,Combined TRACON& Tower with Radar,74,17,56,12,159,0,1,33,16,50,74,18,89,28,209,10,8,18,227
09/15/2022,DSM,IA,ACE,CE,Combined TRACON& Tower with Radar,94,23,64,2,183,2,2,32,12,48,96,25,96,14,231,84,0,84,315
09/16/2022,DSM,IA,ACE,CE,Combined TRACON& Tower with Radar,89,18,66,0,173,0,3,24,2,29,89,21,90,2,202,0,0,0,202
09/17/2022,DSM,IA,ACE,CE,Combined TRACON& Tower with Radar,61,11,15,0,87,0,0,0,0,0,61,11,15,0,87,0,0,0,87
09/18/2022,DSM,IA,ACE,CE,Combined TRACON& Tower with Radar,94,15,40,0,149,0,0,24,2,26,94,15,64,2,175,87,0,87,262
09/19/2022,DSM,IA,ACE,CE,Combined TRACON& Tower with Radar,80,18,49,7,154,0,1,37,3,41,80,19,86,10,195,82,2,84,279
09/20/2022,DSM,IA,ACE,CE,Combined TRACON& Tower with Radar,78,17,42,4,141,0,0,13,4,17,78,17,55,8,158,22,0,22,180
09/21/2022,DSM,IA,ACE,CE,Combined TRACON& Tower with Radar,77,15,57,7,156,0,0,14,2,16,77,15,71,9,172,46,0,46,218
09/22/2022,DSM,IA,ACE,CE,Combined TRACON& Tower with Radar,95,14,53,5,167,0,3,45,3,51,95,17,98,8,218,48,14,62,280
09/23/2022,DSM,IA,ACE,CE,Combined TRACON& Tower with Radar,90,16,45,2,153,0,0,7,0,7,90,16,52,2,160,4,0,4,164
09/24/2022,DSM,IA,ACE,CE,Combined TRACON& Tower with Radar,68,14,15,0,97,0,0,29,0,29,68,14,44,0,126,24,0,24,150
09/25/2022,DSM,IA,ACE,CE,Combined TRACON& Tower with Radar,92,19,23,0,134,2,0,24,0,26,94,19,47,0,160,20,0,20,180
09/26/2022,DSM,IA,ACE,CE,Combined TRACON& Tower with Radar,81,11,47,6,145,0,2,33,3,38,81,13,80,9,183,62,4,66,249
09/27/2022,DSM,IA,ACE,CE,Combined TRACON& Tower with Radar,74,18,65,0,157,0,0,55,2,57,74,18,120,2,214,64,0,64,278
09/28/2022,DSM,IA,ACE,CE,Combined TRACON& Tower with Radar,71,8,53,0,132,0,1,59,0,60,71,9,112,0,192,86,0,86,278
09/29/2022,DSM,IA,ACE,CE,Combined TRACON& Tower with Radar,91,15,46,2,154,2,0,57,2,61,93,15,103,4,215,100,0,100,315
09/30/2022,DSM,IA,ACE,CE,Combined TRACON& Tower with Radar,82,16,34,5,137,0,0,39,0,39,82,16,73,5,176,48,0,48,224
10/01/2022,DSM,IA,ACE,CE,Combined TRACON& Tower with Radar,65,17,21,3,106,0,0,35,0,35,65,17,56,3,141,90,0,90,231
10/02/2022,DSM,IA,ACE,CE,Combined TRACON& Tower with Radar,92,13,21,2,128,1,0,41,0,42,93,13,62,2,170,40,1,41,211
10/03/2022,DSM,IA,ACE,CE,Combined TRACON& Tower with Radar,81,11,42,3,137,0,6,44,0,50,81,17,86,3,187,58,0,58,245
10/04/2022,DSM,IA,ACE,CE,Combined TRACON& Tower with Radar,77,10,49,8,144,0,0,41,0,41,77,10,90,8,185,95,0,95,280
10/05/2022,DSM,IA,ACE,CE,Combined TRACON& Tower with Radar,70,17,64,3,154,0,2,31,2,35,70,19,95,5,189,120,0,120,309
10/06/2022,DSM,IA,ACE,CE,Combined TRACON& Tower with Radar,100,19,72,7,198,0,5,29,1,35,100,24,101,8,233,40,2,42,275
10/07/2022,DSM,IA,ACE,CE,Combined TRACON& Tower with Radar,91,10,49,0,150,0,1,37,1,39,91,11,86,1,189,64,0,64,253
10/08/2022,DSM,IA,ACE,CE,Combined TRACON& Tower with Radar,76,11,17,0,104,0,0,26,0,26,76,11,43,0,130,26,0,26,156
10/09/2022,DSM,IA,ACE,CE,Combined TRACON& Tower with Radar,100,23,18,4,145,0,3,48,0,51,100,26,66,4,196,56,0,56,252
10/10/2022,DSM,IA,ACE,CE,Combined TRACON& Tower with Radar,84,14,43,0,141,0,4,56,0,60,84,18,99,0,201,68,0,68,269
10/11/2022,DSM,IA,ACE,CE,Combined TRACON& Tower with Radar,82,12,49,4,147,0,0,15,0,15,82,12,64,4,162,2,0,2,164
10/12/2022,DSM,IA,ACE,CE,Combined TRACON& Tower with Radar,77,21,54,22,174,0,5,25,6,36,77,26,79,28,210,30,44,74,284
10/13/2022,DSM,IA,ACE,CE,Combined TRACON& Tower with Radar,102,22,50,2,176,0,0,10,2,12,102,22,60,4,188,0,0,0,188
10/14/2022,DSM,IA,ACE,CE,Combined TRACON& Tower with Radar,94,20,37,3,154,0,1,31,0,32,94,21,68,3,186,40,0,40,226
10/15/2022,DSM,IA,ACE,CE,Combined TRACON& Tower with Radar,67,17,29,0,113,0,2,31,0,33,67,19,60,0,146,30,0,30,176
10/16/2022,DSM,IA,ACE,CE,Combined TRACON& Tower with Radar,99,15,33,0,147,0,2,27,0,29,99,17,60,0,176,48,0,48,224
10/17/2022,DSM,IA,ACE,CE,Combined TRACON& Tower with Radar,84,18,48,4,154,0,0,32,0,32,84,18,80,4,186,28,0,28,214
10/18/2022,DSM,IA,ACE,CE,Combined TRACON& Tower with Radar,80,14,33,9,136,0,2,26,0,28,80,16,59,9,164,54,0,54,218
10/19/2022,DSM,IA,ACE,CE,Combined TRACON& Tower with Radar,78,18,45,2,143,0,4,46,2,52,78,22,91,4,195,54,0,54,249
10/20/2022,DSM,IA,ACE,CE,Combined TRACON& Tower with Radar,100,19,60,2,181,0,3,33,2,38,100,22,93,4,219,54,0,54,273
10/21/2022,DSM,IA,ACE,CE,Combined TRACON& Tower with Radar,91,14,51,1,157,0,2,67,1,70,91,16,118,2,227,36,0,36,263
10/22/2022,DSM,IA,ACE,CE,Combined TRACON& Tower with Radar,73,11,21,2,107,0,0,35,1,36,73,11,56,3,143,30,0,30,173
10/23/2022,DSM,IA,ACE,CE,Combined TRACON& Tower with Radar,96,17,27,3,143,0,0,14,0,14,96,17,41,3,157,0,0,0,157
10/24/2022,DSM,IA,ACE,CE,Combined TRACON& Tower with Radar,84,14,32,2,132,0,0,4,0,4,84,14,36,2,136,30,0,30,166
10/25/2022,DSM,IA,ACE,CE,Combined TRACON& Tower with Radar,79,15,58,12,164,0,0,31,0,31,79,15,89,12,195,56,0,56,251
10/26/2022,DSM,IA,ACE,CE,Combined TRACON& Tower with Radar,77,17,47,4,145,0,1,41,2,44,77,18,88,6,189,124,0,124,313
10/27/2022,DSM,IA,ACE,CE,Combined TRACON& Tower with Radar,100,27,48,12,187,0,0,41,0,41,100,27,89,12,228,40,10,50,278
10/28/2022,DSM,IA,ACE,CE,Combined TRACON& Tower with Radar,89,22,57,11,179,0,0,45,1,46,89,22,102,12,225,54,14,68,293
10/29/2022,DSM,IA,ACE,CE,Combined TRACON& Tower with Radar,67,13,22,0,102,1,1,41,1,44,68,14,63,1,146,46,0,46,192
10/30/2022,DSM,IA,ACE,CE,Combined TRACON& Tower with Radar,92,18,17,0,127,0,1,26,0,27,92,19,43,0,154,75,0,75,229
10/31/2022,DSM,IA,ACE,CE,Combined TRACON& Tower with Radar,73,7,39,1,120,0,2,41,0,43,73,9,80,1,163,154,2,156,319
11/01/2022,DSM,IA,ACE,CE,Combined TRACON& Tower with Radar,82,15,31,3,131,0,3,44,0,47,82,18,75,3,178,84,0,84,262
11/02/2022,DSM,IA,ACE,CE,Combined TRACON& Tower with Radar,77,13,54,2,146,0,3,26,4,33,77,16,80,6,179,75,4,79,258
11/03/2022,DSM,IA,ACE,CE,Combined TRACON& Tower with Radar,95,7,57,2,161,4,0,5,2,11,99,7,62,4,172,2,0,2,174
11/04/2022,DSM,IA,ACE,CE,Combined TRACON& Tower with Radar,87,6,39,0,132,0,0,2,0,2,87,6,41,0,134,0,0,0,134
11/05/2022,DSM,IA,ACE,CE,Combined TRACON& Tower with Radar,63,8,26,4,101,0,2,6,3,11,63,10,32,7,112,36,0,36,148
11/06/2022,DSM,IA,ACE,CE,Combined TRACON& Tower with Radar,92,15,39,0,146,0,4,38,0,42,92,19,77,0,188,62,0,62,250
11/07/2022,DSM,IA,ACE,CE,Combined TRACON& Tower with Radar,78,12,39,0,129,0,4,51,0,55,78,16,90,0,184,100,0,100,284
11/08/2022,DSM,IA,ACE,CE,Combined TRACON& Tower with Radar,75,13,45,3,136,0,0,23,1,24,75,13,68,4,160,38,0,38,198
11/09/2022,DSM,IA,ACE,CE,Combined TRACON& Tower with Radar,73,4,58,3,138,0,2,5,1,8,73,6,63,4,146,4,0,4,150
11/10/2022,DSM,IA,ACE,CE,Combined TRACON& Tower with Radar,97,28,54,0,179,0,0,8,0,8,97,28,62,0,187,14,0,14,201
11/11/2022,DSM,IA,ACE,CE,Combined TRACON& Tower with Radar,86,16,67,0,169,1,1,12,0,14,87,17,79,0,183,124,0,124,307
11/12/2022,DSM,IA,ACE,CE,Combined TRACON& Tower with Radar,62,14,15,0,91,0,0,31,0,31,62,14,46,0,122,50,0,50,172
11/13/2022,DSM,IA,ACE,CE,Combined TRACON& Tower with Radar,94,13,39,0,146,0,0,25,0,25,94,13,64,0,171,120,0,120,291
11/14/2022,DSM,IA,ACE,CE,Combined TRACON& Tower with Radar,84,9,61,6,160,0,1,42,0,43,84,10,103,6,203,130,2,132,335
11/15/2022,DSM,IA,ACE,CE,Combined TRACON& Tower with Radar,72,16,32,0,120,0,1,0,0,1,72,17,32,0,121,14,0,14,135
11/16/2022,DSM,IA,ACE,CE,Combined TRACON& Tower with Radar,76,23,55,0,154,0,1,0,0,1,76,24,55,0,155,32,2,34,189
11/17/2022,DSM,IA,ACE,CE,Combined TRACON& Tower with Radar,95,21,63,3,182,0,1,23,3,27,95,22,86,6,209,26,0,26,235
11/18/2022,DSM,IA,ACE,CE,Combined TRACON& Tower with Radar,96,14,42,20,172,0,0,39,0,39,96,14,81,20,211,36,14,50,261
11/19/2022,DSM,IA,ACE,CE,Combined TRACON& Tower with Radar,63,17,16,0,96,0,0,43,0,43,63,17,59,0,139,44,0,44,183
11/20/2022,DSM,IA,ACE,CE,Combined TRACON& Tower with Radar,100,16,33,2,151,0,2,24,0,26,100,18,57,2,177,20,0,20,197
11/21/2022,DSM,IA,ACE,CE,Combined TRACON& Tower with Radar,78,11,41,2,132,0,2,58,0,60,78,13,99,2,192,72,0,72,264
11/22/2022,DSM,IA,ACE,CE,Combined TRACON& Tower with Radar,94,6,53,8,161,0,2,70,4,76,94,8,123,12,237,152,9,161,398
11/23/2022,DSM,IA,ACE,CE,Combined TRACON& Tower with Radar,86,12,36,0,134,0,2,59,0,61,86,14,95,0,195,128,0,128,323
11/24/2022,DSM,IA,ACE,CE,Combined TRACON& Tower with Radar,46,5,5,0,56,0,2,10,0,12,46,7,15,0,68,36,0,36,104
11/25/2022,DSM,IA,ACE,CE,Combined TRACON& Tower with Radar,79,4,22,0,105,0,3,47,0,50,79,7,69,0,155,44,0,44,199
11/26/2022,DSM,IA,ACE,CE,Combined TRACON& Tower with Radar,86,16,24,0,126,0,1,29,0,30,86,17,53,0,156,62,0,62,218
11/27/2022,DSM,IA,ACE,CE,Combined TRACON& Tower with Radar,94,11,40,0,145,0,4,28,0,32,94,15,68,0,177,36,0,36,213
11/28/2022,DSM,IA,ACE,CE,Combined TRACON& Tower with Radar,87,18,33,2,140,0,5,48,1,54,87,23,81,3,194,154,1,155,349
11/29/2022,DSM,IA,ACE,CE,Combined TRACON& Tower with Radar,81,15,41,0,137,0,0,5,0,5,81,15,46,0,142,16,0,16,158
11/30/2022,DSM,IA,ACE,CE,Combined TRACON& Tower with Radar,84,25,50,16,175,0,2,33,8,43,84,27,83,24,218,11,18,29,247
12/01/2022,DSM,IA,ACE,CE,Combined TRACON& Tower with Radar,100,12,57,2,171,0,1,39,7,47,100,13,96,9,218,77,2,79,297
12/02/2022,DSM,IA,ACE,CE,Combined TRACON& Tower with Radar,91,9,46,8,154,0,0,17,0,17,91,9,63,8,171,126,4,130,301
12/03/2022,DSM,IA,ACE,CE,Combined TRACON& Tower with Radar,72,6,31,11,120,0,3,47,1,51,72,9,78,12,171,46,6,52,223
12/04/2022,DSM,IA,ACE,CE,Combined TRACON& Tower with Radar,99,10,35,0,144,0,0,55,0,55,99,10,90,0,199,106,0,106,305
12/05/2022,DSM,IA,ACE,CE,Combined TRACON& Tower with Radar,84,11,46,6,147,0,1,39,2,42,84,12,85,8,189,142,8,150,339
12/06/2022,DSM,IA,ACE,CE,Combined TRACON& Tower with Radar,81,19,51,10,161,0,1,43,0,44,81,20,94,10,205,128,12,140,345
12/07/2022,DSM,IA,ACE,CE,Combined TRACON& Tower with Radar,85,25,45,12,167,0,2,56,0,58,85,27,101,12,225,107,0,107,332
12/08/2022,DSM,IA,ACE,CE,Combined TRACON& Tower with Radar,104,15,45,0,164,0,0,0,0,0,104,15,45,0,164,0,0,0,164
12/09/2022,DSM,IA,ACE,CE,Combined TRACON& Tower with Radar,87,4,32,3,126,0,0,1,0,1,87,4,33,3,127,2,0,2,129
12/10/2022,DSM,IA,ACE,CE,Combined TRACON& Tower with Radar,70,10,12,0,92,0,0,0,0,0,70,10,12,0,92,0,0,0,92
12/11/2022,DSM,IA,ACE,CE,Combined TRACON& Tower with Radar,96,7,33,0,136,0,0,0,0,0,96,7,33,0,136,0,0,0,136
12/12/2022,DSM,IA,ACE,CE,Combined TRACON& Tower with Radar,83,11,48,0,142,0,0,0,0,0,83,11,48,0,142,0,0,0,142
12/13/2022,DSM,IA,ACE,CE,Combined TRACON& Tower with Radar,80,5,34,0,119,0,0,0,0,0,80,5,34,0,119,0,0,0,119
12/14/2022,DSM,IA,ACE,CE,Combined TRACON& Tower with Radar,82,10,46,2,140,0,3,62,2,67,82,13,108,4,207,114,0,114,321
12/15/2022,DSM,IA,ACE,CE,Combined TRACON& Tower with Radar,88,26,37,0,151,0,1,1,0,2,88,27,38,0,153,0,0,0,153
12/16/2022,DSM,IA,ACE,CE,Combined TRACON& Tower with Radar,91,16,38,0,145,0,0,0,0,0,91,16,38,0,145,0,0,0,145
12/17/2022,DSM,IA,ACE,CE,Combined TRACON& Tower with Radar,73,14,16,0,103,0,0,18,0,18,73,14,34,0,121,50,0,50,171
12/18/2022,DSM,IA,ACE,CE,Combined TRACON& Tower with Radar,87,9,19,0,115,2,2,44,2,50,89,11,63,2,165,116,0,116,281
12/19/2022,DSM,IA,ACE,CE,Combined TRACON& Tower with Radar,82,15,22,0,119,2,0,20,2,24,84,15,42,2,143,124,0,124,267
12/20/2022,DSM,IA,ACE,CE,Combined TRACON& Tower with Radar,87,24,53,2,166,1,3,44,0,48,88,27,97,2,214,88,14,102,316
12/21/2022,DSM,IA,ACE,CE,Combined TRACON& Tower with Radar,81,20,29,0,130,0,0,0,0,0,81,20,29,0,130,0,0,0,130
12/22/2022,DSM,IA,ACE,CE,Combined TRACON& Tower with Radar,69,7,12,0,88,0,0,0,0,0,69,7,12,0,88,0,0,0,88
12/23/2022,DSM,IA,ACE,CE,Combined TRACON& Tower with Radar,47,7,18,0,72,0,0,0,0,0,47,7,18,0,72,0,0,0,72
12/24/2022,DSM,IA,ACE,CE,Combined TRACON& Tower with Radar,53,15,9,0,77,0,0,7,0,7,53,15,16,0,84,2,0,2,86
12/25/2022,DSM,IA,ACE,CE,Combined TRACON& Tower with Radar,54,9,3,0,66,0,2,4,0,6,54,11,7,0,72,32,0,32,104
12/26/2022,DSM,IA,ACE,CE,Combined TRACON& Tower with Radar,73,11,31,0,115,0,0,15,0,15,73,11,46,0,130,24,0,24,154
12/27/2022,DSM,IA,ACE,CE,Combined TRACON& Tower with Radar,83,20,36,3,142,0,1,39,3,43,83,21,75,6,185,34,2,36,221
12/28/2022,DSM,IA,ACE,CE,Combined TRACON& Tower with Radar,80,13,30,0,123,0,1,38,2,41,80,14,68,2,164,23,0,23,187
12/29/2022,DSM,IA,ACE,CE,Combined TRACON& Tower with Radar,90,16,15,3,124,1,4,50,0,55,91,20,65,3,179,126,0,126,305
12/30/2022,DSM,IA,ACE,CE,Combined TRACON& Tower with Radar,82,19,15,1,117,0,0,41,0,41,82,19,56,1,158,256,0,256,414
12/31/2022,DSM,IA,ACE,CE,Combined TRACON& Tower with Radar,71,12,11,1,95,0,0,24,0,24,71,12,35,1,119,102,0,102,221
01/01/2023,DSM,IA,ACE,CE,Combined TRACON& Tower with Radar,66,13,13,0,92,0,0,21,0,21,66,13,34,0,113,90,0,90,203
01/02/2023,DSM,IA,ACE,CE,Combined TRACON& Tower with Radar,80,12,17,0,109,0,0,13,0,13,80,12,30,0,122,52,0,52,174
01/03/2023,DSM,IA,ACE,CE,Combined TRACON& Tower with Radar,105,12,19,0,136,0,0,4,0,4,105,12,23,0,140,0,0,0,140
01/04/2023,DSM,IA,ACE,CE,Combined TRACON& Tower with Radar,78,9,18,0,105,0,2,1,0,3,78,11,19,0,108,18,0,18,126
01/05/2023,DSM,IA,ACE,CE,Combined TRACON& Tower with Radar,88,15,25,7,135,0,1,2,1,4,88,16,27,8,139,78,18,96,235
01/06/2023,DSM,IA,ACE,CE,Combined TRACON& Tower with Radar,81,17,47,3,148,0,1,56,2,59,81,18,103,5,207,182,8,190,397
01/07/2023,DSM,IA,ACE,CE,Combined TRACON& Tower with Radar,63,10,32,0,105,0,1,49,0,50,63,11,81,0,155,174,0,174,329
01/08/2023,DSM,IA,ACE,CE,Combined TRACON& Tower with Radar,86,12,16,1,115,0,2,19,0,21,86,14,35,1,136,82,0,82,218
01/09/2023,DSM,IA,ACE,CE,Combined TRACON& Tower with Radar,81,8,36,1,126,0,1,37,0,38,81,9,73,1,164,106,0,106,270
01/10/2023,DSM,IA,ACE,CE,Combined TRACON& Tower with Radar,76,10,57,7,150,0,4,55,1,60,76,14,112,8,210,194,0,194,404
01/11/2023,DSM,IA,ACE,CE,Combined TRACON& Tower with Radar,75,20,37,2,134,0,0,23,0,23,75,20,60,2,157,104,0,104,261
01/12/2023,DSM,IA,ACE,CE,Combined TRACON& Tower with Radar,92,15,50,0,157,0,1,5,6,12,92,16,55,6,169,62,0,62,231
01/13/2023,DSM,IA,ACE,CE,Combined TRACON& Tower with Radar,86,13,45,13,157,0,2,35,0,37,86,15,80,13,194,134,10,144,338
01/14/2023,DSM,IA,ACE,CE,Combined TRACON& Tower with Radar,54,11,36,1,102,0,0,40,0,40,54,11,76,1,142,94,0,94,236
01/15/2023,DSM,IA,ACE,CE,Combined TRACON& Tower with Radar,87,5,34,0,126,0,2,36,0,38,87,7,70,0,164,150,0,150,314
01/16/2023,DSM,IA,ACE,CE,Combined TRACON& Tower with Radar,77,16,40,0,133,0,0,19,0,19,77,16,59,0,152,56,0,56,208
01/17/2023,DSM,IA,ACE,CE,Combined TRACON& Tower with Radar,77,16,37,4,134,0,0,1,0,1,77,16,38,4,135,94,0,94,229
01/18/2023,DSM,IA,ACE,CE,Combined TRACON& Tower with Radar,76,27,33,0,136,0,0,0,0,0,76,27,33,0,136,0,0,0,136
01/19/2023,DSM,IA,ACE,CE,Combined TRACON& Tower with Radar,90,10,23,10,133,0,0,2,0,2,90,10,25,10,135,18,0,18,153
01/20/2023,DSM,IA,ACE,CE,Combined TRACON& Tower with Radar,83,12,17,6,118,0,0,0,0,0,83,12,17,6,118,18,0,18,136
01/21/2023,DSM,IA,ACE,CE,Combined TRACON& Tower with Radar,63,11,14,0,88,0,0,0,0,0,63,11,14,0,88,0,0,0,88
01/22/2023,DSM,IA,ACE,CE,Combined TRACON& Tower with Radar,88,16,14,0,118,0,0,0,0,0,88,16,14,0,118,0,0,0,118
01/23/2023,DSM,IA,ACE,CE,Combined TRACON& Tower with Radar,78,12,52,4,146,0,0,23,2,25,78,12,75,6,171,60,10,70,241
01/24/2023,DSM,IA,ACE,CE,Combined TRACON& Tower with Radar,76,17,51,4,148,0,0,21,0,21,76,17,72,4,169,112,0,112,281
01/25/2023,DSM,IA,ACE,CE,Combined TRACON& Tower with Radar,72,14,54,2,142,0,0,6,2,8,72,14,60,4,150,74,0,74,224
01/26/2023,DSM,IA,ACE,CE,Combined TRACON& Tower with Radar,94,14,68,4,180,0,5,74,2,81,94,19,142,6,261,160,0,160,421
01/27/2023,DSM,IA,ACE,CE,Combined TRACON& Tower with Radar,85,9,41,2,137,1,1,24,0,26,86,10,65,2,163,63,0,63,226
01/28/2023,DSM,IA,ACE,CE,Combined TRACON& Tower with Radar,59,17,8,0,84,0,1,2,0,3,59,18,10,0,87,40,0,40,127
01/29/2023,DSM,IA,ACE,CE,Combined TRACON& Tower with Radar,88,16,24,0,128,0,0,40,0,40,88,16,64,0,168,94,0,94,262
01/30/2023,DSM,IA,ACE,CE,Combined TRACON& Tower with Radar,76,21,37,1,135,0,0,41,0,41,76,21,78,1,176,208,0,208,384
01/31/2023,DSM,IA,ACE,CE,Combined TRACON& Tower with Radar,66,5,40,0,111,0,4,59,0,63,66,9,99,0,174,178,0,178,352
02/01/2023,DSM,IA,ACE,CE,Combined TRACON& Tower with Radar,64,14,44,2,124,1,3,53,0,57,65,17,97,2,181,92,4,96,277
02/02/2023,DSM,IA,ACE,CE,Combined TRACON& Tower with Radar,89,4,46,2,141,0,0,28,0,28,89,4,74,2,169,120,0,120,289
02/03/2023,DSM,IA,ACE,CE,Combined TRACON& Tower with Radar,85,17,41,2,145,2,1,48,0,51,87,18,89,2,196,98,0,98,294
02/04/2023,DSM,IA,ACE,CE,Combined TRACON& Tower with Radar,70,9,20,0,99,0,0,43,4,47,70,9,63,4,146,124,0,124,270
02/05/2023,DSM,IA,ACE,CE,Combined TRACON& Tower with Radar,91,13,22,1,127,0,1,42,3,46,91,14,64,4,173,88,0,88,261
02/06/2023,DSM,IA,ACE,CE,Combined TRACON& Tower with Radar,83,13,28,2,126,0,0,33,0,33,83,13,61,2,159,52,0,52,211
02/07/2023,DSM,IA,ACE,CE,Combined TRACON& Tower with Radar,72,7,52,4,135,0,7,36,2,45,72,14,88,6,180,152,12,164,344
02/08/2023,DSM,IA,ACE,CE,Combined TRACON& Tower with Radar,69,9,42,2,122,0,4,44,3,51,69,13,86,5,173,133,0,133,306
02/09/2023,DSM,IA,ACE,CE,Combined TRACON& Tower with Radar,93,15,38,2,148,2,1,2,3,8,95,16,40,5,156,24,0,24,180
02/10/2023,DSM,IA,ACE,CE,Combined TRACON& Tower with Radar,88,15,37,2,142,0,1,47,0,48,88,16,84,2,190,124,0,124,314
02/11/2023,DSM,IA,ACE,CE,Combined TRACON& Tower with Radar,68,12,18,0,98,0,0,51,0,51,68,12,69,0,149,84,0,84,233
02/12/2023,DSM,IA,ACE,CE,Combined TRACON& Tower with Radar,88,25,17,0,130,0,2,47,0,49,88,27,64,0,179,20,0,20,199
02/13/2023,DSM,IA,ACE,CE,Combined TRACON& Tower with Radar,80,18,61,2,161,0,3,65,0,68,80,21,126,2,229,128,0,128,357
02/14/2023,DSM,IA,ACE,CE,Combined TRACON& Tower with Radar,73,15,36,0,124,0,0,8,0,8,73,15,44,0,132,58,0,58,190
02/15/2023,DSM,IA,ACE,CE,Combined TRACON& Tower with Radar,73,28,37,0,138,1,4,6,0,11,74,32,43,0,149,94,0,94,243
02/16/2023,DSM,IA,ACE,CE,Combined TRACON& Tower with Radar,89,13,27,0,129,0,0,1,0,1,89,13,28,0,130,0,0,0,130
02/17/2023,DSM,IA,ACE,CE,Combined TRACON& Tower with Radar,95,14,50,2,161,3,5,31,0,39,98,19,81,2,200,133,0,133,333
02/18/2023,DSM,IA,ACE,CE,Combined TRACON& Tower with Radar,67,21,18,0,106,0,1,58,0,59,67,22,76,0,165,218,0,218,383
02/19/2023,DSM,IA,ACE,CE,Combined TRACON& Tower with Radar,85,21,18,0,124,0,0,45,0,45,85,21,63,0,169,116,0,116,285
02/20/2023,DSM,IA,ACE,CE,Combined TRACON& Tower with Radar,85,20,34,0,139,0,0,27,0,27,85,20,61,0,166,154,0,154,320
02/21/2023,DSM,IA,ACE,CE,Combined TRACON& Tower with Radar,77,18,59,2,156,0,0,25,0,25,77,18,84,2,181,154,0,154,335
02/22/2023,DSM,IA,ACE,CE,Combined TRACON& Tower with Radar,67,16,26,0,109,0,0,2,0,2,67,16,28,0,111,12,0,12,123
02/23/2023,DSM,IA,ACE,CE,Combined TRACON& Tower with Radar,90,29,29,2,150,0,0,4,0,4,90,29,33,2,154,62,0,62,216
02/24/2023,DSM,IA,ACE,CE,Combined TRACON& Tower with Radar,90,22,30,0,142,0,0,45,0,45,90,22,75,0,187,86,0,86,273
02/25/2023,DSM,IA,ACE,CE,Combined TRACON& Tower with Radar,73,19,25,2,119,0,0,66,0,66,73,19,91,2,185,141,0,141,326
02/26/2023,DSM,IA,ACE,CE,Combined TRACON& Tower with Radar,88,15,31,0,134,0,0,64,0,64,88,15,95,0,198,116,0,116,314
02/27/2023,DSM,IA,ACE,CE,Combined TRACON& Tower with Radar,90,11,37,2,140,0,0,1,0,1,90,11,38,2,141,10,0,10,151
02/28/2023,DSM,IA,ACE,CE,Combined TRACON& Tower with Radar,80,16,51,2,149,0,1,53,0,54,80,17,104,2,203,134,0,134,337
03/01/2023,DSM,IA,ACE,CE,Combined TRACON& Tower with Radar,74,23,30,12,139,0,0,38,3,41,74,23,68,15,180,76,12,88,268
03/02/2023,DSM,IA,ACE,CE,Combined TRACON& Tower with Radar,89,14,42,4,149,0,0,29,2,31,89,14,71,6,180,72,0,72,252
03/03/2023,DSM,IA,ACE,CE,Combined TRACON& Tower with Radar,85,13,35,12,145,0,0,42,0,42,85,13,77,12,187,120,16,136,323
03/04/2023,DSM,IA,ACE,CE,Combined TRACON& Tower with Radar,70,18,25,1,114,0,0,43,2,45,70,18,68,3,159,112,0,112,271
03/05/2023,DSM,IA,ACE,CE,Combined TRACON& Tower with Radar,88,13,19,2,122,0,0,24,0,24,88,13,43,2,146,45,0,45,191
03/06/2023,DSM,IA,ACE,CE,Combined TRACON& Tower with Radar,85,16,44,1,146,0,0,5,0,5,85,16,49,1,151,0,0,0,151
03/07/2023,DSM,IA,ACE,CE,Combined TRACON& Tower with Radar,80,10,43,6,139,2,0,40,0,42,82,10,83,6,181,76,14,90,271
03/08/2023,DSM,IA,ACE,CE,Combined TRACON& Tower with Radar,80,25,45,0,150,0,0,8,0,8,80,25,53,0,158,10,0,10,168
03/09/2023,DSM,IA,ACE,CE,Combined TRACON& Tower with Radar,88,18,21,0,127,0,0,0,0,0,88,18,21,0,127,0,0,0,127
03/10/2023,DSM,IA,ACE,CE,Combined TRACON& Tower with Radar,92,19,49,2,162,0,0,12,0,12,92,19,61,2,174,57,0,57,231
03/11/2023,DSM,IA,ACE,CE,Combined TRACON& Tower with Radar,76,18,13,0,107,0,0,2,0,2,76,18,15,0,109,68,0,68,177
03/12/2023,DSM,IA,ACE,CE,Combined TRACON& Tower with Radar,88,18,25,0,131,0,3,7,0,10,88,21,32,0,141,96,0,96,237
03/13/2023,DSM,IA,ACE,CE,Combined TRACON& Tower with Radar,88,10,20,4,122,0,2,10,0,12,88,12,30,4,134,114,1,115,249
03/14/2023,DSM,IA,ACE,CE,Combined TRACON& Tower with Radar,96,5,57,10,168,0,3,53,0,56,96,8,110,10,224,164,0,164,388
03/15/2023,DSM,IA,ACE,CE,Combined TRACON& Tower with Radar,89,16,36,6,147,0,3,44,1,48,89,19,80,7,195,32,2,34,229
03/16/2023,DSM,IA,ACE,CE,Combined TRACON& Tower with Radar,95,27,42,6,170,0,2,8,0,10,95,29,50,6,180,26,4,30,210
03/17/2023,DSM,IA,ACE,CE,Combined TRACON& Tower with Radar,101,17,41,5,164,1,0,27,0,28,102,17,68,5,192,18,0,18,210
03/18/2023,DSM,IA,ACE,CE,Combined TRACON& Tower with Radar,87,34,50,2,173,0,0,19,0,19,87,34,69,2,192,98,0,98,290
03/19/2023,DSM,IA,ACE,CE,Combined TRACON& Tower with Radar,93,26,36,1,156,0,3,51,1,55,93,29,87,2,211,120,0,120,331
03/20/2023,DSM,IA,ACE,CE,Combined TRACON& Tower with Radar,88,20,53,0,161,0,2,61,1,64,88,22,114,1,225,106,0,106,331
03/21/2023,DSM,IA,ACE,CE,Combined TRACON& Tower with Radar,78,16,39,12,145,0,0,40,2,42,78,16,79,14,187,150,26,176,363
03/22/2023,DSM,IA,ACE,CE,Combined TRACON& Tower with Radar,75,14,49,4,142,0,2,16,0,18,75,16,65,4,160,82,0,82,242
03/23/2023,DSM,IA,ACE,CE,Combined TRACON& Tower with Radar,91,18,56,0,165,0,0,18,2,20,91,18,74,2,185,167,0,167,352
03/24/2023,DSM,IA,ACE,CE,Combined TRACON& Tower with Radar,83,16,37,2,138,0,1,71,0,72,83,17,108,2,210,55,0,55,265
03/25/2023,DSM,IA,ACE,CE,Combined TRACON& Tower with Radar,74,10,27,0,111,0,2,61,0,63,74,12,88,0,174,206,0,206,380
03/26/2023,DSM,IA,ACE,CE,Combined TRACON& Tower with Radar,84,16,29,0,129,1,2,6,0,9,85,18,35,0,138,40,0,40,178
03/27/2023,DSM,IA,ACE,CE,Combined TRACON& Tower with Radar,81,15,51,1,148,2,0,58,0,60,83,15,109,1,208,102,0,102,310
03/28/2023,DSM,IA,ACE,CE,Combined TRACON& Tower with Radar,74,19,81,6,180,0,0,63,0,63,74,19,144,6,243,145,16,161,404
03/29/2023,DSM,IA,ACE,CE,Combined TRACON& Tower with Radar,74,21,53,1,149,2,1,64,1,68,76,22,117,2,217,86,0,86,303
03/30/2023,DSM,IA,ACE,CE,Combined TRACON& Tower with Radar,91,16,46,2,155,0,2,44,1,47,91,18,90,3,202,30,0,30,232
03/31/2023,DSM,IA,ACE,CE,Combined TRACON& Tower with Radar,86,8,29,6,129,1,0,8,0,9,87,8,37,6,138,33,6,39,177
04/01/2023,DSM,IA,ACE,CE,Combined TRACON& Tower with Radar,72,24,23,2,121,0,2,39,0,41,72,26,62,2,162,54,0,54,216
04/02/2023,DSM,IA,ACE,CE,Combined TRACON& Tower with Radar,87,13,20,2,122,0,8,37,0,45,87,21,57,2,167,40,0,40,207
04/03/2023,DSM,IA,ACE,CE,Combined TRACON& Tower with Radar,79,14,32,2,127,0,0,38,0,38,79,14,70,2,165,132,0,132,297
04/04/2023,DSM,IA,ACE,CE,Combined TRACON& Tower with Radar,75,16,32,1,124,0,2,5,0,7,75,18,37,1,131,22,0,22,153
04/05/2023,DSM,IA,ACE,CE,Combined TRACON& Tower with Radar,75,29,30,1,135,0,1,25,0,26,75,30,55,1,161,42,0,42,203
04/06/2023,DSM,IA,ACE,CE,Combined TRACON& Tower with Radar,90,16,61,7,174,0,4,74,1,79,90,20,135,8,253,191,6,197,450
04/07/2023,DSM,IA,ACE,CE,Combined TRACON& Tower with Radar,85,15,30,2,132,0,3,44,0,47,85,18,74,2,179,83,4,87,266
04/08/2023,DSM,IA,ACE,CE,Combined TRACON& Tower with Radar,63,18,20,0,101,0,1,55,0,56,63,19,75,0,157,144,0,144,301
04/09/2023,DSM,IA,ACE,CE,Combined TRACON& Tower with Radar,84,5,17,0,106,2,0,34,0,36,86,5,51,0,142,98,0,98,240
04/10/2023,DSM,IA,ACE,CE,Combined TRACON& Tower with Radar,82,14,37,0,133,0,1,69,0,70,82,15,106,0,203,112,10,122,325
04/11/2023,DSM,IA,ACE,CE,Combined TRACON& Tower with Radar,76,20,63,2,161,0,0,30,0,30,76,20,93,2,191,57,0,57,248
04/12/2023,DSM,IA,ACE,CE,Combined TRACON& Tower with Radar,76,17,48,0,141,2,0,20,3,25,78,17,68,3,166,0,0,0,166
04/13/2023,DSM,IA,ACE,CE,Combined TRACON& Tower with Radar,95,14,51,1,161,1,2,27,2,32,96,16,78,3,193,38,4,42,235
04/14/2023,DSM,IA,ACE,CE,Combined TRACON& Tower with Radar,89,20,58,2,169,0,4,42,0,46,89,24,100,2,215,86,0,86,301
04/15/2023,DSM,IA,ACE,CE,Combined TRACON& Tower with Radar,65,10,3,0,78,2,2,0,0,4,67,12,3,0,82,2,0,2,84
04/16/2023,DSM,IA,ACE,CE,Combined TRACON& Tower with Radar,95,13,12,0,120,0,0,3,0,3,95,13,15,0,123,0,0,0,123
04/17/2023,DSM,IA,ACE,CE,Combined TRACON& Tower with Radar,84,22,38,8,152,0,2,56,2,60,84,24,94,10,212,170,0,170,382
04/18/2023,DSM,IA,ACE,CE,Combined TRACON& Tower with Radar,83,20,51,2,156,0,1,35,0,36,83,21,86,2,192,160,0,160,352
04/19/2023,DSM,IA,ACE,CE,Combined TRACON& Tower with Radar,74,17,63,3,157,4,0,32,2,38,78,17,95,5,195,68,0,68,263
04/20/2023,DSM,IA,ACE,CE,Combined TRACON& Tower with Radar,99,20,30,6,155,0,0,4,2,6,99,20,34,8,161,20,0,20,181
04/21/2023,DSM,IA,ACE,CE,Combined TRACON& Tower with Radar,86,19,34,14,153,0,0,33,1,34,86,19,67,15,187,26,18,44,231
04/22/2023,DSM,IA,ACE,CE,Combined TRACON& Tower with Radar,65,15,25,3,108,0,0,18,0,18,65,15,43,3,126,42,0,42,168
04/23/2023,DSM,IA,ACE,CE,Combined TRACON& Tower with Radar,92,10,42,1,145,0,3,49,0,52,92,13,91,1,197,153,0,153,350
04/24/2023,DSM,IA,ACE,CE,Combined TRACON& Tower with Radar,87,16,56,0,159,0,0,65,0,65,87,16,121,0,224,236,0,236,460
04/25/2023,DSM,IA,ACE,CE,Combined TRACON& Tower with Radar,77,16,63,2,158,0,0,51,3,54,77,16,114,5,212,178,0,178,390
04/26/2023,DSM,IA,ACE,CE,Combined TRACON& Tower with Radar,75,17,82,24,198,0,1,71,0,72,75,18,153,24,270,191,10,201,471
04/27/2023,DSM,IA,ACE,CE,Combined TRACON& Tower with Radar,94,20,42,9,165,0,1,47,3,51,94,21,89,12,216,50,0,50,266
04/28/2023,DSM,IA,ACE,CE,Combined TRACON& Tower with Radar,87,16,53,2,158,0,0,37,2,39,87,16,90,4,197,107,4,111,308
04/29/2023,DSM,IA,ACE,CE,Combined TRACON& Tower with Radar,65,12,28,0,105,0,0,26,0,26,65,12,54,0,131,70,0,70,201
04/30/2023,DSM,IA,ACE,CE,Combined TRACON& Tower with Radar,95,20,14,0,129,0,0,5,0,5,95,20,19,0,134,8,0,8,142
05/01/2023,DSM,IA,ACE,CE,Combined TRACON& Tower with Radar,85,19,39,4,147,4,1,21,0,26,89,20,60,4,173,0,0,0,173
05/02/2023,DSM,IA,ACE,CE,Combined TRACON& Tower with Radar,77,21,24,4,126,1,2,15,0,18,78,23,39,4,144,30,0,30,174
05/03/2023,DSM,IA,ACE,CE,Combined TRACON& Tower with Radar,74,23,57,2,156,0,1,82,0,83,74,24,139,2,239,156,0,156,395
05/04/2023,DSM,IA,ACE,CE,Combined TRACON& Tower with Radar,94,28,60,4,186,0,6,62,0,68,94,34,122,4,254,82,0,82,336
05/05/2023,DSM,IA,ACE,CE,Combined TRACON& Tower with Radar,95,25,57,2,179,0,1,12,0,13,95,26,69,2,192,36,0,36,228
05/06/2023,DSM,IA,ACE,CE,Combined TRACON& Tower with Radar,66,16,21,1,104,0,0,8,0,8,66,16,29,1,112,38,0,38,150
05/07/2023,DSM,IA,ACE,CE,Combined TRACON& Tower with Radar,95,14,31,3,143,0,1,16,0,17,95,15,47,3,160,34,0,34,194
05/08/2023,DSM,IA,ACE,CE,Combined TRACON& Tower with Radar,94,11,65,5,175,0,0,20,0,20,94,11,85,5,195,84,0,84,279
05/09/2023,DSM,IA,ACE,CE,Combined TRACON& Tower with Radar,81,14,71,5,171,0,0,16,0,16,81,14,87,5,187,117,0,117,304
05/10/2023,DSM,IA,ACE,CE,Combined TRACON& Tower with Radar,79,18,66,2,165,0,0,64,0,64,79,18,130,2,229,100,0,100,329
05/11/2023,DSM,IA,ACE,CE,Combined TRACON& Tower with Radar,104,17,64,2,187,0,0,19,2,21,104,17,83,4,208,69,4,73,281
05/12/2023,DSM,IA,ACE,CE,Combined TRACON& Tower with Radar,93,18,54,4,169,0,0,15,0,15,93,18,69,4,184,80,0,80,264
05/13/2023,DSM,IA,ACE,CE,Combined TRACON& Tower with Radar,70,23,29,2,124,2,1,9,0,12,72,24,38,2,136,124,0,124,260
05/14/2023,DSM,IA,ACE,CE,Combined TRACON& Tower with Radar,97,10,14,0,121,0,0,0,0,0,97,10,14,0,121,0,0,0,121
05/15/2023,DSM,IA,ACE,CE,Combined TRACON& Tower with Radar,90,24,50,2,166,0,4,38,0,42,90,28,88,2,208,132,0,132,340
05/16/2023,DSM,IA,ACE,CE,Combined TRACON& Tower with Radar,82,16,59,6,163,4,4,60,3,71,86,20,119,9,234,196,22,218,452
05/17/2023,DSM,IA,ACE,CE,Combined TRACON& Tower with Radar,78,26,54,2,160,1,0,55,0,56,79,26,109,2,216,130,0,130,346
05/18/2023,DSM,IA,ACE,CE,Combined TRACON& Tower with Radar,95,15,64,3,177,0,1,40,3,44,95,16,104,6,221,160,2,162,383
05/19/2023,DSM,IA,ACE,CE,Combined TRACON& Tower with Radar,103,19,48,7,177,0,3,47,0,50,103,22,95,7,227,146,0,146,373
05/20/2023,DSM,IA,ACE,CE,Combined TRACON& Tower with Radar,73,16,12,4,105,5,0,47,0,52,78,16,59,4,157,172,4,176,333
05/21/2023,DSM,IA,ACE,CE,Combined TRACON& Tower with Radar,96,12,27,3,138,1,0,49,1,51,97,12,76,4,189,112,0,112,301
05/22/2023,DSM,IA,ACE,CE,Combined TRACON& Tower with Radar,96,12,65,3,176,0,0,52,1,53,96,12,117,4,229,100,0,100,329
05/23/2023,DSM,IA,ACE,CE,Combined TRACON& Tower with Radar,85,15,45,1,146,0,0,41,0,41,85,15,86,1,187,62,1,63,250
05/24/2023,DSM,IA,ACE,CE,Combined TRACON& Tower with Radar,78,9,48,8,143,0,0,57,0,57,78,9,105,8,200,112,0,112,312
05/25/2023,DSM,IA,ACE,CE,Combined TRACON& Tower with Radar,98,19,65,0,182,0,0,49,5,54,98,19,114,5,236,248,0,248,484
05/26/2023,DSM,IA,ACE,CE,Combined TRACON& Tower with Radar,98,14,46,0,158,0,0,50,0,50,98,14,96,0,208,150,0,150,358
05/27/2023,DSM,IA,ACE,CE,Combined TRACON& Tower with Radar,71,14,16,0,101,2,0,42,1,45,73,14,58,1,146,160,0,160,306
05/28/2023,DSM,IA,ACE,CE,Combined TRACON& Tower with Radar,88,11,14,0,113,1,2,34,0,37,89,13,48,0,150,54,0,54,204
05/29/2023,DSM,IA,ACE,CE,Combined TRACON& Tower with Radar,88,13,22,0,123,0,2,43,0,45,88,15,65,0,168,124,0,124,292
05/30/2023,DSM,IA,ACE,CE,Combined TRACON& Tower with Radar,79,16,40,0,135,0,0,29,0,29,79,16,69,0,164,88,0,88,252
05/31/2023,DSM,IA,ACE,CE,Combined TRACON& Tower with Radar,85,30,56,5,176,0,0,73,1,74,85,30,129,6,250,70,6,76,326
06/01/2023,DSM,IA,ACE,CE,Combined TRACON& Tower with Radar,95,20,50,0,165,1,0,3,0,4,96,20,53,0,169,96,0,96,265
06/02/2023,DSM,IA,ACE,CE,Combined TRACON& Tower with Radar,97,25,30,2,154,3,4,24,1,32,100,29,54,3,186,44,0,44,230
06/03/2023,DSM,IA,ACE,CE,Combined TRACON& Tower with Radar,76,21,31,2,130,2,1,61,0,64,78,22,92,2,194,60,0,60,254
06/04/2023,DSM,IA,ACE,CE,Combined TRACON& Tower with Radar,94,23,36,2,155,0,0,20,0,20,94,23,56,2,175,60,0,60,235
06/05/2023,DSM,IA,ACE,CE,Combined TRACON& Tower with Radar,100,17,43,6,166,0,1,55,2,58,100,18,98,8,224,188,0,188,412
06/06/2023,DSM,IA,ACE,CE,Combined TRACON& Tower with Radar,81,18,66,2,167,0,0,41,0,41,81,18,107,2,208,226,0,226,434
06/07/2023,DSM,IA,ACE,CE,Combined TRACON& Tower with Radar,85,16,50,4,155,0,1,32,0,33,85,17,82,4,188,136,0,136,324
06/08/2023,DSM,IA,ACE,CE,Combined TRACON& Tower with Radar,100,17,69,0,186,5,1,68,2,76,105,18,137,2,262,126,0,126,388
06/09/2023,DSM,IA,ACE,CE,Combined TRACON& Tower with Radar,96,21,58,10,185,0,2,62,3,67,96,23,120,13,252,164,0,164,416
06/10/2023,DSM,IA,ACE,CE,Combined TRACON& Tower with Radar,79,18,30,0,127,0,0,40,0,40,79,18,70,0,167,140,0,140,307
06/11/2023,DSM,IA,ACE,CE,Combined TRACON& Tower with Radar,92,25,41,0,158,0,3,25,0,28,92,28,66,0,186,69,0,69,255
06/12/2023,DSM,IA,ACE,CE,Combined TRACON& Tower with Radar,93,18,57,0,168,0,0,52,0,52,93,18,109,0,220,84,0,84,304
06/13/2023,DSM,IA,ACE,CE,Combined TRACON& Tower with Radar,86,22,48,8,164,0,0,60,2,62,86,22,108,10,226,204,8,212,438
06/14/2023,DSM,IA,ACE,CE,Combined TRACON& Tower with Radar,86,11,59,2,158,0,5,56,0,61,86,16,115,2,219,120,0,120,339
06/15/2023,DSM,IA,ACE,CE,Combined TRACON& Tower with Radar,94,17,80,9,200,2,0,69,3,74,96,17,149,12,274,124,0,124,398
06/16/2023,DSM,IA,ACE,CE,Combined TRACON& Tower with Radar,96,14,50,2,162,0,3,55,0,58,96,17,105,2,220,110,0,110,330
06/17/2023,DSM,IA,ACE,CE,Combined TRACON& Tower with Radar,82,14,30,0,126,0,1,29,0,30,82,15,59,0,156,138,0,138,294
06/18/2023,DSM,IA,ACE,CE,Combined TRACON& Tower with Radar,98,19,35,0,152,0,2,26,0,28,98,21,61,0,180,74,0,74,254
06/19/2023,DSM,IA,ACE,CE,Combined TRACON& Tower with Radar,97,14,62,0,173,0,1,67,0,68,97,15,129,0,241,108,0,108,349
06/20/2023,DSM,IA,ACE,CE,Combined TRACON& Tower with Radar,78,20,39,4,141,0,0,51,0,51,78,20,90,4,192,124,2,126,318
06/21/2023,DSM,IA,ACE,CE,Combined TRACON& Tower with Radar,79,25,49,14,167,2,0,62,11,75,81,25,111,25,242,132,8,140,382
06/22/2023,DSM,IA,ACE,CE,Combined TRACON& Tower with Radar,93,20,75,2,190,2,0,78,5,85,95,20,153,7,275,168,6,174,449
06/23/2023,DSM,IA,ACE,CE,Combined TRACON& Tower with Radar,101,17,52,33,203,3,2,60,2,67,104,19,112,35,270,116,14,130,400
06/24/2023,DSM,IA,ACE,CE,Combined TRACON& Tower with Radar,83,13,9,0,105,6,2,10,1,19,89,15,19,1,124,24,2,26,150
06/25/2023,DSM,IA,ACE,CE,Combined TRACON& Tower with Radar,89,21,30,5,145,0,0,15,0,15,89,21,45,5,160,16,0,16,176
06/26/2023,DSM,IA,ACE,CE,Combined TRACON& Tower with Radar,89,14,62,2,167,0,2,41,0,43,89,16,103,2,210,156,2,158,368
06/27/2023,DSM,IA,ACE,CE,Combined TRACON& Tower with Radar,75,17,51,4,147,0,4,60,0,64,75,21,111,4,211,106,6,112,323
06/28/2023,DSM,IA,ACE,CE,Combined TRACON& Tower with Radar,81,14,71,2,168,0,1,12,0,13,81,15,83,2,181,80,0,80,261
06/29/2023,DSM,IA,ACE,CE,Combined TRACON& Tower with Radar,90,16,63,0,169,0,0,42,0,42,90,16,105,0,211,86,0,86,297
06/30/2023,DSM,IA,ACE,CE,Combined TRACON& Tower with Radar,97,29,37,6,169,1,2,45,0,48,98,31,82,6,217,114,0,114,331
07/01/2023,DSM,IA,ACE,CE,Combined TRACON& Tower with Radar,80,12,27,0,119,0,0,10,0,10,80,12,37,0,129,100,0,100,229
07/02/2023,DSM,IA,ACE,CE,Combined TRACON& Tower with Radar,86,10,23,0,119,0,1,38,0,39,86,11,61,0,158,36,0,36,194
07/03/2023,DSM,IA,ACE,CE,Combined TRACON& Tower with Radar,78,4,17,0,99,0,0,45,0,45,78,4,62,0,144,126,0,126,270
07/04/2023,DSM,IA,ACE,CE,Combined TRACON& Tower with Radar,60,0,12,0,72,0,6,31,0,37,60,6,43,0,109,60,0,60,169
07/05/2023,DSM,IA,ACE,CE,Combined TRACON& Tower with Radar,74,11,49,2,136,1,0,31,0,32,75,11,80,2,168,60,14,74,242
07/06/2023,DSM,IA,ACE,CE,Combined TRACON& Tower with Radar,89,11,52,3,155,0,1,55,4,60,89,12,107,7,215,166,0,166,381
07/07/2023,DSM,IA,ACE,CE,Combined TRACON& Tower with Radar,93,8,52,0,153,0,2,8,0,10,93,10,60,0,163,30,0,30,193
07/08/2023,DSM,IA,ACE,CE,Combined TRACON& Tower with Radar,83,13,24,0,120,0,0,31,0,31,83,13,55,0,151,152,0,152,303
07/09/2023,DSM,IA,ACE,CE,Combined TRACON& Tower with Radar,92,12,30,0,134,0,2,59,0,61,92,14,89,0,195,108,0,108,303
07/10/2023,DSM,IA,ACE,CE,Combined TRACON& Tower with Radar,94,21,47,0,162,0,0,39,0,39,94,21,86,0,201,82,0,82,283
07/11/2023,DSM,IA,ACE,CE,Combined TRACON& Tower with Radar,88,18,70,1,177,0,4,47,0,51,88,22,117,1,228,178,2,180,408
07/12/2023,DSM,IA,ACE,CE,Combined TRACON& Tower with Radar,87,10,44,1,142,0,3,34,3,40,87,13,78,4,182,76,0,76,258
07/13/2023,DSM,IA,ACE,CE,Combined TRACON& Tower with Radar,100,20,74,12,206,0,0,67,3,70,100,20,141,15,276,158,14,172,448
07/14/2023,DSM,IA,ACE,CE,Combined TRACON& Tower with Radar,96,15,48,3,162,1,0,51,0,52,97,15,99,3,214,144,0,144,358
07/15/2023,DSM,IA,ACE,CE,Combined TRACON& Tower with Radar,80,15,34,0,129,0,0,38,0,38,80,15,72,0,167,140,0,140,307
07/16/2023,DSM,IA,ACE,CE,Combined TRACON& Tower with Radar,95,19,35,0,149,0,0,13,0,13,95,19,48,0,162,32,0,32,194
07/17/2023,DSM,IA,ACE,CE,Combined TRACON& Tower with Radar,95,18,53,4,170,0,0,58,0,58,95,18,111,4,228,118,0,118,346
07/18/2023,DSM,IA,ACE,CE,Combined TRACON& Tower with Radar,90,12,61,0,163,0,3,69,0,72,90,15,130,0,235,120,0,120,355
07/19/2023,DSM,IA,ACE,CE,Combined TRACON& Tower with Radar,86,25,67,9,187,1,1,78,2,82,87,26,145,11,269,140,6,146,415
07/20/2023,DSM,IA,ACE,CE,Combined TRACON& Tower with Radar,96,24,72,11,203,0,1,73,1,75,96,25,145,12,278,198,16,214,492
07/21/2023,DSM,IA,ACE,CE,Combined TRACON& Tower with Radar,98,25,52,36,211,2,0,68,3,73,100,25,120,39,284,160,36,196,480
07/22/2023,DSM,IA,ACE,CE,Combined TRACON& Tower with Radar,92,22,29,0,143,0,1,56,2,59,92,23,85,2,202,64,0,64,266
07/23/2023,DSM,IA,ACE,CE,Combined TRACON& Tower with Radar,93,20,38,1,152,0,5,47,1,53,93,25,85,2,205,122,0,122,327
07/24/2023,DSM,IA,ACE,CE,Combined TRACON& Tower with Radar,96,16,44,3,159,0,2,44,0,46,96,18,88,3,205,32,0,32,237
07/25/2023,DSM,IA,ACE,CE,Combined TRACON& Tower with Radar,84,13,45,15,157,0,0,47,0,47,84,13,92,15,204,106,18,124,328
07/26/2023,DSM,IA,ACE,CE,Combined TRACON& Tower with Radar,87,26,46,0,159,4,3,35,4,46,91,29,81,4,205,62,2,64,269
07/27/2023,DSM,IA,ACE,CE,Combined TRACON& Tower with Radar,98,16,61,3,178,1,1,29,2,33,99,17,90,5,211,86,0,86,297
07/28/2023,DSM,IA,ACE,CE,Combined TRACON& Tower with Radar,105,29,46,8,188,0,4,31,1,36,105,33,77,9,224,42,0,42,266
07/29/2023,DSM,IA,ACE,CE,Combined TRACON& Tower with Radar,87,15,31,2,135,0,1,46,0,47,87,16,77,2,182,160,0,160,342
07/30/2023,DSM,IA,ACE,CE,Combined TRACON& Tower with Radar,96,14,34,7,151,0,2,51,0,53,96,16,85,7,204,132,0,132,336
07/31/2023,DSM,IA,ACE,CE,Combined TRACON& Tower with Radar,96,14,47,0,157,0,2,72,2,76,96,16,119,2,233,86,6,92,325
08/01/2023,DSM,IA,ACE,CE,Combined TRACON& Tower with Radar,89,16,43,12,160,0,0,51,0,51,89,16,94,12,211,46,20,66,277
08/02/2023,DSM,IA,ACE,CE,Combined TRACON& Tower with Radar,90,14,37,0,141,0,0,4,0,4,90,14,41,0,145,0,0,0,145
08/03/2023,DSM,IA,ACE,CE,Combined TRACON& Tower with Radar,95,11,52,14,172,0,0,25,0,25,95,11,77,14,197,116,14,130,327
08/04/2023,DSM,IA,ACE,CE,Combined TRACON& Tower with Radar,110,16,52,7,185,0,1,39,0,40,110,17,91,7,225,138,4,142,367
08/05/2023,DSM,IA,ACE,CE,Combined TRACON& Tower with Radar,83,21,16,3,123,0,0,42,7,49,83,21,58,10,172,134,0,134,306
08/06/2023,DSM,IA,ACE,CE,Combined TRACON& Tower with Radar,87,11,19,0,117,0,1,1,0,2,87,12,20,0,119,0,0,0,119
08/07/2023,DSM,IA,ACE,CE,Combined TRACON& Tower with Radar,102,15,59,2,178,2,0,49,0,51,104,15,108,2,229,172,0,172,401
08/08/2023,DSM,IA,ACE,CE,Combined TRACON& Tower with Radar,86,23,72,2,183,0,1,58,0,59,86,24,130,2,242,162,0,162,404
08/09/2023,DSM,IA,ACE,CE,Combined TRACON& Tower with Radar,89,16,43,0,148,3,1,17,4,25,92,17,60,4,173,110,0,110,283
08/10/2023,DSM,IA,ACE,CE,Combined TRACON& Tower with Radar,104,17,52,8,181,6,0,73,0,79,110,17,125,8,260,258,8,266,526
08/11/2023,DSM,IA,ACE,CE,Combined TRACON& Tower with Radar,111,13,60,4,188,1,6,69,6,82,112,19,129,10,270,122,6,128,398
08/12/2023,DSM,IA,ACE,CE,Combined TRACON& Tower with Radar,84,16,47,2,149,2,5,59,0,66,86,21,106,2,215,134,0,134,349
08/13/2023,DSM,IA,ACE,CE,Combined TRACON& Tower with Radar,101,14,52,1,168,0,3,35,1,39,101,17,87,2,207,38,0,38,245
08/14/2023,DSM,IA,ACE,CE,Combined TRACON& Tower with Radar,95,18,74,10,197,0,1,10,1,12,95,19,84,11,209,96,4,100,309
08/15/2023,DSM,IA,ACE,CE,Combined TRACON& Tower with Radar,83,18,58,3,162,0,4,60,4,68,83,22,118,7,230,94,4,98,328
08/16/2023,DSM,IA,ACE,CE,Combined TRACON& Tower with Radar,81,22,72,5,180,2,3,70,1,76,83,25,142,6,256,122,12,134,390
08/17/2023,DSM,IA,ACE,CE,Combined TRACON& Tower with Radar,98,22,71,6,197,3,0,49,5,57,101,22,120,11,254,90,8,98,352
08/18/2023,DSM,IA,ACE,CE,Combined TRACON& Tower with Radar,98,12,44,6,160,0,0,63,1,64,98,12,107,7,224,120,0,120,344
08/19/2023,DSM,IA,ACE,CE,Combined TRACON& Tower with Radar,70,11,20,9,110,0,0,40,1,41,70,11,60,10,151,60,6,66,217
08/20/2023,DSM,IA,ACE,CE,Combined TRACON& Tower with Radar,90,13,29,3,135,0,0,20,0,20,90,13,49,3,155,70,0,70,225
08/21/2023,DSM,IA,ACE,CE,Combined TRACON& Tower with Radar,92,11,53,8,164,0,1,35,8,44,92,12,88,16,208,136,0,136,344
08/22/2023,DSM,IA,ACE,CE,Combined TRACON& Tower with Radar,86,17,46,8,157,0,0,35,0,35,86,17,81,8,192,32,0,32,224
08/23/2023,DSM,IA,ACE,CE,Combined TRACON& Tower with Radar,83,14,42,6,145,2,2,45,4,53,85,16,87,10,198,120,0,120,318
08/24/2023,DSM,IA,ACE,CE,Combined TRACON& Tower with Radar,95,18,65,3,181,0,1,55,0,56,95,19,120,3,237,101,30,131,368
08/25/2023,DSM,IA,ACE,CE,Combined TRACON& Tower with Radar,96,15,43,4,158,0,1,38,0,39,96,16,81,4,197,122,6,128,325
08/26/2023,DSM,IA,ACE,CE,Combined TRACON& Tower with Radar,79,16,27,13,135,0,15,49,0,64,79,31,76,13,199,126,26,152,351
08/27/2023,DSM,IA,ACE,CE,Combined TRACON& Tower with Radar,91,12,26,5,134,0,3,63,4,70,91,15,89,9,204,168,0,168,372
08/28/2023,DSM,IA,ACE,CE,Combined TRACON& Tower with Radar,92,11,40,0,143,0,5,48,0,53,92,16,88,0,196,176,0,176,372
08/29/2023,DSM,IA,ACE,CE,Combined TRACON& Tower with Radar,82,18,53,1,154,0,0,53,0,53,82,18,106,1,207,110,38,148,355
08/30/2023,DSM,IA,ACE,CE,Combined TRACON& Tower with Radar,81,19,56,1,157,0,2,64,0,66,81,21,120,1,223,160,0,160,383
08/31/2023,DSM,IA,ACE,CE,Combined TRACON& Tower with Radar,103,26,60,4,193,0,0,67,0,67,103,26,127,4,260,44,0,44,304
01/01/2020,DSM,IA,ACE,CE,Combined TRACON& Tower with Radar,67,16,16,0,99,0,2,22,0,24,67,18,38,0,123,22,0,22,145
01/02/2020,DSM,IA,ACE,CE,Combined TRACON& Tower with Radar,98,21,34,0,153,0,0,27,0,27,98,21,61,0,180,2,0,2,182
01/03/2020,DSM,IA,ACE,CE,Combined TRACON& Tower with Radar,97,20,17,0,134,0,1,0,0,1,97,21,17,0,135,0,0,0,135
01/04/2020,DSM,IA,ACE,CE,Combined TRACON& Tower with Radar,78,20,22,0,120,0,1,6,0,7,78,21,28,0,127,1,0,1,128
01/05/2020,DSM,IA,ACE,CE,Combined TRACON& Tower with Radar,98,26,21,0,145,0,0,8,0,8,98,26,29,0,153,0,0,0,153
01/06/2020,DSM,IA,ACE,CE,Combined TRACON& Tower with Radar,93,23,40,9,165,0,0,26,0,26,93,23,66,9,191,16,28,44,235
01/07/2020,DSM,IA,ACE,CE,Combined TRACON& Tower with Radar,91,18,43,4,156,4,0,18,0,22,95,18,61,4,178,4,2,6,184
01/08/2020,DSM,IA,ACE,CE,Combined TRACON& Tower with Radar,94,20,55,9,178,0,4,28,3,35,94,24,83,12,213,6,0,6,219
01/09/2020,DSM,IA,ACE,CE,Combined TRACON& Tower with Radar,106,14,85,5,210,0,1,8,5,14,106,15,93,10,224,2,0,2,226
01/10/2020,DSM,IA,ACE,CE,Combined TRACON& Tower with Radar,94,11,33,0,138,0,0,2,0,2,94,11,35,0,140,0,0,0,140
01/11/2020,DSM,IA,ACE,CE,Combined TRACON& Tower with Radar,69,13,21,0,103,0,2,7,0,9,69,15,28,0,112,6,0,6,118
01/12/2020,DSM,IA,ACE,CE,Combined TRACON& Tower with Radar,104,16,14,0,134,0,1,2,0,3,104,17,16,0,137,0,0,0,137
01/13/2020,DSM,IA,ACE,CE,Combined TRACON& Tower with Radar,96,10,34,0,140,0,0,0,0,0,96,10,34,0,140,0,0,0,140
01/14/2020,DSM,IA,ACE,CE,Combined TRACON& Tower with Radar,96,22,40,2,160,0,1,15,0,16,96,23,55,2,176,12,0,12,188
01/15/2020,DSM,IA,ACE,CE,Combined TRACON& Tower with Radar,94,19,42,4,159,0,2,0,0,2,94,21,42,4,161,1,0,1,162
01/16/2020,DSM,IA,ACE,CE,Combined TRACON& Tower with Radar,104,18,50,1,173,0,0,36,0,36,104,18,86,1,209,4,0,4,213
01/17/2020,DSM,IA,ACE,CE,Combined TRACON& Tower with Radar,63,2,16,0,81,0,0,0,0,0,63,2,16,0,81,2,0,2,83
01/18/2020,DSM,IA,ACE,CE,Combined TRACON& Tower with Radar,62,22,11,0,95,0,0,0,0,0,62,22,11,0,95,0,0,0,95
01/19/2020,DSM,IA,ACE,CE,Combined TRACON& Tower with Radar,89,16,32,0,137,0,0,2,0,2,89,16,34,0,139,0,0,0,139
01/20/2020,DSM,IA,ACE,CE,Combined TRACON& Tower with Radar,93,14,41,0,148,0,0,3,0,3,93,14,44,0,151,0,0,0,151
01/21/2020,DSM,IA,ACE,CE,Combined TRACON& Tower with Radar,93,17,62,2,174,0,0,15,0,15,93,17,77,2,189,2,0,2,191
01/22/2020,DSM,IA,ACE,CE,Combined TRACON& Tower with Radar,94,16,27,0,137,0,0,1,0,1,94,16,28,0,138,0,0,0,138
01/23/2020,DSM,IA,ACE,CE,Combined TRACON& Tower with Radar,104,14,36,2,156,0,0,0,0,0,104,14,36,2,156,0,0,0,156
01/24/2020,DSM,IA,ACE,CE,Combined TRACON& Tower with Radar,103,15,30,0,148,0,0,0,0,0,103,15,30,0,148,0,0,0,148
01/25/2020,DSM,IA,ACE,CE,Combined TRACON& Tower with Radar,83,15,26,0,124,0,0,0,0,0,83,15,26,0,124,0,0,0,124
01/26/2020,DSM,IA,ACE,CE,Combined TRACON& Tower with Radar,105,14,26,1,146,0,0,0,0,0,105,14,26,1,146,0,0,0,146
01/27/2020,DSM,IA,ACE,CE,Combined TRACON& Tower with Radar,96,14,41,1,152,0,0,0,0,0,96,14,41,1,152,0,0,0,152
01/28/2020,DSM,IA,ACE,CE,Combined TRACON& Tower with Radar,93,22,33,1,149,0,0,0,0,0,93,22,33,1,149,0,0,0,149
01/29/2020,DSM,IA,ACE,CE,Combined TRACON& Tower with Radar,97,21,47,1,166,0,0,12,0,12,97,21,59,1,178,0,0,0,178
01/30/2020,DSM,IA,ACE,CE,Combined TRACON& Tower with Radar,106,17,37,10,170,0,1,2,0,3,106,18,39,10,173,0,0,0,173
01/31/2020,DSM,IA,ACE,CE,Combined TRACON& Tower with Radar,104,18,39,4,165,0,0,1,0,1,104,18,40,4,166,0,0,0,166
02/01/2020,DSM,IA,ACE,CE,Combined TRACON& Tower with Radar,78,19,34,1,132,0,2,25,0,27,78,21,59,1,159,56,0,56,215
02/02/2020,DSM,IA,ACE,CE,Combined TRACON& Tower with Radar,100,21,33,0,154,0,0,20,0,20,100,21,53,0,174,18,0,18,192
02/03/2020,DSM,IA,ACE,CE,Combined TRACON& Tower with Radar,99,43,52,0,194,0,0,3,0,3,99,43,55,0,197,4,0,4,201
02/04/2020,DSM,IA,ACE,CE,Combined TRACON& Tower with Radar,103,22,50,12,187,0,1,12,0,13,103,23,62,12,200,4,0,4,204
02/05/2020,DSM,IA,ACE,CE,Combined TRACON& Tower with Radar,94,12,45,5,156,0,0,11,1,12,94,12,56,6,168,6,16,22,190
02/06/2020,DSM,IA,ACE,CE,Combined TRACON& Tower with Radar,105,21,72,3,201,0,0,36,3,39,105,21,108,6,240,6,0,6,246
02/07/2020,DSM,IA,ACE,CE,Combined TRACON& Tower with Radar,102,15,54,2,173,0,0,4,0,4,102,15,58,2,177,0,0,0,177
02/08/2020,DSM,IA,ACE,CE,Combined TRACON& Tower with Radar,79,16,37,0,132,0,5,16,0,21,79,21,53,0,153,4,0,4,157
02/09/2020,DSM,IA,ACE,CE,Combined TRACON& Tower with Radar,105,15,20,2,142,0,0,1,0,1,105,15,21,2,143,0,0,0,143
02/10/2020,DSM,IA,ACE,CE,Combined TRACON& Tower with Radar,96,18,59,0,173,0,2,13,0,15,96,20,72,0,188,4,0,4,192
02/11/2020,DSM,IA,ACE,CE,Combined TRACON& Tower with Radar,92,16,35,1,144,0,2,19,1,22,92,18,54,2,166,18,0,18,184
02/12/2020,DSM,IA,ACE,CE,Combined TRACON& Tower with Radar,94,16,45,0,155,0,0,13,0,13,94,16,58,0,168,4,0,4,172
02/13/2020,DSM,IA,ACE,CE,Combined TRACON& Tower with Radar,100,20,46,2,168,0,1,11,0,12,100,21,57,2,180,1,0,1,181
02/14/2020,DSM,IA,ACE,CE,Combined TRACON& Tower with Radar,104,17,37,1,159,0,3,16,0,19,104,20,53,1,178,14,0,14,192
02/15/2020,DSM,IA,ACE,CE,Combined TRACON& Tower with Radar,78,13,20,1,112,0,3,29,0,32,78,16,49,1,144,22,0,22,166
02/16/2020,DSM,IA,ACE,CE,Combined TRACON& Tower with Radar,94,13,28,0,135,0,0,35,0,35,94,13,63,0,170,40,0,40,210
02/17/2020,DSM,IA,ACE,CE,Combined TRACON& Tower with Radar,104,18,46,0,168,0,0,0,0,0,104,18,46,0,168,0,0,0,168
02/18/2020,DSM,IA,ACE,CE,Combined TRACON& Tower with Radar,104,29,61,4,198,0,3,14,0,17,104,32,75,4,215,42,0,42,257
02/19/2020,DSM,IA,ACE,CE,Combined TRACON& Tower with Radar,100,21,44,4,169,0,1,11,0,12,100,22,55,4,181,0,0,0,181
02/20/2020,DSM,IA,ACE,CE,Combined TRACON& Tower with Radar,110,16,42,5,173,0,2,21,1,24,110,18,63,6,197,0,0,0,197
02/21/2020,DSM,IA,ACE,CE,Combined TRACON& Tower with Radar,107,22,38,0,167,0,2,29,0,31,107,24,67,0,198,10,0,10,208
02/22/2020,DSM,IA,ACE,CE,Combined TRACON& Tower with Radar,80,25,27,0,132,0,2,32,1,35,80,27,59,1,167,28,0,28,195
02/23/2020,DSM,IA,ACE,CE,Combined TRACON& Tower with Radar,105,23,20,0,148,0,1,25,0,26,105,24,45,0,174,0,0,0,174
02/24/2020,DSM,IA,ACE,CE,Combined TRACON& Tower with Radar,101,19,51,4,175,0,0,20,6,26,101,19,71,10,201,32,36,68,269
02/25/2020,DSM,IA,ACE,CE,Combined TRACON& Tower with Radar,106,23,42,0,171,0,1,6,0,7,106,24,48,0,178,2,0,2,180
02/26/2020,DSM,IA,ACE,CE,Combined TRACON& Tower with Radar,102,23,56,0,181,0,0,8,2,10,102,23,64,2,191,32,0,32,223
02/27/2020,DSM,IA,ACE,CE,Combined TRACON& Tower with Radar,116,15,53,3,187,0,6,23,3,32,116,21,76,6,219,30,0,30,249
02/28/2020,DSM,IA,ACE,CE,Combined TRACON& Tower with Radar,107,16,45,0,168,0,0,8,0,8,107,16,53,0,176,8,0,8,184
02/29/2020,DSM,IA,ACE,CE,Combined TRACON& Tower with Radar,87,15,29,0,131,0,3,38,0,41,87,18,67,0,172,27,0,27,199
03/01/2020,DSM,IA,ACE,CE,Combined TRACON& Tower with Radar,106,20,29,0,155,0,0,8,0,8,106,20,37,0,163,10,0,10,173
03/02/2020,DSM,IA,ACE,CE,Combined TRACON& Tower with Radar,98,17,51,0,166,0,1,9,0,10,98,18,60,0,176,12,0,12,188
03/03/2020,DSM,IA,ACE,CE,Combined TRACON& Tower with Radar,102,20,42,0,164,0,3,9,0,12,102,23,51,0,176,0,0,0,176
03/04/2020,DSM,IA,ACE,CE,Combined TRACON& Tower with Radar,106,19,52,2,179,0,0,46,0,46,106,19,98,2,225,12,0,12,237
03/05/2020,DSM,IA,ACE,CE,Combined TRACON& Tower with Radar,113,18,41,0,172,0,0,8,0,8,113,18,49,0,180,4,0,4,184
03/06/2020,DSM,IA,ACE,CE,Combined TRACON& Tower with Radar,103,15,39,0,157,0,4,39,2,45,103,19,78,2,202,54,2,56,258
03/07/2020,DSM,IA,ACE,CE,Combined TRACON& Tower with Radar,92,13,19,0,124,0,2,15,0,17,92,15,34,0,141,13,0,13,154
03/08/2020,DSM,IA,ACE,CE,Combined TRACON& Tower with Radar,113,12,20,0,145,0,1,8,0,9,113,13,28,0,154,0,0,0,154
03/09/2020,DSM,IA,ACE,CE,Combined TRACON& Tower with Radar,104,11,38,2,155,0,0,1,0,1,104,11,39,2,156,0,0,0,156
03/10/2020,DSM,IA,ACE,CE,Combined TRACON& Tower with Radar,107,10,44,2,163,0,0,17,0,17,107,10,61,2,180,30,0,30,210
03/11/2020,DSM,IA,ACE,CE,Combined TRACON& Tower with Radar,117,9,57,10,193,0,0,19,0,19,117,9,76,10,212,14,0,14,226
03/12/2020,DSM,IA,ACE,CE,Combined TRACON& Tower with Radar,118,13,44,4,179,0,2,2,0,4,118,15,46,4,183,16,0,16,199
03/13/2020,DSM,IA,ACE,CE,Combined TRACON& Tower with Radar,113,13,50,0,176,2,2,27,0,31,115,15,77,0,207,4,0,4,211
03/14/2020,DSM,IA,ACE,CE,Combined TRACON& Tower with Radar,98,20,15,0,133,0,0,2,0,2,98,20,17,0,135,0,0,0,135
03/15/2020,DSM,IA,ACE,CE,Combined TRACON& Tower with Radar,113,16,14,0,143,0,2,10,0,12,113,18,24,0,155,0,0,0,155
03/16/2020,DSM,IA,ACE,CE,Combined TRACON& Tower with Radar,108,15,16,0,139,0,0,1,0,1,108,15,17,0,140,0,0,0,140
03/17/2020,DSM,IA,ACE,CE,Combined TRACON& Tower with Radar,116,17,28,14,175,0,0,46,0,46,116,17,74,14,221,58,14,72,293
03/18/2020,DSM,IA,ACE,CE,Combined TRACON& Tower with Radar,113,11,9,2,135,0,0,0,0,0,113,11,9,2,135,0,0,0,135
03/19/2020,DSM,IA,ACE,CE,Combined TRACON& Tower with Radar,107,15,23,0,145,0,0,3,0,3,107,15,26,0,148,0,0,0,148
03/20/2020,DSM,IA,ACE,CE,Combined TRACON& Tower with Radar,106,18,31,0,155,0,0,3,2,5,106,18,34,2,160,0,0,0,160
03/21/2020,DSM,IA,ACE,CE,Combined TRACON& Tower with Radar,86,11,17,0,114,0,0,24,0,24,86,11,41,0,138,0,0,0,138
03/22/2020,DSM,IA,ACE,CE,Combined TRACON& Tower with Radar,97,19,18,0,134,0,0,3,0,3,97,19,21,0,137,2,0,2,139
03/23/2020,DSM,IA,ACE,CE,Combined TRACON& Tower with Radar,86,8,9,0,103,0,0,0,0,0,86,8,9,0,103,0,0,0,103
03/24/2020,DSM,IA,ACE,CE,Combined TRACON& Tower with Radar,76,10,9,5,100,0,0,6,1,7,76,10,15,6,107,22,4,26,133
03/25/2020,DSM,IA,ACE,CE,Combined TRACON& Tower with Radar,63,6,19,2,90,0,0,2,0,2,63,6,21,2,92,0,0,0,92
03/26/2020,DSM,IA,ACE,CE,Combined TRACON& Tower with Radar,54,6,24,2,86,0,0,6,0,6,54,6,30,2,92,28,0,28,120
03/27/2020,DSM,IA,ACE,CE,Combined TRACON& Tower with Radar,64,6,11,0,81,0,0,1,0,1,64,6,12,0,82,0,0,0,82
03/28/2020,DSM,IA,ACE,CE,Combined TRACON& Tower with Radar,47,8,4,0,59,0,0,0,0,0,47,8,4,0,59,0,0,0,59
03/29/2020,DSM,IA,ACE,CE,Combined TRACON& Tower with Radar,52,5,8,0,65,0,0,3,0,3,52,5,11,0,68,0,0,0,68
03/30/2020,DSM,IA,ACE,CE,Combined TRACON& Tower with Radar,53,5,20,0,78,0,1,43,2,46,53,6,63,2,124,48,0,48,172
03/31/2020,DSM,IA,ACE,CE,Combined TRACON& Tower with Radar,60,5,21,2,88,0,2,27,0,29,60,7,48,2,117,8,0,8,125
04/01/2020,DSM,IA,ACE,CE,Combined TRACON& Tower with Radar,55,4,16,2,77,0,2,12,0,14,55,6,28,2,91,16,0,16,107
04/02/2020,DSM,IA,ACE,CE,Combined TRACON& Tower with Radar,56,6,16,2,80,0,0,9,0,9,56,6,25,2,89,28,2,30,119
04/03/2020,DSM,IA,ACE,CE,Combined TRACON& Tower with Radar,45,5,6,0,56,0,1,0,0,1,45,6,6,0,57,0,0,0,57
04/04/2020,DSM,IA,ACE,CE,Combined TRACON& Tower with Radar,41,4,16,0,61,0,0,17,0,17,41,4,33,0,78,24,0,24,102
04/05/2020,DSM,IA,ACE,CE,Combined TRACON& Tower with Radar,45,7,8,0,60,0,0,22,0,22,45,7,30,0,82,6,0,6,88
04/06/2020,DSM,IA,ACE,CE,Combined TRACON& Tower with Radar,42,2,17,3,64,0,0,0,0,0,42,2,17,3,64,0,0,0,64
04/07/2020,DSM,IA,ACE,CE,Combined TRACON& Tower with Radar,42,4,18,0,64,0,0,12,0,12,42,4,30,0,76,0,0,0,76
04/08/2020,DSM,IA,ACE,CE,Combined TRACON& Tower with Radar,55,0,17,2,74,0,0,9,0,9,55,0,26,2,83,28,0,28,111
04/09/2020,DSM,IA,ACE,CE,Combined TRACON& Tower with Radar,57,6,5,0,68,0,0,9,0,9,57,6,14,0,77,1,0,1,78
04/10/2020,DSM,IA,ACE,CE,Combined TRACON& Tower with Radar,55,0,22,0,77,2,0,27,0,29,57,0,49,0,106,25,0,25,131
04/11/2020,DSM,IA,ACE,CE,Combined TRACON& Tower with Radar,33,2,3,0,38,0,0,3,0,3,33,2,6,0,41,18,0,18,59
04/12/2020,DSM,IA,ACE,CE,Combined TRACON& Tower with Radar,36,0,2,0,38,0,0,0,0,0,36,0,2,0,38,0,0,0,38
04/13/2020,DSM,IA,ACE,CE,Combined TRACON& Tower with Radar,43,0,9,0,52,0,0,5,0,5,43,0,14,0,57,2,0,2,59
04/14/2020,DSM,IA,ACE,CE,Combined TRACON& Tower with Radar,44,0,8,0,52,0,0,14,0,14,44,0,22,0,66,0,0,0,66
04/15/2020,DSM,IA,ACE,CE,Combined TRACON& Tower with Radar,46,0,9,0,55,0,0,6,0,6,46,0,15,0,61,10,0,10,71
04/16/2020,DSM,IA,ACE,CE,Combined TRACON& Tower with Radar,47,4,11,0,62,0,1,12,0,13,47,5,23,0,75,28,0,28,103
04/17/2020,DSM,IA,ACE,CE,Combined TRACON& Tower with Radar,40,0,14,0,54,0,2,8,0,10,40,2,22,0,64,0,0,0,64
04/18/2020,DSM,IA,ACE,CE,Combined TRACON& Tower with Radar,25,3,6,0,34,0,2,6,0,8,25,5,12,0,42,0,0,0,42
04/19/2020,DSM,IA,ACE,CE,Combined TRACON& Tower with Radar,39,0,13,2,54,0,1,43,0,44,39,1,56,2,98,18,0,18,116
04/20/2020,DSM,IA,ACE,CE,Combined TRACON& Tower with Radar,29,1,23,2,55,0,1,11,0,12,29,2,34,2,67,0,0,0,67
04/21/2020,DSM,IA,ACE,CE,Combined TRACON& Tower with Radar,36,2,32,4,74,0,0,51,0,51,36,2,83,4,125,0,0,0,125
04/22/2020,DSM,IA,ACE,CE,Combined TRACON& Tower with Radar,32,0,6,6,44,0,1,11,0,12,32,1,17,6,56,2,6,8,64
04/23/2020,DSM,IA,ACE,CE,Combined TRACON& Tower with Radar,36,6,17,0,59,0,0,40,0,40,36,6,57,0,99,38,0,38,137
04/24/2020,DSM,IA,ACE,CE,Combined TRACON& Tower with Radar,36,2,11,0,49,0,1,5,0,6,36,3,16,0,55,18,0,18,73
04/25/2020,DSM,IA,ACE,CE,Combined TRACON& Tower with Radar,26,3,15,0,44,0,1,17,0,18,26,4,32,0,62,20,0,20,82
04/26/2020,DSM,IA,ACE,CE,Combined TRACON& Tower with Radar,37,1,9,1,48,0,0,24,0,24,37,1,33,1,72,4,0,4,76
04/27/2020,DSM,IA,ACE,CE,Combined TRACON& Tower with Radar,34,0,12,0,46,0,1,12,0,13,34,1,24,0,59,4,0,4,63
04/28/2020,DSM,IA,ACE,CE,Combined TRACON& Tower with Radar,26,0,10,6,42,0,1,8,0,9,26,1,18,6,51,2,12,14,65
04/29/2020,DSM,IA,ACE,CE,Combined TRACON& Tower with Radar,36,0,27,6,69,0,0,2,0,2,36,0,29,6,71,12,6,18,89
04/30/2020,DSM,IA,ACE,CE,Combined TRACON& Tower with Radar,38,3,21,4,66,0,0,38,0,38,38,3,59,4,104,65,14,79,183
05/01/2020,DSM,IA,ACE,CE,Combined TRACON& Tower with Radar,49,6,15,3,73,0,0,11,0,11,49,6,26,3,84,0,4,4,88
05/02/2020,DSM,IA,ACE,CE,Combined TRACON& Tower with Radar,24,4,5,2,35,0,0,17,0,17,24,4,22,2,52,2,0,2,54
05/03/2020,DSM,IA,ACE,CE,Combined TRACON& Tower with Radar,44,1,17,0,62,0,0,29,0,29,44,1,46,0,91,30,0,30,121
05/04/2020,DSM,IA,ACE,CE,Combined TRACON& Tower with Radar,36,2,13,8,59,0,0,6,0,6,36,2,19,8,65,0,0,0,65
05/05/2020,DSM,IA,ACE,CE,Combined TRACON& Tower with Radar,30,2,11,0,43,0,0,3,0,3,30,2,14,0,46,0,0,0,46
05/06/2020,DSM,IA,ACE,CE,Combined TRACON& Tower with Radar,32,2,28,0,62,0,0,19,0,19,32,2,47,0,81,16,0,16,97
05/07/2020,DSM,IA,ACE,CE,Combined TRACON& Tower with Radar,35,6,22,8,71,0,0,24,0,24,35,6,46,8,95,12,22,34,129
05/08/2020,DSM,IA,ACE,CE,Combined TRACON& Tower with Radar,38,0,23,8,69,7,0,18,8,33,45,0,41,16,102,16,22,38,140
05/09/2020,DSM,IA,ACE,CE,Combined TRACON& Tower with Radar,24,6,12,1,43,2,2,17,0,21,26,8,29,1,64,18,0,18,82
05/10/2020,DSM,IA,ACE,CE,Combined TRACON& Tower with Radar,32,3,12,0,47,0,0,6,0,6,32,3,18,0,53,0,0,0,53
05/11/2020,DSM,IA,ACE,CE,Combined TRACON& Tower with Radar,32,0,20,3,55,0,0,32,0,32,32,0,52,3,87,30,0,30,117
05/12/2020,DSM,IA,ACE,CE,Combined TRACON& Tower with Radar,29,0,23,12,64,0,0,43,0,43,29,0,66,12,107,75,16,91,198
05/13/2020,DSM,IA,ACE,CE,Combined TRACON& Tower with Radar,31,4,21,22,78,0,0,1,0,1,31,4,22,22,79,0,52,52,131
05/14/2020,DSM,IA,ACE,CE,Combined TRACON& Tower with Radar,43,4,23,0,70,0,0,0,0,0,43,4,23,0,70,10,0,10,80
05/15/2020,DSM,IA,ACE,CE,Combined TRACON& Tower with Radar,38,2,30,0,70,0,1,39,0,40,38,3,69,0,110,32,0,32,142
05/16/2020,DSM,IA,ACE,CE,Combined TRACON& Tower with Radar,26,4,9,0,39,0,0,19,0,19,26,4,28,0,58,8,0,8,66
05/17/2020,DSM,IA,ACE,CE,Combined TRACON& Tower with Radar,38,4,10,0,52,0,0,2,0,2,38,4,12,0,54,0,0,0,54
05/18/2020,DSM,IA,ACE,CE,Combined TRACON& Tower with Radar,34,2,45,2,83,0,0,3,0,3,34,2,48,2,86,0,0,0,86
05/19/2020,DSM,IA,ACE,CE,Combined TRACON& Tower with Radar,28,2,42,2,74,0,3,1,0,4,28,5,43,2,78,16,0,16,94
05/20/2020,DSM,IA,ACE,CE,Combined TRACON& Tower with Radar,31,7,40,2,80,0,0,1,0,1,31,7,41,2,81,0,0,0,81
05/21/2020,DSM,IA,ACE,CE,Combined TRACON& Tower with Radar,44,4,35,4,87,0,0,3,0,3,44,4,38,4,90,0,0,0,90
05/22/2020,DSM,IA,ACE,CE,Combined TRACON& Tower with Radar,41,10,27,0,78,0,3,4,0,7,41,13,31,0,85,0,0,0,85
05/23/2020,DSM,IA,ACE,CE,Combined TRACON& Tower with Radar,32,6,14,1,53,0,0,8,0,8,32,6,22,1,61,18,0,18,79
05/24/2020,DSM,IA,ACE,CE,Combined TRACON& Tower with Radar,41,2,5,1,49,0,0,1,0,1,41,2,6,1,50,0,0,0,50
05/25/2020,DSM,IA,ACE,CE,Combined TRACON& Tower with Radar,39,5,17,0,61,0,0,4,0,4,39,5,21,0,65,4,0,4,69
05/26/2020,DSM,IA,ACE,CE,Combined TRACON& Tower with Radar,25,2,22,2,51,2,1,4,0,7,27,3,26,2,58,0,0,0,58
05/27/2020,DSM,IA,ACE,CE,Combined TRACON& Tower with Radar,32,2,36,0,70,1,0,17,0,18,33,2,53,0,88,44,0,44,132
05/28/2020,DSM,IA,ACE,CE,Combined TRACON& Tower with Radar,44,3,20,0,67,0,0,7,0,7,44,3,27,0,74,6,0,6,80
05/29/2020,DSM,IA,ACE,CE,Combined TRACON& Tower with Radar,42,2,41,0,85,0,2,33,0,35,42,4,74,0,120,40,0,40,160
05/30/2020,DSM,IA,ACE,CE,Combined TRACON& Tower with Radar,28,5,16,0,49,0,6,39,0,45,28,11,55,0,94,60,0,60,154
05/31/2020,DSM,IA,ACE,CE,Combined TRACON& Tower with Radar,55,2,17,0,74,0,0,25,0,25,55,2,42,0,99,6,0,6,105
06/01/2020,DSM,IA,ACE,CE,Combined TRACON& Tower with Radar,37,1,38,0,76,0,2,9,0,11,37,3,47,0,87,2,0,2,89
06/02/2020,DSM,IA,ACE,CE,Combined TRACON& Tower with Radar,35,4,25,2,66,0,0,14,0,14,35,4,39,2,80,6,0,6,86
06/03/2020,DSM,IA,ACE,CE,Combined TRACON& Tower with Radar,37,1,28,0,66,0,1,35,0,36,37,2,63,0,102,32,0,32,134
06/04/2020,DSM,IA,ACE,CE,Combined TRACON& Tower with Radar,46,3,27,0,76,0,0,20,0,20,46,3,47,0,96,8,0,8,104
06/05/2020,DSM,IA,ACE,CE,Combined TRACON& Tower with Radar,43,3,28,0,74,0,0,25,0,25,43,3,53,0,99,35,0,35,134
06/06/2020,DSM,IA,ACE,CE,Combined TRACON& Tower with Radar,42,4,14,0,60,0,0,17,0,17,42,4,31,0,77,27,0,27,104
06/07/2020,DSM,IA,ACE,CE,Combined TRACON& Tower with Radar,47,4,10,0,61,0,1,18,0,19,47,5,28,0,80,6,0,6,86
06/08/2020,DSM,IA,ACE,CE,Combined TRACON& Tower with Radar,42,8,25,2,77,7,2,28,0,37,49,10,53,2,114,12,0,12,126
06/09/2020,DSM,IA,ACE,CE,Combined TRACON& Tower with Radar,36,4,26,0,66,0,0,3,0,3,36,4,29,0,69,2,0,2,71
06/10/2020,DSM,IA,ACE,CE,Combined TRACON& Tower with Radar,36,11,22,2,71,0,0,3,0,3,36,11,25,2,74,0,0,0,74
06/11/2020,DSM,IA,ACE,CE,Combined TRACON& Tower with Radar,50,5,44,0,99,2,2,31,0,35,52,7,75,0,134,20,0,20,154
06/12/2020,DSM,IA,ACE,CE,Combined TRACON& Tower with Radar,46,10,32,0,88,0,0,47,0,47,46,10,79,0,135,42,0,42,177
06/13/2020,DSM,IA,ACE,CE,Combined TRACON& Tower with Radar,40,9,7,0,56,0,0,42,0,42,40,9,49,0,98,50,0,50,148
06/14/2020,DSM,IA,ACE,CE,Combined TRACON& Tower with Radar,47,2,17,0,66,0,0,12,0,12,47,2,29,0,78,0,0,0,78
06/15/2020,DSM,IA,ACE,CE,Combined TRACON& Tower with Radar,42,2,25,0,69,0,0,16,0,16,42,2,41,0,85,10,0,10,95
06/16/2020,DSM,IA,ACE,CE,Combined TRACON& Tower with Radar,36,7,37,0,80,0,1,31,0,32,36,8,68,0,112,24,0,24,136
06/17/2020,DSM,IA,ACE,CE,Combined TRACON& Tower with Radar,36,7,24,0,67,0,0,21,0,21,36,7,45,0,88,0,0,0,88
06/18/2020,DSM,IA,ACE,CE,Combined TRACON& Tower with Radar,50,5,40,0,95,0,0,13,0,13,50,5,53,0,108,8,0,8,116
06/19/2020,DSM,IA,ACE,CE,Combined TRACON& Tower with Radar,46,6,30,0,82,0,0,3,0,3,46,6,33,0,85,4,0,4,89
06/20/2020,DSM,IA,ACE,CE,Combined TRACON& Tower with Radar,42,6,21,0,69,0,0,4,0,4,42,6,25,0,73,0,0,0,73
06/21/2020,DSM,IA,ACE,CE,Combined TRACON& Tower with Radar,50,5,23,0,78,0,0,7,0,7,50,5,30,0,85,0,0,0,85
06/22/2020,DSM,IA,ACE,CE,Combined TRACON& Tower with Radar,42,6,27,0,75,0,2,11,0,13,42,8,38,0,88,46,0,46,134
06/23/2020,DSM,IA,ACE,CE,Combined TRACON& Tower with Radar,38,5,40,0,83,1,0,57,0,58,39,5,97,0,141,48,0,48,189
06/24/2020,DSM,IA,ACE,CE,Combined TRACON& Tower with Radar,38,6,46,2,92,0,0,38,0,38,38,6,84,2,130,14,0,14,144
06/25/2020,DSM,IA,ACE,CE,Combined TRACON& Tower with Radar,50,6,47,1,104,0,1,34,0,35,50,7,81,1,139,44,0,44,183
06/26/2020,DSM,IA,ACE,CE,Combined TRACON& Tower with Radar,45,3,31,5,84,0,0,5,5,10,45,3,36,10,94,34,10,44,138
06/27/2020,DSM,IA,ACE,CE,Combined TRACON& Tower with Radar,44,5,13,0,62,0,2,19,0,21,44,7,32,0,83,30,0,30,113
06/28/2020,DSM,IA,ACE,CE,Combined TRACON& Tower with Radar,45,6,18,0,69,0,0,7,0,7,45,6,25,0,76,10,0,10,86
06/29/2020,DSM,IA,ACE,CE,Combined TRACON& Tower with Radar,42,3,32,0,77,0,1,12,0,13,42,4,44,0,90,18,0,18,108
06/30/2020,DSM,IA,ACE,CE,Combined TRACON& Tower with Radar,36,3,39,0,78,0,0,11,0,11,36,3,50,0,89,24,0,24,113
07/01/2020,DSM,IA,ACE,CE,Combined TRACON& Tower with Radar,41,9,40,4,94,0,1,21,5,27,41,10,61,9,121,14,12,26,147
07/02/2020,DSM,IA,ACE,CE,Combined TRACON& Tower with Radar,63,5,31,0,99,0,2,18,0,20,63,7,49,0,119,0,0,0,119
07/03/2020,DSM,IA,ACE,CE,Combined TRACON& Tower with Radar,49,2,16,0,67,0,0,16,0,16,49,2,32,0,83,13,0,13,96
07/04/2020,DSM,IA,ACE,CE,Combined TRACON& Tower with Radar,44,2,11,0,57,0,4,17,0,21,44,6,28,0,78,0,0,0,78
07/05/2020,DSM,IA,ACE,CE,Combined TRACON& Tower with Radar,48,6,21,0,75,0,0,10,0,10,48,6,31,0,85,15,0,15,100
07/06/2020,DSM,IA,ACE,CE,Combined TRACON& Tower with Radar,55,3,30,0,88,0,0,17,0,17,55,3,47,0,105,20,0,20,125
07/07/2020,DSM,IA,ACE,CE,Combined TRACON& Tower with Radar,49,1,40,0,90,0,0,25,0,25,49,1,65,0,115,22,0,22,137
07/08/2020,DSM,IA,ACE,CE,Combined TRACON& Tower with Radar,60,2,35,0,97,0,0,33,0,33,60,2,68,0,130,12,0,12,142
07/09/2020,DSM,IA,ACE,CE,Combined TRACON& Tower with Radar,78,7,55,0,140,0,4,9,2,15,78,11,64,2,155,10,0,10,165
07/10/2020,DSM,IA,ACE,CE,Combined TRACON& Tower with Radar,74,8,35,2,119,0,0,31,0,31,74,8,66,2,150,8,0,8,158
07/11/2020,DSM,IA,ACE,CE,Combined TRACON& Tower with Radar,67,3,15,2,87,0,0,28,0,28,67,3,43,2,115,0,0,0,115
07/12/2020,DSM,IA,ACE,CE,Combined TRACON& Tower with Radar,73,5,37,2,117,0,1,39,0,40,73,6,76,2,157,4,0,4,161
07/13/2020,DSM,IA,ACE,CE,Combined TRACON& Tower with Radar,70,2,26,0,98,0,0,25,2,27,70,2,51,2,125,8,0,8,133
07/14/2020,DSM,IA,ACE,CE,Combined TRACON& Tower with Radar,52,6,47,2,107,0,1,19,2,22,52,7,66,4,129,24,0,24,153
07/15/2020,DSM,IA,ACE,CE,Combined TRACON& Tower with Radar,58,12,25,0,95,1,0,9,0,10,59,12,34,0,105,34,0,34,139
07/16/2020,DSM,IA,ACE,CE,Combined TRACON& Tower with Radar,80,5,56,2,143,0,0,41,2,43,80,5,97,4,186,16,0,16,202
07/17/2020,DSM,IA,ACE,CE,Combined TRACON& Tower with Radar,73,4,36,2,115,0,1,33,0,34,73,5,69,2,149,21,0,21,170
07/18/2020,DSM,IA,ACE,CE,Combined TRACON& Tower with Radar,66,11,15,0,92,0,2,9,0,11,66,13,24,0,103,0,0,0,103
07/19/2020,DSM,IA,ACE,CE,Combined TRACON& Tower with Radar,74,9,23,0,106,0,4,27,0,31,74,13,50,0,137,11,0,11,148
07/20/2020,DSM,IA,ACE,CE,Combined TRACON& Tower with Radar,71,6,29,1,107,0,1,19,2,22,71,7,48,3,129,16,4,20,149
07/21/2020,DSM,IA,ACE,CE,Combined TRACON& Tower with Radar,54,5,42,4,105,0,0,8,0,8,54,5,50,4,113,4,0,4,117
07/22/2020,DSM,IA,ACE,CE,Combined TRACON& Tower with Radar,59,10,54,19,142,0,0,32,1,33,59,10,86,20,175,10,10,20,195
07/23/2020,DSM,IA,ACE,CE,Combined TRACON& Tower with Radar,78,5,34,4,121,0,2,28,0,30,78,7,62,4,151,22,0,22,173
07/24/2020,DSM,IA,ACE,CE,Combined TRACON& Tower with Radar,75,7,34,2,118,0,3,19,0,22,75,10,53,2,140,14,0,14,154
07/25/2020,DSM,IA,ACE,CE,Combined TRACON& Tower with Radar,64,7,15,0,86,0,0,30,0,30,64,7,45,0,116,42,0,42,158
07/26/2020,DSM,IA,ACE,CE,Combined TRACON& Tower with Radar,73,5,29,0,107,0,1,8,0,9,73,6,37,0,116,0,0,0,116
07/27/2020,DSM,IA,ACE,CE,Combined TRACON& Tower with Radar,70,10,42,2,124,0,1,17,0,18,70,11,59,2,142,42,0,42,184
07/28/2020,DSM,IA,ACE,CE,Combined TRACON& Tower with Radar,52,8,26,0,86,0,0,16,0,16,52,8,42,0,102,24,0,24,126
07/29/2020,DSM,IA,ACE,CE,Combined TRACON& Tower with Radar,61,6,45,4,116,0,0,26,0,26,61,6,71,4,142,43,0,43,185
07/30/2020,DSM,IA,ACE,CE,Combined TRACON& Tower with Radar,76,6,32,1,115,0,0,22,1,23,76,6,54,2,138,11,0,11,149
07/31/2020,DSM,IA,ACE,CE,Combined TRACON& Tower with Radar,69,3,35,8,115,0,2,41,0,43,69,5,76,8,158,56,0,56,214
08/01/2020,DSM,IA,ACE,CE,Combined TRACON& Tower with Radar,72,4,17,0,93,0,0,30,0,30,72,4,47,0,123,32,0,32,155
08/02/2020,DSM,IA,ACE,CE,Combined TRACON& Tower with Radar,81,8,10,0,99,0,1,5,0,6,81,9,15,0,105,8,0,8,113
08/03/2020,DSM,IA,ACE,CE,Combined TRACON& Tower with Radar,77,1,48,5,131,0,1,27,0,28,77,2,75,5,159,10,0,10,169
08/04/2020,DSM,IA,ACE,CE,Combined TRACON& Tower with Radar,67,3,36,5,111,0,3,34,2,39,67,6,70,7,150,36,0,36,186
08/05/2020,DSM,IA,ACE,CE,Combined TRACON& Tower with Radar,65,7,44,2,118,0,0,20,0,20,65,7,64,2,138,18,0,18,156
08/06/2020,DSM,IA,ACE,CE,Combined TRACON& Tower with Radar,84,3,32,0,119,1,0,12,0,13,85,3,44,0,132,0,0,0,132
08/07/2020,DSM,IA,ACE,CE,Combined TRACON& Tower with Radar,77,1,30,2,110,1,1,17,0,19,78,2,47,2,129,3,0,3,132
08/08/2020,DSM,IA,ACE,CE,Combined TRACON& Tower with Radar,75,8,14,0,97,0,0,14,0,14,75,8,28,0,111,0,0,0,111
08/09/2020,DSM,IA,ACE,CE,Combined TRACON& Tower with Radar,82,4,20,0,106,0,3,22,0,25,82,7,42,0,131,14,0,14,145
08/10/2020,DSM,IA,ACE,CE,Combined TRACON& Tower with Radar,67,6,18,4,95,0,0,10,5,15,67,6,28,9,110,0,4,4,114
08/11/2020,DSM,IA,ACE,CE,Combined TRACON& Tower with Radar,66,12,29,28,135,0,1,29,0,30,66,13,58,28,165,44,50,94,259
08/12/2020,DSM,IA,ACE,CE,Combined TRACON& Tower with Radar,70,8,49,2,129,0,0,9,2,11,70,8,58,4,140,0,0,0,140
08/13/2020,DSM,IA,ACE,CE,Combined TRACON& Tower with Radar,85,13,32,9,139,0,0,10,9,19,85,13,42,18,158,0,2,2,160
08/14/2020,DSM,IA,ACE,CE,Combined TRACON& Tower with Radar,81,9,25,2,117,1,5,26,2,34,82,14,51,4,151,18,0,18,169
08/15/2020,DSM,IA,ACE,CE,Combined TRACON& Tower with Radar,72,6,19,2,99,0,1,38,0,39,72,7,57,2,138,0,0,0,138
08/16/2020,DSM,IA,ACE,CE,Combined TRACON& Tower with Radar,83,8,24,0,115,1,0,28,0,29,84,8,52,0,144,32,0,32,176
08/17/2020,DSM,IA,ACE,CE,Combined TRACON& Tower with Radar,74,6,41,5,126,0,1,25,1,27,74,7,66,6,153,12,10,22,175
08/18/2020,DSM,IA,ACE,CE,Combined TRACON& Tower with Radar,64,2,31,1,98,0,4,28,1,33,64,6,59,2,131,14,0,14,145
08/19/2020,DSM,IA,ACE,CE,Combined TRACON& Tower with Radar,64,5,45,6,120,0,0,37,2,39,64,5,82,8,159,50,0,50,209
08/20/2020,DSM,IA,ACE,CE,Combined TRACON& Tower with Radar,78,5,34,0,117,0,3,31,0,34,78,8,65,0,151,14,0,14,165
08/21/2020,DSM,IA,ACE,CE,Combined TRACON& Tower with Radar,75,6,29,2,112,0,1,24,0,25,75,7,53,2,137,16,0,16,153
08/22/2020,DSM,IA,ACE,CE,Combined TRACON& Tower with Radar,64,4,24,0,92,0,0,21,0,21,64,4,45,0,113,4,0,4,117
08/23/2020,DSM,IA,ACE,CE,Combined TRACON& Tower with Radar,77,5,21,0,103,0,1,38,0,39,77,6,59,0,142,12,0,12,154
08/24/2020,DSM,IA,ACE,CE,Combined TRACON& Tower with Radar,72,1,34,9,116,0,0,26,1,27,72,1,60,10,143,24,0,24,167
08/25/2020,DSM,IA,ACE,CE,Combined TRACON& Tower with Radar,62,4,24,14,104,0,0,18,0,18,62,4,42,14,122,6,12,18,140
08/26/2020,DSM,IA,ACE,CE,Combined TRACON& Tower with Radar,61,15,39,0,115,7,5,23,2,37,68,20,62,2,152,11,0,11,163
08/27/2020,DSM,IA,ACE,CE,Combined TRACON& Tower with Radar,78,8,45,15,146,4,0,43,3,50,82,8,88,18,196,8,22,30,226
08/28/2020,DSM,IA,ACE,CE,Combined TRACON& Tower with Radar,77,2,28,1,108,0,3,17,1,21,77,5,45,2,129,0,0,0,129
08/29/2020,DSM,IA,ACE,CE,Combined TRACON& Tower with Radar,65,2,17,0,84,0,0,27,0,27,65,2,44,0,111,2,0,2,113
08/30/2020,DSM,IA,ACE,CE,Combined TRACON& Tower with Radar,75,6,25,0,106,0,2,36,0,38,75,8,61,0,144,8,0,8,152
08/31/2020,DSM,IA,ACE,CE,Combined TRACON& Tower with Radar,74,6,35,0,115,0,0,12,0,12,74,6,47,0,127,4,0,4,131
09/01/2020,DSM,IA,ACE,CE,Combined TRACON& Tower with Radar,62,3,30,0,95,0,0,9,0,9,62,3,39,0,104,0,0,0,104
09/02/2020,DSM,IA,ACE,CE,Combined TRACON& Tower with Radar,62,1,37,0,100,0,3,36,0,39,62,4,73,0,139,28,0,28,167
09/03/2020,DSM,IA,ACE,CE,Combined TRACON& Tower with Radar,82,4,34,4,124,0,2,27,2,31,82,6,61,6,155,6,6,12,167
09/04/2020,DSM,IA,ACE,CE,Combined TRACON& Tower with Radar,81,5,46,0,132,0,4,31,0,35,81,9,77,0,167,26,0,26,193
09/05/2020,DSM,IA,ACE,CE,Combined TRACON& Tower with Radar,53,7,17,0,77,0,5,20,0,25,53,12,37,0,102,13,0,13,115
09/06/2020,DSM,IA,ACE,CE,Combined TRACON& Tower with Radar,62,3,8,0,73,0,0,6,0,6,62,3,14,0,79,4,0,4,83
09/07/2020,DSM,IA,ACE,CE,Combined TRACON& Tower with Radar,65,4,27,0,96,0,0,25,0,25,65,4,52,0,121,24,0,24,145
09/08/2020,DSM,IA,ACE,CE,Combined TRACON& Tower with Radar,61,4,22,0,87,0,1,3,0,4,61,5,25,0,91,0,0,0,91
09/09/2020,DSM,IA,ACE,CE,Combined TRACON& Tower with Radar,62,2,31,1,96,0,0,1,0,1,62,2,32,1,97,0,0,0,97
09/10/2020,DSM,IA,ACE,CE,Combined TRACON& Tower with Radar,72,6,16,0,94,0,0,0,0,0,72,6,16,0,94,0,0,0,94
09/11/2020,DSM,IA,ACE,CE,Combined TRACON& Tower with Radar,77,3,28,2,110,0,0,0,0,0,77,3,28,2,110,0,0,0,110
09/12/2020,DSM,IA,ACE,CE,Combined TRACON& Tower with Radar,61,9,23,0,93,0,2,15,0,17,61,11,38,0,110,38,0,38,148
09/13/2020,DSM,IA,ACE,CE,Combined TRACON& Tower with Radar,74,9,32,2,117,1,2,45,0,48,75,11,77,2,165,4,0,4,169
09/14/2020,DSM,IA,ACE,CE,Combined TRACON& Tower with Radar,68,4,40,0,112,2,0,28,0,30,70,4,68,0,142,17,0,17,159
09/15/2020,DSM,IA,ACE,CE,Combined TRACON& Tower with Radar,60,2,33,1,96,0,1,34,5,40,60,3,67,6,136,24,0,24,160
09/16/2020,DSM,IA,ACE,CE,Combined TRACON& Tower with Radar,65,16,41,13,135,2,1,35,5,43,67,17,76,18,178,10,0,10,188
09/17/2020,DSM,IA,ACE,CE,Combined TRACON& Tower with Radar,72,5,37,7,121,0,2,36,2,40,72,7,73,9,161,24,8,32,193
09/18/2020,DSM,IA,ACE,CE,Combined TRACON& Tower with Radar,75,5,29,0,109,0,1,36,4,41,75,6,65,4,150,63,0,63,213
09/19/2020,DSM,IA,ACE,CE,Combined TRACON& Tower with Radar,61,8,23,0,92,0,2,31,0,33,61,10,54,0,125,22,0,22,147
09/20/2020,DSM,IA,ACE,CE,Combined TRACON& Tower with Radar,72,4,24,0,100,0,0,12,0,12,72,4,36,0,112,6,0,6,118
09/21/2020,DSM,IA,ACE,CE,Combined TRACON& Tower with Radar,68,5,22,0,95,0,2,27,2,31,68,7,49,2,126,2,0,2,128
09/22/2020,DSM,IA,ACE,CE,Combined TRACON& Tower with Radar,60,5,41,5,111,0,0,45,8,53,60,5,86,13,164,46,0,46,210
09/23/2020,DSM,IA,ACE,CE,Combined TRACON& Tower with Radar,64,16,31,25,136,0,8,27,9,44,64,24,58,34,180,18,22,40,220
09/24/2020,DSM,IA,ACE,CE,Combined TRACON& Tower with Radar,73,2,42,0,117,2,0,29,2,33,75,2,71,2,150,0,0,0,150
09/25/2020,DSM,IA,ACE,CE,Combined TRACON& Tower with Radar,77,6,38,0,121,0,0,11,2,13,77,6,49,2,134,2,0,2,136
09/26/2020,DSM,IA,ACE,CE,Combined TRACON& Tower with Radar,64,6,19,0,89,1,0,18,0,19,65,6,37,0,108,12,0,12,120
09/27/2020,DSM,IA,ACE,CE,Combined TRACON& Tower with Radar,72,2,18,0,92,0,0,7,0,7,72,2,25,0,99,2,0,2,101
09/28/2020,DSM,IA,ACE,CE,Combined TRACON& Tower with Radar,67,2,50,12,131,0,1,15,2,18,67,3,65,14,149,16,4,20,169
09/29/2020,DSM,IA,ACE,CE,Combined TRACON& Tower with Radar,64,6,55,4,129,0,2,35,2,39,64,8,90,6,168,12,20,32,200
09/30/2020,DSM,IA,ACE,CE,Combined TRACON& Tower with Radar,66,4,41,1,112,0,4,10,2,16,66,8,51,3,128,2,0,2,130
10/01/2020,DSM,IA,ACE,CE,Combined TRACON& Tower with Radar,79,6,49,20,154,0,2,17,2,21,79,8,66,22,175,0,32,32,207
10/02/2020,DSM,IA,ACE,CE,Combined TRACON& Tower with Radar,78,7,47,0,132,0,1,46,2,49,78,8,93,2,181,24,0,24,205
10/03/2020,DSM,IA,ACE,CE,Combined TRACON& Tower with Radar,60,10,12,0,82,0,0,7,0,7,60,10,19,0,89,0,0,0,89
10/04/2020,DSM,IA,ACE,CE,Combined TRACON& Tower with Radar,82,4,32,0,118,0,3,49,1,53,82,7,81,1,171,2,0,2,173
10/05/2020,DSM,IA,ACE,CE,Combined TRACON& Tower with Radar,70,4,34,1,109,0,4,11,1,16,70,8,45,2,125,2,0,2,127
10/06/2020,DSM,IA,ACE,CE,Combined TRACON& Tower with Radar,56,0,39,3,98,0,2,35,1,38,56,2,74,4,136,6,0,6,142
10/07/2020,DSM,IA,ACE,CE,Combined TRACON& Tower with Radar,55,5,34,2,96,0,0,32,4,36,55,5,66,6,132,10,0,10,142
10/08/2020,DSM,IA,ACE,CE,Combined TRACON& Tower with Radar,77,9,39,4,129,0,0,22,6,28,77,9,61,10,157,18,14,32,189
10/09/2020,DSM,IA,ACE,CE,Combined TRACON& Tower with Radar,76,7,40,0,123,0,0,17,0,17,76,7,57,0,140,16,0,16,156
10/10/2020,DSM,IA,ACE,CE,Combined TRACON& Tower with Radar,52,12,21,0,85,0,3,26,0,29,52,15,47,0,114,10,0,10,124
10/11/2020,DSM,IA,ACE,CE,Combined TRACON& Tower with Radar,78,9,23,0,110,0,1,22,0,23,78,10,45,0,133,8,0,8,141
10/12/2020,DSM,IA,ACE,CE,Combined TRACON& Tower with Radar,66,17,41,2,126,0,0,15,0,15,66,17,56,2,141,28,0,28,169
10/13/2020,DSM,IA,ACE,CE,Combined TRACON& Tower with Radar,61,6,55,2,124,0,2,26,4,32,61,8,81,6,156,34,0,34,190
10/14/2020,DSM,IA,ACE,CE,Combined TRACON& Tower with Radar,61,6,41,8,116,0,2,10,6,18,61,8,51,14,134,0,10,10,144
10/15/2020,DSM,IA,ACE,CE,Combined TRACON& Tower with Radar,77,8,49,4,138,0,0,20,0,20,77,8,69,4,158,18,0,18,176
10/16/2020,DSM,IA,ACE,CE,Combined TRACON& Tower with Radar,75,11,33,2,121,0,0,24,0,24,75,11,57,2,145,2,0,2,147
10/17/2020,DSM,IA,ACE,CE,Combined TRACON& Tower with Radar,52,15,22,0,89,0,0,8,0,8,52,15,30,0,97,0,0,0,97
10/18/2020,DSM,IA,ACE,CE,Combined TRACON& Tower with Radar,78,9,31,2,120,0,1,16,0,17,78,10,47,2,137,8,0,8,145
10/19/2020,DSM,IA,ACE,CE,Combined TRACON& Tower with Radar,69,10,34,0,113,0,0,5,0,5,69,10,39,0,118,0,0,0,118
10/20/2020,DSM,IA,ACE,CE,Combined TRACON& Tower with Radar,58,9,24,0,91,0,0,0,0,0,58,9,24,0,91,0,0,0,91
10/21/2020,DSM,IA,ACE,CE,Combined TRACON& Tower with Radar,60,4,41,0,105,0,0,14,2,16,60,4,55,2,121,28,0,28,149
10/22/2020,DSM,IA,ACE,CE,Combined TRACON& Tower with Radar,82,9,15,2,108,0,0,0,0,0,82,9,15,2,108,0,0,0,108
10/23/2020,DSM,IA,ACE,CE,Combined TRACON& Tower with Radar,78,7,37,2,124,0,6,3,0,9,78,13,40,2,133,4,0,4,137
10/24/2020,DSM,IA,ACE,CE,Combined TRACON& Tower with Radar,55,14,33,0,102,0,0,34,0,34,55,14,67,0,136,16,0,16,152
10/25/2020,DSM,IA,ACE,CE,Combined TRACON& Tower with Radar,72,11,13,0,96,0,0,6,0,6,72,11,19,0,102,10,0,10,112
10/26/2020,DSM,IA,ACE,CE,Combined TRACON& Tower with Radar,65,9,28,2,104,0,0,16,0,16,65,9,44,2,120,12,4,16,136
10/27/2020,DSM,IA,ACE,CE,Combined TRACON& Tower with Radar,56,6,37,4,103,0,0,33,2,35,56,6,70,6,138,18,0,18,156
10/28/2020,DSM,IA,ACE,CE,Combined TRACON& Tower with Radar,56,3,48,7,114,0,0,50,6,56,56,3,98,13,170,10,4,14,184
10/29/2020,DSM,IA,ACE,CE,Combined TRACON& Tower with Radar,71,7,32,12,122,0,0,10,2,12,71,7,42,14,134,2,4,6,140
10/30/2020,DSM,IA,ACE,CE,Combined TRACON& Tower with Radar,71,10,35,3,119,0,1,31,3,35,71,11,66,6,154,5,0,5,159
10/31/2020,DSM,IA,ACE,CE,Combined TRACON& Tower with Radar,41,8,23,0,72,0,0,12,0,12,41,8,35,0,84,0,0,0,84
11/01/2020,DSM,IA,ACE,CE,Combined TRACON& Tower with Radar,65,8,18,0,91,2,1,12,0,15,67,9,30,0,106,6,0,6,112
11/02/2020,DSM,IA,ACE,CE,Combined TRACON& Tower with Radar,65,8,27,9,109,0,2,29,5,36,65,10,56,14,145,13,24,37,182
11/03/2020,DSM,IA,ACE,CE,Combined TRACON& Tower with Radar,55,7,16,2,80,0,3,26,2,31,55,10,42,4,111,32,0,32,143
11/04/2020,DSM,IA,ACE,CE,Combined TRACON& Tower with Radar,52,13,33,4,102,0,0,47,4,51,52,13,80,8,153,40,12,52,205
11/05/2020,DSM,IA,ACE,CE,Combined TRACON& Tower with Radar,71,14,42,1,128,0,2,53,1,56,71,16,95,2,184,46,0,46,230
11/06/2020,DSM,IA,ACE,CE,Combined TRACON& Tower with Radar,75,11,41,0,127,0,2,42,0,44,75,13,83,0,171,28,0,28,199
11/07/2020,DSM,IA,ACE,CE,Combined TRACON& Tower with Radar,58,10,7,0,75,0,4,19,0,23,58,14,26,0,98,0,0,0,98
11/08/2020,DSM,IA,ACE,CE,Combined TRACON& Tower with Radar,73,10,22,0,105,0,4,17,0,21,73,14,39,0,126,4,0,4,130
11/09/2020,DSM,IA,ACE,CE,Combined TRACON& Tower with Radar,67,11,30,4,112,0,1,4,0,5,67,12,34,4,117,0,0,0,117
11/10/2020,DSM,IA,ACE,CE,Combined TRACON& Tower with Radar,52,9,20,0,81,0,0,2,0,2,52,9,22,0,83,0,0,0,83
11/11/2020,DSM,IA,ACE,CE,Combined TRACON& Tower with Radar,56,10,42,2,110,0,1,39,0,40,56,11,81,2,150,35,0,35,185
11/12/2020,DSM,IA,ACE,CE,Combined TRACON& Tower with Radar,71,12,24,2,109,0,3,19,3,25,71,15,43,5,134,19,0,19,153
11/13/2020,DSM,IA,ACE,CE,Combined TRACON& Tower with Radar,73,12,45,2,132,0,1,40,0,41,73,13,85,2,173,6,0,6,179
11/14/2020,DSM,IA,ACE,CE,Combined TRACON& Tower with Radar,61,10,12,0,83,0,1,4,1,6,61,11,16,1,89,2,0,2,91
11/15/2020,DSM,IA,ACE,CE,Combined TRACON& Tower with Radar,71,6,13,0,90,0,0,2,0,2,71,6,15,0,92,0,0,0,92
11/16/2020,DSM,IA,ACE,CE,Combined TRACON& Tower with Radar,66,4,37,2,109,0,5,19,0,24,66,9,56,2,133,2,0,2,135
11/17/2020,DSM,IA,ACE,CE,Combined TRACON& Tower with Radar,53,8,42,16,119,0,2,29,0,31,53,10,71,16,150,28,0,28,178
11/18/2020,DSM,IA,ACE,CE,Combined TRACON& Tower with Radar,59,7,39,1,106,0,1,4,1,6,59,8,43,2,112,0,0,0,112
11/19/2020,DSM,IA,ACE,CE,Combined TRACON& Tower with Radar,68,4,47,2,121,1,0,32,0,33,69,4,79,2,154,36,0,36,190
11/20/2020,DSM,IA,ACE,CE,Combined TRACON& Tower with Radar,78,6,39,2,125,0,1,37,0,38,78,7,76,2,163,19,0,19,182
11/21/2020,DSM,IA,ACE,CE,Combined TRACON& Tower with Radar,60,12,35,1,108,0,0,39,0,39,60,12,74,1,147,12,0,12,159
11/22/2020,DSM,IA,ACE,CE,Combined TRACON& Tower with Radar,81,8,18,0,107,0,0,26,0,26,81,8,44,0,133,6,0,6,139
11/23/2020,DSM,IA,ACE,CE,Combined TRACON& Tower with Radar,66,4,32,2,104,0,3,11,0,14,66,7,43,2,118,0,0,0,118
11/24/2020,DSM,IA,ACE,CE,Combined TRACON& Tower with Radar,64,11,16,0,91,0,0,0,0,0,64,11,16,0,91,0,0,0,91
11/25/2020,DSM,IA,ACE,CE,Combined TRACON& Tower with Radar,74,9,31,0,114,0,0,1,0,1,74,9,32,0,115,0,0,0,115
11/26/2020,DSM,IA,ACE,CE,Combined TRACON& Tower with Radar,33,2,1,0,36,0,4,19,0,23,33,6,20,0,59,6,0,6,65
11/27/2020,DSM,IA,ACE,CE,Combined TRACON& Tower with Radar,64,1,18,0,83,0,1,42,0,43,64,2,60,0,126,12,0,12,138
11/28/2020,DSM,IA,ACE,CE,Combined TRACON& Tower with Radar,65,6,20,0,91,0,0,36,0,36,65,6,56,0,127,0,0,0,127
11/29/2020,DSM,IA,ACE,CE,Combined TRACON& Tower with Radar,75,8,31,0,114,0,0,13,0,13,75,8,44,0,127,0,0,0,127
11/30/2020,DSM,IA,ACE,CE,Combined TRACON& Tower with Radar,77,6,36,7,126,0,0,21,3,24,77,6,57,10,150,2,6,8,158
12/01/2020,DSM,IA,ACE,CE,Combined TRACON& Tower with Radar,60,8,16,4,88,0,0,24,2,26,60,8,40,6,114,46,4,50,164
12/02/2020,DSM,IA,ACE,CE,Combined TRACON& Tower with Radar,50,5,27,5,87,0,0,26,1,27,50,5,53,6,114,12,0,12,126
12/03/2020,DSM,IA,ACE,CE,Combined TRACON& Tower with Radar,70,8,34,1,113,0,3,32,3,38,70,11,66,4,151,42,4,46,197
12/04/2020,DSM,IA,ACE,CE,Combined TRACON& Tower with Radar,71,2,23,9,105,0,0,30,1,31,71,2,53,10,136,14,6,20,156
12/05/2020,DSM,IA,ACE,CE,Combined TRACON& Tower with Radar,54,11,19,2,86,0,1,27,0,28,54,12,46,2,114,34,0,34,148
12/06/2020,DSM,IA,ACE,CE,Combined TRACON& Tower with Radar,69,10,23,0,102,0,0,2,0,2,69,10,25,0,104,0,0,0,104
12/07/2020,DSM,IA,ACE,CE,Combined TRACON& Tower with Radar,64,3,31,2,100,0,0,3,0,3,64,3,34,2,103,0,0,0,103
12/08/2020,DSM,IA,ACE,CE,Combined TRACON& Tower with Radar,53,4,23,2,82,0,1,16,0,17,53,5,39,2,99,20,0,20,119
12/09/2020,DSM,IA,ACE,CE,Combined TRACON& Tower with Radar,55,7,43,4,109,0,0,41,0,41,55,7,84,4,150,57,0,57,207
12/10/2020,DSM,IA,ACE,CE,Combined TRACON& Tower with Radar,73,8,25,8,114,0,0,51,0,51,73,8,76,8,165,136,0,136,301
12/11/2020,DSM,IA,ACE,CE,Combined TRACON& Tower with Radar,70,7,14,0,91,0,0,1,0,1,70,7,15,0,92,0,0,0,92
12/12/2020,DSM,IA,ACE,CE,Combined TRACON& Tower with Radar,45,16,16,0,77,0,0,1,0,1,45,16,17,0,78,0,0,0,78
12/13/2020,DSM,IA,ACE,CE,Combined TRACON& Tower with Radar,73,10,19,0,102,0,0,6,0,6,73,10,25,0,108,30,0,30,138
12/14/2020,DSM,IA,ACE,CE,Combined TRACON& Tower with Radar,65,8,20,1,94,0,0,24,1,25,65,8,44,2,119,46,8,54,173
12/15/2020,DSM,IA,ACE,CE,Combined TRACON& Tower with Radar,49,5,26,0,80,0,1,12,0,13,49,6,38,0,93,54,0,54,147
12/16/2020,DSM,IA,ACE,CE,Combined TRACON& Tower with Radar,51,11,38,8,108,0,0,17,0,17,51,11,55,8,125,14,6,20,145
12/17/2020,DSM,IA,ACE,CE,Combined TRACON& Tower with Radar,76,13,34,2,125,0,0,1,0,1,76,13,35,2,126,0,0,0,126
12/18/2020,DSM,IA,ACE,CE,Combined TRACON& Tower with Radar,81,11,43,1,136,0,2,13,0,15,81,13,56,1,151,6,0,6,157
12/19/2020,DSM,IA,ACE,CE,Combined TRACON& Tower with Radar,74,14,47,1,136,0,0,8,0,8,74,14,55,1,144,6,0,6,150
12/20/2020,DSM,IA,ACE,CE,Combined TRACON& Tower with Radar,76,7,17,0,100,0,1,33,0,34,76,8,50,0,134,56,0,56,190
12/21/2020,DSM,IA,ACE,CE,Combined TRACON& Tower with Radar,77,8,27,2,114,0,0,10,0,10,77,8,37,2,124,6,0,6,130
12/22/2020,DSM,IA,ACE,CE,Combined TRACON& Tower with Radar,74,7,33,3,117,0,0,22,1,23,74,7,55,4,140,6,0,6,146
12/23/2020,DSM,IA,ACE,CE,Combined TRACON& Tower with Radar,88,9,24,2,123,0,1,0,0,1,88,10,24,2,124,0,4,4,128
12/24/2020,DSM,IA,ACE,CE,Combined TRACON& Tower with Radar,54,6,14,0,74,0,0,4,0,4,54,6,18,0,78,0,0,0,78
12/25/2020,DSM,IA,ACE,CE,Combined TRACON& Tower with Radar,42,3,0,0,45,0,0,9,0,9,42,3,9,0,54,0,0,0,54
12/26/2020,DSM,IA,ACE,CE,Combined TRACON& Tower with Radar,71,17,20,0,108,0,0,29,0,29,71,17,49,0,137,2,0,2,139
12/27/2020,DSM,IA,ACE,CE,Combined TRACON& Tower with Radar,75,8,10,0,93,0,2,6,0,8,75,10,16,0,101,6,0,6,107
12/28/2020,DSM,IA,ACE,CE,Combined TRACON& Tower with Radar,75,7,29,2,113,0,1,28,0,29,75,8,57,2,142,14,0,14,156
12/29/2020,DSM,IA,ACE,CE,Combined TRACON& Tower with Radar,41,9,5,0,55,0,0,0,0,0,41,9,5,0,55,0,0,0,55
12/30/2020,DSM,IA,ACE,CE,Combined TRACON& Tower with Radar,75,8,29,6,118,0,0,4,0,4,75,8,33,6,122,4,18,22,144
12/31/2020,DSM,IA,ACE,CE,Combined TRACON& Tower with Radar,59,6,16,2,83,0,0,10,0,10,59,6,26,2,93,0,0,0,93
01/01/2021,DSM,IA,ACE,CE,Combined TRACON& Tower with Radar,45,4,5,0,54,0,0,0,0,0,45,4,5,0,54,0,0,0,54
01/02/2021,DSM,IA,ACE,CE,Combined TRACON& Tower with Radar,72,22,20,0,114,0,0,5,0,5,72,22,25,0,119,0,0,0,119
01/03/2021,DSM,IA,ACE,CE,Combined TRACON& Tower with Radar,76,12,30,0,118,0,0,15,0,15,76,12,45,0,133,8,0,8,141
01/04/2021,DSM,IA,ACE,CE,Combined TRACON& Tower with Radar,76,9,33,0,118,0,0,9,0,9,76,9,42,0,127,20,0,20,147
01/05/2021,DSM,IA,ACE,CE,Combined TRACON& Tower with Radar,54,10,21,15,100,0,0,28,1,29,54,10,49,16,129,36,20,56,185
01/06/2021,DSM,IA,ACE,CE,Combined TRACON& Tower with Radar,60,12,18,6,96,0,1,5,0,6,60,13,23,6,102,2,16,18,120
01/07/2021,DSM,IA,ACE,CE,Combined TRACON& Tower with Radar,66,13,19,4,102,0,0,4,0,4,66,13,23,4,106,0,0,0,106
01/08/2021,DSM,IA,ACE,CE,Combined TRACON& Tower with Radar,68,12,31,20,131,0,1,2,0,3,68,13,33,20,134,2,2,4,138
01/09/2021,DSM,IA,ACE,CE,Combined TRACON& Tower with Radar,51,11,11,0,73,0,0,1,0,1,51,11,12,0,74,2,0,2,76
01/10/2021,DSM,IA,ACE,CE,Combined TRACON& Tower with Radar,62,20,23,0,105,0,0,2,0,2,62,20,25,0,107,0,0,0,107
01/11/2021,DSM,IA,ACE,CE,Combined TRACON& Tower with Radar,58,5,25,2,90,0,0,31,0,31,58,5,56,2,121,14,0,14,135
01/12/2021,DSM,IA,ACE,CE,Combined TRACON& Tower with Radar,54,9,44,4,111,0,0,34,2,36,54,9,78,6,147,40,0,40,187
01/13/2021,DSM,IA,ACE,CE,Combined TRACON& Tower with Radar,56,4,34,16,110,0,2,39,0,41,56,6,73,16,151,20,24,44,195
01/14/2021,DSM,IA,ACE,CE,Combined TRACON& Tower with Radar,66,8,26,2,102,0,1,0,0,1,66,9,26,2,103,0,0,0,103
01/15/2021,DSM,IA,ACE,CE,Combined TRACON& Tower with Radar,65,9,6,0,80,0,0,0,0,0,65,9,6,0,80,0,0,0,80
01/16/2021,DSM,IA,ACE,CE,Combined TRACON& Tower with Radar,51,15,16,0,82,0,1,2,0,3,51,16,18,0,85,0,0,0,85
01/17/2021,DSM,IA,ACE,CE,Combined TRACON& Tower with Radar,58,7,18,0,83,0,0,5,0,5,58,7,23,0,88,0,0,0,88
01/18/2021,DSM,IA,ACE,CE,Combined TRACON& Tower with Radar,61,4,36,2,103,0,2,24,0,26,61,6,60,2,129,28,6,34,163
01/19/2021,DSM,IA,ACE,CE,Combined TRACON& Tower with Radar,55,3,24,3,85,0,0,7,1,8,55,3,31,4,93,7,4,11,104
01/20/2021,DSM,IA,ACE,CE,Combined TRACON& Tower with Radar,58,6,32,4,100,0,2,22,0,24,58,8,54,4,124,12,4,16,140
01/21/2021,DSM,IA,ACE,CE,Combined TRACON& Tower with Radar,66,3,35,4,108,0,0,43,2,45,66,3,78,6,153,43,4,47,200
01/22/2021,DSM,IA,ACE,CE,Combined TRACON& Tower with Radar,65,8,52,3,128,0,2,49,7,58,65,10,101,10,186,54,6,60,246
01/23/2021,DSM,IA,ACE,CE,Combined TRACON& Tower with Radar,49,9,21,0,79,0,0,20,0,20,49,9,41,0,99,27,0,27,126
01/24/2021,DSM,IA,ACE,CE,Combined TRACON& Tower with Radar,67,6,16,0,89,0,1,2,0,3,67,7,18,0,92,0,0,0,92
01/25/2021,DSM,IA,ACE,CE,Combined TRACON& Tower with Radar,28,4,20,0,52,0,0,2,0,2,28,4,22,0,54,2,0,2,56
01/26/2021,DSM,IA,ACE,CE,Combined TRACON& Tower with Radar,53,7,20,0,80,0,1,6,0,7,53,8,26,0,87,0,0,0,87
01/27/2021,DSM,IA,ACE,CE,Combined TRACON& Tower with Radar,56,5,36,0,97,0,0,8,2,10,56,5,44,2,107,0,0,0,107
01/28/2021,DSM,IA,ACE,CE,Combined TRACON& Tower with Radar,67,10,39,16,132,0,0,30,2,32,67,10,69,18,164,8,14,22,186
01/29/2021,DSM,IA,ACE,CE,Combined TRACON& Tower with Radar,67,12,27,4,110,0,0,27,4,31,67,12,54,8,141,6,30,36,177
01/30/2021,DSM,IA,ACE,CE,Combined TRACON& Tower with Radar,49,13,11,0,73,0,0,1,0,1,49,13,12,0,74,0,0,0,74
01/31/2021,DSM,IA,ACE,CE,Combined TRACON& Tower with Radar,63,15,25,0,103,0,1,0,0,1,63,16,25,0,104,0,0,0,104
02/01/2021,DSM,IA,ACE,CE,Combined TRACON& Tower with Radar,59,4,39,12,114,0,1,6,0,7,59,5,45,12,121,10,24,34,155
02/02/2021,DSM,IA,ACE,CE,Combined TRACON& Tower with Radar,54,5,17,0,76,0,0,0,0,0,54,5,17,0,76,0,0,0,76
02/03/2021,DSM,IA,ACE,CE,Combined TRACON& Tower with Radar,59,1,34,1,95,0,0,26,1,27,59,1,60,2,122,12,1,13,135
02/04/2021,DSM,IA,ACE,CE,Combined TRACON& Tower with Radar,66,8,17,0,91,0,2,0,0,2,66,10,17,0,93,0,0,0,93
02/05/2021,DSM,IA,ACE,CE,Combined TRACON& Tower with Radar,69,17,47,5,138,0,0,17,0,17,69,17,64,5,155,8,14,22,177
02/06/2021,DSM,IA,ACE,CE,Combined TRACON& Tower with Radar,53,12,8,0,73,0,0,0,1,1,53,12,8,1,74,0,0,0,74
02/07/2021,DSM,IA,ACE,CE,Combined TRACON& Tower with Radar,60,10,8,0,78,0,0,3,0,3,60,10,11,0,81,0,0,0,81
02/08/2021,DSM,IA,ACE,CE,Combined TRACON& Tower with Radar,60,9,33,2,104,0,0,10,0,10,60,9,43,2,114,6,0,6,120
02/09/2021,DSM,IA,ACE,CE,Combined TRACON& Tower with Radar,58,3,25,2,88,0,1,8,4,13,58,4,33,6,101,2,14,16,117
02/10/2021,DSM,IA,ACE,CE,Combined TRACON& Tower with Radar,60,12,23,28,123,0,0,18,2,20,60,12,41,30,143,10,18,28,171
02/11/2021,DSM,IA,ACE,CE,Combined TRACON& Tower with Radar,67,10,30,8,115,0,0,6,4,10,67,10,36,12,125,18,8,26,151
02/12/2021,DSM,IA,ACE,CE,Combined TRACON& Tower with Radar,69,14,29,7,119,0,0,7,1,8,69,14,36,8,127,0,2,2,129
02/13/2021,DSM,IA,ACE,CE,Combined TRACON& Tower with Radar,61,4,17,0,82,0,0,6,0,6,61,4,23,0,88,12,0,12,100
02/14/2021,DSM,IA,ACE,CE,Combined TRACON& Tower with Radar,56,11,9,0,76,1,1,6,0,8,57,12,15,0,84,0,0,0,84
02/15/2021,DSM,IA,ACE,CE,Combined TRACON& Tower with Radar,48,10,22,10,90,0,3,7,0,10,48,13,29,10,100,0,18,18,118
02/16/2021,DSM,IA,ACE,CE,Combined TRACON& Tower with Radar,45,10,33,20,108,0,3,7,6,16,45,13,40,26,124,26,22,48,172
02/17/2021,DSM,IA,ACE,CE,Combined TRACON& Tower with Radar,51,16,33,3,103,0,0,4,1,5,51,16,37,4,108,8,10,18,126
02/18/2021,DSM,IA,ACE,CE,Combined TRACON& Tower with Radar,63,14,31,4,112,2,0,10,0,12,65,14,41,4,124,10,0,10,134
02/19/2021,DSM,IA,ACE,CE,Combined TRACON& Tower with Radar,60,10,38,7,115,1,0,23,1,25,61,10,61,8,140,12,12,24,164
02/20/2021,DSM,IA,ACE,CE,Combined TRACON& Tower with Radar,54,12,16,0,82,0,0,25,0,25,54,12,41,0,107,14,0,14,121
02/21/2021,DSM,IA,ACE,CE,Combined TRACON& Tower with Radar,70,12,21,0,103,0,0,0,0,0,70,12,21,0,103,0,0,0,103
02/22/2021,DSM,IA,ACE,CE,Combined TRACON& Tower with Radar,69,19,34,0,122,0,8,18,0,26,69,27,52,0,148,29,0,29,177
02/23/2021,DSM,IA,ACE,CE,Combined TRACON& Tower with Radar,59,8,30,3,100,0,5,24,1,30,59,13,54,4,130,44,8,52,182
02/24/2021,DSM,IA,ACE,CE,Combined TRACON& Tower with Radar,65,4,35,6,110,0,0,8,5,13,65,4,43,11,123,78,0,78,201
02/25/2021,DSM,IA,ACE,CE,Combined TRACON& Tower with Radar,70,9,38,6,123,0,5,34,0,39,70,14,72,6,162,13,0,13,175
02/26/2021,DSM,IA,ACE,CE,Combined TRACON& Tower with Radar,73,9,37,3,122,0,2,21,0,23,73,11,58,3,145,54,0,54,199
02/27/2021,DSM,IA,ACE,CE,Combined TRACON& Tower with Radar,65,6,19,0,90,0,2,54,0,56,65,8,73,0,146,24,0,24,170
02/28/2021,DSM,IA,ACE,CE,Combined TRACON& Tower with Radar,74,6,9,0,89,0,0,2,0,2,74,6,11,0,91,0,0,0,91
03/01/2021,DSM,IA,ACE,CE,Combined TRACON& Tower with Radar,65,12,35,0,112,0,0,20,0,20,65,12,55,0,132,24,0,24,156
03/02/2021,DSM,IA,ACE,CE,Combined TRACON& Tower with Radar,59,13,33,1,106,0,0,9,0,9,59,13,42,1,115,4,0,4,119
03/03/2021,DSM,IA,ACE,CE,Combined TRACON& Tower with Radar,66,5,39,8,118,0,3,38,0,41,66,8,77,8,159,33,6,39,198
03/04/2021,DSM,IA,ACE,CE,Combined TRACON& Tower with Radar,73,13,46,4,136,0,3,43,0,46,73,16,89,4,182,5,0,5,187
03/05/2021,DSM,IA,ACE,CE,Combined TRACON& Tower with Radar,75,19,41,8,143,0,4,19,4,27,75,23,60,12,170,30,24,54,224
03/06/2021,DSM,IA,ACE,CE,Combined TRACON& Tower with Radar,61,11,14,0,86,0,1,50,0,51,61,12,64,0,137,30,0,30,167
03/07/2021,DSM,IA,ACE,CE,Combined TRACON& Tower with Radar,77,6,19,0,102,0,0,10,0,10,77,6,29,0,112,18,0,18,130
03/08/2021,DSM,IA,ACE,CE,Combined TRACON& Tower with Radar,73,15,28,12,128,0,0,26,0,26,73,15,54,12,154,48,2,50,204
03/09/2021,DSM,IA,ACE,CE,Combined TRACON& Tower with Radar,63,7,33,2,105,0,4,15,0,19,63,11,48,2,124,8,2,10,134
03/10/2021,DSM,IA,ACE,CE,Combined TRACON& Tower with Radar,74,14,35,2,125,0,0,3,0,3,74,14,38,2,128,0,0,0,128
03/11/2021,DSM,IA,ACE,CE,Combined TRACON& Tower with Radar,78,12,45,11,146,0,0,30,1,31,78,12,75,12,177,4,4,8,185
03/12/2021,DSM,IA,ACE,CE,Combined TRACON& Tower with Radar,79,16,60,4,159,0,1,33,0,34,79,17,93,4,193,74,2,76,269
03/13/2021,DSM,IA,ACE,CE,Combined TRACON& Tower with Radar,66,22,35,0,123,0,0,29,0,29,66,22,64,0,152,34,0,34,186
03/14/2021,DSM,IA,ACE,CE,Combined TRACON& Tower with Radar,68,6,9,0,83,0,2,2,0,4,68,8,11,0,87,0,0,0,87
03/15/2021,DSM,IA,ACE,CE,Combined TRACON& Tower with Radar,69,6,15,0,90,0,0,0,0,0,69,6,15,0,90,0,0,0,90
03/16/2021,DSM,IA,ACE,CE,Combined TRACON& Tower with Radar,65,9,30,1,105,0,0,0,0,0,65,9,30,1,105,28,0,28,133
03/17/2021,DSM,IA,ACE,CE,Combined TRACON& Tower with Radar,74,13,28,0,115,0,0,0,0,0,74,13,28,0,115,0,0,0,115
03/18/2021,DSM,IA,ACE,CE,Combined TRACON& Tower with Radar,76,25,30,0,131,0,5,12,1,18,76,30,42,1,149,24,0,24,173
03/19/2021,DSM,IA,ACE,CE,Combined TRACON& Tower with Radar,81,18,40,0,139,4,1,53,1,59,85,19,93,1,198,72,0,72,270
03/20/2021,DSM,IA,ACE,CE,Combined TRACON& Tower with Radar,74,21,26,0,121,0,0,31,0,31,74,21,57,0,152,12,0,12,164
03/21/2021,DSM,IA,ACE,CE,Combined TRACON& Tower with Radar,74,17,32,0,123,0,1,6,0,7,74,18,38,0,130,0,0,0,130
03/22/2021,DSM,IA,ACE,CE,Combined TRACON& Tower with Radar,72,13,32,4,121,0,1,10,0,11,72,14,42,4,132,12,0,12,144
03/23/2021,DSM,IA,ACE,CE,Combined TRACON& Tower with Radar,64,11,30,5,110,0,0,0,0,0,64,11,30,5,110,0,4,4,114
03/24/2021,DSM,IA,ACE,CE,Combined TRACON& Tower with Radar,68,8,48,12,136,0,0,1,0,1,68,8,49,12,137,0,0,0,137
03/25/2021,DSM,IA,ACE,CE,Combined TRACON& Tower with Radar,73,12,30,10,125,0,0,0,3,3,73,12,30,13,128,2,0,2,130
03/26/2021,DSM,IA,ACE,CE,Combined TRACON& Tower with Radar,75,14,43,2,134,3,1,16,0,20,78,15,59,2,154,16,0,16,170
03/27/2021,DSM,IA,ACE,CE,Combined TRACON& Tower with Radar,62,12,16,3,93,0,0,0,0,0,62,12,16,3,93,0,0,0,93
03/28/2021,DSM,IA,ACE,CE,Combined TRACON& Tower with Radar,71,16,33,0,120,0,0,24,0,24,71,16,57,0,144,46,0,46,190
03/29/2021,DSM,IA,ACE,CE,Combined TRACON& Tower with Radar,73,13,24,2,112,0,0,3,0,3,73,13,27,2,115,0,0,0,115
03/30/2021,DSM,IA,ACE,CE,Combined TRACON& Tower with Radar,62,14,35,6,117,0,0,10,0,10,62,14,45,6,127,20,4,24,151
03/31/2021,DSM,IA,ACE,CE,Combined TRACON& Tower with Radar,64,13,51,6,134,0,2,16,0,18,64,15,67,6,152,0,0,0,152
04/01/2021,DSM,IA,ACE,CE,Combined TRACON& Tower with Radar,74,17,42,14,147,0,1,43,2,46,74,18,85,16,193,79,14,93,286
04/02/2021,DSM,IA,ACE,CE,Combined TRACON& Tower with Radar,75,12,28,6,121,0,0,15,2,17,75,12,43,8,138,0,0,0,138
04/03/2021,DSM,IA,ACE,CE,Combined TRACON& Tower with Radar,55,15,11,0,81,0,0,28,0,28,55,15,39,0,109,30,0,30,139
04/04/2021,DSM,IA,ACE,CE,Combined TRACON& Tower with Radar,70,10,10,0,90,0,0,18,0,18,70,10,28,0,108,18,0,18,126
04/05/2021,DSM,IA,ACE,CE,Combined TRACON& Tower with Radar,70,16,28,0,114,0,0,28,2,30,70,16,56,2,144,30,0,30,174
04/06/2021,DSM,IA,ACE,CE,Combined TRACON& Tower with Radar,58,11,29,4,102,0,1,26,0,27,58,12,55,4,129,18,0,18,147
04/07/2021,DSM,IA,ACE,CE,Combined TRACON& Tower with Radar,64,21,25,2,112,0,4,11,0,15,64,25,36,2,127,12,0,12,139
04/08/2021,DSM,IA,ACE,CE,Combined TRACON& Tower with Radar,74,14,52,22,162,1,1,0,0,2,75,15,52,22,164,0,14,14,178
04/09/2021,DSM,IA,ACE,CE,Combined TRACON& Tower with Radar,78,10,40,1,129,0,0,6,0,6,78,10,46,1,135,6,6,12,147
04/10/2021,DSM,IA,ACE,CE,Combined TRACON& Tower with Radar,59,13,25,0,97,0,0,5,0,5,59,13,30,0,102,0,0,0,102
04/11/2021,DSM,IA,ACE,CE,Combined TRACON& Tower with Radar,68,14,39,0,121,0,5,27,0,32,68,19,66,0,153,34,0,34,187
04/12/2021,DSM,IA,ACE,CE,Combined TRACON& Tower with Radar,70,14,15,3,102,0,1,9,0,10,70,15,24,3,112,0,0,0,112
04/13/2021,DSM,IA,ACE,CE,Combined TRACON& Tower with Radar,65,7,28,2,102,0,0,34,1,35,65,7,62,3,137,12,0,12,149
04/14/2021,DSM,IA,ACE,CE,Combined TRACON& Tower with Radar,60,12,36,4,112,0,2,31,3,36,60,14,67,7,148,26,8,34,182
04/15/2021,DSM,IA,ACE,CE,Combined TRACON& Tower with Radar,78,15,42,8,143,0,2,18,1,21,78,17,60,9,164,20,10,30,194
04/16/2021,DSM,IA,ACE,CE,Combined TRACON& Tower with Radar,75,9,28,10,122,0,1,22,0,23,75,10,50,10,145,44,20,64,209
04/17/2021,DSM,IA,ACE,CE,Combined TRACON& Tower with Radar,56,15,16,0,87,0,0,38,0,38,56,15,54,0,125,46,0,46,171
04/18/2021,DSM,IA,ACE,CE,Combined TRACON& Tower with Radar,75,11,27,2,115,0,2,29,0,31,75,13,56,2,146,48,0,48,194
04/19/2021,DSM,IA,ACE,CE,Combined TRACON& Tower with Radar,68,16,29,0,113,0,0,7,0,7,68,16,36,0,120,0,0,0,120
04/20/2021,DSM,IA,ACE,CE,Combined TRACON& Tower with Radar,64,12,25,24,125,0,2,22,13,37,64,14,47,37,162,17,84,101,263
04/21/2021,DSM,IA,ACE,CE,Combined TRACON& Tower with Radar,60,11,51,4,126,0,0,21,0,21,60,11,72,4,147,18,0,18,165
04/22/2021,DSM,IA,ACE,CE,Combined TRACON& Tower with Radar,80,14,47,6,147,0,3,26,1,30,80,17,73,7,177,28,0,28,205
04/23/2021,DSM,IA,ACE,CE,Combined TRACON& Tower with Radar,75,13,51,6,145,0,0,5,0,5,75,13,56,6,150,42,0,42,192
04/24/2021,DSM,IA,ACE,CE,Combined TRACON& Tower with Radar,52,17,28,0,97,0,0,12,0,12,52,17,40,0,109,22,0,22,131
04/25/2021,DSM,IA,ACE,CE,Combined TRACON& Tower with Radar,73,14,25,0,112,0,2,19,0,21,73,16,44,0,133,6,0,6,139
04/26/2021,DSM,IA,ACE,CE,Combined TRACON& Tower with Radar,67,21,39,2,129,0,1,12,0,13,67,22,51,2,142,1,0,1,143
04/27/2021,DSM,IA,ACE,CE,Combined TRACON& Tower with Radar,64,15,30,11,120,0,2,29,4,35,64,17,59,15,155,36,18,54,209
04/28/2021,DSM,IA,ACE,CE,Combined TRACON& Tower with Radar,59,21,50,0,130,0,1,23,0,24,59,22,73,0,154,20,0,20,174
04/29/2021,DSM,IA,ACE,CE,Combined TRACON& Tower with Radar,78,14,47,8,147,0,0,24,8,32,78,14,71,16,179,19,4,23,202
04/30/2021,DSM,IA,ACE,CE,Combined TRACON& Tower with Radar,76,14,44,1,135,0,4,58,2,64,76,18,102,3,199,76,9,85,284
05/01/2021,DSM,IA,ACE,CE,Combined TRACON& Tower with Radar,57,16,14,0,87,0,0,16,0,16,57,16,30,0,103,0,0,0,103
05/02/2021,DSM,IA,ACE,CE,Combined TRACON& Tower with Radar,73,11,37,0,121,0,0,12,0,12,73,11,49,0,133,0,0,0,133
05/03/2021,DSM,IA,ACE,CE,Combined TRACON& Tower with Radar,67,12,26,1,106,0,0,3,0,3,67,12,29,1,109,6,0,6,115
05/04/2021,DSM,IA,ACE,CE,Combined TRACON& Tower with Radar,64,14,31,14,123,0,1,27,3,31,64,15,58,17,154,14,14,28,182
05/05/2021,DSM,IA,ACE,CE,Combined TRACON& Tower with Radar,64,14,47,8,133,0,0,32,0,32,64,14,79,8,165,54,0,54,219
05/06/2021,DSM,IA,ACE,CE,Combined TRACON& Tower with Radar,87,12,40,0,139,0,0,17,0,17,87,12,57,0,156,4,0,4,160
05/07/2021,DSM,IA,ACE,CE,Combined TRACON& Tower with Radar,85,13,32,0,130,0,0,26,0,26,85,13,58,0,156,26,0,26,182
05/08/2021,DSM,IA,ACE,CE,Combined TRACON& Tower with Radar,59,11,7,1,78,0,0,13,2,15,59,11,20,3,93,14,0,14,107
05/09/2021,DSM,IA,ACE,CE,Combined TRACON& Tower with Radar,86,9,15,1,111,0,1,15,0,16,86,10,30,1,127,24,0,24,151
05/10/2021,DSM,IA,ACE,CE,Combined TRACON& Tower with Radar,77,8,56,2,143,0,1,36,1,38,77,9,92,3,181,22,0,22,203
05/11/2021,DSM,IA,ACE,CE,Combined TRACON& Tower with Radar,67,8,44,2,121,0,0,32,1,33,67,8,76,3,154,16,0,16,170
05/12/2021,DSM,IA,ACE,CE,Combined TRACON& Tower with Radar,70,11,54,16,151,0,0,31,0,31,70,11,85,16,182,18,0,18,200
05/13/2021,DSM,IA,ACE,CE,Combined TRACON& Tower with Radar,91,8,58,6,163,0,2,35,0,37,91,10,93,6,200,20,14,34,234
05/14/2021,DSM,IA,ACE,CE,Combined TRACON& Tower with Radar,89,14,40,4,147,0,0,21,0,21,89,14,61,4,168,58,0,58,226
05/15/2021,DSM,IA,ACE,CE,Combined TRACON& Tower with Radar,58,11,28,0,97,1,4,24,0,29,59,15,52,0,126,55,0,55,181
05/16/2021,DSM,IA,ACE,CE,Combined TRACON& Tower with Radar,84,13,17,0,114,0,0,2,0,2,84,13,19,0,116,0,0,0,116
05/17/2021,DSM,IA,ACE,CE,Combined TRACON& Tower with Radar,83,13,44,22,162,0,1,0,0,1,83,14,44,22,163,4,10,14,177
05/18/2021,DSM,IA,ACE,CE,Combined TRACON& Tower with Radar,76,13,41,2,132,0,2,0,0,2,76,15,41,2,134,0,0,0,134
05/19/2021,DSM,IA,ACE,CE,Combined TRACON& Tower with Radar,75,9,42,0,126,0,1,6,0,7,75,10,48,0,133,0,0,0,133
05/20/2021,DSM,IA,ACE,CE,Combined TRACON& Tower with Radar,94,17,45,2,158,2,0,2,0,4,96,17,47,2,162,2,0,2,164
05/21/2021,DSM,IA,ACE,CE,Combined TRACON& Tower with Radar,91,13,48,4,156,0,0,8,1,9,91,13,56,5,165,14,0,14,179
05/22/2021,DSM,IA,ACE,CE,Combined TRACON& Tower with Radar,62,14,34,0,110,0,0,7,0,7,62,14,41,0,117,8,0,8,125
05/23/2021,DSM,IA,ACE,CE,Combined TRACON& Tower with Radar,85,12,30,1,128,0,0,30,0,30,85,12,60,1,158,36,0,36,194
05/24/2021,DSM,IA,ACE,CE,Combined TRACON& Tower with Radar,80,10,30,14,134,0,0,16,0,16,80,10,46,14,150,11,10,21,171
05/25/2021,DSM,IA,ACE,CE,Combined TRACON& Tower with Radar,80,9,34,6,129,0,0,6,0,6,80,9,40,6,135,0,8,8,143
05/26/2021,DSM,IA,ACE,CE,Combined TRACON& Tower with Radar,76,6,58,8,148,1,4,50,4,59,77,10,108,12,207,31,8,39,246
05/27/2021,DSM,IA,ACE,CE,Combined TRACON& Tower with Radar,90,14,35,0,139,0,2,3,0,5,90,16,38,0,144,17,0,17,161
05/28/2021,DSM,IA,ACE,CE,Combined TRACON& Tower with Radar,86,12,43,0,141,0,0,5,0,5,86,12,48,0,146,36,0,36,182
05/29/2021,DSM,IA,ACE,CE,Combined TRACON& Tower with Radar,68,12,22,0,102,0,0,40,0,40,68,12,62,0,142,67,0,67,209
05/30/2021,DSM,IA,ACE,CE,Combined TRACON& Tower with Radar,73,6,10,0,89,0,0,25,0,25,73,6,35,0,114,0,0,0,114
05/31/2021,DSM,IA,ACE,CE,Combined TRACON& Tower with Radar,79,10,38,0,127,0,0,23,0,23,79,10,61,0,150,18,0,18,168
06/01/2021,DSM,IA,ACE,CE,Combined TRACON& Tower with Radar,78,13,37,0,128,0,4,28,2,34,78,17,65,2,162,46,0,46,208
06/02/2021,DSM,IA,ACE,CE,Combined TRACON& Tower with Radar,80,13,49,0,142,0,0,36,5,41,80,13,85,5,183,128,0,128,311
06/03/2021,DSM,IA,ACE,CE,Combined TRACON& Tower with Radar,90,11,57,6,164,0,0,45,4,49,90,11,102,10,213,32,0,32,245
06/04/2021,DSM,IA,ACE,CE,Combined TRACON& Tower with Radar,89,12,50,1,152,0,0,30,0,30,89,12,80,1,182,22,0,22,204
06/05/2021,DSM,IA,ACE,CE,Combined TRACON& Tower with Radar,81,17,21,1,120,0,0,27,0,27,81,17,48,1,147,112,0,112,259
06/06/2021,DSM,IA,ACE,CE,Combined TRACON& Tower with Radar,93,15,39,2,149,0,0,15,0,15,93,15,54,2,164,18,0,18,182
06/07/2021,DSM,IA,ACE,CE,Combined TRACON& Tower with Radar,80,16,43,4,143,0,2,32,4,38,80,18,75,8,181,60,0,60,241
06/08/2021,DSM,IA,ACE,CE,Combined TRACON& Tower with Radar,91,17,37,2,147,0,2,28,1,31,91,19,65,3,178,28,0,28,206
06/09/2021,DSM,IA,ACE,CE,Combined TRACON& Tower with Radar,92,27,50,0,169,0,1,48,0,49,92,28,98,0,218,14,0,14,232
06/10/2021,DSM,IA,ACE,CE,Combined TRACON& Tower with Radar,94,26,52,1,173,0,3,38,0,41,94,29,90,1,214,50,0,50,264
06/11/2021,DSM,IA,ACE,CE,Combined TRACON& Tower with Radar,93,18,46,2,159,0,4,28,3,35,93,22,74,5,194,64,0,64,258
06/12/2021,DSM,IA,ACE,CE,Combined TRACON& Tower with Radar,76,12,21,0,109,0,2,33,0,35,76,14,54,0,144,18,0,18,162
06/13/2021,DSM,IA,ACE,CE,Combined TRACON& Tower with Radar,91,14,18,2,125,0,0,22,4,26,91,14,40,6,151,18,0,18,169
06/14/2021,DSM,IA,ACE,CE,Combined TRACON& Tower with Radar,89,17,40,1,147,0,0,35,0,35,89,17,75,1,182,16,0,16,198
06/15/2021,DSM,IA,ACE,CE,Combined TRACON& Tower with Radar,92,19,53,7,171,0,2,43,1,46,92,21,96,8,217,50,0,50,267
06/16/2021,DSM,IA,ACE,CE,Combined TRACON& Tower with Radar,91,15,52,8,166,0,0,45,1,46,91,15,97,9,212,26,2,28,240
06/17/2021,DSM,IA,ACE,CE,Combined TRACON& Tower with Radar,94,17,40,2,153,1,1,12,1,15,95,18,52,3,168,26,0,26,194
06/18/2021,DSM,IA,ACE,CE,Combined TRACON& Tower with Radar,96,21,27,3,147,0,0,28,4,32,96,21,55,7,179,0,0,0,179
06/19/2021,DSM,IA,ACE,CE,Combined TRACON& Tower with Radar,79,26,29,1,135,0,0,44,0,44,79,26,73,1,179,34,0,34,213
06/20/2021,DSM,IA,ACE,CE,Combined TRACON& Tower with Radar,97,23,15,0,135,0,0,1,0,1,97,23,16,0,136,0,0,0,136
06/21/2021,DSM,IA,ACE,CE,Combined TRACON& Tower with Radar,88,16,44,0,148,0,3,29,0,32,88,19,73,0,180,16,0,16,196
06/22/2021,DSM,IA,ACE,CE,Combined TRACON& Tower with Radar,91,9,45,2,147,0,2,15,0,17,91,11,60,2,164,33,0,33,197
06/23/2021,DSM,IA,ACE,CE,Combined TRACON& Tower with Radar,93,18,39,3,153,0,3,26,1,30,93,21,65,4,183,24,0,24,207
06/24/2021,DSM,IA,ACE,CE,Combined TRACON& Tower with Radar,94,19,56,5,174,0,1,19,2,22,94,20,75,7,196,14,0,14,210
06/25/2021,DSM,IA,ACE,CE,Combined TRACON& Tower with Radar,92,21,52,1,166,0,0,14,0,14,92,21,66,1,180,18,0,18,198
06/26/2021,DSM,IA,ACE,CE,Combined TRACON& Tower with Radar,86,16,20,0,122,0,1,4,0,5,86,17,24,0,127,8,0,8,135
06/27/2021,DSM,IA,ACE,CE,Combined TRACON& Tower with Radar,91,14,40,0,145,0,0,26,0,26,91,14,66,0,171,66,0,66,237
06/28/2021,DSM,IA,ACE,CE,Combined TRACON& Tower with Radar,91,17,45,7,160,0,4,36,1,41,91,21,81,8,201,22,2,24,225
06/29/2021,DSM,IA,ACE,CE,Combined TRACON& Tower with Radar,87,18,55,4,164,0,4,26,0,30,87,22,81,4,194,28,0,28,222
06/30/2021,DSM,IA,ACE,CE,Combined TRACON& Tower with Radar,91,22,55,9,177,0,0,47,8,55,91,22,102,17,232,98,1,99,331
07/01/2021,DSM,IA,ACE,CE,Combined TRACON& Tower with Radar,100,27,48,23,198,0,1,29,2,32,100,28,77,25,230,22,6,28,258
07/02/2021,DSM,IA,ACE,CE,Combined TRACON& Tower with Radar,93,13,36,0,142,0,5,32,0,37,93,18,68,0,179,52,0,52,231
07/03/2021,DSM,IA,ACE,CE,Combined TRACON& Tower with Radar,80,19,15,0,114,0,0,26,2,28,80,19,41,2,142,0,0,0,142
07/04/2021,DSM,IA,ACE,CE,Combined TRACON& Tower with Radar,80,7,9,0,96,0,1,23,0,24,80,8,32,0,120,0,0,0,120
07/05/2021,DSM,IA,ACE,CE,Combined TRACON& Tower with Radar,89,15,23,0,127,0,0,37,0,37,89,15,60,0,164,24,0,24,188
07/06/2021,DSM,IA,ACE,CE,Combined TRACON& Tower with Radar,84,12,34,12,142,0,0,29,0,29,84,12,63,12,171,12,6,18,189
07/07/2021,DSM,IA,ACE,CE,Combined TRACON& Tower with Radar,90,21,37,17,165,2,2,4,0,8,92,23,41,17,173,18,20,38,211
07/08/2021,DSM,IA,ACE,CE,Combined TRACON& Tower with Radar,102,22,69,8,201,0,0,30,0,30,102,22,99,8,231,42,7,49,280
07/09/2021,DSM,IA,ACE,CE,Combined TRACON& Tower with Radar,97,16,28,0,141,0,2,9,0,11,97,18,37,0,152,9,0,9,161
07/10/2021,DSM,IA,ACE,CE,Combined TRACON& Tower with Radar,88,17,38,0,143,0,0,4,1,5,88,17,42,1,148,20,0,20,168
07/11/2021,DSM,IA,ACE,CE,Combined TRACON& Tower with Radar,100,15,40,0,155,0,0,15,0,15,100,15,55,0,170,12,0,12,182
07/12/2021,DSM,IA,ACE,CE,Combined TRACON& Tower with Radar,88,17,37,4,146,0,2,30,0,32,88,19,67,4,178,50,10,60,238
07/13/2021,DSM,IA,ACE,CE,Combined TRACON& Tower with Radar,90,14,48,4,156,0,0,32,0,32,90,14,80,4,188,8,0,8,196
07/14/2021,DSM,IA,ACE,CE,Combined TRACON& Tower with Radar,87,24,46,0,157,0,3,16,0,19,87,27,62,0,176,12,0,12,188
07/15/2021,DSM,IA,ACE,CE,Combined TRACON& Tower with Radar,102,20,66,0,188,0,4,28,0,32,102,24,94,0,220,20,0,20,240
07/16/2021,DSM,IA,ACE,CE,Combined TRACON& Tower with Radar,95,20,70,5,190,0,0,33,3,36,95,20,103,8,226,0,0,0,226
07/17/2021,DSM,IA,ACE,CE,Combined TRACON& Tower with Radar,89,20,21,10,140,0,0,26,0,26,89,20,47,10,166,14,0,14,180
07/18/2021,DSM,IA,ACE,CE,Combined TRACON& Tower with Radar,97,17,37,6,157,0,1,32,3,36,97,18,69,9,193,20,0,20,213
07/19/2021,DSM,IA,ACE,CE,Combined TRACON& Tower with Radar,87,21,29,6,143,0,1,36,0,37,87,22,65,6,180,48,8,56,236
07/20/2021,DSM,IA,ACE,CE,Combined TRACON& Tower with Radar,87,20,66,3,176,0,1,47,0,48,87,21,113,3,224,52,0,52,276
07/21/2021,DSM,IA,ACE,CE,Combined TRACON& Tower with Radar,89,25,71,5,190,0,3,52,9,64,89,28,123,14,254,62,10,72,326
07/22/2021,DSM,IA,ACE,CE,Combined TRACON& Tower with Radar,104,18,54,8,184,0,2,49,7,58,104,20,103,15,242,22,5,27,269
07/23/2021,DSM,IA,ACE,CE,Combined TRACON& Tower with Radar,100,16,48,19,183,0,0,26,3,29,100,16,74,22,212,22,0,22,234
07/24/2021,DSM,IA,ACE,CE,Combined TRACON& Tower with Radar,84,15,31,11,141,0,3,31,1,35,84,18,62,12,176,38,14,52,228
07/25/2021,DSM,IA,ACE,CE,Combined TRACON& Tower with Radar,99,27,30,0,156,0,0,30,0,30,99,27,60,0,186,16,0,16,202
07/26/2021,DSM,IA,ACE,CE,Combined TRACON& Tower with Radar,88,21,26,0,135,0,1,43,0,44,88,22,69,0,179,34,0,34,213
07/27/2021,DSM,IA,ACE,CE,Combined TRACON& Tower with Radar,85,26,43,4,158,0,3,40,4,47,85,29,83,8,205,30,0,30,235
07/28/2021,DSM,IA,ACE,CE,Combined TRACON& Tower with Radar,91,28,61,2,182,0,0,18,1,19,91,28,79,3,201,32,0,32,233
07/29/2021,DSM,IA,ACE,CE,Combined TRACON& Tower with Radar,98,23,57,0,178,0,0,37,3,40,98,23,94,3,218,20,0,20,238
07/30/2021,DSM,IA,ACE,CE,Combined TRACON& Tower with Radar,101,24,33,1,159,0,0,16,0,16,101,24,49,1,175,4,0,4,179
07/31/2021,DSM,IA,ACE,CE,Combined TRACON& Tower with Radar,85,17,27,0,129,0,0,5,0,5,85,17,32,0,134,20,0,20,154
08/01/2021,DSM,IA,ACE,CE,Combined TRACON& Tower with Radar,93,28,28,6,155,0,0,24,0,24,93,28,52,6,179,14,0,14,193
08/02/2021,DSM,IA,ACE,CE,Combined TRACON& Tower with Radar,92,17,30,0,139,0,0,53,2,55,92,17,83,2,194,46,0,46,240
08/03/2021,DSM,IA,ACE,CE,Combined TRACON& Tower with Radar,84,17,56,11,168,0,2,40,3,45,84,19,96,14,213,66,26,92,305
08/04/2021,DSM,IA,ACE,CE,Combined TRACON& Tower with Radar,93,10,39,0,142,0,1,55,4,60,93,11,94,4,202,42,0,42,244
08/05/2021,DSM,IA,ACE,CE,Combined TRACON& Tower with Radar,101,15,40,7,163,0,0,32,2,34,101,15,72,9,197,24,6,30,227
08/06/2021,DSM,IA,ACE,CE,Combined TRACON& Tower with Radar,95,16,53,5,169,0,2,26,0,28,95,18,79,5,197,36,0,36,233
08/07/2021,DSM,IA,ACE,CE,Combined TRACON& Tower with Radar,91,12,21,1,125,0,0,23,0,23,91,12,44,1,148,18,0,18,166
08/08/2021,DSM,IA,ACE,CE,Combined TRACON& Tower with Radar,99,17,26,6,148,0,0,24,2,26,99,17,50,8,174,16,0,16,190
08/09/2021,DSM,IA,ACE,CE,Combined TRACON& Tower with Radar,90,13,42,6,151,0,4,24,3,31,90,17,66,9,182,52,16,68,250
08/10/2021,DSM,IA,ACE,CE,Combined TRACON& Tower with Radar,86,20,39,4,149,0,1,23,0,24,86,21,62,4,173,62,0,62,235
08/11/2021,DSM,IA,ACE,CE,Combined TRACON& Tower with Radar,90,19,51,9,169,0,2,27,0,29,90,21,78,9,198,36,0,36,234
08/12/2021,DSM,IA,ACE,CE,Combined TRACON& Tower with Radar,102,16,53,4,175,0,3,23,0,26,102,19,76,4,201,34,4,38,239
08/13/2021,DSM,IA,ACE,CE,Combined TRACON& Tower with Radar,101,17,62,18,198,0,0,43,2,45,101,17,105,20,243,14,18,32,275
08/14/2021,DSM,IA,ACE,CE,Combined TRACON& Tower with Radar,79,23,37,13,152,0,1,36,2,39,79,24,73,15,191,28,8,36,227
08/15/2021,DSM,IA,ACE,CE,Combined TRACON& Tower with Radar,100,23,26,3,152,0,0,31,0,31,100,23,57,3,183,20,0,20,203
08/16/2021,DSM,IA,ACE,CE,Combined TRACON& Tower with Radar,90,14,55,11,170,0,0,28,0,28,90,14,83,11,198,32,4,36,234
08/17/2021,DSM,IA,ACE,CE,Combined TRACON& Tower with Radar,78,18,47,10,153,0,1,40,2,43,78,19,87,12,196,8,10,18,214
08/18/2021,DSM,IA,ACE,CE,Combined TRACON& Tower with Radar,84,28,39,10,161,0,1,41,3,45,84,29,80,13,206,30,12,42,248
08/19/2021,DSM,IA,ACE,CE,Combined TRACON& Tower with Radar,95,28,64,4,191,0,4,33,2,39,95,32,97,6,230,20,0,20,250
08/20/2021,DSM,IA,ACE,CE,Combined TRACON& Tower with Radar,98,16,41,7,162,0,0,28,1,29,98,16,69,8,191,36,8,44,235
08/21/2021,DSM,IA,ACE,CE,Combined TRACON& Tower with Radar,74,23,22,0,119,0,1,24,3,28,74,24,46,3,147,29,0,29,176
08/22/2021,DSM,IA,ACE,CE,Combined TRACON& Tower with Radar,93,19,23,0,135,0,0,37,3,40,93,19,60,3,175,14,0,14,189
08/23/2021,DSM,IA,ACE,CE,Combined TRACON& Tower with Radar,88,21,40,4,153,0,2,30,0,32,88,23,70,4,185,68,0,68,253
08/24/2021,DSM,IA,ACE,CE,Combined TRACON& Tower with Radar,86,21,50,8,165,0,0,33,1,34,86,21,83,9,199,16,0,16,215
08/25/2021,DSM,IA,ACE,CE,Combined TRACON& Tower with Radar,82,16,44,6,148,0,0,25,7,32,82,16,69,13,180,60,12,72,252
08/26/2021,DSM,IA,ACE,CE,Combined TRACON& Tower with Radar,97,12,39,0,148,0,0,21,7,28,97,12,60,7,176,16,0,16,192
08/27/2021,DSM,IA,ACE,CE,Combined TRACON& Tower with Radar,98,9,37,4,148,0,0,23,2,25,98,9,60,6,173,6,6,12,185
08/28/2021,DSM,IA,ACE,CE,Combined TRACON& Tower with Radar,74,21,24,0,119,0,3,28,0,31,74,24,52,0,150,40,0,40,190
08/29/2021,DSM,IA,ACE,CE,Combined TRACON& Tower with Radar,94,11,32,0,137,0,0,13,2,15,94,11,45,2,152,6,0,6,158
08/30/2021,DSM,IA,ACE,CE,Combined TRACON& Tower with Radar,85,25,51,22,183,0,1,35,1,37,85,26,86,23,220,42,8,50,270
08/31/2021,DSM,IA,ACE,CE,Combined TRACON& Tower with Radar,82,17,41,2,142,0,1,15,0,16,82,18,56,2,158,14,0,14,172
09/01/2021,DSM,IA,ACE,CE,Combined TRACON& Tower with Radar,84,20,48,5,157,0,10,44,1,55,84,30,92,6,212,34,0,34,246
09/02/2021,DSM,IA,ACE,CE,Combined TRACON& Tower with Radar,100,13,62,11,186,0,1,35,0,36,100,14,97,11,222,30,0,30,252
09/03/2021,DSM,IA,ACE,CE,Combined TRACON& Tower with Radar,99,20,32,2,153,0,0,1,0,1,99,20,33,2,154,0,0,0,154
09/04/2021,DSM,IA,ACE,CE,Combined TRACON& Tower with Radar,71,10,14,0,95,0,0,13,0,13,71,10,27,0,108,0,0,0,108
09/05/2021,DSM,IA,ACE,CE,Combined TRACON& Tower with Radar,77,8,17,0,102,0,2,20,0,22,77,10,37,0,124,6,2,8,132
09/06/2021,DSM,IA,ACE,CE,Combined TRACON& Tower with Radar,81,19,24,0,124,0,0,37,0,37,81,19,61,0,161,14,0,14,175
09/07/2021,DSM,IA,ACE,CE,Combined TRACON& Tower with Radar,76,14,45,4,139,0,0,22,2,24,76,14,67,6,163,6,0,6,169
09/08/2021,DSM,IA,ACE,CE,Combined TRACON& Tower with Radar,86,14,55,4,159,0,5,26,4,35,86,19,81,8,194,28,4,32,226
09/09/2021,DSM,IA,ACE,CE,Combined TRACON& Tower with Radar,100,14,69,7,190,0,0,34,5,39,100,14,103,12,229,32,0,32,261
09/10/2021,DSM,IA,ACE,CE,Combined TRACON& Tower with Radar,105,19,43,0,167,0,1,45,3,49,105,20,88,3,216,31,0,31,247
09/11/2021,DSM,IA,ACE,CE,Combined TRACON& Tower with Radar,74,15,22,0,111,0,0,25,0,25,74,15,47,0,136,18,0,18,154
09/12/2021,DSM,IA,ACE,CE,Combined TRACON& Tower with Radar,101,18,33,0,152,0,1,7,0,8,101,19,40,0,160,32,0,32,192
09/13/2021,DSM,IA,ACE,CE,Combined TRACON& Tower with Radar,89,16,44,2,151,0,1,26,2,29,89,17,70,4,180,16,4,20,200
09/14/2021,DSM,IA,ACE,CE,Combined TRACON& Tower with Radar,80,13,62,2,157,0,0,24,2,26,80,13,86,4,183,10,0,10,193
09/15/2021,DSM,IA,ACE,CE,Combined TRACON& Tower with Radar,87,16,47,11,161,0,0,41,1,42,87,16,88,12,203,34,16,50,253
09/16/2021,DSM,IA,ACE,CE,Combined TRACON& Tower with Radar,120,21,41,0,182,0,0,22,5,27,120,21,63,5,209,4,0,4,213
09/17/2021,DSM,IA,ACE,CE,Combined TRACON& Tower with Radar,105,22,54,3,184,0,0,46,0,46,105,22,100,3,230,12,0,12,242
09/18/2021,DSM,IA,ACE,CE,Combined TRACON& Tower with Radar,71,15,35,0,121,0,0,35,6,41,71,15,70,6,162,40,0,40,202
09/19/2021,DSM,IA,ACE,CE,Combined TRACON& Tower with Radar,115,14,35,2,166,0,0,17,3,20,115,14,52,5,186,2,0,2,188
09/20/2021,DSM,IA,ACE,CE,Combined TRACON& Tower with Radar,93,20,35,1,149,0,0,9,0,9,93,20,44,1,158,0,0,0,158
09/21/2021,DSM,IA,ACE,CE,Combined TRACON& Tower with Radar,82,15,42,1,140,0,2,30,0,32,82,17,72,1,172,4,0,4,176
09/22/2021,DSM,IA,ACE,CE,Combined TRACON& Tower with Radar,83,15,66,0,164,1,1,28,0,30,84,16,94,0,194,4,0,4,198
09/23/2021,DSM,IA,ACE,CE,Combined TRACON& Tower with Radar,101,13,60,0,174,0,0,37,1,38,101,13,97,1,212,24,0,24,236
09/24/2021,DSM,IA,ACE,CE,Combined TRACON& Tower with Radar,101,17,48,2,168,0,0,26,0,26,101,17,74,2,194,12,0,12,206
09/25/2021,DSM,IA,ACE,CE,Combined TRACON& Tower with Radar,76,22,35,3,136,0,0,30,0,30,76,22,65,3,166,2,0,2,168
09/26/2021,DSM,IA,ACE,CE,Combined TRACON& Tower with Radar,93,13,27,2,135,0,0,31,0,31,93,13,58,2,166,4,0,4,170
09/27/2021,DSM,IA,ACE,CE,Combined TRACON& Tower with Radar,87,11,41,4,143,0,0,40,0,40,87,11,81,4,183,16,0,16,199
09/28/2021,DSM,IA,ACE,CE,Combined TRACON& Tower with Radar,82,10,51,14,157,0,3,30,0,33,82,13,81,14,190,32,0,32,222
09/29/2021,DSM,IA,ACE,CE,Combined TRACON& Tower with Radar,81,12,42,11,146,0,6,29,1,36,81,18,71,12,182,10,12,22,204
09/30/2021,DSM,IA,ACE,CE,Combined TRACON& Tower with Radar,103,10,70,1,184,0,0,20,1,21,103,10,90,2,205,12,0,12,217
10/01/2021,DSM,IA,ACE,CE,Combined TRACON& Tower with Radar,95,22,48,1,166,0,0,15,0,15,95,22,63,1,181,18,0,18,199
10/02/2021,DSM,IA,ACE,CE,Combined TRACON& Tower with Radar,73,20,30,0,123,0,0,15,0,15,73,20,45,0,138,59,0,59,197
10/03/2021,DSM,IA,ACE,CE,Combined TRACON& Tower with Radar,91,12,39,0,142,0,0,30,0,30,91,12,69,0,172,8,0,8,180
10/04/2021,DSM,IA,ACE,CE,Combined TRACON& Tower with Radar,86,14,42,33,175,0,2,32,0,34,86,16,74,33,209,42,12,54,263
10/05/2021,DSM,IA,ACE,CE,Combined TRACON& Tower with Radar,78,18,50,5,151,0,1,35,2,38,78,19,85,7,189,32,0,32,221
10/06/2021,DSM,IA,ACE,CE,Combined TRACON& Tower with Radar,84,17,49,1,151,0,2,12,0,14,84,19,61,1,165,58,8,66,231
10/07/2021,DSM,IA,ACE,CE,Combined TRACON& Tower with Radar,104,8,37,6,155,0,2,22,0,24,104,10,59,6,179,52,2,54,233
10/08/2021,DSM,IA,ACE,CE,Combined TRACON& Tower with Radar,100,9,49,2,160,0,0,32,0,32,100,9,81,2,192,23,0,23,215
10/09/2021,DSM,IA,ACE,CE,Combined TRACON& Tower with Radar,70,14,38,0,122,0,2,23,0,25,70,16,61,0,147,28,0,28,175
10/10/2021,DSM,IA,ACE,CE,Combined TRACON& Tower with Radar,85,8,26,0,119,0,0,31,0,31,85,8,57,0,150,16,0,16,166
10/11/2021,DSM,IA,ACE,CE,Combined TRACON& Tower with Radar,87,15,33,0,135,0,0,11,0,11,87,15,44,0,146,0,0,0,146
10/12/2021,DSM,IA,ACE,CE,Combined TRACON& Tower with Radar,80,15,46,12,153,0,2,50,0,52,80,17,96,12,205,46,28,74,279
10/13/2021,DSM,IA,ACE,CE,Combined TRACON& Tower with Radar,84,13,35,4,136,0,1,5,0,6,84,14,40,4,142,0,0,0,142
10/14/2021,DSM,IA,ACE,CE,Combined TRACON& Tower with Radar,97,22,35,6,160,0,4,35,1,40,97,26,70,7,200,2,0,2,202
10/15/2021,DSM,IA,ACE,CE,Combined TRACON& Tower with Radar,104,13,34,21,172,0,1,29,1,31,104,14,63,22,203,18,16,34,237
10/16/2021,DSM,IA,ACE,CE,Combined TRACON& Tower with Radar,70,23,13,0,106,0,1,28,0,29,70,24,41,0,135,34,0,34,169
10/17/2021,DSM,IA,ACE,CE,Combined TRACON& Tower with Radar,96,16,31,0,143,0,4,34,0,38,96,20,65,0,181,22,0,22,203
10/18/2021,DSM,IA,ACE,CE,Combined TRACON& Tower with Radar,90,13,60,0,163,0,0,34,0,34,90,13,94,0,197,12,0,12,209
10/19/2021,DSM,IA,ACE,CE,Combined TRACON& Tower with Radar,83,15,61,4,163,0,0,21,2,23,83,15,82,6,186,27,0,27,213
10/20/2021,DSM,IA,ACE,CE,Combined TRACON& Tower with Radar,86,18,57,2,163,0,7,14,2,23,86,25,71,4,186,11,0,11,197
10/21/2021,DSM,IA,ACE,CE,Combined TRACON& Tower with Radar,89,14,50,8,161,0,0,3,0,3,89,14,53,8,164,0,0,0,164
10/22/2021,DSM,IA,ACE,CE,Combined TRACON& Tower with Radar,102,21,45,6,174,0,2,37,0,39,102,23,82,6,213,22,0,22,235
10/23/2021,DSM,IA,ACE,CE,Combined TRACON& Tower with Radar,77,19,21,0,117,0,0,28,0,28,77,19,49,0,145,0,0,0,145
10/24/2021,DSM,IA,ACE,CE,Combined TRACON& Tower with Radar,92,14,20,0,126,0,0,0,0,0,92,14,20,0,126,0,0,0,126
10/25/2021,DSM,IA,ACE,CE,Combined TRACON& Tower with Radar,91,14,58,5,168,0,0,23,1,24,91,14,81,6,192,20,0,20,212
10/26/2021,DSM,IA,ACE,CE,Combined TRACON& Tower with Radar,87,19,42,8,156,0,1,20,3,24,87,20,62,11,180,25,6,31,211
10/27/2021,DSM,IA,ACE,CE,Combined TRACON& Tower with Radar,83,13,44,2,142,0,0,1,0,1,83,13,45,2,143,0,0,0,143
10/28/2021,DSM,IA,ACE,CE,Combined TRACON& Tower with Radar,97,12,44,4,157,0,0,1,0,1,97,12,45,4,158,0,0,0,158
10/29/2021,DSM,IA,ACE,CE,Combined TRACON& Tower with Radar,105,19,38,2,164,0,0,4,2,6,105,19,42,4,170,0,0,0,170
10/30/2021,DSM,IA,ACE,CE,Combined TRACON& Tower with Radar,66,16,35,0,117,0,2,44,0,46,66,18,79,0,163,28,0,28,191
10/31/2021,DSM,IA,ACE,CE,Combined TRACON& Tower with Radar,77,15,19,0,111,0,1,19,0,20,77,16,38,0,131,6,0,6,137
11/01/2021,DSM,IA,ACE,CE,Combined TRACON& Tower with Radar,77,18,41,2,138,0,1,35,2,38,77,19,76,4,176,42,0,42,218
11/02/2021,DSM,IA,ACE,CE,Combined TRACON& Tower with Radar,66,22,48,7,143,0,2,36,1,39,66,24,84,8,182,94,8,102,284
11/03/2021,DSM,IA,ACE,CE,Combined TRACON& Tower with Radar,75,20,36,2,133,0,0,36,0,36,75,20,72,2,169,44,0,44,213
11/04/2021,DSM,IA,ACE,CE,Combined TRACON& Tower with Radar,93,29,40,3,165,0,2,36,1,39,93,31,76,4,204,0,0,0,204
11/05/2021,DSM,IA,ACE,CE,Combined TRACON& Tower with Radar,93,25,47,3,168,0,0,34,0,34,93,25,81,3,202,0,0,0,202
11/06/2021,DSM,IA,ACE,CE,Combined TRACON& Tower with Radar,70,18,24,3,115,0,0,43,3,46,70,18,67,6,161,70,4,74,235
11/07/2021,DSM,IA,ACE,CE,Combined TRACON& Tower with Radar,88,13,29,0,130,0,0,25,0,25,88,13,54,0,155,15,0,15,170
11/08/2021,DSM,IA,ACE,CE,Combined TRACON& Tower with Radar,85,14,44,5,148,0,0,44,0,44,85,14,88,5,192,68,0,68,260
11/09/2021,DSM,IA,ACE,CE,Combined TRACON& Tower with Radar,75,20,51,1,147,0,0,21,0,21,75,20,72,1,168,50,0,50,218
11/10/2021,DSM,IA,ACE,CE,Combined TRACON& Tower with Radar,77,31,35,1,144,0,0,0,0,0,77,31,35,1,144,2,0,2,146
11/11/2021,DSM,IA,ACE,CE,Combined TRACON& Tower with Radar,96,30,62,0,188,0,1,8,0,9,96,31,70,0,197,6,0,6,203
11/12/2021,DSM,IA,ACE,CE,Combined TRACON& Tower with Radar,93,23,33,2,151,0,2,1,0,3,93,25,34,2,154,0,0,0,154
11/13/2021,DSM,IA,ACE,CE,Combined TRACON& Tower with Radar,70,19,23,0,112,0,0,10,0,10,70,19,33,0,122,40,0,40,162
11/14/2021,DSM,IA,ACE,CE,Combined TRACON& Tower with Radar,86,18,31,1,136,0,0,17,3,20,86,18,48,4,156,55,0,55,211
11/15/2021,DSM,IA,ACE,CE,Combined TRACON& Tower with Radar,85,14,33,4,136,0,0,31,0,31,85,14,64,4,167,42,0,42,209
11/16/2021,DSM,IA,ACE,CE,Combined TRACON& Tower with Radar,76,20,44,15,155,0,0,28,1,29,76,20,72,16,184,20,18,38,222
11/17/2021,DSM,IA,ACE,CE,Combined TRACON& Tower with Radar,76,24,29,3,132,0,0,30,3,33,76,24,59,6,165,12,0,12,177
11/18/2021,DSM,IA,ACE,CE,Combined TRACON& Tower with Radar,94,29,47,2,172,0,3,23,0,26,94,32,70,2,198,34,1,35,233
11/19/2021,DSM,IA,ACE,CE,Combined TRACON& Tower with Radar,96,26,52,2,176,0,1,28,2,31,96,27,80,4,207,17,0,17,224
11/20/2021,DSM,IA,ACE,CE,Combined TRACON& Tower with Radar,70,12,42,0,124,0,2,62,0,64,70,14,104,0,188,20,0,20,208
11/21/2021,DSM,IA,ACE,CE,Combined TRACON& Tower with Radar,83,16,19,0,118,0,0,16,0,16,83,16,35,0,134,16,0,16,150
11/22/2021,DSM,IA,ACE,CE,Combined TRACON& Tower with Radar,85,20,53,8,166,0,0,46,2,48,85,20,99,10,214,46,0,46,260
11/23/2021,DSM,IA,ACE,CE,Combined TRACON& Tower with Radar,93,20,40,7,160,0,2,25,1,28,93,22,65,8,188,6,0,6,194
11/24/2021,DSM,IA,ACE,CE,Combined TRACON& Tower with Radar,95,15,25,2,137,0,0,27,0,27,95,15,52,2,164,0,0,0,164
11/25/2021,DSM,IA,ACE,CE,Combined TRACON& Tower with Radar,49,10,4,0,63,0,0,8,0,8,49,10,12,0,71,12,0,12,83
11/26/2021,DSM,IA,ACE,CE,Combined TRACON& Tower with Radar,78,13,21,0,112,0,0,25,0,25,78,13,46,0,137,34,0,34,171
11/27/2021,DSM,IA,ACE,CE,Combined TRACON& Tower with Radar,86,14,10,0,110,5,0,21,0,26,91,14,31,0,136,0,0,0,136
11/28/2021,DSM,IA,ACE,CE,Combined TRACON& Tower with Radar,95,15,16,0,126,0,1,30,0,31,95,16,46,0,157,12,0,12,169
11/29/2021,DSM,IA,ACE,CE,Combined TRACON& Tower with Radar,98,12,44,2,156,0,2,29,2,33,98,14,73,4,189,40,8,48,237
11/30/2021,DSM,IA,ACE,CE,Combined TRACON& Tower with Radar,74,16,60,3,153,0,0,39,2,41,74,16,99,5,194,56,0,56,250
12/01/2021,DSM,IA,ACE,CE,Combined TRACON& Tower with Radar,79,14,50,10,153,0,1,30,7,38,79,15,80,17,191,4,0,4,195
12/02/2021,DSM,IA,ACE,CE,Combined TRACON& Tower with Radar,98,26,45,4,173,0,3,50,4,57,98,29,95,8,230,37,0,37,267
12/03/2021,DSM,IA,ACE,CE,Combined TRACON& Tower with Radar,94,17,41,3,155,0,2,39,0,41,94,19,80,3,196,34,6,40,236
12/04/2021,DSM,IA,ACE,CE,Combined TRACON& Tower with Radar,66,13,28,0,107,0,0,39,0,39,66,13,67,0,146,44,0,44,190
12/05/2021,DSM,IA,ACE,CE,Combined TRACON& Tower with Radar,90,19,37,4,150,0,0,4,0,4,90,19,41,4,154,22,0,22,176
12/06/2021,DSM,IA,ACE,CE,Combined TRACON& Tower with Radar,85,22,33,4,144,0,0,10,0,10,85,22,43,4,154,4,0,4,158
12/07/2021,DSM,IA,ACE,CE,Combined TRACON& Tower with Radar,71,23,24,8,126,0,0,13,1,14,71,23,37,9,140,2,18,20,160
12/08/2021,DSM,IA,ACE,CE,Combined TRACON& Tower with Radar,71,23,65,6,165,0,5,44,0,49,71,28,109,6,214,55,6,61,275
12/09/2021,DSM,IA,ACE,CE,Combined TRACON& Tower with Radar,98,15,66,9,188,0,0,31,0,31,98,15,97,9,219,24,12,36,255
12/10/2021,DSM,IA,ACE,CE,Combined TRACON& Tower with Radar,88,16,27,2,133,0,0,11,0,11,88,16,38,2,144,0,0,0,144
12/11/2021,DSM,IA,ACE,CE,Combined TRACON& Tower with Radar,65,13,23,6,107,0,0,23,1,24,65,13,46,7,131,10,6,16,147
12/12/2021,DSM,IA,ACE,CE,Combined TRACON& Tower with Radar,89,19,22,1,131,0,0,21,0,21,89,19,43,1,152,20,0,20,172
12/13/2021,DSM,IA,ACE,CE,Combined TRACON& Tower with Radar,83,24,54,4,165,0,2,37,2,41,83,26,91,6,206,36,0,36,242
12/14/2021,DSM,IA,ACE,CE,Combined TRACON& Tower with Radar,70,28,53,5,156,0,0,23,7,30,70,28,76,12,186,58,18,76,262
12/15/2021,DSM,IA,ACE,CE,Combined TRACON& Tower with Radar,60,19,20,2,101,0,1,2,1,4,60,20,22,3,105,0,0,0,105
12/16/2021,DSM,IA,ACE,CE,Combined TRACON& Tower with Radar,90,16,45,2,153,0,2,16,2,20,90,18,61,4,173,1,0,1,174
12/17/2021,DSM,IA,ACE,CE,Combined TRACON& Tower with Radar,97,18,39,5,159,0,0,17,0,17,97,18,56,5,176,4,0,4,180
12/18/2021,DSM,IA,ACE,CE,Combined TRACON& Tower with Radar,63,20,50,0,133,2,3,11,0,16,65,23,61,0,149,14,0,14,163
12/19/2021,DSM,IA,ACE,CE,Combined TRACON& Tower with Radar,88,19,27,1,135,0,1,7,0,8,88,20,34,1,143,4,0,4,147
12/20/2021,DSM,IA,ACE,CE,Combined TRACON& Tower with Radar,88,15,44,6,153,0,1,33,0,34,88,16,77,6,187,35,12,47,234
12/21/2021,DSM,IA,ACE,CE,Combined TRACON& Tower with Radar,82,12,41,4,139,0,0,10,2,12,82,12,51,6,151,14,0,14,165
12/22/2021,DSM,IA,ACE,CE,Combined TRACON& Tower with Radar,85,14,33,3,135,0,1,42,10,53,85,15,75,13,188,6,2,8,196
12/23/2021,DSM,IA,ACE,CE,Combined TRACON& Tower with Radar,98,15,31,2,146,0,0,27,0,27,98,15,58,2,173,20,0,20,193
12/24/2021,DSM,IA,ACE,CE,Combined TRACON& Tower with Radar,76,6,2,0,84,0,0,0,0,0,76,6,2,0,84,0,0,0,84
12/25/2021,DSM,IA,ACE,CE,Combined TRACON& Tower with Radar,48,15,2,0,65,0,0,8,0,8,48,15,10,0,73,0,0,0,73
12/26/2021,DSM,IA,ACE,CE,Combined TRACON& Tower with Radar,86,17,22,0,125,0,0,7,0,7,86,17,29,0,132,6,0,6,138
12/27/2021,DSM,IA,ACE,CE,Combined TRACON& Tower with Radar,89,19,22,4,134,0,0,22,0,22,89,19,44,4,156,0,0,0,156
12/28/2021,DSM,IA,ACE,CE,Combined TRACON& Tower with Radar,78,15,16,0,109,0,0,5,0,5,78,15,21,0,114,0,0,0,114
12/29/2021,DSM,IA,ACE,CE,Combined TRACON& Tower with Radar,84,19,27,2,132,0,0,13,2,15,84,19,40,4,147,36,2,38,185
12/30/2021,DSM,IA,ACE,CE,Combined TRACON& Tower with Radar,89,26,25,2,142,0,1,3,0,4,89,27,28,2,146,0,0,0,146
12/31/2021,DSM,IA,ACE,CE,Combined TRACON& Tower with Radar,72,7,6,0,85,0,0,0,0,0,72,7,6,0,85,0,0,0,85
01/01/2022,DSM,IA,ACE,CE,Combined TRACON& Tower with Radar,41,12,4,0,57,0,1,0,0,1,41,13,4,0,58,1,0,1,59
01/02/2022,DSM,IA,ACE,CE,Combined TRACON& Tower with Radar,74,19,28,0,121,0,0,12,0,12,74,19,40,0,133,32,0,32,165
01/03/2022,DSM,IA,ACE,CE,Combined TRACON& Tower with Radar,79,19,29,2,129,0,0,33,0,33,79,19,62,2,162,56,0,56,218
01/04/2022,DSM,IA,ACE,CE,Combined TRACON& Tower with Radar,70,10,21,4,105,0,1,21,0,22,70,11,42,4,127,0,0,0,127
01/05/2022,DSM,IA,ACE,CE,Combined TRACON& Tower with Radar,60,9,10,4,83,0,0,1,0,1,60,9,11,4,84,6,0,6,90
01/06/2022,DSM,IA,ACE,CE,Combined TRACON& Tower with Radar,91,8,24,5,128,0,2,24,1,27,91,10,48,6,155,8,8,16,171
01/07/2022,DSM,IA,ACE,CE,Combined TRACON& Tower with Radar,86,21,34,7,148,0,2,17,0,19,86,23,51,7,167,2,4,6,173
01/08/2022,DSM,IA,ACE,CE,Combined TRACON& Tower with Radar,55,11,14,1,81,0,0,0,0,0,55,11,14,1,81,0,0,0,81
01/09/2022,DSM,IA,ACE,CE,Combined TRACON& Tower with Radar,86,11,14,4,115,2,0,31,0,33,88,11,45,4,148,20,0,20,168
01/10/2022,DSM,IA,ACE,CE,Combined TRACON& Tower with Radar,82,11,29,8,130,0,0,32,0,32,82,11,61,8,162,20,0,20,182
01/11/2022,DSM,IA,ACE,CE,Combined TRACON& Tower with Radar,63,19,42,33,157,2,0,30,1,33,65,19,72,34,190,44,28,72,262
01/12/2022,DSM,IA,ACE,CE,Combined TRACON& Tower with Radar,65,18,34,4,121,0,0,42,7,49,65,18,76,11,170,52,0,52,222
01/13/2022,DSM,IA,ACE,CE,Combined TRACON& Tower with Radar,95,12,28,7,142,0,0,32,0,32,95,12,60,7,174,0,0,0,174
01/14/2022,DSM,IA,ACE,CE,Combined TRACON& Tower with Radar,68,6,7,0,81,0,0,0,0,0,68,6,7,0,81,0,0,0,81
01/15/2022,DSM,IA,ACE,CE,Combined TRACON& Tower with Radar,60,12,18,2,92,0,0,4,0,4,60,12,22,2,96,0,0,0,96
01/16/2022,DSM,IA,ACE,CE,Combined TRACON& Tower with Radar,71,18,16,2,107,0,0,4,0,4,71,18,20,2,111,0,0,0,111
01/17/2022,DSM,IA,ACE,CE,Combined TRACON& Tower with Radar,80,14,29,0,123,1,2,33,0,36,81,16,62,0,159,72,0,72,231
01/18/2022,DSM,IA,ACE,CE,Combined TRACON& Tower with Radar,68,16,24,3,111,0,0,23,2,25,68,16,47,5,136,16,0,16,152
01/19/2022,DSM,IA,ACE,CE,Combined TRACON& Tower with Radar,70,15,38,5,128,0,0,16,4,20,70,15,54,9,148,8,4,12,160
01/20/2022,DSM,IA,ACE,CE,Combined TRACON& Tower with Radar,96,22,30,2,150,1,4,20,0,25,97,26,50,2,175,14,0,14,189
01/21/2022,DSM,IA,ACE,CE,Combined TRACON& Tower with Radar,94,11,32,4,141,0,0,14,0,14,94,11,46,4,155,10,0,10,165
01/22/2022,DSM,IA,ACE,CE,Combined TRACON& Tower with Radar,62,14,12,1,89,0,0,29,5,34,62,14,41,6,123,26,0,26,149
01/23/2022,DSM,IA,ACE,CE,Combined TRACON& Tower with Radar,92,9,18,2,121,0,2,22,2,26,92,11,40,4,147,16,0,16,163
01/24/2022,DSM,IA,ACE,CE,Combined TRACON& Tower with Radar,84,10,41,0,135,0,0,8,0,8,84,10,49,0,143,0,0,0,143
01/25/2022,DSM,IA,ACE,CE,Combined TRACON& Tower with Radar,68,10,43,2,123,0,0,23,0,23,68,10,66,2,146,14,0,14,160
01/26/2022,DSM,IA,ACE,CE,Combined TRACON& Tower with Radar,66,17,43,0,126,0,0,21,4,25,66,17,64,4,151,2,0,2,153
01/27/2022,DSM,IA,ACE,CE,Combined TRACON& Tower with Radar,95,26,44,2,167,0,1,20,4,25,95,27,64,6,192,62,0,62,254
01/28/2022,DSM,IA,ACE,CE,Combined TRACON& Tower with Radar,92,21,43,4,160,0,4,31,0,35,92,25,74,4,195,56,0,56,251
01/29/2022,DSM,IA,ACE,CE,Combined TRACON& Tower with Radar,64,14,25,2,105,0,0,39,0,39,64,14,64,2,144,24,0,24,168
01/30/2022,DSM,IA,ACE,CE,Combined TRACON& Tower with Radar,97,16,22,0,135,0,0,15,0,15,97,16,37,0,150,34,0,34,184
01/31/2022,DSM,IA,ACE,CE,Combined TRACON& Tower with Radar,85,10,39,0,134,0,4,44,0,48,85,14,83,0,182,28,0,28,210
02/01/2022,DSM,IA,ACE,CE,Combined TRACON& Tower with Radar,66,22,28,0,116,0,1,25,0,26,66,23,53,0,142,10,0,10,152
02/02/2022,DSM,IA,ACE,CE,Combined TRACON& Tower with Radar,60,20,12,10,102,0,0,16,0,16,60,20,28,10,118,10,10,20,138
02/03/2022,DSM,IA,ACE,CE,Combined TRACON& Tower with Radar,83,17,32,2,134,0,3,24,0,27,83,20,56,2,161,20,3,23,184
02/04/2022,DSM,IA,ACE,CE,Combined TRACON& Tower with Radar,81,11,34,1,127,0,4,19,3,26,81,15,53,4,153,22,0,22,175
02/05/2022,DSM,IA,ACE,CE,Combined TRACON& Tower with Radar,57,12,19,0,88,0,0,14,2,16,57,12,33,2,104,6,0,6,110
02/06/2022,DSM,IA,ACE,CE,Combined TRACON& Tower with Radar,90,12,15,5,122,0,0,22,1,23,90,12,37,6,145,32,0,32,177
02/07/2022,DSM,IA,ACE,CE,Combined TRACON& Tower with Radar,84,17,39,1,141,0,0,36,0,36,84,17,75,1,177,87,0,87,264
02/08/2022,DSM,IA,ACE,CE,Combined TRACON& Tower with Radar,70,15,45,7,137,0,1,46,1,48,70,16,91,8,185,53,6,59,244
02/09/2022,DSM,IA,ACE,CE,Combined TRACON& Tower with Radar,64,14,33,17,128,0,1,12,8,21,64,15,45,25,149,28,5,33,182
02/10/2022,DSM,IA,ACE,CE,Combined TRACON& Tower with Radar,90,26,32,7,155,0,1,30,0,31,90,27,62,7,186,28,0,28,214
02/11/2022,DSM,IA,ACE,CE,Combined TRACON& Tower with Radar,96,16,35,0,147,0,6,3,0,9,96,22,38,0,156,8,0,8,164
02/12/2022,DSM,IA,ACE,CE,Combined TRACON& Tower with Radar,59,16,27,0,102,0,1,46,0,47,59,17,73,0,149,52,0,52,201
02/13/2022,DSM,IA,ACE,CE,Combined TRACON& Tower with Radar,77,18,8,0,103,0,0,7,0,7,77,18,15,0,110,42,0,42,152
02/14/2022,DSM,IA,ACE,CE,Combined TRACON& Tower with Radar,84,19,46,4,153,1,0,29,0,30,85,19,75,4,183,38,0,38,221
02/15/2022,DSM,IA,ACE,CE,Combined TRACON& Tower with Radar,69,18,42,6,135,0,0,27,2,29,69,18,69,8,164,56,0,56,220
02/16/2022,DSM,IA,ACE,CE,Combined TRACON& Tower with Radar,65,12,44,5,126,0,0,8,5,13,65,12,52,10,139,0,0,0,139
02/17/2022,DSM,IA,ACE,CE,Combined TRACON& Tower with Radar,96,23,35,8,162,0,0,5,7,12,96,23,40,15,174,14,10,24,198
02/18/2022,DSM,IA,ACE,CE,Combined TRACON& Tower with Radar,89,13,32,6,140,0,0,19,0,19,89,13,51,6,159,0,6,6,165
02/19/2022,DSM,IA,ACE,CE,Combined TRACON& Tower with Radar,60,23,33,0,116,3,0,33,0,36,63,23,66,0,152,36,0,36,188
02/20/2022,DSM,IA,ACE,CE,Combined TRACON& Tower with Radar,78,21,26,0,125,0,0,30,0,30,78,21,56,0,155,52,0,52,207
02/21/2022,DSM,IA,ACE,CE,Combined TRACON& Tower with Radar,82,20,51,4,157,0,2,26,0,28,82,22,77,4,185,36,0,36,221
02/22/2022,DSM,IA,ACE,CE,Combined TRACON& Tower with Radar,78,8,29,1,116,0,0,1,0,1,78,8,30,1,117,0,0,0,117
02/23/2022,DSM,IA,ACE,CE,Combined TRACON& Tower with Radar,66,23,48,0,137,0,0,17,2,19,66,23,65,2,156,18,0,18,174
02/24/2022,DSM,IA,ACE,CE,Combined TRACON& Tower with Radar,91,16,32,0,139,0,0,0,0,0,91,16,32,0,139,0,0,0,139
02/25/2022,DSM,IA,ACE,CE,Combined TRACON& Tower with Radar,84,31,37,9,161,0,2,23,0,25,84,33,60,9,186,40,4,44,230
02/26/2022,DSM,IA,ACE,CE,Combined TRACON& Tower with Radar,65,22,20,12,119,0,0,48,0,48,65,22,68,12,167,78,0,78,245
02/27/2022,DSM,IA,ACE,CE,Combined TRACON& Tower with Radar,91,21,30,1,143,0,4,53,0,57,91,25,83,1,200,86,0,86,286
02/28/2022,DSM,IA,ACE,CE,Combined TRACON& Tower with Radar,89,21,38,1,149,0,6,30,1,37,89,27,68,2,186,38,0,38,224
03/01/2022,DSM,IA,ACE,CE,Combined TRACON& Tower with Radar,73,16,58,4,151,0,4,30,3,37,73,20,88,7,188,40,0,40,228
03/02/2022,DSM,IA,ACE,CE,Combined TRACON& Tower with Radar,75,20,37,1,133,0,0,29,2,31,75,20,66,3,164,27,2,29,193
03/03/2022,DSM,IA,ACE,CE,Combined TRACON& Tower with Radar,89,15,39,9,152,0,0,29,7,36,89,15,68,16,188,76,4,80,268
03/04/2022,DSM,IA,ACE,CE,Combined TRACON& Tower with Radar,90,21,45,3,159,0,3,16,1,20,90,24,61,4,179,28,0,28,207
03/05/2022,DSM,IA,ACE,CE,Combined TRACON& Tower with Radar,74,17,15,0,106,0,0,1,0,1,74,17,16,0,107,0,0,0,107
03/06/2022,DSM,IA,ACE,CE,Combined TRACON& Tower with Radar,93,16,30,0,139,0,0,6,0,6,93,16,36,0,145,60,0,60,205
03/07/2022,DSM,IA,ACE,CE,Combined TRACON& Tower with Radar,80,13,31,0,124,0,3,16,1,20,80,16,47,1,144,8,0,8,152
03/08/2022,DSM,IA,ACE,CE,Combined TRACON& Tower with Radar,80,18,51,4,153,0,2,49,0,51,80,20,100,4,204,90,0,90,294
03/09/2022,DSM,IA,ACE,CE,Combined TRACON& Tower with Radar,82,19,45,2,148,0,0,24,0,24,82,19,69,2,172,23,0,23,195
03/10/2022,DSM,IA,ACE,CE,Combined TRACON& Tower with Radar,97,13,39,8,157,0,1,3,1,5,97,14,42,9,162,2,2,4,166
03/11/2022,DSM,IA,ACE,CE,Combined TRACON& Tower with Radar,92,15,37,17,161,0,0,18,5,23,92,15,55,22,184,1,24,25,209
03/12/2022,DSM,IA,ACE,CE,Combined TRACON& Tower with Radar,74,22,20,2,118,0,3,25,2,30,74,25,45,4,148,30,0,30,178
03/13/2022,DSM,IA,ACE,CE,Combined TRACON& Tower with Radar,96,18,21,2,137,3,3,22,5,33,99,21,43,7,170,34,0,34,204
03/14/2022,DSM,IA,ACE,CE,Combined TRACON& Tower with Radar,89,13,30,1,133,0,0,26,0,26,89,13,56,1,159,38,0,38,197
03/15/2022,DSM,IA,ACE,CE,Combined TRACON& Tower with Radar,83,14,51,4,152,0,2,36,0,38,83,16,87,4,190,28,0,28,218
03/16/2022,DSM,IA,ACE,CE,Combined TRACON& Tower with Radar,90,12,35,1,138,0,2,24,2,28,90,14,59,3,166,10,0,10,176
03/17/2022,DSM,IA,ACE,CE,Combined TRACON& Tower with Radar,98,13,37,10,158,0,3,16,0,19,98,16,53,10,177,4,6,10,187
03/18/2022,DSM,IA,ACE,CE,Combined TRACON& Tower with Radar,91,13,15,0,119,0,0,0,0,0,91,13,15,0,119,0,0,0,119
03/19/2022,DSM,IA,ACE,CE,Combined TRACON& Tower with Radar,84,33,27,4,148,0,4,36,0,40,84,37,63,4,188,20,0,20,208
03/20/2022,DSM,IA,ACE,CE,Combined TRACON& Tower with Radar,98,16,27,1,142,0,2,54,3,59,98,18,81,4,201,85,0,85,286
03/21/2022,DSM,IA,ACE,CE,Combined TRACON& Tower with Radar,89,12,37,4,142,0,0,18,4,22,89,12,55,8,164,6,6,12,176
03/22/2022,DSM,IA,ACE,CE,Combined TRACON& Tower with Radar,72,15,29,8,124,0,0,0,0,0,72,15,29,8,124,2,0,2,126
03/23/2022,DSM,IA,ACE,CE,Combined TRACON& Tower with Radar,83,19,23,0,125,0,1,1,0,2,83,20,24,0,127,0,0,0,127
03/24/2022,DSM,IA,ACE,CE,Combined TRACON& Tower with Radar,97,13,41,4,155,0,2,5,0,7,97,15,46,4,162,59,0,59,221
03/25/2022,DSM,IA,ACE,CE,Combined TRACON& Tower with Radar,89,21,51,3,164,0,0,23,0,23,89,21,74,3,187,2,0,2,189
03/26/2022,DSM,IA,ACE,CE,Combined TRACON& Tower with Radar,73,24,21,2,120,0,2,20,0,22,73,26,41,2,142,46,0,46,188
03/27/2022,DSM,IA,ACE,CE,Combined TRACON& Tower with Radar,91,18,51,1,161,0,0,43,0,43,91,18,94,1,204,48,0,48,252
03/28/2022,DSM,IA,ACE,CE,Combined TRACON& Tower with Radar,86,23,45,2,156,0,1,26,0,27,86,24,71,2,183,38,0,38,221
03/29/2022,DSM,IA,ACE,CE,Combined TRACON& Tower with Radar,74,18,32,6,130,0,1,26,0,27,74,19,58,6,157,24,6,30,187
03/30/2022,DSM,IA,ACE,CE,Combined TRACON& Tower with Radar,80,15,36,2,133,0,0,2,0,2,80,15,38,2,135,10,0,10,145
03/31/2022,DSM,IA,ACE,CE,Combined TRACON& Tower with Radar,89,29,38,14,170,0,0,9,0,9,89,29,47,14,179,46,16,62,241
04/01/2022,DSM,IA,ACE,CE,Combined TRACON& Tower with Radar,91,16,44,4,155,0,2,40,0,42,91,18,84,4,197,15,2,17,214
04/02/2022,DSM,IA,ACE,CE,Combined TRACON& Tower with Radar,68,14,10,4,96,0,2,18,0,20,68,16,28,4,116,10,0,10,126
04/03/2022,DSM,IA,ACE,CE,Combined TRACON& Tower with Radar,91,23,26,2,142,0,2,7,0,9,91,25,33,2,151,8,0,8,159
04/04/2022,DSM,IA,ACE,CE,Combined TRACON& Tower with Radar,82,21,32,2,137,0,2,20,0,22,82,23,52,2,159,58,0,58,217
04/05/2022,DSM,IA,ACE,CE,Combined TRACON& Tower with Radar,75,23,44,0,142,0,1,8,0,9,75,24,52,0,151,24,0,24,175
04/06/2022,DSM,IA,ACE,CE,Combined TRACON& Tower with Radar,78,22,46,0,146,0,1,16,5,22,78,23,62,5,168,10,0,10,178
04/07/2022,DSM,IA,ACE,CE,Combined TRACON& Tower with Radar,89,27,48,0,164,0,0,2,0,2,89,27,50,0,166,0,0,0,166
04/08/2022,DSM,IA,ACE,CE,Combined TRACON& Tower with Radar,83,27,40,3,153,0,0,14,2,16,83,27,54,5,169,28,0,28,197
04/09/2022,DSM,IA,ACE,CE,Combined TRACON& Tower with Radar,62,21,28,3,114,0,2,86,3,91,62,23,114,6,205,83,0,83,288
04/10/2022,DSM,IA,ACE,CE,Combined TRACON& Tower with Radar,85,25,18,1,129,0,0,21,0,21,85,25,39,1,150,47,0,47,197
04/11/2022,DSM,IA,ACE,CE,Combined TRACON& Tower with Radar,77,19,44,14,154,0,2,48,2,52,77,21,92,16,206,136,0,136,342
04/12/2022,DSM,IA,ACE,CE,Combined TRACON& Tower with Radar,73,15,28,5,121,0,0,1,6,7,73,15,29,11,128,0,6,6,134
04/13/2022,DSM,IA,ACE,CE,Combined TRACON& Tower with Radar,85,21,41,11,158,0,4,13,0,17,85,25,54,11,175,14,0,14,189
04/14/2022,DSM,IA,ACE,CE,Combined TRACON& Tower with Radar,95,26,42,6,169,0,0,11,4,15,95,26,53,10,184,16,0,16,200
04/15/2022,DSM,IA,ACE,CE,Combined TRACON& Tower with Radar,85,17,36,2,140,0,0,52,3,55,85,17,88,5,195,94,0,94,289
04/16/2022,DSM,IA,ACE,CE,Combined TRACON& Tower with Radar,66,19,19,1,105,0,2,34,0,36,66,21,53,1,141,28,0,28,169
04/17/2022,DSM,IA,ACE,CE,Combined TRACON& Tower with Radar,85,21,3,0,109,0,0,1,0,1,85,21,4,0,110,14,0,14,124
04/18/2022,DSM,IA,ACE,CE,Combined TRACON& Tower with Radar,79,24,49,3,155,0,2,17,0,19,79,26,66,3,174,24,0,24,198
04/19/2022,DSM,IA,ACE,CE,Combined TRACON& Tower with Radar,71,19,71,14,175,0,0,62,1,63,71,19,133,15,238,106,34,140,378
04/20/2022,DSM,IA,ACE,CE,Combined TRACON& Tower with Radar,76,23,58,2,159,0,0,2,0,2,76,23,60,2,161,0,0,0,161
04/21/2022,DSM,IA,ACE,CE,Combined TRACON& Tower with Radar,92,31,65,0,188,0,2,34,2,38,92,33,99,2,226,30,0,30,256
04/22/2022,DSM,IA,ACE,CE,Combined TRACON& Tower with Radar,84,21,29,2,136,0,1,3,0,4,84,22,32,2,140,0,0,0,140
04/23/2022,DSM,IA,ACE,CE,Combined TRACON& Tower with Radar,66,16,17,0,99,0,0,2,0,2,66,16,19,0,101,0,0,0,101
04/24/2022,DSM,IA,ACE,CE,Combined TRACON& Tower with Radar,89,21,21,0,131,2,0,8,0,10,91,21,29,0,141,4,0,4,145
04/25/2022,DSM,IA,ACE,CE,Combined TRACON& Tower with Radar,77,22,49,0,148,0,1,21,0,22,77,23,70,0,170,52,0,52,222
04/26/2022,DSM,IA,ACE,CE,Combined TRACON& Tower with Radar,71,23,41,3,138,0,3,50,5,58,71,26,91,8,196,108,0,108,304
04/27/2022,DSM,IA,ACE,CE,Combined TRACON& Tower with Radar,74,26,56,12,168,0,1,44,0,45,74,27,100,12,213,34,18,52,265
04/28/2022,DSM,IA,ACE,CE,Combined TRACON& Tower with Radar,89,24,41,6,160,0,4,24,0,28,89,28,65,6,188,58,6,64,252
04/29/2022,DSM,IA,ACE,CE,Combined TRACON& Tower with Radar,82,18,37,0,137,0,0,3,0,3,82,18,40,0,140,0,0,0,140
04/30/2022,DSM,IA,ACE,CE,Combined TRACON& Tower with Radar,67,17,30,0,114,0,1,1,0,2,67,18,31,0,116,0,0,0,116
05/01/2022,DSM,IA,ACE,CE,Combined TRACON& Tower with Radar,84,23,29,0,136,0,0,10,0,10,84,23,39,0,146,0,0,0,146
05/02/2022,DSM,IA,ACE,CE,Combined TRACON& Tower with Radar,76,22,43,8,149,0,0,9,0,9,76,22,52,8,158,0,0,0,158
05/03/2022,DSM,IA,ACE,CE,Combined TRACON& Tower with Radar,76,12,35,0,123,0,0,1,0,1,76,12,36,0,124,0,0,0,124
05/04/2022,DSM,IA,ACE,CE,Combined TRACON& Tower with Radar,71,23,67,10,171,0,0,25,0,25,71,23,92,10,196,81,2,83,279
05/05/2022,DSM,IA,ACE,CE,Combined TRACON& Tower with Radar,88,26,48,2,164,0,1,2,0,3,88,27,50,2,167,4,0,4,171
05/06/2022,DSM,IA,ACE,CE,Combined TRACON& Tower with Radar,89,19,56,5,169,0,0,25,0,25,89,19,81,5,194,86,14,100,294
05/07/2022,DSM,IA,ACE,CE,Combined TRACON& Tower with Radar,62,23,24,0,109,0,0,48,0,48,62,23,72,0,157,96,0,96,253
05/08/2022,DSM,IA,ACE,CE,Combined TRACON& Tower with Radar,85,21,14,1,121,0,0,4,0,4,85,21,18,1,125,0,0,0,125
05/09/2022,DSM,IA,ACE,CE,Combined TRACON& Tower with Radar,76,8,38,0,122,0,4,5,0,9,76,12,43,0,131,3,0,3,134
05/10/2022,DSM,IA,ACE,CE,Combined TRACON& Tower with Radar,74,17,43,10,144,2,0,22,0,24,76,17,65,10,168,58,6,64,232
05/11/2022,DSM,IA,ACE,CE,Combined TRACON& Tower with Radar,81,20,45,1,147,0,0,6,3,9,81,20,51,4,156,28,0,28,184
05/12/2022,DSM,IA,ACE,CE,Combined TRACON& Tower with Radar,97,16,60,1,174,0,2,33,3,38,97,18,93,4,212,28,0,28,240
05/13/2022,DSM,IA,ACE,CE,Combined TRACON& Tower with Radar,88,10,50,5,153,0,1,30,0,31,88,11,80,5,184,60,6,66,250
05/14/2022,DSM,IA,ACE,CE,Combined TRACON& Tower with Radar,57,18,23,1,99,0,0,31,2,33,57,18,54,3,132,62,0,62,194
05/15/2022,DSM,IA,ACE,CE,Combined TRACON& Tower with Radar,83,16,20,4,123,0,0,22,7,29,83,16,42,11,152,110,0,110,262
05/16/2022,DSM,IA,ACE,CE,Combined TRACON& Tower with Radar,77,16,49,4,146,0,2,43,0,45,77,18,92,4,191,56,0,56,247
05/17/2022,DSM,IA,ACE,CE,Combined TRACON& Tower with Radar,76,25,48,6,155,0,0,26,2,28,76,25,74,8,183,30,0,30,213
05/18/2022,DSM,IA,ACE,CE,Combined TRACON& Tower with Radar,76,16,55,3,150,0,2,29,0,31,76,18,84,3,181,20,0,20,201
05/19/2022,DSM,IA,ACE,CE,Combined TRACON& Tower with Radar,97,14,37,6,154,0,3,15,1,19,97,17,52,7,173,26,0,26,199
05/20/2022,DSM,IA,ACE,CE,Combined TRACON& Tower with Radar,89,29,39,19,176,2,0,27,0,29,91,29,66,19,205,102,2,104,309
05/21/2022,DSM,IA,ACE,CE,Combined TRACON& Tower with Radar,63,17,20,0,100,0,2,22,0,24,63,19,42,0,124,60,0,60,184
05/22/2022,DSM,IA,ACE,CE,Combined TRACON& Tower with Radar,83,17,10,5,115,1,2,23,0,26,84,19,33,5,141,48,0,48,189
05/23/2022,DSM,IA,ACE,CE,Combined TRACON& Tower with Radar,80,10,51,4,145,0,0,26,0,26,80,10,77,4,171,56,0,56,227
05/24/2022,DSM,IA,ACE,CE,Combined TRACON& Tower with Radar,70,18,44,6,138,0,0,20,0,20,70,18,64,6,158,62,6,68,226
05/25/2022,DSM,IA,ACE,CE,Combined TRACON& Tower with Radar,77,10,49,3,139,0,0,0,0,0,77,10,49,3,139,0,0,0,139
05/26/2022,DSM,IA,ACE,CE,Combined TRACON& Tower with Radar,88,22,45,11,166,2,0,2,0,4,90,22,47,11,170,16,0,16,186
05/27/2022,DSM,IA,ACE,CE,Combined TRACON& Tower with Radar,87,18,49,0,154,0,4,43,4,51,87,22,92,4,205,6,0,6,211
05/28/2022,DSM,IA,ACE,CE,Combined TRACON& Tower with Radar,69,16,8,0,93,0,4,7,0,11,69,20,15,0,104,4,0,4,108
05/29/2022,DSM,IA,ACE,CE,Combined TRACON& Tower with Radar,78,15,13,0,106,0,0,1,0,1,78,15,14,0,107,0,0,0,107
05/30/2022,DSM,IA,ACE,CE,Combined TRACON& Tower with Radar,82,14,23,2,121,0,0,4,0,4,82,14,27,2,125,0,0,0,125
05/31/2022,DSM,IA,ACE,CE,Combined TRACON& Tower with Radar,70,14,31,3,118,0,2,18,4,24,70,16,49,7,142,18,0,18,160
06/01/2022,DSM,IA,ACE,CE,Combined TRACON& Tower with Radar,80,19,37,28,164,0,2,27,6,35,80,21,64,34,199,66,2,68,267
06/02/2022,DSM,IA,ACE,CE,Combined TRACON& Tower with Radar,88,22,45,0,155,0,1,31,0,32,88,23,76,0,187,52,0,52,239
06/03/2022,DSM,IA,ACE,CE,Combined TRACON& Tower with Radar,82,18,62,4,166,0,1,53,2,56,82,19,115,6,222,16,0,16,238
06/04/2022,DSM,IA,ACE,CE,Combined TRACON& Tower with Radar,77,18,18,1,114,1,2,7,1,11,78,20,25,2,125,10,0,10,135
06/05/2022,DSM,IA,ACE,CE,Combined TRACON& Tower with Radar,92,13,28,1,134,0,0,11,1,12,92,13,39,2,146,0,0,0,146
06/06/2022,DSM,IA,ACE,CE,Combined TRACON& Tower with Radar,82,14,41,2,139,0,0,3,3,6,82,14,44,5,145,0,0,0,145
06/07/2022,DSM,IA,ACE,CE,Combined TRACON& Tower with Radar,77,24,53,9,163,0,3,38,2,43,77,27,91,11,206,10,16,26,232
06/08/2022,DSM,IA,ACE,CE,Combined TRACON& Tower with Radar,84,24,59,2,169,0,0,16,0,16,84,24,75,2,185,36,2,38,223
06/09/2022,DSM,IA,ACE,CE,Combined TRACON& Tower with Radar,90,23,50,3,166,0,0,23,3,26,90,23,73,6,192,70,0,70,262
06/10/2022,DSM,IA,ACE,CE,Combined TRACON& Tower with Radar,87,20,42,5,154,0,2,25,0,27,87,22,67,5,181,41,0,41,222
06/11/2022,DSM,IA,ACE,CE,Combined TRACON& Tower with Radar,73,19,28,1,121,0,0,10,4,14,73,19,38,5,135,0,0,0,135
06/12/2022,DSM,IA,ACE,CE,Combined TRACON& Tower with Radar,88,22,33,2,145,0,3,22,2,27,88,25,55,4,172,14,0,14,186
06/13/2022,DSM,IA,ACE,CE,Combined TRACON& Tower with Radar,87,27,61,3,178,0,1,12,4,17,87,28,73,7,195,22,10,32,227
06/14/2022,DSM,IA,ACE,CE,Combined TRACON& Tower with Radar,81,11,62,4,158,0,0,8,3,11,81,11,70,7,169,0,0,0,169
06/15/2022,DSM,IA,ACE,CE,Combined TRACON& Tower with Radar,80,21,69,0,170,0,0,9,2,11,80,21,78,2,181,0,0,0,181
06/16/2022,DSM,IA,ACE,CE,Combined TRACON& Tower with Radar,95,31,56,0,182,0,0,48,2,50,95,31,104,2,232,28,0,28,260
06/17/2022,DSM,IA,ACE,CE,Combined TRACON& Tower with Radar,86,31,67,3,187,1,2,39,0,42,87,33,106,3,229,34,0,34,263
06/18/2022,DSM,IA,ACE,CE,Combined TRACON& Tower with Radar,74,11,19,2,106,0,0,35,0,35,74,11,54,2,141,54,0,54,195
06/19/2022,DSM,IA,ACE,CE,Combined TRACON& Tower with Radar,92,21,28,4,145,0,0,19,4,23,92,21,47,8,168,32,8,40,208
06/20/2022,DSM,IA,ACE,CE,Combined TRACON& Tower with Radar,84,21,41,1,147,0,1,16,0,17,84,22,57,1,164,20,0,20,184
06/21/2022,DSM,IA,ACE,CE,Combined TRACON& Tower with Radar,81,13,37,5,136,0,0,22,2,24,81,13,59,7,160,20,2,22,182
06/22/2022,DSM,IA,ACE,CE,Combined TRACON& Tower with Radar,86,24,62,2,174,2,0,55,0,57,88,24,117,2,231,38,0,38,269
06/23/2022,DSM,IA,ACE,CE,Combined TRACON& Tower with Radar,95,20,58,5,178,0,0,52,3,55,95,20,110,8,233,36,0,36,269
06/24/2022,DSM,IA,ACE,CE,Combined TRACON& Tower with Radar,85,20,42,2,149,2,1,17,0,20,87,21,59,2,169,24,0,24,193
06/25/2022,DSM,IA,ACE,CE,Combined TRACON& Tower with Radar,77,19,16,2,114,0,1,11,0,12,77,20,27,2,126,60,0,60,186
06/26/2022,DSM,IA,ACE,CE,Combined TRACON& Tower with Radar,90,16,29,0,135,1,2,39,0,42,91,18,68,0,177,28,0,28,205
06/27/2022,DSM,IA,ACE,CE,Combined TRACON& Tower with Radar,78,21,47,1,147,0,3,63,0,66,78,24,110,1,213,60,0,60,273
06/28/2022,DSM,IA,ACE,CE,Combined TRACON& Tower with Radar,81,19,51,12,163,0,0,27,1,28,81,19,78,13,191,2,8,10,201
06/29/2022,DSM,IA,ACE,CE,Combined TRACON& Tower with Radar,76,18,53,8,155,0,1,39,6,46,76,19,92,14,201,56,2,58,259
06/30/2022,DSM,IA,ACE,CE,Combined TRACON& Tower with Radar,97,26,68,2,193,0,2,23,2,27,97,28,91,4,220,0,1,1,221
07/01/2022,DSM,IA,ACE,CE,Combined TRACON& Tower with Radar,89,19,42,0,150,1,0,41,0,42,90,19,83,0,192,58,0,58,250
07/02/2022,DSM,IA,ACE,CE,Combined TRACON& Tower with Radar,83,18,17,0,118,0,1,36,0,37,83,19,53,0,155,52,0,52,207
07/03/2022,DSM,IA,ACE,CE,Combined TRACON& Tower with Radar,81,9,17,0,107,0,1,16,0,17,81,10,33,0,124,94,0,94,218
07/04/2022,DSM,IA,ACE,CE,Combined TRACON& Tower with Radar,72,9,11,0,92,0,2,7,0,9,72,11,18,0,101,0,0,0,101
07/05/2022,DSM,IA,ACE,CE,Combined TRACON& Tower with Radar,84,13,46,4,147,0,1,32,0,33,84,14,78,4,180,48,0,48,228
07/06/2022,DSM,IA,ACE,CE,Combined TRACON& Tower with Radar,82,21,62,4,169,0,2,7,0,9,82,23,69,4,178,94,0,94,272
07/07/2022,DSM,IA,ACE,CE,Combined TRACON& Tower with Radar,89,30,42,0,161,1,0,9,0,10,90,30,51,0,171,46,0,46,217
07/08/2022,DSM,IA,ACE,CE,Combined TRACON& Tower with Radar,85,20,46,4,155,0,0,15,0,15,85,20,61,4,170,39,0,39,209
07/09/2022,DSM,IA,ACE,CE,Combined TRACON& Tower with Radar,83,21,29,0,133,0,1,57,0,58,83,22,86,0,191,80,0,80,271
07/10/2022,DSM,IA,ACE,CE,Combined TRACON& Tower with Radar,90,12,29,1,132,0,0,32,0,32,90,12,61,1,164,28,0,28,192
07/11/2022,DSM,IA,ACE,CE,Combined TRACON& Tower with Radar,80,18,43,2,143,0,0,32,2,34,80,18,75,4,177,82,0,82,259
07/12/2022,DSM,IA,ACE,CE,Combined TRACON& Tower with Radar,78,21,58,1,158,0,2,37,0,39,78,23,95,1,197,148,4,152,349
07/13/2022,DSM,IA,ACE,CE,Combined TRACON& Tower with Radar,78,25,61,5,169,1,0,38,4,43,79,25,99,9,212,159,2,161,373
07/14/2022,DSM,IA,ACE,CE,Combined TRACON& Tower with Radar,83,28,57,13,181,2,1,40,1,44,85,29,97,14,225,54,0,54,279
07/15/2022,DSM,IA,ACE,CE,Combined TRACON& Tower with Radar,90,18,58,8,174,0,4,15,5,24,90,22,73,13,198,44,8,52,250
07/16/2022,DSM,IA,ACE,CE,Combined TRACON& Tower with Radar,79,22,25,0,126,0,0,8,0,8,79,22,33,0,134,38,0,38,172
07/17/2022,DSM,IA,ACE,CE,Combined TRACON& Tower with Radar,89,17,23,3,132,0,3,24,0,27,89,20,47,3,159,142,0,142,301
07/18/2022,DSM,IA,ACE,CE,Combined TRACON& Tower with Radar,78,28,44,14,164,0,0,46,0,46,78,28,90,14,210,84,16,100,310
07/19/2022,DSM,IA,ACE,CE,Combined TRACON& Tower with Radar,77,25,42,1,145,0,2,14,1,17,77,27,56,2,162,20,2,22,184
07/20/2022,DSM,IA,ACE,CE,Combined TRACON& Tower with Radar,82,26,58,0,166,0,2,33,0,35,82,28,91,0,201,0,0,0,201
07/21/2022,DSM,IA,ACE,CE,Combined TRACON& Tower with Radar,93,25,57,0,175,0,3,34,0,37,93,28,91,0,212,64,0,64,276
07/22/2022,DSM,IA,ACE,CE,Combined TRACON& Tower with Radar,88,28,48,0,164,0,2,21,0,23,88,30,69,0,187,26,0,26,213
07/23/2022,DSM,IA,ACE,CE,Combined TRACON& Tower with Radar,75,16,16,0,107,0,0,25,0,25,75,16,41,0,132,0,0,0,132
07/24/2022,DSM,IA,ACE,CE,Combined TRACON& Tower with Radar,88,16,39,0,143,1,4,36,0,41,89,20,75,0,184,30,0,30,214
07/25/2022,DSM,IA,ACE,CE,Combined TRACON& Tower with Radar,82,20,40,7,149,0,0,29,2,31,82,20,69,9,180,36,0,36,216
07/26/2022,DSM,IA,ACE,CE,Combined TRACON& Tower with Radar,72,23,54,2,151,0,3,17,0,20,72,26,71,2,171,72,0,72,243
07/27/2022,DSM,IA,ACE,CE,Combined TRACON& Tower with Radar,84,19,44,5,152,0,0,30,1,31,84,19,74,6,183,40,0,40,223
07/28/2022,DSM,IA,ACE,CE,Combined TRACON& Tower with Radar,93,32,51,9,185,0,0,39,1,40,93,32,90,10,225,90,0,90,315
07/29/2022,DSM,IA,ACE,CE,Combined TRACON& Tower with Radar,86,17,46,2,151,0,0,51,0,51,86,17,97,2,202,8,0,8,210
07/30/2022,DSM,IA,ACE,CE,Combined TRACON& Tower with Radar,77,19,22,0,118,0,0,55,0,55,77,19,77,0,173,70,0,70,243
07/31/2022,DSM,IA,ACE,CE,Combined TRACON& Tower with Radar,92,27,43,1,163,0,3,37,0,40,92,30,80,1,203,54,0,54,257
08/01/2022,DSM,IA,ACE,CE,Combined TRACON& Tower with Radar,77,15,46,2,140,0,2,40,1,43,77,17,86,3,183,100,0,100,283
08/02/2022,DSM,IA,ACE,CE,Combined TRACON& Tower with Radar,73,19,30,1,123,0,4,28,4,36,73,23,58,5,159,42,0,42,201
08/03/2022,DSM,IA,ACE,CE,Combined TRACON& Tower with Radar,83,17,49,3,152,0,3,21,6,30,83,20,70,9,182,16,0,16,198
08/04/2022,DSM,IA,ACE,CE,Combined TRACON& Tower with Radar,97,16,38,5,156,0,0,45,7,52,97,16,83,12,208,166,17,183,391
08/05/2022,DSM,IA,ACE,CE,Combined TRACON& Tower with Radar,77,13,42,1,133,0,0,36,2,38,77,13,78,3,171,26,0,26,197
08/06/2022,DSM,IA,ACE,CE,Combined TRACON& Tower with Radar,85,12,29,4,130,0,2,18,1,21,85,14,47,5,151,44,0,44,195
08/07/2022,DSM,IA,ACE,CE,Combined TRACON& Tower with Radar,86,10,39,2,137,0,2,16,1,19,86,12,55,3,156,52,0,52,208
08/08/2022,DSM,IA,ACE,CE,Combined TRACON& Tower with Radar,82,12,58,9,161,0,0,9,1,10,82,12,67,10,171,4,0,4,175
08/09/2022,DSM,IA,ACE,CE,Combined TRACON& Tower with Radar,75,14,54,8,151,0,0,33,0,33,75,14,87,8,184,44,0,44,228
08/10/2022,DSM,IA,ACE,CE,Combined TRACON& Tower with Radar,75,25,43,9,152,0,4,43,2,49,75,29,86,11,201,98,0,98,299
08/11/2022,DSM,IA,ACE,CE,Combined TRACON& Tower with Radar,93,13,62,3,171,0,0,25,1,26,93,13,87,4,197,78,4,82,279
08/12/2022,DSM,IA,ACE,CE,Combined TRACON& Tower with Radar,83,28,55,2,168,0,3,26,0,29,83,31,81,2,197,26,0,26,223
08/13/2022,DSM,IA,ACE,CE,Combined TRACON& Tower with Radar,86,22,15,3,126,2,0,37,0,39,88,22,52,3,165,22,0,22,187
08/14/2022,DSM,IA,ACE,CE,Combined TRACON& Tower with Radar,91,18,38,2,149,0,0,21,0,21,91,18,59,2,170,52,0,52,222
08/15/2022,DSM,IA,ACE,CE,Combined TRACON& Tower with Radar,77,33,49,7,166,0,0,8,0,8,77,33,57,7,174,16,0,16,190
08/16/2022,DSM,IA,ACE,CE,Combined TRACON& Tower with Radar,75,22,54,13,164,0,2,31,1,34,75,24,85,14,198,45,12,57,255
08/17/2022,DSM,IA,ACE,CE,Combined TRACON& Tower with Radar,67,19,43,2,131,0,1,43,2,46,67,20,86,4,177,96,0,96,273
08/18/2022,DSM,IA,ACE,CE,Combined TRACON& Tower with Radar,89,29,59,7,184,3,0,56,4,63,92,29,115,11,247,66,9,75,322
08/19/2022,DSM,IA,ACE,CE,Combined TRACON& Tower with Radar,89,13,45,5,152,1,4,15,0,20,90,17,60,5,172,2,2,4,176
08/20/2022,DSM,IA,ACE,CE,Combined TRACON& Tower with Radar,65,11,26,3,105,2,0,9,0,11,67,11,35,3,116,52,0,52,168
08/21/2022,DSM,IA,ACE,CE,Combined TRACON& Tower with Radar,81,26,51,1,159,3,0,17,0,20,84,26,68,1,179,24,0,24,203
08/22/2022,DSM,IA,ACE,CE,Combined TRACON& Tower with Radar,72,23,55,4,154,0,2,41,0,43,72,25,96,4,197,59,0,59,256
08/23/2022,DSM,IA,ACE,CE,Combined TRACON& Tower with Radar,76,15,55,14,160,0,2,40,0,42,76,17,95,14,202,26,12,38,240
08/24/2022,DSM,IA,ACE,CE,Combined TRACON& Tower with Radar,70,20,50,2,142,0,1,25,1,27,70,21,75,3,169,6,0,6,175
08/25/2022,DSM,IA,ACE,CE,Combined TRACON& Tower with Radar,94,30,56,4,184,0,2,24,4,30,94,32,80,8,214,76,14,90,304
08/26/2022,DSM,IA,ACE,CE,Combined TRACON& Tower with Radar,87,27,58,3,175,0,0,48,1,49,87,27,106,4,224,55,10,65,289
08/27/2022,DSM,IA,ACE,CE,Combined TRACON& Tower with Radar,69,17,20,0,106,0,1,41,0,42,69,18,61,0,148,20,0,20,168
08/28/2022,DSM,IA,ACE,CE,Combined TRACON& Tower with Radar,93,19,31,0,143,0,0,10,0,10,93,19,41,0,153,0,0,0,153
08/29/2022,DSM,IA,ACE,CE,Combined TRACON& Tower with Radar,80,17,19,5,121,0,3,24,1,28,80,20,43,6,149,66,0,66,215
08/30/2022,DSM,IA,ACE,CE,Combined TRACON& Tower with Radar,71,20,59,23,173,0,0,46,1,47,71,20,105,24,220,80,20,100,320
08/31/2022,DSM,IA,ACE,CE,Combined TRACON& Tower with Radar,70,52,52,5,179,0,2,43,1,46,70,54,95,6,225,30,0,30,255
09/01/2022,DSM,IA,ACE,CE,Combined TRACON& Tower with Radar,89,13,48,2,152,1,1,35,2,39,90,14,83,4,191,26,0,26,217
09/02/2022,DSM,IA,ACE,CE,Combined TRACON& Tower with Radar,85,24,31,5,145,1,0,39,1,41,86,24,70,6,186,48,8,56,242
09/03/2022,DSM,IA,ACE,CE,Combined TRACON& Tower with Radar,60,10,17,0,87,0,3,22,0,25,60,13,39,0,112,46,0,46,158
09/04/2022,DSM,IA,ACE,CE,Combined TRACON& Tower with Radar,83,16,19,0,118,0,0,13,0,13,83,16,32,0,131,0,0,0,131
09/05/2022,DSM,IA,ACE,CE,Combined TRACON& Tower with Radar,78,26,35,0,139,4,1,14,0,19,82,27,49,0,158,84,0,84,242
09/06/2022,DSM,IA,ACE,CE,Combined TRACON& Tower with Radar,74,20,51,8,153,0,0,33,6,39,74,20,84,14,192,38,0,38,230
09/07/2022,DSM,IA,ACE,CE,Combined TRACON& Tower with Radar,71,12,36,4,123,0,4,42,2,48,71,16,78,6,171,74,0,74,245
09/08/2022,DSM,IA,ACE,CE,Combined TRACON& Tower with Radar,91,11,44,7,153,1,0,48,3,52,92,11,92,10,205,56,0,56,261
09/09/2022,DSM,IA,ACE,CE,Combined TRACON& Tower with Radar,84,19,66,6,175,0,2,33,0,35,84,21,99,6,210,20,4,24,234
09/10/2022,DSM,IA,ACE,CE,Combined TRACON& Tower with Radar,64,17,19,2,102,0,1,0,0,1,64,18,19,2,103,0,0,0,103
09/11/2022,DSM,IA,ACE,CE,Combined TRACON& Tower with Radar,91,15,36,0,142,0,6,23,5,34,91,21,59,5,176,84,6,90,266
09/12/2022,DSM,IA,ACE,CE,Combined TRACON& Tower with Radar,79,23,43,2,147,0,1,47,0,48,79,24,90,2,195,60,0,60,255
09/13/2022,DSM,IA,ACE,CE,Combined TRACON& Tower with Radar,77,19,41,5,142,0,0,45,7,52,77,19,86,12,194,104,14,118,312
09/14/2022,DSM,IA,ACE,CE,Combined TRACON& Tower with Radar,74,17,56,12,159,0,1,33,16,50,74,18,89,28,209,10,8,18,227
09/15/2022,DSM,IA,ACE,CE,Combined TRACON& Tower with Radar,94,23,64,2,183,2,2,32,12,48,96,25,96,14,231,84,0,84,315
09/16/2022,DSM,IA,ACE,CE,Combined TRACON& Tower with Radar,89,18,66,0,173,0,3,24,2,29,89,21,90,2,202,0,0,0,202
09/17/2022,DSM,IA,ACE,CE,Combined TRACON& Tower with Radar,61,11,15,0,87,0,0,0,0,0,61,11,15,0,87,0,0,0,87
09/18/2022,DSM,IA,ACE,CE,Combined TRACON& Tower with Radar,94,15,40,0,149,0,0,24,2,26,94,15,64,2,175,87,0,87,262
09/19/2022,DSM,IA,ACE,CE,Combined TRACON& Tower with Radar,80,18,49,7,154,0,1,37,3,41,80,19,86,10,195,82,2,84,279
09/20/2022,DSM,IA,ACE,CE,Combined TRACON& Tower with Radar,78,17,42,4,141,0,0,13,4,17,78,17,55,8,158,22,0,22,180
09/21/2022,DSM,IA,ACE,CE,Combined TRACON& Tower with Radar,77,15,57,7,156,0,0,14,2,16,77,15,71,9,172,46,0,46,218
09/22/2022,DSM,IA,ACE,CE,Combined TRACON& Tower with Radar,95,14,53,5,167,0,3,45,3,51,95,17,98,8,218,48,14,62,280
09/23/2022,DSM,IA,ACE,CE,Combined TRACON& Tower with Radar,90,16,45,2,153,0,0,7,0,7,90,16,52,2,160,4,0,4,164
09/24/2022,DSM,IA,ACE,CE,Combined TRACON& Tower with Radar,68,14,15,0,97,0,0,29,0,29,68,14,44,0,126,24,0,24,150
09/25/2022,DSM,IA,ACE,CE,Combined TRACON& Tower with Radar,92,19,23,0,134,2,0,24,0,26,94,19,47,0,160,20,0,20,180
09/26/2022,DSM,IA,ACE,CE,Combined TRACON& Tower with Radar,81,11,47,6,145,0,2,33,3,38,81,13,80,9,183,62,4,66,249
09/27/2022,DSM,IA,ACE,CE,Combined TRACON& Tower with Radar,74,18,65,0,157,0,0,55,2,57,74,18,120,2,214,64,0,64,278
09/28/2022,DSM,IA,ACE,CE,Combined TRACON& Tower with Radar,71,8,53,0,132,0,1,59,0,60,71,9,112,0,192,86,0,86,278
09/29/2022,DSM,IA,ACE,CE,Combined TRACON& Tower with Radar,91,15,46,2,154,2,0,57,2,61,93,15,103,4,215,100,0,100,315
09/30/2022,DSM,IA,ACE,CE,Combined TRACON& Tower with Radar,82,16,34,5,137,0,0,39,0,39,82,16,73,5,176,48,0,48,224
10/01/2022,DSM,IA,ACE,CE,Combined TRACON& Tower with Radar,65,17,21,3,106,0,0,35,0,35,65,17,56,3,141,90,0,90,231
10/02/2022,DSM,IA,ACE,CE,Combined TRACON& Tower with Radar,92,13,21,2,128,1,0,41,0,42,93,13,62,2,170,40,1,41,211
10/03/2022,DSM,IA,ACE,CE,Combined TRACON& Tower with Radar,81,11,42,3,137,0,6,44,0,50,81,17,86,3,187,58,0,58,245
10/04/2022,DSM,IA,ACE,CE,Combined TRACON& Tower with Radar,77,10,49,8,144,0,0,41,0,41,77,10,90,8,185,95,0,95,280
10/05/2022,DSM,IA,ACE,CE,Combined TRACON& Tower with Radar,70,17,64,3,154,0,2,31,2,35,70,19,95,5,189,120,0,120,309
10/06/2022,DSM,IA,ACE,CE,Combined TRACON& Tower with Radar,100,19,72,7,198,0,5,29,1,35,100,24,101,8,233,40,2,42,275
10/07/2022,DSM,IA,ACE,CE,Combined TRACON& Tower with Radar,91,10,49,0,150,0,1,37,1,39,91,11,86,1,189,64,0,64,253
10/08/2022,DSM,IA,ACE,CE,Combined TRACON& Tower with Radar,76,11,17,0,104,0,0,26,0,26,76,11,43,0,130,26,0,26,156
10/09/2022,DSM,IA,ACE,CE,Combined TRACON& Tower with Radar,100,23,18,4,145,0,3,48,0,51,100,26,66,4,196,56,0,56,252
10/10/2022,DSM,IA,ACE,CE,Combined TRACON& Tower with Radar,84,14,43,0,141,0,4,56,0,60,84,18,99,0,201,68,0,68,269
10/11/2022,DSM,IA,ACE,CE,Combined TRACON& Tower with Radar,82,12,49,4,147,0,0,15,0,15,82,12,64,4,162,2,0,2,164
10/12/2022,DSM,IA,ACE,CE,Combined TRACON& Tower with Radar,77,21,54,22,174,0,5,25,6,36,77,26,79,28,210,30,44,74,284
10/13/2022,DSM,IA,ACE,CE,Combined TRACON& Tower with Radar,102,22,50,2,176,0,0,10,2,12,102,22,60,4,188,0,0,0,188
10/14/2022,DSM,IA,ACE,CE,Combined TRACON& Tower with Radar,94,20,37,3,154,0,1,31,0,32,94,21,68,3,186,40,0,40,226
10/15/2022,DSM,IA,ACE,CE,Combined TRACON& Tower with Radar,67,17,29,0,113,0,2,31,0,33,67,19,60,0,146,30,0,30,176
10/16/2022,DSM,IA,ACE,CE,Combined TRACON& Tower with Radar,99,15,33,0,147,0,2,27,0,29,99,17,60,0,176,48,0,48,224
10/17/2022,DSM,IA,ACE,CE,Combined TRACON& Tower with Radar,84,18,48,4,154,0,0,32,0,32,84,18,80,4,186,28,0,28,214
10/18/2022,DSM,IA,ACE,CE,Combined TRACON& Tower with Radar,80,14,33,9,136,0,2,26,0,28,80,16,59,9,164,54,0,54,218
10/19/2022,DSM,IA,ACE,CE,Combined TRACON& Tower with Radar,78,18,45,2,143,0,4,46,2,52,78,22,91,4,195,54,0,54,249
10/20/2022,DSM,IA,ACE,CE,Combined TRACON& Tower with Radar,100,19,60,2,181,0,3,33,2,38,100,22,93,4,219,54,0,54,273
10/21/2022,DSM,IA,ACE,CE,Combined TRACON& Tower with Radar,91,14,51,1,157,0,2,67,1,70,91,16,118,2,227,36,0,36,263
10/22/2022,DSM,IA,ACE,CE,Combined TRACON& Tower with Radar,73,11,21,2,107,0,0,35,1,36,73,11,56,3,143,30,0,30,173
10/23/2022,DSM,IA,ACE,CE,Combined TRACON& Tower with Radar,96,17,27,3,143,0,0,14,0,14,96,17,41,3,157,0,0,0,157
10/24/2022,DSM,IA,ACE,CE,Combined TRACON& Tower with Radar,84,14,32,2,132,0,0,4,0,4,84,14,36,2,136,30,0,30,166
10/25/2022,DSM,IA,ACE,CE,Combined TRACON& Tower with Radar,79,15,58,12,164,0,0,31,0,31,79,15,89,12,195,56,0,56,251
10/26/2022,DSM,IA,ACE,CE,Combined TRACON& Tower with Radar,77,17,47,4,145,0,1,41,2,44,77,18,88,6,189,124,0,124,313
10/27/2022,DSM,IA,ACE,CE,Combined TRACON& Tower with Radar,100,27,48,12,187,0,0,41,0,41,100,27,89,12,228,40,10,50,278
10/28/2022,DSM,IA,ACE,CE,Combined TRACON& Tower with Radar,89,22,57,11,179,0,0,45,1,46,89,22,102,12,225,54,14,68,293
10/29/2022,DSM,IA,ACE,CE,Combined TRACON& Tower with Radar,67,13,22,0,102,1,1,41,1,44,68,14,63,1,146,46,0,46,192
10/30/2022,DSM,IA,ACE,CE,Combined TRACON& Tower with Radar,92,18,17,0,127,0,1,26,0,27,92,19,43,0,154,75,0,75,229
10/31/2022,DSM,IA,ACE,CE,Combined TRACON& Tower with Radar,73,7,39,1,120,0,2,41,0,43,73,9,80,1,163,154,2,156,319
11/01/2022,DSM,IA,ACE,CE,Combined TRACON& Tower with Radar,82,15,31,3,131,0,3,44,0,47,82,18,75,3,178,84,0,84,262
11/02/2022,DSM,IA,ACE,CE,Combined TRACON& Tower with Radar,77,13,54,2,146,0,3,26,4,33,77,16,80,6,179,75,4,79,258
11/03/2022,DSM,IA,ACE,CE,Combined TRACON& Tower with Radar,95,7,57,2,161,4,0,5,2,11,99,7,62,4,172,2,0,2,174
11/04/2022,DSM,IA,ACE,CE,Combined TRACON& Tower with Radar,87,6,39,0,132,0,0,2,0,2,87,6,41,0,134,0,0,0,134
11/05/2022,DSM,IA,ACE,CE,Combined TRACON& Tower with Radar,63,8,26,4,101,0,2,6,3,11,63,10,32,7,112,36,0,36,148
11/06/2022,DSM,IA,ACE,CE,Combined TRACON& Tower with Radar,92,15,39,0,146,0,4,38,0,42,92,19,77,0,188,62,0,62,250
11/07/2022,DSM,IA,ACE,CE,Combined TRACON& Tower with Radar,78,12,39,0,129,0,4,51,0,55,78,16,90,0,184,100,0,100,284
11/08/2022,DSM,IA,ACE,CE,Combined TRACON& Tower with Radar,75,13,45,3,136,0,0,23,1,24,75,13,68,4,160,38,0,38,198
11/09/2022,DSM,IA,ACE,CE,Combined TRACON& Tower with Radar,73,4,58,3,138,0,2,5,1,8,73,6,63,4,146,4,0,4,150
11/10/2022,DSM,IA,ACE,CE,Combined TRACON& Tower with Radar,97,28,54,0,179,0,0,8,0,8,97,28,62,0,187,14,0,14,201
11/11/2022,DSM,IA,ACE,CE,Combined TRACON& Tower with Radar,86,16,67,0,169,1,1,12,0,14,87,17,79,0,183,124,0,124,307
11/12/2022,DSM,IA,ACE,CE,Combined TRACON& Tower with Radar,62,14,15,0,91,0,0,31,0,31,62,14,46,0,122,50,0,50,172
11/13/2022,DSM,IA,ACE,CE,Combined TRACON& Tower with Radar,94,13,39,0,146,0,0,25,0,25,94,13,64,0,171,120,0,120,291
11/14/2022,DSM,IA,ACE,CE,Combined TRACON& Tower with Radar,84,9,61,6,160,0,1,42,0,43,84,10,103,6,203,130,2,132,335
11/15/2022,DSM,IA,ACE,CE,Combined TRACON& Tower with Radar,72,16,32,0,120,0,1,0,0,1,72,17,32,0,121,14,0,14,135
11/16/2022,DSM,IA,ACE,CE,Combined TRACON& Tower with Radar,76,23,55,0,154,0,1,0,0,1,76,24,55,0,155,32,2,34,189
11/17/2022,DSM,IA,ACE,CE,Combined TRACON& Tower with Radar,95,21,63,3,182,0,1,23,3,27,95,22,86,6,209,26,0,26,235
11/18/2022,DSM,IA,ACE,CE,Combined TRACON& Tower with Radar,96,14,42,20,172,0,0,39,0,39,96,14,81,20,211,36,14,50,261
11/19/2022,DSM,IA,ACE,CE,Combined TRACON& Tower with Radar,63,17,16,0,96,0,0,43,0,43,63,17,59,0,139,44,0,44,183
11/20/2022,DSM,IA,ACE,CE,Combined TRACON& Tower with Radar,100,16,33,2,151,0,2,24,0,26,100,18,57,2,177,20,0,20,197
11/21/2022,DSM,IA,ACE,CE,Combined TRACON& Tower with Radar,78,11,41,2,132,0,2,58,0,60,78,13,99,2,192,72,0,72,264
11/22/2022,DSM,IA,ACE,CE,Combined TRACON& Tower with Radar,94,6,53,8,161,0,2,70,4,76,94,8,123,12,237,152,9,161,398
11/23/2022,DSM,IA,ACE,CE,Combined TRACON& Tower with Radar,86,12,36,0,134,0,2,59,0,61,86,14,95,0,195,128,0,128,323
11/24/2022,DSM,IA,ACE,CE,Combined TRACON& Tower with Radar,46,5,5,0,56,0,2,10,0,12,46,7,15,0,68,36,0,36,104
11/25/2022,DSM,IA,ACE,CE,Combined TRACON& Tower with Radar,79,4,22,0,105,0,3,47,0,50,79,7,69,0,155,44,0,44,199
11/26/2022,DSM,IA,ACE,CE,Combined TRACON& Tower with Radar,86,16,24,0,126,0,1,29,0,30,86,17,53,0,156,62,0,62,218
11/27/2022,DSM,IA,ACE,CE,Combined TRACON& Tower with Radar,94,11,40,0,145,0,4,28,0,32,94,15,68,0,177,36,0,36,213
11/28/2022,DSM,IA,ACE,CE,Combined TRACON& Tower with Radar,87,18,33,2,140,0,5,48,1,54,87,23,81,3,194,154,1,155,349
11/29/2022,DSM,IA,ACE,CE,Combined TRACON& Tower with Radar,81,15,41,0,137,0,0,5,0,5,81,15,46,0,142,16,0,16,158
11/30/2022,DSM,IA,ACE,CE,Combined TRACON& Tower with Radar,84,25,50,16,175,0,2,33,8,43,84,27,83,24,218,11,18,29,247
12/01/2022,DSM,IA,ACE,CE,Combined TRACON& Tower with Radar,100,12,57,2,171,0,1,39,7,47,100,13,96,9,218,77,2,79,297
12/02/2022,DSM,IA,ACE,CE,Combined TRACON& Tower with Radar,91,9,46,8,154,0,0,17,0,17,91,9,63,8,171,126,4,130,301
12/03/2022,DSM,IA,ACE,CE,Combined TRACON& Tower with Radar,72,6,31,11,120,0,3,47,1,51,72,9,78,12,171,46,6,52,223
12/04/2022,DSM,IA,ACE,CE,Combined TRACON& Tower with Radar,99,10,35,0,144,0,0,55,0,55,99,10,90,0,199,106,0,106,305
12/05/2022,DSM,IA,ACE,CE,Combined TRACON& Tower with Radar,84,11,46,6,147,0,1,39,2,42,84,12,85,8,189,142,8,150,339
12/06/2022,DSM,IA,ACE,CE,Combined TRACON& Tower with Radar,81,19,51,10,161,0,1,43,0,44,81,20,94,10,205,128,12,140,345
12/07/2022,DSM,IA,ACE,CE,Combined TRACON& Tower with Radar,85,25,45,12,167,0,2,56,0,58,85,27,101,12,225,107,0,107,332
12/08/2022,DSM,IA,ACE,CE,Combined TRACON& Tower with Radar,104,15,45,0,164,0,0,0,0,0,104,15,45,0,164,0,0,0,164
12/09/2022,DSM,IA,ACE,CE,Combined TRACON& Tower with Radar,87,4,32,3,126,0,0,1,0,1,87,4,33,3,127,2,0,2,129
12/10/2022,DSM,IA,ACE,CE,Combined TRACON& Tower with Radar,70,10,12,0,92,0,0,0,0,0,70,10,12,0,92,0,0,0,92
12/11/2022,DSM,IA,ACE,CE,Combined TRACON& Tower with Radar,96,7,33,0,136,0,0,0,0,0,96,7,33,0,136,0,0,0,136
12/12/2022,DSM,IA,ACE,CE,Combined TRACON& Tower with Radar,83,11,48,0,142,0,0,0,0,0,83,11,48,0,142,0,0,0,142
12/13/2022,DSM,IA,ACE,CE,Combined TRACON& Tower with Radar,80,5,34,0,119,0,0,0,0,0,80,5,34,0,119,0,0,0,119
12/14/2022,DSM,IA,ACE,CE,Combined TRACON& Tower with Radar,82,10,46,2,140,0,3,62,2,67,82,13,108,4,207,114,0,114,321
12/15/2022,DSM,IA,ACE,CE,Combined TRACON& Tower with Radar,88,26,37,0,151,0,1,1,0,2,88,27,38,0,153,0,0,0,153
12/16/2022,DSM,IA,ACE,CE,Combined TRACON& Tower with Radar,91,16,38,0,145,0,0,0,0,0,91,16,38,0,145,0,0,0,145
12/17/2022,DSM,IA,ACE,CE,Combined TRACON& Tower with Radar,73,14,16,0,103,0,0,18,0,18,73,14,34,0,121,50,0,50,171
12/18/2022,DSM,IA,ACE,CE,Combined TRACON& Tower with Radar,87,9,19,0,115,2,2,44,2,50,89,11,63,2,165,116,0,116,281
12/19/2022,DSM,IA,ACE,CE,Combined TRACON& Tower with Radar,82,15,22,0,119,2,0,20,2,24,84,15,42,2,143,124,0,124,267
12/20/2022,DSM,IA,ACE,CE,Combined TRACON& Tower with Radar,87,24,53,2,166,1,3,44,0,48,88,27,97,2,214,88,14,102,316
12/21/2022,DSM,IA,ACE,CE,Combined TRACON& Tower with Radar,81,20,29,0,130,0,0,0,0,0,81,20,29,0,130,0,0,0,130
12/22/2022,DSM,IA,ACE,CE,Combined TRACON& Tower with Radar,69,7,12,0,88,0,0,0,0,0,69,7,12,0,88,0,0,0,88
12/23/2022,DSM,IA,ACE,CE,Combined TRACON& Tower with Radar,47,7,18,0,72,0,0,0,0,0,47,7,18,0,72,0,0,0,72
12/24/2022,DSM,IA,ACE,CE,Combined TRACON& Tower with Radar,53,15,9,0,77,0,0,7,0,7,53,15,16,0,84,2,0,2,86
12/25/2022,DSM,IA,ACE,CE,Combined TRACON& Tower with Radar,54,9,3,0,66,0,2,4,0,6,54,11,7,0,72,32,0,32,104
12/26/2022,DSM,IA,ACE,CE,Combined TRACON& Tower with Radar,73,11,31,0,115,0,0,15,0,15,73,11,46,0,130,24,0,24,154
12/27/2022,DSM,IA,ACE,CE,Combined TRACON& Tower with Radar,83,20,36,3,142,0,1,39,3,43,83,21,75,6,185,34,2,36,221
12/28/2022,DSM,IA,ACE,CE,Combined TRACON& Tower with Radar,80,13,30,0,123,0,1,38,2,41,80,14,68,2,164,23,0,23,187
12/29/2022,DSM,IA,ACE,CE,Combined TRACON& Tower with Radar,90,16,15,3,124,1,4,50,0,55,91,20,65,3,179,126,0,126,305
12/30/2022,DSM,IA,ACE,CE,Combined TRACON& Tower with Radar,82,19,15,1,117,0,0,41,0,41,82,19,56,1,158,256,0,256,414
12/31/2022,DSM,IA,ACE,CE,Combined TRACON& Tower with Radar,71,12,11,1,95,0,0,24,0,24,71,12,35,1,119,102,0,102,221
01/01/2023,DSM,IA,ACE,CE,Combined TRACON& Tower with Radar,66,13,13,0,92,0,0,21,0,21,66,13,34,0,113,90,0,90,203
01/02/2023,DSM,IA,ACE,CE,Combined TRACON& Tower with Radar,80,12,17,0,109,0,0,13,0,13,80,12,30,0,122,52,0,52,174
01/03/2023,DSM,IA,ACE,CE,Combined TRACON& Tower with Radar,105,12,19,0,136,0,0,4,0,4,105,12,23,0,140,0,0,0,140
01/04/2023,DSM,IA,ACE,CE,Combined TRACON& Tower with Radar,78,9,18,0,105,0,2,1,0,3,78,11,19,0,108,18,0,18,126
01/05/2023,DSM,IA,ACE,CE,Combined TRACON& Tower with Radar,88,15,25,7,135,0,1,2,1,4,88,16,27,8,139,78,18,96,235
01/06/2023,DSM,IA,ACE,CE,Combined TRACON& Tower with Radar,81,17,47,3,148,0,1,56,2,59,81,18,103,5,207,182,8,190,397
01/07/2023,DSM,IA,ACE,CE,Combined TRACON& Tower with Radar,63,10,32,0,105,0,1,49,0,50,63,11,81,0,155,174,0,174,329
01/08/2023,DSM,IA,ACE,CE,Combined TRACON& Tower with Radar,86,12,16,1,115,0,2,19,0,21,86,14,35,1,136,82,0,82,218
01/09/2023,DSM,IA,ACE,CE,Combined TRACON& Tower with Radar,81,8,36,1,126,0,1,37,0,38,81,9,73,1,164,106,0,106,270
01/10/2023,DSM,IA,ACE,CE,Combined TRACON& Tower with Radar,76,10,57,7,150,0,4,55,1,60,76,14,112,8,210,194,0,194,404
01/11/2023,DSM,IA,ACE,CE,Combined TRACON& Tower with Radar,75,20,37,2,134,0,0,23,0,23,75,20,60,2,157,104,0,104,261
01/12/2023,DSM,IA,ACE,CE,Combined TRACON& Tower with Radar,92,15,50,0,157,0,1,5,6,12,92,16,55,6,169,62,0,62,231
01/13/2023,DSM,IA,ACE,CE,Combined TRACON& Tower with Radar,86,13,45,13,157,0,2,35,0,37,86,15,80,13,194,134,10,144,338
01/14/2023,DSM,IA,ACE,CE,Combined TRACON& Tower with Radar,54,11,36,1,102,0,0,40,0,40,54,11,76,1,142,94,0,94,236
01/15/2023,DSM,IA,ACE,CE,Combined TRACON& Tower with Radar,87,5,34,0,126,0,2,36,0,38,87,7,70,0,164,150,0,150,314
01/16/2023,DSM,IA,ACE,CE,Combined TRACON& Tower with Radar,77,16,40,0,133,0,0,19,0,19,77,16,59,0,152,56,0,56,208
01/17/2023,DSM,IA,ACE,CE,Combined TRACON& Tower with Radar,77,16,37,4,134,0,0,1,0,1,77,16,38,4,135,94,0,94,229
01/18/2023,DSM,IA,ACE,CE,Combined TRACON& Tower with Radar,76,27,33,0,136,0,0,0,0,0,76,27,33,0,136,0,0,0,136
01/19/2023,DSM,IA,ACE,CE,Combined TRACON& Tower with Radar,90,10,23,10,133,0,0,2,0,2,90,10,25,10,135,18,0,18,153
01/20/2023,DSM,IA,ACE,CE,Combined TRACON& Tower with Radar,83,12,17,6,118,0,0,0,0,0,83,12,17,6,118,18,0,18,136
01/21/2023,DSM,IA,ACE,CE,Combined TRACON& Tower with Radar,63,11,14,0,88,0,0,0,0,0,63,11,14,0,88,0,0,0,88
01/22/2023,DSM,IA,ACE,CE,Combined TRACON& Tower with Radar,88,16,14,0,118,0,0,0,0,0,88,16,14,0,118,0,0,0,118
01/23/2023,DSM,IA,ACE,CE,Combined TRACON& Tower with Radar,78,12,52,4,146,0,0,23,2,25,78,12,75,6,171,60,10,70,241
01/24/2023,DSM,IA,ACE,CE,Combined TRACON& Tower with Radar,76,17,51,4,148,0,0,21,0,21,76,17,72,4,169,112,0,112,281
01/25/2023,DSM,IA,ACE,CE,Combined TRACON& Tower with Radar,72,14,54,2,142,0,0,6,2,8,72,14,60,4,150,74,0,74,224
01/26/2023,DSM,IA,ACE,CE,Combined TRACON& Tower with Radar,94,14,68,4,180,0,5,74,2,81,94,19,142,6,261,160,0,160,421
01/27/2023,DSM,IA,ACE,CE,Combined TRACON& Tower with Radar,85,9,41,2,137,1,1,24,0,26,86,10,65,2,163,63,0,63,226
01/28/2023,DSM,IA,ACE,CE,Combined TRACON& Tower with Radar,59,17,8,0,84,0,1,2,0,3,59,18,10,0,87,40,0,40,127
01/29/2023,DSM,IA,ACE,CE,Combined TRACON& Tower with Radar,88,16,24,0,128,0,0,40,0,40,88,16,64,0,168,94,0,94,262
01/30/2023,DSM,IA,ACE,CE,Combined TRACON& Tower with Radar,76,21,37,1,135,0,0,41,0,41,76,21,78,1,176,208,0,208,384
01/31/2023,DSM,IA,ACE,CE,Combined TRACON& Tower with Radar,66,5,40,0,111,0,4,59,0,63,66,9,99,0,174,178,0,178,352
02/01/2023,DSM,IA,ACE,CE,Combined TRACON& Tower with Radar,64,14,44,2,124,1,3,53,0,57,65,17,97,2,181,92,4,96,277
02/02/2023,DSM,IA,ACE,CE,Combined TRACON& Tower with Radar,89,4,46,2,141,0,0,28,0,28,89,4,74,2,169,120,0,120,289
02/03/2023,DSM,IA,ACE,CE,Combined TRACON& Tower with Radar,85,17,41,2,145,2,1,48,0,51,87,18,89,2,196,98,0,98,294
02/04/2023,DSM,IA,ACE,CE,Combined TRACON& Tower with Radar,70,9,20,0,99,0,0,43,4,47,70,9,63,4,146,124,0,124,270
02/05/2023,DSM,IA,ACE,CE,Combined TRACON& Tower with Radar,91,13,22,1,127,0,1,42,3,46,91,14,64,4,173,88,0,88,261
02/06/2023,DSM,IA,ACE,CE,Combined TRACON& Tower with Radar,83,13,28,2,126,0,0,33,0,33,83,13,61,2,159,52,0,52,211
02/07/2023,DSM,IA,ACE,CE,Combined TRACON& Tower with Radar,72,7,52,4,135,0,7,36,2,45,72,14,88,6,180,152,12,164,344
02/08/2023,DSM,IA,ACE,CE,Combined TRACON& Tower with Radar,69,9,42,2,122,0,4,44,3,51,69,13,86,5,173,133,0,133,306
02/09/2023,DSM,IA,ACE,CE,Combined TRACON& Tower with Radar,93,15,38,2,148,2,1,2,3,8,95,16,40,5,156,24,0,24,180
02/10/2023,DSM,IA,ACE,CE,Combined TRACON& Tower with Radar,88,15,37,2,142,0,1,47,0,48,88,16,84,2,190,124,0,124,314
02/11/2023,DSM,IA,ACE,CE,Combined TRACON& Tower with Radar,68,12,18,0,98,0,0,51,0,51,68,12,69,0,149,84,0,84,233
02/12/2023,DSM,IA,ACE,CE,Combined TRACON& Tower with Radar,88,25,17,0,130,0,2,47,0,49,88,27,64,0,179,20,0,20,199
02/13/2023,DSM,IA,ACE,CE,Combined TRACON& Tower with Radar,80,18,61,2,161,0,3,65,0,68,80,21,126,2,229,128,0,128,357
02/14/2023,DSM,IA,ACE,CE,Combined TRACON& Tower with Radar,73,15,36,0,124,0,0,8,0,8,73,15,44,0,132,58,0,58,190
02/15/2023,DSM,IA,ACE,CE,Combined TRACON& Tower with Radar,73,28,37,0,138,1,4,6,0,11,74,32,43,0,149,94,0,94,243
02/16/2023,DSM,IA,ACE,CE,Combined TRACON& Tower with Radar,89,13,27,0,129,0,0,1,0,1,89,13,28,0,130,0,0,0,130
02/17/2023,DSM,IA,ACE,CE,Combined TRACON& Tower with Radar,95,14,50,2,161,3,5,31,0,39,98,19,81,2,200,133,0,133,333
02/18/2023,DSM,IA,ACE,CE,Combined TRACON& Tower with Radar,67,21,18,0,106,0,1,58,0,59,67,22,76,0,165,218,0,218,383
02/19/2023,DSM,IA,ACE,CE,Combined TRACON& Tower with Radar,85,21,18,0,124,0,0,45,0,45,85,21,63,0,169,116,0,116,285
02/20/2023,DSM,IA,ACE,CE,Combined TRACON& Tower with Radar,85,20,34,0,139,0,0,27,0,27,85,20,61,0,166,154,0,154,320
02/21/2023,DSM,IA,ACE,CE,Combined TRACON& Tower with Radar,77,18,59,2,156,0,0,25,0,25,77,18,84,2,181,154,0,154,335
02/22/2023,DSM,IA,ACE,CE,Combined TRACON& Tower with Radar,67,16,26,0,109,0,0,2,0,2,67,16,28,0,111,12,0,12,123
02/23/2023,DSM,IA,ACE,CE,Combined TRACON& Tower with Radar,90,29,29,2,150,0,0,4,0,4,90,29,33,2,154,62,0,62,216
02/24/2023,DSM,IA,ACE,CE,Combined TRACON& Tower with Radar,90,22,30,0,142,0,0,45,0,45,90,22,75,0,187,86,0,86,273
02/25/2023,DSM,IA,ACE,CE,Combined TRACON& Tower with Radar,73,19,25,2,119,0,0,66,0,66,73,19,91,2,185,141,0,141,326
02/26/2023,DSM,IA,ACE,CE,Combined TRACON& Tower with Radar,88,15,31,0,134,0,0,64,0,64,88,15,95,0,198,116,0,116,314
02/27/2023,DSM,IA,ACE,CE,Combined TRACON& Tower with Radar,90,11,37,2,140,0,0,1,0,1,90,11,38,2,141,10,0,10,151
02/28/2023,DSM,IA,ACE,CE,Combined TRACON& Tower with Radar,80,16,51,2,149,0,1,53,0,54,80,17,104,2,203,134,0,134,337
03/01/2023,DSM,IA,ACE,CE,Combined TRACON& Tower with Radar,74,23,30,12,139,0,0,38,3,41,74,23,68,15,180,76,12,88,268
03/02/2023,DSM,IA,ACE,CE,Combined TRACON& Tower with Radar,89,14,42,4,149,0,0,29,2,31,89,14,71,6,180,72,0,72,252
03/03/2023,DSM,IA,ACE,CE,Combined TRACON& Tower with Radar,85,13,35,12,145,0,0,42,0,42,85,13,77,12,187,120,16,136,323
03/04/2023,DSM,IA,ACE,CE,Combined TRACON& Tower with Radar,70,18,25,1,114,0,0,43,2,45,70,18,68,3,159,112,0,112,271
03/05/2023,DSM,IA,ACE,CE,Combined TRACON& Tower with Radar,88,13,19,2,122,0,0,24,0,24,88,13,43,2,146,45,0,45,191
03/06/2023,DSM,IA,ACE,CE,Combined TRACON& Tower with Radar,85,16,44,1,146,0,0,5,0,5,85,16,49,1,151,0,0,0,151
03/07/2023,DSM,IA,ACE,CE,Combined TRACON& Tower with Radar,80,10,43,6,139,2,0,40,0,42,82,10,83,6,181,76,14,90,271
03/08/2023,DSM,IA,ACE,CE,Combined TRACON& Tower with Radar,80,25,45,0,150,0,0,8,0,8,80,25,53,0,158,10,0,10,168
03/09/2023,DSM,IA,ACE,CE,Combined TRACON& Tower with Radar,88,18,21,0,127,0,0,0,0,0,88,18,21,0,127,0,0,0,127
03/10/2023,DSM,IA,ACE,CE,Combined TRACON& Tower with Radar,92,19,49,2,162,0,0,12,0,12,92,19,61,2,174,57,0,57,231
03/11/2023,DSM,IA,ACE,CE,Combined TRACON& Tower with Radar,76,18,13,0,107,0,0,2,0,2,76,18,15,0,109,68,0,68,177
03/12/2023,DSM,IA,ACE,CE,Combined TRACON& Tower with Radar,88,18,25,0,131,0,3,7,0,10,88,21,32,0,141,96,0,96,237
03/13/2023,DSM,IA,ACE,CE,Combined TRACON& Tower with Radar,88,10,20,4,122,0,2,10,0,12,88,12,30,4,134,114,1,115,249
03/14/2023,DSM,IA,ACE,CE,Combined TRACON& Tower with Radar,96,5,57,10,168,0,3,53,0,56,96,8,110,10,224,164,0,164,388
03/15/2023,DSM,IA,ACE,CE,Combined TRACON& Tower with Radar,89,16,36,6,147,0,3,44,1,48,89,19,80,7,195,32,2,34,229
03/16/2023,DSM,IA,ACE,CE,Combined TRACON& Tower with Radar,95,27,42,6,170,0,2,8,0,10,95,29,50,6,180,26,4,30,210
03/17/2023,DSM,IA,ACE,CE,Combined TRACON& Tower with Radar,101,17,41,5,164,1,0,27,0,28,102,17,68,5,192,18,0,18,210
03/18/2023,DSM,IA,ACE,CE,Combined TRACON& Tower with Radar,87,34,50,2,173,0,0,19,0,19,87,34,69,2,192,98,0,98,290
03/19/2023,DSM,IA,ACE,CE,Combined TRACON& Tower with Radar,93,26,36,1,156,0,3,51,1,55,93,29,87,2,211,120,0,120,331
03/20/2023,DSM,IA,ACE,CE,Combined TRACON& Tower with Radar,88,20,53,0,161,0,2,61,1,64,88,22,114,1,225,106,0,106,331
03/21/2023,DSM,IA,ACE,CE,Combined TRACON& Tower with Radar,78,16,39,12,145,0,0,40,2,42,78,16,79,14,187,150,26,176,363
03/22/2023,DSM,IA,ACE,CE,Combined TRACON& Tower with Radar,75,14,49,4,142,0,2,16,0,18,75,16,65,4,160,82,0,82,242
03/23/2023,DSM,IA,ACE,CE,Combined TRACON& Tower with Radar,91,18,56,0,165,0,0,18,2,20,91,18,74,2,185,167,0,167,352
03/24/2023,DSM,IA,ACE,CE,Combined TRACON& Tower with Radar,83,16,37,2,138,0,1,71,0,72,83,17,108,2,210,55,0,55,265
03/25/2023,DSM,IA,ACE,CE,Combined TRACON& Tower with Radar,74,10,27,0,111,0,2,61,0,63,74,12,88,0,174,206,0,206,380
03/26/2023,DSM,IA,ACE,CE,Combined TRACON& Tower with Radar,84,16,29,0,129,1,2,6,0,9,85,18,35,0,138,40,0,40,178
03/27/2023,DSM,IA,ACE,CE,Combined TRACON& Tower with Radar,81,15,51,1,148,2,0,58,0,60,83,15,109,1,208,102,0,102,310
03/28/2023,DSM,IA,ACE,CE,Combined TRACON& Tower with Radar,74,19,81,6,180,0,0,63,0,63,74,19,144,6,243,145,16,161,404
03/29/2023,DSM,IA,ACE,CE,Combined TRACON& Tower with Radar,74,21,53,1,149,2,1,64,1,68,76,22,117,2,217,86,0,86,303
03/30/2023,DSM,IA,ACE,CE,Combined TRACON& Tower with Radar,91,16,46,2,155,0,2,44,1,47,91,18,90,3,202,30,0,30,232
03/31/2023,DSM,IA,ACE,CE,Combined TRACON& Tower with Radar,86,8,29,6,129,1,0,8,0,9,87,8,37,6,138,33,6,39,177
04/01/2023,DSM,IA,ACE,CE,Combined TRACON& Tower with Radar,72,24,23,2,121,0,2,39,0,41,72,26,62,2,162,54,0,54,216
04/02/2023,DSM,IA,ACE,CE,Combined TRACON& Tower with Radar,87,13,20,2,122,0,8,37,0,45,87,21,57,2,167,40,0,40,207
04/03/2023,DSM,IA,ACE,CE,Combined TRACON& Tower with Radar,79,14,32,2,127,0,0,38,0,38,79,14,70,2,165,132,0,132,297
04/04/2023,DSM,IA,ACE,CE,Combined TRACON& Tower with Radar,75,16,32,1,124,0,2,5,0,7,75,18,37,1,131,22,0,22,153
04/05/2023,DSM,IA,ACE,CE,Combined TRACON& Tower with Radar,75,29,30,1,135,0,1,25,0,26,75,30,55,1,161,42,0,42,203
04/06/2023,DSM,IA,ACE,CE,Combined TRACON& Tower with Radar,90,16,61,7,174,0,4,74,1,79,90,20,135,8,253,191,6,197,450
04/07/2023,DSM,IA,ACE,CE,Combined TRACON& Tower with Radar,85,15,30,2,132,0,3,44,0,47,85,18,74,2,179,83,4,87,266
04/08/2023,DSM,IA,ACE,CE,Combined TRACON& Tower with Radar,63,18,20,0,101,0,1,55,0,56,63,19,75,0,157,144,0,144,301
04/09/2023,DSM,IA,ACE,CE,Combined TRACON& Tower with Radar,84,5,17,0,106,2,0,34,0,36,86,5,51,0,142,98,0,98,240
04/10/2023,DSM,IA,ACE,CE,Combined TRACON& Tower with Radar,82,14,37,0,133,0,1,69,0,70,82,15,106,0,203,112,10,122,325
04/11/2023,DSM,IA,ACE,CE,Combined TRACON& Tower with Radar,76,20,63,2,161,0,0,30,0,30,76,20,93,2,191,57,0,57,248
04/12/2023,DSM,IA,ACE,CE,Combined TRACON& Tower with Radar,76,17,48,0,141,2,0,20,3,25,78,17,68,3,166,0,0,0,166
04/13/2023,DSM,IA,ACE,CE,Combined TRACON& Tower with Radar,95,14,51,1,161,1,2,27,2,32,96,16,78,3,193,38,4,42,235
04/14/2023,DSM,IA,ACE,CE,Combined TRACON& Tower with Radar,89,20,58,2,169,0,4,42,0,46,89,24,100,2,215,86,0,86,301
04/15/2023,DSM,IA,ACE,CE,Combined TRACON& Tower with Radar,65,10,3,0,78,2,2,0,0,4,67,12,3,0,82,2,0,2,84
04/16/2023,DSM,IA,ACE,CE,Combined TRACON& Tower with Radar,95,13,12,0,120,0,0,3,0,3,95,13,15,0,123,0,0,0,123
04/17/2023,DSM,IA,ACE,CE,Combined TRACON& Tower with Radar,84,22,38,8,152,0,2,56,2,60,84,24,94,10,212,170,0,170,382
04/18/2023,DSM,IA,ACE,CE,Combined TRACON& Tower with Radar,83,20,51,2,156,0,1,35,0,36,83,21,86,2,192,160,0,160,352
04/19/2023,DSM,IA,ACE,CE,Combined TRACON& Tower with Radar,74,17,63,3,157,4,0,32,2,38,78,17,95,5,195,68,0,68,263
04/20/2023,DSM,IA,ACE,CE,Combined TRACON& Tower with Radar,99,20,30,6,155,0,0,4,2,6,99,20,34,8,161,20,0,20,181
04/21/2023,DSM,IA,ACE,CE,Combined TRACON& Tower with Radar,86,19,34,14,153,0,0,33,1,34,86,19,67,15,187,26,18,44,231
04/22/2023,DSM,IA,ACE,CE,Combined TRACON& Tower with Radar,65,15,25,3,108,0,0,18,0,18,65,15,43,3,126,42,0,42,168
04/23/2023,DSM,IA,ACE,CE,Combined TRACON& Tower with Radar,92,10,42,1,145,0,3,49,0,52,92,13,91,1,197,153,0,153,350
04/24/2023,DSM,IA,ACE,CE,Combined TRACON& Tower with Radar,87,16,56,0,159,0,0,65,0,65,87,16,121,0,224,236,0,236,460
04/25/2023,DSM,IA,ACE,CE,Combined TRACON& Tower with Radar,77,16,63,2,158,0,0,51,3,54,77,16,114,5,212,178,0,178,390
04/26/2023,DSM,IA,ACE,CE,Combined TRACON& Tower with Radar,75,17,82,24,198,0,1,71,0,72,75,18,153,24,270,191,10,201,471
04/27/2023,DSM,IA,ACE,CE,Combined TRACON& Tower with Radar,94,20,42,9,165,0,1,47,3,51,94,21,89,12,216,50,0,50,266
04/28/2023,DSM,IA,ACE,CE,Combined TRACON& Tower with Radar,87,16,53,2,158,0,0,37,2,39,87,16,90,4,197,107,4,111,308
04/29/2023,DSM,IA,ACE,CE,Combined TRACON& Tower with Radar,65,12,28,0,105,0,0,26,0,26,65,12,54,0,131,70,0,70,201
04/30/2023,DSM,IA,ACE,CE,Combined TRACON& Tower with Radar,95,20,14,0,129,0,0,5,0,5,95,20,19,0,134,8,0,8,142
05/01/2023,DSM,IA,ACE,CE,Combined TRACON& Tower with Radar,85,19,39,4,147,4,1,21,0,26,89,20,60,4,173,0,0,0,173
05/02/2023,DSM,IA,ACE,CE,Combined TRACON& Tower with Radar,77,21,24,4,126,1,2,15,0,18,78,23,39,4,144,30,0,30,174
05/03/2023,DSM,IA,ACE,CE,Combined TRACON& Tower with Radar,74,23,57,2,156,0,1,82,0,83,74,24,139,2,239,156,0,156,395
05/04/2023,DSM,IA,ACE,CE,Combined TRACON& Tower with Radar,94,28,60,4,186,0,6,62,0,68,94,34,122,4,254,82,0,82,336
05/05/2023,DSM,IA,ACE,CE,Combined TRACON& Tower with Radar,95,25,57,2,179,0,1,12,0,13,95,26,69,2,192,36,0,36,228
05/06/2023,DSM,IA,ACE,CE,Combined TRACON& Tower with Radar,66,16,21,1,104,0,0,8,0,8,66,16,29,1,112,38,0,38,150
05/07/2023,DSM,IA,ACE,CE,Combined TRACON& Tower with Radar,95,14,31,3,143,0,1,16,0,17,95,15,47,3,160,34,0,34,194
05/08/2023,DSM,IA,ACE,CE,Combined TRACON& Tower with Radar,94,11,65,5,175,0,0,20,0,20,94,11,85,5,195,84,0,84,279
05/09/2023,DSM,IA,ACE,CE,Combined TRACON& Tower with Radar,81,14,71,5,171,0,0,16,0,16,81,14,87,5,187,117,0,117,304
05/10/2023,DSM,IA,ACE,CE,Combined TRACON& Tower with Radar,79,18,66,2,165,0,0,64,0,64,79,18,130,2,229,100,0,100,329
05/11/2023,DSM,IA,ACE,CE,Combined TRACON& Tower with Radar,104,17,64,2,187,0,0,19,2,21,104,17,83,4,208,69,4,73,281
05/12/2023,DSM,IA,ACE,CE,Combined TRACON& Tower with Radar,93,18,54,4,169,0,0,15,0,15,93,18,69,4,184,80,0,80,264
05/13/2023,DSM,IA,ACE,CE,Combined TRACON& Tower with Radar,70,23,29,2,124,2,1,9,0,12,72,24,38,2,136,124,0,124,260
05/14/2023,DSM,IA,ACE,CE,Combined TRACON& Tower with Radar,97,10,14,0,121,0,0,0,0,0,97,10,14,0,121,0,0,0,121
05/15/2023,DSM,IA,ACE,CE,Combined TRACON& Tower with Radar,90,24,50,2,166,0,4,38,0,42,90,28,88,2,208,132,0,132,340
05/16/2023,DSM,IA,ACE,CE,Combined TRACON& Tower with Radar,82,16,59,6,163,4,4,60,3,71,86,20,119,9,234,196,22,218,452
05/17/2023,DSM,IA,ACE,CE,Combined TRACON& Tower with Radar,78,26,54,2,160,1,0,55,0,56,79,26,109,2,216,130,0,130,346
05/18/2023,DSM,IA,ACE,CE,Combined TRACON& Tower with Radar,95,15,64,3,177,0,1,40,3,44,95,16,104,6,221,160,2,162,383
05/19/2023,DSM,IA,ACE,CE,Combined TRACON& Tower with Radar,103,19,48,7,177,0,3,47,0,50,103,22,95,7,227,146,0,146,373
05/20/2023,DSM,IA,ACE,CE,Combined TRACON& Tower with Radar,73,16,12,4,105,5,0,47,0,52,78,16,59,4,157,172,4,176,333
05/21/2023,DSM,IA,ACE,CE,Combined TRACON& Tower with Radar,96,12,27,3,138,1,0,49,1,51,97,12,76,4,189,112,0,112,301
05/22/2023,DSM,IA,ACE,CE,Combined TRACON& Tower with Radar,96,12,65,3,176,0,0,52,1,53,96,12,117,4,229,100,0,100,329
05/23/2023,DSM,IA,ACE,CE,Combined TRACON& Tower with Radar,85,15,45,1,146,0,0,41,0,41,85,15,86,1,187,62,1,63,250
05/24/2023,DSM,IA,ACE,CE,Combined TRACON& Tower with Radar,78,9,48,8,143,0,0,57,0,57,78,9,105,8,200,112,0,112,312
05/25/2023,DSM,IA,ACE,CE,Combined TRACON& Tower with Radar,98,19,65,0,182,0,0,49,5,54,98,19,114,5,236,248,0,248,484
05/26/2023,DSM,IA,ACE,CE,Combined TRACON& Tower with Radar,98,14,46,0,158,0,0,50,0,50,98,14,96,0,208,150,0,150,358
05/27/2023,DSM,IA,ACE,CE,Combined TRACON& Tower with Radar,71,14,16,0,101,2,0,42,1,45,73,14,58,1,146,160,0,160,306
05/28/2023,DSM,IA,ACE,CE,Combined TRACON& Tower with Radar,88,11,14,0,113,1,2,34,0,37,89,13,48,0,150,54,0,54,204
05/29/2023,DSM,IA,ACE,CE,Combined TRACON& Tower with Radar,88,13,22,0,123,0,2,43,0,45,88,15,65,0,168,124,0,124,292
05/30/2023,DSM,IA,ACE,CE,Combined TRACON& Tower with Radar,79,16,40,0,135,0,0,29,0,29,79,16,69,0,164,88,0,88,252
05/31/2023,DSM,IA,ACE,CE,Combined TRACON& Tower with Radar,85,30,56,5,176,0,0,73,1,74,85,30,129,6,250,70,6,76,326
06/01/2023,DSM,IA,ACE,CE,Combined TRACON& Tower with Radar,95,20,50,0,165,1,0,3,0,4,96,20,53,0,169,96,0,96,265
06/02/2023,DSM,IA,ACE,CE,Combined TRACON& Tower with Radar,97,25,30,2,154,3,4,24,1,32,100,29,54,3,186,44,0,44,230
06/03/2023,DSM,IA,ACE,CE,Combined TRACON& Tower with Radar,76,21,31,2,130,2,1,61,0,64,78,22,92,2,194,60,0,60,254
06/04/2023,DSM,IA,ACE,CE,Combined TRACON& Tower with Radar,94,23,36,2,155,0,0,20,0,20,94,23,56,2,175,60,0,60,235
06/05/2023,DSM,IA,ACE,CE,Combined TRACON& Tower with Radar,100,17,43,6,166,0,1,55,2,58,100,18,98,8,224,188,0,188,412
06/06/2023,DSM,IA,ACE,CE,Combined TRACON& Tower with Radar,81,18,66,2,167,0,0,41,0,41,81,18,107,2,208,226,0,226,434
06/07/2023,DSM,IA,ACE,CE,Combined TRACON& Tower with Radar,85,16,50,4,155,0,1,32,0,33,85,17,82,4,188,136,0,136,324
06/08/2023,DSM,IA,ACE,CE,Combined TRACON& Tower with Radar,100,17,69,0,186,5,1,68,2,76,105,18,137,2,262,126,0,126,388
06/09/2023,DSM,IA,ACE,CE,Combined TRACON& Tower with Radar,96,21,58,10,185,0,2,62,3,67,96,23,120,13,252,164,0,164,416
06/10/2023,DSM,IA,ACE,CE,Combined TRACON& Tower with Radar,79,18,30,0,127,0,0,40,0,40,79,18,70,0,167,140,0,140,307
06/11/2023,DSM,IA,ACE,CE,Combined TRACON& Tower with Radar,92,25,41,0,158,0,3,25,0,28,92,28,66,0,186,69,0,69,255
06/12/2023,DSM,IA,ACE,CE,Combined TRACON& Tower with Radar,93,18,57,0,168,0,0,52,0,52,93,18,109,0,220,84,0,84,304
06/13/2023,DSM,IA,ACE,CE,Combined TRACON& Tower with Radar,86,22,48,8,164,0,0,60,2,62,86,22,108,10,226,204,8,212,438
06/14/2023,DSM,IA,ACE,CE,Combined TRACON& Tower with Radar,86,11,59,2,158,0,5,56,0,61,86,16,115,2,219,120,0,120,339
06/15/2023,DSM,IA,ACE,CE,Combined TRACON& Tower with Radar,94,17,80,9,200,2,0,69,3,74,96,17,149,12,274,124,0,124,398
06/16/2023,DSM,IA,ACE,CE,Combined TRACON& Tower with Radar,96,14,50,2,162,0,3,55,0,58,96,17,105,2,220,110,0,110,330
06/17/2023,DSM,IA,ACE,CE,Combined TRACON& Tower with Radar,82,14,30,0,126,0,1,29,0,30,82,15,59,0,156,138,0,138,294
06/18/2023,DSM,IA,ACE,CE,Combined TRACON& Tower with Radar,98,19,35,0,152,0,2,26,0,28,98,21,61,0,180,74,0,74,254
06/19/2023,DSM,IA,ACE,CE,Combined TRACON& Tower with Radar,97,14,62,0,173,0,1,67,0,68,97,15,129,0,241,108,0,108,349
06/20/2023,DSM,IA,ACE,CE,Combined TRACON& Tower with Radar,78,20,39,4,141,0,0,51,0,51,78,20,90,4,192,124,2,126,318
06/21/2023,DSM,IA,ACE,CE,Combined TRACON& Tower with Radar,79,25,49,14,167,2,0,62,11,75,81,25,111,25,242,132,8,140,382
06/22/2023,DSM,IA,ACE,CE,Combined TRACON& Tower with Radar,93,20,75,2,190,2,0,78,5,85,95,20,153,7,275,168,6,174,449
06/23/2023,DSM,IA,ACE,CE,Combined TRACON& Tower with Radar,101,17,52,33,203,3,2,60,2,67,104,19,112,35,270,116,14,130,400
06/24/2023,DSM,IA,ACE,CE,Combined TRACON& Tower with Radar,83,13,9,0,105,6,2,10,1,19,89,15,19,1,124,24,2,26,150
06/25/2023,DSM,IA,ACE,CE,Combined TRACON& Tower with Radar,89,21,30,5,145,0,0,15,0,15,89,21,45,5,160,16,0,16,176
06/26/2023,DSM,IA,ACE,CE,Combined TRACON& Tower with Radar,89,14,62,2,167,0,2,41,0,43,89,16,103,2,210,156,2,158,368
06/27/2023,DSM,IA,ACE,CE,Combined TRACON& Tower with Radar,75,17,51,4,147,0,4,60,0,64,75,21,111,4,211,106,6,112,323
06/28/2023,DSM,IA,ACE,CE,Combined TRACON& Tower with Radar,81,14,71,2,168,0,1,12,0,13,81,15,83,2,181,80,0,80,261
06/29/2023,DSM,IA,ACE,CE,Combined TRACON& Tower with Radar,90,16,63,0,169,0,0,42,0,42,90,16,105,0,211,86,0,86,297
06/30/2023,DSM,IA,ACE,CE,Combined TRACON& Tower with Radar,97,29,37,6,169,1,2,45,0,48,98,31,82,6,217,114,0,114,331
07/01/2023,DSM,IA,ACE,CE,Combined TRACON& Tower with Radar,80,12,27,0,119,0,0,10,0,10,80,12,37,0,129,100,0,100,229
07/02/2023,DSM,IA,ACE,CE,Combined TRACON& Tower with Radar,86,10,23,0,119,0,1,38,0,39,86,11,61,0,158,36,0,36,194
07/03/2023,DSM,IA,ACE,CE,Combined TRACON& Tower with Radar,78,4,17,0,99,0,0,45,0,45,78,4,62,0,144,126,0,126,270
07/04/2023,DSM,IA,ACE,CE,Combined TRACON& Tower with Radar,60,0,12,0,72,0,6,31,0,37,60,6,43,0,109,60,0,60,169
07/05/2023,DSM,IA,ACE,CE,Combined TRACON& Tower with Radar,74,11,49,2,136,1,0,31,0,32,75,11,80,2,168,60,14,74,242
07/06/2023,DSM,IA,ACE,CE,Combined TRACON& Tower with Radar,89,11,52,3,155,0,1,55,4,60,89,12,107,7,215,166,0,166,381
07/07/2023,DSM,IA,ACE,CE,Combined TRACON& Tower with Radar,93,8,52,0,153,0,2,8,0,10,93,10,60,0,163,30,0,30,193
07/08/2023,DSM,IA,ACE,CE,Combined TRACON& Tower with Radar,83,13,24,0,120,0,0,31,0,31,83,13,55,0,151,152,0,152,303
07/09/2023,DSM,IA,ACE,CE,Combined TRACON& Tower with Radar,92,12,30,0,134,0,2,59,0,61,92,14,89,0,195,108,0,108,303
07/10/2023,DSM,IA,ACE,CE,Combined TRACON& Tower with Radar,94,21,47,0,162,0,0,39,0,39,94,21,86,0,201,82,0,82,283
07/11/2023,DSM,IA,ACE,CE,Combined TRACON& Tower with Radar,88,18,70,1,177,0,4,47,0,51,88,22,117,1,228,178,2,180,408
07/12/2023,DSM,IA,ACE,CE,Combined TRACON& Tower with Radar,87,10,44,1,142,0,3,34,3,40,87,13,78,4,182,76,0,76,258
07/13/2023,DSM,IA,ACE,CE,Combined TRACON& Tower with Radar,100,20,74,12,206,0,0,67,3,70,100,20,141,15,276,158,14,172,448
07/14/2023,DSM,IA,ACE,CE,Combined TRACON& Tower with Radar,96,15,48,3,162,1,0,51,0,52,97,15,99,3,214,144,0,144,358
07/15/2023,DSM,IA,ACE,CE,Combined TRACON& Tower with Radar,80,15,34,0,129,0,0,38,0,38,80,15,72,0,167,140,0,140,307
07/16/2023,DSM,IA,ACE,CE,Combined TRACON& Tower with Radar,95,19,35,0,149,0,0,13,0,13,95,19,48,0,162,32,0,32,194
07/17/2023,DSM,IA,ACE,CE,Combined TRACON& Tower with Radar,95,18,53,4,170,0,0,58,0,58,95,18,111,4,228,118,0,118,346
07/18/2023,DSM,IA,ACE,CE,Combined TRACON& Tower with Radar,90,12,61,0,163,0,3,69,0,72,90,15,130,0,235,120,0,120,355
07/19/2023,DSM,IA,ACE,CE,Combined TRACON& Tower with Radar,86,25,67,9,187,1,1,78,2,82,87,26,145,11,269,140,6,146,415
07/20/2023,DSM,IA,ACE,CE,Combined TRACON& Tower with Radar,96,24,72,11,203,0,1,73,1,75,96,25,145,12,278,198,16,214,492
07/21/2023,DSM,IA,ACE,CE,Combined TRACON& Tower with Radar,98,25,52,36,211,2,0,68,3,73,100,25,120,39,284,160,36,196,480
07/22/2023,DSM,IA,ACE,CE,Combined TRACON& Tower with Radar,92,22,29,0,143,0,1,56,2,59,92,23,85,2,202,64,0,64,266
07/23/2023,DSM,IA,ACE,CE,Combined TRACON& Tower with Radar,93,20,38,1,152,0,5,47,1,53,93,25,85,2,205,122,0,122,327
07/24/2023,DSM,IA,ACE,CE,Combined TRACON& Tower with Radar,96,16,44,3,159,0,2,44,0,46,96,18,88,3,205,32,0,32,237
07/25/2023,DSM,IA,ACE,CE,Combined TRACON& Tower with Radar,84,13,45,15,157,0,0,47,0,47,84,13,92,15,204,106,18,124,328
07/26/2023,DSM,IA,ACE,CE,Combined TRACON& Tower with Radar,87,26,46,0,159,4,3,35,4,46,91,29,81,4,205,62,2,64,269
07/27/2023,DSM,IA,ACE,CE,Combined TRACON& Tower with Radar,98,16,61,3,178,1,1,29,2,33,99,17,90,5,211,86,0,86,297
07/28/2023,DSM,IA,ACE,CE,Combined TRACON& Tower with Radar,105,29,46,8,188,0,4,31,1,36,105,33,77,9,224,42,0,42,266
07/29/2023,DSM,IA,ACE,CE,Combined TRACON& Tower with Radar,87,15,31,2,135,0,1,46,0,47,87,16,77,2,182,160,0,160,342
07/30/2023,DSM,IA,ACE,CE,Combined TRACON& Tower with Radar,96,14,34,7,151,0,2,51,0,53,96,16,85,7,204,132,0,132,336
07/31/2023,DSM,IA,ACE,CE,Combined TRACON& Tower with Radar,96,14,47,0,157,0,2,72,2,76,96,16,119,2,233,86,6,92,325
08/01/2023,DSM,IA,ACE,CE,Combined TRACON& Tower with Radar,89,16,43,12,160,0,0,51,0,51,89,16,94,12,211,46,20,66,277
08/02/2023,DSM,IA,ACE,CE,Combined TRACON& Tower with Radar,90,14,37,0,141,0,0,4,0,4,90,14,41,0,145,0,0,0,145
08/03/2023,DSM,IA,ACE,CE,Combined TRACON& Tower with Radar,95,11,52,14,172,0,0,25,0,25,95,11,77,14,197,116,14,130,327
08/04/2023,DSM,IA,ACE,CE,Combined TRACON& Tower with Radar,110,16,52,7,185,0,1,39,0,40,110,17,91,7,225,138,4,142,367
08/05/2023,DSM,IA,ACE,CE,Combined TRACON& Tower with Radar,83,21,16,3,123,0,0,42,7,49,83,21,58,10,172,134,0,134,306
08/06/2023,DSM,IA,ACE,CE,Combined TRACON& Tower with Radar,87,11,19,0,117,0,1,1,0,2,87,12,20,0,119,0,0,0,119
08/07/2023,DSM,IA,ACE,CE,Combined TRACON& Tower with Radar,102,15,59,2,178,2,0,49,0,51,104,15,108,2,229,172,0,172,401
08/08/2023,DSM,IA,ACE,CE,Combined TRACON& Tower with Radar,86,23,72,2,183,0,1,58,0,59,86,24,130,2,242,162,0,162,404
08/09/2023,DSM,IA,ACE,CE,Combined TRACON& Tower with Radar,89,16,43,0,148,3,1,17,4,25,92,17,60,4,173,110,0,110,283
08/10/2023,DSM,IA,ACE,CE,Combined TRACON& Tower with Radar,104,17,52,8,181,6,0,73,0,79,110,17,125,8,260,258,8,266,526
08/11/2023,DSM,IA,ACE,CE,Combined TRACON& Tower with Radar,111,13,60,4,188,1,6,69,6,82,112,19,129,10,270,122,6,128,398
08/12/2023,DSM,IA,ACE,CE,Combined TRACON& Tower with Radar,84,16,47,2,149,2,5,59,0,66,86,21,106,2,215,134,0,134,349
08/13/2023,DSM,IA,ACE,CE,Combined TRACON& Tower with Radar,101,14,52,1,168,0,3,35,1,39,101,17,87,2,207,38,0,38,245
08/14/2023,DSM,IA,ACE,CE,Combined TRACON& Tower with Radar,95,18,74,10,197,0,1,10,1,12,95,19,84,11,209,96,4,100,309
08/15/2023,DSM,IA,ACE,CE,Combined TRACON& Tower with Radar,83,18,58,3,162,0,4,60,4,68,83,22,118,7,230,94,4,98,328
08/16/2023,DSM,IA,ACE,CE,Combined TRACON& Tower with Radar,81,22,72,5,180,2,3,70,1,76,83,25,142,6,256,122,12,134,390
08/17/2023,DSM,IA,ACE,CE,Combined TRACON& Tower with Radar,98,22,71,6,197,3,0,49,5,57,101,22,120,11,254,90,8,98,352
08/18/2023,DSM,IA,ACE,CE,Combined TRACON& Tower with Radar,98,12,44,6,160,0,0,63,1,64,98,12,107,7,224,120,0,120,344
08/19/2023,DSM,IA,ACE,CE,Combined TRACON& Tower with Radar,70,11,20,9,110,0,0,40,1,41,70,11,60,10,151,60,6,66,217
08/20/2023,DSM,IA,ACE,CE,Combined TRACON& Tower with Radar,90,13,29,3,135,0,0,20,0,20,90,13,49,3,155,70,0,70,225
08/21/2023,DSM,IA,ACE,CE,Combined TRACON& Tower with Radar,92,11,53,8,164,0,1,35,8,44,92,12,88,16,208,136,0,136,344
08/22/2023,DSM,IA,ACE,CE,Combined TRACON& Tower with Radar,86,17,46,8,157,0,0,35,0,35,86,17,81,8,192,32,0,32,224
08/23/2023,DSM,IA,ACE,CE,Combined TRACON& Tower with Radar,83,14,42,6,145,2,2,45,4,53,85,16,87,10,198,120,0,120,318
08/24/2023,DSM,IA,ACE,CE,Combined TRACON& Tower with Radar,95,18,65,3,181,0,1,55,0,56,95,19,120,3,237,101,30,131,368
08/25/2023,DSM,IA,ACE,CE,Combined TRACON& Tower with Radar,96,15,43,4,158,0,1,38,0,39,96,16,81,4,197,122,6,128,325
08/26/2023,DSM,IA,ACE,CE,Combined TRACON& Tower with Radar,79,16,27,13,135,0,15,49,0,64,79,31,76,13,199,126,26,152,351
08/27/2023,DSM,IA,ACE,CE,Combined TRACON& Tower with Radar,91,12,26,5,134,0,3,63,4,70,91,15,89,9,204,168,0,168,372
08/28/2023,DSM,IA,ACE,CE,Combined TRACON& Tower with Radar,92,11,40,0,143,0,5,48,0,53,92,16,88,0,196,176,0,176,372
08/29/2023,DSM,IA,ACE,CE,Combined TRACON& Tower with Radar,82,18,53,1,154,0,0,53,0,53,82,18,106,1,207,110,38,148,355
08/30/2023,DSM,IA,ACE,CE,Combined TRACON& Tower with Radar,81,19,56,1,157,0,2,64,0,66,81,21,120,1,223,160,0,160,383
08/31/2023,DSM,IA,ACE,CE,Combined TRACON& Tower with Radar,103,26,60,4,193,0,0,67,0,67,103,26,127,4,260,44,0,44,304
