01/01/2020,DVT,AZ,AWP,WE,Towers with Radar,0,0,15,0,15,0,5,206,0,211,0,5,221,0,226,514,0,514,740
01/02/2020,DVT,AZ,AWP,WE,Towers with Radar,0,28,20,0,48,0,184,265,0,449,0,212,285,0,497,900,0,900,1397
01/03/2020,DVT,AZ,AWP,WE,Towers with Radar,0,42,33,0,75,0,170,281,0,451,0,212,314,0,526,825,0,825,1351
01/04/2020,DVT,AZ,AWP,WE,Towers with Radar,0,19,21,0,40,0,182,269,0,451,0,201,290,0,491,1011,0,1011,1502
01/05/2020,DVT,AZ,AWP,WE,Towers with Radar,0,15,24,0,39,0,166,212,0,378,0,181,236,0,417,793,0,793,1210
01/06/2020,DVT,AZ,AWP,WE,Towers with Radar,0,30,19,0,49,0,145,207,0,352,0,175,226,0,401,917,0,917,1318
01/07/2020,DVT,AZ,AWP,WE,Towers with Radar,0,25,38,0,63,0,193,283,0,476,0,218,321,0,539,903,0,903,1442
01/08/2020,DVT,AZ,AWP,WE,Towers with Radar,0,29,22,2,53,0,197,263,0,460,0,226,285,2,513,1013,0,1013,1526
01/09/2020,DVT,AZ,AWP,WE,Towers with Radar,0,18,33,0,51,0,183,206,0,389,0,201,239,0,440,731,0,731,1171
01/10/2020,DVT,AZ,AWP,WE,Towers with Radar,0,16,26,0,42,0,203,253,0,456,0,219,279,0,498,711,0,711,1209
01/11/2020,DVT,AZ,AWP,WE,Towers with Radar,0,30,27,0,57,0,183,285,0,468,0,213,312,0,525,970,0,970,1495
01/12/2020,DVT,AZ,AWP,WE,Towers with Radar,0,28,20,0,48,0,141,243,0,384,0,169,263,0,432,738,0,738,1170
01/13/2020,DVT,AZ,AWP,WE,Towers with Radar,0,26,29,0,55,0,186,273,0,459,0,212,302,0,514,961,0,961,1475
01/14/2020,DVT,AZ,AWP,WE,Towers with Radar,0,37,25,0,62,0,201,296,0,497,0,238,321,0,559,1004,0,1004,1563
01/15/2020,DVT,AZ,AWP,WE,Towers with Radar,0,25,29,0,54,0,170,283,1,454,0,195,312,1,508,1062,0,1062,1570
01/16/2020,DVT,AZ,AWP,WE,Towers with Radar,0,25,24,0,49,0,173,194,0,367,0,198,218,0,416,926,0,926,1342
01/17/2020,DVT,AZ,AWP,WE,Towers with Radar,0,40,31,2,73,0,165,242,0,407,0,205,273,2,480,1148,0,1148,1628
01/18/2020,DVT,AZ,AWP,WE,Towers with Radar,0,24,28,0,52,0,192,306,0,498,0,216,334,0,550,791,0,791,1341
01/19/2020,DVT,AZ,AWP,WE,Towers with Radar,0,34,22,0,56,0,140,247,0,387,0,174,269,0,443,699,0,699,1142
01/20/2020,DVT,AZ,AWP,WE,Towers with Radar,0,31,31,0,62,0,180,262,0,442,0,211,293,0,504,965,0,965,1469
01/21/2020,DVT,AZ,AWP,WE,Towers with Radar,0,9,20,0,29,0,5,16,0,21,0,14,36,0,50,280,0,280,330
01/22/2020,DVT,AZ,AWP,WE,Towers with Radar,0,32,28,0,60,0,148,193,0,341,0,180,221,0,401,1107,0,1107,1508
01/23/2020,DVT,AZ,AWP,WE,Towers with Radar,0,26,28,0,54,0,209,271,0,480,0,235,299,0,534,1057,0,1057,1591
01/24/2020,DVT,AZ,AWP,WE,Towers with Radar,0,31,33,0,64,0,206,270,0,476,0,237,303,0,540,1166,0,1166,1706
01/25/2020,DVT,AZ,AWP,WE,Towers with Radar,0,25,25,0,50,0,174,287,0,461,0,199,312,0,511,998,0,998,1509
01/26/2020,DVT,AZ,AWP,WE,Towers with Radar,0,21,27,0,48,0,168,219,1,388,0,189,246,1,436,853,0,853,1289
01/27/2020,DVT,AZ,AWP,WE,Towers with Radar,0,23,23,0,46,0,217,226,0,443,0,240,249,0,489,887,0,887,1376
01/28/2020,DVT,AZ,AWP,WE,Towers with Radar,0,18,26,0,44,0,208,287,0,495,0,226,313,0,539,1087,0,1087,1626
01/29/2020,DVT,AZ,AWP,WE,Towers with Radar,0,27,31,0,58,0,183,186,2,371,0,210,217,2,429,1143,0,1143,1572
01/30/2020,DVT,AZ,AWP,WE,Towers with Radar,0,31,23,0,54,0,198,258,0,456,0,229,281,0,510,982,0,982,1492
01/31/2020,DVT,AZ,AWP,WE,Towers with Radar,0,37,34,0,71,0,190,278,0,468,0,227,312,0,539,1004,0,1004,1543
02/01/2020,DVT,AZ,AWP,CE,Towers with Radar,0,25,32,0,57,0,177,313,0,490,0,202,345,0,547,960,0,960,1507
02/02/2020,DVT,AZ,AWP,CE,Towers with Radar,0,19,19,0,38,0,154,225,0,379,0,173,244,0,417,809,0,809,1226
02/03/2020,DVT,AZ,AWP,CE,Towers with Radar,0,30,30,0,60,0,151,132,0,283,0,181,162,0,343,860,0,860,1203
02/04/2020,DVT,AZ,AWP,CE,Towers with Radar,4,31,23,0,58,0,177,231,0,408,4,208,254,0,466,955,0,955,1421
02/05/2020,DVT,AZ,AWP,CE,Towers with Radar,0,31,18,0,49,0,166,298,0,464,0,197,316,0,513,1169,0,1169,1682
02/06/2020,DVT,AZ,AWP,CE,Towers with Radar,0,26,32,0,58,0,186,258,0,444,0,212,290,0,502,992,0,992,1494
02/07/2020,DVT,AZ,AWP,CE,Towers with Radar,0,35,27,0,62,0,214,256,0,470,0,249,283,0,532,1144,0,1144,1676
02/08/2020,DVT,AZ,AWP,CE,Towers with Radar,0,27,18,0,45,0,189,301,0,490,0,216,319,0,535,1150,0,1150,1685
02/09/2020,DVT,AZ,AWP,CE,Towers with Radar,0,24,19,0,43,0,159,169,0,328,0,183,188,0,371,593,0,593,964
02/10/2020,DVT,AZ,AWP,CE,Towers with Radar,0,26,30,0,56,0,133,150,0,283,0,159,180,0,339,971,0,971,1310
02/11/2020,DVT,AZ,AWP,CE,Towers with Radar,0,22,24,0,46,0,95,126,0,221,0,117,150,0,267,1081,0,1081,1348
02/12/2020,DVT,AZ,AWP,CE,Towers with Radar,0,32,22,0,54,0,213,290,0,503,0,245,312,0,557,1083,0,1083,1640
02/13/2020,DVT,AZ,AWP,CE,Towers with Radar,0,32,27,0,59,0,166,310,0,476,0,198,337,0,535,1229,0,1229,1764
02/14/2020,DVT,AZ,AWP,CE,Towers with Radar,0,36,22,0,58,0,186,286,0,472,0,222,308,0,530,1152,0,1152,1682
02/15/2020,DVT,AZ,AWP,CE,Towers with Radar,0,26,21,0,47,0,187,268,0,455,0,213,289,0,502,1051,0,1051,1553
02/16/2020,DVT,AZ,AWP,CE,Towers with Radar,0,30,21,0,51,0,130,240,0,370,0,160,261,0,421,910,0,910,1331
02/17/2020,DVT,AZ,AWP,CE,Towers with Radar,0,40,27,0,67,0,184,266,0,450,0,224,293,0,517,1129,0,1129,1646
02/18/2020,DVT,AZ,AWP,CE,Towers with Radar,0,31,26,0,57,0,180,288,0,468,0,211,314,0,525,1118,0,1118,1643
02/19/2020,DVT,AZ,AWP,CE,Towers with Radar,0,13,15,0,28,0,124,260,0,384,0,137,275,0,412,828,0,828,1240
02/20/2020,DVT,AZ,AWP,CE,Towers with Radar,0,40,16,0,56,0,205,299,0,504,0,245,315,0,560,1226,0,1226,1786
02/21/2020,DVT,AZ,AWP,CE,Towers with Radar,0,31,27,0,58,0,155,172,0,327,0,186,199,0,385,670,0,670,1055
02/22/2020,DVT,AZ,AWP,CE,Towers with Radar,0,6,20,0,26,0,11,15,2,28,0,17,35,2,54,95,4,99,153
02/23/2020,DVT,AZ,AWP,CE,Towers with Radar,0,16,29,0,45,0,129,207,0,336,0,145,236,0,381,1226,0,1226,1607
02/24/2020,DVT,AZ,AWP,CE,Towers with Radar,0,14,28,0,42,0,140,233,0,373,0,154,261,0,415,1201,0,1201,1616
02/25/2020,DVT,AZ,AWP,CE,Towers with Radar,0,14,16,0,30,0,108,122,0,230,0,122,138,0,260,253,0,253,513
02/26/2020,DVT,AZ,AWP,CE,Towers with Radar,0,19,18,0,37,0,164,251,0,415,0,183,269,0,452,1212,0,1212,1664
02/27/2020,DVT,AZ,AWP,CE,Towers with Radar,0,25,31,0,56,0,170,272,0,442,0,195,303,0,498,1190,0,1190,1688
02/28/2020,DVT,AZ,AWP,CE,Towers with Radar,0,25,18,1,44,0,177,307,0,484,0,202,325,1,528,955,0,955,1483
02/29/2020,DVT,AZ,AWP,CE,Towers with Radar,0,24,30,0,54,0,155,327,0,482,0,179,357,0,536,902,0,902,1438
03/01/2020,DVT,AZ,AWP,CE,Towers with Radar,0,22,18,0,40,0,139,168,0,307,0,161,186,0,347,829,0,829,1176
03/02/2020,DVT,AZ,AWP,CE,Towers with Radar,0,14,23,0,37,0,110,141,0,251,0,124,164,0,288,670,0,670,958
03/03/2020,DVT,AZ,AWP,CE,Towers with Radar,0,34,30,0,64,0,175,269,0,444,0,209,299,0,508,791,0,791,1299
03/04/2020,DVT,AZ,AWP,CE,Towers with Radar,0,22,26,0,48,0,149,332,0,481,0,171,358,0,529,923,0,923,1452
03/05/2020,DVT,AZ,AWP,CE,Towers with Radar,0,20,34,0,54,0,150,228,0,378,0,170,262,0,432,1126,0,1126,1558
03/06/2020,DVT,AZ,AWP,CE,Towers with Radar,0,30,24,0,54,0,122,204,0,326,0,152,228,0,380,546,0,546,926
03/07/2020,DVT,AZ,AWP,CE,Towers with Radar,0,73,12,0,85,0,89,159,0,248,0,162,171,0,333,285,0,285,618
03/08/2020,DVT,AZ,AWP,CE,Towers with Radar,0,25,13,0,38,0,112,218,0,330,0,137,231,0,368,721,0,721,1089
03/09/2020,DVT,AZ,AWP,CE,Towers with Radar,0,24,17,0,41,0,177,334,0,511,0,201,351,0,552,1050,0,1050,1602
03/10/2020,DVT,AZ,AWP,CE,Towers with Radar,0,17,18,0,35,0,85,130,0,215,0,102,148,0,250,802,0,802,1052
03/11/2020,DVT,AZ,AWP,CE,Towers with Radar,0,10,20,0,30,0,3,14,0,17,0,13,34,0,47,82,0,82,129
03/12/2020,DVT,AZ,AWP,CE,Towers with Radar,0,8,15,0,23,0,14,33,0,47,0,22,48,0,70,357,0,357,427
03/13/2020,DVT,AZ,AWP,CE,Towers with Radar,0,5,11,0,16,0,21,52,0,73,0,26,63,0,89,488,0,488,577
03/14/2020,DVT,AZ,AWP,CE,Towers with Radar,0,35,30,0,65,0,141,288,0,429,0,176,318,0,494,1056,0,1056,1550
03/15/2020,DVT,AZ,AWP,CE,Towers with Radar,0,27,30,0,57,0,155,308,0,463,0,182,338,0,520,938,0,938,1458
03/16/2020,DVT,AZ,AWP,CE,Towers with Radar,0,24,29,0,53,0,158,311,0,469,0,182,340,0,522,1154,0,1154,1676
03/17/2020,DVT,AZ,AWP,CE,Towers with Radar,0,29,32,0,61,0,183,216,0,399,0,212,248,0,460,1365,0,1365,1825
03/18/2020,DVT,AZ,AWP,CE,Towers with Radar,0,8,11,0,19,0,15,24,0,39,0,23,35,0,58,242,0,242,300
03/19/2020,DVT,AZ,AWP,CE,Towers with Radar,0,34,16,0,50,0,131,133,0,264,0,165,149,0,314,1049,0,1049,1363
03/20/2020,DVT,AZ,AWP,CE,Towers with Radar,0,29,32,0,61,0,168,283,0,451,0,197,315,0,512,1214,0,1214,1726
03/21/2020,DVT,AZ,AWP,CE,Towers with Radar,0,33,19,0,52,0,179,255,0,434,0,212,274,0,486,920,0,920,1406
03/22/2020,DVT,AZ,AWP,CE,Towers with Radar,0,22,16,0,38,0,173,225,0,398,0,195,241,0,436,978,0,978,1414
03/23/2020,DVT,AZ,AWP,CE,Towers with Radar,0,31,19,0,50,0,158,165,0,323,0,189,184,0,373,755,0,755,1128
03/24/2020,DVT,AZ,AWP,CE,Towers with Radar,0,49,22,0,71,0,192,272,0,464,0,241,294,0,535,1107,0,1107,1642
03/25/2020,DVT,AZ,AWP,CE,Towers with Radar,0,32,23,0,55,0,171,235,0,406,0,203,258,0,461,1227,0,1227,1688
03/26/2020,DVT,AZ,AWP,CE,Towers with Radar,0,27,21,0,48,0,135,150,0,285,0,162,171,0,333,996,0,996,1329
03/27/2020,DVT,AZ,AWP,CE,Towers with Radar,0,41,16,0,57,0,117,129,0,246,0,158,145,0,303,698,0,698,1001
03/28/2020,DVT,AZ,AWP,CE,Towers with Radar,0,37,21,0,58,0,173,248,0,421,0,210,269,0,479,1048,0,1048,1527
03/29/2020,DVT,AZ,AWP,CE,Towers with Radar,0,34,14,0,48,0,134,213,0,347,0,168,227,0,395,905,0,905,1300
03/30/2020,DVT,AZ,AWP,CE,Towers with Radar,0,32,15,0,47,0,151,232,0,383,0,183,247,0,430,1037,0,1037,1467
03/31/2020,DVT,AZ,AWP,CE,Towers with Radar,0,30,16,0,46,0,169,180,0,349,0,199,196,0,395,789,0,789,1184
04/01/2020,DVT,AZ,AWP,CE,Towers with Radar,0,35,14,0,49,0,165,160,0,325,0,200,174,0,374,1067,0,1067,1441
04/02/2020,DVT,AZ,AWP,CE,Towers with Radar,0,26,11,0,37,0,181,149,0,330,0,207,160,0,367,530,0,530,897
04/03/2020,DVT,AZ,AWP,CE,Towers with Radar,0,24,14,0,38,0,176,193,0,369,0,200,207,0,407,908,0,908,1315
04/04/2020,DVT,AZ,AWP,CE,Towers with Radar,0,32,19,0,51,0,180,197,0,377,0,212,216,0,428,856,0,856,1284
04/05/2020,DVT,AZ,AWP,CE,Towers with Radar,0,27,9,0,36,0,125,170,0,295,0,152,179,0,331,594,0,594,925
04/06/2020,DVT,AZ,AWP,CE,Towers with Radar,0,32,10,1,43,0,168,162,0,330,0,200,172,1,373,619,0,619,992
04/07/2020,DVT,AZ,AWP,CE,Towers with Radar,0,26,15,0,41,0,151,201,0,352,0,177,216,0,393,927,0,927,1320
04/08/2020,DVT,AZ,AWP,CE,Towers with Radar,0,20,10,0,30,0,89,88,0,177,0,109,98,0,207,563,0,563,770
04/09/2020,DVT,AZ,AWP,CE,Towers with Radar,1,32,13,1,47,0,180,212,0,392,1,212,225,1,439,1106,0,1106,1545
04/10/2020,DVT,AZ,AWP,CE,Towers with Radar,0,34,17,0,51,0,172,183,1,356,0,206,200,1,407,871,0,871,1278
04/11/2020,DVT,AZ,AWP,CE,Towers with Radar,0,16,14,0,30,0,120,93,0,213,0,136,107,0,243,687,0,687,930
04/12/2020,DVT,AZ,AWP,CE,Towers with Radar,0,30,10,0,40,0,124,144,0,268,0,154,154,0,308,813,0,813,1121
04/13/2020,DVT,AZ,AWP,CE,Towers with Radar,0,16,16,1,33,0,125,113,1,239,0,141,129,2,272,745,3,748,1020
04/14/2020,DVT,AZ,AWP,CE,Towers with Radar,0,45,16,0,61,0,202,187,0,389,0,247,203,0,450,915,0,915,1365
04/15/2020,DVT,AZ,AWP,CE,Towers with Radar,0,39,23,0,62,0,174,229,0,403,0,213,252,0,465,1047,0,1047,1512
04/16/2020,DVT,AZ,AWP,CE,Towers with Radar,0,25,16,0,41,0,196,190,0,386,0,221,206,0,427,824,0,824,1251
04/17/2020,DVT,AZ,AWP,CE,Towers with Radar,0,29,10,0,39,2,139,145,0,286,2,168,155,0,325,520,0,520,845
04/18/2020,DVT,AZ,AWP,CE,Towers with Radar,0,29,6,0,35,0,162,172,0,334,0,191,178,0,369,807,0,807,1176
04/19/2020,DVT,AZ,AWP,CE,Towers with Radar,0,29,12,0,41,0,159,202,0,361,0,188,214,0,402,862,0,862,1264
04/20/2020,DVT,AZ,AWP,CE,Towers with Radar,0,32,15,0,47,0,141,181,0,322,0,173,196,0,369,654,0,654,1023
04/21/2020,DVT,AZ,AWP,CE,Towers with Radar,0,28,9,0,37,0,149,180,0,329,0,177,189,0,366,832,0,832,1198
04/22/2020,DVT,AZ,AWP,CE,Towers with Radar,0,26,17,2,45,0,175,209,0,384,0,201,226,2,429,985,0,985,1414
04/23/2020,DVT,AZ,AWP,CE,Towers with Radar,0,24,14,0,38,0,148,186,0,334,0,172,200,0,372,854,0,854,1226
04/24/2020,DVT,AZ,AWP,CE,Towers with Radar,0,34,33,0,67,0,142,173,0,315,0,176,206,0,382,811,0,811,1193
04/25/2020,DVT,AZ,AWP,CE,Towers with Radar,0,16,13,0,29,0,171,201,0,372,0,187,214,0,401,557,0,557,958
04/26/2020,DVT,AZ,AWP,CE,Towers with Radar,0,31,14,0,45,0,96,182,0,278,0,127,196,0,323,815,0,815,1138
04/27/2020,DVT,AZ,AWP,CE,Towers with Radar,0,27,10,0,37,0,146,149,0,295,0,173,159,0,332,788,0,788,1120
04/28/2020,DVT,AZ,AWP,CE,Towers with Radar,0,27,8,0,35,0,151,206,0,357,0,178,214,0,392,814,0,814,1206
04/29/2020,DVT,AZ,AWP,CE,Towers with Radar,0,20,20,0,40,0,177,201,0,378,0,197,221,0,418,844,0,844,1262
04/30/2020,DVT,AZ,AWP,CE,Towers with Radar,0,47,12,0,59,0,157,205,0,362,0,204,217,0,421,947,0,947,1368
05/01/2020,DVT,AZ,AWP,CE,Towers with Radar,0,28,15,0,43,0,135,237,0,372,0,163,252,0,415,869,0,869,1284
05/02/2020,DVT,AZ,AWP,CE,Towers with Radar,0,17,9,0,26,0,124,217,0,341,0,141,226,0,367,792,0,792,1159
05/03/2020,DVT,AZ,AWP,CE,Towers with Radar,0,33,21,0,54,0,124,194,0,318,0,157,215,0,372,724,0,724,1096
05/04/2020,DVT,AZ,AWP,CE,Towers with Radar,0,34,21,0,55,0,137,214,0,351,0,171,235,0,406,1151,0,1151,1557
05/05/2020,DVT,AZ,AWP,CE,Towers with Radar,0,21,19,0,40,0,113,162,0,275,0,134,181,0,315,846,0,846,1161
05/06/2020,DVT,AZ,AWP,CE,Towers with Radar,0,39,23,0,62,0,173,265,0,438,0,212,288,0,500,985,0,985,1485
05/07/2020,DVT,AZ,AWP,CE,Towers with Radar,0,30,28,0,58,0,148,257,0,405,0,178,285,0,463,920,0,920,1383
05/08/2020,DVT,AZ,AWP,CE,Towers with Radar,0,25,17,0,42,0,156,221,0,377,0,181,238,0,419,888,0,888,1307
05/09/2020,DVT,AZ,AWP,CE,Towers with Radar,0,34,17,0,51,0,152,177,0,329,0,186,194,0,380,804,0,804,1184
05/10/2020,DVT,AZ,AWP,CE,Towers with Radar,0,14,15,0,29,0,40,74,0,114,0,54,89,0,143,302,0,302,445
05/11/2020,DVT,AZ,AWP,CE,Towers with Radar,0,20,24,0,44,0,158,228,0,386,0,178,252,0,430,864,0,864,1294
05/12/2020,DVT,AZ,AWP,CE,Towers with Radar,0,30,16,0,46,0,174,229,0,403,0,204,245,0,449,1040,0,1040,1489
05/13/2020,DVT,AZ,AWP,CE,Towers with Radar,0,32,34,0,66,0,120,247,0,367,0,152,281,0,433,1074,0,1074,1507
05/14/2020,DVT,AZ,AWP,CE,Towers with Radar,0,29,12,0,41,0,167,255,0,422,0,196,267,0,463,1104,0,1104,1567
05/15/2020,DVT,AZ,AWP,CE,Towers with Radar,0,33,26,0,59,0,162,252,0,414,0,195,278,0,473,1072,0,1072,1545
05/16/2020,DVT,AZ,AWP,CE,Towers with Radar,0,21,10,0,31,0,132,210,0,342,0,153,220,0,373,818,0,818,1191
05/17/2020,DVT,AZ,AWP,CE,Towers with Radar,0,23,17,0,40,0,120,195,0,315,0,143,212,0,355,707,0,707,1062
05/18/2020,DVT,AZ,AWP,CE,Towers with Radar,0,19,16,0,35,0,150,164,0,314,0,169,180,0,349,876,0,876,1225
05/19/2020,DVT,AZ,AWP,CE,Towers with Radar,0,23,22,0,45,0,103,178,0,281,0,126,200,0,326,617,0,617,943
05/20/2020,DVT,AZ,AWP,CE,Towers with Radar,0,27,33,0,60,0,160,276,0,436,0,187,309,0,496,1182,0,1182,1678
05/21/2020,DVT,AZ,AWP,CE,Towers with Radar,0,21,32,0,53,0,156,238,0,394,0,177,270,0,447,1118,0,1118,1565
05/22/2020,DVT,AZ,AWP,CE,Towers with Radar,0,22,17,0,39,0,128,221,0,349,0,150,238,0,388,857,0,857,1245
05/23/2020,DVT,AZ,AWP,CE,Towers with Radar,0,20,26,0,46,0,105,203,0,308,0,125,229,0,354,630,0,630,984
05/24/2020,DVT,AZ,AWP,CE,Towers with Radar,0,15,10,0,25,0,109,200,0,309,0,124,210,0,334,673,0,673,1007
05/25/2020,DVT,AZ,AWP,CE,Towers with Radar,0,25,19,0,44,0,118,257,0,375,0,143,276,0,419,999,0,999,1418
05/26/2020,DVT,AZ,AWP,CE,Towers with Radar,0,16,15,0,31,0,141,237,0,378,0,157,252,0,409,366,0,366,775
05/27/2020,DVT,AZ,AWP,CE,Towers with Radar,0,10,12,0,22,0,149,227,0,376,0,159,239,0,398,285,0,285,683
05/28/2020,DVT,AZ,AWP,CE,Towers with Radar,0,8,15,0,23,0,119,211,0,330,0,127,226,0,353,303,0,303,656
05/29/2020,DVT,AZ,AWP,CE,Towers with Radar,0,5,9,0,14,0,151,200,0,351,0,156,209,0,365,179,0,179,544
05/30/2020,DVT,AZ,AWP,CE,Towers with Radar,0,13,6,0,19,0,134,219,0,353,0,147,225,0,372,237,0,237,609
05/31/2020,DVT,AZ,AWP,CE,Towers with Radar,0,9,18,0,27,0,119,166,0,285,0,128,184,0,312,262,0,262,574
06/01/2020,DVT,AZ,AWP,CE,Towers with Radar,0,15,17,0,32,0,113,207,0,320,0,128,224,0,352,296,0,296,648
06/02/2020,DVT,AZ,AWP,CE,Towers with Radar,0,29,24,0,53,0,146,205,0,351,0,175,229,0,404,913,0,913,1317
06/03/2020,DVT,AZ,AWP,CE,Towers with Radar,0,27,24,0,51,0,144,201,0,345,0,171,225,0,396,914,0,914,1310
06/04/2020,DVT,AZ,AWP,CE,Towers with Radar,0,25,26,0,51,0,145,193,0,338,0,170,219,0,389,874,0,874,1263
06/05/2020,DVT,AZ,AWP,CE,Towers with Radar,0,28,24,0,52,0,140,191,0,331,0,168,215,0,383,818,0,818,1201
06/06/2020,DVT,AZ,AWP,CE,Towers with Radar,0,29,20,0,49,0,125,163,0,288,0,154,183,0,337,901,0,901,1238
06/07/2020,DVT,AZ,AWP,CE,Towers with Radar,0,25,22,0,47,0,127,143,0,270,0,152,165,0,317,553,0,553,870
06/08/2020,DVT,AZ,AWP,CE,Towers with Radar,0,26,25,0,51,0,74,124,0,198,0,100,149,0,249,540,0,540,789
06/09/2020,DVT,AZ,AWP,CE,Towers with Radar,0,26,19,0,45,0,127,222,0,349,0,153,241,0,394,927,0,927,1321
06/10/2020,DVT,AZ,AWP,CE,Towers with Radar,0,28,17,0,45,0,153,272,0,425,0,181,289,0,470,862,0,862,1332
06/11/2020,DVT,AZ,AWP,CE,Towers with Radar,0,15,18,0,33,2,123,207,1,333,2,138,225,1,366,868,0,868,1234
06/12/2020,DVT,AZ,AWP,CE,Towers with Radar,0,30,20,0,50,0,105,170,0,275,0,135,190,0,325,609,0,609,934
06/13/2020,DVT,AZ,AWP,CE,Towers with Radar,0,41,15,0,56,0,127,157,0,284,0,168,172,0,340,557,0,557,897
06/14/2020,DVT,AZ,AWP,CE,Towers with Radar,0,23,10,0,33,0,101,163,0,264,0,124,173,0,297,772,0,772,1069
06/15/2020,DVT,AZ,AWP,CE,Towers with Radar,0,36,22,0,58,0,119,174,0,293,0,155,196,0,351,708,0,708,1059
06/16/2020,DVT,AZ,AWP,CE,Towers with Radar,0,39,13,0,52,0,132,185,0,317,0,171,198,0,369,761,0,761,1130
06/17/2020,DVT,AZ,AWP,CE,Towers with Radar,0,29,33,1,63,2,107,206,0,315,2,136,239,1,378,724,0,724,1102
06/18/2020,DVT,AZ,AWP,CE,Towers with Radar,0,35,22,1,58,0,124,211,3,338,0,159,233,4,396,681,0,681,1077
06/19/2020,DVT,AZ,AWP,CE,Towers with Radar,0,24,25,0,49,0,137,193,0,330,0,161,218,0,379,779,0,779,1158
06/20/2020,DVT,AZ,AWP,CE,Towers with Radar,0,22,21,0,43,0,120,204,0,324,0,142,225,0,367,693,0,693,1060
06/21/2020,DVT,AZ,AWP,CE,Towers with Radar,0,27,15,0,42,0,101,170,0,271,0,128,185,0,313,599,0,599,912
06/22/2020,DVT,AZ,AWP,CE,Towers with Radar,0,16,27,1,44,0,121,198,0,319,0,137,225,1,363,737,0,737,1100
06/23/2020,DVT,AZ,AWP,CE,Towers with Radar,0,21,18,0,39,0,101,159,0,260,0,122,177,0,299,570,0,570,869
06/24/2020,DVT,AZ,AWP,CE,Towers with Radar,0,33,26,0,59,0,126,175,0,301,0,159,201,0,360,687,0,687,1047
06/25/2020,DVT,AZ,AWP,CE,Towers with Radar,0,35,24,0,59,0,121,209,0,330,0,156,233,0,389,814,0,814,1203
06/26/2020,DVT,AZ,AWP,CE,Towers with Radar,0,33,24,0,57,0,146,178,0,324,0,179,202,0,381,749,0,749,1130
06/27/2020,DVT,AZ,AWP,CE,Towers with Radar,0,34,13,0,47,0,130,176,0,306,0,164,189,0,353,559,0,559,912
06/28/2020,DVT,AZ,AWP,CE,Towers with Radar,0,19,8,0,27,0,82,136,0,218,0,101,144,0,245,414,0,414,659
06/29/2020,DVT,AZ,AWP,CE,Towers with Radar,0,21,8,0,29,0,118,144,1,263,0,139,152,1,292,679,0,679,971
06/30/2020,DVT,AZ,AWP,CE,Towers with Radar,0,18,16,0,34,0,134,252,0,386,0,152,268,0,420,810,0,810,1230
07/01/2020,DVT,AZ,AWP,CE,Towers with Radar,0,27,16,0,43,0,160,189,1,350,0,187,205,1,393,805,0,805,1198
07/02/2020,DVT,AZ,AWP,CE,Towers with Radar,0,24,26,0,50,0,137,185,1,323,0,161,211,1,373,810,0,810,1183
07/03/2020,DVT,AZ,AWP,CE,Towers with Radar,0,20,8,0,28,0,98,181,0,279,0,118,189,0,307,625,0,625,932
07/04/2020,DVT,AZ,AWP,CE,Towers with Radar,0,22,3,0,25,0,104,140,0,244,0,126,143,0,269,409,0,409,678
07/05/2020,DVT,AZ,AWP,CE,Towers with Radar,0,17,9,0,26,0,97,142,0,239,0,114,151,0,265,515,0,515,780
07/06/2020,DVT,AZ,AWP,CE,Towers with Radar,0,17,22,0,39,0,140,202,0,342,0,157,224,0,381,728,0,728,1109
07/07/2020,DVT,AZ,AWP,CE,Towers with Radar,0,25,20,0,45,0,123,175,0,298,0,148,195,0,343,762,0,762,1105
07/08/2020,DVT,AZ,AWP,CE,Towers with Radar,0,23,24,0,47,0,123,197,0,320,0,146,221,0,367,604,0,604,971
07/09/2020,DVT,AZ,AWP,CE,Towers with Radar,0,21,14,0,35,0,84,186,0,270,0,105,200,0,305,677,0,677,982
07/10/2020,DVT,AZ,AWP,CE,Towers with Radar,0,21,28,1,50,0,98,192,1,291,0,119,220,2,341,642,0,642,983
07/11/2020,DVT,AZ,AWP,CE,Towers with Radar,0,11,11,0,22,0,99,127,0,226,0,110,138,0,248,626,0,626,874
07/12/2020,DVT,AZ,AWP,CE,Towers with Radar,0,19,16,0,35,0,86,116,0,202,0,105,132,0,237,657,0,657,894
07/13/2020,DVT,AZ,AWP,CE,Towers with Radar,0,21,22,0,43,0,84,162,0,246,0,105,184,0,289,747,0,747,1036
07/14/2020,DVT,AZ,AWP,CE,Towers with Radar,0,16,12,0,28,0,85,186,0,271,0,101,198,0,299,794,0,794,1093
07/15/2020,DVT,AZ,AWP,CE,Towers with Radar,0,22,15,0,37,0,143,204,0,347,0,165,219,0,384,822,0,822,1206
07/16/2020,DVT,AZ,AWP,CE,Towers with Radar,0,11,18,0,29,0,110,205,0,315,0,121,223,0,344,626,0,626,970
07/17/2020,DVT,AZ,AWP,CE,Towers with Radar,0,36,19,0,55,0,132,200,0,332,0,168,219,0,387,795,0,795,1182
07/18/2020,DVT,AZ,AWP,CE,Towers with Radar,0,20,16,0,36,0,117,170,0,287,0,137,186,0,323,454,0,454,777
07/19/2020,DVT,AZ,AWP,CE,Towers with Radar,0,18,14,1,33,0,102,142,0,244,0,120,156,1,277,624,0,624,901
07/20/2020,DVT,AZ,AWP,CE,Towers with Radar,0,20,20,0,40,0,118,182,0,300,0,138,202,0,340,766,0,766,1106
07/21/2020,DVT,AZ,AWP,CE,Towers with Radar,1,36,22,0,59,0,125,206,0,331,1,161,228,0,390,880,0,880,1270
07/22/2020,DVT,AZ,AWP,CE,Towers with Radar,0,25,15,0,40,0,134,208,0,342,0,159,223,0,382,681,0,681,1063
07/23/2020,DVT,AZ,AWP,CE,Towers with Radar,0,15,13,0,28,0,75,178,0,253,0,90,191,0,281,508,0,508,789
07/24/2020,DVT,AZ,AWP,CE,Towers with Radar,0,18,19,0,37,0,95,185,0,280,0,113,204,0,317,673,0,673,990
07/25/2020,DVT,AZ,AWP,CE,Towers with Radar,0,28,22,0,50,0,143,175,0,318,0,171,197,0,368,605,0,605,973
07/26/2020,DVT,AZ,AWP,CE,Towers with Radar,0,18,22,0,40,0,102,138,0,240,0,120,160,0,280,506,0,506,786
07/27/2020,DVT,AZ,AWP,CE,Towers with Radar,0,25,28,0,53,0,122,179,0,301,0,147,207,0,354,768,0,768,1122
07/28/2020,DVT,AZ,AWP,CE,Towers with Radar,0,23,18,1,42,0,122,211,0,333,0,145,229,1,375,556,0,556,931
07/29/2020,DVT,AZ,AWP,CE,Towers with Radar,0,16,23,0,39,0,103,196,0,299,0,119,219,0,338,776,0,776,1114
07/30/2020,DVT,AZ,AWP,CE,Towers with Radar,0,22,19,0,41,0,91,162,0,253,0,113,181,0,294,656,0,656,950
07/31/2020,DVT,AZ,AWP,CE,Towers with Radar,0,18,22,0,40,0,124,174,0,298,0,142,196,0,338,521,0,521,859
08/01/2020,DVT,AZ,AWP,CE,Towers with Radar,0,23,13,0,36,0,110,125,0,235,0,133,138,0,271,375,0,375,646
08/02/2020,DVT,AZ,AWP,CE,Towers with Radar,0,22,14,0,36,0,117,169,0,286,0,139,183,0,322,423,0,423,745
08/03/2020,DVT,AZ,AWP,CE,Towers with Radar,0,20,25,0,45,0,111,164,0,275,0,131,189,0,320,607,0,607,927
08/04/2020,DVT,AZ,AWP,CE,Towers with Radar,0,31,21,0,52,0,137,203,0,340,0,168,224,0,392,779,0,779,1171
08/05/2020,DVT,AZ,AWP,CE,Towers with Radar,0,17,18,0,35,0,121,176,0,297,0,138,194,0,332,661,0,661,993
08/06/2020,DVT,AZ,AWP,CE,Towers with Radar,0,27,18,0,45,0,125,200,0,325,0,152,218,0,370,820,0,820,1190
08/07/2020,DVT,AZ,AWP,CE,Towers with Radar,0,28,20,0,48,0,101,202,0,303,0,129,222,0,351,764,0,764,1115
08/08/2020,DVT,AZ,AWP,CE,Towers with Radar,0,15,15,0,30,0,113,183,0,296,0,128,198,0,326,605,0,605,931
08/09/2020,DVT,AZ,AWP,CE,Towers with Radar,0,27,28,0,55,0,102,208,0,310,0,129,236,0,365,609,0,609,974
08/10/2020,DVT,AZ,AWP,CE,Towers with Radar,0,21,19,0,40,0,141,165,1,307,0,162,184,1,347,564,0,564,911
08/11/2020,DVT,AZ,AWP,CE,Towers with Radar,0,21,16,0,37,0,126,183,0,309,0,147,199,0,346,641,0,641,987
08/12/2020,DVT,AZ,AWP,CE,Towers with Radar,0,24,12,0,36,0,132,214,0,346,0,156,226,0,382,764,0,764,1146
08/13/2020,DVT,AZ,AWP,CE,Towers with Radar,1,34,25,0,60,0,132,162,0,294,1,166,187,0,354,663,0,663,1017
08/14/2020,DVT,AZ,AWP,CE,Towers with Radar,0,25,18,0,43,0,85,190,0,275,0,110,208,0,318,536,0,536,854
08/15/2020,DVT,AZ,AWP,CE,Towers with Radar,0,30,17,0,47,0,104,199,0,303,0,134,216,0,350,670,0,670,1020
08/16/2020,DVT,AZ,AWP,CE,Towers with Radar,0,25,18,0,43,0,87,120,0,207,0,112,138,0,250,502,0,502,752
08/17/2020,DVT,AZ,AWP,CE,Towers with Radar,0,21,16,0,37,0,104,135,0,239,0,125,151,0,276,458,0,458,734
08/18/2020,DVT,AZ,AWP,CE,Towers with Radar,0,30,15,0,45,0,108,155,0,263,0,138,170,0,308,478,0,478,786
08/19/2020,DVT,AZ,AWP,CE,Towers with Radar,0,30,22,0,52,0,104,183,0,287,0,134,205,0,339,417,0,417,756
08/20/2020,DVT,AZ,AWP,CE,Towers with Radar,0,34,24,0,58,0,106,140,0,246,0,140,164,0,304,501,0,501,805
08/21/2020,DVT,AZ,AWP,CE,Towers with Radar,0,23,12,0,35,0,107,169,0,276,0,130,181,0,311,590,0,590,901
08/22/2020,DVT,AZ,AWP,CE,Towers with Radar,0,20,9,0,29,0,131,184,0,315,0,151,193,0,344,534,0,534,878
08/23/2020,DVT,AZ,AWP,CE,Towers with Radar,0,24,19,0,43,0,66,209,0,275,0,90,228,0,318,483,0,483,801
08/24/2020,DVT,AZ,AWP,CE,Towers with Radar,0,23,23,0,46,0,100,198,0,298,0,123,221,0,344,450,0,450,794
08/25/2020,DVT,AZ,AWP,CE,Towers with Radar,0,24,23,0,47,0,122,182,0,304,0,146,205,0,351,561,0,561,912
08/26/2020,DVT,AZ,AWP,CE,Towers with Radar,0,27,17,0,44,0,132,194,0,326,0,159,211,0,370,644,0,644,1014
08/27/2020,DVT,AZ,AWP,CE,Towers with Radar,0,31,15,0,46,0,95,150,0,245,0,126,165,0,291,578,0,578,869
08/28/2020,DVT,AZ,AWP,CE,Towers with Radar,0,29,37,0,66,0,106,198,0,304,0,135,235,0,370,529,0,529,899
08/29/2020,DVT,AZ,AWP,CE,Towers with Radar,0,16,12,0,28,0,58,150,0,208,0,74,162,0,236,308,0,308,544
08/30/2020,DVT,AZ,AWP,CE,Towers with Radar,0,20,23,0,43,0,69,161,0,230,0,89,184,0,273,432,0,432,705
08/31/2020,DVT,AZ,AWP,CE,Towers with Radar,0,17,15,0,32,0,106,165,0,271,0,123,180,0,303,667,0,667,970
09/01/2020,DVT,AZ,AWP,CE,Towers with Radar,0,34,23,0,57,0,122,177,0,299,0,156,200,0,356,546,0,546,902
09/02/2020,DVT,AZ,AWP,CE,Towers with Radar,0,25,33,0,58,0,122,203,0,325,0,147,236,0,383,664,0,664,1047
09/03/2020,DVT,AZ,AWP,CE,Towers with Radar,0,26,24,0,50,0,115,179,0,294,0,141,203,0,344,533,0,533,877
09/04/2020,DVT,AZ,AWP,CE,Towers with Radar,0,28,11,0,39,0,108,198,0,306,0,136,209,0,345,570,0,570,915
09/05/2020,DVT,AZ,AWP,CE,Towers with Radar,0,14,20,0,34,0,91,163,0,254,0,105,183,0,288,368,0,368,656
09/06/2020,DVT,AZ,AWP,CE,Towers with Radar,0,19,11,0,30,0,87,144,0,231,0,106,155,0,261,383,0,383,644
09/07/2020,DVT,AZ,AWP,CE,Towers with Radar,0,22,26,0,48,0,86,207,0,293,0,108,233,0,341,644,0,644,985
09/08/2020,DVT,AZ,AWP,CE,Towers with Radar,0,16,19,0,35,0,78,155,0,233,0,94,174,0,268,553,0,553,821
09/09/2020,DVT,AZ,AWP,CE,Towers with Radar,0,20,35,0,55,0,100,220,0,320,0,120,255,0,375,582,0,582,957
09/10/2020,DVT,AZ,AWP,CE,Towers with Radar,1,29,20,0,50,0,128,235,0,363,1,157,255,0,413,851,0,851,1264
09/11/2020,DVT,AZ,AWP,CE,Towers with Radar,0,14,24,0,38,0,104,245,0,349,0,118,269,0,387,777,0,777,1164
09/12/2020,DVT,AZ,AWP,CE,Towers with Radar,0,25,26,0,51,0,104,247,0,351,0,129,273,0,402,649,0,649,1051
09/13/2020,DVT,AZ,AWP,CE,Towers with Radar,0,22,16,0,38,0,102,183,0,285,0,124,199,0,323,371,0,371,694
09/14/2020,DVT,AZ,AWP,CE,Towers with Radar,0,17,14,0,31,0,80,152,0,232,0,97,166,0,263,453,0,453,716
09/15/2020,DVT,AZ,AWP,CE,Towers with Radar,0,23,20,0,43,0,134,239,0,373,0,157,259,0,416,577,0,577,993
09/16/2020,DVT,AZ,AWP,CE,Towers with Radar,0,25,19,0,44,0,119,234,0,353,0,144,253,0,397,705,0,705,1102
09/17/2020,DVT,AZ,AWP,CE,Towers with Radar,0,27,24,0,51,0,111,187,0,298,0,138,211,0,349,525,6,531,880
09/18/2020,DVT,AZ,AWP,CE,Towers with Radar,0,28,32,0,60,0,92,200,0,292,0,120,232,0,352,530,0,530,882
09/19/2020,DVT,AZ,AWP,CE,Towers with Radar,0,26,16,0,42,0,97,156,0,253,0,123,172,0,295,354,0,354,649
09/20/2020,DVT,AZ,AWP,CE,Towers with Radar,0,15,16,0,31,0,74,165,0,239,0,89,181,0,270,546,0,546,816
09/21/2020,DVT,AZ,AWP,CE,Towers with Radar,0,12,17,0,29,0,87,212,0,299,0,99,229,0,328,615,0,615,943
09/22/2020,DVT,AZ,AWP,CE,Towers with Radar,0,33,21,0,54,0,96,188,0,284,0,129,209,0,338,778,0,778,1116
09/23/2020,DVT,AZ,AWP,CE,Towers with Radar,0,24,29,0,53,0,146,257,2,405,0,170,286,2,458,755,6,761,1219
09/24/2020,DVT,AZ,AWP,CE,Towers with Radar,0,23,28,0,51,0,124,204,0,328,0,147,232,0,379,642,0,642,1021
09/25/2020,DVT,AZ,AWP,CE,Towers with Radar,0,21,21,1,43,0,103,252,0,355,0,124,273,1,398,690,0,690,1088
09/26/2020,DVT,AZ,AWP,CE,Towers with Radar,0,22,23,0,45,0,115,206,0,321,0,137,229,0,366,465,0,465,831
09/27/2020,DVT,AZ,AWP,CE,Towers with Radar,0,20,26,0,46,0,91,171,0,262,0,111,197,0,308,504,0,504,812
09/28/2020,DVT,AZ,AWP,CE,Towers with Radar,0,27,13,0,40,0,87,178,0,265,0,114,191,0,305,620,0,620,925
09/29/2020,DVT,AZ,AWP,CE,Towers with Radar,0,25,18,0,43,0,105,228,0,333,0,130,246,0,376,708,0,708,1084
09/30/2020,DVT,AZ,AWP,CE,Towers with Radar,0,21,24,0,45,0,103,265,0,368,0,124,289,0,413,696,0,696,1109
10/01/2020,DVT,AZ,AWP,CE,Towers with Radar,0,18,24,0,42,0,111,203,0,314,0,129,227,0,356,1012,0,1012,1368
10/02/2020,DVT,AZ,AWP,CE,Towers with Radar,0,29,34,0,63,0,94,216,0,310,0,123,250,0,373,765,0,765,1138
10/03/2020,DVT,AZ,AWP,CE,Towers with Radar,0,18,20,0,38,0,83,212,0,295,0,101,232,0,333,510,0,510,843
10/04/2020,DVT,AZ,AWP,CE,Towers with Radar,0,27,26,0,53,0,83,181,0,264,0,110,207,0,317,442,0,442,759
10/05/2020,DVT,AZ,AWP,CE,Towers with Radar,0,25,25,0,50,0,86,196,0,282,0,111,221,0,332,859,0,859,1191
10/06/2020,DVT,AZ,AWP,CE,Towers with Radar,0,28,15,0,43,0,109,252,0,361,0,137,267,0,404,739,0,739,1143
10/07/2020,DVT,AZ,AWP,CE,Towers with Radar,0,26,16,0,42,0,121,239,0,360,0,147,255,0,402,843,0,843,1245
10/08/2020,DVT,AZ,AWP,CE,Towers with Radar,1,27,25,0,53,0,128,234,0,362,1,155,259,0,415,769,0,769,1184
10/09/2020,DVT,AZ,AWP,CE,Towers with Radar,0,25,43,0,68,0,81,231,0,312,0,106,274,0,380,599,0,599,979
10/10/2020,DVT,AZ,AWP,CE,Towers with Radar,0,29,21,0,50,0,92,212,0,304,0,121,233,0,354,526,0,526,880
10/11/2020,DVT,AZ,AWP,CE,Towers with Radar,0,22,24,0,46,0,74,210,0,284,0,96,234,0,330,369,0,369,699
10/12/2020,DVT,AZ,AWP,CE,Towers with Radar,0,24,22,0,46,0,112,221,0,333,0,136,243,0,379,896,0,896,1275
10/13/2020,DVT,AZ,AWP,CE,Towers with Radar,0,26,26,0,52,0,121,259,0,380,0,147,285,0,432,879,0,879,1311
10/14/2020,DVT,AZ,AWP,CE,Towers with Radar,0,32,19,0,51,0,130,219,0,349,0,162,238,0,400,925,0,925,1325
10/15/2020,DVT,AZ,AWP,CE,Towers with Radar,0,36,20,0,56,0,114,205,0,319,0,150,225,0,375,735,0,735,1110
10/16/2020,DVT,AZ,AWP,CE,Towers with Radar,0,20,28,0,48,0,92,186,0,278,0,112,214,0,326,726,0,726,1052
10/17/2020,DVT,AZ,AWP,CE,Towers with Radar,0,29,17,0,46,0,109,222,0,331,0,138,239,0,377,669,0,669,1046
10/18/2020,DVT,AZ,AWP,CE,Towers with Radar,0,17,22,0,39,0,68,198,0,266,0,85,220,0,305,540,0,540,845
10/19/2020,DVT,AZ,AWP,CE,Towers with Radar,0,5,24,0,29,0,59,135,0,194,0,64,159,0,223,270,0,270,493
10/20/2020,DVT,AZ,AWP,CE,Towers with Radar,0,24,16,0,40,0,100,242,0,342,0,124,258,0,382,704,0,704,1086
10/21/2020,DVT,AZ,AWP,CE,Towers with Radar,0,21,32,0,53,0,107,259,0,366,0,128,291,0,419,750,0,750,1169
10/22/2020,DVT,AZ,AWP,CE,Towers with Radar,0,30,23,0,53,0,156,232,0,388,0,186,255,0,441,759,0,759,1200
10/23/2020,DVT,AZ,AWP,CE,Towers with Radar,0,26,26,0,52,0,104,258,0,362,0,130,284,0,414,691,0,691,1105
10/24/2020,DVT,AZ,AWP,CE,Towers with Radar,0,15,20,0,35,0,87,226,0,313,0,102,246,0,348,639,0,639,987
10/25/2020,DVT,AZ,AWP,CE,Towers with Radar,0,8,18,0,26,0,44,127,0,171,0,52,145,0,197,192,0,192,389
10/26/2020,DVT,AZ,AWP,CE,Towers with Radar,0,10,17,0,27,0,100,80,0,180,0,110,97,0,207,262,0,262,469
10/27/2020,DVT,AZ,AWP,CE,Towers with Radar,0,18,36,0,54,0,122,214,0,336,0,140,250,0,390,628,0,628,1018
10/28/2020,DVT,AZ,AWP,CE,Towers with Radar,0,14,12,0,26,0,129,228,0,357,0,143,240,0,383,707,0,707,1090
10/29/2020,DVT,AZ,AWP,CE,Towers with Radar,0,20,23,0,43,0,152,303,0,455,0,172,326,0,498,802,0,802,1300
10/30/2020,DVT,AZ,AWP,CE,Towers with Radar,0,19,23,0,42,0,104,253,0,357,0,123,276,0,399,675,0,675,1074
10/31/2020,DVT,AZ,AWP,CE,Towers with Radar,0,12,11,0,23,0,59,243,0,302,0,71,254,0,325,588,0,588,913
11/01/2020,DVT,AZ,AWP,CE,Towers with Radar,0,8,18,0,26,0,44,179,1,224,0,52,197,1,250,238,0,238,488
11/02/2020,DVT,AZ,AWP,CE,Towers with Radar,0,16,15,0,31,0,120,219,0,339,0,136,234,0,370,613,0,613,983
11/03/2020,DVT,AZ,AWP,CE,Towers with Radar,0,22,25,0,47,0,128,243,0,371,0,150,268,0,418,830,0,830,1248
11/04/2020,DVT,AZ,AWP,CE,Towers with Radar,0,27,26,0,53,0,99,285,0,384,0,126,311,0,437,1050,0,1050,1487
11/05/2020,DVT,AZ,AWP,CE,Towers with Radar,0,31,25,0,56,0,98,231,0,329,0,129,256,0,385,759,0,759,1144
11/06/2020,DVT,AZ,AWP,CE,Towers with Radar,0,26,32,0,58,0,85,185,0,270,0,111,217,0,328,938,0,938,1266
11/07/2020,DVT,AZ,AWP,CE,Towers with Radar,0,6,22,0,28,0,27,76,3,106,0,33,98,3,134,272,0,272,406
11/08/2020,DVT,AZ,AWP,CE,Towers with Radar,0,14,21,0,35,0,34,80,0,114,0,48,101,0,149,204,0,204,353
11/09/2020,DVT,AZ,AWP,CE,Towers with Radar,0,25,22,0,47,0,101,193,0,294,0,126,215,0,341,841,0,841,1182
11/10/2020,DVT,AZ,AWP,CE,Towers with Radar,0,22,35,1,58,0,109,235,1,345,0,131,270,2,403,866,0,866,1269
11/11/2020,DVT,AZ,AWP,CE,Towers with Radar,0,30,26,0,56,0,123,242,0,365,0,153,268,0,421,1015,0,1015,1436
11/12/2020,DVT,AZ,AWP,CE,Towers with Radar,0,31,28,0,59,0,101,267,0,368,0,132,295,0,427,814,0,814,1241
11/13/2020,DVT,AZ,AWP,CE,Towers with Radar,1,39,40,0,80,0,86,182,0,268,1,125,222,0,348,640,0,640,988
11/14/2020,DVT,AZ,AWP,CE,Towers with Radar,0,11,15,0,26,0,39,185,0,224,0,50,200,0,250,425,0,425,675
11/15/2020,DVT,AZ,AWP,CE,Towers with Radar,0,12,21,0,33,0,39,255,0,294,0,51,276,0,327,366,0,366,693
11/16/2020,DVT,AZ,AWP,CE,Towers with Radar,0,25,22,0,47,0,90,189,0,279,0,115,211,0,326,804,0,804,1130
11/17/2020,DVT,AZ,AWP,CE,Towers with Radar,0,16,16,0,32,0,132,214,0,346,0,148,230,0,378,754,0,754,1132
11/18/2020,DVT,AZ,AWP,CE,Towers with Radar,1,18,21,0,40,0,118,226,0,344,1,136,247,0,384,827,0,827,1211
11/19/2020,DVT,AZ,AWP,CE,Towers with Radar,0,23,29,0,52,0,110,228,0,338,0,133,257,0,390,940,0,940,1330
11/20/2020,DVT,AZ,AWP,CE,Towers with Radar,0,27,36,0,63,0,79,220,0,299,0,106,256,0,362,861,0,861,1223
11/21/2020,DVT,AZ,AWP,CE,Towers with Radar,0,12,33,0,45,0,59,227,0,286,0,71,260,0,331,592,0,592,923
11/22/2020,DVT,AZ,AWP,CE,Towers with Radar,0,8,22,0,30,0,42,201,0,243,0,50,223,0,273,526,0,526,799
11/23/2020,DVT,AZ,AWP,CE,Towers with Radar,0,32,28,0,60,0,86,195,0,281,0,118,223,0,341,803,0,803,1144
11/24/2020,DVT,AZ,AWP,CE,Towers with Radar,0,21,25,0,46,0,91,238,2,331,0,112,263,2,377,660,0,660,1037
11/25/2020,DVT,AZ,AWP,CE,Towers with Radar,0,21,34,0,55,0,102,264,0,366,0,123,298,0,421,745,0,745,1166
11/26/2020,DVT,AZ,AWP,CE,Towers with Radar,0,5,6,0,11,0,6,134,0,140,0,11,140,0,151,417,0,417,568
11/27/2020,DVT,AZ,AWP,CE,Towers with Radar,0,21,17,0,38,0,70,214,0,284,0,91,231,0,322,705,0,705,1027
11/28/2020,DVT,AZ,AWP,CE,Towers with Radar,0,9,20,0,29,0,58,196,0,254,0,67,216,0,283,558,0,558,841
11/29/2020,DVT,AZ,AWP,CE,Towers with Radar,0,16,29,0,45,0,47,221,0,268,0,63,250,0,313,490,0,490,803
11/30/2020,DVT,AZ,AWP,CE,Towers with Radar,0,18,26,0,44,0,80,169,0,249,0,98,195,0,293,529,0,529,822
12/01/2020,DVT,AZ,AWP,CE,Towers with Radar,0,22,26,0,48,0,100,223,0,323,0,122,249,0,371,886,0,886,1257
12/02/2020,DVT,AZ,AWP,CE,Towers with Radar,1,14,15,0,30,0,104,162,0,266,1,118,177,0,296,475,0,475,771
12/03/2020,DVT,AZ,AWP,CE,Towers with Radar,1,22,15,0,38,0,81,168,0,249,1,103,183,0,287,559,0,559,846
12/04/2020,DVT,AZ,AWP,CE,Towers with Radar,0,62,29,0,91,0,90,218,0,308,0,152,247,0,399,731,0,731,1130
12/05/2020,DVT,AZ,AWP,CE,Towers with Radar,0,11,17,0,28,0,42,190,0,232,0,53,207,0,260,544,0,544,804
12/06/2020,DVT,AZ,AWP,CE,Towers with Radar,0,6,29,0,35,0,44,216,0,260,0,50,245,0,295,448,0,448,743
12/07/2020,DVT,AZ,AWP,CE,Towers with Radar,0,25,14,0,39,0,74,137,0,211,0,99,151,0,250,497,0,497,747
12/08/2020,DVT,AZ,AWP,CE,Towers with Radar,0,22,25,0,47,0,113,191,2,306,0,135,216,2,353,811,9,820,1173
12/09/2020,DVT,AZ,AWP,CE,Towers with Radar,0,27,30,0,57,0,101,229,0,330,0,128,259,0,387,985,0,985,1372
12/10/2020,DVT,AZ,AWP,CE,Towers with Radar,0,12,17,0,29,0,2,38,0,40,0,14,55,0,69,87,0,87,156
12/11/2020,DVT,AZ,AWP,CE,Towers with Radar,1,21,36,0,58,0,94,221,0,315,1,115,257,0,373,980,0,980,1353
12/12/2020,DVT,AZ,AWP,CE,Towers with Radar,0,8,27,0,35,0,58,209,0,267,0,66,236,0,302,627,0,627,929
12/13/2020,DVT,AZ,AWP,CE,Towers with Radar,0,6,22,0,28,0,42,193,0,235,0,48,215,0,263,619,0,619,882
12/14/2020,DVT,AZ,AWP,CE,Towers with Radar,0,19,30,0,49,0,100,201,0,301,0,119,231,0,350,898,0,898,1248
12/15/2020,DVT,AZ,AWP,CE,Towers with Radar,0,20,24,0,44,0,99,253,0,352,0,119,277,0,396,1006,0,1006,1402
12/16/2020,DVT,AZ,AWP,CE,Towers with Radar,0,20,28,0,48,0,115,251,0,366,0,135,279,0,414,899,0,899,1313
12/17/2020,DVT,AZ,AWP,CE,Towers with Radar,0,34,26,0,60,0,87,224,2,313,0,121,250,2,373,912,0,912,1285
12/18/2020,DVT,AZ,AWP,CE,Towers with Radar,0,20,33,0,53,0,83,199,0,282,0,103,232,0,335,899,0,899,1234
12/19/2020,DVT,AZ,AWP,CE,Towers with Radar,0,7,11,0,18,0,43,242,0,285,0,50,253,0,303,467,0,467,770
12/20/2020,DVT,AZ,AWP,CE,Towers with Radar,0,9,23,0,32,0,45,206,0,251,0,54,229,0,283,440,0,440,723
12/21/2020,DVT,AZ,AWP,CE,Towers with Radar,0,24,11,0,35,0,89,238,0,327,0,113,249,0,362,617,0,617,979
12/22/2020,DVT,AZ,AWP,CE,Towers with Radar,0,20,19,0,39,0,89,202,2,293,0,109,221,2,332,779,12,791,1123
12/23/2020,DVT,AZ,AWP,CE,Towers with Radar,0,14,22,0,36,0,55,169,0,224,0,69,191,0,260,368,0,368,628
12/24/2020,DVT,AZ,AWP,CE,Towers with Radar,0,27,11,0,38,0,52,159,0,211,0,79,170,0,249,623,0,623,872
12/25/2020,DVT,AZ,AWP,CE,Towers with Radar,0,2,4,0,6,0,5,54,0,59,0,7,58,0,65,46,0,46,111
12/26/2020,DVT,AZ,AWP,CE,Towers with Radar,0,9,29,0,38,0,32,197,0,229,0,41,226,0,267,490,0,490,757
12/27/2020,DVT,AZ,AWP,CE,Towers with Radar,0,13,25,0,38,0,27,215,0,242,0,40,240,0,280,554,0,554,834
12/28/2020,DVT,AZ,AWP,CE,Towers with Radar,0,21,20,0,41,0,64,148,0,212,0,85,168,0,253,483,0,483,736
12/29/2020,DVT,AZ,AWP,CE,Towers with Radar,0,12,31,0,43,0,60,214,0,274,0,72,245,0,317,1006,0,1006,1323
12/30/2020,DVT,AZ,AWP,CE,Towers with Radar,0,17,18,0,35,0,63,237,0,300,0,80,255,0,335,718,0,718,1053
12/31/2020,DVT,AZ,AWP,CE,Towers with Radar,0,15,25,0,40,0,41,211,0,252,0,56,236,0,292,691,0,691,983
01/01/2021,DVT,AZ,AWP,CE,Towers with Radar,0,4,15,0,19,0,10,167,0,177,0,14,182,0,196,329,0,329,525
01/02/2021,DVT,AZ,AWP,CE,Towers with Radar,0,12,24,0,36,0,44,214,0,258,0,56,238,0,294,682,0,682,976
01/03/2021,DVT,AZ,AWP,CE,Towers with Radar,0,7,23,0,30,0,36,179,0,215,0,43,202,0,245,498,0,498,743
01/04/2021,DVT,AZ,AWP,CE,Towers with Radar,0,22,19,0,41,0,84,214,0,298,0,106,233,0,339,736,0,736,1075
01/05/2021,DVT,AZ,AWP,CE,Towers with Radar,0,21,20,0,41,0,93,206,0,299,0,114,226,0,340,973,0,973,1313
01/06/2021,DVT,AZ,AWP,CE,Towers with Radar,0,19,16,0,35,0,91,221,0,312,0,110,237,0,347,952,0,952,1299
01/07/2021,DVT,AZ,AWP,CE,Towers with Radar,0,32,23,0,55,0,95,204,0,299,0,127,227,0,354,872,0,872,1226
01/08/2021,DVT,AZ,AWP,CE,Towers with Radar,0,14,37,0,51,0,92,213,0,305,0,106,250,0,356,821,0,821,1177
01/09/2021,DVT,AZ,AWP,CE,Towers with Radar,1,17,15,0,33,0,44,160,0,204,1,61,175,0,237,477,0,477,714
01/10/2021,DVT,AZ,AWP,CE,Towers with Radar,0,9,33,0,42,0,35,223,0,258,0,44,256,0,300,586,0,586,886
01/11/2021,DVT,AZ,AWP,CE,Towers with Radar,0,21,20,0,41,0,79,178,0,257,0,100,198,0,298,750,0,750,1048
01/12/2021,DVT,AZ,AWP,CE,Towers with Radar,0,24,27,0,51,0,81,227,0,308,0,105,254,0,359,925,0,925,1284
01/13/2021,DVT,AZ,AWP,CE,Towers with Radar,0,7,31,0,38,0,100,273,0,373,0,107,304,0,411,1001,0,1001,1412
01/14/2021,DVT,AZ,AWP,CE,Towers with Radar,0,16,25,0,41,0,84,245,0,329,0,100,270,0,370,773,0,773,1143
01/15/2021,DVT,AZ,AWP,CE,Towers with Radar,0,13,28,0,41,0,84,238,0,322,0,97,266,0,363,737,0,737,1100
01/16/2021,DVT,AZ,AWP,CE,Towers with Radar,0,16,23,0,39,0,50,277,0,327,0,66,300,0,366,600,0,600,966
01/17/2021,DVT,AZ,AWP,CE,Towers with Radar,0,8,31,0,39,0,42,262,0,304,0,50,293,0,343,654,0,654,997
01/18/2021,DVT,AZ,AWP,CE,Towers with Radar,0,18,23,0,41,0,80,265,0,345,0,98,288,0,386,818,0,818,1204
01/19/2021,DVT,AZ,AWP,CE,Towers with Radar,0,20,17,0,37,0,29,81,0,110,0,49,98,0,147,413,0,413,560
01/20/2021,DVT,AZ,AWP,CE,Towers with Radar,0,18,28,0,46,0,65,136,0,201,0,83,164,0,247,664,0,664,911
01/21/2021,DVT,AZ,AWP,CE,Towers with Radar,0,13,21,0,34,0,82,204,0,286,0,95,225,0,320,993,0,993,1313
01/22/2021,DVT,AZ,AWP,CE,Towers with Radar,0,10,29,0,39,0,19,82,0,101,0,29,111,0,140,778,0,778,918
01/23/2021,DVT,AZ,AWP,CE,Towers with Radar,0,6,13,0,19,0,10,62,0,72,0,16,75,0,91,205,0,205,296
01/24/2021,DVT,AZ,AWP,CE,Towers with Radar,0,2,24,0,26,0,5,40,0,45,0,7,64,0,71,69,0,69,140
01/25/2021,DVT,AZ,AWP,CE,Towers with Radar,0,3,9,0,12,0,2,17,0,19,0,5,26,0,31,31,0,31,62
01/26/2021,DVT,AZ,AWP,CE,Towers with Radar,1,6,17,0,24,0,11,63,0,74,1,17,80,0,98,434,0,434,532
01/27/2021,DVT,AZ,AWP,CE,Towers with Radar,0,15,30,0,45,2,141,288,0,431,2,156,318,0,476,632,0,632,1108
01/28/2021,DVT,AZ,AWP,CE,Towers with Radar,0,16,32,0,48,0,122,285,0,407,0,138,317,0,455,822,0,822,1277
01/29/2021,DVT,AZ,AWP,CE,Towers with Radar,0,9,16,0,25,0,57,109,0,166,0,66,125,0,191,291,0,291,482
01/30/2021,DVT,AZ,AWP,CE,Towers with Radar,0,8,31,0,39,0,42,262,0,304,0,50,293,0,343,663,0,663,1006
01/31/2021,DVT,AZ,AWP,CE,Towers with Radar,0,9,30,0,39,0,37,278,0,315,0,46,308,0,354,662,0,662,1016
02/01/2021,DVT,AZ,AWP,CE,Towers with Radar,0,22,25,0,47,0,105,220,0,325,0,127,245,0,372,757,0,757,1129
02/02/2021,DVT,AZ,AWP,CE,Towers with Radar,0,19,31,0,50,0,115,208,0,323,0,134,239,0,373,829,0,829,1202
02/03/2021,DVT,AZ,AWP,CE,Towers with Radar,0,19,16,0,35,0,99,247,0,346,0,118,263,0,381,849,0,849,1230
02/04/2021,DVT,AZ,AWP,CE,Towers with Radar,0,22,28,0,50,0,96,214,0,310,0,118,242,0,360,794,0,794,1154
02/05/2021,DVT,AZ,AWP,CE,Towers with Radar,0,15,19,0,34,0,79,226,0,305,0,94,245,0,339,766,0,766,1105
02/06/2021,DVT,AZ,AWP,CE,Towers with Radar,0,8,24,0,32,0,67,257,0,324,0,75,281,0,356,602,0,602,958
02/07/2021,DVT,AZ,AWP,CE,Towers with Radar,0,5,12,0,17,0,31,187,0,218,0,36,199,0,235,486,0,486,721
02/08/2021,DVT,AZ,AWP,CE,Towers with Radar,0,15,23,0,38,0,82,223,0,305,0,97,246,0,343,695,0,695,1038
02/09/2021,DVT,AZ,AWP,CE,Towers with Radar,0,21,31,0,52,0,112,245,0,357,0,133,276,0,409,817,0,817,1226
02/10/2021,DVT,AZ,AWP,CE,Towers with Radar,0,18,24,0,42,0,101,224,0,325,0,119,248,0,367,797,0,797,1164
02/11/2021,DVT,AZ,AWP,CE,Towers with Radar,0,21,29,0,50,0,96,265,0,361,0,117,294,0,411,817,0,817,1228
02/12/2021,DVT,AZ,AWP,CE,Towers with Radar,0,17,43,0,60,0,86,171,0,257,0,103,214,0,317,646,0,646,963
02/13/2021,DVT,AZ,AWP,CE,Towers with Radar,0,7,18,0,25,0,45,162,0,207,0,52,180,0,232,346,0,346,578
02/14/2021,DVT,AZ,AWP,CE,Towers with Radar,0,12,24,0,36,0,50,167,0,217,0,62,191,0,253,338,0,338,591
02/15/2021,DVT,AZ,AWP,CE,Towers with Radar,0,22,31,0,53,0,74,239,0,313,0,96,270,0,366,762,0,762,1128
02/16/2021,DVT,AZ,AWP,CE,Towers with Radar,0,16,23,0,39,0,96,130,0,226,0,112,153,0,265,514,0,514,779
02/17/2021,DVT,AZ,AWP,CE,Towers with Radar,0,9,30,0,39,0,74,214,0,288,0,83,244,0,327,541,0,541,868
02/18/2021,DVT,AZ,AWP,CE,Towers with Radar,0,20,24,0,44,0,92,270,0,362,0,112,294,0,406,863,0,863,1269
02/19/2021,DVT,AZ,AWP,CE,Towers with Radar,0,22,34,0,56,0,74,260,0,334,0,96,294,0,390,731,0,731,1121
02/20/2021,DVT,AZ,AWP,CE,Towers with Radar,0,12,20,0,32,0,41,210,0,251,0,53,230,0,283,499,0,499,782
02/21/2021,DVT,AZ,AWP,CE,Towers with Radar,0,15,25,0,40,0,29,213,0,242,0,44,238,0,282,563,0,563,845
02/22/2021,DVT,AZ,AWP,CE,Towers with Radar,1,10,23,0,34,0,72,219,0,291,1,82,242,0,325,670,0,670,995
02/23/2021,DVT,AZ,AWP,CE,Towers with Radar,0,12,26,0,38,0,91,244,0,335,0,103,270,0,373,930,0,930,1303
02/24/2021,DVT,AZ,AWP,CE,Towers with Radar,0,22,26,0,48,0,83,233,0,316,0,105,259,0,364,759,0,759,1123
02/25/2021,DVT,AZ,AWP,CE,Towers with Radar,0,20,23,0,43,0,78,192,1,271,0,98,215,1,314,753,0,753,1067
02/26/2021,DVT,AZ,AWP,CE,Towers with Radar,0,19,41,0,60,0,81,243,0,324,0,100,284,0,384,817,0,817,1201
02/27/2021,DVT,AZ,AWP,CE,Towers with Radar,0,11,23,0,34,0,48,246,0,294,0,59,269,0,328,508,0,508,836
02/28/2021,DVT,AZ,AWP,CE,Towers with Radar,0,5,37,0,42,0,8,62,0,70,0,13,99,0,112,52,0,52,164
03/01/2021,DVT,AZ,AWP,CE,Towers with Radar,0,10,22,0,32,0,71,238,1,310,0,81,260,1,342,885,0,885,1227
03/02/2021,DVT,AZ,AWP,CE,Towers with Radar,0,9,33,0,42,0,73,179,0,252,0,82,212,0,294,586,0,586,880
03/03/2021,DVT,AZ,AWP,CE,Towers with Radar,0,8,15,0,23,0,50,109,0,159,0,58,124,0,182,405,0,405,587
03/04/2021,DVT,AZ,AWP,CE,Towers with Radar,0,18,42,0,60,0,74,222,1,297,0,92,264,1,357,812,0,812,1169
03/05/2021,DVT,AZ,AWP,CE,Towers with Radar,0,25,30,0,55,0,63,283,0,346,0,88,313,0,401,848,0,848,1249
03/06/2021,DVT,AZ,AWP,CE,Towers with Radar,0,7,16,0,23,0,42,168,0,210,0,49,184,0,233,350,0,350,583
03/07/2021,DVT,AZ,AWP,CE,Towers with Radar,0,11,28,0,39,0,47,280,0,327,0,58,308,0,366,502,0,502,868
03/08/2021,DVT,AZ,AWP,CE,Towers with Radar,0,2,22,0,24,0,56,204,0,260,0,58,226,0,284,619,0,619,903
03/09/2021,DVT,AZ,AWP,CE,Towers with Radar,0,11,21,0,32,0,64,143,0,207,0,75,164,0,239,540,0,540,779
03/10/2021,DVT,AZ,AWP,CE,Towers with Radar,0,17,22,0,39,0,68,208,0,276,0,85,230,0,315,630,0,630,945
03/11/2021,DVT,AZ,AWP,CE,Towers with Radar,0,12,31,0,43,0,69,187,0,256,0,81,218,0,299,910,0,910,1209
03/12/2021,DVT,AZ,AWP,CE,Towers with Radar,0,6,26,0,32,0,10,80,0,90,0,16,106,0,122,575,0,575,697
03/13/2021,DVT,AZ,AWP,CE,Towers with Radar,0,8,19,0,27,0,26,103,0,129,0,34,122,0,156,431,0,431,587
03/14/2021,DVT,AZ,AWP,CE,Towers with Radar,0,12,28,0,40,0,52,230,0,282,0,64,258,0,322,552,0,552,874
03/15/2021,DVT,AZ,AWP,CE,Towers with Radar,0,2,19,0,21,0,64,185,0,249,0,66,204,0,270,465,0,465,735
03/16/2021,DVT,AZ,AWP,CE,Towers with Radar,0,4,28,0,32,0,67,177,0,244,0,71,205,0,276,578,0,578,854
03/17/2021,DVT,AZ,AWP,CE,Towers with Radar,0,23,31,0,54,0,90,256,0,346,0,113,287,0,400,954,0,954,1354
03/18/2021,DVT,AZ,AWP,CE,Towers with Radar,1,15,35,0,51,0,66,276,0,342,1,81,311,0,393,800,0,800,1193
03/19/2021,DVT,AZ,AWP,CE,Towers with Radar,0,13,28,0,41,0,64,252,0,316,0,77,280,0,357,815,0,815,1172
03/20/2021,DVT,AZ,AWP,CE,Towers with Radar,0,13,25,0,38,0,20,219,0,239,0,33,244,0,277,632,0,632,909
03/21/2021,DVT,AZ,AWP,CE,Towers with Radar,1,7,32,0,40,0,34,206,0,240,1,41,238,0,280,430,0,430,710
03/22/2021,DVT,AZ,AWP,CE,Towers with Radar,0,3,18,0,21,0,18,136,0,154,0,21,154,0,175,279,0,279,454
03/23/2021,DVT,AZ,AWP,CE,Towers with Radar,0,10,14,0,24,0,52,158,0,210,0,62,172,0,234,632,0,632,866
03/24/2021,DVT,AZ,AWP,CE,Towers with Radar,0,12,25,0,37,0,53,235,0,288,0,65,260,0,325,911,0,911,1236
03/25/2021,DVT,AZ,AWP,CE,Towers with Radar,0,4,16,0,20,0,40,135,0,175,0,44,151,0,195,303,0,303,498
03/26/2021,DVT,AZ,AWP,CE,Towers with Radar,0,7,20,0,27,0,49,161,0,210,0,56,181,0,237,846,0,846,1083
03/27/2021,DVT,AZ,AWP,CE,Towers with Radar,0,9,31,1,41,0,40,327,0,367,0,49,358,1,408,609,0,609,1017
03/28/2021,DVT,AZ,AWP,CE,Towers with Radar,0,4,34,0,38,0,47,322,0,369,0,51,356,0,407,518,0,518,925
03/29/2021,DVT,AZ,AWP,CE,Towers with Radar,0,5,24,0,29,0,59,256,0,315,0,64,280,0,344,928,0,928,1272
03/30/2021,DVT,AZ,AWP,CE,Towers with Radar,0,18,32,0,50,0,69,234,0,303,0,87,266,0,353,858,0,858,1211
03/31/2021,DVT,AZ,AWP,CE,Towers with Radar,0,10,30,0,40,0,70,228,0,298,0,80,258,0,338,821,0,821,1159
04/01/2021,DVT,AZ,AWP,CE,Towers with Radar,0,9,20,0,29,0,72,177,0,249,0,81,197,0,278,558,0,558,836
04/02/2021,DVT,AZ,AWP,CE,Towers with Radar,0,14,28,0,42,0,77,281,1,359,0,91,309,1,401,971,0,971,1372
04/03/2021,DVT,AZ,AWP,CE,Towers with Radar,0,6,24,0,30,0,53,260,0,313,0,59,284,0,343,491,0,491,834
04/04/2021,DVT,AZ,AWP,CE,Towers with Radar,0,2,14,0,16,0,21,168,0,189,0,23,182,0,205,463,0,463,668
04/05/2021,DVT,AZ,AWP,CE,Towers with Radar,0,14,17,0,31,0,54,220,0,274,0,68,237,0,305,570,0,570,875
04/06/2021,DVT,AZ,AWP,CE,Towers with Radar,0,14,16,0,30,0,67,194,1,262,0,81,210,1,292,674,0,674,966
04/07/2021,DVT,AZ,AWP,CE,Towers with Radar,0,16,30,0,46,0,88,295,0,383,0,104,325,0,429,849,0,849,1278
04/08/2021,DVT,AZ,AWP,CE,Towers with Radar,0,24,30,0,54,0,92,230,0,322,0,116,260,0,376,718,0,718,1094
04/09/2021,DVT,AZ,AWP,CE,Towers with Radar,0,17,31,0,48,0,61,264,0,325,0,78,295,0,373,934,0,934,1307
04/10/2021,DVT,AZ,AWP,CE,Towers with Radar,0,8,25,1,34,0,28,198,0,226,0,36,223,1,260,302,0,302,562
04/11/2021,DVT,AZ,AWP,CE,Towers with Radar,0,10,32,0,42,0,28,203,0,231,0,38,235,0,273,442,0,442,715
04/12/2021,DVT,AZ,AWP,CE,Towers with Radar,0,7,33,0,40,0,72,216,0,288,0,79,249,0,328,756,0,756,1084
04/13/2021,DVT,AZ,AWP,CE,Towers with Radar,0,11,25,0,36,0,74,155,0,229,0,85,180,0,265,683,0,683,948
04/14/2021,DVT,AZ,AWP,CE,Towers with Radar,0,12,20,0,32,0,59,227,0,286,0,71,247,0,318,581,0,581,899
04/15/2021,DVT,AZ,AWP,CE,Towers with Radar,0,15,32,0,47,0,73,208,0,281,0,88,240,0,328,627,0,627,955
04/16/2021,DVT,AZ,AWP,CE,Towers with Radar,0,17,33,0,50,0,76,286,0,362,0,93,319,0,412,721,0,721,1133
04/17/2021,DVT,AZ,AWP,CE,Towers with Radar,0,8,23,1,32,0,38,277,0,315,0,46,300,1,347,515,0,515,862
04/18/2021,DVT,AZ,AWP,CE,Towers with Radar,0,8,29,0,37,0,14,155,0,169,0,22,184,0,206,130,0,130,336
04/19/2021,DVT,AZ,AWP,CE,Towers with Radar,0,13,33,0,46,0,68,217,0,285,0,81,250,0,331,731,0,731,1062
04/20/2021,DVT,AZ,AWP,CE,Towers with Radar,0,6,18,0,24,0,66,192,0,258,0,72,210,0,282,591,0,591,873
04/21/2021,DVT,AZ,AWP,CE,Towers with Radar,0,7,19,0,26,0,28,91,0,119,0,35,110,0,145,95,0,95,240
04/22/2021,DVT,AZ,AWP,CE,Towers with Radar,0,7,29,0,36,0,92,239,0,331,0,99,268,0,367,730,0,730,1097
04/23/2021,DVT,AZ,AWP,CE,Towers with Radar,0,10,33,0,43,0,96,248,0,344,0,106,281,0,387,637,0,637,1024
04/24/2021,DVT,AZ,AWP,CE,Towers with Radar,0,11,18,0,29,0,43,205,0,248,0,54,223,0,277,403,0,403,680
04/25/2021,DVT,AZ,AWP,CE,Towers with Radar,0,17,22,0,39,0,33,192,0,225,0,50,214,0,264,418,0,418,682
04/26/2021,DVT,AZ,AWP,CE,Towers with Radar,0,16,19,0,35,0,78,162,0,240,0,94,181,0,275,673,0,673,948
04/27/2021,DVT,AZ,AWP,CE,Towers with Radar,0,11,29,0,40,0,67,140,0,207,0,78,169,0,247,637,0,637,884
04/28/2021,DVT,AZ,AWP,CE,Towers with Radar,0,10,31,0,41,0,86,232,0,318,0,96,263,0,359,581,0,581,940
04/29/2021,DVT,AZ,AWP,CE,Towers with Radar,0,12,24,0,36,0,93,279,0,372,0,105,303,0,408,1064,0,1064,1472
04/30/2021,DVT,AZ,AWP,CE,Towers with Radar,0,18,31,0,49,0,81,256,0,337,0,99,287,0,386,712,0,712,1098
05/01/2021,DVT,AZ,AWP,CE,Towers with Radar,0,6,27,0,33,0,31,225,0,256,0,37,252,0,289,337,0,337,626
05/02/2021,DVT,AZ,AWP,CE,Towers with Radar,0,4,15,0,19,0,26,153,0,179,0,30,168,0,198,318,0,318,516
05/03/2021,DVT,AZ,AWP,CE,Towers with Radar,0,7,18,0,25,0,67,181,0,248,0,74,199,0,273,710,0,710,983
05/04/2021,DVT,AZ,AWP,CE,Towers with Radar,0,11,24,1,36,0,85,204,1,290,0,96,228,2,326,740,0,740,1066
05/05/2021,DVT,AZ,AWP,CE,Towers with Radar,0,17,25,0,42,0,90,210,0,300,0,107,235,0,342,708,0,708,1050
05/06/2021,DVT,AZ,AWP,CE,Towers with Radar,0,15,18,0,33,0,72,213,2,287,0,87,231,2,320,676,0,676,996
05/07/2021,DVT,AZ,AWP,CE,Towers with Radar,0,8,21,1,30,0,86,203,1,290,0,94,224,2,320,630,0,630,950
05/08/2021,DVT,AZ,AWP,CE,Towers with Radar,0,15,21,3,39,0,29,220,0,249,0,44,241,3,288,320,0,320,608
05/09/2021,DVT,AZ,AWP,CE,Towers with Radar,0,11,13,0,24,0,22,132,2,156,0,33,145,2,180,231,0,231,411
05/10/2021,DVT,AZ,AWP,CE,Towers with Radar,0,9,28,0,37,0,60,197,1,258,0,69,225,1,295,657,0,657,952
05/11/2021,DVT,AZ,AWP,CE,Towers with Radar,0,11,26,0,37,0,76,187,0,263,0,87,213,0,300,646,0,646,946
05/12/2021,DVT,AZ,AWP,CE,Towers with Radar,0,15,32,0,47,0,86,232,0,318,0,101,264,0,365,708,0,708,1073
05/13/2021,DVT,AZ,AWP,CE,Towers with Radar,0,11,20,0,31,0,61,193,0,254,0,72,213,0,285,925,1,926,1211
05/14/2021,DVT,AZ,AWP,CE,Towers with Radar,1,6,23,0,30,0,71,207,0,278,1,77,230,0,308,670,0,670,978
05/15/2021,DVT,AZ,AWP,CE,Towers with Radar,0,4,15,0,19,0,30,141,0,171,0,34,156,0,190,409,0,409,599
05/16/2021,DVT,AZ,AWP,CE,Towers with Radar,0,8,21,0,29,0,23,183,0,206,0,31,204,0,235,353,0,353,588
05/17/2021,DVT,AZ,AWP,CE,Towers with Radar,0,12,24,0,36,0,51,197,0,248,0,63,221,0,284,733,0,733,1017
05/18/2021,DVT,AZ,AWP,CE,Towers with Radar,0,17,25,2,44,0,37,187,0,224,0,54,212,2,268,532,0,532,800
05/19/2021,DVT,AZ,AWP,CE,Towers with Radar,0,15,18,0,33,0,70,188,0,258,0,85,206,0,291,644,0,644,935
05/20/2021,DVT,AZ,AWP,CE,Towers with Radar,0,20,28,0,48,0,71,146,0,217,0,91,174,0,265,528,0,528,793
05/21/2021,DVT,AZ,AWP,CE,Towers with Radar,0,15,21,0,36,0,50,117,0,167,0,65,138,0,203,245,0,245,448
05/22/2021,DVT,AZ,AWP,CE,Towers with Radar,0,5,18,0,23,0,33,178,0,211,0,38,196,0,234,481,0,481,715
05/23/2021,DVT,AZ,AWP,CE,Towers with Radar,0,12,17,0,29,0,27,193,0,220,0,39,210,0,249,423,0,423,672
05/24/2021,DVT,AZ,AWP,CE,Towers with Radar,0,12,17,0,29,0,70,206,0,276,0,82,223,0,305,647,0,647,952
05/25/2021,DVT,AZ,AWP,CE,Towers with Radar,0,11,16,0,27,0,64,222,0,286,0,75,238,0,313,623,0,623,936
05/26/2021,DVT,AZ,AWP,CE,Towers with Radar,0,17,22,0,39,0,86,212,0,298,0,103,234,0,337,649,0,649,986
05/27/2021,DVT,AZ,AWP,CE,Towers with Radar,0,12,19,0,31,0,76,214,0,290,0,88,233,0,321,741,0,741,1062
05/28/2021,DVT,AZ,AWP,CE,Towers with Radar,0,5,22,0,27,0,52,189,0,241,0,57,211,0,268,506,0,506,774
05/29/2021,DVT,AZ,AWP,CE,Towers with Radar,0,4,16,0,20,0,32,169,0,201,0,36,185,0,221,227,0,227,448
05/30/2021,DVT,AZ,AWP,CE,Towers with Radar,0,7,17,1,25,0,24,159,0,183,0,31,176,1,208,309,0,309,517
05/31/2021,DVT,AZ,AWP,CE,Towers with Radar,0,4,19,0,23,0,57,181,0,238,0,61,200,0,261,435,0,435,696
06/01/2021,DVT,AZ,AWP,CE,Towers with Radar,0,6,27,0,33,0,51,166,0,217,0,57,193,0,250,487,0,487,737
06/02/2021,DVT,AZ,AWP,CE,Towers with Radar,0,7,22,0,29,0,70,191,0,261,0,77,213,0,290,498,0,498,788
06/03/2021,DVT,AZ,AWP,CE,Towers with Radar,0,11,19,0,30,0,74,187,0,261,0,85,206,0,291,588,0,588,879
06/04/2021,DVT,AZ,AWP,CE,Towers with Radar,0,14,27,0,41,0,79,179,0,258,0,93,206,0,299,605,0,605,904
06/05/2021,DVT,AZ,AWP,CE,Towers with Radar,0,8,16,0,24,0,39,159,0,198,0,47,175,0,222,256,0,256,478
06/06/2021,DVT,AZ,AWP,CE,Towers with Radar,0,9,24,0,33,0,23,105,0,128,0,32,129,0,161,328,0,328,489
06/07/2021,DVT,AZ,AWP,CE,Towers with Radar,0,7,36,0,43,0,61,141,0,202,0,68,177,0,245,391,0,391,636
06/08/2021,DVT,AZ,AWP,CE,Towers with Radar,0,7,25,0,32,0,68,184,0,252,0,75,209,0,284,506,0,506,790
06/09/2021,DVT,AZ,AWP,CE,Towers with Radar,0,19,30,0,49,0,77,191,0,268,0,96,221,0,317,623,0,623,940
06/10/2021,DVT,AZ,AWP,CE,Towers with Radar,0,7,22,0,29,0,81,217,0,298,0,88,239,0,327,543,0,543,870
06/11/2021,DVT,AZ,AWP,CE,Towers with Radar,0,14,20,0,34,0,68,184,0,252,0,82,204,0,286,631,0,631,917
06/12/2021,DVT,AZ,AWP,CE,Towers with Radar,0,12,19,0,31,0,27,164,0,191,0,39,183,0,222,395,0,395,617
06/13/2021,DVT,AZ,AWP,CE,Towers with Radar,0,4,10,0,14,0,23,146,0,169,0,27,156,0,183,173,0,173,356
06/14/2021,DVT,AZ,AWP,CE,Towers with Radar,0,3,16,0,19,0,58,163,0,221,0,61,179,0,240,448,0,448,688
06/15/2021,DVT,AZ,AWP,CE,Towers with Radar,0,6,12,0,18,0,61,139,0,200,0,67,151,0,218,436,0,436,654
06/16/2021,DVT,AZ,AWP,CE,Towers with Radar,0,9,19,0,28,0,58,131,0,189,0,67,150,0,217,449,0,449,666
06/17/2021,DVT,AZ,AWP,CE,Towers with Radar,0,5,20,0,25,0,59,135,0,194,0,64,155,0,219,295,0,295,514
06/18/2021,DVT,AZ,AWP,CE,Towers with Radar,0,9,20,0,29,0,60,137,0,197,0,69,157,0,226,376,0,376,602
06/19/2021,DVT,AZ,AWP,CE,Towers with Radar,0,5,11,0,16,0,32,109,0,141,0,37,120,0,157,205,0,205,362
06/20/2021,DVT,AZ,AWP,CE,Towers with Radar,0,6,18,0,24,0,30,78,0,108,0,36,96,0,132,167,0,167,299
06/21/2021,DVT,AZ,AWP,CE,Towers with Radar,0,5,16,0,21,0,78,135,2,215,0,83,151,2,236,482,0,482,718
06/22/2021,DVT,AZ,AWP,CE,Towers with Radar,0,9,22,0,31,0,71,133,0,204,0,80,155,0,235,463,0,463,698
06/23/2021,DVT,AZ,AWP,CE,Towers with Radar,0,6,26,0,32,0,33,106,0,139,0,39,132,0,171,518,0,518,689
06/24/2021,DVT,AZ,AWP,CE,Towers with Radar,0,15,27,0,42,0,71,187,0,258,0,86,214,0,300,563,0,563,863
06/25/2021,DVT,AZ,AWP,CE,Towers with Radar,0,14,18,0,32,0,80,146,0,226,0,94,164,0,258,385,0,385,643
06/26/2021,DVT,AZ,AWP,CE,Towers with Radar,0,9,23,0,32,0,36,137,0,173,0,45,160,0,205,357,0,357,562
06/27/2021,DVT,AZ,AWP,CE,Towers with Radar,0,3,17,0,20,0,30,123,0,153,0,33,140,0,173,175,0,175,348
06/28/2021,DVT,AZ,AWP,CE,Towers with Radar,0,9,25,0,34,0,38,100,0,138,0,47,125,0,172,284,0,284,456
06/29/2021,DVT,AZ,AWP,CE,Towers with Radar,0,8,18,0,26,0,35,119,0,154,0,43,137,0,180,281,0,281,461
06/30/2021,DVT,AZ,AWP,CE,Towers with Radar,1,11,18,0,30,0,55,134,0,189,1,66,152,0,219,425,0,425,644
07/01/2021,DVT,AZ,AWP,CE,Towers with Radar,0,16,21,0,37,0,58,185,0,243,0,74,206,0,280,542,0,542,822
07/02/2021,DVT,AZ,AWP,CE,Towers with Radar,0,12,29,0,41,0,77,177,0,254,0,89,206,0,295,479,0,479,774
07/03/2021,DVT,AZ,AWP,CE,Towers with Radar,0,9,14,0,23,0,45,132,0,177,0,54,146,0,200,233,0,233,433
07/04/2021,DVT,AZ,AWP,CE,Towers with Radar,0,8,11,0,19,0,29,126,0,155,0,37,137,0,174,115,0,115,289
07/05/2021,DVT,AZ,AWP,CE,Towers with Radar,0,10,28,0,38,0,51,196,0,247,0,61,224,0,285,461,0,461,746
07/06/2021,DVT,AZ,AWP,CE,Towers with Radar,0,27,56,2,85,0,69,148,2,219,0,96,204,4,304,442,0,442,746
07/07/2021,DVT,AZ,AWP,CE,Towers with Radar,0,32,45,0,77,0,78,150,0,228,0,110,195,0,305,377,0,377,682
07/08/2021,DVT,AZ,AWP,CE,Towers with Radar,0,45,60,0,105,0,67,152,0,219,0,112,212,0,324,463,0,463,787
07/09/2021,DVT,AZ,AWP,CE,Towers with Radar,0,24,44,0,68,0,45,138,0,183,0,69,182,0,251,304,0,304,555
07/10/2021,DVT,AZ,AWP,CE,Towers with Radar,0,31,25,1,57,0,45,129,0,174,0,76,154,1,231,201,0,201,432
07/11/2021,DVT,AZ,AWP,CE,Towers with Radar,0,30,57,0,87,0,28,126,0,154,0,58,183,0,241,200,0,200,441
07/12/2021,DVT,AZ,AWP,CE,Towers with Radar,0,17,51,0,68,0,49,116,0,165,0,66,167,0,233,398,0,398,631
07/13/2021,DVT,AZ,AWP,CE,Towers with Radar,0,23,39,0,62,0,65,119,0,184,0,88,158,0,246,409,0,409,655
07/14/2021,DVT,AZ,AWP,CE,Towers with Radar,0,39,40,0,79,0,57,83,0,140,0,96,123,0,219,243,0,243,462
07/15/2021,DVT,AZ,AWP,CE,Towers with Radar,0,43,38,0,81,0,71,161,0,232,0,114,199,0,313,419,0,419,732
07/16/2021,DVT,AZ,AWP,CE,Towers with Radar,1,27,36,0,64,0,69,155,0,224,1,96,191,0,288,357,0,357,645
07/17/2021,DVT,AZ,AWP,CE,Towers with Radar,0,26,28,0,54,0,69,178,0,247,0,95,206,0,301,299,0,299,600
07/18/2021,DVT,AZ,AWP,CE,Towers with Radar,0,31,54,0,85,0,39,147,0,186,0,70,201,0,271,260,0,260,531
07/19/2021,DVT,AZ,AWP,CE,Towers with Radar,0,22,39,0,61,0,70,140,0,210,0,92,179,0,271,435,0,435,706
07/20/2021,DVT,AZ,AWP,CE,Towers with Radar,0,34,46,0,80,0,74,169,0,243,0,108,215,0,323,372,0,372,695
07/21/2021,DVT,AZ,AWP,CE,Towers with Radar,0,25,60,2,87,0,62,147,0,209,0,87,207,2,296,378,0,378,674
07/22/2021,DVT,AZ,AWP,CE,Towers with Radar,0,29,45,0,74,0,73,123,0,196,0,102,168,0,270,444,0,444,714
07/23/2021,DVT,AZ,AWP,CE,Towers with Radar,0,20,43,0,63,0,2,31,0,33,0,22,74,0,96,31,0,31,127
07/24/2021,DVT,AZ,AWP,CE,Towers with Radar,0,24,38,0,62,0,2,26,0,28,0,26,64,0,90,64,0,64,154
07/25/2021,DVT,AZ,AWP,CE,Towers with Radar,0,16,63,0,79,0,2,43,0,45,0,18,106,0,124,161,0,161,285
07/26/2021,DVT,AZ,AWP,CE,Towers with Radar,0,42,62,0,104,0,57,166,0,223,0,99,228,0,327,578,0,578,905
07/27/2021,DVT,AZ,AWP,CE,Towers with Radar,0,33,45,0,78,0,95,169,0,264,0,128,214,0,342,569,0,569,911
07/28/2021,DVT,AZ,AWP,CE,Towers with Radar,0,36,60,0,96,0,69,165,0,234,0,105,225,0,330,468,0,468,798
07/29/2021,DVT,AZ,AWP,CE,Towers with Radar,0,34,44,0,78,0,74,124,0,198,0,108,168,0,276,488,0,488,764
07/30/2021,DVT,AZ,AWP,CE,Towers with Radar,0,16,58,0,74,0,70,154,2,226,0,86,212,2,300,438,0,438,738
07/31/2021,DVT,AZ,AWP,CE,Towers with Radar,0,28,40,0,68,0,58,179,2,239,0,86,219,2,307,393,0,393,700
08/01/2021,DVT,AZ,AWP,CE,Towers with Radar,0,29,60,0,89,0,49,151,0,200,0,78,211,0,289,356,0,356,645
08/02/2021,DVT,AZ,AWP,CE,Towers with Radar,0,24,48,0,72,0,67,124,0,191,0,91,172,0,263,384,0,384,647
08/03/2021,DVT,AZ,AWP,CE,Towers with Radar,0,23,44,0,67,0,80,139,0,219,0,103,183,0,286,420,0,420,706
08/04/2021,DVT,AZ,AWP,CE,Towers with Radar,0,36,52,0,88,0,57,125,0,182,0,93,177,0,270,359,0,359,629
08/05/2021,DVT,AZ,AWP,CE,Towers with Radar,0,25,53,0,78,0,74,139,0,213,0,99,192,0,291,384,0,384,675
08/06/2021,DVT,AZ,AWP,CE,Towers with Radar,0,35,46,0,81,0,70,158,0,228,0,105,204,0,309,452,0,452,761
08/07/2021,DVT,AZ,AWP,CE,Towers with Radar,0,17,34,0,51,0,50,153,0,203,0,67,187,0,254,353,0,353,607
08/08/2021,DVT,AZ,AWP,CE,Towers with Radar,0,25,64,0,89,0,43,154,0,197,0,68,218,0,286,258,0,258,544
08/09/2021,DVT,AZ,AWP,CE,Towers with Radar,0,29,53,0,82,0,65,132,1,198,0,94,185,1,280,535,0,535,815
08/10/2021,DVT,AZ,AWP,CE,Towers with Radar,0,40,44,0,84,0,41,134,0,175,0,81,178,0,259,524,0,524,783
08/11/2021,DVT,AZ,AWP,CE,Towers with Radar,0,31,60,0,91,0,31,103,0,134,0,62,163,0,225,616,0,616,841
08/12/2021,DVT,AZ,AWP,CE,Towers with Radar,0,32,78,0,110,0,43,87,0,130,0,75,165,0,240,411,0,411,651
08/13/2021,DVT,AZ,AWP,CE,Towers with Radar,0,36,51,0,87,0,67,154,0,221,0,103,205,0,308,430,0,430,738
08/14/2021,DVT,AZ,AWP,CE,Towers with Radar,0,16,38,0,54,0,29,135,0,164,0,45,173,0,218,255,0,255,473
08/15/2021,DVT,AZ,AWP,CE,Towers with Radar,0,21,29,0,50,0,30,130,0,160,0,51,159,0,210,462,0,462,672
08/16/2021,DVT,AZ,AWP,CE,Towers with Radar,0,17,30,0,47,0,47,136,0,183,0,64,166,0,230,535,0,535,765
08/17/2021,DVT,AZ,AWP,CE,Towers with Radar,0,8,13,0,21,0,61,148,0,209,0,69,161,0,230,449,0,449,679
08/18/2021,DVT,AZ,AWP,CE,Towers with Radar,0,8,25,0,33,0,40,100,0,140,0,48,125,0,173,472,0,472,645
08/19/2021,DVT,AZ,AWP,CE,Towers with Radar,0,22,28,0,50,0,75,176,0,251,0,97,204,0,301,600,0,600,901
08/20/2021,DVT,AZ,AWP,CE,Towers with Radar,1,15,29,0,45,0,87,176,0,263,1,102,205,0,308,547,0,547,855
08/21/2021,DVT,AZ,AWP,CE,Towers with Radar,0,15,18,0,33,0,61,180,0,241,0,76,198,0,274,344,0,344,618
08/22/2021,DVT,AZ,AWP,CE,Towers with Radar,0,15,24,0,39,0,37,162,0,199,0,52,186,0,238,363,0,363,601
08/23/2021,DVT,AZ,AWP,CE,Towers with Radar,0,11,19,0,30,0,43,132,0,175,0,54,151,0,205,525,0,525,730
08/24/2021,DVT,AZ,AWP,CE,Towers with Radar,0,13,21,2,36,0,56,139,0,195,0,69,160,2,231,482,0,482,713
08/25/2021,DVT,AZ,AWP,CE,Towers with Radar,0,8,20,0,28,0,76,162,0,238,0,84,182,0,266,428,0,428,694
08/26/2021,DVT,AZ,AWP,CE,Towers with Radar,0,12,18,0,30,0,70,144,0,214,0,82,162,0,244,612,0,612,856
08/27/2021,DVT,AZ,AWP,CE,Towers with Radar,0,12,18,0,30,0,60,136,0,196,0,72,154,0,226,488,0,488,714
08/28/2021,DVT,AZ,AWP,CE,Towers with Radar,0,13,19,0,32,0,52,159,0,211,0,65,178,0,243,250,0,250,493
08/29/2021,DVT,AZ,AWP,CE,Towers with Radar,0,5,28,0,33,0,34,110,0,144,0,39,138,0,177,198,0,198,375
08/30/2021,DVT,AZ,AWP,CE,Towers with Radar,0,12,17,0,29,0,55,138,0,193,0,67,155,0,222,386,0,386,608
08/31/2021,DVT,AZ,AWP,CE,Towers with Radar,0,3,19,0,22,0,44,137,0,181,0,47,156,0,203,449,0,449,652
09/01/2021,DVT,AZ,AWP,CE,Towers with Radar,0,12,20,0,32,0,25,78,0,103,0,37,98,0,135,228,0,228,363
09/02/2021,DVT,AZ,AWP,CE,Towers with Radar,0,12,27,0,39,0,67,181,0,248,0,79,208,0,287,512,0,512,799
09/03/2021,DVT,AZ,AWP,CE,Towers with Radar,0,16,23,0,39,0,81,175,0,256,0,97,198,0,295,490,0,490,785
09/04/2021,DVT,AZ,AWP,CE,Towers with Radar,0,11,14,0,25,0,38,193,0,231,0,49,207,0,256,274,0,274,530
09/05/2021,DVT,AZ,AWP,CE,Towers with Radar,0,6,10,0,16,0,26,168,0,194,0,32,178,0,210,221,0,221,431
09/06/2021,DVT,AZ,AWP,CE,Towers with Radar,0,7,16,0,23,0,59,201,0,260,0,66,217,0,283,373,0,373,656
09/07/2021,DVT,AZ,AWP,CE,Towers with Radar,0,7,13,0,20,0,52,140,0,192,0,59,153,0,212,336,0,336,548
09/08/2021,DVT,AZ,AWP,CE,Towers with Radar,0,3,14,0,17,0,66,131,0,197,0,69,145,0,214,337,0,337,551
09/09/2021,DVT,AZ,AWP,CE,Towers with Radar,0,13,17,2,32,0,73,136,0,209,0,86,153,2,241,308,0,308,549
09/10/2021,DVT,AZ,AWP,CE,Towers with Radar,0,11,19,0,30,0,59,159,0,218,0,70,178,0,248,350,0,350,598
09/11/2021,DVT,AZ,AWP,CE,Towers with Radar,0,6,10,0,16,0,41,174,0,215,0,47,184,0,231,221,0,221,452
09/12/2021,DVT,AZ,AWP,CE,Towers with Radar,0,7,13,0,20,0,27,138,0,165,0,34,151,0,185,336,0,336,521
09/13/2021,DVT,AZ,AWP,CE,Towers with Radar,0,5,16,0,21,0,47,108,0,155,0,52,124,0,176,268,0,268,444
09/14/2021,DVT,AZ,AWP,CE,Towers with Radar,0,15,30,0,45,0,56,131,0,187,0,71,161,0,232,296,0,296,528
09/15/2021,DVT,AZ,AWP,CE,Towers with Radar,0,6,22,0,28,0,50,180,0,230,0,56,202,0,258,349,0,349,607
09/16/2021,DVT,AZ,AWP,CE,Towers with Radar,0,4,13,0,17,0,52,131,0,183,0,56,144,0,200,540,0,540,740
09/17/2021,DVT,AZ,AWP,CE,Towers with Radar,0,7,11,0,18,0,83,175,0,258,0,90,186,0,276,363,0,363,639
09/18/2021,DVT,AZ,AWP,CE,Towers with Radar,0,2,16,0,18,0,25,182,0,207,0,27,198,0,225,184,0,184,409
09/19/2021,DVT,AZ,AWP,CE,Towers with Radar,0,5,22,0,27,0,43,126,0,169,0,48,148,0,196,230,0,230,426
09/20/2021,DVT,AZ,AWP,CE,Towers with Radar,0,11,13,0,24,0,72,133,0,205,0,83,146,0,229,431,0,431,660
09/21/2021,DVT,AZ,AWP,CE,Towers with Radar,0,8,15,0,23,0,68,151,0,219,0,76,166,0,242,444,0,444,686
09/22/2021,DVT,AZ,AWP,CE,Towers with Radar,0,5,25,0,30,0,61,173,0,234,0,66,198,0,264,386,0,386,650
09/23/2021,DVT,AZ,AWP,CE,Towers with Radar,0,23,33,0,56,0,77,126,0,203,0,100,159,0,259,462,0,462,721
09/24/2021,DVT,AZ,AWP,CE,Towers with Radar,0,12,20,0,32,0,47,129,0,176,0,59,149,0,208,350,0,350,558
09/25/2021,DVT,AZ,AWP,CE,Towers with Radar,0,4,14,0,18,0,46,147,0,193,0,50,161,0,211,319,0,319,530
09/26/2021,DVT,AZ,AWP,CE,Towers with Radar,0,17,39,0,56,0,5,38,0,43,0,22,77,0,99,79,0,79,178
09/27/2021,DVT,AZ,AWP,CE,Towers with Radar,0,6,27,0,33,0,50,111,0,161,0,56,138,0,194,420,0,420,614
09/28/2021,DVT,AZ,AWP,CE,Towers with Radar,0,4,27,0,31,0,72,155,0,227,0,76,182,0,258,495,0,495,753
09/29/2021,DVT,AZ,AWP,CE,Towers with Radar,0,11,21,0,32,0,92,183,0,275,0,103,204,0,307,479,0,479,786
09/30/2021,DVT,AZ,AWP,CE,Towers with Radar,0,13,20,1,34,0,71,120,0,191,0,84,140,1,225,454,0,454,679
10/01/2021,DVT,AZ,AWP,CE,Towers with Radar,0,15,19,0,34,0,75,175,0,250,0,90,194,0,284,445,0,445,729
10/02/2021,DVT,AZ,AWP,CE,Towers with Radar,0,6,23,0,29,0,28,167,0,195,0,34,190,0,224,236,0,236,460
10/03/2021,DVT,AZ,AWP,CE,Towers with Radar,0,6,23,0,29,0,37,163,0,200,0,43,186,0,229,307,0,307,536
10/04/2021,DVT,AZ,AWP,CE,Towers with Radar,0,10,18,0,28,0,66,137,0,203,0,76,155,0,231,413,0,413,644
10/05/2021,DVT,AZ,AWP,CE,Towers with Radar,0,5,22,0,27,0,36,76,0,112,0,41,98,0,139,302,0,302,441
10/06/2021,DVT,AZ,AWP,CE,Towers with Radar,0,12,22,0,34,0,89,183,0,272,0,101,205,0,306,706,1,707,1013
10/07/2021,DVT,AZ,AWP,CE,Towers with Radar,0,12,18,0,30,0,76,161,0,237,0,88,179,0,267,437,0,437,704
10/08/2021,DVT,AZ,AWP,CE,Towers with Radar,0,22,27,0,49,0,76,154,0,230,0,98,181,0,279,473,0,473,752
10/09/2021,DVT,AZ,AWP,CE,Towers with Radar,0,6,22,0,28,0,33,183,0,216,0,39,205,0,244,234,0,234,478
10/10/2021,DVT,AZ,AWP,CE,Towers with Radar,0,8,22,0,30,0,30,181,0,211,0,38,203,0,241,309,0,309,550
10/11/2021,DVT,AZ,AWP,CE,Towers with Radar,0,5,23,0,28,0,45,112,0,157,0,50,135,0,185,264,0,264,449
10/12/2021,DVT,AZ,AWP,CE,Towers with Radar,0,10,18,0,28,0,65,103,0,168,0,75,121,0,196,340,0,340,536
10/13/2021,DVT,AZ,AWP,CE,Towers with Radar,1,8,35,0,44,0,82,184,0,266,1,90,219,0,310,496,0,496,806
10/14/2021,DVT,AZ,AWP,CE,Towers with Radar,0,16,24,0,40,0,89,151,0,240,0,105,175,0,280,555,0,555,835
10/15/2021,DVT,AZ,AWP,CE,Towers with Radar,1,20,28,0,49,0,64,136,0,200,1,84,164,0,249,375,0,375,624
10/16/2021,DVT,AZ,AWP,CE,Towers with Radar,0,8,15,0,23,0,42,132,0,174,0,50,147,0,197,351,0,351,548
10/17/2021,DVT,AZ,AWP,CE,Towers with Radar,0,16,17,0,33,0,40,138,0,178,0,56,155,0,211,287,0,287,498
10/18/2021,DVT,AZ,AWP,CE,Towers with Radar,0,14,27,0,41,0,62,91,0,153,0,76,118,0,194,399,0,399,593
10/19/2021,DVT,AZ,AWP,CE,Towers with Radar,0,17,23,1,41,0,91,164,0,255,0,108,187,1,296,540,0,540,836
10/20/2021,DVT,AZ,AWP,CE,Towers with Radar,0,19,23,0,42,0,93,172,0,265,0,112,195,0,307,451,0,451,758
10/21/2021,DVT,AZ,AWP,CE,Towers with Radar,0,19,27,2,48,0,88,160,0,248,0,107,187,2,296,486,0,486,782
10/22/2021,DVT,AZ,AWP,CE,Towers with Radar,0,7,25,0,32,0,77,153,0,230,0,84,178,0,262,432,0,432,694
10/23/2021,DVT,AZ,AWP,CE,Towers with Radar,0,10,14,0,24,0,32,167,0,199,0,42,181,0,223,255,0,255,478
10/24/2021,DVT,AZ,AWP,CE,Towers with Radar,0,8,29,0,37,0,35,141,0,176,0,43,170,0,213,195,0,195,408
10/25/2021,DVT,AZ,AWP,CE,Towers with Radar,0,10,33,0,43,0,56,118,0,174,0,66,151,0,217,285,0,285,502
10/26/2021,DVT,AZ,AWP,CE,Towers with Radar,0,12,30,0,42,0,70,114,0,184,0,82,144,0,226,261,0,261,487
10/27/2021,DVT,AZ,AWP,CE,Towers with Radar,0,14,28,0,42,0,80,139,0,219,0,94,167,0,261,522,0,522,783
10/28/2021,DVT,AZ,AWP,CE,Towers with Radar,0,19,32,0,51,0,76,160,0,236,0,95,192,0,287,507,0,507,794
10/29/2021,DVT,AZ,AWP,CE,Towers with Radar,0,16,28,0,44,0,84,140,0,224,0,100,168,0,268,466,0,466,734
10/30/2021,DVT,AZ,AWP,CE,Towers with Radar,0,8,21,0,29,0,39,169,0,208,0,47,190,0,237,314,0,314,551
10/31/2021,DVT,AZ,AWP,CE,Towers with Radar,0,7,15,0,22,0,27,141,0,168,0,34,156,0,190,217,0,217,407
11/01/2021,DVT,AZ,AWP,CE,Towers with Radar,0,10,34,1,45,0,50,146,0,196,0,60,180,1,241,454,0,454,695
11/02/2021,DVT,AZ,AWP,CE,Towers with Radar,0,8,27,0,35,0,77,184,0,261,0,85,211,0,296,405,0,405,701
11/03/2021,DVT,AZ,AWP,CE,Towers with Radar,0,14,28,0,42,0,64,160,0,224,0,78,188,0,266,473,0,473,739
11/04/2021,DVT,AZ,AWP,CE,Towers with Radar,0,14,20,0,34,0,85,156,0,241,0,99,176,0,275,501,0,501,776
11/05/2021,DVT,AZ,AWP,CE,Towers with Radar,0,18,43,0,61,0,63,171,0,234,0,81,214,0,295,487,0,487,782
11/06/2021,DVT,AZ,AWP,CE,Towers with Radar,1,6,17,0,24,0,25,222,0,247,1,31,239,0,271,221,0,221,492
11/07/2021,DVT,AZ,AWP,CE,Towers with Radar,0,3,29,0,32,0,29,162,0,191,0,32,191,0,223,247,0,247,470
11/08/2021,DVT,AZ,AWP,CE,Towers with Radar,0,15,27,0,42,0,68,138,0,206,0,83,165,0,248,327,0,327,575
11/09/2021,DVT,AZ,AWP,CE,Towers with Radar,0,11,24,0,35,0,91,110,0,201,0,102,134,0,236,373,0,373,609
11/10/2021,DVT,AZ,AWP,CE,Towers with Radar,0,13,31,0,44,0,71,182,0,253,0,84,213,0,297,453,0,453,750
11/11/2021,DVT,AZ,AWP,CE,Towers with Radar,0,16,29,0,45,0,64,195,0,259,0,80,224,0,304,354,0,354,658
11/12/2021,DVT,AZ,AWP,CE,Towers with Radar,0,10,28,0,38,0,81,197,0,278,0,91,225,0,316,431,0,431,747
11/13/2021,DVT,AZ,AWP,CE,Towers with Radar,1,6,8,0,15,0,10,82,0,92,1,16,90,0,107,76,0,76,183
11/14/2021,DVT,AZ,AWP,CE,Towers with Radar,0,13,28,0,41,0,32,170,0,202,0,45,198,0,243,304,0,304,547
11/15/2021,DVT,AZ,AWP,CE,Towers with Radar,0,12,23,0,35,0,89,144,0,233,0,101,167,0,268,465,0,465,733
11/16/2021,DVT,AZ,AWP,CE,Towers with Radar,0,9,21,0,30,0,84,142,0,226,0,93,163,0,256,434,0,434,690
11/17/2021,DVT,AZ,AWP,CE,Towers with Radar,0,24,19,1,44,0,74,146,0,220,0,98,165,1,264,536,0,536,800
11/18/2021,DVT,AZ,AWP,CE,Towers with Radar,0,11,24,0,35,0,92,141,0,233,0,103,165,0,268,603,0,603,871
11/19/2021,DVT,AZ,AWP,CE,Towers with Radar,0,9,29,0,38,0,73,157,0,230,0,82,186,0,268,394,0,394,662
11/20/2021,DVT,AZ,AWP,CE,Towers with Radar,0,5,24,0,29,0,54,210,0,264,0,59,234,0,293,407,0,407,700
11/21/2021,DVT,AZ,AWP,CE,Towers with Radar,0,11,13,2,26,0,41,169,0,210,0,52,182,2,236,270,0,270,506
11/22/2021,DVT,AZ,AWP,CE,Towers with Radar,0,9,18,0,27,0,75,125,0,200,0,84,143,0,227,386,0,386,613
11/23/2021,DVT,AZ,AWP,CE,Towers with Radar,0,14,28,0,42,0,92,141,0,233,0,106,169,0,275,541,0,541,816
11/24/2021,DVT,AZ,AWP,CE,Towers with Radar,0,7,25,0,32,0,69,164,0,233,0,76,189,0,265,457,0,457,722
11/25/2021,DVT,AZ,AWP,CE,Towers with Radar,0,2,9,0,11,0,22,52,0,74,0,24,61,0,85,60,0,60,145
11/26/2021,DVT,AZ,AWP,CE,Towers with Radar,0,3,16,0,19,0,55,152,0,207,0,58,168,0,226,282,0,282,508
11/27/2021,DVT,AZ,AWP,CE,Towers with Radar,0,5,22,0,27,0,40,173,0,213,0,45,195,0,240,234,0,234,474
11/28/2021,DVT,AZ,AWP,CE,Towers with Radar,0,12,23,0,35,0,35,200,0,235,0,47,223,0,270,338,0,338,608
11/29/2021,DVT,AZ,AWP,CE,Towers with Radar,0,11,19,0,30,0,83,155,0,238,0,94,174,0,268,421,0,421,689
11/30/2021,DVT,AZ,AWP,CE,Towers with Radar,0,6,20,0,26,0,82,142,0,224,0,88,162,0,250,552,0,552,802
12/01/2021,DVT,AZ,AWP,CE,Towers with Radar,0,13,18,0,31,0,66,121,0,187,0,79,139,0,218,445,0,445,663
12/02/2021,DVT,AZ,AWP,CE,Towers with Radar,0,10,13,0,23,0,59,126,1,186,0,69,139,1,209,363,0,363,572
12/03/2021,DVT,AZ,AWP,CE,Towers with Radar,0,9,22,0,31,0,78,130,0,208,0,87,152,0,239,462,0,462,701
12/04/2021,DVT,AZ,AWP,CE,Towers with Radar,0,5,25,0,30,0,50,185,0,235,0,55,210,0,265,410,0,410,675
12/05/2021,DVT,AZ,AWP,CE,Towers with Radar,0,12,16,0,28,0,51,161,0,212,0,63,177,0,240,243,0,243,483
12/06/2021,DVT,AZ,AWP,CE,Towers with Radar,0,13,24,0,37,0,82,145,0,227,0,95,169,0,264,493,0,493,757
12/07/2021,DVT,AZ,AWP,CE,Towers with Radar,0,16,23,0,39,0,100,141,0,241,0,116,164,0,280,514,0,514,794
12/08/2021,DVT,AZ,AWP,CE,Towers with Radar,0,14,12,0,26,0,84,115,1,200,0,98,127,1,226,450,0,450,676
12/09/2021,DVT,AZ,AWP,CE,Towers with Radar,0,10,22,1,33,0,62,71,0,133,0,72,93,1,166,330,0,330,496
12/10/2021,DVT,AZ,AWP,CE,Towers with Radar,0,12,27,0,39,0,79,120,0,199,0,91,147,0,238,546,0,546,784
12/11/2021,DVT,AZ,AWP,CE,Towers with Radar,0,6,20,0,26,0,56,202,0,258,0,62,222,0,284,390,0,390,674
12/12/2021,DVT,AZ,AWP,CE,Towers with Radar,0,12,21,0,33,0,47,188,0,235,0,59,209,0,268,320,0,320,588
12/13/2021,DVT,AZ,AWP,CE,Towers with Radar,0,16,14,0,30,0,75,133,0,208,0,91,147,0,238,539,0,539,777
12/14/2021,DVT,AZ,AWP,CE,Towers with Radar,0,12,17,0,29,0,55,90,0,145,0,67,107,0,174,350,0,350,524
12/15/2021,DVT,AZ,AWP,CE,Towers with Radar,0,11,20,0,31,0,76,119,0,195,0,87,139,0,226,476,0,476,702
12/16/2021,DVT,AZ,AWP,CE,Towers with Radar,0,12,21,0,33,0,84,139,0,223,0,96,160,0,256,505,0,505,761
12/17/2021,DVT,AZ,AWP,CE,Towers with Radar,0,7,23,0,30,0,57,149,0,206,0,64,172,0,236,445,0,445,681
12/18/2021,DVT,AZ,AWP,CE,Towers with Radar,0,2,17,2,21,0,59,160,0,219,0,61,177,2,240,321,0,321,561
12/19/2021,DVT,AZ,AWP,CE,Towers with Radar,0,3,19,0,22,0,46,144,0,190,0,49,163,0,212,294,0,294,506
12/20/2021,DVT,AZ,AWP,CE,Towers with Radar,0,11,20,0,31,0,69,145,0,214,0,80,165,0,245,545,0,545,790
12/21/2021,DVT,AZ,AWP,CE,Towers with Radar,0,9,19,0,28,0,88,132,0,220,0,97,151,0,248,508,0,508,756
12/22/2021,DVT,AZ,AWP,CE,Towers with Radar,0,11,8,0,19,0,88,156,0,244,0,99,164,0,263,417,0,417,680
12/23/2021,DVT,AZ,AWP,CE,Towers with Radar,0,5,14,0,19,0,68,90,0,158,0,73,104,0,177,428,0,428,605
12/24/2021,DVT,AZ,AWP,CE,Towers with Radar,0,7,11,0,18,0,2,4,0,6,0,9,15,0,24,0,0,0,24
12/25/2021,DVT,AZ,AWP,CE,Towers with Radar,0,10,5,0,15,0,0,23,0,23,0,10,28,0,38,30,0,30,68
12/26/2021,DVT,AZ,AWP,CE,Towers with Radar,0,6,30,0,36,0,20,80,0,100,0,26,110,0,136,183,0,183,319
12/27/2021,DVT,AZ,AWP,CE,Towers with Radar,0,6,34,0,40,0,59,128,0,187,0,65,162,0,227,500,0,500,727
12/28/2021,DVT,AZ,AWP,CE,Towers with Radar,0,6,18,0,24,0,10,34,0,44,0,16,52,0,68,199,0,199,267
12/29/2021,DVT,AZ,AWP,CE,Towers with Radar,0,14,29,0,43,0,57,115,0,172,0,71,144,0,215,545,0,545,760
12/30/2021,DVT,AZ,AWP,CE,Towers with Radar,0,7,15,0,22,0,39,85,0,124,0,46,100,0,146,271,0,271,417
12/31/2021,DVT,AZ,AWP,CE,Towers with Radar,0,10,19,0,29,0,0,20,0,20,0,10,39,0,49,80,0,80,129
01/01/2022,DVT,AZ,AWP,CE,Towers with Radar,0,3,20,0,23,0,8,69,0,77,0,11,89,0,100,25,0,25,125
01/02/2022,DVT,AZ,AWP,CE,Towers with Radar,0,13,38,0,51,0,44,164,0,208,0,57,202,0,259,258,0,258,517
01/03/2022,DVT,AZ,AWP,CE,Towers with Radar,0,8,24,0,32,0,77,145,0,222,0,85,169,0,254,420,0,420,674
01/04/2022,DVT,AZ,AWP,CE,Towers with Radar,0,11,20,0,31,0,55,131,0,186,0,66,151,0,217,416,12,428,645
01/05/2022,DVT,AZ,AWP,CE,Towers with Radar,0,18,10,0,28,0,86,171,0,257,0,104,181,0,285,546,0,546,831
01/06/2022,DVT,AZ,AWP,CE,Towers with Radar,0,20,24,0,44,0,54,136,0,190,0,74,160,0,234,481,0,481,715
01/07/2022,DVT,AZ,AWP,CE,Towers with Radar,0,5,17,0,22,0,75,145,0,220,0,80,162,0,242,598,0,598,840
01/08/2022,DVT,AZ,AWP,CE,Towers with Radar,0,7,13,0,20,0,29,173,0,202,0,36,186,0,222,316,0,316,538
01/09/2022,DVT,AZ,AWP,CE,Towers with Radar,1,10,23,0,34,0,35,160,0,195,1,45,183,0,229,294,0,294,523
01/10/2022,DVT,AZ,AWP,CE,Towers with Radar,0,7,20,0,27,0,60,92,0,152,0,67,112,0,179,197,0,197,376
01/11/2022,DVT,AZ,AWP,CE,Towers with Radar,0,10,27,0,37,0,88,125,0,213,0,98,152,0,250,559,0,559,809
01/12/2022,DVT,AZ,AWP,CE,Towers with Radar,0,11,28,0,39,0,72,174,0,246,0,83,202,0,285,533,0,533,818
01/13/2022,DVT,AZ,AWP,CE,Towers with Radar,0,12,19,0,31,0,88,130,0,218,0,100,149,0,249,465,0,465,714
01/14/2022,DVT,AZ,AWP,CE,Towers with Radar,1,14,21,0,36,0,72,148,0,220,1,86,169,0,256,527,0,527,783
01/15/2022,DVT,AZ,AWP,CE,Towers with Radar,0,6,18,0,24,0,32,93,0,125,0,38,111,0,149,154,0,154,303
01/16/2022,DVT,AZ,AWP,CE,Towers with Radar,0,8,23,0,31,0,61,120,0,181,0,69,143,0,212,288,0,288,500
01/17/2022,DVT,AZ,AWP,CE,Towers with Radar,0,7,18,0,25,0,69,146,0,215,0,76,164,0,240,505,0,505,745
01/18/2022,DVT,AZ,AWP,CE,Towers with Radar,0,16,17,0,33,0,83,109,0,192,0,99,126,0,225,525,0,525,750
01/19/2022,DVT,AZ,AWP,CE,Towers with Radar,0,15,20,0,35,0,93,129,0,222,0,108,149,0,257,541,0,541,798
01/20/2022,DVT,AZ,AWP,CE,Towers with Radar,0,20,17,0,37,0,103,138,0,241,0,123,155,0,278,461,0,461,739
01/21/2022,DVT,AZ,AWP,CE,Towers with Radar,0,15,27,0,42,0,109,163,0,272,0,124,190,0,314,547,0,547,861
01/22/2022,DVT,AZ,AWP,CE,Towers with Radar,0,9,15,0,24,0,38,81,0,119,0,47,96,0,143,329,0,329,472
01/23/2022,DVT,AZ,AWP,CE,Towers with Radar,0,7,24,0,31,0,72,133,0,205,0,79,157,0,236,338,0,338,574
01/24/2022,DVT,AZ,AWP,CE,Towers with Radar,0,16,25,0,41,0,87,159,0,246,0,103,184,0,287,664,0,664,951
01/25/2022,DVT,AZ,AWP,CE,Towers with Radar,0,11,18,0,29,0,91,136,1,228,0,102,154,1,257,443,0,443,700
01/26/2022,DVT,AZ,AWP,CE,Towers with Radar,0,12,26,0,38,0,81,167,1,249,0,93,193,1,287,674,0,674,961
01/27/2022,DVT,AZ,AWP,CE,Towers with Radar,0,10,31,0,41,0,93,163,1,257,0,103,194,1,298,597,0,597,895
01/28/2022,DVT,AZ,AWP,CE,Towers with Radar,0,5,22,0,27,0,42,133,0,175,0,47,155,0,202,337,0,337,539
01/29/2022,DVT,AZ,AWP,CE,Towers with Radar,0,10,21,0,31,0,62,183,0,245,0,72,204,0,276,342,0,342,618
01/30/2022,DVT,AZ,AWP,CE,Towers with Radar,0,9,31,0,40,0,57,160,0,217,0,66,191,0,257,382,0,382,639
01/31/2022,DVT,AZ,AWP,CE,Towers with Radar,0,8,22,0,30,0,86,150,0,236,0,94,172,0,266,598,0,598,864
02/01/2022,DVT,AZ,AWP,CE,Towers with Radar,0,15,21,0,36,0,97,144,1,242,0,112,165,1,278,558,0,558,836
02/02/2022,DVT,AZ,AWP,CE,Towers with Radar,0,14,20,0,34,0,76,129,2,207,0,90,149,2,241,319,0,319,560
02/03/2022,DVT,AZ,AWP,CE,Towers with Radar,0,12,20,0,32,0,118,148,0,266,0,130,168,0,298,570,0,570,868
02/04/2022,DVT,AZ,AWP,CE,Towers with Radar,0,15,30,0,45,0,90,136,0,226,0,105,166,0,271,366,0,366,637
02/05/2022,DVT,AZ,AWP,CE,Towers with Radar,0,14,14,0,28,0,62,181,0,243,0,76,195,0,271,372,0,372,643
02/06/2022,DVT,AZ,AWP,CE,Towers with Radar,0,10,21,1,32,0,54,157,0,211,0,64,178,1,243,316,0,316,559
02/07/2022,DVT,AZ,AWP,CE,Towers with Radar,0,18,32,0,50,0,105,174,0,279,0,123,206,0,329,551,0,551,880
02/08/2022,DVT,AZ,AWP,CE,Towers with Radar,0,16,30,0,46,0,113,166,0,279,0,129,196,0,325,649,0,649,974
02/09/2022,DVT,AZ,AWP,CE,Towers with Radar,0,23,31,0,54,0,110,156,0,266,0,133,187,0,320,787,0,787,1107
02/10/2022,DVT,AZ,AWP,CE,Towers with Radar,0,18,25,0,43,0,98,183,0,281,0,116,208,0,324,684,0,684,1008
02/11/2022,DVT,AZ,AWP,CE,Towers with Radar,0,13,33,0,46,0,152,173,0,325,0,165,206,0,371,509,0,509,880
02/12/2022,DVT,AZ,AWP,CE,Towers with Radar,0,11,17,0,28,0,64,170,0,234,0,75,187,0,262,270,0,270,532
02/13/2022,DVT,AZ,AWP,CE,Towers with Radar,0,12,21,0,33,0,57,176,0,233,0,69,197,0,266,356,0,356,622
02/14/2022,DVT,AZ,AWP,CE,Towers with Radar,0,15,21,0,36,0,97,156,0,253,0,112,177,0,289,658,0,658,947
02/15/2022,DVT,AZ,AWP,CE,Towers with Radar,0,12,24,0,36,0,95,133,0,228,0,107,157,0,264,489,0,489,753
02/16/2022,DVT,AZ,AWP,CE,Towers with Radar,0,13,21,0,34,0,99,124,0,223,0,112,145,0,257,651,0,651,908
02/17/2022,DVT,AZ,AWP,CE,Towers with Radar,0,8,23,0,31,0,110,163,0,273,0,118,186,0,304,561,0,561,865
02/18/2022,DVT,AZ,AWP,CE,Towers with Radar,0,16,33,0,49,0,111,206,0,317,0,127,239,0,366,747,0,747,1113
02/19/2022,DVT,AZ,AWP,CE,Towers with Radar,0,8,19,0,27,0,40,174,0,214,0,48,193,0,241,364,0,364,605
02/20/2022,DVT,AZ,AWP,CE,Towers with Radar,0,12,21,0,33,0,54,161,0,215,0,66,182,0,248,238,0,238,486
02/21/2022,DVT,AZ,AWP,CE,Towers with Radar,0,7,27,0,34,0,42,78,0,120,0,49,105,0,154,322,0,322,476
02/22/2022,DVT,AZ,AWP,CE,Towers with Radar,0,14,22,0,36,0,58,83,0,141,0,72,105,0,177,485,0,485,662
02/23/2022,DVT,AZ,AWP,CE,Towers with Radar,0,5,20,0,25,0,6,31,0,37,0,11,51,0,62,101,0,101,163
02/24/2022,DVT,AZ,AWP,CE,Towers with Radar,0,18,25,0,43,0,115,169,0,284,0,133,194,0,327,592,0,592,919
02/25/2022,DVT,AZ,AWP,CE,Towers with Radar,0,13,23,0,36,0,118,213,0,331,0,131,236,0,367,757,0,757,1124
02/26/2022,DVT,AZ,AWP,CE,Towers with Radar,0,7,18,0,25,0,71,163,0,234,0,78,181,0,259,425,0,425,684
02/27/2022,DVT,AZ,AWP,CE,Towers with Radar,0,10,19,0,29,0,52,122,0,174,0,62,141,0,203,513,0,513,716
02/28/2022,DVT,AZ,AWP,CE,Towers with Radar,0,11,22,0,33,0,89,139,0,228,0,100,161,0,261,635,0,635,896
03/01/2022,DVT,AZ,AWP,CE,Towers with Radar,0,11,26,0,37,0,113,163,0,276,0,124,189,0,313,700,0,700,1013
03/02/2022,DVT,AZ,AWP,CE,Towers with Radar,0,10,25,1,36,0,103,162,0,265,0,113,187,1,301,600,0,600,901
03/03/2022,DVT,AZ,AWP,CE,Towers with Radar,0,12,22,0,34,0,98,197,0,295,0,110,219,0,329,612,0,612,941
03/04/2022,DVT,AZ,AWP,CE,Towers with Radar,0,6,13,0,19,0,48,120,0,168,0,54,133,0,187,284,0,284,471
03/05/2022,DVT,AZ,AWP,CE,Towers with Radar,0,6,14,0,20,0,47,120,0,167,0,53,134,0,187,287,0,287,474
03/06/2022,DVT,AZ,AWP,CE,Towers with Radar,0,10,23,0,33,0,58,199,0,257,0,68,222,0,290,303,0,303,593
03/07/2022,DVT,AZ,AWP,CE,Towers with Radar,0,8,17,0,25,0,76,131,0,207,0,84,148,0,232,466,0,466,698
03/08/2022,DVT,AZ,AWP,CE,Towers with Radar,0,14,24,0,38,0,79,174,0,253,0,93,198,0,291,599,0,599,890
03/09/2022,DVT,AZ,AWP,CE,Towers with Radar,0,12,25,0,37,0,115,193,0,308,0,127,218,0,345,614,0,614,959
03/10/2022,DVT,AZ,AWP,CE,Towers with Radar,0,15,25,0,40,0,67,114,0,181,0,82,139,0,221,377,0,377,598
03/11/2022,DVT,AZ,AWP,CE,Towers with Radar,0,13,16,0,29,0,95,134,0,229,0,108,150,0,258,606,0,606,864
03/12/2022,DVT,AZ,AWP,CE,Towers with Radar,0,15,18,0,33,0,64,200,0,264,0,79,218,0,297,351,0,351,648
03/13/2022,DVT,AZ,AWP,CE,Towers with Radar,0,6,26,0,32,0,71,173,0,244,0,77,199,0,276,389,0,389,665
03/14/2022,DVT,AZ,AWP,CE,Towers with Radar,0,14,19,0,33,0,86,168,0,254,0,100,187,0,287,594,0,594,881
03/15/2022,DVT,AZ,AWP,CE,Towers with Radar,0,18,22,0,40,0,94,172,0,266,0,112,194,0,306,666,0,666,972
03/16/2022,DVT,AZ,AWP,CE,Towers with Radar,0,16,18,0,34,0,70,168,0,238,0,86,186,0,272,349,0,349,621
03/17/2022,DVT,AZ,AWP,CE,Towers with Radar,0,9,31,0,40,0,98,193,0,291,0,107,224,0,331,602,0,602,933
03/18/2022,DVT,AZ,AWP,CE,Towers with Radar,0,13,27,0,40,0,101,188,0,289,0,114,215,0,329,654,0,654,983
03/19/2022,DVT,AZ,AWP,CE,Towers with Radar,0,8,12,0,20,0,50,187,0,237,0,58,199,0,257,349,0,349,606
03/20/2022,DVT,AZ,AWP,CE,Towers with Radar,0,15,29,0,44,0,38,92,0,130,0,53,121,0,174,288,0,288,462
03/21/2022,DVT,AZ,AWP,CE,Towers with Radar,0,11,18,0,29,0,41,88,0,129,0,52,106,0,158,184,0,184,342
03/22/2022,DVT,AZ,AWP,CE,Towers with Radar,0,26,17,0,43,0,114,117,0,231,0,140,134,0,274,596,0,596,870
03/23/2022,DVT,AZ,AWP,CE,Towers with Radar,0,13,9,0,22,0,111,119,0,230,0,124,128,0,252,543,0,543,795
03/24/2022,DVT,AZ,AWP,CE,Towers with Radar,0,18,21,0,39,0,110,190,1,301,0,128,211,1,340,825,0,825,1165
03/25/2022,DVT,AZ,AWP,CE,Towers with Radar,0,13,24,0,37,0,78,176,0,254,0,91,200,0,291,545,0,545,836
03/26/2022,DVT,AZ,AWP,CE,Towers with Radar,0,15,27,0,42,0,59,210,0,269,0,74,237,0,311,337,0,337,648
03/27/2022,DVT,AZ,AWP,CE,Towers with Radar,0,10,18,0,28,0,44,161,0,205,0,54,179,0,233,314,0,314,547
03/28/2022,DVT,AZ,AWP,CE,Towers with Radar,0,10,23,1,34,0,34,90,0,124,0,44,113,1,158,336,0,336,494
03/29/2022,DVT,AZ,AWP,CE,Towers with Radar,0,9,26,0,35,0,27,55,0,82,0,36,81,0,117,179,0,179,296
03/30/2022,DVT,AZ,AWP,CE,Towers with Radar,0,7,17,0,24,0,101,173,0,274,0,108,190,0,298,470,0,470,768
03/31/2022,DVT,AZ,AWP,CE,Towers with Radar,0,19,32,0,51,0,89,219,0,308,0,108,251,0,359,579,0,579,938
04/01/2022,DVT,AZ,AWP,CE,Towers with Radar,0,17,30,0,47,0,108,192,0,300,0,125,222,0,347,587,0,587,934
04/02/2022,DVT,AZ,AWP,CE,Towers with Radar,0,9,7,1,17,0,58,159,0,217,0,67,166,1,234,340,0,340,574
04/03/2022,DVT,AZ,AWP,CE,Towers with Radar,0,10,31,0,41,0,56,146,0,202,0,66,177,0,243,323,0,323,566
04/04/2022,DVT,AZ,AWP,CE,Towers with Radar,0,14,21,0,35,0,85,163,0,248,0,99,184,0,283,638,0,638,921
04/05/2022,DVT,AZ,AWP,CE,Towers with Radar,0,15,21,0,36,0,84,149,0,233,0,99,170,0,269,571,0,571,840
04/06/2022,DVT,AZ,AWP,CE,Towers with Radar,0,21,23,0,44,0,74,168,0,242,0,95,191,0,286,694,0,694,980
04/07/2022,DVT,AZ,AWP,CE,Towers with Radar,0,16,21,0,37,0,99,148,0,247,0,115,169,0,284,734,0,734,1018
04/08/2022,DVT,AZ,AWP,CE,Towers with Radar,0,13,12,1,26,0,80,136,0,216,0,93,148,1,242,504,0,504,746
04/09/2022,DVT,AZ,AWP,CE,Towers with Radar,0,5,21,0,26,0,45,143,0,188,0,50,164,0,214,308,0,308,522
04/10/2022,DVT,AZ,AWP,CE,Towers with Radar,0,10,23,0,33,0,57,126,0,183,0,67,149,0,216,268,0,268,484
04/11/2022,DVT,AZ,AWP,CE,Towers with Radar,0,9,16,0,25,0,62,99,0,161,0,71,115,0,186,352,0,352,538
04/12/2022,DVT,AZ,AWP,CE,Towers with Radar,0,3,17,0,20,0,58,78,2,138,0,61,95,2,158,211,10,221,379
04/13/2022,DVT,AZ,AWP,CE,Towers with Radar,0,13,29,0,42,0,122,200,0,322,0,135,229,0,364,636,0,636,1000
04/14/2022,DVT,AZ,AWP,CE,Towers with Radar,0,14,30,0,44,0,101,167,0,268,0,115,197,0,312,629,0,629,941
04/15/2022,DVT,AZ,AWP,CE,Towers with Radar,0,18,27,0,45,0,72,173,0,245,0,90,200,0,290,519,0,519,809
04/16/2022,DVT,AZ,AWP,CE,Towers with Radar,0,6,10,0,16,0,45,185,0,230,0,51,195,0,246,285,0,285,531
04/17/2022,DVT,AZ,AWP,CE,Towers with Radar,0,7,13,0,20,0,38,124,0,162,0,45,137,0,182,184,0,184,366
04/18/2022,DVT,AZ,AWP,CE,Towers with Radar,0,11,22,1,34,0,107,165,0,272,0,118,187,1,306,639,0,639,945
04/19/2022,DVT,AZ,AWP,CE,Towers with Radar,0,9,26,0,35,0,60,92,0,152,0,69,118,0,187,366,0,366,553
04/20/2022,DVT,AZ,AWP,CE,Towers with Radar,1,12,28,0,41,0,75,169,0,244,1,87,197,0,285,537,0,537,822
04/21/2022,DVT,AZ,AWP,CE,Towers with Radar,0,12,36,2,50,0,96,190,0,286,0,108,226,2,336,657,0,657,993
04/22/2022,DVT,AZ,AWP,CE,Towers with Radar,0,9,22,0,31,0,42,71,0,113,0,51,93,0,144,208,0,208,352
04/23/2022,DVT,AZ,AWP,CE,Towers with Radar,0,14,20,0,34,0,66,153,0,219,0,80,173,0,253,286,0,286,539
04/24/2022,DVT,AZ,AWP,CE,Towers with Radar,0,10,23,0,33,0,73,133,0,206,0,83,156,0,239,255,0,255,494
04/25/2022,DVT,AZ,AWP,CE,Towers with Radar,0,11,14,0,25,0,98,132,0,230,0,109,146,0,255,673,0,673,928
04/26/2022,DVT,AZ,AWP,CE,Towers with Radar,0,21,22,0,43,0,106,151,0,257,0,127,173,0,300,593,0,593,893
04/27/2022,DVT,AZ,AWP,CE,Towers with Radar,0,18,28,0,46,0,116,150,0,266,0,134,178,0,312,772,0,772,1084
04/28/2022,DVT,AZ,AWP,CE,Towers with Radar,0,16,24,0,40,0,86,123,0,209,0,102,147,0,249,701,0,701,950
04/29/2022,DVT,AZ,AWP,CE,Towers with Radar,0,11,17,0,28,0,97,135,0,232,0,108,152,0,260,607,0,607,867
04/30/2022,DVT,AZ,AWP,CE,Towers with Radar,0,7,9,0,16,1,58,169,0,228,1,65,178,0,244,500,0,500,744
05/01/2022,DVT,AZ,AWP,CE,Towers with Radar,0,14,21,0,35,0,45,118,0,163,0,59,139,0,198,313,0,313,511
05/02/2022,DVT,AZ,AWP,CE,Towers with Radar,0,10,14,0,24,0,107,166,0,273,0,117,180,0,297,734,0,734,1031
05/03/2022,DVT,AZ,AWP,CE,Towers with Radar,0,13,23,0,36,0,100,143,0,243,0,113,166,0,279,599,0,599,878
05/04/2022,DVT,AZ,AWP,CE,Towers with Radar,0,15,6,0,21,0,108,168,0,276,0,123,174,0,297,672,0,672,969
05/05/2022,DVT,AZ,AWP,CE,Towers with Radar,0,7,15,0,22,0,106,139,0,245,0,113,154,0,267,665,0,665,932
05/06/2022,DVT,AZ,AWP,CE,Towers with Radar,0,12,17,0,29,0,85,179,0,264,0,97,196,0,293,466,0,466,759
05/07/2022,DVT,AZ,AWP,CE,Towers with Radar,0,12,10,0,22,0,55,146,0,201,0,67,156,0,223,372,0,372,595
05/08/2022,DVT,AZ,AWP,CE,Towers with Radar,0,8,10,0,18,0,36,88,0,124,0,44,98,0,142,143,0,143,285
05/09/2022,DVT,AZ,AWP,CE,Towers with Radar,0,26,21,0,47,0,104,139,0,243,0,130,160,0,290,639,0,639,929
05/10/2022,DVT,AZ,AWP,CE,Towers with Radar,0,13,22,0,35,0,121,123,0,244,0,134,145,0,279,559,0,559,838
05/11/2022,DVT,AZ,AWP,CE,Towers with Radar,0,16,23,0,39,0,86,139,0,225,0,102,162,0,264,516,0,516,780
05/12/2022,DVT,AZ,AWP,CE,Towers with Radar,0,25,22,0,47,0,97,161,0,258,0,122,183,0,305,772,0,772,1077
05/13/2022,DVT,AZ,AWP,CE,Towers with Radar,0,21,21,0,42,0,116,164,0,280,0,137,185,0,322,482,0,482,804
05/14/2022,DVT,AZ,AWP,CE,Towers with Radar,0,7,19,0,26,0,56,160,0,216,0,63,179,0,242,345,0,345,587
05/15/2022,DVT,AZ,AWP,CE,Towers with Radar,0,8,17,0,25,0,54,141,0,195,0,62,158,0,220,337,0,337,557
05/16/2022,DVT,AZ,AWP,CE,Towers with Radar,0,13,12,0,25,0,126,127,0,253,0,139,139,0,278,568,0,568,846
05/17/2022,DVT,AZ,AWP,CE,Towers with Radar,0,11,20,0,31,0,131,117,1,249,0,142,137,1,280,613,0,613,893
05/18/2022,DVT,AZ,AWP,CE,Towers with Radar,0,13,16,0,29,0,119,143,0,262,0,132,159,0,291,593,0,593,884
05/19/2022,DVT,AZ,AWP,CE,Towers with Radar,0,18,13,0,31,0,105,118,0,223,0,123,131,0,254,572,0,572,826
05/20/2022,DVT,AZ,AWP,CE,Towers with Radar,0,12,27,0,39,0,62,110,0,172,0,74,137,0,211,429,0,429,640
05/21/2022,DVT,AZ,AWP,CE,Towers with Radar,0,8,15,0,23,0,70,168,0,238,0,78,183,0,261,278,0,278,539
05/22/2022,DVT,AZ,AWP,CE,Towers with Radar,0,10,25,0,35,0,51,161,0,212,0,61,186,0,247,282,0,282,529
05/23/2022,DVT,AZ,AWP,CE,Towers with Radar,0,13,13,0,26,0,92,126,0,218,0,105,139,0,244,565,0,565,809
05/24/2022,DVT,AZ,AWP,CE,Towers with Radar,0,21,22,0,43,0,99,132,0,231,0,120,154,0,274,511,0,511,785
05/25/2022,DVT,AZ,AWP,CE,Towers with Radar,0,23,10,1,34,0,93,131,0,224,0,116,141,1,258,609,0,609,867
05/26/2022,DVT,AZ,AWP,CE,Towers with Radar,0,22,13,0,35,0,89,131,0,220,0,111,144,0,255,475,0,475,730
05/27/2022,DVT,AZ,AWP,CE,Towers with Radar,0,15,18,0,33,0,86,154,0,240,0,101,172,0,273,525,0,525,798
05/28/2022,DVT,AZ,AWP,CE,Towers with Radar,0,12,10,0,22,0,44,121,0,165,0,56,131,0,187,181,0,181,368
05/29/2022,DVT,AZ,AWP,CE,Towers with Radar,0,6,6,0,12,0,20,93,0,113,0,26,99,0,125,155,0,155,280
05/30/2022,DVT,AZ,AWP,CE,Towers with Radar,0,15,16,0,31,0,89,124,0,213,0,104,140,0,244,390,0,390,634
05/31/2022,DVT,AZ,AWP,CE,Towers with Radar,0,18,12,0,30,0,94,141,0,235,0,112,153,0,265,482,0,482,747
06/01/2022,DVT,AZ,AWP,CE,Towers with Radar,0,17,17,0,34,0,86,207,0,293,0,103,224,0,327,636,0,636,963
06/02/2022,DVT,AZ,AWP,CE,Towers with Radar,0,21,22,0,43,0,117,114,0,231,0,138,136,0,274,614,0,614,888
06/03/2022,DVT,AZ,AWP,CE,Towers with Radar,0,20,16,0,36,0,108,142,0,250,0,128,158,0,286,464,0,464,750
06/04/2022,DVT,AZ,AWP,CE,Towers with Radar,0,20,11,0,31,0,54,131,1,186,0,74,142,1,217,355,0,355,572
06/05/2022,DVT,AZ,AWP,CE,Towers with Radar,0,9,17,0,26,0,52,108,0,160,0,61,125,0,186,311,0,311,497
06/06/2022,DVT,AZ,AWP,CE,Towers with Radar,0,14,15,0,29,0,95,105,0,200,0,109,120,0,229,454,0,454,683
06/07/2022,DVT,AZ,AWP,CE,Towers with Radar,0,14,6,0,20,0,84,120,0,204,0,98,126,0,224,527,0,527,751
06/08/2022,DVT,AZ,AWP,CE,Towers with Radar,0,10,16,0,26,0,104,124,0,228,0,114,140,0,254,656,0,656,910
06/09/2022,DVT,AZ,AWP,CE,Towers with Radar,0,13,21,0,34,0,88,135,0,223,0,101,156,0,257,487,0,487,744
06/10/2022,DVT,AZ,AWP,CE,Towers with Radar,0,15,16,0,31,0,72,97,0,169,0,87,113,0,200,583,0,583,783
06/11/2022,DVT,AZ,AWP,CE,Towers with Radar,0,12,12,0,24,0,46,119,0,165,0,58,131,0,189,287,0,287,476
06/12/2022,DVT,AZ,AWP,CE,Towers with Radar,0,6,14,0,20,0,56,92,0,148,0,62,106,0,168,258,0,258,426
06/13/2022,DVT,AZ,AWP,CE,Towers with Radar,0,15,11,0,26,0,84,93,0,177,0,99,104,0,203,413,0,413,616
06/14/2022,DVT,AZ,AWP,CE,Towers with Radar,0,12,19,0,31,0,96,110,0,206,0,108,129,0,237,449,0,449,686
06/15/2022,DVT,AZ,AWP,CE,Towers with Radar,0,24,31,0,55,0,103,122,0,225,0,127,153,0,280,588,1,589,869
06/16/2022,DVT,AZ,AWP,CE,Towers with Radar,0,20,15,0,35,0,86,109,0,195,0,106,124,0,230,524,0,524,754
06/17/2022,DVT,AZ,AWP,CE,Towers with Radar,0,10,18,0,28,0,104,113,0,217,0,114,131,0,245,535,0,535,780
06/18/2022,DVT,AZ,AWP,CE,Towers with Radar,0,13,13,0,26,0,53,115,0,168,0,66,128,0,194,350,0,350,544
06/19/2022,DVT,AZ,AWP,CE,Towers with Radar,0,6,9,0,15,0,51,94,0,145,0,57,103,0,160,317,0,317,477
06/20/2022,DVT,AZ,AWP,CE,Towers with Radar,0,16,14,0,30,0,107,113,0,220,0,123,127,0,250,447,0,447,697
06/21/2022,DVT,AZ,AWP,CE,Towers with Radar,0,15,18,0,33,0,106,87,0,193,0,121,105,0,226,464,0,464,690
06/22/2022,DVT,AZ,AWP,CE,Towers with Radar,0,18,19,0,37,0,99,126,0,225,0,117,145,0,262,533,0,533,795
06/23/2022,DVT,AZ,AWP,CE,Towers with Radar,0,9,19,0,28,0,82,101,0,183,0,91,120,0,211,359,0,359,570
06/24/2022,DVT,AZ,AWP,CE,Towers with Radar,0,22,15,0,37,0,70,75,0,145,0,92,90,0,182,302,0,302,484
06/25/2022,DVT,AZ,AWP,CE,Towers with Radar,0,10,12,0,22,0,64,121,0,185,0,74,133,0,207,322,0,322,529
06/26/2022,DVT,AZ,AWP,CE,Towers with Radar,0,10,11,0,21,0,45,80,0,125,0,55,91,0,146,265,0,265,411
06/27/2022,DVT,AZ,AWP,CE,Towers with Radar,0,29,12,0,41,0,96,110,0,206,0,125,122,0,247,507,0,507,754
06/28/2022,DVT,AZ,AWP,CE,Towers with Radar,0,22,15,0,37,0,87,107,0,194,0,109,122,0,231,528,0,528,759
06/29/2022,DVT,AZ,AWP,CE,Towers with Radar,0,11,11,0,22,0,67,119,0,186,0,78,130,0,208,377,0,377,585
06/30/2022,DVT,AZ,AWP,CE,Towers with Radar,0,16,19,0,35,0,102,133,0,235,0,118,152,0,270,531,0,531,801
07/01/2022,DVT,AZ,AWP,CE,Towers with Radar,0,20,19,0,39,0,102,107,0,209,0,122,126,0,248,533,0,533,781
07/02/2022,DVT,AZ,AWP,CE,Towers with Radar,0,16,10,0,26,0,88,116,0,204,0,104,126,0,230,436,0,436,666
07/03/2022,DVT,AZ,AWP,CE,Towers with Radar,0,14,4,0,18,0,62,95,0,157,0,76,99,0,175,301,0,301,476
07/04/2022,DVT,AZ,AWP,CE,Towers with Radar,0,15,9,0,24,0,83,97,0,180,0,98,106,0,204,367,0,367,571
07/05/2022,DVT,AZ,AWP,CE,Towers with Radar,0,16,11,0,27,0,104,103,0,207,0,120,114,0,234,476,0,476,710
07/06/2022,DVT,AZ,AWP,CE,Towers with Radar,0,18,22,0,40,0,128,131,0,259,0,146,153,0,299,497,0,497,796
07/07/2022,DVT,AZ,AWP,CE,Towers with Radar,0,26,19,0,45,0,106,142,0,248,0,132,161,0,293,344,0,344,637
07/08/2022,DVT,AZ,AWP,CE,Towers with Radar,0,16,9,0,25,0,87,141,0,228,0,103,150,0,253,494,0,494,747
07/09/2022,DVT,AZ,AWP,CE,Towers with Radar,0,4,3,0,7,0,63,108,0,171,0,67,111,0,178,353,0,353,531
07/10/2022,DVT,AZ,AWP,CE,Towers with Radar,0,9,10,0,19,0,43,93,0,136,0,52,103,0,155,300,0,300,455
07/11/2022,DVT,AZ,AWP,CE,Towers with Radar,0,13,8,0,21,0,67,85,0,152,0,80,93,0,173,332,0,332,505
07/12/2022,DVT,AZ,AWP,CE,Towers with Radar,0,26,20,0,46,0,94,103,0,197,0,120,123,0,243,511,0,511,754
07/13/2022,DVT,AZ,AWP,CE,Towers with Radar,0,17,20,0,37,0,85,114,0,199,0,102,134,0,236,362,0,362,598
07/14/2022,DVT,AZ,AWP,CE,Towers with Radar,0,14,12,0,26,0,92,103,0,195,0,106,115,0,221,374,0,374,595
07/15/2022,DVT,AZ,AWP,CE,Towers with Radar,0,23,14,0,37,0,110,109,0,219,0,133,123,0,256,383,0,383,639
07/16/2022,DVT,AZ,AWP,CE,Towers with Radar,0,8,13,0,21,0,72,92,0,164,0,80,105,0,185,402,0,402,587
07/17/2022,DVT,AZ,AWP,CE,Towers with Radar,0,12,12,0,24,0,44,99,0,143,0,56,111,0,167,265,0,265,432
07/18/2022,DVT,AZ,AWP,CE,Towers with Radar,0,21,13,0,34,0,115,111,0,226,0,136,124,0,260,627,0,627,887
07/19/2022,DVT,AZ,AWP,CE,Towers with Radar,0,18,13,0,31,0,102,112,0,214,0,120,125,0,245,537,0,537,782
07/20/2022,DVT,AZ,AWP,CE,Towers with Radar,0,22,16,0,38,0,109,125,0,234,0,131,141,0,272,652,0,652,924
07/21/2022,DVT,AZ,AWP,CE,Towers with Radar,0,14,19,0,33,0,94,105,0,199,0,108,124,0,232,396,0,396,628
07/22/2022,DVT,AZ,AWP,CE,Towers with Radar,0,25,15,0,40,0,107,100,0,207,0,132,115,0,247,585,0,585,832
07/23/2022,DVT,AZ,AWP,CE,Towers with Radar,0,12,4,0,16,0,54,57,0,111,0,66,61,0,127,258,0,258,385
07/24/2022,DVT,AZ,AWP,CE,Towers with Radar,0,13,15,0,28,0,36,87,0,123,0,49,102,0,151,244,0,244,395
07/25/2022,DVT,AZ,AWP,CE,Towers with Radar,0,20,19,0,39,0,82,90,0,172,0,102,109,0,211,559,0,559,770
07/26/2022,DVT,AZ,AWP,CE,Towers with Radar,0,20,13,0,33,0,87,75,0,162,0,107,88,0,195,659,0,659,854
07/27/2022,DVT,AZ,AWP,CE,Towers with Radar,0,20,13,0,33,0,78,81,0,159,0,98,94,0,192,435,0,435,627
07/28/2022,DVT,AZ,AWP,CE,Towers with Radar,0,14,15,0,29,0,68,81,2,151,0,82,96,2,180,372,6,378,558
07/29/2022,DVT,AZ,AWP,CE,Towers with Radar,0,15,9,0,24,0,113,103,0,216,0,128,112,0,240,525,0,525,765
07/30/2022,DVT,AZ,AWP,CE,Towers with Radar,0,8,21,0,29,0,66,102,0,168,0,74,123,0,197,438,0,438,635
07/31/2022,DVT,AZ,AWP,CE,Towers with Radar,0,9,13,0,22,0,60,115,0,175,0,69,128,0,197,326,0,326,523
08/01/2022,DVT,AZ,AWP,CE,Towers with Radar,0,18,7,0,25,0,94,126,0,220,0,112,133,0,245,505,0,505,750
08/02/2022,DVT,AZ,AWP,CE,Towers with Radar,0,22,24,0,46,0,105,125,0,230,0,127,149,0,276,616,0,616,892
08/03/2022,DVT,AZ,AWP,CE,Towers with Radar,0,30,22,0,52,0,90,119,0,209,0,120,141,0,261,456,0,456,717
08/04/2022,DVT,AZ,AWP,CE,Towers with Radar,0,25,10,0,35,0,93,84,0,177,0,118,94,0,212,533,0,533,745
08/05/2022,DVT,AZ,AWP,CE,Towers with Radar,0,23,17,0,40,0,108,153,0,261,0,131,170,0,301,564,0,564,865
08/06/2022,DVT,AZ,AWP,CE,Towers with Radar,0,21,11,0,32,0,48,152,0,200,0,69,163,0,232,324,0,324,556
08/07/2022,DVT,AZ,AWP,CE,Towers with Radar,0,10,14,0,24,0,47,77,0,124,0,57,91,0,148,283,0,283,431
08/08/2022,DVT,AZ,AWP,CE,Towers with Radar,0,23,29,0,52,0,103,123,0,226,0,126,152,0,278,645,0,645,923
08/09/2022,DVT,AZ,AWP,CE,Towers with Radar,0,15,19,0,34,0,102,123,0,225,0,117,142,0,259,528,0,528,787
08/10/2022,DVT,AZ,AWP,CE,Towers with Radar,0,18,18,0,36,0,89,131,0,220,0,107,149,0,256,616,0,616,872
08/11/2022,DVT,AZ,AWP,CE,Towers with Radar,0,20,21,0,41,0,121,95,0,216,0,141,116,0,257,630,0,630,887
08/12/2022,DVT,AZ,AWP,CE,Towers with Radar,0,10,20,0,30,0,72,111,0,183,0,82,131,0,213,376,0,376,589
08/13/2022,DVT,AZ,AWP,CE,Towers with Radar,0,8,16,0,24,0,80,122,0,202,0,88,138,0,226,511,0,511,737
08/14/2022,DVT,AZ,AWP,CE,Towers with Radar,0,14,14,0,28,0,60,119,0,179,0,74,133,0,207,282,0,282,489
08/15/2022,DVT,AZ,AWP,CE,Towers with Radar,0,21,12,0,33,0,121,97,0,218,0,142,109,0,251,536,0,536,787
08/16/2022,DVT,AZ,AWP,CE,Towers with Radar,0,17,7,0,24,0,125,125,0,250,0,142,132,0,274,715,0,715,989
08/17/2022,DVT,AZ,AWP,CE,Towers with Radar,0,25,14,0,39,0,93,110,0,203,0,118,124,0,242,578,0,578,820
08/18/2022,DVT,AZ,AWP,CE,Towers with Radar,0,25,9,0,34,0,93,96,0,189,0,118,105,0,223,499,0,499,722
08/19/2022,DVT,AZ,AWP,CE,Towers with Radar,0,17,15,0,32,0,88,80,0,168,0,105,95,0,200,485,0,485,685
08/20/2022,DVT,AZ,AWP,CE,Towers with Radar,1,17,13,0,31,0,66,86,0,152,1,83,99,0,183,335,0,335,518
08/21/2022,DVT,AZ,AWP,CE,Towers with Radar,0,12,10,0,22,0,64,73,0,137,0,76,83,0,159,317,0,317,476
08/22/2022,DVT,AZ,AWP,CE,Towers with Radar,0,24,7,0,31,0,133,100,0,233,0,157,107,0,264,658,0,658,922
08/23/2022,DVT,AZ,AWP,CE,Towers with Radar,0,10,16,0,26,0,94,80,0,174,0,104,96,0,200,474,0,474,674
08/24/2022,DVT,AZ,AWP,CE,Towers with Radar,0,17,11,0,28,0,129,131,0,260,0,146,142,0,288,668,0,668,956
08/25/2022,DVT,AZ,AWP,CE,Towers with Radar,0,18,19,0,37,0,131,134,0,265,0,149,153,0,302,637,0,637,939
08/26/2022,DVT,AZ,AWP,CE,Towers with Radar,0,23,14,0,37,0,123,125,0,248,0,146,139,0,285,609,0,609,894
08/27/2022,DVT,AZ,AWP,CE,Towers with Radar,0,13,10,0,23,0,49,164,0,213,0,62,174,0,236,446,0,446,682
08/28/2022,DVT,AZ,AWP,CE,Towers with Radar,0,14,17,0,31,0,49,124,0,173,0,63,141,0,204,327,0,327,531
08/29/2022,DVT,AZ,AWP,CE,Towers with Radar,0,21,11,2,34,0,106,92,2,200,0,127,103,4,234,519,8,527,761
08/30/2022,DVT,AZ,AWP,CE,Towers with Radar,0,12,16,0,28,0,124,107,0,231,0,136,123,0,259,667,0,667,926
08/31/2022,DVT,AZ,AWP,CE,Towers with Radar,0,32,11,0,43,0,122,114,0,236,0,154,125,0,279,634,0,634,913
09/01/2022,DVT,AZ,AWP,CE,Towers with Radar,0,20,16,0,36,0,127,113,0,240,0,147,129,0,276,471,0,471,747
09/02/2022,DVT,AZ,AWP,CE,Towers with Radar,0,15,15,0,30,0,138,141,0,279,0,153,156,0,309,576,0,576,885
09/03/2022,DVT,AZ,AWP,CE,Towers with Radar,0,18,11,0,29,0,90,120,0,210,0,108,131,0,239,316,0,316,555
09/04/2022,DVT,AZ,AWP,CE,Towers with Radar,0,16,9,0,25,0,62,124,0,186,0,78,133,0,211,304,0,304,515
09/05/2022,DVT,AZ,AWP,CE,Towers with Radar,0,14,14,0,28,0,114,152,0,266,0,128,166,0,294,469,0,469,763
09/06/2022,DVT,AZ,AWP,CE,Towers with Radar,0,19,15,2,36,0,127,106,0,233,0,146,121,2,269,541,0,541,810
09/07/2022,DVT,AZ,AWP,CE,Towers with Radar,0,19,23,0,42,0,139,118,0,257,0,158,141,0,299,615,0,615,914
09/08/2022,DVT,AZ,AWP,CE,Towers with Radar,0,31,18,0,49,0,115,98,0,213,0,146,116,0,262,606,0,606,868
09/09/2022,DVT,AZ,AWP,CE,Towers with Radar,0,19,15,0,34,0,107,133,0,240,0,126,148,0,274,548,0,548,822
09/10/2022,DVT,AZ,AWP,CE,Towers with Radar,0,16,15,0,31,0,76,114,0,190,0,92,129,0,221,392,0,392,613
09/11/2022,DVT,AZ,AWP,CE,Towers with Radar,0,5,13,0,18,0,68,112,0,180,0,73,125,0,198,219,0,219,417
09/12/2022,DVT,AZ,AWP,CE,Towers with Radar,0,20,17,0,37,0,124,74,0,198,0,144,91,0,235,646,0,646,881
09/13/2022,DVT,AZ,AWP,CE,Towers with Radar,0,19,29,0,48,0,130,109,0,239,0,149,138,0,287,580,0,580,867
09/14/2022,DVT,AZ,AWP,CE,Towers with Radar,0,21,23,0,44,0,126,131,0,257,0,147,154,0,301,557,0,557,858
09/15/2022,DVT,AZ,AWP,CE,Towers with Radar,0,31,18,0,49,0,129,135,0,264,0,160,153,0,313,574,0,574,887
09/16/2022,DVT,AZ,AWP,CE,Towers with Radar,0,17,30,0,47,0,121,157,0,278,0,138,187,0,325,693,0,693,1018
09/17/2022,DVT,AZ,AWP,CE,Towers with Radar,0,10,10,0,20,0,87,167,0,254,0,97,177,0,274,501,0,501,775
09/18/2022,DVT,AZ,AWP,CE,Towers with Radar,0,10,19,0,29,0,87,118,0,205,0,97,137,0,234,261,0,261,495
09/19/2022,DVT,AZ,AWP,CE,Towers with Radar,0,13,22,0,35,0,110,133,0,243,0,123,155,0,278,701,0,701,979
09/20/2022,DVT,AZ,AWP,CE,Towers with Radar,0,17,11,0,28,0,122,90,0,212,0,139,101,0,240,844,0,844,1084
09/21/2022,DVT,AZ,AWP,CE,Towers with Radar,0,7,15,0,22,0,40,57,0,97,0,47,72,0,119,479,0,479,598
09/22/2022,DVT,AZ,AWP,CE,Towers with Radar,1,23,22,0,46,0,129,130,0,259,1,152,152,0,305,819,0,819,1124
09/23/2022,DVT,AZ,AWP,CE,Towers with Radar,0,22,22,0,44,0,101,137,0,238,0,123,159,0,282,623,0,623,905
09/24/2022,DVT,AZ,AWP,CE,Towers with Radar,0,7,15,0,22,0,142,128,0,270,0,149,143,0,292,502,0,502,794
09/25/2022,DVT,AZ,AWP,CE,Towers with Radar,0,7,11,0,18,0,82,136,0,218,0,89,147,0,236,255,0,255,491
09/26/2022,DVT,AZ,AWP,CE,Towers with Radar,0,11,8,0,19,0,121,113,0,234,0,132,121,0,253,488,0,488,741
09/27/2022,DVT,AZ,AWP,CE,Towers with Radar,0,12,16,0,28,0,113,104,0,217,0,125,120,0,245,378,0,378,623
09/28/2022,DVT,AZ,AWP,CE,Towers with Radar,0,13,16,0,29,0,130,118,0,248,0,143,134,0,277,383,0,383,660
09/29/2022,DVT,AZ,AWP,CE,Towers with Radar,0,17,15,0,32,0,153,125,0,278,0,170,140,0,310,832,0,832,1142
09/30/2022,DVT,AZ,AWP,CE,Towers with Radar,0,18,23,0,41,0,135,133,0,268,0,153,156,0,309,591,0,591,900
10/01/2022,DVT,AZ,AWP,CE,Towers with Radar,0,10,6,0,16,0,96,122,0,218,0,106,128,0,234,370,0,370,604
10/02/2022,DVT,AZ,AWP,CE,Towers with Radar,0,6,21,0,27,0,96,148,0,244,0,102,169,0,271,349,0,349,620
10/03/2022,DVT,AZ,AWP,CE,Towers with Radar,0,7,15,0,22,0,80,91,0,171,0,87,106,0,193,341,0,341,534
10/04/2022,DVT,AZ,AWP,CE,Towers with Radar,0,24,19,0,43,0,139,81,0,220,0,163,100,0,263,624,0,624,887
10/05/2022,DVT,AZ,AWP,CE,Towers with Radar,0,30,34,0,64,0,110,129,0,239,0,140,163,0,303,585,0,585,888
10/06/2022,DVT,AZ,AWP,CE,Towers with Radar,0,15,22,0,37,0,101,103,0,204,0,116,125,0,241,510,0,510,751
10/07/2022,DVT,AZ,AWP,CE,Towers with Radar,0,18,25,0,43,0,106,116,0,222,0,124,141,0,265,515,0,515,780
10/08/2022,DVT,AZ,AWP,CE,Towers with Radar,0,10,21,0,31,0,113,127,0,240,0,123,148,0,271,374,0,374,645
10/09/2022,DVT,AZ,AWP,CE,Towers with Radar,0,10,24,0,34,0,92,120,0,212,0,102,144,0,246,346,0,346,592
10/10/2022,DVT,AZ,AWP,CE,Towers with Radar,0,14,11,0,25,0,130,125,0,255,0,144,136,0,280,723,0,723,1003
10/11/2022,DVT,AZ,AWP,CE,Towers with Radar,0,19,16,0,35,0,150,163,0,313,0,169,179,0,348,797,0,797,1145
10/12/2022,DVT,AZ,AWP,CE,Towers with Radar,0,23,23,0,46,0,124,144,0,268,0,147,167,0,314,713,0,713,1027
10/13/2022,DVT,AZ,AWP,CE,Towers with Radar,0,32,17,0,49,0,116,134,0,250,0,148,151,0,299,562,0,562,861
10/14/2022,DVT,AZ,AWP,CE,Towers with Radar,0,23,21,0,44,0,124,148,0,272,0,147,169,0,316,517,0,517,833
10/15/2022,DVT,AZ,AWP,CE,Towers with Radar,0,5,16,0,21,0,20,73,0,93,0,25,89,0,114,106,0,106,220
10/16/2022,DVT,AZ,AWP,CE,Towers with Radar,0,9,18,0,27,0,89,93,0,182,0,98,111,0,209,379,0,379,588
10/17/2022,DVT,AZ,AWP,CE,Towers with Radar,0,23,17,0,40,0,144,115,0,259,0,167,132,0,299,525,0,525,824
10/18/2022,DVT,AZ,AWP,CE,Towers with Radar,0,16,18,0,34,0,139,122,0,261,0,155,140,0,295,512,0,512,807
10/19/2022,DVT,AZ,AWP,CE,Towers with Radar,0,34,21,0,55,0,135,88,0,223,0,169,109,0,278,565,0,565,843
10/20/2022,DVT,AZ,AWP,CE,Towers with Radar,0,17,32,0,49,0,157,131,0,288,0,174,163,0,337,846,0,846,1183
10/21/2022,DVT,AZ,AWP,CE,Towers with Radar,0,13,15,0,28,0,132,189,0,321,0,145,204,0,349,658,0,658,1007
10/22/2022,DVT,AZ,AWP,CE,Towers with Radar,0,11,14,0,25,0,98,143,0,241,0,109,157,0,266,471,0,471,737
10/23/2022,DVT,AZ,AWP,CE,Towers with Radar,0,26,29,0,55,0,61,85,0,146,0,87,114,0,201,338,0,338,539
10/24/2022,DVT,AZ,AWP,CE,Towers with Radar,0,12,20,0,32,0,101,111,0,212,0,113,131,0,244,599,0,599,843
10/25/2022,DVT,AZ,AWP,CE,Towers with Radar,0,24,13,0,37,0,122,151,0,273,0,146,164,0,310,640,0,640,950
10/26/2022,DVT,AZ,AWP,CE,Towers with Radar,0,26,14,0,40,0,130,161,0,291,0,156,175,0,331,758,0,758,1089
10/27/2022,DVT,AZ,AWP,CE,Towers with Radar,0,19,17,0,36,0,126,141,0,267,0,145,158,0,303,593,0,593,896
10/28/2022,DVT,AZ,AWP,CE,Towers with Radar,0,13,26,0,39,0,147,190,0,337,0,160,216,0,376,740,0,740,1116
10/29/2022,DVT,AZ,AWP,CE,Towers with Radar,0,12,25,0,37,0,100,188,0,288,0,112,213,0,325,466,0,466,791
10/30/2022,DVT,AZ,AWP,CE,Towers with Radar,0,11,18,0,29,0,71,149,0,220,0,82,167,0,249,488,0,488,737
10/31/2022,DVT,AZ,AWP,CE,Towers with Radar,0,16,9,0,25,0,134,149,0,283,0,150,158,0,308,622,0,622,930
11/01/2022,DVT,AZ,AWP,CE,Towers with Radar,0,15,27,0,42,0,127,135,0,262,0,142,162,0,304,608,0,608,912
11/02/2022,DVT,AZ,AWP,CE,Towers with Radar,0,22,26,0,48,0,129,121,1,251,0,151,147,1,299,635,16,651,950
11/03/2022,DVT,AZ,AWP,CE,Towers with Radar,0,16,39,0,55,0,42,58,0,100,0,58,97,0,155,276,0,276,431
11/04/2022,DVT,AZ,AWP,CE,Towers with Radar,1,18,32,0,51,0,142,190,0,332,1,160,222,0,383,786,0,786,1169
11/05/2022,DVT,AZ,AWP,CE,Towers with Radar,0,21,18,0,39,0,107,194,4,305,0,128,212,4,344,537,0,537,881
11/06/2022,DVT,AZ,AWP,CE,Towers with Radar,0,14,36,0,50,0,92,185,0,277,0,106,221,0,327,495,0,495,822
11/07/2022,DVT,AZ,AWP,CE,Towers with Radar,0,18,28,0,46,0,125,178,2,305,0,143,206,2,351,686,9,695,1046
11/08/2022,DVT,AZ,AWP,CE,Towers with Radar,0,9,24,0,33,0,129,140,0,269,0,138,164,0,302,644,0,644,946
11/09/2022,DVT,AZ,AWP,CE,Towers with Radar,0,16,23,0,39,0,44,72,0,116,0,60,95,0,155,318,0,318,473
11/10/2022,DVT,AZ,AWP,CE,Towers with Radar,0,27,40,0,67,0,142,220,0,362,0,169,260,0,429,914,0,914,1343
11/11/2022,DVT,AZ,AWP,CE,Towers with Radar,0,20,17,0,37,0,166,196,0,362,0,186,213,0,399,704,0,704,1103
11/12/2022,DVT,AZ,AWP,CE,Towers with Radar,0,13,11,0,24,0,122,199,0,321,0,135,210,0,345,643,0,643,988
11/13/2022,DVT,AZ,AWP,CE,Towers with Radar,0,13,25,0,38,0,90,178,0,268,0,103,203,0,306,455,0,455,761
11/14/2022,DVT,AZ,AWP,CE,Towers with Radar,0,17,30,1,48,0,127,137,0,264,0,144,167,1,312,794,0,794,1106
11/15/2022,DVT,AZ,AWP,CE,Towers with Radar,0,20,26,1,47,0,153,153,0,306,0,173,179,1,353,847,0,847,1200
11/16/2022,DVT,AZ,AWP,CE,Towers with Radar,0,16,22,0,38,0,108,130,0,238,0,124,152,0,276,533,16,549,825
11/17/2022,DVT,AZ,AWP,CE,Towers with Radar,0,26,33,0,59,0,164,162,0,326,0,190,195,0,385,954,0,954,1339
11/18/2022,DVT,AZ,AWP,CE,Towers with Radar,0,33,26,0,59,0,140,148,0,288,0,173,174,0,347,807,0,807,1154
11/19/2022,DVT,AZ,AWP,CE,Towers with Radar,0,13,29,0,42,0,111,172,0,283,0,124,201,0,325,497,0,497,822
11/20/2022,DVT,AZ,AWP,CE,Towers with Radar,0,12,14,0,26,0,77,211,0,288,0,89,225,0,314,484,0,484,798
11/21/2022,DVT,AZ,AWP,CE,Towers with Radar,0,22,17,1,40,0,161,151,0,312,0,183,168,1,352,759,0,759,1111
11/22/2022,DVT,AZ,AWP,CE,Towers with Radar,0,15,30,0,45,0,130,230,0,360,0,145,260,0,405,646,0,646,1051
11/23/2022,DVT,AZ,AWP,CE,Towers with Radar,0,15,17,0,32,0,150,163,0,313,0,165,180,0,345,702,0,702,1047
11/24/2022,DVT,AZ,AWP,CE,Towers with Radar,0,3,7,0,10,0,12,39,0,51,0,15,46,0,61,23,0,23,84
11/25/2022,DVT,AZ,AWP,CE,Towers with Radar,0,11,14,0,25,2,112,139,0,253,2,123,153,0,278,376,0,376,654
11/26/2022,DVT,AZ,AWP,CE,Towers with Radar,0,9,23,0,32,0,118,167,0,285,0,127,190,0,317,537,0,537,854
11/27/2022,DVT,AZ,AWP,CE,Towers with Radar,0,15,28,0,43,0,103,171,0,274,0,118,199,0,317,438,0,438,755
11/28/2022,DVT,AZ,AWP,CE,Towers with Radar,0,24,19,0,43,0,115,112,0,227,0,139,131,0,270,676,0,676,946
11/29/2022,DVT,AZ,AWP,CE,Towers with Radar,0,18,16,0,34,0,137,114,0,251,0,155,130,0,285,580,0,580,865
11/30/2022,DVT,AZ,AWP,CE,Towers with Radar,0,12,22,0,34,0,163,120,0,283,0,175,142,0,317,637,0,637,954
12/01/2022,DVT,AZ,AWP,CE,Towers with Radar,0,12,20,0,32,0,177,165,0,342,0,189,185,0,374,870,0,870,1244
12/02/2022,DVT,AZ,AWP,CE,Towers with Radar,1,13,18,0,32,0,156,131,0,287,1,169,149,0,319,715,0,715,1034
12/03/2022,DVT,AZ,AWP,CE,Towers with Radar,0,15,18,0,33,0,65,82,1,148,0,80,100,1,181,323,0,323,504
12/04/2022,DVT,AZ,AWP,CE,Towers with Radar,0,5,26,0,31,0,2,27,0,29,0,7,53,0,60,220,0,220,280
12/05/2022,DVT,AZ,AWP,CE,Towers with Radar,0,25,18,0,43,0,29,50,2,81,0,54,68,2,124,554,0,554,678
12/06/2022,DVT,AZ,AWP,CE,Towers with Radar,0,10,22,0,32,0,62,60,0,122,0,72,82,0,154,400,0,400,554
12/07/2022,DVT,AZ,AWP,CE,Towers with Radar,1,29,27,0,57,0,107,113,1,221,1,136,140,1,278,834,0,834,1112
12/08/2022,DVT,AZ,AWP,CE,Towers with Radar,0,13,31,0,44,0,172,163,0,335,0,185,194,0,379,715,0,715,1094
12/09/2022,DVT,AZ,AWP,CE,Towers with Radar,0,21,32,0,53,0,178,186,0,364,0,199,218,0,417,648,0,648,1065
12/10/2022,DVT,AZ,AWP,CE,Towers with Radar,0,15,12,2,29,0,114,203,0,317,0,129,215,2,346,506,0,506,852
12/11/2022,DVT,AZ,AWP,CE,Towers with Radar,0,11,24,0,35,0,79,152,0,231,0,90,176,0,266,399,0,399,665
12/12/2022,DVT,AZ,AWP,CE,Towers with Radar,0,4,17,0,21,0,48,52,0,100,0,52,69,0,121,523,0,523,644
12/13/2022,DVT,AZ,AWP,CE,Towers with Radar,0,11,34,0,45,0,111,89,0,200,0,122,123,0,245,648,0,648,893
12/14/2022,DVT,AZ,AWP,CE,Towers with Radar,0,22,21,0,43,0,183,161,0,344,0,205,182,0,387,740,0,740,1127
12/15/2022,DVT,AZ,AWP,CE,Towers with Radar,0,15,20,0,35,0,156,176,0,332,0,171,196,0,367,699,0,699,1066
12/16/2022,DVT,AZ,AWP,CE,Towers with Radar,0,17,17,0,34,0,163,167,0,330,0,180,184,0,364,800,0,800,1164
12/17/2022,DVT,AZ,AWP,CE,Towers with Radar,0,8,18,0,26,0,106,222,0,328,0,114,240,0,354,630,0,630,984
12/18/2022,DVT,AZ,AWP,CE,Towers with Radar,0,21,18,0,39,0,92,145,0,237,0,113,163,0,276,535,0,535,811
12/19/2022,DVT,AZ,AWP,CE,Towers with Radar,0,31,19,0,50,0,149,154,0,303,0,180,173,0,353,744,0,744,1097
12/20/2022,DVT,AZ,AWP,CE,Towers with Radar,0,38,20,0,58,0,194,154,0,348,0,232,174,0,406,683,0,683,1089
12/21/2022,DVT,AZ,AWP,CE,Towers with Radar,0,28,18,0,46,0,179,150,0,329,0,207,168,0,375,690,0,690,1065
12/22/2022,DVT,AZ,AWP,CE,Towers with Radar,0,22,12,0,34,0,139,166,0,305,0,161,178,0,339,590,0,590,929
12/23/2022,DVT,AZ,AWP,CE,Towers with Radar,0,17,15,0,32,0,131,157,0,288,0,148,172,0,320,489,0,489,809
12/24/2022,DVT,AZ,AWP,CE,Towers with Radar,0,7,9,0,16,0,48,103,0,151,0,55,112,0,167,185,0,185,352
12/25/2022,DVT,AZ,AWP,CE,Towers with Radar,0,5,9,0,14,0,12,71,0,83,0,17,80,0,97,40,0,40,137
12/26/2022,DVT,AZ,AWP,CE,Towers with Radar,0,8,30,0,38,0,53,168,0,221,0,61,198,0,259,407,0,407,666
12/27/2022,DVT,AZ,AWP,CE,Towers with Radar,1,14,22,0,37,0,133,144,0,277,1,147,166,0,314,578,0,578,892
12/28/2022,DVT,AZ,AWP,CE,Towers with Radar,0,23,43,0,66,0,1,8,0,9,0,24,51,0,75,31,0,31,106
12/29/2022,DVT,AZ,AWP,CE,Towers with Radar,0,18,41,0,59,0,132,102,0,234,0,150,143,0,293,679,0,679,972
12/30/2022,DVT,AZ,AWP,CE,Towers with Radar,0,22,35,0,57,0,10,47,0,57,0,32,82,0,114,223,0,223,337
12/31/2022,DVT,AZ,AWP,CE,Towers with Radar,0,8,23,0,31,0,75,111,0,186,0,83,134,0,217,467,0,467,684
01/01/2023,DVT,AZ,AWP,CE,Towers with Radar,0,5,25,0,30,0,4,13,0,17,0,9,38,0,47,0,0,0,47
01/02/2023,DVT,AZ,AWP,CE,Towers with Radar,0,5,24,0,29,0,61,108,0,169,0,66,132,0,198,337,0,337,535
01/03/2023,DVT,AZ,AWP,CE,Towers with Radar,0,14,17,0,31,0,103,69,0,172,0,117,86,0,203,744,0,744,947
01/04/2023,DVT,AZ,AWP,CE,Towers with Radar,0,24,23,0,47,0,140,145,0,285,0,164,168,0,332,899,0,899,1231
01/05/2023,DVT,AZ,AWP,CE,Towers with Radar,0,18,28,0,46,0,145,138,0,283,0,163,166,0,329,802,0,802,1131
01/06/2023,DVT,AZ,AWP,CE,Towers with Radar,0,18,24,0,42,0,153,177,0,330,0,171,201,0,372,776,0,776,1148
01/07/2023,DVT,AZ,AWP,CE,Towers with Radar,0,13,16,0,29,0,139,230,0,369,0,152,246,0,398,593,0,593,991
01/08/2023,DVT,AZ,AWP,CE,Towers with Radar,0,12,18,0,30,0,69,193,0,262,0,81,211,0,292,525,0,525,817
01/09/2023,DVT,AZ,AWP,CE,Towers with Radar,0,12,16,0,28,0,132,127,0,259,0,144,143,0,287,841,0,841,1128
01/10/2023,DVT,AZ,AWP,CE,Towers with Radar,0,8,10,0,18,0,179,157,0,336,0,187,167,0,354,901,0,901,1255
01/11/2023,DVT,AZ,AWP,CE,Towers with Radar,0,20,15,0,35,0,152,171,0,323,0,172,186,0,358,892,0,892,1250
01/12/2023,DVT,AZ,AWP,CE,Towers with Radar,0,14,16,0,30,0,180,167,0,347,0,194,183,0,377,659,0,659,1036
01/13/2023,DVT,AZ,AWP,CE,Towers with Radar,0,7,24,0,31,0,137,197,1,335,0,144,221,1,366,802,0,802,1168
01/14/2023,DVT,AZ,AWP,CE,Towers with Radar,0,8,14,0,22,0,124,166,0,290,0,132,180,0,312,581,0,581,893
01/15/2023,DVT,AZ,AWP,CE,Towers with Radar,0,4,19,0,23,0,2,28,0,30,0,6,47,0,53,239,0,239,292
01/16/2023,DVT,AZ,AWP,CE,Towers with Radar,0,3,15,0,18,0,2,20,0,22,0,5,35,0,40,34,0,34,74
01/17/2023,DVT,AZ,AWP,CE,Towers with Radar,0,8,26,0,34,0,132,115,0,247,0,140,141,0,281,590,0,590,871
01/18/2023,DVT,AZ,AWP,CE,Towers with Radar,1,19,23,0,43,0,154,144,0,298,1,173,167,0,341,816,7,823,1164
01/19/2023,DVT,AZ,AWP,CE,Towers with Radar,0,16,30,0,46,0,156,163,1,320,0,172,193,1,366,797,3,800,1166
01/20/2023,DVT,AZ,AWP,CE,Towers with Radar,0,10,25,0,35,0,149,159,0,308,0,159,184,0,343,667,0,667,1010
01/21/2023,DVT,AZ,AWP,CE,Towers with Radar,0,5,15,0,20,0,129,247,0,376,0,134,262,0,396,611,0,611,1007
01/22/2023,DVT,AZ,AWP,CE,Towers with Radar,0,8,26,0,34,0,75,176,0,251,0,83,202,0,285,543,0,543,828
01/23/2023,DVT,AZ,AWP,CE,Towers with Radar,0,8,21,0,29,0,100,103,0,203,0,108,124,0,232,614,0,614,846
01/24/2023,DVT,AZ,AWP,CE,Towers with Radar,0,19,25,0,44,0,151,160,0,311,0,170,185,0,355,663,0,663,1018
01/25/2023,DVT,AZ,AWP,CE,Towers with Radar,0,16,26,0,42,0,171,140,0,311,0,187,166,0,353,792,0,792,1145
01/26/2023,DVT,AZ,AWP,CE,Towers with Radar,0,20,32,0,52,0,87,117,0,204,0,107,149,0,256,425,0,425,681
01/27/2023,DVT,AZ,AWP,CE,Towers with Radar,0,14,26,0,40,0,152,181,0,333,0,166,207,0,373,821,0,821,1194
01/28/2023,DVT,AZ,AWP,CE,Towers with Radar,0,14,26,0,40,0,91,210,0,301,0,105,236,0,341,545,0,545,886
01/29/2023,DVT,AZ,AWP,CE,Towers with Radar,0,8,21,0,29,0,56,178,0,234,0,64,199,0,263,337,0,337,600
01/30/2023,DVT,AZ,AWP,CE,Towers with Radar,0,8,23,0,31,0,57,89,0,146,0,65,112,0,177,621,0,621,798
01/31/2023,DVT,AZ,AWP,CE,Towers with Radar,0,8,31,0,39,0,98,99,0,197,0,106,130,0,236,709,0,709,945
02/01/2023,DVT,AZ,AWP,CE,Towers with Radar,0,21,25,0,46,0,189,196,0,385,0,210,221,0,431,828,0,828,1259
02/02/2023,DVT,AZ,AWP,CE,Towers with Radar,0,24,31,0,55,0,146,161,0,307,0,170,192,0,362,802,7,809,1171
02/03/2023,DVT,AZ,AWP,CE,Towers with Radar,0,10,27,0,37,0,145,151,0,296,0,155,178,0,333,698,0,698,1031
02/04/2023,DVT,AZ,AWP,CE,Towers with Radar,0,7,15,0,22,0,111,211,0,322,0,118,226,0,344,649,0,649,993
02/05/2023,DVT,AZ,AWP,CE,Towers with Radar,0,16,13,0,29,0,84,164,0,248,0,100,177,0,277,447,0,447,724
02/06/2023,DVT,AZ,AWP,CE,Towers with Radar,1,15,22,0,38,0,114,149,0,263,1,129,171,0,301,646,0,646,947
02/07/2023,DVT,AZ,AWP,CE,Towers with Radar,0,10,21,0,31,0,144,140,0,284,0,154,161,0,315,762,0,762,1077
02/08/2023,DVT,AZ,AWP,CE,Towers with Radar,0,19,37,0,56,0,152,149,0,301,0,171,186,0,357,632,0,632,989
02/09/2023,DVT,AZ,AWP,CE,Towers with Radar,0,25,44,0,69,0,50,103,0,153,0,75,147,0,222,203,0,203,425
02/10/2023,DVT,AZ,AWP,CE,Towers with Radar,0,18,39,0,57,0,59,111,0,170,0,77,150,0,227,198,0,198,425
02/11/2023,DVT,AZ,AWP,CE,Towers with Radar,0,18,22,0,40,0,54,96,0,150,0,72,118,0,190,230,0,230,420
02/12/2023,DVT,AZ,AWP,CE,Towers with Radar,4,25,31,2,62,0,27,76,1,104,4,52,107,3,166,103,0,103,269
02/13/2023,DVT,AZ,AWP,CE,Towers with Radar,0,27,65,0,92,0,27,43,0,70,0,54,108,0,162,310,0,310,472
02/14/2023,DVT,AZ,AWP,CE,Towers with Radar,0,3,32,0,35,0,20,38,0,58,0,23,70,0,93,127,0,127,220
02/15/2023,DVT,AZ,AWP,CE,Towers with Radar,0,23,26,0,49,0,165,104,0,269,0,188,130,0,318,680,0,680,998
02/16/2023,DVT,AZ,AWP,CE,Towers with Radar,0,24,44,0,68,0,197,175,0,372,0,221,219,0,440,822,0,822,1262
02/17/2023,DVT,AZ,AWP,CE,Towers with Radar,0,9,21,1,31,0,129,79,1,209,0,138,100,2,240,597,8,605,845
02/18/2023,DVT,AZ,AWP,CE,Towers with Radar,0,18,37,0,55,0,139,196,0,335,0,157,233,0,390,657,0,657,1047
02/19/2023,DVT,AZ,AWP,CE,Towers with Radar,0,12,27,2,41,0,107,188,0,295,0,119,215,2,336,652,0,652,988
02/20/2023,DVT,AZ,AWP,CE,Towers with Radar,0,17,24,0,41,0,210,175,0,385,0,227,199,0,426,968,0,968,1394
02/21/2023,DVT,AZ,AWP,CE,Towers with Radar,0,11,32,0,43,0,117,130,0,247,0,128,162,0,290,623,0,623,913
02/22/2023,DVT,AZ,AWP,CE,Towers with Radar,0,15,9,0,24,0,7,22,0,29,0,22,31,0,53,2,0,2,55
02/23/2023,DVT,AZ,AWP,CE,Towers with Radar,0,23,29,0,52,0,106,115,0,221,0,129,144,0,273,578,0,578,851
02/24/2023,DVT,AZ,AWP,CE,Towers with Radar,0,21,26,0,47,0,154,156,0,310,0,175,182,0,357,823,0,823,1180
02/25/2023,DVT,AZ,AWP,CE,Towers with Radar,0,8,19,0,27,0,102,152,0,254,0,110,171,0,281,497,0,497,778
02/26/2023,DVT,AZ,AWP,CE,Towers with Radar,0,11,28,0,39,0,22,52,0,74,0,33,80,0,113,218,0,218,331
02/27/2023,DVT,AZ,AWP,CE,Towers with Radar,0,11,32,0,43,0,174,191,0,365,0,185,223,0,408,842,0,842,1250
02/28/2023,DVT,AZ,AWP,CE,Towers with Radar,0,16,26,0,42,0,175,164,2,341,0,191,190,2,383,793,2,795,1178
03/01/2023,DVT,AZ,AWP,CE,Towers with Radar,0,5,19,0,24,0,43,48,0,91,0,48,67,0,115,293,0,293,408
03/02/2023,DVT,AZ,AWP,CE,Towers with Radar,0,9,28,1,38,0,85,96,0,181,0,94,124,1,219,699,0,699,918
03/03/2023,DVT,AZ,AWP,CE,Towers with Radar,0,16,33,0,49,0,189,222,0,411,0,205,255,0,460,787,0,787,1247
03/04/2023,DVT,AZ,AWP,CE,Towers with Radar,0,11,24,0,35,0,112,240,0,352,0,123,264,0,387,645,0,645,1032
03/05/2023,DVT,AZ,AWP,CE,Towers with Radar,0,12,25,0,37,0,90,166,0,256,0,102,191,0,293,494,0,494,787
03/06/2023,DVT,AZ,AWP,CE,Towers with Radar,0,17,23,0,40,0,155,151,0,306,0,172,174,0,346,903,0,903,1249
03/07/2023,DVT,AZ,AWP,CE,Towers with Radar,0,10,35,0,45,0,196,165,0,361,0,206,200,0,406,730,0,730,1136
03/08/2023,DVT,AZ,AWP,CE,Towers with Radar,0,12,33,0,45,0,160,163,0,323,0,172,196,0,368,732,0,732,1100
03/09/2023,DVT,AZ,AWP,CE,Towers with Radar,0,5,35,0,40,0,159,170,0,329,0,164,205,0,369,825,0,825,1194
03/10/2023,DVT,AZ,AWP,CE,Towers with Radar,0,9,35,0,44,0,162,174,0,336,0,171,209,0,380,802,0,802,1182
03/11/2023,DVT,AZ,AWP,CE,Towers with Radar,0,9,28,0,37,0,112,144,1,257,0,121,172,1,294,679,0,679,973
03/12/2023,DVT,AZ,AWP,CE,Towers with Radar,0,9,25,0,34,0,86,157,0,243,0,95,182,0,277,353,0,353,630
03/13/2023,DVT,AZ,AWP,CE,Towers with Radar,1,21,23,0,45,0,174,138,1,313,1,195,161,1,358,730,0,730,1088
03/14/2023,DVT,AZ,AWP,CE,Towers with Radar,0,13,31,0,44,0,174,164,0,338,0,187,195,0,382,701,0,701,1083
03/15/2023,DVT,AZ,AWP,CE,Towers with Radar,0,4,31,0,35,0,18,18,0,36,0,22,49,0,71,102,0,102,173
03/16/2023,DVT,AZ,AWP,CE,Towers with Radar,0,9,37,0,46,0,132,114,0,246,0,141,151,0,292,862,0,862,1154
03/17/2023,DVT,AZ,AWP,CE,Towers with Radar,0,15,35,0,50,0,163,222,0,385,0,178,257,0,435,843,0,843,1278
03/18/2023,DVT,AZ,AWP,CE,Towers with Radar,0,9,17,0,26,0,96,190,0,286,0,105,207,0,312,451,0,451,763
03/19/2023,DVT,AZ,AWP,CE,Towers with Radar,0,9,36,0,45,0,73,134,0,207,0,82,170,0,252,523,0,523,775
03/20/2023,DVT,AZ,AWP,CE,Towers with Radar,0,8,28,0,36,0,115,136,0,251,0,123,164,0,287,731,0,731,1018
03/21/2023,DVT,AZ,AWP,CE,Towers with Radar,0,3,23,0,26,0,34,45,0,79,0,37,68,0,105,236,0,236,341
03/22/2023,DVT,AZ,AWP,CE,Towers with Radar,0,7,29,0,36,0,112,70,0,182,0,119,99,0,218,551,0,551,769
03/23/2023,DVT,AZ,AWP,CE,Towers with Radar,0,27,35,0,62,0,169,200,0,369,0,196,235,0,431,885,1,886,1317
03/24/2023,DVT,AZ,AWP,CE,Towers with Radar,0,19,40,0,59,0,136,166,0,302,0,155,206,0,361,703,0,703,1064
03/25/2023,DVT,AZ,AWP,CE,Towers with Radar,0,9,20,0,29,0,136,182,0,318,0,145,202,0,347,634,0,634,981
03/26/2023,DVT,AZ,AWP,CE,Towers with Radar,0,6,20,0,26,0,84,153,0,237,0,90,173,0,263,473,0,473,736
03/27/2023,DVT,AZ,AWP,CE,Towers with Radar,0,16,19,0,35,0,157,150,0,307,0,173,169,0,342,621,0,621,963
03/28/2023,DVT,AZ,AWP,CE,Towers with Radar,0,20,20,0,40,0,156,163,0,319,0,176,183,0,359,729,0,729,1088
03/29/2023,DVT,AZ,AWP,CE,Towers with Radar,0,20,28,0,48,0,147,176,0,323,0,167,204,0,371,746,0,746,1117
03/30/2023,DVT,AZ,AWP,CE,Towers with Radar,0,7,24,0,31,0,67,64,0,131,0,74,88,0,162,355,0,355,517
03/31/2023,DVT,AZ,AWP,CE,Towers with Radar,0,11,25,0,36,0,154,190,0,344,0,165,215,0,380,800,0,800,1180
04/01/2023,DVT,AZ,AWP,CE,Towers with Radar,0,10,32,0,42,0,125,188,0,313,0,135,220,0,355,707,0,707,1062
04/02/2023,DVT,AZ,AWP,CE,Towers with Radar,0,9,41,0,50,0,89,176,0,265,0,98,217,0,315,470,0,470,785
04/03/2023,DVT,AZ,AWP,CE,Towers with Radar,0,16,12,0,28,0,52,64,0,116,0,68,76,0,144,288,0,288,432
04/04/2023,DVT,AZ,AWP,CE,Towers with Radar,0,6,21,0,27,0,50,88,0,138,0,56,109,0,165,336,0,336,501
04/05/2023,DVT,AZ,AWP,CE,Towers with Radar,0,15,27,0,42,0,152,175,0,327,0,167,202,0,369,855,0,855,1224
04/06/2023,DVT,AZ,AWP,CE,Towers with Radar,0,10,37,0,47,0,208,206,0,414,0,218,243,0,461,944,0,944,1405
04/07/2023,DVT,AZ,AWP,CE,Towers with Radar,0,15,31,0,46,0,144,193,0,337,0,159,224,0,383,835,0,835,1218
04/08/2023,DVT,AZ,AWP,CE,Towers with Radar,0,14,27,0,41,0,138,206,0,344,0,152,233,0,385,548,0,548,933
04/09/2023,DVT,AZ,AWP,CE,Towers with Radar,0,6,11,0,17,0,98,129,0,227,0,104,140,0,244,345,0,345,589
04/10/2023,DVT,AZ,AWP,CE,Towers with Radar,0,12,35,0,47,0,158,140,0,298,0,170,175,0,345,753,0,753,1098
04/11/2023,DVT,AZ,AWP,CE,Towers with Radar,0,23,24,0,47,0,157,182,0,339,0,180,206,0,386,730,8,738,1124
04/12/2023,DVT,AZ,AWP,CE,Towers with Radar,0,17,20,0,37,0,158,183,0,341,0,175,203,0,378,801,0,801,1179
04/13/2023,DVT,AZ,AWP,CE,Towers with Radar,0,16,26,0,42,0,127,155,0,282,0,143,181,0,324,881,0,881,1205
04/14/2023,DVT,AZ,AWP,CE,Towers with Radar,0,17,20,0,37,0,128,203,0,331,0,145,223,0,368,746,0,746,1114
04/15/2023,DVT,AZ,AWP,CE,Towers with Radar,0,13,12,0,25,0,109,216,0,325,0,122,228,0,350,710,0,710,1060
04/16/2023,DVT,AZ,AWP,CE,Towers with Radar,0,6,28,0,34,0,66,208,0,274,0,72,236,0,308,509,0,509,817
04/17/2023,DVT,AZ,AWP,CE,Towers with Radar,0,21,22,0,43,0,174,177,0,351,0,195,199,0,394,626,0,626,1020
04/18/2023,DVT,AZ,AWP,CE,Towers with Radar,0,12,27,0,39,0,155,135,0,290,0,167,162,0,329,700,0,700,1029
04/19/2023,DVT,AZ,AWP,CE,Towers with Radar,0,16,26,0,42,0,143,118,0,261,0,159,144,0,303,716,0,716,1019
04/20/2023,DVT,AZ,AWP,CE,Towers with Radar,0,26,30,0,56,0,153,190,0,343,0,179,220,0,399,832,0,832,1231
04/21/2023,DVT,AZ,AWP,CE,Towers with Radar,0,22,25,0,47,0,159,181,0,340,0,181,206,0,387,838,0,838,1225
04/22/2023,DVT,AZ,AWP,CE,Towers with Radar,0,16,15,0,31,0,130,190,0,320,0,146,205,0,351,651,0,651,1002
04/23/2023,DVT,AZ,AWP,CE,Towers with Radar,0,12,14,0,26,0,82,191,0,273,0,94,205,0,299,542,0,542,841
04/24/2023,DVT,AZ,AWP,CE,Towers with Radar,0,20,16,0,36,1,139,132,0,272,1,159,148,0,308,779,0,779,1087
04/25/2023,DVT,AZ,AWP,CE,Towers with Radar,0,23,21,0,44,0,126,149,0,275,0,149,170,0,319,524,5,529,848
04/26/2023,DVT,AZ,AWP,CE,Towers with Radar,0,23,23,0,46,0,163,175,0,338,0,186,198,0,384,854,0,854,1238
04/27/2023,DVT,AZ,AWP,CE,Towers with Radar,0,31,24,0,55,0,174,145,0,319,0,205,169,0,374,747,0,747,1121
04/28/2023,DVT,AZ,AWP,CE,Towers with Radar,0,22,28,0,50,0,149,139,0,288,0,171,167,0,338,753,0,753,1091
04/29/2023,DVT,AZ,AWP,CE,Towers with Radar,0,21,20,0,41,0,133,205,0,338,0,154,225,0,379,753,0,753,1132
04/30/2023,DVT,AZ,AWP,CE,Towers with Radar,0,14,25,0,39,0,104,171,0,275,0,118,196,0,314,427,0,427,741
05/01/2023,DVT,AZ,AWP,CE,Towers with Radar,0,6,20,0,26,0,84,93,0,177,0,90,113,0,203,376,0,376,579
05/02/2023,DVT,AZ,AWP,CE,Towers with Radar,0,13,18,0,31,0,136,113,0,249,0,149,131,0,280,553,0,553,833
05/03/2023,DVT,AZ,AWP,CE,Towers with Radar,0,11,17,0,28,0,112,132,0,244,0,123,149,0,272,610,0,610,882
05/04/2023,DVT,AZ,AWP,CE,Towers with Radar,0,30,24,0,54,0,142,130,2,274,0,172,154,2,328,677,12,689,1017
05/05/2023,DVT,AZ,AWP,CE,Towers with Radar,0,17,26,0,43,0,155,177,0,332,0,172,203,0,375,708,0,708,1083
05/06/2023,DVT,AZ,AWP,CE,Towers with Radar,0,13,20,0,33,0,127,178,0,305,0,140,198,0,338,538,0,538,876
05/07/2023,DVT,AZ,AWP,CE,Towers with Radar,0,13,17,0,30,0,89,193,0,282,0,102,210,0,312,573,0,573,885
05/08/2023,DVT,AZ,AWP,CE,Towers with Radar,0,13,17,0,30,0,154,136,0,290,0,167,153,0,320,684,0,684,1004
05/09/2023,DVT,AZ,AWP,CE,Towers with Radar,0,14,14,0,28,0,164,162,0,326,0,178,176,0,354,827,0,827,1181
05/10/2023,DVT,AZ,AWP,CE,Towers with Radar,0,8,16,0,24,0,134,132,0,266,0,142,148,0,290,611,0,611,901
05/11/2023,DVT,AZ,AWP,CE,Towers with Radar,1,19,22,0,42,0,153,155,0,308,1,172,177,0,350,858,0,858,1208
05/12/2023,DVT,AZ,AWP,CE,Towers with Radar,0,18,25,0,43,0,168,167,0,335,0,186,192,0,378,916,0,916,1294
05/13/2023,DVT,AZ,AWP,CE,Towers with Radar,0,15,7,0,22,0,117,204,0,321,0,132,211,0,343,658,0,658,1001
05/14/2023,DVT,AZ,AWP,CE,Towers with Radar,0,7,15,0,22,0,83,109,0,192,0,90,124,0,214,460,0,460,674
05/15/2023,DVT,AZ,AWP,CE,Towers with Radar,0,15,21,0,36,0,129,110,2,241,0,144,131,2,277,542,4,546,823
05/16/2023,DVT,AZ,AWP,CE,Towers with Radar,0,9,9,0,18,0,114,117,0,231,0,123,126,0,249,573,0,573,822
05/17/2023,DVT,AZ,AWP,CE,Towers with Radar,0,8,17,0,25,0,144,120,2,266,0,152,137,2,291,818,0,818,1109
05/18/2023,DVT,AZ,AWP,CE,Towers with Radar,0,8,13,0,21,0,139,142,1,282,0,147,155,1,303,621,5,626,929
05/19/2023,DVT,AZ,AWP,CE,Towers with Radar,0,16,19,0,35,0,137,138,0,275,0,153,157,0,310,683,0,683,993
05/20/2023,DVT,AZ,AWP,CE,Towers with Radar,0,13,16,0,29,0,131,180,0,311,0,144,196,0,340,511,0,511,851
05/21/2023,DVT,AZ,AWP,CE,Towers with Radar,0,12,22,0,34,0,112,119,0,231,0,124,141,0,265,638,0,638,903
05/22/2023,DVT,AZ,AWP,CE,Towers with Radar,0,13,19,0,32,0,174,124,0,298,0,187,143,0,330,794,0,794,1124
05/23/2023,DVT,AZ,AWP,CE,Towers with Radar,0,22,23,0,45,0,161,158,0,319,0,183,181,0,364,778,0,778,1142
05/24/2023,DVT,AZ,AWP,CE,Towers with Radar,0,18,13,0,31,0,170,177,2,349,0,188,190,2,380,740,13,753,1133
05/25/2023,DVT,AZ,AWP,CE,Towers with Radar,1,13,21,0,35,0,155,162,0,317,1,168,183,0,352,525,0,525,877
05/26/2023,DVT,AZ,AWP,CE,Towers with Radar,0,29,21,0,50,0,144,167,0,311,0,173,188,0,361,667,0,667,1028
05/27/2023,DVT,AZ,AWP,CE,Towers with Radar,0,12,13,0,25,0,145,189,0,334,0,157,202,0,359,763,0,763,1122
05/28/2023,DVT,AZ,AWP,CE,Towers with Radar,0,14,16,0,30,0,102,158,0,260,0,116,174,0,290,576,0,576,866
05/29/2023,DVT,AZ,AWP,CE,Towers with Radar,0,18,18,0,36,0,136,159,0,295,0,154,177,0,331,725,0,725,1056
05/30/2023,DVT,AZ,AWP,CE,Towers with Radar,0,20,16,0,36,0,153,97,0,250,0,173,113,0,286,595,0,595,881
05/31/2023,DVT,AZ,AWP,CE,Towers with Radar,0,16,15,0,31,0,157,138,0,295,0,173,153,0,326,668,0,668,994
06/01/2023,DVT,AZ,AWP,CE,Towers with Radar,0,13,18,0,31,0,158,150,0,308,0,171,168,0,339,789,0,789,1128
06/02/2023,DVT,AZ,AWP,CE,Towers with Radar,0,18,13,0,31,0,130,168,0,298,0,148,181,0,329,876,0,876,1205
06/03/2023,DVT,AZ,AWP,CE,Towers with Radar,0,14,9,0,23,0,105,147,0,252,0,119,156,0,275,591,0,591,866
06/04/2023,DVT,AZ,AWP,CE,Towers with Radar,0,10,22,0,32,0,109,164,0,273,0,119,186,0,305,558,0,558,863
06/05/2023,DVT,AZ,AWP,CE,Towers with Radar,0,29,23,0,52,0,151,105,0,256,0,180,128,0,308,553,0,553,861
06/06/2023,DVT,AZ,AWP,CE,Towers with Radar,0,21,19,0,40,0,137,109,0,246,0,158,128,0,286,857,0,857,1143
06/07/2023,DVT,AZ,AWP,CE,Towers with Radar,0,24,20,0,44,0,144,165,0,309,0,168,185,0,353,739,0,739,1092
06/08/2023,DVT,AZ,AWP,CE,Towers with Radar,0,24,28,0,52,0,159,139,0,298,0,183,167,0,350,787,1,788,1138
06/09/2023,DVT,AZ,AWP,CE,Towers with Radar,0,17,32,0,49,0,139,160,0,299,0,156,192,0,348,865,0,865,1213
06/10/2023,DVT,AZ,AWP,CE,Towers with Radar,0,13,9,2,24,0,102,170,0,272,0,115,179,2,296,491,0,491,787
06/11/2023,DVT,AZ,AWP,CE,Towers with Radar,0,10,14,0,24,0,61,122,1,184,0,71,136,1,208,415,0,415,623
06/12/2023,DVT,AZ,AWP,CE,Towers with Radar,0,18,27,2,47,0,133,118,2,253,0,151,145,4,300,824,10,834,1134
06/13/2023,DVT,AZ,AWP,CE,Towers with Radar,0,19,28,0,47,0,149,129,0,278,0,168,157,0,325,788,0,788,1113
06/14/2023,DVT,AZ,AWP,CE,Towers with Radar,0,20,16,0,36,0,145,127,2,274,0,165,143,2,310,754,12,766,1076
06/15/2023,DVT,AZ,AWP,CE,Towers with Radar,0,24,16,0,40,0,176,119,0,295,0,200,135,0,335,792,0,792,1127
06/16/2023,DVT,AZ,AWP,CE,Towers with Radar,0,6,16,0,22,0,141,140,0,281,0,147,156,0,303,679,0,679,982
06/17/2023,DVT,AZ,AWP,CE,Towers with Radar,0,13,19,0,32,0,101,169,0,270,0,114,188,0,302,684,0,684,986
06/18/2023,DVT,AZ,AWP,CE,Towers with Radar,0,13,12,0,25,0,89,86,0,175,0,102,98,0,200,421,0,421,621
06/19/2023,DVT,AZ,AWP,CE,Towers with Radar,0,25,11,0,36,0,134,106,0,240,0,159,117,0,276,647,0,647,923
06/20/2023,DVT,AZ,AWP,CE,Towers with Radar,0,29,19,0,48,0,154,135,0,289,0,183,154,0,337,880,0,880,1217
06/21/2023,DVT,AZ,AWP,CE,Towers with Radar,0,26,23,0,49,0,169,147,0,316,0,195,170,0,365,615,0,615,980
06/22/2023,DVT,AZ,AWP,CE,Towers with Radar,0,14,26,0,40,0,174,95,0,269,0,188,121,0,309,597,0,597,906
06/23/2023,DVT,AZ,AWP,CE,Towers with Radar,0,19,22,0,41,0,166,163,0,329,0,185,185,0,370,703,0,703,1073
06/24/2023,DVT,AZ,AWP,CE,Towers with Radar,0,11,10,0,21,0,163,130,0,293,0,174,140,0,314,698,0,698,1012
06/25/2023,DVT,AZ,AWP,CE,Towers with Radar,0,13,18,0,31,0,105,125,0,230,0,118,143,0,261,457,0,457,718
06/26/2023,DVT,AZ,AWP,CE,Towers with Radar,0,18,13,0,31,0,169,101,0,270,0,187,114,0,301,749,0,749,1050
06/27/2023,DVT,AZ,AWP,CE,Towers with Radar,0,17,14,0,31,0,143,108,2,253,0,160,122,2,284,578,8,586,870
06/28/2023,DVT,AZ,AWP,CE,Towers with Radar,0,13,16,0,29,0,152,96,0,248,0,165,112,0,277,692,0,692,969
06/29/2023,DVT,AZ,AWP,CE,Towers with Radar,0,11,18,0,29,0,176,125,0,301,0,187,143,0,330,599,0,599,929
06/30/2023,DVT,AZ,AWP,CE,Towers with Radar,0,12,23,0,35,0,166,138,0,304,0,178,161,0,339,783,0,783,1122
07/01/2023,DVT,AZ,AWP,CE,Towers with Radar,0,13,15,0,28,0,119,115,0,234,0,132,130,0,262,572,0,572,834
07/02/2023,DVT,AZ,AWP,CE,Towers with Radar,0,9,17,0,26,0,86,95,0,181,0,95,112,0,207,423,0,423,630
07/03/2023,DVT,AZ,AWP,CE,Towers with Radar,0,12,7,0,19,0,140,87,0,227,0,152,94,0,246,567,0,567,813
07/04/2023,DVT,AZ,AWP,CE,Towers with Radar,0,16,6,0,22,0,124,120,0,244,0,140,126,0,266,440,0,440,706
07/05/2023,DVT,AZ,AWP,CE,Towers with Radar,0,15,15,0,30,0,132,90,0,222,0,147,105,0,252,561,0,561,813
07/06/2023,DVT,AZ,AWP,CE,Towers with Radar,0,19,19,0,38,0,171,95,0,266,0,190,114,0,304,603,0,603,907
07/07/2023,DVT,AZ,AWP,CE,Towers with Radar,0,16,12,0,28,0,185,113,0,298,0,201,125,0,326,799,0,799,1125
07/08/2023,DVT,AZ,AWP,CE,Towers with Radar,0,19,19,0,38,0,110,113,0,223,0,129,132,0,261,582,0,582,843
07/09/2023,DVT,AZ,AWP,CE,Towers with Radar,0,16,11,0,27,0,109,103,0,212,0,125,114,0,239,474,0,474,713
07/10/2023,DVT,AZ,AWP,CE,Towers with Radar,0,29,18,0,47,0,195,80,0,275,0,224,98,0,322,773,0,773,1095
07/11/2023,DVT,AZ,AWP,CE,Towers with Radar,0,21,20,0,41,0,157,97,0,254,0,178,117,0,295,738,0,738,1033
07/12/2023,DVT,AZ,AWP,CE,Towers with Radar,0,18,21,0,39,0,173,106,0,279,0,191,127,0,318,862,0,862,1180
07/13/2023,DVT,AZ,AWP,CE,Towers with Radar,0,11,12,0,23,0,183,113,2,298,0,194,125,2,321,689,4,693,1014
07/14/2023,DVT,AZ,AWP,CE,Towers with Radar,0,29,13,0,42,0,146,135,0,281,0,175,148,0,323,665,0,665,988
07/15/2023,DVT,AZ,AWP,CE,Towers with Radar,0,15,7,0,22,0,78,84,0,162,0,93,91,0,184,415,0,415,599
07/16/2023,DVT,AZ,AWP,CE,Towers with Radar,0,11,10,0,21,0,117,75,0,192,0,128,85,0,213,448,0,448,661
07/17/2023,DVT,AZ,AWP,CE,Towers with Radar,0,17,14,0,31,0,158,83,0,241,0,175,97,0,272,699,0,699,971
07/18/2023,DVT,AZ,AWP,CE,Towers with Radar,0,19,15,0,34,0,132,97,0,229,0,151,112,0,263,583,0,583,846
07/19/2023,DVT,AZ,AWP,CE,Towers with Radar,0,9,2,0,11,0,145,107,0,252,0,154,109,0,263,623,0,623,886
07/20/2023,DVT,AZ,AWP,CE,Towers with Radar,0,11,16,0,27,0,139,100,0,239,0,150,116,0,266,591,0,591,857
07/21/2023,DVT,AZ,AWP,CE,Towers with Radar,0,16,20,0,36,0,116,82,0,198,0,132,102,0,234,403,0,403,637
07/22/2023,DVT,AZ,AWP,CE,Towers with Radar,0,12,12,0,24,0,124,106,0,230,0,136,118,0,254,529,0,529,783
07/23/2023,DVT,AZ,AWP,CE,Towers with Radar,0,12,16,0,28,0,114,100,0,214,0,126,116,0,242,516,0,516,758
07/24/2023,DVT,AZ,AWP,CE,Towers with Radar,0,10,12,0,22,0,177,92,0,269,0,187,104,0,291,664,0,664,955
07/25/2023,DVT,AZ,AWP,CE,Towers with Radar,0,17,9,0,26,0,182,121,0,303,0,199,130,0,329,662,0,662,991
07/26/2023,DVT,AZ,AWP,CE,Towers with Radar,0,16,16,0,32,0,145,93,2,240,0,161,109,2,272,657,12,669,941
07/27/2023,DVT,AZ,AWP,CE,Towers with Radar,0,19,21,0,40,0,174,112,0,286,0,193,133,0,326,836,0,836,1162
07/28/2023,DVT,AZ,AWP,CE,Towers with Radar,0,5,13,0,18,0,137,107,0,244,0,142,120,0,262,704,0,704,966
07/29/2023,DVT,AZ,AWP,CE,Towers with Radar,0,18,13,0,31,0,125,75,0,200,0,143,88,0,231,430,0,430,661
07/30/2023,DVT,AZ,AWP,CE,Towers with Radar,0,7,9,0,16,0,58,88,0,146,0,65,97,0,162,288,0,288,450
07/31/2023,DVT,AZ,AWP,CE,Towers with Radar,0,13,18,0,31,0,155,106,0,261,0,168,124,0,292,641,0,641,933
08/01/2023,DVT,AZ,AWP,CE,Towers with Radar,0,25,11,0,36,0,190,126,0,316,0,215,137,0,352,704,0,704,1056
08/02/2023,DVT,AZ,AWP,CE,Towers with Radar,0,21,25,0,46,0,160,103,0,263,0,181,128,0,309,824,0,824,1133
08/03/2023,DVT,AZ,AWP,CE,Towers with Radar,0,8,15,0,23,1,139,115,0,255,1,147,130,0,278,599,0,599,877
08/04/2023,DVT,AZ,AWP,CE,Towers with Radar,0,22,22,0,44,0,140,135,0,275,0,162,157,0,319,666,0,666,985
08/05/2023,DVT,AZ,AWP,CE,Towers with Radar,0,24,11,0,35,0,124,108,0,232,0,148,119,0,267,609,0,609,876
08/06/2023,DVT,AZ,AWP,CE,Towers with Radar,0,16,22,0,38,0,100,124,0,224,0,116,146,0,262,363,0,363,625
08/07/2023,DVT,AZ,AWP,CE,Towers with Radar,0,14,13,0,27,0,164,100,0,264,0,178,113,0,291,788,0,788,1079
08/08/2023,DVT,AZ,AWP,CE,Towers with Radar,0,17,14,0,31,0,112,57,0,169,0,129,71,0,200,539,0,539,739
08/09/2023,DVT,AZ,AWP,CE,Towers with Radar,0,19,19,0,38,0,182,96,0,278,0,201,115,0,316,760,1,761,1077
08/10/2023,DVT,AZ,AWP,CE,Towers with Radar,0,21,16,2,39,0,164,115,1,280,0,185,131,3,319,684,10,694,1013
08/11/2023,DVT,AZ,AWP,CE,Towers with Radar,0,18,15,0,33,0,167,116,0,283,0,185,131,0,316,639,0,639,955
08/12/2023,DVT,AZ,AWP,CE,Towers with Radar,0,26,9,0,35,0,122,158,0,280,0,148,167,0,315,644,0,644,959
08/13/2023,DVT,AZ,AWP,CE,Towers with Radar,0,8,15,0,23,0,95,135,0,230,0,103,150,0,253,478,0,478,731
08/14/2023,DVT,AZ,AWP,CE,Towers with Radar,0,20,21,0,41,0,149,113,0,262,0,169,134,0,303,704,9,713,1016
08/15/2023,DVT,AZ,AWP,CE,Towers with Radar,0,15,16,0,31,0,109,65,2,176,0,124,81,2,207,502,13,515,722
08/16/2023,DVT,AZ,AWP,CE,Towers with Radar,0,21,8,0,29,0,136,84,0,220,0,157,92,0,249,579,0,579,828
08/17/2023,DVT,AZ,AWP,CE,Towers with Radar,0,22,10,0,32,0,150,112,1,263,0,172,122,1,295,610,0,610,905
08/18/2023,DVT,AZ,AWP,CE,Towers with Radar,0,13,20,0,33,0,165,120,3,288,0,178,140,3,321,803,31,834,1155
08/19/2023,DVT,AZ,AWP,CE,Towers with Radar,0,19,12,0,31,0,126,98,0,224,0,145,110,0,255,553,0,553,808
08/20/2023,DVT,AZ,AWP,CE,Towers with Radar,0,8,13,0,21,0,79,54,0,133,0,87,67,0,154,254,0,254,408
08/21/2023,DVT,AZ,AWP,CE,Towers with Radar,0,15,12,0,27,0,142,65,0,207,0,157,77,0,234,703,0,703,937
08/22/2023,DVT,AZ,AWP,CE,Towers with Radar,0,16,16,0,32,0,191,103,0,294,0,207,119,0,326,780,0,780,1106
08/23/2023,DVT,AZ,AWP,CE,Towers with Radar,0,8,19,0,27,0,133,113,0,246,0,141,132,0,273,594,0,594,867
08/24/2023,DVT,AZ,AWP,CE,Towers with Radar,0,24,17,0,41,0,187,141,0,328,0,211,158,0,369,832,0,832,1201
08/25/2023,DVT,AZ,AWP,CE,Towers with Radar,0,19,14,0,33,0,174,139,0,313,0,193,153,0,346,749,0,749,1095
08/26/2023,DVT,AZ,AWP,CE,Towers with Radar,0,11,14,0,25,0,164,141,0,305,0,175,155,0,330,541,0,541,871
08/27/2023,DVT,AZ,AWP,CE,Towers with Radar,0,7,9,0,16,0,120,99,0,219,0,127,108,0,235,517,0,517,752
08/28/2023,DVT,AZ,AWP,CE,Towers with Radar,0,13,15,1,29,0,124,105,0,229,0,137,120,1,258,738,0,738,996
08/29/2023,DVT,AZ,AWP,CE,Towers with Radar,0,11,18,0,29,0,135,116,0,251,0,146,134,0,280,589,0,589,869
08/30/2023,DVT,AZ,AWP,CE,Towers with Radar,0,13,13,0,26,0,179,125,0,304,0,192,138,0,330,898,0,898,1228
08/31/2023,DVT,AZ,AWP,CE,Towers with Radar,0,12,20,0,32,0,118,86,1,205,0,130,106,1,237,736,0,736,973
01/01/2020,DVT,AZ,AWP,WE,Towers with Radar,0,0,15,0,15,0,5,206,0,211,0,5,221,0,226,514,0,514,740
01/02/2020,DVT,AZ,AWP,WE,Towers with Radar,0,28,20,0,48,0,184,265,0,449,0,212,285,0,497,900,0,900,1397
01/03/2020,DVT,AZ,AWP,WE,Towers with Radar,0,42,33,0,75,0,170,281,0,451,0,212,314,0,526,825,0,825,1351
01/04/2020,DVT,AZ,AWP,WE,Towers with Radar,0,19,21,0,40,0,182,269,0,451,0,201,290,0,491,1011,0,1011,1502
01/05/2020,DVT,AZ,AWP,WE,Towers with Radar,0,15,24,0,39,0,166,212,0,378,0,181,236,0,417,793,0,793,1210
01/06/2020,DVT,AZ,AWP,WE,Towers with Radar,0,30,19,0,49,0,145,207,0,352,0,175,226,0,401,917,0,917,1318
01/07/2020,DVT,AZ,AWP,WE,Towers with Radar,0,25,38,0,63,0,193,283,0,476,0,218,321,0,539,903,0,903,1442
01/08/2020,DVT,AZ,AWP,WE,Towers with Radar,0,29,22,2,53,0,197,263,0,460,0,226,285,2,513,1013,0,1013,1526
01/09/2020,DVT,AZ,AWP,WE,Towers with Radar,0,18,33,0,51,0,183,206,0,389,0,201,239,0,440,731,0,731,1171
01/10/2020,DVT,AZ,AWP,WE,Towers with Radar,0,16,26,0,42,0,203,253,0,456,0,219,279,0,498,711,0,711,1209
01/11/2020,DVT,AZ,AWP,WE,Towers with Radar,0,30,27,0,57,0,183,285,0,468,0,213,312,0,525,970,0,970,1495
01/12/2020,DVT,AZ,AWP,WE,Towers with Radar,0,28,20,0,48,0,141,243,0,384,0,169,263,0,432,738,0,738,1170
01/13/2020,DVT,AZ,AWP,WE,Towers with Radar,0,26,29,0,55,0,186,273,0,459,0,212,302,0,514,961,0,961,1475
01/14/2020,DVT,AZ,AWP,WE,Towers with Radar,0,37,25,0,62,0,201,296,0,497,0,238,321,0,559,1004,0,1004,1563
01/15/2020,DVT,AZ,AWP,WE,Towers with Radar,0,25,29,0,54,0,170,283,1,454,0,195,312,1,508,1062,0,1062,1570
01/16/2020,DVT,AZ,AWP,WE,Towers with Radar,0,25,24,0,49,0,173,194,0,367,0,198,218,0,416,926,0,926,1342
01/17/2020,DVT,AZ,AWP,WE,Towers with Radar,0,40,31,2,73,0,165,242,0,407,0,205,273,2,480,1148,0,1148,1628
01/18/2020,DVT,AZ,AWP,WE,Towers with Radar,0,24,28,0,52,0,192,306,0,498,0,216,334,0,550,791,0,791,1341
01/19/2020,DVT,AZ,AWP,WE,Towers with Radar,0,34,22,0,56,0,140,247,0,387,0,174,269,0,443,699,0,699,1142
01/20/2020,DVT,AZ,AWP,WE,Towers with Radar,0,31,31,0,62,0,180,262,0,442,0,211,293,0,504,965,0,965,1469
01/21/2020,DVT,AZ,AWP,WE,Towers with Radar,0,9,20,0,29,0,5,16,0,21,0,14,36,0,50,280,0,280,330
01/22/2020,DVT,AZ,AWP,WE,Towers with Radar,0,32,28,0,60,0,148,193,0,341,0,180,221,0,401,1107,0,1107,1508
01/23/2020,DVT,AZ,AWP,WE,Towers with Radar,0,26,28,0,54,0,209,271,0,480,0,235,299,0,534,1057,0,1057,1591
01/24/2020,DVT,AZ,AWP,WE,Towers with Radar,0,31,33,0,64,0,206,270,0,476,0,237,303,0,540,1166,0,1166,1706
01/25/2020,DVT,AZ,AWP,WE,Towers with Radar,0,25,25,0,50,0,174,287,0,461,0,199,312,0,511,998,0,998,1509
01/26/2020,DVT,AZ,AWP,WE,Towers with Radar,0,21,27,0,48,0,168,219,1,388,0,189,246,1,436,853,0,853,1289
01/27/2020,DVT,AZ,AWP,WE,Towers with Radar,0,23,23,0,46,0,217,226,0,443,0,240,249,0,489,887,0,887,1376
01/28/2020,DVT,AZ,AWP,WE,Towers with Radar,0,18,26,0,44,0,208,287,0,495,0,226,313,0,539,1087,0,1087,1626
01/29/2020,DVT,AZ,AWP,WE,Towers with Radar,0,27,31,0,58,0,183,186,2,371,0,210,217,2,429,1143,0,1143,1572
01/30/2020,DVT,AZ,AWP,WE,Towers with Radar,0,31,23,0,54,0,198,258,0,456,0,229,281,0,510,982,0,982,1492
01/31/2020,DVT,AZ,AWP,WE,Towers with Radar,0,37,34,0,71,0,190,278,0,468,0,227,312,0,539,1004,0,1004,1543
02/01/2020,DVT,AZ,AWP,CE,Towers with Radar,0,25,32,0,57,0,177,313,0,490,0,202,345,0,547,960,0,960,1507
02/02/2020,DVT,AZ,AWP,CE,Towers with Radar,0,19,19,0,38,0,154,225,0,379,0,173,244,0,417,809,0,809,1226
02/03/2020,DVT,AZ,AWP,CE,Towers with Radar,0,30,30,0,60,0,151,132,0,283,0,181,162,0,343,860,0,860,1203
02/04/2020,DVT,AZ,AWP,CE,Towers with Radar,4,31,23,0,58,0,177,231,0,408,4,208,254,0,466,955,0,955,1421
02/05/2020,DVT,AZ,AWP,CE,Towers with Radar,0,31,18,0,49,0,166,298,0,464,0,197,316,0,513,1169,0,1169,1682
02/06/2020,DVT,AZ,AWP,CE,Towers with Radar,0,26,32,0,58,0,186,258,0,444,0,212,290,0,502,992,0,992,1494
02/07/2020,DVT,AZ,AWP,CE,Towers with Radar,0,35,27,0,62,0,214,256,0,470,0,249,283,0,532,1144,0,1144,1676
02/08/2020,DVT,AZ,AWP,CE,Towers with Radar,0,27,18,0,45,0,189,301,0,490,0,216,319,0,535,1150,0,1150,1685
02/09/2020,DVT,AZ,AWP,CE,Towers with Radar,0,24,19,0,43,0,159,169,0,328,0,183,188,0,371,593,0,593,964
02/10/2020,DVT,AZ,AWP,CE,Towers with Radar,0,26,30,0,56,0,133,150,0,283,0,159,180,0,339,971,0,971,1310
02/11/2020,DVT,AZ,AWP,CE,Towers with Radar,0,22,24,0,46,0,95,126,0,221,0,117,150,0,267,1081,0,1081,1348
02/12/2020,DVT,AZ,AWP,CE,Towers with Radar,0,32,22,0,54,0,213,290,0,503,0,245,312,0,557,1083,0,1083,1640
02/13/2020,DVT,AZ,AWP,CE,Towers with Radar,0,32,27,0,59,0,166,310,0,476,0,198,337,0,535,1229,0,1229,1764
02/14/2020,DVT,AZ,AWP,CE,Towers with Radar,0,36,22,0,58,0,186,286,0,472,0,222,308,0,530,1152,0,1152,1682
02/15/2020,DVT,AZ,AWP,CE,Towers with Radar,0,26,21,0,47,0,187,268,0,455,0,213,289,0,502,1051,0,1051,1553
02/16/2020,DVT,AZ,AWP,CE,Towers with Radar,0,30,21,0,51,0,130,240,0,370,0,160,261,0,421,910,0,910,1331
02/17/2020,DVT,AZ,AWP,CE,Towers with Radar,0,40,27,0,67,0,184,266,0,450,0,224,293,0,517,1129,0,1129,1646
02/18/2020,DVT,AZ,AWP,CE,Towers with Radar,0,31,26,0,57,0,180,288,0,468,0,211,314,0,525,1118,0,1118,1643
02/19/2020,DVT,AZ,AWP,CE,Towers with Radar,0,13,15,0,28,0,124,260,0,384,0,137,275,0,412,828,0,828,1240
02/20/2020,DVT,AZ,AWP,CE,Towers with Radar,0,40,16,0,56,0,205,299,0,504,0,245,315,0,560,1226,0,1226,1786
02/21/2020,DVT,AZ,AWP,CE,Towers with Radar,0,31,27,0,58,0,155,172,0,327,0,186,199,0,385,670,0,670,1055
02/22/2020,DVT,AZ,AWP,CE,Towers with Radar,0,6,20,0,26,0,11,15,2,28,0,17,35,2,54,95,4,99,153
02/23/2020,DVT,AZ,AWP,CE,Towers with Radar,0,16,29,0,45,0,129,207,0,336,0,145,236,0,381,1226,0,1226,1607
02/24/2020,DVT,AZ,AWP,CE,Towers with Radar,0,14,28,0,42,0,140,233,0,373,0,154,261,0,415,1201,0,1201,1616
02/25/2020,DVT,AZ,AWP,CE,Towers with Radar,0,14,16,0,30,0,108,122,0,230,0,122,138,0,260,253,0,253,513
02/26/2020,DVT,AZ,AWP,CE,Towers with Radar,0,19,18,0,37,0,164,251,0,415,0,183,269,0,452,1212,0,1212,1664
02/27/2020,DVT,AZ,AWP,CE,Towers with Radar,0,25,31,0,56,0,170,272,0,442,0,195,303,0,498,1190,0,1190,1688
02/28/2020,DVT,AZ,AWP,CE,Towers with Radar,0,25,18,1,44,0,177,307,0,484,0,202,325,1,528,955,0,955,1483
02/29/2020,DVT,AZ,AWP,CE,Towers with Radar,0,24,30,0,54,0,155,327,0,482,0,179,357,0,536,902,0,902,1438
03/01/2020,DVT,AZ,AWP,CE,Towers with Radar,0,22,18,0,40,0,139,168,0,307,0,161,186,0,347,829,0,829,1176
03/02/2020,DVT,AZ,AWP,CE,Towers with Radar,0,14,23,0,37,0,110,141,0,251,0,124,164,0,288,670,0,670,958
03/03/2020,DVT,AZ,AWP,CE,Towers with Radar,0,34,30,0,64,0,175,269,0,444,0,209,299,0,508,791,0,791,1299
03/04/2020,DVT,AZ,AWP,CE,Towers with Radar,0,22,26,0,48,0,149,332,0,481,0,171,358,0,529,923,0,923,1452
03/05/2020,DVT,AZ,AWP,CE,Towers with Radar,0,20,34,0,54,0,150,228,0,378,0,170,262,0,432,1126,0,1126,1558
03/06/2020,DVT,AZ,AWP,CE,Towers with Radar,0,30,24,0,54,0,122,204,0,326,0,152,228,0,380,546,0,546,926
03/07/2020,DVT,AZ,AWP,CE,Towers with Radar,0,73,12,0,85,0,89,159,0,248,0,162,171,0,333,285,0,285,618
03/08/2020,DVT,AZ,AWP,CE,Towers with Radar,0,25,13,0,38,0,112,218,0,330,0,137,231,0,368,721,0,721,1089
03/09/2020,DVT,AZ,AWP,CE,Towers with Radar,0,24,17,0,41,0,177,334,0,511,0,201,351,0,552,1050,0,1050,1602
03/10/2020,DVT,AZ,AWP,CE,Towers with Radar,0,17,18,0,35,0,85,130,0,215,0,102,148,0,250,802,0,802,1052
03/11/2020,DVT,AZ,AWP,CE,Towers with Radar,0,10,20,0,30,0,3,14,0,17,0,13,34,0,47,82,0,82,129
03/12/2020,DVT,AZ,AWP,CE,Towers with Radar,0,8,15,0,23,0,14,33,0,47,0,22,48,0,70,357,0,357,427
03/13/2020,DVT,AZ,AWP,CE,Towers with Radar,0,5,11,0,16,0,21,52,0,73,0,26,63,0,89,488,0,488,577
03/14/2020,DVT,AZ,AWP,CE,Towers with Radar,0,35,30,0,65,0,141,288,0,429,0,176,318,0,494,1056,0,1056,1550
03/15/2020,DVT,AZ,AWP,CE,Towers with Radar,0,27,30,0,57,0,155,308,0,463,0,182,338,0,520,938,0,938,1458
03/16/2020,DVT,AZ,AWP,CE,Towers with Radar,0,24,29,0,53,0,158,311,0,469,0,182,340,0,522,1154,0,1154,1676
03/17/2020,DVT,AZ,AWP,CE,Towers with Radar,0,29,32,0,61,0,183,216,0,399,0,212,248,0,460,1365,0,1365,1825
03/18/2020,DVT,AZ,AWP,CE,Towers with Radar,0,8,11,0,19,0,15,24,0,39,0,23,35,0,58,242,0,242,300
03/19/2020,DVT,AZ,AWP,CE,Towers with Radar,0,34,16,0,50,0,131,133,0,264,0,165,149,0,314,1049,0,1049,1363
03/20/2020,DVT,AZ,AWP,CE,Towers with Radar,0,29,32,0,61,0,168,283,0,451,0,197,315,0,512,1214,0,1214,1726
03/21/2020,DVT,AZ,AWP,CE,Towers with Radar,0,33,19,0,52,0,179,255,0,434,0,212,274,0,486,920,0,920,1406
03/22/2020,DVT,AZ,AWP,CE,Towers with Radar,0,22,16,0,38,0,173,225,0,398,0,195,241,0,436,978,0,978,1414
03/23/2020,DVT,AZ,AWP,CE,Towers with Radar,0,31,19,0,50,0,158,165,0,323,0,189,184,0,373,755,0,755,1128
03/24/2020,DVT,AZ,AWP,CE,Towers with Radar,0,49,22,0,71,0,192,272,0,464,0,241,294,0,535,1107,0,1107,1642
03/25/2020,DVT,AZ,AWP,CE,Towers with Radar,0,32,23,0,55,0,171,235,0,406,0,203,258,0,461,1227,0,1227,1688
03/26/2020,DVT,AZ,AWP,CE,Towers with Radar,0,27,21,0,48,0,135,150,0,285,0,162,171,0,333,996,0,996,1329
03/27/2020,DVT,AZ,AWP,CE,Towers with Radar,0,41,16,0,57,0,117,129,0,246,0,158,145,0,303,698,0,698,1001
03/28/2020,DVT,AZ,AWP,CE,Towers with Radar,0,37,21,0,58,0,173,248,0,421,0,210,269,0,479,1048,0,1048,1527
03/29/2020,DVT,AZ,AWP,CE,Towers with Radar,0,34,14,0,48,0,134,213,0,347,0,168,227,0,395,905,0,905,1300
03/30/2020,DVT,AZ,AWP,CE,Towers with Radar,0,32,15,0,47,0,151,232,0,383,0,183,247,0,430,1037,0,1037,1467
03/31/2020,DVT,AZ,AWP,CE,Towers with Radar,0,30,16,0,46,0,169,180,0,349,0,199,196,0,395,789,0,789,1184
04/01/2020,DVT,AZ,AWP,CE,Towers with Radar,0,35,14,0,49,0,165,160,0,325,0,200,174,0,374,1067,0,1067,1441
04/02/2020,DVT,AZ,AWP,CE,Towers with Radar,0,26,11,0,37,0,181,149,0,330,0,207,160,0,367,530,0,530,897
04/03/2020,DVT,AZ,AWP,CE,Towers with Radar,0,24,14,0,38,0,176,193,0,369,0,200,207,0,407,908,0,908,1315
04/04/2020,DVT,AZ,AWP,CE,Towers with Radar,0,32,19,0,51,0,180,197,0,377,0,212,216,0,428,856,0,856,1284
04/05/2020,DVT,AZ,AWP,CE,Towers with Radar,0,27,9,0,36,0,125,170,0,295,0,152,179,0,331,594,0,594,925
04/06/2020,DVT,AZ,AWP,CE,Towers with Radar,0,32,10,1,43,0,168,162,0,330,0,200,172,1,373,619,0,619,992
04/07/2020,DVT,AZ,AWP,CE,Towers with Radar,0,26,15,0,41,0,151,201,0,352,0,177,216,0,393,927,0,927,1320
04/08/2020,DVT,AZ,AWP,CE,Towers with Radar,0,20,10,0,30,0,89,88,0,177,0,109,98,0,207,563,0,563,770
04/09/2020,DVT,AZ,AWP,CE,Towers with Radar,1,32,13,1,47,0,180,212,0,392,1,212,225,1,439,1106,0,1106,1545
04/10/2020,DVT,AZ,AWP,CE,Towers with Radar,0,34,17,0,51,0,172,183,1,356,0,206,200,1,407,871,0,871,1278
04/11/2020,DVT,AZ,AWP,CE,Towers with Radar,0,16,14,0,30,0,120,93,0,213,0,136,107,0,243,687,0,687,930
04/12/2020,DVT,AZ,AWP,CE,Towers with Radar,0,30,10,0,40,0,124,144,0,268,0,154,154,0,308,813,0,813,1121
04/13/2020,DVT,AZ,AWP,CE,Towers with Radar,0,16,16,1,33,0,125,113,1,239,0,141,129,2,272,745,3,748,1020
04/14/2020,DVT,AZ,AWP,CE,Towers with Radar,0,45,16,0,61,0,202,187,0,389,0,247,203,0,450,915,0,915,1365
04/15/2020,DVT,AZ,AWP,CE,Towers with Radar,0,39,23,0,62,0,174,229,0,403,0,213,252,0,465,1047,0,1047,1512
04/16/2020,DVT,AZ,AWP,CE,Towers with Radar,0,25,16,0,41,0,196,190,0,386,0,221,206,0,427,824,0,824,1251
04/17/2020,DVT,AZ,AWP,CE,Towers with Radar,0,29,10,0,39,2,139,145,0,286,2,168,155,0,325,520,0,520,845
04/18/2020,DVT,AZ,AWP,CE,Towers with Radar,0,29,6,0,35,0,162,172,0,334,0,191,178,0,369,807,0,807,1176
04/19/2020,DVT,AZ,AWP,CE,Towers with Radar,0,29,12,0,41,0,159,202,0,361,0,188,214,0,402,862,0,862,1264
04/20/2020,DVT,AZ,AWP,CE,Towers with Radar,0,32,15,0,47,0,141,181,0,322,0,173,196,0,369,654,0,654,1023
04/21/2020,DVT,AZ,AWP,CE,Towers with Radar,0,28,9,0,37,0,149,180,0,329,0,177,189,0,366,832,0,832,1198
04/22/2020,DVT,AZ,AWP,CE,Towers with Radar,0,26,17,2,45,0,175,209,0,384,0,201,226,2,429,985,0,985,1414
04/23/2020,DVT,AZ,AWP,CE,Towers with Radar,0,24,14,0,38,0,148,186,0,334,0,172,200,0,372,854,0,854,1226
04/24/2020,DVT,AZ,AWP,CE,Towers with Radar,0,34,33,0,67,0,142,173,0,315,0,176,206,0,382,811,0,811,1193
04/25/2020,DVT,AZ,AWP,CE,Towers with Radar,0,16,13,0,29,0,171,201,0,372,0,187,214,0,401,557,0,557,958
04/26/2020,DVT,AZ,AWP,CE,Towers with Radar,0,31,14,0,45,0,96,182,0,278,0,127,196,0,323,815,0,815,1138
04/27/2020,DVT,AZ,AWP,CE,Towers with Radar,0,27,10,0,37,0,146,149,0,295,0,173,159,0,332,788,0,788,1120
04/28/2020,DVT,AZ,AWP,CE,Towers with Radar,0,27,8,0,35,0,151,206,0,357,0,178,214,0,392,814,0,814,1206
04/29/2020,DVT,AZ,AWP,CE,Towers with Radar,0,20,20,0,40,0,177,201,0,378,0,197,221,0,418,844,0,844,1262
04/30/2020,DVT,AZ,AWP,CE,Towers with Radar,0,47,12,0,59,0,157,205,0,362,0,204,217,0,421,947,0,947,1368
05/01/2020,DVT,AZ,AWP,CE,Towers with Radar,0,28,15,0,43,0,135,237,0,372,0,163,252,0,415,869,0,869,1284
05/02/2020,DVT,AZ,AWP,CE,Towers with Radar,0,17,9,0,26,0,124,217,0,341,0,141,226,0,367,792,0,792,1159
05/03/2020,DVT,AZ,AWP,CE,Towers with Radar,0,33,21,0,54,0,124,194,0,318,0,157,215,0,372,724,0,724,1096
05/04/2020,DVT,AZ,AWP,CE,Towers with Radar,0,34,21,0,55,0,137,214,0,351,0,171,235,0,406,1151,0,1151,1557
05/05/2020,DVT,AZ,AWP,CE,Towers with Radar,0,21,19,0,40,0,113,162,0,275,0,134,181,0,315,846,0,846,1161
05/06/2020,DVT,AZ,AWP,CE,Towers with Radar,0,39,23,0,62,0,173,265,0,438,0,212,288,0,500,985,0,985,1485
05/07/2020,DVT,AZ,AWP,CE,Towers with Radar,0,30,28,0,58,0,148,257,0,405,0,178,285,0,463,920,0,920,1383
05/08/2020,DVT,AZ,AWP,CE,Towers with Radar,0,25,17,0,42,0,156,221,0,377,0,181,238,0,419,888,0,888,1307
05/09/2020,DVT,AZ,AWP,CE,Towers with Radar,0,34,17,0,51,0,152,177,0,329,0,186,194,0,380,804,0,804,1184
05/10/2020,DVT,AZ,AWP,CE,Towers with Radar,0,14,15,0,29,0,40,74,0,114,0,54,89,0,143,302,0,302,445
05/11/2020,DVT,AZ,AWP,CE,Towers with Radar,0,20,24,0,44,0,158,228,0,386,0,178,252,0,430,864,0,864,1294
05/12/2020,DVT,AZ,AWP,CE,Towers with Radar,0,30,16,0,46,0,174,229,0,403,0,204,245,0,449,1040,0,1040,1489
05/13/2020,DVT,AZ,AWP,CE,Towers with Radar,0,32,34,0,66,0,120,247,0,367,0,152,281,0,433,1074,0,1074,1507
05/14/2020,DVT,AZ,AWP,CE,Towers with Radar,0,29,12,0,41,0,167,255,0,422,0,196,267,0,463,1104,0,1104,1567
05/15/2020,DVT,AZ,AWP,CE,Towers with Radar,0,33,26,0,59,0,162,252,0,414,0,195,278,0,473,1072,0,1072,1545
05/16/2020,DVT,AZ,AWP,CE,Towers with Radar,0,21,10,0,31,0,132,210,0,342,0,153,220,0,373,818,0,818,1191
05/17/2020,DVT,AZ,AWP,CE,Towers with Radar,0,23,17,0,40,0,120,195,0,315,0,143,212,0,355,707,0,707,1062
05/18/2020,DVT,AZ,AWP,CE,Towers with Radar,0,19,16,0,35,0,150,164,0,314,0,169,180,0,349,876,0,876,1225
05/19/2020,DVT,AZ,AWP,CE,Towers with Radar,0,23,22,0,45,0,103,178,0,281,0,126,200,0,326,617,0,617,943
05/20/2020,DVT,AZ,AWP,CE,Towers with Radar,0,27,33,0,60,0,160,276,0,436,0,187,309,0,496,1182,0,1182,1678
05/21/2020,DVT,AZ,AWP,CE,Towers with Radar,0,21,32,0,53,0,156,238,0,394,0,177,270,0,447,1118,0,1118,1565
05/22/2020,DVT,AZ,AWP,CE,Towers with Radar,0,22,17,0,39,0,128,221,0,349,0,150,238,0,388,857,0,857,1245
05/23/2020,DVT,AZ,AWP,CE,Towers with Radar,0,20,26,0,46,0,105,203,0,308,0,125,229,0,354,630,0,630,984
05/24/2020,DVT,AZ,AWP,CE,Towers with Radar,0,15,10,0,25,0,109,200,0,309,0,124,210,0,334,673,0,673,1007
05/25/2020,DVT,AZ,AWP,CE,Towers with Radar,0,25,19,0,44,0,118,257,0,375,0,143,276,0,419,999,0,999,1418
05/26/2020,DVT,AZ,AWP,CE,Towers with Radar,0,16,15,0,31,0,141,237,0,378,0,157,252,0,409,366,0,366,775
05/27/2020,DVT,AZ,AWP,CE,Towers with Radar,0,10,12,0,22,0,149,227,0,376,0,159,239,0,398,285,0,285,683
05/28/2020,DVT,AZ,AWP,CE,Towers with Radar,0,8,15,0,23,0,119,211,0,330,0,127,226,0,353,303,0,303,656
05/29/2020,DVT,AZ,AWP,CE,Towers with Radar,0,5,9,0,14,0,151,200,0,351,0,156,209,0,365,179,0,179,544
05/30/2020,DVT,AZ,AWP,CE,Towers with Radar,0,13,6,0,19,0,134,219,0,353,0,147,225,0,372,237,0,237,609
05/31/2020,DVT,AZ,AWP,CE,Towers with Radar,0,9,18,0,27,0,119,166,0,285,0,128,184,0,312,262,0,262,574
06/01/2020,DVT,AZ,AWP,CE,Towers with Radar,0,15,17,0,32,0,113,207,0,320,0,128,224,0,352,296,0,296,648
06/02/2020,DVT,AZ,AWP,CE,Towers with Radar,0,29,24,0,53,0,146,205,0,351,0,175,229,0,404,913,0,913,1317
06/03/2020,DVT,AZ,AWP,CE,Towers with Radar,0,27,24,0,51,0,144,201,0,345,0,171,225,0,396,914,0,914,1310
06/04/2020,DVT,AZ,AWP,CE,Towers with Radar,0,25,26,0,51,0,145,193,0,338,0,170,219,0,389,874,0,874,1263
06/05/2020,DVT,AZ,AWP,CE,Towers with Radar,0,28,24,0,52,0,140,191,0,331,0,168,215,0,383,818,0,818,1201
06/06/2020,DVT,AZ,AWP,CE,Towers with Radar,0,29,20,0,49,0,125,163,0,288,0,154,183,0,337,901,0,901,1238
06/07/2020,DVT,AZ,AWP,CE,Towers with Radar,0,25,22,0,47,0,127,143,0,270,0,152,165,0,317,553,0,553,870
06/08/2020,DVT,AZ,AWP,CE,Towers with Radar,0,26,25,0,51,0,74,124,0,198,0,100,149,0,249,540,0,540,789
06/09/2020,DVT,AZ,AWP,CE,Towers with Radar,0,26,19,0,45,0,127,222,0,349,0,153,241,0,394,927,0,927,1321
06/10/2020,DVT,AZ,AWP,CE,Towers with Radar,0,28,17,0,45,0,153,272,0,425,0,181,289,0,470,862,0,862,1332
06/11/2020,DVT,AZ,AWP,CE,Towers with Radar,0,15,18,0,33,2,123,207,1,333,2,138,225,1,366,868,0,868,1234
06/12/2020,DVT,AZ,AWP,CE,Towers with Radar,0,30,20,0,50,0,105,170,0,275,0,135,190,0,325,609,0,609,934
06/13/2020,DVT,AZ,AWP,CE,Towers with Radar,0,41,15,0,56,0,127,157,0,284,0,168,172,0,340,557,0,557,897
06/14/2020,DVT,AZ,AWP,CE,Towers with Radar,0,23,10,0,33,0,101,163,0,264,0,124,173,0,297,772,0,772,1069
06/15/2020,DVT,AZ,AWP,CE,Towers with Radar,0,36,22,0,58,0,119,174,0,293,0,155,196,0,351,708,0,708,1059
06/16/2020,DVT,AZ,AWP,CE,Towers with Radar,0,39,13,0,52,0,132,185,0,317,0,171,198,0,369,761,0,761,1130
06/17/2020,DVT,AZ,AWP,CE,Towers with Radar,0,29,33,1,63,2,107,206,0,315,2,136,239,1,378,724,0,724,1102
06/18/2020,DVT,AZ,AWP,CE,Towers with Radar,0,35,22,1,58,0,124,211,3,338,0,159,233,4,396,681,0,681,1077
06/19/2020,DVT,AZ,AWP,CE,Towers with Radar,0,24,25,0,49,0,137,193,0,330,0,161,218,0,379,779,0,779,1158
06/20/2020,DVT,AZ,AWP,CE,Towers with Radar,0,22,21,0,43,0,120,204,0,324,0,142,225,0,367,693,0,693,1060
06/21/2020,DVT,AZ,AWP,CE,Towers with Radar,0,27,15,0,42,0,101,170,0,271,0,128,185,0,313,599,0,599,912
06/22/2020,DVT,AZ,AWP,CE,Towers with Radar,0,16,27,1,44,0,121,198,0,319,0,137,225,1,363,737,0,737,1100
06/23/2020,DVT,AZ,AWP,CE,Towers with Radar,0,21,18,0,39,0,101,159,0,260,0,122,177,0,299,570,0,570,869
06/24/2020,DVT,AZ,AWP,CE,Towers with Radar,0,33,26,0,59,0,126,175,0,301,0,159,201,0,360,687,0,687,1047
06/25/2020,DVT,AZ,AWP,CE,Towers with Radar,0,35,24,0,59,0,121,209,0,330,0,156,233,0,389,814,0,814,1203
06/26/2020,DVT,AZ,AWP,CE,Towers with Radar,0,33,24,0,57,0,146,178,0,324,0,179,202,0,381,749,0,749,1130
06/27/2020,DVT,AZ,AWP,CE,Towers with Radar,0,34,13,0,47,0,130,176,0,306,0,164,189,0,353,559,0,559,912
06/28/2020,DVT,AZ,AWP,CE,Towers with Radar,0,19,8,0,27,0,82,136,0,218,0,101,144,0,245,414,0,414,659
06/29/2020,DVT,AZ,AWP,CE,Towers with Radar,0,21,8,0,29,0,118,144,1,263,0,139,152,1,292,679,0,679,971
06/30/2020,DVT,AZ,AWP,CE,Towers with Radar,0,18,16,0,34,0,134,252,0,386,0,152,268,0,420,810,0,810,1230
07/01/2020,DVT,AZ,AWP,CE,Towers with Radar,0,27,16,0,43,0,160,189,1,350,0,187,205,1,393,805,0,805,1198
07/02/2020,DVT,AZ,AWP,CE,Towers with Radar,0,24,26,0,50,0,137,185,1,323,0,161,211,1,373,810,0,810,1183
07/03/2020,DVT,AZ,AWP,CE,Towers with Radar,0,20,8,0,28,0,98,181,0,279,0,118,189,0,307,625,0,625,932
07/04/2020,DVT,AZ,AWP,CE,Towers with Radar,0,22,3,0,25,0,104,140,0,244,0,126,143,0,269,409,0,409,678
07/05/2020,DVT,AZ,AWP,CE,Towers with Radar,0,17,9,0,26,0,97,142,0,239,0,114,151,0,265,515,0,515,780
07/06/2020,DVT,AZ,AWP,CE,Towers with Radar,0,17,22,0,39,0,140,202,0,342,0,157,224,0,381,728,0,728,1109
07/07/2020,DVT,AZ,AWP,CE,Towers with Radar,0,25,20,0,45,0,123,175,0,298,0,148,195,0,343,762,0,762,1105
07/08/2020,DVT,AZ,AWP,CE,Towers with Radar,0,23,24,0,47,0,123,197,0,320,0,146,221,0,367,604,0,604,971
07/09/2020,DVT,AZ,AWP,CE,Towers with Radar,0,21,14,0,35,0,84,186,0,270,0,105,200,0,305,677,0,677,982
07/10/2020,DVT,AZ,AWP,CE,Towers with Radar,0,21,28,1,50,0,98,192,1,291,0,119,220,2,341,642,0,642,983
07/11/2020,DVT,AZ,AWP,CE,Towers with Radar,0,11,11,0,22,0,99,127,0,226,0,110,138,0,248,626,0,626,874
07/12/2020,DVT,AZ,AWP,CE,Towers with Radar,0,19,16,0,35,0,86,116,0,202,0,105,132,0,237,657,0,657,894
07/13/2020,DVT,AZ,AWP,CE,Towers with Radar,0,21,22,0,43,0,84,162,0,246,0,105,184,0,289,747,0,747,1036
07/14/2020,DVT,AZ,AWP,CE,Towers with Radar,0,16,12,0,28,0,85,186,0,271,0,101,198,0,299,794,0,794,1093
07/15/2020,DVT,AZ,AWP,CE,Towers with Radar,0,22,15,0,37,0,143,204,0,347,0,165,219,0,384,822,0,822,1206
07/16/2020,DVT,AZ,AWP,CE,Towers with Radar,0,11,18,0,29,0,110,205,0,315,0,121,223,0,344,626,0,626,970
07/17/2020,DVT,AZ,AWP,CE,Towers with Radar,0,36,19,0,55,0,132,200,0,332,0,168,219,0,387,795,0,795,1182
07/18/2020,DVT,AZ,AWP,CE,Towers with Radar,0,20,16,0,36,0,117,170,0,287,0,137,186,0,323,454,0,454,777
07/19/2020,DVT,AZ,AWP,CE,Towers with Radar,0,18,14,1,33,0,102,142,0,244,0,120,156,1,277,624,0,624,901
07/20/2020,DVT,AZ,AWP,CE,Towers with Radar,0,20,20,0,40,0,118,182,0,300,0,138,202,0,340,766,0,766,1106
07/21/2020,DVT,AZ,AWP,CE,Towers with Radar,1,36,22,0,59,0,125,206,0,331,1,161,228,0,390,880,0,880,1270
07/22/2020,DVT,AZ,AWP,CE,Towers with Radar,0,25,15,0,40,0,134,208,0,342,0,159,223,0,382,681,0,681,1063
07/23/2020,DVT,AZ,AWP,CE,Towers with Radar,0,15,13,0,28,0,75,178,0,253,0,90,191,0,281,508,0,508,789
07/24/2020,DVT,AZ,AWP,CE,Towers with Radar,0,18,19,0,37,0,95,185,0,280,0,113,204,0,317,673,0,673,990
07/25/2020,DVT,AZ,AWP,CE,Towers with Radar,0,28,22,0,50,0,143,175,0,318,0,171,197,0,368,605,0,605,973
07/26/2020,DVT,AZ,AWP,CE,Towers with Radar,0,18,22,0,40,0,102,138,0,240,0,120,160,0,280,506,0,506,786
07/27/2020,DVT,AZ,AWP,CE,Towers with Radar,0,25,28,0,53,0,122,179,0,301,0,147,207,0,354,768,0,768,1122
07/28/2020,DVT,AZ,AWP,CE,Towers with Radar,0,23,18,1,42,0,122,211,0,333,0,145,229,1,375,556,0,556,931
07/29/2020,DVT,AZ,AWP,CE,Towers with Radar,0,16,23,0,39,0,103,196,0,299,0,119,219,0,338,776,0,776,1114
07/30/2020,DVT,AZ,AWP,CE,Towers with Radar,0,22,19,0,41,0,91,162,0,253,0,113,181,0,294,656,0,656,950
07/31/2020,DVT,AZ,AWP,CE,Towers with Radar,0,18,22,0,40,0,124,174,0,298,0,142,196,0,338,521,0,521,859
08/01/2020,DVT,AZ,AWP,CE,Towers with Radar,0,23,13,0,36,0,110,125,0,235,0,133,138,0,271,375,0,375,646
08/02/2020,DVT,AZ,AWP,CE,Towers with Radar,0,22,14,0,36,0,117,169,0,286,0,139,183,0,322,423,0,423,745
08/03/2020,DVT,AZ,AWP,CE,Towers with Radar,0,20,25,0,45,0,111,164,0,275,0,131,189,0,320,607,0,607,927
08/04/2020,DVT,AZ,AWP,CE,Towers with Radar,0,31,21,0,52,0,137,203,0,340,0,168,224,0,392,779,0,779,1171
08/05/2020,DVT,AZ,AWP,CE,Towers with Radar,0,17,18,0,35,0,121,176,0,297,0,138,194,0,332,661,0,661,993
08/06/2020,DVT,AZ,AWP,CE,Towers with Radar,0,27,18,0,45,0,125,200,0,325,0,152,218,0,370,820,0,820,1190
08/07/2020,DVT,AZ,AWP,CE,Towers with Radar,0,28,20,0,48,0,101,202,0,303,0,129,222,0,351,764,0,764,1115
08/08/2020,DVT,AZ,AWP,CE,Towers with Radar,0,15,15,0,30,0,113,183,0,296,0,128,198,0,326,605,0,605,931
08/09/2020,DVT,AZ,AWP,CE,Towers with Radar,0,27,28,0,55,0,102,208,0,310,0,129,236,0,365,609,0,609,974
08/10/2020,DVT,AZ,AWP,CE,Towers with Radar,0,21,19,0,40,0,141,165,1,307,0,162,184,1,347,564,0,564,911
08/11/2020,DVT,AZ,AWP,CE,Towers with Radar,0,21,16,0,37,0,126,183,0,309,0,147,199,0,346,641,0,641,987
08/12/2020,DVT,AZ,AWP,CE,Towers with Radar,0,24,12,0,36,0,132,214,0,346,0,156,226,0,382,764,0,764,1146
08/13/2020,DVT,AZ,AWP,CE,Towers with Radar,1,34,25,0,60,0,132,162,0,294,1,166,187,0,354,663,0,663,1017
08/14/2020,DVT,AZ,AWP,CE,Towers with Radar,0,25,18,0,43,0,85,190,0,275,0,110,208,0,318,536,0,536,854
08/15/2020,DVT,AZ,AWP,CE,Towers with Radar,0,30,17,0,47,0,104,199,0,303,0,134,216,0,350,670,0,670,1020
08/16/2020,DVT,AZ,AWP,CE,Towers with Radar,0,25,18,0,43,0,87,120,0,207,0,112,138,0,250,502,0,502,752
08/17/2020,DVT,AZ,AWP,CE,Towers with Radar,0,21,16,0,37,0,104,135,0,239,0,125,151,0,276,458,0,458,734
08/18/2020,DVT,AZ,AWP,CE,Towers with Radar,0,30,15,0,45,0,108,155,0,263,0,138,170,0,308,478,0,478,786
08/19/2020,DVT,AZ,AWP,CE,Towers with Radar,0,30,22,0,52,0,104,183,0,287,0,134,205,0,339,417,0,417,756
08/20/2020,DVT,AZ,AWP,CE,Towers with Radar,0,34,24,0,58,0,106,140,0,246,0,140,164,0,304,501,0,501,805
08/21/2020,DVT,AZ,AWP,CE,Towers with Radar,0,23,12,0,35,0,107,169,0,276,0,130,181,0,311,590,0,590,901
08/22/2020,DVT,AZ,AWP,CE,Towers with Radar,0,20,9,0,29,0,131,184,0,315,0,151,193,0,344,534,0,534,878
08/23/2020,DVT,AZ,AWP,CE,Towers with Radar,0,24,19,0,43,0,66,209,0,275,0,90,228,0,318,483,0,483,801
08/24/2020,DVT,AZ,AWP,CE,Towers with Radar,0,23,23,0,46,0,100,198,0,298,0,123,221,0,344,450,0,450,794
08/25/2020,DVT,AZ,AWP,CE,Towers with Radar,0,24,23,0,47,0,122,182,0,304,0,146,205,0,351,561,0,561,912
08/26/2020,DVT,AZ,AWP,CE,Towers with Radar,0,27,17,0,44,0,132,194,0,326,0,159,211,0,370,644,0,644,1014
08/27/2020,DVT,AZ,AWP,CE,Towers with Radar,0,31,15,0,46,0,95,150,0,245,0,126,165,0,291,578,0,578,869
08/28/2020,DVT,AZ,AWP,CE,Towers with Radar,0,29,37,0,66,0,106,198,0,304,0,135,235,0,370,529,0,529,899
08/29/2020,DVT,AZ,AWP,CE,Towers with Radar,0,16,12,0,28,0,58,150,0,208,0,74,162,0,236,308,0,308,544
08/30/2020,DVT,AZ,AWP,CE,Towers with Radar,0,20,23,0,43,0,69,161,0,230,0,89,184,0,273,432,0,432,705
08/31/2020,DVT,AZ,AWP,CE,Towers with Radar,0,17,15,0,32,0,106,165,0,271,0,123,180,0,303,667,0,667,970
09/01/2020,DVT,AZ,AWP,CE,Towers with Radar,0,34,23,0,57,0,122,177,0,299,0,156,200,0,356,546,0,546,902
09/02/2020,DVT,AZ,AWP,CE,Towers with Radar,0,25,33,0,58,0,122,203,0,325,0,147,236,0,383,664,0,664,1047
09/03/2020,DVT,AZ,AWP,CE,Towers with Radar,0,26,24,0,50,0,115,179,0,294,0,141,203,0,344,533,0,533,877
09/04/2020,DVT,AZ,AWP,CE,Towers with Radar,0,28,11,0,39,0,108,198,0,306,0,136,209,0,345,570,0,570,915
09/05/2020,DVT,AZ,AWP,CE,Towers with Radar,0,14,20,0,34,0,91,163,0,254,0,105,183,0,288,368,0,368,656
09/06/2020,DVT,AZ,AWP,CE,Towers with Radar,0,19,11,0,30,0,87,144,0,231,0,106,155,0,261,383,0,383,644
09/07/2020,DVT,AZ,AWP,CE,Towers with Radar,0,22,26,0,48,0,86,207,0,293,0,108,233,0,341,644,0,644,985
09/08/2020,DVT,AZ,AWP,CE,Towers with Radar,0,16,19,0,35,0,78,155,0,233,0,94,174,0,268,553,0,553,821
09/09/2020,DVT,AZ,AWP,CE,Towers with Radar,0,20,35,0,55,0,100,220,0,320,0,120,255,0,375,582,0,582,957
09/10/2020,DVT,AZ,AWP,CE,Towers with Radar,1,29,20,0,50,0,128,235,0,363,1,157,255,0,413,851,0,851,1264
09/11/2020,DVT,AZ,AWP,CE,Towers with Radar,0,14,24,0,38,0,104,245,0,349,0,118,269,0,387,777,0,777,1164
09/12/2020,DVT,AZ,AWP,CE,Towers with Radar,0,25,26,0,51,0,104,247,0,351,0,129,273,0,402,649,0,649,1051
09/13/2020,DVT,AZ,AWP,CE,Towers with Radar,0,22,16,0,38,0,102,183,0,285,0,124,199,0,323,371,0,371,694
09/14/2020,DVT,AZ,AWP,CE,Towers with Radar,0,17,14,0,31,0,80,152,0,232,0,97,166,0,263,453,0,453,716
09/15/2020,DVT,AZ,AWP,CE,Towers with Radar,0,23,20,0,43,0,134,239,0,373,0,157,259,0,416,577,0,577,993
09/16/2020,DVT,AZ,AWP,CE,Towers with Radar,0,25,19,0,44,0,119,234,0,353,0,144,253,0,397,705,0,705,1102
09/17/2020,DVT,AZ,AWP,CE,Towers with Radar,0,27,24,0,51,0,111,187,0,298,0,138,211,0,349,525,6,531,880
09/18/2020,DVT,AZ,AWP,CE,Towers with Radar,0,28,32,0,60,0,92,200,0,292,0,120,232,0,352,530,0,530,882
09/19/2020,DVT,AZ,AWP,CE,Towers with Radar,0,26,16,0,42,0,97,156,0,253,0,123,172,0,295,354,0,354,649
09/20/2020,DVT,AZ,AWP,CE,Towers with Radar,0,15,16,0,31,0,74,165,0,239,0,89,181,0,270,546,0,546,816
09/21/2020,DVT,AZ,AWP,CE,Towers with Radar,0,12,17,0,29,0,87,212,0,299,0,99,229,0,328,615,0,615,943
09/22/2020,DVT,AZ,AWP,CE,Towers with Radar,0,33,21,0,54,0,96,188,0,284,0,129,209,0,338,778,0,778,1116
09/23/2020,DVT,AZ,AWP,CE,Towers with Radar,0,24,29,0,53,0,146,257,2,405,0,170,286,2,458,755,6,761,1219
09/24/2020,DVT,AZ,AWP,CE,Towers with Radar,0,23,28,0,51,0,124,204,0,328,0,147,232,0,379,642,0,642,1021
09/25/2020,DVT,AZ,AWP,CE,Towers with Radar,0,21,21,1,43,0,103,252,0,355,0,124,273,1,398,690,0,690,1088
09/26/2020,DVT,AZ,AWP,CE,Towers with Radar,0,22,23,0,45,0,115,206,0,321,0,137,229,0,366,465,0,465,831
09/27/2020,DVT,AZ,AWP,CE,Towers with Radar,0,20,26,0,46,0,91,171,0,262,0,111,197,0,308,504,0,504,812
09/28/2020,DVT,AZ,AWP,CE,Towers with Radar,0,27,13,0,40,0,87,178,0,265,0,114,191,0,305,620,0,620,925
09/29/2020,DVT,AZ,AWP,CE,Towers with Radar,0,25,18,0,43,0,105,228,0,333,0,130,246,0,376,708,0,708,1084
09/30/2020,DVT,AZ,AWP,CE,Towers with Radar,0,21,24,0,45,0,103,265,0,368,0,124,289,0,413,696,0,696,1109
10/01/2020,DVT,AZ,AWP,CE,Towers with Radar,0,18,24,0,42,0,111,203,0,314,0,129,227,0,356,1012,0,1012,1368
10/02/2020,DVT,AZ,AWP,CE,Towers with Radar,0,29,34,0,63,0,94,216,0,310,0,123,250,0,373,765,0,765,1138
10/03/2020,DVT,AZ,AWP,CE,Towers with Radar,0,18,20,0,38,0,83,212,0,295,0,101,232,0,333,510,0,510,843
10/04/2020,DVT,AZ,AWP,CE,Towers with Radar,0,27,26,0,53,0,83,181,0,264,0,110,207,0,317,442,0,442,759
10/05/2020,DVT,AZ,AWP,CE,Towers with Radar,0,25,25,0,50,0,86,196,0,282,0,111,221,0,332,859,0,859,1191
10/06/2020,DVT,AZ,AWP,CE,Towers with Radar,0,28,15,0,43,0,109,252,0,361,0,137,267,0,404,739,0,739,1143
10/07/2020,DVT,AZ,AWP,CE,Towers with Radar,0,26,16,0,42,0,121,239,0,360,0,147,255,0,402,843,0,843,1245
10/08/2020,DVT,AZ,AWP,CE,Towers with Radar,1,27,25,0,53,0,128,234,0,362,1,155,259,0,415,769,0,769,1184
10/09/2020,DVT,AZ,AWP,CE,Towers with Radar,0,25,43,0,68,0,81,231,0,312,0,106,274,0,380,599,0,599,979
10/10/2020,DVT,AZ,AWP,CE,Towers with Radar,0,29,21,0,50,0,92,212,0,304,0,121,233,0,354,526,0,526,880
10/11/2020,DVT,AZ,AWP,CE,Towers with Radar,0,22,24,0,46,0,74,210,0,284,0,96,234,0,330,369,0,369,699
10/12/2020,DVT,AZ,AWP,CE,Towers with Radar,0,24,22,0,46,0,112,221,0,333,0,136,243,0,379,896,0,896,1275
10/13/2020,DVT,AZ,AWP,CE,Towers with Radar,0,26,26,0,52,0,121,259,0,380,0,147,285,0,432,879,0,879,1311
10/14/2020,DVT,AZ,AWP,CE,Towers with Radar,0,32,19,0,51,0,130,219,0,349,0,162,238,0,400,925,0,925,1325
10/15/2020,DVT,AZ,AWP,CE,Towers with Radar,0,36,20,0,56,0,114,205,0,319,0,150,225,0,375,735,0,735,1110
10/16/2020,DVT,AZ,AWP,CE,Towers with Radar,0,20,28,0,48,0,92,186,0,278,0,112,214,0,326,726,0,726,1052
10/17/2020,DVT,AZ,AWP,CE,Towers with Radar,0,29,17,0,46,0,109,222,0,331,0,138,239,0,377,669,0,669,1046
10/18/2020,DVT,AZ,AWP,CE,Towers with Radar,0,17,22,0,39,0,68,198,0,266,0,85,220,0,305,540,0,540,845
10/19/2020,DVT,AZ,AWP,CE,Towers with Radar,0,5,24,0,29,0,59,135,0,194,0,64,159,0,223,270,0,270,493
10/20/2020,DVT,AZ,AWP,CE,Towers with Radar,0,24,16,0,40,0,100,242,0,342,0,124,258,0,382,704,0,704,1086
10/21/2020,DVT,AZ,AWP,CE,Towers with Radar,0,21,32,0,53,0,107,259,0,366,0,128,291,0,419,750,0,750,1169
10/22/2020,DVT,AZ,AWP,CE,Towers with Radar,0,30,23,0,53,0,156,232,0,388,0,186,255,0,441,759,0,759,1200
10/23/2020,DVT,AZ,AWP,CE,Towers with Radar,0,26,26,0,52,0,104,258,0,362,0,130,284,0,414,691,0,691,1105
10/24/2020,DVT,AZ,AWP,CE,Towers with Radar,0,15,20,0,35,0,87,226,0,313,0,102,246,0,348,639,0,639,987
10/25/2020,DVT,AZ,AWP,CE,Towers with Radar,0,8,18,0,26,0,44,127,0,171,0,52,145,0,197,192,0,192,389
10/26/2020,DVT,AZ,AWP,CE,Towers with Radar,0,10,17,0,27,0,100,80,0,180,0,110,97,0,207,262,0,262,469
10/27/2020,DVT,AZ,AWP,CE,Towers with Radar,0,18,36,0,54,0,122,214,0,336,0,140,250,0,390,628,0,628,1018
10/28/2020,DVT,AZ,AWP,CE,Towers with Radar,0,14,12,0,26,0,129,228,0,357,0,143,240,0,383,707,0,707,1090
10/29/2020,DVT,AZ,AWP,CE,Towers with Radar,0,20,23,0,43,0,152,303,0,455,0,172,326,0,498,802,0,802,1300
10/30/2020,DVT,AZ,AWP,CE,Towers with Radar,0,19,23,0,42,0,104,253,0,357,0,123,276,0,399,675,0,675,1074
10/31/2020,DVT,AZ,AWP,CE,Towers with Radar,0,12,11,0,23,0,59,243,0,302,0,71,254,0,325,588,0,588,913
11/01/2020,DVT,AZ,AWP,CE,Towers with Radar,0,8,18,0,26,0,44,179,1,224,0,52,197,1,250,238,0,238,488
11/02/2020,DVT,AZ,AWP,CE,Towers with Radar,0,16,15,0,31,0,120,219,0,339,0,136,234,0,370,613,0,613,983
11/03/2020,DVT,AZ,AWP,CE,Towers with Radar,0,22,25,0,47,0,128,243,0,371,0,150,268,0,418,830,0,830,1248
11/04/2020,DVT,AZ,AWP,CE,Towers with Radar,0,27,26,0,53,0,99,285,0,384,0,126,311,0,437,1050,0,1050,1487
11/05/2020,DVT,AZ,AWP,CE,Towers with Radar,0,31,25,0,56,0,98,231,0,329,0,129,256,0,385,759,0,759,1144
11/06/2020,DVT,AZ,AWP,CE,Towers with Radar,0,26,32,0,58,0,85,185,0,270,0,111,217,0,328,938,0,938,1266
11/07/2020,DVT,AZ,AWP,CE,Towers with Radar,0,6,22,0,28,0,27,76,3,106,0,33,98,3,134,272,0,272,406
11/08/2020,DVT,AZ,AWP,CE,Towers with Radar,0,14,21,0,35,0,34,80,0,114,0,48,101,0,149,204,0,204,353
11/09/2020,DVT,AZ,AWP,CE,Towers with Radar,0,25,22,0,47,0,101,193,0,294,0,126,215,0,341,841,0,841,1182
11/10/2020,DVT,AZ,AWP,CE,Towers with Radar,0,22,35,1,58,0,109,235,1,345,0,131,270,2,403,866,0,866,1269
11/11/2020,DVT,AZ,AWP,CE,Towers with Radar,0,30,26,0,56,0,123,242,0,365,0,153,268,0,421,1015,0,1015,1436
11/12/2020,DVT,AZ,AWP,CE,Towers with Radar,0,31,28,0,59,0,101,267,0,368,0,132,295,0,427,814,0,814,1241
11/13/2020,DVT,AZ,AWP,CE,Towers with Radar,1,39,40,0,80,0,86,182,0,268,1,125,222,0,348,640,0,640,988
11/14/2020,DVT,AZ,AWP,CE,Towers with Radar,0,11,15,0,26,0,39,185,0,224,0,50,200,0,250,425,0,425,675
11/15/2020,DVT,AZ,AWP,CE,Towers with Radar,0,12,21,0,33,0,39,255,0,294,0,51,276,0,327,366,0,366,693
11/16/2020,DVT,AZ,AWP,CE,Towers with Radar,0,25,22,0,47,0,90,189,0,279,0,115,211,0,326,804,0,804,1130
11/17/2020,DVT,AZ,AWP,CE,Towers with Radar,0,16,16,0,32,0,132,214,0,346,0,148,230,0,378,754,0,754,1132
11/18/2020,DVT,AZ,AWP,CE,Towers with Radar,1,18,21,0,40,0,118,226,0,344,1,136,247,0,384,827,0,827,1211
11/19/2020,DVT,AZ,AWP,CE,Towers with Radar,0,23,29,0,52,0,110,228,0,338,0,133,257,0,390,940,0,940,1330
11/20/2020,DVT,AZ,AWP,CE,Towers with Radar,0,27,36,0,63,0,79,220,0,299,0,106,256,0,362,861,0,861,1223
11/21/2020,DVT,AZ,AWP,CE,Towers with Radar,0,12,33,0,45,0,59,227,0,286,0,71,260,0,331,592,0,592,923
11/22/2020,DVT,AZ,AWP,CE,Towers with Radar,0,8,22,0,30,0,42,201,0,243,0,50,223,0,273,526,0,526,799
11/23/2020,DVT,AZ,AWP,CE,Towers with Radar,0,32,28,0,60,0,86,195,0,281,0,118,223,0,341,803,0,803,1144
11/24/2020,DVT,AZ,AWP,CE,Towers with Radar,0,21,25,0,46,0,91,238,2,331,0,112,263,2,377,660,0,660,1037
11/25/2020,DVT,AZ,AWP,CE,Towers with Radar,0,21,34,0,55,0,102,264,0,366,0,123,298,0,421,745,0,745,1166
11/26/2020,DVT,AZ,AWP,CE,Towers with Radar,0,5,6,0,11,0,6,134,0,140,0,11,140,0,151,417,0,417,568
11/27/2020,DVT,AZ,AWP,CE,Towers with Radar,0,21,17,0,38,0,70,214,0,284,0,91,231,0,322,705,0,705,1027
11/28/2020,DVT,AZ,AWP,CE,Towers with Radar,0,9,20,0,29,0,58,196,0,254,0,67,216,0,283,558,0,558,841
11/29/2020,DVT,AZ,AWP,CE,Towers with Radar,0,16,29,0,45,0,47,221,0,268,0,63,250,0,313,490,0,490,803
11/30/2020,DVT,AZ,AWP,CE,Towers with Radar,0,18,26,0,44,0,80,169,0,249,0,98,195,0,293,529,0,529,822
12/01/2020,DVT,AZ,AWP,CE,Towers with Radar,0,22,26,0,48,0,100,223,0,323,0,122,249,0,371,886,0,886,1257
12/02/2020,DVT,AZ,AWP,CE,Towers with Radar,1,14,15,0,30,0,104,162,0,266,1,118,177,0,296,475,0,475,771
12/03/2020,DVT,AZ,AWP,CE,Towers with Radar,1,22,15,0,38,0,81,168,0,249,1,103,183,0,287,559,0,559,846
12/04/2020,DVT,AZ,AWP,CE,Towers with Radar,0,62,29,0,91,0,90,218,0,308,0,152,247,0,399,731,0,731,1130
12/05/2020,DVT,AZ,AWP,CE,Towers with Radar,0,11,17,0,28,0,42,190,0,232,0,53,207,0,260,544,0,544,804
12/06/2020,DVT,AZ,AWP,CE,Towers with Radar,0,6,29,0,35,0,44,216,0,260,0,50,245,0,295,448,0,448,743
12/07/2020,DVT,AZ,AWP,CE,Towers with Radar,0,25,14,0,39,0,74,137,0,211,0,99,151,0,250,497,0,497,747
12/08/2020,DVT,AZ,AWP,CE,Towers with Radar,0,22,25,0,47,0,113,191,2,306,0,135,216,2,353,811,9,820,1173
12/09/2020,DVT,AZ,AWP,CE,Towers with Radar,0,27,30,0,57,0,101,229,0,330,0,128,259,0,387,985,0,985,1372
12/10/2020,DVT,AZ,AWP,CE,Towers with Radar,0,12,17,0,29,0,2,38,0,40,0,14,55,0,69,87,0,87,156
12/11/2020,DVT,AZ,AWP,CE,Towers with Radar,1,21,36,0,58,0,94,221,0,315,1,115,257,0,373,980,0,980,1353
12/12/2020,DVT,AZ,AWP,CE,Towers with Radar,0,8,27,0,35,0,58,209,0,267,0,66,236,0,302,627,0,627,929
12/13/2020,DVT,AZ,AWP,CE,Towers with Radar,0,6,22,0,28,0,42,193,0,235,0,48,215,0,263,619,0,619,882
12/14/2020,DVT,AZ,AWP,CE,Towers with Radar,0,19,30,0,49,0,100,201,0,301,0,119,231,0,350,898,0,898,1248
12/15/2020,DVT,AZ,AWP,CE,Towers with Radar,0,20,24,0,44,0,99,253,0,352,0,119,277,0,396,1006,0,1006,1402
12/16/2020,DVT,AZ,AWP,CE,Towers with Radar,0,20,28,0,48,0,115,251,0,366,0,135,279,0,414,899,0,899,1313
12/17/2020,DVT,AZ,AWP,CE,Towers with Radar,0,34,26,0,60,0,87,224,2,313,0,121,250,2,373,912,0,912,1285
12/18/2020,DVT,AZ,AWP,CE,Towers with Radar,0,20,33,0,53,0,83,199,0,282,0,103,232,0,335,899,0,899,1234
12/19/2020,DVT,AZ,AWP,CE,Towers with Radar,0,7,11,0,18,0,43,242,0,285,0,50,253,0,303,467,0,467,770
12/20/2020,DVT,AZ,AWP,CE,Towers with Radar,0,9,23,0,32,0,45,206,0,251,0,54,229,0,283,440,0,440,723
12/21/2020,DVT,AZ,AWP,CE,Towers with Radar,0,24,11,0,35,0,89,238,0,327,0,113,249,0,362,617,0,617,979
12/22/2020,DVT,AZ,AWP,CE,Towers with Radar,0,20,19,0,39,0,89,202,2,293,0,109,221,2,332,779,12,791,1123
12/23/2020,DVT,AZ,AWP,CE,Towers with Radar,0,14,22,0,36,0,55,169,0,224,0,69,191,0,260,368,0,368,628
12/24/2020,DVT,AZ,AWP,CE,Towers with Radar,0,27,11,0,38,0,52,159,0,211,0,79,170,0,249,623,0,623,872
12/25/2020,DVT,AZ,AWP,CE,Towers with Radar,0,2,4,0,6,0,5,54,0,59,0,7,58,0,65,46,0,46,111
12/26/2020,DVT,AZ,AWP,CE,Towers with Radar,0,9,29,0,38,0,32,197,0,229,0,41,226,0,267,490,0,490,757
12/27/2020,DVT,AZ,AWP,CE,Towers with Radar,0,13,25,0,38,0,27,215,0,242,0,40,240,0,280,554,0,554,834
12/28/2020,DVT,AZ,AWP,CE,Towers with Radar,0,21,20,0,41,0,64,148,0,212,0,85,168,0,253,483,0,483,736
12/29/2020,DVT,AZ,AWP,CE,Towers with Radar,0,12,31,0,43,0,60,214,0,274,0,72,245,0,317,1006,0,1006,1323
12/30/2020,DVT,AZ,AWP,CE,Towers with Radar,0,17,18,0,35,0,63,237,0,300,0,80,255,0,335,718,0,718,1053
12/31/2020,DVT,AZ,AWP,CE,Towers with Radar,0,15,25,0,40,0,41,211,0,252,0,56,236,0,292,691,0,691,983
01/01/2021,DVT,AZ,AWP,CE,Towers with Radar,0,4,15,0,19,0,10,167,0,177,0,14,182,0,196,329,0,329,525
01/02/2021,DVT,AZ,AWP,CE,Towers with Radar,0,12,24,0,36,0,44,214,0,258,0,56,238,0,294,682,0,682,976
01/03/2021,DVT,AZ,AWP,CE,Towers with Radar,0,7,23,0,30,0,36,179,0,215,0,43,202,0,245,498,0,498,743
01/04/2021,DVT,AZ,AWP,CE,Towers with Radar,0,22,19,0,41,0,84,214,0,298,0,106,233,0,339,736,0,736,1075
01/05/2021,DVT,AZ,AWP,CE,Towers with Radar,0,21,20,0,41,0,93,206,0,299,0,114,226,0,340,973,0,973,1313
01/06/2021,DVT,AZ,AWP,CE,Towers with Radar,0,19,16,0,35,0,91,221,0,312,0,110,237,0,347,952,0,952,1299
01/07/2021,DVT,AZ,AWP,CE,Towers with Radar,0,32,23,0,55,0,95,204,0,299,0,127,227,0,354,872,0,872,1226
01/08/2021,DVT,AZ,AWP,CE,Towers with Radar,0,14,37,0,51,0,92,213,0,305,0,106,250,0,356,821,0,821,1177
01/09/2021,DVT,AZ,AWP,CE,Towers with Radar,1,17,15,0,33,0,44,160,0,204,1,61,175,0,237,477,0,477,714
01/10/2021,DVT,AZ,AWP,CE,Towers with Radar,0,9,33,0,42,0,35,223,0,258,0,44,256,0,300,586,0,586,886
01/11/2021,DVT,AZ,AWP,CE,Towers with Radar,0,21,20,0,41,0,79,178,0,257,0,100,198,0,298,750,0,750,1048
01/12/2021,DVT,AZ,AWP,CE,Towers with Radar,0,24,27,0,51,0,81,227,0,308,0,105,254,0,359,925,0,925,1284
01/13/2021,DVT,AZ,AWP,CE,Towers with Radar,0,7,31,0,38,0,100,273,0,373,0,107,304,0,411,1001,0,1001,1412
01/14/2021,DVT,AZ,AWP,CE,Towers with Radar,0,16,25,0,41,0,84,245,0,329,0,100,270,0,370,773,0,773,1143
01/15/2021,DVT,AZ,AWP,CE,Towers with Radar,0,13,28,0,41,0,84,238,0,322,0,97,266,0,363,737,0,737,1100
01/16/2021,DVT,AZ,AWP,CE,Towers with Radar,0,16,23,0,39,0,50,277,0,327,0,66,300,0,366,600,0,600,966
01/17/2021,DVT,AZ,AWP,CE,Towers with Radar,0,8,31,0,39,0,42,262,0,304,0,50,293,0,343,654,0,654,997
01/18/2021,DVT,AZ,AWP,CE,Towers with Radar,0,18,23,0,41,0,80,265,0,345,0,98,288,0,386,818,0,818,1204
01/19/2021,DVT,AZ,AWP,CE,Towers with Radar,0,20,17,0,37,0,29,81,0,110,0,49,98,0,147,413,0,413,560
01/20/2021,DVT,AZ,AWP,CE,Towers with Radar,0,18,28,0,46,0,65,136,0,201,0,83,164,0,247,664,0,664,911
01/21/2021,DVT,AZ,AWP,CE,Towers with Radar,0,13,21,0,34,0,82,204,0,286,0,95,225,0,320,993,0,993,1313
01/22/2021,DVT,AZ,AWP,CE,Towers with Radar,0,10,29,0,39,0,19,82,0,101,0,29,111,0,140,778,0,778,918
01/23/2021,DVT,AZ,AWP,CE,Towers with Radar,0,6,13,0,19,0,10,62,0,72,0,16,75,0,91,205,0,205,296
01/24/2021,DVT,AZ,AWP,CE,Towers with Radar,0,2,24,0,26,0,5,40,0,45,0,7,64,0,71,69,0,69,140
01/25/2021,DVT,AZ,AWP,CE,Towers with Radar,0,3,9,0,12,0,2,17,0,19,0,5,26,0,31,31,0,31,62
01/26/2021,DVT,AZ,AWP,CE,Towers with Radar,1,6,17,0,24,0,11,63,0,74,1,17,80,0,98,434,0,434,532
01/27/2021,DVT,AZ,AWP,CE,Towers with Radar,0,15,30,0,45,2,141,288,0,431,2,156,318,0,476,632,0,632,1108
01/28/2021,DVT,AZ,AWP,CE,Towers with Radar,0,16,32,0,48,0,122,285,0,407,0,138,317,0,455,822,0,822,1277
01/29/2021,DVT,AZ,AWP,CE,Towers with Radar,0,9,16,0,25,0,57,109,0,166,0,66,125,0,191,291,0,291,482
01/30/2021,DVT,AZ,AWP,CE,Towers with Radar,0,8,31,0,39,0,42,262,0,304,0,50,293,0,343,663,0,663,1006
01/31/2021,DVT,AZ,AWP,CE,Towers with Radar,0,9,30,0,39,0,37,278,0,315,0,46,308,0,354,662,0,662,1016
02/01/2021,DVT,AZ,AWP,CE,Towers with Radar,0,22,25,0,47,0,105,220,0,325,0,127,245,0,372,757,0,757,1129
02/02/2021,DVT,AZ,AWP,CE,Towers with Radar,0,19,31,0,50,0,115,208,0,323,0,134,239,0,373,829,0,829,1202
02/03/2021,DVT,AZ,AWP,CE,Towers with Radar,0,19,16,0,35,0,99,247,0,346,0,118,263,0,381,849,0,849,1230
02/04/2021,DVT,AZ,AWP,CE,Towers with Radar,0,22,28,0,50,0,96,214,0,310,0,118,242,0,360,794,0,794,1154
02/05/2021,DVT,AZ,AWP,CE,Towers with Radar,0,15,19,0,34,0,79,226,0,305,0,94,245,0,339,766,0,766,1105
02/06/2021,DVT,AZ,AWP,CE,Towers with Radar,0,8,24,0,32,0,67,257,0,324,0,75,281,0,356,602,0,602,958
02/07/2021,DVT,AZ,AWP,CE,Towers with Radar,0,5,12,0,17,0,31,187,0,218,0,36,199,0,235,486,0,486,721
02/08/2021,DVT,AZ,AWP,CE,Towers with Radar,0,15,23,0,38,0,82,223,0,305,0,97,246,0,343,695,0,695,1038
02/09/2021,DVT,AZ,AWP,CE,Towers with Radar,0,21,31,0,52,0,112,245,0,357,0,133,276,0,409,817,0,817,1226
02/10/2021,DVT,AZ,AWP,CE,Towers with Radar,0,18,24,0,42,0,101,224,0,325,0,119,248,0,367,797,0,797,1164
02/11/2021,DVT,AZ,AWP,CE,Towers with Radar,0,21,29,0,50,0,96,265,0,361,0,117,294,0,411,817,0,817,1228
02/12/2021,DVT,AZ,AWP,CE,Towers with Radar,0,17,43,0,60,0,86,171,0,257,0,103,214,0,317,646,0,646,963
02/13/2021,DVT,AZ,AWP,CE,Towers with Radar,0,7,18,0,25,0,45,162,0,207,0,52,180,0,232,346,0,346,578
02/14/2021,DVT,AZ,AWP,CE,Towers with Radar,0,12,24,0,36,0,50,167,0,217,0,62,191,0,253,338,0,338,591
02/15/2021,DVT,AZ,AWP,CE,Towers with Radar,0,22,31,0,53,0,74,239,0,313,0,96,270,0,366,762,0,762,1128
02/16/2021,DVT,AZ,AWP,CE,Towers with Radar,0,16,23,0,39,0,96,130,0,226,0,112,153,0,265,514,0,514,779
02/17/2021,DVT,AZ,AWP,CE,Towers with Radar,0,9,30,0,39,0,74,214,0,288,0,83,244,0,327,541,0,541,868
02/18/2021,DVT,AZ,AWP,CE,Towers with Radar,0,20,24,0,44,0,92,270,0,362,0,112,294,0,406,863,0,863,1269
02/19/2021,DVT,AZ,AWP,CE,Towers with Radar,0,22,34,0,56,0,74,260,0,334,0,96,294,0,390,731,0,731,1121
02/20/2021,DVT,AZ,AWP,CE,Towers with Radar,0,12,20,0,32,0,41,210,0,251,0,53,230,0,283,499,0,499,782
02/21/2021,DVT,AZ,AWP,CE,Towers with Radar,0,15,25,0,40,0,29,213,0,242,0,44,238,0,282,563,0,563,845
02/22/2021,DVT,AZ,AWP,CE,Towers with Radar,1,10,23,0,34,0,72,219,0,291,1,82,242,0,325,670,0,670,995
02/23/2021,DVT,AZ,AWP,CE,Towers with Radar,0,12,26,0,38,0,91,244,0,335,0,103,270,0,373,930,0,930,1303
02/24/2021,DVT,AZ,AWP,CE,Towers with Radar,0,22,26,0,48,0,83,233,0,316,0,105,259,0,364,759,0,759,1123
02/25/2021,DVT,AZ,AWP,CE,Towers with Radar,0,20,23,0,43,0,78,192,1,271,0,98,215,1,314,753,0,753,1067
02/26/2021,DVT,AZ,AWP,CE,Towers with Radar,0,19,41,0,60,0,81,243,0,324,0,100,284,0,384,817,0,817,1201
02/27/2021,DVT,AZ,AWP,CE,Towers with Radar,0,11,23,0,34,0,48,246,0,294,0,59,269,0,328,508,0,508,836
02/28/2021,DVT,AZ,AWP,CE,Towers with Radar,0,5,37,0,42,0,8,62,0,70,0,13,99,0,112,52,0,52,164
03/01/2021,DVT,AZ,AWP,CE,Towers with Radar,0,10,22,0,32,0,71,238,1,310,0,81,260,1,342,885,0,885,1227
03/02/2021,DVT,AZ,AWP,CE,Towers with Radar,0,9,33,0,42,0,73,179,0,252,0,82,212,0,294,586,0,586,880
03/03/2021,DVT,AZ,AWP,CE,Towers with Radar,0,8,15,0,23,0,50,109,0,159,0,58,124,0,182,405,0,405,587
03/04/2021,DVT,AZ,AWP,CE,Towers with Radar,0,18,42,0,60,0,74,222,1,297,0,92,264,1,357,812,0,812,1169
03/05/2021,DVT,AZ,AWP,CE,Towers with Radar,0,25,30,0,55,0,63,283,0,346,0,88,313,0,401,848,0,848,1249
03/06/2021,DVT,AZ,AWP,CE,Towers with Radar,0,7,16,0,23,0,42,168,0,210,0,49,184,0,233,350,0,350,583
03/07/2021,DVT,AZ,AWP,CE,Towers with Radar,0,11,28,0,39,0,47,280,0,327,0,58,308,0,366,502,0,502,868
03/08/2021,DVT,AZ,AWP,CE,Towers with Radar,0,2,22,0,24,0,56,204,0,260,0,58,226,0,284,619,0,619,903
03/09/2021,DVT,AZ,AWP,CE,Towers with Radar,0,11,21,0,32,0,64,143,0,207,0,75,164,0,239,540,0,540,779
03/10/2021,DVT,AZ,AWP,CE,Towers with Radar,0,17,22,0,39,0,68,208,0,276,0,85,230,0,315,630,0,630,945
03/11/2021,DVT,AZ,AWP,CE,Towers with Radar,0,12,31,0,43,0,69,187,0,256,0,81,218,0,299,910,0,910,1209
03/12/2021,DVT,AZ,AWP,CE,Towers with Radar,0,6,26,0,32,0,10,80,0,90,0,16,106,0,122,575,0,575,697
03/13/2021,DVT,AZ,AWP,CE,Towers with Radar,0,8,19,0,27,0,26,103,0,129,0,34,122,0,156,431,0,431,587
03/14/2021,DVT,AZ,AWP,CE,Towers with Radar,0,12,28,0,40,0,52,230,0,282,0,64,258,0,322,552,0,552,874
03/15/2021,DVT,AZ,AWP,CE,Towers with Radar,0,2,19,0,21,0,64,185,0,249,0,66,204,0,270,465,0,465,735
03/16/2021,DVT,AZ,AWP,CE,Towers with Radar,0,4,28,0,32,0,67,177,0,244,0,71,205,0,276,578,0,578,854
03/17/2021,DVT,AZ,AWP,CE,Towers with Radar,0,23,31,0,54,0,90,256,0,346,0,113,287,0,400,954,0,954,1354
03/18/2021,DVT,AZ,AWP,CE,Towers with Radar,1,15,35,0,51,0,66,276,0,342,1,81,311,0,393,800,0,800,1193
03/19/2021,DVT,AZ,AWP,CE,Towers with Radar,0,13,28,0,41,0,64,252,0,316,0,77,280,0,357,815,0,815,1172
03/20/2021,DVT,AZ,AWP,CE,Towers with Radar,0,13,25,0,38,0,20,219,0,239,0,33,244,0,277,632,0,632,909
03/21/2021,DVT,AZ,AWP,CE,Towers with Radar,1,7,32,0,40,0,34,206,0,240,1,41,238,0,280,430,0,430,710
03/22/2021,DVT,AZ,AWP,CE,Towers with Radar,0,3,18,0,21,0,18,136,0,154,0,21,154,0,175,279,0,279,454
03/23/2021,DVT,AZ,AWP,CE,Towers with Radar,0,10,14,0,24,0,52,158,0,210,0,62,172,0,234,632,0,632,866
03/24/2021,DVT,AZ,AWP,CE,Towers with Radar,0,12,25,0,37,0,53,235,0,288,0,65,260,0,325,911,0,911,1236
03/25/2021,DVT,AZ,AWP,CE,Towers with Radar,0,4,16,0,20,0,40,135,0,175,0,44,151,0,195,303,0,303,498
03/26/2021,DVT,AZ,AWP,CE,Towers with Radar,0,7,20,0,27,0,49,161,0,210,0,56,181,0,237,846,0,846,1083
03/27/2021,DVT,AZ,AWP,CE,Towers with Radar,0,9,31,1,41,0,40,327,0,367,0,49,358,1,408,609,0,609,1017
03/28/2021,DVT,AZ,AWP,CE,Towers with Radar,0,4,34,0,38,0,47,322,0,369,0,51,356,0,407,518,0,518,925
03/29/2021,DVT,AZ,AWP,CE,Towers with Radar,0,5,24,0,29,0,59,256,0,315,0,64,280,0,344,928,0,928,1272
03/30/2021,DVT,AZ,AWP,CE,Towers with Radar,0,18,32,0,50,0,69,234,0,303,0,87,266,0,353,858,0,858,1211
03/31/2021,DVT,AZ,AWP,CE,Towers with Radar,0,10,30,0,40,0,70,228,0,298,0,80,258,0,338,821,0,821,1159
04/01/2021,DVT,AZ,AWP,CE,Towers with Radar,0,9,20,0,29,0,72,177,0,249,0,81,197,0,278,558,0,558,836
04/02/2021,DVT,AZ,AWP,CE,Towers with Radar,0,14,28,0,42,0,77,281,1,359,0,91,309,1,401,971,0,971,1372
04/03/2021,DVT,AZ,AWP,CE,Towers with Radar,0,6,24,0,30,0,53,260,0,313,0,59,284,0,343,491,0,491,834
04/04/2021,DVT,AZ,AWP,CE,Towers with Radar,0,2,14,0,16,0,21,168,0,189,0,23,182,0,205,463,0,463,668
04/05/2021,DVT,AZ,AWP,CE,Towers with Radar,0,14,17,0,31,0,54,220,0,274,0,68,237,0,305,570,0,570,875
04/06/2021,DVT,AZ,AWP,CE,Towers with Radar,0,14,16,0,30,0,67,194,1,262,0,81,210,1,292,674,0,674,966
04/07/2021,DVT,AZ,AWP,CE,Towers with Radar,0,16,30,0,46,0,88,295,0,383,0,104,325,0,429,849,0,849,1278
04/08/2021,DVT,AZ,AWP,CE,Towers with Radar,0,24,30,0,54,0,92,230,0,322,0,116,260,0,376,718,0,718,1094
04/09/2021,DVT,AZ,AWP,CE,Towers with Radar,0,17,31,0,48,0,61,264,0,325,0,78,295,0,373,934,0,934,1307
04/10/2021,DVT,AZ,AWP,CE,Towers with Radar,0,8,25,1,34,0,28,198,0,226,0,36,223,1,260,302,0,302,562
04/11/2021,DVT,AZ,AWP,CE,Towers with Radar,0,10,32,0,42,0,28,203,0,231,0,38,235,0,273,442,0,442,715
04/12/2021,DVT,AZ,AWP,CE,Towers with Radar,0,7,33,0,40,0,72,216,0,288,0,79,249,0,328,756,0,756,1084
04/13/2021,DVT,AZ,AWP,CE,Towers with Radar,0,11,25,0,36,0,74,155,0,229,0,85,180,0,265,683,0,683,948
04/14/2021,DVT,AZ,AWP,CE,Towers with Radar,0,12,20,0,32,0,59,227,0,286,0,71,247,0,318,581,0,581,899
04/15/2021,DVT,AZ,AWP,CE,Towers with Radar,0,15,32,0,47,0,73,208,0,281,0,88,240,0,328,627,0,627,955
04/16/2021,DVT,AZ,AWP,CE,Towers with Radar,0,17,33,0,50,0,76,286,0,362,0,93,319,0,412,721,0,721,1133
04/17/2021,DVT,AZ,AWP,CE,Towers with Radar,0,8,23,1,32,0,38,277,0,315,0,46,300,1,347,515,0,515,862
04/18/2021,DVT,AZ,AWP,CE,Towers with Radar,0,8,29,0,37,0,14,155,0,169,0,22,184,0,206,130,0,130,336
04/19/2021,DVT,AZ,AWP,CE,Towers with Radar,0,13,33,0,46,0,68,217,0,285,0,81,250,0,331,731,0,731,1062
04/20/2021,DVT,AZ,AWP,CE,Towers with Radar,0,6,18,0,24,0,66,192,0,258,0,72,210,0,282,591,0,591,873
04/21/2021,DVT,AZ,AWP,CE,Towers with Radar,0,7,19,0,26,0,28,91,0,119,0,35,110,0,145,95,0,95,240
04/22/2021,DVT,AZ,AWP,CE,Towers with Radar,0,7,29,0,36,0,92,239,0,331,0,99,268,0,367,730,0,730,1097
04/23/2021,DVT,AZ,AWP,CE,Towers with Radar,0,10,33,0,43,0,96,248,0,344,0,106,281,0,387,637,0,637,1024
04/24/2021,DVT,AZ,AWP,CE,Towers with Radar,0,11,18,0,29,0,43,205,0,248,0,54,223,0,277,403,0,403,680
04/25/2021,DVT,AZ,AWP,CE,Towers with Radar,0,17,22,0,39,0,33,192,0,225,0,50,214,0,264,418,0,418,682
04/26/2021,DVT,AZ,AWP,CE,Towers with Radar,0,16,19,0,35,0,78,162,0,240,0,94,181,0,275,673,0,673,948
04/27/2021,DVT,AZ,AWP,CE,Towers with Radar,0,11,29,0,40,0,67,140,0,207,0,78,169,0,247,637,0,637,884
04/28/2021,DVT,AZ,AWP,CE,Towers with Radar,0,10,31,0,41,0,86,232,0,318,0,96,263,0,359,581,0,581,940
04/29/2021,DVT,AZ,AWP,CE,Towers with Radar,0,12,24,0,36,0,93,279,0,372,0,105,303,0,408,1064,0,1064,1472
04/30/2021,DVT,AZ,AWP,CE,Towers with Radar,0,18,31,0,49,0,81,256,0,337,0,99,287,0,386,712,0,712,1098
05/01/2021,DVT,AZ,AWP,CE,Towers with Radar,0,6,27,0,33,0,31,225,0,256,0,37,252,0,289,337,0,337,626
05/02/2021,DVT,AZ,AWP,CE,Towers with Radar,0,4,15,0,19,0,26,153,0,179,0,30,168,0,198,318,0,318,516
05/03/2021,DVT,AZ,AWP,CE,Towers with Radar,0,7,18,0,25,0,67,181,0,248,0,74,199,0,273,710,0,710,983
05/04/2021,DVT,AZ,AWP,CE,Towers with Radar,0,11,24,1,36,0,85,204,1,290,0,96,228,2,326,740,0,740,1066
05/05/2021,DVT,AZ,AWP,CE,Towers with Radar,0,17,25,0,42,0,90,210,0,300,0,107,235,0,342,708,0,708,1050
05/06/2021,DVT,AZ,AWP,CE,Towers with Radar,0,15,18,0,33,0,72,213,2,287,0,87,231,2,320,676,0,676,996
05/07/2021,DVT,AZ,AWP,CE,Towers with Radar,0,8,21,1,30,0,86,203,1,290,0,94,224,2,320,630,0,630,950
05/08/2021,DVT,AZ,AWP,CE,Towers with Radar,0,15,21,3,39,0,29,220,0,249,0,44,241,3,288,320,0,320,608
05/09/2021,DVT,AZ,AWP,CE,Towers with Radar,0,11,13,0,24,0,22,132,2,156,0,33,145,2,180,231,0,231,411
05/10/2021,DVT,AZ,AWP,CE,Towers with Radar,0,9,28,0,37,0,60,197,1,258,0,69,225,1,295,657,0,657,952
05/11/2021,DVT,AZ,AWP,CE,Towers with Radar,0,11,26,0,37,0,76,187,0,263,0,87,213,0,300,646,0,646,946
05/12/2021,DVT,AZ,AWP,CE,Towers with Radar,0,15,32,0,47,0,86,232,0,318,0,101,264,0,365,708,0,708,1073
05/13/2021,DVT,AZ,AWP,CE,Towers with Radar,0,11,20,0,31,0,61,193,0,254,0,72,213,0,285,925,1,926,1211
05/14/2021,DVT,AZ,AWP,CE,Towers with Radar,1,6,23,0,30,0,71,207,0,278,1,77,230,0,308,670,0,670,978
05/15/2021,DVT,AZ,AWP,CE,Towers with Radar,0,4,15,0,19,0,30,141,0,171,0,34,156,0,190,409,0,409,599
05/16/2021,DVT,AZ,AWP,CE,Towers with Radar,0,8,21,0,29,0,23,183,0,206,0,31,204,0,235,353,0,353,588
05/17/2021,DVT,AZ,AWP,CE,Towers with Radar,0,12,24,0,36,0,51,197,0,248,0,63,221,0,284,733,0,733,1017
05/18/2021,DVT,AZ,AWP,CE,Towers with Radar,0,17,25,2,44,0,37,187,0,224,0,54,212,2,268,532,0,532,800
05/19/2021,DVT,AZ,AWP,CE,Towers with Radar,0,15,18,0,33,0,70,188,0,258,0,85,206,0,291,644,0,644,935
05/20/2021,DVT,AZ,AWP,CE,Towers with Radar,0,20,28,0,48,0,71,146,0,217,0,91,174,0,265,528,0,528,793
05/21/2021,DVT,AZ,AWP,CE,Towers with Radar,0,15,21,0,36,0,50,117,0,167,0,65,138,0,203,245,0,245,448
05/22/2021,DVT,AZ,AWP,CE,Towers with Radar,0,5,18,0,23,0,33,178,0,211,0,38,196,0,234,481,0,481,715
05/23/2021,DVT,AZ,AWP,CE,Towers with Radar,0,12,17,0,29,0,27,193,0,220,0,39,210,0,249,423,0,423,672
05/24/2021,DVT,AZ,AWP,CE,Towers with Radar,0,12,17,0,29,0,70,206,0,276,0,82,223,0,305,647,0,647,952
05/25/2021,DVT,AZ,AWP,CE,Towers with Radar,0,11,16,0,27,0,64,222,0,286,0,75,238,0,313,623,0,623,936
05/26/2021,DVT,AZ,AWP,CE,Towers with Radar,0,17,22,0,39,0,86,212,0,298,0,103,234,0,337,649,0,649,986
05/27/2021,DVT,AZ,AWP,CE,Towers with Radar,0,12,19,0,31,0,76,214,0,290,0,88,233,0,321,741,0,741,1062
05/28/2021,DVT,AZ,AWP,CE,Towers with Radar,0,5,22,0,27,0,52,189,0,241,0,57,211,0,268,506,0,506,774
05/29/2021,DVT,AZ,AWP,CE,Towers with Radar,0,4,16,0,20,0,32,169,0,201,0,36,185,0,221,227,0,227,448
05/30/2021,DVT,AZ,AWP,CE,Towers with Radar,0,7,17,1,25,0,24,159,0,183,0,31,176,1,208,309,0,309,517
05/31/2021,DVT,AZ,AWP,CE,Towers with Radar,0,4,19,0,23,0,57,181,0,238,0,61,200,0,261,435,0,435,696
06/01/2021,DVT,AZ,AWP,CE,Towers with Radar,0,6,27,0,33,0,51,166,0,217,0,57,193,0,250,487,0,487,737
06/02/2021,DVT,AZ,AWP,CE,Towers with Radar,0,7,22,0,29,0,70,191,0,261,0,77,213,0,290,498,0,498,788
06/03/2021,DVT,AZ,AWP,CE,Towers with Radar,0,11,19,0,30,0,74,187,0,261,0,85,206,0,291,588,0,588,879
06/04/2021,DVT,AZ,AWP,CE,Towers with Radar,0,14,27,0,41,0,79,179,0,258,0,93,206,0,299,605,0,605,904
06/05/2021,DVT,AZ,AWP,CE,Towers with Radar,0,8,16,0,24,0,39,159,0,198,0,47,175,0,222,256,0,256,478
06/06/2021,DVT,AZ,AWP,CE,Towers with Radar,0,9,24,0,33,0,23,105,0,128,0,32,129,0,161,328,0,328,489
06/07/2021,DVT,AZ,AWP,CE,Towers with Radar,0,7,36,0,43,0,61,141,0,202,0,68,177,0,245,391,0,391,636
06/08/2021,DVT,AZ,AWP,CE,Towers with Radar,0,7,25,0,32,0,68,184,0,252,0,75,209,0,284,506,0,506,790
06/09/2021,DVT,AZ,AWP,CE,Towers with Radar,0,19,30,0,49,0,77,191,0,268,0,96,221,0,317,623,0,623,940
06/10/2021,DVT,AZ,AWP,CE,Towers with Radar,0,7,22,0,29,0,81,217,0,298,0,88,239,0,327,543,0,543,870
06/11/2021,DVT,AZ,AWP,CE,Towers with Radar,0,14,20,0,34,0,68,184,0,252,0,82,204,0,286,631,0,631,917
06/12/2021,DVT,AZ,AWP,CE,Towers with Radar,0,12,19,0,31,0,27,164,0,191,0,39,183,0,222,395,0,395,617
06/13/2021,DVT,AZ,AWP,CE,Towers with Radar,0,4,10,0,14,0,23,146,0,169,0,27,156,0,183,173,0,173,356
06/14/2021,DVT,AZ,AWP,CE,Towers with Radar,0,3,16,0,19,0,58,163,0,221,0,61,179,0,240,448,0,448,688
06/15/2021,DVT,AZ,AWP,CE,Towers with Radar,0,6,12,0,18,0,61,139,0,200,0,67,151,0,218,436,0,436,654
06/16/2021,DVT,AZ,AWP,CE,Towers with Radar,0,9,19,0,28,0,58,131,0,189,0,67,150,0,217,449,0,449,666
06/17/2021,DVT,AZ,AWP,CE,Towers with Radar,0,5,20,0,25,0,59,135,0,194,0,64,155,0,219,295,0,295,514
06/18/2021,DVT,AZ,AWP,CE,Towers with Radar,0,9,20,0,29,0,60,137,0,197,0,69,157,0,226,376,0,376,602
06/19/2021,DVT,AZ,AWP,CE,Towers with Radar,0,5,11,0,16,0,32,109,0,141,0,37,120,0,157,205,0,205,362
06/20/2021,DVT,AZ,AWP,CE,Towers with Radar,0,6,18,0,24,0,30,78,0,108,0,36,96,0,132,167,0,167,299
06/21/2021,DVT,AZ,AWP,CE,Towers with Radar,0,5,16,0,21,0,78,135,2,215,0,83,151,2,236,482,0,482,718
06/22/2021,DVT,AZ,AWP,CE,Towers with Radar,0,9,22,0,31,0,71,133,0,204,0,80,155,0,235,463,0,463,698
06/23/2021,DVT,AZ,AWP,CE,Towers with Radar,0,6,26,0,32,0,33,106,0,139,0,39,132,0,171,518,0,518,689
06/24/2021,DVT,AZ,AWP,CE,Towers with Radar,0,15,27,0,42,0,71,187,0,258,0,86,214,0,300,563,0,563,863
06/25/2021,DVT,AZ,AWP,CE,Towers with Radar,0,14,18,0,32,0,80,146,0,226,0,94,164,0,258,385,0,385,643
06/26/2021,DVT,AZ,AWP,CE,Towers with Radar,0,9,23,0,32,0,36,137,0,173,0,45,160,0,205,357,0,357,562
06/27/2021,DVT,AZ,AWP,CE,Towers with Radar,0,3,17,0,20,0,30,123,0,153,0,33,140,0,173,175,0,175,348
06/28/2021,DVT,AZ,AWP,CE,Towers with Radar,0,9,25,0,34,0,38,100,0,138,0,47,125,0,172,284,0,284,456
06/29/2021,DVT,AZ,AWP,CE,Towers with Radar,0,8,18,0,26,0,35,119,0,154,0,43,137,0,180,281,0,281,461
06/30/2021,DVT,AZ,AWP,CE,Towers with Radar,1,11,18,0,30,0,55,134,0,189,1,66,152,0,219,425,0,425,644
07/01/2021,DVT,AZ,AWP,CE,Towers with Radar,0,16,21,0,37,0,58,185,0,243,0,74,206,0,280,542,0,542,822
07/02/2021,DVT,AZ,AWP,CE,Towers with Radar,0,12,29,0,41,0,77,177,0,254,0,89,206,0,295,479,0,479,774
07/03/2021,DVT,AZ,AWP,CE,Towers with Radar,0,9,14,0,23,0,45,132,0,177,0,54,146,0,200,233,0,233,433
07/04/2021,DVT,AZ,AWP,CE,Towers with Radar,0,8,11,0,19,0,29,126,0,155,0,37,137,0,174,115,0,115,289
07/05/2021,DVT,AZ,AWP,CE,Towers with Radar,0,10,28,0,38,0,51,196,0,247,0,61,224,0,285,461,0,461,746
07/06/2021,DVT,AZ,AWP,CE,Towers with Radar,0,27,56,2,85,0,69,148,2,219,0,96,204,4,304,442,0,442,746
07/07/2021,DVT,AZ,AWP,CE,Towers with Radar,0,32,45,0,77,0,78,150,0,228,0,110,195,0,305,377,0,377,682
07/08/2021,DVT,AZ,AWP,CE,Towers with Radar,0,45,60,0,105,0,67,152,0,219,0,112,212,0,324,463,0,463,787
07/09/2021,DVT,AZ,AWP,CE,Towers with Radar,0,24,44,0,68,0,45,138,0,183,0,69,182,0,251,304,0,304,555
07/10/2021,DVT,AZ,AWP,CE,Towers with Radar,0,31,25,1,57,0,45,129,0,174,0,76,154,1,231,201,0,201,432
07/11/2021,DVT,AZ,AWP,CE,Towers with Radar,0,30,57,0,87,0,28,126,0,154,0,58,183,0,241,200,0,200,441
07/12/2021,DVT,AZ,AWP,CE,Towers with Radar,0,17,51,0,68,0,49,116,0,165,0,66,167,0,233,398,0,398,631
07/13/2021,DVT,AZ,AWP,CE,Towers with Radar,0,23,39,0,62,0,65,119,0,184,0,88,158,0,246,409,0,409,655
07/14/2021,DVT,AZ,AWP,CE,Towers with Radar,0,39,40,0,79,0,57,83,0,140,0,96,123,0,219,243,0,243,462
07/15/2021,DVT,AZ,AWP,CE,Towers with Radar,0,43,38,0,81,0,71,161,0,232,0,114,199,0,313,419,0,419,732
07/16/2021,DVT,AZ,AWP,CE,Towers with Radar,1,27,36,0,64,0,69,155,0,224,1,96,191,0,288,357,0,357,645
07/17/2021,DVT,AZ,AWP,CE,Towers with Radar,0,26,28,0,54,0,69,178,0,247,0,95,206,0,301,299,0,299,600
07/18/2021,DVT,AZ,AWP,CE,Towers with Radar,0,31,54,0,85,0,39,147,0,186,0,70,201,0,271,260,0,260,531
07/19/2021,DVT,AZ,AWP,CE,Towers with Radar,0,22,39,0,61,0,70,140,0,210,0,92,179,0,271,435,0,435,706
07/20/2021,DVT,AZ,AWP,CE,Towers with Radar,0,34,46,0,80,0,74,169,0,243,0,108,215,0,323,372,0,372,695
07/21/2021,DVT,AZ,AWP,CE,Towers with Radar,0,25,60,2,87,0,62,147,0,209,0,87,207,2,296,378,0,378,674
07/22/2021,DVT,AZ,AWP,CE,Towers with Radar,0,29,45,0,74,0,73,123,0,196,0,102,168,0,270,444,0,444,714
07/23/2021,DVT,AZ,AWP,CE,Towers with Radar,0,20,43,0,63,0,2,31,0,33,0,22,74,0,96,31,0,31,127
07/24/2021,DVT,AZ,AWP,CE,Towers with Radar,0,24,38,0,62,0,2,26,0,28,0,26,64,0,90,64,0,64,154
07/25/2021,DVT,AZ,AWP,CE,Towers with Radar,0,16,63,0,79,0,2,43,0,45,0,18,106,0,124,161,0,161,285
07/26/2021,DVT,AZ,AWP,CE,Towers with Radar,0,42,62,0,104,0,57,166,0,223,0,99,228,0,327,578,0,578,905
07/27/2021,DVT,AZ,AWP,CE,Towers with Radar,0,33,45,0,78,0,95,169,0,264,0,128,214,0,342,569,0,569,911
07/28/2021,DVT,AZ,AWP,CE,Towers with Radar,0,36,60,0,96,0,69,165,0,234,0,105,225,0,330,468,0,468,798
07/29/2021,DVT,AZ,AWP,CE,Towers with Radar,0,34,44,0,78,0,74,124,0,198,0,108,168,0,276,488,0,488,764
07/30/2021,DVT,AZ,AWP,CE,Towers with Radar,0,16,58,0,74,0,70,154,2,226,0,86,212,2,300,438,0,438,738
07/31/2021,DVT,AZ,AWP,CE,Towers with Radar,0,28,40,0,68,0,58,179,2,239,0,86,219,2,307,393,0,393,700
08/01/2021,DVT,AZ,AWP,CE,Towers with Radar,0,29,60,0,89,0,49,151,0,200,0,78,211,0,289,356,0,356,645
08/02/2021,DVT,AZ,AWP,CE,Towers with Radar,0,24,48,0,72,0,67,124,0,191,0,91,172,0,263,384,0,384,647
08/03/2021,DVT,AZ,AWP,CE,Towers with Radar,0,23,44,0,67,0,80,139,0,219,0,103,183,0,286,420,0,420,706
08/04/2021,DVT,AZ,AWP,CE,Towers with Radar,0,36,52,0,88,0,57,125,0,182,0,93,177,0,270,359,0,359,629
08/05/2021,DVT,AZ,AWP,CE,Towers with Radar,0,25,53,0,78,0,74,139,0,213,0,99,192,0,291,384,0,384,675
08/06/2021,DVT,AZ,AWP,CE,Towers with Radar,0,35,46,0,81,0,70,158,0,228,0,105,204,0,309,452,0,452,761
08/07/2021,DVT,AZ,AWP,CE,Towers with Radar,0,17,34,0,51,0,50,153,0,203,0,67,187,0,254,353,0,353,607
08/08/2021,DVT,AZ,AWP,CE,Towers with Radar,0,25,64,0,89,0,43,154,0,197,0,68,218,0,286,258,0,258,544
08/09/2021,DVT,AZ,AWP,CE,Towers with Radar,0,29,53,0,82,0,65,132,1,198,0,94,185,1,280,535,0,535,815
08/10/2021,DVT,AZ,AWP,CE,Towers with Radar,0,40,44,0,84,0,41,134,0,175,0,81,178,0,259,524,0,524,783
08/11/2021,DVT,AZ,AWP,CE,Towers with Radar,0,31,60,0,91,0,31,103,0,134,0,62,163,0,225,616,0,616,841
08/12/2021,DVT,AZ,AWP,CE,Towers with Radar,0,32,78,0,110,0,43,87,0,130,0,75,165,0,240,411,0,411,651
08/13/2021,DVT,AZ,AWP,CE,Towers with Radar,0,36,51,0,87,0,67,154,0,221,0,103,205,0,308,430,0,430,738
08/14/2021,DVT,AZ,AWP,CE,Towers with Radar,0,16,38,0,54,0,29,135,0,164,0,45,173,0,218,255,0,255,473
08/15/2021,DVT,AZ,AWP,CE,Towers with Radar,0,21,29,0,50,0,30,130,0,160,0,51,159,0,210,462,0,462,672
08/16/2021,DVT,AZ,AWP,CE,Towers with Radar,0,17,30,0,47,0,47,136,0,183,0,64,166,0,230,535,0,535,765
08/17/2021,DVT,AZ,AWP,CE,Towers with Radar,0,8,13,0,21,0,61,148,0,209,0,69,161,0,230,449,0,449,679
08/18/2021,DVT,AZ,AWP,CE,Towers with Radar,0,8,25,0,33,0,40,100,0,140,0,48,125,0,173,472,0,472,645
08/19/2021,DVT,AZ,AWP,CE,Towers with Radar,0,22,28,0,50,0,75,176,0,251,0,97,204,0,301,600,0,600,901
08/20/2021,DVT,AZ,AWP,CE,Towers with Radar,1,15,29,0,45,0,87,176,0,263,1,102,205,0,308,547,0,547,855
08/21/2021,DVT,AZ,AWP,CE,Towers with Radar,0,15,18,0,33,0,61,180,0,241,0,76,198,0,274,344,0,344,618
08/22/2021,DVT,AZ,AWP,CE,Towers with Radar,0,15,24,0,39,0,37,162,0,199,0,52,186,0,238,363,0,363,601
08/23/2021,DVT,AZ,AWP,CE,Towers with Radar,0,11,19,0,30,0,43,132,0,175,0,54,151,0,205,525,0,525,730
08/24/2021,DVT,AZ,AWP,CE,Towers with Radar,0,13,21,2,36,0,56,139,0,195,0,69,160,2,231,482,0,482,713
08/25/2021,DVT,AZ,AWP,CE,Towers with Radar,0,8,20,0,28,0,76,162,0,238,0,84,182,0,266,428,0,428,694
08/26/2021,DVT,AZ,AWP,CE,Towers with Radar,0,12,18,0,30,0,70,144,0,214,0,82,162,0,244,612,0,612,856
08/27/2021,DVT,AZ,AWP,CE,Towers with Radar,0,12,18,0,30,0,60,136,0,196,0,72,154,0,226,488,0,488,714
08/28/2021,DVT,AZ,AWP,CE,Towers with Radar,0,13,19,0,32,0,52,159,0,211,0,65,178,0,243,250,0,250,493
08/29/2021,DVT,AZ,AWP,CE,Towers with Radar,0,5,28,0,33,0,34,110,0,144,0,39,138,0,177,198,0,198,375
08/30/2021,DVT,AZ,AWP,CE,Towers with Radar,0,12,17,0,29,0,55,138,0,193,0,67,155,0,222,386,0,386,608
08/31/2021,DVT,AZ,AWP,CE,Towers with Radar,0,3,19,0,22,0,44,137,0,181,0,47,156,0,203,449,0,449,652
09/01/2021,DVT,AZ,AWP,CE,Towers with Radar,0,12,20,0,32,0,25,78,0,103,0,37,98,0,135,228,0,228,363
09/02/2021,DVT,AZ,AWP,CE,Towers with Radar,0,12,27,0,39,0,67,181,0,248,0,79,208,0,287,512,0,512,799
09/03/2021,DVT,AZ,AWP,CE,Towers with Radar,0,16,23,0,39,0,81,175,0,256,0,97,198,0,295,490,0,490,785
09/04/2021,DVT,AZ,AWP,CE,Towers with Radar,0,11,14,0,25,0,38,193,0,231,0,49,207,0,256,274,0,274,530
09/05/2021,DVT,AZ,AWP,CE,Towers with Radar,0,6,10,0,16,0,26,168,0,194,0,32,178,0,210,221,0,221,431
09/06/2021,DVT,AZ,AWP,CE,Towers with Radar,0,7,16,0,23,0,59,201,0,260,0,66,217,0,283,373,0,373,656
09/07/2021,DVT,AZ,AWP,CE,Towers with Radar,0,7,13,0,20,0,52,140,0,192,0,59,153,0,212,336,0,336,548
09/08/2021,DVT,AZ,AWP,CE,Towers with Radar,0,3,14,0,17,0,66,131,0,197,0,69,145,0,214,337,0,337,551
09/09/2021,DVT,AZ,AWP,CE,Towers with Radar,0,13,17,2,32,0,73,136,0,209,0,86,153,2,241,308,0,308,549
09/10/2021,DVT,AZ,AWP,CE,Towers with Radar,0,11,19,0,30,0,59,159,0,218,0,70,178,0,248,350,0,350,598
09/11/2021,DVT,AZ,AWP,CE,Towers with Radar,0,6,10,0,16,0,41,174,0,215,0,47,184,0,231,221,0,221,452
09/12/2021,DVT,AZ,AWP,CE,Towers with Radar,0,7,13,0,20,0,27,138,0,165,0,34,151,0,185,336,0,336,521
09/13/2021,DVT,AZ,AWP,CE,Towers with Radar,0,5,16,0,21,0,47,108,0,155,0,52,124,0,176,268,0,268,444
09/14/2021,DVT,AZ,AWP,CE,Towers with Radar,0,15,30,0,45,0,56,131,0,187,0,71,161,0,232,296,0,296,528
09/15/2021,DVT,AZ,AWP,CE,Towers with Radar,0,6,22,0,28,0,50,180,0,230,0,56,202,0,258,349,0,349,607
09/16/2021,DVT,AZ,AWP,CE,Towers with Radar,0,4,13,0,17,0,52,131,0,183,0,56,144,0,200,540,0,540,740
09/17/2021,DVT,AZ,AWP,CE,Towers with Radar,0,7,11,0,18,0,83,175,0,258,0,90,186,0,276,363,0,363,639
09/18/2021,DVT,AZ,AWP,CE,Towers with Radar,0,2,16,0,18,0,25,182,0,207,0,27,198,0,225,184,0,184,409
09/19/2021,DVT,AZ,AWP,CE,Towers with Radar,0,5,22,0,27,0,43,126,0,169,0,48,148,0,196,230,0,230,426
09/20/2021,DVT,AZ,AWP,CE,Towers with Radar,0,11,13,0,24,0,72,133,0,205,0,83,146,0,229,431,0,431,660
09/21/2021,DVT,AZ,AWP,CE,Towers with Radar,0,8,15,0,23,0,68,151,0,219,0,76,166,0,242,444,0,444,686
09/22/2021,DVT,AZ,AWP,CE,Towers with Radar,0,5,25,0,30,0,61,173,0,234,0,66,198,0,264,386,0,386,650
09/23/2021,DVT,AZ,AWP,CE,Towers with Radar,0,23,33,0,56,0,77,126,0,203,0,100,159,0,259,462,0,462,721
09/24/2021,DVT,AZ,AWP,CE,Towers with Radar,0,12,20,0,32,0,47,129,0,176,0,59,149,0,208,350,0,350,558
09/25/2021,DVT,AZ,AWP,CE,Towers with Radar,0,4,14,0,18,0,46,147,0,193,0,50,161,0,211,319,0,319,530
09/26/2021,DVT,AZ,AWP,CE,Towers with Radar,0,17,39,0,56,0,5,38,0,43,0,22,77,0,99,79,0,79,178
09/27/2021,DVT,AZ,AWP,CE,Towers with Radar,0,6,27,0,33,0,50,111,0,161,0,56,138,0,194,420,0,420,614
09/28/2021,DVT,AZ,AWP,CE,Towers with Radar,0,4,27,0,31,0,72,155,0,227,0,76,182,0,258,495,0,495,753
09/29/2021,DVT,AZ,AWP,CE,Towers with Radar,0,11,21,0,32,0,92,183,0,275,0,103,204,0,307,479,0,479,786
09/30/2021,DVT,AZ,AWP,CE,Towers with Radar,0,13,20,1,34,0,71,120,0,191,0,84,140,1,225,454,0,454,679
10/01/2021,DVT,AZ,AWP,CE,Towers with Radar,0,15,19,0,34,0,75,175,0,250,0,90,194,0,284,445,0,445,729
10/02/2021,DVT,AZ,AWP,CE,Towers with Radar,0,6,23,0,29,0,28,167,0,195,0,34,190,0,224,236,0,236,460
10/03/2021,DVT,AZ,AWP,CE,Towers with Radar,0,6,23,0,29,0,37,163,0,200,0,43,186,0,229,307,0,307,536
10/04/2021,DVT,AZ,AWP,CE,Towers with Radar,0,10,18,0,28,0,66,137,0,203,0,76,155,0,231,413,0,413,644
10/05/2021,DVT,AZ,AWP,CE,Towers with Radar,0,5,22,0,27,0,36,76,0,112,0,41,98,0,139,302,0,302,441
10/06/2021,DVT,AZ,AWP,CE,Towers with Radar,0,12,22,0,34,0,89,183,0,272,0,101,205,0,306,706,1,707,1013
10/07/2021,DVT,AZ,AWP,CE,Towers with Radar,0,12,18,0,30,0,76,161,0,237,0,88,179,0,267,437,0,437,704
10/08/2021,DVT,AZ,AWP,CE,Towers with Radar,0,22,27,0,49,0,76,154,0,230,0,98,181,0,279,473,0,473,752
10/09/2021,DVT,AZ,AWP,CE,Towers with Radar,0,6,22,0,28,0,33,183,0,216,0,39,205,0,244,234,0,234,478
10/10/2021,DVT,AZ,AWP,CE,Towers with Radar,0,8,22,0,30,0,30,181,0,211,0,38,203,0,241,309,0,309,550
10/11/2021,DVT,AZ,AWP,CE,Towers with Radar,0,5,23,0,28,0,45,112,0,157,0,50,135,0,185,264,0,264,449
10/12/2021,DVT,AZ,AWP,CE,Towers with Radar,0,10,18,0,28,0,65,103,0,168,0,75,121,0,196,340,0,340,536
10/13/2021,DVT,AZ,AWP,CE,Towers with Radar,1,8,35,0,44,0,82,184,0,266,1,90,219,0,310,496,0,496,806
10/14/2021,DVT,AZ,AWP,CE,Towers with Radar,0,16,24,0,40,0,89,151,0,240,0,105,175,0,280,555,0,555,835
10/15/2021,DVT,AZ,AWP,CE,Towers with Radar,1,20,28,0,49,0,64,136,0,200,1,84,164,0,249,375,0,375,624
10/16/2021,DVT,AZ,AWP,CE,Towers with Radar,0,8,15,0,23,0,42,132,0,174,0,50,147,0,197,351,0,351,548
10/17/2021,DVT,AZ,AWP,CE,Towers with Radar,0,16,17,0,33,0,40,138,0,178,0,56,155,0,211,287,0,287,498
10/18/2021,DVT,AZ,AWP,CE,Towers with Radar,0,14,27,0,41,0,62,91,0,153,0,76,118,0,194,399,0,399,593
10/19/2021,DVT,AZ,AWP,CE,Towers with Radar,0,17,23,1,41,0,91,164,0,255,0,108,187,1,296,540,0,540,836
10/20/2021,DVT,AZ,AWP,CE,Towers with Radar,0,19,23,0,42,0,93,172,0,265,0,112,195,0,307,451,0,451,758
10/21/2021,DVT,AZ,AWP,CE,Towers with Radar,0,19,27,2,48,0,88,160,0,248,0,107,187,2,296,486,0,486,782
10/22/2021,DVT,AZ,AWP,CE,Towers with Radar,0,7,25,0,32,0,77,153,0,230,0,84,178,0,262,432,0,432,694
10/23/2021,DVT,AZ,AWP,CE,Towers with Radar,0,10,14,0,24,0,32,167,0,199,0,42,181,0,223,255,0,255,478
10/24/2021,DVT,AZ,AWP,CE,Towers with Radar,0,8,29,0,37,0,35,141,0,176,0,43,170,0,213,195,0,195,408
10/25/2021,DVT,AZ,AWP,CE,Towers with Radar,0,10,33,0,43,0,56,118,0,174,0,66,151,0,217,285,0,285,502
10/26/2021,DVT,AZ,AWP,CE,Towers with Radar,0,12,30,0,42,0,70,114,0,184,0,82,144,0,226,261,0,261,487
10/27/2021,DVT,AZ,AWP,CE,Towers with Radar,0,14,28,0,42,0,80,139,0,219,0,94,167,0,261,522,0,522,783
10/28/2021,DVT,AZ,AWP,CE,Towers with Radar,0,19,32,0,51,0,76,160,0,236,0,95,192,0,287,507,0,507,794
10/29/2021,DVT,AZ,AWP,CE,Towers with Radar,0,16,28,0,44,0,84,140,0,224,0,100,168,0,268,466,0,466,734
10/30/2021,DVT,AZ,AWP,CE,Towers with Radar,0,8,21,0,29,0,39,169,0,208,0,47,190,0,237,314,0,314,551
10/31/2021,DVT,AZ,AWP,CE,Towers with Radar,0,7,15,0,22,0,27,141,0,168,0,34,156,0,190,217,0,217,407
11/01/2021,DVT,AZ,AWP,CE,Towers with Radar,0,10,34,1,45,0,50,146,0,196,0,60,180,1,241,454,0,454,695
11/02/2021,DVT,AZ,AWP,CE,Towers with Radar,0,8,27,0,35,0,77,184,0,261,0,85,211,0,296,405,0,405,701
11/03/2021,DVT,AZ,AWP,CE,Towers with Radar,0,14,28,0,42,0,64,160,0,224,0,78,188,0,266,473,0,473,739
11/04/2021,DVT,AZ,AWP,CE,Towers with Radar,0,14,20,0,34,0,85,156,0,241,0,99,176,0,275,501,0,501,776
11/05/2021,DVT,AZ,AWP,CE,Towers with Radar,0,18,43,0,61,0,63,171,0,234,0,81,214,0,295,487,0,487,782
11/06/2021,DVT,AZ,AWP,CE,Towers with Radar,1,6,17,0,24,0,25,222,0,247,1,31,239,0,271,221,0,221,492
11/07/2021,DVT,AZ,AWP,CE,Towers with Radar,0,3,29,0,32,0,29,162,0,191,0,32,191,0,223,247,0,247,470
11/08/2021,DVT,AZ,AWP,CE,Towers with Radar,0,15,27,0,42,0,68,138,0,206,0,83,165,0,248,327,0,327,575
11/09/2021,DVT,AZ,AWP,CE,Towers with Radar,0,11,24,0,35,0,91,110,0,201,0,102,134,0,236,373,0,373,609
11/10/2021,DVT,AZ,AWP,CE,Towers with Radar,0,13,31,0,44,0,71,182,0,253,0,84,213,0,297,453,0,453,750
11/11/2021,DVT,AZ,AWP,CE,Towers with Radar,0,16,29,0,45,0,64,195,0,259,0,80,224,0,304,354,0,354,658
11/12/2021,DVT,AZ,AWP,CE,Towers with Radar,0,10,28,0,38,0,81,197,0,278,0,91,225,0,316,431,0,431,747
11/13/2021,DVT,AZ,AWP,CE,Towers with Radar,1,6,8,0,15,0,10,82,0,92,1,16,90,0,107,76,0,76,183
11/14/2021,DVT,AZ,AWP,CE,Towers with Radar,0,13,28,0,41,0,32,170,0,202,0,45,198,0,243,304,0,304,547
11/15/2021,DVT,AZ,AWP,CE,Towers with Radar,0,12,23,0,35,0,89,144,0,233,0,101,167,0,268,465,0,465,733
11/16/2021,DVT,AZ,AWP,CE,Towers with Radar,0,9,21,0,30,0,84,142,0,226,0,93,163,0,256,434,0,434,690
11/17/2021,DVT,AZ,AWP,CE,Towers with Radar,0,24,19,1,44,0,74,146,0,220,0,98,165,1,264,536,0,536,800
11/18/2021,DVT,AZ,AWP,CE,Towers with Radar,0,11,24,0,35,0,92,141,0,233,0,103,165,0,268,603,0,603,871
11/19/2021,DVT,AZ,AWP,CE,Towers with Radar,0,9,29,0,38,0,73,157,0,230,0,82,186,0,268,394,0,394,662
11/20/2021,DVT,AZ,AWP,CE,Towers with Radar,0,5,24,0,29,0,54,210,0,264,0,59,234,0,293,407,0,407,700
11/21/2021,DVT,AZ,AWP,CE,Towers with Radar,0,11,13,2,26,0,41,169,0,210,0,52,182,2,236,270,0,270,506
11/22/2021,DVT,AZ,AWP,CE,Towers with Radar,0,9,18,0,27,0,75,125,0,200,0,84,143,0,227,386,0,386,613
11/23/2021,DVT,AZ,AWP,CE,Towers with Radar,0,14,28,0,42,0,92,141,0,233,0,106,169,0,275,541,0,541,816
11/24/2021,DVT,AZ,AWP,CE,Towers with Radar,0,7,25,0,32,0,69,164,0,233,0,76,189,0,265,457,0,457,722
11/25/2021,DVT,AZ,AWP,CE,Towers with Radar,0,2,9,0,11,0,22,52,0,74,0,24,61,0,85,60,0,60,145
11/26/2021,DVT,AZ,AWP,CE,Towers with Radar,0,3,16,0,19,0,55,152,0,207,0,58,168,0,226,282,0,282,508
11/27/2021,DVT,AZ,AWP,CE,Towers with Radar,0,5,22,0,27,0,40,173,0,213,0,45,195,0,240,234,0,234,474
11/28/2021,DVT,AZ,AWP,CE,Towers with Radar,0,12,23,0,35,0,35,200,0,235,0,47,223,0,270,338,0,338,608
11/29/2021,DVT,AZ,AWP,CE,Towers with Radar,0,11,19,0,30,0,83,155,0,238,0,94,174,0,268,421,0,421,689
11/30/2021,DVT,AZ,AWP,CE,Towers with Radar,0,6,20,0,26,0,82,142,0,224,0,88,162,0,250,552,0,552,802
12/01/2021,DVT,AZ,AWP,CE,Towers with Radar,0,13,18,0,31,0,66,121,0,187,0,79,139,0,218,445,0,445,663
12/02/2021,DVT,AZ,AWP,CE,Towers with Radar,0,10,13,0,23,0,59,126,1,186,0,69,139,1,209,363,0,363,572
12/03/2021,DVT,AZ,AWP,CE,Towers with Radar,0,9,22,0,31,0,78,130,0,208,0,87,152,0,239,462,0,462,701
12/04/2021,DVT,AZ,AWP,CE,Towers with Radar,0,5,25,0,30,0,50,185,0,235,0,55,210,0,265,410,0,410,675
12/05/2021,DVT,AZ,AWP,CE,Towers with Radar,0,12,16,0,28,0,51,161,0,212,0,63,177,0,240,243,0,243,483
12/06/2021,DVT,AZ,AWP,CE,Towers with Radar,0,13,24,0,37,0,82,145,0,227,0,95,169,0,264,493,0,493,757
12/07/2021,DVT,AZ,AWP,CE,Towers with Radar,0,16,23,0,39,0,100,141,0,241,0,116,164,0,280,514,0,514,794
12/08/2021,DVT,AZ,AWP,CE,Towers with Radar,0,14,12,0,26,0,84,115,1,200,0,98,127,1,226,450,0,450,676
12/09/2021,DVT,AZ,AWP,CE,Towers with Radar,0,10,22,1,33,0,62,71,0,133,0,72,93,1,166,330,0,330,496
12/10/2021,DVT,AZ,AWP,CE,Towers with Radar,0,12,27,0,39,0,79,120,0,199,0,91,147,0,238,546,0,546,784
12/11/2021,DVT,AZ,AWP,CE,Towers with Radar,0,6,20,0,26,0,56,202,0,258,0,62,222,0,284,390,0,390,674
12/12/2021,DVT,AZ,AWP,CE,Towers with Radar,0,12,21,0,33,0,47,188,0,235,0,59,209,0,268,320,0,320,588
12/13/2021,DVT,AZ,AWP,CE,Towers with Radar,0,16,14,0,30,0,75,133,0,208,0,91,147,0,238,539,0,539,777
12/14/2021,DVT,AZ,AWP,CE,Towers with Radar,0,12,17,0,29,0,55,90,0,145,0,67,107,0,174,350,0,350,524
12/15/2021,DVT,AZ,AWP,CE,Towers with Radar,0,11,20,0,31,0,76,119,0,195,0,87,139,0,226,476,0,476,702
12/16/2021,DVT,AZ,AWP,CE,Towers with Radar,0,12,21,0,33,0,84,139,0,223,0,96,160,0,256,505,0,505,761
12/17/2021,DVT,AZ,AWP,CE,Towers with Radar,0,7,23,0,30,0,57,149,0,206,0,64,172,0,236,445,0,445,681
12/18/2021,DVT,AZ,AWP,CE,Towers with Radar,0,2,17,2,21,0,59,160,0,219,0,61,177,2,240,321,0,321,561
12/19/2021,DVT,AZ,AWP,CE,Towers with Radar,0,3,19,0,22,0,46,144,0,190,0,49,163,0,212,294,0,294,506
12/20/2021,DVT,AZ,AWP,CE,Towers with Radar,0,11,20,0,31,0,69,145,0,214,0,80,165,0,245,545,0,545,790
12/21/2021,DVT,AZ,AWP,CE,Towers with Radar,0,9,19,0,28,0,88,132,0,220,0,97,151,0,248,508,0,508,756
12/22/2021,DVT,AZ,AWP,CE,Towers with Radar,0,11,8,0,19,0,88,156,0,244,0,99,164,0,263,417,0,417,680
12/23/2021,DVT,AZ,AWP,CE,Towers with Radar,0,5,14,0,19,0,68,90,0,158,0,73,104,0,177,428,0,428,605
12/24/2021,DVT,AZ,AWP,CE,Towers with Radar,0,7,11,0,18,0,2,4,0,6,0,9,15,0,24,0,0,0,24
12/25/2021,DVT,AZ,AWP,CE,Towers with Radar,0,10,5,0,15,0,0,23,0,23,0,10,28,0,38,30,0,30,68
12/26/2021,DVT,AZ,AWP,CE,Towers with Radar,0,6,30,0,36,0,20,80,0,100,0,26,110,0,136,183,0,183,319
12/27/2021,DVT,AZ,AWP,CE,Towers with Radar,0,6,34,0,40,0,59,128,0,187,0,65,162,0,227,500,0,500,727
12/28/2021,DVT,AZ,AWP,CE,Towers with Radar,0,6,18,0,24,0,10,34,0,44,0,16,52,0,68,199,0,199,267
12/29/2021,DVT,AZ,AWP,CE,Towers with Radar,0,14,29,0,43,0,57,115,0,172,0,71,144,0,215,545,0,545,760
12/30/2021,DVT,AZ,AWP,CE,Towers with Radar,0,7,15,0,22,0,39,85,0,124,0,46,100,0,146,271,0,271,417
12/31/2021,DVT,AZ,AWP,CE,Towers with Radar,0,10,19,0,29,0,0,20,0,20,0,10,39,0,49,80,0,80,129
01/01/2022,DVT,AZ,AWP,CE,Towers with Radar,0,3,20,0,23,0,8,69,0,77,0,11,89,0,100,25,0,25,125
01/02/2022,DVT,AZ,AWP,CE,Towers with Radar,0,13,38,0,51,0,44,164,0,208,0,57,202,0,259,258,0,258,517
01/03/2022,DVT,AZ,AWP,CE,Towers with Radar,0,8,24,0,32,0,77,145,0,222,0,85,169,0,254,420,0,420,674
01/04/2022,DVT,AZ,AWP,CE,Towers with Radar,0,11,20,0,31,0,55,131,0,186,0,66,151,0,217,416,12,428,645
01/05/2022,DVT,AZ,AWP,CE,Towers with Radar,0,18,10,0,28,0,86,171,0,257,0,104,181,0,285,546,0,546,831
01/06/2022,DVT,AZ,AWP,CE,Towers with Radar,0,20,24,0,44,0,54,136,0,190,0,74,160,0,234,481,0,481,715
01/07/2022,DVT,AZ,AWP,CE,Towers with Radar,0,5,17,0,22,0,75,145,0,220,0,80,162,0,242,598,0,598,840
01/08/2022,DVT,AZ,AWP,CE,Towers with Radar,0,7,13,0,20,0,29,173,0,202,0,36,186,0,222,316,0,316,538
01/09/2022,DVT,AZ,AWP,CE,Towers with Radar,1,10,23,0,34,0,35,160,0,195,1,45,183,0,229,294,0,294,523
01/10/2022,DVT,AZ,AWP,CE,Towers with Radar,0,7,20,0,27,0,60,92,0,152,0,67,112,0,179,197,0,197,376
01/11/2022,DVT,AZ,AWP,CE,Towers with Radar,0,10,27,0,37,0,88,125,0,213,0,98,152,0,250,559,0,559,809
01/12/2022,DVT,AZ,AWP,CE,Towers with Radar,0,11,28,0,39,0,72,174,0,246,0,83,202,0,285,533,0,533,818
01/13/2022,DVT,AZ,AWP,CE,Towers with Radar,0,12,19,0,31,0,88,130,0,218,0,100,149,0,249,465,0,465,714
01/14/2022,DVT,AZ,AWP,CE,Towers with Radar,1,14,21,0,36,0,72,148,0,220,1,86,169,0,256,527,0,527,783
01/15/2022,DVT,AZ,AWP,CE,Towers with Radar,0,6,18,0,24,0,32,93,0,125,0,38,111,0,149,154,0,154,303
01/16/2022,DVT,AZ,AWP,CE,Towers with Radar,0,8,23,0,31,0,61,120,0,181,0,69,143,0,212,288,0,288,500
01/17/2022,DVT,AZ,AWP,CE,Towers with Radar,0,7,18,0,25,0,69,146,0,215,0,76,164,0,240,505,0,505,745
01/18/2022,DVT,AZ,AWP,CE,Towers with Radar,0,16,17,0,33,0,83,109,0,192,0,99,126,0,225,525,0,525,750
01/19/2022,DVT,AZ,AWP,CE,Towers with Radar,0,15,20,0,35,0,93,129,0,222,0,108,149,0,257,541,0,541,798
01/20/2022,DVT,AZ,AWP,CE,Towers with Radar,0,20,17,0,37,0,103,138,0,241,0,123,155,0,278,461,0,461,739
01/21/2022,DVT,AZ,AWP,CE,Towers with Radar,0,15,27,0,42,0,109,163,0,272,0,124,190,0,314,547,0,547,861
01/22/2022,DVT,AZ,AWP,CE,Towers with Radar,0,9,15,0,24,0,38,81,0,119,0,47,96,0,143,329,0,329,472
01/23/2022,DVT,AZ,AWP,CE,Towers with Radar,0,7,24,0,31,0,72,133,0,205,0,79,157,0,236,338,0,338,574
01/24/2022,DVT,AZ,AWP,CE,Towers with Radar,0,16,25,0,41,0,87,159,0,246,0,103,184,0,287,664,0,664,951
01/25/2022,DVT,AZ,AWP,CE,Towers with Radar,0,11,18,0,29,0,91,136,1,228,0,102,154,1,257,443,0,443,700
01/26/2022,DVT,AZ,AWP,CE,Towers with Radar,0,12,26,0,38,0,81,167,1,249,0,93,193,1,287,674,0,674,961
01/27/2022,DVT,AZ,AWP,CE,Towers with Radar,0,10,31,0,41,0,93,163,1,257,0,103,194,1,298,597,0,597,895
01/28/2022,DVT,AZ,AWP,CE,Towers with Radar,0,5,22,0,27,0,42,133,0,175,0,47,155,0,202,337,0,337,539
01/29/2022,DVT,AZ,AWP,CE,Towers with Radar,0,10,21,0,31,0,62,183,0,245,0,72,204,0,276,342,0,342,618
01/30/2022,DVT,AZ,AWP,CE,Towers with Radar,0,9,31,0,40,0,57,160,0,217,0,66,191,0,257,382,0,382,639
01/31/2022,DVT,AZ,AWP,CE,Towers with Radar,0,8,22,0,30,0,86,150,0,236,0,94,172,0,266,598,0,598,864
02/01/2022,DVT,AZ,AWP,CE,Towers with Radar,0,15,21,0,36,0,97,144,1,242,0,112,165,1,278,558,0,558,836
02/02/2022,DVT,AZ,AWP,CE,Towers with Radar,0,14,20,0,34,0,76,129,2,207,0,90,149,2,241,319,0,319,560
02/03/2022,DVT,AZ,AWP,CE,Towers with Radar,0,12,20,0,32,0,118,148,0,266,0,130,168,0,298,570,0,570,868
02/04/2022,DVT,AZ,AWP,CE,Towers with Radar,0,15,30,0,45,0,90,136,0,226,0,105,166,0,271,366,0,366,637
02/05/2022,DVT,AZ,AWP,CE,Towers with Radar,0,14,14,0,28,0,62,181,0,243,0,76,195,0,271,372,0,372,643
02/06/2022,DVT,AZ,AWP,CE,Towers with Radar,0,10,21,1,32,0,54,157,0,211,0,64,178,1,243,316,0,316,559
02/07/2022,DVT,AZ,AWP,CE,Towers with Radar,0,18,32,0,50,0,105,174,0,279,0,123,206,0,329,551,0,551,880
02/08/2022,DVT,AZ,AWP,CE,Towers with Radar,0,16,30,0,46,0,113,166,0,279,0,129,196,0,325,649,0,649,974
02/09/2022,DVT,AZ,AWP,CE,Towers with Radar,0,23,31,0,54,0,110,156,0,266,0,133,187,0,320,787,0,787,1107
02/10/2022,DVT,AZ,AWP,CE,Towers with Radar,0,18,25,0,43,0,98,183,0,281,0,116,208,0,324,684,0,684,1008
02/11/2022,DVT,AZ,AWP,CE,Towers with Radar,0,13,33,0,46,0,152,173,0,325,0,165,206,0,371,509,0,509,880
02/12/2022,DVT,AZ,AWP,CE,Towers with Radar,0,11,17,0,28,0,64,170,0,234,0,75,187,0,262,270,0,270,532
02/13/2022,DVT,AZ,AWP,CE,Towers with Radar,0,12,21,0,33,0,57,176,0,233,0,69,197,0,266,356,0,356,622
02/14/2022,DVT,AZ,AWP,CE,Towers with Radar,0,15,21,0,36,0,97,156,0,253,0,112,177,0,289,658,0,658,947
02/15/2022,DVT,AZ,AWP,CE,Towers with Radar,0,12,24,0,36,0,95,133,0,228,0,107,157,0,264,489,0,489,753
02/16/2022,DVT,AZ,AWP,CE,Towers with Radar,0,13,21,0,34,0,99,124,0,223,0,112,145,0,257,651,0,651,908
02/17/2022,DVT,AZ,AWP,CE,Towers with Radar,0,8,23,0,31,0,110,163,0,273,0,118,186,0,304,561,0,561,865
02/18/2022,DVT,AZ,AWP,CE,Towers with Radar,0,16,33,0,49,0,111,206,0,317,0,127,239,0,366,747,0,747,1113
02/19/2022,DVT,AZ,AWP,CE,Towers with Radar,0,8,19,0,27,0,40,174,0,214,0,48,193,0,241,364,0,364,605
02/20/2022,DVT,AZ,AWP,CE,Towers with Radar,0,12,21,0,33,0,54,161,0,215,0,66,182,0,248,238,0,238,486
02/21/2022,DVT,AZ,AWP,CE,Towers with Radar,0,7,27,0,34,0,42,78,0,120,0,49,105,0,154,322,0,322,476
02/22/2022,DVT,AZ,AWP,CE,Towers with Radar,0,14,22,0,36,0,58,83,0,141,0,72,105,0,177,485,0,485,662
02/23/2022,DVT,AZ,AWP,CE,Towers with Radar,0,5,20,0,25,0,6,31,0,37,0,11,51,0,62,101,0,101,163
02/24/2022,DVT,AZ,AWP,CE,Towers with Radar,0,18,25,0,43,0,115,169,0,284,0,133,194,0,327,592,0,592,919
02/25/2022,DVT,AZ,AWP,CE,Towers with Radar,0,13,23,0,36,0,118,213,0,331,0,131,236,0,367,757,0,757,1124
02/26/2022,DVT,AZ,AWP,CE,Towers with Radar,0,7,18,0,25,0,71,163,0,234,0,78,181,0,259,425,0,425,684
02/27/2022,DVT,AZ,AWP,CE,Towers with Radar,0,10,19,0,29,0,52,122,0,174,0,62,141,0,203,513,0,513,716
02/28/2022,DVT,AZ,AWP,CE,Towers with Radar,0,11,22,0,33,0,89,139,0,228,0,100,161,0,261,635,0,635,896
03/01/2022,DVT,AZ,AWP,CE,Towers with Radar,0,11,26,0,37,0,113,163,0,276,0,124,189,0,313,700,0,700,1013
03/02/2022,DVT,AZ,AWP,CE,Towers with Radar,0,10,25,1,36,0,103,162,0,265,0,113,187,1,301,600,0,600,901
03/03/2022,DVT,AZ,AWP,CE,Towers with Radar,0,12,22,0,34,0,98,197,0,295,0,110,219,0,329,612,0,612,941
03/04/2022,DVT,AZ,AWP,CE,Towers with Radar,0,6,13,0,19,0,48,120,0,168,0,54,133,0,187,284,0,284,471
03/05/2022,DVT,AZ,AWP,CE,Towers with Radar,0,6,14,0,20,0,47,120,0,167,0,53,134,0,187,287,0,287,474
03/06/2022,DVT,AZ,AWP,CE,Towers with Radar,0,10,23,0,33,0,58,199,0,257,0,68,222,0,290,303,0,303,593
03/07/2022,DVT,AZ,AWP,CE,Towers with Radar,0,8,17,0,25,0,76,131,0,207,0,84,148,0,232,466,0,466,698
03/08/2022,DVT,AZ,AWP,CE,Towers with Radar,0,14,24,0,38,0,79,174,0,253,0,93,198,0,291,599,0,599,890
03/09/2022,DVT,AZ,AWP,CE,Towers with Radar,0,12,25,0,37,0,115,193,0,308,0,127,218,0,345,614,0,614,959
03/10/2022,DVT,AZ,AWP,CE,Towers with Radar,0,15,25,0,40,0,67,114,0,181,0,82,139,0,221,377,0,377,598
03/11/2022,DVT,AZ,AWP,CE,Towers with Radar,0,13,16,0,29,0,95,134,0,229,0,108,150,0,258,606,0,606,864
03/12/2022,DVT,AZ,AWP,CE,Towers with Radar,0,15,18,0,33,0,64,200,0,264,0,79,218,0,297,351,0,351,648
03/13/2022,DVT,AZ,AWP,CE,Towers with Radar,0,6,26,0,32,0,71,173,0,244,0,77,199,0,276,389,0,389,665
03/14/2022,DVT,AZ,AWP,CE,Towers with Radar,0,14,19,0,33,0,86,168,0,254,0,100,187,0,287,594,0,594,881
03/15/2022,DVT,AZ,AWP,CE,Towers with Radar,0,18,22,0,40,0,94,172,0,266,0,112,194,0,306,666,0,666,972
03/16/2022,DVT,AZ,AWP,CE,Towers with Radar,0,16,18,0,34,0,70,168,0,238,0,86,186,0,272,349,0,349,621
03/17/2022,DVT,AZ,AWP,CE,Towers with Radar,0,9,31,0,40,0,98,193,0,291,0,107,224,0,331,602,0,602,933
03/18/2022,DVT,AZ,AWP,CE,Towers with Radar,0,13,27,0,40,0,101,188,0,289,0,114,215,0,329,654,0,654,983
03/19/2022,DVT,AZ,AWP,CE,Towers with Radar,0,8,12,0,20,0,50,187,0,237,0,58,199,0,257,349,0,349,606
03/20/2022,DVT,AZ,AWP,CE,Towers with Radar,0,15,29,0,44,0,38,92,0,130,0,53,121,0,174,288,0,288,462
03/21/2022,DVT,AZ,AWP,CE,Towers with Radar,0,11,18,0,29,0,41,88,0,129,0,52,106,0,158,184,0,184,342
03/22/2022,DVT,AZ,AWP,CE,Towers with Radar,0,26,17,0,43,0,114,117,0,231,0,140,134,0,274,596,0,596,870
03/23/2022,DVT,AZ,AWP,CE,Towers with Radar,0,13,9,0,22,0,111,119,0,230,0,124,128,0,252,543,0,543,795
03/24/2022,DVT,AZ,AWP,CE,Towers with Radar,0,18,21,0,39,0,110,190,1,301,0,128,211,1,340,825,0,825,1165
03/25/2022,DVT,AZ,AWP,CE,Towers with Radar,0,13,24,0,37,0,78,176,0,254,0,91,200,0,291,545,0,545,836
03/26/2022,DVT,AZ,AWP,CE,Towers with Radar,0,15,27,0,42,0,59,210,0,269,0,74,237,0,311,337,0,337,648
03/27/2022,DVT,AZ,AWP,CE,Towers with Radar,0,10,18,0,28,0,44,161,0,205,0,54,179,0,233,314,0,314,547
03/28/2022,DVT,AZ,AWP,CE,Towers with Radar,0,10,23,1,34,0,34,90,0,124,0,44,113,1,158,336,0,336,494
03/29/2022,DVT,AZ,AWP,CE,Towers with Radar,0,9,26,0,35,0,27,55,0,82,0,36,81,0,117,179,0,179,296
03/30/2022,DVT,AZ,AWP,CE,Towers with Radar,0,7,17,0,24,0,101,173,0,274,0,108,190,0,298,470,0,470,768
03/31/2022,DVT,AZ,AWP,CE,Towers with Radar,0,19,32,0,51,0,89,219,0,308,0,108,251,0,359,579,0,579,938
04/01/2022,DVT,AZ,AWP,CE,Towers with Radar,0,17,30,0,47,0,108,192,0,300,0,125,222,0,347,587,0,587,934
04/02/2022,DVT,AZ,AWP,CE,Towers with Radar,0,9,7,1,17,0,58,159,0,217,0,67,166,1,234,340,0,340,574
04/03/2022,DVT,AZ,AWP,CE,Towers with Radar,0,10,31,0,41,0,56,146,0,202,0,66,177,0,243,323,0,323,566
04/04/2022,DVT,AZ,AWP,CE,Towers with Radar,0,14,21,0,35,0,85,163,0,248,0,99,184,0,283,638,0,638,921
04/05/2022,DVT,AZ,AWP,CE,Towers with Radar,0,15,21,0,36,0,84,149,0,233,0,99,170,0,269,571,0,571,840
04/06/2022,DVT,AZ,AWP,CE,Towers with Radar,0,21,23,0,44,0,74,168,0,242,0,95,191,0,286,694,0,694,980
04/07/2022,DVT,AZ,AWP,CE,Towers with Radar,0,16,21,0,37,0,99,148,0,247,0,115,169,0,284,734,0,734,1018
04/08/2022,DVT,AZ,AWP,CE,Towers with Radar,0,13,12,1,26,0,80,136,0,216,0,93,148,1,242,504,0,504,746
04/09/2022,DVT,AZ,AWP,CE,Towers with Radar,0,5,21,0,26,0,45,143,0,188,0,50,164,0,214,308,0,308,522
04/10/2022,DVT,AZ,AWP,CE,Towers with Radar,0,10,23,0,33,0,57,126,0,183,0,67,149,0,216,268,0,268,484
04/11/2022,DVT,AZ,AWP,CE,Towers with Radar,0,9,16,0,25,0,62,99,0,161,0,71,115,0,186,352,0,352,538
04/12/2022,DVT,AZ,AWP,CE,Towers with Radar,0,3,17,0,20,0,58,78,2,138,0,61,95,2,158,211,10,221,379
04/13/2022,DVT,AZ,AWP,CE,Towers with Radar,0,13,29,0,42,0,122,200,0,322,0,135,229,0,364,636,0,636,1000
04/14/2022,DVT,AZ,AWP,CE,Towers with Radar,0,14,30,0,44,0,101,167,0,268,0,115,197,0,312,629,0,629,941
04/15/2022,DVT,AZ,AWP,CE,Towers with Radar,0,18,27,0,45,0,72,173,0,245,0,90,200,0,290,519,0,519,809
04/16/2022,DVT,AZ,AWP,CE,Towers with Radar,0,6,10,0,16,0,45,185,0,230,0,51,195,0,246,285,0,285,531
04/17/2022,DVT,AZ,AWP,CE,Towers with Radar,0,7,13,0,20,0,38,124,0,162,0,45,137,0,182,184,0,184,366
04/18/2022,DVT,AZ,AWP,CE,Towers with Radar,0,11,22,1,34,0,107,165,0,272,0,118,187,1,306,639,0,639,945
04/19/2022,DVT,AZ,AWP,CE,Towers with Radar,0,9,26,0,35,0,60,92,0,152,0,69,118,0,187,366,0,366,553
04/20/2022,DVT,AZ,AWP,CE,Towers with Radar,1,12,28,0,41,0,75,169,0,244,1,87,197,0,285,537,0,537,822
04/21/2022,DVT,AZ,AWP,CE,Towers with Radar,0,12,36,2,50,0,96,190,0,286,0,108,226,2,336,657,0,657,993
04/22/2022,DVT,AZ,AWP,CE,Towers with Radar,0,9,22,0,31,0,42,71,0,113,0,51,93,0,144,208,0,208,352
04/23/2022,DVT,AZ,AWP,CE,Towers with Radar,0,14,20,0,34,0,66,153,0,219,0,80,173,0,253,286,0,286,539
04/24/2022,DVT,AZ,AWP,CE,Towers with Radar,0,10,23,0,33,0,73,133,0,206,0,83,156,0,239,255,0,255,494
04/25/2022,DVT,AZ,AWP,CE,Towers with Radar,0,11,14,0,25,0,98,132,0,230,0,109,146,0,255,673,0,673,928
04/26/2022,DVT,AZ,AWP,CE,Towers with Radar,0,21,22,0,43,0,106,151,0,257,0,127,173,0,300,593,0,593,893
04/27/2022,DVT,AZ,AWP,CE,Towers with Radar,0,18,28,0,46,0,116,150,0,266,0,134,178,0,312,772,0,772,1084
04/28/2022,DVT,AZ,AWP,CE,Towers with Radar,0,16,24,0,40,0,86,123,0,209,0,102,147,0,249,701,0,701,950
04/29/2022,DVT,AZ,AWP,CE,Towers with Radar,0,11,17,0,28,0,97,135,0,232,0,108,152,0,260,607,0,607,867
04/30/2022,DVT,AZ,AWP,CE,Towers with Radar,0,7,9,0,16,1,58,169,0,228,1,65,178,0,244,500,0,500,744
05/01/2022,DVT,AZ,AWP,CE,Towers with Radar,0,14,21,0,35,0,45,118,0,163,0,59,139,0,198,313,0,313,511
05/02/2022,DVT,AZ,AWP,CE,Towers with Radar,0,10,14,0,24,0,107,166,0,273,0,117,180,0,297,734,0,734,1031
05/03/2022,DVT,AZ,AWP,CE,Towers with Radar,0,13,23,0,36,0,100,143,0,243,0,113,166,0,279,599,0,599,878
05/04/2022,DVT,AZ,AWP,CE,Towers with Radar,0,15,6,0,21,0,108,168,0,276,0,123,174,0,297,672,0,672,969
05/05/2022,DVT,AZ,AWP,CE,Towers with Radar,0,7,15,0,22,0,106,139,0,245,0,113,154,0,267,665,0,665,932
05/06/2022,DVT,AZ,AWP,CE,Towers with Radar,0,12,17,0,29,0,85,179,0,264,0,97,196,0,293,466,0,466,759
05/07/2022,DVT,AZ,AWP,CE,Towers with Radar,0,12,10,0,22,0,55,146,0,201,0,67,156,0,223,372,0,372,595
05/08/2022,DVT,AZ,AWP,CE,Towers with Radar,0,8,10,0,18,0,36,88,0,124,0,44,98,0,142,143,0,143,285
05/09/2022,DVT,AZ,AWP,CE,Towers with Radar,0,26,21,0,47,0,104,139,0,243,0,130,160,0,290,639,0,639,929
05/10/2022,DVT,AZ,AWP,CE,Towers with Radar,0,13,22,0,35,0,121,123,0,244,0,134,145,0,279,559,0,559,838
05/11/2022,DVT,AZ,AWP,CE,Towers with Radar,0,16,23,0,39,0,86,139,0,225,0,102,162,0,264,516,0,516,780
05/12/2022,DVT,AZ,AWP,CE,Towers with Radar,0,25,22,0,47,0,97,161,0,258,0,122,183,0,305,772,0,772,1077
05/13/2022,DVT,AZ,AWP,CE,Towers with Radar,0,21,21,0,42,0,116,164,0,280,0,137,185,0,322,482,0,482,804
05/14/2022,DVT,AZ,AWP,CE,Towers with Radar,0,7,19,0,26,0,56,160,0,216,0,63,179,0,242,345,0,345,587
05/15/2022,DVT,AZ,AWP,CE,Towers with Radar,0,8,17,0,25,0,54,141,0,195,0,62,158,0,220,337,0,337,557
05/16/2022,DVT,AZ,AWP,CE,Towers with Radar,0,13,12,0,25,0,126,127,0,253,0,139,139,0,278,568,0,568,846
05/17/2022,DVT,AZ,AWP,CE,Towers with Radar,0,11,20,0,31,0,131,117,1,249,0,142,137,1,280,613,0,613,893
05/18/2022,DVT,AZ,AWP,CE,Towers with Radar,0,13,16,0,29,0,119,143,0,262,0,132,159,0,291,593,0,593,884
05/19/2022,DVT,AZ,AWP,CE,Towers with Radar,0,18,13,0,31,0,105,118,0,223,0,123,131,0,254,572,0,572,826
05/20/2022,DVT,AZ,AWP,CE,Towers with Radar,0,12,27,0,39,0,62,110,0,172,0,74,137,0,211,429,0,429,640
05/21/2022,DVT,AZ,AWP,CE,Towers with Radar,0,8,15,0,23,0,70,168,0,238,0,78,183,0,261,278,0,278,539
05/22/2022,DVT,AZ,AWP,CE,Towers with Radar,0,10,25,0,35,0,51,161,0,212,0,61,186,0,247,282,0,282,529
05/23/2022,DVT,AZ,AWP,CE,Towers with Radar,0,13,13,0,26,0,92,126,0,218,0,105,139,0,244,565,0,565,809
05/24/2022,DVT,AZ,AWP,CE,Towers with Radar,0,21,22,0,43,0,99,132,0,231,0,120,154,0,274,511,0,511,785
05/25/2022,DVT,AZ,AWP,CE,Towers with Radar,0,23,10,1,34,0,93,131,0,224,0,116,141,1,258,609,0,609,867
05/26/2022,DVT,AZ,AWP,CE,Towers with Radar,0,22,13,0,35,0,89,131,0,220,0,111,144,0,255,475,0,475,730
05/27/2022,DVT,AZ,AWP,CE,Towers with Radar,0,15,18,0,33,0,86,154,0,240,0,101,172,0,273,525,0,525,798
05/28/2022,DVT,AZ,AWP,CE,Towers with Radar,0,12,10,0,22,0,44,121,0,165,0,56,131,0,187,181,0,181,368
05/29/2022,DVT,AZ,AWP,CE,Towers with Radar,0,6,6,0,12,0,20,93,0,113,0,26,99,0,125,155,0,155,280
05/30/2022,DVT,AZ,AWP,CE,Towers with Radar,0,15,16,0,31,0,89,124,0,213,0,104,140,0,244,390,0,390,634
05/31/2022,DVT,AZ,AWP,CE,Towers with Radar,0,18,12,0,30,0,94,141,0,235,0,112,153,0,265,482,0,482,747
06/01/2022,DVT,AZ,AWP,CE,Towers with Radar,0,17,17,0,34,0,86,207,0,293,0,103,224,0,327,636,0,636,963
06/02/2022,DVT,AZ,AWP,CE,Towers with Radar,0,21,22,0,43,0,117,114,0,231,0,138,136,0,274,614,0,614,888
06/03/2022,DVT,AZ,AWP,CE,Towers with Radar,0,20,16,0,36,0,108,142,0,250,0,128,158,0,286,464,0,464,750
06/04/2022,DVT,AZ,AWP,CE,Towers with Radar,0,20,11,0,31,0,54,131,1,186,0,74,142,1,217,355,0,355,572
06/05/2022,DVT,AZ,AWP,CE,Towers with Radar,0,9,17,0,26,0,52,108,0,160,0,61,125,0,186,311,0,311,497
06/06/2022,DVT,AZ,AWP,CE,Towers with Radar,0,14,15,0,29,0,95,105,0,200,0,109,120,0,229,454,0,454,683
06/07/2022,DVT,AZ,AWP,CE,Towers with Radar,0,14,6,0,20,0,84,120,0,204,0,98,126,0,224,527,0,527,751
06/08/2022,DVT,AZ,AWP,CE,Towers with Radar,0,10,16,0,26,0,104,124,0,228,0,114,140,0,254,656,0,656,910
06/09/2022,DVT,AZ,AWP,CE,Towers with Radar,0,13,21,0,34,0,88,135,0,223,0,101,156,0,257,487,0,487,744
06/10/2022,DVT,AZ,AWP,CE,Towers with Radar,0,15,16,0,31,0,72,97,0,169,0,87,113,0,200,583,0,583,783
06/11/2022,DVT,AZ,AWP,CE,Towers with Radar,0,12,12,0,24,0,46,119,0,165,0,58,131,0,189,287,0,287,476
06/12/2022,DVT,AZ,AWP,CE,Towers with Radar,0,6,14,0,20,0,56,92,0,148,0,62,106,0,168,258,0,258,426
06/13/2022,DVT,AZ,AWP,CE,Towers with Radar,0,15,11,0,26,0,84,93,0,177,0,99,104,0,203,413,0,413,616
06/14/2022,DVT,AZ,AWP,CE,Towers with Radar,0,12,19,0,31,0,96,110,0,206,0,108,129,0,237,449,0,449,686
06/15/2022,DVT,AZ,AWP,CE,Towers with Radar,0,24,31,0,55,0,103,122,0,225,0,127,153,0,280,588,1,589,869
06/16/2022,DVT,AZ,AWP,CE,Towers with Radar,0,20,15,0,35,0,86,109,0,195,0,106,124,0,230,524,0,524,754
06/17/2022,DVT,AZ,AWP,CE,Towers with Radar,0,10,18,0,28,0,104,113,0,217,0,114,131,0,245,535,0,535,780
06/18/2022,DVT,AZ,AWP,CE,Towers with Radar,0,13,13,0,26,0,53,115,0,168,0,66,128,0,194,350,0,350,544
06/19/2022,DVT,AZ,AWP,CE,Towers with Radar,0,6,9,0,15,0,51,94,0,145,0,57,103,0,160,317,0,317,477
06/20/2022,DVT,AZ,AWP,CE,Towers with Radar,0,16,14,0,30,0,107,113,0,220,0,123,127,0,250,447,0,447,697
06/21/2022,DVT,AZ,AWP,CE,Towers with Radar,0,15,18,0,33,0,106,87,0,193,0,121,105,0,226,464,0,464,690
06/22/2022,DVT,AZ,AWP,CE,Towers with Radar,0,18,19,0,37,0,99,126,0,225,0,117,145,0,262,533,0,533,795
06/23/2022,DVT,AZ,AWP,CE,Towers with Radar,0,9,19,0,28,0,82,101,0,183,0,91,120,0,211,359,0,359,570
06/24/2022,DVT,AZ,AWP,CE,Towers with Radar,0,22,15,0,37,0,70,75,0,145,0,92,90,0,182,302,0,302,484
06/25/2022,DVT,AZ,AWP,CE,Towers with Radar,0,10,12,0,22,0,64,121,0,185,0,74,133,0,207,322,0,322,529
06/26/2022,DVT,AZ,AWP,CE,Towers with Radar,0,10,11,0,21,0,45,80,0,125,0,55,91,0,146,265,0,265,411
06/27/2022,DVT,AZ,AWP,CE,Towers with Radar,0,29,12,0,41,0,96,110,0,206,0,125,122,0,247,507,0,507,754
06/28/2022,DVT,AZ,AWP,CE,Towers with Radar,0,22,15,0,37,0,87,107,0,194,0,109,122,0,231,528,0,528,759
06/29/2022,DVT,AZ,AWP,CE,Towers with Radar,0,11,11,0,22,0,67,119,0,186,0,78,130,0,208,377,0,377,585
06/30/2022,DVT,AZ,AWP,CE,Towers with Radar,0,16,19,0,35,0,102,133,0,235,0,118,152,0,270,531,0,531,801
07/01/2022,DVT,AZ,AWP,CE,Towers with Radar,0,20,19,0,39,0,102,107,0,209,0,122,126,0,248,533,0,533,781
07/02/2022,DVT,AZ,AWP,CE,Towers with Radar,0,16,10,0,26,0,88,116,0,204,0,104,126,0,230,436,0,436,666
07/03/2022,DVT,AZ,AWP,CE,Towers with Radar,0,14,4,0,18,0,62,95,0,157,0,76,99,0,175,301,0,301,476
07/04/2022,DVT,AZ,AWP,CE,Towers with Radar,0,15,9,0,24,0,83,97,0,180,0,98,106,0,204,367,0,367,571
07/05/2022,DVT,AZ,AWP,CE,Towers with Radar,0,16,11,0,27,0,104,103,0,207,0,120,114,0,234,476,0,476,710
07/06/2022,DVT,AZ,AWP,CE,Towers with Radar,0,18,22,0,40,0,128,131,0,259,0,146,153,0,299,497,0,497,796
07/07/2022,DVT,AZ,AWP,CE,Towers with Radar,0,26,19,0,45,0,106,142,0,248,0,132,161,0,293,344,0,344,637
07/08/2022,DVT,AZ,AWP,CE,Towers with Radar,0,16,9,0,25,0,87,141,0,228,0,103,150,0,253,494,0,494,747
07/09/2022,DVT,AZ,AWP,CE,Towers with Radar,0,4,3,0,7,0,63,108,0,171,0,67,111,0,178,353,0,353,531
07/10/2022,DVT,AZ,AWP,CE,Towers with Radar,0,9,10,0,19,0,43,93,0,136,0,52,103,0,155,300,0,300,455
07/11/2022,DVT,AZ,AWP,CE,Towers with Radar,0,13,8,0,21,0,67,85,0,152,0,80,93,0,173,332,0,332,505
07/12/2022,DVT,AZ,AWP,CE,Towers with Radar,0,26,20,0,46,0,94,103,0,197,0,120,123,0,243,511,0,511,754
07/13/2022,DVT,AZ,AWP,CE,Towers with Radar,0,17,20,0,37,0,85,114,0,199,0,102,134,0,236,362,0,362,598
07/14/2022,DVT,AZ,AWP,CE,Towers with Radar,0,14,12,0,26,0,92,103,0,195,0,106,115,0,221,374,0,374,595
07/15/2022,DVT,AZ,AWP,CE,Towers with Radar,0,23,14,0,37,0,110,109,0,219,0,133,123,0,256,383,0,383,639
07/16/2022,DVT,AZ,AWP,CE,Towers with Radar,0,8,13,0,21,0,72,92,0,164,0,80,105,0,185,402,0,402,587
07/17/2022,DVT,AZ,AWP,CE,Towers with Radar,0,12,12,0,24,0,44,99,0,143,0,56,111,0,167,265,0,265,432
07/18/2022,DVT,AZ,AWP,CE,Towers with Radar,0,21,13,0,34,0,115,111,0,226,0,136,124,0,260,627,0,627,887
07/19/2022,DVT,AZ,AWP,CE,Towers with Radar,0,18,13,0,31,0,102,112,0,214,0,120,125,0,245,537,0,537,782
07/20/2022,DVT,AZ,AWP,CE,Towers with Radar,0,22,16,0,38,0,109,125,0,234,0,131,141,0,272,652,0,652,924
07/21/2022,DVT,AZ,AWP,CE,Towers with Radar,0,14,19,0,33,0,94,105,0,199,0,108,124,0,232,396,0,396,628
07/22/2022,DVT,AZ,AWP,CE,Towers with Radar,0,25,15,0,40,0,107,100,0,207,0,132,115,0,247,585,0,585,832
07/23/2022,DVT,AZ,AWP,CE,Towers with Radar,0,12,4,0,16,0,54,57,0,111,0,66,61,0,127,258,0,258,385
07/24/2022,DVT,AZ,AWP,CE,Towers with Radar,0,13,15,0,28,0,36,87,0,123,0,49,102,0,151,244,0,244,395
07/25/2022,DVT,AZ,AWP,CE,Towers with Radar,0,20,19,0,39,0,82,90,0,172,0,102,109,0,211,559,0,559,770
07/26/2022,DVT,AZ,AWP,CE,Towers with Radar,0,20,13,0,33,0,87,75,0,162,0,107,88,0,195,659,0,659,854
07/27/2022,DVT,AZ,AWP,CE,Towers with Radar,0,20,13,0,33,0,78,81,0,159,0,98,94,0,192,435,0,435,627
07/28/2022,DVT,AZ,AWP,CE,Towers with Radar,0,14,15,0,29,0,68,81,2,151,0,82,96,2,180,372,6,378,558
07/29/2022,DVT,AZ,AWP,CE,Towers with Radar,0,15,9,0,24,0,113,103,0,216,0,128,112,0,240,525,0,525,765
07/30/2022,DVT,AZ,AWP,CE,Towers with Radar,0,8,21,0,29,0,66,102,0,168,0,74,123,0,197,438,0,438,635
07/31/2022,DVT,AZ,AWP,CE,Towers with Radar,0,9,13,0,22,0,60,115,0,175,0,69,128,0,197,326,0,326,523
08/01/2022,DVT,AZ,AWP,CE,Towers with Radar,0,18,7,0,25,0,94,126,0,220,0,112,133,0,245,505,0,505,750
08/02/2022,DVT,AZ,AWP,CE,Towers with Radar,0,22,24,0,46,0,105,125,0,230,0,127,149,0,276,616,0,616,892
08/03/2022,DVT,AZ,AWP,CE,Towers with Radar,0,30,22,0,52,0,90,119,0,209,0,120,141,0,261,456,0,456,717
08/04/2022,DVT,AZ,AWP,CE,Towers with Radar,0,25,10,0,35,0,93,84,0,177,0,118,94,0,212,533,0,533,745
08/05/2022,DVT,AZ,AWP,CE,Towers with Radar,0,23,17,0,40,0,108,153,0,261,0,131,170,0,301,564,0,564,865
08/06/2022,DVT,AZ,AWP,CE,Towers with Radar,0,21,11,0,32,0,48,152,0,200,0,69,163,0,232,324,0,324,556
08/07/2022,DVT,AZ,AWP,CE,Towers with Radar,0,10,14,0,24,0,47,77,0,124,0,57,91,0,148,283,0,283,431
08/08/2022,DVT,AZ,AWP,CE,Towers with Radar,0,23,29,0,52,0,103,123,0,226,0,126,152,0,278,645,0,645,923
08/09/2022,DVT,AZ,AWP,CE,Towers with Radar,0,15,19,0,34,0,102,123,0,225,0,117,142,0,259,528,0,528,787
08/10/2022,DVT,AZ,AWP,CE,Towers with Radar,0,18,18,0,36,0,89,131,0,220,0,107,149,0,256,616,0,616,872
08/11/2022,DVT,AZ,AWP,CE,Towers with Radar,0,20,21,0,41,0,121,95,0,216,0,141,116,0,257,630,0,630,887
08/12/2022,DVT,AZ,AWP,CE,Towers with Radar,0,10,20,0,30,0,72,111,0,183,0,82,131,0,213,376,0,376,589
08/13/2022,DVT,AZ,AWP,CE,Towers with Radar,0,8,16,0,24,0,80,122,0,202,0,88,138,0,226,511,0,511,737
08/14/2022,DVT,AZ,AWP,CE,Towers with Radar,0,14,14,0,28,0,60,119,0,179,0,74,133,0,207,282,0,282,489
08/15/2022,DVT,AZ,AWP,CE,Towers with Radar,0,21,12,0,33,0,121,97,0,218,0,142,109,0,251,536,0,536,787
08/16/2022,DVT,AZ,AWP,CE,Towers with Radar,0,17,7,0,24,0,125,125,0,250,0,142,132,0,274,715,0,715,989
08/17/2022,DVT,AZ,AWP,CE,Towers with Radar,0,25,14,0,39,0,93,110,0,203,0,118,124,0,242,578,0,578,820
08/18/2022,DVT,AZ,AWP,CE,Towers with Radar,0,25,9,0,34,0,93,96,0,189,0,118,105,0,223,499,0,499,722
08/19/2022,DVT,AZ,AWP,CE,Towers with Radar,0,17,15,0,32,0,88,80,0,168,0,105,95,0,200,485,0,485,685
08/20/2022,DVT,AZ,AWP,CE,Towers with Radar,1,17,13,0,31,0,66,86,0,152,1,83,99,0,183,335,0,335,518
08/21/2022,DVT,AZ,AWP,CE,Towers with Radar,0,12,10,0,22,0,64,73,0,137,0,76,83,0,159,317,0,317,476
08/22/2022,DVT,AZ,AWP,CE,Towers with Radar,0,24,7,0,31,0,133,100,0,233,0,157,107,0,264,658,0,658,922
08/23/2022,DVT,AZ,AWP,CE,Towers with Radar,0,10,16,0,26,0,94,80,0,174,0,104,96,0,200,474,0,474,674
08/24/2022,DVT,AZ,AWP,CE,Towers with Radar,0,17,11,0,28,0,129,131,0,260,0,146,142,0,288,668,0,668,956
08/25/2022,DVT,AZ,AWP,CE,Towers with Radar,0,18,19,0,37,0,131,134,0,265,0,149,153,0,302,637,0,637,939
08/26/2022,DVT,AZ,AWP,CE,Towers with Radar,0,23,14,0,37,0,123,125,0,248,0,146,139,0,285,609,0,609,894
08/27/2022,DVT,AZ,AWP,CE,Towers with Radar,0,13,10,0,23,0,49,164,0,213,0,62,174,0,236,446,0,446,682
08/28/2022,DVT,AZ,AWP,CE,Towers with Radar,0,14,17,0,31,0,49,124,0,173,0,63,141,0,204,327,0,327,531
08/29/2022,DVT,AZ,AWP,CE,Towers with Radar,0,21,11,2,34,0,106,92,2,200,0,127,103,4,234,519,8,527,761
08/30/2022,DVT,AZ,AWP,CE,Towers with Radar,0,12,16,0,28,0,124,107,0,231,0,136,123,0,259,667,0,667,926
08/31/2022,DVT,AZ,AWP,CE,Towers with Radar,0,32,11,0,43,0,122,114,0,236,0,154,125,0,279,634,0,634,913
09/01/2022,DVT,AZ,AWP,CE,Towers with Radar,0,20,16,0,36,0,127,113,0,240,0,147,129,0,276,471,0,471,747
09/02/2022,DVT,AZ,AWP,CE,Towers with Radar,0,15,15,0,30,0,138,141,0,279,0,153,156,0,309,576,0,576,885
09/03/2022,DVT,AZ,AWP,CE,Towers with Radar,0,18,11,0,29,0,90,120,0,210,0,108,131,0,239,316,0,316,555
09/04/2022,DVT,AZ,AWP,CE,Towers with Radar,0,16,9,0,25,0,62,124,0,186,0,78,133,0,211,304,0,304,515
09/05/2022,DVT,AZ,AWP,CE,Towers with Radar,0,14,14,0,28,0,114,152,0,266,0,128,166,0,294,469,0,469,763
09/06/2022,DVT,AZ,AWP,CE,Towers with Radar,0,19,15,2,36,0,127,106,0,233,0,146,121,2,269,541,0,541,810
09/07/2022,DVT,AZ,AWP,CE,Towers with Radar,0,19,23,0,42,0,139,118,0,257,0,158,141,0,299,615,0,615,914
09/08/2022,DVT,AZ,AWP,CE,Towers with Radar,0,31,18,0,49,0,115,98,0,213,0,146,116,0,262,606,0,606,868
09/09/2022,DVT,AZ,AWP,CE,Towers with Radar,0,19,15,0,34,0,107,133,0,240,0,126,148,0,274,548,0,548,822
09/10/2022,DVT,AZ,AWP,CE,Towers with Radar,0,16,15,0,31,0,76,114,0,190,0,92,129,0,221,392,0,392,613
09/11/2022,DVT,AZ,AWP,CE,Towers with Radar,0,5,13,0,18,0,68,112,0,180,0,73,125,0,198,219,0,219,417
09/12/2022,DVT,AZ,AWP,CE,Towers with Radar,0,20,17,0,37,0,124,74,0,198,0,144,91,0,235,646,0,646,881
09/13/2022,DVT,AZ,AWP,CE,Towers with Radar,0,19,29,0,48,0,130,109,0,239,0,149,138,0,287,580,0,580,867
09/14/2022,DVT,AZ,AWP,CE,Towers with Radar,0,21,23,0,44,0,126,131,0,257,0,147,154,0,301,557,0,557,858
09/15/2022,DVT,AZ,AWP,CE,Towers with Radar,0,31,18,0,49,0,129,135,0,264,0,160,153,0,313,574,0,574,887
09/16/2022,DVT,AZ,AWP,CE,Towers with Radar,0,17,30,0,47,0,121,157,0,278,0,138,187,0,325,693,0,693,1018
09/17/2022,DVT,AZ,AWP,CE,Towers with Radar,0,10,10,0,20,0,87,167,0,254,0,97,177,0,274,501,0,501,775
09/18/2022,DVT,AZ,AWP,CE,Towers with Radar,0,10,19,0,29,0,87,118,0,205,0,97,137,0,234,261,0,261,495
09/19/2022,DVT,AZ,AWP,CE,Towers with Radar,0,13,22,0,35,0,110,133,0,243,0,123,155,0,278,701,0,701,979
09/20/2022,DVT,AZ,AWP,CE,Towers with Radar,0,17,11,0,28,0,122,90,0,212,0,139,101,0,240,844,0,844,1084
09/21/2022,DVT,AZ,AWP,CE,Towers with Radar,0,7,15,0,22,0,40,57,0,97,0,47,72,0,119,479,0,479,598
09/22/2022,DVT,AZ,AWP,CE,Towers with Radar,1,23,22,0,46,0,129,130,0,259,1,152,152,0,305,819,0,819,1124
09/23/2022,DVT,AZ,AWP,CE,Towers with Radar,0,22,22,0,44,0,101,137,0,238,0,123,159,0,282,623,0,623,905
09/24/2022,DVT,AZ,AWP,CE,Towers with Radar,0,7,15,0,22,0,142,128,0,270,0,149,143,0,292,502,0,502,794
09/25/2022,DVT,AZ,AWP,CE,Towers with Radar,0,7,11,0,18,0,82,136,0,218,0,89,147,0,236,255,0,255,491
09/26/2022,DVT,AZ,AWP,CE,Towers with Radar,0,11,8,0,19,0,121,113,0,234,0,132,121,0,253,488,0,488,741
09/27/2022,DVT,AZ,AWP,CE,Towers with Radar,0,12,16,0,28,0,113,104,0,217,0,125,120,0,245,378,0,378,623
09/28/2022,DVT,AZ,AWP,CE,Towers with Radar,0,13,16,0,29,0,130,118,0,248,0,143,134,0,277,383,0,383,660
09/29/2022,DVT,AZ,AWP,CE,Towers with Radar,0,17,15,0,32,0,153,125,0,278,0,170,140,0,310,832,0,832,1142
09/30/2022,DVT,AZ,AWP,CE,Towers with Radar,0,18,23,0,41,0,135,133,0,268,0,153,156,0,309,591,0,591,900
10/01/2022,DVT,AZ,AWP,CE,Towers with Radar,0,10,6,0,16,0,96,122,0,218,0,106,128,0,234,370,0,370,604
10/02/2022,DVT,AZ,AWP,CE,Towers with Radar,0,6,21,0,27,0,96,148,0,244,0,102,169,0,271,349,0,349,620
10/03/2022,DVT,AZ,AWP,CE,Towers with Radar,0,7,15,0,22,0,80,91,0,171,0,87,106,0,193,341,0,341,534
10/04/2022,DVT,AZ,AWP,CE,Towers with Radar,0,24,19,0,43,0,139,81,0,220,0,163,100,0,263,624,0,624,887
10/05/2022,DVT,AZ,AWP,CE,Towers with Radar,0,30,34,0,64,0,110,129,0,239,0,140,163,0,303,585,0,585,888
10/06/2022,DVT,AZ,AWP,CE,Towers with Radar,0,15,22,0,37,0,101,103,0,204,0,116,125,0,241,510,0,510,751
10/07/2022,DVT,AZ,AWP,CE,Towers with Radar,0,18,25,0,43,0,106,116,0,222,0,124,141,0,265,515,0,515,780
10/08/2022,DVT,AZ,AWP,CE,Towers with Radar,0,10,21,0,31,0,113,127,0,240,0,123,148,0,271,374,0,374,645
10/09/2022,DVT,AZ,AWP,CE,Towers with Radar,0,10,24,0,34,0,92,120,0,212,0,102,144,0,246,346,0,346,592
10/10/2022,DVT,AZ,AWP,CE,Towers with Radar,0,14,11,0,25,0,130,125,0,255,0,144,136,0,280,723,0,723,1003
10/11/2022,DVT,AZ,AWP,CE,Towers with Radar,0,19,16,0,35,0,150,163,0,313,0,169,179,0,348,797,0,797,1145
10/12/2022,DVT,AZ,AWP,CE,Towers with Radar,0,23,23,0,46,0,124,144,0,268,0,147,167,0,314,713,0,713,1027
10/13/2022,DVT,AZ,AWP,CE,Towers with Radar,0,32,17,0,49,0,116,134,0,250,0,148,151,0,299,562,0,562,861
10/14/2022,DVT,AZ,AWP,CE,Towers with Radar,0,23,21,0,44,0,124,148,0,272,0,147,169,0,316,517,0,517,833
10/15/2022,DVT,AZ,AWP,CE,Towers with Radar,0,5,16,0,21,0,20,73,0,93,0,25,89,0,114,106,0,106,220
10/16/2022,DVT,AZ,AWP,CE,Towers with Radar,0,9,18,0,27,0,89,93,0,182,0,98,111,0,209,379,0,379,588
10/17/2022,DVT,AZ,AWP,CE,Towers with Radar,0,23,17,0,40,0,144,115,0,259,0,167,132,0,299,525,0,525,824
10/18/2022,DVT,AZ,AWP,CE,Towers with Radar,0,16,18,0,34,0,139,122,0,261,0,155,140,0,295,512,0,512,807
10/19/2022,DVT,AZ,AWP,CE,Towers with Radar,0,34,21,0,55,0,135,88,0,223,0,169,109,0,278,565,0,565,843
10/20/2022,DVT,AZ,AWP,CE,Towers with Radar,0,17,32,0,49,0,157,131,0,288,0,174,163,0,337,846,0,846,1183
10/21/2022,DVT,AZ,AWP,CE,Towers with Radar,0,13,15,0,28,0,132,189,0,321,0,145,204,0,349,658,0,658,1007
10/22/2022,DVT,AZ,AWP,CE,Towers with Radar,0,11,14,0,25,0,98,143,0,241,0,109,157,0,266,471,0,471,737
10/23/2022,DVT,AZ,AWP,CE,Towers with Radar,0,26,29,0,55,0,61,85,0,146,0,87,114,0,201,338,0,338,539
10/24/2022,DVT,AZ,AWP,CE,Towers with Radar,0,12,20,0,32,0,101,111,0,212,0,113,131,0,244,599,0,599,843
10/25/2022,DVT,AZ,AWP,CE,Towers with Radar,0,24,13,0,37,0,122,151,0,273,0,146,164,0,310,640,0,640,950
10/26/2022,DVT,AZ,AWP,CE,Towers with Radar,0,26,14,0,40,0,130,161,0,291,0,156,175,0,331,758,0,758,1089
10/27/2022,DVT,AZ,AWP,CE,Towers with Radar,0,19,17,0,36,0,126,141,0,267,0,145,158,0,303,593,0,593,896
10/28/2022,DVT,AZ,AWP,CE,Towers with Radar,0,13,26,0,39,0,147,190,0,337,0,160,216,0,376,740,0,740,1116
10/29/2022,DVT,AZ,AWP,CE,Towers with Radar,0,12,25,0,37,0,100,188,0,288,0,112,213,0,325,466,0,466,791
10/30/2022,DVT,AZ,AWP,CE,Towers with Radar,0,11,18,0,29,0,71,149,0,220,0,82,167,0,249,488,0,488,737
10/31/2022,DVT,AZ,AWP,CE,Towers with Radar,0,16,9,0,25,0,134,149,0,283,0,150,158,0,308,622,0,622,930
11/01/2022,DVT,AZ,AWP,CE,Towers with Radar,0,15,27,0,42,0,127,135,0,262,0,142,162,0,304,608,0,608,912
11/02/2022,DVT,AZ,AWP,CE,Towers with Radar,0,22,26,0,48,0,129,121,1,251,0,151,147,1,299,635,16,651,950
11/03/2022,DVT,AZ,AWP,CE,Towers with Radar,0,16,39,0,55,0,42,58,0,100,0,58,97,0,155,276,0,276,431
11/04/2022,DVT,AZ,AWP,CE,Towers with Radar,1,18,32,0,51,0,142,190,0,332,1,160,222,0,383,786,0,786,1169
11/05/2022,DVT,AZ,AWP,CE,Towers with Radar,0,21,18,0,39,0,107,194,4,305,0,128,212,4,344,537,0,537,881
11/06/2022,DVT,AZ,AWP,CE,Towers with Radar,0,14,36,0,50,0,92,185,0,277,0,106,221,0,327,495,0,495,822
11/07/2022,DVT,AZ,AWP,CE,Towers with Radar,0,18,28,0,46,0,125,178,2,305,0,143,206,2,351,686,9,695,1046
11/08/2022,DVT,AZ,AWP,CE,Towers with Radar,0,9,24,0,33,0,129,140,0,269,0,138,164,0,302,644,0,644,946
11/09/2022,DVT,AZ,AWP,CE,Towers with Radar,0,16,23,0,39,0,44,72,0,116,0,60,95,0,155,318,0,318,473
11/10/2022,DVT,AZ,AWP,CE,Towers with Radar,0,27,40,0,67,0,142,220,0,362,0,169,260,0,429,914,0,914,1343
11/11/2022,DVT,AZ,AWP,CE,Towers with Radar,0,20,17,0,37,0,166,196,0,362,0,186,213,0,399,704,0,704,1103
11/12/2022,DVT,AZ,AWP,CE,Towers with Radar,0,13,11,0,24,0,122,199,0,321,0,135,210,0,345,643,0,643,988
11/13/2022,DVT,AZ,AWP,CE,Towers with Radar,0,13,25,0,38,0,90,178,0,268,0,103,203,0,306,455,0,455,761
11/14/2022,DVT,AZ,AWP,CE,Towers with Radar,0,17,30,1,48,0,127,137,0,264,0,144,167,1,312,794,0,794,1106
11/15/2022,DVT,AZ,AWP,CE,Towers with Radar,0,20,26,1,47,0,153,153,0,306,0,173,179,1,353,847,0,847,1200
11/16/2022,DVT,AZ,AWP,CE,Towers with Radar,0,16,22,0,38,0,108,130,0,238,0,124,152,0,276,533,16,549,825
11/17/2022,DVT,AZ,AWP,CE,Towers with Radar,0,26,33,0,59,0,164,162,0,326,0,190,195,0,385,954,0,954,1339
11/18/2022,DVT,AZ,AWP,CE,Towers with Radar,0,33,26,0,59,0,140,148,0,288,0,173,174,0,347,807,0,807,1154
11/19/2022,DVT,AZ,AWP,CE,Towers with Radar,0,13,29,0,42,0,111,172,0,283,0,124,201,0,325,497,0,497,822
11/20/2022,DVT,AZ,AWP,CE,Towers with Radar,0,12,14,0,26,0,77,211,0,288,0,89,225,0,314,484,0,484,798
11/21/2022,DVT,AZ,AWP,CE,Towers with Radar,0,22,17,1,40,0,161,151,0,312,0,183,168,1,352,759,0,759,1111
11/22/2022,DVT,AZ,AWP,CE,Towers with Radar,0,15,30,0,45,0,130,230,0,360,0,145,260,0,405,646,0,646,1051
11/23/2022,DVT,AZ,AWP,CE,Towers with Radar,0,15,17,0,32,0,150,163,0,313,0,165,180,0,345,702,0,702,1047
11/24/2022,DVT,AZ,AWP,CE,Towers with Radar,0,3,7,0,10,0,12,39,0,51,0,15,46,0,61,23,0,23,84
11/25/2022,DVT,AZ,AWP,CE,Towers with Radar,0,11,14,0,25,2,112,139,0,253,2,123,153,0,278,376,0,376,654
11/26/2022,DVT,AZ,AWP,CE,Towers with Radar,0,9,23,0,32,0,118,167,0,285,0,127,190,0,317,537,0,537,854
11/27/2022,DVT,AZ,AWP,CE,Towers with Radar,0,15,28,0,43,0,103,171,0,274,0,118,199,0,317,438,0,438,755
11/28/2022,DVT,AZ,AWP,CE,Towers with Radar,0,24,19,0,43,0,115,112,0,227,0,139,131,0,270,676,0,676,946
11/29/2022,DVT,AZ,AWP,CE,Towers with Radar,0,18,16,0,34,0,137,114,0,251,0,155,130,0,285,580,0,580,865
11/30/2022,DVT,AZ,AWP,CE,Towers with Radar,0,12,22,0,34,0,163,120,0,283,0,175,142,0,317,637,0,637,954
12/01/2022,DVT,AZ,AWP,CE,Towers with Radar,0,12,20,0,32,0,177,165,0,342,0,189,185,0,374,870,0,870,1244
12/02/2022,DVT,AZ,AWP,CE,Towers with Radar,1,13,18,0,32,0,156,131,0,287,1,169,149,0,319,715,0,715,1034
12/03/2022,DVT,AZ,AWP,CE,Towers with Radar,0,15,18,0,33,0,65,82,1,148,0,80,100,1,181,323,0,323,504
12/04/2022,DVT,AZ,AWP,CE,Towers with Radar,0,5,26,0,31,0,2,27,0,29,0,7,53,0,60,220,0,220,280
12/05/2022,DVT,AZ,AWP,CE,Towers with Radar,0,25,18,0,43,0,29,50,2,81,0,54,68,2,124,554,0,554,678
12/06/2022,DVT,AZ,AWP,CE,Towers with Radar,0,10,22,0,32,0,62,60,0,122,0,72,82,0,154,400,0,400,554
12/07/2022,DVT,AZ,AWP,CE,Towers with Radar,1,29,27,0,57,0,107,113,1,221,1,136,140,1,278,834,0,834,1112
12/08/2022,DVT,AZ,AWP,CE,Towers with Radar,0,13,31,0,44,0,172,163,0,335,0,185,194,0,379,715,0,715,1094
12/09/2022,DVT,AZ,AWP,CE,Towers with Radar,0,21,32,0,53,0,178,186,0,364,0,199,218,0,417,648,0,648,1065
12/10/2022,DVT,AZ,AWP,CE,Towers with Radar,0,15,12,2,29,0,114,203,0,317,0,129,215,2,346,506,0,506,852
12/11/2022,DVT,AZ,AWP,CE,Towers with Radar,0,11,24,0,35,0,79,152,0,231,0,90,176,0,266,399,0,399,665
12/12/2022,DVT,AZ,AWP,CE,Towers with Radar,0,4,17,0,21,0,48,52,0,100,0,52,69,0,121,523,0,523,644
12/13/2022,DVT,AZ,AWP,CE,Towers with Radar,0,11,34,0,45,0,111,89,0,200,0,122,123,0,245,648,0,648,893
12/14/2022,DVT,AZ,AWP,CE,Towers with Radar,0,22,21,0,43,0,183,161,0,344,0,205,182,0,387,740,0,740,1127
12/15/2022,DVT,AZ,AWP,CE,Towers with Radar,0,15,20,0,35,0,156,176,0,332,0,171,196,0,367,699,0,699,1066
12/16/2022,DVT,AZ,AWP,CE,Towers with Radar,0,17,17,0,34,0,163,167,0,330,0,180,184,0,364,800,0,800,1164
12/17/2022,DVT,AZ,AWP,CE,Towers with Radar,0,8,18,0,26,0,106,222,0,328,0,114,240,0,354,630,0,630,984
12/18/2022,DVT,AZ,AWP,CE,Towers with Radar,0,21,18,0,39,0,92,145,0,237,0,113,163,0,276,535,0,535,811
12/19/2022,DVT,AZ,AWP,CE,Towers with Radar,0,31,19,0,50,0,149,154,0,303,0,180,173,0,353,744,0,744,1097
12/20/2022,DVT,AZ,AWP,CE,Towers with Radar,0,38,20,0,58,0,194,154,0,348,0,232,174,0,406,683,0,683,1089
12/21/2022,DVT,AZ,AWP,CE,Towers with Radar,0,28,18,0,46,0,179,150,0,329,0,207,168,0,375,690,0,690,1065
12/22/2022,DVT,AZ,AWP,CE,Towers with Radar,0,22,12,0,34,0,139,166,0,305,0,161,178,0,339,590,0,590,929
12/23/2022,DVT,AZ,AWP,CE,Towers with Radar,0,17,15,0,32,0,131,157,0,288,0,148,172,0,320,489,0,489,809
12/24/2022,DVT,AZ,AWP,CE,Towers with Radar,0,7,9,0,16,0,48,103,0,151,0,55,112,0,167,185,0,185,352
12/25/2022,DVT,AZ,AWP,CE,Towers with Radar,0,5,9,0,14,0,12,71,0,83,0,17,80,0,97,40,0,40,137
12/26/2022,DVT,AZ,AWP,CE,Towers with Radar,0,8,30,0,38,0,53,168,0,221,0,61,198,0,259,407,0,407,666
12/27/2022,DVT,AZ,AWP,CE,Towers with Radar,1,14,22,0,37,0,133,144,0,277,1,147,166,0,314,578,0,578,892
12/28/2022,DVT,AZ,AWP,CE,Towers with Radar,0,23,43,0,66,0,1,8,0,9,0,24,51,0,75,31,0,31,106
12/29/2022,DVT,AZ,AWP,CE,Towers with Radar,0,18,41,0,59,0,132,102,0,234,0,150,143,0,293,679,0,679,972
12/30/2022,DVT,AZ,AWP,CE,Towers with Radar,0,22,35,0,57,0,10,47,0,57,0,32,82,0,114,223,0,223,337
12/31/2022,DVT,AZ,AWP,CE,Towers with Radar,0,8,23,0,31,0,75,111,0,186,0,83,134,0,217,467,0,467,684
01/01/2023,DVT,AZ,AWP,CE,Towers with Radar,0,5,25,0,30,0,4,13,0,17,0,9,38,0,47,0,0,0,47
01/02/2023,DVT,AZ,AWP,CE,Towers with Radar,0,5,24,0,29,0,61,108,0,169,0,66,132,0,198,337,0,337,535
01/03/2023,DVT,AZ,AWP,CE,Towers with Radar,0,14,17,0,31,0,103,69,0,172,0,117,86,0,203,744,0,744,947
01/04/2023,DVT,AZ,AWP,CE,Towers with Radar,0,24,23,0,47,0,140,145,0,285,0,164,168,0,332,899,0,899,1231
01/05/2023,DVT,AZ,AWP,CE,Towers with Radar,0,18,28,0,46,0,145,138,0,283,0,163,166,0,329,802,0,802,1131
01/06/2023,DVT,AZ,AWP,CE,Towers with Radar,0,18,24,0,42,0,153,177,0,330,0,171,201,0,372,776,0,776,1148
01/07/2023,DVT,AZ,AWP,CE,Towers with Radar,0,13,16,0,29,0,139,230,0,369,0,152,246,0,398,593,0,593,991
01/08/2023,DVT,AZ,AWP,CE,Towers with Radar,0,12,18,0,30,0,69,193,0,262,0,81,211,0,292,525,0,525,817
01/09/2023,DVT,AZ,AWP,CE,Towers with Radar,0,12,16,0,28,0,132,127,0,259,0,144,143,0,287,841,0,841,1128
01/10/2023,DVT,AZ,AWP,CE,Towers with Radar,0,8,10,0,18,0,179,157,0,336,0,187,167,0,354,901,0,901,1255
01/11/2023,DVT,AZ,AWP,CE,Towers with Radar,0,20,15,0,35,0,152,171,0,323,0,172,186,0,358,892,0,892,1250
01/12/2023,DVT,AZ,AWP,CE,Towers with Radar,0,14,16,0,30,0,180,167,0,347,0,194,183,0,377,659,0,659,1036
01/13/2023,DVT,AZ,AWP,CE,Towers with Radar,0,7,24,0,31,0,137,197,1,335,0,144,221,1,366,802,0,802,1168
01/14/2023,DVT,AZ,AWP,CE,Towers with Radar,0,8,14,0,22,0,124,166,0,290,0,132,180,0,312,581,0,581,893
01/15/2023,DVT,AZ,AWP,CE,Towers with Radar,0,4,19,0,23,0,2,28,0,30,0,6,47,0,53,239,0,239,292
01/16/2023,DVT,AZ,AWP,CE,Towers with Radar,0,3,15,0,18,0,2,20,0,22,0,5,35,0,40,34,0,34,74
01/17/2023,DVT,AZ,AWP,CE,Towers with Radar,0,8,26,0,34,0,132,115,0,247,0,140,141,0,281,590,0,590,871
01/18/2023,DVT,AZ,AWP,CE,Towers with Radar,1,19,23,0,43,0,154,144,0,298,1,173,167,0,341,816,7,823,1164
01/19/2023,DVT,AZ,AWP,CE,Towers with Radar,0,16,30,0,46,0,156,163,1,320,0,172,193,1,366,797,3,800,1166
01/20/2023,DVT,AZ,AWP,CE,Towers with Radar,0,10,25,0,35,0,149,159,0,308,0,159,184,0,343,667,0,667,1010
01/21/2023,DVT,AZ,AWP,CE,Towers with Radar,0,5,15,0,20,0,129,247,0,376,0,134,262,0,396,611,0,611,1007
01/22/2023,DVT,AZ,AWP,CE,Towers with Radar,0,8,26,0,34,0,75,176,0,251,0,83,202,0,285,543,0,543,828
01/23/2023,DVT,AZ,AWP,CE,Towers with Radar,0,8,21,0,29,0,100,103,0,203,0,108,124,0,232,614,0,614,846
01/24/2023,DVT,AZ,AWP,CE,Towers with Radar,0,19,25,0,44,0,151,160,0,311,0,170,185,0,355,663,0,663,1018
01/25/2023,DVT,AZ,AWP,CE,Towers with Radar,0,16,26,0,42,0,171,140,0,311,0,187,166,0,353,792,0,792,1145
01/26/2023,DVT,AZ,AWP,CE,Towers with Radar,0,20,32,0,52,0,87,117,0,204,0,107,149,0,256,425,0,425,681
01/27/2023,DVT,AZ,AWP,CE,Towers with Radar,0,14,26,0,40,0,152,181,0,333,0,166,207,0,373,821,0,821,1194
01/28/2023,DVT,AZ,AWP,CE,Towers with Radar,0,14,26,0,40,0,91,210,0,301,0,105,236,0,341,545,0,545,886
01/29/2023,DVT,AZ,AWP,CE,Towers with Radar,0,8,21,0,29,0,56,178,0,234,0,64,199,0,263,337,0,337,600
01/30/2023,DVT,AZ,AWP,CE,Towers with Radar,0,8,23,0,31,0,57,89,0,146,0,65,112,0,177,621,0,621,798
01/31/2023,DVT,AZ,AWP,CE,Towers with Radar,0,8,31,0,39,0,98,99,0,197,0,106,130,0,236,709,0,709,945
02/01/2023,DVT,AZ,AWP,CE,Towers with Radar,0,21,25,0,46,0,189,196,0,385,0,210,221,0,431,828,0,828,1259
02/02/2023,DVT,AZ,AWP,CE,Towers with Radar,0,24,31,0,55,0,146,161,0,307,0,170,192,0,362,802,7,809,1171
02/03/2023,DVT,AZ,AWP,CE,Towers with Radar,0,10,27,0,37,0,145,151,0,296,0,155,178,0,333,698,0,698,1031
02/04/2023,DVT,AZ,AWP,CE,Towers with Radar,0,7,15,0,22,0,111,211,0,322,0,118,226,0,344,649,0,649,993
02/05/2023,DVT,AZ,AWP,CE,Towers with Radar,0,16,13,0,29,0,84,164,0,248,0,100,177,0,277,447,0,447,724
02/06/2023,DVT,AZ,AWP,CE,Towers with Radar,1,15,22,0,38,0,114,149,0,263,1,129,171,0,301,646,0,646,947
02/07/2023,DVT,AZ,AWP,CE,Towers with Radar,0,10,21,0,31,0,144,140,0,284,0,154,161,0,315,762,0,762,1077
02/08/2023,DVT,AZ,AWP,CE,Towers with Radar,0,19,37,0,56,0,152,149,0,301,0,171,186,0,357,632,0,632,989
02/09/2023,DVT,AZ,AWP,CE,Towers with Radar,0,25,44,0,69,0,50,103,0,153,0,75,147,0,222,203,0,203,425
02/10/2023,DVT,AZ,AWP,CE,Towers with Radar,0,18,39,0,57,0,59,111,0,170,0,77,150,0,227,198,0,198,425
02/11/2023,DVT,AZ,AWP,CE,Towers with Radar,0,18,22,0,40,0,54,96,0,150,0,72,118,0,190,230,0,230,420
02/12/2023,DVT,AZ,AWP,CE,Towers with Radar,4,25,31,2,62,0,27,76,1,104,4,52,107,3,166,103,0,103,269
02/13/2023,DVT,AZ,AWP,CE,Towers with Radar,0,27,65,0,92,0,27,43,0,70,0,54,108,0,162,310,0,310,472
02/14/2023,DVT,AZ,AWP,CE,Towers with Radar,0,3,32,0,35,0,20,38,0,58,0,23,70,0,93,127,0,127,220
02/15/2023,DVT,AZ,AWP,CE,Towers with Radar,0,23,26,0,49,0,165,104,0,269,0,188,130,0,318,680,0,680,998
02/16/2023,DVT,AZ,AWP,CE,Towers with Radar,0,24,44,0,68,0,197,175,0,372,0,221,219,0,440,822,0,822,1262
02/17/2023,DVT,AZ,AWP,CE,Towers with Radar,0,9,21,1,31,0,129,79,1,209,0,138,100,2,240,597,8,605,845
02/18/2023,DVT,AZ,AWP,CE,Towers with Radar,0,18,37,0,55,0,139,196,0,335,0,157,233,0,390,657,0,657,1047
02/19/2023,DVT,AZ,AWP,CE,Towers with Radar,0,12,27,2,41,0,107,188,0,295,0,119,215,2,336,652,0,652,988
02/20/2023,DVT,AZ,AWP,CE,Towers with Radar,0,17,24,0,41,0,210,175,0,385,0,227,199,0,426,968,0,968,1394
02/21/2023,DVT,AZ,AWP,CE,Towers with Radar,0,11,32,0,43,0,117,130,0,247,0,128,162,0,290,623,0,623,913
02/22/2023,DVT,AZ,AWP,CE,Towers with Radar,0,15,9,0,24,0,7,22,0,29,0,22,31,0,53,2,0,2,55
02/23/2023,DVT,AZ,AWP,CE,Towers with Radar,0,23,29,0,52,0,106,115,0,221,0,129,144,0,273,578,0,578,851
02/24/2023,DVT,AZ,AWP,CE,Towers with Radar,0,21,26,0,47,0,154,156,0,310,0,175,182,0,357,823,0,823,1180
02/25/2023,DVT,AZ,AWP,CE,Towers with Radar,0,8,19,0,27,0,102,152,0,254,0,110,171,0,281,497,0,497,778
02/26/2023,DVT,AZ,AWP,CE,Towers with Radar,0,11,28,0,39,0,22,52,0,74,0,33,80,0,113,218,0,218,331
02/27/2023,DVT,AZ,AWP,CE,Towers with Radar,0,11,32,0,43,0,174,191,0,365,0,185,223,0,408,842,0,842,1250
02/28/2023,DVT,AZ,AWP,CE,Towers with Radar,0,16,26,0,42,0,175,164,2,341,0,191,190,2,383,793,2,795,1178
03/01/2023,DVT,AZ,AWP,CE,Towers with Radar,0,5,19,0,24,0,43,48,0,91,0,48,67,0,115,293,0,293,408
03/02/2023,DVT,AZ,AWP,CE,Towers with Radar,0,9,28,1,38,0,85,96,0,181,0,94,124,1,219,699,0,699,918
03/03/2023,DVT,AZ,AWP,CE,Towers with Radar,0,16,33,0,49,0,189,222,0,411,0,205,255,0,460,787,0,787,1247
03/04/2023,DVT,AZ,AWP,CE,Towers with Radar,0,11,24,0,35,0,112,240,0,352,0,123,264,0,387,645,0,645,1032
03/05/2023,DVT,AZ,AWP,CE,Towers with Radar,0,12,25,0,37,0,90,166,0,256,0,102,191,0,293,494,0,494,787
03/06/2023,DVT,AZ,AWP,CE,Towers with Radar,0,17,23,0,40,0,155,151,0,306,0,172,174,0,346,903,0,903,1249
03/07/2023,DVT,AZ,AWP,CE,Towers with Radar,0,10,35,0,45,0,196,165,0,361,0,206,200,0,406,730,0,730,1136
03/08/2023,DVT,AZ,AWP,CE,Towers with Radar,0,12,33,0,45,0,160,163,0,323,0,172,196,0,368,732,0,732,1100
03/09/2023,DVT,AZ,AWP,CE,Towers with Radar,0,5,35,0,40,0,159,170,0,329,0,164,205,0,369,825,0,825,1194
03/10/2023,DVT,AZ,AWP,CE,Towers with Radar,0,9,35,0,44,0,162,174,0,336,0,171,209,0,380,802,0,802,1182
03/11/2023,DVT,AZ,AWP,CE,Towers with Radar,0,9,28,0,37,0,112,144,1,257,0,121,172,1,294,679,0,679,973
03/12/2023,DVT,AZ,AWP,CE,Towers with Radar,0,9,25,0,34,0,86,157,0,243,0,95,182,0,277,353,0,353,630
03/13/2023,DVT,AZ,AWP,CE,Towers with Radar,1,21,23,0,45,0,174,138,1,313,1,195,161,1,358,730,0,730,1088
03/14/2023,DVT,AZ,AWP,CE,Towers with Radar,0,13,31,0,44,0,174,164,0,338,0,187,195,0,382,701,0,701,1083
03/15/2023,DVT,AZ,AWP,CE,Towers with Radar,0,4,31,0,35,0,18,18,0,36,0,22,49,0,71,102,0,102,173
03/16/2023,DVT,AZ,AWP,CE,Towers with Radar,0,9,37,0,46,0,132,114,0,246,0,141,151,0,292,862,0,862,1154
03/17/2023,DVT,AZ,AWP,CE,Towers with Radar,0,15,35,0,50,0,163,222,0,385,0,178,257,0,435,843,0,843,1278
03/18/2023,DVT,AZ,AWP,CE,Towers with Radar,0,9,17,0,26,0,96,190,0,286,0,105,207,0,312,451,0,451,763
03/19/2023,DVT,AZ,AWP,CE,Towers with Radar,0,9,36,0,45,0,73,134,0,207,0,82,170,0,252,523,0,523,775
03/20/2023,DVT,AZ,AWP,CE,Towers with Radar,0,8,28,0,36,0,115,136,0,251,0,123,164,0,287,731,0,731,1018
03/21/2023,DVT,AZ,AWP,CE,Towers with Radar,0,3,23,0,26,0,34,45,0,79,0,37,68,0,105,236,0,236,341
03/22/2023,DVT,AZ,AWP,CE,Towers with Radar,0,7,29,0,36,0,112,70,0,182,0,119,99,0,218,551,0,551,769
03/23/2023,DVT,AZ,AWP,CE,Towers with Radar,0,27,35,0,62,0,169,200,0,369,0,196,235,0,431,885,1,886,1317
03/24/2023,DVT,AZ,AWP,CE,Towers with Radar,0,19,40,0,59,0,136,166,0,302,0,155,206,0,361,703,0,703,1064
03/25/2023,DVT,AZ,AWP,CE,Towers with Radar,0,9,20,0,29,0,136,182,0,318,0,145,202,0,347,634,0,634,981
03/26/2023,DVT,AZ,AWP,CE,Towers with Radar,0,6,20,0,26,0,84,153,0,237,0,90,173,0,263,473,0,473,736
03/27/2023,DVT,AZ,AWP,CE,Towers with Radar,0,16,19,0,35,0,157,150,0,307,0,173,169,0,342,621,0,621,963
03/28/2023,DVT,AZ,AWP,CE,Towers with Radar,0,20,20,0,40,0,156,163,0,319,0,176,183,0,359,729,0,729,1088
03/29/2023,DVT,AZ,AWP,CE,Towers with Radar,0,20,28,0,48,0,147,176,0,323,0,167,204,0,371,746,0,746,1117
03/30/2023,DVT,AZ,AWP,CE,Towers with Radar,0,7,24,0,31,0,67,64,0,131,0,74,88,0,162,355,0,355,517
03/31/2023,DVT,AZ,AWP,CE,Towers with Radar,0,11,25,0,36,0,154,190,0,344,0,165,215,0,380,800,0,800,1180
04/01/2023,DVT,AZ,AWP,CE,Towers with Radar,0,10,32,0,42,0,125,188,0,313,0,135,220,0,355,707,0,707,1062
04/02/2023,DVT,AZ,AWP,CE,Towers with Radar,0,9,41,0,50,0,89,176,0,265,0,98,217,0,315,470,0,470,785
04/03/2023,DVT,AZ,AWP,CE,Towers with Radar,0,16,12,0,28,0,52,64,0,116,0,68,76,0,144,288,0,288,432
04/04/2023,DVT,AZ,AWP,CE,Towers with Radar,0,6,21,0,27,0,50,88,0,138,0,56,109,0,165,336,0,336,501
04/05/2023,DVT,AZ,AWP,CE,Towers with Radar,0,15,27,0,42,0,152,175,0,327,0,167,202,0,369,855,0,855,1224
04/06/2023,DVT,AZ,AWP,CE,Towers with Radar,0,10,37,0,47,0,208,206,0,414,0,218,243,0,461,944,0,944,1405
04/07/2023,DVT,AZ,AWP,CE,Towers with Radar,0,15,31,0,46,0,144,193,0,337,0,159,224,0,383,835,0,835,1218
04/08/2023,DVT,AZ,AWP,CE,Towers with Radar,0,14,27,0,41,0,138,206,0,344,0,152,233,0,385,548,0,548,933
04/09/2023,DVT,AZ,AWP,CE,Towers with Radar,0,6,11,0,17,0,98,129,0,227,0,104,140,0,244,345,0,345,589
04/10/2023,DVT,AZ,AWP,CE,Towers with Radar,0,12,35,0,47,0,158,140,0,298,0,170,175,0,345,753,0,753,1098
04/11/2023,DVT,AZ,AWP,CE,Towers with Radar,0,23,24,0,47,0,157,182,0,339,0,180,206,0,386,730,8,738,1124
04/12/2023,DVT,AZ,AWP,CE,Towers with Radar,0,17,20,0,37,0,158,183,0,341,0,175,203,0,378,801,0,801,1179
04/13/2023,DVT,AZ,AWP,CE,Towers with Radar,0,16,26,0,42,0,127,155,0,282,0,143,181,0,324,881,0,881,1205
04/14/2023,DVT,AZ,AWP,CE,Towers with Radar,0,17,20,0,37,0,128,203,0,331,0,145,223,0,368,746,0,746,1114
04/15/2023,DVT,AZ,AWP,CE,Towers with Radar,0,13,12,0,25,0,109,216,0,325,0,122,228,0,350,710,0,710,1060
04/16/2023,DVT,AZ,AWP,CE,Towers with Radar,0,6,28,0,34,0,66,208,0,274,0,72,236,0,308,509,0,509,817
04/17/2023,DVT,AZ,AWP,CE,Towers with Radar,0,21,22,0,43,0,174,177,0,351,0,195,199,0,394,626,0,626,1020
04/18/2023,DVT,AZ,AWP,CE,Towers with Radar,0,12,27,0,39,0,155,135,0,290,0,167,162,0,329,700,0,700,1029
04/19/2023,DVT,AZ,AWP,CE,Towers with Radar,0,16,26,0,42,0,143,118,0,261,0,159,144,0,303,716,0,716,1019
04/20/2023,DVT,AZ,AWP,CE,Towers with Radar,0,26,30,0,56,0,153,190,0,343,0,179,220,0,399,832,0,832,1231
04/21/2023,DVT,AZ,AWP,CE,Towers with Radar,0,22,25,0,47,0,159,181,0,340,0,181,206,0,387,838,0,838,1225
04/22/2023,DVT,AZ,AWP,CE,Towers with Radar,0,16,15,0,31,0,130,190,0,320,0,146,205,0,351,651,0,651,1002
04/23/2023,DVT,AZ,AWP,CE,Towers with Radar,0,12,14,0,26,0,82,191,0,273,0,94,205,0,299,542,0,542,841
04/24/2023,DVT,AZ,AWP,CE,Towers with Radar,0,20,16,0,36,1,139,132,0,272,1,159,148,0,308,779,0,779,1087
04/25/2023,DVT,AZ,AWP,CE,Towers with Radar,0,23,21,0,44,0,126,149,0,275,0,149,170,0,319,524,5,529,848
04/26/2023,DVT,AZ,AWP,CE,Towers with Radar,0,23,23,0,46,0,163,175,0,338,0,186,198,0,384,854,0,854,1238
04/27/2023,DVT,AZ,AWP,CE,Towers with Radar,0,31,24,0,55,0,174,145,0,319,0,205,169,0,374,747,0,747,1121
04/28/2023,DVT,AZ,AWP,CE,Towers with Radar,0,22,28,0,50,0,149,139,0,288,0,171,167,0,338,753,0,753,1091
04/29/2023,DVT,AZ,AWP,CE,Towers with Radar,0,21,20,0,41,0,133,205,0,338,0,154,225,0,379,753,0,753,1132
04/30/2023,DVT,AZ,AWP,CE,Towers with Radar,0,14,25,0,39,0,104,171,0,275,0,118,196,0,314,427,0,427,741
05/01/2023,DVT,AZ,AWP,CE,Towers with Radar,0,6,20,0,26,0,84,93,0,177,0,90,113,0,203,376,0,376,579
05/02/2023,DVT,AZ,AWP,CE,Towers with Radar,0,13,18,0,31,0,136,113,0,249,0,149,131,0,280,553,0,553,833
05/03/2023,DVT,AZ,AWP,CE,Towers with Radar,0,11,17,0,28,0,112,132,0,244,0,123,149,0,272,610,0,610,882
05/04/2023,DVT,AZ,AWP,CE,Towers with Radar,0,30,24,0,54,0,142,130,2,274,0,172,154,2,328,677,12,689,1017
05/05/2023,DVT,AZ,AWP,CE,Towers with Radar,0,17,26,0,43,0,155,177,0,332,0,172,203,0,375,708,0,708,1083
05/06/2023,DVT,AZ,AWP,CE,Towers with Radar,0,13,20,0,33,0,127,178,0,305,0,140,198,0,338,538,0,538,876
05/07/2023,DVT,AZ,AWP,CE,Towers with Radar,0,13,17,0,30,0,89,193,0,282,0,102,210,0,312,573,0,573,885
05/08/2023,DVT,AZ,AWP,CE,Towers with Radar,0,13,17,0,30,0,154,136,0,290,0,167,153,0,320,684,0,684,1004
05/09/2023,DVT,AZ,AWP,CE,Towers with Radar,0,14,14,0,28,0,164,162,0,326,0,178,176,0,354,827,0,827,1181
05/10/2023,DVT,AZ,AWP,CE,Towers with Radar,0,8,16,0,24,0,134,132,0,266,0,142,148,0,290,611,0,611,901
05/11/2023,DVT,AZ,AWP,CE,Towers with Radar,1,19,22,0,42,0,153,155,0,308,1,172,177,0,350,858,0,858,1208
05/12/2023,DVT,AZ,AWP,CE,Towers with Radar,0,18,25,0,43,0,168,167,0,335,0,186,192,0,378,916,0,916,1294
05/13/2023,DVT,AZ,AWP,CE,Towers with Radar,0,15,7,0,22,0,117,204,0,321,0,132,211,0,343,658,0,658,1001
05/14/2023,DVT,AZ,AWP,CE,Towers with Radar,0,7,15,0,22,0,83,109,0,192,0,90,124,0,214,460,0,460,674
05/15/2023,DVT,AZ,AWP,CE,Towers with Radar,0,15,21,0,36,0,129,110,2,241,0,144,131,2,277,542,4,546,823
05/16/2023,DVT,AZ,AWP,CE,Towers with Radar,0,9,9,0,18,0,114,117,0,231,0,123,126,0,249,573,0,573,822
05/17/2023,DVT,AZ,AWP,CE,Towers with Radar,0,8,17,0,25,0,144,120,2,266,0,152,137,2,291,818,0,818,1109
05/18/2023,DVT,AZ,AWP,CE,Towers with Radar,0,8,13,0,21,0,139,142,1,282,0,147,155,1,303,621,5,626,929
05/19/2023,DVT,AZ,AWP,CE,Towers with Radar,0,16,19,0,35,0,137,138,0,275,0,153,157,0,310,683,0,683,993
05/20/2023,DVT,AZ,AWP,CE,Towers with Radar,0,13,16,0,29,0,131,180,0,311,0,144,196,0,340,511,0,511,851
05/21/2023,DVT,AZ,AWP,CE,Towers with Radar,0,12,22,0,34,0,112,119,0,231,0,124,141,0,265,638,0,638,903
05/22/2023,DVT,AZ,AWP,CE,Towers with Radar,0,13,19,0,32,0,174,124,0,298,0,187,143,0,330,794,0,794,1124
05/23/2023,DVT,AZ,AWP,CE,Towers with Radar,0,22,23,0,45,0,161,158,0,319,0,183,181,0,364,778,0,778,1142
05/24/2023,DVT,AZ,AWP,CE,Towers with Radar,0,18,13,0,31,0,170,177,2,349,0,188,190,2,380,740,13,753,1133
05/25/2023,DVT,AZ,AWP,CE,Towers with Radar,1,13,21,0,35,0,155,162,0,317,1,168,183,0,352,525,0,525,877
05/26/2023,DVT,AZ,AWP,CE,Towers with Radar,0,29,21,0,50,0,144,167,0,311,0,173,188,0,361,667,0,667,1028
05/27/2023,DVT,AZ,AWP,CE,Towers with Radar,0,12,13,0,25,0,145,189,0,334,0,157,202,0,359,763,0,763,1122
05/28/2023,DVT,AZ,AWP,CE,Towers with Radar,0,14,16,0,30,0,102,158,0,260,0,116,174,0,290,576,0,576,866
05/29/2023,DVT,AZ,AWP,CE,Towers with Radar,0,18,18,0,36,0,136,159,0,295,0,154,177,0,331,725,0,725,1056
05/30/2023,DVT,AZ,AWP,CE,Towers with Radar,0,20,16,0,36,0,153,97,0,250,0,173,113,0,286,595,0,595,881
05/31/2023,DVT,AZ,AWP,CE,Towers with Radar,0,16,15,0,31,0,157,138,0,295,0,173,153,0,326,668,0,668,994
06/01/2023,DVT,AZ,AWP,CE,Towers with Radar,0,13,18,0,31,0,158,150,0,308,0,171,168,0,339,789,0,789,1128
06/02/2023,DVT,AZ,AWP,CE,Towers with Radar,0,18,13,0,31,0,130,168,0,298,0,148,181,0,329,876,0,876,1205
06/03/2023,DVT,AZ,AWP,CE,Towers with Radar,0,14,9,0,23,0,105,147,0,252,0,119,156,0,275,591,0,591,866
06/04/2023,DVT,AZ,AWP,CE,Towers with Radar,0,10,22,0,32,0,109,164,0,273,0,119,186,0,305,558,0,558,863
06/05/2023,DVT,AZ,AWP,CE,Towers with Radar,0,29,23,0,52,0,151,105,0,256,0,180,128,0,308,553,0,553,861
06/06/2023,DVT,AZ,AWP,CE,Towers with Radar,0,21,19,0,40,0,137,109,0,246,0,158,128,0,286,857,0,857,1143
06/07/2023,DVT,AZ,AWP,CE,Towers with Radar,0,24,20,0,44,0,144,165,0,309,0,168,185,0,353,739,0,739,1092
06/08/2023,DVT,AZ,AWP,CE,Towers with Radar,0,24,28,0,52,0,159,139,0,298,0,183,167,0,350,787,1,788,1138
06/09/2023,DVT,AZ,AWP,CE,Towers with Radar,0,17,32,0,49,0,139,160,0,299,0,156,192,0,348,865,0,865,1213
06/10/2023,DVT,AZ,AWP,CE,Towers with Radar,0,13,9,2,24,0,102,170,0,272,0,115,179,2,296,491,0,491,787
06/11/2023,DVT,AZ,AWP,CE,Towers with Radar,0,10,14,0,24,0,61,122,1,184,0,71,136,1,208,415,0,415,623
06/12/2023,DVT,AZ,AWP,CE,Towers with Radar,0,18,27,2,47,0,133,118,2,253,0,151,145,4,300,824,10,834,1134
06/13/2023,DVT,AZ,AWP,CE,Towers with Radar,0,19,28,0,47,0,149,129,0,278,0,168,157,0,325,788,0,788,1113
06/14/2023,DVT,AZ,AWP,CE,Towers with Radar,0,20,16,0,36,0,145,127,2,274,0,165,143,2,310,754,12,766,1076
06/15/2023,DVT,AZ,AWP,CE,Towers with Radar,0,24,16,0,40,0,176,119,0,295,0,200,135,0,335,792,0,792,1127
06/16/2023,DVT,AZ,AWP,CE,Towers with Radar,0,6,16,0,22,0,141,140,0,281,0,147,156,0,303,679,0,679,982
06/17/2023,DVT,AZ,AWP,CE,Towers with Radar,0,13,19,0,32,0,101,169,0,270,0,114,188,0,302,684,0,684,986
06/18/2023,DVT,AZ,AWP,CE,Towers with Radar,0,13,12,0,25,0,89,86,0,175,0,102,98,0,200,421,0,421,621
06/19/2023,DVT,AZ,AWP,CE,Towers with Radar,0,25,11,0,36,0,134,106,0,240,0,159,117,0,276,647,0,647,923
06/20/2023,DVT,AZ,AWP,CE,Towers with Radar,0,29,19,0,48,0,154,135,0,289,0,183,154,0,337,880,0,880,1217
06/21/2023,DVT,AZ,AWP,CE,Towers with Radar,0,26,23,0,49,0,169,147,0,316,0,195,170,0,365,615,0,615,980
06/22/2023,DVT,AZ,AWP,CE,Towers with Radar,0,14,26,0,40,0,174,95,0,269,0,188,121,0,309,597,0,597,906
06/23/2023,DVT,AZ,AWP,CE,Towers with Radar,0,19,22,0,41,0,166,163,0,329,0,185,185,0,370,703,0,703,1073
06/24/2023,DVT,AZ,AWP,CE,Towers with Radar,0,11,10,0,21,0,163,130,0,293,0,174,140,0,314,698,0,698,1012
06/25/2023,DVT,AZ,AWP,CE,Towers with Radar,0,13,18,0,31,0,105,125,0,230,0,118,143,0,261,457,0,457,718
06/26/2023,DVT,AZ,AWP,CE,Towers with Radar,0,18,13,0,31,0,169,101,0,270,0,187,114,0,301,749,0,749,1050
06/27/2023,DVT,AZ,AWP,CE,Towers with Radar,0,17,14,0,31,0,143,108,2,253,0,160,122,2,284,578,8,586,870
06/28/2023,DVT,AZ,AWP,CE,Towers with Radar,0,13,16,0,29,0,152,96,0,248,0,165,112,0,277,692,0,692,969
06/29/2023,DVT,AZ,AWP,CE,Towers with Radar,0,11,18,0,29,0,176,125,0,301,0,187,143,0,330,599,0,599,929
06/30/2023,DVT,AZ,AWP,CE,Towers with Radar,0,12,23,0,35,0,166,138,0,304,0,178,161,0,339,783,0,783,1122
07/01/2023,DVT,AZ,AWP,CE,Towers with Radar,0,13,15,0,28,0,119,115,0,234,0,132,130,0,262,572,0,572,834
07/02/2023,DVT,AZ,AWP,CE,Towers with Radar,0,9,17,0,26,0,86,95,0,181,0,95,112,0,207,423,0,423,630
07/03/2023,DVT,AZ,AWP,CE,Towers with Radar,0,12,7,0,19,0,140,87,0,227,0,152,94,0,246,567,0,567,813
07/04/2023,DVT,AZ,AWP,CE,Towers with Radar,0,16,6,0,22,0,124,120,0,244,0,140,126,0,266,440,0,440,706
07/05/2023,DVT,AZ,AWP,CE,Towers with Radar,0,15,15,0,30,0,132,90,0,222,0,147,105,0,252,561,0,561,813
07/06/2023,DVT,AZ,AWP,CE,Towers with Radar,0,19,19,0,38,0,171,95,0,266,0,190,114,0,304,603,0,603,907
07/07/2023,DVT,AZ,AWP,CE,Towers with Radar,0,16,12,0,28,0,185,113,0,298,0,201,125,0,326,799,0,799,1125
07/08/2023,DVT,AZ,AWP,CE,Towers with Radar,0,19,19,0,38,0,110,113,0,223,0,129,132,0,261,582,0,582,843
07/09/2023,DVT,AZ,AWP,CE,Towers with Radar,0,16,11,0,27,0,109,103,0,212,0,125,114,0,239,474,0,474,713
07/10/2023,DVT,AZ,AWP,CE,Towers with Radar,0,29,18,0,47,0,195,80,0,275,0,224,98,0,322,773,0,773,1095
07/11/2023,DVT,AZ,AWP,CE,Towers with Radar,0,21,20,0,41,0,157,97,0,254,0,178,117,0,295,738,0,738,1033
07/12/2023,DVT,AZ,AWP,CE,Towers with Radar,0,18,21,0,39,0,173,106,0,279,0,191,127,0,318,862,0,862,1180
07/13/2023,DVT,AZ,AWP,CE,Towers with Radar,0,11,12,0,23,0,183,113,2,298,0,194,125,2,321,689,4,693,1014
07/14/2023,DVT,AZ,AWP,CE,Towers with Radar,0,29,13,0,42,0,146,135,0,281,0,175,148,0,323,665,0,665,988
07/15/2023,DVT,AZ,AWP,CE,Towers with Radar,0,15,7,0,22,0,78,84,0,162,0,93,91,0,184,415,0,415,599
07/16/2023,DVT,AZ,AWP,CE,Towers with Radar,0,11,10,0,21,0,117,75,0,192,0,128,85,0,213,448,0,448,661
07/17/2023,DVT,AZ,AWP,CE,Towers with Radar,0,17,14,0,31,0,158,83,0,241,0,175,97,0,272,699,0,699,971
07/18/2023,DVT,AZ,AWP,CE,Towers with Radar,0,19,15,0,34,0,132,97,0,229,0,151,112,0,263,583,0,583,846
07/19/2023,DVT,AZ,AWP,CE,Towers with Radar,0,9,2,0,11,0,145,107,0,252,0,154,109,0,263,623,0,623,886
07/20/2023,DVT,AZ,AWP,CE,Towers with Radar,0,11,16,0,27,0,139,100,0,239,0,150,116,0,266,591,0,591,857
07/21/2023,DVT,AZ,AWP,CE,Towers with Radar,0,16,20,0,36,0,116,82,0,198,0,132,102,0,234,403,0,403,637
07/22/2023,DVT,AZ,AWP,CE,Towers with Radar,0,12,12,0,24,0,124,106,0,230,0,136,118,0,254,529,0,529,783
07/23/2023,DVT,AZ,AWP,CE,Towers with Radar,0,12,16,0,28,0,114,100,0,214,0,126,116,0,242,516,0,516,758
07/24/2023,DVT,AZ,AWP,CE,Towers with Radar,0,10,12,0,22,0,177,92,0,269,0,187,104,0,291,664,0,664,955
07/25/2023,DVT,AZ,AWP,CE,Towers with Radar,0,17,9,0,26,0,182,121,0,303,0,199,130,0,329,662,0,662,991
07/26/2023,DVT,AZ,AWP,CE,Towers with Radar,0,16,16,0,32,0,145,93,2,240,0,161,109,2,272,657,12,669,941
07/27/2023,DVT,AZ,AWP,CE,Towers with Radar,0,19,21,0,40,0,174,112,0,286,0,193,133,0,326,836,0,836,1162
07/28/2023,DVT,AZ,AWP,CE,Towers with Radar,0,5,13,0,18,0,137,107,0,244,0,142,120,0,262,704,0,704,966
07/29/2023,DVT,AZ,AWP,CE,Towers with Radar,0,18,13,0,31,0,125,75,0,200,0,143,88,0,231,430,0,430,661
07/30/2023,DVT,AZ,AWP,CE,Towers with Radar,0,7,9,0,16,0,58,88,0,146,0,65,97,0,162,288,0,288,450
07/31/2023,DVT,AZ,AWP,CE,Towers with Radar,0,13,18,0,31,0,155,106,0,261,0,168,124,0,292,641,0,641,933
08/01/2023,DVT,AZ,AWP,CE,Towers with Radar,0,25,11,0,36,0,190,126,0,316,0,215,137,0,352,704,0,704,1056
08/02/2023,DVT,AZ,AWP,CE,Towers with Radar,0,21,25,0,46,0,160,103,0,263,0,181,128,0,309,824,0,824,1133
08/03/2023,DVT,AZ,AWP,CE,Towers with Radar,0,8,15,0,23,1,139,115,0,255,1,147,130,0,278,599,0,599,877
08/04/2023,DVT,AZ,AWP,CE,Towers with Radar,0,22,22,0,44,0,140,135,0,275,0,162,157,0,319,666,0,666,985
08/05/2023,DVT,AZ,AWP,CE,Towers with Radar,0,24,11,0,35,0,124,108,0,232,0,148,119,0,267,609,0,609,876
08/06/2023,DVT,AZ,AWP,CE,Towers with Radar,0,16,22,0,38,0,100,124,0,224,0,116,146,0,262,363,0,363,625
08/07/2023,DVT,AZ,AWP,CE,Towers with Radar,0,14,13,0,27,0,164,100,0,264,0,178,113,0,291,788,0,788,1079
08/08/2023,DVT,AZ,AWP,CE,Towers with Radar,0,17,14,0,31,0,112,57,0,169,0,129,71,0,200,539,0,539,739
08/09/2023,DVT,AZ,AWP,CE,Towers with Radar,0,19,19,0,38,0,182,96,0,278,0,201,115,0,316,760,1,761,1077
08/10/2023,DVT,AZ,AWP,CE,Towers with Radar,0,21,16,2,39,0,164,115,1,280,0,185,131,3,319,684,10,694,1013
08/11/2023,DVT,AZ,AWP,CE,Towers with Radar,0,18,15,0,33,0,167,116,0,283,0,185,131,0,316,639,0,639,955
08/12/2023,DVT,AZ,AWP,CE,Towers with Radar,0,26,9,0,35,0,122,158,0,280,0,148,167,0,315,644,0,644,959
08/13/2023,DVT,AZ,AWP,CE,Towers with Radar,0,8,15,0,23,0,95,135,0,230,0,103,150,0,253,478,0,478,731
08/14/2023,DVT,AZ,AWP,CE,Towers with Radar,0,20,21,0,41,0,149,113,0,262,0,169,134,0,303,704,9,713,1016
08/15/2023,DVT,AZ,AWP,CE,Towers with Radar,0,15,16,0,31,0,109,65,2,176,0,124,81,2,207,502,13,515,722
08/16/2023,DVT,AZ,AWP,CE,Towers with Radar,0,21,8,0,29,0,136,84,0,220,0,157,92,0,249,579,0,579,828
08/17/2023,DVT,AZ,AWP,CE,Towers with Radar,0,22,10,0,32,0,150,112,1,263,0,172,122,1,295,610,0,610,905
08/18/2023,DVT,AZ,AWP,CE,Towers with Radar,0,13,20,0,33,0,165,120,3,288,0,178,140,3,321,803,31,834,1155
08/19/2023,DVT,AZ,AWP,CE,Towers with Radar,0,19,12,0,31,0,126,98,0,224,0,145,110,0,255,553,0,553,808
08/20/2023,DVT,AZ,AWP,CE,Towers with Radar,0,8,13,0,21,0,79,54,0,133,0,87,67,0,154,254,0,254,408
08/21/2023,DVT,AZ,AWP,CE,Towers with Radar,0,15,12,0,27,0,142,65,0,207,0,157,77,0,234,703,0,703,937
08/22/2023,DVT,AZ,AWP,CE,Towers with Radar,0,16,16,0,32,0,191,103,0,294,0,207,119,0,326,780,0,780,1106
08/23/2023,DVT,AZ,AWP,CE,Towers with Radar,0,8,19,0,27,0,133,113,0,246,0,141,132,0,273,594,0,594,867
08/24/2023,DVT,AZ,AWP,CE,Towers with Radar,0,24,17,0,41,0,187,141,0,328,0,211,158,0,369,832,0,832,1201
08/25/2023,DVT,AZ,AWP,CE,Towers with Radar,0,19,14,0,33,0,174,139,0,313,0,193,153,0,346,749,0,749,1095
08/26/2023,DVT,AZ,AWP,CE,Towers with Radar,0,11,14,0,25,0,164,141,0,305,0,175,155,0,330,541,0,541,871
08/27/2023,DVT,AZ,AWP,CE,Towers with Radar,0,7,9,0,16,0,120,99,0,219,0,127,108,0,235,517,0,517,752
08/28/2023,DVT,AZ,AWP,CE,Towers with Radar,0,13,15,1,29,0,124,105,0,229,0,137,120,1,258,738,0,738,996
08/29/2023,DVT,AZ,AWP,CE,Towers with Radar,0,11,18,0,29,0,135,116,0,251,0,146,134,0,280,589,0,589,869
08/30/2023,DVT,AZ,AWP,CE,Towers with Radar,0,13,13,0,26,0,179,125,0,304,0,192,138,0,330,898,0,898,1228
08/31/2023,DVT,AZ,AWP,CE,Towers with Radar,0,12,20,0,32,0,118,86,1,205,0,130,106,1,237,736,0,736,973
