01/01/2020,DWH,TX,ASW,CE,Towers with Radar,0,4,19,0,23,0,3,35,0,38,0,7,54,0,61,70,0,70,131
01/02/2020,DWH,TX,ASW,CE,Towers with Radar,0,4,23,0,27,0,2,1,0,3,0,6,24,0,30,2,0,2,32
01/03/2020,DWH,TX,ASW,CE,Towers with Radar,0,7,36,13,56,0,4,151,1,156,0,11,187,14,212,180,0,180,392
01/04/2020,DWH,TX,ASW,CE,Towers with Radar,0,2,28,2,32,0,4,236,0,240,0,6,264,2,272,327,4,331,603
01/05/2020,DWH,TX,ASW,CE,Towers with Radar,0,2,28,0,30,0,4,205,0,209,0,6,233,0,239,264,0,264,503
01/06/2020,DWH,TX,ASW,CE,Towers with Radar,0,6,45,2,53,0,4,179,2,185,0,10,224,4,238,172,0,172,410
01/07/2020,DWH,TX,ASW,CE,Towers with Radar,0,5,31,5,41,0,3,184,2,189,0,8,215,7,230,242,2,244,474
01/08/2020,DWH,TX,ASW,CE,Towers with Radar,0,5,43,2,50,0,4,174,0,178,0,9,217,2,228,293,0,293,521
01/09/2020,DWH,TX,ASW,CE,Towers with Radar,0,3,64,4,71,0,3,75,0,78,0,6,139,4,149,86,0,86,235
01/10/2020,DWH,TX,ASW,CE,Towers with Radar,0,0,24,0,24,0,2,8,0,10,0,2,32,0,34,8,0,8,42
01/11/2020,DWH,TX,ASW,CE,Towers with Radar,0,5,27,0,32,0,2,112,2,116,0,7,139,2,148,160,0,160,308
01/12/2020,DWH,TX,ASW,CE,Towers with Radar,0,4,61,3,68,0,0,177,0,177,0,4,238,3,245,366,0,366,611
01/13/2020,DWH,TX,ASW,CE,Towers with Radar,0,3,34,4,41,0,0,1,0,1,0,3,35,4,42,0,0,0,42
01/14/2020,DWH,TX,ASW,CE,Towers with Radar,0,3,45,0,48,0,1,2,0,3,0,4,47,0,51,26,0,26,77
01/15/2020,DWH,TX,ASW,CE,Towers with Radar,0,6,43,4,53,0,1,46,0,47,0,7,89,4,100,203,0,203,303
01/16/2020,DWH,TX,ASW,CE,Towers with Radar,0,8,43,1,52,0,2,45,0,47,0,10,88,1,99,158,0,158,257
01/17/2020,DWH,TX,ASW,CE,Towers with Radar,0,6,43,2,51,0,0,10,1,11,0,6,53,3,62,18,0,18,80
01/18/2020,DWH,TX,ASW,CE,Towers with Radar,0,1,35,10,46,0,2,41,2,45,0,3,76,12,91,44,0,44,135
01/19/2020,DWH,TX,ASW,CE,Towers with Radar,0,4,40,4,48,0,2,227,1,230,0,6,267,5,278,124,0,124,402
01/20/2020,DWH,TX,ASW,CE,Towers with Radar,0,9,38,5,52,0,0,311,0,311,0,9,349,5,363,286,0,286,649
01/21/2020,DWH,TX,ASW,CE,Towers with Radar,0,5,47,7,59,0,0,212,5,217,0,5,259,12,276,233,0,233,509
01/22/2020,DWH,TX,ASW,CE,Towers with Radar,0,4,37,0,41,0,0,2,0,2,0,4,39,0,43,0,0,0,43
01/23/2020,DWH,TX,ASW,CE,Towers with Radar,0,4,47,3,54,0,2,77,3,82,0,6,124,6,136,282,0,282,418
01/24/2020,DWH,TX,ASW,CE,Towers with Radar,0,1,33,0,34,0,2,291,1,294,0,3,324,1,328,258,0,258,586
01/25/2020,DWH,TX,ASW,CE,Towers with Radar,0,2,37,0,39,0,0,234,0,234,0,2,271,0,273,246,0,246,519
01/26/2020,DWH,TX,ASW,CE,Towers with Radar,0,5,36,0,41,0,0,108,2,110,0,5,144,2,151,222,0,222,373
01/27/2020,DWH,TX,ASW,CE,Towers with Radar,0,2,60,1,63,0,2,71,2,75,0,4,131,3,138,192,2,194,332
01/28/2020,DWH,TX,ASW,CE,Towers with Radar,0,6,44,2,52,0,0,15,0,15,0,6,59,2,67,28,0,28,95
01/29/2020,DWH,TX,ASW,CE,Towers with Radar,0,8,56,0,64,0,1,128,3,132,0,9,184,3,196,421,0,421,617
01/30/2020,DWH,TX,ASW,CE,Towers with Radar,0,15,70,2,87,0,0,25,0,25,0,15,95,2,112,106,0,106,218
01/31/2020,DWH,TX,ASW,CE,Towers with Radar,0,11,57,2,70,0,0,110,2,112,0,11,167,4,182,203,0,203,385
02/01/2020,DWH,TX,ASW,CE,Towers with Radar,0,2,36,0,38,0,5,306,0,311,0,7,342,0,349,268,0,268,617
02/02/2020,DWH,TX,ASW,CE,Towers with Radar,0,10,33,0,43,0,3,181,0,184,0,13,214,0,227,368,0,368,595
02/03/2020,DWH,TX,ASW,CE,Towers with Radar,0,7,42,2,51,0,0,82,0,82,0,7,124,2,133,156,0,156,289
02/04/2020,DWH,TX,ASW,CE,Towers with Radar,0,4,53,4,61,0,3,57,0,60,0,7,110,4,121,177,0,177,298
02/05/2020,DWH,TX,ASW,CE,Towers with Radar,0,6,24,2,32,0,2,4,0,6,0,8,28,2,38,0,0,0,38
02/06/2020,DWH,TX,ASW,CE,Towers with Radar,0,11,35,4,50,0,6,166,0,172,0,17,201,4,222,149,0,149,371
02/07/2020,DWH,TX,ASW,CE,Towers with Radar,0,2,50,4,56,0,3,205,3,211,0,5,255,7,267,286,0,286,553
02/08/2020,DWH,TX,ASW,CE,Towers with Radar,0,5,35,0,40,0,4,214,0,218,0,9,249,0,258,347,0,347,605
02/09/2020,DWH,TX,ASW,CE,Towers with Radar,0,5,36,3,44,0,3,14,0,17,0,8,50,3,61,82,0,82,143
02/10/2020,DWH,TX,ASW,CE,Towers with Radar,0,6,25,0,31,0,0,7,0,7,0,6,32,0,38,15,0,15,53
02/11/2020,DWH,TX,ASW,CE,Towers with Radar,0,7,15,0,22,0,0,0,0,0,0,7,15,0,22,0,0,0,22
02/12/2020,DWH,TX,ASW,CE,Towers with Radar,0,3,39,0,42,0,0,0,0,0,0,3,39,0,42,0,0,0,42
02/13/2020,DWH,TX,ASW,CE,Towers with Radar,0,10,57,3,70,0,5,215,3,223,0,15,272,6,293,405,0,405,698
02/14/2020,DWH,TX,ASW,CE,Towers with Radar,0,6,32,1,39,0,3,278,1,282,0,9,310,2,321,198,0,198,519
02/15/2020,DWH,TX,ASW,CE,Towers with Radar,0,3,34,0,37,0,3,223,0,226,0,6,257,0,263,328,0,328,591
02/16/2020,DWH,TX,ASW,CE,Towers with Radar,0,3,36,0,39,0,2,101,0,103,0,5,137,0,142,246,0,246,388
02/17/2020,DWH,TX,ASW,CE,Towers with Radar,0,5,36,0,41,0,1,25,0,26,0,6,61,0,67,125,0,125,192
02/18/2020,DWH,TX,ASW,CE,Towers with Radar,0,2,46,2,50,0,0,33,0,33,0,2,79,2,83,109,0,109,192
02/19/2020,DWH,TX,ASW,CE,Towers with Radar,0,5,32,0,37,0,0,1,0,1,0,5,33,0,38,2,0,2,40
02/20/2020,DWH,TX,ASW,CE,Towers with Radar,0,3,24,0,27,0,0,9,0,9,0,3,33,0,36,14,0,14,50
02/21/2020,DWH,TX,ASW,CE,Towers with Radar,0,4,39,0,43,0,1,314,1,316,0,5,353,1,359,254,4,258,617
02/22/2020,DWH,TX,ASW,CE,Towers with Radar,0,0,30,0,30,0,0,279,1,280,0,0,309,1,310,342,0,342,652
02/23/2020,DWH,TX,ASW,CE,Towers with Radar,0,3,29,1,33,0,0,90,1,91,0,3,119,2,124,379,0,379,503
02/24/2020,DWH,TX,ASW,CE,Towers with Radar,0,5,24,2,31,0,0,145,2,147,0,5,169,4,178,170,0,170,348
02/25/2020,DWH,TX,ASW,CE,Towers with Radar,0,4,43,0,47,0,0,225,2,227,0,4,268,2,274,243,0,243,517
02/26/2020,DWH,TX,ASW,CE,Towers with Radar,0,8,24,0,32,0,2,76,2,80,0,10,100,2,112,64,0,64,176
02/27/2020,DWH,TX,ASW,CE,Towers with Radar,0,7,43,5,55,0,0,282,1,283,0,7,325,6,338,250,0,250,588
02/28/2020,DWH,TX,ASW,CE,Towers with Radar,0,4,33,0,37,0,0,220,1,221,0,4,253,1,258,280,0,280,538
02/29/2020,DWH,TX,ASW,CE,Towers with Radar,0,2,27,0,29,0,0,244,0,244,0,2,271,0,273,299,0,299,572
03/01/2020,DWH,TX,ASW,CE,Towers with Radar,0,7,38,0,45,0,2,91,0,93,0,9,129,0,138,186,0,186,324
03/02/2020,DWH,TX,ASW,CE,Towers with Radar,0,9,48,0,57,0,4,93,0,97,0,13,141,0,154,112,0,112,266
03/03/2020,DWH,TX,ASW,CE,Towers with Radar,0,5,48,0,53,0,2,95,0,97,0,7,143,0,150,168,0,168,318
03/04/2020,DWH,TX,ASW,CE,Towers with Radar,0,1,21,0,22,0,2,1,0,3,0,3,22,0,25,10,0,10,35
03/05/2020,DWH,TX,ASW,CE,Towers with Radar,0,0,57,1,58,0,4,272,1,277,0,4,329,2,335,328,0,328,663
03/06/2020,DWH,TX,ASW,CE,Towers with Radar,0,8,33,1,42,0,6,285,1,292,0,14,318,2,334,278,0,278,612
03/07/2020,DWH,TX,ASW,CE,Towers with Radar,0,6,34,0,40,0,3,229,0,232,0,9,263,0,272,445,0,445,717
03/08/2020,DWH,TX,ASW,CE,Towers with Radar,0,9,24,0,33,0,4,171,0,175,0,13,195,0,208,269,0,269,477
03/09/2020,DWH,TX,ASW,CE,Towers with Radar,0,5,47,0,52,0,4,47,0,51,0,9,94,0,103,196,0,196,299
03/10/2020,DWH,TX,ASW,CE,Towers with Radar,0,2,46,0,48,0,6,68,2,76,0,8,114,2,124,194,0,194,318
03/11/2020,DWH,TX,ASW,CE,Towers with Radar,0,3,68,1,72,0,2,140,1,143,0,5,208,2,215,272,0,272,487
03/12/2020,DWH,TX,ASW,CE,Towers with Radar,0,4,63,0,67,0,4,177,0,181,0,8,240,0,248,299,0,299,547
03/13/2020,DWH,TX,ASW,CE,Towers with Radar,0,5,42,0,47,0,6,121,2,129,0,11,163,2,176,332,0,332,508
03/14/2020,DWH,TX,ASW,CE,Towers with Radar,0,4,34,2,40,0,3,111,0,114,0,7,145,2,154,382,0,382,536
03/15/2020,DWH,TX,ASW,CE,Towers with Radar,0,17,35,0,52,0,1,70,0,71,0,18,105,0,123,244,0,244,367
03/16/2020,DWH,TX,ASW,CE,Towers with Radar,0,8,30,0,38,0,1,70,0,71,0,9,100,0,109,198,0,198,307
03/17/2020,DWH,TX,ASW,CE,Towers with Radar,0,5,26,4,35,0,1,74,0,75,0,6,100,4,110,216,0,216,326
03/18/2020,DWH,TX,ASW,CE,Towers with Radar,0,3,38,2,43,0,4,119,5,128,0,7,157,7,171,296,0,296,467
03/19/2020,DWH,TX,ASW,CE,Towers with Radar,0,3,32,4,39,0,4,117,2,123,0,7,149,6,162,247,0,247,409
03/20/2020,DWH,TX,ASW,CE,Towers with Radar,0,4,9,0,13,0,2,0,0,2,0,6,9,0,15,0,0,0,15
03/21/2020,DWH,TX,ASW,CE,Towers with Radar,0,3,19,2,24,0,0,0,0,0,0,3,19,2,24,0,0,0,24
03/22/2020,DWH,TX,ASW,CE,Towers with Radar,0,1,21,2,24,0,0,3,0,3,0,1,24,2,27,12,0,12,39
03/23/2020,DWH,TX,ASW,CE,Towers with Radar,0,4,23,0,27,0,2,70,0,72,0,6,93,0,99,176,0,176,275
03/24/2020,DWH,TX,ASW,CE,Towers with Radar,0,2,30,0,32,0,4,95,0,99,0,6,125,0,131,236,0,236,367
03/25/2020,DWH,TX,ASW,CE,Towers with Radar,0,2,21,0,23,0,2,214,0,216,0,4,235,0,239,287,0,287,526
03/26/2020,DWH,TX,ASW,CE,Towers with Radar,0,0,33,0,33,0,0,137,0,137,0,0,170,0,170,198,0,198,368
03/27/2020,DWH,TX,ASW,CE,Towers with Radar,0,0,29,0,29,0,2,153,0,155,0,2,182,0,184,224,0,224,408
03/28/2020,DWH,TX,ASW,CE,Towers with Radar,0,0,13,0,13,0,1,18,0,19,0,1,31,0,32,140,0,140,172
03/29/2020,DWH,TX,ASW,CE,Towers with Radar,1,0,13,0,14,0,2,242,2,246,1,2,255,2,260,254,0,254,514
03/30/2020,DWH,TX,ASW,CE,Towers with Radar,0,0,19,0,19,0,2,44,0,46,0,2,63,0,65,114,0,114,179
03/31/2020,DWH,TX,ASW,CE,Towers with Radar,0,2,16,4,22,0,2,146,0,148,0,4,162,4,170,192,0,192,362
04/01/2020,DWH,TX,ASW,CE,Towers with Radar,0,1,16,1,18,0,5,208,2,215,0,6,224,3,233,216,0,216,449
04/02/2020,DWH,TX,ASW,CE,Towers with Radar,0,2,18,0,20,0,5,103,0,108,0,7,121,0,128,206,0,206,334
04/03/2020,DWH,TX,ASW,CE,Towers with Radar,0,5,21,2,28,0,2,63,0,65,0,7,84,2,93,266,0,266,359
04/04/2020,DWH,TX,ASW,CE,Towers with Radar,0,2,10,0,12,0,0,0,0,0,0,2,10,0,12,0,0,0,12
04/05/2020,DWH,TX,ASW,CE,Towers with Radar,0,1,16,0,17,0,3,34,0,37,0,4,50,0,54,150,0,150,204
04/06/2020,DWH,TX,ASW,CE,Towers with Radar,0,1,27,0,28,0,2,57,0,59,0,3,84,0,87,289,0,289,376
04/07/2020,DWH,TX,ASW,CE,Towers with Radar,0,0,14,0,14,0,2,97,0,99,0,2,111,0,113,138,0,138,251
04/08/2020,DWH,TX,ASW,CE,Towers with Radar,0,1,35,0,36,0,2,91,0,93,0,3,126,0,129,229,0,229,358
04/09/2020,DWH,TX,ASW,CE,Towers with Radar,0,0,16,0,16,0,2,84,1,87,0,2,100,1,103,155,0,155,258
04/10/2020,DWH,TX,ASW,CE,Towers with Radar,0,0,22,0,22,0,3,131,0,134,0,3,153,0,156,170,0,170,326
04/11/2020,DWH,TX,ASW,CE,Towers with Radar,0,0,8,0,8,0,2,88,0,90,0,2,96,0,98,194,0,194,292
04/12/2020,DWH,TX,ASW,CE,Towers with Radar,0,2,6,0,8,0,5,24,0,29,0,7,30,0,37,6,0,6,43
04/13/2020,DWH,TX,ASW,CE,Towers with Radar,0,2,26,0,28,0,5,208,0,213,0,7,234,0,241,250,0,250,491
04/14/2020,DWH,TX,ASW,CE,Towers with Radar,0,0,33,0,33,0,2,193,0,195,0,2,226,0,228,256,0,256,484
04/15/2020,DWH,TX,ASW,CE,Towers with Radar,0,0,36,0,36,0,0,240,0,240,0,0,276,0,276,347,0,347,623
04/16/2020,DWH,TX,ASW,CE,Towers with Radar,0,1,26,3,30,0,0,230,1,231,0,1,256,4,261,288,0,288,549
04/17/2020,DWH,TX,ASW,CE,Towers with Radar,0,2,25,4,31,0,3,73,0,76,0,5,98,4,107,192,0,192,299
04/18/2020,DWH,TX,ASW,CE,Towers with Radar,0,1,18,0,19,0,0,0,0,0,0,1,18,0,19,28,0,28,47
04/19/2020,DWH,TX,ASW,CE,Towers with Radar,0,1,5,0,6,0,3,19,0,22,0,4,24,0,28,68,0,68,96
04/20/2020,DWH,TX,ASW,CE,Towers with Radar,0,3,30,0,33,0,1,146,0,147,0,4,176,0,180,308,0,308,488
04/21/2020,DWH,TX,ASW,CE,Towers with Radar,0,0,36,3,39,0,2,212,0,214,0,2,248,3,253,356,0,356,609
04/22/2020,DWH,TX,ASW,CE,Towers with Radar,0,2,16,0,18,0,2,7,2,11,0,4,23,2,29,150,0,150,179
04/23/2020,DWH,TX,ASW,CE,Towers with Radar,0,2,31,2,35,0,3,238,0,241,0,5,269,2,276,229,0,229,505
04/24/2020,DWH,TX,ASW,CE,Towers with Radar,0,0,41,0,41,0,3,243,0,246,0,3,284,0,287,292,0,292,579
04/25/2020,DWH,TX,ASW,CE,Towers with Radar,0,0,17,0,17,0,3,179,0,182,0,3,196,0,199,170,0,170,369
04/26/2020,DWH,TX,ASW,CE,Towers with Radar,0,0,23,0,23,0,0,256,0,256,0,0,279,0,279,399,0,399,678
04/27/2020,DWH,TX,ASW,CE,Towers with Radar,0,0,37,4,41,0,2,185,0,187,0,2,222,4,228,256,0,256,484
04/28/2020,DWH,TX,ASW,CE,Towers with Radar,0,0,17,0,17,0,2,29,0,31,0,2,46,0,48,51,0,51,99
04/29/2020,DWH,TX,ASW,CE,Towers with Radar,0,0,24,0,24,0,5,106,0,111,0,5,130,0,135,188,0,188,323
04/30/2020,DWH,TX,ASW,CE,Towers with Radar,0,3,25,0,28,0,4,306,1,311,0,7,331,1,339,432,0,432,771
05/01/2020,DWH,TX,ASW,CE,Towers with Radar,0,1,33,2,36,0,6,236,0,242,0,7,269,2,278,334,0,334,612
05/02/2020,DWH,TX,ASW,CE,Towers with Radar,0,2,37,0,39,0,1,204,0,205,0,3,241,0,244,288,0,288,532
05/03/2020,DWH,TX,ASW,CE,Towers with Radar,0,2,28,0,30,0,2,143,0,145,0,4,171,0,175,274,0,274,449
05/04/2020,DWH,TX,ASW,CE,Towers with Radar,0,2,28,2,32,0,1,127,1,129,0,3,155,3,161,218,0,218,379
05/05/2020,DWH,TX,ASW,CE,Towers with Radar,0,2,30,0,32,0,1,88,0,89,0,3,118,0,121,232,0,232,353
05/06/2020,DWH,TX,ASW,CE,Towers with Radar,0,3,29,0,32,0,4,160,0,164,0,7,189,0,196,198,0,198,394
05/07/2020,DWH,TX,ASW,CE,Towers with Radar,0,2,39,1,42,0,2,226,2,230,0,4,265,3,272,217,2,219,491
05/08/2020,DWH,TX,ASW,CE,Towers with Radar,0,3,22,0,25,0,2,35,0,37,0,5,57,0,62,61,0,61,123
05/09/2020,DWH,TX,ASW,CE,Towers with Radar,0,1,27,1,29,0,1,130,0,131,0,2,157,1,160,152,0,152,312
05/10/2020,DWH,TX,ASW,CE,Towers with Radar,0,3,23,0,26,0,2,176,0,178,0,5,199,0,204,217,0,217,421
05/11/2020,DWH,TX,ASW,CE,Towers with Radar,0,1,24,2,27,0,2,183,0,185,0,3,207,2,212,188,0,188,400
05/12/2020,DWH,TX,ASW,CE,Towers with Radar,0,3,39,0,42,0,2,100,0,102,0,5,139,0,144,191,0,191,335
05/13/2020,DWH,TX,ASW,CE,Towers with Radar,0,3,30,0,33,0,1,137,0,138,0,4,167,0,171,294,0,294,465
05/14/2020,DWH,TX,ASW,CE,Towers with Radar,0,3,24,2,29,0,2,71,0,73,0,5,95,2,102,120,0,120,222
05/15/2020,DWH,TX,ASW,CE,Towers with Radar,0,1,24,0,25,0,2,30,0,32,0,3,54,0,57,70,0,70,127
05/16/2020,DWH,TX,ASW,CE,Towers with Radar,0,1,19,0,20,0,2,22,0,24,0,3,41,0,44,98,0,98,142
05/17/2020,DWH,TX,ASW,CE,Towers with Radar,0,4,26,0,30,0,2,150,0,152,0,6,176,0,182,136,0,136,318
05/18/2020,DWH,TX,ASW,CE,Towers with Radar,0,0,32,5,37,0,0,178,0,178,0,0,210,5,215,287,0,287,502
05/19/2020,DWH,TX,ASW,CE,Towers with Radar,0,0,44,0,44,0,2,208,1,211,0,2,252,1,255,284,0,284,539
05/20/2020,DWH,TX,ASW,CE,Towers with Radar,0,0,54,1,55,0,0,151,0,151,0,0,205,1,206,330,0,330,536
05/21/2020,DWH,TX,ASW,CE,Towers with Radar,0,7,36,0,43,0,2,127,0,129,0,9,163,0,172,321,0,321,493
05/22/2020,DWH,TX,ASW,CE,Towers with Radar,0,2,51,2,55,0,1,130,1,132,0,3,181,3,187,309,0,309,496
05/23/2020,DWH,TX,ASW,CE,Towers with Radar,0,1,37,0,38,0,2,135,0,137,0,3,172,0,175,276,0,276,451
05/24/2020,DWH,TX,ASW,CE,Towers with Radar,0,3,9,0,12,0,0,9,0,9,0,3,18,0,21,82,0,82,103
05/25/2020,DWH,TX,ASW,CE,Towers with Radar,0,1,29,0,30,0,0,53,0,53,0,1,82,0,83,157,0,157,240
05/26/2020,DWH,TX,ASW,CE,Towers with Radar,0,6,18,1,25,0,0,157,0,157,0,6,175,1,182,281,0,281,463
05/27/2020,DWH,TX,ASW,CE,Towers with Radar,0,2,12,0,14,0,2,166,2,170,0,4,178,2,184,214,0,214,398
05/28/2020,DWH,TX,ASW,CE,Towers with Radar,0,2,28,1,31,0,1,105,3,109,0,3,133,4,140,328,0,328,468
05/29/2020,DWH,TX,ASW,CE,Towers with Radar,0,0,26,1,27,0,0,180,3,183,0,0,206,4,210,212,0,212,422
05/30/2020,DWH,TX,ASW,CE,Towers with Radar,0,2,26,0,28,0,2,198,0,200,0,4,224,0,228,372,0,372,600
05/31/2020,DWH,TX,ASW,CE,Towers with Radar,0,5,16,0,21,0,1,93,0,94,0,6,109,0,115,274,0,274,389
06/01/2020,DWH,TX,ASW,CE,Towers with Radar,0,2,21,0,23,0,3,123,1,127,0,5,144,1,150,203,0,203,353
06/02/2020,DWH,TX,ASW,CE,Towers with Radar,0,1,31,2,34,0,0,159,0,159,0,1,190,2,193,332,0,332,525
06/03/2020,DWH,TX,ASW,CE,Towers with Radar,0,5,47,0,52,0,2,98,3,103,0,7,145,3,155,130,0,130,285
06/04/2020,DWH,TX,ASW,CE,Towers with Radar,0,1,56,5,62,0,3,137,1,141,0,4,193,6,203,195,0,195,398
06/05/2020,DWH,TX,ASW,CE,Towers with Radar,0,0,40,0,40,0,4,194,1,199,0,4,234,1,239,329,0,329,568
06/06/2020,DWH,TX,ASW,CE,Towers with Radar,0,1,27,0,28,0,3,203,0,206,0,4,230,0,234,190,0,190,424
06/07/2020,DWH,TX,ASW,CE,Towers with Radar,0,1,25,2,28,0,1,148,0,149,0,2,173,2,177,259,0,259,436
06/08/2020,DWH,TX,ASW,CE,Towers with Radar,0,3,22,0,25,0,1,162,0,163,0,4,184,0,188,224,0,224,412
06/09/2020,DWH,TX,ASW,CE,Towers with Radar,0,0,31,2,33,0,1,151,0,152,0,1,182,2,185,254,0,254,439
06/10/2020,DWH,TX,ASW,CE,Towers with Radar,0,1,27,1,29,0,4,159,1,164,0,5,186,2,193,151,0,151,344
06/11/2020,DWH,TX,ASW,CE,Towers with Radar,0,3,41,0,44,0,5,222,1,228,0,8,263,1,272,212,0,212,484
06/12/2020,DWH,TX,ASW,CE,Towers with Radar,0,5,29,1,35,0,1,188,9,198,0,6,217,10,233,214,0,214,447
06/13/2020,DWH,TX,ASW,CE,Towers with Radar,0,3,21,0,24,0,3,166,0,169,0,6,187,0,193,174,0,174,367
06/14/2020,DWH,TX,ASW,CE,Towers with Radar,0,9,17,0,26,0,4,136,0,140,0,13,153,0,166,240,0,240,406
06/15/2020,DWH,TX,ASW,CE,Towers with Radar,0,5,25,0,30,0,0,140,1,141,0,5,165,1,171,198,0,198,369
06/16/2020,DWH,TX,ASW,CE,Towers with Radar,0,4,25,0,29,0,0,167,1,168,0,4,192,1,197,386,0,386,583
06/17/2020,DWH,TX,ASW,CE,Towers with Radar,0,3,26,0,29,0,3,177,1,181,0,6,203,1,210,261,0,261,471
06/18/2020,DWH,TX,ASW,CE,Towers with Radar,0,4,39,2,45,0,3,170,0,173,0,7,209,2,218,208,0,208,426
06/19/2020,DWH,TX,ASW,CE,Towers with Radar,0,9,39,5,53,0,2,104,2,108,0,11,143,7,161,187,1,188,349
06/20/2020,DWH,TX,ASW,CE,Towers with Radar,0,0,20,2,22,0,0,101,0,101,0,0,121,2,123,327,0,327,450
06/21/2020,DWH,TX,ASW,CE,Towers with Radar,0,5,11,0,16,0,1,73,0,74,0,6,84,0,90,171,0,171,261
06/22/2020,DWH,TX,ASW,CE,Towers with Radar,0,6,19,0,25,0,0,19,0,19,0,6,38,0,44,55,0,55,99
06/23/2020,DWH,TX,ASW,CE,Towers with Radar,0,2,24,0,26,0,7,87,1,95,0,9,111,1,121,332,0,332,453
06/24/2020,DWH,TX,ASW,CE,Towers with Radar,0,7,32,0,39,0,2,19,1,22,0,9,51,1,61,56,0,56,117
06/25/2020,DWH,TX,ASW,CE,Towers with Radar,0,0,17,0,17,0,0,63,0,63,0,0,80,0,80,128,0,128,208
06/26/2020,DWH,TX,ASW,CE,Towers with Radar,0,2,57,0,59,0,1,33,2,36,0,3,90,2,95,226,0,226,321
06/27/2020,DWH,TX,ASW,CE,Towers with Radar,0,7,39,0,46,0,1,85,0,86,0,8,124,0,132,146,0,146,278
06/28/2020,DWH,TX,ASW,CE,Towers with Radar,0,2,21,0,23,0,2,80,0,82,0,4,101,0,105,126,0,126,231
06/29/2020,DWH,TX,ASW,CE,Towers with Radar,0,6,30,0,36,0,1,116,0,117,0,7,146,0,153,252,0,252,405
06/30/2020,DWH,TX,ASW,CE,Towers with Radar,0,6,24,0,30,0,4,119,0,123,0,10,143,0,153,212,0,212,365
07/01/2020,DWH,TX,ASW,CE,Towers with Radar,0,5,40,0,45,0,0,129,2,131,0,5,169,2,176,322,0,322,498
07/02/2020,DWH,TX,ASW,CE,Towers with Radar,0,9,40,0,49,0,0,160,0,160,0,9,200,0,209,307,0,307,516
07/03/2020,DWH,TX,ASW,CE,Towers with Radar,0,6,71,0,77,0,1,144,1,146,0,7,215,1,223,285,0,285,508
07/04/2020,DWH,TX,ASW,CE,Towers with Radar,0,3,22,0,25,0,0,126,0,126,0,3,148,0,151,203,0,203,354
07/05/2020,DWH,TX,ASW,CE,Towers with Radar,0,4,32,0,36,0,0,132,0,132,0,4,164,0,168,136,0,136,304
07/06/2020,DWH,TX,ASW,CE,Towers with Radar,0,5,19,0,24,0,0,92,0,92,0,5,111,0,116,141,0,141,257
07/07/2020,DWH,TX,ASW,CE,Towers with Radar,0,3,39,0,42,0,2,82,0,84,0,5,121,0,126,232,0,232,358
07/08/2020,DWH,TX,ASW,CE,Towers with Radar,0,1,49,0,50,0,2,153,0,155,0,3,202,0,205,118,0,118,323
07/09/2020,DWH,TX,ASW,CE,Towers with Radar,0,6,42,2,50,0,2,136,0,138,0,8,178,2,188,138,0,138,326
07/10/2020,DWH,TX,ASW,CE,Towers with Radar,0,4,34,2,40,0,2,130,1,133,0,6,164,3,173,350,0,350,523
07/11/2020,DWH,TX,ASW,CE,Towers with Radar,0,5,45,0,50,0,4,175,0,179,0,9,220,0,229,230,0,230,459
07/12/2020,DWH,TX,ASW,CE,Towers with Radar,0,11,23,3,37,0,1,119,2,122,0,12,142,5,159,230,0,230,389
07/13/2020,DWH,TX,ASW,CE,Towers with Radar,0,3,43,4,50,0,3,133,3,139,0,6,176,7,189,307,0,307,496
07/14/2020,DWH,TX,ASW,CE,Towers with Radar,0,3,36,1,40,0,3,156,0,159,0,6,192,1,199,217,0,217,416
07/15/2020,DWH,TX,ASW,CE,Towers with Radar,0,3,34,1,38,0,1,156,1,158,0,4,190,2,196,221,0,221,417
07/16/2020,DWH,TX,ASW,CE,Towers with Radar,0,6,47,0,53,0,2,140,0,142,0,8,187,0,195,198,0,198,393
07/17/2020,DWH,TX,ASW,CE,Towers with Radar,0,6,33,0,39,0,0,101,0,101,0,6,134,0,140,155,0,155,295
07/18/2020,DWH,TX,ASW,CE,Towers with Radar,0,2,24,2,28,0,2,129,1,132,0,4,153,3,160,132,0,132,292
07/19/2020,DWH,TX,ASW,CE,Towers with Radar,0,0,28,0,28,0,2,97,1,100,0,2,125,1,128,144,0,144,272
07/20/2020,DWH,TX,ASW,CE,Towers with Radar,0,5,19,0,24,0,2,108,3,113,0,7,127,3,137,212,0,212,349
07/21/2020,DWH,TX,ASW,CE,Towers with Radar,0,3,26,0,29,0,1,58,2,61,0,4,84,2,90,112,0,112,202
07/22/2020,DWH,TX,ASW,CE,Towers with Radar,0,3,25,0,28,0,3,60,1,64,0,6,85,1,92,176,0,176,268
07/23/2020,DWH,TX,ASW,CE,Towers with Radar,0,9,40,2,51,0,5,190,2,197,0,14,230,4,248,246,0,246,494
07/24/2020,DWH,TX,ASW,CE,Towers with Radar,0,2,27,0,29,0,1,89,2,92,0,3,116,2,121,123,0,123,244
07/25/2020,DWH,TX,ASW,CE,Towers with Radar,0,4,8,0,12,0,0,3,0,3,0,4,11,0,15,15,0,15,30
07/26/2020,DWH,TX,ASW,CE,Towers with Radar,0,7,23,0,30,0,1,21,3,25,0,8,44,3,55,26,0,26,81
07/27/2020,DWH,TX,ASW,CE,Towers with Radar,0,7,36,0,43,0,3,60,0,63,0,10,96,0,106,198,0,198,304
07/28/2020,DWH,TX,ASW,CE,Towers with Radar,0,4,46,0,50,0,1,42,2,45,0,5,88,2,95,123,0,123,218
07/29/2020,DWH,TX,ASW,CE,Towers with Radar,0,3,32,2,37,0,0,101,3,104,0,3,133,5,141,116,0,116,257
07/30/2020,DWH,TX,ASW,CE,Towers with Radar,0,3,57,0,60,0,2,199,0,201,0,5,256,0,261,154,0,154,415
07/31/2020,DWH,TX,ASW,CE,Towers with Radar,0,4,44,2,50,0,4,148,1,153,0,8,192,3,203,184,0,184,387
08/01/2020,DWH,TX,ASW,CE,Towers with Radar,0,9,25,0,34,0,0,106,0,106,0,9,131,0,140,166,0,166,306
08/02/2020,DWH,TX,ASW,CE,Towers with Radar,0,4,26,0,30,0,3,166,0,169,0,7,192,0,199,290,0,290,489
08/03/2020,DWH,TX,ASW,CE,Towers with Radar,0,6,29,3,38,0,4,170,4,178,0,10,199,7,216,279,0,279,495
08/04/2020,DWH,TX,ASW,CE,Towers with Radar,0,3,35,2,40,0,4,199,1,204,0,7,234,3,244,170,0,170,414
08/05/2020,DWH,TX,ASW,CE,Towers with Radar,0,4,31,0,35,0,1,168,5,174,0,5,199,5,209,237,0,237,446
08/06/2020,DWH,TX,ASW,CE,Towers with Radar,0,7,43,0,50,0,1,173,1,175,0,8,216,1,225,284,0,284,509
08/07/2020,DWH,TX,ASW,CE,Towers with Radar,0,5,43,0,48,0,2,163,1,166,0,7,206,1,214,225,0,225,439
08/08/2020,DWH,TX,ASW,CE,Towers with Radar,0,3,22,9,34,0,0,194,1,195,0,3,216,10,229,244,0,244,473
08/09/2020,DWH,TX,ASW,CE,Towers with Radar,0,5,34,0,39,0,6,95,0,101,0,11,129,0,140,183,0,183,323
08/10/2020,DWH,TX,ASW,CE,Towers with Radar,0,6,32,0,38,0,0,126,0,126,0,6,158,0,164,120,0,120,284
08/11/2020,DWH,TX,ASW,CE,Towers with Radar,0,11,25,0,36,0,2,147,2,151,0,13,172,2,187,261,0,261,448
08/12/2020,DWH,TX,ASW,CE,Towers with Radar,0,5,23,0,28,0,4,135,2,141,0,9,158,2,169,166,0,166,335
08/13/2020,DWH,TX,ASW,CE,Towers with Radar,0,2,41,0,43,0,0,159,3,162,0,2,200,3,205,258,0,258,463
08/14/2020,DWH,TX,ASW,CE,Towers with Radar,0,4,38,0,42,0,0,164,1,165,0,4,202,1,207,172,0,172,379
08/15/2020,DWH,TX,ASW,CE,Towers with Radar,0,3,38,0,41,0,0,159,0,159,0,3,197,0,200,222,0,222,422
08/16/2020,DWH,TX,ASW,CE,Towers with Radar,0,13,20,0,33,0,4,153,0,157,0,17,173,0,190,203,0,203,393
08/17/2020,DWH,TX,ASW,CE,Towers with Radar,0,10,30,0,40,0,4,139,4,147,0,14,169,4,187,219,0,219,406
08/18/2020,DWH,TX,ASW,CE,Towers with Radar,0,7,24,3,34,0,0,146,2,148,0,7,170,5,182,239,0,239,421
08/19/2020,DWH,TX,ASW,CE,Towers with Radar,0,4,24,3,31,0,3,138,0,141,0,7,162,3,172,230,0,230,402
08/20/2020,DWH,TX,ASW,CE,Towers with Radar,0,3,41,2,46,0,0,169,0,169,0,3,210,2,215,299,0,299,514
08/21/2020,DWH,TX,ASW,CE,Towers with Radar,0,10,34,1,45,0,3,149,2,154,0,13,183,3,199,257,0,257,456
08/22/2020,DWH,TX,ASW,CE,Towers with Radar,0,5,19,0,24,0,4,113,0,117,0,9,132,0,141,302,0,302,443
08/23/2020,DWH,TX,ASW,CE,Towers with Radar,0,5,27,2,34,0,4,150,0,154,0,9,177,2,188,203,0,203,391
08/24/2020,DWH,TX,ASW,CE,Towers with Radar,0,1,18,0,19,0,0,134,1,135,0,1,152,1,154,208,0,208,362
08/25/2020,DWH,TX,ASW,CE,Towers with Radar,0,1,23,2,26,0,1,145,0,146,0,2,168,2,172,190,0,190,362
08/26/2020,DWH,TX,ASW,CE,Towers with Radar,0,7,12,0,19,0,0,4,0,4,0,7,16,0,23,38,0,38,61
08/27/2020,DWH,TX,ASW,CE,Towers with Radar,0,3,15,3,21,0,3,87,0,90,0,6,102,3,111,68,0,68,179
08/28/2020,DWH,TX,ASW,CE,Towers with Radar,0,4,29,1,34,0,3,85,1,89,0,7,114,2,123,142,0,142,265
08/29/2020,DWH,TX,ASW,CE,Towers with Radar,0,1,25,6,32,0,3,164,0,167,0,4,189,6,199,256,0,256,455
08/30/2020,DWH,TX,ASW,CE,Towers with Radar,0,8,17,2,27,0,2,142,0,144,0,10,159,2,171,228,0,228,399
08/31/2020,DWH,TX,ASW,CE,Towers with Radar,0,5,48,0,53,0,3,95,1,99,0,8,143,1,152,176,0,176,328
09/01/2020,DWH,TX,ASW,CE,Towers with Radar,0,4,27,4,35,0,2,100,1,103,0,6,127,5,138,239,0,239,377
09/02/2020,DWH,TX,ASW,CE,Towers with Radar,0,6,31,2,39,0,2,72,0,74,0,8,103,2,113,149,0,149,262
09/03/2020,DWH,TX,ASW,CE,Towers with Radar,0,3,25,0,28,0,6,138,0,144,0,9,163,0,172,266,0,266,438
09/04/2020,DWH,TX,ASW,CE,Towers with Radar,0,6,30,1,37,0,2,53,1,56,0,8,83,2,93,190,0,190,283
09/05/2020,DWH,TX,ASW,CE,Towers with Radar,0,3,19,0,22,0,6,141,0,147,0,9,160,0,169,210,0,210,379
09/06/2020,DWH,TX,ASW,CE,Towers with Radar,0,3,17,0,20,0,2,133,2,137,0,5,150,2,157,292,0,292,449
09/07/2020,DWH,TX,ASW,CE,Towers with Radar,0,11,31,0,42,0,3,130,0,133,0,14,161,0,175,206,0,206,381
09/08/2020,DWH,TX,ASW,CE,Towers with Radar,0,5,20,1,26,0,0,41,2,43,0,5,61,3,69,178,0,178,247
09/09/2020,DWH,TX,ASW,CE,Towers with Radar,0,9,27,0,36,0,3,89,3,95,0,12,116,3,131,175,0,175,306
09/10/2020,DWH,TX,ASW,CE,Towers with Radar,0,6,47,2,55,0,0,53,2,55,0,6,100,4,110,92,0,92,202
09/11/2020,DWH,TX,ASW,CE,Towers with Radar,0,4,46,2,52,0,0,147,1,148,0,4,193,3,200,161,0,161,361
09/12/2020,DWH,TX,ASW,CE,Towers with Radar,0,5,32,2,39,0,2,223,0,225,0,7,255,2,264,240,0,240,504
09/13/2020,DWH,TX,ASW,CE,Towers with Radar,0,3,29,1,33,0,0,95,0,95,0,3,124,1,128,194,0,194,322
09/14/2020,DWH,TX,ASW,CE,Towers with Radar,0,5,41,1,47,0,3,74,0,77,0,8,115,1,124,144,0,144,268
09/15/2020,DWH,TX,ASW,CE,Towers with Radar,0,3,50,1,54,0,0,167,1,168,0,3,217,2,222,216,0,216,438
09/16/2020,DWH,TX,ASW,CE,Towers with Radar,0,6,41,0,47,0,3,166,0,169,0,9,207,0,216,218,0,218,434
09/17/2020,DWH,TX,ASW,CE,Towers with Radar,0,1,24,0,25,0,0,156,0,156,0,1,180,0,181,142,0,142,323
09/18/2020,DWH,TX,ASW,CE,Towers with Radar,0,6,27,0,33,0,1,195,1,197,0,7,222,1,230,158,0,158,388
09/19/2020,DWH,TX,ASW,CE,Towers with Radar,0,5,30,0,35,0,2,170,0,172,0,7,200,0,207,168,0,168,375
09/20/2020,DWH,TX,ASW,CE,Towers with Radar,0,5,26,1,32,0,1,44,0,45,0,6,70,1,77,80,0,80,157
09/21/2020,DWH,TX,ASW,CE,Towers with Radar,0,4,19,0,23,0,0,2,0,2,0,4,21,0,25,0,0,0,25
09/22/2020,DWH,TX,ASW,CE,Towers with Radar,0,6,2,0,8,0,0,0,0,0,0,6,2,0,8,0,0,0,8
09/23/2020,DWH,TX,ASW,CE,Towers with Radar,0,9,26,0,35,0,0,2,0,2,0,9,28,0,37,36,0,36,73
09/24/2020,DWH,TX,ASW,CE,Towers with Radar,0,0,68,0,68,0,2,67,0,69,0,2,135,0,137,207,0,207,344
09/25/2020,DWH,TX,ASW,CE,Towers with Radar,0,7,40,0,47,0,2,233,1,236,0,9,273,1,283,190,0,190,473
09/26/2020,DWH,TX,ASW,CE,Towers with Radar,0,4,44,0,48,0,4,189,0,193,0,8,233,0,241,270,0,270,511
09/27/2020,DWH,TX,ASW,CE,Towers with Radar,0,6,41,0,47,0,0,150,0,150,0,6,191,0,197,212,0,212,409
09/28/2020,DWH,TX,ASW,CE,Towers with Radar,0,5,32,0,37,0,2,54,0,56,0,7,86,0,93,78,0,78,171
09/29/2020,DWH,TX,ASW,CE,Towers with Radar,0,7,18,0,25,0,0,145,1,146,0,7,163,1,171,118,0,118,289
09/30/2020,DWH,TX,ASW,CE,Towers with Radar,0,7,36,0,43,0,2,199,1,202,0,9,235,1,245,197,0,197,442
10/01/2020,DWH,TX,ASW,CE,Towers with Radar,0,5,25,0,30,0,1,171,1,173,0,6,196,1,203,203,0,203,406
10/02/2020,DWH,TX,ASW,CE,Towers with Radar,0,2,31,0,33,0,2,201,2,205,0,4,232,2,238,192,0,192,430
10/03/2020,DWH,TX,ASW,CE,Towers with Radar,0,5,28,0,33,0,3,207,3,213,0,8,235,3,246,283,0,283,529
10/04/2020,DWH,TX,ASW,CE,Towers with Radar,0,4,26,1,31,0,3,175,0,178,0,7,201,1,209,242,0,242,451
10/05/2020,DWH,TX,ASW,CE,Towers with Radar,0,8,18,4,30,0,3,154,0,157,0,11,172,4,187,152,0,152,339
10/06/2020,DWH,TX,ASW,CE,Towers with Radar,0,7,54,5,66,0,2,186,1,189,0,9,240,6,255,231,0,231,486
10/07/2020,DWH,TX,ASW,CE,Towers with Radar,0,5,34,0,39,0,1,151,0,152,0,6,185,0,191,200,0,200,391
10/08/2020,DWH,TX,ASW,CE,Towers with Radar,0,7,26,0,33,0,2,118,0,120,0,9,144,0,153,128,0,128,281
10/09/2020,DWH,TX,ASW,CE,Towers with Radar,0,3,25,0,28,0,1,14,0,15,0,4,39,0,43,32,0,32,75
10/10/2020,DWH,TX,ASW,CE,Towers with Radar,0,6,25,0,31,0,0,168,0,168,0,6,193,0,199,154,0,154,353
10/11/2020,DWH,TX,ASW,CE,Towers with Radar,0,3,40,0,43,0,2,147,0,149,0,5,187,0,192,290,0,290,482
10/12/2020,DWH,TX,ASW,CE,Towers with Radar,0,6,41,2,49,0,3,120,0,123,0,9,161,2,172,160,0,160,332
10/13/2020,DWH,TX,ASW,CE,Towers with Radar,0,3,40,0,43,0,2,169,0,171,0,5,209,0,214,350,0,350,564
10/14/2020,DWH,TX,ASW,CE,Towers with Radar,0,9,49,3,61,0,4,177,1,182,0,13,226,4,243,325,0,325,568
10/15/2020,DWH,TX,ASW,CE,Towers with Radar,0,1,57,0,58,0,2,128,0,130,0,3,185,0,188,176,0,176,364
10/16/2020,DWH,TX,ASW,CE,Towers with Radar,0,2,35,0,37,0,1,80,1,82,0,3,115,1,119,79,0,79,198
10/17/2020,DWH,TX,ASW,CE,Towers with Radar,0,3,37,0,40,0,1,168,0,169,0,4,205,0,209,335,0,335,544
10/18/2020,DWH,TX,ASW,CE,Towers with Radar,0,1,43,0,44,0,2,154,0,156,0,3,197,0,200,219,0,219,419
10/19/2020,DWH,TX,ASW,CE,Towers with Radar,0,6,79,4,89,0,0,63,0,63,0,6,142,4,152,116,0,116,268
10/20/2020,DWH,TX,ASW,CE,Towers with Radar,0,4,42,0,46,0,1,126,1,128,0,5,168,1,174,117,0,117,291
10/21/2020,DWH,TX,ASW,CE,Towers with Radar,0,8,52,2,62,0,1,106,0,107,0,9,158,2,169,136,0,136,305
10/22/2020,DWH,TX,ASW,CE,Towers with Radar,0,7,54,0,61,0,1,127,0,128,0,8,181,0,189,230,0,230,419
10/23/2020,DWH,TX,ASW,CE,Towers with Radar,0,8,63,0,71,0,2,43,0,45,0,10,106,0,116,40,0,40,156
10/24/2020,DWH,TX,ASW,CE,Towers with Radar,0,4,26,0,30,0,2,164,0,166,0,6,190,0,196,334,0,334,530
10/25/2020,DWH,TX,ASW,CE,Towers with Radar,0,10,49,0,59,0,2,12,0,14,0,12,61,0,73,114,0,114,187
10/26/2020,DWH,TX,ASW,CE,Towers with Radar,0,7,41,0,48,0,1,86,0,87,0,8,127,0,135,208,0,208,343
10/27/2020,DWH,TX,ASW,CE,Towers with Radar,0,0,33,0,33,0,1,8,0,9,0,1,41,0,42,52,0,52,94
10/28/2020,DWH,TX,ASW,CE,Towers with Radar,0,5,34,0,39,0,0,2,0,2,0,5,36,0,41,12,0,12,53
10/29/2020,DWH,TX,ASW,CE,Towers with Radar,0,4,27,2,33,0,0,144,3,147,0,4,171,5,180,156,0,156,336
10/30/2020,DWH,TX,ASW,CE,Towers with Radar,0,4,35,0,39,0,0,239,1,240,0,4,274,1,279,228,0,228,507
10/31/2020,DWH,TX,ASW,CE,Towers with Radar,0,10,30,2,42,0,3,229,0,232,0,13,259,2,274,311,0,311,585
11/01/2020,DWH,TX,ASW,CE,Towers with Radar,0,6,25,0,31,0,5,163,0,168,0,11,188,0,199,186,0,186,385
11/02/2020,DWH,TX,ASW,CE,Towers with Radar,0,11,17,0,28,0,3,162,2,167,0,14,179,2,195,267,0,267,462
11/03/2020,DWH,TX,ASW,CE,Towers with Radar,0,4,42,1,47,0,1,185,1,187,0,5,227,2,234,267,0,267,501
11/04/2020,DWH,TX,ASW,CE,Towers with Radar,0,17,58,0,75,0,2,205,2,209,0,19,263,2,284,219,0,219,503
11/05/2020,DWH,TX,ASW,CE,Towers with Radar,0,2,50,1,53,0,2,169,5,176,0,4,219,6,229,289,0,289,518
11/06/2020,DWH,TX,ASW,CE,Towers with Radar,0,5,45,0,50,0,3,178,1,182,0,8,223,1,232,260,0,260,492
11/07/2020,DWH,TX,ASW,CE,Towers with Radar,0,9,22,0,31,0,0,197,1,198,0,9,219,1,229,246,0,246,475
11/08/2020,DWH,TX,ASW,CE,Towers with Radar,0,17,34,0,51,0,0,72,0,72,0,17,106,0,123,148,0,148,271
11/09/2020,DWH,TX,ASW,CE,Towers with Radar,0,2,36,2,40,0,1,69,0,70,0,3,105,2,110,238,0,238,348
11/10/2020,DWH,TX,ASW,CE,Towers with Radar,0,1,44,0,45,0,1,103,4,108,0,2,147,4,153,152,0,152,305
11/11/2020,DWH,TX,ASW,CE,Towers with Radar,0,8,30,6,44,0,4,191,1,196,0,12,221,7,240,319,0,319,559
11/12/2020,DWH,TX,ASW,CE,Towers with Radar,0,0,51,0,51,0,1,167,1,169,0,1,218,1,220,138,0,138,358
11/13/2020,DWH,TX,ASW,CE,Towers with Radar,0,6,38,1,45,0,2,43,0,45,0,8,81,1,90,152,0,152,242
11/14/2020,DWH,TX,ASW,CE,Towers with Radar,0,0,37,5,42,0,1,109,3,113,0,1,146,8,155,274,0,274,429
11/15/2020,DWH,TX,ASW,CE,Towers with Radar,0,4,27,8,39,0,5,158,3,166,0,9,185,11,205,267,0,267,472
11/16/2020,DWH,TX,ASW,CE,Towers with Radar,0,5,28,2,35,0,2,176,4,182,0,7,204,6,217,225,0,225,442
11/17/2020,DWH,TX,ASW,CE,Towers with Radar,0,4,31,2,37,0,2,170,2,174,0,6,201,4,211,280,0,280,491
11/18/2020,DWH,TX,ASW,CE,Towers with Radar,0,10,32,0,42,0,2,182,2,186,0,12,214,2,228,345,0,345,573
11/19/2020,DWH,TX,ASW,CE,Towers with Radar,0,1,52,3,56,0,1,146,1,148,0,2,198,4,204,273,0,273,477
11/20/2020,DWH,TX,ASW,CE,Towers with Radar,0,4,53,1,58,0,2,96,1,99,0,6,149,2,157,286,0,286,443
11/21/2020,DWH,TX,ASW,CE,Towers with Radar,0,5,29,0,34,0,0,133,0,133,0,5,162,0,167,222,0,222,389
11/22/2020,DWH,TX,ASW,CE,Towers with Radar,0,5,30,0,35,0,2,146,0,148,0,7,176,0,183,278,0,278,461
11/23/2020,DWH,TX,ASW,CE,Towers with Radar,0,4,54,0,58,0,2,31,2,35,0,6,85,2,93,174,0,174,267
11/24/2020,DWH,TX,ASW,CE,Towers with Radar,0,6,45,4,55,0,1,49,3,53,0,7,94,7,108,124,0,124,232
11/25/2020,DWH,TX,ASW,CE,Towers with Radar,0,1,36,0,37,0,5,196,0,201,0,6,232,0,238,275,0,275,513
11/26/2020,DWH,TX,ASW,CE,Towers with Radar,0,2,15,0,17,0,4,41,0,45,0,6,56,0,62,48,0,48,110
11/27/2020,DWH,TX,ASW,CE,Towers with Radar,0,7,21,0,28,0,0,1,0,1,0,7,22,0,29,24,0,24,53
11/28/2020,DWH,TX,ASW,CE,Towers with Radar,0,6,14,0,20,0,0,0,0,0,0,6,14,0,20,0,0,0,20
11/29/2020,DWH,TX,ASW,CE,Towers with Radar,0,1,64,2,67,0,0,37,0,37,0,1,101,2,104,89,0,89,193
11/30/2020,DWH,TX,ASW,CE,Towers with Radar,0,11,34,1,46,0,5,160,3,168,0,16,194,4,214,155,2,157,371
12/01/2020,DWH,TX,ASW,CE,Towers with Radar,0,3,39,0,42,0,2,159,3,164,0,5,198,3,206,194,0,194,400
12/02/2020,DWH,TX,ASW,CE,Towers with Radar,0,6,67,0,73,0,0,1,0,1,0,6,68,0,74,0,0,0,74
12/03/2020,DWH,TX,ASW,CE,Towers with Radar,0,4,52,0,56,0,3,176,5,184,0,7,228,5,240,191,0,191,431
12/04/2020,DWH,TX,ASW,CE,Towers with Radar,0,8,42,2,52,0,2,183,4,189,0,10,225,6,241,257,0,257,498
12/05/2020,DWH,TX,ASW,CE,Towers with Radar,0,2,26,0,28,0,4,203,0,207,0,6,229,0,235,223,0,223,458
12/06/2020,DWH,TX,ASW,CE,Towers with Radar,0,6,31,2,39,0,6,186,0,192,0,12,217,2,231,238,0,238,469
12/07/2020,DWH,TX,ASW,CE,Towers with Radar,0,1,37,1,39,0,2,165,5,172,0,3,202,6,211,198,0,198,409
12/08/2020,DWH,TX,ASW,CE,Towers with Radar,0,0,23,0,23,0,0,149,3,152,0,0,172,3,175,76,0,76,251
12/09/2020,DWH,TX,ASW,CE,Towers with Radar,0,0,34,0,34,0,2,196,1,199,0,2,230,1,233,88,0,88,321
12/10/2020,DWH,TX,ASW,CE,Towers with Radar,0,5,30,3,38,0,2,180,2,184,0,7,210,5,222,122,0,122,344
12/11/2020,DWH,TX,ASW,CE,Towers with Radar,0,3,28,0,31,0,1,22,0,23,0,4,50,0,54,88,0,88,142
12/12/2020,DWH,TX,ASW,CE,Towers with Radar,0,0,45,2,47,0,3,84,2,89,0,3,129,4,136,186,0,186,322
12/13/2020,DWH,TX,ASW,CE,Towers with Radar,0,5,19,0,24,0,0,0,0,0,0,5,19,0,24,0,0,0,24
12/14/2020,DWH,TX,ASW,CE,Towers with Radar,0,4,27,2,33,0,6,67,0,73,0,10,94,2,106,239,0,239,345
12/15/2020,DWH,TX,ASW,CE,Towers with Radar,0,5,25,0,30,0,0,1,0,1,0,5,26,0,31,0,0,0,31
12/16/2020,DWH,TX,ASW,CE,Towers with Radar,0,5,46,0,51,0,3,144,0,147,0,8,190,0,198,159,0,159,357
12/17/2020,DWH,TX,ASW,CE,Towers with Radar,0,0,29,0,29,0,2,230,0,232,0,2,259,0,261,167,0,167,428
12/18/2020,DWH,TX,ASW,CE,Towers with Radar,0,5,46,0,51,0,3,123,0,126,0,8,169,0,177,111,0,111,288
12/19/2020,DWH,TX,ASW,CE,Towers with Radar,0,3,18,0,21,0,2,13,0,15,0,5,31,0,36,0,0,0,36
12/20/2020,DWH,TX,ASW,CE,Towers with Radar,0,4,54,2,60,0,3,203,0,206,0,7,257,2,266,170,0,170,436
12/21/2020,DWH,TX,ASW,CE,Towers with Radar,0,7,44,0,51,0,3,252,0,255,0,10,296,0,306,310,0,310,616
12/22/2020,DWH,TX,ASW,CE,Towers with Radar,0,5,40,0,45,0,1,178,0,179,0,6,218,0,224,273,0,273,497
12/23/2020,DWH,TX,ASW,CE,Towers with Radar,0,6,25,0,31,0,1,41,0,42,0,7,66,0,73,76,0,76,149
12/24/2020,DWH,TX,ASW,CE,Towers with Radar,0,2,9,0,11,0,4,66,0,70,0,6,75,0,81,21,0,21,102
12/25/2020,DWH,TX,ASW,CE,Towers with Radar,0,4,12,0,16,0,2,68,0,70,0,6,80,0,86,22,0,22,108
12/26/2020,DWH,TX,ASW,CE,Towers with Radar,0,11,19,0,30,0,2,197,0,199,0,13,216,0,229,186,0,186,415
12/27/2020,DWH,TX,ASW,CE,Towers with Radar,0,6,29,0,35,0,0,137,0,137,0,6,166,0,172,223,0,223,395
12/28/2020,DWH,TX,ASW,CE,Towers with Radar,0,4,31,0,35,0,0,130,0,130,0,4,161,0,165,232,0,232,397
12/29/2020,DWH,TX,ASW,CE,Towers with Radar,0,7,34,0,41,0,3,118,2,123,0,10,152,2,164,136,0,136,300
12/30/2020,DWH,TX,ASW,CE,Towers with Radar,0,4,34,4,42,0,4,10,2,16,0,8,44,6,58,20,0,20,78
12/31/2020,DWH,TX,ASW,CE,Towers with Radar,0,5,2,0,7,0,0,0,0,0,0,5,2,0,7,0,0,0,7
01/01/2021,DWH,TX,ASW,CE,Towers with Radar,0,9,14,0,23,0,0,132,0,132,0,9,146,0,155,278,0,278,433
01/02/2021,DWH,TX,ASW,CE,Towers with Radar,0,6,44,0,50,0,0,193,0,193,0,6,237,0,243,190,0,190,433
01/03/2021,DWH,TX,ASW,CE,Towers with Radar,0,3,26,0,29,0,0,150,0,150,0,3,176,0,179,220,0,220,399
01/04/2021,DWH,TX,ASW,CE,Towers with Radar,0,5,34,0,39,0,3,127,0,130,0,8,161,0,169,270,0,270,439
01/05/2021,DWH,TX,ASW,CE,Towers with Radar,0,2,35,4,41,0,2,165,3,170,0,4,200,7,211,318,0,318,529
01/06/2021,DWH,TX,ASW,CE,Towers with Radar,0,3,32,0,35,0,0,29,0,29,0,3,61,0,64,51,0,51,115
01/07/2021,DWH,TX,ASW,CE,Towers with Radar,0,3,40,0,43,0,1,118,1,120,0,4,158,1,163,190,0,190,353
01/08/2021,DWH,TX,ASW,CE,Towers with Radar,0,3,48,4,55,0,2,104,0,106,0,5,152,4,161,320,0,320,481
01/09/2021,DWH,TX,ASW,CE,Towers with Radar,0,2,27,0,29,0,1,227,0,228,0,3,254,0,257,347,0,347,604
01/10/2021,DWH,TX,ASW,CE,Towers with Radar,0,7,9,0,16,0,1,0,0,1,0,8,9,0,17,0,0,0,17
01/11/2021,DWH,TX,ASW,CE,Towers with Radar,0,3,18,0,21,0,2,36,0,38,0,5,54,0,59,174,0,174,233
01/12/2021,DWH,TX,ASW,CE,Towers with Radar,0,7,34,0,41,0,2,142,0,144,0,9,176,0,185,286,0,286,471
01/13/2021,DWH,TX,ASW,CE,Towers with Radar,0,8,30,0,38,0,2,213,0,215,0,10,243,0,253,274,0,274,527
01/14/2021,DWH,TX,ASW,CE,Towers with Radar,0,8,30,4,42,0,5,122,2,129,0,13,152,6,171,110,0,110,281
01/15/2021,DWH,TX,ASW,CE,Towers with Radar,0,7,23,0,30,0,1,80,0,81,0,8,103,0,111,67,0,67,178
01/16/2021,DWH,TX,ASW,CE,Towers with Radar,0,4,33,4,41,0,1,247,0,248,0,5,280,4,289,209,0,209,498
01/17/2021,DWH,TX,ASW,CE,Towers with Radar,0,4,26,0,30,0,1,202,0,203,0,5,228,0,233,294,0,294,527
01/18/2021,DWH,TX,ASW,CE,Towers with Radar,0,7,45,0,52,0,0,201,0,201,0,7,246,0,253,258,0,258,511
01/19/2021,DWH,TX,ASW,CE,Towers with Radar,0,0,36,1,37,0,3,115,0,118,0,3,151,1,155,235,0,235,390
01/20/2021,DWH,TX,ASW,CE,Towers with Radar,0,3,68,6,77,0,0,7,0,7,0,3,75,6,84,4,0,4,88
01/21/2021,DWH,TX,ASW,CE,Towers with Radar,0,2,21,0,23,0,0,0,0,0,0,2,21,0,23,0,0,0,23
01/22/2021,DWH,TX,ASW,CE,Towers with Radar,0,1,44,0,45,0,2,4,0,6,0,3,48,0,51,0,0,0,51
01/23/2021,DWH,TX,ASW,CE,Towers with Radar,0,1,28,0,29,0,0,4,0,4,0,1,32,0,33,2,0,2,35
01/24/2021,DWH,TX,ASW,CE,Towers with Radar,0,8,23,0,31,0,4,6,0,10,0,12,29,0,41,42,0,42,83
01/25/2021,DWH,TX,ASW,CE,Towers with Radar,0,1,29,2,32,0,2,93,1,96,0,3,122,3,128,271,0,271,399
01/26/2021,DWH,TX,ASW,CE,Towers with Radar,0,1,26,0,27,0,1,223,0,224,0,2,249,0,251,311,0,311,562
01/27/2021,DWH,TX,ASW,CE,Towers with Radar,0,3,32,1,36,0,2,148,2,152,0,5,180,3,188,90,0,90,278
01/28/2021,DWH,TX,ASW,CE,Towers with Radar,0,7,31,0,38,0,5,212,0,217,0,12,243,0,255,333,0,333,588
01/29/2021,DWH,TX,ASW,CE,Towers with Radar,0,1,45,2,48,0,1,186,2,189,0,2,231,4,237,178,0,178,415
01/30/2021,DWH,TX,ASW,CE,Towers with Radar,0,2,48,0,50,0,1,22,0,23,0,3,70,0,73,242,0,242,315
01/31/2021,DWH,TX,ASW,CE,Towers with Radar,0,0,28,0,28,0,0,171,0,171,0,0,199,0,199,161,0,161,360
02/01/2021,DWH,TX,ASW,CE,Towers with Radar,0,2,28,0,30,0,2,154,0,156,0,4,182,0,186,175,0,175,361
02/02/2021,DWH,TX,ASW,CE,Towers with Radar,0,3,40,0,43,0,2,183,1,186,0,5,223,1,229,281,0,281,510
02/03/2021,DWH,TX,ASW,CE,Towers with Radar,0,4,30,0,34,0,1,195,0,196,0,5,225,0,230,214,0,214,444
02/04/2021,DWH,TX,ASW,CE,Towers with Radar,0,6,54,0,60,0,2,81,0,83,0,8,135,0,143,60,0,60,203
02/05/2021,DWH,TX,ASW,CE,Towers with Radar,0,1,40,0,41,0,4,57,2,63,0,5,97,2,104,140,0,140,244
02/06/2021,DWH,TX,ASW,CE,Towers with Radar,0,2,50,0,52,0,0,59,0,59,0,2,109,0,111,137,0,137,248
02/07/2021,DWH,TX,ASW,CE,Towers with Radar,0,6,39,0,45,0,3,214,0,217,0,9,253,0,262,212,0,212,474
02/08/2021,DWH,TX,ASW,CE,Towers with Radar,0,0,27,0,27,0,3,94,1,98,0,3,121,1,125,269,0,269,394
02/09/2021,DWH,TX,ASW,CE,Towers with Radar,0,1,34,0,35,0,1,35,0,36,0,2,69,0,71,146,0,146,217
02/10/2021,DWH,TX,ASW,CE,Towers with Radar,0,2,10,0,12,0,0,0,0,0,0,2,10,0,12,0,0,0,12
02/11/2021,DWH,TX,ASW,CE,Towers with Radar,0,4,10,0,14,0,0,0,0,0,0,4,10,0,14,0,0,0,14
02/12/2021,DWH,TX,ASW,CE,Towers with Radar,0,3,20,0,23,0,2,0,0,2,0,5,20,0,25,0,0,0,25
02/13/2021,DWH,TX,ASW,CE,Towers with Radar,0,3,4,0,7,0,0,11,0,11,0,3,15,0,18,58,0,58,76
02/14/2021,DWH,TX,ASW,CE,Towers with Radar,0,3,8,1,12,0,0,0,0,0,0,3,8,1,12,0,0,0,12
02/15/2021,DWH,TX,ASW,CE,Towers with Radar,0,0,0,0,0,0,0,0,0,0,0,0,0,0,0,0,0,0,0
02/16/2021,DWH,TX,ASW,CE,Towers with Radar,0,0,0,0,0,0,0,0,0,0,0,0,0,0,0,0,0,0,0
02/17/2021,DWH,TX,ASW,CE,Towers with Radar,0,0,1,0,1,0,0,0,0,0,0,0,1,0,1,0,0,0,1
02/18/2021,DWH,TX,ASW,CE,Towers with Radar,0,0,4,0,4,0,1,5,0,6,0,1,9,0,10,0,0,0,10
02/19/2021,DWH,TX,ASW,CE,Towers with Radar,0,11,30,0,41,0,1,154,0,155,0,12,184,0,196,223,0,223,419
02/20/2021,DWH,TX,ASW,CE,Towers with Radar,0,6,28,1,35,0,2,209,0,211,0,8,237,1,246,256,0,256,502
02/21/2021,DWH,TX,ASW,CE,Towers with Radar,0,5,34,1,40,0,0,122,0,122,0,5,156,1,162,180,0,180,342
02/22/2021,DWH,TX,ASW,CE,Towers with Radar,0,5,28,1,34,0,5,181,2,188,0,10,209,3,222,237,0,237,459
02/23/2021,DWH,TX,ASW,CE,Towers with Radar,0,8,35,0,43,0,2,221,2,225,0,10,256,2,268,238,0,238,506
02/24/2021,DWH,TX,ASW,CE,Towers with Radar,0,2,53,2,57,0,1,77,2,80,0,3,130,4,137,267,0,267,404
02/25/2021,DWH,TX,ASW,CE,Towers with Radar,0,4,52,3,59,0,0,10,1,11,0,4,62,4,70,28,0,28,98
02/26/2021,DWH,TX,ASW,CE,Towers with Radar,0,11,37,0,48,0,1,11,0,12,0,12,48,0,60,0,0,0,60
02/27/2021,DWH,TX,ASW,CE,Towers with Radar,0,1,32,2,35,0,3,49,2,54,0,4,81,4,89,310,0,310,399
02/28/2021,DWH,TX,ASW,CE,Towers with Radar,0,9,38,0,47,0,1,43,0,44,0,10,81,0,91,226,0,226,317
03/01/2021,DWH,TX,ASW,CE,Towers with Radar,0,4,39,0,43,0,2,3,0,5,0,6,42,0,48,14,0,14,62
03/02/2021,DWH,TX,ASW,CE,Towers with Radar,0,2,41,0,43,0,3,158,3,164,0,5,199,3,207,116,0,116,323
03/03/2021,DWH,TX,ASW,CE,Towers with Radar,0,3,46,1,50,0,3,166,2,171,0,6,212,3,221,222,0,222,443
03/04/2021,DWH,TX,ASW,CE,Towers with Radar,0,2,40,4,46,0,5,229,2,236,0,7,269,6,282,289,2,291,573
03/05/2021,DWH,TX,ASW,CE,Towers with Radar,0,5,60,0,65,0,4,82,0,86,0,9,142,0,151,173,0,173,324
03/06/2021,DWH,TX,ASW,CE,Towers with Radar,0,8,26,5,39,0,2,208,3,213,0,10,234,8,252,169,0,169,421
03/07/2021,DWH,TX,ASW,CE,Towers with Radar,0,4,27,0,31,0,3,243,2,248,0,7,270,2,279,230,0,230,509
03/08/2021,DWH,TX,ASW,CE,Towers with Radar,0,1,27,0,28,0,0,171,0,171,0,1,198,0,199,346,0,346,545
03/09/2021,DWH,TX,ASW,CE,Towers with Radar,0,2,50,1,53,0,0,116,1,117,0,2,166,2,170,192,0,192,362
03/10/2021,DWH,TX,ASW,CE,Towers with Radar,0,3,58,1,62,0,3,60,0,63,0,6,118,1,125,148,0,148,273
03/11/2021,DWH,TX,ASW,CE,Towers with Radar,0,10,70,4,84,0,3,106,0,109,0,13,176,4,193,254,0,254,447
03/12/2021,DWH,TX,ASW,CE,Towers with Radar,0,9,73,1,83,0,3,110,1,114,0,12,183,2,197,170,0,170,367
03/13/2021,DWH,TX,ASW,CE,Towers with Radar,0,12,53,0,65,0,6,91,0,97,0,18,144,0,162,158,0,158,320
03/14/2021,DWH,TX,ASW,CE,Towers with Radar,0,1,33,0,34,0,0,0,0,0,0,1,33,0,34,30,0,30,64
03/15/2021,DWH,TX,ASW,CE,Towers with Radar,0,4,46,0,50,0,1,36,3,40,0,5,82,3,90,132,0,132,222
03/16/2021,DWH,TX,ASW,CE,Towers with Radar,0,9,52,0,61,0,3,15,0,18,0,12,67,0,79,62,0,62,141
03/17/2021,DWH,TX,ASW,CE,Towers with Radar,0,8,21,2,31,0,4,70,2,76,0,12,91,4,107,52,0,52,159
03/18/2021,DWH,TX,ASW,CE,Towers with Radar,0,3,31,0,34,0,1,87,0,88,0,4,118,0,122,60,0,60,182
03/19/2021,DWH,TX,ASW,CE,Towers with Radar,0,3,49,0,52,0,2,195,0,197,0,5,244,0,249,224,0,224,473
03/20/2021,DWH,TX,ASW,CE,Towers with Radar,0,6,41,1,48,0,0,255,0,255,0,6,296,1,303,290,0,290,593
03/21/2021,DWH,TX,ASW,CE,Towers with Radar,0,5,43,1,49,0,1,215,0,216,0,6,258,1,265,340,0,340,605
03/22/2021,DWH,TX,ASW,CE,Towers with Radar,0,1,33,0,34,0,0,99,0,99,0,1,132,0,133,198,0,198,331
03/23/2021,DWH,TX,ASW,CE,Towers with Radar,0,1,51,3,55,0,2,105,0,107,0,3,156,3,162,358,0,358,520
03/24/2021,DWH,TX,ASW,CE,Towers with Radar,0,5,39,0,44,0,1,2,0,3,0,6,41,0,47,2,0,2,49
03/25/2021,DWH,TX,ASW,CE,Towers with Radar,0,4,29,2,35,0,2,148,2,152,0,6,177,4,187,133,0,133,320
03/26/2021,DWH,TX,ASW,CE,Towers with Radar,0,3,30,0,33,0,1,267,0,268,0,4,297,0,301,230,0,230,531
03/27/2021,DWH,TX,ASW,CE,Towers with Radar,0,4,44,4,52,0,2,27,1,30,0,6,71,5,82,205,0,205,287
03/28/2021,DWH,TX,ASW,CE,Towers with Radar,0,0,25,0,25,0,0,95,0,95,0,0,120,0,120,94,0,94,214
03/29/2021,DWH,TX,ASW,CE,Towers with Radar,0,5,50,0,55,0,3,240,0,243,0,8,290,0,298,448,0,448,746
03/30/2021,DWH,TX,ASW,CE,Towers with Radar,0,3,35,2,40,0,0,61,0,61,0,3,96,2,101,176,0,176,277
03/31/2021,DWH,TX,ASW,CE,Towers with Radar,0,7,51,0,58,0,1,16,2,19,0,8,67,2,77,6,0,6,83
04/01/2021,DWH,TX,ASW,CE,Towers with Radar,0,10,37,1,48,0,5,257,1,263,0,15,294,2,311,282,0,282,593
04/02/2021,DWH,TX,ASW,CE,Towers with Radar,0,9,45,3,57,0,4,255,2,261,0,13,300,5,318,406,0,406,724
04/03/2021,DWH,TX,ASW,CE,Towers with Radar,0,2,29,0,31,0,3,142,1,146,0,5,171,1,177,538,0,538,715
04/04/2021,DWH,TX,ASW,CE,Towers with Radar,0,7,29,1,37,0,2,135,1,138,0,9,164,2,175,239,0,239,414
04/05/2021,DWH,TX,ASW,CE,Towers with Radar,0,1,71,2,74,0,1,174,2,177,0,2,245,4,251,381,0,381,632
04/06/2021,DWH,TX,ASW,CE,Towers with Radar,0,12,52,0,64,0,1,111,4,116,0,13,163,4,180,316,0,316,496
04/07/2021,DWH,TX,ASW,CE,Towers with Radar,0,7,57,6,70,0,3,70,1,74,0,10,127,7,144,380,0,380,524
04/08/2021,DWH,TX,ASW,CE,Towers with Radar,0,6,57,1,64,0,1,210,1,212,0,7,267,2,276,356,0,356,632
04/09/2021,DWH,TX,ASW,CE,Towers with Radar,0,10,55,2,67,0,4,81,0,85,0,14,136,2,152,302,0,302,454
04/10/2021,DWH,TX,ASW,CE,Towers with Radar,0,0,34,2,36,0,2,211,2,215,0,2,245,4,251,211,0,211,462
04/11/2021,DWH,TX,ASW,CE,Towers with Radar,0,6,41,2,49,0,2,237,0,239,0,8,278,2,288,301,0,301,589
04/12/2021,DWH,TX,ASW,CE,Towers with Radar,0,6,44,0,50,0,3,204,2,209,0,9,248,2,259,382,0,382,641
04/13/2021,DWH,TX,ASW,CE,Towers with Radar,0,6,44,1,51,0,3,24,0,27,0,9,68,1,78,100,0,100,178
04/14/2021,DWH,TX,ASW,CE,Towers with Radar,0,5,29,0,34,0,1,2,0,3,0,6,31,0,37,4,0,4,41
04/15/2021,DWH,TX,ASW,CE,Towers with Radar,0,6,47,2,55,0,2,22,2,26,0,8,69,4,81,132,0,132,213
04/16/2021,DWH,TX,ASW,CE,Towers with Radar,0,6,13,0,19,0,0,0,0,0,0,6,13,0,19,0,0,0,19
04/17/2021,DWH,TX,ASW,CE,Towers with Radar,0,5,28,0,33,0,2,56,0,58,0,7,84,0,91,79,0,79,170
04/18/2021,DWH,TX,ASW,CE,Towers with Radar,0,2,55,0,57,0,0,260,0,260,0,2,315,0,317,315,0,315,632
04/19/2021,DWH,TX,ASW,CE,Towers with Radar,0,6,39,2,47,0,4,246,2,252,0,10,285,4,299,355,0,355,654
04/20/2021,DWH,TX,ASW,CE,Towers with Radar,0,4,49,0,53,0,7,271,0,278,0,11,320,0,331,355,0,355,686
04/21/2021,DWH,TX,ASW,CE,Towers with Radar,0,2,50,0,52,0,5,228,3,236,0,7,278,3,288,245,2,247,535
04/22/2021,DWH,TX,ASW,CE,Towers with Radar,0,5,56,1,62,0,1,179,2,182,0,6,235,3,244,230,0,230,474
04/23/2021,DWH,TX,ASW,CE,Towers with Radar,0,6,31,4,41,0,0,1,0,1,0,6,32,4,42,8,0,8,50
04/24/2021,DWH,TX,ASW,CE,Towers with Radar,0,2,26,0,28,0,4,217,0,221,0,6,243,0,249,164,0,164,413
04/25/2021,DWH,TX,ASW,CE,Towers with Radar,0,5,44,1,50,0,2,267,0,269,0,7,311,1,319,318,0,318,637
04/26/2021,DWH,TX,ASW,CE,Towers with Radar,0,2,50,0,52,0,3,174,0,177,0,5,224,0,229,322,0,322,551
04/27/2021,DWH,TX,ASW,CE,Towers with Radar,0,5,55,0,60,0,2,46,8,56,0,7,101,8,116,234,0,234,350
04/28/2021,DWH,TX,ASW,CE,Towers with Radar,0,3,28,2,33,0,7,93,3,103,0,10,121,5,136,112,0,112,248
04/29/2021,DWH,TX,ASW,CE,Towers with Radar,0,9,59,0,68,0,5,84,0,89,0,14,143,0,157,292,0,292,449
04/30/2021,DWH,TX,ASW,CE,Towers with Radar,0,1,19,0,20,0,4,10,0,14,0,5,29,0,34,14,0,14,48
05/01/2021,DWH,TX,ASW,CE,Towers with Radar,0,4,2,1,7,0,1,1,0,2,0,5,3,1,9,0,0,0,9
05/02/2021,DWH,TX,ASW,CE,Towers with Radar,0,5,50,0,55,0,1,173,1,175,0,6,223,1,230,273,0,273,503
05/03/2021,DWH,TX,ASW,CE,Towers with Radar,0,10,62,0,72,0,1,141,3,145,0,11,203,3,217,184,0,184,401
05/04/2021,DWH,TX,ASW,CE,Towers with Radar,0,6,46,0,52,0,7,88,0,95,0,13,134,0,147,193,0,193,340
05/05/2021,DWH,TX,ASW,CE,Towers with Radar,0,15,65,3,83,0,1,255,0,256,0,16,320,3,339,272,0,272,611
05/06/2021,DWH,TX,ASW,CE,Towers with Radar,0,10,47,5,62,0,5,233,1,239,0,15,280,6,301,356,0,356,657
05/07/2021,DWH,TX,ASW,CE,Towers with Radar,0,7,55,2,64,0,1,253,3,257,0,8,308,5,321,448,0,448,769
05/08/2021,DWH,TX,ASW,CE,Towers with Radar,0,5,42,0,47,0,0,155,4,159,0,5,197,4,206,414,0,414,620
05/09/2021,DWH,TX,ASW,CE,Towers with Radar,0,8,49,0,57,0,1,68,0,69,0,9,117,0,126,182,0,182,308
05/10/2021,DWH,TX,ASW,CE,Towers with Radar,0,7,38,2,47,0,4,147,0,151,0,11,185,2,198,310,0,310,508
05/11/2021,DWH,TX,ASW,CE,Towers with Radar,0,4,36,0,40,0,3,68,0,71,0,7,104,0,111,240,0,240,351
05/12/2021,DWH,TX,ASW,CE,Towers with Radar,0,6,55,2,63,0,1,34,2,37,0,7,89,4,100,52,2,54,154
05/13/2021,DWH,TX,ASW,CE,Towers with Radar,0,10,98,0,108,0,2,181,0,183,0,12,279,0,291,298,0,298,589
05/14/2021,DWH,TX,ASW,CE,Towers with Radar,0,6,66,1,73,0,5,252,1,258,0,11,318,2,331,336,0,336,667
05/15/2021,DWH,TX,ASW,CE,Towers with Radar,0,4,52,0,56,0,7,193,0,200,0,11,245,0,256,256,0,256,512
05/16/2021,DWH,TX,ASW,CE,Towers with Radar,0,4,45,0,49,0,3,26,0,29,0,7,71,0,78,54,0,54,132
05/17/2021,DWH,TX,ASW,CE,Towers with Radar,0,2,26,0,28,0,2,11,0,13,0,4,37,0,41,0,0,0,41
05/18/2021,DWH,TX,ASW,CE,Towers with Radar,0,8,44,0,52,0,4,75,2,81,0,12,119,2,133,257,0,257,390
05/19/2021,DWH,TX,ASW,CE,Towers with Radar,0,2,22,0,24,0,2,7,0,9,0,4,29,0,33,34,0,34,67
05/20/2021,DWH,TX,ASW,CE,Towers with Radar,0,6,77,6,89,0,5,106,0,111,0,11,183,6,200,316,0,316,516
05/21/2021,DWH,TX,ASW,CE,Towers with Radar,0,7,49,0,56,0,3,35,1,39,0,10,84,1,95,138,0,138,233
05/22/2021,DWH,TX,ASW,CE,Towers with Radar,0,6,33,0,39,0,2,11,0,13,0,8,44,0,52,170,0,170,222
05/23/2021,DWH,TX,ASW,CE,Towers with Radar,0,9,70,0,79,0,5,11,0,16,0,14,81,0,95,84,0,84,179
05/24/2021,DWH,TX,ASW,CE,Towers with Radar,0,8,26,0,34,0,3,22,2,27,0,11,48,2,61,77,0,77,138
05/25/2021,DWH,TX,ASW,CE,Towers with Radar,0,3,50,3,56,0,1,42,0,43,0,4,92,3,99,130,0,130,229
05/26/2021,DWH,TX,ASW,CE,Towers with Radar,0,8,61,1,70,0,2,179,2,183,0,10,240,3,253,334,0,334,587
05/27/2021,DWH,TX,ASW,CE,Towers with Radar,0,9,82,1,92,0,3,242,0,245,0,12,324,1,337,226,0,226,563
05/28/2021,DWH,TX,ASW,CE,Towers with Radar,0,3,59,2,64,0,1,138,0,139,0,4,197,2,203,218,0,218,421
05/29/2021,DWH,TX,ASW,CE,Towers with Radar,0,3,32,0,35,0,2,187,0,189,0,5,219,0,224,372,0,372,596
05/30/2021,DWH,TX,ASW,CE,Towers with Radar,0,2,38,0,40,0,3,179,0,182,0,5,217,0,222,241,0,241,463
05/31/2021,DWH,TX,ASW,CE,Towers with Radar,1,4,45,0,50,0,3,164,0,167,1,7,209,0,217,295,0,295,512
06/01/2021,DWH,TX,ASW,CE,Towers with Radar,0,4,39,0,43,0,2,111,0,113,0,6,150,0,156,258,0,258,414
06/02/2021,DWH,TX,ASW,CE,Towers with Radar,0,6,46,0,52,0,3,154,0,157,0,9,200,0,209,377,0,377,586
06/03/2021,DWH,TX,ASW,CE,Towers with Radar,0,10,49,2,61,0,0,105,0,105,0,10,154,2,166,208,0,208,374
06/04/2021,DWH,TX,ASW,CE,Towers with Radar,0,6,51,0,57,0,1,39,0,40,0,7,90,0,97,142,0,142,239
06/05/2021,DWH,TX,ASW,CE,Towers with Radar,0,3,37,0,40,0,1,56,0,57,0,4,93,0,97,152,0,152,249
06/06/2021,DWH,TX,ASW,CE,Towers with Radar,0,9,50,0,59,0,2,136,2,140,0,11,186,2,199,278,0,278,477
06/07/2021,DWH,TX,ASW,CE,Towers with Radar,0,6,56,0,62,0,3,119,0,122,0,9,175,0,184,352,0,352,536
06/08/2021,DWH,TX,ASW,CE,Towers with Radar,0,2,42,0,44,0,2,216,0,218,0,4,258,0,262,351,0,351,613
06/09/2021,DWH,TX,ASW,CE,Towers with Radar,0,6,67,0,73,0,1,191,4,196,0,7,258,4,269,422,0,422,691
06/10/2021,DWH,TX,ASW,CE,Towers with Radar,0,10,63,0,73,0,5,205,2,212,0,15,268,2,285,330,0,330,615
06/11/2021,DWH,TX,ASW,CE,Towers with Radar,0,11,59,1,71,0,6,230,1,237,0,17,289,2,308,232,0,232,540
06/12/2021,DWH,TX,ASW,CE,Towers with Radar,1,3,55,6,65,0,5,218,0,223,1,8,273,6,288,276,0,276,564
06/13/2021,DWH,TX,ASW,CE,Towers with Radar,0,6,51,3,60,0,4,208,0,212,0,10,259,3,272,203,0,203,475
06/14/2021,DWH,TX,ASW,CE,Towers with Radar,0,8,27,1,36,0,9,200,1,210,0,17,227,2,246,270,0,270,516
06/15/2021,DWH,TX,ASW,CE,Towers with Radar,0,8,40,0,48,0,4,191,4,199,0,12,231,4,247,203,0,203,450
06/16/2021,DWH,TX,ASW,CE,Towers with Radar,0,8,36,0,44,0,4,208,2,214,0,12,244,2,258,372,0,372,630
06/17/2021,DWH,TX,ASW,CE,Towers with Radar,0,1,68,1,70,0,5,215,2,222,0,6,283,3,292,318,0,318,610
06/18/2021,DWH,TX,ASW,CE,Towers with Radar,0,6,55,3,64,0,4,229,2,235,0,10,284,5,299,322,0,322,621
06/19/2021,DWH,TX,ASW,CE,Towers with Radar,0,1,31,0,32,0,0,236,0,236,0,1,267,0,268,358,0,358,626
06/20/2021,DWH,TX,ASW,CE,Towers with Radar,0,8,46,0,54,0,4,97,0,101,0,12,143,0,155,236,0,236,391
06/21/2021,DWH,TX,ASW,CE,Towers with Radar,0,10,34,0,44,0,4,84,0,88,0,14,118,0,132,254,0,254,386
06/22/2021,DWH,TX,ASW,CE,Towers with Radar,0,6,50,0,56,0,7,80,1,88,0,13,130,1,144,261,0,261,405
06/23/2021,DWH,TX,ASW,CE,Towers with Radar,0,8,52,0,60,0,6,144,0,150,0,14,196,0,210,371,0,371,581
06/24/2021,DWH,TX,ASW,CE,Towers with Radar,0,6,53,3,62,0,2,137,4,143,0,8,190,7,205,246,0,246,451
06/25/2021,DWH,TX,ASW,CE,Towers with Radar,0,5,59,0,64,0,0,193,0,193,0,5,252,0,257,258,0,258,515
06/26/2021,DWH,TX,ASW,CE,Towers with Radar,0,5,48,4,57,0,2,153,0,155,0,7,201,4,212,396,0,396,608
06/27/2021,DWH,TX,ASW,CE,Towers with Radar,0,10,31,0,41,0,3,80,0,83,0,13,111,0,124,265,0,265,389
06/28/2021,DWH,TX,ASW,CE,Towers with Radar,0,4,31,0,35,0,4,5,0,9,0,8,36,0,44,6,0,6,50
06/29/2021,DWH,TX,ASW,CE,Towers with Radar,0,3,39,0,42,0,2,64,2,68,0,5,103,2,110,269,0,269,379
06/30/2021,DWH,TX,ASW,CE,Towers with Radar,0,5,48,1,54,0,5,115,2,122,0,10,163,3,176,254,0,254,430
07/01/2021,DWH,TX,ASW,CE,Towers with Radar,0,11,69,0,80,0,4,248,2,254,0,15,317,2,334,352,0,352,686
07/02/2021,DWH,TX,ASW,CE,Towers with Radar,0,6,39,2,47,0,4,192,1,197,0,10,231,3,244,328,0,328,572
07/03/2021,DWH,TX,ASW,CE,Towers with Radar,0,1,13,0,14,0,2,25,0,27,0,3,38,0,41,131,0,131,172
07/04/2021,DWH,TX,ASW,CE,Towers with Radar,0,2,21,1,24,0,5,55,0,60,0,7,76,1,84,103,0,103,187
07/05/2021,DWH,TX,ASW,CE,Towers with Radar,0,6,52,1,59,0,1,45,0,46,0,7,97,1,105,169,0,169,274
07/06/2021,DWH,TX,ASW,CE,Towers with Radar,0,5,35,0,40,0,0,70,1,71,0,5,105,1,111,279,0,279,390
07/07/2021,DWH,TX,ASW,CE,Towers with Radar,0,10,46,0,56,0,3,123,0,126,0,13,169,0,182,396,0,396,578
07/08/2021,DWH,TX,ASW,CE,Towers with Radar,0,7,40,0,47,0,5,84,0,89,0,12,124,0,136,139,0,139,275
07/09/2021,DWH,TX,ASW,CE,Towers with Radar,0,9,38,0,47,0,2,31,0,33,0,11,69,0,80,61,0,61,141
07/10/2021,DWH,TX,ASW,CE,Towers with Radar,0,7,40,0,47,0,2,117,0,119,0,9,157,0,166,370,0,370,536
07/11/2021,DWH,TX,ASW,CE,Towers with Radar,0,6,46,0,52,0,2,139,0,141,0,8,185,0,193,252,0,252,445
07/12/2021,DWH,TX,ASW,CE,Towers with Radar,0,9,43,0,52,0,4,70,0,74,0,13,113,0,126,145,0,145,271
07/13/2021,DWH,TX,ASW,CE,Towers with Radar,0,7,39,0,46,0,4,139,0,143,0,11,178,0,189,208,0,208,397
07/14/2021,DWH,TX,ASW,CE,Towers with Radar,0,6,42,0,48,0,3,120,0,123,0,9,162,0,171,245,0,245,416
07/15/2021,DWH,TX,ASW,CE,Towers with Radar,0,4,52,0,56,0,1,136,0,137,0,5,188,0,193,242,0,242,435
07/16/2021,DWH,TX,ASW,CE,Towers with Radar,0,1,66,0,67,0,5,143,0,148,0,6,209,0,215,360,0,360,575
07/17/2021,DWH,TX,ASW,CE,Towers with Radar,0,8,32,0,40,0,1,273,0,274,0,9,305,0,314,436,0,436,750
07/18/2021,DWH,TX,ASW,CE,Towers with Radar,0,5,41,1,47,0,4,199,0,203,0,9,240,1,250,264,2,266,516
07/19/2021,DWH,TX,ASW,CE,Towers with Radar,0,6,45,4,55,0,1,143,0,144,0,7,188,4,199,304,0,304,503
07/20/2021,DWH,TX,ASW,CE,Towers with Radar,0,3,41,1,45,0,3,152,2,157,0,6,193,3,202,250,0,250,452
07/21/2021,DWH,TX,ASW,CE,Towers with Radar,0,8,44,5,57,0,2,170,3,175,0,10,214,8,232,240,0,240,472
07/22/2021,DWH,TX,ASW,CE,Towers with Radar,0,8,51,3,62,0,3,184,2,189,0,11,235,5,251,229,0,229,480
07/23/2021,DWH,TX,ASW,CE,Towers with Radar,0,9,52,2,63,0,3,263,0,266,0,12,315,2,329,398,0,398,727
07/24/2021,DWH,TX,ASW,CE,Towers with Radar,0,2,30,2,34,0,3,227,0,230,0,5,257,2,264,442,0,442,706
07/25/2021,DWH,TX,ASW,CE,Towers with Radar,0,9,39,1,49,0,4,178,1,183,0,13,217,2,232,334,0,334,566
07/26/2021,DWH,TX,ASW,CE,Towers with Radar,0,11,50,0,61,0,1,171,0,172,0,12,221,0,233,270,0,270,503
07/27/2021,DWH,TX,ASW,CE,Towers with Radar,0,9,36,0,45,0,5,144,0,149,0,14,180,0,194,161,0,161,355
07/28/2021,DWH,TX,ASW,CE,Towers with Radar,0,13,44,2,59,0,5,206,0,211,0,18,250,2,270,343,0,343,613
07/29/2021,DWH,TX,ASW,CE,Towers with Radar,0,13,55,0,68,0,3,186,0,189,0,16,241,0,257,230,0,230,487
07/30/2021,DWH,TX,ASW,CE,Towers with Radar,0,13,52,1,66,0,3,213,1,217,0,16,265,2,283,270,0,270,553
07/31/2021,DWH,TX,ASW,CE,Towers with Radar,0,7,27,0,34,0,3,168,0,171,0,10,195,0,205,250,0,250,455
08/01/2021,DWH,TX,ASW,CE,Towers with Radar,0,7,42,0,49,0,5,217,0,222,0,12,259,0,271,280,0,280,551
08/02/2021,DWH,TX,ASW,CE,Towers with Radar,0,7,29,0,36,0,1,63,0,64,0,8,92,0,100,270,0,270,370
08/03/2021,DWH,TX,ASW,CE,Towers with Radar,0,1,60,1,62,0,5,102,0,107,0,6,162,1,169,232,0,232,401
08/04/2021,DWH,TX,ASW,CE,Towers with Radar,0,5,44,0,49,0,2,180,0,182,0,7,224,0,231,324,0,324,555
08/05/2021,DWH,TX,ASW,CE,Towers with Radar,0,12,45,0,57,0,4,149,1,154,0,16,194,1,211,282,0,282,493
08/06/2021,DWH,TX,ASW,CE,Towers with Radar,0,2,20,5,27,0,7,163,1,171,0,9,183,6,198,268,0,268,466
08/07/2021,DWH,TX,ASW,CE,Towers with Radar,0,2,42,2,46,0,2,214,2,218,0,4,256,4,264,288,0,288,552
08/08/2021,DWH,TX,ASW,CE,Towers with Radar,0,6,38,0,44,0,2,187,1,190,0,8,225,1,234,260,0,260,494
08/09/2021,DWH,TX,ASW,CE,Towers with Radar,0,11,51,0,62,0,3,130,0,133,0,14,181,0,195,279,0,279,474
08/10/2021,DWH,TX,ASW,CE,Towers with Radar,0,6,42,2,50,0,2,148,0,150,0,8,190,2,200,333,0,333,533
08/11/2021,DWH,TX,ASW,CE,Towers with Radar,0,2,32,0,34,0,7,168,0,175,0,9,200,0,209,370,0,370,579
08/12/2021,DWH,TX,ASW,CE,Towers with Radar,0,3,43,0,46,0,5,151,3,159,0,8,194,3,205,233,0,233,438
08/13/2021,DWH,TX,ASW,CE,Towers with Radar,0,5,31,0,36,0,4,120,0,124,0,9,151,0,160,348,0,348,508
08/14/2021,DWH,TX,ASW,CE,Towers with Radar,1,4,23,0,28,0,0,237,0,237,1,4,260,0,265,484,0,484,749
08/15/2021,DWH,TX,ASW,CE,Towers with Radar,0,6,41,0,47,0,3,149,1,153,0,9,190,1,200,187,0,187,387
08/16/2021,DWH,TX,ASW,CE,Towers with Radar,0,10,48,2,60,0,1,137,2,140,0,11,185,4,200,136,0,136,336
08/17/2021,DWH,TX,ASW,CE,Towers with Radar,0,14,55,2,71,0,3,172,0,175,0,17,227,2,246,245,0,245,491
08/18/2021,DWH,TX,ASW,CE,Towers with Radar,0,4,42,0,46,0,2,72,0,74,0,6,114,0,120,136,0,136,256
08/19/2021,DWH,TX,ASW,CE,Towers with Radar,0,8,71,1,80,0,5,183,3,191,0,13,254,4,271,320,0,320,591
08/20/2021,DWH,TX,ASW,CE,Towers with Radar,0,12,72,3,87,0,7,248,3,258,0,19,320,6,345,280,0,280,625
08/21/2021,DWH,TX,ASW,CE,Towers with Radar,0,5,39,0,44,0,4,212,2,218,0,9,251,2,262,285,0,285,547
08/22/2021,DWH,TX,ASW,CE,Towers with Radar,0,9,51,0,60,0,3,192,0,195,0,12,243,0,255,230,0,230,485
08/23/2021,DWH,TX,ASW,CE,Towers with Radar,0,5,60,0,65,0,3,156,0,159,0,8,216,0,224,184,0,184,408
08/24/2021,DWH,TX,ASW,CE,Towers with Radar,0,3,49,2,54,0,4,199,2,205,0,7,248,4,259,324,0,324,583
08/25/2021,DWH,TX,ASW,CE,Towers with Radar,0,9,43,3,55,0,7,188,0,195,0,16,231,3,250,243,0,243,493
08/26/2021,DWH,TX,ASW,CE,Towers with Radar,0,2,40,0,42,0,6,163,0,169,0,8,203,0,211,170,0,170,381
08/27/2021,DWH,TX,ASW,CE,Towers with Radar,0,6,51,1,58,0,6,128,8,142,0,12,179,9,200,238,0,238,438
08/28/2021,DWH,TX,ASW,CE,Towers with Radar,0,4,38,0,42,0,5,109,2,116,0,9,147,2,158,210,0,210,368
08/29/2021,DWH,TX,ASW,CE,Towers with Radar,0,6,27,0,33,0,2,175,3,180,0,8,202,3,213,204,0,204,417
08/30/2021,DWH,TX,ASW,CE,Towers with Radar,0,7,40,2,49,0,5,219,0,224,0,12,259,2,273,238,0,238,511
08/31/2021,DWH,TX,ASW,CE,Towers with Radar,0,4,59,1,64,0,8,211,3,222,0,12,270,4,286,316,0,316,602
09/01/2021,DWH,TX,ASW,CE,Towers with Radar,0,10,38,0,48,0,5,115,2,122,0,15,153,2,170,218,0,218,388
09/02/2021,DWH,TX,ASW,CE,Towers with Radar,0,7,49,0,56,0,5,143,1,149,0,12,192,1,205,174,0,174,379
09/03/2021,DWH,TX,ASW,CE,Towers with Radar,0,9,56,0,65,0,6,154,0,160,0,15,210,0,225,208,0,208,433
09/04/2021,DWH,TX,ASW,CE,Towers with Radar,0,3,38,0,41,0,6,221,0,227,0,9,259,0,268,330,0,330,598
09/05/2021,DWH,TX,ASW,CE,Towers with Radar,0,6,40,0,46,0,4,203,0,207,0,10,243,0,253,284,0,284,537
09/06/2021,DWH,TX,ASW,CE,Towers with Radar,0,12,67,0,79,0,2,162,0,164,0,14,229,0,243,245,0,245,488
09/07/2021,DWH,TX,ASW,CE,Towers with Radar,0,8,39,6,53,0,5,192,4,201,0,13,231,10,254,259,0,259,513
09/08/2021,DWH,TX,ASW,CE,Towers with Radar,0,3,40,0,43,0,3,220,1,224,0,6,260,1,267,274,0,274,541
09/09/2021,DWH,TX,ASW,CE,Towers with Radar,0,15,47,0,62,0,3,207,0,210,0,18,254,0,272,223,0,223,495
09/10/2021,DWH,TX,ASW,CE,Towers with Radar,0,5,55,2,62,0,2,220,1,223,0,7,275,3,285,253,0,253,538
09/11/2021,DWH,TX,ASW,CE,Towers with Radar,0,8,42,7,57,0,3,261,1,265,0,11,303,8,322,356,0,356,678
09/12/2021,DWH,TX,ASW,CE,Towers with Radar,0,10,37,0,47,0,4,144,0,148,0,14,181,0,195,222,0,222,417
09/13/2021,DWH,TX,ASW,CE,Towers with Radar,0,6,15,0,21,0,1,7,0,8,0,7,22,0,29,0,0,0,29
09/14/2021,DWH,TX,ASW,CE,Towers with Radar,0,1,6,0,7,0,2,5,0,7,0,3,11,0,14,4,0,4,18
09/15/2021,DWH,TX,ASW,CE,Towers with Radar,0,8,47,2,57,0,2,27,1,30,0,10,74,3,87,124,0,124,211
09/16/2021,DWH,TX,ASW,CE,Towers with Radar,0,9,83,6,98,0,3,77,0,80,0,12,160,6,178,208,0,208,386
09/17/2021,DWH,TX,ASW,CE,Towers with Radar,0,10,62,4,76,0,4,207,0,211,0,14,269,4,287,302,2,304,591
09/18/2021,DWH,TX,ASW,CE,Towers with Radar,0,6,34,0,40,0,2,143,0,145,0,8,177,0,185,160,0,160,345
09/19/2021,DWH,TX,ASW,CE,Towers with Radar,0,13,55,0,68,0,3,174,3,180,0,16,229,3,248,339,0,339,587
09/20/2021,DWH,TX,ASW,CE,Towers with Radar,0,4,58,0,62,0,5,152,0,157,0,9,210,0,219,230,0,230,449
09/21/2021,DWH,TX,ASW,CE,Towers with Radar,0,9,85,0,94,0,5,104,2,111,0,14,189,2,205,308,0,308,513
09/22/2021,DWH,TX,ASW,CE,Towers with Radar,0,8,40,0,48,0,3,221,0,224,0,11,261,0,272,326,0,326,598
09/23/2021,DWH,TX,ASW,CE,Towers with Radar,0,9,46,4,59,0,4,263,2,269,0,13,309,6,328,233,0,233,561
09/24/2021,DWH,TX,ASW,CE,Towers with Radar,0,5,64,2,71,0,6,247,2,255,0,11,311,4,326,366,0,366,692
09/25/2021,DWH,TX,ASW,CE,Towers with Radar,0,8,33,1,42,0,1,254,1,256,0,9,287,2,298,326,0,326,624
09/26/2021,DWH,TX,ASW,CE,Towers with Radar,0,8,52,1,61,0,4,257,2,263,0,12,309,3,324,326,2,328,652
09/27/2021,DWH,TX,ASW,CE,Towers with Radar,0,3,63,2,68,0,4,151,0,155,0,7,214,2,223,332,0,332,555
09/28/2021,DWH,TX,ASW,CE,Towers with Radar,0,4,59,1,64,0,2,44,0,46,0,6,103,1,110,130,0,130,240
09/29/2021,DWH,TX,ASW,CE,Towers with Radar,1,4,60,1,66,0,0,105,0,105,1,4,165,1,171,175,0,175,346
09/30/2021,DWH,TX,ASW,CE,Towers with Radar,0,6,72,0,78,0,10,45,0,55,0,16,117,0,133,136,0,136,269
10/01/2021,DWH,TX,ASW,CE,Towers with Radar,0,7,29,0,36,0,2,17,0,19,0,9,46,0,55,62,0,62,117
10/02/2021,DWH,TX,ASW,CE,Towers with Radar,0,14,26,0,40,0,3,49,0,52,0,17,75,0,92,96,0,96,188
10/03/2021,DWH,TX,ASW,CE,Towers with Radar,0,11,56,0,67,0,0,140,0,140,0,11,196,0,207,249,0,249,456
10/04/2021,DWH,TX,ASW,CE,Towers with Radar,0,8,40,0,48,0,4,200,0,204,0,12,240,0,252,215,0,215,467
10/05/2021,DWH,TX,ASW,CE,Towers with Radar,0,6,63,0,69,0,1,245,1,247,0,7,308,1,316,278,0,278,594
10/06/2021,DWH,TX,ASW,CE,Towers with Radar,0,8,46,0,54,0,2,238,0,240,0,10,284,0,294,239,0,239,533
10/07/2021,DWH,TX,ASW,CE,Towers with Radar,0,10,78,1,89,0,1,251,2,254,0,11,329,3,343,190,0,190,533
10/08/2021,DWH,TX,ASW,CE,Towers with Radar,0,14,57,0,71,0,2,224,0,226,0,16,281,0,297,160,0,160,457
10/09/2021,DWH,TX,ASW,CE,Towers with Radar,0,6,36,0,42,0,2,234,0,236,0,8,270,0,278,253,0,253,531
10/10/2021,DWH,TX,ASW,CE,Towers with Radar,0,2,68,0,70,0,4,104,0,108,0,6,172,0,178,181,0,181,359
10/11/2021,DWH,TX,ASW,CE,Towers with Radar,0,12,45,0,57,0,3,193,0,196,0,15,238,0,253,233,0,233,486
10/12/2021,DWH,TX,ASW,CE,Towers with Radar,0,6,71,0,77,0,3,98,0,101,0,9,169,0,178,193,0,193,371
10/13/2021,DWH,TX,ASW,CE,Towers with Radar,1,11,74,0,86,0,6,162,1,169,1,17,236,1,255,140,0,140,395
10/14/2021,DWH,TX,ASW,CE,Towers with Radar,0,5,32,0,37,0,0,27,2,29,0,5,59,2,66,68,0,68,134
10/15/2021,DWH,TX,ASW,CE,Towers with Radar,0,3,56,4,63,0,8,111,0,119,0,11,167,4,182,124,0,124,306
10/16/2021,DWH,TX,ASW,CE,Towers with Radar,0,6,36,0,42,0,5,179,2,186,0,11,215,2,228,178,0,178,406
10/17/2021,DWH,TX,ASW,CE,Towers with Radar,1,6,40,0,47,0,4,274,1,279,1,10,314,1,326,252,0,252,578
10/18/2021,DWH,TX,ASW,CE,Towers with Radar,0,14,51,0,65,0,3,233,0,236,0,17,284,0,301,224,0,224,525
10/19/2021,DWH,TX,ASW,CE,Towers with Radar,0,11,62,4,77,0,4,216,2,222,0,15,278,6,299,289,1,290,589
10/20/2021,DWH,TX,ASW,CE,Towers with Radar,0,8,69,1,78,0,3,176,0,179,0,11,245,1,257,325,0,325,582
10/21/2021,DWH,TX,ASW,CE,Towers with Radar,0,8,65,4,77,0,4,156,2,162,0,12,221,6,239,190,0,190,429
10/22/2021,DWH,TX,ASW,CE,Towers with Radar,0,5,47,4,56,0,0,169,0,169,0,5,216,4,225,272,0,272,497
10/23/2021,DWH,TX,ASW,CE,Towers with Radar,0,3,50,2,55,0,5,92,0,97,0,8,142,2,152,216,0,216,368
10/24/2021,DWH,TX,ASW,CE,Towers with Radar,0,8,50,1,59,0,3,163,0,166,0,11,213,1,225,455,0,455,680
10/25/2021,DWH,TX,ASW,CE,Towers with Radar,0,6,77,2,85,0,3,107,2,112,0,9,184,4,197,342,0,342,539
10/26/2021,DWH,TX,ASW,CE,Towers with Radar,0,6,78,0,84,0,5,83,0,88,0,11,161,0,172,231,0,231,403
10/27/2021,DWH,TX,ASW,CE,Towers with Radar,0,5,24,2,31,0,3,57,0,60,0,8,81,2,91,56,0,56,147
10/28/2021,DWH,TX,ASW,CE,Towers with Radar,0,9,15,1,25,0,3,30,1,34,0,12,45,2,59,14,0,14,73
10/29/2021,DWH,TX,ASW,CE,Towers with Radar,0,1,27,3,31,0,1,85,2,88,0,2,112,5,119,58,0,58,177
10/30/2021,DWH,TX,ASW,CE,Towers with Radar,0,3,35,2,40,0,5,258,0,263,0,8,293,2,303,380,0,380,683
10/31/2021,DWH,TX,ASW,CE,Towers with Radar,0,5,43,4,52,0,4,187,0,191,0,9,230,4,243,241,0,241,484
11/01/2021,DWH,TX,ASW,CE,Towers with Radar,0,8,68,0,76,0,5,224,2,231,0,13,292,2,307,198,0,198,505
11/02/2021,DWH,TX,ASW,CE,Towers with Radar,0,3,76,0,79,0,1,160,0,161,0,4,236,0,240,462,0,462,702
11/03/2021,DWH,TX,ASW,CE,Towers with Radar,0,4,39,1,44,0,1,26,0,27,0,5,65,1,71,121,0,121,192
11/04/2021,DWH,TX,ASW,CE,Towers with Radar,0,8,86,0,94,0,0,28,0,28,0,8,114,0,122,140,0,140,262
11/05/2021,DWH,TX,ASW,CE,Towers with Radar,0,5,53,0,58,0,0,285,0,285,0,5,338,0,343,285,0,285,628
11/06/2021,DWH,TX,ASW,CE,Towers with Radar,0,5,34,3,42,0,2,268,3,273,0,7,302,6,315,222,0,222,537
11/07/2021,DWH,TX,ASW,CE,Towers with Radar,0,5,56,0,61,0,1,182,0,183,0,6,238,0,244,163,0,163,407
11/08/2021,DWH,TX,ASW,CE,Towers with Radar,1,16,83,1,101,0,4,219,1,224,1,20,302,2,325,216,0,216,541
11/09/2021,DWH,TX,ASW,CE,Towers with Radar,0,6,77,4,87,0,4,187,0,191,0,10,264,4,278,319,0,319,597
11/10/2021,DWH,TX,ASW,CE,Towers with Radar,0,9,52,0,61,0,1,116,2,119,0,10,168,2,180,218,0,218,398
11/11/2021,DWH,TX,ASW,CE,Towers with Radar,0,8,77,0,85,0,0,139,2,141,0,8,216,2,226,160,0,160,386
11/12/2021,DWH,TX,ASW,CE,Towers with Radar,0,8,41,0,49,0,7,220,3,230,0,15,261,3,279,246,0,246,525
11/13/2021,DWH,TX,ASW,CE,Towers with Radar,0,7,36,2,45,0,4,265,0,269,0,11,301,2,314,257,0,257,571
11/14/2021,DWH,TX,ASW,CE,Towers with Radar,0,8,41,0,49,0,1,215,3,219,0,9,256,3,268,170,0,170,438
11/15/2021,DWH,TX,ASW,CE,Towers with Radar,0,7,49,0,56,0,5,205,0,210,0,12,254,0,266,194,0,194,460
11/16/2021,DWH,TX,ASW,CE,Towers with Radar,0,4,57,0,61,0,2,159,1,162,0,6,216,1,223,210,0,210,433
11/17/2021,DWH,TX,ASW,CE,Towers with Radar,0,7,68,0,75,0,5,171,1,177,0,12,239,1,252,228,0,228,480
11/18/2021,DWH,TX,ASW,CE,Towers with Radar,0,12,48,0,60,0,1,138,0,139,0,13,186,0,199,135,0,135,334
11/19/2021,DWH,TX,ASW,CE,Towers with Radar,0,13,44,0,57,0,1,230,2,233,0,14,274,2,290,268,0,268,558
11/20/2021,DWH,TX,ASW,CE,Towers with Radar,0,6,52,4,62,0,1,187,1,189,0,7,239,5,251,298,0,298,549
11/21/2021,DWH,TX,ASW,CE,Towers with Radar,0,11,57,0,68,0,2,60,0,62,0,13,117,0,130,231,0,231,361
11/22/2021,DWH,TX,ASW,CE,Towers with Radar,0,8,52,8,68,0,6,194,0,200,0,14,246,8,268,170,0,170,438
11/23/2021,DWH,TX,ASW,CE,Towers with Radar,0,12,57,1,70,0,1,221,1,223,0,13,278,2,293,236,0,236,529
11/24/2021,DWH,TX,ASW,CE,Towers with Radar,0,4,65,0,69,0,5,131,0,136,0,9,196,0,205,186,0,186,391
11/25/2021,DWH,TX,ASW,CE,Towers with Radar,0,1,14,0,15,0,0,3,0,3,0,1,17,0,18,4,0,4,22
11/26/2021,DWH,TX,ASW,CE,Towers with Radar,0,12,37,0,49,0,2,193,0,195,0,14,230,0,244,208,0,208,452
11/27/2021,DWH,TX,ASW,CE,Towers with Radar,0,7,21,0,28,0,3,56,0,59,0,10,77,0,87,176,0,176,263
11/28/2021,DWH,TX,ASW,CE,Towers with Radar,0,13,112,0,125,0,0,35,0,35,0,13,147,0,160,16,0,16,176
11/29/2021,DWH,TX,ASW,CE,Towers with Radar,0,8,49,1,58,0,6,205,1,212,0,14,254,2,270,248,0,248,518
11/30/2021,DWH,TX,ASW,CE,Towers with Radar,0,10,49,0,59,0,2,140,0,142,0,12,189,0,201,235,0,235,436
12/01/2021,DWH,TX,ASW,CE,Towers with Radar,0,6,50,0,56,0,1,165,0,166,0,7,215,0,222,162,0,162,384
12/02/2021,DWH,TX,ASW,CE,Towers with Radar,0,12,70,0,82,0,2,105,0,107,0,14,175,0,189,202,0,202,391
12/03/2021,DWH,TX,ASW,CE,Towers with Radar,0,4,75,1,80,0,2,104,2,108,0,6,179,3,188,228,0,228,416
12/04/2021,DWH,TX,ASW,CE,Towers with Radar,0,9,47,0,56,0,0,90,1,91,0,9,137,1,147,108,0,108,255
12/05/2021,DWH,TX,ASW,CE,Towers with Radar,0,7,70,1,78,0,4,77,4,85,0,11,147,5,163,216,0,216,379
12/06/2021,DWH,TX,ASW,CE,Towers with Radar,1,4,32,1,38,0,4,42,3,49,1,8,74,4,87,48,0,48,135
12/07/2021,DWH,TX,ASW,CE,Towers with Radar,0,6,71,1,78,0,9,114,3,126,0,15,185,4,204,286,0,286,490
12/08/2021,DWH,TX,ASW,CE,Towers with Radar,0,16,104,0,120,0,1,25,0,26,0,17,129,0,146,14,0,14,160
12/09/2021,DWH,TX,ASW,CE,Towers with Radar,0,6,61,0,67,0,5,59,0,64,0,11,120,0,131,38,0,38,169
12/10/2021,DWH,TX,ASW,CE,Towers with Radar,0,13,41,2,56,0,4,42,2,48,0,17,83,4,104,40,0,40,144
12/11/2021,DWH,TX,ASW,CE,Towers with Radar,0,1,26,0,27,0,2,70,0,72,0,3,96,0,99,100,0,100,199
12/12/2021,DWH,TX,ASW,CE,Towers with Radar,0,7,31,1,39,0,4,270,2,276,0,11,301,3,315,199,0,199,514
12/13/2021,DWH,TX,ASW,CE,Towers with Radar,0,7,70,2,79,0,1,45,0,46,0,8,115,2,125,69,0,69,194
12/14/2021,DWH,TX,ASW,CE,Towers with Radar,0,11,69,0,80,0,0,69,0,69,0,11,138,0,149,214,0,214,363
12/15/2021,DWH,TX,ASW,CE,Towers with Radar,0,4,57,0,61,0,1,99,0,100,0,5,156,0,161,232,0,232,393
12/16/2021,DWH,TX,ASW,CE,Towers with Radar,0,9,80,0,89,0,7,122,1,130,0,16,202,1,219,260,0,260,479
12/17/2021,DWH,TX,ASW,CE,Towers with Radar,0,5,83,2,90,0,2,104,0,106,0,7,187,2,196,152,0,152,348
12/18/2021,DWH,TX,ASW,CE,Towers with Radar,0,3,17,0,20,0,2,1,0,3,0,5,18,0,23,0,0,0,23
12/19/2021,DWH,TX,ASW,CE,Towers with Radar,0,7,51,2,60,0,2,173,0,175,0,9,224,2,235,163,0,163,398
12/20/2021,DWH,TX,ASW,CE,Towers with Radar,0,3,33,0,36,0,1,153,0,154,0,4,186,0,190,245,0,245,435
12/21/2021,DWH,TX,ASW,CE,Towers with Radar,0,1,51,2,54,0,3,236,0,239,0,4,287,2,293,208,0,208,501
12/22/2021,DWH,TX,ASW,CE,Towers with Radar,0,15,50,6,71,0,3,217,0,220,0,18,267,6,291,215,0,215,506
12/23/2021,DWH,TX,ASW,CE,Towers with Radar,0,10,56,0,66,0,6,131,1,138,0,16,187,1,204,106,0,106,310
12/24/2021,DWH,TX,ASW,CE,Towers with Radar,0,2,34,1,37,0,4,53,0,57,0,6,87,1,94,98,0,98,192
12/25/2021,DWH,TX,ASW,CE,Towers with Radar,0,7,12,0,19,0,3,17,0,20,0,10,29,0,39,6,0,6,45
12/26/2021,DWH,TX,ASW,CE,Towers with Radar,0,5,42,0,47,0,4,49,2,55,0,9,91,2,102,37,0,37,139
12/27/2021,DWH,TX,ASW,CE,Towers with Radar,0,7,46,2,55,0,5,105,0,110,0,12,151,2,165,162,0,162,327
12/28/2021,DWH,TX,ASW,CE,Towers with Radar,0,6,44,4,54,0,3,73,0,76,0,9,117,4,130,54,0,54,184
12/29/2021,DWH,TX,ASW,CE,Towers with Radar,0,13,41,2,56,0,1,105,0,106,0,14,146,2,162,282,0,282,444
12/30/2021,DWH,TX,ASW,CE,Towers with Radar,0,16,57,0,73,0,4,119,0,123,0,20,176,0,196,148,0,148,344
12/31/2021,DWH,TX,ASW,CE,Towers with Radar,0,3,39,0,42,0,5,46,0,51,0,8,85,0,93,98,0,98,191
01/01/2022,DWH,TX,ASW,CE,Towers with Radar,0,3,21,0,24,0,7,46,0,53,0,10,67,0,77,44,0,44,121
01/02/2022,DWH,TX,ASW,CE,Towers with Radar,0,5,18,0,23,0,3,31,0,34,0,8,49,0,57,18,0,18,75
01/03/2022,DWH,TX,ASW,CE,Towers with Radar,0,7,23,0,30,0,2,195,0,197,0,9,218,0,227,146,0,146,373
01/04/2022,DWH,TX,ASW,CE,Towers with Radar,0,4,37,0,41,0,3,174,0,177,0,7,211,0,218,202,0,202,420
01/05/2022,DWH,TX,ASW,CE,Towers with Radar,0,8,46,3,57,0,1,201,0,202,0,9,247,3,259,200,0,200,459
01/06/2022,DWH,TX,ASW,CE,Towers with Radar,0,5,49,2,56,0,2,132,0,134,0,7,181,2,190,133,0,133,323
01/07/2022,DWH,TX,ASW,CE,Towers with Radar,0,2,43,0,45,0,4,98,0,102,0,6,141,0,147,274,0,274,421
01/08/2022,DWH,TX,ASW,CE,Towers with Radar,0,1,10,0,11,0,0,0,0,0,0,1,10,0,11,4,0,4,15
01/09/2022,DWH,TX,ASW,CE,Towers with Radar,0,4,50,0,54,0,2,35,0,37,0,6,85,0,91,26,0,26,117
01/10/2022,DWH,TX,ASW,CE,Towers with Radar,0,4,32,0,36,0,3,174,0,177,0,7,206,0,213,187,0,187,400
01/11/2022,DWH,TX,ASW,CE,Towers with Radar,0,4,36,0,40,0,0,190,1,191,0,4,226,1,231,339,0,339,570
01/12/2022,DWH,TX,ASW,CE,Towers with Radar,0,9,44,0,53,0,6,182,0,188,0,15,226,0,241,288,0,288,529
01/13/2022,DWH,TX,ASW,CE,Towers with Radar,0,3,44,0,47,0,6,235,3,244,0,9,279,3,291,265,0,265,556
01/14/2022,DWH,TX,ASW,CE,Towers with Radar,0,7,44,1,52,0,8,237,2,247,0,15,281,3,299,244,0,244,543
01/15/2022,DWH,TX,ASW,CE,Towers with Radar,0,5,10,0,15,0,3,10,0,13,0,8,20,0,28,6,0,6,34
01/16/2022,DWH,TX,ASW,CE,Towers with Radar,0,10,45,0,55,0,4,226,0,230,0,14,271,0,285,181,0,181,466
01/17/2022,DWH,TX,ASW,CE,Towers with Radar,0,10,48,2,60,0,5,231,0,236,0,15,279,2,296,313,0,313,609
01/18/2022,DWH,TX,ASW,CE,Towers with Radar,0,4,44,0,48,0,2,178,0,180,0,6,222,0,228,201,0,201,429
01/19/2022,DWH,TX,ASW,CE,Towers with Radar,0,7,44,0,51,0,2,35,0,37,0,9,79,0,88,122,0,122,210
01/20/2022,DWH,TX,ASW,CE,Towers with Radar,0,6,17,2,25,0,4,29,1,34,0,10,46,3,59,71,4,75,134
01/21/2022,DWH,TX,ASW,CE,Towers with Radar,0,11,34,5,50,0,1,182,0,183,0,12,216,5,233,302,0,302,535
01/22/2022,DWH,TX,ASW,CE,Towers with Radar,0,6,27,7,40,0,1,261,2,264,0,7,288,9,304,364,0,364,668
01/23/2022,DWH,TX,ASW,CE,Towers with Radar,0,5,45,2,52,0,1,214,2,217,0,6,259,4,269,239,0,239,508
01/24/2022,DWH,TX,ASW,CE,Towers with Radar,0,3,27,0,30,0,1,1,0,2,0,4,28,0,32,0,0,0,32
01/25/2022,DWH,TX,ASW,CE,Towers with Radar,0,6,57,2,65,0,1,56,0,57,0,7,113,2,122,266,0,266,388
01/26/2022,DWH,TX,ASW,CE,Towers with Radar,0,1,54,0,55,0,4,226,2,232,0,5,280,2,287,232,0,232,519
01/27/2022,DWH,TX,ASW,CE,Towers with Radar,0,5,55,0,60,0,5,246,1,252,0,10,301,1,312,366,0,366,678
01/28/2022,DWH,TX,ASW,CE,Towers with Radar,0,5,53,2,60,0,1,200,0,201,0,6,253,2,261,154,0,154,415
01/29/2022,DWH,TX,ASW,CE,Towers with Radar,0,3,20,0,23,0,2,232,0,234,0,5,252,0,257,226,0,226,483
01/30/2022,DWH,TX,ASW,CE,Towers with Radar,0,5,60,2,67,0,3,241,0,244,0,8,301,2,311,280,0,280,591
01/31/2022,DWH,TX,ASW,CE,Towers with Radar,0,2,26,1,29,0,0,10,0,10,0,2,36,1,39,40,0,40,79
02/01/2022,DWH,TX,ASW,CE,Towers with Radar,0,1,71,2,74,0,0,51,1,52,0,1,122,3,126,144,0,144,270
02/02/2022,DWH,TX,ASW,CE,Towers with Radar,0,5,28,0,33,0,0,17,0,17,0,5,45,0,50,106,0,106,156
02/03/2022,DWH,TX,ASW,CE,Towers with Radar,0,6,14,0,20,0,0,7,0,7,0,6,21,0,27,0,0,0,27
02/04/2022,DWH,TX,ASW,CE,Towers with Radar,0,7,26,2,35,0,2,27,1,30,0,9,53,3,65,16,0,16,81
02/05/2022,DWH,TX,ASW,CE,Towers with Radar,0,2,27,0,29,0,5,252,1,258,0,7,279,1,287,230,0,230,517
02/06/2022,DWH,TX,ASW,CE,Towers with Radar,0,2,37,2,41,0,5,236,3,244,0,7,273,5,285,258,0,258,543
02/07/2022,DWH,TX,ASW,CE,Towers with Radar,0,1,42,1,44,0,2,245,1,248,0,3,287,2,292,230,0,230,522
02/08/2022,DWH,TX,ASW,CE,Towers with Radar,0,2,48,1,51,0,2,213,5,220,0,4,261,6,271,273,0,273,544
02/09/2022,DWH,TX,ASW,CE,Towers with Radar,0,13,58,0,71,0,4,220,6,230,0,17,278,6,301,282,0,282,583
02/10/2022,DWH,TX,ASW,CE,Towers with Radar,0,9,69,3,81,0,4,224,1,229,0,13,293,4,310,328,0,328,638
02/11/2022,DWH,TX,ASW,CE,Towers with Radar,0,5,44,3,52,0,3,249,2,254,0,8,293,5,306,254,0,254,560
02/12/2022,DWH,TX,ASW,CE,Towers with Radar,0,1,34,0,35,0,0,5,0,5,0,1,39,0,40,6,0,6,46
02/13/2022,DWH,TX,ASW,CE,Towers with Radar,0,3,45,1,49,0,0,204,0,204,0,3,249,1,253,305,0,305,558
02/14/2022,DWH,TX,ASW,CE,Towers with Radar,0,1,45,0,46,0,3,193,2,198,0,4,238,2,244,199,0,199,443
02/15/2022,DWH,TX,ASW,CE,Towers with Radar,0,1,30,0,31,0,5,174,0,179,0,6,204,0,210,182,0,182,392
02/16/2022,DWH,TX,ASW,CE,Towers with Radar,0,6,36,2,44,0,1,47,0,48,0,7,83,2,92,73,0,73,165
02/17/2022,DWH,TX,ASW,CE,Towers with Radar,1,6,32,2,41,0,0,37,0,37,1,6,69,2,78,52,0,52,130
02/18/2022,DWH,TX,ASW,CE,Towers with Radar,0,3,58,0,61,0,2,224,0,226,0,5,282,0,287,234,0,234,521
02/19/2022,DWH,TX,ASW,CE,Towers with Radar,0,4,38,0,42,0,5,273,0,278,0,9,311,0,320,256,0,256,576
02/20/2022,DWH,TX,ASW,CE,Towers with Radar,0,5,46,0,51,0,2,161,3,166,0,7,207,3,217,287,0,287,504
02/21/2022,DWH,TX,ASW,CE,Towers with Radar,0,4,39,0,43,0,3,24,0,27,0,7,63,0,70,23,0,23,93
02/22/2022,DWH,TX,ASW,CE,Towers with Radar,0,2,77,3,82,0,4,80,0,84,0,6,157,3,166,251,0,251,417
02/23/2022,DWH,TX,ASW,CE,Towers with Radar,0,5,25,2,32,0,0,14,0,14,0,5,39,2,46,40,0,40,86
02/24/2022,DWH,TX,ASW,CE,Towers with Radar,0,5,25,3,33,0,0,0,0,0,0,5,25,3,33,0,0,0,33
02/25/2022,DWH,TX,ASW,CE,Towers with Radar,0,5,25,4,34,0,5,64,0,69,0,10,89,4,103,169,0,169,272
02/26/2022,DWH,TX,ASW,CE,Towers with Radar,0,1,20,2,23,0,0,0,0,0,0,1,20,2,23,0,0,0,23
02/27/2022,DWH,TX,ASW,CE,Towers with Radar,0,3,52,2,57,0,2,144,0,146,0,5,196,2,203,162,0,162,365
02/28/2022,DWH,TX,ASW,CE,Towers with Radar,0,12,54,0,66,0,4,283,1,288,0,16,337,1,354,244,0,244,598
03/01/2022,DWH,TX,ASW,CE,Towers with Radar,0,6,34,2,42,0,2,245,5,252,0,8,279,7,294,248,0,248,542
03/02/2022,DWH,TX,ASW,CE,Towers with Radar,0,0,53,0,53,0,2,269,1,272,0,2,322,1,325,193,0,193,518
03/03/2022,DWH,TX,ASW,CE,Towers with Radar,0,6,55,3,64,0,2,287,0,289,0,8,342,3,353,240,0,240,593
03/04/2022,DWH,TX,ASW,CE,Towers with Radar,0,3,56,0,59,0,4,110,0,114,0,7,166,0,173,254,0,254,427
03/05/2022,DWH,TX,ASW,CE,Towers with Radar,0,1,43,0,44,0,6,64,2,72,0,7,107,2,116,158,0,158,274
03/06/2022,DWH,TX,ASW,CE,Towers with Radar,0,6,58,0,64,0,2,61,0,63,0,8,119,0,127,103,0,103,230
03/07/2022,DWH,TX,ASW,CE,Towers with Radar,1,6,44,2,53,0,2,62,1,65,1,8,106,3,118,66,2,68,186
03/08/2022,DWH,TX,ASW,CE,Towers with Radar,0,6,25,0,31,0,0,2,0,2,0,6,27,0,33,0,0,0,33
03/09/2022,DWH,TX,ASW,CE,Towers with Radar,0,10,49,0,59,0,5,215,0,220,0,15,264,0,279,262,0,262,541
03/10/2022,DWH,TX,ASW,CE,Towers with Radar,0,5,48,1,54,0,5,277,2,284,0,10,325,3,338,289,0,289,627
03/11/2022,DWH,TX,ASW,CE,Towers with Radar,0,6,27,0,33,0,6,22,0,28,0,12,49,0,61,70,0,70,131
03/12/2022,DWH,TX,ASW,CE,Towers with Radar,0,13,44,0,57,0,1,220,3,224,0,14,264,3,281,254,0,254,535
03/13/2022,DWH,TX,ASW,CE,Towers with Radar,1,2,25,1,29,0,4,228,1,233,1,6,253,2,262,244,0,244,506
03/14/2022,DWH,TX,ASW,CE,Towers with Radar,0,3,49,3,55,0,2,112,0,114,0,5,161,3,169,128,0,128,297
03/15/2022,DWH,TX,ASW,CE,Towers with Radar,0,5,50,3,58,0,3,202,2,207,0,8,252,5,265,196,0,196,461
03/16/2022,DWH,TX,ASW,CE,Towers with Radar,0,7,41,2,50,0,1,305,2,308,0,8,346,4,358,367,0,367,725
03/17/2022,DWH,TX,ASW,CE,Towers with Radar,0,8,38,2,48,0,2,86,0,88,0,10,124,2,136,86,0,86,222
03/18/2022,DWH,TX,ASW,CE,Towers with Radar,0,5,35,2,42,0,4,133,1,138,0,9,168,3,180,169,0,169,349
03/19/2022,DWH,TX,ASW,CE,Towers with Radar,0,8,33,0,41,0,4,262,1,267,0,12,295,1,308,218,0,218,526
03/20/2022,DWH,TX,ASW,CE,Towers with Radar,0,9,30,0,39,0,4,181,0,185,0,13,211,0,224,156,0,156,380
03/21/2022,DWH,TX,ASW,CE,Towers with Radar,0,9,10,0,19,0,3,0,0,3,0,12,10,0,22,2,0,2,24
03/22/2022,DWH,TX,ASW,CE,Towers with Radar,0,6,25,0,31,0,3,95,0,98,0,9,120,0,129,113,0,113,242
03/23/2022,DWH,TX,ASW,CE,Towers with Radar,0,9,60,3,72,0,1,195,1,197,0,10,255,4,269,144,0,144,413
03/24/2022,DWH,TX,ASW,CE,Towers with Radar,0,11,36,10,57,0,3,175,2,180,0,14,211,12,237,217,0,217,454
03/25/2022,DWH,TX,ASW,CE,Towers with Radar,0,6,44,0,50,0,3,247,2,252,0,9,291,2,302,438,0,438,740
03/26/2022,DWH,TX,ASW,CE,Towers with Radar,0,3,38,1,42,0,4,291,3,298,0,7,329,4,340,262,0,262,602
03/27/2022,DWH,TX,ASW,CE,Towers with Radar,0,6,52,1,59,0,4,198,0,202,0,10,250,1,261,204,0,204,465
03/28/2022,DWH,TX,ASW,CE,Towers with Radar,0,13,53,0,66,0,2,173,2,177,0,15,226,2,243,184,0,184,427
03/29/2022,DWH,TX,ASW,CE,Towers with Radar,0,4,53,0,57,0,3,50,2,55,0,7,103,2,112,56,0,56,168
03/30/2022,DWH,TX,ASW,CE,Towers with Radar,0,8,33,1,42,0,0,72,3,75,0,8,105,4,117,70,0,70,187
03/31/2022,DWH,TX,ASW,CE,Towers with Radar,0,8,50,1,59,0,2,263,3,268,0,10,313,4,327,382,0,382,709
04/01/2022,DWH,TX,ASW,CE,Towers with Radar,0,8,40,2,50,0,3,221,4,228,0,11,261,6,278,250,0,250,528
04/02/2022,DWH,TX,ASW,CE,Towers with Radar,0,7,43,0,50,0,5,195,0,200,0,12,238,0,250,463,0,463,713
04/03/2022,DWH,TX,ASW,CE,Towers with Radar,0,6,44,1,51,0,0,166,2,168,0,6,210,3,219,202,0,202,421
04/04/2022,DWH,TX,ASW,CE,Towers with Radar,0,7,46,2,55,0,2,21,0,23,0,9,67,2,78,76,0,76,154
04/05/2022,DWH,TX,ASW,CE,Towers with Radar,0,6,53,1,60,0,2,139,0,141,0,8,192,1,201,204,0,204,405
04/06/2022,DWH,TX,ASW,CE,Towers with Radar,0,6,50,0,56,0,2,119,1,122,0,8,169,1,178,148,0,148,326
04/07/2022,DWH,TX,ASW,CE,Towers with Radar,0,9,42,2,53,0,3,167,0,170,0,12,209,2,223,162,0,162,385
04/08/2022,DWH,TX,ASW,CE,Towers with Radar,0,4,36,0,40,0,2,127,0,129,0,6,163,0,169,156,0,156,325
04/09/2022,DWH,TX,ASW,CE,Towers with Radar,0,3,33,2,38,0,0,180,0,180,0,3,213,2,218,184,0,184,402
04/10/2022,DWH,TX,ASW,CE,Towers with Radar,0,10,24,0,34,0,6,49,0,55,0,16,73,0,89,78,0,78,167
04/11/2022,DWH,TX,ASW,CE,Towers with Radar,0,5,52,0,57,0,1,81,0,82,0,6,133,0,139,107,0,107,246
04/12/2022,DWH,TX,ASW,CE,Towers with Radar,0,6,74,0,80,0,2,28,1,31,0,8,102,1,111,157,0,157,268
04/13/2022,DWH,TX,ASW,CE,Towers with Radar,0,7,54,0,61,0,1,47,2,50,0,8,101,2,111,168,0,168,279
04/14/2022,DWH,TX,ASW,CE,Towers with Radar,0,7,48,4,59,0,5,312,2,319,0,12,360,6,378,304,0,304,682
04/15/2022,DWH,TX,ASW,CE,Towers with Radar,0,4,41,0,45,0,3,17,0,20,0,7,58,0,65,98,0,98,163
04/16/2022,DWH,TX,ASW,CE,Towers with Radar,0,2,63,0,65,0,5,80,0,85,0,7,143,0,150,256,0,256,406
04/17/2022,DWH,TX,ASW,CE,Towers with Radar,0,6,41,1,48,0,0,71,0,71,0,6,112,1,119,193,0,193,312
04/18/2022,DWH,TX,ASW,CE,Towers with Radar,0,2,61,5,68,0,3,204,0,207,0,5,265,5,275,158,0,158,433
04/19/2022,DWH,TX,ASW,CE,Towers with Radar,0,3,32,1,36,0,4,159,2,165,0,7,191,3,201,92,0,92,293
04/20/2022,DWH,TX,ASW,CE,Towers with Radar,0,4,48,1,53,0,5,57,0,62,0,9,105,1,115,180,0,180,295
04/21/2022,DWH,TX,ASW,CE,Towers with Radar,0,7,75,1,83,0,1,113,0,114,0,8,188,1,197,247,0,247,444
04/22/2022,DWH,TX,ASW,CE,Towers with Radar,0,9,55,0,64,0,6,153,0,159,0,15,208,0,223,232,0,232,455
04/23/2022,DWH,TX,ASW,CE,Towers with Radar,0,8,42,0,50,0,4,131,0,135,0,12,173,0,185,156,0,156,341
04/24/2022,DWH,TX,ASW,CE,Towers with Radar,0,8,67,0,75,0,3,118,1,122,0,11,185,1,197,236,0,236,433
04/25/2022,DWH,TX,ASW,CE,Towers with Radar,0,5,12,0,17,0,1,13,0,14,0,6,25,0,31,122,0,122,153
04/26/2022,DWH,TX,ASW,CE,Towers with Radar,0,6,54,0,60,0,5,177,0,182,0,11,231,0,242,200,0,200,442
04/27/2022,DWH,TX,ASW,CE,Towers with Radar,0,11,50,0,61,0,3,271,2,276,0,14,321,2,337,277,0,277,614
04/28/2022,DWH,TX,ASW,CE,Towers with Radar,0,6,70,0,76,0,5,208,0,213,0,11,278,0,289,423,0,423,712
04/29/2022,DWH,TX,ASW,CE,Towers with Radar,0,8,52,0,60,0,3,185,0,188,0,11,237,0,248,338,0,338,586
04/30/2022,DWH,TX,ASW,CE,Towers with Radar,0,2,55,0,57,0,1,172,4,177,0,3,227,4,234,476,0,476,710
05/01/2022,DWH,TX,ASW,CE,Towers with Radar,0,8,38,1,47,0,7,90,1,98,0,15,128,2,145,205,0,205,350
05/02/2022,DWH,TX,ASW,CE,Towers with Radar,0,7,61,0,68,0,2,121,3,126,0,9,182,3,194,134,0,134,328
05/03/2022,DWH,TX,ASW,CE,Towers with Radar,0,11,50,2,63,0,3,156,0,159,0,14,206,2,222,270,0,270,492
05/04/2022,DWH,TX,ASW,CE,Towers with Radar,0,10,57,1,68,0,3,130,0,133,0,13,187,1,201,118,0,118,319
05/05/2022,DWH,TX,ASW,CE,Towers with Radar,0,6,40,1,47,0,4,34,0,38,0,10,74,1,85,72,0,72,157
05/06/2022,DWH,TX,ASW,CE,Towers with Radar,0,2,51,1,54,0,1,303,0,304,0,3,354,1,358,359,0,359,717
05/07/2022,DWH,TX,ASW,CE,Towers with Radar,0,6,62,1,69,0,6,150,0,156,0,12,212,1,225,402,0,402,627
05/08/2022,DWH,TX,ASW,CE,Towers with Radar,0,5,39,2,46,0,3,167,2,172,0,8,206,4,218,243,0,243,461
05/09/2022,DWH,TX,ASW,CE,Towers with Radar,0,10,58,2,70,0,6,150,0,156,0,16,208,2,226,163,0,163,389
05/10/2022,DWH,TX,ASW,CE,Towers with Radar,0,5,48,2,55,0,3,255,1,259,0,8,303,3,314,203,0,203,517
05/11/2022,DWH,TX,ASW,CE,Towers with Radar,0,4,60,3,67,0,2,201,0,203,0,6,261,3,270,212,0,212,482
05/12/2022,DWH,TX,ASW,CE,Towers with Radar,0,9,55,0,64,0,2,199,2,203,0,11,254,2,267,273,0,273,540
05/13/2022,DWH,TX,ASW,CE,Towers with Radar,0,11,40,0,51,0,3,200,0,203,0,14,240,0,254,296,0,296,550
05/14/2022,DWH,TX,ASW,CE,Towers with Radar,0,4,41,0,45,0,3,223,1,227,0,7,264,1,272,275,0,275,547
05/15/2022,DWH,TX,ASW,CE,Towers with Radar,0,10,43,5,58,0,3,183,3,189,0,13,226,8,247,214,0,214,461
05/16/2022,DWH,TX,ASW,CE,Towers with Radar,0,6,32,1,39,0,2,161,1,164,0,8,193,2,203,222,0,222,425
05/17/2022,DWH,TX,ASW,CE,Towers with Radar,1,7,52,0,60,0,2,175,1,178,1,9,227,1,238,228,0,228,466
05/18/2022,DWH,TX,ASW,CE,Towers with Radar,0,4,40,2,46,0,2,187,1,190,0,6,227,3,236,208,0,208,444
05/19/2022,DWH,TX,ASW,CE,Towers with Radar,0,11,55,2,68,0,2,247,1,250,0,13,302,3,318,180,0,180,498
05/20/2022,DWH,TX,ASW,CE,Towers with Radar,0,6,63,4,73,0,5,109,0,114,0,11,172,4,187,166,0,166,353
05/21/2022,DWH,TX,ASW,CE,Towers with Radar,0,2,47,1,50,0,5,148,2,155,0,7,195,3,205,224,0,224,429
05/22/2022,DWH,TX,ASW,CE,Towers with Radar,0,7,15,0,22,0,1,8,0,9,0,8,23,0,31,8,0,8,39
05/23/2022,DWH,TX,ASW,CE,Towers with Radar,1,8,69,0,78,0,0,91,0,91,1,8,160,0,169,249,0,249,418
05/24/2022,DWH,TX,ASW,CE,Towers with Radar,0,1,17,0,18,0,7,27,0,34,0,8,44,0,52,62,0,62,114
05/25/2022,DWH,TX,ASW,CE,Towers with Radar,0,5,50,4,59,0,4,125,1,130,0,9,175,5,189,188,0,188,377
05/26/2022,DWH,TX,ASW,CE,Towers with Radar,0,5,45,0,50,0,4,266,2,272,0,9,311,2,322,223,0,223,545
05/27/2022,DWH,TX,ASW,CE,Towers with Radar,0,5,42,0,47,0,4,220,0,224,0,9,262,0,271,244,0,244,515
05/28/2022,DWH,TX,ASW,CE,Towers with Radar,0,2,27,0,29,0,3,222,0,225,0,5,249,0,254,358,0,358,612
05/29/2022,DWH,TX,ASW,CE,Towers with Radar,0,1,45,0,46,0,5,162,0,167,0,6,207,0,213,173,0,173,386
05/30/2022,DWH,TX,ASW,CE,Towers with Radar,1,3,38,0,42,0,5,123,0,128,1,8,161,0,170,66,0,66,236
05/31/2022,DWH,TX,ASW,CE,Towers with Radar,0,3,45,0,48,0,5,165,0,170,0,8,210,0,218,184,0,184,402
06/01/2022,DWH,TX,ASW,CE,Towers with Radar,0,7,46,2,55,0,5,147,0,152,0,12,193,2,207,352,0,352,559
06/02/2022,DWH,TX,ASW,CE,Towers with Radar,0,7,55,5,67,0,1,176,2,179,0,8,231,7,246,370,0,370,616
06/03/2022,DWH,TX,ASW,CE,Towers with Radar,0,8,28,1,37,0,2,214,0,216,0,10,242,1,253,255,0,255,508
06/04/2022,DWH,TX,ASW,CE,Towers with Radar,0,4,29,0,33,0,0,178,0,178,0,4,207,0,211,330,0,330,541
06/05/2022,DWH,TX,ASW,CE,Towers with Radar,0,17,41,0,58,0,4,187,0,191,0,21,228,0,249,272,0,272,521
06/06/2022,DWH,TX,ASW,CE,Towers with Radar,0,5,54,0,59,0,4,179,0,183,0,9,233,0,242,255,0,255,497
06/07/2022,DWH,TX,ASW,CE,Towers with Radar,0,4,33,0,37,0,1,197,1,199,0,5,230,1,236,382,0,382,618
06/08/2022,DWH,TX,ASW,CE,Towers with Radar,0,5,60,0,65,0,2,192,1,195,0,7,252,1,260,253,0,253,513
06/09/2022,DWH,TX,ASW,CE,Towers with Radar,0,9,50,0,59,0,2,212,2,216,0,11,262,2,275,226,0,226,501
06/10/2022,DWH,TX,ASW,CE,Towers with Radar,0,3,34,0,37,0,1,161,0,162,0,4,195,0,199,169,0,169,368
06/11/2022,DWH,TX,ASW,CE,Towers with Radar,0,4,29,0,33,0,1,176,1,178,0,5,205,1,211,194,0,194,405
06/12/2022,DWH,TX,ASW,CE,Towers with Radar,0,10,44,0,54,0,4,139,0,143,0,14,183,0,197,263,0,263,460
06/13/2022,DWH,TX,ASW,CE,Towers with Radar,0,6,47,0,53,0,5,156,0,161,0,11,203,0,214,210,0,210,424
06/14/2022,DWH,TX,ASW,CE,Towers with Radar,0,7,44,4,55,0,3,154,4,161,0,10,198,8,216,182,0,182,398
06/15/2022,DWH,TX,ASW,CE,Towers with Radar,0,7,64,4,75,0,2,206,0,208,0,9,270,4,283,229,0,229,512
06/16/2022,DWH,TX,ASW,CE,Towers with Radar,0,6,46,0,52,0,4,181,0,185,0,10,227,0,237,230,0,230,467
06/17/2022,DWH,TX,ASW,CE,Towers with Radar,0,5,48,0,53,0,3,177,0,180,0,8,225,0,233,278,0,278,511
06/18/2022,DWH,TX,ASW,CE,Towers with Radar,0,3,42,0,45,0,5,233,0,238,0,8,275,0,283,366,0,366,649
06/19/2022,DWH,TX,ASW,CE,Towers with Radar,0,9,32,1,42,0,2,174,1,177,0,11,206,2,219,208,0,208,427
06/20/2022,DWH,TX,ASW,CE,Towers with Radar,0,4,35,0,39,0,5,215,2,222,0,9,250,2,261,276,0,276,537
06/21/2022,DWH,TX,ASW,CE,Towers with Radar,0,9,41,6,56,0,4,183,0,187,0,13,224,6,243,235,0,235,478
06/22/2022,DWH,TX,ASW,CE,Towers with Radar,0,6,42,0,48,0,1,216,4,221,0,7,258,4,269,260,0,260,529
06/23/2022,DWH,TX,ASW,CE,Towers with Radar,0,13,40,0,53,0,6,239,0,245,0,19,279,0,298,274,0,274,572
06/24/2022,DWH,TX,ASW,CE,Towers with Radar,0,13,37,0,50,0,0,188,1,189,0,13,225,1,239,286,0,286,525
06/25/2022,DWH,TX,ASW,CE,Towers with Radar,0,5,34,0,39,0,1,210,0,211,0,6,244,0,250,180,0,180,430
06/26/2022,DWH,TX,ASW,CE,Towers with Radar,0,7,55,2,64,0,5,186,0,191,0,12,241,2,255,254,0,254,509
06/27/2022,DWH,TX,ASW,CE,Towers with Radar,0,10,26,0,36,0,3,107,0,110,0,13,133,0,146,222,0,222,368
06/28/2022,DWH,TX,ASW,CE,Towers with Radar,0,7,28,0,35,0,2,201,2,205,0,9,229,2,240,302,0,302,542
06/29/2022,DWH,TX,ASW,CE,Towers with Radar,0,13,43,0,56,0,8,179,0,187,0,21,222,0,243,290,0,290,533
06/30/2022,DWH,TX,ASW,CE,Towers with Radar,0,8,46,0,54,0,2,89,0,91,0,10,135,0,145,184,0,184,329
07/01/2022,DWH,TX,ASW,CE,Towers with Radar,0,4,44,0,48,0,4,25,0,29,0,8,69,0,77,70,0,70,147
07/02/2022,DWH,TX,ASW,CE,Towers with Radar,0,2,32,0,34,0,5,138,1,144,0,7,170,1,178,260,0,260,438
07/03/2022,DWH,TX,ASW,CE,Towers with Radar,0,2,16,0,18,0,0,189,2,191,0,2,205,2,209,157,0,157,366
07/04/2022,DWH,TX,ASW,CE,Towers with Radar,0,1,32,0,33,0,4,178,0,182,0,5,210,0,215,169,0,169,384
07/05/2022,DWH,TX,ASW,CE,Towers with Radar,0,0,49,2,51,0,3,188,0,191,0,3,237,2,242,248,0,248,490
07/06/2022,DWH,TX,ASW,CE,Towers with Radar,0,13,29,0,42,0,7,167,1,175,0,20,196,1,217,167,0,167,384
07/07/2022,DWH,TX,ASW,CE,Towers with Radar,0,4,34,0,38,0,2,213,0,215,0,6,247,0,253,298,0,298,551
07/08/2022,DWH,TX,ASW,CE,Towers with Radar,0,7,45,1,53,0,5,187,3,195,0,12,232,4,248,140,0,140,388
07/09/2022,DWH,TX,ASW,CE,Towers with Radar,0,9,37,2,48,0,5,151,0,156,0,14,188,2,204,153,0,153,357
07/10/2022,DWH,TX,ASW,CE,Towers with Radar,0,6,49,0,55,0,6,162,0,168,0,12,211,0,223,218,0,218,441
07/11/2022,DWH,TX,ASW,CE,Towers with Radar,0,7,35,0,42,0,4,196,0,200,0,11,231,0,242,206,0,206,448
07/12/2022,DWH,TX,ASW,CE,Towers with Radar,0,11,36,0,47,0,0,158,0,158,0,11,194,0,205,192,0,192,397
07/13/2022,DWH,TX,ASW,CE,Towers with Radar,0,9,61,1,71,0,3,203,1,207,0,12,264,2,278,322,0,322,600
07/14/2022,DWH,TX,ASW,CE,Towers with Radar,0,12,42,0,54,0,5,108,0,113,0,17,150,0,167,139,0,139,306
07/15/2022,DWH,TX,ASW,CE,Towers with Radar,0,7,48,0,55,0,1,189,0,190,0,8,237,0,245,348,0,348,593
07/16/2022,DWH,TX,ASW,CE,Towers with Radar,0,3,24,0,27,0,2,204,0,206,0,5,228,0,233,312,0,312,545
07/17/2022,DWH,TX,ASW,CE,Towers with Radar,0,5,44,0,49,0,6,184,1,191,0,11,228,1,240,330,0,330,570
07/18/2022,DWH,TX,ASW,CE,Towers with Radar,0,4,55,2,61,0,0,159,0,159,0,4,214,2,220,322,0,322,542
07/19/2022,DWH,TX,ASW,CE,Towers with Radar,0,7,48,2,57,0,4,197,3,204,0,11,245,5,261,208,0,208,469
07/20/2022,DWH,TX,ASW,CE,Towers with Radar,0,4,45,1,50,0,2,178,0,180,0,6,223,1,230,178,0,178,408
07/21/2022,DWH,TX,ASW,CE,Towers with Radar,0,7,62,0,69,0,5,181,0,186,0,12,243,0,255,317,0,317,572
07/22/2022,DWH,TX,ASW,CE,Towers with Radar,1,7,49,1,58,0,4,125,3,132,1,11,174,4,190,307,0,307,497
07/23/2022,DWH,TX,ASW,CE,Towers with Radar,0,6,34,1,41,0,3,203,0,206,0,9,237,1,247,269,0,269,516
07/24/2022,DWH,TX,ASW,CE,Towers with Radar,0,11,35,0,46,0,3,155,0,158,0,14,190,0,204,283,0,283,487
07/25/2022,DWH,TX,ASW,CE,Towers with Radar,0,7,34,2,43,0,2,148,1,151,0,9,182,3,194,249,0,249,443
07/26/2022,DWH,TX,ASW,CE,Towers with Radar,0,1,27,2,30,0,2,153,0,155,0,3,180,2,185,184,0,184,369
07/27/2022,DWH,TX,ASW,CE,Towers with Radar,0,5,30,1,36,0,1,131,0,132,0,6,161,1,168,173,0,173,341
07/28/2022,DWH,TX,ASW,CE,Towers with Radar,0,8,41,0,49,0,3,148,0,151,0,11,189,0,200,262,0,262,462
07/29/2022,DWH,TX,ASW,CE,Towers with Radar,0,8,29,2,39,0,2,175,2,179,0,10,204,4,218,224,0,224,442
07/30/2022,DWH,TX,ASW,CE,Towers with Radar,0,10,44,0,54,0,2,213,0,215,0,12,257,0,269,237,0,237,506
07/31/2022,DWH,TX,ASW,CE,Towers with Radar,0,8,36,0,44,0,2,209,2,213,0,10,245,2,257,314,0,314,571
08/01/2022,DWH,TX,ASW,CE,Towers with Radar,0,5,34,0,39,0,4,144,0,148,0,9,178,0,187,288,0,288,475
08/02/2022,DWH,TX,ASW,CE,Towers with Radar,0,9,46,0,55,0,4,184,3,191,0,13,230,3,246,281,0,281,527
08/03/2022,DWH,TX,ASW,CE,Towers with Radar,0,6,44,2,52,0,2,183,0,185,0,8,227,2,237,240,0,240,477
08/04/2022,DWH,TX,ASW,CE,Towers with Radar,0,6,52,5,63,0,4,181,3,188,0,10,233,8,251,158,0,158,409
08/05/2022,DWH,TX,ASW,CE,Towers with Radar,0,8,34,2,44,0,4,135,0,139,0,12,169,2,183,246,0,246,429
08/06/2022,DWH,TX,ASW,CE,Towers with Radar,0,7,30,0,37,0,2,164,0,166,0,9,194,0,203,300,0,300,503
08/07/2022,DWH,TX,ASW,CE,Towers with Radar,0,3,43,1,47,0,3,191,1,195,0,6,234,2,242,327,0,327,569
08/08/2022,DWH,TX,ASW,CE,Towers with Radar,0,5,49,2,56,0,2,191,0,193,0,7,240,2,249,264,0,264,513
08/09/2022,DWH,TX,ASW,CE,Towers with Radar,1,3,46,0,50,0,4,207,0,211,1,7,253,0,261,235,0,235,496
08/10/2022,DWH,TX,ASW,CE,Towers with Radar,0,8,31,0,39,0,0,176,0,176,0,8,207,0,215,236,0,236,451
08/11/2022,DWH,TX,ASW,CE,Towers with Radar,0,8,38,0,46,0,2,205,0,207,0,10,243,0,253,258,0,258,511
08/12/2022,DWH,TX,ASW,CE,Towers with Radar,0,5,36,0,41,0,0,137,0,137,0,5,173,0,178,314,0,314,492
08/13/2022,DWH,TX,ASW,CE,Towers with Radar,0,3,22,4,29,0,1,186,2,189,0,4,208,6,218,168,0,168,386
08/14/2022,DWH,TX,ASW,CE,Towers with Radar,0,5,48,0,53,0,3,107,2,112,0,8,155,2,165,192,0,192,357
08/15/2022,DWH,TX,ASW,CE,Towers with Radar,0,7,27,2,36,0,2,128,0,130,0,9,155,2,166,70,0,70,236
08/16/2022,DWH,TX,ASW,CE,Towers with Radar,0,4,36,3,43,0,5,229,0,234,0,9,265,3,277,412,0,412,689
08/17/2022,DWH,TX,ASW,CE,Towers with Radar,0,4,41,3,48,0,2,216,0,218,0,6,257,3,266,301,0,301,567
08/18/2022,DWH,TX,ASW,CE,Towers with Radar,0,5,38,0,43,0,2,139,0,141,0,7,177,0,184,150,0,150,334
08/19/2022,DWH,TX,ASW,CE,Towers with Radar,0,8,44,0,52,0,2,7,0,9,0,10,51,0,61,36,0,36,97
08/20/2022,DWH,TX,ASW,CE,Towers with Radar,0,1,31,0,32,0,6,112,2,120,0,7,143,2,152,307,0,307,459
08/21/2022,DWH,TX,ASW,CE,Towers with Radar,0,10,27,0,37,0,2,134,0,136,0,12,161,0,173,222,0,222,395
08/22/2022,DWH,TX,ASW,CE,Towers with Radar,0,2,33,0,35,0,2,100,0,102,0,4,133,0,137,350,0,350,487
08/23/2022,DWH,TX,ASW,CE,Towers with Radar,0,3,52,0,55,0,0,124,0,124,0,3,176,0,179,316,0,316,495
08/24/2022,DWH,TX,ASW,CE,Towers with Radar,0,6,44,2,52,0,1,68,0,69,0,7,112,2,121,145,0,145,266
08/25/2022,DWH,TX,ASW,CE,Towers with Radar,0,11,40,2,53,0,4,213,0,217,0,15,253,2,270,300,0,300,570
08/26/2022,DWH,TX,ASW,CE,Towers with Radar,0,12,62,0,74,0,1,126,0,127,0,13,188,0,201,238,0,238,439
08/27/2022,DWH,TX,ASW,CE,Towers with Radar,0,10,37,0,47,0,3,132,0,135,0,13,169,0,182,209,0,209,391
08/28/2022,DWH,TX,ASW,CE,Towers with Radar,0,11,51,0,62,0,2,192,0,194,0,13,243,0,256,295,0,295,551
08/29/2022,DWH,TX,ASW,CE,Towers with Radar,0,8,38,0,46,0,5,25,0,30,0,13,63,0,76,84,0,84,160
08/30/2022,DWH,TX,ASW,CE,Towers with Radar,0,8,38,2,48,0,4,36,0,40,0,12,74,2,88,84,0,84,172
08/31/2022,DWH,TX,ASW,CE,Towers with Radar,0,6,46,0,52,0,1,158,1,160,0,7,204,1,212,304,0,304,516
09/01/2022,DWH,TX,ASW,CE,Towers with Radar,0,8,43,0,51,0,4,168,5,177,0,12,211,5,228,260,0,260,488
09/02/2022,DWH,TX,ASW,CE,Towers with Radar,0,8,23,0,31,0,2,152,0,154,0,10,175,0,185,238,0,238,423
09/03/2022,DWH,TX,ASW,CE,Towers with Radar,0,5,23,0,28,0,2,63,2,67,0,7,86,2,95,244,0,244,339
09/04/2022,DWH,TX,ASW,CE,Towers with Radar,0,4,27,0,31,0,4,152,0,156,0,8,179,0,187,277,0,277,464
09/05/2022,DWH,TX,ASW,CE,Towers with Radar,0,9,43,0,52,0,4,198,0,202,0,13,241,0,254,318,0,318,572
09/06/2022,DWH,TX,ASW,CE,Towers with Radar,0,8,37,3,48,0,0,180,0,180,0,8,217,3,228,142,0,142,370
09/07/2022,DWH,TX,ASW,CE,Towers with Radar,0,2,33,1,36,0,0,148,0,148,0,2,181,1,184,220,0,220,404
09/08/2022,DWH,TX,ASW,CE,Towers with Radar,0,1,42,0,43,0,0,231,2,233,0,1,273,2,276,236,0,236,512
09/09/2022,DWH,TX,ASW,CE,Towers with Radar,1,4,39,0,44,0,3,233,0,236,1,7,272,0,280,338,0,338,618
09/10/2022,DWH,TX,ASW,CE,Towers with Radar,0,6,29,2,37,0,4,259,0,263,0,10,288,2,300,224,0,224,524
09/11/2022,DWH,TX,ASW,CE,Towers with Radar,0,4,43,2,49,0,0,202,0,202,0,4,245,2,251,284,0,284,535
09/12/2022,DWH,TX,ASW,CE,Towers with Radar,0,0,33,0,33,0,4,220,0,224,0,4,253,0,257,204,0,204,461
09/13/2022,DWH,TX,ASW,CE,Towers with Radar,0,0,37,2,39,0,6,219,1,226,0,6,256,3,265,134,0,134,399
09/14/2022,DWH,TX,ASW,CE,Towers with Radar,0,7,36,3,46,0,4,216,0,220,0,11,252,3,266,109,0,109,375
09/15/2022,DWH,TX,ASW,CE,Towers with Radar,0,5,50,0,55,0,3,217,0,220,0,8,267,0,275,220,0,220,495
09/16/2022,DWH,TX,ASW,CE,Towers with Radar,0,2,45,3,50,0,3,135,0,138,0,5,180,3,188,179,0,179,367
09/17/2022,DWH,TX,ASW,CE,Towers with Radar,0,4,28,3,35,0,5,165,3,173,0,9,193,6,208,244,8,252,460
09/18/2022,DWH,TX,ASW,CE,Towers with Radar,0,15,42,0,57,0,0,145,1,146,0,15,187,1,203,209,0,209,412
09/19/2022,DWH,TX,ASW,CE,Towers with Radar,0,3,50,2,55,0,4,152,0,156,0,7,202,2,211,199,0,199,410
09/20/2022,DWH,TX,ASW,CE,Towers with Radar,0,4,46,0,50,0,1,232,0,233,0,5,278,0,283,292,0,292,575
09/21/2022,DWH,TX,ASW,CE,Towers with Radar,0,4,40,1,45,0,7,236,0,243,0,11,276,1,288,265,0,265,553
09/22/2022,DWH,TX,ASW,CE,Towers with Radar,0,6,53,1,60,0,1,219,0,220,0,7,272,1,280,299,0,299,579
09/23/2022,DWH,TX,ASW,CE,Towers with Radar,0,10,29,0,39,0,0,225,2,227,0,10,254,2,266,263,0,263,529
09/24/2022,DWH,TX,ASW,CE,Towers with Radar,0,8,41,1,50,0,3,191,0,194,0,11,232,1,244,215,0,215,459
09/25/2022,DWH,TX,ASW,CE,Towers with Radar,0,8,46,0,54,0,3,197,0,200,0,11,243,0,254,269,0,269,523
09/26/2022,DWH,TX,ASW,CE,Towers with Radar,0,15,35,1,51,0,6,192,0,198,0,21,227,1,249,137,0,137,386
09/27/2022,DWH,TX,ASW,CE,Towers with Radar,0,10,43,0,53,0,5,197,0,202,0,15,240,0,255,288,0,288,543
09/28/2022,DWH,TX,ASW,CE,Towers with Radar,0,3,49,2,54,0,4,222,1,227,0,7,271,3,281,338,0,338,619
09/29/2022,DWH,TX,ASW,CE,Towers with Radar,0,16,50,2,68,0,3,235,0,238,0,19,285,2,306,297,0,297,603
09/30/2022,DWH,TX,ASW,CE,Towers with Radar,0,9,28,0,37,0,7,185,0,192,0,16,213,0,229,212,0,212,441
10/01/2022,DWH,TX,ASW,CE,Towers with Radar,0,9,37,0,46,0,3,211,1,215,0,12,248,1,261,212,0,212,473
10/02/2022,DWH,TX,ASW,CE,Towers with Radar,0,16,28,1,45,0,7,195,2,204,0,23,223,3,249,307,0,307,556
10/03/2022,DWH,TX,ASW,CE,Towers with Radar,0,3,36,0,39,0,0,165,0,165,0,3,201,0,204,234,0,234,438
10/04/2022,DWH,TX,ASW,CE,Towers with Radar,0,16,24,1,41,0,2,197,1,200,0,18,221,2,241,362,0,362,603
10/05/2022,DWH,TX,ASW,CE,Towers with Radar,0,10,32,2,44,0,3,213,3,219,0,13,245,5,263,381,0,381,644
10/06/2022,DWH,TX,ASW,CE,Towers with Radar,0,9,45,0,54,0,11,211,1,223,0,20,256,1,277,395,0,395,672
10/07/2022,DWH,TX,ASW,CE,Towers with Radar,1,20,35,0,56,0,3,203,0,206,1,23,238,0,262,262,0,262,524
10/08/2022,DWH,TX,ASW,CE,Towers with Radar,0,9,16,0,25,0,4,158,0,162,0,13,174,0,187,152,0,152,339
10/09/2022,DWH,TX,ASW,CE,Towers with Radar,0,21,42,0,63,0,3,201,0,204,0,24,243,0,267,206,0,206,473
10/10/2022,DWH,TX,ASW,CE,Towers with Radar,1,6,29,1,37,0,2,160,0,162,1,8,189,1,199,150,0,150,349
10/11/2022,DWH,TX,ASW,CE,Towers with Radar,0,13,42,2,57,0,7,187,4,198,0,20,229,6,255,435,0,435,690
10/12/2022,DWH,TX,ASW,CE,Towers with Radar,0,11,55,2,68,0,9,119,2,130,0,20,174,4,198,358,0,358,556
10/13/2022,DWH,TX,ASW,CE,Towers with Radar,0,3,59,0,62,0,5,197,2,204,0,8,256,2,266,438,0,438,704
10/14/2022,DWH,TX,ASW,CE,Towers with Radar,0,9,43,0,52,0,4,199,2,205,0,13,242,2,257,284,0,284,541
10/15/2022,DWH,TX,ASW,CE,Towers with Radar,0,8,41,2,51,0,3,244,1,248,0,11,285,3,299,239,0,239,538
10/16/2022,DWH,TX,ASW,CE,Towers with Radar,0,7,36,3,46,0,6,155,3,164,0,13,191,6,210,344,0,344,554
10/17/2022,DWH,TX,ASW,CE,Towers with Radar,0,8,36,0,44,0,4,62,0,66,0,12,98,0,110,103,0,103,213
10/18/2022,DWH,TX,ASW,CE,Towers with Radar,0,6,44,0,50,0,2,198,5,205,0,8,242,5,255,306,0,306,561
10/19/2022,DWH,TX,ASW,CE,Towers with Radar,0,4,43,0,47,0,4,218,3,225,0,8,261,3,272,327,0,327,599
10/20/2022,DWH,TX,ASW,CE,Towers with Radar,0,7,58,0,65,0,0,234,0,234,0,7,292,0,299,287,0,287,586
10/21/2022,DWH,TX,ASW,CE,Towers with Radar,0,8,55,0,63,0,3,170,2,175,0,11,225,2,238,258,0,258,496
10/22/2022,DWH,TX,ASW,CE,Towers with Radar,0,5,31,0,36,0,2,144,0,146,0,7,175,0,182,158,0,158,340
10/23/2022,DWH,TX,ASW,CE,Towers with Radar,0,16,38,3,57,0,4,151,0,155,0,20,189,3,212,216,0,216,428
10/24/2022,DWH,TX,ASW,CE,Towers with Radar,0,8,36,0,44,0,5,58,0,63,0,13,94,0,107,82,0,82,189
10/25/2022,DWH,TX,ASW,CE,Towers with Radar,0,7,40,0,47,0,4,136,5,145,0,11,176,5,192,177,0,177,369
10/26/2022,DWH,TX,ASW,CE,Towers with Radar,0,12,33,0,45,0,3,250,3,256,0,15,283,3,301,288,0,288,589
10/27/2022,DWH,TX,ASW,CE,Towers with Radar,0,19,60,1,80,0,4,237,4,245,0,23,297,5,325,208,0,208,533
10/28/2022,DWH,TX,ASW,CE,Towers with Radar,0,8,43,1,52,0,0,3,0,3,0,8,46,1,55,4,0,4,59
10/29/2022,DWH,TX,ASW,CE,Towers with Radar,0,10,48,1,59,0,5,37,2,44,0,15,85,3,103,189,0,189,292
10/30/2022,DWH,TX,ASW,CE,Towers with Radar,0,8,28,0,36,0,2,216,0,218,0,10,244,0,254,389,0,389,643
10/31/2022,DWH,TX,ASW,CE,Towers with Radar,1,4,26,0,31,0,0,178,6,184,1,4,204,6,215,378,0,378,593
11/01/2022,DWH,TX,ASW,CE,Towers with Radar,1,8,65,1,75,0,0,6,0,6,1,8,71,1,81,26,0,26,107
11/02/2022,DWH,TX,ASW,CE,Towers with Radar,0,2,40,2,44,0,3,263,6,272,0,5,303,8,316,255,0,255,571
11/03/2022,DWH,TX,ASW,CE,Towers with Radar,1,8,80,3,92,0,0,82,1,83,1,8,162,4,175,228,0,228,403
11/04/2022,DWH,TX,ASW,CE,Towers with Radar,0,9,63,2,74,0,7,35,0,42,0,16,98,2,116,44,0,44,160
11/05/2022,DWH,TX,ASW,CE,Towers with Radar,0,1,27,0,28,0,4,224,0,228,0,5,251,0,256,352,0,352,608
11/06/2022,DWH,TX,ASW,CE,Towers with Radar,0,10,35,0,45,0,2,54,0,56,0,12,89,0,101,225,0,225,326
11/07/2022,DWH,TX,ASW,CE,Towers with Radar,0,9,42,0,51,0,3,100,2,105,0,12,142,2,156,248,22,270,426
11/08/2022,DWH,TX,ASW,CE,Towers with Radar,0,5,38,0,43,0,4,159,3,166,0,9,197,3,209,216,0,216,425
11/09/2022,DWH,TX,ASW,CE,Towers with Radar,0,4,52,0,56,0,4,241,0,245,0,8,293,0,301,479,0,479,780
11/10/2022,DWH,TX,ASW,CE,Towers with Radar,0,2,67,2,71,0,5,195,2,202,0,7,262,4,273,410,0,410,683
11/11/2022,DWH,TX,ASW,CE,Towers with Radar,0,8,47,0,55,0,2,98,0,100,0,10,145,0,155,272,0,272,427
11/12/2022,DWH,TX,ASW,CE,Towers with Radar,0,6,39,0,45,0,5,185,1,191,0,11,224,1,236,246,0,246,482
11/13/2022,DWH,TX,ASW,CE,Towers with Radar,0,8,31,0,39,0,5,252,0,257,0,13,283,0,296,317,0,317,613
11/14/2022,DWH,TX,ASW,CE,Towers with Radar,0,8,22,0,30,0,1,31,0,32,0,9,53,0,62,80,0,80,142
11/15/2022,DWH,TX,ASW,CE,Towers with Radar,0,4,59,2,65,0,7,161,2,170,0,11,220,4,235,286,0,286,521
11/16/2022,DWH,TX,ASW,CE,Towers with Radar,0,9,52,0,61,0,5,191,5,201,0,14,243,5,262,200,16,216,478
11/17/2022,DWH,TX,ASW,CE,Towers with Radar,0,9,43,3,55,0,6,290,7,303,0,15,333,10,358,364,0,364,722
11/18/2022,DWH,TX,ASW,CE,Towers with Radar,0,9,58,0,67,0,4,200,0,204,0,13,258,0,271,282,0,282,553
11/19/2022,DWH,TX,ASW,CE,Towers with Radar,0,8,19,0,27,0,2,1,0,3,0,10,20,0,30,9,0,9,39
11/20/2022,DWH,TX,ASW,CE,Towers with Radar,0,9,32,1,42,0,5,243,1,249,0,14,275,2,291,340,0,340,631
11/21/2022,DWH,TX,ASW,CE,Towers with Radar,0,16,40,0,56,0,7,30,0,37,0,23,70,0,93,10,0,10,103
11/22/2022,DWH,TX,ASW,CE,Towers with Radar,1,9,62,0,72,0,5,213,2,220,1,14,275,2,292,326,0,326,618
11/23/2022,DWH,TX,ASW,CE,Towers with Radar,0,5,46,0,51,0,2,216,0,218,0,7,262,0,269,314,0,314,583
11/24/2022,DWH,TX,ASW,CE,Towers with Radar,0,4,3,0,7,0,0,1,0,1,0,4,4,0,8,1,0,1,9
11/25/2022,DWH,TX,ASW,CE,Towers with Radar,0,8,28,0,36,0,4,7,0,11,0,12,35,0,47,2,0,2,49
11/26/2022,DWH,TX,ASW,CE,Towers with Radar,0,11,30,0,41,0,0,92,0,92,0,11,122,0,133,134,0,134,267
11/27/2022,DWH,TX,ASW,CE,Towers with Radar,0,19,41,1,61,0,4,238,1,243,0,23,279,2,304,234,0,234,538
11/28/2022,DWH,TX,ASW,CE,Towers with Radar,0,9,53,1,63,0,3,211,5,219,0,12,264,6,282,307,0,307,589
11/29/2022,DWH,TX,ASW,CE,Towers with Radar,0,12,62,5,79,0,2,29,7,38,0,14,91,12,117,78,0,78,195
11/30/2022,DWH,TX,ASW,CE,Towers with Radar,0,7,58,0,65,0,5,205,14,224,0,12,263,14,289,143,0,143,432
12/01/2022,DWH,TX,ASW,CE,Towers with Radar,0,12,42,0,54,0,6,208,6,220,0,18,250,6,274,372,0,372,646
12/02/2022,DWH,TX,ASW,CE,Towers with Radar,0,9,66,0,75,0,2,19,0,21,0,11,85,0,96,52,0,52,148
12/03/2022,DWH,TX,ASW,CE,Towers with Radar,0,4,59,0,63,0,2,57,0,59,0,6,116,0,122,134,0,134,256
12/04/2022,DWH,TX,ASW,CE,Towers with Radar,0,4,88,1,93,0,7,27,0,34,0,11,115,1,127,123,0,123,250
12/05/2022,DWH,TX,ASW,CE,Towers with Radar,0,5,63,0,68,0,8,82,10,100,0,13,145,10,168,121,0,121,289
12/06/2022,DWH,TX,ASW,CE,Towers with Radar,0,9,74,3,86,0,2,117,6,125,0,11,191,9,211,213,0,213,424
12/07/2022,DWH,TX,ASW,CE,Towers with Radar,0,11,64,0,75,0,1,152,7,160,0,12,216,7,235,255,0,255,490
12/08/2022,DWH,TX,ASW,CE,Towers with Radar,0,14,53,0,67,0,2,190,6,198,0,16,243,6,265,304,0,304,569
12/09/2022,DWH,TX,ASW,CE,Towers with Radar,0,6,43,0,49,0,2,143,4,149,0,8,186,4,198,245,0,245,443
12/10/2022,DWH,TX,ASW,CE,Towers with Radar,0,6,33,0,39,0,0,67,2,69,0,6,100,2,108,186,0,186,294
12/11/2022,DWH,TX,ASW,CE,Towers with Radar,0,11,45,0,56,0,0,11,0,11,0,11,56,0,67,114,0,114,181
12/12/2022,DWH,TX,ASW,CE,Towers with Radar,0,7,60,5,72,0,1,2,0,3,0,8,62,5,75,38,0,38,113
12/13/2022,DWH,TX,ASW,CE,Towers with Radar,0,10,49,3,62,0,5,38,4,47,0,15,87,7,109,138,32,170,279
12/14/2022,DWH,TX,ASW,CE,Towers with Radar,0,8,53,1,62,0,7,215,15,237,0,15,268,16,299,166,0,166,465
12/15/2022,DWH,TX,ASW,CE,Towers with Radar,0,12,41,4,57,0,6,330,5,341,0,18,371,9,398,304,0,304,702
12/16/2022,DWH,TX,ASW,CE,Towers with Radar,0,8,61,0,69,0,4,178,1,183,0,12,239,1,252,268,0,268,520
12/17/2022,DWH,TX,ASW,CE,Towers with Radar,0,6,31,0,37,0,2,194,0,196,0,8,225,0,233,222,0,222,455
12/18/2022,DWH,TX,ASW,CE,Towers with Radar,0,12,33,1,46,0,2,186,1,189,0,14,219,2,235,213,0,213,448
12/19/2022,DWH,TX,ASW,CE,Towers with Radar,0,12,29,0,41,0,0,0,0,0,0,12,29,0,41,20,0,20,61
12/20/2022,DWH,TX,ASW,CE,Towers with Radar,0,6,46,1,53,0,3,37,15,55,0,9,83,16,108,57,0,57,165
12/21/2022,DWH,TX,ASW,CE,Towers with Radar,0,5,67,2,74,0,7,157,7,171,0,12,224,9,245,236,0,236,481
12/22/2022,DWH,TX,ASW,CE,Towers with Radar,0,0,45,1,46,0,5,15,5,25,0,5,60,6,71,24,0,24,95
12/23/2022,DWH,TX,ASW,CE,Towers with Radar,0,5,17,0,22,0,0,64,0,64,0,5,81,0,86,72,0,72,158
12/24/2022,DWH,TX,ASW,CE,Towers with Radar,0,3,11,0,14,0,0,84,0,84,0,3,95,0,98,104,0,104,202
12/25/2022,DWH,TX,ASW,CE,Towers with Radar,0,7,3,0,10,0,2,48,0,50,0,9,51,0,60,108,0,108,168
12/26/2022,DWH,TX,ASW,CE,Towers with Radar,0,4,30,0,34,0,2,204,0,206,0,6,234,0,240,122,0,122,362
12/27/2022,DWH,TX,ASW,CE,Towers with Radar,0,7,34,0,41,0,2,252,1,255,0,9,286,1,296,174,0,174,470
12/28/2022,DWH,TX,ASW,CE,Towers with Radar,0,5,51,0,56,0,4,225,0,229,0,9,276,0,285,232,0,232,517
12/29/2022,DWH,TX,ASW,CE,Towers with Radar,0,7,54,1,62,0,6,33,3,42,0,13,87,4,104,119,3,122,226
12/30/2022,DWH,TX,ASW,CE,Towers with Radar,0,3,50,0,53,0,3,58,0,61,0,6,108,0,114,150,0,150,264
12/31/2022,DWH,TX,ASW,CE,Towers with Radar,0,3,9,0,12,0,0,173,0,173,0,3,182,0,185,328,0,328,513
01/01/2023,DWH,TX,ASW,CE,Towers with Radar,0,3,36,0,39,0,3,46,1,50,0,6,82,1,89,131,0,131,220
01/02/2023,DWH,TX,ASW,CE,Towers with Radar,0,5,21,0,26,0,3,1,0,4,0,8,22,0,30,0,0,0,30
01/03/2023,DWH,TX,ASW,CE,Towers with Radar,0,3,25,1,29,0,3,182,6,191,0,6,207,7,220,249,0,249,469
01/04/2023,DWH,TX,ASW,CE,Towers with Radar,0,0,22,3,25,0,3,227,7,237,0,3,249,10,262,147,0,147,409
01/05/2023,DWH,TX,ASW,CE,Towers with Radar,0,2,52,5,59,0,3,275,2,280,0,5,327,7,339,297,0,297,636
01/06/2023,DWH,TX,ASW,CE,Towers with Radar,0,6,42,1,49,0,2,240,5,247,0,8,282,6,296,218,0,218,514
01/07/2023,DWH,TX,ASW,CE,Towers with Radar,0,6,58,0,64,0,4,91,0,95,0,10,149,0,159,311,0,311,470
01/08/2023,DWH,TX,ASW,CE,Towers with Radar,0,12,27,0,39,0,6,187,2,195,0,18,214,2,234,262,0,262,496
01/09/2023,DWH,TX,ASW,CE,Towers with Radar,0,4,40,0,44,0,4,193,4,201,0,8,233,4,245,219,0,219,464
01/10/2023,DWH,TX,ASW,CE,Towers with Radar,0,2,44,3,49,0,3,157,9,169,0,5,201,12,218,162,0,162,380
01/11/2023,DWH,TX,ASW,CE,Towers with Radar,0,6,59,3,68,0,4,133,6,143,0,10,192,9,211,294,0,294,505
01/12/2023,DWH,TX,ASW,CE,Towers with Radar,0,17,39,0,56,0,4,172,7,183,0,21,211,7,239,137,0,137,376
01/13/2023,DWH,TX,ASW,CE,Towers with Radar,0,6,44,0,50,0,3,276,2,281,0,9,320,2,331,236,0,236,567
01/14/2023,DWH,TX,ASW,CE,Towers with Radar,0,3,47,0,50,0,5,295,1,301,0,8,342,1,351,302,0,302,653
01/15/2023,DWH,TX,ASW,CE,Towers with Radar,0,1,36,0,37,0,0,160,0,160,0,1,196,0,197,138,0,138,335
01/16/2023,DWH,TX,ASW,CE,Towers with Radar,0,11,64,0,75,0,0,116,0,116,0,11,180,0,191,180,0,180,371
01/17/2023,DWH,TX,ASW,CE,Towers with Radar,0,8,67,2,77,0,0,137,6,143,0,8,204,8,220,251,0,251,471
01/18/2023,DWH,TX,ASW,CE,Towers with Radar,0,10,39,0,49,0,3,87,10,100,0,13,126,10,149,171,0,171,320
01/19/2023,DWH,TX,ASW,CE,Towers with Radar,0,7,57,1,65,0,4,294,16,314,0,11,351,17,379,295,0,295,674
01/20/2023,DWH,TX,ASW,CE,Towers with Radar,0,4,50,1,55,0,4,170,8,182,0,8,220,9,237,319,8,327,564
01/21/2023,DWH,TX,ASW,CE,Towers with Radar,0,6,24,0,30,0,1,18,0,19,0,7,42,0,49,179,0,179,228
01/22/2023,DWH,TX,ASW,CE,Towers with Radar,0,2,21,0,23,0,4,231,2,237,0,6,252,2,260,210,0,210,470
01/23/2023,DWH,TX,ASW,CE,Towers with Radar,0,2,31,2,35,0,1,209,7,217,0,3,240,9,252,276,0,276,528
01/24/2023,DWH,TX,ASW,CE,Towers with Radar,0,4,21,0,25,0,0,4,0,4,0,4,25,0,29,2,0,2,31
01/25/2023,DWH,TX,ASW,CE,Towers with Radar,0,3,59,7,69,0,6,180,9,195,0,9,239,16,264,314,0,314,578
01/26/2023,DWH,TX,ASW,CE,Towers with Radar,0,6,32,2,40,0,4,257,19,280,0,10,289,21,320,210,0,210,530
01/27/2023,DWH,TX,ASW,CE,Towers with Radar,1,4,37,0,42,0,4,243,3,250,1,8,280,3,292,215,4,219,511
01/28/2023,DWH,TX,ASW,CE,Towers with Radar,0,4,23,0,27,0,2,3,0,5,0,6,26,0,32,12,0,12,44
01/29/2023,DWH,TX,ASW,CE,Towers with Radar,0,0,1,0,1,0,0,0,0,0,0,0,1,0,1,0,0,0,1
01/30/2023,DWH,TX,ASW,CE,Towers with Radar,0,2,19,0,21,0,0,0,0,0,0,2,19,0,21,0,0,0,21
01/31/2023,DWH,TX,ASW,CE,Towers with Radar,0,2,18,0,20,0,0,0,0,0,0,2,18,0,20,0,0,0,20
02/01/2023,DWH,TX,ASW,CE,Towers with Radar,0,4,18,10,32,0,0,3,0,3,0,4,21,10,35,0,0,0,35
02/02/2023,DWH,TX,ASW,CE,Towers with Radar,0,7,28,0,35,0,0,3,0,3,0,7,31,0,38,0,0,0,38
02/03/2023,DWH,TX,ASW,CE,Towers with Radar,0,2,65,2,69,0,0,227,9,236,0,2,292,11,305,246,10,256,561
02/04/2023,DWH,TX,ASW,CE,Towers with Radar,0,0,42,0,42,0,2,289,2,293,0,2,331,2,335,396,0,396,731
02/05/2023,DWH,TX,ASW,CE,Towers with Radar,0,5,46,0,51,0,2,266,0,268,0,7,312,0,319,288,0,288,607
02/06/2023,DWH,TX,ASW,CE,Towers with Radar,0,8,62,1,71,0,3,226,12,241,0,11,288,13,312,285,1,286,598
02/07/2023,DWH,TX,ASW,CE,Towers with Radar,0,5,63,1,69,0,3,88,13,104,0,8,151,14,173,536,26,562,735
02/08/2023,DWH,TX,ASW,CE,Towers with Radar,0,7,33,0,40,0,3,9,6,18,0,10,42,6,58,22,0,22,80
02/09/2023,DWH,TX,ASW,CE,Towers with Radar,0,14,59,0,73,0,3,276,12,291,0,17,335,12,364,259,2,261,625
02/10/2023,DWH,TX,ASW,CE,Towers with Radar,0,9,40,2,51,0,4,269,13,286,0,13,309,15,337,217,8,225,562
02/11/2023,DWH,TX,ASW,CE,Towers with Radar,0,3,31,3,37,0,2,236,18,256,0,5,267,21,293,290,50,340,633
02/12/2023,DWH,TX,ASW,CE,Towers with Radar,0,8,36,2,46,0,7,306,2,315,0,15,342,4,361,330,6,336,697
02/13/2023,DWH,TX,ASW,CE,Towers with Radar,0,4,56,0,60,0,1,232,7,240,0,5,288,7,300,279,0,279,579
02/14/2023,DWH,TX,ASW,CE,Towers with Radar,0,8,33,1,42,0,3,52,8,63,0,11,85,9,105,24,25,49,154
02/15/2023,DWH,TX,ASW,CE,Towers with Radar,0,13,49,1,63,0,4,25,4,33,0,17,74,5,96,152,29,181,277
02/16/2023,DWH,TX,ASW,CE,Towers with Radar,0,4,54,0,58,0,2,126,10,138,0,6,180,10,196,233,0,233,429
02/17/2023,DWH,TX,ASW,CE,Towers with Radar,0,3,53,1,57,0,2,270,6,278,0,5,323,7,335,271,3,274,609
02/18/2023,DWH,TX,ASW,CE,Towers with Radar,0,0,39,0,39,0,0,316,0,316,0,0,355,0,355,287,0,287,642
02/19/2023,DWH,TX,ASW,CE,Towers with Radar,0,0,49,0,49,0,6,237,2,245,0,6,286,2,294,265,0,265,559
02/20/2023,DWH,TX,ASW,CE,Towers with Radar,0,7,62,0,69,0,3,71,0,74,0,10,133,0,143,62,0,62,205
02/21/2023,DWH,TX,ASW,CE,Towers with Radar,0,8,55,3,66,0,6,154,9,169,0,14,209,12,235,320,6,326,561
02/22/2023,DWH,TX,ASW,CE,Towers with Radar,0,4,52,0,56,0,4,118,15,137,0,8,170,15,193,296,13,309,502
02/23/2023,DWH,TX,ASW,CE,Towers with Radar,0,5,60,0,65,0,3,122,18,143,0,8,182,18,208,300,33,333,541
02/24/2023,DWH,TX,ASW,CE,Towers with Radar,0,4,47,0,51,0,5,79,3,87,0,9,126,3,138,238,0,238,376
02/25/2023,DWH,TX,ASW,CE,Towers with Radar,0,4,44,0,48,0,1,145,0,146,0,5,189,0,194,212,0,212,406
02/26/2023,DWH,TX,ASW,CE,Towers with Radar,1,0,47,0,48,0,5,144,1,150,1,5,191,1,198,241,0,241,439
02/27/2023,DWH,TX,ASW,CE,Towers with Radar,0,1,49,1,51,0,4,204,5,213,0,5,253,6,264,219,0,219,483
02/28/2023,DWH,TX,ASW,CE,Towers with Radar,0,2,47,0,49,0,4,232,3,239,0,6,279,3,288,343,0,343,631
03/01/2023,DWH,TX,ASW,CE,Towers with Radar,0,4,72,3,79,0,3,108,4,115,0,7,180,7,194,313,0,313,507
03/02/2023,DWH,TX,ASW,CE,Towers with Radar,0,12,66,4,82,0,2,28,0,30,0,14,94,4,112,88,0,88,200
03/03/2023,DWH,TX,ASW,CE,Towers with Radar,0,1,34,0,35,0,5,151,6,162,0,6,185,6,197,198,0,198,395
03/04/2023,DWH,TX,ASW,CE,Towers with Radar,0,2,42,2,46,0,6,302,3,311,0,8,344,5,357,302,0,302,659
03/05/2023,DWH,TX,ASW,CE,Towers with Radar,0,4,60,0,64,0,1,303,0,304,0,5,363,0,368,366,0,366,734
03/06/2023,DWH,TX,ASW,CE,Towers with Radar,0,3,80,2,85,0,2,119,11,132,0,5,199,13,217,161,2,163,380
03/07/2023,DWH,TX,ASW,CE,Towers with Radar,0,9,63,4,76,0,3,82,11,96,0,12,145,15,172,290,0,290,462
03/08/2023,DWH,TX,ASW,CE,Towers with Radar,0,7,61,0,68,0,2,218,15,235,0,9,279,15,303,363,5,368,671
03/09/2023,DWH,TX,ASW,CE,Towers with Radar,0,4,51,18,73,0,6,200,9,215,0,10,251,27,288,271,0,271,559
03/10/2023,DWH,TX,ASW,CE,Towers with Radar,0,11,86,0,97,0,9,87,1,97,0,20,173,1,194,100,0,100,294
03/11/2023,DWH,TX,ASW,CE,Towers with Radar,0,15,45,0,60,0,4,149,2,155,0,19,194,2,215,174,0,174,389
03/12/2023,DWH,TX,ASW,CE,Towers with Radar,0,8,64,0,72,0,1,79,0,80,0,9,143,0,152,237,0,237,389
03/13/2023,DWH,TX,ASW,CE,Towers with Radar,0,1,39,1,41,0,6,192,11,209,0,7,231,12,250,211,2,213,463
03/14/2023,DWH,TX,ASW,CE,Towers with Radar,0,3,23,7,33,0,6,229,10,245,0,9,252,17,278,310,0,310,588
03/15/2023,DWH,TX,ASW,CE,Towers with Radar,0,12,35,0,47,0,5,239,2,246,0,17,274,2,293,247,0,247,540
03/16/2023,DWH,TX,ASW,CE,Towers with Radar,0,3,31,3,37,0,0,21,3,24,0,3,52,6,61,110,2,112,173
03/17/2023,DWH,TX,ASW,CE,Towers with Radar,0,12,25,0,37,0,5,66,0,71,0,17,91,0,108,204,0,204,312
03/18/2023,DWH,TX,ASW,CE,Towers with Radar,0,13,28,0,41,0,4,185,0,189,0,17,213,0,230,330,0,330,560
03/19/2023,DWH,TX,ASW,CE,Towers with Radar,0,9,46,0,55,0,8,227,2,237,0,17,273,2,292,253,0,253,545
03/20/2023,DWH,TX,ASW,CE,Towers with Radar,0,7,40,1,48,0,3,182,6,191,0,10,222,7,239,283,2,285,524
03/21/2023,DWH,TX,ASW,CE,Towers with Radar,0,9,56,0,65,0,7,59,13,79,0,16,115,13,144,148,12,160,304
03/22/2023,DWH,TX,ASW,CE,Towers with Radar,0,2,22,0,24,0,6,86,12,104,0,8,108,12,128,82,2,84,212
03/23/2023,DWH,TX,ASW,CE,Towers with Radar,0,8,65,2,75,0,4,129,14,147,0,12,194,16,222,242,0,242,464
03/24/2023,DWH,TX,ASW,CE,Towers with Radar,0,5,42,0,47,0,2,53,5,60,0,7,95,5,107,128,19,147,254
03/25/2023,DWH,TX,ASW,CE,Towers with Radar,0,7,36,0,43,0,2,351,4,357,0,9,387,4,400,400,0,400,800
03/26/2023,DWH,TX,ASW,CE,Towers with Radar,0,7,46,0,53,0,0,8,0,8,0,7,54,0,61,2,0,2,63
03/27/2023,DWH,TX,ASW,CE,Towers with Radar,0,6,63,2,71,0,2,36,11,49,0,8,99,13,120,109,4,113,233
03/28/2023,DWH,TX,ASW,CE,Towers with Radar,0,2,36,4,42,0,2,176,6,184,0,4,212,10,226,138,0,138,364
03/29/2023,DWH,TX,ASW,CE,Towers with Radar,0,7,64,2,73,0,5,258,14,277,0,12,322,16,350,379,4,383,733
03/30/2023,DWH,TX,ASW,CE,Towers with Radar,0,4,55,2,61,0,4,25,7,36,0,8,80,9,97,136,2,138,235
03/31/2023,DWH,TX,ASW,CE,Towers with Radar,0,4,50,2,56,0,2,102,6,110,0,6,152,8,166,218,0,218,384
04/01/2023,DWH,TX,ASW,CE,Towers with Radar,0,2,43,0,45,0,5,274,1,280,0,7,317,1,325,263,0,263,588
04/02/2023,DWH,TX,ASW,CE,Towers with Radar,0,3,61,0,64,0,4,86,4,94,0,7,147,4,158,316,0,316,474
04/03/2023,DWH,TX,ASW,CE,Towers with Radar,0,4,46,2,52,0,9,143,9,161,0,13,189,11,213,427,2,429,642
04/04/2023,DWH,TX,ASW,CE,Towers with Radar,0,7,58,3,68,0,2,96,13,111,0,9,154,16,179,230,16,246,425
04/05/2023,DWH,TX,ASW,CE,Towers with Radar,0,9,39,0,48,0,0,9,3,12,0,9,48,3,60,76,24,100,160
04/06/2023,DWH,TX,ASW,CE,Towers with Radar,0,12,29,0,41,0,0,0,0,0,0,12,29,0,41,6,4,10,51
04/07/2023,DWH,TX,ASW,CE,Towers with Radar,0,0,16,0,16,0,0,0,0,0,0,0,16,0,16,0,0,0,16
04/08/2023,DWH,TX,ASW,CE,Towers with Radar,0,6,31,0,37,0,7,47,0,54,0,13,78,0,91,232,0,232,323
04/09/2023,DWH,TX,ASW,CE,Towers with Radar,0,6,38,0,44,0,3,145,0,148,0,9,183,0,192,391,0,391,583
04/10/2023,DWH,TX,ASW,CE,Towers with Radar,0,8,78,0,86,0,5,163,3,171,0,13,241,3,257,421,0,421,678
04/11/2023,DWH,TX,ASW,CE,Towers with Radar,0,15,29,2,46,0,3,257,7,267,0,18,286,9,313,329,0,329,642
04/12/2023,DWH,TX,ASW,CE,Towers with Radar,0,1,29,3,33,0,5,204,12,221,0,6,233,15,254,264,0,264,518
04/13/2023,DWH,TX,ASW,CE,Towers with Radar,0,6,57,0,63,0,6,304,10,320,0,12,361,10,383,416,0,416,799
04/14/2023,DWH,TX,ASW,CE,Towers with Radar,0,8,44,4,56,0,5,211,3,219,0,13,255,7,275,322,0,322,597
04/15/2023,DWH,TX,ASW,CE,Towers with Radar,0,1,11,0,12,0,0,21,1,22,0,1,32,1,34,42,0,42,76
04/16/2023,DWH,TX,ASW,CE,Towers with Radar,0,5,38,2,45,0,4,245,6,255,0,9,283,8,300,253,0,253,553
04/17/2023,DWH,TX,ASW,CE,Towers with Radar,0,7,44,1,52,0,5,245,8,258,0,12,289,9,310,272,0,272,582
04/18/2023,DWH,TX,ASW,CE,Towers with Radar,0,4,47,0,51,0,4,106,8,118,0,8,153,8,169,244,0,244,413
04/19/2023,DWH,TX,ASW,CE,Towers with Radar,0,3,61,1,65,0,1,237,11,249,0,4,298,12,314,340,2,342,656
04/20/2023,DWH,TX,ASW,CE,Towers with Radar,0,5,80,0,85,0,2,66,4,72,0,7,146,4,157,261,0,261,418
04/21/2023,DWH,TX,ASW,CE,Towers with Radar,0,9,62,0,71,0,5,185,1,191,0,14,247,1,262,386,0,386,648
04/22/2023,DWH,TX,ASW,CE,Towers with Radar,0,3,36,0,39,0,2,151,0,153,0,5,187,0,192,103,0,103,295
04/23/2023,DWH,TX,ASW,CE,Towers with Radar,0,12,35,2,49,0,2,79,0,81,0,14,114,2,130,115,0,115,245
04/24/2023,DWH,TX,ASW,CE,Towers with Radar,0,14,40,1,55,0,3,291,4,298,0,17,331,5,353,336,0,336,689
04/25/2023,DWH,TX,ASW,CE,Towers with Radar,0,3,47,2,52,0,4,155,3,162,0,7,202,5,214,395,0,395,609
04/26/2023,DWH,TX,ASW,CE,Towers with Radar,0,12,82,0,94,0,7,87,8,102,0,19,169,8,196,302,0,302,498
04/27/2023,DWH,TX,ASW,CE,Towers with Radar,0,8,51,1,60,0,4,119,3,126,0,12,170,4,186,369,0,369,555
04/28/2023,DWH,TX,ASW,CE,Towers with Radar,0,3,53,2,58,0,2,288,1,291,0,5,341,3,349,402,0,402,751
04/29/2023,DWH,TX,ASW,CE,Towers with Radar,0,7,26,0,33,0,0,75,0,75,0,7,101,0,108,55,0,55,163
04/30/2023,DWH,TX,ASW,CE,Towers with Radar,0,8,37,0,45,0,4,292,1,297,0,12,329,1,342,360,0,360,702
05/01/2023,DWH,TX,ASW,CE,Towers with Radar,0,3,37,0,40,0,2,239,1,242,0,5,276,1,282,416,0,416,698
05/02/2023,DWH,TX,ASW,CE,Towers with Radar,0,5,62,0,67,0,3,141,0,144,0,8,203,0,211,384,0,384,595
05/03/2023,DWH,TX,ASW,CE,Towers with Radar,0,13,43,2,58,0,0,281,3,284,0,13,324,5,342,460,0,460,802
05/04/2023,DWH,TX,ASW,CE,Towers with Radar,0,5,68,4,77,0,5,113,8,126,0,10,181,12,203,672,0,672,875
05/05/2023,DWH,TX,ASW,CE,Towers with Radar,0,9,53,1,63,0,5,144,3,152,0,14,197,4,215,338,0,338,553
05/06/2023,DWH,TX,ASW,CE,Towers with Radar,0,1,64,0,65,0,0,164,0,164,0,1,228,0,229,436,0,436,665
05/07/2023,DWH,TX,ASW,CE,Towers with Radar,0,6,35,0,41,0,5,41,0,46,0,11,76,0,87,82,0,82,169
05/08/2023,DWH,TX,ASW,CE,Towers with Radar,0,6,58,6,70,0,1,21,3,25,0,7,79,9,95,18,0,18,113
05/09/2023,DWH,TX,ASW,CE,Towers with Radar,0,11,31,0,42,0,1,27,18,46,0,12,58,18,88,51,22,73,161
05/10/2023,DWH,TX,ASW,CE,Towers with Radar,0,19,30,0,49,0,2,5,5,12,0,21,35,5,61,22,0,22,83
05/11/2023,DWH,TX,ASW,CE,Towers with Radar,0,5,53,2,60,0,8,138,6,152,0,13,191,8,212,395,0,395,607
05/12/2023,DWH,TX,ASW,CE,Towers with Radar,1,5,70,1,77,0,3,155,9,167,1,8,225,10,244,271,0,271,515
05/13/2023,DWH,TX,ASW,CE,Towers with Radar,0,5,6,0,11,0,0,14,0,14,0,5,20,0,25,68,0,68,93
05/14/2023,DWH,TX,ASW,CE,Towers with Radar,0,7,28,0,35,0,1,25,0,26,0,8,53,0,61,88,0,88,149
05/15/2023,DWH,TX,ASW,CE,Towers with Radar,0,9,35,3,47,0,0,24,6,30,0,9,59,9,77,30,0,30,107
05/16/2023,DWH,TX,ASW,CE,Towers with Radar,0,5,35,4,44,0,3,159,10,172,0,8,194,14,216,403,8,411,627
05/17/2023,DWH,TX,ASW,CE,Towers with Radar,0,9,56,2,67,0,4,273,8,285,0,13,329,10,352,288,44,332,684
05/18/2023,DWH,TX,ASW,CE,Towers with Radar,0,13,55,0,68,0,0,276,7,283,0,13,331,7,351,277,2,279,630
05/19/2023,DWH,TX,ASW,CE,Towers with Radar,0,8,49,0,57,0,4,246,4,254,0,12,295,4,311,282,0,282,593
05/20/2023,DWH,TX,ASW,CE,Towers with Radar,0,5,34,0,39,0,6,232,7,245,0,11,266,7,284,388,0,388,672
05/21/2023,DWH,TX,ASW,CE,Towers with Radar,0,10,55,1,66,0,2,97,5,104,0,12,152,6,170,490,0,490,660
05/22/2023,DWH,TX,ASW,CE,Towers with Radar,0,3,35,1,39,0,3,239,9,251,0,6,274,10,290,372,2,374,664
05/23/2023,DWH,TX,ASW,CE,Towers with Radar,0,9,35,3,47,0,2,154,9,165,0,11,189,12,212,226,24,250,462
05/24/2023,DWH,TX,ASW,CE,Towers with Radar,0,3,68,1,72,0,5,201,9,215,0,8,269,10,287,366,4,370,657
05/25/2023,DWH,TX,ASW,CE,Towers with Radar,0,3,57,1,61,0,1,225,11,237,0,4,282,12,298,395,0,395,693
05/26/2023,DWH,TX,ASW,CE,Towers with Radar,0,10,46,0,56,0,2,230,1,233,0,12,276,1,289,304,0,304,593
05/27/2023,DWH,TX,ASW,CE,Towers with Radar,0,11,34,0,45,0,3,242,0,245,0,14,276,0,290,196,0,196,486
05/28/2023,DWH,TX,ASW,CE,Towers with Radar,0,2,29,0,31,0,4,145,2,151,0,6,174,2,182,166,0,166,348
05/29/2023,DWH,TX,ASW,CE,Towers with Radar,0,1,26,0,27,0,4,160,0,164,0,5,186,0,191,438,0,438,629
05/30/2023,DWH,TX,ASW,CE,Towers with Radar,0,6,38,4,48,0,9,180,9,198,0,15,218,13,246,327,0,327,573
05/31/2023,DWH,TX,ASW,CE,Towers with Radar,0,7,45,3,55,0,3,192,13,208,0,10,237,16,263,421,2,423,686
06/01/2023,DWH,TX,ASW,CE,Towers with Radar,0,4,50,0,54,0,6,203,16,225,0,10,253,16,279,360,8,368,647
06/02/2023,DWH,TX,ASW,CE,Towers with Radar,0,1,47,0,48,0,3,215,3,221,0,4,262,3,269,393,0,393,662
06/03/2023,DWH,TX,ASW,CE,Towers with Radar,0,6,44,0,50,0,3,208,1,212,0,9,252,1,262,368,0,368,630
06/04/2023,DWH,TX,ASW,CE,Towers with Radar,0,6,47,1,54,0,5,128,1,134,0,11,175,2,188,352,0,352,540
06/05/2023,DWH,TX,ASW,CE,Towers with Radar,0,7,26,0,33,0,1,115,11,127,0,8,141,11,160,230,0,230,390
06/06/2023,DWH,TX,ASW,CE,Towers with Radar,0,2,60,3,65,0,2,85,9,96,0,4,145,12,161,205,24,229,390
06/07/2023,DWH,TX,ASW,CE,Towers with Radar,0,1,34,1,36,0,5,177,8,190,0,6,211,9,226,257,5,262,488
06/08/2023,DWH,TX,ASW,CE,Towers with Radar,0,8,46,1,55,0,10,190,7,207,0,18,236,8,262,296,0,296,558
06/09/2023,DWH,TX,ASW,CE,Towers with Radar,0,10,40,0,50,0,5,304,6,315,0,15,344,6,365,320,0,320,685
06/10/2023,DWH,TX,ASW,CE,Towers with Radar,0,4,34,0,38,0,7,189,0,196,0,11,223,0,234,306,0,306,540
06/11/2023,DWH,TX,ASW,CE,Towers with Radar,0,11,38,0,49,0,5,186,0,191,0,16,224,0,240,243,0,243,483
06/12/2023,DWH,TX,ASW,CE,Towers with Radar,0,2,36,2,40,0,2,150,3,155,0,4,186,5,195,343,0,343,538
06/13/2023,DWH,TX,ASW,CE,Towers with Radar,0,4,47,4,55,0,3,169,9,181,0,7,216,13,236,332,0,332,568
06/14/2023,DWH,TX,ASW,CE,Towers with Radar,0,13,49,3,65,0,5,159,11,175,0,18,208,14,240,416,0,416,656
06/15/2023,DWH,TX,ASW,CE,Towers with Radar,0,12,57,4,73,0,3,181,6,190,0,15,238,10,263,271,0,271,534
06/16/2023,DWH,TX,ASW,CE,Towers with Radar,0,6,41,4,51,0,7,172,2,181,0,13,213,6,232,186,0,186,418
06/17/2023,DWH,TX,ASW,CE,Towers with Radar,0,3,48,0,51,0,5,163,2,170,0,8,211,2,221,254,0,254,475
06/18/2023,DWH,TX,ASW,CE,Towers with Radar,0,8,27,0,35,0,11,139,0,150,0,19,166,0,185,184,0,184,369
06/19/2023,DWH,TX,ASW,CE,Towers with Radar,0,5,45,0,50,0,0,149,0,149,0,5,194,0,199,246,0,246,445
06/20/2023,DWH,TX,ASW,CE,Towers with Radar,0,3,42,3,48,0,1,177,9,187,0,4,219,12,235,354,0,354,589
06/21/2023,DWH,TX,ASW,CE,Towers with Radar,0,6,46,4,56,0,2,189,19,210,0,8,235,23,266,414,0,414,680
06/22/2023,DWH,TX,ASW,CE,Towers with Radar,0,12,32,5,49,0,2,153,14,169,0,14,185,19,218,220,1,221,439
06/23/2023,DWH,TX,ASW,CE,Towers with Radar,0,6,44,0,50,0,2,143,2,147,0,8,187,2,197,323,0,323,520
06/24/2023,DWH,TX,ASW,CE,Towers with Radar,0,7,52,1,60,0,1,161,2,164,0,8,213,3,224,397,0,397,621
06/25/2023,DWH,TX,ASW,CE,Towers with Radar,0,8,40,0,48,0,8,134,5,147,0,16,174,5,195,306,0,306,501
06/26/2023,DWH,TX,ASW,CE,Towers with Radar,0,3,40,4,47,0,6,156,8,170,0,9,196,12,217,394,0,394,611
06/27/2023,DWH,TX,ASW,CE,Towers with Radar,0,5,50,1,56,0,4,160,14,178,0,9,210,15,234,312,2,314,548
06/28/2023,DWH,TX,ASW,CE,Towers with Radar,0,7,47,4,58,0,5,156,8,169,0,12,203,12,227,318,4,322,549
06/29/2023,DWH,TX,ASW,CE,Towers with Radar,0,8,46,3,57,0,0,209,4,213,0,8,255,7,270,443,0,443,713
06/30/2023,DWH,TX,ASW,CE,Towers with Radar,0,9,53,1,63,0,3,216,2,221,0,12,269,3,284,354,0,354,638
07/01/2023,DWH,TX,ASW,CE,Towers with Radar,0,3,35,2,40,0,2,170,0,172,0,5,205,2,212,232,0,232,444
07/02/2023,DWH,TX,ASW,CE,Towers with Radar,0,8,26,0,34,0,2,123,0,125,0,10,149,0,159,224,6,230,389
07/03/2023,DWH,TX,ASW,CE,Towers with Radar,0,0,16,0,16,0,1,141,4,146,0,1,157,4,162,272,0,272,434
07/04/2023,DWH,TX,ASW,CE,Towers with Radar,0,2,16,0,18,0,7,71,0,78,0,9,87,0,96,197,0,197,293
07/05/2023,DWH,TX,ASW,CE,Towers with Radar,0,8,29,1,38,0,4,81,8,93,0,12,110,9,131,194,4,198,329
07/06/2023,DWH,TX,ASW,CE,Towers with Radar,0,2,36,1,39,0,3,63,6,72,0,5,99,7,111,138,2,140,251
07/07/2023,DWH,TX,ASW,CE,Towers with Radar,0,6,33,0,39,0,4,137,2,143,0,10,170,2,182,260,0,260,442
07/08/2023,DWH,TX,ASW,CE,Towers with Radar,0,11,33,0,44,0,2,172,0,174,0,13,205,0,218,326,0,326,544
07/09/2023,DWH,TX,ASW,CE,Towers with Radar,0,5,28,0,33,0,3,99,0,102,0,8,127,0,135,198,0,198,333
07/10/2023,DWH,TX,ASW,CE,Towers with Radar,0,11,49,0,60,0,4,135,0,139,0,15,184,0,199,124,0,124,323
07/11/2023,DWH,TX,ASW,CE,Towers with Radar,0,6,36,2,44,0,0,156,9,165,0,6,192,11,209,361,0,361,570
07/12/2023,DWH,TX,ASW,CE,Towers with Radar,0,0,40,1,41,0,4,126,12,142,0,4,166,13,183,241,0,241,424
07/13/2023,DWH,TX,ASW,CE,Towers with Radar,0,12,39,2,53,0,6,186,8,200,0,18,225,10,253,262,4,266,519
07/14/2023,DWH,TX,ASW,CE,Towers with Radar,0,2,43,1,46,0,2,145,9,156,0,4,188,10,202,294,2,296,498
07/15/2023,DWH,TX,ASW,CE,Towers with Radar,0,1,33,1,35,0,3,143,2,148,0,4,176,3,183,228,2,230,413
07/16/2023,DWH,TX,ASW,CE,Towers with Radar,0,5,47,0,52,0,6,154,2,162,0,11,201,2,214,310,0,310,524
07/17/2023,DWH,TX,ASW,CE,Towers with Radar,0,3,36,0,39,0,8,164,11,183,0,11,200,11,222,308,0,308,530
07/18/2023,DWH,TX,ASW,CE,Towers with Radar,0,4,43,3,50,0,7,178,9,194,0,11,221,12,244,434,4,438,682
07/19/2023,DWH,TX,ASW,CE,Towers with Radar,0,6,58,3,67,0,1,164,8,173,0,7,222,11,240,367,0,367,607
07/20/2023,DWH,TX,ASW,CE,Towers with Radar,0,0,34,0,34,0,4,206,13,223,0,4,240,13,257,514,0,514,771
07/21/2023,DWH,TX,ASW,CE,Towers with Radar,0,8,55,0,63,0,2,166,3,171,0,10,221,3,234,402,0,402,636
07/22/2023,DWH,TX,ASW,CE,Towers with Radar,0,2,39,0,41,0,4,197,1,202,0,6,236,1,243,386,0,386,629
07/23/2023,DWH,TX,ASW,CE,Towers with Radar,0,4,29,0,33,0,5,157,3,165,0,9,186,3,198,238,2,240,438
07/24/2023,DWH,TX,ASW,CE,Towers with Radar,0,8,31,0,39,0,11,130,5,146,0,19,161,5,185,284,0,284,469
07/25/2023,DWH,TX,ASW,CE,Towers with Radar,0,7,46,6,59,0,2,138,10,150,0,9,184,16,209,261,6,267,476
07/26/2023,DWH,TX,ASW,CE,Towers with Radar,0,3,45,0,48,0,3,150,11,164,0,6,195,11,212,210,2,212,424
07/27/2023,DWH,TX,ASW,CE,Towers with Radar,0,10,46,4,60,0,6,188,13,207,0,16,234,17,267,262,0,262,529
07/28/2023,DWH,TX,ASW,CE,Towers with Radar,0,8,34,0,42,0,5,164,4,173,0,13,198,4,215,340,0,340,555
07/29/2023,DWH,TX,ASW,CE,Towers with Radar,0,6,29,0,35,0,4,189,1,194,0,10,218,1,229,284,0,284,513
07/30/2023,DWH,TX,ASW,CE,Towers with Radar,0,8,49,0,57,0,2,186,2,190,0,10,235,2,247,348,0,348,595
07/31/2023,DWH,TX,ASW,CE,Towers with Radar,0,5,42,1,48,0,5,192,2,199,0,10,234,3,247,320,0,320,567
08/01/2023,DWH,TX,ASW,CE,Towers with Radar,0,3,31,3,37,0,0,164,5,169,0,3,195,8,206,301,0,301,507
08/02/2023,DWH,TX,ASW,CE,Towers with Radar,0,6,40,2,48,0,1,172,3,176,0,7,212,5,224,288,4,292,516
08/03/2023,DWH,TX,ASW,CE,Towers with Radar,0,11,42,1,54,0,3,199,6,208,0,14,241,7,262,256,22,278,540
08/04/2023,DWH,TX,ASW,CE,Towers with Radar,0,2,44,0,46,0,8,139,0,147,0,10,183,0,193,335,0,335,528
08/05/2023,DWH,TX,ASW,CE,Towers with Radar,0,4,41,0,45,0,2,178,1,181,0,6,219,1,226,292,0,292,518
08/06/2023,DWH,TX,ASW,CE,Towers with Radar,0,2,43,0,45,0,2,145,2,149,0,4,188,2,194,299,0,299,493
08/07/2023,DWH,TX,ASW,CE,Towers with Radar,0,5,48,2,55,0,4,137,3,144,0,9,185,5,199,206,0,206,405
08/08/2023,DWH,TX,ASW,CE,Towers with Radar,0,6,41,0,47,0,3,151,4,158,0,9,192,4,205,315,0,315,520
08/09/2023,DWH,TX,ASW,CE,Towers with Radar,0,10,57,0,67,0,4,120,2,126,0,14,177,2,193,162,0,162,355
08/10/2023,DWH,TX,ASW,CE,Towers with Radar,0,6,45,3,54,0,2,184,6,192,0,8,229,9,246,291,2,293,539
08/11/2023,DWH,TX,ASW,CE,Towers with Radar,0,8,28,1,37,0,2,142,3,147,0,10,170,4,184,207,0,207,391
08/12/2023,DWH,TX,ASW,CE,Towers with Radar,0,1,34,0,35,0,4,157,0,161,0,5,191,0,196,326,0,326,522
08/13/2023,DWH,TX,ASW,CE,Towers with Radar,0,6,36,0,42,0,2,142,0,144,0,8,178,0,186,313,0,313,499
08/14/2023,DWH,TX,ASW,CE,Towers with Radar,0,7,50,1,58,0,4,190,2,196,0,11,240,3,254,293,2,295,549
08/15/2023,DWH,TX,ASW,CE,Towers with Radar,0,5,37,0,42,0,3,191,6,200,0,8,228,6,242,232,0,232,474
08/16/2023,DWH,TX,ASW,CE,Towers with Radar,0,7,39,6,52,0,5,243,1,249,0,12,282,7,301,278,0,278,579
08/17/2023,DWH,TX,ASW,CE,Towers with Radar,0,3,45,0,48,0,1,200,0,201,0,4,245,0,249,300,0,300,549
08/18/2023,DWH,TX,ASW,CE,Towers with Radar,0,1,32,0,33,0,7,173,0,180,0,8,205,0,213,260,0,260,473
08/19/2023,DWH,TX,ASW,CE,Towers with Radar,0,3,32,2,37,0,2,153,0,155,0,5,185,2,192,139,0,139,331
08/20/2023,DWH,TX,ASW,CE,Towers with Radar,0,3,37,2,42,0,2,188,0,190,0,5,225,2,232,280,0,280,512
08/21/2023,DWH,TX,ASW,CE,Towers with Radar,0,4,32,1,37,0,3,162,6,171,0,7,194,7,208,179,2,181,389
08/22/2023,DWH,TX,ASW,CE,Towers with Radar,0,6,32,1,39,0,3,120,7,130,0,9,152,8,169,164,12,176,345
08/23/2023,DWH,TX,ASW,CE,Towers with Radar,0,4,39,3,46,0,4,180,3,187,0,8,219,6,233,299,0,299,532
08/24/2023,DWH,TX,ASW,CE,Towers with Radar,0,5,61,1,67,0,9,187,12,208,0,14,248,13,275,136,0,136,411
08/25/2023,DWH,TX,ASW,CE,Towers with Radar,0,7,46,1,54,0,0,194,3,197,0,7,240,4,251,312,0,312,563
08/26/2023,DWH,TX,ASW,CE,Towers with Radar,0,5,19,0,24,0,2,208,0,210,0,7,227,0,234,342,0,342,576
08/27/2023,DWH,TX,ASW,CE,Towers with Radar,0,3,20,0,23,0,1,163,0,164,0,4,183,0,187,219,0,219,406
08/28/2023,DWH,TX,ASW,CE,Towers with Radar,0,5,30,2,37,0,8,131,6,145,0,13,161,8,182,282,0,282,464
08/29/2023,DWH,TX,ASW,CE,Towers with Radar,0,0,29,0,29,0,4,172,11,187,0,4,201,11,216,249,0,249,465
08/30/2023,DWH,TX,ASW,CE,Towers with Radar,0,14,28,0,42,0,3,177,4,184,0,17,205,4,226,248,14,262,488
08/31/2023,DWH,TX,ASW,CE,Towers with Radar,0,4,33,2,39,0,3,183,11,197,0,7,216,13,236,278,14,292,528
01/01/2020,DWH,TX,ASW,CE,Towers with Radar,0,4,19,0,23,0,3,35,0,38,0,7,54,0,61,70,0,70,131
01/02/2020,DWH,TX,ASW,CE,Towers with Radar,0,4,23,0,27,0,2,1,0,3,0,6,24,0,30,2,0,2,32
01/03/2020,DWH,TX,ASW,CE,Towers with Radar,0,7,36,13,56,0,4,151,1,156,0,11,187,14,212,180,0,180,392
01/04/2020,DWH,TX,ASW,CE,Towers with Radar,0,2,28,2,32,0,4,236,0,240,0,6,264,2,272,327,4,331,603
01/05/2020,DWH,TX,ASW,CE,Towers with Radar,0,2,28,0,30,0,4,205,0,209,0,6,233,0,239,264,0,264,503
01/06/2020,DWH,TX,ASW,CE,Towers with Radar,0,6,45,2,53,0,4,179,2,185,0,10,224,4,238,172,0,172,410
01/07/2020,DWH,TX,ASW,CE,Towers with Radar,0,5,31,5,41,0,3,184,2,189,0,8,215,7,230,242,2,244,474
01/08/2020,DWH,TX,ASW,CE,Towers with Radar,0,5,43,2,50,0,4,174,0,178,0,9,217,2,228,293,0,293,521
01/09/2020,DWH,TX,ASW,CE,Towers with Radar,0,3,64,4,71,0,3,75,0,78,0,6,139,4,149,86,0,86,235
01/10/2020,DWH,TX,ASW,CE,Towers with Radar,0,0,24,0,24,0,2,8,0,10,0,2,32,0,34,8,0,8,42
01/11/2020,DWH,TX,ASW,CE,Towers with Radar,0,5,27,0,32,0,2,112,2,116,0,7,139,2,148,160,0,160,308
01/12/2020,DWH,TX,ASW,CE,Towers with Radar,0,4,61,3,68,0,0,177,0,177,0,4,238,3,245,366,0,366,611
01/13/2020,DWH,TX,ASW,CE,Towers with Radar,0,3,34,4,41,0,0,1,0,1,0,3,35,4,42,0,0,0,42
01/14/2020,DWH,TX,ASW,CE,Towers with Radar,0,3,45,0,48,0,1,2,0,3,0,4,47,0,51,26,0,26,77
01/15/2020,DWH,TX,ASW,CE,Towers with Radar,0,6,43,4,53,0,1,46,0,47,0,7,89,4,100,203,0,203,303
01/16/2020,DWH,TX,ASW,CE,Towers with Radar,0,8,43,1,52,0,2,45,0,47,0,10,88,1,99,158,0,158,257
01/17/2020,DWH,TX,ASW,CE,Towers with Radar,0,6,43,2,51,0,0,10,1,11,0,6,53,3,62,18,0,18,80
01/18/2020,DWH,TX,ASW,CE,Towers with Radar,0,1,35,10,46,0,2,41,2,45,0,3,76,12,91,44,0,44,135
01/19/2020,DWH,TX,ASW,CE,Towers with Radar,0,4,40,4,48,0,2,227,1,230,0,6,267,5,278,124,0,124,402
01/20/2020,DWH,TX,ASW,CE,Towers with Radar,0,9,38,5,52,0,0,311,0,311,0,9,349,5,363,286,0,286,649
01/21/2020,DWH,TX,ASW,CE,Towers with Radar,0,5,47,7,59,0,0,212,5,217,0,5,259,12,276,233,0,233,509
01/22/2020,DWH,TX,ASW,CE,Towers with Radar,0,4,37,0,41,0,0,2,0,2,0,4,39,0,43,0,0,0,43
01/23/2020,DWH,TX,ASW,CE,Towers with Radar,0,4,47,3,54,0,2,77,3,82,0,6,124,6,136,282,0,282,418
01/24/2020,DWH,TX,ASW,CE,Towers with Radar,0,1,33,0,34,0,2,291,1,294,0,3,324,1,328,258,0,258,586
01/25/2020,DWH,TX,ASW,CE,Towers with Radar,0,2,37,0,39,0,0,234,0,234,0,2,271,0,273,246,0,246,519
01/26/2020,DWH,TX,ASW,CE,Towers with Radar,0,5,36,0,41,0,0,108,2,110,0,5,144,2,151,222,0,222,373
01/27/2020,DWH,TX,ASW,CE,Towers with Radar,0,2,60,1,63,0,2,71,2,75,0,4,131,3,138,192,2,194,332
01/28/2020,DWH,TX,ASW,CE,Towers with Radar,0,6,44,2,52,0,0,15,0,15,0,6,59,2,67,28,0,28,95
01/29/2020,DWH,TX,ASW,CE,Towers with Radar,0,8,56,0,64,0,1,128,3,132,0,9,184,3,196,421,0,421,617
01/30/2020,DWH,TX,ASW,CE,Towers with Radar,0,15,70,2,87,0,0,25,0,25,0,15,95,2,112,106,0,106,218
01/31/2020,DWH,TX,ASW,CE,Towers with Radar,0,11,57,2,70,0,0,110,2,112,0,11,167,4,182,203,0,203,385
02/01/2020,DWH,TX,ASW,CE,Towers with Radar,0,2,36,0,38,0,5,306,0,311,0,7,342,0,349,268,0,268,617
02/02/2020,DWH,TX,ASW,CE,Towers with Radar,0,10,33,0,43,0,3,181,0,184,0,13,214,0,227,368,0,368,595
02/03/2020,DWH,TX,ASW,CE,Towers with Radar,0,7,42,2,51,0,0,82,0,82,0,7,124,2,133,156,0,156,289
02/04/2020,DWH,TX,ASW,CE,Towers with Radar,0,4,53,4,61,0,3,57,0,60,0,7,110,4,121,177,0,177,298
02/05/2020,DWH,TX,ASW,CE,Towers with Radar,0,6,24,2,32,0,2,4,0,6,0,8,28,2,38,0,0,0,38
02/06/2020,DWH,TX,ASW,CE,Towers with Radar,0,11,35,4,50,0,6,166,0,172,0,17,201,4,222,149,0,149,371
02/07/2020,DWH,TX,ASW,CE,Towers with Radar,0,2,50,4,56,0,3,205,3,211,0,5,255,7,267,286,0,286,553
02/08/2020,DWH,TX,ASW,CE,Towers with Radar,0,5,35,0,40,0,4,214,0,218,0,9,249,0,258,347,0,347,605
02/09/2020,DWH,TX,ASW,CE,Towers with Radar,0,5,36,3,44,0,3,14,0,17,0,8,50,3,61,82,0,82,143
02/10/2020,DWH,TX,ASW,CE,Towers with Radar,0,6,25,0,31,0,0,7,0,7,0,6,32,0,38,15,0,15,53
02/11/2020,DWH,TX,ASW,CE,Towers with Radar,0,7,15,0,22,0,0,0,0,0,0,7,15,0,22,0,0,0,22
02/12/2020,DWH,TX,ASW,CE,Towers with Radar,0,3,39,0,42,0,0,0,0,0,0,3,39,0,42,0,0,0,42
02/13/2020,DWH,TX,ASW,CE,Towers with Radar,0,10,57,3,70,0,5,215,3,223,0,15,272,6,293,405,0,405,698
02/14/2020,DWH,TX,ASW,CE,Towers with Radar,0,6,32,1,39,0,3,278,1,282,0,9,310,2,321,198,0,198,519
02/15/2020,DWH,TX,ASW,CE,Towers with Radar,0,3,34,0,37,0,3,223,0,226,0,6,257,0,263,328,0,328,591
02/16/2020,DWH,TX,ASW,CE,Towers with Radar,0,3,36,0,39,0,2,101,0,103,0,5,137,0,142,246,0,246,388
02/17/2020,DWH,TX,ASW,CE,Towers with Radar,0,5,36,0,41,0,1,25,0,26,0,6,61,0,67,125,0,125,192
02/18/2020,DWH,TX,ASW,CE,Towers with Radar,0,2,46,2,50,0,0,33,0,33,0,2,79,2,83,109,0,109,192
02/19/2020,DWH,TX,ASW,CE,Towers with Radar,0,5,32,0,37,0,0,1,0,1,0,5,33,0,38,2,0,2,40
02/20/2020,DWH,TX,ASW,CE,Towers with Radar,0,3,24,0,27,0,0,9,0,9,0,3,33,0,36,14,0,14,50
02/21/2020,DWH,TX,ASW,CE,Towers with Radar,0,4,39,0,43,0,1,314,1,316,0,5,353,1,359,254,4,258,617
02/22/2020,DWH,TX,ASW,CE,Towers with Radar,0,0,30,0,30,0,0,279,1,280,0,0,309,1,310,342,0,342,652
02/23/2020,DWH,TX,ASW,CE,Towers with Radar,0,3,29,1,33,0,0,90,1,91,0,3,119,2,124,379,0,379,503
02/24/2020,DWH,TX,ASW,CE,Towers with Radar,0,5,24,2,31,0,0,145,2,147,0,5,169,4,178,170,0,170,348
02/25/2020,DWH,TX,ASW,CE,Towers with Radar,0,4,43,0,47,0,0,225,2,227,0,4,268,2,274,243,0,243,517
02/26/2020,DWH,TX,ASW,CE,Towers with Radar,0,8,24,0,32,0,2,76,2,80,0,10,100,2,112,64,0,64,176
02/27/2020,DWH,TX,ASW,CE,Towers with Radar,0,7,43,5,55,0,0,282,1,283,0,7,325,6,338,250,0,250,588
02/28/2020,DWH,TX,ASW,CE,Towers with Radar,0,4,33,0,37,0,0,220,1,221,0,4,253,1,258,280,0,280,538
02/29/2020,DWH,TX,ASW,CE,Towers with Radar,0,2,27,0,29,0,0,244,0,244,0,2,271,0,273,299,0,299,572
03/01/2020,DWH,TX,ASW,CE,Towers with Radar,0,7,38,0,45,0,2,91,0,93,0,9,129,0,138,186,0,186,324
03/02/2020,DWH,TX,ASW,CE,Towers with Radar,0,9,48,0,57,0,4,93,0,97,0,13,141,0,154,112,0,112,266
03/03/2020,DWH,TX,ASW,CE,Towers with Radar,0,5,48,0,53,0,2,95,0,97,0,7,143,0,150,168,0,168,318
03/04/2020,DWH,TX,ASW,CE,Towers with Radar,0,1,21,0,22,0,2,1,0,3,0,3,22,0,25,10,0,10,35
03/05/2020,DWH,TX,ASW,CE,Towers with Radar,0,0,57,1,58,0,4,272,1,277,0,4,329,2,335,328,0,328,663
03/06/2020,DWH,TX,ASW,CE,Towers with Radar,0,8,33,1,42,0,6,285,1,292,0,14,318,2,334,278,0,278,612
03/07/2020,DWH,TX,ASW,CE,Towers with Radar,0,6,34,0,40,0,3,229,0,232,0,9,263,0,272,445,0,445,717
03/08/2020,DWH,TX,ASW,CE,Towers with Radar,0,9,24,0,33,0,4,171,0,175,0,13,195,0,208,269,0,269,477
03/09/2020,DWH,TX,ASW,CE,Towers with Radar,0,5,47,0,52,0,4,47,0,51,0,9,94,0,103,196,0,196,299
03/10/2020,DWH,TX,ASW,CE,Towers with Radar,0,2,46,0,48,0,6,68,2,76,0,8,114,2,124,194,0,194,318
03/11/2020,DWH,TX,ASW,CE,Towers with Radar,0,3,68,1,72,0,2,140,1,143,0,5,208,2,215,272,0,272,487
03/12/2020,DWH,TX,ASW,CE,Towers with Radar,0,4,63,0,67,0,4,177,0,181,0,8,240,0,248,299,0,299,547
03/13/2020,DWH,TX,ASW,CE,Towers with Radar,0,5,42,0,47,0,6,121,2,129,0,11,163,2,176,332,0,332,508
03/14/2020,DWH,TX,ASW,CE,Towers with Radar,0,4,34,2,40,0,3,111,0,114,0,7,145,2,154,382,0,382,536
03/15/2020,DWH,TX,ASW,CE,Towers with Radar,0,17,35,0,52,0,1,70,0,71,0,18,105,0,123,244,0,244,367
03/16/2020,DWH,TX,ASW,CE,Towers with Radar,0,8,30,0,38,0,1,70,0,71,0,9,100,0,109,198,0,198,307
03/17/2020,DWH,TX,ASW,CE,Towers with Radar,0,5,26,4,35,0,1,74,0,75,0,6,100,4,110,216,0,216,326
03/18/2020,DWH,TX,ASW,CE,Towers with Radar,0,3,38,2,43,0,4,119,5,128,0,7,157,7,171,296,0,296,467
03/19/2020,DWH,TX,ASW,CE,Towers with Radar,0,3,32,4,39,0,4,117,2,123,0,7,149,6,162,247,0,247,409
03/20/2020,DWH,TX,ASW,CE,Towers with Radar,0,4,9,0,13,0,2,0,0,2,0,6,9,0,15,0,0,0,15
03/21/2020,DWH,TX,ASW,CE,Towers with Radar,0,3,19,2,24,0,0,0,0,0,0,3,19,2,24,0,0,0,24
03/22/2020,DWH,TX,ASW,CE,Towers with Radar,0,1,21,2,24,0,0,3,0,3,0,1,24,2,27,12,0,12,39
03/23/2020,DWH,TX,ASW,CE,Towers with Radar,0,4,23,0,27,0,2,70,0,72,0,6,93,0,99,176,0,176,275
03/24/2020,DWH,TX,ASW,CE,Towers with Radar,0,2,30,0,32,0,4,95,0,99,0,6,125,0,131,236,0,236,367
03/25/2020,DWH,TX,ASW,CE,Towers with Radar,0,2,21,0,23,0,2,214,0,216,0,4,235,0,239,287,0,287,526
03/26/2020,DWH,TX,ASW,CE,Towers with Radar,0,0,33,0,33,0,0,137,0,137,0,0,170,0,170,198,0,198,368
03/27/2020,DWH,TX,ASW,CE,Towers with Radar,0,0,29,0,29,0,2,153,0,155,0,2,182,0,184,224,0,224,408
03/28/2020,DWH,TX,ASW,CE,Towers with Radar,0,0,13,0,13,0,1,18,0,19,0,1,31,0,32,140,0,140,172
03/29/2020,DWH,TX,ASW,CE,Towers with Radar,1,0,13,0,14,0,2,242,2,246,1,2,255,2,260,254,0,254,514
03/30/2020,DWH,TX,ASW,CE,Towers with Radar,0,0,19,0,19,0,2,44,0,46,0,2,63,0,65,114,0,114,179
03/31/2020,DWH,TX,ASW,CE,Towers with Radar,0,2,16,4,22,0,2,146,0,148,0,4,162,4,170,192,0,192,362
04/01/2020,DWH,TX,ASW,CE,Towers with Radar,0,1,16,1,18,0,5,208,2,215,0,6,224,3,233,216,0,216,449
04/02/2020,DWH,TX,ASW,CE,Towers with Radar,0,2,18,0,20,0,5,103,0,108,0,7,121,0,128,206,0,206,334
04/03/2020,DWH,TX,ASW,CE,Towers with Radar,0,5,21,2,28,0,2,63,0,65,0,7,84,2,93,266,0,266,359
04/04/2020,DWH,TX,ASW,CE,Towers with Radar,0,2,10,0,12,0,0,0,0,0,0,2,10,0,12,0,0,0,12
04/05/2020,DWH,TX,ASW,CE,Towers with Radar,0,1,16,0,17,0,3,34,0,37,0,4,50,0,54,150,0,150,204
04/06/2020,DWH,TX,ASW,CE,Towers with Radar,0,1,27,0,28,0,2,57,0,59,0,3,84,0,87,289,0,289,376
04/07/2020,DWH,TX,ASW,CE,Towers with Radar,0,0,14,0,14,0,2,97,0,99,0,2,111,0,113,138,0,138,251
04/08/2020,DWH,TX,ASW,CE,Towers with Radar,0,1,35,0,36,0,2,91,0,93,0,3,126,0,129,229,0,229,358
04/09/2020,DWH,TX,ASW,CE,Towers with Radar,0,0,16,0,16,0,2,84,1,87,0,2,100,1,103,155,0,155,258
04/10/2020,DWH,TX,ASW,CE,Towers with Radar,0,0,22,0,22,0,3,131,0,134,0,3,153,0,156,170,0,170,326
04/11/2020,DWH,TX,ASW,CE,Towers with Radar,0,0,8,0,8,0,2,88,0,90,0,2,96,0,98,194,0,194,292
04/12/2020,DWH,TX,ASW,CE,Towers with Radar,0,2,6,0,8,0,5,24,0,29,0,7,30,0,37,6,0,6,43
04/13/2020,DWH,TX,ASW,CE,Towers with Radar,0,2,26,0,28,0,5,208,0,213,0,7,234,0,241,250,0,250,491
04/14/2020,DWH,TX,ASW,CE,Towers with Radar,0,0,33,0,33,0,2,193,0,195,0,2,226,0,228,256,0,256,484
04/15/2020,DWH,TX,ASW,CE,Towers with Radar,0,0,36,0,36,0,0,240,0,240,0,0,276,0,276,347,0,347,623
04/16/2020,DWH,TX,ASW,CE,Towers with Radar,0,1,26,3,30,0,0,230,1,231,0,1,256,4,261,288,0,288,549
04/17/2020,DWH,TX,ASW,CE,Towers with Radar,0,2,25,4,31,0,3,73,0,76,0,5,98,4,107,192,0,192,299
04/18/2020,DWH,TX,ASW,CE,Towers with Radar,0,1,18,0,19,0,0,0,0,0,0,1,18,0,19,28,0,28,47
04/19/2020,DWH,TX,ASW,CE,Towers with Radar,0,1,5,0,6,0,3,19,0,22,0,4,24,0,28,68,0,68,96
04/20/2020,DWH,TX,ASW,CE,Towers with Radar,0,3,30,0,33,0,1,146,0,147,0,4,176,0,180,308,0,308,488
04/21/2020,DWH,TX,ASW,CE,Towers with Radar,0,0,36,3,39,0,2,212,0,214,0,2,248,3,253,356,0,356,609
04/22/2020,DWH,TX,ASW,CE,Towers with Radar,0,2,16,0,18,0,2,7,2,11,0,4,23,2,29,150,0,150,179
04/23/2020,DWH,TX,ASW,CE,Towers with Radar,0,2,31,2,35,0,3,238,0,241,0,5,269,2,276,229,0,229,505
04/24/2020,DWH,TX,ASW,CE,Towers with Radar,0,0,41,0,41,0,3,243,0,246,0,3,284,0,287,292,0,292,579
04/25/2020,DWH,TX,ASW,CE,Towers with Radar,0,0,17,0,17,0,3,179,0,182,0,3,196,0,199,170,0,170,369
04/26/2020,DWH,TX,ASW,CE,Towers with Radar,0,0,23,0,23,0,0,256,0,256,0,0,279,0,279,399,0,399,678
04/27/2020,DWH,TX,ASW,CE,Towers with Radar,0,0,37,4,41,0,2,185,0,187,0,2,222,4,228,256,0,256,484
04/28/2020,DWH,TX,ASW,CE,Towers with Radar,0,0,17,0,17,0,2,29,0,31,0,2,46,0,48,51,0,51,99
04/29/2020,DWH,TX,ASW,CE,Towers with Radar,0,0,24,0,24,0,5,106,0,111,0,5,130,0,135,188,0,188,323
04/30/2020,DWH,TX,ASW,CE,Towers with Radar,0,3,25,0,28,0,4,306,1,311,0,7,331,1,339,432,0,432,771
05/01/2020,DWH,TX,ASW,CE,Towers with Radar,0,1,33,2,36,0,6,236,0,242,0,7,269,2,278,334,0,334,612
05/02/2020,DWH,TX,ASW,CE,Towers with Radar,0,2,37,0,39,0,1,204,0,205,0,3,241,0,244,288,0,288,532
05/03/2020,DWH,TX,ASW,CE,Towers with Radar,0,2,28,0,30,0,2,143,0,145,0,4,171,0,175,274,0,274,449
05/04/2020,DWH,TX,ASW,CE,Towers with Radar,0,2,28,2,32,0,1,127,1,129,0,3,155,3,161,218,0,218,379
05/05/2020,DWH,TX,ASW,CE,Towers with Radar,0,2,30,0,32,0,1,88,0,89,0,3,118,0,121,232,0,232,353
05/06/2020,DWH,TX,ASW,CE,Towers with Radar,0,3,29,0,32,0,4,160,0,164,0,7,189,0,196,198,0,198,394
05/07/2020,DWH,TX,ASW,CE,Towers with Radar,0,2,39,1,42,0,2,226,2,230,0,4,265,3,272,217,2,219,491
05/08/2020,DWH,TX,ASW,CE,Towers with Radar,0,3,22,0,25,0,2,35,0,37,0,5,57,0,62,61,0,61,123
05/09/2020,DWH,TX,ASW,CE,Towers with Radar,0,1,27,1,29,0,1,130,0,131,0,2,157,1,160,152,0,152,312
05/10/2020,DWH,TX,ASW,CE,Towers with Radar,0,3,23,0,26,0,2,176,0,178,0,5,199,0,204,217,0,217,421
05/11/2020,DWH,TX,ASW,CE,Towers with Radar,0,1,24,2,27,0,2,183,0,185,0,3,207,2,212,188,0,188,400
05/12/2020,DWH,TX,ASW,CE,Towers with Radar,0,3,39,0,42,0,2,100,0,102,0,5,139,0,144,191,0,191,335
05/13/2020,DWH,TX,ASW,CE,Towers with Radar,0,3,30,0,33,0,1,137,0,138,0,4,167,0,171,294,0,294,465
05/14/2020,DWH,TX,ASW,CE,Towers with Radar,0,3,24,2,29,0,2,71,0,73,0,5,95,2,102,120,0,120,222
05/15/2020,DWH,TX,ASW,CE,Towers with Radar,0,1,24,0,25,0,2,30,0,32,0,3,54,0,57,70,0,70,127
05/16/2020,DWH,TX,ASW,CE,Towers with Radar,0,1,19,0,20,0,2,22,0,24,0,3,41,0,44,98,0,98,142
05/17/2020,DWH,TX,ASW,CE,Towers with Radar,0,4,26,0,30,0,2,150,0,152,0,6,176,0,182,136,0,136,318
05/18/2020,DWH,TX,ASW,CE,Towers with Radar,0,0,32,5,37,0,0,178,0,178,0,0,210,5,215,287,0,287,502
05/19/2020,DWH,TX,ASW,CE,Towers with Radar,0,0,44,0,44,0,2,208,1,211,0,2,252,1,255,284,0,284,539
05/20/2020,DWH,TX,ASW,CE,Towers with Radar,0,0,54,1,55,0,0,151,0,151,0,0,205,1,206,330,0,330,536
05/21/2020,DWH,TX,ASW,CE,Towers with Radar,0,7,36,0,43,0,2,127,0,129,0,9,163,0,172,321,0,321,493
05/22/2020,DWH,TX,ASW,CE,Towers with Radar,0,2,51,2,55,0,1,130,1,132,0,3,181,3,187,309,0,309,496
05/23/2020,DWH,TX,ASW,CE,Towers with Radar,0,1,37,0,38,0,2,135,0,137,0,3,172,0,175,276,0,276,451
05/24/2020,DWH,TX,ASW,CE,Towers with Radar,0,3,9,0,12,0,0,9,0,9,0,3,18,0,21,82,0,82,103
05/25/2020,DWH,TX,ASW,CE,Towers with Radar,0,1,29,0,30,0,0,53,0,53,0,1,82,0,83,157,0,157,240
05/26/2020,DWH,TX,ASW,CE,Towers with Radar,0,6,18,1,25,0,0,157,0,157,0,6,175,1,182,281,0,281,463
05/27/2020,DWH,TX,ASW,CE,Towers with Radar,0,2,12,0,14,0,2,166,2,170,0,4,178,2,184,214,0,214,398
05/28/2020,DWH,TX,ASW,CE,Towers with Radar,0,2,28,1,31,0,1,105,3,109,0,3,133,4,140,328,0,328,468
05/29/2020,DWH,TX,ASW,CE,Towers with Radar,0,0,26,1,27,0,0,180,3,183,0,0,206,4,210,212,0,212,422
05/30/2020,DWH,TX,ASW,CE,Towers with Radar,0,2,26,0,28,0,2,198,0,200,0,4,224,0,228,372,0,372,600
05/31/2020,DWH,TX,ASW,CE,Towers with Radar,0,5,16,0,21,0,1,93,0,94,0,6,109,0,115,274,0,274,389
06/01/2020,DWH,TX,ASW,CE,Towers with Radar,0,2,21,0,23,0,3,123,1,127,0,5,144,1,150,203,0,203,353
06/02/2020,DWH,TX,ASW,CE,Towers with Radar,0,1,31,2,34,0,0,159,0,159,0,1,190,2,193,332,0,332,525
06/03/2020,DWH,TX,ASW,CE,Towers with Radar,0,5,47,0,52,0,2,98,3,103,0,7,145,3,155,130,0,130,285
06/04/2020,DWH,TX,ASW,CE,Towers with Radar,0,1,56,5,62,0,3,137,1,141,0,4,193,6,203,195,0,195,398
06/05/2020,DWH,TX,ASW,CE,Towers with Radar,0,0,40,0,40,0,4,194,1,199,0,4,234,1,239,329,0,329,568
06/06/2020,DWH,TX,ASW,CE,Towers with Radar,0,1,27,0,28,0,3,203,0,206,0,4,230,0,234,190,0,190,424
06/07/2020,DWH,TX,ASW,CE,Towers with Radar,0,1,25,2,28,0,1,148,0,149,0,2,173,2,177,259,0,259,436
06/08/2020,DWH,TX,ASW,CE,Towers with Radar,0,3,22,0,25,0,1,162,0,163,0,4,184,0,188,224,0,224,412
06/09/2020,DWH,TX,ASW,CE,Towers with Radar,0,0,31,2,33,0,1,151,0,152,0,1,182,2,185,254,0,254,439
06/10/2020,DWH,TX,ASW,CE,Towers with Radar,0,1,27,1,29,0,4,159,1,164,0,5,186,2,193,151,0,151,344
06/11/2020,DWH,TX,ASW,CE,Towers with Radar,0,3,41,0,44,0,5,222,1,228,0,8,263,1,272,212,0,212,484
06/12/2020,DWH,TX,ASW,CE,Towers with Radar,0,5,29,1,35,0,1,188,9,198,0,6,217,10,233,214,0,214,447
06/13/2020,DWH,TX,ASW,CE,Towers with Radar,0,3,21,0,24,0,3,166,0,169,0,6,187,0,193,174,0,174,367
06/14/2020,DWH,TX,ASW,CE,Towers with Radar,0,9,17,0,26,0,4,136,0,140,0,13,153,0,166,240,0,240,406
06/15/2020,DWH,TX,ASW,CE,Towers with Radar,0,5,25,0,30,0,0,140,1,141,0,5,165,1,171,198,0,198,369
06/16/2020,DWH,TX,ASW,CE,Towers with Radar,0,4,25,0,29,0,0,167,1,168,0,4,192,1,197,386,0,386,583
06/17/2020,DWH,TX,ASW,CE,Towers with Radar,0,3,26,0,29,0,3,177,1,181,0,6,203,1,210,261,0,261,471
06/18/2020,DWH,TX,ASW,CE,Towers with Radar,0,4,39,2,45,0,3,170,0,173,0,7,209,2,218,208,0,208,426
06/19/2020,DWH,TX,ASW,CE,Towers with Radar,0,9,39,5,53,0,2,104,2,108,0,11,143,7,161,187,1,188,349
06/20/2020,DWH,TX,ASW,CE,Towers with Radar,0,0,20,2,22,0,0,101,0,101,0,0,121,2,123,327,0,327,450
06/21/2020,DWH,TX,ASW,CE,Towers with Radar,0,5,11,0,16,0,1,73,0,74,0,6,84,0,90,171,0,171,261
06/22/2020,DWH,TX,ASW,CE,Towers with Radar,0,6,19,0,25,0,0,19,0,19,0,6,38,0,44,55,0,55,99
06/23/2020,DWH,TX,ASW,CE,Towers with Radar,0,2,24,0,26,0,7,87,1,95,0,9,111,1,121,332,0,332,453
06/24/2020,DWH,TX,ASW,CE,Towers with Radar,0,7,32,0,39,0,2,19,1,22,0,9,51,1,61,56,0,56,117
06/25/2020,DWH,TX,ASW,CE,Towers with Radar,0,0,17,0,17,0,0,63,0,63,0,0,80,0,80,128,0,128,208
06/26/2020,DWH,TX,ASW,CE,Towers with Radar,0,2,57,0,59,0,1,33,2,36,0,3,90,2,95,226,0,226,321
06/27/2020,DWH,TX,ASW,CE,Towers with Radar,0,7,39,0,46,0,1,85,0,86,0,8,124,0,132,146,0,146,278
06/28/2020,DWH,TX,ASW,CE,Towers with Radar,0,2,21,0,23,0,2,80,0,82,0,4,101,0,105,126,0,126,231
06/29/2020,DWH,TX,ASW,CE,Towers with Radar,0,6,30,0,36,0,1,116,0,117,0,7,146,0,153,252,0,252,405
06/30/2020,DWH,TX,ASW,CE,Towers with Radar,0,6,24,0,30,0,4,119,0,123,0,10,143,0,153,212,0,212,365
07/01/2020,DWH,TX,ASW,CE,Towers with Radar,0,5,40,0,45,0,0,129,2,131,0,5,169,2,176,322,0,322,498
07/02/2020,DWH,TX,ASW,CE,Towers with Radar,0,9,40,0,49,0,0,160,0,160,0,9,200,0,209,307,0,307,516
07/03/2020,DWH,TX,ASW,CE,Towers with Radar,0,6,71,0,77,0,1,144,1,146,0,7,215,1,223,285,0,285,508
07/04/2020,DWH,TX,ASW,CE,Towers with Radar,0,3,22,0,25,0,0,126,0,126,0,3,148,0,151,203,0,203,354
07/05/2020,DWH,TX,ASW,CE,Towers with Radar,0,4,32,0,36,0,0,132,0,132,0,4,164,0,168,136,0,136,304
07/06/2020,DWH,TX,ASW,CE,Towers with Radar,0,5,19,0,24,0,0,92,0,92,0,5,111,0,116,141,0,141,257
07/07/2020,DWH,TX,ASW,CE,Towers with Radar,0,3,39,0,42,0,2,82,0,84,0,5,121,0,126,232,0,232,358
07/08/2020,DWH,TX,ASW,CE,Towers with Radar,0,1,49,0,50,0,2,153,0,155,0,3,202,0,205,118,0,118,323
07/09/2020,DWH,TX,ASW,CE,Towers with Radar,0,6,42,2,50,0,2,136,0,138,0,8,178,2,188,138,0,138,326
07/10/2020,DWH,TX,ASW,CE,Towers with Radar,0,4,34,2,40,0,2,130,1,133,0,6,164,3,173,350,0,350,523
07/11/2020,DWH,TX,ASW,CE,Towers with Radar,0,5,45,0,50,0,4,175,0,179,0,9,220,0,229,230,0,230,459
07/12/2020,DWH,TX,ASW,CE,Towers with Radar,0,11,23,3,37,0,1,119,2,122,0,12,142,5,159,230,0,230,389
07/13/2020,DWH,TX,ASW,CE,Towers with Radar,0,3,43,4,50,0,3,133,3,139,0,6,176,7,189,307,0,307,496
07/14/2020,DWH,TX,ASW,CE,Towers with Radar,0,3,36,1,40,0,3,156,0,159,0,6,192,1,199,217,0,217,416
07/15/2020,DWH,TX,ASW,CE,Towers with Radar,0,3,34,1,38,0,1,156,1,158,0,4,190,2,196,221,0,221,417
07/16/2020,DWH,TX,ASW,CE,Towers with Radar,0,6,47,0,53,0,2,140,0,142,0,8,187,0,195,198,0,198,393
07/17/2020,DWH,TX,ASW,CE,Towers with Radar,0,6,33,0,39,0,0,101,0,101,0,6,134,0,140,155,0,155,295
07/18/2020,DWH,TX,ASW,CE,Towers with Radar,0,2,24,2,28,0,2,129,1,132,0,4,153,3,160,132,0,132,292
07/19/2020,DWH,TX,ASW,CE,Towers with Radar,0,0,28,0,28,0,2,97,1,100,0,2,125,1,128,144,0,144,272
07/20/2020,DWH,TX,ASW,CE,Towers with Radar,0,5,19,0,24,0,2,108,3,113,0,7,127,3,137,212,0,212,349
07/21/2020,DWH,TX,ASW,CE,Towers with Radar,0,3,26,0,29,0,1,58,2,61,0,4,84,2,90,112,0,112,202
07/22/2020,DWH,TX,ASW,CE,Towers with Radar,0,3,25,0,28,0,3,60,1,64,0,6,85,1,92,176,0,176,268
07/23/2020,DWH,TX,ASW,CE,Towers with Radar,0,9,40,2,51,0,5,190,2,197,0,14,230,4,248,246,0,246,494
07/24/2020,DWH,TX,ASW,CE,Towers with Radar,0,2,27,0,29,0,1,89,2,92,0,3,116,2,121,123,0,123,244
07/25/2020,DWH,TX,ASW,CE,Towers with Radar,0,4,8,0,12,0,0,3,0,3,0,4,11,0,15,15,0,15,30
07/26/2020,DWH,TX,ASW,CE,Towers with Radar,0,7,23,0,30,0,1,21,3,25,0,8,44,3,55,26,0,26,81
07/27/2020,DWH,TX,ASW,CE,Towers with Radar,0,7,36,0,43,0,3,60,0,63,0,10,96,0,106,198,0,198,304
07/28/2020,DWH,TX,ASW,CE,Towers with Radar,0,4,46,0,50,0,1,42,2,45,0,5,88,2,95,123,0,123,218
07/29/2020,DWH,TX,ASW,CE,Towers with Radar,0,3,32,2,37,0,0,101,3,104,0,3,133,5,141,116,0,116,257
07/30/2020,DWH,TX,ASW,CE,Towers with Radar,0,3,57,0,60,0,2,199,0,201,0,5,256,0,261,154,0,154,415
07/31/2020,DWH,TX,ASW,CE,Towers with Radar,0,4,44,2,50,0,4,148,1,153,0,8,192,3,203,184,0,184,387
08/01/2020,DWH,TX,ASW,CE,Towers with Radar,0,9,25,0,34,0,0,106,0,106,0,9,131,0,140,166,0,166,306
08/02/2020,DWH,TX,ASW,CE,Towers with Radar,0,4,26,0,30,0,3,166,0,169,0,7,192,0,199,290,0,290,489
08/03/2020,DWH,TX,ASW,CE,Towers with Radar,0,6,29,3,38,0,4,170,4,178,0,10,199,7,216,279,0,279,495
08/04/2020,DWH,TX,ASW,CE,Towers with Radar,0,3,35,2,40,0,4,199,1,204,0,7,234,3,244,170,0,170,414
08/05/2020,DWH,TX,ASW,CE,Towers with Radar,0,4,31,0,35,0,1,168,5,174,0,5,199,5,209,237,0,237,446
08/06/2020,DWH,TX,ASW,CE,Towers with Radar,0,7,43,0,50,0,1,173,1,175,0,8,216,1,225,284,0,284,509
08/07/2020,DWH,TX,ASW,CE,Towers with Radar,0,5,43,0,48,0,2,163,1,166,0,7,206,1,214,225,0,225,439
08/08/2020,DWH,TX,ASW,CE,Towers with Radar,0,3,22,9,34,0,0,194,1,195,0,3,216,10,229,244,0,244,473
08/09/2020,DWH,TX,ASW,CE,Towers with Radar,0,5,34,0,39,0,6,95,0,101,0,11,129,0,140,183,0,183,323
08/10/2020,DWH,TX,ASW,CE,Towers with Radar,0,6,32,0,38,0,0,126,0,126,0,6,158,0,164,120,0,120,284
08/11/2020,DWH,TX,ASW,CE,Towers with Radar,0,11,25,0,36,0,2,147,2,151,0,13,172,2,187,261,0,261,448
08/12/2020,DWH,TX,ASW,CE,Towers with Radar,0,5,23,0,28,0,4,135,2,141,0,9,158,2,169,166,0,166,335
08/13/2020,DWH,TX,ASW,CE,Towers with Radar,0,2,41,0,43,0,0,159,3,162,0,2,200,3,205,258,0,258,463
08/14/2020,DWH,TX,ASW,CE,Towers with Radar,0,4,38,0,42,0,0,164,1,165,0,4,202,1,207,172,0,172,379
08/15/2020,DWH,TX,ASW,CE,Towers with Radar,0,3,38,0,41,0,0,159,0,159,0,3,197,0,200,222,0,222,422
08/16/2020,DWH,TX,ASW,CE,Towers with Radar,0,13,20,0,33,0,4,153,0,157,0,17,173,0,190,203,0,203,393
08/17/2020,DWH,TX,ASW,CE,Towers with Radar,0,10,30,0,40,0,4,139,4,147,0,14,169,4,187,219,0,219,406
08/18/2020,DWH,TX,ASW,CE,Towers with Radar,0,7,24,3,34,0,0,146,2,148,0,7,170,5,182,239,0,239,421
08/19/2020,DWH,TX,ASW,CE,Towers with Radar,0,4,24,3,31,0,3,138,0,141,0,7,162,3,172,230,0,230,402
08/20/2020,DWH,TX,ASW,CE,Towers with Radar,0,3,41,2,46,0,0,169,0,169,0,3,210,2,215,299,0,299,514
08/21/2020,DWH,TX,ASW,CE,Towers with Radar,0,10,34,1,45,0,3,149,2,154,0,13,183,3,199,257,0,257,456
08/22/2020,DWH,TX,ASW,CE,Towers with Radar,0,5,19,0,24,0,4,113,0,117,0,9,132,0,141,302,0,302,443
08/23/2020,DWH,TX,ASW,CE,Towers with Radar,0,5,27,2,34,0,4,150,0,154,0,9,177,2,188,203,0,203,391
08/24/2020,DWH,TX,ASW,CE,Towers with Radar,0,1,18,0,19,0,0,134,1,135,0,1,152,1,154,208,0,208,362
08/25/2020,DWH,TX,ASW,CE,Towers with Radar,0,1,23,2,26,0,1,145,0,146,0,2,168,2,172,190,0,190,362
08/26/2020,DWH,TX,ASW,CE,Towers with Radar,0,7,12,0,19,0,0,4,0,4,0,7,16,0,23,38,0,38,61
08/27/2020,DWH,TX,ASW,CE,Towers with Radar,0,3,15,3,21,0,3,87,0,90,0,6,102,3,111,68,0,68,179
08/28/2020,DWH,TX,ASW,CE,Towers with Radar,0,4,29,1,34,0,3,85,1,89,0,7,114,2,123,142,0,142,265
08/29/2020,DWH,TX,ASW,CE,Towers with Radar,0,1,25,6,32,0,3,164,0,167,0,4,189,6,199,256,0,256,455
08/30/2020,DWH,TX,ASW,CE,Towers with Radar,0,8,17,2,27,0,2,142,0,144,0,10,159,2,171,228,0,228,399
08/31/2020,DWH,TX,ASW,CE,Towers with Radar,0,5,48,0,53,0,3,95,1,99,0,8,143,1,152,176,0,176,328
09/01/2020,DWH,TX,ASW,CE,Towers with Radar,0,4,27,4,35,0,2,100,1,103,0,6,127,5,138,239,0,239,377
09/02/2020,DWH,TX,ASW,CE,Towers with Radar,0,6,31,2,39,0,2,72,0,74,0,8,103,2,113,149,0,149,262
09/03/2020,DWH,TX,ASW,CE,Towers with Radar,0,3,25,0,28,0,6,138,0,144,0,9,163,0,172,266,0,266,438
09/04/2020,DWH,TX,ASW,CE,Towers with Radar,0,6,30,1,37,0,2,53,1,56,0,8,83,2,93,190,0,190,283
09/05/2020,DWH,TX,ASW,CE,Towers with Radar,0,3,19,0,22,0,6,141,0,147,0,9,160,0,169,210,0,210,379
09/06/2020,DWH,TX,ASW,CE,Towers with Radar,0,3,17,0,20,0,2,133,2,137,0,5,150,2,157,292,0,292,449
09/07/2020,DWH,TX,ASW,CE,Towers with Radar,0,11,31,0,42,0,3,130,0,133,0,14,161,0,175,206,0,206,381
09/08/2020,DWH,TX,ASW,CE,Towers with Radar,0,5,20,1,26,0,0,41,2,43,0,5,61,3,69,178,0,178,247
09/09/2020,DWH,TX,ASW,CE,Towers with Radar,0,9,27,0,36,0,3,89,3,95,0,12,116,3,131,175,0,175,306
09/10/2020,DWH,TX,ASW,CE,Towers with Radar,0,6,47,2,55,0,0,53,2,55,0,6,100,4,110,92,0,92,202
09/11/2020,DWH,TX,ASW,CE,Towers with Radar,0,4,46,2,52,0,0,147,1,148,0,4,193,3,200,161,0,161,361
09/12/2020,DWH,TX,ASW,CE,Towers with Radar,0,5,32,2,39,0,2,223,0,225,0,7,255,2,264,240,0,240,504
09/13/2020,DWH,TX,ASW,CE,Towers with Radar,0,3,29,1,33,0,0,95,0,95,0,3,124,1,128,194,0,194,322
09/14/2020,DWH,TX,ASW,CE,Towers with Radar,0,5,41,1,47,0,3,74,0,77,0,8,115,1,124,144,0,144,268
09/15/2020,DWH,TX,ASW,CE,Towers with Radar,0,3,50,1,54,0,0,167,1,168,0,3,217,2,222,216,0,216,438
09/16/2020,DWH,TX,ASW,CE,Towers with Radar,0,6,41,0,47,0,3,166,0,169,0,9,207,0,216,218,0,218,434
09/17/2020,DWH,TX,ASW,CE,Towers with Radar,0,1,24,0,25,0,0,156,0,156,0,1,180,0,181,142,0,142,323
09/18/2020,DWH,TX,ASW,CE,Towers with Radar,0,6,27,0,33,0,1,195,1,197,0,7,222,1,230,158,0,158,388
09/19/2020,DWH,TX,ASW,CE,Towers with Radar,0,5,30,0,35,0,2,170,0,172,0,7,200,0,207,168,0,168,375
09/20/2020,DWH,TX,ASW,CE,Towers with Radar,0,5,26,1,32,0,1,44,0,45,0,6,70,1,77,80,0,80,157
09/21/2020,DWH,TX,ASW,CE,Towers with Radar,0,4,19,0,23,0,0,2,0,2,0,4,21,0,25,0,0,0,25
09/22/2020,DWH,TX,ASW,CE,Towers with Radar,0,6,2,0,8,0,0,0,0,0,0,6,2,0,8,0,0,0,8
09/23/2020,DWH,TX,ASW,CE,Towers with Radar,0,9,26,0,35,0,0,2,0,2,0,9,28,0,37,36,0,36,73
09/24/2020,DWH,TX,ASW,CE,Towers with Radar,0,0,68,0,68,0,2,67,0,69,0,2,135,0,137,207,0,207,344
09/25/2020,DWH,TX,ASW,CE,Towers with Radar,0,7,40,0,47,0,2,233,1,236,0,9,273,1,283,190,0,190,473
09/26/2020,DWH,TX,ASW,CE,Towers with Radar,0,4,44,0,48,0,4,189,0,193,0,8,233,0,241,270,0,270,511
09/27/2020,DWH,TX,ASW,CE,Towers with Radar,0,6,41,0,47,0,0,150,0,150,0,6,191,0,197,212,0,212,409
09/28/2020,DWH,TX,ASW,CE,Towers with Radar,0,5,32,0,37,0,2,54,0,56,0,7,86,0,93,78,0,78,171
09/29/2020,DWH,TX,ASW,CE,Towers with Radar,0,7,18,0,25,0,0,145,1,146,0,7,163,1,171,118,0,118,289
09/30/2020,DWH,TX,ASW,CE,Towers with Radar,0,7,36,0,43,0,2,199,1,202,0,9,235,1,245,197,0,197,442
10/01/2020,DWH,TX,ASW,CE,Towers with Radar,0,5,25,0,30,0,1,171,1,173,0,6,196,1,203,203,0,203,406
10/02/2020,DWH,TX,ASW,CE,Towers with Radar,0,2,31,0,33,0,2,201,2,205,0,4,232,2,238,192,0,192,430
10/03/2020,DWH,TX,ASW,CE,Towers with Radar,0,5,28,0,33,0,3,207,3,213,0,8,235,3,246,283,0,283,529
10/04/2020,DWH,TX,ASW,CE,Towers with Radar,0,4,26,1,31,0,3,175,0,178,0,7,201,1,209,242,0,242,451
10/05/2020,DWH,TX,ASW,CE,Towers with Radar,0,8,18,4,30,0,3,154,0,157,0,11,172,4,187,152,0,152,339
10/06/2020,DWH,TX,ASW,CE,Towers with Radar,0,7,54,5,66,0,2,186,1,189,0,9,240,6,255,231,0,231,486
10/07/2020,DWH,TX,ASW,CE,Towers with Radar,0,5,34,0,39,0,1,151,0,152,0,6,185,0,191,200,0,200,391
10/08/2020,DWH,TX,ASW,CE,Towers with Radar,0,7,26,0,33,0,2,118,0,120,0,9,144,0,153,128,0,128,281
10/09/2020,DWH,TX,ASW,CE,Towers with Radar,0,3,25,0,28,0,1,14,0,15,0,4,39,0,43,32,0,32,75
10/10/2020,DWH,TX,ASW,CE,Towers with Radar,0,6,25,0,31,0,0,168,0,168,0,6,193,0,199,154,0,154,353
10/11/2020,DWH,TX,ASW,CE,Towers with Radar,0,3,40,0,43,0,2,147,0,149,0,5,187,0,192,290,0,290,482
10/12/2020,DWH,TX,ASW,CE,Towers with Radar,0,6,41,2,49,0,3,120,0,123,0,9,161,2,172,160,0,160,332
10/13/2020,DWH,TX,ASW,CE,Towers with Radar,0,3,40,0,43,0,2,169,0,171,0,5,209,0,214,350,0,350,564
10/14/2020,DWH,TX,ASW,CE,Towers with Radar,0,9,49,3,61,0,4,177,1,182,0,13,226,4,243,325,0,325,568
10/15/2020,DWH,TX,ASW,CE,Towers with Radar,0,1,57,0,58,0,2,128,0,130,0,3,185,0,188,176,0,176,364
10/16/2020,DWH,TX,ASW,CE,Towers with Radar,0,2,35,0,37,0,1,80,1,82,0,3,115,1,119,79,0,79,198
10/17/2020,DWH,TX,ASW,CE,Towers with Radar,0,3,37,0,40,0,1,168,0,169,0,4,205,0,209,335,0,335,544
10/18/2020,DWH,TX,ASW,CE,Towers with Radar,0,1,43,0,44,0,2,154,0,156,0,3,197,0,200,219,0,219,419
10/19/2020,DWH,TX,ASW,CE,Towers with Radar,0,6,79,4,89,0,0,63,0,63,0,6,142,4,152,116,0,116,268
10/20/2020,DWH,TX,ASW,CE,Towers with Radar,0,4,42,0,46,0,1,126,1,128,0,5,168,1,174,117,0,117,291
10/21/2020,DWH,TX,ASW,CE,Towers with Radar,0,8,52,2,62,0,1,106,0,107,0,9,158,2,169,136,0,136,305
10/22/2020,DWH,TX,ASW,CE,Towers with Radar,0,7,54,0,61,0,1,127,0,128,0,8,181,0,189,230,0,230,419
10/23/2020,DWH,TX,ASW,CE,Towers with Radar,0,8,63,0,71,0,2,43,0,45,0,10,106,0,116,40,0,40,156
10/24/2020,DWH,TX,ASW,CE,Towers with Radar,0,4,26,0,30,0,2,164,0,166,0,6,190,0,196,334,0,334,530
10/25/2020,DWH,TX,ASW,CE,Towers with Radar,0,10,49,0,59,0,2,12,0,14,0,12,61,0,73,114,0,114,187
10/26/2020,DWH,TX,ASW,CE,Towers with Radar,0,7,41,0,48,0,1,86,0,87,0,8,127,0,135,208,0,208,343
10/27/2020,DWH,TX,ASW,CE,Towers with Radar,0,0,33,0,33,0,1,8,0,9,0,1,41,0,42,52,0,52,94
10/28/2020,DWH,TX,ASW,CE,Towers with Radar,0,5,34,0,39,0,0,2,0,2,0,5,36,0,41,12,0,12,53
10/29/2020,DWH,TX,ASW,CE,Towers with Radar,0,4,27,2,33,0,0,144,3,147,0,4,171,5,180,156,0,156,336
10/30/2020,DWH,TX,ASW,CE,Towers with Radar,0,4,35,0,39,0,0,239,1,240,0,4,274,1,279,228,0,228,507
10/31/2020,DWH,TX,ASW,CE,Towers with Radar,0,10,30,2,42,0,3,229,0,232,0,13,259,2,274,311,0,311,585
11/01/2020,DWH,TX,ASW,CE,Towers with Radar,0,6,25,0,31,0,5,163,0,168,0,11,188,0,199,186,0,186,385
11/02/2020,DWH,TX,ASW,CE,Towers with Radar,0,11,17,0,28,0,3,162,2,167,0,14,179,2,195,267,0,267,462
11/03/2020,DWH,TX,ASW,CE,Towers with Radar,0,4,42,1,47,0,1,185,1,187,0,5,227,2,234,267,0,267,501
11/04/2020,DWH,TX,ASW,CE,Towers with Radar,0,17,58,0,75,0,2,205,2,209,0,19,263,2,284,219,0,219,503
11/05/2020,DWH,TX,ASW,CE,Towers with Radar,0,2,50,1,53,0,2,169,5,176,0,4,219,6,229,289,0,289,518
11/06/2020,DWH,TX,ASW,CE,Towers with Radar,0,5,45,0,50,0,3,178,1,182,0,8,223,1,232,260,0,260,492
11/07/2020,DWH,TX,ASW,CE,Towers with Radar,0,9,22,0,31,0,0,197,1,198,0,9,219,1,229,246,0,246,475
11/08/2020,DWH,TX,ASW,CE,Towers with Radar,0,17,34,0,51,0,0,72,0,72,0,17,106,0,123,148,0,148,271
11/09/2020,DWH,TX,ASW,CE,Towers with Radar,0,2,36,2,40,0,1,69,0,70,0,3,105,2,110,238,0,238,348
11/10/2020,DWH,TX,ASW,CE,Towers with Radar,0,1,44,0,45,0,1,103,4,108,0,2,147,4,153,152,0,152,305
11/11/2020,DWH,TX,ASW,CE,Towers with Radar,0,8,30,6,44,0,4,191,1,196,0,12,221,7,240,319,0,319,559
11/12/2020,DWH,TX,ASW,CE,Towers with Radar,0,0,51,0,51,0,1,167,1,169,0,1,218,1,220,138,0,138,358
11/13/2020,DWH,TX,ASW,CE,Towers with Radar,0,6,38,1,45,0,2,43,0,45,0,8,81,1,90,152,0,152,242
11/14/2020,DWH,TX,ASW,CE,Towers with Radar,0,0,37,5,42,0,1,109,3,113,0,1,146,8,155,274,0,274,429
11/15/2020,DWH,TX,ASW,CE,Towers with Radar,0,4,27,8,39,0,5,158,3,166,0,9,185,11,205,267,0,267,472
11/16/2020,DWH,TX,ASW,CE,Towers with Radar,0,5,28,2,35,0,2,176,4,182,0,7,204,6,217,225,0,225,442
11/17/2020,DWH,TX,ASW,CE,Towers with Radar,0,4,31,2,37,0,2,170,2,174,0,6,201,4,211,280,0,280,491
11/18/2020,DWH,TX,ASW,CE,Towers with Radar,0,10,32,0,42,0,2,182,2,186,0,12,214,2,228,345,0,345,573
11/19/2020,DWH,TX,ASW,CE,Towers with Radar,0,1,52,3,56,0,1,146,1,148,0,2,198,4,204,273,0,273,477
11/20/2020,DWH,TX,ASW,CE,Towers with Radar,0,4,53,1,58,0,2,96,1,99,0,6,149,2,157,286,0,286,443
11/21/2020,DWH,TX,ASW,CE,Towers with Radar,0,5,29,0,34,0,0,133,0,133,0,5,162,0,167,222,0,222,389
11/22/2020,DWH,TX,ASW,CE,Towers with Radar,0,5,30,0,35,0,2,146,0,148,0,7,176,0,183,278,0,278,461
11/23/2020,DWH,TX,ASW,CE,Towers with Radar,0,4,54,0,58,0,2,31,2,35,0,6,85,2,93,174,0,174,267
11/24/2020,DWH,TX,ASW,CE,Towers with Radar,0,6,45,4,55,0,1,49,3,53,0,7,94,7,108,124,0,124,232
11/25/2020,DWH,TX,ASW,CE,Towers with Radar,0,1,36,0,37,0,5,196,0,201,0,6,232,0,238,275,0,275,513
11/26/2020,DWH,TX,ASW,CE,Towers with Radar,0,2,15,0,17,0,4,41,0,45,0,6,56,0,62,48,0,48,110
11/27/2020,DWH,TX,ASW,CE,Towers with Radar,0,7,21,0,28,0,0,1,0,1,0,7,22,0,29,24,0,24,53
11/28/2020,DWH,TX,ASW,CE,Towers with Radar,0,6,14,0,20,0,0,0,0,0,0,6,14,0,20,0,0,0,20
11/29/2020,DWH,TX,ASW,CE,Towers with Radar,0,1,64,2,67,0,0,37,0,37,0,1,101,2,104,89,0,89,193
11/30/2020,DWH,TX,ASW,CE,Towers with Radar,0,11,34,1,46,0,5,160,3,168,0,16,194,4,214,155,2,157,371
12/01/2020,DWH,TX,ASW,CE,Towers with Radar,0,3,39,0,42,0,2,159,3,164,0,5,198,3,206,194,0,194,400
12/02/2020,DWH,TX,ASW,CE,Towers with Radar,0,6,67,0,73,0,0,1,0,1,0,6,68,0,74,0,0,0,74
12/03/2020,DWH,TX,ASW,CE,Towers with Radar,0,4,52,0,56,0,3,176,5,184,0,7,228,5,240,191,0,191,431
12/04/2020,DWH,TX,ASW,CE,Towers with Radar,0,8,42,2,52,0,2,183,4,189,0,10,225,6,241,257,0,257,498
12/05/2020,DWH,TX,ASW,CE,Towers with Radar,0,2,26,0,28,0,4,203,0,207,0,6,229,0,235,223,0,223,458
12/06/2020,DWH,TX,ASW,CE,Towers with Radar,0,6,31,2,39,0,6,186,0,192,0,12,217,2,231,238,0,238,469
12/07/2020,DWH,TX,ASW,CE,Towers with Radar,0,1,37,1,39,0,2,165,5,172,0,3,202,6,211,198,0,198,409
12/08/2020,DWH,TX,ASW,CE,Towers with Radar,0,0,23,0,23,0,0,149,3,152,0,0,172,3,175,76,0,76,251
12/09/2020,DWH,TX,ASW,CE,Towers with Radar,0,0,34,0,34,0,2,196,1,199,0,2,230,1,233,88,0,88,321
12/10/2020,DWH,TX,ASW,CE,Towers with Radar,0,5,30,3,38,0,2,180,2,184,0,7,210,5,222,122,0,122,344
12/11/2020,DWH,TX,ASW,CE,Towers with Radar,0,3,28,0,31,0,1,22,0,23,0,4,50,0,54,88,0,88,142
12/12/2020,DWH,TX,ASW,CE,Towers with Radar,0,0,45,2,47,0,3,84,2,89,0,3,129,4,136,186,0,186,322
12/13/2020,DWH,TX,ASW,CE,Towers with Radar,0,5,19,0,24,0,0,0,0,0,0,5,19,0,24,0,0,0,24
12/14/2020,DWH,TX,ASW,CE,Towers with Radar,0,4,27,2,33,0,6,67,0,73,0,10,94,2,106,239,0,239,345
12/15/2020,DWH,TX,ASW,CE,Towers with Radar,0,5,25,0,30,0,0,1,0,1,0,5,26,0,31,0,0,0,31
12/16/2020,DWH,TX,ASW,CE,Towers with Radar,0,5,46,0,51,0,3,144,0,147,0,8,190,0,198,159,0,159,357
12/17/2020,DWH,TX,ASW,CE,Towers with Radar,0,0,29,0,29,0,2,230,0,232,0,2,259,0,261,167,0,167,428
12/18/2020,DWH,TX,ASW,CE,Towers with Radar,0,5,46,0,51,0,3,123,0,126,0,8,169,0,177,111,0,111,288
12/19/2020,DWH,TX,ASW,CE,Towers with Radar,0,3,18,0,21,0,2,13,0,15,0,5,31,0,36,0,0,0,36
12/20/2020,DWH,TX,ASW,CE,Towers with Radar,0,4,54,2,60,0,3,203,0,206,0,7,257,2,266,170,0,170,436
12/21/2020,DWH,TX,ASW,CE,Towers with Radar,0,7,44,0,51,0,3,252,0,255,0,10,296,0,306,310,0,310,616
12/22/2020,DWH,TX,ASW,CE,Towers with Radar,0,5,40,0,45,0,1,178,0,179,0,6,218,0,224,273,0,273,497
12/23/2020,DWH,TX,ASW,CE,Towers with Radar,0,6,25,0,31,0,1,41,0,42,0,7,66,0,73,76,0,76,149
12/24/2020,DWH,TX,ASW,CE,Towers with Radar,0,2,9,0,11,0,4,66,0,70,0,6,75,0,81,21,0,21,102
12/25/2020,DWH,TX,ASW,CE,Towers with Radar,0,4,12,0,16,0,2,68,0,70,0,6,80,0,86,22,0,22,108
12/26/2020,DWH,TX,ASW,CE,Towers with Radar,0,11,19,0,30,0,2,197,0,199,0,13,216,0,229,186,0,186,415
12/27/2020,DWH,TX,ASW,CE,Towers with Radar,0,6,29,0,35,0,0,137,0,137,0,6,166,0,172,223,0,223,395
12/28/2020,DWH,TX,ASW,CE,Towers with Radar,0,4,31,0,35,0,0,130,0,130,0,4,161,0,165,232,0,232,397
12/29/2020,DWH,TX,ASW,CE,Towers with Radar,0,7,34,0,41,0,3,118,2,123,0,10,152,2,164,136,0,136,300
12/30/2020,DWH,TX,ASW,CE,Towers with Radar,0,4,34,4,42,0,4,10,2,16,0,8,44,6,58,20,0,20,78
12/31/2020,DWH,TX,ASW,CE,Towers with Radar,0,5,2,0,7,0,0,0,0,0,0,5,2,0,7,0,0,0,7
01/01/2021,DWH,TX,ASW,CE,Towers with Radar,0,9,14,0,23,0,0,132,0,132,0,9,146,0,155,278,0,278,433
01/02/2021,DWH,TX,ASW,CE,Towers with Radar,0,6,44,0,50,0,0,193,0,193,0,6,237,0,243,190,0,190,433
01/03/2021,DWH,TX,ASW,CE,Towers with Radar,0,3,26,0,29,0,0,150,0,150,0,3,176,0,179,220,0,220,399
01/04/2021,DWH,TX,ASW,CE,Towers with Radar,0,5,34,0,39,0,3,127,0,130,0,8,161,0,169,270,0,270,439
01/05/2021,DWH,TX,ASW,CE,Towers with Radar,0,2,35,4,41,0,2,165,3,170,0,4,200,7,211,318,0,318,529
01/06/2021,DWH,TX,ASW,CE,Towers with Radar,0,3,32,0,35,0,0,29,0,29,0,3,61,0,64,51,0,51,115
01/07/2021,DWH,TX,ASW,CE,Towers with Radar,0,3,40,0,43,0,1,118,1,120,0,4,158,1,163,190,0,190,353
01/08/2021,DWH,TX,ASW,CE,Towers with Radar,0,3,48,4,55,0,2,104,0,106,0,5,152,4,161,320,0,320,481
01/09/2021,DWH,TX,ASW,CE,Towers with Radar,0,2,27,0,29,0,1,227,0,228,0,3,254,0,257,347,0,347,604
01/10/2021,DWH,TX,ASW,CE,Towers with Radar,0,7,9,0,16,0,1,0,0,1,0,8,9,0,17,0,0,0,17
01/11/2021,DWH,TX,ASW,CE,Towers with Radar,0,3,18,0,21,0,2,36,0,38,0,5,54,0,59,174,0,174,233
01/12/2021,DWH,TX,ASW,CE,Towers with Radar,0,7,34,0,41,0,2,142,0,144,0,9,176,0,185,286,0,286,471
01/13/2021,DWH,TX,ASW,CE,Towers with Radar,0,8,30,0,38,0,2,213,0,215,0,10,243,0,253,274,0,274,527
01/14/2021,DWH,TX,ASW,CE,Towers with Radar,0,8,30,4,42,0,5,122,2,129,0,13,152,6,171,110,0,110,281
01/15/2021,DWH,TX,ASW,CE,Towers with Radar,0,7,23,0,30,0,1,80,0,81,0,8,103,0,111,67,0,67,178
01/16/2021,DWH,TX,ASW,CE,Towers with Radar,0,4,33,4,41,0,1,247,0,248,0,5,280,4,289,209,0,209,498
01/17/2021,DWH,TX,ASW,CE,Towers with Radar,0,4,26,0,30,0,1,202,0,203,0,5,228,0,233,294,0,294,527
01/18/2021,DWH,TX,ASW,CE,Towers with Radar,0,7,45,0,52,0,0,201,0,201,0,7,246,0,253,258,0,258,511
01/19/2021,DWH,TX,ASW,CE,Towers with Radar,0,0,36,1,37,0,3,115,0,118,0,3,151,1,155,235,0,235,390
01/20/2021,DWH,TX,ASW,CE,Towers with Radar,0,3,68,6,77,0,0,7,0,7,0,3,75,6,84,4,0,4,88
01/21/2021,DWH,TX,ASW,CE,Towers with Radar,0,2,21,0,23,0,0,0,0,0,0,2,21,0,23,0,0,0,23
01/22/2021,DWH,TX,ASW,CE,Towers with Radar,0,1,44,0,45,0,2,4,0,6,0,3,48,0,51,0,0,0,51
01/23/2021,DWH,TX,ASW,CE,Towers with Radar,0,1,28,0,29,0,0,4,0,4,0,1,32,0,33,2,0,2,35
01/24/2021,DWH,TX,ASW,CE,Towers with Radar,0,8,23,0,31,0,4,6,0,10,0,12,29,0,41,42,0,42,83
01/25/2021,DWH,TX,ASW,CE,Towers with Radar,0,1,29,2,32,0,2,93,1,96,0,3,122,3,128,271,0,271,399
01/26/2021,DWH,TX,ASW,CE,Towers with Radar,0,1,26,0,27,0,1,223,0,224,0,2,249,0,251,311,0,311,562
01/27/2021,DWH,TX,ASW,CE,Towers with Radar,0,3,32,1,36,0,2,148,2,152,0,5,180,3,188,90,0,90,278
01/28/2021,DWH,TX,ASW,CE,Towers with Radar,0,7,31,0,38,0,5,212,0,217,0,12,243,0,255,333,0,333,588
01/29/2021,DWH,TX,ASW,CE,Towers with Radar,0,1,45,2,48,0,1,186,2,189,0,2,231,4,237,178,0,178,415
01/30/2021,DWH,TX,ASW,CE,Towers with Radar,0,2,48,0,50,0,1,22,0,23,0,3,70,0,73,242,0,242,315
01/31/2021,DWH,TX,ASW,CE,Towers with Radar,0,0,28,0,28,0,0,171,0,171,0,0,199,0,199,161,0,161,360
02/01/2021,DWH,TX,ASW,CE,Towers with Radar,0,2,28,0,30,0,2,154,0,156,0,4,182,0,186,175,0,175,361
02/02/2021,DWH,TX,ASW,CE,Towers with Radar,0,3,40,0,43,0,2,183,1,186,0,5,223,1,229,281,0,281,510
02/03/2021,DWH,TX,ASW,CE,Towers with Radar,0,4,30,0,34,0,1,195,0,196,0,5,225,0,230,214,0,214,444
02/04/2021,DWH,TX,ASW,CE,Towers with Radar,0,6,54,0,60,0,2,81,0,83,0,8,135,0,143,60,0,60,203
02/05/2021,DWH,TX,ASW,CE,Towers with Radar,0,1,40,0,41,0,4,57,2,63,0,5,97,2,104,140,0,140,244
02/06/2021,DWH,TX,ASW,CE,Towers with Radar,0,2,50,0,52,0,0,59,0,59,0,2,109,0,111,137,0,137,248
02/07/2021,DWH,TX,ASW,CE,Towers with Radar,0,6,39,0,45,0,3,214,0,217,0,9,253,0,262,212,0,212,474
02/08/2021,DWH,TX,ASW,CE,Towers with Radar,0,0,27,0,27,0,3,94,1,98,0,3,121,1,125,269,0,269,394
02/09/2021,DWH,TX,ASW,CE,Towers with Radar,0,1,34,0,35,0,1,35,0,36,0,2,69,0,71,146,0,146,217
02/10/2021,DWH,TX,ASW,CE,Towers with Radar,0,2,10,0,12,0,0,0,0,0,0,2,10,0,12,0,0,0,12
02/11/2021,DWH,TX,ASW,CE,Towers with Radar,0,4,10,0,14,0,0,0,0,0,0,4,10,0,14,0,0,0,14
02/12/2021,DWH,TX,ASW,CE,Towers with Radar,0,3,20,0,23,0,2,0,0,2,0,5,20,0,25,0,0,0,25
02/13/2021,DWH,TX,ASW,CE,Towers with Radar,0,3,4,0,7,0,0,11,0,11,0,3,15,0,18,58,0,58,76
02/14/2021,DWH,TX,ASW,CE,Towers with Radar,0,3,8,1,12,0,0,0,0,0,0,3,8,1,12,0,0,0,12
02/15/2021,DWH,TX,ASW,CE,Towers with Radar,0,0,0,0,0,0,0,0,0,0,0,0,0,0,0,0,0,0,0
02/16/2021,DWH,TX,ASW,CE,Towers with Radar,0,0,0,0,0,0,0,0,0,0,0,0,0,0,0,0,0,0,0
02/17/2021,DWH,TX,ASW,CE,Towers with Radar,0,0,1,0,1,0,0,0,0,0,0,0,1,0,1,0,0,0,1
02/18/2021,DWH,TX,ASW,CE,Towers with Radar,0,0,4,0,4,0,1,5,0,6,0,1,9,0,10,0,0,0,10
02/19/2021,DWH,TX,ASW,CE,Towers with Radar,0,11,30,0,41,0,1,154,0,155,0,12,184,0,196,223,0,223,419
02/20/2021,DWH,TX,ASW,CE,Towers with Radar,0,6,28,1,35,0,2,209,0,211,0,8,237,1,246,256,0,256,502
02/21/2021,DWH,TX,ASW,CE,Towers with Radar,0,5,34,1,40,0,0,122,0,122,0,5,156,1,162,180,0,180,342
02/22/2021,DWH,TX,ASW,CE,Towers with Radar,0,5,28,1,34,0,5,181,2,188,0,10,209,3,222,237,0,237,459
02/23/2021,DWH,TX,ASW,CE,Towers with Radar,0,8,35,0,43,0,2,221,2,225,0,10,256,2,268,238,0,238,506
02/24/2021,DWH,TX,ASW,CE,Towers with Radar,0,2,53,2,57,0,1,77,2,80,0,3,130,4,137,267,0,267,404
02/25/2021,DWH,TX,ASW,CE,Towers with Radar,0,4,52,3,59,0,0,10,1,11,0,4,62,4,70,28,0,28,98
02/26/2021,DWH,TX,ASW,CE,Towers with Radar,0,11,37,0,48,0,1,11,0,12,0,12,48,0,60,0,0,0,60
02/27/2021,DWH,TX,ASW,CE,Towers with Radar,0,1,32,2,35,0,3,49,2,54,0,4,81,4,89,310,0,310,399
02/28/2021,DWH,TX,ASW,CE,Towers with Radar,0,9,38,0,47,0,1,43,0,44,0,10,81,0,91,226,0,226,317
03/01/2021,DWH,TX,ASW,CE,Towers with Radar,0,4,39,0,43,0,2,3,0,5,0,6,42,0,48,14,0,14,62
03/02/2021,DWH,TX,ASW,CE,Towers with Radar,0,2,41,0,43,0,3,158,3,164,0,5,199,3,207,116,0,116,323
03/03/2021,DWH,TX,ASW,CE,Towers with Radar,0,3,46,1,50,0,3,166,2,171,0,6,212,3,221,222,0,222,443
03/04/2021,DWH,TX,ASW,CE,Towers with Radar,0,2,40,4,46,0,5,229,2,236,0,7,269,6,282,289,2,291,573
03/05/2021,DWH,TX,ASW,CE,Towers with Radar,0,5,60,0,65,0,4,82,0,86,0,9,142,0,151,173,0,173,324
03/06/2021,DWH,TX,ASW,CE,Towers with Radar,0,8,26,5,39,0,2,208,3,213,0,10,234,8,252,169,0,169,421
03/07/2021,DWH,TX,ASW,CE,Towers with Radar,0,4,27,0,31,0,3,243,2,248,0,7,270,2,279,230,0,230,509
03/08/2021,DWH,TX,ASW,CE,Towers with Radar,0,1,27,0,28,0,0,171,0,171,0,1,198,0,199,346,0,346,545
03/09/2021,DWH,TX,ASW,CE,Towers with Radar,0,2,50,1,53,0,0,116,1,117,0,2,166,2,170,192,0,192,362
03/10/2021,DWH,TX,ASW,CE,Towers with Radar,0,3,58,1,62,0,3,60,0,63,0,6,118,1,125,148,0,148,273
03/11/2021,DWH,TX,ASW,CE,Towers with Radar,0,10,70,4,84,0,3,106,0,109,0,13,176,4,193,254,0,254,447
03/12/2021,DWH,TX,ASW,CE,Towers with Radar,0,9,73,1,83,0,3,110,1,114,0,12,183,2,197,170,0,170,367
03/13/2021,DWH,TX,ASW,CE,Towers with Radar,0,12,53,0,65,0,6,91,0,97,0,18,144,0,162,158,0,158,320
03/14/2021,DWH,TX,ASW,CE,Towers with Radar,0,1,33,0,34,0,0,0,0,0,0,1,33,0,34,30,0,30,64
03/15/2021,DWH,TX,ASW,CE,Towers with Radar,0,4,46,0,50,0,1,36,3,40,0,5,82,3,90,132,0,132,222
03/16/2021,DWH,TX,ASW,CE,Towers with Radar,0,9,52,0,61,0,3,15,0,18,0,12,67,0,79,62,0,62,141
03/17/2021,DWH,TX,ASW,CE,Towers with Radar,0,8,21,2,31,0,4,70,2,76,0,12,91,4,107,52,0,52,159
03/18/2021,DWH,TX,ASW,CE,Towers with Radar,0,3,31,0,34,0,1,87,0,88,0,4,118,0,122,60,0,60,182
03/19/2021,DWH,TX,ASW,CE,Towers with Radar,0,3,49,0,52,0,2,195,0,197,0,5,244,0,249,224,0,224,473
03/20/2021,DWH,TX,ASW,CE,Towers with Radar,0,6,41,1,48,0,0,255,0,255,0,6,296,1,303,290,0,290,593
03/21/2021,DWH,TX,ASW,CE,Towers with Radar,0,5,43,1,49,0,1,215,0,216,0,6,258,1,265,340,0,340,605
03/22/2021,DWH,TX,ASW,CE,Towers with Radar,0,1,33,0,34,0,0,99,0,99,0,1,132,0,133,198,0,198,331
03/23/2021,DWH,TX,ASW,CE,Towers with Radar,0,1,51,3,55,0,2,105,0,107,0,3,156,3,162,358,0,358,520
03/24/2021,DWH,TX,ASW,CE,Towers with Radar,0,5,39,0,44,0,1,2,0,3,0,6,41,0,47,2,0,2,49
03/25/2021,DWH,TX,ASW,CE,Towers with Radar,0,4,29,2,35,0,2,148,2,152,0,6,177,4,187,133,0,133,320
03/26/2021,DWH,TX,ASW,CE,Towers with Radar,0,3,30,0,33,0,1,267,0,268,0,4,297,0,301,230,0,230,531
03/27/2021,DWH,TX,ASW,CE,Towers with Radar,0,4,44,4,52,0,2,27,1,30,0,6,71,5,82,205,0,205,287
03/28/2021,DWH,TX,ASW,CE,Towers with Radar,0,0,25,0,25,0,0,95,0,95,0,0,120,0,120,94,0,94,214
03/29/2021,DWH,TX,ASW,CE,Towers with Radar,0,5,50,0,55,0,3,240,0,243,0,8,290,0,298,448,0,448,746
03/30/2021,DWH,TX,ASW,CE,Towers with Radar,0,3,35,2,40,0,0,61,0,61,0,3,96,2,101,176,0,176,277
03/31/2021,DWH,TX,ASW,CE,Towers with Radar,0,7,51,0,58,0,1,16,2,19,0,8,67,2,77,6,0,6,83
04/01/2021,DWH,TX,ASW,CE,Towers with Radar,0,10,37,1,48,0,5,257,1,263,0,15,294,2,311,282,0,282,593
04/02/2021,DWH,TX,ASW,CE,Towers with Radar,0,9,45,3,57,0,4,255,2,261,0,13,300,5,318,406,0,406,724
04/03/2021,DWH,TX,ASW,CE,Towers with Radar,0,2,29,0,31,0,3,142,1,146,0,5,171,1,177,538,0,538,715
04/04/2021,DWH,TX,ASW,CE,Towers with Radar,0,7,29,1,37,0,2,135,1,138,0,9,164,2,175,239,0,239,414
04/05/2021,DWH,TX,ASW,CE,Towers with Radar,0,1,71,2,74,0,1,174,2,177,0,2,245,4,251,381,0,381,632
04/06/2021,DWH,TX,ASW,CE,Towers with Radar,0,12,52,0,64,0,1,111,4,116,0,13,163,4,180,316,0,316,496
04/07/2021,DWH,TX,ASW,CE,Towers with Radar,0,7,57,6,70,0,3,70,1,74,0,10,127,7,144,380,0,380,524
04/08/2021,DWH,TX,ASW,CE,Towers with Radar,0,6,57,1,64,0,1,210,1,212,0,7,267,2,276,356,0,356,632
04/09/2021,DWH,TX,ASW,CE,Towers with Radar,0,10,55,2,67,0,4,81,0,85,0,14,136,2,152,302,0,302,454
04/10/2021,DWH,TX,ASW,CE,Towers with Radar,0,0,34,2,36,0,2,211,2,215,0,2,245,4,251,211,0,211,462
04/11/2021,DWH,TX,ASW,CE,Towers with Radar,0,6,41,2,49,0,2,237,0,239,0,8,278,2,288,301,0,301,589
04/12/2021,DWH,TX,ASW,CE,Towers with Radar,0,6,44,0,50,0,3,204,2,209,0,9,248,2,259,382,0,382,641
04/13/2021,DWH,TX,ASW,CE,Towers with Radar,0,6,44,1,51,0,3,24,0,27,0,9,68,1,78,100,0,100,178
04/14/2021,DWH,TX,ASW,CE,Towers with Radar,0,5,29,0,34,0,1,2,0,3,0,6,31,0,37,4,0,4,41
04/15/2021,DWH,TX,ASW,CE,Towers with Radar,0,6,47,2,55,0,2,22,2,26,0,8,69,4,81,132,0,132,213
04/16/2021,DWH,TX,ASW,CE,Towers with Radar,0,6,13,0,19,0,0,0,0,0,0,6,13,0,19,0,0,0,19
04/17/2021,DWH,TX,ASW,CE,Towers with Radar,0,5,28,0,33,0,2,56,0,58,0,7,84,0,91,79,0,79,170
04/18/2021,DWH,TX,ASW,CE,Towers with Radar,0,2,55,0,57,0,0,260,0,260,0,2,315,0,317,315,0,315,632
04/19/2021,DWH,TX,ASW,CE,Towers with Radar,0,6,39,2,47,0,4,246,2,252,0,10,285,4,299,355,0,355,654
04/20/2021,DWH,TX,ASW,CE,Towers with Radar,0,4,49,0,53,0,7,271,0,278,0,11,320,0,331,355,0,355,686
04/21/2021,DWH,TX,ASW,CE,Towers with Radar,0,2,50,0,52,0,5,228,3,236,0,7,278,3,288,245,2,247,535
04/22/2021,DWH,TX,ASW,CE,Towers with Radar,0,5,56,1,62,0,1,179,2,182,0,6,235,3,244,230,0,230,474
04/23/2021,DWH,TX,ASW,CE,Towers with Radar,0,6,31,4,41,0,0,1,0,1,0,6,32,4,42,8,0,8,50
04/24/2021,DWH,TX,ASW,CE,Towers with Radar,0,2,26,0,28,0,4,217,0,221,0,6,243,0,249,164,0,164,413
04/25/2021,DWH,TX,ASW,CE,Towers with Radar,0,5,44,1,50,0,2,267,0,269,0,7,311,1,319,318,0,318,637
04/26/2021,DWH,TX,ASW,CE,Towers with Radar,0,2,50,0,52,0,3,174,0,177,0,5,224,0,229,322,0,322,551
04/27/2021,DWH,TX,ASW,CE,Towers with Radar,0,5,55,0,60,0,2,46,8,56,0,7,101,8,116,234,0,234,350
04/28/2021,DWH,TX,ASW,CE,Towers with Radar,0,3,28,2,33,0,7,93,3,103,0,10,121,5,136,112,0,112,248
04/29/2021,DWH,TX,ASW,CE,Towers with Radar,0,9,59,0,68,0,5,84,0,89,0,14,143,0,157,292,0,292,449
04/30/2021,DWH,TX,ASW,CE,Towers with Radar,0,1,19,0,20,0,4,10,0,14,0,5,29,0,34,14,0,14,48
05/01/2021,DWH,TX,ASW,CE,Towers with Radar,0,4,2,1,7,0,1,1,0,2,0,5,3,1,9,0,0,0,9
05/02/2021,DWH,TX,ASW,CE,Towers with Radar,0,5,50,0,55,0,1,173,1,175,0,6,223,1,230,273,0,273,503
05/03/2021,DWH,TX,ASW,CE,Towers with Radar,0,10,62,0,72,0,1,141,3,145,0,11,203,3,217,184,0,184,401
05/04/2021,DWH,TX,ASW,CE,Towers with Radar,0,6,46,0,52,0,7,88,0,95,0,13,134,0,147,193,0,193,340
05/05/2021,DWH,TX,ASW,CE,Towers with Radar,0,15,65,3,83,0,1,255,0,256,0,16,320,3,339,272,0,272,611
05/06/2021,DWH,TX,ASW,CE,Towers with Radar,0,10,47,5,62,0,5,233,1,239,0,15,280,6,301,356,0,356,657
05/07/2021,DWH,TX,ASW,CE,Towers with Radar,0,7,55,2,64,0,1,253,3,257,0,8,308,5,321,448,0,448,769
05/08/2021,DWH,TX,ASW,CE,Towers with Radar,0,5,42,0,47,0,0,155,4,159,0,5,197,4,206,414,0,414,620
05/09/2021,DWH,TX,ASW,CE,Towers with Radar,0,8,49,0,57,0,1,68,0,69,0,9,117,0,126,182,0,182,308
05/10/2021,DWH,TX,ASW,CE,Towers with Radar,0,7,38,2,47,0,4,147,0,151,0,11,185,2,198,310,0,310,508
05/11/2021,DWH,TX,ASW,CE,Towers with Radar,0,4,36,0,40,0,3,68,0,71,0,7,104,0,111,240,0,240,351
05/12/2021,DWH,TX,ASW,CE,Towers with Radar,0,6,55,2,63,0,1,34,2,37,0,7,89,4,100,52,2,54,154
05/13/2021,DWH,TX,ASW,CE,Towers with Radar,0,10,98,0,108,0,2,181,0,183,0,12,279,0,291,298,0,298,589
05/14/2021,DWH,TX,ASW,CE,Towers with Radar,0,6,66,1,73,0,5,252,1,258,0,11,318,2,331,336,0,336,667
05/15/2021,DWH,TX,ASW,CE,Towers with Radar,0,4,52,0,56,0,7,193,0,200,0,11,245,0,256,256,0,256,512
05/16/2021,DWH,TX,ASW,CE,Towers with Radar,0,4,45,0,49,0,3,26,0,29,0,7,71,0,78,54,0,54,132
05/17/2021,DWH,TX,ASW,CE,Towers with Radar,0,2,26,0,28,0,2,11,0,13,0,4,37,0,41,0,0,0,41
05/18/2021,DWH,TX,ASW,CE,Towers with Radar,0,8,44,0,52,0,4,75,2,81,0,12,119,2,133,257,0,257,390
05/19/2021,DWH,TX,ASW,CE,Towers with Radar,0,2,22,0,24,0,2,7,0,9,0,4,29,0,33,34,0,34,67
05/20/2021,DWH,TX,ASW,CE,Towers with Radar,0,6,77,6,89,0,5,106,0,111,0,11,183,6,200,316,0,316,516
05/21/2021,DWH,TX,ASW,CE,Towers with Radar,0,7,49,0,56,0,3,35,1,39,0,10,84,1,95,138,0,138,233
05/22/2021,DWH,TX,ASW,CE,Towers with Radar,0,6,33,0,39,0,2,11,0,13,0,8,44,0,52,170,0,170,222
05/23/2021,DWH,TX,ASW,CE,Towers with Radar,0,9,70,0,79,0,5,11,0,16,0,14,81,0,95,84,0,84,179
05/24/2021,DWH,TX,ASW,CE,Towers with Radar,0,8,26,0,34,0,3,22,2,27,0,11,48,2,61,77,0,77,138
05/25/2021,DWH,TX,ASW,CE,Towers with Radar,0,3,50,3,56,0,1,42,0,43,0,4,92,3,99,130,0,130,229
05/26/2021,DWH,TX,ASW,CE,Towers with Radar,0,8,61,1,70,0,2,179,2,183,0,10,240,3,253,334,0,334,587
05/27/2021,DWH,TX,ASW,CE,Towers with Radar,0,9,82,1,92,0,3,242,0,245,0,12,324,1,337,226,0,226,563
05/28/2021,DWH,TX,ASW,CE,Towers with Radar,0,3,59,2,64,0,1,138,0,139,0,4,197,2,203,218,0,218,421
05/29/2021,DWH,TX,ASW,CE,Towers with Radar,0,3,32,0,35,0,2,187,0,189,0,5,219,0,224,372,0,372,596
05/30/2021,DWH,TX,ASW,CE,Towers with Radar,0,2,38,0,40,0,3,179,0,182,0,5,217,0,222,241,0,241,463
05/31/2021,DWH,TX,ASW,CE,Towers with Radar,1,4,45,0,50,0,3,164,0,167,1,7,209,0,217,295,0,295,512
06/01/2021,DWH,TX,ASW,CE,Towers with Radar,0,4,39,0,43,0,2,111,0,113,0,6,150,0,156,258,0,258,414
06/02/2021,DWH,TX,ASW,CE,Towers with Radar,0,6,46,0,52,0,3,154,0,157,0,9,200,0,209,377,0,377,586
06/03/2021,DWH,TX,ASW,CE,Towers with Radar,0,10,49,2,61,0,0,105,0,105,0,10,154,2,166,208,0,208,374
06/04/2021,DWH,TX,ASW,CE,Towers with Radar,0,6,51,0,57,0,1,39,0,40,0,7,90,0,97,142,0,142,239
06/05/2021,DWH,TX,ASW,CE,Towers with Radar,0,3,37,0,40,0,1,56,0,57,0,4,93,0,97,152,0,152,249
06/06/2021,DWH,TX,ASW,CE,Towers with Radar,0,9,50,0,59,0,2,136,2,140,0,11,186,2,199,278,0,278,477
06/07/2021,DWH,TX,ASW,CE,Towers with Radar,0,6,56,0,62,0,3,119,0,122,0,9,175,0,184,352,0,352,536
06/08/2021,DWH,TX,ASW,CE,Towers with Radar,0,2,42,0,44,0,2,216,0,218,0,4,258,0,262,351,0,351,613
06/09/2021,DWH,TX,ASW,CE,Towers with Radar,0,6,67,0,73,0,1,191,4,196,0,7,258,4,269,422,0,422,691
06/10/2021,DWH,TX,ASW,CE,Towers with Radar,0,10,63,0,73,0,5,205,2,212,0,15,268,2,285,330,0,330,615
06/11/2021,DWH,TX,ASW,CE,Towers with Radar,0,11,59,1,71,0,6,230,1,237,0,17,289,2,308,232,0,232,540
06/12/2021,DWH,TX,ASW,CE,Towers with Radar,1,3,55,6,65,0,5,218,0,223,1,8,273,6,288,276,0,276,564
06/13/2021,DWH,TX,ASW,CE,Towers with Radar,0,6,51,3,60,0,4,208,0,212,0,10,259,3,272,203,0,203,475
06/14/2021,DWH,TX,ASW,CE,Towers with Radar,0,8,27,1,36,0,9,200,1,210,0,17,227,2,246,270,0,270,516
06/15/2021,DWH,TX,ASW,CE,Towers with Radar,0,8,40,0,48,0,4,191,4,199,0,12,231,4,247,203,0,203,450
06/16/2021,DWH,TX,ASW,CE,Towers with Radar,0,8,36,0,44,0,4,208,2,214,0,12,244,2,258,372,0,372,630
06/17/2021,DWH,TX,ASW,CE,Towers with Radar,0,1,68,1,70,0,5,215,2,222,0,6,283,3,292,318,0,318,610
06/18/2021,DWH,TX,ASW,CE,Towers with Radar,0,6,55,3,64,0,4,229,2,235,0,10,284,5,299,322,0,322,621
06/19/2021,DWH,TX,ASW,CE,Towers with Radar,0,1,31,0,32,0,0,236,0,236,0,1,267,0,268,358,0,358,626
06/20/2021,DWH,TX,ASW,CE,Towers with Radar,0,8,46,0,54,0,4,97,0,101,0,12,143,0,155,236,0,236,391
06/21/2021,DWH,TX,ASW,CE,Towers with Radar,0,10,34,0,44,0,4,84,0,88,0,14,118,0,132,254,0,254,386
06/22/2021,DWH,TX,ASW,CE,Towers with Radar,0,6,50,0,56,0,7,80,1,88,0,13,130,1,144,261,0,261,405
06/23/2021,DWH,TX,ASW,CE,Towers with Radar,0,8,52,0,60,0,6,144,0,150,0,14,196,0,210,371,0,371,581
06/24/2021,DWH,TX,ASW,CE,Towers with Radar,0,6,53,3,62,0,2,137,4,143,0,8,190,7,205,246,0,246,451
06/25/2021,DWH,TX,ASW,CE,Towers with Radar,0,5,59,0,64,0,0,193,0,193,0,5,252,0,257,258,0,258,515
06/26/2021,DWH,TX,ASW,CE,Towers with Radar,0,5,48,4,57,0,2,153,0,155,0,7,201,4,212,396,0,396,608
06/27/2021,DWH,TX,ASW,CE,Towers with Radar,0,10,31,0,41,0,3,80,0,83,0,13,111,0,124,265,0,265,389
06/28/2021,DWH,TX,ASW,CE,Towers with Radar,0,4,31,0,35,0,4,5,0,9,0,8,36,0,44,6,0,6,50
06/29/2021,DWH,TX,ASW,CE,Towers with Radar,0,3,39,0,42,0,2,64,2,68,0,5,103,2,110,269,0,269,379
06/30/2021,DWH,TX,ASW,CE,Towers with Radar,0,5,48,1,54,0,5,115,2,122,0,10,163,3,176,254,0,254,430
07/01/2021,DWH,TX,ASW,CE,Towers with Radar,0,11,69,0,80,0,4,248,2,254,0,15,317,2,334,352,0,352,686
07/02/2021,DWH,TX,ASW,CE,Towers with Radar,0,6,39,2,47,0,4,192,1,197,0,10,231,3,244,328,0,328,572
07/03/2021,DWH,TX,ASW,CE,Towers with Radar,0,1,13,0,14,0,2,25,0,27,0,3,38,0,41,131,0,131,172
07/04/2021,DWH,TX,ASW,CE,Towers with Radar,0,2,21,1,24,0,5,55,0,60,0,7,76,1,84,103,0,103,187
07/05/2021,DWH,TX,ASW,CE,Towers with Radar,0,6,52,1,59,0,1,45,0,46,0,7,97,1,105,169,0,169,274
07/06/2021,DWH,TX,ASW,CE,Towers with Radar,0,5,35,0,40,0,0,70,1,71,0,5,105,1,111,279,0,279,390
07/07/2021,DWH,TX,ASW,CE,Towers with Radar,0,10,46,0,56,0,3,123,0,126,0,13,169,0,182,396,0,396,578
07/08/2021,DWH,TX,ASW,CE,Towers with Radar,0,7,40,0,47,0,5,84,0,89,0,12,124,0,136,139,0,139,275
07/09/2021,DWH,TX,ASW,CE,Towers with Radar,0,9,38,0,47,0,2,31,0,33,0,11,69,0,80,61,0,61,141
07/10/2021,DWH,TX,ASW,CE,Towers with Radar,0,7,40,0,47,0,2,117,0,119,0,9,157,0,166,370,0,370,536
07/11/2021,DWH,TX,ASW,CE,Towers with Radar,0,6,46,0,52,0,2,139,0,141,0,8,185,0,193,252,0,252,445
07/12/2021,DWH,TX,ASW,CE,Towers with Radar,0,9,43,0,52,0,4,70,0,74,0,13,113,0,126,145,0,145,271
07/13/2021,DWH,TX,ASW,CE,Towers with Radar,0,7,39,0,46,0,4,139,0,143,0,11,178,0,189,208,0,208,397
07/14/2021,DWH,TX,ASW,CE,Towers with Radar,0,6,42,0,48,0,3,120,0,123,0,9,162,0,171,245,0,245,416
07/15/2021,DWH,TX,ASW,CE,Towers with Radar,0,4,52,0,56,0,1,136,0,137,0,5,188,0,193,242,0,242,435
07/16/2021,DWH,TX,ASW,CE,Towers with Radar,0,1,66,0,67,0,5,143,0,148,0,6,209,0,215,360,0,360,575
07/17/2021,DWH,TX,ASW,CE,Towers with Radar,0,8,32,0,40,0,1,273,0,274,0,9,305,0,314,436,0,436,750
07/18/2021,DWH,TX,ASW,CE,Towers with Radar,0,5,41,1,47,0,4,199,0,203,0,9,240,1,250,264,2,266,516
07/19/2021,DWH,TX,ASW,CE,Towers with Radar,0,6,45,4,55,0,1,143,0,144,0,7,188,4,199,304,0,304,503
07/20/2021,DWH,TX,ASW,CE,Towers with Radar,0,3,41,1,45,0,3,152,2,157,0,6,193,3,202,250,0,250,452
07/21/2021,DWH,TX,ASW,CE,Towers with Radar,0,8,44,5,57,0,2,170,3,175,0,10,214,8,232,240,0,240,472
07/22/2021,DWH,TX,ASW,CE,Towers with Radar,0,8,51,3,62,0,3,184,2,189,0,11,235,5,251,229,0,229,480
07/23/2021,DWH,TX,ASW,CE,Towers with Radar,0,9,52,2,63,0,3,263,0,266,0,12,315,2,329,398,0,398,727
07/24/2021,DWH,TX,ASW,CE,Towers with Radar,0,2,30,2,34,0,3,227,0,230,0,5,257,2,264,442,0,442,706
07/25/2021,DWH,TX,ASW,CE,Towers with Radar,0,9,39,1,49,0,4,178,1,183,0,13,217,2,232,334,0,334,566
07/26/2021,DWH,TX,ASW,CE,Towers with Radar,0,11,50,0,61,0,1,171,0,172,0,12,221,0,233,270,0,270,503
07/27/2021,DWH,TX,ASW,CE,Towers with Radar,0,9,36,0,45,0,5,144,0,149,0,14,180,0,194,161,0,161,355
07/28/2021,DWH,TX,ASW,CE,Towers with Radar,0,13,44,2,59,0,5,206,0,211,0,18,250,2,270,343,0,343,613
07/29/2021,DWH,TX,ASW,CE,Towers with Radar,0,13,55,0,68,0,3,186,0,189,0,16,241,0,257,230,0,230,487
07/30/2021,DWH,TX,ASW,CE,Towers with Radar,0,13,52,1,66,0,3,213,1,217,0,16,265,2,283,270,0,270,553
07/31/2021,DWH,TX,ASW,CE,Towers with Radar,0,7,27,0,34,0,3,168,0,171,0,10,195,0,205,250,0,250,455
08/01/2021,DWH,TX,ASW,CE,Towers with Radar,0,7,42,0,49,0,5,217,0,222,0,12,259,0,271,280,0,280,551
08/02/2021,DWH,TX,ASW,CE,Towers with Radar,0,7,29,0,36,0,1,63,0,64,0,8,92,0,100,270,0,270,370
08/03/2021,DWH,TX,ASW,CE,Towers with Radar,0,1,60,1,62,0,5,102,0,107,0,6,162,1,169,232,0,232,401
08/04/2021,DWH,TX,ASW,CE,Towers with Radar,0,5,44,0,49,0,2,180,0,182,0,7,224,0,231,324,0,324,555
08/05/2021,DWH,TX,ASW,CE,Towers with Radar,0,12,45,0,57,0,4,149,1,154,0,16,194,1,211,282,0,282,493
08/06/2021,DWH,TX,ASW,CE,Towers with Radar,0,2,20,5,27,0,7,163,1,171,0,9,183,6,198,268,0,268,466
08/07/2021,DWH,TX,ASW,CE,Towers with Radar,0,2,42,2,46,0,2,214,2,218,0,4,256,4,264,288,0,288,552
08/08/2021,DWH,TX,ASW,CE,Towers with Radar,0,6,38,0,44,0,2,187,1,190,0,8,225,1,234,260,0,260,494
08/09/2021,DWH,TX,ASW,CE,Towers with Radar,0,11,51,0,62,0,3,130,0,133,0,14,181,0,195,279,0,279,474
08/10/2021,DWH,TX,ASW,CE,Towers with Radar,0,6,42,2,50,0,2,148,0,150,0,8,190,2,200,333,0,333,533
08/11/2021,DWH,TX,ASW,CE,Towers with Radar,0,2,32,0,34,0,7,168,0,175,0,9,200,0,209,370,0,370,579
08/12/2021,DWH,TX,ASW,CE,Towers with Radar,0,3,43,0,46,0,5,151,3,159,0,8,194,3,205,233,0,233,438
08/13/2021,DWH,TX,ASW,CE,Towers with Radar,0,5,31,0,36,0,4,120,0,124,0,9,151,0,160,348,0,348,508
08/14/2021,DWH,TX,ASW,CE,Towers with Radar,1,4,23,0,28,0,0,237,0,237,1,4,260,0,265,484,0,484,749
08/15/2021,DWH,TX,ASW,CE,Towers with Radar,0,6,41,0,47,0,3,149,1,153,0,9,190,1,200,187,0,187,387
08/16/2021,DWH,TX,ASW,CE,Towers with Radar,0,10,48,2,60,0,1,137,2,140,0,11,185,4,200,136,0,136,336
08/17/2021,DWH,TX,ASW,CE,Towers with Radar,0,14,55,2,71,0,3,172,0,175,0,17,227,2,246,245,0,245,491
08/18/2021,DWH,TX,ASW,CE,Towers with Radar,0,4,42,0,46,0,2,72,0,74,0,6,114,0,120,136,0,136,256
08/19/2021,DWH,TX,ASW,CE,Towers with Radar,0,8,71,1,80,0,5,183,3,191,0,13,254,4,271,320,0,320,591
08/20/2021,DWH,TX,ASW,CE,Towers with Radar,0,12,72,3,87,0,7,248,3,258,0,19,320,6,345,280,0,280,625
08/21/2021,DWH,TX,ASW,CE,Towers with Radar,0,5,39,0,44,0,4,212,2,218,0,9,251,2,262,285,0,285,547
08/22/2021,DWH,TX,ASW,CE,Towers with Radar,0,9,51,0,60,0,3,192,0,195,0,12,243,0,255,230,0,230,485
08/23/2021,DWH,TX,ASW,CE,Towers with Radar,0,5,60,0,65,0,3,156,0,159,0,8,216,0,224,184,0,184,408
08/24/2021,DWH,TX,ASW,CE,Towers with Radar,0,3,49,2,54,0,4,199,2,205,0,7,248,4,259,324,0,324,583
08/25/2021,DWH,TX,ASW,CE,Towers with Radar,0,9,43,3,55,0,7,188,0,195,0,16,231,3,250,243,0,243,493
08/26/2021,DWH,TX,ASW,CE,Towers with Radar,0,2,40,0,42,0,6,163,0,169,0,8,203,0,211,170,0,170,381
08/27/2021,DWH,TX,ASW,CE,Towers with Radar,0,6,51,1,58,0,6,128,8,142,0,12,179,9,200,238,0,238,438
08/28/2021,DWH,TX,ASW,CE,Towers with Radar,0,4,38,0,42,0,5,109,2,116,0,9,147,2,158,210,0,210,368
08/29/2021,DWH,TX,ASW,CE,Towers with Radar,0,6,27,0,33,0,2,175,3,180,0,8,202,3,213,204,0,204,417
08/30/2021,DWH,TX,ASW,CE,Towers with Radar,0,7,40,2,49,0,5,219,0,224,0,12,259,2,273,238,0,238,511
08/31/2021,DWH,TX,ASW,CE,Towers with Radar,0,4,59,1,64,0,8,211,3,222,0,12,270,4,286,316,0,316,602
09/01/2021,DWH,TX,ASW,CE,Towers with Radar,0,10,38,0,48,0,5,115,2,122,0,15,153,2,170,218,0,218,388
09/02/2021,DWH,TX,ASW,CE,Towers with Radar,0,7,49,0,56,0,5,143,1,149,0,12,192,1,205,174,0,174,379
09/03/2021,DWH,TX,ASW,CE,Towers with Radar,0,9,56,0,65,0,6,154,0,160,0,15,210,0,225,208,0,208,433
09/04/2021,DWH,TX,ASW,CE,Towers with Radar,0,3,38,0,41,0,6,221,0,227,0,9,259,0,268,330,0,330,598
09/05/2021,DWH,TX,ASW,CE,Towers with Radar,0,6,40,0,46,0,4,203,0,207,0,10,243,0,253,284,0,284,537
09/06/2021,DWH,TX,ASW,CE,Towers with Radar,0,12,67,0,79,0,2,162,0,164,0,14,229,0,243,245,0,245,488
09/07/2021,DWH,TX,ASW,CE,Towers with Radar,0,8,39,6,53,0,5,192,4,201,0,13,231,10,254,259,0,259,513
09/08/2021,DWH,TX,ASW,CE,Towers with Radar,0,3,40,0,43,0,3,220,1,224,0,6,260,1,267,274,0,274,541
09/09/2021,DWH,TX,ASW,CE,Towers with Radar,0,15,47,0,62,0,3,207,0,210,0,18,254,0,272,223,0,223,495
09/10/2021,DWH,TX,ASW,CE,Towers with Radar,0,5,55,2,62,0,2,220,1,223,0,7,275,3,285,253,0,253,538
09/11/2021,DWH,TX,ASW,CE,Towers with Radar,0,8,42,7,57,0,3,261,1,265,0,11,303,8,322,356,0,356,678
09/12/2021,DWH,TX,ASW,CE,Towers with Radar,0,10,37,0,47,0,4,144,0,148,0,14,181,0,195,222,0,222,417
09/13/2021,DWH,TX,ASW,CE,Towers with Radar,0,6,15,0,21,0,1,7,0,8,0,7,22,0,29,0,0,0,29
09/14/2021,DWH,TX,ASW,CE,Towers with Radar,0,1,6,0,7,0,2,5,0,7,0,3,11,0,14,4,0,4,18
09/15/2021,DWH,TX,ASW,CE,Towers with Radar,0,8,47,2,57,0,2,27,1,30,0,10,74,3,87,124,0,124,211
09/16/2021,DWH,TX,ASW,CE,Towers with Radar,0,9,83,6,98,0,3,77,0,80,0,12,160,6,178,208,0,208,386
09/17/2021,DWH,TX,ASW,CE,Towers with Radar,0,10,62,4,76,0,4,207,0,211,0,14,269,4,287,302,2,304,591
09/18/2021,DWH,TX,ASW,CE,Towers with Radar,0,6,34,0,40,0,2,143,0,145,0,8,177,0,185,160,0,160,345
09/19/2021,DWH,TX,ASW,CE,Towers with Radar,0,13,55,0,68,0,3,174,3,180,0,16,229,3,248,339,0,339,587
09/20/2021,DWH,TX,ASW,CE,Towers with Radar,0,4,58,0,62,0,5,152,0,157,0,9,210,0,219,230,0,230,449
09/21/2021,DWH,TX,ASW,CE,Towers with Radar,0,9,85,0,94,0,5,104,2,111,0,14,189,2,205,308,0,308,513
09/22/2021,DWH,TX,ASW,CE,Towers with Radar,0,8,40,0,48,0,3,221,0,224,0,11,261,0,272,326,0,326,598
09/23/2021,DWH,TX,ASW,CE,Towers with Radar,0,9,46,4,59,0,4,263,2,269,0,13,309,6,328,233,0,233,561
09/24/2021,DWH,TX,ASW,CE,Towers with Radar,0,5,64,2,71,0,6,247,2,255,0,11,311,4,326,366,0,366,692
09/25/2021,DWH,TX,ASW,CE,Towers with Radar,0,8,33,1,42,0,1,254,1,256,0,9,287,2,298,326,0,326,624
09/26/2021,DWH,TX,ASW,CE,Towers with Radar,0,8,52,1,61,0,4,257,2,263,0,12,309,3,324,326,2,328,652
09/27/2021,DWH,TX,ASW,CE,Towers with Radar,0,3,63,2,68,0,4,151,0,155,0,7,214,2,223,332,0,332,555
09/28/2021,DWH,TX,ASW,CE,Towers with Radar,0,4,59,1,64,0,2,44,0,46,0,6,103,1,110,130,0,130,240
09/29/2021,DWH,TX,ASW,CE,Towers with Radar,1,4,60,1,66,0,0,105,0,105,1,4,165,1,171,175,0,175,346
09/30/2021,DWH,TX,ASW,CE,Towers with Radar,0,6,72,0,78,0,10,45,0,55,0,16,117,0,133,136,0,136,269
10/01/2021,DWH,TX,ASW,CE,Towers with Radar,0,7,29,0,36,0,2,17,0,19,0,9,46,0,55,62,0,62,117
10/02/2021,DWH,TX,ASW,CE,Towers with Radar,0,14,26,0,40,0,3,49,0,52,0,17,75,0,92,96,0,96,188
10/03/2021,DWH,TX,ASW,CE,Towers with Radar,0,11,56,0,67,0,0,140,0,140,0,11,196,0,207,249,0,249,456
10/04/2021,DWH,TX,ASW,CE,Towers with Radar,0,8,40,0,48,0,4,200,0,204,0,12,240,0,252,215,0,215,467
10/05/2021,DWH,TX,ASW,CE,Towers with Radar,0,6,63,0,69,0,1,245,1,247,0,7,308,1,316,278,0,278,594
10/06/2021,DWH,TX,ASW,CE,Towers with Radar,0,8,46,0,54,0,2,238,0,240,0,10,284,0,294,239,0,239,533
10/07/2021,DWH,TX,ASW,CE,Towers with Radar,0,10,78,1,89,0,1,251,2,254,0,11,329,3,343,190,0,190,533
10/08/2021,DWH,TX,ASW,CE,Towers with Radar,0,14,57,0,71,0,2,224,0,226,0,16,281,0,297,160,0,160,457
10/09/2021,DWH,TX,ASW,CE,Towers with Radar,0,6,36,0,42,0,2,234,0,236,0,8,270,0,278,253,0,253,531
10/10/2021,DWH,TX,ASW,CE,Towers with Radar,0,2,68,0,70,0,4,104,0,108,0,6,172,0,178,181,0,181,359
10/11/2021,DWH,TX,ASW,CE,Towers with Radar,0,12,45,0,57,0,3,193,0,196,0,15,238,0,253,233,0,233,486
10/12/2021,DWH,TX,ASW,CE,Towers with Radar,0,6,71,0,77,0,3,98,0,101,0,9,169,0,178,193,0,193,371
10/13/2021,DWH,TX,ASW,CE,Towers with Radar,1,11,74,0,86,0,6,162,1,169,1,17,236,1,255,140,0,140,395
10/14/2021,DWH,TX,ASW,CE,Towers with Radar,0,5,32,0,37,0,0,27,2,29,0,5,59,2,66,68,0,68,134
10/15/2021,DWH,TX,ASW,CE,Towers with Radar,0,3,56,4,63,0,8,111,0,119,0,11,167,4,182,124,0,124,306
10/16/2021,DWH,TX,ASW,CE,Towers with Radar,0,6,36,0,42,0,5,179,2,186,0,11,215,2,228,178,0,178,406
10/17/2021,DWH,TX,ASW,CE,Towers with Radar,1,6,40,0,47,0,4,274,1,279,1,10,314,1,326,252,0,252,578
10/18/2021,DWH,TX,ASW,CE,Towers with Radar,0,14,51,0,65,0,3,233,0,236,0,17,284,0,301,224,0,224,525
10/19/2021,DWH,TX,ASW,CE,Towers with Radar,0,11,62,4,77,0,4,216,2,222,0,15,278,6,299,289,1,290,589
10/20/2021,DWH,TX,ASW,CE,Towers with Radar,0,8,69,1,78,0,3,176,0,179,0,11,245,1,257,325,0,325,582
10/21/2021,DWH,TX,ASW,CE,Towers with Radar,0,8,65,4,77,0,4,156,2,162,0,12,221,6,239,190,0,190,429
10/22/2021,DWH,TX,ASW,CE,Towers with Radar,0,5,47,4,56,0,0,169,0,169,0,5,216,4,225,272,0,272,497
10/23/2021,DWH,TX,ASW,CE,Towers with Radar,0,3,50,2,55,0,5,92,0,97,0,8,142,2,152,216,0,216,368
10/24/2021,DWH,TX,ASW,CE,Towers with Radar,0,8,50,1,59,0,3,163,0,166,0,11,213,1,225,455,0,455,680
10/25/2021,DWH,TX,ASW,CE,Towers with Radar,0,6,77,2,85,0,3,107,2,112,0,9,184,4,197,342,0,342,539
10/26/2021,DWH,TX,ASW,CE,Towers with Radar,0,6,78,0,84,0,5,83,0,88,0,11,161,0,172,231,0,231,403
10/27/2021,DWH,TX,ASW,CE,Towers with Radar,0,5,24,2,31,0,3,57,0,60,0,8,81,2,91,56,0,56,147
10/28/2021,DWH,TX,ASW,CE,Towers with Radar,0,9,15,1,25,0,3,30,1,34,0,12,45,2,59,14,0,14,73
10/29/2021,DWH,TX,ASW,CE,Towers with Radar,0,1,27,3,31,0,1,85,2,88,0,2,112,5,119,58,0,58,177
10/30/2021,DWH,TX,ASW,CE,Towers with Radar,0,3,35,2,40,0,5,258,0,263,0,8,293,2,303,380,0,380,683
10/31/2021,DWH,TX,ASW,CE,Towers with Radar,0,5,43,4,52,0,4,187,0,191,0,9,230,4,243,241,0,241,484
11/01/2021,DWH,TX,ASW,CE,Towers with Radar,0,8,68,0,76,0,5,224,2,231,0,13,292,2,307,198,0,198,505
11/02/2021,DWH,TX,ASW,CE,Towers with Radar,0,3,76,0,79,0,1,160,0,161,0,4,236,0,240,462,0,462,702
11/03/2021,DWH,TX,ASW,CE,Towers with Radar,0,4,39,1,44,0,1,26,0,27,0,5,65,1,71,121,0,121,192
11/04/2021,DWH,TX,ASW,CE,Towers with Radar,0,8,86,0,94,0,0,28,0,28,0,8,114,0,122,140,0,140,262
11/05/2021,DWH,TX,ASW,CE,Towers with Radar,0,5,53,0,58,0,0,285,0,285,0,5,338,0,343,285,0,285,628
11/06/2021,DWH,TX,ASW,CE,Towers with Radar,0,5,34,3,42,0,2,268,3,273,0,7,302,6,315,222,0,222,537
11/07/2021,DWH,TX,ASW,CE,Towers with Radar,0,5,56,0,61,0,1,182,0,183,0,6,238,0,244,163,0,163,407
11/08/2021,DWH,TX,ASW,CE,Towers with Radar,1,16,83,1,101,0,4,219,1,224,1,20,302,2,325,216,0,216,541
11/09/2021,DWH,TX,ASW,CE,Towers with Radar,0,6,77,4,87,0,4,187,0,191,0,10,264,4,278,319,0,319,597
11/10/2021,DWH,TX,ASW,CE,Towers with Radar,0,9,52,0,61,0,1,116,2,119,0,10,168,2,180,218,0,218,398
11/11/2021,DWH,TX,ASW,CE,Towers with Radar,0,8,77,0,85,0,0,139,2,141,0,8,216,2,226,160,0,160,386
11/12/2021,DWH,TX,ASW,CE,Towers with Radar,0,8,41,0,49,0,7,220,3,230,0,15,261,3,279,246,0,246,525
11/13/2021,DWH,TX,ASW,CE,Towers with Radar,0,7,36,2,45,0,4,265,0,269,0,11,301,2,314,257,0,257,571
11/14/2021,DWH,TX,ASW,CE,Towers with Radar,0,8,41,0,49,0,1,215,3,219,0,9,256,3,268,170,0,170,438
11/15/2021,DWH,TX,ASW,CE,Towers with Radar,0,7,49,0,56,0,5,205,0,210,0,12,254,0,266,194,0,194,460
11/16/2021,DWH,TX,ASW,CE,Towers with Radar,0,4,57,0,61,0,2,159,1,162,0,6,216,1,223,210,0,210,433
11/17/2021,DWH,TX,ASW,CE,Towers with Radar,0,7,68,0,75,0,5,171,1,177,0,12,239,1,252,228,0,228,480
11/18/2021,DWH,TX,ASW,CE,Towers with Radar,0,12,48,0,60,0,1,138,0,139,0,13,186,0,199,135,0,135,334
11/19/2021,DWH,TX,ASW,CE,Towers with Radar,0,13,44,0,57,0,1,230,2,233,0,14,274,2,290,268,0,268,558
11/20/2021,DWH,TX,ASW,CE,Towers with Radar,0,6,52,4,62,0,1,187,1,189,0,7,239,5,251,298,0,298,549
11/21/2021,DWH,TX,ASW,CE,Towers with Radar,0,11,57,0,68,0,2,60,0,62,0,13,117,0,130,231,0,231,361
11/22/2021,DWH,TX,ASW,CE,Towers with Radar,0,8,52,8,68,0,6,194,0,200,0,14,246,8,268,170,0,170,438
11/23/2021,DWH,TX,ASW,CE,Towers with Radar,0,12,57,1,70,0,1,221,1,223,0,13,278,2,293,236,0,236,529
11/24/2021,DWH,TX,ASW,CE,Towers with Radar,0,4,65,0,69,0,5,131,0,136,0,9,196,0,205,186,0,186,391
11/25/2021,DWH,TX,ASW,CE,Towers with Radar,0,1,14,0,15,0,0,3,0,3,0,1,17,0,18,4,0,4,22
11/26/2021,DWH,TX,ASW,CE,Towers with Radar,0,12,37,0,49,0,2,193,0,195,0,14,230,0,244,208,0,208,452
11/27/2021,DWH,TX,ASW,CE,Towers with Radar,0,7,21,0,28,0,3,56,0,59,0,10,77,0,87,176,0,176,263
11/28/2021,DWH,TX,ASW,CE,Towers with Radar,0,13,112,0,125,0,0,35,0,35,0,13,147,0,160,16,0,16,176
11/29/2021,DWH,TX,ASW,CE,Towers with Radar,0,8,49,1,58,0,6,205,1,212,0,14,254,2,270,248,0,248,518
11/30/2021,DWH,TX,ASW,CE,Towers with Radar,0,10,49,0,59,0,2,140,0,142,0,12,189,0,201,235,0,235,436
12/01/2021,DWH,TX,ASW,CE,Towers with Radar,0,6,50,0,56,0,1,165,0,166,0,7,215,0,222,162,0,162,384
12/02/2021,DWH,TX,ASW,CE,Towers with Radar,0,12,70,0,82,0,2,105,0,107,0,14,175,0,189,202,0,202,391
12/03/2021,DWH,TX,ASW,CE,Towers with Radar,0,4,75,1,80,0,2,104,2,108,0,6,179,3,188,228,0,228,416
12/04/2021,DWH,TX,ASW,CE,Towers with Radar,0,9,47,0,56,0,0,90,1,91,0,9,137,1,147,108,0,108,255
12/05/2021,DWH,TX,ASW,CE,Towers with Radar,0,7,70,1,78,0,4,77,4,85,0,11,147,5,163,216,0,216,379
12/06/2021,DWH,TX,ASW,CE,Towers with Radar,1,4,32,1,38,0,4,42,3,49,1,8,74,4,87,48,0,48,135
12/07/2021,DWH,TX,ASW,CE,Towers with Radar,0,6,71,1,78,0,9,114,3,126,0,15,185,4,204,286,0,286,490
12/08/2021,DWH,TX,ASW,CE,Towers with Radar,0,16,104,0,120,0,1,25,0,26,0,17,129,0,146,14,0,14,160
12/09/2021,DWH,TX,ASW,CE,Towers with Radar,0,6,61,0,67,0,5,59,0,64,0,11,120,0,131,38,0,38,169
12/10/2021,DWH,TX,ASW,CE,Towers with Radar,0,13,41,2,56,0,4,42,2,48,0,17,83,4,104,40,0,40,144
12/11/2021,DWH,TX,ASW,CE,Towers with Radar,0,1,26,0,27,0,2,70,0,72,0,3,96,0,99,100,0,100,199
12/12/2021,DWH,TX,ASW,CE,Towers with Radar,0,7,31,1,39,0,4,270,2,276,0,11,301,3,315,199,0,199,514
12/13/2021,DWH,TX,ASW,CE,Towers with Radar,0,7,70,2,79,0,1,45,0,46,0,8,115,2,125,69,0,69,194
12/14/2021,DWH,TX,ASW,CE,Towers with Radar,0,11,69,0,80,0,0,69,0,69,0,11,138,0,149,214,0,214,363
12/15/2021,DWH,TX,ASW,CE,Towers with Radar,0,4,57,0,61,0,1,99,0,100,0,5,156,0,161,232,0,232,393
12/16/2021,DWH,TX,ASW,CE,Towers with Radar,0,9,80,0,89,0,7,122,1,130,0,16,202,1,219,260,0,260,479
12/17/2021,DWH,TX,ASW,CE,Towers with Radar,0,5,83,2,90,0,2,104,0,106,0,7,187,2,196,152,0,152,348
12/18/2021,DWH,TX,ASW,CE,Towers with Radar,0,3,17,0,20,0,2,1,0,3,0,5,18,0,23,0,0,0,23
12/19/2021,DWH,TX,ASW,CE,Towers with Radar,0,7,51,2,60,0,2,173,0,175,0,9,224,2,235,163,0,163,398
12/20/2021,DWH,TX,ASW,CE,Towers with Radar,0,3,33,0,36,0,1,153,0,154,0,4,186,0,190,245,0,245,435
12/21/2021,DWH,TX,ASW,CE,Towers with Radar,0,1,51,2,54,0,3,236,0,239,0,4,287,2,293,208,0,208,501
12/22/2021,DWH,TX,ASW,CE,Towers with Radar,0,15,50,6,71,0,3,217,0,220,0,18,267,6,291,215,0,215,506
12/23/2021,DWH,TX,ASW,CE,Towers with Radar,0,10,56,0,66,0,6,131,1,138,0,16,187,1,204,106,0,106,310
12/24/2021,DWH,TX,ASW,CE,Towers with Radar,0,2,34,1,37,0,4,53,0,57,0,6,87,1,94,98,0,98,192
12/25/2021,DWH,TX,ASW,CE,Towers with Radar,0,7,12,0,19,0,3,17,0,20,0,10,29,0,39,6,0,6,45
12/26/2021,DWH,TX,ASW,CE,Towers with Radar,0,5,42,0,47,0,4,49,2,55,0,9,91,2,102,37,0,37,139
12/27/2021,DWH,TX,ASW,CE,Towers with Radar,0,7,46,2,55,0,5,105,0,110,0,12,151,2,165,162,0,162,327
12/28/2021,DWH,TX,ASW,CE,Towers with Radar,0,6,44,4,54,0,3,73,0,76,0,9,117,4,130,54,0,54,184
12/29/2021,DWH,TX,ASW,CE,Towers with Radar,0,13,41,2,56,0,1,105,0,106,0,14,146,2,162,282,0,282,444
12/30/2021,DWH,TX,ASW,CE,Towers with Radar,0,16,57,0,73,0,4,119,0,123,0,20,176,0,196,148,0,148,344
12/31/2021,DWH,TX,ASW,CE,Towers with Radar,0,3,39,0,42,0,5,46,0,51,0,8,85,0,93,98,0,98,191
01/01/2022,DWH,TX,ASW,CE,Towers with Radar,0,3,21,0,24,0,7,46,0,53,0,10,67,0,77,44,0,44,121
01/02/2022,DWH,TX,ASW,CE,Towers with Radar,0,5,18,0,23,0,3,31,0,34,0,8,49,0,57,18,0,18,75
01/03/2022,DWH,TX,ASW,CE,Towers with Radar,0,7,23,0,30,0,2,195,0,197,0,9,218,0,227,146,0,146,373
01/04/2022,DWH,TX,ASW,CE,Towers with Radar,0,4,37,0,41,0,3,174,0,177,0,7,211,0,218,202,0,202,420
01/05/2022,DWH,TX,ASW,CE,Towers with Radar,0,8,46,3,57,0,1,201,0,202,0,9,247,3,259,200,0,200,459
01/06/2022,DWH,TX,ASW,CE,Towers with Radar,0,5,49,2,56,0,2,132,0,134,0,7,181,2,190,133,0,133,323
01/07/2022,DWH,TX,ASW,CE,Towers with Radar,0,2,43,0,45,0,4,98,0,102,0,6,141,0,147,274,0,274,421
01/08/2022,DWH,TX,ASW,CE,Towers with Radar,0,1,10,0,11,0,0,0,0,0,0,1,10,0,11,4,0,4,15
01/09/2022,DWH,TX,ASW,CE,Towers with Radar,0,4,50,0,54,0,2,35,0,37,0,6,85,0,91,26,0,26,117
01/10/2022,DWH,TX,ASW,CE,Towers with Radar,0,4,32,0,36,0,3,174,0,177,0,7,206,0,213,187,0,187,400
01/11/2022,DWH,TX,ASW,CE,Towers with Radar,0,4,36,0,40,0,0,190,1,191,0,4,226,1,231,339,0,339,570
01/12/2022,DWH,TX,ASW,CE,Towers with Radar,0,9,44,0,53,0,6,182,0,188,0,15,226,0,241,288,0,288,529
01/13/2022,DWH,TX,ASW,CE,Towers with Radar,0,3,44,0,47,0,6,235,3,244,0,9,279,3,291,265,0,265,556
01/14/2022,DWH,TX,ASW,CE,Towers with Radar,0,7,44,1,52,0,8,237,2,247,0,15,281,3,299,244,0,244,543
01/15/2022,DWH,TX,ASW,CE,Towers with Radar,0,5,10,0,15,0,3,10,0,13,0,8,20,0,28,6,0,6,34
01/16/2022,DWH,TX,ASW,CE,Towers with Radar,0,10,45,0,55,0,4,226,0,230,0,14,271,0,285,181,0,181,466
01/17/2022,DWH,TX,ASW,CE,Towers with Radar,0,10,48,2,60,0,5,231,0,236,0,15,279,2,296,313,0,313,609
01/18/2022,DWH,TX,ASW,CE,Towers with Radar,0,4,44,0,48,0,2,178,0,180,0,6,222,0,228,201,0,201,429
01/19/2022,DWH,TX,ASW,CE,Towers with Radar,0,7,44,0,51,0,2,35,0,37,0,9,79,0,88,122,0,122,210
01/20/2022,DWH,TX,ASW,CE,Towers with Radar,0,6,17,2,25,0,4,29,1,34,0,10,46,3,59,71,4,75,134
01/21/2022,DWH,TX,ASW,CE,Towers with Radar,0,11,34,5,50,0,1,182,0,183,0,12,216,5,233,302,0,302,535
01/22/2022,DWH,TX,ASW,CE,Towers with Radar,0,6,27,7,40,0,1,261,2,264,0,7,288,9,304,364,0,364,668
01/23/2022,DWH,TX,ASW,CE,Towers with Radar,0,5,45,2,52,0,1,214,2,217,0,6,259,4,269,239,0,239,508
01/24/2022,DWH,TX,ASW,CE,Towers with Radar,0,3,27,0,30,0,1,1,0,2,0,4,28,0,32,0,0,0,32
01/25/2022,DWH,TX,ASW,CE,Towers with Radar,0,6,57,2,65,0,1,56,0,57,0,7,113,2,122,266,0,266,388
01/26/2022,DWH,TX,ASW,CE,Towers with Radar,0,1,54,0,55,0,4,226,2,232,0,5,280,2,287,232,0,232,519
01/27/2022,DWH,TX,ASW,CE,Towers with Radar,0,5,55,0,60,0,5,246,1,252,0,10,301,1,312,366,0,366,678
01/28/2022,DWH,TX,ASW,CE,Towers with Radar,0,5,53,2,60,0,1,200,0,201,0,6,253,2,261,154,0,154,415
01/29/2022,DWH,TX,ASW,CE,Towers with Radar,0,3,20,0,23,0,2,232,0,234,0,5,252,0,257,226,0,226,483
01/30/2022,DWH,TX,ASW,CE,Towers with Radar,0,5,60,2,67,0,3,241,0,244,0,8,301,2,311,280,0,280,591
01/31/2022,DWH,TX,ASW,CE,Towers with Radar,0,2,26,1,29,0,0,10,0,10,0,2,36,1,39,40,0,40,79
02/01/2022,DWH,TX,ASW,CE,Towers with Radar,0,1,71,2,74,0,0,51,1,52,0,1,122,3,126,144,0,144,270
02/02/2022,DWH,TX,ASW,CE,Towers with Radar,0,5,28,0,33,0,0,17,0,17,0,5,45,0,50,106,0,106,156
02/03/2022,DWH,TX,ASW,CE,Towers with Radar,0,6,14,0,20,0,0,7,0,7,0,6,21,0,27,0,0,0,27
02/04/2022,DWH,TX,ASW,CE,Towers with Radar,0,7,26,2,35,0,2,27,1,30,0,9,53,3,65,16,0,16,81
02/05/2022,DWH,TX,ASW,CE,Towers with Radar,0,2,27,0,29,0,5,252,1,258,0,7,279,1,287,230,0,230,517
02/06/2022,DWH,TX,ASW,CE,Towers with Radar,0,2,37,2,41,0,5,236,3,244,0,7,273,5,285,258,0,258,543
02/07/2022,DWH,TX,ASW,CE,Towers with Radar,0,1,42,1,44,0,2,245,1,248,0,3,287,2,292,230,0,230,522
02/08/2022,DWH,TX,ASW,CE,Towers with Radar,0,2,48,1,51,0,2,213,5,220,0,4,261,6,271,273,0,273,544
02/09/2022,DWH,TX,ASW,CE,Towers with Radar,0,13,58,0,71,0,4,220,6,230,0,17,278,6,301,282,0,282,583
02/10/2022,DWH,TX,ASW,CE,Towers with Radar,0,9,69,3,81,0,4,224,1,229,0,13,293,4,310,328,0,328,638
02/11/2022,DWH,TX,ASW,CE,Towers with Radar,0,5,44,3,52,0,3,249,2,254,0,8,293,5,306,254,0,254,560
02/12/2022,DWH,TX,ASW,CE,Towers with Radar,0,1,34,0,35,0,0,5,0,5,0,1,39,0,40,6,0,6,46
02/13/2022,DWH,TX,ASW,CE,Towers with Radar,0,3,45,1,49,0,0,204,0,204,0,3,249,1,253,305,0,305,558
02/14/2022,DWH,TX,ASW,CE,Towers with Radar,0,1,45,0,46,0,3,193,2,198,0,4,238,2,244,199,0,199,443
02/15/2022,DWH,TX,ASW,CE,Towers with Radar,0,1,30,0,31,0,5,174,0,179,0,6,204,0,210,182,0,182,392
02/16/2022,DWH,TX,ASW,CE,Towers with Radar,0,6,36,2,44,0,1,47,0,48,0,7,83,2,92,73,0,73,165
02/17/2022,DWH,TX,ASW,CE,Towers with Radar,1,6,32,2,41,0,0,37,0,37,1,6,69,2,78,52,0,52,130
02/18/2022,DWH,TX,ASW,CE,Towers with Radar,0,3,58,0,61,0,2,224,0,226,0,5,282,0,287,234,0,234,521
02/19/2022,DWH,TX,ASW,CE,Towers with Radar,0,4,38,0,42,0,5,273,0,278,0,9,311,0,320,256,0,256,576
02/20/2022,DWH,TX,ASW,CE,Towers with Radar,0,5,46,0,51,0,2,161,3,166,0,7,207,3,217,287,0,287,504
02/21/2022,DWH,TX,ASW,CE,Towers with Radar,0,4,39,0,43,0,3,24,0,27,0,7,63,0,70,23,0,23,93
02/22/2022,DWH,TX,ASW,CE,Towers with Radar,0,2,77,3,82,0,4,80,0,84,0,6,157,3,166,251,0,251,417
02/23/2022,DWH,TX,ASW,CE,Towers with Radar,0,5,25,2,32,0,0,14,0,14,0,5,39,2,46,40,0,40,86
02/24/2022,DWH,TX,ASW,CE,Towers with Radar,0,5,25,3,33,0,0,0,0,0,0,5,25,3,33,0,0,0,33
02/25/2022,DWH,TX,ASW,CE,Towers with Radar,0,5,25,4,34,0,5,64,0,69,0,10,89,4,103,169,0,169,272
02/26/2022,DWH,TX,ASW,CE,Towers with Radar,0,1,20,2,23,0,0,0,0,0,0,1,20,2,23,0,0,0,23
02/27/2022,DWH,TX,ASW,CE,Towers with Radar,0,3,52,2,57,0,2,144,0,146,0,5,196,2,203,162,0,162,365
02/28/2022,DWH,TX,ASW,CE,Towers with Radar,0,12,54,0,66,0,4,283,1,288,0,16,337,1,354,244,0,244,598
03/01/2022,DWH,TX,ASW,CE,Towers with Radar,0,6,34,2,42,0,2,245,5,252,0,8,279,7,294,248,0,248,542
03/02/2022,DWH,TX,ASW,CE,Towers with Radar,0,0,53,0,53,0,2,269,1,272,0,2,322,1,325,193,0,193,518
03/03/2022,DWH,TX,ASW,CE,Towers with Radar,0,6,55,3,64,0,2,287,0,289,0,8,342,3,353,240,0,240,593
03/04/2022,DWH,TX,ASW,CE,Towers with Radar,0,3,56,0,59,0,4,110,0,114,0,7,166,0,173,254,0,254,427
03/05/2022,DWH,TX,ASW,CE,Towers with Radar,0,1,43,0,44,0,6,64,2,72,0,7,107,2,116,158,0,158,274
03/06/2022,DWH,TX,ASW,CE,Towers with Radar,0,6,58,0,64,0,2,61,0,63,0,8,119,0,127,103,0,103,230
03/07/2022,DWH,TX,ASW,CE,Towers with Radar,1,6,44,2,53,0,2,62,1,65,1,8,106,3,118,66,2,68,186
03/08/2022,DWH,TX,ASW,CE,Towers with Radar,0,6,25,0,31,0,0,2,0,2,0,6,27,0,33,0,0,0,33
03/09/2022,DWH,TX,ASW,CE,Towers with Radar,0,10,49,0,59,0,5,215,0,220,0,15,264,0,279,262,0,262,541
03/10/2022,DWH,TX,ASW,CE,Towers with Radar,0,5,48,1,54,0,5,277,2,284,0,10,325,3,338,289,0,289,627
03/11/2022,DWH,TX,ASW,CE,Towers with Radar,0,6,27,0,33,0,6,22,0,28,0,12,49,0,61,70,0,70,131
03/12/2022,DWH,TX,ASW,CE,Towers with Radar,0,13,44,0,57,0,1,220,3,224,0,14,264,3,281,254,0,254,535
03/13/2022,DWH,TX,ASW,CE,Towers with Radar,1,2,25,1,29,0,4,228,1,233,1,6,253,2,262,244,0,244,506
03/14/2022,DWH,TX,ASW,CE,Towers with Radar,0,3,49,3,55,0,2,112,0,114,0,5,161,3,169,128,0,128,297
03/15/2022,DWH,TX,ASW,CE,Towers with Radar,0,5,50,3,58,0,3,202,2,207,0,8,252,5,265,196,0,196,461
03/16/2022,DWH,TX,ASW,CE,Towers with Radar,0,7,41,2,50,0,1,305,2,308,0,8,346,4,358,367,0,367,725
03/17/2022,DWH,TX,ASW,CE,Towers with Radar,0,8,38,2,48,0,2,86,0,88,0,10,124,2,136,86,0,86,222
03/18/2022,DWH,TX,ASW,CE,Towers with Radar,0,5,35,2,42,0,4,133,1,138,0,9,168,3,180,169,0,169,349
03/19/2022,DWH,TX,ASW,CE,Towers with Radar,0,8,33,0,41,0,4,262,1,267,0,12,295,1,308,218,0,218,526
03/20/2022,DWH,TX,ASW,CE,Towers with Radar,0,9,30,0,39,0,4,181,0,185,0,13,211,0,224,156,0,156,380
03/21/2022,DWH,TX,ASW,CE,Towers with Radar,0,9,10,0,19,0,3,0,0,3,0,12,10,0,22,2,0,2,24
03/22/2022,DWH,TX,ASW,CE,Towers with Radar,0,6,25,0,31,0,3,95,0,98,0,9,120,0,129,113,0,113,242
03/23/2022,DWH,TX,ASW,CE,Towers with Radar,0,9,60,3,72,0,1,195,1,197,0,10,255,4,269,144,0,144,413
03/24/2022,DWH,TX,ASW,CE,Towers with Radar,0,11,36,10,57,0,3,175,2,180,0,14,211,12,237,217,0,217,454
03/25/2022,DWH,TX,ASW,CE,Towers with Radar,0,6,44,0,50,0,3,247,2,252,0,9,291,2,302,438,0,438,740
03/26/2022,DWH,TX,ASW,CE,Towers with Radar,0,3,38,1,42,0,4,291,3,298,0,7,329,4,340,262,0,262,602
03/27/2022,DWH,TX,ASW,CE,Towers with Radar,0,6,52,1,59,0,4,198,0,202,0,10,250,1,261,204,0,204,465
03/28/2022,DWH,TX,ASW,CE,Towers with Radar,0,13,53,0,66,0,2,173,2,177,0,15,226,2,243,184,0,184,427
03/29/2022,DWH,TX,ASW,CE,Towers with Radar,0,4,53,0,57,0,3,50,2,55,0,7,103,2,112,56,0,56,168
03/30/2022,DWH,TX,ASW,CE,Towers with Radar,0,8,33,1,42,0,0,72,3,75,0,8,105,4,117,70,0,70,187
03/31/2022,DWH,TX,ASW,CE,Towers with Radar,0,8,50,1,59,0,2,263,3,268,0,10,313,4,327,382,0,382,709
04/01/2022,DWH,TX,ASW,CE,Towers with Radar,0,8,40,2,50,0,3,221,4,228,0,11,261,6,278,250,0,250,528
04/02/2022,DWH,TX,ASW,CE,Towers with Radar,0,7,43,0,50,0,5,195,0,200,0,12,238,0,250,463,0,463,713
04/03/2022,DWH,TX,ASW,CE,Towers with Radar,0,6,44,1,51,0,0,166,2,168,0,6,210,3,219,202,0,202,421
04/04/2022,DWH,TX,ASW,CE,Towers with Radar,0,7,46,2,55,0,2,21,0,23,0,9,67,2,78,76,0,76,154
04/05/2022,DWH,TX,ASW,CE,Towers with Radar,0,6,53,1,60,0,2,139,0,141,0,8,192,1,201,204,0,204,405
04/06/2022,DWH,TX,ASW,CE,Towers with Radar,0,6,50,0,56,0,2,119,1,122,0,8,169,1,178,148,0,148,326
04/07/2022,DWH,TX,ASW,CE,Towers with Radar,0,9,42,2,53,0,3,167,0,170,0,12,209,2,223,162,0,162,385
04/08/2022,DWH,TX,ASW,CE,Towers with Radar,0,4,36,0,40,0,2,127,0,129,0,6,163,0,169,156,0,156,325
04/09/2022,DWH,TX,ASW,CE,Towers with Radar,0,3,33,2,38,0,0,180,0,180,0,3,213,2,218,184,0,184,402
04/10/2022,DWH,TX,ASW,CE,Towers with Radar,0,10,24,0,34,0,6,49,0,55,0,16,73,0,89,78,0,78,167
04/11/2022,DWH,TX,ASW,CE,Towers with Radar,0,5,52,0,57,0,1,81,0,82,0,6,133,0,139,107,0,107,246
04/12/2022,DWH,TX,ASW,CE,Towers with Radar,0,6,74,0,80,0,2,28,1,31,0,8,102,1,111,157,0,157,268
04/13/2022,DWH,TX,ASW,CE,Towers with Radar,0,7,54,0,61,0,1,47,2,50,0,8,101,2,111,168,0,168,279
04/14/2022,DWH,TX,ASW,CE,Towers with Radar,0,7,48,4,59,0,5,312,2,319,0,12,360,6,378,304,0,304,682
04/15/2022,DWH,TX,ASW,CE,Towers with Radar,0,4,41,0,45,0,3,17,0,20,0,7,58,0,65,98,0,98,163
04/16/2022,DWH,TX,ASW,CE,Towers with Radar,0,2,63,0,65,0,5,80,0,85,0,7,143,0,150,256,0,256,406
04/17/2022,DWH,TX,ASW,CE,Towers with Radar,0,6,41,1,48,0,0,71,0,71,0,6,112,1,119,193,0,193,312
04/18/2022,DWH,TX,ASW,CE,Towers with Radar,0,2,61,5,68,0,3,204,0,207,0,5,265,5,275,158,0,158,433
04/19/2022,DWH,TX,ASW,CE,Towers with Radar,0,3,32,1,36,0,4,159,2,165,0,7,191,3,201,92,0,92,293
04/20/2022,DWH,TX,ASW,CE,Towers with Radar,0,4,48,1,53,0,5,57,0,62,0,9,105,1,115,180,0,180,295
04/21/2022,DWH,TX,ASW,CE,Towers with Radar,0,7,75,1,83,0,1,113,0,114,0,8,188,1,197,247,0,247,444
04/22/2022,DWH,TX,ASW,CE,Towers with Radar,0,9,55,0,64,0,6,153,0,159,0,15,208,0,223,232,0,232,455
04/23/2022,DWH,TX,ASW,CE,Towers with Radar,0,8,42,0,50,0,4,131,0,135,0,12,173,0,185,156,0,156,341
04/24/2022,DWH,TX,ASW,CE,Towers with Radar,0,8,67,0,75,0,3,118,1,122,0,11,185,1,197,236,0,236,433
04/25/2022,DWH,TX,ASW,CE,Towers with Radar,0,5,12,0,17,0,1,13,0,14,0,6,25,0,31,122,0,122,153
04/26/2022,DWH,TX,ASW,CE,Towers with Radar,0,6,54,0,60,0,5,177,0,182,0,11,231,0,242,200,0,200,442
04/27/2022,DWH,TX,ASW,CE,Towers with Radar,0,11,50,0,61,0,3,271,2,276,0,14,321,2,337,277,0,277,614
04/28/2022,DWH,TX,ASW,CE,Towers with Radar,0,6,70,0,76,0,5,208,0,213,0,11,278,0,289,423,0,423,712
04/29/2022,DWH,TX,ASW,CE,Towers with Radar,0,8,52,0,60,0,3,185,0,188,0,11,237,0,248,338,0,338,586
04/30/2022,DWH,TX,ASW,CE,Towers with Radar,0,2,55,0,57,0,1,172,4,177,0,3,227,4,234,476,0,476,710
05/01/2022,DWH,TX,ASW,CE,Towers with Radar,0,8,38,1,47,0,7,90,1,98,0,15,128,2,145,205,0,205,350
05/02/2022,DWH,TX,ASW,CE,Towers with Radar,0,7,61,0,68,0,2,121,3,126,0,9,182,3,194,134,0,134,328
05/03/2022,DWH,TX,ASW,CE,Towers with Radar,0,11,50,2,63,0,3,156,0,159,0,14,206,2,222,270,0,270,492
05/04/2022,DWH,TX,ASW,CE,Towers with Radar,0,10,57,1,68,0,3,130,0,133,0,13,187,1,201,118,0,118,319
05/05/2022,DWH,TX,ASW,CE,Towers with Radar,0,6,40,1,47,0,4,34,0,38,0,10,74,1,85,72,0,72,157
05/06/2022,DWH,TX,ASW,CE,Towers with Radar,0,2,51,1,54,0,1,303,0,304,0,3,354,1,358,359,0,359,717
05/07/2022,DWH,TX,ASW,CE,Towers with Radar,0,6,62,1,69,0,6,150,0,156,0,12,212,1,225,402,0,402,627
05/08/2022,DWH,TX,ASW,CE,Towers with Radar,0,5,39,2,46,0,3,167,2,172,0,8,206,4,218,243,0,243,461
05/09/2022,DWH,TX,ASW,CE,Towers with Radar,0,10,58,2,70,0,6,150,0,156,0,16,208,2,226,163,0,163,389
05/10/2022,DWH,TX,ASW,CE,Towers with Radar,0,5,48,2,55,0,3,255,1,259,0,8,303,3,314,203,0,203,517
05/11/2022,DWH,TX,ASW,CE,Towers with Radar,0,4,60,3,67,0,2,201,0,203,0,6,261,3,270,212,0,212,482
05/12/2022,DWH,TX,ASW,CE,Towers with Radar,0,9,55,0,64,0,2,199,2,203,0,11,254,2,267,273,0,273,540
05/13/2022,DWH,TX,ASW,CE,Towers with Radar,0,11,40,0,51,0,3,200,0,203,0,14,240,0,254,296,0,296,550
05/14/2022,DWH,TX,ASW,CE,Towers with Radar,0,4,41,0,45,0,3,223,1,227,0,7,264,1,272,275,0,275,547
05/15/2022,DWH,TX,ASW,CE,Towers with Radar,0,10,43,5,58,0,3,183,3,189,0,13,226,8,247,214,0,214,461
05/16/2022,DWH,TX,ASW,CE,Towers with Radar,0,6,32,1,39,0,2,161,1,164,0,8,193,2,203,222,0,222,425
05/17/2022,DWH,TX,ASW,CE,Towers with Radar,1,7,52,0,60,0,2,175,1,178,1,9,227,1,238,228,0,228,466
05/18/2022,DWH,TX,ASW,CE,Towers with Radar,0,4,40,2,46,0,2,187,1,190,0,6,227,3,236,208,0,208,444
05/19/2022,DWH,TX,ASW,CE,Towers with Radar,0,11,55,2,68,0,2,247,1,250,0,13,302,3,318,180,0,180,498
05/20/2022,DWH,TX,ASW,CE,Towers with Radar,0,6,63,4,73,0,5,109,0,114,0,11,172,4,187,166,0,166,353
05/21/2022,DWH,TX,ASW,CE,Towers with Radar,0,2,47,1,50,0,5,148,2,155,0,7,195,3,205,224,0,224,429
05/22/2022,DWH,TX,ASW,CE,Towers with Radar,0,7,15,0,22,0,1,8,0,9,0,8,23,0,31,8,0,8,39
05/23/2022,DWH,TX,ASW,CE,Towers with Radar,1,8,69,0,78,0,0,91,0,91,1,8,160,0,169,249,0,249,418
05/24/2022,DWH,TX,ASW,CE,Towers with Radar,0,1,17,0,18,0,7,27,0,34,0,8,44,0,52,62,0,62,114
05/25/2022,DWH,TX,ASW,CE,Towers with Radar,0,5,50,4,59,0,4,125,1,130,0,9,175,5,189,188,0,188,377
05/26/2022,DWH,TX,ASW,CE,Towers with Radar,0,5,45,0,50,0,4,266,2,272,0,9,311,2,322,223,0,223,545
05/27/2022,DWH,TX,ASW,CE,Towers with Radar,0,5,42,0,47,0,4,220,0,224,0,9,262,0,271,244,0,244,515
05/28/2022,DWH,TX,ASW,CE,Towers with Radar,0,2,27,0,29,0,3,222,0,225,0,5,249,0,254,358,0,358,612
05/29/2022,DWH,TX,ASW,CE,Towers with Radar,0,1,45,0,46,0,5,162,0,167,0,6,207,0,213,173,0,173,386
05/30/2022,DWH,TX,ASW,CE,Towers with Radar,1,3,38,0,42,0,5,123,0,128,1,8,161,0,170,66,0,66,236
05/31/2022,DWH,TX,ASW,CE,Towers with Radar,0,3,45,0,48,0,5,165,0,170,0,8,210,0,218,184,0,184,402
06/01/2022,DWH,TX,ASW,CE,Towers with Radar,0,7,46,2,55,0,5,147,0,152,0,12,193,2,207,352,0,352,559
06/02/2022,DWH,TX,ASW,CE,Towers with Radar,0,7,55,5,67,0,1,176,2,179,0,8,231,7,246,370,0,370,616
06/03/2022,DWH,TX,ASW,CE,Towers with Radar,0,8,28,1,37,0,2,214,0,216,0,10,242,1,253,255,0,255,508
06/04/2022,DWH,TX,ASW,CE,Towers with Radar,0,4,29,0,33,0,0,178,0,178,0,4,207,0,211,330,0,330,541
06/05/2022,DWH,TX,ASW,CE,Towers with Radar,0,17,41,0,58,0,4,187,0,191,0,21,228,0,249,272,0,272,521
06/06/2022,DWH,TX,ASW,CE,Towers with Radar,0,5,54,0,59,0,4,179,0,183,0,9,233,0,242,255,0,255,497
06/07/2022,DWH,TX,ASW,CE,Towers with Radar,0,4,33,0,37,0,1,197,1,199,0,5,230,1,236,382,0,382,618
06/08/2022,DWH,TX,ASW,CE,Towers with Radar,0,5,60,0,65,0,2,192,1,195,0,7,252,1,260,253,0,253,513
06/09/2022,DWH,TX,ASW,CE,Towers with Radar,0,9,50,0,59,0,2,212,2,216,0,11,262,2,275,226,0,226,501
06/10/2022,DWH,TX,ASW,CE,Towers with Radar,0,3,34,0,37,0,1,161,0,162,0,4,195,0,199,169,0,169,368
06/11/2022,DWH,TX,ASW,CE,Towers with Radar,0,4,29,0,33,0,1,176,1,178,0,5,205,1,211,194,0,194,405
06/12/2022,DWH,TX,ASW,CE,Towers with Radar,0,10,44,0,54,0,4,139,0,143,0,14,183,0,197,263,0,263,460
06/13/2022,DWH,TX,ASW,CE,Towers with Radar,0,6,47,0,53,0,5,156,0,161,0,11,203,0,214,210,0,210,424
06/14/2022,DWH,TX,ASW,CE,Towers with Radar,0,7,44,4,55,0,3,154,4,161,0,10,198,8,216,182,0,182,398
06/15/2022,DWH,TX,ASW,CE,Towers with Radar,0,7,64,4,75,0,2,206,0,208,0,9,270,4,283,229,0,229,512
06/16/2022,DWH,TX,ASW,CE,Towers with Radar,0,6,46,0,52,0,4,181,0,185,0,10,227,0,237,230,0,230,467
06/17/2022,DWH,TX,ASW,CE,Towers with Radar,0,5,48,0,53,0,3,177,0,180,0,8,225,0,233,278,0,278,511
06/18/2022,DWH,TX,ASW,CE,Towers with Radar,0,3,42,0,45,0,5,233,0,238,0,8,275,0,283,366,0,366,649
06/19/2022,DWH,TX,ASW,CE,Towers with Radar,0,9,32,1,42,0,2,174,1,177,0,11,206,2,219,208,0,208,427
06/20/2022,DWH,TX,ASW,CE,Towers with Radar,0,4,35,0,39,0,5,215,2,222,0,9,250,2,261,276,0,276,537
06/21/2022,DWH,TX,ASW,CE,Towers with Radar,0,9,41,6,56,0,4,183,0,187,0,13,224,6,243,235,0,235,478
06/22/2022,DWH,TX,ASW,CE,Towers with Radar,0,6,42,0,48,0,1,216,4,221,0,7,258,4,269,260,0,260,529
06/23/2022,DWH,TX,ASW,CE,Towers with Radar,0,13,40,0,53,0,6,239,0,245,0,19,279,0,298,274,0,274,572
06/24/2022,DWH,TX,ASW,CE,Towers with Radar,0,13,37,0,50,0,0,188,1,189,0,13,225,1,239,286,0,286,525
06/25/2022,DWH,TX,ASW,CE,Towers with Radar,0,5,34,0,39,0,1,210,0,211,0,6,244,0,250,180,0,180,430
06/26/2022,DWH,TX,ASW,CE,Towers with Radar,0,7,55,2,64,0,5,186,0,191,0,12,241,2,255,254,0,254,509
06/27/2022,DWH,TX,ASW,CE,Towers with Radar,0,10,26,0,36,0,3,107,0,110,0,13,133,0,146,222,0,222,368
06/28/2022,DWH,TX,ASW,CE,Towers with Radar,0,7,28,0,35,0,2,201,2,205,0,9,229,2,240,302,0,302,542
06/29/2022,DWH,TX,ASW,CE,Towers with Radar,0,13,43,0,56,0,8,179,0,187,0,21,222,0,243,290,0,290,533
06/30/2022,DWH,TX,ASW,CE,Towers with Radar,0,8,46,0,54,0,2,89,0,91,0,10,135,0,145,184,0,184,329
07/01/2022,DWH,TX,ASW,CE,Towers with Radar,0,4,44,0,48,0,4,25,0,29,0,8,69,0,77,70,0,70,147
07/02/2022,DWH,TX,ASW,CE,Towers with Radar,0,2,32,0,34,0,5,138,1,144,0,7,170,1,178,260,0,260,438
07/03/2022,DWH,TX,ASW,CE,Towers with Radar,0,2,16,0,18,0,0,189,2,191,0,2,205,2,209,157,0,157,366
07/04/2022,DWH,TX,ASW,CE,Towers with Radar,0,1,32,0,33,0,4,178,0,182,0,5,210,0,215,169,0,169,384
07/05/2022,DWH,TX,ASW,CE,Towers with Radar,0,0,49,2,51,0,3,188,0,191,0,3,237,2,242,248,0,248,490
07/06/2022,DWH,TX,ASW,CE,Towers with Radar,0,13,29,0,42,0,7,167,1,175,0,20,196,1,217,167,0,167,384
07/07/2022,DWH,TX,ASW,CE,Towers with Radar,0,4,34,0,38,0,2,213,0,215,0,6,247,0,253,298,0,298,551
07/08/2022,DWH,TX,ASW,CE,Towers with Radar,0,7,45,1,53,0,5,187,3,195,0,12,232,4,248,140,0,140,388
07/09/2022,DWH,TX,ASW,CE,Towers with Radar,0,9,37,2,48,0,5,151,0,156,0,14,188,2,204,153,0,153,357
07/10/2022,DWH,TX,ASW,CE,Towers with Radar,0,6,49,0,55,0,6,162,0,168,0,12,211,0,223,218,0,218,441
07/11/2022,DWH,TX,ASW,CE,Towers with Radar,0,7,35,0,42,0,4,196,0,200,0,11,231,0,242,206,0,206,448
07/12/2022,DWH,TX,ASW,CE,Towers with Radar,0,11,36,0,47,0,0,158,0,158,0,11,194,0,205,192,0,192,397
07/13/2022,DWH,TX,ASW,CE,Towers with Radar,0,9,61,1,71,0,3,203,1,207,0,12,264,2,278,322,0,322,600
07/14/2022,DWH,TX,ASW,CE,Towers with Radar,0,12,42,0,54,0,5,108,0,113,0,17,150,0,167,139,0,139,306
07/15/2022,DWH,TX,ASW,CE,Towers with Radar,0,7,48,0,55,0,1,189,0,190,0,8,237,0,245,348,0,348,593
07/16/2022,DWH,TX,ASW,CE,Towers with Radar,0,3,24,0,27,0,2,204,0,206,0,5,228,0,233,312,0,312,545
07/17/2022,DWH,TX,ASW,CE,Towers with Radar,0,5,44,0,49,0,6,184,1,191,0,11,228,1,240,330,0,330,570
07/18/2022,DWH,TX,ASW,CE,Towers with Radar,0,4,55,2,61,0,0,159,0,159,0,4,214,2,220,322,0,322,542
07/19/2022,DWH,TX,ASW,CE,Towers with Radar,0,7,48,2,57,0,4,197,3,204,0,11,245,5,261,208,0,208,469
07/20/2022,DWH,TX,ASW,CE,Towers with Radar,0,4,45,1,50,0,2,178,0,180,0,6,223,1,230,178,0,178,408
07/21/2022,DWH,TX,ASW,CE,Towers with Radar,0,7,62,0,69,0,5,181,0,186,0,12,243,0,255,317,0,317,572
07/22/2022,DWH,TX,ASW,CE,Towers with Radar,1,7,49,1,58,0,4,125,3,132,1,11,174,4,190,307,0,307,497
07/23/2022,DWH,TX,ASW,CE,Towers with Radar,0,6,34,1,41,0,3,203,0,206,0,9,237,1,247,269,0,269,516
07/24/2022,DWH,TX,ASW,CE,Towers with Radar,0,11,35,0,46,0,3,155,0,158,0,14,190,0,204,283,0,283,487
07/25/2022,DWH,TX,ASW,CE,Towers with Radar,0,7,34,2,43,0,2,148,1,151,0,9,182,3,194,249,0,249,443
07/26/2022,DWH,TX,ASW,CE,Towers with Radar,0,1,27,2,30,0,2,153,0,155,0,3,180,2,185,184,0,184,369
07/27/2022,DWH,TX,ASW,CE,Towers with Radar,0,5,30,1,36,0,1,131,0,132,0,6,161,1,168,173,0,173,341
07/28/2022,DWH,TX,ASW,CE,Towers with Radar,0,8,41,0,49,0,3,148,0,151,0,11,189,0,200,262,0,262,462
07/29/2022,DWH,TX,ASW,CE,Towers with Radar,0,8,29,2,39,0,2,175,2,179,0,10,204,4,218,224,0,224,442
07/30/2022,DWH,TX,ASW,CE,Towers with Radar,0,10,44,0,54,0,2,213,0,215,0,12,257,0,269,237,0,237,506
07/31/2022,DWH,TX,ASW,CE,Towers with Radar,0,8,36,0,44,0,2,209,2,213,0,10,245,2,257,314,0,314,571
08/01/2022,DWH,TX,ASW,CE,Towers with Radar,0,5,34,0,39,0,4,144,0,148,0,9,178,0,187,288,0,288,475
08/02/2022,DWH,TX,ASW,CE,Towers with Radar,0,9,46,0,55,0,4,184,3,191,0,13,230,3,246,281,0,281,527
08/03/2022,DWH,TX,ASW,CE,Towers with Radar,0,6,44,2,52,0,2,183,0,185,0,8,227,2,237,240,0,240,477
08/04/2022,DWH,TX,ASW,CE,Towers with Radar,0,6,52,5,63,0,4,181,3,188,0,10,233,8,251,158,0,158,409
08/05/2022,DWH,TX,ASW,CE,Towers with Radar,0,8,34,2,44,0,4,135,0,139,0,12,169,2,183,246,0,246,429
08/06/2022,DWH,TX,ASW,CE,Towers with Radar,0,7,30,0,37,0,2,164,0,166,0,9,194,0,203,300,0,300,503
08/07/2022,DWH,TX,ASW,CE,Towers with Radar,0,3,43,1,47,0,3,191,1,195,0,6,234,2,242,327,0,327,569
08/08/2022,DWH,TX,ASW,CE,Towers with Radar,0,5,49,2,56,0,2,191,0,193,0,7,240,2,249,264,0,264,513
08/09/2022,DWH,TX,ASW,CE,Towers with Radar,1,3,46,0,50,0,4,207,0,211,1,7,253,0,261,235,0,235,496
08/10/2022,DWH,TX,ASW,CE,Towers with Radar,0,8,31,0,39,0,0,176,0,176,0,8,207,0,215,236,0,236,451
08/11/2022,DWH,TX,ASW,CE,Towers with Radar,0,8,38,0,46,0,2,205,0,207,0,10,243,0,253,258,0,258,511
08/12/2022,DWH,TX,ASW,CE,Towers with Radar,0,5,36,0,41,0,0,137,0,137,0,5,173,0,178,314,0,314,492
08/13/2022,DWH,TX,ASW,CE,Towers with Radar,0,3,22,4,29,0,1,186,2,189,0,4,208,6,218,168,0,168,386
08/14/2022,DWH,TX,ASW,CE,Towers with Radar,0,5,48,0,53,0,3,107,2,112,0,8,155,2,165,192,0,192,357
08/15/2022,DWH,TX,ASW,CE,Towers with Radar,0,7,27,2,36,0,2,128,0,130,0,9,155,2,166,70,0,70,236
08/16/2022,DWH,TX,ASW,CE,Towers with Radar,0,4,36,3,43,0,5,229,0,234,0,9,265,3,277,412,0,412,689
08/17/2022,DWH,TX,ASW,CE,Towers with Radar,0,4,41,3,48,0,2,216,0,218,0,6,257,3,266,301,0,301,567
08/18/2022,DWH,TX,ASW,CE,Towers with Radar,0,5,38,0,43,0,2,139,0,141,0,7,177,0,184,150,0,150,334
08/19/2022,DWH,TX,ASW,CE,Towers with Radar,0,8,44,0,52,0,2,7,0,9,0,10,51,0,61,36,0,36,97
08/20/2022,DWH,TX,ASW,CE,Towers with Radar,0,1,31,0,32,0,6,112,2,120,0,7,143,2,152,307,0,307,459
08/21/2022,DWH,TX,ASW,CE,Towers with Radar,0,10,27,0,37,0,2,134,0,136,0,12,161,0,173,222,0,222,395
08/22/2022,DWH,TX,ASW,CE,Towers with Radar,0,2,33,0,35,0,2,100,0,102,0,4,133,0,137,350,0,350,487
08/23/2022,DWH,TX,ASW,CE,Towers with Radar,0,3,52,0,55,0,0,124,0,124,0,3,176,0,179,316,0,316,495
08/24/2022,DWH,TX,ASW,CE,Towers with Radar,0,6,44,2,52,0,1,68,0,69,0,7,112,2,121,145,0,145,266
08/25/2022,DWH,TX,ASW,CE,Towers with Radar,0,11,40,2,53,0,4,213,0,217,0,15,253,2,270,300,0,300,570
08/26/2022,DWH,TX,ASW,CE,Towers with Radar,0,12,62,0,74,0,1,126,0,127,0,13,188,0,201,238,0,238,439
08/27/2022,DWH,TX,ASW,CE,Towers with Radar,0,10,37,0,47,0,3,132,0,135,0,13,169,0,182,209,0,209,391
08/28/2022,DWH,TX,ASW,CE,Towers with Radar,0,11,51,0,62,0,2,192,0,194,0,13,243,0,256,295,0,295,551
08/29/2022,DWH,TX,ASW,CE,Towers with Radar,0,8,38,0,46,0,5,25,0,30,0,13,63,0,76,84,0,84,160
08/30/2022,DWH,TX,ASW,CE,Towers with Radar,0,8,38,2,48,0,4,36,0,40,0,12,74,2,88,84,0,84,172
08/31/2022,DWH,TX,ASW,CE,Towers with Radar,0,6,46,0,52,0,1,158,1,160,0,7,204,1,212,304,0,304,516
09/01/2022,DWH,TX,ASW,CE,Towers with Radar,0,8,43,0,51,0,4,168,5,177,0,12,211,5,228,260,0,260,488
09/02/2022,DWH,TX,ASW,CE,Towers with Radar,0,8,23,0,31,0,2,152,0,154,0,10,175,0,185,238,0,238,423
09/03/2022,DWH,TX,ASW,CE,Towers with Radar,0,5,23,0,28,0,2,63,2,67,0,7,86,2,95,244,0,244,339
09/04/2022,DWH,TX,ASW,CE,Towers with Radar,0,4,27,0,31,0,4,152,0,156,0,8,179,0,187,277,0,277,464
09/05/2022,DWH,TX,ASW,CE,Towers with Radar,0,9,43,0,52,0,4,198,0,202,0,13,241,0,254,318,0,318,572
09/06/2022,DWH,TX,ASW,CE,Towers with Radar,0,8,37,3,48,0,0,180,0,180,0,8,217,3,228,142,0,142,370
09/07/2022,DWH,TX,ASW,CE,Towers with Radar,0,2,33,1,36,0,0,148,0,148,0,2,181,1,184,220,0,220,404
09/08/2022,DWH,TX,ASW,CE,Towers with Radar,0,1,42,0,43,0,0,231,2,233,0,1,273,2,276,236,0,236,512
09/09/2022,DWH,TX,ASW,CE,Towers with Radar,1,4,39,0,44,0,3,233,0,236,1,7,272,0,280,338,0,338,618
09/10/2022,DWH,TX,ASW,CE,Towers with Radar,0,6,29,2,37,0,4,259,0,263,0,10,288,2,300,224,0,224,524
09/11/2022,DWH,TX,ASW,CE,Towers with Radar,0,4,43,2,49,0,0,202,0,202,0,4,245,2,251,284,0,284,535
09/12/2022,DWH,TX,ASW,CE,Towers with Radar,0,0,33,0,33,0,4,220,0,224,0,4,253,0,257,204,0,204,461
09/13/2022,DWH,TX,ASW,CE,Towers with Radar,0,0,37,2,39,0,6,219,1,226,0,6,256,3,265,134,0,134,399
09/14/2022,DWH,TX,ASW,CE,Towers with Radar,0,7,36,3,46,0,4,216,0,220,0,11,252,3,266,109,0,109,375
09/15/2022,DWH,TX,ASW,CE,Towers with Radar,0,5,50,0,55,0,3,217,0,220,0,8,267,0,275,220,0,220,495
09/16/2022,DWH,TX,ASW,CE,Towers with Radar,0,2,45,3,50,0,3,135,0,138,0,5,180,3,188,179,0,179,367
09/17/2022,DWH,TX,ASW,CE,Towers with Radar,0,4,28,3,35,0,5,165,3,173,0,9,193,6,208,244,8,252,460
09/18/2022,DWH,TX,ASW,CE,Towers with Radar,0,15,42,0,57,0,0,145,1,146,0,15,187,1,203,209,0,209,412
09/19/2022,DWH,TX,ASW,CE,Towers with Radar,0,3,50,2,55,0,4,152,0,156,0,7,202,2,211,199,0,199,410
09/20/2022,DWH,TX,ASW,CE,Towers with Radar,0,4,46,0,50,0,1,232,0,233,0,5,278,0,283,292,0,292,575
09/21/2022,DWH,TX,ASW,CE,Towers with Radar,0,4,40,1,45,0,7,236,0,243,0,11,276,1,288,265,0,265,553
09/22/2022,DWH,TX,ASW,CE,Towers with Radar,0,6,53,1,60,0,1,219,0,220,0,7,272,1,280,299,0,299,579
09/23/2022,DWH,TX,ASW,CE,Towers with Radar,0,10,29,0,39,0,0,225,2,227,0,10,254,2,266,263,0,263,529
09/24/2022,DWH,TX,ASW,CE,Towers with Radar,0,8,41,1,50,0,3,191,0,194,0,11,232,1,244,215,0,215,459
09/25/2022,DWH,TX,ASW,CE,Towers with Radar,0,8,46,0,54,0,3,197,0,200,0,11,243,0,254,269,0,269,523
09/26/2022,DWH,TX,ASW,CE,Towers with Radar,0,15,35,1,51,0,6,192,0,198,0,21,227,1,249,137,0,137,386
09/27/2022,DWH,TX,ASW,CE,Towers with Radar,0,10,43,0,53,0,5,197,0,202,0,15,240,0,255,288,0,288,543
09/28/2022,DWH,TX,ASW,CE,Towers with Radar,0,3,49,2,54,0,4,222,1,227,0,7,271,3,281,338,0,338,619
09/29/2022,DWH,TX,ASW,CE,Towers with Radar,0,16,50,2,68,0,3,235,0,238,0,19,285,2,306,297,0,297,603
09/30/2022,DWH,TX,ASW,CE,Towers with Radar,0,9,28,0,37,0,7,185,0,192,0,16,213,0,229,212,0,212,441
10/01/2022,DWH,TX,ASW,CE,Towers with Radar,0,9,37,0,46,0,3,211,1,215,0,12,248,1,261,212,0,212,473
10/02/2022,DWH,TX,ASW,CE,Towers with Radar,0,16,28,1,45,0,7,195,2,204,0,23,223,3,249,307,0,307,556
10/03/2022,DWH,TX,ASW,CE,Towers with Radar,0,3,36,0,39,0,0,165,0,165,0,3,201,0,204,234,0,234,438
10/04/2022,DWH,TX,ASW,CE,Towers with Radar,0,16,24,1,41,0,2,197,1,200,0,18,221,2,241,362,0,362,603
10/05/2022,DWH,TX,ASW,CE,Towers with Radar,0,10,32,2,44,0,3,213,3,219,0,13,245,5,263,381,0,381,644
10/06/2022,DWH,TX,ASW,CE,Towers with Radar,0,9,45,0,54,0,11,211,1,223,0,20,256,1,277,395,0,395,672
10/07/2022,DWH,TX,ASW,CE,Towers with Radar,1,20,35,0,56,0,3,203,0,206,1,23,238,0,262,262,0,262,524
10/08/2022,DWH,TX,ASW,CE,Towers with Radar,0,9,16,0,25,0,4,158,0,162,0,13,174,0,187,152,0,152,339
10/09/2022,DWH,TX,ASW,CE,Towers with Radar,0,21,42,0,63,0,3,201,0,204,0,24,243,0,267,206,0,206,473
10/10/2022,DWH,TX,ASW,CE,Towers with Radar,1,6,29,1,37,0,2,160,0,162,1,8,189,1,199,150,0,150,349
10/11/2022,DWH,TX,ASW,CE,Towers with Radar,0,13,42,2,57,0,7,187,4,198,0,20,229,6,255,435,0,435,690
10/12/2022,DWH,TX,ASW,CE,Towers with Radar,0,11,55,2,68,0,9,119,2,130,0,20,174,4,198,358,0,358,556
10/13/2022,DWH,TX,ASW,CE,Towers with Radar,0,3,59,0,62,0,5,197,2,204,0,8,256,2,266,438,0,438,704
10/14/2022,DWH,TX,ASW,CE,Towers with Radar,0,9,43,0,52,0,4,199,2,205,0,13,242,2,257,284,0,284,541
10/15/2022,DWH,TX,ASW,CE,Towers with Radar,0,8,41,2,51,0,3,244,1,248,0,11,285,3,299,239,0,239,538
10/16/2022,DWH,TX,ASW,CE,Towers with Radar,0,7,36,3,46,0,6,155,3,164,0,13,191,6,210,344,0,344,554
10/17/2022,DWH,TX,ASW,CE,Towers with Radar,0,8,36,0,44,0,4,62,0,66,0,12,98,0,110,103,0,103,213
10/18/2022,DWH,TX,ASW,CE,Towers with Radar,0,6,44,0,50,0,2,198,5,205,0,8,242,5,255,306,0,306,561
10/19/2022,DWH,TX,ASW,CE,Towers with Radar,0,4,43,0,47,0,4,218,3,225,0,8,261,3,272,327,0,327,599
10/20/2022,DWH,TX,ASW,CE,Towers with Radar,0,7,58,0,65,0,0,234,0,234,0,7,292,0,299,287,0,287,586
10/21/2022,DWH,TX,ASW,CE,Towers with Radar,0,8,55,0,63,0,3,170,2,175,0,11,225,2,238,258,0,258,496
10/22/2022,DWH,TX,ASW,CE,Towers with Radar,0,5,31,0,36,0,2,144,0,146,0,7,175,0,182,158,0,158,340
10/23/2022,DWH,TX,ASW,CE,Towers with Radar,0,16,38,3,57,0,4,151,0,155,0,20,189,3,212,216,0,216,428
10/24/2022,DWH,TX,ASW,CE,Towers with Radar,0,8,36,0,44,0,5,58,0,63,0,13,94,0,107,82,0,82,189
10/25/2022,DWH,TX,ASW,CE,Towers with Radar,0,7,40,0,47,0,4,136,5,145,0,11,176,5,192,177,0,177,369
10/26/2022,DWH,TX,ASW,CE,Towers with Radar,0,12,33,0,45,0,3,250,3,256,0,15,283,3,301,288,0,288,589
10/27/2022,DWH,TX,ASW,CE,Towers with Radar,0,19,60,1,80,0,4,237,4,245,0,23,297,5,325,208,0,208,533
10/28/2022,DWH,TX,ASW,CE,Towers with Radar,0,8,43,1,52,0,0,3,0,3,0,8,46,1,55,4,0,4,59
10/29/2022,DWH,TX,ASW,CE,Towers with Radar,0,10,48,1,59,0,5,37,2,44,0,15,85,3,103,189,0,189,292
10/30/2022,DWH,TX,ASW,CE,Towers with Radar,0,8,28,0,36,0,2,216,0,218,0,10,244,0,254,389,0,389,643
10/31/2022,DWH,TX,ASW,CE,Towers with Radar,1,4,26,0,31,0,0,178,6,184,1,4,204,6,215,378,0,378,593
11/01/2022,DWH,TX,ASW,CE,Towers with Radar,1,8,65,1,75,0,0,6,0,6,1,8,71,1,81,26,0,26,107
11/02/2022,DWH,TX,ASW,CE,Towers with Radar,0,2,40,2,44,0,3,263,6,272,0,5,303,8,316,255,0,255,571
11/03/2022,DWH,TX,ASW,CE,Towers with Radar,1,8,80,3,92,0,0,82,1,83,1,8,162,4,175,228,0,228,403
11/04/2022,DWH,TX,ASW,CE,Towers with Radar,0,9,63,2,74,0,7,35,0,42,0,16,98,2,116,44,0,44,160
11/05/2022,DWH,TX,ASW,CE,Towers with Radar,0,1,27,0,28,0,4,224,0,228,0,5,251,0,256,352,0,352,608
11/06/2022,DWH,TX,ASW,CE,Towers with Radar,0,10,35,0,45,0,2,54,0,56,0,12,89,0,101,225,0,225,326
11/07/2022,DWH,TX,ASW,CE,Towers with Radar,0,9,42,0,51,0,3,100,2,105,0,12,142,2,156,248,22,270,426
11/08/2022,DWH,TX,ASW,CE,Towers with Radar,0,5,38,0,43,0,4,159,3,166,0,9,197,3,209,216,0,216,425
11/09/2022,DWH,TX,ASW,CE,Towers with Radar,0,4,52,0,56,0,4,241,0,245,0,8,293,0,301,479,0,479,780
11/10/2022,DWH,TX,ASW,CE,Towers with Radar,0,2,67,2,71,0,5,195,2,202,0,7,262,4,273,410,0,410,683
11/11/2022,DWH,TX,ASW,CE,Towers with Radar,0,8,47,0,55,0,2,98,0,100,0,10,145,0,155,272,0,272,427
11/12/2022,DWH,TX,ASW,CE,Towers with Radar,0,6,39,0,45,0,5,185,1,191,0,11,224,1,236,246,0,246,482
11/13/2022,DWH,TX,ASW,CE,Towers with Radar,0,8,31,0,39,0,5,252,0,257,0,13,283,0,296,317,0,317,613
11/14/2022,DWH,TX,ASW,CE,Towers with Radar,0,8,22,0,30,0,1,31,0,32,0,9,53,0,62,80,0,80,142
11/15/2022,DWH,TX,ASW,CE,Towers with Radar,0,4,59,2,65,0,7,161,2,170,0,11,220,4,235,286,0,286,521
11/16/2022,DWH,TX,ASW,CE,Towers with Radar,0,9,52,0,61,0,5,191,5,201,0,14,243,5,262,200,16,216,478
11/17/2022,DWH,TX,ASW,CE,Towers with Radar,0,9,43,3,55,0,6,290,7,303,0,15,333,10,358,364,0,364,722
11/18/2022,DWH,TX,ASW,CE,Towers with Radar,0,9,58,0,67,0,4,200,0,204,0,13,258,0,271,282,0,282,553
11/19/2022,DWH,TX,ASW,CE,Towers with Radar,0,8,19,0,27,0,2,1,0,3,0,10,20,0,30,9,0,9,39
11/20/2022,DWH,TX,ASW,CE,Towers with Radar,0,9,32,1,42,0,5,243,1,249,0,14,275,2,291,340,0,340,631
11/21/2022,DWH,TX,ASW,CE,Towers with Radar,0,16,40,0,56,0,7,30,0,37,0,23,70,0,93,10,0,10,103
11/22/2022,DWH,TX,ASW,CE,Towers with Radar,1,9,62,0,72,0,5,213,2,220,1,14,275,2,292,326,0,326,618
11/23/2022,DWH,TX,ASW,CE,Towers with Radar,0,5,46,0,51,0,2,216,0,218,0,7,262,0,269,314,0,314,583
11/24/2022,DWH,TX,ASW,CE,Towers with Radar,0,4,3,0,7,0,0,1,0,1,0,4,4,0,8,1,0,1,9
11/25/2022,DWH,TX,ASW,CE,Towers with Radar,0,8,28,0,36,0,4,7,0,11,0,12,35,0,47,2,0,2,49
11/26/2022,DWH,TX,ASW,CE,Towers with Radar,0,11,30,0,41,0,0,92,0,92,0,11,122,0,133,134,0,134,267
11/27/2022,DWH,TX,ASW,CE,Towers with Radar,0,19,41,1,61,0,4,238,1,243,0,23,279,2,304,234,0,234,538
11/28/2022,DWH,TX,ASW,CE,Towers with Radar,0,9,53,1,63,0,3,211,5,219,0,12,264,6,282,307,0,307,589
11/29/2022,DWH,TX,ASW,CE,Towers with Radar,0,12,62,5,79,0,2,29,7,38,0,14,91,12,117,78,0,78,195
11/30/2022,DWH,TX,ASW,CE,Towers with Radar,0,7,58,0,65,0,5,205,14,224,0,12,263,14,289,143,0,143,432
12/01/2022,DWH,TX,ASW,CE,Towers with Radar,0,12,42,0,54,0,6,208,6,220,0,18,250,6,274,372,0,372,646
12/02/2022,DWH,TX,ASW,CE,Towers with Radar,0,9,66,0,75,0,2,19,0,21,0,11,85,0,96,52,0,52,148
12/03/2022,DWH,TX,ASW,CE,Towers with Radar,0,4,59,0,63,0,2,57,0,59,0,6,116,0,122,134,0,134,256
12/04/2022,DWH,TX,ASW,CE,Towers with Radar,0,4,88,1,93,0,7,27,0,34,0,11,115,1,127,123,0,123,250
12/05/2022,DWH,TX,ASW,CE,Towers with Radar,0,5,63,0,68,0,8,82,10,100,0,13,145,10,168,121,0,121,289
12/06/2022,DWH,TX,ASW,CE,Towers with Radar,0,9,74,3,86,0,2,117,6,125,0,11,191,9,211,213,0,213,424
12/07/2022,DWH,TX,ASW,CE,Towers with Radar,0,11,64,0,75,0,1,152,7,160,0,12,216,7,235,255,0,255,490
12/08/2022,DWH,TX,ASW,CE,Towers with Radar,0,14,53,0,67,0,2,190,6,198,0,16,243,6,265,304,0,304,569
12/09/2022,DWH,TX,ASW,CE,Towers with Radar,0,6,43,0,49,0,2,143,4,149,0,8,186,4,198,245,0,245,443
12/10/2022,DWH,TX,ASW,CE,Towers with Radar,0,6,33,0,39,0,0,67,2,69,0,6,100,2,108,186,0,186,294
12/11/2022,DWH,TX,ASW,CE,Towers with Radar,0,11,45,0,56,0,0,11,0,11,0,11,56,0,67,114,0,114,181
12/12/2022,DWH,TX,ASW,CE,Towers with Radar,0,7,60,5,72,0,1,2,0,3,0,8,62,5,75,38,0,38,113
12/13/2022,DWH,TX,ASW,CE,Towers with Radar,0,10,49,3,62,0,5,38,4,47,0,15,87,7,109,138,32,170,279
12/14/2022,DWH,TX,ASW,CE,Towers with Radar,0,8,53,1,62,0,7,215,15,237,0,15,268,16,299,166,0,166,465
12/15/2022,DWH,TX,ASW,CE,Towers with Radar,0,12,41,4,57,0,6,330,5,341,0,18,371,9,398,304,0,304,702
12/16/2022,DWH,TX,ASW,CE,Towers with Radar,0,8,61,0,69,0,4,178,1,183,0,12,239,1,252,268,0,268,520
12/17/2022,DWH,TX,ASW,CE,Towers with Radar,0,6,31,0,37,0,2,194,0,196,0,8,225,0,233,222,0,222,455
12/18/2022,DWH,TX,ASW,CE,Towers with Radar,0,12,33,1,46,0,2,186,1,189,0,14,219,2,235,213,0,213,448
12/19/2022,DWH,TX,ASW,CE,Towers with Radar,0,12,29,0,41,0,0,0,0,0,0,12,29,0,41,20,0,20,61
12/20/2022,DWH,TX,ASW,CE,Towers with Radar,0,6,46,1,53,0,3,37,15,55,0,9,83,16,108,57,0,57,165
12/21/2022,DWH,TX,ASW,CE,Towers with Radar,0,5,67,2,74,0,7,157,7,171,0,12,224,9,245,236,0,236,481
12/22/2022,DWH,TX,ASW,CE,Towers with Radar,0,0,45,1,46,0,5,15,5,25,0,5,60,6,71,24,0,24,95
12/23/2022,DWH,TX,ASW,CE,Towers with Radar,0,5,17,0,22,0,0,64,0,64,0,5,81,0,86,72,0,72,158
12/24/2022,DWH,TX,ASW,CE,Towers with Radar,0,3,11,0,14,0,0,84,0,84,0,3,95,0,98,104,0,104,202
12/25/2022,DWH,TX,ASW,CE,Towers with Radar,0,7,3,0,10,0,2,48,0,50,0,9,51,0,60,108,0,108,168
12/26/2022,DWH,TX,ASW,CE,Towers with Radar,0,4,30,0,34,0,2,204,0,206,0,6,234,0,240,122,0,122,362
12/27/2022,DWH,TX,ASW,CE,Towers with Radar,0,7,34,0,41,0,2,252,1,255,0,9,286,1,296,174,0,174,470
12/28/2022,DWH,TX,ASW,CE,Towers with Radar,0,5,51,0,56,0,4,225,0,229,0,9,276,0,285,232,0,232,517
12/29/2022,DWH,TX,ASW,CE,Towers with Radar,0,7,54,1,62,0,6,33,3,42,0,13,87,4,104,119,3,122,226
12/30/2022,DWH,TX,ASW,CE,Towers with Radar,0,3,50,0,53,0,3,58,0,61,0,6,108,0,114,150,0,150,264
12/31/2022,DWH,TX,ASW,CE,Towers with Radar,0,3,9,0,12,0,0,173,0,173,0,3,182,0,185,328,0,328,513
01/01/2023,DWH,TX,ASW,CE,Towers with Radar,0,3,36,0,39,0,3,46,1,50,0,6,82,1,89,131,0,131,220
01/02/2023,DWH,TX,ASW,CE,Towers with Radar,0,5,21,0,26,0,3,1,0,4,0,8,22,0,30,0,0,0,30
01/03/2023,DWH,TX,ASW,CE,Towers with Radar,0,3,25,1,29,0,3,182,6,191,0,6,207,7,220,249,0,249,469
01/04/2023,DWH,TX,ASW,CE,Towers with Radar,0,0,22,3,25,0,3,227,7,237,0,3,249,10,262,147,0,147,409
01/05/2023,DWH,TX,ASW,CE,Towers with Radar,0,2,52,5,59,0,3,275,2,280,0,5,327,7,339,297,0,297,636
01/06/2023,DWH,TX,ASW,CE,Towers with Radar,0,6,42,1,49,0,2,240,5,247,0,8,282,6,296,218,0,218,514
01/07/2023,DWH,TX,ASW,CE,Towers with Radar,0,6,58,0,64,0,4,91,0,95,0,10,149,0,159,311,0,311,470
01/08/2023,DWH,TX,ASW,CE,Towers with Radar,0,12,27,0,39,0,6,187,2,195,0,18,214,2,234,262,0,262,496
01/09/2023,DWH,TX,ASW,CE,Towers with Radar,0,4,40,0,44,0,4,193,4,201,0,8,233,4,245,219,0,219,464
01/10/2023,DWH,TX,ASW,CE,Towers with Radar,0,2,44,3,49,0,3,157,9,169,0,5,201,12,218,162,0,162,380
01/11/2023,DWH,TX,ASW,CE,Towers with Radar,0,6,59,3,68,0,4,133,6,143,0,10,192,9,211,294,0,294,505
01/12/2023,DWH,TX,ASW,CE,Towers with Radar,0,17,39,0,56,0,4,172,7,183,0,21,211,7,239,137,0,137,376
01/13/2023,DWH,TX,ASW,CE,Towers with Radar,0,6,44,0,50,0,3,276,2,281,0,9,320,2,331,236,0,236,567
01/14/2023,DWH,TX,ASW,CE,Towers with Radar,0,3,47,0,50,0,5,295,1,301,0,8,342,1,351,302,0,302,653
01/15/2023,DWH,TX,ASW,CE,Towers with Radar,0,1,36,0,37,0,0,160,0,160,0,1,196,0,197,138,0,138,335
01/16/2023,DWH,TX,ASW,CE,Towers with Radar,0,11,64,0,75,0,0,116,0,116,0,11,180,0,191,180,0,180,371
01/17/2023,DWH,TX,ASW,CE,Towers with Radar,0,8,67,2,77,0,0,137,6,143,0,8,204,8,220,251,0,251,471
01/18/2023,DWH,TX,ASW,CE,Towers with Radar,0,10,39,0,49,0,3,87,10,100,0,13,126,10,149,171,0,171,320
01/19/2023,DWH,TX,ASW,CE,Towers with Radar,0,7,57,1,65,0,4,294,16,314,0,11,351,17,379,295,0,295,674
01/20/2023,DWH,TX,ASW,CE,Towers with Radar,0,4,50,1,55,0,4,170,8,182,0,8,220,9,237,319,8,327,564
01/21/2023,DWH,TX,ASW,CE,Towers with Radar,0,6,24,0,30,0,1,18,0,19,0,7,42,0,49,179,0,179,228
01/22/2023,DWH,TX,ASW,CE,Towers with Radar,0,2,21,0,23,0,4,231,2,237,0,6,252,2,260,210,0,210,470
01/23/2023,DWH,TX,ASW,CE,Towers with Radar,0,2,31,2,35,0,1,209,7,217,0,3,240,9,252,276,0,276,528
01/24/2023,DWH,TX,ASW,CE,Towers with Radar,0,4,21,0,25,0,0,4,0,4,0,4,25,0,29,2,0,2,31
01/25/2023,DWH,TX,ASW,CE,Towers with Radar,0,3,59,7,69,0,6,180,9,195,0,9,239,16,264,314,0,314,578
01/26/2023,DWH,TX,ASW,CE,Towers with Radar,0,6,32,2,40,0,4,257,19,280,0,10,289,21,320,210,0,210,530
01/27/2023,DWH,TX,ASW,CE,Towers with Radar,1,4,37,0,42,0,4,243,3,250,1,8,280,3,292,215,4,219,511
01/28/2023,DWH,TX,ASW,CE,Towers with Radar,0,4,23,0,27,0,2,3,0,5,0,6,26,0,32,12,0,12,44
01/29/2023,DWH,TX,ASW,CE,Towers with Radar,0,0,1,0,1,0,0,0,0,0,0,0,1,0,1,0,0,0,1
01/30/2023,DWH,TX,ASW,CE,Towers with Radar,0,2,19,0,21,0,0,0,0,0,0,2,19,0,21,0,0,0,21
01/31/2023,DWH,TX,ASW,CE,Towers with Radar,0,2,18,0,20,0,0,0,0,0,0,2,18,0,20,0,0,0,20
02/01/2023,DWH,TX,ASW,CE,Towers with Radar,0,4,18,10,32,0,0,3,0,3,0,4,21,10,35,0,0,0,35
02/02/2023,DWH,TX,ASW,CE,Towers with Radar,0,7,28,0,35,0,0,3,0,3,0,7,31,0,38,0,0,0,38
02/03/2023,DWH,TX,ASW,CE,Towers with Radar,0,2,65,2,69,0,0,227,9,236,0,2,292,11,305,246,10,256,561
02/04/2023,DWH,TX,ASW,CE,Towers with Radar,0,0,42,0,42,0,2,289,2,293,0,2,331,2,335,396,0,396,731
02/05/2023,DWH,TX,ASW,CE,Towers with Radar,0,5,46,0,51,0,2,266,0,268,0,7,312,0,319,288,0,288,607
02/06/2023,DWH,TX,ASW,CE,Towers with Radar,0,8,62,1,71,0,3,226,12,241,0,11,288,13,312,285,1,286,598
02/07/2023,DWH,TX,ASW,CE,Towers with Radar,0,5,63,1,69,0,3,88,13,104,0,8,151,14,173,536,26,562,735
02/08/2023,DWH,TX,ASW,CE,Towers with Radar,0,7,33,0,40,0,3,9,6,18,0,10,42,6,58,22,0,22,80
02/09/2023,DWH,TX,ASW,CE,Towers with Radar,0,14,59,0,73,0,3,276,12,291,0,17,335,12,364,259,2,261,625
02/10/2023,DWH,TX,ASW,CE,Towers with Radar,0,9,40,2,51,0,4,269,13,286,0,13,309,15,337,217,8,225,562
02/11/2023,DWH,TX,ASW,CE,Towers with Radar,0,3,31,3,37,0,2,236,18,256,0,5,267,21,293,290,50,340,633
02/12/2023,DWH,TX,ASW,CE,Towers with Radar,0,8,36,2,46,0,7,306,2,315,0,15,342,4,361,330,6,336,697
02/13/2023,DWH,TX,ASW,CE,Towers with Radar,0,4,56,0,60,0,1,232,7,240,0,5,288,7,300,279,0,279,579
02/14/2023,DWH,TX,ASW,CE,Towers with Radar,0,8,33,1,42,0,3,52,8,63,0,11,85,9,105,24,25,49,154
02/15/2023,DWH,TX,ASW,CE,Towers with Radar,0,13,49,1,63,0,4,25,4,33,0,17,74,5,96,152,29,181,277
02/16/2023,DWH,TX,ASW,CE,Towers with Radar,0,4,54,0,58,0,2,126,10,138,0,6,180,10,196,233,0,233,429
02/17/2023,DWH,TX,ASW,CE,Towers with Radar,0,3,53,1,57,0,2,270,6,278,0,5,323,7,335,271,3,274,609
02/18/2023,DWH,TX,ASW,CE,Towers with Radar,0,0,39,0,39,0,0,316,0,316,0,0,355,0,355,287,0,287,642
02/19/2023,DWH,TX,ASW,CE,Towers with Radar,0,0,49,0,49,0,6,237,2,245,0,6,286,2,294,265,0,265,559
02/20/2023,DWH,TX,ASW,CE,Towers with Radar,0,7,62,0,69,0,3,71,0,74,0,10,133,0,143,62,0,62,205
02/21/2023,DWH,TX,ASW,CE,Towers with Radar,0,8,55,3,66,0,6,154,9,169,0,14,209,12,235,320,6,326,561
02/22/2023,DWH,TX,ASW,CE,Towers with Radar,0,4,52,0,56,0,4,118,15,137,0,8,170,15,193,296,13,309,502
02/23/2023,DWH,TX,ASW,CE,Towers with Radar,0,5,60,0,65,0,3,122,18,143,0,8,182,18,208,300,33,333,541
02/24/2023,DWH,TX,ASW,CE,Towers with Radar,0,4,47,0,51,0,5,79,3,87,0,9,126,3,138,238,0,238,376
02/25/2023,DWH,TX,ASW,CE,Towers with Radar,0,4,44,0,48,0,1,145,0,146,0,5,189,0,194,212,0,212,406
02/26/2023,DWH,TX,ASW,CE,Towers with Radar,1,0,47,0,48,0,5,144,1,150,1,5,191,1,198,241,0,241,439
02/27/2023,DWH,TX,ASW,CE,Towers with Radar,0,1,49,1,51,0,4,204,5,213,0,5,253,6,264,219,0,219,483
02/28/2023,DWH,TX,ASW,CE,Towers with Radar,0,2,47,0,49,0,4,232,3,239,0,6,279,3,288,343,0,343,631
03/01/2023,DWH,TX,ASW,CE,Towers with Radar,0,4,72,3,79,0,3,108,4,115,0,7,180,7,194,313,0,313,507
03/02/2023,DWH,TX,ASW,CE,Towers with Radar,0,12,66,4,82,0,2,28,0,30,0,14,94,4,112,88,0,88,200
03/03/2023,DWH,TX,ASW,CE,Towers with Radar,0,1,34,0,35,0,5,151,6,162,0,6,185,6,197,198,0,198,395
03/04/2023,DWH,TX,ASW,CE,Towers with Radar,0,2,42,2,46,0,6,302,3,311,0,8,344,5,357,302,0,302,659
03/05/2023,DWH,TX,ASW,CE,Towers with Radar,0,4,60,0,64,0,1,303,0,304,0,5,363,0,368,366,0,366,734
03/06/2023,DWH,TX,ASW,CE,Towers with Radar,0,3,80,2,85,0,2,119,11,132,0,5,199,13,217,161,2,163,380
03/07/2023,DWH,TX,ASW,CE,Towers with Radar,0,9,63,4,76,0,3,82,11,96,0,12,145,15,172,290,0,290,462
03/08/2023,DWH,TX,ASW,CE,Towers with Radar,0,7,61,0,68,0,2,218,15,235,0,9,279,15,303,363,5,368,671
03/09/2023,DWH,TX,ASW,CE,Towers with Radar,0,4,51,18,73,0,6,200,9,215,0,10,251,27,288,271,0,271,559
03/10/2023,DWH,TX,ASW,CE,Towers with Radar,0,11,86,0,97,0,9,87,1,97,0,20,173,1,194,100,0,100,294
03/11/2023,DWH,TX,ASW,CE,Towers with Radar,0,15,45,0,60,0,4,149,2,155,0,19,194,2,215,174,0,174,389
03/12/2023,DWH,TX,ASW,CE,Towers with Radar,0,8,64,0,72,0,1,79,0,80,0,9,143,0,152,237,0,237,389
03/13/2023,DWH,TX,ASW,CE,Towers with Radar,0,1,39,1,41,0,6,192,11,209,0,7,231,12,250,211,2,213,463
03/14/2023,DWH,TX,ASW,CE,Towers with Radar,0,3,23,7,33,0,6,229,10,245,0,9,252,17,278,310,0,310,588
03/15/2023,DWH,TX,ASW,CE,Towers with Radar,0,12,35,0,47,0,5,239,2,246,0,17,274,2,293,247,0,247,540
03/16/2023,DWH,TX,ASW,CE,Towers with Radar,0,3,31,3,37,0,0,21,3,24,0,3,52,6,61,110,2,112,173
03/17/2023,DWH,TX,ASW,CE,Towers with Radar,0,12,25,0,37,0,5,66,0,71,0,17,91,0,108,204,0,204,312
03/18/2023,DWH,TX,ASW,CE,Towers with Radar,0,13,28,0,41,0,4,185,0,189,0,17,213,0,230,330,0,330,560
03/19/2023,DWH,TX,ASW,CE,Towers with Radar,0,9,46,0,55,0,8,227,2,237,0,17,273,2,292,253,0,253,545
03/20/2023,DWH,TX,ASW,CE,Towers with Radar,0,7,40,1,48,0,3,182,6,191,0,10,222,7,239,283,2,285,524
03/21/2023,DWH,TX,ASW,CE,Towers with Radar,0,9,56,0,65,0,7,59,13,79,0,16,115,13,144,148,12,160,304
03/22/2023,DWH,TX,ASW,CE,Towers with Radar,0,2,22,0,24,0,6,86,12,104,0,8,108,12,128,82,2,84,212
03/23/2023,DWH,TX,ASW,CE,Towers with Radar,0,8,65,2,75,0,4,129,14,147,0,12,194,16,222,242,0,242,464
03/24/2023,DWH,TX,ASW,CE,Towers with Radar,0,5,42,0,47,0,2,53,5,60,0,7,95,5,107,128,19,147,254
03/25/2023,DWH,TX,ASW,CE,Towers with Radar,0,7,36,0,43,0,2,351,4,357,0,9,387,4,400,400,0,400,800
03/26/2023,DWH,TX,ASW,CE,Towers with Radar,0,7,46,0,53,0,0,8,0,8,0,7,54,0,61,2,0,2,63
03/27/2023,DWH,TX,ASW,CE,Towers with Radar,0,6,63,2,71,0,2,36,11,49,0,8,99,13,120,109,4,113,233
03/28/2023,DWH,TX,ASW,CE,Towers with Radar,0,2,36,4,42,0,2,176,6,184,0,4,212,10,226,138,0,138,364
03/29/2023,DWH,TX,ASW,CE,Towers with Radar,0,7,64,2,73,0,5,258,14,277,0,12,322,16,350,379,4,383,733
03/30/2023,DWH,TX,ASW,CE,Towers with Radar,0,4,55,2,61,0,4,25,7,36,0,8,80,9,97,136,2,138,235
03/31/2023,DWH,TX,ASW,CE,Towers with Radar,0,4,50,2,56,0,2,102,6,110,0,6,152,8,166,218,0,218,384
04/01/2023,DWH,TX,ASW,CE,Towers with Radar,0,2,43,0,45,0,5,274,1,280,0,7,317,1,325,263,0,263,588
04/02/2023,DWH,TX,ASW,CE,Towers with Radar,0,3,61,0,64,0,4,86,4,94,0,7,147,4,158,316,0,316,474
04/03/2023,DWH,TX,ASW,CE,Towers with Radar,0,4,46,2,52,0,9,143,9,161,0,13,189,11,213,427,2,429,642
04/04/2023,DWH,TX,ASW,CE,Towers with Radar,0,7,58,3,68,0,2,96,13,111,0,9,154,16,179,230,16,246,425
04/05/2023,DWH,TX,ASW,CE,Towers with Radar,0,9,39,0,48,0,0,9,3,12,0,9,48,3,60,76,24,100,160
04/06/2023,DWH,TX,ASW,CE,Towers with Radar,0,12,29,0,41,0,0,0,0,0,0,12,29,0,41,6,4,10,51
04/07/2023,DWH,TX,ASW,CE,Towers with Radar,0,0,16,0,16,0,0,0,0,0,0,0,16,0,16,0,0,0,16
04/08/2023,DWH,TX,ASW,CE,Towers with Radar,0,6,31,0,37,0,7,47,0,54,0,13,78,0,91,232,0,232,323
04/09/2023,DWH,TX,ASW,CE,Towers with Radar,0,6,38,0,44,0,3,145,0,148,0,9,183,0,192,391,0,391,583
04/10/2023,DWH,TX,ASW,CE,Towers with Radar,0,8,78,0,86,0,5,163,3,171,0,13,241,3,257,421,0,421,678
04/11/2023,DWH,TX,ASW,CE,Towers with Radar,0,15,29,2,46,0,3,257,7,267,0,18,286,9,313,329,0,329,642
04/12/2023,DWH,TX,ASW,CE,Towers with Radar,0,1,29,3,33,0,5,204,12,221,0,6,233,15,254,264,0,264,518
04/13/2023,DWH,TX,ASW,CE,Towers with Radar,0,6,57,0,63,0,6,304,10,320,0,12,361,10,383,416,0,416,799
04/14/2023,DWH,TX,ASW,CE,Towers with Radar,0,8,44,4,56,0,5,211,3,219,0,13,255,7,275,322,0,322,597
04/15/2023,DWH,TX,ASW,CE,Towers with Radar,0,1,11,0,12,0,0,21,1,22,0,1,32,1,34,42,0,42,76
04/16/2023,DWH,TX,ASW,CE,Towers with Radar,0,5,38,2,45,0,4,245,6,255,0,9,283,8,300,253,0,253,553
04/17/2023,DWH,TX,ASW,CE,Towers with Radar,0,7,44,1,52,0,5,245,8,258,0,12,289,9,310,272,0,272,582
04/18/2023,DWH,TX,ASW,CE,Towers with Radar,0,4,47,0,51,0,4,106,8,118,0,8,153,8,169,244,0,244,413
04/19/2023,DWH,TX,ASW,CE,Towers with Radar,0,3,61,1,65,0,1,237,11,249,0,4,298,12,314,340,2,342,656
04/20/2023,DWH,TX,ASW,CE,Towers with Radar,0,5,80,0,85,0,2,66,4,72,0,7,146,4,157,261,0,261,418
04/21/2023,DWH,TX,ASW,CE,Towers with Radar,0,9,62,0,71,0,5,185,1,191,0,14,247,1,262,386,0,386,648
04/22/2023,DWH,TX,ASW,CE,Towers with Radar,0,3,36,0,39,0,2,151,0,153,0,5,187,0,192,103,0,103,295
04/23/2023,DWH,TX,ASW,CE,Towers with Radar,0,12,35,2,49,0,2,79,0,81,0,14,114,2,130,115,0,115,245
04/24/2023,DWH,TX,ASW,CE,Towers with Radar,0,14,40,1,55,0,3,291,4,298,0,17,331,5,353,336,0,336,689
04/25/2023,DWH,TX,ASW,CE,Towers with Radar,0,3,47,2,52,0,4,155,3,162,0,7,202,5,214,395,0,395,609
04/26/2023,DWH,TX,ASW,CE,Towers with Radar,0,12,82,0,94,0,7,87,8,102,0,19,169,8,196,302,0,302,498
04/27/2023,DWH,TX,ASW,CE,Towers with Radar,0,8,51,1,60,0,4,119,3,126,0,12,170,4,186,369,0,369,555
04/28/2023,DWH,TX,ASW,CE,Towers with Radar,0,3,53,2,58,0,2,288,1,291,0,5,341,3,349,402,0,402,751
04/29/2023,DWH,TX,ASW,CE,Towers with Radar,0,7,26,0,33,0,0,75,0,75,0,7,101,0,108,55,0,55,163
04/30/2023,DWH,TX,ASW,CE,Towers with Radar,0,8,37,0,45,0,4,292,1,297,0,12,329,1,342,360,0,360,702
05/01/2023,DWH,TX,ASW,CE,Towers with Radar,0,3,37,0,40,0,2,239,1,242,0,5,276,1,282,416,0,416,698
05/02/2023,DWH,TX,ASW,CE,Towers with Radar,0,5,62,0,67,0,3,141,0,144,0,8,203,0,211,384,0,384,595
05/03/2023,DWH,TX,ASW,CE,Towers with Radar,0,13,43,2,58,0,0,281,3,284,0,13,324,5,342,460,0,460,802
05/04/2023,DWH,TX,ASW,CE,Towers with Radar,0,5,68,4,77,0,5,113,8,126,0,10,181,12,203,672,0,672,875
05/05/2023,DWH,TX,ASW,CE,Towers with Radar,0,9,53,1,63,0,5,144,3,152,0,14,197,4,215,338,0,338,553
05/06/2023,DWH,TX,ASW,CE,Towers with Radar,0,1,64,0,65,0,0,164,0,164,0,1,228,0,229,436,0,436,665
05/07/2023,DWH,TX,ASW,CE,Towers with Radar,0,6,35,0,41,0,5,41,0,46,0,11,76,0,87,82,0,82,169
05/08/2023,DWH,TX,ASW,CE,Towers with Radar,0,6,58,6,70,0,1,21,3,25,0,7,79,9,95,18,0,18,113
05/09/2023,DWH,TX,ASW,CE,Towers with Radar,0,11,31,0,42,0,1,27,18,46,0,12,58,18,88,51,22,73,161
05/10/2023,DWH,TX,ASW,CE,Towers with Radar,0,19,30,0,49,0,2,5,5,12,0,21,35,5,61,22,0,22,83
05/11/2023,DWH,TX,ASW,CE,Towers with Radar,0,5,53,2,60,0,8,138,6,152,0,13,191,8,212,395,0,395,607
05/12/2023,DWH,TX,ASW,CE,Towers with Radar,1,5,70,1,77,0,3,155,9,167,1,8,225,10,244,271,0,271,515
05/13/2023,DWH,TX,ASW,CE,Towers with Radar,0,5,6,0,11,0,0,14,0,14,0,5,20,0,25,68,0,68,93
05/14/2023,DWH,TX,ASW,CE,Towers with Radar,0,7,28,0,35,0,1,25,0,26,0,8,53,0,61,88,0,88,149
05/15/2023,DWH,TX,ASW,CE,Towers with Radar,0,9,35,3,47,0,0,24,6,30,0,9,59,9,77,30,0,30,107
05/16/2023,DWH,TX,ASW,CE,Towers with Radar,0,5,35,4,44,0,3,159,10,172,0,8,194,14,216,403,8,411,627
05/17/2023,DWH,TX,ASW,CE,Towers with Radar,0,9,56,2,67,0,4,273,8,285,0,13,329,10,352,288,44,332,684
05/18/2023,DWH,TX,ASW,CE,Towers with Radar,0,13,55,0,68,0,0,276,7,283,0,13,331,7,351,277,2,279,630
05/19/2023,DWH,TX,ASW,CE,Towers with Radar,0,8,49,0,57,0,4,246,4,254,0,12,295,4,311,282,0,282,593
05/20/2023,DWH,TX,ASW,CE,Towers with Radar,0,5,34,0,39,0,6,232,7,245,0,11,266,7,284,388,0,388,672
05/21/2023,DWH,TX,ASW,CE,Towers with Radar,0,10,55,1,66,0,2,97,5,104,0,12,152,6,170,490,0,490,660
05/22/2023,DWH,TX,ASW,CE,Towers with Radar,0,3,35,1,39,0,3,239,9,251,0,6,274,10,290,372,2,374,664
05/23/2023,DWH,TX,ASW,CE,Towers with Radar,0,9,35,3,47,0,2,154,9,165,0,11,189,12,212,226,24,250,462
05/24/2023,DWH,TX,ASW,CE,Towers with Radar,0,3,68,1,72,0,5,201,9,215,0,8,269,10,287,366,4,370,657
05/25/2023,DWH,TX,ASW,CE,Towers with Radar,0,3,57,1,61,0,1,225,11,237,0,4,282,12,298,395,0,395,693
05/26/2023,DWH,TX,ASW,CE,Towers with Radar,0,10,46,0,56,0,2,230,1,233,0,12,276,1,289,304,0,304,593
05/27/2023,DWH,TX,ASW,CE,Towers with Radar,0,11,34,0,45,0,3,242,0,245,0,14,276,0,290,196,0,196,486
05/28/2023,DWH,TX,ASW,CE,Towers with Radar,0,2,29,0,31,0,4,145,2,151,0,6,174,2,182,166,0,166,348
05/29/2023,DWH,TX,ASW,CE,Towers with Radar,0,1,26,0,27,0,4,160,0,164,0,5,186,0,191,438,0,438,629
05/30/2023,DWH,TX,ASW,CE,Towers with Radar,0,6,38,4,48,0,9,180,9,198,0,15,218,13,246,327,0,327,573
05/31/2023,DWH,TX,ASW,CE,Towers with Radar,0,7,45,3,55,0,3,192,13,208,0,10,237,16,263,421,2,423,686
06/01/2023,DWH,TX,ASW,CE,Towers with Radar,0,4,50,0,54,0,6,203,16,225,0,10,253,16,279,360,8,368,647
06/02/2023,DWH,TX,ASW,CE,Towers with Radar,0,1,47,0,48,0,3,215,3,221,0,4,262,3,269,393,0,393,662
06/03/2023,DWH,TX,ASW,CE,Towers with Radar,0,6,44,0,50,0,3,208,1,212,0,9,252,1,262,368,0,368,630
06/04/2023,DWH,TX,ASW,CE,Towers with Radar,0,6,47,1,54,0,5,128,1,134,0,11,175,2,188,352,0,352,540
06/05/2023,DWH,TX,ASW,CE,Towers with Radar,0,7,26,0,33,0,1,115,11,127,0,8,141,11,160,230,0,230,390
06/06/2023,DWH,TX,ASW,CE,Towers with Radar,0,2,60,3,65,0,2,85,9,96,0,4,145,12,161,205,24,229,390
06/07/2023,DWH,TX,ASW,CE,Towers with Radar,0,1,34,1,36,0,5,177,8,190,0,6,211,9,226,257,5,262,488
06/08/2023,DWH,TX,ASW,CE,Towers with Radar,0,8,46,1,55,0,10,190,7,207,0,18,236,8,262,296,0,296,558
06/09/2023,DWH,TX,ASW,CE,Towers with Radar,0,10,40,0,50,0,5,304,6,315,0,15,344,6,365,320,0,320,685
06/10/2023,DWH,TX,ASW,CE,Towers with Radar,0,4,34,0,38,0,7,189,0,196,0,11,223,0,234,306,0,306,540
06/11/2023,DWH,TX,ASW,CE,Towers with Radar,0,11,38,0,49,0,5,186,0,191,0,16,224,0,240,243,0,243,483
06/12/2023,DWH,TX,ASW,CE,Towers with Radar,0,2,36,2,40,0,2,150,3,155,0,4,186,5,195,343,0,343,538
06/13/2023,DWH,TX,ASW,CE,Towers with Radar,0,4,47,4,55,0,3,169,9,181,0,7,216,13,236,332,0,332,568
06/14/2023,DWH,TX,ASW,CE,Towers with Radar,0,13,49,3,65,0,5,159,11,175,0,18,208,14,240,416,0,416,656
06/15/2023,DWH,TX,ASW,CE,Towers with Radar,0,12,57,4,73,0,3,181,6,190,0,15,238,10,263,271,0,271,534
06/16/2023,DWH,TX,ASW,CE,Towers with Radar,0,6,41,4,51,0,7,172,2,181,0,13,213,6,232,186,0,186,418
06/17/2023,DWH,TX,ASW,CE,Towers with Radar,0,3,48,0,51,0,5,163,2,170,0,8,211,2,221,254,0,254,475
06/18/2023,DWH,TX,ASW,CE,Towers with Radar,0,8,27,0,35,0,11,139,0,150,0,19,166,0,185,184,0,184,369
06/19/2023,DWH,TX,ASW,CE,Towers with Radar,0,5,45,0,50,0,0,149,0,149,0,5,194,0,199,246,0,246,445
06/20/2023,DWH,TX,ASW,CE,Towers with Radar,0,3,42,3,48,0,1,177,9,187,0,4,219,12,235,354,0,354,589
06/21/2023,DWH,TX,ASW,CE,Towers with Radar,0,6,46,4,56,0,2,189,19,210,0,8,235,23,266,414,0,414,680
06/22/2023,DWH,TX,ASW,CE,Towers with Radar,0,12,32,5,49,0,2,153,14,169,0,14,185,19,218,220,1,221,439
06/23/2023,DWH,TX,ASW,CE,Towers with Radar,0,6,44,0,50,0,2,143,2,147,0,8,187,2,197,323,0,323,520
06/24/2023,DWH,TX,ASW,CE,Towers with Radar,0,7,52,1,60,0,1,161,2,164,0,8,213,3,224,397,0,397,621
06/25/2023,DWH,TX,ASW,CE,Towers with Radar,0,8,40,0,48,0,8,134,5,147,0,16,174,5,195,306,0,306,501
06/26/2023,DWH,TX,ASW,CE,Towers with Radar,0,3,40,4,47,0,6,156,8,170,0,9,196,12,217,394,0,394,611
06/27/2023,DWH,TX,ASW,CE,Towers with Radar,0,5,50,1,56,0,4,160,14,178,0,9,210,15,234,312,2,314,548
06/28/2023,DWH,TX,ASW,CE,Towers with Radar,0,7,47,4,58,0,5,156,8,169,0,12,203,12,227,318,4,322,549
06/29/2023,DWH,TX,ASW,CE,Towers with Radar,0,8,46,3,57,0,0,209,4,213,0,8,255,7,270,443,0,443,713
06/30/2023,DWH,TX,ASW,CE,Towers with Radar,0,9,53,1,63,0,3,216,2,221,0,12,269,3,284,354,0,354,638
07/01/2023,DWH,TX,ASW,CE,Towers with Radar,0,3,35,2,40,0,2,170,0,172,0,5,205,2,212,232,0,232,444
07/02/2023,DWH,TX,ASW,CE,Towers with Radar,0,8,26,0,34,0,2,123,0,125,0,10,149,0,159,224,6,230,389
07/03/2023,DWH,TX,ASW,CE,Towers with Radar,0,0,16,0,16,0,1,141,4,146,0,1,157,4,162,272,0,272,434
07/04/2023,DWH,TX,ASW,CE,Towers with Radar,0,2,16,0,18,0,7,71,0,78,0,9,87,0,96,197,0,197,293
07/05/2023,DWH,TX,ASW,CE,Towers with Radar,0,8,29,1,38,0,4,81,8,93,0,12,110,9,131,194,4,198,329
07/06/2023,DWH,TX,ASW,CE,Towers with Radar,0,2,36,1,39,0,3,63,6,72,0,5,99,7,111,138,2,140,251
07/07/2023,DWH,TX,ASW,CE,Towers with Radar,0,6,33,0,39,0,4,137,2,143,0,10,170,2,182,260,0,260,442
07/08/2023,DWH,TX,ASW,CE,Towers with Radar,0,11,33,0,44,0,2,172,0,174,0,13,205,0,218,326,0,326,544
07/09/2023,DWH,TX,ASW,CE,Towers with Radar,0,5,28,0,33,0,3,99,0,102,0,8,127,0,135,198,0,198,333
07/10/2023,DWH,TX,ASW,CE,Towers with Radar,0,11,49,0,60,0,4,135,0,139,0,15,184,0,199,124,0,124,323
07/11/2023,DWH,TX,ASW,CE,Towers with Radar,0,6,36,2,44,0,0,156,9,165,0,6,192,11,209,361,0,361,570
07/12/2023,DWH,TX,ASW,CE,Towers with Radar,0,0,40,1,41,0,4,126,12,142,0,4,166,13,183,241,0,241,424
07/13/2023,DWH,TX,ASW,CE,Towers with Radar,0,12,39,2,53,0,6,186,8,200,0,18,225,10,253,262,4,266,519
07/14/2023,DWH,TX,ASW,CE,Towers with Radar,0,2,43,1,46,0,2,145,9,156,0,4,188,10,202,294,2,296,498
07/15/2023,DWH,TX,ASW,CE,Towers with Radar,0,1,33,1,35,0,3,143,2,148,0,4,176,3,183,228,2,230,413
07/16/2023,DWH,TX,ASW,CE,Towers with Radar,0,5,47,0,52,0,6,154,2,162,0,11,201,2,214,310,0,310,524
07/17/2023,DWH,TX,ASW,CE,Towers with Radar,0,3,36,0,39,0,8,164,11,183,0,11,200,11,222,308,0,308,530
07/18/2023,DWH,TX,ASW,CE,Towers with Radar,0,4,43,3,50,0,7,178,9,194,0,11,221,12,244,434,4,438,682
07/19/2023,DWH,TX,ASW,CE,Towers with Radar,0,6,58,3,67,0,1,164,8,173,0,7,222,11,240,367,0,367,607
07/20/2023,DWH,TX,ASW,CE,Towers with Radar,0,0,34,0,34,0,4,206,13,223,0,4,240,13,257,514,0,514,771
07/21/2023,DWH,TX,ASW,CE,Towers with Radar,0,8,55,0,63,0,2,166,3,171,0,10,221,3,234,402,0,402,636
07/22/2023,DWH,TX,ASW,CE,Towers with Radar,0,2,39,0,41,0,4,197,1,202,0,6,236,1,243,386,0,386,629
07/23/2023,DWH,TX,ASW,CE,Towers with Radar,0,4,29,0,33,0,5,157,3,165,0,9,186,3,198,238,2,240,438
07/24/2023,DWH,TX,ASW,CE,Towers with Radar,0,8,31,0,39,0,11,130,5,146,0,19,161,5,185,284,0,284,469
07/25/2023,DWH,TX,ASW,CE,Towers with Radar,0,7,46,6,59,0,2,138,10,150,0,9,184,16,209,261,6,267,476
07/26/2023,DWH,TX,ASW,CE,Towers with Radar,0,3,45,0,48,0,3,150,11,164,0,6,195,11,212,210,2,212,424
07/27/2023,DWH,TX,ASW,CE,Towers with Radar,0,10,46,4,60,0,6,188,13,207,0,16,234,17,267,262,0,262,529
07/28/2023,DWH,TX,ASW,CE,Towers with Radar,0,8,34,0,42,0,5,164,4,173,0,13,198,4,215,340,0,340,555
07/29/2023,DWH,TX,ASW,CE,Towers with Radar,0,6,29,0,35,0,4,189,1,194,0,10,218,1,229,284,0,284,513
07/30/2023,DWH,TX,ASW,CE,Towers with Radar,0,8,49,0,57,0,2,186,2,190,0,10,235,2,247,348,0,348,595
07/31/2023,DWH,TX,ASW,CE,Towers with Radar,0,5,42,1,48,0,5,192,2,199,0,10,234,3,247,320,0,320,567
08/01/2023,DWH,TX,ASW,CE,Towers with Radar,0,3,31,3,37,0,0,164,5,169,0,3,195,8,206,301,0,301,507
08/02/2023,DWH,TX,ASW,CE,Towers with Radar,0,6,40,2,48,0,1,172,3,176,0,7,212,5,224,288,4,292,516
08/03/2023,DWH,TX,ASW,CE,Towers with Radar,0,11,42,1,54,0,3,199,6,208,0,14,241,7,262,256,22,278,540
08/04/2023,DWH,TX,ASW,CE,Towers with Radar,0,2,44,0,46,0,8,139,0,147,0,10,183,0,193,335,0,335,528
08/05/2023,DWH,TX,ASW,CE,Towers with Radar,0,4,41,0,45,0,2,178,1,181,0,6,219,1,226,292,0,292,518
08/06/2023,DWH,TX,ASW,CE,Towers with Radar,0,2,43,0,45,0,2,145,2,149,0,4,188,2,194,299,0,299,493
08/07/2023,DWH,TX,ASW,CE,Towers with Radar,0,5,48,2,55,0,4,137,3,144,0,9,185,5,199,206,0,206,405
08/08/2023,DWH,TX,ASW,CE,Towers with Radar,0,6,41,0,47,0,3,151,4,158,0,9,192,4,205,315,0,315,520
08/09/2023,DWH,TX,ASW,CE,Towers with Radar,0,10,57,0,67,0,4,120,2,126,0,14,177,2,193,162,0,162,355
08/10/2023,DWH,TX,ASW,CE,Towers with Radar,0,6,45,3,54,0,2,184,6,192,0,8,229,9,246,291,2,293,539
08/11/2023,DWH,TX,ASW,CE,Towers with Radar,0,8,28,1,37,0,2,142,3,147,0,10,170,4,184,207,0,207,391
08/12/2023,DWH,TX,ASW,CE,Towers with Radar,0,1,34,0,35,0,4,157,0,161,0,5,191,0,196,326,0,326,522
08/13/2023,DWH,TX,ASW,CE,Towers with Radar,0,6,36,0,42,0,2,142,0,144,0,8,178,0,186,313,0,313,499
08/14/2023,DWH,TX,ASW,CE,Towers with Radar,0,7,50,1,58,0,4,190,2,196,0,11,240,3,254,293,2,295,549
08/15/2023,DWH,TX,ASW,CE,Towers with Radar,0,5,37,0,42,0,3,191,6,200,0,8,228,6,242,232,0,232,474
08/16/2023,DWH,TX,ASW,CE,Towers with Radar,0,7,39,6,52,0,5,243,1,249,0,12,282,7,301,278,0,278,579
08/17/2023,DWH,TX,ASW,CE,Towers with Radar,0,3,45,0,48,0,1,200,0,201,0,4,245,0,249,300,0,300,549
08/18/2023,DWH,TX,ASW,CE,Towers with Radar,0,1,32,0,33,0,7,173,0,180,0,8,205,0,213,260,0,260,473
08/19/2023,DWH,TX,ASW,CE,Towers with Radar,0,3,32,2,37,0,2,153,0,155,0,5,185,2,192,139,0,139,331
08/20/2023,DWH,TX,ASW,CE,Towers with Radar,0,3,37,2,42,0,2,188,0,190,0,5,225,2,232,280,0,280,512
08/21/2023,DWH,TX,ASW,CE,Towers with Radar,0,4,32,1,37,0,3,162,6,171,0,7,194,7,208,179,2,181,389
08/22/2023,DWH,TX,ASW,CE,Towers with Radar,0,6,32,1,39,0,3,120,7,130,0,9,152,8,169,164,12,176,345
08/23/2023,DWH,TX,ASW,CE,Towers with Radar,0,4,39,3,46,0,4,180,3,187,0,8,219,6,233,299,0,299,532
08/24/2023,DWH,TX,ASW,CE,Towers with Radar,0,5,61,1,67,0,9,187,12,208,0,14,248,13,275,136,0,136,411
08/25/2023,DWH,TX,ASW,CE,Towers with Radar,0,7,46,1,54,0,0,194,3,197,0,7,240,4,251,312,0,312,563
08/26/2023,DWH,TX,ASW,CE,Towers with Radar,0,5,19,0,24,0,2,208,0,210,0,7,227,0,234,342,0,342,576
08/27/2023,DWH,TX,ASW,CE,Towers with Radar,0,3,20,0,23,0,1,163,0,164,0,4,183,0,187,219,0,219,406
08/28/2023,DWH,TX,ASW,CE,Towers with Radar,0,5,30,2,37,0,8,131,6,145,0,13,161,8,182,282,0,282,464
08/29/2023,DWH,TX,ASW,CE,Towers with Radar,0,0,29,0,29,0,4,172,11,187,0,4,201,11,216,249,0,249,465
08/30/2023,DWH,TX,ASW,CE,Towers with Radar,0,14,28,0,42,0,3,177,4,184,0,17,205,4,226,248,14,262,488
08/31/2023,DWH,TX,ASW,CE,Towers with Radar,0,4,33,2,39,0,3,183,11,197,0,7,216,13,236,278,14,292,528
