01/01/2020,DXR,CT,ANE,EN,Federal Contract Tower,0,4,8,0,12,0,2,22,0,24,0,6,30,0,36,38,0,38,74
01/02/2020,DXR,CT,ANE,EN,Federal Contract Tower,0,0,4,0,4,0,0,0,0,0,0,0,4,0,4,96,0,96,100
01/03/2020,DXR,CT,ANE,EN,Federal Contract Tower,0,0,4,0,4,0,0,0,0,0,0,0,4,0,4,4,0,4,8
01/04/2020,DXR,CT,ANE,EN,Federal Contract Tower,0,0,1,0,1,0,0,0,0,0,0,0,1,0,1,0,0,0,1
01/05/2020,DXR,CT,ANE,EN,Federal Contract Tower,0,1,0,0,1,0,3,4,0,7,0,4,4,0,8,4,0,4,12
01/06/2020,DXR,CT,ANE,EN,Federal Contract Tower,0,0,6,0,6,0,1,24,0,25,0,1,30,0,31,32,0,32,63
01/07/2020,DXR,CT,ANE,EN,Federal Contract Tower,0,6,4,0,10,0,2,78,2,82,0,8,82,2,92,36,0,36,128
01/08/2020,DXR,CT,ANE,EN,Federal Contract Tower,0,1,2,1,4,0,1,12,1,14,0,2,14,2,18,26,0,26,44
01/09/2020,DXR,CT,ANE,EN,Federal Contract Tower,0,0,2,0,2,0,0,87,0,87,0,0,89,0,89,126,0,126,215
01/10/2020,DXR,CT,ANE,EN,Federal Contract Tower,0,2,3,0,5,0,4,30,0,34,0,6,33,0,39,50,0,50,89
01/11/2020,DXR,CT,ANE,EN,Federal Contract Tower,0,0,2,0,2,0,0,11,0,11,0,0,13,0,13,16,0,16,29
01/12/2020,DXR,CT,ANE,EN,Federal Contract Tower,0,0,2,0,2,0,0,8,0,8,0,0,10,0,10,12,0,12,22
01/13/2020,DXR,CT,ANE,EN,Federal Contract Tower,0,0,9,0,9,0,0,4,0,4,0,0,13,0,13,20,0,20,33
01/14/2020,DXR,CT,ANE,EN,Federal Contract Tower,0,2,7,0,9,0,2,13,0,15,0,4,20,0,24,42,0,42,66
01/15/2020,DXR,CT,ANE,EN,Federal Contract Tower,0,2,5,0,7,0,6,109,0,115,0,8,114,0,122,80,4,84,206
01/16/2020,DXR,CT,ANE,EN,Federal Contract Tower,0,1,2,0,3,0,0,0,0,0,0,1,2,0,3,4,0,4,7
01/17/2020,DXR,CT,ANE,EN,Federal Contract Tower,0,0,2,0,2,0,4,47,0,51,0,4,49,0,53,12,0,12,65
01/18/2020,DXR,CT,ANE,EN,Federal Contract Tower,0,0,0,0,0,0,1,27,0,28,0,1,27,0,28,110,0,110,138
01/19/2020,DXR,CT,ANE,EN,Federal Contract Tower,0,1,1,0,2,0,1,40,0,41,0,2,41,0,43,40,0,40,83
01/21/2020,DXR,CT,ANE,EN,Federal Contract Tower,0,0,5,0,5,0,1,48,0,49,0,1,53,0,54,82,0,82,136
01/22/2020,DXR,CT,ANE,EN,Federal Contract Tower,0,0,0,0,0,0,3,119,0,122,0,3,119,0,122,116,6,122,244
01/23/2020,DXR,CT,ANE,EN,Federal Contract Tower,0,0,4,0,4,0,2,102,0,104,0,2,106,0,108,116,0,116,224
01/24/2020,DXR,CT,ANE,EN,Federal Contract Tower,0,0,3,0,3,0,3,94,0,97,0,3,97,0,100,80,0,80,180
01/25/2020,DXR,CT,ANE,EN,Federal Contract Tower,0,0,1,0,1,0,0,0,0,0,0,0,1,0,1,0,0,0,1
01/26/2020,DXR,CT,ANE,EN,Federal Contract Tower,0,0,2,0,2,0,2,64,0,66,0,2,66,0,68,134,0,134,202
01/27/2020,DXR,CT,ANE,EN,Federal Contract Tower,0,1,0,0,1,0,3,35,0,38,0,4,35,0,39,70,0,70,109
01/28/2020,DXR,CT,ANE,EN,Federal Contract Tower,0,5,0,0,5,0,2,20,2,24,0,7,20,2,29,46,0,46,75
01/29/2020,DXR,CT,ANE,EN,Federal Contract Tower,0,2,1,0,3,0,1,65,0,66,0,3,66,0,69,26,0,26,95
01/30/2020,DXR,CT,ANE,EN,Federal Contract Tower,0,0,2,0,2,0,3,62,0,65,0,3,64,0,67,166,0,166,233
01/31/2020,DXR,CT,ANE,EN,Federal Contract Tower,0,3,1,0,4,0,1,80,5,86,0,4,81,5,90,94,0,94,184
02/02/2020,DXR,CT,ANE,EN,Federal Contract Tower,0,2,5,0,7,0,0,58,10,68,0,2,63,10,75,128,0,128,203
02/03/2020,DXR,CT,ANE,EN,Federal Contract Tower,0,0,3,0,3,0,0,57,0,57,0,0,60,0,60,114,0,114,174
02/04/2020,DXR,CT,ANE,EN,Federal Contract Tower,0,1,4,0,5,0,2,36,0,38,0,3,40,0,43,58,0,58,101
02/05/2020,DXR,CT,ANE,EN,Federal Contract Tower,0,1,4,0,5,0,1,41,0,42,0,2,45,0,47,36,0,36,83
02/06/2020,DXR,CT,ANE,EN,Federal Contract Tower,0,0,0,0,0,0,0,0,0,0,0,0,0,0,0,0,0,0,0
02/07/2020,DXR,CT,ANE,EN,Federal Contract Tower,0,2,0,0,2,0,0,0,0,0,0,2,0,0,2,0,0,0,2
02/08/2020,DXR,CT,ANE,EN,Federal Contract Tower,0,0,5,0,5,0,3,55,0,58,0,3,60,0,63,130,0,130,193
02/09/2020,DXR,CT,ANE,EN,Federal Contract Tower,0,1,1,0,2,0,1,83,0,84,0,2,84,0,86,198,0,198,284
02/10/2020,DXR,CT,ANE,EN,Federal Contract Tower,0,1,2,0,3,0,0,0,0,0,0,1,2,0,3,0,0,0,3
02/11/2020,DXR,CT,ANE,EN,Federal Contract Tower,0,2,1,0,3,0,1,0,0,1,0,3,1,0,4,0,0,0,4
02/12/2020,DXR,CT,ANE,EN,Federal Contract Tower,0,0,3,0,3,0,3,116,0,119,0,3,119,0,122,68,0,68,190
02/13/2020,DXR,CT,ANE,EN,Federal Contract Tower,0,3,5,0,8,0,0,0,0,0,0,3,5,0,8,0,0,0,8
02/14/2020,DXR,CT,ANE,EN,Federal Contract Tower,0,0,2,0,2,0,6,43,0,49,0,6,45,0,51,10,0,10,61
02/15/2020,DXR,CT,ANE,EN,Federal Contract Tower,0,0,5,0,5,0,2,77,0,79,0,2,82,0,84,166,0,166,250
02/16/2020,DXR,CT,ANE,EN,Federal Contract Tower,0,1,0,0,1,0,2,101,2,105,0,3,101,2,106,110,0,110,216
02/17/2020,DXR,CT,ANE,EN,Federal Contract Tower,0,1,3,0,4,0,6,131,0,137,0,7,134,0,141,118,0,118,259
02/18/2020,DXR,CT,ANE,EN,Federal Contract Tower,0,0,6,0,6,0,0,0,0,0,0,0,6,0,6,0,0,0,6
02/19/2020,DXR,CT,ANE,EN,Federal Contract Tower,0,0,3,2,5,0,2,40,0,42,0,2,43,2,47,30,0,30,77
02/20/2020,DXR,CT,ANE,EN,Federal Contract Tower,0,0,1,0,1,0,0,60,0,60,0,0,61,0,61,80,0,80,141
02/21/2020,DXR,CT,ANE,EN,Federal Contract Tower,0,0,5,0,5,0,5,87,0,92,0,5,92,0,97,108,0,108,205
02/22/2020,DXR,CT,ANE,EN,Federal Contract Tower,0,0,2,0,2,0,2,95,0,97,0,2,97,0,99,138,0,138,237
02/23/2020,DXR,CT,ANE,EN,Federal Contract Tower,0,0,5,0,5,0,3,134,2,139,0,3,139,2,144,138,0,138,282
02/24/2020,DXR,CT,ANE,EN,Federal Contract Tower,0,0,5,0,5,0,1,112,0,113,0,1,117,0,118,134,2,136,254
02/25/2020,DXR,CT,ANE,EN,Federal Contract Tower,0,2,2,0,4,0,1,38,0,39,0,3,40,0,43,32,0,32,75
02/26/2020,DXR,CT,ANE,EN,Federal Contract Tower,0,1,5,0,6,0,0,0,0,0,0,1,5,0,6,0,0,0,6
02/27/2020,DXR,CT,ANE,EN,Federal Contract Tower,0,0,2,0,2,0,0,0,0,0,0,0,2,0,2,2,0,2,4
02/28/2020,DXR,CT,ANE,EN,Federal Contract Tower,0,0,4,0,4,0,6,29,0,35,0,6,33,0,39,8,0,8,47
02/29/2020,DXR,CT,ANE,EN,Federal Contract Tower,0,0,2,0,2,0,3,55,0,58,0,3,57,0,60,74,0,74,134
03/01/2020,DXR,CT,ANE,EN,Federal Contract Tower,0,1,2,0,3,0,5,93,0,98,0,6,95,0,101,70,0,70,171
03/02/2020,DXR,CT,ANE,EN,Federal Contract Tower,0,0,2,0,2,0,4,100,0,104,0,4,102,0,106,102,0,102,208
03/03/2020,DXR,CT,ANE,EN,Federal Contract Tower,0,0,3,0,3,0,0,31,0,31,0,0,34,0,34,60,0,60,94
03/04/2020,DXR,CT,ANE,EN,Federal Contract Tower,0,0,2,0,2,0,3,21,0,24,0,3,23,0,26,0,0,0,26
03/05/2020,DXR,CT,ANE,EN,Federal Contract Tower,0,0,2,0,2,0,4,111,3,118,0,4,113,3,120,156,4,160,280
03/06/2020,DXR,CT,ANE,EN,Federal Contract Tower,0,3,9,0,12,0,1,23,0,24,0,4,32,0,36,42,0,42,78
03/07/2020,DXR,CT,ANE,EN,Federal Contract Tower,0,0,3,0,3,0,4,20,0,24,0,4,23,0,27,0,0,0,27
03/08/2020,DXR,CT,ANE,EN,Federal Contract Tower,0,1,3,0,4,0,2,179,4,185,0,3,182,4,189,162,0,162,351
03/09/2020,DXR,CT,ANE,EN,Federal Contract Tower,0,1,0,0,1,0,3,91,0,94,0,4,91,0,95,70,0,70,165
03/10/2020,DXR,CT,ANE,EN,Federal Contract Tower,0,0,1,0,1,0,0,32,0,32,0,0,33,0,33,44,0,44,77
03/11/2020,DXR,CT,ANE,EN,Federal Contract Tower,0,1,2,0,3,0,2,89,0,91,0,3,91,0,94,116,0,116,210
03/12/2020,DXR,CT,ANE,EN,Federal Contract Tower,0,2,8,0,10,0,1,26,0,27,0,3,34,0,37,54,0,54,91
03/13/2020,DXR,CT,ANE,EN,Federal Contract Tower,0,1,2,0,3,0,2,9,0,11,0,3,11,0,14,4,0,4,18
03/14/2020,DXR,CT,ANE,EN,Federal Contract Tower,0,0,4,0,4,0,5,60,0,65,0,5,64,0,69,66,0,66,135
03/15/2020,DXR,CT,ANE,EN,Federal Contract Tower,0,0,2,0,2,0,2,112,0,114,0,2,114,0,116,96,0,96,212
03/16/2020,DXR,CT,ANE,EN,Federal Contract Tower,0,0,1,0,1,0,1,56,0,57,0,1,57,0,58,90,0,90,148
03/17/2020,DXR,CT,ANE,EN,Federal Contract Tower,0,0,0,0,0,0,0,1,0,1,0,0,1,0,1,0,0,0,1
03/18/2020,DXR,CT,ANE,EN,Federal Contract Tower,0,0,7,0,7,0,8,144,0,152,0,8,151,0,159,164,0,164,323
03/19/2020,DXR,CT,ANE,EN,Federal Contract Tower,0,0,0,0,0,0,0,0,0,0,0,0,0,0,0,0,0,0,0
03/20/2020,DXR,CT,ANE,EN,Federal Contract Tower,0,0,1,0,1,0,0,8,0,8,0,0,9,0,9,2,0,2,11
03/21/2020,DXR,CT,ANE,EN,Federal Contract Tower,0,2,0,0,2,0,2,47,0,49,0,4,47,0,51,28,0,28,79
03/22/2020,DXR,CT,ANE,EN,Federal Contract Tower,0,1,0,0,1,0,0,66,0,66,0,1,66,0,67,82,0,82,149
03/23/2020,DXR,CT,ANE,EN,Federal Contract Tower,0,0,0,0,0,0,0,0,0,0,0,0,0,0,0,0,0,0,0
03/24/2020,DXR,CT,ANE,EN,Federal Contract Tower,0,0,2,0,2,0,0,29,0,29,0,0,31,0,31,6,0,6,37
03/25/2020,DXR,CT,ANE,EN,Federal Contract Tower,0,3,2,0,5,0,1,1,0,2,0,4,3,0,7,0,0,0,7
03/26/2020,DXR,CT,ANE,EN,Federal Contract Tower,0,0,1,0,1,0,0,0,0,0,0,0,1,0,1,34,0,34,35
03/27/2020,DXR,CT,ANE,EN,Federal Contract Tower,0,0,1,0,1,0,2,30,0,32,0,2,31,0,33,26,0,26,59
03/28/2020,DXR,CT,ANE,EN,Federal Contract Tower,0,2,2,0,4,0,0,20,0,20,0,2,22,0,24,10,0,10,34
03/29/2020,DXR,CT,ANE,EN,Federal Contract Tower,0,0,0,0,0,0,0,0,0,0,0,0,0,0,0,0,0,0,0
03/30/2020,DXR,CT,ANE,EN,Federal Contract Tower,0,1,6,0,7,0,0,3,0,3,0,1,9,0,10,4,0,4,14
03/31/2020,DXR,CT,ANE,EN,Federal Contract Tower,0,2,0,0,2,0,0,11,0,11,0,2,11,0,13,0,0,0,13
04/01/2020,DXR,CT,ANE,EN,Federal Contract Tower,0,0,1,0,1,0,0,63,0,63,0,0,64,0,64,16,0,16,80
04/02/2020,DXR,CT,ANE,EN,Federal Contract Tower,0,1,0,0,1,0,0,1,5,6,0,1,1,5,7,2,0,2,9
04/03/2020,DXR,CT,ANE,EN,Federal Contract Tower,0,0,0,0,0,0,0,2,0,2,0,0,2,0,2,0,0,0,2
04/04/2020,DXR,CT,ANE,EN,Federal Contract Tower,0,0,6,0,6,0,0,41,0,41,0,0,47,0,47,38,0,38,85
04/05/2020,DXR,CT,ANE,EN,Federal Contract Tower,0,0,2,0,2,0,0,49,0,49,0,0,51,0,51,54,0,54,105
04/06/2020,DXR,CT,ANE,EN,Federal Contract Tower,0,0,1,0,1,0,0,70,0,70,0,0,71,0,71,12,0,12,83
04/07/2020,DXR,CT,ANE,EN,Federal Contract Tower,0,0,0,0,0,0,0,82,0,82,0,0,82,0,82,30,0,30,112
04/08/2020,DXR,CT,ANE,EN,Federal Contract Tower,0,0,2,0,2,0,0,11,0,11,0,0,13,0,13,6,0,6,19
04/09/2020,DXR,CT,ANE,EN,Federal Contract Tower,0,0,0,0,0,0,0,0,0,0,0,0,0,0,0,0,0,0,0
04/10/2020,DXR,CT,ANE,EN,Federal Contract Tower,0,0,0,0,0,0,2,2,0,4,0,2,2,0,4,0,0,0,4
04/11/2020,DXR,CT,ANE,EN,Federal Contract Tower,0,0,0,0,0,0,0,22,0,22,0,0,22,0,22,22,0,22,44
04/12/2020,DXR,CT,ANE,EN,Federal Contract Tower,0,0,0,0,0,0,0,71,0,71,0,0,71,0,71,16,0,16,87
04/13/2020,DXR,CT,ANE,EN,Federal Contract Tower,0,0,1,0,1,0,0,0,0,0,0,0,1,0,1,0,0,0,1
04/14/2020,DXR,CT,ANE,EN,Federal Contract Tower,0,2,3,0,5,0,0,73,0,73,0,2,76,0,78,52,0,52,130
04/15/2020,DXR,CT,ANE,EN,Federal Contract Tower,0,0,1,0,1,0,0,35,0,35,0,0,36,0,36,12,0,12,48
04/16/2020,DXR,CT,ANE,EN,Federal Contract Tower,0,0,6,0,6,0,0,24,0,24,0,0,30,0,30,0,0,0,30
04/17/2020,DXR,CT,ANE,EN,Federal Contract Tower,0,0,2,0,2,0,0,27,0,27,0,0,29,0,29,10,0,10,39
04/18/2020,DXR,CT,ANE,EN,Federal Contract Tower,0,0,1,0,1,0,0,10,0,10,0,0,11,0,11,0,0,0,11
04/19/2020,DXR,CT,ANE,EN,Federal Contract Tower,0,0,3,0,3,0,2,67,0,69,0,2,70,0,72,6,0,6,78
04/20/2020,DXR,CT,ANE,EN,Federal Contract Tower,0,0,1,0,1,0,1,55,0,56,0,1,56,0,57,36,0,36,93
04/21/2020,DXR,CT,ANE,EN,Federal Contract Tower,0,0,2,0,2,0,0,0,0,0,0,0,2,0,2,0,0,0,2
04/22/2020,DXR,CT,ANE,EN,Federal Contract Tower,0,0,0,0,0,0,0,11,0,11,0,0,11,0,11,6,0,6,17
04/23/2020,DXR,CT,ANE,EN,Federal Contract Tower,0,0,2,0,2,0,0,99,0,99,0,0,101,0,101,104,0,104,205
04/24/2020,DXR,CT,ANE,EN,Federal Contract Tower,0,0,1,0,1,0,0,0,0,0,0,0,1,0,1,0,0,0,1
04/25/2020,DXR,CT,ANE,EN,Federal Contract Tower,0,1,2,0,3,0,0,142,0,142,0,1,144,0,145,94,0,94,239
04/26/2020,DXR,CT,ANE,EN,Federal Contract Tower,0,3,2,0,5,0,0,1,0,1,0,3,3,0,6,8,0,8,14
04/27/2020,DXR,CT,ANE,EN,Federal Contract Tower,0,0,3,0,3,0,0,4,0,4,0,0,7,0,7,0,0,0,7
04/28/2020,DXR,CT,ANE,EN,Federal Contract Tower,0,0,2,0,2,0,0,94,0,94,0,0,96,0,96,36,0,36,132
04/29/2020,DXR,CT,ANE,EN,Federal Contract Tower,0,0,3,0,3,0,0,41,0,41,0,0,44,0,44,78,0,78,122
04/30/2020,DXR,CT,ANE,EN,Federal Contract Tower,0,0,1,0,1,0,0,0,0,0,0,0,1,0,1,0,0,0,1
05/01/2020,DXR,CT,ANE,EN,Federal Contract Tower,0,0,2,0,2,0,0,6,0,6,0,0,8,0,8,2,0,2,10
05/02/2020,DXR,CT,ANE,EN,Federal Contract Tower,0,3,3,0,6,0,3,89,0,92,0,6,92,0,98,38,0,38,136
05/03/2020,DXR,CT,ANE,EN,Federal Contract Tower,0,0,4,0,4,0,4,106,0,110,0,4,110,0,114,62,0,62,176
05/04/2020,DXR,CT,ANE,EN,Federal Contract Tower,0,0,4,0,4,0,2,46,0,48,0,2,50,0,52,34,0,34,86
05/05/2020,DXR,CT,ANE,EN,Federal Contract Tower,0,0,6,0,6,0,1,153,0,154,0,1,159,0,160,40,0,40,200
05/06/2020,DXR,CT,ANE,EN,Federal Contract Tower,0,1,0,0,1,0,5,24,0,29,0,6,24,0,30,38,0,38,68
05/07/2020,DXR,CT,ANE,EN,Federal Contract Tower,0,1,2,0,3,0,6,107,0,113,0,7,109,0,116,114,0,114,230
05/08/2020,DXR,CT,ANE,EN,Federal Contract Tower,0,0,1,0,1,0,3,36,0,39,0,3,37,0,40,50,0,50,90
05/09/2020,DXR,CT,ANE,EN,Federal Contract Tower,0,0,0,0,0,0,1,0,0,1,0,1,0,0,1,0,0,0,1
05/10/2020,DXR,CT,ANE,EN,Federal Contract Tower,0,0,1,0,1,0,0,29,0,29,0,0,30,0,30,16,0,16,46
05/11/2020,DXR,CT,ANE,EN,Federal Contract Tower,0,0,3,0,3,0,0,23,0,23,0,0,26,0,26,38,0,38,64
05/12/2020,DXR,CT,ANE,EN,Federal Contract Tower,0,0,0,0,0,0,0,70,0,70,0,0,70,0,70,50,0,50,120
05/13/2020,DXR,CT,ANE,EN,Federal Contract Tower,0,0,0,0,0,0,0,98,0,98,0,0,98,0,98,88,0,88,186
05/14/2020,DXR,CT,ANE,EN,Federal Contract Tower,0,2,0,0,2,0,3,143,0,146,0,5,143,0,148,180,0,180,328
05/15/2020,DXR,CT,ANE,EN,Federal Contract Tower,0,3,0,0,3,0,2,28,0,30,0,5,28,0,33,48,0,48,81
05/16/2020,DXR,CT,ANE,EN,Federal Contract Tower,0,0,1,0,1,0,2,114,0,116,0,2,115,0,117,62,0,62,179
05/17/2020,DXR,CT,ANE,EN,Federal Contract Tower,0,0,4,0,4,0,1,141,0,142,0,1,145,0,146,168,0,168,314
05/18/2020,DXR,CT,ANE,EN,Federal Contract Tower,0,0,1,0,1,0,0,43,0,43,0,0,44,0,44,62,0,62,106
05/19/2020,DXR,CT,ANE,EN,Federal Contract Tower,0,1,1,0,2,0,1,17,0,18,0,2,18,0,20,10,0,10,30
05/20/2020,DXR,CT,ANE,EN,Federal Contract Tower,0,0,4,0,4,0,0,100,0,100,0,0,104,0,104,66,0,66,170
05/21/2020,DXR,CT,ANE,EN,Federal Contract Tower,0,3,7,0,10,0,0,0,0,0,0,3,7,0,10,180,0,180,190
05/22/2020,DXR,CT,ANE,EN,Federal Contract Tower,0,0,8,0,8,0,5,95,0,100,0,5,103,0,108,206,0,206,314
05/23/2020,DXR,CT,ANE,EN,Federal Contract Tower,0,2,3,0,5,0,0,0,0,0,0,2,3,0,5,0,0,0,5
05/24/2020,DXR,CT,ANE,EN,Federal Contract Tower,0,0,1,0,1,0,0,90,0,90,0,0,91,0,91,130,0,130,221
05/25/2020,DXR,CT,ANE,EN,Federal Contract Tower,0,3,10,0,13,0,0,22,0,22,0,3,32,0,35,50,0,50,85
05/26/2020,DXR,CT,ANE,EN,Federal Contract Tower,0,0,5,0,5,0,3,69,0,72,0,3,74,0,77,40,0,40,117
05/27/2020,DXR,CT,ANE,EN,Federal Contract Tower,0,1,10,0,11,0,0,87,0,87,0,1,97,0,98,56,0,56,154
05/28/2020,DXR,CT,ANE,EN,Federal Contract Tower,0,2,7,0,9,0,0,0,0,0,0,2,7,0,9,0,0,0,9
05/29/2020,DXR,CT,ANE,EN,Federal Contract Tower,0,4,7,0,11,0,0,7,0,7,0,4,14,0,18,8,0,8,26
05/30/2020,DXR,CT,ANE,EN,Federal Contract Tower,0,1,4,0,5,0,2,86,0,88,0,3,90,0,93,116,0,116,209
05/31/2020,DXR,CT,ANE,EN,Federal Contract Tower,0,1,5,0,6,0,5,112,0,117,0,6,117,0,123,46,0,46,169
06/01/2020,DXR,CT,ANE,EN,Federal Contract Tower,0,0,3,0,3,0,4,108,0,112,0,4,111,0,115,126,0,126,241
06/02/2020,DXR,CT,ANE,EN,Federal Contract Tower,0,0,5,0,5,0,2,106,0,108,0,2,111,0,113,80,0,80,193
06/03/2020,DXR,CT,ANE,EN,Federal Contract Tower,0,0,2,0,2,0,0,55,0,55,0,0,57,0,57,58,0,58,115
06/04/2020,DXR,CT,ANE,EN,Federal Contract Tower,0,2,5,0,7,0,2,102,0,104,0,4,107,0,111,80,0,80,191
06/05/2020,DXR,CT,ANE,EN,Federal Contract Tower,0,7,3,0,10,0,1,6,0,7,0,8,9,0,17,18,0,18,35
06/06/2020,DXR,CT,ANE,EN,Federal Contract Tower,0,3,9,0,12,0,16,50,0,66,0,19,59,0,78,68,0,68,146
06/07/2020,DXR,CT,ANE,EN,Federal Contract Tower,0,1,3,0,4,0,4,64,0,68,0,5,67,0,72,6,0,6,78
06/08/2020,DXR,CT,ANE,EN,Federal Contract Tower,0,0,3,0,3,0,1,95,0,96,0,1,98,0,99,102,0,102,201
06/09/2020,DXR,CT,ANE,EN,Federal Contract Tower,0,0,3,0,3,0,3,144,0,147,0,3,147,0,150,162,0,162,312
06/10/2020,DXR,CT,ANE,EN,Federal Contract Tower,0,2,2,0,4,0,4,55,0,59,0,6,57,0,63,92,0,92,155
06/11/2020,DXR,CT,ANE,EN,Federal Contract Tower,0,4,8,0,12,0,0,3,0,3,0,4,11,0,15,6,0,6,21
06/12/2020,DXR,CT,ANE,EN,Federal Contract Tower,0,0,5,0,5,0,1,118,0,119,0,1,123,0,124,92,0,92,216
06/13/2020,DXR,CT,ANE,EN,Federal Contract Tower,0,1,1,0,2,0,3,51,0,54,0,4,52,0,56,30,0,30,86
06/14/2020,DXR,CT,ANE,EN,Federal Contract Tower,0,0,5,0,5,0,3,146,0,149,0,3,151,0,154,154,0,154,308
06/15/2020,DXR,CT,ANE,EN,Federal Contract Tower,0,0,5,0,5,0,0,106,0,106,0,0,111,0,111,178,0,178,289
06/16/2020,DXR,CT,ANE,EN,Federal Contract Tower,0,0,4,0,4,0,1,124,0,125,0,1,128,0,129,164,0,164,293
06/17/2020,DXR,CT,ANE,EN,Federal Contract Tower,0,0,6,0,6,0,5,102,0,107,0,5,108,0,113,86,0,86,199
06/18/2020,DXR,CT,ANE,EN,Federal Contract Tower,0,8,8,0,16,0,2,34,0,36,0,10,42,0,52,74,0,74,126
06/19/2020,DXR,CT,ANE,EN,Federal Contract Tower,0,1,5,0,6,0,6,89,0,95,0,7,94,0,101,74,0,74,175
06/20/2020,DXR,CT,ANE,EN,Federal Contract Tower,0,0,6,0,6,0,5,108,0,113,0,5,114,0,119,188,0,188,307
06/21/2020,DXR,CT,ANE,EN,Federal Contract Tower,0,0,6,0,6,0,5,158,0,163,0,5,164,0,169,146,0,146,315
06/22/2020,DXR,CT,ANE,EN,Federal Contract Tower,0,0,1,0,1,0,4,123,0,127,0,4,124,0,128,208,0,208,336
06/24/2020,DXR,CT,ANE,EN,Federal Contract Tower,0,1,4,0,5,0,3,60,0,63,0,4,64,0,68,70,0,70,138
06/25/2020,DXR,CT,ANE,EN,Federal Contract Tower,0,0,1,0,1,0,4,148,0,152,0,4,149,0,153,108,0,108,261
06/26/2020,DXR,CT,ANE,EN,Federal Contract Tower,0,1,5,0,6,0,6,148,0,154,0,7,153,0,160,190,0,190,350
06/27/2020,DXR,CT,ANE,EN,Federal Contract Tower,0,1,3,0,4,0,5,41,0,46,0,6,44,0,50,134,0,134,184
06/28/2020,DXR,CT,ANE,EN,Federal Contract Tower,0,4,3,0,7,0,6,95,0,101,0,10,98,0,108,158,0,158,266
06/29/2020,DXR,CT,ANE,EN,Federal Contract Tower,0,2,7,0,9,0,2,78,0,80,0,4,85,0,89,112,0,112,201
07/01/2020,DXR,CT,ANE,EN,Federal Contract Tower,0,3,13,0,16,0,6,41,0,47,0,9,54,0,63,36,0,36,99
07/02/2020,DXR,CT,ANE,EN,Federal Contract Tower,0,1,9,0,10,0,5,161,0,166,0,6,170,0,176,178,0,178,354
07/03/2020,DXR,CT,ANE,EN,Federal Contract Tower,0,4,5,0,9,0,4,40,0,44,0,8,45,0,53,60,0,60,113
07/04/2020,DXR,CT,ANE,EN,Federal Contract Tower,0,1,6,0,7,0,0,75,0,75,0,1,81,0,82,150,0,150,232
07/05/2020,DXR,CT,ANE,EN,Federal Contract Tower,0,3,7,0,10,0,15,125,0,140,0,18,132,0,150,102,0,102,252
07/06/2020,DXR,CT,ANE,EN,Federal Contract Tower,0,0,5,0,5,0,4,89,0,93,0,4,94,0,98,70,0,70,168
07/08/2020,DXR,CT,ANE,EN,Federal Contract Tower,0,3,7,0,10,0,7,15,0,22,0,10,22,0,32,30,0,30,62
07/09/2020,DXR,CT,ANE,EN,Federal Contract Tower,0,1,14,0,15,0,5,88,0,93,0,6,102,0,108,86,0,86,194
07/10/2020,DXR,CT,ANE,EN,Federal Contract Tower,0,6,7,0,13,0,0,0,0,0,0,6,7,0,13,0,0,0,13
07/11/2020,DXR,CT,ANE,EN,Federal Contract Tower,0,0,10,0,10,0,2,36,0,38,0,2,46,0,48,54,0,54,102
07/12/2020,DXR,CT,ANE,EN,Federal Contract Tower,0,2,3,0,5,0,7,134,0,141,0,9,137,0,146,40,0,40,186
07/13/2020,DXR,CT,ANE,EN,Federal Contract Tower,0,0,2,0,2,0,5,88,0,93,0,5,90,0,95,152,0,152,247
07/15/2020,DXR,CT,ANE,EN,Federal Contract Tower,0,3,8,0,11,0,6,58,0,64,0,9,66,0,75,38,0,38,113
07/16/2020,DXR,CT,ANE,EN,Federal Contract Tower,0,1,8,0,9,0,8,90,0,98,0,9,98,0,107,114,0,114,221
07/17/2020,DXR,CT,ANE,EN,Federal Contract Tower,0,5,9,0,14,0,6,2,0,8,0,11,11,0,22,16,0,16,38
07/18/2020,DXR,CT,ANE,EN,Federal Contract Tower,0,0,2,0,2,0,8,160,0,168,0,8,162,0,170,98,0,98,268
07/19/2020,DXR,CT,ANE,EN,Federal Contract Tower,0,0,4,0,4,0,8,130,0,138,0,8,134,0,142,122,0,122,264
07/20/2020,DXR,CT,ANE,EN,Federal Contract Tower,0,2,2,0,4,0,3,88,0,91,0,5,90,0,95,108,0,108,203
07/21/2020,DXR,CT,ANE,EN,Federal Contract Tower,0,2,4,0,6,0,5,123,3,131,0,7,127,3,137,108,0,108,245
07/22/2020,DXR,CT,ANE,EN,Federal Contract Tower,0,0,5,0,5,0,3,54,0,57,0,3,59,0,62,76,0,76,138
07/23/2020,DXR,CT,ANE,EN,Federal Contract Tower,0,8,5,0,13,0,9,46,0,55,0,17,51,0,68,62,0,62,130
07/24/2020,DXR,CT,ANE,EN,Federal Contract Tower,0,0,9,0,9,0,8,89,6,103,0,8,98,6,112,154,0,154,266
07/25/2020,DXR,CT,ANE,EN,Federal Contract Tower,0,1,5,0,6,0,8,152,0,160,0,9,157,0,166,102,0,102,268
07/26/2020,DXR,CT,ANE,EN,Federal Contract Tower,0,1,4,0,5,0,7,102,0,109,0,8,106,0,114,122,0,122,236
07/27/2020,DXR,CT,ANE,EN,Federal Contract Tower,0,2,5,0,7,0,6,120,0,126,0,8,125,0,133,80,0,80,213
07/28/2020,DXR,CT,ANE,EN,Federal Contract Tower,0,1,5,0,6,0,4,97,0,101,0,5,102,0,107,90,0,90,197
07/29/2020,DXR,CT,ANE,EN,Federal Contract Tower,0,4,2,0,6,0,8,121,0,129,0,12,123,0,135,56,0,56,191
07/30/2020,DXR,CT,ANE,EN,Federal Contract Tower,0,0,3,0,3,0,6,87,0,93,0,6,90,0,96,76,0,76,172
07/31/2020,DXR,CT,ANE,EN,Federal Contract Tower,0,0,6,0,6,0,7,98,0,105,0,7,104,0,111,110,0,110,221
08/01/2020,DXR,CT,ANE,EN,Federal Contract Tower,0,0,0,0,0,0,7,170,0,177,0,7,170,0,177,96,0,96,273
08/02/2020,DXR,CT,ANE,EN,Federal Contract Tower,0,2,10,0,12,0,1,4,0,5,0,3,14,0,17,0,0,0,17
08/03/2020,DXR,CT,ANE,EN,Federal Contract Tower,0,0,5,0,5,0,7,99,0,106,0,7,104,0,111,104,0,104,215
08/04/2020,DXR,CT,ANE,EN,Federal Contract Tower,0,1,4,0,5,0,0,0,0,0,0,1,4,0,5,0,0,0,5
08/05/2020,DXR,CT,ANE,EN,Federal Contract Tower,0,0,6,0,6,0,2,62,0,64,0,2,68,0,70,82,0,82,152
08/06/2020,DXR,CT,ANE,EN,Federal Contract Tower,0,0,1,0,1,0,4,103,0,107,0,4,104,0,108,100,0,100,208
08/07/2020,DXR,CT,ANE,EN,Federal Contract Tower,0,1,5,0,6,0,6,82,0,88,0,7,87,0,94,110,0,110,204
08/08/2020,DXR,CT,ANE,EN,Federal Contract Tower,0,1,12,0,13,0,7,86,0,93,0,8,98,0,106,208,0,208,314
08/09/2020,DXR,CT,ANE,EN,Federal Contract Tower,0,0,8,0,8,0,11,109,0,120,0,11,117,0,128,90,0,90,218
08/10/2020,DXR,CT,ANE,EN,Federal Contract Tower,0,0,5,0,5,0,5,101,0,106,0,5,106,0,111,54,0,54,165
08/11/2020,DXR,CT,ANE,EN,Federal Contract Tower,0,2,2,0,4,0,5,81,0,86,0,7,83,0,90,96,0,96,186
08/12/2020,DXR,CT,ANE,EN,Federal Contract Tower,0,2,9,0,11,0,8,67,0,75,0,10,76,0,86,66,0,66,152
08/13/2020,DXR,CT,ANE,EN,Federal Contract Tower,0,1,8,0,9,0,6,74,0,80,0,7,82,0,89,66,0,66,155
08/14/2020,DXR,CT,ANE,EN,Federal Contract Tower,0,0,10,0,10,0,4,108,0,112,0,4,118,0,122,68,0,68,190
08/15/2020,DXR,CT,ANE,EN,Federal Contract Tower,0,0,6,0,6,0,10,156,16,182,0,10,162,16,188,86,0,86,274
08/16/2020,DXR,CT,ANE,EN,Federal Contract Tower,0,9,19,0,28,0,0,0,0,0,0,9,19,0,28,0,0,0,28
08/17/2020,DXR,CT,ANE,EN,Federal Contract Tower,0,9,10,0,19,0,4,98,0,102,0,13,108,0,121,120,0,120,241
08/18/2020,DXR,CT,ANE,EN,Federal Contract Tower,0,0,8,0,8,0,4,128,0,132,0,4,136,0,140,110,0,110,250
08/19/2020,DXR,CT,ANE,EN,Federal Contract Tower,0,1,9,0,10,0,4,93,0,97,0,5,102,0,107,68,0,68,175
08/20/2020,DXR,CT,ANE,EN,Federal Contract Tower,0,0,3,0,3,0,6,148,4,158,0,6,151,4,161,66,0,66,227
08/21/2020,DXR,CT,ANE,EN,Federal Contract Tower,0,1,6,0,7,0,5,141,0,146,0,6,147,0,153,64,0,64,217
08/22/2020,DXR,CT,ANE,EN,Federal Contract Tower,0,0,2,0,2,0,7,128,0,135,0,7,130,0,137,132,0,132,269
08/23/2020,DXR,CT,ANE,EN,Federal Contract Tower,0,1,8,0,9,0,3,134,0,137,0,4,142,0,146,96,0,96,242
08/24/2020,DXR,CT,ANE,EN,Federal Contract Tower,0,1,8,0,9,0,6,60,0,66,0,7,68,0,75,84,0,84,159
08/25/2020,DXR,CT,ANE,EN,Federal Contract Tower,0,0,4,0,4,0,2,57,2,61,0,2,61,2,65,50,0,50,115
08/26/2020,DXR,CT,ANE,EN,Federal Contract Tower,0,0,2,0,2,0,5,126,0,131,0,5,128,0,133,68,0,68,201
08/27/2020,DXR,CT,ANE,EN,Federal Contract Tower,0,0,12,0,12,0,2,29,0,31,0,2,41,0,43,14,0,14,57
08/28/2020,DXR,CT,ANE,EN,Federal Contract Tower,0,1,6,0,7,0,6,105,0,111,0,7,111,0,118,140,0,140,258
08/29/2020,DXR,CT,ANE,EN,Federal Contract Tower,0,10,3,0,13,0,0,2,0,2,0,10,5,0,15,0,0,0,15
08/30/2020,DXR,CT,ANE,EN,Federal Contract Tower,0,0,2,0,2,0,5,120,0,125,0,5,122,0,127,90,0,90,217
08/31/2020,DXR,CT,ANE,EN,Federal Contract Tower,0,0,0,0,0,0,13,146,0,159,0,13,146,0,159,142,0,142,301
09/01/2020,DXR,CT,ANE,EN,Federal Contract Tower,0,3,14,0,17,0,0,85,0,85,0,3,99,0,102,86,0,86,188
09/02/2020,DXR,CT,ANE,EN,Federal Contract Tower,0,11,3,0,14,0,0,3,0,3,0,11,6,0,17,0,0,0,17
09/03/2020,DXR,CT,ANE,EN,Federal Contract Tower,0,0,2,0,2,0,6,89,0,95,0,6,91,0,97,80,0,80,177
09/04/2020,DXR,CT,ANE,EN,Federal Contract Tower,0,2,6,0,8,0,5,143,0,148,0,7,149,0,156,100,0,100,256
09/05/2020,DXR,CT,ANE,EN,Federal Contract Tower,0,0,7,0,7,0,8,149,0,157,0,8,156,0,164,112,0,112,276
09/06/2020,DXR,CT,ANE,EN,Federal Contract Tower,0,0,4,0,4,0,5,134,0,139,0,5,138,0,143,62,0,62,205
09/07/2020,DXR,CT,ANE,EN,Federal Contract Tower,0,0,5,0,5,0,13,111,0,124,0,13,116,0,129,42,0,42,171
09/08/2020,DXR,CT,ANE,EN,Federal Contract Tower,0,2,10,0,12,0,5,94,12,111,0,7,104,12,123,56,0,56,179
09/09/2020,DXR,CT,ANE,EN,Federal Contract Tower,0,1,8,0,9,0,0,76,2,78,0,1,84,2,87,68,0,68,155
09/10/2020,DXR,CT,ANE,EN,Federal Contract Tower,0,3,5,0,8,0,1,8,0,9,0,4,13,0,17,6,0,6,23
09/12/2020,DXR,CT,ANE,EN,Federal Contract Tower,0,1,3,0,4,0,6,171,0,177,0,7,174,0,181,146,0,146,327
09/13/2020,DXR,CT,ANE,EN,Federal Contract Tower,0,1,19,0,20,0,7,102,9,118,0,8,121,9,138,154,0,154,292
09/14/2020,DXR,CT,ANE,EN,Federal Contract Tower,0,1,6,0,7,0,8,66,0,74,0,9,72,0,81,58,0,58,139
09/15/2020,DXR,CT,ANE,EN,Federal Contract Tower,0,0,5,0,5,0,4,134,0,138,0,4,139,0,143,114,0,114,257
09/16/2020,DXR,CT,ANE,EN,Federal Contract Tower,0,0,8,0,8,0,2,103,0,105,0,2,111,0,113,32,0,32,145
09/17/2020,DXR,CT,ANE,EN,Federal Contract Tower,0,0,0,0,0,0,3,91,0,94,0,3,91,0,94,66,0,66,160
09/18/2020,DXR,CT,ANE,EN,Federal Contract Tower,0,2,3,0,5,0,5,75,0,80,0,7,78,0,85,66,0,66,151
09/19/2020,DXR,CT,ANE,EN,Federal Contract Tower,0,1,1,0,2,0,4,157,0,161,0,5,158,0,163,76,0,76,239
09/20/2020,DXR,CT,ANE,EN,Federal Contract Tower,0,2,5,0,7,0,8,137,0,145,0,10,142,0,152,56,0,56,208
09/21/2020,DXR,CT,ANE,EN,Federal Contract Tower,0,0,1,0,1,0,2,110,0,112,0,2,111,0,113,70,0,70,183
09/22/2020,DXR,CT,ANE,EN,Federal Contract Tower,0,0,3,0,3,0,5,88,0,93,0,5,91,0,96,66,0,66,162
09/23/2020,DXR,CT,ANE,EN,Federal Contract Tower,0,1,0,0,1,0,7,112,0,119,0,8,112,0,120,86,0,86,206
09/24/2020,DXR,CT,ANE,EN,Federal Contract Tower,0,0,6,0,6,0,13,144,0,157,0,13,150,0,163,114,0,114,277
09/25/2020,DXR,CT,ANE,EN,Federal Contract Tower,0,1,10,0,11,0,9,120,0,129,0,10,130,0,140,90,0,90,230
09/26/2020,DXR,CT,ANE,EN,Federal Contract Tower,0,2,10,0,12,0,0,48,0,48,0,2,58,0,60,142,0,142,202
09/27/2020,DXR,CT,ANE,EN,Federal Contract Tower,0,10,22,0,32,0,1,65,0,66,0,11,87,0,98,70,0,70,168
09/28/2020,DXR,CT,ANE,EN,Federal Contract Tower,0,5,2,0,7,0,4,46,0,50,0,9,48,0,57,113,0,113,170
09/29/2020,DXR,CT,ANE,EN,Federal Contract Tower,0,2,10,0,12,0,0,1,0,1,0,2,11,0,13,0,0,0,13
09/30/2020,DXR,CT,ANE,EN,Federal Contract Tower,0,2,5,0,7,0,2,23,0,25,0,4,28,0,32,0,0,0,32
10/01/2020,DXR,CT,ANE,EN,Federal Contract Tower,0,0,6,0,6,0,10,90,0,100,0,10,96,0,106,116,0,116,222
10/02/2020,DXR,CT,ANE,EN,Federal Contract Tower,0,1,6,0,7,0,2,50,0,52,0,3,56,0,59,62,0,62,121
10/03/2020,DXR,CT,ANE,EN,Federal Contract Tower,0,0,3,0,3,0,2,163,0,165,0,2,166,0,168,144,0,144,312
10/04/2020,DXR,CT,ANE,EN,Federal Contract Tower,0,0,7,0,7,0,1,156,0,157,0,1,163,0,164,180,0,180,344
10/05/2020,DXR,CT,ANE,EN,Federal Contract Tower,0,1,10,1,12,0,2,36,0,38,0,3,46,1,50,76,0,76,126
10/06/2020,DXR,CT,ANE,EN,Federal Contract Tower,0,2,7,0,9,0,1,65,0,66,0,3,72,0,75,52,0,52,127
10/07/2020,DXR,CT,ANE,EN,Federal Contract Tower,0,1,6,0,7,0,4,43,0,47,0,5,49,0,54,46,0,46,100
10/08/2020,DXR,CT,ANE,EN,Federal Contract Tower,0,3,5,0,8,0,8,88,0,96,0,11,93,0,104,24,0,24,128
10/09/2020,DXR,CT,ANE,EN,Federal Contract Tower,0,0,3,0,3,0,10,159,0,169,0,10,162,0,172,104,0,104,276
10/10/2020,DXR,CT,ANE,EN,Federal Contract Tower,0,0,7,0,7,0,4,94,0,98,0,4,101,0,105,54,0,54,159
10/11/2020,DXR,CT,ANE,EN,Federal Contract Tower,0,0,5,0,5,0,4,155,0,159,0,4,160,0,164,240,0,240,404
10/12/2020,DXR,CT,ANE,EN,Federal Contract Tower,0,15,11,0,26,0,1,1,0,2,0,16,12,0,28,0,0,0,28
10/13/2020,DXR,CT,ANE,EN,Federal Contract Tower,0,7,12,0,19,0,0,0,0,0,0,7,12,0,19,0,0,0,19
10/14/2020,DXR,CT,ANE,EN,Federal Contract Tower,0,0,6,0,6,0,5,146,0,151,0,5,152,0,157,62,0,62,219
10/15/2020,DXR,CT,ANE,EN,Federal Contract Tower,0,0,14,0,14,0,10,149,0,159,0,10,163,0,173,94,0,94,267
10/16/2020,DXR,CT,ANE,EN,Federal Contract Tower,0,9,11,0,20,0,0,2,0,2,0,9,13,0,22,6,0,6,28
10/17/2020,DXR,CT,ANE,EN,Federal Contract Tower,0,6,3,0,9,0,11,114,0,125,0,17,117,0,134,58,0,58,192
10/18/2020,DXR,CT,ANE,EN,Federal Contract Tower,0,0,10,0,10,0,7,149,0,156,0,7,159,0,166,112,0,112,278
10/19/2020,DXR,CT,ANE,EN,Federal Contract Tower,0,1,2,0,3,0,4,66,0,70,0,5,68,0,73,90,0,90,163
10/20/2020,DXR,CT,ANE,EN,Federal Contract Tower,0,2,15,0,17,0,1,14,0,15,0,3,29,0,32,20,0,20,52
10/21/2020,DXR,CT,ANE,EN,Federal Contract Tower,0,3,11,0,14,0,0,4,0,4,0,3,15,0,18,4,0,4,22
10/22/2020,DXR,CT,ANE,EN,Federal Contract Tower,0,5,13,0,18,0,3,70,0,73,0,8,83,0,91,48,0,48,139
10/23/2020,DXR,CT,ANE,EN,Federal Contract Tower,0,7,25,0,32,0,0,0,0,0,0,7,25,0,32,0,0,0,32
10/24/2020,DXR,CT,ANE,EN,Federal Contract Tower,0,4,17,0,21,0,0,11,0,11,0,4,28,0,32,14,0,14,46
10/25/2020,DXR,CT,ANE,EN,Federal Contract Tower,0,1,4,0,5,0,7,176,0,183,0,8,180,0,188,170,0,170,358
10/26/2020,DXR,CT,ANE,EN,Federal Contract Tower,0,7,5,0,12,0,0,0,0,0,0,7,5,0,12,0,0,0,12
10/27/2020,DXR,CT,ANE,EN,Federal Contract Tower,0,1,8,0,9,0,9,109,0,118,0,10,117,0,127,168,0,168,295
10/28/2020,DXR,CT,ANE,EN,Federal Contract Tower,0,5,7,0,12,0,1,3,0,4,0,6,10,0,16,0,0,0,16
10/29/2020,DXR,CT,ANE,EN,Federal Contract Tower,0,2,6,0,8,0,0,0,0,0,0,2,6,0,8,0,0,0,8
10/30/2020,DXR,CT,ANE,EN,Federal Contract Tower,0,1,6,0,7,0,1,6,0,7,0,2,12,0,14,8,0,8,22
10/31/2020,DXR,CT,ANE,EN,Federal Contract Tower,0,0,6,0,6,0,6,165,0,171,0,6,171,0,177,182,0,182,359
11/01/2020,DXR,CT,ANE,EN,Federal Contract Tower,0,2,6,0,8,0,1,46,0,47,0,3,52,0,55,56,0,56,111
11/02/2020,DXR,CT,ANE,EN,Federal Contract Tower,0,0,0,0,0,0,1,4,0,5,0,1,4,0,5,0,0,0,5
11/03/2020,DXR,CT,ANE,EN,Federal Contract Tower,0,0,3,0,3,0,5,41,0,46,0,5,44,0,49,36,0,36,85
11/04/2020,DXR,CT,ANE,EN,Federal Contract Tower,0,2,4,0,6,0,5,169,0,174,0,7,173,0,180,76,0,76,256
11/05/2020,DXR,CT,ANE,EN,Federal Contract Tower,0,0,7,0,7,0,6,113,0,119,0,6,120,0,126,70,0,70,196
11/06/2020,DXR,CT,ANE,EN,Federal Contract Tower,0,0,5,0,5,0,5,134,0,139,0,5,139,0,144,108,0,108,252
11/07/2020,DXR,CT,ANE,EN,Federal Contract Tower,0,0,1,0,1,0,3,160,0,163,0,3,161,0,164,182,0,182,346
11/08/2020,DXR,CT,ANE,EN,Federal Contract Tower,0,0,7,0,7,0,7,151,0,158,0,7,158,0,165,150,0,150,315
11/09/2020,DXR,CT,ANE,EN,Federal Contract Tower,0,0,3,0,3,0,4,137,0,141,0,4,140,0,144,146,0,146,290
11/11/2020,DXR,CT,ANE,EN,Federal Contract Tower,0,2,8,0,10,0,0,0,0,0,0,2,8,0,10,0,0,0,10
11/12/2020,DXR,CT,ANE,EN,Federal Contract Tower,0,1,4,0,5,0,2,16,0,18,0,3,20,0,23,8,0,8,31
11/13/2020,DXR,CT,ANE,EN,Federal Contract Tower,0,5,6,0,11,0,2,2,0,4,0,7,8,0,15,6,0,6,21
11/14/2020,DXR,CT,ANE,EN,Federal Contract Tower,0,1,5,0,6,0,4,184,0,188,0,5,189,0,194,94,0,94,288
11/15/2020,DXR,CT,ANE,EN,Federal Contract Tower,0,0,6,0,6,0,2,54,0,56,0,2,60,0,62,88,0,88,150
11/16/2020,DXR,CT,ANE,EN,Federal Contract Tower,0,0,2,0,2,0,3,52,0,55,0,3,54,0,57,38,0,38,95
11/17/2020,DXR,CT,ANE,EN,Federal Contract Tower,0,1,6,0,7,0,2,43,0,45,0,3,49,0,52,136,0,136,188
11/18/2020,DXR,CT,ANE,EN,Federal Contract Tower,0,0,2,0,2,0,6,35,0,41,0,6,37,0,43,22,0,22,65
11/19/2020,DXR,CT,ANE,EN,Federal Contract Tower,0,0,3,0,3,0,1,89,0,90,0,1,92,0,93,112,0,112,205
11/20/2020,DXR,CT,ANE,EN,Federal Contract Tower,0,1,3,0,4,0,10,133,0,143,0,11,136,0,147,68,0,68,215
11/21/2020,DXR,CT,ANE,EN,Federal Contract Tower,0,4,8,0,12,0,2,197,0,199,0,6,205,0,211,182,0,182,393
11/22/2020,DXR,CT,ANE,EN,Federal Contract Tower,0,0,0,0,0,0,3,63,0,66,0,3,63,0,66,44,0,44,110
11/23/2020,DXR,CT,ANE,EN,Federal Contract Tower,0,1,3,0,4,0,1,10,0,11,0,2,13,0,15,0,0,0,15
11/24/2020,DXR,CT,ANE,EN,Federal Contract Tower,0,0,7,0,7,0,7,123,0,130,0,7,130,0,137,180,0,180,317
11/25/2020,DXR,CT,ANE,EN,Federal Contract Tower,0,1,10,0,11,0,11,70,0,81,0,12,80,0,92,106,0,106,198
11/26/2020,DXR,CT,ANE,EN,Federal Contract Tower,0,3,2,0,5,0,0,6,0,6,0,3,8,0,11,4,0,4,15
11/27/2020,DXR,CT,ANE,EN,Federal Contract Tower,0,2,7,0,9,0,5,123,0,128,0,7,130,0,137,110,0,110,247
11/28/2020,DXR,CT,ANE,EN,Federal Contract Tower,0,2,6,0,8,0,7,94,0,101,0,9,100,0,109,142,0,142,251
11/29/2020,DXR,CT,ANE,EN,Federal Contract Tower,0,1,1,0,2,0,13,219,0,232,0,14,220,0,234,78,0,78,312
11/30/2020,DXR,CT,ANE,EN,Federal Contract Tower,0,1,2,0,3,0,0,0,0,0,0,1,2,0,3,0,0,0,3
12/01/2020,DXR,CT,ANE,EN,Federal Contract Tower,0,2,7,0,9,0,3,22,0,25,0,5,29,0,34,16,0,16,50
12/02/2020,DXR,CT,ANE,EN,Federal Contract Tower,0,0,5,0,5,0,7,49,0,56,0,7,54,0,61,96,0,96,157
12/03/2020,DXR,CT,ANE,EN,Federal Contract Tower,0,0,5,0,5,0,2,120,0,122,0,2,125,0,127,152,0,152,279
12/04/2020,DXR,CT,ANE,EN,Federal Contract Tower,0,1,1,0,2,0,6,50,0,56,0,7,51,0,58,52,0,52,110
12/05/2020,DXR,CT,ANE,EN,Federal Contract Tower,0,0,1,0,1,0,0,0,0,0,0,0,1,0,1,0,0,0,1
12/06/2020,DXR,CT,ANE,EN,Federal Contract Tower,0,0,3,0,3,0,4,53,0,57,0,4,56,0,60,4,0,4,64
12/07/2020,DXR,CT,ANE,EN,Federal Contract Tower,0,1,1,0,2,0,1,67,0,68,0,2,68,0,70,86,0,86,156
12/08/2020,DXR,CT,ANE,EN,Federal Contract Tower,0,0,0,0,0,0,0,64,0,64,0,0,64,0,64,90,0,90,154
12/09/2020,DXR,CT,ANE,EN,Federal Contract Tower,0,0,1,0,1,0,0,41,0,41,0,0,42,0,42,66,0,66,108
12/10/2020,DXR,CT,ANE,EN,Federal Contract Tower,0,0,3,0,3,0,3,101,0,104,0,3,104,0,107,36,0,36,143
12/11/2020,DXR,CT,ANE,EN,Federal Contract Tower,0,0,8,0,8,0,4,141,0,145,0,4,149,0,153,98,0,98,251
12/12/2020,DXR,CT,ANE,EN,Federal Contract Tower,0,3,1,0,4,0,0,0,0,0,0,3,1,0,4,0,0,0,4
12/13/2020,DXR,CT,ANE,EN,Federal Contract Tower,0,0,6,0,6,0,7,134,0,141,0,7,140,0,147,184,0,184,331
12/14/2020,DXR,CT,ANE,EN,Federal Contract Tower,0,2,2,0,4,0,1,2,0,3,0,3,4,0,7,16,0,16,23
12/15/2020,DXR,CT,ANE,EN,Federal Contract Tower,0,0,1,0,1,0,6,66,0,72,0,6,67,0,73,78,0,78,151
12/16/2020,DXR,CT,ANE,EN,Federal Contract Tower,0,0,3,0,3,0,3,28,0,31,0,3,31,0,34,24,0,24,58
12/17/2020,DXR,CT,ANE,EN,Federal Contract Tower,0,0,1,0,1,0,0,2,0,2,0,0,3,0,3,0,0,0,3
12/18/2020,DXR,CT,ANE,EN,Federal Contract Tower,0,0,4,0,4,0,3,30,0,33,0,3,34,0,37,4,0,4,41
12/19/2020,DXR,CT,ANE,EN,Federal Contract Tower,0,0,8,0,8,0,6,47,0,53,0,6,55,0,61,50,0,50,111
12/20/2020,DXR,CT,ANE,EN,Federal Contract Tower,0,3,1,0,4,0,1,5,0,6,0,4,6,0,10,0,0,0,10
12/21/2020,DXR,CT,ANE,EN,Federal Contract Tower,0,2,3,0,5,0,2,19,2,23,0,4,22,2,28,20,0,20,48
12/22/2020,DXR,CT,ANE,EN,Federal Contract Tower,0,0,5,0,5,0,2,60,0,62,0,2,65,0,67,66,0,66,133
12/23/2020,DXR,CT,ANE,EN,Federal Contract Tower,0,1,4,0,5,0,2,137,0,139,0,3,141,0,144,100,0,100,244
12/24/2020,DXR,CT,ANE,EN,Federal Contract Tower,0,1,0,0,1,0,1,12,0,13,0,2,12,0,14,2,0,2,16
12/25/2020,DXR,CT,ANE,EN,Federal Contract Tower,0,1,1,0,2,0,0,0,0,0,0,1,1,0,2,0,0,0,2
12/26/2020,DXR,CT,ANE,EN,Federal Contract Tower,0,1,4,0,5,0,4,48,0,52,0,5,52,0,57,126,0,126,183
12/27/2020,DXR,CT,ANE,EN,Federal Contract Tower,0,3,7,0,10,0,3,165,0,168,0,6,172,0,178,124,0,124,302
12/28/2020,DXR,CT,ANE,EN,Federal Contract Tower,0,3,1,0,4,0,6,63,0,69,0,9,64,0,73,140,0,140,213
12/29/2020,DXR,CT,ANE,EN,Federal Contract Tower,0,1,4,0,5,0,3,44,2,49,0,4,48,2,54,58,0,58,112
12/30/2020,DXR,CT,ANE,EN,Federal Contract Tower,0,1,4,0,5,0,2,95,0,97,0,3,99,0,102,104,0,104,206
12/31/2020,DXR,CT,ANE,EN,Federal Contract Tower,0,2,1,0,3,0,0,31,0,31,0,2,32,0,34,114,0,114,148
01/01/2021,DXR,CT,ANE,EN,Federal Contract Tower,0,0,4,0,4,0,2,43,0,45,0,2,47,0,49,36,0,36,85
01/02/2021,DXR,CT,ANE,EN,Federal Contract Tower,0,0,2,0,2,0,1,22,0,23,0,1,24,0,25,8,0,8,33
01/03/2021,DXR,CT,ANE,EN,Federal Contract Tower,0,3,5,0,8,0,0,8,0,8,0,3,13,0,16,0,0,0,16
01/04/2021,DXR,CT,ANE,EN,Federal Contract Tower,0,2,7,0,9,0,2,64,0,66,0,4,71,0,75,106,0,106,181
01/05/2021,DXR,CT,ANE,EN,Federal Contract Tower,0,1,7,0,8,0,3,41,0,44,0,4,48,0,52,84,0,84,136
01/06/2021,DXR,CT,ANE,EN,Federal Contract Tower,0,1,3,0,4,0,0,32,0,32,0,1,35,0,36,30,0,30,66
01/07/2021,DXR,CT,ANE,EN,Federal Contract Tower,0,1,1,0,2,0,4,52,0,56,0,5,53,0,58,10,0,10,68
01/08/2021,DXR,CT,ANE,EN,Federal Contract Tower,0,0,3,0,3,0,9,111,0,120,0,9,114,0,123,214,0,214,337
01/09/2021,DXR,CT,ANE,EN,Federal Contract Tower,0,2,3,0,5,0,1,98,0,99,0,3,101,0,104,100,0,100,204
01/10/2021,DXR,CT,ANE,EN,Federal Contract Tower,0,0,1,0,1,0,2,115,0,117,0,2,116,0,118,112,0,112,230
01/11/2021,DXR,CT,ANE,EN,Federal Contract Tower,0,1,5,0,6,0,1,72,0,73,0,2,77,0,79,48,0,48,127
01/12/2021,DXR,CT,ANE,EN,Federal Contract Tower,0,4,5,0,9,0,2,108,0,110,0,6,113,0,119,98,0,98,217
01/13/2021,DXR,CT,ANE,EN,Federal Contract Tower,0,0,2,0,2,0,4,81,0,85,0,4,83,0,87,102,0,102,189
01/14/2021,DXR,CT,ANE,EN,Federal Contract Tower,0,4,2,0,6,0,4,112,0,116,0,8,114,0,122,126,0,126,248
01/15/2021,DXR,CT,ANE,EN,Federal Contract Tower,0,0,7,0,7,0,0,0,0,0,0,0,7,0,7,0,0,0,7
01/16/2021,DXR,CT,ANE,EN,Federal Contract Tower,0,4,1,0,5,0,0,4,0,4,0,4,5,0,9,0,0,0,9
01/17/2021,DXR,CT,ANE,EN,Federal Contract Tower,0,0,5,0,5,0,0,41,0,41,0,0,46,0,46,30,0,30,76
01/18/2021,DXR,CT,ANE,EN,Federal Contract Tower,0,1,7,0,8,0,6,100,0,106,0,7,107,0,114,72,0,72,186
01/19/2021,DXR,CT,ANE,EN,Federal Contract Tower,0,0,4,0,4,0,0,81,0,81,0,0,85,0,85,106,0,106,191
01/20/2021,DXR,CT,ANE,EN,Federal Contract Tower,0,0,1,0,1,0,0,12,0,12,0,0,13,0,13,2,0,2,15
01/21/2021,DXR,CT,ANE,EN,Federal Contract Tower,0,3,5,0,8,0,1,70,1,72,0,4,75,1,80,116,0,116,196
01/22/2021,DXR,CT,ANE,EN,Federal Contract Tower,0,2,4,0,6,0,1,55,0,56,0,3,59,0,62,42,0,42,104
01/23/2021,DXR,CT,ANE,EN,Federal Contract Tower,0,0,1,0,1,0,1,12,0,13,0,1,13,0,14,0,0,0,14
01/24/2021,DXR,CT,ANE,EN,Federal Contract Tower,0,0,3,0,3,0,2,22,0,24,0,2,25,0,27,6,0,6,33
01/25/2021,DXR,CT,ANE,EN,Federal Contract Tower,0,0,3,0,3,0,7,90,0,97,0,7,93,0,100,66,0,66,166
01/26/2021,DXR,CT,ANE,EN,Federal Contract Tower,0,0,3,0,3,0,0,28,0,28,0,0,31,0,31,38,0,38,69
01/27/2021,DXR,CT,ANE,EN,Federal Contract Tower,0,1,1,0,2,0,1,12,0,13,0,2,13,0,15,20,6,26,41
01/28/2021,DXR,CT,ANE,EN,Federal Contract Tower,0,0,2,0,2,0,6,24,0,30,0,6,26,0,32,0,0,0,32
01/29/2021,DXR,CT,ANE,EN,Federal Contract Tower,0,1,2,0,3,0,2,11,0,13,0,3,13,0,16,0,0,0,16
01/30/2021,DXR,CT,ANE,EN,Federal Contract Tower,0,1,9,0,10,0,1,74,0,75,0,2,83,0,85,112,0,112,197
01/31/2021,DXR,CT,ANE,EN,Federal Contract Tower,0,0,2,0,2,0,4,87,0,91,0,4,89,0,93,72,0,72,165
02/01/2021,DXR,CT,ANE,EN,Federal Contract Tower,0,0,0,0,0,0,0,0,0,0,0,0,0,0,0,0,0,0,0
02/02/2021,DXR,CT,ANE,EN,Federal Contract Tower,0,1,1,0,2,0,0,0,0,0,0,1,1,0,2,0,0,0,2
02/03/2021,DXR,CT,ANE,EN,Federal Contract Tower,0,2,7,0,9,0,0,22,0,22,0,2,29,0,31,0,0,0,31
02/04/2021,DXR,CT,ANE,EN,Federal Contract Tower,0,0,0,0,0,0,1,99,0,100,0,1,99,0,100,56,0,56,156
02/05/2021,DXR,CT,ANE,EN,Federal Contract Tower,0,7,2,0,9,0,1,5,0,6,0,8,7,0,15,0,0,0,15
02/06/2021,DXR,CT,ANE,EN,Federal Contract Tower,0,0,3,0,3,0,4,78,0,82,0,4,81,0,85,22,0,22,107
02/07/2021,DXR,CT,ANE,EN,Federal Contract Tower,0,1,1,0,2,0,0,0,0,0,0,1,1,0,2,0,0,0,2
02/08/2021,DXR,CT,ANE,EN,Federal Contract Tower,0,0,0,0,0,0,0,8,0,8,0,0,8,0,8,18,0,18,26
02/09/2021,DXR,CT,ANE,EN,Federal Contract Tower,0,0,3,0,3,0,0,1,0,1,0,0,4,0,4,0,0,0,4
02/10/2021,DXR,CT,ANE,EN,Federal Contract Tower,0,0,1,0,1,0,3,49,0,52,0,3,50,0,53,34,0,34,87
02/11/2021,DXR,CT,ANE,EN,Federal Contract Tower,0,1,1,0,2,0,2,42,0,44,0,3,43,0,46,20,0,20,66
02/12/2021,DXR,CT,ANE,EN,Federal Contract Tower,0,0,2,0,2,0,2,69,0,71,0,2,71,0,73,68,0,68,141
02/13/2021,DXR,CT,ANE,EN,Federal Contract Tower,0,0,5,0,5,0,2,104,0,106,0,2,109,0,111,82,0,82,193
02/14/2021,DXR,CT,ANE,EN,Federal Contract Tower,0,2,3,0,5,0,2,9,0,11,0,4,12,0,16,6,0,6,22
02/15/2021,DXR,CT,ANE,EN,Federal Contract Tower,0,6,3,0,9,0,0,0,0,0,0,6,3,0,9,0,0,0,9
02/16/2021,DXR,CT,ANE,EN,Federal Contract Tower,0,0,0,0,0,0,0,19,0,19,0,0,19,0,19,22,0,22,41
02/17/2021,DXR,CT,ANE,EN,Federal Contract Tower,0,0,1,0,1,0,2,65,0,67,0,2,66,0,68,58,0,58,126
02/18/2021,DXR,CT,ANE,EN,Federal Contract Tower,0,0,1,0,1,0,0,1,0,1,0,0,2,0,2,0,0,0,2
02/19/2021,DXR,CT,ANE,EN,Federal Contract Tower,0,4,3,0,7,0,0,0,0,0,0,4,3,0,7,0,0,0,7
02/20/2021,DXR,CT,ANE,EN,Federal Contract Tower,0,0,3,0,3,0,1,20,0,21,0,1,23,0,24,24,0,24,48
02/21/2021,DXR,CT,ANE,EN,Federal Contract Tower,0,1,4,0,5,0,7,126,0,133,0,8,130,0,138,58,0,58,196
02/22/2021,DXR,CT,ANE,EN,Federal Contract Tower,0,1,1,0,2,0,5,10,0,15,0,6,11,0,17,8,0,8,25
02/23/2021,DXR,CT,ANE,EN,Federal Contract Tower,0,0,6,1,7,0,0,39,1,40,0,0,45,2,47,24,0,24,71
02/24/2021,DXR,CT,ANE,EN,Federal Contract Tower,0,0,6,0,6,0,1,85,0,86,0,1,91,0,92,98,0,98,190
02/25/2021,DXR,CT,ANE,EN,Federal Contract Tower,0,0,5,0,5,0,1,36,0,37,0,1,41,0,42,4,0,4,46
02/26/2021,DXR,CT,ANE,EN,Federal Contract Tower,0,2,5,0,7,0,4,125,0,129,0,6,130,0,136,110,0,110,246
02/27/2021,DXR,CT,ANE,EN,Federal Contract Tower,0,2,2,0,4,0,0,1,0,1,0,2,3,0,5,0,0,0,5
02/28/2021,DXR,CT,ANE,EN,Federal Contract Tower,0,1,6,0,7,0,5,63,0,68,0,6,69,0,75,112,0,112,187
03/01/2021,DXR,CT,ANE,EN,Federal Contract Tower,0,4,2,0,6,0,1,6,0,7,0,5,8,0,13,0,0,0,13
03/02/2021,DXR,CT,ANE,EN,Federal Contract Tower,0,0,2,0,2,0,2,8,0,10,0,2,10,0,12,2,0,2,14
03/03/2021,DXR,CT,ANE,EN,Federal Contract Tower,0,0,1,0,1,0,1,142,0,143,0,1,143,0,144,94,0,94,238
03/04/2021,DXR,CT,ANE,EN,Federal Contract Tower,0,1,4,0,5,0,3,24,0,27,0,4,28,0,32,26,0,26,58
03/05/2021,DXR,CT,ANE,EN,Federal Contract Tower,0,0,6,0,6,0,5,39,0,44,0,5,45,0,50,10,0,10,60
03/06/2021,DXR,CT,ANE,EN,Federal Contract Tower,0,0,3,0,3,0,2,85,0,87,0,2,88,0,90,82,0,82,172
03/07/2021,DXR,CT,ANE,EN,Federal Contract Tower,0,0,8,0,8,0,7,178,0,185,0,7,186,0,193,150,0,150,343
03/08/2021,DXR,CT,ANE,EN,Federal Contract Tower,0,0,4,0,4,0,2,83,0,85,0,2,87,0,89,76,0,76,165
03/09/2021,DXR,CT,ANE,EN,Federal Contract Tower,0,2,0,0,2,0,6,92,0,98,0,8,92,0,100,72,2,74,174
03/10/2021,DXR,CT,ANE,EN,Federal Contract Tower,0,0,4,0,4,0,2,138,0,140,0,2,142,0,144,86,0,86,230
03/11/2021,DXR,CT,ANE,EN,Federal Contract Tower,0,2,3,0,5,0,1,96,0,97,0,3,99,0,102,106,0,106,208
03/12/2021,DXR,CT,ANE,EN,Federal Contract Tower,0,1,1,0,2,0,5,78,0,83,0,6,79,0,85,22,0,22,107
03/13/2021,DXR,CT,ANE,EN,Federal Contract Tower,0,1,5,0,6,0,0,116,0,116,0,1,121,0,122,94,0,94,216
03/14/2021,DXR,CT,ANE,EN,Federal Contract Tower,0,2,0,0,2,0,3,28,0,31,0,5,28,0,33,24,0,24,57
03/15/2021,DXR,CT,ANE,EN,Federal Contract Tower,0,0,2,0,2,0,2,26,0,28,0,2,28,0,30,14,0,14,44
03/16/2021,DXR,CT,ANE,EN,Federal Contract Tower,0,1,5,0,6,0,0,83,0,83,0,1,88,0,89,114,0,114,203
03/17/2021,DXR,CT,ANE,EN,Federal Contract Tower,0,2,3,0,5,0,1,2,0,3,0,3,5,0,8,2,0,2,10
03/18/2021,DXR,CT,ANE,EN,Federal Contract Tower,0,4,2,0,6,0,0,0,0,0,0,4,2,0,6,0,0,0,6
03/19/2021,DXR,CT,ANE,EN,Federal Contract Tower,0,0,2,0,2,0,6,25,0,31,0,6,27,0,33,4,0,4,37
03/20/2021,DXR,CT,ANE,EN,Federal Contract Tower,0,2,6,0,8,0,7,138,0,145,0,9,144,0,153,78,8,86,239
03/21/2021,DXR,CT,ANE,EN,Federal Contract Tower,0,1,7,0,8,0,5,199,0,204,0,6,206,0,212,130,0,130,342
03/22/2021,DXR,CT,ANE,EN,Federal Contract Tower,0,0,3,0,3,0,1,121,0,122,0,1,124,0,125,62,0,62,187
03/23/2021,DXR,CT,ANE,EN,Federal Contract Tower,0,0,4,0,4,0,1,111,0,112,0,1,115,0,116,154,0,154,270
03/24/2021,DXR,CT,ANE,EN,Federal Contract Tower,0,2,1,0,3,0,0,16,0,16,0,2,17,0,19,52,0,52,71
03/25/2021,DXR,CT,ANE,EN,Federal Contract Tower,0,3,8,0,11,0,1,61,0,62,0,4,69,0,73,76,0,76,149
03/26/2021,DXR,CT,ANE,EN,Federal Contract Tower,0,3,2,0,5,0,1,3,0,4,0,4,5,0,9,0,0,0,9
03/27/2021,DXR,CT,ANE,EN,Federal Contract Tower,0,1,9,0,10,0,0,201,0,201,0,1,210,0,211,158,0,158,369
03/28/2021,DXR,CT,ANE,EN,Federal Contract Tower,0,4,1,0,5,0,0,0,0,0,0,4,1,0,5,0,0,0,5
03/29/2021,DXR,CT,ANE,EN,Federal Contract Tower,0,1,4,0,5,0,1,4,0,5,0,2,8,0,10,0,0,0,10
03/30/2021,DXR,CT,ANE,EN,Federal Contract Tower,0,1,3,0,4,0,3,132,3,138,0,4,135,3,142,121,6,127,269
03/31/2021,DXR,CT,ANE,EN,Federal Contract Tower,0,1,6,2,9,0,0,7,0,7,0,1,13,2,16,18,0,18,34
04/01/2021,DXR,CT,ANE,EN,Federal Contract Tower,0,4,2,0,6,0,2,6,0,8,0,6,8,0,14,0,0,0,14
04/02/2021,DXR,CT,ANE,EN,Federal Contract Tower,0,0,8,0,8,0,2,49,0,51,0,2,57,0,59,26,0,26,85
04/03/2021,DXR,CT,ANE,EN,Federal Contract Tower,0,3,3,0,6,0,2,168,0,170,0,5,171,0,176,90,0,90,266
04/04/2021,DXR,CT,ANE,EN,Federal Contract Tower,0,0,7,0,7,0,3,100,0,103,0,3,107,0,110,74,0,74,184
04/05/2021,DXR,CT,ANE,EN,Federal Contract Tower,0,0,6,0,6,0,5,56,0,61,0,5,62,0,67,8,0,8,75
04/06/2021,DXR,CT,ANE,EN,Federal Contract Tower,0,0,2,0,2,0,1,105,0,106,0,1,107,0,108,96,0,96,204
04/07/2021,DXR,CT,ANE,EN,Federal Contract Tower,0,1,2,0,3,0,4,141,0,145,0,5,143,0,148,170,0,170,318
04/08/2021,DXR,CT,ANE,EN,Federal Contract Tower,0,2,6,0,8,0,1,116,0,117,0,3,122,0,125,124,0,124,249
04/09/2021,DXR,CT,ANE,EN,Federal Contract Tower,0,1,13,0,14,0,1,108,0,109,0,2,121,0,123,106,0,106,229
04/10/2021,DXR,CT,ANE,EN,Federal Contract Tower,0,1,24,0,25,0,0,56,0,56,0,1,80,0,81,68,0,68,149
04/11/2021,DXR,CT,ANE,EN,Federal Contract Tower,0,2,4,0,6,0,0,0,0,0,0,2,4,0,6,0,0,0,6
04/12/2021,DXR,CT,ANE,EN,Federal Contract Tower,0,4,9,0,13,0,0,8,0,8,0,4,17,0,21,18,0,18,39
04/13/2021,DXR,CT,ANE,EN,Federal Contract Tower,0,0,7,0,7,0,2,104,0,106,0,2,111,0,113,180,6,186,299
04/14/2021,DXR,CT,ANE,EN,Federal Contract Tower,0,0,3,0,3,0,3,136,0,139,0,3,139,0,142,162,0,162,304
04/15/2021,DXR,CT,ANE,EN,Federal Contract Tower,0,3,6,0,9,0,0,0,0,0,0,3,6,0,9,0,0,0,9
04/16/2021,DXR,CT,ANE,EN,Federal Contract Tower,0,2,8,0,10,0,2,19,0,21,0,4,27,0,31,14,0,14,45
04/17/2021,DXR,CT,ANE,EN,Federal Contract Tower,0,1,3,0,4,0,2,92,0,94,0,3,95,0,98,130,0,130,228
04/18/2021,DXR,CT,ANE,EN,Federal Contract Tower,0,0,12,0,12,0,2,143,0,145,0,2,155,0,157,138,0,138,295
04/19/2021,DXR,CT,ANE,EN,Federal Contract Tower,0,0,6,0,6,0,2,89,0,91,0,2,95,0,97,62,0,62,159
04/20/2021,DXR,CT,ANE,EN,Federal Contract Tower,0,0,4,0,4,0,4,78,0,82,0,4,82,0,86,38,0,38,124
04/21/2021,DXR,CT,ANE,EN,Federal Contract Tower,0,0,5,0,5,0,4,19,1,24,0,4,24,1,29,10,0,10,39
04/22/2021,DXR,CT,ANE,EN,Federal Contract Tower,0,0,0,0,0,0,4,8,0,12,0,4,8,0,12,8,0,8,20
04/23/2021,DXR,CT,ANE,EN,Federal Contract Tower,0,1,3,0,4,0,4,46,0,50,0,5,49,0,54,32,0,32,86
04/24/2021,DXR,CT,ANE,EN,Federal Contract Tower,0,0,3,0,3,0,5,142,0,147,0,5,145,0,150,126,0,126,276
04/25/2021,DXR,CT,ANE,EN,Federal Contract Tower,0,2,12,0,14,0,7,14,0,21,0,9,26,0,35,10,0,10,45
04/26/2021,DXR,CT,ANE,EN,Federal Contract Tower,0,0,4,0,4,0,6,42,0,48,0,6,46,0,52,8,0,8,60
04/27/2021,DXR,CT,ANE,EN,Federal Contract Tower,0,1,1,0,2,0,0,103,0,103,0,1,104,0,105,70,0,70,175
04/28/2021,DXR,CT,ANE,EN,Federal Contract Tower,0,0,2,0,2,0,1,125,0,126,0,1,127,0,128,94,0,94,222
04/29/2021,DXR,CT,ANE,EN,Federal Contract Tower,0,2,6,0,8,0,2,21,0,23,0,4,27,0,31,53,0,53,84
04/30/2021,DXR,CT,ANE,EN,Federal Contract Tower,0,0,9,0,9,0,4,13,0,17,0,4,22,0,26,0,0,0,26
05/01/2021,DXR,CT,ANE,EN,Federal Contract Tower,0,0,2,0,2,0,0,61,0,61,0,0,63,0,63,44,0,44,107
05/02/2021,DXR,CT,ANE,EN,Federal Contract Tower,0,0,9,0,9,0,2,98,0,100,0,2,107,0,109,72,0,72,181
05/03/2021,DXR,CT,ANE,EN,Federal Contract Tower,0,2,6,0,8,0,2,45,0,47,0,4,51,0,55,90,0,90,145
05/04/2021,DXR,CT,ANE,EN,Federal Contract Tower,0,7,13,0,20,0,0,3,0,3,0,7,16,0,23,10,0,10,33
05/05/2021,DXR,CT,ANE,EN,Federal Contract Tower,0,5,7,0,12,0,0,0,0,0,0,5,7,0,12,0,0,0,12
05/06/2021,DXR,CT,ANE,EN,Federal Contract Tower,0,0,4,0,4,0,3,96,0,99,0,3,100,0,103,82,0,82,185
05/07/2021,DXR,CT,ANE,EN,Federal Contract Tower,0,0,9,0,9,0,6,133,0,139,0,6,142,0,148,76,0,76,224
05/08/2021,DXR,CT,ANE,EN,Federal Contract Tower,0,1,5,0,6,0,1,82,0,83,0,2,87,0,89,192,0,192,281
05/09/2021,DXR,CT,ANE,EN,Federal Contract Tower,0,0,6,0,6,0,2,109,0,111,0,2,115,0,117,162,0,162,279
05/10/2021,DXR,CT,ANE,EN,Federal Contract Tower,0,1,5,0,6,0,2,52,0,54,0,3,57,0,60,66,0,66,126
05/11/2021,DXR,CT,ANE,EN,Federal Contract Tower,0,0,2,0,2,0,0,47,0,47,0,0,49,0,49,14,0,14,63
05/12/2021,DXR,CT,ANE,EN,Federal Contract Tower,0,4,4,0,8,0,5,101,0,106,0,9,105,0,114,46,0,46,160
05/13/2021,DXR,CT,ANE,EN,Federal Contract Tower,0,2,5,0,7,0,2,142,0,144,0,4,147,0,151,144,0,144,295
05/14/2021,DXR,CT,ANE,EN,Federal Contract Tower,0,0,2,0,2,0,4,118,0,122,0,4,120,0,124,108,0,108,232
05/15/2021,DXR,CT,ANE,EN,Federal Contract Tower,0,3,4,0,7,0,3,144,0,147,0,6,148,0,154,128,0,128,282
05/16/2021,DXR,CT,ANE,EN,Federal Contract Tower,0,2,9,0,11,0,4,93,0,97,0,6,102,0,108,62,0,62,170
05/17/2021,DXR,CT,ANE,EN,Federal Contract Tower,0,0,3,0,3,0,2,96,0,98,0,2,99,0,101,92,0,92,193
05/18/2021,DXR,CT,ANE,EN,Federal Contract Tower,0,1,1,0,2,0,2,66,0,68,0,3,67,0,70,172,0,172,242
05/19/2021,DXR,CT,ANE,EN,Federal Contract Tower,0,2,2,0,4,0,3,105,0,108,0,5,107,0,112,56,0,56,168
05/20/2021,DXR,CT,ANE,EN,Federal Contract Tower,0,0,5,0,5,0,4,93,0,97,0,4,98,0,102,76,0,76,178
05/21/2021,DXR,CT,ANE,EN,Federal Contract Tower,0,4,5,0,9,0,5,107,0,112,0,9,112,0,121,88,0,88,209
05/22/2021,DXR,CT,ANE,EN,Federal Contract Tower,0,0,4,0,4,0,6,110,0,116,0,6,114,0,120,142,0,142,262
05/23/2021,DXR,CT,ANE,EN,Federal Contract Tower,0,1,6,0,7,0,7,98,0,105,0,8,104,0,112,104,0,104,216
05/24/2021,DXR,CT,ANE,EN,Federal Contract Tower,0,0,6,0,6,0,5,82,0,87,0,5,88,0,93,86,0,86,179
05/25/2021,DXR,CT,ANE,EN,Federal Contract Tower,0,0,2,0,2,0,5,94,0,99,0,5,96,0,101,52,0,52,153
05/26/2021,DXR,CT,ANE,EN,Federal Contract Tower,0,0,6,0,6,0,9,72,0,81,0,9,78,0,87,144,0,144,231
05/27/2021,DXR,CT,ANE,EN,Federal Contract Tower,0,2,5,0,7,0,11,108,0,119,0,13,113,0,126,94,0,94,220
05/28/2021,DXR,CT,ANE,EN,Federal Contract Tower,0,1,7,0,8,0,10,65,0,75,0,11,72,0,83,74,0,74,157
05/29/2021,DXR,CT,ANE,EN,Federal Contract Tower,0,4,2,0,6,0,0,0,0,0,0,4,2,0,6,0,0,0,6
05/30/2021,DXR,CT,ANE,EN,Federal Contract Tower,0,10,3,0,13,0,0,0,0,0,0,10,3,0,13,0,0,0,13
05/31/2021,DXR,CT,ANE,EN,Federal Contract Tower,0,9,13,0,22,0,11,82,0,93,0,20,95,0,115,0,106,106,221
06/01/2021,DXR,CT,ANE,EN,Federal Contract Tower,0,0,1,0,1,0,12,89,0,101,0,12,90,0,102,74,0,74,176
06/02/2021,DXR,CT,ANE,EN,Federal Contract Tower,0,1,9,0,10,0,5,108,0,113,0,6,117,0,123,76,4,80,203
06/03/2021,DXR,CT,ANE,EN,Federal Contract Tower,0,2,6,0,8,0,0,1,0,1,0,2,7,0,9,0,0,0,9
06/04/2021,DXR,CT,ANE,EN,Federal Contract Tower,0,3,10,0,13,0,10,34,0,44,0,13,44,0,57,48,0,48,105
06/05/2021,DXR,CT,ANE,EN,Federal Contract Tower,0,1,7,0,8,0,0,130,0,130,0,1,137,0,138,106,0,106,244
06/07/2021,DXR,CT,ANE,EN,Federal Contract Tower,0,0,5,0,5,0,8,84,0,92,0,8,89,0,97,74,0,74,171
06/08/2021,DXR,CT,ANE,EN,Federal Contract Tower,0,2,9,0,11,0,2,40,2,44,0,4,49,2,55,38,0,38,93
06/09/2021,DXR,CT,ANE,EN,Federal Contract Tower,0,4,4,0,8,0,5,82,0,87,0,9,86,0,95,108,0,108,203
06/10/2021,DXR,CT,ANE,EN,Federal Contract Tower,0,4,8,0,12,0,6,101,0,107,0,10,109,0,119,72,0,72,191
06/11/2021,DXR,CT,ANE,EN,Federal Contract Tower,0,0,8,0,8,0,10,107,0,117,0,10,115,0,125,92,0,92,217
06/12/2021,DXR,CT,ANE,EN,Federal Contract Tower,0,3,22,0,25,0,1,58,0,59,0,4,80,0,84,94,0,94,178
06/13/2021,DXR,CT,ANE,EN,Federal Contract Tower,0,1,10,0,11,0,6,171,0,177,0,7,181,0,188,116,0,116,304
06/14/2021,DXR,CT,ANE,EN,Federal Contract Tower,0,3,6,0,9,0,0,1,0,1,0,3,7,0,10,0,0,0,10
06/15/2021,DXR,CT,ANE,EN,Federal Contract Tower,0,0,6,0,6,0,2,93,0,95,0,2,99,0,101,46,0,46,147
06/16/2021,DXR,CT,ANE,EN,Federal Contract Tower,0,1,5,0,6,0,7,101,0,108,0,8,106,0,114,38,0,38,152
06/17/2021,DXR,CT,ANE,EN,Federal Contract Tower,0,0,5,0,5,0,5,131,0,136,0,5,136,0,141,86,0,86,227
06/18/2021,DXR,CT,ANE,EN,Federal Contract Tower,0,1,5,0,6,0,1,138,0,139,0,2,143,0,145,104,0,104,249
06/19/2021,DXR,CT,ANE,EN,Federal Contract Tower,0,2,5,0,7,0,3,125,0,128,0,5,130,0,135,86,0,86,221
06/20/2021,DXR,CT,ANE,EN,Federal Contract Tower,0,1,12,0,13,0,9,184,0,193,0,10,196,0,206,64,0,64,270
06/21/2021,DXR,CT,ANE,EN,Federal Contract Tower,0,4,13,0,17,0,5,39,0,44,0,9,52,0,61,30,0,30,91
06/22/2021,DXR,CT,ANE,EN,Federal Contract Tower,0,1,10,0,11,0,1,12,0,13,0,2,22,0,24,2,0,2,26
06/23/2021,DXR,CT,ANE,EN,Federal Contract Tower,0,1,1,0,2,0,6,170,0,176,0,7,171,0,178,136,6,142,320
06/24/2021,DXR,CT,ANE,EN,Federal Contract Tower,0,6,5,0,11,0,8,155,0,163,0,14,160,0,174,99,0,99,273
06/25/2021,DXR,CT,ANE,EN,Federal Contract Tower,0,11,21,0,32,0,5,61,0,66,0,16,82,0,98,38,0,38,136
06/26/2021,DXR,CT,ANE,EN,Federal Contract Tower,0,5,16,0,21,0,5,43,0,48,0,10,59,0,69,42,0,42,111
06/27/2021,DXR,CT,ANE,EN,Federal Contract Tower,0,5,18,0,23,0,10,92,0,102,0,15,110,0,125,116,0,116,241
06/28/2021,DXR,CT,ANE,EN,Federal Contract Tower,0,1,2,0,3,0,4,108,0,112,0,5,110,0,115,60,0,60,175
06/29/2021,DXR,CT,ANE,EN,Federal Contract Tower,0,1,1,0,2,0,10,112,0,122,0,11,113,0,124,66,0,66,190
06/30/2021,DXR,CT,ANE,EN,Federal Contract Tower,0,0,6,0,6,0,12,102,0,114,0,12,108,0,120,82,0,82,202
07/01/2021,DXR,CT,ANE,EN,Federal Contract Tower,0,3,9,0,12,0,8,27,0,35,0,11,36,0,47,38,0,38,85
07/02/2021,DXR,CT,ANE,EN,Federal Contract Tower,0,12,14,0,26,0,0,7,0,7,0,12,21,0,33,18,0,18,51
07/03/2021,DXR,CT,ANE,EN,Federal Contract Tower,0,6,12,0,18,0,0,1,0,1,0,6,13,0,19,6,0,6,25
07/04/2021,DXR,CT,ANE,EN,Federal Contract Tower,0,5,10,0,15,0,2,54,0,56,0,7,64,0,71,18,0,18,89
07/05/2021,DXR,CT,ANE,EN,Federal Contract Tower,0,5,22,0,27,0,7,59,0,66,0,12,81,0,93,80,0,80,173
07/06/2021,DXR,CT,ANE,EN,Federal Contract Tower,0,0,0,0,0,0,5,79,2,86,0,5,79,2,86,54,0,54,140
07/07/2021,DXR,CT,ANE,EN,Federal Contract Tower,0,0,2,0,2,0,4,67,0,71,0,4,69,0,73,46,0,46,119
07/08/2021,DXR,CT,ANE,EN,Federal Contract Tower,0,3,8,0,11,0,0,11,0,11,0,3,19,0,22,0,0,0,22
07/09/2021,DXR,CT,ANE,EN,Federal Contract Tower,0,3,7,0,10,0,4,52,1,57,0,7,59,1,67,28,0,28,95
07/10/2021,DXR,CT,ANE,EN,Federal Contract Tower,0,6,26,0,32,0,3,85,0,88,0,9,111,0,120,64,0,64,184
07/11/2021,DXR,CT,ANE,EN,Federal Contract Tower,0,10,22,0,32,0,6,32,0,38,0,16,54,0,70,50,0,50,120
07/12/2021,DXR,CT,ANE,EN,Federal Contract Tower,0,8,13,0,21,0,1,4,0,5,0,9,17,0,26,10,0,10,36
07/13/2021,DXR,CT,ANE,EN,Federal Contract Tower,0,7,10,0,17,0,0,0,0,0,0,7,10,0,17,0,0,0,17
07/14/2021,DXR,CT,ANE,EN,Federal Contract Tower,0,3,6,0,9,0,4,56,0,60,0,7,62,0,69,68,0,68,137
07/15/2021,DXR,CT,ANE,EN,Federal Contract Tower,0,2,6,0,8,0,4,169,0,173,0,6,175,0,181,116,0,116,297
07/16/2021,DXR,CT,ANE,EN,Federal Contract Tower,0,3,5,0,8,0,10,133,0,143,0,13,138,0,151,86,0,86,237
07/17/2021,DXR,CT,ANE,EN,Federal Contract Tower,0,3,6,0,9,0,4,99,0,103,0,7,105,0,112,104,0,104,216
07/18/2021,DXR,CT,ANE,EN,Federal Contract Tower,0,4,10,0,14,0,1,39,0,40,0,5,49,0,54,50,0,50,104
07/19/2021,DXR,CT,ANE,EN,Federal Contract Tower,0,6,13,0,19,0,3,78,2,83,0,9,91,2,102,148,0,148,250
07/20/2021,DXR,CT,ANE,EN,Federal Contract Tower,0,0,14,0,14,0,3,117,0,120,0,3,131,0,134,174,0,174,308
07/21/2021,DXR,CT,ANE,EN,Federal Contract Tower,0,3,6,0,9,0,4,84,0,88,0,7,90,0,97,26,2,28,125
07/22/2021,DXR,CT,ANE,EN,Federal Contract Tower,0,0,5,0,5,0,6,135,0,141,0,6,140,0,146,130,0,130,276
07/23/2021,DXR,CT,ANE,EN,Federal Contract Tower,0,4,5,0,9,0,8,143,0,151,0,12,148,0,160,70,0,70,230
07/24/2021,DXR,CT,ANE,EN,Federal Contract Tower,0,4,12,0,16,0,6,174,0,180,0,10,186,0,196,84,0,84,280
07/25/2021,DXR,CT,ANE,EN,Federal Contract Tower,0,8,14,0,22,0,2,25,0,27,0,10,39,0,49,18,0,18,67
07/26/2021,DXR,CT,ANE,EN,Federal Contract Tower,0,0,9,0,9,0,6,153,0,159,0,6,162,0,168,140,0,140,308
07/27/2021,DXR,CT,ANE,EN,Federal Contract Tower,0,0,1,0,1,0,5,100,0,105,0,5,101,0,106,120,2,122,228
07/28/2021,DXR,CT,ANE,EN,Federal Contract Tower,0,2,7,0,9,0,9,93,0,102,0,11,100,0,111,74,0,74,185
07/29/2021,DXR,CT,ANE,EN,Federal Contract Tower,0,2,7,0,9,0,3,2,0,5,0,5,9,0,14,0,0,0,14
07/30/2021,DXR,CT,ANE,EN,Federal Contract Tower,0,0,14,0,14,0,11,111,0,122,0,11,125,0,136,104,0,104,240
07/31/2021,DXR,CT,ANE,EN,Federal Contract Tower,0,4,7,0,11,0,7,170,0,177,0,11,177,0,188,108,0,108,296
08/01/2021,DXR,CT,ANE,EN,Federal Contract Tower,0,1,6,0,7,0,4,107,0,111,0,5,113,0,118,142,0,142,260
08/02/2021,DXR,CT,ANE,EN,Federal Contract Tower,0,0,5,0,5,0,7,108,0,115,0,7,113,0,120,92,0,92,212
08/03/2021,DXR,CT,ANE,EN,Federal Contract Tower,0,3,7,0,10,0,6,137,0,143,0,9,144,0,153,178,0,178,331
08/04/2021,DXR,CT,ANE,EN,Federal Contract Tower,0,0,6,0,6,0,3,114,0,117,0,3,120,0,123,140,0,140,263
08/05/2021,DXR,CT,ANE,EN,Federal Contract Tower,0,4,19,0,23,0,2,30,0,32,0,6,49,0,55,48,0,48,103
08/06/2021,DXR,CT,ANE,EN,Federal Contract Tower,0,8,12,0,20,0,4,164,0,168,0,12,176,0,188,138,0,138,326
08/07/2021,DXR,CT,ANE,EN,Federal Contract Tower,0,2,7,0,9,0,2,105,0,107,0,4,112,0,116,112,0,112,228
08/08/2021,DXR,CT,ANE,EN,Federal Contract Tower,0,2,13,0,15,0,7,57,0,64,0,9,70,0,79,54,0,54,133
08/09/2021,DXR,CT,ANE,EN,Federal Contract Tower,0,10,20,0,30,0,1,26,0,27,0,11,46,0,57,56,0,56,113
08/10/2021,DXR,CT,ANE,EN,Federal Contract Tower,0,6,23,0,29,0,1,11,0,12,0,7,34,0,41,4,0,4,45
08/11/2021,DXR,CT,ANE,EN,Federal Contract Tower,0,2,5,0,7,0,3,69,0,72,0,5,74,0,79,48,0,48,127
08/12/2021,DXR,CT,ANE,EN,Federal Contract Tower,0,0,2,0,2,0,8,72,0,80,0,8,74,0,82,26,0,26,108
08/13/2021,DXR,CT,ANE,EN,Federal Contract Tower,0,2,2,0,4,0,4,117,0,121,0,6,119,0,125,160,0,160,285
08/14/2021,DXR,CT,ANE,EN,Federal Contract Tower,0,3,9,0,12,0,13,92,0,105,0,16,101,0,117,62,0,62,179
08/15/2021,DXR,CT,ANE,EN,Federal Contract Tower,0,1,4,0,5,0,10,155,0,165,0,11,159,0,170,99,0,99,269
08/16/2021,DXR,CT,ANE,EN,Federal Contract Tower,0,0,9,0,9,0,6,154,0,160,0,6,163,0,169,120,0,120,289
08/17/2021,DXR,CT,ANE,EN,Federal Contract Tower,0,3,4,0,7,0,8,98,0,106,0,11,102,0,113,70,0,70,183
08/18/2021,DXR,CT,ANE,EN,Federal Contract Tower,0,6,8,0,14,0,4,28,0,32,0,10,36,0,46,46,0,46,92
08/19/2021,DXR,CT,ANE,EN,Federal Contract Tower,0,4,11,0,15,0,0,10,0,10,0,4,21,0,25,0,0,0,25
08/20/2021,DXR,CT,ANE,EN,Federal Contract Tower,0,1,16,0,17,0,6,92,0,98,0,7,108,0,115,58,0,58,173
08/21/2021,DXR,CT,ANE,EN,Federal Contract Tower,0,6,21,0,27,0,3,31,0,34,0,9,52,0,61,24,0,24,85
08/22/2021,DXR,CT,ANE,EN,Federal Contract Tower,0,0,1,0,1,0,0,0,0,0,0,0,1,0,1,0,0,0,1
08/23/2021,DXR,CT,ANE,EN,Federal Contract Tower,0,3,9,0,12,0,1,0,0,1,0,4,9,0,13,0,0,0,13
08/24/2021,DXR,CT,ANE,EN,Federal Contract Tower,0,5,2,0,7,0,13,124,0,137,0,18,126,0,144,72,0,72,216
08/25/2021,DXR,CT,ANE,EN,Federal Contract Tower,0,0,8,0,8,0,1,153,0,154,0,1,161,0,162,166,0,166,328
08/26/2021,DXR,CT,ANE,EN,Federal Contract Tower,0,0,6,0,6,0,1,117,0,118,0,1,123,0,124,150,0,150,274
08/27/2021,DXR,CT,ANE,EN,Federal Contract Tower,0,0,7,0,7,0,6,145,0,151,0,6,152,0,158,144,0,144,302
08/28/2021,DXR,CT,ANE,EN,Federal Contract Tower,0,5,12,0,17,0,1,64,0,65,0,6,76,0,82,108,0,108,190
08/29/2021,DXR,CT,ANE,EN,Federal Contract Tower,0,11,27,0,38,0,1,8,0,9,0,12,35,0,47,0,0,0,47
08/30/2021,DXR,CT,ANE,EN,Federal Contract Tower,0,1,6,0,7,0,8,22,0,30,0,9,28,0,37,10,0,10,47
08/31/2021,DXR,CT,ANE,EN,Federal Contract Tower,0,0,0,0,0,0,7,155,2,164,0,7,155,2,164,174,0,174,338
09/01/2021,DXR,CT,ANE,EN,Federal Contract Tower,0,3,8,0,11,0,0,0,0,0,0,3,8,0,11,0,0,0,11
09/02/2021,DXR,CT,ANE,EN,Federal Contract Tower,0,1,8,0,9,0,3,64,0,67,0,4,72,0,76,9,0,9,85
09/03/2021,DXR,CT,ANE,EN,Federal Contract Tower,0,1,12,0,13,0,10,139,0,149,0,11,151,0,162,124,0,124,286
09/04/2021,DXR,CT,ANE,EN,Federal Contract Tower,0,0,10,0,10,0,8,163,0,171,0,8,173,0,181,126,0,126,307
09/05/2021,DXR,CT,ANE,EN,Federal Contract Tower,0,4,12,0,16,0,3,41,0,44,0,7,53,0,60,58,0,58,118
09/06/2021,DXR,CT,ANE,EN,Federal Contract Tower,0,2,8,0,10,0,9,125,0,134,0,11,133,0,144,198,0,198,342
09/07/2021,DXR,CT,ANE,EN,Federal Contract Tower,0,0,7,0,7,0,12,143,0,155,0,12,150,0,162,118,0,118,280
09/08/2021,DXR,CT,ANE,EN,Federal Contract Tower,0,0,5,0,5,0,1,49,0,50,0,1,54,0,55,54,0,54,109
09/09/2021,DXR,CT,ANE,EN,Federal Contract Tower,0,3,14,0,17,0,0,5,0,5,0,3,19,0,22,4,0,4,26
09/10/2021,DXR,CT,ANE,EN,Federal Contract Tower,0,0,3,0,3,0,3,94,0,97,0,3,97,0,100,70,0,70,170
09/11/2021,DXR,CT,ANE,EN,Federal Contract Tower,0,0,4,0,4,0,4,163,0,167,0,4,167,0,171,104,0,104,275
09/12/2021,DXR,CT,ANE,EN,Federal Contract Tower,0,0,8,0,8,0,4,92,0,96,0,4,100,0,104,54,0,54,158
09/13/2021,DXR,CT,ANE,EN,Federal Contract Tower,0,1,6,0,7,0,1,96,0,97,0,2,102,0,104,98,0,98,202
09/14/2021,DXR,CT,ANE,EN,Federal Contract Tower,0,0,4,0,4,0,2,112,0,114,0,2,116,0,118,92,0,92,210
09/15/2021,DXR,CT,ANE,EN,Federal Contract Tower,0,6,5,0,11,0,8,43,0,51,0,14,48,0,62,26,0,26,88
09/16/2021,DXR,CT,ANE,EN,Federal Contract Tower,0,3,10,0,13,0,1,52,0,53,0,4,62,0,66,82,0,82,148
09/17/2021,DXR,CT,ANE,EN,Federal Contract Tower,0,9,21,0,30,0,0,0,0,0,0,9,21,0,30,0,0,0,30
09/18/2021,DXR,CT,ANE,EN,Federal Contract Tower,0,1,11,0,12,0,4,154,0,158,0,5,165,0,170,116,0,116,286
09/19/2021,DXR,CT,ANE,EN,Federal Contract Tower,0,0,9,0,9,0,4,204,0,208,0,4,213,0,217,106,0,106,323
09/20/2021,DXR,CT,ANE,EN,Federal Contract Tower,0,0,9,0,9,0,7,137,0,144,0,7,146,0,153,118,0,118,271
09/21/2021,DXR,CT,ANE,EN,Federal Contract Tower,0,2,2,0,4,0,7,106,0,113,0,9,108,0,117,140,0,140,257
09/22/2021,DXR,CT,ANE,EN,Federal Contract Tower,0,0,13,0,13,0,2,8,0,10,0,2,21,0,23,0,0,0,23
09/23/2021,DXR,CT,ANE,EN,Federal Contract Tower,0,4,8,0,12,0,0,3,0,3,0,4,11,0,15,0,0,0,15
09/24/2021,DXR,CT,ANE,EN,Federal Contract Tower,0,1,3,0,4,0,4,53,0,57,0,5,56,0,61,38,0,38,99
09/25/2021,DXR,CT,ANE,EN,Federal Contract Tower,0,1,8,0,9,0,0,128,0,128,0,1,136,0,137,114,0,114,251
09/26/2021,DXR,CT,ANE,EN,Federal Contract Tower,0,0,5,0,5,0,3,117,0,120,0,3,122,0,125,60,0,60,185
09/27/2021,DXR,CT,ANE,EN,Federal Contract Tower,0,1,1,0,2,0,1,72,0,73,0,2,73,0,75,34,0,34,109
09/28/2021,DXR,CT,ANE,EN,Federal Contract Tower,0,5,5,0,10,0,1,11,0,12,0,6,16,0,22,4,0,4,26
09/29/2021,DXR,CT,ANE,EN,Federal Contract Tower,0,0,4,0,4,0,4,126,0,130,0,4,130,0,134,82,0,82,216
09/30/2021,DXR,CT,ANE,EN,Federal Contract Tower,0,0,5,4,9,0,4,90,0,94,0,4,95,4,103,46,0,46,149
10/01/2021,DXR,CT,ANE,EN,Federal Contract Tower,0,0,6,0,6,0,10,126,0,136,0,10,132,0,142,86,0,86,228
10/02/2021,DXR,CT,ANE,EN,Federal Contract Tower,0,0,4,0,4,0,7,137,0,144,0,7,141,0,148,80,0,80,228
10/03/2021,DXR,CT,ANE,EN,Federal Contract Tower,0,1,10,0,11,0,6,81,0,87,0,7,91,0,98,100,0,100,198
10/04/2021,DXR,CT,ANE,EN,Federal Contract Tower,0,3,13,0,16,0,0,0,0,0,0,3,13,0,16,0,0,0,16
10/05/2021,DXR,CT,ANE,EN,Federal Contract Tower,0,5,13,0,18,0,0,0,0,0,0,5,13,0,18,4,0,4,22
10/06/2021,DXR,CT,ANE,EN,Federal Contract Tower,0,0,13,0,13,0,4,46,0,50,0,4,59,0,63,44,0,44,107
10/07/2021,DXR,CT,ANE,EN,Federal Contract Tower,0,2,14,0,16,0,3,82,0,85,0,5,96,0,101,50,0,50,151
10/08/2021,DXR,CT,ANE,EN,Federal Contract Tower,0,1,14,0,15,0,8,131,0,139,0,9,145,0,154,118,0,118,272
10/09/2021,DXR,CT,ANE,EN,Federal Contract Tower,0,6,23,0,29,0,2,53,0,55,0,8,76,0,84,92,0,92,176
10/10/2021,DXR,CT,ANE,EN,Federal Contract Tower,0,7,14,0,21,0,0,1,0,1,0,7,15,0,22,0,0,0,22
10/11/2021,DXR,CT,ANE,EN,Federal Contract Tower,0,4,7,0,11,0,6,75,0,81,0,10,82,0,92,88,0,88,180
10/12/2021,DXR,CT,ANE,EN,Federal Contract Tower,0,0,4,0,4,0,4,122,0,126,0,4,126,0,130,70,0,70,200
10/13/2021,DXR,CT,ANE,EN,Federal Contract Tower,0,2,15,0,17,0,0,41,0,41,0,2,56,0,58,72,0,72,130
10/14/2021,DXR,CT,ANE,EN,Federal Contract Tower,0,2,2,0,4,0,6,99,2,107,0,8,101,2,111,134,0,134,245
10/15/2021,DXR,CT,ANE,EN,Federal Contract Tower,0,2,12,0,14,0,2,201,0,203,0,4,213,0,217,178,0,178,395
10/16/2021,DXR,CT,ANE,EN,Federal Contract Tower,0,0,5,0,5,0,1,55,0,56,0,1,60,0,61,92,0,92,153
10/17/2021,DXR,CT,ANE,EN,Federal Contract Tower,0,2,14,0,16,0,5,120,0,125,0,7,134,0,141,96,0,96,237
10/18/2021,DXR,CT,ANE,EN,Federal Contract Tower,0,1,4,0,5,0,4,71,0,75,0,5,75,0,80,128,0,128,208
10/19/2021,DXR,CT,ANE,EN,Federal Contract Tower,0,0,6,0,6,0,6,91,0,97,0,6,97,0,103,96,0,96,199
10/20/2021,DXR,CT,ANE,EN,Federal Contract Tower,0,0,3,0,3,0,3,91,0,94,0,3,94,0,97,92,0,92,189
10/21/2021,DXR,CT,ANE,EN,Federal Contract Tower,0,1,1,0,2,0,7,129,0,136,0,8,130,0,138,104,0,104,242
10/22/2021,DXR,CT,ANE,EN,Federal Contract Tower,0,2,2,0,4,0,10,113,0,123,0,12,115,0,127,152,0,152,279
10/23/2021,DXR,CT,ANE,EN,Federal Contract Tower,0,1,9,0,10,0,2,99,0,101,0,3,108,0,111,156,0,156,267
10/24/2021,DXR,CT,ANE,EN,Federal Contract Tower,0,2,14,0,16,0,7,152,0,159,0,9,166,0,175,108,0,108,283
10/25/2021,DXR,CT,ANE,EN,Federal Contract Tower,0,4,7,0,11,0,0,16,0,16,0,4,23,0,27,54,0,54,81
10/26/2021,DXR,CT,ANE,EN,Federal Contract Tower,0,0,1,0,1,0,0,0,0,0,0,0,1,0,1,0,0,0,1
10/27/2021,DXR,CT,ANE,EN,Federal Contract Tower,0,1,6,0,7,0,1,3,0,4,0,2,9,0,11,0,0,0,11
10/28/2021,DXR,CT,ANE,EN,Federal Contract Tower,0,1,10,0,11,0,5,126,0,131,0,6,136,0,142,116,0,116,258
10/29/2021,DXR,CT,ANE,EN,Federal Contract Tower,0,5,10,0,15,0,7,51,0,58,0,12,61,0,73,82,0,82,155
10/30/2021,DXR,CT,ANE,EN,Federal Contract Tower,0,3,5,0,8,0,1,0,0,1,0,4,5,0,9,0,0,0,9
10/31/2021,DXR,CT,ANE,EN,Federal Contract Tower,0,1,9,0,10,0,0,95,0,95,0,1,104,0,105,88,0,88,193
11/01/2021,DXR,CT,ANE,EN,Federal Contract Tower,0,0,9,0,9,0,2,89,0,91,0,2,98,0,100,34,0,34,134
11/02/2021,DXR,CT,ANE,EN,Federal Contract Tower,0,0,4,0,4,0,2,61,0,63,0,2,65,0,67,18,0,18,85
11/03/2021,DXR,CT,ANE,EN,Federal Contract Tower,0,0,9,0,9,0,4,112,0,116,0,4,121,0,125,68,0,68,193
11/04/2021,DXR,CT,ANE,EN,Federal Contract Tower,0,0,3,0,3,0,1,75,0,76,0,1,78,0,79,134,0,134,213
11/05/2021,DXR,CT,ANE,EN,Federal Contract Tower,0,2,5,0,7,0,5,104,0,109,0,7,109,0,116,46,0,46,162
11/06/2021,DXR,CT,ANE,EN,Federal Contract Tower,0,0,4,0,4,0,0,151,0,151,0,0,155,0,155,152,0,152,307
11/07/2021,DXR,CT,ANE,EN,Federal Contract Tower,0,0,3,0,3,0,2,119,0,121,0,2,122,0,124,68,0,68,192
11/08/2021,DXR,CT,ANE,EN,Federal Contract Tower,0,0,6,0,6,0,3,93,2,98,0,3,99,2,104,36,0,36,140
11/09/2021,DXR,CT,ANE,EN,Federal Contract Tower,0,0,3,0,3,0,3,131,0,134,0,3,134,0,137,114,0,114,251
11/10/2021,DXR,CT,ANE,EN,Federal Contract Tower,0,0,5,0,5,0,0,48,0,48,0,0,53,0,53,24,0,24,77
11/11/2021,DXR,CT,ANE,EN,Federal Contract Tower,0,0,6,0,6,0,1,97,0,98,0,1,103,0,104,94,0,94,198
11/12/2021,DXR,CT,ANE,EN,Federal Contract Tower,0,4,4,0,8,0,1,9,0,10,0,5,13,0,18,0,0,0,18
11/13/2021,DXR,CT,ANE,EN,Federal Contract Tower,0,0,3,0,3,0,4,29,0,33,0,4,32,0,36,26,0,26,62
11/14/2021,DXR,CT,ANE,EN,Federal Contract Tower,0,3,3,0,6,0,1,133,0,134,0,4,136,0,140,148,0,148,288
11/15/2021,DXR,CT,ANE,EN,Federal Contract Tower,0,1,2,0,3,0,2,33,0,35,0,3,35,0,38,86,0,86,124
11/16/2021,DXR,CT,ANE,EN,Federal Contract Tower,0,0,6,0,6,0,0,63,0,63,0,0,69,0,69,68,0,68,137
11/17/2021,DXR,CT,ANE,EN,Federal Contract Tower,0,1,4,0,5,0,2,101,0,103,0,3,105,0,108,76,0,76,184
11/18/2021,DXR,CT,ANE,EN,Federal Contract Tower,0,0,5,0,5,0,1,68,0,69,0,1,73,0,74,86,0,86,160
11/19/2021,DXR,CT,ANE,EN,Federal Contract Tower,0,2,2,0,4,0,1,43,0,44,0,3,45,0,48,34,0,34,82
11/20/2021,DXR,CT,ANE,EN,Federal Contract Tower,0,0,8,0,8,0,1,134,0,135,0,1,142,0,143,82,0,82,225
11/21/2021,DXR,CT,ANE,EN,Federal Contract Tower,0,0,2,0,2,0,0,115,0,115,0,0,117,0,117,108,0,108,225
11/22/2021,DXR,CT,ANE,EN,Federal Contract Tower,0,2,3,0,5,0,0,42,0,42,0,2,45,0,47,64,0,64,111
11/23/2021,DXR,CT,ANE,EN,Federal Contract Tower,0,0,6,0,6,0,0,0,0,0,0,0,6,0,6,12,0,12,18
11/24/2021,DXR,CT,ANE,EN,Federal Contract Tower,0,1,9,2,12,0,3,88,0,91,0,4,97,2,103,94,0,94,197
11/25/2021,DXR,CT,ANE,EN,Federal Contract Tower,0,0,0,0,0,0,0,34,0,34,0,0,34,0,34,12,0,12,46
11/26/2021,DXR,CT,ANE,EN,Federal Contract Tower,0,2,6,0,8,0,2,6,0,8,0,4,12,0,16,0,0,0,16
11/27/2021,DXR,CT,ANE,EN,Federal Contract Tower,0,1,4,0,5,0,5,24,0,29,0,6,28,0,34,6,0,6,40
11/28/2021,DXR,CT,ANE,EN,Federal Contract Tower,0,5,13,0,18,0,3,54,0,57,0,8,67,0,75,96,0,96,171
11/29/2021,DXR,CT,ANE,EN,Federal Contract Tower,0,2,4,0,6,0,0,45,0,45,0,2,49,0,51,74,0,74,125
11/30/2021,DXR,CT,ANE,EN,Federal Contract Tower,0,0,8,0,8,0,0,44,0,44,0,0,52,0,52,58,0,58,110
12/01/2021,DXR,CT,ANE,EN,Federal Contract Tower,0,0,4,0,4,0,3,95,0,98,0,3,99,0,102,50,0,50,152
12/02/2021,DXR,CT,ANE,EN,Federal Contract Tower,0,1,3,0,4,0,4,33,0,37,0,5,36,0,41,10,0,10,51
12/03/2021,DXR,CT,ANE,EN,Federal Contract Tower,0,1,3,0,4,0,2,47,0,49,0,3,50,0,53,22,6,28,81
12/04/2021,DXR,CT,ANE,EN,Federal Contract Tower,0,0,5,0,5,0,0,172,0,172,0,0,177,0,177,138,0,138,315
12/05/2021,DXR,CT,ANE,EN,Federal Contract Tower,0,0,2,0,2,0,6,151,0,157,0,6,153,0,159,88,0,88,247
12/06/2021,DXR,CT,ANE,EN,Federal Contract Tower,0,3,5,0,8,0,0,1,0,1,0,3,6,0,9,0,0,0,9
12/07/2021,DXR,CT,ANE,EN,Federal Contract Tower,0,0,7,0,7,0,1,67,0,68,0,1,74,0,75,68,0,68,143
12/08/2021,DXR,CT,ANE,EN,Federal Contract Tower,0,0,7,0,7,0,1,21,0,22,0,1,28,0,29,90,0,90,119
12/09/2021,DXR,CT,ANE,EN,Federal Contract Tower,0,0,4,0,4,0,0,70,2,72,0,0,74,2,76,94,0,94,170
12/10/2021,DXR,CT,ANE,EN,Federal Contract Tower,0,1,1,0,2,0,1,89,2,92,0,2,90,2,94,96,0,96,190
12/11/2021,DXR,CT,ANE,EN,Federal Contract Tower,0,1,2,0,3,0,0,0,0,0,0,1,2,0,3,0,0,0,3
12/12/2021,DXR,CT,ANE,EN,Federal Contract Tower,0,0,6,0,6,0,3,62,0,65,0,3,68,0,71,60,0,60,131
12/13/2021,DXR,CT,ANE,EN,Federal Contract Tower,0,0,5,0,5,0,0,91,0,91,0,0,96,0,96,60,0,60,156
12/14/2021,DXR,CT,ANE,EN,Federal Contract Tower,0,2,4,0,6,0,3,87,0,90,0,5,91,0,96,56,0,56,152
12/15/2021,DXR,CT,ANE,EN,Federal Contract Tower,0,2,3,0,5,0,0,70,0,70,0,2,73,0,75,94,0,94,169
12/16/2021,DXR,CT,ANE,EN,Federal Contract Tower,0,0,2,0,2,0,2,60,0,62,0,2,62,0,64,50,0,50,114
12/17/2021,DXR,CT,ANE,EN,Federal Contract Tower,0,0,3,0,3,0,4,49,0,53,0,4,52,0,56,28,0,28,84
12/18/2021,DXR,CT,ANE,EN,Federal Contract Tower,0,1,2,0,3,0,0,0,0,0,0,1,2,0,3,0,0,0,3
12/19/2021,DXR,CT,ANE,EN,Federal Contract Tower,0,0,4,0,4,0,2,28,0,30,0,2,32,0,34,6,0,6,40
12/20/2021,DXR,CT,ANE,EN,Federal Contract Tower,0,0,5,0,5,0,2,113,0,115,0,2,118,0,120,170,0,170,290
12/21/2021,DXR,CT,ANE,EN,Federal Contract Tower,0,1,2,0,3,0,3,72,0,75,0,4,74,0,78,30,0,30,108
12/22/2021,DXR,CT,ANE,EN,Federal Contract Tower,0,1,2,0,3,0,3,16,0,19,0,4,18,0,22,14,0,14,36
12/23/2021,DXR,CT,ANE,EN,Federal Contract Tower,0,0,1,0,1,0,4,77,0,81,0,4,78,0,82,80,0,80,162
12/24/2021,DXR,CT,ANE,EN,Federal Contract Tower,0,4,6,0,10,0,0,8,0,8,0,4,14,0,18,4,0,4,22
12/25/2021,DXR,CT,ANE,EN,Federal Contract Tower,0,0,1,0,1,0,0,0,0,0,0,0,1,0,1,0,0,0,1
12/26/2021,DXR,CT,ANE,EN,Federal Contract Tower,0,1,5,0,6,0,2,80,0,82,0,3,85,0,88,122,0,122,210
12/27/2021,DXR,CT,ANE,EN,Federal Contract Tower,0,1,7,0,8,0,0,42,0,42,0,1,49,0,50,28,0,28,78
12/28/2021,DXR,CT,ANE,EN,Federal Contract Tower,0,1,8,0,9,0,2,57,0,59,0,3,65,0,68,66,0,66,134
12/29/2021,DXR,CT,ANE,EN,Federal Contract Tower,0,0,12,0,12,0,0,0,0,0,0,0,12,0,12,0,0,0,12
12/30/2021,DXR,CT,ANE,EN,Federal Contract Tower,0,4,5,0,9,0,0,0,0,0,0,4,5,0,9,0,0,0,9
12/31/2021,DXR,CT,ANE,EN,Federal Contract Tower,0,1,10,0,11,0,0,2,0,2,0,1,12,0,13,14,0,14,27
01/01/2022,DXR,CT,ANE,EN,Federal Contract Tower,0,2,2,0,4,0,0,0,0,0,0,2,2,0,4,0,0,0,4
01/02/2022,DXR,CT,ANE,EN,Federal Contract Tower,0,4,2,0,6,0,0,0,0,0,0,4,2,0,6,0,0,0,6
01/03/2022,DXR,CT,ANE,EN,Federal Contract Tower,0,0,1,0,1,0,1,32,0,33,0,1,33,0,34,32,0,32,66
01/04/2022,DXR,CT,ANE,EN,Federal Contract Tower,0,0,3,0,3,0,5,107,0,112,0,5,110,0,115,80,0,80,195
01/05/2022,DXR,CT,ANE,EN,Federal Contract Tower,0,0,0,0,0,0,0,0,0,0,0,0,0,0,0,0,0,0,0
01/06/2022,DXR,CT,ANE,EN,Federal Contract Tower,0,0,1,0,1,0,2,52,0,54,0,2,53,0,55,56,2,58,113
01/07/2022,DXR,CT,ANE,EN,Federal Contract Tower,0,1,0,0,1,0,1,1,0,2,0,2,1,0,3,0,0,0,3
01/08/2022,DXR,CT,ANE,EN,Federal Contract Tower,0,0,5,0,5,0,2,142,0,144,0,2,147,0,149,106,0,106,255
01/09/2022,DXR,CT,ANE,EN,Federal Contract Tower,0,1,1,0,2,0,0,0,0,0,0,1,1,0,2,0,0,0,2
01/10/2022,DXR,CT,ANE,EN,Federal Contract Tower,0,2,2,0,4,0,2,10,0,12,0,4,12,0,16,2,0,2,18
01/11/2022,DXR,CT,ANE,EN,Federal Contract Tower,0,0,1,0,1,0,0,45,0,45,0,0,46,0,46,34,0,34,80
01/12/2022,DXR,CT,ANE,EN,Federal Contract Tower,0,0,6,0,6,0,0,30,0,30,0,0,36,0,36,32,0,32,68
01/13/2022,DXR,CT,ANE,EN,Federal Contract Tower,0,1,0,0,1,0,2,113,0,115,0,3,113,0,116,56,0,56,172
01/14/2022,DXR,CT,ANE,EN,Federal Contract Tower,0,1,1,0,2,0,1,24,0,25,0,2,25,0,27,4,0,4,31
01/15/2022,DXR,CT,ANE,EN,Federal Contract Tower,0,0,5,0,5,0,2,30,0,32,0,2,35,0,37,18,0,18,55
01/16/2022,DXR,CT,ANE,EN,Federal Contract Tower,0,1,3,0,4,0,4,78,0,82,0,5,81,0,86,50,0,50,136
01/17/2022,DXR,CT,ANE,EN,Federal Contract Tower,0,1,2,0,3,0,1,0,0,1,0,2,2,0,4,0,0,0,4
01/18/2022,DXR,CT,ANE,EN,Federal Contract Tower,0,0,0,0,0,0,2,3,0,5,0,2,3,0,5,0,0,0,5
01/19/2022,DXR,CT,ANE,EN,Federal Contract Tower,0,0,4,0,4,0,6,42,0,48,0,6,46,0,52,18,0,18,70
01/20/2022,DXR,CT,ANE,EN,Federal Contract Tower,0,1,0,0,1,0,3,0,0,3,0,4,0,0,4,0,0,0,4
01/21/2022,DXR,CT,ANE,EN,Federal Contract Tower,0,1,2,0,3,0,1,69,0,70,0,2,71,0,73,92,0,92,165
01/22/2022,DXR,CT,ANE,EN,Federal Contract Tower,0,0,10,0,10,0,3,116,0,119,0,3,126,0,129,142,0,142,271
01/23/2022,DXR,CT,ANE,EN,Federal Contract Tower,0,0,3,0,3,0,4,107,0,111,0,4,110,0,114,106,0,106,220
01/24/2022,DXR,CT,ANE,EN,Federal Contract Tower,0,0,8,0,8,0,0,31,0,31,0,0,39,0,39,22,0,22,61
01/25/2022,DXR,CT,ANE,EN,Federal Contract Tower,0,0,5,0,5,0,1,61,0,62,0,1,66,0,67,82,0,82,149
01/26/2022,DXR,CT,ANE,EN,Federal Contract Tower,0,0,3,0,3,0,1,66,0,67,0,1,69,0,70,68,0,68,138
01/27/2022,DXR,CT,ANE,EN,Federal Contract Tower,0,0,2,0,2,0,2,73,0,75,0,2,75,0,77,42,0,42,119
01/28/2022,DXR,CT,ANE,EN,Federal Contract Tower,0,0,1,0,1,0,0,13,0,13,0,0,14,0,14,28,0,28,42
01/29/2022,DXR,CT,ANE,EN,Federal Contract Tower,0,0,0,0,0,0,0,0,0,0,0,0,0,0,0,0,0,0,0
01/30/2022,DXR,CT,ANE,EN,Federal Contract Tower,0,0,1,0,1,0,1,32,0,33,0,1,33,0,34,6,0,6,40
01/31/2022,DXR,CT,ANE,EN,Federal Contract Tower,0,0,2,0,2,0,2,45,0,47,0,2,47,0,49,22,0,22,71
02/01/2022,DXR,CT,ANE,EN,Federal Contract Tower,0,0,5,0,5,0,3,98,0,101,0,3,103,0,106,100,0,100,206
02/02/2022,DXR,CT,ANE,EN,Federal Contract Tower,0,0,6,0,6,0,0,11,0,11,0,0,17,0,17,30,0,30,47
02/03/2022,DXR,CT,ANE,EN,Federal Contract Tower,0,9,3,0,12,0,0,0,0,0,0,9,3,0,12,0,0,0,12
02/04/2022,DXR,CT,ANE,EN,Federal Contract Tower,0,0,0,0,0,0,0,0,0,0,0,0,0,0,0,0,0,0,0
02/05/2022,DXR,CT,ANE,EN,Federal Contract Tower,0,0,1,0,1,0,2,10,0,12,0,2,11,0,13,0,0,0,13
02/06/2022,DXR,CT,ANE,EN,Federal Contract Tower,0,0,7,0,7,0,1,76,0,77,0,1,83,0,84,70,0,70,154
02/07/2022,DXR,CT,ANE,EN,Federal Contract Tower,0,2,0,0,2,0,0,0,0,0,0,2,0,0,2,0,0,0,2
02/08/2022,DXR,CT,ANE,EN,Federal Contract Tower,0,2,5,0,7,0,3,47,0,50,0,5,52,0,57,54,0,54,111
02/09/2022,DXR,CT,ANE,EN,Federal Contract Tower,0,0,3,0,3,0,2,123,0,125,0,2,126,0,128,142,0,142,270
02/10/2022,DXR,CT,ANE,EN,Federal Contract Tower,0,0,3,0,3,0,1,53,0,54,0,1,56,0,57,70,0,70,127
02/11/2022,DXR,CT,ANE,EN,Federal Contract Tower,0,0,8,0,8,0,8,77,0,85,0,8,85,0,93,50,0,50,143
02/12/2022,DXR,CT,ANE,EN,Federal Contract Tower,0,0,3,0,3,0,0,109,0,109,0,0,112,0,112,66,0,66,178
02/13/2022,DXR,CT,ANE,EN,Federal Contract Tower,0,2,1,0,3,0,0,11,0,11,0,2,12,0,14,0,0,0,14
02/14/2022,DXR,CT,ANE,EN,Federal Contract Tower,0,1,1,0,2,0,1,10,0,11,0,2,11,0,13,6,0,6,19
02/15/2022,DXR,CT,ANE,EN,Federal Contract Tower,0,0,1,0,1,0,5,77,0,82,0,5,78,0,83,84,0,84,167
02/16/2022,DXR,CT,ANE,EN,Federal Contract Tower,0,0,1,0,1,0,2,55,0,57,0,2,56,0,58,10,0,10,68
02/17/2022,DXR,CT,ANE,EN,Federal Contract Tower,0,0,5,0,5,0,0,28,0,28,0,0,33,0,33,18,0,18,51
02/18/2022,DXR,CT,ANE,EN,Federal Contract Tower,0,0,1,0,1,0,3,9,0,12,0,3,10,0,13,0,0,0,13
02/19/2022,DXR,CT,ANE,EN,Federal Contract Tower,0,1,1,0,2,0,1,16,0,17,0,2,17,0,19,0,0,0,19
02/20/2022,DXR,CT,ANE,EN,Federal Contract Tower,0,0,4,0,4,0,0,107,0,107,0,0,111,0,111,58,0,58,169
02/21/2022,DXR,CT,ANE,EN,Federal Contract Tower,0,0,8,0,8,0,5,112,0,117,0,5,120,0,125,100,0,100,225
02/22/2022,DXR,CT,ANE,EN,Federal Contract Tower,0,0,2,0,2,0,0,0,0,0,0,0,2,0,2,0,0,0,2
02/23/2022,DXR,CT,ANE,EN,Federal Contract Tower,0,3,2,0,5,0,2,21,0,23,0,5,23,0,28,14,0,14,42
02/24/2022,DXR,CT,ANE,EN,Federal Contract Tower,0,0,6,0,6,0,0,107,0,107,0,0,113,0,113,164,0,164,277
02/25/2022,DXR,CT,ANE,EN,Federal Contract Tower,0,0,1,0,1,0,0,0,0,0,0,0,1,0,1,0,0,0,1
02/26/2022,DXR,CT,ANE,EN,Federal Contract Tower,0,1,0,0,1,0,3,87,0,90,0,4,87,0,91,130,0,130,221
02/27/2022,DXR,CT,ANE,EN,Federal Contract Tower,0,2,0,0,2,0,0,45,0,45,0,2,45,0,47,6,0,6,53
02/28/2022,DXR,CT,ANE,EN,Federal Contract Tower,0,0,2,0,2,0,0,53,0,53,0,0,55,0,55,36,0,36,91
03/01/2022,DXR,CT,ANE,EN,Federal Contract Tower,0,0,2,0,2,0,1,33,0,34,0,1,35,0,36,32,0,32,68
03/02/2022,DXR,CT,ANE,EN,Federal Contract Tower,0,2,4,0,6,0,1,99,0,100,0,3,103,0,106,108,0,108,214
03/03/2022,DXR,CT,ANE,EN,Federal Contract Tower,0,0,1,0,1,0,1,27,0,28,0,1,28,0,29,10,0,10,39
03/04/2022,DXR,CT,ANE,EN,Federal Contract Tower,0,0,4,0,4,0,0,116,0,116,0,0,120,0,120,90,0,90,210
03/05/2022,DXR,CT,ANE,EN,Federal Contract Tower,0,0,2,0,2,0,1,148,0,149,0,1,150,0,151,138,0,138,289
03/06/2022,DXR,CT,ANE,EN,Federal Contract Tower,0,0,2,0,2,0,0,1,0,1,0,0,3,0,3,0,0,0,3
03/07/2022,DXR,CT,ANE,EN,Federal Contract Tower,0,5,3,0,8,0,1,71,0,72,0,6,74,0,80,86,0,86,166
03/08/2022,DXR,CT,ANE,EN,Federal Contract Tower,0,2,4,0,6,0,0,52,0,52,0,2,56,0,58,4,0,4,62
03/09/2022,DXR,CT,ANE,EN,Federal Contract Tower,0,0,1,0,1,0,1,3,0,4,0,1,4,0,5,0,0,0,5
03/10/2022,DXR,CT,ANE,EN,Federal Contract Tower,0,1,7,0,8,0,0,68,0,68,0,1,75,0,76,74,0,74,150
03/11/2022,DXR,CT,ANE,EN,Federal Contract Tower,0,0,6,0,6,0,1,118,0,119,0,1,124,0,125,102,0,102,227
03/12/2022,DXR,CT,ANE,EN,Federal Contract Tower,0,1,2,0,3,0,0,0,0,0,0,1,2,0,3,0,0,0,3
03/13/2022,DXR,CT,ANE,EN,Federal Contract Tower,0,0,0,7,7,0,4,48,0,52,0,4,48,7,59,76,0,76,135
03/14/2022,DXR,CT,ANE,EN,Federal Contract Tower,0,1,3,0,4,0,0,80,0,80,0,1,83,0,84,120,0,120,204
03/15/2022,DXR,CT,ANE,EN,Federal Contract Tower,0,0,2,0,2,0,1,131,0,132,0,1,133,0,134,148,0,148,282
03/16/2022,DXR,CT,ANE,EN,Federal Contract Tower,0,0,6,0,6,0,2,110,0,112,0,2,116,0,118,50,0,50,168
03/17/2022,DXR,CT,ANE,EN,Federal Contract Tower,0,2,4,0,6,0,0,0,0,0,0,2,4,0,6,0,0,0,6
03/18/2022,DXR,CT,ANE,EN,Federal Contract Tower,0,0,11,0,11,0,2,118,0,120,0,2,129,0,131,106,0,106,237
03/19/2022,DXR,CT,ANE,EN,Federal Contract Tower,0,1,2,0,3,0,0,3,0,3,0,1,5,0,6,2,0,2,8
03/20/2022,DXR,CT,ANE,EN,Federal Contract Tower,0,1,1,0,2,0,1,94,0,95,0,2,95,0,97,134,0,134,231
03/21/2022,DXR,CT,ANE,EN,Federal Contract Tower,0,0,2,0,2,0,0,54,0,54,0,0,56,0,56,40,0,40,96
03/22/2022,DXR,CT,ANE,EN,Federal Contract Tower,0,0,3,0,3,0,1,68,0,69,0,1,71,0,72,96,2,98,170
03/23/2022,DXR,CT,ANE,EN,Federal Contract Tower,0,0,5,0,5,0,1,98,0,99,0,1,103,0,104,126,0,126,230
03/24/2022,DXR,CT,ANE,EN,Federal Contract Tower,0,0,3,0,3,0,0,0,0,0,0,0,3,0,3,0,0,0,3
03/25/2022,DXR,CT,ANE,EN,Federal Contract Tower,0,1,8,0,9,0,0,54,0,54,0,1,62,0,63,22,0,22,85
03/26/2022,DXR,CT,ANE,EN,Federal Contract Tower,0,2,5,0,7,0,0,56,0,56,0,2,61,0,63,96,0,96,159
03/27/2022,DXR,CT,ANE,EN,Federal Contract Tower,0,0,3,0,3,0,4,39,0,43,0,4,42,0,46,54,0,54,100
03/28/2022,DXR,CT,ANE,EN,Federal Contract Tower,0,2,1,0,3,0,1,8,0,9,0,3,9,0,12,0,0,0,12
03/29/2022,DXR,CT,ANE,EN,Federal Contract Tower,0,1,0,0,1,0,2,39,0,41,0,3,39,0,42,12,0,12,54
03/30/2022,DXR,CT,ANE,EN,Federal Contract Tower,0,1,13,0,14,0,1,98,0,99,0,2,111,0,113,86,0,86,199
03/31/2022,DXR,CT,ANE,EN,Federal Contract Tower,0,2,3,0,5,0,2,0,0,2,0,4,3,0,7,0,0,0,7
04/01/2022,DXR,CT,ANE,EN,Federal Contract Tower,0,3,4,0,7,0,0,20,0,20,0,3,24,0,27,34,0,34,61
04/02/2022,DXR,CT,ANE,EN,Federal Contract Tower,0,0,3,0,3,0,2,137,0,139,0,2,140,0,142,102,0,102,244
04/03/2022,DXR,CT,ANE,EN,Federal Contract Tower,0,2,8,0,10,0,0,25,0,25,0,2,33,0,35,12,0,12,47
04/04/2022,DXR,CT,ANE,EN,Federal Contract Tower,0,1,3,0,4,0,1,57,0,58,0,2,60,0,62,58,0,58,120
04/05/2022,DXR,CT,ANE,EN,Federal Contract Tower,0,0,7,0,7,0,6,84,0,90,0,6,91,0,97,96,0,96,193
04/06/2022,DXR,CT,ANE,EN,Federal Contract Tower,0,2,5,0,7,0,0,2,0,2,0,2,7,0,9,0,0,0,9
04/07/2022,DXR,CT,ANE,EN,Federal Contract Tower,0,1,5,0,6,0,0,0,0,0,0,1,5,0,6,0,0,0,6
04/08/2022,DXR,CT,ANE,EN,Federal Contract Tower,0,1,11,0,12,0,0,61,0,61,0,1,72,0,73,32,4,36,109
04/09/2022,DXR,CT,ANE,EN,Federal Contract Tower,0,0,4,0,4,0,0,22,0,22,0,0,26,0,26,20,0,20,46
04/10/2022,DXR,CT,ANE,EN,Federal Contract Tower,0,2,4,0,6,0,2,61,0,63,0,4,65,0,69,30,0,30,99
04/11/2022,DXR,CT,ANE,EN,Federal Contract Tower,0,0,2,0,2,0,5,125,0,130,0,5,127,0,132,164,0,164,296
04/12/2022,DXR,CT,ANE,EN,Federal Contract Tower,0,3,3,0,6,0,1,80,0,81,0,4,83,0,87,110,0,110,197
04/13/2022,DXR,CT,ANE,EN,Federal Contract Tower,0,0,3,0,3,0,0,94,0,94,0,0,97,0,97,106,0,106,203
04/14/2022,DXR,CT,ANE,EN,Federal Contract Tower,0,1,5,0,6,0,4,55,0,59,0,5,60,0,65,10,0,10,75
04/15/2022,DXR,CT,ANE,EN,Federal Contract Tower,0,0,4,0,4,0,8,120,0,128,0,8,124,0,132,50,0,50,182
04/16/2022,DXR,CT,ANE,EN,Federal Contract Tower,0,3,9,0,12,0,2,38,0,40,0,5,47,0,52,34,0,34,86
04/17/2022,DXR,CT,ANE,EN,Federal Contract Tower,0,2,3,0,5,0,6,39,0,45,0,8,42,0,50,18,0,18,68
04/18/2022,DXR,CT,ANE,EN,Federal Contract Tower,0,1,3,0,4,0,4,62,0,66,0,5,65,0,70,112,0,112,182
04/19/2022,DXR,CT,ANE,EN,Federal Contract Tower,0,1,2,0,3,0,0,2,0,2,0,1,4,0,5,0,0,0,5
04/20/2022,DXR,CT,ANE,EN,Federal Contract Tower,0,0,3,0,3,0,2,72,0,74,0,2,75,0,77,46,2,48,125
04/21/2022,DXR,CT,ANE,EN,Federal Contract Tower,0,0,2,0,2,0,1,38,0,39,0,1,40,0,41,24,0,24,65
04/22/2022,DXR,CT,ANE,EN,Federal Contract Tower,0,0,2,0,2,0,3,83,0,86,0,3,85,0,88,66,0,66,154
04/23/2022,DXR,CT,ANE,EN,Federal Contract Tower,0,0,5,0,5,0,3,185,0,188,0,3,190,0,193,134,0,134,327
04/24/2022,DXR,CT,ANE,EN,Federal Contract Tower,0,0,6,0,6,0,2,122,0,124,0,2,128,0,130,156,0,156,286
04/25/2022,DXR,CT,ANE,EN,Federal Contract Tower,0,0,11,0,11,0,2,78,0,80,0,2,89,0,91,62,0,62,153
04/26/2022,DXR,CT,ANE,EN,Federal Contract Tower,0,1,6,0,7,0,0,0,0,0,0,1,6,0,7,0,0,0,7
04/27/2022,DXR,CT,ANE,EN,Federal Contract Tower,0,2,2,0,4,0,1,33,0,34,0,3,35,0,38,16,0,16,54
04/28/2022,DXR,CT,ANE,EN,Federal Contract Tower,0,1,0,0,1,0,2,5,0,7,0,3,5,0,8,0,0,0,8
04/29/2022,DXR,CT,ANE,EN,Federal Contract Tower,0,1,2,0,3,0,1,47,4,52,0,2,49,4,55,30,0,30,85
04/30/2022,DXR,CT,ANE,EN,Federal Contract Tower,0,0,8,0,8,0,1,144,0,145,0,1,152,0,153,100,0,100,253
05/01/2022,DXR,CT,ANE,EN,Federal Contract Tower,0,1,4,0,5,0,1,188,0,189,0,2,192,0,194,196,0,196,390
05/02/2022,DXR,CT,ANE,EN,Federal Contract Tower,0,3,8,0,11,0,0,1,0,1,0,3,9,0,12,0,0,0,12
05/03/2022,DXR,CT,ANE,EN,Federal Contract Tower,0,2,10,0,12,0,2,23,0,25,0,4,33,0,37,24,0,24,61
05/04/2022,DXR,CT,ANE,EN,Federal Contract Tower,0,3,4,0,7,0,0,1,0,1,0,3,5,0,8,0,0,0,8
05/05/2022,DXR,CT,ANE,EN,Federal Contract Tower,0,0,6,0,6,0,7,155,0,162,0,7,161,0,168,144,2,146,314
05/06/2022,DXR,CT,ANE,EN,Federal Contract Tower,0,3,10,0,13,0,2,27,0,29,0,5,37,0,42,16,0,16,58
05/07/2022,DXR,CT,ANE,EN,Federal Contract Tower,0,2,5,0,7,0,0,5,0,5,0,2,10,0,12,0,0,0,12
05/08/2022,DXR,CT,ANE,EN,Federal Contract Tower,0,0,6,0,6,0,5,42,0,47,0,5,48,0,53,6,0,6,59
05/09/2022,DXR,CT,ANE,EN,Federal Contract Tower,0,0,4,0,4,0,2,25,0,27,0,2,29,0,31,0,0,0,31
05/10/2022,DXR,CT,ANE,EN,Federal Contract Tower,0,0,3,0,3,0,1,56,0,57,0,1,59,0,60,28,0,28,88
05/11/2022,DXR,CT,ANE,EN,Federal Contract Tower,0,0,1,0,1,0,4,78,0,82,0,4,79,0,83,72,0,72,155
05/12/2022,DXR,CT,ANE,EN,Federal Contract Tower,3,7,0,0,10,0,1,128,0,129,3,8,128,0,139,148,0,148,287
05/13/2022,DXR,CT,ANE,EN,Federal Contract Tower,0,4,9,0,13,0,1,26,0,27,0,5,35,0,40,30,0,30,70
05/14/2022,DXR,CT,ANE,EN,Federal Contract Tower,0,2,8,0,10,0,1,46,0,47,0,3,54,0,57,62,0,62,119
05/15/2022,DXR,CT,ANE,EN,Federal Contract Tower,0,2,10,0,12,0,1,49,0,50,0,3,59,0,62,80,0,80,142
05/16/2022,DXR,CT,ANE,EN,Federal Contract Tower,0,0,1,0,1,0,1,32,0,33,0,1,33,0,34,36,0,36,70
05/17/2022,DXR,CT,ANE,EN,Federal Contract Tower,0,2,1,2,5,0,2,89,0,91,0,4,90,2,96,78,0,78,174
05/18/2022,DXR,CT,ANE,EN,Federal Contract Tower,0,0,4,0,4,0,3,130,0,133,0,3,134,0,137,128,0,128,265
05/19/2022,DXR,CT,ANE,EN,Federal Contract Tower,0,2,9,0,11,0,0,11,0,11,0,2,20,0,22,6,0,6,28
05/20/2022,DXR,CT,ANE,EN,Federal Contract Tower,0,5,14,0,19,0,0,26,0,26,0,5,40,0,45,22,0,22,67
05/21/2022,DXR,CT,ANE,EN,Federal Contract Tower,0,2,4,0,6,0,1,100,0,101,0,3,104,0,107,78,0,78,185
05/22/2022,DXR,CT,ANE,EN,Federal Contract Tower,0,3,0,0,3,0,3,110,0,113,0,6,110,0,116,94,0,94,210
05/23/2022,DXR,CT,ANE,EN,Federal Contract Tower,0,2,2,0,4,0,3,84,0,87,0,5,86,0,91,20,0,20,111
05/24/2022,DXR,CT,ANE,EN,Federal Contract Tower,0,0,4,0,4,0,0,105,0,105,0,0,109,0,109,92,0,92,201
05/25/2022,DXR,CT,ANE,EN,Federal Contract Tower,0,0,2,0,2,0,3,102,0,105,0,3,104,0,107,118,0,118,225
05/26/2022,DXR,CT,ANE,EN,Federal Contract Tower,0,1,7,0,8,0,9,65,0,74,0,10,72,0,82,44,0,44,126
05/27/2022,DXR,CT,ANE,EN,Federal Contract Tower,0,10,5,0,15,0,0,3,0,3,0,10,8,0,18,0,0,0,18
05/28/2022,DXR,CT,ANE,EN,Federal Contract Tower,0,2,7,0,9,0,0,5,0,5,0,2,12,0,14,0,0,0,14
05/29/2022,DXR,CT,ANE,EN,Federal Contract Tower,0,0,7,0,7,0,0,134,0,134,0,0,141,0,141,62,0,62,203
05/30/2022,DXR,CT,ANE,EN,Federal Contract Tower,0,1,3,0,4,0,7,106,0,113,0,8,109,0,117,80,0,80,197
05/31/2022,DXR,CT,ANE,EN,Federal Contract Tower,0,0,1,0,1,0,3,94,0,97,0,3,95,0,98,64,0,64,162
06/01/2022,DXR,CT,ANE,EN,Federal Contract Tower,0,4,13,0,17,0,1,68,0,69,0,5,81,0,86,34,0,34,120
06/02/2022,DXR,CT,ANE,EN,Federal Contract Tower,0,4,11,0,15,0,0,7,0,7,0,4,18,0,22,14,0,14,36
06/03/2022,DXR,CT,ANE,EN,Federal Contract Tower,0,2,10,0,12,0,0,55,0,55,0,2,65,0,67,44,0,44,111
06/04/2022,DXR,CT,ANE,EN,Federal Contract Tower,0,0,4,0,4,0,0,147,0,147,0,0,151,0,151,68,0,68,219
06/05/2022,DXR,CT,ANE,EN,Federal Contract Tower,0,0,1,0,1,0,3,129,0,132,0,3,130,0,133,116,0,116,249
06/06/2022,DXR,CT,ANE,EN,Federal Contract Tower,0,0,4,0,4,0,4,67,0,71,0,4,71,0,75,110,0,110,185
06/07/2022,DXR,CT,ANE,EN,Federal Contract Tower,0,0,1,0,1,0,2,59,0,61,0,2,60,0,62,46,0,46,108
06/08/2022,DXR,CT,ANE,EN,Federal Contract Tower,0,1,8,0,9,0,1,71,0,72,0,2,79,0,81,50,0,50,131
06/09/2022,DXR,CT,ANE,EN,Federal Contract Tower,0,1,3,0,4,0,4,28,0,32,0,5,31,0,36,2,0,2,38
06/10/2022,DXR,CT,ANE,EN,Federal Contract Tower,0,1,2,0,3,0,8,141,0,149,0,9,143,0,152,96,0,96,248
06/11/2022,DXR,CT,ANE,EN,Federal Contract Tower,0,0,4,0,4,0,7,131,0,138,0,7,135,0,142,123,0,123,265
06/12/2022,DXR,CT,ANE,EN,Federal Contract Tower,0,4,6,0,10,0,6,5,0,11,0,10,11,0,21,36,0,36,57
06/13/2022,DXR,CT,ANE,EN,Federal Contract Tower,0,0,3,0,3,0,4,107,0,111,0,4,110,0,114,112,0,112,226
06/14/2022,DXR,CT,ANE,EN,Federal Contract Tower,0,0,4,0,4,0,6,127,0,133,0,6,131,0,137,146,0,146,283
06/15/2022,DXR,CT,ANE,EN,Federal Contract Tower,0,1,6,0,7,0,1,99,0,100,0,2,105,0,107,62,0,62,169
06/16/2022,DXR,CT,ANE,EN,Federal Contract Tower,0,2,9,0,11,0,2,33,0,35,0,4,42,0,46,66,0,66,112
06/17/2022,DXR,CT,ANE,EN,Federal Contract Tower,0,0,33,0,33,0,4,51,0,55,0,4,84,0,88,6,0,6,94
06/18/2022,DXR,CT,ANE,EN,Federal Contract Tower,0,1,10,0,11,0,1,39,0,40,0,2,49,0,51,6,4,10,61
06/19/2022,DXR,CT,ANE,EN,Federal Contract Tower,0,0,2,0,2,0,4,70,0,74,0,4,72,0,76,38,0,38,114
06/20/2022,DXR,CT,ANE,EN,Federal Contract Tower,0,2,5,0,7,0,5,130,0,135,0,7,135,0,142,152,0,152,294
06/21/2022,DXR,CT,ANE,EN,Federal Contract Tower,0,1,8,0,9,0,2,97,0,99,0,3,105,0,108,112,0,112,220
06/22/2022,DXR,CT,ANE,EN,Federal Contract Tower,0,4,10,0,14,0,0,0,0,0,0,4,10,0,14,0,0,0,14
06/23/2022,DXR,CT,ANE,EN,Federal Contract Tower,0,2,11,0,13,0,4,63,0,67,0,6,74,0,80,98,0,98,178
06/24/2022,DXR,CT,ANE,EN,Federal Contract Tower,0,5,10,0,15,0,2,108,0,110,0,7,118,0,125,150,0,150,275
06/25/2022,DXR,CT,ANE,EN,Federal Contract Tower,0,3,10,0,13,0,5,176,0,181,0,8,186,0,194,118,0,118,312
06/26/2022,DXR,CT,ANE,EN,Federal Contract Tower,0,2,4,0,6,0,4,139,0,143,0,6,143,0,149,138,0,138,287
06/27/2022,DXR,CT,ANE,EN,Federal Contract Tower,0,3,16,0,19,0,1,13,0,14,0,4,29,0,33,10,0,10,43
06/28/2022,DXR,CT,ANE,EN,Federal Contract Tower,0,0,4,0,4,0,2,119,0,121,0,2,123,0,125,134,0,134,259
06/29/2022,DXR,CT,ANE,EN,Federal Contract Tower,0,0,0,0,0,0,2,138,0,140,0,2,138,0,140,98,4,102,242
06/30/2022,DXR,CT,ANE,EN,Federal Contract Tower,0,0,5,0,5,0,4,94,0,98,0,4,99,0,103,48,0,48,151
07/01/2022,DXR,CT,ANE,EN,Federal Contract Tower,0,0,6,0,6,0,9,114,0,123,0,9,120,0,129,44,0,44,173
07/02/2022,DXR,CT,ANE,EN,Federal Contract Tower,0,1,3,0,4,0,5,45,0,50,0,6,48,0,54,22,0,22,76
07/03/2022,DXR,CT,ANE,EN,Federal Contract Tower,0,2,3,0,5,0,3,108,0,111,0,5,111,0,116,40,0,40,156
07/04/2022,DXR,CT,ANE,EN,Federal Contract Tower,0,0,5,0,5,0,6,70,0,76,0,6,75,0,81,42,0,42,123
07/05/2022,DXR,CT,ANE,EN,Federal Contract Tower,0,1,2,0,3,0,3,50,0,53,0,4,52,0,56,94,0,94,150
07/06/2022,DXR,CT,ANE,EN,Federal Contract Tower,0,1,4,0,5,0,3,96,0,99,0,4,100,0,104,52,0,52,156
07/07/2022,DXR,CT,ANE,EN,Federal Contract Tower,0,0,10,0,10,0,0,103,0,103,0,0,113,0,113,82,0,82,195
07/08/2022,DXR,CT,ANE,EN,Federal Contract Tower,0,4,3,0,7,0,7,107,0,114,0,11,110,0,121,72,0,72,193
07/09/2022,DXR,CT,ANE,EN,Federal Contract Tower,0,0,0,0,0,0,5,104,0,109,0,5,104,0,109,124,0,124,233
07/10/2022,DXR,CT,ANE,EN,Federal Contract Tower,0,2,12,0,14,0,6,140,2,148,0,8,152,2,162,88,0,88,250
07/11/2022,DXR,CT,ANE,EN,Federal Contract Tower,0,2,3,0,5,0,3,118,0,121,0,5,121,0,126,82,0,82,208
07/12/2022,DXR,CT,ANE,EN,Federal Contract Tower,0,0,4,0,4,0,3,67,3,73,0,3,71,3,77,80,0,80,157
07/13/2022,DXR,CT,ANE,EN,Federal Contract Tower,0,0,4,0,4,0,3,130,0,133,0,3,134,0,137,164,0,164,301
07/14/2022,DXR,CT,ANE,EN,Federal Contract Tower,0,0,5,0,5,0,0,80,0,80,0,0,85,0,85,112,0,112,197
07/15/2022,DXR,CT,ANE,EN,Federal Contract Tower,0,2,3,0,5,0,5,114,0,119,0,7,117,0,124,118,0,118,242
07/16/2022,DXR,CT,ANE,EN,Federal Contract Tower,0,1,9,0,10,0,4,63,1,68,0,5,72,1,78,72,0,72,150
07/17/2022,DXR,CT,ANE,EN,Federal Contract Tower,0,1,6,0,7,0,6,87,0,93,0,7,93,0,100,131,0,131,231
07/18/2022,DXR,CT,ANE,EN,Federal Contract Tower,0,6,8,0,14,0,0,1,0,1,0,6,9,0,15,0,0,0,15
07/19/2022,DXR,CT,ANE,EN,Federal Contract Tower,0,0,2,0,2,0,3,127,0,130,0,3,129,0,132,112,0,112,244
07/20/2022,DXR,CT,ANE,EN,Federal Contract Tower,0,0,4,0,4,0,0,103,2,105,0,0,107,2,109,106,0,106,215
07/21/2022,DXR,CT,ANE,EN,Federal Contract Tower,0,0,3,0,3,0,6,61,0,67,0,6,64,0,70,58,4,62,132
07/22/2022,DXR,CT,ANE,EN,Federal Contract Tower,0,1,2,0,3,0,7,112,0,119,0,8,114,0,122,126,0,126,248
07/23/2022,DXR,CT,ANE,EN,Federal Contract Tower,0,0,8,0,8,0,3,103,0,106,0,3,111,0,114,68,0,68,182
07/24/2022,DXR,CT,ANE,EN,Federal Contract Tower,0,1,4,0,5,0,5,88,0,93,0,6,92,0,98,52,0,52,150
07/25/2022,DXR,CT,ANE,EN,Federal Contract Tower,0,0,3,0,3,0,3,18,0,21,0,3,21,0,24,22,0,22,46
07/26/2022,DXR,CT,ANE,EN,Federal Contract Tower,0,2,4,0,6,0,4,139,0,143,0,6,143,0,149,138,0,138,287
07/27/2022,DXR,CT,ANE,EN,Federal Contract Tower,0,2,2,0,4,0,7,129,0,136,0,9,131,0,140,88,0,88,228
07/28/2022,DXR,CT,ANE,EN,Federal Contract Tower,0,2,7,0,9,0,4,63,0,67,0,6,70,0,76,82,0,82,158
07/29/2022,DXR,CT,ANE,EN,Federal Contract Tower,0,2,5,0,7,0,7,87,0,94,0,9,92,0,101,86,0,86,187
07/30/2022,DXR,CT,ANE,EN,Federal Contract Tower,0,0,5,0,5,0,4,94,0,98,0,4,99,0,103,48,0,48,151
07/31/2022,DXR,CT,ANE,EN,Federal Contract Tower,0,0,9,0,9,0,8,129,0,137,0,8,138,0,146,124,0,124,270
08/01/2022,DXR,CT,ANE,EN,Federal Contract Tower,0,2,13,0,15,0,2,32,0,34,0,4,45,0,49,76,8,84,133
08/02/2022,DXR,CT,ANE,EN,Federal Contract Tower,0,0,2,0,2,0,3,88,0,91,0,3,90,0,93,52,0,52,145
08/03/2022,DXR,CT,ANE,EN,Federal Contract Tower,0,0,5,0,5,0,3,121,0,124,0,3,126,0,129,84,0,84,213
08/04/2022,DXR,CT,ANE,EN,Federal Contract Tower,0,0,6,0,6,0,3,86,0,89,0,3,92,0,95,94,0,94,189
08/05/2022,DXR,CT,ANE,EN,Federal Contract Tower,0,2,2,0,4,0,7,105,0,112,0,9,107,0,116,104,0,104,220
08/06/2022,DXR,CT,ANE,EN,Federal Contract Tower,0,2,7,0,9,0,9,144,0,153,0,11,151,0,162,68,0,68,230
08/07/2022,DXR,CT,ANE,EN,Federal Contract Tower,0,0,4,0,4,0,8,65,0,73,0,8,69,0,77,36,0,36,113
08/08/2022,DXR,CT,ANE,EN,Federal Contract Tower,0,0,10,0,10,0,2,67,0,69,0,2,77,0,79,30,0,30,109
08/09/2022,DXR,CT,ANE,EN,Federal Contract Tower,0,0,8,0,8,0,8,54,0,62,0,8,62,0,70,16,0,16,86
08/10/2022,DXR,CT,ANE,EN,Federal Contract Tower,0,0,6,0,6,0,2,82,0,84,0,2,88,0,90,60,0,60,150
08/11/2022,DXR,CT,ANE,EN,Federal Contract Tower,0,2,12,0,14,0,4,93,0,97,0,6,105,0,111,78,0,78,189
08/12/2022,DXR,CT,ANE,EN,Federal Contract Tower,0,1,3,0,4,0,2,133,1,136,0,3,136,1,140,62,0,62,202
08/13/2022,DXR,CT,ANE,EN,Federal Contract Tower,0,0,10,0,10,0,4,130,0,134,0,4,140,0,144,80,0,80,224
08/14/2022,DXR,CT,ANE,EN,Federal Contract Tower,0,0,7,0,7,0,5,109,0,114,0,5,116,0,121,82,0,82,203
08/15/2022,DXR,CT,ANE,EN,Federal Contract Tower,0,0,3,0,3,0,5,106,0,111,0,5,109,0,114,52,0,52,166
08/16/2022,DXR,CT,ANE,EN,Federal Contract Tower,0,0,1,0,1,0,5,101,0,106,0,5,102,0,107,74,0,74,181
08/17/2022,DXR,CT,ANE,EN,Federal Contract Tower,0,2,2,0,4,0,2,69,0,71,0,4,71,0,75,66,0,66,141
08/18/2022,DXR,CT,ANE,EN,Federal Contract Tower,0,2,2,0,4,0,6,121,0,127,0,8,123,0,131,112,0,112,243
08/19/2022,DXR,CT,ANE,EN,Federal Contract Tower,0,5,5,0,10,0,0,160,0,160,0,5,165,0,170,88,0,88,258
08/20/2022,DXR,CT,ANE,EN,Federal Contract Tower,0,1,7,0,8,0,6,114,0,120,0,7,121,0,128,62,0,62,190
08/21/2022,DXR,CT,ANE,EN,Federal Contract Tower,0,5,5,0,10,0,5,66,0,71,0,10,71,0,81,70,0,70,151
08/22/2022,DXR,CT,ANE,EN,Federal Contract Tower,0,6,5,0,11,0,0,0,0,0,0,6,5,0,11,0,0,0,11
08/23/2022,DXR,CT,ANE,EN,Federal Contract Tower,0,3,4,0,7,0,3,9,0,12,0,6,13,0,19,0,0,0,19
08/24/2022,DXR,CT,ANE,EN,Federal Contract Tower,0,0,5,0,5,0,8,120,0,128,0,8,125,0,133,62,0,62,195
08/25/2022,DXR,CT,ANE,EN,Federal Contract Tower,0,0,10,0,10,0,3,128,0,131,0,3,138,0,141,110,0,110,251
08/26/2022,DXR,CT,ANE,EN,Federal Contract Tower,0,2,2,0,4,0,7,71,0,78,0,9,73,0,82,72,0,72,154
08/27/2022,DXR,CT,ANE,EN,Federal Contract Tower,0,0,8,0,8,0,12,131,0,143,0,12,139,0,151,132,0,132,283
08/28/2022,DXR,CT,ANE,EN,Federal Contract Tower,0,6,21,0,27,0,2,51,0,53,0,8,72,0,80,28,0,28,108
08/29/2022,DXR,CT,ANE,EN,Federal Contract Tower,0,4,9,0,13,0,6,26,0,32,0,10,35,0,45,30,0,30,75
08/30/2022,DXR,CT,ANE,EN,Federal Contract Tower,0,1,5,0,6,0,3,41,0,44,0,4,46,0,50,54,0,54,104
08/31/2022,DXR,CT,ANE,EN,Federal Contract Tower,0,1,5,0,6,0,6,83,0,89,0,7,88,0,95,70,0,70,165
09/01/2022,DXR,CT,ANE,EN,Federal Contract Tower,0,0,4,0,4,0,2,106,0,108,0,2,110,0,112,58,0,58,170
09/02/2022,DXR,CT,ANE,EN,Federal Contract Tower,0,0,4,0,4,0,7,150,0,157,0,7,154,0,161,124,0,124,285
09/03/2022,DXR,CT,ANE,EN,Federal Contract Tower,0,0,5,0,5,0,3,114,0,117,0,3,119,0,122,110,0,110,232
09/04/2022,DXR,CT,ANE,EN,Federal Contract Tower,0,1,5,0,6,0,8,63,0,71,0,9,68,0,77,86,0,86,163
09/05/2022,DXR,CT,ANE,EN,Federal Contract Tower,0,12,25,0,37,0,2,3,0,5,0,14,28,0,42,0,0,0,42
09/06/2022,DXR,CT,ANE,EN,Federal Contract Tower,0,3,12,0,15,0,0,0,0,0,0,3,12,0,15,0,0,0,15
09/07/2022,DXR,CT,ANE,EN,Federal Contract Tower,0,5,9,0,14,0,1,18,2,21,0,6,27,2,35,8,0,8,43
09/08/2022,DXR,CT,ANE,EN,Federal Contract Tower,0,0,7,0,7,0,1,113,0,114,0,1,120,0,121,76,0,76,197
09/09/2022,DXR,CT,ANE,EN,Federal Contract Tower,0,0,5,0,5,0,5,159,0,164,0,5,164,0,169,94,0,94,263
09/10/2022,DXR,CT,ANE,EN,Federal Contract Tower,0,1,6,0,7,0,1,185,2,188,0,2,191,2,195,104,0,104,299
09/11/2022,DXR,CT,ANE,EN,Federal Contract Tower,0,1,11,0,12,0,2,74,0,76,0,3,85,0,88,74,0,74,162
09/12/2022,DXR,CT,ANE,EN,Federal Contract Tower,0,1,5,0,6,0,0,19,0,19,0,1,24,0,25,0,0,0,25
09/13/2022,DXR,CT,ANE,EN,Federal Contract Tower,0,2,8,0,10,0,0,7,0,7,0,2,15,0,17,0,0,0,17
09/14/2022,DXR,CT,ANE,EN,Federal Contract Tower,0,0,3,0,3,0,0,98,0,98,0,0,101,0,101,48,0,48,149
09/15/2022,DXR,CT,ANE,EN,Federal Contract Tower,0,1,2,0,3,0,6,102,0,108,0,7,104,0,111,102,0,102,213
09/16/2022,DXR,CT,ANE,EN,Federal Contract Tower,0,7,4,0,11,0,3,138,0,141,0,10,142,0,152,52,0,52,204
09/17/2022,DXR,CT,ANE,EN,Federal Contract Tower,0,4,6,0,10,0,3,119,0,122,0,7,125,0,132,58,0,58,190
09/18/2022,DXR,CT,ANE,EN,Federal Contract Tower,0,0,9,0,9,0,1,126,0,127,0,1,135,0,136,118,0,118,254
09/19/2022,DXR,CT,ANE,EN,Federal Contract Tower,0,2,7,0,9,0,2,34,0,36,0,4,41,0,45,76,0,76,121
09/20/2022,DXR,CT,ANE,EN,Federal Contract Tower,0,1,8,0,9,0,1,72,0,73,0,2,80,0,82,60,0,60,142
09/21/2022,DXR,CT,ANE,EN,Federal Contract Tower,0,0,4,0,4,0,6,126,0,132,0,6,130,0,136,212,0,212,348
09/22/2022,DXR,CT,ANE,EN,Federal Contract Tower,0,2,6,0,8,0,6,14,0,20,0,8,20,0,28,28,0,28,56
09/23/2022,DXR,CT,ANE,EN,Federal Contract Tower,0,1,5,0,6,0,2,17,0,19,0,3,22,0,25,0,0,0,25
09/24/2022,DXR,CT,ANE,EN,Federal Contract Tower,0,0,6,0,6,0,0,97,0,97,0,0,103,0,103,74,0,74,177
09/25/2022,DXR,CT,ANE,EN,Federal Contract Tower,0,1,9,0,10,0,3,70,0,73,0,4,79,0,83,0,0,0,83
09/26/2022,DXR,CT,ANE,EN,Federal Contract Tower,0,0,7,0,7,0,4,41,0,45,0,4,48,0,52,56,0,56,108
09/27/2022,DXR,CT,ANE,EN,Federal Contract Tower,0,2,5,0,7,0,1,97,0,98,0,3,102,0,105,68,0,68,173
09/28/2022,DXR,CT,ANE,EN,Federal Contract Tower,0,0,14,0,14,0,1,103,0,104,0,1,117,0,118,64,0,64,182
09/29/2022,DXR,CT,ANE,EN,Federal Contract Tower,0,0,3,0,3,0,0,63,0,63,0,0,66,0,66,40,0,40,106
09/30/2022,DXR,CT,ANE,EN,Federal Contract Tower,0,2,5,0,7,0,4,121,0,125,0,6,126,0,132,94,0,94,226
10/01/2022,DXR,CT,ANE,EN,Federal Contract Tower,0,6,4,0,10,0,1,2,0,3,0,7,6,0,13,0,0,0,13
10/02/2022,DXR,CT,ANE,EN,Federal Contract Tower,0,4,1,0,5,0,1,6,0,7,0,5,7,0,12,0,0,0,12
10/03/2022,DXR,CT,ANE,EN,Federal Contract Tower,0,3,2,0,5,0,1,12,0,13,0,4,14,0,18,6,0,6,24
10/04/2022,DXR,CT,ANE,EN,Federal Contract Tower,0,2,3,0,5,0,0,0,0,0,0,2,3,0,5,0,0,0,5
10/05/2022,DXR,CT,ANE,EN,Federal Contract Tower,0,2,15,0,17,0,0,0,0,0,0,2,15,0,17,0,0,0,17
10/06/2022,DXR,CT,ANE,EN,Federal Contract Tower,0,2,17,0,19,0,1,69,0,70,0,3,86,0,89,24,0,24,113
10/07/2022,DXR,CT,ANE,EN,Federal Contract Tower,0,2,9,0,11,0,8,125,0,133,0,10,134,0,144,82,0,82,226
10/08/2022,DXR,CT,ANE,EN,Federal Contract Tower,0,2,0,0,2,0,2,115,0,117,0,4,115,0,119,54,0,54,173
10/09/2022,DXR,CT,ANE,EN,Federal Contract Tower,0,0,3,0,3,0,6,130,0,136,0,6,133,0,139,84,0,84,223
10/10/2022,DXR,CT,ANE,EN,Federal Contract Tower,0,0,2,0,2,0,10,111,0,121,0,10,113,0,123,104,0,104,227
10/11/2022,DXR,CT,ANE,EN,Federal Contract Tower,0,0,8,0,8,0,3,93,0,96,0,3,101,0,104,156,0,156,260
10/12/2022,DXR,CT,ANE,EN,Federal Contract Tower,0,0,2,0,2,0,1,104,0,105,0,1,106,0,107,56,0,56,163
10/13/2022,DXR,CT,ANE,EN,Federal Contract Tower,0,1,1,0,2,0,1,0,0,1,0,2,1,0,3,0,0,0,3
10/14/2022,DXR,CT,ANE,EN,Federal Contract Tower,0,2,13,0,15,0,1,82,0,83,0,3,95,0,98,72,0,72,170
10/15/2022,DXR,CT,ANE,EN,Federal Contract Tower,0,1,3,0,4,0,3,120,0,123,0,4,123,0,127,60,0,60,187
10/16/2022,DXR,CT,ANE,EN,Federal Contract Tower,0,0,7,0,7,0,2,116,0,118,0,2,123,0,125,110,0,110,235
10/17/2022,DXR,CT,ANE,EN,Federal Contract Tower,0,4,3,0,7,0,0,5,0,5,0,4,8,0,12,14,0,14,26
10/19/2022,DXR,CT,ANE,EN,Federal Contract Tower,0,0,1,0,1,0,4,65,0,69,0,4,66,0,70,76,0,76,146
10/20/2022,DXR,CT,ANE,EN,Federal Contract Tower,0,0,2,0,2,0,4,74,0,78,0,4,76,0,80,50,0,50,130
10/21/2022,DXR,CT,ANE,EN,Federal Contract Tower,0,2,5,0,7,0,4,118,0,122,0,6,123,0,129,60,0,60,189
10/22/2022,DXR,CT,ANE,EN,Federal Contract Tower,0,0,8,0,8,0,5,179,0,184,0,5,187,0,192,138,0,138,330
10/23/2022,DXR,CT,ANE,EN,Federal Contract Tower,0,1,8,0,9,0,1,42,0,43,0,2,50,0,52,112,0,112,164
10/24/2022,DXR,CT,ANE,EN,Federal Contract Tower,0,0,2,0,2,0,0,0,0,0,0,0,2,0,2,0,0,0,2
10/25/2022,DXR,CT,ANE,EN,Federal Contract Tower,0,2,6,0,8,0,0,0,0,0,0,2,6,0,8,0,0,0,8
10/26/2022,DXR,CT,ANE,EN,Federal Contract Tower,0,3,2,0,5,0,0,12,0,12,0,3,14,0,17,8,0,8,25
10/27/2022,DXR,CT,ANE,EN,Federal Contract Tower,0,1,4,0,5,0,2,78,0,80,0,3,82,0,85,62,0,62,147
10/28/2022,DXR,CT,ANE,EN,Federal Contract Tower,0,1,2,0,3,0,4,99,0,103,0,5,101,0,106,74,0,74,180
10/29/2022,DXR,CT,ANE,EN,Federal Contract Tower,0,0,3,0,3,0,0,136,0,136,0,0,139,0,139,92,0,92,231
10/30/2022,DXR,CT,ANE,EN,Federal Contract Tower,0,2,3,0,5,0,4,94,0,98,0,6,97,0,103,50,0,50,153
10/31/2022,DXR,CT,ANE,EN,Federal Contract Tower,0,1,1,0,2,0,3,44,0,47,0,4,45,0,49,36,0,36,85
11/01/2022,DXR,CT,ANE,EN,Federal Contract Tower,0,1,3,0,4,0,0,18,0,18,0,1,21,0,22,0,0,0,22
11/02/2022,DXR,CT,ANE,EN,Federal Contract Tower,0,0,3,0,3,0,2,129,0,131,0,2,132,0,134,131,0,131,265
11/03/2022,DXR,CT,ANE,EN,Federal Contract Tower,0,2,4,0,6,0,1,103,0,104,0,3,107,0,110,100,0,100,210
11/04/2022,DXR,CT,ANE,EN,Federal Contract Tower,0,1,3,0,4,0,1,79,0,80,0,2,82,0,84,20,4,24,108
11/05/2022,DXR,CT,ANE,EN,Federal Contract Tower,0,0,8,0,8,0,0,51,0,51,0,0,59,0,59,36,0,36,95
11/06/2022,DXR,CT,ANE,EN,Federal Contract Tower,0,7,13,0,20,0,2,24,0,26,0,9,37,0,46,52,0,52,98
11/07/2022,DXR,CT,ANE,EN,Federal Contract Tower,0,0,4,0,4,0,0,40,0,40,0,0,44,0,44,12,0,12,56
11/08/2022,DXR,CT,ANE,EN,Federal Contract Tower,0,0,3,2,5,0,1,55,0,56,0,1,58,2,61,12,0,12,73
11/09/2022,DXR,CT,ANE,EN,Federal Contract Tower,0,0,5,0,5,0,3,141,1,145,0,3,146,1,150,86,16,102,252
11/10/2022,DXR,CT,ANE,EN,Federal Contract Tower,0,0,4,0,4,0,0,59,0,59,0,0,63,0,63,68,0,68,131
11/11/2022,DXR,CT,ANE,EN,Federal Contract Tower,0,0,0,0,0,0,0,14,0,14,0,0,14,0,14,4,0,4,18
11/12/2022,DXR,CT,ANE,EN,Federal Contract Tower,0,0,5,0,5,0,0,29,0,29,0,0,34,0,34,48,0,48,82
11/13/2022,DXR,CT,ANE,EN,Federal Contract Tower,0,3,3,0,6,0,1,31,0,32,0,4,34,0,38,28,0,28,66
11/14/2022,DXR,CT,ANE,EN,Federal Contract Tower,0,0,1,0,1,0,1,44,0,45,0,1,45,0,46,34,0,34,80
11/15/2022,DXR,CT,ANE,EN,Federal Contract Tower,0,0,1,0,1,0,0,88,0,88,0,0,89,0,89,150,0,150,239
11/16/2022,DXR,CT,ANE,EN,Federal Contract Tower,0,0,8,0,8,0,0,4,0,4,0,0,12,0,12,0,0,0,12
11/17/2022,DXR,CT,ANE,EN,Federal Contract Tower,0,1,3,0,4,0,2,49,0,51,0,3,52,0,55,2,0,2,57
11/18/2022,DXR,CT,ANE,EN,Federal Contract Tower,0,1,7,0,8,0,0,77,0,77,0,1,84,0,85,54,0,54,139
11/19/2022,DXR,CT,ANE,EN,Federal Contract Tower,0,0,4,0,4,0,1,93,0,94,0,1,97,0,98,126,0,126,224
11/20/2022,DXR,CT,ANE,EN,Federal Contract Tower,0,0,0,0,0,0,4,24,0,28,0,4,24,0,28,6,0,6,34
11/21/2022,DXR,CT,ANE,EN,Federal Contract Tower,0,0,1,0,1,0,3,40,0,43,0,3,41,0,44,40,0,40,84
11/23/2022,DXR,CT,ANE,EN,Federal Contract Tower,0,0,7,0,7,0,12,112,0,124,0,12,119,0,131,70,0,70,201
11/24/2022,DXR,CT,ANE,EN,Federal Contract Tower,0,0,2,0,2,0,0,34,0,34,0,0,36,0,36,2,0,2,38
11/25/2022,DXR,CT,ANE,EN,Federal Contract Tower,0,4,5,0,9,0,5,5,0,10,0,9,10,0,19,0,0,0,19
11/26/2022,DXR,CT,ANE,EN,Federal Contract Tower,0,0,8,0,8,0,9,140,0,149,0,9,148,0,157,96,0,96,253
11/27/2022,DXR,CT,ANE,EN,Federal Contract Tower,0,3,4,0,7,0,1,40,0,41,0,4,44,0,48,76,0,76,124
11/28/2022,DXR,CT,ANE,EN,Federal Contract Tower,0,0,5,0,5,0,2,28,0,30,0,2,33,0,35,10,0,10,45
11/29/2022,DXR,CT,ANE,EN,Federal Contract Tower,0,2,2,0,4,0,3,94,0,97,0,5,96,0,101,96,0,96,197
11/30/2022,DXR,CT,ANE,EN,Federal Contract Tower,0,0,0,0,0,0,0,2,0,2,0,0,2,0,2,0,0,0,2
12/01/2022,DXR,CT,ANE,EN,Federal Contract Tower,0,0,2,0,2,0,4,21,0,25,0,4,23,0,27,0,0,0,27
12/02/2022,DXR,CT,ANE,EN,Federal Contract Tower,0,0,4,0,4,0,5,116,0,121,0,5,120,0,125,94,0,94,219
12/03/2022,DXR,CT,ANE,EN,Federal Contract Tower,0,2,3,0,5,0,0,0,0,0,0,2,3,0,5,0,0,0,5
12/04/2022,DXR,CT,ANE,EN,Federal Contract Tower,0,1,2,0,3,0,4,138,0,142,0,5,140,0,145,140,0,140,285
12/05/2022,DXR,CT,ANE,EN,Federal Contract Tower,0,0,5,0,5,0,1,94,0,95,0,1,99,0,100,52,0,52,152
12/06/2022,DXR,CT,ANE,EN,Federal Contract Tower,0,1,2,0,3,0,1,9,0,10,0,2,11,0,13,14,0,14,27
12/07/2022,DXR,CT,ANE,EN,Federal Contract Tower,0,4,2,0,6,0,0,0,0,0,0,4,2,0,6,0,0,0,6
12/08/2022,DXR,CT,ANE,EN,Federal Contract Tower,0,0,0,0,0,0,3,65,0,68,0,3,65,0,68,32,0,32,100
12/09/2022,DXR,CT,ANE,EN,Federal Contract Tower,0,0,2,0,2,0,3,74,0,77,0,3,76,0,79,72,0,72,151
12/10/2022,DXR,CT,ANE,EN,Federal Contract Tower,0,1,3,0,4,0,1,82,0,83,0,2,85,0,87,202,0,202,289
12/11/2022,DXR,CT,ANE,EN,Federal Contract Tower,0,1,2,0,3,0,0,0,0,0,0,1,2,0,3,0,0,0,3
12/12/2022,DXR,CT,ANE,EN,Federal Contract Tower,0,0,2,0,2,0,2,22,0,24,0,2,24,0,26,22,0,22,48
12/14/2022,DXR,CT,ANE,EN,Federal Contract Tower,0,0,0,0,0,0,2,34,0,36,0,2,34,0,36,20,0,20,56
12/15/2022,DXR,CT,ANE,EN,Federal Contract Tower,0,1,3,0,4,0,2,25,0,27,0,3,28,0,31,132,0,132,163
12/16/2022,DXR,CT,ANE,EN,Federal Contract Tower,0,4,2,0,6,0,0,0,0,0,0,4,2,0,6,0,0,0,6
12/17/2022,DXR,CT,ANE,EN,Federal Contract Tower,0,1,1,0,2,0,1,47,0,48,0,2,48,0,50,66,0,66,116
12/18/2022,DXR,CT,ANE,EN,Federal Contract Tower,0,0,2,0,2,0,2,96,0,98,0,2,98,0,100,144,0,144,244
12/19/2022,DXR,CT,ANE,EN,Federal Contract Tower,0,3,3,0,6,0,1,39,0,40,0,4,42,0,46,19,0,19,65
12/20/2022,DXR,CT,ANE,EN,Federal Contract Tower,0,1,2,0,3,0,0,65,0,65,0,1,67,0,68,12,0,12,80
12/21/2022,DXR,CT,ANE,EN,Federal Contract Tower,0,0,9,0,9,0,1,134,0,135,0,1,143,0,144,146,0,146,290
12/22/2022,DXR,CT,ANE,EN,Federal Contract Tower,0,0,2,0,2,0,0,23,0,23,0,0,25,0,25,34,0,34,59
12/23/2022,DXR,CT,ANE,EN,Federal Contract Tower,0,2,0,0,2,0,0,0,0,0,0,2,0,0,2,0,0,0,2
12/24/2022,DXR,CT,ANE,EN,Federal Contract Tower,0,1,1,0,2,0,1,1,0,2,0,2,2,0,4,2,0,2,6
12/25/2022,DXR,CT,ANE,EN,Federal Contract Tower,0,0,5,0,5,0,0,12,0,12,0,0,17,0,17,4,0,4,21
12/26/2022,DXR,CT,ANE,EN,Federal Contract Tower,0,0,4,0,4,0,3,50,0,53,0,3,54,0,57,36,0,36,93
12/27/2022,DXR,CT,ANE,EN,Federal Contract Tower,0,0,2,0,2,0,3,69,0,72,0,3,71,0,74,94,0,94,168
12/28/2022,DXR,CT,ANE,EN,Federal Contract Tower,0,1,7,0,8,0,4,71,0,75,0,5,78,0,83,44,0,44,127
12/29/2022,DXR,CT,ANE,EN,Federal Contract Tower,0,3,0,0,3,0,0,112,0,112,0,3,112,0,115,80,0,80,195
12/30/2022,DXR,CT,ANE,EN,Federal Contract Tower,0,2,3,0,5,0,1,122,0,123,0,3,125,0,128,52,0,52,180
12/31/2022,DXR,CT,ANE,EN,Federal Contract Tower,0,1,0,0,1,0,0,0,0,0,0,1,0,0,1,0,0,0,1
01/01/2023,DXR,CT,ANE,EN,Federal Contract Tower,0,1,2,0,3,0,2,49,0,51,0,3,51,0,54,38,0,38,92
01/02/2023,DXR,CT,ANE,EN,Federal Contract Tower,0,2,3,0,5,0,4,99,0,103,0,6,102,0,108,168,0,168,276
01/03/2023,DXR,CT,ANE,EN,Federal Contract Tower,0,0,7,0,7,0,0,0,0,0,0,0,7,0,7,0,0,0,7
01/04/2023,DXR,CT,ANE,EN,Federal Contract Tower,0,4,4,0,8,0,1,8,0,9,0,5,12,0,17,12,0,12,29
01/05/2023,DXR,CT,ANE,EN,Federal Contract Tower,0,1,2,0,3,0,0,0,0,0,0,1,2,0,3,0,0,0,3
01/06/2023,DXR,CT,ANE,EN,Federal Contract Tower,0,2,4,0,6,0,0,4,0,4,0,2,8,0,10,8,0,8,18
01/07/2023,DXR,CT,ANE,EN,Federal Contract Tower,0,0,4,0,4,0,0,86,0,86,0,0,90,0,90,126,0,126,216
01/08/2023,DXR,CT,ANE,EN,Federal Contract Tower,0,0,5,0,5,0,3,93,0,96,0,3,98,0,101,46,0,46,147
01/09/2023,DXR,CT,ANE,EN,Federal Contract Tower,0,4,0,0,4,0,2,58,0,60,0,6,58,0,64,42,0,42,106
01/10/2023,DXR,CT,ANE,EN,Federal Contract Tower,0,2,2,0,4,0,2,76,0,78,0,4,78,0,82,78,0,78,160
01/11/2023,DXR,CT,ANE,EN,Federal Contract Tower,0,0,6,0,6,0,0,108,1,109,0,0,114,1,115,94,0,94,209
01/12/2023,DXR,CT,ANE,EN,Federal Contract Tower,0,3,1,0,4,0,0,0,0,0,0,3,1,0,4,0,0,0,4
01/13/2023,DXR,CT,ANE,EN,Federal Contract Tower,0,2,8,0,10,0,0,7,0,7,0,2,15,0,17,0,0,0,17
01/14/2023,DXR,CT,ANE,EN,Federal Contract Tower,0,1,1,0,2,0,1,2,0,3,0,2,3,0,5,6,0,6,11
01/15/2023,DXR,CT,ANE,EN,Federal Contract Tower,0,0,3,0,3,0,0,33,0,33,0,0,36,0,36,24,0,24,60
01/16/2023,DXR,CT,ANE,EN,Federal Contract Tower,0,1,4,0,5,0,2,85,0,87,0,3,89,0,92,56,0,56,148
01/17/2023,DXR,CT,ANE,EN,Federal Contract Tower,0,0,1,0,1,0,0,55,0,55,0,0,56,0,56,124,0,124,180
01/18/2023,DXR,CT,ANE,EN,Federal Contract Tower,0,0,1,0,1,0,1,45,0,46,0,1,46,0,47,38,0,38,85
01/19/2023,DXR,CT,ANE,EN,Federal Contract Tower,0,0,1,0,1,0,1,0,0,1,0,1,1,0,2,0,0,0,2
01/20/2023,DXR,CT,ANE,EN,Federal Contract Tower,0,1,6,0,7,0,1,23,0,24,0,2,29,0,31,46,0,46,77
01/21/2023,DXR,CT,ANE,EN,Federal Contract Tower,0,0,5,0,5,0,1,89,0,90,0,1,94,0,95,112,0,112,207
01/22/2023,DXR,CT,ANE,EN,Federal Contract Tower,0,4,6,0,10,0,2,36,0,38,0,6,42,0,48,54,0,54,102
01/23/2023,DXR,CT,ANE,EN,Federal Contract Tower,0,0,3,0,3,0,0,1,0,1,0,0,4,0,4,0,0,0,4
01/24/2023,DXR,CT,ANE,EN,Federal Contract Tower,0,0,3,0,3,0,0,40,0,40,0,0,43,0,43,38,0,38,81
01/25/2023,DXR,CT,ANE,EN,Federal Contract Tower,0,3,0,0,3,0,1,8,0,9,0,4,8,0,12,10,0,10,22
01/26/2023,DXR,CT,ANE,EN,Federal Contract Tower,0,0,2,0,2,0,2,1,0,3,0,2,3,0,5,0,0,0,5
01/27/2023,DXR,CT,ANE,EN,Federal Contract Tower,0,0,4,0,4,0,0,68,0,68,0,0,72,0,72,114,0,114,186
01/28/2023,DXR,CT,ANE,EN,Federal Contract Tower,0,0,2,0,2,0,0,102,0,102,0,0,104,0,104,54,0,54,158
01/29/2023,DXR,CT,ANE,EN,Federal Contract Tower,0,0,4,0,4,0,1,69,0,70,0,1,73,0,74,92,0,92,166
01/30/2023,DXR,CT,ANE,EN,Federal Contract Tower,0,2,1,0,3,0,2,77,0,79,0,4,78,0,82,98,0,98,180
01/31/2023,DXR,CT,ANE,EN,Federal Contract Tower,0,4,0,0,4,0,0,38,0,38,0,4,38,0,42,58,0,58,100
02/01/2023,DXR,CT,ANE,EN,Federal Contract Tower,0,1,3,0,4,0,3,70,0,73,0,4,73,0,77,92,0,92,169
02/02/2023,DXR,CT,ANE,EN,Federal Contract Tower,0,2,0,0,2,0,4,70,0,74,0,6,70,0,76,82,0,82,158
02/03/2023,DXR,CT,ANE,EN,Federal Contract Tower,0,2,1,0,3,0,1,4,0,5,0,3,5,0,8,0,0,0,8
02/04/2023,DXR,CT,ANE,EN,Federal Contract Tower,0,0,4,0,4,0,0,33,0,33,0,0,37,0,37,62,0,62,99
02/05/2023,DXR,CT,ANE,EN,Federal Contract Tower,0,0,0,0,0,0,4,46,0,50,0,4,46,0,50,28,0,28,78
02/06/2023,DXR,CT,ANE,EN,Federal Contract Tower,0,1,1,0,2,0,1,41,0,42,0,2,42,0,44,2,0,2,46
02/07/2023,DXR,CT,ANE,EN,Federal Contract Tower,0,0,4,0,4,0,3,73,0,76,0,3,77,0,80,104,0,104,184
02/08/2023,DXR,CT,ANE,EN,Federal Contract Tower,0,0,2,0,2,0,1,87,0,88,0,1,89,0,90,70,0,70,160
02/09/2023,DXR,CT,ANE,EN,Federal Contract Tower,0,0,3,0,3,0,2,18,0,20,0,2,21,0,23,52,0,52,75
02/10/2023,DXR,CT,ANE,EN,Federal Contract Tower,0,1,1,0,2,0,1,22,0,23,0,2,23,0,25,0,0,0,25
02/11/2023,DXR,CT,ANE,EN,Federal Contract Tower,0,0,3,0,3,0,2,77,0,79,0,2,80,0,82,60,0,60,142
02/12/2023,DXR,CT,ANE,EN,Federal Contract Tower,0,1,0,0,1,0,3,119,0,122,0,4,119,0,123,168,0,168,291
02/13/2023,DXR,CT,ANE,EN,Federal Contract Tower,0,1,1,2,4,0,2,74,0,76,0,3,75,2,80,52,0,52,132
02/14/2023,DXR,CT,ANE,EN,Federal Contract Tower,0,0,1,0,1,0,3,47,0,50,0,3,48,0,51,10,0,10,61
02/15/2023,DXR,CT,ANE,EN,Federal Contract Tower,0,1,4,0,5,0,5,47,0,52,0,6,51,0,57,10,0,10,67
02/16/2023,DXR,CT,ANE,EN,Federal Contract Tower,0,1,6,0,7,0,3,30,0,33,0,4,36,0,40,42,0,42,82
02/17/2023,DXR,CT,ANE,EN,Federal Contract Tower,0,2,2,0,4,0,0,1,0,1,0,2,3,0,5,0,0,0,5
02/18/2023,DXR,CT,ANE,EN,Federal Contract Tower,0,0,3,0,3,0,0,93,0,93,0,0,96,0,96,52,0,52,148
02/19/2023,DXR,CT,ANE,EN,Federal Contract Tower,0,0,2,0,2,0,2,79,0,81,0,2,81,0,83,102,0,102,185
02/20/2023,DXR,CT,ANE,EN,Federal Contract Tower,0,1,3,0,4,0,3,52,0,55,0,4,55,0,59,46,0,46,105
02/21/2023,DXR,CT,ANE,EN,Federal Contract Tower,0,2,2,0,4,0,0,0,0,0,0,2,2,0,4,0,0,0,4
02/22/2023,DXR,CT,ANE,EN,Federal Contract Tower,0,0,4,0,4,0,1,45,0,46,0,1,49,0,50,84,0,84,134
02/23/2023,DXR,CT,ANE,EN,Federal Contract Tower,0,1,0,0,1,0,0,0,0,0,0,1,0,0,1,0,0,0,1
02/24/2023,DXR,CT,ANE,EN,Federal Contract Tower,0,1,2,0,3,0,1,9,0,10,0,2,11,0,13,0,0,0,13
02/25/2023,DXR,CT,ANE,EN,Federal Contract Tower,0,1,4,0,5,0,1,21,0,22,0,2,25,0,27,26,0,26,53
02/26/2023,DXR,CT,ANE,EN,Federal Contract Tower,0,4,8,0,12,0,1,18,0,19,0,5,26,0,31,48,0,48,79
02/27/2023,DXR,CT,ANE,EN,Federal Contract Tower,0,0,3,0,3,0,2,71,1,74,0,2,74,1,77,62,0,62,139
02/28/2023,DXR,CT,ANE,EN,Federal Contract Tower,0,3,1,0,4,0,0,0,0,0,0,3,1,0,4,0,0,0,4
03/01/2023,DXR,CT,ANE,EN,Federal Contract Tower,0,3,7,0,10,0,2,65,0,67,0,5,72,0,77,52,0,52,129
03/02/2023,DXR,CT,ANE,EN,Federal Contract Tower,0,1,2,0,3,0,1,11,0,12,0,2,13,0,15,8,0,8,23
03/03/2023,DXR,CT,ANE,EN,Federal Contract Tower,0,0,1,1,2,0,0,90,0,90,0,0,91,1,92,98,0,98,190
03/04/2023,DXR,CT,ANE,EN,Federal Contract Tower,0,1,1,0,2,0,0,1,0,1,0,1,2,0,3,0,0,0,3
03/05/2023,DXR,CT,ANE,EN,Federal Contract Tower,0,2,3,0,5,0,4,121,0,125,0,6,124,0,130,118,0,118,248
03/06/2023,DXR,CT,ANE,EN,Federal Contract Tower,0,1,4,0,5,0,2,52,0,54,0,3,56,0,59,22,0,22,81
03/07/2023,DXR,CT,ANE,EN,Federal Contract Tower,0,2,4,0,6,0,1,9,0,10,0,3,13,0,16,2,0,2,18
03/08/2023,DXR,CT,ANE,EN,Federal Contract Tower,0,0,1,0,1,0,0,16,0,16,0,0,17,0,17,0,0,0,17
03/09/2023,DXR,CT,ANE,EN,Federal Contract Tower,0,1,1,0,2,0,2,57,0,59,0,3,58,0,61,8,0,8,69
03/10/2023,DXR,CT,ANE,EN,Federal Contract Tower,0,2,0,0,2,0,4,70,0,74,0,6,70,0,76,104,0,104,180
03/11/2023,DXR,CT,ANE,EN,Federal Contract Tower,0,2,0,0,2,0,2,6,0,8,0,4,6,0,10,8,0,8,18
03/12/2023,DXR,CT,ANE,EN,Federal Contract Tower,0,0,4,0,4,0,1,134,0,135,0,1,138,0,139,144,0,144,283
03/13/2023,DXR,CT,ANE,EN,Federal Contract Tower,0,1,3,0,4,0,0,0,0,0,0,1,3,0,4,0,0,0,4
03/14/2023,DXR,CT,ANE,EN,Federal Contract Tower,0,1,0,0,1,0,0,0,0,0,0,1,0,0,1,0,0,0,1
03/15/2023,DXR,CT,ANE,EN,Federal Contract Tower,0,0,1,0,1,0,1,5,0,6,0,1,6,0,7,0,0,0,7
03/16/2023,DXR,CT,ANE,EN,Federal Contract Tower,0,1,3,0,4,0,2,86,0,88,0,3,89,0,92,68,0,68,160
03/17/2023,DXR,CT,ANE,EN,Federal Contract Tower,0,3,2,0,5,0,3,69,0,72,0,6,71,0,77,130,0,130,207
03/18/2023,DXR,CT,ANE,EN,Federal Contract Tower,0,0,10,0,10,0,0,107,0,107,0,0,117,0,117,102,0,102,219
03/19/2023,DXR,CT,ANE,EN,Federal Contract Tower,0,0,7,0,7,0,1,29,0,30,0,1,36,0,37,6,0,6,43
03/20/2023,DXR,CT,ANE,EN,Federal Contract Tower,0,0,2,0,2,0,1,108,0,109,0,1,110,0,111,50,0,50,161
03/21/2023,DXR,CT,ANE,EN,Federal Contract Tower,0,0,2,0,2,0,0,107,0,107,0,0,109,0,109,70,0,70,179
03/22/2023,DXR,CT,ANE,EN,Federal Contract Tower,0,0,6,0,6,0,0,76,0,76,0,0,82,0,82,66,0,66,148
03/23/2023,DXR,CT,ANE,EN,Federal Contract Tower,0,2,6,0,8,0,1,8,0,9,0,3,14,0,17,0,0,0,17
03/24/2023,DXR,CT,ANE,EN,Federal Contract Tower,0,1,2,0,3,0,1,85,0,86,0,2,87,0,89,80,0,80,169
03/25/2023,DXR,CT,ANE,EN,Federal Contract Tower,0,1,6,0,7,0,0,0,0,0,0,1,6,0,7,0,0,0,7
03/26/2023,DXR,CT,ANE,EN,Federal Contract Tower,0,0,2,0,2,0,1,37,0,38,0,1,39,0,40,16,0,16,56
03/27/2023,DXR,CT,ANE,EN,Federal Contract Tower,0,0,2,0,2,0,0,49,0,49,0,0,51,0,51,72,0,72,123
03/28/2023,DXR,CT,ANE,EN,Federal Contract Tower,0,0,4,0,4,0,0,19,0,19,0,0,23,0,23,2,0,2,25
03/29/2023,DXR,CT,ANE,EN,Federal Contract Tower,0,0,2,0,2,0,3,113,0,116,0,3,115,0,118,76,0,76,194
03/30/2023,DXR,CT,ANE,EN,Federal Contract Tower,0,0,2,0,2,0,0,32,0,32,0,0,34,0,34,2,0,2,36
03/31/2023,DXR,CT,ANE,EN,Federal Contract Tower,0,0,3,0,3,0,3,44,0,47,0,3,47,0,50,26,0,26,76
04/01/2023,DXR,CT,ANE,EN,Federal Contract Tower,0,0,0,0,0,0,0,2,0,2,0,0,2,0,2,0,0,0,2
04/02/2023,DXR,CT,ANE,EN,Federal Contract Tower,0,0,2,0,2,0,2,16,0,18,0,2,18,0,20,2,0,2,22
04/03/2023,DXR,CT,ANE,EN,Federal Contract Tower,0,0,3,0,3,0,3,64,0,67,0,3,67,0,70,70,0,70,140
04/04/2023,DXR,CT,ANE,EN,Federal Contract Tower,0,4,3,0,7,0,0,99,0,99,0,4,102,0,106,92,0,92,198
04/05/2023,DXR,CT,ANE,EN,Federal Contract Tower,0,2,6,1,9,0,0,0,0,0,0,2,6,1,9,0,0,0,9
04/06/2023,DXR,CT,ANE,EN,Federal Contract Tower,0,1,4,0,5,0,3,24,0,27,0,4,28,0,32,14,0,14,46
04/07/2023,DXR,CT,ANE,EN,Federal Contract Tower,0,1,5,0,6,0,7,63,0,70,0,8,68,0,76,22,0,22,98
04/08/2023,DXR,CT,ANE,EN,Federal Contract Tower,0,0,1,0,1,0,0,123,0,123,0,0,124,0,124,106,0,106,230
04/09/2023,DXR,CT,ANE,EN,Federal Contract Tower,0,1,2,0,3,0,5,76,0,81,0,6,78,0,84,74,0,74,158
04/10/2023,DXR,CT,ANE,EN,Federal Contract Tower,0,1,5,0,6,0,0,95,0,95,0,1,100,0,101,88,0,88,189
04/11/2023,DXR,CT,ANE,EN,Federal Contract Tower,0,0,2,0,2,0,6,62,0,68,0,6,64,0,70,60,0,60,130
04/12/2023,DXR,CT,ANE,EN,Federal Contract Tower,0,0,2,0,2,0,0,38,0,38,0,0,40,0,40,6,0,6,46
04/13/2023,DXR,CT,ANE,EN,Federal Contract Tower,0,0,4,0,4,0,5,91,0,96,0,5,95,0,100,86,0,86,186
04/14/2023,DXR,CT,ANE,EN,Federal Contract Tower,0,1,3,0,4,0,3,121,0,124,0,4,124,0,128,52,0,52,180
04/15/2023,DXR,CT,ANE,EN,Federal Contract Tower,0,0,9,0,9,0,1,49,0,50,0,1,58,0,59,50,0,50,109
04/16/2023,DXR,CT,ANE,EN,Federal Contract Tower,0,3,11,0,14,0,1,2,0,3,0,4,13,0,17,0,0,0,17
04/17/2023,DXR,CT,ANE,EN,Federal Contract Tower,0,3,6,0,9,0,1,4,0,5,0,4,10,0,14,0,0,0,14
04/18/2023,DXR,CT,ANE,EN,Federal Contract Tower,0,0,3,0,3,0,2,40,0,42,0,2,43,0,45,20,0,20,65
04/19/2023,DXR,CT,ANE,EN,Federal Contract Tower,0,0,6,0,6,0,1,80,0,81,0,1,86,0,87,68,0,68,155
04/20/2023,DXR,CT,ANE,EN,Federal Contract Tower,0,1,2,0,3,0,2,138,0,140,0,3,140,0,143,148,0,148,291
04/21/2023,DXR,CT,ANE,EN,Federal Contract Tower,0,0,3,0,3,0,0,156,0,156,0,0,159,0,159,102,0,102,261
04/22/2023,DXR,CT,ANE,EN,Federal Contract Tower,0,2,4,0,6,0,0,4,0,4,0,2,8,0,10,0,0,0,10
04/23/2023,DXR,CT,ANE,EN,Federal Contract Tower,0,1,11,0,12,0,1,11,0,12,0,2,22,0,24,0,0,0,24
04/24/2023,DXR,CT,ANE,EN,Federal Contract Tower,0,2,4,0,6,0,0,54,0,54,0,2,58,0,60,144,0,144,204
04/25/2023,DXR,CT,ANE,EN,Federal Contract Tower,0,0,5,0,5,0,4,85,0,89,0,4,90,0,94,64,0,64,158
04/26/2023,DXR,CT,ANE,EN,Federal Contract Tower,0,0,7,0,7,0,2,91,0,93,0,2,98,0,100,88,0,88,188
04/27/2023,DXR,CT,ANE,EN,Federal Contract Tower,0,1,0,0,1,0,1,14,0,15,0,2,14,0,16,16,0,16,32
04/28/2023,DXR,CT,ANE,EN,Federal Contract Tower,0,1,8,0,9,0,9,42,0,51,0,10,50,0,60,52,0,52,112
04/29/2023,DXR,CT,ANE,EN,Federal Contract Tower,0,1,7,0,8,0,0,0,0,0,0,1,7,0,8,0,0,0,8
04/30/2023,DXR,CT,ANE,EN,Federal Contract Tower,0,2,2,0,4,0,0,0,0,0,0,2,2,0,4,0,0,0,4
05/01/2023,DXR,CT,ANE,EN,Federal Contract Tower,0,0,2,0,2,0,3,28,0,31,0,3,30,0,33,10,0,10,43
05/02/2023,DXR,CT,ANE,EN,Federal Contract Tower,0,3,7,0,10,0,0,14,0,14,0,3,21,0,24,6,0,6,30
05/03/2023,DXR,CT,ANE,EN,Federal Contract Tower,0,4,4,0,8,0,6,71,0,77,0,10,75,0,85,122,0,122,207
05/04/2023,DXR,CT,ANE,EN,Federal Contract Tower,0,2,8,0,10,0,0,25,0,25,0,2,33,0,35,46,0,46,81
05/06/2023,DXR,CT,ANE,EN,Federal Contract Tower,0,3,6,0,9,0,2,180,0,182,0,5,186,0,191,78,0,78,269
05/07/2023,DXR,CT,ANE,EN,Federal Contract Tower,0,0,6,0,6,0,1,131,0,132,0,1,137,0,138,158,0,158,296
05/08/2023,DXR,CT,ANE,EN,Federal Contract Tower,0,2,3,0,5,0,2,56,0,58,0,4,59,0,63,26,0,26,89
05/09/2023,DXR,CT,ANE,EN,Federal Contract Tower,0,4,6,0,10,0,1,102,1,104,0,5,108,1,114,80,0,80,194
05/10/2023,DXR,CT,ANE,EN,Federal Contract Tower,0,1,5,0,6,0,0,56,0,56,0,1,61,0,62,102,0,102,164
05/11/2023,DXR,CT,ANE,EN,Federal Contract Tower,0,0,6,0,6,0,2,115,0,117,0,2,121,0,123,112,0,112,235
05/12/2023,DXR,CT,ANE,EN,Federal Contract Tower,0,0,2,0,2,0,4,115,0,119,0,4,117,0,121,84,0,84,205
05/13/2023,DXR,CT,ANE,EN,Federal Contract Tower,0,0,8,0,8,0,4,126,0,130,0,4,134,0,138,168,0,168,306
05/14/2023,DXR,CT,ANE,EN,Federal Contract Tower,0,0,6,0,6,0,2,66,0,68,0,2,72,0,74,86,0,86,160
05/15/2023,DXR,CT,ANE,EN,Federal Contract Tower,0,0,6,0,6,0,1,78,0,79,0,1,84,0,85,72,0,72,157
05/16/2023,DXR,CT,ANE,EN,Federal Contract Tower,0,2,5,0,7,0,1,72,0,73,0,3,77,0,80,26,0,26,106
05/17/2023,DXR,CT,ANE,EN,Federal Contract Tower,0,2,1,0,3,0,2,20,0,22,0,4,21,0,25,12,0,12,37
05/18/2023,DXR,CT,ANE,EN,Federal Contract Tower,0,1,2,0,3,0,3,132,0,135,0,4,134,0,138,122,0,122,260
05/19/2023,DXR,CT,ANE,EN,Federal Contract Tower,0,1,3,0,4,0,4,103,0,107,0,5,106,0,111,98,0,98,209
05/20/2023,DXR,CT,ANE,EN,Federal Contract Tower,0,1,4,0,5,0,0,0,0,0,0,1,4,0,5,0,0,0,5
05/21/2023,DXR,CT,ANE,EN,Federal Contract Tower,0,4,7,0,11,0,6,103,0,109,0,10,110,0,120,186,0,186,306
05/22/2023,DXR,CT,ANE,EN,Federal Contract Tower,0,0,3,0,3,0,1,103,0,104,0,1,106,0,107,172,0,172,279
05/23/2023,DXR,CT,ANE,EN,Federal Contract Tower,0,0,5,0,5,0,6,124,0,130,0,6,129,0,135,126,0,126,261
05/24/2023,DXR,CT,ANE,EN,Federal Contract Tower,0,0,5,0,5,0,4,84,0,88,0,4,89,0,93,198,0,198,291
05/25/2023,DXR,CT,ANE,EN,Federal Contract Tower,0,6,3,0,9,0,2,91,0,93,0,8,94,0,102,34,0,34,136
05/26/2023,DXR,CT,ANE,EN,Federal Contract Tower,0,4,5,0,9,0,9,112,0,121,0,13,117,0,130,72,0,72,202
05/27/2023,DXR,CT,ANE,EN,Federal Contract Tower,0,2,2,0,4,0,0,117,0,117,0,2,119,0,121,50,0,50,171
05/28/2023,DXR,CT,ANE,EN,Federal Contract Tower,0,0,4,0,4,0,0,116,0,116,0,0,120,0,120,94,0,94,214
05/29/2023,DXR,CT,ANE,EN,Federal Contract Tower,0,4,0,0,4,0,5,54,0,59,0,9,54,0,63,48,2,50,113
05/30/2023,DXR,CT,ANE,EN,Federal Contract Tower,0,1,3,0,4,0,2,74,0,76,0,3,77,0,80,34,0,34,114
05/31/2023,DXR,CT,ANE,EN,Federal Contract Tower,0,0,3,0,3,0,4,143,0,147,0,4,146,0,150,72,0,72,222
06/01/2023,DXR,CT,ANE,EN,Federal Contract Tower,0,0,8,0,8,0,5,148,0,153,0,5,156,0,161,108,0,108,269
06/02/2023,DXR,CT,ANE,EN,Federal Contract Tower,0,2,6,0,8,0,2,75,0,77,0,4,81,0,85,60,0,60,145
06/03/2023,DXR,CT,ANE,EN,Federal Contract Tower,0,1,19,0,20,0,1,6,0,7,0,2,25,0,27,0,0,0,27
06/04/2023,DXR,CT,ANE,EN,Federal Contract Tower,0,1,8,0,9,0,1,77,0,78,0,2,85,0,87,128,0,128,215
06/05/2023,DXR,CT,ANE,EN,Federal Contract Tower,0,3,2,0,5,0,2,48,0,50,0,5,50,0,55,60,0,60,115
06/06/2023,DXR,CT,ANE,EN,Federal Contract Tower,0,1,7,0,8,0,2,43,0,45,0,3,50,0,53,66,0,66,119
06/07/2023,DXR,CT,ANE,EN,Federal Contract Tower,0,5,17,0,22,0,0,15,0,15,0,5,32,0,37,26,0,26,63
06/08/2023,DXR,CT,ANE,EN,Federal Contract Tower,0,0,12,0,12,0,3,30,0,33,0,3,42,0,45,36,0,36,81
06/09/2023,DXR,CT,ANE,EN,Federal Contract Tower,0,1,7,0,8,0,1,80,0,81,0,2,87,0,89,146,0,146,235
06/10/2023,DXR,CT,ANE,EN,Federal Contract Tower,0,0,3,0,3,0,0,139,0,139,0,0,142,0,142,96,0,96,238
06/11/2023,DXR,CT,ANE,EN,Federal Contract Tower,0,0,5,0,5,0,9,108,0,117,0,9,113,0,122,110,0,110,232
06/12/2023,DXR,CT,ANE,EN,Federal Contract Tower,0,5,15,0,20,0,1,37,0,38,0,6,52,0,58,44,0,44,102
06/13/2023,DXR,CT,ANE,EN,Federal Contract Tower,0,0,7,0,7,0,2,78,0,80,0,2,85,0,87,166,0,166,253
06/14/2023,DXR,CT,ANE,EN,Federal Contract Tower,0,1,1,0,2,0,2,63,0,65,0,3,64,0,67,80,0,80,147
06/15/2023,DXR,CT,ANE,EN,Federal Contract Tower,0,1,9,0,10,0,4,144,0,148,0,5,153,0,158,188,0,188,346
06/16/2023,DXR,CT,ANE,EN,Federal Contract Tower,0,2,10,0,12,0,3,94,0,97,0,5,104,0,109,68,0,68,177
06/17/2023,DXR,CT,ANE,EN,Federal Contract Tower,0,3,6,0,9,0,1,42,0,43,0,4,48,0,52,52,0,52,104
06/18/2023,DXR,CT,ANE,EN,Federal Contract Tower,0,4,3,0,7,0,1,117,0,118,0,5,120,0,125,114,0,114,239
06/19/2023,DXR,CT,ANE,EN,Federal Contract Tower,0,1,8,0,9,0,3,140,0,143,0,4,148,0,152,52,0,52,204
06/20/2023,DXR,CT,ANE,EN,Federal Contract Tower,0,0,4,0,4,0,2,95,0,97,0,2,99,0,101,114,0,114,215
06/21/2023,DXR,CT,ANE,EN,Federal Contract Tower,0,5,6,0,11,0,1,173,0,174,0,6,179,0,185,160,0,160,345
06/22/2023,DXR,CT,ANE,EN,Federal Contract Tower,0,3,9,0,12,0,3,21,0,24,0,6,30,0,36,36,0,36,72
06/23/2023,DXR,CT,ANE,EN,Federal Contract Tower,0,9,25,0,34,0,0,14,0,14,0,9,39,0,48,44,0,44,92
06/24/2023,DXR,CT,ANE,EN,Federal Contract Tower,0,5,8,0,13,0,0,2,0,2,0,5,10,0,15,0,0,0,15
06/25/2023,DXR,CT,ANE,EN,Federal Contract Tower,0,2,17,0,19,0,1,24,0,25,0,3,41,0,44,26,0,26,70
06/26/2023,DXR,CT,ANE,EN,Federal Contract Tower,0,1,9,0,10,0,0,2,0,2,0,1,11,0,12,0,0,0,12
06/27/2023,DXR,CT,ANE,EN,Federal Contract Tower,0,4,10,0,14,0,0,7,0,7,0,4,17,0,21,2,0,2,23
06/28/2023,DXR,CT,ANE,EN,Federal Contract Tower,0,2,15,0,17,0,3,47,0,50,0,5,62,0,67,134,0,134,201
06/29/2023,DXR,CT,ANE,EN,Federal Contract Tower,0,0,14,0,14,0,4,114,0,118,0,4,128,0,132,176,0,176,308
06/30/2023,DXR,CT,ANE,EN,Federal Contract Tower,0,2,12,0,14,0,3,67,0,70,0,5,79,0,84,110,0,110,194
07/01/2023,DXR,CT,ANE,EN,Federal Contract Tower,0,2,6,0,8,0,5,89,0,94,0,7,95,0,102,192,0,192,294
07/02/2023,DXR,CT,ANE,EN,Federal Contract Tower,0,6,1,0,7,0,2,14,0,16,0,8,15,0,23,24,0,24,47
07/03/2023,DXR,CT,ANE,EN,Federal Contract Tower,0,0,5,0,5,0,2,64,0,66,0,2,69,0,71,172,0,172,243
07/04/2023,DXR,CT,ANE,EN,Federal Contract Tower,0,2,1,0,3,0,2,18,0,20,0,4,19,0,23,6,0,6,29
07/05/2023,DXR,CT,ANE,EN,Federal Contract Tower,0,1,2,0,3,0,9,132,0,141,0,10,134,0,144,68,0,68,212
07/06/2023,DXR,CT,ANE,EN,Federal Contract Tower,0,0,9,0,9,0,5,106,0,111,0,5,115,0,120,76,0,76,196
07/07/2023,DXR,CT,ANE,EN,Federal Contract Tower,0,6,10,0,16,0,4,67,0,71,0,10,77,0,87,48,0,48,135
07/08/2023,DXR,CT,ANE,EN,Federal Contract Tower,0,4,9,0,13,0,2,85,0,87,0,6,94,0,100,126,0,126,226
07/09/2023,DXR,CT,ANE,EN,Federal Contract Tower,0,3,9,0,12,0,1,8,0,9,0,4,17,0,21,6,0,6,27
07/10/2023,DXR,CT,ANE,EN,Federal Contract Tower,0,6,5,0,11,0,2,24,0,26,0,8,29,0,37,44,0,44,81
07/11/2023,DXR,CT,ANE,EN,Federal Contract Tower,0,0,5,0,5,0,2,124,0,126,0,2,129,0,131,92,6,98,229
07/12/2023,DXR,CT,ANE,EN,Federal Contract Tower,0,0,7,0,7,0,6,134,0,140,0,6,141,0,147,98,0,98,245
07/13/2023,DXR,CT,ANE,EN,Federal Contract Tower,0,4,3,1,8,0,6,88,0,94,0,10,91,1,102,42,0,42,144
07/14/2023,DXR,CT,ANE,EN,Federal Contract Tower,0,6,3,0,9,0,0,16,0,16,0,6,19,0,25,14,0,14,39
07/15/2023,DXR,CT,ANE,EN,Federal Contract Tower,0,0,9,0,9,0,0,87,0,87,0,0,96,0,96,126,0,126,222
07/16/2023,DXR,CT,ANE,EN,Federal Contract Tower,0,9,5,0,14,0,0,0,0,0,0,9,5,0,14,0,0,0,14
07/17/2023,DXR,CT,ANE,EN,Federal Contract Tower,0,2,12,0,14,0,4,99,0,103,0,6,111,0,117,104,0,104,221
07/18/2023,DXR,CT,ANE,EN,Federal Contract Tower,0,4,5,0,9,0,9,51,0,60,0,13,56,0,69,74,0,74,143
07/19/2023,DXR,CT,ANE,EN,Federal Contract Tower,0,1,2,0,3,0,3,93,0,96,0,4,95,0,99,58,0,58,157
07/20/2023,DXR,CT,ANE,EN,Federal Contract Tower,0,2,9,1,12,0,5,129,0,134,0,7,138,1,146,172,0,172,318
07/21/2023,DXR,CT,ANE,EN,Federal Contract Tower,0,4,5,0,9,0,3,23,0,26,0,7,28,0,35,64,0,64,99
07/22/2023,DXR,CT,ANE,EN,Federal Contract Tower,0,1,9,0,10,0,12,155,0,167,0,13,164,0,177,134,0,134,311
07/23/2023,DXR,CT,ANE,EN,Federal Contract Tower,0,0,8,0,8,0,11,118,0,129,0,11,126,0,137,74,0,74,211
07/24/2023,DXR,CT,ANE,EN,Federal Contract Tower,0,0,4,0,4,0,2,89,0,91,0,2,93,0,95,120,0,120,215
07/25/2023,DXR,CT,ANE,EN,Federal Contract Tower,0,1,2,0,3,0,1,75,0,76,0,2,77,0,79,74,0,74,153
07/26/2023,DXR,CT,ANE,EN,Federal Contract Tower,0,3,9,0,12,0,4,117,2,123,0,7,126,2,135,36,0,36,171
07/27/2023,DXR,CT,ANE,EN,Federal Contract Tower,0,5,9,0,14,0,4,24,0,28,0,9,33,0,42,26,0,26,68
07/28/2023,DXR,CT,ANE,EN,Federal Contract Tower,0,0,8,0,8,0,8,127,0,135,0,8,135,0,143,158,0,158,301
07/29/2023,DXR,CT,ANE,EN,Federal Contract Tower,0,1,2,0,3,0,3,46,0,49,0,4,48,0,52,66,0,66,118
07/30/2023,DXR,CT,ANE,EN,Federal Contract Tower,0,2,2,0,4,0,11,141,0,152,0,13,143,0,156,96,0,96,252
07/31/2023,DXR,CT,ANE,EN,Federal Contract Tower,0,0,2,0,2,0,6,110,2,118,0,6,112,2,120,148,0,148,268
08/01/2023,DXR,CT,ANE,EN,Federal Contract Tower,0,2,5,0,7,0,6,112,0,118,0,8,117,0,125,64,0,64,189
08/02/2023,DXR,CT,ANE,EN,Federal Contract Tower,0,3,0,0,3,0,7,151,6,164,0,10,151,6,167,102,0,102,269
08/03/2023,DXR,CT,ANE,EN,Federal Contract Tower,0,0,5,0,5,0,4,104,1,109,0,4,109,1,114,128,0,128,242
08/04/2023,DXR,CT,ANE,EN,Federal Contract Tower,0,7,6,0,13,0,1,21,0,22,0,8,27,0,35,12,0,12,47
08/05/2023,DXR,CT,ANE,EN,Federal Contract Tower,0,1,5,0,6,0,6,152,0,158,0,7,157,0,164,138,0,138,302
08/06/2023,DXR,CT,ANE,EN,Federal Contract Tower,0,1,4,0,5,0,8,147,0,155,0,9,151,0,160,164,0,164,324
08/07/2023,DXR,CT,ANE,EN,Federal Contract Tower,0,5,5,0,10,0,0,7,0,7,0,5,12,0,17,0,0,0,17
08/08/2023,DXR,CT,ANE,EN,Federal Contract Tower,0,4,12,1,17,0,2,26,1,29,0,6,38,2,46,8,0,8,54
08/09/2023,DXR,CT,ANE,EN,Federal Contract Tower,0,1,1,0,2,0,2,81,0,83,0,3,82,0,85,42,0,42,127
08/10/2023,DXR,CT,ANE,EN,Federal Contract Tower,0,0,11,0,11,0,7,58,0,65,0,7,69,0,76,36,0,36,112
08/11/2023,DXR,CT,ANE,EN,Federal Contract Tower,0,0,9,0,9,0,1,142,0,143,0,1,151,0,152,74,0,74,226
08/12/2023,DXR,CT,ANE,EN,Federal Contract Tower,0,0,9,0,9,0,1,90,0,91,0,1,99,0,100,78,0,78,178
08/13/2023,DXR,CT,ANE,EN,Federal Contract Tower,0,2,5,0,7,0,5,94,0,99,0,7,99,0,106,36,0,36,142
08/14/2023,DXR,CT,ANE,EN,Federal Contract Tower,0,0,4,0,4,0,7,88,1,96,0,7,92,1,100,54,0,54,154
08/15/2023,DXR,CT,ANE,EN,Federal Contract Tower,0,5,12,0,17,0,0,0,0,0,0,5,12,0,17,0,0,0,17
08/16/2023,DXR,CT,ANE,EN,Federal Contract Tower,0,5,12,0,17,0,2,46,0,48,0,7,58,0,65,70,0,70,135
08/17/2023,DXR,CT,ANE,EN,Federal Contract Tower,0,12,19,0,31,0,0,0,0,0,0,12,19,0,31,0,0,0,31
08/18/2023,DXR,CT,ANE,EN,Federal Contract Tower,0,2,5,0,7,0,4,71,0,75,0,6,76,0,82,106,0,106,188
08/19/2023,DXR,CT,ANE,EN,Federal Contract Tower,0,0,4,0,4,0,5,131,0,136,0,5,135,0,140,68,0,68,208
08/20/2023,DXR,CT,ANE,EN,Federal Contract Tower,0,1,5,0,6,0,5,114,0,119,0,6,119,0,125,110,0,110,235
08/21/2023,DXR,CT,ANE,EN,Federal Contract Tower,0,0,5,0,5,0,6,95,0,101,0,6,100,0,106,110,0,110,216
08/22/2023,DXR,CT,ANE,EN,Federal Contract Tower,0,2,2,0,4,0,5,82,0,87,0,7,84,0,91,54,0,54,145
08/23/2023,DXR,CT,ANE,EN,Federal Contract Tower,0,0,4,0,4,0,6,174,0,180,0,6,178,0,184,200,0,200,384
08/24/2023,DXR,CT,ANE,EN,Federal Contract Tower,0,2,17,0,19,0,1,31,0,32,0,3,48,0,51,72,0,72,123
08/25/2023,DXR,CT,ANE,EN,Federal Contract Tower,0,8,10,0,18,0,0,3,0,3,0,8,13,0,21,0,0,0,21
08/26/2023,DXR,CT,ANE,EN,Federal Contract Tower,0,0,5,0,5,0,2,111,0,113,0,2,116,0,118,134,0,134,252
08/27/2023,DXR,CT,ANE,EN,Federal Contract Tower,0,4,4,0,8,0,6,131,0,137,0,10,135,0,145,140,0,140,285
08/28/2023,DXR,CT,ANE,EN,Federal Contract Tower,0,4,12,0,16,0,3,87,0,90,0,7,99,0,106,110,0,110,216
08/29/2023,DXR,CT,ANE,EN,Federal Contract Tower,0,3,11,0,14,0,1,51,0,52,0,4,62,0,66,66,0,66,132
08/30/2023,DXR,CT,ANE,EN,Federal Contract Tower,0,0,2,0,2,0,8,54,0,62,0,8,56,0,64,60,0,60,124
08/31/2023,DXR,CT,ANE,EN,Federal Contract Tower,0,4,6,0,10,0,7,140,0,147,0,11,146,0,157,92,0,92,249
01/01/2020,DXR,CT,ANE,EN,Federal Contract Tower,0,4,8,0,12,0,2,22,0,24,0,6,30,0,36,38,0,38,74
01/02/2020,DXR,CT,ANE,EN,Federal Contract Tower,0,0,4,0,4,0,0,0,0,0,0,0,4,0,4,96,0,96,100
01/03/2020,DXR,CT,ANE,EN,Federal Contract Tower,0,0,4,0,4,0,0,0,0,0,0,0,4,0,4,4,0,4,8
01/04/2020,DXR,CT,ANE,EN,Federal Contract Tower,0,0,1,0,1,0,0,0,0,0,0,0,1,0,1,0,0,0,1
01/05/2020,DXR,CT,ANE,EN,Federal Contract Tower,0,1,0,0,1,0,3,4,0,7,0,4,4,0,8,4,0,4,12
01/06/2020,DXR,CT,ANE,EN,Federal Contract Tower,0,0,6,0,6,0,1,24,0,25,0,1,30,0,31,32,0,32,63
01/07/2020,DXR,CT,ANE,EN,Federal Contract Tower,0,6,4,0,10,0,2,78,2,82,0,8,82,2,92,36,0,36,128
01/08/2020,DXR,CT,ANE,EN,Federal Contract Tower,0,1,2,1,4,0,1,12,1,14,0,2,14,2,18,26,0,26,44
01/09/2020,DXR,CT,ANE,EN,Federal Contract Tower,0,0,2,0,2,0,0,87,0,87,0,0,89,0,89,126,0,126,215
01/10/2020,DXR,CT,ANE,EN,Federal Contract Tower,0,2,3,0,5,0,4,30,0,34,0,6,33,0,39,50,0,50,89
01/11/2020,DXR,CT,ANE,EN,Federal Contract Tower,0,0,2,0,2,0,0,11,0,11,0,0,13,0,13,16,0,16,29
01/12/2020,DXR,CT,ANE,EN,Federal Contract Tower,0,0,2,0,2,0,0,8,0,8,0,0,10,0,10,12,0,12,22
01/13/2020,DXR,CT,ANE,EN,Federal Contract Tower,0,0,9,0,9,0,0,4,0,4,0,0,13,0,13,20,0,20,33
01/14/2020,DXR,CT,ANE,EN,Federal Contract Tower,0,2,7,0,9,0,2,13,0,15,0,4,20,0,24,42,0,42,66
01/15/2020,DXR,CT,ANE,EN,Federal Contract Tower,0,2,5,0,7,0,6,109,0,115,0,8,114,0,122,80,4,84,206
01/16/2020,DXR,CT,ANE,EN,Federal Contract Tower,0,1,2,0,3,0,0,0,0,0,0,1,2,0,3,4,0,4,7
01/17/2020,DXR,CT,ANE,EN,Federal Contract Tower,0,0,2,0,2,0,4,47,0,51,0,4,49,0,53,12,0,12,65
01/18/2020,DXR,CT,ANE,EN,Federal Contract Tower,0,0,0,0,0,0,1,27,0,28,0,1,27,0,28,110,0,110,138
01/19/2020,DXR,CT,ANE,EN,Federal Contract Tower,0,1,1,0,2,0,1,40,0,41,0,2,41,0,43,40,0,40,83
01/21/2020,DXR,CT,ANE,EN,Federal Contract Tower,0,0,5,0,5,0,1,48,0,49,0,1,53,0,54,82,0,82,136
01/22/2020,DXR,CT,ANE,EN,Federal Contract Tower,0,0,0,0,0,0,3,119,0,122,0,3,119,0,122,116,6,122,244
01/23/2020,DXR,CT,ANE,EN,Federal Contract Tower,0,0,4,0,4,0,2,102,0,104,0,2,106,0,108,116,0,116,224
01/24/2020,DXR,CT,ANE,EN,Federal Contract Tower,0,0,3,0,3,0,3,94,0,97,0,3,97,0,100,80,0,80,180
01/25/2020,DXR,CT,ANE,EN,Federal Contract Tower,0,0,1,0,1,0,0,0,0,0,0,0,1,0,1,0,0,0,1
01/26/2020,DXR,CT,ANE,EN,Federal Contract Tower,0,0,2,0,2,0,2,64,0,66,0,2,66,0,68,134,0,134,202
01/27/2020,DXR,CT,ANE,EN,Federal Contract Tower,0,1,0,0,1,0,3,35,0,38,0,4,35,0,39,70,0,70,109
01/28/2020,DXR,CT,ANE,EN,Federal Contract Tower,0,5,0,0,5,0,2,20,2,24,0,7,20,2,29,46,0,46,75
01/29/2020,DXR,CT,ANE,EN,Federal Contract Tower,0,2,1,0,3,0,1,65,0,66,0,3,66,0,69,26,0,26,95
01/30/2020,DXR,CT,ANE,EN,Federal Contract Tower,0,0,2,0,2,0,3,62,0,65,0,3,64,0,67,166,0,166,233
01/31/2020,DXR,CT,ANE,EN,Federal Contract Tower,0,3,1,0,4,0,1,80,5,86,0,4,81,5,90,94,0,94,184
02/02/2020,DXR,CT,ANE,EN,Federal Contract Tower,0,2,5,0,7,0,0,58,10,68,0,2,63,10,75,128,0,128,203
02/03/2020,DXR,CT,ANE,EN,Federal Contract Tower,0,0,3,0,3,0,0,57,0,57,0,0,60,0,60,114,0,114,174
02/04/2020,DXR,CT,ANE,EN,Federal Contract Tower,0,1,4,0,5,0,2,36,0,38,0,3,40,0,43,58,0,58,101
02/05/2020,DXR,CT,ANE,EN,Federal Contract Tower,0,1,4,0,5,0,1,41,0,42,0,2,45,0,47,36,0,36,83
02/06/2020,DXR,CT,ANE,EN,Federal Contract Tower,0,0,0,0,0,0,0,0,0,0,0,0,0,0,0,0,0,0,0
02/07/2020,DXR,CT,ANE,EN,Federal Contract Tower,0,2,0,0,2,0,0,0,0,0,0,2,0,0,2,0,0,0,2
02/08/2020,DXR,CT,ANE,EN,Federal Contract Tower,0,0,5,0,5,0,3,55,0,58,0,3,60,0,63,130,0,130,193
02/09/2020,DXR,CT,ANE,EN,Federal Contract Tower,0,1,1,0,2,0,1,83,0,84,0,2,84,0,86,198,0,198,284
02/10/2020,DXR,CT,ANE,EN,Federal Contract Tower,0,1,2,0,3,0,0,0,0,0,0,1,2,0,3,0,0,0,3
02/11/2020,DXR,CT,ANE,EN,Federal Contract Tower,0,2,1,0,3,0,1,0,0,1,0,3,1,0,4,0,0,0,4
02/12/2020,DXR,CT,ANE,EN,Federal Contract Tower,0,0,3,0,3,0,3,116,0,119,0,3,119,0,122,68,0,68,190
02/13/2020,DXR,CT,ANE,EN,Federal Contract Tower,0,3,5,0,8,0,0,0,0,0,0,3,5,0,8,0,0,0,8
02/14/2020,DXR,CT,ANE,EN,Federal Contract Tower,0,0,2,0,2,0,6,43,0,49,0,6,45,0,51,10,0,10,61
02/15/2020,DXR,CT,ANE,EN,Federal Contract Tower,0,0,5,0,5,0,2,77,0,79,0,2,82,0,84,166,0,166,250
02/16/2020,DXR,CT,ANE,EN,Federal Contract Tower,0,1,0,0,1,0,2,101,2,105,0,3,101,2,106,110,0,110,216
02/17/2020,DXR,CT,ANE,EN,Federal Contract Tower,0,1,3,0,4,0,6,131,0,137,0,7,134,0,141,118,0,118,259
02/18/2020,DXR,CT,ANE,EN,Federal Contract Tower,0,0,6,0,6,0,0,0,0,0,0,0,6,0,6,0,0,0,6
02/19/2020,DXR,CT,ANE,EN,Federal Contract Tower,0,0,3,2,5,0,2,40,0,42,0,2,43,2,47,30,0,30,77
02/20/2020,DXR,CT,ANE,EN,Federal Contract Tower,0,0,1,0,1,0,0,60,0,60,0,0,61,0,61,80,0,80,141
02/21/2020,DXR,CT,ANE,EN,Federal Contract Tower,0,0,5,0,5,0,5,87,0,92,0,5,92,0,97,108,0,108,205
02/22/2020,DXR,CT,ANE,EN,Federal Contract Tower,0,0,2,0,2,0,2,95,0,97,0,2,97,0,99,138,0,138,237
02/23/2020,DXR,CT,ANE,EN,Federal Contract Tower,0,0,5,0,5,0,3,134,2,139,0,3,139,2,144,138,0,138,282
02/24/2020,DXR,CT,ANE,EN,Federal Contract Tower,0,0,5,0,5,0,1,112,0,113,0,1,117,0,118,134,2,136,254
02/25/2020,DXR,CT,ANE,EN,Federal Contract Tower,0,2,2,0,4,0,1,38,0,39,0,3,40,0,43,32,0,32,75
02/26/2020,DXR,CT,ANE,EN,Federal Contract Tower,0,1,5,0,6,0,0,0,0,0,0,1,5,0,6,0,0,0,6
02/27/2020,DXR,CT,ANE,EN,Federal Contract Tower,0,0,2,0,2,0,0,0,0,0,0,0,2,0,2,2,0,2,4
02/28/2020,DXR,CT,ANE,EN,Federal Contract Tower,0,0,4,0,4,0,6,29,0,35,0,6,33,0,39,8,0,8,47
02/29/2020,DXR,CT,ANE,EN,Federal Contract Tower,0,0,2,0,2,0,3,55,0,58,0,3,57,0,60,74,0,74,134
03/01/2020,DXR,CT,ANE,EN,Federal Contract Tower,0,1,2,0,3,0,5,93,0,98,0,6,95,0,101,70,0,70,171
03/02/2020,DXR,CT,ANE,EN,Federal Contract Tower,0,0,2,0,2,0,4,100,0,104,0,4,102,0,106,102,0,102,208
03/03/2020,DXR,CT,ANE,EN,Federal Contract Tower,0,0,3,0,3,0,0,31,0,31,0,0,34,0,34,60,0,60,94
03/04/2020,DXR,CT,ANE,EN,Federal Contract Tower,0,0,2,0,2,0,3,21,0,24,0,3,23,0,26,0,0,0,26
03/05/2020,DXR,CT,ANE,EN,Federal Contract Tower,0,0,2,0,2,0,4,111,3,118,0,4,113,3,120,156,4,160,280
03/06/2020,DXR,CT,ANE,EN,Federal Contract Tower,0,3,9,0,12,0,1,23,0,24,0,4,32,0,36,42,0,42,78
03/07/2020,DXR,CT,ANE,EN,Federal Contract Tower,0,0,3,0,3,0,4,20,0,24,0,4,23,0,27,0,0,0,27
03/08/2020,DXR,CT,ANE,EN,Federal Contract Tower,0,1,3,0,4,0,2,179,4,185,0,3,182,4,189,162,0,162,351
03/09/2020,DXR,CT,ANE,EN,Federal Contract Tower,0,1,0,0,1,0,3,91,0,94,0,4,91,0,95,70,0,70,165
03/10/2020,DXR,CT,ANE,EN,Federal Contract Tower,0,0,1,0,1,0,0,32,0,32,0,0,33,0,33,44,0,44,77
03/11/2020,DXR,CT,ANE,EN,Federal Contract Tower,0,1,2,0,3,0,2,89,0,91,0,3,91,0,94,116,0,116,210
03/12/2020,DXR,CT,ANE,EN,Federal Contract Tower,0,2,8,0,10,0,1,26,0,27,0,3,34,0,37,54,0,54,91
03/13/2020,DXR,CT,ANE,EN,Federal Contract Tower,0,1,2,0,3,0,2,9,0,11,0,3,11,0,14,4,0,4,18
03/14/2020,DXR,CT,ANE,EN,Federal Contract Tower,0,0,4,0,4,0,5,60,0,65,0,5,64,0,69,66,0,66,135
03/15/2020,DXR,CT,ANE,EN,Federal Contract Tower,0,0,2,0,2,0,2,112,0,114,0,2,114,0,116,96,0,96,212
03/16/2020,DXR,CT,ANE,EN,Federal Contract Tower,0,0,1,0,1,0,1,56,0,57,0,1,57,0,58,90,0,90,148
03/17/2020,DXR,CT,ANE,EN,Federal Contract Tower,0,0,0,0,0,0,0,1,0,1,0,0,1,0,1,0,0,0,1
03/18/2020,DXR,CT,ANE,EN,Federal Contract Tower,0,0,7,0,7,0,8,144,0,152,0,8,151,0,159,164,0,164,323
03/19/2020,DXR,CT,ANE,EN,Federal Contract Tower,0,0,0,0,0,0,0,0,0,0,0,0,0,0,0,0,0,0,0
03/20/2020,DXR,CT,ANE,EN,Federal Contract Tower,0,0,1,0,1,0,0,8,0,8,0,0,9,0,9,2,0,2,11
03/21/2020,DXR,CT,ANE,EN,Federal Contract Tower,0,2,0,0,2,0,2,47,0,49,0,4,47,0,51,28,0,28,79
03/22/2020,DXR,CT,ANE,EN,Federal Contract Tower,0,1,0,0,1,0,0,66,0,66,0,1,66,0,67,82,0,82,149
03/23/2020,DXR,CT,ANE,EN,Federal Contract Tower,0,0,0,0,0,0,0,0,0,0,0,0,0,0,0,0,0,0,0
03/24/2020,DXR,CT,ANE,EN,Federal Contract Tower,0,0,2,0,2,0,0,29,0,29,0,0,31,0,31,6,0,6,37
03/25/2020,DXR,CT,ANE,EN,Federal Contract Tower,0,3,2,0,5,0,1,1,0,2,0,4,3,0,7,0,0,0,7
03/26/2020,DXR,CT,ANE,EN,Federal Contract Tower,0,0,1,0,1,0,0,0,0,0,0,0,1,0,1,34,0,34,35
03/27/2020,DXR,CT,ANE,EN,Federal Contract Tower,0,0,1,0,1,0,2,30,0,32,0,2,31,0,33,26,0,26,59
03/28/2020,DXR,CT,ANE,EN,Federal Contract Tower,0,2,2,0,4,0,0,20,0,20,0,2,22,0,24,10,0,10,34
03/29/2020,DXR,CT,ANE,EN,Federal Contract Tower,0,0,0,0,0,0,0,0,0,0,0,0,0,0,0,0,0,0,0
03/30/2020,DXR,CT,ANE,EN,Federal Contract Tower,0,1,6,0,7,0,0,3,0,3,0,1,9,0,10,4,0,4,14
03/31/2020,DXR,CT,ANE,EN,Federal Contract Tower,0,2,0,0,2,0,0,11,0,11,0,2,11,0,13,0,0,0,13
04/01/2020,DXR,CT,ANE,EN,Federal Contract Tower,0,0,1,0,1,0,0,63,0,63,0,0,64,0,64,16,0,16,80
04/02/2020,DXR,CT,ANE,EN,Federal Contract Tower,0,1,0,0,1,0,0,1,5,6,0,1,1,5,7,2,0,2,9
04/03/2020,DXR,CT,ANE,EN,Federal Contract Tower,0,0,0,0,0,0,0,2,0,2,0,0,2,0,2,0,0,0,2
04/04/2020,DXR,CT,ANE,EN,Federal Contract Tower,0,0,6,0,6,0,0,41,0,41,0,0,47,0,47,38,0,38,85
04/05/2020,DXR,CT,ANE,EN,Federal Contract Tower,0,0,2,0,2,0,0,49,0,49,0,0,51,0,51,54,0,54,105
04/06/2020,DXR,CT,ANE,EN,Federal Contract Tower,0,0,1,0,1,0,0,70,0,70,0,0,71,0,71,12,0,12,83
04/07/2020,DXR,CT,ANE,EN,Federal Contract Tower,0,0,0,0,0,0,0,82,0,82,0,0,82,0,82,30,0,30,112
04/08/2020,DXR,CT,ANE,EN,Federal Contract Tower,0,0,2,0,2,0,0,11,0,11,0,0,13,0,13,6,0,6,19
04/09/2020,DXR,CT,ANE,EN,Federal Contract Tower,0,0,0,0,0,0,0,0,0,0,0,0,0,0,0,0,0,0,0
04/10/2020,DXR,CT,ANE,EN,Federal Contract Tower,0,0,0,0,0,0,2,2,0,4,0,2,2,0,4,0,0,0,4
04/11/2020,DXR,CT,ANE,EN,Federal Contract Tower,0,0,0,0,0,0,0,22,0,22,0,0,22,0,22,22,0,22,44
04/12/2020,DXR,CT,ANE,EN,Federal Contract Tower,0,0,0,0,0,0,0,71,0,71,0,0,71,0,71,16,0,16,87
04/13/2020,DXR,CT,ANE,EN,Federal Contract Tower,0,0,1,0,1,0,0,0,0,0,0,0,1,0,1,0,0,0,1
04/14/2020,DXR,CT,ANE,EN,Federal Contract Tower,0,2,3,0,5,0,0,73,0,73,0,2,76,0,78,52,0,52,130
04/15/2020,DXR,CT,ANE,EN,Federal Contract Tower,0,0,1,0,1,0,0,35,0,35,0,0,36,0,36,12,0,12,48
04/16/2020,DXR,CT,ANE,EN,Federal Contract Tower,0,0,6,0,6,0,0,24,0,24,0,0,30,0,30,0,0,0,30
04/17/2020,DXR,CT,ANE,EN,Federal Contract Tower,0,0,2,0,2,0,0,27,0,27,0,0,29,0,29,10,0,10,39
04/18/2020,DXR,CT,ANE,EN,Federal Contract Tower,0,0,1,0,1,0,0,10,0,10,0,0,11,0,11,0,0,0,11
04/19/2020,DXR,CT,ANE,EN,Federal Contract Tower,0,0,3,0,3,0,2,67,0,69,0,2,70,0,72,6,0,6,78
04/20/2020,DXR,CT,ANE,EN,Federal Contract Tower,0,0,1,0,1,0,1,55,0,56,0,1,56,0,57,36,0,36,93
04/21/2020,DXR,CT,ANE,EN,Federal Contract Tower,0,0,2,0,2,0,0,0,0,0,0,0,2,0,2,0,0,0,2
04/22/2020,DXR,CT,ANE,EN,Federal Contract Tower,0,0,0,0,0,0,0,11,0,11,0,0,11,0,11,6,0,6,17
04/23/2020,DXR,CT,ANE,EN,Federal Contract Tower,0,0,2,0,2,0,0,99,0,99,0,0,101,0,101,104,0,104,205
04/24/2020,DXR,CT,ANE,EN,Federal Contract Tower,0,0,1,0,1,0,0,0,0,0,0,0,1,0,1,0,0,0,1
04/25/2020,DXR,CT,ANE,EN,Federal Contract Tower,0,1,2,0,3,0,0,142,0,142,0,1,144,0,145,94,0,94,239
04/26/2020,DXR,CT,ANE,EN,Federal Contract Tower,0,3,2,0,5,0,0,1,0,1,0,3,3,0,6,8,0,8,14
04/27/2020,DXR,CT,ANE,EN,Federal Contract Tower,0,0,3,0,3,0,0,4,0,4,0,0,7,0,7,0,0,0,7
04/28/2020,DXR,CT,ANE,EN,Federal Contract Tower,0,0,2,0,2,0,0,94,0,94,0,0,96,0,96,36,0,36,132
04/29/2020,DXR,CT,ANE,EN,Federal Contract Tower,0,0,3,0,3,0,0,41,0,41,0,0,44,0,44,78,0,78,122
04/30/2020,DXR,CT,ANE,EN,Federal Contract Tower,0,0,1,0,1,0,0,0,0,0,0,0,1,0,1,0,0,0,1
05/01/2020,DXR,CT,ANE,EN,Federal Contract Tower,0,0,2,0,2,0,0,6,0,6,0,0,8,0,8,2,0,2,10
05/02/2020,DXR,CT,ANE,EN,Federal Contract Tower,0,3,3,0,6,0,3,89,0,92,0,6,92,0,98,38,0,38,136
05/03/2020,DXR,CT,ANE,EN,Federal Contract Tower,0,0,4,0,4,0,4,106,0,110,0,4,110,0,114,62,0,62,176
05/04/2020,DXR,CT,ANE,EN,Federal Contract Tower,0,0,4,0,4,0,2,46,0,48,0,2,50,0,52,34,0,34,86
05/05/2020,DXR,CT,ANE,EN,Federal Contract Tower,0,0,6,0,6,0,1,153,0,154,0,1,159,0,160,40,0,40,200
05/06/2020,DXR,CT,ANE,EN,Federal Contract Tower,0,1,0,0,1,0,5,24,0,29,0,6,24,0,30,38,0,38,68
05/07/2020,DXR,CT,ANE,EN,Federal Contract Tower,0,1,2,0,3,0,6,107,0,113,0,7,109,0,116,114,0,114,230
05/08/2020,DXR,CT,ANE,EN,Federal Contract Tower,0,0,1,0,1,0,3,36,0,39,0,3,37,0,40,50,0,50,90
05/09/2020,DXR,CT,ANE,EN,Federal Contract Tower,0,0,0,0,0,0,1,0,0,1,0,1,0,0,1,0,0,0,1
05/10/2020,DXR,CT,ANE,EN,Federal Contract Tower,0,0,1,0,1,0,0,29,0,29,0,0,30,0,30,16,0,16,46
05/11/2020,DXR,CT,ANE,EN,Federal Contract Tower,0,0,3,0,3,0,0,23,0,23,0,0,26,0,26,38,0,38,64
05/12/2020,DXR,CT,ANE,EN,Federal Contract Tower,0,0,0,0,0,0,0,70,0,70,0,0,70,0,70,50,0,50,120
05/13/2020,DXR,CT,ANE,EN,Federal Contract Tower,0,0,0,0,0,0,0,98,0,98,0,0,98,0,98,88,0,88,186
05/14/2020,DXR,CT,ANE,EN,Federal Contract Tower,0,2,0,0,2,0,3,143,0,146,0,5,143,0,148,180,0,180,328
05/15/2020,DXR,CT,ANE,EN,Federal Contract Tower,0,3,0,0,3,0,2,28,0,30,0,5,28,0,33,48,0,48,81
05/16/2020,DXR,CT,ANE,EN,Federal Contract Tower,0,0,1,0,1,0,2,114,0,116,0,2,115,0,117,62,0,62,179
05/17/2020,DXR,CT,ANE,EN,Federal Contract Tower,0,0,4,0,4,0,1,141,0,142,0,1,145,0,146,168,0,168,314
05/18/2020,DXR,CT,ANE,EN,Federal Contract Tower,0,0,1,0,1,0,0,43,0,43,0,0,44,0,44,62,0,62,106
05/19/2020,DXR,CT,ANE,EN,Federal Contract Tower,0,1,1,0,2,0,1,17,0,18,0,2,18,0,20,10,0,10,30
05/20/2020,DXR,CT,ANE,EN,Federal Contract Tower,0,0,4,0,4,0,0,100,0,100,0,0,104,0,104,66,0,66,170
05/21/2020,DXR,CT,ANE,EN,Federal Contract Tower,0,3,7,0,10,0,0,0,0,0,0,3,7,0,10,180,0,180,190
05/22/2020,DXR,CT,ANE,EN,Federal Contract Tower,0,0,8,0,8,0,5,95,0,100,0,5,103,0,108,206,0,206,314
05/23/2020,DXR,CT,ANE,EN,Federal Contract Tower,0,2,3,0,5,0,0,0,0,0,0,2,3,0,5,0,0,0,5
05/24/2020,DXR,CT,ANE,EN,Federal Contract Tower,0,0,1,0,1,0,0,90,0,90,0,0,91,0,91,130,0,130,221
05/25/2020,DXR,CT,ANE,EN,Federal Contract Tower,0,3,10,0,13,0,0,22,0,22,0,3,32,0,35,50,0,50,85
05/26/2020,DXR,CT,ANE,EN,Federal Contract Tower,0,0,5,0,5,0,3,69,0,72,0,3,74,0,77,40,0,40,117
05/27/2020,DXR,CT,ANE,EN,Federal Contract Tower,0,1,10,0,11,0,0,87,0,87,0,1,97,0,98,56,0,56,154
05/28/2020,DXR,CT,ANE,EN,Federal Contract Tower,0,2,7,0,9,0,0,0,0,0,0,2,7,0,9,0,0,0,9
05/29/2020,DXR,CT,ANE,EN,Federal Contract Tower,0,4,7,0,11,0,0,7,0,7,0,4,14,0,18,8,0,8,26
05/30/2020,DXR,CT,ANE,EN,Federal Contract Tower,0,1,4,0,5,0,2,86,0,88,0,3,90,0,93,116,0,116,209
05/31/2020,DXR,CT,ANE,EN,Federal Contract Tower,0,1,5,0,6,0,5,112,0,117,0,6,117,0,123,46,0,46,169
06/01/2020,DXR,CT,ANE,EN,Federal Contract Tower,0,0,3,0,3,0,4,108,0,112,0,4,111,0,115,126,0,126,241
06/02/2020,DXR,CT,ANE,EN,Federal Contract Tower,0,0,5,0,5,0,2,106,0,108,0,2,111,0,113,80,0,80,193
06/03/2020,DXR,CT,ANE,EN,Federal Contract Tower,0,0,2,0,2,0,0,55,0,55,0,0,57,0,57,58,0,58,115
06/04/2020,DXR,CT,ANE,EN,Federal Contract Tower,0,2,5,0,7,0,2,102,0,104,0,4,107,0,111,80,0,80,191
06/05/2020,DXR,CT,ANE,EN,Federal Contract Tower,0,7,3,0,10,0,1,6,0,7,0,8,9,0,17,18,0,18,35
06/06/2020,DXR,CT,ANE,EN,Federal Contract Tower,0,3,9,0,12,0,16,50,0,66,0,19,59,0,78,68,0,68,146
06/07/2020,DXR,CT,ANE,EN,Federal Contract Tower,0,1,3,0,4,0,4,64,0,68,0,5,67,0,72,6,0,6,78
06/08/2020,DXR,CT,ANE,EN,Federal Contract Tower,0,0,3,0,3,0,1,95,0,96,0,1,98,0,99,102,0,102,201
06/09/2020,DXR,CT,ANE,EN,Federal Contract Tower,0,0,3,0,3,0,3,144,0,147,0,3,147,0,150,162,0,162,312
06/10/2020,DXR,CT,ANE,EN,Federal Contract Tower,0,2,2,0,4,0,4,55,0,59,0,6,57,0,63,92,0,92,155
06/11/2020,DXR,CT,ANE,EN,Federal Contract Tower,0,4,8,0,12,0,0,3,0,3,0,4,11,0,15,6,0,6,21
06/12/2020,DXR,CT,ANE,EN,Federal Contract Tower,0,0,5,0,5,0,1,118,0,119,0,1,123,0,124,92,0,92,216
06/13/2020,DXR,CT,ANE,EN,Federal Contract Tower,0,1,1,0,2,0,3,51,0,54,0,4,52,0,56,30,0,30,86
06/14/2020,DXR,CT,ANE,EN,Federal Contract Tower,0,0,5,0,5,0,3,146,0,149,0,3,151,0,154,154,0,154,308
06/15/2020,DXR,CT,ANE,EN,Federal Contract Tower,0,0,5,0,5,0,0,106,0,106,0,0,111,0,111,178,0,178,289
06/16/2020,DXR,CT,ANE,EN,Federal Contract Tower,0,0,4,0,4,0,1,124,0,125,0,1,128,0,129,164,0,164,293
06/17/2020,DXR,CT,ANE,EN,Federal Contract Tower,0,0,6,0,6,0,5,102,0,107,0,5,108,0,113,86,0,86,199
06/18/2020,DXR,CT,ANE,EN,Federal Contract Tower,0,8,8,0,16,0,2,34,0,36,0,10,42,0,52,74,0,74,126
06/19/2020,DXR,CT,ANE,EN,Federal Contract Tower,0,1,5,0,6,0,6,89,0,95,0,7,94,0,101,74,0,74,175
06/20/2020,DXR,CT,ANE,EN,Federal Contract Tower,0,0,6,0,6,0,5,108,0,113,0,5,114,0,119,188,0,188,307
06/21/2020,DXR,CT,ANE,EN,Federal Contract Tower,0,0,6,0,6,0,5,158,0,163,0,5,164,0,169,146,0,146,315
06/22/2020,DXR,CT,ANE,EN,Federal Contract Tower,0,0,1,0,1,0,4,123,0,127,0,4,124,0,128,208,0,208,336
06/24/2020,DXR,CT,ANE,EN,Federal Contract Tower,0,1,4,0,5,0,3,60,0,63,0,4,64,0,68,70,0,70,138
06/25/2020,DXR,CT,ANE,EN,Federal Contract Tower,0,0,1,0,1,0,4,148,0,152,0,4,149,0,153,108,0,108,261
06/26/2020,DXR,CT,ANE,EN,Federal Contract Tower,0,1,5,0,6,0,6,148,0,154,0,7,153,0,160,190,0,190,350
06/27/2020,DXR,CT,ANE,EN,Federal Contract Tower,0,1,3,0,4,0,5,41,0,46,0,6,44,0,50,134,0,134,184
06/28/2020,DXR,CT,ANE,EN,Federal Contract Tower,0,4,3,0,7,0,6,95,0,101,0,10,98,0,108,158,0,158,266
06/29/2020,DXR,CT,ANE,EN,Federal Contract Tower,0,2,7,0,9,0,2,78,0,80,0,4,85,0,89,112,0,112,201
07/01/2020,DXR,CT,ANE,EN,Federal Contract Tower,0,3,13,0,16,0,6,41,0,47,0,9,54,0,63,36,0,36,99
07/02/2020,DXR,CT,ANE,EN,Federal Contract Tower,0,1,9,0,10,0,5,161,0,166,0,6,170,0,176,178,0,178,354
07/03/2020,DXR,CT,ANE,EN,Federal Contract Tower,0,4,5,0,9,0,4,40,0,44,0,8,45,0,53,60,0,60,113
07/04/2020,DXR,CT,ANE,EN,Federal Contract Tower,0,1,6,0,7,0,0,75,0,75,0,1,81,0,82,150,0,150,232
07/05/2020,DXR,CT,ANE,EN,Federal Contract Tower,0,3,7,0,10,0,15,125,0,140,0,18,132,0,150,102,0,102,252
07/06/2020,DXR,CT,ANE,EN,Federal Contract Tower,0,0,5,0,5,0,4,89,0,93,0,4,94,0,98,70,0,70,168
07/08/2020,DXR,CT,ANE,EN,Federal Contract Tower,0,3,7,0,10,0,7,15,0,22,0,10,22,0,32,30,0,30,62
07/09/2020,DXR,CT,ANE,EN,Federal Contract Tower,0,1,14,0,15,0,5,88,0,93,0,6,102,0,108,86,0,86,194
07/10/2020,DXR,CT,ANE,EN,Federal Contract Tower,0,6,7,0,13,0,0,0,0,0,0,6,7,0,13,0,0,0,13
07/11/2020,DXR,CT,ANE,EN,Federal Contract Tower,0,0,10,0,10,0,2,36,0,38,0,2,46,0,48,54,0,54,102
07/12/2020,DXR,CT,ANE,EN,Federal Contract Tower,0,2,3,0,5,0,7,134,0,141,0,9,137,0,146,40,0,40,186
07/13/2020,DXR,CT,ANE,EN,Federal Contract Tower,0,0,2,0,2,0,5,88,0,93,0,5,90,0,95,152,0,152,247
07/15/2020,DXR,CT,ANE,EN,Federal Contract Tower,0,3,8,0,11,0,6,58,0,64,0,9,66,0,75,38,0,38,113
07/16/2020,DXR,CT,ANE,EN,Federal Contract Tower,0,1,8,0,9,0,8,90,0,98,0,9,98,0,107,114,0,114,221
07/17/2020,DXR,CT,ANE,EN,Federal Contract Tower,0,5,9,0,14,0,6,2,0,8,0,11,11,0,22,16,0,16,38
07/18/2020,DXR,CT,ANE,EN,Federal Contract Tower,0,0,2,0,2,0,8,160,0,168,0,8,162,0,170,98,0,98,268
07/19/2020,DXR,CT,ANE,EN,Federal Contract Tower,0,0,4,0,4,0,8,130,0,138,0,8,134,0,142,122,0,122,264
07/20/2020,DXR,CT,ANE,EN,Federal Contract Tower,0,2,2,0,4,0,3,88,0,91,0,5,90,0,95,108,0,108,203
07/21/2020,DXR,CT,ANE,EN,Federal Contract Tower,0,2,4,0,6,0,5,123,3,131,0,7,127,3,137,108,0,108,245
07/22/2020,DXR,CT,ANE,EN,Federal Contract Tower,0,0,5,0,5,0,3,54,0,57,0,3,59,0,62,76,0,76,138
07/23/2020,DXR,CT,ANE,EN,Federal Contract Tower,0,8,5,0,13,0,9,46,0,55,0,17,51,0,68,62,0,62,130
07/24/2020,DXR,CT,ANE,EN,Federal Contract Tower,0,0,9,0,9,0,8,89,6,103,0,8,98,6,112,154,0,154,266
07/25/2020,DXR,CT,ANE,EN,Federal Contract Tower,0,1,5,0,6,0,8,152,0,160,0,9,157,0,166,102,0,102,268
07/26/2020,DXR,CT,ANE,EN,Federal Contract Tower,0,1,4,0,5,0,7,102,0,109,0,8,106,0,114,122,0,122,236
07/27/2020,DXR,CT,ANE,EN,Federal Contract Tower,0,2,5,0,7,0,6,120,0,126,0,8,125,0,133,80,0,80,213
07/28/2020,DXR,CT,ANE,EN,Federal Contract Tower,0,1,5,0,6,0,4,97,0,101,0,5,102,0,107,90,0,90,197
07/29/2020,DXR,CT,ANE,EN,Federal Contract Tower,0,4,2,0,6,0,8,121,0,129,0,12,123,0,135,56,0,56,191
07/30/2020,DXR,CT,ANE,EN,Federal Contract Tower,0,0,3,0,3,0,6,87,0,93,0,6,90,0,96,76,0,76,172
07/31/2020,DXR,CT,ANE,EN,Federal Contract Tower,0,0,6,0,6,0,7,98,0,105,0,7,104,0,111,110,0,110,221
08/01/2020,DXR,CT,ANE,EN,Federal Contract Tower,0,0,0,0,0,0,7,170,0,177,0,7,170,0,177,96,0,96,273
08/02/2020,DXR,CT,ANE,EN,Federal Contract Tower,0,2,10,0,12,0,1,4,0,5,0,3,14,0,17,0,0,0,17
08/03/2020,DXR,CT,ANE,EN,Federal Contract Tower,0,0,5,0,5,0,7,99,0,106,0,7,104,0,111,104,0,104,215
08/04/2020,DXR,CT,ANE,EN,Federal Contract Tower,0,1,4,0,5,0,0,0,0,0,0,1,4,0,5,0,0,0,5
08/05/2020,DXR,CT,ANE,EN,Federal Contract Tower,0,0,6,0,6,0,2,62,0,64,0,2,68,0,70,82,0,82,152
08/06/2020,DXR,CT,ANE,EN,Federal Contract Tower,0,0,1,0,1,0,4,103,0,107,0,4,104,0,108,100,0,100,208
08/07/2020,DXR,CT,ANE,EN,Federal Contract Tower,0,1,5,0,6,0,6,82,0,88,0,7,87,0,94,110,0,110,204
08/08/2020,DXR,CT,ANE,EN,Federal Contract Tower,0,1,12,0,13,0,7,86,0,93,0,8,98,0,106,208,0,208,314
08/09/2020,DXR,CT,ANE,EN,Federal Contract Tower,0,0,8,0,8,0,11,109,0,120,0,11,117,0,128,90,0,90,218
08/10/2020,DXR,CT,ANE,EN,Federal Contract Tower,0,0,5,0,5,0,5,101,0,106,0,5,106,0,111,54,0,54,165
08/11/2020,DXR,CT,ANE,EN,Federal Contract Tower,0,2,2,0,4,0,5,81,0,86,0,7,83,0,90,96,0,96,186
08/12/2020,DXR,CT,ANE,EN,Federal Contract Tower,0,2,9,0,11,0,8,67,0,75,0,10,76,0,86,66,0,66,152
08/13/2020,DXR,CT,ANE,EN,Federal Contract Tower,0,1,8,0,9,0,6,74,0,80,0,7,82,0,89,66,0,66,155
08/14/2020,DXR,CT,ANE,EN,Federal Contract Tower,0,0,10,0,10,0,4,108,0,112,0,4,118,0,122,68,0,68,190
08/15/2020,DXR,CT,ANE,EN,Federal Contract Tower,0,0,6,0,6,0,10,156,16,182,0,10,162,16,188,86,0,86,274
08/16/2020,DXR,CT,ANE,EN,Federal Contract Tower,0,9,19,0,28,0,0,0,0,0,0,9,19,0,28,0,0,0,28
08/17/2020,DXR,CT,ANE,EN,Federal Contract Tower,0,9,10,0,19,0,4,98,0,102,0,13,108,0,121,120,0,120,241
08/18/2020,DXR,CT,ANE,EN,Federal Contract Tower,0,0,8,0,8,0,4,128,0,132,0,4,136,0,140,110,0,110,250
08/19/2020,DXR,CT,ANE,EN,Federal Contract Tower,0,1,9,0,10,0,4,93,0,97,0,5,102,0,107,68,0,68,175
08/20/2020,DXR,CT,ANE,EN,Federal Contract Tower,0,0,3,0,3,0,6,148,4,158,0,6,151,4,161,66,0,66,227
08/21/2020,DXR,CT,ANE,EN,Federal Contract Tower,0,1,6,0,7,0,5,141,0,146,0,6,147,0,153,64,0,64,217
08/22/2020,DXR,CT,ANE,EN,Federal Contract Tower,0,0,2,0,2,0,7,128,0,135,0,7,130,0,137,132,0,132,269
08/23/2020,DXR,CT,ANE,EN,Federal Contract Tower,0,1,8,0,9,0,3,134,0,137,0,4,142,0,146,96,0,96,242
08/24/2020,DXR,CT,ANE,EN,Federal Contract Tower,0,1,8,0,9,0,6,60,0,66,0,7,68,0,75,84,0,84,159
08/25/2020,DXR,CT,ANE,EN,Federal Contract Tower,0,0,4,0,4,0,2,57,2,61,0,2,61,2,65,50,0,50,115
08/26/2020,DXR,CT,ANE,EN,Federal Contract Tower,0,0,2,0,2,0,5,126,0,131,0,5,128,0,133,68,0,68,201
08/27/2020,DXR,CT,ANE,EN,Federal Contract Tower,0,0,12,0,12,0,2,29,0,31,0,2,41,0,43,14,0,14,57
08/28/2020,DXR,CT,ANE,EN,Federal Contract Tower,0,1,6,0,7,0,6,105,0,111,0,7,111,0,118,140,0,140,258
08/29/2020,DXR,CT,ANE,EN,Federal Contract Tower,0,10,3,0,13,0,0,2,0,2,0,10,5,0,15,0,0,0,15
08/30/2020,DXR,CT,ANE,EN,Federal Contract Tower,0,0,2,0,2,0,5,120,0,125,0,5,122,0,127,90,0,90,217
08/31/2020,DXR,CT,ANE,EN,Federal Contract Tower,0,0,0,0,0,0,13,146,0,159,0,13,146,0,159,142,0,142,301
09/01/2020,DXR,CT,ANE,EN,Federal Contract Tower,0,3,14,0,17,0,0,85,0,85,0,3,99,0,102,86,0,86,188
09/02/2020,DXR,CT,ANE,EN,Federal Contract Tower,0,11,3,0,14,0,0,3,0,3,0,11,6,0,17,0,0,0,17
09/03/2020,DXR,CT,ANE,EN,Federal Contract Tower,0,0,2,0,2,0,6,89,0,95,0,6,91,0,97,80,0,80,177
09/04/2020,DXR,CT,ANE,EN,Federal Contract Tower,0,2,6,0,8,0,5,143,0,148,0,7,149,0,156,100,0,100,256
09/05/2020,DXR,CT,ANE,EN,Federal Contract Tower,0,0,7,0,7,0,8,149,0,157,0,8,156,0,164,112,0,112,276
09/06/2020,DXR,CT,ANE,EN,Federal Contract Tower,0,0,4,0,4,0,5,134,0,139,0,5,138,0,143,62,0,62,205
09/07/2020,DXR,CT,ANE,EN,Federal Contract Tower,0,0,5,0,5,0,13,111,0,124,0,13,116,0,129,42,0,42,171
09/08/2020,DXR,CT,ANE,EN,Federal Contract Tower,0,2,10,0,12,0,5,94,12,111,0,7,104,12,123,56,0,56,179
09/09/2020,DXR,CT,ANE,EN,Federal Contract Tower,0,1,8,0,9,0,0,76,2,78,0,1,84,2,87,68,0,68,155
09/10/2020,DXR,CT,ANE,EN,Federal Contract Tower,0,3,5,0,8,0,1,8,0,9,0,4,13,0,17,6,0,6,23
09/12/2020,DXR,CT,ANE,EN,Federal Contract Tower,0,1,3,0,4,0,6,171,0,177,0,7,174,0,181,146,0,146,327
09/13/2020,DXR,CT,ANE,EN,Federal Contract Tower,0,1,19,0,20,0,7,102,9,118,0,8,121,9,138,154,0,154,292
09/14/2020,DXR,CT,ANE,EN,Federal Contract Tower,0,1,6,0,7,0,8,66,0,74,0,9,72,0,81,58,0,58,139
09/15/2020,DXR,CT,ANE,EN,Federal Contract Tower,0,0,5,0,5,0,4,134,0,138,0,4,139,0,143,114,0,114,257
09/16/2020,DXR,CT,ANE,EN,Federal Contract Tower,0,0,8,0,8,0,2,103,0,105,0,2,111,0,113,32,0,32,145
09/17/2020,DXR,CT,ANE,EN,Federal Contract Tower,0,0,0,0,0,0,3,91,0,94,0,3,91,0,94,66,0,66,160
09/18/2020,DXR,CT,ANE,EN,Federal Contract Tower,0,2,3,0,5,0,5,75,0,80,0,7,78,0,85,66,0,66,151
09/19/2020,DXR,CT,ANE,EN,Federal Contract Tower,0,1,1,0,2,0,4,157,0,161,0,5,158,0,163,76,0,76,239
09/20/2020,DXR,CT,ANE,EN,Federal Contract Tower,0,2,5,0,7,0,8,137,0,145,0,10,142,0,152,56,0,56,208
09/21/2020,DXR,CT,ANE,EN,Federal Contract Tower,0,0,1,0,1,0,2,110,0,112,0,2,111,0,113,70,0,70,183
09/22/2020,DXR,CT,ANE,EN,Federal Contract Tower,0,0,3,0,3,0,5,88,0,93,0,5,91,0,96,66,0,66,162
09/23/2020,DXR,CT,ANE,EN,Federal Contract Tower,0,1,0,0,1,0,7,112,0,119,0,8,112,0,120,86,0,86,206
09/24/2020,DXR,CT,ANE,EN,Federal Contract Tower,0,0,6,0,6,0,13,144,0,157,0,13,150,0,163,114,0,114,277
09/25/2020,DXR,CT,ANE,EN,Federal Contract Tower,0,1,10,0,11,0,9,120,0,129,0,10,130,0,140,90,0,90,230
09/26/2020,DXR,CT,ANE,EN,Federal Contract Tower,0,2,10,0,12,0,0,48,0,48,0,2,58,0,60,142,0,142,202
09/27/2020,DXR,CT,ANE,EN,Federal Contract Tower,0,10,22,0,32,0,1,65,0,66,0,11,87,0,98,70,0,70,168
09/28/2020,DXR,CT,ANE,EN,Federal Contract Tower,0,5,2,0,7,0,4,46,0,50,0,9,48,0,57,113,0,113,170
09/29/2020,DXR,CT,ANE,EN,Federal Contract Tower,0,2,10,0,12,0,0,1,0,1,0,2,11,0,13,0,0,0,13
09/30/2020,DXR,CT,ANE,EN,Federal Contract Tower,0,2,5,0,7,0,2,23,0,25,0,4,28,0,32,0,0,0,32
10/01/2020,DXR,CT,ANE,EN,Federal Contract Tower,0,0,6,0,6,0,10,90,0,100,0,10,96,0,106,116,0,116,222
10/02/2020,DXR,CT,ANE,EN,Federal Contract Tower,0,1,6,0,7,0,2,50,0,52,0,3,56,0,59,62,0,62,121
10/03/2020,DXR,CT,ANE,EN,Federal Contract Tower,0,0,3,0,3,0,2,163,0,165,0,2,166,0,168,144,0,144,312
10/04/2020,DXR,CT,ANE,EN,Federal Contract Tower,0,0,7,0,7,0,1,156,0,157,0,1,163,0,164,180,0,180,344
10/05/2020,DXR,CT,ANE,EN,Federal Contract Tower,0,1,10,1,12,0,2,36,0,38,0,3,46,1,50,76,0,76,126
10/06/2020,DXR,CT,ANE,EN,Federal Contract Tower,0,2,7,0,9,0,1,65,0,66,0,3,72,0,75,52,0,52,127
10/07/2020,DXR,CT,ANE,EN,Federal Contract Tower,0,1,6,0,7,0,4,43,0,47,0,5,49,0,54,46,0,46,100
10/08/2020,DXR,CT,ANE,EN,Federal Contract Tower,0,3,5,0,8,0,8,88,0,96,0,11,93,0,104,24,0,24,128
10/09/2020,DXR,CT,ANE,EN,Federal Contract Tower,0,0,3,0,3,0,10,159,0,169,0,10,162,0,172,104,0,104,276
10/10/2020,DXR,CT,ANE,EN,Federal Contract Tower,0,0,7,0,7,0,4,94,0,98,0,4,101,0,105,54,0,54,159
10/11/2020,DXR,CT,ANE,EN,Federal Contract Tower,0,0,5,0,5,0,4,155,0,159,0,4,160,0,164,240,0,240,404
10/12/2020,DXR,CT,ANE,EN,Federal Contract Tower,0,15,11,0,26,0,1,1,0,2,0,16,12,0,28,0,0,0,28
10/13/2020,DXR,CT,ANE,EN,Federal Contract Tower,0,7,12,0,19,0,0,0,0,0,0,7,12,0,19,0,0,0,19
10/14/2020,DXR,CT,ANE,EN,Federal Contract Tower,0,0,6,0,6,0,5,146,0,151,0,5,152,0,157,62,0,62,219
10/15/2020,DXR,CT,ANE,EN,Federal Contract Tower,0,0,14,0,14,0,10,149,0,159,0,10,163,0,173,94,0,94,267
10/16/2020,DXR,CT,ANE,EN,Federal Contract Tower,0,9,11,0,20,0,0,2,0,2,0,9,13,0,22,6,0,6,28
10/17/2020,DXR,CT,ANE,EN,Federal Contract Tower,0,6,3,0,9,0,11,114,0,125,0,17,117,0,134,58,0,58,192
10/18/2020,DXR,CT,ANE,EN,Federal Contract Tower,0,0,10,0,10,0,7,149,0,156,0,7,159,0,166,112,0,112,278
10/19/2020,DXR,CT,ANE,EN,Federal Contract Tower,0,1,2,0,3,0,4,66,0,70,0,5,68,0,73,90,0,90,163
10/20/2020,DXR,CT,ANE,EN,Federal Contract Tower,0,2,15,0,17,0,1,14,0,15,0,3,29,0,32,20,0,20,52
10/21/2020,DXR,CT,ANE,EN,Federal Contract Tower,0,3,11,0,14,0,0,4,0,4,0,3,15,0,18,4,0,4,22
10/22/2020,DXR,CT,ANE,EN,Federal Contract Tower,0,5,13,0,18,0,3,70,0,73,0,8,83,0,91,48,0,48,139
10/23/2020,DXR,CT,ANE,EN,Federal Contract Tower,0,7,25,0,32,0,0,0,0,0,0,7,25,0,32,0,0,0,32
10/24/2020,DXR,CT,ANE,EN,Federal Contract Tower,0,4,17,0,21,0,0,11,0,11,0,4,28,0,32,14,0,14,46
10/25/2020,DXR,CT,ANE,EN,Federal Contract Tower,0,1,4,0,5,0,7,176,0,183,0,8,180,0,188,170,0,170,358
10/26/2020,DXR,CT,ANE,EN,Federal Contract Tower,0,7,5,0,12,0,0,0,0,0,0,7,5,0,12,0,0,0,12
10/27/2020,DXR,CT,ANE,EN,Federal Contract Tower,0,1,8,0,9,0,9,109,0,118,0,10,117,0,127,168,0,168,295
10/28/2020,DXR,CT,ANE,EN,Federal Contract Tower,0,5,7,0,12,0,1,3,0,4,0,6,10,0,16,0,0,0,16
10/29/2020,DXR,CT,ANE,EN,Federal Contract Tower,0,2,6,0,8,0,0,0,0,0,0,2,6,0,8,0,0,0,8
10/30/2020,DXR,CT,ANE,EN,Federal Contract Tower,0,1,6,0,7,0,1,6,0,7,0,2,12,0,14,8,0,8,22
10/31/2020,DXR,CT,ANE,EN,Federal Contract Tower,0,0,6,0,6,0,6,165,0,171,0,6,171,0,177,182,0,182,359
11/01/2020,DXR,CT,ANE,EN,Federal Contract Tower,0,2,6,0,8,0,1,46,0,47,0,3,52,0,55,56,0,56,111
11/02/2020,DXR,CT,ANE,EN,Federal Contract Tower,0,0,0,0,0,0,1,4,0,5,0,1,4,0,5,0,0,0,5
11/03/2020,DXR,CT,ANE,EN,Federal Contract Tower,0,0,3,0,3,0,5,41,0,46,0,5,44,0,49,36,0,36,85
11/04/2020,DXR,CT,ANE,EN,Federal Contract Tower,0,2,4,0,6,0,5,169,0,174,0,7,173,0,180,76,0,76,256
11/05/2020,DXR,CT,ANE,EN,Federal Contract Tower,0,0,7,0,7,0,6,113,0,119,0,6,120,0,126,70,0,70,196
11/06/2020,DXR,CT,ANE,EN,Federal Contract Tower,0,0,5,0,5,0,5,134,0,139,0,5,139,0,144,108,0,108,252
11/07/2020,DXR,CT,ANE,EN,Federal Contract Tower,0,0,1,0,1,0,3,160,0,163,0,3,161,0,164,182,0,182,346
11/08/2020,DXR,CT,ANE,EN,Federal Contract Tower,0,0,7,0,7,0,7,151,0,158,0,7,158,0,165,150,0,150,315
11/09/2020,DXR,CT,ANE,EN,Federal Contract Tower,0,0,3,0,3,0,4,137,0,141,0,4,140,0,144,146,0,146,290
11/11/2020,DXR,CT,ANE,EN,Federal Contract Tower,0,2,8,0,10,0,0,0,0,0,0,2,8,0,10,0,0,0,10
11/12/2020,DXR,CT,ANE,EN,Federal Contract Tower,0,1,4,0,5,0,2,16,0,18,0,3,20,0,23,8,0,8,31
11/13/2020,DXR,CT,ANE,EN,Federal Contract Tower,0,5,6,0,11,0,2,2,0,4,0,7,8,0,15,6,0,6,21
11/14/2020,DXR,CT,ANE,EN,Federal Contract Tower,0,1,5,0,6,0,4,184,0,188,0,5,189,0,194,94,0,94,288
11/15/2020,DXR,CT,ANE,EN,Federal Contract Tower,0,0,6,0,6,0,2,54,0,56,0,2,60,0,62,88,0,88,150
11/16/2020,DXR,CT,ANE,EN,Federal Contract Tower,0,0,2,0,2,0,3,52,0,55,0,3,54,0,57,38,0,38,95
11/17/2020,DXR,CT,ANE,EN,Federal Contract Tower,0,1,6,0,7,0,2,43,0,45,0,3,49,0,52,136,0,136,188
11/18/2020,DXR,CT,ANE,EN,Federal Contract Tower,0,0,2,0,2,0,6,35,0,41,0,6,37,0,43,22,0,22,65
11/19/2020,DXR,CT,ANE,EN,Federal Contract Tower,0,0,3,0,3,0,1,89,0,90,0,1,92,0,93,112,0,112,205
11/20/2020,DXR,CT,ANE,EN,Federal Contract Tower,0,1,3,0,4,0,10,133,0,143,0,11,136,0,147,68,0,68,215
11/21/2020,DXR,CT,ANE,EN,Federal Contract Tower,0,4,8,0,12,0,2,197,0,199,0,6,205,0,211,182,0,182,393
11/22/2020,DXR,CT,ANE,EN,Federal Contract Tower,0,0,0,0,0,0,3,63,0,66,0,3,63,0,66,44,0,44,110
11/23/2020,DXR,CT,ANE,EN,Federal Contract Tower,0,1,3,0,4,0,1,10,0,11,0,2,13,0,15,0,0,0,15
11/24/2020,DXR,CT,ANE,EN,Federal Contract Tower,0,0,7,0,7,0,7,123,0,130,0,7,130,0,137,180,0,180,317
11/25/2020,DXR,CT,ANE,EN,Federal Contract Tower,0,1,10,0,11,0,11,70,0,81,0,12,80,0,92,106,0,106,198
11/26/2020,DXR,CT,ANE,EN,Federal Contract Tower,0,3,2,0,5,0,0,6,0,6,0,3,8,0,11,4,0,4,15
11/27/2020,DXR,CT,ANE,EN,Federal Contract Tower,0,2,7,0,9,0,5,123,0,128,0,7,130,0,137,110,0,110,247
11/28/2020,DXR,CT,ANE,EN,Federal Contract Tower,0,2,6,0,8,0,7,94,0,101,0,9,100,0,109,142,0,142,251
11/29/2020,DXR,CT,ANE,EN,Federal Contract Tower,0,1,1,0,2,0,13,219,0,232,0,14,220,0,234,78,0,78,312
11/30/2020,DXR,CT,ANE,EN,Federal Contract Tower,0,1,2,0,3,0,0,0,0,0,0,1,2,0,3,0,0,0,3
12/01/2020,DXR,CT,ANE,EN,Federal Contract Tower,0,2,7,0,9,0,3,22,0,25,0,5,29,0,34,16,0,16,50
12/02/2020,DXR,CT,ANE,EN,Federal Contract Tower,0,0,5,0,5,0,7,49,0,56,0,7,54,0,61,96,0,96,157
12/03/2020,DXR,CT,ANE,EN,Federal Contract Tower,0,0,5,0,5,0,2,120,0,122,0,2,125,0,127,152,0,152,279
12/04/2020,DXR,CT,ANE,EN,Federal Contract Tower,0,1,1,0,2,0,6,50,0,56,0,7,51,0,58,52,0,52,110
12/05/2020,DXR,CT,ANE,EN,Federal Contract Tower,0,0,1,0,1,0,0,0,0,0,0,0,1,0,1,0,0,0,1
12/06/2020,DXR,CT,ANE,EN,Federal Contract Tower,0,0,3,0,3,0,4,53,0,57,0,4,56,0,60,4,0,4,64
12/07/2020,DXR,CT,ANE,EN,Federal Contract Tower,0,1,1,0,2,0,1,67,0,68,0,2,68,0,70,86,0,86,156
12/08/2020,DXR,CT,ANE,EN,Federal Contract Tower,0,0,0,0,0,0,0,64,0,64,0,0,64,0,64,90,0,90,154
12/09/2020,DXR,CT,ANE,EN,Federal Contract Tower,0,0,1,0,1,0,0,41,0,41,0,0,42,0,42,66,0,66,108
12/10/2020,DXR,CT,ANE,EN,Federal Contract Tower,0,0,3,0,3,0,3,101,0,104,0,3,104,0,107,36,0,36,143
12/11/2020,DXR,CT,ANE,EN,Federal Contract Tower,0,0,8,0,8,0,4,141,0,145,0,4,149,0,153,98,0,98,251
12/12/2020,DXR,CT,ANE,EN,Federal Contract Tower,0,3,1,0,4,0,0,0,0,0,0,3,1,0,4,0,0,0,4
12/13/2020,DXR,CT,ANE,EN,Federal Contract Tower,0,0,6,0,6,0,7,134,0,141,0,7,140,0,147,184,0,184,331
12/14/2020,DXR,CT,ANE,EN,Federal Contract Tower,0,2,2,0,4,0,1,2,0,3,0,3,4,0,7,16,0,16,23
12/15/2020,DXR,CT,ANE,EN,Federal Contract Tower,0,0,1,0,1,0,6,66,0,72,0,6,67,0,73,78,0,78,151
12/16/2020,DXR,CT,ANE,EN,Federal Contract Tower,0,0,3,0,3,0,3,28,0,31,0,3,31,0,34,24,0,24,58
12/17/2020,DXR,CT,ANE,EN,Federal Contract Tower,0,0,1,0,1,0,0,2,0,2,0,0,3,0,3,0,0,0,3
12/18/2020,DXR,CT,ANE,EN,Federal Contract Tower,0,0,4,0,4,0,3,30,0,33,0,3,34,0,37,4,0,4,41
12/19/2020,DXR,CT,ANE,EN,Federal Contract Tower,0,0,8,0,8,0,6,47,0,53,0,6,55,0,61,50,0,50,111
12/20/2020,DXR,CT,ANE,EN,Federal Contract Tower,0,3,1,0,4,0,1,5,0,6,0,4,6,0,10,0,0,0,10
12/21/2020,DXR,CT,ANE,EN,Federal Contract Tower,0,2,3,0,5,0,2,19,2,23,0,4,22,2,28,20,0,20,48
12/22/2020,DXR,CT,ANE,EN,Federal Contract Tower,0,0,5,0,5,0,2,60,0,62,0,2,65,0,67,66,0,66,133
12/23/2020,DXR,CT,ANE,EN,Federal Contract Tower,0,1,4,0,5,0,2,137,0,139,0,3,141,0,144,100,0,100,244
12/24/2020,DXR,CT,ANE,EN,Federal Contract Tower,0,1,0,0,1,0,1,12,0,13,0,2,12,0,14,2,0,2,16
12/25/2020,DXR,CT,ANE,EN,Federal Contract Tower,0,1,1,0,2,0,0,0,0,0,0,1,1,0,2,0,0,0,2
12/26/2020,DXR,CT,ANE,EN,Federal Contract Tower,0,1,4,0,5,0,4,48,0,52,0,5,52,0,57,126,0,126,183
12/27/2020,DXR,CT,ANE,EN,Federal Contract Tower,0,3,7,0,10,0,3,165,0,168,0,6,172,0,178,124,0,124,302
12/28/2020,DXR,CT,ANE,EN,Federal Contract Tower,0,3,1,0,4,0,6,63,0,69,0,9,64,0,73,140,0,140,213
12/29/2020,DXR,CT,ANE,EN,Federal Contract Tower,0,1,4,0,5,0,3,44,2,49,0,4,48,2,54,58,0,58,112
12/30/2020,DXR,CT,ANE,EN,Federal Contract Tower,0,1,4,0,5,0,2,95,0,97,0,3,99,0,102,104,0,104,206
12/31/2020,DXR,CT,ANE,EN,Federal Contract Tower,0,2,1,0,3,0,0,31,0,31,0,2,32,0,34,114,0,114,148
01/01/2021,DXR,CT,ANE,EN,Federal Contract Tower,0,0,4,0,4,0,2,43,0,45,0,2,47,0,49,36,0,36,85
01/02/2021,DXR,CT,ANE,EN,Federal Contract Tower,0,0,2,0,2,0,1,22,0,23,0,1,24,0,25,8,0,8,33
01/03/2021,DXR,CT,ANE,EN,Federal Contract Tower,0,3,5,0,8,0,0,8,0,8,0,3,13,0,16,0,0,0,16
01/04/2021,DXR,CT,ANE,EN,Federal Contract Tower,0,2,7,0,9,0,2,64,0,66,0,4,71,0,75,106,0,106,181
01/05/2021,DXR,CT,ANE,EN,Federal Contract Tower,0,1,7,0,8,0,3,41,0,44,0,4,48,0,52,84,0,84,136
01/06/2021,DXR,CT,ANE,EN,Federal Contract Tower,0,1,3,0,4,0,0,32,0,32,0,1,35,0,36,30,0,30,66
01/07/2021,DXR,CT,ANE,EN,Federal Contract Tower,0,1,1,0,2,0,4,52,0,56,0,5,53,0,58,10,0,10,68
01/08/2021,DXR,CT,ANE,EN,Federal Contract Tower,0,0,3,0,3,0,9,111,0,120,0,9,114,0,123,214,0,214,337
01/09/2021,DXR,CT,ANE,EN,Federal Contract Tower,0,2,3,0,5,0,1,98,0,99,0,3,101,0,104,100,0,100,204
01/10/2021,DXR,CT,ANE,EN,Federal Contract Tower,0,0,1,0,1,0,2,115,0,117,0,2,116,0,118,112,0,112,230
01/11/2021,DXR,CT,ANE,EN,Federal Contract Tower,0,1,5,0,6,0,1,72,0,73,0,2,77,0,79,48,0,48,127
01/12/2021,DXR,CT,ANE,EN,Federal Contract Tower,0,4,5,0,9,0,2,108,0,110,0,6,113,0,119,98,0,98,217
01/13/2021,DXR,CT,ANE,EN,Federal Contract Tower,0,0,2,0,2,0,4,81,0,85,0,4,83,0,87,102,0,102,189
01/14/2021,DXR,CT,ANE,EN,Federal Contract Tower,0,4,2,0,6,0,4,112,0,116,0,8,114,0,122,126,0,126,248
01/15/2021,DXR,CT,ANE,EN,Federal Contract Tower,0,0,7,0,7,0,0,0,0,0,0,0,7,0,7,0,0,0,7
01/16/2021,DXR,CT,ANE,EN,Federal Contract Tower,0,4,1,0,5,0,0,4,0,4,0,4,5,0,9,0,0,0,9
01/17/2021,DXR,CT,ANE,EN,Federal Contract Tower,0,0,5,0,5,0,0,41,0,41,0,0,46,0,46,30,0,30,76
01/18/2021,DXR,CT,ANE,EN,Federal Contract Tower,0,1,7,0,8,0,6,100,0,106,0,7,107,0,114,72,0,72,186
01/19/2021,DXR,CT,ANE,EN,Federal Contract Tower,0,0,4,0,4,0,0,81,0,81,0,0,85,0,85,106,0,106,191
01/20/2021,DXR,CT,ANE,EN,Federal Contract Tower,0,0,1,0,1,0,0,12,0,12,0,0,13,0,13,2,0,2,15
01/21/2021,DXR,CT,ANE,EN,Federal Contract Tower,0,3,5,0,8,0,1,70,1,72,0,4,75,1,80,116,0,116,196
01/22/2021,DXR,CT,ANE,EN,Federal Contract Tower,0,2,4,0,6,0,1,55,0,56,0,3,59,0,62,42,0,42,104
01/23/2021,DXR,CT,ANE,EN,Federal Contract Tower,0,0,1,0,1,0,1,12,0,13,0,1,13,0,14,0,0,0,14
01/24/2021,DXR,CT,ANE,EN,Federal Contract Tower,0,0,3,0,3,0,2,22,0,24,0,2,25,0,27,6,0,6,33
01/25/2021,DXR,CT,ANE,EN,Federal Contract Tower,0,0,3,0,3,0,7,90,0,97,0,7,93,0,100,66,0,66,166
01/26/2021,DXR,CT,ANE,EN,Federal Contract Tower,0,0,3,0,3,0,0,28,0,28,0,0,31,0,31,38,0,38,69
01/27/2021,DXR,CT,ANE,EN,Federal Contract Tower,0,1,1,0,2,0,1,12,0,13,0,2,13,0,15,20,6,26,41
01/28/2021,DXR,CT,ANE,EN,Federal Contract Tower,0,0,2,0,2,0,6,24,0,30,0,6,26,0,32,0,0,0,32
01/29/2021,DXR,CT,ANE,EN,Federal Contract Tower,0,1,2,0,3,0,2,11,0,13,0,3,13,0,16,0,0,0,16
01/30/2021,DXR,CT,ANE,EN,Federal Contract Tower,0,1,9,0,10,0,1,74,0,75,0,2,83,0,85,112,0,112,197
01/31/2021,DXR,CT,ANE,EN,Federal Contract Tower,0,0,2,0,2,0,4,87,0,91,0,4,89,0,93,72,0,72,165
02/01/2021,DXR,CT,ANE,EN,Federal Contract Tower,0,0,0,0,0,0,0,0,0,0,0,0,0,0,0,0,0,0,0
02/02/2021,DXR,CT,ANE,EN,Federal Contract Tower,0,1,1,0,2,0,0,0,0,0,0,1,1,0,2,0,0,0,2
02/03/2021,DXR,CT,ANE,EN,Federal Contract Tower,0,2,7,0,9,0,0,22,0,22,0,2,29,0,31,0,0,0,31
02/04/2021,DXR,CT,ANE,EN,Federal Contract Tower,0,0,0,0,0,0,1,99,0,100,0,1,99,0,100,56,0,56,156
02/05/2021,DXR,CT,ANE,EN,Federal Contract Tower,0,7,2,0,9,0,1,5,0,6,0,8,7,0,15,0,0,0,15
02/06/2021,DXR,CT,ANE,EN,Federal Contract Tower,0,0,3,0,3,0,4,78,0,82,0,4,81,0,85,22,0,22,107
02/07/2021,DXR,CT,ANE,EN,Federal Contract Tower,0,1,1,0,2,0,0,0,0,0,0,1,1,0,2,0,0,0,2
02/08/2021,DXR,CT,ANE,EN,Federal Contract Tower,0,0,0,0,0,0,0,8,0,8,0,0,8,0,8,18,0,18,26
02/09/2021,DXR,CT,ANE,EN,Federal Contract Tower,0,0,3,0,3,0,0,1,0,1,0,0,4,0,4,0,0,0,4
02/10/2021,DXR,CT,ANE,EN,Federal Contract Tower,0,0,1,0,1,0,3,49,0,52,0,3,50,0,53,34,0,34,87
02/11/2021,DXR,CT,ANE,EN,Federal Contract Tower,0,1,1,0,2,0,2,42,0,44,0,3,43,0,46,20,0,20,66
02/12/2021,DXR,CT,ANE,EN,Federal Contract Tower,0,0,2,0,2,0,2,69,0,71,0,2,71,0,73,68,0,68,141
02/13/2021,DXR,CT,ANE,EN,Federal Contract Tower,0,0,5,0,5,0,2,104,0,106,0,2,109,0,111,82,0,82,193
02/14/2021,DXR,CT,ANE,EN,Federal Contract Tower,0,2,3,0,5,0,2,9,0,11,0,4,12,0,16,6,0,6,22
02/15/2021,DXR,CT,ANE,EN,Federal Contract Tower,0,6,3,0,9,0,0,0,0,0,0,6,3,0,9,0,0,0,9
02/16/2021,DXR,CT,ANE,EN,Federal Contract Tower,0,0,0,0,0,0,0,19,0,19,0,0,19,0,19,22,0,22,41
02/17/2021,DXR,CT,ANE,EN,Federal Contract Tower,0,0,1,0,1,0,2,65,0,67,0,2,66,0,68,58,0,58,126
02/18/2021,DXR,CT,ANE,EN,Federal Contract Tower,0,0,1,0,1,0,0,1,0,1,0,0,2,0,2,0,0,0,2
02/19/2021,DXR,CT,ANE,EN,Federal Contract Tower,0,4,3,0,7,0,0,0,0,0,0,4,3,0,7,0,0,0,7
02/20/2021,DXR,CT,ANE,EN,Federal Contract Tower,0,0,3,0,3,0,1,20,0,21,0,1,23,0,24,24,0,24,48
02/21/2021,DXR,CT,ANE,EN,Federal Contract Tower,0,1,4,0,5,0,7,126,0,133,0,8,130,0,138,58,0,58,196
02/22/2021,DXR,CT,ANE,EN,Federal Contract Tower,0,1,1,0,2,0,5,10,0,15,0,6,11,0,17,8,0,8,25
02/23/2021,DXR,CT,ANE,EN,Federal Contract Tower,0,0,6,1,7,0,0,39,1,40,0,0,45,2,47,24,0,24,71
02/24/2021,DXR,CT,ANE,EN,Federal Contract Tower,0,0,6,0,6,0,1,85,0,86,0,1,91,0,92,98,0,98,190
02/25/2021,DXR,CT,ANE,EN,Federal Contract Tower,0,0,5,0,5,0,1,36,0,37,0,1,41,0,42,4,0,4,46
02/26/2021,DXR,CT,ANE,EN,Federal Contract Tower,0,2,5,0,7,0,4,125,0,129,0,6,130,0,136,110,0,110,246
02/27/2021,DXR,CT,ANE,EN,Federal Contract Tower,0,2,2,0,4,0,0,1,0,1,0,2,3,0,5,0,0,0,5
02/28/2021,DXR,CT,ANE,EN,Federal Contract Tower,0,1,6,0,7,0,5,63,0,68,0,6,69,0,75,112,0,112,187
03/01/2021,DXR,CT,ANE,EN,Federal Contract Tower,0,4,2,0,6,0,1,6,0,7,0,5,8,0,13,0,0,0,13
03/02/2021,DXR,CT,ANE,EN,Federal Contract Tower,0,0,2,0,2,0,2,8,0,10,0,2,10,0,12,2,0,2,14
03/03/2021,DXR,CT,ANE,EN,Federal Contract Tower,0,0,1,0,1,0,1,142,0,143,0,1,143,0,144,94,0,94,238
03/04/2021,DXR,CT,ANE,EN,Federal Contract Tower,0,1,4,0,5,0,3,24,0,27,0,4,28,0,32,26,0,26,58
03/05/2021,DXR,CT,ANE,EN,Federal Contract Tower,0,0,6,0,6,0,5,39,0,44,0,5,45,0,50,10,0,10,60
03/06/2021,DXR,CT,ANE,EN,Federal Contract Tower,0,0,3,0,3,0,2,85,0,87,0,2,88,0,90,82,0,82,172
03/07/2021,DXR,CT,ANE,EN,Federal Contract Tower,0,0,8,0,8,0,7,178,0,185,0,7,186,0,193,150,0,150,343
03/08/2021,DXR,CT,ANE,EN,Federal Contract Tower,0,0,4,0,4,0,2,83,0,85,0,2,87,0,89,76,0,76,165
03/09/2021,DXR,CT,ANE,EN,Federal Contract Tower,0,2,0,0,2,0,6,92,0,98,0,8,92,0,100,72,2,74,174
03/10/2021,DXR,CT,ANE,EN,Federal Contract Tower,0,0,4,0,4,0,2,138,0,140,0,2,142,0,144,86,0,86,230
03/11/2021,DXR,CT,ANE,EN,Federal Contract Tower,0,2,3,0,5,0,1,96,0,97,0,3,99,0,102,106,0,106,208
03/12/2021,DXR,CT,ANE,EN,Federal Contract Tower,0,1,1,0,2,0,5,78,0,83,0,6,79,0,85,22,0,22,107
03/13/2021,DXR,CT,ANE,EN,Federal Contract Tower,0,1,5,0,6,0,0,116,0,116,0,1,121,0,122,94,0,94,216
03/14/2021,DXR,CT,ANE,EN,Federal Contract Tower,0,2,0,0,2,0,3,28,0,31,0,5,28,0,33,24,0,24,57
03/15/2021,DXR,CT,ANE,EN,Federal Contract Tower,0,0,2,0,2,0,2,26,0,28,0,2,28,0,30,14,0,14,44
03/16/2021,DXR,CT,ANE,EN,Federal Contract Tower,0,1,5,0,6,0,0,83,0,83,0,1,88,0,89,114,0,114,203
03/17/2021,DXR,CT,ANE,EN,Federal Contract Tower,0,2,3,0,5,0,1,2,0,3,0,3,5,0,8,2,0,2,10
03/18/2021,DXR,CT,ANE,EN,Federal Contract Tower,0,4,2,0,6,0,0,0,0,0,0,4,2,0,6,0,0,0,6
03/19/2021,DXR,CT,ANE,EN,Federal Contract Tower,0,0,2,0,2,0,6,25,0,31,0,6,27,0,33,4,0,4,37
03/20/2021,DXR,CT,ANE,EN,Federal Contract Tower,0,2,6,0,8,0,7,138,0,145,0,9,144,0,153,78,8,86,239
03/21/2021,DXR,CT,ANE,EN,Federal Contract Tower,0,1,7,0,8,0,5,199,0,204,0,6,206,0,212,130,0,130,342
03/22/2021,DXR,CT,ANE,EN,Federal Contract Tower,0,0,3,0,3,0,1,121,0,122,0,1,124,0,125,62,0,62,187
03/23/2021,DXR,CT,ANE,EN,Federal Contract Tower,0,0,4,0,4,0,1,111,0,112,0,1,115,0,116,154,0,154,270
03/24/2021,DXR,CT,ANE,EN,Federal Contract Tower,0,2,1,0,3,0,0,16,0,16,0,2,17,0,19,52,0,52,71
03/25/2021,DXR,CT,ANE,EN,Federal Contract Tower,0,3,8,0,11,0,1,61,0,62,0,4,69,0,73,76,0,76,149
03/26/2021,DXR,CT,ANE,EN,Federal Contract Tower,0,3,2,0,5,0,1,3,0,4,0,4,5,0,9,0,0,0,9
03/27/2021,DXR,CT,ANE,EN,Federal Contract Tower,0,1,9,0,10,0,0,201,0,201,0,1,210,0,211,158,0,158,369
03/28/2021,DXR,CT,ANE,EN,Federal Contract Tower,0,4,1,0,5,0,0,0,0,0,0,4,1,0,5,0,0,0,5
03/29/2021,DXR,CT,ANE,EN,Federal Contract Tower,0,1,4,0,5,0,1,4,0,5,0,2,8,0,10,0,0,0,10
03/30/2021,DXR,CT,ANE,EN,Federal Contract Tower,0,1,3,0,4,0,3,132,3,138,0,4,135,3,142,121,6,127,269
03/31/2021,DXR,CT,ANE,EN,Federal Contract Tower,0,1,6,2,9,0,0,7,0,7,0,1,13,2,16,18,0,18,34
04/01/2021,DXR,CT,ANE,EN,Federal Contract Tower,0,4,2,0,6,0,2,6,0,8,0,6,8,0,14,0,0,0,14
04/02/2021,DXR,CT,ANE,EN,Federal Contract Tower,0,0,8,0,8,0,2,49,0,51,0,2,57,0,59,26,0,26,85
04/03/2021,DXR,CT,ANE,EN,Federal Contract Tower,0,3,3,0,6,0,2,168,0,170,0,5,171,0,176,90,0,90,266
04/04/2021,DXR,CT,ANE,EN,Federal Contract Tower,0,0,7,0,7,0,3,100,0,103,0,3,107,0,110,74,0,74,184
04/05/2021,DXR,CT,ANE,EN,Federal Contract Tower,0,0,6,0,6,0,5,56,0,61,0,5,62,0,67,8,0,8,75
04/06/2021,DXR,CT,ANE,EN,Federal Contract Tower,0,0,2,0,2,0,1,105,0,106,0,1,107,0,108,96,0,96,204
04/07/2021,DXR,CT,ANE,EN,Federal Contract Tower,0,1,2,0,3,0,4,141,0,145,0,5,143,0,148,170,0,170,318
04/08/2021,DXR,CT,ANE,EN,Federal Contract Tower,0,2,6,0,8,0,1,116,0,117,0,3,122,0,125,124,0,124,249
04/09/2021,DXR,CT,ANE,EN,Federal Contract Tower,0,1,13,0,14,0,1,108,0,109,0,2,121,0,123,106,0,106,229
04/10/2021,DXR,CT,ANE,EN,Federal Contract Tower,0,1,24,0,25,0,0,56,0,56,0,1,80,0,81,68,0,68,149
04/11/2021,DXR,CT,ANE,EN,Federal Contract Tower,0,2,4,0,6,0,0,0,0,0,0,2,4,0,6,0,0,0,6
04/12/2021,DXR,CT,ANE,EN,Federal Contract Tower,0,4,9,0,13,0,0,8,0,8,0,4,17,0,21,18,0,18,39
04/13/2021,DXR,CT,ANE,EN,Federal Contract Tower,0,0,7,0,7,0,2,104,0,106,0,2,111,0,113,180,6,186,299
04/14/2021,DXR,CT,ANE,EN,Federal Contract Tower,0,0,3,0,3,0,3,136,0,139,0,3,139,0,142,162,0,162,304
04/15/2021,DXR,CT,ANE,EN,Federal Contract Tower,0,3,6,0,9,0,0,0,0,0,0,3,6,0,9,0,0,0,9
04/16/2021,DXR,CT,ANE,EN,Federal Contract Tower,0,2,8,0,10,0,2,19,0,21,0,4,27,0,31,14,0,14,45
04/17/2021,DXR,CT,ANE,EN,Federal Contract Tower,0,1,3,0,4,0,2,92,0,94,0,3,95,0,98,130,0,130,228
04/18/2021,DXR,CT,ANE,EN,Federal Contract Tower,0,0,12,0,12,0,2,143,0,145,0,2,155,0,157,138,0,138,295
04/19/2021,DXR,CT,ANE,EN,Federal Contract Tower,0,0,6,0,6,0,2,89,0,91,0,2,95,0,97,62,0,62,159
04/20/2021,DXR,CT,ANE,EN,Federal Contract Tower,0,0,4,0,4,0,4,78,0,82,0,4,82,0,86,38,0,38,124
04/21/2021,DXR,CT,ANE,EN,Federal Contract Tower,0,0,5,0,5,0,4,19,1,24,0,4,24,1,29,10,0,10,39
04/22/2021,DXR,CT,ANE,EN,Federal Contract Tower,0,0,0,0,0,0,4,8,0,12,0,4,8,0,12,8,0,8,20
04/23/2021,DXR,CT,ANE,EN,Federal Contract Tower,0,1,3,0,4,0,4,46,0,50,0,5,49,0,54,32,0,32,86
04/24/2021,DXR,CT,ANE,EN,Federal Contract Tower,0,0,3,0,3,0,5,142,0,147,0,5,145,0,150,126,0,126,276
04/25/2021,DXR,CT,ANE,EN,Federal Contract Tower,0,2,12,0,14,0,7,14,0,21,0,9,26,0,35,10,0,10,45
04/26/2021,DXR,CT,ANE,EN,Federal Contract Tower,0,0,4,0,4,0,6,42,0,48,0,6,46,0,52,8,0,8,60
04/27/2021,DXR,CT,ANE,EN,Federal Contract Tower,0,1,1,0,2,0,0,103,0,103,0,1,104,0,105,70,0,70,175
04/28/2021,DXR,CT,ANE,EN,Federal Contract Tower,0,0,2,0,2,0,1,125,0,126,0,1,127,0,128,94,0,94,222
04/29/2021,DXR,CT,ANE,EN,Federal Contract Tower,0,2,6,0,8,0,2,21,0,23,0,4,27,0,31,53,0,53,84
04/30/2021,DXR,CT,ANE,EN,Federal Contract Tower,0,0,9,0,9,0,4,13,0,17,0,4,22,0,26,0,0,0,26
05/01/2021,DXR,CT,ANE,EN,Federal Contract Tower,0,0,2,0,2,0,0,61,0,61,0,0,63,0,63,44,0,44,107
05/02/2021,DXR,CT,ANE,EN,Federal Contract Tower,0,0,9,0,9,0,2,98,0,100,0,2,107,0,109,72,0,72,181
05/03/2021,DXR,CT,ANE,EN,Federal Contract Tower,0,2,6,0,8,0,2,45,0,47,0,4,51,0,55,90,0,90,145
05/04/2021,DXR,CT,ANE,EN,Federal Contract Tower,0,7,13,0,20,0,0,3,0,3,0,7,16,0,23,10,0,10,33
05/05/2021,DXR,CT,ANE,EN,Federal Contract Tower,0,5,7,0,12,0,0,0,0,0,0,5,7,0,12,0,0,0,12
05/06/2021,DXR,CT,ANE,EN,Federal Contract Tower,0,0,4,0,4,0,3,96,0,99,0,3,100,0,103,82,0,82,185
05/07/2021,DXR,CT,ANE,EN,Federal Contract Tower,0,0,9,0,9,0,6,133,0,139,0,6,142,0,148,76,0,76,224
05/08/2021,DXR,CT,ANE,EN,Federal Contract Tower,0,1,5,0,6,0,1,82,0,83,0,2,87,0,89,192,0,192,281
05/09/2021,DXR,CT,ANE,EN,Federal Contract Tower,0,0,6,0,6,0,2,109,0,111,0,2,115,0,117,162,0,162,279
05/10/2021,DXR,CT,ANE,EN,Federal Contract Tower,0,1,5,0,6,0,2,52,0,54,0,3,57,0,60,66,0,66,126
05/11/2021,DXR,CT,ANE,EN,Federal Contract Tower,0,0,2,0,2,0,0,47,0,47,0,0,49,0,49,14,0,14,63
05/12/2021,DXR,CT,ANE,EN,Federal Contract Tower,0,4,4,0,8,0,5,101,0,106,0,9,105,0,114,46,0,46,160
05/13/2021,DXR,CT,ANE,EN,Federal Contract Tower,0,2,5,0,7,0,2,142,0,144,0,4,147,0,151,144,0,144,295
05/14/2021,DXR,CT,ANE,EN,Federal Contract Tower,0,0,2,0,2,0,4,118,0,122,0,4,120,0,124,108,0,108,232
05/15/2021,DXR,CT,ANE,EN,Federal Contract Tower,0,3,4,0,7,0,3,144,0,147,0,6,148,0,154,128,0,128,282
05/16/2021,DXR,CT,ANE,EN,Federal Contract Tower,0,2,9,0,11,0,4,93,0,97,0,6,102,0,108,62,0,62,170
05/17/2021,DXR,CT,ANE,EN,Federal Contract Tower,0,0,3,0,3,0,2,96,0,98,0,2,99,0,101,92,0,92,193
05/18/2021,DXR,CT,ANE,EN,Federal Contract Tower,0,1,1,0,2,0,2,66,0,68,0,3,67,0,70,172,0,172,242
05/19/2021,DXR,CT,ANE,EN,Federal Contract Tower,0,2,2,0,4,0,3,105,0,108,0,5,107,0,112,56,0,56,168
05/20/2021,DXR,CT,ANE,EN,Federal Contract Tower,0,0,5,0,5,0,4,93,0,97,0,4,98,0,102,76,0,76,178
05/21/2021,DXR,CT,ANE,EN,Federal Contract Tower,0,4,5,0,9,0,5,107,0,112,0,9,112,0,121,88,0,88,209
05/22/2021,DXR,CT,ANE,EN,Federal Contract Tower,0,0,4,0,4,0,6,110,0,116,0,6,114,0,120,142,0,142,262
05/23/2021,DXR,CT,ANE,EN,Federal Contract Tower,0,1,6,0,7,0,7,98,0,105,0,8,104,0,112,104,0,104,216
05/24/2021,DXR,CT,ANE,EN,Federal Contract Tower,0,0,6,0,6,0,5,82,0,87,0,5,88,0,93,86,0,86,179
05/25/2021,DXR,CT,ANE,EN,Federal Contract Tower,0,0,2,0,2,0,5,94,0,99,0,5,96,0,101,52,0,52,153
05/26/2021,DXR,CT,ANE,EN,Federal Contract Tower,0,0,6,0,6,0,9,72,0,81,0,9,78,0,87,144,0,144,231
05/27/2021,DXR,CT,ANE,EN,Federal Contract Tower,0,2,5,0,7,0,11,108,0,119,0,13,113,0,126,94,0,94,220
05/28/2021,DXR,CT,ANE,EN,Federal Contract Tower,0,1,7,0,8,0,10,65,0,75,0,11,72,0,83,74,0,74,157
05/29/2021,DXR,CT,ANE,EN,Federal Contract Tower,0,4,2,0,6,0,0,0,0,0,0,4,2,0,6,0,0,0,6
05/30/2021,DXR,CT,ANE,EN,Federal Contract Tower,0,10,3,0,13,0,0,0,0,0,0,10,3,0,13,0,0,0,13
05/31/2021,DXR,CT,ANE,EN,Federal Contract Tower,0,9,13,0,22,0,11,82,0,93,0,20,95,0,115,0,106,106,221
06/01/2021,DXR,CT,ANE,EN,Federal Contract Tower,0,0,1,0,1,0,12,89,0,101,0,12,90,0,102,74,0,74,176
06/02/2021,DXR,CT,ANE,EN,Federal Contract Tower,0,1,9,0,10,0,5,108,0,113,0,6,117,0,123,76,4,80,203
06/03/2021,DXR,CT,ANE,EN,Federal Contract Tower,0,2,6,0,8,0,0,1,0,1,0,2,7,0,9,0,0,0,9
06/04/2021,DXR,CT,ANE,EN,Federal Contract Tower,0,3,10,0,13,0,10,34,0,44,0,13,44,0,57,48,0,48,105
06/05/2021,DXR,CT,ANE,EN,Federal Contract Tower,0,1,7,0,8,0,0,130,0,130,0,1,137,0,138,106,0,106,244
06/07/2021,DXR,CT,ANE,EN,Federal Contract Tower,0,0,5,0,5,0,8,84,0,92,0,8,89,0,97,74,0,74,171
06/08/2021,DXR,CT,ANE,EN,Federal Contract Tower,0,2,9,0,11,0,2,40,2,44,0,4,49,2,55,38,0,38,93
06/09/2021,DXR,CT,ANE,EN,Federal Contract Tower,0,4,4,0,8,0,5,82,0,87,0,9,86,0,95,108,0,108,203
06/10/2021,DXR,CT,ANE,EN,Federal Contract Tower,0,4,8,0,12,0,6,101,0,107,0,10,109,0,119,72,0,72,191
06/11/2021,DXR,CT,ANE,EN,Federal Contract Tower,0,0,8,0,8,0,10,107,0,117,0,10,115,0,125,92,0,92,217
06/12/2021,DXR,CT,ANE,EN,Federal Contract Tower,0,3,22,0,25,0,1,58,0,59,0,4,80,0,84,94,0,94,178
06/13/2021,DXR,CT,ANE,EN,Federal Contract Tower,0,1,10,0,11,0,6,171,0,177,0,7,181,0,188,116,0,116,304
06/14/2021,DXR,CT,ANE,EN,Federal Contract Tower,0,3,6,0,9,0,0,1,0,1,0,3,7,0,10,0,0,0,10
06/15/2021,DXR,CT,ANE,EN,Federal Contract Tower,0,0,6,0,6,0,2,93,0,95,0,2,99,0,101,46,0,46,147
06/16/2021,DXR,CT,ANE,EN,Federal Contract Tower,0,1,5,0,6,0,7,101,0,108,0,8,106,0,114,38,0,38,152
06/17/2021,DXR,CT,ANE,EN,Federal Contract Tower,0,0,5,0,5,0,5,131,0,136,0,5,136,0,141,86,0,86,227
06/18/2021,DXR,CT,ANE,EN,Federal Contract Tower,0,1,5,0,6,0,1,138,0,139,0,2,143,0,145,104,0,104,249
06/19/2021,DXR,CT,ANE,EN,Federal Contract Tower,0,2,5,0,7,0,3,125,0,128,0,5,130,0,135,86,0,86,221
06/20/2021,DXR,CT,ANE,EN,Federal Contract Tower,0,1,12,0,13,0,9,184,0,193,0,10,196,0,206,64,0,64,270
06/21/2021,DXR,CT,ANE,EN,Federal Contract Tower,0,4,13,0,17,0,5,39,0,44,0,9,52,0,61,30,0,30,91
06/22/2021,DXR,CT,ANE,EN,Federal Contract Tower,0,1,10,0,11,0,1,12,0,13,0,2,22,0,24,2,0,2,26
06/23/2021,DXR,CT,ANE,EN,Federal Contract Tower,0,1,1,0,2,0,6,170,0,176,0,7,171,0,178,136,6,142,320
06/24/2021,DXR,CT,ANE,EN,Federal Contract Tower,0,6,5,0,11,0,8,155,0,163,0,14,160,0,174,99,0,99,273
06/25/2021,DXR,CT,ANE,EN,Federal Contract Tower,0,11,21,0,32,0,5,61,0,66,0,16,82,0,98,38,0,38,136
06/26/2021,DXR,CT,ANE,EN,Federal Contract Tower,0,5,16,0,21,0,5,43,0,48,0,10,59,0,69,42,0,42,111
06/27/2021,DXR,CT,ANE,EN,Federal Contract Tower,0,5,18,0,23,0,10,92,0,102,0,15,110,0,125,116,0,116,241
06/28/2021,DXR,CT,ANE,EN,Federal Contract Tower,0,1,2,0,3,0,4,108,0,112,0,5,110,0,115,60,0,60,175
06/29/2021,DXR,CT,ANE,EN,Federal Contract Tower,0,1,1,0,2,0,10,112,0,122,0,11,113,0,124,66,0,66,190
06/30/2021,DXR,CT,ANE,EN,Federal Contract Tower,0,0,6,0,6,0,12,102,0,114,0,12,108,0,120,82,0,82,202
07/01/2021,DXR,CT,ANE,EN,Federal Contract Tower,0,3,9,0,12,0,8,27,0,35,0,11,36,0,47,38,0,38,85
07/02/2021,DXR,CT,ANE,EN,Federal Contract Tower,0,12,14,0,26,0,0,7,0,7,0,12,21,0,33,18,0,18,51
07/03/2021,DXR,CT,ANE,EN,Federal Contract Tower,0,6,12,0,18,0,0,1,0,1,0,6,13,0,19,6,0,6,25
07/04/2021,DXR,CT,ANE,EN,Federal Contract Tower,0,5,10,0,15,0,2,54,0,56,0,7,64,0,71,18,0,18,89
07/05/2021,DXR,CT,ANE,EN,Federal Contract Tower,0,5,22,0,27,0,7,59,0,66,0,12,81,0,93,80,0,80,173
07/06/2021,DXR,CT,ANE,EN,Federal Contract Tower,0,0,0,0,0,0,5,79,2,86,0,5,79,2,86,54,0,54,140
07/07/2021,DXR,CT,ANE,EN,Federal Contract Tower,0,0,2,0,2,0,4,67,0,71,0,4,69,0,73,46,0,46,119
07/08/2021,DXR,CT,ANE,EN,Federal Contract Tower,0,3,8,0,11,0,0,11,0,11,0,3,19,0,22,0,0,0,22
07/09/2021,DXR,CT,ANE,EN,Federal Contract Tower,0,3,7,0,10,0,4,52,1,57,0,7,59,1,67,28,0,28,95
07/10/2021,DXR,CT,ANE,EN,Federal Contract Tower,0,6,26,0,32,0,3,85,0,88,0,9,111,0,120,64,0,64,184
07/11/2021,DXR,CT,ANE,EN,Federal Contract Tower,0,10,22,0,32,0,6,32,0,38,0,16,54,0,70,50,0,50,120
07/12/2021,DXR,CT,ANE,EN,Federal Contract Tower,0,8,13,0,21,0,1,4,0,5,0,9,17,0,26,10,0,10,36
07/13/2021,DXR,CT,ANE,EN,Federal Contract Tower,0,7,10,0,17,0,0,0,0,0,0,7,10,0,17,0,0,0,17
07/14/2021,DXR,CT,ANE,EN,Federal Contract Tower,0,3,6,0,9,0,4,56,0,60,0,7,62,0,69,68,0,68,137
07/15/2021,DXR,CT,ANE,EN,Federal Contract Tower,0,2,6,0,8,0,4,169,0,173,0,6,175,0,181,116,0,116,297
07/16/2021,DXR,CT,ANE,EN,Federal Contract Tower,0,3,5,0,8,0,10,133,0,143,0,13,138,0,151,86,0,86,237
07/17/2021,DXR,CT,ANE,EN,Federal Contract Tower,0,3,6,0,9,0,4,99,0,103,0,7,105,0,112,104,0,104,216
07/18/2021,DXR,CT,ANE,EN,Federal Contract Tower,0,4,10,0,14,0,1,39,0,40,0,5,49,0,54,50,0,50,104
07/19/2021,DXR,CT,ANE,EN,Federal Contract Tower,0,6,13,0,19,0,3,78,2,83,0,9,91,2,102,148,0,148,250
07/20/2021,DXR,CT,ANE,EN,Federal Contract Tower,0,0,14,0,14,0,3,117,0,120,0,3,131,0,134,174,0,174,308
07/21/2021,DXR,CT,ANE,EN,Federal Contract Tower,0,3,6,0,9,0,4,84,0,88,0,7,90,0,97,26,2,28,125
07/22/2021,DXR,CT,ANE,EN,Federal Contract Tower,0,0,5,0,5,0,6,135,0,141,0,6,140,0,146,130,0,130,276
07/23/2021,DXR,CT,ANE,EN,Federal Contract Tower,0,4,5,0,9,0,8,143,0,151,0,12,148,0,160,70,0,70,230
07/24/2021,DXR,CT,ANE,EN,Federal Contract Tower,0,4,12,0,16,0,6,174,0,180,0,10,186,0,196,84,0,84,280
07/25/2021,DXR,CT,ANE,EN,Federal Contract Tower,0,8,14,0,22,0,2,25,0,27,0,10,39,0,49,18,0,18,67
07/26/2021,DXR,CT,ANE,EN,Federal Contract Tower,0,0,9,0,9,0,6,153,0,159,0,6,162,0,168,140,0,140,308
07/27/2021,DXR,CT,ANE,EN,Federal Contract Tower,0,0,1,0,1,0,5,100,0,105,0,5,101,0,106,120,2,122,228
07/28/2021,DXR,CT,ANE,EN,Federal Contract Tower,0,2,7,0,9,0,9,93,0,102,0,11,100,0,111,74,0,74,185
07/29/2021,DXR,CT,ANE,EN,Federal Contract Tower,0,2,7,0,9,0,3,2,0,5,0,5,9,0,14,0,0,0,14
07/30/2021,DXR,CT,ANE,EN,Federal Contract Tower,0,0,14,0,14,0,11,111,0,122,0,11,125,0,136,104,0,104,240
07/31/2021,DXR,CT,ANE,EN,Federal Contract Tower,0,4,7,0,11,0,7,170,0,177,0,11,177,0,188,108,0,108,296
08/01/2021,DXR,CT,ANE,EN,Federal Contract Tower,0,1,6,0,7,0,4,107,0,111,0,5,113,0,118,142,0,142,260
08/02/2021,DXR,CT,ANE,EN,Federal Contract Tower,0,0,5,0,5,0,7,108,0,115,0,7,113,0,120,92,0,92,212
08/03/2021,DXR,CT,ANE,EN,Federal Contract Tower,0,3,7,0,10,0,6,137,0,143,0,9,144,0,153,178,0,178,331
08/04/2021,DXR,CT,ANE,EN,Federal Contract Tower,0,0,6,0,6,0,3,114,0,117,0,3,120,0,123,140,0,140,263
08/05/2021,DXR,CT,ANE,EN,Federal Contract Tower,0,4,19,0,23,0,2,30,0,32,0,6,49,0,55,48,0,48,103
08/06/2021,DXR,CT,ANE,EN,Federal Contract Tower,0,8,12,0,20,0,4,164,0,168,0,12,176,0,188,138,0,138,326
08/07/2021,DXR,CT,ANE,EN,Federal Contract Tower,0,2,7,0,9,0,2,105,0,107,0,4,112,0,116,112,0,112,228
08/08/2021,DXR,CT,ANE,EN,Federal Contract Tower,0,2,13,0,15,0,7,57,0,64,0,9,70,0,79,54,0,54,133
08/09/2021,DXR,CT,ANE,EN,Federal Contract Tower,0,10,20,0,30,0,1,26,0,27,0,11,46,0,57,56,0,56,113
08/10/2021,DXR,CT,ANE,EN,Federal Contract Tower,0,6,23,0,29,0,1,11,0,12,0,7,34,0,41,4,0,4,45
08/11/2021,DXR,CT,ANE,EN,Federal Contract Tower,0,2,5,0,7,0,3,69,0,72,0,5,74,0,79,48,0,48,127
08/12/2021,DXR,CT,ANE,EN,Federal Contract Tower,0,0,2,0,2,0,8,72,0,80,0,8,74,0,82,26,0,26,108
08/13/2021,DXR,CT,ANE,EN,Federal Contract Tower,0,2,2,0,4,0,4,117,0,121,0,6,119,0,125,160,0,160,285
08/14/2021,DXR,CT,ANE,EN,Federal Contract Tower,0,3,9,0,12,0,13,92,0,105,0,16,101,0,117,62,0,62,179
08/15/2021,DXR,CT,ANE,EN,Federal Contract Tower,0,1,4,0,5,0,10,155,0,165,0,11,159,0,170,99,0,99,269
08/16/2021,DXR,CT,ANE,EN,Federal Contract Tower,0,0,9,0,9,0,6,154,0,160,0,6,163,0,169,120,0,120,289
08/17/2021,DXR,CT,ANE,EN,Federal Contract Tower,0,3,4,0,7,0,8,98,0,106,0,11,102,0,113,70,0,70,183
08/18/2021,DXR,CT,ANE,EN,Federal Contract Tower,0,6,8,0,14,0,4,28,0,32,0,10,36,0,46,46,0,46,92
08/19/2021,DXR,CT,ANE,EN,Federal Contract Tower,0,4,11,0,15,0,0,10,0,10,0,4,21,0,25,0,0,0,25
08/20/2021,DXR,CT,ANE,EN,Federal Contract Tower,0,1,16,0,17,0,6,92,0,98,0,7,108,0,115,58,0,58,173
08/21/2021,DXR,CT,ANE,EN,Federal Contract Tower,0,6,21,0,27,0,3,31,0,34,0,9,52,0,61,24,0,24,85
08/22/2021,DXR,CT,ANE,EN,Federal Contract Tower,0,0,1,0,1,0,0,0,0,0,0,0,1,0,1,0,0,0,1
08/23/2021,DXR,CT,ANE,EN,Federal Contract Tower,0,3,9,0,12,0,1,0,0,1,0,4,9,0,13,0,0,0,13
08/24/2021,DXR,CT,ANE,EN,Federal Contract Tower,0,5,2,0,7,0,13,124,0,137,0,18,126,0,144,72,0,72,216
08/25/2021,DXR,CT,ANE,EN,Federal Contract Tower,0,0,8,0,8,0,1,153,0,154,0,1,161,0,162,166,0,166,328
08/26/2021,DXR,CT,ANE,EN,Federal Contract Tower,0,0,6,0,6,0,1,117,0,118,0,1,123,0,124,150,0,150,274
08/27/2021,DXR,CT,ANE,EN,Federal Contract Tower,0,0,7,0,7,0,6,145,0,151,0,6,152,0,158,144,0,144,302
08/28/2021,DXR,CT,ANE,EN,Federal Contract Tower,0,5,12,0,17,0,1,64,0,65,0,6,76,0,82,108,0,108,190
08/29/2021,DXR,CT,ANE,EN,Federal Contract Tower,0,11,27,0,38,0,1,8,0,9,0,12,35,0,47,0,0,0,47
08/30/2021,DXR,CT,ANE,EN,Federal Contract Tower,0,1,6,0,7,0,8,22,0,30,0,9,28,0,37,10,0,10,47
08/31/2021,DXR,CT,ANE,EN,Federal Contract Tower,0,0,0,0,0,0,7,155,2,164,0,7,155,2,164,174,0,174,338
09/01/2021,DXR,CT,ANE,EN,Federal Contract Tower,0,3,8,0,11,0,0,0,0,0,0,3,8,0,11,0,0,0,11
09/02/2021,DXR,CT,ANE,EN,Federal Contract Tower,0,1,8,0,9,0,3,64,0,67,0,4,72,0,76,9,0,9,85
09/03/2021,DXR,CT,ANE,EN,Federal Contract Tower,0,1,12,0,13,0,10,139,0,149,0,11,151,0,162,124,0,124,286
09/04/2021,DXR,CT,ANE,EN,Federal Contract Tower,0,0,10,0,10,0,8,163,0,171,0,8,173,0,181,126,0,126,307
09/05/2021,DXR,CT,ANE,EN,Federal Contract Tower,0,4,12,0,16,0,3,41,0,44,0,7,53,0,60,58,0,58,118
09/06/2021,DXR,CT,ANE,EN,Federal Contract Tower,0,2,8,0,10,0,9,125,0,134,0,11,133,0,144,198,0,198,342
09/07/2021,DXR,CT,ANE,EN,Federal Contract Tower,0,0,7,0,7,0,12,143,0,155,0,12,150,0,162,118,0,118,280
09/08/2021,DXR,CT,ANE,EN,Federal Contract Tower,0,0,5,0,5,0,1,49,0,50,0,1,54,0,55,54,0,54,109
09/09/2021,DXR,CT,ANE,EN,Federal Contract Tower,0,3,14,0,17,0,0,5,0,5,0,3,19,0,22,4,0,4,26
09/10/2021,DXR,CT,ANE,EN,Federal Contract Tower,0,0,3,0,3,0,3,94,0,97,0,3,97,0,100,70,0,70,170
09/11/2021,DXR,CT,ANE,EN,Federal Contract Tower,0,0,4,0,4,0,4,163,0,167,0,4,167,0,171,104,0,104,275
09/12/2021,DXR,CT,ANE,EN,Federal Contract Tower,0,0,8,0,8,0,4,92,0,96,0,4,100,0,104,54,0,54,158
09/13/2021,DXR,CT,ANE,EN,Federal Contract Tower,0,1,6,0,7,0,1,96,0,97,0,2,102,0,104,98,0,98,202
09/14/2021,DXR,CT,ANE,EN,Federal Contract Tower,0,0,4,0,4,0,2,112,0,114,0,2,116,0,118,92,0,92,210
09/15/2021,DXR,CT,ANE,EN,Federal Contract Tower,0,6,5,0,11,0,8,43,0,51,0,14,48,0,62,26,0,26,88
09/16/2021,DXR,CT,ANE,EN,Federal Contract Tower,0,3,10,0,13,0,1,52,0,53,0,4,62,0,66,82,0,82,148
09/17/2021,DXR,CT,ANE,EN,Federal Contract Tower,0,9,21,0,30,0,0,0,0,0,0,9,21,0,30,0,0,0,30
09/18/2021,DXR,CT,ANE,EN,Federal Contract Tower,0,1,11,0,12,0,4,154,0,158,0,5,165,0,170,116,0,116,286
09/19/2021,DXR,CT,ANE,EN,Federal Contract Tower,0,0,9,0,9,0,4,204,0,208,0,4,213,0,217,106,0,106,323
09/20/2021,DXR,CT,ANE,EN,Federal Contract Tower,0,0,9,0,9,0,7,137,0,144,0,7,146,0,153,118,0,118,271
09/21/2021,DXR,CT,ANE,EN,Federal Contract Tower,0,2,2,0,4,0,7,106,0,113,0,9,108,0,117,140,0,140,257
09/22/2021,DXR,CT,ANE,EN,Federal Contract Tower,0,0,13,0,13,0,2,8,0,10,0,2,21,0,23,0,0,0,23
09/23/2021,DXR,CT,ANE,EN,Federal Contract Tower,0,4,8,0,12,0,0,3,0,3,0,4,11,0,15,0,0,0,15
09/24/2021,DXR,CT,ANE,EN,Federal Contract Tower,0,1,3,0,4,0,4,53,0,57,0,5,56,0,61,38,0,38,99
09/25/2021,DXR,CT,ANE,EN,Federal Contract Tower,0,1,8,0,9,0,0,128,0,128,0,1,136,0,137,114,0,114,251
09/26/2021,DXR,CT,ANE,EN,Federal Contract Tower,0,0,5,0,5,0,3,117,0,120,0,3,122,0,125,60,0,60,185
09/27/2021,DXR,CT,ANE,EN,Federal Contract Tower,0,1,1,0,2,0,1,72,0,73,0,2,73,0,75,34,0,34,109
09/28/2021,DXR,CT,ANE,EN,Federal Contract Tower,0,5,5,0,10,0,1,11,0,12,0,6,16,0,22,4,0,4,26
09/29/2021,DXR,CT,ANE,EN,Federal Contract Tower,0,0,4,0,4,0,4,126,0,130,0,4,130,0,134,82,0,82,216
09/30/2021,DXR,CT,ANE,EN,Federal Contract Tower,0,0,5,4,9,0,4,90,0,94,0,4,95,4,103,46,0,46,149
10/01/2021,DXR,CT,ANE,EN,Federal Contract Tower,0,0,6,0,6,0,10,126,0,136,0,10,132,0,142,86,0,86,228
10/02/2021,DXR,CT,ANE,EN,Federal Contract Tower,0,0,4,0,4,0,7,137,0,144,0,7,141,0,148,80,0,80,228
10/03/2021,DXR,CT,ANE,EN,Federal Contract Tower,0,1,10,0,11,0,6,81,0,87,0,7,91,0,98,100,0,100,198
10/04/2021,DXR,CT,ANE,EN,Federal Contract Tower,0,3,13,0,16,0,0,0,0,0,0,3,13,0,16,0,0,0,16
10/05/2021,DXR,CT,ANE,EN,Federal Contract Tower,0,5,13,0,18,0,0,0,0,0,0,5,13,0,18,4,0,4,22
10/06/2021,DXR,CT,ANE,EN,Federal Contract Tower,0,0,13,0,13,0,4,46,0,50,0,4,59,0,63,44,0,44,107
10/07/2021,DXR,CT,ANE,EN,Federal Contract Tower,0,2,14,0,16,0,3,82,0,85,0,5,96,0,101,50,0,50,151
10/08/2021,DXR,CT,ANE,EN,Federal Contract Tower,0,1,14,0,15,0,8,131,0,139,0,9,145,0,154,118,0,118,272
10/09/2021,DXR,CT,ANE,EN,Federal Contract Tower,0,6,23,0,29,0,2,53,0,55,0,8,76,0,84,92,0,92,176
10/10/2021,DXR,CT,ANE,EN,Federal Contract Tower,0,7,14,0,21,0,0,1,0,1,0,7,15,0,22,0,0,0,22
10/11/2021,DXR,CT,ANE,EN,Federal Contract Tower,0,4,7,0,11,0,6,75,0,81,0,10,82,0,92,88,0,88,180
10/12/2021,DXR,CT,ANE,EN,Federal Contract Tower,0,0,4,0,4,0,4,122,0,126,0,4,126,0,130,70,0,70,200
10/13/2021,DXR,CT,ANE,EN,Federal Contract Tower,0,2,15,0,17,0,0,41,0,41,0,2,56,0,58,72,0,72,130
10/14/2021,DXR,CT,ANE,EN,Federal Contract Tower,0,2,2,0,4,0,6,99,2,107,0,8,101,2,111,134,0,134,245
10/15/2021,DXR,CT,ANE,EN,Federal Contract Tower,0,2,12,0,14,0,2,201,0,203,0,4,213,0,217,178,0,178,395
10/16/2021,DXR,CT,ANE,EN,Federal Contract Tower,0,0,5,0,5,0,1,55,0,56,0,1,60,0,61,92,0,92,153
10/17/2021,DXR,CT,ANE,EN,Federal Contract Tower,0,2,14,0,16,0,5,120,0,125,0,7,134,0,141,96,0,96,237
10/18/2021,DXR,CT,ANE,EN,Federal Contract Tower,0,1,4,0,5,0,4,71,0,75,0,5,75,0,80,128,0,128,208
10/19/2021,DXR,CT,ANE,EN,Federal Contract Tower,0,0,6,0,6,0,6,91,0,97,0,6,97,0,103,96,0,96,199
10/20/2021,DXR,CT,ANE,EN,Federal Contract Tower,0,0,3,0,3,0,3,91,0,94,0,3,94,0,97,92,0,92,189
10/21/2021,DXR,CT,ANE,EN,Federal Contract Tower,0,1,1,0,2,0,7,129,0,136,0,8,130,0,138,104,0,104,242
10/22/2021,DXR,CT,ANE,EN,Federal Contract Tower,0,2,2,0,4,0,10,113,0,123,0,12,115,0,127,152,0,152,279
10/23/2021,DXR,CT,ANE,EN,Federal Contract Tower,0,1,9,0,10,0,2,99,0,101,0,3,108,0,111,156,0,156,267
10/24/2021,DXR,CT,ANE,EN,Federal Contract Tower,0,2,14,0,16,0,7,152,0,159,0,9,166,0,175,108,0,108,283
10/25/2021,DXR,CT,ANE,EN,Federal Contract Tower,0,4,7,0,11,0,0,16,0,16,0,4,23,0,27,54,0,54,81
10/26/2021,DXR,CT,ANE,EN,Federal Contract Tower,0,0,1,0,1,0,0,0,0,0,0,0,1,0,1,0,0,0,1
10/27/2021,DXR,CT,ANE,EN,Federal Contract Tower,0,1,6,0,7,0,1,3,0,4,0,2,9,0,11,0,0,0,11
10/28/2021,DXR,CT,ANE,EN,Federal Contract Tower,0,1,10,0,11,0,5,126,0,131,0,6,136,0,142,116,0,116,258
10/29/2021,DXR,CT,ANE,EN,Federal Contract Tower,0,5,10,0,15,0,7,51,0,58,0,12,61,0,73,82,0,82,155
10/30/2021,DXR,CT,ANE,EN,Federal Contract Tower,0,3,5,0,8,0,1,0,0,1,0,4,5,0,9,0,0,0,9
10/31/2021,DXR,CT,ANE,EN,Federal Contract Tower,0,1,9,0,10,0,0,95,0,95,0,1,104,0,105,88,0,88,193
11/01/2021,DXR,CT,ANE,EN,Federal Contract Tower,0,0,9,0,9,0,2,89,0,91,0,2,98,0,100,34,0,34,134
11/02/2021,DXR,CT,ANE,EN,Federal Contract Tower,0,0,4,0,4,0,2,61,0,63,0,2,65,0,67,18,0,18,85
11/03/2021,DXR,CT,ANE,EN,Federal Contract Tower,0,0,9,0,9,0,4,112,0,116,0,4,121,0,125,68,0,68,193
11/04/2021,DXR,CT,ANE,EN,Federal Contract Tower,0,0,3,0,3,0,1,75,0,76,0,1,78,0,79,134,0,134,213
11/05/2021,DXR,CT,ANE,EN,Federal Contract Tower,0,2,5,0,7,0,5,104,0,109,0,7,109,0,116,46,0,46,162
11/06/2021,DXR,CT,ANE,EN,Federal Contract Tower,0,0,4,0,4,0,0,151,0,151,0,0,155,0,155,152,0,152,307
11/07/2021,DXR,CT,ANE,EN,Federal Contract Tower,0,0,3,0,3,0,2,119,0,121,0,2,122,0,124,68,0,68,192
11/08/2021,DXR,CT,ANE,EN,Federal Contract Tower,0,0,6,0,6,0,3,93,2,98,0,3,99,2,104,36,0,36,140
11/09/2021,DXR,CT,ANE,EN,Federal Contract Tower,0,0,3,0,3,0,3,131,0,134,0,3,134,0,137,114,0,114,251
11/10/2021,DXR,CT,ANE,EN,Federal Contract Tower,0,0,5,0,5,0,0,48,0,48,0,0,53,0,53,24,0,24,77
11/11/2021,DXR,CT,ANE,EN,Federal Contract Tower,0,0,6,0,6,0,1,97,0,98,0,1,103,0,104,94,0,94,198
11/12/2021,DXR,CT,ANE,EN,Federal Contract Tower,0,4,4,0,8,0,1,9,0,10,0,5,13,0,18,0,0,0,18
11/13/2021,DXR,CT,ANE,EN,Federal Contract Tower,0,0,3,0,3,0,4,29,0,33,0,4,32,0,36,26,0,26,62
11/14/2021,DXR,CT,ANE,EN,Federal Contract Tower,0,3,3,0,6,0,1,133,0,134,0,4,136,0,140,148,0,148,288
11/15/2021,DXR,CT,ANE,EN,Federal Contract Tower,0,1,2,0,3,0,2,33,0,35,0,3,35,0,38,86,0,86,124
11/16/2021,DXR,CT,ANE,EN,Federal Contract Tower,0,0,6,0,6,0,0,63,0,63,0,0,69,0,69,68,0,68,137
11/17/2021,DXR,CT,ANE,EN,Federal Contract Tower,0,1,4,0,5,0,2,101,0,103,0,3,105,0,108,76,0,76,184
11/18/2021,DXR,CT,ANE,EN,Federal Contract Tower,0,0,5,0,5,0,1,68,0,69,0,1,73,0,74,86,0,86,160
11/19/2021,DXR,CT,ANE,EN,Federal Contract Tower,0,2,2,0,4,0,1,43,0,44,0,3,45,0,48,34,0,34,82
11/20/2021,DXR,CT,ANE,EN,Federal Contract Tower,0,0,8,0,8,0,1,134,0,135,0,1,142,0,143,82,0,82,225
11/21/2021,DXR,CT,ANE,EN,Federal Contract Tower,0,0,2,0,2,0,0,115,0,115,0,0,117,0,117,108,0,108,225
11/22/2021,DXR,CT,ANE,EN,Federal Contract Tower,0,2,3,0,5,0,0,42,0,42,0,2,45,0,47,64,0,64,111
11/23/2021,DXR,CT,ANE,EN,Federal Contract Tower,0,0,6,0,6,0,0,0,0,0,0,0,6,0,6,12,0,12,18
11/24/2021,DXR,CT,ANE,EN,Federal Contract Tower,0,1,9,2,12,0,3,88,0,91,0,4,97,2,103,94,0,94,197
11/25/2021,DXR,CT,ANE,EN,Federal Contract Tower,0,0,0,0,0,0,0,34,0,34,0,0,34,0,34,12,0,12,46
11/26/2021,DXR,CT,ANE,EN,Federal Contract Tower,0,2,6,0,8,0,2,6,0,8,0,4,12,0,16,0,0,0,16
11/27/2021,DXR,CT,ANE,EN,Federal Contract Tower,0,1,4,0,5,0,5,24,0,29,0,6,28,0,34,6,0,6,40
11/28/2021,DXR,CT,ANE,EN,Federal Contract Tower,0,5,13,0,18,0,3,54,0,57,0,8,67,0,75,96,0,96,171
11/29/2021,DXR,CT,ANE,EN,Federal Contract Tower,0,2,4,0,6,0,0,45,0,45,0,2,49,0,51,74,0,74,125
11/30/2021,DXR,CT,ANE,EN,Federal Contract Tower,0,0,8,0,8,0,0,44,0,44,0,0,52,0,52,58,0,58,110
12/01/2021,DXR,CT,ANE,EN,Federal Contract Tower,0,0,4,0,4,0,3,95,0,98,0,3,99,0,102,50,0,50,152
12/02/2021,DXR,CT,ANE,EN,Federal Contract Tower,0,1,3,0,4,0,4,33,0,37,0,5,36,0,41,10,0,10,51
12/03/2021,DXR,CT,ANE,EN,Federal Contract Tower,0,1,3,0,4,0,2,47,0,49,0,3,50,0,53,22,6,28,81
12/04/2021,DXR,CT,ANE,EN,Federal Contract Tower,0,0,5,0,5,0,0,172,0,172,0,0,177,0,177,138,0,138,315
12/05/2021,DXR,CT,ANE,EN,Federal Contract Tower,0,0,2,0,2,0,6,151,0,157,0,6,153,0,159,88,0,88,247
12/06/2021,DXR,CT,ANE,EN,Federal Contract Tower,0,3,5,0,8,0,0,1,0,1,0,3,6,0,9,0,0,0,9
12/07/2021,DXR,CT,ANE,EN,Federal Contract Tower,0,0,7,0,7,0,1,67,0,68,0,1,74,0,75,68,0,68,143
12/08/2021,DXR,CT,ANE,EN,Federal Contract Tower,0,0,7,0,7,0,1,21,0,22,0,1,28,0,29,90,0,90,119
12/09/2021,DXR,CT,ANE,EN,Federal Contract Tower,0,0,4,0,4,0,0,70,2,72,0,0,74,2,76,94,0,94,170
12/10/2021,DXR,CT,ANE,EN,Federal Contract Tower,0,1,1,0,2,0,1,89,2,92,0,2,90,2,94,96,0,96,190
12/11/2021,DXR,CT,ANE,EN,Federal Contract Tower,0,1,2,0,3,0,0,0,0,0,0,1,2,0,3,0,0,0,3
12/12/2021,DXR,CT,ANE,EN,Federal Contract Tower,0,0,6,0,6,0,3,62,0,65,0,3,68,0,71,60,0,60,131
12/13/2021,DXR,CT,ANE,EN,Federal Contract Tower,0,0,5,0,5,0,0,91,0,91,0,0,96,0,96,60,0,60,156
12/14/2021,DXR,CT,ANE,EN,Federal Contract Tower,0,2,4,0,6,0,3,87,0,90,0,5,91,0,96,56,0,56,152
12/15/2021,DXR,CT,ANE,EN,Federal Contract Tower,0,2,3,0,5,0,0,70,0,70,0,2,73,0,75,94,0,94,169
12/16/2021,DXR,CT,ANE,EN,Federal Contract Tower,0,0,2,0,2,0,2,60,0,62,0,2,62,0,64,50,0,50,114
12/17/2021,DXR,CT,ANE,EN,Federal Contract Tower,0,0,3,0,3,0,4,49,0,53,0,4,52,0,56,28,0,28,84
12/18/2021,DXR,CT,ANE,EN,Federal Contract Tower,0,1,2,0,3,0,0,0,0,0,0,1,2,0,3,0,0,0,3
12/19/2021,DXR,CT,ANE,EN,Federal Contract Tower,0,0,4,0,4,0,2,28,0,30,0,2,32,0,34,6,0,6,40
12/20/2021,DXR,CT,ANE,EN,Federal Contract Tower,0,0,5,0,5,0,2,113,0,115,0,2,118,0,120,170,0,170,290
12/21/2021,DXR,CT,ANE,EN,Federal Contract Tower,0,1,2,0,3,0,3,72,0,75,0,4,74,0,78,30,0,30,108
12/22/2021,DXR,CT,ANE,EN,Federal Contract Tower,0,1,2,0,3,0,3,16,0,19,0,4,18,0,22,14,0,14,36
12/23/2021,DXR,CT,ANE,EN,Federal Contract Tower,0,0,1,0,1,0,4,77,0,81,0,4,78,0,82,80,0,80,162
12/24/2021,DXR,CT,ANE,EN,Federal Contract Tower,0,4,6,0,10,0,0,8,0,8,0,4,14,0,18,4,0,4,22
12/25/2021,DXR,CT,ANE,EN,Federal Contract Tower,0,0,1,0,1,0,0,0,0,0,0,0,1,0,1,0,0,0,1
12/26/2021,DXR,CT,ANE,EN,Federal Contract Tower,0,1,5,0,6,0,2,80,0,82,0,3,85,0,88,122,0,122,210
12/27/2021,DXR,CT,ANE,EN,Federal Contract Tower,0,1,7,0,8,0,0,42,0,42,0,1,49,0,50,28,0,28,78
12/28/2021,DXR,CT,ANE,EN,Federal Contract Tower,0,1,8,0,9,0,2,57,0,59,0,3,65,0,68,66,0,66,134
12/29/2021,DXR,CT,ANE,EN,Federal Contract Tower,0,0,12,0,12,0,0,0,0,0,0,0,12,0,12,0,0,0,12
12/30/2021,DXR,CT,ANE,EN,Federal Contract Tower,0,4,5,0,9,0,0,0,0,0,0,4,5,0,9,0,0,0,9
12/31/2021,DXR,CT,ANE,EN,Federal Contract Tower,0,1,10,0,11,0,0,2,0,2,0,1,12,0,13,14,0,14,27
01/01/2022,DXR,CT,ANE,EN,Federal Contract Tower,0,2,2,0,4,0,0,0,0,0,0,2,2,0,4,0,0,0,4
01/02/2022,DXR,CT,ANE,EN,Federal Contract Tower,0,4,2,0,6,0,0,0,0,0,0,4,2,0,6,0,0,0,6
01/03/2022,DXR,CT,ANE,EN,Federal Contract Tower,0,0,1,0,1,0,1,32,0,33,0,1,33,0,34,32,0,32,66
01/04/2022,DXR,CT,ANE,EN,Federal Contract Tower,0,0,3,0,3,0,5,107,0,112,0,5,110,0,115,80,0,80,195
01/05/2022,DXR,CT,ANE,EN,Federal Contract Tower,0,0,0,0,0,0,0,0,0,0,0,0,0,0,0,0,0,0,0
01/06/2022,DXR,CT,ANE,EN,Federal Contract Tower,0,0,1,0,1,0,2,52,0,54,0,2,53,0,55,56,2,58,113
01/07/2022,DXR,CT,ANE,EN,Federal Contract Tower,0,1,0,0,1,0,1,1,0,2,0,2,1,0,3,0,0,0,3
01/08/2022,DXR,CT,ANE,EN,Federal Contract Tower,0,0,5,0,5,0,2,142,0,144,0,2,147,0,149,106,0,106,255
01/09/2022,DXR,CT,ANE,EN,Federal Contract Tower,0,1,1,0,2,0,0,0,0,0,0,1,1,0,2,0,0,0,2
01/10/2022,DXR,CT,ANE,EN,Federal Contract Tower,0,2,2,0,4,0,2,10,0,12,0,4,12,0,16,2,0,2,18
01/11/2022,DXR,CT,ANE,EN,Federal Contract Tower,0,0,1,0,1,0,0,45,0,45,0,0,46,0,46,34,0,34,80
01/12/2022,DXR,CT,ANE,EN,Federal Contract Tower,0,0,6,0,6,0,0,30,0,30,0,0,36,0,36,32,0,32,68
01/13/2022,DXR,CT,ANE,EN,Federal Contract Tower,0,1,0,0,1,0,2,113,0,115,0,3,113,0,116,56,0,56,172
01/14/2022,DXR,CT,ANE,EN,Federal Contract Tower,0,1,1,0,2,0,1,24,0,25,0,2,25,0,27,4,0,4,31
01/15/2022,DXR,CT,ANE,EN,Federal Contract Tower,0,0,5,0,5,0,2,30,0,32,0,2,35,0,37,18,0,18,55
01/16/2022,DXR,CT,ANE,EN,Federal Contract Tower,0,1,3,0,4,0,4,78,0,82,0,5,81,0,86,50,0,50,136
01/17/2022,DXR,CT,ANE,EN,Federal Contract Tower,0,1,2,0,3,0,1,0,0,1,0,2,2,0,4,0,0,0,4
01/18/2022,DXR,CT,ANE,EN,Federal Contract Tower,0,0,0,0,0,0,2,3,0,5,0,2,3,0,5,0,0,0,5
01/19/2022,DXR,CT,ANE,EN,Federal Contract Tower,0,0,4,0,4,0,6,42,0,48,0,6,46,0,52,18,0,18,70
01/20/2022,DXR,CT,ANE,EN,Federal Contract Tower,0,1,0,0,1,0,3,0,0,3,0,4,0,0,4,0,0,0,4
01/21/2022,DXR,CT,ANE,EN,Federal Contract Tower,0,1,2,0,3,0,1,69,0,70,0,2,71,0,73,92,0,92,165
01/22/2022,DXR,CT,ANE,EN,Federal Contract Tower,0,0,10,0,10,0,3,116,0,119,0,3,126,0,129,142,0,142,271
01/23/2022,DXR,CT,ANE,EN,Federal Contract Tower,0,0,3,0,3,0,4,107,0,111,0,4,110,0,114,106,0,106,220
01/24/2022,DXR,CT,ANE,EN,Federal Contract Tower,0,0,8,0,8,0,0,31,0,31,0,0,39,0,39,22,0,22,61
01/25/2022,DXR,CT,ANE,EN,Federal Contract Tower,0,0,5,0,5,0,1,61,0,62,0,1,66,0,67,82,0,82,149
01/26/2022,DXR,CT,ANE,EN,Federal Contract Tower,0,0,3,0,3,0,1,66,0,67,0,1,69,0,70,68,0,68,138
01/27/2022,DXR,CT,ANE,EN,Federal Contract Tower,0,0,2,0,2,0,2,73,0,75,0,2,75,0,77,42,0,42,119
01/28/2022,DXR,CT,ANE,EN,Federal Contract Tower,0,0,1,0,1,0,0,13,0,13,0,0,14,0,14,28,0,28,42
01/29/2022,DXR,CT,ANE,EN,Federal Contract Tower,0,0,0,0,0,0,0,0,0,0,0,0,0,0,0,0,0,0,0
01/30/2022,DXR,CT,ANE,EN,Federal Contract Tower,0,0,1,0,1,0,1,32,0,33,0,1,33,0,34,6,0,6,40
01/31/2022,DXR,CT,ANE,EN,Federal Contract Tower,0,0,2,0,2,0,2,45,0,47,0,2,47,0,49,22,0,22,71
02/01/2022,DXR,CT,ANE,EN,Federal Contract Tower,0,0,5,0,5,0,3,98,0,101,0,3,103,0,106,100,0,100,206
02/02/2022,DXR,CT,ANE,EN,Federal Contract Tower,0,0,6,0,6,0,0,11,0,11,0,0,17,0,17,30,0,30,47
02/03/2022,DXR,CT,ANE,EN,Federal Contract Tower,0,9,3,0,12,0,0,0,0,0,0,9,3,0,12,0,0,0,12
02/04/2022,DXR,CT,ANE,EN,Federal Contract Tower,0,0,0,0,0,0,0,0,0,0,0,0,0,0,0,0,0,0,0
02/05/2022,DXR,CT,ANE,EN,Federal Contract Tower,0,0,1,0,1,0,2,10,0,12,0,2,11,0,13,0,0,0,13
02/06/2022,DXR,CT,ANE,EN,Federal Contract Tower,0,0,7,0,7,0,1,76,0,77,0,1,83,0,84,70,0,70,154
02/07/2022,DXR,CT,ANE,EN,Federal Contract Tower,0,2,0,0,2,0,0,0,0,0,0,2,0,0,2,0,0,0,2
02/08/2022,DXR,CT,ANE,EN,Federal Contract Tower,0,2,5,0,7,0,3,47,0,50,0,5,52,0,57,54,0,54,111
02/09/2022,DXR,CT,ANE,EN,Federal Contract Tower,0,0,3,0,3,0,2,123,0,125,0,2,126,0,128,142,0,142,270
02/10/2022,DXR,CT,ANE,EN,Federal Contract Tower,0,0,3,0,3,0,1,53,0,54,0,1,56,0,57,70,0,70,127
02/11/2022,DXR,CT,ANE,EN,Federal Contract Tower,0,0,8,0,8,0,8,77,0,85,0,8,85,0,93,50,0,50,143
02/12/2022,DXR,CT,ANE,EN,Federal Contract Tower,0,0,3,0,3,0,0,109,0,109,0,0,112,0,112,66,0,66,178
02/13/2022,DXR,CT,ANE,EN,Federal Contract Tower,0,2,1,0,3,0,0,11,0,11,0,2,12,0,14,0,0,0,14
02/14/2022,DXR,CT,ANE,EN,Federal Contract Tower,0,1,1,0,2,0,1,10,0,11,0,2,11,0,13,6,0,6,19
02/15/2022,DXR,CT,ANE,EN,Federal Contract Tower,0,0,1,0,1,0,5,77,0,82,0,5,78,0,83,84,0,84,167
02/16/2022,DXR,CT,ANE,EN,Federal Contract Tower,0,0,1,0,1,0,2,55,0,57,0,2,56,0,58,10,0,10,68
02/17/2022,DXR,CT,ANE,EN,Federal Contract Tower,0,0,5,0,5,0,0,28,0,28,0,0,33,0,33,18,0,18,51
02/18/2022,DXR,CT,ANE,EN,Federal Contract Tower,0,0,1,0,1,0,3,9,0,12,0,3,10,0,13,0,0,0,13
02/19/2022,DXR,CT,ANE,EN,Federal Contract Tower,0,1,1,0,2,0,1,16,0,17,0,2,17,0,19,0,0,0,19
02/20/2022,DXR,CT,ANE,EN,Federal Contract Tower,0,0,4,0,4,0,0,107,0,107,0,0,111,0,111,58,0,58,169
02/21/2022,DXR,CT,ANE,EN,Federal Contract Tower,0,0,8,0,8,0,5,112,0,117,0,5,120,0,125,100,0,100,225
02/22/2022,DXR,CT,ANE,EN,Federal Contract Tower,0,0,2,0,2,0,0,0,0,0,0,0,2,0,2,0,0,0,2
02/23/2022,DXR,CT,ANE,EN,Federal Contract Tower,0,3,2,0,5,0,2,21,0,23,0,5,23,0,28,14,0,14,42
02/24/2022,DXR,CT,ANE,EN,Federal Contract Tower,0,0,6,0,6,0,0,107,0,107,0,0,113,0,113,164,0,164,277
02/25/2022,DXR,CT,ANE,EN,Federal Contract Tower,0,0,1,0,1,0,0,0,0,0,0,0,1,0,1,0,0,0,1
02/26/2022,DXR,CT,ANE,EN,Federal Contract Tower,0,1,0,0,1,0,3,87,0,90,0,4,87,0,91,130,0,130,221
02/27/2022,DXR,CT,ANE,EN,Federal Contract Tower,0,2,0,0,2,0,0,45,0,45,0,2,45,0,47,6,0,6,53
02/28/2022,DXR,CT,ANE,EN,Federal Contract Tower,0,0,2,0,2,0,0,53,0,53,0,0,55,0,55,36,0,36,91
03/01/2022,DXR,CT,ANE,EN,Federal Contract Tower,0,0,2,0,2,0,1,33,0,34,0,1,35,0,36,32,0,32,68
03/02/2022,DXR,CT,ANE,EN,Federal Contract Tower,0,2,4,0,6,0,1,99,0,100,0,3,103,0,106,108,0,108,214
03/03/2022,DXR,CT,ANE,EN,Federal Contract Tower,0,0,1,0,1,0,1,27,0,28,0,1,28,0,29,10,0,10,39
03/04/2022,DXR,CT,ANE,EN,Federal Contract Tower,0,0,4,0,4,0,0,116,0,116,0,0,120,0,120,90,0,90,210
03/05/2022,DXR,CT,ANE,EN,Federal Contract Tower,0,0,2,0,2,0,1,148,0,149,0,1,150,0,151,138,0,138,289
03/06/2022,DXR,CT,ANE,EN,Federal Contract Tower,0,0,2,0,2,0,0,1,0,1,0,0,3,0,3,0,0,0,3
03/07/2022,DXR,CT,ANE,EN,Federal Contract Tower,0,5,3,0,8,0,1,71,0,72,0,6,74,0,80,86,0,86,166
03/08/2022,DXR,CT,ANE,EN,Federal Contract Tower,0,2,4,0,6,0,0,52,0,52,0,2,56,0,58,4,0,4,62
03/09/2022,DXR,CT,ANE,EN,Federal Contract Tower,0,0,1,0,1,0,1,3,0,4,0,1,4,0,5,0,0,0,5
03/10/2022,DXR,CT,ANE,EN,Federal Contract Tower,0,1,7,0,8,0,0,68,0,68,0,1,75,0,76,74,0,74,150
03/11/2022,DXR,CT,ANE,EN,Federal Contract Tower,0,0,6,0,6,0,1,118,0,119,0,1,124,0,125,102,0,102,227
03/12/2022,DXR,CT,ANE,EN,Federal Contract Tower,0,1,2,0,3,0,0,0,0,0,0,1,2,0,3,0,0,0,3
03/13/2022,DXR,CT,ANE,EN,Federal Contract Tower,0,0,0,7,7,0,4,48,0,52,0,4,48,7,59,76,0,76,135
03/14/2022,DXR,CT,ANE,EN,Federal Contract Tower,0,1,3,0,4,0,0,80,0,80,0,1,83,0,84,120,0,120,204
03/15/2022,DXR,CT,ANE,EN,Federal Contract Tower,0,0,2,0,2,0,1,131,0,132,0,1,133,0,134,148,0,148,282
03/16/2022,DXR,CT,ANE,EN,Federal Contract Tower,0,0,6,0,6,0,2,110,0,112,0,2,116,0,118,50,0,50,168
03/17/2022,DXR,CT,ANE,EN,Federal Contract Tower,0,2,4,0,6,0,0,0,0,0,0,2,4,0,6,0,0,0,6
03/18/2022,DXR,CT,ANE,EN,Federal Contract Tower,0,0,11,0,11,0,2,118,0,120,0,2,129,0,131,106,0,106,237
03/19/2022,DXR,CT,ANE,EN,Federal Contract Tower,0,1,2,0,3,0,0,3,0,3,0,1,5,0,6,2,0,2,8
03/20/2022,DXR,CT,ANE,EN,Federal Contract Tower,0,1,1,0,2,0,1,94,0,95,0,2,95,0,97,134,0,134,231
03/21/2022,DXR,CT,ANE,EN,Federal Contract Tower,0,0,2,0,2,0,0,54,0,54,0,0,56,0,56,40,0,40,96
03/22/2022,DXR,CT,ANE,EN,Federal Contract Tower,0,0,3,0,3,0,1,68,0,69,0,1,71,0,72,96,2,98,170
03/23/2022,DXR,CT,ANE,EN,Federal Contract Tower,0,0,5,0,5,0,1,98,0,99,0,1,103,0,104,126,0,126,230
03/24/2022,DXR,CT,ANE,EN,Federal Contract Tower,0,0,3,0,3,0,0,0,0,0,0,0,3,0,3,0,0,0,3
03/25/2022,DXR,CT,ANE,EN,Federal Contract Tower,0,1,8,0,9,0,0,54,0,54,0,1,62,0,63,22,0,22,85
03/26/2022,DXR,CT,ANE,EN,Federal Contract Tower,0,2,5,0,7,0,0,56,0,56,0,2,61,0,63,96,0,96,159
03/27/2022,DXR,CT,ANE,EN,Federal Contract Tower,0,0,3,0,3,0,4,39,0,43,0,4,42,0,46,54,0,54,100
03/28/2022,DXR,CT,ANE,EN,Federal Contract Tower,0,2,1,0,3,0,1,8,0,9,0,3,9,0,12,0,0,0,12
03/29/2022,DXR,CT,ANE,EN,Federal Contract Tower,0,1,0,0,1,0,2,39,0,41,0,3,39,0,42,12,0,12,54
03/30/2022,DXR,CT,ANE,EN,Federal Contract Tower,0,1,13,0,14,0,1,98,0,99,0,2,111,0,113,86,0,86,199
03/31/2022,DXR,CT,ANE,EN,Federal Contract Tower,0,2,3,0,5,0,2,0,0,2,0,4,3,0,7,0,0,0,7
04/01/2022,DXR,CT,ANE,EN,Federal Contract Tower,0,3,4,0,7,0,0,20,0,20,0,3,24,0,27,34,0,34,61
04/02/2022,DXR,CT,ANE,EN,Federal Contract Tower,0,0,3,0,3,0,2,137,0,139,0,2,140,0,142,102,0,102,244
04/03/2022,DXR,CT,ANE,EN,Federal Contract Tower,0,2,8,0,10,0,0,25,0,25,0,2,33,0,35,12,0,12,47
04/04/2022,DXR,CT,ANE,EN,Federal Contract Tower,0,1,3,0,4,0,1,57,0,58,0,2,60,0,62,58,0,58,120
04/05/2022,DXR,CT,ANE,EN,Federal Contract Tower,0,0,7,0,7,0,6,84,0,90,0,6,91,0,97,96,0,96,193
04/06/2022,DXR,CT,ANE,EN,Federal Contract Tower,0,2,5,0,7,0,0,2,0,2,0,2,7,0,9,0,0,0,9
04/07/2022,DXR,CT,ANE,EN,Federal Contract Tower,0,1,5,0,6,0,0,0,0,0,0,1,5,0,6,0,0,0,6
04/08/2022,DXR,CT,ANE,EN,Federal Contract Tower,0,1,11,0,12,0,0,61,0,61,0,1,72,0,73,32,4,36,109
04/09/2022,DXR,CT,ANE,EN,Federal Contract Tower,0,0,4,0,4,0,0,22,0,22,0,0,26,0,26,20,0,20,46
04/10/2022,DXR,CT,ANE,EN,Federal Contract Tower,0,2,4,0,6,0,2,61,0,63,0,4,65,0,69,30,0,30,99
04/11/2022,DXR,CT,ANE,EN,Federal Contract Tower,0,0,2,0,2,0,5,125,0,130,0,5,127,0,132,164,0,164,296
04/12/2022,DXR,CT,ANE,EN,Federal Contract Tower,0,3,3,0,6,0,1,80,0,81,0,4,83,0,87,110,0,110,197
04/13/2022,DXR,CT,ANE,EN,Federal Contract Tower,0,0,3,0,3,0,0,94,0,94,0,0,97,0,97,106,0,106,203
04/14/2022,DXR,CT,ANE,EN,Federal Contract Tower,0,1,5,0,6,0,4,55,0,59,0,5,60,0,65,10,0,10,75
04/15/2022,DXR,CT,ANE,EN,Federal Contract Tower,0,0,4,0,4,0,8,120,0,128,0,8,124,0,132,50,0,50,182
04/16/2022,DXR,CT,ANE,EN,Federal Contract Tower,0,3,9,0,12,0,2,38,0,40,0,5,47,0,52,34,0,34,86
04/17/2022,DXR,CT,ANE,EN,Federal Contract Tower,0,2,3,0,5,0,6,39,0,45,0,8,42,0,50,18,0,18,68
04/18/2022,DXR,CT,ANE,EN,Federal Contract Tower,0,1,3,0,4,0,4,62,0,66,0,5,65,0,70,112,0,112,182
04/19/2022,DXR,CT,ANE,EN,Federal Contract Tower,0,1,2,0,3,0,0,2,0,2,0,1,4,0,5,0,0,0,5
04/20/2022,DXR,CT,ANE,EN,Federal Contract Tower,0,0,3,0,3,0,2,72,0,74,0,2,75,0,77,46,2,48,125
04/21/2022,DXR,CT,ANE,EN,Federal Contract Tower,0,0,2,0,2,0,1,38,0,39,0,1,40,0,41,24,0,24,65
04/22/2022,DXR,CT,ANE,EN,Federal Contract Tower,0,0,2,0,2,0,3,83,0,86,0,3,85,0,88,66,0,66,154
04/23/2022,DXR,CT,ANE,EN,Federal Contract Tower,0,0,5,0,5,0,3,185,0,188,0,3,190,0,193,134,0,134,327
04/24/2022,DXR,CT,ANE,EN,Federal Contract Tower,0,0,6,0,6,0,2,122,0,124,0,2,128,0,130,156,0,156,286
04/25/2022,DXR,CT,ANE,EN,Federal Contract Tower,0,0,11,0,11,0,2,78,0,80,0,2,89,0,91,62,0,62,153
04/26/2022,DXR,CT,ANE,EN,Federal Contract Tower,0,1,6,0,7,0,0,0,0,0,0,1,6,0,7,0,0,0,7
04/27/2022,DXR,CT,ANE,EN,Federal Contract Tower,0,2,2,0,4,0,1,33,0,34,0,3,35,0,38,16,0,16,54
04/28/2022,DXR,CT,ANE,EN,Federal Contract Tower,0,1,0,0,1,0,2,5,0,7,0,3,5,0,8,0,0,0,8
04/29/2022,DXR,CT,ANE,EN,Federal Contract Tower,0,1,2,0,3,0,1,47,4,52,0,2,49,4,55,30,0,30,85
04/30/2022,DXR,CT,ANE,EN,Federal Contract Tower,0,0,8,0,8,0,1,144,0,145,0,1,152,0,153,100,0,100,253
05/01/2022,DXR,CT,ANE,EN,Federal Contract Tower,0,1,4,0,5,0,1,188,0,189,0,2,192,0,194,196,0,196,390
05/02/2022,DXR,CT,ANE,EN,Federal Contract Tower,0,3,8,0,11,0,0,1,0,1,0,3,9,0,12,0,0,0,12
05/03/2022,DXR,CT,ANE,EN,Federal Contract Tower,0,2,10,0,12,0,2,23,0,25,0,4,33,0,37,24,0,24,61
05/04/2022,DXR,CT,ANE,EN,Federal Contract Tower,0,3,4,0,7,0,0,1,0,1,0,3,5,0,8,0,0,0,8
05/05/2022,DXR,CT,ANE,EN,Federal Contract Tower,0,0,6,0,6,0,7,155,0,162,0,7,161,0,168,144,2,146,314
05/06/2022,DXR,CT,ANE,EN,Federal Contract Tower,0,3,10,0,13,0,2,27,0,29,0,5,37,0,42,16,0,16,58
05/07/2022,DXR,CT,ANE,EN,Federal Contract Tower,0,2,5,0,7,0,0,5,0,5,0,2,10,0,12,0,0,0,12
05/08/2022,DXR,CT,ANE,EN,Federal Contract Tower,0,0,6,0,6,0,5,42,0,47,0,5,48,0,53,6,0,6,59
05/09/2022,DXR,CT,ANE,EN,Federal Contract Tower,0,0,4,0,4,0,2,25,0,27,0,2,29,0,31,0,0,0,31
05/10/2022,DXR,CT,ANE,EN,Federal Contract Tower,0,0,3,0,3,0,1,56,0,57,0,1,59,0,60,28,0,28,88
05/11/2022,DXR,CT,ANE,EN,Federal Contract Tower,0,0,1,0,1,0,4,78,0,82,0,4,79,0,83,72,0,72,155
05/12/2022,DXR,CT,ANE,EN,Federal Contract Tower,3,7,0,0,10,0,1,128,0,129,3,8,128,0,139,148,0,148,287
05/13/2022,DXR,CT,ANE,EN,Federal Contract Tower,0,4,9,0,13,0,1,26,0,27,0,5,35,0,40,30,0,30,70
05/14/2022,DXR,CT,ANE,EN,Federal Contract Tower,0,2,8,0,10,0,1,46,0,47,0,3,54,0,57,62,0,62,119
05/15/2022,DXR,CT,ANE,EN,Federal Contract Tower,0,2,10,0,12,0,1,49,0,50,0,3,59,0,62,80,0,80,142
05/16/2022,DXR,CT,ANE,EN,Federal Contract Tower,0,0,1,0,1,0,1,32,0,33,0,1,33,0,34,36,0,36,70
05/17/2022,DXR,CT,ANE,EN,Federal Contract Tower,0,2,1,2,5,0,2,89,0,91,0,4,90,2,96,78,0,78,174
05/18/2022,DXR,CT,ANE,EN,Federal Contract Tower,0,0,4,0,4,0,3,130,0,133,0,3,134,0,137,128,0,128,265
05/19/2022,DXR,CT,ANE,EN,Federal Contract Tower,0,2,9,0,11,0,0,11,0,11,0,2,20,0,22,6,0,6,28
05/20/2022,DXR,CT,ANE,EN,Federal Contract Tower,0,5,14,0,19,0,0,26,0,26,0,5,40,0,45,22,0,22,67
05/21/2022,DXR,CT,ANE,EN,Federal Contract Tower,0,2,4,0,6,0,1,100,0,101,0,3,104,0,107,78,0,78,185
05/22/2022,DXR,CT,ANE,EN,Federal Contract Tower,0,3,0,0,3,0,3,110,0,113,0,6,110,0,116,94,0,94,210
05/23/2022,DXR,CT,ANE,EN,Federal Contract Tower,0,2,2,0,4,0,3,84,0,87,0,5,86,0,91,20,0,20,111
05/24/2022,DXR,CT,ANE,EN,Federal Contract Tower,0,0,4,0,4,0,0,105,0,105,0,0,109,0,109,92,0,92,201
05/25/2022,DXR,CT,ANE,EN,Federal Contract Tower,0,0,2,0,2,0,3,102,0,105,0,3,104,0,107,118,0,118,225
05/26/2022,DXR,CT,ANE,EN,Federal Contract Tower,0,1,7,0,8,0,9,65,0,74,0,10,72,0,82,44,0,44,126
05/27/2022,DXR,CT,ANE,EN,Federal Contract Tower,0,10,5,0,15,0,0,3,0,3,0,10,8,0,18,0,0,0,18
05/28/2022,DXR,CT,ANE,EN,Federal Contract Tower,0,2,7,0,9,0,0,5,0,5,0,2,12,0,14,0,0,0,14
05/29/2022,DXR,CT,ANE,EN,Federal Contract Tower,0,0,7,0,7,0,0,134,0,134,0,0,141,0,141,62,0,62,203
05/30/2022,DXR,CT,ANE,EN,Federal Contract Tower,0,1,3,0,4,0,7,106,0,113,0,8,109,0,117,80,0,80,197
05/31/2022,DXR,CT,ANE,EN,Federal Contract Tower,0,0,1,0,1,0,3,94,0,97,0,3,95,0,98,64,0,64,162
06/01/2022,DXR,CT,ANE,EN,Federal Contract Tower,0,4,13,0,17,0,1,68,0,69,0,5,81,0,86,34,0,34,120
06/02/2022,DXR,CT,ANE,EN,Federal Contract Tower,0,4,11,0,15,0,0,7,0,7,0,4,18,0,22,14,0,14,36
06/03/2022,DXR,CT,ANE,EN,Federal Contract Tower,0,2,10,0,12,0,0,55,0,55,0,2,65,0,67,44,0,44,111
06/04/2022,DXR,CT,ANE,EN,Federal Contract Tower,0,0,4,0,4,0,0,147,0,147,0,0,151,0,151,68,0,68,219
06/05/2022,DXR,CT,ANE,EN,Federal Contract Tower,0,0,1,0,1,0,3,129,0,132,0,3,130,0,133,116,0,116,249
06/06/2022,DXR,CT,ANE,EN,Federal Contract Tower,0,0,4,0,4,0,4,67,0,71,0,4,71,0,75,110,0,110,185
06/07/2022,DXR,CT,ANE,EN,Federal Contract Tower,0,0,1,0,1,0,2,59,0,61,0,2,60,0,62,46,0,46,108
06/08/2022,DXR,CT,ANE,EN,Federal Contract Tower,0,1,8,0,9,0,1,71,0,72,0,2,79,0,81,50,0,50,131
06/09/2022,DXR,CT,ANE,EN,Federal Contract Tower,0,1,3,0,4,0,4,28,0,32,0,5,31,0,36,2,0,2,38
06/10/2022,DXR,CT,ANE,EN,Federal Contract Tower,0,1,2,0,3,0,8,141,0,149,0,9,143,0,152,96,0,96,248
06/11/2022,DXR,CT,ANE,EN,Federal Contract Tower,0,0,4,0,4,0,7,131,0,138,0,7,135,0,142,123,0,123,265
06/12/2022,DXR,CT,ANE,EN,Federal Contract Tower,0,4,6,0,10,0,6,5,0,11,0,10,11,0,21,36,0,36,57
06/13/2022,DXR,CT,ANE,EN,Federal Contract Tower,0,0,3,0,3,0,4,107,0,111,0,4,110,0,114,112,0,112,226
06/14/2022,DXR,CT,ANE,EN,Federal Contract Tower,0,0,4,0,4,0,6,127,0,133,0,6,131,0,137,146,0,146,283
06/15/2022,DXR,CT,ANE,EN,Federal Contract Tower,0,1,6,0,7,0,1,99,0,100,0,2,105,0,107,62,0,62,169
06/16/2022,DXR,CT,ANE,EN,Federal Contract Tower,0,2,9,0,11,0,2,33,0,35,0,4,42,0,46,66,0,66,112
06/17/2022,DXR,CT,ANE,EN,Federal Contract Tower,0,0,33,0,33,0,4,51,0,55,0,4,84,0,88,6,0,6,94
06/18/2022,DXR,CT,ANE,EN,Federal Contract Tower,0,1,10,0,11,0,1,39,0,40,0,2,49,0,51,6,4,10,61
06/19/2022,DXR,CT,ANE,EN,Federal Contract Tower,0,0,2,0,2,0,4,70,0,74,0,4,72,0,76,38,0,38,114
06/20/2022,DXR,CT,ANE,EN,Federal Contract Tower,0,2,5,0,7,0,5,130,0,135,0,7,135,0,142,152,0,152,294
06/21/2022,DXR,CT,ANE,EN,Federal Contract Tower,0,1,8,0,9,0,2,97,0,99,0,3,105,0,108,112,0,112,220
06/22/2022,DXR,CT,ANE,EN,Federal Contract Tower,0,4,10,0,14,0,0,0,0,0,0,4,10,0,14,0,0,0,14
06/23/2022,DXR,CT,ANE,EN,Federal Contract Tower,0,2,11,0,13,0,4,63,0,67,0,6,74,0,80,98,0,98,178
06/24/2022,DXR,CT,ANE,EN,Federal Contract Tower,0,5,10,0,15,0,2,108,0,110,0,7,118,0,125,150,0,150,275
06/25/2022,DXR,CT,ANE,EN,Federal Contract Tower,0,3,10,0,13,0,5,176,0,181,0,8,186,0,194,118,0,118,312
06/26/2022,DXR,CT,ANE,EN,Federal Contract Tower,0,2,4,0,6,0,4,139,0,143,0,6,143,0,149,138,0,138,287
06/27/2022,DXR,CT,ANE,EN,Federal Contract Tower,0,3,16,0,19,0,1,13,0,14,0,4,29,0,33,10,0,10,43
06/28/2022,DXR,CT,ANE,EN,Federal Contract Tower,0,0,4,0,4,0,2,119,0,121,0,2,123,0,125,134,0,134,259
06/29/2022,DXR,CT,ANE,EN,Federal Contract Tower,0,0,0,0,0,0,2,138,0,140,0,2,138,0,140,98,4,102,242
06/30/2022,DXR,CT,ANE,EN,Federal Contract Tower,0,0,5,0,5,0,4,94,0,98,0,4,99,0,103,48,0,48,151
07/01/2022,DXR,CT,ANE,EN,Federal Contract Tower,0,0,6,0,6,0,9,114,0,123,0,9,120,0,129,44,0,44,173
07/02/2022,DXR,CT,ANE,EN,Federal Contract Tower,0,1,3,0,4,0,5,45,0,50,0,6,48,0,54,22,0,22,76
07/03/2022,DXR,CT,ANE,EN,Federal Contract Tower,0,2,3,0,5,0,3,108,0,111,0,5,111,0,116,40,0,40,156
07/04/2022,DXR,CT,ANE,EN,Federal Contract Tower,0,0,5,0,5,0,6,70,0,76,0,6,75,0,81,42,0,42,123
07/05/2022,DXR,CT,ANE,EN,Federal Contract Tower,0,1,2,0,3,0,3,50,0,53,0,4,52,0,56,94,0,94,150
07/06/2022,DXR,CT,ANE,EN,Federal Contract Tower,0,1,4,0,5,0,3,96,0,99,0,4,100,0,104,52,0,52,156
07/07/2022,DXR,CT,ANE,EN,Federal Contract Tower,0,0,10,0,10,0,0,103,0,103,0,0,113,0,113,82,0,82,195
07/08/2022,DXR,CT,ANE,EN,Federal Contract Tower,0,4,3,0,7,0,7,107,0,114,0,11,110,0,121,72,0,72,193
07/09/2022,DXR,CT,ANE,EN,Federal Contract Tower,0,0,0,0,0,0,5,104,0,109,0,5,104,0,109,124,0,124,233
07/10/2022,DXR,CT,ANE,EN,Federal Contract Tower,0,2,12,0,14,0,6,140,2,148,0,8,152,2,162,88,0,88,250
07/11/2022,DXR,CT,ANE,EN,Federal Contract Tower,0,2,3,0,5,0,3,118,0,121,0,5,121,0,126,82,0,82,208
07/12/2022,DXR,CT,ANE,EN,Federal Contract Tower,0,0,4,0,4,0,3,67,3,73,0,3,71,3,77,80,0,80,157
07/13/2022,DXR,CT,ANE,EN,Federal Contract Tower,0,0,4,0,4,0,3,130,0,133,0,3,134,0,137,164,0,164,301
07/14/2022,DXR,CT,ANE,EN,Federal Contract Tower,0,0,5,0,5,0,0,80,0,80,0,0,85,0,85,112,0,112,197
07/15/2022,DXR,CT,ANE,EN,Federal Contract Tower,0,2,3,0,5,0,5,114,0,119,0,7,117,0,124,118,0,118,242
07/16/2022,DXR,CT,ANE,EN,Federal Contract Tower,0,1,9,0,10,0,4,63,1,68,0,5,72,1,78,72,0,72,150
07/17/2022,DXR,CT,ANE,EN,Federal Contract Tower,0,1,6,0,7,0,6,87,0,93,0,7,93,0,100,131,0,131,231
07/18/2022,DXR,CT,ANE,EN,Federal Contract Tower,0,6,8,0,14,0,0,1,0,1,0,6,9,0,15,0,0,0,15
07/19/2022,DXR,CT,ANE,EN,Federal Contract Tower,0,0,2,0,2,0,3,127,0,130,0,3,129,0,132,112,0,112,244
07/20/2022,DXR,CT,ANE,EN,Federal Contract Tower,0,0,4,0,4,0,0,103,2,105,0,0,107,2,109,106,0,106,215
07/21/2022,DXR,CT,ANE,EN,Federal Contract Tower,0,0,3,0,3,0,6,61,0,67,0,6,64,0,70,58,4,62,132
07/22/2022,DXR,CT,ANE,EN,Federal Contract Tower,0,1,2,0,3,0,7,112,0,119,0,8,114,0,122,126,0,126,248
07/23/2022,DXR,CT,ANE,EN,Federal Contract Tower,0,0,8,0,8,0,3,103,0,106,0,3,111,0,114,68,0,68,182
07/24/2022,DXR,CT,ANE,EN,Federal Contract Tower,0,1,4,0,5,0,5,88,0,93,0,6,92,0,98,52,0,52,150
07/25/2022,DXR,CT,ANE,EN,Federal Contract Tower,0,0,3,0,3,0,3,18,0,21,0,3,21,0,24,22,0,22,46
07/26/2022,DXR,CT,ANE,EN,Federal Contract Tower,0,2,4,0,6,0,4,139,0,143,0,6,143,0,149,138,0,138,287
07/27/2022,DXR,CT,ANE,EN,Federal Contract Tower,0,2,2,0,4,0,7,129,0,136,0,9,131,0,140,88,0,88,228
07/28/2022,DXR,CT,ANE,EN,Federal Contract Tower,0,2,7,0,9,0,4,63,0,67,0,6,70,0,76,82,0,82,158
07/29/2022,DXR,CT,ANE,EN,Federal Contract Tower,0,2,5,0,7,0,7,87,0,94,0,9,92,0,101,86,0,86,187
07/30/2022,DXR,CT,ANE,EN,Federal Contract Tower,0,0,5,0,5,0,4,94,0,98,0,4,99,0,103,48,0,48,151
07/31/2022,DXR,CT,ANE,EN,Federal Contract Tower,0,0,9,0,9,0,8,129,0,137,0,8,138,0,146,124,0,124,270
08/01/2022,DXR,CT,ANE,EN,Federal Contract Tower,0,2,13,0,15,0,2,32,0,34,0,4,45,0,49,76,8,84,133
08/02/2022,DXR,CT,ANE,EN,Federal Contract Tower,0,0,2,0,2,0,3,88,0,91,0,3,90,0,93,52,0,52,145
08/03/2022,DXR,CT,ANE,EN,Federal Contract Tower,0,0,5,0,5,0,3,121,0,124,0,3,126,0,129,84,0,84,213
08/04/2022,DXR,CT,ANE,EN,Federal Contract Tower,0,0,6,0,6,0,3,86,0,89,0,3,92,0,95,94,0,94,189
08/05/2022,DXR,CT,ANE,EN,Federal Contract Tower,0,2,2,0,4,0,7,105,0,112,0,9,107,0,116,104,0,104,220
08/06/2022,DXR,CT,ANE,EN,Federal Contract Tower,0,2,7,0,9,0,9,144,0,153,0,11,151,0,162,68,0,68,230
08/07/2022,DXR,CT,ANE,EN,Federal Contract Tower,0,0,4,0,4,0,8,65,0,73,0,8,69,0,77,36,0,36,113
08/08/2022,DXR,CT,ANE,EN,Federal Contract Tower,0,0,10,0,10,0,2,67,0,69,0,2,77,0,79,30,0,30,109
08/09/2022,DXR,CT,ANE,EN,Federal Contract Tower,0,0,8,0,8,0,8,54,0,62,0,8,62,0,70,16,0,16,86
08/10/2022,DXR,CT,ANE,EN,Federal Contract Tower,0,0,6,0,6,0,2,82,0,84,0,2,88,0,90,60,0,60,150
08/11/2022,DXR,CT,ANE,EN,Federal Contract Tower,0,2,12,0,14,0,4,93,0,97,0,6,105,0,111,78,0,78,189
08/12/2022,DXR,CT,ANE,EN,Federal Contract Tower,0,1,3,0,4,0,2,133,1,136,0,3,136,1,140,62,0,62,202
08/13/2022,DXR,CT,ANE,EN,Federal Contract Tower,0,0,10,0,10,0,4,130,0,134,0,4,140,0,144,80,0,80,224
08/14/2022,DXR,CT,ANE,EN,Federal Contract Tower,0,0,7,0,7,0,5,109,0,114,0,5,116,0,121,82,0,82,203
08/15/2022,DXR,CT,ANE,EN,Federal Contract Tower,0,0,3,0,3,0,5,106,0,111,0,5,109,0,114,52,0,52,166
08/16/2022,DXR,CT,ANE,EN,Federal Contract Tower,0,0,1,0,1,0,5,101,0,106,0,5,102,0,107,74,0,74,181
08/17/2022,DXR,CT,ANE,EN,Federal Contract Tower,0,2,2,0,4,0,2,69,0,71,0,4,71,0,75,66,0,66,141
08/18/2022,DXR,CT,ANE,EN,Federal Contract Tower,0,2,2,0,4,0,6,121,0,127,0,8,123,0,131,112,0,112,243
08/19/2022,DXR,CT,ANE,EN,Federal Contract Tower,0,5,5,0,10,0,0,160,0,160,0,5,165,0,170,88,0,88,258
08/20/2022,DXR,CT,ANE,EN,Federal Contract Tower,0,1,7,0,8,0,6,114,0,120,0,7,121,0,128,62,0,62,190
08/21/2022,DXR,CT,ANE,EN,Federal Contract Tower,0,5,5,0,10,0,5,66,0,71,0,10,71,0,81,70,0,70,151
08/22/2022,DXR,CT,ANE,EN,Federal Contract Tower,0,6,5,0,11,0,0,0,0,0,0,6,5,0,11,0,0,0,11
08/23/2022,DXR,CT,ANE,EN,Federal Contract Tower,0,3,4,0,7,0,3,9,0,12,0,6,13,0,19,0,0,0,19
08/24/2022,DXR,CT,ANE,EN,Federal Contract Tower,0,0,5,0,5,0,8,120,0,128,0,8,125,0,133,62,0,62,195
08/25/2022,DXR,CT,ANE,EN,Federal Contract Tower,0,0,10,0,10,0,3,128,0,131,0,3,138,0,141,110,0,110,251
08/26/2022,DXR,CT,ANE,EN,Federal Contract Tower,0,2,2,0,4,0,7,71,0,78,0,9,73,0,82,72,0,72,154
08/27/2022,DXR,CT,ANE,EN,Federal Contract Tower,0,0,8,0,8,0,12,131,0,143,0,12,139,0,151,132,0,132,283
08/28/2022,DXR,CT,ANE,EN,Federal Contract Tower,0,6,21,0,27,0,2,51,0,53,0,8,72,0,80,28,0,28,108
08/29/2022,DXR,CT,ANE,EN,Federal Contract Tower,0,4,9,0,13,0,6,26,0,32,0,10,35,0,45,30,0,30,75
08/30/2022,DXR,CT,ANE,EN,Federal Contract Tower,0,1,5,0,6,0,3,41,0,44,0,4,46,0,50,54,0,54,104
08/31/2022,DXR,CT,ANE,EN,Federal Contract Tower,0,1,5,0,6,0,6,83,0,89,0,7,88,0,95,70,0,70,165
09/01/2022,DXR,CT,ANE,EN,Federal Contract Tower,0,0,4,0,4,0,2,106,0,108,0,2,110,0,112,58,0,58,170
09/02/2022,DXR,CT,ANE,EN,Federal Contract Tower,0,0,4,0,4,0,7,150,0,157,0,7,154,0,161,124,0,124,285
09/03/2022,DXR,CT,ANE,EN,Federal Contract Tower,0,0,5,0,5,0,3,114,0,117,0,3,119,0,122,110,0,110,232
09/04/2022,DXR,CT,ANE,EN,Federal Contract Tower,0,1,5,0,6,0,8,63,0,71,0,9,68,0,77,86,0,86,163
09/05/2022,DXR,CT,ANE,EN,Federal Contract Tower,0,12,25,0,37,0,2,3,0,5,0,14,28,0,42,0,0,0,42
09/06/2022,DXR,CT,ANE,EN,Federal Contract Tower,0,3,12,0,15,0,0,0,0,0,0,3,12,0,15,0,0,0,15
09/07/2022,DXR,CT,ANE,EN,Federal Contract Tower,0,5,9,0,14,0,1,18,2,21,0,6,27,2,35,8,0,8,43
09/08/2022,DXR,CT,ANE,EN,Federal Contract Tower,0,0,7,0,7,0,1,113,0,114,0,1,120,0,121,76,0,76,197
09/09/2022,DXR,CT,ANE,EN,Federal Contract Tower,0,0,5,0,5,0,5,159,0,164,0,5,164,0,169,94,0,94,263
09/10/2022,DXR,CT,ANE,EN,Federal Contract Tower,0,1,6,0,7,0,1,185,2,188,0,2,191,2,195,104,0,104,299
09/11/2022,DXR,CT,ANE,EN,Federal Contract Tower,0,1,11,0,12,0,2,74,0,76,0,3,85,0,88,74,0,74,162
09/12/2022,DXR,CT,ANE,EN,Federal Contract Tower,0,1,5,0,6,0,0,19,0,19,0,1,24,0,25,0,0,0,25
09/13/2022,DXR,CT,ANE,EN,Federal Contract Tower,0,2,8,0,10,0,0,7,0,7,0,2,15,0,17,0,0,0,17
09/14/2022,DXR,CT,ANE,EN,Federal Contract Tower,0,0,3,0,3,0,0,98,0,98,0,0,101,0,101,48,0,48,149
09/15/2022,DXR,CT,ANE,EN,Federal Contract Tower,0,1,2,0,3,0,6,102,0,108,0,7,104,0,111,102,0,102,213
09/16/2022,DXR,CT,ANE,EN,Federal Contract Tower,0,7,4,0,11,0,3,138,0,141,0,10,142,0,152,52,0,52,204
09/17/2022,DXR,CT,ANE,EN,Federal Contract Tower,0,4,6,0,10,0,3,119,0,122,0,7,125,0,132,58,0,58,190
09/18/2022,DXR,CT,ANE,EN,Federal Contract Tower,0,0,9,0,9,0,1,126,0,127,0,1,135,0,136,118,0,118,254
09/19/2022,DXR,CT,ANE,EN,Federal Contract Tower,0,2,7,0,9,0,2,34,0,36,0,4,41,0,45,76,0,76,121
09/20/2022,DXR,CT,ANE,EN,Federal Contract Tower,0,1,8,0,9,0,1,72,0,73,0,2,80,0,82,60,0,60,142
09/21/2022,DXR,CT,ANE,EN,Federal Contract Tower,0,0,4,0,4,0,6,126,0,132,0,6,130,0,136,212,0,212,348
09/22/2022,DXR,CT,ANE,EN,Federal Contract Tower,0,2,6,0,8,0,6,14,0,20,0,8,20,0,28,28,0,28,56
09/23/2022,DXR,CT,ANE,EN,Federal Contract Tower,0,1,5,0,6,0,2,17,0,19,0,3,22,0,25,0,0,0,25
09/24/2022,DXR,CT,ANE,EN,Federal Contract Tower,0,0,6,0,6,0,0,97,0,97,0,0,103,0,103,74,0,74,177
09/25/2022,DXR,CT,ANE,EN,Federal Contract Tower,0,1,9,0,10,0,3,70,0,73,0,4,79,0,83,0,0,0,83
09/26/2022,DXR,CT,ANE,EN,Federal Contract Tower,0,0,7,0,7,0,4,41,0,45,0,4,48,0,52,56,0,56,108
09/27/2022,DXR,CT,ANE,EN,Federal Contract Tower,0,2,5,0,7,0,1,97,0,98,0,3,102,0,105,68,0,68,173
09/28/2022,DXR,CT,ANE,EN,Federal Contract Tower,0,0,14,0,14,0,1,103,0,104,0,1,117,0,118,64,0,64,182
09/29/2022,DXR,CT,ANE,EN,Federal Contract Tower,0,0,3,0,3,0,0,63,0,63,0,0,66,0,66,40,0,40,106
09/30/2022,DXR,CT,ANE,EN,Federal Contract Tower,0,2,5,0,7,0,4,121,0,125,0,6,126,0,132,94,0,94,226
10/01/2022,DXR,CT,ANE,EN,Federal Contract Tower,0,6,4,0,10,0,1,2,0,3,0,7,6,0,13,0,0,0,13
10/02/2022,DXR,CT,ANE,EN,Federal Contract Tower,0,4,1,0,5,0,1,6,0,7,0,5,7,0,12,0,0,0,12
10/03/2022,DXR,CT,ANE,EN,Federal Contract Tower,0,3,2,0,5,0,1,12,0,13,0,4,14,0,18,6,0,6,24
10/04/2022,DXR,CT,ANE,EN,Federal Contract Tower,0,2,3,0,5,0,0,0,0,0,0,2,3,0,5,0,0,0,5
10/05/2022,DXR,CT,ANE,EN,Federal Contract Tower,0,2,15,0,17,0,0,0,0,0,0,2,15,0,17,0,0,0,17
10/06/2022,DXR,CT,ANE,EN,Federal Contract Tower,0,2,17,0,19,0,1,69,0,70,0,3,86,0,89,24,0,24,113
10/07/2022,DXR,CT,ANE,EN,Federal Contract Tower,0,2,9,0,11,0,8,125,0,133,0,10,134,0,144,82,0,82,226
10/08/2022,DXR,CT,ANE,EN,Federal Contract Tower,0,2,0,0,2,0,2,115,0,117,0,4,115,0,119,54,0,54,173
10/09/2022,DXR,CT,ANE,EN,Federal Contract Tower,0,0,3,0,3,0,6,130,0,136,0,6,133,0,139,84,0,84,223
10/10/2022,DXR,CT,ANE,EN,Federal Contract Tower,0,0,2,0,2,0,10,111,0,121,0,10,113,0,123,104,0,104,227
10/11/2022,DXR,CT,ANE,EN,Federal Contract Tower,0,0,8,0,8,0,3,93,0,96,0,3,101,0,104,156,0,156,260
10/12/2022,DXR,CT,ANE,EN,Federal Contract Tower,0,0,2,0,2,0,1,104,0,105,0,1,106,0,107,56,0,56,163
10/13/2022,DXR,CT,ANE,EN,Federal Contract Tower,0,1,1,0,2,0,1,0,0,1,0,2,1,0,3,0,0,0,3
10/14/2022,DXR,CT,ANE,EN,Federal Contract Tower,0,2,13,0,15,0,1,82,0,83,0,3,95,0,98,72,0,72,170
10/15/2022,DXR,CT,ANE,EN,Federal Contract Tower,0,1,3,0,4,0,3,120,0,123,0,4,123,0,127,60,0,60,187
10/16/2022,DXR,CT,ANE,EN,Federal Contract Tower,0,0,7,0,7,0,2,116,0,118,0,2,123,0,125,110,0,110,235
10/17/2022,DXR,CT,ANE,EN,Federal Contract Tower,0,4,3,0,7,0,0,5,0,5,0,4,8,0,12,14,0,14,26
10/19/2022,DXR,CT,ANE,EN,Federal Contract Tower,0,0,1,0,1,0,4,65,0,69,0,4,66,0,70,76,0,76,146
10/20/2022,DXR,CT,ANE,EN,Federal Contract Tower,0,0,2,0,2,0,4,74,0,78,0,4,76,0,80,50,0,50,130
10/21/2022,DXR,CT,ANE,EN,Federal Contract Tower,0,2,5,0,7,0,4,118,0,122,0,6,123,0,129,60,0,60,189
10/22/2022,DXR,CT,ANE,EN,Federal Contract Tower,0,0,8,0,8,0,5,179,0,184,0,5,187,0,192,138,0,138,330
10/23/2022,DXR,CT,ANE,EN,Federal Contract Tower,0,1,8,0,9,0,1,42,0,43,0,2,50,0,52,112,0,112,164
10/24/2022,DXR,CT,ANE,EN,Federal Contract Tower,0,0,2,0,2,0,0,0,0,0,0,0,2,0,2,0,0,0,2
10/25/2022,DXR,CT,ANE,EN,Federal Contract Tower,0,2,6,0,8,0,0,0,0,0,0,2,6,0,8,0,0,0,8
10/26/2022,DXR,CT,ANE,EN,Federal Contract Tower,0,3,2,0,5,0,0,12,0,12,0,3,14,0,17,8,0,8,25
10/27/2022,DXR,CT,ANE,EN,Federal Contract Tower,0,1,4,0,5,0,2,78,0,80,0,3,82,0,85,62,0,62,147
10/28/2022,DXR,CT,ANE,EN,Federal Contract Tower,0,1,2,0,3,0,4,99,0,103,0,5,101,0,106,74,0,74,180
10/29/2022,DXR,CT,ANE,EN,Federal Contract Tower,0,0,3,0,3,0,0,136,0,136,0,0,139,0,139,92,0,92,231
10/30/2022,DXR,CT,ANE,EN,Federal Contract Tower,0,2,3,0,5,0,4,94,0,98,0,6,97,0,103,50,0,50,153
10/31/2022,DXR,CT,ANE,EN,Federal Contract Tower,0,1,1,0,2,0,3,44,0,47,0,4,45,0,49,36,0,36,85
11/01/2022,DXR,CT,ANE,EN,Federal Contract Tower,0,1,3,0,4,0,0,18,0,18,0,1,21,0,22,0,0,0,22
11/02/2022,DXR,CT,ANE,EN,Federal Contract Tower,0,0,3,0,3,0,2,129,0,131,0,2,132,0,134,131,0,131,265
11/03/2022,DXR,CT,ANE,EN,Federal Contract Tower,0,2,4,0,6,0,1,103,0,104,0,3,107,0,110,100,0,100,210
11/04/2022,DXR,CT,ANE,EN,Federal Contract Tower,0,1,3,0,4,0,1,79,0,80,0,2,82,0,84,20,4,24,108
11/05/2022,DXR,CT,ANE,EN,Federal Contract Tower,0,0,8,0,8,0,0,51,0,51,0,0,59,0,59,36,0,36,95
11/06/2022,DXR,CT,ANE,EN,Federal Contract Tower,0,7,13,0,20,0,2,24,0,26,0,9,37,0,46,52,0,52,98
11/07/2022,DXR,CT,ANE,EN,Federal Contract Tower,0,0,4,0,4,0,0,40,0,40,0,0,44,0,44,12,0,12,56
11/08/2022,DXR,CT,ANE,EN,Federal Contract Tower,0,0,3,2,5,0,1,55,0,56,0,1,58,2,61,12,0,12,73
11/09/2022,DXR,CT,ANE,EN,Federal Contract Tower,0,0,5,0,5,0,3,141,1,145,0,3,146,1,150,86,16,102,252
11/10/2022,DXR,CT,ANE,EN,Federal Contract Tower,0,0,4,0,4,0,0,59,0,59,0,0,63,0,63,68,0,68,131
11/11/2022,DXR,CT,ANE,EN,Federal Contract Tower,0,0,0,0,0,0,0,14,0,14,0,0,14,0,14,4,0,4,18
11/12/2022,DXR,CT,ANE,EN,Federal Contract Tower,0,0,5,0,5,0,0,29,0,29,0,0,34,0,34,48,0,48,82
11/13/2022,DXR,CT,ANE,EN,Federal Contract Tower,0,3,3,0,6,0,1,31,0,32,0,4,34,0,38,28,0,28,66
11/14/2022,DXR,CT,ANE,EN,Federal Contract Tower,0,0,1,0,1,0,1,44,0,45,0,1,45,0,46,34,0,34,80
11/15/2022,DXR,CT,ANE,EN,Federal Contract Tower,0,0,1,0,1,0,0,88,0,88,0,0,89,0,89,150,0,150,239
11/16/2022,DXR,CT,ANE,EN,Federal Contract Tower,0,0,8,0,8,0,0,4,0,4,0,0,12,0,12,0,0,0,12
11/17/2022,DXR,CT,ANE,EN,Federal Contract Tower,0,1,3,0,4,0,2,49,0,51,0,3,52,0,55,2,0,2,57
11/18/2022,DXR,CT,ANE,EN,Federal Contract Tower,0,1,7,0,8,0,0,77,0,77,0,1,84,0,85,54,0,54,139
11/19/2022,DXR,CT,ANE,EN,Federal Contract Tower,0,0,4,0,4,0,1,93,0,94,0,1,97,0,98,126,0,126,224
11/20/2022,DXR,CT,ANE,EN,Federal Contract Tower,0,0,0,0,0,0,4,24,0,28,0,4,24,0,28,6,0,6,34
11/21/2022,DXR,CT,ANE,EN,Federal Contract Tower,0,0,1,0,1,0,3,40,0,43,0,3,41,0,44,40,0,40,84
11/23/2022,DXR,CT,ANE,EN,Federal Contract Tower,0,0,7,0,7,0,12,112,0,124,0,12,119,0,131,70,0,70,201
11/24/2022,DXR,CT,ANE,EN,Federal Contract Tower,0,0,2,0,2,0,0,34,0,34,0,0,36,0,36,2,0,2,38
11/25/2022,DXR,CT,ANE,EN,Federal Contract Tower,0,4,5,0,9,0,5,5,0,10,0,9,10,0,19,0,0,0,19
11/26/2022,DXR,CT,ANE,EN,Federal Contract Tower,0,0,8,0,8,0,9,140,0,149,0,9,148,0,157,96,0,96,253
11/27/2022,DXR,CT,ANE,EN,Federal Contract Tower,0,3,4,0,7,0,1,40,0,41,0,4,44,0,48,76,0,76,124
11/28/2022,DXR,CT,ANE,EN,Federal Contract Tower,0,0,5,0,5,0,2,28,0,30,0,2,33,0,35,10,0,10,45
11/29/2022,DXR,CT,ANE,EN,Federal Contract Tower,0,2,2,0,4,0,3,94,0,97,0,5,96,0,101,96,0,96,197
11/30/2022,DXR,CT,ANE,EN,Federal Contract Tower,0,0,0,0,0,0,0,2,0,2,0,0,2,0,2,0,0,0,2
12/01/2022,DXR,CT,ANE,EN,Federal Contract Tower,0,0,2,0,2,0,4,21,0,25,0,4,23,0,27,0,0,0,27
12/02/2022,DXR,CT,ANE,EN,Federal Contract Tower,0,0,4,0,4,0,5,116,0,121,0,5,120,0,125,94,0,94,219
12/03/2022,DXR,CT,ANE,EN,Federal Contract Tower,0,2,3,0,5,0,0,0,0,0,0,2,3,0,5,0,0,0,5
12/04/2022,DXR,CT,ANE,EN,Federal Contract Tower,0,1,2,0,3,0,4,138,0,142,0,5,140,0,145,140,0,140,285
12/05/2022,DXR,CT,ANE,EN,Federal Contract Tower,0,0,5,0,5,0,1,94,0,95,0,1,99,0,100,52,0,52,152
12/06/2022,DXR,CT,ANE,EN,Federal Contract Tower,0,1,2,0,3,0,1,9,0,10,0,2,11,0,13,14,0,14,27
12/07/2022,DXR,CT,ANE,EN,Federal Contract Tower,0,4,2,0,6,0,0,0,0,0,0,4,2,0,6,0,0,0,6
12/08/2022,DXR,CT,ANE,EN,Federal Contract Tower,0,0,0,0,0,0,3,65,0,68,0,3,65,0,68,32,0,32,100
12/09/2022,DXR,CT,ANE,EN,Federal Contract Tower,0,0,2,0,2,0,3,74,0,77,0,3,76,0,79,72,0,72,151
12/10/2022,DXR,CT,ANE,EN,Federal Contract Tower,0,1,3,0,4,0,1,82,0,83,0,2,85,0,87,202,0,202,289
12/11/2022,DXR,CT,ANE,EN,Federal Contract Tower,0,1,2,0,3,0,0,0,0,0,0,1,2,0,3,0,0,0,3
12/12/2022,DXR,CT,ANE,EN,Federal Contract Tower,0,0,2,0,2,0,2,22,0,24,0,2,24,0,26,22,0,22,48
12/14/2022,DXR,CT,ANE,EN,Federal Contract Tower,0,0,0,0,0,0,2,34,0,36,0,2,34,0,36,20,0,20,56
12/15/2022,DXR,CT,ANE,EN,Federal Contract Tower,0,1,3,0,4,0,2,25,0,27,0,3,28,0,31,132,0,132,163
12/16/2022,DXR,CT,ANE,EN,Federal Contract Tower,0,4,2,0,6,0,0,0,0,0,0,4,2,0,6,0,0,0,6
12/17/2022,DXR,CT,ANE,EN,Federal Contract Tower,0,1,1,0,2,0,1,47,0,48,0,2,48,0,50,66,0,66,116
12/18/2022,DXR,CT,ANE,EN,Federal Contract Tower,0,0,2,0,2,0,2,96,0,98,0,2,98,0,100,144,0,144,244
12/19/2022,DXR,CT,ANE,EN,Federal Contract Tower,0,3,3,0,6,0,1,39,0,40,0,4,42,0,46,19,0,19,65
12/20/2022,DXR,CT,ANE,EN,Federal Contract Tower,0,1,2,0,3,0,0,65,0,65,0,1,67,0,68,12,0,12,80
12/21/2022,DXR,CT,ANE,EN,Federal Contract Tower,0,0,9,0,9,0,1,134,0,135,0,1,143,0,144,146,0,146,290
12/22/2022,DXR,CT,ANE,EN,Federal Contract Tower,0,0,2,0,2,0,0,23,0,23,0,0,25,0,25,34,0,34,59
12/23/2022,DXR,CT,ANE,EN,Federal Contract Tower,0,2,0,0,2,0,0,0,0,0,0,2,0,0,2,0,0,0,2
12/24/2022,DXR,CT,ANE,EN,Federal Contract Tower,0,1,1,0,2,0,1,1,0,2,0,2,2,0,4,2,0,2,6
12/25/2022,DXR,CT,ANE,EN,Federal Contract Tower,0,0,5,0,5,0,0,12,0,12,0,0,17,0,17,4,0,4,21
12/26/2022,DXR,CT,ANE,EN,Federal Contract Tower,0,0,4,0,4,0,3,50,0,53,0,3,54,0,57,36,0,36,93
12/27/2022,DXR,CT,ANE,EN,Federal Contract Tower,0,0,2,0,2,0,3,69,0,72,0,3,71,0,74,94,0,94,168
12/28/2022,DXR,CT,ANE,EN,Federal Contract Tower,0,1,7,0,8,0,4,71,0,75,0,5,78,0,83,44,0,44,127
12/29/2022,DXR,CT,ANE,EN,Federal Contract Tower,0,3,0,0,3,0,0,112,0,112,0,3,112,0,115,80,0,80,195
12/30/2022,DXR,CT,ANE,EN,Federal Contract Tower,0,2,3,0,5,0,1,122,0,123,0,3,125,0,128,52,0,52,180
12/31/2022,DXR,CT,ANE,EN,Federal Contract Tower,0,1,0,0,1,0,0,0,0,0,0,1,0,0,1,0,0,0,1
01/01/2023,DXR,CT,ANE,EN,Federal Contract Tower,0,1,2,0,3,0,2,49,0,51,0,3,51,0,54,38,0,38,92
01/02/2023,DXR,CT,ANE,EN,Federal Contract Tower,0,2,3,0,5,0,4,99,0,103,0,6,102,0,108,168,0,168,276
01/03/2023,DXR,CT,ANE,EN,Federal Contract Tower,0,0,7,0,7,0,0,0,0,0,0,0,7,0,7,0,0,0,7
01/04/2023,DXR,CT,ANE,EN,Federal Contract Tower,0,4,4,0,8,0,1,8,0,9,0,5,12,0,17,12,0,12,29
01/05/2023,DXR,CT,ANE,EN,Federal Contract Tower,0,1,2,0,3,0,0,0,0,0,0,1,2,0,3,0,0,0,3
01/06/2023,DXR,CT,ANE,EN,Federal Contract Tower,0,2,4,0,6,0,0,4,0,4,0,2,8,0,10,8,0,8,18
01/07/2023,DXR,CT,ANE,EN,Federal Contract Tower,0,0,4,0,4,0,0,86,0,86,0,0,90,0,90,126,0,126,216
01/08/2023,DXR,CT,ANE,EN,Federal Contract Tower,0,0,5,0,5,0,3,93,0,96,0,3,98,0,101,46,0,46,147
01/09/2023,DXR,CT,ANE,EN,Federal Contract Tower,0,4,0,0,4,0,2,58,0,60,0,6,58,0,64,42,0,42,106
01/10/2023,DXR,CT,ANE,EN,Federal Contract Tower,0,2,2,0,4,0,2,76,0,78,0,4,78,0,82,78,0,78,160
01/11/2023,DXR,CT,ANE,EN,Federal Contract Tower,0,0,6,0,6,0,0,108,1,109,0,0,114,1,115,94,0,94,209
01/12/2023,DXR,CT,ANE,EN,Federal Contract Tower,0,3,1,0,4,0,0,0,0,0,0,3,1,0,4,0,0,0,4
01/13/2023,DXR,CT,ANE,EN,Federal Contract Tower,0,2,8,0,10,0,0,7,0,7,0,2,15,0,17,0,0,0,17
01/14/2023,DXR,CT,ANE,EN,Federal Contract Tower,0,1,1,0,2,0,1,2,0,3,0,2,3,0,5,6,0,6,11
01/15/2023,DXR,CT,ANE,EN,Federal Contract Tower,0,0,3,0,3,0,0,33,0,33,0,0,36,0,36,24,0,24,60
01/16/2023,DXR,CT,ANE,EN,Federal Contract Tower,0,1,4,0,5,0,2,85,0,87,0,3,89,0,92,56,0,56,148
01/17/2023,DXR,CT,ANE,EN,Federal Contract Tower,0,0,1,0,1,0,0,55,0,55,0,0,56,0,56,124,0,124,180
01/18/2023,DXR,CT,ANE,EN,Federal Contract Tower,0,0,1,0,1,0,1,45,0,46,0,1,46,0,47,38,0,38,85
01/19/2023,DXR,CT,ANE,EN,Federal Contract Tower,0,0,1,0,1,0,1,0,0,1,0,1,1,0,2,0,0,0,2
01/20/2023,DXR,CT,ANE,EN,Federal Contract Tower,0,1,6,0,7,0,1,23,0,24,0,2,29,0,31,46,0,46,77
01/21/2023,DXR,CT,ANE,EN,Federal Contract Tower,0,0,5,0,5,0,1,89,0,90,0,1,94,0,95,112,0,112,207
01/22/2023,DXR,CT,ANE,EN,Federal Contract Tower,0,4,6,0,10,0,2,36,0,38,0,6,42,0,48,54,0,54,102
01/23/2023,DXR,CT,ANE,EN,Federal Contract Tower,0,0,3,0,3,0,0,1,0,1,0,0,4,0,4,0,0,0,4
01/24/2023,DXR,CT,ANE,EN,Federal Contract Tower,0,0,3,0,3,0,0,40,0,40,0,0,43,0,43,38,0,38,81
01/25/2023,DXR,CT,ANE,EN,Federal Contract Tower,0,3,0,0,3,0,1,8,0,9,0,4,8,0,12,10,0,10,22
01/26/2023,DXR,CT,ANE,EN,Federal Contract Tower,0,0,2,0,2,0,2,1,0,3,0,2,3,0,5,0,0,0,5
01/27/2023,DXR,CT,ANE,EN,Federal Contract Tower,0,0,4,0,4,0,0,68,0,68,0,0,72,0,72,114,0,114,186
01/28/2023,DXR,CT,ANE,EN,Federal Contract Tower,0,0,2,0,2,0,0,102,0,102,0,0,104,0,104,54,0,54,158
01/29/2023,DXR,CT,ANE,EN,Federal Contract Tower,0,0,4,0,4,0,1,69,0,70,0,1,73,0,74,92,0,92,166
01/30/2023,DXR,CT,ANE,EN,Federal Contract Tower,0,2,1,0,3,0,2,77,0,79,0,4,78,0,82,98,0,98,180
01/31/2023,DXR,CT,ANE,EN,Federal Contract Tower,0,4,0,0,4,0,0,38,0,38,0,4,38,0,42,58,0,58,100
02/01/2023,DXR,CT,ANE,EN,Federal Contract Tower,0,1,3,0,4,0,3,70,0,73,0,4,73,0,77,92,0,92,169
02/02/2023,DXR,CT,ANE,EN,Federal Contract Tower,0,2,0,0,2,0,4,70,0,74,0,6,70,0,76,82,0,82,158
02/03/2023,DXR,CT,ANE,EN,Federal Contract Tower,0,2,1,0,3,0,1,4,0,5,0,3,5,0,8,0,0,0,8
02/04/2023,DXR,CT,ANE,EN,Federal Contract Tower,0,0,4,0,4,0,0,33,0,33,0,0,37,0,37,62,0,62,99
02/05/2023,DXR,CT,ANE,EN,Federal Contract Tower,0,0,0,0,0,0,4,46,0,50,0,4,46,0,50,28,0,28,78
02/06/2023,DXR,CT,ANE,EN,Federal Contract Tower,0,1,1,0,2,0,1,41,0,42,0,2,42,0,44,2,0,2,46
02/07/2023,DXR,CT,ANE,EN,Federal Contract Tower,0,0,4,0,4,0,3,73,0,76,0,3,77,0,80,104,0,104,184
02/08/2023,DXR,CT,ANE,EN,Federal Contract Tower,0,0,2,0,2,0,1,87,0,88,0,1,89,0,90,70,0,70,160
02/09/2023,DXR,CT,ANE,EN,Federal Contract Tower,0,0,3,0,3,0,2,18,0,20,0,2,21,0,23,52,0,52,75
02/10/2023,DXR,CT,ANE,EN,Federal Contract Tower,0,1,1,0,2,0,1,22,0,23,0,2,23,0,25,0,0,0,25
02/11/2023,DXR,CT,ANE,EN,Federal Contract Tower,0,0,3,0,3,0,2,77,0,79,0,2,80,0,82,60,0,60,142
02/12/2023,DXR,CT,ANE,EN,Federal Contract Tower,0,1,0,0,1,0,3,119,0,122,0,4,119,0,123,168,0,168,291
02/13/2023,DXR,CT,ANE,EN,Federal Contract Tower,0,1,1,2,4,0,2,74,0,76,0,3,75,2,80,52,0,52,132
02/14/2023,DXR,CT,ANE,EN,Federal Contract Tower,0,0,1,0,1,0,3,47,0,50,0,3,48,0,51,10,0,10,61
02/15/2023,DXR,CT,ANE,EN,Federal Contract Tower,0,1,4,0,5,0,5,47,0,52,0,6,51,0,57,10,0,10,67
02/16/2023,DXR,CT,ANE,EN,Federal Contract Tower,0,1,6,0,7,0,3,30,0,33,0,4,36,0,40,42,0,42,82
02/17/2023,DXR,CT,ANE,EN,Federal Contract Tower,0,2,2,0,4,0,0,1,0,1,0,2,3,0,5,0,0,0,5
02/18/2023,DXR,CT,ANE,EN,Federal Contract Tower,0,0,3,0,3,0,0,93,0,93,0,0,96,0,96,52,0,52,148
02/19/2023,DXR,CT,ANE,EN,Federal Contract Tower,0,0,2,0,2,0,2,79,0,81,0,2,81,0,83,102,0,102,185
02/20/2023,DXR,CT,ANE,EN,Federal Contract Tower,0,1,3,0,4,0,3,52,0,55,0,4,55,0,59,46,0,46,105
02/21/2023,DXR,CT,ANE,EN,Federal Contract Tower,0,2,2,0,4,0,0,0,0,0,0,2,2,0,4,0,0,0,4
02/22/2023,DXR,CT,ANE,EN,Federal Contract Tower,0,0,4,0,4,0,1,45,0,46,0,1,49,0,50,84,0,84,134
02/23/2023,DXR,CT,ANE,EN,Federal Contract Tower,0,1,0,0,1,0,0,0,0,0,0,1,0,0,1,0,0,0,1
02/24/2023,DXR,CT,ANE,EN,Federal Contract Tower,0,1,2,0,3,0,1,9,0,10,0,2,11,0,13,0,0,0,13
02/25/2023,DXR,CT,ANE,EN,Federal Contract Tower,0,1,4,0,5,0,1,21,0,22,0,2,25,0,27,26,0,26,53
02/26/2023,DXR,CT,ANE,EN,Federal Contract Tower,0,4,8,0,12,0,1,18,0,19,0,5,26,0,31,48,0,48,79
02/27/2023,DXR,CT,ANE,EN,Federal Contract Tower,0,0,3,0,3,0,2,71,1,74,0,2,74,1,77,62,0,62,139
02/28/2023,DXR,CT,ANE,EN,Federal Contract Tower,0,3,1,0,4,0,0,0,0,0,0,3,1,0,4,0,0,0,4
03/01/2023,DXR,CT,ANE,EN,Federal Contract Tower,0,3,7,0,10,0,2,65,0,67,0,5,72,0,77,52,0,52,129
03/02/2023,DXR,CT,ANE,EN,Federal Contract Tower,0,1,2,0,3,0,1,11,0,12,0,2,13,0,15,8,0,8,23
03/03/2023,DXR,CT,ANE,EN,Federal Contract Tower,0,0,1,1,2,0,0,90,0,90,0,0,91,1,92,98,0,98,190
03/04/2023,DXR,CT,ANE,EN,Federal Contract Tower,0,1,1,0,2,0,0,1,0,1,0,1,2,0,3,0,0,0,3
03/05/2023,DXR,CT,ANE,EN,Federal Contract Tower,0,2,3,0,5,0,4,121,0,125,0,6,124,0,130,118,0,118,248
03/06/2023,DXR,CT,ANE,EN,Federal Contract Tower,0,1,4,0,5,0,2,52,0,54,0,3,56,0,59,22,0,22,81
03/07/2023,DXR,CT,ANE,EN,Federal Contract Tower,0,2,4,0,6,0,1,9,0,10,0,3,13,0,16,2,0,2,18
03/08/2023,DXR,CT,ANE,EN,Federal Contract Tower,0,0,1,0,1,0,0,16,0,16,0,0,17,0,17,0,0,0,17
03/09/2023,DXR,CT,ANE,EN,Federal Contract Tower,0,1,1,0,2,0,2,57,0,59,0,3,58,0,61,8,0,8,69
03/10/2023,DXR,CT,ANE,EN,Federal Contract Tower,0,2,0,0,2,0,4,70,0,74,0,6,70,0,76,104,0,104,180
03/11/2023,DXR,CT,ANE,EN,Federal Contract Tower,0,2,0,0,2,0,2,6,0,8,0,4,6,0,10,8,0,8,18
03/12/2023,DXR,CT,ANE,EN,Federal Contract Tower,0,0,4,0,4,0,1,134,0,135,0,1,138,0,139,144,0,144,283
03/13/2023,DXR,CT,ANE,EN,Federal Contract Tower,0,1,3,0,4,0,0,0,0,0,0,1,3,0,4,0,0,0,4
03/14/2023,DXR,CT,ANE,EN,Federal Contract Tower,0,1,0,0,1,0,0,0,0,0,0,1,0,0,1,0,0,0,1
03/15/2023,DXR,CT,ANE,EN,Federal Contract Tower,0,0,1,0,1,0,1,5,0,6,0,1,6,0,7,0,0,0,7
03/16/2023,DXR,CT,ANE,EN,Federal Contract Tower,0,1,3,0,4,0,2,86,0,88,0,3,89,0,92,68,0,68,160
03/17/2023,DXR,CT,ANE,EN,Federal Contract Tower,0,3,2,0,5,0,3,69,0,72,0,6,71,0,77,130,0,130,207
03/18/2023,DXR,CT,ANE,EN,Federal Contract Tower,0,0,10,0,10,0,0,107,0,107,0,0,117,0,117,102,0,102,219
03/19/2023,DXR,CT,ANE,EN,Federal Contract Tower,0,0,7,0,7,0,1,29,0,30,0,1,36,0,37,6,0,6,43
03/20/2023,DXR,CT,ANE,EN,Federal Contract Tower,0,0,2,0,2,0,1,108,0,109,0,1,110,0,111,50,0,50,161
03/21/2023,DXR,CT,ANE,EN,Federal Contract Tower,0,0,2,0,2,0,0,107,0,107,0,0,109,0,109,70,0,70,179
03/22/2023,DXR,CT,ANE,EN,Federal Contract Tower,0,0,6,0,6,0,0,76,0,76,0,0,82,0,82,66,0,66,148
03/23/2023,DXR,CT,ANE,EN,Federal Contract Tower,0,2,6,0,8,0,1,8,0,9,0,3,14,0,17,0,0,0,17
03/24/2023,DXR,CT,ANE,EN,Federal Contract Tower,0,1,2,0,3,0,1,85,0,86,0,2,87,0,89,80,0,80,169
03/25/2023,DXR,CT,ANE,EN,Federal Contract Tower,0,1,6,0,7,0,0,0,0,0,0,1,6,0,7,0,0,0,7
03/26/2023,DXR,CT,ANE,EN,Federal Contract Tower,0,0,2,0,2,0,1,37,0,38,0,1,39,0,40,16,0,16,56
03/27/2023,DXR,CT,ANE,EN,Federal Contract Tower,0,0,2,0,2,0,0,49,0,49,0,0,51,0,51,72,0,72,123
03/28/2023,DXR,CT,ANE,EN,Federal Contract Tower,0,0,4,0,4,0,0,19,0,19,0,0,23,0,23,2,0,2,25
03/29/2023,DXR,CT,ANE,EN,Federal Contract Tower,0,0,2,0,2,0,3,113,0,116,0,3,115,0,118,76,0,76,194
03/30/2023,DXR,CT,ANE,EN,Federal Contract Tower,0,0,2,0,2,0,0,32,0,32,0,0,34,0,34,2,0,2,36
03/31/2023,DXR,CT,ANE,EN,Federal Contract Tower,0,0,3,0,3,0,3,44,0,47,0,3,47,0,50,26,0,26,76
04/01/2023,DXR,CT,ANE,EN,Federal Contract Tower,0,0,0,0,0,0,0,2,0,2,0,0,2,0,2,0,0,0,2
04/02/2023,DXR,CT,ANE,EN,Federal Contract Tower,0,0,2,0,2,0,2,16,0,18,0,2,18,0,20,2,0,2,22
04/03/2023,DXR,CT,ANE,EN,Federal Contract Tower,0,0,3,0,3,0,3,64,0,67,0,3,67,0,70,70,0,70,140
04/04/2023,DXR,CT,ANE,EN,Federal Contract Tower,0,4,3,0,7,0,0,99,0,99,0,4,102,0,106,92,0,92,198
04/05/2023,DXR,CT,ANE,EN,Federal Contract Tower,0,2,6,1,9,0,0,0,0,0,0,2,6,1,9,0,0,0,9
04/06/2023,DXR,CT,ANE,EN,Federal Contract Tower,0,1,4,0,5,0,3,24,0,27,0,4,28,0,32,14,0,14,46
04/07/2023,DXR,CT,ANE,EN,Federal Contract Tower,0,1,5,0,6,0,7,63,0,70,0,8,68,0,76,22,0,22,98
04/08/2023,DXR,CT,ANE,EN,Federal Contract Tower,0,0,1,0,1,0,0,123,0,123,0,0,124,0,124,106,0,106,230
04/09/2023,DXR,CT,ANE,EN,Federal Contract Tower,0,1,2,0,3,0,5,76,0,81,0,6,78,0,84,74,0,74,158
04/10/2023,DXR,CT,ANE,EN,Federal Contract Tower,0,1,5,0,6,0,0,95,0,95,0,1,100,0,101,88,0,88,189
04/11/2023,DXR,CT,ANE,EN,Federal Contract Tower,0,0,2,0,2,0,6,62,0,68,0,6,64,0,70,60,0,60,130
04/12/2023,DXR,CT,ANE,EN,Federal Contract Tower,0,0,2,0,2,0,0,38,0,38,0,0,40,0,40,6,0,6,46
04/13/2023,DXR,CT,ANE,EN,Federal Contract Tower,0,0,4,0,4,0,5,91,0,96,0,5,95,0,100,86,0,86,186
04/14/2023,DXR,CT,ANE,EN,Federal Contract Tower,0,1,3,0,4,0,3,121,0,124,0,4,124,0,128,52,0,52,180
04/15/2023,DXR,CT,ANE,EN,Federal Contract Tower,0,0,9,0,9,0,1,49,0,50,0,1,58,0,59,50,0,50,109
04/16/2023,DXR,CT,ANE,EN,Federal Contract Tower,0,3,11,0,14,0,1,2,0,3,0,4,13,0,17,0,0,0,17
04/17/2023,DXR,CT,ANE,EN,Federal Contract Tower,0,3,6,0,9,0,1,4,0,5,0,4,10,0,14,0,0,0,14
04/18/2023,DXR,CT,ANE,EN,Federal Contract Tower,0,0,3,0,3,0,2,40,0,42,0,2,43,0,45,20,0,20,65
04/19/2023,DXR,CT,ANE,EN,Federal Contract Tower,0,0,6,0,6,0,1,80,0,81,0,1,86,0,87,68,0,68,155
04/20/2023,DXR,CT,ANE,EN,Federal Contract Tower,0,1,2,0,3,0,2,138,0,140,0,3,140,0,143,148,0,148,291
04/21/2023,DXR,CT,ANE,EN,Federal Contract Tower,0,0,3,0,3,0,0,156,0,156,0,0,159,0,159,102,0,102,261
04/22/2023,DXR,CT,ANE,EN,Federal Contract Tower,0,2,4,0,6,0,0,4,0,4,0,2,8,0,10,0,0,0,10
04/23/2023,DXR,CT,ANE,EN,Federal Contract Tower,0,1,11,0,12,0,1,11,0,12,0,2,22,0,24,0,0,0,24
04/24/2023,DXR,CT,ANE,EN,Federal Contract Tower,0,2,4,0,6,0,0,54,0,54,0,2,58,0,60,144,0,144,204
04/25/2023,DXR,CT,ANE,EN,Federal Contract Tower,0,0,5,0,5,0,4,85,0,89,0,4,90,0,94,64,0,64,158
04/26/2023,DXR,CT,ANE,EN,Federal Contract Tower,0,0,7,0,7,0,2,91,0,93,0,2,98,0,100,88,0,88,188
04/27/2023,DXR,CT,ANE,EN,Federal Contract Tower,0,1,0,0,1,0,1,14,0,15,0,2,14,0,16,16,0,16,32
04/28/2023,DXR,CT,ANE,EN,Federal Contract Tower,0,1,8,0,9,0,9,42,0,51,0,10,50,0,60,52,0,52,112
04/29/2023,DXR,CT,ANE,EN,Federal Contract Tower,0,1,7,0,8,0,0,0,0,0,0,1,7,0,8,0,0,0,8
04/30/2023,DXR,CT,ANE,EN,Federal Contract Tower,0,2,2,0,4,0,0,0,0,0,0,2,2,0,4,0,0,0,4
05/01/2023,DXR,CT,ANE,EN,Federal Contract Tower,0,0,2,0,2,0,3,28,0,31,0,3,30,0,33,10,0,10,43
05/02/2023,DXR,CT,ANE,EN,Federal Contract Tower,0,3,7,0,10,0,0,14,0,14,0,3,21,0,24,6,0,6,30
05/03/2023,DXR,CT,ANE,EN,Federal Contract Tower,0,4,4,0,8,0,6,71,0,77,0,10,75,0,85,122,0,122,207
05/04/2023,DXR,CT,ANE,EN,Federal Contract Tower,0,2,8,0,10,0,0,25,0,25,0,2,33,0,35,46,0,46,81
05/06/2023,DXR,CT,ANE,EN,Federal Contract Tower,0,3,6,0,9,0,2,180,0,182,0,5,186,0,191,78,0,78,269
05/07/2023,DXR,CT,ANE,EN,Federal Contract Tower,0,0,6,0,6,0,1,131,0,132,0,1,137,0,138,158,0,158,296
05/08/2023,DXR,CT,ANE,EN,Federal Contract Tower,0,2,3,0,5,0,2,56,0,58,0,4,59,0,63,26,0,26,89
05/09/2023,DXR,CT,ANE,EN,Federal Contract Tower,0,4,6,0,10,0,1,102,1,104,0,5,108,1,114,80,0,80,194
05/10/2023,DXR,CT,ANE,EN,Federal Contract Tower,0,1,5,0,6,0,0,56,0,56,0,1,61,0,62,102,0,102,164
05/11/2023,DXR,CT,ANE,EN,Federal Contract Tower,0,0,6,0,6,0,2,115,0,117,0,2,121,0,123,112,0,112,235
05/12/2023,DXR,CT,ANE,EN,Federal Contract Tower,0,0,2,0,2,0,4,115,0,119,0,4,117,0,121,84,0,84,205
05/13/2023,DXR,CT,ANE,EN,Federal Contract Tower,0,0,8,0,8,0,4,126,0,130,0,4,134,0,138,168,0,168,306
05/14/2023,DXR,CT,ANE,EN,Federal Contract Tower,0,0,6,0,6,0,2,66,0,68,0,2,72,0,74,86,0,86,160
05/15/2023,DXR,CT,ANE,EN,Federal Contract Tower,0,0,6,0,6,0,1,78,0,79,0,1,84,0,85,72,0,72,157
05/16/2023,DXR,CT,ANE,EN,Federal Contract Tower,0,2,5,0,7,0,1,72,0,73,0,3,77,0,80,26,0,26,106
05/17/2023,DXR,CT,ANE,EN,Federal Contract Tower,0,2,1,0,3,0,2,20,0,22,0,4,21,0,25,12,0,12,37
05/18/2023,DXR,CT,ANE,EN,Federal Contract Tower,0,1,2,0,3,0,3,132,0,135,0,4,134,0,138,122,0,122,260
05/19/2023,DXR,CT,ANE,EN,Federal Contract Tower,0,1,3,0,4,0,4,103,0,107,0,5,106,0,111,98,0,98,209
05/20/2023,DXR,CT,ANE,EN,Federal Contract Tower,0,1,4,0,5,0,0,0,0,0,0,1,4,0,5,0,0,0,5
05/21/2023,DXR,CT,ANE,EN,Federal Contract Tower,0,4,7,0,11,0,6,103,0,109,0,10,110,0,120,186,0,186,306
05/22/2023,DXR,CT,ANE,EN,Federal Contract Tower,0,0,3,0,3,0,1,103,0,104,0,1,106,0,107,172,0,172,279
05/23/2023,DXR,CT,ANE,EN,Federal Contract Tower,0,0,5,0,5,0,6,124,0,130,0,6,129,0,135,126,0,126,261
05/24/2023,DXR,CT,ANE,EN,Federal Contract Tower,0,0,5,0,5,0,4,84,0,88,0,4,89,0,93,198,0,198,291
05/25/2023,DXR,CT,ANE,EN,Federal Contract Tower,0,6,3,0,9,0,2,91,0,93,0,8,94,0,102,34,0,34,136
05/26/2023,DXR,CT,ANE,EN,Federal Contract Tower,0,4,5,0,9,0,9,112,0,121,0,13,117,0,130,72,0,72,202
05/27/2023,DXR,CT,ANE,EN,Federal Contract Tower,0,2,2,0,4,0,0,117,0,117,0,2,119,0,121,50,0,50,171
05/28/2023,DXR,CT,ANE,EN,Federal Contract Tower,0,0,4,0,4,0,0,116,0,116,0,0,120,0,120,94,0,94,214
05/29/2023,DXR,CT,ANE,EN,Federal Contract Tower,0,4,0,0,4,0,5,54,0,59,0,9,54,0,63,48,2,50,113
05/30/2023,DXR,CT,ANE,EN,Federal Contract Tower,0,1,3,0,4,0,2,74,0,76,0,3,77,0,80,34,0,34,114
05/31/2023,DXR,CT,ANE,EN,Federal Contract Tower,0,0,3,0,3,0,4,143,0,147,0,4,146,0,150,72,0,72,222
06/01/2023,DXR,CT,ANE,EN,Federal Contract Tower,0,0,8,0,8,0,5,148,0,153,0,5,156,0,161,108,0,108,269
06/02/2023,DXR,CT,ANE,EN,Federal Contract Tower,0,2,6,0,8,0,2,75,0,77,0,4,81,0,85,60,0,60,145
06/03/2023,DXR,CT,ANE,EN,Federal Contract Tower,0,1,19,0,20,0,1,6,0,7,0,2,25,0,27,0,0,0,27
06/04/2023,DXR,CT,ANE,EN,Federal Contract Tower,0,1,8,0,9,0,1,77,0,78,0,2,85,0,87,128,0,128,215
06/05/2023,DXR,CT,ANE,EN,Federal Contract Tower,0,3,2,0,5,0,2,48,0,50,0,5,50,0,55,60,0,60,115
06/06/2023,DXR,CT,ANE,EN,Federal Contract Tower,0,1,7,0,8,0,2,43,0,45,0,3,50,0,53,66,0,66,119
06/07/2023,DXR,CT,ANE,EN,Federal Contract Tower,0,5,17,0,22,0,0,15,0,15,0,5,32,0,37,26,0,26,63
06/08/2023,DXR,CT,ANE,EN,Federal Contract Tower,0,0,12,0,12,0,3,30,0,33,0,3,42,0,45,36,0,36,81
06/09/2023,DXR,CT,ANE,EN,Federal Contract Tower,0,1,7,0,8,0,1,80,0,81,0,2,87,0,89,146,0,146,235
06/10/2023,DXR,CT,ANE,EN,Federal Contract Tower,0,0,3,0,3,0,0,139,0,139,0,0,142,0,142,96,0,96,238
06/11/2023,DXR,CT,ANE,EN,Federal Contract Tower,0,0,5,0,5,0,9,108,0,117,0,9,113,0,122,110,0,110,232
06/12/2023,DXR,CT,ANE,EN,Federal Contract Tower,0,5,15,0,20,0,1,37,0,38,0,6,52,0,58,44,0,44,102
06/13/2023,DXR,CT,ANE,EN,Federal Contract Tower,0,0,7,0,7,0,2,78,0,80,0,2,85,0,87,166,0,166,253
06/14/2023,DXR,CT,ANE,EN,Federal Contract Tower,0,1,1,0,2,0,2,63,0,65,0,3,64,0,67,80,0,80,147
06/15/2023,DXR,CT,ANE,EN,Federal Contract Tower,0,1,9,0,10,0,4,144,0,148,0,5,153,0,158,188,0,188,346
06/16/2023,DXR,CT,ANE,EN,Federal Contract Tower,0,2,10,0,12,0,3,94,0,97,0,5,104,0,109,68,0,68,177
06/17/2023,DXR,CT,ANE,EN,Federal Contract Tower,0,3,6,0,9,0,1,42,0,43,0,4,48,0,52,52,0,52,104
06/18/2023,DXR,CT,ANE,EN,Federal Contract Tower,0,4,3,0,7,0,1,117,0,118,0,5,120,0,125,114,0,114,239
06/19/2023,DXR,CT,ANE,EN,Federal Contract Tower,0,1,8,0,9,0,3,140,0,143,0,4,148,0,152,52,0,52,204
06/20/2023,DXR,CT,ANE,EN,Federal Contract Tower,0,0,4,0,4,0,2,95,0,97,0,2,99,0,101,114,0,114,215
06/21/2023,DXR,CT,ANE,EN,Federal Contract Tower,0,5,6,0,11,0,1,173,0,174,0,6,179,0,185,160,0,160,345
06/22/2023,DXR,CT,ANE,EN,Federal Contract Tower,0,3,9,0,12,0,3,21,0,24,0,6,30,0,36,36,0,36,72
06/23/2023,DXR,CT,ANE,EN,Federal Contract Tower,0,9,25,0,34,0,0,14,0,14,0,9,39,0,48,44,0,44,92
06/24/2023,DXR,CT,ANE,EN,Federal Contract Tower,0,5,8,0,13,0,0,2,0,2,0,5,10,0,15,0,0,0,15
06/25/2023,DXR,CT,ANE,EN,Federal Contract Tower,0,2,17,0,19,0,1,24,0,25,0,3,41,0,44,26,0,26,70
06/26/2023,DXR,CT,ANE,EN,Federal Contract Tower,0,1,9,0,10,0,0,2,0,2,0,1,11,0,12,0,0,0,12
06/27/2023,DXR,CT,ANE,EN,Federal Contract Tower,0,4,10,0,14,0,0,7,0,7,0,4,17,0,21,2,0,2,23
06/28/2023,DXR,CT,ANE,EN,Federal Contract Tower,0,2,15,0,17,0,3,47,0,50,0,5,62,0,67,134,0,134,201
06/29/2023,DXR,CT,ANE,EN,Federal Contract Tower,0,0,14,0,14,0,4,114,0,118,0,4,128,0,132,176,0,176,308
06/30/2023,DXR,CT,ANE,EN,Federal Contract Tower,0,2,12,0,14,0,3,67,0,70,0,5,79,0,84,110,0,110,194
07/01/2023,DXR,CT,ANE,EN,Federal Contract Tower,0,2,6,0,8,0,5,89,0,94,0,7,95,0,102,192,0,192,294
07/02/2023,DXR,CT,ANE,EN,Federal Contract Tower,0,6,1,0,7,0,2,14,0,16,0,8,15,0,23,24,0,24,47
07/03/2023,DXR,CT,ANE,EN,Federal Contract Tower,0,0,5,0,5,0,2,64,0,66,0,2,69,0,71,172,0,172,243
07/04/2023,DXR,CT,ANE,EN,Federal Contract Tower,0,2,1,0,3,0,2,18,0,20,0,4,19,0,23,6,0,6,29
07/05/2023,DXR,CT,ANE,EN,Federal Contract Tower,0,1,2,0,3,0,9,132,0,141,0,10,134,0,144,68,0,68,212
07/06/2023,DXR,CT,ANE,EN,Federal Contract Tower,0,0,9,0,9,0,5,106,0,111,0,5,115,0,120,76,0,76,196
07/07/2023,DXR,CT,ANE,EN,Federal Contract Tower,0,6,10,0,16,0,4,67,0,71,0,10,77,0,87,48,0,48,135
07/08/2023,DXR,CT,ANE,EN,Federal Contract Tower,0,4,9,0,13,0,2,85,0,87,0,6,94,0,100,126,0,126,226
07/09/2023,DXR,CT,ANE,EN,Federal Contract Tower,0,3,9,0,12,0,1,8,0,9,0,4,17,0,21,6,0,6,27
07/10/2023,DXR,CT,ANE,EN,Federal Contract Tower,0,6,5,0,11,0,2,24,0,26,0,8,29,0,37,44,0,44,81
07/11/2023,DXR,CT,ANE,EN,Federal Contract Tower,0,0,5,0,5,0,2,124,0,126,0,2,129,0,131,92,6,98,229
07/12/2023,DXR,CT,ANE,EN,Federal Contract Tower,0,0,7,0,7,0,6,134,0,140,0,6,141,0,147,98,0,98,245
07/13/2023,DXR,CT,ANE,EN,Federal Contract Tower,0,4,3,1,8,0,6,88,0,94,0,10,91,1,102,42,0,42,144
07/14/2023,DXR,CT,ANE,EN,Federal Contract Tower,0,6,3,0,9,0,0,16,0,16,0,6,19,0,25,14,0,14,39
07/15/2023,DXR,CT,ANE,EN,Federal Contract Tower,0,0,9,0,9,0,0,87,0,87,0,0,96,0,96,126,0,126,222
07/16/2023,DXR,CT,ANE,EN,Federal Contract Tower,0,9,5,0,14,0,0,0,0,0,0,9,5,0,14,0,0,0,14
07/17/2023,DXR,CT,ANE,EN,Federal Contract Tower,0,2,12,0,14,0,4,99,0,103,0,6,111,0,117,104,0,104,221
07/18/2023,DXR,CT,ANE,EN,Federal Contract Tower,0,4,5,0,9,0,9,51,0,60,0,13,56,0,69,74,0,74,143
07/19/2023,DXR,CT,ANE,EN,Federal Contract Tower,0,1,2,0,3,0,3,93,0,96,0,4,95,0,99,58,0,58,157
07/20/2023,DXR,CT,ANE,EN,Federal Contract Tower,0,2,9,1,12,0,5,129,0,134,0,7,138,1,146,172,0,172,318
07/21/2023,DXR,CT,ANE,EN,Federal Contract Tower,0,4,5,0,9,0,3,23,0,26,0,7,28,0,35,64,0,64,99
07/22/2023,DXR,CT,ANE,EN,Federal Contract Tower,0,1,9,0,10,0,12,155,0,167,0,13,164,0,177,134,0,134,311
07/23/2023,DXR,CT,ANE,EN,Federal Contract Tower,0,0,8,0,8,0,11,118,0,129,0,11,126,0,137,74,0,74,211
07/24/2023,DXR,CT,ANE,EN,Federal Contract Tower,0,0,4,0,4,0,2,89,0,91,0,2,93,0,95,120,0,120,215
07/25/2023,DXR,CT,ANE,EN,Federal Contract Tower,0,1,2,0,3,0,1,75,0,76,0,2,77,0,79,74,0,74,153
07/26/2023,DXR,CT,ANE,EN,Federal Contract Tower,0,3,9,0,12,0,4,117,2,123,0,7,126,2,135,36,0,36,171
07/27/2023,DXR,CT,ANE,EN,Federal Contract Tower,0,5,9,0,14,0,4,24,0,28,0,9,33,0,42,26,0,26,68
07/28/2023,DXR,CT,ANE,EN,Federal Contract Tower,0,0,8,0,8,0,8,127,0,135,0,8,135,0,143,158,0,158,301
07/29/2023,DXR,CT,ANE,EN,Federal Contract Tower,0,1,2,0,3,0,3,46,0,49,0,4,48,0,52,66,0,66,118
07/30/2023,DXR,CT,ANE,EN,Federal Contract Tower,0,2,2,0,4,0,11,141,0,152,0,13,143,0,156,96,0,96,252
07/31/2023,DXR,CT,ANE,EN,Federal Contract Tower,0,0,2,0,2,0,6,110,2,118,0,6,112,2,120,148,0,148,268
08/01/2023,DXR,CT,ANE,EN,Federal Contract Tower,0,2,5,0,7,0,6,112,0,118,0,8,117,0,125,64,0,64,189
08/02/2023,DXR,CT,ANE,EN,Federal Contract Tower,0,3,0,0,3,0,7,151,6,164,0,10,151,6,167,102,0,102,269
08/03/2023,DXR,CT,ANE,EN,Federal Contract Tower,0,0,5,0,5,0,4,104,1,109,0,4,109,1,114,128,0,128,242
08/04/2023,DXR,CT,ANE,EN,Federal Contract Tower,0,7,6,0,13,0,1,21,0,22,0,8,27,0,35,12,0,12,47
08/05/2023,DXR,CT,ANE,EN,Federal Contract Tower,0,1,5,0,6,0,6,152,0,158,0,7,157,0,164,138,0,138,302
08/06/2023,DXR,CT,ANE,EN,Federal Contract Tower,0,1,4,0,5,0,8,147,0,155,0,9,151,0,160,164,0,164,324
08/07/2023,DXR,CT,ANE,EN,Federal Contract Tower,0,5,5,0,10,0,0,7,0,7,0,5,12,0,17,0,0,0,17
08/08/2023,DXR,CT,ANE,EN,Federal Contract Tower,0,4,12,1,17,0,2,26,1,29,0,6,38,2,46,8,0,8,54
08/09/2023,DXR,CT,ANE,EN,Federal Contract Tower,0,1,1,0,2,0,2,81,0,83,0,3,82,0,85,42,0,42,127
08/10/2023,DXR,CT,ANE,EN,Federal Contract Tower,0,0,11,0,11,0,7,58,0,65,0,7,69,0,76,36,0,36,112
08/11/2023,DXR,CT,ANE,EN,Federal Contract Tower,0,0,9,0,9,0,1,142,0,143,0,1,151,0,152,74,0,74,226
08/12/2023,DXR,CT,ANE,EN,Federal Contract Tower,0,0,9,0,9,0,1,90,0,91,0,1,99,0,100,78,0,78,178
08/13/2023,DXR,CT,ANE,EN,Federal Contract Tower,0,2,5,0,7,0,5,94,0,99,0,7,99,0,106,36,0,36,142
08/14/2023,DXR,CT,ANE,EN,Federal Contract Tower,0,0,4,0,4,0,7,88,1,96,0,7,92,1,100,54,0,54,154
08/15/2023,DXR,CT,ANE,EN,Federal Contract Tower,0,5,12,0,17,0,0,0,0,0,0,5,12,0,17,0,0,0,17
08/16/2023,DXR,CT,ANE,EN,Federal Contract Tower,0,5,12,0,17,0,2,46,0,48,0,7,58,0,65,70,0,70,135
08/17/2023,DXR,CT,ANE,EN,Federal Contract Tower,0,12,19,0,31,0,0,0,0,0,0,12,19,0,31,0,0,0,31
08/18/2023,DXR,CT,ANE,EN,Federal Contract Tower,0,2,5,0,7,0,4,71,0,75,0,6,76,0,82,106,0,106,188
08/19/2023,DXR,CT,ANE,EN,Federal Contract Tower,0,0,4,0,4,0,5,131,0,136,0,5,135,0,140,68,0,68,208
08/20/2023,DXR,CT,ANE,EN,Federal Contract Tower,0,1,5,0,6,0,5,114,0,119,0,6,119,0,125,110,0,110,235
08/21/2023,DXR,CT,ANE,EN,Federal Contract Tower,0,0,5,0,5,0,6,95,0,101,0,6,100,0,106,110,0,110,216
08/22/2023,DXR,CT,ANE,EN,Federal Contract Tower,0,2,2,0,4,0,5,82,0,87,0,7,84,0,91,54,0,54,145
08/23/2023,DXR,CT,ANE,EN,Federal Contract Tower,0,0,4,0,4,0,6,174,0,180,0,6,178,0,184,200,0,200,384
08/24/2023,DXR,CT,ANE,EN,Federal Contract Tower,0,2,17,0,19,0,1,31,0,32,0,3,48,0,51,72,0,72,123
08/25/2023,DXR,CT,ANE,EN,Federal Contract Tower,0,8,10,0,18,0,0,3,0,3,0,8,13,0,21,0,0,0,21
08/26/2023,DXR,CT,ANE,EN,Federal Contract Tower,0,0,5,0,5,0,2,111,0,113,0,2,116,0,118,134,0,134,252
08/27/2023,DXR,CT,ANE,EN,Federal Contract Tower,0,4,4,0,8,0,6,131,0,137,0,10,135,0,145,140,0,140,285
08/28/2023,DXR,CT,ANE,EN,Federal Contract Tower,0,4,12,0,16,0,3,87,0,90,0,7,99,0,106,110,0,110,216
08/29/2023,DXR,CT,ANE,EN,Federal Contract Tower,0,3,11,0,14,0,1,51,0,52,0,4,62,0,66,66,0,66,132
08/30/2023,DXR,CT,ANE,EN,Federal Contract Tower,0,0,2,0,2,0,8,54,0,62,0,8,56,0,64,60,0,60,124
08/31/2023,DXR,CT,ANE,EN,Federal Contract Tower,0,4,6,0,10,0,7,140,0,147,0,11,146,0,157,92,0,92,249
