01/01/2020,EAU,WI,AGL,CE,Federal Contract Tower,0,1,2,0,3,0,3,16,3,22,0,4,18,3,25,0,0,0,25
01/02/2020,EAU,WI,AGL,CE,Federal Contract Tower,2,5,11,0,18,0,0,9,0,9,2,5,20,0,27,0,0,0,27
01/03/2020,EAU,WI,AGL,CE,Federal Contract Tower,0,3,14,0,17,0,4,7,0,11,0,7,21,0,28,14,0,14,42
01/04/2020,EAU,WI,AGL,CE,Federal Contract Tower,0,3,6,0,9,0,2,7,0,9,0,5,13,0,18,8,0,8,26
01/05/2020,EAU,WI,AGL,CE,Federal Contract Tower,0,3,9,0,12,0,2,1,0,3,0,5,10,0,15,2,0,2,17
01/06/2020,EAU,WI,AGL,CE,Federal Contract Tower,0,6,24,0,30,0,5,39,11,55,0,11,63,11,85,22,0,22,107
01/07/2020,EAU,WI,AGL,CE,Federal Contract Tower,0,4,26,0,30,0,4,6,2,12,0,8,32,2,42,2,0,2,44
01/08/2020,EAU,WI,AGL,CE,Federal Contract Tower,0,6,35,1,42,0,6,48,8,62,0,12,83,9,104,24,0,24,128
01/09/2020,EAU,WI,AGL,CE,Federal Contract Tower,0,5,28,0,33,0,0,2,0,2,0,5,30,0,35,0,0,0,35
01/10/2020,EAU,WI,AGL,CE,Federal Contract Tower,0,3,24,1,28,0,2,10,4,16,0,5,34,5,44,0,0,0,44
01/11/2020,EAU,WI,AGL,CE,Federal Contract Tower,0,1,6,0,7,0,3,23,0,26,0,4,29,0,33,8,0,8,41
01/12/2020,EAU,WI,AGL,CE,Federal Contract Tower,0,2,14,2,18,0,6,0,0,6,0,8,14,2,24,0,0,0,24
01/13/2020,EAU,WI,AGL,CE,Federal Contract Tower,0,4,11,0,15,0,3,4,0,7,0,7,15,0,22,0,0,0,22
01/14/2020,EAU,WI,AGL,CE,Federal Contract Tower,0,3,21,0,24,0,2,0,0,2,0,5,21,0,26,0,0,0,26
01/15/2020,EAU,WI,AGL,CE,Federal Contract Tower,0,3,10,0,13,0,4,5,0,9,0,7,15,0,22,18,0,18,40
01/16/2020,EAU,WI,AGL,CE,Federal Contract Tower,0,3,14,3,20,0,2,29,2,33,0,5,43,5,53,50,0,50,103
01/17/2020,EAU,WI,AGL,CE,Federal Contract Tower,0,3,13,0,16,0,4,0,0,4,0,7,13,0,20,0,0,0,20
01/18/2020,EAU,WI,AGL,CE,Federal Contract Tower,0,0,1,0,1,0,0,0,0,0,0,0,1,0,1,0,0,0,1
01/19/2020,EAU,WI,AGL,CE,Federal Contract Tower,0,3,5,0,8,0,5,2,0,7,0,8,7,0,15,0,0,0,15
01/20/2020,EAU,WI,AGL,CE,Federal Contract Tower,0,4,22,2,28,0,3,44,0,47,0,7,66,2,75,16,0,16,91
01/21/2020,EAU,WI,AGL,CE,Federal Contract Tower,0,4,33,2,39,0,2,18,5,25,0,6,51,7,64,24,0,24,88
01/22/2020,EAU,WI,AGL,CE,Federal Contract Tower,0,3,33,0,36,0,0,0,0,0,0,3,33,0,36,0,0,0,36
01/23/2020,EAU,WI,AGL,CE,Federal Contract Tower,0,3,24,0,27,0,0,1,0,1,0,3,25,0,28,0,0,0,28
01/24/2020,EAU,WI,AGL,CE,Federal Contract Tower,0,5,16,0,21,0,0,0,0,0,0,5,16,0,21,0,0,0,21
01/25/2020,EAU,WI,AGL,CE,Federal Contract Tower,0,5,6,0,11,0,2,2,0,4,0,7,8,0,15,4,0,4,19
01/26/2020,EAU,WI,AGL,CE,Federal Contract Tower,0,2,10,0,12,0,0,0,0,0,0,2,10,0,12,0,0,0,12
01/27/2020,EAU,WI,AGL,CE,Federal Contract Tower,0,5,12,0,17,0,0,0,0,0,0,5,12,0,17,0,0,0,17
01/28/2020,EAU,WI,AGL,CE,Federal Contract Tower,0,3,15,0,18,0,0,2,0,2,0,3,17,0,20,0,0,0,20
01/29/2020,EAU,WI,AGL,CE,Federal Contract Tower,0,3,14,2,19,0,2,18,0,20,0,5,32,2,39,24,0,24,63
01/30/2020,EAU,WI,AGL,CE,Federal Contract Tower,0,5,16,0,21,0,0,0,0,0,0,5,16,0,21,0,0,0,21
01/31/2020,EAU,WI,AGL,CE,Federal Contract Tower,0,3,18,0,21,0,0,0,0,0,0,3,18,0,21,0,0,0,21
02/01/2020,EAU,WI,AGL,CE,Federal Contract Tower,2,3,8,0,13,0,5,26,2,33,2,8,34,2,46,8,0,8,54
02/02/2020,EAU,WI,AGL,CE,Federal Contract Tower,0,3,9,0,12,0,2,25,2,29,0,5,34,2,41,0,0,0,41
02/03/2020,EAU,WI,AGL,CE,Federal Contract Tower,0,3,22,3,28,0,4,33,0,37,0,7,55,3,65,20,0,20,85
02/04/2020,EAU,WI,AGL,CE,Federal Contract Tower,2,3,16,0,21,0,1,25,0,26,2,4,41,0,47,42,0,42,89
02/05/2020,EAU,WI,AGL,CE,Federal Contract Tower,2,5,16,0,23,0,1,28,3,32,2,6,44,3,55,12,0,12,67
02/06/2020,EAU,WI,AGL,CE,Federal Contract Tower,0,10,21,2,33,0,2,39,3,44,0,12,60,5,77,10,2,12,89
02/07/2020,EAU,WI,AGL,CE,Federal Contract Tower,0,3,16,0,19,0,4,9,0,13,0,7,25,0,32,6,0,6,38
02/08/2020,EAU,WI,AGL,CE,Federal Contract Tower,2,3,10,0,15,0,4,16,0,20,2,7,26,0,35,6,0,6,41
02/09/2020,EAU,WI,AGL,CE,Federal Contract Tower,0,3,10,0,13,0,0,1,0,1,0,3,11,0,14,0,0,0,14
02/10/2020,EAU,WI,AGL,CE,Federal Contract Tower,0,3,24,0,27,0,2,35,0,37,0,5,59,0,64,14,0,14,78
02/11/2020,EAU,WI,AGL,CE,Federal Contract Tower,0,3,13,1,17,0,2,1,0,3,0,5,14,1,20,6,0,6,26
02/12/2020,EAU,WI,AGL,CE,Federal Contract Tower,0,3,17,0,20,0,2,5,3,10,0,5,22,3,30,26,0,26,56
02/13/2020,EAU,WI,AGL,CE,Federal Contract Tower,0,3,21,2,26,0,0,5,0,5,0,3,26,2,31,6,0,6,37
02/14/2020,EAU,WI,AGL,CE,Federal Contract Tower,0,4,28,0,32,0,3,7,0,10,0,7,35,0,42,24,0,24,66
02/15/2020,EAU,WI,AGL,CE,Federal Contract Tower,0,3,4,0,7,0,0,12,0,12,0,3,16,0,19,32,0,32,51
02/16/2020,EAU,WI,AGL,CE,Federal Contract Tower,0,3,13,0,16,0,3,40,6,49,0,6,53,6,65,28,0,28,93
02/17/2020,EAU,WI,AGL,CE,Federal Contract Tower,0,3,14,0,17,0,1,11,0,12,0,4,25,0,29,6,0,6,35
02/18/2020,EAU,WI,AGL,CE,Federal Contract Tower,0,4,16,0,20,0,3,9,2,14,0,7,25,2,34,4,0,4,38
02/19/2020,EAU,WI,AGL,CE,Federal Contract Tower,0,3,24,0,27,0,6,21,0,27,0,9,45,0,54,22,2,24,78
02/20/2020,EAU,WI,AGL,CE,Federal Contract Tower,0,3,16,0,19,0,4,22,0,26,0,7,38,0,45,0,0,0,45
02/21/2020,EAU,WI,AGL,CE,Federal Contract Tower,0,3,21,0,24,0,2,17,4,23,0,5,38,4,47,10,0,10,57
02/22/2020,EAU,WI,AGL,CE,Federal Contract Tower,0,3,4,0,7,0,4,44,0,48,0,7,48,0,55,8,0,8,63
02/23/2020,EAU,WI,AGL,CE,Federal Contract Tower,0,4,8,0,12,0,9,32,0,41,0,13,40,0,53,26,0,26,79
02/24/2020,EAU,WI,AGL,CE,Federal Contract Tower,0,6,21,0,27,0,5,26,0,31,0,11,47,0,58,38,0,38,96
02/25/2020,EAU,WI,AGL,CE,Federal Contract Tower,0,3,21,0,24,0,2,13,0,15,0,5,34,0,39,4,0,4,43
02/26/2020,EAU,WI,AGL,CE,Federal Contract Tower,0,3,20,0,23,0,0,3,0,3,0,3,23,0,26,12,0,12,38
02/27/2020,EAU,WI,AGL,CE,Federal Contract Tower,0,3,21,0,24,0,4,24,0,28,0,7,45,0,52,18,0,18,70
02/28/2020,EAU,WI,AGL,CE,Federal Contract Tower,0,3,23,0,26,0,1,30,0,31,0,4,53,0,57,18,0,18,75
02/29/2020,EAU,WI,AGL,CE,Federal Contract Tower,0,3,5,0,8,0,3,12,0,15,0,6,17,0,23,10,0,10,33
03/01/2020,EAU,WI,AGL,CE,Federal Contract Tower,0,4,6,0,10,0,3,48,2,53,0,7,54,2,63,20,0,20,83
03/02/2020,EAU,WI,AGL,CE,Federal Contract Tower,0,3,19,0,22,0,6,15,0,21,0,9,34,0,43,18,0,18,61
03/03/2020,EAU,WI,AGL,CE,Federal Contract Tower,0,1,16,0,17,0,1,9,2,12,0,2,25,2,29,2,0,2,31
03/04/2020,EAU,WI,AGL,CE,Federal Contract Tower,0,7,20,0,27,0,3,39,2,44,0,10,59,2,71,48,0,48,119
03/05/2020,EAU,WI,AGL,CE,Federal Contract Tower,0,6,21,0,27,0,2,2,0,4,0,8,23,0,31,0,0,0,31
03/06/2020,EAU,WI,AGL,CE,Federal Contract Tower,0,3,25,0,28,0,0,0,0,0,0,3,25,0,28,2,0,2,30
03/07/2020,EAU,WI,AGL,CE,Federal Contract Tower,2,3,12,0,17,0,2,29,0,31,2,5,41,0,48,0,0,0,48
03/08/2020,EAU,WI,AGL,CE,Federal Contract Tower,0,3,11,0,14,0,3,26,1,30,0,6,37,1,44,8,0,8,52
03/09/2020,EAU,WI,AGL,CE,Federal Contract Tower,0,3,16,0,19,0,2,2,0,4,0,5,18,0,23,0,0,0,23
03/10/2020,EAU,WI,AGL,CE,Federal Contract Tower,0,3,13,0,16,0,4,15,2,21,0,7,28,2,37,8,0,8,45
03/11/2020,EAU,WI,AGL,CE,Federal Contract Tower,2,3,18,0,23,0,0,4,0,4,2,3,22,0,27,2,0,2,29
03/12/2020,EAU,WI,AGL,CE,Federal Contract Tower,0,3,14,0,17,0,0,1,0,1,0,3,15,0,18,0,0,0,18
03/13/2020,EAU,WI,AGL,CE,Federal Contract Tower,0,3,20,0,23,0,2,8,0,10,0,5,28,0,33,0,0,0,33
03/14/2020,EAU,WI,AGL,CE,Federal Contract Tower,0,3,6,0,9,0,1,32,2,35,0,4,38,2,44,24,0,24,68
03/15/2020,EAU,WI,AGL,CE,Federal Contract Tower,0,3,8,0,11,0,2,21,0,23,0,5,29,0,34,12,0,12,46
03/16/2020,EAU,WI,AGL,CE,Federal Contract Tower,0,3,6,0,9,0,0,0,0,0,0,3,6,0,9,0,0,0,9
03/17/2020,EAU,WI,AGL,CE,Federal Contract Tower,0,3,12,0,15,0,2,21,0,23,0,5,33,0,38,12,0,12,50
03/18/2020,EAU,WI,AGL,CE,Federal Contract Tower,0,3,10,0,13,0,0,2,0,2,0,3,12,0,15,0,0,0,15
03/19/2020,EAU,WI,AGL,CE,Federal Contract Tower,0,3,11,0,14,0,0,0,0,0,0,3,11,0,14,0,0,0,14
03/20/2020,EAU,WI,AGL,CE,Federal Contract Tower,0,3,10,0,13,0,4,2,1,7,0,7,12,1,20,0,0,0,20
03/21/2020,EAU,WI,AGL,CE,Federal Contract Tower,0,1,12,0,13,0,0,25,0,25,0,1,37,0,38,6,0,6,44
03/22/2020,EAU,WI,AGL,CE,Federal Contract Tower,0,1,4,0,5,0,3,6,0,9,0,4,10,0,14,0,0,0,14
03/23/2020,EAU,WI,AGL,CE,Federal Contract Tower,0,1,3,0,4,0,0,0,0,0,0,1,3,0,4,0,0,0,4
03/24/2020,EAU,WI,AGL,CE,Federal Contract Tower,0,4,4,2,10,0,2,2,0,4,0,6,6,2,14,0,0,0,14
03/25/2020,EAU,WI,AGL,CE,Federal Contract Tower,0,3,2,0,5,0,0,0,0,0,0,3,2,0,5,0,0,0,5
03/26/2020,EAU,WI,AGL,CE,Federal Contract Tower,0,4,4,0,8,0,6,17,0,23,0,10,21,0,31,10,0,10,41
03/27/2020,EAU,WI,AGL,CE,Federal Contract Tower,0,3,4,0,7,0,4,41,0,45,0,7,45,0,52,22,0,22,74
03/28/2020,EAU,WI,AGL,CE,Federal Contract Tower,0,4,0,0,4,0,2,2,0,4,0,6,2,0,8,0,0,0,8
03/29/2020,EAU,WI,AGL,CE,Federal Contract Tower,0,5,5,0,10,0,0,0,0,0,0,5,5,0,10,0,0,0,10
03/30/2020,EAU,WI,AGL,CE,Federal Contract Tower,0,4,9,0,13,0,0,26,0,26,0,4,35,0,39,6,0,6,45
03/31/2020,EAU,WI,AGL,CE,Federal Contract Tower,0,3,7,0,10,0,5,23,0,28,0,8,30,0,38,22,0,22,60
04/01/2020,EAU,WI,AGL,CE,Federal Contract Tower,0,5,5,0,10,0,0,11,0,11,0,5,16,0,21,24,0,24,45
04/02/2020,EAU,WI,AGL,CE,Federal Contract Tower,0,3,2,0,5,0,3,4,0,7,0,6,6,0,12,10,0,10,22
04/03/2020,EAU,WI,AGL,CE,Federal Contract Tower,0,3,2,0,5,0,0,0,0,0,0,3,2,0,5,0,0,0,5
04/04/2020,EAU,WI,AGL,CE,Federal Contract Tower,0,5,4,0,9,0,2,14,4,20,0,7,18,4,29,0,0,0,29
04/05/2020,EAU,WI,AGL,CE,Federal Contract Tower,0,4,2,0,6,0,2,34,3,39,0,6,36,3,45,12,0,12,57
04/06/2020,EAU,WI,AGL,CE,Federal Contract Tower,0,3,2,0,5,0,0,10,0,10,0,3,12,0,15,2,0,2,17
04/07/2020,EAU,WI,AGL,CE,Federal Contract Tower,0,4,4,0,8,0,0,0,0,0,0,4,4,0,8,0,0,0,8
04/08/2020,EAU,WI,AGL,CE,Federal Contract Tower,0,3,3,0,6,0,8,12,2,22,0,11,15,2,28,4,0,4,32
04/09/2020,EAU,WI,AGL,CE,Federal Contract Tower,0,4,3,0,7,0,2,3,0,5,0,6,6,0,12,0,0,0,12
04/10/2020,EAU,WI,AGL,CE,Federal Contract Tower,0,3,3,0,6,0,7,28,0,35,0,10,31,0,41,4,0,4,45
04/11/2020,EAU,WI,AGL,CE,Federal Contract Tower,0,3,1,0,4,0,5,37,0,42,0,8,38,0,46,10,0,10,56
04/12/2020,EAU,WI,AGL,CE,Federal Contract Tower,0,1,0,0,1,0,0,0,0,0,0,1,0,0,1,0,0,0,1
04/13/2020,EAU,WI,AGL,CE,Federal Contract Tower,0,2,2,0,4,0,5,2,0,7,0,7,4,0,11,2,0,2,13
04/14/2020,EAU,WI,AGL,CE,Federal Contract Tower,0,3,2,0,5,0,0,3,0,3,0,3,5,0,8,0,0,0,8
04/15/2020,EAU,WI,AGL,CE,Federal Contract Tower,0,5,7,2,14,0,1,15,0,16,0,6,22,2,30,28,0,28,58
04/16/2020,EAU,WI,AGL,CE,Federal Contract Tower,0,4,6,0,10,0,4,13,1,18,0,8,19,1,28,12,0,12,40
04/17/2020,EAU,WI,AGL,CE,Federal Contract Tower,0,3,7,0,10,0,1,29,0,30,0,4,36,0,40,10,0,10,50
04/18/2020,EAU,WI,AGL,CE,Federal Contract Tower,0,4,4,0,8,0,4,21,0,25,0,8,25,0,33,2,0,2,35
04/19/2020,EAU,WI,AGL,CE,Federal Contract Tower,0,3,1,0,4,0,0,32,0,32,0,3,33,0,36,4,0,4,40
04/20/2020,EAU,WI,AGL,CE,Federal Contract Tower,0,3,0,0,3,0,0,9,0,9,0,3,9,0,12,0,0,0,12
04/21/2020,EAU,WI,AGL,CE,Federal Contract Tower,0,5,3,0,8,0,0,16,1,17,0,5,19,1,25,10,2,12,37
04/22/2020,EAU,WI,AGL,CE,Federal Contract Tower,0,4,1,0,5,0,1,21,0,22,0,5,22,0,27,32,0,32,59
04/23/2020,EAU,WI,AGL,CE,Federal Contract Tower,0,6,3,0,9,0,6,14,0,20,0,12,17,0,29,2,0,2,31
04/24/2020,EAU,WI,AGL,CE,Federal Contract Tower,0,3,5,0,8,0,1,27,0,28,0,4,32,0,36,10,0,10,46
04/25/2020,EAU,WI,AGL,CE,Federal Contract Tower,0,3,5,0,8,0,1,38,0,39,0,4,43,0,47,8,0,8,55
04/26/2020,EAU,WI,AGL,CE,Federal Contract Tower,0,3,1,0,4,0,5,26,4,35,0,8,27,4,39,0,0,0,39
04/27/2020,EAU,WI,AGL,CE,Federal Contract Tower,0,4,0,0,4,0,3,4,0,7,0,7,4,0,11,2,0,2,13
04/28/2020,EAU,WI,AGL,CE,Federal Contract Tower,0,3,4,0,7,0,0,1,0,1,0,3,5,0,8,0,0,0,8
04/29/2020,EAU,WI,AGL,CE,Federal Contract Tower,0,5,0,0,5,0,4,4,0,8,0,9,4,0,13,0,0,0,13
04/30/2020,EAU,WI,AGL,CE,Federal Contract Tower,0,3,4,0,7,0,8,26,0,34,0,11,30,0,41,0,0,0,41
05/01/2020,EAU,WI,AGL,CE,Federal Contract Tower,0,1,4,0,5,0,3,18,2,23,0,4,22,2,28,0,0,0,28
05/02/2020,EAU,WI,AGL,CE,Federal Contract Tower,0,1,2,0,3,0,4,16,0,20,0,5,18,0,23,12,0,12,35
05/03/2020,EAU,WI,AGL,CE,Federal Contract Tower,0,3,0,0,3,0,1,15,0,16,0,4,15,0,19,0,0,0,19
05/04/2020,EAU,WI,AGL,CE,Federal Contract Tower,0,8,9,0,17,0,3,23,0,26,0,11,32,0,43,4,0,4,47
05/05/2020,EAU,WI,AGL,CE,Federal Contract Tower,0,4,0,1,5,0,2,14,0,16,0,6,14,1,21,0,0,0,21
05/06/2020,EAU,WI,AGL,CE,Federal Contract Tower,0,4,10,0,14,0,4,10,0,14,0,8,20,0,28,2,0,2,30
05/07/2020,EAU,WI,AGL,CE,Federal Contract Tower,0,5,8,0,13,0,1,20,0,21,0,6,28,0,34,0,0,0,34
05/08/2020,EAU,WI,AGL,CE,Federal Contract Tower,0,4,7,0,11,0,0,13,0,13,0,4,20,0,24,6,0,6,30
05/09/2020,EAU,WI,AGL,CE,Federal Contract Tower,0,4,2,0,6,0,2,17,0,19,0,6,19,0,25,16,0,16,41
05/10/2020,EAU,WI,AGL,CE,Federal Contract Tower,0,3,0,0,3,0,2,3,0,5,0,5,3,0,8,2,0,2,10
05/11/2020,EAU,WI,AGL,CE,Federal Contract Tower,0,4,8,0,12,0,3,18,2,23,0,7,26,2,35,14,0,14,49
05/12/2020,EAU,WI,AGL,CE,Federal Contract Tower,0,6,2,0,8,0,1,31,3,35,0,7,33,3,43,12,0,12,55
05/13/2020,EAU,WI,AGL,CE,Federal Contract Tower,0,5,5,0,10,0,2,13,0,15,0,7,18,0,25,2,0,2,27
05/14/2020,EAU,WI,AGL,CE,Federal Contract Tower,0,7,22,0,29,0,6,7,0,13,0,13,29,0,42,6,0,6,48
05/15/2020,EAU,WI,AGL,CE,Federal Contract Tower,0,4,1,0,5,0,4,12,0,16,0,8,13,0,21,0,0,0,21
05/16/2020,EAU,WI,AGL,CE,Federal Contract Tower,0,7,2,0,9,0,13,26,0,39,0,20,28,0,48,16,0,16,64
05/17/2020,EAU,WI,AGL,CE,Federal Contract Tower,0,7,0,0,7,0,0,0,0,0,0,7,0,0,7,0,0,0,7
05/18/2020,EAU,WI,AGL,CE,Federal Contract Tower,0,4,7,0,11,0,1,1,0,2,0,5,8,0,13,0,0,0,13
05/19/2020,EAU,WI,AGL,CE,Federal Contract Tower,0,5,3,0,8,0,6,4,0,10,0,11,7,0,18,30,0,30,48
05/20/2020,EAU,WI,AGL,CE,Federal Contract Tower,0,5,10,0,15,0,3,10,0,13,0,8,20,0,28,28,0,28,56
05/21/2020,EAU,WI,AGL,CE,Federal Contract Tower,0,6,5,0,11,0,4,15,2,21,0,10,20,2,32,0,0,0,32
05/22/2020,EAU,WI,AGL,CE,Federal Contract Tower,0,4,9,0,13,0,3,12,0,15,0,7,21,0,28,0,0,0,28
05/23/2020,EAU,WI,AGL,CE,Federal Contract Tower,0,5,1,0,6,0,4,8,0,12,0,9,9,0,18,12,0,12,30
05/24/2020,EAU,WI,AGL,CE,Federal Contract Tower,0,7,8,0,15,0,7,20,0,27,0,14,28,0,42,20,0,20,62
05/25/2020,EAU,WI,AGL,CE,Federal Contract Tower,0,4,1,0,5,0,2,3,0,5,0,6,4,0,10,2,0,2,12
05/26/2020,EAU,WI,AGL,CE,Federal Contract Tower,0,5,6,0,11,0,0,11,0,11,0,5,17,0,22,6,0,6,28
05/27/2020,EAU,WI,AGL,CE,Federal Contract Tower,0,4,14,0,18,0,3,4,0,7,0,7,18,0,25,8,0,8,33
05/28/2020,EAU,WI,AGL,CE,Federal Contract Tower,0,4,6,0,10,0,1,13,0,14,0,5,19,0,24,10,0,10,34
05/29/2020,EAU,WI,AGL,CE,Federal Contract Tower,0,5,6,0,11,0,2,24,0,26,0,7,30,0,37,0,0,0,37
05/30/2020,EAU,WI,AGL,CE,Federal Contract Tower,0,7,4,0,11,0,3,35,0,38,0,10,39,0,49,14,0,14,63
05/31/2020,EAU,WI,AGL,CE,Federal Contract Tower,0,4,8,0,12,0,6,31,2,39,0,10,39,2,51,6,0,6,57
06/01/2020,EAU,WI,AGL,CE,Federal Contract Tower,0,7,0,0,7,0,7,16,0,23,0,14,16,0,30,8,0,8,38
06/02/2020,EAU,WI,AGL,CE,Federal Contract Tower,0,2,6,0,8,0,0,17,0,17,0,2,23,0,25,32,0,32,57
06/03/2020,EAU,WI,AGL,CE,Federal Contract Tower,0,3,7,0,10,0,3,22,0,25,0,6,29,0,35,62,0,62,97
06/04/2020,EAU,WI,AGL,CE,Federal Contract Tower,0,2,2,0,4,0,2,21,0,23,0,4,23,0,27,2,0,2,29
06/05/2020,EAU,WI,AGL,CE,Federal Contract Tower,0,2,4,0,6,0,6,16,0,22,0,8,20,0,28,0,0,0,28
06/06/2020,EAU,WI,AGL,CE,Federal Contract Tower,0,2,5,0,7,0,6,28,0,34,0,8,33,0,41,10,0,10,51
06/07/2020,EAU,WI,AGL,CE,Federal Contract Tower,0,3,6,0,9,0,5,6,0,11,0,8,12,0,20,6,0,6,26
06/08/2020,EAU,WI,AGL,CE,Federal Contract Tower,0,2,0,0,2,0,3,7,2,12,0,5,7,2,14,2,0,2,16
06/09/2020,EAU,WI,AGL,CE,Federal Contract Tower,0,2,4,0,6,0,5,10,0,15,0,7,14,0,21,12,0,12,33
06/10/2020,EAU,WI,AGL,CE,Federal Contract Tower,0,2,2,0,4,0,4,5,0,9,0,6,7,0,13,0,0,0,13
06/11/2020,EAU,WI,AGL,CE,Federal Contract Tower,0,2,8,0,10,0,1,31,1,33,0,3,39,1,43,8,0,8,51
06/12/2020,EAU,WI,AGL,CE,Federal Contract Tower,0,2,9,0,11,0,4,37,0,41,0,6,46,0,52,2,0,2,54
06/13/2020,EAU,WI,AGL,CE,Federal Contract Tower,0,2,14,0,16,0,5,46,0,51,0,7,60,0,67,26,0,26,93
06/14/2020,EAU,WI,AGL,CE,Federal Contract Tower,0,3,6,2,11,0,7,15,1,23,0,10,21,3,34,0,0,0,34
06/15/2020,EAU,WI,AGL,CE,Federal Contract Tower,0,3,3,1,7,0,2,13,3,18,0,5,16,4,25,2,0,2,27
06/16/2020,EAU,WI,AGL,CE,Federal Contract Tower,0,3,7,0,10,0,4,21,2,27,0,7,28,2,37,12,0,12,49
06/17/2020,EAU,WI,AGL,CE,Federal Contract Tower,0,2,1,0,3,0,0,18,0,18,0,2,19,0,21,0,0,0,21
06/18/2020,EAU,WI,AGL,CE,Federal Contract Tower,0,2,9,4,15,0,2,19,0,21,0,4,28,4,36,28,0,28,64
06/19/2020,EAU,WI,AGL,CE,Federal Contract Tower,0,2,8,1,11,0,3,19,0,22,0,5,27,1,33,26,0,26,59
06/20/2020,EAU,WI,AGL,CE,Federal Contract Tower,0,2,5,0,7,0,2,1,0,3,0,4,6,0,10,6,0,6,16
06/21/2020,EAU,WI,AGL,CE,Federal Contract Tower,0,2,4,0,6,0,0,17,4,21,0,2,21,4,27,12,0,12,39
06/22/2020,EAU,WI,AGL,CE,Federal Contract Tower,0,2,4,0,6,0,0,13,0,13,0,2,17,0,19,6,0,6,25
06/23/2020,EAU,WI,AGL,CE,Federal Contract Tower,0,6,9,0,15,0,3,19,0,22,0,9,28,0,37,8,0,8,45
06/24/2020,EAU,WI,AGL,CE,Federal Contract Tower,0,2,7,0,9,0,2,27,0,29,0,4,34,0,38,14,0,14,52
06/25/2020,EAU,WI,AGL,CE,Federal Contract Tower,0,5,18,0,23,0,0,35,2,37,0,5,53,2,60,52,0,52,112
06/26/2020,EAU,WI,AGL,CE,Federal Contract Tower,0,7,5,0,12,0,0,8,0,8,0,7,13,0,20,0,0,0,20
06/27/2020,EAU,WI,AGL,CE,Federal Contract Tower,0,3,4,0,7,0,15,45,0,60,0,18,49,0,67,16,0,16,83
06/28/2020,EAU,WI,AGL,CE,Federal Contract Tower,0,4,2,0,6,0,2,29,2,33,0,6,31,2,39,4,2,6,45
06/29/2020,EAU,WI,AGL,CE,Federal Contract Tower,0,4,1,0,5,0,0,3,0,3,0,4,4,0,8,0,0,0,8
06/30/2020,EAU,WI,AGL,CE,Federal Contract Tower,0,2,9,1,12,0,5,30,1,36,0,7,39,2,48,28,0,28,76
07/01/2020,EAU,WI,AGL,CE,Federal Contract Tower,0,3,8,0,11,0,5,24,0,29,0,8,32,0,40,2,0,2,42
07/02/2020,EAU,WI,AGL,CE,Federal Contract Tower,0,4,13,0,17,0,5,18,1,24,0,9,31,1,41,22,0,22,63
07/03/2020,EAU,WI,AGL,CE,Federal Contract Tower,0,2,6,0,8,0,3,24,2,29,0,5,30,2,37,44,0,44,81
07/04/2020,EAU,WI,AGL,CE,Federal Contract Tower,0,3,2,0,5,0,1,24,0,25,0,4,26,0,30,10,0,10,40
07/05/2020,EAU,WI,AGL,CE,Federal Contract Tower,0,5,4,0,9,0,4,14,0,18,0,9,18,0,27,2,0,2,29
07/06/2020,EAU,WI,AGL,CE,Federal Contract Tower,0,9,2,0,11,0,6,18,0,24,0,15,20,0,35,20,0,20,55
07/07/2020,EAU,WI,AGL,CE,Federal Contract Tower,0,5,4,0,9,0,3,30,0,33,0,8,34,0,42,16,0,16,58
07/08/2020,EAU,WI,AGL,CE,Federal Contract Tower,0,4,9,0,13,0,0,55,0,55,0,4,64,0,68,34,0,34,102
07/09/2020,EAU,WI,AGL,CE,Federal Contract Tower,2,4,5,0,11,0,0,9,0,9,2,4,14,0,20,2,0,2,22
07/10/2020,EAU,WI,AGL,CE,Federal Contract Tower,0,5,18,0,23,0,0,61,0,61,0,5,79,0,84,12,0,12,96
07/11/2020,EAU,WI,AGL,CE,Federal Contract Tower,0,4,4,0,8,0,2,24,2,28,0,6,28,2,36,30,0,30,66
07/12/2020,EAU,WI,AGL,CE,Federal Contract Tower,0,4,6,0,10,0,4,36,2,42,0,8,42,2,52,20,0,20,72
07/13/2020,EAU,WI,AGL,CE,Federal Contract Tower,0,4,5,4,13,0,4,21,0,25,0,8,26,4,38,8,0,8,46
07/14/2020,EAU,WI,AGL,CE,Federal Contract Tower,0,4,6,0,10,0,0,4,0,4,0,4,10,0,14,0,0,0,14
07/15/2020,EAU,WI,AGL,CE,Federal Contract Tower,0,8,14,0,22,0,5,37,2,44,0,13,51,2,66,14,0,14,80
07/16/2020,EAU,WI,AGL,CE,Federal Contract Tower,0,4,24,0,28,0,2,41,0,43,0,6,65,0,71,68,0,68,139
07/18/2020,EAU,WI,AGL,CE,Federal Contract Tower,0,4,6,0,10,0,1,23,0,24,0,5,29,0,34,0,0,0,34
07/19/2020,EAU,WI,AGL,CE,Federal Contract Tower,0,4,5,0,9,0,2,13,2,17,0,6,18,2,26,2,0,2,28
07/20/2020,EAU,WI,AGL,CE,Federal Contract Tower,0,4,22,0,26,0,5,39,0,44,0,9,61,0,70,12,0,12,82
07/21/2020,EAU,WI,AGL,CE,Federal Contract Tower,0,6,11,0,17,0,1,11,0,12,0,7,22,0,29,4,0,4,33
07/22/2020,EAU,WI,AGL,CE,Federal Contract Tower,0,5,25,1,31,0,6,19,3,28,0,11,44,4,59,4,0,4,63
07/23/2020,EAU,WI,AGL,CE,Federal Contract Tower,0,3,19,0,22,0,2,28,0,30,0,5,47,0,52,32,0,32,84
07/24/2020,EAU,WI,AGL,CE,Federal Contract Tower,0,8,13,0,21,0,1,49,0,50,0,9,62,0,71,24,0,24,95
07/25/2020,EAU,WI,AGL,CE,Federal Contract Tower,0,4,10,0,14,0,2,25,0,27,0,6,35,0,41,16,0,16,57
07/26/2020,EAU,WI,AGL,CE,Federal Contract Tower,0,4,7,0,11,0,4,5,0,9,0,8,12,0,20,16,0,16,36
07/27/2020,EAU,WI,AGL,CE,Federal Contract Tower,0,4,13,0,17,0,5,31,0,36,0,9,44,0,53,16,0,16,69
07/28/2020,EAU,WI,AGL,CE,Federal Contract Tower,0,4,16,0,20,0,3,20,1,24,0,7,36,1,44,38,4,42,86
07/29/2020,EAU,WI,AGL,CE,Federal Contract Tower,0,4,9,1,14,0,0,48,4,52,0,4,57,5,66,38,0,38,104
07/30/2020,EAU,WI,AGL,CE,Federal Contract Tower,0,7,17,0,24,0,4,38,0,42,0,11,55,0,66,36,0,36,102
07/31/2020,EAU,WI,AGL,CE,Federal Contract Tower,0,5,10,0,15,0,6,31,0,37,0,11,41,0,52,12,0,12,64
08/01/2020,EAU,WI,AGL,CE,Federal Contract Tower,0,4,6,0,10,0,5,35,0,40,0,9,41,0,50,18,0,18,68
08/02/2020,EAU,WI,AGL,CE,Federal Contract Tower,0,5,10,1,16,0,3,10,1,14,0,8,20,2,30,4,0,4,34
08/03/2020,EAU,WI,AGL,CE,Federal Contract Tower,0,3,9,0,12,0,4,14,0,18,0,7,23,0,30,30,0,30,60
08/04/2020,EAU,WI,AGL,CE,Federal Contract Tower,0,4,21,0,25,0,0,35,0,35,0,4,56,0,60,34,0,34,94
08/05/2020,EAU,WI,AGL,CE,Federal Contract Tower,0,3,8,0,11,0,7,30,2,39,0,10,38,2,50,33,0,33,83
08/06/2020,EAU,WI,AGL,CE,Federal Contract Tower,0,3,15,6,24,0,4,33,3,40,0,7,48,9,64,58,0,58,122
08/07/2020,EAU,WI,AGL,CE,Federal Contract Tower,0,3,3,0,6,0,2,8,0,10,0,5,11,0,16,2,0,2,18
08/08/2020,EAU,WI,AGL,CE,Federal Contract Tower,0,5,4,0,9,0,0,15,0,15,0,5,19,0,24,6,0,6,30
08/09/2020,EAU,WI,AGL,CE,Federal Contract Tower,0,3,5,0,8,0,2,11,0,13,0,5,16,0,21,8,0,8,29
08/10/2020,EAU,WI,AGL,CE,Federal Contract Tower,0,5,10,0,15,0,0,10,0,10,0,5,20,0,25,18,0,18,43
08/11/2020,EAU,WI,AGL,CE,Federal Contract Tower,0,3,9,0,12,0,2,37,3,42,0,5,46,3,54,22,0,22,76
08/12/2020,EAU,WI,AGL,CE,Federal Contract Tower,0,3,11,0,14,0,3,13,0,16,0,6,24,0,30,20,0,20,50
08/13/2020,EAU,WI,AGL,CE,Federal Contract Tower,0,5,24,3,32,0,3,12,0,15,0,8,36,3,47,18,0,18,65
08/14/2020,EAU,WI,AGL,CE,Federal Contract Tower,2,5,4,1,12,0,4,8,6,18,2,9,12,7,30,10,0,10,40
08/15/2020,EAU,WI,AGL,CE,Federal Contract Tower,0,3,5,0,8,0,3,27,4,34,0,6,32,4,42,0,0,0,42
08/16/2020,EAU,WI,AGL,CE,Federal Contract Tower,0,7,7,0,14,0,0,40,0,40,0,7,47,0,54,16,0,16,70
08/17/2020,EAU,WI,AGL,CE,Federal Contract Tower,0,5,8,0,13,0,2,23,0,25,0,7,31,0,38,6,0,6,44
08/18/2020,EAU,WI,AGL,CE,Federal Contract Tower,0,3,8,2,13,0,0,36,1,37,0,3,44,3,50,20,0,20,70
08/19/2020,EAU,WI,AGL,CE,Federal Contract Tower,0,3,12,0,15,0,2,26,2,30,0,5,38,2,45,52,0,52,97
08/20/2020,EAU,WI,AGL,CE,Federal Contract Tower,0,4,16,0,20,0,2,37,0,39,0,6,53,0,59,26,0,26,85
08/21/2020,EAU,WI,AGL,CE,Federal Contract Tower,0,3,7,1,11,0,0,0,0,0,0,3,7,1,11,18,0,18,29
08/22/2020,EAU,WI,AGL,CE,Federal Contract Tower,0,3,2,0,5,0,0,0,0,0,0,3,2,0,5,6,0,6,11
08/23/2020,EAU,WI,AGL,CE,Federal Contract Tower,0,3,6,0,9,0,5,28,0,33,0,8,34,0,42,22,0,22,64
08/24/2020,EAU,WI,AGL,CE,Federal Contract Tower,0,6,8,0,14,0,3,21,0,24,0,9,29,0,38,2,0,2,40
08/25/2020,EAU,WI,AGL,CE,Federal Contract Tower,0,4,9,1,14,0,1,36,1,38,0,5,45,2,52,16,0,16,68
08/26/2020,EAU,WI,AGL,CE,Federal Contract Tower,0,5,21,0,26,0,2,19,2,23,0,7,40,2,49,30,0,30,79
08/27/2020,EAU,WI,AGL,CE,Federal Contract Tower,0,4,17,0,21,0,1,23,0,24,0,5,40,0,45,2,0,2,47
08/28/2020,EAU,WI,AGL,CE,Federal Contract Tower,0,3,11,0,14,0,2,8,0,10,0,5,19,0,24,0,0,0,24
08/29/2020,EAU,WI,AGL,CE,Federal Contract Tower,0,3,8,0,11,0,6,34,0,40,0,9,42,0,51,0,0,0,51
08/30/2020,EAU,WI,AGL,CE,Federal Contract Tower,0,3,5,0,8,0,2,58,2,62,0,5,63,2,70,6,0,6,76
08/31/2020,EAU,WI,AGL,CE,Federal Contract Tower,0,7,8,0,15,0,2,23,0,25,0,9,31,0,40,2,0,2,42
09/01/2020,EAU,WI,AGL,CE,Federal Contract Tower,0,4,17,0,21,0,2,39,3,44,0,6,56,3,65,36,0,36,101
09/02/2020,EAU,WI,AGL,CE,Federal Contract Tower,0,4,15,0,19,0,3,36,0,39,0,7,51,0,58,54,0,54,112
09/03/2020,EAU,WI,AGL,CE,Federal Contract Tower,0,3,21,0,24,0,0,5,0,5,0,3,26,0,29,12,0,12,41
09/04/2020,EAU,WI,AGL,CE,Federal Contract Tower,0,3,16,0,19,0,2,41,3,46,0,5,57,3,65,2,0,2,67
09/05/2020,EAU,WI,AGL,CE,Federal Contract Tower,0,7,4,1,12,0,6,39,3,48,0,13,43,4,60,16,0,16,76
09/06/2020,EAU,WI,AGL,CE,Federal Contract Tower,0,2,1,0,3,0,7,14,0,21,0,9,15,0,24,2,0,2,26
09/07/2020,EAU,WI,AGL,CE,Federal Contract Tower,0,3,8,0,11,0,0,20,0,20,0,3,28,0,31,12,0,12,43
09/08/2020,EAU,WI,AGL,CE,Federal Contract Tower,0,3,8,0,11,0,2,10,0,12,0,5,18,0,23,12,0,12,35
09/09/2020,EAU,WI,AGL,CE,Federal Contract Tower,0,4,15,0,19,0,2,5,0,7,0,6,20,0,26,6,0,6,32
09/10/2020,EAU,WI,AGL,CE,Federal Contract Tower,0,5,20,0,25,0,3,20,0,23,0,8,40,0,48,14,0,14,62
09/11/2020,EAU,WI,AGL,CE,Federal Contract Tower,0,3,15,2,20,0,2,23,0,25,0,5,38,2,45,0,0,0,45
09/12/2020,EAU,WI,AGL,CE,Federal Contract Tower,0,1,14,0,15,0,0,0,0,0,0,1,14,0,15,0,0,0,15
09/13/2020,EAU,WI,AGL,CE,Federal Contract Tower,0,5,13,0,18,0,8,17,0,25,0,13,30,0,43,4,0,4,47
09/14/2020,EAU,WI,AGL,CE,Federal Contract Tower,0,4,19,2,25,0,0,18,2,20,0,4,37,4,45,0,0,0,45
09/15/2020,EAU,WI,AGL,CE,Federal Contract Tower,0,4,12,0,16,0,6,18,0,24,0,10,30,0,40,8,8,16,56
09/16/2020,EAU,WI,AGL,CE,Federal Contract Tower,0,4,16,0,20,0,6,26,6,38,0,10,42,6,58,36,0,36,94
09/17/2020,EAU,WI,AGL,CE,Federal Contract Tower,0,3,16,2,21,0,2,43,1,46,0,5,59,3,67,22,0,22,89
09/18/2020,EAU,WI,AGL,CE,Federal Contract Tower,0,4,8,0,12,0,0,43,2,45,0,4,51,2,57,4,0,4,61
09/19/2020,EAU,WI,AGL,CE,Federal Contract Tower,0,6,6,2,14,0,6,35,2,43,0,12,41,4,57,18,0,18,75
09/20/2020,EAU,WI,AGL,CE,Federal Contract Tower,0,4,4,12,20,0,4,22,0,26,0,8,26,12,46,0,0,0,46
09/21/2020,EAU,WI,AGL,CE,Federal Contract Tower,0,3,13,0,16,0,1,18,0,19,0,4,31,0,35,2,0,2,37
09/22/2020,EAU,WI,AGL,CE,Federal Contract Tower,0,6,19,3,28,0,7,41,4,52,0,13,60,7,80,94,0,94,174
09/23/2020,EAU,WI,AGL,CE,Federal Contract Tower,0,4,16,0,20,0,3,12,1,16,0,7,28,1,36,38,8,46,82
09/24/2020,EAU,WI,AGL,CE,Federal Contract Tower,0,4,16,4,24,0,5,2,6,13,0,9,18,10,37,0,0,0,37
09/25/2020,EAU,WI,AGL,CE,Federal Contract Tower,0,4,10,0,14,0,5,28,6,39,0,9,38,6,53,18,4,22,75
09/26/2020,EAU,WI,AGL,CE,Federal Contract Tower,0,3,14,0,17,0,2,28,1,31,0,5,42,1,48,0,6,6,54
09/27/2020,EAU,WI,AGL,CE,Federal Contract Tower,0,4,13,0,17,0,1,15,0,16,0,5,28,0,33,10,0,10,43
09/28/2020,EAU,WI,AGL,CE,Federal Contract Tower,0,4,11,3,18,0,0,12,0,12,0,4,23,3,30,0,0,0,30
09/29/2020,EAU,WI,AGL,CE,Federal Contract Tower,0,3,16,0,19,0,0,24,0,24,0,3,40,0,43,26,0,26,69
09/30/2020,EAU,WI,AGL,CE,Federal Contract Tower,0,4,23,0,27,0,2,4,0,6,0,6,27,0,33,38,0,38,71
10/01/2020,EAU,WI,AGL,CE,Federal Contract Tower,0,4,19,0,23,0,2,7,0,9,0,6,26,0,32,34,0,34,66
10/02/2020,EAU,WI,AGL,CE,Federal Contract Tower,0,3,21,0,24,0,4,51,0,55,0,7,72,0,79,18,0,18,97
10/03/2020,EAU,WI,AGL,CE,Federal Contract Tower,0,3,9,0,12,0,5,25,0,30,0,8,34,0,42,8,0,8,50
10/04/2020,EAU,WI,AGL,CE,Federal Contract Tower,0,3,9,0,12,0,2,41,0,43,0,5,50,0,55,16,0,16,71
10/05/2020,EAU,WI,AGL,CE,Federal Contract Tower,0,4,27,0,31,0,3,23,0,26,0,7,50,0,57,14,0,14,71
10/06/2020,EAU,WI,AGL,CE,Federal Contract Tower,0,3,11,0,14,0,5,14,1,20,0,8,25,1,34,4,0,4,38
10/07/2020,EAU,WI,AGL,CE,Federal Contract Tower,0,4,18,1,23,0,5,30,0,35,0,9,48,1,58,22,0,22,80
10/08/2020,EAU,WI,AGL,CE,Federal Contract Tower,0,4,9,0,13,0,0,42,0,42,0,4,51,0,55,36,0,36,91
10/09/2020,EAU,WI,AGL,CE,Federal Contract Tower,0,3,8,0,11,0,6,11,0,17,0,9,19,0,28,4,0,4,32
10/10/2020,EAU,WI,AGL,CE,Federal Contract Tower,0,3,3,3,9,0,0,0,0,0,0,3,3,3,9,20,6,26,35
10/11/2020,EAU,WI,AGL,CE,Federal Contract Tower,0,3,5,0,8,0,1,7,0,8,0,4,12,0,16,0,0,0,16
10/12/2020,EAU,WI,AGL,CE,Federal Contract Tower,0,6,13,0,19,0,2,11,0,13,0,8,24,0,32,0,0,0,32
10/13/2020,EAU,WI,AGL,CE,Federal Contract Tower,0,3,19,0,22,0,0,22,0,22,0,3,41,0,44,14,0,14,58
10/14/2020,EAU,WI,AGL,CE,Federal Contract Tower,0,3,24,0,27,0,0,9,0,9,0,3,33,0,36,16,0,16,52
10/15/2020,EAU,WI,AGL,CE,Federal Contract Tower,0,3,8,1,12,0,1,18,1,20,0,4,26,2,32,42,2,44,76
10/16/2020,EAU,WI,AGL,CE,Federal Contract Tower,0,3,15,2,20,0,1,6,1,8,0,4,21,3,28,24,0,24,52
10/17/2020,EAU,WI,AGL,CE,Federal Contract Tower,0,3,6,0,9,0,0,21,0,21,0,3,27,0,30,10,0,10,40
10/18/2020,EAU,WI,AGL,CE,Federal Contract Tower,0,6,7,0,13,0,5,36,4,45,0,11,43,4,58,22,0,22,80
10/19/2020,EAU,WI,AGL,CE,Federal Contract Tower,0,5,13,0,18,0,6,15,0,21,0,11,28,0,39,30,0,30,69
10/20/2020,EAU,WI,AGL,CE,Federal Contract Tower,0,1,6,0,7,0,0,0,0,0,0,1,6,0,7,0,0,0,7
10/21/2020,EAU,WI,AGL,CE,Federal Contract Tower,0,5,9,1,15,0,6,28,6,40,0,11,37,7,55,28,6,34,89
10/22/2020,EAU,WI,AGL,CE,Federal Contract Tower,0,3,14,0,17,0,0,3,0,3,0,3,17,0,20,4,0,4,24
10/23/2020,EAU,WI,AGL,CE,Federal Contract Tower,0,3,8,0,11,0,2,0,0,2,0,5,8,0,13,0,0,0,13
10/24/2020,EAU,WI,AGL,CE,Federal Contract Tower,0,8,13,0,21,0,6,37,2,45,0,14,50,2,66,18,0,18,84
10/25/2020,EAU,WI,AGL,CE,Federal Contract Tower,0,4,5,0,9,0,0,2,0,2,0,4,7,0,11,0,0,0,11
10/26/2020,EAU,WI,AGL,CE,Federal Contract Tower,2,3,12,0,17,0,3,12,0,15,2,6,24,0,32,8,0,8,40
10/27/2020,EAU,WI,AGL,CE,Federal Contract Tower,0,5,22,0,27,0,3,17,0,20,0,8,39,0,47,32,0,32,79
10/28/2020,EAU,WI,AGL,CE,Federal Contract Tower,0,5,16,0,21,0,3,16,3,22,0,8,32,3,43,8,0,8,51
10/29/2020,EAU,WI,AGL,CE,Federal Contract Tower,0,3,14,0,17,0,1,10,0,11,0,4,24,0,28,20,0,20,48
10/30/2020,EAU,WI,AGL,CE,Federal Contract Tower,2,3,15,1,21,0,6,36,3,45,2,9,51,4,66,14,4,18,84
10/31/2020,EAU,WI,AGL,CE,Federal Contract Tower,0,5,1,0,6,0,6,7,0,13,0,11,8,0,19,0,0,0,19
11/01/2020,EAU,WI,AGL,CE,Federal Contract Tower,0,6,3,0,9,0,4,8,0,12,0,10,11,0,21,0,0,0,21
11/02/2020,EAU,WI,AGL,CE,Federal Contract Tower,0,4,14,0,18,0,13,23,0,36,0,17,37,0,54,16,0,16,70
11/03/2020,EAU,WI,AGL,CE,Federal Contract Tower,0,3,9,2,14,0,4,26,2,32,0,7,35,4,46,30,0,30,76
11/04/2020,EAU,WI,AGL,CE,Federal Contract Tower,0,3,16,0,19,0,4,37,1,42,0,7,53,1,61,18,0,18,79
11/05/2020,EAU,WI,AGL,CE,Federal Contract Tower,2,3,17,2,24,0,1,47,0,48,2,4,64,2,72,20,0,20,92
11/06/2020,EAU,WI,AGL,CE,Federal Contract Tower,0,3,8,0,11,0,2,31,0,33,0,5,39,0,44,28,0,28,72
11/07/2020,EAU,WI,AGL,CE,Federal Contract Tower,0,3,2,0,5,0,5,25,0,30,0,8,27,0,35,2,0,2,37
11/08/2020,EAU,WI,AGL,CE,Federal Contract Tower,0,3,5,0,8,0,2,1,0,3,0,5,6,0,11,0,0,0,11
11/09/2020,EAU,WI,AGL,CE,Federal Contract Tower,0,6,13,0,19,0,0,0,0,0,0,6,13,0,19,0,0,0,19
11/10/2020,EAU,WI,AGL,CE,Federal Contract Tower,0,3,6,0,9,0,0,0,0,0,0,3,6,0,9,0,0,0,9
11/11/2020,EAU,WI,AGL,CE,Federal Contract Tower,0,3,8,0,11,0,2,19,0,21,0,5,27,0,32,12,0,12,44
11/12/2020,EAU,WI,AGL,CE,Federal Contract Tower,0,3,4,0,7,0,0,5,0,5,0,3,9,0,12,26,0,26,38
11/13/2020,EAU,WI,AGL,CE,Federal Contract Tower,0,3,14,0,17,0,2,25,3,30,0,5,39,3,47,22,0,22,69
11/14/2020,EAU,WI,AGL,CE,Federal Contract Tower,0,3,0,0,3,0,0,13,0,13,0,3,13,0,16,10,0,10,26
11/15/2020,EAU,WI,AGL,CE,Federal Contract Tower,0,3,4,0,7,0,2,0,0,2,0,5,4,0,9,0,0,0,9
11/16/2020,EAU,WI,AGL,CE,Federal Contract Tower,0,5,16,1,22,0,1,26,1,28,0,6,42,2,50,4,0,4,54
11/17/2020,EAU,WI,AGL,CE,Federal Contract Tower,0,4,15,0,19,0,4,12,0,16,0,8,27,0,35,20,0,20,55
11/18/2020,EAU,WI,AGL,CE,Federal Contract Tower,0,3,13,0,16,0,2,14,0,16,0,5,27,0,32,26,0,26,58
11/19/2020,EAU,WI,AGL,CE,Federal Contract Tower,0,3,16,0,19,0,2,30,0,32,0,5,46,0,51,22,0,22,73
11/20/2020,EAU,WI,AGL,CE,Federal Contract Tower,0,6,8,0,14,0,0,10,0,10,0,6,18,0,24,2,0,2,26
11/21/2020,EAU,WI,AGL,CE,Federal Contract Tower,0,5,3,0,8,0,2,46,0,48,0,7,49,0,56,16,0,16,72
11/22/2020,EAU,WI,AGL,CE,Federal Contract Tower,0,3,5,0,8,0,0,6,0,6,0,3,11,0,14,8,0,8,22
11/23/2020,EAU,WI,AGL,CE,Federal Contract Tower,0,7,17,3,27,0,4,28,1,33,0,11,45,4,60,42,0,42,102
11/24/2020,EAU,WI,AGL,CE,Federal Contract Tower,0,3,9,0,12,0,0,0,1,1,0,3,9,1,13,0,0,0,13
11/25/2020,EAU,WI,AGL,CE,Federal Contract Tower,0,3,10,0,13,0,0,0,0,0,0,3,10,0,13,0,0,0,13
11/26/2020,EAU,WI,AGL,CE,Federal Contract Tower,0,2,0,0,2,0,0,2,0,2,0,2,2,0,4,16,0,16,20
11/27/2020,EAU,WI,AGL,CE,Federal Contract Tower,0,3,1,0,4,0,6,33,0,39,0,9,34,0,43,30,0,30,73
11/28/2020,EAU,WI,AGL,CE,Federal Contract Tower,0,5,11,0,16,0,3,69,0,72,0,8,80,0,88,34,0,34,122
11/29/2020,EAU,WI,AGL,CE,Federal Contract Tower,0,3,12,0,15,0,2,4,3,9,0,5,16,3,24,0,0,0,24
11/30/2020,EAU,WI,AGL,CE,Federal Contract Tower,0,3,14,0,17,0,2,19,0,21,0,5,33,0,38,6,0,6,44
12/01/2020,EAU,WI,AGL,CE,Federal Contract Tower,0,3,15,0,18,0,0,27,0,27,0,3,42,0,45,26,0,26,71
12/02/2020,EAU,WI,AGL,CE,Federal Contract Tower,2,3,17,0,22,0,7,19,0,26,2,10,36,0,48,30,0,30,78
12/03/2020,EAU,WI,AGL,CE,Federal Contract Tower,0,4,20,0,24,0,4,37,0,41,0,8,57,0,65,16,0,16,81
12/04/2020,EAU,WI,AGL,CE,Federal Contract Tower,0,4,6,0,10,0,6,20,0,26,0,10,26,0,36,24,0,24,60
12/05/2020,EAU,WI,AGL,CE,Federal Contract Tower,2,3,1,0,6,0,3,21,3,27,2,6,22,3,33,24,0,24,57
12/06/2020,EAU,WI,AGL,CE,Federal Contract Tower,0,3,4,0,7,0,2,18,0,20,0,5,22,0,27,14,0,14,41
12/07/2020,EAU,WI,AGL,CE,Federal Contract Tower,0,3,8,4,15,0,0,8,0,8,0,3,16,4,23,2,0,2,25
12/08/2020,EAU,WI,AGL,CE,Federal Contract Tower,0,3,10,0,13,0,0,10,0,10,0,3,20,0,23,14,0,14,37
12/09/2020,EAU,WI,AGL,CE,Federal Contract Tower,0,2,18,0,20,0,2,43,2,47,0,4,61,2,67,42,0,42,109
12/10/2020,EAU,WI,AGL,CE,Federal Contract Tower,0,3,26,1,30,0,4,30,6,40,0,7,56,7,70,0,0,0,70
12/11/2020,EAU,WI,AGL,CE,Federal Contract Tower,0,4,7,0,11,0,6,15,0,21,0,10,22,0,32,6,0,6,38
12/12/2020,EAU,WI,AGL,CE,Federal Contract Tower,0,3,5,0,8,0,3,23,0,26,0,6,28,0,34,12,0,12,46
12/13/2020,EAU,WI,AGL,CE,Federal Contract Tower,0,3,7,0,10,0,2,0,0,2,0,5,7,0,12,0,0,0,12
12/14/2020,EAU,WI,AGL,CE,Federal Contract Tower,0,3,7,5,15,0,4,16,2,22,0,7,23,7,37,24,0,24,61
12/15/2020,EAU,WI,AGL,CE,Federal Contract Tower,0,3,12,1,16,0,4,12,3,19,0,7,24,4,35,20,0,20,55
12/16/2020,EAU,WI,AGL,CE,Federal Contract Tower,0,3,14,0,17,0,3,31,2,36,0,6,45,2,53,14,0,14,67
12/17/2020,EAU,WI,AGL,CE,Federal Contract Tower,0,3,11,0,14,0,0,10,0,10,0,3,21,0,24,20,0,20,44
12/18/2020,EAU,WI,AGL,CE,Federal Contract Tower,0,3,7,0,10,0,1,4,0,5,0,4,11,0,15,0,0,0,15
12/19/2020,EAU,WI,AGL,CE,Federal Contract Tower,0,3,8,0,11,0,0,0,0,0,0,3,8,0,11,0,0,0,11
12/20/2020,EAU,WI,AGL,CE,Federal Contract Tower,0,3,4,0,7,0,3,29,2,34,0,6,33,2,41,38,2,40,81
12/21/2020,EAU,WI,AGL,CE,Federal Contract Tower,0,3,9,1,13,0,0,0,1,1,0,3,9,2,14,0,2,2,16
12/22/2020,EAU,WI,AGL,CE,Federal Contract Tower,0,4,11,1,16,0,0,15,1,16,0,4,26,2,32,22,0,22,54
12/23/2020,EAU,WI,AGL,CE,Federal Contract Tower,0,3,7,0,10,0,0,1,0,1,0,3,8,0,11,0,0,0,11
12/24/2020,EAU,WI,AGL,CE,Federal Contract Tower,0,3,2,0,5,0,7,1,0,8,0,10,3,0,13,0,0,0,13
12/25/2020,EAU,WI,AGL,CE,Federal Contract Tower,0,4,1,0,5,0,9,2,0,11,0,13,3,0,16,0,0,0,16
12/26/2020,EAU,WI,AGL,CE,Federal Contract Tower,0,3,6,0,9,0,2,14,0,16,0,5,20,0,25,32,0,32,57
12/27/2020,EAU,WI,AGL,CE,Federal Contract Tower,0,4,5,0,9,0,0,4,0,4,0,4,9,0,13,20,0,20,33
12/28/2020,EAU,WI,AGL,CE,Federal Contract Tower,0,6,15,1,22,0,1,9,0,10,0,7,24,1,32,10,0,10,42
12/29/2020,EAU,WI,AGL,CE,Federal Contract Tower,0,6,9,0,15,0,2,4,2,8,0,8,13,2,23,2,0,2,25
12/30/2020,EAU,WI,AGL,CE,Federal Contract Tower,0,2,6,0,8,0,1,2,0,3,0,3,8,0,11,0,0,0,11
12/31/2020,EAU,WI,AGL,CE,Federal Contract Tower,0,3,4,0,7,0,0,1,0,1,0,3,5,0,8,0,0,0,8
01/01/2021,EAU,WI,AGL,CE,Federal Contract Tower,0,2,12,0,14,0,0,0,0,0,0,2,12,0,14,2,0,2,16
01/02/2021,EAU,WI,AGL,CE,Federal Contract Tower,0,4,4,0,8,0,0,9,0,9,0,4,13,0,17,22,0,22,39
01/03/2021,EAU,WI,AGL,CE,Federal Contract Tower,0,3,7,0,10,0,0,2,0,2,0,3,9,0,12,0,0,0,12
01/04/2021,EAU,WI,AGL,CE,Federal Contract Tower,0,3,10,0,13,0,0,0,0,0,0,3,10,0,13,0,0,0,13
01/05/2021,EAU,WI,AGL,CE,Federal Contract Tower,0,4,6,0,10,0,0,0,0,0,0,4,6,0,10,0,0,0,10
01/06/2021,EAU,WI,AGL,CE,Federal Contract Tower,0,5,10,2,17,0,0,0,0,0,0,5,10,2,17,0,0,0,17
01/07/2021,EAU,WI,AGL,CE,Federal Contract Tower,0,8,11,0,19,0,0,0,0,0,0,8,11,0,19,0,0,0,19
01/08/2021,EAU,WI,AGL,CE,Federal Contract Tower,0,4,5,0,9,0,2,3,0,5,0,6,8,0,14,0,0,0,14
01/09/2021,EAU,WI,AGL,CE,Federal Contract Tower,0,4,2,0,6,0,0,0,0,0,0,4,2,0,6,0,0,0,6
01/10/2021,EAU,WI,AGL,CE,Federal Contract Tower,0,4,8,0,12,0,0,0,0,0,0,4,8,0,12,0,0,0,12
01/11/2021,EAU,WI,AGL,CE,Federal Contract Tower,0,5,20,0,25,0,2,15,2,19,0,7,35,2,44,18,8,26,70
01/12/2021,EAU,WI,AGL,CE,Federal Contract Tower,0,5,6,0,11,0,0,8,0,8,0,5,14,0,19,0,0,0,19
01/13/2021,EAU,WI,AGL,CE,Federal Contract Tower,0,8,11,2,21,0,1,41,5,47,0,9,52,7,68,8,0,8,76
01/14/2021,EAU,WI,AGL,CE,Federal Contract Tower,0,4,9,0,13,0,0,0,0,0,0,4,9,0,13,0,0,0,13
01/15/2021,EAU,WI,AGL,CE,Federal Contract Tower,0,3,5,0,8,0,0,0,0,0,0,3,5,0,8,0,0,0,8
01/16/2021,EAU,WI,AGL,CE,Federal Contract Tower,0,6,3,0,9,0,5,2,0,7,0,11,5,0,16,0,0,0,16
01/17/2021,EAU,WI,AGL,CE,Federal Contract Tower,0,4,1,0,5,0,2,3,0,5,0,6,4,0,10,6,0,6,16
01/18/2021,EAU,WI,AGL,CE,Federal Contract Tower,0,3,7,0,10,0,2,8,0,10,0,5,15,0,20,0,0,0,20
01/19/2021,EAU,WI,AGL,CE,Federal Contract Tower,0,4,14,0,18,0,0,5,0,5,0,4,19,0,23,0,0,0,23
01/20/2021,EAU,WI,AGL,CE,Federal Contract Tower,0,4,12,0,16,0,3,20,0,23,0,7,32,0,39,10,0,10,49
01/21/2021,EAU,WI,AGL,CE,Federal Contract Tower,0,4,12,1,17,0,8,12,0,20,0,12,24,1,37,10,0,10,47
01/22/2021,EAU,WI,AGL,CE,Federal Contract Tower,0,4,12,1,17,0,0,37,3,40,0,4,49,4,57,18,0,18,75
01/23/2021,EAU,WI,AGL,CE,Federal Contract Tower,0,6,1,0,7,0,2,14,0,16,0,8,15,0,23,0,0,0,23
01/24/2021,EAU,WI,AGL,CE,Federal Contract Tower,0,6,9,0,15,0,5,6,0,11,0,11,15,0,26,0,0,0,26
01/25/2021,EAU,WI,AGL,CE,Federal Contract Tower,0,6,10,0,16,0,5,27,3,35,0,11,37,3,51,10,0,10,61
01/26/2021,EAU,WI,AGL,CE,Federal Contract Tower,0,5,19,0,24,0,5,7,0,12,0,10,26,0,36,2,0,2,38
01/27/2021,EAU,WI,AGL,CE,Federal Contract Tower,0,3,17,2,22,0,4,32,1,37,0,7,49,3,59,20,0,20,79
01/28/2021,EAU,WI,AGL,CE,Federal Contract Tower,0,4,13,0,17,0,3,21,0,24,0,7,34,0,41,16,0,16,57
01/29/2021,EAU,WI,AGL,CE,Federal Contract Tower,0,5,12,0,17,0,1,1,0,2,0,6,13,0,19,0,0,0,19
01/30/2021,EAU,WI,AGL,CE,Federal Contract Tower,0,9,8,0,17,0,4,2,0,6,0,13,10,0,23,0,0,0,23
01/31/2021,EAU,WI,AGL,CE,Federal Contract Tower,0,2,2,0,4,0,0,0,0,0,0,2,2,0,4,0,0,0,4
02/01/2021,EAU,WI,AGL,CE,Federal Contract Tower,0,4,12,0,16,0,0,3,0,3,0,4,15,0,19,0,0,0,19
02/02/2021,EAU,WI,AGL,CE,Federal Contract Tower,0,11,11,1,23,0,2,13,4,19,0,13,24,5,42,0,0,0,42
02/03/2021,EAU,WI,AGL,CE,Federal Contract Tower,0,4,11,1,16,0,8,29,5,42,0,12,40,6,58,24,0,24,82
02/04/2021,EAU,WI,AGL,CE,Federal Contract Tower,0,3,0,0,3,0,0,0,0,0,0,3,0,0,3,0,0,0,3
02/05/2021,EAU,WI,AGL,CE,Federal Contract Tower,0,4,16,0,20,0,3,2,0,5,0,7,18,0,25,0,0,0,25
02/06/2021,EAU,WI,AGL,CE,Federal Contract Tower,0,3,7,0,10,0,2,2,0,4,0,5,9,0,14,0,0,0,14
02/07/2021,EAU,WI,AGL,CE,Federal Contract Tower,0,3,3,0,6,0,3,2,0,5,0,6,5,0,11,2,0,2,13
02/08/2021,EAU,WI,AGL,CE,Federal Contract Tower,0,5,13,0,18,0,2,17,0,19,0,7,30,0,37,0,0,0,37
02/09/2021,EAU,WI,AGL,CE,Federal Contract Tower,0,3,17,0,20,0,7,1,0,8,0,10,18,0,28,28,0,28,56
02/10/2021,EAU,WI,AGL,CE,Federal Contract Tower,0,4,12,0,16,0,4,7,0,11,0,8,19,0,27,0,0,0,27
02/11/2021,EAU,WI,AGL,CE,Federal Contract Tower,0,3,12,0,15,0,4,0,0,4,0,7,12,0,19,0,0,0,19
02/12/2021,EAU,WI,AGL,CE,Federal Contract Tower,0,5,8,0,13,0,3,8,0,11,0,8,16,0,24,2,0,2,26
02/13/2021,EAU,WI,AGL,CE,Federal Contract Tower,0,4,1,0,5,0,2,0,0,2,0,6,1,0,7,0,0,0,7
02/14/2021,EAU,WI,AGL,CE,Federal Contract Tower,0,3,4,0,7,0,4,0,0,4,0,7,4,0,11,0,0,0,11
02/15/2021,EAU,WI,AGL,CE,Federal Contract Tower,0,3,15,0,18,0,5,7,0,12,0,8,22,0,30,0,0,0,30
02/16/2021,EAU,WI,AGL,CE,Federal Contract Tower,0,6,20,0,26,0,2,3,3,8,0,8,23,3,34,0,0,0,34
02/17/2021,EAU,WI,AGL,CE,Federal Contract Tower,0,4,6,4,14,0,1,2,0,3,0,5,8,4,17,0,0,0,17
02/18/2021,EAU,WI,AGL,CE,Federal Contract Tower,0,6,11,0,17,0,0,1,0,1,0,6,12,0,18,0,0,0,18
02/19/2021,EAU,WI,AGL,CE,Federal Contract Tower,0,3,4,0,7,0,2,14,0,16,0,5,18,0,23,0,0,0,23
02/20/2021,EAU,WI,AGL,CE,Federal Contract Tower,0,4,10,0,14,0,0,21,0,21,0,4,31,0,35,8,0,8,43
02/21/2021,EAU,WI,AGL,CE,Federal Contract Tower,0,3,0,0,3,0,0,0,0,0,0,3,0,0,3,0,0,0,3
02/22/2021,EAU,WI,AGL,CE,Federal Contract Tower,0,3,12,0,15,0,0,3,0,3,0,3,15,0,18,18,0,18,36
02/23/2021,EAU,WI,AGL,CE,Federal Contract Tower,0,6,16,0,22,0,5,12,1,18,0,11,28,1,40,18,0,18,58
02/24/2021,EAU,WI,AGL,CE,Federal Contract Tower,0,8,13,0,21,0,1,28,0,29,0,9,41,0,50,16,0,16,66
02/25/2021,EAU,WI,AGL,CE,Federal Contract Tower,0,5,17,1,23,0,4,47,5,56,0,9,64,6,79,8,0,8,87
02/26/2021,EAU,WI,AGL,CE,Federal Contract Tower,0,3,9,0,12,0,0,4,0,4,0,3,13,0,16,0,0,0,16
02/27/2021,EAU,WI,AGL,CE,Federal Contract Tower,0,4,16,0,20,0,0,75,3,78,0,4,91,3,98,10,0,10,108
02/28/2021,EAU,WI,AGL,CE,Federal Contract Tower,0,3,6,0,9,0,0,0,0,0,0,3,6,0,9,2,0,2,11
03/01/2021,EAU,WI,AGL,CE,Federal Contract Tower,0,3,13,0,16,0,3,16,0,19,0,6,29,0,35,0,0,0,35
03/02/2021,EAU,WI,AGL,CE,Federal Contract Tower,0,4,12,0,16,0,0,14,0,14,0,4,26,0,30,6,2,8,38
03/03/2021,EAU,WI,AGL,CE,Federal Contract Tower,0,11,20,0,31,0,3,50,0,53,0,14,70,0,84,20,0,20,104
03/04/2021,EAU,WI,AGL,CE,Federal Contract Tower,0,5,19,1,25,0,4,38,8,50,0,9,57,9,75,10,0,10,85
03/05/2021,EAU,WI,AGL,CE,Federal Contract Tower,2,3,10,2,17,0,2,33,0,35,2,5,43,2,52,16,0,16,68
03/06/2021,EAU,WI,AGL,CE,Federal Contract Tower,0,3,7,0,10,0,3,68,9,80,0,6,75,9,90,46,6,52,142
03/07/2021,EAU,WI,AGL,CE,Federal Contract Tower,0,5,10,0,15,0,2,11,0,13,0,7,21,0,28,0,0,0,28
03/08/2021,EAU,WI,AGL,CE,Federal Contract Tower,0,3,13,0,16,0,4,45,0,49,0,7,58,0,65,16,0,16,81
03/09/2021,EAU,WI,AGL,CE,Federal Contract Tower,2,4,11,0,17,0,5,11,1,17,2,9,22,1,34,26,2,28,62
03/10/2021,EAU,WI,AGL,CE,Federal Contract Tower,0,4,13,0,17,0,0,0,0,0,0,4,13,0,17,0,0,0,17
03/11/2021,EAU,WI,AGL,CE,Federal Contract Tower,0,2,18,0,20,0,4,8,7,19,0,6,26,7,39,0,0,0,39
03/12/2021,EAU,WI,AGL,CE,Federal Contract Tower,0,4,17,1,22,0,5,45,1,51,0,9,62,2,73,8,0,8,81
03/13/2021,EAU,WI,AGL,CE,Federal Contract Tower,0,3,11,1,15,0,7,69,1,77,0,10,80,2,92,26,0,26,118
03/14/2021,EAU,WI,AGL,CE,Federal Contract Tower,0,3,7,0,10,0,2,24,0,26,0,5,31,0,36,12,0,12,48
03/15/2021,EAU,WI,AGL,CE,Federal Contract Tower,0,2,8,0,10,0,5,1,0,6,0,7,9,0,16,0,0,0,16
03/16/2021,EAU,WI,AGL,CE,Federal Contract Tower,0,3,13,1,17,0,1,8,1,10,0,4,21,2,27,22,0,22,49
03/17/2021,EAU,WI,AGL,CE,Federal Contract Tower,0,5,11,0,16,0,0,13,0,13,0,5,24,0,29,0,0,0,29
03/18/2021,EAU,WI,AGL,CE,Federal Contract Tower,0,1,20,0,21,0,5,42,0,47,0,6,62,0,68,10,0,10,78
03/19/2021,EAU,WI,AGL,CE,Federal Contract Tower,0,3,14,0,17,0,2,41,2,45,0,5,55,2,62,18,0,18,80
03/20/2021,EAU,WI,AGL,CE,Federal Contract Tower,0,3,13,0,16,0,1,17,1,19,0,4,30,1,35,12,0,12,47
03/21/2021,EAU,WI,AGL,CE,Federal Contract Tower,0,5,7,0,12,0,5,4,0,9,0,10,11,0,21,0,0,0,21
03/22/2021,EAU,WI,AGL,CE,Federal Contract Tower,0,4,22,0,26,0,6,32,0,38,0,10,54,0,64,36,0,36,100
03/23/2021,EAU,WI,AGL,CE,Federal Contract Tower,0,6,15,0,21,0,2,6,1,9,0,8,21,1,30,8,0,8,38
03/24/2021,EAU,WI,AGL,CE,Federal Contract Tower,0,4,13,0,17,0,0,1,0,1,0,4,14,0,18,0,0,0,18
03/25/2021,EAU,WI,AGL,CE,Federal Contract Tower,0,3,13,0,16,0,6,27,2,35,0,9,40,2,51,22,0,22,73
03/26/2021,EAU,WI,AGL,CE,Federal Contract Tower,0,3,8,0,11,0,3,27,2,32,0,6,35,2,43,18,0,18,61
03/27/2021,EAU,WI,AGL,CE,Federal Contract Tower,0,3,7,0,10,0,2,9,0,11,0,5,16,0,21,6,0,6,27
03/28/2021,EAU,WI,AGL,CE,Federal Contract Tower,0,3,7,2,12,0,0,13,6,19,0,3,20,8,31,4,4,8,39
03/29/2021,EAU,WI,AGL,CE,Federal Contract Tower,0,4,8,0,12,0,2,11,0,13,0,6,19,0,25,0,0,0,25
03/30/2021,EAU,WI,AGL,CE,Federal Contract Tower,0,3,12,2,17,0,2,16,2,20,0,5,28,4,37,0,0,0,37
03/31/2021,EAU,WI,AGL,CE,Federal Contract Tower,0,8,18,0,26,0,1,22,0,23,0,9,40,0,49,24,2,26,75
04/01/2021,EAU,WI,AGL,CE,Federal Contract Tower,0,3,12,0,15,0,2,55,3,60,0,5,67,3,75,24,0,24,99
04/02/2021,EAU,WI,AGL,CE,Federal Contract Tower,0,4,7,0,11,0,3,20,0,23,0,7,27,0,34,2,0,2,36
04/03/2021,EAU,WI,AGL,CE,Federal Contract Tower,0,3,4,0,7,0,8,78,2,88,0,11,82,2,95,32,0,32,127
04/04/2021,EAU,WI,AGL,CE,Federal Contract Tower,0,3,5,0,8,0,6,25,0,31,0,9,30,0,39,14,0,14,53
04/05/2021,EAU,WI,AGL,CE,Federal Contract Tower,0,6,19,0,25,0,4,27,0,31,0,10,46,0,56,6,0,6,62
04/06/2021,EAU,WI,AGL,CE,Federal Contract Tower,0,4,20,0,24,0,3,22,0,25,0,7,42,0,49,32,0,32,81
04/07/2021,EAU,WI,AGL,CE,Federal Contract Tower,0,7,9,0,16,0,2,11,0,13,0,9,20,0,29,6,0,6,35
04/08/2021,EAU,WI,AGL,CE,Federal Contract Tower,0,3,22,0,25,0,6,5,0,11,0,9,27,0,36,4,0,4,40
04/09/2021,EAU,WI,AGL,CE,Federal Contract Tower,0,3,15,0,18,0,2,2,0,4,0,5,17,0,22,0,0,0,22
04/10/2021,EAU,WI,AGL,CE,Federal Contract Tower,0,3,9,0,12,0,0,17,0,17,0,3,26,0,29,22,0,22,51
04/11/2021,EAU,WI,AGL,CE,Federal Contract Tower,0,4,6,0,10,0,2,0,0,2,0,6,6,0,12,0,0,0,12
04/12/2021,EAU,WI,AGL,CE,Federal Contract Tower,0,4,11,0,15,0,4,0,0,4,0,8,11,0,19,0,0,0,19
04/13/2021,EAU,WI,AGL,CE,Federal Contract Tower,0,7,12,0,19,0,0,0,0,0,0,7,12,0,19,2,0,2,21
04/14/2021,EAU,WI,AGL,CE,Federal Contract Tower,0,5,12,0,17,0,0,18,0,18,0,5,30,0,35,8,0,8,43
04/15/2021,EAU,WI,AGL,CE,Federal Contract Tower,0,4,25,0,29,0,2,27,0,29,0,6,52,0,58,6,0,6,64
04/16/2021,EAU,WI,AGL,CE,Federal Contract Tower,0,4,15,0,19,0,5,43,2,50,0,9,58,2,69,36,0,36,105
04/17/2021,EAU,WI,AGL,CE,Federal Contract Tower,0,4,2,0,6,0,2,67,0,69,0,6,69,0,75,6,0,6,81
04/18/2021,EAU,WI,AGL,CE,Federal Contract Tower,0,3,8,0,11,0,0,43,2,45,0,3,51,2,56,22,0,22,78
04/19/2021,EAU,WI,AGL,CE,Federal Contract Tower,0,5,6,0,11,0,4,10,0,14,0,9,16,0,25,0,0,0,25
04/20/2021,EAU,WI,AGL,CE,Federal Contract Tower,0,9,14,0,23,0,1,28,0,29,0,10,42,0,52,50,0,50,102
04/21/2021,EAU,WI,AGL,CE,Federal Contract Tower,0,4,10,0,14,0,2,52,4,58,0,6,62,4,72,0,0,0,72
04/22/2021,EAU,WI,AGL,CE,Federal Contract Tower,0,2,29,8,39,0,6,58,0,64,0,8,87,8,103,10,0,10,113
04/23/2021,EAU,WI,AGL,CE,Federal Contract Tower,0,5,9,0,14,0,8,14,0,22,0,13,23,0,36,6,0,6,42
04/24/2021,EAU,WI,AGL,CE,Federal Contract Tower,0,3,2,0,5,0,0,0,0,0,0,3,2,0,5,0,0,0,5
04/25/2021,EAU,WI,AGL,CE,Federal Contract Tower,0,4,7,0,11,0,5,16,4,25,0,9,23,4,36,0,0,0,36
04/26/2021,EAU,WI,AGL,CE,Federal Contract Tower,0,3,14,0,17,0,3,22,2,27,0,6,36,2,44,16,2,18,62
04/27/2021,EAU,WI,AGL,CE,Federal Contract Tower,0,4,7,0,11,0,0,6,0,6,0,4,13,0,17,6,0,6,23
04/28/2021,EAU,WI,AGL,CE,Federal Contract Tower,0,4,21,1,26,0,2,40,0,42,0,6,61,1,68,16,0,16,84
04/29/2021,EAU,WI,AGL,CE,Federal Contract Tower,0,3,14,0,17,0,1,39,0,40,0,4,53,0,57,30,0,30,87
04/30/2021,EAU,WI,AGL,CE,Federal Contract Tower,0,3,14,0,17,0,0,68,9,77,0,3,82,9,94,32,0,32,126
05/01/2021,EAU,WI,AGL,CE,Federal Contract Tower,0,3,3,0,6,0,2,35,0,37,0,5,38,0,43,8,0,8,51
05/02/2021,EAU,WI,AGL,CE,Federal Contract Tower,0,4,4,0,8,0,5,28,0,33,0,9,32,0,41,0,0,0,41
05/03/2021,EAU,WI,AGL,CE,Federal Contract Tower,0,3,14,0,17,0,1,4,0,5,0,4,18,0,22,0,0,0,22
05/04/2021,EAU,WI,AGL,CE,Federal Contract Tower,0,6,11,1,18,0,2,15,1,18,0,8,26,2,36,12,0,12,48
05/05/2021,EAU,WI,AGL,CE,Federal Contract Tower,0,7,16,1,24,0,2,54,1,57,0,9,70,2,81,16,2,18,99
05/06/2021,EAU,WI,AGL,CE,Federal Contract Tower,2,8,19,3,32,0,3,34,2,39,2,11,53,5,71,6,0,6,77
05/07/2021,EAU,WI,AGL,CE,Federal Contract Tower,0,3,24,0,27,0,4,42,4,50,0,7,66,4,77,20,0,20,97
05/08/2021,EAU,WI,AGL,CE,Federal Contract Tower,0,3,4,0,7,0,2,58,2,62,0,5,62,2,69,2,0,2,71
05/09/2021,EAU,WI,AGL,CE,Federal Contract Tower,0,3,2,0,5,0,5,25,0,30,0,8,27,0,35,18,0,18,53
05/10/2021,EAU,WI,AGL,CE,Federal Contract Tower,2,3,9,0,14,0,3,18,4,25,2,6,27,4,39,4,6,10,49
05/11/2021,EAU,WI,AGL,CE,Federal Contract Tower,0,4,16,1,21,0,5,59,1,65,0,9,75,2,86,24,0,24,110
05/12/2021,EAU,WI,AGL,CE,Federal Contract Tower,0,4,14,0,18,0,4,31,0,35,0,8,45,0,53,16,0,16,69
05/13/2021,EAU,WI,AGL,CE,Federal Contract Tower,0,3,16,0,19,0,4,57,2,63,0,7,73,2,82,60,6,66,148
05/14/2021,EAU,WI,AGL,CE,Federal Contract Tower,0,3,13,0,16,0,6,28,0,34,0,9,41,0,50,8,0,8,58
05/15/2021,EAU,WI,AGL,CE,Federal Contract Tower,0,4,9,0,13,0,2,25,0,27,0,6,34,0,40,0,0,0,40
05/16/2021,EAU,WI,AGL,CE,Federal Contract Tower,0,3,21,0,24,0,0,15,0,15,0,3,36,0,39,6,0,6,45
05/17/2021,EAU,WI,AGL,CE,Federal Contract Tower,0,3,11,0,14,0,0,24,0,24,0,3,35,0,38,2,0,2,40
05/18/2021,EAU,WI,AGL,CE,Federal Contract Tower,0,3,14,1,18,0,2,19,1,22,0,5,33,2,40,32,2,34,74
05/19/2021,EAU,WI,AGL,CE,Federal Contract Tower,0,8,10,0,18,0,0,2,0,2,0,8,12,0,20,14,0,14,34
05/20/2021,EAU,WI,AGL,CE,Federal Contract Tower,0,4,24,2,30,0,1,2,0,3,0,5,26,2,33,0,0,0,33
05/21/2021,EAU,WI,AGL,CE,Federal Contract Tower,0,5,11,0,16,0,4,2,0,6,0,9,13,0,22,0,0,0,22
05/22/2021,EAU,WI,AGL,CE,Federal Contract Tower,0,7,11,0,18,0,0,0,0,0,0,7,11,0,18,0,0,0,18
05/23/2021,EAU,WI,AGL,CE,Federal Contract Tower,0,6,8,0,14,0,1,5,0,6,0,7,13,0,20,0,0,0,20
05/24/2021,EAU,WI,AGL,CE,Federal Contract Tower,0,4,13,2,19,0,2,9,0,11,0,6,22,2,30,28,0,28,58
05/25/2021,EAU,WI,AGL,CE,Federal Contract Tower,0,3,11,0,14,0,3,19,0,22,0,6,30,0,36,0,0,0,36
05/26/2021,EAU,WI,AGL,CE,Federal Contract Tower,0,5,17,2,24,0,0,0,0,0,0,5,17,2,24,8,0,8,32
05/27/2021,EAU,WI,AGL,CE,Federal Contract Tower,0,5,15,0,20,0,0,1,0,1,0,5,16,0,21,0,0,0,21
05/28/2021,EAU,WI,AGL,CE,Federal Contract Tower,0,7,9,0,16,0,3,35,0,38,0,10,44,0,54,26,0,26,80
05/29/2021,EAU,WI,AGL,CE,Federal Contract Tower,0,3,6,0,9,0,4,54,4,62,0,7,60,4,71,22,0,22,93
05/30/2021,EAU,WI,AGL,CE,Federal Contract Tower,0,6,6,0,12,0,3,8,0,11,0,9,14,0,23,4,0,4,27
05/31/2021,EAU,WI,AGL,CE,Federal Contract Tower,0,4,4,0,8,0,2,30,1,33,0,6,34,1,41,0,0,0,41
06/01/2021,EAU,WI,AGL,CE,Federal Contract Tower,0,3,18,0,21,0,2,33,3,38,0,5,51,3,59,8,0,8,67
06/02/2021,EAU,WI,AGL,CE,Federal Contract Tower,0,3,12,0,15,0,2,30,2,34,0,5,42,2,49,22,0,22,71
06/03/2021,EAU,WI,AGL,CE,Federal Contract Tower,0,3,13,0,16,0,2,24,4,30,0,5,37,4,46,36,0,36,82
06/04/2021,EAU,WI,AGL,CE,Federal Contract Tower,0,3,10,0,13,0,4,17,1,22,0,7,27,1,35,18,0,18,53
06/05/2021,EAU,WI,AGL,CE,Federal Contract Tower,0,3,10,0,13,0,4,29,0,33,0,7,39,0,46,0,0,0,46
06/06/2021,EAU,WI,AGL,CE,Federal Contract Tower,0,3,5,0,8,0,3,9,1,13,0,6,14,1,21,4,0,4,25
06/07/2021,EAU,WI,AGL,CE,Federal Contract Tower,0,4,11,3,18,0,2,24,2,28,0,6,35,5,46,24,0,24,70
06/08/2021,EAU,WI,AGL,CE,Federal Contract Tower,0,4,14,0,18,0,2,36,0,38,0,6,50,0,56,24,0,24,80
06/09/2021,EAU,WI,AGL,CE,Federal Contract Tower,0,4,25,1,30,0,0,43,3,46,0,4,68,4,76,4,0,4,80
06/10/2021,EAU,WI,AGL,CE,Federal Contract Tower,0,4,13,5,22,0,8,35,2,45,0,12,48,7,67,22,6,28,95
06/11/2021,EAU,WI,AGL,CE,Federal Contract Tower,0,3,9,0,12,0,3,14,0,17,0,6,23,0,29,0,0,0,29
06/12/2021,EAU,WI,AGL,CE,Federal Contract Tower,0,3,14,4,21,0,0,34,3,37,0,3,48,7,58,8,0,8,66
06/13/2021,EAU,WI,AGL,CE,Federal Contract Tower,0,3,5,0,8,0,6,28,0,34,0,9,33,0,42,8,0,8,50
06/14/2021,EAU,WI,AGL,CE,Federal Contract Tower,0,3,11,0,14,0,0,16,0,16,0,3,27,0,30,4,0,4,34
06/15/2021,EAU,WI,AGL,CE,Federal Contract Tower,0,5,16,0,21,0,3,54,0,57,0,8,70,0,78,18,0,18,96
06/16/2021,EAU,WI,AGL,CE,Federal Contract Tower,0,3,11,0,14,0,4,42,0,46,0,7,53,0,60,14,0,14,74
06/17/2021,EAU,WI,AGL,CE,Federal Contract Tower,0,6,19,0,25,0,4,19,0,23,0,10,38,0,48,4,0,4,52
06/18/2021,EAU,WI,AGL,CE,Federal Contract Tower,0,5,15,0,20,0,6,41,0,47,0,11,56,0,67,2,0,2,69
06/19/2021,EAU,WI,AGL,CE,Federal Contract Tower,0,4,11,0,15,0,3,30,2,35,0,7,41,2,50,18,0,18,68
06/20/2021,EAU,WI,AGL,CE,Federal Contract Tower,0,3,2,0,5,0,1,4,0,5,0,4,6,0,10,0,0,0,10
06/21/2021,EAU,WI,AGL,CE,Federal Contract Tower,0,2,12,0,14,0,4,29,0,33,0,6,41,0,47,2,0,2,49
06/22/2021,EAU,WI,AGL,CE,Federal Contract Tower,0,4,15,0,19,0,4,41,1,46,0,8,56,1,65,18,0,18,83
06/23/2021,EAU,WI,AGL,CE,Federal Contract Tower,2,8,19,1,30,0,5,31,3,39,2,13,50,4,69,46,0,46,115
06/24/2021,EAU,WI,AGL,CE,Federal Contract Tower,0,3,17,0,20,0,0,14,0,14,0,3,31,0,34,2,0,2,36
06/25/2021,EAU,WI,AGL,CE,Federal Contract Tower,0,5,11,0,16,0,2,23,7,32,0,7,34,7,48,4,0,4,52
06/26/2021,EAU,WI,AGL,CE,Federal Contract Tower,0,5,9,0,14,0,3,2,0,5,0,8,11,0,19,0,0,0,19
06/27/2021,EAU,WI,AGL,CE,Federal Contract Tower,0,6,3,0,9,0,3,21,0,24,0,9,24,0,33,10,0,10,43
06/28/2021,EAU,WI,AGL,CE,Federal Contract Tower,0,6,7,0,13,0,1,16,3,20,0,7,23,3,33,12,0,12,45
06/29/2021,EAU,WI,AGL,CE,Federal Contract Tower,0,4,17,0,21,0,3,20,0,23,0,7,37,0,44,4,0,4,48
06/30/2021,EAU,WI,AGL,CE,Federal Contract Tower,0,6,22,1,29,0,0,52,6,58,0,6,74,7,87,26,8,34,121
07/01/2021,EAU,WI,AGL,CE,Federal Contract Tower,0,4,24,2,30,0,6,42,2,50,0,10,66,4,80,20,6,26,106
07/02/2021,EAU,WI,AGL,CE,Federal Contract Tower,0,5,16,0,21,0,5,25,0,30,0,10,41,0,51,16,0,16,67
07/03/2021,EAU,WI,AGL,CE,Federal Contract Tower,0,4,2,0,6,0,4,27,2,33,0,8,29,2,39,2,0,2,41
07/04/2021,EAU,WI,AGL,CE,Federal Contract Tower,0,4,4,0,8,0,6,9,0,15,0,10,13,0,23,0,0,0,23
07/05/2021,EAU,WI,AGL,CE,Federal Contract Tower,1,3,2,0,6,0,0,22,3,25,1,3,24,3,31,18,0,18,49
07/06/2021,EAU,WI,AGL,CE,Federal Contract Tower,0,4,12,0,16,0,2,15,0,17,0,6,27,0,33,12,0,12,45
07/07/2021,EAU,WI,AGL,CE,Federal Contract Tower,0,3,21,2,26,0,1,2,0,3,0,4,23,2,29,0,0,0,29
07/08/2021,EAU,WI,AGL,CE,Federal Contract Tower,0,4,26,2,32,0,2,35,4,41,0,6,61,6,73,34,0,34,107
07/09/2021,EAU,WI,AGL,CE,Federal Contract Tower,2,5,13,7,27,0,2,26,0,28,2,7,39,7,55,20,8,28,83
07/10/2021,EAU,WI,AGL,CE,Federal Contract Tower,0,5,7,3,15,0,3,49,0,52,0,8,56,3,67,16,0,16,83
07/11/2021,EAU,WI,AGL,CE,Federal Contract Tower,0,4,6,0,10,0,7,39,0,46,0,11,45,0,56,10,0,10,66
07/12/2021,EAU,WI,AGL,CE,Federal Contract Tower,0,6,9,0,15,0,0,57,0,57,0,6,66,0,72,38,14,52,124
07/13/2021,EAU,WI,AGL,CE,Federal Contract Tower,2,4,12,1,19,0,2,40,4,46,2,6,52,5,65,18,6,24,89
07/14/2021,EAU,WI,AGL,CE,Federal Contract Tower,0,3,17,2,22,0,0,13,3,16,0,3,30,5,38,24,10,34,72
07/15/2021,EAU,WI,AGL,CE,Federal Contract Tower,0,6,11,0,17,0,3,31,5,39,0,9,42,5,56,16,6,22,78
07/16/2021,EAU,WI,AGL,CE,Federal Contract Tower,0,6,18,5,29,0,5,47,12,64,0,11,65,17,93,14,8,22,115
07/17/2021,EAU,WI,AGL,CE,Federal Contract Tower,0,7,4,5,16,0,6,42,1,49,0,13,46,6,65,30,2,32,97
07/18/2021,EAU,WI,AGL,CE,Federal Contract Tower,0,5,3,0,8,0,7,27,0,34,0,12,30,0,42,0,0,0,42
07/19/2021,EAU,WI,AGL,CE,Federal Contract Tower,0,4,11,0,15,0,3,42,0,45,0,7,53,0,60,27,0,27,87
07/20/2021,EAU,WI,AGL,CE,Federal Contract Tower,0,4,15,0,19,0,3,42,1,46,0,7,57,1,65,34,0,34,99
07/21/2021,EAU,WI,AGL,CE,Federal Contract Tower,0,3,37,0,40,0,2,21,0,23,0,5,58,0,63,10,0,10,73
07/22/2021,EAU,WI,AGL,CE,Federal Contract Tower,0,4,20,0,24,0,3,19,0,22,0,7,39,0,46,16,0,16,62
07/23/2021,EAU,WI,AGL,CE,Federal Contract Tower,0,3,14,0,17,0,4,32,1,37,0,7,46,1,54,22,0,22,76
07/24/2021,EAU,WI,AGL,CE,Federal Contract Tower,0,3,9,0,12,0,2,34,0,36,0,5,43,0,48,2,0,2,50
07/25/2021,EAU,WI,AGL,CE,Federal Contract Tower,0,4,3,0,7,0,5,29,0,34,0,9,32,0,41,14,0,14,55
07/26/2021,EAU,WI,AGL,CE,Federal Contract Tower,0,7,21,0,28,0,3,24,2,29,0,10,45,2,57,10,0,10,67
07/27/2021,EAU,WI,AGL,CE,Federal Contract Tower,0,7,11,0,18,0,4,33,1,38,0,11,44,1,56,44,0,44,100
07/28/2021,EAU,WI,AGL,CE,Federal Contract Tower,0,6,8,0,14,0,3,18,0,21,0,9,26,0,35,18,0,18,53
07/29/2021,EAU,WI,AGL,CE,Federal Contract Tower,0,4,28,1,33,0,5,36,1,42,0,9,64,2,75,24,0,24,99
07/30/2021,EAU,WI,AGL,CE,Federal Contract Tower,0,3,25,0,28,0,2,16,0,18,0,5,41,0,46,16,0,16,62
07/31/2021,EAU,WI,AGL,CE,Federal Contract Tower,0,5,13,0,18,0,2,15,1,18,0,7,28,1,36,16,0,16,52
08/01/2021,EAU,WI,AGL,CE,Federal Contract Tower,0,5,7,0,12,0,4,28,1,33,0,9,35,1,45,10,0,10,55
08/02/2021,EAU,WI,AGL,CE,Federal Contract Tower,0,10,17,0,27,0,3,17,0,20,0,13,34,0,47,0,0,0,47
08/03/2021,EAU,WI,AGL,CE,Federal Contract Tower,0,6,25,0,31,0,4,20,0,24,0,10,45,0,55,10,0,10,65
08/04/2021,EAU,WI,AGL,CE,Federal Contract Tower,0,6,28,0,34,0,6,35,0,41,0,12,63,0,75,24,0,24,99
08/05/2021,EAU,WI,AGL,CE,Federal Contract Tower,0,5,14,0,19,0,1,10,0,11,0,6,24,0,30,14,0,14,44
08/06/2021,EAU,WI,AGL,CE,Federal Contract Tower,0,4,24,2,30,0,1,32,0,33,0,5,56,2,63,8,0,8,71
08/07/2021,EAU,WI,AGL,CE,Federal Contract Tower,0,3,5,0,8,0,1,0,0,1,0,4,5,0,9,0,0,0,9
08/08/2021,EAU,WI,AGL,CE,Federal Contract Tower,0,3,4,0,7,0,2,13,0,15,0,5,17,0,22,4,0,4,26
08/09/2021,EAU,WI,AGL,CE,Federal Contract Tower,0,6,16,2,24,0,2,21,0,23,0,8,37,2,47,18,0,18,65
08/10/2021,EAU,WI,AGL,CE,Federal Contract Tower,0,3,16,6,25,0,3,8,0,11,0,6,24,6,36,4,0,4,40
08/11/2021,EAU,WI,AGL,CE,Federal Contract Tower,0,4,23,0,27,0,3,32,2,37,0,7,55,2,64,10,0,10,74
08/12/2021,EAU,WI,AGL,CE,Federal Contract Tower,0,3,18,1,22,0,0,32,0,32,0,3,50,1,54,42,0,42,96
08/13/2021,EAU,WI,AGL,CE,Federal Contract Tower,0,4,17,0,21,0,7,23,2,32,0,11,40,2,53,2,0,2,55
08/14/2021,EAU,WI,AGL,CE,Federal Contract Tower,0,8,10,0,18,0,2,73,0,75,0,10,83,0,93,16,0,16,109
08/15/2021,EAU,WI,AGL,CE,Federal Contract Tower,0,4,10,0,14,0,5,31,4,40,0,9,41,4,54,6,0,6,60
08/16/2021,EAU,WI,AGL,CE,Federal Contract Tower,2,12,16,2,32,0,2,20,16,38,2,14,36,18,70,4,6,10,80
08/17/2021,EAU,WI,AGL,CE,Federal Contract Tower,0,4,17,2,23,0,5,29,2,36,0,9,46,4,59,14,0,14,73
08/18/2021,EAU,WI,AGL,CE,Federal Contract Tower,0,4,19,1,24,0,1,27,2,30,0,5,46,3,54,10,0,10,64
08/19/2021,EAU,WI,AGL,CE,Federal Contract Tower,0,2,15,0,17,0,6,51,0,57,0,8,66,0,74,26,0,26,100
08/20/2021,EAU,WI,AGL,CE,Federal Contract Tower,2,3,15,2,22,0,6,23,4,33,2,9,38,6,55,6,0,6,61
08/21/2021,EAU,WI,AGL,CE,Federal Contract Tower,0,3,5,0,8,0,7,17,3,27,0,10,22,3,35,4,0,4,39
08/22/2021,EAU,WI,AGL,CE,Federal Contract Tower,0,5,9,2,16,0,9,58,4,71,0,14,67,6,87,26,16,42,129
08/23/2021,EAU,WI,AGL,CE,Federal Contract Tower,0,5,26,0,31,0,21,16,0,37,0,26,42,0,68,8,0,8,76
08/24/2021,EAU,WI,AGL,CE,Federal Contract Tower,0,3,13,0,16,0,2,10,0,12,0,5,23,0,28,6,0,6,34
08/25/2021,EAU,WI,AGL,CE,Federal Contract Tower,0,5,20,2,27,0,4,44,4,52,0,9,64,6,79,36,0,36,115
08/26/2021,EAU,WI,AGL,CE,Federal Contract Tower,0,8,24,0,32,0,4,6,0,10,0,12,30,0,42,0,0,0,42
08/27/2021,EAU,WI,AGL,CE,Federal Contract Tower,0,4,14,0,18,0,2,2,0,4,0,6,16,0,22,2,0,2,24
08/28/2021,EAU,WI,AGL,CE,Federal Contract Tower,0,3,2,0,5,0,2,17,0,19,0,5,19,0,24,4,0,4,28
08/29/2021,EAU,WI,AGL,CE,Federal Contract Tower,0,3,8,3,14,0,3,30,0,33,0,6,38,3,47,10,0,10,57
08/30/2021,EAU,WI,AGL,CE,Federal Contract Tower,0,6,11,0,17,0,4,48,0,52,0,10,59,0,69,42,0,42,111
08/31/2021,EAU,WI,AGL,CE,Federal Contract Tower,0,4,28,0,32,0,4,41,0,45,0,8,69,0,77,24,0,24,101
09/01/2021,EAU,WI,AGL,CE,Federal Contract Tower,0,8,21,1,30,0,2,47,3,52,0,10,68,4,82,22,0,22,104
09/02/2021,EAU,WI,AGL,CE,Federal Contract Tower,0,3,15,2,20,0,2,43,1,46,0,5,58,3,66,22,0,22,88
09/03/2021,EAU,WI,AGL,CE,Federal Contract Tower,0,3,17,0,20,0,0,0,0,0,0,3,17,0,20,0,0,0,20
09/04/2021,EAU,WI,AGL,CE,Federal Contract Tower,0,4,13,0,17,0,3,19,0,22,0,7,32,0,39,8,0,8,47
09/05/2021,EAU,WI,AGL,CE,Federal Contract Tower,0,3,5,0,8,0,3,36,0,39,0,6,41,0,47,10,0,10,57
09/06/2021,EAU,WI,AGL,CE,Federal Contract Tower,0,3,9,0,12,0,6,43,0,49,0,9,52,0,61,14,0,14,75
09/07/2021,EAU,WI,AGL,CE,Federal Contract Tower,0,4,13,0,17,0,3,21,0,24,0,7,34,0,41,18,0,18,59
09/08/2021,EAU,WI,AGL,CE,Federal Contract Tower,0,7,18,0,25,0,1,18,0,19,0,8,36,0,44,24,0,24,68
09/09/2021,EAU,WI,AGL,CE,Federal Contract Tower,0,5,25,4,34,0,1,33,2,36,0,6,58,6,70,10,0,10,80
09/10/2021,EAU,WI,AGL,CE,Federal Contract Tower,0,5,13,0,18,0,3,28,0,31,0,8,41,0,49,12,0,12,61
09/11/2021,EAU,WI,AGL,CE,Federal Contract Tower,0,3,13,0,16,0,5,36,0,41,0,8,49,0,57,0,0,0,57
09/12/2021,EAU,WI,AGL,CE,Federal Contract Tower,0,15,10,0,25,0,3,37,0,40,0,18,47,0,65,34,0,34,99
09/13/2021,EAU,WI,AGL,CE,Federal Contract Tower,0,6,16,0,22,0,4,22,0,26,0,10,38,0,48,12,0,12,60
09/14/2021,EAU,WI,AGL,CE,Federal Contract Tower,0,4,15,0,19,0,7,20,0,27,0,11,35,0,46,8,0,8,54
09/15/2021,EAU,WI,AGL,CE,Federal Contract Tower,0,6,18,0,24,0,4,41,1,46,0,10,59,1,70,32,0,32,102
09/16/2021,EAU,WI,AGL,CE,Federal Contract Tower,0,3,12,0,15,0,3,20,0,23,0,6,32,0,38,0,0,0,38
09/17/2021,EAU,WI,AGL,CE,Federal Contract Tower,0,3,12,0,15,0,3,39,0,42,0,6,51,0,57,8,0,8,65
09/18/2021,EAU,WI,AGL,CE,Federal Contract Tower,0,3,10,0,13,0,4,52,4,60,0,7,62,4,73,10,0,10,83
09/19/2021,EAU,WI,AGL,CE,Federal Contract Tower,0,3,7,0,10,0,2,15,1,18,0,5,22,1,28,14,2,16,44
09/20/2021,EAU,WI,AGL,CE,Federal Contract Tower,2,11,9,0,22,0,1,4,0,5,2,12,13,0,27,2,0,2,29
09/21/2021,EAU,WI,AGL,CE,Federal Contract Tower,0,3,9,2,14,0,5,18,10,33,0,8,27,12,47,10,2,12,59
09/22/2021,EAU,WI,AGL,CE,Federal Contract Tower,0,4,17,2,23,0,2,52,4,58,0,6,69,6,81,12,0,12,93
09/23/2021,EAU,WI,AGL,CE,Federal Contract Tower,0,4,20,1,25,0,3,14,6,23,0,7,34,7,48,12,0,12,60
09/24/2021,EAU,WI,AGL,CE,Federal Contract Tower,2,5,12,0,19,0,2,5,0,7,2,7,17,0,26,0,0,0,26
09/25/2021,EAU,WI,AGL,CE,Federal Contract Tower,0,4,11,0,15,0,1,42,8,51,0,5,53,8,66,6,0,6,72
09/26/2021,EAU,WI,AGL,CE,Federal Contract Tower,0,3,9,0,12,0,3,31,2,36,0,6,40,2,48,14,0,14,62
09/27/2021,EAU,WI,AGL,CE,Federal Contract Tower,0,4,18,0,22,0,12,24,0,36,0,16,42,0,58,24,0,24,82
09/28/2021,EAU,WI,AGL,CE,Federal Contract Tower,0,5,18,0,23,0,1,57,2,60,0,6,75,2,83,4,0,4,87
09/29/2021,EAU,WI,AGL,CE,Federal Contract Tower,0,3,16,0,19,0,0,54,4,58,0,3,70,4,77,26,0,26,103
09/30/2021,EAU,WI,AGL,CE,Federal Contract Tower,0,3,17,0,20,0,3,46,0,49,0,6,63,0,69,44,0,44,113
10/01/2021,EAU,WI,AGL,CE,Federal Contract Tower,0,3,7,0,10,0,4,23,0,27,0,7,30,0,37,8,0,8,45
10/02/2021,EAU,WI,AGL,CE,Federal Contract Tower,0,4,12,0,16,0,4,6,0,10,0,8,18,0,26,0,0,0,26
10/03/2021,EAU,WI,AGL,CE,Federal Contract Tower,0,7,21,0,28,0,5,1,0,6,0,12,22,0,34,0,0,0,34
10/04/2021,EAU,WI,AGL,CE,Federal Contract Tower,2,8,28,0,38,0,3,23,0,26,2,11,51,0,64,4,0,4,68
10/05/2021,EAU,WI,AGL,CE,Federal Contract Tower,0,8,13,0,21,0,8,38,0,46,0,16,51,0,67,2,0,2,69
10/06/2021,EAU,WI,AGL,CE,Federal Contract Tower,0,5,15,2,22,0,6,36,3,45,0,11,51,5,67,34,8,42,109
10/07/2021,EAU,WI,AGL,CE,Federal Contract Tower,0,9,26,0,35,0,3,9,0,12,0,12,35,0,47,4,0,4,51
10/08/2021,EAU,WI,AGL,CE,Federal Contract Tower,0,4,19,0,23,0,3,5,0,8,0,7,24,0,31,8,0,8,39
10/09/2021,EAU,WI,AGL,CE,Federal Contract Tower,2,2,12,0,16,0,2,15,2,19,2,4,27,2,35,4,0,4,39
10/10/2021,EAU,WI,AGL,CE,Federal Contract Tower,0,3,13,0,16,0,5,14,5,24,0,8,27,5,40,12,0,12,52
10/11/2021,EAU,WI,AGL,CE,Federal Contract Tower,0,3,33,0,36,0,3,19,0,22,0,6,52,0,58,6,0,6,64
10/12/2021,EAU,WI,AGL,CE,Federal Contract Tower,0,6,20,1,27,0,0,22,0,22,0,6,42,1,49,10,0,10,59
10/13/2021,EAU,WI,AGL,CE,Federal Contract Tower,0,3,10,0,13,0,0,2,0,2,0,3,12,0,15,10,0,10,25
10/14/2021,EAU,WI,AGL,CE,Federal Contract Tower,0,11,26,2,39,0,1,31,1,33,0,12,57,3,72,8,0,8,80
10/15/2021,EAU,WI,AGL,CE,Federal Contract Tower,0,8,10,0,18,0,2,18,0,20,0,10,28,0,38,12,0,12,50
10/16/2021,EAU,WI,AGL,CE,Federal Contract Tower,0,3,9,0,12,0,7,38,2,47,0,10,47,2,59,2,0,2,61
10/17/2021,EAU,WI,AGL,CE,Federal Contract Tower,0,8,11,0,19,0,4,50,0,54,0,12,61,0,73,24,0,24,97
10/18/2021,EAU,WI,AGL,CE,Federal Contract Tower,0,5,10,0,15,0,4,34,2,40,0,9,44,2,55,18,0,18,73
10/19/2021,EAU,WI,AGL,CE,Federal Contract Tower,0,4,12,0,16,0,4,68,0,72,0,8,80,0,88,5,0,5,93
10/20/2021,EAU,WI,AGL,CE,Federal Contract Tower,0,6,15,0,21,0,1,12,0,13,0,7,27,0,34,2,0,2,36
10/21/2021,EAU,WI,AGL,CE,Federal Contract Tower,0,6,20,1,27,0,11,18,1,30,0,17,38,2,57,0,0,0,57
10/22/2021,EAU,WI,AGL,CE,Federal Contract Tower,0,3,25,0,28,0,2,42,4,48,0,5,67,4,76,16,0,16,92
10/23/2021,EAU,WI,AGL,CE,Federal Contract Tower,0,2,9,0,11,0,7,53,5,65,0,9,62,5,76,0,4,4,80
10/24/2021,EAU,WI,AGL,CE,Federal Contract Tower,0,6,19,0,25,0,6,37,0,43,0,12,56,0,68,6,0,6,74
10/25/2021,EAU,WI,AGL,CE,Federal Contract Tower,0,2,17,0,19,0,2,16,0,18,0,4,33,0,37,10,0,10,47
10/26/2021,EAU,WI,AGL,CE,Federal Contract Tower,0,3,17,3,23,0,1,10,3,14,0,4,27,6,37,4,0,4,41
10/27/2021,EAU,WI,AGL,CE,Federal Contract Tower,0,4,11,0,15,0,0,7,0,7,0,4,18,0,22,2,0,2,24
10/28/2021,EAU,WI,AGL,CE,Federal Contract Tower,0,5,16,0,21,0,1,0,0,1,0,6,16,0,22,4,0,4,26
10/29/2021,EAU,WI,AGL,CE,Federal Contract Tower,0,10,23,0,33,0,5,11,0,16,0,15,34,0,49,0,0,0,49
10/30/2021,EAU,WI,AGL,CE,Federal Contract Tower,0,4,16,0,20,0,4,33,0,37,0,8,49,0,57,38,0,38,95
10/31/2021,EAU,WI,AGL,CE,Federal Contract Tower,0,4,8,0,12,0,3,6,0,9,0,7,14,0,21,0,0,0,21
11/01/2021,EAU,WI,AGL,CE,Federal Contract Tower,0,3,11,0,14,0,3,19,0,22,0,6,30,0,36,4,0,4,40
11/02/2021,EAU,WI,AGL,CE,Federal Contract Tower,0,3,12,0,15,0,7,20,2,29,0,10,32,2,44,0,0,0,44
11/03/2021,EAU,WI,AGL,CE,Federal Contract Tower,0,7,11,0,18,0,4,15,2,21,0,11,26,2,39,4,0,4,43
11/04/2021,EAU,WI,AGL,CE,Federal Contract Tower,0,6,21,2,29,0,4,25,0,29,0,10,46,2,58,2,0,2,60
11/05/2021,EAU,WI,AGL,CE,Federal Contract Tower,2,3,10,0,15,0,5,14,0,19,2,8,24,0,34,10,0,10,44
11/06/2021,EAU,WI,AGL,CE,Federal Contract Tower,0,3,5,0,8,0,2,44,0,46,0,5,49,0,54,0,0,0,54
11/07/2021,EAU,WI,AGL,CE,Federal Contract Tower,0,3,14,0,17,0,1,23,0,24,0,4,37,0,41,16,0,16,57
11/08/2021,EAU,WI,AGL,CE,Federal Contract Tower,2,7,13,0,22,0,6,36,2,44,2,13,49,2,66,38,2,40,106
11/09/2021,EAU,WI,AGL,CE,Federal Contract Tower,0,5,20,2,27,0,4,40,3,47,0,9,60,5,74,18,0,18,92
11/10/2021,EAU,WI,AGL,CE,Federal Contract Tower,0,4,23,0,27,0,3,14,0,17,0,7,37,0,44,4,0,4,48
11/11/2021,EAU,WI,AGL,CE,Federal Contract Tower,0,5,11,0,16,0,0,0,0,0,0,5,11,0,16,0,0,0,16
11/12/2021,EAU,WI,AGL,CE,Federal Contract Tower,0,3,12,0,15,0,5,5,0,10,0,8,17,0,25,12,0,12,37
11/13/2021,EAU,WI,AGL,CE,Federal Contract Tower,0,3,3,0,6,0,1,6,0,7,0,4,9,0,13,0,0,0,13
11/14/2021,EAU,WI,AGL,CE,Federal Contract Tower,2,8,5,0,15,0,6,3,0,9,2,14,8,0,24,0,0,0,24
11/15/2021,EAU,WI,AGL,CE,Federal Contract Tower,0,3,7,2,12,0,7,14,0,21,0,10,21,2,33,20,0,20,53
11/16/2021,EAU,WI,AGL,CE,Federal Contract Tower,0,3,9,0,12,0,7,29,0,36,0,10,38,0,48,2,0,2,50
11/17/2021,EAU,WI,AGL,CE,Federal Contract Tower,0,4,14,0,18,0,6,12,0,18,0,10,26,0,36,18,0,18,54
11/18/2021,EAU,WI,AGL,CE,Federal Contract Tower,2,3,11,3,19,0,8,3,0,11,2,11,14,3,30,0,0,0,30
11/19/2021,EAU,WI,AGL,CE,Federal Contract Tower,0,5,16,1,22,0,3,33,0,36,0,8,49,1,58,4,0,4,62
11/20/2021,EAU,WI,AGL,CE,Federal Contract Tower,0,4,9,0,13,0,4,55,4,63,0,8,64,4,76,46,0,46,122
11/21/2021,EAU,WI,AGL,CE,Federal Contract Tower,0,3,7,0,10,0,2,4,0,6,0,5,11,0,16,0,0,0,16
11/22/2021,EAU,WI,AGL,CE,Federal Contract Tower,0,7,14,0,21,0,9,50,0,59,0,16,64,0,80,38,0,38,118
11/23/2021,EAU,WI,AGL,CE,Federal Contract Tower,0,3,14,4,21,0,0,24,1,25,0,3,38,5,46,12,0,12,58
11/24/2021,EAU,WI,AGL,CE,Federal Contract Tower,0,3,12,0,15,0,2,43,0,45,0,5,55,0,60,4,0,4,64
11/25/2021,EAU,WI,AGL,CE,Federal Contract Tower,0,2,0,0,2,0,5,2,0,7,0,7,2,0,9,0,0,0,9
11/26/2021,EAU,WI,AGL,CE,Federal Contract Tower,0,3,11,0,14,0,1,26,0,27,0,4,37,0,41,2,0,2,43
11/27/2021,EAU,WI,AGL,CE,Federal Contract Tower,0,3,3,0,6,0,0,0,0,0,0,3,3,0,6,2,0,2,8
11/28/2021,EAU,WI,AGL,CE,Federal Contract Tower,0,8,13,0,21,0,0,17,0,17,0,8,30,0,38,0,0,0,38
11/29/2021,EAU,WI,AGL,CE,Federal Contract Tower,0,3,8,0,11,0,4,26,0,30,0,7,34,0,41,8,0,8,49
11/30/2021,EAU,WI,AGL,CE,Federal Contract Tower,0,5,10,0,15,0,4,33,2,39,0,9,43,2,54,14,0,14,68
12/01/2021,EAU,WI,AGL,CE,Federal Contract Tower,0,7,18,0,25,0,6,14,0,20,0,13,32,0,45,12,0,12,57
12/02/2021,EAU,WI,AGL,CE,Federal Contract Tower,0,3,21,3,27,0,3,34,0,37,0,6,55,3,64,8,0,8,72
12/03/2021,EAU,WI,AGL,CE,Federal Contract Tower,0,2,7,0,9,0,2,5,0,7,0,4,12,0,16,0,0,0,16
12/04/2021,EAU,WI,AGL,CE,Federal Contract Tower,0,3,11,0,14,0,8,51,4,63,0,11,62,4,77,24,0,24,101
12/05/2021,EAU,WI,AGL,CE,Federal Contract Tower,0,3,8,0,11,0,0,0,0,0,0,3,8,0,11,0,0,0,11
12/06/2021,EAU,WI,AGL,CE,Federal Contract Tower,0,3,16,0,19,0,3,8,0,11,0,6,24,0,30,6,0,6,36
12/07/2021,EAU,WI,AGL,CE,Federal Contract Tower,0,3,12,0,15,0,0,4,0,4,0,3,16,0,19,4,0,4,23
12/08/2021,EAU,WI,AGL,CE,Federal Contract Tower,0,4,16,0,20,0,5,40,3,48,0,9,56,3,68,4,0,4,72
12/09/2021,EAU,WI,AGL,CE,Federal Contract Tower,0,12,15,0,27,0,2,9,0,11,0,14,24,0,38,0,0,0,38
12/10/2021,EAU,WI,AGL,CE,Federal Contract Tower,0,1,9,0,10,0,0,1,0,1,0,1,10,0,11,0,0,0,11
12/11/2021,EAU,WI,AGL,CE,Federal Contract Tower,0,2,3,0,5,0,4,9,0,13,0,6,12,0,18,8,0,8,26
12/12/2021,EAU,WI,AGL,CE,Federal Contract Tower,2,3,8,0,13,0,3,14,1,18,2,6,22,1,31,2,4,6,37
12/13/2021,EAU,WI,AGL,CE,Federal Contract Tower,0,3,21,0,24,0,2,21,6,29,0,5,42,6,53,46,0,46,99
12/14/2021,EAU,WI,AGL,CE,Federal Contract Tower,0,9,20,0,29,0,5,9,4,18,0,14,29,4,47,2,0,2,49
12/15/2021,EAU,WI,AGL,CE,Federal Contract Tower,0,3,11,0,14,0,2,8,0,10,0,5,19,0,24,4,0,4,28
12/16/2021,EAU,WI,AGL,CE,Federal Contract Tower,2,3,15,0,20,0,4,0,0,4,2,7,15,0,24,0,0,0,24
12/17/2021,EAU,WI,AGL,CE,Federal Contract Tower,0,6,23,0,29,0,6,27,0,33,0,12,50,0,62,2,0,2,64
12/18/2021,EAU,WI,AGL,CE,Federal Contract Tower,0,3,11,0,14,0,6,22,0,28,0,9,33,0,42,4,0,4,46
12/19/2021,EAU,WI,AGL,CE,Federal Contract Tower,0,3,2,0,5,0,1,4,0,5,0,4,6,0,10,0,0,0,10
12/20/2021,EAU,WI,AGL,CE,Federal Contract Tower,0,4,12,0,16,0,2,16,0,18,0,6,28,0,34,8,0,8,42
12/21/2021,EAU,WI,AGL,CE,Federal Contract Tower,0,3,22,0,25,0,4,5,0,9,0,7,27,0,34,0,0,0,34
12/22/2021,EAU,WI,AGL,CE,Federal Contract Tower,0,6,14,0,20,0,3,23,3,29,0,9,37,3,49,0,2,2,51
12/23/2021,EAU,WI,AGL,CE,Federal Contract Tower,0,3,14,0,17,0,3,16,0,19,0,6,30,0,36,4,0,4,40
12/24/2021,EAU,WI,AGL,CE,Federal Contract Tower,0,5,0,0,5,0,0,0,0,0,0,5,0,0,5,0,0,0,5
12/25/2021,EAU,WI,AGL,CE,Federal Contract Tower,0,0,1,0,1,0,6,4,0,10,0,6,5,0,11,0,0,0,11
12/26/2021,EAU,WI,AGL,CE,Federal Contract Tower,0,3,16,0,19,0,3,9,0,12,0,6,25,0,31,0,0,0,31
12/27/2021,EAU,WI,AGL,CE,Federal Contract Tower,0,3,5,0,8,0,4,0,0,4,0,7,5,0,12,0,0,0,12
12/28/2021,EAU,WI,AGL,CE,Federal Contract Tower,0,3,6,0,9,0,2,0,0,2,0,5,6,0,11,0,0,0,11
12/29/2021,EAU,WI,AGL,CE,Federal Contract Tower,0,3,7,0,10,0,10,11,0,21,0,13,18,0,31,26,2,28,59
12/30/2021,EAU,WI,AGL,CE,Federal Contract Tower,0,4,9,0,13,0,0,2,0,2,0,4,11,0,15,2,0,2,17
12/31/2021,EAU,WI,AGL,CE,Federal Contract Tower,0,4,3,0,7,0,0,4,0,4,0,4,7,0,11,4,0,4,15
01/01/2022,EAU,WI,AGL,CE,Federal Contract Tower,0,2,1,0,3,0,0,1,0,1,0,2,2,0,4,0,0,0,4
01/02/2022,EAU,WI,AGL,CE,Federal Contract Tower,0,2,16,0,18,0,0,8,0,8,0,2,24,0,26,2,0,2,28
01/03/2022,EAU,WI,AGL,CE,Federal Contract Tower,0,2,12,0,14,0,2,25,3,30,0,4,37,3,44,54,0,54,98
01/04/2022,EAU,WI,AGL,CE,Federal Contract Tower,0,3,17,0,20,0,2,29,0,31,0,5,46,0,51,28,0,28,79
01/05/2022,EAU,WI,AGL,CE,Federal Contract Tower,0,3,9,0,12,0,0,0,0,0,0,3,9,0,12,0,0,0,12
01/06/2022,EAU,WI,AGL,CE,Federal Contract Tower,0,5,14,0,19,0,5,5,0,10,0,10,19,0,29,0,0,0,29
01/07/2022,EAU,WI,AGL,CE,Federal Contract Tower,0,5,9,0,14,0,2,12,0,14,0,7,21,0,28,28,0,28,56
01/08/2022,EAU,WI,AGL,CE,Federal Contract Tower,0,3,6,0,9,0,4,9,0,13,0,7,15,0,22,4,0,4,26
01/09/2022,EAU,WI,AGL,CE,Federal Contract Tower,0,3,5,0,8,0,0,17,0,17,0,3,22,0,25,2,0,2,27
01/10/2022,EAU,WI,AGL,CE,Federal Contract Tower,0,3,11,0,14,0,1,12,0,13,0,4,23,0,27,12,0,12,39
01/11/2022,EAU,WI,AGL,CE,Federal Contract Tower,0,3,15,0,18,0,6,11,0,17,0,9,26,0,35,10,0,10,45
01/12/2022,EAU,WI,AGL,CE,Federal Contract Tower,0,3,14,0,17,0,2,15,0,17,0,5,29,0,34,10,0,10,44
01/13/2022,EAU,WI,AGL,CE,Federal Contract Tower,0,5,11,2,18,0,5,9,0,14,0,10,20,2,32,28,0,28,60
01/14/2022,EAU,WI,AGL,CE,Federal Contract Tower,0,3,11,0,14,0,0,4,0,4,0,3,15,0,18,0,0,0,18
01/15/2022,EAU,WI,AGL,CE,Federal Contract Tower,0,3,7,0,10,0,4,41,0,45,0,7,48,0,55,10,0,10,65
01/16/2022,EAU,WI,AGL,CE,Federal Contract Tower,0,2,2,0,4,0,7,4,0,11,0,9,6,0,15,0,0,0,15
01/17/2022,EAU,WI,AGL,CE,Federal Contract Tower,0,3,9,2,14,0,0,17,3,20,0,3,26,5,34,38,0,38,72
01/18/2022,EAU,WI,AGL,CE,Federal Contract Tower,0,3,13,0,16,0,3,11,2,16,0,6,24,2,32,18,0,18,50
01/19/2022,EAU,WI,AGL,CE,Federal Contract Tower,0,3,15,0,18,0,5,12,0,17,0,8,27,0,35,8,0,8,43
01/20/2022,EAU,WI,AGL,CE,Federal Contract Tower,0,3,8,0,11,0,5,12,0,17,0,8,20,0,28,10,0,10,38
01/21/2022,EAU,WI,AGL,CE,Federal Contract Tower,0,3,5,4,12,0,4,2,1,7,0,7,7,5,19,0,0,0,19
01/22/2022,EAU,WI,AGL,CE,Federal Contract Tower,0,5,4,0,9,0,6,8,5,19,0,11,12,5,28,0,0,0,28
01/23/2022,EAU,WI,AGL,CE,Federal Contract Tower,0,3,9,0,12,0,3,9,0,12,0,6,18,0,24,0,0,0,24
01/24/2022,EAU,WI,AGL,CE,Federal Contract Tower,0,3,11,0,14,0,12,14,0,26,0,15,25,0,40,2,0,2,42
01/25/2022,EAU,WI,AGL,CE,Federal Contract Tower,0,4,8,0,12,0,5,2,0,7,0,9,10,0,19,0,0,0,19
01/26/2022,EAU,WI,AGL,CE,Federal Contract Tower,0,3,13,0,16,0,2,5,0,7,0,5,18,0,23,8,0,8,31
01/27/2022,EAU,WI,AGL,CE,Federal Contract Tower,0,4,18,0,22,0,2,6,0,8,0,6,24,0,30,12,0,12,42
01/28/2022,EAU,WI,AGL,CE,Federal Contract Tower,0,3,13,2,18,0,2,22,1,25,0,5,35,3,43,4,0,4,47
01/29/2022,EAU,WI,AGL,CE,Federal Contract Tower,0,3,7,0,10,0,4,69,0,73,0,7,76,0,83,4,0,4,87
01/30/2022,EAU,WI,AGL,CE,Federal Contract Tower,0,3,10,0,13,0,0,13,0,13,0,3,23,0,26,2,0,2,28
01/31/2022,EAU,WI,AGL,CE,Federal Contract Tower,2,8,17,2,29,0,8,24,2,34,2,16,41,4,63,16,0,16,79
02/01/2022,EAU,WI,AGL,CE,Federal Contract Tower,0,3,12,0,15,0,5,3,0,8,0,8,15,0,23,0,0,0,23
02/02/2022,EAU,WI,AGL,CE,Federal Contract Tower,0,1,17,0,18,0,3,25,0,28,0,4,42,0,46,24,0,24,70
02/03/2022,EAU,WI,AGL,CE,Federal Contract Tower,0,3,8,3,14,0,3,6,1,10,0,6,14,4,24,6,0,6,30
02/04/2022,EAU,WI,AGL,CE,Federal Contract Tower,2,3,10,0,15,0,2,22,2,26,2,5,32,2,41,12,0,12,53
02/05/2022,EAU,WI,AGL,CE,Federal Contract Tower,0,5,4,0,9,0,2,15,0,17,0,7,19,0,26,14,0,14,40
02/06/2022,EAU,WI,AGL,CE,Federal Contract Tower,0,3,6,0,9,0,0,0,0,0,0,3,6,0,9,0,0,0,9
02/07/2022,EAU,WI,AGL,CE,Federal Contract Tower,0,3,15,1,19,0,0,19,3,22,0,3,34,4,41,8,0,8,49
02/08/2022,EAU,WI,AGL,CE,Federal Contract Tower,0,3,17,0,20,0,6,29,2,37,0,9,46,2,57,2,0,2,59
02/09/2022,EAU,WI,AGL,CE,Federal Contract Tower,0,3,8,0,11,0,12,7,0,19,0,15,15,0,30,0,0,0,30
02/10/2022,EAU,WI,AGL,CE,Federal Contract Tower,0,3,13,2,18,0,2,9,0,11,0,5,22,2,29,26,0,26,55
02/11/2022,EAU,WI,AGL,CE,Federal Contract Tower,0,5,9,0,14,0,2,0,0,2,0,7,9,0,16,0,0,0,16
02/12/2022,EAU,WI,AGL,CE,Federal Contract Tower,0,6,10,0,16,0,0,20,0,20,0,6,30,0,36,8,0,8,44
02/13/2022,EAU,WI,AGL,CE,Federal Contract Tower,0,4,9,0,13,0,0,14,2,16,0,4,23,2,29,0,0,0,29
02/14/2022,EAU,WI,AGL,CE,Federal Contract Tower,0,3,22,0,25,0,4,22,2,28,0,7,44,2,53,2,0,2,55
02/15/2022,EAU,WI,AGL,CE,Federal Contract Tower,4,3,8,0,15,0,2,13,2,17,4,5,21,2,32,0,2,2,34
02/16/2022,EAU,WI,AGL,CE,Federal Contract Tower,0,3,11,0,14,0,4,9,0,13,0,7,20,0,27,0,0,0,27
02/17/2022,EAU,WI,AGL,CE,Federal Contract Tower,0,2,14,2,18,0,6,18,2,26,0,8,32,4,44,6,0,6,50
02/18/2022,EAU,WI,AGL,CE,Federal Contract Tower,0,3,10,0,13,0,4,1,0,5,0,7,11,0,18,0,0,0,18
02/19/2022,EAU,WI,AGL,CE,Federal Contract Tower,2,6,7,0,15,0,3,20,4,27,2,9,27,4,42,4,0,4,46
02/20/2022,EAU,WI,AGL,CE,Federal Contract Tower,0,5,5,2,12,0,4,27,1,32,0,9,32,3,44,8,0,8,52
02/21/2022,EAU,WI,AGL,CE,Federal Contract Tower,0,3,11,0,14,0,0,0,0,0,0,3,11,0,14,0,0,0,14
02/22/2022,EAU,WI,AGL,CE,Federal Contract Tower,0,1,8,0,9,0,0,0,0,0,0,1,8,0,9,0,0,0,9
02/23/2022,EAU,WI,AGL,CE,Federal Contract Tower,0,7,13,0,20,0,1,24,5,30,0,8,37,5,50,16,0,16,66
02/24/2022,EAU,WI,AGL,CE,Federal Contract Tower,0,3,12,0,15,0,0,5,0,5,0,3,17,0,20,2,0,2,22
02/25/2022,EAU,WI,AGL,CE,Federal Contract Tower,0,3,12,0,15,0,2,23,0,25,0,5,35,0,40,2,0,2,42
02/26/2022,EAU,WI,AGL,CE,Federal Contract Tower,0,4,11,0,15,0,0,20,5,25,0,4,31,5,40,6,0,6,46
02/27/2022,EAU,WI,AGL,CE,Federal Contract Tower,0,5,8,0,13,0,5,33,2,40,0,10,41,2,53,22,0,22,75
02/28/2022,EAU,WI,AGL,CE,Federal Contract Tower,0,3,17,0,20,0,0,31,0,31,0,3,48,0,51,28,0,28,79
03/01/2022,EAU,WI,AGL,CE,Federal Contract Tower,0,3,18,0,21,0,2,37,0,39,0,5,55,0,60,20,0,20,80
03/02/2022,EAU,WI,AGL,CE,Federal Contract Tower,0,6,11,0,17,0,3,8,0,11,0,9,19,0,28,34,0,34,62
03/03/2022,EAU,WI,AGL,CE,Federal Contract Tower,0,6,23,0,29,0,2,37,0,39,0,8,60,0,68,14,0,14,82
03/04/2022,EAU,WI,AGL,CE,Federal Contract Tower,0,4,19,0,23,0,2,23,0,25,0,6,42,0,48,2,0,2,50
03/05/2022,EAU,WI,AGL,CE,Federal Contract Tower,0,3,2,0,5,0,0,0,0,0,0,3,2,0,5,0,0,0,5
03/06/2022,EAU,WI,AGL,CE,Federal Contract Tower,0,3,8,0,11,0,0,1,0,1,0,3,9,0,12,0,0,0,12
03/07/2022,EAU,WI,AGL,CE,Federal Contract Tower,0,2,19,0,21,0,2,17,0,19,0,4,36,0,40,2,2,4,44
03/08/2022,EAU,WI,AGL,CE,Federal Contract Tower,0,2,11,0,13,0,3,13,5,21,0,5,24,5,34,10,2,12,46
03/09/2022,EAU,WI,AGL,CE,Federal Contract Tower,0,3,17,2,22,0,1,3,0,4,0,4,20,2,26,0,0,0,26
03/10/2022,EAU,WI,AGL,CE,Federal Contract Tower,0,3,28,0,31,0,4,9,0,13,0,7,37,0,44,6,0,6,50
03/11/2022,EAU,WI,AGL,CE,Federal Contract Tower,0,3,12,0,15,0,3,2,0,5,0,6,14,0,20,0,0,0,20
03/12/2022,EAU,WI,AGL,CE,Federal Contract Tower,0,3,17,0,20,0,3,21,0,24,0,6,38,0,44,6,0,6,50
03/13/2022,EAU,WI,AGL,CE,Federal Contract Tower,0,7,3,0,10,0,0,36,0,36,0,7,39,0,46,16,0,16,62
03/14/2022,EAU,WI,AGL,CE,Federal Contract Tower,0,5,5,0,10,0,0,0,0,0,0,5,5,0,10,0,0,0,10
03/15/2022,EAU,WI,AGL,CE,Federal Contract Tower,0,1,15,0,16,0,5,26,2,33,0,6,41,2,49,0,0,0,49
03/16/2022,EAU,WI,AGL,CE,Federal Contract Tower,0,3,19,0,22,0,3,41,0,44,0,6,60,0,66,12,0,12,78
03/17/2022,EAU,WI,AGL,CE,Federal Contract Tower,2,5,15,0,22,0,0,16,0,16,2,5,31,0,38,8,0,8,46
03/18/2022,EAU,WI,AGL,CE,Federal Contract Tower,0,3,22,0,25,0,0,25,0,25,0,3,47,0,50,8,0,8,58
03/19/2022,EAU,WI,AGL,CE,Federal Contract Tower,0,1,9,0,10,0,0,0,0,0,0,1,9,0,10,28,0,28,38
03/20/2022,EAU,WI,AGL,CE,Federal Contract Tower,2,3,8,0,13,0,0,65,3,68,2,3,73,3,81,12,0,12,93
03/21/2022,EAU,WI,AGL,CE,Federal Contract Tower,0,3,10,0,13,0,4,14,0,18,0,7,24,0,31,10,0,10,41
03/22/2022,EAU,WI,AGL,CE,Federal Contract Tower,0,1,10,0,11,0,0,0,0,0,0,1,10,0,11,0,0,0,11
03/23/2022,EAU,WI,AGL,CE,Federal Contract Tower,0,3,7,0,10,0,0,0,0,0,0,3,7,0,10,0,0,0,10
03/24/2022,EAU,WI,AGL,CE,Federal Contract Tower,0,3,10,0,13,0,4,1,0,5,0,7,11,0,18,0,0,0,18
03/25/2022,EAU,WI,AGL,CE,Federal Contract Tower,0,3,10,0,13,0,0,0,0,0,0,3,10,0,13,0,0,0,13
03/26/2022,EAU,WI,AGL,CE,Federal Contract Tower,0,1,11,0,12,0,0,5,0,5,0,1,16,0,17,4,0,4,21
03/27/2022,EAU,WI,AGL,CE,Federal Contract Tower,0,2,9,0,11,0,2,42,0,44,0,4,51,0,55,16,0,16,71
03/28/2022,EAU,WI,AGL,CE,Federal Contract Tower,0,2,14,1,17,0,2,37,2,41,0,4,51,3,58,34,0,34,92
03/29/2022,EAU,WI,AGL,CE,Federal Contract Tower,0,0,13,0,13,0,0,8,2,10,0,0,21,2,23,0,0,0,23
03/30/2022,EAU,WI,AGL,CE,Federal Contract Tower,0,4,12,0,16,0,0,0,0,0,0,4,12,0,16,0,0,0,16
03/31/2022,EAU,WI,AGL,CE,Federal Contract Tower,0,3,7,0,10,0,4,1,0,5,0,7,8,0,15,0,0,0,15
04/01/2022,EAU,WI,AGL,CE,Federal Contract Tower,0,2,20,0,22,0,0,42,3,45,0,2,62,3,67,6,2,8,75
04/02/2022,EAU,WI,AGL,CE,Federal Contract Tower,0,2,5,0,7,0,2,17,0,19,0,4,22,0,26,0,0,0,26
04/03/2022,EAU,WI,AGL,CE,Federal Contract Tower,0,1,15,0,16,0,2,33,0,35,0,3,48,0,51,38,0,38,89
04/04/2022,EAU,WI,AGL,CE,Federal Contract Tower,0,2,12,0,14,0,0,4,0,4,0,2,16,0,18,4,0,4,22
04/05/2022,EAU,WI,AGL,CE,Federal Contract Tower,0,0,13,2,15,0,6,3,0,9,0,6,16,2,24,0,0,0,24
04/06/2022,EAU,WI,AGL,CE,Federal Contract Tower,0,4,12,0,16,0,1,1,0,2,0,5,13,0,18,0,0,0,18
04/07/2022,EAU,WI,AGL,CE,Federal Contract Tower,0,2,10,0,12,0,0,4,0,4,0,2,14,0,16,4,0,4,20
04/08/2022,EAU,WI,AGL,CE,Federal Contract Tower,0,2,12,0,14,0,0,14,0,14,0,2,26,0,28,4,0,4,32
04/09/2022,EAU,WI,AGL,CE,Federal Contract Tower,0,2,11,0,13,0,4,78,0,82,0,6,89,0,95,14,0,14,109
04/10/2022,EAU,WI,AGL,CE,Federal Contract Tower,0,2,5,0,7,0,2,15,0,17,0,4,20,0,24,4,0,4,28
04/11/2022,EAU,WI,AGL,CE,Federal Contract Tower,0,2,17,1,20,0,0,12,5,17,0,2,29,6,37,10,4,14,51
04/12/2022,EAU,WI,AGL,CE,Federal Contract Tower,0,0,19,0,19,0,2,9,0,11,0,2,28,0,30,8,0,8,38
04/13/2022,EAU,WI,AGL,CE,Federal Contract Tower,0,8,25,0,33,0,1,1,0,2,0,9,26,0,35,0,0,0,35
04/14/2022,EAU,WI,AGL,CE,Federal Contract Tower,0,2,16,0,18,0,0,0,0,0,0,2,16,0,18,0,0,0,18
04/15/2022,EAU,WI,AGL,CE,Federal Contract Tower,0,2,7,0,9,0,0,3,0,3,0,2,10,0,12,0,0,0,12
04/16/2022,EAU,WI,AGL,CE,Federal Contract Tower,0,1,14,0,15,0,3,13,0,16,0,4,27,0,31,18,0,18,49
04/17/2022,EAU,WI,AGL,CE,Federal Contract Tower,0,3,9,0,12,0,4,17,0,21,0,7,26,0,33,0,0,0,33
04/18/2022,EAU,WI,AGL,CE,Federal Contract Tower,0,4,8,0,12,0,0,0,0,0,0,4,8,0,12,0,0,0,12
04/19/2022,EAU,WI,AGL,CE,Federal Contract Tower,0,1,22,2,25,0,0,0,0,0,0,1,22,2,25,0,0,0,25
04/20/2022,EAU,WI,AGL,CE,Federal Contract Tower,0,3,15,0,18,0,0,4,0,4,0,3,19,0,22,8,0,8,30
04/21/2022,EAU,WI,AGL,CE,Federal Contract Tower,0,2,31,0,33,0,3,34,2,39,0,5,65,2,72,0,0,0,72
04/22/2022,EAU,WI,AGL,CE,Federal Contract Tower,2,2,15,0,19,0,2,0,0,2,2,4,15,0,21,0,0,0,21
04/23/2022,EAU,WI,AGL,CE,Federal Contract Tower,0,2,7,0,9,0,4,6,0,10,0,6,13,0,19,0,0,0,19
04/24/2022,EAU,WI,AGL,CE,Federal Contract Tower,0,5,11,0,16,0,2,3,0,5,0,7,14,0,21,0,0,0,21
04/25/2022,EAU,WI,AGL,CE,Federal Contract Tower,2,2,14,0,18,0,3,8,0,11,2,5,22,0,29,10,0,10,39
04/26/2022,EAU,WI,AGL,CE,Federal Contract Tower,0,0,14,0,14,0,4,28,0,32,0,4,42,0,46,0,0,0,46
04/27/2022,EAU,WI,AGL,CE,Federal Contract Tower,0,2,13,0,15,0,2,36,6,44,0,4,49,6,59,2,0,2,61
04/28/2022,EAU,WI,AGL,CE,Federal Contract Tower,0,3,17,0,20,0,2,23,0,25,0,5,40,0,45,0,0,0,45
04/29/2022,EAU,WI,AGL,CE,Federal Contract Tower,0,2,23,2,27,0,2,24,0,26,0,4,47,2,53,2,0,2,55
04/30/2022,EAU,WI,AGL,CE,Federal Contract Tower,0,1,5,0,6,0,1,0,0,1,0,2,5,0,7,0,0,0,7
05/01/2022,EAU,WI,AGL,CE,Federal Contract Tower,0,3,14,0,17,0,0,0,0,0,0,3,14,0,17,0,0,0,17
05/02/2022,EAU,WI,AGL,CE,Federal Contract Tower,0,3,13,0,16,0,4,9,0,13,0,7,22,0,29,2,0,2,31
05/03/2022,EAU,WI,AGL,CE,Federal Contract Tower,0,1,19,0,20,0,1,19,0,20,0,2,38,0,40,24,0,24,64
05/04/2022,EAU,WI,AGL,CE,Federal Contract Tower,0,8,21,4,33,0,5,74,0,79,0,13,95,4,112,28,0,28,140
05/05/2022,EAU,WI,AGL,CE,Federal Contract Tower,0,7,12,3,22,0,5,49,3,57,0,12,61,6,79,14,0,14,93
05/06/2022,EAU,WI,AGL,CE,Federal Contract Tower,0,8,20,0,28,0,3,43,0,46,0,11,63,0,74,28,0,28,102
05/07/2022,EAU,WI,AGL,CE,Federal Contract Tower,0,1,14,0,15,0,2,115,0,117,0,3,129,0,132,8,0,8,140
05/08/2022,EAU,WI,AGL,CE,Federal Contract Tower,0,4,6,0,10,0,4,6,0,10,0,8,12,0,20,0,0,0,20
05/09/2022,EAU,WI,AGL,CE,Federal Contract Tower,0,6,12,0,18,0,9,9,0,18,0,15,21,0,36,0,0,0,36
05/10/2022,EAU,WI,AGL,CE,Federal Contract Tower,0,3,24,0,27,0,3,41,0,44,0,6,65,0,71,16,0,16,87
05/11/2022,EAU,WI,AGL,CE,Federal Contract Tower,0,4,20,0,24,0,3,6,3,12,0,7,26,3,36,18,6,24,60
05/12/2022,EAU,WI,AGL,CE,Federal Contract Tower,0,3,26,0,29,0,5,19,2,26,0,8,45,2,55,6,0,6,61
05/13/2022,EAU,WI,AGL,CE,Federal Contract Tower,0,3,22,2,27,0,3,45,0,48,0,6,67,2,75,8,2,10,85
05/14/2022,EAU,WI,AGL,CE,Federal Contract Tower,0,1,7,0,8,0,5,48,0,53,0,6,55,0,61,26,0,26,87
05/15/2022,EAU,WI,AGL,CE,Federal Contract Tower,0,3,14,1,18,0,5,55,0,60,0,8,69,1,78,8,0,8,86
05/16/2022,EAU,WI,AGL,CE,Federal Contract Tower,0,3,25,0,28,0,0,40,0,40,0,3,65,0,68,16,0,16,84
05/17/2022,EAU,WI,AGL,CE,Federal Contract Tower,0,12,21,0,33,0,2,49,2,53,0,14,70,2,86,34,0,34,120
05/18/2022,EAU,WI,AGL,CE,Federal Contract Tower,0,10,20,3,33,0,3,25,0,28,0,13,45,3,61,26,0,26,87
05/19/2022,EAU,WI,AGL,CE,Federal Contract Tower,0,4,20,0,24,0,2,19,0,21,0,6,39,0,45,14,0,14,59
05/20/2022,EAU,WI,AGL,CE,Federal Contract Tower,0,3,20,0,23,0,0,28,1,29,0,3,48,1,52,14,0,14,66
05/21/2022,EAU,WI,AGL,CE,Federal Contract Tower,0,2,6,0,8,0,4,28,1,33,0,6,34,1,41,34,0,34,75
05/22/2022,EAU,WI,AGL,CE,Federal Contract Tower,0,3,13,0,16,0,6,23,0,29,0,9,36,0,45,8,0,8,53
05/23/2022,EAU,WI,AGL,CE,Federal Contract Tower,0,5,15,0,20,0,2,51,2,55,0,7,66,2,75,24,0,24,99
05/24/2022,EAU,WI,AGL,CE,Federal Contract Tower,0,1,8,2,11,0,6,40,0,46,0,7,48,2,57,14,0,14,71
05/25/2022,EAU,WI,AGL,CE,Federal Contract Tower,0,10,14,0,24,0,0,1,0,1,0,10,15,0,25,0,0,0,25
05/26/2022,EAU,WI,AGL,CE,Federal Contract Tower,0,6,21,0,27,0,2,1,0,3,0,8,22,0,30,0,0,0,30
05/27/2022,EAU,WI,AGL,CE,Federal Contract Tower,0,3,13,0,16,0,0,56,2,58,0,3,69,2,74,26,0,26,100
05/28/2022,EAU,WI,AGL,CE,Federal Contract Tower,0,1,2,0,3,0,3,12,0,15,0,4,14,0,18,10,0,10,28
05/29/2022,EAU,WI,AGL,CE,Federal Contract Tower,0,3,4,0,7,0,1,2,0,3,0,4,6,0,10,0,0,0,10
05/30/2022,EAU,WI,AGL,CE,Federal Contract Tower,2,5,5,0,12,0,2,15,0,17,2,7,20,0,29,12,0,12,41
05/31/2022,EAU,WI,AGL,CE,Federal Contract Tower,0,1,12,0,13,0,5,7,1,13,0,6,19,1,26,0,2,2,28
06/01/2022,EAU,WI,AGL,CE,Federal Contract Tower,0,5,26,9,40,0,6,47,4,57,0,11,73,13,97,34,0,34,131
06/02/2022,EAU,WI,AGL,CE,Federal Contract Tower,0,4,10,3,17,0,5,31,2,38,0,9,41,5,55,14,2,16,71
06/03/2022,EAU,WI,AGL,CE,Federal Contract Tower,0,9,7,0,16,0,2,24,0,26,0,11,31,0,42,6,0,6,48
06/04/2022,EAU,WI,AGL,CE,Federal Contract Tower,0,2,11,0,13,0,1,57,0,58,0,3,68,0,71,4,0,4,75
06/05/2022,EAU,WI,AGL,CE,Federal Contract Tower,0,3,4,1,8,0,1,24,0,25,0,4,28,1,33,24,0,24,57
06/06/2022,EAU,WI,AGL,CE,Federal Contract Tower,0,4,13,9,26,0,0,26,0,26,0,4,39,9,52,38,0,38,90
06/07/2022,EAU,WI,AGL,CE,Federal Contract Tower,0,1,12,0,13,0,1,35,0,36,0,2,47,0,49,36,0,36,85
06/08/2022,EAU,WI,AGL,CE,Federal Contract Tower,0,7,21,3,31,0,0,25,2,27,0,7,46,5,58,16,0,16,74
06/09/2022,EAU,WI,AGL,CE,Federal Contract Tower,0,3,10,1,14,0,2,44,3,49,0,5,54,4,63,8,0,8,71
06/10/2022,EAU,WI,AGL,CE,Federal Contract Tower,0,3,17,0,20,0,0,26,2,28,0,3,43,2,48,2,0,2,50
06/11/2022,EAU,WI,AGL,CE,Federal Contract Tower,0,1,11,1,13,0,0,5,0,5,0,1,16,1,18,0,0,0,18
06/12/2022,EAU,WI,AGL,CE,Federal Contract Tower,0,4,6,0,10,0,0,19,0,19,0,4,25,0,29,2,0,2,31
06/13/2022,EAU,WI,AGL,CE,Federal Contract Tower,0,6,6,0,12,0,1,9,0,10,0,7,15,0,22,0,0,0,22
06/14/2022,EAU,WI,AGL,CE,Federal Contract Tower,0,0,11,0,11,0,0,14,0,14,0,0,25,0,25,2,0,2,27
06/15/2022,EAU,WI,AGL,CE,Federal Contract Tower,0,5,12,0,17,0,2,2,0,4,0,7,14,0,21,6,0,6,27
06/16/2022,EAU,WI,AGL,CE,Federal Contract Tower,0,5,16,0,21,0,0,9,0,9,0,5,25,0,30,0,0,0,30
06/17/2022,EAU,WI,AGL,CE,Federal Contract Tower,0,3,16,0,19,0,2,38,0,40,0,5,54,0,59,16,0,16,75
06/18/2022,EAU,WI,AGL,CE,Federal Contract Tower,0,1,5,0,6,0,3,46,0,49,0,4,51,0,55,20,0,20,75
06/19/2022,EAU,WI,AGL,CE,Federal Contract Tower,0,3,4,0,7,0,2,18,2,22,0,5,22,2,29,4,0,4,33
06/20/2022,EAU,WI,AGL,CE,Federal Contract Tower,0,4,16,0,20,0,4,27,2,33,0,8,43,2,53,4,0,4,57
06/21/2022,EAU,WI,AGL,CE,Federal Contract Tower,0,4,13,0,17,0,4,10,0,14,0,8,23,0,31,2,0,2,33
06/22/2022,EAU,WI,AGL,CE,Federal Contract Tower,0,14,18,0,32,0,4,40,3,47,0,18,58,3,79,6,0,6,85
06/23/2022,EAU,WI,AGL,CE,Federal Contract Tower,0,3,11,0,14,0,1,33,0,34,0,4,44,0,48,44,0,44,92
06/24/2022,EAU,WI,AGL,CE,Federal Contract Tower,0,5,14,0,19,0,0,34,3,37,0,5,48,3,56,16,0,16,72
06/25/2022,EAU,WI,AGL,CE,Federal Contract Tower,0,3,6,0,9,0,2,6,0,8,0,5,12,0,17,0,0,0,17
06/26/2022,EAU,WI,AGL,CE,Federal Contract Tower,0,5,4,0,9,0,2,17,1,20,0,7,21,1,29,14,0,14,43
06/27/2022,EAU,WI,AGL,CE,Federal Contract Tower,0,5,12,0,17,0,4,63,0,67,0,9,75,0,84,58,0,58,142
06/28/2022,EAU,WI,AGL,CE,Federal Contract Tower,0,1,8,0,9,0,0,17,0,17,0,1,25,0,26,6,0,6,32
06/29/2022,EAU,WI,AGL,CE,Federal Contract Tower,0,3,19,0,22,0,0,53,3,56,0,3,72,3,78,34,0,34,112
06/30/2022,EAU,WI,AGL,CE,Federal Contract Tower,0,4,15,0,19,0,0,29,4,33,0,4,44,4,52,18,0,18,70
07/01/2022,EAU,WI,AGL,CE,Federal Contract Tower,0,4,11,0,15,0,6,37,0,43,0,10,48,0,58,22,0,22,80
07/02/2022,EAU,WI,AGL,CE,Federal Contract Tower,0,3,12,0,15,0,0,43,2,45,0,3,55,2,60,14,0,14,74
07/03/2022,EAU,WI,AGL,CE,Federal Contract Tower,0,3,3,0,6,0,0,22,2,24,0,3,25,2,30,0,0,0,30
07/04/2022,EAU,WI,AGL,CE,Federal Contract Tower,0,6,4,0,10,0,0,1,0,1,0,6,5,0,11,0,0,0,11
07/05/2022,EAU,WI,AGL,CE,Federal Contract Tower,0,1,12,0,13,0,0,37,3,40,0,1,49,3,53,32,0,32,85
07/06/2022,EAU,WI,AGL,CE,Federal Contract Tower,0,4,24,2,30,0,1,29,2,32,0,5,53,4,62,4,0,4,66
07/07/2022,EAU,WI,AGL,CE,Federal Contract Tower,0,5,22,0,27,0,6,27,0,33,0,11,49,0,60,24,0,24,84
07/08/2022,EAU,WI,AGL,CE,Federal Contract Tower,0,5,17,0,22,0,2,23,1,26,0,7,40,1,48,12,0,12,60
07/09/2022,EAU,WI,AGL,CE,Federal Contract Tower,0,1,7,0,8,0,4,48,7,59,0,5,55,7,67,30,10,40,107
07/10/2022,EAU,WI,AGL,CE,Federal Contract Tower,0,3,12,1,16,0,5,20,3,28,0,8,32,4,44,2,0,2,46
07/11/2022,EAU,WI,AGL,CE,Federal Contract Tower,0,3,19,0,22,0,1,35,4,40,0,4,54,4,62,0,0,0,62
07/12/2022,EAU,WI,AGL,CE,Federal Contract Tower,0,1,18,0,19,0,0,37,0,37,0,1,55,0,56,2,0,2,58
07/13/2022,EAU,WI,AGL,CE,Federal Contract Tower,0,3,24,1,28,0,3,22,1,26,0,6,46,2,54,8,0,8,62
07/14/2022,EAU,WI,AGL,CE,Federal Contract Tower,0,2,13,0,15,0,2,33,6,41,0,4,46,6,56,26,0,26,82
07/15/2022,EAU,WI,AGL,CE,Federal Contract Tower,0,1,22,0,23,0,4,19,0,23,0,5,41,0,46,2,0,2,48
07/16/2022,EAU,WI,AGL,CE,Federal Contract Tower,0,1,9,0,10,0,3,16,0,19,0,4,25,0,29,0,0,0,29
07/17/2022,EAU,WI,AGL,CE,Federal Contract Tower,0,2,4,0,6,0,4,22,0,26,0,6,26,0,32,48,0,48,80
07/18/2022,EAU,WI,AGL,CE,Federal Contract Tower,0,3,28,0,31,0,6,34,1,41,0,9,62,1,72,4,0,4,76
07/19/2022,EAU,WI,AGL,CE,Federal Contract Tower,0,5,17,0,22,0,4,19,0,23,0,9,36,0,45,8,0,8,53
07/20/2022,EAU,WI,AGL,CE,Federal Contract Tower,0,5,20,0,25,0,6,14,0,20,0,11,34,0,45,10,0,10,55
07/21/2022,EAU,WI,AGL,CE,Federal Contract Tower,0,1,22,3,26,0,4,38,0,42,0,5,60,3,68,34,0,34,102
07/22/2022,EAU,WI,AGL,CE,Federal Contract Tower,0,5,18,0,23,0,3,38,2,43,0,8,56,2,66,28,0,28,94
07/23/2022,EAU,WI,AGL,CE,Federal Contract Tower,0,3,10,0,13,0,2,8,0,10,0,5,18,0,23,8,0,8,31
07/24/2022,EAU,WI,AGL,CE,Federal Contract Tower,0,1,12,0,13,0,4,33,2,39,0,5,45,2,52,4,0,4,56
07/25/2022,EAU,WI,AGL,CE,Federal Contract Tower,0,5,14,0,19,0,5,46,2,53,0,10,60,2,72,18,0,18,90
07/26/2022,EAU,WI,AGL,CE,Federal Contract Tower,0,3,16,4,23,0,2,26,0,28,0,5,42,4,51,48,0,48,99
07/27/2022,EAU,WI,AGL,CE,Federal Contract Tower,0,2,19,8,29,0,0,36,0,36,0,2,55,8,65,8,0,8,73
07/28/2022,EAU,WI,AGL,CE,Federal Contract Tower,0,5,26,1,32,0,3,23,2,28,0,8,49,3,60,4,0,4,64
07/29/2022,EAU,WI,AGL,CE,Federal Contract Tower,0,2,21,0,23,0,6,65,0,71,0,8,86,0,94,36,0,36,130
07/30/2022,EAU,WI,AGL,CE,Federal Contract Tower,0,1,11,0,12,0,10,50,0,60,0,11,61,0,72,22,0,22,94
07/31/2022,EAU,WI,AGL,CE,Federal Contract Tower,0,1,6,0,7,0,4,33,0,37,0,5,39,0,44,46,0,46,90
08/01/2022,EAU,WI,AGL,CE,Federal Contract Tower,0,1,16,1,18,0,3,32,3,38,0,4,48,4,56,26,0,26,82
08/02/2022,EAU,WI,AGL,CE,Federal Contract Tower,0,2,18,0,20,0,1,22,2,25,0,3,40,2,45,2,0,2,47
08/03/2022,EAU,WI,AGL,CE,Federal Contract Tower,0,1,16,0,17,0,2,24,1,27,0,3,40,1,44,28,0,28,72
08/04/2022,EAU,WI,AGL,CE,Federal Contract Tower,0,1,21,0,22,0,2,50,0,52,0,3,71,0,74,22,0,22,96
08/05/2022,EAU,WI,AGL,CE,Federal Contract Tower,0,4,8,0,12,0,4,32,0,36,0,8,40,0,48,20,0,20,68
08/06/2022,EAU,WI,AGL,CE,Federal Contract Tower,0,1,7,0,8,0,2,7,0,9,0,3,14,0,17,0,0,0,17
08/07/2022,EAU,WI,AGL,CE,Federal Contract Tower,0,6,5,0,11,0,1,3,0,4,0,7,8,0,15,0,0,0,15
08/08/2022,EAU,WI,AGL,CE,Federal Contract Tower,0,5,16,0,21,0,4,24,0,28,0,9,40,0,49,18,0,18,67
08/09/2022,EAU,WI,AGL,CE,Federal Contract Tower,0,4,17,0,21,0,3,43,0,46,0,7,60,0,67,50,0,50,117
08/10/2022,EAU,WI,AGL,CE,Federal Contract Tower,0,1,14,0,15,0,0,59,4,63,0,1,73,4,78,68,14,82,160
08/11/2022,EAU,WI,AGL,CE,Federal Contract Tower,0,1,8,9,18,0,2,66,2,70,0,3,74,11,88,38,0,38,126
08/12/2022,EAU,WI,AGL,CE,Federal Contract Tower,0,2,12,0,14,0,2,10,0,12,0,4,22,0,26,4,0,4,30
08/13/2022,EAU,WI,AGL,CE,Federal Contract Tower,0,2,14,0,16,0,1,4,0,5,0,3,18,0,21,0,0,0,21
08/14/2022,EAU,WI,AGL,CE,Federal Contract Tower,0,3,7,0,10,0,0,15,0,15,0,3,22,0,25,6,0,6,31
08/15/2022,EAU,WI,AGL,CE,Federal Contract Tower,0,1,13,0,14,0,0,27,0,27,0,1,40,0,41,52,2,54,95
08/16/2022,EAU,WI,AGL,CE,Federal Contract Tower,0,3,23,1,27,0,2,49,6,57,0,5,72,7,84,54,0,54,138
08/17/2022,EAU,WI,AGL,CE,Federal Contract Tower,0,5,19,0,24,0,3,39,5,47,0,8,58,5,71,42,6,48,119
08/18/2022,EAU,WI,AGL,CE,Federal Contract Tower,0,1,13,0,14,0,0,3,0,3,0,1,16,0,17,0,0,0,17
08/19/2022,EAU,WI,AGL,CE,Federal Contract Tower,0,3,18,0,21,0,2,33,0,35,0,5,51,0,56,16,0,16,72
08/20/2022,EAU,WI,AGL,CE,Federal Contract Tower,0,1,10,0,11,0,5,7,0,12,0,6,17,0,23,12,0,12,35
08/21/2022,EAU,WI,AGL,CE,Federal Contract Tower,0,4,10,0,14,0,2,64,0,66,0,6,74,0,80,28,0,28,108
08/22/2022,EAU,WI,AGL,CE,Federal Contract Tower,0,2,14,0,16,0,2,40,0,42,0,4,54,0,58,42,0,42,100
08/23/2022,EAU,WI,AGL,CE,Federal Contract Tower,0,4,17,0,21,0,6,35,0,41,0,10,52,0,62,24,0,24,86
08/24/2022,EAU,WI,AGL,CE,Federal Contract Tower,0,1,12,0,13,0,0,22,2,24,0,1,34,2,37,18,0,18,55
08/25/2022,EAU,WI,AGL,CE,Federal Contract Tower,0,6,14,0,20,0,1,15,0,16,0,7,29,0,36,40,0,40,76
08/26/2022,EAU,WI,AGL,CE,Federal Contract Tower,0,1,18,2,21,0,2,61,4,67,0,3,79,6,88,14,0,14,102
08/27/2022,EAU,WI,AGL,CE,Federal Contract Tower,0,2,9,0,11,0,3,1,0,4,0,5,10,0,15,0,0,0,15
08/28/2022,EAU,WI,AGL,CE,Federal Contract Tower,0,1,12,0,13,0,0,7,0,7,0,1,19,0,20,0,0,0,20
08/29/2022,EAU,WI,AGL,CE,Federal Contract Tower,0,2,24,0,26,0,7,41,0,48,0,9,65,0,74,42,0,42,116
08/30/2022,EAU,WI,AGL,CE,Federal Contract Tower,0,1,13,0,14,0,2,47,0,49,0,3,60,0,63,24,0,24,87
08/31/2022,EAU,WI,AGL,CE,Federal Contract Tower,0,3,25,0,28,0,3,61,0,64,0,6,86,0,92,46,0,46,138
09/01/2022,EAU,WI,AGL,CE,Federal Contract Tower,0,3,17,2,22,0,35,2,0,37,0,38,19,2,59,24,8,32,91
09/02/2022,EAU,WI,AGL,CE,Federal Contract Tower,0,1,12,0,13,0,3,29,1,33,0,4,41,1,46,16,0,16,62
09/03/2022,EAU,WI,AGL,CE,Federal Contract Tower,0,1,10,0,11,0,5,35,1,41,0,6,45,1,52,0,0,0,52
09/04/2022,EAU,WI,AGL,CE,Federal Contract Tower,0,1,10,0,11,0,2,48,0,50,0,3,58,0,61,0,0,0,61
09/05/2022,EAU,WI,AGL,CE,Federal Contract Tower,1,1,9,0,11,0,0,37,0,37,1,1,46,0,48,0,0,0,48
09/06/2022,EAU,WI,AGL,CE,Federal Contract Tower,1,2,23,2,28,0,2,12,0,14,1,4,35,2,42,0,0,0,42
09/07/2022,EAU,WI,AGL,CE,Federal Contract Tower,0,5,11,0,16,0,2,40,1,43,0,7,51,1,59,36,0,36,95
09/08/2022,EAU,WI,AGL,CE,Federal Contract Tower,0,1,9,0,10,0,6,37,2,45,0,7,46,2,55,14,0,14,69
09/09/2022,EAU,WI,AGL,CE,Federal Contract Tower,0,1,14,0,15,0,0,20,0,20,0,1,34,0,35,30,0,30,65
09/10/2022,EAU,WI,AGL,CE,Federal Contract Tower,0,1,9,0,10,0,3,13,0,16,0,4,22,0,26,6,0,6,32
09/11/2022,EAU,WI,AGL,CE,Federal Contract Tower,0,2,11,0,13,0,0,34,0,34,0,2,45,0,47,6,0,6,53
09/12/2022,EAU,WI,AGL,CE,Federal Contract Tower,0,1,8,0,9,0,0,29,2,31,0,1,37,2,40,22,0,22,62
09/13/2022,EAU,WI,AGL,CE,Federal Contract Tower,0,5,12,0,17,0,10,40,0,50,0,15,52,0,67,24,0,24,91
09/14/2022,EAU,WI,AGL,CE,Federal Contract Tower,0,3,17,0,20,0,4,32,4,40,0,7,49,4,60,2,12,14,74
09/15/2022,EAU,WI,AGL,CE,Federal Contract Tower,0,2,17,0,19,0,2,28,2,32,0,4,45,2,51,34,2,36,87
09/16/2022,EAU,WI,AGL,CE,Federal Contract Tower,0,6,21,0,27,0,4,19,3,26,0,10,40,3,53,14,0,14,67
09/17/2022,EAU,WI,AGL,CE,Federal Contract Tower,0,3,11,0,14,0,3,21,0,24,0,6,32,0,38,14,0,14,52
09/18/2022,EAU,WI,AGL,CE,Federal Contract Tower,0,1,15,0,16,0,4,6,0,10,0,5,21,0,26,6,0,6,32
09/19/2022,EAU,WI,AGL,CE,Federal Contract Tower,0,1,20,2,23,0,2,34,0,36,0,3,54,2,59,10,0,10,69
09/20/2022,EAU,WI,AGL,CE,Federal Contract Tower,0,4,19,2,25,0,0,29,0,29,0,4,48,2,54,18,0,18,72
09/21/2022,EAU,WI,AGL,CE,Federal Contract Tower,0,1,18,0,19,0,3,24,0,27,0,4,42,0,46,8,0,8,54
09/22/2022,EAU,WI,AGL,CE,Federal Contract Tower,0,3,15,0,18,0,2,29,1,32,0,5,44,1,50,8,0,8,58
09/23/2022,EAU,WI,AGL,CE,Federal Contract Tower,0,3,17,0,20,0,4,22,0,26,0,7,39,0,46,20,0,20,66
09/24/2022,EAU,WI,AGL,CE,Federal Contract Tower,0,1,13,0,14,0,0,0,0,0,0,1,13,0,14,0,0,0,14
09/25/2022,EAU,WI,AGL,CE,Federal Contract Tower,0,1,7,0,8,0,2,5,0,7,0,3,12,0,15,0,0,0,15
09/26/2022,EAU,WI,AGL,CE,Federal Contract Tower,0,2,11,0,13,0,6,10,3,19,0,8,21,3,32,2,0,2,34
09/27/2022,EAU,WI,AGL,CE,Federal Contract Tower,0,3,22,0,25,0,3,29,4,36,0,6,51,4,61,26,0,26,87
09/28/2022,EAU,WI,AGL,CE,Federal Contract Tower,0,1,12,0,13,0,1,41,0,42,0,2,53,0,55,4,0,4,59
09/29/2022,EAU,WI,AGL,CE,Federal Contract Tower,0,1,21,0,22,0,6,25,2,33,0,7,46,2,55,0,0,0,55
09/30/2022,EAU,WI,AGL,CE,Federal Contract Tower,0,1,14,2,17,0,2,41,2,45,0,3,55,4,62,56,2,58,120
10/01/2022,EAU,WI,AGL,CE,Federal Contract Tower,0,1,16,0,17,0,2,27,0,29,0,3,43,0,46,20,0,20,66
10/02/2022,EAU,WI,AGL,CE,Federal Contract Tower,0,2,8,0,10,0,1,40,0,41,0,3,48,0,51,34,0,34,85
10/03/2022,EAU,WI,AGL,CE,Federal Contract Tower,0,3,20,0,23,0,4,29,0,33,0,7,49,0,56,28,0,28,84
10/04/2022,EAU,WI,AGL,CE,Federal Contract Tower,0,1,27,2,30,0,6,48,2,56,0,7,75,4,86,24,0,24,110
10/05/2022,EAU,WI,AGL,CE,Federal Contract Tower,0,1,13,3,17,0,7,55,3,65,0,8,68,6,82,34,0,34,116
10/06/2022,EAU,WI,AGL,CE,Federal Contract Tower,0,3,15,2,20,0,4,15,6,25,0,7,30,8,45,4,0,4,49
10/07/2022,EAU,WI,AGL,CE,Federal Contract Tower,0,1,8,2,11,0,3,35,12,50,0,4,43,14,61,42,0,42,103
10/08/2022,EAU,WI,AGL,CE,Federal Contract Tower,0,1,18,0,19,0,6,45,0,51,0,7,63,0,70,4,0,4,74
10/09/2022,EAU,WI,AGL,CE,Federal Contract Tower,0,1,16,0,17,0,6,68,0,74,0,7,84,0,91,8,0,8,99
10/10/2022,EAU,WI,AGL,CE,Federal Contract Tower,0,1,29,0,30,0,3,41,1,45,0,4,70,1,75,20,0,20,95
10/11/2022,EAU,WI,AGL,CE,Federal Contract Tower,0,1,9,0,10,0,3,32,0,35,0,4,41,0,45,8,0,8,53
10/12/2022,EAU,WI,AGL,CE,Federal Contract Tower,0,2,23,0,25,0,2,7,0,9,0,4,30,0,34,0,0,0,34
10/13/2022,EAU,WI,AGL,CE,Federal Contract Tower,0,3,8,2,13,0,3,21,1,25,0,6,29,3,38,30,10,40,78
10/14/2022,EAU,WI,AGL,CE,Federal Contract Tower,0,3,13,0,16,0,0,1,0,1,0,3,14,0,17,0,0,0,17
10/15/2022,EAU,WI,AGL,CE,Federal Contract Tower,0,0,12,0,12,0,0,39,3,42,0,0,51,3,54,4,4,8,62
10/16/2022,EAU,WI,AGL,CE,Federal Contract Tower,0,1,13,0,14,0,2,2,0,4,0,3,15,0,18,0,0,0,18
10/17/2022,EAU,WI,AGL,CE,Federal Contract Tower,0,2,12,0,14,0,3,6,2,11,0,5,18,2,25,6,2,8,33
10/18/2022,EAU,WI,AGL,CE,Federal Contract Tower,0,1,13,0,14,0,2,36,4,42,0,3,49,4,56,10,0,10,66
10/19/2022,EAU,WI,AGL,CE,Federal Contract Tower,0,1,23,0,24,0,4,50,5,59,0,5,73,5,83,38,6,44,127
10/20/2022,EAU,WI,AGL,CE,Federal Contract Tower,0,1,27,0,28,0,3,54,4,61,0,4,81,4,89,22,0,22,111
10/21/2022,EAU,WI,AGL,CE,Federal Contract Tower,0,1,24,0,25,0,5,42,0,47,0,6,66,0,72,12,0,12,84
10/22/2022,EAU,WI,AGL,CE,Federal Contract Tower,0,1,7,0,8,0,2,54,2,58,0,3,61,2,66,38,0,38,104
10/23/2022,EAU,WI,AGL,CE,Federal Contract Tower,0,1,10,0,11,0,6,22,0,28,0,7,32,0,39,10,0,10,49
10/24/2022,EAU,WI,AGL,CE,Federal Contract Tower,0,4,19,0,23,0,1,5,0,6,0,5,24,0,29,2,0,2,31
10/25/2022,EAU,WI,AGL,CE,Federal Contract Tower,0,1,12,0,13,0,8,36,2,46,0,9,48,2,59,20,0,20,79
10/26/2022,EAU,WI,AGL,CE,Federal Contract Tower,0,2,16,0,18,0,5,45,0,50,0,7,61,0,68,22,0,22,90
10/27/2022,EAU,WI,AGL,CE,Federal Contract Tower,0,1,18,0,19,0,2,48,0,50,0,3,66,0,69,22,0,22,91
10/28/2022,EAU,WI,AGL,CE,Federal Contract Tower,0,3,17,2,22,0,1,35,2,38,0,4,52,4,60,6,0,6,66
10/29/2022,EAU,WI,AGL,CE,Federal Contract Tower,0,1,10,0,11,0,3,56,0,59,0,4,66,0,70,0,0,0,70
10/30/2022,EAU,WI,AGL,CE,Federal Contract Tower,0,1,8,0,9,0,2,37,3,42,0,3,45,3,51,4,0,4,55
10/31/2022,EAU,WI,AGL,CE,Federal Contract Tower,0,3,9,6,18,0,4,22,3,29,0,7,31,9,47,4,0,4,51
11/01/2022,EAU,WI,AGL,CE,Federal Contract Tower,0,3,22,0,25,0,4,42,1,47,0,7,64,1,72,16,0,16,88
11/02/2022,EAU,WI,AGL,CE,Federal Contract Tower,0,1,17,4,22,0,5,18,0,23,0,6,35,4,45,2,0,2,47
11/03/2022,EAU,WI,AGL,CE,Federal Contract Tower,0,3,13,0,16,0,1,14,0,15,0,4,27,0,31,6,0,6,37
11/04/2022,EAU,WI,AGL,CE,Federal Contract Tower,0,3,19,0,22,0,2,0,0,2,0,5,19,0,24,0,0,0,24
11/05/2022,EAU,WI,AGL,CE,Federal Contract Tower,0,1,10,0,11,0,0,0,0,0,0,1,10,0,11,0,0,0,11
11/06/2022,EAU,WI,AGL,CE,Federal Contract Tower,0,3,5,0,8,0,4,2,0,6,0,7,7,0,14,4,0,4,18
11/07/2022,EAU,WI,AGL,CE,Federal Contract Tower,2,3,20,0,25,0,6,47,0,53,2,9,67,0,78,38,0,38,116
11/08/2022,EAU,WI,AGL,CE,Federal Contract Tower,0,1,12,2,15,0,2,18,8,28,0,3,30,10,43,2,0,2,45
11/09/2022,EAU,WI,AGL,CE,Federal Contract Tower,0,3,17,0,20,0,4,4,0,8,0,7,21,0,28,8,0,8,36
11/10/2022,EAU,WI,AGL,CE,Federal Contract Tower,0,1,11,0,12,0,1,1,0,2,0,2,12,0,14,0,0,0,14
11/11/2022,EAU,WI,AGL,CE,Federal Contract Tower,0,1,15,0,16,0,2,2,0,4,0,3,17,0,20,0,0,0,20
11/12/2022,EAU,WI,AGL,CE,Federal Contract Tower,1,3,4,0,8,0,4,5,0,9,1,7,9,0,17,4,0,4,21
11/13/2022,EAU,WI,AGL,CE,Federal Contract Tower,0,2,18,0,20,0,0,39,0,39,0,2,57,0,59,26,2,28,87
11/14/2022,EAU,WI,AGL,CE,Federal Contract Tower,0,3,13,0,16,0,0,0,0,0,0,3,13,0,16,0,0,0,16
11/15/2022,EAU,WI,AGL,CE,Federal Contract Tower,0,1,7,0,8,0,0,0,0,0,0,1,7,0,8,0,0,0,8
11/16/2022,EAU,WI,AGL,CE,Federal Contract Tower,0,5,12,0,17,0,0,0,0,0,0,5,12,0,17,0,0,0,17
11/17/2022,EAU,WI,AGL,CE,Federal Contract Tower,0,4,14,0,18,0,0,0,0,0,0,4,14,0,18,0,0,0,18
11/18/2022,EAU,WI,AGL,CE,Federal Contract Tower,0,1,15,0,16,0,5,0,0,5,0,6,15,0,21,0,0,0,21
11/19/2022,EAU,WI,AGL,CE,Federal Contract Tower,0,4,7,0,11,0,5,2,0,7,0,9,9,0,18,2,0,2,20
11/20/2022,EAU,WI,AGL,CE,Federal Contract Tower,0,1,10,0,11,0,0,27,4,31,0,1,37,4,42,20,0,20,62
11/21/2022,EAU,WI,AGL,CE,Federal Contract Tower,0,1,18,0,19,0,4,40,4,48,0,5,58,4,67,36,2,38,105
11/22/2022,EAU,WI,AGL,CE,Federal Contract Tower,0,1,17,0,18,0,2,50,0,52,0,3,67,0,70,22,0,22,92
11/23/2022,EAU,WI,AGL,CE,Federal Contract Tower,0,1,8,0,9,0,0,45,0,45,0,1,53,0,54,6,0,6,60
11/24/2022,EAU,WI,AGL,CE,Federal Contract Tower,0,7,1,0,8,0,8,0,0,8,0,15,1,0,16,0,0,0,16
11/25/2022,EAU,WI,AGL,CE,Federal Contract Tower,0,1,14,0,15,0,3,44,0,47,0,4,58,0,62,16,0,16,78
11/26/2022,EAU,WI,AGL,CE,Federal Contract Tower,0,3,3,0,6,0,2,48,0,50,0,5,51,0,56,12,0,12,68
11/27/2022,EAU,WI,AGL,CE,Federal Contract Tower,0,1,4,0,5,0,8,41,0,49,0,9,45,0,54,30,0,30,84
11/28/2022,EAU,WI,AGL,CE,Federal Contract Tower,0,1,8,0,9,0,5,26,0,31,0,6,34,0,40,16,0,16,56
11/29/2022,EAU,WI,AGL,CE,Federal Contract Tower,0,1,11,0,12,0,0,0,0,0,0,1,11,0,12,0,0,0,12
11/30/2022,EAU,WI,AGL,CE,Federal Contract Tower,0,9,10,0,19,0,3,0,0,3,0,12,10,0,22,2,0,2,24
12/01/2022,EAU,WI,AGL,CE,Federal Contract Tower,2,0,11,2,15,0,3,24,0,27,2,3,35,2,42,4,6,10,52
12/02/2022,EAU,WI,AGL,CE,Federal Contract Tower,0,0,14,0,14,0,2,16,2,20,0,2,30,2,34,8,0,8,42
12/04/2022,EAU,WI,AGL,CE,Federal Contract Tower,1,0,13,1,15,0,5,27,1,33,1,5,40,2,48,14,0,14,62
12/05/2022,EAU,WI,AGL,CE,Federal Contract Tower,1,0,16,2,19,0,10,34,0,44,1,10,50,2,63,36,0,36,99
12/06/2022,EAU,WI,AGL,CE,Federal Contract Tower,2,2,26,2,32,0,0,30,0,30,2,2,56,2,62,10,0,10,72
12/07/2022,EAU,WI,AGL,CE,Federal Contract Tower,1,1,15,2,19,0,0,9,0,9,1,1,24,2,28,0,0,0,28
12/08/2022,EAU,WI,AGL,CE,Federal Contract Tower,2,3,18,0,23,0,7,32,0,39,2,10,50,0,62,20,0,20,82
12/09/2022,EAU,WI,AGL,CE,Federal Contract Tower,1,0,10,0,11,0,0,2,0,2,1,0,12,0,13,0,0,0,13
12/10/2022,EAU,WI,AGL,CE,Federal Contract Tower,2,0,0,0,2,0,0,0,0,0,2,0,0,0,2,0,0,0,2
12/11/2022,EAU,WI,AGL,CE,Federal Contract Tower,1,0,6,0,7,0,2,3,0,5,1,2,9,0,12,0,0,0,12
12/12/2022,EAU,WI,AGL,CE,Federal Contract Tower,3,1,12,0,16,0,2,2,0,4,3,3,14,0,20,2,0,2,22
12/13/2022,EAU,WI,AGL,CE,Federal Contract Tower,0,0,7,0,7,0,2,0,0,2,0,2,7,0,9,0,0,0,9
12/14/2022,EAU,WI,AGL,CE,Federal Contract Tower,2,0,5,0,7,0,0,0,0,0,2,0,5,0,7,0,0,0,7
12/15/2022,EAU,WI,AGL,CE,Federal Contract Tower,0,0,2,0,2,0,0,0,0,0,0,0,2,0,2,0,0,0,2
12/16/2022,EAU,WI,AGL,CE,Federal Contract Tower,0,0,7,0,7,0,0,0,0,0,0,0,7,0,7,0,0,0,7
12/17/2022,EAU,WI,AGL,CE,Federal Contract Tower,0,0,4,0,4,0,2,0,0,2,0,2,4,0,6,0,0,0,6
12/18/2022,EAU,WI,AGL,CE,Federal Contract Tower,0,0,7,0,7,0,5,11,0,16,0,5,18,0,23,6,0,6,29
12/19/2022,EAU,WI,AGL,CE,Federal Contract Tower,5,2,10,0,17,0,2,1,0,3,5,4,11,0,20,0,0,0,20
12/20/2022,EAU,WI,AGL,CE,Federal Contract Tower,0,0,10,0,10,0,0,0,0,0,0,0,10,0,10,0,0,0,10
12/21/2022,EAU,WI,AGL,CE,Federal Contract Tower,0,2,16,0,18,0,2,0,0,2,0,4,16,0,20,0,0,0,20
12/22/2022,EAU,WI,AGL,CE,Federal Contract Tower,2,0,1,0,3,0,0,0,0,0,2,0,1,0,3,0,0,0,3
12/23/2022,EAU,WI,AGL,CE,Federal Contract Tower,2,0,0,0,2,0,0,0,0,0,2,0,0,0,2,0,0,0,2
12/24/2022,EAU,WI,AGL,CE,Federal Contract Tower,0,0,3,0,3,0,4,1,0,5,0,4,4,0,8,0,0,0,8
12/25/2022,EAU,WI,AGL,CE,Federal Contract Tower,0,0,2,0,2,0,3,6,0,9,0,3,8,0,11,0,0,0,11
12/26/2022,EAU,WI,AGL,CE,Federal Contract Tower,4,1,10,0,15,0,2,5,0,7,4,3,15,0,22,2,0,2,24
12/27/2022,EAU,WI,AGL,CE,Federal Contract Tower,0,0,18,1,19,0,4,12,2,18,0,4,30,3,37,12,0,12,49
12/28/2022,EAU,WI,AGL,CE,Federal Contract Tower,1,2,18,0,21,0,5,30,0,35,1,7,48,0,56,4,0,4,60
12/29/2022,EAU,WI,AGL,CE,Federal Contract Tower,1,0,7,0,8,0,2,4,0,6,1,2,11,0,14,2,0,2,16
12/30/2022,EAU,WI,AGL,CE,Federal Contract Tower,4,0,7,0,11,0,2,3,0,5,4,2,10,0,16,12,0,12,28
01/01/2023,EAU,WI,AGL,CE,Federal Contract Tower,0,0,4,0,4,0,0,0,0,0,0,0,4,0,4,0,0,0,4
01/02/2023,EAU,WI,AGL,CE,Federal Contract Tower,4,0,12,0,16,0,0,0,0,0,4,0,12,0,16,0,0,0,16
01/03/2023,EAU,WI,AGL,CE,Federal Contract Tower,2,0,6,0,8,0,0,0,0,0,2,0,6,0,8,0,0,0,8
01/04/2023,EAU,WI,AGL,CE,Federal Contract Tower,1,0,8,0,9,0,0,0,0,0,1,0,8,0,9,0,0,0,9
01/05/2023,EAU,WI,AGL,CE,Federal Contract Tower,1,0,9,0,10,0,0,0,0,0,1,0,9,0,10,0,0,0,10
01/06/2023,EAU,WI,AGL,CE,Federal Contract Tower,4,0,12,0,16,0,3,15,0,18,4,3,27,0,34,0,0,0,34
01/07/2023,EAU,WI,AGL,CE,Federal Contract Tower,0,0,17,0,17,0,6,32,0,38,0,6,49,0,55,6,0,6,61
01/08/2023,EAU,WI,AGL,CE,Federal Contract Tower,1,0,21,0,22,0,2,23,0,25,1,2,44,0,47,24,0,24,71
01/09/2023,EAU,WI,AGL,CE,Federal Contract Tower,4,0,4,0,8,0,2,0,0,2,4,2,4,0,10,0,0,0,10
01/10/2023,EAU,WI,AGL,CE,Federal Contract Tower,0,0,7,0,7,0,0,0,0,0,0,0,7,0,7,0,0,0,7
01/11/2023,EAU,WI,AGL,CE,Federal Contract Tower,1,0,2,0,3,0,0,0,0,0,1,0,2,0,3,0,0,0,3
01/12/2023,EAU,WI,AGL,CE,Federal Contract Tower,1,2,7,0,10,0,5,0,0,5,1,7,7,0,15,0,0,0,15
01/13/2023,EAU,WI,AGL,CE,Federal Contract Tower,4,2,10,0,16,0,3,19,0,22,4,5,29,0,38,18,0,18,56
01/14/2023,EAU,WI,AGL,CE,Federal Contract Tower,0,0,19,0,19,0,4,16,0,20,0,4,35,0,39,2,0,2,41
01/15/2023,EAU,WI,AGL,CE,Federal Contract Tower,1,0,11,0,12,0,0,26,0,26,1,0,37,0,38,8,2,10,48
01/16/2023,EAU,WI,AGL,CE,Federal Contract Tower,4,0,12,0,16,0,0,0,0,0,4,0,12,0,16,0,0,0,16
01/17/2023,EAU,WI,AGL,CE,Federal Contract Tower,0,0,4,2,6,0,4,2,0,6,0,4,6,2,12,0,0,0,12
01/18/2023,EAU,WI,AGL,CE,Federal Contract Tower,1,0,18,1,20,0,0,9,1,10,1,0,27,2,30,4,0,4,34
01/19/2023,EAU,WI,AGL,CE,Federal Contract Tower,3,0,12,0,15,0,0,0,0,0,3,0,12,0,15,0,0,0,15
01/20/2023,EAU,WI,AGL,CE,Federal Contract Tower,4,2,8,0,14,0,2,0,0,2,4,4,8,0,16,4,0,4,20
01/21/2023,EAU,WI,AGL,CE,Federal Contract Tower,0,0,3,0,3,0,0,0,0,0,0,0,3,0,3,0,0,0,3
01/22/2023,EAU,WI,AGL,CE,Federal Contract Tower,0,0,7,0,7,0,0,0,0,0,0,0,7,0,7,0,0,0,7
01/23/2023,EAU,WI,AGL,CE,Federal Contract Tower,6,1,4,0,11,0,2,0,0,2,6,3,4,0,13,0,0,0,13
01/24/2023,EAU,WI,AGL,CE,Federal Contract Tower,0,0,15,0,15,0,0,3,0,3,0,0,18,0,18,0,0,0,18
01/25/2023,EAU,WI,AGL,CE,Federal Contract Tower,1,0,11,0,12,0,0,0,0,0,1,0,11,0,12,0,0,0,12
01/26/2023,EAU,WI,AGL,CE,Federal Contract Tower,1,0,14,0,15,0,2,21,2,25,1,2,35,2,40,6,2,8,48
01/27/2023,EAU,WI,AGL,CE,Federal Contract Tower,4,0,14,0,18,0,4,3,0,7,4,4,17,0,25,2,0,2,27
01/28/2023,EAU,WI,AGL,CE,Federal Contract Tower,0,2,15,0,17,0,2,31,2,35,0,4,46,2,52,24,0,24,76
01/29/2023,EAU,WI,AGL,CE,Federal Contract Tower,1,1,12,0,14,0,5,30,2,37,1,6,42,2,51,44,0,44,95
01/30/2023,EAU,WI,AGL,CE,Federal Contract Tower,4,1,10,2,17,0,2,9,5,16,4,3,19,7,33,14,2,16,49
01/31/2023,EAU,WI,AGL,CE,Federal Contract Tower,0,0,15,0,15,0,0,14,0,14,0,0,29,0,29,4,0,4,33
02/01/2023,EAU,WI,AGL,CE,Federal Contract Tower,1,3,13,3,20,0,4,24,19,47,1,7,37,22,67,26,4,30,97
02/02/2023,EAU,WI,AGL,CE,Federal Contract Tower,0,5,17,0,22,0,0,29,2,31,0,5,46,2,53,18,0,18,71
02/03/2023,EAU,WI,AGL,CE,Federal Contract Tower,2,1,10,0,13,0,1,13,0,14,2,2,23,0,27,18,0,18,45
02/04/2023,EAU,WI,AGL,CE,Federal Contract Tower,0,0,15,0,15,0,0,56,3,59,0,0,71,3,74,16,0,16,90
02/05/2023,EAU,WI,AGL,CE,Federal Contract Tower,0,0,7,1,8,0,2,31,3,36,0,2,38,4,44,14,6,20,64
02/06/2023,EAU,WI,AGL,CE,Federal Contract Tower,4,0,11,0,15,0,2,17,0,19,4,2,28,0,34,14,0,14,48
02/07/2023,EAU,WI,AGL,CE,Federal Contract Tower,0,3,17,0,20,0,0,42,0,42,0,3,59,0,62,20,0,20,82
02/08/2023,EAU,WI,AGL,CE,Federal Contract Tower,1,3,17,0,21,0,5,46,2,53,1,8,63,2,74,36,2,38,112
02/09/2023,EAU,WI,AGL,CE,Federal Contract Tower,0,4,8,0,12,0,3,13,0,16,0,7,21,0,28,18,0,18,46
02/10/2023,EAU,WI,AGL,CE,Federal Contract Tower,4,2,12,4,22,0,1,38,0,39,4,3,50,4,61,18,0,18,79
02/11/2023,EAU,WI,AGL,CE,Federal Contract Tower,0,0,12,0,12,0,2,54,2,58,0,2,66,2,70,36,0,36,106
02/12/2023,EAU,WI,AGL,CE,Federal Contract Tower,1,1,4,0,6,0,2,87,2,91,1,3,91,2,97,44,0,44,141
02/13/2023,EAU,WI,AGL,CE,Federal Contract Tower,5,3,21,0,29,0,5,84,0,89,5,8,105,0,118,54,0,54,172
02/14/2023,EAU,WI,AGL,CE,Federal Contract Tower,0,0,10,2,12,0,2,2,1,5,0,2,12,3,17,4,0,4,21
02/15/2023,EAU,WI,AGL,CE,Federal Contract Tower,1,0,8,0,9,0,6,1,0,7,1,6,9,0,16,0,0,0,16
02/16/2023,EAU,WI,AGL,CE,Federal Contract Tower,1,2,17,0,20,0,5,18,0,23,1,7,35,0,43,18,0,18,61
02/17/2023,EAU,WI,AGL,CE,Federal Contract Tower,4,0,22,0,26,0,8,36,2,46,4,8,58,2,72,14,0,14,86
02/18/2023,EAU,WI,AGL,CE,Federal Contract Tower,0,0,8,0,8,0,8,45,2,55,0,8,53,2,63,6,0,6,69
02/19/2023,EAU,WI,AGL,CE,Federal Contract Tower,0,0,4,0,4,0,0,7,0,7,0,0,11,0,11,10,0,10,21
02/20/2023,EAU,WI,AGL,CE,Federal Contract Tower,4,0,17,0,21,0,2,3,0,5,4,2,20,0,26,18,0,18,44
02/21/2023,EAU,WI,AGL,CE,Federal Contract Tower,0,0,6,0,6,0,3,4,0,7,0,3,10,0,13,6,0,6,19
02/22/2023,EAU,WI,AGL,CE,Federal Contract Tower,0,0,1,0,1,0,0,0,0,0,0,0,1,0,1,0,0,0,1
02/23/2023,EAU,WI,AGL,CE,Federal Contract Tower,0,0,3,0,3,0,0,0,0,0,0,0,3,0,3,0,0,0,3
02/24/2023,EAU,WI,AGL,CE,Federal Contract Tower,4,0,19,0,23,0,1,23,0,24,4,1,42,0,47,34,0,34,81
02/25/2023,EAU,WI,AGL,CE,Federal Contract Tower,0,0,5,0,5,0,2,33,0,35,0,2,38,0,40,36,0,36,76
02/26/2023,EAU,WI,AGL,CE,Federal Contract Tower,0,0,15,0,15,0,3,60,3,66,0,3,75,3,81,38,2,40,121
02/27/2023,EAU,WI,AGL,CE,Federal Contract Tower,4,0,2,0,6,0,0,0,0,0,4,0,2,0,6,0,0,0,6
02/28/2023,EAU,WI,AGL,CE,Federal Contract Tower,0,6,10,0,16,0,2,0,36,38,0,8,10,36,54,30,0,30,84
03/01/2023,EAU,WI,AGL,CE,Federal Contract Tower,1,0,16,0,17,0,0,0,0,0,1,0,16,0,17,0,0,0,17
03/02/2023,EAU,WI,AGL,CE,Federal Contract Tower,0,0,9,0,9,0,0,37,0,37,0,0,46,0,46,24,0,24,70
03/03/2023,EAU,WI,AGL,CE,Federal Contract Tower,4,0,9,0,13,0,3,15,0,18,4,3,24,0,31,24,0,24,55
03/04/2023,EAU,WI,AGL,CE,Federal Contract Tower,0,2,7,0,9,0,7,23,3,33,0,9,30,3,42,6,0,6,48
03/05/2023,EAU,WI,AGL,CE,Federal Contract Tower,0,0,5,0,5,0,0,35,4,39,0,0,40,4,44,60,0,60,104
03/06/2023,EAU,WI,AGL,CE,Federal Contract Tower,7,2,7,0,16,0,2,0,0,2,7,4,7,0,18,0,0,0,18
03/07/2023,EAU,WI,AGL,CE,Federal Contract Tower,0,3,21,0,24,0,2,54,2,58,0,5,75,2,82,6,0,6,88
03/08/2023,EAU,WI,AGL,CE,Federal Contract Tower,1,2,14,0,17,0,3,27,0,30,1,5,41,0,47,20,0,20,67
03/09/2023,EAU,WI,AGL,CE,Federal Contract Tower,0,2,8,0,10,0,1,5,0,6,0,3,13,0,16,16,0,16,32
03/10/2023,EAU,WI,AGL,CE,Federal Contract Tower,4,0,8,0,12,0,2,2,0,4,4,2,10,0,16,0,0,0,16
03/11/2023,EAU,WI,AGL,CE,Federal Contract Tower,0,0,3,0,3,0,2,0,0,2,0,2,3,0,5,0,0,0,5
03/12/2023,EAU,WI,AGL,CE,Federal Contract Tower,0,0,6,0,6,0,0,0,0,0,0,0,6,0,6,0,0,0,6
03/13/2023,EAU,WI,AGL,CE,Federal Contract Tower,4,2,8,0,14,0,4,14,0,18,4,6,22,0,32,12,0,12,44
03/14/2023,EAU,WI,AGL,CE,Federal Contract Tower,0,7,7,2,16,0,3,60,5,68,0,10,67,7,84,26,0,26,110
03/15/2023,EAU,WI,AGL,CE,Federal Contract Tower,1,4,21,0,26,0,6,27,0,33,1,10,48,0,59,26,0,26,85
03/16/2023,EAU,WI,AGL,CE,Federal Contract Tower,1,0,9,0,10,0,0,4,0,4,1,0,13,0,14,2,0,2,16
03/17/2023,EAU,WI,AGL,CE,Federal Contract Tower,4,0,15,0,19,0,4,1,0,5,4,4,16,0,24,0,0,0,24
03/18/2023,EAU,WI,AGL,CE,Federal Contract Tower,0,0,6,0,6,0,6,7,0,13,0,6,13,0,19,4,0,4,23
03/19/2023,EAU,WI,AGL,CE,Federal Contract Tower,1,2,11,0,14,0,0,38,0,38,1,2,49,0,52,20,0,20,72
03/20/2023,EAU,WI,AGL,CE,Federal Contract Tower,4,4,10,0,18,0,3,37,0,40,4,7,47,0,58,16,0,16,74
03/21/2023,EAU,WI,AGL,CE,Federal Contract Tower,0,0,10,2,12,0,2,10,0,12,0,2,20,2,24,12,0,12,36
03/22/2023,EAU,WI,AGL,CE,Federal Contract Tower,1,0,14,0,15,0,4,7,0,11,1,4,21,0,26,10,0,10,36
03/23/2023,EAU,WI,AGL,CE,Federal Contract Tower,0,4,23,0,27,0,2,34,0,36,0,6,57,0,63,16,0,16,79
03/24/2023,EAU,WI,AGL,CE,Federal Contract Tower,6,1,11,0,18,0,6,51,3,60,6,7,62,3,78,34,0,34,112
03/25/2023,EAU,WI,AGL,CE,Federal Contract Tower,0,0,12,0,12,0,1,44,0,45,0,1,56,0,57,34,0,34,91
03/26/2023,EAU,WI,AGL,CE,Federal Contract Tower,1,4,15,0,20,0,5,44,2,51,1,9,59,2,71,14,0,14,85
03/27/2023,EAU,WI,AGL,CE,Federal Contract Tower,4,1,19,0,24,0,4,46,2,52,4,5,65,2,76,38,6,44,120
03/28/2023,EAU,WI,AGL,CE,Federal Contract Tower,2,0,14,1,17,0,4,30,1,35,2,4,44,2,52,18,0,18,70
03/29/2023,EAU,WI,AGL,CE,Federal Contract Tower,1,0,18,0,19,0,3,47,3,53,1,3,65,3,72,18,4,22,94
03/30/2023,EAU,WI,AGL,CE,Federal Contract Tower,0,2,9,0,11,0,5,27,0,32,0,7,36,0,43,38,0,38,81
03/31/2023,EAU,WI,AGL,CE,Federal Contract Tower,4,0,9,0,13,0,0,0,0,0,4,0,9,0,13,0,0,0,13
04/01/2023,EAU,WI,AGL,CE,Federal Contract Tower,0,0,6,0,6,0,1,16,0,17,0,1,22,0,23,6,0,6,29
04/02/2023,EAU,WI,AGL,CE,Federal Contract Tower,0,4,6,0,10,0,3,19,0,22,0,7,25,0,32,16,0,16,48
04/03/2023,EAU,WI,AGL,CE,Federal Contract Tower,4,1,9,0,14,0,4,19,0,23,4,5,28,0,37,20,0,20,57
04/04/2023,EAU,WI,AGL,CE,Federal Contract Tower,0,4,12,0,16,0,0,0,0,0,0,4,12,0,16,0,0,0,16
04/05/2023,EAU,WI,AGL,CE,Federal Contract Tower,1,0,8,1,10,0,5,0,2,7,1,5,8,3,17,0,2,2,19
04/06/2023,EAU,WI,AGL,CE,Federal Contract Tower,0,4,9,0,13,0,2,29,0,31,0,6,38,0,44,24,0,24,68
04/07/2023,EAU,WI,AGL,CE,Federal Contract Tower,4,0,19,0,23,0,3,59,0,62,4,3,78,0,85,26,0,26,111
04/08/2023,EAU,WI,AGL,CE,Federal Contract Tower,0,1,11,0,12,0,3,49,6,58,0,4,60,6,70,46,0,46,116
04/09/2023,EAU,WI,AGL,CE,Federal Contract Tower,1,2,3,0,6,0,2,29,0,31,1,4,32,0,37,12,0,12,49
04/10/2023,EAU,WI,AGL,CE,Federal Contract Tower,4,2,22,0,28,0,2,28,0,30,4,4,50,0,58,30,0,30,88
04/11/2023,EAU,WI,AGL,CE,Federal Contract Tower,0,0,14,0,14,0,3,47,0,50,0,3,61,0,64,30,0,30,94
04/12/2023,EAU,WI,AGL,CE,Federal Contract Tower,1,2,19,0,22,0,5,42,0,47,1,7,61,0,69,20,0,20,89
04/13/2023,EAU,WI,AGL,CE,Federal Contract Tower,0,6,14,1,21,0,2,44,2,48,0,8,58,3,69,22,0,22,91
04/14/2023,EAU,WI,AGL,CE,Federal Contract Tower,4,3,16,0,23,0,5,22,0,27,4,8,38,0,50,2,0,2,52
04/15/2023,EAU,WI,AGL,CE,Federal Contract Tower,0,0,6,0,6,0,5,5,0,10,0,5,11,0,16,0,0,0,16
04/16/2023,EAU,WI,AGL,CE,Federal Contract Tower,0,0,4,0,4,0,0,0,0,0,0,0,4,0,4,0,0,0,4
04/17/2023,EAU,WI,AGL,CE,Federal Contract Tower,5,7,0,0,12,0,2,1,0,3,5,9,1,0,15,0,2,2,17
04/18/2023,EAU,WI,AGL,CE,Federal Contract Tower,0,2,11,2,15,0,5,46,1,52,0,7,57,3,67,20,0,20,87
04/19/2023,EAU,WI,AGL,CE,Federal Contract Tower,1,0,12,0,13,0,4,2,0,6,1,4,14,0,19,0,0,0,19
04/20/2023,EAU,WI,AGL,CE,Federal Contract Tower,0,4,19,0,23,0,0,0,0,0,0,4,19,0,23,0,0,0,23
04/21/2023,EAU,WI,AGL,CE,Federal Contract Tower,6,0,5,0,11,0,2,3,0,5,6,2,8,0,16,0,0,0,16
04/22/2023,EAU,WI,AGL,CE,Federal Contract Tower,0,0,6,0,6,0,0,2,0,2,0,0,8,0,8,0,0,0,8
04/23/2023,EAU,WI,AGL,CE,Federal Contract Tower,1,2,7,0,10,0,0,42,7,49,1,2,49,7,59,20,0,20,79
04/24/2023,EAU,WI,AGL,CE,Federal Contract Tower,6,2,9,0,17,0,5,42,0,47,6,7,51,0,64,16,0,16,80
04/25/2023,EAU,WI,AGL,CE,Federal Contract Tower,0,0,18,0,18,0,0,50,1,51,0,0,68,1,69,20,0,20,89
04/26/2023,EAU,WI,AGL,CE,Federal Contract Tower,1,8,9,0,18,0,0,0,0,0,1,8,9,0,18,46,0,46,64
04/27/2023,EAU,WI,AGL,CE,Federal Contract Tower,0,10,16,0,26,0,4,37,0,41,0,14,53,0,67,30,0,30,97
04/28/2023,EAU,WI,AGL,CE,Federal Contract Tower,4,4,11,0,19,0,4,26,0,30,4,8,37,0,49,8,0,8,57
04/29/2023,EAU,WI,AGL,CE,Federal Contract Tower,0,0,5,0,5,0,4,0,0,4,0,4,5,0,9,0,0,0,9
04/30/2023,EAU,WI,AGL,CE,Federal Contract Tower,0,0,3,0,3,0,2,1,0,3,0,2,4,0,6,0,0,0,6
05/01/2023,EAU,WI,AGL,CE,Federal Contract Tower,4,0,14,0,18,0,0,3,0,3,4,0,17,0,21,2,0,2,23
05/02/2023,EAU,WI,AGL,CE,Federal Contract Tower,0,3,15,2,20,0,2,23,0,25,0,5,38,2,45,22,0,22,67
05/03/2023,EAU,WI,AGL,CE,Federal Contract Tower,1,3,12,0,16,0,2,56,4,62,1,5,68,4,78,40,0,40,118
05/04/2023,EAU,WI,AGL,CE,Federal Contract Tower,0,2,28,0,30,0,6,64,2,72,0,8,92,2,102,38,0,38,140
05/05/2023,EAU,WI,AGL,CE,Federal Contract Tower,4,1,24,0,29,0,0,23,0,23,4,1,47,0,52,14,0,14,66
05/06/2023,EAU,WI,AGL,CE,Federal Contract Tower,0,3,8,2,13,0,2,4,0,6,0,5,12,2,19,8,0,8,27
05/07/2023,EAU,WI,AGL,CE,Federal Contract Tower,0,2,9,0,11,0,0,29,0,29,0,2,38,0,40,18,0,18,58
05/08/2023,EAU,WI,AGL,CE,Federal Contract Tower,4,0,20,0,24,0,0,15,0,15,4,0,35,0,39,10,0,10,49
05/09/2023,EAU,WI,AGL,CE,Federal Contract Tower,0,2,21,0,23,0,2,18,3,23,0,4,39,3,46,12,0,12,58
05/10/2023,EAU,WI,AGL,CE,Federal Contract Tower,1,0,28,5,34,0,4,60,4,68,1,4,88,9,102,22,0,22,124
05/11/2023,EAU,WI,AGL,CE,Federal Contract Tower,0,0,21,0,21,0,3,50,0,53,0,3,71,0,74,50,0,50,124
05/12/2023,EAU,WI,AGL,CE,Federal Contract Tower,4,9,10,0,23,0,0,37,0,37,4,9,47,0,60,26,0,26,86
05/13/2023,EAU,WI,AGL,CE,Federal Contract Tower,0,2,6,0,8,0,6,33,0,39,0,8,39,0,47,2,0,2,49
05/14/2023,EAU,WI,AGL,CE,Federal Contract Tower,0,2,10,0,12,0,3,27,0,30,0,5,37,0,42,34,0,34,76
05/15/2023,EAU,WI,AGL,CE,Federal Contract Tower,4,5,17,0,26,0,10,67,0,77,4,15,84,0,103,26,0,26,129
05/16/2023,EAU,WI,AGL,CE,Federal Contract Tower,0,1,14,0,15,0,2,48,2,52,0,3,62,2,67,18,0,18,85
05/17/2023,EAU,WI,AGL,CE,Federal Contract Tower,1,0,24,0,25,0,5,62,0,67,1,5,86,0,92,14,0,14,106
05/18/2023,EAU,WI,AGL,CE,Federal Contract Tower,1,0,16,0,17,0,1,18,0,19,1,1,34,0,36,24,0,24,60
05/19/2023,EAU,WI,AGL,CE,Federal Contract Tower,4,5,13,2,24,0,4,18,2,24,4,9,31,4,48,8,0,8,56
05/20/2023,EAU,WI,AGL,CE,Federal Contract Tower,0,5,8,0,13,0,4,48,0,52,0,9,56,0,65,28,0,28,93
05/21/2023,EAU,WI,AGL,CE,Federal Contract Tower,0,0,5,0,5,0,5,48,0,53,0,5,53,0,58,44,0,44,102
05/22/2023,EAU,WI,AGL,CE,Federal Contract Tower,4,0,17,2,23,0,4,23,1,28,4,4,40,3,51,0,0,0,51
05/23/2023,EAU,WI,AGL,CE,Federal Contract Tower,0,2,23,0,25,0,5,48,0,53,0,7,71,0,78,10,0,10,88
05/24/2023,EAU,WI,AGL,CE,Federal Contract Tower,1,0,16,0,17,0,2,23,0,25,1,2,39,0,42,16,0,16,58
05/25/2023,EAU,WI,AGL,CE,Federal Contract Tower,0,2,28,0,30,0,1,32,0,33,0,3,60,0,63,18,0,18,81
05/26/2023,EAU,WI,AGL,CE,Federal Contract Tower,6,4,8,0,18,0,2,63,5,70,6,6,71,5,88,22,0,22,110
05/27/2023,EAU,WI,AGL,CE,Federal Contract Tower,0,2,4,0,6,0,3,47,2,52,0,5,51,2,58,48,0,48,106
05/28/2023,EAU,WI,AGL,CE,Federal Contract Tower,0,3,11,0,14,0,12,34,4,50,0,15,45,4,64,12,0,12,76
05/29/2023,EAU,WI,AGL,CE,Federal Contract Tower,4,0,8,0,12,0,4,38,4,46,4,4,46,4,58,10,0,10,68
05/30/2023,EAU,WI,AGL,CE,Federal Contract Tower,1,0,22,0,23,0,6,23,0,29,1,6,45,0,52,2,0,2,54
05/31/2023,EAU,WI,AGL,CE,Federal Contract Tower,1,0,19,0,20,0,4,47,0,51,1,4,66,0,71,22,0,22,93
06/01/2023,EAU,WI,AGL,CE,Federal Contract Tower,0,2,19,0,21,0,3,31,1,35,0,5,50,1,56,18,0,18,74
06/02/2023,EAU,WI,AGL,CE,Federal Contract Tower,4,0,12,0,16,0,0,36,0,36,4,0,48,0,52,34,0,34,86
06/03/2023,EAU,WI,AGL,CE,Federal Contract Tower,0,0,8,0,8,0,2,36,0,38,0,2,44,0,46,8,0,8,54
06/04/2023,EAU,WI,AGL,CE,Federal Contract Tower,0,6,5,0,11,0,8,44,3,55,0,14,49,3,66,24,0,24,90
06/05/2023,EAU,WI,AGL,CE,Federal Contract Tower,4,2,14,0,20,0,5,53,0,58,4,7,67,0,78,26,0,26,104
06/06/2023,EAU,WI,AGL,CE,Federal Contract Tower,0,1,6,0,7,0,2,40,2,44,0,3,46,2,51,18,0,18,69
06/07/2023,EAU,WI,AGL,CE,Federal Contract Tower,1,8,18,0,27,0,4,40,0,44,1,12,58,0,71,14,0,14,85
06/08/2023,EAU,WI,AGL,CE,Federal Contract Tower,0,4,27,0,31,0,4,44,0,48,0,8,71,0,79,14,0,14,93
06/09/2023,EAU,WI,AGL,CE,Federal Contract Tower,4,6,8,0,18,0,3,54,3,60,4,9,62,3,78,28,0,28,106
06/10/2023,EAU,WI,AGL,CE,Federal Contract Tower,0,0,11,0,11,0,0,27,0,27,0,0,38,0,38,10,0,10,48
06/11/2023,EAU,WI,AGL,CE,Federal Contract Tower,0,0,11,0,11,0,4,40,0,44,0,4,51,0,55,20,0,20,75
06/12/2023,EAU,WI,AGL,CE,Federal Contract Tower,4,0,12,0,16,0,4,26,0,30,4,4,38,0,46,22,0,22,68
06/13/2023,EAU,WI,AGL,CE,Federal Contract Tower,0,3,20,0,23,0,2,36,0,38,0,5,56,0,61,8,0,8,69
06/14/2023,EAU,WI,AGL,CE,Federal Contract Tower,3,2,24,0,29,0,2,25,0,27,3,4,49,0,56,16,0,16,72
06/15/2023,EAU,WI,AGL,CE,Federal Contract Tower,0,4,18,0,22,0,0,34,0,34,0,4,52,0,56,28,0,28,84
06/16/2023,EAU,WI,AGL,CE,Federal Contract Tower,4,5,14,0,23,0,0,40,0,40,4,5,54,0,63,36,0,36,99
06/17/2023,EAU,WI,AGL,CE,Federal Contract Tower,0,0,12,0,12,0,5,53,0,58,0,5,65,0,70,66,0,66,136
06/18/2023,EAU,WI,AGL,CE,Federal Contract Tower,2,0,10,0,12,0,1,15,3,19,2,1,25,3,31,8,2,10,41
06/19/2023,EAU,WI,AGL,CE,Federal Contract Tower,2,7,13,0,22,0,2,34,0,36,2,9,47,0,58,12,0,12,70
06/20/2023,EAU,WI,AGL,CE,Federal Contract Tower,0,5,15,0,20,0,1,28,3,32,0,6,43,3,52,8,0,8,60
06/21/2023,EAU,WI,AGL,CE,Federal Contract Tower,1,2,23,0,26,0,2,52,0,54,1,4,75,0,80,30,0,30,110
06/22/2023,EAU,WI,AGL,CE,Federal Contract Tower,0,3,25,0,28,0,4,31,2,37,0,7,56,2,65,12,0,12,77
06/23/2023,EAU,WI,AGL,CE,Federal Contract Tower,4,1,13,0,18,0,3,36,0,39,4,4,49,0,57,34,0,34,91
06/24/2023,EAU,WI,AGL,CE,Federal Contract Tower,0,2,12,0,14,0,5,43,1,49,0,7,55,1,63,16,0,16,79
06/25/2023,EAU,WI,AGL,CE,Federal Contract Tower,0,2,8,0,10,0,0,0,0,0,0,2,8,0,10,0,0,0,10
06/26/2023,EAU,WI,AGL,CE,Federal Contract Tower,4,14,15,0,33,0,6,23,2,31,4,20,38,2,64,16,0,16,80
06/27/2023,EAU,WI,AGL,CE,Federal Contract Tower,0,0,12,0,12,0,0,0,0,0,0,0,12,0,12,24,0,24,36
06/28/2023,EAU,WI,AGL,CE,Federal Contract Tower,1,0,16,1,18,0,0,11,0,11,1,0,27,1,29,0,0,0,29
06/29/2023,EAU,WI,AGL,CE,Federal Contract Tower,0,2,8,1,11,0,4,29,5,38,0,6,37,6,49,36,0,36,85
06/30/2023,EAU,WI,AGL,CE,Federal Contract Tower,4,0,14,1,19,0,2,35,1,38,4,2,49,2,57,6,0,6,63
07/01/2023,EAU,WI,AGL,CE,Federal Contract Tower,0,1,13,0,14,0,2,25,0,27,0,3,38,0,41,6,0,6,47
07/02/2023,EAU,WI,AGL,CE,Federal Contract Tower,0,0,0,0,0,0,6,39,2,47,0,6,39,2,47,60,0,60,107
07/03/2023,EAU,WI,AGL,CE,Federal Contract Tower,4,2,6,0,12,0,2,30,0,32,4,4,36,0,44,42,0,42,86
07/04/2023,EAU,WI,AGL,CE,Federal Contract Tower,0,0,5,0,5,0,8,27,0,35,0,8,32,0,40,18,0,18,58
07/05/2023,EAU,WI,AGL,CE,Federal Contract Tower,1,6,23,0,30,0,2,14,0,16,1,8,37,0,46,0,0,0,46
07/06/2023,EAU,WI,AGL,CE,Federal Contract Tower,0,1,21,0,22,0,4,26,0,30,0,5,47,0,52,16,0,16,68
07/07/2023,EAU,WI,AGL,CE,Federal Contract Tower,4,7,22,2,35,0,2,24,1,27,4,9,46,3,62,4,0,4,66
07/08/2023,EAU,WI,AGL,CE,Federal Contract Tower,0,2,15,0,17,0,7,47,4,58,0,9,62,4,75,28,0,28,103
07/09/2023,EAU,WI,AGL,CE,Federal Contract Tower,0,2,4,0,6,0,0,24,0,24,0,2,28,0,30,32,0,32,62
07/10/2023,EAU,WI,AGL,CE,Federal Contract Tower,2,6,12,0,20,0,4,36,0,40,2,10,48,0,60,16,0,16,76
07/11/2023,EAU,WI,AGL,CE,Federal Contract Tower,0,7,26,0,33,0,2,43,0,45,0,9,69,0,78,24,0,24,102
07/12/2023,EAU,WI,AGL,CE,Federal Contract Tower,1,0,28,0,29,0,4,16,2,22,1,4,44,2,51,8,0,8,59
07/13/2023,EAU,WI,AGL,CE,Federal Contract Tower,1,1,21,2,25,0,2,23,2,27,1,3,44,4,52,14,0,14,66
07/14/2023,EAU,WI,AGL,CE,Federal Contract Tower,4,1,9,0,14,0,3,22,0,25,4,4,31,0,39,22,0,22,61
07/15/2023,EAU,WI,AGL,CE,Federal Contract Tower,0,3,19,1,23,0,8,21,2,31,0,11,40,3,54,32,0,32,86
07/16/2023,EAU,WI,AGL,CE,Federal Contract Tower,0,2,19,0,21,0,2,34,0,36,0,4,53,0,57,36,0,36,93
07/17/2023,EAU,WI,AGL,CE,Federal Contract Tower,2,0,14,0,16,0,7,21,3,31,2,7,35,3,47,16,0,16,63
07/18/2023,EAU,WI,AGL,CE,Federal Contract Tower,0,2,21,6,29,0,1,52,5,58,0,3,73,11,87,4,4,8,95
07/19/2023,EAU,WI,AGL,CE,Federal Contract Tower,0,7,17,0,24,0,3,12,6,21,0,10,29,6,45,16,0,16,61
07/20/2023,EAU,WI,AGL,CE,Federal Contract Tower,0,4,17,0,21,0,0,24,0,24,0,4,41,0,45,18,0,18,63
07/21/2023,EAU,WI,AGL,CE,Federal Contract Tower,4,0,10,1,15,0,3,36,1,40,4,3,46,2,55,8,0,8,63
07/22/2023,EAU,WI,AGL,CE,Federal Contract Tower,1,4,5,0,10,0,5,21,1,27,1,9,26,1,37,34,0,34,71
07/23/2023,EAU,WI,AGL,CE,Federal Contract Tower,0,4,17,0,21,0,3,26,0,29,0,7,43,0,50,0,0,0,50
07/24/2023,EAU,WI,AGL,CE,Federal Contract Tower,2,0,11,0,13,0,0,21,6,27,2,0,32,6,40,12,0,12,52
07/25/2023,EAU,WI,AGL,CE,Federal Contract Tower,0,2,14,0,16,0,5,21,0,26,0,7,35,0,42,12,0,12,54
07/26/2023,EAU,WI,AGL,CE,Federal Contract Tower,3,0,26,0,29,0,1,38,4,43,3,1,64,4,72,12,0,12,84
07/27/2023,EAU,WI,AGL,CE,Federal Contract Tower,0,3,12,0,15,0,3,19,0,22,0,6,31,0,37,14,2,16,53
07/28/2023,EAU,WI,AGL,CE,Federal Contract Tower,4,2,13,0,19,0,5,30,0,35,4,7,43,0,54,12,0,12,66
07/29/2023,EAU,WI,AGL,CE,Federal Contract Tower,0,0,9,0,9,0,2,36,0,38,0,2,45,0,47,26,0,26,73
07/30/2023,EAU,WI,AGL,CE,Federal Contract Tower,0,5,6,0,11,0,2,39,0,41,0,7,45,0,52,42,0,42,94
07/31/2023,EAU,WI,AGL,CE,Federal Contract Tower,4,5,13,0,22,0,3,36,0,39,4,8,49,0,61,8,0,8,69
08/01/2023,EAU,WI,AGL,CE,Federal Contract Tower,0,3,17,0,20,0,2,30,1,33,0,5,47,1,53,8,0,8,61
08/02/2023,EAU,WI,AGL,CE,Federal Contract Tower,1,0,20,0,21,0,2,36,1,39,1,2,56,1,60,6,0,6,66
08/03/2023,EAU,WI,AGL,CE,Federal Contract Tower,0,2,15,0,17,0,2,36,0,38,0,4,51,0,55,26,0,26,81
08/04/2023,EAU,WI,AGL,CE,Federal Contract Tower,4,3,20,0,27,0,11,40,2,53,4,14,60,2,80,14,0,14,94
08/05/2023,EAU,WI,AGL,CE,Federal Contract Tower,0,6,5,1,12,0,4,26,13,43,0,10,31,14,55,22,0,22,77
08/06/2023,EAU,WI,AGL,CE,Federal Contract Tower,0,0,4,0,4,0,4,17,0,21,0,4,21,0,25,20,0,20,45
08/07/2023,EAU,WI,AGL,CE,Federal Contract Tower,4,1,13,1,19,0,2,18,3,23,4,3,31,4,42,6,0,6,48
08/08/2023,EAU,WI,AGL,CE,Federal Contract Tower,0,2,22,0,24,0,5,44,1,50,0,7,66,1,74,12,0,12,86
08/09/2023,EAU,WI,AGL,CE,Federal Contract Tower,1,4,12,2,19,0,4,27,0,31,1,8,39,2,50,18,0,18,68
08/10/2023,EAU,WI,AGL,CE,Federal Contract Tower,0,0,11,9,20,0,2,42,3,47,0,2,53,12,67,24,30,54,121
08/11/2023,EAU,WI,AGL,CE,Federal Contract Tower,4,2,9,2,17,0,4,7,0,11,4,6,16,2,28,2,0,2,30
08/12/2023,EAU,WI,AGL,CE,Federal Contract Tower,0,0,9,4,13,0,4,48,4,56,0,4,57,8,69,8,0,8,77
08/13/2023,EAU,WI,AGL,CE,Federal Contract Tower,0,6,11,2,19,0,5,13,0,18,0,11,24,2,37,10,0,10,47
08/14/2023,EAU,WI,AGL,CE,Federal Contract Tower,4,3,21,0,28,0,0,11,0,11,4,3,32,0,39,6,0,6,45
08/15/2023,EAU,WI,AGL,CE,Federal Contract Tower,0,3,16,10,29,0,4,41,3,48,0,7,57,13,77,16,16,32,109
08/16/2023,EAU,WI,AGL,CE,Federal Contract Tower,1,0,16,0,17,0,4,15,0,19,1,4,31,0,36,12,0,12,48
08/17/2023,EAU,WI,AGL,CE,Federal Contract Tower,0,2,19,0,21,0,3,12,2,17,0,5,31,2,38,0,0,0,38
08/18/2023,EAU,WI,AGL,CE,Federal Contract Tower,4,4,19,0,27,0,0,41,0,41,4,4,60,0,68,18,0,18,86
08/19/2023,EAU,WI,AGL,CE,Federal Contract Tower,0,0,9,0,9,0,4,21,0,25,0,4,30,0,34,10,0,10,44
08/20/2023,EAU,WI,AGL,CE,Federal Contract Tower,0,0,6,0,6,0,2,37,0,39,0,2,43,0,45,42,0,42,87
08/21/2023,EAU,WI,AGL,CE,Federal Contract Tower,4,1,11,0,16,0,6,20,0,26,4,7,31,0,42,44,0,44,86
08/22/2023,EAU,WI,AGL,CE,Federal Contract Tower,0,1,37,0,38,0,2,15,0,17,0,3,52,0,55,20,0,20,75
08/23/2023,EAU,WI,AGL,CE,Federal Contract Tower,1,9,23,1,34,0,5,21,1,27,1,14,44,2,61,20,0,20,81
08/24/2023,EAU,WI,AGL,CE,Federal Contract Tower,0,0,29,0,29,0,3,33,0,36,0,3,62,0,65,6,0,6,71
08/25/2023,EAU,WI,AGL,CE,Federal Contract Tower,4,0,21,0,25,0,0,21,0,21,4,0,42,0,46,24,0,24,70
08/26/2023,EAU,WI,AGL,CE,Federal Contract Tower,0,1,18,0,19,0,3,17,0,20,0,4,35,0,39,4,0,4,43
08/27/2023,EAU,WI,AGL,CE,Federal Contract Tower,0,0,2,0,2,0,7,61,0,68,0,7,63,0,70,40,0,40,110
08/28/2023,EAU,WI,AGL,CE,Federal Contract Tower,4,4,9,0,17,0,4,30,1,35,4,8,39,1,52,10,2,12,64
08/29/2023,EAU,WI,AGL,CE,Federal Contract Tower,0,3,17,0,20,0,5,29,0,34,0,8,46,0,54,10,0,10,64
08/30/2023,EAU,WI,AGL,CE,Federal Contract Tower,1,4,16,0,21,0,0,41,0,41,1,4,57,0,62,34,0,34,96
08/31/2023,EAU,WI,AGL,CE,Federal Contract Tower,2,0,13,6,21,0,4,27,4,35,2,4,40,10,56,0,0,0,56
01/01/2020,EAU,WI,AGL,CE,Federal Contract Tower,0,1,2,0,3,0,3,16,3,22,0,4,18,3,25,0,0,0,25
01/02/2020,EAU,WI,AGL,CE,Federal Contract Tower,2,5,11,0,18,0,0,9,0,9,2,5,20,0,27,0,0,0,27
01/03/2020,EAU,WI,AGL,CE,Federal Contract Tower,0,3,14,0,17,0,4,7,0,11,0,7,21,0,28,14,0,14,42
01/04/2020,EAU,WI,AGL,CE,Federal Contract Tower,0,3,6,0,9,0,2,7,0,9,0,5,13,0,18,8,0,8,26
01/05/2020,EAU,WI,AGL,CE,Federal Contract Tower,0,3,9,0,12,0,2,1,0,3,0,5,10,0,15,2,0,2,17
01/06/2020,EAU,WI,AGL,CE,Federal Contract Tower,0,6,24,0,30,0,5,39,11,55,0,11,63,11,85,22,0,22,107
01/07/2020,EAU,WI,AGL,CE,Federal Contract Tower,0,4,26,0,30,0,4,6,2,12,0,8,32,2,42,2,0,2,44
01/08/2020,EAU,WI,AGL,CE,Federal Contract Tower,0,6,35,1,42,0,6,48,8,62,0,12,83,9,104,24,0,24,128
01/09/2020,EAU,WI,AGL,CE,Federal Contract Tower,0,5,28,0,33,0,0,2,0,2,0,5,30,0,35,0,0,0,35
01/10/2020,EAU,WI,AGL,CE,Federal Contract Tower,0,3,24,1,28,0,2,10,4,16,0,5,34,5,44,0,0,0,44
01/11/2020,EAU,WI,AGL,CE,Federal Contract Tower,0,1,6,0,7,0,3,23,0,26,0,4,29,0,33,8,0,8,41
01/12/2020,EAU,WI,AGL,CE,Federal Contract Tower,0,2,14,2,18,0,6,0,0,6,0,8,14,2,24,0,0,0,24
01/13/2020,EAU,WI,AGL,CE,Federal Contract Tower,0,4,11,0,15,0,3,4,0,7,0,7,15,0,22,0,0,0,22
01/14/2020,EAU,WI,AGL,CE,Federal Contract Tower,0,3,21,0,24,0,2,0,0,2,0,5,21,0,26,0,0,0,26
01/15/2020,EAU,WI,AGL,CE,Federal Contract Tower,0,3,10,0,13,0,4,5,0,9,0,7,15,0,22,18,0,18,40
01/16/2020,EAU,WI,AGL,CE,Federal Contract Tower,0,3,14,3,20,0,2,29,2,33,0,5,43,5,53,50,0,50,103
01/17/2020,EAU,WI,AGL,CE,Federal Contract Tower,0,3,13,0,16,0,4,0,0,4,0,7,13,0,20,0,0,0,20
01/18/2020,EAU,WI,AGL,CE,Federal Contract Tower,0,0,1,0,1,0,0,0,0,0,0,0,1,0,1,0,0,0,1
01/19/2020,EAU,WI,AGL,CE,Federal Contract Tower,0,3,5,0,8,0,5,2,0,7,0,8,7,0,15,0,0,0,15
01/20/2020,EAU,WI,AGL,CE,Federal Contract Tower,0,4,22,2,28,0,3,44,0,47,0,7,66,2,75,16,0,16,91
01/21/2020,EAU,WI,AGL,CE,Federal Contract Tower,0,4,33,2,39,0,2,18,5,25,0,6,51,7,64,24,0,24,88
01/22/2020,EAU,WI,AGL,CE,Federal Contract Tower,0,3,33,0,36,0,0,0,0,0,0,3,33,0,36,0,0,0,36
01/23/2020,EAU,WI,AGL,CE,Federal Contract Tower,0,3,24,0,27,0,0,1,0,1,0,3,25,0,28,0,0,0,28
01/24/2020,EAU,WI,AGL,CE,Federal Contract Tower,0,5,16,0,21,0,0,0,0,0,0,5,16,0,21,0,0,0,21
01/25/2020,EAU,WI,AGL,CE,Federal Contract Tower,0,5,6,0,11,0,2,2,0,4,0,7,8,0,15,4,0,4,19
01/26/2020,EAU,WI,AGL,CE,Federal Contract Tower,0,2,10,0,12,0,0,0,0,0,0,2,10,0,12,0,0,0,12
01/27/2020,EAU,WI,AGL,CE,Federal Contract Tower,0,5,12,0,17,0,0,0,0,0,0,5,12,0,17,0,0,0,17
01/28/2020,EAU,WI,AGL,CE,Federal Contract Tower,0,3,15,0,18,0,0,2,0,2,0,3,17,0,20,0,0,0,20
01/29/2020,EAU,WI,AGL,CE,Federal Contract Tower,0,3,14,2,19,0,2,18,0,20,0,5,32,2,39,24,0,24,63
01/30/2020,EAU,WI,AGL,CE,Federal Contract Tower,0,5,16,0,21,0,0,0,0,0,0,5,16,0,21,0,0,0,21
01/31/2020,EAU,WI,AGL,CE,Federal Contract Tower,0,3,18,0,21,0,0,0,0,0,0,3,18,0,21,0,0,0,21
02/01/2020,EAU,WI,AGL,CE,Federal Contract Tower,2,3,8,0,13,0,5,26,2,33,2,8,34,2,46,8,0,8,54
02/02/2020,EAU,WI,AGL,CE,Federal Contract Tower,0,3,9,0,12,0,2,25,2,29,0,5,34,2,41,0,0,0,41
02/03/2020,EAU,WI,AGL,CE,Federal Contract Tower,0,3,22,3,28,0,4,33,0,37,0,7,55,3,65,20,0,20,85
02/04/2020,EAU,WI,AGL,CE,Federal Contract Tower,2,3,16,0,21,0,1,25,0,26,2,4,41,0,47,42,0,42,89
02/05/2020,EAU,WI,AGL,CE,Federal Contract Tower,2,5,16,0,23,0,1,28,3,32,2,6,44,3,55,12,0,12,67
02/06/2020,EAU,WI,AGL,CE,Federal Contract Tower,0,10,21,2,33,0,2,39,3,44,0,12,60,5,77,10,2,12,89
02/07/2020,EAU,WI,AGL,CE,Federal Contract Tower,0,3,16,0,19,0,4,9,0,13,0,7,25,0,32,6,0,6,38
02/08/2020,EAU,WI,AGL,CE,Federal Contract Tower,2,3,10,0,15,0,4,16,0,20,2,7,26,0,35,6,0,6,41
02/09/2020,EAU,WI,AGL,CE,Federal Contract Tower,0,3,10,0,13,0,0,1,0,1,0,3,11,0,14,0,0,0,14
02/10/2020,EAU,WI,AGL,CE,Federal Contract Tower,0,3,24,0,27,0,2,35,0,37,0,5,59,0,64,14,0,14,78
02/11/2020,EAU,WI,AGL,CE,Federal Contract Tower,0,3,13,1,17,0,2,1,0,3,0,5,14,1,20,6,0,6,26
02/12/2020,EAU,WI,AGL,CE,Federal Contract Tower,0,3,17,0,20,0,2,5,3,10,0,5,22,3,30,26,0,26,56
02/13/2020,EAU,WI,AGL,CE,Federal Contract Tower,0,3,21,2,26,0,0,5,0,5,0,3,26,2,31,6,0,6,37
02/14/2020,EAU,WI,AGL,CE,Federal Contract Tower,0,4,28,0,32,0,3,7,0,10,0,7,35,0,42,24,0,24,66
02/15/2020,EAU,WI,AGL,CE,Federal Contract Tower,0,3,4,0,7,0,0,12,0,12,0,3,16,0,19,32,0,32,51
02/16/2020,EAU,WI,AGL,CE,Federal Contract Tower,0,3,13,0,16,0,3,40,6,49,0,6,53,6,65,28,0,28,93
02/17/2020,EAU,WI,AGL,CE,Federal Contract Tower,0,3,14,0,17,0,1,11,0,12,0,4,25,0,29,6,0,6,35
02/18/2020,EAU,WI,AGL,CE,Federal Contract Tower,0,4,16,0,20,0,3,9,2,14,0,7,25,2,34,4,0,4,38
02/19/2020,EAU,WI,AGL,CE,Federal Contract Tower,0,3,24,0,27,0,6,21,0,27,0,9,45,0,54,22,2,24,78
02/20/2020,EAU,WI,AGL,CE,Federal Contract Tower,0,3,16,0,19,0,4,22,0,26,0,7,38,0,45,0,0,0,45
02/21/2020,EAU,WI,AGL,CE,Federal Contract Tower,0,3,21,0,24,0,2,17,4,23,0,5,38,4,47,10,0,10,57
02/22/2020,EAU,WI,AGL,CE,Federal Contract Tower,0,3,4,0,7,0,4,44,0,48,0,7,48,0,55,8,0,8,63
02/23/2020,EAU,WI,AGL,CE,Federal Contract Tower,0,4,8,0,12,0,9,32,0,41,0,13,40,0,53,26,0,26,79
02/24/2020,EAU,WI,AGL,CE,Federal Contract Tower,0,6,21,0,27,0,5,26,0,31,0,11,47,0,58,38,0,38,96
02/25/2020,EAU,WI,AGL,CE,Federal Contract Tower,0,3,21,0,24,0,2,13,0,15,0,5,34,0,39,4,0,4,43
02/26/2020,EAU,WI,AGL,CE,Federal Contract Tower,0,3,20,0,23,0,0,3,0,3,0,3,23,0,26,12,0,12,38
02/27/2020,EAU,WI,AGL,CE,Federal Contract Tower,0,3,21,0,24,0,4,24,0,28,0,7,45,0,52,18,0,18,70
02/28/2020,EAU,WI,AGL,CE,Federal Contract Tower,0,3,23,0,26,0,1,30,0,31,0,4,53,0,57,18,0,18,75
02/29/2020,EAU,WI,AGL,CE,Federal Contract Tower,0,3,5,0,8,0,3,12,0,15,0,6,17,0,23,10,0,10,33
03/01/2020,EAU,WI,AGL,CE,Federal Contract Tower,0,4,6,0,10,0,3,48,2,53,0,7,54,2,63,20,0,20,83
03/02/2020,EAU,WI,AGL,CE,Federal Contract Tower,0,3,19,0,22,0,6,15,0,21,0,9,34,0,43,18,0,18,61
03/03/2020,EAU,WI,AGL,CE,Federal Contract Tower,0,1,16,0,17,0,1,9,2,12,0,2,25,2,29,2,0,2,31
03/04/2020,EAU,WI,AGL,CE,Federal Contract Tower,0,7,20,0,27,0,3,39,2,44,0,10,59,2,71,48,0,48,119
03/05/2020,EAU,WI,AGL,CE,Federal Contract Tower,0,6,21,0,27,0,2,2,0,4,0,8,23,0,31,0,0,0,31
03/06/2020,EAU,WI,AGL,CE,Federal Contract Tower,0,3,25,0,28,0,0,0,0,0,0,3,25,0,28,2,0,2,30
03/07/2020,EAU,WI,AGL,CE,Federal Contract Tower,2,3,12,0,17,0,2,29,0,31,2,5,41,0,48,0,0,0,48
03/08/2020,EAU,WI,AGL,CE,Federal Contract Tower,0,3,11,0,14,0,3,26,1,30,0,6,37,1,44,8,0,8,52
03/09/2020,EAU,WI,AGL,CE,Federal Contract Tower,0,3,16,0,19,0,2,2,0,4,0,5,18,0,23,0,0,0,23
03/10/2020,EAU,WI,AGL,CE,Federal Contract Tower,0,3,13,0,16,0,4,15,2,21,0,7,28,2,37,8,0,8,45
03/11/2020,EAU,WI,AGL,CE,Federal Contract Tower,2,3,18,0,23,0,0,4,0,4,2,3,22,0,27,2,0,2,29
03/12/2020,EAU,WI,AGL,CE,Federal Contract Tower,0,3,14,0,17,0,0,1,0,1,0,3,15,0,18,0,0,0,18
03/13/2020,EAU,WI,AGL,CE,Federal Contract Tower,0,3,20,0,23,0,2,8,0,10,0,5,28,0,33,0,0,0,33
03/14/2020,EAU,WI,AGL,CE,Federal Contract Tower,0,3,6,0,9,0,1,32,2,35,0,4,38,2,44,24,0,24,68
03/15/2020,EAU,WI,AGL,CE,Federal Contract Tower,0,3,8,0,11,0,2,21,0,23,0,5,29,0,34,12,0,12,46
03/16/2020,EAU,WI,AGL,CE,Federal Contract Tower,0,3,6,0,9,0,0,0,0,0,0,3,6,0,9,0,0,0,9
03/17/2020,EAU,WI,AGL,CE,Federal Contract Tower,0,3,12,0,15,0,2,21,0,23,0,5,33,0,38,12,0,12,50
03/18/2020,EAU,WI,AGL,CE,Federal Contract Tower,0,3,10,0,13,0,0,2,0,2,0,3,12,0,15,0,0,0,15
03/19/2020,EAU,WI,AGL,CE,Federal Contract Tower,0,3,11,0,14,0,0,0,0,0,0,3,11,0,14,0,0,0,14
03/20/2020,EAU,WI,AGL,CE,Federal Contract Tower,0,3,10,0,13,0,4,2,1,7,0,7,12,1,20,0,0,0,20
03/21/2020,EAU,WI,AGL,CE,Federal Contract Tower,0,1,12,0,13,0,0,25,0,25,0,1,37,0,38,6,0,6,44
03/22/2020,EAU,WI,AGL,CE,Federal Contract Tower,0,1,4,0,5,0,3,6,0,9,0,4,10,0,14,0,0,0,14
03/23/2020,EAU,WI,AGL,CE,Federal Contract Tower,0,1,3,0,4,0,0,0,0,0,0,1,3,0,4,0,0,0,4
03/24/2020,EAU,WI,AGL,CE,Federal Contract Tower,0,4,4,2,10,0,2,2,0,4,0,6,6,2,14,0,0,0,14
03/25/2020,EAU,WI,AGL,CE,Federal Contract Tower,0,3,2,0,5,0,0,0,0,0,0,3,2,0,5,0,0,0,5
03/26/2020,EAU,WI,AGL,CE,Federal Contract Tower,0,4,4,0,8,0,6,17,0,23,0,10,21,0,31,10,0,10,41
03/27/2020,EAU,WI,AGL,CE,Federal Contract Tower,0,3,4,0,7,0,4,41,0,45,0,7,45,0,52,22,0,22,74
03/28/2020,EAU,WI,AGL,CE,Federal Contract Tower,0,4,0,0,4,0,2,2,0,4,0,6,2,0,8,0,0,0,8
03/29/2020,EAU,WI,AGL,CE,Federal Contract Tower,0,5,5,0,10,0,0,0,0,0,0,5,5,0,10,0,0,0,10
03/30/2020,EAU,WI,AGL,CE,Federal Contract Tower,0,4,9,0,13,0,0,26,0,26,0,4,35,0,39,6,0,6,45
03/31/2020,EAU,WI,AGL,CE,Federal Contract Tower,0,3,7,0,10,0,5,23,0,28,0,8,30,0,38,22,0,22,60
04/01/2020,EAU,WI,AGL,CE,Federal Contract Tower,0,5,5,0,10,0,0,11,0,11,0,5,16,0,21,24,0,24,45
04/02/2020,EAU,WI,AGL,CE,Federal Contract Tower,0,3,2,0,5,0,3,4,0,7,0,6,6,0,12,10,0,10,22
04/03/2020,EAU,WI,AGL,CE,Federal Contract Tower,0,3,2,0,5,0,0,0,0,0,0,3,2,0,5,0,0,0,5
04/04/2020,EAU,WI,AGL,CE,Federal Contract Tower,0,5,4,0,9,0,2,14,4,20,0,7,18,4,29,0,0,0,29
04/05/2020,EAU,WI,AGL,CE,Federal Contract Tower,0,4,2,0,6,0,2,34,3,39,0,6,36,3,45,12,0,12,57
04/06/2020,EAU,WI,AGL,CE,Federal Contract Tower,0,3,2,0,5,0,0,10,0,10,0,3,12,0,15,2,0,2,17
04/07/2020,EAU,WI,AGL,CE,Federal Contract Tower,0,4,4,0,8,0,0,0,0,0,0,4,4,0,8,0,0,0,8
04/08/2020,EAU,WI,AGL,CE,Federal Contract Tower,0,3,3,0,6,0,8,12,2,22,0,11,15,2,28,4,0,4,32
04/09/2020,EAU,WI,AGL,CE,Federal Contract Tower,0,4,3,0,7,0,2,3,0,5,0,6,6,0,12,0,0,0,12
04/10/2020,EAU,WI,AGL,CE,Federal Contract Tower,0,3,3,0,6,0,7,28,0,35,0,10,31,0,41,4,0,4,45
04/11/2020,EAU,WI,AGL,CE,Federal Contract Tower,0,3,1,0,4,0,5,37,0,42,0,8,38,0,46,10,0,10,56
04/12/2020,EAU,WI,AGL,CE,Federal Contract Tower,0,1,0,0,1,0,0,0,0,0,0,1,0,0,1,0,0,0,1
04/13/2020,EAU,WI,AGL,CE,Federal Contract Tower,0,2,2,0,4,0,5,2,0,7,0,7,4,0,11,2,0,2,13
04/14/2020,EAU,WI,AGL,CE,Federal Contract Tower,0,3,2,0,5,0,0,3,0,3,0,3,5,0,8,0,0,0,8
04/15/2020,EAU,WI,AGL,CE,Federal Contract Tower,0,5,7,2,14,0,1,15,0,16,0,6,22,2,30,28,0,28,58
04/16/2020,EAU,WI,AGL,CE,Federal Contract Tower,0,4,6,0,10,0,4,13,1,18,0,8,19,1,28,12,0,12,40
04/17/2020,EAU,WI,AGL,CE,Federal Contract Tower,0,3,7,0,10,0,1,29,0,30,0,4,36,0,40,10,0,10,50
04/18/2020,EAU,WI,AGL,CE,Federal Contract Tower,0,4,4,0,8,0,4,21,0,25,0,8,25,0,33,2,0,2,35
04/19/2020,EAU,WI,AGL,CE,Federal Contract Tower,0,3,1,0,4,0,0,32,0,32,0,3,33,0,36,4,0,4,40
04/20/2020,EAU,WI,AGL,CE,Federal Contract Tower,0,3,0,0,3,0,0,9,0,9,0,3,9,0,12,0,0,0,12
04/21/2020,EAU,WI,AGL,CE,Federal Contract Tower,0,5,3,0,8,0,0,16,1,17,0,5,19,1,25,10,2,12,37
04/22/2020,EAU,WI,AGL,CE,Federal Contract Tower,0,4,1,0,5,0,1,21,0,22,0,5,22,0,27,32,0,32,59
04/23/2020,EAU,WI,AGL,CE,Federal Contract Tower,0,6,3,0,9,0,6,14,0,20,0,12,17,0,29,2,0,2,31
04/24/2020,EAU,WI,AGL,CE,Federal Contract Tower,0,3,5,0,8,0,1,27,0,28,0,4,32,0,36,10,0,10,46
04/25/2020,EAU,WI,AGL,CE,Federal Contract Tower,0,3,5,0,8,0,1,38,0,39,0,4,43,0,47,8,0,8,55
04/26/2020,EAU,WI,AGL,CE,Federal Contract Tower,0,3,1,0,4,0,5,26,4,35,0,8,27,4,39,0,0,0,39
04/27/2020,EAU,WI,AGL,CE,Federal Contract Tower,0,4,0,0,4,0,3,4,0,7,0,7,4,0,11,2,0,2,13
04/28/2020,EAU,WI,AGL,CE,Federal Contract Tower,0,3,4,0,7,0,0,1,0,1,0,3,5,0,8,0,0,0,8
04/29/2020,EAU,WI,AGL,CE,Federal Contract Tower,0,5,0,0,5,0,4,4,0,8,0,9,4,0,13,0,0,0,13
04/30/2020,EAU,WI,AGL,CE,Federal Contract Tower,0,3,4,0,7,0,8,26,0,34,0,11,30,0,41,0,0,0,41
05/01/2020,EAU,WI,AGL,CE,Federal Contract Tower,0,1,4,0,5,0,3,18,2,23,0,4,22,2,28,0,0,0,28
05/02/2020,EAU,WI,AGL,CE,Federal Contract Tower,0,1,2,0,3,0,4,16,0,20,0,5,18,0,23,12,0,12,35
05/03/2020,EAU,WI,AGL,CE,Federal Contract Tower,0,3,0,0,3,0,1,15,0,16,0,4,15,0,19,0,0,0,19
05/04/2020,EAU,WI,AGL,CE,Federal Contract Tower,0,8,9,0,17,0,3,23,0,26,0,11,32,0,43,4,0,4,47
05/05/2020,EAU,WI,AGL,CE,Federal Contract Tower,0,4,0,1,5,0,2,14,0,16,0,6,14,1,21,0,0,0,21
05/06/2020,EAU,WI,AGL,CE,Federal Contract Tower,0,4,10,0,14,0,4,10,0,14,0,8,20,0,28,2,0,2,30
05/07/2020,EAU,WI,AGL,CE,Federal Contract Tower,0,5,8,0,13,0,1,20,0,21,0,6,28,0,34,0,0,0,34
05/08/2020,EAU,WI,AGL,CE,Federal Contract Tower,0,4,7,0,11,0,0,13,0,13,0,4,20,0,24,6,0,6,30
05/09/2020,EAU,WI,AGL,CE,Federal Contract Tower,0,4,2,0,6,0,2,17,0,19,0,6,19,0,25,16,0,16,41
05/10/2020,EAU,WI,AGL,CE,Federal Contract Tower,0,3,0,0,3,0,2,3,0,5,0,5,3,0,8,2,0,2,10
05/11/2020,EAU,WI,AGL,CE,Federal Contract Tower,0,4,8,0,12,0,3,18,2,23,0,7,26,2,35,14,0,14,49
05/12/2020,EAU,WI,AGL,CE,Federal Contract Tower,0,6,2,0,8,0,1,31,3,35,0,7,33,3,43,12,0,12,55
05/13/2020,EAU,WI,AGL,CE,Federal Contract Tower,0,5,5,0,10,0,2,13,0,15,0,7,18,0,25,2,0,2,27
05/14/2020,EAU,WI,AGL,CE,Federal Contract Tower,0,7,22,0,29,0,6,7,0,13,0,13,29,0,42,6,0,6,48
05/15/2020,EAU,WI,AGL,CE,Federal Contract Tower,0,4,1,0,5,0,4,12,0,16,0,8,13,0,21,0,0,0,21
05/16/2020,EAU,WI,AGL,CE,Federal Contract Tower,0,7,2,0,9,0,13,26,0,39,0,20,28,0,48,16,0,16,64
05/17/2020,EAU,WI,AGL,CE,Federal Contract Tower,0,7,0,0,7,0,0,0,0,0,0,7,0,0,7,0,0,0,7
05/18/2020,EAU,WI,AGL,CE,Federal Contract Tower,0,4,7,0,11,0,1,1,0,2,0,5,8,0,13,0,0,0,13
05/19/2020,EAU,WI,AGL,CE,Federal Contract Tower,0,5,3,0,8,0,6,4,0,10,0,11,7,0,18,30,0,30,48
05/20/2020,EAU,WI,AGL,CE,Federal Contract Tower,0,5,10,0,15,0,3,10,0,13,0,8,20,0,28,28,0,28,56
05/21/2020,EAU,WI,AGL,CE,Federal Contract Tower,0,6,5,0,11,0,4,15,2,21,0,10,20,2,32,0,0,0,32
05/22/2020,EAU,WI,AGL,CE,Federal Contract Tower,0,4,9,0,13,0,3,12,0,15,0,7,21,0,28,0,0,0,28
05/23/2020,EAU,WI,AGL,CE,Federal Contract Tower,0,5,1,0,6,0,4,8,0,12,0,9,9,0,18,12,0,12,30
05/24/2020,EAU,WI,AGL,CE,Federal Contract Tower,0,7,8,0,15,0,7,20,0,27,0,14,28,0,42,20,0,20,62
05/25/2020,EAU,WI,AGL,CE,Federal Contract Tower,0,4,1,0,5,0,2,3,0,5,0,6,4,0,10,2,0,2,12
05/26/2020,EAU,WI,AGL,CE,Federal Contract Tower,0,5,6,0,11,0,0,11,0,11,0,5,17,0,22,6,0,6,28
05/27/2020,EAU,WI,AGL,CE,Federal Contract Tower,0,4,14,0,18,0,3,4,0,7,0,7,18,0,25,8,0,8,33
05/28/2020,EAU,WI,AGL,CE,Federal Contract Tower,0,4,6,0,10,0,1,13,0,14,0,5,19,0,24,10,0,10,34
05/29/2020,EAU,WI,AGL,CE,Federal Contract Tower,0,5,6,0,11,0,2,24,0,26,0,7,30,0,37,0,0,0,37
05/30/2020,EAU,WI,AGL,CE,Federal Contract Tower,0,7,4,0,11,0,3,35,0,38,0,10,39,0,49,14,0,14,63
05/31/2020,EAU,WI,AGL,CE,Federal Contract Tower,0,4,8,0,12,0,6,31,2,39,0,10,39,2,51,6,0,6,57
06/01/2020,EAU,WI,AGL,CE,Federal Contract Tower,0,7,0,0,7,0,7,16,0,23,0,14,16,0,30,8,0,8,38
06/02/2020,EAU,WI,AGL,CE,Federal Contract Tower,0,2,6,0,8,0,0,17,0,17,0,2,23,0,25,32,0,32,57
06/03/2020,EAU,WI,AGL,CE,Federal Contract Tower,0,3,7,0,10,0,3,22,0,25,0,6,29,0,35,62,0,62,97
06/04/2020,EAU,WI,AGL,CE,Federal Contract Tower,0,2,2,0,4,0,2,21,0,23,0,4,23,0,27,2,0,2,29
06/05/2020,EAU,WI,AGL,CE,Federal Contract Tower,0,2,4,0,6,0,6,16,0,22,0,8,20,0,28,0,0,0,28
06/06/2020,EAU,WI,AGL,CE,Federal Contract Tower,0,2,5,0,7,0,6,28,0,34,0,8,33,0,41,10,0,10,51
06/07/2020,EAU,WI,AGL,CE,Federal Contract Tower,0,3,6,0,9,0,5,6,0,11,0,8,12,0,20,6,0,6,26
06/08/2020,EAU,WI,AGL,CE,Federal Contract Tower,0,2,0,0,2,0,3,7,2,12,0,5,7,2,14,2,0,2,16
06/09/2020,EAU,WI,AGL,CE,Federal Contract Tower,0,2,4,0,6,0,5,10,0,15,0,7,14,0,21,12,0,12,33
06/10/2020,EAU,WI,AGL,CE,Federal Contract Tower,0,2,2,0,4,0,4,5,0,9,0,6,7,0,13,0,0,0,13
06/11/2020,EAU,WI,AGL,CE,Federal Contract Tower,0,2,8,0,10,0,1,31,1,33,0,3,39,1,43,8,0,8,51
06/12/2020,EAU,WI,AGL,CE,Federal Contract Tower,0,2,9,0,11,0,4,37,0,41,0,6,46,0,52,2,0,2,54
06/13/2020,EAU,WI,AGL,CE,Federal Contract Tower,0,2,14,0,16,0,5,46,0,51,0,7,60,0,67,26,0,26,93
06/14/2020,EAU,WI,AGL,CE,Federal Contract Tower,0,3,6,2,11,0,7,15,1,23,0,10,21,3,34,0,0,0,34
06/15/2020,EAU,WI,AGL,CE,Federal Contract Tower,0,3,3,1,7,0,2,13,3,18,0,5,16,4,25,2,0,2,27
06/16/2020,EAU,WI,AGL,CE,Federal Contract Tower,0,3,7,0,10,0,4,21,2,27,0,7,28,2,37,12,0,12,49
06/17/2020,EAU,WI,AGL,CE,Federal Contract Tower,0,2,1,0,3,0,0,18,0,18,0,2,19,0,21,0,0,0,21
06/18/2020,EAU,WI,AGL,CE,Federal Contract Tower,0,2,9,4,15,0,2,19,0,21,0,4,28,4,36,28,0,28,64
06/19/2020,EAU,WI,AGL,CE,Federal Contract Tower,0,2,8,1,11,0,3,19,0,22,0,5,27,1,33,26,0,26,59
06/20/2020,EAU,WI,AGL,CE,Federal Contract Tower,0,2,5,0,7,0,2,1,0,3,0,4,6,0,10,6,0,6,16
06/21/2020,EAU,WI,AGL,CE,Federal Contract Tower,0,2,4,0,6,0,0,17,4,21,0,2,21,4,27,12,0,12,39
06/22/2020,EAU,WI,AGL,CE,Federal Contract Tower,0,2,4,0,6,0,0,13,0,13,0,2,17,0,19,6,0,6,25
06/23/2020,EAU,WI,AGL,CE,Federal Contract Tower,0,6,9,0,15,0,3,19,0,22,0,9,28,0,37,8,0,8,45
06/24/2020,EAU,WI,AGL,CE,Federal Contract Tower,0,2,7,0,9,0,2,27,0,29,0,4,34,0,38,14,0,14,52
06/25/2020,EAU,WI,AGL,CE,Federal Contract Tower,0,5,18,0,23,0,0,35,2,37,0,5,53,2,60,52,0,52,112
06/26/2020,EAU,WI,AGL,CE,Federal Contract Tower,0,7,5,0,12,0,0,8,0,8,0,7,13,0,20,0,0,0,20
06/27/2020,EAU,WI,AGL,CE,Federal Contract Tower,0,3,4,0,7,0,15,45,0,60,0,18,49,0,67,16,0,16,83
06/28/2020,EAU,WI,AGL,CE,Federal Contract Tower,0,4,2,0,6,0,2,29,2,33,0,6,31,2,39,4,2,6,45
06/29/2020,EAU,WI,AGL,CE,Federal Contract Tower,0,4,1,0,5,0,0,3,0,3,0,4,4,0,8,0,0,0,8
06/30/2020,EAU,WI,AGL,CE,Federal Contract Tower,0,2,9,1,12,0,5,30,1,36,0,7,39,2,48,28,0,28,76
07/01/2020,EAU,WI,AGL,CE,Federal Contract Tower,0,3,8,0,11,0,5,24,0,29,0,8,32,0,40,2,0,2,42
07/02/2020,EAU,WI,AGL,CE,Federal Contract Tower,0,4,13,0,17,0,5,18,1,24,0,9,31,1,41,22,0,22,63
07/03/2020,EAU,WI,AGL,CE,Federal Contract Tower,0,2,6,0,8,0,3,24,2,29,0,5,30,2,37,44,0,44,81
07/04/2020,EAU,WI,AGL,CE,Federal Contract Tower,0,3,2,0,5,0,1,24,0,25,0,4,26,0,30,10,0,10,40
07/05/2020,EAU,WI,AGL,CE,Federal Contract Tower,0,5,4,0,9,0,4,14,0,18,0,9,18,0,27,2,0,2,29
07/06/2020,EAU,WI,AGL,CE,Federal Contract Tower,0,9,2,0,11,0,6,18,0,24,0,15,20,0,35,20,0,20,55
07/07/2020,EAU,WI,AGL,CE,Federal Contract Tower,0,5,4,0,9,0,3,30,0,33,0,8,34,0,42,16,0,16,58
07/08/2020,EAU,WI,AGL,CE,Federal Contract Tower,0,4,9,0,13,0,0,55,0,55,0,4,64,0,68,34,0,34,102
07/09/2020,EAU,WI,AGL,CE,Federal Contract Tower,2,4,5,0,11,0,0,9,0,9,2,4,14,0,20,2,0,2,22
07/10/2020,EAU,WI,AGL,CE,Federal Contract Tower,0,5,18,0,23,0,0,61,0,61,0,5,79,0,84,12,0,12,96
07/11/2020,EAU,WI,AGL,CE,Federal Contract Tower,0,4,4,0,8,0,2,24,2,28,0,6,28,2,36,30,0,30,66
07/12/2020,EAU,WI,AGL,CE,Federal Contract Tower,0,4,6,0,10,0,4,36,2,42,0,8,42,2,52,20,0,20,72
07/13/2020,EAU,WI,AGL,CE,Federal Contract Tower,0,4,5,4,13,0,4,21,0,25,0,8,26,4,38,8,0,8,46
07/14/2020,EAU,WI,AGL,CE,Federal Contract Tower,0,4,6,0,10,0,0,4,0,4,0,4,10,0,14,0,0,0,14
07/15/2020,EAU,WI,AGL,CE,Federal Contract Tower,0,8,14,0,22,0,5,37,2,44,0,13,51,2,66,14,0,14,80
07/16/2020,EAU,WI,AGL,CE,Federal Contract Tower,0,4,24,0,28,0,2,41,0,43,0,6,65,0,71,68,0,68,139
07/18/2020,EAU,WI,AGL,CE,Federal Contract Tower,0,4,6,0,10,0,1,23,0,24,0,5,29,0,34,0,0,0,34
07/19/2020,EAU,WI,AGL,CE,Federal Contract Tower,0,4,5,0,9,0,2,13,2,17,0,6,18,2,26,2,0,2,28
07/20/2020,EAU,WI,AGL,CE,Federal Contract Tower,0,4,22,0,26,0,5,39,0,44,0,9,61,0,70,12,0,12,82
07/21/2020,EAU,WI,AGL,CE,Federal Contract Tower,0,6,11,0,17,0,1,11,0,12,0,7,22,0,29,4,0,4,33
07/22/2020,EAU,WI,AGL,CE,Federal Contract Tower,0,5,25,1,31,0,6,19,3,28,0,11,44,4,59,4,0,4,63
07/23/2020,EAU,WI,AGL,CE,Federal Contract Tower,0,3,19,0,22,0,2,28,0,30,0,5,47,0,52,32,0,32,84
07/24/2020,EAU,WI,AGL,CE,Federal Contract Tower,0,8,13,0,21,0,1,49,0,50,0,9,62,0,71,24,0,24,95
07/25/2020,EAU,WI,AGL,CE,Federal Contract Tower,0,4,10,0,14,0,2,25,0,27,0,6,35,0,41,16,0,16,57
07/26/2020,EAU,WI,AGL,CE,Federal Contract Tower,0,4,7,0,11,0,4,5,0,9,0,8,12,0,20,16,0,16,36
07/27/2020,EAU,WI,AGL,CE,Federal Contract Tower,0,4,13,0,17,0,5,31,0,36,0,9,44,0,53,16,0,16,69
07/28/2020,EAU,WI,AGL,CE,Federal Contract Tower,0,4,16,0,20,0,3,20,1,24,0,7,36,1,44,38,4,42,86
07/29/2020,EAU,WI,AGL,CE,Federal Contract Tower,0,4,9,1,14,0,0,48,4,52,0,4,57,5,66,38,0,38,104
07/30/2020,EAU,WI,AGL,CE,Federal Contract Tower,0,7,17,0,24,0,4,38,0,42,0,11,55,0,66,36,0,36,102
07/31/2020,EAU,WI,AGL,CE,Federal Contract Tower,0,5,10,0,15,0,6,31,0,37,0,11,41,0,52,12,0,12,64
08/01/2020,EAU,WI,AGL,CE,Federal Contract Tower,0,4,6,0,10,0,5,35,0,40,0,9,41,0,50,18,0,18,68
08/02/2020,EAU,WI,AGL,CE,Federal Contract Tower,0,5,10,1,16,0,3,10,1,14,0,8,20,2,30,4,0,4,34
08/03/2020,EAU,WI,AGL,CE,Federal Contract Tower,0,3,9,0,12,0,4,14,0,18,0,7,23,0,30,30,0,30,60
08/04/2020,EAU,WI,AGL,CE,Federal Contract Tower,0,4,21,0,25,0,0,35,0,35,0,4,56,0,60,34,0,34,94
08/05/2020,EAU,WI,AGL,CE,Federal Contract Tower,0,3,8,0,11,0,7,30,2,39,0,10,38,2,50,33,0,33,83
08/06/2020,EAU,WI,AGL,CE,Federal Contract Tower,0,3,15,6,24,0,4,33,3,40,0,7,48,9,64,58,0,58,122
08/07/2020,EAU,WI,AGL,CE,Federal Contract Tower,0,3,3,0,6,0,2,8,0,10,0,5,11,0,16,2,0,2,18
08/08/2020,EAU,WI,AGL,CE,Federal Contract Tower,0,5,4,0,9,0,0,15,0,15,0,5,19,0,24,6,0,6,30
08/09/2020,EAU,WI,AGL,CE,Federal Contract Tower,0,3,5,0,8,0,2,11,0,13,0,5,16,0,21,8,0,8,29
08/10/2020,EAU,WI,AGL,CE,Federal Contract Tower,0,5,10,0,15,0,0,10,0,10,0,5,20,0,25,18,0,18,43
08/11/2020,EAU,WI,AGL,CE,Federal Contract Tower,0,3,9,0,12,0,2,37,3,42,0,5,46,3,54,22,0,22,76
08/12/2020,EAU,WI,AGL,CE,Federal Contract Tower,0,3,11,0,14,0,3,13,0,16,0,6,24,0,30,20,0,20,50
08/13/2020,EAU,WI,AGL,CE,Federal Contract Tower,0,5,24,3,32,0,3,12,0,15,0,8,36,3,47,18,0,18,65
08/14/2020,EAU,WI,AGL,CE,Federal Contract Tower,2,5,4,1,12,0,4,8,6,18,2,9,12,7,30,10,0,10,40
08/15/2020,EAU,WI,AGL,CE,Federal Contract Tower,0,3,5,0,8,0,3,27,4,34,0,6,32,4,42,0,0,0,42
08/16/2020,EAU,WI,AGL,CE,Federal Contract Tower,0,7,7,0,14,0,0,40,0,40,0,7,47,0,54,16,0,16,70
08/17/2020,EAU,WI,AGL,CE,Federal Contract Tower,0,5,8,0,13,0,2,23,0,25,0,7,31,0,38,6,0,6,44
08/18/2020,EAU,WI,AGL,CE,Federal Contract Tower,0,3,8,2,13,0,0,36,1,37,0,3,44,3,50,20,0,20,70
08/19/2020,EAU,WI,AGL,CE,Federal Contract Tower,0,3,12,0,15,0,2,26,2,30,0,5,38,2,45,52,0,52,97
08/20/2020,EAU,WI,AGL,CE,Federal Contract Tower,0,4,16,0,20,0,2,37,0,39,0,6,53,0,59,26,0,26,85
08/21/2020,EAU,WI,AGL,CE,Federal Contract Tower,0,3,7,1,11,0,0,0,0,0,0,3,7,1,11,18,0,18,29
08/22/2020,EAU,WI,AGL,CE,Federal Contract Tower,0,3,2,0,5,0,0,0,0,0,0,3,2,0,5,6,0,6,11
08/23/2020,EAU,WI,AGL,CE,Federal Contract Tower,0,3,6,0,9,0,5,28,0,33,0,8,34,0,42,22,0,22,64
08/24/2020,EAU,WI,AGL,CE,Federal Contract Tower,0,6,8,0,14,0,3,21,0,24,0,9,29,0,38,2,0,2,40
08/25/2020,EAU,WI,AGL,CE,Federal Contract Tower,0,4,9,1,14,0,1,36,1,38,0,5,45,2,52,16,0,16,68
08/26/2020,EAU,WI,AGL,CE,Federal Contract Tower,0,5,21,0,26,0,2,19,2,23,0,7,40,2,49,30,0,30,79
08/27/2020,EAU,WI,AGL,CE,Federal Contract Tower,0,4,17,0,21,0,1,23,0,24,0,5,40,0,45,2,0,2,47
08/28/2020,EAU,WI,AGL,CE,Federal Contract Tower,0,3,11,0,14,0,2,8,0,10,0,5,19,0,24,0,0,0,24
08/29/2020,EAU,WI,AGL,CE,Federal Contract Tower,0,3,8,0,11,0,6,34,0,40,0,9,42,0,51,0,0,0,51
08/30/2020,EAU,WI,AGL,CE,Federal Contract Tower,0,3,5,0,8,0,2,58,2,62,0,5,63,2,70,6,0,6,76
08/31/2020,EAU,WI,AGL,CE,Federal Contract Tower,0,7,8,0,15,0,2,23,0,25,0,9,31,0,40,2,0,2,42
09/01/2020,EAU,WI,AGL,CE,Federal Contract Tower,0,4,17,0,21,0,2,39,3,44,0,6,56,3,65,36,0,36,101
09/02/2020,EAU,WI,AGL,CE,Federal Contract Tower,0,4,15,0,19,0,3,36,0,39,0,7,51,0,58,54,0,54,112
09/03/2020,EAU,WI,AGL,CE,Federal Contract Tower,0,3,21,0,24,0,0,5,0,5,0,3,26,0,29,12,0,12,41
09/04/2020,EAU,WI,AGL,CE,Federal Contract Tower,0,3,16,0,19,0,2,41,3,46,0,5,57,3,65,2,0,2,67
09/05/2020,EAU,WI,AGL,CE,Federal Contract Tower,0,7,4,1,12,0,6,39,3,48,0,13,43,4,60,16,0,16,76
09/06/2020,EAU,WI,AGL,CE,Federal Contract Tower,0,2,1,0,3,0,7,14,0,21,0,9,15,0,24,2,0,2,26
09/07/2020,EAU,WI,AGL,CE,Federal Contract Tower,0,3,8,0,11,0,0,20,0,20,0,3,28,0,31,12,0,12,43
09/08/2020,EAU,WI,AGL,CE,Federal Contract Tower,0,3,8,0,11,0,2,10,0,12,0,5,18,0,23,12,0,12,35
09/09/2020,EAU,WI,AGL,CE,Federal Contract Tower,0,4,15,0,19,0,2,5,0,7,0,6,20,0,26,6,0,6,32
09/10/2020,EAU,WI,AGL,CE,Federal Contract Tower,0,5,20,0,25,0,3,20,0,23,0,8,40,0,48,14,0,14,62
09/11/2020,EAU,WI,AGL,CE,Federal Contract Tower,0,3,15,2,20,0,2,23,0,25,0,5,38,2,45,0,0,0,45
09/12/2020,EAU,WI,AGL,CE,Federal Contract Tower,0,1,14,0,15,0,0,0,0,0,0,1,14,0,15,0,0,0,15
09/13/2020,EAU,WI,AGL,CE,Federal Contract Tower,0,5,13,0,18,0,8,17,0,25,0,13,30,0,43,4,0,4,47
09/14/2020,EAU,WI,AGL,CE,Federal Contract Tower,0,4,19,2,25,0,0,18,2,20,0,4,37,4,45,0,0,0,45
09/15/2020,EAU,WI,AGL,CE,Federal Contract Tower,0,4,12,0,16,0,6,18,0,24,0,10,30,0,40,8,8,16,56
09/16/2020,EAU,WI,AGL,CE,Federal Contract Tower,0,4,16,0,20,0,6,26,6,38,0,10,42,6,58,36,0,36,94
09/17/2020,EAU,WI,AGL,CE,Federal Contract Tower,0,3,16,2,21,0,2,43,1,46,0,5,59,3,67,22,0,22,89
09/18/2020,EAU,WI,AGL,CE,Federal Contract Tower,0,4,8,0,12,0,0,43,2,45,0,4,51,2,57,4,0,4,61
09/19/2020,EAU,WI,AGL,CE,Federal Contract Tower,0,6,6,2,14,0,6,35,2,43,0,12,41,4,57,18,0,18,75
09/20/2020,EAU,WI,AGL,CE,Federal Contract Tower,0,4,4,12,20,0,4,22,0,26,0,8,26,12,46,0,0,0,46
09/21/2020,EAU,WI,AGL,CE,Federal Contract Tower,0,3,13,0,16,0,1,18,0,19,0,4,31,0,35,2,0,2,37
09/22/2020,EAU,WI,AGL,CE,Federal Contract Tower,0,6,19,3,28,0,7,41,4,52,0,13,60,7,80,94,0,94,174
09/23/2020,EAU,WI,AGL,CE,Federal Contract Tower,0,4,16,0,20,0,3,12,1,16,0,7,28,1,36,38,8,46,82
09/24/2020,EAU,WI,AGL,CE,Federal Contract Tower,0,4,16,4,24,0,5,2,6,13,0,9,18,10,37,0,0,0,37
09/25/2020,EAU,WI,AGL,CE,Federal Contract Tower,0,4,10,0,14,0,5,28,6,39,0,9,38,6,53,18,4,22,75
09/26/2020,EAU,WI,AGL,CE,Federal Contract Tower,0,3,14,0,17,0,2,28,1,31,0,5,42,1,48,0,6,6,54
09/27/2020,EAU,WI,AGL,CE,Federal Contract Tower,0,4,13,0,17,0,1,15,0,16,0,5,28,0,33,10,0,10,43
09/28/2020,EAU,WI,AGL,CE,Federal Contract Tower,0,4,11,3,18,0,0,12,0,12,0,4,23,3,30,0,0,0,30
09/29/2020,EAU,WI,AGL,CE,Federal Contract Tower,0,3,16,0,19,0,0,24,0,24,0,3,40,0,43,26,0,26,69
09/30/2020,EAU,WI,AGL,CE,Federal Contract Tower,0,4,23,0,27,0,2,4,0,6,0,6,27,0,33,38,0,38,71
10/01/2020,EAU,WI,AGL,CE,Federal Contract Tower,0,4,19,0,23,0,2,7,0,9,0,6,26,0,32,34,0,34,66
10/02/2020,EAU,WI,AGL,CE,Federal Contract Tower,0,3,21,0,24,0,4,51,0,55,0,7,72,0,79,18,0,18,97
10/03/2020,EAU,WI,AGL,CE,Federal Contract Tower,0,3,9,0,12,0,5,25,0,30,0,8,34,0,42,8,0,8,50
10/04/2020,EAU,WI,AGL,CE,Federal Contract Tower,0,3,9,0,12,0,2,41,0,43,0,5,50,0,55,16,0,16,71
10/05/2020,EAU,WI,AGL,CE,Federal Contract Tower,0,4,27,0,31,0,3,23,0,26,0,7,50,0,57,14,0,14,71
10/06/2020,EAU,WI,AGL,CE,Federal Contract Tower,0,3,11,0,14,0,5,14,1,20,0,8,25,1,34,4,0,4,38
10/07/2020,EAU,WI,AGL,CE,Federal Contract Tower,0,4,18,1,23,0,5,30,0,35,0,9,48,1,58,22,0,22,80
10/08/2020,EAU,WI,AGL,CE,Federal Contract Tower,0,4,9,0,13,0,0,42,0,42,0,4,51,0,55,36,0,36,91
10/09/2020,EAU,WI,AGL,CE,Federal Contract Tower,0,3,8,0,11,0,6,11,0,17,0,9,19,0,28,4,0,4,32
10/10/2020,EAU,WI,AGL,CE,Federal Contract Tower,0,3,3,3,9,0,0,0,0,0,0,3,3,3,9,20,6,26,35
10/11/2020,EAU,WI,AGL,CE,Federal Contract Tower,0,3,5,0,8,0,1,7,0,8,0,4,12,0,16,0,0,0,16
10/12/2020,EAU,WI,AGL,CE,Federal Contract Tower,0,6,13,0,19,0,2,11,0,13,0,8,24,0,32,0,0,0,32
10/13/2020,EAU,WI,AGL,CE,Federal Contract Tower,0,3,19,0,22,0,0,22,0,22,0,3,41,0,44,14,0,14,58
10/14/2020,EAU,WI,AGL,CE,Federal Contract Tower,0,3,24,0,27,0,0,9,0,9,0,3,33,0,36,16,0,16,52
10/15/2020,EAU,WI,AGL,CE,Federal Contract Tower,0,3,8,1,12,0,1,18,1,20,0,4,26,2,32,42,2,44,76
10/16/2020,EAU,WI,AGL,CE,Federal Contract Tower,0,3,15,2,20,0,1,6,1,8,0,4,21,3,28,24,0,24,52
10/17/2020,EAU,WI,AGL,CE,Federal Contract Tower,0,3,6,0,9,0,0,21,0,21,0,3,27,0,30,10,0,10,40
10/18/2020,EAU,WI,AGL,CE,Federal Contract Tower,0,6,7,0,13,0,5,36,4,45,0,11,43,4,58,22,0,22,80
10/19/2020,EAU,WI,AGL,CE,Federal Contract Tower,0,5,13,0,18,0,6,15,0,21,0,11,28,0,39,30,0,30,69
10/20/2020,EAU,WI,AGL,CE,Federal Contract Tower,0,1,6,0,7,0,0,0,0,0,0,1,6,0,7,0,0,0,7
10/21/2020,EAU,WI,AGL,CE,Federal Contract Tower,0,5,9,1,15,0,6,28,6,40,0,11,37,7,55,28,6,34,89
10/22/2020,EAU,WI,AGL,CE,Federal Contract Tower,0,3,14,0,17,0,0,3,0,3,0,3,17,0,20,4,0,4,24
10/23/2020,EAU,WI,AGL,CE,Federal Contract Tower,0,3,8,0,11,0,2,0,0,2,0,5,8,0,13,0,0,0,13
10/24/2020,EAU,WI,AGL,CE,Federal Contract Tower,0,8,13,0,21,0,6,37,2,45,0,14,50,2,66,18,0,18,84
10/25/2020,EAU,WI,AGL,CE,Federal Contract Tower,0,4,5,0,9,0,0,2,0,2,0,4,7,0,11,0,0,0,11
10/26/2020,EAU,WI,AGL,CE,Federal Contract Tower,2,3,12,0,17,0,3,12,0,15,2,6,24,0,32,8,0,8,40
10/27/2020,EAU,WI,AGL,CE,Federal Contract Tower,0,5,22,0,27,0,3,17,0,20,0,8,39,0,47,32,0,32,79
10/28/2020,EAU,WI,AGL,CE,Federal Contract Tower,0,5,16,0,21,0,3,16,3,22,0,8,32,3,43,8,0,8,51
10/29/2020,EAU,WI,AGL,CE,Federal Contract Tower,0,3,14,0,17,0,1,10,0,11,0,4,24,0,28,20,0,20,48
10/30/2020,EAU,WI,AGL,CE,Federal Contract Tower,2,3,15,1,21,0,6,36,3,45,2,9,51,4,66,14,4,18,84
10/31/2020,EAU,WI,AGL,CE,Federal Contract Tower,0,5,1,0,6,0,6,7,0,13,0,11,8,0,19,0,0,0,19
11/01/2020,EAU,WI,AGL,CE,Federal Contract Tower,0,6,3,0,9,0,4,8,0,12,0,10,11,0,21,0,0,0,21
11/02/2020,EAU,WI,AGL,CE,Federal Contract Tower,0,4,14,0,18,0,13,23,0,36,0,17,37,0,54,16,0,16,70
11/03/2020,EAU,WI,AGL,CE,Federal Contract Tower,0,3,9,2,14,0,4,26,2,32,0,7,35,4,46,30,0,30,76
11/04/2020,EAU,WI,AGL,CE,Federal Contract Tower,0,3,16,0,19,0,4,37,1,42,0,7,53,1,61,18,0,18,79
11/05/2020,EAU,WI,AGL,CE,Federal Contract Tower,2,3,17,2,24,0,1,47,0,48,2,4,64,2,72,20,0,20,92
11/06/2020,EAU,WI,AGL,CE,Federal Contract Tower,0,3,8,0,11,0,2,31,0,33,0,5,39,0,44,28,0,28,72
11/07/2020,EAU,WI,AGL,CE,Federal Contract Tower,0,3,2,0,5,0,5,25,0,30,0,8,27,0,35,2,0,2,37
11/08/2020,EAU,WI,AGL,CE,Federal Contract Tower,0,3,5,0,8,0,2,1,0,3,0,5,6,0,11,0,0,0,11
11/09/2020,EAU,WI,AGL,CE,Federal Contract Tower,0,6,13,0,19,0,0,0,0,0,0,6,13,0,19,0,0,0,19
11/10/2020,EAU,WI,AGL,CE,Federal Contract Tower,0,3,6,0,9,0,0,0,0,0,0,3,6,0,9,0,0,0,9
11/11/2020,EAU,WI,AGL,CE,Federal Contract Tower,0,3,8,0,11,0,2,19,0,21,0,5,27,0,32,12,0,12,44
11/12/2020,EAU,WI,AGL,CE,Federal Contract Tower,0,3,4,0,7,0,0,5,0,5,0,3,9,0,12,26,0,26,38
11/13/2020,EAU,WI,AGL,CE,Federal Contract Tower,0,3,14,0,17,0,2,25,3,30,0,5,39,3,47,22,0,22,69
11/14/2020,EAU,WI,AGL,CE,Federal Contract Tower,0,3,0,0,3,0,0,13,0,13,0,3,13,0,16,10,0,10,26
11/15/2020,EAU,WI,AGL,CE,Federal Contract Tower,0,3,4,0,7,0,2,0,0,2,0,5,4,0,9,0,0,0,9
11/16/2020,EAU,WI,AGL,CE,Federal Contract Tower,0,5,16,1,22,0,1,26,1,28,0,6,42,2,50,4,0,4,54
11/17/2020,EAU,WI,AGL,CE,Federal Contract Tower,0,4,15,0,19,0,4,12,0,16,0,8,27,0,35,20,0,20,55
11/18/2020,EAU,WI,AGL,CE,Federal Contract Tower,0,3,13,0,16,0,2,14,0,16,0,5,27,0,32,26,0,26,58
11/19/2020,EAU,WI,AGL,CE,Federal Contract Tower,0,3,16,0,19,0,2,30,0,32,0,5,46,0,51,22,0,22,73
11/20/2020,EAU,WI,AGL,CE,Federal Contract Tower,0,6,8,0,14,0,0,10,0,10,0,6,18,0,24,2,0,2,26
11/21/2020,EAU,WI,AGL,CE,Federal Contract Tower,0,5,3,0,8,0,2,46,0,48,0,7,49,0,56,16,0,16,72
11/22/2020,EAU,WI,AGL,CE,Federal Contract Tower,0,3,5,0,8,0,0,6,0,6,0,3,11,0,14,8,0,8,22
11/23/2020,EAU,WI,AGL,CE,Federal Contract Tower,0,7,17,3,27,0,4,28,1,33,0,11,45,4,60,42,0,42,102
11/24/2020,EAU,WI,AGL,CE,Federal Contract Tower,0,3,9,0,12,0,0,0,1,1,0,3,9,1,13,0,0,0,13
11/25/2020,EAU,WI,AGL,CE,Federal Contract Tower,0,3,10,0,13,0,0,0,0,0,0,3,10,0,13,0,0,0,13
11/26/2020,EAU,WI,AGL,CE,Federal Contract Tower,0,2,0,0,2,0,0,2,0,2,0,2,2,0,4,16,0,16,20
11/27/2020,EAU,WI,AGL,CE,Federal Contract Tower,0,3,1,0,4,0,6,33,0,39,0,9,34,0,43,30,0,30,73
11/28/2020,EAU,WI,AGL,CE,Federal Contract Tower,0,5,11,0,16,0,3,69,0,72,0,8,80,0,88,34,0,34,122
11/29/2020,EAU,WI,AGL,CE,Federal Contract Tower,0,3,12,0,15,0,2,4,3,9,0,5,16,3,24,0,0,0,24
11/30/2020,EAU,WI,AGL,CE,Federal Contract Tower,0,3,14,0,17,0,2,19,0,21,0,5,33,0,38,6,0,6,44
12/01/2020,EAU,WI,AGL,CE,Federal Contract Tower,0,3,15,0,18,0,0,27,0,27,0,3,42,0,45,26,0,26,71
12/02/2020,EAU,WI,AGL,CE,Federal Contract Tower,2,3,17,0,22,0,7,19,0,26,2,10,36,0,48,30,0,30,78
12/03/2020,EAU,WI,AGL,CE,Federal Contract Tower,0,4,20,0,24,0,4,37,0,41,0,8,57,0,65,16,0,16,81
12/04/2020,EAU,WI,AGL,CE,Federal Contract Tower,0,4,6,0,10,0,6,20,0,26,0,10,26,0,36,24,0,24,60
12/05/2020,EAU,WI,AGL,CE,Federal Contract Tower,2,3,1,0,6,0,3,21,3,27,2,6,22,3,33,24,0,24,57
12/06/2020,EAU,WI,AGL,CE,Federal Contract Tower,0,3,4,0,7,0,2,18,0,20,0,5,22,0,27,14,0,14,41
12/07/2020,EAU,WI,AGL,CE,Federal Contract Tower,0,3,8,4,15,0,0,8,0,8,0,3,16,4,23,2,0,2,25
12/08/2020,EAU,WI,AGL,CE,Federal Contract Tower,0,3,10,0,13,0,0,10,0,10,0,3,20,0,23,14,0,14,37
12/09/2020,EAU,WI,AGL,CE,Federal Contract Tower,0,2,18,0,20,0,2,43,2,47,0,4,61,2,67,42,0,42,109
12/10/2020,EAU,WI,AGL,CE,Federal Contract Tower,0,3,26,1,30,0,4,30,6,40,0,7,56,7,70,0,0,0,70
12/11/2020,EAU,WI,AGL,CE,Federal Contract Tower,0,4,7,0,11,0,6,15,0,21,0,10,22,0,32,6,0,6,38
12/12/2020,EAU,WI,AGL,CE,Federal Contract Tower,0,3,5,0,8,0,3,23,0,26,0,6,28,0,34,12,0,12,46
12/13/2020,EAU,WI,AGL,CE,Federal Contract Tower,0,3,7,0,10,0,2,0,0,2,0,5,7,0,12,0,0,0,12
12/14/2020,EAU,WI,AGL,CE,Federal Contract Tower,0,3,7,5,15,0,4,16,2,22,0,7,23,7,37,24,0,24,61
12/15/2020,EAU,WI,AGL,CE,Federal Contract Tower,0,3,12,1,16,0,4,12,3,19,0,7,24,4,35,20,0,20,55
12/16/2020,EAU,WI,AGL,CE,Federal Contract Tower,0,3,14,0,17,0,3,31,2,36,0,6,45,2,53,14,0,14,67
12/17/2020,EAU,WI,AGL,CE,Federal Contract Tower,0,3,11,0,14,0,0,10,0,10,0,3,21,0,24,20,0,20,44
12/18/2020,EAU,WI,AGL,CE,Federal Contract Tower,0,3,7,0,10,0,1,4,0,5,0,4,11,0,15,0,0,0,15
12/19/2020,EAU,WI,AGL,CE,Federal Contract Tower,0,3,8,0,11,0,0,0,0,0,0,3,8,0,11,0,0,0,11
12/20/2020,EAU,WI,AGL,CE,Federal Contract Tower,0,3,4,0,7,0,3,29,2,34,0,6,33,2,41,38,2,40,81
12/21/2020,EAU,WI,AGL,CE,Federal Contract Tower,0,3,9,1,13,0,0,0,1,1,0,3,9,2,14,0,2,2,16
12/22/2020,EAU,WI,AGL,CE,Federal Contract Tower,0,4,11,1,16,0,0,15,1,16,0,4,26,2,32,22,0,22,54
12/23/2020,EAU,WI,AGL,CE,Federal Contract Tower,0,3,7,0,10,0,0,1,0,1,0,3,8,0,11,0,0,0,11
12/24/2020,EAU,WI,AGL,CE,Federal Contract Tower,0,3,2,0,5,0,7,1,0,8,0,10,3,0,13,0,0,0,13
12/25/2020,EAU,WI,AGL,CE,Federal Contract Tower,0,4,1,0,5,0,9,2,0,11,0,13,3,0,16,0,0,0,16
12/26/2020,EAU,WI,AGL,CE,Federal Contract Tower,0,3,6,0,9,0,2,14,0,16,0,5,20,0,25,32,0,32,57
12/27/2020,EAU,WI,AGL,CE,Federal Contract Tower,0,4,5,0,9,0,0,4,0,4,0,4,9,0,13,20,0,20,33
12/28/2020,EAU,WI,AGL,CE,Federal Contract Tower,0,6,15,1,22,0,1,9,0,10,0,7,24,1,32,10,0,10,42
12/29/2020,EAU,WI,AGL,CE,Federal Contract Tower,0,6,9,0,15,0,2,4,2,8,0,8,13,2,23,2,0,2,25
12/30/2020,EAU,WI,AGL,CE,Federal Contract Tower,0,2,6,0,8,0,1,2,0,3,0,3,8,0,11,0,0,0,11
12/31/2020,EAU,WI,AGL,CE,Federal Contract Tower,0,3,4,0,7,0,0,1,0,1,0,3,5,0,8,0,0,0,8
01/01/2021,EAU,WI,AGL,CE,Federal Contract Tower,0,2,12,0,14,0,0,0,0,0,0,2,12,0,14,2,0,2,16
01/02/2021,EAU,WI,AGL,CE,Federal Contract Tower,0,4,4,0,8,0,0,9,0,9,0,4,13,0,17,22,0,22,39
01/03/2021,EAU,WI,AGL,CE,Federal Contract Tower,0,3,7,0,10,0,0,2,0,2,0,3,9,0,12,0,0,0,12
01/04/2021,EAU,WI,AGL,CE,Federal Contract Tower,0,3,10,0,13,0,0,0,0,0,0,3,10,0,13,0,0,0,13
01/05/2021,EAU,WI,AGL,CE,Federal Contract Tower,0,4,6,0,10,0,0,0,0,0,0,4,6,0,10,0,0,0,10
01/06/2021,EAU,WI,AGL,CE,Federal Contract Tower,0,5,10,2,17,0,0,0,0,0,0,5,10,2,17,0,0,0,17
01/07/2021,EAU,WI,AGL,CE,Federal Contract Tower,0,8,11,0,19,0,0,0,0,0,0,8,11,0,19,0,0,0,19
01/08/2021,EAU,WI,AGL,CE,Federal Contract Tower,0,4,5,0,9,0,2,3,0,5,0,6,8,0,14,0,0,0,14
01/09/2021,EAU,WI,AGL,CE,Federal Contract Tower,0,4,2,0,6,0,0,0,0,0,0,4,2,0,6,0,0,0,6
01/10/2021,EAU,WI,AGL,CE,Federal Contract Tower,0,4,8,0,12,0,0,0,0,0,0,4,8,0,12,0,0,0,12
01/11/2021,EAU,WI,AGL,CE,Federal Contract Tower,0,5,20,0,25,0,2,15,2,19,0,7,35,2,44,18,8,26,70
01/12/2021,EAU,WI,AGL,CE,Federal Contract Tower,0,5,6,0,11,0,0,8,0,8,0,5,14,0,19,0,0,0,19
01/13/2021,EAU,WI,AGL,CE,Federal Contract Tower,0,8,11,2,21,0,1,41,5,47,0,9,52,7,68,8,0,8,76
01/14/2021,EAU,WI,AGL,CE,Federal Contract Tower,0,4,9,0,13,0,0,0,0,0,0,4,9,0,13,0,0,0,13
01/15/2021,EAU,WI,AGL,CE,Federal Contract Tower,0,3,5,0,8,0,0,0,0,0,0,3,5,0,8,0,0,0,8
01/16/2021,EAU,WI,AGL,CE,Federal Contract Tower,0,6,3,0,9,0,5,2,0,7,0,11,5,0,16,0,0,0,16
01/17/2021,EAU,WI,AGL,CE,Federal Contract Tower,0,4,1,0,5,0,2,3,0,5,0,6,4,0,10,6,0,6,16
01/18/2021,EAU,WI,AGL,CE,Federal Contract Tower,0,3,7,0,10,0,2,8,0,10,0,5,15,0,20,0,0,0,20
01/19/2021,EAU,WI,AGL,CE,Federal Contract Tower,0,4,14,0,18,0,0,5,0,5,0,4,19,0,23,0,0,0,23
01/20/2021,EAU,WI,AGL,CE,Federal Contract Tower,0,4,12,0,16,0,3,20,0,23,0,7,32,0,39,10,0,10,49
01/21/2021,EAU,WI,AGL,CE,Federal Contract Tower,0,4,12,1,17,0,8,12,0,20,0,12,24,1,37,10,0,10,47
01/22/2021,EAU,WI,AGL,CE,Federal Contract Tower,0,4,12,1,17,0,0,37,3,40,0,4,49,4,57,18,0,18,75
01/23/2021,EAU,WI,AGL,CE,Federal Contract Tower,0,6,1,0,7,0,2,14,0,16,0,8,15,0,23,0,0,0,23
01/24/2021,EAU,WI,AGL,CE,Federal Contract Tower,0,6,9,0,15,0,5,6,0,11,0,11,15,0,26,0,0,0,26
01/25/2021,EAU,WI,AGL,CE,Federal Contract Tower,0,6,10,0,16,0,5,27,3,35,0,11,37,3,51,10,0,10,61
01/26/2021,EAU,WI,AGL,CE,Federal Contract Tower,0,5,19,0,24,0,5,7,0,12,0,10,26,0,36,2,0,2,38
01/27/2021,EAU,WI,AGL,CE,Federal Contract Tower,0,3,17,2,22,0,4,32,1,37,0,7,49,3,59,20,0,20,79
01/28/2021,EAU,WI,AGL,CE,Federal Contract Tower,0,4,13,0,17,0,3,21,0,24,0,7,34,0,41,16,0,16,57
01/29/2021,EAU,WI,AGL,CE,Federal Contract Tower,0,5,12,0,17,0,1,1,0,2,0,6,13,0,19,0,0,0,19
01/30/2021,EAU,WI,AGL,CE,Federal Contract Tower,0,9,8,0,17,0,4,2,0,6,0,13,10,0,23,0,0,0,23
01/31/2021,EAU,WI,AGL,CE,Federal Contract Tower,0,2,2,0,4,0,0,0,0,0,0,2,2,0,4,0,0,0,4
02/01/2021,EAU,WI,AGL,CE,Federal Contract Tower,0,4,12,0,16,0,0,3,0,3,0,4,15,0,19,0,0,0,19
02/02/2021,EAU,WI,AGL,CE,Federal Contract Tower,0,11,11,1,23,0,2,13,4,19,0,13,24,5,42,0,0,0,42
02/03/2021,EAU,WI,AGL,CE,Federal Contract Tower,0,4,11,1,16,0,8,29,5,42,0,12,40,6,58,24,0,24,82
02/04/2021,EAU,WI,AGL,CE,Federal Contract Tower,0,3,0,0,3,0,0,0,0,0,0,3,0,0,3,0,0,0,3
02/05/2021,EAU,WI,AGL,CE,Federal Contract Tower,0,4,16,0,20,0,3,2,0,5,0,7,18,0,25,0,0,0,25
02/06/2021,EAU,WI,AGL,CE,Federal Contract Tower,0,3,7,0,10,0,2,2,0,4,0,5,9,0,14,0,0,0,14
02/07/2021,EAU,WI,AGL,CE,Federal Contract Tower,0,3,3,0,6,0,3,2,0,5,0,6,5,0,11,2,0,2,13
02/08/2021,EAU,WI,AGL,CE,Federal Contract Tower,0,5,13,0,18,0,2,17,0,19,0,7,30,0,37,0,0,0,37
02/09/2021,EAU,WI,AGL,CE,Federal Contract Tower,0,3,17,0,20,0,7,1,0,8,0,10,18,0,28,28,0,28,56
02/10/2021,EAU,WI,AGL,CE,Federal Contract Tower,0,4,12,0,16,0,4,7,0,11,0,8,19,0,27,0,0,0,27
02/11/2021,EAU,WI,AGL,CE,Federal Contract Tower,0,3,12,0,15,0,4,0,0,4,0,7,12,0,19,0,0,0,19
02/12/2021,EAU,WI,AGL,CE,Federal Contract Tower,0,5,8,0,13,0,3,8,0,11,0,8,16,0,24,2,0,2,26
02/13/2021,EAU,WI,AGL,CE,Federal Contract Tower,0,4,1,0,5,0,2,0,0,2,0,6,1,0,7,0,0,0,7
02/14/2021,EAU,WI,AGL,CE,Federal Contract Tower,0,3,4,0,7,0,4,0,0,4,0,7,4,0,11,0,0,0,11
02/15/2021,EAU,WI,AGL,CE,Federal Contract Tower,0,3,15,0,18,0,5,7,0,12,0,8,22,0,30,0,0,0,30
02/16/2021,EAU,WI,AGL,CE,Federal Contract Tower,0,6,20,0,26,0,2,3,3,8,0,8,23,3,34,0,0,0,34
02/17/2021,EAU,WI,AGL,CE,Federal Contract Tower,0,4,6,4,14,0,1,2,0,3,0,5,8,4,17,0,0,0,17
02/18/2021,EAU,WI,AGL,CE,Federal Contract Tower,0,6,11,0,17,0,0,1,0,1,0,6,12,0,18,0,0,0,18
02/19/2021,EAU,WI,AGL,CE,Federal Contract Tower,0,3,4,0,7,0,2,14,0,16,0,5,18,0,23,0,0,0,23
02/20/2021,EAU,WI,AGL,CE,Federal Contract Tower,0,4,10,0,14,0,0,21,0,21,0,4,31,0,35,8,0,8,43
02/21/2021,EAU,WI,AGL,CE,Federal Contract Tower,0,3,0,0,3,0,0,0,0,0,0,3,0,0,3,0,0,0,3
02/22/2021,EAU,WI,AGL,CE,Federal Contract Tower,0,3,12,0,15,0,0,3,0,3,0,3,15,0,18,18,0,18,36
02/23/2021,EAU,WI,AGL,CE,Federal Contract Tower,0,6,16,0,22,0,5,12,1,18,0,11,28,1,40,18,0,18,58
02/24/2021,EAU,WI,AGL,CE,Federal Contract Tower,0,8,13,0,21,0,1,28,0,29,0,9,41,0,50,16,0,16,66
02/25/2021,EAU,WI,AGL,CE,Federal Contract Tower,0,5,17,1,23,0,4,47,5,56,0,9,64,6,79,8,0,8,87
02/26/2021,EAU,WI,AGL,CE,Federal Contract Tower,0,3,9,0,12,0,0,4,0,4,0,3,13,0,16,0,0,0,16
02/27/2021,EAU,WI,AGL,CE,Federal Contract Tower,0,4,16,0,20,0,0,75,3,78,0,4,91,3,98,10,0,10,108
02/28/2021,EAU,WI,AGL,CE,Federal Contract Tower,0,3,6,0,9,0,0,0,0,0,0,3,6,0,9,2,0,2,11
03/01/2021,EAU,WI,AGL,CE,Federal Contract Tower,0,3,13,0,16,0,3,16,0,19,0,6,29,0,35,0,0,0,35
03/02/2021,EAU,WI,AGL,CE,Federal Contract Tower,0,4,12,0,16,0,0,14,0,14,0,4,26,0,30,6,2,8,38
03/03/2021,EAU,WI,AGL,CE,Federal Contract Tower,0,11,20,0,31,0,3,50,0,53,0,14,70,0,84,20,0,20,104
03/04/2021,EAU,WI,AGL,CE,Federal Contract Tower,0,5,19,1,25,0,4,38,8,50,0,9,57,9,75,10,0,10,85
03/05/2021,EAU,WI,AGL,CE,Federal Contract Tower,2,3,10,2,17,0,2,33,0,35,2,5,43,2,52,16,0,16,68
03/06/2021,EAU,WI,AGL,CE,Federal Contract Tower,0,3,7,0,10,0,3,68,9,80,0,6,75,9,90,46,6,52,142
03/07/2021,EAU,WI,AGL,CE,Federal Contract Tower,0,5,10,0,15,0,2,11,0,13,0,7,21,0,28,0,0,0,28
03/08/2021,EAU,WI,AGL,CE,Federal Contract Tower,0,3,13,0,16,0,4,45,0,49,0,7,58,0,65,16,0,16,81
03/09/2021,EAU,WI,AGL,CE,Federal Contract Tower,2,4,11,0,17,0,5,11,1,17,2,9,22,1,34,26,2,28,62
03/10/2021,EAU,WI,AGL,CE,Federal Contract Tower,0,4,13,0,17,0,0,0,0,0,0,4,13,0,17,0,0,0,17
03/11/2021,EAU,WI,AGL,CE,Federal Contract Tower,0,2,18,0,20,0,4,8,7,19,0,6,26,7,39,0,0,0,39
03/12/2021,EAU,WI,AGL,CE,Federal Contract Tower,0,4,17,1,22,0,5,45,1,51,0,9,62,2,73,8,0,8,81
03/13/2021,EAU,WI,AGL,CE,Federal Contract Tower,0,3,11,1,15,0,7,69,1,77,0,10,80,2,92,26,0,26,118
03/14/2021,EAU,WI,AGL,CE,Federal Contract Tower,0,3,7,0,10,0,2,24,0,26,0,5,31,0,36,12,0,12,48
03/15/2021,EAU,WI,AGL,CE,Federal Contract Tower,0,2,8,0,10,0,5,1,0,6,0,7,9,0,16,0,0,0,16
03/16/2021,EAU,WI,AGL,CE,Federal Contract Tower,0,3,13,1,17,0,1,8,1,10,0,4,21,2,27,22,0,22,49
03/17/2021,EAU,WI,AGL,CE,Federal Contract Tower,0,5,11,0,16,0,0,13,0,13,0,5,24,0,29,0,0,0,29
03/18/2021,EAU,WI,AGL,CE,Federal Contract Tower,0,1,20,0,21,0,5,42,0,47,0,6,62,0,68,10,0,10,78
03/19/2021,EAU,WI,AGL,CE,Federal Contract Tower,0,3,14,0,17,0,2,41,2,45,0,5,55,2,62,18,0,18,80
03/20/2021,EAU,WI,AGL,CE,Federal Contract Tower,0,3,13,0,16,0,1,17,1,19,0,4,30,1,35,12,0,12,47
03/21/2021,EAU,WI,AGL,CE,Federal Contract Tower,0,5,7,0,12,0,5,4,0,9,0,10,11,0,21,0,0,0,21
03/22/2021,EAU,WI,AGL,CE,Federal Contract Tower,0,4,22,0,26,0,6,32,0,38,0,10,54,0,64,36,0,36,100
03/23/2021,EAU,WI,AGL,CE,Federal Contract Tower,0,6,15,0,21,0,2,6,1,9,0,8,21,1,30,8,0,8,38
03/24/2021,EAU,WI,AGL,CE,Federal Contract Tower,0,4,13,0,17,0,0,1,0,1,0,4,14,0,18,0,0,0,18
03/25/2021,EAU,WI,AGL,CE,Federal Contract Tower,0,3,13,0,16,0,6,27,2,35,0,9,40,2,51,22,0,22,73
03/26/2021,EAU,WI,AGL,CE,Federal Contract Tower,0,3,8,0,11,0,3,27,2,32,0,6,35,2,43,18,0,18,61
03/27/2021,EAU,WI,AGL,CE,Federal Contract Tower,0,3,7,0,10,0,2,9,0,11,0,5,16,0,21,6,0,6,27
03/28/2021,EAU,WI,AGL,CE,Federal Contract Tower,0,3,7,2,12,0,0,13,6,19,0,3,20,8,31,4,4,8,39
03/29/2021,EAU,WI,AGL,CE,Federal Contract Tower,0,4,8,0,12,0,2,11,0,13,0,6,19,0,25,0,0,0,25
03/30/2021,EAU,WI,AGL,CE,Federal Contract Tower,0,3,12,2,17,0,2,16,2,20,0,5,28,4,37,0,0,0,37
03/31/2021,EAU,WI,AGL,CE,Federal Contract Tower,0,8,18,0,26,0,1,22,0,23,0,9,40,0,49,24,2,26,75
04/01/2021,EAU,WI,AGL,CE,Federal Contract Tower,0,3,12,0,15,0,2,55,3,60,0,5,67,3,75,24,0,24,99
04/02/2021,EAU,WI,AGL,CE,Federal Contract Tower,0,4,7,0,11,0,3,20,0,23,0,7,27,0,34,2,0,2,36
04/03/2021,EAU,WI,AGL,CE,Federal Contract Tower,0,3,4,0,7,0,8,78,2,88,0,11,82,2,95,32,0,32,127
04/04/2021,EAU,WI,AGL,CE,Federal Contract Tower,0,3,5,0,8,0,6,25,0,31,0,9,30,0,39,14,0,14,53
04/05/2021,EAU,WI,AGL,CE,Federal Contract Tower,0,6,19,0,25,0,4,27,0,31,0,10,46,0,56,6,0,6,62
04/06/2021,EAU,WI,AGL,CE,Federal Contract Tower,0,4,20,0,24,0,3,22,0,25,0,7,42,0,49,32,0,32,81
04/07/2021,EAU,WI,AGL,CE,Federal Contract Tower,0,7,9,0,16,0,2,11,0,13,0,9,20,0,29,6,0,6,35
04/08/2021,EAU,WI,AGL,CE,Federal Contract Tower,0,3,22,0,25,0,6,5,0,11,0,9,27,0,36,4,0,4,40
04/09/2021,EAU,WI,AGL,CE,Federal Contract Tower,0,3,15,0,18,0,2,2,0,4,0,5,17,0,22,0,0,0,22
04/10/2021,EAU,WI,AGL,CE,Federal Contract Tower,0,3,9,0,12,0,0,17,0,17,0,3,26,0,29,22,0,22,51
04/11/2021,EAU,WI,AGL,CE,Federal Contract Tower,0,4,6,0,10,0,2,0,0,2,0,6,6,0,12,0,0,0,12
04/12/2021,EAU,WI,AGL,CE,Federal Contract Tower,0,4,11,0,15,0,4,0,0,4,0,8,11,0,19,0,0,0,19
04/13/2021,EAU,WI,AGL,CE,Federal Contract Tower,0,7,12,0,19,0,0,0,0,0,0,7,12,0,19,2,0,2,21
04/14/2021,EAU,WI,AGL,CE,Federal Contract Tower,0,5,12,0,17,0,0,18,0,18,0,5,30,0,35,8,0,8,43
04/15/2021,EAU,WI,AGL,CE,Federal Contract Tower,0,4,25,0,29,0,2,27,0,29,0,6,52,0,58,6,0,6,64
04/16/2021,EAU,WI,AGL,CE,Federal Contract Tower,0,4,15,0,19,0,5,43,2,50,0,9,58,2,69,36,0,36,105
04/17/2021,EAU,WI,AGL,CE,Federal Contract Tower,0,4,2,0,6,0,2,67,0,69,0,6,69,0,75,6,0,6,81
04/18/2021,EAU,WI,AGL,CE,Federal Contract Tower,0,3,8,0,11,0,0,43,2,45,0,3,51,2,56,22,0,22,78
04/19/2021,EAU,WI,AGL,CE,Federal Contract Tower,0,5,6,0,11,0,4,10,0,14,0,9,16,0,25,0,0,0,25
04/20/2021,EAU,WI,AGL,CE,Federal Contract Tower,0,9,14,0,23,0,1,28,0,29,0,10,42,0,52,50,0,50,102
04/21/2021,EAU,WI,AGL,CE,Federal Contract Tower,0,4,10,0,14,0,2,52,4,58,0,6,62,4,72,0,0,0,72
04/22/2021,EAU,WI,AGL,CE,Federal Contract Tower,0,2,29,8,39,0,6,58,0,64,0,8,87,8,103,10,0,10,113
04/23/2021,EAU,WI,AGL,CE,Federal Contract Tower,0,5,9,0,14,0,8,14,0,22,0,13,23,0,36,6,0,6,42
04/24/2021,EAU,WI,AGL,CE,Federal Contract Tower,0,3,2,0,5,0,0,0,0,0,0,3,2,0,5,0,0,0,5
04/25/2021,EAU,WI,AGL,CE,Federal Contract Tower,0,4,7,0,11,0,5,16,4,25,0,9,23,4,36,0,0,0,36
04/26/2021,EAU,WI,AGL,CE,Federal Contract Tower,0,3,14,0,17,0,3,22,2,27,0,6,36,2,44,16,2,18,62
04/27/2021,EAU,WI,AGL,CE,Federal Contract Tower,0,4,7,0,11,0,0,6,0,6,0,4,13,0,17,6,0,6,23
04/28/2021,EAU,WI,AGL,CE,Federal Contract Tower,0,4,21,1,26,0,2,40,0,42,0,6,61,1,68,16,0,16,84
04/29/2021,EAU,WI,AGL,CE,Federal Contract Tower,0,3,14,0,17,0,1,39,0,40,0,4,53,0,57,30,0,30,87
04/30/2021,EAU,WI,AGL,CE,Federal Contract Tower,0,3,14,0,17,0,0,68,9,77,0,3,82,9,94,32,0,32,126
05/01/2021,EAU,WI,AGL,CE,Federal Contract Tower,0,3,3,0,6,0,2,35,0,37,0,5,38,0,43,8,0,8,51
05/02/2021,EAU,WI,AGL,CE,Federal Contract Tower,0,4,4,0,8,0,5,28,0,33,0,9,32,0,41,0,0,0,41
05/03/2021,EAU,WI,AGL,CE,Federal Contract Tower,0,3,14,0,17,0,1,4,0,5,0,4,18,0,22,0,0,0,22
05/04/2021,EAU,WI,AGL,CE,Federal Contract Tower,0,6,11,1,18,0,2,15,1,18,0,8,26,2,36,12,0,12,48
05/05/2021,EAU,WI,AGL,CE,Federal Contract Tower,0,7,16,1,24,0,2,54,1,57,0,9,70,2,81,16,2,18,99
05/06/2021,EAU,WI,AGL,CE,Federal Contract Tower,2,8,19,3,32,0,3,34,2,39,2,11,53,5,71,6,0,6,77
05/07/2021,EAU,WI,AGL,CE,Federal Contract Tower,0,3,24,0,27,0,4,42,4,50,0,7,66,4,77,20,0,20,97
05/08/2021,EAU,WI,AGL,CE,Federal Contract Tower,0,3,4,0,7,0,2,58,2,62,0,5,62,2,69,2,0,2,71
05/09/2021,EAU,WI,AGL,CE,Federal Contract Tower,0,3,2,0,5,0,5,25,0,30,0,8,27,0,35,18,0,18,53
05/10/2021,EAU,WI,AGL,CE,Federal Contract Tower,2,3,9,0,14,0,3,18,4,25,2,6,27,4,39,4,6,10,49
05/11/2021,EAU,WI,AGL,CE,Federal Contract Tower,0,4,16,1,21,0,5,59,1,65,0,9,75,2,86,24,0,24,110
05/12/2021,EAU,WI,AGL,CE,Federal Contract Tower,0,4,14,0,18,0,4,31,0,35,0,8,45,0,53,16,0,16,69
05/13/2021,EAU,WI,AGL,CE,Federal Contract Tower,0,3,16,0,19,0,4,57,2,63,0,7,73,2,82,60,6,66,148
05/14/2021,EAU,WI,AGL,CE,Federal Contract Tower,0,3,13,0,16,0,6,28,0,34,0,9,41,0,50,8,0,8,58
05/15/2021,EAU,WI,AGL,CE,Federal Contract Tower,0,4,9,0,13,0,2,25,0,27,0,6,34,0,40,0,0,0,40
05/16/2021,EAU,WI,AGL,CE,Federal Contract Tower,0,3,21,0,24,0,0,15,0,15,0,3,36,0,39,6,0,6,45
05/17/2021,EAU,WI,AGL,CE,Federal Contract Tower,0,3,11,0,14,0,0,24,0,24,0,3,35,0,38,2,0,2,40
05/18/2021,EAU,WI,AGL,CE,Federal Contract Tower,0,3,14,1,18,0,2,19,1,22,0,5,33,2,40,32,2,34,74
05/19/2021,EAU,WI,AGL,CE,Federal Contract Tower,0,8,10,0,18,0,0,2,0,2,0,8,12,0,20,14,0,14,34
05/20/2021,EAU,WI,AGL,CE,Federal Contract Tower,0,4,24,2,30,0,1,2,0,3,0,5,26,2,33,0,0,0,33
05/21/2021,EAU,WI,AGL,CE,Federal Contract Tower,0,5,11,0,16,0,4,2,0,6,0,9,13,0,22,0,0,0,22
05/22/2021,EAU,WI,AGL,CE,Federal Contract Tower,0,7,11,0,18,0,0,0,0,0,0,7,11,0,18,0,0,0,18
05/23/2021,EAU,WI,AGL,CE,Federal Contract Tower,0,6,8,0,14,0,1,5,0,6,0,7,13,0,20,0,0,0,20
05/24/2021,EAU,WI,AGL,CE,Federal Contract Tower,0,4,13,2,19,0,2,9,0,11,0,6,22,2,30,28,0,28,58
05/25/2021,EAU,WI,AGL,CE,Federal Contract Tower,0,3,11,0,14,0,3,19,0,22,0,6,30,0,36,0,0,0,36
05/26/2021,EAU,WI,AGL,CE,Federal Contract Tower,0,5,17,2,24,0,0,0,0,0,0,5,17,2,24,8,0,8,32
05/27/2021,EAU,WI,AGL,CE,Federal Contract Tower,0,5,15,0,20,0,0,1,0,1,0,5,16,0,21,0,0,0,21
05/28/2021,EAU,WI,AGL,CE,Federal Contract Tower,0,7,9,0,16,0,3,35,0,38,0,10,44,0,54,26,0,26,80
05/29/2021,EAU,WI,AGL,CE,Federal Contract Tower,0,3,6,0,9,0,4,54,4,62,0,7,60,4,71,22,0,22,93
05/30/2021,EAU,WI,AGL,CE,Federal Contract Tower,0,6,6,0,12,0,3,8,0,11,0,9,14,0,23,4,0,4,27
05/31/2021,EAU,WI,AGL,CE,Federal Contract Tower,0,4,4,0,8,0,2,30,1,33,0,6,34,1,41,0,0,0,41
06/01/2021,EAU,WI,AGL,CE,Federal Contract Tower,0,3,18,0,21,0,2,33,3,38,0,5,51,3,59,8,0,8,67
06/02/2021,EAU,WI,AGL,CE,Federal Contract Tower,0,3,12,0,15,0,2,30,2,34,0,5,42,2,49,22,0,22,71
06/03/2021,EAU,WI,AGL,CE,Federal Contract Tower,0,3,13,0,16,0,2,24,4,30,0,5,37,4,46,36,0,36,82
06/04/2021,EAU,WI,AGL,CE,Federal Contract Tower,0,3,10,0,13,0,4,17,1,22,0,7,27,1,35,18,0,18,53
06/05/2021,EAU,WI,AGL,CE,Federal Contract Tower,0,3,10,0,13,0,4,29,0,33,0,7,39,0,46,0,0,0,46
06/06/2021,EAU,WI,AGL,CE,Federal Contract Tower,0,3,5,0,8,0,3,9,1,13,0,6,14,1,21,4,0,4,25
06/07/2021,EAU,WI,AGL,CE,Federal Contract Tower,0,4,11,3,18,0,2,24,2,28,0,6,35,5,46,24,0,24,70
06/08/2021,EAU,WI,AGL,CE,Federal Contract Tower,0,4,14,0,18,0,2,36,0,38,0,6,50,0,56,24,0,24,80
06/09/2021,EAU,WI,AGL,CE,Federal Contract Tower,0,4,25,1,30,0,0,43,3,46,0,4,68,4,76,4,0,4,80
06/10/2021,EAU,WI,AGL,CE,Federal Contract Tower,0,4,13,5,22,0,8,35,2,45,0,12,48,7,67,22,6,28,95
06/11/2021,EAU,WI,AGL,CE,Federal Contract Tower,0,3,9,0,12,0,3,14,0,17,0,6,23,0,29,0,0,0,29
06/12/2021,EAU,WI,AGL,CE,Federal Contract Tower,0,3,14,4,21,0,0,34,3,37,0,3,48,7,58,8,0,8,66
06/13/2021,EAU,WI,AGL,CE,Federal Contract Tower,0,3,5,0,8,0,6,28,0,34,0,9,33,0,42,8,0,8,50
06/14/2021,EAU,WI,AGL,CE,Federal Contract Tower,0,3,11,0,14,0,0,16,0,16,0,3,27,0,30,4,0,4,34
06/15/2021,EAU,WI,AGL,CE,Federal Contract Tower,0,5,16,0,21,0,3,54,0,57,0,8,70,0,78,18,0,18,96
06/16/2021,EAU,WI,AGL,CE,Federal Contract Tower,0,3,11,0,14,0,4,42,0,46,0,7,53,0,60,14,0,14,74
06/17/2021,EAU,WI,AGL,CE,Federal Contract Tower,0,6,19,0,25,0,4,19,0,23,0,10,38,0,48,4,0,4,52
06/18/2021,EAU,WI,AGL,CE,Federal Contract Tower,0,5,15,0,20,0,6,41,0,47,0,11,56,0,67,2,0,2,69
06/19/2021,EAU,WI,AGL,CE,Federal Contract Tower,0,4,11,0,15,0,3,30,2,35,0,7,41,2,50,18,0,18,68
06/20/2021,EAU,WI,AGL,CE,Federal Contract Tower,0,3,2,0,5,0,1,4,0,5,0,4,6,0,10,0,0,0,10
06/21/2021,EAU,WI,AGL,CE,Federal Contract Tower,0,2,12,0,14,0,4,29,0,33,0,6,41,0,47,2,0,2,49
06/22/2021,EAU,WI,AGL,CE,Federal Contract Tower,0,4,15,0,19,0,4,41,1,46,0,8,56,1,65,18,0,18,83
06/23/2021,EAU,WI,AGL,CE,Federal Contract Tower,2,8,19,1,30,0,5,31,3,39,2,13,50,4,69,46,0,46,115
06/24/2021,EAU,WI,AGL,CE,Federal Contract Tower,0,3,17,0,20,0,0,14,0,14,0,3,31,0,34,2,0,2,36
06/25/2021,EAU,WI,AGL,CE,Federal Contract Tower,0,5,11,0,16,0,2,23,7,32,0,7,34,7,48,4,0,4,52
06/26/2021,EAU,WI,AGL,CE,Federal Contract Tower,0,5,9,0,14,0,3,2,0,5,0,8,11,0,19,0,0,0,19
06/27/2021,EAU,WI,AGL,CE,Federal Contract Tower,0,6,3,0,9,0,3,21,0,24,0,9,24,0,33,10,0,10,43
06/28/2021,EAU,WI,AGL,CE,Federal Contract Tower,0,6,7,0,13,0,1,16,3,20,0,7,23,3,33,12,0,12,45
06/29/2021,EAU,WI,AGL,CE,Federal Contract Tower,0,4,17,0,21,0,3,20,0,23,0,7,37,0,44,4,0,4,48
06/30/2021,EAU,WI,AGL,CE,Federal Contract Tower,0,6,22,1,29,0,0,52,6,58,0,6,74,7,87,26,8,34,121
07/01/2021,EAU,WI,AGL,CE,Federal Contract Tower,0,4,24,2,30,0,6,42,2,50,0,10,66,4,80,20,6,26,106
07/02/2021,EAU,WI,AGL,CE,Federal Contract Tower,0,5,16,0,21,0,5,25,0,30,0,10,41,0,51,16,0,16,67
07/03/2021,EAU,WI,AGL,CE,Federal Contract Tower,0,4,2,0,6,0,4,27,2,33,0,8,29,2,39,2,0,2,41
07/04/2021,EAU,WI,AGL,CE,Federal Contract Tower,0,4,4,0,8,0,6,9,0,15,0,10,13,0,23,0,0,0,23
07/05/2021,EAU,WI,AGL,CE,Federal Contract Tower,1,3,2,0,6,0,0,22,3,25,1,3,24,3,31,18,0,18,49
07/06/2021,EAU,WI,AGL,CE,Federal Contract Tower,0,4,12,0,16,0,2,15,0,17,0,6,27,0,33,12,0,12,45
07/07/2021,EAU,WI,AGL,CE,Federal Contract Tower,0,3,21,2,26,0,1,2,0,3,0,4,23,2,29,0,0,0,29
07/08/2021,EAU,WI,AGL,CE,Federal Contract Tower,0,4,26,2,32,0,2,35,4,41,0,6,61,6,73,34,0,34,107
07/09/2021,EAU,WI,AGL,CE,Federal Contract Tower,2,5,13,7,27,0,2,26,0,28,2,7,39,7,55,20,8,28,83
07/10/2021,EAU,WI,AGL,CE,Federal Contract Tower,0,5,7,3,15,0,3,49,0,52,0,8,56,3,67,16,0,16,83
07/11/2021,EAU,WI,AGL,CE,Federal Contract Tower,0,4,6,0,10,0,7,39,0,46,0,11,45,0,56,10,0,10,66
07/12/2021,EAU,WI,AGL,CE,Federal Contract Tower,0,6,9,0,15,0,0,57,0,57,0,6,66,0,72,38,14,52,124
07/13/2021,EAU,WI,AGL,CE,Federal Contract Tower,2,4,12,1,19,0,2,40,4,46,2,6,52,5,65,18,6,24,89
07/14/2021,EAU,WI,AGL,CE,Federal Contract Tower,0,3,17,2,22,0,0,13,3,16,0,3,30,5,38,24,10,34,72
07/15/2021,EAU,WI,AGL,CE,Federal Contract Tower,0,6,11,0,17,0,3,31,5,39,0,9,42,5,56,16,6,22,78
07/16/2021,EAU,WI,AGL,CE,Federal Contract Tower,0,6,18,5,29,0,5,47,12,64,0,11,65,17,93,14,8,22,115
07/17/2021,EAU,WI,AGL,CE,Federal Contract Tower,0,7,4,5,16,0,6,42,1,49,0,13,46,6,65,30,2,32,97
07/18/2021,EAU,WI,AGL,CE,Federal Contract Tower,0,5,3,0,8,0,7,27,0,34,0,12,30,0,42,0,0,0,42
07/19/2021,EAU,WI,AGL,CE,Federal Contract Tower,0,4,11,0,15,0,3,42,0,45,0,7,53,0,60,27,0,27,87
07/20/2021,EAU,WI,AGL,CE,Federal Contract Tower,0,4,15,0,19,0,3,42,1,46,0,7,57,1,65,34,0,34,99
07/21/2021,EAU,WI,AGL,CE,Federal Contract Tower,0,3,37,0,40,0,2,21,0,23,0,5,58,0,63,10,0,10,73
07/22/2021,EAU,WI,AGL,CE,Federal Contract Tower,0,4,20,0,24,0,3,19,0,22,0,7,39,0,46,16,0,16,62
07/23/2021,EAU,WI,AGL,CE,Federal Contract Tower,0,3,14,0,17,0,4,32,1,37,0,7,46,1,54,22,0,22,76
07/24/2021,EAU,WI,AGL,CE,Federal Contract Tower,0,3,9,0,12,0,2,34,0,36,0,5,43,0,48,2,0,2,50
07/25/2021,EAU,WI,AGL,CE,Federal Contract Tower,0,4,3,0,7,0,5,29,0,34,0,9,32,0,41,14,0,14,55
07/26/2021,EAU,WI,AGL,CE,Federal Contract Tower,0,7,21,0,28,0,3,24,2,29,0,10,45,2,57,10,0,10,67
07/27/2021,EAU,WI,AGL,CE,Federal Contract Tower,0,7,11,0,18,0,4,33,1,38,0,11,44,1,56,44,0,44,100
07/28/2021,EAU,WI,AGL,CE,Federal Contract Tower,0,6,8,0,14,0,3,18,0,21,0,9,26,0,35,18,0,18,53
07/29/2021,EAU,WI,AGL,CE,Federal Contract Tower,0,4,28,1,33,0,5,36,1,42,0,9,64,2,75,24,0,24,99
07/30/2021,EAU,WI,AGL,CE,Federal Contract Tower,0,3,25,0,28,0,2,16,0,18,0,5,41,0,46,16,0,16,62
07/31/2021,EAU,WI,AGL,CE,Federal Contract Tower,0,5,13,0,18,0,2,15,1,18,0,7,28,1,36,16,0,16,52
08/01/2021,EAU,WI,AGL,CE,Federal Contract Tower,0,5,7,0,12,0,4,28,1,33,0,9,35,1,45,10,0,10,55
08/02/2021,EAU,WI,AGL,CE,Federal Contract Tower,0,10,17,0,27,0,3,17,0,20,0,13,34,0,47,0,0,0,47
08/03/2021,EAU,WI,AGL,CE,Federal Contract Tower,0,6,25,0,31,0,4,20,0,24,0,10,45,0,55,10,0,10,65
08/04/2021,EAU,WI,AGL,CE,Federal Contract Tower,0,6,28,0,34,0,6,35,0,41,0,12,63,0,75,24,0,24,99
08/05/2021,EAU,WI,AGL,CE,Federal Contract Tower,0,5,14,0,19,0,1,10,0,11,0,6,24,0,30,14,0,14,44
08/06/2021,EAU,WI,AGL,CE,Federal Contract Tower,0,4,24,2,30,0,1,32,0,33,0,5,56,2,63,8,0,8,71
08/07/2021,EAU,WI,AGL,CE,Federal Contract Tower,0,3,5,0,8,0,1,0,0,1,0,4,5,0,9,0,0,0,9
08/08/2021,EAU,WI,AGL,CE,Federal Contract Tower,0,3,4,0,7,0,2,13,0,15,0,5,17,0,22,4,0,4,26
08/09/2021,EAU,WI,AGL,CE,Federal Contract Tower,0,6,16,2,24,0,2,21,0,23,0,8,37,2,47,18,0,18,65
08/10/2021,EAU,WI,AGL,CE,Federal Contract Tower,0,3,16,6,25,0,3,8,0,11,0,6,24,6,36,4,0,4,40
08/11/2021,EAU,WI,AGL,CE,Federal Contract Tower,0,4,23,0,27,0,3,32,2,37,0,7,55,2,64,10,0,10,74
08/12/2021,EAU,WI,AGL,CE,Federal Contract Tower,0,3,18,1,22,0,0,32,0,32,0,3,50,1,54,42,0,42,96
08/13/2021,EAU,WI,AGL,CE,Federal Contract Tower,0,4,17,0,21,0,7,23,2,32,0,11,40,2,53,2,0,2,55
08/14/2021,EAU,WI,AGL,CE,Federal Contract Tower,0,8,10,0,18,0,2,73,0,75,0,10,83,0,93,16,0,16,109
08/15/2021,EAU,WI,AGL,CE,Federal Contract Tower,0,4,10,0,14,0,5,31,4,40,0,9,41,4,54,6,0,6,60
08/16/2021,EAU,WI,AGL,CE,Federal Contract Tower,2,12,16,2,32,0,2,20,16,38,2,14,36,18,70,4,6,10,80
08/17/2021,EAU,WI,AGL,CE,Federal Contract Tower,0,4,17,2,23,0,5,29,2,36,0,9,46,4,59,14,0,14,73
08/18/2021,EAU,WI,AGL,CE,Federal Contract Tower,0,4,19,1,24,0,1,27,2,30,0,5,46,3,54,10,0,10,64
08/19/2021,EAU,WI,AGL,CE,Federal Contract Tower,0,2,15,0,17,0,6,51,0,57,0,8,66,0,74,26,0,26,100
08/20/2021,EAU,WI,AGL,CE,Federal Contract Tower,2,3,15,2,22,0,6,23,4,33,2,9,38,6,55,6,0,6,61
08/21/2021,EAU,WI,AGL,CE,Federal Contract Tower,0,3,5,0,8,0,7,17,3,27,0,10,22,3,35,4,0,4,39
08/22/2021,EAU,WI,AGL,CE,Federal Contract Tower,0,5,9,2,16,0,9,58,4,71,0,14,67,6,87,26,16,42,129
08/23/2021,EAU,WI,AGL,CE,Federal Contract Tower,0,5,26,0,31,0,21,16,0,37,0,26,42,0,68,8,0,8,76
08/24/2021,EAU,WI,AGL,CE,Federal Contract Tower,0,3,13,0,16,0,2,10,0,12,0,5,23,0,28,6,0,6,34
08/25/2021,EAU,WI,AGL,CE,Federal Contract Tower,0,5,20,2,27,0,4,44,4,52,0,9,64,6,79,36,0,36,115
08/26/2021,EAU,WI,AGL,CE,Federal Contract Tower,0,8,24,0,32,0,4,6,0,10,0,12,30,0,42,0,0,0,42
08/27/2021,EAU,WI,AGL,CE,Federal Contract Tower,0,4,14,0,18,0,2,2,0,4,0,6,16,0,22,2,0,2,24
08/28/2021,EAU,WI,AGL,CE,Federal Contract Tower,0,3,2,0,5,0,2,17,0,19,0,5,19,0,24,4,0,4,28
08/29/2021,EAU,WI,AGL,CE,Federal Contract Tower,0,3,8,3,14,0,3,30,0,33,0,6,38,3,47,10,0,10,57
08/30/2021,EAU,WI,AGL,CE,Federal Contract Tower,0,6,11,0,17,0,4,48,0,52,0,10,59,0,69,42,0,42,111
08/31/2021,EAU,WI,AGL,CE,Federal Contract Tower,0,4,28,0,32,0,4,41,0,45,0,8,69,0,77,24,0,24,101
09/01/2021,EAU,WI,AGL,CE,Federal Contract Tower,0,8,21,1,30,0,2,47,3,52,0,10,68,4,82,22,0,22,104
09/02/2021,EAU,WI,AGL,CE,Federal Contract Tower,0,3,15,2,20,0,2,43,1,46,0,5,58,3,66,22,0,22,88
09/03/2021,EAU,WI,AGL,CE,Federal Contract Tower,0,3,17,0,20,0,0,0,0,0,0,3,17,0,20,0,0,0,20
09/04/2021,EAU,WI,AGL,CE,Federal Contract Tower,0,4,13,0,17,0,3,19,0,22,0,7,32,0,39,8,0,8,47
09/05/2021,EAU,WI,AGL,CE,Federal Contract Tower,0,3,5,0,8,0,3,36,0,39,0,6,41,0,47,10,0,10,57
09/06/2021,EAU,WI,AGL,CE,Federal Contract Tower,0,3,9,0,12,0,6,43,0,49,0,9,52,0,61,14,0,14,75
09/07/2021,EAU,WI,AGL,CE,Federal Contract Tower,0,4,13,0,17,0,3,21,0,24,0,7,34,0,41,18,0,18,59
09/08/2021,EAU,WI,AGL,CE,Federal Contract Tower,0,7,18,0,25,0,1,18,0,19,0,8,36,0,44,24,0,24,68
09/09/2021,EAU,WI,AGL,CE,Federal Contract Tower,0,5,25,4,34,0,1,33,2,36,0,6,58,6,70,10,0,10,80
09/10/2021,EAU,WI,AGL,CE,Federal Contract Tower,0,5,13,0,18,0,3,28,0,31,0,8,41,0,49,12,0,12,61
09/11/2021,EAU,WI,AGL,CE,Federal Contract Tower,0,3,13,0,16,0,5,36,0,41,0,8,49,0,57,0,0,0,57
09/12/2021,EAU,WI,AGL,CE,Federal Contract Tower,0,15,10,0,25,0,3,37,0,40,0,18,47,0,65,34,0,34,99
09/13/2021,EAU,WI,AGL,CE,Federal Contract Tower,0,6,16,0,22,0,4,22,0,26,0,10,38,0,48,12,0,12,60
09/14/2021,EAU,WI,AGL,CE,Federal Contract Tower,0,4,15,0,19,0,7,20,0,27,0,11,35,0,46,8,0,8,54
09/15/2021,EAU,WI,AGL,CE,Federal Contract Tower,0,6,18,0,24,0,4,41,1,46,0,10,59,1,70,32,0,32,102
09/16/2021,EAU,WI,AGL,CE,Federal Contract Tower,0,3,12,0,15,0,3,20,0,23,0,6,32,0,38,0,0,0,38
09/17/2021,EAU,WI,AGL,CE,Federal Contract Tower,0,3,12,0,15,0,3,39,0,42,0,6,51,0,57,8,0,8,65
09/18/2021,EAU,WI,AGL,CE,Federal Contract Tower,0,3,10,0,13,0,4,52,4,60,0,7,62,4,73,10,0,10,83
09/19/2021,EAU,WI,AGL,CE,Federal Contract Tower,0,3,7,0,10,0,2,15,1,18,0,5,22,1,28,14,2,16,44
09/20/2021,EAU,WI,AGL,CE,Federal Contract Tower,2,11,9,0,22,0,1,4,0,5,2,12,13,0,27,2,0,2,29
09/21/2021,EAU,WI,AGL,CE,Federal Contract Tower,0,3,9,2,14,0,5,18,10,33,0,8,27,12,47,10,2,12,59
09/22/2021,EAU,WI,AGL,CE,Federal Contract Tower,0,4,17,2,23,0,2,52,4,58,0,6,69,6,81,12,0,12,93
09/23/2021,EAU,WI,AGL,CE,Federal Contract Tower,0,4,20,1,25,0,3,14,6,23,0,7,34,7,48,12,0,12,60
09/24/2021,EAU,WI,AGL,CE,Federal Contract Tower,2,5,12,0,19,0,2,5,0,7,2,7,17,0,26,0,0,0,26
09/25/2021,EAU,WI,AGL,CE,Federal Contract Tower,0,4,11,0,15,0,1,42,8,51,0,5,53,8,66,6,0,6,72
09/26/2021,EAU,WI,AGL,CE,Federal Contract Tower,0,3,9,0,12,0,3,31,2,36,0,6,40,2,48,14,0,14,62
09/27/2021,EAU,WI,AGL,CE,Federal Contract Tower,0,4,18,0,22,0,12,24,0,36,0,16,42,0,58,24,0,24,82
09/28/2021,EAU,WI,AGL,CE,Federal Contract Tower,0,5,18,0,23,0,1,57,2,60,0,6,75,2,83,4,0,4,87
09/29/2021,EAU,WI,AGL,CE,Federal Contract Tower,0,3,16,0,19,0,0,54,4,58,0,3,70,4,77,26,0,26,103
09/30/2021,EAU,WI,AGL,CE,Federal Contract Tower,0,3,17,0,20,0,3,46,0,49,0,6,63,0,69,44,0,44,113
10/01/2021,EAU,WI,AGL,CE,Federal Contract Tower,0,3,7,0,10,0,4,23,0,27,0,7,30,0,37,8,0,8,45
10/02/2021,EAU,WI,AGL,CE,Federal Contract Tower,0,4,12,0,16,0,4,6,0,10,0,8,18,0,26,0,0,0,26
10/03/2021,EAU,WI,AGL,CE,Federal Contract Tower,0,7,21,0,28,0,5,1,0,6,0,12,22,0,34,0,0,0,34
10/04/2021,EAU,WI,AGL,CE,Federal Contract Tower,2,8,28,0,38,0,3,23,0,26,2,11,51,0,64,4,0,4,68
10/05/2021,EAU,WI,AGL,CE,Federal Contract Tower,0,8,13,0,21,0,8,38,0,46,0,16,51,0,67,2,0,2,69
10/06/2021,EAU,WI,AGL,CE,Federal Contract Tower,0,5,15,2,22,0,6,36,3,45,0,11,51,5,67,34,8,42,109
10/07/2021,EAU,WI,AGL,CE,Federal Contract Tower,0,9,26,0,35,0,3,9,0,12,0,12,35,0,47,4,0,4,51
10/08/2021,EAU,WI,AGL,CE,Federal Contract Tower,0,4,19,0,23,0,3,5,0,8,0,7,24,0,31,8,0,8,39
10/09/2021,EAU,WI,AGL,CE,Federal Contract Tower,2,2,12,0,16,0,2,15,2,19,2,4,27,2,35,4,0,4,39
10/10/2021,EAU,WI,AGL,CE,Federal Contract Tower,0,3,13,0,16,0,5,14,5,24,0,8,27,5,40,12,0,12,52
10/11/2021,EAU,WI,AGL,CE,Federal Contract Tower,0,3,33,0,36,0,3,19,0,22,0,6,52,0,58,6,0,6,64
10/12/2021,EAU,WI,AGL,CE,Federal Contract Tower,0,6,20,1,27,0,0,22,0,22,0,6,42,1,49,10,0,10,59
10/13/2021,EAU,WI,AGL,CE,Federal Contract Tower,0,3,10,0,13,0,0,2,0,2,0,3,12,0,15,10,0,10,25
10/14/2021,EAU,WI,AGL,CE,Federal Contract Tower,0,11,26,2,39,0,1,31,1,33,0,12,57,3,72,8,0,8,80
10/15/2021,EAU,WI,AGL,CE,Federal Contract Tower,0,8,10,0,18,0,2,18,0,20,0,10,28,0,38,12,0,12,50
10/16/2021,EAU,WI,AGL,CE,Federal Contract Tower,0,3,9,0,12,0,7,38,2,47,0,10,47,2,59,2,0,2,61
10/17/2021,EAU,WI,AGL,CE,Federal Contract Tower,0,8,11,0,19,0,4,50,0,54,0,12,61,0,73,24,0,24,97
10/18/2021,EAU,WI,AGL,CE,Federal Contract Tower,0,5,10,0,15,0,4,34,2,40,0,9,44,2,55,18,0,18,73
10/19/2021,EAU,WI,AGL,CE,Federal Contract Tower,0,4,12,0,16,0,4,68,0,72,0,8,80,0,88,5,0,5,93
10/20/2021,EAU,WI,AGL,CE,Federal Contract Tower,0,6,15,0,21,0,1,12,0,13,0,7,27,0,34,2,0,2,36
10/21/2021,EAU,WI,AGL,CE,Federal Contract Tower,0,6,20,1,27,0,11,18,1,30,0,17,38,2,57,0,0,0,57
10/22/2021,EAU,WI,AGL,CE,Federal Contract Tower,0,3,25,0,28,0,2,42,4,48,0,5,67,4,76,16,0,16,92
10/23/2021,EAU,WI,AGL,CE,Federal Contract Tower,0,2,9,0,11,0,7,53,5,65,0,9,62,5,76,0,4,4,80
10/24/2021,EAU,WI,AGL,CE,Federal Contract Tower,0,6,19,0,25,0,6,37,0,43,0,12,56,0,68,6,0,6,74
10/25/2021,EAU,WI,AGL,CE,Federal Contract Tower,0,2,17,0,19,0,2,16,0,18,0,4,33,0,37,10,0,10,47
10/26/2021,EAU,WI,AGL,CE,Federal Contract Tower,0,3,17,3,23,0,1,10,3,14,0,4,27,6,37,4,0,4,41
10/27/2021,EAU,WI,AGL,CE,Federal Contract Tower,0,4,11,0,15,0,0,7,0,7,0,4,18,0,22,2,0,2,24
10/28/2021,EAU,WI,AGL,CE,Federal Contract Tower,0,5,16,0,21,0,1,0,0,1,0,6,16,0,22,4,0,4,26
10/29/2021,EAU,WI,AGL,CE,Federal Contract Tower,0,10,23,0,33,0,5,11,0,16,0,15,34,0,49,0,0,0,49
10/30/2021,EAU,WI,AGL,CE,Federal Contract Tower,0,4,16,0,20,0,4,33,0,37,0,8,49,0,57,38,0,38,95
10/31/2021,EAU,WI,AGL,CE,Federal Contract Tower,0,4,8,0,12,0,3,6,0,9,0,7,14,0,21,0,0,0,21
11/01/2021,EAU,WI,AGL,CE,Federal Contract Tower,0,3,11,0,14,0,3,19,0,22,0,6,30,0,36,4,0,4,40
11/02/2021,EAU,WI,AGL,CE,Federal Contract Tower,0,3,12,0,15,0,7,20,2,29,0,10,32,2,44,0,0,0,44
11/03/2021,EAU,WI,AGL,CE,Federal Contract Tower,0,7,11,0,18,0,4,15,2,21,0,11,26,2,39,4,0,4,43
11/04/2021,EAU,WI,AGL,CE,Federal Contract Tower,0,6,21,2,29,0,4,25,0,29,0,10,46,2,58,2,0,2,60
11/05/2021,EAU,WI,AGL,CE,Federal Contract Tower,2,3,10,0,15,0,5,14,0,19,2,8,24,0,34,10,0,10,44
11/06/2021,EAU,WI,AGL,CE,Federal Contract Tower,0,3,5,0,8,0,2,44,0,46,0,5,49,0,54,0,0,0,54
11/07/2021,EAU,WI,AGL,CE,Federal Contract Tower,0,3,14,0,17,0,1,23,0,24,0,4,37,0,41,16,0,16,57
11/08/2021,EAU,WI,AGL,CE,Federal Contract Tower,2,7,13,0,22,0,6,36,2,44,2,13,49,2,66,38,2,40,106
11/09/2021,EAU,WI,AGL,CE,Federal Contract Tower,0,5,20,2,27,0,4,40,3,47,0,9,60,5,74,18,0,18,92
11/10/2021,EAU,WI,AGL,CE,Federal Contract Tower,0,4,23,0,27,0,3,14,0,17,0,7,37,0,44,4,0,4,48
11/11/2021,EAU,WI,AGL,CE,Federal Contract Tower,0,5,11,0,16,0,0,0,0,0,0,5,11,0,16,0,0,0,16
11/12/2021,EAU,WI,AGL,CE,Federal Contract Tower,0,3,12,0,15,0,5,5,0,10,0,8,17,0,25,12,0,12,37
11/13/2021,EAU,WI,AGL,CE,Federal Contract Tower,0,3,3,0,6,0,1,6,0,7,0,4,9,0,13,0,0,0,13
11/14/2021,EAU,WI,AGL,CE,Federal Contract Tower,2,8,5,0,15,0,6,3,0,9,2,14,8,0,24,0,0,0,24
11/15/2021,EAU,WI,AGL,CE,Federal Contract Tower,0,3,7,2,12,0,7,14,0,21,0,10,21,2,33,20,0,20,53
11/16/2021,EAU,WI,AGL,CE,Federal Contract Tower,0,3,9,0,12,0,7,29,0,36,0,10,38,0,48,2,0,2,50
11/17/2021,EAU,WI,AGL,CE,Federal Contract Tower,0,4,14,0,18,0,6,12,0,18,0,10,26,0,36,18,0,18,54
11/18/2021,EAU,WI,AGL,CE,Federal Contract Tower,2,3,11,3,19,0,8,3,0,11,2,11,14,3,30,0,0,0,30
11/19/2021,EAU,WI,AGL,CE,Federal Contract Tower,0,5,16,1,22,0,3,33,0,36,0,8,49,1,58,4,0,4,62
11/20/2021,EAU,WI,AGL,CE,Federal Contract Tower,0,4,9,0,13,0,4,55,4,63,0,8,64,4,76,46,0,46,122
11/21/2021,EAU,WI,AGL,CE,Federal Contract Tower,0,3,7,0,10,0,2,4,0,6,0,5,11,0,16,0,0,0,16
11/22/2021,EAU,WI,AGL,CE,Federal Contract Tower,0,7,14,0,21,0,9,50,0,59,0,16,64,0,80,38,0,38,118
11/23/2021,EAU,WI,AGL,CE,Federal Contract Tower,0,3,14,4,21,0,0,24,1,25,0,3,38,5,46,12,0,12,58
11/24/2021,EAU,WI,AGL,CE,Federal Contract Tower,0,3,12,0,15,0,2,43,0,45,0,5,55,0,60,4,0,4,64
11/25/2021,EAU,WI,AGL,CE,Federal Contract Tower,0,2,0,0,2,0,5,2,0,7,0,7,2,0,9,0,0,0,9
11/26/2021,EAU,WI,AGL,CE,Federal Contract Tower,0,3,11,0,14,0,1,26,0,27,0,4,37,0,41,2,0,2,43
11/27/2021,EAU,WI,AGL,CE,Federal Contract Tower,0,3,3,0,6,0,0,0,0,0,0,3,3,0,6,2,0,2,8
11/28/2021,EAU,WI,AGL,CE,Federal Contract Tower,0,8,13,0,21,0,0,17,0,17,0,8,30,0,38,0,0,0,38
11/29/2021,EAU,WI,AGL,CE,Federal Contract Tower,0,3,8,0,11,0,4,26,0,30,0,7,34,0,41,8,0,8,49
11/30/2021,EAU,WI,AGL,CE,Federal Contract Tower,0,5,10,0,15,0,4,33,2,39,0,9,43,2,54,14,0,14,68
12/01/2021,EAU,WI,AGL,CE,Federal Contract Tower,0,7,18,0,25,0,6,14,0,20,0,13,32,0,45,12,0,12,57
12/02/2021,EAU,WI,AGL,CE,Federal Contract Tower,0,3,21,3,27,0,3,34,0,37,0,6,55,3,64,8,0,8,72
12/03/2021,EAU,WI,AGL,CE,Federal Contract Tower,0,2,7,0,9,0,2,5,0,7,0,4,12,0,16,0,0,0,16
12/04/2021,EAU,WI,AGL,CE,Federal Contract Tower,0,3,11,0,14,0,8,51,4,63,0,11,62,4,77,24,0,24,101
12/05/2021,EAU,WI,AGL,CE,Federal Contract Tower,0,3,8,0,11,0,0,0,0,0,0,3,8,0,11,0,0,0,11
12/06/2021,EAU,WI,AGL,CE,Federal Contract Tower,0,3,16,0,19,0,3,8,0,11,0,6,24,0,30,6,0,6,36
12/07/2021,EAU,WI,AGL,CE,Federal Contract Tower,0,3,12,0,15,0,0,4,0,4,0,3,16,0,19,4,0,4,23
12/08/2021,EAU,WI,AGL,CE,Federal Contract Tower,0,4,16,0,20,0,5,40,3,48,0,9,56,3,68,4,0,4,72
12/09/2021,EAU,WI,AGL,CE,Federal Contract Tower,0,12,15,0,27,0,2,9,0,11,0,14,24,0,38,0,0,0,38
12/10/2021,EAU,WI,AGL,CE,Federal Contract Tower,0,1,9,0,10,0,0,1,0,1,0,1,10,0,11,0,0,0,11
12/11/2021,EAU,WI,AGL,CE,Federal Contract Tower,0,2,3,0,5,0,4,9,0,13,0,6,12,0,18,8,0,8,26
12/12/2021,EAU,WI,AGL,CE,Federal Contract Tower,2,3,8,0,13,0,3,14,1,18,2,6,22,1,31,2,4,6,37
12/13/2021,EAU,WI,AGL,CE,Federal Contract Tower,0,3,21,0,24,0,2,21,6,29,0,5,42,6,53,46,0,46,99
12/14/2021,EAU,WI,AGL,CE,Federal Contract Tower,0,9,20,0,29,0,5,9,4,18,0,14,29,4,47,2,0,2,49
12/15/2021,EAU,WI,AGL,CE,Federal Contract Tower,0,3,11,0,14,0,2,8,0,10,0,5,19,0,24,4,0,4,28
12/16/2021,EAU,WI,AGL,CE,Federal Contract Tower,2,3,15,0,20,0,4,0,0,4,2,7,15,0,24,0,0,0,24
12/17/2021,EAU,WI,AGL,CE,Federal Contract Tower,0,6,23,0,29,0,6,27,0,33,0,12,50,0,62,2,0,2,64
12/18/2021,EAU,WI,AGL,CE,Federal Contract Tower,0,3,11,0,14,0,6,22,0,28,0,9,33,0,42,4,0,4,46
12/19/2021,EAU,WI,AGL,CE,Federal Contract Tower,0,3,2,0,5,0,1,4,0,5,0,4,6,0,10,0,0,0,10
12/20/2021,EAU,WI,AGL,CE,Federal Contract Tower,0,4,12,0,16,0,2,16,0,18,0,6,28,0,34,8,0,8,42
12/21/2021,EAU,WI,AGL,CE,Federal Contract Tower,0,3,22,0,25,0,4,5,0,9,0,7,27,0,34,0,0,0,34
12/22/2021,EAU,WI,AGL,CE,Federal Contract Tower,0,6,14,0,20,0,3,23,3,29,0,9,37,3,49,0,2,2,51
12/23/2021,EAU,WI,AGL,CE,Federal Contract Tower,0,3,14,0,17,0,3,16,0,19,0,6,30,0,36,4,0,4,40
12/24/2021,EAU,WI,AGL,CE,Federal Contract Tower,0,5,0,0,5,0,0,0,0,0,0,5,0,0,5,0,0,0,5
12/25/2021,EAU,WI,AGL,CE,Federal Contract Tower,0,0,1,0,1,0,6,4,0,10,0,6,5,0,11,0,0,0,11
12/26/2021,EAU,WI,AGL,CE,Federal Contract Tower,0,3,16,0,19,0,3,9,0,12,0,6,25,0,31,0,0,0,31
12/27/2021,EAU,WI,AGL,CE,Federal Contract Tower,0,3,5,0,8,0,4,0,0,4,0,7,5,0,12,0,0,0,12
12/28/2021,EAU,WI,AGL,CE,Federal Contract Tower,0,3,6,0,9,0,2,0,0,2,0,5,6,0,11,0,0,0,11
12/29/2021,EAU,WI,AGL,CE,Federal Contract Tower,0,3,7,0,10,0,10,11,0,21,0,13,18,0,31,26,2,28,59
12/30/2021,EAU,WI,AGL,CE,Federal Contract Tower,0,4,9,0,13,0,0,2,0,2,0,4,11,0,15,2,0,2,17
12/31/2021,EAU,WI,AGL,CE,Federal Contract Tower,0,4,3,0,7,0,0,4,0,4,0,4,7,0,11,4,0,4,15
01/01/2022,EAU,WI,AGL,CE,Federal Contract Tower,0,2,1,0,3,0,0,1,0,1,0,2,2,0,4,0,0,0,4
01/02/2022,EAU,WI,AGL,CE,Federal Contract Tower,0,2,16,0,18,0,0,8,0,8,0,2,24,0,26,2,0,2,28
01/03/2022,EAU,WI,AGL,CE,Federal Contract Tower,0,2,12,0,14,0,2,25,3,30,0,4,37,3,44,54,0,54,98
01/04/2022,EAU,WI,AGL,CE,Federal Contract Tower,0,3,17,0,20,0,2,29,0,31,0,5,46,0,51,28,0,28,79
01/05/2022,EAU,WI,AGL,CE,Federal Contract Tower,0,3,9,0,12,0,0,0,0,0,0,3,9,0,12,0,0,0,12
01/06/2022,EAU,WI,AGL,CE,Federal Contract Tower,0,5,14,0,19,0,5,5,0,10,0,10,19,0,29,0,0,0,29
01/07/2022,EAU,WI,AGL,CE,Federal Contract Tower,0,5,9,0,14,0,2,12,0,14,0,7,21,0,28,28,0,28,56
01/08/2022,EAU,WI,AGL,CE,Federal Contract Tower,0,3,6,0,9,0,4,9,0,13,0,7,15,0,22,4,0,4,26
01/09/2022,EAU,WI,AGL,CE,Federal Contract Tower,0,3,5,0,8,0,0,17,0,17,0,3,22,0,25,2,0,2,27
01/10/2022,EAU,WI,AGL,CE,Federal Contract Tower,0,3,11,0,14,0,1,12,0,13,0,4,23,0,27,12,0,12,39
01/11/2022,EAU,WI,AGL,CE,Federal Contract Tower,0,3,15,0,18,0,6,11,0,17,0,9,26,0,35,10,0,10,45
01/12/2022,EAU,WI,AGL,CE,Federal Contract Tower,0,3,14,0,17,0,2,15,0,17,0,5,29,0,34,10,0,10,44
01/13/2022,EAU,WI,AGL,CE,Federal Contract Tower,0,5,11,2,18,0,5,9,0,14,0,10,20,2,32,28,0,28,60
01/14/2022,EAU,WI,AGL,CE,Federal Contract Tower,0,3,11,0,14,0,0,4,0,4,0,3,15,0,18,0,0,0,18
01/15/2022,EAU,WI,AGL,CE,Federal Contract Tower,0,3,7,0,10,0,4,41,0,45,0,7,48,0,55,10,0,10,65
01/16/2022,EAU,WI,AGL,CE,Federal Contract Tower,0,2,2,0,4,0,7,4,0,11,0,9,6,0,15,0,0,0,15
01/17/2022,EAU,WI,AGL,CE,Federal Contract Tower,0,3,9,2,14,0,0,17,3,20,0,3,26,5,34,38,0,38,72
01/18/2022,EAU,WI,AGL,CE,Federal Contract Tower,0,3,13,0,16,0,3,11,2,16,0,6,24,2,32,18,0,18,50
01/19/2022,EAU,WI,AGL,CE,Federal Contract Tower,0,3,15,0,18,0,5,12,0,17,0,8,27,0,35,8,0,8,43
01/20/2022,EAU,WI,AGL,CE,Federal Contract Tower,0,3,8,0,11,0,5,12,0,17,0,8,20,0,28,10,0,10,38
01/21/2022,EAU,WI,AGL,CE,Federal Contract Tower,0,3,5,4,12,0,4,2,1,7,0,7,7,5,19,0,0,0,19
01/22/2022,EAU,WI,AGL,CE,Federal Contract Tower,0,5,4,0,9,0,6,8,5,19,0,11,12,5,28,0,0,0,28
01/23/2022,EAU,WI,AGL,CE,Federal Contract Tower,0,3,9,0,12,0,3,9,0,12,0,6,18,0,24,0,0,0,24
01/24/2022,EAU,WI,AGL,CE,Federal Contract Tower,0,3,11,0,14,0,12,14,0,26,0,15,25,0,40,2,0,2,42
01/25/2022,EAU,WI,AGL,CE,Federal Contract Tower,0,4,8,0,12,0,5,2,0,7,0,9,10,0,19,0,0,0,19
01/26/2022,EAU,WI,AGL,CE,Federal Contract Tower,0,3,13,0,16,0,2,5,0,7,0,5,18,0,23,8,0,8,31
01/27/2022,EAU,WI,AGL,CE,Federal Contract Tower,0,4,18,0,22,0,2,6,0,8,0,6,24,0,30,12,0,12,42
01/28/2022,EAU,WI,AGL,CE,Federal Contract Tower,0,3,13,2,18,0,2,22,1,25,0,5,35,3,43,4,0,4,47
01/29/2022,EAU,WI,AGL,CE,Federal Contract Tower,0,3,7,0,10,0,4,69,0,73,0,7,76,0,83,4,0,4,87
01/30/2022,EAU,WI,AGL,CE,Federal Contract Tower,0,3,10,0,13,0,0,13,0,13,0,3,23,0,26,2,0,2,28
01/31/2022,EAU,WI,AGL,CE,Federal Contract Tower,2,8,17,2,29,0,8,24,2,34,2,16,41,4,63,16,0,16,79
02/01/2022,EAU,WI,AGL,CE,Federal Contract Tower,0,3,12,0,15,0,5,3,0,8,0,8,15,0,23,0,0,0,23
02/02/2022,EAU,WI,AGL,CE,Federal Contract Tower,0,1,17,0,18,0,3,25,0,28,0,4,42,0,46,24,0,24,70
02/03/2022,EAU,WI,AGL,CE,Federal Contract Tower,0,3,8,3,14,0,3,6,1,10,0,6,14,4,24,6,0,6,30
02/04/2022,EAU,WI,AGL,CE,Federal Contract Tower,2,3,10,0,15,0,2,22,2,26,2,5,32,2,41,12,0,12,53
02/05/2022,EAU,WI,AGL,CE,Federal Contract Tower,0,5,4,0,9,0,2,15,0,17,0,7,19,0,26,14,0,14,40
02/06/2022,EAU,WI,AGL,CE,Federal Contract Tower,0,3,6,0,9,0,0,0,0,0,0,3,6,0,9,0,0,0,9
02/07/2022,EAU,WI,AGL,CE,Federal Contract Tower,0,3,15,1,19,0,0,19,3,22,0,3,34,4,41,8,0,8,49
02/08/2022,EAU,WI,AGL,CE,Federal Contract Tower,0,3,17,0,20,0,6,29,2,37,0,9,46,2,57,2,0,2,59
02/09/2022,EAU,WI,AGL,CE,Federal Contract Tower,0,3,8,0,11,0,12,7,0,19,0,15,15,0,30,0,0,0,30
02/10/2022,EAU,WI,AGL,CE,Federal Contract Tower,0,3,13,2,18,0,2,9,0,11,0,5,22,2,29,26,0,26,55
02/11/2022,EAU,WI,AGL,CE,Federal Contract Tower,0,5,9,0,14,0,2,0,0,2,0,7,9,0,16,0,0,0,16
02/12/2022,EAU,WI,AGL,CE,Federal Contract Tower,0,6,10,0,16,0,0,20,0,20,0,6,30,0,36,8,0,8,44
02/13/2022,EAU,WI,AGL,CE,Federal Contract Tower,0,4,9,0,13,0,0,14,2,16,0,4,23,2,29,0,0,0,29
02/14/2022,EAU,WI,AGL,CE,Federal Contract Tower,0,3,22,0,25,0,4,22,2,28,0,7,44,2,53,2,0,2,55
02/15/2022,EAU,WI,AGL,CE,Federal Contract Tower,4,3,8,0,15,0,2,13,2,17,4,5,21,2,32,0,2,2,34
02/16/2022,EAU,WI,AGL,CE,Federal Contract Tower,0,3,11,0,14,0,4,9,0,13,0,7,20,0,27,0,0,0,27
02/17/2022,EAU,WI,AGL,CE,Federal Contract Tower,0,2,14,2,18,0,6,18,2,26,0,8,32,4,44,6,0,6,50
02/18/2022,EAU,WI,AGL,CE,Federal Contract Tower,0,3,10,0,13,0,4,1,0,5,0,7,11,0,18,0,0,0,18
02/19/2022,EAU,WI,AGL,CE,Federal Contract Tower,2,6,7,0,15,0,3,20,4,27,2,9,27,4,42,4,0,4,46
02/20/2022,EAU,WI,AGL,CE,Federal Contract Tower,0,5,5,2,12,0,4,27,1,32,0,9,32,3,44,8,0,8,52
02/21/2022,EAU,WI,AGL,CE,Federal Contract Tower,0,3,11,0,14,0,0,0,0,0,0,3,11,0,14,0,0,0,14
02/22/2022,EAU,WI,AGL,CE,Federal Contract Tower,0,1,8,0,9,0,0,0,0,0,0,1,8,0,9,0,0,0,9
02/23/2022,EAU,WI,AGL,CE,Federal Contract Tower,0,7,13,0,20,0,1,24,5,30,0,8,37,5,50,16,0,16,66
02/24/2022,EAU,WI,AGL,CE,Federal Contract Tower,0,3,12,0,15,0,0,5,0,5,0,3,17,0,20,2,0,2,22
02/25/2022,EAU,WI,AGL,CE,Federal Contract Tower,0,3,12,0,15,0,2,23,0,25,0,5,35,0,40,2,0,2,42
02/26/2022,EAU,WI,AGL,CE,Federal Contract Tower,0,4,11,0,15,0,0,20,5,25,0,4,31,5,40,6,0,6,46
02/27/2022,EAU,WI,AGL,CE,Federal Contract Tower,0,5,8,0,13,0,5,33,2,40,0,10,41,2,53,22,0,22,75
02/28/2022,EAU,WI,AGL,CE,Federal Contract Tower,0,3,17,0,20,0,0,31,0,31,0,3,48,0,51,28,0,28,79
03/01/2022,EAU,WI,AGL,CE,Federal Contract Tower,0,3,18,0,21,0,2,37,0,39,0,5,55,0,60,20,0,20,80
03/02/2022,EAU,WI,AGL,CE,Federal Contract Tower,0,6,11,0,17,0,3,8,0,11,0,9,19,0,28,34,0,34,62
03/03/2022,EAU,WI,AGL,CE,Federal Contract Tower,0,6,23,0,29,0,2,37,0,39,0,8,60,0,68,14,0,14,82
03/04/2022,EAU,WI,AGL,CE,Federal Contract Tower,0,4,19,0,23,0,2,23,0,25,0,6,42,0,48,2,0,2,50
03/05/2022,EAU,WI,AGL,CE,Federal Contract Tower,0,3,2,0,5,0,0,0,0,0,0,3,2,0,5,0,0,0,5
03/06/2022,EAU,WI,AGL,CE,Federal Contract Tower,0,3,8,0,11,0,0,1,0,1,0,3,9,0,12,0,0,0,12
03/07/2022,EAU,WI,AGL,CE,Federal Contract Tower,0,2,19,0,21,0,2,17,0,19,0,4,36,0,40,2,2,4,44
03/08/2022,EAU,WI,AGL,CE,Federal Contract Tower,0,2,11,0,13,0,3,13,5,21,0,5,24,5,34,10,2,12,46
03/09/2022,EAU,WI,AGL,CE,Federal Contract Tower,0,3,17,2,22,0,1,3,0,4,0,4,20,2,26,0,0,0,26
03/10/2022,EAU,WI,AGL,CE,Federal Contract Tower,0,3,28,0,31,0,4,9,0,13,0,7,37,0,44,6,0,6,50
03/11/2022,EAU,WI,AGL,CE,Federal Contract Tower,0,3,12,0,15,0,3,2,0,5,0,6,14,0,20,0,0,0,20
03/12/2022,EAU,WI,AGL,CE,Federal Contract Tower,0,3,17,0,20,0,3,21,0,24,0,6,38,0,44,6,0,6,50
03/13/2022,EAU,WI,AGL,CE,Federal Contract Tower,0,7,3,0,10,0,0,36,0,36,0,7,39,0,46,16,0,16,62
03/14/2022,EAU,WI,AGL,CE,Federal Contract Tower,0,5,5,0,10,0,0,0,0,0,0,5,5,0,10,0,0,0,10
03/15/2022,EAU,WI,AGL,CE,Federal Contract Tower,0,1,15,0,16,0,5,26,2,33,0,6,41,2,49,0,0,0,49
03/16/2022,EAU,WI,AGL,CE,Federal Contract Tower,0,3,19,0,22,0,3,41,0,44,0,6,60,0,66,12,0,12,78
03/17/2022,EAU,WI,AGL,CE,Federal Contract Tower,2,5,15,0,22,0,0,16,0,16,2,5,31,0,38,8,0,8,46
03/18/2022,EAU,WI,AGL,CE,Federal Contract Tower,0,3,22,0,25,0,0,25,0,25,0,3,47,0,50,8,0,8,58
03/19/2022,EAU,WI,AGL,CE,Federal Contract Tower,0,1,9,0,10,0,0,0,0,0,0,1,9,0,10,28,0,28,38
03/20/2022,EAU,WI,AGL,CE,Federal Contract Tower,2,3,8,0,13,0,0,65,3,68,2,3,73,3,81,12,0,12,93
03/21/2022,EAU,WI,AGL,CE,Federal Contract Tower,0,3,10,0,13,0,4,14,0,18,0,7,24,0,31,10,0,10,41
03/22/2022,EAU,WI,AGL,CE,Federal Contract Tower,0,1,10,0,11,0,0,0,0,0,0,1,10,0,11,0,0,0,11
03/23/2022,EAU,WI,AGL,CE,Federal Contract Tower,0,3,7,0,10,0,0,0,0,0,0,3,7,0,10,0,0,0,10
03/24/2022,EAU,WI,AGL,CE,Federal Contract Tower,0,3,10,0,13,0,4,1,0,5,0,7,11,0,18,0,0,0,18
03/25/2022,EAU,WI,AGL,CE,Federal Contract Tower,0,3,10,0,13,0,0,0,0,0,0,3,10,0,13,0,0,0,13
03/26/2022,EAU,WI,AGL,CE,Federal Contract Tower,0,1,11,0,12,0,0,5,0,5,0,1,16,0,17,4,0,4,21
03/27/2022,EAU,WI,AGL,CE,Federal Contract Tower,0,2,9,0,11,0,2,42,0,44,0,4,51,0,55,16,0,16,71
03/28/2022,EAU,WI,AGL,CE,Federal Contract Tower,0,2,14,1,17,0,2,37,2,41,0,4,51,3,58,34,0,34,92
03/29/2022,EAU,WI,AGL,CE,Federal Contract Tower,0,0,13,0,13,0,0,8,2,10,0,0,21,2,23,0,0,0,23
03/30/2022,EAU,WI,AGL,CE,Federal Contract Tower,0,4,12,0,16,0,0,0,0,0,0,4,12,0,16,0,0,0,16
03/31/2022,EAU,WI,AGL,CE,Federal Contract Tower,0,3,7,0,10,0,4,1,0,5,0,7,8,0,15,0,0,0,15
04/01/2022,EAU,WI,AGL,CE,Federal Contract Tower,0,2,20,0,22,0,0,42,3,45,0,2,62,3,67,6,2,8,75
04/02/2022,EAU,WI,AGL,CE,Federal Contract Tower,0,2,5,0,7,0,2,17,0,19,0,4,22,0,26,0,0,0,26
04/03/2022,EAU,WI,AGL,CE,Federal Contract Tower,0,1,15,0,16,0,2,33,0,35,0,3,48,0,51,38,0,38,89
04/04/2022,EAU,WI,AGL,CE,Federal Contract Tower,0,2,12,0,14,0,0,4,0,4,0,2,16,0,18,4,0,4,22
04/05/2022,EAU,WI,AGL,CE,Federal Contract Tower,0,0,13,2,15,0,6,3,0,9,0,6,16,2,24,0,0,0,24
04/06/2022,EAU,WI,AGL,CE,Federal Contract Tower,0,4,12,0,16,0,1,1,0,2,0,5,13,0,18,0,0,0,18
04/07/2022,EAU,WI,AGL,CE,Federal Contract Tower,0,2,10,0,12,0,0,4,0,4,0,2,14,0,16,4,0,4,20
04/08/2022,EAU,WI,AGL,CE,Federal Contract Tower,0,2,12,0,14,0,0,14,0,14,0,2,26,0,28,4,0,4,32
04/09/2022,EAU,WI,AGL,CE,Federal Contract Tower,0,2,11,0,13,0,4,78,0,82,0,6,89,0,95,14,0,14,109
04/10/2022,EAU,WI,AGL,CE,Federal Contract Tower,0,2,5,0,7,0,2,15,0,17,0,4,20,0,24,4,0,4,28
04/11/2022,EAU,WI,AGL,CE,Federal Contract Tower,0,2,17,1,20,0,0,12,5,17,0,2,29,6,37,10,4,14,51
04/12/2022,EAU,WI,AGL,CE,Federal Contract Tower,0,0,19,0,19,0,2,9,0,11,0,2,28,0,30,8,0,8,38
04/13/2022,EAU,WI,AGL,CE,Federal Contract Tower,0,8,25,0,33,0,1,1,0,2,0,9,26,0,35,0,0,0,35
04/14/2022,EAU,WI,AGL,CE,Federal Contract Tower,0,2,16,0,18,0,0,0,0,0,0,2,16,0,18,0,0,0,18
04/15/2022,EAU,WI,AGL,CE,Federal Contract Tower,0,2,7,0,9,0,0,3,0,3,0,2,10,0,12,0,0,0,12
04/16/2022,EAU,WI,AGL,CE,Federal Contract Tower,0,1,14,0,15,0,3,13,0,16,0,4,27,0,31,18,0,18,49
04/17/2022,EAU,WI,AGL,CE,Federal Contract Tower,0,3,9,0,12,0,4,17,0,21,0,7,26,0,33,0,0,0,33
04/18/2022,EAU,WI,AGL,CE,Federal Contract Tower,0,4,8,0,12,0,0,0,0,0,0,4,8,0,12,0,0,0,12
04/19/2022,EAU,WI,AGL,CE,Federal Contract Tower,0,1,22,2,25,0,0,0,0,0,0,1,22,2,25,0,0,0,25
04/20/2022,EAU,WI,AGL,CE,Federal Contract Tower,0,3,15,0,18,0,0,4,0,4,0,3,19,0,22,8,0,8,30
04/21/2022,EAU,WI,AGL,CE,Federal Contract Tower,0,2,31,0,33,0,3,34,2,39,0,5,65,2,72,0,0,0,72
04/22/2022,EAU,WI,AGL,CE,Federal Contract Tower,2,2,15,0,19,0,2,0,0,2,2,4,15,0,21,0,0,0,21
04/23/2022,EAU,WI,AGL,CE,Federal Contract Tower,0,2,7,0,9,0,4,6,0,10,0,6,13,0,19,0,0,0,19
04/24/2022,EAU,WI,AGL,CE,Federal Contract Tower,0,5,11,0,16,0,2,3,0,5,0,7,14,0,21,0,0,0,21
04/25/2022,EAU,WI,AGL,CE,Federal Contract Tower,2,2,14,0,18,0,3,8,0,11,2,5,22,0,29,10,0,10,39
04/26/2022,EAU,WI,AGL,CE,Federal Contract Tower,0,0,14,0,14,0,4,28,0,32,0,4,42,0,46,0,0,0,46
04/27/2022,EAU,WI,AGL,CE,Federal Contract Tower,0,2,13,0,15,0,2,36,6,44,0,4,49,6,59,2,0,2,61
04/28/2022,EAU,WI,AGL,CE,Federal Contract Tower,0,3,17,0,20,0,2,23,0,25,0,5,40,0,45,0,0,0,45
04/29/2022,EAU,WI,AGL,CE,Federal Contract Tower,0,2,23,2,27,0,2,24,0,26,0,4,47,2,53,2,0,2,55
04/30/2022,EAU,WI,AGL,CE,Federal Contract Tower,0,1,5,0,6,0,1,0,0,1,0,2,5,0,7,0,0,0,7
05/01/2022,EAU,WI,AGL,CE,Federal Contract Tower,0,3,14,0,17,0,0,0,0,0,0,3,14,0,17,0,0,0,17
05/02/2022,EAU,WI,AGL,CE,Federal Contract Tower,0,3,13,0,16,0,4,9,0,13,0,7,22,0,29,2,0,2,31
05/03/2022,EAU,WI,AGL,CE,Federal Contract Tower,0,1,19,0,20,0,1,19,0,20,0,2,38,0,40,24,0,24,64
05/04/2022,EAU,WI,AGL,CE,Federal Contract Tower,0,8,21,4,33,0,5,74,0,79,0,13,95,4,112,28,0,28,140
05/05/2022,EAU,WI,AGL,CE,Federal Contract Tower,0,7,12,3,22,0,5,49,3,57,0,12,61,6,79,14,0,14,93
05/06/2022,EAU,WI,AGL,CE,Federal Contract Tower,0,8,20,0,28,0,3,43,0,46,0,11,63,0,74,28,0,28,102
05/07/2022,EAU,WI,AGL,CE,Federal Contract Tower,0,1,14,0,15,0,2,115,0,117,0,3,129,0,132,8,0,8,140
05/08/2022,EAU,WI,AGL,CE,Federal Contract Tower,0,4,6,0,10,0,4,6,0,10,0,8,12,0,20,0,0,0,20
05/09/2022,EAU,WI,AGL,CE,Federal Contract Tower,0,6,12,0,18,0,9,9,0,18,0,15,21,0,36,0,0,0,36
05/10/2022,EAU,WI,AGL,CE,Federal Contract Tower,0,3,24,0,27,0,3,41,0,44,0,6,65,0,71,16,0,16,87
05/11/2022,EAU,WI,AGL,CE,Federal Contract Tower,0,4,20,0,24,0,3,6,3,12,0,7,26,3,36,18,6,24,60
05/12/2022,EAU,WI,AGL,CE,Federal Contract Tower,0,3,26,0,29,0,5,19,2,26,0,8,45,2,55,6,0,6,61
05/13/2022,EAU,WI,AGL,CE,Federal Contract Tower,0,3,22,2,27,0,3,45,0,48,0,6,67,2,75,8,2,10,85
05/14/2022,EAU,WI,AGL,CE,Federal Contract Tower,0,1,7,0,8,0,5,48,0,53,0,6,55,0,61,26,0,26,87
05/15/2022,EAU,WI,AGL,CE,Federal Contract Tower,0,3,14,1,18,0,5,55,0,60,0,8,69,1,78,8,0,8,86
05/16/2022,EAU,WI,AGL,CE,Federal Contract Tower,0,3,25,0,28,0,0,40,0,40,0,3,65,0,68,16,0,16,84
05/17/2022,EAU,WI,AGL,CE,Federal Contract Tower,0,12,21,0,33,0,2,49,2,53,0,14,70,2,86,34,0,34,120
05/18/2022,EAU,WI,AGL,CE,Federal Contract Tower,0,10,20,3,33,0,3,25,0,28,0,13,45,3,61,26,0,26,87
05/19/2022,EAU,WI,AGL,CE,Federal Contract Tower,0,4,20,0,24,0,2,19,0,21,0,6,39,0,45,14,0,14,59
05/20/2022,EAU,WI,AGL,CE,Federal Contract Tower,0,3,20,0,23,0,0,28,1,29,0,3,48,1,52,14,0,14,66
05/21/2022,EAU,WI,AGL,CE,Federal Contract Tower,0,2,6,0,8,0,4,28,1,33,0,6,34,1,41,34,0,34,75
05/22/2022,EAU,WI,AGL,CE,Federal Contract Tower,0,3,13,0,16,0,6,23,0,29,0,9,36,0,45,8,0,8,53
05/23/2022,EAU,WI,AGL,CE,Federal Contract Tower,0,5,15,0,20,0,2,51,2,55,0,7,66,2,75,24,0,24,99
05/24/2022,EAU,WI,AGL,CE,Federal Contract Tower,0,1,8,2,11,0,6,40,0,46,0,7,48,2,57,14,0,14,71
05/25/2022,EAU,WI,AGL,CE,Federal Contract Tower,0,10,14,0,24,0,0,1,0,1,0,10,15,0,25,0,0,0,25
05/26/2022,EAU,WI,AGL,CE,Federal Contract Tower,0,6,21,0,27,0,2,1,0,3,0,8,22,0,30,0,0,0,30
05/27/2022,EAU,WI,AGL,CE,Federal Contract Tower,0,3,13,0,16,0,0,56,2,58,0,3,69,2,74,26,0,26,100
05/28/2022,EAU,WI,AGL,CE,Federal Contract Tower,0,1,2,0,3,0,3,12,0,15,0,4,14,0,18,10,0,10,28
05/29/2022,EAU,WI,AGL,CE,Federal Contract Tower,0,3,4,0,7,0,1,2,0,3,0,4,6,0,10,0,0,0,10
05/30/2022,EAU,WI,AGL,CE,Federal Contract Tower,2,5,5,0,12,0,2,15,0,17,2,7,20,0,29,12,0,12,41
05/31/2022,EAU,WI,AGL,CE,Federal Contract Tower,0,1,12,0,13,0,5,7,1,13,0,6,19,1,26,0,2,2,28
06/01/2022,EAU,WI,AGL,CE,Federal Contract Tower,0,5,26,9,40,0,6,47,4,57,0,11,73,13,97,34,0,34,131
06/02/2022,EAU,WI,AGL,CE,Federal Contract Tower,0,4,10,3,17,0,5,31,2,38,0,9,41,5,55,14,2,16,71
06/03/2022,EAU,WI,AGL,CE,Federal Contract Tower,0,9,7,0,16,0,2,24,0,26,0,11,31,0,42,6,0,6,48
06/04/2022,EAU,WI,AGL,CE,Federal Contract Tower,0,2,11,0,13,0,1,57,0,58,0,3,68,0,71,4,0,4,75
06/05/2022,EAU,WI,AGL,CE,Federal Contract Tower,0,3,4,1,8,0,1,24,0,25,0,4,28,1,33,24,0,24,57
06/06/2022,EAU,WI,AGL,CE,Federal Contract Tower,0,4,13,9,26,0,0,26,0,26,0,4,39,9,52,38,0,38,90
06/07/2022,EAU,WI,AGL,CE,Federal Contract Tower,0,1,12,0,13,0,1,35,0,36,0,2,47,0,49,36,0,36,85
06/08/2022,EAU,WI,AGL,CE,Federal Contract Tower,0,7,21,3,31,0,0,25,2,27,0,7,46,5,58,16,0,16,74
06/09/2022,EAU,WI,AGL,CE,Federal Contract Tower,0,3,10,1,14,0,2,44,3,49,0,5,54,4,63,8,0,8,71
06/10/2022,EAU,WI,AGL,CE,Federal Contract Tower,0,3,17,0,20,0,0,26,2,28,0,3,43,2,48,2,0,2,50
06/11/2022,EAU,WI,AGL,CE,Federal Contract Tower,0,1,11,1,13,0,0,5,0,5,0,1,16,1,18,0,0,0,18
06/12/2022,EAU,WI,AGL,CE,Federal Contract Tower,0,4,6,0,10,0,0,19,0,19,0,4,25,0,29,2,0,2,31
06/13/2022,EAU,WI,AGL,CE,Federal Contract Tower,0,6,6,0,12,0,1,9,0,10,0,7,15,0,22,0,0,0,22
06/14/2022,EAU,WI,AGL,CE,Federal Contract Tower,0,0,11,0,11,0,0,14,0,14,0,0,25,0,25,2,0,2,27
06/15/2022,EAU,WI,AGL,CE,Federal Contract Tower,0,5,12,0,17,0,2,2,0,4,0,7,14,0,21,6,0,6,27
06/16/2022,EAU,WI,AGL,CE,Federal Contract Tower,0,5,16,0,21,0,0,9,0,9,0,5,25,0,30,0,0,0,30
06/17/2022,EAU,WI,AGL,CE,Federal Contract Tower,0,3,16,0,19,0,2,38,0,40,0,5,54,0,59,16,0,16,75
06/18/2022,EAU,WI,AGL,CE,Federal Contract Tower,0,1,5,0,6,0,3,46,0,49,0,4,51,0,55,20,0,20,75
06/19/2022,EAU,WI,AGL,CE,Federal Contract Tower,0,3,4,0,7,0,2,18,2,22,0,5,22,2,29,4,0,4,33
06/20/2022,EAU,WI,AGL,CE,Federal Contract Tower,0,4,16,0,20,0,4,27,2,33,0,8,43,2,53,4,0,4,57
06/21/2022,EAU,WI,AGL,CE,Federal Contract Tower,0,4,13,0,17,0,4,10,0,14,0,8,23,0,31,2,0,2,33
06/22/2022,EAU,WI,AGL,CE,Federal Contract Tower,0,14,18,0,32,0,4,40,3,47,0,18,58,3,79,6,0,6,85
06/23/2022,EAU,WI,AGL,CE,Federal Contract Tower,0,3,11,0,14,0,1,33,0,34,0,4,44,0,48,44,0,44,92
06/24/2022,EAU,WI,AGL,CE,Federal Contract Tower,0,5,14,0,19,0,0,34,3,37,0,5,48,3,56,16,0,16,72
06/25/2022,EAU,WI,AGL,CE,Federal Contract Tower,0,3,6,0,9,0,2,6,0,8,0,5,12,0,17,0,0,0,17
06/26/2022,EAU,WI,AGL,CE,Federal Contract Tower,0,5,4,0,9,0,2,17,1,20,0,7,21,1,29,14,0,14,43
06/27/2022,EAU,WI,AGL,CE,Federal Contract Tower,0,5,12,0,17,0,4,63,0,67,0,9,75,0,84,58,0,58,142
06/28/2022,EAU,WI,AGL,CE,Federal Contract Tower,0,1,8,0,9,0,0,17,0,17,0,1,25,0,26,6,0,6,32
06/29/2022,EAU,WI,AGL,CE,Federal Contract Tower,0,3,19,0,22,0,0,53,3,56,0,3,72,3,78,34,0,34,112
06/30/2022,EAU,WI,AGL,CE,Federal Contract Tower,0,4,15,0,19,0,0,29,4,33,0,4,44,4,52,18,0,18,70
07/01/2022,EAU,WI,AGL,CE,Federal Contract Tower,0,4,11,0,15,0,6,37,0,43,0,10,48,0,58,22,0,22,80
07/02/2022,EAU,WI,AGL,CE,Federal Contract Tower,0,3,12,0,15,0,0,43,2,45,0,3,55,2,60,14,0,14,74
07/03/2022,EAU,WI,AGL,CE,Federal Contract Tower,0,3,3,0,6,0,0,22,2,24,0,3,25,2,30,0,0,0,30
07/04/2022,EAU,WI,AGL,CE,Federal Contract Tower,0,6,4,0,10,0,0,1,0,1,0,6,5,0,11,0,0,0,11
07/05/2022,EAU,WI,AGL,CE,Federal Contract Tower,0,1,12,0,13,0,0,37,3,40,0,1,49,3,53,32,0,32,85
07/06/2022,EAU,WI,AGL,CE,Federal Contract Tower,0,4,24,2,30,0,1,29,2,32,0,5,53,4,62,4,0,4,66
07/07/2022,EAU,WI,AGL,CE,Federal Contract Tower,0,5,22,0,27,0,6,27,0,33,0,11,49,0,60,24,0,24,84
07/08/2022,EAU,WI,AGL,CE,Federal Contract Tower,0,5,17,0,22,0,2,23,1,26,0,7,40,1,48,12,0,12,60
07/09/2022,EAU,WI,AGL,CE,Federal Contract Tower,0,1,7,0,8,0,4,48,7,59,0,5,55,7,67,30,10,40,107
07/10/2022,EAU,WI,AGL,CE,Federal Contract Tower,0,3,12,1,16,0,5,20,3,28,0,8,32,4,44,2,0,2,46
07/11/2022,EAU,WI,AGL,CE,Federal Contract Tower,0,3,19,0,22,0,1,35,4,40,0,4,54,4,62,0,0,0,62
07/12/2022,EAU,WI,AGL,CE,Federal Contract Tower,0,1,18,0,19,0,0,37,0,37,0,1,55,0,56,2,0,2,58
07/13/2022,EAU,WI,AGL,CE,Federal Contract Tower,0,3,24,1,28,0,3,22,1,26,0,6,46,2,54,8,0,8,62
07/14/2022,EAU,WI,AGL,CE,Federal Contract Tower,0,2,13,0,15,0,2,33,6,41,0,4,46,6,56,26,0,26,82
07/15/2022,EAU,WI,AGL,CE,Federal Contract Tower,0,1,22,0,23,0,4,19,0,23,0,5,41,0,46,2,0,2,48
07/16/2022,EAU,WI,AGL,CE,Federal Contract Tower,0,1,9,0,10,0,3,16,0,19,0,4,25,0,29,0,0,0,29
07/17/2022,EAU,WI,AGL,CE,Federal Contract Tower,0,2,4,0,6,0,4,22,0,26,0,6,26,0,32,48,0,48,80
07/18/2022,EAU,WI,AGL,CE,Federal Contract Tower,0,3,28,0,31,0,6,34,1,41,0,9,62,1,72,4,0,4,76
07/19/2022,EAU,WI,AGL,CE,Federal Contract Tower,0,5,17,0,22,0,4,19,0,23,0,9,36,0,45,8,0,8,53
07/20/2022,EAU,WI,AGL,CE,Federal Contract Tower,0,5,20,0,25,0,6,14,0,20,0,11,34,0,45,10,0,10,55
07/21/2022,EAU,WI,AGL,CE,Federal Contract Tower,0,1,22,3,26,0,4,38,0,42,0,5,60,3,68,34,0,34,102
07/22/2022,EAU,WI,AGL,CE,Federal Contract Tower,0,5,18,0,23,0,3,38,2,43,0,8,56,2,66,28,0,28,94
07/23/2022,EAU,WI,AGL,CE,Federal Contract Tower,0,3,10,0,13,0,2,8,0,10,0,5,18,0,23,8,0,8,31
07/24/2022,EAU,WI,AGL,CE,Federal Contract Tower,0,1,12,0,13,0,4,33,2,39,0,5,45,2,52,4,0,4,56
07/25/2022,EAU,WI,AGL,CE,Federal Contract Tower,0,5,14,0,19,0,5,46,2,53,0,10,60,2,72,18,0,18,90
07/26/2022,EAU,WI,AGL,CE,Federal Contract Tower,0,3,16,4,23,0,2,26,0,28,0,5,42,4,51,48,0,48,99
07/27/2022,EAU,WI,AGL,CE,Federal Contract Tower,0,2,19,8,29,0,0,36,0,36,0,2,55,8,65,8,0,8,73
07/28/2022,EAU,WI,AGL,CE,Federal Contract Tower,0,5,26,1,32,0,3,23,2,28,0,8,49,3,60,4,0,4,64
07/29/2022,EAU,WI,AGL,CE,Federal Contract Tower,0,2,21,0,23,0,6,65,0,71,0,8,86,0,94,36,0,36,130
07/30/2022,EAU,WI,AGL,CE,Federal Contract Tower,0,1,11,0,12,0,10,50,0,60,0,11,61,0,72,22,0,22,94
07/31/2022,EAU,WI,AGL,CE,Federal Contract Tower,0,1,6,0,7,0,4,33,0,37,0,5,39,0,44,46,0,46,90
08/01/2022,EAU,WI,AGL,CE,Federal Contract Tower,0,1,16,1,18,0,3,32,3,38,0,4,48,4,56,26,0,26,82
08/02/2022,EAU,WI,AGL,CE,Federal Contract Tower,0,2,18,0,20,0,1,22,2,25,0,3,40,2,45,2,0,2,47
08/03/2022,EAU,WI,AGL,CE,Federal Contract Tower,0,1,16,0,17,0,2,24,1,27,0,3,40,1,44,28,0,28,72
08/04/2022,EAU,WI,AGL,CE,Federal Contract Tower,0,1,21,0,22,0,2,50,0,52,0,3,71,0,74,22,0,22,96
08/05/2022,EAU,WI,AGL,CE,Federal Contract Tower,0,4,8,0,12,0,4,32,0,36,0,8,40,0,48,20,0,20,68
08/06/2022,EAU,WI,AGL,CE,Federal Contract Tower,0,1,7,0,8,0,2,7,0,9,0,3,14,0,17,0,0,0,17
08/07/2022,EAU,WI,AGL,CE,Federal Contract Tower,0,6,5,0,11,0,1,3,0,4,0,7,8,0,15,0,0,0,15
08/08/2022,EAU,WI,AGL,CE,Federal Contract Tower,0,5,16,0,21,0,4,24,0,28,0,9,40,0,49,18,0,18,67
08/09/2022,EAU,WI,AGL,CE,Federal Contract Tower,0,4,17,0,21,0,3,43,0,46,0,7,60,0,67,50,0,50,117
08/10/2022,EAU,WI,AGL,CE,Federal Contract Tower,0,1,14,0,15,0,0,59,4,63,0,1,73,4,78,68,14,82,160
08/11/2022,EAU,WI,AGL,CE,Federal Contract Tower,0,1,8,9,18,0,2,66,2,70,0,3,74,11,88,38,0,38,126
08/12/2022,EAU,WI,AGL,CE,Federal Contract Tower,0,2,12,0,14,0,2,10,0,12,0,4,22,0,26,4,0,4,30
08/13/2022,EAU,WI,AGL,CE,Federal Contract Tower,0,2,14,0,16,0,1,4,0,5,0,3,18,0,21,0,0,0,21
08/14/2022,EAU,WI,AGL,CE,Federal Contract Tower,0,3,7,0,10,0,0,15,0,15,0,3,22,0,25,6,0,6,31
08/15/2022,EAU,WI,AGL,CE,Federal Contract Tower,0,1,13,0,14,0,0,27,0,27,0,1,40,0,41,52,2,54,95
08/16/2022,EAU,WI,AGL,CE,Federal Contract Tower,0,3,23,1,27,0,2,49,6,57,0,5,72,7,84,54,0,54,138
08/17/2022,EAU,WI,AGL,CE,Federal Contract Tower,0,5,19,0,24,0,3,39,5,47,0,8,58,5,71,42,6,48,119
08/18/2022,EAU,WI,AGL,CE,Federal Contract Tower,0,1,13,0,14,0,0,3,0,3,0,1,16,0,17,0,0,0,17
08/19/2022,EAU,WI,AGL,CE,Federal Contract Tower,0,3,18,0,21,0,2,33,0,35,0,5,51,0,56,16,0,16,72
08/20/2022,EAU,WI,AGL,CE,Federal Contract Tower,0,1,10,0,11,0,5,7,0,12,0,6,17,0,23,12,0,12,35
08/21/2022,EAU,WI,AGL,CE,Federal Contract Tower,0,4,10,0,14,0,2,64,0,66,0,6,74,0,80,28,0,28,108
08/22/2022,EAU,WI,AGL,CE,Federal Contract Tower,0,2,14,0,16,0,2,40,0,42,0,4,54,0,58,42,0,42,100
08/23/2022,EAU,WI,AGL,CE,Federal Contract Tower,0,4,17,0,21,0,6,35,0,41,0,10,52,0,62,24,0,24,86
08/24/2022,EAU,WI,AGL,CE,Federal Contract Tower,0,1,12,0,13,0,0,22,2,24,0,1,34,2,37,18,0,18,55
08/25/2022,EAU,WI,AGL,CE,Federal Contract Tower,0,6,14,0,20,0,1,15,0,16,0,7,29,0,36,40,0,40,76
08/26/2022,EAU,WI,AGL,CE,Federal Contract Tower,0,1,18,2,21,0,2,61,4,67,0,3,79,6,88,14,0,14,102
08/27/2022,EAU,WI,AGL,CE,Federal Contract Tower,0,2,9,0,11,0,3,1,0,4,0,5,10,0,15,0,0,0,15
08/28/2022,EAU,WI,AGL,CE,Federal Contract Tower,0,1,12,0,13,0,0,7,0,7,0,1,19,0,20,0,0,0,20
08/29/2022,EAU,WI,AGL,CE,Federal Contract Tower,0,2,24,0,26,0,7,41,0,48,0,9,65,0,74,42,0,42,116
08/30/2022,EAU,WI,AGL,CE,Federal Contract Tower,0,1,13,0,14,0,2,47,0,49,0,3,60,0,63,24,0,24,87
08/31/2022,EAU,WI,AGL,CE,Federal Contract Tower,0,3,25,0,28,0,3,61,0,64,0,6,86,0,92,46,0,46,138
09/01/2022,EAU,WI,AGL,CE,Federal Contract Tower,0,3,17,2,22,0,35,2,0,37,0,38,19,2,59,24,8,32,91
09/02/2022,EAU,WI,AGL,CE,Federal Contract Tower,0,1,12,0,13,0,3,29,1,33,0,4,41,1,46,16,0,16,62
09/03/2022,EAU,WI,AGL,CE,Federal Contract Tower,0,1,10,0,11,0,5,35,1,41,0,6,45,1,52,0,0,0,52
09/04/2022,EAU,WI,AGL,CE,Federal Contract Tower,0,1,10,0,11,0,2,48,0,50,0,3,58,0,61,0,0,0,61
09/05/2022,EAU,WI,AGL,CE,Federal Contract Tower,1,1,9,0,11,0,0,37,0,37,1,1,46,0,48,0,0,0,48
09/06/2022,EAU,WI,AGL,CE,Federal Contract Tower,1,2,23,2,28,0,2,12,0,14,1,4,35,2,42,0,0,0,42
09/07/2022,EAU,WI,AGL,CE,Federal Contract Tower,0,5,11,0,16,0,2,40,1,43,0,7,51,1,59,36,0,36,95
09/08/2022,EAU,WI,AGL,CE,Federal Contract Tower,0,1,9,0,10,0,6,37,2,45,0,7,46,2,55,14,0,14,69
09/09/2022,EAU,WI,AGL,CE,Federal Contract Tower,0,1,14,0,15,0,0,20,0,20,0,1,34,0,35,30,0,30,65
09/10/2022,EAU,WI,AGL,CE,Federal Contract Tower,0,1,9,0,10,0,3,13,0,16,0,4,22,0,26,6,0,6,32
09/11/2022,EAU,WI,AGL,CE,Federal Contract Tower,0,2,11,0,13,0,0,34,0,34,0,2,45,0,47,6,0,6,53
09/12/2022,EAU,WI,AGL,CE,Federal Contract Tower,0,1,8,0,9,0,0,29,2,31,0,1,37,2,40,22,0,22,62
09/13/2022,EAU,WI,AGL,CE,Federal Contract Tower,0,5,12,0,17,0,10,40,0,50,0,15,52,0,67,24,0,24,91
09/14/2022,EAU,WI,AGL,CE,Federal Contract Tower,0,3,17,0,20,0,4,32,4,40,0,7,49,4,60,2,12,14,74
09/15/2022,EAU,WI,AGL,CE,Federal Contract Tower,0,2,17,0,19,0,2,28,2,32,0,4,45,2,51,34,2,36,87
09/16/2022,EAU,WI,AGL,CE,Federal Contract Tower,0,6,21,0,27,0,4,19,3,26,0,10,40,3,53,14,0,14,67
09/17/2022,EAU,WI,AGL,CE,Federal Contract Tower,0,3,11,0,14,0,3,21,0,24,0,6,32,0,38,14,0,14,52
09/18/2022,EAU,WI,AGL,CE,Federal Contract Tower,0,1,15,0,16,0,4,6,0,10,0,5,21,0,26,6,0,6,32
09/19/2022,EAU,WI,AGL,CE,Federal Contract Tower,0,1,20,2,23,0,2,34,0,36,0,3,54,2,59,10,0,10,69
09/20/2022,EAU,WI,AGL,CE,Federal Contract Tower,0,4,19,2,25,0,0,29,0,29,0,4,48,2,54,18,0,18,72
09/21/2022,EAU,WI,AGL,CE,Federal Contract Tower,0,1,18,0,19,0,3,24,0,27,0,4,42,0,46,8,0,8,54
09/22/2022,EAU,WI,AGL,CE,Federal Contract Tower,0,3,15,0,18,0,2,29,1,32,0,5,44,1,50,8,0,8,58
09/23/2022,EAU,WI,AGL,CE,Federal Contract Tower,0,3,17,0,20,0,4,22,0,26,0,7,39,0,46,20,0,20,66
09/24/2022,EAU,WI,AGL,CE,Federal Contract Tower,0,1,13,0,14,0,0,0,0,0,0,1,13,0,14,0,0,0,14
09/25/2022,EAU,WI,AGL,CE,Federal Contract Tower,0,1,7,0,8,0,2,5,0,7,0,3,12,0,15,0,0,0,15
09/26/2022,EAU,WI,AGL,CE,Federal Contract Tower,0,2,11,0,13,0,6,10,3,19,0,8,21,3,32,2,0,2,34
09/27/2022,EAU,WI,AGL,CE,Federal Contract Tower,0,3,22,0,25,0,3,29,4,36,0,6,51,4,61,26,0,26,87
09/28/2022,EAU,WI,AGL,CE,Federal Contract Tower,0,1,12,0,13,0,1,41,0,42,0,2,53,0,55,4,0,4,59
09/29/2022,EAU,WI,AGL,CE,Federal Contract Tower,0,1,21,0,22,0,6,25,2,33,0,7,46,2,55,0,0,0,55
09/30/2022,EAU,WI,AGL,CE,Federal Contract Tower,0,1,14,2,17,0,2,41,2,45,0,3,55,4,62,56,2,58,120
10/01/2022,EAU,WI,AGL,CE,Federal Contract Tower,0,1,16,0,17,0,2,27,0,29,0,3,43,0,46,20,0,20,66
10/02/2022,EAU,WI,AGL,CE,Federal Contract Tower,0,2,8,0,10,0,1,40,0,41,0,3,48,0,51,34,0,34,85
10/03/2022,EAU,WI,AGL,CE,Federal Contract Tower,0,3,20,0,23,0,4,29,0,33,0,7,49,0,56,28,0,28,84
10/04/2022,EAU,WI,AGL,CE,Federal Contract Tower,0,1,27,2,30,0,6,48,2,56,0,7,75,4,86,24,0,24,110
10/05/2022,EAU,WI,AGL,CE,Federal Contract Tower,0,1,13,3,17,0,7,55,3,65,0,8,68,6,82,34,0,34,116
10/06/2022,EAU,WI,AGL,CE,Federal Contract Tower,0,3,15,2,20,0,4,15,6,25,0,7,30,8,45,4,0,4,49
10/07/2022,EAU,WI,AGL,CE,Federal Contract Tower,0,1,8,2,11,0,3,35,12,50,0,4,43,14,61,42,0,42,103
10/08/2022,EAU,WI,AGL,CE,Federal Contract Tower,0,1,18,0,19,0,6,45,0,51,0,7,63,0,70,4,0,4,74
10/09/2022,EAU,WI,AGL,CE,Federal Contract Tower,0,1,16,0,17,0,6,68,0,74,0,7,84,0,91,8,0,8,99
10/10/2022,EAU,WI,AGL,CE,Federal Contract Tower,0,1,29,0,30,0,3,41,1,45,0,4,70,1,75,20,0,20,95
10/11/2022,EAU,WI,AGL,CE,Federal Contract Tower,0,1,9,0,10,0,3,32,0,35,0,4,41,0,45,8,0,8,53
10/12/2022,EAU,WI,AGL,CE,Federal Contract Tower,0,2,23,0,25,0,2,7,0,9,0,4,30,0,34,0,0,0,34
10/13/2022,EAU,WI,AGL,CE,Federal Contract Tower,0,3,8,2,13,0,3,21,1,25,0,6,29,3,38,30,10,40,78
10/14/2022,EAU,WI,AGL,CE,Federal Contract Tower,0,3,13,0,16,0,0,1,0,1,0,3,14,0,17,0,0,0,17
10/15/2022,EAU,WI,AGL,CE,Federal Contract Tower,0,0,12,0,12,0,0,39,3,42,0,0,51,3,54,4,4,8,62
10/16/2022,EAU,WI,AGL,CE,Federal Contract Tower,0,1,13,0,14,0,2,2,0,4,0,3,15,0,18,0,0,0,18
10/17/2022,EAU,WI,AGL,CE,Federal Contract Tower,0,2,12,0,14,0,3,6,2,11,0,5,18,2,25,6,2,8,33
10/18/2022,EAU,WI,AGL,CE,Federal Contract Tower,0,1,13,0,14,0,2,36,4,42,0,3,49,4,56,10,0,10,66
10/19/2022,EAU,WI,AGL,CE,Federal Contract Tower,0,1,23,0,24,0,4,50,5,59,0,5,73,5,83,38,6,44,127
10/20/2022,EAU,WI,AGL,CE,Federal Contract Tower,0,1,27,0,28,0,3,54,4,61,0,4,81,4,89,22,0,22,111
10/21/2022,EAU,WI,AGL,CE,Federal Contract Tower,0,1,24,0,25,0,5,42,0,47,0,6,66,0,72,12,0,12,84
10/22/2022,EAU,WI,AGL,CE,Federal Contract Tower,0,1,7,0,8,0,2,54,2,58,0,3,61,2,66,38,0,38,104
10/23/2022,EAU,WI,AGL,CE,Federal Contract Tower,0,1,10,0,11,0,6,22,0,28,0,7,32,0,39,10,0,10,49
10/24/2022,EAU,WI,AGL,CE,Federal Contract Tower,0,4,19,0,23,0,1,5,0,6,0,5,24,0,29,2,0,2,31
10/25/2022,EAU,WI,AGL,CE,Federal Contract Tower,0,1,12,0,13,0,8,36,2,46,0,9,48,2,59,20,0,20,79
10/26/2022,EAU,WI,AGL,CE,Federal Contract Tower,0,2,16,0,18,0,5,45,0,50,0,7,61,0,68,22,0,22,90
10/27/2022,EAU,WI,AGL,CE,Federal Contract Tower,0,1,18,0,19,0,2,48,0,50,0,3,66,0,69,22,0,22,91
10/28/2022,EAU,WI,AGL,CE,Federal Contract Tower,0,3,17,2,22,0,1,35,2,38,0,4,52,4,60,6,0,6,66
10/29/2022,EAU,WI,AGL,CE,Federal Contract Tower,0,1,10,0,11,0,3,56,0,59,0,4,66,0,70,0,0,0,70
10/30/2022,EAU,WI,AGL,CE,Federal Contract Tower,0,1,8,0,9,0,2,37,3,42,0,3,45,3,51,4,0,4,55
10/31/2022,EAU,WI,AGL,CE,Federal Contract Tower,0,3,9,6,18,0,4,22,3,29,0,7,31,9,47,4,0,4,51
11/01/2022,EAU,WI,AGL,CE,Federal Contract Tower,0,3,22,0,25,0,4,42,1,47,0,7,64,1,72,16,0,16,88
11/02/2022,EAU,WI,AGL,CE,Federal Contract Tower,0,1,17,4,22,0,5,18,0,23,0,6,35,4,45,2,0,2,47
11/03/2022,EAU,WI,AGL,CE,Federal Contract Tower,0,3,13,0,16,0,1,14,0,15,0,4,27,0,31,6,0,6,37
11/04/2022,EAU,WI,AGL,CE,Federal Contract Tower,0,3,19,0,22,0,2,0,0,2,0,5,19,0,24,0,0,0,24
11/05/2022,EAU,WI,AGL,CE,Federal Contract Tower,0,1,10,0,11,0,0,0,0,0,0,1,10,0,11,0,0,0,11
11/06/2022,EAU,WI,AGL,CE,Federal Contract Tower,0,3,5,0,8,0,4,2,0,6,0,7,7,0,14,4,0,4,18
11/07/2022,EAU,WI,AGL,CE,Federal Contract Tower,2,3,20,0,25,0,6,47,0,53,2,9,67,0,78,38,0,38,116
11/08/2022,EAU,WI,AGL,CE,Federal Contract Tower,0,1,12,2,15,0,2,18,8,28,0,3,30,10,43,2,0,2,45
11/09/2022,EAU,WI,AGL,CE,Federal Contract Tower,0,3,17,0,20,0,4,4,0,8,0,7,21,0,28,8,0,8,36
11/10/2022,EAU,WI,AGL,CE,Federal Contract Tower,0,1,11,0,12,0,1,1,0,2,0,2,12,0,14,0,0,0,14
11/11/2022,EAU,WI,AGL,CE,Federal Contract Tower,0,1,15,0,16,0,2,2,0,4,0,3,17,0,20,0,0,0,20
11/12/2022,EAU,WI,AGL,CE,Federal Contract Tower,1,3,4,0,8,0,4,5,0,9,1,7,9,0,17,4,0,4,21
11/13/2022,EAU,WI,AGL,CE,Federal Contract Tower,0,2,18,0,20,0,0,39,0,39,0,2,57,0,59,26,2,28,87
11/14/2022,EAU,WI,AGL,CE,Federal Contract Tower,0,3,13,0,16,0,0,0,0,0,0,3,13,0,16,0,0,0,16
11/15/2022,EAU,WI,AGL,CE,Federal Contract Tower,0,1,7,0,8,0,0,0,0,0,0,1,7,0,8,0,0,0,8
11/16/2022,EAU,WI,AGL,CE,Federal Contract Tower,0,5,12,0,17,0,0,0,0,0,0,5,12,0,17,0,0,0,17
11/17/2022,EAU,WI,AGL,CE,Federal Contract Tower,0,4,14,0,18,0,0,0,0,0,0,4,14,0,18,0,0,0,18
11/18/2022,EAU,WI,AGL,CE,Federal Contract Tower,0,1,15,0,16,0,5,0,0,5,0,6,15,0,21,0,0,0,21
11/19/2022,EAU,WI,AGL,CE,Federal Contract Tower,0,4,7,0,11,0,5,2,0,7,0,9,9,0,18,2,0,2,20
11/20/2022,EAU,WI,AGL,CE,Federal Contract Tower,0,1,10,0,11,0,0,27,4,31,0,1,37,4,42,20,0,20,62
11/21/2022,EAU,WI,AGL,CE,Federal Contract Tower,0,1,18,0,19,0,4,40,4,48,0,5,58,4,67,36,2,38,105
11/22/2022,EAU,WI,AGL,CE,Federal Contract Tower,0,1,17,0,18,0,2,50,0,52,0,3,67,0,70,22,0,22,92
11/23/2022,EAU,WI,AGL,CE,Federal Contract Tower,0,1,8,0,9,0,0,45,0,45,0,1,53,0,54,6,0,6,60
11/24/2022,EAU,WI,AGL,CE,Federal Contract Tower,0,7,1,0,8,0,8,0,0,8,0,15,1,0,16,0,0,0,16
11/25/2022,EAU,WI,AGL,CE,Federal Contract Tower,0,1,14,0,15,0,3,44,0,47,0,4,58,0,62,16,0,16,78
11/26/2022,EAU,WI,AGL,CE,Federal Contract Tower,0,3,3,0,6,0,2,48,0,50,0,5,51,0,56,12,0,12,68
11/27/2022,EAU,WI,AGL,CE,Federal Contract Tower,0,1,4,0,5,0,8,41,0,49,0,9,45,0,54,30,0,30,84
11/28/2022,EAU,WI,AGL,CE,Federal Contract Tower,0,1,8,0,9,0,5,26,0,31,0,6,34,0,40,16,0,16,56
11/29/2022,EAU,WI,AGL,CE,Federal Contract Tower,0,1,11,0,12,0,0,0,0,0,0,1,11,0,12,0,0,0,12
11/30/2022,EAU,WI,AGL,CE,Federal Contract Tower,0,9,10,0,19,0,3,0,0,3,0,12,10,0,22,2,0,2,24
12/01/2022,EAU,WI,AGL,CE,Federal Contract Tower,2,0,11,2,15,0,3,24,0,27,2,3,35,2,42,4,6,10,52
12/02/2022,EAU,WI,AGL,CE,Federal Contract Tower,0,0,14,0,14,0,2,16,2,20,0,2,30,2,34,8,0,8,42
12/04/2022,EAU,WI,AGL,CE,Federal Contract Tower,1,0,13,1,15,0,5,27,1,33,1,5,40,2,48,14,0,14,62
12/05/2022,EAU,WI,AGL,CE,Federal Contract Tower,1,0,16,2,19,0,10,34,0,44,1,10,50,2,63,36,0,36,99
12/06/2022,EAU,WI,AGL,CE,Federal Contract Tower,2,2,26,2,32,0,0,30,0,30,2,2,56,2,62,10,0,10,72
12/07/2022,EAU,WI,AGL,CE,Federal Contract Tower,1,1,15,2,19,0,0,9,0,9,1,1,24,2,28,0,0,0,28
12/08/2022,EAU,WI,AGL,CE,Federal Contract Tower,2,3,18,0,23,0,7,32,0,39,2,10,50,0,62,20,0,20,82
12/09/2022,EAU,WI,AGL,CE,Federal Contract Tower,1,0,10,0,11,0,0,2,0,2,1,0,12,0,13,0,0,0,13
12/10/2022,EAU,WI,AGL,CE,Federal Contract Tower,2,0,0,0,2,0,0,0,0,0,2,0,0,0,2,0,0,0,2
12/11/2022,EAU,WI,AGL,CE,Federal Contract Tower,1,0,6,0,7,0,2,3,0,5,1,2,9,0,12,0,0,0,12
12/12/2022,EAU,WI,AGL,CE,Federal Contract Tower,3,1,12,0,16,0,2,2,0,4,3,3,14,0,20,2,0,2,22
12/13/2022,EAU,WI,AGL,CE,Federal Contract Tower,0,0,7,0,7,0,2,0,0,2,0,2,7,0,9,0,0,0,9
12/14/2022,EAU,WI,AGL,CE,Federal Contract Tower,2,0,5,0,7,0,0,0,0,0,2,0,5,0,7,0,0,0,7
12/15/2022,EAU,WI,AGL,CE,Federal Contract Tower,0,0,2,0,2,0,0,0,0,0,0,0,2,0,2,0,0,0,2
12/16/2022,EAU,WI,AGL,CE,Federal Contract Tower,0,0,7,0,7,0,0,0,0,0,0,0,7,0,7,0,0,0,7
12/17/2022,EAU,WI,AGL,CE,Federal Contract Tower,0,0,4,0,4,0,2,0,0,2,0,2,4,0,6,0,0,0,6
12/18/2022,EAU,WI,AGL,CE,Federal Contract Tower,0,0,7,0,7,0,5,11,0,16,0,5,18,0,23,6,0,6,29
12/19/2022,EAU,WI,AGL,CE,Federal Contract Tower,5,2,10,0,17,0,2,1,0,3,5,4,11,0,20,0,0,0,20
12/20/2022,EAU,WI,AGL,CE,Federal Contract Tower,0,0,10,0,10,0,0,0,0,0,0,0,10,0,10,0,0,0,10
12/21/2022,EAU,WI,AGL,CE,Federal Contract Tower,0,2,16,0,18,0,2,0,0,2,0,4,16,0,20,0,0,0,20
12/22/2022,EAU,WI,AGL,CE,Federal Contract Tower,2,0,1,0,3,0,0,0,0,0,2,0,1,0,3,0,0,0,3
12/23/2022,EAU,WI,AGL,CE,Federal Contract Tower,2,0,0,0,2,0,0,0,0,0,2,0,0,0,2,0,0,0,2
12/24/2022,EAU,WI,AGL,CE,Federal Contract Tower,0,0,3,0,3,0,4,1,0,5,0,4,4,0,8,0,0,0,8
12/25/2022,EAU,WI,AGL,CE,Federal Contract Tower,0,0,2,0,2,0,3,6,0,9,0,3,8,0,11,0,0,0,11
12/26/2022,EAU,WI,AGL,CE,Federal Contract Tower,4,1,10,0,15,0,2,5,0,7,4,3,15,0,22,2,0,2,24
12/27/2022,EAU,WI,AGL,CE,Federal Contract Tower,0,0,18,1,19,0,4,12,2,18,0,4,30,3,37,12,0,12,49
12/28/2022,EAU,WI,AGL,CE,Federal Contract Tower,1,2,18,0,21,0,5,30,0,35,1,7,48,0,56,4,0,4,60
12/29/2022,EAU,WI,AGL,CE,Federal Contract Tower,1,0,7,0,8,0,2,4,0,6,1,2,11,0,14,2,0,2,16
12/30/2022,EAU,WI,AGL,CE,Federal Contract Tower,4,0,7,0,11,0,2,3,0,5,4,2,10,0,16,12,0,12,28
01/01/2023,EAU,WI,AGL,CE,Federal Contract Tower,0,0,4,0,4,0,0,0,0,0,0,0,4,0,4,0,0,0,4
01/02/2023,EAU,WI,AGL,CE,Federal Contract Tower,4,0,12,0,16,0,0,0,0,0,4,0,12,0,16,0,0,0,16
01/03/2023,EAU,WI,AGL,CE,Federal Contract Tower,2,0,6,0,8,0,0,0,0,0,2,0,6,0,8,0,0,0,8
01/04/2023,EAU,WI,AGL,CE,Federal Contract Tower,1,0,8,0,9,0,0,0,0,0,1,0,8,0,9,0,0,0,9
01/05/2023,EAU,WI,AGL,CE,Federal Contract Tower,1,0,9,0,10,0,0,0,0,0,1,0,9,0,10,0,0,0,10
01/06/2023,EAU,WI,AGL,CE,Federal Contract Tower,4,0,12,0,16,0,3,15,0,18,4,3,27,0,34,0,0,0,34
01/07/2023,EAU,WI,AGL,CE,Federal Contract Tower,0,0,17,0,17,0,6,32,0,38,0,6,49,0,55,6,0,6,61
01/08/2023,EAU,WI,AGL,CE,Federal Contract Tower,1,0,21,0,22,0,2,23,0,25,1,2,44,0,47,24,0,24,71
01/09/2023,EAU,WI,AGL,CE,Federal Contract Tower,4,0,4,0,8,0,2,0,0,2,4,2,4,0,10,0,0,0,10
01/10/2023,EAU,WI,AGL,CE,Federal Contract Tower,0,0,7,0,7,0,0,0,0,0,0,0,7,0,7,0,0,0,7
01/11/2023,EAU,WI,AGL,CE,Federal Contract Tower,1,0,2,0,3,0,0,0,0,0,1,0,2,0,3,0,0,0,3
01/12/2023,EAU,WI,AGL,CE,Federal Contract Tower,1,2,7,0,10,0,5,0,0,5,1,7,7,0,15,0,0,0,15
01/13/2023,EAU,WI,AGL,CE,Federal Contract Tower,4,2,10,0,16,0,3,19,0,22,4,5,29,0,38,18,0,18,56
01/14/2023,EAU,WI,AGL,CE,Federal Contract Tower,0,0,19,0,19,0,4,16,0,20,0,4,35,0,39,2,0,2,41
01/15/2023,EAU,WI,AGL,CE,Federal Contract Tower,1,0,11,0,12,0,0,26,0,26,1,0,37,0,38,8,2,10,48
01/16/2023,EAU,WI,AGL,CE,Federal Contract Tower,4,0,12,0,16,0,0,0,0,0,4,0,12,0,16,0,0,0,16
01/17/2023,EAU,WI,AGL,CE,Federal Contract Tower,0,0,4,2,6,0,4,2,0,6,0,4,6,2,12,0,0,0,12
01/18/2023,EAU,WI,AGL,CE,Federal Contract Tower,1,0,18,1,20,0,0,9,1,10,1,0,27,2,30,4,0,4,34
01/19/2023,EAU,WI,AGL,CE,Federal Contract Tower,3,0,12,0,15,0,0,0,0,0,3,0,12,0,15,0,0,0,15
01/20/2023,EAU,WI,AGL,CE,Federal Contract Tower,4,2,8,0,14,0,2,0,0,2,4,4,8,0,16,4,0,4,20
01/21/2023,EAU,WI,AGL,CE,Federal Contract Tower,0,0,3,0,3,0,0,0,0,0,0,0,3,0,3,0,0,0,3
01/22/2023,EAU,WI,AGL,CE,Federal Contract Tower,0,0,7,0,7,0,0,0,0,0,0,0,7,0,7,0,0,0,7
01/23/2023,EAU,WI,AGL,CE,Federal Contract Tower,6,1,4,0,11,0,2,0,0,2,6,3,4,0,13,0,0,0,13
01/24/2023,EAU,WI,AGL,CE,Federal Contract Tower,0,0,15,0,15,0,0,3,0,3,0,0,18,0,18,0,0,0,18
01/25/2023,EAU,WI,AGL,CE,Federal Contract Tower,1,0,11,0,12,0,0,0,0,0,1,0,11,0,12,0,0,0,12
01/26/2023,EAU,WI,AGL,CE,Federal Contract Tower,1,0,14,0,15,0,2,21,2,25,1,2,35,2,40,6,2,8,48
01/27/2023,EAU,WI,AGL,CE,Federal Contract Tower,4,0,14,0,18,0,4,3,0,7,4,4,17,0,25,2,0,2,27
01/28/2023,EAU,WI,AGL,CE,Federal Contract Tower,0,2,15,0,17,0,2,31,2,35,0,4,46,2,52,24,0,24,76
01/29/2023,EAU,WI,AGL,CE,Federal Contract Tower,1,1,12,0,14,0,5,30,2,37,1,6,42,2,51,44,0,44,95
01/30/2023,EAU,WI,AGL,CE,Federal Contract Tower,4,1,10,2,17,0,2,9,5,16,4,3,19,7,33,14,2,16,49
01/31/2023,EAU,WI,AGL,CE,Federal Contract Tower,0,0,15,0,15,0,0,14,0,14,0,0,29,0,29,4,0,4,33
02/01/2023,EAU,WI,AGL,CE,Federal Contract Tower,1,3,13,3,20,0,4,24,19,47,1,7,37,22,67,26,4,30,97
02/02/2023,EAU,WI,AGL,CE,Federal Contract Tower,0,5,17,0,22,0,0,29,2,31,0,5,46,2,53,18,0,18,71
02/03/2023,EAU,WI,AGL,CE,Federal Contract Tower,2,1,10,0,13,0,1,13,0,14,2,2,23,0,27,18,0,18,45
02/04/2023,EAU,WI,AGL,CE,Federal Contract Tower,0,0,15,0,15,0,0,56,3,59,0,0,71,3,74,16,0,16,90
02/05/2023,EAU,WI,AGL,CE,Federal Contract Tower,0,0,7,1,8,0,2,31,3,36,0,2,38,4,44,14,6,20,64
02/06/2023,EAU,WI,AGL,CE,Federal Contract Tower,4,0,11,0,15,0,2,17,0,19,4,2,28,0,34,14,0,14,48
02/07/2023,EAU,WI,AGL,CE,Federal Contract Tower,0,3,17,0,20,0,0,42,0,42,0,3,59,0,62,20,0,20,82
02/08/2023,EAU,WI,AGL,CE,Federal Contract Tower,1,3,17,0,21,0,5,46,2,53,1,8,63,2,74,36,2,38,112
02/09/2023,EAU,WI,AGL,CE,Federal Contract Tower,0,4,8,0,12,0,3,13,0,16,0,7,21,0,28,18,0,18,46
02/10/2023,EAU,WI,AGL,CE,Federal Contract Tower,4,2,12,4,22,0,1,38,0,39,4,3,50,4,61,18,0,18,79
02/11/2023,EAU,WI,AGL,CE,Federal Contract Tower,0,0,12,0,12,0,2,54,2,58,0,2,66,2,70,36,0,36,106
02/12/2023,EAU,WI,AGL,CE,Federal Contract Tower,1,1,4,0,6,0,2,87,2,91,1,3,91,2,97,44,0,44,141
02/13/2023,EAU,WI,AGL,CE,Federal Contract Tower,5,3,21,0,29,0,5,84,0,89,5,8,105,0,118,54,0,54,172
02/14/2023,EAU,WI,AGL,CE,Federal Contract Tower,0,0,10,2,12,0,2,2,1,5,0,2,12,3,17,4,0,4,21
02/15/2023,EAU,WI,AGL,CE,Federal Contract Tower,1,0,8,0,9,0,6,1,0,7,1,6,9,0,16,0,0,0,16
02/16/2023,EAU,WI,AGL,CE,Federal Contract Tower,1,2,17,0,20,0,5,18,0,23,1,7,35,0,43,18,0,18,61
02/17/2023,EAU,WI,AGL,CE,Federal Contract Tower,4,0,22,0,26,0,8,36,2,46,4,8,58,2,72,14,0,14,86
02/18/2023,EAU,WI,AGL,CE,Federal Contract Tower,0,0,8,0,8,0,8,45,2,55,0,8,53,2,63,6,0,6,69
02/19/2023,EAU,WI,AGL,CE,Federal Contract Tower,0,0,4,0,4,0,0,7,0,7,0,0,11,0,11,10,0,10,21
02/20/2023,EAU,WI,AGL,CE,Federal Contract Tower,4,0,17,0,21,0,2,3,0,5,4,2,20,0,26,18,0,18,44
02/21/2023,EAU,WI,AGL,CE,Federal Contract Tower,0,0,6,0,6,0,3,4,0,7,0,3,10,0,13,6,0,6,19
02/22/2023,EAU,WI,AGL,CE,Federal Contract Tower,0,0,1,0,1,0,0,0,0,0,0,0,1,0,1,0,0,0,1
02/23/2023,EAU,WI,AGL,CE,Federal Contract Tower,0,0,3,0,3,0,0,0,0,0,0,0,3,0,3,0,0,0,3
02/24/2023,EAU,WI,AGL,CE,Federal Contract Tower,4,0,19,0,23,0,1,23,0,24,4,1,42,0,47,34,0,34,81
02/25/2023,EAU,WI,AGL,CE,Federal Contract Tower,0,0,5,0,5,0,2,33,0,35,0,2,38,0,40,36,0,36,76
02/26/2023,EAU,WI,AGL,CE,Federal Contract Tower,0,0,15,0,15,0,3,60,3,66,0,3,75,3,81,38,2,40,121
02/27/2023,EAU,WI,AGL,CE,Federal Contract Tower,4,0,2,0,6,0,0,0,0,0,4,0,2,0,6,0,0,0,6
02/28/2023,EAU,WI,AGL,CE,Federal Contract Tower,0,6,10,0,16,0,2,0,36,38,0,8,10,36,54,30,0,30,84
03/01/2023,EAU,WI,AGL,CE,Federal Contract Tower,1,0,16,0,17,0,0,0,0,0,1,0,16,0,17,0,0,0,17
03/02/2023,EAU,WI,AGL,CE,Federal Contract Tower,0,0,9,0,9,0,0,37,0,37,0,0,46,0,46,24,0,24,70
03/03/2023,EAU,WI,AGL,CE,Federal Contract Tower,4,0,9,0,13,0,3,15,0,18,4,3,24,0,31,24,0,24,55
03/04/2023,EAU,WI,AGL,CE,Federal Contract Tower,0,2,7,0,9,0,7,23,3,33,0,9,30,3,42,6,0,6,48
03/05/2023,EAU,WI,AGL,CE,Federal Contract Tower,0,0,5,0,5,0,0,35,4,39,0,0,40,4,44,60,0,60,104
03/06/2023,EAU,WI,AGL,CE,Federal Contract Tower,7,2,7,0,16,0,2,0,0,2,7,4,7,0,18,0,0,0,18
03/07/2023,EAU,WI,AGL,CE,Federal Contract Tower,0,3,21,0,24,0,2,54,2,58,0,5,75,2,82,6,0,6,88
03/08/2023,EAU,WI,AGL,CE,Federal Contract Tower,1,2,14,0,17,0,3,27,0,30,1,5,41,0,47,20,0,20,67
03/09/2023,EAU,WI,AGL,CE,Federal Contract Tower,0,2,8,0,10,0,1,5,0,6,0,3,13,0,16,16,0,16,32
03/10/2023,EAU,WI,AGL,CE,Federal Contract Tower,4,0,8,0,12,0,2,2,0,4,4,2,10,0,16,0,0,0,16
03/11/2023,EAU,WI,AGL,CE,Federal Contract Tower,0,0,3,0,3,0,2,0,0,2,0,2,3,0,5,0,0,0,5
03/12/2023,EAU,WI,AGL,CE,Federal Contract Tower,0,0,6,0,6,0,0,0,0,0,0,0,6,0,6,0,0,0,6
03/13/2023,EAU,WI,AGL,CE,Federal Contract Tower,4,2,8,0,14,0,4,14,0,18,4,6,22,0,32,12,0,12,44
03/14/2023,EAU,WI,AGL,CE,Federal Contract Tower,0,7,7,2,16,0,3,60,5,68,0,10,67,7,84,26,0,26,110
03/15/2023,EAU,WI,AGL,CE,Federal Contract Tower,1,4,21,0,26,0,6,27,0,33,1,10,48,0,59,26,0,26,85
03/16/2023,EAU,WI,AGL,CE,Federal Contract Tower,1,0,9,0,10,0,0,4,0,4,1,0,13,0,14,2,0,2,16
03/17/2023,EAU,WI,AGL,CE,Federal Contract Tower,4,0,15,0,19,0,4,1,0,5,4,4,16,0,24,0,0,0,24
03/18/2023,EAU,WI,AGL,CE,Federal Contract Tower,0,0,6,0,6,0,6,7,0,13,0,6,13,0,19,4,0,4,23
03/19/2023,EAU,WI,AGL,CE,Federal Contract Tower,1,2,11,0,14,0,0,38,0,38,1,2,49,0,52,20,0,20,72
03/20/2023,EAU,WI,AGL,CE,Federal Contract Tower,4,4,10,0,18,0,3,37,0,40,4,7,47,0,58,16,0,16,74
03/21/2023,EAU,WI,AGL,CE,Federal Contract Tower,0,0,10,2,12,0,2,10,0,12,0,2,20,2,24,12,0,12,36
03/22/2023,EAU,WI,AGL,CE,Federal Contract Tower,1,0,14,0,15,0,4,7,0,11,1,4,21,0,26,10,0,10,36
03/23/2023,EAU,WI,AGL,CE,Federal Contract Tower,0,4,23,0,27,0,2,34,0,36,0,6,57,0,63,16,0,16,79
03/24/2023,EAU,WI,AGL,CE,Federal Contract Tower,6,1,11,0,18,0,6,51,3,60,6,7,62,3,78,34,0,34,112
03/25/2023,EAU,WI,AGL,CE,Federal Contract Tower,0,0,12,0,12,0,1,44,0,45,0,1,56,0,57,34,0,34,91
03/26/2023,EAU,WI,AGL,CE,Federal Contract Tower,1,4,15,0,20,0,5,44,2,51,1,9,59,2,71,14,0,14,85
03/27/2023,EAU,WI,AGL,CE,Federal Contract Tower,4,1,19,0,24,0,4,46,2,52,4,5,65,2,76,38,6,44,120
03/28/2023,EAU,WI,AGL,CE,Federal Contract Tower,2,0,14,1,17,0,4,30,1,35,2,4,44,2,52,18,0,18,70
03/29/2023,EAU,WI,AGL,CE,Federal Contract Tower,1,0,18,0,19,0,3,47,3,53,1,3,65,3,72,18,4,22,94
03/30/2023,EAU,WI,AGL,CE,Federal Contract Tower,0,2,9,0,11,0,5,27,0,32,0,7,36,0,43,38,0,38,81
03/31/2023,EAU,WI,AGL,CE,Federal Contract Tower,4,0,9,0,13,0,0,0,0,0,4,0,9,0,13,0,0,0,13
04/01/2023,EAU,WI,AGL,CE,Federal Contract Tower,0,0,6,0,6,0,1,16,0,17,0,1,22,0,23,6,0,6,29
04/02/2023,EAU,WI,AGL,CE,Federal Contract Tower,0,4,6,0,10,0,3,19,0,22,0,7,25,0,32,16,0,16,48
04/03/2023,EAU,WI,AGL,CE,Federal Contract Tower,4,1,9,0,14,0,4,19,0,23,4,5,28,0,37,20,0,20,57
04/04/2023,EAU,WI,AGL,CE,Federal Contract Tower,0,4,12,0,16,0,0,0,0,0,0,4,12,0,16,0,0,0,16
04/05/2023,EAU,WI,AGL,CE,Federal Contract Tower,1,0,8,1,10,0,5,0,2,7,1,5,8,3,17,0,2,2,19
04/06/2023,EAU,WI,AGL,CE,Federal Contract Tower,0,4,9,0,13,0,2,29,0,31,0,6,38,0,44,24,0,24,68
04/07/2023,EAU,WI,AGL,CE,Federal Contract Tower,4,0,19,0,23,0,3,59,0,62,4,3,78,0,85,26,0,26,111
04/08/2023,EAU,WI,AGL,CE,Federal Contract Tower,0,1,11,0,12,0,3,49,6,58,0,4,60,6,70,46,0,46,116
04/09/2023,EAU,WI,AGL,CE,Federal Contract Tower,1,2,3,0,6,0,2,29,0,31,1,4,32,0,37,12,0,12,49
04/10/2023,EAU,WI,AGL,CE,Federal Contract Tower,4,2,22,0,28,0,2,28,0,30,4,4,50,0,58,30,0,30,88
04/11/2023,EAU,WI,AGL,CE,Federal Contract Tower,0,0,14,0,14,0,3,47,0,50,0,3,61,0,64,30,0,30,94
04/12/2023,EAU,WI,AGL,CE,Federal Contract Tower,1,2,19,0,22,0,5,42,0,47,1,7,61,0,69,20,0,20,89
04/13/2023,EAU,WI,AGL,CE,Federal Contract Tower,0,6,14,1,21,0,2,44,2,48,0,8,58,3,69,22,0,22,91
04/14/2023,EAU,WI,AGL,CE,Federal Contract Tower,4,3,16,0,23,0,5,22,0,27,4,8,38,0,50,2,0,2,52
04/15/2023,EAU,WI,AGL,CE,Federal Contract Tower,0,0,6,0,6,0,5,5,0,10,0,5,11,0,16,0,0,0,16
04/16/2023,EAU,WI,AGL,CE,Federal Contract Tower,0,0,4,0,4,0,0,0,0,0,0,0,4,0,4,0,0,0,4
04/17/2023,EAU,WI,AGL,CE,Federal Contract Tower,5,7,0,0,12,0,2,1,0,3,5,9,1,0,15,0,2,2,17
04/18/2023,EAU,WI,AGL,CE,Federal Contract Tower,0,2,11,2,15,0,5,46,1,52,0,7,57,3,67,20,0,20,87
04/19/2023,EAU,WI,AGL,CE,Federal Contract Tower,1,0,12,0,13,0,4,2,0,6,1,4,14,0,19,0,0,0,19
04/20/2023,EAU,WI,AGL,CE,Federal Contract Tower,0,4,19,0,23,0,0,0,0,0,0,4,19,0,23,0,0,0,23
04/21/2023,EAU,WI,AGL,CE,Federal Contract Tower,6,0,5,0,11,0,2,3,0,5,6,2,8,0,16,0,0,0,16
04/22/2023,EAU,WI,AGL,CE,Federal Contract Tower,0,0,6,0,6,0,0,2,0,2,0,0,8,0,8,0,0,0,8
04/23/2023,EAU,WI,AGL,CE,Federal Contract Tower,1,2,7,0,10,0,0,42,7,49,1,2,49,7,59,20,0,20,79
04/24/2023,EAU,WI,AGL,CE,Federal Contract Tower,6,2,9,0,17,0,5,42,0,47,6,7,51,0,64,16,0,16,80
04/25/2023,EAU,WI,AGL,CE,Federal Contract Tower,0,0,18,0,18,0,0,50,1,51,0,0,68,1,69,20,0,20,89
04/26/2023,EAU,WI,AGL,CE,Federal Contract Tower,1,8,9,0,18,0,0,0,0,0,1,8,9,0,18,46,0,46,64
04/27/2023,EAU,WI,AGL,CE,Federal Contract Tower,0,10,16,0,26,0,4,37,0,41,0,14,53,0,67,30,0,30,97
04/28/2023,EAU,WI,AGL,CE,Federal Contract Tower,4,4,11,0,19,0,4,26,0,30,4,8,37,0,49,8,0,8,57
04/29/2023,EAU,WI,AGL,CE,Federal Contract Tower,0,0,5,0,5,0,4,0,0,4,0,4,5,0,9,0,0,0,9
04/30/2023,EAU,WI,AGL,CE,Federal Contract Tower,0,0,3,0,3,0,2,1,0,3,0,2,4,0,6,0,0,0,6
05/01/2023,EAU,WI,AGL,CE,Federal Contract Tower,4,0,14,0,18,0,0,3,0,3,4,0,17,0,21,2,0,2,23
05/02/2023,EAU,WI,AGL,CE,Federal Contract Tower,0,3,15,2,20,0,2,23,0,25,0,5,38,2,45,22,0,22,67
05/03/2023,EAU,WI,AGL,CE,Federal Contract Tower,1,3,12,0,16,0,2,56,4,62,1,5,68,4,78,40,0,40,118
05/04/2023,EAU,WI,AGL,CE,Federal Contract Tower,0,2,28,0,30,0,6,64,2,72,0,8,92,2,102,38,0,38,140
05/05/2023,EAU,WI,AGL,CE,Federal Contract Tower,4,1,24,0,29,0,0,23,0,23,4,1,47,0,52,14,0,14,66
05/06/2023,EAU,WI,AGL,CE,Federal Contract Tower,0,3,8,2,13,0,2,4,0,6,0,5,12,2,19,8,0,8,27
05/07/2023,EAU,WI,AGL,CE,Federal Contract Tower,0,2,9,0,11,0,0,29,0,29,0,2,38,0,40,18,0,18,58
05/08/2023,EAU,WI,AGL,CE,Federal Contract Tower,4,0,20,0,24,0,0,15,0,15,4,0,35,0,39,10,0,10,49
05/09/2023,EAU,WI,AGL,CE,Federal Contract Tower,0,2,21,0,23,0,2,18,3,23,0,4,39,3,46,12,0,12,58
05/10/2023,EAU,WI,AGL,CE,Federal Contract Tower,1,0,28,5,34,0,4,60,4,68,1,4,88,9,102,22,0,22,124
05/11/2023,EAU,WI,AGL,CE,Federal Contract Tower,0,0,21,0,21,0,3,50,0,53,0,3,71,0,74,50,0,50,124
05/12/2023,EAU,WI,AGL,CE,Federal Contract Tower,4,9,10,0,23,0,0,37,0,37,4,9,47,0,60,26,0,26,86
05/13/2023,EAU,WI,AGL,CE,Federal Contract Tower,0,2,6,0,8,0,6,33,0,39,0,8,39,0,47,2,0,2,49
05/14/2023,EAU,WI,AGL,CE,Federal Contract Tower,0,2,10,0,12,0,3,27,0,30,0,5,37,0,42,34,0,34,76
05/15/2023,EAU,WI,AGL,CE,Federal Contract Tower,4,5,17,0,26,0,10,67,0,77,4,15,84,0,103,26,0,26,129
05/16/2023,EAU,WI,AGL,CE,Federal Contract Tower,0,1,14,0,15,0,2,48,2,52,0,3,62,2,67,18,0,18,85
05/17/2023,EAU,WI,AGL,CE,Federal Contract Tower,1,0,24,0,25,0,5,62,0,67,1,5,86,0,92,14,0,14,106
05/18/2023,EAU,WI,AGL,CE,Federal Contract Tower,1,0,16,0,17,0,1,18,0,19,1,1,34,0,36,24,0,24,60
05/19/2023,EAU,WI,AGL,CE,Federal Contract Tower,4,5,13,2,24,0,4,18,2,24,4,9,31,4,48,8,0,8,56
05/20/2023,EAU,WI,AGL,CE,Federal Contract Tower,0,5,8,0,13,0,4,48,0,52,0,9,56,0,65,28,0,28,93
05/21/2023,EAU,WI,AGL,CE,Federal Contract Tower,0,0,5,0,5,0,5,48,0,53,0,5,53,0,58,44,0,44,102
05/22/2023,EAU,WI,AGL,CE,Federal Contract Tower,4,0,17,2,23,0,4,23,1,28,4,4,40,3,51,0,0,0,51
05/23/2023,EAU,WI,AGL,CE,Federal Contract Tower,0,2,23,0,25,0,5,48,0,53,0,7,71,0,78,10,0,10,88
05/24/2023,EAU,WI,AGL,CE,Federal Contract Tower,1,0,16,0,17,0,2,23,0,25,1,2,39,0,42,16,0,16,58
05/25/2023,EAU,WI,AGL,CE,Federal Contract Tower,0,2,28,0,30,0,1,32,0,33,0,3,60,0,63,18,0,18,81
05/26/2023,EAU,WI,AGL,CE,Federal Contract Tower,6,4,8,0,18,0,2,63,5,70,6,6,71,5,88,22,0,22,110
05/27/2023,EAU,WI,AGL,CE,Federal Contract Tower,0,2,4,0,6,0,3,47,2,52,0,5,51,2,58,48,0,48,106
05/28/2023,EAU,WI,AGL,CE,Federal Contract Tower,0,3,11,0,14,0,12,34,4,50,0,15,45,4,64,12,0,12,76
05/29/2023,EAU,WI,AGL,CE,Federal Contract Tower,4,0,8,0,12,0,4,38,4,46,4,4,46,4,58,10,0,10,68
05/30/2023,EAU,WI,AGL,CE,Federal Contract Tower,1,0,22,0,23,0,6,23,0,29,1,6,45,0,52,2,0,2,54
05/31/2023,EAU,WI,AGL,CE,Federal Contract Tower,1,0,19,0,20,0,4,47,0,51,1,4,66,0,71,22,0,22,93
06/01/2023,EAU,WI,AGL,CE,Federal Contract Tower,0,2,19,0,21,0,3,31,1,35,0,5,50,1,56,18,0,18,74
06/02/2023,EAU,WI,AGL,CE,Federal Contract Tower,4,0,12,0,16,0,0,36,0,36,4,0,48,0,52,34,0,34,86
06/03/2023,EAU,WI,AGL,CE,Federal Contract Tower,0,0,8,0,8,0,2,36,0,38,0,2,44,0,46,8,0,8,54
06/04/2023,EAU,WI,AGL,CE,Federal Contract Tower,0,6,5,0,11,0,8,44,3,55,0,14,49,3,66,24,0,24,90
06/05/2023,EAU,WI,AGL,CE,Federal Contract Tower,4,2,14,0,20,0,5,53,0,58,4,7,67,0,78,26,0,26,104
06/06/2023,EAU,WI,AGL,CE,Federal Contract Tower,0,1,6,0,7,0,2,40,2,44,0,3,46,2,51,18,0,18,69
06/07/2023,EAU,WI,AGL,CE,Federal Contract Tower,1,8,18,0,27,0,4,40,0,44,1,12,58,0,71,14,0,14,85
06/08/2023,EAU,WI,AGL,CE,Federal Contract Tower,0,4,27,0,31,0,4,44,0,48,0,8,71,0,79,14,0,14,93
06/09/2023,EAU,WI,AGL,CE,Federal Contract Tower,4,6,8,0,18,0,3,54,3,60,4,9,62,3,78,28,0,28,106
06/10/2023,EAU,WI,AGL,CE,Federal Contract Tower,0,0,11,0,11,0,0,27,0,27,0,0,38,0,38,10,0,10,48
06/11/2023,EAU,WI,AGL,CE,Federal Contract Tower,0,0,11,0,11,0,4,40,0,44,0,4,51,0,55,20,0,20,75
06/12/2023,EAU,WI,AGL,CE,Federal Contract Tower,4,0,12,0,16,0,4,26,0,30,4,4,38,0,46,22,0,22,68
06/13/2023,EAU,WI,AGL,CE,Federal Contract Tower,0,3,20,0,23,0,2,36,0,38,0,5,56,0,61,8,0,8,69
06/14/2023,EAU,WI,AGL,CE,Federal Contract Tower,3,2,24,0,29,0,2,25,0,27,3,4,49,0,56,16,0,16,72
06/15/2023,EAU,WI,AGL,CE,Federal Contract Tower,0,4,18,0,22,0,0,34,0,34,0,4,52,0,56,28,0,28,84
06/16/2023,EAU,WI,AGL,CE,Federal Contract Tower,4,5,14,0,23,0,0,40,0,40,4,5,54,0,63,36,0,36,99
06/17/2023,EAU,WI,AGL,CE,Federal Contract Tower,0,0,12,0,12,0,5,53,0,58,0,5,65,0,70,66,0,66,136
06/18/2023,EAU,WI,AGL,CE,Federal Contract Tower,2,0,10,0,12,0,1,15,3,19,2,1,25,3,31,8,2,10,41
06/19/2023,EAU,WI,AGL,CE,Federal Contract Tower,2,7,13,0,22,0,2,34,0,36,2,9,47,0,58,12,0,12,70
06/20/2023,EAU,WI,AGL,CE,Federal Contract Tower,0,5,15,0,20,0,1,28,3,32,0,6,43,3,52,8,0,8,60
06/21/2023,EAU,WI,AGL,CE,Federal Contract Tower,1,2,23,0,26,0,2,52,0,54,1,4,75,0,80,30,0,30,110
06/22/2023,EAU,WI,AGL,CE,Federal Contract Tower,0,3,25,0,28,0,4,31,2,37,0,7,56,2,65,12,0,12,77
06/23/2023,EAU,WI,AGL,CE,Federal Contract Tower,4,1,13,0,18,0,3,36,0,39,4,4,49,0,57,34,0,34,91
06/24/2023,EAU,WI,AGL,CE,Federal Contract Tower,0,2,12,0,14,0,5,43,1,49,0,7,55,1,63,16,0,16,79
06/25/2023,EAU,WI,AGL,CE,Federal Contract Tower,0,2,8,0,10,0,0,0,0,0,0,2,8,0,10,0,0,0,10
06/26/2023,EAU,WI,AGL,CE,Federal Contract Tower,4,14,15,0,33,0,6,23,2,31,4,20,38,2,64,16,0,16,80
06/27/2023,EAU,WI,AGL,CE,Federal Contract Tower,0,0,12,0,12,0,0,0,0,0,0,0,12,0,12,24,0,24,36
06/28/2023,EAU,WI,AGL,CE,Federal Contract Tower,1,0,16,1,18,0,0,11,0,11,1,0,27,1,29,0,0,0,29
06/29/2023,EAU,WI,AGL,CE,Federal Contract Tower,0,2,8,1,11,0,4,29,5,38,0,6,37,6,49,36,0,36,85
06/30/2023,EAU,WI,AGL,CE,Federal Contract Tower,4,0,14,1,19,0,2,35,1,38,4,2,49,2,57,6,0,6,63
07/01/2023,EAU,WI,AGL,CE,Federal Contract Tower,0,1,13,0,14,0,2,25,0,27,0,3,38,0,41,6,0,6,47
07/02/2023,EAU,WI,AGL,CE,Federal Contract Tower,0,0,0,0,0,0,6,39,2,47,0,6,39,2,47,60,0,60,107
07/03/2023,EAU,WI,AGL,CE,Federal Contract Tower,4,2,6,0,12,0,2,30,0,32,4,4,36,0,44,42,0,42,86
07/04/2023,EAU,WI,AGL,CE,Federal Contract Tower,0,0,5,0,5,0,8,27,0,35,0,8,32,0,40,18,0,18,58
07/05/2023,EAU,WI,AGL,CE,Federal Contract Tower,1,6,23,0,30,0,2,14,0,16,1,8,37,0,46,0,0,0,46
07/06/2023,EAU,WI,AGL,CE,Federal Contract Tower,0,1,21,0,22,0,4,26,0,30,0,5,47,0,52,16,0,16,68
07/07/2023,EAU,WI,AGL,CE,Federal Contract Tower,4,7,22,2,35,0,2,24,1,27,4,9,46,3,62,4,0,4,66
07/08/2023,EAU,WI,AGL,CE,Federal Contract Tower,0,2,15,0,17,0,7,47,4,58,0,9,62,4,75,28,0,28,103
07/09/2023,EAU,WI,AGL,CE,Federal Contract Tower,0,2,4,0,6,0,0,24,0,24,0,2,28,0,30,32,0,32,62
07/10/2023,EAU,WI,AGL,CE,Federal Contract Tower,2,6,12,0,20,0,4,36,0,40,2,10,48,0,60,16,0,16,76
07/11/2023,EAU,WI,AGL,CE,Federal Contract Tower,0,7,26,0,33,0,2,43,0,45,0,9,69,0,78,24,0,24,102
07/12/2023,EAU,WI,AGL,CE,Federal Contract Tower,1,0,28,0,29,0,4,16,2,22,1,4,44,2,51,8,0,8,59
07/13/2023,EAU,WI,AGL,CE,Federal Contract Tower,1,1,21,2,25,0,2,23,2,27,1,3,44,4,52,14,0,14,66
07/14/2023,EAU,WI,AGL,CE,Federal Contract Tower,4,1,9,0,14,0,3,22,0,25,4,4,31,0,39,22,0,22,61
07/15/2023,EAU,WI,AGL,CE,Federal Contract Tower,0,3,19,1,23,0,8,21,2,31,0,11,40,3,54,32,0,32,86
07/16/2023,EAU,WI,AGL,CE,Federal Contract Tower,0,2,19,0,21,0,2,34,0,36,0,4,53,0,57,36,0,36,93
07/17/2023,EAU,WI,AGL,CE,Federal Contract Tower,2,0,14,0,16,0,7,21,3,31,2,7,35,3,47,16,0,16,63
07/18/2023,EAU,WI,AGL,CE,Federal Contract Tower,0,2,21,6,29,0,1,52,5,58,0,3,73,11,87,4,4,8,95
07/19/2023,EAU,WI,AGL,CE,Federal Contract Tower,0,7,17,0,24,0,3,12,6,21,0,10,29,6,45,16,0,16,61
07/20/2023,EAU,WI,AGL,CE,Federal Contract Tower,0,4,17,0,21,0,0,24,0,24,0,4,41,0,45,18,0,18,63
07/21/2023,EAU,WI,AGL,CE,Federal Contract Tower,4,0,10,1,15,0,3,36,1,40,4,3,46,2,55,8,0,8,63
07/22/2023,EAU,WI,AGL,CE,Federal Contract Tower,1,4,5,0,10,0,5,21,1,27,1,9,26,1,37,34,0,34,71
07/23/2023,EAU,WI,AGL,CE,Federal Contract Tower,0,4,17,0,21,0,3,26,0,29,0,7,43,0,50,0,0,0,50
07/24/2023,EAU,WI,AGL,CE,Federal Contract Tower,2,0,11,0,13,0,0,21,6,27,2,0,32,6,40,12,0,12,52
07/25/2023,EAU,WI,AGL,CE,Federal Contract Tower,0,2,14,0,16,0,5,21,0,26,0,7,35,0,42,12,0,12,54
07/26/2023,EAU,WI,AGL,CE,Federal Contract Tower,3,0,26,0,29,0,1,38,4,43,3,1,64,4,72,12,0,12,84
07/27/2023,EAU,WI,AGL,CE,Federal Contract Tower,0,3,12,0,15,0,3,19,0,22,0,6,31,0,37,14,2,16,53
07/28/2023,EAU,WI,AGL,CE,Federal Contract Tower,4,2,13,0,19,0,5,30,0,35,4,7,43,0,54,12,0,12,66
07/29/2023,EAU,WI,AGL,CE,Federal Contract Tower,0,0,9,0,9,0,2,36,0,38,0,2,45,0,47,26,0,26,73
07/30/2023,EAU,WI,AGL,CE,Federal Contract Tower,0,5,6,0,11,0,2,39,0,41,0,7,45,0,52,42,0,42,94
07/31/2023,EAU,WI,AGL,CE,Federal Contract Tower,4,5,13,0,22,0,3,36,0,39,4,8,49,0,61,8,0,8,69
08/01/2023,EAU,WI,AGL,CE,Federal Contract Tower,0,3,17,0,20,0,2,30,1,33,0,5,47,1,53,8,0,8,61
08/02/2023,EAU,WI,AGL,CE,Federal Contract Tower,1,0,20,0,21,0,2,36,1,39,1,2,56,1,60,6,0,6,66
08/03/2023,EAU,WI,AGL,CE,Federal Contract Tower,0,2,15,0,17,0,2,36,0,38,0,4,51,0,55,26,0,26,81
08/04/2023,EAU,WI,AGL,CE,Federal Contract Tower,4,3,20,0,27,0,11,40,2,53,4,14,60,2,80,14,0,14,94
08/05/2023,EAU,WI,AGL,CE,Federal Contract Tower,0,6,5,1,12,0,4,26,13,43,0,10,31,14,55,22,0,22,77
08/06/2023,EAU,WI,AGL,CE,Federal Contract Tower,0,0,4,0,4,0,4,17,0,21,0,4,21,0,25,20,0,20,45
08/07/2023,EAU,WI,AGL,CE,Federal Contract Tower,4,1,13,1,19,0,2,18,3,23,4,3,31,4,42,6,0,6,48
08/08/2023,EAU,WI,AGL,CE,Federal Contract Tower,0,2,22,0,24,0,5,44,1,50,0,7,66,1,74,12,0,12,86
08/09/2023,EAU,WI,AGL,CE,Federal Contract Tower,1,4,12,2,19,0,4,27,0,31,1,8,39,2,50,18,0,18,68
08/10/2023,EAU,WI,AGL,CE,Federal Contract Tower,0,0,11,9,20,0,2,42,3,47,0,2,53,12,67,24,30,54,121
08/11/2023,EAU,WI,AGL,CE,Federal Contract Tower,4,2,9,2,17,0,4,7,0,11,4,6,16,2,28,2,0,2,30
08/12/2023,EAU,WI,AGL,CE,Federal Contract Tower,0,0,9,4,13,0,4,48,4,56,0,4,57,8,69,8,0,8,77
08/13/2023,EAU,WI,AGL,CE,Federal Contract Tower,0,6,11,2,19,0,5,13,0,18,0,11,24,2,37,10,0,10,47
08/14/2023,EAU,WI,AGL,CE,Federal Contract Tower,4,3,21,0,28,0,0,11,0,11,4,3,32,0,39,6,0,6,45
08/15/2023,EAU,WI,AGL,CE,Federal Contract Tower,0,3,16,10,29,0,4,41,3,48,0,7,57,13,77,16,16,32,109
08/16/2023,EAU,WI,AGL,CE,Federal Contract Tower,1,0,16,0,17,0,4,15,0,19,1,4,31,0,36,12,0,12,48
08/17/2023,EAU,WI,AGL,CE,Federal Contract Tower,0,2,19,0,21,0,3,12,2,17,0,5,31,2,38,0,0,0,38
08/18/2023,EAU,WI,AGL,CE,Federal Contract Tower,4,4,19,0,27,0,0,41,0,41,4,4,60,0,68,18,0,18,86
08/19/2023,EAU,WI,AGL,CE,Federal Contract Tower,0,0,9,0,9,0,4,21,0,25,0,4,30,0,34,10,0,10,44
08/20/2023,EAU,WI,AGL,CE,Federal Contract Tower,0,0,6,0,6,0,2,37,0,39,0,2,43,0,45,42,0,42,87
08/21/2023,EAU,WI,AGL,CE,Federal Contract Tower,4,1,11,0,16,0,6,20,0,26,4,7,31,0,42,44,0,44,86
08/22/2023,EAU,WI,AGL,CE,Federal Contract Tower,0,1,37,0,38,0,2,15,0,17,0,3,52,0,55,20,0,20,75
08/23/2023,EAU,WI,AGL,CE,Federal Contract Tower,1,9,23,1,34,0,5,21,1,27,1,14,44,2,61,20,0,20,81
08/24/2023,EAU,WI,AGL,CE,Federal Contract Tower,0,0,29,0,29,0,3,33,0,36,0,3,62,0,65,6,0,6,71
08/25/2023,EAU,WI,AGL,CE,Federal Contract Tower,4,0,21,0,25,0,0,21,0,21,4,0,42,0,46,24,0,24,70
08/26/2023,EAU,WI,AGL,CE,Federal Contract Tower,0,1,18,0,19,0,3,17,0,20,0,4,35,0,39,4,0,4,43
08/27/2023,EAU,WI,AGL,CE,Federal Contract Tower,0,0,2,0,2,0,7,61,0,68,0,7,63,0,70,40,0,40,110
08/28/2023,EAU,WI,AGL,CE,Federal Contract Tower,4,4,9,0,17,0,4,30,1,35,4,8,39,1,52,10,2,12,64
08/29/2023,EAU,WI,AGL,CE,Federal Contract Tower,0,3,17,0,20,0,5,29,0,34,0,8,46,0,54,10,0,10,64
08/30/2023,EAU,WI,AGL,CE,Federal Contract Tower,1,4,16,0,21,0,0,41,0,41,1,4,57,0,62,34,0,34,96
08/31/2023,EAU,WI,AGL,CE,Federal Contract Tower,2,0,13,6,21,0,4,27,4,35,2,4,40,10,56,0,0,0,56
