01/01/2020,ECP,FL,ASO,ES,Federal Contract Tower,25,14,60,0,99,0,0,57,0,57,25,14,117,0,156,18,0,18,174
01/02/2020,ECP,FL,ASO,ES,Federal Contract Tower,26,19,59,0,104,0,0,24,0,24,26,19,83,0,128,22,0,22,150
01/03/2020,ECP,FL,ASO,ES,Federal Contract Tower,29,11,21,4,65,0,0,0,0,0,29,11,21,4,65,0,0,0,65
01/04/2020,ECP,FL,ASO,ES,Federal Contract Tower,30,18,58,0,106,0,2,8,0,10,30,20,66,0,116,2,0,2,118
01/05/2020,ECP,FL,ASO,ES,Federal Contract Tower,28,13,44,0,85,0,7,46,0,53,28,20,90,0,138,18,0,18,156
01/06/2020,ECP,FL,ASO,ES,Federal Contract Tower,31,16,36,12,95,0,2,48,0,50,31,18,84,12,145,32,14,46,191
01/07/2020,ECP,FL,ASO,ES,Federal Contract Tower,31,6,19,2,58,0,22,2,0,24,31,28,21,2,82,34,26,60,142
01/08/2020,ECP,FL,ASO,ES,Federal Contract Tower,29,7,24,24,84,0,1,45,5,51,29,8,69,29,135,26,60,86,221
01/09/2020,ECP,FL,ASO,ES,Federal Contract Tower,29,10,34,7,80,0,3,27,0,30,29,13,61,7,110,26,0,26,136
01/10/2020,ECP,FL,ASO,ES,Federal Contract Tower,31,3,27,36,97,0,3,12,4,19,31,6,39,40,116,16,28,44,160
01/11/2020,ECP,FL,ASO,ES,Federal Contract Tower,22,1,3,0,26,0,0,0,0,0,22,1,3,0,26,0,0,0,26
01/12/2020,ECP,FL,ASO,ES,Federal Contract Tower,28,5,28,0,61,0,0,16,0,16,28,5,44,0,77,46,0,46,123
01/13/2020,ECP,FL,ASO,ES,Federal Contract Tower,30,1,27,38,96,0,1,1,0,2,30,2,28,38,98,0,0,0,98
01/14/2020,ECP,FL,ASO,ES,Federal Contract Tower,30,10,27,102,169,0,1,24,0,25,30,11,51,102,194,74,38,112,306
01/15/2020,ECP,FL,ASO,ES,Federal Contract Tower,30,15,48,62,155,0,1,8,0,9,30,16,56,62,164,12,26,38,202
01/16/2020,ECP,FL,ASO,ES,Federal Contract Tower,30,18,43,42,133,0,0,6,2,8,30,18,49,44,141,2,12,14,155
01/17/2020,ECP,FL,ASO,ES,Federal Contract Tower,30,16,54,7,107,0,2,24,1,27,30,18,78,8,134,16,2,18,152
01/18/2020,ECP,FL,ASO,ES,Federal Contract Tower,24,8,19,1,52,0,0,11,0,11,24,8,30,1,63,16,0,16,79
01/19/2020,ECP,FL,ASO,ES,Federal Contract Tower,28,8,42,0,78,0,0,7,0,7,28,8,49,0,85,2,0,2,87
01/20/2020,ECP,FL,ASO,ES,Federal Contract Tower,32,13,59,0,104,0,0,40,0,40,32,13,99,0,144,32,0,32,176
01/21/2020,ECP,FL,ASO,ES,Federal Contract Tower,30,8,31,42,111,0,0,18,0,18,30,8,49,42,129,38,8,46,175
01/22/2020,ECP,FL,ASO,ES,Federal Contract Tower,30,6,32,12,80,0,0,27,4,31,30,6,59,16,111,30,26,56,167
01/23/2020,ECP,FL,ASO,ES,Federal Contract Tower,30,9,38,38,115,0,2,17,0,19,30,11,55,38,134,6,18,24,158
01/24/2020,ECP,FL,ASO,ES,Federal Contract Tower,30,11,32,22,95,0,0,8,0,8,30,11,40,22,103,0,8,8,111
01/25/2020,ECP,FL,ASO,ES,Federal Contract Tower,25,5,22,5,57,0,2,65,2,69,25,7,87,7,126,90,0,90,216
01/26/2020,ECP,FL,ASO,ES,Federal Contract Tower,32,9,31,4,76,0,0,13,0,13,32,9,44,4,89,10,0,10,99
01/27/2020,ECP,FL,ASO,ES,Federal Contract Tower,32,8,41,8,89,0,0,6,0,6,32,8,47,8,95,20,26,46,141
01/28/2020,ECP,FL,ASO,ES,Federal Contract Tower,29,12,31,6,78,0,0,43,4,47,29,12,74,10,125,24,32,56,181
01/29/2020,ECP,FL,ASO,ES,Federal Contract Tower,30,11,29,8,78,0,0,5,2,7,30,11,34,10,85,0,6,6,91
01/30/2020,ECP,FL,ASO,ES,Federal Contract Tower,30,8,32,3,73,0,2,30,0,32,30,10,62,3,105,46,12,58,163
01/31/2020,ECP,FL,ASO,ES,Federal Contract Tower,31,11,33,8,83,0,0,0,0,0,31,11,33,8,83,0,0,0,83
02/01/2020,ECP,FL,ASO,ES,Federal Contract Tower,27,6,50,0,83,0,0,2,0,2,27,6,52,0,85,2,0,2,87
02/02/2020,ECP,FL,ASO,ES,Federal Contract Tower,30,12,35,0,77,0,2,45,0,47,30,14,80,0,124,60,0,60,184
02/03/2020,ECP,FL,ASO,ES,Federal Contract Tower,34,19,27,6,86,0,2,40,2,44,34,21,67,8,130,50,0,50,180
02/04/2020,ECP,FL,ASO,ES,Federal Contract Tower,32,9,22,42,105,0,0,31,7,38,32,9,53,49,143,50,24,74,217
02/05/2020,ECP,FL,ASO,ES,Federal Contract Tower,32,8,33,18,91,0,0,0,0,0,32,8,33,18,91,0,0,0,91
02/06/2020,ECP,FL,ASO,ES,Federal Contract Tower,30,8,14,0,52,0,0,0,0,0,30,8,14,0,52,0,0,0,52
02/07/2020,ECP,FL,ASO,ES,Federal Contract Tower,27,13,40,44,124,0,6,28,9,43,27,19,68,53,167,30,56,86,253
02/08/2020,ECP,FL,ASO,ES,Federal Contract Tower,23,2,31,2,58,0,2,32,0,34,23,4,63,2,92,12,0,12,104
02/09/2020,ECP,FL,ASO,ES,Federal Contract Tower,32,5,50,8,95,0,2,47,0,49,32,7,97,8,144,42,6,48,192
02/10/2020,ECP,FL,ASO,ES,Federal Contract Tower,31,8,39,72,150,0,2,31,1,34,31,10,70,73,184,8,36,44,228
02/11/2020,ECP,FL,ASO,ES,Federal Contract Tower,30,9,40,33,112,0,0,0,0,0,30,9,40,33,112,0,0,0,112
02/12/2020,ECP,FL,ASO,ES,Federal Contract Tower,28,17,40,25,110,0,0,0,0,0,28,17,40,25,110,0,0,0,110
02/13/2020,ECP,FL,ASO,ES,Federal Contract Tower,28,21,44,4,97,0,0,2,2,4,28,21,46,6,101,18,14,32,133
02/14/2020,ECP,FL,ASO,ES,Federal Contract Tower,30,18,79,8,135,0,2,24,0,26,30,20,103,8,161,38,0,38,199
02/15/2020,ECP,FL,ASO,ES,Federal Contract Tower,25,9,32,0,66,0,2,45,0,47,25,11,77,0,113,40,2,42,155
02/16/2020,ECP,FL,ASO,ES,Federal Contract Tower,30,13,59,0,102,0,0,1,0,1,30,13,60,0,103,0,0,0,103
02/17/2020,ECP,FL,ASO,ES,Federal Contract Tower,34,11,60,1,106,0,0,1,0,1,34,11,61,1,107,16,0,16,123
02/18/2020,ECP,FL,ASO,ES,Federal Contract Tower,29,13,31,33,106,0,0,10,0,10,29,13,41,33,116,16,18,34,150
02/19/2020,ECP,FL,ASO,ES,Federal Contract Tower,32,21,42,15,110,0,0,20,7,27,32,21,62,22,137,44,32,76,213
02/20/2020,ECP,FL,ASO,ES,Federal Contract Tower,32,8,39,26,105,0,0,0,0,0,32,8,39,26,105,0,0,0,105
02/21/2020,ECP,FL,ASO,ES,Federal Contract Tower,31,13,44,15,103,0,2,13,6,21,31,15,57,21,124,8,32,40,164
02/22/2020,ECP,FL,ASO,ES,Federal Contract Tower,26,5,20,0,51,0,4,50,0,54,26,9,70,0,105,26,0,26,131
02/24/2020,ECP,FL,ASO,ES,Federal Contract Tower,34,7,33,16,90,0,0,14,4,18,34,7,47,20,108,6,10,16,124
02/25/2020,ECP,FL,ASO,ES,Federal Contract Tower,31,7,41,3,82,0,0,17,0,17,31,7,58,3,99,32,0,32,131
02/26/2020,ECP,FL,ASO,ES,Federal Contract Tower,30,15,30,6,81,0,4,19,6,29,30,19,49,12,110,4,22,26,136
02/27/2020,ECP,FL,ASO,ES,Federal Contract Tower,32,18,59,16,125,0,0,38,5,43,32,18,97,21,168,22,76,98,266
02/28/2020,ECP,FL,ASO,ES,Federal Contract Tower,30,15,54,13,112,0,0,50,3,53,30,15,104,16,165,14,40,54,219
02/29/2020,ECP,FL,ASO,ES,Federal Contract Tower,26,11,41,0,78,0,0,38,2,40,26,11,79,2,118,20,0,20,138
03/01/2020,ECP,FL,ASO,ES,Federal Contract Tower,30,11,52,0,93,0,0,44,0,44,30,11,96,0,137,54,18,72,209
03/02/2020,ECP,FL,ASO,ES,Federal Contract Tower,31,12,48,14,105,0,0,13,1,14,31,12,61,15,119,12,10,22,141
03/03/2020,ECP,FL,ASO,ES,Federal Contract Tower,30,19,32,32,113,0,0,3,6,9,30,19,35,38,122,0,18,18,140
03/04/2020,ECP,FL,ASO,ES,Federal Contract Tower,28,9,12,6,55,0,0,0,0,0,28,9,12,6,55,0,0,0,55
03/05/2020,ECP,FL,ASO,ES,Federal Contract Tower,29,7,35,18,89,0,0,2,0,2,29,7,37,18,91,6,0,6,97
03/06/2020,ECP,FL,ASO,ES,Federal Contract Tower,30,13,66,4,113,0,2,25,2,29,30,15,91,6,142,34,14,48,190
03/07/2020,ECP,FL,ASO,ES,Federal Contract Tower,63,13,34,7,117,0,5,48,0,53,63,18,82,7,170,30,0,30,200
03/08/2020,ECP,FL,ASO,ES,Federal Contract Tower,34,14,54,2,104,0,0,53,0,53,34,14,107,2,157,58,16,74,231
03/09/2020,ECP,FL,ASO,ES,Federal Contract Tower,37,11,47,36,131,0,0,38,2,40,37,11,85,38,171,36,26,62,233
03/10/2020,ECP,FL,ASO,ES,Federal Contract Tower,34,12,35,21,102,0,4,27,1,32,34,16,62,22,134,24,12,36,170
03/11/2020,ECP,FL,ASO,ES,Federal Contract Tower,36,9,44,12,101,0,0,15,0,15,36,9,59,12,116,36,4,40,156
03/12/2020,ECP,FL,ASO,ES,Federal Contract Tower,36,13,54,6,109,0,1,45,0,46,36,14,99,6,155,34,18,52,207
03/13/2020,ECP,FL,ASO,ES,Federal Contract Tower,34,15,69,14,132,0,0,50,0,50,34,15,119,14,182,36,24,60,242
03/14/2020,ECP,FL,ASO,ES,Federal Contract Tower,61,31,59,12,163,0,2,53,0,55,61,33,112,12,218,86,0,86,304
03/16/2020,ECP,FL,ASO,ES,Federal Contract Tower,36,20,55,11,122,0,0,40,14,54,36,20,95,25,176,34,20,54,230
03/17/2020,ECP,FL,ASO,ES,Federal Contract Tower,35,16,42,54,147,0,2,25,5,32,35,18,67,59,179,28,46,74,253
03/18/2020,ECP,FL,ASO,ES,Federal Contract Tower,38,20,25,39,122,0,0,27,3,30,38,20,52,42,152,24,32,56,208
03/19/2020,ECP,FL,ASO,ES,Federal Contract Tower,33,20,31,26,110,0,1,40,6,47,33,21,71,32,157,32,24,56,213
03/20/2020,ECP,FL,ASO,ES,Federal Contract Tower,28,9,54,22,113,0,0,21,0,21,28,9,75,22,134,16,28,44,178
03/21/2020,ECP,FL,ASO,ES,Federal Contract Tower,57,14,70,0,141,0,1,14,0,15,57,15,84,0,156,38,0,38,194
03/22/2020,ECP,FL,ASO,ES,Federal Contract Tower,29,11,37,2,79,0,0,20,0,20,29,11,57,2,99,8,0,8,107
03/23/2020,ECP,FL,ASO,ES,Federal Contract Tower,27,10,31,30,98,0,0,10,0,10,27,10,41,30,108,12,6,18,126
03/24/2020,ECP,FL,ASO,ES,Federal Contract Tower,25,9,23,19,76,0,0,6,2,8,25,9,29,21,84,20,28,48,132
03/25/2020,ECP,FL,ASO,ES,Federal Contract Tower,25,16,36,12,89,0,0,19,2,21,25,16,55,14,110,41,28,69,179
03/26/2020,ECP,FL,ASO,ES,Federal Contract Tower,21,12,26,5,64,0,1,30,6,37,21,13,56,11,101,28,60,88,189
03/27/2020,ECP,FL,ASO,ES,Federal Contract Tower,16,7,29,8,60,0,0,33,2,35,16,7,62,10,95,8,34,42,137
03/28/2020,ECP,FL,ASO,ES,Federal Contract Tower,23,7,16,0,46,0,2,42,0,44,23,9,58,0,90,22,0,22,112
03/29/2020,ECP,FL,ASO,ES,Federal Contract Tower,21,7,22,4,54,0,2,16,0,18,21,9,38,4,72,16,0,16,88
03/30/2020,ECP,FL,ASO,ES,Federal Contract Tower,19,12,21,11,63,0,1,38,0,39,19,13,59,11,102,59,14,73,175
04/01/2020,ECP,FL,ASO,ES,Federal Contract Tower,25,7,16,4,52,0,0,29,3,32,25,7,45,7,84,42,18,60,144
04/02/2020,ECP,FL,ASO,ES,Federal Contract Tower,23,11,19,18,71,0,0,28,5,33,23,11,47,23,104,22,38,60,164
04/03/2020,ECP,FL,ASO,ES,Federal Contract Tower,17,8,18,12,55,0,0,29,0,29,17,8,47,12,84,12,10,22,106
04/04/2020,ECP,FL,ASO,ES,Federal Contract Tower,32,5,16,1,54,0,0,26,0,26,32,5,42,1,80,24,0,24,104
04/05/2020,ECP,FL,ASO,ES,Federal Contract Tower,18,9,18,0,45,0,0,35,0,35,18,9,53,0,80,2,0,2,82
04/06/2020,ECP,FL,ASO,ES,Federal Contract Tower,24,6,15,0,45,0,0,28,0,28,24,6,43,0,73,0,0,0,73
04/07/2020,ECP,FL,ASO,ES,Federal Contract Tower,29,6,18,8,61,0,0,23,2,25,29,6,41,10,86,18,18,36,122
04/08/2020,ECP,FL,ASO,ES,Federal Contract Tower,23,14,19,8,64,0,0,2,0,2,23,14,21,8,66,0,0,0,66
04/09/2020,ECP,FL,ASO,ES,Federal Contract Tower,22,8,30,3,63,0,0,23,2,25,22,8,53,5,88,10,6,16,104
04/10/2020,ECP,FL,ASO,ES,Federal Contract Tower,23,6,24,0,53,0,0,24,0,24,23,6,48,0,77,12,0,12,89
04/11/2020,ECP,FL,ASO,ES,Federal Contract Tower,35,3,15,0,53,0,0,34,4,38,35,3,49,4,91,32,0,32,123
04/12/2020,ECP,FL,ASO,ES,Federal Contract Tower,22,0,4,0,26,0,0,0,0,0,22,0,4,0,26,0,0,0,26
04/13/2020,ECP,FL,ASO,ES,Federal Contract Tower,22,8,30,4,64,0,1,20,10,31,22,9,50,14,95,0,44,44,139
04/14/2020,ECP,FL,ASO,ES,Federal Contract Tower,20,9,16,5,50,0,0,27,0,27,20,9,43,5,77,16,0,16,93
04/15/2020,ECP,FL,ASO,ES,Federal Contract Tower,20,5,24,2,51,0,2,12,0,14,20,7,36,2,65,2,0,2,67
04/16/2020,ECP,FL,ASO,ES,Federal Contract Tower,19,4,32,6,61,0,2,37,6,45,19,6,69,12,106,16,54,70,176
04/17/2020,ECP,FL,ASO,ES,Federal Contract Tower,15,12,30,0,57,0,0,28,2,30,15,12,58,2,87,0,44,44,131
04/18/2020,ECP,FL,ASO,ES,Federal Contract Tower,22,2,12,0,36,0,0,8,0,8,22,2,20,0,44,14,0,14,58
04/19/2020,ECP,FL,ASO,ES,Federal Contract Tower,12,2,5,1,20,1,2,8,0,11,13,4,13,1,31,10,0,10,41
04/20/2020,ECP,FL,ASO,ES,Federal Contract Tower,16,3,32,2,53,0,0,13,0,13,16,3,45,2,66,4,12,16,82
04/21/2020,ECP,FL,ASO,ES,Federal Contract Tower,17,9,24,9,59,0,1,38,4,43,17,10,62,13,102,34,8,42,144
04/22/2020,ECP,FL,ASO,ES,Federal Contract Tower,16,7,29,15,67,0,2,32,13,47,16,9,61,28,114,34,78,112,226
04/23/2020,ECP,FL,ASO,ES,Federal Contract Tower,17,4,11,0,32,0,0,3,0,3,17,4,14,0,35,0,0,0,35
04/24/2020,ECP,FL,ASO,ES,Federal Contract Tower,20,16,50,6,92,0,2,41,0,43,20,18,91,6,135,46,2,48,183
04/25/2020,ECP,FL,ASO,ES,Federal Contract Tower,28,6,13,6,53,0,0,23,0,23,28,6,36,6,76,34,0,34,110
04/26/2020,ECP,FL,ASO,ES,Federal Contract Tower,15,5,44,4,68,0,0,48,0,48,15,5,92,4,116,48,28,76,192
04/27/2020,ECP,FL,ASO,ES,Federal Contract Tower,18,7,26,0,51,0,4,42,0,46,18,11,68,0,97,16,2,18,115
04/28/2020,ECP,FL,ASO,ES,Federal Contract Tower,16,10,33,16,75,0,0,33,8,41,16,10,66,24,116,30,76,106,222
04/29/2020,ECP,FL,ASO,ES,Federal Contract Tower,16,9,9,0,34,0,0,8,0,8,16,9,17,0,42,18,0,18,60
04/30/2020,ECP,FL,ASO,ES,Federal Contract Tower,18,21,68,0,107,0,0,25,2,27,18,21,93,2,134,28,24,52,186
05/01/2020,ECP,FL,ASO,ES,Federal Contract Tower,19,23,70,6,118,0,2,64,0,66,19,25,134,6,184,36,10,46,230
05/02/2020,ECP,FL,ASO,ES,Federal Contract Tower,25,10,32,18,85,0,0,73,0,73,25,10,105,18,158,46,0,46,204
05/03/2020,ECP,FL,ASO,ES,Federal Contract Tower,16,13,48,2,79,0,0,50,0,50,16,13,98,2,129,34,0,34,163
05/04/2020,ECP,FL,ASO,ES,Federal Contract Tower,19,10,35,11,75,0,0,45,2,47,19,10,80,13,122,18,26,44,166
05/05/2020,ECP,FL,ASO,ES,Federal Contract Tower,17,14,36,2,69,0,2,29,4,35,17,16,65,6,104,6,14,20,124
05/06/2020,ECP,FL,ASO,ES,Federal Contract Tower,14,16,50,8,88,2,0,28,7,37,16,16,78,15,125,14,70,84,209
05/07/2020,ECP,FL,ASO,ES,Federal Contract Tower,19,16,50,14,99,0,3,42,4,49,19,19,92,18,148,14,18,32,180
05/08/2020,ECP,FL,ASO,ES,Federal Contract Tower,17,20,53,21,111,0,2,23,14,39,17,22,76,35,150,8,36,44,194
05/09/2020,ECP,FL,ASO,ES,Federal Contract Tower,16,12,57,0,85,0,0,29,0,29,16,12,86,0,114,18,0,18,132
05/10/2020,ECP,FL,ASO,ES,Federal Contract Tower,17,13,48,1,79,0,0,30,0,30,17,13,78,1,109,38,0,38,147
05/11/2020,ECP,FL,ASO,ES,Federal Contract Tower,16,19,66,8,109,0,0,39,0,39,16,19,105,8,148,28,0,28,176
05/12/2020,ECP,FL,ASO,ES,Federal Contract Tower,18,12,43,14,87,0,5,46,2,53,18,17,89,16,140,12,6,18,158
05/13/2020,ECP,FL,ASO,ES,Federal Contract Tower,15,17,74,5,111,0,3,42,1,46,15,20,116,6,157,22,17,39,196
05/14/2020,ECP,FL,ASO,ES,Federal Contract Tower,19,15,68,16,118,0,2,34,6,42,19,17,102,22,160,8,46,54,214
05/15/2020,ECP,FL,ASO,ES,Federal Contract Tower,20,19,71,39,149,0,2,36,6,44,20,21,107,45,193,14,84,98,291
05/16/2020,ECP,FL,ASO,ES,Federal Contract Tower,18,13,33,2,66,0,0,45,0,45,18,13,78,2,111,50,0,50,161
05/17/2020,ECP,FL,ASO,ES,Federal Contract Tower,21,22,49,6,98,0,0,36,0,36,21,22,85,6,134,30,0,30,164
05/18/2020,ECP,FL,ASO,ES,Federal Contract Tower,20,14,42,0,76,0,0,7,0,7,20,14,49,0,83,6,12,18,101
05/19/2020,ECP,FL,ASO,ES,Federal Contract Tower,18,20,33,8,79,0,1,58,3,62,18,21,91,11,141,35,14,49,190
05/20/2020,ECP,FL,ASO,ES,Federal Contract Tower,22,27,52,8,109,0,0,9,0,9,22,27,61,8,118,10,0,10,128
05/21/2020,ECP,FL,ASO,ES,Federal Contract Tower,24,33,85,16,158,0,6,15,0,21,24,39,100,16,179,48,0,48,227
05/22/2020,ECP,FL,ASO,ES,Federal Contract Tower,30,44,117,5,196,0,2,58,0,60,30,46,175,5,256,44,0,44,300
05/23/2020,ECP,FL,ASO,ES,Federal Contract Tower,27,28,75,0,130,0,0,55,0,55,27,28,130,0,185,30,0,30,215
05/24/2020,ECP,FL,ASO,ES,Federal Contract Tower,20,12,37,0,69,0,2,45,0,47,20,14,82,0,116,34,0,34,150
05/25/2020,ECP,FL,ASO,ES,Federal Contract Tower,24,16,78,0,118,0,0,32,0,32,24,16,110,0,150,42,0,42,192
05/26/2020,ECP,FL,ASO,ES,Federal Contract Tower,22,39,74,58,193,0,0,7,0,7,22,39,81,58,200,12,66,78,278
05/27/2020,ECP,FL,ASO,ES,Federal Contract Tower,23,31,56,51,161,0,0,25,2,27,23,31,81,53,188,30,34,64,252
05/28/2020,ECP,FL,ASO,ES,Federal Contract Tower,23,24,69,27,143,0,1,40,0,41,23,25,109,27,184,128,22,150,334
05/29/2020,ECP,FL,ASO,ES,Federal Contract Tower,22,38,59,39,158,0,2,38,6,46,22,40,97,45,204,74,58,132,336
05/30/2020,ECP,FL,ASO,ES,Federal Contract Tower,26,30,115,0,171,0,4,42,0,46,26,34,157,0,217,34,0,34,251
05/31/2020,ECP,FL,ASO,ES,Federal Contract Tower,26,17,76,0,119,0,0,54,0,54,26,17,130,0,173,48,0,48,221
06/01/2020,ECP,FL,ASO,ES,Federal Contract Tower,26,22,40,12,100,0,1,38,1,40,26,23,78,13,140,4,18,22,162
06/02/2020,ECP,FL,ASO,ES,Federal Contract Tower,20,23,52,10,105,0,0,23,2,25,20,23,75,12,130,22,14,36,166
06/03/2020,ECP,FL,ASO,ES,Federal Contract Tower,24,17,53,6,100,0,0,20,0,20,24,17,73,6,120,28,0,28,148
06/04/2020,ECP,FL,ASO,ES,Federal Contract Tower,26,23,75,21,145,0,2,33,0,35,26,25,108,21,180,96,18,114,294
06/05/2020,ECP,FL,ASO,ES,Federal Contract Tower,26,20,66,46,158,0,0,33,0,33,26,20,99,46,191,42,56,98,289
06/06/2020,ECP,FL,ASO,ES,Federal Contract Tower,31,34,98,4,167,0,2,11,0,13,31,36,109,4,180,24,0,24,204
06/07/2020,ECP,FL,ASO,ES,Federal Contract Tower,37,26,28,0,91,0,0,8,2,10,37,26,36,2,101,2,0,2,103
06/08/2020,ECP,FL,ASO,ES,Federal Contract Tower,30,11,43,34,118,0,0,24,0,24,30,11,67,34,142,20,24,44,186
06/09/2020,ECP,FL,ASO,ES,Federal Contract Tower,20,18,56,29,123,0,1,25,12,38,20,19,81,41,161,30,34,64,225
06/10/2020,ECP,FL,ASO,ES,Federal Contract Tower,21,25,80,34,160,0,3,25,2,30,21,28,105,36,190,16,80,96,286
06/11/2020,ECP,FL,ASO,ES,Federal Contract Tower,38,24,96,2,160,0,2,44,2,48,38,26,140,4,208,78,28,106,314
06/12/2020,ECP,FL,ASO,ES,Federal Contract Tower,42,26,95,15,178,0,0,39,6,45,42,26,134,21,223,26,102,128,351
06/13/2020,ECP,FL,ASO,ES,Federal Contract Tower,44,48,91,0,183,0,0,48,0,48,44,48,139,0,231,68,12,80,311
06/14/2020,ECP,FL,ASO,ES,Federal Contract Tower,39,26,101,0,166,0,0,48,0,48,39,26,149,0,214,22,0,22,236
06/15/2020,ECP,FL,ASO,ES,Federal Contract Tower,39,18,71,20,148,0,0,61,0,61,39,18,132,20,209,20,18,38,247
06/16/2020,ECP,FL,ASO,ES,Federal Contract Tower,23,20,59,6,108,0,0,39,12,51,23,20,98,18,159,44,54,98,257
06/17/2020,ECP,FL,ASO,ES,Federal Contract Tower,24,11,60,21,116,0,0,40,4,44,24,11,100,25,160,42,66,108,268
06/18/2020,ECP,FL,ASO,ES,Federal Contract Tower,40,18,69,14,141,0,2,68,2,72,40,20,137,16,213,14,54,68,281
06/19/2020,ECP,FL,ASO,ES,Federal Contract Tower,46,23,76,12,157,0,0,58,1,59,46,23,134,13,216,32,8,40,256
06/20/2020,ECP,FL,ASO,ES,Federal Contract Tower,55,31,134,0,220,0,0,65,0,65,55,31,199,0,285,66,0,66,351
06/21/2020,ECP,FL,ASO,ES,Federal Contract Tower,43,15,84,0,142,0,0,52,0,52,43,15,136,0,194,82,0,82,276
06/22/2020,ECP,FL,ASO,ES,Federal Contract Tower,44,10,68,28,150,0,0,40,1,41,44,10,108,29,191,24,8,32,223
06/23/2020,ECP,FL,ASO,ES,Federal Contract Tower,36,18,60,0,114,0,0,22,0,22,36,18,82,0,136,18,0,18,154
06/24/2020,ECP,FL,ASO,ES,Federal Contract Tower,35,32,55,25,147,0,0,28,3,31,35,32,83,28,178,26,32,58,236
06/25/2020,ECP,FL,ASO,ES,Federal Contract Tower,43,26,78,26,173,0,0,39,2,41,43,26,117,28,214,62,100,162,376
06/26/2020,ECP,FL,ASO,ES,Federal Contract Tower,44,24,69,8,145,0,0,42,0,42,44,24,111,8,187,36,6,42,229
06/27/2020,ECP,FL,ASO,ES,Federal Contract Tower,46,36,105,6,193,0,0,50,0,50,46,36,155,6,243,70,0,70,313
06/28/2020,ECP,FL,ASO,ES,Federal Contract Tower,43,25,69,12,149,0,43,0,0,43,43,68,69,12,192,44,2,46,238
06/29/2020,ECP,FL,ASO,ES,Federal Contract Tower,41,31,59,11,142,0,0,50,2,52,41,31,109,13,194,68,50,118,312
06/30/2020,ECP,FL,ASO,ES,Federal Contract Tower,40,23,57,2,122,0,0,66,2,68,40,23,123,4,190,47,12,59,249
07/01/2020,ECP,FL,ASO,ES,Federal Contract Tower,40,21,50,4,115,0,1,26,0,27,40,22,76,4,142,30,0,30,172
07/02/2020,ECP,FL,ASO,ES,Federal Contract Tower,48,19,67,12,146,0,0,31,0,31,48,19,98,12,177,66,6,72,249
07/03/2020,ECP,FL,ASO,ES,Federal Contract Tower,47,16,64,0,127,0,0,26,0,26,47,16,90,0,153,44,0,44,197
07/04/2020,ECP,FL,ASO,ES,Federal Contract Tower,50,22,46,0,118,1,1,27,0,29,51,23,73,0,147,30,0,30,177
07/05/2020,ECP,FL,ASO,ES,Federal Contract Tower,48,41,93,0,182,0,0,34,0,34,48,41,127,0,216,52,0,52,268
07/06/2020,ECP,FL,ASO,ES,Federal Contract Tower,44,29,57,0,130,0,0,25,0,25,44,29,82,0,155,44,0,44,199
07/07/2020,ECP,FL,ASO,ES,Federal Contract Tower,47,23,43,0,113,0,0,16,2,18,47,23,59,2,131,24,4,28,159
07/08/2020,ECP,FL,ASO,ES,Federal Contract Tower,45,19,45,13,122,0,0,29,3,32,45,19,74,16,154,56,60,116,270
07/09/2020,ECP,FL,ASO,ES,Federal Contract Tower,48,18,53,0,119,0,0,27,2,29,48,18,80,2,148,106,8,114,262
07/10/2020,ECP,FL,ASO,ES,Federal Contract Tower,51,34,73,4,162,0,0,38,0,38,51,34,111,4,200,90,32,122,322
07/11/2020,ECP,FL,ASO,ES,Federal Contract Tower,65,37,77,2,181,0,0,64,6,70,65,37,141,8,251,128,0,128,379
07/12/2020,ECP,FL,ASO,ES,Federal Contract Tower,55,30,71,2,158,0,0,0,0,0,55,30,71,2,158,39,0,39,197
07/13/2020,ECP,FL,ASO,ES,Federal Contract Tower,45,8,32,10,95,0,2,30,7,39,45,10,62,17,134,60,20,80,214
07/14/2020,ECP,FL,ASO,ES,Federal Contract Tower,45,11,33,4,93,0,7,37,10,54,45,18,70,14,147,54,28,82,229
07/15/2020,ECP,FL,ASO,ES,Federal Contract Tower,44,17,29,19,109,0,0,12,0,12,44,17,41,19,121,46,28,74,195
07/16/2020,ECP,FL,ASO,ES,Federal Contract Tower,50,15,46,22,133,0,4,39,6,49,50,19,85,28,182,74,36,110,292
07/17/2020,ECP,FL,ASO,ES,Federal Contract Tower,53,16,76,12,157,0,7,56,0,63,53,23,132,12,220,68,0,68,288
07/18/2020,ECP,FL,ASO,ES,Federal Contract Tower,68,30,82,0,180,0,2,45,0,47,68,32,127,0,227,38,6,44,271
07/19/2020,ECP,FL,ASO,ES,Federal Contract Tower,52,25,60,2,139,0,0,57,0,57,52,25,117,2,196,46,0,46,242
07/20/2020,ECP,FL,ASO,ES,Federal Contract Tower,49,15,38,15,117,0,2,39,1,42,49,17,77,16,159,12,14,26,185
07/21/2020,ECP,FL,ASO,ES,Federal Contract Tower,42,15,31,14,102,0,0,29,1,30,42,15,60,15,132,44,8,52,184
07/22/2020,ECP,FL,ASO,ES,Federal Contract Tower,43,18,44,9,114,0,0,25,3,28,43,18,69,12,142,22,14,36,178
07/23/2020,ECP,FL,ASO,ES,Federal Contract Tower,48,11,50,13,122,0,0,28,0,28,48,11,78,13,150,24,6,30,180
07/24/2020,ECP,FL,ASO,ES,Federal Contract Tower,50,14,57,2,123,0,0,20,0,20,50,14,77,2,143,42,6,48,191
07/25/2020,ECP,FL,ASO,ES,Federal Contract Tower,70,34,75,2,181,0,8,39,1,48,70,42,114,3,229,40,0,40,269
07/26/2020,ECP,FL,ASO,ES,Federal Contract Tower,59,23,69,2,153,0,0,27,0,27,59,23,96,2,180,56,6,62,242
07/27/2020,ECP,FL,ASO,ES,Federal Contract Tower,51,15,36,18,120,0,4,47,0,51,51,19,83,18,171,16,4,20,191
07/28/2020,ECP,FL,ASO,ES,Federal Contract Tower,44,24,54,4,126,0,1,6,0,7,44,25,60,4,133,4,0,4,137
07/29/2020,ECP,FL,ASO,ES,Federal Contract Tower,46,16,54,10,126,0,0,26,0,26,46,16,80,10,152,28,0,28,180
07/30/2020,ECP,FL,ASO,ES,Federal Contract Tower,52,30,52,26,160,0,1,41,4,46,52,31,93,30,206,24,22,46,252
07/31/2020,ECP,FL,ASO,ES,Federal Contract Tower,51,19,70,6,146,0,2,53,1,56,51,21,123,7,202,70,10,80,282
08/01/2020,ECP,FL,ASO,ES,Federal Contract Tower,76,12,74,0,162,0,0,54,0,54,76,12,128,0,216,88,0,88,304
08/02/2020,ECP,FL,ASO,ES,Federal Contract Tower,58,9,77,0,144,0,0,53,0,53,58,9,130,0,197,60,0,60,257
08/03/2020,ECP,FL,ASO,ES,Federal Contract Tower,58,13,55,11,137,0,2,45,5,52,58,15,100,16,189,84,14,98,287
08/04/2020,ECP,FL,ASO,ES,Federal Contract Tower,53,8,58,6,125,0,0,54,0,54,53,8,112,6,179,74,18,92,271
08/05/2020,ECP,FL,ASO,ES,Federal Contract Tower,47,12,47,17,123,0,4,38,0,42,47,16,85,17,165,62,8,70,235
08/06/2020,ECP,FL,ASO,ES,Federal Contract Tower,55,16,54,7,132,0,2,83,10,95,55,18,137,17,227,66,24,90,317
08/07/2020,ECP,FL,ASO,ES,Federal Contract Tower,54,14,51,6,125,0,0,36,0,36,54,14,87,6,161,24,24,48,209
08/08/2020,ECP,FL,ASO,ES,Federal Contract Tower,68,23,79,5,175,0,3,45,0,48,68,26,124,5,223,44,28,72,295
08/09/2020,ECP,FL,ASO,ES,Federal Contract Tower,59,17,72,0,148,0,2,43,0,45,59,19,115,0,193,26,0,26,219
08/10/2020,ECP,FL,ASO,ES,Federal Contract Tower,56,9,40,24,129,0,0,40,2,42,56,9,80,26,171,56,20,76,247
08/11/2020,ECP,FL,ASO,ES,Federal Contract Tower,47,14,33,17,111,0,0,26,2,28,47,14,59,19,139,6,20,26,165
08/12/2020,ECP,FL,ASO,ES,Federal Contract Tower,48,19,45,28,140,0,0,35,3,38,48,19,80,31,178,40,26,66,244
08/13/2020,ECP,FL,ASO,ES,Federal Contract Tower,51,19,56,28,154,0,0,45,0,45,51,19,101,28,199,18,30,48,247
08/14/2020,ECP,FL,ASO,ES,Federal Contract Tower,52,21,52,2,127,0,0,24,0,24,52,21,76,2,151,82,18,100,251
08/15/2020,ECP,FL,ASO,ES,Federal Contract Tower,58,14,45,0,117,0,0,45,0,45,58,14,90,0,162,82,0,82,244
08/16/2020,ECP,FL,ASO,ES,Federal Contract Tower,51,26,60,0,137,0,0,75,0,75,51,26,135,0,212,104,0,104,316
08/17/2020,ECP,FL,ASO,ES,Federal Contract Tower,48,27,61,3,139,0,2,36,0,38,48,29,97,3,177,18,61,79,256
08/18/2020,ECP,FL,ASO,ES,Federal Contract Tower,47,6,41,24,118,0,0,30,7,37,47,6,71,31,155,6,44,50,205
08/19/2020,ECP,FL,ASO,ES,Federal Contract Tower,45,18,40,12,115,0,0,30,2,32,45,18,70,14,147,18,24,42,189
08/20/2020,ECP,FL,ASO,ES,Federal Contract Tower,49,14,60,29,152,0,0,6,1,7,49,14,66,30,159,8,32,40,199
08/21/2020,ECP,FL,ASO,ES,Federal Contract Tower,51,18,42,0,111,0,2,20,0,22,51,20,62,0,133,24,4,28,161
08/22/2020,ECP,FL,ASO,ES,Federal Contract Tower,57,10,38,0,105,0,2,15,0,17,57,12,53,0,122,22,0,22,144
08/23/2020,ECP,FL,ASO,ES,Federal Contract Tower,50,21,45,0,116,0,0,10,0,10,50,21,55,0,126,6,0,6,132
08/24/2020,ECP,FL,ASO,ES,Federal Contract Tower,53,10,11,0,74,0,0,0,0,0,53,10,11,0,74,0,0,0,74
08/25/2020,ECP,FL,ASO,ES,Federal Contract Tower,46,7,27,46,126,0,1,12,0,13,46,8,39,46,139,26,2,28,167
08/26/2020,ECP,FL,ASO,ES,Federal Contract Tower,36,10,43,20,109,0,0,17,0,17,36,10,60,20,126,56,8,64,190
08/27/2020,ECP,FL,ASO,ES,Federal Contract Tower,42,16,49,16,123,0,4,34,0,38,42,20,83,16,161,94,48,142,303
08/28/2020,ECP,FL,ASO,ES,Federal Contract Tower,51,11,39,9,110,0,0,51,2,53,51,11,90,11,163,48,6,54,217
08/29/2020,ECP,FL,ASO,ES,Federal Contract Tower,56,11,18,0,85,0,0,5,0,5,56,11,23,0,90,4,0,4,94
08/30/2020,ECP,FL,ASO,ES,Federal Contract Tower,50,16,30,0,96,0,0,12,0,12,50,16,42,0,108,14,12,26,134
08/31/2020,ECP,FL,ASO,ES,Federal Contract Tower,52,20,34,8,114,0,0,38,3,41,52,20,72,11,155,24,34,58,213
09/01/2020,ECP,FL,ASO,ES,Federal Contract Tower,44,14,26,9,93,0,0,36,2,38,44,14,62,11,131,34,34,68,199
09/02/2020,ECP,FL,ASO,ES,Federal Contract Tower,43,13,69,40,165,0,2,49,0,51,43,15,118,40,216,22,46,68,284
09/03/2020,ECP,FL,ASO,ES,Federal Contract Tower,55,30,91,30,206,0,0,74,6,80,55,30,165,36,286,68,30,98,384
09/04/2020,ECP,FL,ASO,ES,Federal Contract Tower,52,38,112,0,202,0,2,65,0,67,52,40,177,0,269,80,0,80,349
09/05/2020,ECP,FL,ASO,ES,Federal Contract Tower,51,13,33,0,97,0,0,63,0,63,51,13,96,0,160,56,0,56,216
09/06/2020,ECP,FL,ASO,ES,Federal Contract Tower,44,7,38,0,89,0,0,42,0,42,44,7,80,0,131,75,0,75,206
09/07/2020,ECP,FL,ASO,ES,Federal Contract Tower,52,38,139,0,229,0,0,63,0,63,52,38,202,0,292,54,0,54,346
09/08/2020,ECP,FL,ASO,ES,Federal Contract Tower,39,23,52,14,128,0,2,45,0,47,39,25,97,14,175,34,30,64,239
09/09/2020,ECP,FL,ASO,ES,Federal Contract Tower,37,18,50,26,131,0,0,49,2,51,37,18,99,28,182,74,52,126,308
09/10/2020,ECP,FL,ASO,ES,Federal Contract Tower,38,15,44,43,140,0,0,9,1,10,38,15,53,44,150,14,0,14,164
09/11/2020,ECP,FL,ASO,ES,Federal Contract Tower,43,25,55,30,153,0,2,23,0,25,43,27,78,30,178,14,0,14,192
09/12/2020,ECP,FL,ASO,ES,Federal Contract Tower,41,17,39,13,110,0,0,21,0,21,41,17,60,13,131,38,0,38,169
09/13/2020,ECP,FL,ASO,ES,Federal Contract Tower,42,18,70,0,130,0,2,11,0,13,42,20,81,0,143,8,0,8,151
09/14/2020,ECP,FL,ASO,ES,Federal Contract Tower,37,9,16,0,62,3,0,0,0,3,40,9,16,0,65,0,0,0,65
09/15/2020,ECP,FL,ASO,ES,Federal Contract Tower,18,4,1,0,23,0,0,0,0,0,18,4,1,0,23,0,0,0,23
09/16/2020,ECP,FL,ASO,ES,Federal Contract Tower,5,0,6,0,11,0,0,0,0,0,5,0,6,0,11,0,0,0,11
09/17/2020,ECP,FL,ASO,ES,Federal Contract Tower,38,29,49,10,126,0,0,28,0,28,38,29,77,10,154,14,0,14,168
09/18/2020,ECP,FL,ASO,ES,Federal Contract Tower,41,29,46,4,120,0,7,38,3,48,41,36,84,7,168,48,14,62,230
09/19/2020,ECP,FL,ASO,ES,Federal Contract Tower,38,12,46,0,96,0,2,14,0,16,38,14,60,0,112,28,0,28,140
09/20/2020,ECP,FL,ASO,ES,Federal Contract Tower,41,21,81,0,143,0,0,14,0,14,41,21,95,0,157,24,0,24,181
09/21/2020,ECP,FL,ASO,ES,Federal Contract Tower,37,10,52,8,107,0,0,22,2,24,37,10,74,10,131,16,18,34,165
09/22/2020,ECP,FL,ASO,ES,Federal Contract Tower,36,24,44,11,115,0,0,60,1,61,36,24,104,12,176,22,42,64,240
09/23/2020,ECP,FL,ASO,ES,Federal Contract Tower,41,18,50,31,140,0,0,61,1,62,41,18,111,32,202,36,6,42,244
09/24/2020,ECP,FL,ASO,ES,Federal Contract Tower,40,25,65,2,132,0,0,15,1,16,40,25,80,3,148,10,0,10,158
09/25/2020,ECP,FL,ASO,ES,Federal Contract Tower,44,23,58,16,141,0,0,55,10,65,44,23,113,26,206,40,72,112,318
09/26/2020,ECP,FL,ASO,ES,Federal Contract Tower,41,19,40,0,100,0,2,64,0,66,41,21,104,0,166,84,18,102,268
09/27/2020,ECP,FL,ASO,ES,Federal Contract Tower,38,19,64,0,121,0,0,0,0,0,38,19,64,0,121,0,0,0,121
09/29/2020,ECP,FL,ASO,ES,Federal Contract Tower,35,22,35,9,101,0,0,18,0,18,35,22,53,9,119,12,0,12,131
09/30/2020,ECP,FL,ASO,ES,Federal Contract Tower,38,19,37,9,103,0,0,60,1,61,38,19,97,10,164,26,16,42,206
10/01/2020,ECP,FL,ASO,ES,Federal Contract Tower,40,21,75,4,140,0,0,84,0,84,40,21,159,4,224,122,0,122,346
10/02/2020,ECP,FL,ASO,ES,Federal Contract Tower,40,26,54,9,129,0,4,60,11,75,40,30,114,20,204,114,4,118,322
10/03/2020,ECP,FL,ASO,ES,Federal Contract Tower,42,14,49,0,105,0,4,54,0,58,42,18,103,0,163,24,0,24,187
10/05/2020,ECP,FL,ASO,ES,Federal Contract Tower,39,17,62,16,134,0,0,48,2,50,39,17,110,18,184,30,28,58,242
10/06/2020,ECP,FL,ASO,ES,Federal Contract Tower,33,14,53,8,108,0,0,19,0,19,33,14,72,8,127,18,0,18,145
10/07/2020,ECP,FL,ASO,ES,Federal Contract Tower,36,17,64,16,133,0,0,35,4,39,36,17,99,20,172,18,10,28,200
10/08/2020,ECP,FL,ASO,ES,Federal Contract Tower,39,23,57,13,132,0,0,21,0,21,39,23,78,13,153,22,0,22,175
10/09/2020,ECP,FL,ASO,ES,Federal Contract Tower,45,26,46,2,119,0,0,30,0,30,45,26,76,2,149,24,0,24,173
10/10/2020,ECP,FL,ASO,ES,Federal Contract Tower,50,14,37,0,101,0,0,7,4,11,50,14,44,4,112,4,0,4,116
10/11/2020,ECP,FL,ASO,ES,Federal Contract Tower,48,14,71,0,133,0,0,21,0,21,48,14,92,0,154,14,0,14,168
10/12/2020,ECP,FL,ASO,ES,Federal Contract Tower,44,23,69,2,138,0,0,40,0,40,44,23,109,2,178,20,0,20,198
10/13/2020,ECP,FL,ASO,ES,Federal Contract Tower,39,32,55,2,128,0,0,40,0,40,39,32,95,2,168,26,6,32,200
10/14/2020,ECP,FL,ASO,ES,Federal Contract Tower,39,32,60,7,138,0,4,65,1,70,39,36,125,8,208,66,30,96,304
10/15/2020,ECP,FL,ASO,ES,Federal Contract Tower,40,26,97,8,171,0,2,59,0,61,40,28,156,8,232,40,28,68,300
10/16/2020,ECP,FL,ASO,ES,Federal Contract Tower,45,19,94,24,182,0,0,39,0,39,45,19,133,24,221,12,10,22,243
10/17/2020,ECP,FL,ASO,ES,Federal Contract Tower,49,21,37,13,120,0,4,50,1,55,49,25,87,14,175,44,18,62,237
10/18/2020,ECP,FL,ASO,ES,Federal Contract Tower,45,40,87,0,172,0,0,57,0,57,45,40,144,0,229,24,0,24,253
10/19/2020,ECP,FL,ASO,ES,Federal Contract Tower,39,23,66,24,152,0,2,38,0,40,39,25,104,24,192,42,0,42,234
10/20/2020,ECP,FL,ASO,ES,Federal Contract Tower,34,17,41,22,114,0,0,46,4,50,34,17,87,26,164,26,28,54,218
10/21/2020,ECP,FL,ASO,ES,Federal Contract Tower,35,34,65,6,140,0,1,23,0,24,35,35,88,6,164,20,0,20,184
10/22/2020,ECP,FL,ASO,ES,Federal Contract Tower,41,23,105,12,181,0,0,34,2,36,41,23,139,14,217,16,14,30,247
10/23/2020,ECP,FL,ASO,ES,Federal Contract Tower,37,29,65,16,147,0,0,19,3,22,37,29,84,19,169,18,34,52,221
10/24/2020,ECP,FL,ASO,ES,Federal Contract Tower,43,20,55,0,118,0,2,5,0,7,43,22,60,0,125,14,0,14,139
10/25/2020,ECP,FL,ASO,ES,Federal Contract Tower,38,48,97,0,183,0,2,28,0,30,38,50,125,0,213,36,0,36,249
10/26/2020,ECP,FL,ASO,ES,Federal Contract Tower,36,19,65,10,130,0,2,54,1,57,36,21,119,11,187,64,24,88,275
10/27/2020,ECP,FL,ASO,ES,Federal Contract Tower,35,16,74,5,130,0,0,0,0,0,35,16,74,5,130,0,0,0,130
10/28/2020,ECP,FL,ASO,ES,Federal Contract Tower,32,23,39,4,98,0,0,11,0,11,32,23,50,4,109,4,0,4,113
10/29/2020,ECP,FL,ASO,ES,Federal Contract Tower,27,14,44,5,90,0,0,7,0,7,27,14,51,5,97,0,0,0,97
10/30/2020,ECP,FL,ASO,ES,Federal Contract Tower,32,19,83,6,140,0,0,53,0,53,32,19,136,6,193,44,14,58,251
10/31/2020,ECP,FL,ASO,ES,Federal Contract Tower,28,10,38,0,76,0,6,54,0,60,28,16,92,0,136,60,0,60,196
11/01/2020,ECP,FL,ASO,ES,Federal Contract Tower,32,20,84,0,136,0,9,30,0,39,32,29,114,0,175,40,0,40,215
11/02/2020,ECP,FL,ASO,ES,Federal Contract Tower,35,11,40,1,87,0,0,55,2,57,35,11,95,3,144,74,14,88,232
11/03/2020,ECP,FL,ASO,ES,Federal Contract Tower,27,15,39,14,95,0,0,58,0,58,27,15,97,14,153,68,32,100,253
11/04/2020,ECP,FL,ASO,ES,Federal Contract Tower,29,17,47,17,110,0,0,55,0,55,29,17,102,17,165,36,40,76,241
11/06/2020,ECP,FL,ASO,ES,Federal Contract Tower,36,23,65,15,139,0,2,35,0,37,36,25,100,15,176,34,10,44,220
11/07/2020,ECP,FL,ASO,ES,Federal Contract Tower,31,16,42,1,90,0,0,12,7,19,31,16,54,8,109,28,18,46,155
11/08/2020,ECP,FL,ASO,ES,Federal Contract Tower,41,16,72,0,129,0,0,21,0,21,41,16,93,0,150,0,0,0,150
11/09/2020,ECP,FL,ASO,ES,Federal Contract Tower,45,5,68,8,126,0,2,14,2,18,45,7,82,10,144,0,0,0,144
11/10/2020,ECP,FL,ASO,ES,Federal Contract Tower,27,11,43,22,103,0,0,22,0,22,27,11,65,22,125,6,0,6,131
11/11/2020,ECP,FL,ASO,ES,Federal Contract Tower,28,16,31,0,75,0,0,9,0,9,28,16,40,0,84,18,0,18,102
11/12/2020,ECP,FL,ASO,ES,Federal Contract Tower,41,21,45,7,114,0,0,16,2,18,41,21,61,9,132,26,14,40,172
11/13/2020,ECP,FL,ASO,ES,Federal Contract Tower,41,14,41,12,108,0,7,55,3,65,41,21,96,15,173,34,112,146,319
11/14/2020,ECP,FL,ASO,ES,Federal Contract Tower,37,23,29,4,93,0,1,49,0,50,37,24,78,4,143,20,0,20,163
11/15/2020,ECP,FL,ASO,ES,Federal Contract Tower,41,22,46,0,109,0,0,35,0,35,41,22,81,0,144,54,0,54,198
11/16/2020,ECP,FL,ASO,ES,Federal Contract Tower,43,10,55,14,122,0,2,43,0,45,43,12,98,14,167,34,24,58,225
11/17/2020,ECP,FL,ASO,ES,Federal Contract Tower,28,16,34,10,88,0,2,28,0,30,28,18,62,10,118,44,10,54,172
11/18/2020,ECP,FL,ASO,ES,Federal Contract Tower,30,23,52,30,135,0,0,40,2,42,30,23,92,32,177,22,0,22,199
11/19/2020,ECP,FL,ASO,ES,Federal Contract Tower,40,20,46,14,120,0,0,43,5,48,40,20,89,19,168,76,22,98,266
11/20/2020,ECP,FL,ASO,ES,Federal Contract Tower,41,29,94,9,173,0,0,54,6,60,41,29,148,15,233,48,38,86,319
11/21/2020,ECP,FL,ASO,ES,Federal Contract Tower,49,34,83,0,166,0,0,54,0,54,49,34,137,0,220,24,0,24,244
11/22/2020,ECP,FL,ASO,ES,Federal Contract Tower,44,30,74,0,148,0,0,48,0,48,44,30,122,0,196,12,0,12,208
11/23/2020,ECP,FL,ASO,ES,Federal Contract Tower,41,31,79,18,169,0,0,56,0,56,41,31,135,18,225,36,14,50,275
11/24/2020,ECP,FL,ASO,ES,Federal Contract Tower,49,20,72,15,156,0,2,42,0,44,49,22,114,15,200,28,0,28,228
11/25/2020,ECP,FL,ASO,ES,Federal Contract Tower,47,25,77,10,159,0,4,49,0,53,47,29,126,10,212,14,8,22,234
11/26/2020,ECP,FL,ASO,ES,Federal Contract Tower,22,6,10,0,38,0,0,3,0,3,22,6,13,0,41,0,0,0,41
11/27/2020,ECP,FL,ASO,ES,Federal Contract Tower,38,20,48,0,106,0,0,23,0,23,38,20,71,0,129,30,0,30,159
11/28/2020,ECP,FL,ASO,ES,Federal Contract Tower,49,43,91,0,183,0,0,16,0,16,49,43,107,0,199,4,0,4,203
11/29/2020,ECP,FL,ASO,ES,Federal Contract Tower,53,50,68,0,171,0,0,0,0,0,53,50,68,0,171,0,0,0,171
11/30/2020,ECP,FL,ASO,ES,Federal Contract Tower,48,20,57,24,149,0,0,31,2,33,48,20,88,26,182,14,50,64,246
12/01/2020,ECP,FL,ASO,ES,Federal Contract Tower,40,18,39,36,133,0,2,54,4,60,40,20,93,40,193,20,74,94,287
12/02/2020,ECP,FL,ASO,ES,Federal Contract Tower,33,18,42,7,100,0,2,47,3,52,33,20,89,10,152,100,10,110,262
12/03/2020,ECP,FL,ASO,ES,Federal Contract Tower,33,23,41,6,103,0,0,46,0,46,33,23,87,6,149,16,14,30,179
12/04/2020,ECP,FL,ASO,ES,Federal Contract Tower,32,9,30,8,79,0,0,14,0,14,32,9,44,8,93,8,8,16,109
12/05/2020,ECP,FL,ASO,ES,Federal Contract Tower,27,8,29,7,71,0,2,54,2,58,27,10,83,9,129,66,2,68,197
12/08/2020,ECP,FL,ASO,ES,Federal Contract Tower,29,15,35,14,93,0,2,46,4,52,29,17,81,18,145,28,76,104,249
12/09/2020,ECP,FL,ASO,ES,Federal Contract Tower,29,12,37,11,89,0,0,49,1,50,29,12,86,12,139,26,10,36,175
12/10/2020,ECP,FL,ASO,ES,Federal Contract Tower,32,16,39,0,87,0,0,40,2,42,32,16,79,2,129,46,4,50,179
12/11/2020,ECP,FL,ASO,ES,Federal Contract Tower,33,23,51,0,107,0,2,41,1,44,33,25,92,1,151,66,12,78,229
12/12/2020,ECP,FL,ASO,ES,Federal Contract Tower,27,5,36,6,74,0,2,41,0,43,27,7,77,6,117,6,0,6,123
12/13/2020,ECP,FL,ASO,ES,Federal Contract Tower,34,9,47,0,90,0,0,20,0,20,34,9,67,0,110,18,0,18,128
12/14/2020,ECP,FL,ASO,ES,Federal Contract Tower,32,18,31,10,91,0,0,24,4,28,32,18,55,14,119,28,48,76,195
12/15/2020,ECP,FL,ASO,ES,Federal Contract Tower,29,8,38,21,96,0,0,42,0,42,29,8,80,21,138,58,30,88,226
12/16/2020,ECP,FL,ASO,ES,Federal Contract Tower,29,9,31,6,75,0,0,0,0,0,29,9,31,6,75,0,0,0,75
12/17/2020,ECP,FL,ASO,ES,Federal Contract Tower,37,15,59,3,114,0,0,51,1,52,37,15,110,4,166,0,10,10,176
12/18/2020,ECP,FL,ASO,ES,Federal Contract Tower,37,26,58,7,128,0,0,42,1,43,37,26,100,8,171,58,0,58,229
12/19/2020,ECP,FL,ASO,ES,Federal Contract Tower,43,8,31,0,82,0,0,35,2,37,43,8,66,2,119,28,14,42,161
12/20/2020,ECP,FL,ASO,ES,Federal Contract Tower,35,19,18,0,72,0,0,0,0,0,35,19,18,0,72,0,0,0,72
12/21/2020,ECP,FL,ASO,ES,Federal Contract Tower,37,22,54,14,127,0,1,28,0,29,37,23,82,14,156,70,0,70,226
12/22/2020,ECP,FL,ASO,ES,Federal Contract Tower,35,12,25,10,82,0,0,62,0,62,35,12,87,10,144,100,20,120,264
12/23/2020,ECP,FL,ASO,ES,Federal Contract Tower,39,18,59,0,116,0,4,19,2,25,39,22,78,2,141,4,4,8,149
12/24/2020,ECP,FL,ASO,ES,Federal Contract Tower,27,8,7,0,42,0,0,3,0,3,27,8,10,0,45,0,0,0,45
12/25/2020,ECP,FL,ASO,ES,Federal Contract Tower,25,7,8,0,40,0,0,8,0,8,25,7,16,0,48,0,0,0,48
12/26/2020,ECP,FL,ASO,ES,Federal Contract Tower,39,33,91,0,163,0,0,47,0,47,39,33,138,0,210,20,0,20,230
12/27/2020,ECP,FL,ASO,ES,Federal Contract Tower,42,30,73,0,145,0,2,53,0,55,42,32,126,0,200,12,0,12,212
12/28/2020,ECP,FL,ASO,ES,Federal Contract Tower,37,27,39,2,105,0,2,36,0,38,37,29,75,2,143,22,0,22,165
12/29/2020,ECP,FL,ASO,ES,Federal Contract Tower,34,32,53,6,125,0,2,68,0,70,34,34,121,6,195,68,10,78,273
12/30/2020,ECP,FL,ASO,ES,Federal Contract Tower,35,30,74,0,139,0,4,56,0,60,35,34,130,0,199,10,0,10,209
12/31/2020,ECP,FL,ASO,ES,Federal Contract Tower,33,23,43,2,101,0,0,0,0,0,33,23,43,2,101,0,0,0,101
01/01/2021,ECP,FL,ASO,ES,Federal Contract Tower,31,15,27,0,73,0,0,0,0,0,31,15,27,0,73,0,0,0,73
01/02/2021,ECP,FL,ASO,ES,Federal Contract Tower,42,34,46,0,122,0,0,2,0,2,42,34,48,0,124,12,0,12,136
01/03/2021,ECP,FL,ASO,ES,Federal Contract Tower,58,43,89,1,191,0,2,51,0,53,58,45,140,1,244,58,0,58,302
01/04/2021,ECP,FL,ASO,ES,Federal Contract Tower,33,15,43,10,101,0,0,46,0,46,33,15,89,10,147,24,10,34,181
01/05/2021,ECP,FL,ASO,ES,Federal Contract Tower,31,21,30,8,90,0,0,50,2,52,31,21,80,10,142,48,30,78,220
01/06/2021,ECP,FL,ASO,ES,Federal Contract Tower,33,22,41,16,112,0,2,35,0,37,33,24,76,16,149,34,0,34,183
01/07/2021,ECP,FL,ASO,ES,Federal Contract Tower,31,19,20,0,70,0,0,0,4,4,31,19,20,4,74,0,32,32,106
01/08/2021,ECP,FL,ASO,ES,Federal Contract Tower,34,16,36,4,90,0,0,11,0,11,34,16,47,4,101,10,12,22,123
01/09/2021,ECP,FL,ASO,ES,Federal Contract Tower,28,16,39,0,83,0,2,31,0,33,28,18,70,0,116,84,0,84,200
01/10/2021,ECP,FL,ASO,ES,Federal Contract Tower,32,10,39,0,81,0,0,13,0,13,32,10,52,0,94,44,8,52,146
01/11/2021,ECP,FL,ASO,ES,Federal Contract Tower,34,21,11,0,66,0,0,0,0,0,34,21,11,0,66,0,0,0,66
01/12/2021,ECP,FL,ASO,ES,Federal Contract Tower,30,19,59,0,108,0,0,23,0,23,30,19,82,0,131,70,0,70,201
01/13/2021,ECP,FL,ASO,ES,Federal Contract Tower,30,16,42,22,110,0,2,21,1,24,30,18,63,23,134,22,60,82,216
01/14/2021,ECP,FL,ASO,ES,Federal Contract Tower,32,26,49,21,128,0,0,47,0,47,32,26,96,21,175,28,6,34,209
01/15/2021,ECP,FL,ASO,ES,Federal Contract Tower,33,22,51,17,123,0,0,31,2,33,33,22,82,19,156,12,14,26,182
01/16/2021,ECP,FL,ASO,ES,Federal Contract Tower,30,9,30,0,69,0,2,21,0,23,30,11,51,0,92,20,0,20,112
01/17/2021,ECP,FL,ASO,ES,Federal Contract Tower,32,11,33,2,78,0,4,42,0,46,32,15,75,2,124,56,0,56,180
01/18/2021,ECP,FL,ASO,ES,Federal Contract Tower,34,13,53,1,101,0,0,69,0,69,34,13,122,1,170,20,0,20,190
01/19/2021,ECP,FL,ASO,ES,Federal Contract Tower,28,17,30,14,89,0,0,60,0,60,28,17,90,14,149,36,22,58,207
01/20/2021,ECP,FL,ASO,ES,Federal Contract Tower,29,22,34,15,100,0,6,34,1,41,29,28,68,16,141,16,44,60,201
01/21/2021,ECP,FL,ASO,ES,Federal Contract Tower,32,21,36,34,123,0,0,24,2,26,32,21,60,36,149,18,36,54,203
01/22/2021,ECP,FL,ASO,ES,Federal Contract Tower,33,18,30,9,90,0,0,0,0,0,33,18,30,9,90,0,0,0,90
01/23/2021,ECP,FL,ASO,ES,Federal Contract Tower,29,13,44,2,88,0,0,27,0,27,29,13,71,2,115,38,0,38,153
01/24/2021,ECP,FL,ASO,ES,Federal Contract Tower,37,9,55,12,113,0,2,13,0,15,37,11,68,12,128,34,12,46,174
01/25/2021,ECP,FL,ASO,ES,Federal Contract Tower,33,25,21,10,89,0,0,0,0,0,33,25,21,10,89,0,0,0,89
01/26/2021,ECP,FL,ASO,ES,Federal Contract Tower,28,11,27,0,66,0,0,0,0,0,28,11,27,0,66,0,0,0,66
01/27/2021,ECP,FL,ASO,ES,Federal Contract Tower,30,15,35,12,92,0,0,14,2,16,30,15,49,14,108,28,12,40,148
01/28/2021,ECP,FL,ASO,ES,Federal Contract Tower,29,14,57,8,108,0,4,33,0,37,29,18,90,8,145,42,0,42,187
01/29/2021,ECP,FL,ASO,ES,Federal Contract Tower,30,18,44,15,107,0,0,61,2,63,30,18,105,17,170,18,30,48,218
01/30/2021,ECP,FL,ASO,ES,Federal Contract Tower,29,13,34,0,76,0,2,42,0,44,29,15,76,0,120,10,6,16,136
01/31/2021,ECP,FL,ASO,ES,Federal Contract Tower,33,14,38,0,85,0,0,0,0,0,33,14,38,0,85,0,0,0,85
02/01/2021,ECP,FL,ASO,ES,Federal Contract Tower,32,15,30,0,77,0,0,2,0,2,32,15,32,0,79,0,12,12,91
02/02/2021,ECP,FL,ASO,ES,Federal Contract Tower,31,14,37,20,102,0,0,35,2,37,31,14,72,22,139,32,14,46,185
02/03/2021,ECP,FL,ASO,ES,Federal Contract Tower,30,20,38,16,104,0,0,49,5,54,30,20,87,21,158,28,24,52,210
02/04/2021,ECP,FL,ASO,ES,Federal Contract Tower,31,26,47,31,135,0,2,62,8,72,31,28,109,39,207,0,26,26,233
02/05/2021,ECP,FL,ASO,ES,Federal Contract Tower,33,11,41,2,87,0,0,5,0,5,33,11,46,2,92,10,0,10,102
02/06/2021,ECP,FL,ASO,ES,Federal Contract Tower,31,12,31,8,82,0,0,0,0,0,31,12,31,8,82,0,0,0,82
02/07/2021,ECP,FL,ASO,ES,Federal Contract Tower,35,15,44,0,94,0,2,22,0,24,35,17,66,0,118,28,0,28,146
02/08/2021,ECP,FL,ASO,ES,Federal Contract Tower,33,20,53,4,110,0,2,54,0,56,33,22,107,4,166,38,18,56,222
02/09/2021,ECP,FL,ASO,ES,Federal Contract Tower,30,18,28,2,78,0,0,0,0,0,30,18,28,2,78,0,0,0,78
02/10/2021,ECP,FL,ASO,ES,Federal Contract Tower,31,20,44,2,97,0,0,3,0,3,31,20,47,2,100,0,0,0,100
02/11/2021,ECP,FL,ASO,ES,Federal Contract Tower,32,29,44,9,114,0,0,0,0,0,32,29,44,9,114,6,0,6,120
02/12/2021,ECP,FL,ASO,ES,Federal Contract Tower,33,13,56,1,103,0,0,0,0,0,33,13,56,1,103,0,0,0,103
02/13/2021,ECP,FL,ASO,ES,Federal Contract Tower,34,14,19,0,67,0,0,0,0,0,34,14,19,0,67,0,0,0,67
02/14/2021,ECP,FL,ASO,ES,Federal Contract Tower,32,10,34,1,77,0,0,0,0,0,32,10,34,1,77,0,0,0,77
02/15/2021,ECP,FL,ASO,ES,Federal Contract Tower,20,13,29,0,62,0,0,0,0,0,20,13,29,0,62,0,0,0,62
02/16/2021,ECP,FL,ASO,ES,Federal Contract Tower,20,32,51,8,111,0,2,48,0,50,20,34,99,8,161,62,4,66,227
02/17/2021,ECP,FL,ASO,ES,Federal Contract Tower,22,16,34,6,78,0,0,43,0,43,22,16,77,6,121,92,12,104,225
02/18/2021,ECP,FL,ASO,ES,Federal Contract Tower,23,19,25,2,69,0,0,0,0,0,23,19,25,2,69,0,0,0,69
02/19/2021,ECP,FL,ASO,ES,Federal Contract Tower,29,28,87,5,149,0,6,20,0,26,29,34,107,5,175,26,36,62,237
02/20/2021,ECP,FL,ASO,ES,Federal Contract Tower,33,19,44,8,104,0,2,73,0,75,33,21,117,8,179,56,4,60,239
02/21/2021,ECP,FL,ASO,ES,Federal Contract Tower,35,24,75,0,134,0,10,68,0,78,35,34,143,0,212,30,10,40,252
02/22/2021,ECP,FL,ASO,ES,Federal Contract Tower,32,22,55,10,119,0,3,49,7,59,32,25,104,17,178,8,44,52,230
02/23/2021,ECP,FL,ASO,ES,Federal Contract Tower,32,14,30,5,81,0,1,49,2,52,32,15,79,7,133,32,56,88,221
02/24/2021,ECP,FL,ASO,ES,Federal Contract Tower,30,16,56,12,114,0,0,75,10,85,30,16,131,22,199,22,46,68,267
02/25/2021,ECP,FL,ASO,ES,Federal Contract Tower,31,27,73,20,151,0,0,59,6,65,31,27,132,26,216,46,26,72,288
02/26/2021,ECP,FL,ASO,ES,Federal Contract Tower,32,36,64,18,150,0,0,37,2,39,32,36,101,20,189,48,20,68,257
02/27/2021,ECP,FL,ASO,ES,Federal Contract Tower,40,11,43,0,94,0,2,29,0,31,40,13,72,0,125,14,0,14,139
02/28/2021,ECP,FL,ASO,ES,Federal Contract Tower,38,23,65,0,126,0,9,54,6,69,38,32,119,6,195,12,0,12,207
03/01/2021,ECP,FL,ASO,ES,Federal Contract Tower,32,29,52,2,115,0,0,2,0,2,32,29,54,2,117,0,0,0,117
03/02/2021,ECP,FL,ASO,ES,Federal Contract Tower,33,20,25,6,84,0,0,0,0,0,33,20,25,6,84,0,0,0,84
03/03/2021,ECP,FL,ASO,ES,Federal Contract Tower,31,31,48,10,120,0,0,28,2,30,31,31,76,12,150,56,4,60,210
03/04/2021,ECP,FL,ASO,ES,Federal Contract Tower,42,17,71,20,150,0,2,61,3,66,42,19,132,23,216,58,20,78,294
03/05/2021,ECP,FL,ASO,ES,Federal Contract Tower,43,25,51,29,148,0,0,51,4,55,43,25,102,33,203,24,28,52,255
03/06/2021,ECP,FL,ASO,ES,Federal Contract Tower,52,13,67,0,132,0,2,27,0,29,52,15,94,0,161,14,0,14,175
03/07/2021,ECP,FL,ASO,ES,Federal Contract Tower,51,34,61,8,154,0,6,52,2,60,51,40,113,10,214,40,8,48,262
03/08/2021,ECP,FL,ASO,ES,Federal Contract Tower,49,19,58,28,154,0,2,48,2,52,49,21,106,30,206,40,20,60,266
03/09/2021,ECP,FL,ASO,ES,Federal Contract Tower,38,14,59,24,135,0,2,52,0,54,38,16,111,24,189,46,30,76,265
03/10/2021,ECP,FL,ASO,ES,Federal Contract Tower,39,19,72,21,151,0,4,49,2,55,39,23,121,23,206,12,8,20,226
03/11/2021,ECP,FL,ASO,ES,Federal Contract Tower,59,32,85,23,199,0,4,52,4,60,59,36,137,27,259,20,26,46,305
03/12/2021,ECP,FL,ASO,ES,Federal Contract Tower,59,39,99,8,205,0,4,61,0,65,59,43,160,8,270,36,0,36,306
03/13/2021,ECP,FL,ASO,ES,Federal Contract Tower,88,69,120,2,279,0,6,57,0,63,88,75,177,2,342,28,0,28,370
03/14/2021,ECP,FL,ASO,ES,Federal Contract Tower,64,33,99,2,198,0,9,66,0,75,64,42,165,2,273,42,18,60,333
03/15/2021,ECP,FL,ASO,ES,Federal Contract Tower,59,25,66,22,172,0,5,28,10,43,59,30,94,32,215,4,0,4,219
03/16/2021,ECP,FL,ASO,ES,Federal Contract Tower,51,35,45,5,136,0,4,20,2,26,51,39,65,7,162,4,10,14,176
03/17/2021,ECP,FL,ASO,ES,Federal Contract Tower,50,23,42,58,173,0,7,12,0,19,50,30,54,58,192,10,56,66,258
03/18/2021,ECP,FL,ASO,ES,Federal Contract Tower,58,34,69,9,170,0,4,20,2,26,58,38,89,11,196,8,0,8,204
03/19/2021,ECP,FL,ASO,ES,Federal Contract Tower,65,48,101,14,228,0,10,47,8,65,65,58,148,22,293,34,4,38,331
03/20/2021,ECP,FL,ASO,ES,Federal Contract Tower,82,64,119,0,265,0,12,41,0,53,82,76,160,0,318,20,0,20,338
03/21/2021,ECP,FL,ASO,ES,Federal Contract Tower,66,39,107,6,218,0,6,47,2,55,66,45,154,8,273,18,2,20,293
03/22/2021,ECP,FL,ASO,ES,Federal Contract Tower,62,17,44,10,133,0,8,58,0,66,62,25,102,10,199,36,46,82,281
03/23/2021,ECP,FL,ASO,ES,Federal Contract Tower,53,8,44,13,118,0,0,38,0,38,53,8,82,13,156,28,32,60,216
03/24/2021,ECP,FL,ASO,ES,Federal Contract Tower,49,15,56,3,123,0,6,3,0,9,49,21,59,3,132,0,0,0,132
03/25/2021,ECP,FL,ASO,ES,Federal Contract Tower,64,30,55,16,165,0,0,22,6,28,64,30,77,22,193,8,0,8,201
03/26/2021,ECP,FL,ASO,ES,Federal Contract Tower,63,34,74,7,178,0,3,10,1,14,63,37,84,8,192,8,6,14,206
03/27/2021,ECP,FL,ASO,ES,Federal Contract Tower,80,50,90,2,222,0,2,38,0,40,80,52,128,2,262,33,0,33,295
03/28/2021,ECP,FL,ASO,ES,Federal Contract Tower,64,26,72,0,162,0,1,17,0,18,64,27,89,0,180,26,0,26,206
03/29/2021,ECP,FL,ASO,ES,Federal Contract Tower,55,24,38,2,119,0,9,52,0,61,55,33,90,2,180,64,0,64,244
03/30/2021,ECP,FL,ASO,ES,Federal Contract Tower,48,23,56,22,149,0,6,30,4,40,48,29,86,26,189,16,26,42,231
03/31/2021,ECP,FL,ASO,ES,Federal Contract Tower,47,23,58,31,159,0,6,30,0,36,47,29,88,31,195,36,0,36,231
04/01/2021,ECP,FL,ASO,ES,Federal Contract Tower,63,36,110,15,224,0,0,26,6,32,63,36,136,21,256,14,26,40,296
04/02/2021,ECP,FL,ASO,ES,Federal Contract Tower,66,33,102,0,201,0,9,46,0,55,66,42,148,0,256,22,0,22,278
04/03/2021,ECP,FL,ASO,ES,Federal Contract Tower,75,30,76,0,181,0,11,77,0,88,75,41,153,0,269,66,0,66,335
04/04/2021,ECP,FL,ASO,ES,Federal Contract Tower,62,25,65,0,152,0,14,46,0,60,62,39,111,0,212,52,0,52,264
04/05/2021,ECP,FL,ASO,ES,Federal Contract Tower,61,31,106,9,207,0,10,57,2,69,61,41,163,11,276,10,18,28,304
04/06/2021,ECP,FL,ASO,ES,Federal Contract Tower,56,21,64,21,162,0,4,48,0,52,56,25,112,21,214,68,30,98,312
04/07/2021,ECP,FL,ASO,ES,Federal Contract Tower,60,13,74,23,170,0,0,43,4,47,60,13,117,27,217,66,26,92,309
04/08/2021,ECP,FL,ASO,ES,Federal Contract Tower,62,26,59,0,147,0,0,16,2,18,62,26,75,2,165,4,14,18,183
04/09/2021,ECP,FL,ASO,ES,Federal Contract Tower,60,27,58,0,145,0,0,1,0,1,60,27,59,0,146,2,0,2,148
04/10/2021,ECP,FL,ASO,ES,Federal Contract Tower,85,42,39,0,166,0,6,14,0,20,85,48,53,0,186,4,0,4,190
04/11/2021,ECP,FL,ASO,ES,Federal Contract Tower,62,34,79,0,175,0,10,33,4,47,62,44,112,4,222,30,0,30,252
04/12/2021,ECP,FL,ASO,ES,Federal Contract Tower,61,19,77,8,165,0,2,62,16,80,61,21,139,24,245,44,46,90,335
04/13/2021,ECP,FL,ASO,ES,Federal Contract Tower,52,26,55,34,167,0,0,52,3,55,52,26,107,37,222,20,40,60,282
04/14/2021,ECP,FL,ASO,ES,Federal Contract Tower,50,24,70,2,146,0,0,35,6,41,50,24,105,8,187,30,14,44,231
04/15/2021,ECP,FL,ASO,ES,Federal Contract Tower,64,31,55,0,150,0,2,4,0,6,64,33,59,0,156,8,0,8,164
04/16/2021,ECP,FL,ASO,ES,Federal Contract Tower,63,15,62,6,146,0,0,27,0,27,63,15,89,6,173,24,0,24,197
04/17/2021,ECP,FL,ASO,ES,Federal Contract Tower,84,18,53,0,155,0,0,10,0,10,84,18,63,0,165,22,0,22,187
04/18/2021,ECP,FL,ASO,ES,Federal Contract Tower,65,24,104,0,193,0,0,35,0,35,65,24,139,0,228,36,6,42,270
04/19/2021,ECP,FL,ASO,ES,Federal Contract Tower,62,13,58,16,149,0,0,60,2,62,62,13,118,18,211,32,42,74,285
04/20/2021,ECP,FL,ASO,ES,Federal Contract Tower,51,14,65,8,138,0,0,60,0,60,51,14,125,8,198,46,6,52,250
04/21/2021,ECP,FL,ASO,ES,Federal Contract Tower,48,33,84,18,183,0,10,57,4,71,48,43,141,22,254,68,24,92,346
04/22/2021,ECP,FL,ASO,ES,Federal Contract Tower,62,28,89,5,184,0,3,65,0,68,62,31,154,5,252,30,22,52,304
04/23/2021,ECP,FL,ASO,ES,Federal Contract Tower,60,27,81,6,174,0,6,55,0,61,60,33,136,6,235,28,0,28,263
04/24/2021,ECP,FL,ASO,ES,Federal Contract Tower,84,23,16,0,123,0,0,1,0,1,84,23,17,0,124,0,0,0,124
04/25/2021,ECP,FL,ASO,ES,Federal Contract Tower,61,44,100,0,205,0,13,82,0,95,61,57,182,0,300,72,4,76,376
04/26/2021,ECP,FL,ASO,ES,Federal Contract Tower,62,28,79,24,193,0,0,63,2,65,62,28,142,26,258,34,28,62,320
04/27/2021,ECP,FL,ASO,ES,Federal Contract Tower,51,27,51,11,140,0,6,40,1,47,51,33,91,12,187,40,10,50,237
04/28/2021,ECP,FL,ASO,ES,Federal Contract Tower,51,25,78,6,160,0,4,52,1,57,51,29,130,7,217,40,24,64,281
04/29/2021,ECP,FL,ASO,ES,Federal Contract Tower,62,25,75,16,178,0,8,46,2,56,62,33,121,18,234,38,4,42,276
04/30/2021,ECP,FL,ASO,ES,Federal Contract Tower,61,30,88,15,194,0,5,26,0,31,61,35,114,15,225,6,0,6,231
05/01/2021,ECP,FL,ASO,ES,Federal Contract Tower,93,22,60,0,175,0,9,54,0,63,93,31,114,0,238,16,0,16,254
05/02/2021,ECP,FL,ASO,ES,Federal Contract Tower,58,45,97,3,203,0,6,47,0,53,58,51,144,3,256,28,0,28,284
05/03/2021,ECP,FL,ASO,ES,Federal Contract Tower,59,24,71,14,168,0,2,7,1,10,59,26,78,15,178,10,4,14,192
05/04/2021,ECP,FL,ASO,ES,Federal Contract Tower,49,15,52,45,161,0,2,9,1,12,49,17,61,46,173,8,4,12,185
05/05/2021,ECP,FL,ASO,ES,Federal Contract Tower,53,21,59,0,133,0,0,9,2,11,53,21,68,2,144,10,0,10,154
05/06/2021,ECP,FL,ASO,ES,Federal Contract Tower,60,32,70,11,173,0,6,62,11,79,60,38,132,22,252,40,40,80,332
05/07/2021,ECP,FL,ASO,ES,Federal Contract Tower,62,29,89,2,182,0,6,46,0,52,62,35,135,2,234,16,32,48,282
05/08/2021,ECP,FL,ASO,ES,Federal Contract Tower,83,22,79,2,186,0,13,59,0,72,83,35,138,2,258,32,0,32,290
05/09/2021,ECP,FL,ASO,ES,Federal Contract Tower,68,25,71,2,166,0,17,67,2,86,68,42,138,4,252,56,8,64,316
05/10/2021,ECP,FL,ASO,ES,Federal Contract Tower,67,22,71,0,160,0,0,5,0,5,67,22,76,0,165,2,0,2,167
05/11/2021,ECP,FL,ASO,ES,Federal Contract Tower,52,28,56,12,148,0,0,17,0,17,52,28,73,12,165,10,0,10,175
05/12/2021,ECP,FL,ASO,ES,Federal Contract Tower,59,32,52,11,154,0,0,14,6,20,59,32,66,17,174,10,40,50,224
05/13/2021,ECP,FL,ASO,ES,Federal Contract Tower,71,37,98,6,212,0,0,19,0,19,71,37,117,6,231,8,0,8,239
05/14/2021,ECP,FL,ASO,ES,Federal Contract Tower,67,38,104,8,217,0,2,60,2,64,67,40,164,10,281,24,26,50,331
05/15/2021,ECP,FL,ASO,ES,Federal Contract Tower,91,30,48,0,169,0,16,47,0,63,91,46,95,0,232,52,0,52,284
05/16/2021,ECP,FL,ASO,ES,Federal Contract Tower,67,40,115,0,222,0,13,68,0,81,67,53,183,0,303,68,0,68,371
05/17/2021,ECP,FL,ASO,ES,Federal Contract Tower,65,22,57,4,148,0,2,58,0,60,65,24,115,4,208,16,20,36,244
05/18/2021,ECP,FL,ASO,ES,Federal Contract Tower,54,18,72,29,173,0,8,42,0,50,54,26,114,29,223,28,40,68,291
05/19/2021,ECP,FL,ASO,ES,Federal Contract Tower,60,35,62,8,165,0,8,56,0,64,60,43,118,8,229,26,16,42,271
05/20/2021,ECP,FL,ASO,ES,Federal Contract Tower,65,37,93,31,226,0,4,51,2,57,65,41,144,33,283,62,52,114,397
05/21/2021,ECP,FL,ASO,ES,Federal Contract Tower,69,28,70,8,175,0,16,57,2,75,69,44,127,10,250,28,0,28,278
05/22/2021,ECP,FL,ASO,ES,Federal Contract Tower,91,30,81,0,202,0,9,60,1,70,91,39,141,1,272,36,0,36,308
05/23/2021,ECP,FL,ASO,ES,Federal Contract Tower,67,30,78,4,179,0,5,59,1,65,67,35,137,5,244,28,16,44,288
05/24/2021,ECP,FL,ASO,ES,Federal Contract Tower,65,22,68,6,161,0,6,56,0,62,65,28,124,6,223,24,0,24,247
05/25/2021,ECP,FL,ASO,ES,Federal Contract Tower,61,24,64,20,169,0,16,70,0,86,61,40,134,20,255,36,22,58,313
05/26/2021,ECP,FL,ASO,ES,Federal Contract Tower,60,33,74,5,172,0,4,35,5,44,60,37,109,10,216,8,24,32,248
05/27/2021,ECP,FL,ASO,ES,Federal Contract Tower,73,30,126,6,235,0,16,58,0,74,73,46,184,6,309,34,6,40,349
05/28/2021,ECP,FL,ASO,ES,Federal Contract Tower,74,32,133,8,247,0,10,58,0,68,74,42,191,8,315,26,0,26,341
05/29/2021,ECP,FL,ASO,ES,Federal Contract Tower,90,49,103,0,242,0,8,60,6,74,90,57,163,6,316,64,0,64,380
05/30/2021,ECP,FL,ASO,ES,Federal Contract Tower,77,25,50,0,152,0,28,55,2,85,77,53,105,2,237,54,0,54,291
05/31/2021,ECP,FL,ASO,ES,Federal Contract Tower,73,39,111,0,223,0,22,68,4,94,73,61,179,4,317,30,4,34,351
06/01/2021,ECP,FL,ASO,ES,Federal Contract Tower,65,32,75,15,187,0,7,43,1,51,65,39,118,16,238,16,34,50,288
06/02/2021,ECP,FL,ASO,ES,Federal Contract Tower,58,20,89,70,237,0,4,55,12,71,58,24,144,82,308,36,64,100,408
06/03/2021,ECP,FL,ASO,ES,Federal Contract Tower,70,36,79,60,245,0,10,30,4,44,70,46,109,64,289,34,66,100,389
06/04/2021,ECP,FL,ASO,ES,Federal Contract Tower,74,22,109,34,239,0,8,43,6,57,74,30,152,40,296,32,56,88,384
06/05/2021,ECP,FL,ASO,ES,Federal Contract Tower,102,51,156,2,311,0,19,62,6,87,102,70,218,8,398,24,0,24,422
06/06/2021,ECP,FL,ASO,ES,Federal Contract Tower,86,36,82,2,206,0,7,21,0,28,86,43,103,2,234,12,0,12,246
06/07/2021,ECP,FL,ASO,ES,Federal Contract Tower,73,20,74,10,177,0,12,59,8,79,73,32,133,18,256,6,90,96,352
06/08/2021,ECP,FL,ASO,ES,Federal Contract Tower,71,10,72,8,161,0,4,42,4,50,71,14,114,12,211,20,34,54,265
06/09/2021,ECP,FL,ASO,ES,Federal Contract Tower,69,36,63,35,203,0,6,44,8,58,69,42,107,43,261,16,46,62,323
06/10/2021,ECP,FL,ASO,ES,Federal Contract Tower,76,16,89,21,202,0,22,75,2,99,76,38,164,23,301,36,18,54,355
06/11/2021,ECP,FL,ASO,ES,Federal Contract Tower,73,27,70,18,188,0,15,32,0,47,73,42,102,18,235,18,12,30,265
06/12/2021,ECP,FL,ASO,ES,Federal Contract Tower,91,48,122,0,261,0,2,38,0,40,91,50,160,0,301,20,0,20,321
06/13/2021,ECP,FL,ASO,ES,Federal Contract Tower,84,5,87,0,176,0,10,61,0,71,84,15,148,0,247,28,0,28,275
06/14/2021,ECP,FL,ASO,ES,Federal Contract Tower,77,15,62,2,156,0,4,64,0,68,77,19,126,2,224,64,0,64,288
06/15/2021,ECP,FL,ASO,ES,Federal Contract Tower,74,24,51,0,149,0,0,39,0,39,74,24,90,0,188,24,0,24,212
06/16/2021,ECP,FL,ASO,ES,Federal Contract Tower,70,24,60,4,158,0,6,45,2,53,70,30,105,6,211,32,4,36,247
06/17/2021,ECP,FL,ASO,ES,Federal Contract Tower,78,25,89,18,210,0,2,64,4,70,78,27,153,22,280,48,30,78,358
06/18/2021,ECP,FL,ASO,ES,Federal Contract Tower,72,26,85,0,183,0,3,27,0,30,72,29,112,0,213,22,0,22,235
06/19/2021,ECP,FL,ASO,ES,Federal Contract Tower,90,22,45,0,157,0,0,4,0,4,90,22,49,0,161,8,0,8,169
06/20/2021,ECP,FL,ASO,ES,Federal Contract Tower,84,31,59,0,174,0,0,20,0,20,84,31,79,0,194,30,0,30,224
06/21/2021,ECP,FL,ASO,ES,Federal Contract Tower,72,17,47,6,142,0,0,8,0,8,72,17,55,6,150,4,0,4,154
06/22/2021,ECP,FL,ASO,ES,Federal Contract Tower,75,24,22,6,127,0,0,14,0,14,75,24,36,6,141,10,0,10,151
06/23/2021,ECP,FL,ASO,ES,Federal Contract Tower,71,20,48,3,142,0,2,22,0,24,71,22,70,3,166,28,0,28,194
06/24/2021,ECP,FL,ASO,ES,Federal Contract Tower,80,31,47,2,160,0,4,38,0,42,80,35,85,2,202,42,0,42,244
06/25/2021,ECP,FL,ASO,ES,Federal Contract Tower,76,27,74,14,191,0,12,48,0,60,76,39,122,14,251,26,4,30,281
06/26/2021,ECP,FL,ASO,ES,Federal Contract Tower,95,46,110,0,251,0,4,39,0,43,95,50,149,0,294,20,0,20,314
06/27/2021,ECP,FL,ASO,ES,Federal Contract Tower,83,26,64,4,177,0,0,32,0,32,83,26,96,4,209,38,6,44,253
06/28/2021,ECP,FL,ASO,ES,Federal Contract Tower,75,13,79,31,198,0,0,48,1,49,75,13,127,32,247,20,18,38,285
06/29/2021,ECP,FL,ASO,ES,Federal Contract Tower,67,19,60,4,150,0,4,31,0,35,67,23,91,4,185,60,0,60,245
06/30/2021,ECP,FL,ASO,ES,Federal Contract Tower,70,28,67,14,179,0,13,23,0,36,70,41,90,14,215,16,14,30,245
07/01/2021,ECP,FL,ASO,ES,Federal Contract Tower,73,39,120,8,240,0,5,12,0,17,73,44,132,8,257,20,0,20,277
07/02/2021,ECP,FL,ASO,ES,Federal Contract Tower,81,46,98,2,227,0,2,25,0,27,81,48,123,2,254,10,0,10,264
07/03/2021,ECP,FL,ASO,ES,Federal Contract Tower,97,37,94,0,228,0,6,32,0,38,97,43,126,0,266,42,0,42,308
07/04/2021,ECP,FL,ASO,ES,Federal Contract Tower,75,15,38,0,128,0,19,24,0,43,75,34,62,0,171,36,0,36,207
07/05/2021,ECP,FL,ASO,ES,Federal Contract Tower,85,30,101,0,216,0,6,7,0,13,85,36,108,0,229,14,0,14,243
07/06/2021,ECP,FL,ASO,ES,Federal Contract Tower,73,37,69,0,179,0,0,11,0,11,73,37,80,0,190,2,0,2,192
07/07/2021,ECP,FL,ASO,ES,Federal Contract Tower,68,27,36,6,137,0,5,35,0,40,68,32,71,6,177,50,0,50,227
07/08/2021,ECP,FL,ASO,ES,Federal Contract Tower,75,24,78,22,199,0,4,33,0,37,75,28,111,22,236,62,0,62,298
07/09/2021,ECP,FL,ASO,ES,Federal Contract Tower,79,23,90,1,193,0,4,35,0,39,79,27,125,1,232,40,0,40,272
07/10/2021,ECP,FL,ASO,ES,Federal Contract Tower,94,57,113,2,266,0,18,56,0,74,94,75,169,2,340,76,8,84,424
07/11/2021,ECP,FL,ASO,ES,Federal Contract Tower,87,42,82,2,213,0,6,37,0,43,87,48,119,2,256,60,0,60,316
07/12/2021,ECP,FL,ASO,ES,Federal Contract Tower,73,20,39,24,156,0,10,30,0,40,73,30,69,24,196,46,6,52,248
07/13/2021,ECP,FL,ASO,ES,Federal Contract Tower,66,12,47,4,129,0,4,38,0,42,66,16,85,4,171,34,0,34,205
07/14/2021,ECP,FL,ASO,ES,Federal Contract Tower,67,19,60,6,152,0,12,54,9,75,67,31,114,15,227,32,20,52,279
07/15/2021,ECP,FL,ASO,ES,Federal Contract Tower,77,17,74,24,192,0,10,34,3,47,77,27,108,27,239,24,60,84,323
07/16/2021,ECP,FL,ASO,ES,Federal Contract Tower,75,23,69,10,177,0,10,44,2,56,75,33,113,12,233,32,0,32,265
07/17/2021,ECP,FL,ASO,ES,Federal Contract Tower,94,45,93,8,240,0,4,63,0,67,94,49,156,8,307,62,0,62,369
07/18/2021,ECP,FL,ASO,ES,Federal Contract Tower,83,30,87,25,225,0,13,59,10,82,83,43,146,35,307,36,14,50,357
07/19/2021,ECP,FL,ASO,ES,Federal Contract Tower,74,6,43,16,139,0,20,37,1,58,74,26,80,17,197,28,6,34,231
07/20/2021,ECP,FL,ASO,ES,Federal Contract Tower,72,12,62,8,154,0,5,22,0,27,72,17,84,8,181,20,16,36,217
07/21/2021,ECP,FL,ASO,ES,Federal Contract Tower,71,14,53,13,151,0,11,45,9,65,71,25,98,22,216,40,58,98,314
07/22/2021,ECP,FL,ASO,ES,Federal Contract Tower,74,20,73,17,184,0,23,30,3,56,74,43,103,20,240,28,32,60,300
07/23/2021,ECP,FL,ASO,ES,Federal Contract Tower,80,19,57,8,164,2,17,33,2,54,82,36,90,10,218,18,0,18,236
07/24/2021,ECP,FL,ASO,ES,Federal Contract Tower,95,40,116,2,253,0,19,28,0,47,95,59,144,2,300,32,0,32,332
07/25/2021,ECP,FL,ASO,ES,Federal Contract Tower,81,23,73,0,177,0,16,71,0,87,81,39,144,0,264,50,4,54,318
07/26/2021,ECP,FL,ASO,ES,Federal Contract Tower,74,16,69,3,162,0,18,61,4,83,74,34,130,7,245,66,28,94,339
07/27/2021,ECP,FL,ASO,ES,Federal Contract Tower,68,18,53,4,143,0,6,35,0,41,68,24,88,4,184,22,0,22,206
07/28/2021,ECP,FL,ASO,ES,Federal Contract Tower,70,31,52,1,154,0,12,40,0,52,70,43,92,1,206,16,0,16,222
07/29/2021,ECP,FL,ASO,ES,Federal Contract Tower,76,19,78,2,175,0,16,46,0,62,76,35,124,2,237,26,0,26,263
07/30/2021,ECP,FL,ASO,ES,Federal Contract Tower,73,28,44,4,149,0,12,48,0,60,73,40,92,4,209,36,10,46,255
07/31/2021,ECP,FL,ASO,ES,Federal Contract Tower,96,36,90,0,222,0,10,45,0,55,96,46,135,0,277,14,0,14,291
08/01/2021,ECP,FL,ASO,ES,Federal Contract Tower,76,27,84,4,191,0,16,60,2,78,76,43,144,6,269,28,0,28,297
08/02/2021,ECP,FL,ASO,ES,Federal Contract Tower,72,16,54,14,156,0,22,32,16,70,72,38,86,30,226,24,118,142,368
08/03/2021,ECP,FL,ASO,ES,Federal Contract Tower,68,8,43,0,119,0,3,10,0,13,68,11,53,0,132,0,14,14,146
08/04/2021,ECP,FL,ASO,ES,Federal Contract Tower,73,32,51,12,168,0,8,26,0,34,73,40,77,12,202,18,0,18,220
08/05/2021,ECP,FL,ASO,ES,Federal Contract Tower,69,32,44,4,149,0,25,36,0,61,69,57,80,4,210,30,0,30,240
08/06/2021,ECP,FL,ASO,ES,Federal Contract Tower,74,18,55,9,156,0,31,66,8,105,74,49,121,17,261,79,0,79,340
08/07/2021,ECP,FL,ASO,ES,Federal Contract Tower,97,29,86,0,212,0,31,46,0,77,97,60,132,0,289,50,0,50,339
08/08/2021,ECP,FL,ASO,ES,Federal Contract Tower,87,35,63,0,185,0,8,49,0,57,87,43,112,0,242,16,8,24,266
08/09/2021,ECP,FL,ASO,ES,Federal Contract Tower,71,17,51,14,153,0,19,58,0,77,71,36,109,14,230,8,60,68,298
08/10/2021,ECP,FL,ASO,ES,Federal Contract Tower,70,22,36,3,131,0,14,37,2,53,70,36,73,5,184,8,10,18,202
08/11/2021,ECP,FL,ASO,ES,Federal Contract Tower,65,19,53,18,155,0,20,38,0,58,65,39,91,18,213,42,20,62,275
08/12/2021,ECP,FL,ASO,ES,Federal Contract Tower,77,18,52,2,149,0,17,31,4,52,77,35,83,6,201,6,0,6,207
08/13/2021,ECP,FL,ASO,ES,Federal Contract Tower,70,34,63,8,175,0,9,44,0,53,70,43,107,8,228,10,0,10,238
08/14/2021,ECP,FL,ASO,ES,Federal Contract Tower,87,32,55,0,174,0,12,48,0,60,87,44,103,0,234,34,0,34,268
08/15/2021,ECP,FL,ASO,ES,Federal Contract Tower,76,18,58,0,152,0,5,29,0,34,76,23,87,0,186,18,0,18,204
08/16/2021,ECP,FL,ASO,ES,Federal Contract Tower,28,4,2,0,34,0,0,0,0,0,28,4,2,0,34,0,0,0,34
08/17/2021,ECP,FL,ASO,ES,Federal Contract Tower,59,17,28,4,108,0,5,32,1,38,59,22,60,5,146,38,0,38,184
08/18/2021,ECP,FL,ASO,ES,Federal Contract Tower,57,18,39,10,124,0,4,42,6,52,57,22,81,16,176,14,34,48,224
08/19/2021,ECP,FL,ASO,ES,Federal Contract Tower,61,22,59,22,164,0,1,38,6,45,61,23,97,28,209,16,14,30,239
08/20/2021,ECP,FL,ASO,ES,Federal Contract Tower,62,24,59,2,147,0,1,42,0,43,62,25,101,2,190,32,0,32,222
08/21/2021,ECP,FL,ASO,ES,Federal Contract Tower,84,15,39,0,138,0,2,23,0,25,84,17,62,0,163,14,0,14,177
08/22/2021,ECP,FL,ASO,ES,Federal Contract Tower,73,17,51,0,141,0,12,44,0,56,73,29,95,0,197,64,0,64,261
08/23/2021,ECP,FL,ASO,ES,Federal Contract Tower,64,11,46,0,121,0,10,31,0,41,64,21,77,0,162,28,0,28,190
08/24/2021,ECP,FL,ASO,ES,Federal Contract Tower,61,12,45,2,120,0,3,27,0,30,61,15,72,2,150,42,0,42,192
08/25/2021,ECP,FL,ASO,ES,Federal Contract Tower,61,25,46,4,136,0,4,9,6,19,61,29,55,10,155,0,22,22,177
08/26/2021,ECP,FL,ASO,ES,Federal Contract Tower,65,16,40,5,126,0,3,43,6,52,65,19,83,11,178,30,8,38,216
08/27/2021,ECP,FL,ASO,ES,Federal Contract Tower,69,20,47,6,142,0,7,17,0,24,69,27,64,6,166,34,0,34,200
08/28/2021,ECP,FL,ASO,ES,Federal Contract Tower,82,18,47,0,147,0,5,24,0,29,82,23,71,0,176,32,0,32,208
08/29/2021,ECP,FL,ASO,ES,Federal Contract Tower,64,9,38,0,111,0,1,3,0,4,64,10,41,0,115,0,0,0,115
08/30/2021,ECP,FL,ASO,ES,Federal Contract Tower,66,8,24,8,106,0,0,14,1,15,66,8,38,9,121,38,8,46,167
08/31/2021,ECP,FL,ASO,ES,Federal Contract Tower,54,15,21,0,90,0,0,12,2,14,54,15,33,2,104,8,4,12,116
09/01/2021,ECP,FL,ASO,ES,Federal Contract Tower,61,25,45,14,145,0,4,38,0,42,61,29,83,14,187,8,0,8,195
09/02/2021,ECP,FL,ASO,ES,Federal Contract Tower,65,35,103,12,215,0,12,45,10,67,65,47,148,22,282,26,24,50,332
09/03/2021,ECP,FL,ASO,ES,Federal Contract Tower,66,31,80,3,180,0,4,72,1,77,66,35,152,4,257,6,0,6,263
09/04/2021,ECP,FL,ASO,ES,Federal Contract Tower,83,14,57,2,156,0,4,50,0,54,83,18,107,2,210,74,0,74,284
09/05/2021,ECP,FL,ASO,ES,Federal Contract Tower,68,20,35,0,123,0,20,48,0,68,68,40,83,0,191,56,0,56,247
09/06/2021,ECP,FL,ASO,ES,Federal Contract Tower,65,38,155,0,258,0,24,63,4,91,65,62,218,4,349,28,0,28,377
09/07/2021,ECP,FL,ASO,ES,Federal Contract Tower,43,23,83,8,157,0,6,32,0,38,43,29,115,8,195,10,18,28,223
09/08/2021,ECP,FL,ASO,ES,Federal Contract Tower,38,11,32,0,81,0,0,2,0,2,38,11,34,0,83,4,0,4,87
09/09/2021,ECP,FL,ASO,ES,Federal Contract Tower,41,29,29,9,108,0,2,26,2,30,41,31,55,11,138,16,8,24,162
09/10/2021,ECP,FL,ASO,ES,Federal Contract Tower,43,22,69,6,140,0,0,44,2,46,43,22,113,8,186,34,14,48,234
09/11/2021,ECP,FL,ASO,ES,Federal Contract Tower,55,7,43,0,105,0,0,29,2,31,55,7,72,2,136,16,0,16,152
09/12/2021,ECP,FL,ASO,ES,Federal Contract Tower,44,27,55,2,128,3,7,53,6,69,47,34,108,8,197,14,34,48,245
09/13/2021,ECP,FL,ASO,ES,Federal Contract Tower,46,17,42,0,105,0,0,59,2,61,46,17,101,2,166,50,6,56,222
09/14/2021,ECP,FL,ASO,ES,Federal Contract Tower,36,15,57,24,132,0,4,51,4,59,36,19,108,28,191,42,22,64,255
09/15/2021,ECP,FL,ASO,ES,Federal Contract Tower,39,20,23,0,82,0,0,0,0,0,39,20,23,0,82,0,0,0,82
09/16/2021,ECP,FL,ASO,ES,Federal Contract Tower,43,20,46,0,109,0,0,5,0,5,43,20,51,0,114,20,0,20,134
09/17/2021,ECP,FL,ASO,ES,Federal Contract Tower,47,19,49,4,119,0,0,6,0,6,47,19,55,4,125,32,24,56,181
09/18/2021,ECP,FL,ASO,ES,Federal Contract Tower,62,16,37,0,115,0,4,12,0,16,62,20,49,0,131,12,0,12,143
09/19/2021,ECP,FL,ASO,ES,Federal Contract Tower,42,17,41,0,100,0,8,14,0,22,42,25,55,0,122,9,0,9,131
09/20/2021,ECP,FL,ASO,ES,Federal Contract Tower,48,24,53,20,145,0,0,20,0,20,48,24,73,20,165,18,30,48,213
09/21/2021,ECP,FL,ASO,ES,Federal Contract Tower,37,15,36,31,119,0,2,15,0,17,37,17,51,31,136,6,24,30,166
09/22/2021,ECP,FL,ASO,ES,Federal Contract Tower,38,22,50,18,128,0,2,33,1,36,38,24,83,19,164,48,4,52,216
09/23/2021,ECP,FL,ASO,ES,Federal Contract Tower,45,25,69,24,163,0,2,45,16,63,45,27,114,40,226,24,16,40,266
09/24/2021,ECP,FL,ASO,ES,Federal Contract Tower,53,21,79,0,153,0,4,57,2,63,53,25,136,2,216,64,0,64,280
09/25/2021,ECP,FL,ASO,ES,Federal Contract Tower,59,21,28,0,108,0,4,54,0,58,59,25,82,0,166,18,0,18,184
09/26/2021,ECP,FL,ASO,ES,Federal Contract Tower,43,31,67,0,141,0,4,58,0,62,43,35,125,0,203,32,0,32,235
09/27/2021,ECP,FL,ASO,ES,Federal Contract Tower,46,18,61,30,155,0,6,53,0,59,46,24,114,30,214,44,24,68,282
09/28/2021,ECP,FL,ASO,ES,Federal Contract Tower,39,16,42,14,111,0,3,53,2,58,39,19,95,16,169,40,56,96,265
09/29/2021,ECP,FL,ASO,ES,Federal Contract Tower,39,14,50,10,113,0,4,40,1,45,39,18,90,11,158,24,8,32,190
09/30/2021,ECP,FL,ASO,ES,Federal Contract Tower,47,46,55,15,163,0,0,67,5,72,47,46,122,20,235,60,30,90,325
10/01/2021,ECP,FL,ASO,ES,Federal Contract Tower,48,38,77,4,167,0,0,55,0,55,48,38,132,4,222,24,6,30,252
10/02/2021,ECP,FL,ASO,ES,Federal Contract Tower,60,30,58,0,148,0,4,37,0,41,60,34,95,0,189,30,0,30,219
10/03/2021,ECP,FL,ASO,ES,Federal Contract Tower,44,28,71,0,143,0,0,27,0,27,44,28,98,0,170,2,6,8,178
10/04/2021,ECP,FL,ASO,ES,Federal Contract Tower,45,10,41,4,100,0,0,1,0,1,45,10,42,4,101,2,0,2,103
10/05/2021,ECP,FL,ASO,ES,Federal Contract Tower,36,25,40,0,101,0,0,18,0,18,36,25,58,0,119,4,0,4,123
10/06/2021,ECP,FL,ASO,ES,Federal Contract Tower,39,21,38,2,100,0,2,16,0,18,39,23,54,2,118,16,0,16,134
10/07/2021,ECP,FL,ASO,ES,Federal Contract Tower,39,50,102,1,192,0,0,16,1,17,39,50,118,2,209,6,0,6,215
10/08/2021,ECP,FL,ASO,ES,Federal Contract Tower,37,45,102,9,193,0,2,34,2,38,37,47,136,11,231,12,8,20,251
10/09/2021,ECP,FL,ASO,ES,Federal Contract Tower,45,30,75,0,150,0,0,46,0,46,45,30,121,0,196,16,0,16,212
10/10/2021,ECP,FL,ASO,ES,Federal Contract Tower,34,28,87,0,149,0,10,55,0,65,34,38,142,0,214,24,0,24,238
10/11/2021,ECP,FL,ASO,ES,Federal Contract Tower,27,45,104,0,176,0,0,60,0,60,27,45,164,0,236,32,0,32,268
10/12/2021,ECP,FL,ASO,ES,Federal Contract Tower,34,37,60,6,137,0,6,54,5,65,34,43,114,11,202,92,24,116,318
10/13/2021,ECP,FL,ASO,ES,Federal Contract Tower,35,57,68,4,164,0,0,46,0,46,35,57,114,4,210,42,0,42,252
10/14/2021,ECP,FL,ASO,ES,Federal Contract Tower,41,33,90,3,167,0,2,26,1,29,41,35,116,4,196,36,8,44,240
10/15/2021,ECP,FL,ASO,ES,Federal Contract Tower,38,19,88,6,151,0,0,26,0,26,38,19,114,6,177,20,0,20,197
10/16/2021,ECP,FL,ASO,ES,Federal Contract Tower,48,19,43,2,112,0,2,37,0,39,48,21,80,2,151,36,0,36,187
10/17/2021,ECP,FL,ASO,ES,Federal Contract Tower,41,42,98,0,181,0,0,69,4,73,41,42,167,4,254,56,22,78,332
10/18/2021,ECP,FL,ASO,ES,Federal Contract Tower,37,36,63,6,142,0,0,53,0,53,37,36,116,6,195,24,0,24,219
10/19/2021,ECP,FL,ASO,ES,Federal Contract Tower,34,21,30,2,87,0,0,56,0,56,34,21,86,2,143,58,8,66,209
10/20/2021,ECP,FL,ASO,ES,Federal Contract Tower,37,22,76,7,142,0,0,45,2,47,37,22,121,9,189,38,20,58,247
10/21/2021,ECP,FL,ASO,ES,Federal Contract Tower,38,34,64,19,155,0,0,28,2,30,38,34,92,21,185,20,30,50,235
10/22/2021,ECP,FL,ASO,ES,Federal Contract Tower,36,31,82,6,155,0,4,62,0,66,36,35,144,6,221,8,0,8,229
10/23/2021,ECP,FL,ASO,ES,Federal Contract Tower,48,22,49,0,119,0,2,57,3,62,48,24,106,3,181,26,0,26,207
10/24/2021,ECP,FL,ASO,ES,Federal Contract Tower,41,23,86,0,150,0,0,51,4,55,41,23,137,4,205,8,16,24,229
10/25/2021,ECP,FL,ASO,ES,Federal Contract Tower,36,32,56,2,126,0,0,35,2,37,36,32,91,4,163,18,36,54,217
10/26/2021,ECP,FL,ASO,ES,Federal Contract Tower,33,14,40,11,98,0,0,38,2,40,33,14,78,13,138,64,12,76,214
10/27/2021,ECP,FL,ASO,ES,Federal Contract Tower,35,21,53,20,129,0,2,44,4,50,35,23,97,24,179,23,16,39,218
10/28/2021,ECP,FL,ASO,ES,Federal Contract Tower,42,23,32,3,100,0,0,5,1,6,42,23,37,4,106,0,26,26,132
10/29/2021,ECP,FL,ASO,ES,Federal Contract Tower,36,20,52,0,108,0,2,11,0,13,36,22,63,0,121,4,0,4,125
10/30/2021,ECP,FL,ASO,ES,Federal Contract Tower,46,12,47,0,105,0,0,35,0,35,46,12,82,0,140,42,0,42,182
10/31/2021,ECP,FL,ASO,ES,Federal Contract Tower,33,16,52,2,103,0,2,54,0,56,33,18,106,2,159,40,8,48,207
11/01/2021,ECP,FL,ASO,ES,Federal Contract Tower,35,33,48,12,128,0,2,47,2,51,35,35,95,14,179,16,38,54,233
11/03/2021,ECP,FL,ASO,ES,Federal Contract Tower,35,13,68,19,135,0,2,41,12,55,35,15,109,31,190,38,80,118,308
11/04/2021,ECP,FL,ASO,ES,Federal Contract Tower,37,28,92,10,167,0,0,44,1,45,37,28,136,11,212,46,22,68,280
11/05/2021,ECP,FL,ASO,ES,Federal Contract Tower,41,26,58,6,131,0,0,26,0,26,41,26,84,6,157,10,0,10,167
11/06/2021,ECP,FL,ASO,ES,Federal Contract Tower,49,19,28,2,98,0,2,45,0,47,49,21,73,2,145,48,0,48,193
11/07/2021,ECP,FL,ASO,ES,Federal Contract Tower,35,31,78,5,149,0,0,59,4,63,35,31,137,9,212,26,30,56,268
11/08/2021,ECP,FL,ASO,ES,Federal Contract Tower,33,17,58,14,122,0,0,51,4,55,33,17,109,18,177,12,36,48,225
11/09/2021,ECP,FL,ASO,ES,Federal Contract Tower,33,17,43,12,105,0,0,28,4,32,33,17,71,16,137,48,42,90,227
11/10/2021,ECP,FL,ASO,ES,Federal Contract Tower,31,21,75,5,132,0,0,33,7,40,31,21,108,12,172,62,68,130,302
11/11/2021,ECP,FL,ASO,ES,Federal Contract Tower,34,21,50,0,105,0,0,9,0,9,34,21,59,0,114,0,0,0,114
11/12/2021,ECP,FL,ASO,ES,Federal Contract Tower,33,18,57,3,111,0,0,28,0,28,33,18,85,3,139,10,0,10,149
11/14/2021,ECP,FL,ASO,ES,Federal Contract Tower,37,21,63,0,121,0,0,44,0,44,37,21,107,0,165,0,0,0,165
11/15/2021,ECP,FL,ASO,ES,Federal Contract Tower,33,24,35,4,96,0,0,35,3,38,33,24,70,7,134,20,16,36,170
11/16/2021,ECP,FL,ASO,ES,Federal Contract Tower,32,23,54,12,121,0,0,54,0,54,32,23,108,12,175,42,28,70,245
11/17/2021,ECP,FL,ASO,ES,Federal Contract Tower,32,18,59,27,136,0,0,31,5,36,32,18,90,32,172,20,14,34,206
11/18/2021,ECP,FL,ASO,ES,Federal Contract Tower,34,24,61,12,131,0,0,40,2,42,34,24,101,14,173,26,10,36,209
11/19/2021,ECP,FL,ASO,ES,Federal Contract Tower,34,21,72,5,132,0,1,49,1,51,34,22,121,6,183,52,0,52,235
11/20/2021,ECP,FL,ASO,ES,Federal Contract Tower,37,38,76,0,151,0,0,43,0,43,37,38,119,0,194,20,0,20,214
11/21/2021,ECP,FL,ASO,ES,Federal Contract Tower,34,17,50,0,101,0,0,26,0,26,34,17,76,0,127,18,0,18,145
11/22/2021,ECP,FL,ASO,ES,Federal Contract Tower,34,34,60,10,138,0,0,35,5,40,34,34,95,15,178,48,38,86,264
11/23/2021,ECP,FL,ASO,ES,Federal Contract Tower,38,46,80,14,178,0,0,58,0,58,38,46,138,14,236,26,50,76,312
11/24/2021,ECP,FL,ASO,ES,Federal Contract Tower,42,27,84,0,153,0,1,51,1,53,42,28,135,1,206,44,16,60,266
11/25/2021,ECP,FL,ASO,ES,Federal Contract Tower,27,10,17,0,54,0,0,13,0,13,27,10,30,0,67,20,0,20,87
11/26/2021,ECP,FL,ASO,ES,Federal Contract Tower,30,27,58,0,115,0,0,21,0,21,30,27,79,0,136,0,0,0,136
11/27/2021,ECP,FL,ASO,ES,Federal Contract Tower,37,36,83,0,156,0,0,43,0,43,37,36,126,0,199,12,0,12,211
11/28/2021,ECP,FL,ASO,ES,Federal Contract Tower,39,55,143,0,237,0,0,24,0,24,39,55,167,0,261,0,0,0,261
11/29/2021,ECP,FL,ASO,ES,Federal Contract Tower,39,25,54,9,127,0,0,43,4,47,39,25,97,13,174,14,38,52,226
11/30/2021,ECP,FL,ASO,ES,Federal Contract Tower,36,36,55,6,133,0,0,46,0,46,36,36,101,6,179,40,24,64,243
12/01/2021,ECP,FL,ASO,ES,Federal Contract Tower,33,19,42,11,105,0,0,60,6,66,33,19,102,17,171,130,62,192,363
12/02/2021,ECP,FL,ASO,ES,Federal Contract Tower,35,22,41,4,102,0,0,26,6,32,35,22,67,10,134,14,0,14,148
12/03/2021,ECP,FL,ASO,ES,Federal Contract Tower,33,20,48,4,105,0,0,22,0,22,33,20,70,4,127,30,0,30,157
12/04/2021,ECP,FL,ASO,ES,Federal Contract Tower,31,10,39,0,80,0,0,41,0,41,31,10,80,0,121,50,0,50,171
12/05/2021,ECP,FL,ASO,ES,Federal Contract Tower,34,18,36,0,88,0,0,32,0,32,34,18,68,0,120,32,0,32,152
12/06/2021,ECP,FL,ASO,ES,Federal Contract Tower,32,20,48,25,125,0,0,35,6,41,32,20,83,31,166,62,56,118,284
12/07/2021,ECP,FL,ASO,ES,Federal Contract Tower,30,21,48,10,109,0,0,10,0,10,30,21,58,10,119,0,0,0,119
12/08/2021,ECP,FL,ASO,ES,Federal Contract Tower,32,17,40,23,112,0,0,16,0,16,32,17,56,23,128,20,26,46,174
12/09/2021,ECP,FL,ASO,ES,Federal Contract Tower,32,9,38,16,95,0,0,0,2,2,32,9,38,18,97,0,8,8,105
12/10/2021,ECP,FL,ASO,ES,Federal Contract Tower,33,19,38,4,94,0,0,0,0,0,33,19,38,4,94,0,0,0,94
12/11/2021,ECP,FL,ASO,ES,Federal Contract Tower,29,9,29,0,67,0,0,2,0,2,29,9,31,0,69,0,0,0,69
12/12/2021,ECP,FL,ASO,ES,Federal Contract Tower,35,13,42,0,90,0,0,25,0,25,35,13,67,0,115,22,0,22,137
12/13/2021,ECP,FL,ASO,ES,Federal Contract Tower,32,9,50,6,97,0,0,14,0,14,32,9,64,6,111,2,0,2,113
12/14/2021,ECP,FL,ASO,ES,Federal Contract Tower,28,14,39,4,85,0,0,23,0,23,28,14,62,4,108,4,36,40,148
12/15/2021,ECP,FL,ASO,ES,Federal Contract Tower,23,17,35,11,86,0,0,13,4,17,23,17,48,15,103,0,12,12,115
12/16/2021,ECP,FL,ASO,ES,Federal Contract Tower,36,15,40,13,104,0,0,20,0,20,36,15,60,13,124,16,0,16,140
12/17/2021,ECP,FL,ASO,ES,Federal Contract Tower,33,18,48,6,105,0,0,22,2,24,33,18,70,8,129,20,6,26,155
12/18/2021,ECP,FL,ASO,ES,Federal Contract Tower,35,10,29,4,78,0,0,18,0,18,35,10,47,4,96,0,0,0,96
12/20/2021,ECP,FL,ASO,ES,Federal Contract Tower,33,11,20,4,68,0,0,0,0,0,33,11,20,4,68,0,0,0,68
12/21/2021,ECP,FL,ASO,ES,Federal Contract Tower,33,16,28,2,79,0,0,0,0,0,33,16,28,2,79,0,0,0,79
12/22/2021,ECP,FL,ASO,ES,Federal Contract Tower,33,17,48,10,108,0,0,46,4,50,33,17,94,14,158,54,8,62,220
12/23/2021,ECP,FL,ASO,ES,Federal Contract Tower,39,22,37,0,98,0,4,74,0,78,39,26,111,0,176,32,0,32,208
12/24/2021,ECP,FL,ASO,ES,Federal Contract Tower,23,7,26,0,56,0,0,30,0,30,23,7,56,0,86,12,0,12,98
12/25/2021,ECP,FL,ASO,ES,Federal Contract Tower,26,9,18,0,53,0,0,16,0,16,26,9,34,0,69,0,0,0,69
12/26/2021,ECP,FL,ASO,ES,Federal Contract Tower,41,29,74,2,146,0,0,35,0,35,41,29,109,2,181,0,0,0,181
12/27/2021,ECP,FL,ASO,ES,Federal Contract Tower,39,35,91,0,165,0,0,10,0,10,39,35,101,0,175,18,0,18,193
12/28/2021,ECP,FL,ASO,ES,Federal Contract Tower,42,20,70,4,136,0,0,33,0,33,42,20,103,4,169,68,0,68,237
12/29/2021,ECP,FL,ASO,ES,Federal Contract Tower,39,19,69,6,133,0,0,4,0,4,39,19,73,6,137,0,0,0,137
12/30/2021,ECP,FL,ASO,ES,Federal Contract Tower,38,33,87,0,158,0,0,0,0,0,38,33,87,0,158,0,0,0,158
12/31/2021,ECP,FL,ASO,ES,Federal Contract Tower,24,13,64,0,101,0,0,0,0,0,24,13,64,0,101,0,0,0,101
01/01/2022,ECP,FL,ASO,ES,Federal Contract Tower,35,18,67,4,124,0,0,0,0,0,35,18,67,4,124,0,0,0,124
01/02/2022,ECP,FL,ASO,ES,Federal Contract Tower,40,31,82,0,153,0,0,2,0,2,40,31,84,0,155,0,0,0,155
01/03/2022,ECP,FL,ASO,ES,Federal Contract Tower,36,35,90,4,165,0,0,30,1,31,36,35,120,5,196,10,16,26,222
01/04/2022,ECP,FL,ASO,ES,Federal Contract Tower,30,22,51,14,117,0,3,69,0,72,30,25,120,14,189,72,0,72,261
01/05/2022,ECP,FL,ASO,ES,Federal Contract Tower,24,17,42,7,90,0,0,44,6,50,24,17,86,13,140,34,26,60,200
01/06/2022,ECP,FL,ASO,ES,Federal Contract Tower,29,16,40,10,95,0,20,0,0,20,29,36,40,10,115,12,0,12,127
01/07/2022,ECP,FL,ASO,ES,Federal Contract Tower,31,12,41,2,86,0,0,47,2,49,31,12,88,4,135,38,46,84,219
01/08/2022,ECP,FL,ASO,ES,Federal Contract Tower,27,13,29,0,69,0,0,67,0,67,27,13,96,0,136,22,0,22,158
01/09/2022,ECP,FL,ASO,ES,Federal Contract Tower,33,12,53,0,98,0,0,0,0,0,33,12,53,0,98,0,0,0,98
01/10/2022,ECP,FL,ASO,ES,Federal Contract Tower,34,9,17,8,68,0,0,14,4,18,34,9,31,12,86,56,0,56,142
01/11/2022,ECP,FL,ASO,ES,Federal Contract Tower,33,14,30,14,91,0,0,50,0,50,33,14,80,14,141,14,38,52,193
01/12/2022,ECP,FL,ASO,ES,Federal Contract Tower,34,21,42,15,112,0,0,42,6,48,34,21,84,21,160,58,38,96,256
01/13/2022,ECP,FL,ASO,ES,Federal Contract Tower,32,22,61,2,117,0,0,37,6,43,32,22,98,8,160,4,28,32,192
01/14/2022,ECP,FL,ASO,ES,Federal Contract Tower,34,24,67,20,145,0,2,53,0,55,34,26,120,20,200,40,12,52,252
01/15/2022,ECP,FL,ASO,ES,Federal Contract Tower,27,21,27,0,75,0,0,21,0,21,27,21,48,0,96,0,0,0,96
01/16/2022,ECP,FL,ASO,ES,Federal Contract Tower,26,7,11,0,44,0,0,1,0,1,26,7,12,0,45,0,0,0,45
01/17/2022,ECP,FL,ASO,ES,Federal Contract Tower,27,31,57,0,115,0,0,41,0,41,27,31,98,0,156,104,0,104,260
01/18/2022,ECP,FL,ASO,ES,Federal Contract Tower,31,21,60,2,114,0,0,46,0,46,31,21,106,2,160,42,26,68,228
01/19/2022,ECP,FL,ASO,ES,Federal Contract Tower,31,15,54,31,131,0,3,45,1,49,31,18,99,32,180,24,38,62,242
01/20/2022,ECP,FL,ASO,ES,Federal Contract Tower,32,7,35,0,74,0,0,8,0,8,32,7,43,0,82,14,10,24,106
01/21/2022,ECP,FL,ASO,ES,Federal Contract Tower,31,20,28,1,80,0,0,0,0,0,31,20,28,1,80,0,0,0,80
01/22/2022,ECP,FL,ASO,ES,Federal Contract Tower,25,18,42,0,85,0,0,2,0,2,25,18,44,0,87,14,12,26,113
01/23/2022,ECP,FL,ASO,ES,Federal Contract Tower,32,11,63,2,108,0,0,47,2,49,32,11,110,4,157,52,20,72,229
01/24/2022,ECP,FL,ASO,ES,Federal Contract Tower,30,12,35,9,86,0,0,46,2,48,30,12,81,11,134,8,18,26,160
01/25/2022,ECP,FL,ASO,ES,Federal Contract Tower,30,10,26,3,69,0,0,0,0,0,30,10,26,3,69,0,0,0,69
01/26/2022,ECP,FL,ASO,ES,Federal Contract Tower,30,17,46,2,95,0,0,47,2,49,30,17,93,4,144,26,12,38,182
01/27/2022,ECP,FL,ASO,ES,Federal Contract Tower,27,14,56,0,97,0,0,31,2,33,27,14,87,2,130,56,6,62,192
01/28/2022,ECP,FL,ASO,ES,Federal Contract Tower,33,14,52,10,109,0,0,27,3,30,33,14,79,13,139,32,28,60,199
01/29/2022,ECP,FL,ASO,ES,Federal Contract Tower,27,19,30,1,77,0,0,44,0,44,27,19,74,1,121,4,0,4,125
01/30/2022,ECP,FL,ASO,ES,Federal Contract Tower,32,11,42,0,85,0,0,41,0,41,32,11,83,0,126,32,0,32,158
01/31/2022,ECP,FL,ASO,ES,Federal Contract Tower,29,8,34,6,77,0,2,54,2,58,29,10,88,8,135,30,10,40,175
02/01/2022,ECP,FL,ASO,ES,Federal Contract Tower,35,13,32,18,98,0,0,57,0,57,35,13,89,18,155,60,22,82,237
02/02/2022,ECP,FL,ASO,ES,Federal Contract Tower,30,21,35,33,119,0,0,41,9,50,30,21,76,42,169,20,40,60,229
02/03/2022,ECP,FL,ASO,ES,Federal Contract Tower,29,11,33,22,95,0,0,3,0,3,29,11,36,22,98,0,0,0,98
02/04/2022,ECP,FL,ASO,ES,Federal Contract Tower,27,12,30,5,74,0,0,1,0,1,27,12,31,5,75,0,0,0,75
02/05/2022,ECP,FL,ASO,ES,Federal Contract Tower,27,10,24,1,62,0,0,35,0,35,27,10,59,1,97,12,0,12,109
02/06/2022,ECP,FL,ASO,ES,Federal Contract Tower,34,8,51,0,93,0,0,49,0,49,34,8,100,0,142,54,0,54,196
02/07/2022,ECP,FL,ASO,ES,Federal Contract Tower,27,9,40,0,76,0,0,14,0,14,27,9,54,0,90,34,0,34,124
02/08/2022,ECP,FL,ASO,ES,Federal Contract Tower,28,14,43,2,87,0,0,43,9,52,28,14,86,11,139,66,40,106,245
02/09/2022,ECP,FL,ASO,ES,Federal Contract Tower,29,23,36,9,97,0,0,40,5,45,29,23,76,14,142,74,26,100,242
02/10/2022,ECP,FL,ASO,ES,Federal Contract Tower,29,13,48,2,92,0,0,48,0,48,29,13,96,2,140,14,12,26,166
02/11/2022,ECP,FL,ASO,ES,Federal Contract Tower,24,27,59,12,122,0,0,49,0,49,24,27,108,12,171,48,2,50,221
02/12/2022,ECP,FL,ASO,ES,Federal Contract Tower,24,14,44,0,82,0,0,16,0,16,24,14,60,0,98,14,0,14,112
02/13/2022,ECP,FL,ASO,ES,Federal Contract Tower,24,18,49,0,91,0,0,39,0,39,24,18,88,0,130,4,0,4,134
02/14/2022,ECP,FL,ASO,ES,Federal Contract Tower,26,10,43,6,85,0,0,39,2,41,26,10,82,8,126,34,42,76,202
02/15/2022,ECP,FL,ASO,ES,Federal Contract Tower,29,16,59,8,112,0,0,60,4,64,29,16,119,12,176,16,6,22,198
02/16/2022,ECP,FL,ASO,ES,Federal Contract Tower,31,23,64,9,127,0,0,51,3,54,31,23,115,12,181,10,10,20,201
02/17/2022,ECP,FL,ASO,ES,Federal Contract Tower,29,18,57,20,124,0,0,0,0,0,29,18,57,20,124,0,0,0,124
02/18/2022,ECP,FL,ASO,ES,Federal Contract Tower,30,34,113,1,178,0,0,26,0,26,30,34,139,1,204,16,6,22,226
02/19/2022,ECP,FL,ASO,ES,Federal Contract Tower,25,20,48,2,95,0,0,35,2,37,25,20,83,4,132,18,0,18,150
02/20/2022,ECP,FL,ASO,ES,Federal Contract Tower,26,23,74,1,124,0,0,58,0,58,26,23,132,1,182,54,0,54,236
02/21/2022,ECP,FL,ASO,ES,Federal Contract Tower,30,27,100,1,158,0,1,56,0,57,30,28,156,1,215,54,0,54,269
02/22/2022,ECP,FL,ASO,ES,Federal Contract Tower,28,22,72,17,139,0,0,43,4,47,28,22,115,21,186,24,44,68,254
02/23/2022,ECP,FL,ASO,ES,Federal Contract Tower,35,21,78,30,164,0,0,26,2,28,35,21,104,32,192,40,26,66,258
02/24/2022,ECP,FL,ASO,ES,Federal Contract Tower,30,24,89,15,158,0,0,37,2,39,30,24,126,17,197,2,34,36,233
02/25/2022,ECP,FL,ASO,ES,Federal Contract Tower,29,28,83,10,150,0,1,29,0,30,29,29,112,10,180,4,14,18,198
02/26/2022,ECP,FL,ASO,ES,Federal Contract Tower,27,13,42,0,82,0,0,55,0,55,27,13,97,0,137,36,0,36,173
02/27/2022,ECP,FL,ASO,ES,Federal Contract Tower,30,26,81,2,139,0,0,53,2,55,30,26,134,4,194,12,20,32,226
02/28/2022,ECP,FL,ASO,ES,Federal Contract Tower,30,26,76,6,138,0,0,38,0,38,30,26,114,6,176,42,0,42,218
03/01/2022,ECP,FL,ASO,ES,Federal Contract Tower,30,18,39,18,105,0,0,51,4,55,30,18,90,22,160,22,36,58,218
03/02/2022,ECP,FL,ASO,ES,Federal Contract Tower,39,13,52,4,108,0,0,51,2,53,39,13,103,6,161,50,32,82,243
03/03/2022,ECP,FL,ASO,ES,Federal Contract Tower,33,29,67,8,137,0,0,61,0,61,33,29,128,8,198,36,22,58,256
03/04/2022,ECP,FL,ASO,ES,Federal Contract Tower,35,27,61,2,125,0,0,54,2,56,35,27,115,4,181,16,12,28,209
03/05/2022,ECP,FL,ASO,ES,Federal Contract Tower,35,22,45,0,102,0,5,45,0,50,35,27,90,0,152,30,0,30,182
03/06/2022,ECP,FL,ASO,ES,Federal Contract Tower,39,38,82,0,159,0,0,45,17,62,39,38,127,17,221,8,0,8,229
03/07/2022,ECP,FL,ASO,ES,Federal Contract Tower,35,22,52,17,126,0,15,53,34,102,35,37,105,51,228,50,16,66,294
03/08/2022,ECP,FL,ASO,ES,Federal Contract Tower,37,21,67,14,139,0,26,42,38,106,37,47,109,52,245,10,26,36,281
03/09/2022,ECP,FL,ASO,ES,Federal Contract Tower,37,21,27,0,85,0,0,0,0,0,37,21,27,0,85,0,0,0,85
03/10/2022,ECP,FL,ASO,ES,Federal Contract Tower,44,24,80,2,150,0,0,6,2,8,44,24,86,4,158,18,0,18,176
03/11/2022,ECP,FL,ASO,ES,Federal Contract Tower,42,38,74,0,154,0,0,0,0,0,42,38,74,0,154,0,0,0,154
03/12/2022,ECP,FL,ASO,ES,Federal Contract Tower,63,55,98,2,218,0,0,18,4,22,63,55,116,6,240,0,0,0,240
03/13/2022,ECP,FL,ASO,ES,Federal Contract Tower,44,32,108,0,184,0,0,85,0,85,44,32,193,0,269,58,0,58,327
03/14/2022,ECP,FL,ASO,ES,Federal Contract Tower,38,19,69,8,134,0,0,62,2,64,38,19,131,10,198,58,56,114,312
03/15/2022,ECP,FL,ASO,ES,Federal Contract Tower,40,29,30,8,107,0,0,0,0,0,40,29,30,8,107,0,0,0,107
03/16/2022,ECP,FL,ASO,ES,Federal Contract Tower,40,27,67,20,154,0,0,27,2,29,40,27,94,22,183,54,38,92,275
03/17/2022,ECP,FL,ASO,ES,Federal Contract Tower,63,55,98,2,218,0,0,18,4,22,63,55,116,6,240,0,0,0,240
03/18/2022,ECP,FL,ASO,ES,Federal Contract Tower,39,33,60,0,132,0,0,1,0,1,39,33,61,0,133,2,0,2,135
03/19/2022,ECP,FL,ASO,ES,Federal Contract Tower,60,63,168,0,291,0,0,35,0,35,60,63,203,0,326,50,0,50,376
03/20/2022,ECP,FL,ASO,ES,Federal Contract Tower,45,24,114,0,183,0,0,76,2,78,45,24,190,2,261,48,12,60,321
03/21/2022,ECP,FL,ASO,ES,Federal Contract Tower,41,17,51,10,119,0,0,51,0,51,41,17,102,10,170,28,8,36,206
03/22/2022,ECP,FL,ASO,ES,Federal Contract Tower,36,19,33,30,118,0,0,28,3,31,36,19,61,33,149,12,18,30,179
03/23/2022,ECP,FL,ASO,ES,Federal Contract Tower,37,16,65,23,141,0,0,19,0,19,37,16,84,23,160,40,0,40,200
03/24/2022,ECP,FL,ASO,ES,Federal Contract Tower,40,24,84,24,172,0,0,51,0,51,40,24,135,24,223,20,6,26,249
03/25/2022,ECP,FL,ASO,ES,Federal Contract Tower,42,23,91,4,160,0,0,55,0,55,42,23,146,4,215,36,8,44,259
03/26/2022,ECP,FL,ASO,ES,Federal Contract Tower,63,31,84,0,178,0,0,52,0,52,63,31,136,0,230,38,0,38,268
03/27/2022,ECP,FL,ASO,ES,Federal Contract Tower,37,40,69,6,152,0,0,67,0,67,37,40,136,6,219,46,0,46,265
03/28/2022,ECP,FL,ASO,ES,Federal Contract Tower,43,10,33,14,100,0,0,42,0,42,43,10,75,14,142,42,12,54,196
03/29/2022,ECP,FL,ASO,ES,Federal Contract Tower,38,11,57,14,120,0,0,31,0,31,38,11,88,14,151,10,12,22,173
03/30/2022,ECP,FL,ASO,ES,Federal Contract Tower,30,21,36,6,93,0,0,5,0,5,30,21,41,6,98,0,4,4,102
03/31/2022,ECP,FL,ASO,ES,Federal Contract Tower,41,40,61,3,145,0,0,26,1,27,41,40,87,4,172,32,28,60,232
04/01/2022,ECP,FL,ASO,ES,Federal Contract Tower,43,35,92,3,173,0,0,71,3,74,43,35,163,6,247,62,2,64,311
04/02/2022,ECP,FL,ASO,ES,Federal Contract Tower,51,22,80,0,153,0,0,26,0,26,51,22,106,0,179,8,0,8,187
04/03/2022,ECP,FL,ASO,ES,Federal Contract Tower,37,35,106,0,178,0,0,66,0,66,37,35,172,0,244,58,0,58,302
04/04/2022,ECP,FL,ASO,ES,Federal Contract Tower,41,19,57,15,132,0,0,63,4,67,41,19,120,19,199,108,44,152,351
04/05/2022,ECP,FL,ASO,ES,Federal Contract Tower,41,17,25,2,85,0,0,0,0,0,41,17,25,2,85,0,0,0,85
04/06/2022,ECP,FL,ASO,ES,Federal Contract Tower,39,19,49,24,131,0,0,0,0,0,39,19,49,24,131,0,0,0,131
04/07/2022,ECP,FL,ASO,ES,Federal Contract Tower,46,33,76,0,155,0,0,56,2,58,46,33,132,2,213,30,42,72,285
04/08/2022,ECP,FL,ASO,ES,Federal Contract Tower,44,34,66,6,150,0,0,37,2,39,44,34,103,8,189,8,6,14,203
04/09/2022,ECP,FL,ASO,ES,Federal Contract Tower,57,45,57,0,159,0,0,43,2,45,57,45,100,2,204,28,0,28,232
04/10/2022,ECP,FL,ASO,ES,Federal Contract Tower,44,25,87,0,156,0,0,105,2,107,44,25,192,2,263,32,14,46,309
04/11/2022,ECP,FL,ASO,ES,Federal Contract Tower,43,21,44,46,154,0,0,57,12,69,43,21,101,58,223,22,98,120,343
04/12/2022,ECP,FL,ASO,ES,Federal Contract Tower,39,21,52,10,122,0,0,51,2,53,39,21,103,12,175,60,12,72,247
04/13/2022,ECP,FL,ASO,ES,Federal Contract Tower,38,28,62,0,128,0,0,26,0,26,38,28,88,0,154,38,0,38,192
04/14/2022,ECP,FL,ASO,ES,Federal Contract Tower,47,53,123,3,226,0,0,22,0,22,47,53,145,3,248,8,14,22,270
04/15/2022,ECP,FL,ASO,ES,Federal Contract Tower,45,38,74,2,159,0,0,50,0,50,45,38,124,2,209,56,0,56,265
04/16/2022,ECP,FL,ASO,ES,Federal Contract Tower,55,22,46,3,126,0,0,17,0,17,55,22,63,3,143,50,0,50,193
04/17/2022,ECP,FL,ASO,ES,Federal Contract Tower,43,33,60,0,136,0,0,29,0,29,43,33,89,0,165,19,0,19,184
04/18/2022,ECP,FL,ASO,ES,Federal Contract Tower,43,74,98,0,215,0,0,58,0,58,43,74,156,0,273,46,18,64,337
04/19/2022,ECP,FL,ASO,ES,Federal Contract Tower,42,25,54,12,133,0,0,55,0,55,42,25,109,12,188,16,28,44,232
04/20/2022,ECP,FL,ASO,ES,Federal Contract Tower,43,32,68,12,155,0,0,51,0,51,43,32,119,12,206,28,44,72,278
04/21/2022,ECP,FL,ASO,ES,Federal Contract Tower,44,29,96,24,193,0,0,42,4,46,44,29,138,28,239,32,34,66,305
04/22/2022,ECP,FL,ASO,ES,Federal Contract Tower,45,28,86,6,165,0,0,54,0,54,45,28,140,6,219,90,0,90,309
04/23/2022,ECP,FL,ASO,ES,Federal Contract Tower,54,22,55,0,131,0,0,50,0,50,54,22,105,0,181,44,0,44,225
04/24/2022,ECP,FL,ASO,ES,Federal Contract Tower,41,28,104,0,173,0,0,53,8,61,41,28,157,8,234,30,28,58,292
04/25/2022,ECP,FL,ASO,ES,Federal Contract Tower,42,25,66,3,136,0,0,47,3,50,42,25,113,6,186,32,14,46,232
04/26/2022,ECP,FL,ASO,ES,Federal Contract Tower,44,21,66,0,131,0,0,11,0,11,44,21,77,0,142,6,0,6,148
04/27/2022,ECP,FL,ASO,ES,Federal Contract Tower,38,21,58,20,137,0,0,52,2,54,38,21,110,22,191,20,8,28,219
04/28/2022,ECP,FL,ASO,ES,Federal Contract Tower,45,35,78,9,167,0,2,52,1,55,45,37,130,10,222,42,2,44,266
04/29/2022,ECP,FL,ASO,ES,Federal Contract Tower,44,34,69,12,159,0,0,36,2,38,44,34,105,14,197,35,16,51,248
04/30/2022,ECP,FL,ASO,ES,Federal Contract Tower,59,26,55,0,140,0,0,31,0,31,59,26,86,0,171,52,0,52,223
05/01/2022,ECP,FL,ASO,ES,Federal Contract Tower,44,28,74,10,156,0,0,52,5,57,44,28,126,15,213,36,12,48,261
05/02/2022,ECP,FL,ASO,ES,Federal Contract Tower,45,19,56,22,142,0,0,45,6,51,45,19,101,28,193,24,20,44,237
05/03/2022,ECP,FL,ASO,ES,Federal Contract Tower,42,21,53,4,120,0,0,49,2,51,42,21,102,6,171,30,20,50,221
05/04/2022,ECP,FL,ASO,ES,Federal Contract Tower,40,30,70,3,143,0,0,45,0,45,40,30,115,3,188,46,16,62,250
05/05/2022,ECP,FL,ASO,ES,Federal Contract Tower,38,27,75,14,154,0,0,40,8,48,38,27,115,22,202,44,48,92,294
05/06/2022,ECP,FL,ASO,ES,Federal Contract Tower,48,24,55,0,127,0,0,3,0,3,48,24,58,0,130,8,0,8,138
05/07/2022,ECP,FL,ASO,ES,Federal Contract Tower,63,23,54,4,144,0,0,41,0,41,63,23,95,4,185,56,0,56,241
05/08/2022,ECP,FL,ASO,ES,Federal Contract Tower,49,31,77,2,159,0,0,51,2,53,49,31,128,4,212,18,34,52,264
05/09/2022,ECP,FL,ASO,ES,Federal Contract Tower,46,27,67,9,149,0,0,46,0,46,46,27,113,9,195,22,0,22,217
05/10/2022,ECP,FL,ASO,ES,Federal Contract Tower,42,25,45,2,114,0,0,39,0,39,42,25,84,2,153,12,8,20,173
05/11/2022,ECP,FL,ASO,ES,Federal Contract Tower,42,14,73,8,137,0,0,36,2,38,42,14,109,10,175,34,24,58,233
05/12/2022,ECP,FL,ASO,ES,Federal Contract Tower,44,23,88,11,166,0,0,45,2,47,44,23,133,13,213,18,10,28,241
05/13/2022,ECP,FL,ASO,ES,Federal Contract Tower,42,23,63,8,136,0,0,30,3,33,42,23,93,11,169,20,0,20,189
05/14/2022,ECP,FL,ASO,ES,Federal Contract Tower,59,24,56,0,139,0,0,51,6,57,59,24,107,6,196,50,0,50,246
05/15/2022,ECP,FL,ASO,ES,Federal Contract Tower,47,38,84,0,169,0,0,48,2,50,47,38,132,2,219,20,0,20,239
05/16/2022,ECP,FL,ASO,ES,Federal Contract Tower,42,24,66,6,138,0,0,52,0,52,42,24,118,6,190,24,0,24,214
05/17/2022,ECP,FL,ASO,ES,Federal Contract Tower,43,20,64,13,140,0,2,54,0,56,43,22,118,13,196,48,16,64,260
05/18/2022,ECP,FL,ASO,ES,Federal Contract Tower,43,18,55,13,129,0,0,43,2,45,43,18,98,15,174,14,8,22,196
05/19/2022,ECP,FL,ASO,ES,Federal Contract Tower,46,20,98,16,180,0,1,44,2,47,46,21,142,18,227,14,2,16,243
05/20/2022,ECP,FL,ASO,ES,Federal Contract Tower,45,23,69,5,142,0,0,35,0,35,45,23,104,5,177,62,0,62,239
05/21/2022,ECP,FL,ASO,ES,Federal Contract Tower,61,15,49,8,133,0,0,12,0,12,61,15,61,8,145,18,0,18,163
05/22/2022,ECP,FL,ASO,ES,Federal Contract Tower,42,27,79,0,148,0,0,24,0,24,42,27,103,0,172,28,0,28,200
05/23/2022,ECP,FL,ASO,ES,Federal Contract Tower,41,24,61,1,127,0,0,15,0,15,41,24,76,1,142,10,0,10,152
05/24/2022,ECP,FL,ASO,ES,Federal Contract Tower,41,29,49,32,151,0,0,48,2,50,41,29,97,34,201,52,12,64,265
05/25/2022,ECP,FL,ASO,ES,Federal Contract Tower,45,23,46,2,116,0,0,10,2,12,45,23,56,4,128,16,0,16,144
05/26/2022,ECP,FL,ASO,ES,Federal Contract Tower,44,40,90,0,174,0,0,5,0,5,44,40,95,0,179,6,0,6,185
05/27/2022,ECP,FL,ASO,ES,Federal Contract Tower,39,38,148,4,229,0,0,47,0,47,39,38,195,4,276,20,0,20,296
05/28/2022,ECP,FL,ASO,ES,Federal Contract Tower,58,23,97,0,178,0,0,75,0,75,58,23,172,0,253,76,0,76,329
05/29/2022,ECP,FL,ASO,ES,Federal Contract Tower,43,14,67,0,124,0,6,64,0,70,43,20,131,0,194,54,0,54,248
05/30/2022,ECP,FL,ASO,ES,Federal Contract Tower,51,23,107,0,181,0,0,78,0,78,51,23,185,0,259,70,0,70,329
05/31/2022,ECP,FL,ASO,ES,Federal Contract Tower,42,30,81,4,157,0,0,52,2,54,42,30,133,6,211,30,8,38,249
06/01/2022,ECP,FL,ASO,ES,Federal Contract Tower,40,34,76,19,169,0,0,40,0,40,40,34,116,19,209,20,18,38,247
06/02/2022,ECP,FL,ASO,ES,Federal Contract Tower,46,26,75,4,151,0,0,52,0,52,46,26,127,4,203,20,2,22,225
06/03/2022,ECP,FL,ASO,ES,Federal Contract Tower,40,42,66,10,158,0,0,48,0,48,40,42,114,10,206,34,0,34,240
06/04/2022,ECP,FL,ASO,ES,Federal Contract Tower,66,40,120,0,226,0,0,50,2,52,66,40,170,2,278,24,0,24,302
06/05/2022,ECP,FL,ASO,ES,Federal Contract Tower,44,26,118,4,192,0,0,70,0,70,44,26,188,4,262,40,0,40,302
06/06/2022,ECP,FL,ASO,ES,Federal Contract Tower,41,21,65,12,139,0,4,60,0,64,41,25,125,12,203,42,14,56,259
06/07/2022,ECP,FL,ASO,ES,Federal Contract Tower,43,33,47,17,140,0,0,58,2,60,43,33,105,19,200,46,30,76,276
06/08/2022,ECP,FL,ASO,ES,Federal Contract Tower,46,27,64,4,141,0,0,74,0,74,46,27,138,4,215,52,0,52,267
06/09/2022,ECP,FL,ASO,ES,Federal Contract Tower,44,27,81,0,152,0,0,57,0,57,44,27,138,0,209,40,0,40,249
06/10/2022,ECP,FL,ASO,ES,Federal Contract Tower,40,27,74,0,141,0,0,42,0,42,40,27,116,0,183,28,0,28,211
06/11/2022,ECP,FL,ASO,ES,Federal Contract Tower,81,34,127,0,242,0,0,59,0,59,81,34,186,0,301,28,0,28,329
06/12/2022,ECP,FL,ASO,ES,Federal Contract Tower,44,35,97,0,176,0,0,67,2,69,44,35,164,2,245,42,16,58,303
06/13/2022,ECP,FL,ASO,ES,Federal Contract Tower,43,19,72,11,145,0,1,51,0,52,43,20,123,11,197,36,0,36,233
06/14/2022,ECP,FL,ASO,ES,Federal Contract Tower,43,23,48,2,116,0,0,45,1,46,43,23,93,3,162,42,18,60,222
06/15/2022,ECP,FL,ASO,ES,Federal Contract Tower,46,19,62,3,130,0,0,39,1,40,46,19,101,4,170,16,18,34,204
06/16/2022,ECP,FL,ASO,ES,Federal Contract Tower,41,16,79,15,151,0,2,49,0,51,41,18,128,15,202,60,0,60,262
06/17/2022,ECP,FL,ASO,ES,Federal Contract Tower,43,24,88,2,157,0,0,54,3,57,43,24,142,5,214,20,10,30,244
06/18/2022,ECP,FL,ASO,ES,Federal Contract Tower,80,37,110,0,227,0,0,63,0,63,80,37,173,0,290,58,0,58,348
06/19/2022,ECP,FL,ASO,ES,Federal Contract Tower,42,22,76,0,140,0,0,82,0,82,42,22,158,0,222,96,0,96,318
06/20/2022,ECP,FL,ASO,ES,Federal Contract Tower,44,27,77,3,151,0,0,48,0,48,44,27,125,3,199,42,0,42,241
06/21/2022,ECP,FL,ASO,ES,Federal Contract Tower,42,13,54,15,124,0,0,61,4,65,42,13,115,19,189,66,24,90,279
06/22/2022,ECP,FL,ASO,ES,Federal Contract Tower,42,18,68,4,132,0,0,60,0,60,42,18,128,4,192,51,0,51,243
06/23/2022,ECP,FL,ASO,ES,Federal Contract Tower,41,17,63,12,133,0,0,64,0,64,41,17,127,12,197,76,8,84,281
06/24/2022,ECP,FL,ASO,ES,Federal Contract Tower,38,25,83,2,148,0,0,53,0,53,38,25,136,2,201,54,0,54,255
06/25/2022,ECP,FL,ASO,ES,Federal Contract Tower,83,32,127,0,242,0,0,34,0,34,83,32,161,0,276,30,0,30,306
06/26/2022,ECP,FL,ASO,ES,Federal Contract Tower,39,25,83,6,153,0,1,68,3,72,39,26,151,9,225,54,0,54,279
06/27/2022,ECP,FL,ASO,ES,Federal Contract Tower,45,24,69,12,150,0,0,61,0,61,45,24,130,12,211,78,14,92,303
06/28/2022,ECP,FL,ASO,ES,Federal Contract Tower,42,11,48,12,113,0,0,31,2,33,42,11,79,14,146,28,18,46,192
06/29/2022,ECP,FL,ASO,ES,Federal Contract Tower,42,34,89,6,171,0,0,22,0,22,42,34,111,6,193,4,0,4,197
06/30/2022,ECP,FL,ASO,ES,Federal Contract Tower,43,36,118,2,199,0,0,31,0,31,43,36,149,2,230,16,0,16,246
07/01/2022,ECP,FL,ASO,ES,Federal Contract Tower,43,44,114,8,209,0,0,39,0,39,43,44,153,8,248,64,14,78,326
07/02/2022,ECP,FL,ASO,ES,Federal Contract Tower,81,40,99,0,220,0,0,41,0,41,81,40,140,0,261,34,0,34,295
07/03/2022,ECP,FL,ASO,ES,Federal Contract Tower,44,19,49,0,112,0,0,38,0,38,44,19,87,0,150,42,0,42,192
07/04/2022,ECP,FL,ASO,ES,Federal Contract Tower,40,4,47,0,91,0,0,31,0,31,40,4,78,0,122,68,0,68,190
07/05/2022,ECP,FL,ASO,ES,Federal Contract Tower,42,38,113,12,205,0,0,64,0,64,42,38,177,12,269,64,0,64,333
07/06/2022,ECP,FL,ASO,ES,Federal Contract Tower,41,33,78,8,160,0,0,48,0,48,41,33,126,8,208,46,18,64,272
07/07/2022,ECP,FL,ASO,ES,Federal Contract Tower,44,23,69,2,138,0,0,44,2,46,44,23,113,4,184,53,8,61,245
07/08/2022,ECP,FL,ASO,ES,Federal Contract Tower,43,30,83,14,170,0,0,50,0,50,43,30,133,14,220,36,0,36,256
07/09/2022,ECP,FL,ASO,ES,Federal Contract Tower,83,37,114,8,242,0,0,50,0,50,83,37,164,8,292,102,0,102,394
07/10/2022,ECP,FL,ASO,ES,Federal Contract Tower,42,20,76,4,142,0,0,51,0,51,42,20,127,4,193,68,0,68,261
07/11/2022,ECP,FL,ASO,ES,Federal Contract Tower,43,8,52,1,104,0,0,36,0,36,43,8,88,1,140,52,0,52,192
07/12/2022,ECP,FL,ASO,ES,Federal Contract Tower,42,18,42,0,102,0,0,2,0,2,42,18,44,0,104,0,0,0,104
07/13/2022,ECP,FL,ASO,ES,Federal Contract Tower,43,11,54,12,120,0,0,19,0,19,43,11,73,12,139,12,0,12,151
07/14/2022,ECP,FL,ASO,ES,Federal Contract Tower,49,24,72,2,147,0,0,22,0,22,49,24,94,2,169,32,0,32,201
07/15/2022,ECP,FL,ASO,ES,Federal Contract Tower,40,23,55,0,118,0,0,31,0,31,40,23,86,0,149,104,0,104,253
07/16/2022,ECP,FL,ASO,ES,Federal Contract Tower,83,32,115,0,230,0,0,43,0,43,83,32,158,0,273,44,0,44,317
07/17/2022,ECP,FL,ASO,ES,Federal Contract Tower,42,28,72,0,142,0,1,72,0,73,42,29,144,0,215,38,0,38,253
07/18/2022,ECP,FL,ASO,ES,Federal Contract Tower,41,18,40,20,119,0,0,57,4,61,41,18,97,24,180,92,14,106,286
07/19/2022,ECP,FL,ASO,ES,Federal Contract Tower,44,17,59,26,146,0,0,50,2,52,44,17,109,28,198,24,30,54,252
07/20/2022,ECP,FL,ASO,ES,Federal Contract Tower,39,20,49,4,112,0,0,36,9,45,39,20,85,13,157,36,46,82,239
07/21/2022,ECP,FL,ASO,ES,Federal Contract Tower,41,30,62,12,145,0,0,48,3,51,41,30,110,15,196,36,12,48,244
07/22/2022,ECP,FL,ASO,ES,Federal Contract Tower,39,14,73,21,147,0,0,50,6,56,39,14,123,27,203,38,10,48,251
07/23/2022,ECP,FL,ASO,ES,Federal Contract Tower,84,37,111,0,232,0,0,45,0,45,84,37,156,0,277,62,8,70,347
07/24/2022,ECP,FL,ASO,ES,Federal Contract Tower,41,16,94,2,153,0,0,57,1,58,41,16,151,3,211,58,20,78,289
07/25/2022,ECP,FL,ASO,ES,Federal Contract Tower,43,17,61,12,133,0,0,44,3,47,43,17,105,15,180,46,8,54,234
07/26/2022,ECP,FL,ASO,ES,Federal Contract Tower,40,29,49,29,147,0,0,53,0,53,40,29,102,29,200,102,12,114,314
07/27/2022,ECP,FL,ASO,ES,Federal Contract Tower,43,37,45,15,140,0,0,45,3,48,43,37,90,18,188,38,12,50,238
07/28/2022,ECP,FL,ASO,ES,Federal Contract Tower,42,19,59,0,120,0,0,36,1,37,42,19,95,1,157,54,18,72,229
07/29/2022,ECP,FL,ASO,ES,Federal Contract Tower,45,16,82,2,145,0,2,42,2,46,45,18,124,4,191,30,10,40,231
07/30/2022,ECP,FL,ASO,ES,Federal Contract Tower,80,27,107,0,214,0,0,56,0,56,80,27,163,0,270,44,0,44,314
07/31/2022,ECP,FL,ASO,ES,Federal Contract Tower,41,31,106,0,178,0,0,50,0,50,41,31,156,0,228,26,0,26,254
08/01/2022,ECP,FL,ASO,ES,Federal Contract Tower,43,17,46,9,115,0,2,34,2,38,43,19,80,11,153,34,0,34,187
08/02/2022,ECP,FL,ASO,ES,Federal Contract Tower,43,18,44,0,105,0,0,14,0,14,43,18,58,0,119,4,12,16,135
08/03/2022,ECP,FL,ASO,ES,Federal Contract Tower,44,19,67,28,158,0,0,55,8,63,44,19,122,36,221,34,64,98,319
08/04/2022,ECP,FL,ASO,ES,Federal Contract Tower,38,23,63,12,136,0,0,41,4,45,38,23,104,16,181,44,26,70,251
08/05/2022,ECP,FL,ASO,ES,Federal Contract Tower,42,27,56,1,126,0,0,46,0,46,42,27,102,1,172,42,0,42,214
08/06/2022,ECP,FL,ASO,ES,Federal Contract Tower,84,23,67,4,178,0,3,57,4,64,84,26,124,8,242,98,8,106,348
08/07/2022,ECP,FL,ASO,ES,Federal Contract Tower,39,10,68,6,123,0,0,36,0,36,39,10,104,6,159,36,0,36,195
08/08/2022,ECP,FL,ASO,ES,Federal Contract Tower,38,10,51,8,107,0,0,48,0,48,38,10,99,8,155,54,0,54,209
08/09/2022,ECP,FL,ASO,ES,Federal Contract Tower,40,13,40,13,106,0,0,41,2,43,40,13,81,15,149,18,14,32,181
08/10/2022,ECP,FL,ASO,ES,Federal Contract Tower,39,17,71,2,129,0,0,34,0,34,39,17,105,2,163,58,8,66,229
08/11/2022,ECP,FL,ASO,ES,Federal Contract Tower,46,12,59,9,126,0,0,12,0,12,46,12,71,9,138,4,0,4,142
08/12/2022,ECP,FL,ASO,ES,Federal Contract Tower,44,19,46,3,112,0,0,23,0,23,44,19,69,3,135,36,0,36,171
08/13/2022,ECP,FL,ASO,ES,Federal Contract Tower,81,17,56,0,154,0,0,42,0,42,81,17,98,0,196,94,0,94,290
08/14/2022,ECP,FL,ASO,ES,Federal Contract Tower,42,18,68,2,130,0,3,37,0,40,42,21,105,2,170,44,28,72,242
08/15/2022,ECP,FL,ASO,ES,Federal Contract Tower,45,10,52,3,110,0,0,55,0,55,45,10,107,3,165,72,10,82,247
08/16/2022,ECP,FL,ASO,ES,Federal Contract Tower,40,22,48,2,112,0,2,23,0,25,40,24,71,2,137,38,0,38,175
08/17/2022,ECP,FL,ASO,ES,Federal Contract Tower,38,25,40,4,107,0,1,29,3,33,38,26,69,7,140,44,8,52,192
08/18/2022,ECP,FL,ASO,ES,Federal Contract Tower,40,23,60,0,123,0,0,10,0,10,40,23,70,0,133,16,26,42,175
08/19/2022,ECP,FL,ASO,ES,Federal Contract Tower,40,13,45,14,112,0,0,40,0,40,40,13,85,14,152,88,4,92,244
08/20/2022,ECP,FL,ASO,ES,Federal Contract Tower,76,16,50,0,142,0,0,35,0,35,76,16,85,0,177,56,0,56,233
08/21/2022,ECP,FL,ASO,ES,Federal Contract Tower,40,22,64,0,126,0,0,50,0,50,40,22,114,0,176,52,0,52,228
08/22/2022,ECP,FL,ASO,ES,Federal Contract Tower,36,10,43,18,107,0,0,31,2,33,36,10,74,20,140,30,8,38,178
08/23/2022,ECP,FL,ASO,ES,Federal Contract Tower,36,17,49,13,115,0,0,45,6,51,36,17,94,19,166,48,22,70,236
08/24/2022,ECP,FL,ASO,ES,Federal Contract Tower,40,24,49,18,131,0,0,33,0,33,40,24,82,18,164,46,0,46,210
08/25/2022,ECP,FL,ASO,ES,Federal Contract Tower,41,16,40,0,97,0,0,12,0,12,41,16,52,0,109,12,0,12,121
08/26/2022,ECP,FL,ASO,ES,Federal Contract Tower,41,22,62,6,131,0,0,37,0,37,41,22,99,6,168,30,0,30,198
08/27/2022,ECP,FL,ASO,ES,Federal Contract Tower,78,12,30,6,126,0,0,30,1,31,78,12,60,7,157,86,0,86,243
08/28/2022,ECP,FL,ASO,ES,Federal Contract Tower,40,18,60,0,118,0,0,53,0,53,40,18,113,0,171,110,0,110,281
08/29/2022,ECP,FL,ASO,ES,Federal Contract Tower,43,12,36,15,106,0,0,36,5,41,43,12,72,20,147,44,56,100,247
08/30/2022,ECP,FL,ASO,ES,Federal Contract Tower,40,9,25,2,76,0,0,32,2,34,40,9,57,4,110,32,22,54,164
08/31/2022,ECP,FL,ASO,ES,Federal Contract Tower,40,23,49,8,120,0,0,30,0,30,40,23,79,8,150,14,0,14,164
09/01/2022,ECP,FL,ASO,ES,Federal Contract Tower,38,23,96,8,165,0,0,56,2,58,38,23,152,10,223,18,4,22,245
09/02/2022,ECP,FL,ASO,ES,Federal Contract Tower,39,28,147,0,214,0,0,51,0,51,39,28,198,0,265,52,0,52,317
09/03/2022,ECP,FL,ASO,ES,Federal Contract Tower,67,11,49,3,130,0,0,20,0,20,67,11,69,3,150,24,0,24,174
09/04/2022,ECP,FL,ASO,ES,Federal Contract Tower,36,9,30,0,75,0,0,25,0,25,36,9,55,0,100,34,0,34,134
09/05/2022,ECP,FL,ASO,ES,Federal Contract Tower,40,30,129,0,199,0,0,53,0,53,40,30,182,0,252,42,0,42,294
09/06/2022,ECP,FL,ASO,ES,Federal Contract Tower,34,28,76,5,143,0,0,44,6,50,34,28,120,11,193,24,26,50,243
09/07/2022,ECP,FL,ASO,ES,Federal Contract Tower,33,29,41,4,107,0,0,46,0,46,33,29,87,4,153,26,22,48,201
09/08/2022,ECP,FL,ASO,ES,Federal Contract Tower,34,15,60,2,111,0,0,16,0,16,34,15,76,2,127,8,0,8,135
09/09/2022,ECP,FL,ASO,ES,Federal Contract Tower,32,23,30,9,94,0,0,7,2,9,32,23,37,11,103,20,2,22,125
09/10/2022,ECP,FL,ASO,ES,Federal Contract Tower,39,4,29,0,72,0,0,4,0,4,39,4,33,0,76,6,0,6,82
09/11/2022,ECP,FL,ASO,ES,Federal Contract Tower,43,10,43,2,98,0,0,16,2,18,43,10,59,4,116,40,0,40,156
09/12/2022,ECP,FL,ASO,ES,Federal Contract Tower,32,16,36,3,87,0,6,61,5,72,32,22,97,8,159,100,10,110,269
09/13/2022,ECP,FL,ASO,ES,Federal Contract Tower,32,15,23,8,78,0,0,52,7,59,32,15,75,15,137,36,42,78,215
09/14/2022,ECP,FL,ASO,ES,Federal Contract Tower,32,25,38,3,98,0,0,48,3,51,32,25,86,6,149,34,40,74,223
09/15/2022,ECP,FL,ASO,ES,Federal Contract Tower,32,18,64,11,125,0,0,45,2,47,32,18,109,13,172,30,32,62,234
09/16/2022,ECP,FL,ASO,ES,Federal Contract Tower,33,19,50,11,113,0,0,46,10,56,33,19,96,21,169,74,38,112,281
09/17/2022,ECP,FL,ASO,ES,Federal Contract Tower,39,9,34,0,82,0,0,43,0,43,39,9,77,0,125,34,0,34,159
09/18/2022,ECP,FL,ASO,ES,Federal Contract Tower,43,20,72,5,140,0,0,69,0,69,43,20,141,5,209,58,0,58,267
09/19/2022,ECP,FL,ASO,ES,Federal Contract Tower,33,11,36,5,85,0,0,57,4,61,33,11,93,9,146,34,22,56,202
09/20/2022,ECP,FL,ASO,ES,Federal Contract Tower,31,10,47,13,101,0,0,64,0,64,31,10,111,13,165,24,40,64,229
09/22/2022,ECP,FL,ASO,ES,Federal Contract Tower,32,34,64,5,135,3,5,51,1,60,35,39,115,6,195,38,0,38,233
09/23/2022,ECP,FL,ASO,ES,Federal Contract Tower,32,18,55,7,112,0,0,39,6,45,32,18,94,13,157,52,16,68,225
09/24/2022,ECP,FL,ASO,ES,Federal Contract Tower,39,13,30,0,82,0,2,53,0,55,39,15,83,0,137,46,0,46,183
09/25/2022,ECP,FL,ASO,ES,Federal Contract Tower,42,22,85,4,153,0,0,48,2,50,42,22,133,6,203,28,8,36,239
09/26/2022,ECP,FL,ASO,ES,Federal Contract Tower,31,13,49,7,100,0,0,49,0,49,31,13,98,7,149,50,0,50,199
09/27/2022,ECP,FL,ASO,ES,Federal Contract Tower,35,22,40,2,99,2,2,37,0,41,37,24,77,2,140,56,20,76,216
09/28/2022,ECP,FL,ASO,ES,Federal Contract Tower,33,10,33,4,80,0,0,7,0,7,33,10,40,4,87,0,0,0,87
09/29/2022,ECP,FL,ASO,ES,Federal Contract Tower,32,12,27,2,73,0,0,15,0,15,32,12,42,2,88,6,0,6,94
09/30/2022,ECP,FL,ASO,ES,Federal Contract Tower,32,14,49,2,97,0,0,37,0,37,32,14,86,2,134,30,0,30,164
10/01/2022,ECP,FL,ASO,ES,Federal Contract Tower,37,17,33,5,92,0,0,40,0,40,37,17,73,5,132,20,0,20,152
10/02/2022,ECP,FL,ASO,ES,Federal Contract Tower,42,17,59,0,118,0,0,47,0,47,42,17,106,0,165,6,0,6,171
10/03/2022,ECP,FL,ASO,ES,Federal Contract Tower,34,18,40,24,116,0,0,46,2,48,34,18,86,26,164,14,26,40,204
10/04/2022,ECP,FL,ASO,ES,Federal Contract Tower,31,27,39,14,111,0,0,44,2,46,31,27,83,16,157,34,28,62,219
10/06/2022,ECP,FL,ASO,ES,Federal Contract Tower,30,35,76,23,164,0,2,45,0,47,30,37,121,23,211,54,14,68,279
10/07/2022,ECP,FL,ASO,ES,Federal Contract Tower,32,38,93,7,170,0,0,51,1,52,32,38,144,8,222,10,6,16,238
10/08/2022,ECP,FL,ASO,ES,Federal Contract Tower,40,18,70,0,128,0,0,46,0,46,40,18,116,0,174,22,0,22,196
10/09/2022,ECP,FL,ASO,ES,Federal Contract Tower,41,37,88,0,166,0,2,53,0,55,41,39,141,0,221,16,0,16,237
10/10/2022,ECP,FL,ASO,ES,Federal Contract Tower,32,19,79,0,130,0,0,64,0,64,32,19,143,0,194,68,0,68,262
10/11/2022,ECP,FL,ASO,ES,Federal Contract Tower,31,27,77,2,137,0,0,57,0,57,31,27,134,2,194,44,0,44,238
10/12/2022,ECP,FL,ASO,ES,Federal Contract Tower,31,40,62,36,169,0,0,14,0,14,31,40,76,36,183,4,0,4,187
10/13/2022,ECP,FL,ASO,ES,Federal Contract Tower,31,37,84,2,154,0,0,38,2,40,31,37,122,4,194,30,10,40,234
10/14/2022,ECP,FL,ASO,ES,Federal Contract Tower,31,29,76,6,142,0,0,56,2,58,31,29,132,8,200,20,4,24,224
10/15/2022,ECP,FL,ASO,ES,Federal Contract Tower,39,37,73,2,151,0,0,47,0,47,39,37,120,2,198,24,0,24,222
10/16/2022,ECP,FL,ASO,ES,Federal Contract Tower,42,42,89,0,173,0,2,69,0,71,42,44,158,0,244,26,0,26,270
10/17/2022,ECP,FL,ASO,ES,Federal Contract Tower,30,27,61,2,120,0,0,31,0,31,30,27,92,2,151,42,40,82,233
10/18/2022,ECP,FL,ASO,ES,Federal Contract Tower,30,22,66,0,118,0,0,47,0,47,30,22,113,0,165,40,8,48,213
10/19/2022,ECP,FL,ASO,ES,Federal Contract Tower,31,20,69,7,127,0,0,51,0,51,31,20,120,7,178,56,12,68,246
10/20/2022,ECP,FL,ASO,ES,Federal Contract Tower,29,30,67,4,130,0,0,47,0,47,29,30,114,4,177,74,8,82,259
10/21/2022,ECP,FL,ASO,ES,Federal Contract Tower,31,23,63,2,119,0,0,68,2,70,31,23,131,4,189,126,28,154,343
10/22/2022,ECP,FL,ASO,ES,Federal Contract Tower,41,25,35,0,101,0,0,40,0,40,41,25,75,0,141,16,0,16,157
10/23/2022,ECP,FL,ASO,ES,Federal Contract Tower,42,32,81,0,155,0,0,47,0,47,42,32,128,0,202,8,0,8,210
10/24/2022,ECP,FL,ASO,ES,Federal Contract Tower,31,16,69,4,120,0,0,54,0,54,31,16,123,4,174,50,0,50,224
10/25/2022,ECP,FL,ASO,ES,Federal Contract Tower,30,19,50,10,109,0,0,42,4,46,30,19,92,14,155,16,14,30,185
10/26/2022,ECP,FL,ASO,ES,Federal Contract Tower,32,14,55,11,112,0,0,43,6,49,32,14,98,17,161,28,34,62,223
10/27/2022,ECP,FL,ASO,ES,Federal Contract Tower,35,23,56,12,126,0,0,48,0,48,35,23,104,12,174,46,22,68,242
10/28/2022,ECP,FL,ASO,ES,Federal Contract Tower,30,16,70,2,118,0,0,18,0,18,30,16,88,2,136,18,0,18,154
10/29/2022,ECP,FL,ASO,ES,Federal Contract Tower,37,14,50,2,103,0,0,6,0,6,37,14,56,2,109,8,0,8,117
10/30/2022,ECP,FL,ASO,ES,Federal Contract Tower,41,11,53,0,105,0,0,1,0,1,41,11,54,0,106,0,0,0,106
10/31/2022,ECP,FL,ASO,ES,Federal Contract Tower,29,14,33,6,82,0,0,37,2,39,29,14,70,8,121,28,10,38,159
11/01/2022,ECP,FL,ASO,ES,Federal Contract Tower,32,22,44,2,100,0,0,47,2,49,32,22,91,4,149,32,32,64,213
11/02/2022,ECP,FL,ASO,ES,Federal Contract Tower,31,19,38,16,104,0,0,41,0,41,31,19,79,16,145,86,12,98,243
11/03/2022,ECP,FL,ASO,ES,Federal Contract Tower,31,28,72,9,140,0,1,46,2,49,31,29,118,11,189,32,46,78,267
11/04/2022,ECP,FL,ASO,ES,Federal Contract Tower,29,35,48,13,125,0,0,39,4,43,29,35,87,17,168,12,14,26,194
11/05/2022,ECP,FL,ASO,ES,Federal Contract Tower,37,18,22,0,77,0,2,43,0,45,37,20,65,0,122,26,0,26,148
11/06/2022,ECP,FL,ASO,ES,Federal Contract Tower,30,34,76,0,140,0,2,54,3,59,30,36,130,3,199,22,0,22,221
11/07/2022,ECP,FL,ASO,ES,Federal Contract Tower,31,21,46,6,104,2,0,55,4,61,33,21,101,10,165,10,66,76,241
11/08/2022,ECP,FL,ASO,ES,Federal Contract Tower,30,11,47,3,91,0,0,35,0,35,30,11,82,3,126,11,56,67,193
11/09/2022,ECP,FL,ASO,ES,Federal Contract Tower,32,17,50,6,105,0,0,14,0,14,32,17,64,6,119,0,0,0,119
11/10/2022,ECP,FL,ASO,ES,Federal Contract Tower,31,16,17,0,64,0,0,0,0,0,31,16,17,0,64,0,0,0,64
11/11/2022,ECP,FL,ASO,ES,Federal Contract Tower,31,19,53,0,103,0,0,28,6,34,31,19,81,6,137,34,0,34,171
11/12/2022,ECP,FL,ASO,ES,Federal Contract Tower,37,9,35,0,81,0,0,43,0,43,37,9,78,0,124,42,0,42,166
11/13/2022,ECP,FL,ASO,ES,Federal Contract Tower,31,28,54,0,113,0,1,43,0,44,31,29,97,0,157,22,0,22,179
11/14/2022,ECP,FL,ASO,ES,Federal Contract Tower,31,25,42,7,105,0,0,41,0,41,31,25,83,7,146,18,0,18,164
11/15/2022,ECP,FL,ASO,ES,Federal Contract Tower,31,20,26,5,82,0,0,3,0,3,31,20,29,5,85,0,34,34,119
11/17/2022,ECP,FL,ASO,ES,Federal Contract Tower,29,22,23,5,79,0,0,48,2,50,29,22,71,7,129,42,20,62,191
11/18/2022,ECP,FL,ASO,ES,Federal Contract Tower,30,29,91,0,150,0,0,72,0,72,30,29,163,0,222,50,0,50,272
11/19/2022,ECP,FL,ASO,ES,Federal Contract Tower,37,28,37,2,104,0,0,25,0,25,37,28,62,2,129,30,0,30,159
11/20/2022,ECP,FL,ASO,ES,Federal Contract Tower,32,29,69,0,130,0,0,25,0,25,32,29,94,0,155,14,0,14,169
11/21/2022,ECP,FL,ASO,ES,Federal Contract Tower,32,29,48,2,111,0,0,48,3,51,32,29,96,5,162,32,34,66,228
11/22/2022,ECP,FL,ASO,ES,Federal Contract Tower,31,34,62,3,130,0,0,45,0,45,31,34,107,3,175,30,35,65,240
11/23/2022,ECP,FL,ASO,ES,Federal Contract Tower,29,33,107,0,169,0,0,37,0,37,29,33,144,0,206,10,0,10,216
11/24/2022,ECP,FL,ASO,ES,Federal Contract Tower,25,10,3,0,38,0,0,0,0,0,25,10,3,0,38,0,0,0,38
11/25/2022,ECP,FL,ASO,ES,Federal Contract Tower,29,29,53,0,111,0,0,12,0,12,29,29,65,0,123,25,0,25,148
11/26/2022,ECP,FL,ASO,ES,Federal Contract Tower,39,61,68,4,172,0,0,0,0,0,39,61,68,4,172,0,0,0,172
11/27/2022,ECP,FL,ASO,ES,Federal Contract Tower,36,59,140,0,235,0,0,44,0,44,36,59,184,0,279,8,0,8,287
11/28/2022,ECP,FL,ASO,ES,Federal Contract Tower,30,22,35,11,98,0,0,31,1,32,30,22,66,12,130,36,28,64,194
11/29/2022,ECP,FL,ASO,ES,Federal Contract Tower,32,15,51,24,122,0,0,26,1,27,32,15,77,25,149,16,10,26,175
11/30/2022,ECP,FL,ASO,ES,Federal Contract Tower,29,17,56,6,108,0,0,8,14,22,29,17,64,20,130,8,68,76,206
12/01/2022,ECP,FL,ASO,ES,Federal Contract Tower,31,17,56,19,123,0,0,33,4,37,31,17,89,23,160,19,36,55,215
12/02/2022,ECP,FL,ASO,ES,Federal Contract Tower,33,24,48,13,118,0,0,45,2,47,33,24,93,15,165,20,24,44,209
12/03/2022,ECP,FL,ASO,ES,Federal Contract Tower,35,13,31,6,85,0,0,34,0,34,35,13,65,6,119,32,0,32,151
12/04/2022,ECP,FL,ASO,ES,Federal Contract Tower,29,28,38,3,98,0,0,10,0,10,29,28,48,3,108,0,0,0,108
12/05/2022,ECP,FL,ASO,ES,Federal Contract Tower,29,17,29,2,77,0,0,34,1,35,29,17,63,3,112,36,0,36,148
12/06/2022,ECP,FL,ASO,ES,Federal Contract Tower,27,15,23,2,67,0,0,36,0,36,27,15,59,2,103,18,0,18,121
12/07/2022,ECP,FL,ASO,ES,Federal Contract Tower,30,14,23,12,79,0,0,16,0,16,30,14,39,12,95,14,8,22,117
12/08/2022,ECP,FL,ASO,ES,Federal Contract Tower,27,13,42,4,86,0,0,14,1,15,27,13,56,5,101,6,26,32,133
12/09/2022,ECP,FL,ASO,ES,Federal Contract Tower,30,17,32,23,102,0,0,25,0,25,30,17,57,23,127,17,0,17,144
12/10/2022,ECP,FL,ASO,ES,Federal Contract Tower,37,8,25,4,74,0,0,12,0,12,37,8,37,4,86,16,0,16,102
12/11/2022,ECP,FL,ASO,ES,Federal Contract Tower,28,24,33,2,87,0,0,10,0,10,28,24,43,2,97,2,0,2,99
12/12/2022,ECP,FL,ASO,ES,Federal Contract Tower,30,12,25,8,75,0,0,9,1,10,30,12,34,9,85,0,0,0,85
12/13/2022,ECP,FL,ASO,ES,Federal Contract Tower,29,13,30,21,93,0,0,30,0,30,29,13,60,21,123,28,18,46,169
12/14/2022,ECP,FL,ASO,ES,Federal Contract Tower,30,14,18,7,69,0,0,2,1,3,30,14,20,8,72,16,0,16,88
12/15/2022,ECP,FL,ASO,ES,Federal Contract Tower,37,17,47,5,106,0,0,20,4,24,37,17,67,9,130,6,42,48,178
12/16/2022,ECP,FL,ASO,ES,Federal Contract Tower,31,15,40,2,88,0,0,62,0,62,31,15,102,2,150,48,0,48,198
12/17/2022,ECP,FL,ASO,ES,Federal Contract Tower,36,16,26,0,78,0,0,40,0,40,36,16,66,0,118,0,0,0,118
12/18/2022,ECP,FL,ASO,ES,Federal Contract Tower,29,11,36,1,77,0,0,54,4,58,29,11,90,5,135,26,12,38,173
12/19/2022,ECP,FL,ASO,ES,Federal Contract Tower,30,10,45,2,87,0,0,54,0,54,30,10,99,2,141,14,0,14,155
12/20/2022,ECP,FL,ASO,ES,Federal Contract Tower,34,14,32,8,88,6,0,3,0,9,40,14,35,8,97,4,2,6,103
12/21/2022,ECP,FL,ASO,ES,Federal Contract Tower,30,12,37,36,115,0,0,0,0,0,30,12,37,36,115,0,0,0,115
12/22/2022,ECP,FL,ASO,ES,Federal Contract Tower,30,14,36,0,80,0,0,2,0,2,30,14,38,0,82,0,0,0,82
12/23/2022,ECP,FL,ASO,ES,Federal Contract Tower,21,11,24,0,56,0,0,14,0,14,21,11,38,0,70,25,0,25,95
12/24/2022,ECP,FL,ASO,ES,Federal Contract Tower,25,5,16,0,46,0,0,2,0,2,25,5,18,0,48,2,0,2,50
12/25/2022,ECP,FL,ASO,ES,Federal Contract Tower,27,10,13,0,50,0,0,7,0,7,27,10,20,0,57,0,0,0,57
12/26/2022,ECP,FL,ASO,ES,Federal Contract Tower,24,10,79,0,113,0,0,42,0,42,24,10,121,0,155,28,2,30,185
12/27/2022,ECP,FL,ASO,ES,Federal Contract Tower,25,40,105,0,170,0,0,44,0,44,25,40,149,0,214,44,0,44,258
12/28/2022,ECP,FL,ASO,ES,Federal Contract Tower,25,40,62,0,127,0,0,40,0,40,25,40,102,0,167,4,0,4,171
12/29/2022,ECP,FL,ASO,ES,Federal Contract Tower,27,29,75,1,132,0,0,48,1,49,27,29,123,2,181,34,19,53,234
12/30/2022,ECP,FL,ASO,ES,Federal Contract Tower,29,19,71,0,119,0,0,20,0,20,29,19,91,0,139,26,0,26,165
12/31/2022,ECP,FL,ASO,ES,Federal Contract Tower,31,12,36,0,79,0,0,1,0,1,31,12,37,0,80,0,0,0,80
01/01/2023,ECP,FL,ASO,ES,Federal Contract Tower,26,31,61,0,118,0,0,35,0,35,26,31,96,0,153,12,0,12,165
01/02/2023,ECP,FL,ASO,ES,Federal Contract Tower,35,29,125,0,189,0,0,11,0,11,35,29,136,0,200,6,0,6,206
01/03/2023,ECP,FL,ASO,ES,Federal Contract Tower,31,23,34,0,88,0,0,6,0,6,31,23,40,0,94,10,0,10,104
01/04/2023,ECP,FL,ASO,ES,Federal Contract Tower,31,23,25,5,84,0,0,31,0,31,31,23,56,5,115,22,6,28,143
01/05/2023,ECP,FL,ASO,ES,Federal Contract Tower,26,26,56,0,108,0,0,50,0,50,26,26,106,0,158,42,2,44,202
01/06/2023,ECP,FL,ASO,ES,Federal Contract Tower,28,11,50,4,93,0,2,41,2,45,28,13,91,6,138,16,16,32,170
01/07/2023,ECP,FL,ASO,ES,Federal Contract Tower,28,14,42,0,84,0,0,53,0,53,28,14,95,0,137,90,0,90,227
01/08/2023,ECP,FL,ASO,ES,Federal Contract Tower,32,14,42,0,88,0,0,37,0,37,32,14,79,0,125,46,0,46,171
01/09/2023,ECP,FL,ASO,ES,Federal Contract Tower,29,16,46,10,101,0,0,43,2,45,29,16,89,12,146,72,14,86,232
01/10/2023,ECP,FL,ASO,ES,Federal Contract Tower,21,8,36,7,72,0,0,49,0,49,21,8,85,7,121,18,0,18,139
01/11/2023,ECP,FL,ASO,ES,Federal Contract Tower,19,14,49,26,108,0,0,32,3,35,19,14,81,29,143,26,82,108,251
01/12/2023,ECP,FL,ASO,ES,Federal Contract Tower,26,22,39,6,93,0,0,20,2,22,26,22,59,8,115,4,52,56,171
01/13/2023,ECP,FL,ASO,ES,Federal Contract Tower,26,26,75,2,129,0,0,14,2,16,26,26,89,4,145,4,0,4,149
01/14/2023,ECP,FL,ASO,ES,Federal Contract Tower,25,9,21,0,55,0,0,37,0,37,25,9,58,0,92,26,0,26,118
01/15/2023,ECP,FL,ASO,ES,Federal Contract Tower,26,13,47,2,88,0,0,45,0,45,26,13,92,2,133,18,0,18,151
01/16/2023,ECP,FL,ASO,ES,Federal Contract Tower,25,23,60,0,108,0,2,44,0,46,25,25,104,0,154,38,0,38,192
01/17/2023,ECP,FL,ASO,ES,Federal Contract Tower,21,19,36,35,111,0,0,41,0,41,21,19,77,35,152,24,28,52,204
01/18/2023,ECP,FL,ASO,ES,Federal Contract Tower,23,13,30,35,101,0,0,26,3,29,23,13,56,38,130,40,22,62,192
01/19/2023,ECP,FL,ASO,ES,Federal Contract Tower,26,18,43,12,99,0,0,43,0,43,26,18,86,12,142,28,36,64,206
01/20/2023,ECP,FL,ASO,ES,Federal Contract Tower,26,6,39,2,73,0,0,56,0,56,26,6,95,2,129,46,0,46,175
01/21/2023,ECP,FL,ASO,ES,Federal Contract Tower,23,16,19,10,68,0,0,19,0,19,23,16,38,10,87,22,0,22,109
01/22/2023,ECP,FL,ASO,ES,Federal Contract Tower,27,14,27,0,68,0,0,0,0,0,27,14,27,0,68,0,0,0,68
01/23/2023,ECP,FL,ASO,ES,Federal Contract Tower,24,17,47,0,88,0,0,44,0,44,24,17,91,0,132,28,0,28,160
01/24/2023,ECP,FL,ASO,ES,Federal Contract Tower,24,14,38,6,82,0,4,39,0,43,24,18,77,6,125,40,0,40,165
01/25/2023,ECP,FL,ASO,ES,Federal Contract Tower,25,16,25,4,70,0,0,9,4,13,25,16,34,8,83,16,16,32,115
01/26/2023,ECP,FL,ASO,ES,Federal Contract Tower,23,14,48,0,85,0,0,38,0,38,23,14,86,0,123,56,0,56,179
01/27/2023,ECP,FL,ASO,ES,Federal Contract Tower,24,15,48,12,99,0,1,42,11,54,24,16,90,23,153,20,21,41,194
01/28/2023,ECP,FL,ASO,ES,Federal Contract Tower,22,15,18,0,55,0,6,50,2,58,22,21,68,2,113,54,0,54,167
01/29/2023,ECP,FL,ASO,ES,Federal Contract Tower,28,10,28,0,66,0,0,0,0,0,28,10,28,0,66,0,0,0,66
01/30/2023,ECP,FL,ASO,ES,Federal Contract Tower,24,12,39,6,81,0,0,18,0,18,24,12,57,6,99,22,12,34,133
01/31/2023,ECP,FL,ASO,ES,Federal Contract Tower,20,11,24,18,73,0,0,0,0,0,20,11,24,18,73,0,6,6,79
02/01/2023,ECP,FL,ASO,ES,Federal Contract Tower,20,20,42,31,113,0,0,9,0,9,20,20,51,31,122,0,0,0,122
02/02/2023,ECP,FL,ASO,ES,Federal Contract Tower,20,25,31,2,78,0,0,0,0,0,20,25,31,2,78,0,0,0,78
02/03/2023,ECP,FL,ASO,ES,Federal Contract Tower,22,12,47,6,87,0,0,33,2,35,22,12,80,8,122,32,8,40,162
02/04/2023,ECP,FL,ASO,ES,Federal Contract Tower,28,18,28,0,74,0,0,53,0,53,28,18,81,0,127,76,0,76,203
02/05/2023,ECP,FL,ASO,ES,Federal Contract Tower,27,40,45,0,112,0,0,49,0,49,27,40,94,0,161,66,0,66,227
02/06/2023,ECP,FL,ASO,ES,Federal Contract Tower,25,17,42,11,95,1,0,40,5,46,26,17,82,16,141,60,42,102,243
02/07/2023,ECP,FL,ASO,ES,Federal Contract Tower,23,11,46,9,89,0,0,43,5,48,23,11,89,14,137,44,64,108,245
02/08/2023,ECP,FL,ASO,ES,Federal Contract Tower,33,14,44,49,140,0,0,38,3,41,33,14,82,52,181,18,64,82,263
02/09/2023,ECP,FL,ASO,ES,Federal Contract Tower,26,10,32,4,72,2,0,5,0,7,28,10,37,4,79,0,0,0,79
02/10/2023,ECP,FL,ASO,ES,Federal Contract Tower,25,10,42,4,81,0,0,2,0,2,25,10,44,4,83,0,0,0,83
02/11/2023,ECP,FL,ASO,ES,Federal Contract Tower,28,7,19,0,54,0,0,0,0,0,28,7,19,0,54,0,0,0,54
02/12/2023,ECP,FL,ASO,ES,Federal Contract Tower,27,16,36,1,80,0,0,12,8,20,27,16,48,9,100,12,0,12,112
02/13/2023,ECP,FL,ASO,ES,Federal Contract Tower,24,10,40,2,76,0,7,39,0,46,24,17,79,2,122,38,26,64,186
02/14/2023,ECP,FL,ASO,ES,Federal Contract Tower,25,11,27,12,75,0,0,36,0,36,25,11,63,12,111,14,0,14,125
02/15/2023,ECP,FL,ASO,ES,Federal Contract Tower,25,17,57,12,111,0,0,33,2,35,25,17,90,14,146,26,22,48,194
02/16/2023,ECP,FL,ASO,ES,Federal Contract Tower,29,22,48,31,130,0,0,15,5,20,29,22,63,36,150,0,10,10,160
02/17/2023,ECP,FL,ASO,ES,Federal Contract Tower,25,27,84,4,140,0,0,11,2,13,25,27,95,6,153,10,10,20,173
02/18/2023,ECP,FL,ASO,ES,Federal Contract Tower,29,29,33,1,92,0,2,51,0,53,29,31,84,1,145,24,0,24,169
02/19/2023,ECP,FL,ASO,ES,Federal Contract Tower,27,11,53,2,93,0,0,71,2,73,27,11,124,4,166,62,0,62,228
02/20/2023,ECP,FL,ASO,ES,Federal Contract Tower,27,36,89,0,152,0,4,66,0,70,27,40,155,0,222,54,0,54,276
02/21/2023,ECP,FL,ASO,ES,Federal Contract Tower,25,28,40,4,97,0,4,27,0,31,25,32,67,4,128,0,0,0,128
02/22/2023,ECP,FL,ASO,ES,Federal Contract Tower,24,24,51,3,102,0,0,20,2,22,24,24,71,5,124,0,6,6,130
02/23/2023,ECP,FL,ASO,ES,Federal Contract Tower,25,24,59,4,112,0,0,7,0,7,25,24,66,4,119,0,0,0,119
02/24/2023,ECP,FL,ASO,ES,Federal Contract Tower,27,24,67,8,126,0,0,29,0,29,27,24,96,8,155,66,0,66,221
02/25/2023,ECP,FL,ASO,ES,Federal Contract Tower,32,16,27,9,84,0,4,19,1,24,32,20,46,10,108,10,0,10,118
02/26/2023,ECP,FL,ASO,ES,Federal Contract Tower,28,24,70,4,126,0,0,49,0,49,28,24,119,4,175,30,0,30,205
02/27/2023,ECP,FL,ASO,ES,Federal Contract Tower,25,16,61,54,156,0,0,25,2,27,25,16,86,56,183,0,0,0,183
02/28/2023,ECP,FL,ASO,ES,Federal Contract Tower,23,19,51,6,99,0,0,35,0,35,23,19,86,6,134,30,0,30,164
03/01/2023,ECP,FL,ASO,ES,Federal Contract Tower,33,16,46,16,111,0,0,23,0,23,33,16,69,16,134,12,0,12,146
03/02/2023,ECP,FL,ASO,ES,Federal Contract Tower,27,19,71,62,179,6,0,18,0,24,33,19,89,62,203,0,0,0,203
03/03/2023,ECP,FL,ASO,ES,Federal Contract Tower,34,26,46,2,108,0,0,2,0,2,34,26,48,2,110,0,0,0,110
03/04/2023,ECP,FL,ASO,ES,Federal Contract Tower,36,18,58,0,112,0,0,71,0,71,36,18,129,0,183,26,0,26,209
03/05/2023,ECP,FL,ASO,ES,Federal Contract Tower,33,22,76,0,131,0,0,66,0,66,33,22,142,0,197,50,0,50,247
03/06/2023,ECP,FL,ASO,ES,Federal Contract Tower,30,9,71,0,110,0,0,29,2,31,30,9,100,2,141,14,0,14,155
03/07/2023,ECP,FL,ASO,ES,Federal Contract Tower,28,28,61,6,123,0,2,37,2,41,28,30,98,8,164,22,58,80,244
03/08/2023,ECP,FL,ASO,ES,Federal Contract Tower,28,28,76,13,145,0,0,37,0,37,28,28,113,13,182,10,12,22,204
03/09/2023,ECP,FL,ASO,ES,Federal Contract Tower,33,14,69,34,150,0,0,22,0,22,33,14,91,34,172,38,14,52,224
03/10/2023,ECP,FL,ASO,ES,Federal Contract Tower,39,30,110,2,181,0,0,32,2,34,39,30,142,4,215,44,6,50,265
03/11/2023,ECP,FL,ASO,ES,Federal Contract Tower,64,38,113,0,215,0,6,69,0,75,64,44,182,0,290,42,0,42,332
03/12/2023,ECP,FL,ASO,ES,Federal Contract Tower,37,32,58,0,127,0,1,8,0,9,37,33,66,0,136,8,0,8,144
03/13/2023,ECP,FL,ASO,ES,Federal Contract Tower,37,35,54,2,128,0,0,40,0,40,37,35,94,2,168,64,0,64,232
03/14/2023,ECP,FL,ASO,ES,Federal Contract Tower,38,29,50,2,119,0,2,63,0,65,38,31,113,2,184,72,0,72,256
03/15/2023,ECP,FL,ASO,ES,Federal Contract Tower,37,29,84,7,157,0,0,80,4,84,37,29,164,11,241,120,48,168,409
03/16/2023,ECP,FL,ASO,ES,Federal Contract Tower,34,30,74,31,169,0,0,61,4,65,34,30,135,35,234,36,44,80,314
03/17/2023,ECP,FL,ASO,ES,Federal Contract Tower,38,15,67,8,128,0,0,20,0,20,38,15,87,8,148,18,0,18,166
03/18/2023,ECP,FL,ASO,ES,Federal Contract Tower,64,50,115,0,229,0,0,51,6,57,64,50,166,6,286,34,4,38,324
03/19/2023,ECP,FL,ASO,ES,Federal Contract Tower,42,26,92,0,160,0,2,62,0,64,42,28,154,0,224,60,0,60,284
03/20/2023,ECP,FL,ASO,ES,Federal Contract Tower,38,14,38,1,91,0,0,42,2,44,38,14,80,3,135,30,28,58,193
03/21/2023,ECP,FL,ASO,ES,Federal Contract Tower,37,21,35,9,102,0,0,60,2,62,37,21,95,11,164,44,42,86,250
03/22/2023,ECP,FL,ASO,ES,Federal Contract Tower,40,14,46,10,110,0,0,27,0,27,40,14,73,10,137,24,0,24,161
03/23/2023,ECP,FL,ASO,ES,Federal Contract Tower,36,18,62,14,130,0,4,31,1,36,36,22,93,15,166,40,26,66,232
03/24/2023,ECP,FL,ASO,ES,Federal Contract Tower,36,20,56,20,132,0,4,36,10,50,36,24,92,30,182,38,34,72,254
03/25/2023,ECP,FL,ASO,ES,Federal Contract Tower,64,22,81,0,167,0,0,2,0,2,64,22,83,0,169,4,0,4,173
03/26/2023,ECP,FL,ASO,ES,Federal Contract Tower,37,16,62,0,115,5,2,33,0,40,42,18,95,0,155,30,0,30,185
03/27/2023,ECP,FL,ASO,ES,Federal Contract Tower,36,14,57,0,107,0,0,4,0,4,36,14,61,0,111,6,0,6,117
03/28/2023,ECP,FL,ASO,ES,Federal Contract Tower,38,19,33,2,92,0,0,6,0,6,38,19,39,2,98,6,0,6,104
03/29/2023,ECP,FL,ASO,ES,Federal Contract Tower,36,27,62,17,142,0,0,61,0,61,36,27,123,17,203,22,36,58,261
03/30/2023,ECP,FL,ASO,ES,Federal Contract Tower,38,14,46,14,112,0,0,31,1,32,38,14,77,15,144,16,52,68,212
03/31/2023,ECP,FL,ASO,ES,Federal Contract Tower,35,39,69,16,159,0,0,47,0,47,35,39,116,16,206,44,6,50,256
04/01/2023,ECP,FL,ASO,ES,Federal Contract Tower,62,37,65,0,164,0,0,5,0,5,62,37,70,0,169,8,0,8,177
04/02/2023,ECP,FL,ASO,ES,Federal Contract Tower,38,27,71,0,136,0,0,57,0,57,38,27,128,0,193,70,0,70,263
04/03/2023,ECP,FL,ASO,ES,Federal Contract Tower,37,26,55,4,122,0,0,16,0,16,37,26,71,4,138,16,0,16,154
04/04/2023,ECP,FL,ASO,ES,Federal Contract Tower,38,26,48,28,140,0,0,28,0,28,38,26,76,28,168,4,20,24,192
04/05/2023,ECP,FL,ASO,ES,Federal Contract Tower,35,40,49,24,148,0,0,42,0,42,35,40,91,24,190,16,18,34,224
04/06/2023,ECP,FL,ASO,ES,Federal Contract Tower,36,50,91,32,209,0,0,41,4,45,36,50,132,36,254,90,34,124,378
04/07/2023,ECP,FL,ASO,ES,Federal Contract Tower,36,32,102,18,188,0,0,38,2,40,36,32,140,20,228,62,23,85,313
04/08/2023,ECP,FL,ASO,ES,Federal Contract Tower,65,39,58,0,162,0,0,0,0,0,65,39,58,0,162,0,0,0,162
04/09/2023,ECP,FL,ASO,ES,Federal Contract Tower,43,29,66,0,138,0,4,21,0,25,43,33,87,0,163,50,0,50,213
04/10/2023,ECP,FL,ASO,ES,Federal Contract Tower,37,49,100,2,188,0,3,39,2,44,37,52,139,4,232,39,12,51,283
04/11/2023,ECP,FL,ASO,ES,Federal Contract Tower,37,45,51,4,137,0,20,46,0,66,37,65,97,4,203,42,0,42,245
04/12/2023,ECP,FL,ASO,ES,Federal Contract Tower,38,26,51,4,119,0,0,30,0,30,38,26,81,4,149,60,18,78,227
04/13/2023,ECP,FL,ASO,ES,Federal Contract Tower,39,27,46,12,124,0,0,29,0,29,39,27,75,12,153,38,0,38,191
04/14/2023,ECP,FL,ASO,ES,Federal Contract Tower,33,31,70,0,134,0,0,33,0,33,33,31,103,0,167,30,0,30,197
04/15/2023,ECP,FL,ASO,ES,Federal Contract Tower,66,27,55,2,150,0,0,40,0,40,66,27,95,2,190,22,0,22,212
04/16/2023,ECP,FL,ASO,ES,Federal Contract Tower,47,33,66,0,146,0,0,35,0,35,47,33,101,0,181,96,0,96,277
04/17/2023,ECP,FL,ASO,ES,Federal Contract Tower,40,21,35,12,108,0,0,41,0,41,40,21,76,12,149,48,0,48,197
04/18/2023,ECP,FL,ASO,ES,Federal Contract Tower,36,17,32,19,104,0,0,52,0,52,36,17,84,19,156,38,28,66,222
04/19/2023,ECP,FL,ASO,ES,Federal Contract Tower,37,16,55,5,113,0,0,51,0,51,37,16,106,5,164,56,38,94,258
04/20/2023,ECP,FL,ASO,ES,Federal Contract Tower,40,22,72,27,161,0,8,53,0,61,40,30,125,27,222,48,44,92,314
04/21/2023,ECP,FL,ASO,ES,Federal Contract Tower,36,23,48,11,118,0,2,51,2,55,36,25,99,13,173,58,8,66,239
04/22/2023,ECP,FL,ASO,ES,Federal Contract Tower,65,12,53,0,130,0,8,36,0,44,65,20,89,0,174,16,0,16,190
04/23/2023,ECP,FL,ASO,ES,Federal Contract Tower,47,27,83,1,158,0,4,77,0,81,47,31,160,1,239,60,0,60,299
04/24/2023,ECP,FL,ASO,ES,Federal Contract Tower,37,20,60,1,118,0,4,60,0,64,37,24,120,1,182,40,0,40,222
04/25/2023,ECP,FL,ASO,ES,Federal Contract Tower,36,8,36,4,84,0,0,49,2,51,36,8,85,6,135,42,12,54,189
04/26/2023,ECP,FL,ASO,ES,Federal Contract Tower,37,27,57,23,144,0,0,48,4,52,37,27,105,27,196,78,62,140,336
04/27/2023,ECP,FL,ASO,ES,Federal Contract Tower,39,18,50,5,112,0,0,4,1,5,39,18,54,6,117,12,18,30,147
04/28/2023,ECP,FL,ASO,ES,Federal Contract Tower,37,30,62,6,135,0,0,33,7,40,37,30,95,13,175,24,6,30,205
04/29/2023,ECP,FL,ASO,ES,Federal Contract Tower,69,18,21,3,111,0,0,6,0,6,69,18,27,3,117,12,0,12,129
04/30/2023,ECP,FL,ASO,ES,Federal Contract Tower,50,30,73,0,153,0,0,42,0,42,50,30,115,0,195,28,0,28,223
05/01/2023,ECP,FL,ASO,ES,Federal Contract Tower,43,16,55,0,114,0,0,52,0,52,43,16,107,0,166,40,0,40,206
05/02/2023,ECP,FL,ASO,ES,Federal Contract Tower,42,19,58,8,127,0,1,40,0,41,42,20,98,8,168,16,24,40,208
05/03/2023,ECP,FL,ASO,ES,Federal Contract Tower,38,22,62,17,139,0,0,39,0,39,38,22,101,17,178,26,20,46,224
05/04/2023,ECP,FL,ASO,ES,Federal Contract Tower,37,35,78,5,155,0,1,57,3,61,37,36,135,8,216,36,20,56,272
05/05/2023,ECP,FL,ASO,ES,Federal Contract Tower,37,29,59,6,131,0,2,27,0,29,37,31,86,6,160,20,0,20,180
05/06/2023,ECP,FL,ASO,ES,Federal Contract Tower,69,32,30,10,141,0,4,50,6,60,69,36,80,16,201,50,0,50,251
05/07/2023,ECP,FL,ASO,ES,Federal Contract Tower,48,29,76,0,153,0,5,41,4,50,48,34,117,4,203,30,22,52,255
05/08/2023,ECP,FL,ASO,ES,Federal Contract Tower,37,27,41,0,105,0,0,29,0,29,37,27,70,0,134,40,0,40,174
05/09/2023,ECP,FL,ASO,ES,Federal Contract Tower,31,24,42,6,103,0,0,23,0,23,31,24,65,6,126,10,0,10,136
05/10/2023,ECP,FL,ASO,ES,Federal Contract Tower,35,24,34,0,93,0,0,28,0,28,35,24,62,0,121,34,12,46,167
05/11/2023,ECP,FL,ASO,ES,Federal Contract Tower,39,24,71,5,139,0,0,41,2,43,39,24,112,7,182,6,0,6,188
05/12/2023,ECP,FL,ASO,ES,Federal Contract Tower,39,26,60,4,129,0,0,30,4,34,39,26,90,8,163,28,0,28,191
05/13/2023,ECP,FL,ASO,ES,Federal Contract Tower,68,26,53,0,147,0,0,48,3,51,68,26,101,3,198,24,0,24,222
05/14/2023,ECP,FL,ASO,ES,Federal Contract Tower,47,27,65,0,139,0,0,48,0,48,47,27,113,0,187,46,0,46,233
05/15/2023,ECP,FL,ASO,ES,Federal Contract Tower,38,26,56,0,120,0,0,30,0,30,38,26,86,0,150,56,0,56,206
05/16/2023,ECP,FL,ASO,ES,Federal Contract Tower,34,23,47,13,117,0,0,38,0,38,34,23,85,13,155,24,0,24,179
05/17/2023,ECP,FL,ASO,ES,Federal Contract Tower,40,22,50,7,119,0,0,13,0,13,40,22,63,7,132,0,20,20,152
05/18/2023,ECP,FL,ASO,ES,Federal Contract Tower,38,40,75,2,155,0,0,36,0,36,38,40,111,2,191,30,6,36,227
05/19/2023,ECP,FL,ASO,ES,Federal Contract Tower,36,15,78,14,143,0,0,39,4,43,36,15,117,18,186,12,4,16,202
05/20/2023,ECP,FL,ASO,ES,Federal Contract Tower,68,15,60,0,143,0,2,47,1,50,68,17,107,1,193,40,0,40,233
05/21/2023,ECP,FL,ASO,ES,Federal Contract Tower,49,34,80,1,164,0,6,36,0,42,49,40,116,1,206,6,0,6,212
05/22/2023,ECP,FL,ASO,ES,Federal Contract Tower,38,19,49,5,111,0,0,29,10,39,38,19,78,15,150,18,44,62,212
05/23/2023,ECP,FL,ASO,ES,Federal Contract Tower,37,22,43,0,102,0,0,10,0,10,37,22,53,0,112,0,0,0,112
05/24/2023,ECP,FL,ASO,ES,Federal Contract Tower,37,21,67,8,133,0,0,19,0,19,37,21,86,8,152,6,0,6,158
05/25/2023,ECP,FL,ASO,ES,Federal Contract Tower,38,39,109,2,188,0,0,53,0,53,38,39,162,2,241,26,0,26,267
05/26/2023,ECP,FL,ASO,ES,Federal Contract Tower,39,33,148,2,222,0,7,52,2,61,39,40,200,4,283,18,8,26,309
05/27/2023,ECP,FL,ASO,ES,Federal Contract Tower,68,42,92,0,202,0,0,62,0,62,68,42,154,0,264,68,0,68,332
05/28/2023,ECP,FL,ASO,ES,Federal Contract Tower,46,20,38,0,104,0,1,52,0,53,46,21,90,0,157,26,0,26,183
05/29/2023,ECP,FL,ASO,ES,Federal Contract Tower,35,28,114,0,177,0,0,56,0,56,35,28,170,0,233,20,0,20,253
05/30/2023,ECP,FL,ASO,ES,Federal Contract Tower,35,46,97,6,184,0,0,88,0,88,35,46,185,6,272,90,0,90,362
05/31/2023,ECP,FL,ASO,ES,Federal Contract Tower,40,35,86,2,163,0,0,43,0,43,40,35,129,2,206,38,0,38,244
06/01/2023,ECP,FL,ASO,ES,Federal Contract Tower,33,29,75,4,141,0,0,37,0,37,33,29,112,4,178,26,12,38,216
06/02/2023,ECP,FL,ASO,ES,Federal Contract Tower,37,30,76,2,145,0,45,0,0,45,37,75,76,2,190,32,2,34,224
06/03/2023,ECP,FL,ASO,ES,Federal Contract Tower,74,47,74,2,197,0,7,44,0,51,74,54,118,2,248,78,8,86,334
06/04/2023,ECP,FL,ASO,ES,Federal Contract Tower,55,30,96,0,181,0,5,46,0,51,55,35,142,0,232,28,0,28,260
06/05/2023,ECP,FL,ASO,ES,Federal Contract Tower,44,12,80,18,154,0,2,64,0,66,44,14,144,18,220,52,0,52,272
06/06/2023,ECP,FL,ASO,ES,Federal Contract Tower,41,26,46,4,117,0,0,45,0,45,41,26,91,4,162,40,0,40,202
06/07/2023,ECP,FL,ASO,ES,Federal Contract Tower,42,35,45,0,122,0,0,20,0,20,42,35,65,0,142,12,10,22,164
06/08/2023,ECP,FL,ASO,ES,Federal Contract Tower,42,27,75,4,148,0,0,56,6,62,42,27,131,10,210,38,14,52,262
06/09/2023,ECP,FL,ASO,ES,Federal Contract Tower,44,33,66,2,145,0,0,35,2,37,44,33,101,4,182,12,12,24,206
06/10/2023,ECP,FL,ASO,ES,Federal Contract Tower,87,42,83,0,212,0,0,46,0,46,87,42,129,0,258,14,0,14,272
06/11/2023,ECP,FL,ASO,ES,Federal Contract Tower,62,30,90,2,184,0,0,49,4,53,62,30,139,6,237,40,0,40,277
06/12/2023,ECP,FL,ASO,ES,Federal Contract Tower,46,14,62,2,124,0,0,27,0,27,46,14,89,2,151,32,0,32,183
06/13/2023,ECP,FL,ASO,ES,Federal Contract Tower,42,22,54,0,118,0,0,41,0,41,42,22,95,0,159,30,0,30,189
06/14/2023,ECP,FL,ASO,ES,Federal Contract Tower,38,25,57,4,124,0,0,18,0,18,38,25,75,4,142,10,0,10,152
06/15/2023,ECP,FL,ASO,ES,Federal Contract Tower,42,18,63,4,127,0,4,3,1,8,42,22,66,5,135,12,4,16,151
06/16/2023,ECP,FL,ASO,ES,Federal Contract Tower,42,21,87,1,151,0,1,28,2,31,42,22,115,3,182,36,22,58,240
06/17/2023,ECP,FL,ASO,ES,Federal Contract Tower,92,38,76,0,206,0,9,30,0,39,92,47,106,0,245,30,0,30,275
06/18/2023,ECP,FL,ASO,ES,Federal Contract Tower,58,32,63,0,153,0,3,26,0,29,58,35,89,0,182,34,0,34,216
06/19/2023,ECP,FL,ASO,ES,Federal Contract Tower,43,29,68,0,140,0,0,11,0,11,43,29,79,0,151,10,0,10,161
06/20/2023,ECP,FL,ASO,ES,Federal Contract Tower,43,15,42,10,110,0,0,57,0,57,43,15,99,10,167,40,0,40,207
06/21/2023,ECP,FL,ASO,ES,Federal Contract Tower,40,17,50,0,107,0,3,32,0,35,40,20,82,0,142,32,0,32,174
06/22/2023,ECP,FL,ASO,ES,Federal Contract Tower,42,13,62,7,124,0,4,20,1,25,42,17,82,8,149,34,18,52,201
06/23/2023,ECP,FL,ASO,ES,Federal Contract Tower,50,21,71,2,144,0,0,50,0,50,50,21,121,2,194,88,0,88,282
06/24/2023,ECP,FL,ASO,ES,Federal Contract Tower,90,28,92,2,212,0,0,70,0,70,90,28,162,2,282,70,0,70,352
06/25/2023,ECP,FL,ASO,ES,Federal Contract Tower,62,16,71,0,149,0,0,64,0,64,62,16,135,0,213,60,0,60,273
06/26/2023,ECP,FL,ASO,ES,Federal Contract Tower,42,9,58,14,123,0,0,51,0,51,42,9,109,14,174,26,0,26,200
06/27/2023,ECP,FL,ASO,ES,Federal Contract Tower,42,8,49,14,113,0,0,41,0,41,42,8,90,14,154,42,0,42,196
06/28/2023,ECP,FL,ASO,ES,Federal Contract Tower,41,29,78,8,156,0,0,49,0,49,41,29,127,8,205,86,0,86,291
06/29/2023,ECP,FL,ASO,ES,Federal Contract Tower,42,39,91,14,186,0,1,54,0,55,42,40,145,14,241,30,8,38,279
06/30/2023,ECP,FL,ASO,ES,Federal Contract Tower,42,33,112,16,203,0,2,53,2,57,42,35,165,18,260,40,2,42,302
07/01/2023,ECP,FL,ASO,ES,Federal Contract Tower,91,53,146,0,290,0,4,51,0,55,91,57,197,0,345,20,0,20,365
07/02/2023,ECP,FL,ASO,ES,Federal Contract Tower,58,25,87,0,170,0,3,48,0,51,58,28,135,0,221,22,0,22,243
07/03/2023,ECP,FL,ASO,ES,Federal Contract Tower,43,18,60,5,126,0,5,34,0,39,43,23,94,5,165,12,0,12,177
07/04/2023,ECP,FL,ASO,ES,Federal Contract Tower,42,22,20,0,84,0,0,26,0,26,42,22,46,0,110,0,0,0,110
07/05/2023,ECP,FL,ASO,ES,Federal Contract Tower,46,39,89,2,176,0,0,43,0,43,46,39,132,2,219,12,0,12,231
07/06/2023,ECP,FL,ASO,ES,Federal Contract Tower,44,35,65,0,144,0,0,32,0,32,44,35,97,0,176,16,6,22,198
07/07/2023,ECP,FL,ASO,ES,Federal Contract Tower,46,41,57,12,156,0,9,31,4,44,46,50,88,16,200,72,14,86,286
07/08/2023,ECP,FL,ASO,ES,Federal Contract Tower,93,41,136,0,270,0,0,54,0,54,93,41,190,0,324,32,0,32,356
07/09/2023,ECP,FL,ASO,ES,Federal Contract Tower,59,21,74,0,154,0,0,59,0,59,59,21,133,0,213,64,0,64,277
07/10/2023,ECP,FL,ASO,ES,Federal Contract Tower,43,22,41,6,112,0,0,35,0,35,43,22,76,6,147,78,0,78,225
07/11/2023,ECP,FL,ASO,ES,Federal Contract Tower,47,18,43,7,115,0,0,44,0,44,47,18,87,7,159,40,6,46,205
07/12/2023,ECP,FL,ASO,ES,Federal Contract Tower,43,29,43,4,119,0,0,30,0,30,43,29,73,4,149,34,6,40,189
07/13/2023,ECP,FL,ASO,ES,Federal Contract Tower,46,17,51,8,122,0,4,18,0,22,46,21,69,8,144,14,0,14,158
07/14/2023,ECP,FL,ASO,ES,Federal Contract Tower,45,29,47,0,121,0,9,14,0,23,45,38,61,0,144,26,0,26,170
07/15/2023,ECP,FL,ASO,ES,Federal Contract Tower,87,28,79,0,194,0,1,27,0,28,87,29,106,0,222,18,0,18,240
07/16/2023,ECP,FL,ASO,ES,Federal Contract Tower,65,22,83,0,170,0,0,48,0,48,65,22,131,0,218,92,0,92,310
07/17/2023,ECP,FL,ASO,ES,Federal Contract Tower,46,21,56,14,137,0,6,49,0,55,46,27,105,14,192,61,2,63,255
07/18/2023,ECP,FL,ASO,ES,Federal Contract Tower,44,22,40,15,121,0,1,57,0,58,44,23,97,15,179,68,40,108,287
07/19/2023,ECP,FL,ASO,ES,Federal Contract Tower,45,21,48,17,131,0,5,58,1,64,45,26,106,18,195,80,26,106,301
07/20/2023,ECP,FL,ASO,ES,Federal Contract Tower,52,23,72,4,151,0,0,55,0,55,52,23,127,4,206,88,48,136,342
07/21/2023,ECP,FL,ASO,ES,Federal Contract Tower,43,17,74,8,142,0,4,57,6,67,43,21,131,14,209,38,28,66,275
07/22/2023,ECP,FL,ASO,ES,Federal Contract Tower,90,26,91,0,207,0,0,55,0,55,90,26,146,0,262,48,0,48,310
07/23/2023,ECP,FL,ASO,ES,Federal Contract Tower,59,13,69,0,141,0,0,28,4,32,59,13,97,4,173,28,36,64,237
07/24/2023,ECP,FL,ASO,ES,Federal Contract Tower,44,18,43,5,110,0,0,57,1,58,44,18,100,6,168,68,0,68,236
07/25/2023,ECP,FL,ASO,ES,Federal Contract Tower,45,16,38,9,108,0,2,59,0,61,45,18,97,9,169,74,0,74,243
07/26/2023,ECP,FL,ASO,ES,Federal Contract Tower,45,21,62,4,132,0,4,45,2,51,45,25,107,6,183,56,0,56,239
07/27/2023,ECP,FL,ASO,ES,Federal Contract Tower,47,28,61,11,147,0,5,38,0,43,47,33,99,11,190,54,14,68,258
07/28/2023,ECP,FL,ASO,ES,Federal Contract Tower,45,27,66,0,138,0,4,38,0,42,45,31,104,0,180,32,0,32,212
07/29/2023,ECP,FL,ASO,ES,Federal Contract Tower,90,24,78,4,196,0,2,58,0,60,90,26,136,4,256,40,0,40,296
07/30/2023,ECP,FL,ASO,ES,Federal Contract Tower,63,21,67,0,151,0,45,0,0,45,63,66,67,0,196,22,0,22,218
07/31/2023,ECP,FL,ASO,ES,Federal Contract Tower,45,11,57,4,117,0,6,55,0,61,45,17,112,4,178,44,4,48,226
08/01/2023,ECP,FL,ASO,ES,Federal Contract Tower,42,20,42,3,107,0,0,46,0,46,42,20,88,3,153,70,16,86,239
08/02/2023,ECP,FL,ASO,ES,Federal Contract Tower,42,22,56,10,130,0,0,60,3,63,42,22,116,13,193,72,34,106,299
08/03/2023,ECP,FL,ASO,ES,Federal Contract Tower,43,17,76,11,147,0,0,48,0,48,43,17,124,11,195,38,34,72,267
08/04/2023,ECP,FL,ASO,ES,Federal Contract Tower,43,15,47,21,126,0,0,29,10,39,43,15,76,31,165,36,36,72,237
08/05/2023,ECP,FL,ASO,ES,Federal Contract Tower,90,27,70,0,187,0,3,40,0,43,90,30,110,0,230,44,0,44,274
08/06/2023,ECP,FL,ASO,ES,Federal Contract Tower,58,35,78,0,171,0,0,45,0,45,58,35,123,0,216,26,0,26,242
08/07/2023,ECP,FL,ASO,ES,Federal Contract Tower,44,28,62,12,146,0,0,58,3,61,44,28,120,15,207,44,32,76,283
08/08/2023,ECP,FL,ASO,ES,Federal Contract Tower,44,24,33,6,107,0,0,53,4,57,44,24,86,10,164,50,24,74,238
08/09/2023,ECP,FL,ASO,ES,Federal Contract Tower,40,18,43,10,111,0,0,38,2,40,40,18,81,12,151,0,38,38,189
08/10/2023,ECP,FL,ASO,ES,Federal Contract Tower,42,31,65,5,143,0,10,37,3,50,42,41,102,8,193,67,14,81,274
08/11/2023,ECP,FL,ASO,ES,Federal Contract Tower,43,20,44,12,119,0,0,42,2,44,43,20,86,14,163,38,10,48,211
08/12/2023,ECP,FL,ASO,ES,Federal Contract Tower,90,23,40,0,153,0,2,34,0,36,90,25,74,0,189,22,0,22,211
08/13/2023,ECP,FL,ASO,ES,Federal Contract Tower,58,24,71,0,153,0,6,49,0,55,58,30,120,0,208,57,0,57,265
08/14/2023,ECP,FL,ASO,ES,Federal Contract Tower,50,13,53,0,116,0,6,36,0,42,50,19,89,0,158,41,0,41,199
08/15/2023,ECP,FL,ASO,ES,Federal Contract Tower,40,16,37,4,97,0,0,45,2,47,40,16,82,6,144,44,10,54,198
08/16/2023,ECP,FL,ASO,ES,Federal Contract Tower,37,11,27,7,82,0,0,29,0,29,37,11,56,7,111,22,20,42,153
08/18/2023,ECP,FL,ASO,ES,Federal Contract Tower,39,12,46,8,105,0,0,42,4,46,39,12,88,12,151,44,12,56,207
08/19/2023,ECP,FL,ASO,ES,Federal Contract Tower,71,12,29,0,112,0,0,37,0,37,71,12,66,0,149,76,0,76,225
08/20/2023,ECP,FL,ASO,ES,Federal Contract Tower,44,18,60,4,126,0,0,40,0,40,44,18,100,4,166,20,0,20,186
08/21/2023,ECP,FL,ASO,ES,Federal Contract Tower,40,25,43,4,112,0,1,48,6,55,40,26,91,10,167,16,32,48,215
08/22/2023,ECP,FL,ASO,ES,Federal Contract Tower,37,15,31,2,85,0,0,45,2,47,37,15,76,4,132,42,10,52,184
08/23/2023,ECP,FL,ASO,ES,Federal Contract Tower,35,19,49,2,105,0,0,27,0,27,35,19,76,2,132,0,4,4,136
08/24/2023,ECP,FL,ASO,ES,Federal Contract Tower,38,20,50,9,117,0,2,29,0,31,38,22,79,9,148,22,14,36,184
08/25/2023,ECP,FL,ASO,ES,Federal Contract Tower,39,12,58,10,119,0,2,29,4,35,39,14,87,14,154,8,18,26,180
08/26/2023,ECP,FL,ASO,ES,Federal Contract Tower,72,8,26,0,106,0,4,42,0,46,72,12,68,0,152,34,6,40,192
08/27/2023,ECP,FL,ASO,ES,Federal Contract Tower,39,15,57,4,115,0,3,26,6,35,39,18,83,10,150,4,20,24,174
08/28/2023,ECP,FL,ASO,ES,Federal Contract Tower,38,17,38,10,103,0,2,29,5,36,38,19,67,15,139,6,20,26,165
08/29/2023,ECP,FL,ASO,ES,Federal Contract Tower,38,10,26,0,74,0,0,8,0,8,38,10,34,0,82,12,0,12,94
08/30/2023,ECP,FL,ASO,ES,Federal Contract Tower,36,9,13,0,58,0,0,6,0,6,36,9,19,0,64,12,0,12,76
08/31/2023,ECP,FL,ASO,ES,Federal Contract Tower,39,36,76,0,151,0,0,33,0,33,39,36,109,0,184,31,0,31,215
01/01/2020,ECP,FL,ASO,ES,Federal Contract Tower,25,14,60,0,99,0,0,57,0,57,25,14,117,0,156,18,0,18,174
01/02/2020,ECP,FL,ASO,ES,Federal Contract Tower,26,19,59,0,104,0,0,24,0,24,26,19,83,0,128,22,0,22,150
01/03/2020,ECP,FL,ASO,ES,Federal Contract Tower,29,11,21,4,65,0,0,0,0,0,29,11,21,4,65,0,0,0,65
01/04/2020,ECP,FL,ASO,ES,Federal Contract Tower,30,18,58,0,106,0,2,8,0,10,30,20,66,0,116,2,0,2,118
01/05/2020,ECP,FL,ASO,ES,Federal Contract Tower,28,13,44,0,85,0,7,46,0,53,28,20,90,0,138,18,0,18,156
01/06/2020,ECP,FL,ASO,ES,Federal Contract Tower,31,16,36,12,95,0,2,48,0,50,31,18,84,12,145,32,14,46,191
01/07/2020,ECP,FL,ASO,ES,Federal Contract Tower,31,6,19,2,58,0,22,2,0,24,31,28,21,2,82,34,26,60,142
01/08/2020,ECP,FL,ASO,ES,Federal Contract Tower,29,7,24,24,84,0,1,45,5,51,29,8,69,29,135,26,60,86,221
01/09/2020,ECP,FL,ASO,ES,Federal Contract Tower,29,10,34,7,80,0,3,27,0,30,29,13,61,7,110,26,0,26,136
01/10/2020,ECP,FL,ASO,ES,Federal Contract Tower,31,3,27,36,97,0,3,12,4,19,31,6,39,40,116,16,28,44,160
01/11/2020,ECP,FL,ASO,ES,Federal Contract Tower,22,1,3,0,26,0,0,0,0,0,22,1,3,0,26,0,0,0,26
01/12/2020,ECP,FL,ASO,ES,Federal Contract Tower,28,5,28,0,61,0,0,16,0,16,28,5,44,0,77,46,0,46,123
01/13/2020,ECP,FL,ASO,ES,Federal Contract Tower,30,1,27,38,96,0,1,1,0,2,30,2,28,38,98,0,0,0,98
01/14/2020,ECP,FL,ASO,ES,Federal Contract Tower,30,10,27,102,169,0,1,24,0,25,30,11,51,102,194,74,38,112,306
01/15/2020,ECP,FL,ASO,ES,Federal Contract Tower,30,15,48,62,155,0,1,8,0,9,30,16,56,62,164,12,26,38,202
01/16/2020,ECP,FL,ASO,ES,Federal Contract Tower,30,18,43,42,133,0,0,6,2,8,30,18,49,44,141,2,12,14,155
01/17/2020,ECP,FL,ASO,ES,Federal Contract Tower,30,16,54,7,107,0,2,24,1,27,30,18,78,8,134,16,2,18,152
01/18/2020,ECP,FL,ASO,ES,Federal Contract Tower,24,8,19,1,52,0,0,11,0,11,24,8,30,1,63,16,0,16,79
01/19/2020,ECP,FL,ASO,ES,Federal Contract Tower,28,8,42,0,78,0,0,7,0,7,28,8,49,0,85,2,0,2,87
01/20/2020,ECP,FL,ASO,ES,Federal Contract Tower,32,13,59,0,104,0,0,40,0,40,32,13,99,0,144,32,0,32,176
01/21/2020,ECP,FL,ASO,ES,Federal Contract Tower,30,8,31,42,111,0,0,18,0,18,30,8,49,42,129,38,8,46,175
01/22/2020,ECP,FL,ASO,ES,Federal Contract Tower,30,6,32,12,80,0,0,27,4,31,30,6,59,16,111,30,26,56,167
01/23/2020,ECP,FL,ASO,ES,Federal Contract Tower,30,9,38,38,115,0,2,17,0,19,30,11,55,38,134,6,18,24,158
01/24/2020,ECP,FL,ASO,ES,Federal Contract Tower,30,11,32,22,95,0,0,8,0,8,30,11,40,22,103,0,8,8,111
01/25/2020,ECP,FL,ASO,ES,Federal Contract Tower,25,5,22,5,57,0,2,65,2,69,25,7,87,7,126,90,0,90,216
01/26/2020,ECP,FL,ASO,ES,Federal Contract Tower,32,9,31,4,76,0,0,13,0,13,32,9,44,4,89,10,0,10,99
01/27/2020,ECP,FL,ASO,ES,Federal Contract Tower,32,8,41,8,89,0,0,6,0,6,32,8,47,8,95,20,26,46,141
01/28/2020,ECP,FL,ASO,ES,Federal Contract Tower,29,12,31,6,78,0,0,43,4,47,29,12,74,10,125,24,32,56,181
01/29/2020,ECP,FL,ASO,ES,Federal Contract Tower,30,11,29,8,78,0,0,5,2,7,30,11,34,10,85,0,6,6,91
01/30/2020,ECP,FL,ASO,ES,Federal Contract Tower,30,8,32,3,73,0,2,30,0,32,30,10,62,3,105,46,12,58,163
01/31/2020,ECP,FL,ASO,ES,Federal Contract Tower,31,11,33,8,83,0,0,0,0,0,31,11,33,8,83,0,0,0,83
02/01/2020,ECP,FL,ASO,ES,Federal Contract Tower,27,6,50,0,83,0,0,2,0,2,27,6,52,0,85,2,0,2,87
02/02/2020,ECP,FL,ASO,ES,Federal Contract Tower,30,12,35,0,77,0,2,45,0,47,30,14,80,0,124,60,0,60,184
02/03/2020,ECP,FL,ASO,ES,Federal Contract Tower,34,19,27,6,86,0,2,40,2,44,34,21,67,8,130,50,0,50,180
02/04/2020,ECP,FL,ASO,ES,Federal Contract Tower,32,9,22,42,105,0,0,31,7,38,32,9,53,49,143,50,24,74,217
02/05/2020,ECP,FL,ASO,ES,Federal Contract Tower,32,8,33,18,91,0,0,0,0,0,32,8,33,18,91,0,0,0,91
02/06/2020,ECP,FL,ASO,ES,Federal Contract Tower,30,8,14,0,52,0,0,0,0,0,30,8,14,0,52,0,0,0,52
02/07/2020,ECP,FL,ASO,ES,Federal Contract Tower,27,13,40,44,124,0,6,28,9,43,27,19,68,53,167,30,56,86,253
02/08/2020,ECP,FL,ASO,ES,Federal Contract Tower,23,2,31,2,58,0,2,32,0,34,23,4,63,2,92,12,0,12,104
02/09/2020,ECP,FL,ASO,ES,Federal Contract Tower,32,5,50,8,95,0,2,47,0,49,32,7,97,8,144,42,6,48,192
02/10/2020,ECP,FL,ASO,ES,Federal Contract Tower,31,8,39,72,150,0,2,31,1,34,31,10,70,73,184,8,36,44,228
02/11/2020,ECP,FL,ASO,ES,Federal Contract Tower,30,9,40,33,112,0,0,0,0,0,30,9,40,33,112,0,0,0,112
02/12/2020,ECP,FL,ASO,ES,Federal Contract Tower,28,17,40,25,110,0,0,0,0,0,28,17,40,25,110,0,0,0,110
02/13/2020,ECP,FL,ASO,ES,Federal Contract Tower,28,21,44,4,97,0,0,2,2,4,28,21,46,6,101,18,14,32,133
02/14/2020,ECP,FL,ASO,ES,Federal Contract Tower,30,18,79,8,135,0,2,24,0,26,30,20,103,8,161,38,0,38,199
02/15/2020,ECP,FL,ASO,ES,Federal Contract Tower,25,9,32,0,66,0,2,45,0,47,25,11,77,0,113,40,2,42,155
02/16/2020,ECP,FL,ASO,ES,Federal Contract Tower,30,13,59,0,102,0,0,1,0,1,30,13,60,0,103,0,0,0,103
02/17/2020,ECP,FL,ASO,ES,Federal Contract Tower,34,11,60,1,106,0,0,1,0,1,34,11,61,1,107,16,0,16,123
02/18/2020,ECP,FL,ASO,ES,Federal Contract Tower,29,13,31,33,106,0,0,10,0,10,29,13,41,33,116,16,18,34,150
02/19/2020,ECP,FL,ASO,ES,Federal Contract Tower,32,21,42,15,110,0,0,20,7,27,32,21,62,22,137,44,32,76,213
02/20/2020,ECP,FL,ASO,ES,Federal Contract Tower,32,8,39,26,105,0,0,0,0,0,32,8,39,26,105,0,0,0,105
02/21/2020,ECP,FL,ASO,ES,Federal Contract Tower,31,13,44,15,103,0,2,13,6,21,31,15,57,21,124,8,32,40,164
02/22/2020,ECP,FL,ASO,ES,Federal Contract Tower,26,5,20,0,51,0,4,50,0,54,26,9,70,0,105,26,0,26,131
02/24/2020,ECP,FL,ASO,ES,Federal Contract Tower,34,7,33,16,90,0,0,14,4,18,34,7,47,20,108,6,10,16,124
02/25/2020,ECP,FL,ASO,ES,Federal Contract Tower,31,7,41,3,82,0,0,17,0,17,31,7,58,3,99,32,0,32,131
02/26/2020,ECP,FL,ASO,ES,Federal Contract Tower,30,15,30,6,81,0,4,19,6,29,30,19,49,12,110,4,22,26,136
02/27/2020,ECP,FL,ASO,ES,Federal Contract Tower,32,18,59,16,125,0,0,38,5,43,32,18,97,21,168,22,76,98,266
02/28/2020,ECP,FL,ASO,ES,Federal Contract Tower,30,15,54,13,112,0,0,50,3,53,30,15,104,16,165,14,40,54,219
02/29/2020,ECP,FL,ASO,ES,Federal Contract Tower,26,11,41,0,78,0,0,38,2,40,26,11,79,2,118,20,0,20,138
03/01/2020,ECP,FL,ASO,ES,Federal Contract Tower,30,11,52,0,93,0,0,44,0,44,30,11,96,0,137,54,18,72,209
03/02/2020,ECP,FL,ASO,ES,Federal Contract Tower,31,12,48,14,105,0,0,13,1,14,31,12,61,15,119,12,10,22,141
03/03/2020,ECP,FL,ASO,ES,Federal Contract Tower,30,19,32,32,113,0,0,3,6,9,30,19,35,38,122,0,18,18,140
03/04/2020,ECP,FL,ASO,ES,Federal Contract Tower,28,9,12,6,55,0,0,0,0,0,28,9,12,6,55,0,0,0,55
03/05/2020,ECP,FL,ASO,ES,Federal Contract Tower,29,7,35,18,89,0,0,2,0,2,29,7,37,18,91,6,0,6,97
03/06/2020,ECP,FL,ASO,ES,Federal Contract Tower,30,13,66,4,113,0,2,25,2,29,30,15,91,6,142,34,14,48,190
03/07/2020,ECP,FL,ASO,ES,Federal Contract Tower,63,13,34,7,117,0,5,48,0,53,63,18,82,7,170,30,0,30,200
03/08/2020,ECP,FL,ASO,ES,Federal Contract Tower,34,14,54,2,104,0,0,53,0,53,34,14,107,2,157,58,16,74,231
03/09/2020,ECP,FL,ASO,ES,Federal Contract Tower,37,11,47,36,131,0,0,38,2,40,37,11,85,38,171,36,26,62,233
03/10/2020,ECP,FL,ASO,ES,Federal Contract Tower,34,12,35,21,102,0,4,27,1,32,34,16,62,22,134,24,12,36,170
03/11/2020,ECP,FL,ASO,ES,Federal Contract Tower,36,9,44,12,101,0,0,15,0,15,36,9,59,12,116,36,4,40,156
03/12/2020,ECP,FL,ASO,ES,Federal Contract Tower,36,13,54,6,109,0,1,45,0,46,36,14,99,6,155,34,18,52,207
03/13/2020,ECP,FL,ASO,ES,Federal Contract Tower,34,15,69,14,132,0,0,50,0,50,34,15,119,14,182,36,24,60,242
03/14/2020,ECP,FL,ASO,ES,Federal Contract Tower,61,31,59,12,163,0,2,53,0,55,61,33,112,12,218,86,0,86,304
03/16/2020,ECP,FL,ASO,ES,Federal Contract Tower,36,20,55,11,122,0,0,40,14,54,36,20,95,25,176,34,20,54,230
03/17/2020,ECP,FL,ASO,ES,Federal Contract Tower,35,16,42,54,147,0,2,25,5,32,35,18,67,59,179,28,46,74,253
03/18/2020,ECP,FL,ASO,ES,Federal Contract Tower,38,20,25,39,122,0,0,27,3,30,38,20,52,42,152,24,32,56,208
03/19/2020,ECP,FL,ASO,ES,Federal Contract Tower,33,20,31,26,110,0,1,40,6,47,33,21,71,32,157,32,24,56,213
03/20/2020,ECP,FL,ASO,ES,Federal Contract Tower,28,9,54,22,113,0,0,21,0,21,28,9,75,22,134,16,28,44,178
03/21/2020,ECP,FL,ASO,ES,Federal Contract Tower,57,14,70,0,141,0,1,14,0,15,57,15,84,0,156,38,0,38,194
03/22/2020,ECP,FL,ASO,ES,Federal Contract Tower,29,11,37,2,79,0,0,20,0,20,29,11,57,2,99,8,0,8,107
03/23/2020,ECP,FL,ASO,ES,Federal Contract Tower,27,10,31,30,98,0,0,10,0,10,27,10,41,30,108,12,6,18,126
03/24/2020,ECP,FL,ASO,ES,Federal Contract Tower,25,9,23,19,76,0,0,6,2,8,25,9,29,21,84,20,28,48,132
03/25/2020,ECP,FL,ASO,ES,Federal Contract Tower,25,16,36,12,89,0,0,19,2,21,25,16,55,14,110,41,28,69,179
03/26/2020,ECP,FL,ASO,ES,Federal Contract Tower,21,12,26,5,64,0,1,30,6,37,21,13,56,11,101,28,60,88,189
03/27/2020,ECP,FL,ASO,ES,Federal Contract Tower,16,7,29,8,60,0,0,33,2,35,16,7,62,10,95,8,34,42,137
03/28/2020,ECP,FL,ASO,ES,Federal Contract Tower,23,7,16,0,46,0,2,42,0,44,23,9,58,0,90,22,0,22,112
03/29/2020,ECP,FL,ASO,ES,Federal Contract Tower,21,7,22,4,54,0,2,16,0,18,21,9,38,4,72,16,0,16,88
03/30/2020,ECP,FL,ASO,ES,Federal Contract Tower,19,12,21,11,63,0,1,38,0,39,19,13,59,11,102,59,14,73,175
04/01/2020,ECP,FL,ASO,ES,Federal Contract Tower,25,7,16,4,52,0,0,29,3,32,25,7,45,7,84,42,18,60,144
04/02/2020,ECP,FL,ASO,ES,Federal Contract Tower,23,11,19,18,71,0,0,28,5,33,23,11,47,23,104,22,38,60,164
04/03/2020,ECP,FL,ASO,ES,Federal Contract Tower,17,8,18,12,55,0,0,29,0,29,17,8,47,12,84,12,10,22,106
04/04/2020,ECP,FL,ASO,ES,Federal Contract Tower,32,5,16,1,54,0,0,26,0,26,32,5,42,1,80,24,0,24,104
04/05/2020,ECP,FL,ASO,ES,Federal Contract Tower,18,9,18,0,45,0,0,35,0,35,18,9,53,0,80,2,0,2,82
04/06/2020,ECP,FL,ASO,ES,Federal Contract Tower,24,6,15,0,45,0,0,28,0,28,24,6,43,0,73,0,0,0,73
04/07/2020,ECP,FL,ASO,ES,Federal Contract Tower,29,6,18,8,61,0,0,23,2,25,29,6,41,10,86,18,18,36,122
04/08/2020,ECP,FL,ASO,ES,Federal Contract Tower,23,14,19,8,64,0,0,2,0,2,23,14,21,8,66,0,0,0,66
04/09/2020,ECP,FL,ASO,ES,Federal Contract Tower,22,8,30,3,63,0,0,23,2,25,22,8,53,5,88,10,6,16,104
04/10/2020,ECP,FL,ASO,ES,Federal Contract Tower,23,6,24,0,53,0,0,24,0,24,23,6,48,0,77,12,0,12,89
04/11/2020,ECP,FL,ASO,ES,Federal Contract Tower,35,3,15,0,53,0,0,34,4,38,35,3,49,4,91,32,0,32,123
04/12/2020,ECP,FL,ASO,ES,Federal Contract Tower,22,0,4,0,26,0,0,0,0,0,22,0,4,0,26,0,0,0,26
04/13/2020,ECP,FL,ASO,ES,Federal Contract Tower,22,8,30,4,64,0,1,20,10,31,22,9,50,14,95,0,44,44,139
04/14/2020,ECP,FL,ASO,ES,Federal Contract Tower,20,9,16,5,50,0,0,27,0,27,20,9,43,5,77,16,0,16,93
04/15/2020,ECP,FL,ASO,ES,Federal Contract Tower,20,5,24,2,51,0,2,12,0,14,20,7,36,2,65,2,0,2,67
04/16/2020,ECP,FL,ASO,ES,Federal Contract Tower,19,4,32,6,61,0,2,37,6,45,19,6,69,12,106,16,54,70,176
04/17/2020,ECP,FL,ASO,ES,Federal Contract Tower,15,12,30,0,57,0,0,28,2,30,15,12,58,2,87,0,44,44,131
04/18/2020,ECP,FL,ASO,ES,Federal Contract Tower,22,2,12,0,36,0,0,8,0,8,22,2,20,0,44,14,0,14,58
04/19/2020,ECP,FL,ASO,ES,Federal Contract Tower,12,2,5,1,20,1,2,8,0,11,13,4,13,1,31,10,0,10,41
04/20/2020,ECP,FL,ASO,ES,Federal Contract Tower,16,3,32,2,53,0,0,13,0,13,16,3,45,2,66,4,12,16,82
04/21/2020,ECP,FL,ASO,ES,Federal Contract Tower,17,9,24,9,59,0,1,38,4,43,17,10,62,13,102,34,8,42,144
04/22/2020,ECP,FL,ASO,ES,Federal Contract Tower,16,7,29,15,67,0,2,32,13,47,16,9,61,28,114,34,78,112,226
04/23/2020,ECP,FL,ASO,ES,Federal Contract Tower,17,4,11,0,32,0,0,3,0,3,17,4,14,0,35,0,0,0,35
04/24/2020,ECP,FL,ASO,ES,Federal Contract Tower,20,16,50,6,92,0,2,41,0,43,20,18,91,6,135,46,2,48,183
04/25/2020,ECP,FL,ASO,ES,Federal Contract Tower,28,6,13,6,53,0,0,23,0,23,28,6,36,6,76,34,0,34,110
04/26/2020,ECP,FL,ASO,ES,Federal Contract Tower,15,5,44,4,68,0,0,48,0,48,15,5,92,4,116,48,28,76,192
04/27/2020,ECP,FL,ASO,ES,Federal Contract Tower,18,7,26,0,51,0,4,42,0,46,18,11,68,0,97,16,2,18,115
04/28/2020,ECP,FL,ASO,ES,Federal Contract Tower,16,10,33,16,75,0,0,33,8,41,16,10,66,24,116,30,76,106,222
04/29/2020,ECP,FL,ASO,ES,Federal Contract Tower,16,9,9,0,34,0,0,8,0,8,16,9,17,0,42,18,0,18,60
04/30/2020,ECP,FL,ASO,ES,Federal Contract Tower,18,21,68,0,107,0,0,25,2,27,18,21,93,2,134,28,24,52,186
05/01/2020,ECP,FL,ASO,ES,Federal Contract Tower,19,23,70,6,118,0,2,64,0,66,19,25,134,6,184,36,10,46,230
05/02/2020,ECP,FL,ASO,ES,Federal Contract Tower,25,10,32,18,85,0,0,73,0,73,25,10,105,18,158,46,0,46,204
05/03/2020,ECP,FL,ASO,ES,Federal Contract Tower,16,13,48,2,79,0,0,50,0,50,16,13,98,2,129,34,0,34,163
05/04/2020,ECP,FL,ASO,ES,Federal Contract Tower,19,10,35,11,75,0,0,45,2,47,19,10,80,13,122,18,26,44,166
05/05/2020,ECP,FL,ASO,ES,Federal Contract Tower,17,14,36,2,69,0,2,29,4,35,17,16,65,6,104,6,14,20,124
05/06/2020,ECP,FL,ASO,ES,Federal Contract Tower,14,16,50,8,88,2,0,28,7,37,16,16,78,15,125,14,70,84,209
05/07/2020,ECP,FL,ASO,ES,Federal Contract Tower,19,16,50,14,99,0,3,42,4,49,19,19,92,18,148,14,18,32,180
05/08/2020,ECP,FL,ASO,ES,Federal Contract Tower,17,20,53,21,111,0,2,23,14,39,17,22,76,35,150,8,36,44,194
05/09/2020,ECP,FL,ASO,ES,Federal Contract Tower,16,12,57,0,85,0,0,29,0,29,16,12,86,0,114,18,0,18,132
05/10/2020,ECP,FL,ASO,ES,Federal Contract Tower,17,13,48,1,79,0,0,30,0,30,17,13,78,1,109,38,0,38,147
05/11/2020,ECP,FL,ASO,ES,Federal Contract Tower,16,19,66,8,109,0,0,39,0,39,16,19,105,8,148,28,0,28,176
05/12/2020,ECP,FL,ASO,ES,Federal Contract Tower,18,12,43,14,87,0,5,46,2,53,18,17,89,16,140,12,6,18,158
05/13/2020,ECP,FL,ASO,ES,Federal Contract Tower,15,17,74,5,111,0,3,42,1,46,15,20,116,6,157,22,17,39,196
05/14/2020,ECP,FL,ASO,ES,Federal Contract Tower,19,15,68,16,118,0,2,34,6,42,19,17,102,22,160,8,46,54,214
05/15/2020,ECP,FL,ASO,ES,Federal Contract Tower,20,19,71,39,149,0,2,36,6,44,20,21,107,45,193,14,84,98,291
05/16/2020,ECP,FL,ASO,ES,Federal Contract Tower,18,13,33,2,66,0,0,45,0,45,18,13,78,2,111,50,0,50,161
05/17/2020,ECP,FL,ASO,ES,Federal Contract Tower,21,22,49,6,98,0,0,36,0,36,21,22,85,6,134,30,0,30,164
05/18/2020,ECP,FL,ASO,ES,Federal Contract Tower,20,14,42,0,76,0,0,7,0,7,20,14,49,0,83,6,12,18,101
05/19/2020,ECP,FL,ASO,ES,Federal Contract Tower,18,20,33,8,79,0,1,58,3,62,18,21,91,11,141,35,14,49,190
05/20/2020,ECP,FL,ASO,ES,Federal Contract Tower,22,27,52,8,109,0,0,9,0,9,22,27,61,8,118,10,0,10,128
05/21/2020,ECP,FL,ASO,ES,Federal Contract Tower,24,33,85,16,158,0,6,15,0,21,24,39,100,16,179,48,0,48,227
05/22/2020,ECP,FL,ASO,ES,Federal Contract Tower,30,44,117,5,196,0,2,58,0,60,30,46,175,5,256,44,0,44,300
05/23/2020,ECP,FL,ASO,ES,Federal Contract Tower,27,28,75,0,130,0,0,55,0,55,27,28,130,0,185,30,0,30,215
05/24/2020,ECP,FL,ASO,ES,Federal Contract Tower,20,12,37,0,69,0,2,45,0,47,20,14,82,0,116,34,0,34,150
05/25/2020,ECP,FL,ASO,ES,Federal Contract Tower,24,16,78,0,118,0,0,32,0,32,24,16,110,0,150,42,0,42,192
05/26/2020,ECP,FL,ASO,ES,Federal Contract Tower,22,39,74,58,193,0,0,7,0,7,22,39,81,58,200,12,66,78,278
05/27/2020,ECP,FL,ASO,ES,Federal Contract Tower,23,31,56,51,161,0,0,25,2,27,23,31,81,53,188,30,34,64,252
05/28/2020,ECP,FL,ASO,ES,Federal Contract Tower,23,24,69,27,143,0,1,40,0,41,23,25,109,27,184,128,22,150,334
05/29/2020,ECP,FL,ASO,ES,Federal Contract Tower,22,38,59,39,158,0,2,38,6,46,22,40,97,45,204,74,58,132,336
05/30/2020,ECP,FL,ASO,ES,Federal Contract Tower,26,30,115,0,171,0,4,42,0,46,26,34,157,0,217,34,0,34,251
05/31/2020,ECP,FL,ASO,ES,Federal Contract Tower,26,17,76,0,119,0,0,54,0,54,26,17,130,0,173,48,0,48,221
06/01/2020,ECP,FL,ASO,ES,Federal Contract Tower,26,22,40,12,100,0,1,38,1,40,26,23,78,13,140,4,18,22,162
06/02/2020,ECP,FL,ASO,ES,Federal Contract Tower,20,23,52,10,105,0,0,23,2,25,20,23,75,12,130,22,14,36,166
06/03/2020,ECP,FL,ASO,ES,Federal Contract Tower,24,17,53,6,100,0,0,20,0,20,24,17,73,6,120,28,0,28,148
06/04/2020,ECP,FL,ASO,ES,Federal Contract Tower,26,23,75,21,145,0,2,33,0,35,26,25,108,21,180,96,18,114,294
06/05/2020,ECP,FL,ASO,ES,Federal Contract Tower,26,20,66,46,158,0,0,33,0,33,26,20,99,46,191,42,56,98,289
06/06/2020,ECP,FL,ASO,ES,Federal Contract Tower,31,34,98,4,167,0,2,11,0,13,31,36,109,4,180,24,0,24,204
06/07/2020,ECP,FL,ASO,ES,Federal Contract Tower,37,26,28,0,91,0,0,8,2,10,37,26,36,2,101,2,0,2,103
06/08/2020,ECP,FL,ASO,ES,Federal Contract Tower,30,11,43,34,118,0,0,24,0,24,30,11,67,34,142,20,24,44,186
06/09/2020,ECP,FL,ASO,ES,Federal Contract Tower,20,18,56,29,123,0,1,25,12,38,20,19,81,41,161,30,34,64,225
06/10/2020,ECP,FL,ASO,ES,Federal Contract Tower,21,25,80,34,160,0,3,25,2,30,21,28,105,36,190,16,80,96,286
06/11/2020,ECP,FL,ASO,ES,Federal Contract Tower,38,24,96,2,160,0,2,44,2,48,38,26,140,4,208,78,28,106,314
06/12/2020,ECP,FL,ASO,ES,Federal Contract Tower,42,26,95,15,178,0,0,39,6,45,42,26,134,21,223,26,102,128,351
06/13/2020,ECP,FL,ASO,ES,Federal Contract Tower,44,48,91,0,183,0,0,48,0,48,44,48,139,0,231,68,12,80,311
06/14/2020,ECP,FL,ASO,ES,Federal Contract Tower,39,26,101,0,166,0,0,48,0,48,39,26,149,0,214,22,0,22,236
06/15/2020,ECP,FL,ASO,ES,Federal Contract Tower,39,18,71,20,148,0,0,61,0,61,39,18,132,20,209,20,18,38,247
06/16/2020,ECP,FL,ASO,ES,Federal Contract Tower,23,20,59,6,108,0,0,39,12,51,23,20,98,18,159,44,54,98,257
06/17/2020,ECP,FL,ASO,ES,Federal Contract Tower,24,11,60,21,116,0,0,40,4,44,24,11,100,25,160,42,66,108,268
06/18/2020,ECP,FL,ASO,ES,Federal Contract Tower,40,18,69,14,141,0,2,68,2,72,40,20,137,16,213,14,54,68,281
06/19/2020,ECP,FL,ASO,ES,Federal Contract Tower,46,23,76,12,157,0,0,58,1,59,46,23,134,13,216,32,8,40,256
06/20/2020,ECP,FL,ASO,ES,Federal Contract Tower,55,31,134,0,220,0,0,65,0,65,55,31,199,0,285,66,0,66,351
06/21/2020,ECP,FL,ASO,ES,Federal Contract Tower,43,15,84,0,142,0,0,52,0,52,43,15,136,0,194,82,0,82,276
06/22/2020,ECP,FL,ASO,ES,Federal Contract Tower,44,10,68,28,150,0,0,40,1,41,44,10,108,29,191,24,8,32,223
06/23/2020,ECP,FL,ASO,ES,Federal Contract Tower,36,18,60,0,114,0,0,22,0,22,36,18,82,0,136,18,0,18,154
06/24/2020,ECP,FL,ASO,ES,Federal Contract Tower,35,32,55,25,147,0,0,28,3,31,35,32,83,28,178,26,32,58,236
06/25/2020,ECP,FL,ASO,ES,Federal Contract Tower,43,26,78,26,173,0,0,39,2,41,43,26,117,28,214,62,100,162,376
06/26/2020,ECP,FL,ASO,ES,Federal Contract Tower,44,24,69,8,145,0,0,42,0,42,44,24,111,8,187,36,6,42,229
06/27/2020,ECP,FL,ASO,ES,Federal Contract Tower,46,36,105,6,193,0,0,50,0,50,46,36,155,6,243,70,0,70,313
06/28/2020,ECP,FL,ASO,ES,Federal Contract Tower,43,25,69,12,149,0,43,0,0,43,43,68,69,12,192,44,2,46,238
06/29/2020,ECP,FL,ASO,ES,Federal Contract Tower,41,31,59,11,142,0,0,50,2,52,41,31,109,13,194,68,50,118,312
06/30/2020,ECP,FL,ASO,ES,Federal Contract Tower,40,23,57,2,122,0,0,66,2,68,40,23,123,4,190,47,12,59,249
07/01/2020,ECP,FL,ASO,ES,Federal Contract Tower,40,21,50,4,115,0,1,26,0,27,40,22,76,4,142,30,0,30,172
07/02/2020,ECP,FL,ASO,ES,Federal Contract Tower,48,19,67,12,146,0,0,31,0,31,48,19,98,12,177,66,6,72,249
07/03/2020,ECP,FL,ASO,ES,Federal Contract Tower,47,16,64,0,127,0,0,26,0,26,47,16,90,0,153,44,0,44,197
07/04/2020,ECP,FL,ASO,ES,Federal Contract Tower,50,22,46,0,118,1,1,27,0,29,51,23,73,0,147,30,0,30,177
07/05/2020,ECP,FL,ASO,ES,Federal Contract Tower,48,41,93,0,182,0,0,34,0,34,48,41,127,0,216,52,0,52,268
07/06/2020,ECP,FL,ASO,ES,Federal Contract Tower,44,29,57,0,130,0,0,25,0,25,44,29,82,0,155,44,0,44,199
07/07/2020,ECP,FL,ASO,ES,Federal Contract Tower,47,23,43,0,113,0,0,16,2,18,47,23,59,2,131,24,4,28,159
07/08/2020,ECP,FL,ASO,ES,Federal Contract Tower,45,19,45,13,122,0,0,29,3,32,45,19,74,16,154,56,60,116,270
07/09/2020,ECP,FL,ASO,ES,Federal Contract Tower,48,18,53,0,119,0,0,27,2,29,48,18,80,2,148,106,8,114,262
07/10/2020,ECP,FL,ASO,ES,Federal Contract Tower,51,34,73,4,162,0,0,38,0,38,51,34,111,4,200,90,32,122,322
07/11/2020,ECP,FL,ASO,ES,Federal Contract Tower,65,37,77,2,181,0,0,64,6,70,65,37,141,8,251,128,0,128,379
07/12/2020,ECP,FL,ASO,ES,Federal Contract Tower,55,30,71,2,158,0,0,0,0,0,55,30,71,2,158,39,0,39,197
07/13/2020,ECP,FL,ASO,ES,Federal Contract Tower,45,8,32,10,95,0,2,30,7,39,45,10,62,17,134,60,20,80,214
07/14/2020,ECP,FL,ASO,ES,Federal Contract Tower,45,11,33,4,93,0,7,37,10,54,45,18,70,14,147,54,28,82,229
07/15/2020,ECP,FL,ASO,ES,Federal Contract Tower,44,17,29,19,109,0,0,12,0,12,44,17,41,19,121,46,28,74,195
07/16/2020,ECP,FL,ASO,ES,Federal Contract Tower,50,15,46,22,133,0,4,39,6,49,50,19,85,28,182,74,36,110,292
07/17/2020,ECP,FL,ASO,ES,Federal Contract Tower,53,16,76,12,157,0,7,56,0,63,53,23,132,12,220,68,0,68,288
07/18/2020,ECP,FL,ASO,ES,Federal Contract Tower,68,30,82,0,180,0,2,45,0,47,68,32,127,0,227,38,6,44,271
07/19/2020,ECP,FL,ASO,ES,Federal Contract Tower,52,25,60,2,139,0,0,57,0,57,52,25,117,2,196,46,0,46,242
07/20/2020,ECP,FL,ASO,ES,Federal Contract Tower,49,15,38,15,117,0,2,39,1,42,49,17,77,16,159,12,14,26,185
07/21/2020,ECP,FL,ASO,ES,Federal Contract Tower,42,15,31,14,102,0,0,29,1,30,42,15,60,15,132,44,8,52,184
07/22/2020,ECP,FL,ASO,ES,Federal Contract Tower,43,18,44,9,114,0,0,25,3,28,43,18,69,12,142,22,14,36,178
07/23/2020,ECP,FL,ASO,ES,Federal Contract Tower,48,11,50,13,122,0,0,28,0,28,48,11,78,13,150,24,6,30,180
07/24/2020,ECP,FL,ASO,ES,Federal Contract Tower,50,14,57,2,123,0,0,20,0,20,50,14,77,2,143,42,6,48,191
07/25/2020,ECP,FL,ASO,ES,Federal Contract Tower,70,34,75,2,181,0,8,39,1,48,70,42,114,3,229,40,0,40,269
07/26/2020,ECP,FL,ASO,ES,Federal Contract Tower,59,23,69,2,153,0,0,27,0,27,59,23,96,2,180,56,6,62,242
07/27/2020,ECP,FL,ASO,ES,Federal Contract Tower,51,15,36,18,120,0,4,47,0,51,51,19,83,18,171,16,4,20,191
07/28/2020,ECP,FL,ASO,ES,Federal Contract Tower,44,24,54,4,126,0,1,6,0,7,44,25,60,4,133,4,0,4,137
07/29/2020,ECP,FL,ASO,ES,Federal Contract Tower,46,16,54,10,126,0,0,26,0,26,46,16,80,10,152,28,0,28,180
07/30/2020,ECP,FL,ASO,ES,Federal Contract Tower,52,30,52,26,160,0,1,41,4,46,52,31,93,30,206,24,22,46,252
07/31/2020,ECP,FL,ASO,ES,Federal Contract Tower,51,19,70,6,146,0,2,53,1,56,51,21,123,7,202,70,10,80,282
08/01/2020,ECP,FL,ASO,ES,Federal Contract Tower,76,12,74,0,162,0,0,54,0,54,76,12,128,0,216,88,0,88,304
08/02/2020,ECP,FL,ASO,ES,Federal Contract Tower,58,9,77,0,144,0,0,53,0,53,58,9,130,0,197,60,0,60,257
08/03/2020,ECP,FL,ASO,ES,Federal Contract Tower,58,13,55,11,137,0,2,45,5,52,58,15,100,16,189,84,14,98,287
08/04/2020,ECP,FL,ASO,ES,Federal Contract Tower,53,8,58,6,125,0,0,54,0,54,53,8,112,6,179,74,18,92,271
08/05/2020,ECP,FL,ASO,ES,Federal Contract Tower,47,12,47,17,123,0,4,38,0,42,47,16,85,17,165,62,8,70,235
08/06/2020,ECP,FL,ASO,ES,Federal Contract Tower,55,16,54,7,132,0,2,83,10,95,55,18,137,17,227,66,24,90,317
08/07/2020,ECP,FL,ASO,ES,Federal Contract Tower,54,14,51,6,125,0,0,36,0,36,54,14,87,6,161,24,24,48,209
08/08/2020,ECP,FL,ASO,ES,Federal Contract Tower,68,23,79,5,175,0,3,45,0,48,68,26,124,5,223,44,28,72,295
08/09/2020,ECP,FL,ASO,ES,Federal Contract Tower,59,17,72,0,148,0,2,43,0,45,59,19,115,0,193,26,0,26,219
08/10/2020,ECP,FL,ASO,ES,Federal Contract Tower,56,9,40,24,129,0,0,40,2,42,56,9,80,26,171,56,20,76,247
08/11/2020,ECP,FL,ASO,ES,Federal Contract Tower,47,14,33,17,111,0,0,26,2,28,47,14,59,19,139,6,20,26,165
08/12/2020,ECP,FL,ASO,ES,Federal Contract Tower,48,19,45,28,140,0,0,35,3,38,48,19,80,31,178,40,26,66,244
08/13/2020,ECP,FL,ASO,ES,Federal Contract Tower,51,19,56,28,154,0,0,45,0,45,51,19,101,28,199,18,30,48,247
08/14/2020,ECP,FL,ASO,ES,Federal Contract Tower,52,21,52,2,127,0,0,24,0,24,52,21,76,2,151,82,18,100,251
08/15/2020,ECP,FL,ASO,ES,Federal Contract Tower,58,14,45,0,117,0,0,45,0,45,58,14,90,0,162,82,0,82,244
08/16/2020,ECP,FL,ASO,ES,Federal Contract Tower,51,26,60,0,137,0,0,75,0,75,51,26,135,0,212,104,0,104,316
08/17/2020,ECP,FL,ASO,ES,Federal Contract Tower,48,27,61,3,139,0,2,36,0,38,48,29,97,3,177,18,61,79,256
08/18/2020,ECP,FL,ASO,ES,Federal Contract Tower,47,6,41,24,118,0,0,30,7,37,47,6,71,31,155,6,44,50,205
08/19/2020,ECP,FL,ASO,ES,Federal Contract Tower,45,18,40,12,115,0,0,30,2,32,45,18,70,14,147,18,24,42,189
08/20/2020,ECP,FL,ASO,ES,Federal Contract Tower,49,14,60,29,152,0,0,6,1,7,49,14,66,30,159,8,32,40,199
08/21/2020,ECP,FL,ASO,ES,Federal Contract Tower,51,18,42,0,111,0,2,20,0,22,51,20,62,0,133,24,4,28,161
08/22/2020,ECP,FL,ASO,ES,Federal Contract Tower,57,10,38,0,105,0,2,15,0,17,57,12,53,0,122,22,0,22,144
08/23/2020,ECP,FL,ASO,ES,Federal Contract Tower,50,21,45,0,116,0,0,10,0,10,50,21,55,0,126,6,0,6,132
08/24/2020,ECP,FL,ASO,ES,Federal Contract Tower,53,10,11,0,74,0,0,0,0,0,53,10,11,0,74,0,0,0,74
08/25/2020,ECP,FL,ASO,ES,Federal Contract Tower,46,7,27,46,126,0,1,12,0,13,46,8,39,46,139,26,2,28,167
08/26/2020,ECP,FL,ASO,ES,Federal Contract Tower,36,10,43,20,109,0,0,17,0,17,36,10,60,20,126,56,8,64,190
08/27/2020,ECP,FL,ASO,ES,Federal Contract Tower,42,16,49,16,123,0,4,34,0,38,42,20,83,16,161,94,48,142,303
08/28/2020,ECP,FL,ASO,ES,Federal Contract Tower,51,11,39,9,110,0,0,51,2,53,51,11,90,11,163,48,6,54,217
08/29/2020,ECP,FL,ASO,ES,Federal Contract Tower,56,11,18,0,85,0,0,5,0,5,56,11,23,0,90,4,0,4,94
08/30/2020,ECP,FL,ASO,ES,Federal Contract Tower,50,16,30,0,96,0,0,12,0,12,50,16,42,0,108,14,12,26,134
08/31/2020,ECP,FL,ASO,ES,Federal Contract Tower,52,20,34,8,114,0,0,38,3,41,52,20,72,11,155,24,34,58,213
09/01/2020,ECP,FL,ASO,ES,Federal Contract Tower,44,14,26,9,93,0,0,36,2,38,44,14,62,11,131,34,34,68,199
09/02/2020,ECP,FL,ASO,ES,Federal Contract Tower,43,13,69,40,165,0,2,49,0,51,43,15,118,40,216,22,46,68,284
09/03/2020,ECP,FL,ASO,ES,Federal Contract Tower,55,30,91,30,206,0,0,74,6,80,55,30,165,36,286,68,30,98,384
09/04/2020,ECP,FL,ASO,ES,Federal Contract Tower,52,38,112,0,202,0,2,65,0,67,52,40,177,0,269,80,0,80,349
09/05/2020,ECP,FL,ASO,ES,Federal Contract Tower,51,13,33,0,97,0,0,63,0,63,51,13,96,0,160,56,0,56,216
09/06/2020,ECP,FL,ASO,ES,Federal Contract Tower,44,7,38,0,89,0,0,42,0,42,44,7,80,0,131,75,0,75,206
09/07/2020,ECP,FL,ASO,ES,Federal Contract Tower,52,38,139,0,229,0,0,63,0,63,52,38,202,0,292,54,0,54,346
09/08/2020,ECP,FL,ASO,ES,Federal Contract Tower,39,23,52,14,128,0,2,45,0,47,39,25,97,14,175,34,30,64,239
09/09/2020,ECP,FL,ASO,ES,Federal Contract Tower,37,18,50,26,131,0,0,49,2,51,37,18,99,28,182,74,52,126,308
09/10/2020,ECP,FL,ASO,ES,Federal Contract Tower,38,15,44,43,140,0,0,9,1,10,38,15,53,44,150,14,0,14,164
09/11/2020,ECP,FL,ASO,ES,Federal Contract Tower,43,25,55,30,153,0,2,23,0,25,43,27,78,30,178,14,0,14,192
09/12/2020,ECP,FL,ASO,ES,Federal Contract Tower,41,17,39,13,110,0,0,21,0,21,41,17,60,13,131,38,0,38,169
09/13/2020,ECP,FL,ASO,ES,Federal Contract Tower,42,18,70,0,130,0,2,11,0,13,42,20,81,0,143,8,0,8,151
09/14/2020,ECP,FL,ASO,ES,Federal Contract Tower,37,9,16,0,62,3,0,0,0,3,40,9,16,0,65,0,0,0,65
09/15/2020,ECP,FL,ASO,ES,Federal Contract Tower,18,4,1,0,23,0,0,0,0,0,18,4,1,0,23,0,0,0,23
09/16/2020,ECP,FL,ASO,ES,Federal Contract Tower,5,0,6,0,11,0,0,0,0,0,5,0,6,0,11,0,0,0,11
09/17/2020,ECP,FL,ASO,ES,Federal Contract Tower,38,29,49,10,126,0,0,28,0,28,38,29,77,10,154,14,0,14,168
09/18/2020,ECP,FL,ASO,ES,Federal Contract Tower,41,29,46,4,120,0,7,38,3,48,41,36,84,7,168,48,14,62,230
09/19/2020,ECP,FL,ASO,ES,Federal Contract Tower,38,12,46,0,96,0,2,14,0,16,38,14,60,0,112,28,0,28,140
09/20/2020,ECP,FL,ASO,ES,Federal Contract Tower,41,21,81,0,143,0,0,14,0,14,41,21,95,0,157,24,0,24,181
09/21/2020,ECP,FL,ASO,ES,Federal Contract Tower,37,10,52,8,107,0,0,22,2,24,37,10,74,10,131,16,18,34,165
09/22/2020,ECP,FL,ASO,ES,Federal Contract Tower,36,24,44,11,115,0,0,60,1,61,36,24,104,12,176,22,42,64,240
09/23/2020,ECP,FL,ASO,ES,Federal Contract Tower,41,18,50,31,140,0,0,61,1,62,41,18,111,32,202,36,6,42,244
09/24/2020,ECP,FL,ASO,ES,Federal Contract Tower,40,25,65,2,132,0,0,15,1,16,40,25,80,3,148,10,0,10,158
09/25/2020,ECP,FL,ASO,ES,Federal Contract Tower,44,23,58,16,141,0,0,55,10,65,44,23,113,26,206,40,72,112,318
09/26/2020,ECP,FL,ASO,ES,Federal Contract Tower,41,19,40,0,100,0,2,64,0,66,41,21,104,0,166,84,18,102,268
09/27/2020,ECP,FL,ASO,ES,Federal Contract Tower,38,19,64,0,121,0,0,0,0,0,38,19,64,0,121,0,0,0,121
09/29/2020,ECP,FL,ASO,ES,Federal Contract Tower,35,22,35,9,101,0,0,18,0,18,35,22,53,9,119,12,0,12,131
09/30/2020,ECP,FL,ASO,ES,Federal Contract Tower,38,19,37,9,103,0,0,60,1,61,38,19,97,10,164,26,16,42,206
10/01/2020,ECP,FL,ASO,ES,Federal Contract Tower,40,21,75,4,140,0,0,84,0,84,40,21,159,4,224,122,0,122,346
10/02/2020,ECP,FL,ASO,ES,Federal Contract Tower,40,26,54,9,129,0,4,60,11,75,40,30,114,20,204,114,4,118,322
10/03/2020,ECP,FL,ASO,ES,Federal Contract Tower,42,14,49,0,105,0,4,54,0,58,42,18,103,0,163,24,0,24,187
10/05/2020,ECP,FL,ASO,ES,Federal Contract Tower,39,17,62,16,134,0,0,48,2,50,39,17,110,18,184,30,28,58,242
10/06/2020,ECP,FL,ASO,ES,Federal Contract Tower,33,14,53,8,108,0,0,19,0,19,33,14,72,8,127,18,0,18,145
10/07/2020,ECP,FL,ASO,ES,Federal Contract Tower,36,17,64,16,133,0,0,35,4,39,36,17,99,20,172,18,10,28,200
10/08/2020,ECP,FL,ASO,ES,Federal Contract Tower,39,23,57,13,132,0,0,21,0,21,39,23,78,13,153,22,0,22,175
10/09/2020,ECP,FL,ASO,ES,Federal Contract Tower,45,26,46,2,119,0,0,30,0,30,45,26,76,2,149,24,0,24,173
10/10/2020,ECP,FL,ASO,ES,Federal Contract Tower,50,14,37,0,101,0,0,7,4,11,50,14,44,4,112,4,0,4,116
10/11/2020,ECP,FL,ASO,ES,Federal Contract Tower,48,14,71,0,133,0,0,21,0,21,48,14,92,0,154,14,0,14,168
10/12/2020,ECP,FL,ASO,ES,Federal Contract Tower,44,23,69,2,138,0,0,40,0,40,44,23,109,2,178,20,0,20,198
10/13/2020,ECP,FL,ASO,ES,Federal Contract Tower,39,32,55,2,128,0,0,40,0,40,39,32,95,2,168,26,6,32,200
10/14/2020,ECP,FL,ASO,ES,Federal Contract Tower,39,32,60,7,138,0,4,65,1,70,39,36,125,8,208,66,30,96,304
10/15/2020,ECP,FL,ASO,ES,Federal Contract Tower,40,26,97,8,171,0,2,59,0,61,40,28,156,8,232,40,28,68,300
10/16/2020,ECP,FL,ASO,ES,Federal Contract Tower,45,19,94,24,182,0,0,39,0,39,45,19,133,24,221,12,10,22,243
10/17/2020,ECP,FL,ASO,ES,Federal Contract Tower,49,21,37,13,120,0,4,50,1,55,49,25,87,14,175,44,18,62,237
10/18/2020,ECP,FL,ASO,ES,Federal Contract Tower,45,40,87,0,172,0,0,57,0,57,45,40,144,0,229,24,0,24,253
10/19/2020,ECP,FL,ASO,ES,Federal Contract Tower,39,23,66,24,152,0,2,38,0,40,39,25,104,24,192,42,0,42,234
10/20/2020,ECP,FL,ASO,ES,Federal Contract Tower,34,17,41,22,114,0,0,46,4,50,34,17,87,26,164,26,28,54,218
10/21/2020,ECP,FL,ASO,ES,Federal Contract Tower,35,34,65,6,140,0,1,23,0,24,35,35,88,6,164,20,0,20,184
10/22/2020,ECP,FL,ASO,ES,Federal Contract Tower,41,23,105,12,181,0,0,34,2,36,41,23,139,14,217,16,14,30,247
10/23/2020,ECP,FL,ASO,ES,Federal Contract Tower,37,29,65,16,147,0,0,19,3,22,37,29,84,19,169,18,34,52,221
10/24/2020,ECP,FL,ASO,ES,Federal Contract Tower,43,20,55,0,118,0,2,5,0,7,43,22,60,0,125,14,0,14,139
10/25/2020,ECP,FL,ASO,ES,Federal Contract Tower,38,48,97,0,183,0,2,28,0,30,38,50,125,0,213,36,0,36,249
10/26/2020,ECP,FL,ASO,ES,Federal Contract Tower,36,19,65,10,130,0,2,54,1,57,36,21,119,11,187,64,24,88,275
10/27/2020,ECP,FL,ASO,ES,Federal Contract Tower,35,16,74,5,130,0,0,0,0,0,35,16,74,5,130,0,0,0,130
10/28/2020,ECP,FL,ASO,ES,Federal Contract Tower,32,23,39,4,98,0,0,11,0,11,32,23,50,4,109,4,0,4,113
10/29/2020,ECP,FL,ASO,ES,Federal Contract Tower,27,14,44,5,90,0,0,7,0,7,27,14,51,5,97,0,0,0,97
10/30/2020,ECP,FL,ASO,ES,Federal Contract Tower,32,19,83,6,140,0,0,53,0,53,32,19,136,6,193,44,14,58,251
10/31/2020,ECP,FL,ASO,ES,Federal Contract Tower,28,10,38,0,76,0,6,54,0,60,28,16,92,0,136,60,0,60,196
11/01/2020,ECP,FL,ASO,ES,Federal Contract Tower,32,20,84,0,136,0,9,30,0,39,32,29,114,0,175,40,0,40,215
11/02/2020,ECP,FL,ASO,ES,Federal Contract Tower,35,11,40,1,87,0,0,55,2,57,35,11,95,3,144,74,14,88,232
11/03/2020,ECP,FL,ASO,ES,Federal Contract Tower,27,15,39,14,95,0,0,58,0,58,27,15,97,14,153,68,32,100,253
11/04/2020,ECP,FL,ASO,ES,Federal Contract Tower,29,17,47,17,110,0,0,55,0,55,29,17,102,17,165,36,40,76,241
11/06/2020,ECP,FL,ASO,ES,Federal Contract Tower,36,23,65,15,139,0,2,35,0,37,36,25,100,15,176,34,10,44,220
11/07/2020,ECP,FL,ASO,ES,Federal Contract Tower,31,16,42,1,90,0,0,12,7,19,31,16,54,8,109,28,18,46,155
11/08/2020,ECP,FL,ASO,ES,Federal Contract Tower,41,16,72,0,129,0,0,21,0,21,41,16,93,0,150,0,0,0,150
11/09/2020,ECP,FL,ASO,ES,Federal Contract Tower,45,5,68,8,126,0,2,14,2,18,45,7,82,10,144,0,0,0,144
11/10/2020,ECP,FL,ASO,ES,Federal Contract Tower,27,11,43,22,103,0,0,22,0,22,27,11,65,22,125,6,0,6,131
11/11/2020,ECP,FL,ASO,ES,Federal Contract Tower,28,16,31,0,75,0,0,9,0,9,28,16,40,0,84,18,0,18,102
11/12/2020,ECP,FL,ASO,ES,Federal Contract Tower,41,21,45,7,114,0,0,16,2,18,41,21,61,9,132,26,14,40,172
11/13/2020,ECP,FL,ASO,ES,Federal Contract Tower,41,14,41,12,108,0,7,55,3,65,41,21,96,15,173,34,112,146,319
11/14/2020,ECP,FL,ASO,ES,Federal Contract Tower,37,23,29,4,93,0,1,49,0,50,37,24,78,4,143,20,0,20,163
11/15/2020,ECP,FL,ASO,ES,Federal Contract Tower,41,22,46,0,109,0,0,35,0,35,41,22,81,0,144,54,0,54,198
11/16/2020,ECP,FL,ASO,ES,Federal Contract Tower,43,10,55,14,122,0,2,43,0,45,43,12,98,14,167,34,24,58,225
11/17/2020,ECP,FL,ASO,ES,Federal Contract Tower,28,16,34,10,88,0,2,28,0,30,28,18,62,10,118,44,10,54,172
11/18/2020,ECP,FL,ASO,ES,Federal Contract Tower,30,23,52,30,135,0,0,40,2,42,30,23,92,32,177,22,0,22,199
11/19/2020,ECP,FL,ASO,ES,Federal Contract Tower,40,20,46,14,120,0,0,43,5,48,40,20,89,19,168,76,22,98,266
11/20/2020,ECP,FL,ASO,ES,Federal Contract Tower,41,29,94,9,173,0,0,54,6,60,41,29,148,15,233,48,38,86,319
11/21/2020,ECP,FL,ASO,ES,Federal Contract Tower,49,34,83,0,166,0,0,54,0,54,49,34,137,0,220,24,0,24,244
11/22/2020,ECP,FL,ASO,ES,Federal Contract Tower,44,30,74,0,148,0,0,48,0,48,44,30,122,0,196,12,0,12,208
11/23/2020,ECP,FL,ASO,ES,Federal Contract Tower,41,31,79,18,169,0,0,56,0,56,41,31,135,18,225,36,14,50,275
11/24/2020,ECP,FL,ASO,ES,Federal Contract Tower,49,20,72,15,156,0,2,42,0,44,49,22,114,15,200,28,0,28,228
11/25/2020,ECP,FL,ASO,ES,Federal Contract Tower,47,25,77,10,159,0,4,49,0,53,47,29,126,10,212,14,8,22,234
11/26/2020,ECP,FL,ASO,ES,Federal Contract Tower,22,6,10,0,38,0,0,3,0,3,22,6,13,0,41,0,0,0,41
11/27/2020,ECP,FL,ASO,ES,Federal Contract Tower,38,20,48,0,106,0,0,23,0,23,38,20,71,0,129,30,0,30,159
11/28/2020,ECP,FL,ASO,ES,Federal Contract Tower,49,43,91,0,183,0,0,16,0,16,49,43,107,0,199,4,0,4,203
11/29/2020,ECP,FL,ASO,ES,Federal Contract Tower,53,50,68,0,171,0,0,0,0,0,53,50,68,0,171,0,0,0,171
11/30/2020,ECP,FL,ASO,ES,Federal Contract Tower,48,20,57,24,149,0,0,31,2,33,48,20,88,26,182,14,50,64,246
12/01/2020,ECP,FL,ASO,ES,Federal Contract Tower,40,18,39,36,133,0,2,54,4,60,40,20,93,40,193,20,74,94,287
12/02/2020,ECP,FL,ASO,ES,Federal Contract Tower,33,18,42,7,100,0,2,47,3,52,33,20,89,10,152,100,10,110,262
12/03/2020,ECP,FL,ASO,ES,Federal Contract Tower,33,23,41,6,103,0,0,46,0,46,33,23,87,6,149,16,14,30,179
12/04/2020,ECP,FL,ASO,ES,Federal Contract Tower,32,9,30,8,79,0,0,14,0,14,32,9,44,8,93,8,8,16,109
12/05/2020,ECP,FL,ASO,ES,Federal Contract Tower,27,8,29,7,71,0,2,54,2,58,27,10,83,9,129,66,2,68,197
12/08/2020,ECP,FL,ASO,ES,Federal Contract Tower,29,15,35,14,93,0,2,46,4,52,29,17,81,18,145,28,76,104,249
12/09/2020,ECP,FL,ASO,ES,Federal Contract Tower,29,12,37,11,89,0,0,49,1,50,29,12,86,12,139,26,10,36,175
12/10/2020,ECP,FL,ASO,ES,Federal Contract Tower,32,16,39,0,87,0,0,40,2,42,32,16,79,2,129,46,4,50,179
12/11/2020,ECP,FL,ASO,ES,Federal Contract Tower,33,23,51,0,107,0,2,41,1,44,33,25,92,1,151,66,12,78,229
12/12/2020,ECP,FL,ASO,ES,Federal Contract Tower,27,5,36,6,74,0,2,41,0,43,27,7,77,6,117,6,0,6,123
12/13/2020,ECP,FL,ASO,ES,Federal Contract Tower,34,9,47,0,90,0,0,20,0,20,34,9,67,0,110,18,0,18,128
12/14/2020,ECP,FL,ASO,ES,Federal Contract Tower,32,18,31,10,91,0,0,24,4,28,32,18,55,14,119,28,48,76,195
12/15/2020,ECP,FL,ASO,ES,Federal Contract Tower,29,8,38,21,96,0,0,42,0,42,29,8,80,21,138,58,30,88,226
12/16/2020,ECP,FL,ASO,ES,Federal Contract Tower,29,9,31,6,75,0,0,0,0,0,29,9,31,6,75,0,0,0,75
12/17/2020,ECP,FL,ASO,ES,Federal Contract Tower,37,15,59,3,114,0,0,51,1,52,37,15,110,4,166,0,10,10,176
12/18/2020,ECP,FL,ASO,ES,Federal Contract Tower,37,26,58,7,128,0,0,42,1,43,37,26,100,8,171,58,0,58,229
12/19/2020,ECP,FL,ASO,ES,Federal Contract Tower,43,8,31,0,82,0,0,35,2,37,43,8,66,2,119,28,14,42,161
12/20/2020,ECP,FL,ASO,ES,Federal Contract Tower,35,19,18,0,72,0,0,0,0,0,35,19,18,0,72,0,0,0,72
12/21/2020,ECP,FL,ASO,ES,Federal Contract Tower,37,22,54,14,127,0,1,28,0,29,37,23,82,14,156,70,0,70,226
12/22/2020,ECP,FL,ASO,ES,Federal Contract Tower,35,12,25,10,82,0,0,62,0,62,35,12,87,10,144,100,20,120,264
12/23/2020,ECP,FL,ASO,ES,Federal Contract Tower,39,18,59,0,116,0,4,19,2,25,39,22,78,2,141,4,4,8,149
12/24/2020,ECP,FL,ASO,ES,Federal Contract Tower,27,8,7,0,42,0,0,3,0,3,27,8,10,0,45,0,0,0,45
12/25/2020,ECP,FL,ASO,ES,Federal Contract Tower,25,7,8,0,40,0,0,8,0,8,25,7,16,0,48,0,0,0,48
12/26/2020,ECP,FL,ASO,ES,Federal Contract Tower,39,33,91,0,163,0,0,47,0,47,39,33,138,0,210,20,0,20,230
12/27/2020,ECP,FL,ASO,ES,Federal Contract Tower,42,30,73,0,145,0,2,53,0,55,42,32,126,0,200,12,0,12,212
12/28/2020,ECP,FL,ASO,ES,Federal Contract Tower,37,27,39,2,105,0,2,36,0,38,37,29,75,2,143,22,0,22,165
12/29/2020,ECP,FL,ASO,ES,Federal Contract Tower,34,32,53,6,125,0,2,68,0,70,34,34,121,6,195,68,10,78,273
12/30/2020,ECP,FL,ASO,ES,Federal Contract Tower,35,30,74,0,139,0,4,56,0,60,35,34,130,0,199,10,0,10,209
12/31/2020,ECP,FL,ASO,ES,Federal Contract Tower,33,23,43,2,101,0,0,0,0,0,33,23,43,2,101,0,0,0,101
01/01/2021,ECP,FL,ASO,ES,Federal Contract Tower,31,15,27,0,73,0,0,0,0,0,31,15,27,0,73,0,0,0,73
01/02/2021,ECP,FL,ASO,ES,Federal Contract Tower,42,34,46,0,122,0,0,2,0,2,42,34,48,0,124,12,0,12,136
01/03/2021,ECP,FL,ASO,ES,Federal Contract Tower,58,43,89,1,191,0,2,51,0,53,58,45,140,1,244,58,0,58,302
01/04/2021,ECP,FL,ASO,ES,Federal Contract Tower,33,15,43,10,101,0,0,46,0,46,33,15,89,10,147,24,10,34,181
01/05/2021,ECP,FL,ASO,ES,Federal Contract Tower,31,21,30,8,90,0,0,50,2,52,31,21,80,10,142,48,30,78,220
01/06/2021,ECP,FL,ASO,ES,Federal Contract Tower,33,22,41,16,112,0,2,35,0,37,33,24,76,16,149,34,0,34,183
01/07/2021,ECP,FL,ASO,ES,Federal Contract Tower,31,19,20,0,70,0,0,0,4,4,31,19,20,4,74,0,32,32,106
01/08/2021,ECP,FL,ASO,ES,Federal Contract Tower,34,16,36,4,90,0,0,11,0,11,34,16,47,4,101,10,12,22,123
01/09/2021,ECP,FL,ASO,ES,Federal Contract Tower,28,16,39,0,83,0,2,31,0,33,28,18,70,0,116,84,0,84,200
01/10/2021,ECP,FL,ASO,ES,Federal Contract Tower,32,10,39,0,81,0,0,13,0,13,32,10,52,0,94,44,8,52,146
01/11/2021,ECP,FL,ASO,ES,Federal Contract Tower,34,21,11,0,66,0,0,0,0,0,34,21,11,0,66,0,0,0,66
01/12/2021,ECP,FL,ASO,ES,Federal Contract Tower,30,19,59,0,108,0,0,23,0,23,30,19,82,0,131,70,0,70,201
01/13/2021,ECP,FL,ASO,ES,Federal Contract Tower,30,16,42,22,110,0,2,21,1,24,30,18,63,23,134,22,60,82,216
01/14/2021,ECP,FL,ASO,ES,Federal Contract Tower,32,26,49,21,128,0,0,47,0,47,32,26,96,21,175,28,6,34,209
01/15/2021,ECP,FL,ASO,ES,Federal Contract Tower,33,22,51,17,123,0,0,31,2,33,33,22,82,19,156,12,14,26,182
01/16/2021,ECP,FL,ASO,ES,Federal Contract Tower,30,9,30,0,69,0,2,21,0,23,30,11,51,0,92,20,0,20,112
01/17/2021,ECP,FL,ASO,ES,Federal Contract Tower,32,11,33,2,78,0,4,42,0,46,32,15,75,2,124,56,0,56,180
01/18/2021,ECP,FL,ASO,ES,Federal Contract Tower,34,13,53,1,101,0,0,69,0,69,34,13,122,1,170,20,0,20,190
01/19/2021,ECP,FL,ASO,ES,Federal Contract Tower,28,17,30,14,89,0,0,60,0,60,28,17,90,14,149,36,22,58,207
01/20/2021,ECP,FL,ASO,ES,Federal Contract Tower,29,22,34,15,100,0,6,34,1,41,29,28,68,16,141,16,44,60,201
01/21/2021,ECP,FL,ASO,ES,Federal Contract Tower,32,21,36,34,123,0,0,24,2,26,32,21,60,36,149,18,36,54,203
01/22/2021,ECP,FL,ASO,ES,Federal Contract Tower,33,18,30,9,90,0,0,0,0,0,33,18,30,9,90,0,0,0,90
01/23/2021,ECP,FL,ASO,ES,Federal Contract Tower,29,13,44,2,88,0,0,27,0,27,29,13,71,2,115,38,0,38,153
01/24/2021,ECP,FL,ASO,ES,Federal Contract Tower,37,9,55,12,113,0,2,13,0,15,37,11,68,12,128,34,12,46,174
01/25/2021,ECP,FL,ASO,ES,Federal Contract Tower,33,25,21,10,89,0,0,0,0,0,33,25,21,10,89,0,0,0,89
01/26/2021,ECP,FL,ASO,ES,Federal Contract Tower,28,11,27,0,66,0,0,0,0,0,28,11,27,0,66,0,0,0,66
01/27/2021,ECP,FL,ASO,ES,Federal Contract Tower,30,15,35,12,92,0,0,14,2,16,30,15,49,14,108,28,12,40,148
01/28/2021,ECP,FL,ASO,ES,Federal Contract Tower,29,14,57,8,108,0,4,33,0,37,29,18,90,8,145,42,0,42,187
01/29/2021,ECP,FL,ASO,ES,Federal Contract Tower,30,18,44,15,107,0,0,61,2,63,30,18,105,17,170,18,30,48,218
01/30/2021,ECP,FL,ASO,ES,Federal Contract Tower,29,13,34,0,76,0,2,42,0,44,29,15,76,0,120,10,6,16,136
01/31/2021,ECP,FL,ASO,ES,Federal Contract Tower,33,14,38,0,85,0,0,0,0,0,33,14,38,0,85,0,0,0,85
02/01/2021,ECP,FL,ASO,ES,Federal Contract Tower,32,15,30,0,77,0,0,2,0,2,32,15,32,0,79,0,12,12,91
02/02/2021,ECP,FL,ASO,ES,Federal Contract Tower,31,14,37,20,102,0,0,35,2,37,31,14,72,22,139,32,14,46,185
02/03/2021,ECP,FL,ASO,ES,Federal Contract Tower,30,20,38,16,104,0,0,49,5,54,30,20,87,21,158,28,24,52,210
02/04/2021,ECP,FL,ASO,ES,Federal Contract Tower,31,26,47,31,135,0,2,62,8,72,31,28,109,39,207,0,26,26,233
02/05/2021,ECP,FL,ASO,ES,Federal Contract Tower,33,11,41,2,87,0,0,5,0,5,33,11,46,2,92,10,0,10,102
02/06/2021,ECP,FL,ASO,ES,Federal Contract Tower,31,12,31,8,82,0,0,0,0,0,31,12,31,8,82,0,0,0,82
02/07/2021,ECP,FL,ASO,ES,Federal Contract Tower,35,15,44,0,94,0,2,22,0,24,35,17,66,0,118,28,0,28,146
02/08/2021,ECP,FL,ASO,ES,Federal Contract Tower,33,20,53,4,110,0,2,54,0,56,33,22,107,4,166,38,18,56,222
02/09/2021,ECP,FL,ASO,ES,Federal Contract Tower,30,18,28,2,78,0,0,0,0,0,30,18,28,2,78,0,0,0,78
02/10/2021,ECP,FL,ASO,ES,Federal Contract Tower,31,20,44,2,97,0,0,3,0,3,31,20,47,2,100,0,0,0,100
02/11/2021,ECP,FL,ASO,ES,Federal Contract Tower,32,29,44,9,114,0,0,0,0,0,32,29,44,9,114,6,0,6,120
02/12/2021,ECP,FL,ASO,ES,Federal Contract Tower,33,13,56,1,103,0,0,0,0,0,33,13,56,1,103,0,0,0,103
02/13/2021,ECP,FL,ASO,ES,Federal Contract Tower,34,14,19,0,67,0,0,0,0,0,34,14,19,0,67,0,0,0,67
02/14/2021,ECP,FL,ASO,ES,Federal Contract Tower,32,10,34,1,77,0,0,0,0,0,32,10,34,1,77,0,0,0,77
02/15/2021,ECP,FL,ASO,ES,Federal Contract Tower,20,13,29,0,62,0,0,0,0,0,20,13,29,0,62,0,0,0,62
02/16/2021,ECP,FL,ASO,ES,Federal Contract Tower,20,32,51,8,111,0,2,48,0,50,20,34,99,8,161,62,4,66,227
02/17/2021,ECP,FL,ASO,ES,Federal Contract Tower,22,16,34,6,78,0,0,43,0,43,22,16,77,6,121,92,12,104,225
02/18/2021,ECP,FL,ASO,ES,Federal Contract Tower,23,19,25,2,69,0,0,0,0,0,23,19,25,2,69,0,0,0,69
02/19/2021,ECP,FL,ASO,ES,Federal Contract Tower,29,28,87,5,149,0,6,20,0,26,29,34,107,5,175,26,36,62,237
02/20/2021,ECP,FL,ASO,ES,Federal Contract Tower,33,19,44,8,104,0,2,73,0,75,33,21,117,8,179,56,4,60,239
02/21/2021,ECP,FL,ASO,ES,Federal Contract Tower,35,24,75,0,134,0,10,68,0,78,35,34,143,0,212,30,10,40,252
02/22/2021,ECP,FL,ASO,ES,Federal Contract Tower,32,22,55,10,119,0,3,49,7,59,32,25,104,17,178,8,44,52,230
02/23/2021,ECP,FL,ASO,ES,Federal Contract Tower,32,14,30,5,81,0,1,49,2,52,32,15,79,7,133,32,56,88,221
02/24/2021,ECP,FL,ASO,ES,Federal Contract Tower,30,16,56,12,114,0,0,75,10,85,30,16,131,22,199,22,46,68,267
02/25/2021,ECP,FL,ASO,ES,Federal Contract Tower,31,27,73,20,151,0,0,59,6,65,31,27,132,26,216,46,26,72,288
02/26/2021,ECP,FL,ASO,ES,Federal Contract Tower,32,36,64,18,150,0,0,37,2,39,32,36,101,20,189,48,20,68,257
02/27/2021,ECP,FL,ASO,ES,Federal Contract Tower,40,11,43,0,94,0,2,29,0,31,40,13,72,0,125,14,0,14,139
02/28/2021,ECP,FL,ASO,ES,Federal Contract Tower,38,23,65,0,126,0,9,54,6,69,38,32,119,6,195,12,0,12,207
03/01/2021,ECP,FL,ASO,ES,Federal Contract Tower,32,29,52,2,115,0,0,2,0,2,32,29,54,2,117,0,0,0,117
03/02/2021,ECP,FL,ASO,ES,Federal Contract Tower,33,20,25,6,84,0,0,0,0,0,33,20,25,6,84,0,0,0,84
03/03/2021,ECP,FL,ASO,ES,Federal Contract Tower,31,31,48,10,120,0,0,28,2,30,31,31,76,12,150,56,4,60,210
03/04/2021,ECP,FL,ASO,ES,Federal Contract Tower,42,17,71,20,150,0,2,61,3,66,42,19,132,23,216,58,20,78,294
03/05/2021,ECP,FL,ASO,ES,Federal Contract Tower,43,25,51,29,148,0,0,51,4,55,43,25,102,33,203,24,28,52,255
03/06/2021,ECP,FL,ASO,ES,Federal Contract Tower,52,13,67,0,132,0,2,27,0,29,52,15,94,0,161,14,0,14,175
03/07/2021,ECP,FL,ASO,ES,Federal Contract Tower,51,34,61,8,154,0,6,52,2,60,51,40,113,10,214,40,8,48,262
03/08/2021,ECP,FL,ASO,ES,Federal Contract Tower,49,19,58,28,154,0,2,48,2,52,49,21,106,30,206,40,20,60,266
03/09/2021,ECP,FL,ASO,ES,Federal Contract Tower,38,14,59,24,135,0,2,52,0,54,38,16,111,24,189,46,30,76,265
03/10/2021,ECP,FL,ASO,ES,Federal Contract Tower,39,19,72,21,151,0,4,49,2,55,39,23,121,23,206,12,8,20,226
03/11/2021,ECP,FL,ASO,ES,Federal Contract Tower,59,32,85,23,199,0,4,52,4,60,59,36,137,27,259,20,26,46,305
03/12/2021,ECP,FL,ASO,ES,Federal Contract Tower,59,39,99,8,205,0,4,61,0,65,59,43,160,8,270,36,0,36,306
03/13/2021,ECP,FL,ASO,ES,Federal Contract Tower,88,69,120,2,279,0,6,57,0,63,88,75,177,2,342,28,0,28,370
03/14/2021,ECP,FL,ASO,ES,Federal Contract Tower,64,33,99,2,198,0,9,66,0,75,64,42,165,2,273,42,18,60,333
03/15/2021,ECP,FL,ASO,ES,Federal Contract Tower,59,25,66,22,172,0,5,28,10,43,59,30,94,32,215,4,0,4,219
03/16/2021,ECP,FL,ASO,ES,Federal Contract Tower,51,35,45,5,136,0,4,20,2,26,51,39,65,7,162,4,10,14,176
03/17/2021,ECP,FL,ASO,ES,Federal Contract Tower,50,23,42,58,173,0,7,12,0,19,50,30,54,58,192,10,56,66,258
03/18/2021,ECP,FL,ASO,ES,Federal Contract Tower,58,34,69,9,170,0,4,20,2,26,58,38,89,11,196,8,0,8,204
03/19/2021,ECP,FL,ASO,ES,Federal Contract Tower,65,48,101,14,228,0,10,47,8,65,65,58,148,22,293,34,4,38,331
03/20/2021,ECP,FL,ASO,ES,Federal Contract Tower,82,64,119,0,265,0,12,41,0,53,82,76,160,0,318,20,0,20,338
03/21/2021,ECP,FL,ASO,ES,Federal Contract Tower,66,39,107,6,218,0,6,47,2,55,66,45,154,8,273,18,2,20,293
03/22/2021,ECP,FL,ASO,ES,Federal Contract Tower,62,17,44,10,133,0,8,58,0,66,62,25,102,10,199,36,46,82,281
03/23/2021,ECP,FL,ASO,ES,Federal Contract Tower,53,8,44,13,118,0,0,38,0,38,53,8,82,13,156,28,32,60,216
03/24/2021,ECP,FL,ASO,ES,Federal Contract Tower,49,15,56,3,123,0,6,3,0,9,49,21,59,3,132,0,0,0,132
03/25/2021,ECP,FL,ASO,ES,Federal Contract Tower,64,30,55,16,165,0,0,22,6,28,64,30,77,22,193,8,0,8,201
03/26/2021,ECP,FL,ASO,ES,Federal Contract Tower,63,34,74,7,178,0,3,10,1,14,63,37,84,8,192,8,6,14,206
03/27/2021,ECP,FL,ASO,ES,Federal Contract Tower,80,50,90,2,222,0,2,38,0,40,80,52,128,2,262,33,0,33,295
03/28/2021,ECP,FL,ASO,ES,Federal Contract Tower,64,26,72,0,162,0,1,17,0,18,64,27,89,0,180,26,0,26,206
03/29/2021,ECP,FL,ASO,ES,Federal Contract Tower,55,24,38,2,119,0,9,52,0,61,55,33,90,2,180,64,0,64,244
03/30/2021,ECP,FL,ASO,ES,Federal Contract Tower,48,23,56,22,149,0,6,30,4,40,48,29,86,26,189,16,26,42,231
03/31/2021,ECP,FL,ASO,ES,Federal Contract Tower,47,23,58,31,159,0,6,30,0,36,47,29,88,31,195,36,0,36,231
04/01/2021,ECP,FL,ASO,ES,Federal Contract Tower,63,36,110,15,224,0,0,26,6,32,63,36,136,21,256,14,26,40,296
04/02/2021,ECP,FL,ASO,ES,Federal Contract Tower,66,33,102,0,201,0,9,46,0,55,66,42,148,0,256,22,0,22,278
04/03/2021,ECP,FL,ASO,ES,Federal Contract Tower,75,30,76,0,181,0,11,77,0,88,75,41,153,0,269,66,0,66,335
04/04/2021,ECP,FL,ASO,ES,Federal Contract Tower,62,25,65,0,152,0,14,46,0,60,62,39,111,0,212,52,0,52,264
04/05/2021,ECP,FL,ASO,ES,Federal Contract Tower,61,31,106,9,207,0,10,57,2,69,61,41,163,11,276,10,18,28,304
04/06/2021,ECP,FL,ASO,ES,Federal Contract Tower,56,21,64,21,162,0,4,48,0,52,56,25,112,21,214,68,30,98,312
04/07/2021,ECP,FL,ASO,ES,Federal Contract Tower,60,13,74,23,170,0,0,43,4,47,60,13,117,27,217,66,26,92,309
04/08/2021,ECP,FL,ASO,ES,Federal Contract Tower,62,26,59,0,147,0,0,16,2,18,62,26,75,2,165,4,14,18,183
04/09/2021,ECP,FL,ASO,ES,Federal Contract Tower,60,27,58,0,145,0,0,1,0,1,60,27,59,0,146,2,0,2,148
04/10/2021,ECP,FL,ASO,ES,Federal Contract Tower,85,42,39,0,166,0,6,14,0,20,85,48,53,0,186,4,0,4,190
04/11/2021,ECP,FL,ASO,ES,Federal Contract Tower,62,34,79,0,175,0,10,33,4,47,62,44,112,4,222,30,0,30,252
04/12/2021,ECP,FL,ASO,ES,Federal Contract Tower,61,19,77,8,165,0,2,62,16,80,61,21,139,24,245,44,46,90,335
04/13/2021,ECP,FL,ASO,ES,Federal Contract Tower,52,26,55,34,167,0,0,52,3,55,52,26,107,37,222,20,40,60,282
04/14/2021,ECP,FL,ASO,ES,Federal Contract Tower,50,24,70,2,146,0,0,35,6,41,50,24,105,8,187,30,14,44,231
04/15/2021,ECP,FL,ASO,ES,Federal Contract Tower,64,31,55,0,150,0,2,4,0,6,64,33,59,0,156,8,0,8,164
04/16/2021,ECP,FL,ASO,ES,Federal Contract Tower,63,15,62,6,146,0,0,27,0,27,63,15,89,6,173,24,0,24,197
04/17/2021,ECP,FL,ASO,ES,Federal Contract Tower,84,18,53,0,155,0,0,10,0,10,84,18,63,0,165,22,0,22,187
04/18/2021,ECP,FL,ASO,ES,Federal Contract Tower,65,24,104,0,193,0,0,35,0,35,65,24,139,0,228,36,6,42,270
04/19/2021,ECP,FL,ASO,ES,Federal Contract Tower,62,13,58,16,149,0,0,60,2,62,62,13,118,18,211,32,42,74,285
04/20/2021,ECP,FL,ASO,ES,Federal Contract Tower,51,14,65,8,138,0,0,60,0,60,51,14,125,8,198,46,6,52,250
04/21/2021,ECP,FL,ASO,ES,Federal Contract Tower,48,33,84,18,183,0,10,57,4,71,48,43,141,22,254,68,24,92,346
04/22/2021,ECP,FL,ASO,ES,Federal Contract Tower,62,28,89,5,184,0,3,65,0,68,62,31,154,5,252,30,22,52,304
04/23/2021,ECP,FL,ASO,ES,Federal Contract Tower,60,27,81,6,174,0,6,55,0,61,60,33,136,6,235,28,0,28,263
04/24/2021,ECP,FL,ASO,ES,Federal Contract Tower,84,23,16,0,123,0,0,1,0,1,84,23,17,0,124,0,0,0,124
04/25/2021,ECP,FL,ASO,ES,Federal Contract Tower,61,44,100,0,205,0,13,82,0,95,61,57,182,0,300,72,4,76,376
04/26/2021,ECP,FL,ASO,ES,Federal Contract Tower,62,28,79,24,193,0,0,63,2,65,62,28,142,26,258,34,28,62,320
04/27/2021,ECP,FL,ASO,ES,Federal Contract Tower,51,27,51,11,140,0,6,40,1,47,51,33,91,12,187,40,10,50,237
04/28/2021,ECP,FL,ASO,ES,Federal Contract Tower,51,25,78,6,160,0,4,52,1,57,51,29,130,7,217,40,24,64,281
04/29/2021,ECP,FL,ASO,ES,Federal Contract Tower,62,25,75,16,178,0,8,46,2,56,62,33,121,18,234,38,4,42,276
04/30/2021,ECP,FL,ASO,ES,Federal Contract Tower,61,30,88,15,194,0,5,26,0,31,61,35,114,15,225,6,0,6,231
05/01/2021,ECP,FL,ASO,ES,Federal Contract Tower,93,22,60,0,175,0,9,54,0,63,93,31,114,0,238,16,0,16,254
05/02/2021,ECP,FL,ASO,ES,Federal Contract Tower,58,45,97,3,203,0,6,47,0,53,58,51,144,3,256,28,0,28,284
05/03/2021,ECP,FL,ASO,ES,Federal Contract Tower,59,24,71,14,168,0,2,7,1,10,59,26,78,15,178,10,4,14,192
05/04/2021,ECP,FL,ASO,ES,Federal Contract Tower,49,15,52,45,161,0,2,9,1,12,49,17,61,46,173,8,4,12,185
05/05/2021,ECP,FL,ASO,ES,Federal Contract Tower,53,21,59,0,133,0,0,9,2,11,53,21,68,2,144,10,0,10,154
05/06/2021,ECP,FL,ASO,ES,Federal Contract Tower,60,32,70,11,173,0,6,62,11,79,60,38,132,22,252,40,40,80,332
05/07/2021,ECP,FL,ASO,ES,Federal Contract Tower,62,29,89,2,182,0,6,46,0,52,62,35,135,2,234,16,32,48,282
05/08/2021,ECP,FL,ASO,ES,Federal Contract Tower,83,22,79,2,186,0,13,59,0,72,83,35,138,2,258,32,0,32,290
05/09/2021,ECP,FL,ASO,ES,Federal Contract Tower,68,25,71,2,166,0,17,67,2,86,68,42,138,4,252,56,8,64,316
05/10/2021,ECP,FL,ASO,ES,Federal Contract Tower,67,22,71,0,160,0,0,5,0,5,67,22,76,0,165,2,0,2,167
05/11/2021,ECP,FL,ASO,ES,Federal Contract Tower,52,28,56,12,148,0,0,17,0,17,52,28,73,12,165,10,0,10,175
05/12/2021,ECP,FL,ASO,ES,Federal Contract Tower,59,32,52,11,154,0,0,14,6,20,59,32,66,17,174,10,40,50,224
05/13/2021,ECP,FL,ASO,ES,Federal Contract Tower,71,37,98,6,212,0,0,19,0,19,71,37,117,6,231,8,0,8,239
05/14/2021,ECP,FL,ASO,ES,Federal Contract Tower,67,38,104,8,217,0,2,60,2,64,67,40,164,10,281,24,26,50,331
05/15/2021,ECP,FL,ASO,ES,Federal Contract Tower,91,30,48,0,169,0,16,47,0,63,91,46,95,0,232,52,0,52,284
05/16/2021,ECP,FL,ASO,ES,Federal Contract Tower,67,40,115,0,222,0,13,68,0,81,67,53,183,0,303,68,0,68,371
05/17/2021,ECP,FL,ASO,ES,Federal Contract Tower,65,22,57,4,148,0,2,58,0,60,65,24,115,4,208,16,20,36,244
05/18/2021,ECP,FL,ASO,ES,Federal Contract Tower,54,18,72,29,173,0,8,42,0,50,54,26,114,29,223,28,40,68,291
05/19/2021,ECP,FL,ASO,ES,Federal Contract Tower,60,35,62,8,165,0,8,56,0,64,60,43,118,8,229,26,16,42,271
05/20/2021,ECP,FL,ASO,ES,Federal Contract Tower,65,37,93,31,226,0,4,51,2,57,65,41,144,33,283,62,52,114,397
05/21/2021,ECP,FL,ASO,ES,Federal Contract Tower,69,28,70,8,175,0,16,57,2,75,69,44,127,10,250,28,0,28,278
05/22/2021,ECP,FL,ASO,ES,Federal Contract Tower,91,30,81,0,202,0,9,60,1,70,91,39,141,1,272,36,0,36,308
05/23/2021,ECP,FL,ASO,ES,Federal Contract Tower,67,30,78,4,179,0,5,59,1,65,67,35,137,5,244,28,16,44,288
05/24/2021,ECP,FL,ASO,ES,Federal Contract Tower,65,22,68,6,161,0,6,56,0,62,65,28,124,6,223,24,0,24,247
05/25/2021,ECP,FL,ASO,ES,Federal Contract Tower,61,24,64,20,169,0,16,70,0,86,61,40,134,20,255,36,22,58,313
05/26/2021,ECP,FL,ASO,ES,Federal Contract Tower,60,33,74,5,172,0,4,35,5,44,60,37,109,10,216,8,24,32,248
05/27/2021,ECP,FL,ASO,ES,Federal Contract Tower,73,30,126,6,235,0,16,58,0,74,73,46,184,6,309,34,6,40,349
05/28/2021,ECP,FL,ASO,ES,Federal Contract Tower,74,32,133,8,247,0,10,58,0,68,74,42,191,8,315,26,0,26,341
05/29/2021,ECP,FL,ASO,ES,Federal Contract Tower,90,49,103,0,242,0,8,60,6,74,90,57,163,6,316,64,0,64,380
05/30/2021,ECP,FL,ASO,ES,Federal Contract Tower,77,25,50,0,152,0,28,55,2,85,77,53,105,2,237,54,0,54,291
05/31/2021,ECP,FL,ASO,ES,Federal Contract Tower,73,39,111,0,223,0,22,68,4,94,73,61,179,4,317,30,4,34,351
06/01/2021,ECP,FL,ASO,ES,Federal Contract Tower,65,32,75,15,187,0,7,43,1,51,65,39,118,16,238,16,34,50,288
06/02/2021,ECP,FL,ASO,ES,Federal Contract Tower,58,20,89,70,237,0,4,55,12,71,58,24,144,82,308,36,64,100,408
06/03/2021,ECP,FL,ASO,ES,Federal Contract Tower,70,36,79,60,245,0,10,30,4,44,70,46,109,64,289,34,66,100,389
06/04/2021,ECP,FL,ASO,ES,Federal Contract Tower,74,22,109,34,239,0,8,43,6,57,74,30,152,40,296,32,56,88,384
06/05/2021,ECP,FL,ASO,ES,Federal Contract Tower,102,51,156,2,311,0,19,62,6,87,102,70,218,8,398,24,0,24,422
06/06/2021,ECP,FL,ASO,ES,Federal Contract Tower,86,36,82,2,206,0,7,21,0,28,86,43,103,2,234,12,0,12,246
06/07/2021,ECP,FL,ASO,ES,Federal Contract Tower,73,20,74,10,177,0,12,59,8,79,73,32,133,18,256,6,90,96,352
06/08/2021,ECP,FL,ASO,ES,Federal Contract Tower,71,10,72,8,161,0,4,42,4,50,71,14,114,12,211,20,34,54,265
06/09/2021,ECP,FL,ASO,ES,Federal Contract Tower,69,36,63,35,203,0,6,44,8,58,69,42,107,43,261,16,46,62,323
06/10/2021,ECP,FL,ASO,ES,Federal Contract Tower,76,16,89,21,202,0,22,75,2,99,76,38,164,23,301,36,18,54,355
06/11/2021,ECP,FL,ASO,ES,Federal Contract Tower,73,27,70,18,188,0,15,32,0,47,73,42,102,18,235,18,12,30,265
06/12/2021,ECP,FL,ASO,ES,Federal Contract Tower,91,48,122,0,261,0,2,38,0,40,91,50,160,0,301,20,0,20,321
06/13/2021,ECP,FL,ASO,ES,Federal Contract Tower,84,5,87,0,176,0,10,61,0,71,84,15,148,0,247,28,0,28,275
06/14/2021,ECP,FL,ASO,ES,Federal Contract Tower,77,15,62,2,156,0,4,64,0,68,77,19,126,2,224,64,0,64,288
06/15/2021,ECP,FL,ASO,ES,Federal Contract Tower,74,24,51,0,149,0,0,39,0,39,74,24,90,0,188,24,0,24,212
06/16/2021,ECP,FL,ASO,ES,Federal Contract Tower,70,24,60,4,158,0,6,45,2,53,70,30,105,6,211,32,4,36,247
06/17/2021,ECP,FL,ASO,ES,Federal Contract Tower,78,25,89,18,210,0,2,64,4,70,78,27,153,22,280,48,30,78,358
06/18/2021,ECP,FL,ASO,ES,Federal Contract Tower,72,26,85,0,183,0,3,27,0,30,72,29,112,0,213,22,0,22,235
06/19/2021,ECP,FL,ASO,ES,Federal Contract Tower,90,22,45,0,157,0,0,4,0,4,90,22,49,0,161,8,0,8,169
06/20/2021,ECP,FL,ASO,ES,Federal Contract Tower,84,31,59,0,174,0,0,20,0,20,84,31,79,0,194,30,0,30,224
06/21/2021,ECP,FL,ASO,ES,Federal Contract Tower,72,17,47,6,142,0,0,8,0,8,72,17,55,6,150,4,0,4,154
06/22/2021,ECP,FL,ASO,ES,Federal Contract Tower,75,24,22,6,127,0,0,14,0,14,75,24,36,6,141,10,0,10,151
06/23/2021,ECP,FL,ASO,ES,Federal Contract Tower,71,20,48,3,142,0,2,22,0,24,71,22,70,3,166,28,0,28,194
06/24/2021,ECP,FL,ASO,ES,Federal Contract Tower,80,31,47,2,160,0,4,38,0,42,80,35,85,2,202,42,0,42,244
06/25/2021,ECP,FL,ASO,ES,Federal Contract Tower,76,27,74,14,191,0,12,48,0,60,76,39,122,14,251,26,4,30,281
06/26/2021,ECP,FL,ASO,ES,Federal Contract Tower,95,46,110,0,251,0,4,39,0,43,95,50,149,0,294,20,0,20,314
06/27/2021,ECP,FL,ASO,ES,Federal Contract Tower,83,26,64,4,177,0,0,32,0,32,83,26,96,4,209,38,6,44,253
06/28/2021,ECP,FL,ASO,ES,Federal Contract Tower,75,13,79,31,198,0,0,48,1,49,75,13,127,32,247,20,18,38,285
06/29/2021,ECP,FL,ASO,ES,Federal Contract Tower,67,19,60,4,150,0,4,31,0,35,67,23,91,4,185,60,0,60,245
06/30/2021,ECP,FL,ASO,ES,Federal Contract Tower,70,28,67,14,179,0,13,23,0,36,70,41,90,14,215,16,14,30,245
07/01/2021,ECP,FL,ASO,ES,Federal Contract Tower,73,39,120,8,240,0,5,12,0,17,73,44,132,8,257,20,0,20,277
07/02/2021,ECP,FL,ASO,ES,Federal Contract Tower,81,46,98,2,227,0,2,25,0,27,81,48,123,2,254,10,0,10,264
07/03/2021,ECP,FL,ASO,ES,Federal Contract Tower,97,37,94,0,228,0,6,32,0,38,97,43,126,0,266,42,0,42,308
07/04/2021,ECP,FL,ASO,ES,Federal Contract Tower,75,15,38,0,128,0,19,24,0,43,75,34,62,0,171,36,0,36,207
07/05/2021,ECP,FL,ASO,ES,Federal Contract Tower,85,30,101,0,216,0,6,7,0,13,85,36,108,0,229,14,0,14,243
07/06/2021,ECP,FL,ASO,ES,Federal Contract Tower,73,37,69,0,179,0,0,11,0,11,73,37,80,0,190,2,0,2,192
07/07/2021,ECP,FL,ASO,ES,Federal Contract Tower,68,27,36,6,137,0,5,35,0,40,68,32,71,6,177,50,0,50,227
07/08/2021,ECP,FL,ASO,ES,Federal Contract Tower,75,24,78,22,199,0,4,33,0,37,75,28,111,22,236,62,0,62,298
07/09/2021,ECP,FL,ASO,ES,Federal Contract Tower,79,23,90,1,193,0,4,35,0,39,79,27,125,1,232,40,0,40,272
07/10/2021,ECP,FL,ASO,ES,Federal Contract Tower,94,57,113,2,266,0,18,56,0,74,94,75,169,2,340,76,8,84,424
07/11/2021,ECP,FL,ASO,ES,Federal Contract Tower,87,42,82,2,213,0,6,37,0,43,87,48,119,2,256,60,0,60,316
07/12/2021,ECP,FL,ASO,ES,Federal Contract Tower,73,20,39,24,156,0,10,30,0,40,73,30,69,24,196,46,6,52,248
07/13/2021,ECP,FL,ASO,ES,Federal Contract Tower,66,12,47,4,129,0,4,38,0,42,66,16,85,4,171,34,0,34,205
07/14/2021,ECP,FL,ASO,ES,Federal Contract Tower,67,19,60,6,152,0,12,54,9,75,67,31,114,15,227,32,20,52,279
07/15/2021,ECP,FL,ASO,ES,Federal Contract Tower,77,17,74,24,192,0,10,34,3,47,77,27,108,27,239,24,60,84,323
07/16/2021,ECP,FL,ASO,ES,Federal Contract Tower,75,23,69,10,177,0,10,44,2,56,75,33,113,12,233,32,0,32,265
07/17/2021,ECP,FL,ASO,ES,Federal Contract Tower,94,45,93,8,240,0,4,63,0,67,94,49,156,8,307,62,0,62,369
07/18/2021,ECP,FL,ASO,ES,Federal Contract Tower,83,30,87,25,225,0,13,59,10,82,83,43,146,35,307,36,14,50,357
07/19/2021,ECP,FL,ASO,ES,Federal Contract Tower,74,6,43,16,139,0,20,37,1,58,74,26,80,17,197,28,6,34,231
07/20/2021,ECP,FL,ASO,ES,Federal Contract Tower,72,12,62,8,154,0,5,22,0,27,72,17,84,8,181,20,16,36,217
07/21/2021,ECP,FL,ASO,ES,Federal Contract Tower,71,14,53,13,151,0,11,45,9,65,71,25,98,22,216,40,58,98,314
07/22/2021,ECP,FL,ASO,ES,Federal Contract Tower,74,20,73,17,184,0,23,30,3,56,74,43,103,20,240,28,32,60,300
07/23/2021,ECP,FL,ASO,ES,Federal Contract Tower,80,19,57,8,164,2,17,33,2,54,82,36,90,10,218,18,0,18,236
07/24/2021,ECP,FL,ASO,ES,Federal Contract Tower,95,40,116,2,253,0,19,28,0,47,95,59,144,2,300,32,0,32,332
07/25/2021,ECP,FL,ASO,ES,Federal Contract Tower,81,23,73,0,177,0,16,71,0,87,81,39,144,0,264,50,4,54,318
07/26/2021,ECP,FL,ASO,ES,Federal Contract Tower,74,16,69,3,162,0,18,61,4,83,74,34,130,7,245,66,28,94,339
07/27/2021,ECP,FL,ASO,ES,Federal Contract Tower,68,18,53,4,143,0,6,35,0,41,68,24,88,4,184,22,0,22,206
07/28/2021,ECP,FL,ASO,ES,Federal Contract Tower,70,31,52,1,154,0,12,40,0,52,70,43,92,1,206,16,0,16,222
07/29/2021,ECP,FL,ASO,ES,Federal Contract Tower,76,19,78,2,175,0,16,46,0,62,76,35,124,2,237,26,0,26,263
07/30/2021,ECP,FL,ASO,ES,Federal Contract Tower,73,28,44,4,149,0,12,48,0,60,73,40,92,4,209,36,10,46,255
07/31/2021,ECP,FL,ASO,ES,Federal Contract Tower,96,36,90,0,222,0,10,45,0,55,96,46,135,0,277,14,0,14,291
08/01/2021,ECP,FL,ASO,ES,Federal Contract Tower,76,27,84,4,191,0,16,60,2,78,76,43,144,6,269,28,0,28,297
08/02/2021,ECP,FL,ASO,ES,Federal Contract Tower,72,16,54,14,156,0,22,32,16,70,72,38,86,30,226,24,118,142,368
08/03/2021,ECP,FL,ASO,ES,Federal Contract Tower,68,8,43,0,119,0,3,10,0,13,68,11,53,0,132,0,14,14,146
08/04/2021,ECP,FL,ASO,ES,Federal Contract Tower,73,32,51,12,168,0,8,26,0,34,73,40,77,12,202,18,0,18,220
08/05/2021,ECP,FL,ASO,ES,Federal Contract Tower,69,32,44,4,149,0,25,36,0,61,69,57,80,4,210,30,0,30,240
08/06/2021,ECP,FL,ASO,ES,Federal Contract Tower,74,18,55,9,156,0,31,66,8,105,74,49,121,17,261,79,0,79,340
08/07/2021,ECP,FL,ASO,ES,Federal Contract Tower,97,29,86,0,212,0,31,46,0,77,97,60,132,0,289,50,0,50,339
08/08/2021,ECP,FL,ASO,ES,Federal Contract Tower,87,35,63,0,185,0,8,49,0,57,87,43,112,0,242,16,8,24,266
08/09/2021,ECP,FL,ASO,ES,Federal Contract Tower,71,17,51,14,153,0,19,58,0,77,71,36,109,14,230,8,60,68,298
08/10/2021,ECP,FL,ASO,ES,Federal Contract Tower,70,22,36,3,131,0,14,37,2,53,70,36,73,5,184,8,10,18,202
08/11/2021,ECP,FL,ASO,ES,Federal Contract Tower,65,19,53,18,155,0,20,38,0,58,65,39,91,18,213,42,20,62,275
08/12/2021,ECP,FL,ASO,ES,Federal Contract Tower,77,18,52,2,149,0,17,31,4,52,77,35,83,6,201,6,0,6,207
08/13/2021,ECP,FL,ASO,ES,Federal Contract Tower,70,34,63,8,175,0,9,44,0,53,70,43,107,8,228,10,0,10,238
08/14/2021,ECP,FL,ASO,ES,Federal Contract Tower,87,32,55,0,174,0,12,48,0,60,87,44,103,0,234,34,0,34,268
08/15/2021,ECP,FL,ASO,ES,Federal Contract Tower,76,18,58,0,152,0,5,29,0,34,76,23,87,0,186,18,0,18,204
08/16/2021,ECP,FL,ASO,ES,Federal Contract Tower,28,4,2,0,34,0,0,0,0,0,28,4,2,0,34,0,0,0,34
08/17/2021,ECP,FL,ASO,ES,Federal Contract Tower,59,17,28,4,108,0,5,32,1,38,59,22,60,5,146,38,0,38,184
08/18/2021,ECP,FL,ASO,ES,Federal Contract Tower,57,18,39,10,124,0,4,42,6,52,57,22,81,16,176,14,34,48,224
08/19/2021,ECP,FL,ASO,ES,Federal Contract Tower,61,22,59,22,164,0,1,38,6,45,61,23,97,28,209,16,14,30,239
08/20/2021,ECP,FL,ASO,ES,Federal Contract Tower,62,24,59,2,147,0,1,42,0,43,62,25,101,2,190,32,0,32,222
08/21/2021,ECP,FL,ASO,ES,Federal Contract Tower,84,15,39,0,138,0,2,23,0,25,84,17,62,0,163,14,0,14,177
08/22/2021,ECP,FL,ASO,ES,Federal Contract Tower,73,17,51,0,141,0,12,44,0,56,73,29,95,0,197,64,0,64,261
08/23/2021,ECP,FL,ASO,ES,Federal Contract Tower,64,11,46,0,121,0,10,31,0,41,64,21,77,0,162,28,0,28,190
08/24/2021,ECP,FL,ASO,ES,Federal Contract Tower,61,12,45,2,120,0,3,27,0,30,61,15,72,2,150,42,0,42,192
08/25/2021,ECP,FL,ASO,ES,Federal Contract Tower,61,25,46,4,136,0,4,9,6,19,61,29,55,10,155,0,22,22,177
08/26/2021,ECP,FL,ASO,ES,Federal Contract Tower,65,16,40,5,126,0,3,43,6,52,65,19,83,11,178,30,8,38,216
08/27/2021,ECP,FL,ASO,ES,Federal Contract Tower,69,20,47,6,142,0,7,17,0,24,69,27,64,6,166,34,0,34,200
08/28/2021,ECP,FL,ASO,ES,Federal Contract Tower,82,18,47,0,147,0,5,24,0,29,82,23,71,0,176,32,0,32,208
08/29/2021,ECP,FL,ASO,ES,Federal Contract Tower,64,9,38,0,111,0,1,3,0,4,64,10,41,0,115,0,0,0,115
08/30/2021,ECP,FL,ASO,ES,Federal Contract Tower,66,8,24,8,106,0,0,14,1,15,66,8,38,9,121,38,8,46,167
08/31/2021,ECP,FL,ASO,ES,Federal Contract Tower,54,15,21,0,90,0,0,12,2,14,54,15,33,2,104,8,4,12,116
09/01/2021,ECP,FL,ASO,ES,Federal Contract Tower,61,25,45,14,145,0,4,38,0,42,61,29,83,14,187,8,0,8,195
09/02/2021,ECP,FL,ASO,ES,Federal Contract Tower,65,35,103,12,215,0,12,45,10,67,65,47,148,22,282,26,24,50,332
09/03/2021,ECP,FL,ASO,ES,Federal Contract Tower,66,31,80,3,180,0,4,72,1,77,66,35,152,4,257,6,0,6,263
09/04/2021,ECP,FL,ASO,ES,Federal Contract Tower,83,14,57,2,156,0,4,50,0,54,83,18,107,2,210,74,0,74,284
09/05/2021,ECP,FL,ASO,ES,Federal Contract Tower,68,20,35,0,123,0,20,48,0,68,68,40,83,0,191,56,0,56,247
09/06/2021,ECP,FL,ASO,ES,Federal Contract Tower,65,38,155,0,258,0,24,63,4,91,65,62,218,4,349,28,0,28,377
09/07/2021,ECP,FL,ASO,ES,Federal Contract Tower,43,23,83,8,157,0,6,32,0,38,43,29,115,8,195,10,18,28,223
09/08/2021,ECP,FL,ASO,ES,Federal Contract Tower,38,11,32,0,81,0,0,2,0,2,38,11,34,0,83,4,0,4,87
09/09/2021,ECP,FL,ASO,ES,Federal Contract Tower,41,29,29,9,108,0,2,26,2,30,41,31,55,11,138,16,8,24,162
09/10/2021,ECP,FL,ASO,ES,Federal Contract Tower,43,22,69,6,140,0,0,44,2,46,43,22,113,8,186,34,14,48,234
09/11/2021,ECP,FL,ASO,ES,Federal Contract Tower,55,7,43,0,105,0,0,29,2,31,55,7,72,2,136,16,0,16,152
09/12/2021,ECP,FL,ASO,ES,Federal Contract Tower,44,27,55,2,128,3,7,53,6,69,47,34,108,8,197,14,34,48,245
09/13/2021,ECP,FL,ASO,ES,Federal Contract Tower,46,17,42,0,105,0,0,59,2,61,46,17,101,2,166,50,6,56,222
09/14/2021,ECP,FL,ASO,ES,Federal Contract Tower,36,15,57,24,132,0,4,51,4,59,36,19,108,28,191,42,22,64,255
09/15/2021,ECP,FL,ASO,ES,Federal Contract Tower,39,20,23,0,82,0,0,0,0,0,39,20,23,0,82,0,0,0,82
09/16/2021,ECP,FL,ASO,ES,Federal Contract Tower,43,20,46,0,109,0,0,5,0,5,43,20,51,0,114,20,0,20,134
09/17/2021,ECP,FL,ASO,ES,Federal Contract Tower,47,19,49,4,119,0,0,6,0,6,47,19,55,4,125,32,24,56,181
09/18/2021,ECP,FL,ASO,ES,Federal Contract Tower,62,16,37,0,115,0,4,12,0,16,62,20,49,0,131,12,0,12,143
09/19/2021,ECP,FL,ASO,ES,Federal Contract Tower,42,17,41,0,100,0,8,14,0,22,42,25,55,0,122,9,0,9,131
09/20/2021,ECP,FL,ASO,ES,Federal Contract Tower,48,24,53,20,145,0,0,20,0,20,48,24,73,20,165,18,30,48,213
09/21/2021,ECP,FL,ASO,ES,Federal Contract Tower,37,15,36,31,119,0,2,15,0,17,37,17,51,31,136,6,24,30,166
09/22/2021,ECP,FL,ASO,ES,Federal Contract Tower,38,22,50,18,128,0,2,33,1,36,38,24,83,19,164,48,4,52,216
09/23/2021,ECP,FL,ASO,ES,Federal Contract Tower,45,25,69,24,163,0,2,45,16,63,45,27,114,40,226,24,16,40,266
09/24/2021,ECP,FL,ASO,ES,Federal Contract Tower,53,21,79,0,153,0,4,57,2,63,53,25,136,2,216,64,0,64,280
09/25/2021,ECP,FL,ASO,ES,Federal Contract Tower,59,21,28,0,108,0,4,54,0,58,59,25,82,0,166,18,0,18,184
09/26/2021,ECP,FL,ASO,ES,Federal Contract Tower,43,31,67,0,141,0,4,58,0,62,43,35,125,0,203,32,0,32,235
09/27/2021,ECP,FL,ASO,ES,Federal Contract Tower,46,18,61,30,155,0,6,53,0,59,46,24,114,30,214,44,24,68,282
09/28/2021,ECP,FL,ASO,ES,Federal Contract Tower,39,16,42,14,111,0,3,53,2,58,39,19,95,16,169,40,56,96,265
09/29/2021,ECP,FL,ASO,ES,Federal Contract Tower,39,14,50,10,113,0,4,40,1,45,39,18,90,11,158,24,8,32,190
09/30/2021,ECP,FL,ASO,ES,Federal Contract Tower,47,46,55,15,163,0,0,67,5,72,47,46,122,20,235,60,30,90,325
10/01/2021,ECP,FL,ASO,ES,Federal Contract Tower,48,38,77,4,167,0,0,55,0,55,48,38,132,4,222,24,6,30,252
10/02/2021,ECP,FL,ASO,ES,Federal Contract Tower,60,30,58,0,148,0,4,37,0,41,60,34,95,0,189,30,0,30,219
10/03/2021,ECP,FL,ASO,ES,Federal Contract Tower,44,28,71,0,143,0,0,27,0,27,44,28,98,0,170,2,6,8,178
10/04/2021,ECP,FL,ASO,ES,Federal Contract Tower,45,10,41,4,100,0,0,1,0,1,45,10,42,4,101,2,0,2,103
10/05/2021,ECP,FL,ASO,ES,Federal Contract Tower,36,25,40,0,101,0,0,18,0,18,36,25,58,0,119,4,0,4,123
10/06/2021,ECP,FL,ASO,ES,Federal Contract Tower,39,21,38,2,100,0,2,16,0,18,39,23,54,2,118,16,0,16,134
10/07/2021,ECP,FL,ASO,ES,Federal Contract Tower,39,50,102,1,192,0,0,16,1,17,39,50,118,2,209,6,0,6,215
10/08/2021,ECP,FL,ASO,ES,Federal Contract Tower,37,45,102,9,193,0,2,34,2,38,37,47,136,11,231,12,8,20,251
10/09/2021,ECP,FL,ASO,ES,Federal Contract Tower,45,30,75,0,150,0,0,46,0,46,45,30,121,0,196,16,0,16,212
10/10/2021,ECP,FL,ASO,ES,Federal Contract Tower,34,28,87,0,149,0,10,55,0,65,34,38,142,0,214,24,0,24,238
10/11/2021,ECP,FL,ASO,ES,Federal Contract Tower,27,45,104,0,176,0,0,60,0,60,27,45,164,0,236,32,0,32,268
10/12/2021,ECP,FL,ASO,ES,Federal Contract Tower,34,37,60,6,137,0,6,54,5,65,34,43,114,11,202,92,24,116,318
10/13/2021,ECP,FL,ASO,ES,Federal Contract Tower,35,57,68,4,164,0,0,46,0,46,35,57,114,4,210,42,0,42,252
10/14/2021,ECP,FL,ASO,ES,Federal Contract Tower,41,33,90,3,167,0,2,26,1,29,41,35,116,4,196,36,8,44,240
10/15/2021,ECP,FL,ASO,ES,Federal Contract Tower,38,19,88,6,151,0,0,26,0,26,38,19,114,6,177,20,0,20,197
10/16/2021,ECP,FL,ASO,ES,Federal Contract Tower,48,19,43,2,112,0,2,37,0,39,48,21,80,2,151,36,0,36,187
10/17/2021,ECP,FL,ASO,ES,Federal Contract Tower,41,42,98,0,181,0,0,69,4,73,41,42,167,4,254,56,22,78,332
10/18/2021,ECP,FL,ASO,ES,Federal Contract Tower,37,36,63,6,142,0,0,53,0,53,37,36,116,6,195,24,0,24,219
10/19/2021,ECP,FL,ASO,ES,Federal Contract Tower,34,21,30,2,87,0,0,56,0,56,34,21,86,2,143,58,8,66,209
10/20/2021,ECP,FL,ASO,ES,Federal Contract Tower,37,22,76,7,142,0,0,45,2,47,37,22,121,9,189,38,20,58,247
10/21/2021,ECP,FL,ASO,ES,Federal Contract Tower,38,34,64,19,155,0,0,28,2,30,38,34,92,21,185,20,30,50,235
10/22/2021,ECP,FL,ASO,ES,Federal Contract Tower,36,31,82,6,155,0,4,62,0,66,36,35,144,6,221,8,0,8,229
10/23/2021,ECP,FL,ASO,ES,Federal Contract Tower,48,22,49,0,119,0,2,57,3,62,48,24,106,3,181,26,0,26,207
10/24/2021,ECP,FL,ASO,ES,Federal Contract Tower,41,23,86,0,150,0,0,51,4,55,41,23,137,4,205,8,16,24,229
10/25/2021,ECP,FL,ASO,ES,Federal Contract Tower,36,32,56,2,126,0,0,35,2,37,36,32,91,4,163,18,36,54,217
10/26/2021,ECP,FL,ASO,ES,Federal Contract Tower,33,14,40,11,98,0,0,38,2,40,33,14,78,13,138,64,12,76,214
10/27/2021,ECP,FL,ASO,ES,Federal Contract Tower,35,21,53,20,129,0,2,44,4,50,35,23,97,24,179,23,16,39,218
10/28/2021,ECP,FL,ASO,ES,Federal Contract Tower,42,23,32,3,100,0,0,5,1,6,42,23,37,4,106,0,26,26,132
10/29/2021,ECP,FL,ASO,ES,Federal Contract Tower,36,20,52,0,108,0,2,11,0,13,36,22,63,0,121,4,0,4,125
10/30/2021,ECP,FL,ASO,ES,Federal Contract Tower,46,12,47,0,105,0,0,35,0,35,46,12,82,0,140,42,0,42,182
10/31/2021,ECP,FL,ASO,ES,Federal Contract Tower,33,16,52,2,103,0,2,54,0,56,33,18,106,2,159,40,8,48,207
11/01/2021,ECP,FL,ASO,ES,Federal Contract Tower,35,33,48,12,128,0,2,47,2,51,35,35,95,14,179,16,38,54,233
11/03/2021,ECP,FL,ASO,ES,Federal Contract Tower,35,13,68,19,135,0,2,41,12,55,35,15,109,31,190,38,80,118,308
11/04/2021,ECP,FL,ASO,ES,Federal Contract Tower,37,28,92,10,167,0,0,44,1,45,37,28,136,11,212,46,22,68,280
11/05/2021,ECP,FL,ASO,ES,Federal Contract Tower,41,26,58,6,131,0,0,26,0,26,41,26,84,6,157,10,0,10,167
11/06/2021,ECP,FL,ASO,ES,Federal Contract Tower,49,19,28,2,98,0,2,45,0,47,49,21,73,2,145,48,0,48,193
11/07/2021,ECP,FL,ASO,ES,Federal Contract Tower,35,31,78,5,149,0,0,59,4,63,35,31,137,9,212,26,30,56,268
11/08/2021,ECP,FL,ASO,ES,Federal Contract Tower,33,17,58,14,122,0,0,51,4,55,33,17,109,18,177,12,36,48,225
11/09/2021,ECP,FL,ASO,ES,Federal Contract Tower,33,17,43,12,105,0,0,28,4,32,33,17,71,16,137,48,42,90,227
11/10/2021,ECP,FL,ASO,ES,Federal Contract Tower,31,21,75,5,132,0,0,33,7,40,31,21,108,12,172,62,68,130,302
11/11/2021,ECP,FL,ASO,ES,Federal Contract Tower,34,21,50,0,105,0,0,9,0,9,34,21,59,0,114,0,0,0,114
11/12/2021,ECP,FL,ASO,ES,Federal Contract Tower,33,18,57,3,111,0,0,28,0,28,33,18,85,3,139,10,0,10,149
11/14/2021,ECP,FL,ASO,ES,Federal Contract Tower,37,21,63,0,121,0,0,44,0,44,37,21,107,0,165,0,0,0,165
11/15/2021,ECP,FL,ASO,ES,Federal Contract Tower,33,24,35,4,96,0,0,35,3,38,33,24,70,7,134,20,16,36,170
11/16/2021,ECP,FL,ASO,ES,Federal Contract Tower,32,23,54,12,121,0,0,54,0,54,32,23,108,12,175,42,28,70,245
11/17/2021,ECP,FL,ASO,ES,Federal Contract Tower,32,18,59,27,136,0,0,31,5,36,32,18,90,32,172,20,14,34,206
11/18/2021,ECP,FL,ASO,ES,Federal Contract Tower,34,24,61,12,131,0,0,40,2,42,34,24,101,14,173,26,10,36,209
11/19/2021,ECP,FL,ASO,ES,Federal Contract Tower,34,21,72,5,132,0,1,49,1,51,34,22,121,6,183,52,0,52,235
11/20/2021,ECP,FL,ASO,ES,Federal Contract Tower,37,38,76,0,151,0,0,43,0,43,37,38,119,0,194,20,0,20,214
11/21/2021,ECP,FL,ASO,ES,Federal Contract Tower,34,17,50,0,101,0,0,26,0,26,34,17,76,0,127,18,0,18,145
11/22/2021,ECP,FL,ASO,ES,Federal Contract Tower,34,34,60,10,138,0,0,35,5,40,34,34,95,15,178,48,38,86,264
11/23/2021,ECP,FL,ASO,ES,Federal Contract Tower,38,46,80,14,178,0,0,58,0,58,38,46,138,14,236,26,50,76,312
11/24/2021,ECP,FL,ASO,ES,Federal Contract Tower,42,27,84,0,153,0,1,51,1,53,42,28,135,1,206,44,16,60,266
11/25/2021,ECP,FL,ASO,ES,Federal Contract Tower,27,10,17,0,54,0,0,13,0,13,27,10,30,0,67,20,0,20,87
11/26/2021,ECP,FL,ASO,ES,Federal Contract Tower,30,27,58,0,115,0,0,21,0,21,30,27,79,0,136,0,0,0,136
11/27/2021,ECP,FL,ASO,ES,Federal Contract Tower,37,36,83,0,156,0,0,43,0,43,37,36,126,0,199,12,0,12,211
11/28/2021,ECP,FL,ASO,ES,Federal Contract Tower,39,55,143,0,237,0,0,24,0,24,39,55,167,0,261,0,0,0,261
11/29/2021,ECP,FL,ASO,ES,Federal Contract Tower,39,25,54,9,127,0,0,43,4,47,39,25,97,13,174,14,38,52,226
11/30/2021,ECP,FL,ASO,ES,Federal Contract Tower,36,36,55,6,133,0,0,46,0,46,36,36,101,6,179,40,24,64,243
12/01/2021,ECP,FL,ASO,ES,Federal Contract Tower,33,19,42,11,105,0,0,60,6,66,33,19,102,17,171,130,62,192,363
12/02/2021,ECP,FL,ASO,ES,Federal Contract Tower,35,22,41,4,102,0,0,26,6,32,35,22,67,10,134,14,0,14,148
12/03/2021,ECP,FL,ASO,ES,Federal Contract Tower,33,20,48,4,105,0,0,22,0,22,33,20,70,4,127,30,0,30,157
12/04/2021,ECP,FL,ASO,ES,Federal Contract Tower,31,10,39,0,80,0,0,41,0,41,31,10,80,0,121,50,0,50,171
12/05/2021,ECP,FL,ASO,ES,Federal Contract Tower,34,18,36,0,88,0,0,32,0,32,34,18,68,0,120,32,0,32,152
12/06/2021,ECP,FL,ASO,ES,Federal Contract Tower,32,20,48,25,125,0,0,35,6,41,32,20,83,31,166,62,56,118,284
12/07/2021,ECP,FL,ASO,ES,Federal Contract Tower,30,21,48,10,109,0,0,10,0,10,30,21,58,10,119,0,0,0,119
12/08/2021,ECP,FL,ASO,ES,Federal Contract Tower,32,17,40,23,112,0,0,16,0,16,32,17,56,23,128,20,26,46,174
12/09/2021,ECP,FL,ASO,ES,Federal Contract Tower,32,9,38,16,95,0,0,0,2,2,32,9,38,18,97,0,8,8,105
12/10/2021,ECP,FL,ASO,ES,Federal Contract Tower,33,19,38,4,94,0,0,0,0,0,33,19,38,4,94,0,0,0,94
12/11/2021,ECP,FL,ASO,ES,Federal Contract Tower,29,9,29,0,67,0,0,2,0,2,29,9,31,0,69,0,0,0,69
12/12/2021,ECP,FL,ASO,ES,Federal Contract Tower,35,13,42,0,90,0,0,25,0,25,35,13,67,0,115,22,0,22,137
12/13/2021,ECP,FL,ASO,ES,Federal Contract Tower,32,9,50,6,97,0,0,14,0,14,32,9,64,6,111,2,0,2,113
12/14/2021,ECP,FL,ASO,ES,Federal Contract Tower,28,14,39,4,85,0,0,23,0,23,28,14,62,4,108,4,36,40,148
12/15/2021,ECP,FL,ASO,ES,Federal Contract Tower,23,17,35,11,86,0,0,13,4,17,23,17,48,15,103,0,12,12,115
12/16/2021,ECP,FL,ASO,ES,Federal Contract Tower,36,15,40,13,104,0,0,20,0,20,36,15,60,13,124,16,0,16,140
12/17/2021,ECP,FL,ASO,ES,Federal Contract Tower,33,18,48,6,105,0,0,22,2,24,33,18,70,8,129,20,6,26,155
12/18/2021,ECP,FL,ASO,ES,Federal Contract Tower,35,10,29,4,78,0,0,18,0,18,35,10,47,4,96,0,0,0,96
12/20/2021,ECP,FL,ASO,ES,Federal Contract Tower,33,11,20,4,68,0,0,0,0,0,33,11,20,4,68,0,0,0,68
12/21/2021,ECP,FL,ASO,ES,Federal Contract Tower,33,16,28,2,79,0,0,0,0,0,33,16,28,2,79,0,0,0,79
12/22/2021,ECP,FL,ASO,ES,Federal Contract Tower,33,17,48,10,108,0,0,46,4,50,33,17,94,14,158,54,8,62,220
12/23/2021,ECP,FL,ASO,ES,Federal Contract Tower,39,22,37,0,98,0,4,74,0,78,39,26,111,0,176,32,0,32,208
12/24/2021,ECP,FL,ASO,ES,Federal Contract Tower,23,7,26,0,56,0,0,30,0,30,23,7,56,0,86,12,0,12,98
12/25/2021,ECP,FL,ASO,ES,Federal Contract Tower,26,9,18,0,53,0,0,16,0,16,26,9,34,0,69,0,0,0,69
12/26/2021,ECP,FL,ASO,ES,Federal Contract Tower,41,29,74,2,146,0,0,35,0,35,41,29,109,2,181,0,0,0,181
12/27/2021,ECP,FL,ASO,ES,Federal Contract Tower,39,35,91,0,165,0,0,10,0,10,39,35,101,0,175,18,0,18,193
12/28/2021,ECP,FL,ASO,ES,Federal Contract Tower,42,20,70,4,136,0,0,33,0,33,42,20,103,4,169,68,0,68,237
12/29/2021,ECP,FL,ASO,ES,Federal Contract Tower,39,19,69,6,133,0,0,4,0,4,39,19,73,6,137,0,0,0,137
12/30/2021,ECP,FL,ASO,ES,Federal Contract Tower,38,33,87,0,158,0,0,0,0,0,38,33,87,0,158,0,0,0,158
12/31/2021,ECP,FL,ASO,ES,Federal Contract Tower,24,13,64,0,101,0,0,0,0,0,24,13,64,0,101,0,0,0,101
01/01/2022,ECP,FL,ASO,ES,Federal Contract Tower,35,18,67,4,124,0,0,0,0,0,35,18,67,4,124,0,0,0,124
01/02/2022,ECP,FL,ASO,ES,Federal Contract Tower,40,31,82,0,153,0,0,2,0,2,40,31,84,0,155,0,0,0,155
01/03/2022,ECP,FL,ASO,ES,Federal Contract Tower,36,35,90,4,165,0,0,30,1,31,36,35,120,5,196,10,16,26,222
01/04/2022,ECP,FL,ASO,ES,Federal Contract Tower,30,22,51,14,117,0,3,69,0,72,30,25,120,14,189,72,0,72,261
01/05/2022,ECP,FL,ASO,ES,Federal Contract Tower,24,17,42,7,90,0,0,44,6,50,24,17,86,13,140,34,26,60,200
01/06/2022,ECP,FL,ASO,ES,Federal Contract Tower,29,16,40,10,95,0,20,0,0,20,29,36,40,10,115,12,0,12,127
01/07/2022,ECP,FL,ASO,ES,Federal Contract Tower,31,12,41,2,86,0,0,47,2,49,31,12,88,4,135,38,46,84,219
01/08/2022,ECP,FL,ASO,ES,Federal Contract Tower,27,13,29,0,69,0,0,67,0,67,27,13,96,0,136,22,0,22,158
01/09/2022,ECP,FL,ASO,ES,Federal Contract Tower,33,12,53,0,98,0,0,0,0,0,33,12,53,0,98,0,0,0,98
01/10/2022,ECP,FL,ASO,ES,Federal Contract Tower,34,9,17,8,68,0,0,14,4,18,34,9,31,12,86,56,0,56,142
01/11/2022,ECP,FL,ASO,ES,Federal Contract Tower,33,14,30,14,91,0,0,50,0,50,33,14,80,14,141,14,38,52,193
01/12/2022,ECP,FL,ASO,ES,Federal Contract Tower,34,21,42,15,112,0,0,42,6,48,34,21,84,21,160,58,38,96,256
01/13/2022,ECP,FL,ASO,ES,Federal Contract Tower,32,22,61,2,117,0,0,37,6,43,32,22,98,8,160,4,28,32,192
01/14/2022,ECP,FL,ASO,ES,Federal Contract Tower,34,24,67,20,145,0,2,53,0,55,34,26,120,20,200,40,12,52,252
01/15/2022,ECP,FL,ASO,ES,Federal Contract Tower,27,21,27,0,75,0,0,21,0,21,27,21,48,0,96,0,0,0,96
01/16/2022,ECP,FL,ASO,ES,Federal Contract Tower,26,7,11,0,44,0,0,1,0,1,26,7,12,0,45,0,0,0,45
01/17/2022,ECP,FL,ASO,ES,Federal Contract Tower,27,31,57,0,115,0,0,41,0,41,27,31,98,0,156,104,0,104,260
01/18/2022,ECP,FL,ASO,ES,Federal Contract Tower,31,21,60,2,114,0,0,46,0,46,31,21,106,2,160,42,26,68,228
01/19/2022,ECP,FL,ASO,ES,Federal Contract Tower,31,15,54,31,131,0,3,45,1,49,31,18,99,32,180,24,38,62,242
01/20/2022,ECP,FL,ASO,ES,Federal Contract Tower,32,7,35,0,74,0,0,8,0,8,32,7,43,0,82,14,10,24,106
01/21/2022,ECP,FL,ASO,ES,Federal Contract Tower,31,20,28,1,80,0,0,0,0,0,31,20,28,1,80,0,0,0,80
01/22/2022,ECP,FL,ASO,ES,Federal Contract Tower,25,18,42,0,85,0,0,2,0,2,25,18,44,0,87,14,12,26,113
01/23/2022,ECP,FL,ASO,ES,Federal Contract Tower,32,11,63,2,108,0,0,47,2,49,32,11,110,4,157,52,20,72,229
01/24/2022,ECP,FL,ASO,ES,Federal Contract Tower,30,12,35,9,86,0,0,46,2,48,30,12,81,11,134,8,18,26,160
01/25/2022,ECP,FL,ASO,ES,Federal Contract Tower,30,10,26,3,69,0,0,0,0,0,30,10,26,3,69,0,0,0,69
01/26/2022,ECP,FL,ASO,ES,Federal Contract Tower,30,17,46,2,95,0,0,47,2,49,30,17,93,4,144,26,12,38,182
01/27/2022,ECP,FL,ASO,ES,Federal Contract Tower,27,14,56,0,97,0,0,31,2,33,27,14,87,2,130,56,6,62,192
01/28/2022,ECP,FL,ASO,ES,Federal Contract Tower,33,14,52,10,109,0,0,27,3,30,33,14,79,13,139,32,28,60,199
01/29/2022,ECP,FL,ASO,ES,Federal Contract Tower,27,19,30,1,77,0,0,44,0,44,27,19,74,1,121,4,0,4,125
01/30/2022,ECP,FL,ASO,ES,Federal Contract Tower,32,11,42,0,85,0,0,41,0,41,32,11,83,0,126,32,0,32,158
01/31/2022,ECP,FL,ASO,ES,Federal Contract Tower,29,8,34,6,77,0,2,54,2,58,29,10,88,8,135,30,10,40,175
02/01/2022,ECP,FL,ASO,ES,Federal Contract Tower,35,13,32,18,98,0,0,57,0,57,35,13,89,18,155,60,22,82,237
02/02/2022,ECP,FL,ASO,ES,Federal Contract Tower,30,21,35,33,119,0,0,41,9,50,30,21,76,42,169,20,40,60,229
02/03/2022,ECP,FL,ASO,ES,Federal Contract Tower,29,11,33,22,95,0,0,3,0,3,29,11,36,22,98,0,0,0,98
02/04/2022,ECP,FL,ASO,ES,Federal Contract Tower,27,12,30,5,74,0,0,1,0,1,27,12,31,5,75,0,0,0,75
02/05/2022,ECP,FL,ASO,ES,Federal Contract Tower,27,10,24,1,62,0,0,35,0,35,27,10,59,1,97,12,0,12,109
02/06/2022,ECP,FL,ASO,ES,Federal Contract Tower,34,8,51,0,93,0,0,49,0,49,34,8,100,0,142,54,0,54,196
02/07/2022,ECP,FL,ASO,ES,Federal Contract Tower,27,9,40,0,76,0,0,14,0,14,27,9,54,0,90,34,0,34,124
02/08/2022,ECP,FL,ASO,ES,Federal Contract Tower,28,14,43,2,87,0,0,43,9,52,28,14,86,11,139,66,40,106,245
02/09/2022,ECP,FL,ASO,ES,Federal Contract Tower,29,23,36,9,97,0,0,40,5,45,29,23,76,14,142,74,26,100,242
02/10/2022,ECP,FL,ASO,ES,Federal Contract Tower,29,13,48,2,92,0,0,48,0,48,29,13,96,2,140,14,12,26,166
02/11/2022,ECP,FL,ASO,ES,Federal Contract Tower,24,27,59,12,122,0,0,49,0,49,24,27,108,12,171,48,2,50,221
02/12/2022,ECP,FL,ASO,ES,Federal Contract Tower,24,14,44,0,82,0,0,16,0,16,24,14,60,0,98,14,0,14,112
02/13/2022,ECP,FL,ASO,ES,Federal Contract Tower,24,18,49,0,91,0,0,39,0,39,24,18,88,0,130,4,0,4,134
02/14/2022,ECP,FL,ASO,ES,Federal Contract Tower,26,10,43,6,85,0,0,39,2,41,26,10,82,8,126,34,42,76,202
02/15/2022,ECP,FL,ASO,ES,Federal Contract Tower,29,16,59,8,112,0,0,60,4,64,29,16,119,12,176,16,6,22,198
02/16/2022,ECP,FL,ASO,ES,Federal Contract Tower,31,23,64,9,127,0,0,51,3,54,31,23,115,12,181,10,10,20,201
02/17/2022,ECP,FL,ASO,ES,Federal Contract Tower,29,18,57,20,124,0,0,0,0,0,29,18,57,20,124,0,0,0,124
02/18/2022,ECP,FL,ASO,ES,Federal Contract Tower,30,34,113,1,178,0,0,26,0,26,30,34,139,1,204,16,6,22,226
02/19/2022,ECP,FL,ASO,ES,Federal Contract Tower,25,20,48,2,95,0,0,35,2,37,25,20,83,4,132,18,0,18,150
02/20/2022,ECP,FL,ASO,ES,Federal Contract Tower,26,23,74,1,124,0,0,58,0,58,26,23,132,1,182,54,0,54,236
02/21/2022,ECP,FL,ASO,ES,Federal Contract Tower,30,27,100,1,158,0,1,56,0,57,30,28,156,1,215,54,0,54,269
02/22/2022,ECP,FL,ASO,ES,Federal Contract Tower,28,22,72,17,139,0,0,43,4,47,28,22,115,21,186,24,44,68,254
02/23/2022,ECP,FL,ASO,ES,Federal Contract Tower,35,21,78,30,164,0,0,26,2,28,35,21,104,32,192,40,26,66,258
02/24/2022,ECP,FL,ASO,ES,Federal Contract Tower,30,24,89,15,158,0,0,37,2,39,30,24,126,17,197,2,34,36,233
02/25/2022,ECP,FL,ASO,ES,Federal Contract Tower,29,28,83,10,150,0,1,29,0,30,29,29,112,10,180,4,14,18,198
02/26/2022,ECP,FL,ASO,ES,Federal Contract Tower,27,13,42,0,82,0,0,55,0,55,27,13,97,0,137,36,0,36,173
02/27/2022,ECP,FL,ASO,ES,Federal Contract Tower,30,26,81,2,139,0,0,53,2,55,30,26,134,4,194,12,20,32,226
02/28/2022,ECP,FL,ASO,ES,Federal Contract Tower,30,26,76,6,138,0,0,38,0,38,30,26,114,6,176,42,0,42,218
03/01/2022,ECP,FL,ASO,ES,Federal Contract Tower,30,18,39,18,105,0,0,51,4,55,30,18,90,22,160,22,36,58,218
03/02/2022,ECP,FL,ASO,ES,Federal Contract Tower,39,13,52,4,108,0,0,51,2,53,39,13,103,6,161,50,32,82,243
03/03/2022,ECP,FL,ASO,ES,Federal Contract Tower,33,29,67,8,137,0,0,61,0,61,33,29,128,8,198,36,22,58,256
03/04/2022,ECP,FL,ASO,ES,Federal Contract Tower,35,27,61,2,125,0,0,54,2,56,35,27,115,4,181,16,12,28,209
03/05/2022,ECP,FL,ASO,ES,Federal Contract Tower,35,22,45,0,102,0,5,45,0,50,35,27,90,0,152,30,0,30,182
03/06/2022,ECP,FL,ASO,ES,Federal Contract Tower,39,38,82,0,159,0,0,45,17,62,39,38,127,17,221,8,0,8,229
03/07/2022,ECP,FL,ASO,ES,Federal Contract Tower,35,22,52,17,126,0,15,53,34,102,35,37,105,51,228,50,16,66,294
03/08/2022,ECP,FL,ASO,ES,Federal Contract Tower,37,21,67,14,139,0,26,42,38,106,37,47,109,52,245,10,26,36,281
03/09/2022,ECP,FL,ASO,ES,Federal Contract Tower,37,21,27,0,85,0,0,0,0,0,37,21,27,0,85,0,0,0,85
03/10/2022,ECP,FL,ASO,ES,Federal Contract Tower,44,24,80,2,150,0,0,6,2,8,44,24,86,4,158,18,0,18,176
03/11/2022,ECP,FL,ASO,ES,Federal Contract Tower,42,38,74,0,154,0,0,0,0,0,42,38,74,0,154,0,0,0,154
03/12/2022,ECP,FL,ASO,ES,Federal Contract Tower,63,55,98,2,218,0,0,18,4,22,63,55,116,6,240,0,0,0,240
03/13/2022,ECP,FL,ASO,ES,Federal Contract Tower,44,32,108,0,184,0,0,85,0,85,44,32,193,0,269,58,0,58,327
03/14/2022,ECP,FL,ASO,ES,Federal Contract Tower,38,19,69,8,134,0,0,62,2,64,38,19,131,10,198,58,56,114,312
03/15/2022,ECP,FL,ASO,ES,Federal Contract Tower,40,29,30,8,107,0,0,0,0,0,40,29,30,8,107,0,0,0,107
03/16/2022,ECP,FL,ASO,ES,Federal Contract Tower,40,27,67,20,154,0,0,27,2,29,40,27,94,22,183,54,38,92,275
03/17/2022,ECP,FL,ASO,ES,Federal Contract Tower,63,55,98,2,218,0,0,18,4,22,63,55,116,6,240,0,0,0,240
03/18/2022,ECP,FL,ASO,ES,Federal Contract Tower,39,33,60,0,132,0,0,1,0,1,39,33,61,0,133,2,0,2,135
03/19/2022,ECP,FL,ASO,ES,Federal Contract Tower,60,63,168,0,291,0,0,35,0,35,60,63,203,0,326,50,0,50,376
03/20/2022,ECP,FL,ASO,ES,Federal Contract Tower,45,24,114,0,183,0,0,76,2,78,45,24,190,2,261,48,12,60,321
03/21/2022,ECP,FL,ASO,ES,Federal Contract Tower,41,17,51,10,119,0,0,51,0,51,41,17,102,10,170,28,8,36,206
03/22/2022,ECP,FL,ASO,ES,Federal Contract Tower,36,19,33,30,118,0,0,28,3,31,36,19,61,33,149,12,18,30,179
03/23/2022,ECP,FL,ASO,ES,Federal Contract Tower,37,16,65,23,141,0,0,19,0,19,37,16,84,23,160,40,0,40,200
03/24/2022,ECP,FL,ASO,ES,Federal Contract Tower,40,24,84,24,172,0,0,51,0,51,40,24,135,24,223,20,6,26,249
03/25/2022,ECP,FL,ASO,ES,Federal Contract Tower,42,23,91,4,160,0,0,55,0,55,42,23,146,4,215,36,8,44,259
03/26/2022,ECP,FL,ASO,ES,Federal Contract Tower,63,31,84,0,178,0,0,52,0,52,63,31,136,0,230,38,0,38,268
03/27/2022,ECP,FL,ASO,ES,Federal Contract Tower,37,40,69,6,152,0,0,67,0,67,37,40,136,6,219,46,0,46,265
03/28/2022,ECP,FL,ASO,ES,Federal Contract Tower,43,10,33,14,100,0,0,42,0,42,43,10,75,14,142,42,12,54,196
03/29/2022,ECP,FL,ASO,ES,Federal Contract Tower,38,11,57,14,120,0,0,31,0,31,38,11,88,14,151,10,12,22,173
03/30/2022,ECP,FL,ASO,ES,Federal Contract Tower,30,21,36,6,93,0,0,5,0,5,30,21,41,6,98,0,4,4,102
03/31/2022,ECP,FL,ASO,ES,Federal Contract Tower,41,40,61,3,145,0,0,26,1,27,41,40,87,4,172,32,28,60,232
04/01/2022,ECP,FL,ASO,ES,Federal Contract Tower,43,35,92,3,173,0,0,71,3,74,43,35,163,6,247,62,2,64,311
04/02/2022,ECP,FL,ASO,ES,Federal Contract Tower,51,22,80,0,153,0,0,26,0,26,51,22,106,0,179,8,0,8,187
04/03/2022,ECP,FL,ASO,ES,Federal Contract Tower,37,35,106,0,178,0,0,66,0,66,37,35,172,0,244,58,0,58,302
04/04/2022,ECP,FL,ASO,ES,Federal Contract Tower,41,19,57,15,132,0,0,63,4,67,41,19,120,19,199,108,44,152,351
04/05/2022,ECP,FL,ASO,ES,Federal Contract Tower,41,17,25,2,85,0,0,0,0,0,41,17,25,2,85,0,0,0,85
04/06/2022,ECP,FL,ASO,ES,Federal Contract Tower,39,19,49,24,131,0,0,0,0,0,39,19,49,24,131,0,0,0,131
04/07/2022,ECP,FL,ASO,ES,Federal Contract Tower,46,33,76,0,155,0,0,56,2,58,46,33,132,2,213,30,42,72,285
04/08/2022,ECP,FL,ASO,ES,Federal Contract Tower,44,34,66,6,150,0,0,37,2,39,44,34,103,8,189,8,6,14,203
04/09/2022,ECP,FL,ASO,ES,Federal Contract Tower,57,45,57,0,159,0,0,43,2,45,57,45,100,2,204,28,0,28,232
04/10/2022,ECP,FL,ASO,ES,Federal Contract Tower,44,25,87,0,156,0,0,105,2,107,44,25,192,2,263,32,14,46,309
04/11/2022,ECP,FL,ASO,ES,Federal Contract Tower,43,21,44,46,154,0,0,57,12,69,43,21,101,58,223,22,98,120,343
04/12/2022,ECP,FL,ASO,ES,Federal Contract Tower,39,21,52,10,122,0,0,51,2,53,39,21,103,12,175,60,12,72,247
04/13/2022,ECP,FL,ASO,ES,Federal Contract Tower,38,28,62,0,128,0,0,26,0,26,38,28,88,0,154,38,0,38,192
04/14/2022,ECP,FL,ASO,ES,Federal Contract Tower,47,53,123,3,226,0,0,22,0,22,47,53,145,3,248,8,14,22,270
04/15/2022,ECP,FL,ASO,ES,Federal Contract Tower,45,38,74,2,159,0,0,50,0,50,45,38,124,2,209,56,0,56,265
04/16/2022,ECP,FL,ASO,ES,Federal Contract Tower,55,22,46,3,126,0,0,17,0,17,55,22,63,3,143,50,0,50,193
04/17/2022,ECP,FL,ASO,ES,Federal Contract Tower,43,33,60,0,136,0,0,29,0,29,43,33,89,0,165,19,0,19,184
04/18/2022,ECP,FL,ASO,ES,Federal Contract Tower,43,74,98,0,215,0,0,58,0,58,43,74,156,0,273,46,18,64,337
04/19/2022,ECP,FL,ASO,ES,Federal Contract Tower,42,25,54,12,133,0,0,55,0,55,42,25,109,12,188,16,28,44,232
04/20/2022,ECP,FL,ASO,ES,Federal Contract Tower,43,32,68,12,155,0,0,51,0,51,43,32,119,12,206,28,44,72,278
04/21/2022,ECP,FL,ASO,ES,Federal Contract Tower,44,29,96,24,193,0,0,42,4,46,44,29,138,28,239,32,34,66,305
04/22/2022,ECP,FL,ASO,ES,Federal Contract Tower,45,28,86,6,165,0,0,54,0,54,45,28,140,6,219,90,0,90,309
04/23/2022,ECP,FL,ASO,ES,Federal Contract Tower,54,22,55,0,131,0,0,50,0,50,54,22,105,0,181,44,0,44,225
04/24/2022,ECP,FL,ASO,ES,Federal Contract Tower,41,28,104,0,173,0,0,53,8,61,41,28,157,8,234,30,28,58,292
04/25/2022,ECP,FL,ASO,ES,Federal Contract Tower,42,25,66,3,136,0,0,47,3,50,42,25,113,6,186,32,14,46,232
04/26/2022,ECP,FL,ASO,ES,Federal Contract Tower,44,21,66,0,131,0,0,11,0,11,44,21,77,0,142,6,0,6,148
04/27/2022,ECP,FL,ASO,ES,Federal Contract Tower,38,21,58,20,137,0,0,52,2,54,38,21,110,22,191,20,8,28,219
04/28/2022,ECP,FL,ASO,ES,Federal Contract Tower,45,35,78,9,167,0,2,52,1,55,45,37,130,10,222,42,2,44,266
04/29/2022,ECP,FL,ASO,ES,Federal Contract Tower,44,34,69,12,159,0,0,36,2,38,44,34,105,14,197,35,16,51,248
04/30/2022,ECP,FL,ASO,ES,Federal Contract Tower,59,26,55,0,140,0,0,31,0,31,59,26,86,0,171,52,0,52,223
05/01/2022,ECP,FL,ASO,ES,Federal Contract Tower,44,28,74,10,156,0,0,52,5,57,44,28,126,15,213,36,12,48,261
05/02/2022,ECP,FL,ASO,ES,Federal Contract Tower,45,19,56,22,142,0,0,45,6,51,45,19,101,28,193,24,20,44,237
05/03/2022,ECP,FL,ASO,ES,Federal Contract Tower,42,21,53,4,120,0,0,49,2,51,42,21,102,6,171,30,20,50,221
05/04/2022,ECP,FL,ASO,ES,Federal Contract Tower,40,30,70,3,143,0,0,45,0,45,40,30,115,3,188,46,16,62,250
05/05/2022,ECP,FL,ASO,ES,Federal Contract Tower,38,27,75,14,154,0,0,40,8,48,38,27,115,22,202,44,48,92,294
05/06/2022,ECP,FL,ASO,ES,Federal Contract Tower,48,24,55,0,127,0,0,3,0,3,48,24,58,0,130,8,0,8,138
05/07/2022,ECP,FL,ASO,ES,Federal Contract Tower,63,23,54,4,144,0,0,41,0,41,63,23,95,4,185,56,0,56,241
05/08/2022,ECP,FL,ASO,ES,Federal Contract Tower,49,31,77,2,159,0,0,51,2,53,49,31,128,4,212,18,34,52,264
05/09/2022,ECP,FL,ASO,ES,Federal Contract Tower,46,27,67,9,149,0,0,46,0,46,46,27,113,9,195,22,0,22,217
05/10/2022,ECP,FL,ASO,ES,Federal Contract Tower,42,25,45,2,114,0,0,39,0,39,42,25,84,2,153,12,8,20,173
05/11/2022,ECP,FL,ASO,ES,Federal Contract Tower,42,14,73,8,137,0,0,36,2,38,42,14,109,10,175,34,24,58,233
05/12/2022,ECP,FL,ASO,ES,Federal Contract Tower,44,23,88,11,166,0,0,45,2,47,44,23,133,13,213,18,10,28,241
05/13/2022,ECP,FL,ASO,ES,Federal Contract Tower,42,23,63,8,136,0,0,30,3,33,42,23,93,11,169,20,0,20,189
05/14/2022,ECP,FL,ASO,ES,Federal Contract Tower,59,24,56,0,139,0,0,51,6,57,59,24,107,6,196,50,0,50,246
05/15/2022,ECP,FL,ASO,ES,Federal Contract Tower,47,38,84,0,169,0,0,48,2,50,47,38,132,2,219,20,0,20,239
05/16/2022,ECP,FL,ASO,ES,Federal Contract Tower,42,24,66,6,138,0,0,52,0,52,42,24,118,6,190,24,0,24,214
05/17/2022,ECP,FL,ASO,ES,Federal Contract Tower,43,20,64,13,140,0,2,54,0,56,43,22,118,13,196,48,16,64,260
05/18/2022,ECP,FL,ASO,ES,Federal Contract Tower,43,18,55,13,129,0,0,43,2,45,43,18,98,15,174,14,8,22,196
05/19/2022,ECP,FL,ASO,ES,Federal Contract Tower,46,20,98,16,180,0,1,44,2,47,46,21,142,18,227,14,2,16,243
05/20/2022,ECP,FL,ASO,ES,Federal Contract Tower,45,23,69,5,142,0,0,35,0,35,45,23,104,5,177,62,0,62,239
05/21/2022,ECP,FL,ASO,ES,Federal Contract Tower,61,15,49,8,133,0,0,12,0,12,61,15,61,8,145,18,0,18,163
05/22/2022,ECP,FL,ASO,ES,Federal Contract Tower,42,27,79,0,148,0,0,24,0,24,42,27,103,0,172,28,0,28,200
05/23/2022,ECP,FL,ASO,ES,Federal Contract Tower,41,24,61,1,127,0,0,15,0,15,41,24,76,1,142,10,0,10,152
05/24/2022,ECP,FL,ASO,ES,Federal Contract Tower,41,29,49,32,151,0,0,48,2,50,41,29,97,34,201,52,12,64,265
05/25/2022,ECP,FL,ASO,ES,Federal Contract Tower,45,23,46,2,116,0,0,10,2,12,45,23,56,4,128,16,0,16,144
05/26/2022,ECP,FL,ASO,ES,Federal Contract Tower,44,40,90,0,174,0,0,5,0,5,44,40,95,0,179,6,0,6,185
05/27/2022,ECP,FL,ASO,ES,Federal Contract Tower,39,38,148,4,229,0,0,47,0,47,39,38,195,4,276,20,0,20,296
05/28/2022,ECP,FL,ASO,ES,Federal Contract Tower,58,23,97,0,178,0,0,75,0,75,58,23,172,0,253,76,0,76,329
05/29/2022,ECP,FL,ASO,ES,Federal Contract Tower,43,14,67,0,124,0,6,64,0,70,43,20,131,0,194,54,0,54,248
05/30/2022,ECP,FL,ASO,ES,Federal Contract Tower,51,23,107,0,181,0,0,78,0,78,51,23,185,0,259,70,0,70,329
05/31/2022,ECP,FL,ASO,ES,Federal Contract Tower,42,30,81,4,157,0,0,52,2,54,42,30,133,6,211,30,8,38,249
06/01/2022,ECP,FL,ASO,ES,Federal Contract Tower,40,34,76,19,169,0,0,40,0,40,40,34,116,19,209,20,18,38,247
06/02/2022,ECP,FL,ASO,ES,Federal Contract Tower,46,26,75,4,151,0,0,52,0,52,46,26,127,4,203,20,2,22,225
06/03/2022,ECP,FL,ASO,ES,Federal Contract Tower,40,42,66,10,158,0,0,48,0,48,40,42,114,10,206,34,0,34,240
06/04/2022,ECP,FL,ASO,ES,Federal Contract Tower,66,40,120,0,226,0,0,50,2,52,66,40,170,2,278,24,0,24,302
06/05/2022,ECP,FL,ASO,ES,Federal Contract Tower,44,26,118,4,192,0,0,70,0,70,44,26,188,4,262,40,0,40,302
06/06/2022,ECP,FL,ASO,ES,Federal Contract Tower,41,21,65,12,139,0,4,60,0,64,41,25,125,12,203,42,14,56,259
06/07/2022,ECP,FL,ASO,ES,Federal Contract Tower,43,33,47,17,140,0,0,58,2,60,43,33,105,19,200,46,30,76,276
06/08/2022,ECP,FL,ASO,ES,Federal Contract Tower,46,27,64,4,141,0,0,74,0,74,46,27,138,4,215,52,0,52,267
06/09/2022,ECP,FL,ASO,ES,Federal Contract Tower,44,27,81,0,152,0,0,57,0,57,44,27,138,0,209,40,0,40,249
06/10/2022,ECP,FL,ASO,ES,Federal Contract Tower,40,27,74,0,141,0,0,42,0,42,40,27,116,0,183,28,0,28,211
06/11/2022,ECP,FL,ASO,ES,Federal Contract Tower,81,34,127,0,242,0,0,59,0,59,81,34,186,0,301,28,0,28,329
06/12/2022,ECP,FL,ASO,ES,Federal Contract Tower,44,35,97,0,176,0,0,67,2,69,44,35,164,2,245,42,16,58,303
06/13/2022,ECP,FL,ASO,ES,Federal Contract Tower,43,19,72,11,145,0,1,51,0,52,43,20,123,11,197,36,0,36,233
06/14/2022,ECP,FL,ASO,ES,Federal Contract Tower,43,23,48,2,116,0,0,45,1,46,43,23,93,3,162,42,18,60,222
06/15/2022,ECP,FL,ASO,ES,Federal Contract Tower,46,19,62,3,130,0,0,39,1,40,46,19,101,4,170,16,18,34,204
06/16/2022,ECP,FL,ASO,ES,Federal Contract Tower,41,16,79,15,151,0,2,49,0,51,41,18,128,15,202,60,0,60,262
06/17/2022,ECP,FL,ASO,ES,Federal Contract Tower,43,24,88,2,157,0,0,54,3,57,43,24,142,5,214,20,10,30,244
06/18/2022,ECP,FL,ASO,ES,Federal Contract Tower,80,37,110,0,227,0,0,63,0,63,80,37,173,0,290,58,0,58,348
06/19/2022,ECP,FL,ASO,ES,Federal Contract Tower,42,22,76,0,140,0,0,82,0,82,42,22,158,0,222,96,0,96,318
06/20/2022,ECP,FL,ASO,ES,Federal Contract Tower,44,27,77,3,151,0,0,48,0,48,44,27,125,3,199,42,0,42,241
06/21/2022,ECP,FL,ASO,ES,Federal Contract Tower,42,13,54,15,124,0,0,61,4,65,42,13,115,19,189,66,24,90,279
06/22/2022,ECP,FL,ASO,ES,Federal Contract Tower,42,18,68,4,132,0,0,60,0,60,42,18,128,4,192,51,0,51,243
06/23/2022,ECP,FL,ASO,ES,Federal Contract Tower,41,17,63,12,133,0,0,64,0,64,41,17,127,12,197,76,8,84,281
06/24/2022,ECP,FL,ASO,ES,Federal Contract Tower,38,25,83,2,148,0,0,53,0,53,38,25,136,2,201,54,0,54,255
06/25/2022,ECP,FL,ASO,ES,Federal Contract Tower,83,32,127,0,242,0,0,34,0,34,83,32,161,0,276,30,0,30,306
06/26/2022,ECP,FL,ASO,ES,Federal Contract Tower,39,25,83,6,153,0,1,68,3,72,39,26,151,9,225,54,0,54,279
06/27/2022,ECP,FL,ASO,ES,Federal Contract Tower,45,24,69,12,150,0,0,61,0,61,45,24,130,12,211,78,14,92,303
06/28/2022,ECP,FL,ASO,ES,Federal Contract Tower,42,11,48,12,113,0,0,31,2,33,42,11,79,14,146,28,18,46,192
06/29/2022,ECP,FL,ASO,ES,Federal Contract Tower,42,34,89,6,171,0,0,22,0,22,42,34,111,6,193,4,0,4,197
06/30/2022,ECP,FL,ASO,ES,Federal Contract Tower,43,36,118,2,199,0,0,31,0,31,43,36,149,2,230,16,0,16,246
07/01/2022,ECP,FL,ASO,ES,Federal Contract Tower,43,44,114,8,209,0,0,39,0,39,43,44,153,8,248,64,14,78,326
07/02/2022,ECP,FL,ASO,ES,Federal Contract Tower,81,40,99,0,220,0,0,41,0,41,81,40,140,0,261,34,0,34,295
07/03/2022,ECP,FL,ASO,ES,Federal Contract Tower,44,19,49,0,112,0,0,38,0,38,44,19,87,0,150,42,0,42,192
07/04/2022,ECP,FL,ASO,ES,Federal Contract Tower,40,4,47,0,91,0,0,31,0,31,40,4,78,0,122,68,0,68,190
07/05/2022,ECP,FL,ASO,ES,Federal Contract Tower,42,38,113,12,205,0,0,64,0,64,42,38,177,12,269,64,0,64,333
07/06/2022,ECP,FL,ASO,ES,Federal Contract Tower,41,33,78,8,160,0,0,48,0,48,41,33,126,8,208,46,18,64,272
07/07/2022,ECP,FL,ASO,ES,Federal Contract Tower,44,23,69,2,138,0,0,44,2,46,44,23,113,4,184,53,8,61,245
07/08/2022,ECP,FL,ASO,ES,Federal Contract Tower,43,30,83,14,170,0,0,50,0,50,43,30,133,14,220,36,0,36,256
07/09/2022,ECP,FL,ASO,ES,Federal Contract Tower,83,37,114,8,242,0,0,50,0,50,83,37,164,8,292,102,0,102,394
07/10/2022,ECP,FL,ASO,ES,Federal Contract Tower,42,20,76,4,142,0,0,51,0,51,42,20,127,4,193,68,0,68,261
07/11/2022,ECP,FL,ASO,ES,Federal Contract Tower,43,8,52,1,104,0,0,36,0,36,43,8,88,1,140,52,0,52,192
07/12/2022,ECP,FL,ASO,ES,Federal Contract Tower,42,18,42,0,102,0,0,2,0,2,42,18,44,0,104,0,0,0,104
07/13/2022,ECP,FL,ASO,ES,Federal Contract Tower,43,11,54,12,120,0,0,19,0,19,43,11,73,12,139,12,0,12,151
07/14/2022,ECP,FL,ASO,ES,Federal Contract Tower,49,24,72,2,147,0,0,22,0,22,49,24,94,2,169,32,0,32,201
07/15/2022,ECP,FL,ASO,ES,Federal Contract Tower,40,23,55,0,118,0,0,31,0,31,40,23,86,0,149,104,0,104,253
07/16/2022,ECP,FL,ASO,ES,Federal Contract Tower,83,32,115,0,230,0,0,43,0,43,83,32,158,0,273,44,0,44,317
07/17/2022,ECP,FL,ASO,ES,Federal Contract Tower,42,28,72,0,142,0,1,72,0,73,42,29,144,0,215,38,0,38,253
07/18/2022,ECP,FL,ASO,ES,Federal Contract Tower,41,18,40,20,119,0,0,57,4,61,41,18,97,24,180,92,14,106,286
07/19/2022,ECP,FL,ASO,ES,Federal Contract Tower,44,17,59,26,146,0,0,50,2,52,44,17,109,28,198,24,30,54,252
07/20/2022,ECP,FL,ASO,ES,Federal Contract Tower,39,20,49,4,112,0,0,36,9,45,39,20,85,13,157,36,46,82,239
07/21/2022,ECP,FL,ASO,ES,Federal Contract Tower,41,30,62,12,145,0,0,48,3,51,41,30,110,15,196,36,12,48,244
07/22/2022,ECP,FL,ASO,ES,Federal Contract Tower,39,14,73,21,147,0,0,50,6,56,39,14,123,27,203,38,10,48,251
07/23/2022,ECP,FL,ASO,ES,Federal Contract Tower,84,37,111,0,232,0,0,45,0,45,84,37,156,0,277,62,8,70,347
07/24/2022,ECP,FL,ASO,ES,Federal Contract Tower,41,16,94,2,153,0,0,57,1,58,41,16,151,3,211,58,20,78,289
07/25/2022,ECP,FL,ASO,ES,Federal Contract Tower,43,17,61,12,133,0,0,44,3,47,43,17,105,15,180,46,8,54,234
07/26/2022,ECP,FL,ASO,ES,Federal Contract Tower,40,29,49,29,147,0,0,53,0,53,40,29,102,29,200,102,12,114,314
07/27/2022,ECP,FL,ASO,ES,Federal Contract Tower,43,37,45,15,140,0,0,45,3,48,43,37,90,18,188,38,12,50,238
07/28/2022,ECP,FL,ASO,ES,Federal Contract Tower,42,19,59,0,120,0,0,36,1,37,42,19,95,1,157,54,18,72,229
07/29/2022,ECP,FL,ASO,ES,Federal Contract Tower,45,16,82,2,145,0,2,42,2,46,45,18,124,4,191,30,10,40,231
07/30/2022,ECP,FL,ASO,ES,Federal Contract Tower,80,27,107,0,214,0,0,56,0,56,80,27,163,0,270,44,0,44,314
07/31/2022,ECP,FL,ASO,ES,Federal Contract Tower,41,31,106,0,178,0,0,50,0,50,41,31,156,0,228,26,0,26,254
08/01/2022,ECP,FL,ASO,ES,Federal Contract Tower,43,17,46,9,115,0,2,34,2,38,43,19,80,11,153,34,0,34,187
08/02/2022,ECP,FL,ASO,ES,Federal Contract Tower,43,18,44,0,105,0,0,14,0,14,43,18,58,0,119,4,12,16,135
08/03/2022,ECP,FL,ASO,ES,Federal Contract Tower,44,19,67,28,158,0,0,55,8,63,44,19,122,36,221,34,64,98,319
08/04/2022,ECP,FL,ASO,ES,Federal Contract Tower,38,23,63,12,136,0,0,41,4,45,38,23,104,16,181,44,26,70,251
08/05/2022,ECP,FL,ASO,ES,Federal Contract Tower,42,27,56,1,126,0,0,46,0,46,42,27,102,1,172,42,0,42,214
08/06/2022,ECP,FL,ASO,ES,Federal Contract Tower,84,23,67,4,178,0,3,57,4,64,84,26,124,8,242,98,8,106,348
08/07/2022,ECP,FL,ASO,ES,Federal Contract Tower,39,10,68,6,123,0,0,36,0,36,39,10,104,6,159,36,0,36,195
08/08/2022,ECP,FL,ASO,ES,Federal Contract Tower,38,10,51,8,107,0,0,48,0,48,38,10,99,8,155,54,0,54,209
08/09/2022,ECP,FL,ASO,ES,Federal Contract Tower,40,13,40,13,106,0,0,41,2,43,40,13,81,15,149,18,14,32,181
08/10/2022,ECP,FL,ASO,ES,Federal Contract Tower,39,17,71,2,129,0,0,34,0,34,39,17,105,2,163,58,8,66,229
08/11/2022,ECP,FL,ASO,ES,Federal Contract Tower,46,12,59,9,126,0,0,12,0,12,46,12,71,9,138,4,0,4,142
08/12/2022,ECP,FL,ASO,ES,Federal Contract Tower,44,19,46,3,112,0,0,23,0,23,44,19,69,3,135,36,0,36,171
08/13/2022,ECP,FL,ASO,ES,Federal Contract Tower,81,17,56,0,154,0,0,42,0,42,81,17,98,0,196,94,0,94,290
08/14/2022,ECP,FL,ASO,ES,Federal Contract Tower,42,18,68,2,130,0,3,37,0,40,42,21,105,2,170,44,28,72,242
08/15/2022,ECP,FL,ASO,ES,Federal Contract Tower,45,10,52,3,110,0,0,55,0,55,45,10,107,3,165,72,10,82,247
08/16/2022,ECP,FL,ASO,ES,Federal Contract Tower,40,22,48,2,112,0,2,23,0,25,40,24,71,2,137,38,0,38,175
08/17/2022,ECP,FL,ASO,ES,Federal Contract Tower,38,25,40,4,107,0,1,29,3,33,38,26,69,7,140,44,8,52,192
08/18/2022,ECP,FL,ASO,ES,Federal Contract Tower,40,23,60,0,123,0,0,10,0,10,40,23,70,0,133,16,26,42,175
08/19/2022,ECP,FL,ASO,ES,Federal Contract Tower,40,13,45,14,112,0,0,40,0,40,40,13,85,14,152,88,4,92,244
08/20/2022,ECP,FL,ASO,ES,Federal Contract Tower,76,16,50,0,142,0,0,35,0,35,76,16,85,0,177,56,0,56,233
08/21/2022,ECP,FL,ASO,ES,Federal Contract Tower,40,22,64,0,126,0,0,50,0,50,40,22,114,0,176,52,0,52,228
08/22/2022,ECP,FL,ASO,ES,Federal Contract Tower,36,10,43,18,107,0,0,31,2,33,36,10,74,20,140,30,8,38,178
08/23/2022,ECP,FL,ASO,ES,Federal Contract Tower,36,17,49,13,115,0,0,45,6,51,36,17,94,19,166,48,22,70,236
08/24/2022,ECP,FL,ASO,ES,Federal Contract Tower,40,24,49,18,131,0,0,33,0,33,40,24,82,18,164,46,0,46,210
08/25/2022,ECP,FL,ASO,ES,Federal Contract Tower,41,16,40,0,97,0,0,12,0,12,41,16,52,0,109,12,0,12,121
08/26/2022,ECP,FL,ASO,ES,Federal Contract Tower,41,22,62,6,131,0,0,37,0,37,41,22,99,6,168,30,0,30,198
08/27/2022,ECP,FL,ASO,ES,Federal Contract Tower,78,12,30,6,126,0,0,30,1,31,78,12,60,7,157,86,0,86,243
08/28/2022,ECP,FL,ASO,ES,Federal Contract Tower,40,18,60,0,118,0,0,53,0,53,40,18,113,0,171,110,0,110,281
08/29/2022,ECP,FL,ASO,ES,Federal Contract Tower,43,12,36,15,106,0,0,36,5,41,43,12,72,20,147,44,56,100,247
08/30/2022,ECP,FL,ASO,ES,Federal Contract Tower,40,9,25,2,76,0,0,32,2,34,40,9,57,4,110,32,22,54,164
08/31/2022,ECP,FL,ASO,ES,Federal Contract Tower,40,23,49,8,120,0,0,30,0,30,40,23,79,8,150,14,0,14,164
09/01/2022,ECP,FL,ASO,ES,Federal Contract Tower,38,23,96,8,165,0,0,56,2,58,38,23,152,10,223,18,4,22,245
09/02/2022,ECP,FL,ASO,ES,Federal Contract Tower,39,28,147,0,214,0,0,51,0,51,39,28,198,0,265,52,0,52,317
09/03/2022,ECP,FL,ASO,ES,Federal Contract Tower,67,11,49,3,130,0,0,20,0,20,67,11,69,3,150,24,0,24,174
09/04/2022,ECP,FL,ASO,ES,Federal Contract Tower,36,9,30,0,75,0,0,25,0,25,36,9,55,0,100,34,0,34,134
09/05/2022,ECP,FL,ASO,ES,Federal Contract Tower,40,30,129,0,199,0,0,53,0,53,40,30,182,0,252,42,0,42,294
09/06/2022,ECP,FL,ASO,ES,Federal Contract Tower,34,28,76,5,143,0,0,44,6,50,34,28,120,11,193,24,26,50,243
09/07/2022,ECP,FL,ASO,ES,Federal Contract Tower,33,29,41,4,107,0,0,46,0,46,33,29,87,4,153,26,22,48,201
09/08/2022,ECP,FL,ASO,ES,Federal Contract Tower,34,15,60,2,111,0,0,16,0,16,34,15,76,2,127,8,0,8,135
09/09/2022,ECP,FL,ASO,ES,Federal Contract Tower,32,23,30,9,94,0,0,7,2,9,32,23,37,11,103,20,2,22,125
09/10/2022,ECP,FL,ASO,ES,Federal Contract Tower,39,4,29,0,72,0,0,4,0,4,39,4,33,0,76,6,0,6,82
09/11/2022,ECP,FL,ASO,ES,Federal Contract Tower,43,10,43,2,98,0,0,16,2,18,43,10,59,4,116,40,0,40,156
09/12/2022,ECP,FL,ASO,ES,Federal Contract Tower,32,16,36,3,87,0,6,61,5,72,32,22,97,8,159,100,10,110,269
09/13/2022,ECP,FL,ASO,ES,Federal Contract Tower,32,15,23,8,78,0,0,52,7,59,32,15,75,15,137,36,42,78,215
09/14/2022,ECP,FL,ASO,ES,Federal Contract Tower,32,25,38,3,98,0,0,48,3,51,32,25,86,6,149,34,40,74,223
09/15/2022,ECP,FL,ASO,ES,Federal Contract Tower,32,18,64,11,125,0,0,45,2,47,32,18,109,13,172,30,32,62,234
09/16/2022,ECP,FL,ASO,ES,Federal Contract Tower,33,19,50,11,113,0,0,46,10,56,33,19,96,21,169,74,38,112,281
09/17/2022,ECP,FL,ASO,ES,Federal Contract Tower,39,9,34,0,82,0,0,43,0,43,39,9,77,0,125,34,0,34,159
09/18/2022,ECP,FL,ASO,ES,Federal Contract Tower,43,20,72,5,140,0,0,69,0,69,43,20,141,5,209,58,0,58,267
09/19/2022,ECP,FL,ASO,ES,Federal Contract Tower,33,11,36,5,85,0,0,57,4,61,33,11,93,9,146,34,22,56,202
09/20/2022,ECP,FL,ASO,ES,Federal Contract Tower,31,10,47,13,101,0,0,64,0,64,31,10,111,13,165,24,40,64,229
09/22/2022,ECP,FL,ASO,ES,Federal Contract Tower,32,34,64,5,135,3,5,51,1,60,35,39,115,6,195,38,0,38,233
09/23/2022,ECP,FL,ASO,ES,Federal Contract Tower,32,18,55,7,112,0,0,39,6,45,32,18,94,13,157,52,16,68,225
09/24/2022,ECP,FL,ASO,ES,Federal Contract Tower,39,13,30,0,82,0,2,53,0,55,39,15,83,0,137,46,0,46,183
09/25/2022,ECP,FL,ASO,ES,Federal Contract Tower,42,22,85,4,153,0,0,48,2,50,42,22,133,6,203,28,8,36,239
09/26/2022,ECP,FL,ASO,ES,Federal Contract Tower,31,13,49,7,100,0,0,49,0,49,31,13,98,7,149,50,0,50,199
09/27/2022,ECP,FL,ASO,ES,Federal Contract Tower,35,22,40,2,99,2,2,37,0,41,37,24,77,2,140,56,20,76,216
09/28/2022,ECP,FL,ASO,ES,Federal Contract Tower,33,10,33,4,80,0,0,7,0,7,33,10,40,4,87,0,0,0,87
09/29/2022,ECP,FL,ASO,ES,Federal Contract Tower,32,12,27,2,73,0,0,15,0,15,32,12,42,2,88,6,0,6,94
09/30/2022,ECP,FL,ASO,ES,Federal Contract Tower,32,14,49,2,97,0,0,37,0,37,32,14,86,2,134,30,0,30,164
10/01/2022,ECP,FL,ASO,ES,Federal Contract Tower,37,17,33,5,92,0,0,40,0,40,37,17,73,5,132,20,0,20,152
10/02/2022,ECP,FL,ASO,ES,Federal Contract Tower,42,17,59,0,118,0,0,47,0,47,42,17,106,0,165,6,0,6,171
10/03/2022,ECP,FL,ASO,ES,Federal Contract Tower,34,18,40,24,116,0,0,46,2,48,34,18,86,26,164,14,26,40,204
10/04/2022,ECP,FL,ASO,ES,Federal Contract Tower,31,27,39,14,111,0,0,44,2,46,31,27,83,16,157,34,28,62,219
10/06/2022,ECP,FL,ASO,ES,Federal Contract Tower,30,35,76,23,164,0,2,45,0,47,30,37,121,23,211,54,14,68,279
10/07/2022,ECP,FL,ASO,ES,Federal Contract Tower,32,38,93,7,170,0,0,51,1,52,32,38,144,8,222,10,6,16,238
10/08/2022,ECP,FL,ASO,ES,Federal Contract Tower,40,18,70,0,128,0,0,46,0,46,40,18,116,0,174,22,0,22,196
10/09/2022,ECP,FL,ASO,ES,Federal Contract Tower,41,37,88,0,166,0,2,53,0,55,41,39,141,0,221,16,0,16,237
10/10/2022,ECP,FL,ASO,ES,Federal Contract Tower,32,19,79,0,130,0,0,64,0,64,32,19,143,0,194,68,0,68,262
10/11/2022,ECP,FL,ASO,ES,Federal Contract Tower,31,27,77,2,137,0,0,57,0,57,31,27,134,2,194,44,0,44,238
10/12/2022,ECP,FL,ASO,ES,Federal Contract Tower,31,40,62,36,169,0,0,14,0,14,31,40,76,36,183,4,0,4,187
10/13/2022,ECP,FL,ASO,ES,Federal Contract Tower,31,37,84,2,154,0,0,38,2,40,31,37,122,4,194,30,10,40,234
10/14/2022,ECP,FL,ASO,ES,Federal Contract Tower,31,29,76,6,142,0,0,56,2,58,31,29,132,8,200,20,4,24,224
10/15/2022,ECP,FL,ASO,ES,Federal Contract Tower,39,37,73,2,151,0,0,47,0,47,39,37,120,2,198,24,0,24,222
10/16/2022,ECP,FL,ASO,ES,Federal Contract Tower,42,42,89,0,173,0,2,69,0,71,42,44,158,0,244,26,0,26,270
10/17/2022,ECP,FL,ASO,ES,Federal Contract Tower,30,27,61,2,120,0,0,31,0,31,30,27,92,2,151,42,40,82,233
10/18/2022,ECP,FL,ASO,ES,Federal Contract Tower,30,22,66,0,118,0,0,47,0,47,30,22,113,0,165,40,8,48,213
10/19/2022,ECP,FL,ASO,ES,Federal Contract Tower,31,20,69,7,127,0,0,51,0,51,31,20,120,7,178,56,12,68,246
10/20/2022,ECP,FL,ASO,ES,Federal Contract Tower,29,30,67,4,130,0,0,47,0,47,29,30,114,4,177,74,8,82,259
10/21/2022,ECP,FL,ASO,ES,Federal Contract Tower,31,23,63,2,119,0,0,68,2,70,31,23,131,4,189,126,28,154,343
10/22/2022,ECP,FL,ASO,ES,Federal Contract Tower,41,25,35,0,101,0,0,40,0,40,41,25,75,0,141,16,0,16,157
10/23/2022,ECP,FL,ASO,ES,Federal Contract Tower,42,32,81,0,155,0,0,47,0,47,42,32,128,0,202,8,0,8,210
10/24/2022,ECP,FL,ASO,ES,Federal Contract Tower,31,16,69,4,120,0,0,54,0,54,31,16,123,4,174,50,0,50,224
10/25/2022,ECP,FL,ASO,ES,Federal Contract Tower,30,19,50,10,109,0,0,42,4,46,30,19,92,14,155,16,14,30,185
10/26/2022,ECP,FL,ASO,ES,Federal Contract Tower,32,14,55,11,112,0,0,43,6,49,32,14,98,17,161,28,34,62,223
10/27/2022,ECP,FL,ASO,ES,Federal Contract Tower,35,23,56,12,126,0,0,48,0,48,35,23,104,12,174,46,22,68,242
10/28/2022,ECP,FL,ASO,ES,Federal Contract Tower,30,16,70,2,118,0,0,18,0,18,30,16,88,2,136,18,0,18,154
10/29/2022,ECP,FL,ASO,ES,Federal Contract Tower,37,14,50,2,103,0,0,6,0,6,37,14,56,2,109,8,0,8,117
10/30/2022,ECP,FL,ASO,ES,Federal Contract Tower,41,11,53,0,105,0,0,1,0,1,41,11,54,0,106,0,0,0,106
10/31/2022,ECP,FL,ASO,ES,Federal Contract Tower,29,14,33,6,82,0,0,37,2,39,29,14,70,8,121,28,10,38,159
11/01/2022,ECP,FL,ASO,ES,Federal Contract Tower,32,22,44,2,100,0,0,47,2,49,32,22,91,4,149,32,32,64,213
11/02/2022,ECP,FL,ASO,ES,Federal Contract Tower,31,19,38,16,104,0,0,41,0,41,31,19,79,16,145,86,12,98,243
11/03/2022,ECP,FL,ASO,ES,Federal Contract Tower,31,28,72,9,140,0,1,46,2,49,31,29,118,11,189,32,46,78,267
11/04/2022,ECP,FL,ASO,ES,Federal Contract Tower,29,35,48,13,125,0,0,39,4,43,29,35,87,17,168,12,14,26,194
11/05/2022,ECP,FL,ASO,ES,Federal Contract Tower,37,18,22,0,77,0,2,43,0,45,37,20,65,0,122,26,0,26,148
11/06/2022,ECP,FL,ASO,ES,Federal Contract Tower,30,34,76,0,140,0,2,54,3,59,30,36,130,3,199,22,0,22,221
11/07/2022,ECP,FL,ASO,ES,Federal Contract Tower,31,21,46,6,104,2,0,55,4,61,33,21,101,10,165,10,66,76,241
11/08/2022,ECP,FL,ASO,ES,Federal Contract Tower,30,11,47,3,91,0,0,35,0,35,30,11,82,3,126,11,56,67,193
11/09/2022,ECP,FL,ASO,ES,Federal Contract Tower,32,17,50,6,105,0,0,14,0,14,32,17,64,6,119,0,0,0,119
11/10/2022,ECP,FL,ASO,ES,Federal Contract Tower,31,16,17,0,64,0,0,0,0,0,31,16,17,0,64,0,0,0,64
11/11/2022,ECP,FL,ASO,ES,Federal Contract Tower,31,19,53,0,103,0,0,28,6,34,31,19,81,6,137,34,0,34,171
11/12/2022,ECP,FL,ASO,ES,Federal Contract Tower,37,9,35,0,81,0,0,43,0,43,37,9,78,0,124,42,0,42,166
11/13/2022,ECP,FL,ASO,ES,Federal Contract Tower,31,28,54,0,113,0,1,43,0,44,31,29,97,0,157,22,0,22,179
11/14/2022,ECP,FL,ASO,ES,Federal Contract Tower,31,25,42,7,105,0,0,41,0,41,31,25,83,7,146,18,0,18,164
11/15/2022,ECP,FL,ASO,ES,Federal Contract Tower,31,20,26,5,82,0,0,3,0,3,31,20,29,5,85,0,34,34,119
11/17/2022,ECP,FL,ASO,ES,Federal Contract Tower,29,22,23,5,79,0,0,48,2,50,29,22,71,7,129,42,20,62,191
11/18/2022,ECP,FL,ASO,ES,Federal Contract Tower,30,29,91,0,150,0,0,72,0,72,30,29,163,0,222,50,0,50,272
11/19/2022,ECP,FL,ASO,ES,Federal Contract Tower,37,28,37,2,104,0,0,25,0,25,37,28,62,2,129,30,0,30,159
11/20/2022,ECP,FL,ASO,ES,Federal Contract Tower,32,29,69,0,130,0,0,25,0,25,32,29,94,0,155,14,0,14,169
11/21/2022,ECP,FL,ASO,ES,Federal Contract Tower,32,29,48,2,111,0,0,48,3,51,32,29,96,5,162,32,34,66,228
11/22/2022,ECP,FL,ASO,ES,Federal Contract Tower,31,34,62,3,130,0,0,45,0,45,31,34,107,3,175,30,35,65,240
11/23/2022,ECP,FL,ASO,ES,Federal Contract Tower,29,33,107,0,169,0,0,37,0,37,29,33,144,0,206,10,0,10,216
11/24/2022,ECP,FL,ASO,ES,Federal Contract Tower,25,10,3,0,38,0,0,0,0,0,25,10,3,0,38,0,0,0,38
11/25/2022,ECP,FL,ASO,ES,Federal Contract Tower,29,29,53,0,111,0,0,12,0,12,29,29,65,0,123,25,0,25,148
11/26/2022,ECP,FL,ASO,ES,Federal Contract Tower,39,61,68,4,172,0,0,0,0,0,39,61,68,4,172,0,0,0,172
11/27/2022,ECP,FL,ASO,ES,Federal Contract Tower,36,59,140,0,235,0,0,44,0,44,36,59,184,0,279,8,0,8,287
11/28/2022,ECP,FL,ASO,ES,Federal Contract Tower,30,22,35,11,98,0,0,31,1,32,30,22,66,12,130,36,28,64,194
11/29/2022,ECP,FL,ASO,ES,Federal Contract Tower,32,15,51,24,122,0,0,26,1,27,32,15,77,25,149,16,10,26,175
11/30/2022,ECP,FL,ASO,ES,Federal Contract Tower,29,17,56,6,108,0,0,8,14,22,29,17,64,20,130,8,68,76,206
12/01/2022,ECP,FL,ASO,ES,Federal Contract Tower,31,17,56,19,123,0,0,33,4,37,31,17,89,23,160,19,36,55,215
12/02/2022,ECP,FL,ASO,ES,Federal Contract Tower,33,24,48,13,118,0,0,45,2,47,33,24,93,15,165,20,24,44,209
12/03/2022,ECP,FL,ASO,ES,Federal Contract Tower,35,13,31,6,85,0,0,34,0,34,35,13,65,6,119,32,0,32,151
12/04/2022,ECP,FL,ASO,ES,Federal Contract Tower,29,28,38,3,98,0,0,10,0,10,29,28,48,3,108,0,0,0,108
12/05/2022,ECP,FL,ASO,ES,Federal Contract Tower,29,17,29,2,77,0,0,34,1,35,29,17,63,3,112,36,0,36,148
12/06/2022,ECP,FL,ASO,ES,Federal Contract Tower,27,15,23,2,67,0,0,36,0,36,27,15,59,2,103,18,0,18,121
12/07/2022,ECP,FL,ASO,ES,Federal Contract Tower,30,14,23,12,79,0,0,16,0,16,30,14,39,12,95,14,8,22,117
12/08/2022,ECP,FL,ASO,ES,Federal Contract Tower,27,13,42,4,86,0,0,14,1,15,27,13,56,5,101,6,26,32,133
12/09/2022,ECP,FL,ASO,ES,Federal Contract Tower,30,17,32,23,102,0,0,25,0,25,30,17,57,23,127,17,0,17,144
12/10/2022,ECP,FL,ASO,ES,Federal Contract Tower,37,8,25,4,74,0,0,12,0,12,37,8,37,4,86,16,0,16,102
12/11/2022,ECP,FL,ASO,ES,Federal Contract Tower,28,24,33,2,87,0,0,10,0,10,28,24,43,2,97,2,0,2,99
12/12/2022,ECP,FL,ASO,ES,Federal Contract Tower,30,12,25,8,75,0,0,9,1,10,30,12,34,9,85,0,0,0,85
12/13/2022,ECP,FL,ASO,ES,Federal Contract Tower,29,13,30,21,93,0,0,30,0,30,29,13,60,21,123,28,18,46,169
12/14/2022,ECP,FL,ASO,ES,Federal Contract Tower,30,14,18,7,69,0,0,2,1,3,30,14,20,8,72,16,0,16,88
12/15/2022,ECP,FL,ASO,ES,Federal Contract Tower,37,17,47,5,106,0,0,20,4,24,37,17,67,9,130,6,42,48,178
12/16/2022,ECP,FL,ASO,ES,Federal Contract Tower,31,15,40,2,88,0,0,62,0,62,31,15,102,2,150,48,0,48,198
12/17/2022,ECP,FL,ASO,ES,Federal Contract Tower,36,16,26,0,78,0,0,40,0,40,36,16,66,0,118,0,0,0,118
12/18/2022,ECP,FL,ASO,ES,Federal Contract Tower,29,11,36,1,77,0,0,54,4,58,29,11,90,5,135,26,12,38,173
12/19/2022,ECP,FL,ASO,ES,Federal Contract Tower,30,10,45,2,87,0,0,54,0,54,30,10,99,2,141,14,0,14,155
12/20/2022,ECP,FL,ASO,ES,Federal Contract Tower,34,14,32,8,88,6,0,3,0,9,40,14,35,8,97,4,2,6,103
12/21/2022,ECP,FL,ASO,ES,Federal Contract Tower,30,12,37,36,115,0,0,0,0,0,30,12,37,36,115,0,0,0,115
12/22/2022,ECP,FL,ASO,ES,Federal Contract Tower,30,14,36,0,80,0,0,2,0,2,30,14,38,0,82,0,0,0,82
12/23/2022,ECP,FL,ASO,ES,Federal Contract Tower,21,11,24,0,56,0,0,14,0,14,21,11,38,0,70,25,0,25,95
12/24/2022,ECP,FL,ASO,ES,Federal Contract Tower,25,5,16,0,46,0,0,2,0,2,25,5,18,0,48,2,0,2,50
12/25/2022,ECP,FL,ASO,ES,Federal Contract Tower,27,10,13,0,50,0,0,7,0,7,27,10,20,0,57,0,0,0,57
12/26/2022,ECP,FL,ASO,ES,Federal Contract Tower,24,10,79,0,113,0,0,42,0,42,24,10,121,0,155,28,2,30,185
12/27/2022,ECP,FL,ASO,ES,Federal Contract Tower,25,40,105,0,170,0,0,44,0,44,25,40,149,0,214,44,0,44,258
12/28/2022,ECP,FL,ASO,ES,Federal Contract Tower,25,40,62,0,127,0,0,40,0,40,25,40,102,0,167,4,0,4,171
12/29/2022,ECP,FL,ASO,ES,Federal Contract Tower,27,29,75,1,132,0,0,48,1,49,27,29,123,2,181,34,19,53,234
12/30/2022,ECP,FL,ASO,ES,Federal Contract Tower,29,19,71,0,119,0,0,20,0,20,29,19,91,0,139,26,0,26,165
12/31/2022,ECP,FL,ASO,ES,Federal Contract Tower,31,12,36,0,79,0,0,1,0,1,31,12,37,0,80,0,0,0,80
01/01/2023,ECP,FL,ASO,ES,Federal Contract Tower,26,31,61,0,118,0,0,35,0,35,26,31,96,0,153,12,0,12,165
01/02/2023,ECP,FL,ASO,ES,Federal Contract Tower,35,29,125,0,189,0,0,11,0,11,35,29,136,0,200,6,0,6,206
01/03/2023,ECP,FL,ASO,ES,Federal Contract Tower,31,23,34,0,88,0,0,6,0,6,31,23,40,0,94,10,0,10,104
01/04/2023,ECP,FL,ASO,ES,Federal Contract Tower,31,23,25,5,84,0,0,31,0,31,31,23,56,5,115,22,6,28,143
01/05/2023,ECP,FL,ASO,ES,Federal Contract Tower,26,26,56,0,108,0,0,50,0,50,26,26,106,0,158,42,2,44,202
01/06/2023,ECP,FL,ASO,ES,Federal Contract Tower,28,11,50,4,93,0,2,41,2,45,28,13,91,6,138,16,16,32,170
01/07/2023,ECP,FL,ASO,ES,Federal Contract Tower,28,14,42,0,84,0,0,53,0,53,28,14,95,0,137,90,0,90,227
01/08/2023,ECP,FL,ASO,ES,Federal Contract Tower,32,14,42,0,88,0,0,37,0,37,32,14,79,0,125,46,0,46,171
01/09/2023,ECP,FL,ASO,ES,Federal Contract Tower,29,16,46,10,101,0,0,43,2,45,29,16,89,12,146,72,14,86,232
01/10/2023,ECP,FL,ASO,ES,Federal Contract Tower,21,8,36,7,72,0,0,49,0,49,21,8,85,7,121,18,0,18,139
01/11/2023,ECP,FL,ASO,ES,Federal Contract Tower,19,14,49,26,108,0,0,32,3,35,19,14,81,29,143,26,82,108,251
01/12/2023,ECP,FL,ASO,ES,Federal Contract Tower,26,22,39,6,93,0,0,20,2,22,26,22,59,8,115,4,52,56,171
01/13/2023,ECP,FL,ASO,ES,Federal Contract Tower,26,26,75,2,129,0,0,14,2,16,26,26,89,4,145,4,0,4,149
01/14/2023,ECP,FL,ASO,ES,Federal Contract Tower,25,9,21,0,55,0,0,37,0,37,25,9,58,0,92,26,0,26,118
01/15/2023,ECP,FL,ASO,ES,Federal Contract Tower,26,13,47,2,88,0,0,45,0,45,26,13,92,2,133,18,0,18,151
01/16/2023,ECP,FL,ASO,ES,Federal Contract Tower,25,23,60,0,108,0,2,44,0,46,25,25,104,0,154,38,0,38,192
01/17/2023,ECP,FL,ASO,ES,Federal Contract Tower,21,19,36,35,111,0,0,41,0,41,21,19,77,35,152,24,28,52,204
01/18/2023,ECP,FL,ASO,ES,Federal Contract Tower,23,13,30,35,101,0,0,26,3,29,23,13,56,38,130,40,22,62,192
01/19/2023,ECP,FL,ASO,ES,Federal Contract Tower,26,18,43,12,99,0,0,43,0,43,26,18,86,12,142,28,36,64,206
01/20/2023,ECP,FL,ASO,ES,Federal Contract Tower,26,6,39,2,73,0,0,56,0,56,26,6,95,2,129,46,0,46,175
01/21/2023,ECP,FL,ASO,ES,Federal Contract Tower,23,16,19,10,68,0,0,19,0,19,23,16,38,10,87,22,0,22,109
01/22/2023,ECP,FL,ASO,ES,Federal Contract Tower,27,14,27,0,68,0,0,0,0,0,27,14,27,0,68,0,0,0,68
01/23/2023,ECP,FL,ASO,ES,Federal Contract Tower,24,17,47,0,88,0,0,44,0,44,24,17,91,0,132,28,0,28,160
01/24/2023,ECP,FL,ASO,ES,Federal Contract Tower,24,14,38,6,82,0,4,39,0,43,24,18,77,6,125,40,0,40,165
01/25/2023,ECP,FL,ASO,ES,Federal Contract Tower,25,16,25,4,70,0,0,9,4,13,25,16,34,8,83,16,16,32,115
01/26/2023,ECP,FL,ASO,ES,Federal Contract Tower,23,14,48,0,85,0,0,38,0,38,23,14,86,0,123,56,0,56,179
01/27/2023,ECP,FL,ASO,ES,Federal Contract Tower,24,15,48,12,99,0,1,42,11,54,24,16,90,23,153,20,21,41,194
01/28/2023,ECP,FL,ASO,ES,Federal Contract Tower,22,15,18,0,55,0,6,50,2,58,22,21,68,2,113,54,0,54,167
01/29/2023,ECP,FL,ASO,ES,Federal Contract Tower,28,10,28,0,66,0,0,0,0,0,28,10,28,0,66,0,0,0,66
01/30/2023,ECP,FL,ASO,ES,Federal Contract Tower,24,12,39,6,81,0,0,18,0,18,24,12,57,6,99,22,12,34,133
01/31/2023,ECP,FL,ASO,ES,Federal Contract Tower,20,11,24,18,73,0,0,0,0,0,20,11,24,18,73,0,6,6,79
02/01/2023,ECP,FL,ASO,ES,Federal Contract Tower,20,20,42,31,113,0,0,9,0,9,20,20,51,31,122,0,0,0,122
02/02/2023,ECP,FL,ASO,ES,Federal Contract Tower,20,25,31,2,78,0,0,0,0,0,20,25,31,2,78,0,0,0,78
02/03/2023,ECP,FL,ASO,ES,Federal Contract Tower,22,12,47,6,87,0,0,33,2,35,22,12,80,8,122,32,8,40,162
02/04/2023,ECP,FL,ASO,ES,Federal Contract Tower,28,18,28,0,74,0,0,53,0,53,28,18,81,0,127,76,0,76,203
02/05/2023,ECP,FL,ASO,ES,Federal Contract Tower,27,40,45,0,112,0,0,49,0,49,27,40,94,0,161,66,0,66,227
02/06/2023,ECP,FL,ASO,ES,Federal Contract Tower,25,17,42,11,95,1,0,40,5,46,26,17,82,16,141,60,42,102,243
02/07/2023,ECP,FL,ASO,ES,Federal Contract Tower,23,11,46,9,89,0,0,43,5,48,23,11,89,14,137,44,64,108,245
02/08/2023,ECP,FL,ASO,ES,Federal Contract Tower,33,14,44,49,140,0,0,38,3,41,33,14,82,52,181,18,64,82,263
02/09/2023,ECP,FL,ASO,ES,Federal Contract Tower,26,10,32,4,72,2,0,5,0,7,28,10,37,4,79,0,0,0,79
02/10/2023,ECP,FL,ASO,ES,Federal Contract Tower,25,10,42,4,81,0,0,2,0,2,25,10,44,4,83,0,0,0,83
02/11/2023,ECP,FL,ASO,ES,Federal Contract Tower,28,7,19,0,54,0,0,0,0,0,28,7,19,0,54,0,0,0,54
02/12/2023,ECP,FL,ASO,ES,Federal Contract Tower,27,16,36,1,80,0,0,12,8,20,27,16,48,9,100,12,0,12,112
02/13/2023,ECP,FL,ASO,ES,Federal Contract Tower,24,10,40,2,76,0,7,39,0,46,24,17,79,2,122,38,26,64,186
02/14/2023,ECP,FL,ASO,ES,Federal Contract Tower,25,11,27,12,75,0,0,36,0,36,25,11,63,12,111,14,0,14,125
02/15/2023,ECP,FL,ASO,ES,Federal Contract Tower,25,17,57,12,111,0,0,33,2,35,25,17,90,14,146,26,22,48,194
02/16/2023,ECP,FL,ASO,ES,Federal Contract Tower,29,22,48,31,130,0,0,15,5,20,29,22,63,36,150,0,10,10,160
02/17/2023,ECP,FL,ASO,ES,Federal Contract Tower,25,27,84,4,140,0,0,11,2,13,25,27,95,6,153,10,10,20,173
02/18/2023,ECP,FL,ASO,ES,Federal Contract Tower,29,29,33,1,92,0,2,51,0,53,29,31,84,1,145,24,0,24,169
02/19/2023,ECP,FL,ASO,ES,Federal Contract Tower,27,11,53,2,93,0,0,71,2,73,27,11,124,4,166,62,0,62,228
02/20/2023,ECP,FL,ASO,ES,Federal Contract Tower,27,36,89,0,152,0,4,66,0,70,27,40,155,0,222,54,0,54,276
02/21/2023,ECP,FL,ASO,ES,Federal Contract Tower,25,28,40,4,97,0,4,27,0,31,25,32,67,4,128,0,0,0,128
02/22/2023,ECP,FL,ASO,ES,Federal Contract Tower,24,24,51,3,102,0,0,20,2,22,24,24,71,5,124,0,6,6,130
02/23/2023,ECP,FL,ASO,ES,Federal Contract Tower,25,24,59,4,112,0,0,7,0,7,25,24,66,4,119,0,0,0,119
02/24/2023,ECP,FL,ASO,ES,Federal Contract Tower,27,24,67,8,126,0,0,29,0,29,27,24,96,8,155,66,0,66,221
02/25/2023,ECP,FL,ASO,ES,Federal Contract Tower,32,16,27,9,84,0,4,19,1,24,32,20,46,10,108,10,0,10,118
02/26/2023,ECP,FL,ASO,ES,Federal Contract Tower,28,24,70,4,126,0,0,49,0,49,28,24,119,4,175,30,0,30,205
02/27/2023,ECP,FL,ASO,ES,Federal Contract Tower,25,16,61,54,156,0,0,25,2,27,25,16,86,56,183,0,0,0,183
02/28/2023,ECP,FL,ASO,ES,Federal Contract Tower,23,19,51,6,99,0,0,35,0,35,23,19,86,6,134,30,0,30,164
03/01/2023,ECP,FL,ASO,ES,Federal Contract Tower,33,16,46,16,111,0,0,23,0,23,33,16,69,16,134,12,0,12,146
03/02/2023,ECP,FL,ASO,ES,Federal Contract Tower,27,19,71,62,179,6,0,18,0,24,33,19,89,62,203,0,0,0,203
03/03/2023,ECP,FL,ASO,ES,Federal Contract Tower,34,26,46,2,108,0,0,2,0,2,34,26,48,2,110,0,0,0,110
03/04/2023,ECP,FL,ASO,ES,Federal Contract Tower,36,18,58,0,112,0,0,71,0,71,36,18,129,0,183,26,0,26,209
03/05/2023,ECP,FL,ASO,ES,Federal Contract Tower,33,22,76,0,131,0,0,66,0,66,33,22,142,0,197,50,0,50,247
03/06/2023,ECP,FL,ASO,ES,Federal Contract Tower,30,9,71,0,110,0,0,29,2,31,30,9,100,2,141,14,0,14,155
03/07/2023,ECP,FL,ASO,ES,Federal Contract Tower,28,28,61,6,123,0,2,37,2,41,28,30,98,8,164,22,58,80,244
03/08/2023,ECP,FL,ASO,ES,Federal Contract Tower,28,28,76,13,145,0,0,37,0,37,28,28,113,13,182,10,12,22,204
03/09/2023,ECP,FL,ASO,ES,Federal Contract Tower,33,14,69,34,150,0,0,22,0,22,33,14,91,34,172,38,14,52,224
03/10/2023,ECP,FL,ASO,ES,Federal Contract Tower,39,30,110,2,181,0,0,32,2,34,39,30,142,4,215,44,6,50,265
03/11/2023,ECP,FL,ASO,ES,Federal Contract Tower,64,38,113,0,215,0,6,69,0,75,64,44,182,0,290,42,0,42,332
03/12/2023,ECP,FL,ASO,ES,Federal Contract Tower,37,32,58,0,127,0,1,8,0,9,37,33,66,0,136,8,0,8,144
03/13/2023,ECP,FL,ASO,ES,Federal Contract Tower,37,35,54,2,128,0,0,40,0,40,37,35,94,2,168,64,0,64,232
03/14/2023,ECP,FL,ASO,ES,Federal Contract Tower,38,29,50,2,119,0,2,63,0,65,38,31,113,2,184,72,0,72,256
03/15/2023,ECP,FL,ASO,ES,Federal Contract Tower,37,29,84,7,157,0,0,80,4,84,37,29,164,11,241,120,48,168,409
03/16/2023,ECP,FL,ASO,ES,Federal Contract Tower,34,30,74,31,169,0,0,61,4,65,34,30,135,35,234,36,44,80,314
03/17/2023,ECP,FL,ASO,ES,Federal Contract Tower,38,15,67,8,128,0,0,20,0,20,38,15,87,8,148,18,0,18,166
03/18/2023,ECP,FL,ASO,ES,Federal Contract Tower,64,50,115,0,229,0,0,51,6,57,64,50,166,6,286,34,4,38,324
03/19/2023,ECP,FL,ASO,ES,Federal Contract Tower,42,26,92,0,160,0,2,62,0,64,42,28,154,0,224,60,0,60,284
03/20/2023,ECP,FL,ASO,ES,Federal Contract Tower,38,14,38,1,91,0,0,42,2,44,38,14,80,3,135,30,28,58,193
03/21/2023,ECP,FL,ASO,ES,Federal Contract Tower,37,21,35,9,102,0,0,60,2,62,37,21,95,11,164,44,42,86,250
03/22/2023,ECP,FL,ASO,ES,Federal Contract Tower,40,14,46,10,110,0,0,27,0,27,40,14,73,10,137,24,0,24,161
03/23/2023,ECP,FL,ASO,ES,Federal Contract Tower,36,18,62,14,130,0,4,31,1,36,36,22,93,15,166,40,26,66,232
03/24/2023,ECP,FL,ASO,ES,Federal Contract Tower,36,20,56,20,132,0,4,36,10,50,36,24,92,30,182,38,34,72,254
03/25/2023,ECP,FL,ASO,ES,Federal Contract Tower,64,22,81,0,167,0,0,2,0,2,64,22,83,0,169,4,0,4,173
03/26/2023,ECP,FL,ASO,ES,Federal Contract Tower,37,16,62,0,115,5,2,33,0,40,42,18,95,0,155,30,0,30,185
03/27/2023,ECP,FL,ASO,ES,Federal Contract Tower,36,14,57,0,107,0,0,4,0,4,36,14,61,0,111,6,0,6,117
03/28/2023,ECP,FL,ASO,ES,Federal Contract Tower,38,19,33,2,92,0,0,6,0,6,38,19,39,2,98,6,0,6,104
03/29/2023,ECP,FL,ASO,ES,Federal Contract Tower,36,27,62,17,142,0,0,61,0,61,36,27,123,17,203,22,36,58,261
03/30/2023,ECP,FL,ASO,ES,Federal Contract Tower,38,14,46,14,112,0,0,31,1,32,38,14,77,15,144,16,52,68,212
03/31/2023,ECP,FL,ASO,ES,Federal Contract Tower,35,39,69,16,159,0,0,47,0,47,35,39,116,16,206,44,6,50,256
04/01/2023,ECP,FL,ASO,ES,Federal Contract Tower,62,37,65,0,164,0,0,5,0,5,62,37,70,0,169,8,0,8,177
04/02/2023,ECP,FL,ASO,ES,Federal Contract Tower,38,27,71,0,136,0,0,57,0,57,38,27,128,0,193,70,0,70,263
04/03/2023,ECP,FL,ASO,ES,Federal Contract Tower,37,26,55,4,122,0,0,16,0,16,37,26,71,4,138,16,0,16,154
04/04/2023,ECP,FL,ASO,ES,Federal Contract Tower,38,26,48,28,140,0,0,28,0,28,38,26,76,28,168,4,20,24,192
04/05/2023,ECP,FL,ASO,ES,Federal Contract Tower,35,40,49,24,148,0,0,42,0,42,35,40,91,24,190,16,18,34,224
04/06/2023,ECP,FL,ASO,ES,Federal Contract Tower,36,50,91,32,209,0,0,41,4,45,36,50,132,36,254,90,34,124,378
04/07/2023,ECP,FL,ASO,ES,Federal Contract Tower,36,32,102,18,188,0,0,38,2,40,36,32,140,20,228,62,23,85,313
04/08/2023,ECP,FL,ASO,ES,Federal Contract Tower,65,39,58,0,162,0,0,0,0,0,65,39,58,0,162,0,0,0,162
04/09/2023,ECP,FL,ASO,ES,Federal Contract Tower,43,29,66,0,138,0,4,21,0,25,43,33,87,0,163,50,0,50,213
04/10/2023,ECP,FL,ASO,ES,Federal Contract Tower,37,49,100,2,188,0,3,39,2,44,37,52,139,4,232,39,12,51,283
04/11/2023,ECP,FL,ASO,ES,Federal Contract Tower,37,45,51,4,137,0,20,46,0,66,37,65,97,4,203,42,0,42,245
04/12/2023,ECP,FL,ASO,ES,Federal Contract Tower,38,26,51,4,119,0,0,30,0,30,38,26,81,4,149,60,18,78,227
04/13/2023,ECP,FL,ASO,ES,Federal Contract Tower,39,27,46,12,124,0,0,29,0,29,39,27,75,12,153,38,0,38,191
04/14/2023,ECP,FL,ASO,ES,Federal Contract Tower,33,31,70,0,134,0,0,33,0,33,33,31,103,0,167,30,0,30,197
04/15/2023,ECP,FL,ASO,ES,Federal Contract Tower,66,27,55,2,150,0,0,40,0,40,66,27,95,2,190,22,0,22,212
04/16/2023,ECP,FL,ASO,ES,Federal Contract Tower,47,33,66,0,146,0,0,35,0,35,47,33,101,0,181,96,0,96,277
04/17/2023,ECP,FL,ASO,ES,Federal Contract Tower,40,21,35,12,108,0,0,41,0,41,40,21,76,12,149,48,0,48,197
04/18/2023,ECP,FL,ASO,ES,Federal Contract Tower,36,17,32,19,104,0,0,52,0,52,36,17,84,19,156,38,28,66,222
04/19/2023,ECP,FL,ASO,ES,Federal Contract Tower,37,16,55,5,113,0,0,51,0,51,37,16,106,5,164,56,38,94,258
04/20/2023,ECP,FL,ASO,ES,Federal Contract Tower,40,22,72,27,161,0,8,53,0,61,40,30,125,27,222,48,44,92,314
04/21/2023,ECP,FL,ASO,ES,Federal Contract Tower,36,23,48,11,118,0,2,51,2,55,36,25,99,13,173,58,8,66,239
04/22/2023,ECP,FL,ASO,ES,Federal Contract Tower,65,12,53,0,130,0,8,36,0,44,65,20,89,0,174,16,0,16,190
04/23/2023,ECP,FL,ASO,ES,Federal Contract Tower,47,27,83,1,158,0,4,77,0,81,47,31,160,1,239,60,0,60,299
04/24/2023,ECP,FL,ASO,ES,Federal Contract Tower,37,20,60,1,118,0,4,60,0,64,37,24,120,1,182,40,0,40,222
04/25/2023,ECP,FL,ASO,ES,Federal Contract Tower,36,8,36,4,84,0,0,49,2,51,36,8,85,6,135,42,12,54,189
04/26/2023,ECP,FL,ASO,ES,Federal Contract Tower,37,27,57,23,144,0,0,48,4,52,37,27,105,27,196,78,62,140,336
04/27/2023,ECP,FL,ASO,ES,Federal Contract Tower,39,18,50,5,112,0,0,4,1,5,39,18,54,6,117,12,18,30,147
04/28/2023,ECP,FL,ASO,ES,Federal Contract Tower,37,30,62,6,135,0,0,33,7,40,37,30,95,13,175,24,6,30,205
04/29/2023,ECP,FL,ASO,ES,Federal Contract Tower,69,18,21,3,111,0,0,6,0,6,69,18,27,3,117,12,0,12,129
04/30/2023,ECP,FL,ASO,ES,Federal Contract Tower,50,30,73,0,153,0,0,42,0,42,50,30,115,0,195,28,0,28,223
05/01/2023,ECP,FL,ASO,ES,Federal Contract Tower,43,16,55,0,114,0,0,52,0,52,43,16,107,0,166,40,0,40,206
05/02/2023,ECP,FL,ASO,ES,Federal Contract Tower,42,19,58,8,127,0,1,40,0,41,42,20,98,8,168,16,24,40,208
05/03/2023,ECP,FL,ASO,ES,Federal Contract Tower,38,22,62,17,139,0,0,39,0,39,38,22,101,17,178,26,20,46,224
05/04/2023,ECP,FL,ASO,ES,Federal Contract Tower,37,35,78,5,155,0,1,57,3,61,37,36,135,8,216,36,20,56,272
05/05/2023,ECP,FL,ASO,ES,Federal Contract Tower,37,29,59,6,131,0,2,27,0,29,37,31,86,6,160,20,0,20,180
05/06/2023,ECP,FL,ASO,ES,Federal Contract Tower,69,32,30,10,141,0,4,50,6,60,69,36,80,16,201,50,0,50,251
05/07/2023,ECP,FL,ASO,ES,Federal Contract Tower,48,29,76,0,153,0,5,41,4,50,48,34,117,4,203,30,22,52,255
05/08/2023,ECP,FL,ASO,ES,Federal Contract Tower,37,27,41,0,105,0,0,29,0,29,37,27,70,0,134,40,0,40,174
05/09/2023,ECP,FL,ASO,ES,Federal Contract Tower,31,24,42,6,103,0,0,23,0,23,31,24,65,6,126,10,0,10,136
05/10/2023,ECP,FL,ASO,ES,Federal Contract Tower,35,24,34,0,93,0,0,28,0,28,35,24,62,0,121,34,12,46,167
05/11/2023,ECP,FL,ASO,ES,Federal Contract Tower,39,24,71,5,139,0,0,41,2,43,39,24,112,7,182,6,0,6,188
05/12/2023,ECP,FL,ASO,ES,Federal Contract Tower,39,26,60,4,129,0,0,30,4,34,39,26,90,8,163,28,0,28,191
05/13/2023,ECP,FL,ASO,ES,Federal Contract Tower,68,26,53,0,147,0,0,48,3,51,68,26,101,3,198,24,0,24,222
05/14/2023,ECP,FL,ASO,ES,Federal Contract Tower,47,27,65,0,139,0,0,48,0,48,47,27,113,0,187,46,0,46,233
05/15/2023,ECP,FL,ASO,ES,Federal Contract Tower,38,26,56,0,120,0,0,30,0,30,38,26,86,0,150,56,0,56,206
05/16/2023,ECP,FL,ASO,ES,Federal Contract Tower,34,23,47,13,117,0,0,38,0,38,34,23,85,13,155,24,0,24,179
05/17/2023,ECP,FL,ASO,ES,Federal Contract Tower,40,22,50,7,119,0,0,13,0,13,40,22,63,7,132,0,20,20,152
05/18/2023,ECP,FL,ASO,ES,Federal Contract Tower,38,40,75,2,155,0,0,36,0,36,38,40,111,2,191,30,6,36,227
05/19/2023,ECP,FL,ASO,ES,Federal Contract Tower,36,15,78,14,143,0,0,39,4,43,36,15,117,18,186,12,4,16,202
05/20/2023,ECP,FL,ASO,ES,Federal Contract Tower,68,15,60,0,143,0,2,47,1,50,68,17,107,1,193,40,0,40,233
05/21/2023,ECP,FL,ASO,ES,Federal Contract Tower,49,34,80,1,164,0,6,36,0,42,49,40,116,1,206,6,0,6,212
05/22/2023,ECP,FL,ASO,ES,Federal Contract Tower,38,19,49,5,111,0,0,29,10,39,38,19,78,15,150,18,44,62,212
05/23/2023,ECP,FL,ASO,ES,Federal Contract Tower,37,22,43,0,102,0,0,10,0,10,37,22,53,0,112,0,0,0,112
05/24/2023,ECP,FL,ASO,ES,Federal Contract Tower,37,21,67,8,133,0,0,19,0,19,37,21,86,8,152,6,0,6,158
05/25/2023,ECP,FL,ASO,ES,Federal Contract Tower,38,39,109,2,188,0,0,53,0,53,38,39,162,2,241,26,0,26,267
05/26/2023,ECP,FL,ASO,ES,Federal Contract Tower,39,33,148,2,222,0,7,52,2,61,39,40,200,4,283,18,8,26,309
05/27/2023,ECP,FL,ASO,ES,Federal Contract Tower,68,42,92,0,202,0,0,62,0,62,68,42,154,0,264,68,0,68,332
05/28/2023,ECP,FL,ASO,ES,Federal Contract Tower,46,20,38,0,104,0,1,52,0,53,46,21,90,0,157,26,0,26,183
05/29/2023,ECP,FL,ASO,ES,Federal Contract Tower,35,28,114,0,177,0,0,56,0,56,35,28,170,0,233,20,0,20,253
05/30/2023,ECP,FL,ASO,ES,Federal Contract Tower,35,46,97,6,184,0,0,88,0,88,35,46,185,6,272,90,0,90,362
05/31/2023,ECP,FL,ASO,ES,Federal Contract Tower,40,35,86,2,163,0,0,43,0,43,40,35,129,2,206,38,0,38,244
06/01/2023,ECP,FL,ASO,ES,Federal Contract Tower,33,29,75,4,141,0,0,37,0,37,33,29,112,4,178,26,12,38,216
06/02/2023,ECP,FL,ASO,ES,Federal Contract Tower,37,30,76,2,145,0,45,0,0,45,37,75,76,2,190,32,2,34,224
06/03/2023,ECP,FL,ASO,ES,Federal Contract Tower,74,47,74,2,197,0,7,44,0,51,74,54,118,2,248,78,8,86,334
06/04/2023,ECP,FL,ASO,ES,Federal Contract Tower,55,30,96,0,181,0,5,46,0,51,55,35,142,0,232,28,0,28,260
06/05/2023,ECP,FL,ASO,ES,Federal Contract Tower,44,12,80,18,154,0,2,64,0,66,44,14,144,18,220,52,0,52,272
06/06/2023,ECP,FL,ASO,ES,Federal Contract Tower,41,26,46,4,117,0,0,45,0,45,41,26,91,4,162,40,0,40,202
06/07/2023,ECP,FL,ASO,ES,Federal Contract Tower,42,35,45,0,122,0,0,20,0,20,42,35,65,0,142,12,10,22,164
06/08/2023,ECP,FL,ASO,ES,Federal Contract Tower,42,27,75,4,148,0,0,56,6,62,42,27,131,10,210,38,14,52,262
06/09/2023,ECP,FL,ASO,ES,Federal Contract Tower,44,33,66,2,145,0,0,35,2,37,44,33,101,4,182,12,12,24,206
06/10/2023,ECP,FL,ASO,ES,Federal Contract Tower,87,42,83,0,212,0,0,46,0,46,87,42,129,0,258,14,0,14,272
06/11/2023,ECP,FL,ASO,ES,Federal Contract Tower,62,30,90,2,184,0,0,49,4,53,62,30,139,6,237,40,0,40,277
06/12/2023,ECP,FL,ASO,ES,Federal Contract Tower,46,14,62,2,124,0,0,27,0,27,46,14,89,2,151,32,0,32,183
06/13/2023,ECP,FL,ASO,ES,Federal Contract Tower,42,22,54,0,118,0,0,41,0,41,42,22,95,0,159,30,0,30,189
06/14/2023,ECP,FL,ASO,ES,Federal Contract Tower,38,25,57,4,124,0,0,18,0,18,38,25,75,4,142,10,0,10,152
06/15/2023,ECP,FL,ASO,ES,Federal Contract Tower,42,18,63,4,127,0,4,3,1,8,42,22,66,5,135,12,4,16,151
06/16/2023,ECP,FL,ASO,ES,Federal Contract Tower,42,21,87,1,151,0,1,28,2,31,42,22,115,3,182,36,22,58,240
06/17/2023,ECP,FL,ASO,ES,Federal Contract Tower,92,38,76,0,206,0,9,30,0,39,92,47,106,0,245,30,0,30,275
06/18/2023,ECP,FL,ASO,ES,Federal Contract Tower,58,32,63,0,153,0,3,26,0,29,58,35,89,0,182,34,0,34,216
06/19/2023,ECP,FL,ASO,ES,Federal Contract Tower,43,29,68,0,140,0,0,11,0,11,43,29,79,0,151,10,0,10,161
06/20/2023,ECP,FL,ASO,ES,Federal Contract Tower,43,15,42,10,110,0,0,57,0,57,43,15,99,10,167,40,0,40,207
06/21/2023,ECP,FL,ASO,ES,Federal Contract Tower,40,17,50,0,107,0,3,32,0,35,40,20,82,0,142,32,0,32,174
06/22/2023,ECP,FL,ASO,ES,Federal Contract Tower,42,13,62,7,124,0,4,20,1,25,42,17,82,8,149,34,18,52,201
06/23/2023,ECP,FL,ASO,ES,Federal Contract Tower,50,21,71,2,144,0,0,50,0,50,50,21,121,2,194,88,0,88,282
06/24/2023,ECP,FL,ASO,ES,Federal Contract Tower,90,28,92,2,212,0,0,70,0,70,90,28,162,2,282,70,0,70,352
06/25/2023,ECP,FL,ASO,ES,Federal Contract Tower,62,16,71,0,149,0,0,64,0,64,62,16,135,0,213,60,0,60,273
06/26/2023,ECP,FL,ASO,ES,Federal Contract Tower,42,9,58,14,123,0,0,51,0,51,42,9,109,14,174,26,0,26,200
06/27/2023,ECP,FL,ASO,ES,Federal Contract Tower,42,8,49,14,113,0,0,41,0,41,42,8,90,14,154,42,0,42,196
06/28/2023,ECP,FL,ASO,ES,Federal Contract Tower,41,29,78,8,156,0,0,49,0,49,41,29,127,8,205,86,0,86,291
06/29/2023,ECP,FL,ASO,ES,Federal Contract Tower,42,39,91,14,186,0,1,54,0,55,42,40,145,14,241,30,8,38,279
06/30/2023,ECP,FL,ASO,ES,Federal Contract Tower,42,33,112,16,203,0,2,53,2,57,42,35,165,18,260,40,2,42,302
07/01/2023,ECP,FL,ASO,ES,Federal Contract Tower,91,53,146,0,290,0,4,51,0,55,91,57,197,0,345,20,0,20,365
07/02/2023,ECP,FL,ASO,ES,Federal Contract Tower,58,25,87,0,170,0,3,48,0,51,58,28,135,0,221,22,0,22,243
07/03/2023,ECP,FL,ASO,ES,Federal Contract Tower,43,18,60,5,126,0,5,34,0,39,43,23,94,5,165,12,0,12,177
07/04/2023,ECP,FL,ASO,ES,Federal Contract Tower,42,22,20,0,84,0,0,26,0,26,42,22,46,0,110,0,0,0,110
07/05/2023,ECP,FL,ASO,ES,Federal Contract Tower,46,39,89,2,176,0,0,43,0,43,46,39,132,2,219,12,0,12,231
07/06/2023,ECP,FL,ASO,ES,Federal Contract Tower,44,35,65,0,144,0,0,32,0,32,44,35,97,0,176,16,6,22,198
07/07/2023,ECP,FL,ASO,ES,Federal Contract Tower,46,41,57,12,156,0,9,31,4,44,46,50,88,16,200,72,14,86,286
07/08/2023,ECP,FL,ASO,ES,Federal Contract Tower,93,41,136,0,270,0,0,54,0,54,93,41,190,0,324,32,0,32,356
07/09/2023,ECP,FL,ASO,ES,Federal Contract Tower,59,21,74,0,154,0,0,59,0,59,59,21,133,0,213,64,0,64,277
07/10/2023,ECP,FL,ASO,ES,Federal Contract Tower,43,22,41,6,112,0,0,35,0,35,43,22,76,6,147,78,0,78,225
07/11/2023,ECP,FL,ASO,ES,Federal Contract Tower,47,18,43,7,115,0,0,44,0,44,47,18,87,7,159,40,6,46,205
07/12/2023,ECP,FL,ASO,ES,Federal Contract Tower,43,29,43,4,119,0,0,30,0,30,43,29,73,4,149,34,6,40,189
07/13/2023,ECP,FL,ASO,ES,Federal Contract Tower,46,17,51,8,122,0,4,18,0,22,46,21,69,8,144,14,0,14,158
07/14/2023,ECP,FL,ASO,ES,Federal Contract Tower,45,29,47,0,121,0,9,14,0,23,45,38,61,0,144,26,0,26,170
07/15/2023,ECP,FL,ASO,ES,Federal Contract Tower,87,28,79,0,194,0,1,27,0,28,87,29,106,0,222,18,0,18,240
07/16/2023,ECP,FL,ASO,ES,Federal Contract Tower,65,22,83,0,170,0,0,48,0,48,65,22,131,0,218,92,0,92,310
07/17/2023,ECP,FL,ASO,ES,Federal Contract Tower,46,21,56,14,137,0,6,49,0,55,46,27,105,14,192,61,2,63,255
07/18/2023,ECP,FL,ASO,ES,Federal Contract Tower,44,22,40,15,121,0,1,57,0,58,44,23,97,15,179,68,40,108,287
07/19/2023,ECP,FL,ASO,ES,Federal Contract Tower,45,21,48,17,131,0,5,58,1,64,45,26,106,18,195,80,26,106,301
07/20/2023,ECP,FL,ASO,ES,Federal Contract Tower,52,23,72,4,151,0,0,55,0,55,52,23,127,4,206,88,48,136,342
07/21/2023,ECP,FL,ASO,ES,Federal Contract Tower,43,17,74,8,142,0,4,57,6,67,43,21,131,14,209,38,28,66,275
07/22/2023,ECP,FL,ASO,ES,Federal Contract Tower,90,26,91,0,207,0,0,55,0,55,90,26,146,0,262,48,0,48,310
07/23/2023,ECP,FL,ASO,ES,Federal Contract Tower,59,13,69,0,141,0,0,28,4,32,59,13,97,4,173,28,36,64,237
07/24/2023,ECP,FL,ASO,ES,Federal Contract Tower,44,18,43,5,110,0,0,57,1,58,44,18,100,6,168,68,0,68,236
07/25/2023,ECP,FL,ASO,ES,Federal Contract Tower,45,16,38,9,108,0,2,59,0,61,45,18,97,9,169,74,0,74,243
07/26/2023,ECP,FL,ASO,ES,Federal Contract Tower,45,21,62,4,132,0,4,45,2,51,45,25,107,6,183,56,0,56,239
07/27/2023,ECP,FL,ASO,ES,Federal Contract Tower,47,28,61,11,147,0,5,38,0,43,47,33,99,11,190,54,14,68,258
07/28/2023,ECP,FL,ASO,ES,Federal Contract Tower,45,27,66,0,138,0,4,38,0,42,45,31,104,0,180,32,0,32,212
07/29/2023,ECP,FL,ASO,ES,Federal Contract Tower,90,24,78,4,196,0,2,58,0,60,90,26,136,4,256,40,0,40,296
07/30/2023,ECP,FL,ASO,ES,Federal Contract Tower,63,21,67,0,151,0,45,0,0,45,63,66,67,0,196,22,0,22,218
07/31/2023,ECP,FL,ASO,ES,Federal Contract Tower,45,11,57,4,117,0,6,55,0,61,45,17,112,4,178,44,4,48,226
08/01/2023,ECP,FL,ASO,ES,Federal Contract Tower,42,20,42,3,107,0,0,46,0,46,42,20,88,3,153,70,16,86,239
08/02/2023,ECP,FL,ASO,ES,Federal Contract Tower,42,22,56,10,130,0,0,60,3,63,42,22,116,13,193,72,34,106,299
08/03/2023,ECP,FL,ASO,ES,Federal Contract Tower,43,17,76,11,147,0,0,48,0,48,43,17,124,11,195,38,34,72,267
08/04/2023,ECP,FL,ASO,ES,Federal Contract Tower,43,15,47,21,126,0,0,29,10,39,43,15,76,31,165,36,36,72,237
08/05/2023,ECP,FL,ASO,ES,Federal Contract Tower,90,27,70,0,187,0,3,40,0,43,90,30,110,0,230,44,0,44,274
08/06/2023,ECP,FL,ASO,ES,Federal Contract Tower,58,35,78,0,171,0,0,45,0,45,58,35,123,0,216,26,0,26,242
08/07/2023,ECP,FL,ASO,ES,Federal Contract Tower,44,28,62,12,146,0,0,58,3,61,44,28,120,15,207,44,32,76,283
08/08/2023,ECP,FL,ASO,ES,Federal Contract Tower,44,24,33,6,107,0,0,53,4,57,44,24,86,10,164,50,24,74,238
08/09/2023,ECP,FL,ASO,ES,Federal Contract Tower,40,18,43,10,111,0,0,38,2,40,40,18,81,12,151,0,38,38,189
08/10/2023,ECP,FL,ASO,ES,Federal Contract Tower,42,31,65,5,143,0,10,37,3,50,42,41,102,8,193,67,14,81,274
08/11/2023,ECP,FL,ASO,ES,Federal Contract Tower,43,20,44,12,119,0,0,42,2,44,43,20,86,14,163,38,10,48,211
08/12/2023,ECP,FL,ASO,ES,Federal Contract Tower,90,23,40,0,153,0,2,34,0,36,90,25,74,0,189,22,0,22,211
08/13/2023,ECP,FL,ASO,ES,Federal Contract Tower,58,24,71,0,153,0,6,49,0,55,58,30,120,0,208,57,0,57,265
08/14/2023,ECP,FL,ASO,ES,Federal Contract Tower,50,13,53,0,116,0,6,36,0,42,50,19,89,0,158,41,0,41,199
08/15/2023,ECP,FL,ASO,ES,Federal Contract Tower,40,16,37,4,97,0,0,45,2,47,40,16,82,6,144,44,10,54,198
08/16/2023,ECP,FL,ASO,ES,Federal Contract Tower,37,11,27,7,82,0,0,29,0,29,37,11,56,7,111,22,20,42,153
08/18/2023,ECP,FL,ASO,ES,Federal Contract Tower,39,12,46,8,105,0,0,42,4,46,39,12,88,12,151,44,12,56,207
08/19/2023,ECP,FL,ASO,ES,Federal Contract Tower,71,12,29,0,112,0,0,37,0,37,71,12,66,0,149,76,0,76,225
08/20/2023,ECP,FL,ASO,ES,Federal Contract Tower,44,18,60,4,126,0,0,40,0,40,44,18,100,4,166,20,0,20,186
08/21/2023,ECP,FL,ASO,ES,Federal Contract Tower,40,25,43,4,112,0,1,48,6,55,40,26,91,10,167,16,32,48,215
08/22/2023,ECP,FL,ASO,ES,Federal Contract Tower,37,15,31,2,85,0,0,45,2,47,37,15,76,4,132,42,10,52,184
08/23/2023,ECP,FL,ASO,ES,Federal Contract Tower,35,19,49,2,105,0,0,27,0,27,35,19,76,2,132,0,4,4,136
08/24/2023,ECP,FL,ASO,ES,Federal Contract Tower,38,20,50,9,117,0,2,29,0,31,38,22,79,9,148,22,14,36,184
08/25/2023,ECP,FL,ASO,ES,Federal Contract Tower,39,12,58,10,119,0,2,29,4,35,39,14,87,14,154,8,18,26,180
08/26/2023,ECP,FL,ASO,ES,Federal Contract Tower,72,8,26,0,106,0,4,42,0,46,72,12,68,0,152,34,6,40,192
08/27/2023,ECP,FL,ASO,ES,Federal Contract Tower,39,15,57,4,115,0,3,26,6,35,39,18,83,10,150,4,20,24,174
08/28/2023,ECP,FL,ASO,ES,Federal Contract Tower,38,17,38,10,103,0,2,29,5,36,38,19,67,15,139,6,20,26,165
08/29/2023,ECP,FL,ASO,ES,Federal Contract Tower,38,10,26,0,74,0,0,8,0,8,38,10,34,0,82,12,0,12,94
08/30/2023,ECP,FL,ASO,ES,Federal Contract Tower,36,9,13,0,58,0,0,6,0,6,36,9,19,0,64,12,0,12,76
08/31/2023,ECP,FL,ASO,ES,Federal Contract Tower,39,36,76,0,151,0,0,33,0,33,39,36,109,0,184,31,0,31,215
