01/01/2020,EGE,CO,ANM,WE,Federal Contract Tower,22,57,48,0,127,0,0,0,0,0,22,57,48,0,127,0,0,0,127
01/02/2020,EGE,CO,ANM,WE,Federal Contract Tower,36,71,91,0,198,0,0,4,0,4,36,71,95,0,202,0,0,0,202
01/03/2020,EGE,CO,ANM,WE,Federal Contract Tower,38,118,84,0,240,0,0,10,0,10,38,118,94,0,250,0,0,0,250
01/04/2020,EGE,CO,ANM,WE,Federal Contract Tower,42,149,84,0,275,0,2,30,2,34,42,151,114,2,309,4,0,4,313
01/05/2020,EGE,CO,ANM,WE,Federal Contract Tower,37,107,81,0,225,0,0,15,0,15,37,107,96,0,240,4,0,4,244
01/06/2020,EGE,CO,ANM,WE,Federal Contract Tower,32,69,47,0,148,0,0,14,0,14,32,69,61,0,162,0,0,0,162
01/07/2020,EGE,CO,ANM,WE,Federal Contract Tower,27,31,32,0,90,0,0,32,26,58,27,31,64,26,148,20,14,34,182
01/08/2020,EGE,CO,ANM,WE,Federal Contract Tower,27,25,25,0,77,0,0,21,20,41,27,25,46,20,118,32,24,56,174
01/09/2020,EGE,CO,ANM,WE,Federal Contract Tower,25,19,34,0,78,0,0,12,24,36,25,19,46,24,114,6,10,16,130
01/10/2020,EGE,CO,ANM,WE,Federal Contract Tower,25,27,40,0,92,0,0,14,19,33,25,27,54,19,125,30,16,46,171
01/11/2020,EGE,CO,ANM,WE,Federal Contract Tower,25,22,27,0,74,0,0,2,1,3,25,22,29,1,77,0,0,0,77
01/12/2020,EGE,CO,ANM,WE,Federal Contract Tower,28,44,47,0,119,0,0,2,1,3,28,44,49,1,122,0,0,0,122
01/13/2020,EGE,CO,ANM,WE,Federal Contract Tower,24,21,10,0,55,0,0,0,0,0,24,21,10,0,55,0,0,0,55
01/14/2020,EGE,CO,ANM,WE,Federal Contract Tower,24,17,11,0,52,0,2,13,20,35,24,19,24,20,87,10,34,44,131
01/15/2020,EGE,CO,ANM,WE,Federal Contract Tower,26,22,11,0,59,0,0,30,25,55,26,22,41,25,114,30,12,42,156
01/16/2020,EGE,CO,ANM,WE,Federal Contract Tower,26,38,41,0,105,0,0,18,17,35,26,38,59,17,140,10,10,20,160
01/17/2020,EGE,CO,ANM,WE,Federal Contract Tower,18,32,25,0,75,0,0,0,0,0,18,32,25,0,75,0,0,0,75
01/18/2020,EGE,CO,ANM,WE,Federal Contract Tower,34,38,27,6,105,0,0,5,2,7,34,38,32,8,112,8,8,16,128
01/19/2020,EGE,CO,ANM,WE,Federal Contract Tower,27,24,32,0,83,0,0,17,0,17,27,24,49,0,100,8,0,8,108
01/20/2020,EGE,CO,ANM,WE,Federal Contract Tower,26,63,47,0,136,0,0,20,4,24,26,63,67,4,160,0,6,6,166
01/21/2020,EGE,CO,ANM,WE,Federal Contract Tower,24,15,33,0,72,0,0,1,0,1,24,15,34,0,73,0,0,0,73
01/22/2020,EGE,CO,ANM,WE,Federal Contract Tower,26,26,30,0,82,0,0,8,4,12,26,26,38,4,94,2,6,8,102
01/23/2020,EGE,CO,ANM,WE,Federal Contract Tower,26,45,37,0,108,0,0,8,3,11,26,45,45,3,119,48,8,56,175
01/24/2020,EGE,CO,ANM,WE,Federal Contract Tower,26,27,20,0,73,0,0,17,0,17,26,27,37,0,90,0,0,0,90
01/25/2020,EGE,CO,ANM,WE,Federal Contract Tower,31,45,31,2,109,0,0,13,0,13,31,45,44,2,122,34,4,38,160
01/26/2020,EGE,CO,ANM,WE,Federal Contract Tower,27,47,49,0,123,0,0,11,2,13,27,47,60,2,136,14,0,14,150
01/27/2020,EGE,CO,ANM,WE,Federal Contract Tower,32,15,25,0,72,0,0,0,0,0,32,15,25,0,72,0,0,0,72
01/28/2020,EGE,CO,ANM,WE,Federal Contract Tower,28,15,28,0,71,0,0,28,28,56,28,15,56,28,127,20,10,30,157
01/29/2020,EGE,CO,ANM,WE,Federal Contract Tower,26,18,23,3,70,0,0,9,19,28,26,18,32,22,98,6,20,26,124
01/30/2020,EGE,CO,ANM,WE,Federal Contract Tower,27,31,45,0,103,0,0,10,24,34,27,31,55,24,137,10,20,30,167
01/31/2020,EGE,CO,ANM,WE,Federal Contract Tower,26,31,48,1,106,0,0,32,15,47,26,31,80,16,153,0,6,6,159
02/01/2020,EGE,CO,ANM,WE,Federal Contract Tower,30,26,29,0,85,0,0,17,2,19,30,26,46,2,104,4,0,4,108
02/02/2020,EGE,CO,ANM,WE,Federal Contract Tower,23,38,35,0,96,0,0,17,0,17,23,38,52,0,113,6,1,7,120
02/03/2020,EGE,CO,ANM,WE,Federal Contract Tower,27,33,33,0,93,0,0,5,0,5,27,33,38,0,98,2,0,2,100
02/04/2020,EGE,CO,ANM,WE,Federal Contract Tower,28,16,14,0,58,0,0,8,27,35,28,16,22,27,93,26,30,56,149
02/05/2020,EGE,CO,ANM,WE,Federal Contract Tower,26,19,48,0,93,0,0,23,30,53,26,19,71,30,146,32,28,60,206
02/06/2020,EGE,CO,ANM,WE,Federal Contract Tower,14,29,26,0,69,0,0,0,4,4,14,29,26,4,73,0,2,2,75
02/07/2020,EGE,CO,ANM,WE,Federal Contract Tower,26,31,29,0,86,0,0,0,0,0,26,31,29,0,86,0,0,0,86
02/08/2020,EGE,CO,ANM,WE,Federal Contract Tower,27,58,46,0,131,0,0,9,5,14,27,58,55,5,145,4,0,4,149
02/09/2020,EGE,CO,ANM,WE,Federal Contract Tower,20,34,20,0,74,0,0,0,0,0,20,34,20,0,74,0,0,0,74
02/10/2020,EGE,CO,ANM,WE,Federal Contract Tower,26,31,40,0,97,0,0,7,0,7,26,31,47,0,104,42,0,42,146
02/11/2020,EGE,CO,ANM,WE,Federal Contract Tower,25,25,25,0,75,0,0,16,39,55,25,25,41,39,130,12,64,76,206
02/12/2020,EGE,CO,ANM,WE,Federal Contract Tower,26,36,19,0,81,0,0,6,28,34,26,36,25,28,115,0,22,22,137
02/13/2020,EGE,CO,ANM,WE,Federal Contract Tower,27,77,83,0,187,0,0,22,28,50,27,77,105,28,237,60,16,76,313
02/14/2020,EGE,CO,ANM,WE,Federal Contract Tower,28,70,73,0,171,0,0,26,19,45,28,70,99,19,216,0,0,0,216
02/15/2020,EGE,CO,ANM,WE,Federal Contract Tower,33,71,39,2,145,0,0,15,13,28,33,71,54,15,173,32,20,52,225
02/16/2020,EGE,CO,ANM,WE,Federal Contract Tower,33,41,27,0,101,0,0,0,0,0,33,41,27,0,101,0,0,0,101
02/17/2020,EGE,CO,ANM,WE,Federal Contract Tower,27,99,120,0,246,0,0,6,0,6,27,99,126,0,252,0,0,0,252
02/18/2020,EGE,CO,ANM,WE,Federal Contract Tower,26,61,44,0,131,0,0,20,2,22,26,61,64,2,153,8,2,10,163
02/19/2020,EGE,CO,ANM,WE,Federal Contract Tower,34,46,34,0,114,0,0,23,2,25,34,46,57,2,139,12,0,12,151
02/20/2020,EGE,CO,ANM,WE,Federal Contract Tower,27,47,45,0,119,0,0,21,4,25,27,47,66,4,144,6,16,22,166
02/21/2020,EGE,CO,ANM,WE,Federal Contract Tower,27,33,60,0,120,0,0,26,0,26,27,33,86,0,146,30,0,30,176
02/22/2020,EGE,CO,ANM,WE,Federal Contract Tower,33,59,50,0,142,0,0,18,0,18,33,59,68,0,160,10,0,10,170
02/23/2020,EGE,CO,ANM,WE,Federal Contract Tower,31,51,42,0,124,0,0,0,1,1,31,51,42,1,125,0,0,0,125
02/24/2020,EGE,CO,ANM,WE,Federal Contract Tower,27,39,29,0,95,0,0,2,0,2,27,39,31,0,97,0,0,0,97
02/25/2020,EGE,CO,ANM,WE,Federal Contract Tower,27,32,30,0,89,0,0,2,12,14,27,32,32,12,103,0,12,12,115
02/26/2020,EGE,CO,ANM,WE,Federal Contract Tower,27,20,51,0,98,0,0,15,13,28,27,20,66,13,126,18,8,26,152
02/27/2020,EGE,CO,ANM,WE,Federal Contract Tower,28,27,40,0,95,0,0,9,8,17,28,27,49,8,112,12,0,12,124
02/28/2020,EGE,CO,ANM,WE,Federal Contract Tower,27,46,38,4,115,0,0,29,10,39,27,46,67,14,154,0,6,6,160
02/29/2020,EGE,CO,ANM,WE,Federal Contract Tower,34,64,50,0,148,0,0,20,2,22,34,64,70,2,170,34,0,34,204
03/01/2020,EGE,CO,ANM,WE,Federal Contract Tower,28,49,59,0,136,0,0,12,0,12,28,49,71,0,148,44,0,44,192
03/02/2020,EGE,CO,ANM,WE,Federal Contract Tower,27,41,39,0,107,0,0,9,0,9,27,41,48,0,116,0,0,0,116
03/03/2020,EGE,CO,ANM,WE,Federal Contract Tower,27,24,41,0,92,0,0,27,24,51,27,24,68,24,143,16,8,24,167
03/04/2020,EGE,CO,ANM,WE,Federal Contract Tower,27,29,45,0,101,0,0,29,20,49,27,29,74,20,150,34,6,40,190
03/05/2020,EGE,CO,ANM,WE,Federal Contract Tower,30,30,26,0,86,0,0,32,16,48,30,30,58,16,134,46,2,48,182
03/06/2020,EGE,CO,ANM,WE,Federal Contract Tower,28,46,59,0,133,0,0,37,13,50,28,46,96,13,183,4,4,8,191
03/07/2020,EGE,CO,ANM,WE,Federal Contract Tower,34,59,39,0,132,0,0,31,2,33,34,59,70,2,165,22,0,22,187
03/08/2020,EGE,CO,ANM,WE,Federal Contract Tower,30,64,53,0,147,0,0,3,2,5,30,64,56,2,152,0,2,2,154
03/09/2020,EGE,CO,ANM,WE,Federal Contract Tower,27,35,28,0,90,0,0,17,1,18,27,35,45,1,108,20,0,20,128
03/10/2020,EGE,CO,ANM,WE,Federal Contract Tower,27,28,38,0,93,0,0,7,14,21,27,28,45,14,114,30,12,42,156
03/11/2020,EGE,CO,ANM,WE,Federal Contract Tower,27,36,55,0,118,0,0,9,14,23,27,36,64,14,141,32,14,46,187
03/12/2020,EGE,CO,ANM,WE,Federal Contract Tower,27,47,53,0,127,0,0,10,14,24,27,47,63,14,151,12,12,24,175
03/13/2020,EGE,CO,ANM,WE,Federal Contract Tower,31,51,45,0,127,0,0,2,6,8,31,51,47,6,135,8,0,8,143
03/14/2020,EGE,CO,ANM,WE,Federal Contract Tower,33,55,69,0,157,0,0,22,2,24,33,55,91,2,181,0,0,0,181
03/15/2020,EGE,CO,ANM,WE,Federal Contract Tower,28,82,62,0,172,0,0,11,0,11,28,82,73,0,183,2,0,2,185
03/16/2020,EGE,CO,ANM,WE,Federal Contract Tower,25,49,35,0,109,0,0,13,0,13,25,49,48,0,122,20,0,20,142
03/17/2020,EGE,CO,ANM,WE,Federal Contract Tower,25,25,33,0,83,0,0,20,4,24,25,25,53,4,107,36,0,36,143
03/18/2020,EGE,CO,ANM,WE,Federal Contract Tower,13,11,24,0,48,0,0,10,4,14,13,11,34,4,62,28,16,44,106
03/19/2020,EGE,CO,ANM,WE,Federal Contract Tower,3,3,0,0,6,0,0,2,0,2,3,3,2,0,8,24,0,24,32
03/20/2020,EGE,CO,ANM,WE,Federal Contract Tower,7,13,8,0,28,0,0,21,0,21,7,13,29,0,49,0,0,0,49
03/21/2020,EGE,CO,ANM,WE,Federal Contract Tower,3,12,4,0,19,0,0,8,2,10,3,12,12,2,29,8,0,8,37
03/22/2020,EGE,CO,ANM,WE,Federal Contract Tower,2,5,9,0,16,0,0,8,0,8,2,5,17,0,24,2,0,2,26
03/23/2020,EGE,CO,ANM,WE,Federal Contract Tower,0,2,6,0,8,0,0,5,0,5,0,2,11,0,13,28,0,28,41
03/24/2020,EGE,CO,ANM,WE,Federal Contract Tower,3,0,4,0,7,0,0,0,0,0,3,0,4,0,7,0,0,0,7
03/25/2020,EGE,CO,ANM,WE,Federal Contract Tower,0,3,5,0,8,0,0,10,0,10,0,3,15,0,18,36,0,36,54
03/26/2020,EGE,CO,ANM,WE,Federal Contract Tower,0,0,6,0,6,0,0,0,0,0,0,0,6,0,6,2,0,2,8
03/27/2020,EGE,CO,ANM,WE,Federal Contract Tower,0,3,5,0,8,0,0,0,0,0,0,3,5,0,8,0,0,0,8
03/28/2020,EGE,CO,ANM,WE,Federal Contract Tower,2,3,6,0,11,0,0,4,0,4,2,3,10,0,15,2,0,2,17
03/29/2020,EGE,CO,ANM,WE,Federal Contract Tower,0,5,1,0,6,0,0,8,0,8,0,5,9,0,14,10,0,10,24
03/30/2020,EGE,CO,ANM,WE,Federal Contract Tower,0,2,1,0,3,0,0,4,0,4,0,2,5,0,7,4,0,4,11
03/31/2020,EGE,CO,ANM,WE,Federal Contract Tower,0,3,2,0,5,0,0,10,0,10,0,3,12,0,15,12,0,12,27
04/01/2020,EGE,CO,ANM,WE,Federal Contract Tower,0,1,4,0,5,0,0,6,2,8,0,1,10,2,13,0,0,0,13
04/02/2020,EGE,CO,ANM,WE,Federal Contract Tower,0,6,0,0,6,0,0,0,0,0,0,6,0,0,6,0,0,0,6
04/03/2020,EGE,CO,ANM,WE,Federal Contract Tower,2,0,6,0,8,0,0,11,0,11,2,0,17,0,19,0,0,0,19
04/04/2020,EGE,CO,ANM,WE,Federal Contract Tower,0,0,1,0,1,0,0,6,0,6,0,0,7,0,7,0,0,0,7
04/05/2020,EGE,CO,ANM,WE,Federal Contract Tower,0,2,0,0,2,0,0,23,0,23,0,2,23,0,25,0,0,0,25
04/06/2020,EGE,CO,ANM,WE,Federal Contract Tower,0,3,4,0,7,0,0,8,0,8,0,3,12,0,15,6,0,6,21
04/07/2020,EGE,CO,ANM,WE,Federal Contract Tower,0,2,2,0,4,0,0,14,0,14,0,2,16,0,18,32,0,32,50
04/08/2020,EGE,CO,ANM,WE,Federal Contract Tower,2,5,8,0,15,0,0,24,0,24,2,5,32,0,39,34,0,34,73
04/09/2020,EGE,CO,ANM,WE,Federal Contract Tower,0,1,4,0,5,0,0,24,0,24,0,1,28,0,29,18,0,18,47
04/10/2020,EGE,CO,ANM,WE,Federal Contract Tower,2,0,0,0,2,0,0,9,2,11,2,0,9,2,13,0,8,8,21
04/11/2020,EGE,CO,ANM,WE,Federal Contract Tower,2,2,7,0,11,0,0,26,6,32,2,2,33,6,43,0,0,0,43
04/12/2020,EGE,CO,ANM,WE,Federal Contract Tower,2,3,3,0,8,0,0,1,0,1,2,3,4,0,9,0,0,0,9
04/13/2020,EGE,CO,ANM,WE,Federal Contract Tower,2,2,2,0,6,0,0,6,0,6,2,2,8,0,12,0,0,0,12
04/14/2020,EGE,CO,ANM,WE,Federal Contract Tower,2,2,2,0,6,0,0,11,0,11,2,2,13,0,17,14,0,14,31
04/15/2020,EGE,CO,ANM,WE,Federal Contract Tower,2,2,7,0,11,0,0,7,0,7,2,2,14,0,18,0,0,0,18
04/16/2020,EGE,CO,ANM,WE,Federal Contract Tower,2,0,2,0,4,0,0,0,5,5,2,0,2,5,9,0,0,0,9
04/17/2020,EGE,CO,ANM,WE,Federal Contract Tower,0,2,7,0,9,0,0,15,4,19,0,2,22,4,28,6,6,12,40
04/18/2020,EGE,CO,ANM,WE,Federal Contract Tower,2,0,2,1,5,0,0,6,4,10,2,0,8,5,15,4,26,30,45
04/19/2020,EGE,CO,ANM,WE,Federal Contract Tower,2,0,3,0,5,0,0,4,0,4,2,0,7,0,9,12,0,12,21
04/20/2020,EGE,CO,ANM,WE,Federal Contract Tower,2,1,2,0,5,0,0,3,0,3,2,1,5,0,8,0,0,0,8
04/21/2020,EGE,CO,ANM,WE,Federal Contract Tower,2,5,3,0,10,0,0,4,2,6,2,5,7,2,16,8,40,48,64
04/22/2020,EGE,CO,ANM,WE,Federal Contract Tower,2,6,11,0,19,0,0,31,4,35,2,6,42,4,54,18,8,26,80
04/23/2020,EGE,CO,ANM,WE,Federal Contract Tower,2,2,0,0,4,0,0,0,0,0,2,2,0,0,4,0,0,0,4
04/24/2020,EGE,CO,ANM,WE,Federal Contract Tower,2,2,14,0,18,0,0,3,0,3,2,2,17,0,21,10,0,10,31
04/25/2020,EGE,CO,ANM,WE,Federal Contract Tower,2,3,6,0,11,0,0,39,0,39,2,3,45,0,50,0,0,0,50
04/26/2020,EGE,CO,ANM,WE,Federal Contract Tower,2,8,5,0,15,0,0,7,2,9,2,8,12,2,24,0,0,0,24
04/27/2020,EGE,CO,ANM,WE,Federal Contract Tower,2,1,7,0,10,0,0,18,6,24,2,1,25,6,34,30,28,58,92
04/28/2020,EGE,CO,ANM,WE,Federal Contract Tower,2,2,12,0,16,0,0,19,2,21,2,2,31,2,37,64,2,66,103
04/29/2020,EGE,CO,ANM,WE,Federal Contract Tower,2,2,8,0,12,0,0,22,1,23,2,2,30,1,35,40,0,40,75
04/30/2020,EGE,CO,ANM,WE,Federal Contract Tower,2,5,4,0,11,0,0,16,0,16,2,5,20,0,27,30,0,30,57
05/01/2020,EGE,CO,ANM,WE,Federal Contract Tower,2,8,11,0,21,0,0,19,2,21,2,8,30,2,42,44,0,44,86
05/02/2020,EGE,CO,ANM,WE,Federal Contract Tower,2,4,6,0,12,0,0,11,2,13,2,4,17,2,25,32,0,32,57
05/03/2020,EGE,CO,ANM,WE,Federal Contract Tower,2,4,6,0,12,0,0,23,6,29,2,4,29,6,41,0,0,0,41
05/04/2020,EGE,CO,ANM,WE,Federal Contract Tower,1,6,4,0,11,0,0,8,0,8,1,6,12,0,19,2,0,2,21
05/05/2020,EGE,CO,ANM,WE,Federal Contract Tower,2,7,8,0,17,0,1,30,2,33,2,8,38,2,50,34,0,34,84
05/06/2020,EGE,CO,ANM,WE,Federal Contract Tower,2,5,10,0,17,0,0,26,4,30,2,5,36,4,47,66,0,66,113
05/07/2020,EGE,CO,ANM,WE,Federal Contract Tower,4,9,10,0,23,0,0,27,2,29,4,9,37,2,52,90,2,92,144
05/08/2020,EGE,CO,ANM,WE,Federal Contract Tower,4,5,10,0,19,0,0,20,4,24,4,5,30,4,43,2,0,2,45
05/09/2020,EGE,CO,ANM,WE,Federal Contract Tower,4,6,7,0,17,0,1,35,4,40,4,7,42,4,57,24,4,28,85
05/10/2020,EGE,CO,ANM,WE,Federal Contract Tower,4,5,3,0,12,0,0,22,0,22,4,5,25,0,34,16,0,16,50
05/11/2020,EGE,CO,ANM,WE,Federal Contract Tower,4,7,5,0,16,0,0,25,17,42,4,7,30,17,58,20,0,20,78
05/12/2020,EGE,CO,ANM,WE,Federal Contract Tower,2,6,4,0,12,0,0,12,0,12,2,6,16,0,24,10,0,10,34
05/13/2020,EGE,CO,ANM,WE,Federal Contract Tower,2,4,6,1,13,0,0,18,2,20,2,4,24,3,33,46,8,54,87
05/14/2020,EGE,CO,ANM,WE,Federal Contract Tower,4,6,7,0,17,0,0,26,3,29,4,6,33,3,46,150,8,158,204
05/15/2020,EGE,CO,ANM,WE,Federal Contract Tower,2,6,11,0,19,0,0,19,2,21,2,6,30,2,40,52,0,52,92
05/16/2020,EGE,CO,ANM,WE,Federal Contract Tower,2,10,10,0,22,0,0,22,0,22,2,10,32,0,44,38,0,38,82
05/17/2020,EGE,CO,ANM,WE,Federal Contract Tower,4,4,16,0,24,0,0,30,2,32,4,4,46,2,56,0,0,0,56
05/18/2020,EGE,CO,ANM,WE,Federal Contract Tower,4,6,6,0,16,0,0,14,4,18,4,6,20,4,34,8,21,29,63
05/19/2020,EGE,CO,ANM,WE,Federal Contract Tower,2,7,6,0,15,0,0,17,2,19,2,7,23,2,34,24,0,24,58
05/20/2020,EGE,CO,ANM,WE,Federal Contract Tower,2,10,16,0,28,0,0,12,5,17,2,10,28,5,45,0,18,18,63
05/21/2020,EGE,CO,ANM,WE,Federal Contract Tower,4,16,11,3,34,0,0,29,1,30,4,16,40,4,64,20,0,20,84
05/22/2020,EGE,CO,ANM,WE,Federal Contract Tower,4,16,18,0,38,0,0,19,2,21,4,16,37,2,59,44,0,44,103
05/23/2020,EGE,CO,ANM,WE,Federal Contract Tower,4,17,13,0,34,0,0,17,1,18,4,17,30,1,52,24,0,24,76
05/24/2020,EGE,CO,ANM,WE,Federal Contract Tower,4,17,8,0,29,0,0,2,0,2,4,17,10,0,31,0,0,0,31
05/25/2020,EGE,CO,ANM,WE,Federal Contract Tower,4,15,11,0,30,0,0,41,4,45,4,15,52,4,75,44,0,44,119
05/26/2020,EGE,CO,ANM,WE,Federal Contract Tower,2,9,19,0,30,0,0,40,4,44,2,9,59,4,74,74,4,78,152
05/27/2020,EGE,CO,ANM,WE,Federal Contract Tower,2,9,8,0,19,0,0,15,0,15,2,9,23,0,34,24,0,24,58
05/28/2020,EGE,CO,ANM,WE,Federal Contract Tower,4,8,2,0,14,0,0,35,6,41,4,8,37,6,55,54,4,58,113
05/29/2020,EGE,CO,ANM,WE,Federal Contract Tower,4,11,14,0,29,0,0,31,1,32,4,11,45,1,61,44,0,44,105
05/30/2020,EGE,CO,ANM,WE,Federal Contract Tower,4,13,13,0,30,0,0,30,0,30,4,13,43,0,60,28,0,28,88
05/31/2020,EGE,CO,ANM,WE,Federal Contract Tower,4,8,16,0,28,0,0,13,0,13,4,8,29,0,41,0,0,0,41
06/01/2020,EGE,CO,ANM,WE,Federal Contract Tower,4,7,26,0,37,0,0,21,0,21,4,7,47,0,58,12,0,12,70
06/02/2020,EGE,CO,ANM,WE,Federal Contract Tower,2,9,20,0,31,0,0,26,12,38,2,9,46,12,69,58,4,62,131
06/03/2020,EGE,CO,ANM,WE,Federal Contract Tower,2,10,16,0,28,0,0,42,14,56,2,10,58,14,84,72,2,74,158
06/04/2020,EGE,CO,ANM,WE,Federal Contract Tower,4,14,22,0,40,0,0,37,14,51,4,14,59,14,91,26,4,30,121
06/05/2020,EGE,CO,ANM,WE,Federal Contract Tower,4,19,27,0,50,0,0,27,6,33,4,19,54,6,83,25,0,25,108
06/06/2020,EGE,CO,ANM,WE,Federal Contract Tower,4,26,17,0,47,0,0,5,6,11,4,26,22,6,58,0,0,0,58
06/07/2020,EGE,CO,ANM,WE,Federal Contract Tower,4,24,24,0,52,0,0,20,3,23,4,24,44,3,75,6,0,6,81
06/08/2020,EGE,CO,ANM,WE,Federal Contract Tower,2,15,24,0,41,0,0,22,0,22,2,15,46,0,63,2,0,2,65
06/09/2020,EGE,CO,ANM,WE,Federal Contract Tower,4,9,22,0,35,0,0,30,10,40,4,9,52,10,75,60,4,64,139
06/10/2020,EGE,CO,ANM,WE,Federal Contract Tower,4,20,18,0,42,0,0,51,16,67,4,20,69,16,109,80,0,80,189
06/11/2020,EGE,CO,ANM,WE,Federal Contract Tower,4,17,27,0,48,0,0,36,15,51,4,17,63,15,99,36,0,36,135
06/12/2020,EGE,CO,ANM,WE,Federal Contract Tower,4,29,27,0,60,0,0,33,13,46,4,29,60,13,106,34,4,38,144
06/13/2020,EGE,CO,ANM,WE,Federal Contract Tower,4,21,34,0,59,0,0,16,0,16,4,21,50,0,75,22,0,22,97
06/14/2020,EGE,CO,ANM,WE,Federal Contract Tower,4,37,37,0,78,0,0,19,3,22,4,37,56,3,100,4,0,4,104
06/15/2020,EGE,CO,ANM,WE,Federal Contract Tower,4,24,17,1,46,0,0,21,0,21,4,24,38,1,67,4,0,4,71
06/16/2020,EGE,CO,ANM,WE,Federal Contract Tower,4,17,28,0,49,0,0,21,12,33,4,17,49,12,82,36,10,46,128
06/17/2020,EGE,CO,ANM,WE,Federal Contract Tower,4,34,15,0,53,0,0,20,13,33,4,34,35,13,86,0,2,2,88
06/18/2020,EGE,CO,ANM,WE,Federal Contract Tower,4,15,37,1,57,0,0,43,9,52,4,15,80,10,109,70,0,70,179
06/19/2020,EGE,CO,ANM,WE,Federal Contract Tower,4,25,38,1,68,0,0,16,9,25,4,25,54,10,93,54,4,58,151
06/20/2020,EGE,CO,ANM,WE,Federal Contract Tower,4,16,18,0,38,0,0,50,0,50,4,16,68,0,88,50,0,50,138
06/21/2020,EGE,CO,ANM,WE,Federal Contract Tower,4,32,14,0,50,0,0,30,1,31,4,32,44,1,81,8,0,8,89
06/22/2020,EGE,CO,ANM,WE,Federal Contract Tower,4,30,35,0,69,0,0,22,0,22,4,30,57,0,91,16,0,16,107
06/23/2020,EGE,CO,ANM,WE,Federal Contract Tower,4,23,29,0,56,0,0,36,17,53,4,23,65,17,109,26,12,38,147
06/24/2020,EGE,CO,ANM,WE,Federal Contract Tower,4,29,28,0,61,0,0,50,17,67,4,29,78,17,128,46,10,56,184
06/25/2020,EGE,CO,ANM,WE,Federal Contract Tower,4,32,36,0,72,0,0,31,20,51,4,32,67,20,123,70,4,74,197
06/26/2020,EGE,CO,ANM,WE,Federal Contract Tower,4,29,37,0,70,0,0,32,13,45,4,29,69,13,115,46,11,57,172
06/27/2020,EGE,CO,ANM,WE,Federal Contract Tower,5,48,46,0,99,0,0,25,0,25,5,48,71,0,124,36,0,36,160
06/28/2020,EGE,CO,ANM,WE,Federal Contract Tower,4,59,35,0,98,0,0,15,0,15,4,59,50,0,113,18,0,18,131
06/29/2020,EGE,CO,ANM,WE,Federal Contract Tower,4,36,42,0,82,0,0,18,0,18,4,36,60,0,100,6,0,6,106
06/30/2020,EGE,CO,ANM,WE,Federal Contract Tower,4,29,44,0,77,0,0,34,0,34,4,29,78,0,111,44,0,44,155
07/01/2020,EGE,CO,ANM,WE,Federal Contract Tower,3,49,65,0,117,0,0,37,6,43,3,49,102,6,160,54,6,60,220
07/02/2020,EGE,CO,ANM,WE,Federal Contract Tower,4,43,53,0,100,0,0,32,0,32,4,43,85,0,132,46,0,46,178
07/03/2020,EGE,CO,ANM,WE,Federal Contract Tower,4,39,60,0,103,0,0,24,0,24,4,39,84,0,127,32,0,32,159
07/04/2020,EGE,CO,ANM,WE,Federal Contract Tower,4,26,20,0,50,0,0,17,1,18,4,26,37,1,68,0,0,0,68
07/05/2020,EGE,CO,ANM,WE,Federal Contract Tower,4,64,65,0,133,0,1,31,1,33,4,65,96,1,166,76,0,76,242
07/06/2020,EGE,CO,ANM,WE,Federal Contract Tower,4,38,69,0,111,0,0,24,1,25,4,38,93,1,136,20,2,22,158
07/07/2020,EGE,CO,ANM,WE,Federal Contract Tower,4,24,47,0,75,0,0,48,17,65,4,24,95,17,140,18,10,28,168
07/08/2020,EGE,CO,ANM,WE,Federal Contract Tower,4,17,48,0,69,0,0,24,16,40,4,17,72,16,109,38,0,38,147
07/09/2020,EGE,CO,ANM,WE,Federal Contract Tower,4,32,28,0,64,0,0,41,18,59,4,32,69,18,123,74,14,88,211
07/10/2020,EGE,CO,ANM,WE,Federal Contract Tower,4,38,41,0,83,0,0,35,5,40,4,38,76,5,123,56,2,58,181
07/11/2020,EGE,CO,ANM,WE,Federal Contract Tower,4,47,34,0,85,0,0,26,2,28,4,47,60,2,113,36,0,36,149
07/12/2020,EGE,CO,ANM,WE,Federal Contract Tower,4,51,56,0,111,0,0,25,0,25,4,51,81,0,136,0,0,0,136
07/13/2020,EGE,CO,ANM,WE,Federal Contract Tower,4,32,37,0,73,0,0,28,0,28,4,32,65,0,101,32,0,32,133
07/14/2020,EGE,CO,ANM,WE,Federal Contract Tower,4,38,25,0,67,0,0,28,13,41,4,38,53,13,108,30,0,30,138
07/15/2020,EGE,CO,ANM,WE,Federal Contract Tower,4,42,35,0,81,0,0,30,16,46,4,42,65,16,127,44,8,52,179
07/16/2020,EGE,CO,ANM,WE,Federal Contract Tower,4,32,30,0,66,0,0,30,16,46,4,32,60,16,112,44,4,48,160
07/17/2020,EGE,CO,ANM,WE,Federal Contract Tower,4,31,42,0,77,0,0,31,8,39,4,31,73,8,116,2,0,2,118
07/18/2020,EGE,CO,ANM,WE,Federal Contract Tower,4,51,52,0,107,0,0,35,1,36,4,51,87,1,143,36,0,36,179
07/19/2020,EGE,CO,ANM,WE,Federal Contract Tower,4,47,55,0,106,0,1,34,1,36,4,48,89,1,142,14,0,14,156
07/20/2020,EGE,CO,ANM,WE,Federal Contract Tower,4,45,55,0,104,0,1,30,2,33,4,46,85,2,137,22,0,22,159
07/21/2020,EGE,CO,ANM,WE,Federal Contract Tower,4,15,28,0,47,0,0,37,10,47,4,15,65,10,94,38,2,40,134
07/22/2020,EGE,CO,ANM,WE,Federal Contract Tower,4,32,53,0,89,0,0,24,13,37,4,32,77,13,126,50,4,54,180
07/23/2020,EGE,CO,ANM,WE,Federal Contract Tower,4,41,48,0,93,0,0,30,8,38,4,41,78,8,131,44,2,46,177
07/24/2020,EGE,CO,ANM,WE,Federal Contract Tower,4,32,45,0,81,0,0,11,3,14,4,32,56,3,95,1,2,3,98
07/25/2020,EGE,CO,ANM,WE,Federal Contract Tower,4,56,42,0,102,0,0,12,0,12,4,56,54,0,114,24,0,24,138
07/26/2020,EGE,CO,ANM,WE,Federal Contract Tower,4,55,71,0,130,0,1,24,1,26,4,56,95,1,156,22,0,22,178
07/27/2020,EGE,CO,ANM,WE,Federal Contract Tower,3,34,28,2,67,0,0,39,0,39,3,34,67,2,106,42,0,42,148
07/28/2020,EGE,CO,ANM,WE,Federal Contract Tower,4,37,43,0,84,0,0,23,12,35,4,37,66,12,119,60,6,66,185
07/29/2020,EGE,CO,ANM,WE,Federal Contract Tower,4,45,40,0,89,0,0,39,13,52,4,45,79,13,141,44,0,44,185
07/30/2020,EGE,CO,ANM,WE,Federal Contract Tower,4,37,61,1,103,0,0,39,12,51,4,37,100,13,154,60,2,62,216
07/31/2020,EGE,CO,ANM,WE,Federal Contract Tower,4,64,62,0,130,0,0,35,14,49,4,64,97,14,179,54,0,54,233
08/01/2020,EGE,CO,ANM,WE,Federal Contract Tower,4,62,56,0,122,0,0,34,4,38,4,62,90,4,160,8,2,10,170
08/02/2020,EGE,CO,ANM,WE,Federal Contract Tower,4,61,68,0,133,0,0,19,0,19,4,61,87,0,152,2,0,2,154
08/03/2020,EGE,CO,ANM,WE,Federal Contract Tower,5,49,41,0,95,0,1,20,6,27,5,50,61,6,122,18,0,18,140
08/04/2020,EGE,CO,ANM,WE,Federal Contract Tower,4,43,43,0,90,0,0,31,22,53,4,43,74,22,143,32,40,72,215
08/05/2020,EGE,CO,ANM,WE,Federal Contract Tower,4,31,53,0,88,0,0,24,27,51,4,31,77,27,139,20,12,32,171
08/06/2020,EGE,CO,ANM,WE,Federal Contract Tower,4,44,47,0,95,0,0,35,20,55,4,44,82,20,150,20,4,24,174
08/07/2020,EGE,CO,ANM,WE,Federal Contract Tower,4,32,62,0,98,0,0,0,1,1,4,32,62,1,99,42,6,48,147
08/08/2020,EGE,CO,ANM,WE,Federal Contract Tower,4,51,55,1,111,0,0,26,4,30,4,51,81,5,141,12,0,12,153
08/09/2020,EGE,CO,ANM,WE,Federal Contract Tower,4,68,64,0,136,0,0,39,6,45,4,68,103,6,181,8,0,8,189
08/10/2020,EGE,CO,ANM,WE,Federal Contract Tower,4,44,43,0,91,0,0,44,0,44,4,44,87,0,135,56,0,56,191
08/11/2020,EGE,CO,ANM,WE,Federal Contract Tower,4,26,33,0,63,0,0,28,24,52,4,26,61,24,115,4,20,24,139
08/12/2020,EGE,CO,ANM,WE,Federal Contract Tower,5,52,49,0,106,0,0,64,25,89,5,52,113,25,195,14,10,24,219
08/13/2020,EGE,CO,ANM,WE,Federal Contract Tower,4,38,52,0,94,0,0,72,17,89,4,38,124,17,183,42,14,56,239
08/14/2020,EGE,CO,ANM,WE,Federal Contract Tower,4,38,43,2,87,0,0,60,14,74,4,38,103,16,161,34,0,34,195
08/15/2020,EGE,CO,ANM,WE,Federal Contract Tower,6,58,43,0,107,0,1,52,3,56,6,59,95,3,163,18,22,40,203
08/16/2020,EGE,CO,ANM,WE,Federal Contract Tower,5,56,43,0,104,0,1,51,0,52,5,57,94,0,156,12,0,12,168
08/17/2020,EGE,CO,ANM,WE,Federal Contract Tower,4,35,50,0,89,0,0,49,0,49,4,35,99,0,138,0,0,0,138
08/18/2020,EGE,CO,ANM,WE,Federal Contract Tower,4,42,31,0,77,0,0,63,14,77,4,42,94,14,154,10,2,12,166
08/19/2020,EGE,CO,ANM,WE,Federal Contract Tower,4,36,40,0,80,0,0,40,9,49,4,36,80,9,129,12,0,12,141
08/20/2020,EGE,CO,ANM,WE,Federal Contract Tower,4,32,45,0,81,0,0,39,19,58,4,32,84,19,139,32,2,34,173
08/21/2020,EGE,CO,ANM,WE,Federal Contract Tower,4,36,44,0,84,0,0,39,13,52,4,36,83,13,136,16,0,16,152
08/22/2020,EGE,CO,ANM,WE,Federal Contract Tower,5,34,37,2,78,0,0,33,5,38,5,34,70,7,116,22,0,22,138
08/23/2020,EGE,CO,ANM,WE,Federal Contract Tower,5,43,55,0,103,0,0,34,7,41,5,43,89,7,144,10,0,10,154
08/24/2020,EGE,CO,ANM,WE,Federal Contract Tower,8,29,34,0,71,0,0,28,2,30,8,29,62,2,101,44,0,44,145
08/25/2020,EGE,CO,ANM,WE,Federal Contract Tower,4,19,29,1,53,0,0,39,18,57,4,19,68,19,110,32,14,46,156
08/26/2020,EGE,CO,ANM,WE,Federal Contract Tower,4,27,43,1,75,0,0,31,14,45,4,27,74,15,120,22,8,30,150
08/27/2020,EGE,CO,ANM,WE,Federal Contract Tower,4,24,48,0,76,0,0,36,15,51,4,24,84,15,127,22,6,28,155
08/28/2020,EGE,CO,ANM,WE,Federal Contract Tower,4,39,33,0,76,0,0,35,8,43,4,39,68,8,119,64,0,64,183
08/29/2020,EGE,CO,ANM,WE,Federal Contract Tower,6,46,51,2,105,0,0,22,0,22,6,46,73,2,127,34,0,34,161
08/30/2020,EGE,CO,ANM,WE,Federal Contract Tower,7,47,61,0,115,0,0,43,1,44,7,47,104,1,159,20,0,20,179
08/31/2020,EGE,CO,ANM,WE,Federal Contract Tower,5,43,31,0,79,0,0,15,0,15,5,43,46,0,94,0,0,0,94
09/01/2020,EGE,CO,ANM,WE,Federal Contract Tower,3,25,32,0,60,0,0,30,2,32,3,25,62,2,92,4,0,4,96
09/02/2020,EGE,CO,ANM,WE,Federal Contract Tower,3,33,37,1,74,0,0,26,11,37,3,33,63,12,111,20,0,20,131
09/03/2020,EGE,CO,ANM,WE,Federal Contract Tower,4,46,47,2,99,0,0,24,2,26,4,46,71,4,125,36,32,68,193
09/04/2020,EGE,CO,ANM,WE,Federal Contract Tower,4,26,36,0,66,0,0,16,0,16,4,26,52,0,82,28,0,28,110
09/05/2020,EGE,CO,ANM,WE,Federal Contract Tower,4,22,31,0,57,0,0,30,0,30,4,22,61,0,87,62,0,62,149
09/06/2020,EGE,CO,ANM,WE,Federal Contract Tower,4,36,30,0,70,0,0,20,0,20,4,36,50,0,90,20,0,20,110
09/07/2020,EGE,CO,ANM,WE,Federal Contract Tower,4,61,77,0,142,0,0,23,0,23,4,61,100,0,165,4,0,4,169
09/08/2020,EGE,CO,ANM,WE,Federal Contract Tower,4,44,22,0,70,0,0,0,8,8,4,44,22,8,78,0,12,12,90
09/09/2020,EGE,CO,ANM,WE,Federal Contract Tower,4,43,33,0,80,0,0,21,13,34,4,43,54,13,114,60,14,74,188
09/10/2020,EGE,CO,ANM,WE,Federal Contract Tower,4,22,53,0,79,0,0,18,10,28,4,22,71,10,107,48,4,52,159
09/11/2020,EGE,CO,ANM,WE,Federal Contract Tower,4,18,24,0,46,0,0,18,4,22,4,18,42,4,68,28,0,28,96
09/12/2020,EGE,CO,ANM,WE,Federal Contract Tower,4,38,32,0,74,0,0,45,2,47,4,38,77,2,121,74,0,74,195
09/13/2020,EGE,CO,ANM,WE,Federal Contract Tower,4,45,46,0,95,0,0,29,1,30,4,45,75,1,125,16,0,16,141
09/14/2020,EGE,CO,ANM,WE,Federal Contract Tower,4,22,46,0,72,0,0,36,1,37,4,22,82,1,109,32,0,32,141
09/15/2020,EGE,CO,ANM,WE,Federal Contract Tower,4,28,37,4,73,0,0,32,22,54,4,28,69,26,127,30,24,54,181
09/16/2020,EGE,CO,ANM,WE,Federal Contract Tower,4,24,42,0,70,0,0,23,20,43,4,24,65,20,113,14,4,18,131
09/17/2020,EGE,CO,ANM,WE,Federal Contract Tower,4,34,53,0,91,0,2,19,16,37,4,36,72,16,128,18,2,20,148
09/18/2020,EGE,CO,ANM,WE,Federal Contract Tower,4,34,48,0,86,0,0,29,12,41,4,34,77,12,127,18,6,24,151
09/19/2020,EGE,CO,ANM,WE,Federal Contract Tower,4,23,23,0,50,0,0,31,1,32,4,23,54,1,82,42,2,44,126
09/20/2020,EGE,CO,ANM,WE,Federal Contract Tower,4,60,48,0,112,0,0,20,1,21,4,60,68,1,133,6,0,6,139
09/21/2020,EGE,CO,ANM,WE,Federal Contract Tower,4,14,34,2,54,0,0,20,0,20,4,14,54,2,74,2,0,2,76
09/22/2020,EGE,CO,ANM,WE,Federal Contract Tower,4,23,24,0,51,0,0,32,14,46,4,23,56,14,97,24,10,34,131
09/23/2020,EGE,CO,ANM,WE,Federal Contract Tower,4,31,29,2,66,0,0,33,12,45,4,31,62,14,111,72,4,76,187
09/24/2020,EGE,CO,ANM,WE,Federal Contract Tower,4,41,36,0,81,0,0,32,15,47,4,41,68,15,128,72,2,74,202
09/25/2020,EGE,CO,ANM,WE,Federal Contract Tower,4,34,37,0,75,0,0,34,10,44,4,34,71,10,119,30,14,44,163
09/26/2020,EGE,CO,ANM,WE,Federal Contract Tower,4,28,27,4,63,0,0,27,2,29,4,28,54,6,92,20,0,20,112
09/27/2020,EGE,CO,ANM,WE,Federal Contract Tower,4,45,53,0,102,0,0,22,3,25,4,45,75,3,127,4,0,4,131
09/28/2020,EGE,CO,ANM,WE,Federal Contract Tower,4,20,44,0,68,0,0,31,1,32,4,20,75,1,100,12,0,12,112
09/29/2020,EGE,CO,ANM,WE,Federal Contract Tower,4,35,33,0,72,0,0,44,0,44,4,35,77,0,116,30,0,30,146
09/30/2020,EGE,CO,ANM,WE,Federal Contract Tower,4,33,45,3,85,0,0,40,1,41,4,33,85,4,126,60,0,60,186
10/01/2020,EGE,CO,ANM,WE,Federal Contract Tower,4,33,29,0,66,0,2,62,5,69,4,35,91,5,135,58,8,66,201
10/02/2020,EGE,CO,ANM,WE,Federal Contract Tower,4,32,27,0,63,0,0,46,0,46,4,32,73,0,109,35,0,35,144
10/03/2020,EGE,CO,ANM,WE,Federal Contract Tower,4,30,25,3,62,0,0,40,2,42,4,30,65,5,104,32,6,38,142
10/04/2020,EGE,CO,ANM,WE,Federal Contract Tower,4,29,37,0,70,0,0,23,0,23,4,29,60,0,93,14,0,14,107
10/05/2020,EGE,CO,ANM,WE,Federal Contract Tower,4,52,23,0,79,0,0,35,0,35,4,52,58,0,114,10,0,10,124
10/06/2020,EGE,CO,ANM,WE,Federal Contract Tower,4,28,22,0,54,0,0,34,4,38,4,28,56,4,92,16,6,22,114
10/07/2020,EGE,CO,ANM,WE,Federal Contract Tower,2,28,27,0,57,0,0,36,12,48,2,28,63,12,105,96,0,96,201
10/08/2020,EGE,CO,ANM,WE,Federal Contract Tower,2,26,24,0,52,0,0,27,10,37,2,26,51,10,89,28,4,32,121
10/09/2020,EGE,CO,ANM,WE,Federal Contract Tower,4,26,21,0,51,0,0,29,13,42,4,26,50,13,93,28,2,30,123
10/10/2020,EGE,CO,ANM,WE,Federal Contract Tower,4,28,20,0,52,0,0,27,0,27,4,28,47,0,79,50,0,50,129
10/11/2020,EGE,CO,ANM,WE,Federal Contract Tower,4,24,23,0,51,0,0,3,0,3,4,24,26,0,54,0,0,0,54
10/12/2020,EGE,CO,ANM,WE,Federal Contract Tower,3,25,23,0,51,0,0,25,0,25,3,25,48,0,76,60,0,60,136
10/13/2020,EGE,CO,ANM,WE,Federal Contract Tower,2,15,28,0,45,0,0,25,0,25,2,15,53,0,70,16,0,16,86
10/14/2020,EGE,CO,ANM,WE,Federal Contract Tower,2,15,25,0,42,0,0,16,0,16,2,15,41,0,58,30,0,30,88
10/15/2020,EGE,CO,ANM,WE,Federal Contract Tower,2,24,32,0,58,0,0,34,7,41,2,24,66,7,99,102,0,102,201
10/16/2020,EGE,CO,ANM,WE,Federal Contract Tower,4,27,21,0,52,0,0,38,0,38,4,27,59,0,90,66,0,66,156
10/17/2020,EGE,CO,ANM,WE,Federal Contract Tower,4,19,12,2,37,0,0,16,3,19,4,19,28,5,56,88,12,100,156
10/18/2020,EGE,CO,ANM,WE,Federal Contract Tower,4,26,37,0,67,0,0,12,0,12,4,26,49,0,79,48,0,48,127
10/19/2020,EGE,CO,ANM,WE,Federal Contract Tower,4,24,8,0,36,0,0,16,0,16,4,24,24,0,52,24,0,24,76
10/20/2020,EGE,CO,ANM,WE,Federal Contract Tower,2,12,8,0,22,0,0,26,13,39,2,12,34,13,61,98,2,100,161
10/21/2020,EGE,CO,ANM,WE,Federal Contract Tower,2,10,11,0,23,0,0,34,14,48,2,10,45,14,71,84,18,102,173
10/22/2020,EGE,CO,ANM,WE,Federal Contract Tower,2,20,15,0,37,0,0,30,14,44,2,20,45,14,81,60,14,74,155
10/23/2020,EGE,CO,ANM,WE,Federal Contract Tower,4,22,18,0,44,0,0,37,6,43,4,22,55,6,87,98,0,98,185
10/24/2020,EGE,CO,ANM,WE,Federal Contract Tower,4,20,22,0,46,0,0,19,2,21,4,20,41,2,67,24,0,24,91
10/25/2020,EGE,CO,ANM,WE,Federal Contract Tower,3,14,8,0,25,0,0,0,0,0,3,14,8,0,25,0,0,0,25
10/26/2020,EGE,CO,ANM,WE,Federal Contract Tower,5,12,10,0,27,0,0,0,0,0,5,12,10,0,27,0,0,0,27
10/27/2020,EGE,CO,ANM,WE,Federal Contract Tower,2,16,16,0,34,0,0,16,1,17,2,16,32,1,51,76,0,76,127
10/28/2020,EGE,CO,ANM,WE,Federal Contract Tower,2,15,13,0,30,0,0,28,2,30,2,15,41,2,60,136,0,136,196
10/29/2020,EGE,CO,ANM,WE,Federal Contract Tower,2,3,23,0,28,0,0,25,2,27,2,3,48,2,55,50,0,50,105
10/30/2020,EGE,CO,ANM,WE,Federal Contract Tower,4,20,7,0,31,0,0,22,0,22,4,20,29,0,53,84,0,84,137
10/31/2020,EGE,CO,ANM,WE,Federal Contract Tower,4,6,8,0,18,0,0,29,0,29,4,6,37,0,47,62,0,62,109
11/01/2020,EGE,CO,ANM,WE,Federal Contract Tower,3,16,14,0,33,0,0,30,0,30,3,16,44,0,63,36,0,36,99
11/02/2020,EGE,CO,ANM,WE,Federal Contract Tower,4,14,16,0,34,0,0,35,1,36,4,14,51,1,70,86,0,86,156
11/03/2020,EGE,CO,ANM,WE,Federal Contract Tower,2,10,15,2,29,0,0,16,0,16,2,10,31,2,45,0,0,0,45
11/04/2020,EGE,CO,ANM,WE,Federal Contract Tower,4,9,13,0,26,0,0,28,6,34,4,9,41,6,60,20,0,20,80
11/05/2020,EGE,CO,ANM,WE,Federal Contract Tower,4,8,7,0,19,0,0,28,2,30,4,8,35,2,49,36,4,40,89
11/06/2020,EGE,CO,ANM,WE,Federal Contract Tower,4,12,15,0,31,0,0,25,4,29,4,12,40,4,60,57,0,57,117
11/07/2020,EGE,CO,ANM,WE,Federal Contract Tower,4,10,18,0,32,0,0,14,0,14,4,10,32,0,46,42,0,42,88
11/08/2020,EGE,CO,ANM,WE,Federal Contract Tower,4,18,15,0,37,0,0,3,0,3,4,18,18,0,40,40,0,40,80
11/09/2020,EGE,CO,ANM,WE,Federal Contract Tower,4,14,7,0,25,0,0,3,0,3,4,14,10,0,28,26,0,26,54
11/10/2020,EGE,CO,ANM,WE,Federal Contract Tower,4,16,16,0,36,0,0,3,6,9,4,16,19,6,45,24,44,68,113
11/11/2020,EGE,CO,ANM,WE,Federal Contract Tower,4,11,11,0,26,0,0,19,2,21,4,11,30,2,47,80,22,102,149
11/12/2020,EGE,CO,ANM,WE,Federal Contract Tower,4,16,17,0,37,0,0,22,5,27,4,16,39,5,64,42,48,90,154
11/13/2020,EGE,CO,ANM,WE,Federal Contract Tower,4,15,31,10,60,0,0,32,13,45,4,15,63,23,105,42,28,70,175
11/14/2020,EGE,CO,ANM,WE,Federal Contract Tower,4,8,7,0,19,0,0,1,0,1,4,8,8,0,20,0,0,0,20
11/15/2020,EGE,CO,ANM,WE,Federal Contract Tower,4,12,14,0,30,0,0,6,0,6,4,12,20,0,36,8,0,8,44
11/16/2020,EGE,CO,ANM,WE,Federal Contract Tower,3,8,7,0,18,0,0,24,0,24,3,8,31,0,42,24,20,44,86
11/17/2020,EGE,CO,ANM,WE,Federal Contract Tower,4,6,9,0,19,0,0,30,6,36,4,6,39,6,55,120,24,144,199
11/18/2020,EGE,CO,ANM,WE,Federal Contract Tower,4,11,23,0,38,0,0,27,3,30,4,11,50,3,68,90,4,94,162
11/19/2020,EGE,CO,ANM,WE,Federal Contract Tower,6,23,24,0,53,0,0,21,5,26,6,23,45,5,79,62,8,70,149
11/20/2020,EGE,CO,ANM,WE,Federal Contract Tower,8,34,24,1,67,0,0,19,2,21,8,34,43,3,88,16,10,26,114
11/21/2020,EGE,CO,ANM,WE,Federal Contract Tower,8,32,18,0,58,0,0,29,0,29,8,32,47,0,87,42,0,42,129
11/22/2020,EGE,CO,ANM,WE,Federal Contract Tower,8,22,37,0,67,0,0,16,0,16,8,22,53,0,83,8,0,8,91
11/23/2020,EGE,CO,ANM,WE,Federal Contract Tower,11,7,11,0,29,0,0,2,0,2,11,7,13,0,31,28,0,28,59
11/24/2020,EGE,CO,ANM,WE,Federal Contract Tower,8,26,30,0,64,0,0,6,0,6,8,26,36,0,70,26,0,26,96
11/25/2020,EGE,CO,ANM,WE,Federal Contract Tower,8,10,33,0,51,0,0,30,4,34,8,10,63,4,85,14,12,26,111
11/26/2020,EGE,CO,ANM,WE,Federal Contract Tower,3,3,3,0,9,0,0,2,0,2,3,3,5,0,11,0,0,0,11
11/27/2020,EGE,CO,ANM,WE,Federal Contract Tower,8,10,21,0,39,0,0,33,0,33,8,10,54,0,72,32,0,32,104
11/28/2020,EGE,CO,ANM,WE,Federal Contract Tower,10,36,31,0,77,0,0,28,0,28,10,36,59,0,105,36,0,36,141
11/29/2020,EGE,CO,ANM,WE,Federal Contract Tower,10,35,58,0,103,0,0,22,0,22,10,35,80,0,125,8,0,8,133
11/30/2020,EGE,CO,ANM,WE,Federal Contract Tower,7,21,17,2,47,0,0,22,1,23,7,21,39,3,70,6,2,8,78
12/01/2020,EGE,CO,ANM,WE,Federal Contract Tower,7,28,25,0,60,0,0,6,0,6,7,28,31,0,66,20,0,20,86
12/02/2020,EGE,CO,ANM,WE,Federal Contract Tower,5,14,17,0,36,0,0,26,3,29,5,14,43,3,65,88,0,88,153
12/03/2020,EGE,CO,ANM,WE,Federal Contract Tower,7,18,21,0,46,0,0,35,4,39,7,18,56,4,85,50,0,50,135
12/04/2020,EGE,CO,ANM,WE,Federal Contract Tower,9,16,21,0,46,0,0,30,0,30,9,16,51,0,76,48,0,48,124
12/05/2020,EGE,CO,ANM,WE,Federal Contract Tower,6,19,13,0,38,0,0,29,3,32,6,19,42,3,70,42,2,44,114
12/06/2020,EGE,CO,ANM,WE,Federal Contract Tower,10,24,34,0,68,0,0,30,0,30,10,24,64,0,98,42,0,42,140
12/07/2020,EGE,CO,ANM,WE,Federal Contract Tower,9,11,18,1,39,0,0,26,1,27,9,11,44,2,66,40,0,40,106
12/08/2020,EGE,CO,ANM,WE,Federal Contract Tower,5,22,21,0,48,0,0,36,4,40,5,22,57,4,88,46,0,46,134
12/09/2020,EGE,CO,ANM,WE,Federal Contract Tower,5,16,25,2,48,0,0,39,6,45,5,16,64,8,93,60,14,74,167
12/10/2020,EGE,CO,ANM,WE,Federal Contract Tower,7,33,27,0,67,0,0,21,6,27,7,33,48,6,94,40,8,48,142
12/11/2020,EGE,CO,ANM,WE,Federal Contract Tower,8,32,14,0,54,0,0,7,0,7,8,32,21,0,61,52,0,52,113
12/12/2020,EGE,CO,ANM,WE,Federal Contract Tower,1,11,10,0,22,0,0,2,0,2,1,11,12,0,24,12,0,12,36
12/13/2020,EGE,CO,ANM,WE,Federal Contract Tower,9,53,38,0,100,0,0,23,0,23,9,53,61,0,123,0,0,0,123
12/14/2020,EGE,CO,ANM,WE,Federal Contract Tower,3,21,13,0,37,0,0,2,0,2,3,21,15,0,39,0,0,0,39
12/15/2020,EGE,CO,ANM,WE,Federal Contract Tower,5,26,21,1,53,0,0,11,6,17,5,26,32,7,70,62,16,78,148
12/16/2020,EGE,CO,ANM,WE,Federal Contract Tower,6,50,41,0,97,0,0,14,6,20,6,50,55,6,117,40,18,58,175
12/17/2020,EGE,CO,ANM,WE,Federal Contract Tower,30,45,43,0,118,0,0,18,8,26,30,45,61,8,144,16,26,42,186
12/18/2020,EGE,CO,ANM,WE,Federal Contract Tower,34,74,85,0,193,0,0,7,0,7,34,74,92,0,200,16,0,16,216
12/19/2020,EGE,CO,ANM,WE,Federal Contract Tower,40,81,94,0,215,0,0,16,0,16,40,81,110,0,231,0,0,0,231
12/20/2020,EGE,CO,ANM,WE,Federal Contract Tower,34,78,49,0,161,0,0,20,0,20,34,78,69,0,181,0,0,0,181
12/21/2020,EGE,CO,ANM,WE,Federal Contract Tower,36,43,40,0,119,0,0,27,2,29,36,43,67,2,148,18,6,24,172
12/22/2020,EGE,CO,ANM,WE,Federal Contract Tower,35,48,27,2,112,0,0,6,0,6,35,48,33,2,118,0,0,0,118
12/23/2020,EGE,CO,ANM,WE,Federal Contract Tower,33,55,68,2,158,0,0,5,0,5,33,55,73,2,163,0,0,0,163
12/24/2020,EGE,CO,ANM,WE,Federal Contract Tower,23,30,25,1,79,0,0,17,0,17,23,30,42,1,96,4,0,4,100
12/25/2020,EGE,CO,ANM,WE,Federal Contract Tower,20,42,16,0,78,0,0,13,0,13,20,42,29,0,91,2,0,2,93
12/26/2020,EGE,CO,ANM,WE,Federal Contract Tower,41,95,94,0,230,0,0,25,0,25,41,95,119,0,255,2,0,2,257
12/27/2020,EGE,CO,ANM,WE,Federal Contract Tower,36,99,118,0,253,0,0,4,0,4,36,99,122,0,257,0,0,0,257
12/28/2020,EGE,CO,ANM,WE,Federal Contract Tower,18,15,30,0,63,0,0,0,0,0,18,15,30,0,63,0,0,0,63
12/29/2020,EGE,CO,ANM,WE,Federal Contract Tower,35,39,53,0,127,0,0,4,3,7,35,39,57,3,134,20,32,52,186
12/30/2020,EGE,CO,ANM,WE,Federal Contract Tower,32,71,79,2,184,0,0,24,0,24,32,71,103,2,208,4,0,4,212
12/31/2020,EGE,CO,ANM,WE,Federal Contract Tower,23,31,32,0,86,0,0,16,0,16,23,31,48,0,102,0,0,0,102
01/01/2021,EGE,CO,ANM,WE,Federal Contract Tower,30,45,49,4,128,0,0,16,0,16,30,45,65,4,144,20,0,20,164
01/02/2021,EGE,CO,ANM,WE,Federal Contract Tower,39,83,99,0,221,0,0,17,0,17,39,83,116,0,238,0,0,0,238
01/03/2021,EGE,CO,ANM,WE,Federal Contract Tower,35,121,147,0,303,0,0,16,0,16,35,121,163,0,319,4,0,4,323
01/04/2021,EGE,CO,ANM,WE,Federal Contract Tower,34,76,76,0,186,0,0,26,0,26,34,76,102,0,212,0,0,0,212
01/05/2021,EGE,CO,ANM,WE,Federal Contract Tower,26,35,38,0,99,0,0,2,0,2,26,35,40,0,101,0,0,0,101
01/06/2021,EGE,CO,ANM,WE,Federal Contract Tower,27,57,32,0,116,0,0,24,6,30,27,57,56,6,146,0,0,0,146
01/07/2021,EGE,CO,ANM,WE,Federal Contract Tower,28,28,30,0,86,0,0,26,2,28,28,28,56,2,114,74,0,74,188
01/08/2021,EGE,CO,ANM,WE,Federal Contract Tower,28,54,38,0,120,0,0,25,4,29,28,54,63,4,149,16,0,16,165
01/09/2021,EGE,CO,ANM,WE,Federal Contract Tower,33,57,36,0,126,0,0,11,0,11,33,57,47,0,137,0,0,0,137
01/10/2021,EGE,CO,ANM,WE,Federal Contract Tower,28,62,47,0,137,0,0,20,3,23,28,62,67,3,160,22,2,24,184
01/11/2021,EGE,CO,ANM,WE,Federal Contract Tower,28,24,33,0,85,0,0,11,1,12,28,24,44,1,97,10,0,10,107
01/12/2021,EGE,CO,ANM,WE,Federal Contract Tower,27,22,23,0,72,0,0,18,18,36,27,22,41,18,108,4,12,16,124
01/13/2021,EGE,CO,ANM,WE,Federal Contract Tower,29,36,40,0,105,0,0,28,20,48,29,36,68,20,153,30,4,34,187
01/14/2021,EGE,CO,ANM,WE,Federal Contract Tower,28,34,42,0,104,0,0,25,18,43,28,34,67,18,147,18,4,22,169
01/15/2021,EGE,CO,ANM,WE,Federal Contract Tower,30,33,46,2,111,0,0,25,4,29,30,33,71,6,140,32,24,56,196
01/16/2021,EGE,CO,ANM,WE,Federal Contract Tower,33,42,32,0,107,0,0,17,0,17,33,42,49,0,124,20,0,20,144
01/17/2021,EGE,CO,ANM,WE,Federal Contract Tower,30,31,35,0,96,0,0,19,0,19,30,31,54,0,115,22,0,22,137
01/18/2021,EGE,CO,ANM,WE,Federal Contract Tower,28,37,53,0,118,0,0,17,0,17,28,37,70,0,135,82,0,82,217
01/19/2021,EGE,CO,ANM,WE,Federal Contract Tower,27,25,28,0,80,0,0,20,0,20,27,25,48,0,100,36,0,36,136
01/20/2021,EGE,CO,ANM,WE,Federal Contract Tower,27,44,31,0,102,0,0,22,6,28,27,44,53,6,130,14,6,20,150
01/21/2021,EGE,CO,ANM,WE,Federal Contract Tower,27,32,43,0,102,0,0,18,6,24,27,32,61,6,126,54,10,64,190
01/22/2021,EGE,CO,ANM,WE,Federal Contract Tower,30,37,47,0,114,0,0,12,3,15,30,37,59,3,129,32,0,32,161
01/23/2021,EGE,CO,ANM,WE,Federal Contract Tower,35,47,24,0,106,0,0,0,0,0,35,47,24,0,106,0,0,0,106
01/24/2021,EGE,CO,ANM,WE,Federal Contract Tower,30,31,55,0,116,0,0,6,0,6,30,31,61,0,122,28,0,28,150
01/25/2021,EGE,CO,ANM,WE,Federal Contract Tower,30,31,30,0,91,0,0,4,0,4,30,31,34,0,95,26,0,26,121
01/26/2021,EGE,CO,ANM,WE,Federal Contract Tower,26,19,17,0,62,0,0,9,15,24,26,19,26,15,86,20,0,20,106
01/27/2021,EGE,CO,ANM,WE,Federal Contract Tower,28,33,30,0,91,0,0,44,18,62,28,33,74,18,153,2,4,6,159
01/28/2021,EGE,CO,ANM,WE,Federal Contract Tower,28,28,40,0,96,0,0,30,20,50,28,28,70,20,146,12,2,14,160
01/29/2021,EGE,CO,ANM,WE,Federal Contract Tower,33,26,34,1,94,0,0,23,12,35,33,26,57,13,129,36,2,38,167
01/30/2021,EGE,CO,ANM,WE,Federal Contract Tower,32,29,22,0,83,0,0,3,0,3,32,29,25,0,86,76,0,76,162
01/31/2021,EGE,CO,ANM,WE,Federal Contract Tower,30,45,54,0,129,0,0,33,1,34,30,45,87,1,163,12,0,12,175
02/01/2021,EGE,CO,ANM,WE,Federal Contract Tower,25,22,24,0,71,0,0,30,0,30,25,22,54,0,101,38,0,38,139
02/02/2021,EGE,CO,ANM,WE,Federal Contract Tower,24,32,25,0,81,0,0,40,16,56,24,32,65,16,137,14,14,28,165
02/03/2021,EGE,CO,ANM,WE,Federal Contract Tower,26,21,22,0,69,0,0,3,18,21,26,21,25,18,90,14,18,32,122
02/04/2021,EGE,CO,ANM,WE,Federal Contract Tower,29,47,41,0,117,0,0,11,20,31,29,47,52,20,148,52,8,60,208
02/05/2021,EGE,CO,ANM,WE,Federal Contract Tower,31,34,33,0,98,0,0,1,8,9,31,34,34,8,107,14,6,20,127
02/06/2021,EGE,CO,ANM,WE,Federal Contract Tower,35,79,47,0,161,0,0,10,0,10,35,79,57,0,171,24,0,24,195
02/07/2021,EGE,CO,ANM,WE,Federal Contract Tower,30,42,42,0,114,0,0,6,0,6,30,42,48,0,120,30,0,30,150
02/08/2021,EGE,CO,ANM,WE,Federal Contract Tower,27,43,32,0,102,0,0,17,0,17,27,43,49,0,119,26,0,26,145
02/09/2021,EGE,CO,ANM,WE,Federal Contract Tower,28,32,20,0,80,0,0,7,6,13,28,32,27,6,93,40,6,46,139
02/10/2021,EGE,CO,ANM,WE,Federal Contract Tower,26,44,66,0,136,0,0,16,11,27,26,44,82,11,163,56,4,60,223
02/11/2021,EGE,CO,ANM,WE,Federal Contract Tower,37,63,109,0,209,0,0,24,13,37,37,63,133,13,246,6,6,12,258
02/12/2021,EGE,CO,ANM,WE,Federal Contract Tower,29,70,71,0,170,0,0,4,0,4,29,70,75,0,174,40,0,40,214
02/13/2021,EGE,CO,ANM,WE,Federal Contract Tower,35,62,49,0,146,0,0,1,0,1,35,62,50,0,147,26,0,26,173
02/14/2021,EGE,CO,ANM,WE,Federal Contract Tower,25,47,60,0,132,0,0,2,0,2,25,47,62,0,134,0,0,0,134
02/15/2021,EGE,CO,ANM,WE,Federal Contract Tower,27,67,84,0,178,0,0,12,1,13,27,67,96,1,191,16,0,16,207
02/16/2021,EGE,CO,ANM,WE,Federal Contract Tower,25,94,67,0,186,0,0,2,0,2,25,94,69,0,188,28,0,28,216
02/17/2021,EGE,CO,ANM,WE,Federal Contract Tower,27,66,44,0,137,0,0,9,0,9,27,66,53,0,146,6,0,6,152
02/18/2021,EGE,CO,ANM,WE,Federal Contract Tower,26,49,64,0,139,0,0,32,5,37,26,49,96,5,176,66,10,76,252
02/19/2021,EGE,CO,ANM,WE,Federal Contract Tower,29,56,69,0,154,0,0,8,0,8,29,56,77,0,162,0,0,0,162
02/20/2021,EGE,CO,ANM,WE,Federal Contract Tower,38,91,63,0,192,0,0,7,0,7,38,91,70,0,199,8,0,8,207
02/21/2021,EGE,CO,ANM,WE,Federal Contract Tower,33,77,81,0,191,0,0,18,0,18,33,77,99,0,209,12,0,12,221
02/22/2021,EGE,CO,ANM,WE,Federal Contract Tower,32,42,40,0,114,0,0,24,0,24,32,42,64,0,138,8,0,8,146
02/23/2021,EGE,CO,ANM,WE,Federal Contract Tower,28,43,39,0,110,0,0,14,4,18,28,43,53,4,128,18,26,44,172
02/24/2021,EGE,CO,ANM,WE,Federal Contract Tower,30,53,39,0,122,0,0,28,12,40,30,53,67,12,162,12,2,14,176
02/25/2021,EGE,CO,ANM,WE,Federal Contract Tower,30,50,44,2,126,0,0,23,11,34,30,50,67,13,160,18,6,24,184
02/26/2021,EGE,CO,ANM,WE,Federal Contract Tower,33,41,52,0,126,0,0,13,6,19,33,41,65,6,145,20,0,20,165
02/27/2021,EGE,CO,ANM,WE,Federal Contract Tower,39,54,58,0,151,0,0,6,0,6,39,54,64,0,157,0,0,0,157
02/28/2021,EGE,CO,ANM,WE,Federal Contract Tower,32,93,75,0,200,0,0,27,6,33,32,93,102,6,233,2,0,2,235
03/01/2021,EGE,CO,ANM,WE,Federal Contract Tower,32,41,35,0,108,0,0,47,0,47,32,41,82,0,155,88,0,88,243
03/02/2021,EGE,CO,ANM,WE,Federal Contract Tower,32,20,33,0,85,0,0,43,20,63,32,20,76,20,148,96,2,98,246
03/03/2021,EGE,CO,ANM,WE,Federal Contract Tower,29,45,66,0,140,0,0,27,24,51,29,45,93,24,191,56,2,58,249
03/04/2021,EGE,CO,ANM,WE,Federal Contract Tower,27,21,52,0,100,0,0,11,15,26,27,21,63,15,126,60,18,78,204
03/05/2021,EGE,CO,ANM,WE,Federal Contract Tower,29,60,66,0,155,0,0,19,9,28,29,60,85,9,183,6,4,10,193
03/06/2021,EGE,CO,ANM,WE,Federal Contract Tower,37,68,52,0,157,0,0,30,0,30,37,68,82,0,187,13,0,13,200
03/07/2021,EGE,CO,ANM,WE,Federal Contract Tower,32,90,68,0,190,0,0,28,0,28,32,90,96,0,218,20,0,20,238
03/08/2021,EGE,CO,ANM,WE,Federal Contract Tower,32,41,36,0,109,1,0,22,0,23,33,41,58,0,132,44,0,44,176
03/09/2021,EGE,CO,ANM,WE,Federal Contract Tower,27,14,22,0,63,0,0,28,16,44,27,14,50,16,107,64,10,74,181
03/10/2021,EGE,CO,ANM,WE,Federal Contract Tower,27,40,47,0,114,0,0,6,20,26,27,40,53,20,140,26,8,34,174
03/11/2021,EGE,CO,ANM,WE,Federal Contract Tower,31,40,60,0,131,0,0,18,19,37,31,40,78,19,168,40,20,60,228
03/12/2021,EGE,CO,ANM,WE,Federal Contract Tower,29,102,129,0,260,0,0,24,5,29,29,102,153,5,289,52,4,56,345
03/13/2021,EGE,CO,ANM,WE,Federal Contract Tower,25,46,46,0,117,0,0,5,0,5,25,46,51,0,122,0,0,0,122
03/14/2021,EGE,CO,ANM,WE,Federal Contract Tower,20,35,41,0,96,0,0,0,1,1,20,35,41,1,97,5,0,5,102
03/15/2021,EGE,CO,ANM,WE,Federal Contract Tower,26,88,95,0,209,0,0,9,1,10,26,88,104,1,219,10,0,10,229
03/16/2021,EGE,CO,ANM,WE,Federal Contract Tower,26,51,58,0,135,0,0,10,13,23,26,51,68,13,158,68,2,70,228
03/17/2021,EGE,CO,ANM,WE,Federal Contract Tower,29,63,53,1,146,0,0,16,14,30,29,63,69,15,176,16,8,24,200
03/18/2021,EGE,CO,ANM,WE,Federal Contract Tower,31,53,50,0,134,0,0,34,7,41,31,53,84,7,175,34,2,36,211
03/19/2021,EGE,CO,ANM,WE,Federal Contract Tower,31,64,72,0,167,0,0,39,12,51,31,64,111,12,218,30,8,38,256
03/20/2021,EGE,CO,ANM,WE,Federal Contract Tower,37,118,124,0,279,0,0,21,0,21,37,118,145,0,300,2,0,2,302
03/21/2021,EGE,CO,ANM,WE,Federal Contract Tower,32,88,59,0,179,0,0,7,0,7,32,88,66,0,186,0,0,0,186
03/22/2021,EGE,CO,ANM,WE,Federal Contract Tower,31,44,39,0,114,0,0,10,0,10,31,44,49,0,124,48,0,48,172
03/23/2021,EGE,CO,ANM,WE,Federal Contract Tower,27,35,45,0,107,0,0,7,14,21,27,35,52,14,128,82,12,94,222
03/24/2021,EGE,CO,ANM,WE,Federal Contract Tower,27,58,28,0,113,0,0,33,36,69,27,58,61,36,182,78,22,100,282
03/25/2021,EGE,CO,ANM,WE,Federal Contract Tower,31,51,38,0,120,0,0,17,35,52,31,51,55,35,172,108,14,122,294
03/26/2021,EGE,CO,ANM,WE,Federal Contract Tower,31,49,68,0,148,0,0,2,14,16,31,49,70,14,164,0,4,4,168
03/27/2021,EGE,CO,ANM,WE,Federal Contract Tower,36,102,62,0,200,0,0,20,0,20,36,102,82,0,220,24,0,24,244
03/28/2021,EGE,CO,ANM,WE,Federal Contract Tower,24,74,53,0,151,0,0,27,0,27,24,74,80,0,178,38,20,58,236
03/29/2021,EGE,CO,ANM,WE,Federal Contract Tower,21,47,27,0,95,0,1,15,0,16,21,48,42,0,111,70,0,70,181
03/30/2021,EGE,CO,ANM,WE,Federal Contract Tower,21,33,31,0,85,0,0,21,23,44,21,33,52,23,129,80,14,94,223
03/31/2021,EGE,CO,ANM,WE,Federal Contract Tower,21,46,39,0,106,0,0,33,24,57,21,46,72,24,163,56,12,68,231
04/01/2021,EGE,CO,ANM,WE,Federal Contract Tower,21,46,34,0,101,0,0,39,16,55,21,46,73,16,156,54,0,54,210
04/02/2021,EGE,CO,ANM,WE,Federal Contract Tower,16,37,45,0,98,0,0,36,15,51,16,37,81,15,149,54,2,56,205
04/03/2021,EGE,CO,ANM,WE,Federal Contract Tower,21,77,38,0,136,0,0,37,1,38,21,77,75,1,174,40,0,40,214
04/04/2021,EGE,CO,ANM,WE,Federal Contract Tower,15,71,31,0,117,0,2,29,1,32,15,73,60,1,149,0,4,4,153
04/05/2021,EGE,CO,ANM,WE,Federal Contract Tower,17,33,42,0,92,0,0,25,0,25,17,33,67,0,117,76,0,76,193
04/06/2021,EGE,CO,ANM,WE,Federal Contract Tower,7,24,26,4,61,0,0,15,12,27,7,24,41,16,88,90,14,104,192
04/07/2021,EGE,CO,ANM,WE,Federal Contract Tower,7,21,30,0,58,0,0,38,16,54,7,21,68,16,112,124,12,136,248
04/08/2021,EGE,CO,ANM,WE,Federal Contract Tower,7,15,27,0,49,0,0,23,10,33,7,15,50,10,82,114,0,114,196
04/09/2021,EGE,CO,ANM,WE,Federal Contract Tower,7,18,22,0,47,0,0,9,10,19,7,18,31,10,66,32,16,48,114
04/10/2021,EGE,CO,ANM,WE,Federal Contract Tower,7,26,15,0,48,0,1,36,0,37,7,27,51,0,85,110,0,110,195
04/11/2021,EGE,CO,ANM,WE,Federal Contract Tower,7,33,16,0,56,0,1,4,0,5,7,34,20,0,61,0,0,0,61
04/12/2021,EGE,CO,ANM,WE,Federal Contract Tower,5,16,22,0,43,0,0,32,0,32,5,16,54,0,75,92,0,92,167
04/13/2021,EGE,CO,ANM,WE,Federal Contract Tower,5,6,9,0,20,0,0,19,0,19,5,6,28,0,39,78,0,78,117
04/14/2021,EGE,CO,ANM,WE,Federal Contract Tower,7,10,15,0,32,0,0,19,5,24,7,10,34,5,56,78,14,92,148
04/15/2021,EGE,CO,ANM,WE,Federal Contract Tower,5,11,19,0,35,0,0,17,2,19,5,11,36,2,54,110,8,118,172
04/16/2021,EGE,CO,ANM,WE,Federal Contract Tower,5,10,21,0,36,0,0,6,0,6,5,10,27,0,42,78,0,78,120
04/17/2021,EGE,CO,ANM,WE,Federal Contract Tower,5,21,9,3,38,0,0,20,0,20,5,21,29,3,58,52,0,52,110
04/18/2021,EGE,CO,ANM,WE,Federal Contract Tower,5,32,14,2,53,0,0,33,5,38,5,32,47,7,91,54,0,54,145
04/19/2021,EGE,CO,ANM,WE,Federal Contract Tower,4,17,8,0,29,0,0,12,2,14,4,17,20,2,43,4,0,4,47
04/20/2021,EGE,CO,ANM,WE,Federal Contract Tower,5,10,11,0,26,0,0,11,24,35,5,10,22,24,61,44,12,56,117
04/21/2021,EGE,CO,ANM,WE,Federal Contract Tower,5,15,10,0,30,0,0,19,21,40,5,15,29,21,70,26,8,34,104
04/22/2021,EGE,CO,ANM,WE,Federal Contract Tower,5,12,12,0,29,0,0,8,18,26,5,12,20,18,55,56,8,64,119
04/23/2021,EGE,CO,ANM,WE,Federal Contract Tower,5,5,5,0,15,0,0,4,12,16,5,5,9,12,31,6,0,6,37
04/24/2021,EGE,CO,ANM,WE,Federal Contract Tower,5,9,6,5,25,0,0,28,2,30,5,9,34,7,55,24,0,24,79
04/25/2021,EGE,CO,ANM,WE,Federal Contract Tower,5,20,13,0,38,0,1,25,3,29,5,21,38,3,67,18,0,18,85
04/26/2021,EGE,CO,ANM,WE,Federal Contract Tower,5,10,3,0,18,0,0,16,0,16,5,10,19,0,34,24,0,24,58
04/27/2021,EGE,CO,ANM,WE,Federal Contract Tower,5,17,12,0,34,0,0,16,20,36,5,17,28,20,70,36,0,36,106
04/28/2021,EGE,CO,ANM,WE,Federal Contract Tower,5,10,20,0,35,0,0,23,17,40,5,10,43,17,75,82,4,86,161
04/29/2021,EGE,CO,ANM,WE,Federal Contract Tower,5,12,8,0,25,0,0,43,20,63,5,12,51,20,88,58,8,66,154
04/30/2021,EGE,CO,ANM,WE,Federal Contract Tower,5,7,17,0,29,0,0,26,19,45,5,7,43,19,74,32,4,36,110
05/01/2021,EGE,CO,ANM,WE,Federal Contract Tower,5,13,5,2,25,0,0,38,2,40,5,13,43,4,65,32,0,32,97
05/02/2021,EGE,CO,ANM,WE,Federal Contract Tower,5,11,13,0,29,0,0,4,0,4,5,11,17,0,33,6,0,6,39
05/03/2021,EGE,CO,ANM,WE,Federal Contract Tower,5,13,14,0,32,0,0,8,0,8,5,13,22,0,40,86,0,86,126
05/04/2021,EGE,CO,ANM,WE,Federal Contract Tower,5,11,13,0,29,0,0,9,24,33,5,11,22,24,62,16,30,46,108
05/05/2021,EGE,CO,ANM,WE,Federal Contract Tower,5,13,10,0,28,0,0,28,20,48,5,13,38,20,76,86,0,86,162
05/06/2021,EGE,CO,ANM,WE,Federal Contract Tower,5,4,22,0,31,0,0,51,16,67,5,4,73,16,98,50,0,50,148
05/07/2021,EGE,CO,ANM,WE,Federal Contract Tower,5,12,8,0,25,0,0,31,12,43,5,12,39,12,68,48,6,54,122
05/08/2021,EGE,CO,ANM,WE,Federal Contract Tower,5,12,10,1,28,0,0,14,0,14,5,12,24,1,42,16,0,16,58
05/09/2021,EGE,CO,ANM,WE,Federal Contract Tower,5,9,9,2,25,0,10,4,0,14,5,19,13,2,39,10,0,10,49
05/10/2021,EGE,CO,ANM,WE,Federal Contract Tower,5,3,8,0,16,0,0,6,0,6,5,3,14,0,22,32,0,32,54
05/11/2021,EGE,CO,ANM,WE,Federal Contract Tower,5,9,6,0,20,0,0,6,14,20,5,9,12,14,40,2,4,6,46
05/12/2021,EGE,CO,ANM,WE,Federal Contract Tower,5,22,13,2,42,0,0,23,22,45,5,22,36,24,87,16,8,24,111
05/13/2021,EGE,CO,ANM,WE,Federal Contract Tower,5,15,19,0,39,0,0,34,26,60,5,15,53,26,99,34,6,40,139
05/14/2021,EGE,CO,ANM,WE,Federal Contract Tower,5,17,17,1,40,0,0,26,15,41,5,17,43,16,81,48,6,54,135
05/15/2021,EGE,CO,ANM,WE,Federal Contract Tower,5,12,10,1,28,0,0,24,0,24,5,12,34,1,52,46,0,46,98
05/16/2021,EGE,CO,ANM,WE,Federal Contract Tower,5,14,14,1,34,0,0,30,1,31,5,14,44,2,65,10,0,10,75
05/17/2021,EGE,CO,ANM,WE,Federal Contract Tower,5,13,9,0,27,0,0,19,2,21,5,13,28,2,48,100,4,104,152
05/18/2021,EGE,CO,ANM,WE,Federal Contract Tower,5,4,14,0,23,0,0,12,25,37,5,4,26,25,60,42,10,52,112
05/19/2021,EGE,CO,ANM,WE,Federal Contract Tower,5,21,17,0,43,0,0,28,21,49,5,21,45,21,92,56,2,58,150
05/20/2021,EGE,CO,ANM,WE,Federal Contract Tower,5,21,15,0,41,0,0,28,18,46,5,21,43,18,87,68,4,72,159
05/21/2021,EGE,CO,ANM,WE,Federal Contract Tower,5,10,11,2,28,0,0,16,14,30,5,10,27,16,58,74,0,74,132
05/22/2021,EGE,CO,ANM,WE,Federal Contract Tower,5,18,11,0,34,0,0,13,0,13,5,18,24,0,47,8,0,8,55
05/23/2021,EGE,CO,ANM,WE,Federal Contract Tower,5,21,7,0,33,0,0,14,0,14,5,21,21,0,47,16,0,16,63
05/24/2021,EGE,CO,ANM,WE,Federal Contract Tower,5,12,14,0,31,0,0,24,3,27,5,12,38,3,58,4,4,8,66
05/25/2021,EGE,CO,ANM,WE,Federal Contract Tower,5,24,11,0,40,0,0,36,15,51,5,24,47,15,91,66,18,84,175
05/26/2021,EGE,CO,ANM,WE,Federal Contract Tower,5,8,26,0,39,0,0,32,12,44,5,8,58,12,83,68,2,70,153
05/27/2021,EGE,CO,ANM,WE,Federal Contract Tower,6,24,18,0,48,0,0,23,20,43,6,24,41,20,91,24,12,36,127
05/28/2021,EGE,CO,ANM,WE,Federal Contract Tower,5,19,20,0,44,0,0,33,7,40,5,19,53,7,84,40,2,42,126
05/29/2021,EGE,CO,ANM,WE,Federal Contract Tower,5,7,23,0,35,0,0,35,1,36,5,7,58,1,71,66,0,66,137
05/30/2021,EGE,CO,ANM,WE,Federal Contract Tower,5,20,13,0,38,0,0,15,0,15,5,20,28,0,53,16,0,16,69
05/31/2021,EGE,CO,ANM,WE,Federal Contract Tower,5,11,23,0,39,0,0,7,0,7,5,11,30,0,46,2,0,2,48
06/01/2021,EGE,CO,ANM,WE,Federal Contract Tower,5,12,26,0,43,0,0,32,2,34,5,12,58,2,77,54,2,56,133
06/02/2021,EGE,CO,ANM,WE,Federal Contract Tower,5,15,16,0,36,0,0,29,10,39,5,15,45,10,75,36,0,36,111
06/03/2021,EGE,CO,ANM,WE,Federal Contract Tower,12,10,19,0,41,0,0,42,4,46,12,10,61,4,87,82,4,86,173
06/04/2021,EGE,CO,ANM,WE,Federal Contract Tower,11,21,25,0,57,0,0,42,6,48,11,21,67,6,105,98,0,98,203
06/05/2021,EGE,CO,ANM,WE,Federal Contract Tower,13,21,16,2,52,0,0,30,2,32,13,21,46,4,84,46,20,66,150
06/06/2021,EGE,CO,ANM,WE,Federal Contract Tower,10,26,20,2,58,0,0,23,1,24,10,26,43,3,82,8,0,8,90
06/07/2021,EGE,CO,ANM,WE,Federal Contract Tower,13,30,19,2,64,0,0,32,0,32,13,30,51,2,96,82,0,82,178
06/08/2021,EGE,CO,ANM,WE,Federal Contract Tower,8,18,19,0,45,0,0,39,16,55,8,18,58,16,100,62,14,76,176
06/09/2021,EGE,CO,ANM,WE,Federal Contract Tower,12,23,19,0,54,0,0,33,10,43,12,23,52,10,97,46,4,50,147
06/10/2021,EGE,CO,ANM,WE,Federal Contract Tower,12,32,24,0,68,0,0,0,0,0,12,32,24,0,68,62,0,62,130
06/11/2021,EGE,CO,ANM,WE,Federal Contract Tower,14,32,38,0,84,0,0,41,10,51,14,32,79,10,135,116,0,116,251
06/12/2021,EGE,CO,ANM,WE,Federal Contract Tower,14,21,29,0,64,0,0,35,2,37,14,21,64,2,101,74,10,84,185
06/13/2021,EGE,CO,ANM,WE,Federal Contract Tower,15,33,24,0,72,0,0,26,0,26,15,33,50,0,98,0,0,0,98
06/14/2021,EGE,CO,ANM,WE,Federal Contract Tower,12,34,20,0,66,0,0,28,0,28,12,34,48,0,94,12,0,12,106
06/15/2021,EGE,CO,ANM,WE,Federal Contract Tower,13,13,25,0,51,0,0,23,27,50,13,13,48,27,101,4,0,4,105
06/16/2021,EGE,CO,ANM,WE,Federal Contract Tower,14,39,17,0,70,0,0,19,18,37,14,39,36,18,107,0,0,0,107
06/17/2021,EGE,CO,ANM,WE,Federal Contract Tower,14,40,27,0,81,0,0,21,15,36,14,40,48,15,117,6,4,10,127
06/18/2021,EGE,CO,ANM,WE,Federal Contract Tower,14,44,29,1,88,0,1,30,11,42,14,45,59,12,130,42,0,42,172
06/19/2021,EGE,CO,ANM,WE,Federal Contract Tower,15,28,31,0,74,0,0,24,3,27,15,28,55,3,101,12,0,12,113
06/20/2021,EGE,CO,ANM,WE,Federal Contract Tower,14,40,32,0,86,0,0,25,0,25,14,40,57,0,111,2,0,2,113
06/21/2021,EGE,CO,ANM,WE,Federal Contract Tower,14,20,24,0,58,0,0,36,0,36,14,20,60,0,94,46,0,46,140
06/22/2021,EGE,CO,ANM,WE,Federal Contract Tower,13,23,27,0,63,0,1,49,15,65,13,24,76,15,128,48,16,64,192
06/23/2021,EGE,CO,ANM,WE,Federal Contract Tower,13,55,49,2,119,0,0,70,16,86,13,55,119,18,205,54,2,56,261
06/24/2021,EGE,CO,ANM,WE,Federal Contract Tower,14,32,47,0,93,0,0,52,7,59,14,32,99,7,152,61,8,69,221
06/25/2021,EGE,CO,ANM,WE,Federal Contract Tower,16,24,34,0,74,0,0,32,7,39,16,24,66,7,113,78,0,78,191
06/26/2021,EGE,CO,ANM,WE,Federal Contract Tower,15,43,30,0,88,0,0,25,4,29,15,43,55,4,117,113,0,113,230
06/27/2021,EGE,CO,ANM,WE,Federal Contract Tower,15,57,60,0,132,0,0,37,2,39,15,57,97,2,171,36,0,36,207
06/28/2021,EGE,CO,ANM,WE,Federal Contract Tower,13,39,39,0,91,0,0,43,0,43,13,39,82,0,134,48,0,48,182
06/29/2021,EGE,CO,ANM,WE,Federal Contract Tower,13,23,34,1,71,0,0,30,19,49,13,23,64,20,120,74,8,82,202
06/30/2021,EGE,CO,ANM,WE,Federal Contract Tower,13,59,43,0,115,0,1,43,16,60,13,60,86,16,175,102,0,102,277
07/01/2021,EGE,CO,ANM,WE,Federal Contract Tower,13,76,101,0,190,0,0,37,13,50,13,76,138,13,240,106,2,108,348
07/02/2021,EGE,CO,ANM,WE,Federal Contract Tower,13,60,79,0,152,0,0,50,10,60,13,60,129,10,212,32,0,32,244
07/03/2021,EGE,CO,ANM,WE,Federal Contract Tower,14,45,25,0,84,0,0,29,5,34,14,45,54,5,118,20,2,22,140
07/04/2021,EGE,CO,ANM,WE,Federal Contract Tower,13,23,15,0,51,0,0,18,4,22,13,23,33,4,73,0,4,4,77
07/05/2021,EGE,CO,ANM,WE,Federal Contract Tower,13,67,59,0,139,0,0,44,0,44,13,67,103,0,183,24,0,24,207
07/06/2021,EGE,CO,ANM,WE,Federal Contract Tower,13,50,47,0,110,0,0,39,7,46,13,50,86,7,156,32,0,32,188
07/07/2021,EGE,CO,ANM,WE,Federal Contract Tower,13,44,42,0,99,0,0,44,8,52,13,44,86,8,151,46,20,66,217
07/08/2021,EGE,CO,ANM,WE,Federal Contract Tower,14,38,37,0,89,0,0,32,3,35,14,38,69,3,124,28,0,28,152
07/09/2021,EGE,CO,ANM,WE,Federal Contract Tower,14,28,58,0,100,0,0,36,2,38,14,28,94,2,138,38,14,52,190
07/10/2021,EGE,CO,ANM,WE,Federal Contract Tower,15,58,61,0,134,0,0,49,3,52,15,58,110,3,186,28,0,28,214
07/11/2021,EGE,CO,ANM,WE,Federal Contract Tower,14,64,76,0,154,0,0,40,0,40,14,64,116,0,194,40,0,40,234
07/12/2021,EGE,CO,ANM,WE,Federal Contract Tower,14,36,47,2,99,0,0,30,0,30,14,36,77,2,129,32,0,32,161
07/13/2021,EGE,CO,ANM,WE,Federal Contract Tower,13,23,46,0,82,0,0,25,18,43,13,23,71,18,125,16,14,30,155
07/14/2021,EGE,CO,ANM,WE,Federal Contract Tower,13,52,63,0,128,0,0,16,16,32,13,52,79,16,160,12,0,12,172
07/15/2021,EGE,CO,ANM,WE,Federal Contract Tower,15,34,54,0,103,0,0,34,18,52,15,34,88,18,155,12,4,16,171
07/16/2021,EGE,CO,ANM,WE,Federal Contract Tower,15,36,55,0,106,0,0,38,16,54,15,36,93,16,160,44,0,44,204
07/17/2021,EGE,CO,ANM,WE,Federal Contract Tower,14,46,45,0,105,0,0,34,2,36,14,46,79,2,141,48,0,48,189
07/18/2021,EGE,CO,ANM,WE,Federal Contract Tower,14,69,66,0,149,0,0,27,1,28,14,69,93,1,177,41,0,41,218
07/19/2021,EGE,CO,ANM,WE,Federal Contract Tower,14,30,36,0,80,0,0,34,0,34,14,30,70,0,114,82,0,82,196
07/20/2021,EGE,CO,ANM,WE,Federal Contract Tower,12,27,31,0,70,0,0,34,20,54,12,27,65,20,124,50,10,60,184
07/21/2021,EGE,CO,ANM,WE,Federal Contract Tower,12,39,61,0,112,0,0,35,20,55,12,39,96,20,167,40,8,48,215
07/22/2021,EGE,CO,ANM,WE,Federal Contract Tower,15,37,42,0,94,0,0,30,8,38,15,37,72,8,132,14,6,20,152
07/23/2021,EGE,CO,ANM,WE,Federal Contract Tower,14,46,46,0,106,0,0,35,14,49,14,46,81,14,155,10,10,20,175
07/24/2021,EGE,CO,ANM,WE,Federal Contract Tower,12,69,48,0,129,0,0,23,1,24,12,69,71,1,153,44,0,44,197
07/25/2021,EGE,CO,ANM,WE,Federal Contract Tower,12,64,72,0,148,0,0,20,3,23,12,64,92,3,171,22,0,22,193
07/26/2021,EGE,CO,ANM,WE,Federal Contract Tower,14,57,45,0,116,0,0,27,4,31,14,57,72,4,147,48,40,88,235
07/27/2021,EGE,CO,ANM,WE,Federal Contract Tower,13,40,48,0,101,0,0,33,22,55,13,40,81,22,156,40,26,66,222
07/28/2021,EGE,CO,ANM,WE,Federal Contract Tower,13,34,50,0,97,0,0,26,21,47,13,34,76,21,144,34,30,64,208
07/29/2021,EGE,CO,ANM,WE,Federal Contract Tower,15,36,54,0,105,0,0,36,26,62,15,36,90,26,167,22,22,44,211
07/30/2021,EGE,CO,ANM,WE,Federal Contract Tower,19,42,53,0,114,0,0,34,5,39,19,42,87,5,153,82,0,82,235
07/31/2021,EGE,CO,ANM,WE,Federal Contract Tower,15,57,67,0,139,0,1,26,2,29,15,58,93,2,168,30,0,30,198
08/01/2021,EGE,CO,ANM,WE,Federal Contract Tower,13,71,78,0,162,0,0,16,2,18,13,71,94,2,180,4,2,6,186
08/02/2021,EGE,CO,ANM,WE,Federal Contract Tower,12,42,58,1,113,0,0,14,2,16,12,42,72,3,129,70,0,70,199
08/03/2021,EGE,CO,ANM,WE,Federal Contract Tower,13,45,34,0,92,0,0,8,13,21,13,45,42,13,113,18,2,20,133
08/04/2021,EGE,CO,ANM,WE,Federal Contract Tower,11,35,56,0,102,0,0,25,17,42,11,35,81,17,144,40,4,44,188
08/05/2021,EGE,CO,ANM,WE,Federal Contract Tower,14,41,53,0,108,0,0,46,9,55,14,41,99,9,163,74,2,76,239
08/06/2021,EGE,CO,ANM,WE,Federal Contract Tower,14,38,45,0,97,0,0,46,12,58,14,38,91,12,155,64,2,66,221
08/07/2021,EGE,CO,ANM,WE,Federal Contract Tower,14,57,55,0,126,0,0,37,0,37,14,57,92,0,163,40,0,40,203
08/08/2021,EGE,CO,ANM,WE,Federal Contract Tower,14,68,67,0,149,0,0,10,3,13,14,68,77,3,162,36,0,36,198
08/09/2021,EGE,CO,ANM,WE,Federal Contract Tower,14,33,47,0,94,0,0,36,0,36,14,33,83,0,130,22,0,22,152
08/10/2021,EGE,CO,ANM,WE,Federal Contract Tower,13,29,43,0,85,0,0,15,17,32,13,29,58,17,117,0,24,24,141
08/11/2021,EGE,CO,ANM,WE,Federal Contract Tower,11,31,45,0,87,0,0,35,16,51,11,31,80,16,138,40,32,72,210
08/12/2021,EGE,CO,ANM,WE,Federal Contract Tower,14,33,46,1,94,0,0,43,15,58,14,33,89,16,152,54,16,70,222
08/13/2021,EGE,CO,ANM,WE,Federal Contract Tower,14,49,58,0,121,0,0,46,10,56,14,49,104,10,177,68,42,110,287
08/14/2021,EGE,CO,ANM,WE,Federal Contract Tower,12,55,42,0,109,0,0,44,6,50,12,55,86,6,159,28,0,28,187
08/15/2021,EGE,CO,ANM,WE,Federal Contract Tower,12,55,59,0,126,0,0,24,1,25,12,55,83,1,151,18,0,18,169
08/16/2021,EGE,CO,ANM,WE,Federal Contract Tower,14,41,47,0,102,0,0,25,2,27,14,41,72,2,129,8,0,8,137
08/17/2021,EGE,CO,ANM,WE,Federal Contract Tower,7,34,54,1,96,0,0,26,16,42,7,34,80,17,138,22,10,32,170
08/18/2021,EGE,CO,ANM,WE,Federal Contract Tower,9,32,38,0,79,0,0,21,13,34,9,32,59,13,113,24,6,30,143
08/19/2021,EGE,CO,ANM,WE,Federal Contract Tower,10,29,73,2,114,0,0,8,0,8,10,29,81,2,122,0,6,6,128
08/20/2021,EGE,CO,ANM,WE,Federal Contract Tower,10,39,46,0,95,0,0,29,8,37,10,39,75,8,132,32,2,34,166
08/21/2021,EGE,CO,ANM,WE,Federal Contract Tower,10,42,40,0,92,0,0,32,4,36,10,42,72,4,128,58,10,68,196
08/22/2021,EGE,CO,ANM,WE,Federal Contract Tower,10,55,60,0,125,0,0,34,1,35,10,55,94,1,160,36,0,36,196
08/23/2021,EGE,CO,ANM,WE,Federal Contract Tower,10,35,37,0,82,0,0,34,0,34,10,35,71,0,116,40,0,40,156
08/24/2021,EGE,CO,ANM,WE,Federal Contract Tower,7,42,39,0,88,0,0,28,10,38,7,42,67,10,126,22,4,26,152
08/25/2021,EGE,CO,ANM,WE,Federal Contract Tower,8,46,35,0,89,0,0,23,9,32,8,46,58,9,121,6,2,8,129
08/26/2021,EGE,CO,ANM,WE,Federal Contract Tower,10,46,53,0,109,0,0,19,8,27,10,46,72,8,136,6,8,14,150
08/27/2021,EGE,CO,ANM,WE,Federal Contract Tower,10,42,40,1,93,0,0,35,10,45,10,42,75,11,138,30,14,44,182
08/28/2021,EGE,CO,ANM,WE,Federal Contract Tower,10,46,38,0,94,0,0,38,0,38,10,46,76,0,132,36,0,36,168
08/29/2021,EGE,CO,ANM,WE,Federal Contract Tower,10,57,58,0,125,0,1,35,4,40,10,58,93,4,165,28,0,28,193
08/30/2021,EGE,CO,ANM,WE,Federal Contract Tower,10,41,38,0,89,0,0,31,2,33,10,41,69,2,122,28,10,38,160
08/31/2021,EGE,CO,ANM,WE,Federal Contract Tower,7,29,23,1,60,0,0,34,15,49,7,29,57,16,109,46,16,62,171
09/01/2021,EGE,CO,ANM,WE,Federal Contract Tower,9,36,34,0,79,0,0,15,12,27,9,36,49,12,106,24,8,32,138
09/02/2021,EGE,CO,ANM,WE,Federal Contract Tower,10,46,40,0,96,0,0,20,16,36,10,46,60,16,132,48,8,56,188
09/03/2021,EGE,CO,ANM,WE,Federal Contract Tower,8,34,45,0,87,0,0,19,8,27,8,34,64,8,114,20,8,28,142
09/04/2021,EGE,CO,ANM,WE,Federal Contract Tower,8,28,25,0,61,0,0,36,1,37,8,28,61,1,98,34,0,34,132
09/05/2021,EGE,CO,ANM,WE,Federal Contract Tower,6,45,27,0,78,0,0,24,0,24,6,45,51,0,102,28,0,28,130
09/06/2021,EGE,CO,ANM,WE,Federal Contract Tower,10,60,63,0,133,0,0,44,0,44,10,60,107,0,177,58,0,58,235
09/07/2021,EGE,CO,ANM,WE,Federal Contract Tower,6,38,40,0,84,0,0,27,0,27,6,38,67,0,111,38,0,38,149
09/08/2021,EGE,CO,ANM,WE,Federal Contract Tower,7,28,26,0,61,0,0,28,4,32,7,28,54,4,93,40,6,46,139
09/09/2021,EGE,CO,ANM,WE,Federal Contract Tower,7,39,41,0,87,0,0,39,7,46,7,39,80,7,133,36,6,42,175
09/10/2021,EGE,CO,ANM,WE,Federal Contract Tower,7,34,30,0,71,0,0,29,4,33,7,34,59,4,104,12,4,16,120
09/11/2021,EGE,CO,ANM,WE,Federal Contract Tower,7,22,38,0,67,0,0,32,5,37,7,22,70,5,104,54,12,66,170
09/12/2021,EGE,CO,ANM,WE,Federal Contract Tower,7,40,43,1,91,0,0,23,2,25,7,40,66,3,116,14,0,14,130
09/13/2021,EGE,CO,ANM,WE,Federal Contract Tower,7,50,37,0,94,0,0,26,8,34,7,50,63,8,128,58,2,60,188
09/14/2021,EGE,CO,ANM,WE,Federal Contract Tower,7,27,26,2,62,0,0,20,22,42,7,27,46,24,104,34,4,38,142
09/15/2021,EGE,CO,ANM,WE,Federal Contract Tower,7,22,45,0,74,0,1,31,20,52,7,23,76,20,126,72,2,74,200
09/16/2021,EGE,CO,ANM,WE,Federal Contract Tower,7,45,47,0,99,0,0,37,16,53,7,45,84,16,152,12,20,32,184
09/17/2021,EGE,CO,ANM,WE,Federal Contract Tower,7,35,52,0,94,0,0,33,13,46,7,35,85,13,140,36,22,58,198
09/18/2021,EGE,CO,ANM,WE,Federal Contract Tower,7,25,35,1,68,0,0,45,1,46,7,25,80,2,114,36,12,48,162
09/19/2021,EGE,CO,ANM,WE,Federal Contract Tower,7,39,45,0,91,0,0,30,1,31,7,39,75,1,122,48,0,48,170
09/20/2021,EGE,CO,ANM,WE,Federal Contract Tower,7,53,30,0,90,0,0,32,0,32,7,53,62,0,122,30,0,30,152
09/21/2021,EGE,CO,ANM,WE,Federal Contract Tower,7,30,32,0,69,0,0,39,14,53,7,30,71,14,122,66,8,74,196
09/22/2021,EGE,CO,ANM,WE,Federal Contract Tower,7,30,33,1,71,0,0,39,5,44,7,30,72,6,115,46,4,50,165
09/23/2021,EGE,CO,ANM,WE,Federal Contract Tower,7,39,50,2,98,0,0,41,15,56,7,39,91,17,154,42,8,50,204
09/24/2021,EGE,CO,ANM,WE,Federal Contract Tower,7,38,33,1,79,0,0,43,11,54,7,38,76,12,133,78,18,96,229
09/25/2021,EGE,CO,ANM,WE,Federal Contract Tower,7,30,19,0,56,0,0,34,0,34,7,30,53,0,90,56,0,56,146
09/26/2021,EGE,CO,ANM,WE,Federal Contract Tower,7,41,47,4,99,0,1,40,0,41,7,42,87,4,140,8,0,8,148
09/27/2021,EGE,CO,ANM,WE,Federal Contract Tower,7,32,41,0,80,0,0,37,4,41,7,32,78,4,121,44,2,46,167
09/28/2021,EGE,CO,ANM,WE,Federal Contract Tower,7,27,21,0,55,0,0,29,14,43,7,27,50,14,98,100,4,104,202
09/29/2021,EGE,CO,ANM,WE,Federal Contract Tower,7,43,29,0,79,0,0,7,4,11,7,43,36,4,90,28,8,36,126
09/30/2021,EGE,CO,ANM,WE,Federal Contract Tower,7,34,33,0,74,0,0,19,6,25,7,34,52,6,99,6,4,10,109
10/01/2021,EGE,CO,ANM,WE,Federal Contract Tower,7,28,37,0,72,0,1,20,0,21,7,29,57,0,93,48,0,48,141
10/02/2021,EGE,CO,ANM,WE,Federal Contract Tower,7,32,17,0,56,0,0,15,0,15,7,32,32,0,71,34,0,34,105
10/03/2021,EGE,CO,ANM,WE,Federal Contract Tower,7,22,35,0,64,0,0,39,0,39,7,22,74,0,103,0,0,0,103
10/04/2021,EGE,CO,ANM,WE,Federal Contract Tower,7,23,20,0,50,0,0,2,37,39,7,23,22,37,89,66,10,76,165
10/05/2021,EGE,CO,ANM,WE,Federal Contract Tower,5,26,12,0,43,0,2,28,0,30,5,28,40,0,73,68,0,68,141
10/06/2021,EGE,CO,ANM,WE,Federal Contract Tower,5,23,21,0,49,0,0,32,8,40,5,23,53,8,89,110,2,112,201
10/07/2021,EGE,CO,ANM,WE,Federal Contract Tower,5,17,32,0,54,0,0,27,4,31,5,17,59,4,85,38,2,40,125
10/08/2021,EGE,CO,ANM,WE,Federal Contract Tower,5,34,23,3,65,0,0,21,3,24,5,34,44,6,89,64,14,78,167
10/09/2021,EGE,CO,ANM,WE,Federal Contract Tower,5,12,17,0,34,0,0,7,0,7,5,12,24,0,41,42,0,42,83
10/10/2021,EGE,CO,ANM,WE,Federal Contract Tower,5,30,17,0,52,0,0,29,0,29,5,30,46,0,81,48,0,48,129
10/11/2021,EGE,CO,ANM,WE,Federal Contract Tower,5,19,33,0,57,0,0,21,0,21,5,19,54,0,78,16,0,16,94
10/12/2021,EGE,CO,ANM,WE,Federal Contract Tower,3,26,16,0,45,0,0,2,13,15,3,26,18,13,60,16,6,22,82
10/13/2021,EGE,CO,ANM,WE,Federal Contract Tower,3,28,36,0,67,0,0,4,12,16,3,28,40,12,83,0,0,0,83
10/14/2021,EGE,CO,ANM,WE,Federal Contract Tower,5,20,12,0,37,0,0,7,16,23,5,20,19,16,60,28,4,32,92
10/15/2021,EGE,CO,ANM,WE,Federal Contract Tower,5,14,18,0,37,0,0,38,10,48,5,14,56,10,85,38,4,42,127
10/16/2021,EGE,CO,ANM,WE,Federal Contract Tower,5,15,8,0,28,0,0,43,9,52,5,15,51,9,80,50,0,50,130
10/17/2021,EGE,CO,ANM,WE,Federal Contract Tower,5,22,17,0,44,0,0,34,4,38,5,22,51,4,82,6,0,6,88
10/18/2021,EGE,CO,ANM,WE,Federal Contract Tower,5,18,10,0,33,0,1,15,2,18,5,19,25,2,51,18,4,22,73
10/19/2021,EGE,CO,ANM,WE,Federal Contract Tower,3,12,19,6,40,0,0,9,7,16,3,12,28,13,56,54,0,54,110
10/20/2021,EGE,CO,ANM,WE,Federal Contract Tower,3,16,22,2,43,0,0,24,2,26,3,16,46,4,69,74,0,74,143
10/21/2021,EGE,CO,ANM,WE,Federal Contract Tower,4,18,29,2,53,0,0,37,15,52,4,18,66,17,105,46,10,56,161
10/22/2021,EGE,CO,ANM,WE,Federal Contract Tower,2,12,25,0,39,0,0,36,2,38,2,12,61,2,77,90,0,90,167
10/23/2021,EGE,CO,ANM,WE,Federal Contract Tower,5,12,8,0,25,0,0,33,1,34,5,12,41,1,59,68,2,70,129
10/24/2021,EGE,CO,ANM,WE,Federal Contract Tower,5,16,24,0,45,0,0,13,0,13,5,16,37,0,58,28,0,28,86
10/25/2021,EGE,CO,ANM,WE,Federal Contract Tower,5,13,10,2,30,0,0,22,0,22,5,13,32,2,52,34,0,34,86
10/26/2021,EGE,CO,ANM,WE,Federal Contract Tower,3,22,12,0,37,0,0,1,8,9,3,22,13,8,46,0,0,0,46
10/27/2021,EGE,CO,ANM,WE,Federal Contract Tower,3,14,15,0,32,0,0,10,21,31,3,14,25,21,63,50,10,60,123
10/28/2021,EGE,CO,ANM,WE,Federal Contract Tower,5,13,15,0,33,0,0,26,15,41,5,13,41,15,74,106,22,128,202
10/29/2021,EGE,CO,ANM,WE,Federal Contract Tower,5,20,18,1,44,0,0,41,18,59,5,20,59,19,103,48,0,48,151
10/30/2021,EGE,CO,ANM,WE,Federal Contract Tower,5,2,12,0,19,0,0,51,0,51,5,2,63,0,70,26,0,26,96
10/31/2021,EGE,CO,ANM,WE,Federal Contract Tower,6,10,6,0,22,0,0,22,0,22,6,10,28,0,44,22,0,22,66
11/01/2021,EGE,CO,ANM,WE,Federal Contract Tower,5,15,9,0,29,0,0,13,0,13,5,15,22,0,42,36,0,36,78
11/02/2021,EGE,CO,ANM,WE,Federal Contract Tower,5,13,13,0,31,0,0,2,3,5,5,13,15,3,36,10,0,10,46
11/03/2021,EGE,CO,ANM,WE,Federal Contract Tower,5,4,13,0,22,0,0,10,10,20,5,4,23,10,42,34,16,50,92
11/04/2021,EGE,CO,ANM,WE,Federal Contract Tower,5,9,10,0,24,0,0,31,7,38,5,9,41,7,62,56,6,62,124
11/05/2021,EGE,CO,ANM,WE,Federal Contract Tower,5,7,17,0,29,0,0,38,5,43,5,7,55,5,72,54,6,60,132
11/06/2021,EGE,CO,ANM,WE,Federal Contract Tower,5,3,18,0,26,0,0,45,0,45,5,3,63,0,71,38,0,38,109
11/07/2021,EGE,CO,ANM,WE,Federal Contract Tower,5,13,18,0,36,0,0,44,0,44,5,13,62,0,80,34,0,34,114
11/08/2021,EGE,CO,ANM,WE,Federal Contract Tower,5,23,15,0,43,0,0,29,2,31,5,23,44,2,74,46,0,46,120
11/09/2021,EGE,CO,ANM,WE,Federal Contract Tower,5,13,9,0,27,0,0,32,4,36,5,13,41,4,63,76,22,98,161
11/10/2021,EGE,CO,ANM,WE,Federal Contract Tower,4,11,18,0,33,0,0,8,4,12,4,11,26,4,45,16,4,20,65
11/11/2021,EGE,CO,ANM,WE,Federal Contract Tower,6,15,10,0,31,0,0,24,2,26,6,15,34,2,57,40,0,40,97
11/12/2021,EGE,CO,ANM,WE,Federal Contract Tower,5,11,20,0,36,0,0,23,0,23,5,11,43,0,59,56,0,56,115
11/13/2021,EGE,CO,ANM,WE,Federal Contract Tower,5,13,14,1,33,0,0,39,6,45,5,13,53,7,78,104,34,138,216
11/14/2021,EGE,CO,ANM,WE,Federal Contract Tower,5,11,15,0,31,0,0,31,8,39,5,11,46,8,70,48,8,56,126
11/15/2021,EGE,CO,ANM,WE,Federal Contract Tower,5,9,12,0,26,0,0,22,0,22,5,9,34,0,48,16,0,16,64
11/16/2021,EGE,CO,ANM,WE,Federal Contract Tower,5,10,15,0,30,0,0,21,1,22,5,10,36,1,52,30,0,30,82
11/17/2021,EGE,CO,ANM,WE,Federal Contract Tower,5,23,25,0,53,0,0,20,1,21,5,23,45,1,74,34,2,36,110
11/18/2021,EGE,CO,ANM,WE,Federal Contract Tower,5,13,23,0,41,0,0,34,2,36,5,13,57,2,77,8,16,24,101
11/19/2021,EGE,CO,ANM,WE,Federal Contract Tower,7,16,35,0,58,0,0,26,2,28,7,16,61,2,86,36,0,36,122
11/20/2021,EGE,CO,ANM,WE,Federal Contract Tower,7,18,29,0,54,0,0,10,0,10,7,18,39,0,64,24,0,24,88
11/21/2021,EGE,CO,ANM,WE,Federal Contract Tower,8,24,40,0,72,0,0,37,0,37,8,24,77,0,109,32,0,32,141
11/22/2021,EGE,CO,ANM,WE,Federal Contract Tower,7,32,27,2,68,0,0,46,4,50,7,32,73,6,118,48,2,50,168
11/23/2021,EGE,CO,ANM,WE,Federal Contract Tower,7,15,41,0,63,0,0,25,1,26,7,15,66,1,89,6,20,26,115
11/24/2021,EGE,CO,ANM,WE,Federal Contract Tower,10,12,53,0,75,0,0,2,2,4,10,12,55,2,79,0,0,0,79
11/25/2021,EGE,CO,ANM,WE,Federal Contract Tower,3,9,9,0,21,0,0,15,0,15,3,9,24,0,36,8,0,8,44
11/26/2021,EGE,CO,ANM,WE,Federal Contract Tower,6,13,22,0,41,0,0,34,0,34,6,13,56,0,75,12,0,12,87
11/27/2021,EGE,CO,ANM,WE,Federal Contract Tower,7,42,57,0,106,0,0,37,0,37,7,42,94,0,143,14,0,14,157
11/28/2021,EGE,CO,ANM,WE,Federal Contract Tower,7,49,65,0,121,0,1,11,0,12,7,50,76,0,133,2,0,2,135
11/29/2021,EGE,CO,ANM,WE,Federal Contract Tower,9,19,20,0,48,0,0,33,0,33,9,19,53,0,81,18,0,18,99
11/30/2021,EGE,CO,ANM,WE,Federal Contract Tower,7,11,21,0,39,0,0,19,15,34,7,11,40,15,73,48,22,70,143
12/01/2021,EGE,CO,ANM,WE,Federal Contract Tower,5,23,18,0,46,0,0,27,16,43,5,23,45,16,89,64,8,72,161
12/02/2021,EGE,CO,ANM,WE,Federal Contract Tower,5,19,41,0,65,0,0,19,14,33,5,19,60,14,98,18,24,42,140
12/03/2021,EGE,CO,ANM,WE,Federal Contract Tower,5,15,19,0,39,0,0,26,8,34,5,15,45,8,73,34,4,38,111
12/04/2021,EGE,CO,ANM,WE,Federal Contract Tower,5,34,12,0,51,0,0,52,6,58,5,34,64,6,109,26,12,38,147
12/05/2021,EGE,CO,ANM,WE,Federal Contract Tower,5,18,28,0,51,0,0,14,0,14,5,18,42,0,65,0,0,0,65
12/06/2021,EGE,CO,ANM,WE,Federal Contract Tower,5,15,19,0,39,0,0,10,1,11,5,15,29,1,50,18,0,18,68
12/07/2021,EGE,CO,ANM,WE,Federal Contract Tower,5,17,22,0,44,0,0,10,14,24,5,17,32,14,68,52,8,60,128
12/08/2021,EGE,CO,ANM,WE,Federal Contract Tower,5,17,15,0,37,0,0,21,13,34,5,17,36,13,71,60,16,76,147
12/09/2021,EGE,CO,ANM,WE,Federal Contract Tower,3,17,15,0,35,0,0,0,8,8,3,17,15,8,43,0,24,24,67
12/10/2021,EGE,CO,ANM,WE,Federal Contract Tower,4,12,20,0,36,0,0,0,0,0,4,12,20,0,36,0,0,0,36
12/11/2021,EGE,CO,ANM,WE,Federal Contract Tower,5,27,29,0,61,0,1,26,1,28,5,28,55,1,89,30,0,30,119
12/12/2021,EGE,CO,ANM,WE,Federal Contract Tower,5,45,28,0,78,0,0,28,0,28,5,45,56,0,106,0,0,0,106
12/13/2021,EGE,CO,ANM,WE,Federal Contract Tower,5,30,23,0,58,0,0,23,0,23,5,30,46,0,81,24,0,24,105
12/14/2021,EGE,CO,ANM,WE,Federal Contract Tower,5,25,27,0,57,0,0,19,15,34,5,25,46,15,91,10,12,22,113
12/15/2021,EGE,CO,ANM,WE,Federal Contract Tower,5,25,26,0,56,0,0,0,0,0,5,25,26,0,56,0,0,0,56
12/16/2021,EGE,CO,ANM,WE,Federal Contract Tower,31,48,69,3,151,0,0,15,13,28,31,48,84,16,179,26,12,38,217
12/17/2021,EGE,CO,ANM,WE,Federal Contract Tower,34,69,91,0,194,0,0,12,2,14,34,69,103,2,208,32,0,32,240
12/18/2021,EGE,CO,ANM,WE,Federal Contract Tower,40,89,82,0,211,0,0,42,0,42,40,89,124,0,253,6,0,6,259
12/19/2021,EGE,CO,ANM,WE,Federal Contract Tower,40,71,98,0,209,0,0,28,0,28,40,71,126,0,237,4,0,4,241
12/20/2021,EGE,CO,ANM,WE,Federal Contract Tower,33,60,53,0,146,0,0,34,0,34,33,60,87,0,180,10,0,10,190
12/21/2021,EGE,CO,ANM,WE,Federal Contract Tower,35,72,52,0,159,0,0,19,8,27,35,72,71,8,186,6,0,6,192
12/22/2021,EGE,CO,ANM,WE,Federal Contract Tower,35,93,89,0,217,0,0,18,2,20,35,93,107,2,237,0,0,0,237
12/23/2021,EGE,CO,ANM,WE,Federal Contract Tower,35,65,91,0,191,0,0,0,0,0,35,65,91,0,191,0,0,0,191
12/24/2021,EGE,CO,ANM,WE,Federal Contract Tower,7,7,6,0,20,0,0,0,0,0,7,7,6,0,20,0,0,0,20
12/25/2021,EGE,CO,ANM,WE,Federal Contract Tower,38,81,26,0,145,0,0,2,0,2,38,81,28,0,147,0,0,0,147
12/26/2021,EGE,CO,ANM,WE,Federal Contract Tower,17,52,67,0,136,0,0,0,0,0,17,52,67,0,136,0,0,0,136
12/27/2021,EGE,CO,ANM,WE,Federal Contract Tower,23,38,103,0,164,0,0,0,0,0,23,38,103,0,164,0,0,0,164
12/28/2021,EGE,CO,ANM,WE,Federal Contract Tower,23,38,112,0,173,0,0,0,0,0,23,38,112,0,173,0,0,0,173
12/29/2021,EGE,CO,ANM,WE,Federal Contract Tower,20,31,57,0,108,0,0,1,0,1,20,31,58,0,109,0,0,0,109
12/30/2021,EGE,CO,ANM,WE,Federal Contract Tower,30,54,71,0,155,0,0,0,0,0,30,54,71,0,155,0,0,0,155
12/31/2021,EGE,CO,ANM,WE,Federal Contract Tower,10,1,6,0,17,0,0,0,0,0,10,1,6,0,17,0,0,0,17
01/01/2022,EGE,CO,ANM,WE,Federal Contract Tower,20,72,47,0,139,0,0,1,0,1,20,72,48,0,140,0,0,0,140
01/02/2022,EGE,CO,ANM,WE,Federal Contract Tower,32,104,152,0,288,0,0,17,0,17,32,104,169,0,305,12,0,12,317
01/03/2022,EGE,CO,ANM,WE,Federal Contract Tower,32,105,135,0,272,0,0,29,0,29,32,105,164,0,301,22,0,22,323
01/04/2022,EGE,CO,ANM,WE,Federal Contract Tower,29,77,79,0,185,0,0,7,0,7,29,77,86,0,192,8,0,8,200
01/05/2022,EGE,CO,ANM,WE,Federal Contract Tower,17,41,24,0,82,0,0,0,0,0,17,41,24,0,82,0,0,0,82
01/06/2022,EGE,CO,ANM,WE,Federal Contract Tower,23,43,43,0,109,0,0,0,4,4,23,43,43,4,113,0,32,32,145
01/07/2022,EGE,CO,ANM,WE,Federal Contract Tower,29,57,52,0,138,0,0,32,2,34,29,57,84,2,172,80,20,100,272
01/08/2022,EGE,CO,ANM,WE,Federal Contract Tower,26,33,19,0,78,0,0,0,0,0,26,33,19,0,78,0,0,0,78
01/09/2022,EGE,CO,ANM,WE,Federal Contract Tower,27,108,57,0,192,0,0,29,0,29,27,108,86,0,221,8,0,8,229
01/10/2022,EGE,CO,ANM,WE,Federal Contract Tower,28,40,44,0,112,0,0,21,0,21,28,40,65,0,133,23,0,23,156
01/11/2022,EGE,CO,ANM,WE,Federal Contract Tower,28,26,36,0,90,0,0,22,5,27,28,26,58,5,117,16,10,26,143
01/12/2022,EGE,CO,ANM,WE,Federal Contract Tower,29,22,31,0,82,0,0,36,4,40,29,22,67,4,122,44,20,64,186
01/13/2022,EGE,CO,ANM,WE,Federal Contract Tower,29,55,62,2,148,0,0,21,5,26,29,55,83,7,174,50,8,58,232
01/14/2022,EGE,CO,ANM,WE,Federal Contract Tower,29,67,69,0,165,0,0,6,0,6,29,67,75,0,171,36,0,36,207
01/15/2022,EGE,CO,ANM,WE,Federal Contract Tower,31,41,34,0,106,0,0,23,0,23,31,41,57,0,129,15,0,15,144
01/16/2022,EGE,CO,ANM,WE,Federal Contract Tower,29,50,41,0,120,0,0,28,0,28,29,50,69,0,148,0,0,0,148
01/17/2022,EGE,CO,ANM,WE,Federal Contract Tower,29,69,101,0,199,0,0,29,0,29,29,69,130,0,228,6,0,6,234
01/18/2022,EGE,CO,ANM,WE,Federal Contract Tower,30,38,38,0,106,0,0,25,0,25,30,38,63,0,131,8,0,8,139
01/19/2022,EGE,CO,ANM,WE,Federal Contract Tower,29,47,31,0,107,0,0,14,6,20,29,47,45,6,127,40,28,68,195
01/20/2022,EGE,CO,ANM,WE,Federal Contract Tower,27,44,46,0,117,0,0,28,13,41,27,44,74,13,158,56,14,70,228
01/21/2022,EGE,CO,ANM,WE,Federal Contract Tower,29,31,32,0,92,0,0,7,0,7,29,31,39,0,99,46,0,46,145
01/22/2022,EGE,CO,ANM,WE,Federal Contract Tower,30,28,29,1,88,0,0,13,2,15,30,28,42,3,103,0,0,0,103
01/23/2022,EGE,CO,ANM,WE,Federal Contract Tower,29,50,55,0,134,0,0,22,2,24,29,50,77,2,158,28,0,28,186
01/24/2022,EGE,CO,ANM,WE,Federal Contract Tower,27,32,41,0,100,0,0,34,0,34,27,32,75,0,134,22,0,22,156
01/25/2022,EGE,CO,ANM,WE,Federal Contract Tower,31,17,25,0,73,0,0,0,0,0,31,17,25,0,73,0,0,0,73
01/26/2022,EGE,CO,ANM,WE,Federal Contract Tower,29,49,43,0,121,0,0,18,25,43,29,49,61,25,164,14,12,26,190
01/27/2022,EGE,CO,ANM,WE,Federal Contract Tower,38,47,61,0,146,0,0,5,20,25,38,47,66,20,171,16,14,30,201
01/28/2022,EGE,CO,ANM,WE,Federal Contract Tower,28,41,47,0,116,0,0,33,18,51,28,41,80,18,167,66,8,74,241
01/29/2022,EGE,CO,ANM,WE,Federal Contract Tower,28,28,36,0,92,0,0,25,2,27,28,28,61,2,119,22,0,22,141
01/30/2022,EGE,CO,ANM,WE,Federal Contract Tower,28,49,71,0,148,0,0,26,8,34,28,49,97,8,182,8,12,20,202
01/31/2022,EGE,CO,ANM,WE,Federal Contract Tower,28,43,28,0,99,0,0,17,1,18,28,43,45,1,117,66,4,70,187
02/01/2022,EGE,CO,ANM,WE,Federal Contract Tower,29,31,40,2,102,0,0,10,12,22,29,31,50,14,124,42,14,56,180
02/02/2022,EGE,CO,ANM,WE,Federal Contract Tower,28,39,40,0,107,0,0,1,14,15,28,39,41,14,122,0,16,16,138
02/03/2022,EGE,CO,ANM,WE,Federal Contract Tower,26,39,47,2,114,0,0,25,7,32,26,39,72,9,146,14,6,20,166
02/04/2022,EGE,CO,ANM,WE,Federal Contract Tower,23,40,55,2,120,0,0,26,6,32,23,40,81,8,152,22,8,30,182
02/05/2022,EGE,CO,ANM,WE,Federal Contract Tower,23,37,52,2,114,0,0,23,4,27,23,37,75,6,141,58,0,58,199
02/06/2022,EGE,CO,ANM,WE,Federal Contract Tower,28,55,81,0,164,0,0,20,2,22,28,55,101,2,186,14,0,14,200
02/07/2022,EGE,CO,ANM,WE,Federal Contract Tower,27,31,50,0,108,0,1,24,0,25,27,32,74,0,133,40,0,40,173
02/08/2022,EGE,CO,ANM,WE,Federal Contract Tower,29,31,46,0,106,0,0,26,24,50,29,31,72,24,156,34,18,52,208
02/09/2022,EGE,CO,ANM,WE,Federal Contract Tower,28,29,48,0,105,0,0,10,22,32,28,29,58,22,137,34,14,48,185
02/10/2022,EGE,CO,ANM,WE,Federal Contract Tower,29,36,62,0,127,0,0,24,23,47,29,36,86,23,174,54,20,74,248
02/11/2022,EGE,CO,ANM,WE,Federal Contract Tower,29,45,54,0,128,0,0,11,14,25,29,45,65,14,153,8,2,10,163
02/12/2022,EGE,CO,ANM,WE,Federal Contract Tower,33,67,59,0,159,0,0,28,0,28,33,67,87,0,187,24,0,24,211
02/13/2022,EGE,CO,ANM,WE,Federal Contract Tower,31,53,58,0,142,0,1,22,3,26,31,54,80,3,168,30,0,30,198
02/14/2022,EGE,CO,ANM,WE,Federal Contract Tower,29,36,72,2,139,0,0,22,2,24,29,36,94,4,163,16,0,16,179
02/15/2022,EGE,CO,ANM,WE,Federal Contract Tower,29,36,54,0,119,0,0,13,20,33,29,36,67,20,152,10,30,40,192
02/16/2022,EGE,CO,ANM,WE,Federal Contract Tower,30,15,30,0,75,0,0,0,5,5,30,15,30,5,80,0,4,4,84
02/17/2022,EGE,CO,ANM,WE,Federal Contract Tower,29,86,129,0,244,0,0,22,23,45,29,86,151,23,289,10,10,20,309
02/18/2022,EGE,CO,ANM,WE,Federal Contract Tower,32,106,128,0,266,0,0,23,13,36,32,106,151,13,302,0,2,2,304
02/19/2022,EGE,CO,ANM,WE,Federal Contract Tower,35,71,78,0,184,0,0,21,10,31,35,71,99,10,215,28,6,34,249
02/20/2022,EGE,CO,ANM,WE,Federal Contract Tower,31,79,76,0,186,0,0,28,2,30,31,79,104,2,216,10,0,10,226
02/21/2022,EGE,CO,ANM,WE,Federal Contract Tower,31,131,152,0,314,0,0,5,0,5,31,131,157,0,319,0,0,0,319
02/22/2022,EGE,CO,ANM,WE,Federal Contract Tower,28,49,53,0,130,0,0,0,0,0,28,49,53,0,130,0,0,0,130
02/23/2022,EGE,CO,ANM,WE,Federal Contract Tower,18,17,45,0,80,0,0,0,0,0,18,17,45,0,80,0,0,0,80
02/24/2022,EGE,CO,ANM,WE,Federal Contract Tower,23,62,83,0,168,0,0,9,0,9,23,62,92,0,177,4,0,4,181
02/25/2022,EGE,CO,ANM,WE,Federal Contract Tower,28,70,57,0,155,0,0,5,0,5,28,70,62,0,160,26,0,26,186
02/26/2022,EGE,CO,ANM,WE,Federal Contract Tower,35,91,72,0,198,0,0,24,5,29,35,91,96,5,227,8,8,16,243
02/27/2022,EGE,CO,ANM,WE,Federal Contract Tower,32,95,104,0,231,0,0,22,0,22,32,95,126,0,253,0,0,0,253
02/28/2022,EGE,CO,ANM,WE,Federal Contract Tower,29,63,66,1,159,0,0,18,3,21,29,63,84,4,180,12,6,18,198
03/01/2022,EGE,CO,ANM,WE,Federal Contract Tower,29,59,53,0,141,0,0,21,10,31,29,59,74,10,172,4,20,24,196
03/02/2022,EGE,CO,ANM,WE,Federal Contract Tower,29,61,45,0,135,0,0,32,8,40,29,61,77,8,175,30,6,36,211
03/03/2022,EGE,CO,ANM,WE,Federal Contract Tower,29,31,60,0,120,0,0,18,12,30,29,31,78,12,150,22,4,26,176
03/04/2022,EGE,CO,ANM,WE,Federal Contract Tower,33,51,78,0,162,0,0,8,6,14,33,51,86,6,176,54,12,66,242
03/05/2022,EGE,CO,ANM,WE,Federal Contract Tower,39,44,60,0,143,0,0,3,0,3,39,44,63,0,146,0,0,0,146
03/06/2022,EGE,CO,ANM,WE,Federal Contract Tower,31,67,77,0,175,0,0,2,0,2,31,67,79,0,177,12,0,12,189
03/07/2022,EGE,CO,ANM,WE,Federal Contract Tower,33,39,52,0,124,0,0,5,1,6,33,39,57,1,130,14,0,14,144
03/08/2022,EGE,CO,ANM,WE,Federal Contract Tower,33,37,47,0,117,0,0,27,16,43,33,37,74,16,160,40,20,60,220
03/09/2022,EGE,CO,ANM,WE,Federal Contract Tower,34,27,51,0,112,0,0,0,0,0,34,27,51,0,112,0,0,0,112
03/10/2022,EGE,CO,ANM,WE,Federal Contract Tower,35,53,65,0,153,0,0,8,22,30,35,53,73,22,183,30,20,50,233
03/11/2022,EGE,CO,ANM,WE,Federal Contract Tower,33,75,86,0,194,0,0,23,7,30,33,75,109,7,224,36,6,42,266
03/12/2022,EGE,CO,ANM,WE,Federal Contract Tower,36,113,139,0,288,0,0,25,1,26,36,113,164,1,314,0,0,0,314
03/13/2022,EGE,CO,ANM,WE,Federal Contract Tower,34,101,84,0,219,0,0,16,2,18,34,101,100,2,237,20,0,20,257
03/14/2022,EGE,CO,ANM,WE,Federal Contract Tower,33,49,51,0,133,0,0,30,0,30,33,49,81,0,163,64,0,64,227
03/15/2022,EGE,CO,ANM,WE,Federal Contract Tower,33,43,54,0,130,0,0,43,20,63,33,43,97,20,193,48,6,54,247
03/16/2022,EGE,CO,ANM,WE,Federal Contract Tower,32,60,67,0,159,0,0,13,15,28,32,60,80,15,187,62,14,76,263
03/17/2022,EGE,CO,ANM,WE,Federal Contract Tower,33,46,69,0,148,0,0,15,12,27,33,46,84,12,175,90,12,102,277
03/18/2022,EGE,CO,ANM,WE,Federal Contract Tower,33,79,73,0,185,0,0,30,3,33,33,79,103,3,218,36,0,36,254
03/19/2022,EGE,CO,ANM,WE,Federal Contract Tower,39,124,109,0,272,0,0,43,0,43,39,124,152,0,315,8,0,8,323
03/20/2022,EGE,CO,ANM,WE,Federal Contract Tower,33,87,81,0,201,0,0,20,2,22,33,87,101,2,223,4,0,4,227
03/21/2022,EGE,CO,ANM,WE,Federal Contract Tower,31,62,41,0,134,0,0,0,0,0,31,62,41,0,134,0,0,0,134
03/22/2022,EGE,CO,ANM,WE,Federal Contract Tower,33,47,39,0,119,0,0,1,16,17,33,47,40,16,136,0,12,12,148
03/23/2022,EGE,CO,ANM,WE,Federal Contract Tower,33,35,29,2,99,0,0,31,18,49,33,35,60,20,148,44,12,56,204
03/24/2022,EGE,CO,ANM,WE,Federal Contract Tower,33,36,36,0,105,0,0,31,12,43,33,36,67,12,148,48,4,52,200
03/25/2022,EGE,CO,ANM,WE,Federal Contract Tower,32,52,43,0,127,0,0,39,9,48,32,52,82,9,175,70,2,72,247
03/26/2022,EGE,CO,ANM,WE,Federal Contract Tower,39,71,69,0,179,0,0,32,0,32,39,71,101,0,211,16,0,16,227
03/27/2022,EGE,CO,ANM,WE,Federal Contract Tower,24,69,49,0,142,0,0,36,2,38,24,69,85,2,180,50,0,50,230
03/28/2022,EGE,CO,ANM,WE,Federal Contract Tower,25,52,40,0,117,0,0,26,1,27,25,52,66,1,144,52,0,52,196
03/29/2022,EGE,CO,ANM,WE,Federal Contract Tower,25,33,20,0,78,0,0,1,20,21,25,33,21,20,99,0,48,48,147
03/30/2022,EGE,CO,ANM,WE,Federal Contract Tower,25,34,25,0,84,0,0,6,18,24,25,34,31,18,108,20,10,30,138
03/31/2022,EGE,CO,ANM,WE,Federal Contract Tower,25,38,39,0,102,0,0,39,20,59,25,38,78,20,161,86,10,96,257
04/01/2022,EGE,CO,ANM,WE,Federal Contract Tower,25,38,34,0,97,0,0,11,11,22,25,38,45,11,119,34,0,34,153
04/02/2022,EGE,CO,ANM,WE,Federal Contract Tower,28,29,47,0,104,0,0,47,2,49,28,29,94,2,153,28,0,28,181
04/03/2022,EGE,CO,ANM,WE,Federal Contract Tower,23,43,38,0,104,0,0,8,0,8,23,43,46,0,112,12,0,12,124
04/04/2022,EGE,CO,ANM,WE,Federal Contract Tower,19,39,17,0,75,0,0,28,0,28,19,39,45,0,103,20,0,20,123
04/05/2022,EGE,CO,ANM,WE,Federal Contract Tower,8,19,12,0,39,0,0,1,0,1,8,19,13,0,40,0,0,0,40
04/06/2022,EGE,CO,ANM,WE,Federal Contract Tower,6,18,18,0,42,0,0,10,9,19,6,18,28,9,61,12,84,96,157
04/07/2022,EGE,CO,ANM,WE,Federal Contract Tower,7,20,37,0,64,0,0,29,8,37,7,20,66,8,101,50,36,86,187
04/08/2022,EGE,CO,ANM,WE,Federal Contract Tower,7,34,44,1,86,0,0,35,18,53,7,34,79,19,139,58,16,74,213
04/09/2022,EGE,CO,ANM,WE,Federal Contract Tower,7,38,16,0,61,0,2,22,0,24,7,40,38,0,85,32,0,32,117
04/10/2022,EGE,CO,ANM,WE,Federal Contract Tower,7,22,34,2,65,0,0,9,5,14,7,22,43,7,79,20,0,20,99
04/11/2022,EGE,CO,ANM,WE,Federal Contract Tower,7,13,30,0,50,0,1,10,0,11,7,14,40,0,61,44,0,44,105
04/12/2022,EGE,CO,ANM,WE,Federal Contract Tower,7,6,9,0,22,0,0,4,0,4,7,6,13,0,26,30,0,30,56
04/13/2022,EGE,CO,ANM,WE,Federal Contract Tower,7,20,22,0,49,0,0,4,15,19,7,20,26,15,68,34,20,54,122
04/14/2022,EGE,CO,ANM,WE,Federal Contract Tower,7,27,38,0,72,0,0,18,25,43,7,27,56,25,115,4,6,10,125
04/15/2022,EGE,CO,ANM,WE,Federal Contract Tower,7,27,18,3,55,0,0,25,27,52,7,27,43,30,107,60,14,74,181
04/16/2022,EGE,CO,ANM,WE,Federal Contract Tower,7,33,15,0,55,0,0,112,2,114,7,33,127,2,169,18,0,18,187
04/17/2022,EGE,CO,ANM,WE,Federal Contract Tower,9,25,18,0,52,0,0,4,0,4,9,25,22,0,56,10,0,10,66
04/18/2022,EGE,CO,ANM,WE,Federal Contract Tower,7,26,31,0,64,0,0,23,0,23,7,26,54,0,87,6,0,6,93
04/19/2022,EGE,CO,ANM,WE,Federal Contract Tower,7,19,18,0,44,0,0,12,1,13,7,19,30,1,57,14,0,14,71
04/20/2022,EGE,CO,ANM,WE,Federal Contract Tower,7,9,18,0,34,0,0,18,3,21,7,9,36,3,55,38,2,40,95
04/21/2022,EGE,CO,ANM,WE,Federal Contract Tower,7,17,14,0,38,0,0,32,0,32,7,17,46,0,70,56,0,56,126
04/22/2022,EGE,CO,ANM,WE,Federal Contract Tower,7,17,15,0,39,0,0,5,0,5,7,17,20,0,44,38,0,38,82
04/23/2022,EGE,CO,ANM,WE,Federal Contract Tower,7,9,6,0,22,0,0,5,0,5,7,9,11,0,27,32,0,32,59
04/24/2022,EGE,CO,ANM,WE,Federal Contract Tower,7,16,16,0,39,0,0,5,1,6,7,16,21,1,45,18,0,18,63
04/25/2022,EGE,CO,ANM,WE,Federal Contract Tower,7,9,9,0,25,0,0,17,0,17,7,9,26,0,42,22,0,22,64
04/26/2022,EGE,CO,ANM,WE,Federal Contract Tower,7,0,8,0,15,0,0,33,15,48,7,0,41,15,63,78,22,100,163
04/27/2022,EGE,CO,ANM,WE,Federal Contract Tower,7,13,2,0,22,0,0,25,18,43,7,13,27,18,65,46,24,70,135
04/28/2022,EGE,CO,ANM,WE,Federal Contract Tower,6,3,11,0,20,0,0,38,11,49,6,3,49,11,69,46,6,52,121
04/29/2022,EGE,CO,ANM,WE,Federal Contract Tower,7,13,8,0,28,0,0,6,8,14,7,13,14,8,42,12,6,18,60
04/30/2022,EGE,CO,ANM,WE,Federal Contract Tower,7,13,5,0,25,0,0,42,0,42,7,13,47,0,67,37,0,37,104
05/01/2022,EGE,CO,ANM,WE,Federal Contract Tower,7,13,16,0,36,0,0,21,2,23,7,13,37,2,59,16,0,16,75
05/02/2022,EGE,CO,ANM,WE,Federal Contract Tower,7,14,10,0,31,0,0,8,0,8,7,14,18,0,39,38,0,38,77
05/03/2022,EGE,CO,ANM,WE,Federal Contract Tower,7,10,16,0,33,0,0,17,20,37,7,10,33,20,70,16,4,20,90
05/04/2022,EGE,CO,ANM,WE,Federal Contract Tower,7,10,13,0,30,0,0,8,16,24,7,10,21,16,54,50,12,62,116
05/05/2022,EGE,CO,ANM,WE,Federal Contract Tower,7,12,24,0,43,0,0,28,22,50,7,12,52,22,93,86,22,108,201
05/06/2022,EGE,CO,ANM,WE,Federal Contract Tower,7,7,7,0,21,0,0,15,11,26,7,7,22,11,47,6,8,14,61
05/07/2022,EGE,CO,ANM,WE,Federal Contract Tower,7,5,4,0,16,0,0,10,2,12,7,5,14,2,28,4,4,8,36
05/08/2022,EGE,CO,ANM,WE,Federal Contract Tower,6,12,12,0,30,0,0,3,3,6,6,12,15,3,36,0,0,0,36
05/09/2022,EGE,CO,ANM,WE,Federal Contract Tower,8,18,21,0,47,0,0,1,0,1,8,18,22,0,48,0,0,0,48
05/10/2022,EGE,CO,ANM,WE,Federal Contract Tower,7,9,4,0,20,0,0,15,22,37,7,9,19,22,57,20,26,46,103
05/11/2022,EGE,CO,ANM,WE,Federal Contract Tower,7,21,11,0,39,0,0,19,29,48,7,21,30,29,87,18,12,30,117
05/12/2022,EGE,CO,ANM,WE,Federal Contract Tower,7,12,21,0,40,0,0,9,14,23,7,12,30,14,63,28,8,36,99
05/13/2022,EGE,CO,ANM,WE,Federal Contract Tower,7,12,17,0,36,0,0,34,28,62,7,12,51,28,98,70,18,88,186
05/14/2022,EGE,CO,ANM,WE,Federal Contract Tower,7,10,9,0,26,0,0,33,10,43,7,10,42,10,69,8,0,8,77
05/15/2022,EGE,CO,ANM,WE,Federal Contract Tower,6,21,24,0,51,0,0,46,3,49,6,21,70,3,100,16,0,16,116
05/16/2022,EGE,CO,ANM,WE,Federal Contract Tower,7,9,18,0,34,0,0,30,1,31,7,9,48,1,65,50,0,50,115
05/17/2022,EGE,CO,ANM,WE,Federal Contract Tower,7,8,12,0,27,0,0,26,20,46,7,8,38,20,73,56,72,128,201
05/18/2022,EGE,CO,ANM,WE,Federal Contract Tower,7,14,10,1,32,0,1,46,19,66,7,15,56,20,98,14,8,22,120
05/19/2022,EGE,CO,ANM,WE,Federal Contract Tower,7,7,13,0,27,0,0,12,10,22,7,7,25,10,49,18,8,26,75
05/20/2022,EGE,CO,ANM,WE,Federal Contract Tower,7,0,5,0,12,0,0,0,0,0,7,0,5,0,12,0,0,0,12
05/21/2022,EGE,CO,ANM,WE,Federal Contract Tower,7,18,13,0,38,0,0,10,8,18,7,18,23,8,56,50,0,50,106
05/22/2022,EGE,CO,ANM,WE,Federal Contract Tower,7,10,10,0,27,0,0,23,3,26,7,10,33,3,53,32,0,32,85
05/23/2022,EGE,CO,ANM,WE,Federal Contract Tower,6,10,20,0,36,0,0,28,0,28,6,10,48,0,64,16,0,16,80
05/24/2022,EGE,CO,ANM,WE,Federal Contract Tower,7,8,16,0,31,0,0,13,19,32,7,8,29,19,63,0,26,26,89
05/25/2022,EGE,CO,ANM,WE,Federal Contract Tower,7,15,10,0,32,0,0,41,19,60,7,15,51,19,92,16,24,40,132
05/26/2022,EGE,CO,ANM,WE,Federal Contract Tower,7,19,13,0,39,0,0,39,19,58,7,19,52,19,97,68,6,74,171
05/27/2022,EGE,CO,ANM,WE,Federal Contract Tower,7,12,16,0,35,0,0,31,11,42,7,12,47,11,77,18,6,24,101
05/28/2022,EGE,CO,ANM,WE,Federal Contract Tower,7,10,14,0,31,0,0,15,0,15,7,10,29,0,46,10,0,10,56
05/29/2022,EGE,CO,ANM,WE,Federal Contract Tower,7,8,12,0,27,0,0,2,0,2,7,8,14,0,29,0,0,0,29
05/30/2022,EGE,CO,ANM,WE,Federal Contract Tower,7,15,17,0,39,0,0,8,0,8,7,15,25,0,47,10,0,10,57
05/31/2022,EGE,CO,ANM,WE,Federal Contract Tower,7,17,12,0,36,0,0,23,2,25,7,17,35,2,61,24,8,32,93
06/01/2022,EGE,CO,ANM,WE,Federal Contract Tower,7,28,23,0,58,0,1,29,4,34,7,29,52,4,92,16,18,34,126
06/02/2022,EGE,CO,ANM,WE,Federal Contract Tower,7,20,23,0,50,0,0,25,5,30,7,20,48,5,80,6,6,12,92
06/03/2022,EGE,CO,ANM,WE,Federal Contract Tower,7,15,18,0,40,0,0,24,2,26,7,15,42,2,66,44,0,44,110
06/04/2022,EGE,CO,ANM,WE,Federal Contract Tower,8,12,11,0,31,0,0,35,0,35,8,12,46,0,66,34,0,34,100
06/05/2022,EGE,CO,ANM,WE,Federal Contract Tower,8,17,19,0,44,0,0,27,2,29,8,17,46,2,73,9,0,9,82
06/06/2022,EGE,CO,ANM,WE,Federal Contract Tower,8,17,26,0,51,0,0,26,2,28,8,17,52,2,79,58,0,58,137
06/07/2022,EGE,CO,ANM,WE,Federal Contract Tower,7,13,17,0,37,0,0,28,26,54,7,13,45,26,91,54,26,80,171
06/08/2022,EGE,CO,ANM,WE,Federal Contract Tower,8,28,24,0,60,0,0,29,15,44,8,28,53,15,104,50,2,52,156
06/09/2022,EGE,CO,ANM,WE,Federal Contract Tower,8,18,25,0,51,0,1,27,20,48,8,19,52,20,99,82,14,96,195
06/10/2022,EGE,CO,ANM,WE,Federal Contract Tower,8,18,29,0,55,0,0,29,17,46,8,18,58,17,101,30,10,40,141
06/11/2022,EGE,CO,ANM,WE,Federal Contract Tower,8,28,18,0,54,0,0,42,2,44,8,28,60,2,98,24,4,28,126
06/12/2022,EGE,CO,ANM,WE,Federal Contract Tower,7,35,23,1,66,0,0,31,4,35,7,35,54,5,101,34,4,38,139
06/13/2022,EGE,CO,ANM,WE,Federal Contract Tower,8,27,36,0,71,0,0,11,1,12,8,27,47,1,83,0,0,0,83
06/14/2022,EGE,CO,ANM,WE,Federal Contract Tower,8,13,28,0,49,0,0,17,22,39,8,13,45,22,88,8,10,18,106
06/15/2022,EGE,CO,ANM,WE,Federal Contract Tower,8,37,25,0,70,0,0,39,16,55,8,37,64,16,125,52,6,58,183
06/16/2022,EGE,CO,ANM,WE,Federal Contract Tower,8,22,36,0,66,0,0,21,18,39,8,22,57,18,105,26,10,36,141
06/17/2022,EGE,CO,ANM,WE,Federal Contract Tower,9,43,35,0,87,0,0,26,7,33,9,43,61,7,120,4,0,4,124
06/18/2022,EGE,CO,ANM,WE,Federal Contract Tower,8,19,17,0,44,0,0,27,0,27,8,19,44,0,71,34,0,34,105
06/19/2022,EGE,CO,ANM,WE,Federal Contract Tower,7,25,39,0,71,0,0,5,1,6,7,25,44,1,77,22,0,22,99
06/20/2022,EGE,CO,ANM,WE,Federal Contract Tower,8,27,36,0,71,0,1,13,1,15,8,28,49,1,86,12,0,12,98
06/21/2022,EGE,CO,ANM,WE,Federal Contract Tower,8,25,24,0,57,0,0,26,24,50,8,25,50,24,107,52,14,66,173
06/22/2022,EGE,CO,ANM,WE,Federal Contract Tower,8,40,35,0,83,0,0,19,14,33,8,40,54,14,116,16,30,46,162
06/23/2022,EGE,CO,ANM,WE,Federal Contract Tower,8,35,43,0,86,0,0,29,12,41,8,35,72,12,127,34,0,34,161
06/24/2022,EGE,CO,ANM,WE,Federal Contract Tower,8,32,42,0,82,0,0,13,8,21,8,32,55,8,103,2,2,4,107
06/25/2022,EGE,CO,ANM,WE,Federal Contract Tower,8,28,32,0,68,0,0,42,2,44,8,28,74,2,112,68,0,68,180
06/26/2022,EGE,CO,ANM,WE,Federal Contract Tower,9,47,50,0,106,0,0,13,0,13,9,47,63,0,119,30,0,30,149
06/27/2022,EGE,CO,ANM,WE,Federal Contract Tower,8,31,21,0,60,0,0,27,0,27,8,31,48,0,87,38,0,38,125
06/28/2022,EGE,CO,ANM,WE,Federal Contract Tower,8,25,34,0,67,0,1,19,14,34,8,26,53,14,101,24,12,36,137
06/29/2022,EGE,CO,ANM,WE,Federal Contract Tower,8,41,44,0,93,0,1,29,12,42,8,42,73,12,135,26,4,30,165
06/30/2022,EGE,CO,ANM,WE,Federal Contract Tower,8,40,46,0,94,0,0,7,6,13,8,40,53,6,107,30,8,38,145
07/01/2022,EGE,CO,ANM,WE,Federal Contract Tower,8,55,69,0,132,0,0,21,11,32,8,55,90,11,164,36,0,36,200
07/02/2022,EGE,CO,ANM,WE,Federal Contract Tower,8,48,54,0,110,0,0,41,0,41,8,48,95,0,151,32,0,32,183
07/03/2022,EGE,CO,ANM,WE,Federal Contract Tower,8,33,30,0,71,0,0,31,0,31,8,33,61,0,102,46,0,46,148
07/04/2022,EGE,CO,ANM,WE,Federal Contract Tower,8,20,20,0,48,0,0,20,0,20,8,20,40,0,68,50,0,50,118
07/05/2022,EGE,CO,ANM,WE,Federal Contract Tower,8,29,63,0,100,0,0,28,2,30,8,29,91,2,130,30,8,38,168
07/06/2022,EGE,CO,ANM,WE,Federal Contract Tower,8,45,46,0,99,0,0,24,6,30,8,45,70,6,129,62,4,66,195
07/07/2022,EGE,CO,ANM,WE,Federal Contract Tower,8,58,40,0,106,0,0,37,0,37,8,58,77,0,143,18,0,18,161
07/08/2022,EGE,CO,ANM,WE,Federal Contract Tower,8,40,36,0,84,0,0,36,2,38,8,40,72,2,122,66,4,70,192
07/09/2022,EGE,CO,ANM,WE,Federal Contract Tower,8,43,47,0,98,0,0,22,0,22,8,43,69,0,120,4,0,4,124
07/10/2022,EGE,CO,ANM,WE,Federal Contract Tower,8,55,56,0,119,0,0,27,1,28,8,55,83,1,147,10,0,10,157
07/11/2022,EGE,CO,ANM,WE,Federal Contract Tower,8,51,20,2,81,0,0,28,0,28,8,51,48,2,109,28,1,29,138
07/12/2022,EGE,CO,ANM,WE,Federal Contract Tower,8,32,31,0,71,0,0,17,10,27,8,32,48,10,98,10,2,12,110
07/13/2022,EGE,CO,ANM,WE,Federal Contract Tower,7,37,37,0,81,0,0,19,11,30,7,37,56,11,111,36,0,36,147
07/14/2022,EGE,CO,ANM,WE,Federal Contract Tower,9,39,45,2,95,0,0,26,10,36,9,39,71,12,131,10,10,20,151
07/15/2022,EGE,CO,ANM,WE,Federal Contract Tower,8,43,45,0,96,0,0,22,12,34,8,43,67,12,130,36,6,42,172
07/16/2022,EGE,CO,ANM,WE,Federal Contract Tower,8,38,32,0,78,0,0,27,4,31,8,38,59,4,109,38,6,44,153
07/17/2022,EGE,CO,ANM,WE,Federal Contract Tower,8,55,64,0,127,0,0,43,0,43,8,55,107,0,170,40,0,40,210
07/18/2022,EGE,CO,ANM,WE,Federal Contract Tower,9,36,25,0,70,0,0,20,3,23,9,36,45,3,93,10,0,10,103
07/19/2022,EGE,CO,ANM,WE,Federal Contract Tower,8,19,24,0,51,0,0,36,18,54,8,19,60,18,105,28,16,44,149
07/20/2022,EGE,CO,ANM,WE,Federal Contract Tower,8,36,41,0,85,0,0,36,9,45,8,36,77,9,130,24,2,26,156
07/21/2022,EGE,CO,ANM,WE,Federal Contract Tower,8,43,29,0,80,0,2,40,14,56,8,45,69,14,136,40,8,48,184
07/22/2022,EGE,CO,ANM,WE,Federal Contract Tower,8,41,52,0,101,0,0,35,6,41,8,41,87,6,142,36,22,58,200
07/23/2022,EGE,CO,ANM,WE,Federal Contract Tower,8,49,54,0,111,0,0,15,0,15,8,49,69,0,126,26,0,26,152
07/24/2022,EGE,CO,ANM,WE,Federal Contract Tower,8,66,54,0,128,0,1,23,3,27,8,67,77,3,155,44,2,46,201
07/25/2022,EGE,CO,ANM,WE,Federal Contract Tower,8,51,41,0,100,0,0,26,0,26,8,51,67,0,126,40,0,40,166
07/26/2022,EGE,CO,ANM,WE,Federal Contract Tower,8,41,33,0,82,0,0,28,17,45,8,41,61,17,127,46,0,46,173
07/27/2022,EGE,CO,ANM,WE,Federal Contract Tower,8,42,42,0,92,0,1,25,21,47,8,43,67,21,139,54,26,80,219
07/28/2022,EGE,CO,ANM,WE,Federal Contract Tower,8,49,57,0,114,0,0,34,18,52,8,49,91,18,166,40,10,50,216
07/29/2022,EGE,CO,ANM,WE,Federal Contract Tower,8,48,49,0,105,0,0,38,11,49,8,48,87,11,154,30,4,34,188
07/30/2022,EGE,CO,ANM,WE,Federal Contract Tower,8,61,43,0,112,0,0,42,2,44,8,61,85,2,156,4,0,4,160
07/31/2022,EGE,CO,ANM,WE,Federal Contract Tower,8,63,80,0,151,0,0,30,2,32,8,63,110,2,183,32,0,32,215
08/01/2022,EGE,CO,ANM,WE,Federal Contract Tower,8,45,52,0,105,0,0,16,0,16,8,45,68,0,121,62,0,62,183
08/02/2022,EGE,CO,ANM,WE,Federal Contract Tower,8,45,37,0,90,0,0,18,23,41,8,45,55,23,131,34,4,38,169
08/03/2022,EGE,CO,ANM,WE,Federal Contract Tower,8,31,50,0,89,0,0,25,20,45,8,31,75,20,134,64,2,66,200
08/04/2022,EGE,CO,ANM,WE,Federal Contract Tower,8,41,34,0,83,0,1,38,15,54,8,42,72,15,137,56,4,60,197
08/05/2022,EGE,CO,ANM,WE,Federal Contract Tower,8,44,42,0,94,0,0,19,9,28,8,44,61,9,122,30,0,30,152
08/06/2022,EGE,CO,ANM,WE,Federal Contract Tower,7,45,40,0,92,0,0,55,1,56,7,45,95,1,148,92,0,92,240
08/07/2022,EGE,CO,ANM,WE,Federal Contract Tower,8,48,47,0,103,0,0,38,1,39,8,48,85,1,142,58,0,58,200
08/08/2022,EGE,CO,ANM,WE,Federal Contract Tower,9,45,45,0,99,0,0,23,0,23,9,45,68,0,122,8,0,8,130
08/09/2022,EGE,CO,ANM,WE,Federal Contract Tower,8,49,37,0,94,0,0,40,21,61,8,49,77,21,155,68,22,90,245
08/10/2022,EGE,CO,ANM,WE,Federal Contract Tower,8,46,44,0,98,0,1,32,24,57,8,47,76,24,155,74,26,100,255
08/11/2022,EGE,CO,ANM,WE,Federal Contract Tower,5,41,52,0,98,0,0,27,12,39,5,41,79,12,137,56,14,70,207
08/12/2022,EGE,CO,ANM,WE,Federal Contract Tower,8,37,33,0,78,0,0,42,12,54,8,37,75,12,132,84,4,88,220
08/13/2022,EGE,CO,ANM,WE,Federal Contract Tower,8,44,32,0,84,0,0,42,6,48,8,44,74,6,132,46,8,54,186
08/14/2022,EGE,CO,ANM,WE,Federal Contract Tower,8,47,50,0,105,0,0,35,3,38,8,47,85,3,143,80,2,82,225
08/15/2022,EGE,CO,ANM,WE,Federal Contract Tower,6,51,38,0,95,0,0,27,0,27,6,51,65,0,122,68,0,68,190
08/16/2022,EGE,CO,ANM,WE,Federal Contract Tower,8,23,42,0,73,0,0,9,20,29,8,23,51,20,102,30,8,38,140
08/17/2022,EGE,CO,ANM,WE,Federal Contract Tower,8,51,33,0,92,0,0,35,20,55,8,51,68,20,147,14,4,18,165
08/18/2022,EGE,CO,ANM,WE,Federal Contract Tower,8,46,41,0,95,0,0,33,16,49,8,46,74,16,144,50,30,80,224
08/19/2022,EGE,CO,ANM,WE,Federal Contract Tower,8,30,39,0,77,0,0,36,12,48,8,30,75,12,125,72,0,72,197
08/20/2022,EGE,CO,ANM,WE,Federal Contract Tower,9,37,35,1,82,0,0,25,4,29,9,37,60,5,111,54,0,54,165
08/21/2022,EGE,CO,ANM,WE,Federal Contract Tower,7,52,58,0,117,0,0,17,1,18,7,52,75,1,135,8,2,10,145
08/22/2022,EGE,CO,ANM,WE,Federal Contract Tower,6,47,45,0,98,0,0,24,0,24,6,47,69,0,122,42,0,42,164
08/23/2022,EGE,CO,ANM,WE,Federal Contract Tower,7,42,29,0,78,0,0,43,31,74,7,42,72,31,152,62,2,64,216
08/24/2022,EGE,CO,ANM,WE,Federal Contract Tower,8,26,46,0,80,0,0,35,31,66,8,26,81,31,146,70,2,72,218
08/25/2022,EGE,CO,ANM,WE,Federal Contract Tower,8,51,36,0,95,0,0,21,22,43,8,51,57,22,138,42,42,84,222
08/26/2022,EGE,CO,ANM,WE,Federal Contract Tower,9,52,34,0,95,0,0,22,18,40,9,52,56,18,135,32,12,44,179
08/27/2022,EGE,CO,ANM,WE,Federal Contract Tower,8,38,31,0,77,0,0,53,4,57,8,38,84,4,134,26,2,28,162
08/28/2022,EGE,CO,ANM,WE,Federal Contract Tower,8,45,27,0,80,0,0,31,0,31,8,45,58,0,111,38,0,38,149
08/29/2022,EGE,CO,ANM,WE,Federal Contract Tower,8,31,21,0,60,0,0,29,0,29,8,31,50,0,89,2,0,2,91
08/30/2022,EGE,CO,ANM,WE,Federal Contract Tower,8,23,23,0,54,0,0,23,19,42,8,23,46,19,96,30,18,48,144
08/31/2022,EGE,CO,ANM,WE,Federal Contract Tower,8,26,34,0,68,0,0,26,19,45,8,26,60,19,113,16,10,26,139
09/01/2022,EGE,CO,ANM,WE,Federal Contract Tower,8,42,37,0,87,0,0,25,12,37,8,42,62,12,124,20,2,22,146
09/02/2022,EGE,CO,ANM,WE,Federal Contract Tower,8,26,45,0,79,0,0,48,6,54,8,26,93,6,133,26,0,26,159
09/03/2022,EGE,CO,ANM,WE,Federal Contract Tower,8,33,15,0,56,0,0,31,0,31,8,33,46,0,87,44,0,44,131
09/04/2022,EGE,CO,ANM,WE,Federal Contract Tower,8,37,17,0,62,0,1,44,2,47,8,38,61,2,109,24,0,24,133
09/05/2022,EGE,CO,ANM,WE,Federal Contract Tower,7,44,41,0,92,0,1,29,0,30,7,45,70,0,122,0,0,0,122
09/06/2022,EGE,CO,ANM,WE,Federal Contract Tower,8,39,36,0,83,0,0,23,0,23,8,39,59,0,106,6,0,6,112
09/07/2022,EGE,CO,ANM,WE,Federal Contract Tower,8,24,33,0,65,0,2,30,5,37,8,26,63,5,102,60,2,62,164
09/08/2022,EGE,CO,ANM,WE,Federal Contract Tower,8,17,36,0,61,0,0,39,14,53,8,17,75,14,114,102,0,102,216
09/09/2022,EGE,CO,ANM,WE,Federal Contract Tower,8,25,38,0,71,0,1,27,1,29,8,26,65,1,100,76,4,80,180
09/10/2022,EGE,CO,ANM,WE,Federal Contract Tower,9,28,5,0,42,0,0,30,3,33,9,28,35,3,75,46,0,46,121
09/11/2022,EGE,CO,ANM,WE,Federal Contract Tower,8,31,30,0,69,0,1,49,3,53,8,32,79,3,122,78,2,80,202
09/12/2022,EGE,CO,ANM,WE,Federal Contract Tower,8,24,34,0,66,0,0,41,2,43,8,24,75,2,109,106,0,106,215
09/13/2022,EGE,CO,ANM,WE,Federal Contract Tower,8,26,17,0,51,0,0,31,15,46,8,26,48,15,97,28,24,52,149
09/14/2022,EGE,CO,ANM,WE,Federal Contract Tower,8,16,31,0,55,0,0,19,19,38,8,16,50,19,93,100,10,110,203
09/15/2022,EGE,CO,ANM,WE,Federal Contract Tower,8,26,64,0,98,0,0,34,10,44,8,26,98,10,142,76,6,82,224
09/16/2022,EGE,CO,ANM,WE,Federal Contract Tower,8,37,44,0,89,0,0,35,7,42,8,37,79,7,131,96,0,96,227
09/17/2022,EGE,CO,ANM,WE,Federal Contract Tower,8,30,31,0,69,0,0,36,1,37,8,30,67,1,106,36,0,36,142
09/18/2022,EGE,CO,ANM,WE,Federal Contract Tower,8,35,46,0,89,0,0,34,6,40,8,35,80,6,129,10,0,10,139
09/19/2022,EGE,CO,ANM,WE,Federal Contract Tower,8,23,30,0,61,0,0,40,6,46,8,23,70,6,107,46,0,46,153
09/20/2022,EGE,CO,ANM,WE,Federal Contract Tower,8,24,30,0,62,0,0,37,30,67,8,24,67,30,129,56,14,70,199
09/21/2022,EGE,CO,ANM,WE,Federal Contract Tower,8,25,15,0,48,0,0,6,14,20,8,25,21,14,68,14,4,18,86
09/22/2022,EGE,CO,ANM,WE,Federal Contract Tower,8,23,30,0,61,0,0,9,16,25,8,23,39,16,86,18,2,20,106
09/23/2022,EGE,CO,ANM,WE,Federal Contract Tower,8,33,35,0,76,0,0,28,8,36,8,33,63,8,112,20,0,20,132
09/24/2022,EGE,CO,ANM,WE,Federal Contract Tower,8,22,24,0,54,0,0,51,4,55,8,22,75,4,109,32,0,32,141
09/25/2022,EGE,CO,ANM,WE,Federal Contract Tower,8,20,30,0,58,0,0,28,0,28,8,20,58,0,86,26,0,26,112
09/26/2022,EGE,CO,ANM,WE,Federal Contract Tower,8,18,33,2,61,0,0,48,1,49,8,18,81,3,110,40,0,40,150
09/27/2022,EGE,CO,ANM,WE,Federal Contract Tower,8,20,25,0,53,0,0,38,12,50,8,20,63,12,103,64,0,64,167
09/28/2022,EGE,CO,ANM,WE,Federal Contract Tower,8,23,25,0,56,0,0,25,3,28,8,23,50,3,84,56,2,58,142
09/29/2022,EGE,CO,ANM,WE,Federal Contract Tower,8,30,29,0,67,0,0,48,2,50,8,30,77,2,117,48,0,48,165
09/30/2022,EGE,CO,ANM,WE,Federal Contract Tower,6,22,37,0,65,0,0,10,4,14,6,22,47,4,79,34,0,34,113
10/01/2022,EGE,CO,ANM,WE,Federal Contract Tower,6,16,11,0,33,0,0,8,0,8,6,16,19,0,41,50,0,50,91
10/02/2022,EGE,CO,ANM,WE,Federal Contract Tower,6,24,33,0,63,0,0,16,2,18,6,24,49,2,81,56,0,56,137
10/03/2022,EGE,CO,ANM,WE,Federal Contract Tower,5,20,18,0,43,0,0,30,0,30,5,20,48,0,73,36,0,36,109
10/04/2022,EGE,CO,ANM,WE,Federal Contract Tower,7,25,14,0,46,0,0,23,12,35,7,25,37,12,81,44,2,46,127
10/05/2022,EGE,CO,ANM,WE,Federal Contract Tower,6,27,21,0,54,0,0,49,18,67,6,27,70,18,121,64,10,74,195
10/06/2022,EGE,CO,ANM,WE,Federal Contract Tower,5,11,17,0,33,0,0,49,19,68,5,11,66,19,101,104,10,114,215
10/07/2022,EGE,CO,ANM,WE,Federal Contract Tower,5,25,23,0,53,0,0,33,10,43,5,25,56,10,96,68,0,68,164
10/08/2022,EGE,CO,ANM,WE,Federal Contract Tower,5,17,22,0,44,0,1,55,3,59,5,18,77,3,103,72,0,72,175
10/09/2022,EGE,CO,ANM,WE,Federal Contract Tower,7,29,18,0,54,0,1,47,2,50,7,30,65,2,104,62,0,62,166
10/10/2022,EGE,CO,ANM,WE,Federal Contract Tower,5,26,21,0,52,0,0,35,6,41,5,26,56,6,93,38,6,44,137
10/11/2022,EGE,CO,ANM,WE,Federal Contract Tower,5,15,12,2,34,0,0,36,7,43,5,15,48,9,77,40,10,50,127
10/12/2022,EGE,CO,ANM,WE,Federal Contract Tower,5,13,11,2,31,0,1,8,19,28,5,14,19,21,59,26,4,30,89
10/13/2022,EGE,CO,ANM,WE,Federal Contract Tower,5,21,17,2,45,0,0,37,24,61,5,21,54,26,106,64,8,72,178
10/14/2022,EGE,CO,ANM,WE,Federal Contract Tower,5,22,25,1,53,0,0,36,11,47,5,22,61,12,100,40,10,50,150
10/15/2022,EGE,CO,ANM,WE,Federal Contract Tower,5,19,16,2,42,0,0,41,7,48,5,19,57,9,90,78,22,100,190
10/16/2022,EGE,CO,ANM,WE,Federal Contract Tower,5,44,17,0,66,0,0,46,8,54,5,44,63,8,120,20,2,22,142
10/17/2022,EGE,CO,ANM,WE,Federal Contract Tower,5,13,9,0,27,0,0,38,0,38,5,13,47,0,65,58,0,58,123
10/18/2022,EGE,CO,ANM,WE,Federal Contract Tower,5,10,14,0,29,0,0,26,0,26,5,10,40,0,55,54,0,54,109
10/19/2022,EGE,CO,ANM,WE,Federal Contract Tower,5,18,18,0,41,0,0,27,5,32,5,18,45,5,73,8,0,8,81
10/20/2022,EGE,CO,ANM,WE,Federal Contract Tower,5,15,17,0,37,0,0,45,8,53,5,15,62,8,90,54,8,62,152
10/21/2022,EGE,CO,ANM,WE,Federal Contract Tower,5,19,19,0,43,0,0,43,9,52,5,19,62,9,95,82,0,82,177
10/22/2022,EGE,CO,ANM,WE,Federal Contract Tower,5,11,5,0,21,0,0,14,0,14,5,11,19,0,35,14,0,14,49
10/23/2022,EGE,CO,ANM,WE,Federal Contract Tower,6,4,6,0,16,0,0,0,0,0,6,4,6,0,16,6,0,6,22
10/24/2022,EGE,CO,ANM,WE,Federal Contract Tower,5,22,20,0,47,0,0,16,0,16,5,22,36,0,63,92,0,92,155
10/25/2022,EGE,CO,ANM,WE,Federal Contract Tower,5,12,14,0,31,0,0,16,0,16,5,12,30,0,47,14,0,14,61
10/26/2022,EGE,CO,ANM,WE,Federal Contract Tower,5,12,7,0,24,0,0,2,0,2,5,12,9,0,26,24,0,24,50
10/27/2022,EGE,CO,ANM,WE,Federal Contract Tower,5,15,9,2,31,0,0,14,3,17,5,15,23,5,48,40,2,42,90
10/28/2022,EGE,CO,ANM,WE,Federal Contract Tower,5,10,11,3,29,0,0,26,5,31,5,10,37,8,60,46,0,46,106
10/29/2022,EGE,CO,ANM,WE,Federal Contract Tower,5,4,21,0,30,0,2,21,2,25,5,6,42,2,55,28,12,40,95
10/30/2022,EGE,CO,ANM,WE,Federal Contract Tower,5,10,9,0,24,0,0,42,0,42,5,10,51,0,66,32,0,32,98
10/31/2022,EGE,CO,ANM,WE,Federal Contract Tower,5,8,3,0,16,0,0,34,8,42,5,8,37,8,58,40,0,40,98
11/01/2022,EGE,CO,ANM,WE,Federal Contract Tower,5,17,20,0,42,0,3,18,0,21,5,20,38,0,63,24,0,24,87
11/02/2022,EGE,CO,ANM,WE,Federal Contract Tower,6,6,11,0,23,0,0,18,0,18,6,6,29,0,41,57,0,57,98
11/03/2022,EGE,CO,ANM,WE,Federal Contract Tower,6,9,9,0,24,0,0,2,0,2,6,9,11,0,26,34,0,34,60
11/04/2022,EGE,CO,ANM,WE,Federal Contract Tower,5,13,6,6,30,0,1,11,0,12,5,14,17,6,42,52,0,52,94
11/05/2022,EGE,CO,ANM,WE,Federal Contract Tower,5,3,11,0,19,0,0,10,0,10,5,3,21,0,29,78,0,78,107
11/06/2022,EGE,CO,ANM,WE,Federal Contract Tower,5,13,12,0,30,0,0,8,1,9,5,13,20,1,39,18,0,18,57
11/07/2022,EGE,CO,ANM,WE,Federal Contract Tower,5,11,9,0,25,0,0,18,0,18,5,11,27,0,43,52,0,52,95
11/08/2022,EGE,CO,ANM,WE,Federal Contract Tower,5,5,11,0,21,0,0,20,14,34,5,5,31,14,55,44,26,70,125
11/09/2022,EGE,CO,ANM,WE,Federal Contract Tower,5,14,13,0,32,0,0,8,4,12,5,14,21,4,44,32,0,32,76
11/10/2022,EGE,CO,ANM,WE,Federal Contract Tower,5,13,16,0,34,0,0,12,12,24,5,13,28,12,58,88,18,106,164
11/11/2022,EGE,CO,ANM,WE,Federal Contract Tower,5,12,32,0,49,0,0,26,10,36,5,12,58,10,85,32,6,38,123
11/12/2022,EGE,CO,ANM,WE,Federal Contract Tower,5,5,11,0,21,0,0,35,1,36,5,5,46,1,57,62,0,62,119
11/13/2022,EGE,CO,ANM,WE,Federal Contract Tower,5,6,19,0,30,0,0,30,1,31,5,6,49,1,61,38,0,38,99
11/14/2022,EGE,CO,ANM,WE,Federal Contract Tower,5,14,6,0,25,0,0,9,0,9,5,14,15,0,34,24,0,24,58
11/15/2022,EGE,CO,ANM,WE,Federal Contract Tower,5,10,14,0,29,0,0,19,0,19,5,10,33,0,48,12,0,12,60
11/16/2022,EGE,CO,ANM,WE,Federal Contract Tower,5,5,13,1,24,0,0,16,6,22,5,5,29,7,46,14,2,16,62
11/17/2022,EGE,CO,ANM,WE,Federal Contract Tower,7,18,12,2,39,0,0,15,9,24,7,18,27,11,63,32,6,38,101
11/18/2022,EGE,CO,ANM,WE,Federal Contract Tower,7,14,29,0,50,0,0,9,0,9,7,14,38,0,59,30,0,30,89
11/19/2022,EGE,CO,ANM,WE,Federal Contract Tower,7,21,28,0,56,0,0,30,1,31,7,21,58,1,87,22,0,22,109
11/20/2022,EGE,CO,ANM,WE,Federal Contract Tower,7,23,18,0,48,0,0,38,0,38,7,23,56,0,86,54,0,54,140
11/21/2022,EGE,CO,ANM,WE,Federal Contract Tower,7,29,28,0,64,0,0,28,0,28,7,29,56,0,92,34,0,34,126
11/22/2022,EGE,CO,ANM,WE,Federal Contract Tower,7,33,26,0,66,0,0,32,2,34,7,33,58,2,100,28,0,28,128
11/23/2022,EGE,CO,ANM,WE,Federal Contract Tower,7,19,24,0,50,0,0,10,0,10,7,19,34,0,60,10,0,10,70
11/24/2022,EGE,CO,ANM,WE,Federal Contract Tower,2,7,2,0,11,0,0,4,0,4,2,7,6,0,15,0,0,0,15
11/25/2022,EGE,CO,ANM,WE,Federal Contract Tower,8,24,21,0,53,0,0,23,0,23,8,24,44,0,76,14,0,14,90
11/26/2022,EGE,CO,ANM,WE,Federal Contract Tower,15,29,26,0,70,0,0,35,0,35,15,29,61,0,105,24,0,24,129
11/27/2022,EGE,CO,ANM,WE,Federal Contract Tower,7,26,57,0,90,0,0,16,2,18,7,26,73,2,108,2,0,2,110
11/28/2022,EGE,CO,ANM,WE,Federal Contract Tower,7,24,11,0,42,0,0,9,1,10,7,24,20,1,52,58,0,58,110
11/29/2022,EGE,CO,ANM,WE,Federal Contract Tower,7,12,7,0,26,0,0,12,8,20,7,12,19,8,46,12,0,12,58
11/30/2022,EGE,CO,ANM,WE,Federal Contract Tower,9,12,27,0,48,0,18,19,0,37,9,30,46,0,85,0,0,0,85
12/01/2022,EGE,CO,ANM,WE,Federal Contract Tower,7,12,22,0,41,0,0,14,20,34,7,12,36,20,75,12,10,22,97
12/02/2022,EGE,CO,ANM,WE,Federal Contract Tower,7,12,9,0,28,0,0,1,0,1,7,12,10,0,29,0,0,0,29
12/03/2022,EGE,CO,ANM,WE,Federal Contract Tower,7,18,11,0,36,0,0,7,5,12,7,18,18,5,48,20,0,20,68
12/04/2022,EGE,CO,ANM,WE,Federal Contract Tower,7,37,22,0,66,0,0,16,3,19,7,37,38,3,85,52,0,52,137
12/05/2022,EGE,CO,ANM,WE,Federal Contract Tower,7,22,16,0,45,0,0,11,0,11,7,22,27,0,56,68,0,68,124
12/06/2022,EGE,CO,ANM,WE,Federal Contract Tower,7,10,12,0,29,0,0,5,15,20,7,10,17,15,49,34,24,58,107
12/07/2022,EGE,CO,ANM,WE,Federal Contract Tower,7,20,22,0,49,0,0,11,22,33,7,20,33,22,82,30,0,30,112
12/08/2022,EGE,CO,ANM,WE,Federal Contract Tower,7,24,22,3,56,0,0,5,25,30,7,24,27,28,86,14,0,14,100
12/09/2022,EGE,CO,ANM,WE,Federal Contract Tower,7,17,33,0,57,0,0,28,13,41,7,17,61,13,98,48,0,48,146
12/10/2022,EGE,CO,ANM,WE,Federal Contract Tower,7,13,17,2,39,0,0,46,5,51,7,13,63,7,90,24,4,28,118
12/11/2022,EGE,CO,ANM,WE,Federal Contract Tower,7,33,34,0,74,0,0,9,2,11,7,33,43,2,85,64,0,64,149
12/12/2022,EGE,CO,ANM,WE,Federal Contract Tower,7,20,11,0,38,0,0,9,1,10,7,20,20,1,48,36,0,36,84
12/13/2022,EGE,CO,ANM,WE,Federal Contract Tower,7,6,19,0,32,0,0,2,22,24,7,6,21,22,56,8,2,10,66
12/14/2022,EGE,CO,ANM,WE,Federal Contract Tower,7,15,41,0,63,0,0,13,28,41,7,15,54,28,104,14,0,14,118
12/15/2022,EGE,CO,ANM,WE,Federal Contract Tower,35,36,39,0,110,0,0,3,16,19,35,36,42,16,129,14,0,14,143
12/16/2022,EGE,CO,ANM,WE,Federal Contract Tower,33,50,76,0,159,0,0,25,8,33,33,50,101,8,192,0,0,0,192
12/17/2022,EGE,CO,ANM,WE,Federal Contract Tower,44,75,91,0,210,0,1,36,1,38,44,76,127,1,248,0,0,0,248
12/18/2022,EGE,CO,ANM,WE,Federal Contract Tower,39,47,61,0,147,0,0,22,1,23,39,47,83,1,170,24,0,24,194
12/19/2022,EGE,CO,ANM,WE,Federal Contract Tower,37,58,53,4,152,0,0,24,5,29,37,58,77,9,181,2,0,2,183
12/20/2022,EGE,CO,ANM,WE,Federal Contract Tower,36,54,51,0,141,0,0,20,5,25,36,54,71,5,166,0,18,18,184
12/21/2022,EGE,CO,ANM,WE,Federal Contract Tower,35,53,61,0,149,0,0,1,0,1,35,53,62,0,150,0,0,0,150
12/22/2022,EGE,CO,ANM,WE,Federal Contract Tower,31,60,84,0,175,0,0,6,0,6,31,60,90,0,181,0,0,0,181
12/23/2022,EGE,CO,ANM,WE,Federal Contract Tower,33,54,82,0,169,0,0,8,0,8,33,54,90,0,177,0,0,0,177
12/24/2022,EGE,CO,ANM,WE,Federal Contract Tower,35,46,24,0,105,0,0,7,0,7,35,46,31,0,112,34,0,34,146
12/25/2022,EGE,CO,ANM,WE,Federal Contract Tower,32,62,27,0,121,0,0,0,0,0,32,62,27,0,121,0,0,0,121
12/26/2022,EGE,CO,ANM,WE,Federal Contract Tower,38,110,150,0,298,0,0,14,0,14,38,110,164,0,312,0,0,0,312
12/27/2022,EGE,CO,ANM,WE,Federal Contract Tower,39,82,172,0,293,0,0,0,0,0,39,82,172,0,293,0,0,0,293
12/28/2022,EGE,CO,ANM,WE,Federal Contract Tower,34,51,60,0,145,0,0,2,0,2,34,51,62,0,147,4,0,4,151
12/29/2022,EGE,CO,ANM,WE,Federal Contract Tower,39,66,74,0,179,0,0,8,3,11,39,66,82,3,190,0,10,10,200
12/30/2022,EGE,CO,ANM,WE,Federal Contract Tower,39,90,82,0,211,0,0,2,0,2,39,90,84,0,213,0,0,0,213
12/31/2022,EGE,CO,ANM,WE,Federal Contract Tower,33,43,25,0,101,0,0,0,0,0,33,43,25,0,101,0,0,0,101
01/01/2023,EGE,CO,ANM,WE,Federal Contract Tower,36,104,88,0,228,0,0,4,0,4,36,104,92,0,232,0,0,0,232
01/02/2023,EGE,CO,ANM,WE,Federal Contract Tower,40,85,100,0,225,0,0,9,0,9,40,85,109,0,234,0,0,0,234
01/03/2023,EGE,CO,ANM,WE,Federal Contract Tower,38,99,99,0,236,0,0,0,23,23,38,99,99,23,259,0,0,0,259
01/04/2023,EGE,CO,ANM,WE,Federal Contract Tower,33,75,62,0,170,0,0,12,6,18,33,75,74,6,188,6,0,6,194
01/05/2023,EGE,CO,ANM,WE,Federal Contract Tower,31,52,65,0,148,0,0,24,8,32,31,52,89,8,180,0,8,8,188
01/06/2023,EGE,CO,ANM,WE,Federal Contract Tower,36,47,38,0,121,0,0,0,0,0,36,47,38,0,121,8,0,8,129
01/07/2023,EGE,CO,ANM,WE,Federal Contract Tower,41,79,76,0,196,0,0,30,2,32,41,79,106,2,228,14,0,14,242
01/08/2023,EGE,CO,ANM,WE,Federal Contract Tower,35,55,67,0,157,0,0,24,3,27,35,55,91,3,184,68,0,68,252
01/09/2023,EGE,CO,ANM,WE,Federal Contract Tower,35,28,28,0,91,0,0,16,0,16,35,28,44,0,107,30,0,30,137
01/10/2023,EGE,CO,ANM,WE,Federal Contract Tower,29,27,36,0,92,0,0,7,0,7,29,27,43,0,99,36,0,36,135
01/11/2023,EGE,CO,ANM,WE,Federal Contract Tower,28,44,26,0,98,0,0,13,21,34,28,44,39,21,132,30,0,30,162
01/12/2023,EGE,CO,ANM,WE,Federal Contract Tower,31,59,60,0,150,0,2,23,22,47,31,61,83,22,197,4,16,20,217
01/13/2023,EGE,CO,ANM,WE,Federal Contract Tower,29,47,65,0,141,0,0,23,9,32,29,47,88,9,173,18,0,18,191
01/14/2023,EGE,CO,ANM,WE,Federal Contract Tower,35,36,29,0,100,0,0,19,0,19,35,36,48,0,119,24,0,24,143
01/15/2023,EGE,CO,ANM,WE,Federal Contract Tower,26,52,26,0,104,0,0,6,0,6,26,52,32,0,110,16,0,16,126
01/16/2023,EGE,CO,ANM,WE,Federal Contract Tower,28,85,84,0,197,0,0,2,0,2,28,85,86,0,199,0,0,0,199
01/17/2023,EGE,CO,ANM,WE,Federal Contract Tower,32,32,19,0,83,0,0,0,0,0,32,32,19,0,83,28,0,28,111
01/18/2023,EGE,CO,ANM,WE,Federal Contract Tower,25,34,28,0,87,0,0,2,0,2,25,34,30,0,89,0,0,0,89
01/19/2023,EGE,CO,ANM,WE,Federal Contract Tower,29,34,39,0,102,0,0,15,12,27,29,34,54,12,129,14,0,14,143
01/20/2023,EGE,CO,ANM,WE,Federal Contract Tower,29,25,27,0,81,0,0,15,4,19,29,25,42,4,100,26,0,26,126
01/21/2023,EGE,CO,ANM,WE,Federal Contract Tower,35,30,35,0,100,0,0,9,1,10,35,30,44,1,110,46,0,46,156
01/22/2023,EGE,CO,ANM,WE,Federal Contract Tower,29,33,45,0,107,0,0,15,1,16,29,33,60,1,123,50,0,50,173
01/23/2023,EGE,CO,ANM,WE,Federal Contract Tower,29,24,18,0,71,0,0,26,0,26,29,24,44,0,97,46,0,46,143
01/24/2023,EGE,CO,ANM,WE,Federal Contract Tower,27,33,40,0,100,0,0,7,21,28,27,33,47,21,128,56,65,121,249
01/25/2023,EGE,CO,ANM,WE,Federal Contract Tower,29,37,45,0,111,0,0,6,18,24,29,37,51,18,135,26,24,50,185
01/26/2023,EGE,CO,ANM,WE,Federal Contract Tower,29,33,48,0,110,0,0,22,19,41,29,33,70,19,151,2,2,4,155
01/27/2023,EGE,CO,ANM,WE,Federal Contract Tower,29,28,30,0,87,0,0,0,4,4,29,28,30,4,91,0,0,0,91
01/28/2023,EGE,CO,ANM,WE,Federal Contract Tower,37,35,58,0,130,0,0,1,3,4,37,35,59,3,134,10,0,10,144
01/29/2023,EGE,CO,ANM,WE,Federal Contract Tower,28,58,50,0,136,0,0,0,0,0,28,58,50,0,136,52,0,52,188
01/30/2023,EGE,CO,ANM,WE,Federal Contract Tower,24,13,26,0,63,0,0,1,0,1,24,13,27,0,64,8,0,8,72
01/31/2023,EGE,CO,ANM,WE,Federal Contract Tower,21,35,31,0,87,0,0,23,19,42,21,35,54,19,129,54,24,78,207
02/01/2023,EGE,CO,ANM,WE,Federal Contract Tower,26,24,32,0,82,0,0,41,19,60,26,24,73,19,142,42,4,46,188
02/02/2023,EGE,CO,ANM,WE,Federal Contract Tower,23,48,34,0,105,0,0,31,20,51,23,48,65,20,156,60,30,90,246
02/03/2023,EGE,CO,ANM,WE,Federal Contract Tower,32,29,50,0,111,0,0,20,13,33,32,29,70,13,144,60,38,98,242
02/04/2023,EGE,CO,ANM,WE,Federal Contract Tower,42,37,35,0,114,0,0,34,3,37,42,37,69,3,151,8,0,8,159
02/05/2023,EGE,CO,ANM,WE,Federal Contract Tower,31,46,44,0,121,0,1,23,1,25,31,47,67,1,146,22,0,22,168
02/06/2023,EGE,CO,ANM,WE,Federal Contract Tower,31,37,31,0,99,0,0,9,0,9,31,37,40,0,108,10,0,10,118
02/07/2023,EGE,CO,ANM,WE,Federal Contract Tower,32,18,23,0,73,0,0,29,24,53,32,18,52,24,126,54,36,90,216
02/08/2023,EGE,CO,ANM,WE,Federal Contract Tower,31,35,40,2,108,0,0,17,26,43,31,35,57,28,151,22,20,42,193
02/09/2023,EGE,CO,ANM,WE,Federal Contract Tower,31,47,47,1,126,0,0,19,15,34,31,47,66,16,160,18,10,28,188
02/10/2023,EGE,CO,ANM,WE,Federal Contract Tower,35,34,46,0,115,0,0,33,12,45,35,34,79,12,160,30,0,30,190
02/11/2023,EGE,CO,ANM,WE,Federal Contract Tower,44,42,53,0,139,0,0,25,3,28,44,42,78,3,167,18,0,18,185
02/12/2023,EGE,CO,ANM,WE,Federal Contract Tower,32,53,48,1,134,0,0,34,2,36,32,53,82,3,170,0,0,0,170
02/13/2023,EGE,CO,ANM,WE,Federal Contract Tower,34,56,57,1,148,0,0,22,0,22,34,56,79,1,170,60,0,60,230
02/14/2023,EGE,CO,ANM,WE,Federal Contract Tower,31,38,30,0,99,0,0,3,10,13,31,38,33,10,112,26,30,56,168
02/15/2023,EGE,CO,ANM,WE,Federal Contract Tower,32,76,56,0,164,0,0,4,21,25,32,76,60,21,189,26,12,38,227
02/16/2023,EGE,CO,ANM,WE,Federal Contract Tower,32,77,115,2,226,0,0,28,12,40,32,77,143,14,266,6,6,12,278
02/17/2023,EGE,CO,ANM,WE,Federal Contract Tower,33,71,99,0,203,0,0,35,22,57,33,71,134,22,260,36,14,50,310
02/18/2023,EGE,CO,ANM,WE,Federal Contract Tower,44,68,65,1,178,0,0,28,1,29,44,68,93,2,207,16,0,16,223
02/19/2023,EGE,CO,ANM,WE,Federal Contract Tower,36,38,58,0,132,0,0,0,0,0,36,38,58,0,132,10,0,10,142
02/20/2023,EGE,CO,ANM,WE,Federal Contract Tower,33,100,120,0,253,0,0,9,0,9,33,100,129,0,262,4,0,4,266
02/21/2023,EGE,CO,ANM,WE,Federal Contract Tower,32,64,63,0,159,0,0,8,0,8,32,64,71,0,167,2,0,2,169
02/22/2023,EGE,CO,ANM,WE,Federal Contract Tower,22,20,23,0,65,0,0,0,0,0,22,20,23,0,65,4,0,4,69
02/23/2023,EGE,CO,ANM,WE,Federal Contract Tower,33,59,71,0,163,0,0,9,2,11,33,59,80,2,174,66,0,66,240
02/24/2023,EGE,CO,ANM,WE,Federal Contract Tower,33,44,72,0,149,0,0,7,0,7,33,44,79,0,156,50,0,50,206
02/25/2023,EGE,CO,ANM,WE,Federal Contract Tower,42,89,58,0,189,0,0,25,2,27,42,89,83,2,216,0,0,0,216
02/26/2023,EGE,CO,ANM,WE,Federal Contract Tower,34,78,74,0,186,0,0,14,3,17,34,78,88,3,203,16,0,16,219
02/27/2023,EGE,CO,ANM,WE,Federal Contract Tower,33,38,41,0,112,0,0,17,0,17,33,38,58,0,129,24,0,24,153
02/28/2023,EGE,CO,ANM,WE,Federal Contract Tower,31,37,39,0,107,0,0,2,20,22,31,37,41,20,129,12,8,20,149
03/01/2023,EGE,CO,ANM,WE,Federal Contract Tower,40,51,34,0,125,0,0,2,22,24,40,51,36,22,149,12,14,26,175
03/02/2023,EGE,CO,ANM,WE,Federal Contract Tower,35,32,49,0,116,0,0,29,19,48,35,32,78,19,164,40,8,48,212
03/03/2023,EGE,CO,ANM,WE,Federal Contract Tower,37,47,58,0,142,0,0,6,7,13,37,47,64,7,155,30,0,30,185
03/04/2023,EGE,CO,ANM,WE,Federal Contract Tower,44,65,67,0,176,0,0,23,2,25,44,65,90,2,201,6,0,6,207
03/05/2023,EGE,CO,ANM,WE,Federal Contract Tower,38,49,70,0,157,0,0,6,2,8,38,49,76,2,165,8,0,8,173
03/06/2023,EGE,CO,ANM,WE,Federal Contract Tower,37,38,40,0,115,0,0,16,1,17,37,38,56,1,132,22,0,22,154
03/07/2023,EGE,CO,ANM,WE,Federal Contract Tower,37,51,25,0,113,0,0,21,15,36,37,51,46,15,149,38,8,46,195
03/08/2023,EGE,CO,ANM,WE,Federal Contract Tower,37,40,40,0,117,0,0,16,20,36,37,40,56,20,153,38,12,50,203
03/09/2023,EGE,CO,ANM,WE,Federal Contract Tower,38,46,49,0,133,0,0,33,10,43,38,46,82,10,176,22,10,32,208
03/10/2023,EGE,CO,ANM,WE,Federal Contract Tower,38,65,58,0,161,0,0,1,1,2,38,65,59,1,163,28,0,28,191
03/11/2023,EGE,CO,ANM,WE,Federal Contract Tower,45,77,92,0,214,0,0,13,1,14,45,77,105,1,228,16,0,16,244
03/12/2023,EGE,CO,ANM,WE,Federal Contract Tower,38,74,82,0,194,0,0,1,1,2,38,74,83,1,196,30,0,30,226
03/13/2023,EGE,CO,ANM,WE,Federal Contract Tower,36,50,48,0,134,0,0,17,0,17,36,50,65,0,151,26,0,26,177
03/14/2023,EGE,CO,ANM,WE,Federal Contract Tower,38,25,25,0,88,0,0,25,19,44,38,25,50,19,132,26,8,34,166
03/15/2023,EGE,CO,ANM,WE,Federal Contract Tower,37,61,44,0,142,0,0,4,25,29,37,61,48,25,171,26,22,48,219
03/16/2023,EGE,CO,ANM,WE,Federal Contract Tower,35,50,48,0,133,0,0,15,17,32,35,50,63,17,165,48,10,58,223
03/17/2023,EGE,CO,ANM,WE,Federal Contract Tower,39,82,68,0,189,0,0,38,8,46,39,82,106,8,235,90,0,90,325
03/18/2023,EGE,CO,ANM,WE,Federal Contract Tower,42,89,95,0,226,0,0,49,1,50,42,89,144,1,276,10,0,10,286
03/19/2023,EGE,CO,ANM,WE,Federal Contract Tower,41,74,87,0,202,0,0,33,2,35,41,74,120,2,237,18,0,18,255
03/20/2023,EGE,CO,ANM,WE,Federal Contract Tower,36,35,31,0,102,0,0,3,0,3,36,35,34,0,105,8,0,8,113
03/21/2023,EGE,CO,ANM,WE,Federal Contract Tower,37,44,24,0,105,0,0,9,13,22,37,44,33,13,127,4,6,10,137
03/22/2023,EGE,CO,ANM,WE,Federal Contract Tower,28,9,5,0,42,0,0,0,0,0,28,9,5,0,42,0,0,0,42
03/23/2023,EGE,CO,ANM,WE,Federal Contract Tower,40,47,48,0,135,0,0,16,19,35,40,47,64,19,170,48,28,76,246
03/24/2023,EGE,CO,ANM,WE,Federal Contract Tower,39,55,43,0,137,0,0,18,8,26,39,55,61,8,163,70,2,72,235
03/25/2023,EGE,CO,ANM,WE,Federal Contract Tower,45,65,77,0,187,0,0,3,1,4,45,65,80,1,191,8,0,8,199
03/26/2023,EGE,CO,ANM,WE,Federal Contract Tower,30,37,49,0,116,0,0,10,1,11,30,37,59,1,127,30,0,30,157
03/27/2023,EGE,CO,ANM,WE,Federal Contract Tower,29,42,21,0,92,0,0,15,0,15,29,42,36,0,107,32,0,32,139
03/28/2023,EGE,CO,ANM,WE,Federal Contract Tower,29,33,10,0,72,0,0,28,16,44,29,33,38,16,116,34,8,42,158
03/29/2023,EGE,CO,ANM,WE,Federal Contract Tower,28,27,26,0,81,0,0,30,18,48,28,27,56,18,129,24,4,28,157
03/30/2023,EGE,CO,ANM,WE,Federal Contract Tower,29,25,25,0,79,0,0,12,8,20,29,25,37,8,99,30,10,40,139
03/31/2023,EGE,CO,ANM,WE,Federal Contract Tower,29,40,37,0,106,0,0,1,0,1,29,40,38,0,107,0,0,0,107
04/01/2023,EGE,CO,ANM,WE,Federal Contract Tower,31,62,56,1,150,0,0,22,3,25,31,62,78,4,175,16,2,18,193
04/03/2023,EGE,CO,ANM,WE,Federal Contract Tower,25,35,21,0,81,0,0,0,0,0,25,35,21,0,81,0,0,0,81
04/04/2023,EGE,CO,ANM,WE,Federal Contract Tower,7,26,9,0,42,0,0,0,0,0,7,26,9,0,42,0,2,2,44
04/05/2023,EGE,CO,ANM,WE,Federal Contract Tower,7,31,20,0,58,0,0,16,21,37,7,31,36,21,95,94,22,116,211
04/06/2023,EGE,CO,ANM,WE,Federal Contract Tower,7,25,34,0,66,0,0,44,9,53,7,25,78,9,119,40,6,46,165
04/07/2023,EGE,CO,ANM,WE,Federal Contract Tower,0,7,22,19,48,0,1,38,12,51,0,8,60,31,99,56,14,70,169
04/08/2023,EGE,CO,ANM,WE,Federal Contract Tower,9,33,30,0,72,0,0,46,0,46,9,33,76,0,118,50,0,50,168
04/09/2023,EGE,CO,ANM,WE,Federal Contract Tower,9,29,50,0,88,0,0,17,0,17,9,29,67,0,105,26,0,26,131
04/10/2023,EGE,CO,ANM,WE,Federal Contract Tower,7,27,33,0,67,0,0,36,0,36,7,27,69,0,103,82,0,82,185
04/11/2023,EGE,CO,ANM,WE,Federal Contract Tower,7,13,21,0,41,0,0,24,12,36,7,13,45,12,77,38,32,70,147
04/12/2023,EGE,CO,ANM,WE,Federal Contract Tower,8,23,17,0,48,0,0,23,25,48,8,23,40,25,96,66,7,73,169
04/13/2023,EGE,CO,ANM,WE,Federal Contract Tower,7,19,16,0,42,0,0,15,16,31,7,19,31,16,73,22,0,22,95
04/14/2023,EGE,CO,ANM,WE,Federal Contract Tower,7,22,10,0,39,0,0,9,0,9,7,22,19,0,48,32,0,32,80
04/15/2023,EGE,CO,ANM,WE,Federal Contract Tower,7,19,16,0,42,0,0,20,5,25,7,19,36,5,67,20,0,20,87
04/16/2023,EGE,CO,ANM,WE,Federal Contract Tower,7,28,23,0,58,0,0,39,1,40,7,28,62,1,98,34,0,34,132
04/17/2023,EGE,CO,ANM,WE,Federal Contract Tower,7,16,16,0,39,0,0,24,0,24,7,16,40,0,63,66,0,66,129
04/18/2023,EGE,CO,ANM,WE,Federal Contract Tower,7,13,12,0,32,0,0,7,21,28,7,13,19,21,60,8,32,40,100
04/19/2023,EGE,CO,ANM,WE,Federal Contract Tower,5,20,13,0,38,0,0,3,8,11,5,20,16,8,49,2,0,2,51
04/20/2023,EGE,CO,ANM,WE,Federal Contract Tower,7,8,15,0,30,0,0,19,27,46,7,8,34,27,76,50,11,61,137
04/21/2023,EGE,CO,ANM,WE,Federal Contract Tower,7,7,10,0,24,0,0,21,12,33,7,7,31,12,57,86,8,94,151
04/22/2023,EGE,CO,ANM,WE,Federal Contract Tower,7,15,8,0,30,0,0,14,1,15,7,15,22,1,45,110,0,110,155
04/23/2023,EGE,CO,ANM,WE,Federal Contract Tower,7,16,18,0,41,0,0,33,3,36,7,16,51,3,77,42,0,42,119
04/24/2023,EGE,CO,ANM,WE,Federal Contract Tower,7,4,14,0,25,0,0,31,0,31,7,4,45,0,56,58,0,58,114
04/25/2023,EGE,CO,ANM,WE,Federal Contract Tower,7,4,9,0,20,0,0,10,0,10,7,4,19,0,30,20,0,20,50
04/26/2023,EGE,CO,ANM,WE,Federal Contract Tower,7,10,9,0,26,0,0,16,8,24,7,10,25,8,50,0,12,12,62
04/27/2023,EGE,CO,ANM,WE,Federal Contract Tower,7,12,13,0,32,0,0,20,0,20,7,12,33,0,52,26,0,26,78
04/28/2023,EGE,CO,ANM,WE,Federal Contract Tower,7,7,10,0,24,0,0,21,6,27,7,7,31,6,51,28,2,30,81
04/29/2023,EGE,CO,ANM,WE,Federal Contract Tower,7,4,3,0,14,0,0,47,0,47,7,4,50,0,61,16,0,16,77
04/30/2023,EGE,CO,ANM,WE,Federal Contract Tower,7,11,20,0,38,0,0,44,2,46,7,11,64,2,84,40,0,40,124
05/01/2023,EGE,CO,ANM,WE,Federal Contract Tower,7,6,8,0,21,0,0,32,0,32,7,6,40,0,53,70,0,70,123
05/02/2023,EGE,CO,ANM,WE,Federal Contract Tower,7,3,10,0,20,0,1,25,0,26,7,4,35,0,46,50,0,50,96
05/03/2023,EGE,CO,ANM,WE,Federal Contract Tower,7,10,7,0,24,0,0,30,0,30,7,10,37,0,54,38,0,38,92
05/04/2023,EGE,CO,ANM,WE,Federal Contract Tower,5,9,10,0,24,0,0,19,10,29,5,9,29,10,53,62,4,66,119
05/05/2023,EGE,CO,ANM,WE,Federal Contract Tower,7,5,15,0,27,0,0,19,17,36,7,5,34,17,63,90,0,90,153
05/06/2023,EGE,CO,ANM,WE,Federal Contract Tower,6,8,10,0,24,0,0,11,15,26,6,8,21,15,50,12,0,12,62
05/07/2023,EGE,CO,ANM,WE,Federal Contract Tower,7,7,11,0,25,0,0,10,10,20,7,7,21,10,45,18,22,40,85
05/08/2023,EGE,CO,ANM,WE,Federal Contract Tower,8,17,2,0,27,0,0,38,0,38,8,17,40,0,65,44,0,44,109
05/09/2023,EGE,CO,ANM,WE,Federal Contract Tower,7,9,12,0,28,0,0,41,11,52,7,9,53,11,80,62,10,72,152
05/10/2023,EGE,CO,ANM,WE,Federal Contract Tower,8,3,7,0,18,0,0,18,11,29,8,3,25,11,47,34,0,34,81
05/11/2023,EGE,CO,ANM,WE,Federal Contract Tower,9,11,3,0,23,0,0,8,5,13,9,11,11,5,36,46,0,46,82
05/12/2023,EGE,CO,ANM,WE,Federal Contract Tower,9,9,16,0,34,0,0,16,6,22,9,9,32,6,56,74,0,74,130
05/13/2023,EGE,CO,ANM,WE,Federal Contract Tower,7,15,8,0,30,0,0,24,0,24,7,15,32,0,54,24,0,24,78
05/14/2023,EGE,CO,ANM,WE,Federal Contract Tower,9,9,9,0,27,0,0,0,0,0,9,9,9,0,27,48,0,48,75
05/15/2023,EGE,CO,ANM,WE,Federal Contract Tower,9,16,1,0,26,0,0,12,0,12,9,16,13,0,38,0,0,0,38
05/16/2023,EGE,CO,ANM,WE,Federal Contract Tower,9,19,0,2,30,0,0,24,27,51,9,19,24,29,81,24,24,48,129
05/17/2023,EGE,CO,ANM,WE,Federal Contract Tower,9,13,11,0,33,0,0,20,11,31,9,13,31,11,64,18,10,28,92
05/18/2023,EGE,CO,ANM,WE,Federal Contract Tower,7,19,11,0,37,0,0,24,13,37,7,19,35,13,74,48,8,56,130
05/19/2023,EGE,CO,ANM,WE,Federal Contract Tower,9,10,9,0,28,0,0,20,7,27,9,10,29,7,55,42,0,42,97
05/20/2023,EGE,CO,ANM,WE,Federal Contract Tower,9,8,9,0,26,0,0,15,0,15,9,8,24,0,41,24,0,24,65
05/21/2023,EGE,CO,ANM,WE,Federal Contract Tower,9,19,9,0,37,0,0,28,0,28,9,19,37,0,65,4,0,4,69
05/22/2023,EGE,CO,ANM,WE,Federal Contract Tower,9,13,15,0,37,0,0,30,0,30,9,13,45,0,67,16,0,16,83
05/23/2023,EGE,CO,ANM,WE,Federal Contract Tower,9,10,12,0,31,0,0,21,10,31,9,10,33,10,62,44,0,44,106
05/24/2023,EGE,CO,ANM,WE,Federal Contract Tower,11,20,9,0,40,0,0,14,8,22,11,20,23,8,62,0,0,0,62
05/25/2023,EGE,CO,ANM,WE,Federal Contract Tower,7,15,14,0,36,0,0,25,9,34,7,15,39,9,70,34,14,48,118
05/26/2023,EGE,CO,ANM,WE,Federal Contract Tower,6,24,21,0,51,0,0,28,2,30,6,24,49,2,81,24,0,24,105
05/27/2023,EGE,CO,ANM,WE,Federal Contract Tower,6,23,19,0,48,0,0,31,0,31,6,23,50,0,79,0,0,0,79
05/28/2023,EGE,CO,ANM,WE,Federal Contract Tower,7,21,6,0,34,0,1,24,0,25,7,22,30,0,59,18,0,18,77
05/29/2023,EGE,CO,ANM,WE,Federal Contract Tower,7,17,11,0,35,0,0,21,0,21,7,17,32,0,56,24,0,24,80
05/30/2023,EGE,CO,ANM,WE,Federal Contract Tower,7,14,16,0,37,0,0,23,0,23,7,14,39,0,60,26,0,26,86
05/31/2023,EGE,CO,ANM,WE,Federal Contract Tower,6,18,18,0,42,0,0,24,2,26,6,18,42,2,68,16,0,16,84
06/01/2023,EGE,CO,ANM,WE,Federal Contract Tower,7,21,16,0,44,0,0,17,8,25,7,21,33,8,69,40,0,40,109
06/02/2023,EGE,CO,ANM,WE,Federal Contract Tower,8,17,25,0,50,0,0,2,0,2,8,17,27,0,52,4,0,4,56
06/03/2023,EGE,CO,ANM,WE,Federal Contract Tower,9,19,16,0,44,0,0,9,0,9,9,19,25,0,53,18,0,18,71
06/04/2023,EGE,CO,ANM,WE,Federal Contract Tower,8,19,18,0,45,0,0,15,1,16,8,19,33,1,61,0,0,0,61
06/05/2023,EGE,CO,ANM,WE,Federal Contract Tower,9,12,14,0,35,0,0,20,2,22,9,12,34,2,57,32,6,38,95
06/06/2023,EGE,CO,ANM,WE,Federal Contract Tower,8,19,10,0,37,0,0,37,0,37,8,19,47,0,74,42,0,42,116
06/07/2023,EGE,CO,ANM,WE,Federal Contract Tower,8,13,16,0,37,0,0,18,16,34,8,13,34,16,71,52,0,52,123
06/08/2023,EGE,CO,ANM,WE,Federal Contract Tower,8,18,16,0,42,0,0,20,16,36,8,18,36,16,78,38,12,50,128
06/09/2023,EGE,CO,ANM,WE,Federal Contract Tower,9,14,16,0,39,0,0,32,8,40,9,14,48,8,79,14,0,14,93
06/10/2023,EGE,CO,ANM,WE,Federal Contract Tower,8,28,16,0,52,0,0,31,2,33,8,28,47,2,85,32,0,32,117
06/11/2023,EGE,CO,ANM,WE,Federal Contract Tower,9,31,29,0,69,0,0,21,0,21,9,31,50,0,90,16,0,16,106
06/12/2023,EGE,CO,ANM,WE,Federal Contract Tower,8,18,20,0,46,0,0,21,0,21,8,18,41,0,67,10,0,10,77
06/13/2023,EGE,CO,ANM,WE,Federal Contract Tower,10,24,25,0,59,0,0,16,9,25,10,24,41,9,84,10,0,10,94
06/14/2023,EGE,CO,ANM,WE,Federal Contract Tower,8,30,23,0,61,0,0,34,15,49,8,30,57,15,110,70,4,74,184
06/15/2023,EGE,CO,ANM,WE,Federal Contract Tower,8,34,35,0,77,0,0,14,8,22,8,34,49,8,99,50,0,50,149
06/16/2023,EGE,CO,ANM,WE,Federal Contract Tower,7,36,31,0,74,0,0,22,12,34,7,36,53,12,108,46,14,60,168
06/17/2023,EGE,CO,ANM,WE,Federal Contract Tower,8,31,13,0,52,0,0,15,2,17,8,31,28,2,69,14,0,14,83
06/18/2023,EGE,CO,ANM,WE,Federal Contract Tower,10,24,34,0,68,0,0,21,1,22,10,24,55,1,90,76,0,76,166
06/19/2023,EGE,CO,ANM,WE,Federal Contract Tower,9,27,25,0,61,0,0,37,1,38,9,27,62,1,99,40,6,46,145
06/20/2023,EGE,CO,ANM,WE,Federal Contract Tower,8,27,19,0,54,0,0,23,4,27,8,27,42,4,81,1,0,1,82
06/21/2023,EGE,CO,ANM,WE,Federal Contract Tower,9,24,30,0,63,0,0,46,5,51,9,24,76,5,114,22,4,26,140
06/22/2023,EGE,CO,ANM,WE,Federal Contract Tower,12,30,34,0,76,0,0,49,4,53,12,30,83,4,129,40,8,48,177
06/23/2023,EGE,CO,ANM,WE,Federal Contract Tower,9,19,29,0,57,0,0,23,0,23,9,19,52,0,80,24,0,24,104
06/24/2023,EGE,CO,ANM,WE,Federal Contract Tower,8,20,30,0,58,0,0,63,2,65,8,20,93,2,123,32,2,34,157
06/25/2023,EGE,CO,ANM,WE,Federal Contract Tower,9,29,40,0,78,0,0,45,3,48,9,29,85,3,126,26,0,26,152
06/26/2023,EGE,CO,ANM,WE,Federal Contract Tower,9,25,23,0,57,0,0,30,0,30,9,25,53,0,87,20,0,20,107
06/27/2023,EGE,CO,ANM,WE,Federal Contract Tower,8,32,34,0,74,0,0,16,11,27,8,32,50,11,101,0,4,4,105
06/28/2023,EGE,CO,ANM,WE,Federal Contract Tower,8,36,36,3,83,0,0,26,23,49,8,36,62,26,132,48,0,48,180
06/29/2023,EGE,CO,ANM,WE,Federal Contract Tower,8,20,31,0,59,0,0,49,19,68,8,20,80,19,127,62,4,66,193
06/30/2023,EGE,CO,ANM,WE,Federal Contract Tower,8,53,59,0,120,0,0,33,19,52,8,53,92,19,172,30,10,40,212
07/01/2023,EGE,CO,ANM,WE,Federal Contract Tower,9,67,68,0,144,0,0,61,0,61,9,67,129,0,205,30,0,30,235
07/02/2023,EGE,CO,ANM,WE,Federal Contract Tower,8,49,37,0,94,0,0,30,0,30,8,49,67,0,124,60,0,60,184
07/03/2023,EGE,CO,ANM,WE,Federal Contract Tower,9,35,27,0,71,0,0,45,0,45,9,35,72,0,116,36,0,36,152
07/04/2023,EGE,CO,ANM,WE,Federal Contract Tower,9,23,20,0,52,0,0,27,4,31,9,23,47,4,83,30,0,30,113
07/05/2023,EGE,CO,ANM,WE,Federal Contract Tower,9,41,52,0,102,0,0,33,0,33,9,41,85,0,135,60,0,60,195
07/06/2023,EGE,CO,ANM,WE,Federal Contract Tower,9,44,34,0,87,0,0,41,0,41,9,44,75,0,128,56,0,56,184
07/07/2023,EGE,CO,ANM,WE,Federal Contract Tower,9,43,28,0,80,0,0,21,0,21,9,43,49,0,101,4,0,4,105
07/08/2023,EGE,CO,ANM,WE,Federal Contract Tower,9,45,51,0,105,0,0,28,0,28,9,45,79,0,133,20,0,20,153
07/09/2023,EGE,CO,ANM,WE,Federal Contract Tower,9,38,53,0,100,0,0,32,2,34,9,38,85,2,134,40,0,40,174
07/10/2023,EGE,CO,ANM,WE,Federal Contract Tower,8,29,31,0,68,0,0,21,0,21,8,29,52,0,89,28,0,28,117
07/11/2023,EGE,CO,ANM,WE,Federal Contract Tower,9,29,20,0,58,0,0,22,23,45,9,29,42,23,103,58,36,94,197
07/12/2023,EGE,CO,ANM,WE,Federal Contract Tower,9,42,35,0,86,0,0,38,22,60,9,42,73,22,146,90,22,112,258
07/13/2023,EGE,CO,ANM,WE,Federal Contract Tower,8,32,29,1,70,0,0,39,20,59,8,32,68,21,129,40,6,46,175
07/14/2023,EGE,CO,ANM,WE,Federal Contract Tower,7,47,26,2,82,0,0,26,24,50,7,47,52,26,132,68,2,70,202
07/15/2023,EGE,CO,ANM,WE,Federal Contract Tower,9,35,44,0,88,0,0,21,9,30,9,35,65,9,118,64,4,68,186
07/16/2023,EGE,CO,ANM,WE,Federal Contract Tower,9,61,50,0,120,0,0,51,2,53,9,61,101,2,173,104,0,104,277
07/17/2023,EGE,CO,ANM,WE,Federal Contract Tower,9,28,44,0,81,0,0,23,0,23,9,28,67,0,104,8,0,8,112
07/18/2023,EGE,CO,ANM,WE,Federal Contract Tower,9,31,32,0,72,0,0,24,28,52,9,31,56,28,124,34,26,60,184
07/19/2023,EGE,CO,ANM,WE,Federal Contract Tower,8,41,40,0,89,0,0,28,23,51,8,41,68,23,140,12,4,16,156
07/20/2023,EGE,CO,ANM,WE,Federal Contract Tower,9,41,55,0,105,0,0,35,21,56,9,41,90,21,161,26,10,36,197
07/21/2023,EGE,CO,ANM,WE,Federal Contract Tower,9,41,39,0,89,0,0,34,14,48,9,41,73,14,137,56,0,56,193
07/22/2023,EGE,CO,ANM,WE,Federal Contract Tower,9,29,36,0,74,0,0,34,2,36,9,29,70,2,110,50,0,50,160
07/23/2023,EGE,CO,ANM,WE,Federal Contract Tower,8,55,64,0,127,0,0,29,1,30,8,55,93,1,157,36,0,36,193
07/24/2023,EGE,CO,ANM,WE,Federal Contract Tower,8,41,34,0,83,0,0,29,0,29,8,41,63,0,112,32,0,32,144
07/25/2023,EGE,CO,ANM,WE,Federal Contract Tower,9,37,34,0,80,0,0,33,23,56,9,37,67,23,136,38,12,50,186
07/26/2023,EGE,CO,ANM,WE,Federal Contract Tower,12,39,41,0,92,0,0,25,18,43,12,39,66,18,135,26,0,26,161
07/27/2023,EGE,CO,ANM,WE,Federal Contract Tower,9,45,42,0,96,0,1,34,12,47,9,46,76,12,143,36,4,40,183
07/28/2023,EGE,CO,ANM,WE,Federal Contract Tower,9,35,40,0,84,0,0,30,12,42,9,35,70,12,126,38,16,54,180
07/29/2023,EGE,CO,ANM,WE,Federal Contract Tower,9,41,35,2,87,0,0,39,9,48,9,41,74,11,135,30,20,50,185
07/30/2023,EGE,CO,ANM,WE,Federal Contract Tower,8,53,65,0,126,0,0,21,0,21,8,53,86,0,147,27,0,27,174
07/31/2023,EGE,CO,ANM,WE,Federal Contract Tower,10,39,46,0,95,0,0,27,0,27,10,39,73,0,122,32,0,32,154
08/01/2023,EGE,CO,ANM,WE,Federal Contract Tower,9,38,46,0,93,0,0,31,23,54,9,38,77,23,147,20,28,48,195
08/02/2023,EGE,CO,ANM,WE,Federal Contract Tower,9,35,26,0,70,0,0,26,22,48,9,35,52,22,118,36,0,36,154
08/03/2023,EGE,CO,ANM,WE,Federal Contract Tower,8,38,36,0,82,0,0,12,14,26,8,38,48,14,108,8,2,10,118
08/04/2023,EGE,CO,ANM,WE,Federal Contract Tower,9,34,47,0,90,0,0,41,19,60,9,34,88,19,150,48,4,52,202
08/05/2023,EGE,CO,ANM,WE,Federal Contract Tower,9,52,40,2,103,0,0,24,2,26,9,52,64,4,129,24,0,24,153
08/06/2023,EGE,CO,ANM,WE,Federal Contract Tower,8,56,65,0,129,0,0,32,1,33,8,56,97,1,162,12,0,12,174
08/07/2023,EGE,CO,ANM,WE,Federal Contract Tower,9,54,42,0,105,0,0,18,0,18,9,54,60,0,123,20,0,20,143
08/08/2023,EGE,CO,ANM,WE,Federal Contract Tower,9,57,40,0,106,0,1,24,22,47,9,58,64,22,153,12,6,18,171
08/09/2023,EGE,CO,ANM,WE,Federal Contract Tower,9,37,33,1,80,0,0,31,20,51,9,37,64,21,131,14,14,28,159
08/10/2023,EGE,CO,ANM,WE,Federal Contract Tower,8,40,50,0,98,0,0,35,14,49,8,40,85,14,147,28,2,30,177
08/11/2023,EGE,CO,ANM,WE,Federal Contract Tower,9,48,50,0,107,0,0,45,10,55,9,48,95,10,162,40,8,48,210
08/12/2023,EGE,CO,ANM,WE,Federal Contract Tower,8,26,32,0,66,0,0,27,1,28,8,26,59,1,94,34,0,34,128
08/13/2023,EGE,CO,ANM,WE,Federal Contract Tower,9,45,70,0,124,0,0,38,0,38,9,45,108,0,162,20,0,20,182
08/14/2023,EGE,CO,ANM,WE,Federal Contract Tower,9,43,31,0,83,0,0,37,0,37,9,43,68,0,120,66,0,66,186
08/15/2023,EGE,CO,ANM,WE,Federal Contract Tower,8,24,31,0,63,0,0,27,8,35,8,24,58,8,98,20,15,35,133
08/16/2023,EGE,CO,ANM,WE,Federal Contract Tower,9,37,31,0,77,0,0,30,6,36,9,37,61,6,113,42,0,42,155
08/17/2023,EGE,CO,ANM,WE,Federal Contract Tower,8,39,36,0,83,0,0,42,6,48,8,39,78,6,131,74,2,76,207
08/18/2023,EGE,CO,ANM,WE,Federal Contract Tower,9,46,29,0,84,0,0,22,7,29,9,46,51,7,113,66,2,68,181
08/19/2023,EGE,CO,ANM,WE,Federal Contract Tower,11,30,26,0,67,0,0,28,1,29,11,30,54,1,96,50,30,80,176
08/20/2023,EGE,CO,ANM,WE,Federal Contract Tower,10,32,58,0,100,0,0,25,2,27,10,32,83,2,127,56,0,56,183
08/21/2023,EGE,CO,ANM,WE,Federal Contract Tower,9,26,26,0,61,0,1,30,1,32,9,27,56,1,93,42,0,42,135
08/22/2023,EGE,CO,ANM,WE,Federal Contract Tower,9,31,30,0,70,0,0,29,13,42,9,31,59,13,112,88,0,88,200
08/23/2023,EGE,CO,ANM,WE,Federal Contract Tower,9,34,31,0,74,0,6,37,20,63,9,40,68,20,137,46,4,50,187
08/24/2023,EGE,CO,ANM,WE,Federal Contract Tower,8,38,47,0,93,0,0,29,14,43,8,38,76,14,136,44,0,44,180
08/25/2023,EGE,CO,ANM,WE,Federal Contract Tower,9,32,23,0,64,0,1,20,8,29,9,33,43,8,93,0,0,0,93
08/26/2023,EGE,CO,ANM,WE,Federal Contract Tower,9,35,20,0,64,0,0,14,0,14,9,35,34,0,78,90,0,90,168
08/27/2023,EGE,CO,ANM,WE,Federal Contract Tower,9,43,52,0,104,0,0,26,2,28,9,43,78,2,132,88,0,88,220
08/28/2023,EGE,CO,ANM,WE,Federal Contract Tower,9,31,30,0,70,0,0,18,0,18,9,31,48,0,88,20,0,20,108
08/29/2023,EGE,CO,ANM,WE,Federal Contract Tower,9,23,39,0,71,0,0,33,26,59,9,23,72,26,130,38,24,62,192
08/30/2023,EGE,CO,ANM,WE,Federal Contract Tower,9,36,23,0,68,0,0,51,18,69,9,36,74,18,137,40,6,46,183
08/31/2023,EGE,CO,ANM,WE,Federal Contract Tower,9,39,35,0,83,0,0,35,8,43,9,39,70,8,126,20,10,30,156
01/01/2020,EGE,CO,ANM,WE,Federal Contract Tower,22,57,48,0,127,0,0,0,0,0,22,57,48,0,127,0,0,0,127
01/02/2020,EGE,CO,ANM,WE,Federal Contract Tower,36,71,91,0,198,0,0,4,0,4,36,71,95,0,202,0,0,0,202
01/03/2020,EGE,CO,ANM,WE,Federal Contract Tower,38,118,84,0,240,0,0,10,0,10,38,118,94,0,250,0,0,0,250
01/04/2020,EGE,CO,ANM,WE,Federal Contract Tower,42,149,84,0,275,0,2,30,2,34,42,151,114,2,309,4,0,4,313
01/05/2020,EGE,CO,ANM,WE,Federal Contract Tower,37,107,81,0,225,0,0,15,0,15,37,107,96,0,240,4,0,4,244
01/06/2020,EGE,CO,ANM,WE,Federal Contract Tower,32,69,47,0,148,0,0,14,0,14,32,69,61,0,162,0,0,0,162
01/07/2020,EGE,CO,ANM,WE,Federal Contract Tower,27,31,32,0,90,0,0,32,26,58,27,31,64,26,148,20,14,34,182
01/08/2020,EGE,CO,ANM,WE,Federal Contract Tower,27,25,25,0,77,0,0,21,20,41,27,25,46,20,118,32,24,56,174
01/09/2020,EGE,CO,ANM,WE,Federal Contract Tower,25,19,34,0,78,0,0,12,24,36,25,19,46,24,114,6,10,16,130
01/10/2020,EGE,CO,ANM,WE,Federal Contract Tower,25,27,40,0,92,0,0,14,19,33,25,27,54,19,125,30,16,46,171
01/11/2020,EGE,CO,ANM,WE,Federal Contract Tower,25,22,27,0,74,0,0,2,1,3,25,22,29,1,77,0,0,0,77
01/12/2020,EGE,CO,ANM,WE,Federal Contract Tower,28,44,47,0,119,0,0,2,1,3,28,44,49,1,122,0,0,0,122
01/13/2020,EGE,CO,ANM,WE,Federal Contract Tower,24,21,10,0,55,0,0,0,0,0,24,21,10,0,55,0,0,0,55
01/14/2020,EGE,CO,ANM,WE,Federal Contract Tower,24,17,11,0,52,0,2,13,20,35,24,19,24,20,87,10,34,44,131
01/15/2020,EGE,CO,ANM,WE,Federal Contract Tower,26,22,11,0,59,0,0,30,25,55,26,22,41,25,114,30,12,42,156
01/16/2020,EGE,CO,ANM,WE,Federal Contract Tower,26,38,41,0,105,0,0,18,17,35,26,38,59,17,140,10,10,20,160
01/17/2020,EGE,CO,ANM,WE,Federal Contract Tower,18,32,25,0,75,0,0,0,0,0,18,32,25,0,75,0,0,0,75
01/18/2020,EGE,CO,ANM,WE,Federal Contract Tower,34,38,27,6,105,0,0,5,2,7,34,38,32,8,112,8,8,16,128
01/19/2020,EGE,CO,ANM,WE,Federal Contract Tower,27,24,32,0,83,0,0,17,0,17,27,24,49,0,100,8,0,8,108
01/20/2020,EGE,CO,ANM,WE,Federal Contract Tower,26,63,47,0,136,0,0,20,4,24,26,63,67,4,160,0,6,6,166
01/21/2020,EGE,CO,ANM,WE,Federal Contract Tower,24,15,33,0,72,0,0,1,0,1,24,15,34,0,73,0,0,0,73
01/22/2020,EGE,CO,ANM,WE,Federal Contract Tower,26,26,30,0,82,0,0,8,4,12,26,26,38,4,94,2,6,8,102
01/23/2020,EGE,CO,ANM,WE,Federal Contract Tower,26,45,37,0,108,0,0,8,3,11,26,45,45,3,119,48,8,56,175
01/24/2020,EGE,CO,ANM,WE,Federal Contract Tower,26,27,20,0,73,0,0,17,0,17,26,27,37,0,90,0,0,0,90
01/25/2020,EGE,CO,ANM,WE,Federal Contract Tower,31,45,31,2,109,0,0,13,0,13,31,45,44,2,122,34,4,38,160
01/26/2020,EGE,CO,ANM,WE,Federal Contract Tower,27,47,49,0,123,0,0,11,2,13,27,47,60,2,136,14,0,14,150
01/27/2020,EGE,CO,ANM,WE,Federal Contract Tower,32,15,25,0,72,0,0,0,0,0,32,15,25,0,72,0,0,0,72
01/28/2020,EGE,CO,ANM,WE,Federal Contract Tower,28,15,28,0,71,0,0,28,28,56,28,15,56,28,127,20,10,30,157
01/29/2020,EGE,CO,ANM,WE,Federal Contract Tower,26,18,23,3,70,0,0,9,19,28,26,18,32,22,98,6,20,26,124
01/30/2020,EGE,CO,ANM,WE,Federal Contract Tower,27,31,45,0,103,0,0,10,24,34,27,31,55,24,137,10,20,30,167
01/31/2020,EGE,CO,ANM,WE,Federal Contract Tower,26,31,48,1,106,0,0,32,15,47,26,31,80,16,153,0,6,6,159
02/01/2020,EGE,CO,ANM,WE,Federal Contract Tower,30,26,29,0,85,0,0,17,2,19,30,26,46,2,104,4,0,4,108
02/02/2020,EGE,CO,ANM,WE,Federal Contract Tower,23,38,35,0,96,0,0,17,0,17,23,38,52,0,113,6,1,7,120
02/03/2020,EGE,CO,ANM,WE,Federal Contract Tower,27,33,33,0,93,0,0,5,0,5,27,33,38,0,98,2,0,2,100
02/04/2020,EGE,CO,ANM,WE,Federal Contract Tower,28,16,14,0,58,0,0,8,27,35,28,16,22,27,93,26,30,56,149
02/05/2020,EGE,CO,ANM,WE,Federal Contract Tower,26,19,48,0,93,0,0,23,30,53,26,19,71,30,146,32,28,60,206
02/06/2020,EGE,CO,ANM,WE,Federal Contract Tower,14,29,26,0,69,0,0,0,4,4,14,29,26,4,73,0,2,2,75
02/07/2020,EGE,CO,ANM,WE,Federal Contract Tower,26,31,29,0,86,0,0,0,0,0,26,31,29,0,86,0,0,0,86
02/08/2020,EGE,CO,ANM,WE,Federal Contract Tower,27,58,46,0,131,0,0,9,5,14,27,58,55,5,145,4,0,4,149
02/09/2020,EGE,CO,ANM,WE,Federal Contract Tower,20,34,20,0,74,0,0,0,0,0,20,34,20,0,74,0,0,0,74
02/10/2020,EGE,CO,ANM,WE,Federal Contract Tower,26,31,40,0,97,0,0,7,0,7,26,31,47,0,104,42,0,42,146
02/11/2020,EGE,CO,ANM,WE,Federal Contract Tower,25,25,25,0,75,0,0,16,39,55,25,25,41,39,130,12,64,76,206
02/12/2020,EGE,CO,ANM,WE,Federal Contract Tower,26,36,19,0,81,0,0,6,28,34,26,36,25,28,115,0,22,22,137
02/13/2020,EGE,CO,ANM,WE,Federal Contract Tower,27,77,83,0,187,0,0,22,28,50,27,77,105,28,237,60,16,76,313
02/14/2020,EGE,CO,ANM,WE,Federal Contract Tower,28,70,73,0,171,0,0,26,19,45,28,70,99,19,216,0,0,0,216
02/15/2020,EGE,CO,ANM,WE,Federal Contract Tower,33,71,39,2,145,0,0,15,13,28,33,71,54,15,173,32,20,52,225
02/16/2020,EGE,CO,ANM,WE,Federal Contract Tower,33,41,27,0,101,0,0,0,0,0,33,41,27,0,101,0,0,0,101
02/17/2020,EGE,CO,ANM,WE,Federal Contract Tower,27,99,120,0,246,0,0,6,0,6,27,99,126,0,252,0,0,0,252
02/18/2020,EGE,CO,ANM,WE,Federal Contract Tower,26,61,44,0,131,0,0,20,2,22,26,61,64,2,153,8,2,10,163
02/19/2020,EGE,CO,ANM,WE,Federal Contract Tower,34,46,34,0,114,0,0,23,2,25,34,46,57,2,139,12,0,12,151
02/20/2020,EGE,CO,ANM,WE,Federal Contract Tower,27,47,45,0,119,0,0,21,4,25,27,47,66,4,144,6,16,22,166
02/21/2020,EGE,CO,ANM,WE,Federal Contract Tower,27,33,60,0,120,0,0,26,0,26,27,33,86,0,146,30,0,30,176
02/22/2020,EGE,CO,ANM,WE,Federal Contract Tower,33,59,50,0,142,0,0,18,0,18,33,59,68,0,160,10,0,10,170
02/23/2020,EGE,CO,ANM,WE,Federal Contract Tower,31,51,42,0,124,0,0,0,1,1,31,51,42,1,125,0,0,0,125
02/24/2020,EGE,CO,ANM,WE,Federal Contract Tower,27,39,29,0,95,0,0,2,0,2,27,39,31,0,97,0,0,0,97
02/25/2020,EGE,CO,ANM,WE,Federal Contract Tower,27,32,30,0,89,0,0,2,12,14,27,32,32,12,103,0,12,12,115
02/26/2020,EGE,CO,ANM,WE,Federal Contract Tower,27,20,51,0,98,0,0,15,13,28,27,20,66,13,126,18,8,26,152
02/27/2020,EGE,CO,ANM,WE,Federal Contract Tower,28,27,40,0,95,0,0,9,8,17,28,27,49,8,112,12,0,12,124
02/28/2020,EGE,CO,ANM,WE,Federal Contract Tower,27,46,38,4,115,0,0,29,10,39,27,46,67,14,154,0,6,6,160
02/29/2020,EGE,CO,ANM,WE,Federal Contract Tower,34,64,50,0,148,0,0,20,2,22,34,64,70,2,170,34,0,34,204
03/01/2020,EGE,CO,ANM,WE,Federal Contract Tower,28,49,59,0,136,0,0,12,0,12,28,49,71,0,148,44,0,44,192
03/02/2020,EGE,CO,ANM,WE,Federal Contract Tower,27,41,39,0,107,0,0,9,0,9,27,41,48,0,116,0,0,0,116
03/03/2020,EGE,CO,ANM,WE,Federal Contract Tower,27,24,41,0,92,0,0,27,24,51,27,24,68,24,143,16,8,24,167
03/04/2020,EGE,CO,ANM,WE,Federal Contract Tower,27,29,45,0,101,0,0,29,20,49,27,29,74,20,150,34,6,40,190
03/05/2020,EGE,CO,ANM,WE,Federal Contract Tower,30,30,26,0,86,0,0,32,16,48,30,30,58,16,134,46,2,48,182
03/06/2020,EGE,CO,ANM,WE,Federal Contract Tower,28,46,59,0,133,0,0,37,13,50,28,46,96,13,183,4,4,8,191
03/07/2020,EGE,CO,ANM,WE,Federal Contract Tower,34,59,39,0,132,0,0,31,2,33,34,59,70,2,165,22,0,22,187
03/08/2020,EGE,CO,ANM,WE,Federal Contract Tower,30,64,53,0,147,0,0,3,2,5,30,64,56,2,152,0,2,2,154
03/09/2020,EGE,CO,ANM,WE,Federal Contract Tower,27,35,28,0,90,0,0,17,1,18,27,35,45,1,108,20,0,20,128
03/10/2020,EGE,CO,ANM,WE,Federal Contract Tower,27,28,38,0,93,0,0,7,14,21,27,28,45,14,114,30,12,42,156
03/11/2020,EGE,CO,ANM,WE,Federal Contract Tower,27,36,55,0,118,0,0,9,14,23,27,36,64,14,141,32,14,46,187
03/12/2020,EGE,CO,ANM,WE,Federal Contract Tower,27,47,53,0,127,0,0,10,14,24,27,47,63,14,151,12,12,24,175
03/13/2020,EGE,CO,ANM,WE,Federal Contract Tower,31,51,45,0,127,0,0,2,6,8,31,51,47,6,135,8,0,8,143
03/14/2020,EGE,CO,ANM,WE,Federal Contract Tower,33,55,69,0,157,0,0,22,2,24,33,55,91,2,181,0,0,0,181
03/15/2020,EGE,CO,ANM,WE,Federal Contract Tower,28,82,62,0,172,0,0,11,0,11,28,82,73,0,183,2,0,2,185
03/16/2020,EGE,CO,ANM,WE,Federal Contract Tower,25,49,35,0,109,0,0,13,0,13,25,49,48,0,122,20,0,20,142
03/17/2020,EGE,CO,ANM,WE,Federal Contract Tower,25,25,33,0,83,0,0,20,4,24,25,25,53,4,107,36,0,36,143
03/18/2020,EGE,CO,ANM,WE,Federal Contract Tower,13,11,24,0,48,0,0,10,4,14,13,11,34,4,62,28,16,44,106
03/19/2020,EGE,CO,ANM,WE,Federal Contract Tower,3,3,0,0,6,0,0,2,0,2,3,3,2,0,8,24,0,24,32
03/20/2020,EGE,CO,ANM,WE,Federal Contract Tower,7,13,8,0,28,0,0,21,0,21,7,13,29,0,49,0,0,0,49
03/21/2020,EGE,CO,ANM,WE,Federal Contract Tower,3,12,4,0,19,0,0,8,2,10,3,12,12,2,29,8,0,8,37
03/22/2020,EGE,CO,ANM,WE,Federal Contract Tower,2,5,9,0,16,0,0,8,0,8,2,5,17,0,24,2,0,2,26
03/23/2020,EGE,CO,ANM,WE,Federal Contract Tower,0,2,6,0,8,0,0,5,0,5,0,2,11,0,13,28,0,28,41
03/24/2020,EGE,CO,ANM,WE,Federal Contract Tower,3,0,4,0,7,0,0,0,0,0,3,0,4,0,7,0,0,0,7
03/25/2020,EGE,CO,ANM,WE,Federal Contract Tower,0,3,5,0,8,0,0,10,0,10,0,3,15,0,18,36,0,36,54
03/26/2020,EGE,CO,ANM,WE,Federal Contract Tower,0,0,6,0,6,0,0,0,0,0,0,0,6,0,6,2,0,2,8
03/27/2020,EGE,CO,ANM,WE,Federal Contract Tower,0,3,5,0,8,0,0,0,0,0,0,3,5,0,8,0,0,0,8
03/28/2020,EGE,CO,ANM,WE,Federal Contract Tower,2,3,6,0,11,0,0,4,0,4,2,3,10,0,15,2,0,2,17
03/29/2020,EGE,CO,ANM,WE,Federal Contract Tower,0,5,1,0,6,0,0,8,0,8,0,5,9,0,14,10,0,10,24
03/30/2020,EGE,CO,ANM,WE,Federal Contract Tower,0,2,1,0,3,0,0,4,0,4,0,2,5,0,7,4,0,4,11
03/31/2020,EGE,CO,ANM,WE,Federal Contract Tower,0,3,2,0,5,0,0,10,0,10,0,3,12,0,15,12,0,12,27
04/01/2020,EGE,CO,ANM,WE,Federal Contract Tower,0,1,4,0,5,0,0,6,2,8,0,1,10,2,13,0,0,0,13
04/02/2020,EGE,CO,ANM,WE,Federal Contract Tower,0,6,0,0,6,0,0,0,0,0,0,6,0,0,6,0,0,0,6
04/03/2020,EGE,CO,ANM,WE,Federal Contract Tower,2,0,6,0,8,0,0,11,0,11,2,0,17,0,19,0,0,0,19
04/04/2020,EGE,CO,ANM,WE,Federal Contract Tower,0,0,1,0,1,0,0,6,0,6,0,0,7,0,7,0,0,0,7
04/05/2020,EGE,CO,ANM,WE,Federal Contract Tower,0,2,0,0,2,0,0,23,0,23,0,2,23,0,25,0,0,0,25
04/06/2020,EGE,CO,ANM,WE,Federal Contract Tower,0,3,4,0,7,0,0,8,0,8,0,3,12,0,15,6,0,6,21
04/07/2020,EGE,CO,ANM,WE,Federal Contract Tower,0,2,2,0,4,0,0,14,0,14,0,2,16,0,18,32,0,32,50
04/08/2020,EGE,CO,ANM,WE,Federal Contract Tower,2,5,8,0,15,0,0,24,0,24,2,5,32,0,39,34,0,34,73
04/09/2020,EGE,CO,ANM,WE,Federal Contract Tower,0,1,4,0,5,0,0,24,0,24,0,1,28,0,29,18,0,18,47
04/10/2020,EGE,CO,ANM,WE,Federal Contract Tower,2,0,0,0,2,0,0,9,2,11,2,0,9,2,13,0,8,8,21
04/11/2020,EGE,CO,ANM,WE,Federal Contract Tower,2,2,7,0,11,0,0,26,6,32,2,2,33,6,43,0,0,0,43
04/12/2020,EGE,CO,ANM,WE,Federal Contract Tower,2,3,3,0,8,0,0,1,0,1,2,3,4,0,9,0,0,0,9
04/13/2020,EGE,CO,ANM,WE,Federal Contract Tower,2,2,2,0,6,0,0,6,0,6,2,2,8,0,12,0,0,0,12
04/14/2020,EGE,CO,ANM,WE,Federal Contract Tower,2,2,2,0,6,0,0,11,0,11,2,2,13,0,17,14,0,14,31
04/15/2020,EGE,CO,ANM,WE,Federal Contract Tower,2,2,7,0,11,0,0,7,0,7,2,2,14,0,18,0,0,0,18
04/16/2020,EGE,CO,ANM,WE,Federal Contract Tower,2,0,2,0,4,0,0,0,5,5,2,0,2,5,9,0,0,0,9
04/17/2020,EGE,CO,ANM,WE,Federal Contract Tower,0,2,7,0,9,0,0,15,4,19,0,2,22,4,28,6,6,12,40
04/18/2020,EGE,CO,ANM,WE,Federal Contract Tower,2,0,2,1,5,0,0,6,4,10,2,0,8,5,15,4,26,30,45
04/19/2020,EGE,CO,ANM,WE,Federal Contract Tower,2,0,3,0,5,0,0,4,0,4,2,0,7,0,9,12,0,12,21
04/20/2020,EGE,CO,ANM,WE,Federal Contract Tower,2,1,2,0,5,0,0,3,0,3,2,1,5,0,8,0,0,0,8
04/21/2020,EGE,CO,ANM,WE,Federal Contract Tower,2,5,3,0,10,0,0,4,2,6,2,5,7,2,16,8,40,48,64
04/22/2020,EGE,CO,ANM,WE,Federal Contract Tower,2,6,11,0,19,0,0,31,4,35,2,6,42,4,54,18,8,26,80
04/23/2020,EGE,CO,ANM,WE,Federal Contract Tower,2,2,0,0,4,0,0,0,0,0,2,2,0,0,4,0,0,0,4
04/24/2020,EGE,CO,ANM,WE,Federal Contract Tower,2,2,14,0,18,0,0,3,0,3,2,2,17,0,21,10,0,10,31
04/25/2020,EGE,CO,ANM,WE,Federal Contract Tower,2,3,6,0,11,0,0,39,0,39,2,3,45,0,50,0,0,0,50
04/26/2020,EGE,CO,ANM,WE,Federal Contract Tower,2,8,5,0,15,0,0,7,2,9,2,8,12,2,24,0,0,0,24
04/27/2020,EGE,CO,ANM,WE,Federal Contract Tower,2,1,7,0,10,0,0,18,6,24,2,1,25,6,34,30,28,58,92
04/28/2020,EGE,CO,ANM,WE,Federal Contract Tower,2,2,12,0,16,0,0,19,2,21,2,2,31,2,37,64,2,66,103
04/29/2020,EGE,CO,ANM,WE,Federal Contract Tower,2,2,8,0,12,0,0,22,1,23,2,2,30,1,35,40,0,40,75
04/30/2020,EGE,CO,ANM,WE,Federal Contract Tower,2,5,4,0,11,0,0,16,0,16,2,5,20,0,27,30,0,30,57
05/01/2020,EGE,CO,ANM,WE,Federal Contract Tower,2,8,11,0,21,0,0,19,2,21,2,8,30,2,42,44,0,44,86
05/02/2020,EGE,CO,ANM,WE,Federal Contract Tower,2,4,6,0,12,0,0,11,2,13,2,4,17,2,25,32,0,32,57
05/03/2020,EGE,CO,ANM,WE,Federal Contract Tower,2,4,6,0,12,0,0,23,6,29,2,4,29,6,41,0,0,0,41
05/04/2020,EGE,CO,ANM,WE,Federal Contract Tower,1,6,4,0,11,0,0,8,0,8,1,6,12,0,19,2,0,2,21
05/05/2020,EGE,CO,ANM,WE,Federal Contract Tower,2,7,8,0,17,0,1,30,2,33,2,8,38,2,50,34,0,34,84
05/06/2020,EGE,CO,ANM,WE,Federal Contract Tower,2,5,10,0,17,0,0,26,4,30,2,5,36,4,47,66,0,66,113
05/07/2020,EGE,CO,ANM,WE,Federal Contract Tower,4,9,10,0,23,0,0,27,2,29,4,9,37,2,52,90,2,92,144
05/08/2020,EGE,CO,ANM,WE,Federal Contract Tower,4,5,10,0,19,0,0,20,4,24,4,5,30,4,43,2,0,2,45
05/09/2020,EGE,CO,ANM,WE,Federal Contract Tower,4,6,7,0,17,0,1,35,4,40,4,7,42,4,57,24,4,28,85
05/10/2020,EGE,CO,ANM,WE,Federal Contract Tower,4,5,3,0,12,0,0,22,0,22,4,5,25,0,34,16,0,16,50
05/11/2020,EGE,CO,ANM,WE,Federal Contract Tower,4,7,5,0,16,0,0,25,17,42,4,7,30,17,58,20,0,20,78
05/12/2020,EGE,CO,ANM,WE,Federal Contract Tower,2,6,4,0,12,0,0,12,0,12,2,6,16,0,24,10,0,10,34
05/13/2020,EGE,CO,ANM,WE,Federal Contract Tower,2,4,6,1,13,0,0,18,2,20,2,4,24,3,33,46,8,54,87
05/14/2020,EGE,CO,ANM,WE,Federal Contract Tower,4,6,7,0,17,0,0,26,3,29,4,6,33,3,46,150,8,158,204
05/15/2020,EGE,CO,ANM,WE,Federal Contract Tower,2,6,11,0,19,0,0,19,2,21,2,6,30,2,40,52,0,52,92
05/16/2020,EGE,CO,ANM,WE,Federal Contract Tower,2,10,10,0,22,0,0,22,0,22,2,10,32,0,44,38,0,38,82
05/17/2020,EGE,CO,ANM,WE,Federal Contract Tower,4,4,16,0,24,0,0,30,2,32,4,4,46,2,56,0,0,0,56
05/18/2020,EGE,CO,ANM,WE,Federal Contract Tower,4,6,6,0,16,0,0,14,4,18,4,6,20,4,34,8,21,29,63
05/19/2020,EGE,CO,ANM,WE,Federal Contract Tower,2,7,6,0,15,0,0,17,2,19,2,7,23,2,34,24,0,24,58
05/20/2020,EGE,CO,ANM,WE,Federal Contract Tower,2,10,16,0,28,0,0,12,5,17,2,10,28,5,45,0,18,18,63
05/21/2020,EGE,CO,ANM,WE,Federal Contract Tower,4,16,11,3,34,0,0,29,1,30,4,16,40,4,64,20,0,20,84
05/22/2020,EGE,CO,ANM,WE,Federal Contract Tower,4,16,18,0,38,0,0,19,2,21,4,16,37,2,59,44,0,44,103
05/23/2020,EGE,CO,ANM,WE,Federal Contract Tower,4,17,13,0,34,0,0,17,1,18,4,17,30,1,52,24,0,24,76
05/24/2020,EGE,CO,ANM,WE,Federal Contract Tower,4,17,8,0,29,0,0,2,0,2,4,17,10,0,31,0,0,0,31
05/25/2020,EGE,CO,ANM,WE,Federal Contract Tower,4,15,11,0,30,0,0,41,4,45,4,15,52,4,75,44,0,44,119
05/26/2020,EGE,CO,ANM,WE,Federal Contract Tower,2,9,19,0,30,0,0,40,4,44,2,9,59,4,74,74,4,78,152
05/27/2020,EGE,CO,ANM,WE,Federal Contract Tower,2,9,8,0,19,0,0,15,0,15,2,9,23,0,34,24,0,24,58
05/28/2020,EGE,CO,ANM,WE,Federal Contract Tower,4,8,2,0,14,0,0,35,6,41,4,8,37,6,55,54,4,58,113
05/29/2020,EGE,CO,ANM,WE,Federal Contract Tower,4,11,14,0,29,0,0,31,1,32,4,11,45,1,61,44,0,44,105
05/30/2020,EGE,CO,ANM,WE,Federal Contract Tower,4,13,13,0,30,0,0,30,0,30,4,13,43,0,60,28,0,28,88
05/31/2020,EGE,CO,ANM,WE,Federal Contract Tower,4,8,16,0,28,0,0,13,0,13,4,8,29,0,41,0,0,0,41
06/01/2020,EGE,CO,ANM,WE,Federal Contract Tower,4,7,26,0,37,0,0,21,0,21,4,7,47,0,58,12,0,12,70
06/02/2020,EGE,CO,ANM,WE,Federal Contract Tower,2,9,20,0,31,0,0,26,12,38,2,9,46,12,69,58,4,62,131
06/03/2020,EGE,CO,ANM,WE,Federal Contract Tower,2,10,16,0,28,0,0,42,14,56,2,10,58,14,84,72,2,74,158
06/04/2020,EGE,CO,ANM,WE,Federal Contract Tower,4,14,22,0,40,0,0,37,14,51,4,14,59,14,91,26,4,30,121
06/05/2020,EGE,CO,ANM,WE,Federal Contract Tower,4,19,27,0,50,0,0,27,6,33,4,19,54,6,83,25,0,25,108
06/06/2020,EGE,CO,ANM,WE,Federal Contract Tower,4,26,17,0,47,0,0,5,6,11,4,26,22,6,58,0,0,0,58
06/07/2020,EGE,CO,ANM,WE,Federal Contract Tower,4,24,24,0,52,0,0,20,3,23,4,24,44,3,75,6,0,6,81
06/08/2020,EGE,CO,ANM,WE,Federal Contract Tower,2,15,24,0,41,0,0,22,0,22,2,15,46,0,63,2,0,2,65
06/09/2020,EGE,CO,ANM,WE,Federal Contract Tower,4,9,22,0,35,0,0,30,10,40,4,9,52,10,75,60,4,64,139
06/10/2020,EGE,CO,ANM,WE,Federal Contract Tower,4,20,18,0,42,0,0,51,16,67,4,20,69,16,109,80,0,80,189
06/11/2020,EGE,CO,ANM,WE,Federal Contract Tower,4,17,27,0,48,0,0,36,15,51,4,17,63,15,99,36,0,36,135
06/12/2020,EGE,CO,ANM,WE,Federal Contract Tower,4,29,27,0,60,0,0,33,13,46,4,29,60,13,106,34,4,38,144
06/13/2020,EGE,CO,ANM,WE,Federal Contract Tower,4,21,34,0,59,0,0,16,0,16,4,21,50,0,75,22,0,22,97
06/14/2020,EGE,CO,ANM,WE,Federal Contract Tower,4,37,37,0,78,0,0,19,3,22,4,37,56,3,100,4,0,4,104
06/15/2020,EGE,CO,ANM,WE,Federal Contract Tower,4,24,17,1,46,0,0,21,0,21,4,24,38,1,67,4,0,4,71
06/16/2020,EGE,CO,ANM,WE,Federal Contract Tower,4,17,28,0,49,0,0,21,12,33,4,17,49,12,82,36,10,46,128
06/17/2020,EGE,CO,ANM,WE,Federal Contract Tower,4,34,15,0,53,0,0,20,13,33,4,34,35,13,86,0,2,2,88
06/18/2020,EGE,CO,ANM,WE,Federal Contract Tower,4,15,37,1,57,0,0,43,9,52,4,15,80,10,109,70,0,70,179
06/19/2020,EGE,CO,ANM,WE,Federal Contract Tower,4,25,38,1,68,0,0,16,9,25,4,25,54,10,93,54,4,58,151
06/20/2020,EGE,CO,ANM,WE,Federal Contract Tower,4,16,18,0,38,0,0,50,0,50,4,16,68,0,88,50,0,50,138
06/21/2020,EGE,CO,ANM,WE,Federal Contract Tower,4,32,14,0,50,0,0,30,1,31,4,32,44,1,81,8,0,8,89
06/22/2020,EGE,CO,ANM,WE,Federal Contract Tower,4,30,35,0,69,0,0,22,0,22,4,30,57,0,91,16,0,16,107
06/23/2020,EGE,CO,ANM,WE,Federal Contract Tower,4,23,29,0,56,0,0,36,17,53,4,23,65,17,109,26,12,38,147
06/24/2020,EGE,CO,ANM,WE,Federal Contract Tower,4,29,28,0,61,0,0,50,17,67,4,29,78,17,128,46,10,56,184
06/25/2020,EGE,CO,ANM,WE,Federal Contract Tower,4,32,36,0,72,0,0,31,20,51,4,32,67,20,123,70,4,74,197
06/26/2020,EGE,CO,ANM,WE,Federal Contract Tower,4,29,37,0,70,0,0,32,13,45,4,29,69,13,115,46,11,57,172
06/27/2020,EGE,CO,ANM,WE,Federal Contract Tower,5,48,46,0,99,0,0,25,0,25,5,48,71,0,124,36,0,36,160
06/28/2020,EGE,CO,ANM,WE,Federal Contract Tower,4,59,35,0,98,0,0,15,0,15,4,59,50,0,113,18,0,18,131
06/29/2020,EGE,CO,ANM,WE,Federal Contract Tower,4,36,42,0,82,0,0,18,0,18,4,36,60,0,100,6,0,6,106
06/30/2020,EGE,CO,ANM,WE,Federal Contract Tower,4,29,44,0,77,0,0,34,0,34,4,29,78,0,111,44,0,44,155
07/01/2020,EGE,CO,ANM,WE,Federal Contract Tower,3,49,65,0,117,0,0,37,6,43,3,49,102,6,160,54,6,60,220
07/02/2020,EGE,CO,ANM,WE,Federal Contract Tower,4,43,53,0,100,0,0,32,0,32,4,43,85,0,132,46,0,46,178
07/03/2020,EGE,CO,ANM,WE,Federal Contract Tower,4,39,60,0,103,0,0,24,0,24,4,39,84,0,127,32,0,32,159
07/04/2020,EGE,CO,ANM,WE,Federal Contract Tower,4,26,20,0,50,0,0,17,1,18,4,26,37,1,68,0,0,0,68
07/05/2020,EGE,CO,ANM,WE,Federal Contract Tower,4,64,65,0,133,0,1,31,1,33,4,65,96,1,166,76,0,76,242
07/06/2020,EGE,CO,ANM,WE,Federal Contract Tower,4,38,69,0,111,0,0,24,1,25,4,38,93,1,136,20,2,22,158
07/07/2020,EGE,CO,ANM,WE,Federal Contract Tower,4,24,47,0,75,0,0,48,17,65,4,24,95,17,140,18,10,28,168
07/08/2020,EGE,CO,ANM,WE,Federal Contract Tower,4,17,48,0,69,0,0,24,16,40,4,17,72,16,109,38,0,38,147
07/09/2020,EGE,CO,ANM,WE,Federal Contract Tower,4,32,28,0,64,0,0,41,18,59,4,32,69,18,123,74,14,88,211
07/10/2020,EGE,CO,ANM,WE,Federal Contract Tower,4,38,41,0,83,0,0,35,5,40,4,38,76,5,123,56,2,58,181
07/11/2020,EGE,CO,ANM,WE,Federal Contract Tower,4,47,34,0,85,0,0,26,2,28,4,47,60,2,113,36,0,36,149
07/12/2020,EGE,CO,ANM,WE,Federal Contract Tower,4,51,56,0,111,0,0,25,0,25,4,51,81,0,136,0,0,0,136
07/13/2020,EGE,CO,ANM,WE,Federal Contract Tower,4,32,37,0,73,0,0,28,0,28,4,32,65,0,101,32,0,32,133
07/14/2020,EGE,CO,ANM,WE,Federal Contract Tower,4,38,25,0,67,0,0,28,13,41,4,38,53,13,108,30,0,30,138
07/15/2020,EGE,CO,ANM,WE,Federal Contract Tower,4,42,35,0,81,0,0,30,16,46,4,42,65,16,127,44,8,52,179
07/16/2020,EGE,CO,ANM,WE,Federal Contract Tower,4,32,30,0,66,0,0,30,16,46,4,32,60,16,112,44,4,48,160
07/17/2020,EGE,CO,ANM,WE,Federal Contract Tower,4,31,42,0,77,0,0,31,8,39,4,31,73,8,116,2,0,2,118
07/18/2020,EGE,CO,ANM,WE,Federal Contract Tower,4,51,52,0,107,0,0,35,1,36,4,51,87,1,143,36,0,36,179
07/19/2020,EGE,CO,ANM,WE,Federal Contract Tower,4,47,55,0,106,0,1,34,1,36,4,48,89,1,142,14,0,14,156
07/20/2020,EGE,CO,ANM,WE,Federal Contract Tower,4,45,55,0,104,0,1,30,2,33,4,46,85,2,137,22,0,22,159
07/21/2020,EGE,CO,ANM,WE,Federal Contract Tower,4,15,28,0,47,0,0,37,10,47,4,15,65,10,94,38,2,40,134
07/22/2020,EGE,CO,ANM,WE,Federal Contract Tower,4,32,53,0,89,0,0,24,13,37,4,32,77,13,126,50,4,54,180
07/23/2020,EGE,CO,ANM,WE,Federal Contract Tower,4,41,48,0,93,0,0,30,8,38,4,41,78,8,131,44,2,46,177
07/24/2020,EGE,CO,ANM,WE,Federal Contract Tower,4,32,45,0,81,0,0,11,3,14,4,32,56,3,95,1,2,3,98
07/25/2020,EGE,CO,ANM,WE,Federal Contract Tower,4,56,42,0,102,0,0,12,0,12,4,56,54,0,114,24,0,24,138
07/26/2020,EGE,CO,ANM,WE,Federal Contract Tower,4,55,71,0,130,0,1,24,1,26,4,56,95,1,156,22,0,22,178
07/27/2020,EGE,CO,ANM,WE,Federal Contract Tower,3,34,28,2,67,0,0,39,0,39,3,34,67,2,106,42,0,42,148
07/28/2020,EGE,CO,ANM,WE,Federal Contract Tower,4,37,43,0,84,0,0,23,12,35,4,37,66,12,119,60,6,66,185
07/29/2020,EGE,CO,ANM,WE,Federal Contract Tower,4,45,40,0,89,0,0,39,13,52,4,45,79,13,141,44,0,44,185
07/30/2020,EGE,CO,ANM,WE,Federal Contract Tower,4,37,61,1,103,0,0,39,12,51,4,37,100,13,154,60,2,62,216
07/31/2020,EGE,CO,ANM,WE,Federal Contract Tower,4,64,62,0,130,0,0,35,14,49,4,64,97,14,179,54,0,54,233
08/01/2020,EGE,CO,ANM,WE,Federal Contract Tower,4,62,56,0,122,0,0,34,4,38,4,62,90,4,160,8,2,10,170
08/02/2020,EGE,CO,ANM,WE,Federal Contract Tower,4,61,68,0,133,0,0,19,0,19,4,61,87,0,152,2,0,2,154
08/03/2020,EGE,CO,ANM,WE,Federal Contract Tower,5,49,41,0,95,0,1,20,6,27,5,50,61,6,122,18,0,18,140
08/04/2020,EGE,CO,ANM,WE,Federal Contract Tower,4,43,43,0,90,0,0,31,22,53,4,43,74,22,143,32,40,72,215
08/05/2020,EGE,CO,ANM,WE,Federal Contract Tower,4,31,53,0,88,0,0,24,27,51,4,31,77,27,139,20,12,32,171
08/06/2020,EGE,CO,ANM,WE,Federal Contract Tower,4,44,47,0,95,0,0,35,20,55,4,44,82,20,150,20,4,24,174
08/07/2020,EGE,CO,ANM,WE,Federal Contract Tower,4,32,62,0,98,0,0,0,1,1,4,32,62,1,99,42,6,48,147
08/08/2020,EGE,CO,ANM,WE,Federal Contract Tower,4,51,55,1,111,0,0,26,4,30,4,51,81,5,141,12,0,12,153
08/09/2020,EGE,CO,ANM,WE,Federal Contract Tower,4,68,64,0,136,0,0,39,6,45,4,68,103,6,181,8,0,8,189
08/10/2020,EGE,CO,ANM,WE,Federal Contract Tower,4,44,43,0,91,0,0,44,0,44,4,44,87,0,135,56,0,56,191
08/11/2020,EGE,CO,ANM,WE,Federal Contract Tower,4,26,33,0,63,0,0,28,24,52,4,26,61,24,115,4,20,24,139
08/12/2020,EGE,CO,ANM,WE,Federal Contract Tower,5,52,49,0,106,0,0,64,25,89,5,52,113,25,195,14,10,24,219
08/13/2020,EGE,CO,ANM,WE,Federal Contract Tower,4,38,52,0,94,0,0,72,17,89,4,38,124,17,183,42,14,56,239
08/14/2020,EGE,CO,ANM,WE,Federal Contract Tower,4,38,43,2,87,0,0,60,14,74,4,38,103,16,161,34,0,34,195
08/15/2020,EGE,CO,ANM,WE,Federal Contract Tower,6,58,43,0,107,0,1,52,3,56,6,59,95,3,163,18,22,40,203
08/16/2020,EGE,CO,ANM,WE,Federal Contract Tower,5,56,43,0,104,0,1,51,0,52,5,57,94,0,156,12,0,12,168
08/17/2020,EGE,CO,ANM,WE,Federal Contract Tower,4,35,50,0,89,0,0,49,0,49,4,35,99,0,138,0,0,0,138
08/18/2020,EGE,CO,ANM,WE,Federal Contract Tower,4,42,31,0,77,0,0,63,14,77,4,42,94,14,154,10,2,12,166
08/19/2020,EGE,CO,ANM,WE,Federal Contract Tower,4,36,40,0,80,0,0,40,9,49,4,36,80,9,129,12,0,12,141
08/20/2020,EGE,CO,ANM,WE,Federal Contract Tower,4,32,45,0,81,0,0,39,19,58,4,32,84,19,139,32,2,34,173
08/21/2020,EGE,CO,ANM,WE,Federal Contract Tower,4,36,44,0,84,0,0,39,13,52,4,36,83,13,136,16,0,16,152
08/22/2020,EGE,CO,ANM,WE,Federal Contract Tower,5,34,37,2,78,0,0,33,5,38,5,34,70,7,116,22,0,22,138
08/23/2020,EGE,CO,ANM,WE,Federal Contract Tower,5,43,55,0,103,0,0,34,7,41,5,43,89,7,144,10,0,10,154
08/24/2020,EGE,CO,ANM,WE,Federal Contract Tower,8,29,34,0,71,0,0,28,2,30,8,29,62,2,101,44,0,44,145
08/25/2020,EGE,CO,ANM,WE,Federal Contract Tower,4,19,29,1,53,0,0,39,18,57,4,19,68,19,110,32,14,46,156
08/26/2020,EGE,CO,ANM,WE,Federal Contract Tower,4,27,43,1,75,0,0,31,14,45,4,27,74,15,120,22,8,30,150
08/27/2020,EGE,CO,ANM,WE,Federal Contract Tower,4,24,48,0,76,0,0,36,15,51,4,24,84,15,127,22,6,28,155
08/28/2020,EGE,CO,ANM,WE,Federal Contract Tower,4,39,33,0,76,0,0,35,8,43,4,39,68,8,119,64,0,64,183
08/29/2020,EGE,CO,ANM,WE,Federal Contract Tower,6,46,51,2,105,0,0,22,0,22,6,46,73,2,127,34,0,34,161
08/30/2020,EGE,CO,ANM,WE,Federal Contract Tower,7,47,61,0,115,0,0,43,1,44,7,47,104,1,159,20,0,20,179
08/31/2020,EGE,CO,ANM,WE,Federal Contract Tower,5,43,31,0,79,0,0,15,0,15,5,43,46,0,94,0,0,0,94
09/01/2020,EGE,CO,ANM,WE,Federal Contract Tower,3,25,32,0,60,0,0,30,2,32,3,25,62,2,92,4,0,4,96
09/02/2020,EGE,CO,ANM,WE,Federal Contract Tower,3,33,37,1,74,0,0,26,11,37,3,33,63,12,111,20,0,20,131
09/03/2020,EGE,CO,ANM,WE,Federal Contract Tower,4,46,47,2,99,0,0,24,2,26,4,46,71,4,125,36,32,68,193
09/04/2020,EGE,CO,ANM,WE,Federal Contract Tower,4,26,36,0,66,0,0,16,0,16,4,26,52,0,82,28,0,28,110
09/05/2020,EGE,CO,ANM,WE,Federal Contract Tower,4,22,31,0,57,0,0,30,0,30,4,22,61,0,87,62,0,62,149
09/06/2020,EGE,CO,ANM,WE,Federal Contract Tower,4,36,30,0,70,0,0,20,0,20,4,36,50,0,90,20,0,20,110
09/07/2020,EGE,CO,ANM,WE,Federal Contract Tower,4,61,77,0,142,0,0,23,0,23,4,61,100,0,165,4,0,4,169
09/08/2020,EGE,CO,ANM,WE,Federal Contract Tower,4,44,22,0,70,0,0,0,8,8,4,44,22,8,78,0,12,12,90
09/09/2020,EGE,CO,ANM,WE,Federal Contract Tower,4,43,33,0,80,0,0,21,13,34,4,43,54,13,114,60,14,74,188
09/10/2020,EGE,CO,ANM,WE,Federal Contract Tower,4,22,53,0,79,0,0,18,10,28,4,22,71,10,107,48,4,52,159
09/11/2020,EGE,CO,ANM,WE,Federal Contract Tower,4,18,24,0,46,0,0,18,4,22,4,18,42,4,68,28,0,28,96
09/12/2020,EGE,CO,ANM,WE,Federal Contract Tower,4,38,32,0,74,0,0,45,2,47,4,38,77,2,121,74,0,74,195
09/13/2020,EGE,CO,ANM,WE,Federal Contract Tower,4,45,46,0,95,0,0,29,1,30,4,45,75,1,125,16,0,16,141
09/14/2020,EGE,CO,ANM,WE,Federal Contract Tower,4,22,46,0,72,0,0,36,1,37,4,22,82,1,109,32,0,32,141
09/15/2020,EGE,CO,ANM,WE,Federal Contract Tower,4,28,37,4,73,0,0,32,22,54,4,28,69,26,127,30,24,54,181
09/16/2020,EGE,CO,ANM,WE,Federal Contract Tower,4,24,42,0,70,0,0,23,20,43,4,24,65,20,113,14,4,18,131
09/17/2020,EGE,CO,ANM,WE,Federal Contract Tower,4,34,53,0,91,0,2,19,16,37,4,36,72,16,128,18,2,20,148
09/18/2020,EGE,CO,ANM,WE,Federal Contract Tower,4,34,48,0,86,0,0,29,12,41,4,34,77,12,127,18,6,24,151
09/19/2020,EGE,CO,ANM,WE,Federal Contract Tower,4,23,23,0,50,0,0,31,1,32,4,23,54,1,82,42,2,44,126
09/20/2020,EGE,CO,ANM,WE,Federal Contract Tower,4,60,48,0,112,0,0,20,1,21,4,60,68,1,133,6,0,6,139
09/21/2020,EGE,CO,ANM,WE,Federal Contract Tower,4,14,34,2,54,0,0,20,0,20,4,14,54,2,74,2,0,2,76
09/22/2020,EGE,CO,ANM,WE,Federal Contract Tower,4,23,24,0,51,0,0,32,14,46,4,23,56,14,97,24,10,34,131
09/23/2020,EGE,CO,ANM,WE,Federal Contract Tower,4,31,29,2,66,0,0,33,12,45,4,31,62,14,111,72,4,76,187
09/24/2020,EGE,CO,ANM,WE,Federal Contract Tower,4,41,36,0,81,0,0,32,15,47,4,41,68,15,128,72,2,74,202
09/25/2020,EGE,CO,ANM,WE,Federal Contract Tower,4,34,37,0,75,0,0,34,10,44,4,34,71,10,119,30,14,44,163
09/26/2020,EGE,CO,ANM,WE,Federal Contract Tower,4,28,27,4,63,0,0,27,2,29,4,28,54,6,92,20,0,20,112
09/27/2020,EGE,CO,ANM,WE,Federal Contract Tower,4,45,53,0,102,0,0,22,3,25,4,45,75,3,127,4,0,4,131
09/28/2020,EGE,CO,ANM,WE,Federal Contract Tower,4,20,44,0,68,0,0,31,1,32,4,20,75,1,100,12,0,12,112
09/29/2020,EGE,CO,ANM,WE,Federal Contract Tower,4,35,33,0,72,0,0,44,0,44,4,35,77,0,116,30,0,30,146
09/30/2020,EGE,CO,ANM,WE,Federal Contract Tower,4,33,45,3,85,0,0,40,1,41,4,33,85,4,126,60,0,60,186
10/01/2020,EGE,CO,ANM,WE,Federal Contract Tower,4,33,29,0,66,0,2,62,5,69,4,35,91,5,135,58,8,66,201
10/02/2020,EGE,CO,ANM,WE,Federal Contract Tower,4,32,27,0,63,0,0,46,0,46,4,32,73,0,109,35,0,35,144
10/03/2020,EGE,CO,ANM,WE,Federal Contract Tower,4,30,25,3,62,0,0,40,2,42,4,30,65,5,104,32,6,38,142
10/04/2020,EGE,CO,ANM,WE,Federal Contract Tower,4,29,37,0,70,0,0,23,0,23,4,29,60,0,93,14,0,14,107
10/05/2020,EGE,CO,ANM,WE,Federal Contract Tower,4,52,23,0,79,0,0,35,0,35,4,52,58,0,114,10,0,10,124
10/06/2020,EGE,CO,ANM,WE,Federal Contract Tower,4,28,22,0,54,0,0,34,4,38,4,28,56,4,92,16,6,22,114
10/07/2020,EGE,CO,ANM,WE,Federal Contract Tower,2,28,27,0,57,0,0,36,12,48,2,28,63,12,105,96,0,96,201
10/08/2020,EGE,CO,ANM,WE,Federal Contract Tower,2,26,24,0,52,0,0,27,10,37,2,26,51,10,89,28,4,32,121
10/09/2020,EGE,CO,ANM,WE,Federal Contract Tower,4,26,21,0,51,0,0,29,13,42,4,26,50,13,93,28,2,30,123
10/10/2020,EGE,CO,ANM,WE,Federal Contract Tower,4,28,20,0,52,0,0,27,0,27,4,28,47,0,79,50,0,50,129
10/11/2020,EGE,CO,ANM,WE,Federal Contract Tower,4,24,23,0,51,0,0,3,0,3,4,24,26,0,54,0,0,0,54
10/12/2020,EGE,CO,ANM,WE,Federal Contract Tower,3,25,23,0,51,0,0,25,0,25,3,25,48,0,76,60,0,60,136
10/13/2020,EGE,CO,ANM,WE,Federal Contract Tower,2,15,28,0,45,0,0,25,0,25,2,15,53,0,70,16,0,16,86
10/14/2020,EGE,CO,ANM,WE,Federal Contract Tower,2,15,25,0,42,0,0,16,0,16,2,15,41,0,58,30,0,30,88
10/15/2020,EGE,CO,ANM,WE,Federal Contract Tower,2,24,32,0,58,0,0,34,7,41,2,24,66,7,99,102,0,102,201
10/16/2020,EGE,CO,ANM,WE,Federal Contract Tower,4,27,21,0,52,0,0,38,0,38,4,27,59,0,90,66,0,66,156
10/17/2020,EGE,CO,ANM,WE,Federal Contract Tower,4,19,12,2,37,0,0,16,3,19,4,19,28,5,56,88,12,100,156
10/18/2020,EGE,CO,ANM,WE,Federal Contract Tower,4,26,37,0,67,0,0,12,0,12,4,26,49,0,79,48,0,48,127
10/19/2020,EGE,CO,ANM,WE,Federal Contract Tower,4,24,8,0,36,0,0,16,0,16,4,24,24,0,52,24,0,24,76
10/20/2020,EGE,CO,ANM,WE,Federal Contract Tower,2,12,8,0,22,0,0,26,13,39,2,12,34,13,61,98,2,100,161
10/21/2020,EGE,CO,ANM,WE,Federal Contract Tower,2,10,11,0,23,0,0,34,14,48,2,10,45,14,71,84,18,102,173
10/22/2020,EGE,CO,ANM,WE,Federal Contract Tower,2,20,15,0,37,0,0,30,14,44,2,20,45,14,81,60,14,74,155
10/23/2020,EGE,CO,ANM,WE,Federal Contract Tower,4,22,18,0,44,0,0,37,6,43,4,22,55,6,87,98,0,98,185
10/24/2020,EGE,CO,ANM,WE,Federal Contract Tower,4,20,22,0,46,0,0,19,2,21,4,20,41,2,67,24,0,24,91
10/25/2020,EGE,CO,ANM,WE,Federal Contract Tower,3,14,8,0,25,0,0,0,0,0,3,14,8,0,25,0,0,0,25
10/26/2020,EGE,CO,ANM,WE,Federal Contract Tower,5,12,10,0,27,0,0,0,0,0,5,12,10,0,27,0,0,0,27
10/27/2020,EGE,CO,ANM,WE,Federal Contract Tower,2,16,16,0,34,0,0,16,1,17,2,16,32,1,51,76,0,76,127
10/28/2020,EGE,CO,ANM,WE,Federal Contract Tower,2,15,13,0,30,0,0,28,2,30,2,15,41,2,60,136,0,136,196
10/29/2020,EGE,CO,ANM,WE,Federal Contract Tower,2,3,23,0,28,0,0,25,2,27,2,3,48,2,55,50,0,50,105
10/30/2020,EGE,CO,ANM,WE,Federal Contract Tower,4,20,7,0,31,0,0,22,0,22,4,20,29,0,53,84,0,84,137
10/31/2020,EGE,CO,ANM,WE,Federal Contract Tower,4,6,8,0,18,0,0,29,0,29,4,6,37,0,47,62,0,62,109
11/01/2020,EGE,CO,ANM,WE,Federal Contract Tower,3,16,14,0,33,0,0,30,0,30,3,16,44,0,63,36,0,36,99
11/02/2020,EGE,CO,ANM,WE,Federal Contract Tower,4,14,16,0,34,0,0,35,1,36,4,14,51,1,70,86,0,86,156
11/03/2020,EGE,CO,ANM,WE,Federal Contract Tower,2,10,15,2,29,0,0,16,0,16,2,10,31,2,45,0,0,0,45
11/04/2020,EGE,CO,ANM,WE,Federal Contract Tower,4,9,13,0,26,0,0,28,6,34,4,9,41,6,60,20,0,20,80
11/05/2020,EGE,CO,ANM,WE,Federal Contract Tower,4,8,7,0,19,0,0,28,2,30,4,8,35,2,49,36,4,40,89
11/06/2020,EGE,CO,ANM,WE,Federal Contract Tower,4,12,15,0,31,0,0,25,4,29,4,12,40,4,60,57,0,57,117
11/07/2020,EGE,CO,ANM,WE,Federal Contract Tower,4,10,18,0,32,0,0,14,0,14,4,10,32,0,46,42,0,42,88
11/08/2020,EGE,CO,ANM,WE,Federal Contract Tower,4,18,15,0,37,0,0,3,0,3,4,18,18,0,40,40,0,40,80
11/09/2020,EGE,CO,ANM,WE,Federal Contract Tower,4,14,7,0,25,0,0,3,0,3,4,14,10,0,28,26,0,26,54
11/10/2020,EGE,CO,ANM,WE,Federal Contract Tower,4,16,16,0,36,0,0,3,6,9,4,16,19,6,45,24,44,68,113
11/11/2020,EGE,CO,ANM,WE,Federal Contract Tower,4,11,11,0,26,0,0,19,2,21,4,11,30,2,47,80,22,102,149
11/12/2020,EGE,CO,ANM,WE,Federal Contract Tower,4,16,17,0,37,0,0,22,5,27,4,16,39,5,64,42,48,90,154
11/13/2020,EGE,CO,ANM,WE,Federal Contract Tower,4,15,31,10,60,0,0,32,13,45,4,15,63,23,105,42,28,70,175
11/14/2020,EGE,CO,ANM,WE,Federal Contract Tower,4,8,7,0,19,0,0,1,0,1,4,8,8,0,20,0,0,0,20
11/15/2020,EGE,CO,ANM,WE,Federal Contract Tower,4,12,14,0,30,0,0,6,0,6,4,12,20,0,36,8,0,8,44
11/16/2020,EGE,CO,ANM,WE,Federal Contract Tower,3,8,7,0,18,0,0,24,0,24,3,8,31,0,42,24,20,44,86
11/17/2020,EGE,CO,ANM,WE,Federal Contract Tower,4,6,9,0,19,0,0,30,6,36,4,6,39,6,55,120,24,144,199
11/18/2020,EGE,CO,ANM,WE,Federal Contract Tower,4,11,23,0,38,0,0,27,3,30,4,11,50,3,68,90,4,94,162
11/19/2020,EGE,CO,ANM,WE,Federal Contract Tower,6,23,24,0,53,0,0,21,5,26,6,23,45,5,79,62,8,70,149
11/20/2020,EGE,CO,ANM,WE,Federal Contract Tower,8,34,24,1,67,0,0,19,2,21,8,34,43,3,88,16,10,26,114
11/21/2020,EGE,CO,ANM,WE,Federal Contract Tower,8,32,18,0,58,0,0,29,0,29,8,32,47,0,87,42,0,42,129
11/22/2020,EGE,CO,ANM,WE,Federal Contract Tower,8,22,37,0,67,0,0,16,0,16,8,22,53,0,83,8,0,8,91
11/23/2020,EGE,CO,ANM,WE,Federal Contract Tower,11,7,11,0,29,0,0,2,0,2,11,7,13,0,31,28,0,28,59
11/24/2020,EGE,CO,ANM,WE,Federal Contract Tower,8,26,30,0,64,0,0,6,0,6,8,26,36,0,70,26,0,26,96
11/25/2020,EGE,CO,ANM,WE,Federal Contract Tower,8,10,33,0,51,0,0,30,4,34,8,10,63,4,85,14,12,26,111
11/26/2020,EGE,CO,ANM,WE,Federal Contract Tower,3,3,3,0,9,0,0,2,0,2,3,3,5,0,11,0,0,0,11
11/27/2020,EGE,CO,ANM,WE,Federal Contract Tower,8,10,21,0,39,0,0,33,0,33,8,10,54,0,72,32,0,32,104
11/28/2020,EGE,CO,ANM,WE,Federal Contract Tower,10,36,31,0,77,0,0,28,0,28,10,36,59,0,105,36,0,36,141
11/29/2020,EGE,CO,ANM,WE,Federal Contract Tower,10,35,58,0,103,0,0,22,0,22,10,35,80,0,125,8,0,8,133
11/30/2020,EGE,CO,ANM,WE,Federal Contract Tower,7,21,17,2,47,0,0,22,1,23,7,21,39,3,70,6,2,8,78
12/01/2020,EGE,CO,ANM,WE,Federal Contract Tower,7,28,25,0,60,0,0,6,0,6,7,28,31,0,66,20,0,20,86
12/02/2020,EGE,CO,ANM,WE,Federal Contract Tower,5,14,17,0,36,0,0,26,3,29,5,14,43,3,65,88,0,88,153
12/03/2020,EGE,CO,ANM,WE,Federal Contract Tower,7,18,21,0,46,0,0,35,4,39,7,18,56,4,85,50,0,50,135
12/04/2020,EGE,CO,ANM,WE,Federal Contract Tower,9,16,21,0,46,0,0,30,0,30,9,16,51,0,76,48,0,48,124
12/05/2020,EGE,CO,ANM,WE,Federal Contract Tower,6,19,13,0,38,0,0,29,3,32,6,19,42,3,70,42,2,44,114
12/06/2020,EGE,CO,ANM,WE,Federal Contract Tower,10,24,34,0,68,0,0,30,0,30,10,24,64,0,98,42,0,42,140
12/07/2020,EGE,CO,ANM,WE,Federal Contract Tower,9,11,18,1,39,0,0,26,1,27,9,11,44,2,66,40,0,40,106
12/08/2020,EGE,CO,ANM,WE,Federal Contract Tower,5,22,21,0,48,0,0,36,4,40,5,22,57,4,88,46,0,46,134
12/09/2020,EGE,CO,ANM,WE,Federal Contract Tower,5,16,25,2,48,0,0,39,6,45,5,16,64,8,93,60,14,74,167
12/10/2020,EGE,CO,ANM,WE,Federal Contract Tower,7,33,27,0,67,0,0,21,6,27,7,33,48,6,94,40,8,48,142
12/11/2020,EGE,CO,ANM,WE,Federal Contract Tower,8,32,14,0,54,0,0,7,0,7,8,32,21,0,61,52,0,52,113
12/12/2020,EGE,CO,ANM,WE,Federal Contract Tower,1,11,10,0,22,0,0,2,0,2,1,11,12,0,24,12,0,12,36
12/13/2020,EGE,CO,ANM,WE,Federal Contract Tower,9,53,38,0,100,0,0,23,0,23,9,53,61,0,123,0,0,0,123
12/14/2020,EGE,CO,ANM,WE,Federal Contract Tower,3,21,13,0,37,0,0,2,0,2,3,21,15,0,39,0,0,0,39
12/15/2020,EGE,CO,ANM,WE,Federal Contract Tower,5,26,21,1,53,0,0,11,6,17,5,26,32,7,70,62,16,78,148
12/16/2020,EGE,CO,ANM,WE,Federal Contract Tower,6,50,41,0,97,0,0,14,6,20,6,50,55,6,117,40,18,58,175
12/17/2020,EGE,CO,ANM,WE,Federal Contract Tower,30,45,43,0,118,0,0,18,8,26,30,45,61,8,144,16,26,42,186
12/18/2020,EGE,CO,ANM,WE,Federal Contract Tower,34,74,85,0,193,0,0,7,0,7,34,74,92,0,200,16,0,16,216
12/19/2020,EGE,CO,ANM,WE,Federal Contract Tower,40,81,94,0,215,0,0,16,0,16,40,81,110,0,231,0,0,0,231
12/20/2020,EGE,CO,ANM,WE,Federal Contract Tower,34,78,49,0,161,0,0,20,0,20,34,78,69,0,181,0,0,0,181
12/21/2020,EGE,CO,ANM,WE,Federal Contract Tower,36,43,40,0,119,0,0,27,2,29,36,43,67,2,148,18,6,24,172
12/22/2020,EGE,CO,ANM,WE,Federal Contract Tower,35,48,27,2,112,0,0,6,0,6,35,48,33,2,118,0,0,0,118
12/23/2020,EGE,CO,ANM,WE,Federal Contract Tower,33,55,68,2,158,0,0,5,0,5,33,55,73,2,163,0,0,0,163
12/24/2020,EGE,CO,ANM,WE,Federal Contract Tower,23,30,25,1,79,0,0,17,0,17,23,30,42,1,96,4,0,4,100
12/25/2020,EGE,CO,ANM,WE,Federal Contract Tower,20,42,16,0,78,0,0,13,0,13,20,42,29,0,91,2,0,2,93
12/26/2020,EGE,CO,ANM,WE,Federal Contract Tower,41,95,94,0,230,0,0,25,0,25,41,95,119,0,255,2,0,2,257
12/27/2020,EGE,CO,ANM,WE,Federal Contract Tower,36,99,118,0,253,0,0,4,0,4,36,99,122,0,257,0,0,0,257
12/28/2020,EGE,CO,ANM,WE,Federal Contract Tower,18,15,30,0,63,0,0,0,0,0,18,15,30,0,63,0,0,0,63
12/29/2020,EGE,CO,ANM,WE,Federal Contract Tower,35,39,53,0,127,0,0,4,3,7,35,39,57,3,134,20,32,52,186
12/30/2020,EGE,CO,ANM,WE,Federal Contract Tower,32,71,79,2,184,0,0,24,0,24,32,71,103,2,208,4,0,4,212
12/31/2020,EGE,CO,ANM,WE,Federal Contract Tower,23,31,32,0,86,0,0,16,0,16,23,31,48,0,102,0,0,0,102
01/01/2021,EGE,CO,ANM,WE,Federal Contract Tower,30,45,49,4,128,0,0,16,0,16,30,45,65,4,144,20,0,20,164
01/02/2021,EGE,CO,ANM,WE,Federal Contract Tower,39,83,99,0,221,0,0,17,0,17,39,83,116,0,238,0,0,0,238
01/03/2021,EGE,CO,ANM,WE,Federal Contract Tower,35,121,147,0,303,0,0,16,0,16,35,121,163,0,319,4,0,4,323
01/04/2021,EGE,CO,ANM,WE,Federal Contract Tower,34,76,76,0,186,0,0,26,0,26,34,76,102,0,212,0,0,0,212
01/05/2021,EGE,CO,ANM,WE,Federal Contract Tower,26,35,38,0,99,0,0,2,0,2,26,35,40,0,101,0,0,0,101
01/06/2021,EGE,CO,ANM,WE,Federal Contract Tower,27,57,32,0,116,0,0,24,6,30,27,57,56,6,146,0,0,0,146
01/07/2021,EGE,CO,ANM,WE,Federal Contract Tower,28,28,30,0,86,0,0,26,2,28,28,28,56,2,114,74,0,74,188
01/08/2021,EGE,CO,ANM,WE,Federal Contract Tower,28,54,38,0,120,0,0,25,4,29,28,54,63,4,149,16,0,16,165
01/09/2021,EGE,CO,ANM,WE,Federal Contract Tower,33,57,36,0,126,0,0,11,0,11,33,57,47,0,137,0,0,0,137
01/10/2021,EGE,CO,ANM,WE,Federal Contract Tower,28,62,47,0,137,0,0,20,3,23,28,62,67,3,160,22,2,24,184
01/11/2021,EGE,CO,ANM,WE,Federal Contract Tower,28,24,33,0,85,0,0,11,1,12,28,24,44,1,97,10,0,10,107
01/12/2021,EGE,CO,ANM,WE,Federal Contract Tower,27,22,23,0,72,0,0,18,18,36,27,22,41,18,108,4,12,16,124
01/13/2021,EGE,CO,ANM,WE,Federal Contract Tower,29,36,40,0,105,0,0,28,20,48,29,36,68,20,153,30,4,34,187
01/14/2021,EGE,CO,ANM,WE,Federal Contract Tower,28,34,42,0,104,0,0,25,18,43,28,34,67,18,147,18,4,22,169
01/15/2021,EGE,CO,ANM,WE,Federal Contract Tower,30,33,46,2,111,0,0,25,4,29,30,33,71,6,140,32,24,56,196
01/16/2021,EGE,CO,ANM,WE,Federal Contract Tower,33,42,32,0,107,0,0,17,0,17,33,42,49,0,124,20,0,20,144
01/17/2021,EGE,CO,ANM,WE,Federal Contract Tower,30,31,35,0,96,0,0,19,0,19,30,31,54,0,115,22,0,22,137
01/18/2021,EGE,CO,ANM,WE,Federal Contract Tower,28,37,53,0,118,0,0,17,0,17,28,37,70,0,135,82,0,82,217
01/19/2021,EGE,CO,ANM,WE,Federal Contract Tower,27,25,28,0,80,0,0,20,0,20,27,25,48,0,100,36,0,36,136
01/20/2021,EGE,CO,ANM,WE,Federal Contract Tower,27,44,31,0,102,0,0,22,6,28,27,44,53,6,130,14,6,20,150
01/21/2021,EGE,CO,ANM,WE,Federal Contract Tower,27,32,43,0,102,0,0,18,6,24,27,32,61,6,126,54,10,64,190
01/22/2021,EGE,CO,ANM,WE,Federal Contract Tower,30,37,47,0,114,0,0,12,3,15,30,37,59,3,129,32,0,32,161
01/23/2021,EGE,CO,ANM,WE,Federal Contract Tower,35,47,24,0,106,0,0,0,0,0,35,47,24,0,106,0,0,0,106
01/24/2021,EGE,CO,ANM,WE,Federal Contract Tower,30,31,55,0,116,0,0,6,0,6,30,31,61,0,122,28,0,28,150
01/25/2021,EGE,CO,ANM,WE,Federal Contract Tower,30,31,30,0,91,0,0,4,0,4,30,31,34,0,95,26,0,26,121
01/26/2021,EGE,CO,ANM,WE,Federal Contract Tower,26,19,17,0,62,0,0,9,15,24,26,19,26,15,86,20,0,20,106
01/27/2021,EGE,CO,ANM,WE,Federal Contract Tower,28,33,30,0,91,0,0,44,18,62,28,33,74,18,153,2,4,6,159
01/28/2021,EGE,CO,ANM,WE,Federal Contract Tower,28,28,40,0,96,0,0,30,20,50,28,28,70,20,146,12,2,14,160
01/29/2021,EGE,CO,ANM,WE,Federal Contract Tower,33,26,34,1,94,0,0,23,12,35,33,26,57,13,129,36,2,38,167
01/30/2021,EGE,CO,ANM,WE,Federal Contract Tower,32,29,22,0,83,0,0,3,0,3,32,29,25,0,86,76,0,76,162
01/31/2021,EGE,CO,ANM,WE,Federal Contract Tower,30,45,54,0,129,0,0,33,1,34,30,45,87,1,163,12,0,12,175
02/01/2021,EGE,CO,ANM,WE,Federal Contract Tower,25,22,24,0,71,0,0,30,0,30,25,22,54,0,101,38,0,38,139
02/02/2021,EGE,CO,ANM,WE,Federal Contract Tower,24,32,25,0,81,0,0,40,16,56,24,32,65,16,137,14,14,28,165
02/03/2021,EGE,CO,ANM,WE,Federal Contract Tower,26,21,22,0,69,0,0,3,18,21,26,21,25,18,90,14,18,32,122
02/04/2021,EGE,CO,ANM,WE,Federal Contract Tower,29,47,41,0,117,0,0,11,20,31,29,47,52,20,148,52,8,60,208
02/05/2021,EGE,CO,ANM,WE,Federal Contract Tower,31,34,33,0,98,0,0,1,8,9,31,34,34,8,107,14,6,20,127
02/06/2021,EGE,CO,ANM,WE,Federal Contract Tower,35,79,47,0,161,0,0,10,0,10,35,79,57,0,171,24,0,24,195
02/07/2021,EGE,CO,ANM,WE,Federal Contract Tower,30,42,42,0,114,0,0,6,0,6,30,42,48,0,120,30,0,30,150
02/08/2021,EGE,CO,ANM,WE,Federal Contract Tower,27,43,32,0,102,0,0,17,0,17,27,43,49,0,119,26,0,26,145
02/09/2021,EGE,CO,ANM,WE,Federal Contract Tower,28,32,20,0,80,0,0,7,6,13,28,32,27,6,93,40,6,46,139
02/10/2021,EGE,CO,ANM,WE,Federal Contract Tower,26,44,66,0,136,0,0,16,11,27,26,44,82,11,163,56,4,60,223
02/11/2021,EGE,CO,ANM,WE,Federal Contract Tower,37,63,109,0,209,0,0,24,13,37,37,63,133,13,246,6,6,12,258
02/12/2021,EGE,CO,ANM,WE,Federal Contract Tower,29,70,71,0,170,0,0,4,0,4,29,70,75,0,174,40,0,40,214
02/13/2021,EGE,CO,ANM,WE,Federal Contract Tower,35,62,49,0,146,0,0,1,0,1,35,62,50,0,147,26,0,26,173
02/14/2021,EGE,CO,ANM,WE,Federal Contract Tower,25,47,60,0,132,0,0,2,0,2,25,47,62,0,134,0,0,0,134
02/15/2021,EGE,CO,ANM,WE,Federal Contract Tower,27,67,84,0,178,0,0,12,1,13,27,67,96,1,191,16,0,16,207
02/16/2021,EGE,CO,ANM,WE,Federal Contract Tower,25,94,67,0,186,0,0,2,0,2,25,94,69,0,188,28,0,28,216
02/17/2021,EGE,CO,ANM,WE,Federal Contract Tower,27,66,44,0,137,0,0,9,0,9,27,66,53,0,146,6,0,6,152
02/18/2021,EGE,CO,ANM,WE,Federal Contract Tower,26,49,64,0,139,0,0,32,5,37,26,49,96,5,176,66,10,76,252
02/19/2021,EGE,CO,ANM,WE,Federal Contract Tower,29,56,69,0,154,0,0,8,0,8,29,56,77,0,162,0,0,0,162
02/20/2021,EGE,CO,ANM,WE,Federal Contract Tower,38,91,63,0,192,0,0,7,0,7,38,91,70,0,199,8,0,8,207
02/21/2021,EGE,CO,ANM,WE,Federal Contract Tower,33,77,81,0,191,0,0,18,0,18,33,77,99,0,209,12,0,12,221
02/22/2021,EGE,CO,ANM,WE,Federal Contract Tower,32,42,40,0,114,0,0,24,0,24,32,42,64,0,138,8,0,8,146
02/23/2021,EGE,CO,ANM,WE,Federal Contract Tower,28,43,39,0,110,0,0,14,4,18,28,43,53,4,128,18,26,44,172
02/24/2021,EGE,CO,ANM,WE,Federal Contract Tower,30,53,39,0,122,0,0,28,12,40,30,53,67,12,162,12,2,14,176
02/25/2021,EGE,CO,ANM,WE,Federal Contract Tower,30,50,44,2,126,0,0,23,11,34,30,50,67,13,160,18,6,24,184
02/26/2021,EGE,CO,ANM,WE,Federal Contract Tower,33,41,52,0,126,0,0,13,6,19,33,41,65,6,145,20,0,20,165
02/27/2021,EGE,CO,ANM,WE,Federal Contract Tower,39,54,58,0,151,0,0,6,0,6,39,54,64,0,157,0,0,0,157
02/28/2021,EGE,CO,ANM,WE,Federal Contract Tower,32,93,75,0,200,0,0,27,6,33,32,93,102,6,233,2,0,2,235
03/01/2021,EGE,CO,ANM,WE,Federal Contract Tower,32,41,35,0,108,0,0,47,0,47,32,41,82,0,155,88,0,88,243
03/02/2021,EGE,CO,ANM,WE,Federal Contract Tower,32,20,33,0,85,0,0,43,20,63,32,20,76,20,148,96,2,98,246
03/03/2021,EGE,CO,ANM,WE,Federal Contract Tower,29,45,66,0,140,0,0,27,24,51,29,45,93,24,191,56,2,58,249
03/04/2021,EGE,CO,ANM,WE,Federal Contract Tower,27,21,52,0,100,0,0,11,15,26,27,21,63,15,126,60,18,78,204
03/05/2021,EGE,CO,ANM,WE,Federal Contract Tower,29,60,66,0,155,0,0,19,9,28,29,60,85,9,183,6,4,10,193
03/06/2021,EGE,CO,ANM,WE,Federal Contract Tower,37,68,52,0,157,0,0,30,0,30,37,68,82,0,187,13,0,13,200
03/07/2021,EGE,CO,ANM,WE,Federal Contract Tower,32,90,68,0,190,0,0,28,0,28,32,90,96,0,218,20,0,20,238
03/08/2021,EGE,CO,ANM,WE,Federal Contract Tower,32,41,36,0,109,1,0,22,0,23,33,41,58,0,132,44,0,44,176
03/09/2021,EGE,CO,ANM,WE,Federal Contract Tower,27,14,22,0,63,0,0,28,16,44,27,14,50,16,107,64,10,74,181
03/10/2021,EGE,CO,ANM,WE,Federal Contract Tower,27,40,47,0,114,0,0,6,20,26,27,40,53,20,140,26,8,34,174
03/11/2021,EGE,CO,ANM,WE,Federal Contract Tower,31,40,60,0,131,0,0,18,19,37,31,40,78,19,168,40,20,60,228
03/12/2021,EGE,CO,ANM,WE,Federal Contract Tower,29,102,129,0,260,0,0,24,5,29,29,102,153,5,289,52,4,56,345
03/13/2021,EGE,CO,ANM,WE,Federal Contract Tower,25,46,46,0,117,0,0,5,0,5,25,46,51,0,122,0,0,0,122
03/14/2021,EGE,CO,ANM,WE,Federal Contract Tower,20,35,41,0,96,0,0,0,1,1,20,35,41,1,97,5,0,5,102
03/15/2021,EGE,CO,ANM,WE,Federal Contract Tower,26,88,95,0,209,0,0,9,1,10,26,88,104,1,219,10,0,10,229
03/16/2021,EGE,CO,ANM,WE,Federal Contract Tower,26,51,58,0,135,0,0,10,13,23,26,51,68,13,158,68,2,70,228
03/17/2021,EGE,CO,ANM,WE,Federal Contract Tower,29,63,53,1,146,0,0,16,14,30,29,63,69,15,176,16,8,24,200
03/18/2021,EGE,CO,ANM,WE,Federal Contract Tower,31,53,50,0,134,0,0,34,7,41,31,53,84,7,175,34,2,36,211
03/19/2021,EGE,CO,ANM,WE,Federal Contract Tower,31,64,72,0,167,0,0,39,12,51,31,64,111,12,218,30,8,38,256
03/20/2021,EGE,CO,ANM,WE,Federal Contract Tower,37,118,124,0,279,0,0,21,0,21,37,118,145,0,300,2,0,2,302
03/21/2021,EGE,CO,ANM,WE,Federal Contract Tower,32,88,59,0,179,0,0,7,0,7,32,88,66,0,186,0,0,0,186
03/22/2021,EGE,CO,ANM,WE,Federal Contract Tower,31,44,39,0,114,0,0,10,0,10,31,44,49,0,124,48,0,48,172
03/23/2021,EGE,CO,ANM,WE,Federal Contract Tower,27,35,45,0,107,0,0,7,14,21,27,35,52,14,128,82,12,94,222
03/24/2021,EGE,CO,ANM,WE,Federal Contract Tower,27,58,28,0,113,0,0,33,36,69,27,58,61,36,182,78,22,100,282
03/25/2021,EGE,CO,ANM,WE,Federal Contract Tower,31,51,38,0,120,0,0,17,35,52,31,51,55,35,172,108,14,122,294
03/26/2021,EGE,CO,ANM,WE,Federal Contract Tower,31,49,68,0,148,0,0,2,14,16,31,49,70,14,164,0,4,4,168
03/27/2021,EGE,CO,ANM,WE,Federal Contract Tower,36,102,62,0,200,0,0,20,0,20,36,102,82,0,220,24,0,24,244
03/28/2021,EGE,CO,ANM,WE,Federal Contract Tower,24,74,53,0,151,0,0,27,0,27,24,74,80,0,178,38,20,58,236
03/29/2021,EGE,CO,ANM,WE,Federal Contract Tower,21,47,27,0,95,0,1,15,0,16,21,48,42,0,111,70,0,70,181
03/30/2021,EGE,CO,ANM,WE,Federal Contract Tower,21,33,31,0,85,0,0,21,23,44,21,33,52,23,129,80,14,94,223
03/31/2021,EGE,CO,ANM,WE,Federal Contract Tower,21,46,39,0,106,0,0,33,24,57,21,46,72,24,163,56,12,68,231
04/01/2021,EGE,CO,ANM,WE,Federal Contract Tower,21,46,34,0,101,0,0,39,16,55,21,46,73,16,156,54,0,54,210
04/02/2021,EGE,CO,ANM,WE,Federal Contract Tower,16,37,45,0,98,0,0,36,15,51,16,37,81,15,149,54,2,56,205
04/03/2021,EGE,CO,ANM,WE,Federal Contract Tower,21,77,38,0,136,0,0,37,1,38,21,77,75,1,174,40,0,40,214
04/04/2021,EGE,CO,ANM,WE,Federal Contract Tower,15,71,31,0,117,0,2,29,1,32,15,73,60,1,149,0,4,4,153
04/05/2021,EGE,CO,ANM,WE,Federal Contract Tower,17,33,42,0,92,0,0,25,0,25,17,33,67,0,117,76,0,76,193
04/06/2021,EGE,CO,ANM,WE,Federal Contract Tower,7,24,26,4,61,0,0,15,12,27,7,24,41,16,88,90,14,104,192
04/07/2021,EGE,CO,ANM,WE,Federal Contract Tower,7,21,30,0,58,0,0,38,16,54,7,21,68,16,112,124,12,136,248
04/08/2021,EGE,CO,ANM,WE,Federal Contract Tower,7,15,27,0,49,0,0,23,10,33,7,15,50,10,82,114,0,114,196
04/09/2021,EGE,CO,ANM,WE,Federal Contract Tower,7,18,22,0,47,0,0,9,10,19,7,18,31,10,66,32,16,48,114
04/10/2021,EGE,CO,ANM,WE,Federal Contract Tower,7,26,15,0,48,0,1,36,0,37,7,27,51,0,85,110,0,110,195
04/11/2021,EGE,CO,ANM,WE,Federal Contract Tower,7,33,16,0,56,0,1,4,0,5,7,34,20,0,61,0,0,0,61
04/12/2021,EGE,CO,ANM,WE,Federal Contract Tower,5,16,22,0,43,0,0,32,0,32,5,16,54,0,75,92,0,92,167
04/13/2021,EGE,CO,ANM,WE,Federal Contract Tower,5,6,9,0,20,0,0,19,0,19,5,6,28,0,39,78,0,78,117
04/14/2021,EGE,CO,ANM,WE,Federal Contract Tower,7,10,15,0,32,0,0,19,5,24,7,10,34,5,56,78,14,92,148
04/15/2021,EGE,CO,ANM,WE,Federal Contract Tower,5,11,19,0,35,0,0,17,2,19,5,11,36,2,54,110,8,118,172
04/16/2021,EGE,CO,ANM,WE,Federal Contract Tower,5,10,21,0,36,0,0,6,0,6,5,10,27,0,42,78,0,78,120
04/17/2021,EGE,CO,ANM,WE,Federal Contract Tower,5,21,9,3,38,0,0,20,0,20,5,21,29,3,58,52,0,52,110
04/18/2021,EGE,CO,ANM,WE,Federal Contract Tower,5,32,14,2,53,0,0,33,5,38,5,32,47,7,91,54,0,54,145
04/19/2021,EGE,CO,ANM,WE,Federal Contract Tower,4,17,8,0,29,0,0,12,2,14,4,17,20,2,43,4,0,4,47
04/20/2021,EGE,CO,ANM,WE,Federal Contract Tower,5,10,11,0,26,0,0,11,24,35,5,10,22,24,61,44,12,56,117
04/21/2021,EGE,CO,ANM,WE,Federal Contract Tower,5,15,10,0,30,0,0,19,21,40,5,15,29,21,70,26,8,34,104
04/22/2021,EGE,CO,ANM,WE,Federal Contract Tower,5,12,12,0,29,0,0,8,18,26,5,12,20,18,55,56,8,64,119
04/23/2021,EGE,CO,ANM,WE,Federal Contract Tower,5,5,5,0,15,0,0,4,12,16,5,5,9,12,31,6,0,6,37
04/24/2021,EGE,CO,ANM,WE,Federal Contract Tower,5,9,6,5,25,0,0,28,2,30,5,9,34,7,55,24,0,24,79
04/25/2021,EGE,CO,ANM,WE,Federal Contract Tower,5,20,13,0,38,0,1,25,3,29,5,21,38,3,67,18,0,18,85
04/26/2021,EGE,CO,ANM,WE,Federal Contract Tower,5,10,3,0,18,0,0,16,0,16,5,10,19,0,34,24,0,24,58
04/27/2021,EGE,CO,ANM,WE,Federal Contract Tower,5,17,12,0,34,0,0,16,20,36,5,17,28,20,70,36,0,36,106
04/28/2021,EGE,CO,ANM,WE,Federal Contract Tower,5,10,20,0,35,0,0,23,17,40,5,10,43,17,75,82,4,86,161
04/29/2021,EGE,CO,ANM,WE,Federal Contract Tower,5,12,8,0,25,0,0,43,20,63,5,12,51,20,88,58,8,66,154
04/30/2021,EGE,CO,ANM,WE,Federal Contract Tower,5,7,17,0,29,0,0,26,19,45,5,7,43,19,74,32,4,36,110
05/01/2021,EGE,CO,ANM,WE,Federal Contract Tower,5,13,5,2,25,0,0,38,2,40,5,13,43,4,65,32,0,32,97
05/02/2021,EGE,CO,ANM,WE,Federal Contract Tower,5,11,13,0,29,0,0,4,0,4,5,11,17,0,33,6,0,6,39
05/03/2021,EGE,CO,ANM,WE,Federal Contract Tower,5,13,14,0,32,0,0,8,0,8,5,13,22,0,40,86,0,86,126
05/04/2021,EGE,CO,ANM,WE,Federal Contract Tower,5,11,13,0,29,0,0,9,24,33,5,11,22,24,62,16,30,46,108
05/05/2021,EGE,CO,ANM,WE,Federal Contract Tower,5,13,10,0,28,0,0,28,20,48,5,13,38,20,76,86,0,86,162
05/06/2021,EGE,CO,ANM,WE,Federal Contract Tower,5,4,22,0,31,0,0,51,16,67,5,4,73,16,98,50,0,50,148
05/07/2021,EGE,CO,ANM,WE,Federal Contract Tower,5,12,8,0,25,0,0,31,12,43,5,12,39,12,68,48,6,54,122
05/08/2021,EGE,CO,ANM,WE,Federal Contract Tower,5,12,10,1,28,0,0,14,0,14,5,12,24,1,42,16,0,16,58
05/09/2021,EGE,CO,ANM,WE,Federal Contract Tower,5,9,9,2,25,0,10,4,0,14,5,19,13,2,39,10,0,10,49
05/10/2021,EGE,CO,ANM,WE,Federal Contract Tower,5,3,8,0,16,0,0,6,0,6,5,3,14,0,22,32,0,32,54
05/11/2021,EGE,CO,ANM,WE,Federal Contract Tower,5,9,6,0,20,0,0,6,14,20,5,9,12,14,40,2,4,6,46
05/12/2021,EGE,CO,ANM,WE,Federal Contract Tower,5,22,13,2,42,0,0,23,22,45,5,22,36,24,87,16,8,24,111
05/13/2021,EGE,CO,ANM,WE,Federal Contract Tower,5,15,19,0,39,0,0,34,26,60,5,15,53,26,99,34,6,40,139
05/14/2021,EGE,CO,ANM,WE,Federal Contract Tower,5,17,17,1,40,0,0,26,15,41,5,17,43,16,81,48,6,54,135
05/15/2021,EGE,CO,ANM,WE,Federal Contract Tower,5,12,10,1,28,0,0,24,0,24,5,12,34,1,52,46,0,46,98
05/16/2021,EGE,CO,ANM,WE,Federal Contract Tower,5,14,14,1,34,0,0,30,1,31,5,14,44,2,65,10,0,10,75
05/17/2021,EGE,CO,ANM,WE,Federal Contract Tower,5,13,9,0,27,0,0,19,2,21,5,13,28,2,48,100,4,104,152
05/18/2021,EGE,CO,ANM,WE,Federal Contract Tower,5,4,14,0,23,0,0,12,25,37,5,4,26,25,60,42,10,52,112
05/19/2021,EGE,CO,ANM,WE,Federal Contract Tower,5,21,17,0,43,0,0,28,21,49,5,21,45,21,92,56,2,58,150
05/20/2021,EGE,CO,ANM,WE,Federal Contract Tower,5,21,15,0,41,0,0,28,18,46,5,21,43,18,87,68,4,72,159
05/21/2021,EGE,CO,ANM,WE,Federal Contract Tower,5,10,11,2,28,0,0,16,14,30,5,10,27,16,58,74,0,74,132
05/22/2021,EGE,CO,ANM,WE,Federal Contract Tower,5,18,11,0,34,0,0,13,0,13,5,18,24,0,47,8,0,8,55
05/23/2021,EGE,CO,ANM,WE,Federal Contract Tower,5,21,7,0,33,0,0,14,0,14,5,21,21,0,47,16,0,16,63
05/24/2021,EGE,CO,ANM,WE,Federal Contract Tower,5,12,14,0,31,0,0,24,3,27,5,12,38,3,58,4,4,8,66
05/25/2021,EGE,CO,ANM,WE,Federal Contract Tower,5,24,11,0,40,0,0,36,15,51,5,24,47,15,91,66,18,84,175
05/26/2021,EGE,CO,ANM,WE,Federal Contract Tower,5,8,26,0,39,0,0,32,12,44,5,8,58,12,83,68,2,70,153
05/27/2021,EGE,CO,ANM,WE,Federal Contract Tower,6,24,18,0,48,0,0,23,20,43,6,24,41,20,91,24,12,36,127
05/28/2021,EGE,CO,ANM,WE,Federal Contract Tower,5,19,20,0,44,0,0,33,7,40,5,19,53,7,84,40,2,42,126
05/29/2021,EGE,CO,ANM,WE,Federal Contract Tower,5,7,23,0,35,0,0,35,1,36,5,7,58,1,71,66,0,66,137
05/30/2021,EGE,CO,ANM,WE,Federal Contract Tower,5,20,13,0,38,0,0,15,0,15,5,20,28,0,53,16,0,16,69
05/31/2021,EGE,CO,ANM,WE,Federal Contract Tower,5,11,23,0,39,0,0,7,0,7,5,11,30,0,46,2,0,2,48
06/01/2021,EGE,CO,ANM,WE,Federal Contract Tower,5,12,26,0,43,0,0,32,2,34,5,12,58,2,77,54,2,56,133
06/02/2021,EGE,CO,ANM,WE,Federal Contract Tower,5,15,16,0,36,0,0,29,10,39,5,15,45,10,75,36,0,36,111
06/03/2021,EGE,CO,ANM,WE,Federal Contract Tower,12,10,19,0,41,0,0,42,4,46,12,10,61,4,87,82,4,86,173
06/04/2021,EGE,CO,ANM,WE,Federal Contract Tower,11,21,25,0,57,0,0,42,6,48,11,21,67,6,105,98,0,98,203
06/05/2021,EGE,CO,ANM,WE,Federal Contract Tower,13,21,16,2,52,0,0,30,2,32,13,21,46,4,84,46,20,66,150
06/06/2021,EGE,CO,ANM,WE,Federal Contract Tower,10,26,20,2,58,0,0,23,1,24,10,26,43,3,82,8,0,8,90
06/07/2021,EGE,CO,ANM,WE,Federal Contract Tower,13,30,19,2,64,0,0,32,0,32,13,30,51,2,96,82,0,82,178
06/08/2021,EGE,CO,ANM,WE,Federal Contract Tower,8,18,19,0,45,0,0,39,16,55,8,18,58,16,100,62,14,76,176
06/09/2021,EGE,CO,ANM,WE,Federal Contract Tower,12,23,19,0,54,0,0,33,10,43,12,23,52,10,97,46,4,50,147
06/10/2021,EGE,CO,ANM,WE,Federal Contract Tower,12,32,24,0,68,0,0,0,0,0,12,32,24,0,68,62,0,62,130
06/11/2021,EGE,CO,ANM,WE,Federal Contract Tower,14,32,38,0,84,0,0,41,10,51,14,32,79,10,135,116,0,116,251
06/12/2021,EGE,CO,ANM,WE,Federal Contract Tower,14,21,29,0,64,0,0,35,2,37,14,21,64,2,101,74,10,84,185
06/13/2021,EGE,CO,ANM,WE,Federal Contract Tower,15,33,24,0,72,0,0,26,0,26,15,33,50,0,98,0,0,0,98
06/14/2021,EGE,CO,ANM,WE,Federal Contract Tower,12,34,20,0,66,0,0,28,0,28,12,34,48,0,94,12,0,12,106
06/15/2021,EGE,CO,ANM,WE,Federal Contract Tower,13,13,25,0,51,0,0,23,27,50,13,13,48,27,101,4,0,4,105
06/16/2021,EGE,CO,ANM,WE,Federal Contract Tower,14,39,17,0,70,0,0,19,18,37,14,39,36,18,107,0,0,0,107
06/17/2021,EGE,CO,ANM,WE,Federal Contract Tower,14,40,27,0,81,0,0,21,15,36,14,40,48,15,117,6,4,10,127
06/18/2021,EGE,CO,ANM,WE,Federal Contract Tower,14,44,29,1,88,0,1,30,11,42,14,45,59,12,130,42,0,42,172
06/19/2021,EGE,CO,ANM,WE,Federal Contract Tower,15,28,31,0,74,0,0,24,3,27,15,28,55,3,101,12,0,12,113
06/20/2021,EGE,CO,ANM,WE,Federal Contract Tower,14,40,32,0,86,0,0,25,0,25,14,40,57,0,111,2,0,2,113
06/21/2021,EGE,CO,ANM,WE,Federal Contract Tower,14,20,24,0,58,0,0,36,0,36,14,20,60,0,94,46,0,46,140
06/22/2021,EGE,CO,ANM,WE,Federal Contract Tower,13,23,27,0,63,0,1,49,15,65,13,24,76,15,128,48,16,64,192
06/23/2021,EGE,CO,ANM,WE,Federal Contract Tower,13,55,49,2,119,0,0,70,16,86,13,55,119,18,205,54,2,56,261
06/24/2021,EGE,CO,ANM,WE,Federal Contract Tower,14,32,47,0,93,0,0,52,7,59,14,32,99,7,152,61,8,69,221
06/25/2021,EGE,CO,ANM,WE,Federal Contract Tower,16,24,34,0,74,0,0,32,7,39,16,24,66,7,113,78,0,78,191
06/26/2021,EGE,CO,ANM,WE,Federal Contract Tower,15,43,30,0,88,0,0,25,4,29,15,43,55,4,117,113,0,113,230
06/27/2021,EGE,CO,ANM,WE,Federal Contract Tower,15,57,60,0,132,0,0,37,2,39,15,57,97,2,171,36,0,36,207
06/28/2021,EGE,CO,ANM,WE,Federal Contract Tower,13,39,39,0,91,0,0,43,0,43,13,39,82,0,134,48,0,48,182
06/29/2021,EGE,CO,ANM,WE,Federal Contract Tower,13,23,34,1,71,0,0,30,19,49,13,23,64,20,120,74,8,82,202
06/30/2021,EGE,CO,ANM,WE,Federal Contract Tower,13,59,43,0,115,0,1,43,16,60,13,60,86,16,175,102,0,102,277
07/01/2021,EGE,CO,ANM,WE,Federal Contract Tower,13,76,101,0,190,0,0,37,13,50,13,76,138,13,240,106,2,108,348
07/02/2021,EGE,CO,ANM,WE,Federal Contract Tower,13,60,79,0,152,0,0,50,10,60,13,60,129,10,212,32,0,32,244
07/03/2021,EGE,CO,ANM,WE,Federal Contract Tower,14,45,25,0,84,0,0,29,5,34,14,45,54,5,118,20,2,22,140
07/04/2021,EGE,CO,ANM,WE,Federal Contract Tower,13,23,15,0,51,0,0,18,4,22,13,23,33,4,73,0,4,4,77
07/05/2021,EGE,CO,ANM,WE,Federal Contract Tower,13,67,59,0,139,0,0,44,0,44,13,67,103,0,183,24,0,24,207
07/06/2021,EGE,CO,ANM,WE,Federal Contract Tower,13,50,47,0,110,0,0,39,7,46,13,50,86,7,156,32,0,32,188
07/07/2021,EGE,CO,ANM,WE,Federal Contract Tower,13,44,42,0,99,0,0,44,8,52,13,44,86,8,151,46,20,66,217
07/08/2021,EGE,CO,ANM,WE,Federal Contract Tower,14,38,37,0,89,0,0,32,3,35,14,38,69,3,124,28,0,28,152
07/09/2021,EGE,CO,ANM,WE,Federal Contract Tower,14,28,58,0,100,0,0,36,2,38,14,28,94,2,138,38,14,52,190
07/10/2021,EGE,CO,ANM,WE,Federal Contract Tower,15,58,61,0,134,0,0,49,3,52,15,58,110,3,186,28,0,28,214
07/11/2021,EGE,CO,ANM,WE,Federal Contract Tower,14,64,76,0,154,0,0,40,0,40,14,64,116,0,194,40,0,40,234
07/12/2021,EGE,CO,ANM,WE,Federal Contract Tower,14,36,47,2,99,0,0,30,0,30,14,36,77,2,129,32,0,32,161
07/13/2021,EGE,CO,ANM,WE,Federal Contract Tower,13,23,46,0,82,0,0,25,18,43,13,23,71,18,125,16,14,30,155
07/14/2021,EGE,CO,ANM,WE,Federal Contract Tower,13,52,63,0,128,0,0,16,16,32,13,52,79,16,160,12,0,12,172
07/15/2021,EGE,CO,ANM,WE,Federal Contract Tower,15,34,54,0,103,0,0,34,18,52,15,34,88,18,155,12,4,16,171
07/16/2021,EGE,CO,ANM,WE,Federal Contract Tower,15,36,55,0,106,0,0,38,16,54,15,36,93,16,160,44,0,44,204
07/17/2021,EGE,CO,ANM,WE,Federal Contract Tower,14,46,45,0,105,0,0,34,2,36,14,46,79,2,141,48,0,48,189
07/18/2021,EGE,CO,ANM,WE,Federal Contract Tower,14,69,66,0,149,0,0,27,1,28,14,69,93,1,177,41,0,41,218
07/19/2021,EGE,CO,ANM,WE,Federal Contract Tower,14,30,36,0,80,0,0,34,0,34,14,30,70,0,114,82,0,82,196
07/20/2021,EGE,CO,ANM,WE,Federal Contract Tower,12,27,31,0,70,0,0,34,20,54,12,27,65,20,124,50,10,60,184
07/21/2021,EGE,CO,ANM,WE,Federal Contract Tower,12,39,61,0,112,0,0,35,20,55,12,39,96,20,167,40,8,48,215
07/22/2021,EGE,CO,ANM,WE,Federal Contract Tower,15,37,42,0,94,0,0,30,8,38,15,37,72,8,132,14,6,20,152
07/23/2021,EGE,CO,ANM,WE,Federal Contract Tower,14,46,46,0,106,0,0,35,14,49,14,46,81,14,155,10,10,20,175
07/24/2021,EGE,CO,ANM,WE,Federal Contract Tower,12,69,48,0,129,0,0,23,1,24,12,69,71,1,153,44,0,44,197
07/25/2021,EGE,CO,ANM,WE,Federal Contract Tower,12,64,72,0,148,0,0,20,3,23,12,64,92,3,171,22,0,22,193
07/26/2021,EGE,CO,ANM,WE,Federal Contract Tower,14,57,45,0,116,0,0,27,4,31,14,57,72,4,147,48,40,88,235
07/27/2021,EGE,CO,ANM,WE,Federal Contract Tower,13,40,48,0,101,0,0,33,22,55,13,40,81,22,156,40,26,66,222
07/28/2021,EGE,CO,ANM,WE,Federal Contract Tower,13,34,50,0,97,0,0,26,21,47,13,34,76,21,144,34,30,64,208
07/29/2021,EGE,CO,ANM,WE,Federal Contract Tower,15,36,54,0,105,0,0,36,26,62,15,36,90,26,167,22,22,44,211
07/30/2021,EGE,CO,ANM,WE,Federal Contract Tower,19,42,53,0,114,0,0,34,5,39,19,42,87,5,153,82,0,82,235
07/31/2021,EGE,CO,ANM,WE,Federal Contract Tower,15,57,67,0,139,0,1,26,2,29,15,58,93,2,168,30,0,30,198
08/01/2021,EGE,CO,ANM,WE,Federal Contract Tower,13,71,78,0,162,0,0,16,2,18,13,71,94,2,180,4,2,6,186
08/02/2021,EGE,CO,ANM,WE,Federal Contract Tower,12,42,58,1,113,0,0,14,2,16,12,42,72,3,129,70,0,70,199
08/03/2021,EGE,CO,ANM,WE,Federal Contract Tower,13,45,34,0,92,0,0,8,13,21,13,45,42,13,113,18,2,20,133
08/04/2021,EGE,CO,ANM,WE,Federal Contract Tower,11,35,56,0,102,0,0,25,17,42,11,35,81,17,144,40,4,44,188
08/05/2021,EGE,CO,ANM,WE,Federal Contract Tower,14,41,53,0,108,0,0,46,9,55,14,41,99,9,163,74,2,76,239
08/06/2021,EGE,CO,ANM,WE,Federal Contract Tower,14,38,45,0,97,0,0,46,12,58,14,38,91,12,155,64,2,66,221
08/07/2021,EGE,CO,ANM,WE,Federal Contract Tower,14,57,55,0,126,0,0,37,0,37,14,57,92,0,163,40,0,40,203
08/08/2021,EGE,CO,ANM,WE,Federal Contract Tower,14,68,67,0,149,0,0,10,3,13,14,68,77,3,162,36,0,36,198
08/09/2021,EGE,CO,ANM,WE,Federal Contract Tower,14,33,47,0,94,0,0,36,0,36,14,33,83,0,130,22,0,22,152
08/10/2021,EGE,CO,ANM,WE,Federal Contract Tower,13,29,43,0,85,0,0,15,17,32,13,29,58,17,117,0,24,24,141
08/11/2021,EGE,CO,ANM,WE,Federal Contract Tower,11,31,45,0,87,0,0,35,16,51,11,31,80,16,138,40,32,72,210
08/12/2021,EGE,CO,ANM,WE,Federal Contract Tower,14,33,46,1,94,0,0,43,15,58,14,33,89,16,152,54,16,70,222
08/13/2021,EGE,CO,ANM,WE,Federal Contract Tower,14,49,58,0,121,0,0,46,10,56,14,49,104,10,177,68,42,110,287
08/14/2021,EGE,CO,ANM,WE,Federal Contract Tower,12,55,42,0,109,0,0,44,6,50,12,55,86,6,159,28,0,28,187
08/15/2021,EGE,CO,ANM,WE,Federal Contract Tower,12,55,59,0,126,0,0,24,1,25,12,55,83,1,151,18,0,18,169
08/16/2021,EGE,CO,ANM,WE,Federal Contract Tower,14,41,47,0,102,0,0,25,2,27,14,41,72,2,129,8,0,8,137
08/17/2021,EGE,CO,ANM,WE,Federal Contract Tower,7,34,54,1,96,0,0,26,16,42,7,34,80,17,138,22,10,32,170
08/18/2021,EGE,CO,ANM,WE,Federal Contract Tower,9,32,38,0,79,0,0,21,13,34,9,32,59,13,113,24,6,30,143
08/19/2021,EGE,CO,ANM,WE,Federal Contract Tower,10,29,73,2,114,0,0,8,0,8,10,29,81,2,122,0,6,6,128
08/20/2021,EGE,CO,ANM,WE,Federal Contract Tower,10,39,46,0,95,0,0,29,8,37,10,39,75,8,132,32,2,34,166
08/21/2021,EGE,CO,ANM,WE,Federal Contract Tower,10,42,40,0,92,0,0,32,4,36,10,42,72,4,128,58,10,68,196
08/22/2021,EGE,CO,ANM,WE,Federal Contract Tower,10,55,60,0,125,0,0,34,1,35,10,55,94,1,160,36,0,36,196
08/23/2021,EGE,CO,ANM,WE,Federal Contract Tower,10,35,37,0,82,0,0,34,0,34,10,35,71,0,116,40,0,40,156
08/24/2021,EGE,CO,ANM,WE,Federal Contract Tower,7,42,39,0,88,0,0,28,10,38,7,42,67,10,126,22,4,26,152
08/25/2021,EGE,CO,ANM,WE,Federal Contract Tower,8,46,35,0,89,0,0,23,9,32,8,46,58,9,121,6,2,8,129
08/26/2021,EGE,CO,ANM,WE,Federal Contract Tower,10,46,53,0,109,0,0,19,8,27,10,46,72,8,136,6,8,14,150
08/27/2021,EGE,CO,ANM,WE,Federal Contract Tower,10,42,40,1,93,0,0,35,10,45,10,42,75,11,138,30,14,44,182
08/28/2021,EGE,CO,ANM,WE,Federal Contract Tower,10,46,38,0,94,0,0,38,0,38,10,46,76,0,132,36,0,36,168
08/29/2021,EGE,CO,ANM,WE,Federal Contract Tower,10,57,58,0,125,0,1,35,4,40,10,58,93,4,165,28,0,28,193
08/30/2021,EGE,CO,ANM,WE,Federal Contract Tower,10,41,38,0,89,0,0,31,2,33,10,41,69,2,122,28,10,38,160
08/31/2021,EGE,CO,ANM,WE,Federal Contract Tower,7,29,23,1,60,0,0,34,15,49,7,29,57,16,109,46,16,62,171
09/01/2021,EGE,CO,ANM,WE,Federal Contract Tower,9,36,34,0,79,0,0,15,12,27,9,36,49,12,106,24,8,32,138
09/02/2021,EGE,CO,ANM,WE,Federal Contract Tower,10,46,40,0,96,0,0,20,16,36,10,46,60,16,132,48,8,56,188
09/03/2021,EGE,CO,ANM,WE,Federal Contract Tower,8,34,45,0,87,0,0,19,8,27,8,34,64,8,114,20,8,28,142
09/04/2021,EGE,CO,ANM,WE,Federal Contract Tower,8,28,25,0,61,0,0,36,1,37,8,28,61,1,98,34,0,34,132
09/05/2021,EGE,CO,ANM,WE,Federal Contract Tower,6,45,27,0,78,0,0,24,0,24,6,45,51,0,102,28,0,28,130
09/06/2021,EGE,CO,ANM,WE,Federal Contract Tower,10,60,63,0,133,0,0,44,0,44,10,60,107,0,177,58,0,58,235
09/07/2021,EGE,CO,ANM,WE,Federal Contract Tower,6,38,40,0,84,0,0,27,0,27,6,38,67,0,111,38,0,38,149
09/08/2021,EGE,CO,ANM,WE,Federal Contract Tower,7,28,26,0,61,0,0,28,4,32,7,28,54,4,93,40,6,46,139
09/09/2021,EGE,CO,ANM,WE,Federal Contract Tower,7,39,41,0,87,0,0,39,7,46,7,39,80,7,133,36,6,42,175
09/10/2021,EGE,CO,ANM,WE,Federal Contract Tower,7,34,30,0,71,0,0,29,4,33,7,34,59,4,104,12,4,16,120
09/11/2021,EGE,CO,ANM,WE,Federal Contract Tower,7,22,38,0,67,0,0,32,5,37,7,22,70,5,104,54,12,66,170
09/12/2021,EGE,CO,ANM,WE,Federal Contract Tower,7,40,43,1,91,0,0,23,2,25,7,40,66,3,116,14,0,14,130
09/13/2021,EGE,CO,ANM,WE,Federal Contract Tower,7,50,37,0,94,0,0,26,8,34,7,50,63,8,128,58,2,60,188
09/14/2021,EGE,CO,ANM,WE,Federal Contract Tower,7,27,26,2,62,0,0,20,22,42,7,27,46,24,104,34,4,38,142
09/15/2021,EGE,CO,ANM,WE,Federal Contract Tower,7,22,45,0,74,0,1,31,20,52,7,23,76,20,126,72,2,74,200
09/16/2021,EGE,CO,ANM,WE,Federal Contract Tower,7,45,47,0,99,0,0,37,16,53,7,45,84,16,152,12,20,32,184
09/17/2021,EGE,CO,ANM,WE,Federal Contract Tower,7,35,52,0,94,0,0,33,13,46,7,35,85,13,140,36,22,58,198
09/18/2021,EGE,CO,ANM,WE,Federal Contract Tower,7,25,35,1,68,0,0,45,1,46,7,25,80,2,114,36,12,48,162
09/19/2021,EGE,CO,ANM,WE,Federal Contract Tower,7,39,45,0,91,0,0,30,1,31,7,39,75,1,122,48,0,48,170
09/20/2021,EGE,CO,ANM,WE,Federal Contract Tower,7,53,30,0,90,0,0,32,0,32,7,53,62,0,122,30,0,30,152
09/21/2021,EGE,CO,ANM,WE,Federal Contract Tower,7,30,32,0,69,0,0,39,14,53,7,30,71,14,122,66,8,74,196
09/22/2021,EGE,CO,ANM,WE,Federal Contract Tower,7,30,33,1,71,0,0,39,5,44,7,30,72,6,115,46,4,50,165
09/23/2021,EGE,CO,ANM,WE,Federal Contract Tower,7,39,50,2,98,0,0,41,15,56,7,39,91,17,154,42,8,50,204
09/24/2021,EGE,CO,ANM,WE,Federal Contract Tower,7,38,33,1,79,0,0,43,11,54,7,38,76,12,133,78,18,96,229
09/25/2021,EGE,CO,ANM,WE,Federal Contract Tower,7,30,19,0,56,0,0,34,0,34,7,30,53,0,90,56,0,56,146
09/26/2021,EGE,CO,ANM,WE,Federal Contract Tower,7,41,47,4,99,0,1,40,0,41,7,42,87,4,140,8,0,8,148
09/27/2021,EGE,CO,ANM,WE,Federal Contract Tower,7,32,41,0,80,0,0,37,4,41,7,32,78,4,121,44,2,46,167
09/28/2021,EGE,CO,ANM,WE,Federal Contract Tower,7,27,21,0,55,0,0,29,14,43,7,27,50,14,98,100,4,104,202
09/29/2021,EGE,CO,ANM,WE,Federal Contract Tower,7,43,29,0,79,0,0,7,4,11,7,43,36,4,90,28,8,36,126
09/30/2021,EGE,CO,ANM,WE,Federal Contract Tower,7,34,33,0,74,0,0,19,6,25,7,34,52,6,99,6,4,10,109
10/01/2021,EGE,CO,ANM,WE,Federal Contract Tower,7,28,37,0,72,0,1,20,0,21,7,29,57,0,93,48,0,48,141
10/02/2021,EGE,CO,ANM,WE,Federal Contract Tower,7,32,17,0,56,0,0,15,0,15,7,32,32,0,71,34,0,34,105
10/03/2021,EGE,CO,ANM,WE,Federal Contract Tower,7,22,35,0,64,0,0,39,0,39,7,22,74,0,103,0,0,0,103
10/04/2021,EGE,CO,ANM,WE,Federal Contract Tower,7,23,20,0,50,0,0,2,37,39,7,23,22,37,89,66,10,76,165
10/05/2021,EGE,CO,ANM,WE,Federal Contract Tower,5,26,12,0,43,0,2,28,0,30,5,28,40,0,73,68,0,68,141
10/06/2021,EGE,CO,ANM,WE,Federal Contract Tower,5,23,21,0,49,0,0,32,8,40,5,23,53,8,89,110,2,112,201
10/07/2021,EGE,CO,ANM,WE,Federal Contract Tower,5,17,32,0,54,0,0,27,4,31,5,17,59,4,85,38,2,40,125
10/08/2021,EGE,CO,ANM,WE,Federal Contract Tower,5,34,23,3,65,0,0,21,3,24,5,34,44,6,89,64,14,78,167
10/09/2021,EGE,CO,ANM,WE,Federal Contract Tower,5,12,17,0,34,0,0,7,0,7,5,12,24,0,41,42,0,42,83
10/10/2021,EGE,CO,ANM,WE,Federal Contract Tower,5,30,17,0,52,0,0,29,0,29,5,30,46,0,81,48,0,48,129
10/11/2021,EGE,CO,ANM,WE,Federal Contract Tower,5,19,33,0,57,0,0,21,0,21,5,19,54,0,78,16,0,16,94
10/12/2021,EGE,CO,ANM,WE,Federal Contract Tower,3,26,16,0,45,0,0,2,13,15,3,26,18,13,60,16,6,22,82
10/13/2021,EGE,CO,ANM,WE,Federal Contract Tower,3,28,36,0,67,0,0,4,12,16,3,28,40,12,83,0,0,0,83
10/14/2021,EGE,CO,ANM,WE,Federal Contract Tower,5,20,12,0,37,0,0,7,16,23,5,20,19,16,60,28,4,32,92
10/15/2021,EGE,CO,ANM,WE,Federal Contract Tower,5,14,18,0,37,0,0,38,10,48,5,14,56,10,85,38,4,42,127
10/16/2021,EGE,CO,ANM,WE,Federal Contract Tower,5,15,8,0,28,0,0,43,9,52,5,15,51,9,80,50,0,50,130
10/17/2021,EGE,CO,ANM,WE,Federal Contract Tower,5,22,17,0,44,0,0,34,4,38,5,22,51,4,82,6,0,6,88
10/18/2021,EGE,CO,ANM,WE,Federal Contract Tower,5,18,10,0,33,0,1,15,2,18,5,19,25,2,51,18,4,22,73
10/19/2021,EGE,CO,ANM,WE,Federal Contract Tower,3,12,19,6,40,0,0,9,7,16,3,12,28,13,56,54,0,54,110
10/20/2021,EGE,CO,ANM,WE,Federal Contract Tower,3,16,22,2,43,0,0,24,2,26,3,16,46,4,69,74,0,74,143
10/21/2021,EGE,CO,ANM,WE,Federal Contract Tower,4,18,29,2,53,0,0,37,15,52,4,18,66,17,105,46,10,56,161
10/22/2021,EGE,CO,ANM,WE,Federal Contract Tower,2,12,25,0,39,0,0,36,2,38,2,12,61,2,77,90,0,90,167
10/23/2021,EGE,CO,ANM,WE,Federal Contract Tower,5,12,8,0,25,0,0,33,1,34,5,12,41,1,59,68,2,70,129
10/24/2021,EGE,CO,ANM,WE,Federal Contract Tower,5,16,24,0,45,0,0,13,0,13,5,16,37,0,58,28,0,28,86
10/25/2021,EGE,CO,ANM,WE,Federal Contract Tower,5,13,10,2,30,0,0,22,0,22,5,13,32,2,52,34,0,34,86
10/26/2021,EGE,CO,ANM,WE,Federal Contract Tower,3,22,12,0,37,0,0,1,8,9,3,22,13,8,46,0,0,0,46
10/27/2021,EGE,CO,ANM,WE,Federal Contract Tower,3,14,15,0,32,0,0,10,21,31,3,14,25,21,63,50,10,60,123
10/28/2021,EGE,CO,ANM,WE,Federal Contract Tower,5,13,15,0,33,0,0,26,15,41,5,13,41,15,74,106,22,128,202
10/29/2021,EGE,CO,ANM,WE,Federal Contract Tower,5,20,18,1,44,0,0,41,18,59,5,20,59,19,103,48,0,48,151
10/30/2021,EGE,CO,ANM,WE,Federal Contract Tower,5,2,12,0,19,0,0,51,0,51,5,2,63,0,70,26,0,26,96
10/31/2021,EGE,CO,ANM,WE,Federal Contract Tower,6,10,6,0,22,0,0,22,0,22,6,10,28,0,44,22,0,22,66
11/01/2021,EGE,CO,ANM,WE,Federal Contract Tower,5,15,9,0,29,0,0,13,0,13,5,15,22,0,42,36,0,36,78
11/02/2021,EGE,CO,ANM,WE,Federal Contract Tower,5,13,13,0,31,0,0,2,3,5,5,13,15,3,36,10,0,10,46
11/03/2021,EGE,CO,ANM,WE,Federal Contract Tower,5,4,13,0,22,0,0,10,10,20,5,4,23,10,42,34,16,50,92
11/04/2021,EGE,CO,ANM,WE,Federal Contract Tower,5,9,10,0,24,0,0,31,7,38,5,9,41,7,62,56,6,62,124
11/05/2021,EGE,CO,ANM,WE,Federal Contract Tower,5,7,17,0,29,0,0,38,5,43,5,7,55,5,72,54,6,60,132
11/06/2021,EGE,CO,ANM,WE,Federal Contract Tower,5,3,18,0,26,0,0,45,0,45,5,3,63,0,71,38,0,38,109
11/07/2021,EGE,CO,ANM,WE,Federal Contract Tower,5,13,18,0,36,0,0,44,0,44,5,13,62,0,80,34,0,34,114
11/08/2021,EGE,CO,ANM,WE,Federal Contract Tower,5,23,15,0,43,0,0,29,2,31,5,23,44,2,74,46,0,46,120
11/09/2021,EGE,CO,ANM,WE,Federal Contract Tower,5,13,9,0,27,0,0,32,4,36,5,13,41,4,63,76,22,98,161
11/10/2021,EGE,CO,ANM,WE,Federal Contract Tower,4,11,18,0,33,0,0,8,4,12,4,11,26,4,45,16,4,20,65
11/11/2021,EGE,CO,ANM,WE,Federal Contract Tower,6,15,10,0,31,0,0,24,2,26,6,15,34,2,57,40,0,40,97
11/12/2021,EGE,CO,ANM,WE,Federal Contract Tower,5,11,20,0,36,0,0,23,0,23,5,11,43,0,59,56,0,56,115
11/13/2021,EGE,CO,ANM,WE,Federal Contract Tower,5,13,14,1,33,0,0,39,6,45,5,13,53,7,78,104,34,138,216
11/14/2021,EGE,CO,ANM,WE,Federal Contract Tower,5,11,15,0,31,0,0,31,8,39,5,11,46,8,70,48,8,56,126
11/15/2021,EGE,CO,ANM,WE,Federal Contract Tower,5,9,12,0,26,0,0,22,0,22,5,9,34,0,48,16,0,16,64
11/16/2021,EGE,CO,ANM,WE,Federal Contract Tower,5,10,15,0,30,0,0,21,1,22,5,10,36,1,52,30,0,30,82
11/17/2021,EGE,CO,ANM,WE,Federal Contract Tower,5,23,25,0,53,0,0,20,1,21,5,23,45,1,74,34,2,36,110
11/18/2021,EGE,CO,ANM,WE,Federal Contract Tower,5,13,23,0,41,0,0,34,2,36,5,13,57,2,77,8,16,24,101
11/19/2021,EGE,CO,ANM,WE,Federal Contract Tower,7,16,35,0,58,0,0,26,2,28,7,16,61,2,86,36,0,36,122
11/20/2021,EGE,CO,ANM,WE,Federal Contract Tower,7,18,29,0,54,0,0,10,0,10,7,18,39,0,64,24,0,24,88
11/21/2021,EGE,CO,ANM,WE,Federal Contract Tower,8,24,40,0,72,0,0,37,0,37,8,24,77,0,109,32,0,32,141
11/22/2021,EGE,CO,ANM,WE,Federal Contract Tower,7,32,27,2,68,0,0,46,4,50,7,32,73,6,118,48,2,50,168
11/23/2021,EGE,CO,ANM,WE,Federal Contract Tower,7,15,41,0,63,0,0,25,1,26,7,15,66,1,89,6,20,26,115
11/24/2021,EGE,CO,ANM,WE,Federal Contract Tower,10,12,53,0,75,0,0,2,2,4,10,12,55,2,79,0,0,0,79
11/25/2021,EGE,CO,ANM,WE,Federal Contract Tower,3,9,9,0,21,0,0,15,0,15,3,9,24,0,36,8,0,8,44
11/26/2021,EGE,CO,ANM,WE,Federal Contract Tower,6,13,22,0,41,0,0,34,0,34,6,13,56,0,75,12,0,12,87
11/27/2021,EGE,CO,ANM,WE,Federal Contract Tower,7,42,57,0,106,0,0,37,0,37,7,42,94,0,143,14,0,14,157
11/28/2021,EGE,CO,ANM,WE,Federal Contract Tower,7,49,65,0,121,0,1,11,0,12,7,50,76,0,133,2,0,2,135
11/29/2021,EGE,CO,ANM,WE,Federal Contract Tower,9,19,20,0,48,0,0,33,0,33,9,19,53,0,81,18,0,18,99
11/30/2021,EGE,CO,ANM,WE,Federal Contract Tower,7,11,21,0,39,0,0,19,15,34,7,11,40,15,73,48,22,70,143
12/01/2021,EGE,CO,ANM,WE,Federal Contract Tower,5,23,18,0,46,0,0,27,16,43,5,23,45,16,89,64,8,72,161
12/02/2021,EGE,CO,ANM,WE,Federal Contract Tower,5,19,41,0,65,0,0,19,14,33,5,19,60,14,98,18,24,42,140
12/03/2021,EGE,CO,ANM,WE,Federal Contract Tower,5,15,19,0,39,0,0,26,8,34,5,15,45,8,73,34,4,38,111
12/04/2021,EGE,CO,ANM,WE,Federal Contract Tower,5,34,12,0,51,0,0,52,6,58,5,34,64,6,109,26,12,38,147
12/05/2021,EGE,CO,ANM,WE,Federal Contract Tower,5,18,28,0,51,0,0,14,0,14,5,18,42,0,65,0,0,0,65
12/06/2021,EGE,CO,ANM,WE,Federal Contract Tower,5,15,19,0,39,0,0,10,1,11,5,15,29,1,50,18,0,18,68
12/07/2021,EGE,CO,ANM,WE,Federal Contract Tower,5,17,22,0,44,0,0,10,14,24,5,17,32,14,68,52,8,60,128
12/08/2021,EGE,CO,ANM,WE,Federal Contract Tower,5,17,15,0,37,0,0,21,13,34,5,17,36,13,71,60,16,76,147
12/09/2021,EGE,CO,ANM,WE,Federal Contract Tower,3,17,15,0,35,0,0,0,8,8,3,17,15,8,43,0,24,24,67
12/10/2021,EGE,CO,ANM,WE,Federal Contract Tower,4,12,20,0,36,0,0,0,0,0,4,12,20,0,36,0,0,0,36
12/11/2021,EGE,CO,ANM,WE,Federal Contract Tower,5,27,29,0,61,0,1,26,1,28,5,28,55,1,89,30,0,30,119
12/12/2021,EGE,CO,ANM,WE,Federal Contract Tower,5,45,28,0,78,0,0,28,0,28,5,45,56,0,106,0,0,0,106
12/13/2021,EGE,CO,ANM,WE,Federal Contract Tower,5,30,23,0,58,0,0,23,0,23,5,30,46,0,81,24,0,24,105
12/14/2021,EGE,CO,ANM,WE,Federal Contract Tower,5,25,27,0,57,0,0,19,15,34,5,25,46,15,91,10,12,22,113
12/15/2021,EGE,CO,ANM,WE,Federal Contract Tower,5,25,26,0,56,0,0,0,0,0,5,25,26,0,56,0,0,0,56
12/16/2021,EGE,CO,ANM,WE,Federal Contract Tower,31,48,69,3,151,0,0,15,13,28,31,48,84,16,179,26,12,38,217
12/17/2021,EGE,CO,ANM,WE,Federal Contract Tower,34,69,91,0,194,0,0,12,2,14,34,69,103,2,208,32,0,32,240
12/18/2021,EGE,CO,ANM,WE,Federal Contract Tower,40,89,82,0,211,0,0,42,0,42,40,89,124,0,253,6,0,6,259
12/19/2021,EGE,CO,ANM,WE,Federal Contract Tower,40,71,98,0,209,0,0,28,0,28,40,71,126,0,237,4,0,4,241
12/20/2021,EGE,CO,ANM,WE,Federal Contract Tower,33,60,53,0,146,0,0,34,0,34,33,60,87,0,180,10,0,10,190
12/21/2021,EGE,CO,ANM,WE,Federal Contract Tower,35,72,52,0,159,0,0,19,8,27,35,72,71,8,186,6,0,6,192
12/22/2021,EGE,CO,ANM,WE,Federal Contract Tower,35,93,89,0,217,0,0,18,2,20,35,93,107,2,237,0,0,0,237
12/23/2021,EGE,CO,ANM,WE,Federal Contract Tower,35,65,91,0,191,0,0,0,0,0,35,65,91,0,191,0,0,0,191
12/24/2021,EGE,CO,ANM,WE,Federal Contract Tower,7,7,6,0,20,0,0,0,0,0,7,7,6,0,20,0,0,0,20
12/25/2021,EGE,CO,ANM,WE,Federal Contract Tower,38,81,26,0,145,0,0,2,0,2,38,81,28,0,147,0,0,0,147
12/26/2021,EGE,CO,ANM,WE,Federal Contract Tower,17,52,67,0,136,0,0,0,0,0,17,52,67,0,136,0,0,0,136
12/27/2021,EGE,CO,ANM,WE,Federal Contract Tower,23,38,103,0,164,0,0,0,0,0,23,38,103,0,164,0,0,0,164
12/28/2021,EGE,CO,ANM,WE,Federal Contract Tower,23,38,112,0,173,0,0,0,0,0,23,38,112,0,173,0,0,0,173
12/29/2021,EGE,CO,ANM,WE,Federal Contract Tower,20,31,57,0,108,0,0,1,0,1,20,31,58,0,109,0,0,0,109
12/30/2021,EGE,CO,ANM,WE,Federal Contract Tower,30,54,71,0,155,0,0,0,0,0,30,54,71,0,155,0,0,0,155
12/31/2021,EGE,CO,ANM,WE,Federal Contract Tower,10,1,6,0,17,0,0,0,0,0,10,1,6,0,17,0,0,0,17
01/01/2022,EGE,CO,ANM,WE,Federal Contract Tower,20,72,47,0,139,0,0,1,0,1,20,72,48,0,140,0,0,0,140
01/02/2022,EGE,CO,ANM,WE,Federal Contract Tower,32,104,152,0,288,0,0,17,0,17,32,104,169,0,305,12,0,12,317
01/03/2022,EGE,CO,ANM,WE,Federal Contract Tower,32,105,135,0,272,0,0,29,0,29,32,105,164,0,301,22,0,22,323
01/04/2022,EGE,CO,ANM,WE,Federal Contract Tower,29,77,79,0,185,0,0,7,0,7,29,77,86,0,192,8,0,8,200
01/05/2022,EGE,CO,ANM,WE,Federal Contract Tower,17,41,24,0,82,0,0,0,0,0,17,41,24,0,82,0,0,0,82
01/06/2022,EGE,CO,ANM,WE,Federal Contract Tower,23,43,43,0,109,0,0,0,4,4,23,43,43,4,113,0,32,32,145
01/07/2022,EGE,CO,ANM,WE,Federal Contract Tower,29,57,52,0,138,0,0,32,2,34,29,57,84,2,172,80,20,100,272
01/08/2022,EGE,CO,ANM,WE,Federal Contract Tower,26,33,19,0,78,0,0,0,0,0,26,33,19,0,78,0,0,0,78
01/09/2022,EGE,CO,ANM,WE,Federal Contract Tower,27,108,57,0,192,0,0,29,0,29,27,108,86,0,221,8,0,8,229
01/10/2022,EGE,CO,ANM,WE,Federal Contract Tower,28,40,44,0,112,0,0,21,0,21,28,40,65,0,133,23,0,23,156
01/11/2022,EGE,CO,ANM,WE,Federal Contract Tower,28,26,36,0,90,0,0,22,5,27,28,26,58,5,117,16,10,26,143
01/12/2022,EGE,CO,ANM,WE,Federal Contract Tower,29,22,31,0,82,0,0,36,4,40,29,22,67,4,122,44,20,64,186
01/13/2022,EGE,CO,ANM,WE,Federal Contract Tower,29,55,62,2,148,0,0,21,5,26,29,55,83,7,174,50,8,58,232
01/14/2022,EGE,CO,ANM,WE,Federal Contract Tower,29,67,69,0,165,0,0,6,0,6,29,67,75,0,171,36,0,36,207
01/15/2022,EGE,CO,ANM,WE,Federal Contract Tower,31,41,34,0,106,0,0,23,0,23,31,41,57,0,129,15,0,15,144
01/16/2022,EGE,CO,ANM,WE,Federal Contract Tower,29,50,41,0,120,0,0,28,0,28,29,50,69,0,148,0,0,0,148
01/17/2022,EGE,CO,ANM,WE,Federal Contract Tower,29,69,101,0,199,0,0,29,0,29,29,69,130,0,228,6,0,6,234
01/18/2022,EGE,CO,ANM,WE,Federal Contract Tower,30,38,38,0,106,0,0,25,0,25,30,38,63,0,131,8,0,8,139
01/19/2022,EGE,CO,ANM,WE,Federal Contract Tower,29,47,31,0,107,0,0,14,6,20,29,47,45,6,127,40,28,68,195
01/20/2022,EGE,CO,ANM,WE,Federal Contract Tower,27,44,46,0,117,0,0,28,13,41,27,44,74,13,158,56,14,70,228
01/21/2022,EGE,CO,ANM,WE,Federal Contract Tower,29,31,32,0,92,0,0,7,0,7,29,31,39,0,99,46,0,46,145
01/22/2022,EGE,CO,ANM,WE,Federal Contract Tower,30,28,29,1,88,0,0,13,2,15,30,28,42,3,103,0,0,0,103
01/23/2022,EGE,CO,ANM,WE,Federal Contract Tower,29,50,55,0,134,0,0,22,2,24,29,50,77,2,158,28,0,28,186
01/24/2022,EGE,CO,ANM,WE,Federal Contract Tower,27,32,41,0,100,0,0,34,0,34,27,32,75,0,134,22,0,22,156
01/25/2022,EGE,CO,ANM,WE,Federal Contract Tower,31,17,25,0,73,0,0,0,0,0,31,17,25,0,73,0,0,0,73
01/26/2022,EGE,CO,ANM,WE,Federal Contract Tower,29,49,43,0,121,0,0,18,25,43,29,49,61,25,164,14,12,26,190
01/27/2022,EGE,CO,ANM,WE,Federal Contract Tower,38,47,61,0,146,0,0,5,20,25,38,47,66,20,171,16,14,30,201
01/28/2022,EGE,CO,ANM,WE,Federal Contract Tower,28,41,47,0,116,0,0,33,18,51,28,41,80,18,167,66,8,74,241
01/29/2022,EGE,CO,ANM,WE,Federal Contract Tower,28,28,36,0,92,0,0,25,2,27,28,28,61,2,119,22,0,22,141
01/30/2022,EGE,CO,ANM,WE,Federal Contract Tower,28,49,71,0,148,0,0,26,8,34,28,49,97,8,182,8,12,20,202
01/31/2022,EGE,CO,ANM,WE,Federal Contract Tower,28,43,28,0,99,0,0,17,1,18,28,43,45,1,117,66,4,70,187
02/01/2022,EGE,CO,ANM,WE,Federal Contract Tower,29,31,40,2,102,0,0,10,12,22,29,31,50,14,124,42,14,56,180
02/02/2022,EGE,CO,ANM,WE,Federal Contract Tower,28,39,40,0,107,0,0,1,14,15,28,39,41,14,122,0,16,16,138
02/03/2022,EGE,CO,ANM,WE,Federal Contract Tower,26,39,47,2,114,0,0,25,7,32,26,39,72,9,146,14,6,20,166
02/04/2022,EGE,CO,ANM,WE,Federal Contract Tower,23,40,55,2,120,0,0,26,6,32,23,40,81,8,152,22,8,30,182
02/05/2022,EGE,CO,ANM,WE,Federal Contract Tower,23,37,52,2,114,0,0,23,4,27,23,37,75,6,141,58,0,58,199
02/06/2022,EGE,CO,ANM,WE,Federal Contract Tower,28,55,81,0,164,0,0,20,2,22,28,55,101,2,186,14,0,14,200
02/07/2022,EGE,CO,ANM,WE,Federal Contract Tower,27,31,50,0,108,0,1,24,0,25,27,32,74,0,133,40,0,40,173
02/08/2022,EGE,CO,ANM,WE,Federal Contract Tower,29,31,46,0,106,0,0,26,24,50,29,31,72,24,156,34,18,52,208
02/09/2022,EGE,CO,ANM,WE,Federal Contract Tower,28,29,48,0,105,0,0,10,22,32,28,29,58,22,137,34,14,48,185
02/10/2022,EGE,CO,ANM,WE,Federal Contract Tower,29,36,62,0,127,0,0,24,23,47,29,36,86,23,174,54,20,74,248
02/11/2022,EGE,CO,ANM,WE,Federal Contract Tower,29,45,54,0,128,0,0,11,14,25,29,45,65,14,153,8,2,10,163
02/12/2022,EGE,CO,ANM,WE,Federal Contract Tower,33,67,59,0,159,0,0,28,0,28,33,67,87,0,187,24,0,24,211
02/13/2022,EGE,CO,ANM,WE,Federal Contract Tower,31,53,58,0,142,0,1,22,3,26,31,54,80,3,168,30,0,30,198
02/14/2022,EGE,CO,ANM,WE,Federal Contract Tower,29,36,72,2,139,0,0,22,2,24,29,36,94,4,163,16,0,16,179
02/15/2022,EGE,CO,ANM,WE,Federal Contract Tower,29,36,54,0,119,0,0,13,20,33,29,36,67,20,152,10,30,40,192
02/16/2022,EGE,CO,ANM,WE,Federal Contract Tower,30,15,30,0,75,0,0,0,5,5,30,15,30,5,80,0,4,4,84
02/17/2022,EGE,CO,ANM,WE,Federal Contract Tower,29,86,129,0,244,0,0,22,23,45,29,86,151,23,289,10,10,20,309
02/18/2022,EGE,CO,ANM,WE,Federal Contract Tower,32,106,128,0,266,0,0,23,13,36,32,106,151,13,302,0,2,2,304
02/19/2022,EGE,CO,ANM,WE,Federal Contract Tower,35,71,78,0,184,0,0,21,10,31,35,71,99,10,215,28,6,34,249
02/20/2022,EGE,CO,ANM,WE,Federal Contract Tower,31,79,76,0,186,0,0,28,2,30,31,79,104,2,216,10,0,10,226
02/21/2022,EGE,CO,ANM,WE,Federal Contract Tower,31,131,152,0,314,0,0,5,0,5,31,131,157,0,319,0,0,0,319
02/22/2022,EGE,CO,ANM,WE,Federal Contract Tower,28,49,53,0,130,0,0,0,0,0,28,49,53,0,130,0,0,0,130
02/23/2022,EGE,CO,ANM,WE,Federal Contract Tower,18,17,45,0,80,0,0,0,0,0,18,17,45,0,80,0,0,0,80
02/24/2022,EGE,CO,ANM,WE,Federal Contract Tower,23,62,83,0,168,0,0,9,0,9,23,62,92,0,177,4,0,4,181
02/25/2022,EGE,CO,ANM,WE,Federal Contract Tower,28,70,57,0,155,0,0,5,0,5,28,70,62,0,160,26,0,26,186
02/26/2022,EGE,CO,ANM,WE,Federal Contract Tower,35,91,72,0,198,0,0,24,5,29,35,91,96,5,227,8,8,16,243
02/27/2022,EGE,CO,ANM,WE,Federal Contract Tower,32,95,104,0,231,0,0,22,0,22,32,95,126,0,253,0,0,0,253
02/28/2022,EGE,CO,ANM,WE,Federal Contract Tower,29,63,66,1,159,0,0,18,3,21,29,63,84,4,180,12,6,18,198
03/01/2022,EGE,CO,ANM,WE,Federal Contract Tower,29,59,53,0,141,0,0,21,10,31,29,59,74,10,172,4,20,24,196
03/02/2022,EGE,CO,ANM,WE,Federal Contract Tower,29,61,45,0,135,0,0,32,8,40,29,61,77,8,175,30,6,36,211
03/03/2022,EGE,CO,ANM,WE,Federal Contract Tower,29,31,60,0,120,0,0,18,12,30,29,31,78,12,150,22,4,26,176
03/04/2022,EGE,CO,ANM,WE,Federal Contract Tower,33,51,78,0,162,0,0,8,6,14,33,51,86,6,176,54,12,66,242
03/05/2022,EGE,CO,ANM,WE,Federal Contract Tower,39,44,60,0,143,0,0,3,0,3,39,44,63,0,146,0,0,0,146
03/06/2022,EGE,CO,ANM,WE,Federal Contract Tower,31,67,77,0,175,0,0,2,0,2,31,67,79,0,177,12,0,12,189
03/07/2022,EGE,CO,ANM,WE,Federal Contract Tower,33,39,52,0,124,0,0,5,1,6,33,39,57,1,130,14,0,14,144
03/08/2022,EGE,CO,ANM,WE,Federal Contract Tower,33,37,47,0,117,0,0,27,16,43,33,37,74,16,160,40,20,60,220
03/09/2022,EGE,CO,ANM,WE,Federal Contract Tower,34,27,51,0,112,0,0,0,0,0,34,27,51,0,112,0,0,0,112
03/10/2022,EGE,CO,ANM,WE,Federal Contract Tower,35,53,65,0,153,0,0,8,22,30,35,53,73,22,183,30,20,50,233
03/11/2022,EGE,CO,ANM,WE,Federal Contract Tower,33,75,86,0,194,0,0,23,7,30,33,75,109,7,224,36,6,42,266
03/12/2022,EGE,CO,ANM,WE,Federal Contract Tower,36,113,139,0,288,0,0,25,1,26,36,113,164,1,314,0,0,0,314
03/13/2022,EGE,CO,ANM,WE,Federal Contract Tower,34,101,84,0,219,0,0,16,2,18,34,101,100,2,237,20,0,20,257
03/14/2022,EGE,CO,ANM,WE,Federal Contract Tower,33,49,51,0,133,0,0,30,0,30,33,49,81,0,163,64,0,64,227
03/15/2022,EGE,CO,ANM,WE,Federal Contract Tower,33,43,54,0,130,0,0,43,20,63,33,43,97,20,193,48,6,54,247
03/16/2022,EGE,CO,ANM,WE,Federal Contract Tower,32,60,67,0,159,0,0,13,15,28,32,60,80,15,187,62,14,76,263
03/17/2022,EGE,CO,ANM,WE,Federal Contract Tower,33,46,69,0,148,0,0,15,12,27,33,46,84,12,175,90,12,102,277
03/18/2022,EGE,CO,ANM,WE,Federal Contract Tower,33,79,73,0,185,0,0,30,3,33,33,79,103,3,218,36,0,36,254
03/19/2022,EGE,CO,ANM,WE,Federal Contract Tower,39,124,109,0,272,0,0,43,0,43,39,124,152,0,315,8,0,8,323
03/20/2022,EGE,CO,ANM,WE,Federal Contract Tower,33,87,81,0,201,0,0,20,2,22,33,87,101,2,223,4,0,4,227
03/21/2022,EGE,CO,ANM,WE,Federal Contract Tower,31,62,41,0,134,0,0,0,0,0,31,62,41,0,134,0,0,0,134
03/22/2022,EGE,CO,ANM,WE,Federal Contract Tower,33,47,39,0,119,0,0,1,16,17,33,47,40,16,136,0,12,12,148
03/23/2022,EGE,CO,ANM,WE,Federal Contract Tower,33,35,29,2,99,0,0,31,18,49,33,35,60,20,148,44,12,56,204
03/24/2022,EGE,CO,ANM,WE,Federal Contract Tower,33,36,36,0,105,0,0,31,12,43,33,36,67,12,148,48,4,52,200
03/25/2022,EGE,CO,ANM,WE,Federal Contract Tower,32,52,43,0,127,0,0,39,9,48,32,52,82,9,175,70,2,72,247
03/26/2022,EGE,CO,ANM,WE,Federal Contract Tower,39,71,69,0,179,0,0,32,0,32,39,71,101,0,211,16,0,16,227
03/27/2022,EGE,CO,ANM,WE,Federal Contract Tower,24,69,49,0,142,0,0,36,2,38,24,69,85,2,180,50,0,50,230
03/28/2022,EGE,CO,ANM,WE,Federal Contract Tower,25,52,40,0,117,0,0,26,1,27,25,52,66,1,144,52,0,52,196
03/29/2022,EGE,CO,ANM,WE,Federal Contract Tower,25,33,20,0,78,0,0,1,20,21,25,33,21,20,99,0,48,48,147
03/30/2022,EGE,CO,ANM,WE,Federal Contract Tower,25,34,25,0,84,0,0,6,18,24,25,34,31,18,108,20,10,30,138
03/31/2022,EGE,CO,ANM,WE,Federal Contract Tower,25,38,39,0,102,0,0,39,20,59,25,38,78,20,161,86,10,96,257
04/01/2022,EGE,CO,ANM,WE,Federal Contract Tower,25,38,34,0,97,0,0,11,11,22,25,38,45,11,119,34,0,34,153
04/02/2022,EGE,CO,ANM,WE,Federal Contract Tower,28,29,47,0,104,0,0,47,2,49,28,29,94,2,153,28,0,28,181
04/03/2022,EGE,CO,ANM,WE,Federal Contract Tower,23,43,38,0,104,0,0,8,0,8,23,43,46,0,112,12,0,12,124
04/04/2022,EGE,CO,ANM,WE,Federal Contract Tower,19,39,17,0,75,0,0,28,0,28,19,39,45,0,103,20,0,20,123
04/05/2022,EGE,CO,ANM,WE,Federal Contract Tower,8,19,12,0,39,0,0,1,0,1,8,19,13,0,40,0,0,0,40
04/06/2022,EGE,CO,ANM,WE,Federal Contract Tower,6,18,18,0,42,0,0,10,9,19,6,18,28,9,61,12,84,96,157
04/07/2022,EGE,CO,ANM,WE,Federal Contract Tower,7,20,37,0,64,0,0,29,8,37,7,20,66,8,101,50,36,86,187
04/08/2022,EGE,CO,ANM,WE,Federal Contract Tower,7,34,44,1,86,0,0,35,18,53,7,34,79,19,139,58,16,74,213
04/09/2022,EGE,CO,ANM,WE,Federal Contract Tower,7,38,16,0,61,0,2,22,0,24,7,40,38,0,85,32,0,32,117
04/10/2022,EGE,CO,ANM,WE,Federal Contract Tower,7,22,34,2,65,0,0,9,5,14,7,22,43,7,79,20,0,20,99
04/11/2022,EGE,CO,ANM,WE,Federal Contract Tower,7,13,30,0,50,0,1,10,0,11,7,14,40,0,61,44,0,44,105
04/12/2022,EGE,CO,ANM,WE,Federal Contract Tower,7,6,9,0,22,0,0,4,0,4,7,6,13,0,26,30,0,30,56
04/13/2022,EGE,CO,ANM,WE,Federal Contract Tower,7,20,22,0,49,0,0,4,15,19,7,20,26,15,68,34,20,54,122
04/14/2022,EGE,CO,ANM,WE,Federal Contract Tower,7,27,38,0,72,0,0,18,25,43,7,27,56,25,115,4,6,10,125
04/15/2022,EGE,CO,ANM,WE,Federal Contract Tower,7,27,18,3,55,0,0,25,27,52,7,27,43,30,107,60,14,74,181
04/16/2022,EGE,CO,ANM,WE,Federal Contract Tower,7,33,15,0,55,0,0,112,2,114,7,33,127,2,169,18,0,18,187
04/17/2022,EGE,CO,ANM,WE,Federal Contract Tower,9,25,18,0,52,0,0,4,0,4,9,25,22,0,56,10,0,10,66
04/18/2022,EGE,CO,ANM,WE,Federal Contract Tower,7,26,31,0,64,0,0,23,0,23,7,26,54,0,87,6,0,6,93
04/19/2022,EGE,CO,ANM,WE,Federal Contract Tower,7,19,18,0,44,0,0,12,1,13,7,19,30,1,57,14,0,14,71
04/20/2022,EGE,CO,ANM,WE,Federal Contract Tower,7,9,18,0,34,0,0,18,3,21,7,9,36,3,55,38,2,40,95
04/21/2022,EGE,CO,ANM,WE,Federal Contract Tower,7,17,14,0,38,0,0,32,0,32,7,17,46,0,70,56,0,56,126
04/22/2022,EGE,CO,ANM,WE,Federal Contract Tower,7,17,15,0,39,0,0,5,0,5,7,17,20,0,44,38,0,38,82
04/23/2022,EGE,CO,ANM,WE,Federal Contract Tower,7,9,6,0,22,0,0,5,0,5,7,9,11,0,27,32,0,32,59
04/24/2022,EGE,CO,ANM,WE,Federal Contract Tower,7,16,16,0,39,0,0,5,1,6,7,16,21,1,45,18,0,18,63
04/25/2022,EGE,CO,ANM,WE,Federal Contract Tower,7,9,9,0,25,0,0,17,0,17,7,9,26,0,42,22,0,22,64
04/26/2022,EGE,CO,ANM,WE,Federal Contract Tower,7,0,8,0,15,0,0,33,15,48,7,0,41,15,63,78,22,100,163
04/27/2022,EGE,CO,ANM,WE,Federal Contract Tower,7,13,2,0,22,0,0,25,18,43,7,13,27,18,65,46,24,70,135
04/28/2022,EGE,CO,ANM,WE,Federal Contract Tower,6,3,11,0,20,0,0,38,11,49,6,3,49,11,69,46,6,52,121
04/29/2022,EGE,CO,ANM,WE,Federal Contract Tower,7,13,8,0,28,0,0,6,8,14,7,13,14,8,42,12,6,18,60
04/30/2022,EGE,CO,ANM,WE,Federal Contract Tower,7,13,5,0,25,0,0,42,0,42,7,13,47,0,67,37,0,37,104
05/01/2022,EGE,CO,ANM,WE,Federal Contract Tower,7,13,16,0,36,0,0,21,2,23,7,13,37,2,59,16,0,16,75
05/02/2022,EGE,CO,ANM,WE,Federal Contract Tower,7,14,10,0,31,0,0,8,0,8,7,14,18,0,39,38,0,38,77
05/03/2022,EGE,CO,ANM,WE,Federal Contract Tower,7,10,16,0,33,0,0,17,20,37,7,10,33,20,70,16,4,20,90
05/04/2022,EGE,CO,ANM,WE,Federal Contract Tower,7,10,13,0,30,0,0,8,16,24,7,10,21,16,54,50,12,62,116
05/05/2022,EGE,CO,ANM,WE,Federal Contract Tower,7,12,24,0,43,0,0,28,22,50,7,12,52,22,93,86,22,108,201
05/06/2022,EGE,CO,ANM,WE,Federal Contract Tower,7,7,7,0,21,0,0,15,11,26,7,7,22,11,47,6,8,14,61
05/07/2022,EGE,CO,ANM,WE,Federal Contract Tower,7,5,4,0,16,0,0,10,2,12,7,5,14,2,28,4,4,8,36
05/08/2022,EGE,CO,ANM,WE,Federal Contract Tower,6,12,12,0,30,0,0,3,3,6,6,12,15,3,36,0,0,0,36
05/09/2022,EGE,CO,ANM,WE,Federal Contract Tower,8,18,21,0,47,0,0,1,0,1,8,18,22,0,48,0,0,0,48
05/10/2022,EGE,CO,ANM,WE,Federal Contract Tower,7,9,4,0,20,0,0,15,22,37,7,9,19,22,57,20,26,46,103
05/11/2022,EGE,CO,ANM,WE,Federal Contract Tower,7,21,11,0,39,0,0,19,29,48,7,21,30,29,87,18,12,30,117
05/12/2022,EGE,CO,ANM,WE,Federal Contract Tower,7,12,21,0,40,0,0,9,14,23,7,12,30,14,63,28,8,36,99
05/13/2022,EGE,CO,ANM,WE,Federal Contract Tower,7,12,17,0,36,0,0,34,28,62,7,12,51,28,98,70,18,88,186
05/14/2022,EGE,CO,ANM,WE,Federal Contract Tower,7,10,9,0,26,0,0,33,10,43,7,10,42,10,69,8,0,8,77
05/15/2022,EGE,CO,ANM,WE,Federal Contract Tower,6,21,24,0,51,0,0,46,3,49,6,21,70,3,100,16,0,16,116
05/16/2022,EGE,CO,ANM,WE,Federal Contract Tower,7,9,18,0,34,0,0,30,1,31,7,9,48,1,65,50,0,50,115
05/17/2022,EGE,CO,ANM,WE,Federal Contract Tower,7,8,12,0,27,0,0,26,20,46,7,8,38,20,73,56,72,128,201
05/18/2022,EGE,CO,ANM,WE,Federal Contract Tower,7,14,10,1,32,0,1,46,19,66,7,15,56,20,98,14,8,22,120
05/19/2022,EGE,CO,ANM,WE,Federal Contract Tower,7,7,13,0,27,0,0,12,10,22,7,7,25,10,49,18,8,26,75
05/20/2022,EGE,CO,ANM,WE,Federal Contract Tower,7,0,5,0,12,0,0,0,0,0,7,0,5,0,12,0,0,0,12
05/21/2022,EGE,CO,ANM,WE,Federal Contract Tower,7,18,13,0,38,0,0,10,8,18,7,18,23,8,56,50,0,50,106
05/22/2022,EGE,CO,ANM,WE,Federal Contract Tower,7,10,10,0,27,0,0,23,3,26,7,10,33,3,53,32,0,32,85
05/23/2022,EGE,CO,ANM,WE,Federal Contract Tower,6,10,20,0,36,0,0,28,0,28,6,10,48,0,64,16,0,16,80
05/24/2022,EGE,CO,ANM,WE,Federal Contract Tower,7,8,16,0,31,0,0,13,19,32,7,8,29,19,63,0,26,26,89
05/25/2022,EGE,CO,ANM,WE,Federal Contract Tower,7,15,10,0,32,0,0,41,19,60,7,15,51,19,92,16,24,40,132
05/26/2022,EGE,CO,ANM,WE,Federal Contract Tower,7,19,13,0,39,0,0,39,19,58,7,19,52,19,97,68,6,74,171
05/27/2022,EGE,CO,ANM,WE,Federal Contract Tower,7,12,16,0,35,0,0,31,11,42,7,12,47,11,77,18,6,24,101
05/28/2022,EGE,CO,ANM,WE,Federal Contract Tower,7,10,14,0,31,0,0,15,0,15,7,10,29,0,46,10,0,10,56
05/29/2022,EGE,CO,ANM,WE,Federal Contract Tower,7,8,12,0,27,0,0,2,0,2,7,8,14,0,29,0,0,0,29
05/30/2022,EGE,CO,ANM,WE,Federal Contract Tower,7,15,17,0,39,0,0,8,0,8,7,15,25,0,47,10,0,10,57
05/31/2022,EGE,CO,ANM,WE,Federal Contract Tower,7,17,12,0,36,0,0,23,2,25,7,17,35,2,61,24,8,32,93
06/01/2022,EGE,CO,ANM,WE,Federal Contract Tower,7,28,23,0,58,0,1,29,4,34,7,29,52,4,92,16,18,34,126
06/02/2022,EGE,CO,ANM,WE,Federal Contract Tower,7,20,23,0,50,0,0,25,5,30,7,20,48,5,80,6,6,12,92
06/03/2022,EGE,CO,ANM,WE,Federal Contract Tower,7,15,18,0,40,0,0,24,2,26,7,15,42,2,66,44,0,44,110
06/04/2022,EGE,CO,ANM,WE,Federal Contract Tower,8,12,11,0,31,0,0,35,0,35,8,12,46,0,66,34,0,34,100
06/05/2022,EGE,CO,ANM,WE,Federal Contract Tower,8,17,19,0,44,0,0,27,2,29,8,17,46,2,73,9,0,9,82
06/06/2022,EGE,CO,ANM,WE,Federal Contract Tower,8,17,26,0,51,0,0,26,2,28,8,17,52,2,79,58,0,58,137
06/07/2022,EGE,CO,ANM,WE,Federal Contract Tower,7,13,17,0,37,0,0,28,26,54,7,13,45,26,91,54,26,80,171
06/08/2022,EGE,CO,ANM,WE,Federal Contract Tower,8,28,24,0,60,0,0,29,15,44,8,28,53,15,104,50,2,52,156
06/09/2022,EGE,CO,ANM,WE,Federal Contract Tower,8,18,25,0,51,0,1,27,20,48,8,19,52,20,99,82,14,96,195
06/10/2022,EGE,CO,ANM,WE,Federal Contract Tower,8,18,29,0,55,0,0,29,17,46,8,18,58,17,101,30,10,40,141
06/11/2022,EGE,CO,ANM,WE,Federal Contract Tower,8,28,18,0,54,0,0,42,2,44,8,28,60,2,98,24,4,28,126
06/12/2022,EGE,CO,ANM,WE,Federal Contract Tower,7,35,23,1,66,0,0,31,4,35,7,35,54,5,101,34,4,38,139
06/13/2022,EGE,CO,ANM,WE,Federal Contract Tower,8,27,36,0,71,0,0,11,1,12,8,27,47,1,83,0,0,0,83
06/14/2022,EGE,CO,ANM,WE,Federal Contract Tower,8,13,28,0,49,0,0,17,22,39,8,13,45,22,88,8,10,18,106
06/15/2022,EGE,CO,ANM,WE,Federal Contract Tower,8,37,25,0,70,0,0,39,16,55,8,37,64,16,125,52,6,58,183
06/16/2022,EGE,CO,ANM,WE,Federal Contract Tower,8,22,36,0,66,0,0,21,18,39,8,22,57,18,105,26,10,36,141
06/17/2022,EGE,CO,ANM,WE,Federal Contract Tower,9,43,35,0,87,0,0,26,7,33,9,43,61,7,120,4,0,4,124
06/18/2022,EGE,CO,ANM,WE,Federal Contract Tower,8,19,17,0,44,0,0,27,0,27,8,19,44,0,71,34,0,34,105
06/19/2022,EGE,CO,ANM,WE,Federal Contract Tower,7,25,39,0,71,0,0,5,1,6,7,25,44,1,77,22,0,22,99
06/20/2022,EGE,CO,ANM,WE,Federal Contract Tower,8,27,36,0,71,0,1,13,1,15,8,28,49,1,86,12,0,12,98
06/21/2022,EGE,CO,ANM,WE,Federal Contract Tower,8,25,24,0,57,0,0,26,24,50,8,25,50,24,107,52,14,66,173
06/22/2022,EGE,CO,ANM,WE,Federal Contract Tower,8,40,35,0,83,0,0,19,14,33,8,40,54,14,116,16,30,46,162
06/23/2022,EGE,CO,ANM,WE,Federal Contract Tower,8,35,43,0,86,0,0,29,12,41,8,35,72,12,127,34,0,34,161
06/24/2022,EGE,CO,ANM,WE,Federal Contract Tower,8,32,42,0,82,0,0,13,8,21,8,32,55,8,103,2,2,4,107
06/25/2022,EGE,CO,ANM,WE,Federal Contract Tower,8,28,32,0,68,0,0,42,2,44,8,28,74,2,112,68,0,68,180
06/26/2022,EGE,CO,ANM,WE,Federal Contract Tower,9,47,50,0,106,0,0,13,0,13,9,47,63,0,119,30,0,30,149
06/27/2022,EGE,CO,ANM,WE,Federal Contract Tower,8,31,21,0,60,0,0,27,0,27,8,31,48,0,87,38,0,38,125
06/28/2022,EGE,CO,ANM,WE,Federal Contract Tower,8,25,34,0,67,0,1,19,14,34,8,26,53,14,101,24,12,36,137
06/29/2022,EGE,CO,ANM,WE,Federal Contract Tower,8,41,44,0,93,0,1,29,12,42,8,42,73,12,135,26,4,30,165
06/30/2022,EGE,CO,ANM,WE,Federal Contract Tower,8,40,46,0,94,0,0,7,6,13,8,40,53,6,107,30,8,38,145
07/01/2022,EGE,CO,ANM,WE,Federal Contract Tower,8,55,69,0,132,0,0,21,11,32,8,55,90,11,164,36,0,36,200
07/02/2022,EGE,CO,ANM,WE,Federal Contract Tower,8,48,54,0,110,0,0,41,0,41,8,48,95,0,151,32,0,32,183
07/03/2022,EGE,CO,ANM,WE,Federal Contract Tower,8,33,30,0,71,0,0,31,0,31,8,33,61,0,102,46,0,46,148
07/04/2022,EGE,CO,ANM,WE,Federal Contract Tower,8,20,20,0,48,0,0,20,0,20,8,20,40,0,68,50,0,50,118
07/05/2022,EGE,CO,ANM,WE,Federal Contract Tower,8,29,63,0,100,0,0,28,2,30,8,29,91,2,130,30,8,38,168
07/06/2022,EGE,CO,ANM,WE,Federal Contract Tower,8,45,46,0,99,0,0,24,6,30,8,45,70,6,129,62,4,66,195
07/07/2022,EGE,CO,ANM,WE,Federal Contract Tower,8,58,40,0,106,0,0,37,0,37,8,58,77,0,143,18,0,18,161
07/08/2022,EGE,CO,ANM,WE,Federal Contract Tower,8,40,36,0,84,0,0,36,2,38,8,40,72,2,122,66,4,70,192
07/09/2022,EGE,CO,ANM,WE,Federal Contract Tower,8,43,47,0,98,0,0,22,0,22,8,43,69,0,120,4,0,4,124
07/10/2022,EGE,CO,ANM,WE,Federal Contract Tower,8,55,56,0,119,0,0,27,1,28,8,55,83,1,147,10,0,10,157
07/11/2022,EGE,CO,ANM,WE,Federal Contract Tower,8,51,20,2,81,0,0,28,0,28,8,51,48,2,109,28,1,29,138
07/12/2022,EGE,CO,ANM,WE,Federal Contract Tower,8,32,31,0,71,0,0,17,10,27,8,32,48,10,98,10,2,12,110
07/13/2022,EGE,CO,ANM,WE,Federal Contract Tower,7,37,37,0,81,0,0,19,11,30,7,37,56,11,111,36,0,36,147
07/14/2022,EGE,CO,ANM,WE,Federal Contract Tower,9,39,45,2,95,0,0,26,10,36,9,39,71,12,131,10,10,20,151
07/15/2022,EGE,CO,ANM,WE,Federal Contract Tower,8,43,45,0,96,0,0,22,12,34,8,43,67,12,130,36,6,42,172
07/16/2022,EGE,CO,ANM,WE,Federal Contract Tower,8,38,32,0,78,0,0,27,4,31,8,38,59,4,109,38,6,44,153
07/17/2022,EGE,CO,ANM,WE,Federal Contract Tower,8,55,64,0,127,0,0,43,0,43,8,55,107,0,170,40,0,40,210
07/18/2022,EGE,CO,ANM,WE,Federal Contract Tower,9,36,25,0,70,0,0,20,3,23,9,36,45,3,93,10,0,10,103
07/19/2022,EGE,CO,ANM,WE,Federal Contract Tower,8,19,24,0,51,0,0,36,18,54,8,19,60,18,105,28,16,44,149
07/20/2022,EGE,CO,ANM,WE,Federal Contract Tower,8,36,41,0,85,0,0,36,9,45,8,36,77,9,130,24,2,26,156
07/21/2022,EGE,CO,ANM,WE,Federal Contract Tower,8,43,29,0,80,0,2,40,14,56,8,45,69,14,136,40,8,48,184
07/22/2022,EGE,CO,ANM,WE,Federal Contract Tower,8,41,52,0,101,0,0,35,6,41,8,41,87,6,142,36,22,58,200
07/23/2022,EGE,CO,ANM,WE,Federal Contract Tower,8,49,54,0,111,0,0,15,0,15,8,49,69,0,126,26,0,26,152
07/24/2022,EGE,CO,ANM,WE,Federal Contract Tower,8,66,54,0,128,0,1,23,3,27,8,67,77,3,155,44,2,46,201
07/25/2022,EGE,CO,ANM,WE,Federal Contract Tower,8,51,41,0,100,0,0,26,0,26,8,51,67,0,126,40,0,40,166
07/26/2022,EGE,CO,ANM,WE,Federal Contract Tower,8,41,33,0,82,0,0,28,17,45,8,41,61,17,127,46,0,46,173
07/27/2022,EGE,CO,ANM,WE,Federal Contract Tower,8,42,42,0,92,0,1,25,21,47,8,43,67,21,139,54,26,80,219
07/28/2022,EGE,CO,ANM,WE,Federal Contract Tower,8,49,57,0,114,0,0,34,18,52,8,49,91,18,166,40,10,50,216
07/29/2022,EGE,CO,ANM,WE,Federal Contract Tower,8,48,49,0,105,0,0,38,11,49,8,48,87,11,154,30,4,34,188
07/30/2022,EGE,CO,ANM,WE,Federal Contract Tower,8,61,43,0,112,0,0,42,2,44,8,61,85,2,156,4,0,4,160
07/31/2022,EGE,CO,ANM,WE,Federal Contract Tower,8,63,80,0,151,0,0,30,2,32,8,63,110,2,183,32,0,32,215
08/01/2022,EGE,CO,ANM,WE,Federal Contract Tower,8,45,52,0,105,0,0,16,0,16,8,45,68,0,121,62,0,62,183
08/02/2022,EGE,CO,ANM,WE,Federal Contract Tower,8,45,37,0,90,0,0,18,23,41,8,45,55,23,131,34,4,38,169
08/03/2022,EGE,CO,ANM,WE,Federal Contract Tower,8,31,50,0,89,0,0,25,20,45,8,31,75,20,134,64,2,66,200
08/04/2022,EGE,CO,ANM,WE,Federal Contract Tower,8,41,34,0,83,0,1,38,15,54,8,42,72,15,137,56,4,60,197
08/05/2022,EGE,CO,ANM,WE,Federal Contract Tower,8,44,42,0,94,0,0,19,9,28,8,44,61,9,122,30,0,30,152
08/06/2022,EGE,CO,ANM,WE,Federal Contract Tower,7,45,40,0,92,0,0,55,1,56,7,45,95,1,148,92,0,92,240
08/07/2022,EGE,CO,ANM,WE,Federal Contract Tower,8,48,47,0,103,0,0,38,1,39,8,48,85,1,142,58,0,58,200
08/08/2022,EGE,CO,ANM,WE,Federal Contract Tower,9,45,45,0,99,0,0,23,0,23,9,45,68,0,122,8,0,8,130
08/09/2022,EGE,CO,ANM,WE,Federal Contract Tower,8,49,37,0,94,0,0,40,21,61,8,49,77,21,155,68,22,90,245
08/10/2022,EGE,CO,ANM,WE,Federal Contract Tower,8,46,44,0,98,0,1,32,24,57,8,47,76,24,155,74,26,100,255
08/11/2022,EGE,CO,ANM,WE,Federal Contract Tower,5,41,52,0,98,0,0,27,12,39,5,41,79,12,137,56,14,70,207
08/12/2022,EGE,CO,ANM,WE,Federal Contract Tower,8,37,33,0,78,0,0,42,12,54,8,37,75,12,132,84,4,88,220
08/13/2022,EGE,CO,ANM,WE,Federal Contract Tower,8,44,32,0,84,0,0,42,6,48,8,44,74,6,132,46,8,54,186
08/14/2022,EGE,CO,ANM,WE,Federal Contract Tower,8,47,50,0,105,0,0,35,3,38,8,47,85,3,143,80,2,82,225
08/15/2022,EGE,CO,ANM,WE,Federal Contract Tower,6,51,38,0,95,0,0,27,0,27,6,51,65,0,122,68,0,68,190
08/16/2022,EGE,CO,ANM,WE,Federal Contract Tower,8,23,42,0,73,0,0,9,20,29,8,23,51,20,102,30,8,38,140
08/17/2022,EGE,CO,ANM,WE,Federal Contract Tower,8,51,33,0,92,0,0,35,20,55,8,51,68,20,147,14,4,18,165
08/18/2022,EGE,CO,ANM,WE,Federal Contract Tower,8,46,41,0,95,0,0,33,16,49,8,46,74,16,144,50,30,80,224
08/19/2022,EGE,CO,ANM,WE,Federal Contract Tower,8,30,39,0,77,0,0,36,12,48,8,30,75,12,125,72,0,72,197
08/20/2022,EGE,CO,ANM,WE,Federal Contract Tower,9,37,35,1,82,0,0,25,4,29,9,37,60,5,111,54,0,54,165
08/21/2022,EGE,CO,ANM,WE,Federal Contract Tower,7,52,58,0,117,0,0,17,1,18,7,52,75,1,135,8,2,10,145
08/22/2022,EGE,CO,ANM,WE,Federal Contract Tower,6,47,45,0,98,0,0,24,0,24,6,47,69,0,122,42,0,42,164
08/23/2022,EGE,CO,ANM,WE,Federal Contract Tower,7,42,29,0,78,0,0,43,31,74,7,42,72,31,152,62,2,64,216
08/24/2022,EGE,CO,ANM,WE,Federal Contract Tower,8,26,46,0,80,0,0,35,31,66,8,26,81,31,146,70,2,72,218
08/25/2022,EGE,CO,ANM,WE,Federal Contract Tower,8,51,36,0,95,0,0,21,22,43,8,51,57,22,138,42,42,84,222
08/26/2022,EGE,CO,ANM,WE,Federal Contract Tower,9,52,34,0,95,0,0,22,18,40,9,52,56,18,135,32,12,44,179
08/27/2022,EGE,CO,ANM,WE,Federal Contract Tower,8,38,31,0,77,0,0,53,4,57,8,38,84,4,134,26,2,28,162
08/28/2022,EGE,CO,ANM,WE,Federal Contract Tower,8,45,27,0,80,0,0,31,0,31,8,45,58,0,111,38,0,38,149
08/29/2022,EGE,CO,ANM,WE,Federal Contract Tower,8,31,21,0,60,0,0,29,0,29,8,31,50,0,89,2,0,2,91
08/30/2022,EGE,CO,ANM,WE,Federal Contract Tower,8,23,23,0,54,0,0,23,19,42,8,23,46,19,96,30,18,48,144
08/31/2022,EGE,CO,ANM,WE,Federal Contract Tower,8,26,34,0,68,0,0,26,19,45,8,26,60,19,113,16,10,26,139
09/01/2022,EGE,CO,ANM,WE,Federal Contract Tower,8,42,37,0,87,0,0,25,12,37,8,42,62,12,124,20,2,22,146
09/02/2022,EGE,CO,ANM,WE,Federal Contract Tower,8,26,45,0,79,0,0,48,6,54,8,26,93,6,133,26,0,26,159
09/03/2022,EGE,CO,ANM,WE,Federal Contract Tower,8,33,15,0,56,0,0,31,0,31,8,33,46,0,87,44,0,44,131
09/04/2022,EGE,CO,ANM,WE,Federal Contract Tower,8,37,17,0,62,0,1,44,2,47,8,38,61,2,109,24,0,24,133
09/05/2022,EGE,CO,ANM,WE,Federal Contract Tower,7,44,41,0,92,0,1,29,0,30,7,45,70,0,122,0,0,0,122
09/06/2022,EGE,CO,ANM,WE,Federal Contract Tower,8,39,36,0,83,0,0,23,0,23,8,39,59,0,106,6,0,6,112
09/07/2022,EGE,CO,ANM,WE,Federal Contract Tower,8,24,33,0,65,0,2,30,5,37,8,26,63,5,102,60,2,62,164
09/08/2022,EGE,CO,ANM,WE,Federal Contract Tower,8,17,36,0,61,0,0,39,14,53,8,17,75,14,114,102,0,102,216
09/09/2022,EGE,CO,ANM,WE,Federal Contract Tower,8,25,38,0,71,0,1,27,1,29,8,26,65,1,100,76,4,80,180
09/10/2022,EGE,CO,ANM,WE,Federal Contract Tower,9,28,5,0,42,0,0,30,3,33,9,28,35,3,75,46,0,46,121
09/11/2022,EGE,CO,ANM,WE,Federal Contract Tower,8,31,30,0,69,0,1,49,3,53,8,32,79,3,122,78,2,80,202
09/12/2022,EGE,CO,ANM,WE,Federal Contract Tower,8,24,34,0,66,0,0,41,2,43,8,24,75,2,109,106,0,106,215
09/13/2022,EGE,CO,ANM,WE,Federal Contract Tower,8,26,17,0,51,0,0,31,15,46,8,26,48,15,97,28,24,52,149
09/14/2022,EGE,CO,ANM,WE,Federal Contract Tower,8,16,31,0,55,0,0,19,19,38,8,16,50,19,93,100,10,110,203
09/15/2022,EGE,CO,ANM,WE,Federal Contract Tower,8,26,64,0,98,0,0,34,10,44,8,26,98,10,142,76,6,82,224
09/16/2022,EGE,CO,ANM,WE,Federal Contract Tower,8,37,44,0,89,0,0,35,7,42,8,37,79,7,131,96,0,96,227
09/17/2022,EGE,CO,ANM,WE,Federal Contract Tower,8,30,31,0,69,0,0,36,1,37,8,30,67,1,106,36,0,36,142
09/18/2022,EGE,CO,ANM,WE,Federal Contract Tower,8,35,46,0,89,0,0,34,6,40,8,35,80,6,129,10,0,10,139
09/19/2022,EGE,CO,ANM,WE,Federal Contract Tower,8,23,30,0,61,0,0,40,6,46,8,23,70,6,107,46,0,46,153
09/20/2022,EGE,CO,ANM,WE,Federal Contract Tower,8,24,30,0,62,0,0,37,30,67,8,24,67,30,129,56,14,70,199
09/21/2022,EGE,CO,ANM,WE,Federal Contract Tower,8,25,15,0,48,0,0,6,14,20,8,25,21,14,68,14,4,18,86
09/22/2022,EGE,CO,ANM,WE,Federal Contract Tower,8,23,30,0,61,0,0,9,16,25,8,23,39,16,86,18,2,20,106
09/23/2022,EGE,CO,ANM,WE,Federal Contract Tower,8,33,35,0,76,0,0,28,8,36,8,33,63,8,112,20,0,20,132
09/24/2022,EGE,CO,ANM,WE,Federal Contract Tower,8,22,24,0,54,0,0,51,4,55,8,22,75,4,109,32,0,32,141
09/25/2022,EGE,CO,ANM,WE,Federal Contract Tower,8,20,30,0,58,0,0,28,0,28,8,20,58,0,86,26,0,26,112
09/26/2022,EGE,CO,ANM,WE,Federal Contract Tower,8,18,33,2,61,0,0,48,1,49,8,18,81,3,110,40,0,40,150
09/27/2022,EGE,CO,ANM,WE,Federal Contract Tower,8,20,25,0,53,0,0,38,12,50,8,20,63,12,103,64,0,64,167
09/28/2022,EGE,CO,ANM,WE,Federal Contract Tower,8,23,25,0,56,0,0,25,3,28,8,23,50,3,84,56,2,58,142
09/29/2022,EGE,CO,ANM,WE,Federal Contract Tower,8,30,29,0,67,0,0,48,2,50,8,30,77,2,117,48,0,48,165
09/30/2022,EGE,CO,ANM,WE,Federal Contract Tower,6,22,37,0,65,0,0,10,4,14,6,22,47,4,79,34,0,34,113
10/01/2022,EGE,CO,ANM,WE,Federal Contract Tower,6,16,11,0,33,0,0,8,0,8,6,16,19,0,41,50,0,50,91
10/02/2022,EGE,CO,ANM,WE,Federal Contract Tower,6,24,33,0,63,0,0,16,2,18,6,24,49,2,81,56,0,56,137
10/03/2022,EGE,CO,ANM,WE,Federal Contract Tower,5,20,18,0,43,0,0,30,0,30,5,20,48,0,73,36,0,36,109
10/04/2022,EGE,CO,ANM,WE,Federal Contract Tower,7,25,14,0,46,0,0,23,12,35,7,25,37,12,81,44,2,46,127
10/05/2022,EGE,CO,ANM,WE,Federal Contract Tower,6,27,21,0,54,0,0,49,18,67,6,27,70,18,121,64,10,74,195
10/06/2022,EGE,CO,ANM,WE,Federal Contract Tower,5,11,17,0,33,0,0,49,19,68,5,11,66,19,101,104,10,114,215
10/07/2022,EGE,CO,ANM,WE,Federal Contract Tower,5,25,23,0,53,0,0,33,10,43,5,25,56,10,96,68,0,68,164
10/08/2022,EGE,CO,ANM,WE,Federal Contract Tower,5,17,22,0,44,0,1,55,3,59,5,18,77,3,103,72,0,72,175
10/09/2022,EGE,CO,ANM,WE,Federal Contract Tower,7,29,18,0,54,0,1,47,2,50,7,30,65,2,104,62,0,62,166
10/10/2022,EGE,CO,ANM,WE,Federal Contract Tower,5,26,21,0,52,0,0,35,6,41,5,26,56,6,93,38,6,44,137
10/11/2022,EGE,CO,ANM,WE,Federal Contract Tower,5,15,12,2,34,0,0,36,7,43,5,15,48,9,77,40,10,50,127
10/12/2022,EGE,CO,ANM,WE,Federal Contract Tower,5,13,11,2,31,0,1,8,19,28,5,14,19,21,59,26,4,30,89
10/13/2022,EGE,CO,ANM,WE,Federal Contract Tower,5,21,17,2,45,0,0,37,24,61,5,21,54,26,106,64,8,72,178
10/14/2022,EGE,CO,ANM,WE,Federal Contract Tower,5,22,25,1,53,0,0,36,11,47,5,22,61,12,100,40,10,50,150
10/15/2022,EGE,CO,ANM,WE,Federal Contract Tower,5,19,16,2,42,0,0,41,7,48,5,19,57,9,90,78,22,100,190
10/16/2022,EGE,CO,ANM,WE,Federal Contract Tower,5,44,17,0,66,0,0,46,8,54,5,44,63,8,120,20,2,22,142
10/17/2022,EGE,CO,ANM,WE,Federal Contract Tower,5,13,9,0,27,0,0,38,0,38,5,13,47,0,65,58,0,58,123
10/18/2022,EGE,CO,ANM,WE,Federal Contract Tower,5,10,14,0,29,0,0,26,0,26,5,10,40,0,55,54,0,54,109
10/19/2022,EGE,CO,ANM,WE,Federal Contract Tower,5,18,18,0,41,0,0,27,5,32,5,18,45,5,73,8,0,8,81
10/20/2022,EGE,CO,ANM,WE,Federal Contract Tower,5,15,17,0,37,0,0,45,8,53,5,15,62,8,90,54,8,62,152
10/21/2022,EGE,CO,ANM,WE,Federal Contract Tower,5,19,19,0,43,0,0,43,9,52,5,19,62,9,95,82,0,82,177
10/22/2022,EGE,CO,ANM,WE,Federal Contract Tower,5,11,5,0,21,0,0,14,0,14,5,11,19,0,35,14,0,14,49
10/23/2022,EGE,CO,ANM,WE,Federal Contract Tower,6,4,6,0,16,0,0,0,0,0,6,4,6,0,16,6,0,6,22
10/24/2022,EGE,CO,ANM,WE,Federal Contract Tower,5,22,20,0,47,0,0,16,0,16,5,22,36,0,63,92,0,92,155
10/25/2022,EGE,CO,ANM,WE,Federal Contract Tower,5,12,14,0,31,0,0,16,0,16,5,12,30,0,47,14,0,14,61
10/26/2022,EGE,CO,ANM,WE,Federal Contract Tower,5,12,7,0,24,0,0,2,0,2,5,12,9,0,26,24,0,24,50
10/27/2022,EGE,CO,ANM,WE,Federal Contract Tower,5,15,9,2,31,0,0,14,3,17,5,15,23,5,48,40,2,42,90
10/28/2022,EGE,CO,ANM,WE,Federal Contract Tower,5,10,11,3,29,0,0,26,5,31,5,10,37,8,60,46,0,46,106
10/29/2022,EGE,CO,ANM,WE,Federal Contract Tower,5,4,21,0,30,0,2,21,2,25,5,6,42,2,55,28,12,40,95
10/30/2022,EGE,CO,ANM,WE,Federal Contract Tower,5,10,9,0,24,0,0,42,0,42,5,10,51,0,66,32,0,32,98
10/31/2022,EGE,CO,ANM,WE,Federal Contract Tower,5,8,3,0,16,0,0,34,8,42,5,8,37,8,58,40,0,40,98
11/01/2022,EGE,CO,ANM,WE,Federal Contract Tower,5,17,20,0,42,0,3,18,0,21,5,20,38,0,63,24,0,24,87
11/02/2022,EGE,CO,ANM,WE,Federal Contract Tower,6,6,11,0,23,0,0,18,0,18,6,6,29,0,41,57,0,57,98
11/03/2022,EGE,CO,ANM,WE,Federal Contract Tower,6,9,9,0,24,0,0,2,0,2,6,9,11,0,26,34,0,34,60
11/04/2022,EGE,CO,ANM,WE,Federal Contract Tower,5,13,6,6,30,0,1,11,0,12,5,14,17,6,42,52,0,52,94
11/05/2022,EGE,CO,ANM,WE,Federal Contract Tower,5,3,11,0,19,0,0,10,0,10,5,3,21,0,29,78,0,78,107
11/06/2022,EGE,CO,ANM,WE,Federal Contract Tower,5,13,12,0,30,0,0,8,1,9,5,13,20,1,39,18,0,18,57
11/07/2022,EGE,CO,ANM,WE,Federal Contract Tower,5,11,9,0,25,0,0,18,0,18,5,11,27,0,43,52,0,52,95
11/08/2022,EGE,CO,ANM,WE,Federal Contract Tower,5,5,11,0,21,0,0,20,14,34,5,5,31,14,55,44,26,70,125
11/09/2022,EGE,CO,ANM,WE,Federal Contract Tower,5,14,13,0,32,0,0,8,4,12,5,14,21,4,44,32,0,32,76
11/10/2022,EGE,CO,ANM,WE,Federal Contract Tower,5,13,16,0,34,0,0,12,12,24,5,13,28,12,58,88,18,106,164
11/11/2022,EGE,CO,ANM,WE,Federal Contract Tower,5,12,32,0,49,0,0,26,10,36,5,12,58,10,85,32,6,38,123
11/12/2022,EGE,CO,ANM,WE,Federal Contract Tower,5,5,11,0,21,0,0,35,1,36,5,5,46,1,57,62,0,62,119
11/13/2022,EGE,CO,ANM,WE,Federal Contract Tower,5,6,19,0,30,0,0,30,1,31,5,6,49,1,61,38,0,38,99
11/14/2022,EGE,CO,ANM,WE,Federal Contract Tower,5,14,6,0,25,0,0,9,0,9,5,14,15,0,34,24,0,24,58
11/15/2022,EGE,CO,ANM,WE,Federal Contract Tower,5,10,14,0,29,0,0,19,0,19,5,10,33,0,48,12,0,12,60
11/16/2022,EGE,CO,ANM,WE,Federal Contract Tower,5,5,13,1,24,0,0,16,6,22,5,5,29,7,46,14,2,16,62
11/17/2022,EGE,CO,ANM,WE,Federal Contract Tower,7,18,12,2,39,0,0,15,9,24,7,18,27,11,63,32,6,38,101
11/18/2022,EGE,CO,ANM,WE,Federal Contract Tower,7,14,29,0,50,0,0,9,0,9,7,14,38,0,59,30,0,30,89
11/19/2022,EGE,CO,ANM,WE,Federal Contract Tower,7,21,28,0,56,0,0,30,1,31,7,21,58,1,87,22,0,22,109
11/20/2022,EGE,CO,ANM,WE,Federal Contract Tower,7,23,18,0,48,0,0,38,0,38,7,23,56,0,86,54,0,54,140
11/21/2022,EGE,CO,ANM,WE,Federal Contract Tower,7,29,28,0,64,0,0,28,0,28,7,29,56,0,92,34,0,34,126
11/22/2022,EGE,CO,ANM,WE,Federal Contract Tower,7,33,26,0,66,0,0,32,2,34,7,33,58,2,100,28,0,28,128
11/23/2022,EGE,CO,ANM,WE,Federal Contract Tower,7,19,24,0,50,0,0,10,0,10,7,19,34,0,60,10,0,10,70
11/24/2022,EGE,CO,ANM,WE,Federal Contract Tower,2,7,2,0,11,0,0,4,0,4,2,7,6,0,15,0,0,0,15
11/25/2022,EGE,CO,ANM,WE,Federal Contract Tower,8,24,21,0,53,0,0,23,0,23,8,24,44,0,76,14,0,14,90
11/26/2022,EGE,CO,ANM,WE,Federal Contract Tower,15,29,26,0,70,0,0,35,0,35,15,29,61,0,105,24,0,24,129
11/27/2022,EGE,CO,ANM,WE,Federal Contract Tower,7,26,57,0,90,0,0,16,2,18,7,26,73,2,108,2,0,2,110
11/28/2022,EGE,CO,ANM,WE,Federal Contract Tower,7,24,11,0,42,0,0,9,1,10,7,24,20,1,52,58,0,58,110
11/29/2022,EGE,CO,ANM,WE,Federal Contract Tower,7,12,7,0,26,0,0,12,8,20,7,12,19,8,46,12,0,12,58
11/30/2022,EGE,CO,ANM,WE,Federal Contract Tower,9,12,27,0,48,0,18,19,0,37,9,30,46,0,85,0,0,0,85
12/01/2022,EGE,CO,ANM,WE,Federal Contract Tower,7,12,22,0,41,0,0,14,20,34,7,12,36,20,75,12,10,22,97
12/02/2022,EGE,CO,ANM,WE,Federal Contract Tower,7,12,9,0,28,0,0,1,0,1,7,12,10,0,29,0,0,0,29
12/03/2022,EGE,CO,ANM,WE,Federal Contract Tower,7,18,11,0,36,0,0,7,5,12,7,18,18,5,48,20,0,20,68
12/04/2022,EGE,CO,ANM,WE,Federal Contract Tower,7,37,22,0,66,0,0,16,3,19,7,37,38,3,85,52,0,52,137
12/05/2022,EGE,CO,ANM,WE,Federal Contract Tower,7,22,16,0,45,0,0,11,0,11,7,22,27,0,56,68,0,68,124
12/06/2022,EGE,CO,ANM,WE,Federal Contract Tower,7,10,12,0,29,0,0,5,15,20,7,10,17,15,49,34,24,58,107
12/07/2022,EGE,CO,ANM,WE,Federal Contract Tower,7,20,22,0,49,0,0,11,22,33,7,20,33,22,82,30,0,30,112
12/08/2022,EGE,CO,ANM,WE,Federal Contract Tower,7,24,22,3,56,0,0,5,25,30,7,24,27,28,86,14,0,14,100
12/09/2022,EGE,CO,ANM,WE,Federal Contract Tower,7,17,33,0,57,0,0,28,13,41,7,17,61,13,98,48,0,48,146
12/10/2022,EGE,CO,ANM,WE,Federal Contract Tower,7,13,17,2,39,0,0,46,5,51,7,13,63,7,90,24,4,28,118
12/11/2022,EGE,CO,ANM,WE,Federal Contract Tower,7,33,34,0,74,0,0,9,2,11,7,33,43,2,85,64,0,64,149
12/12/2022,EGE,CO,ANM,WE,Federal Contract Tower,7,20,11,0,38,0,0,9,1,10,7,20,20,1,48,36,0,36,84
12/13/2022,EGE,CO,ANM,WE,Federal Contract Tower,7,6,19,0,32,0,0,2,22,24,7,6,21,22,56,8,2,10,66
12/14/2022,EGE,CO,ANM,WE,Federal Contract Tower,7,15,41,0,63,0,0,13,28,41,7,15,54,28,104,14,0,14,118
12/15/2022,EGE,CO,ANM,WE,Federal Contract Tower,35,36,39,0,110,0,0,3,16,19,35,36,42,16,129,14,0,14,143
12/16/2022,EGE,CO,ANM,WE,Federal Contract Tower,33,50,76,0,159,0,0,25,8,33,33,50,101,8,192,0,0,0,192
12/17/2022,EGE,CO,ANM,WE,Federal Contract Tower,44,75,91,0,210,0,1,36,1,38,44,76,127,1,248,0,0,0,248
12/18/2022,EGE,CO,ANM,WE,Federal Contract Tower,39,47,61,0,147,0,0,22,1,23,39,47,83,1,170,24,0,24,194
12/19/2022,EGE,CO,ANM,WE,Federal Contract Tower,37,58,53,4,152,0,0,24,5,29,37,58,77,9,181,2,0,2,183
12/20/2022,EGE,CO,ANM,WE,Federal Contract Tower,36,54,51,0,141,0,0,20,5,25,36,54,71,5,166,0,18,18,184
12/21/2022,EGE,CO,ANM,WE,Federal Contract Tower,35,53,61,0,149,0,0,1,0,1,35,53,62,0,150,0,0,0,150
12/22/2022,EGE,CO,ANM,WE,Federal Contract Tower,31,60,84,0,175,0,0,6,0,6,31,60,90,0,181,0,0,0,181
12/23/2022,EGE,CO,ANM,WE,Federal Contract Tower,33,54,82,0,169,0,0,8,0,8,33,54,90,0,177,0,0,0,177
12/24/2022,EGE,CO,ANM,WE,Federal Contract Tower,35,46,24,0,105,0,0,7,0,7,35,46,31,0,112,34,0,34,146
12/25/2022,EGE,CO,ANM,WE,Federal Contract Tower,32,62,27,0,121,0,0,0,0,0,32,62,27,0,121,0,0,0,121
12/26/2022,EGE,CO,ANM,WE,Federal Contract Tower,38,110,150,0,298,0,0,14,0,14,38,110,164,0,312,0,0,0,312
12/27/2022,EGE,CO,ANM,WE,Federal Contract Tower,39,82,172,0,293,0,0,0,0,0,39,82,172,0,293,0,0,0,293
12/28/2022,EGE,CO,ANM,WE,Federal Contract Tower,34,51,60,0,145,0,0,2,0,2,34,51,62,0,147,4,0,4,151
12/29/2022,EGE,CO,ANM,WE,Federal Contract Tower,39,66,74,0,179,0,0,8,3,11,39,66,82,3,190,0,10,10,200
12/30/2022,EGE,CO,ANM,WE,Federal Contract Tower,39,90,82,0,211,0,0,2,0,2,39,90,84,0,213,0,0,0,213
12/31/2022,EGE,CO,ANM,WE,Federal Contract Tower,33,43,25,0,101,0,0,0,0,0,33,43,25,0,101,0,0,0,101
01/01/2023,EGE,CO,ANM,WE,Federal Contract Tower,36,104,88,0,228,0,0,4,0,4,36,104,92,0,232,0,0,0,232
01/02/2023,EGE,CO,ANM,WE,Federal Contract Tower,40,85,100,0,225,0,0,9,0,9,40,85,109,0,234,0,0,0,234
01/03/2023,EGE,CO,ANM,WE,Federal Contract Tower,38,99,99,0,236,0,0,0,23,23,38,99,99,23,259,0,0,0,259
01/04/2023,EGE,CO,ANM,WE,Federal Contract Tower,33,75,62,0,170,0,0,12,6,18,33,75,74,6,188,6,0,6,194
01/05/2023,EGE,CO,ANM,WE,Federal Contract Tower,31,52,65,0,148,0,0,24,8,32,31,52,89,8,180,0,8,8,188
01/06/2023,EGE,CO,ANM,WE,Federal Contract Tower,36,47,38,0,121,0,0,0,0,0,36,47,38,0,121,8,0,8,129
01/07/2023,EGE,CO,ANM,WE,Federal Contract Tower,41,79,76,0,196,0,0,30,2,32,41,79,106,2,228,14,0,14,242
01/08/2023,EGE,CO,ANM,WE,Federal Contract Tower,35,55,67,0,157,0,0,24,3,27,35,55,91,3,184,68,0,68,252
01/09/2023,EGE,CO,ANM,WE,Federal Contract Tower,35,28,28,0,91,0,0,16,0,16,35,28,44,0,107,30,0,30,137
01/10/2023,EGE,CO,ANM,WE,Federal Contract Tower,29,27,36,0,92,0,0,7,0,7,29,27,43,0,99,36,0,36,135
01/11/2023,EGE,CO,ANM,WE,Federal Contract Tower,28,44,26,0,98,0,0,13,21,34,28,44,39,21,132,30,0,30,162
01/12/2023,EGE,CO,ANM,WE,Federal Contract Tower,31,59,60,0,150,0,2,23,22,47,31,61,83,22,197,4,16,20,217
01/13/2023,EGE,CO,ANM,WE,Federal Contract Tower,29,47,65,0,141,0,0,23,9,32,29,47,88,9,173,18,0,18,191
01/14/2023,EGE,CO,ANM,WE,Federal Contract Tower,35,36,29,0,100,0,0,19,0,19,35,36,48,0,119,24,0,24,143
01/15/2023,EGE,CO,ANM,WE,Federal Contract Tower,26,52,26,0,104,0,0,6,0,6,26,52,32,0,110,16,0,16,126
01/16/2023,EGE,CO,ANM,WE,Federal Contract Tower,28,85,84,0,197,0,0,2,0,2,28,85,86,0,199,0,0,0,199
01/17/2023,EGE,CO,ANM,WE,Federal Contract Tower,32,32,19,0,83,0,0,0,0,0,32,32,19,0,83,28,0,28,111
01/18/2023,EGE,CO,ANM,WE,Federal Contract Tower,25,34,28,0,87,0,0,2,0,2,25,34,30,0,89,0,0,0,89
01/19/2023,EGE,CO,ANM,WE,Federal Contract Tower,29,34,39,0,102,0,0,15,12,27,29,34,54,12,129,14,0,14,143
01/20/2023,EGE,CO,ANM,WE,Federal Contract Tower,29,25,27,0,81,0,0,15,4,19,29,25,42,4,100,26,0,26,126
01/21/2023,EGE,CO,ANM,WE,Federal Contract Tower,35,30,35,0,100,0,0,9,1,10,35,30,44,1,110,46,0,46,156
01/22/2023,EGE,CO,ANM,WE,Federal Contract Tower,29,33,45,0,107,0,0,15,1,16,29,33,60,1,123,50,0,50,173
01/23/2023,EGE,CO,ANM,WE,Federal Contract Tower,29,24,18,0,71,0,0,26,0,26,29,24,44,0,97,46,0,46,143
01/24/2023,EGE,CO,ANM,WE,Federal Contract Tower,27,33,40,0,100,0,0,7,21,28,27,33,47,21,128,56,65,121,249
01/25/2023,EGE,CO,ANM,WE,Federal Contract Tower,29,37,45,0,111,0,0,6,18,24,29,37,51,18,135,26,24,50,185
01/26/2023,EGE,CO,ANM,WE,Federal Contract Tower,29,33,48,0,110,0,0,22,19,41,29,33,70,19,151,2,2,4,155
01/27/2023,EGE,CO,ANM,WE,Federal Contract Tower,29,28,30,0,87,0,0,0,4,4,29,28,30,4,91,0,0,0,91
01/28/2023,EGE,CO,ANM,WE,Federal Contract Tower,37,35,58,0,130,0,0,1,3,4,37,35,59,3,134,10,0,10,144
01/29/2023,EGE,CO,ANM,WE,Federal Contract Tower,28,58,50,0,136,0,0,0,0,0,28,58,50,0,136,52,0,52,188
01/30/2023,EGE,CO,ANM,WE,Federal Contract Tower,24,13,26,0,63,0,0,1,0,1,24,13,27,0,64,8,0,8,72
01/31/2023,EGE,CO,ANM,WE,Federal Contract Tower,21,35,31,0,87,0,0,23,19,42,21,35,54,19,129,54,24,78,207
02/01/2023,EGE,CO,ANM,WE,Federal Contract Tower,26,24,32,0,82,0,0,41,19,60,26,24,73,19,142,42,4,46,188
02/02/2023,EGE,CO,ANM,WE,Federal Contract Tower,23,48,34,0,105,0,0,31,20,51,23,48,65,20,156,60,30,90,246
02/03/2023,EGE,CO,ANM,WE,Federal Contract Tower,32,29,50,0,111,0,0,20,13,33,32,29,70,13,144,60,38,98,242
02/04/2023,EGE,CO,ANM,WE,Federal Contract Tower,42,37,35,0,114,0,0,34,3,37,42,37,69,3,151,8,0,8,159
02/05/2023,EGE,CO,ANM,WE,Federal Contract Tower,31,46,44,0,121,0,1,23,1,25,31,47,67,1,146,22,0,22,168
02/06/2023,EGE,CO,ANM,WE,Federal Contract Tower,31,37,31,0,99,0,0,9,0,9,31,37,40,0,108,10,0,10,118
02/07/2023,EGE,CO,ANM,WE,Federal Contract Tower,32,18,23,0,73,0,0,29,24,53,32,18,52,24,126,54,36,90,216
02/08/2023,EGE,CO,ANM,WE,Federal Contract Tower,31,35,40,2,108,0,0,17,26,43,31,35,57,28,151,22,20,42,193
02/09/2023,EGE,CO,ANM,WE,Federal Contract Tower,31,47,47,1,126,0,0,19,15,34,31,47,66,16,160,18,10,28,188
02/10/2023,EGE,CO,ANM,WE,Federal Contract Tower,35,34,46,0,115,0,0,33,12,45,35,34,79,12,160,30,0,30,190
02/11/2023,EGE,CO,ANM,WE,Federal Contract Tower,44,42,53,0,139,0,0,25,3,28,44,42,78,3,167,18,0,18,185
02/12/2023,EGE,CO,ANM,WE,Federal Contract Tower,32,53,48,1,134,0,0,34,2,36,32,53,82,3,170,0,0,0,170
02/13/2023,EGE,CO,ANM,WE,Federal Contract Tower,34,56,57,1,148,0,0,22,0,22,34,56,79,1,170,60,0,60,230
02/14/2023,EGE,CO,ANM,WE,Federal Contract Tower,31,38,30,0,99,0,0,3,10,13,31,38,33,10,112,26,30,56,168
02/15/2023,EGE,CO,ANM,WE,Federal Contract Tower,32,76,56,0,164,0,0,4,21,25,32,76,60,21,189,26,12,38,227
02/16/2023,EGE,CO,ANM,WE,Federal Contract Tower,32,77,115,2,226,0,0,28,12,40,32,77,143,14,266,6,6,12,278
02/17/2023,EGE,CO,ANM,WE,Federal Contract Tower,33,71,99,0,203,0,0,35,22,57,33,71,134,22,260,36,14,50,310
02/18/2023,EGE,CO,ANM,WE,Federal Contract Tower,44,68,65,1,178,0,0,28,1,29,44,68,93,2,207,16,0,16,223
02/19/2023,EGE,CO,ANM,WE,Federal Contract Tower,36,38,58,0,132,0,0,0,0,0,36,38,58,0,132,10,0,10,142
02/20/2023,EGE,CO,ANM,WE,Federal Contract Tower,33,100,120,0,253,0,0,9,0,9,33,100,129,0,262,4,0,4,266
02/21/2023,EGE,CO,ANM,WE,Federal Contract Tower,32,64,63,0,159,0,0,8,0,8,32,64,71,0,167,2,0,2,169
02/22/2023,EGE,CO,ANM,WE,Federal Contract Tower,22,20,23,0,65,0,0,0,0,0,22,20,23,0,65,4,0,4,69
02/23/2023,EGE,CO,ANM,WE,Federal Contract Tower,33,59,71,0,163,0,0,9,2,11,33,59,80,2,174,66,0,66,240
02/24/2023,EGE,CO,ANM,WE,Federal Contract Tower,33,44,72,0,149,0,0,7,0,7,33,44,79,0,156,50,0,50,206
02/25/2023,EGE,CO,ANM,WE,Federal Contract Tower,42,89,58,0,189,0,0,25,2,27,42,89,83,2,216,0,0,0,216
02/26/2023,EGE,CO,ANM,WE,Federal Contract Tower,34,78,74,0,186,0,0,14,3,17,34,78,88,3,203,16,0,16,219
02/27/2023,EGE,CO,ANM,WE,Federal Contract Tower,33,38,41,0,112,0,0,17,0,17,33,38,58,0,129,24,0,24,153
02/28/2023,EGE,CO,ANM,WE,Federal Contract Tower,31,37,39,0,107,0,0,2,20,22,31,37,41,20,129,12,8,20,149
03/01/2023,EGE,CO,ANM,WE,Federal Contract Tower,40,51,34,0,125,0,0,2,22,24,40,51,36,22,149,12,14,26,175
03/02/2023,EGE,CO,ANM,WE,Federal Contract Tower,35,32,49,0,116,0,0,29,19,48,35,32,78,19,164,40,8,48,212
03/03/2023,EGE,CO,ANM,WE,Federal Contract Tower,37,47,58,0,142,0,0,6,7,13,37,47,64,7,155,30,0,30,185
03/04/2023,EGE,CO,ANM,WE,Federal Contract Tower,44,65,67,0,176,0,0,23,2,25,44,65,90,2,201,6,0,6,207
03/05/2023,EGE,CO,ANM,WE,Federal Contract Tower,38,49,70,0,157,0,0,6,2,8,38,49,76,2,165,8,0,8,173
03/06/2023,EGE,CO,ANM,WE,Federal Contract Tower,37,38,40,0,115,0,0,16,1,17,37,38,56,1,132,22,0,22,154
03/07/2023,EGE,CO,ANM,WE,Federal Contract Tower,37,51,25,0,113,0,0,21,15,36,37,51,46,15,149,38,8,46,195
03/08/2023,EGE,CO,ANM,WE,Federal Contract Tower,37,40,40,0,117,0,0,16,20,36,37,40,56,20,153,38,12,50,203
03/09/2023,EGE,CO,ANM,WE,Federal Contract Tower,38,46,49,0,133,0,0,33,10,43,38,46,82,10,176,22,10,32,208
03/10/2023,EGE,CO,ANM,WE,Federal Contract Tower,38,65,58,0,161,0,0,1,1,2,38,65,59,1,163,28,0,28,191
03/11/2023,EGE,CO,ANM,WE,Federal Contract Tower,45,77,92,0,214,0,0,13,1,14,45,77,105,1,228,16,0,16,244
03/12/2023,EGE,CO,ANM,WE,Federal Contract Tower,38,74,82,0,194,0,0,1,1,2,38,74,83,1,196,30,0,30,226
03/13/2023,EGE,CO,ANM,WE,Federal Contract Tower,36,50,48,0,134,0,0,17,0,17,36,50,65,0,151,26,0,26,177
03/14/2023,EGE,CO,ANM,WE,Federal Contract Tower,38,25,25,0,88,0,0,25,19,44,38,25,50,19,132,26,8,34,166
03/15/2023,EGE,CO,ANM,WE,Federal Contract Tower,37,61,44,0,142,0,0,4,25,29,37,61,48,25,171,26,22,48,219
03/16/2023,EGE,CO,ANM,WE,Federal Contract Tower,35,50,48,0,133,0,0,15,17,32,35,50,63,17,165,48,10,58,223
03/17/2023,EGE,CO,ANM,WE,Federal Contract Tower,39,82,68,0,189,0,0,38,8,46,39,82,106,8,235,90,0,90,325
03/18/2023,EGE,CO,ANM,WE,Federal Contract Tower,42,89,95,0,226,0,0,49,1,50,42,89,144,1,276,10,0,10,286
03/19/2023,EGE,CO,ANM,WE,Federal Contract Tower,41,74,87,0,202,0,0,33,2,35,41,74,120,2,237,18,0,18,255
03/20/2023,EGE,CO,ANM,WE,Federal Contract Tower,36,35,31,0,102,0,0,3,0,3,36,35,34,0,105,8,0,8,113
03/21/2023,EGE,CO,ANM,WE,Federal Contract Tower,37,44,24,0,105,0,0,9,13,22,37,44,33,13,127,4,6,10,137
03/22/2023,EGE,CO,ANM,WE,Federal Contract Tower,28,9,5,0,42,0,0,0,0,0,28,9,5,0,42,0,0,0,42
03/23/2023,EGE,CO,ANM,WE,Federal Contract Tower,40,47,48,0,135,0,0,16,19,35,40,47,64,19,170,48,28,76,246
03/24/2023,EGE,CO,ANM,WE,Federal Contract Tower,39,55,43,0,137,0,0,18,8,26,39,55,61,8,163,70,2,72,235
03/25/2023,EGE,CO,ANM,WE,Federal Contract Tower,45,65,77,0,187,0,0,3,1,4,45,65,80,1,191,8,0,8,199
03/26/2023,EGE,CO,ANM,WE,Federal Contract Tower,30,37,49,0,116,0,0,10,1,11,30,37,59,1,127,30,0,30,157
03/27/2023,EGE,CO,ANM,WE,Federal Contract Tower,29,42,21,0,92,0,0,15,0,15,29,42,36,0,107,32,0,32,139
03/28/2023,EGE,CO,ANM,WE,Federal Contract Tower,29,33,10,0,72,0,0,28,16,44,29,33,38,16,116,34,8,42,158
03/29/2023,EGE,CO,ANM,WE,Federal Contract Tower,28,27,26,0,81,0,0,30,18,48,28,27,56,18,129,24,4,28,157
03/30/2023,EGE,CO,ANM,WE,Federal Contract Tower,29,25,25,0,79,0,0,12,8,20,29,25,37,8,99,30,10,40,139
03/31/2023,EGE,CO,ANM,WE,Federal Contract Tower,29,40,37,0,106,0,0,1,0,1,29,40,38,0,107,0,0,0,107
04/01/2023,EGE,CO,ANM,WE,Federal Contract Tower,31,62,56,1,150,0,0,22,3,25,31,62,78,4,175,16,2,18,193
04/03/2023,EGE,CO,ANM,WE,Federal Contract Tower,25,35,21,0,81,0,0,0,0,0,25,35,21,0,81,0,0,0,81
04/04/2023,EGE,CO,ANM,WE,Federal Contract Tower,7,26,9,0,42,0,0,0,0,0,7,26,9,0,42,0,2,2,44
04/05/2023,EGE,CO,ANM,WE,Federal Contract Tower,7,31,20,0,58,0,0,16,21,37,7,31,36,21,95,94,22,116,211
04/06/2023,EGE,CO,ANM,WE,Federal Contract Tower,7,25,34,0,66,0,0,44,9,53,7,25,78,9,119,40,6,46,165
04/07/2023,EGE,CO,ANM,WE,Federal Contract Tower,0,7,22,19,48,0,1,38,12,51,0,8,60,31,99,56,14,70,169
04/08/2023,EGE,CO,ANM,WE,Federal Contract Tower,9,33,30,0,72,0,0,46,0,46,9,33,76,0,118,50,0,50,168
04/09/2023,EGE,CO,ANM,WE,Federal Contract Tower,9,29,50,0,88,0,0,17,0,17,9,29,67,0,105,26,0,26,131
04/10/2023,EGE,CO,ANM,WE,Federal Contract Tower,7,27,33,0,67,0,0,36,0,36,7,27,69,0,103,82,0,82,185
04/11/2023,EGE,CO,ANM,WE,Federal Contract Tower,7,13,21,0,41,0,0,24,12,36,7,13,45,12,77,38,32,70,147
04/12/2023,EGE,CO,ANM,WE,Federal Contract Tower,8,23,17,0,48,0,0,23,25,48,8,23,40,25,96,66,7,73,169
04/13/2023,EGE,CO,ANM,WE,Federal Contract Tower,7,19,16,0,42,0,0,15,16,31,7,19,31,16,73,22,0,22,95
04/14/2023,EGE,CO,ANM,WE,Federal Contract Tower,7,22,10,0,39,0,0,9,0,9,7,22,19,0,48,32,0,32,80
04/15/2023,EGE,CO,ANM,WE,Federal Contract Tower,7,19,16,0,42,0,0,20,5,25,7,19,36,5,67,20,0,20,87
04/16/2023,EGE,CO,ANM,WE,Federal Contract Tower,7,28,23,0,58,0,0,39,1,40,7,28,62,1,98,34,0,34,132
04/17/2023,EGE,CO,ANM,WE,Federal Contract Tower,7,16,16,0,39,0,0,24,0,24,7,16,40,0,63,66,0,66,129
04/18/2023,EGE,CO,ANM,WE,Federal Contract Tower,7,13,12,0,32,0,0,7,21,28,7,13,19,21,60,8,32,40,100
04/19/2023,EGE,CO,ANM,WE,Federal Contract Tower,5,20,13,0,38,0,0,3,8,11,5,20,16,8,49,2,0,2,51
04/20/2023,EGE,CO,ANM,WE,Federal Contract Tower,7,8,15,0,30,0,0,19,27,46,7,8,34,27,76,50,11,61,137
04/21/2023,EGE,CO,ANM,WE,Federal Contract Tower,7,7,10,0,24,0,0,21,12,33,7,7,31,12,57,86,8,94,151
04/22/2023,EGE,CO,ANM,WE,Federal Contract Tower,7,15,8,0,30,0,0,14,1,15,7,15,22,1,45,110,0,110,155
04/23/2023,EGE,CO,ANM,WE,Federal Contract Tower,7,16,18,0,41,0,0,33,3,36,7,16,51,3,77,42,0,42,119
04/24/2023,EGE,CO,ANM,WE,Federal Contract Tower,7,4,14,0,25,0,0,31,0,31,7,4,45,0,56,58,0,58,114
04/25/2023,EGE,CO,ANM,WE,Federal Contract Tower,7,4,9,0,20,0,0,10,0,10,7,4,19,0,30,20,0,20,50
04/26/2023,EGE,CO,ANM,WE,Federal Contract Tower,7,10,9,0,26,0,0,16,8,24,7,10,25,8,50,0,12,12,62
04/27/2023,EGE,CO,ANM,WE,Federal Contract Tower,7,12,13,0,32,0,0,20,0,20,7,12,33,0,52,26,0,26,78
04/28/2023,EGE,CO,ANM,WE,Federal Contract Tower,7,7,10,0,24,0,0,21,6,27,7,7,31,6,51,28,2,30,81
04/29/2023,EGE,CO,ANM,WE,Federal Contract Tower,7,4,3,0,14,0,0,47,0,47,7,4,50,0,61,16,0,16,77
04/30/2023,EGE,CO,ANM,WE,Federal Contract Tower,7,11,20,0,38,0,0,44,2,46,7,11,64,2,84,40,0,40,124
05/01/2023,EGE,CO,ANM,WE,Federal Contract Tower,7,6,8,0,21,0,0,32,0,32,7,6,40,0,53,70,0,70,123
05/02/2023,EGE,CO,ANM,WE,Federal Contract Tower,7,3,10,0,20,0,1,25,0,26,7,4,35,0,46,50,0,50,96
05/03/2023,EGE,CO,ANM,WE,Federal Contract Tower,7,10,7,0,24,0,0,30,0,30,7,10,37,0,54,38,0,38,92
05/04/2023,EGE,CO,ANM,WE,Federal Contract Tower,5,9,10,0,24,0,0,19,10,29,5,9,29,10,53,62,4,66,119
05/05/2023,EGE,CO,ANM,WE,Federal Contract Tower,7,5,15,0,27,0,0,19,17,36,7,5,34,17,63,90,0,90,153
05/06/2023,EGE,CO,ANM,WE,Federal Contract Tower,6,8,10,0,24,0,0,11,15,26,6,8,21,15,50,12,0,12,62
05/07/2023,EGE,CO,ANM,WE,Federal Contract Tower,7,7,11,0,25,0,0,10,10,20,7,7,21,10,45,18,22,40,85
05/08/2023,EGE,CO,ANM,WE,Federal Contract Tower,8,17,2,0,27,0,0,38,0,38,8,17,40,0,65,44,0,44,109
05/09/2023,EGE,CO,ANM,WE,Federal Contract Tower,7,9,12,0,28,0,0,41,11,52,7,9,53,11,80,62,10,72,152
05/10/2023,EGE,CO,ANM,WE,Federal Contract Tower,8,3,7,0,18,0,0,18,11,29,8,3,25,11,47,34,0,34,81
05/11/2023,EGE,CO,ANM,WE,Federal Contract Tower,9,11,3,0,23,0,0,8,5,13,9,11,11,5,36,46,0,46,82
05/12/2023,EGE,CO,ANM,WE,Federal Contract Tower,9,9,16,0,34,0,0,16,6,22,9,9,32,6,56,74,0,74,130
05/13/2023,EGE,CO,ANM,WE,Federal Contract Tower,7,15,8,0,30,0,0,24,0,24,7,15,32,0,54,24,0,24,78
05/14/2023,EGE,CO,ANM,WE,Federal Contract Tower,9,9,9,0,27,0,0,0,0,0,9,9,9,0,27,48,0,48,75
05/15/2023,EGE,CO,ANM,WE,Federal Contract Tower,9,16,1,0,26,0,0,12,0,12,9,16,13,0,38,0,0,0,38
05/16/2023,EGE,CO,ANM,WE,Federal Contract Tower,9,19,0,2,30,0,0,24,27,51,9,19,24,29,81,24,24,48,129
05/17/2023,EGE,CO,ANM,WE,Federal Contract Tower,9,13,11,0,33,0,0,20,11,31,9,13,31,11,64,18,10,28,92
05/18/2023,EGE,CO,ANM,WE,Federal Contract Tower,7,19,11,0,37,0,0,24,13,37,7,19,35,13,74,48,8,56,130
05/19/2023,EGE,CO,ANM,WE,Federal Contract Tower,9,10,9,0,28,0,0,20,7,27,9,10,29,7,55,42,0,42,97
05/20/2023,EGE,CO,ANM,WE,Federal Contract Tower,9,8,9,0,26,0,0,15,0,15,9,8,24,0,41,24,0,24,65
05/21/2023,EGE,CO,ANM,WE,Federal Contract Tower,9,19,9,0,37,0,0,28,0,28,9,19,37,0,65,4,0,4,69
05/22/2023,EGE,CO,ANM,WE,Federal Contract Tower,9,13,15,0,37,0,0,30,0,30,9,13,45,0,67,16,0,16,83
05/23/2023,EGE,CO,ANM,WE,Federal Contract Tower,9,10,12,0,31,0,0,21,10,31,9,10,33,10,62,44,0,44,106
05/24/2023,EGE,CO,ANM,WE,Federal Contract Tower,11,20,9,0,40,0,0,14,8,22,11,20,23,8,62,0,0,0,62
05/25/2023,EGE,CO,ANM,WE,Federal Contract Tower,7,15,14,0,36,0,0,25,9,34,7,15,39,9,70,34,14,48,118
05/26/2023,EGE,CO,ANM,WE,Federal Contract Tower,6,24,21,0,51,0,0,28,2,30,6,24,49,2,81,24,0,24,105
05/27/2023,EGE,CO,ANM,WE,Federal Contract Tower,6,23,19,0,48,0,0,31,0,31,6,23,50,0,79,0,0,0,79
05/28/2023,EGE,CO,ANM,WE,Federal Contract Tower,7,21,6,0,34,0,1,24,0,25,7,22,30,0,59,18,0,18,77
05/29/2023,EGE,CO,ANM,WE,Federal Contract Tower,7,17,11,0,35,0,0,21,0,21,7,17,32,0,56,24,0,24,80
05/30/2023,EGE,CO,ANM,WE,Federal Contract Tower,7,14,16,0,37,0,0,23,0,23,7,14,39,0,60,26,0,26,86
05/31/2023,EGE,CO,ANM,WE,Federal Contract Tower,6,18,18,0,42,0,0,24,2,26,6,18,42,2,68,16,0,16,84
06/01/2023,EGE,CO,ANM,WE,Federal Contract Tower,7,21,16,0,44,0,0,17,8,25,7,21,33,8,69,40,0,40,109
06/02/2023,EGE,CO,ANM,WE,Federal Contract Tower,8,17,25,0,50,0,0,2,0,2,8,17,27,0,52,4,0,4,56
06/03/2023,EGE,CO,ANM,WE,Federal Contract Tower,9,19,16,0,44,0,0,9,0,9,9,19,25,0,53,18,0,18,71
06/04/2023,EGE,CO,ANM,WE,Federal Contract Tower,8,19,18,0,45,0,0,15,1,16,8,19,33,1,61,0,0,0,61
06/05/2023,EGE,CO,ANM,WE,Federal Contract Tower,9,12,14,0,35,0,0,20,2,22,9,12,34,2,57,32,6,38,95
06/06/2023,EGE,CO,ANM,WE,Federal Contract Tower,8,19,10,0,37,0,0,37,0,37,8,19,47,0,74,42,0,42,116
06/07/2023,EGE,CO,ANM,WE,Federal Contract Tower,8,13,16,0,37,0,0,18,16,34,8,13,34,16,71,52,0,52,123
06/08/2023,EGE,CO,ANM,WE,Federal Contract Tower,8,18,16,0,42,0,0,20,16,36,8,18,36,16,78,38,12,50,128
06/09/2023,EGE,CO,ANM,WE,Federal Contract Tower,9,14,16,0,39,0,0,32,8,40,9,14,48,8,79,14,0,14,93
06/10/2023,EGE,CO,ANM,WE,Federal Contract Tower,8,28,16,0,52,0,0,31,2,33,8,28,47,2,85,32,0,32,117
06/11/2023,EGE,CO,ANM,WE,Federal Contract Tower,9,31,29,0,69,0,0,21,0,21,9,31,50,0,90,16,0,16,106
06/12/2023,EGE,CO,ANM,WE,Federal Contract Tower,8,18,20,0,46,0,0,21,0,21,8,18,41,0,67,10,0,10,77
06/13/2023,EGE,CO,ANM,WE,Federal Contract Tower,10,24,25,0,59,0,0,16,9,25,10,24,41,9,84,10,0,10,94
06/14/2023,EGE,CO,ANM,WE,Federal Contract Tower,8,30,23,0,61,0,0,34,15,49,8,30,57,15,110,70,4,74,184
06/15/2023,EGE,CO,ANM,WE,Federal Contract Tower,8,34,35,0,77,0,0,14,8,22,8,34,49,8,99,50,0,50,149
06/16/2023,EGE,CO,ANM,WE,Federal Contract Tower,7,36,31,0,74,0,0,22,12,34,7,36,53,12,108,46,14,60,168
06/17/2023,EGE,CO,ANM,WE,Federal Contract Tower,8,31,13,0,52,0,0,15,2,17,8,31,28,2,69,14,0,14,83
06/18/2023,EGE,CO,ANM,WE,Federal Contract Tower,10,24,34,0,68,0,0,21,1,22,10,24,55,1,90,76,0,76,166
06/19/2023,EGE,CO,ANM,WE,Federal Contract Tower,9,27,25,0,61,0,0,37,1,38,9,27,62,1,99,40,6,46,145
06/20/2023,EGE,CO,ANM,WE,Federal Contract Tower,8,27,19,0,54,0,0,23,4,27,8,27,42,4,81,1,0,1,82
06/21/2023,EGE,CO,ANM,WE,Federal Contract Tower,9,24,30,0,63,0,0,46,5,51,9,24,76,5,114,22,4,26,140
06/22/2023,EGE,CO,ANM,WE,Federal Contract Tower,12,30,34,0,76,0,0,49,4,53,12,30,83,4,129,40,8,48,177
06/23/2023,EGE,CO,ANM,WE,Federal Contract Tower,9,19,29,0,57,0,0,23,0,23,9,19,52,0,80,24,0,24,104
06/24/2023,EGE,CO,ANM,WE,Federal Contract Tower,8,20,30,0,58,0,0,63,2,65,8,20,93,2,123,32,2,34,157
06/25/2023,EGE,CO,ANM,WE,Federal Contract Tower,9,29,40,0,78,0,0,45,3,48,9,29,85,3,126,26,0,26,152
06/26/2023,EGE,CO,ANM,WE,Federal Contract Tower,9,25,23,0,57,0,0,30,0,30,9,25,53,0,87,20,0,20,107
06/27/2023,EGE,CO,ANM,WE,Federal Contract Tower,8,32,34,0,74,0,0,16,11,27,8,32,50,11,101,0,4,4,105
06/28/2023,EGE,CO,ANM,WE,Federal Contract Tower,8,36,36,3,83,0,0,26,23,49,8,36,62,26,132,48,0,48,180
06/29/2023,EGE,CO,ANM,WE,Federal Contract Tower,8,20,31,0,59,0,0,49,19,68,8,20,80,19,127,62,4,66,193
06/30/2023,EGE,CO,ANM,WE,Federal Contract Tower,8,53,59,0,120,0,0,33,19,52,8,53,92,19,172,30,10,40,212
07/01/2023,EGE,CO,ANM,WE,Federal Contract Tower,9,67,68,0,144,0,0,61,0,61,9,67,129,0,205,30,0,30,235
07/02/2023,EGE,CO,ANM,WE,Federal Contract Tower,8,49,37,0,94,0,0,30,0,30,8,49,67,0,124,60,0,60,184
07/03/2023,EGE,CO,ANM,WE,Federal Contract Tower,9,35,27,0,71,0,0,45,0,45,9,35,72,0,116,36,0,36,152
07/04/2023,EGE,CO,ANM,WE,Federal Contract Tower,9,23,20,0,52,0,0,27,4,31,9,23,47,4,83,30,0,30,113
07/05/2023,EGE,CO,ANM,WE,Federal Contract Tower,9,41,52,0,102,0,0,33,0,33,9,41,85,0,135,60,0,60,195
07/06/2023,EGE,CO,ANM,WE,Federal Contract Tower,9,44,34,0,87,0,0,41,0,41,9,44,75,0,128,56,0,56,184
07/07/2023,EGE,CO,ANM,WE,Federal Contract Tower,9,43,28,0,80,0,0,21,0,21,9,43,49,0,101,4,0,4,105
07/08/2023,EGE,CO,ANM,WE,Federal Contract Tower,9,45,51,0,105,0,0,28,0,28,9,45,79,0,133,20,0,20,153
07/09/2023,EGE,CO,ANM,WE,Federal Contract Tower,9,38,53,0,100,0,0,32,2,34,9,38,85,2,134,40,0,40,174
07/10/2023,EGE,CO,ANM,WE,Federal Contract Tower,8,29,31,0,68,0,0,21,0,21,8,29,52,0,89,28,0,28,117
07/11/2023,EGE,CO,ANM,WE,Federal Contract Tower,9,29,20,0,58,0,0,22,23,45,9,29,42,23,103,58,36,94,197
07/12/2023,EGE,CO,ANM,WE,Federal Contract Tower,9,42,35,0,86,0,0,38,22,60,9,42,73,22,146,90,22,112,258
07/13/2023,EGE,CO,ANM,WE,Federal Contract Tower,8,32,29,1,70,0,0,39,20,59,8,32,68,21,129,40,6,46,175
07/14/2023,EGE,CO,ANM,WE,Federal Contract Tower,7,47,26,2,82,0,0,26,24,50,7,47,52,26,132,68,2,70,202
07/15/2023,EGE,CO,ANM,WE,Federal Contract Tower,9,35,44,0,88,0,0,21,9,30,9,35,65,9,118,64,4,68,186
07/16/2023,EGE,CO,ANM,WE,Federal Contract Tower,9,61,50,0,120,0,0,51,2,53,9,61,101,2,173,104,0,104,277
07/17/2023,EGE,CO,ANM,WE,Federal Contract Tower,9,28,44,0,81,0,0,23,0,23,9,28,67,0,104,8,0,8,112
07/18/2023,EGE,CO,ANM,WE,Federal Contract Tower,9,31,32,0,72,0,0,24,28,52,9,31,56,28,124,34,26,60,184
07/19/2023,EGE,CO,ANM,WE,Federal Contract Tower,8,41,40,0,89,0,0,28,23,51,8,41,68,23,140,12,4,16,156
07/20/2023,EGE,CO,ANM,WE,Federal Contract Tower,9,41,55,0,105,0,0,35,21,56,9,41,90,21,161,26,10,36,197
07/21/2023,EGE,CO,ANM,WE,Federal Contract Tower,9,41,39,0,89,0,0,34,14,48,9,41,73,14,137,56,0,56,193
07/22/2023,EGE,CO,ANM,WE,Federal Contract Tower,9,29,36,0,74,0,0,34,2,36,9,29,70,2,110,50,0,50,160
07/23/2023,EGE,CO,ANM,WE,Federal Contract Tower,8,55,64,0,127,0,0,29,1,30,8,55,93,1,157,36,0,36,193
07/24/2023,EGE,CO,ANM,WE,Federal Contract Tower,8,41,34,0,83,0,0,29,0,29,8,41,63,0,112,32,0,32,144
07/25/2023,EGE,CO,ANM,WE,Federal Contract Tower,9,37,34,0,80,0,0,33,23,56,9,37,67,23,136,38,12,50,186
07/26/2023,EGE,CO,ANM,WE,Federal Contract Tower,12,39,41,0,92,0,0,25,18,43,12,39,66,18,135,26,0,26,161
07/27/2023,EGE,CO,ANM,WE,Federal Contract Tower,9,45,42,0,96,0,1,34,12,47,9,46,76,12,143,36,4,40,183
07/28/2023,EGE,CO,ANM,WE,Federal Contract Tower,9,35,40,0,84,0,0,30,12,42,9,35,70,12,126,38,16,54,180
07/29/2023,EGE,CO,ANM,WE,Federal Contract Tower,9,41,35,2,87,0,0,39,9,48,9,41,74,11,135,30,20,50,185
07/30/2023,EGE,CO,ANM,WE,Federal Contract Tower,8,53,65,0,126,0,0,21,0,21,8,53,86,0,147,27,0,27,174
07/31/2023,EGE,CO,ANM,WE,Federal Contract Tower,10,39,46,0,95,0,0,27,0,27,10,39,73,0,122,32,0,32,154
08/01/2023,EGE,CO,ANM,WE,Federal Contract Tower,9,38,46,0,93,0,0,31,23,54,9,38,77,23,147,20,28,48,195
08/02/2023,EGE,CO,ANM,WE,Federal Contract Tower,9,35,26,0,70,0,0,26,22,48,9,35,52,22,118,36,0,36,154
08/03/2023,EGE,CO,ANM,WE,Federal Contract Tower,8,38,36,0,82,0,0,12,14,26,8,38,48,14,108,8,2,10,118
08/04/2023,EGE,CO,ANM,WE,Federal Contract Tower,9,34,47,0,90,0,0,41,19,60,9,34,88,19,150,48,4,52,202
08/05/2023,EGE,CO,ANM,WE,Federal Contract Tower,9,52,40,2,103,0,0,24,2,26,9,52,64,4,129,24,0,24,153
08/06/2023,EGE,CO,ANM,WE,Federal Contract Tower,8,56,65,0,129,0,0,32,1,33,8,56,97,1,162,12,0,12,174
08/07/2023,EGE,CO,ANM,WE,Federal Contract Tower,9,54,42,0,105,0,0,18,0,18,9,54,60,0,123,20,0,20,143
08/08/2023,EGE,CO,ANM,WE,Federal Contract Tower,9,57,40,0,106,0,1,24,22,47,9,58,64,22,153,12,6,18,171
08/09/2023,EGE,CO,ANM,WE,Federal Contract Tower,9,37,33,1,80,0,0,31,20,51,9,37,64,21,131,14,14,28,159
08/10/2023,EGE,CO,ANM,WE,Federal Contract Tower,8,40,50,0,98,0,0,35,14,49,8,40,85,14,147,28,2,30,177
08/11/2023,EGE,CO,ANM,WE,Federal Contract Tower,9,48,50,0,107,0,0,45,10,55,9,48,95,10,162,40,8,48,210
08/12/2023,EGE,CO,ANM,WE,Federal Contract Tower,8,26,32,0,66,0,0,27,1,28,8,26,59,1,94,34,0,34,128
08/13/2023,EGE,CO,ANM,WE,Federal Contract Tower,9,45,70,0,124,0,0,38,0,38,9,45,108,0,162,20,0,20,182
08/14/2023,EGE,CO,ANM,WE,Federal Contract Tower,9,43,31,0,83,0,0,37,0,37,9,43,68,0,120,66,0,66,186
08/15/2023,EGE,CO,ANM,WE,Federal Contract Tower,8,24,31,0,63,0,0,27,8,35,8,24,58,8,98,20,15,35,133
08/16/2023,EGE,CO,ANM,WE,Federal Contract Tower,9,37,31,0,77,0,0,30,6,36,9,37,61,6,113,42,0,42,155
08/17/2023,EGE,CO,ANM,WE,Federal Contract Tower,8,39,36,0,83,0,0,42,6,48,8,39,78,6,131,74,2,76,207
08/18/2023,EGE,CO,ANM,WE,Federal Contract Tower,9,46,29,0,84,0,0,22,7,29,9,46,51,7,113,66,2,68,181
08/19/2023,EGE,CO,ANM,WE,Federal Contract Tower,11,30,26,0,67,0,0,28,1,29,11,30,54,1,96,50,30,80,176
08/20/2023,EGE,CO,ANM,WE,Federal Contract Tower,10,32,58,0,100,0,0,25,2,27,10,32,83,2,127,56,0,56,183
08/21/2023,EGE,CO,ANM,WE,Federal Contract Tower,9,26,26,0,61,0,1,30,1,32,9,27,56,1,93,42,0,42,135
08/22/2023,EGE,CO,ANM,WE,Federal Contract Tower,9,31,30,0,70,0,0,29,13,42,9,31,59,13,112,88,0,88,200
08/23/2023,EGE,CO,ANM,WE,Federal Contract Tower,9,34,31,0,74,0,6,37,20,63,9,40,68,20,137,46,4,50,187
08/24/2023,EGE,CO,ANM,WE,Federal Contract Tower,8,38,47,0,93,0,0,29,14,43,8,38,76,14,136,44,0,44,180
08/25/2023,EGE,CO,ANM,WE,Federal Contract Tower,9,32,23,0,64,0,1,20,8,29,9,33,43,8,93,0,0,0,93
08/26/2023,EGE,CO,ANM,WE,Federal Contract Tower,9,35,20,0,64,0,0,14,0,14,9,35,34,0,78,90,0,90,168
08/27/2023,EGE,CO,ANM,WE,Federal Contract Tower,9,43,52,0,104,0,0,26,2,28,9,43,78,2,132,88,0,88,220
08/28/2023,EGE,CO,ANM,WE,Federal Contract Tower,9,31,30,0,70,0,0,18,0,18,9,31,48,0,88,20,0,20,108
08/29/2023,EGE,CO,ANM,WE,Federal Contract Tower,9,23,39,0,71,0,0,33,26,59,9,23,72,26,130,38,24,62,192
08/30/2023,EGE,CO,ANM,WE,Federal Contract Tower,9,36,23,0,68,0,0,51,18,69,9,36,74,18,137,40,6,46,183
08/31/2023,EGE,CO,ANM,WE,Federal Contract Tower,9,39,35,0,83,0,0,35,8,43,9,39,70,8,126,20,10,30,156
