01/01/2020,ELP,TX,ASW,WE,Combined TRACON& Tower with Radar,99,21,7,0,127,0,1,19,0,20,99,22,26,0,147,0,0,0,147
01/02/2020,ELP,TX,ASW,WE,Combined TRACON& Tower with Radar,123,31,25,0,179,0,1,9,0,10,123,32,34,0,189,0,0,0,189
01/03/2020,ELP,TX,ASW,WE,Combined TRACON& Tower with Radar,122,27,30,0,179,0,14,40,3,57,122,41,70,3,236,7,0,7,243
01/04/2020,ELP,TX,ASW,WE,Combined TRACON& Tower with Radar,99,45,29,1,174,0,13,43,2,58,99,58,72,3,232,46,8,54,286
01/05/2020,ELP,TX,ASW,WE,Combined TRACON& Tower with Radar,115,38,13,3,169,0,8,21,2,31,115,46,34,5,200,7,0,7,207
01/06/2020,ELP,TX,ASW,WE,Combined TRACON& Tower with Radar,111,32,14,20,177,0,8,27,14,49,111,40,41,34,226,0,0,0,226
01/07/2020,ELP,TX,ASW,WE,Combined TRACON& Tower with Radar,109,39,10,6,164,0,10,28,7,45,109,49,38,13,209,7,0,7,216
01/08/2020,ELP,TX,ASW,WE,Combined TRACON& Tower with Radar,106,27,27,4,164,0,9,49,5,63,106,36,76,9,227,20,0,20,247
01/09/2020,ELP,TX,ASW,WE,Combined TRACON& Tower with Radar,116,27,29,7,179,0,14,51,13,78,116,41,80,20,257,0,24,24,281
01/10/2020,ELP,TX,ASW,WE,Combined TRACON& Tower with Radar,93,39,25,65,222,0,9,26,3,38,93,48,51,68,260,0,28,28,288
01/11/2020,ELP,TX,ASW,WE,Combined TRACON& Tower with Radar,74,26,17,13,130,0,12,37,3,52,74,38,54,16,182,48,0,48,230
01/12/2020,ELP,TX,ASW,WE,Combined TRACON& Tower with Radar,99,30,14,61,204,0,8,28,4,40,99,38,42,65,244,0,0,0,244
01/13/2020,ELP,TX,ASW,WE,Combined TRACON& Tower with Radar,100,36,25,15,176,0,10,40,3,53,100,46,65,18,229,20,0,20,249
01/14/2020,ELP,TX,ASW,WE,Combined TRACON& Tower with Radar,104,35,22,7,168,0,9,32,3,44,104,44,54,10,212,0,0,0,212
01/15/2020,ELP,TX,ASW,WE,Combined TRACON& Tower with Radar,111,26,18,11,166,0,13,31,14,58,111,39,49,25,224,0,0,0,224
01/16/2020,ELP,TX,ASW,WE,Combined TRACON& Tower with Radar,116,37,23,7,183,0,3,25,8,36,116,40,48,15,219,0,0,0,219
01/17/2020,ELP,TX,ASW,WE,Combined TRACON& Tower with Radar,107,36,23,21,187,0,8,30,9,47,107,44,53,30,234,0,0,0,234
01/18/2020,ELP,TX,ASW,WE,Combined TRACON& Tower with Radar,78,25,18,1,122,0,8,40,4,52,78,33,58,5,174,58,0,58,232
01/19/2020,ELP,TX,ASW,WE,Combined TRACON& Tower with Radar,97,19,9,4,129,0,8,32,2,42,97,27,41,6,171,8,0,8,179
01/20/2020,ELP,TX,ASW,WE,Combined TRACON& Tower with Radar,100,21,24,1,146,0,10,53,1,64,100,31,77,2,210,34,0,34,244
01/21/2020,ELP,TX,ASW,WE,Combined TRACON& Tower with Radar,109,28,30,13,180,0,6,26,6,38,109,34,56,19,218,16,0,16,234
01/22/2020,ELP,TX,ASW,WE,Combined TRACON& Tower with Radar,109,27,46,14,196,0,8,39,15,62,109,35,85,29,258,0,50,50,308
01/23/2020,ELP,TX,ASW,WE,Combined TRACON& Tower with Radar,122,35,41,30,228,0,14,72,19,105,122,49,113,49,333,50,38,88,421
01/24/2020,ELP,TX,ASW,WE,Combined TRACON& Tower with Radar,110,30,38,67,245,0,11,62,7,80,110,41,100,74,325,16,4,20,345
01/25/2020,ELP,TX,ASW,WE,Combined TRACON& Tower with Radar,77,22,26,10,135,0,12,47,5,64,77,34,73,15,199,0,0,0,199
01/26/2020,ELP,TX,ASW,WE,Combined TRACON& Tower with Radar,101,20,28,43,192,0,5,23,6,34,101,25,51,49,226,6,0,6,232
01/27/2020,ELP,TX,ASW,WE,Combined TRACON& Tower with Radar,96,23,10,12,141,0,8,28,5,41,96,31,38,17,182,0,0,0,182
01/28/2020,ELP,TX,ASW,WE,Combined TRACON& Tower with Radar,110,28,45,12,195,0,8,37,37,82,110,36,82,49,277,0,70,70,347
01/29/2020,ELP,TX,ASW,WE,Combined TRACON& Tower with Radar,110,32,41,38,221,0,5,35,32,72,110,37,76,70,293,36,94,130,423
01/30/2020,ELP,TX,ASW,WE,Combined TRACON& Tower with Radar,123,42,36,17,218,0,5,46,21,72,123,47,82,38,290,6,46,52,342
01/31/2020,ELP,TX,ASW,WE,Combined TRACON& Tower with Radar,109,38,38,40,225,0,13,32,12,57,109,51,70,52,282,0,8,8,290
02/01/2020,ELP,TX,ASW,CE,Combined TRACON& Tower with Radar,81,24,24,7,136,0,5,52,2,59,81,29,76,9,195,24,6,30,225
02/02/2020,ELP,TX,ASW,CE,Combined TRACON& Tower with Radar,100,19,18,15,152,0,5,31,4,40,100,24,49,19,192,24,8,32,224
02/03/2020,ELP,TX,ASW,CE,Combined TRACON& Tower with Radar,102,29,12,6,149,0,4,16,7,27,102,33,28,13,176,0,0,0,176
02/04/2020,ELP,TX,ASW,CE,Combined TRACON& Tower with Radar,117,39,32,14,202,0,5,9,5,19,117,44,41,19,221,0,0,0,221
02/05/2020,ELP,TX,ASW,CE,Combined TRACON& Tower with Radar,108,41,22,10,181,0,4,9,8,21,108,45,31,18,202,0,16,16,218
02/06/2020,ELP,TX,ASW,CE,Combined TRACON& Tower with Radar,117,40,21,12,190,0,6,34,13,53,117,46,55,25,243,10,14,24,267
02/07/2020,ELP,TX,ASW,CE,Combined TRACON& Tower with Radar,111,31,40,34,216,0,15,56,8,79,111,46,96,42,295,20,10,30,325
02/08/2020,ELP,TX,ASW,CE,Combined TRACON& Tower with Radar,77,19,13,5,114,0,8,47,2,57,77,27,60,7,171,24,0,24,195
02/09/2020,ELP,TX,ASW,CE,Combined TRACON& Tower with Radar,103,23,20,8,154,0,8,24,3,35,103,31,44,11,189,6,0,6,195
02/10/2020,ELP,TX,ASW,CE,Combined TRACON& Tower with Radar,105,37,31,10,183,0,4,21,8,33,105,41,52,18,216,18,0,18,234
02/11/2020,ELP,TX,ASW,CE,Combined TRACON& Tower with Radar,110,29,19,13,171,0,0,6,1,7,110,29,25,14,178,0,0,0,178
02/12/2020,ELP,TX,ASW,CE,Combined TRACON& Tower with Radar,109,37,25,24,195,0,12,19,23,54,109,49,44,47,249,20,38,58,307
02/13/2020,ELP,TX,ASW,CE,Combined TRACON& Tower with Radar,110,43,21,11,185,0,9,53,10,72,110,52,74,21,257,44,6,50,307
02/14/2020,ELP,TX,ASW,CE,Combined TRACON& Tower with Radar,109,39,27,10,185,0,8,47,7,62,109,47,74,17,247,14,0,14,261
02/15/2020,ELP,TX,ASW,CE,Combined TRACON& Tower with Radar,78,28,28,10,144,0,16,56,3,75,78,44,84,13,219,0,0,0,219
02/16/2020,ELP,TX,ASW,CE,Combined TRACON& Tower with Radar,98,24,23,0,145,0,15,44,3,62,98,39,67,3,207,0,0,0,207
02/17/2020,ELP,TX,ASW,CE,Combined TRACON& Tower with Radar,110,38,28,7,183,0,10,24,4,38,110,48,52,11,221,20,0,20,241
02/18/2020,ELP,TX,ASW,CE,Combined TRACON& Tower with Radar,115,53,20,31,219,0,18,33,12,63,115,71,53,43,282,0,0,0,282
02/19/2020,ELP,TX,ASW,CE,Combined TRACON& Tower with Radar,110,41,23,18,192,0,11,31,24,66,110,52,54,42,258,46,0,46,304
02/20/2020,ELP,TX,ASW,CE,Combined TRACON& Tower with Radar,112,39,14,18,183,0,4,21,24,49,112,43,35,42,232,0,38,38,270
02/21/2020,ELP,TX,ASW,CE,Combined TRACON& Tower with Radar,110,31,26,28,195,0,8,12,20,40,110,39,38,48,235,22,32,54,289
02/22/2020,ELP,TX,ASW,CE,Combined TRACON& Tower with Radar,76,37,21,5,139,0,18,40,5,63,76,55,61,10,202,26,0,26,228
02/23/2020,ELP,TX,ASW,CE,Combined TRACON& Tower with Radar,101,29,17,11,158,0,10,16,0,26,101,39,33,11,184,0,0,0,184
02/24/2020,ELP,TX,ASW,CE,Combined TRACON& Tower with Radar,110,39,48,22,219,0,11,61,13,85,110,50,109,35,304,0,0,0,304
02/25/2020,ELP,TX,ASW,CE,Combined TRACON& Tower with Radar,113,29,31,18,191,0,4,33,16,53,113,33,64,34,244,0,0,0,244
02/26/2020,ELP,TX,ASW,CE,Combined TRACON& Tower with Radar,110,35,36,22,203,0,17,50,19,86,110,52,86,41,289,48,0,48,337
02/27/2020,ELP,TX,ASW,CE,Combined TRACON& Tower with Radar,122,42,27,12,203,0,10,44,14,68,122,52,71,26,271,14,12,26,297
02/28/2020,ELP,TX,ASW,CE,Combined TRACON& Tower with Radar,109,28,13,27,177,0,19,39,7,65,109,47,52,34,242,34,10,44,286
02/29/2020,ELP,TX,ASW,CE,Combined TRACON& Tower with Radar,79,25,15,2,121,1,13,41,5,60,80,38,56,7,181,24,0,24,205
03/01/2020,ELP,TX,ASW,CE,Combined TRACON& Tower with Radar,106,29,15,18,168,0,11,27,5,43,106,40,42,23,211,0,0,0,211
03/02/2020,ELP,TX,ASW,CE,Combined TRACON& Tower with Radar,108,20,8,10,146,0,5,33,13,51,108,25,41,23,197,0,0,0,197
03/03/2020,ELP,TX,ASW,CE,Combined TRACON& Tower with Radar,117,36,17,3,173,0,0,11,0,11,117,36,28,3,184,52,0,52,236
03/04/2020,ELP,TX,ASW,CE,Combined TRACON& Tower with Radar,106,37,22,12,177,1,15,22,10,48,107,52,44,22,225,0,20,20,245
03/05/2020,ELP,TX,ASW,CE,Combined TRACON& Tower with Radar,114,36,31,23,204,0,13,47,20,80,114,49,78,43,284,26,14,40,324
03/06/2020,ELP,TX,ASW,CE,Combined TRACON& Tower with Radar,108,28,12,25,173,1,12,28,12,53,109,40,40,37,226,68,0,68,294
03/07/2020,ELP,TX,ASW,CE,Combined TRACON& Tower with Radar,92,25,12,6,135,0,8,56,0,64,92,33,68,6,199,20,0,20,219
03/08/2020,ELP,TX,ASW,CE,Combined TRACON& Tower with Radar,102,28,22,5,157,0,1,7,0,8,102,29,29,5,165,0,0,0,165
03/09/2020,ELP,TX,ASW,CE,Combined TRACON& Tower with Radar,114,29,15,18,176,0,13,31,11,55,114,42,46,29,231,8,24,32,263
03/10/2020,ELP,TX,ASW,CE,Combined TRACON& Tower with Radar,123,25,27,10,185,0,12,31,20,63,123,37,58,30,248,12,0,12,260
03/11/2020,ELP,TX,ASW,CE,Combined TRACON& Tower with Radar,109,28,20,6,163,0,16,30,10,56,109,44,50,16,219,17,40,57,276
03/12/2020,ELP,TX,ASW,CE,Combined TRACON& Tower with Radar,111,46,15,16,188,0,3,24,11,38,111,49,39,27,226,16,8,24,250
03/13/2020,ELP,TX,ASW,CE,Combined TRACON& Tower with Radar,104,43,13,6,166,0,4,5,1,10,104,47,18,7,176,0,0,0,176
03/14/2020,ELP,TX,ASW,CE,Combined TRACON& Tower with Radar,84,44,21,2,151,0,13,39,0,52,84,57,60,2,203,38,0,38,241
03/15/2020,ELP,TX,ASW,CE,Combined TRACON& Tower with Radar,95,35,21,2,153,0,14,40,1,55,95,49,61,3,208,0,0,0,208
03/16/2020,ELP,TX,ASW,CE,Combined TRACON& Tower with Radar,109,36,31,5,181,0,7,47,24,78,109,43,78,29,259,10,0,10,269
03/17/2020,ELP,TX,ASW,CE,Combined TRACON& Tower with Radar,121,39,32,11,203,0,7,25,13,45,121,46,57,24,248,2,22,24,272
03/18/2020,ELP,TX,ASW,CE,Combined TRACON& Tower with Radar,116,37,27,14,194,0,3,28,21,52,116,40,55,35,246,8,54,62,308
03/19/2020,ELP,TX,ASW,CE,Combined TRACON& Tower with Radar,107,27,14,6,154,0,9,33,11,53,107,36,47,17,207,6,0,6,213
03/20/2020,ELP,TX,ASW,CE,Combined TRACON& Tower with Radar,96,36,28,14,174,0,10,81,15,106,96,46,109,29,280,0,8,8,288
03/21/2020,ELP,TX,ASW,CE,Combined TRACON& Tower with Radar,74,21,29,5,129,0,9,72,11,92,74,30,101,16,221,0,0,0,221
03/22/2020,ELP,TX,ASW,CE,Combined TRACON& Tower with Radar,84,21,27,1,133,0,7,44,5,56,84,28,71,6,189,4,0,4,193
03/23/2020,ELP,TX,ASW,CE,Combined TRACON& Tower with Radar,90,16,12,11,129,0,8,15,19,42,90,24,27,30,171,0,52,52,223
03/24/2020,ELP,TX,ASW,CE,Combined TRACON& Tower with Radar,100,18,14,15,147,0,12,22,23,57,100,30,36,38,204,16,0,16,220
03/25/2020,ELP,TX,ASW,CE,Combined TRACON& Tower with Radar,97,7,12,19,135,0,10,34,24,68,97,17,46,43,203,0,2,2,205
03/26/2020,ELP,TX,ASW,CE,Combined TRACON& Tower with Radar,86,13,10,16,125,0,10,33,17,60,86,23,43,33,185,0,56,56,241
03/27/2020,ELP,TX,ASW,CE,Combined TRACON& Tower with Radar,74,8,7,5,94,0,2,14,2,18,74,10,21,7,112,8,8,16,128
03/28/2020,ELP,TX,ASW,CE,Combined TRACON& Tower with Radar,57,9,10,4,80,0,6,34,8,48,57,15,44,12,128,0,0,0,128
03/29/2020,ELP,TX,ASW,CE,Combined TRACON& Tower with Radar,71,5,6,2,84,0,6,21,2,29,71,11,27,4,113,6,0,6,119
03/30/2020,ELP,TX,ASW,CE,Combined TRACON& Tower with Radar,61,5,8,10,84,0,7,18,12,37,61,12,26,22,121,0,0,0,121
03/31/2020,ELP,TX,ASW,CE,Combined TRACON& Tower with Radar,61,11,10,18,100,0,6,39,23,68,61,17,49,41,168,0,28,28,196
04/01/2020,ELP,TX,ASW,CE,Combined TRACON& Tower with Radar,68,12,9,4,93,0,7,35,15,57,68,19,44,19,150,10,34,44,194
04/02/2020,ELP,TX,ASW,CE,Combined TRACON& Tower with Radar,71,9,5,15,100,0,5,33,15,53,71,14,38,30,153,0,38,38,191
04/03/2020,ELP,TX,ASW,CE,Combined TRACON& Tower with Radar,58,15,7,7,87,0,4,48,11,63,58,19,55,18,150,0,26,26,176
04/04/2020,ELP,TX,ASW,CE,Combined TRACON& Tower with Radar,56,8,6,2,72,0,7,29,4,40,56,15,35,6,112,0,0,0,112
04/05/2020,ELP,TX,ASW,CE,Combined TRACON& Tower with Radar,44,5,4,3,56,0,4,29,4,37,44,9,33,7,93,14,0,14,107
04/06/2020,ELP,TX,ASW,CE,Combined TRACON& Tower with Radar,56,7,9,8,80,0,2,23,13,38,56,9,32,21,118,0,0,0,118
04/07/2020,ELP,TX,ASW,CE,Combined TRACON& Tower with Radar,67,12,1,21,101,0,6,36,21,63,67,18,37,42,164,8,38,46,210
04/08/2020,ELP,TX,ASW,CE,Combined TRACON& Tower with Radar,67,5,15,16,103,0,10,39,23,72,67,15,54,39,175,10,20,30,205
04/09/2020,ELP,TX,ASW,CE,Combined TRACON& Tower with Radar,56,20,4,15,95,0,6,29,14,49,56,26,33,29,144,0,31,31,175
04/10/2020,ELP,TX,ASW,CE,Combined TRACON& Tower with Radar,48,7,13,14,82,0,9,33,3,45,48,16,46,17,127,30,0,30,157
04/11/2020,ELP,TX,ASW,CE,Combined TRACON& Tower with Radar,38,10,6,3,57,0,6,39,1,46,38,16,45,4,103,8,0,8,111
04/12/2020,ELP,TX,ASW,CE,Combined TRACON& Tower with Radar,42,8,2,0,52,0,2,15,0,17,42,10,17,0,69,0,0,0,69
04/13/2020,ELP,TX,ASW,CE,Combined TRACON& Tower with Radar,52,7,7,0,66,0,6,20,8,34,52,13,27,8,100,4,44,48,148
04/14/2020,ELP,TX,ASW,CE,Combined TRACON& Tower with Radar,47,10,22,6,85,0,12,31,21,64,47,22,53,27,149,36,58,94,243
04/15/2020,ELP,TX,ASW,CE,Combined TRACON& Tower with Radar,50,7,8,15,80,0,16,41,23,80,50,23,49,38,160,0,12,12,172
04/16/2020,ELP,TX,ASW,CE,Combined TRACON& Tower with Radar,44,6,6,17,73,0,12,33,28,73,44,18,39,45,146,28,52,80,226
04/17/2020,ELP,TX,ASW,CE,Combined TRACON& Tower with Radar,46,9,9,9,73,0,5,34,22,61,46,14,43,31,134,38,0,38,172
04/18/2020,ELP,TX,ASW,CE,Combined TRACON& Tower with Radar,31,10,1,18,60,0,2,20,2,24,31,12,21,20,84,0,0,0,84
04/19/2020,ELP,TX,ASW,CE,Combined TRACON& Tower with Radar,35,5,5,2,47,0,7,17,2,26,35,12,22,4,73,0,0,0,73
04/20/2020,ELP,TX,ASW,CE,Combined TRACON& Tower with Radar,32,8,10,33,83,0,11,24,34,69,32,19,34,67,152,22,34,56,208
04/21/2020,ELP,TX,ASW,CE,Combined TRACON& Tower with Radar,51,10,10,29,100,0,7,23,18,48,51,17,33,47,148,0,20,20,168
04/22/2020,ELP,TX,ASW,CE,Combined TRACON& Tower with Radar,47,5,7,27,86,0,11,35,14,60,47,16,42,41,146,0,4,4,150
04/23/2020,ELP,TX,ASW,CE,Combined TRACON& Tower with Radar,49,9,8,21,87,1,12,36,15,64,50,21,44,36,151,0,10,10,161
04/24/2020,ELP,TX,ASW,CE,Combined TRACON& Tower with Radar,46,19,16,25,106,0,13,39,17,69,46,32,55,42,175,0,26,26,201
04/25/2020,ELP,TX,ASW,CE,Combined TRACON& Tower with Radar,19,13,2,2,36,0,6,36,1,43,19,19,38,3,79,0,0,0,79
04/26/2020,ELP,TX,ASW,CE,Combined TRACON& Tower with Radar,33,11,9,5,58,0,8,25,0,33,33,19,34,5,91,0,0,0,91
04/27/2020,ELP,TX,ASW,CE,Combined TRACON& Tower with Radar,36,15,6,28,85,0,6,19,45,70,36,21,25,73,155,0,52,52,207
04/28/2020,ELP,TX,ASW,CE,Combined TRACON& Tower with Radar,47,8,5,27,87,0,8,13,25,46,47,16,18,52,133,0,31,31,164
04/29/2020,ELP,TX,ASW,CE,Combined TRACON& Tower with Radar,45,3,7,20,75,0,6,21,37,64,45,9,28,57,139,0,58,58,197
04/30/2020,ELP,TX,ASW,CE,Combined TRACON& Tower with Radar,52,7,10,25,94,0,7,29,20,56,52,14,39,45,150,6,0,6,156
05/01/2020,ELP,TX,ASW,CE,Combined TRACON& Tower with Radar,38,6,9,16,69,0,11,36,26,73,38,17,45,42,142,0,78,78,220
05/02/2020,ELP,TX,ASW,CE,Combined TRACON& Tower with Radar,25,5,2,0,32,0,14,19,1,34,25,19,21,1,66,6,0,6,72
05/03/2020,ELP,TX,ASW,CE,Combined TRACON& Tower with Radar,28,9,6,0,43,0,5,24,0,29,28,14,30,0,72,16,0,16,88
05/04/2020,ELP,TX,ASW,CE,Combined TRACON& Tower with Radar,40,5,6,17,68,0,7,19,13,39,40,12,25,30,107,10,16,26,133
05/05/2020,ELP,TX,ASW,CE,Combined TRACON& Tower with Radar,46,5,11,18,80,1,9,17,26,53,47,14,28,44,133,12,0,12,145
05/06/2020,ELP,TX,ASW,CE,Combined TRACON& Tower with Radar,55,14,14,31,114,0,7,24,23,54,55,21,38,54,168,30,92,122,290
05/07/2020,ELP,TX,ASW,CE,Combined TRACON& Tower with Radar,50,10,8,32,100,0,10,26,32,68,50,20,34,64,168,26,22,48,216
05/08/2020,ELP,TX,ASW,CE,Combined TRACON& Tower with Radar,43,15,10,22,90,0,6,34,13,53,43,21,44,35,143,20,0,20,163
05/09/2020,ELP,TX,ASW,CE,Combined TRACON& Tower with Radar,34,3,7,8,52,0,6,67,5,78,34,9,74,13,130,76,0,76,206
05/10/2020,ELP,TX,ASW,CE,Combined TRACON& Tower with Radar,29,9,10,2,50,0,2,15,0,17,29,11,25,2,67,0,0,0,67
05/11/2020,ELP,TX,ASW,CE,Combined TRACON& Tower with Radar,41,12,20,17,90,0,5,16,35,56,41,17,36,52,146,0,30,30,176
05/12/2020,ELP,TX,ASW,CE,Combined TRACON& Tower with Radar,54,14,20,40,128,5,13,48,30,96,59,27,68,70,224,12,60,72,296
05/13/2020,ELP,TX,ASW,CE,Combined TRACON& Tower with Radar,50,14,12,25,101,1,13,45,21,80,51,27,57,46,181,34,22,56,237
05/14/2020,ELP,TX,ASW,CE,Combined TRACON& Tower with Radar,54,13,12,23,102,0,7,33,32,72,54,20,45,55,174,8,34,42,216
05/15/2020,ELP,TX,ASW,CE,Combined TRACON& Tower with Radar,40,9,13,22,84,0,11,37,24,72,40,20,50,46,156,16,40,56,212
05/16/2020,ELP,TX,ASW,CE,Combined TRACON& Tower with Radar,31,14,6,12,63,0,3,31,3,37,31,17,37,15,100,4,4,8,108
05/17/2020,ELP,TX,ASW,CE,Combined TRACON& Tower with Radar,42,10,12,0,64,0,3,31,2,36,42,13,43,2,100,10,0,10,110
05/18/2020,ELP,TX,ASW,CE,Combined TRACON& Tower with Radar,42,6,14,30,92,0,16,27,59,102,42,22,41,89,194,10,28,38,232
05/19/2020,ELP,TX,ASW,CE,Combined TRACON& Tower with Radar,52,16,8,30,106,0,12,27,20,59,52,28,35,50,165,0,12,12,177
05/20/2020,ELP,TX,ASW,CE,Combined TRACON& Tower with Radar,51,12,9,21,93,0,9,22,21,52,51,21,31,42,145,0,40,40,185
05/21/2020,ELP,TX,ASW,CE,Combined TRACON& Tower with Radar,60,9,21,17,107,0,7,29,14,50,60,16,50,31,157,0,0,0,157
05/22/2020,ELP,TX,ASW,CE,Combined TRACON& Tower with Radar,45,19,13,14,91,0,11,28,14,53,45,30,41,28,144,0,0,0,144
05/23/2020,ELP,TX,ASW,CE,Combined TRACON& Tower with Radar,31,9,18,1,59,0,4,36,1,41,31,13,54,2,100,0,0,0,100
05/24/2020,ELP,TX,ASW,CE,Combined TRACON& Tower with Radar,39,5,11,2,57,0,6,35,0,41,39,11,46,2,98,0,0,0,98
05/25/2020,ELP,TX,ASW,CE,Combined TRACON& Tower with Radar,43,16,11,1,71,0,7,31,1,39,43,23,42,2,110,16,0,16,126
05/26/2020,ELP,TX,ASW,CE,Combined TRACON& Tower with Radar,40,16,27,51,134,0,6,35,31,72,40,22,62,82,206,24,130,154,360
05/27/2020,ELP,TX,ASW,CE,Combined TRACON& Tower with Radar,57,15,10,15,97,0,11,41,46,98,57,26,51,61,195,18,100,118,313
05/28/2020,ELP,TX,ASW,CE,Combined TRACON& Tower with Radar,58,17,11,30,116,0,14,31,22,67,58,31,42,52,183,4,16,20,203
05/29/2020,ELP,TX,ASW,CE,Combined TRACON& Tower with Radar,42,16,25,16,99,0,5,34,26,65,42,21,59,42,164,0,24,24,188
05/30/2020,ELP,TX,ASW,CE,Combined TRACON& Tower with Radar,32,11,6,4,53,0,7,28,3,38,32,18,34,7,91,2,0,2,93
05/31/2020,ELP,TX,ASW,CE,Combined TRACON& Tower with Radar,55,10,17,14,96,0,2,32,0,34,55,12,49,14,130,8,0,8,138
06/01/2020,ELP,TX,ASW,CE,Combined TRACON& Tower with Radar,48,15,10,35,108,0,5,24,28,57,48,20,34,63,165,18,40,58,223
06/02/2020,ELP,TX,ASW,CE,Combined TRACON& Tower with Radar,50,23,9,43,125,0,12,36,18,66,50,35,45,61,191,10,0,10,201
06/03/2020,ELP,TX,ASW,CE,Combined TRACON& Tower with Radar,55,21,18,18,112,0,6,32,18,56,55,27,50,36,168,28,16,44,212
06/04/2020,ELP,TX,ASW,CE,Combined TRACON& Tower with Radar,63,22,25,23,133,0,10,41,13,64,63,32,66,36,197,0,22,22,219
06/05/2020,ELP,TX,ASW,CE,Combined TRACON& Tower with Radar,51,20,7,10,88,0,10,36,17,63,51,30,43,27,151,0,0,0,151
06/06/2020,ELP,TX,ASW,CE,Combined TRACON& Tower with Radar,36,18,14,6,74,0,7,29,1,37,36,25,43,7,111,0,0,0,111
06/07/2020,ELP,TX,ASW,CE,Combined TRACON& Tower with Radar,48,6,6,4,64,0,4,26,0,30,48,10,32,4,94,0,0,0,94
06/08/2020,ELP,TX,ASW,CE,Combined TRACON& Tower with Radar,46,10,14,23,93,0,16,29,15,60,46,26,43,38,153,0,0,0,153
06/09/2020,ELP,TX,ASW,CE,Combined TRACON& Tower with Radar,63,19,9,28,119,0,7,34,10,51,63,26,43,38,170,12,0,12,182
06/10/2020,ELP,TX,ASW,CE,Combined TRACON& Tower with Radar,58,26,14,28,126,0,16,51,15,82,58,42,65,43,208,10,22,32,240
06/11/2020,ELP,TX,ASW,CE,Combined TRACON& Tower with Radar,67,39,17,12,135,0,16,22,4,42,67,55,39,16,177,12,0,12,189
06/12/2020,ELP,TX,ASW,CE,Combined TRACON& Tower with Radar,48,25,29,19,121,0,2,41,19,62,48,27,70,38,183,6,4,10,193
06/13/2020,ELP,TX,ASW,CE,Combined TRACON& Tower with Radar,41,8,8,3,60,0,0,41,0,41,41,8,49,3,101,22,0,22,123
06/14/2020,ELP,TX,ASW,CE,Combined TRACON& Tower with Radar,48,11,14,0,73,0,6,17,1,24,48,17,31,1,97,0,0,0,97
06/15/2020,ELP,TX,ASW,CE,Combined TRACON& Tower with Radar,54,18,15,6,93,0,8,23,1,32,54,26,38,7,125,30,0,30,155
06/16/2020,ELP,TX,ASW,CE,Combined TRACON& Tower with Radar,64,25,8,33,130,0,5,30,18,53,64,30,38,51,183,8,0,8,191
06/17/2020,ELP,TX,ASW,CE,Combined TRACON& Tower with Radar,58,12,22,25,117,0,10,33,12,55,58,22,55,37,172,12,28,40,212
06/18/2020,ELP,TX,ASW,CE,Combined TRACON& Tower with Radar,70,16,7,20,113,0,16,38,31,85,70,32,45,51,198,0,42,42,240
06/19/2020,ELP,TX,ASW,CE,Combined TRACON& Tower with Radar,52,26,23,27,128,0,17,33,21,71,52,43,56,48,199,52,90,142,341
06/20/2020,ELP,TX,ASW,CE,Combined TRACON& Tower with Radar,43,11,10,7,71,0,9,41,5,55,43,20,51,12,126,0,0,0,126
06/21/2020,ELP,TX,ASW,CE,Combined TRACON& Tower with Radar,63,10,3,1,77,0,10,24,1,35,63,20,27,2,112,0,0,0,112
06/22/2020,ELP,TX,ASW,CE,Combined TRACON& Tower with Radar,53,17,6,34,110,0,10,24,11,45,53,27,30,45,155,0,0,0,155
06/23/2020,ELP,TX,ASW,CE,Combined TRACON& Tower with Radar,65,23,11,14,113,0,15,30,22,67,65,38,41,36,180,0,0,0,180
06/24/2020,ELP,TX,ASW,CE,Combined TRACON& Tower with Radar,59,24,15,20,118,0,8,39,7,54,59,32,54,27,172,4,0,4,176
06/25/2020,ELP,TX,ASW,CE,Combined TRACON& Tower with Radar,73,23,15,38,149,0,8,42,10,60,73,31,57,48,209,8,26,34,243
06/26/2020,ELP,TX,ASW,CE,Combined TRACON& Tower with Radar,57,19,25,34,135,0,17,39,12,68,57,36,64,46,203,14,8,22,225
06/27/2020,ELP,TX,ASW,CE,Combined TRACON& Tower with Radar,40,13,15,4,72,0,10,48,1,59,40,23,63,5,131,6,0,6,137
06/28/2020,ELP,TX,ASW,CE,Combined TRACON& Tower with Radar,53,16,8,0,77,0,5,12,1,18,53,21,20,1,95,0,0,0,95
06/29/2020,ELP,TX,ASW,CE,Combined TRACON& Tower with Radar,53,15,9,24,101,0,8,26,6,40,53,23,35,30,141,0,0,0,141
06/30/2020,ELP,TX,ASW,CE,Combined TRACON& Tower with Radar,70,33,25,32,160,0,9,21,34,64,70,42,46,66,224,10,34,44,268
07/01/2020,ELP,TX,ASW,CE,Combined TRACON& Tower with Radar,63,22,22,8,115,0,11,39,5,55,63,33,61,13,170,20,10,30,200
07/02/2020,ELP,TX,ASW,CE,Combined TRACON& Tower with Radar,71,16,31,0,118,0,7,45,1,53,71,23,76,1,171,26,0,26,197
07/03/2020,ELP,TX,ASW,CE,Combined TRACON& Tower with Radar,61,12,16,0,89,0,10,41,2,53,61,22,57,2,142,0,0,0,142
07/04/2020,ELP,TX,ASW,CE,Combined TRACON& Tower with Radar,45,4,6,4,59,0,4,20,0,24,45,8,26,4,83,0,0,0,83
07/05/2020,ELP,TX,ASW,CE,Combined TRACON& Tower with Radar,58,3,12,0,73,0,3,26,0,29,58,6,38,0,102,0,0,0,102
07/06/2020,ELP,TX,ASW,CE,Combined TRACON& Tower with Radar,56,23,15,3,97,0,10,24,1,35,56,33,39,4,132,10,0,10,142
07/07/2020,ELP,TX,ASW,CE,Combined TRACON& Tower with Radar,70,15,14,13,112,0,7,35,11,53,70,22,49,24,165,0,0,0,165
07/08/2020,ELP,TX,ASW,CE,Combined TRACON& Tower with Radar,71,30,21,25,147,0,11,29,16,56,71,41,50,41,203,26,0,26,229
07/09/2020,ELP,TX,ASW,CE,Combined TRACON& Tower with Radar,70,21,9,19,119,0,10,28,9,47,70,31,37,28,166,40,0,40,206
07/10/2020,ELP,TX,ASW,CE,Combined TRACON& Tower with Radar,59,9,13,17,98,0,9,33,21,63,59,18,46,38,161,0,18,18,179
07/11/2020,ELP,TX,ASW,CE,Combined TRACON& Tower with Radar,51,12,15,2,80,0,1,46,0,47,51,13,61,2,127,0,0,0,127
07/12/2020,ELP,TX,ASW,CE,Combined TRACON& Tower with Radar,54,14,12,2,82,0,2,29,0,31,54,16,41,2,113,0,0,0,113
07/13/2020,ELP,TX,ASW,CE,Combined TRACON& Tower with Radar,68,19,19,11,117,0,4,24,7,35,68,23,43,18,152,26,0,26,178
07/14/2020,ELP,TX,ASW,CE,Combined TRACON& Tower with Radar,64,16,9,17,106,0,8,30,17,55,64,24,39,34,161,8,0,8,169
07/15/2020,ELP,TX,ASW,CE,Combined TRACON& Tower with Radar,68,23,20,12,123,0,5,33,5,43,68,28,53,17,166,12,0,12,178
07/16/2020,ELP,TX,ASW,CE,Combined TRACON& Tower with Radar,78,20,9,26,133,0,7,50,8,65,78,27,59,34,198,0,0,0,198
07/17/2020,ELP,TX,ASW,CE,Combined TRACON& Tower with Radar,67,25,10,23,125,0,7,46,6,59,67,32,56,29,184,0,0,0,184
07/18/2020,ELP,TX,ASW,CE,Combined TRACON& Tower with Radar,54,18,16,7,95,0,3,32,5,40,54,21,48,12,135,0,0,0,135
07/19/2020,ELP,TX,ASW,CE,Combined TRACON& Tower with Radar,60,9,13,3,85,0,4,26,2,32,60,13,39,5,117,0,0,0,117
07/20/2020,ELP,TX,ASW,CE,Combined TRACON& Tower with Radar,68,30,17,16,131,0,3,26,11,40,68,33,43,27,171,0,0,0,171
07/21/2020,ELP,TX,ASW,CE,Combined TRACON& Tower with Radar,69,19,23,21,132,0,5,28,16,49,69,24,51,37,181,0,30,30,211
07/22/2020,ELP,TX,ASW,CE,Combined TRACON& Tower with Radar,62,18,18,16,114,0,8,44,20,72,62,26,62,36,186,34,16,50,236
07/23/2020,ELP,TX,ASW,CE,Combined TRACON& Tower with Radar,76,13,18,26,133,0,8,50,17,75,76,21,68,43,208,0,0,0,208
07/24/2020,ELP,TX,ASW,CE,Combined TRACON& Tower with Radar,66,14,13,11,104,0,5,34,8,47,66,19,47,19,151,44,8,52,203
07/25/2020,ELP,TX,ASW,CE,Combined TRACON& Tower with Radar,58,10,5,3,76,0,0,28,0,28,58,10,33,3,104,18,0,18,122
07/26/2020,ELP,TX,ASW,CE,Combined TRACON& Tower with Radar,55,10,16,2,83,0,1,35,0,36,55,11,51,2,119,10,0,10,129
07/27/2020,ELP,TX,ASW,CE,Combined TRACON& Tower with Radar,63,13,15,14,105,0,6,39,7,52,63,19,54,21,157,6,0,6,163
07/28/2020,ELP,TX,ASW,CE,Combined TRACON& Tower with Radar,60,17,24,36,137,0,13,32,12,57,60,30,56,48,194,6,0,6,200
07/29/2020,ELP,TX,ASW,CE,Combined TRACON& Tower with Radar,66,16,25,12,119,0,13,58,11,82,66,29,83,23,201,0,40,40,241
07/30/2020,ELP,TX,ASW,CE,Combined TRACON& Tower with Radar,66,18,40,18,142,0,9,42,23,74,66,27,82,41,216,16,0,16,232
07/31/2020,ELP,TX,ASW,CE,Combined TRACON& Tower with Radar,63,28,16,17,124,0,7,46,6,59,63,35,62,23,183,0,0,0,183
08/01/2020,ELP,TX,ASW,CE,Combined TRACON& Tower with Radar,57,20,17,6,100,0,3,21,0,24,57,23,38,6,124,0,0,0,124
08/02/2020,ELP,TX,ASW,CE,Combined TRACON& Tower with Radar,62,11,21,2,96,0,6,37,1,44,62,17,58,3,140,0,0,0,140
08/03/2020,ELP,TX,ASW,CE,Combined TRACON& Tower with Radar,74,22,27,28,151,0,8,32,12,52,74,30,59,40,203,0,0,0,203
08/04/2020,ELP,TX,ASW,CE,Combined TRACON& Tower with Radar,72,30,17,12,131,0,7,39,14,60,72,37,56,26,191,68,10,78,269
08/05/2020,ELP,TX,ASW,CE,Combined TRACON& Tower with Radar,68,23,26,9,126,0,6,39,11,56,68,29,65,20,182,16,18,34,216
08/06/2020,ELP,TX,ASW,CE,Combined TRACON& Tower with Radar,76,27,15,21,139,0,8,46,30,84,76,35,61,51,223,36,50,86,309
08/07/2020,ELP,TX,ASW,CE,Combined TRACON& Tower with Radar,63,35,19,13,130,0,3,39,6,48,63,38,58,19,178,38,0,38,216
08/08/2020,ELP,TX,ASW,CE,Combined TRACON& Tower with Radar,49,17,15,6,87,0,4,38,0,42,49,21,53,6,129,0,0,0,129
08/09/2020,ELP,TX,ASW,CE,Combined TRACON& Tower with Radar,64,10,24,4,102,0,0,28,0,28,64,10,52,4,130,4,0,4,134
08/10/2020,ELP,TX,ASW,CE,Combined TRACON& Tower with Radar,75,35,18,42,170,0,7,28,19,54,75,42,46,61,224,0,0,0,224
08/11/2020,ELP,TX,ASW,CE,Combined TRACON& Tower with Radar,87,32,14,19,152,0,8,43,2,53,87,40,57,21,205,8,0,8,213
08/12/2020,ELP,TX,ASW,CE,Combined TRACON& Tower with Radar,87,31,20,12,150,4,10,80,8,102,91,41,100,20,252,6,44,50,302
08/13/2020,ELP,TX,ASW,CE,Combined TRACON& Tower with Radar,96,34,33,25,188,0,7,38,18,63,96,41,71,43,251,18,10,28,279
08/14/2020,ELP,TX,ASW,CE,Combined TRACON& Tower with Radar,81,29,18,18,146,0,7,68,11,86,81,36,86,29,232,0,0,0,232
08/15/2020,ELP,TX,ASW,CE,Combined TRACON& Tower with Radar,71,32,21,4,128,3,4,41,4,52,74,36,62,8,180,0,0,0,180
08/16/2020,ELP,TX,ASW,CE,Combined TRACON& Tower with Radar,81,29,17,3,130,0,1,33,3,37,81,30,50,6,167,0,0,0,167
08/17/2020,ELP,TX,ASW,CE,Combined TRACON& Tower with Radar,89,26,13,8,136,0,5,22,4,31,89,31,35,12,167,14,0,14,181
08/18/2020,ELP,TX,ASW,CE,Combined TRACON& Tower with Radar,89,35,16,46,186,1,8,47,12,68,90,43,63,58,254,20,20,40,294
08/19/2020,ELP,TX,ASW,CE,Combined TRACON& Tower with Radar,89,33,17,22,161,0,15,52,20,87,89,48,69,42,248,92,0,92,340
08/20/2020,ELP,TX,ASW,CE,Combined TRACON& Tower with Radar,91,42,22,18,173,0,8,40,27,75,91,50,62,45,248,56,26,82,330
08/21/2020,ELP,TX,ASW,CE,Combined TRACON& Tower with Radar,87,19,15,19,140,4,8,44,7,63,91,27,59,26,203,24,16,40,243
08/22/2020,ELP,TX,ASW,CE,Combined TRACON& Tower with Radar,72,11,9,31,123,0,5,39,9,53,72,16,48,40,176,20,0,20,196
08/23/2020,ELP,TX,ASW,CE,Combined TRACON& Tower with Radar,82,12,15,0,109,0,0,36,6,42,82,12,51,6,151,32,0,32,183
08/24/2020,ELP,TX,ASW,CE,Combined TRACON& Tower with Radar,91,20,15,16,142,0,12,31,16,59,91,32,46,32,201,4,0,4,205
08/25/2020,ELP,TX,ASW,CE,Combined TRACON& Tower with Radar,100,30,34,30,194,0,9,45,25,79,100,39,79,55,273,0,90,90,363
08/26/2020,ELP,TX,ASW,CE,Combined TRACON& Tower with Radar,83,28,14,33,158,1,13,41,17,72,84,41,55,50,230,14,0,14,244
08/27/2020,ELP,TX,ASW,CE,Combined TRACON& Tower with Radar,97,28,16,21,162,0,8,44,13,65,97,36,60,34,227,12,0,12,239
08/28/2020,ELP,TX,ASW,CE,Combined TRACON& Tower with Radar,84,29,26,22,161,0,15,47,25,87,84,44,73,47,248,12,24,36,284
08/29/2020,ELP,TX,ASW,CE,Combined TRACON& Tower with Radar,68,16,13,1,98,0,5,37,7,49,68,21,50,8,147,0,0,0,147
08/30/2020,ELP,TX,ASW,CE,Combined TRACON& Tower with Radar,76,10,18,13,117,0,3,27,5,35,76,13,45,18,152,50,20,70,222
08/31/2020,ELP,TX,ASW,CE,Combined TRACON& Tower with Radar,84,19,15,13,131,0,7,38,43,88,84,26,53,56,219,20,0,20,239
09/01/2020,ELP,TX,ASW,CE,Combined TRACON& Tower with Radar,93,36,20,24,173,0,5,33,12,50,93,41,53,36,223,0,0,0,223
09/02/2020,ELP,TX,ASW,CE,Combined TRACON& Tower with Radar,81,32,24,16,153,0,11,65,26,102,81,43,89,42,255,46,32,78,333
09/03/2020,ELP,TX,ASW,CE,Combined TRACON& Tower with Radar,82,40,24,23,169,0,15,61,7,83,82,55,85,30,252,58,0,58,310
09/04/2020,ELP,TX,ASW,CE,Combined TRACON& Tower with Radar,80,34,37,20,171,0,11,61,29,101,80,45,98,49,272,44,24,68,340
09/05/2020,ELP,TX,ASW,CE,Combined TRACON& Tower with Radar,62,22,10,1,95,0,6,42,4,52,62,28,52,5,147,56,0,56,203
09/06/2020,ELP,TX,ASW,CE,Combined TRACON& Tower with Radar,46,13,13,3,75,0,10,36,1,47,46,23,49,4,122,14,0,14,136
09/07/2020,ELP,TX,ASW,CE,Combined TRACON& Tower with Radar,62,21,12,2,97,0,7,24,2,33,62,28,36,4,130,46,0,46,176
09/08/2020,ELP,TX,ASW,CE,Combined TRACON& Tower with Radar,58,21,23,11,113,0,9,18,2,29,58,30,41,13,142,0,0,0,142
09/09/2020,ELP,TX,ASW,CE,Combined TRACON& Tower with Radar,68,37,20,18,143,0,2,11,38,51,68,39,31,56,194,0,26,26,220
09/10/2020,ELP,TX,ASW,CE,Combined TRACON& Tower with Radar,74,28,42,23,167,0,5,25,37,67,74,33,67,60,234,20,102,122,356
09/11/2020,ELP,TX,ASW,CE,Combined TRACON& Tower with Radar,70,29,24,23,146,0,11,51,18,80,70,40,75,41,226,20,4,24,250
09/12/2020,ELP,TX,ASW,CE,Combined TRACON& Tower with Radar,60,16,8,19,103,0,6,45,5,56,60,22,53,24,159,14,0,14,173
09/13/2020,ELP,TX,ASW,CE,Combined TRACON& Tower with Radar,65,17,13,5,100,0,8,30,12,50,65,25,43,17,150,0,0,0,150
09/14/2020,ELP,TX,ASW,CE,Combined TRACON& Tower with Radar,64,23,16,31,134,0,7,28,25,60,64,30,44,56,194,0,40,40,234
09/15/2020,ELP,TX,ASW,CE,Combined TRACON& Tower with Radar,69,24,14,15,122,0,10,42,17,69,69,34,56,32,191,32,0,32,223
09/16/2020,ELP,TX,ASW,CE,Combined TRACON& Tower with Radar,76,24,15,9,124,0,9,48,5,62,76,33,63,14,186,0,38,38,224
09/17/2020,ELP,TX,ASW,CE,Combined TRACON& Tower with Radar,73,25,21,8,127,0,10,62,3,75,73,35,83,11,202,38,0,38,240
09/18/2020,ELP,TX,ASW,CE,Combined TRACON& Tower with Radar,66,25,37,32,160,2,9,57,7,75,68,34,94,39,235,56,56,112,347
09/19/2020,ELP,TX,ASW,CE,Combined TRACON& Tower with Radar,59,17,9,2,87,0,10,58,4,72,59,27,67,6,159,24,0,24,183
09/20/2020,ELP,TX,ASW,CE,Combined TRACON& Tower with Radar,57,26,19,10,112,0,3,60,1,64,57,29,79,11,176,32,0,32,208
09/21/2020,ELP,TX,ASW,CE,Combined TRACON& Tower with Radar,62,31,30,5,128,0,5,45,7,57,62,36,75,12,185,42,0,42,227
09/22/2020,ELP,TX,ASW,CE,Combined TRACON& Tower with Radar,66,46,23,1,136,0,6,48,8,62,66,52,71,9,198,30,0,30,228
09/23/2020,ELP,TX,ASW,CE,Combined TRACON& Tower with Radar,69,43,11,13,136,0,8,37,2,47,69,51,48,15,183,10,0,10,193
09/24/2020,ELP,TX,ASW,CE,Combined TRACON& Tower with Radar,77,33,26,10,146,0,15,49,2,66,77,48,75,12,212,10,0,10,222
09/25/2020,ELP,TX,ASW,CE,Combined TRACON& Tower with Radar,63,49,14,17,143,0,10,52,2,64,63,59,66,19,207,70,4,74,281
09/26/2020,ELP,TX,ASW,CE,Combined TRACON& Tower with Radar,56,30,7,4,97,0,2,28,2,32,56,32,35,6,129,48,0,48,177
09/27/2020,ELP,TX,ASW,CE,Combined TRACON& Tower with Radar,56,26,21,4,107,0,3,33,7,43,56,29,54,11,150,16,0,16,166
09/28/2020,ELP,TX,ASW,CE,Combined TRACON& Tower with Radar,64,28,18,5,115,0,10,22,8,40,64,38,40,13,155,12,0,12,167
09/29/2020,ELP,TX,ASW,CE,Combined TRACON& Tower with Radar,67,31,17,5,120,0,14,47,6,67,67,45,64,11,187,96,0,96,283
09/30/2020,ELP,TX,ASW,CE,Combined TRACON& Tower with Radar,68,35,16,4,123,0,10,51,5,66,68,45,67,9,189,30,0,30,219
10/01/2020,ELP,TX,ASW,CE,Combined TRACON& Tower with Radar,73,33,38,5,149,0,8,50,5,63,73,41,88,10,212,20,0,20,232
10/02/2020,ELP,TX,ASW,CE,Combined TRACON& Tower with Radar,64,35,22,55,176,0,10,40,8,58,64,45,62,63,234,24,0,24,258
10/03/2020,ELP,TX,ASW,CE,Combined TRACON& Tower with Radar,54,19,13,6,92,0,7,47,2,56,54,26,60,8,148,44,0,44,192
10/04/2020,ELP,TX,ASW,CE,Combined TRACON& Tower with Radar,56,30,10,0,96,0,6,45,1,52,56,36,55,1,148,14,0,14,162
10/05/2020,ELP,TX,ASW,CE,Combined TRACON& Tower with Radar,65,14,9,12,100,0,9,33,5,47,65,23,42,17,147,12,8,20,167
10/06/2020,ELP,TX,ASW,CE,Combined TRACON& Tower with Radar,69,28,23,14,134,0,7,35,11,53,69,35,58,25,187,10,36,46,233
10/07/2020,ELP,TX,ASW,CE,Combined TRACON& Tower with Radar,70,25,24,16,135,0,12,65,18,95,70,37,89,34,230,10,0,10,240
10/08/2020,ELP,TX,ASW,CE,Combined TRACON& Tower with Radar,80,34,44,7,165,0,9,45,7,61,80,43,89,14,226,0,0,0,226
10/09/2020,ELP,TX,ASW,CE,Combined TRACON& Tower with Radar,72,21,32,7,132,2,6,43,5,56,74,27,75,12,188,12,0,12,200
10/10/2020,ELP,TX,ASW,CE,Combined TRACON& Tower with Radar,57,16,30,1,104,1,9,47,1,58,58,25,77,2,162,0,0,0,162
10/11/2020,ELP,TX,ASW,CE,Combined TRACON& Tower with Radar,71,25,12,0,108,0,7,27,1,35,71,32,39,1,143,0,0,0,143
10/12/2020,ELP,TX,ASW,CE,Combined TRACON& Tower with Radar,67,23,37,7,134,0,7,44,3,54,67,30,81,10,188,14,0,14,202
10/13/2020,ELP,TX,ASW,CE,Combined TRACON& Tower with Radar,75,29,53,4,161,0,8,43,2,53,75,37,96,6,214,0,0,0,214
10/14/2020,ELP,TX,ASW,CE,Combined TRACON& Tower with Radar,70,31,22,14,137,0,16,52,8,76,70,47,74,22,213,40,0,40,253
10/15/2020,ELP,TX,ASW,CE,Combined TRACON& Tower with Radar,73,36,34,20,163,0,27,53,16,96,73,63,87,36,259,24,16,40,299
10/16/2020,ELP,TX,ASW,CE,Combined TRACON& Tower with Radar,70,35,55,14,174,0,14,48,8,70,70,49,103,22,244,20,18,38,282
10/17/2020,ELP,TX,ASW,CE,Combined TRACON& Tower with Radar,59,17,17,0,93,0,9,38,5,52,59,26,55,5,145,28,0,28,173
10/18/2020,ELP,TX,ASW,CE,Combined TRACON& Tower with Radar,69,21,16,12,118,0,14,32,2,48,69,35,48,14,166,0,0,0,166
10/19/2020,ELP,TX,ASW,CE,Combined TRACON& Tower with Radar,69,16,32,15,132,0,8,32,7,47,69,24,64,22,179,72,0,72,251
10/20/2020,ELP,TX,ASW,CE,Combined TRACON& Tower with Radar,75,32,33,21,161,0,21,55,16,92,75,53,88,37,253,20,46,66,319
10/21/2020,ELP,TX,ASW,CE,Combined TRACON& Tower with Radar,69,33,31,1,134,0,14,59,15,88,69,47,90,16,222,0,0,0,222
10/22/2020,ELP,TX,ASW,CE,Combined TRACON& Tower with Radar,75,30,27,34,166,0,11,65,19,95,75,41,92,53,261,44,0,44,305
10/23/2020,ELP,TX,ASW,CE,Combined TRACON& Tower with Radar,69,39,36,9,153,0,12,50,3,65,69,51,86,12,218,10,0,10,228
10/24/2020,ELP,TX,ASW,CE,Combined TRACON& Tower with Radar,61,11,17,1,90,0,12,46,2,60,61,23,63,3,150,0,4,4,154
10/25/2020,ELP,TX,ASW,CE,Combined TRACON& Tower with Radar,63,12,22,9,106,1,0,28,0,29,64,12,50,9,135,10,0,10,145
10/26/2020,ELP,TX,ASW,CE,Combined TRACON& Tower with Radar,69,30,32,11,142,0,4,26,3,33,69,34,58,14,175,0,0,0,175
10/27/2020,ELP,TX,ASW,CE,Combined TRACON& Tower with Radar,77,47,12,8,144,0,0,2,1,3,77,47,14,9,147,4,0,4,151
10/28/2020,ELP,TX,ASW,CE,Combined TRACON& Tower with Radar,69,41,23,14,147,0,13,43,8,64,69,54,66,22,211,10,0,10,221
10/29/2020,ELP,TX,ASW,CE,Combined TRACON& Tower with Radar,83,46,38,13,180,2,5,66,14,87,85,51,104,27,267,24,6,30,297
10/30/2020,ELP,TX,ASW,CE,Combined TRACON& Tower with Radar,75,35,20,27,157,0,12,61,15,88,75,47,81,42,245,0,0,0,245
10/31/2020,ELP,TX,ASW,CE,Combined TRACON& Tower with Radar,50,20,12,0,82,0,11,55,2,68,50,31,67,2,150,6,0,6,156
11/01/2020,ELP,TX,ASW,CE,Combined TRACON& Tower with Radar,60,24,14,11,109,0,9,29,2,40,60,33,43,13,149,0,0,0,149
11/02/2020,ELP,TX,ASW,CE,Combined TRACON& Tower with Radar,65,28,21,12,126,0,13,44,10,67,65,41,65,22,193,8,0,8,201
11/03/2020,ELP,TX,ASW,CE,Combined TRACON& Tower with Radar,76,42,21,7,146,0,18,41,7,66,76,60,62,14,212,8,0,8,220
11/04/2020,ELP,TX,ASW,CE,Combined TRACON& Tower with Radar,67,55,19,10,151,0,10,61,16,87,67,65,80,26,238,0,0,0,238
11/05/2020,ELP,TX,ASW,CE,Combined TRACON& Tower with Radar,81,49,18,5,153,0,19,59,6,84,81,68,77,11,237,16,0,16,253
11/06/2020,ELP,TX,ASW,CE,Combined TRACON& Tower with Radar,73,36,32,30,171,0,13,47,16,76,73,49,79,46,247,12,0,12,259
11/07/2020,ELP,TX,ASW,CE,Combined TRACON& Tower with Radar,59,33,14,8,114,0,1,30,6,37,59,34,44,14,151,0,0,0,151
11/08/2020,ELP,TX,ASW,CE,Combined TRACON& Tower with Radar,57,20,25,0,102,0,2,12,2,16,57,22,37,2,118,0,0,0,118
11/09/2020,ELP,TX,ASW,CE,Combined TRACON& Tower with Radar,62,45,17,3,127,0,5,24,12,41,62,50,41,15,168,0,0,0,168
11/10/2020,ELP,TX,ASW,CE,Combined TRACON& Tower with Radar,67,44,26,11,148,0,12,45,10,67,67,56,71,21,215,26,0,26,241
11/11/2020,ELP,TX,ASW,CE,Combined TRACON& Tower with Radar,71,51,28,3,153,0,8,51,3,62,71,59,79,6,215,0,0,0,215
11/12/2020,ELP,TX,ASW,CE,Combined TRACON& Tower with Radar,80,56,23,12,171,0,9,43,12,64,80,65,66,24,235,26,0,26,261
11/13/2020,ELP,TX,ASW,CE,Combined TRACON& Tower with Radar,70,59,24,60,213,0,8,42,8,58,70,67,66,68,271,6,16,22,293
11/14/2020,ELP,TX,ASW,CE,Combined TRACON& Tower with Radar,63,39,13,1,116,0,1,12,2,15,63,40,25,3,131,0,0,0,131
11/15/2020,ELP,TX,ASW,CE,Combined TRACON& Tower with Radar,63,27,22,9,121,0,6,33,7,46,63,33,55,16,167,36,0,36,203
11/16/2020,ELP,TX,ASW,CE,Combined TRACON& Tower with Radar,61,54,21,10,146,0,14,44,11,69,61,68,65,21,215,0,22,22,237
11/17/2020,ELP,TX,ASW,CE,Combined TRACON& Tower with Radar,74,77,22,12,185,1,12,53,9,75,75,89,75,21,260,20,0,20,280
11/18/2020,ELP,TX,ASW,CE,Combined TRACON& Tower with Radar,73,71,25,9,178,0,7,41,6,54,73,78,66,15,232,6,0,6,238
11/19/2020,ELP,TX,ASW,CE,Combined TRACON& Tower with Radar,77,83,34,12,206,0,8,28,6,42,77,91,62,18,248,0,0,0,248
11/20/2020,ELP,TX,ASW,CE,Combined TRACON& Tower with Radar,73,85,38,8,204,0,7,31,2,40,73,92,69,10,244,0,0,0,244
11/21/2020,ELP,TX,ASW,CE,Combined TRACON& Tower with Radar,72,43,29,13,157,0,2,31,1,34,72,45,60,14,191,0,0,0,191
11/22/2020,ELP,TX,ASW,CE,Combined TRACON& Tower with Radar,66,45,26,2,139,0,2,19,0,21,66,47,45,2,160,22,0,22,182
11/23/2020,ELP,TX,ASW,CE,Combined TRACON& Tower with Radar,68,71,17,16,172,0,4,21,2,27,68,75,38,18,199,0,0,0,199
11/24/2020,ELP,TX,ASW,CE,Combined TRACON& Tower with Radar,94,73,15,6,188,0,3,16,1,20,94,76,31,7,208,0,0,0,208
11/25/2020,ELP,TX,ASW,CE,Combined TRACON& Tower with Radar,79,77,20,9,185,0,10,56,4,70,79,87,76,13,255,16,0,16,271
11/26/2020,ELP,TX,ASW,CE,Combined TRACON& Tower with Radar,42,19,10,0,71,0,4,17,1,22,42,23,27,1,93,0,0,0,93
11/27/2020,ELP,TX,ASW,CE,Combined TRACON& Tower with Radar,68,28,14,1,111,0,3,23,1,27,68,31,37,2,138,12,0,12,150
11/28/2020,ELP,TX,ASW,CE,Combined TRACON& Tower with Radar,78,32,17,0,127,0,2,22,1,25,78,34,39,1,152,26,0,26,178
11/29/2020,ELP,TX,ASW,CE,Combined TRACON& Tower with Radar,69,46,16,1,132,0,4,25,7,36,69,50,41,8,168,0,0,0,168
11/30/2020,ELP,TX,ASW,CE,Combined TRACON& Tower with Radar,77,45,32,2,156,0,15,36,12,63,77,60,68,14,219,0,0,0,219
12/01/2020,ELP,TX,ASW,CE,Combined TRACON& Tower with Radar,75,58,31,7,171,0,10,41,20,71,75,68,72,27,242,0,0,0,242
12/02/2020,ELP,TX,ASW,CE,Combined TRACON& Tower with Radar,74,63,10,14,161,0,9,49,14,72,74,72,59,28,233,0,30,30,263
12/03/2020,ELP,TX,ASW,CE,Combined TRACON& Tower with Radar,79,61,20,14,174,0,9,52,12,73,79,70,72,26,247,26,0,26,273
12/04/2020,ELP,TX,ASW,CE,Combined TRACON& Tower with Radar,73,48,41,8,170,1,8,32,11,52,74,56,73,19,222,15,0,15,237
12/05/2020,ELP,TX,ASW,CE,Combined TRACON& Tower with Radar,52,33,14,0,99,0,3,64,7,74,52,36,78,7,173,14,0,14,187
12/06/2020,ELP,TX,ASW,CE,Combined TRACON& Tower with Radar,54,31,17,1,103,0,2,37,1,40,54,33,54,2,143,6,0,6,149
12/07/2020,ELP,TX,ASW,CE,Combined TRACON& Tower with Radar,57,40,31,17,145,0,5,57,11,73,57,45,88,28,218,2,0,2,220
12/08/2020,ELP,TX,ASW,CE,Combined TRACON& Tower with Radar,73,59,17,17,166,0,15,42,20,77,73,74,59,37,243,10,0,10,253
12/09/2020,ELP,TX,ASW,CE,Combined TRACON& Tower with Radar,69,66,18,10,163,0,12,46,12,70,69,78,64,22,233,2,0,2,235
12/10/2020,ELP,TX,ASW,CE,Combined TRACON& Tower with Radar,75,65,38,5,183,0,12,28,6,46,75,77,66,11,229,12,0,12,241
12/11/2020,ELP,TX,ASW,CE,Combined TRACON& Tower with Radar,66,61,47,10,184,0,19,34,8,61,66,80,81,18,245,22,0,22,267
12/12/2020,ELP,TX,ASW,CE,Combined TRACON& Tower with Radar,56,39,21,1,117,0,7,66,6,79,56,46,87,7,196,0,0,0,196
12/13/2020,ELP,TX,ASW,CE,Combined TRACON& Tower with Radar,56,22,18,4,100,0,7,37,0,44,56,29,55,4,144,10,0,10,154
12/14/2020,ELP,TX,ASW,CE,Combined TRACON& Tower with Radar,64,31,29,12,136,0,19,34,6,59,64,50,63,18,195,12,0,12,207
12/15/2020,ELP,TX,ASW,CE,Combined TRACON& Tower with Radar,70,78,21,9,178,0,17,33,3,53,70,95,54,12,231,24,0,24,255
12/16/2020,ELP,TX,ASW,CE,Combined TRACON& Tower with Radar,77,72,29,6,184,0,15,40,10,65,77,87,69,16,249,22,0,22,271
12/17/2020,ELP,TX,ASW,CE,Combined TRACON& Tower with Radar,99,57,25,6,187,0,14,41,12,67,99,71,66,18,254,38,0,38,292
12/18/2020,ELP,TX,ASW,CE,Combined TRACON& Tower with Radar,86,55,27,14,182,1,5,47,8,61,87,60,74,22,243,34,0,34,277
12/19/2020,ELP,TX,ASW,CE,Combined TRACON& Tower with Radar,87,44,23,0,154,0,7,52,1,60,87,51,75,1,214,27,0,27,241
12/20/2020,ELP,TX,ASW,CE,Combined TRACON& Tower with Radar,70,37,13,4,124,0,5,28,1,34,70,42,41,5,158,6,0,6,164
12/21/2020,ELP,TX,ASW,CE,Combined TRACON& Tower with Radar,80,60,15,10,165,0,13,42,13,68,80,73,57,23,233,38,0,38,271
12/22/2020,ELP,TX,ASW,CE,Combined TRACON& Tower with Radar,92,62,18,6,178,0,9,53,10,72,92,71,71,16,250,58,0,58,308
12/23/2020,ELP,TX,ASW,CE,Combined TRACON& Tower with Radar,96,40,18,9,163,0,7,22,5,34,96,47,40,14,197,14,0,14,211
12/24/2020,ELP,TX,ASW,CE,Combined TRACON& Tower with Radar,63,17,14,3,97,0,5,33,7,45,63,22,47,10,142,10,0,10,152
12/25/2020,ELP,TX,ASW,CE,Combined TRACON& Tower with Radar,34,19,9,1,63,0,5,9,4,18,34,24,18,5,81,6,0,6,87
12/26/2020,ELP,TX,ASW,CE,Combined TRACON& Tower with Radar,69,30,22,0,121,0,5,26,2,33,69,35,48,2,154,14,0,14,168
12/27/2020,ELP,TX,ASW,CE,Combined TRACON& Tower with Radar,69,34,31,0,134,0,4,34,2,40,69,38,65,2,174,8,0,8,182
12/28/2020,ELP,TX,ASW,CE,Combined TRACON& Tower with Radar,66,23,14,2,105,0,11,30,5,46,66,34,44,7,151,0,0,0,151
12/29/2020,ELP,TX,ASW,CE,Combined TRACON& Tower with Radar,75,29,18,6,128,0,9,33,8,50,75,38,51,14,178,10,0,10,188
12/30/2020,ELP,TX,ASW,CE,Combined TRACON& Tower with Radar,82,33,15,5,135,0,2,22,8,32,82,35,37,13,167,22,0,22,189
12/31/2020,ELP,TX,ASW,CE,Combined TRACON& Tower with Radar,58,14,22,1,95,0,10,20,10,40,58,24,42,11,135,28,0,28,163
01/01/2021,ELP,TX,ASW,CE,Combined TRACON& Tower with Radar,42,19,16,1,78,0,4,26,7,37,42,23,42,8,115,43,0,43,158
01/02/2021,ELP,TX,ASW,CE,Combined TRACON& Tower with Radar,67,26,12,0,105,2,0,38,4,44,69,26,50,4,149,16,0,16,165
01/03/2021,ELP,TX,ASW,CE,Combined TRACON& Tower with Radar,69,32,22,0,123,0,2,31,1,34,69,34,53,1,157,50,0,50,207
01/04/2021,ELP,TX,ASW,CE,Combined TRACON& Tower with Radar,65,44,19,8,136,0,7,23,14,44,65,51,42,22,180,8,27,35,215
01/05/2021,ELP,TX,ASW,CE,Combined TRACON& Tower with Radar,76,30,9,13,128,0,11,28,14,53,76,41,37,27,181,20,16,36,217
01/06/2021,ELP,TX,ASW,CE,Combined TRACON& Tower with Radar,76,43,20,15,154,0,10,23,20,53,76,53,43,35,207,6,38,44,251
01/07/2021,ELP,TX,ASW,CE,Combined TRACON& Tower with Radar,71,35,23,5,134,0,13,23,13,49,71,48,46,18,183,24,0,24,207
01/08/2021,ELP,TX,ASW,CE,Combined TRACON& Tower with Radar,61,33,22,0,116,0,5,28,10,43,61,38,50,10,159,10,0,10,169
01/09/2021,ELP,TX,ASW,CE,Combined TRACON& Tower with Radar,51,33,19,11,114,8,3,35,1,47,59,36,54,12,161,14,6,20,181
01/10/2021,ELP,TX,ASW,CE,Combined TRACON& Tower with Radar,50,37,10,1,98,0,4,12,8,24,50,41,22,9,122,6,0,6,128
01/11/2021,ELP,TX,ASW,CE,Combined TRACON& Tower with Radar,53,28,24,13,118,0,8,21,19,48,53,36,45,32,166,6,0,6,172
01/12/2021,ELP,TX,ASW,CE,Combined TRACON& Tower with Radar,71,31,8,9,119,0,14,23,18,55,71,45,31,27,174,62,34,96,270
01/13/2021,ELP,TX,ASW,CE,Combined TRACON& Tower with Radar,61,28,6,8,103,0,9,25,18,52,61,37,31,26,155,30,0,30,185
01/14/2021,ELP,TX,ASW,CE,Combined TRACON& Tower with Radar,69,36,23,12,140,1,5,46,19,71,70,41,69,31,211,23,0,23,234
01/15/2021,ELP,TX,ASW,CE,Combined TRACON& Tower with Radar,58,37,18,8,121,0,5,34,10,49,58,42,52,18,170,10,0,10,180
01/16/2021,ELP,TX,ASW,CE,Combined TRACON& Tower with Radar,47,28,21,6,102,2,8,45,11,66,49,36,66,17,168,28,0,28,196
01/17/2021,ELP,TX,ASW,CE,Combined TRACON& Tower with Radar,57,22,15,1,95,0,4,29,7,40,57,26,44,8,135,15,0,15,150
01/18/2021,ELP,TX,ASW,CE,Combined TRACON& Tower with Radar,51,38,22,3,114,0,10,31,7,48,51,48,53,10,162,4,0,4,166
01/19/2021,ELP,TX,ASW,CE,Combined TRACON& Tower with Radar,61,34,22,10,127,0,5,15,9,29,61,39,37,19,156,0,0,0,156
01/20/2021,ELP,TX,ASW,CE,Combined TRACON& Tower with Radar,62,50,18,17,147,0,6,11,29,46,62,56,29,46,193,6,42,48,241
01/21/2021,ELP,TX,ASW,CE,Combined TRACON& Tower with Radar,66,45,24,5,140,0,5,20,26,51,66,50,44,31,191,5,0,5,196
01/22/2021,ELP,TX,ASW,CE,Combined TRACON& Tower with Radar,58,46,16,40,160,0,4,32,26,62,58,50,48,66,222,20,30,50,272
01/23/2021,ELP,TX,ASW,CE,Combined TRACON& Tower with Radar,52,21,21,0,94,0,9,48,8,65,52,30,69,8,159,23,0,23,182
01/24/2021,ELP,TX,ASW,CE,Combined TRACON& Tower with Radar,53,25,22,3,103,0,1,3,10,14,53,26,25,13,117,0,0,0,117
01/25/2021,ELP,TX,ASW,CE,Combined TRACON& Tower with Radar,52,42,33,2,129,0,8,27,8,43,52,50,60,10,172,10,10,20,192
01/26/2021,ELP,TX,ASW,CE,Combined TRACON& Tower with Radar,61,31,26,2,120,0,6,13,4,23,61,37,39,6,143,2,0,2,145
01/27/2021,ELP,TX,ASW,CE,Combined TRACON& Tower with Radar,64,40,20,18,142,0,11,37,26,74,64,51,57,44,216,8,49,57,273
01/28/2021,ELP,TX,ASW,CE,Combined TRACON& Tower with Radar,68,40,31,45,184,0,13,32,36,81,68,53,63,81,265,0,20,20,285
01/29/2021,ELP,TX,ASW,CE,Combined TRACON& Tower with Radar,57,34,27,6,124,0,6,21,12,39,57,40,48,18,163,6,24,30,193
01/30/2021,ELP,TX,ASW,CE,Combined TRACON& Tower with Radar,47,20,21,8,96,0,11,17,16,44,47,31,38,24,140,0,0,0,140
01/31/2021,ELP,TX,ASW,CE,Combined TRACON& Tower with Radar,58,15,19,1,93,0,6,29,7,42,58,21,48,8,135,26,0,26,161
02/01/2021,ELP,TX,ASW,CE,Combined TRACON& Tower with Radar,49,27,15,8,99,0,8,38,7,53,49,35,53,15,152,8,22,30,182
02/02/2021,ELP,TX,ASW,CE,Combined TRACON& Tower with Radar,61,32,18,22,133,0,10,48,18,76,61,42,66,40,209,39,7,46,255
02/03/2021,ELP,TX,ASW,CE,Combined TRACON& Tower with Radar,60,48,21,11,140,0,21,39,21,81,60,69,60,32,221,44,30,74,295
02/04/2021,ELP,TX,ASW,CE,Combined TRACON& Tower with Radar,65,37,16,7,125,0,14,16,13,43,65,51,32,20,168,6,0,6,174
02/05/2021,ELP,TX,ASW,CE,Combined TRACON& Tower with Radar,58,30,25,7,120,0,17,29,14,60,58,47,54,21,180,0,0,0,180
02/06/2021,ELP,TX,ASW,CE,Combined TRACON& Tower with Radar,47,25,13,3,88,0,12,37,5,54,47,37,50,8,142,22,0,22,164
02/07/2021,ELP,TX,ASW,CE,Combined TRACON& Tower with Radar,56,23,13,6,98,0,4,16,4,24,56,27,29,10,122,11,0,11,133
02/08/2021,ELP,TX,ASW,CE,Combined TRACON& Tower with Radar,49,43,23,8,123,0,11,20,15,46,49,54,43,23,169,8,12,20,189
02/09/2021,ELP,TX,ASW,CE,Combined TRACON& Tower with Radar,61,45,15,15,136,1,7,31,20,59,62,52,46,35,195,43,0,43,238
02/10/2021,ELP,TX,ASW,CE,Combined TRACON& Tower with Radar,65,55,24,90,234,0,9,38,28,75,65,64,62,118,309,18,34,52,361
02/11/2021,ELP,TX,ASW,CE,Combined TRACON& Tower with Radar,67,61,22,17,167,1,9,39,13,62,68,70,61,30,229,29,23,52,281
02/12/2021,ELP,TX,ASW,CE,Combined TRACON& Tower with Radar,66,43,38,63,210,0,3,25,20,48,66,46,63,83,258,12,28,40,298
02/13/2021,ELP,TX,ASW,CE,Combined TRACON& Tower with Radar,53,34,19,10,116,0,4,23,6,33,53,38,42,16,149,20,0,20,169
02/14/2021,ELP,TX,ASW,CE,Combined TRACON& Tower with Radar,45,8,5,0,58,0,0,1,0,1,45,8,6,0,59,0,0,0,59
02/15/2021,ELP,TX,ASW,CE,Combined TRACON& Tower with Radar,33,32,14,1,80,0,1,11,6,18,33,33,25,7,98,0,0,0,98
02/16/2021,ELP,TX,ASW,CE,Combined TRACON& Tower with Radar,50,52,23,2,127,0,10,8,5,23,50,62,31,7,150,0,0,0,150
02/17/2021,ELP,TX,ASW,CE,Combined TRACON& Tower with Radar,51,42,19,14,126,0,2,18,16,36,51,44,37,30,162,0,0,0,162
02/18/2021,ELP,TX,ASW,CE,Combined TRACON& Tower with Radar,70,59,31,10,170,0,5,35,10,50,70,64,66,20,220,0,0,0,220
02/19/2021,ELP,TX,ASW,CE,Combined TRACON& Tower with Radar,72,67,30,51,220,1,10,55,10,76,73,77,85,61,296,0,0,0,296
02/20/2021,ELP,TX,ASW,CE,Combined TRACON& Tower with Radar,58,52,20,7,137,0,4,42,2,48,58,56,62,9,185,0,0,0,185
02/21/2021,ELP,TX,ASW,CE,Combined TRACON& Tower with Radar,62,22,18,2,104,0,13,13,8,34,62,35,31,10,138,0,0,0,138
02/22/2021,ELP,TX,ASW,CE,Combined TRACON& Tower with Radar,64,53,58,8,183,0,11,38,15,64,64,64,96,23,247,0,0,0,247
02/23/2021,ELP,TX,ASW,CE,Combined TRACON& Tower with Radar,66,52,37,6,161,0,14,41,32,87,66,66,78,38,248,16,0,16,264
02/24/2021,ELP,TX,ASW,CE,Combined TRACON& Tower with Radar,65,71,26,9,171,0,7,53,13,73,65,78,79,22,244,34,0,34,278
02/25/2021,ELP,TX,ASW,CE,Combined TRACON& Tower with Radar,70,64,45,12,191,0,13,47,14,74,70,77,92,26,265,7,2,9,274
02/26/2021,ELP,TX,ASW,CE,Combined TRACON& Tower with Radar,64,41,34,7,146,0,5,35,10,50,64,46,69,17,196,11,0,11,207
02/27/2021,ELP,TX,ASW,CE,Combined TRACON& Tower with Radar,57,27,29,13,126,0,6,40,12,58,57,33,69,25,184,0,0,0,184
02/28/2021,ELP,TX,ASW,CE,Combined TRACON& Tower with Radar,51,26,22,21,120,0,4,11,9,24,51,30,33,30,144,0,6,6,150
03/01/2021,ELP,TX,ASW,CE,Combined TRACON& Tower with Radar,66,50,26,23,165,0,7,14,22,43,66,57,40,45,208,0,6,6,214
03/02/2021,ELP,TX,ASW,CE,Combined TRACON& Tower with Radar,70,52,28,8,158,0,13,48,21,82,70,65,76,29,240,24,0,24,264
03/03/2021,ELP,TX,ASW,CE,Combined TRACON& Tower with Radar,65,45,43,21,174,0,7,36,22,65,65,52,79,43,239,24,0,24,263
03/04/2021,ELP,TX,ASW,CE,Combined TRACON& Tower with Radar,74,61,31,30,196,0,8,36,21,65,74,69,67,51,261,0,13,13,274
03/05/2021,ELP,TX,ASW,CE,Combined TRACON& Tower with Radar,79,53,11,21,164,0,10,36,15,61,79,63,47,36,225,4,6,10,235
03/06/2021,ELP,TX,ASW,CE,Combined TRACON& Tower with Radar,62,41,16,5,124,0,7,41,5,53,62,48,57,10,177,11,5,16,193
03/07/2021,ELP,TX,ASW,CE,Combined TRACON& Tower with Radar,75,34,17,18,144,0,8,34,6,48,75,42,51,24,192,22,6,28,220
03/08/2021,ELP,TX,ASW,CE,Combined TRACON& Tower with Radar,75,47,44,2,168,0,7,46,14,67,75,54,90,16,235,18,0,18,253
03/09/2021,ELP,TX,ASW,CE,Combined TRACON& Tower with Radar,78,58,28,9,173,0,12,18,7,37,78,70,46,16,210,0,0,0,210
03/10/2021,ELP,TX,ASW,CE,Combined TRACON& Tower with Radar,75,57,40,17,189,0,5,30,10,45,75,62,70,27,234,4,0,4,238
03/11/2021,ELP,TX,ASW,CE,Combined TRACON& Tower with Radar,87,59,31,2,179,0,11,24,24,59,87,70,55,26,238,14,80,94,332
03/12/2021,ELP,TX,ASW,CE,Combined TRACON& Tower with Radar,86,41,42,11,180,0,9,30,7,46,86,50,72,18,226,26,0,26,252
03/13/2021,ELP,TX,ASW,CE,Combined TRACON& Tower with Radar,73,41,26,7,147,0,3,7,5,15,73,44,33,12,162,0,0,0,162
03/14/2021,ELP,TX,ASW,CE,Combined TRACON& Tower with Radar,72,25,21,0,118,0,1,11,5,17,72,26,32,5,135,0,0,0,135
03/15/2021,ELP,TX,ASW,CE,Combined TRACON& Tower with Radar,73,33,38,9,153,0,12,38,13,63,73,45,76,22,216,14,0,14,230
03/16/2021,ELP,TX,ASW,CE,Combined TRACON& Tower with Radar,89,45,20,5,159,0,0,21,3,24,89,45,41,8,183,4,0,4,187
03/17/2021,ELP,TX,ASW,CE,Combined TRACON& Tower with Radar,83,59,49,24,215,0,7,38,43,88,83,66,87,67,303,34,46,80,383
03/18/2021,ELP,TX,ASW,CE,Combined TRACON& Tower with Radar,93,51,31,6,181,0,8,55,26,89,93,59,86,32,270,46,0,46,316
03/19/2021,ELP,TX,ASW,CE,Combined TRACON& Tower with Radar,84,41,18,13,156,1,8,36,16,61,85,49,54,29,217,6,0,6,223
03/20/2021,ELP,TX,ASW,CE,Combined TRACON& Tower with Radar,75,27,31,8,141,0,15,63,5,83,75,42,94,13,224,46,0,46,270
03/21/2021,ELP,TX,ASW,CE,Combined TRACON& Tower with Radar,78,36,26,6,146,0,3,30,9,42,78,39,56,15,188,0,0,0,188
03/22/2021,ELP,TX,ASW,CE,Combined TRACON& Tower with Radar,75,46,30,2,153,0,11,12,2,25,75,57,42,4,178,2,0,2,180
03/23/2021,ELP,TX,ASW,CE,Combined TRACON& Tower with Radar,91,53,23,13,180,0,12,39,17,68,91,65,62,30,248,15,0,15,263
03/24/2021,ELP,TX,ASW,CE,Combined TRACON& Tower with Radar,87,54,36,8,185,0,8,22,14,44,87,62,58,22,229,0,20,20,249
03/25/2021,ELP,TX,ASW,CE,Combined TRACON& Tower with Radar,97,53,46,9,205,0,8,17,28,53,97,61,63,37,258,8,0,8,266
03/26/2021,ELP,TX,ASW,CE,Combined TRACON& Tower with Radar,84,39,50,15,188,0,13,37,10,60,84,52,87,25,248,23,0,23,271
03/27/2021,ELP,TX,ASW,CE,Combined TRACON& Tower with Radar,69,34,40,3,146,0,5,55,13,73,69,39,95,16,219,21,0,21,240
03/28/2021,ELP,TX,ASW,CE,Combined TRACON& Tower with Radar,74,22,35,3,134,1,4,42,11,58,75,26,77,14,192,0,0,0,192
03/29/2021,ELP,TX,ASW,CE,Combined TRACON& Tower with Radar,73,48,15,8,144,0,8,32,19,59,73,56,47,27,203,5,0,5,208
03/30/2021,ELP,TX,ASW,CE,Combined TRACON& Tower with Radar,91,53,39,14,197,0,14,30,29,73,91,67,69,43,270,45,0,45,315
03/31/2021,ELP,TX,ASW,CE,Combined TRACON& Tower with Radar,94,45,18,14,171,0,9,35,22,66,94,54,53,36,237,8,50,58,295
04/01/2021,ELP,TX,ASW,CE,Combined TRACON& Tower with Radar,88,32,34,7,161,0,7,37,14,58,88,39,71,21,219,11,20,31,250
04/02/2021,ELP,TX,ASW,CE,Combined TRACON& Tower with Radar,75,26,27,6,134,0,5,42,8,55,75,31,69,14,189,33,0,33,222
04/03/2021,ELP,TX,ASW,CE,Combined TRACON& Tower with Radar,66,21,15,6,108,0,8,37,11,56,66,29,52,17,164,8,0,8,172
04/04/2021,ELP,TX,ASW,CE,Combined TRACON& Tower with Radar,79,30,20,3,132,0,8,37,5,50,79,38,57,8,182,4,0,4,186
04/05/2021,ELP,TX,ASW,CE,Combined TRACON& Tower with Radar,78,50,38,5,171,0,16,23,7,46,78,66,61,12,217,20,0,20,237
04/06/2021,ELP,TX,ASW,CE,Combined TRACON& Tower with Radar,84,33,23,3,143,0,7,19,7,33,84,40,42,10,176,14,0,14,190
04/07/2021,ELP,TX,ASW,CE,Combined TRACON& Tower with Radar,75,40,27,8,150,0,14,41,33,88,75,54,68,41,238,69,0,69,307
04/08/2021,ELP,TX,ASW,CE,Combined TRACON& Tower with Radar,97,29,35,16,177,0,8,27,15,50,97,37,62,31,227,0,0,0,227
04/09/2021,ELP,TX,ASW,CE,Combined TRACON& Tower with Radar,81,34,20,5,140,0,11,37,15,63,81,45,57,20,203,0,0,0,203
04/10/2021,ELP,TX,ASW,CE,Combined TRACON& Tower with Radar,68,30,15,15,128,0,8,47,22,77,68,38,62,37,205,56,0,56,261
04/11/2021,ELP,TX,ASW,CE,Combined TRACON& Tower with Radar,78,31,23,20,152,0,7,36,11,54,78,38,59,31,206,18,0,18,224
04/12/2021,ELP,TX,ASW,CE,Combined TRACON& Tower with Radar,82,35,26,43,186,0,13,34,23,70,82,48,60,66,256,8,38,46,302
04/13/2021,ELP,TX,ASW,CE,Combined TRACON& Tower with Radar,77,40,27,37,181,0,6,29,29,64,77,46,56,66,245,26,0,26,271
04/14/2021,ELP,TX,ASW,CE,Combined TRACON& Tower with Radar,77,40,45,65,227,0,6,26,21,53,77,46,71,86,280,16,42,58,338
04/15/2021,ELP,TX,ASW,CE,Combined TRACON& Tower with Radar,87,39,44,49,219,0,6,31,12,49,87,45,75,61,268,52,0,52,320
04/16/2021,ELP,TX,ASW,CE,Combined TRACON& Tower with Radar,82,32,22,40,176,0,10,36,14,60,82,42,58,54,236,15,0,15,251
04/17/2021,ELP,TX,ASW,CE,Combined TRACON& Tower with Radar,76,19,10,4,109,0,6,27,13,46,76,25,37,17,155,12,0,12,167
04/18/2021,ELP,TX,ASW,CE,Combined TRACON& Tower with Radar,75,25,29,4,133,0,6,24,13,43,75,31,53,17,176,21,0,21,197
04/19/2021,ELP,TX,ASW,CE,Combined TRACON& Tower with Radar,77,30,36,37,180,0,8,48,24,80,77,38,84,61,260,24,5,29,289
04/20/2021,ELP,TX,ASW,CE,Combined TRACON& Tower with Radar,68,26,24,13,131,0,7,34,19,60,68,33,58,32,191,12,0,12,203
04/21/2021,ELP,TX,ASW,CE,Combined TRACON& Tower with Radar,81,39,10,24,154,0,7,36,6,49,81,46,46,30,203,24,0,24,227
04/22/2021,ELP,TX,ASW,CE,Combined TRACON& Tower with Radar,90,42,41,49,222,0,10,23,18,51,90,52,64,67,273,40,0,40,313
04/23/2021,ELP,TX,ASW,CE,Combined TRACON& Tower with Radar,78,33,17,49,177,0,8,27,18,53,78,41,44,67,230,7,0,7,237
04/24/2021,ELP,TX,ASW,CE,Combined TRACON& Tower with Radar,69,23,17,22,131,0,8,57,7,72,69,31,74,29,203,24,8,32,235
04/25/2021,ELP,TX,ASW,CE,Combined TRACON& Tower with Radar,80,26,27,5,138,0,8,38,4,50,80,34,65,9,188,8,0,8,196
04/26/2021,ELP,TX,ASW,CE,Combined TRACON& Tower with Radar,76,30,22,13,141,0,8,15,27,50,76,38,37,40,191,14,50,64,255
04/27/2021,ELP,TX,ASW,CE,Combined TRACON& Tower with Radar,72,38,27,16,153,0,6,23,12,41,72,44,50,28,194,12,16,28,222
04/28/2021,ELP,TX,ASW,CE,Combined TRACON& Tower with Radar,71,31,45,50,197,0,7,34,25,66,71,38,79,75,263,7,80,87,350
04/29/2021,ELP,TX,ASW,CE,Combined TRACON& Tower with Radar,91,43,38,22,194,0,1,24,8,33,91,44,62,30,227,0,44,44,271
04/30/2021,ELP,TX,ASW,CE,Combined TRACON& Tower with Radar,82,33,30,10,155,0,8,45,7,60,82,41,75,17,215,10,0,10,225
05/01/2021,ELP,TX,ASW,CE,Combined TRACON& Tower with Radar,70,17,24,17,128,0,8,55,8,71,70,25,79,25,199,22,0,22,221
05/02/2021,ELP,TX,ASW,CE,Combined TRACON& Tower with Radar,83,22,27,20,152,0,7,10,5,22,83,29,37,25,174,0,0,0,174
05/03/2021,ELP,TX,ASW,CE,Combined TRACON& Tower with Radar,78,18,40,11,147,0,11,26,19,56,78,29,66,30,203,12,22,34,237
05/04/2021,ELP,TX,ASW,CE,Combined TRACON& Tower with Radar,82,26,15,16,139,0,9,44,16,69,82,35,59,32,208,28,0,28,236
05/05/2021,ELP,TX,ASW,CE,Combined TRACON& Tower with Radar,80,30,35,10,155,0,9,58,22,89,80,39,93,32,244,28,24,52,296
05/06/2021,ELP,TX,ASW,CE,Combined TRACON& Tower with Radar,96,31,41,4,172,0,7,32,16,55,96,38,73,20,227,0,0,0,227
05/07/2021,ELP,TX,ASW,CE,Combined TRACON& Tower with Radar,87,32,29,41,189,0,13,29,17,59,87,45,58,58,248,4,0,4,252
05/08/2021,ELP,TX,ASW,CE,Combined TRACON& Tower with Radar,74,28,12,1,115,0,6,31,5,42,74,34,43,6,157,12,0,12,169
05/09/2021,ELP,TX,ASW,CE,Combined TRACON& Tower with Radar,76,22,22,1,121,0,1,31,8,40,76,23,53,9,161,40,0,40,201
05/10/2021,ELP,TX,ASW,CE,Combined TRACON& Tower with Radar,74,29,18,19,140,0,5,21,38,64,74,34,39,57,204,14,81,95,299
05/11/2021,ELP,TX,ASW,CE,Combined TRACON& Tower with Radar,96,36,37,15,184,0,9,22,16,47,96,45,59,31,231,11,0,11,242
05/12/2021,ELP,TX,ASW,CE,Combined TRACON& Tower with Radar,86,37,23,12,158,0,14,25,21,60,86,51,48,33,218,12,14,26,244
05/13/2021,ELP,TX,ASW,CE,Combined TRACON& Tower with Radar,88,43,35,9,175,0,6,19,12,37,88,49,54,21,212,28,0,28,240
05/14/2021,ELP,TX,ASW,CE,Combined TRACON& Tower with Radar,84,31,25,25,165,0,8,42,6,56,84,39,67,31,221,14,0,14,235
05/15/2021,ELP,TX,ASW,CE,Combined TRACON& Tower with Radar,74,26,20,10,130,0,3,48,6,57,74,29,68,16,187,21,0,21,208
05/16/2021,ELP,TX,ASW,CE,Combined TRACON& Tower with Radar,70,29,20,1,120,0,2,37,9,48,70,31,57,10,168,44,0,44,212
05/17/2021,ELP,TX,ASW,CE,Combined TRACON& Tower with Radar,86,36,11,65,198,0,9,24,28,61,86,45,35,93,259,20,0,20,279
05/18/2021,ELP,TX,ASW,CE,Combined TRACON& Tower with Radar,94,47,22,16,179,0,6,37,25,68,94,53,59,41,247,90,4,94,341
05/19/2021,ELP,TX,ASW,CE,Combined TRACON& Tower with Radar,95,48,22,4,169,0,11,32,20,63,95,59,54,24,232,24,44,68,300
05/20/2021,ELP,TX,ASW,CE,Combined TRACON& Tower with Radar,91,44,34,10,179,0,5,51,6,62,91,49,85,16,241,26,0,26,267
05/21/2021,ELP,TX,ASW,CE,Combined TRACON& Tower with Radar,87,61,36,95,279,0,12,49,23,84,87,73,85,118,363,14,15,29,392
05/22/2021,ELP,TX,ASW,CE,Combined TRACON& Tower with Radar,78,17,17,10,122,0,1,41,7,49,78,18,58,17,171,65,0,65,236
05/23/2021,ELP,TX,ASW,CE,Combined TRACON& Tower with Radar,82,28,28,25,163,0,6,37,9,52,82,34,65,34,215,6,8,14,229
05/24/2021,ELP,TX,ASW,CE,Combined TRACON& Tower with Radar,73,28,25,16,142,0,6,56,19,81,73,34,81,35,223,63,0,63,286
05/25/2021,ELP,TX,ASW,CE,Combined TRACON& Tower with Radar,86,47,37,29,199,0,5,68,13,86,86,52,105,42,285,7,20,27,312
05/26/2021,ELP,TX,ASW,CE,Combined TRACON& Tower with Radar,95,43,22,19,179,0,10,43,21,74,95,53,65,40,253,22,0,22,275
05/27/2021,ELP,TX,ASW,CE,Combined TRACON& Tower with Radar,88,46,29,6,169,0,15,44,11,70,88,61,73,17,239,6,0,6,245
05/28/2021,ELP,TX,ASW,CE,Combined TRACON& Tower with Radar,86,39,38,27,190,0,12,37,23,72,86,51,75,50,262,19,0,19,281
05/29/2021,ELP,TX,ASW,CE,Combined TRACON& Tower with Radar,79,27,22,28,156,0,6,40,5,51,79,33,62,33,207,62,0,62,269
05/30/2021,ELP,TX,ASW,CE,Combined TRACON& Tower with Radar,84,21,22,28,155,0,3,18,19,40,84,24,40,47,195,12,16,28,223
05/31/2021,ELP,TX,ASW,CE,Combined TRACON& Tower with Radar,72,35,26,13,146,0,1,31,17,49,72,36,57,30,195,0,36,36,231
06/01/2021,ELP,TX,ASW,CE,Combined TRACON& Tower with Radar,88,37,23,9,157,0,10,24,14,48,88,47,47,23,205,38,0,38,243
06/02/2021,ELP,TX,ASW,CE,Combined TRACON& Tower with Radar,93,43,21,7,164,0,5,33,10,48,93,48,54,17,212,8,0,8,220
06/03/2021,ELP,TX,ASW,CE,Combined TRACON& Tower with Radar,107,27,33,12,179,0,2,32,17,51,107,29,65,29,230,6,10,16,246
06/04/2021,ELP,TX,ASW,CE,Combined TRACON& Tower with Radar,95,28,46,5,174,0,2,46,16,64,95,30,92,21,238,30,0,30,268
06/05/2021,ELP,TX,ASW,CE,Combined TRACON& Tower with Radar,80,23,24,6,133,0,1,42,9,52,80,24,66,15,185,25,0,25,210
06/06/2021,ELP,TX,ASW,CE,Combined TRACON& Tower with Radar,101,23,18,4,146,0,2,18,7,27,101,25,36,11,173,15,0,15,188
06/07/2021,ELP,TX,ASW,CE,Combined TRACON& Tower with Radar,96,36,41,6,179,0,14,34,16,64,96,50,75,22,243,26,0,26,269
06/08/2021,ELP,TX,ASW,CE,Combined TRACON& Tower with Radar,114,37,17,3,171,0,8,28,22,58,114,45,45,25,229,12,0,12,241
06/09/2021,ELP,TX,ASW,CE,Combined TRACON& Tower with Radar,106,32,53,9,200,0,12,44,14,70,106,44,97,23,270,28,0,28,298
06/10/2021,ELP,TX,ASW,CE,Combined TRACON& Tower with Radar,104,44,42,8,198,0,14,31,12,57,104,58,73,20,255,6,0,6,261
06/11/2021,ELP,TX,ASW,CE,Combined TRACON& Tower with Radar,103,21,25,38,187,0,15,43,6,64,103,36,68,44,251,8,2,10,261
06/12/2021,ELP,TX,ASW,CE,Combined TRACON& Tower with Radar,78,20,28,3,129,0,5,30,2,37,78,25,58,5,166,21,0,21,187
06/13/2021,ELP,TX,ASW,CE,Combined TRACON& Tower with Radar,95,17,22,11,145,0,3,30,7,40,95,20,52,18,185,30,0,30,215
06/14/2021,ELP,TX,ASW,CE,Combined TRACON& Tower with Radar,92,14,24,23,153,0,8,32,18,58,92,22,56,41,211,25,68,93,304
06/15/2021,ELP,TX,ASW,CE,Combined TRACON& Tower with Radar,98,22,28,8,156,0,5,40,17,62,98,27,68,25,218,2,0,2,220
06/16/2021,ELP,TX,ASW,CE,Combined TRACON& Tower with Radar,105,35,28,12,180,0,10,37,22,69,105,45,65,34,249,0,0,0,249
06/17/2021,ELP,TX,ASW,CE,Combined TRACON& Tower with Radar,109,47,26,15,197,1,10,60,21,92,110,57,86,36,289,51,12,63,352
06/18/2021,ELP,TX,ASW,CE,Combined TRACON& Tower with Radar,102,43,29,15,189,0,14,65,14,93,102,57,94,29,282,66,0,66,348
06/19/2021,ELP,TX,ASW,CE,Combined TRACON& Tower with Radar,75,22,22,3,122,0,8,75,8,91,75,30,97,11,213,0,0,0,213
06/20/2021,ELP,TX,ASW,CE,Combined TRACON& Tower with Radar,93,22,24,1,140,0,7,55,6,68,93,29,79,7,208,31,0,31,239
06/21/2021,ELP,TX,ASW,CE,Combined TRACON& Tower with Radar,103,31,41,11,186,0,11,51,23,85,103,42,92,34,271,24,0,24,295
06/22/2021,ELP,TX,ASW,CE,Combined TRACON& Tower with Radar,101,31,37,6,175,0,7,22,9,38,101,38,59,15,213,10,0,10,223
06/23/2021,ELP,TX,ASW,CE,Combined TRACON& Tower with Radar,111,42,29,25,207,0,6,33,28,67,111,48,62,53,274,0,0,0,274
06/24/2021,ELP,TX,ASW,CE,Combined TRACON& Tower with Radar,108,30,32,24,194,0,7,34,9,50,108,37,66,33,244,40,0,40,284
06/25/2021,ELP,TX,ASW,CE,Combined TRACON& Tower with Radar,102,31,27,27,187,0,11,24,13,48,102,42,51,40,235,0,0,0,235
06/26/2021,ELP,TX,ASW,CE,Combined TRACON& Tower with Radar,77,30,20,30,157,0,14,47,5,66,77,44,67,35,223,14,0,14,237
06/27/2021,ELP,TX,ASW,CE,Combined TRACON& Tower with Radar,85,14,25,13,137,0,4,23,9,36,85,18,48,22,173,12,16,28,201
06/28/2021,ELP,TX,ASW,CE,Combined TRACON& Tower with Radar,96,24,32,10,162,0,1,9,1,11,96,25,41,11,173,0,0,0,173
06/29/2021,ELP,TX,ASW,CE,Combined TRACON& Tower with Radar,104,33,33,16,186,0,0,10,8,18,104,33,43,24,204,0,0,0,204
06/30/2021,ELP,TX,ASW,CE,Combined TRACON& Tower with Radar,102,48,27,13,190,0,2,13,16,31,102,50,40,29,221,10,40,50,271
07/01/2021,ELP,TX,ASW,CE,Combined TRACON& Tower with Radar,106,46,43,28,223,0,11,27,2,40,106,57,70,30,263,18,0,18,281
07/02/2021,ELP,TX,ASW,CE,Combined TRACON& Tower with Radar,94,46,25,7,172,0,10,33,18,61,94,56,58,25,233,8,0,8,241
07/03/2021,ELP,TX,ASW,CE,Combined TRACON& Tower with Radar,77,30,19,0,126,0,1,37,1,39,77,31,56,1,165,8,0,8,173
07/04/2021,ELP,TX,ASW,CE,Combined TRACON& Tower with Radar,81,18,17,1,117,0,17,21,4,42,81,35,38,5,159,38,0,38,197
07/05/2021,ELP,TX,ASW,CE,Combined TRACON& Tower with Radar,94,23,19,3,139,0,5,25,4,34,94,28,44,7,173,18,0,18,191
07/06/2021,ELP,TX,ASW,CE,Combined TRACON& Tower with Radar,101,24,20,6,151,0,5,23,8,36,101,29,43,14,187,11,3,14,201
07/07/2021,ELP,TX,ASW,CE,Combined TRACON& Tower with Radar,102,33,32,2,169,0,4,37,8,49,102,37,69,10,218,58,0,58,276
07/08/2021,ELP,TX,ASW,CE,Combined TRACON& Tower with Radar,102,41,23,41,207,0,8,41,22,71,102,49,64,63,278,8,1,9,287
07/09/2021,ELP,TX,ASW,CE,Combined TRACON& Tower with Radar,104,41,33,1,179,0,7,53,15,75,104,48,86,16,254,44,0,44,298
07/10/2021,ELP,TX,ASW,CE,Combined TRACON& Tower with Radar,80,32,26,1,139,0,5,33,5,43,80,37,59,6,182,49,5,54,236
07/11/2021,ELP,TX,ASW,CE,Combined TRACON& Tower with Radar,85,25,22,2,134,0,1,31,5,37,85,26,53,7,171,28,0,28,199
07/12/2021,ELP,TX,ASW,CE,Combined TRACON& Tower with Radar,102,50,28,15,195,0,1,13,11,25,102,51,41,26,220,9,0,9,229
07/13/2021,ELP,TX,ASW,CE,Combined TRACON& Tower with Radar,102,35,32,3,172,0,5,26,14,45,102,40,58,17,217,16,0,16,233
07/14/2021,ELP,TX,ASW,CE,Combined TRACON& Tower with Radar,100,34,27,7,168,0,11,35,17,63,100,45,62,24,231,52,34,86,317
07/15/2021,ELP,TX,ASW,CE,Combined TRACON& Tower with Radar,105,43,23,9,180,0,14,27,17,58,105,57,50,26,238,4,2,6,244
07/16/2021,ELP,TX,ASW,CE,Combined TRACON& Tower with Radar,107,38,47,18,210,0,11,36,16,63,107,49,83,34,273,35,6,41,314
07/17/2021,ELP,TX,ASW,CE,Combined TRACON& Tower with Radar,78,27,12,0,117,0,5,27,1,33,78,32,39,1,150,61,1,62,212
07/18/2021,ELP,TX,ASW,CE,Combined TRACON& Tower with Radar,97,32,14,1,144,0,4,24,4,32,97,36,38,5,176,0,0,0,176
07/19/2021,ELP,TX,ASW,CE,Combined TRACON& Tower with Radar,104,31,32,12,179,0,13,22,21,56,104,44,54,33,235,0,0,0,235
07/20/2021,ELP,TX,ASW,CE,Combined TRACON& Tower with Radar,120,32,36,11,199,0,10,39,19,68,120,42,75,30,267,0,24,24,291
07/21/2021,ELP,TX,ASW,CE,Combined TRACON& Tower with Radar,104,38,20,5,167,0,14,27,17,58,104,52,47,22,225,10,28,38,263
07/22/2021,ELP,TX,ASW,CE,Combined TRACON& Tower with Radar,113,47,27,10,197,2,21,47,24,94,115,68,74,34,291,48,10,58,349
07/23/2021,ELP,TX,ASW,CE,Combined TRACON& Tower with Radar,111,40,21,16,188,0,2,25,17,44,111,42,46,33,232,46,2,48,280
07/24/2021,ELP,TX,ASW,CE,Combined TRACON& Tower with Radar,76,32,18,5,131,0,4,30,4,38,76,36,48,9,169,32,0,32,201
07/25/2021,ELP,TX,ASW,CE,Combined TRACON& Tower with Radar,94,29,20,12,155,0,3,21,5,29,94,32,41,17,184,0,0,0,184
07/26/2021,ELP,TX,ASW,CE,Combined TRACON& Tower with Radar,101,35,18,10,164,0,4,27,8,39,101,39,45,18,203,9,0,9,212
07/27/2021,ELP,TX,ASW,CE,Combined TRACON& Tower with Radar,107,28,20,9,164,0,7,45,16,68,107,35,65,25,232,56,0,56,288
07/28/2021,ELP,TX,ASW,CE,Combined TRACON& Tower with Radar,114,39,25,41,219,0,6,34,20,60,114,45,59,61,279,22,2,24,303
07/29/2021,ELP,TX,ASW,CE,Combined TRACON& Tower with Radar,115,45,15,20,195,0,14,28,13,55,115,59,43,33,250,6,0,6,256
07/30/2021,ELP,TX,ASW,CE,Combined TRACON& Tower with Radar,109,36,22,17,184,0,8,22,16,46,109,44,44,33,230,4,0,4,234
07/31/2021,ELP,TX,ASW,CE,Combined TRACON& Tower with Radar,78,24,21,2,125,0,14,37,5,56,78,38,58,7,181,4,0,4,185
08/01/2021,ELP,TX,ASW,CE,Combined TRACON& Tower with Radar,85,31,15,14,145,0,4,19,12,35,85,35,34,26,180,0,0,0,180
08/02/2021,ELP,TX,ASW,CE,Combined TRACON& Tower with Radar,93,45,21,3,162,0,12,28,13,53,93,57,49,16,215,30,0,30,245
08/03/2021,ELP,TX,ASW,CE,Combined TRACON& Tower with Radar,97,43,46,19,205,0,11,42,28,81,97,54,88,47,286,46,14,60,346
08/04/2021,ELP,TX,ASW,CE,Combined TRACON& Tower with Radar,111,46,27,4,188,0,9,42,15,66,111,55,69,19,254,58,8,66,320
08/05/2021,ELP,TX,ASW,CE,Combined TRACON& Tower with Radar,113,39,18,17,187,0,12,38,18,68,113,51,56,35,255,6,24,30,285
08/06/2021,ELP,TX,ASW,CE,Combined TRACON& Tower with Radar,106,56,18,18,198,0,15,30,26,71,106,71,48,44,269,8,29,37,306
08/07/2021,ELP,TX,ASW,CE,Combined TRACON& Tower with Radar,76,31,13,8,128,0,11,29,0,40,76,42,42,8,168,0,0,0,168
08/08/2021,ELP,TX,ASW,CE,Combined TRACON& Tower with Radar,93,30,26,2,151,0,5,11,6,22,93,35,37,8,173,11,0,11,184
08/09/2021,ELP,TX,ASW,CE,Combined TRACON& Tower with Radar,94,39,32,6,171,0,5,20,7,32,94,44,52,13,203,4,0,4,207
08/10/2021,ELP,TX,ASW,CE,Combined TRACON& Tower with Radar,104,41,17,6,168,0,8,14,7,29,104,49,31,13,197,0,0,0,197
08/11/2021,ELP,TX,ASW,CE,Combined TRACON& Tower with Radar,101,32,32,12,177,0,6,25,14,45,101,38,57,26,222,0,36,36,258
08/12/2021,ELP,TX,ASW,CE,Combined TRACON& Tower with Radar,108,51,49,7,215,0,4,31,9,44,108,55,80,16,259,30,2,32,291
08/13/2021,ELP,TX,ASW,CE,Combined TRACON& Tower with Radar,109,49,38,18,214,0,3,10,5,18,109,52,48,23,232,42,2,44,276
08/14/2021,ELP,TX,ASW,CE,Combined TRACON& Tower with Radar,75,38,21,3,137,0,0,5,5,10,75,38,26,8,147,0,0,0,147
08/15/2021,ELP,TX,ASW,CE,Combined TRACON& Tower with Radar,88,30,26,0,144,0,1,5,6,12,88,31,31,6,156,0,0,0,156
08/16/2021,ELP,TX,ASW,CE,Combined TRACON& Tower with Radar,97,40,35,26,198,0,7,19,10,36,97,47,54,36,234,6,29,35,269
08/17/2021,ELP,TX,ASW,CE,Combined TRACON& Tower with Radar,105,45,31,7,188,0,11,44,17,72,105,56,75,24,260,32,0,32,292
08/18/2021,ELP,TX,ASW,CE,Combined TRACON& Tower with Radar,111,60,30,14,215,0,12,39,19,70,111,72,69,33,285,50,0,50,335
08/19/2021,ELP,TX,ASW,CE,Combined TRACON& Tower with Radar,105,41,22,18,186,6,21,53,14,94,111,62,75,32,280,49,0,49,329
08/20/2021,ELP,TX,ASW,CE,Combined TRACON& Tower with Radar,104,53,22,15,194,1,15,38,12,66,105,68,60,27,260,8,24,32,292
08/21/2021,ELP,TX,ASW,CE,Combined TRACON& Tower with Radar,79,24,7,8,118,0,4,34,4,42,79,28,41,12,160,10,0,10,170
08/22/2021,ELP,TX,ASW,CE,Combined TRACON& Tower with Radar,86,24,10,5,125,0,13,28,10,51,86,37,38,15,176,22,0,22,198
08/23/2021,ELP,TX,ASW,CE,Combined TRACON& Tower with Radar,100,33,17,17,167,0,7,46,14,67,100,40,63,31,234,8,0,8,242
08/24/2021,ELP,TX,ASW,CE,Combined TRACON& Tower with Radar,107,42,22,9,180,0,11,40,13,64,107,53,62,22,244,76,22,98,342
08/25/2021,ELP,TX,ASW,CE,Combined TRACON& Tower with Radar,107,46,20,8,181,0,10,23,14,47,107,56,43,22,228,15,55,70,298
08/26/2021,ELP,TX,ASW,CE,Combined TRACON& Tower with Radar,103,41,20,23,187,0,6,31,16,53,103,47,51,39,240,96,0,96,336
08/27/2021,ELP,TX,ASW,CE,Combined TRACON& Tower with Radar,106,48,19,58,231,3,17,31,12,63,109,65,50,70,294,44,36,80,374
08/28/2021,ELP,TX,ASW,CE,Combined TRACON& Tower with Radar,85,34,17,0,136,0,10,35,0,45,85,44,52,0,181,37,0,37,218
08/29/2021,ELP,TX,ASW,CE,Combined TRACON& Tower with Radar,89,28,14,7,138,0,3,39,7,49,89,31,53,14,187,108,0,108,295
08/30/2021,ELP,TX,ASW,CE,Combined TRACON& Tower with Radar,103,37,29,26,195,0,6,29,18,53,103,43,58,44,248,34,6,40,288
08/31/2021,ELP,TX,ASW,CE,Combined TRACON& Tower with Radar,106,48,19,7,180,0,10,31,12,53,106,58,50,19,233,59,0,59,292
09/01/2021,ELP,TX,ASW,CE,Combined TRACON& Tower with Radar,108,46,43,5,202,0,6,30,19,55,108,52,73,24,257,108,0,108,365
09/02/2021,ELP,TX,ASW,CE,Combined TRACON& Tower with Radar,106,47,33,6,192,6,17,30,17,70,112,64,63,23,262,28,4,32,294
09/03/2021,ELP,TX,ASW,CE,Combined TRACON& Tower with Radar,103,38,35,10,186,0,4,33,5,42,103,42,68,15,228,45,0,45,273
09/04/2021,ELP,TX,ASW,CE,Combined TRACON& Tower with Radar,81,34,29,14,158,0,6,28,3,37,81,40,57,17,195,64,0,64,259
09/05/2021,ELP,TX,ASW,CE,Combined TRACON& Tower with Radar,82,21,8,5,116,0,12,18,5,35,82,33,26,10,151,0,0,0,151
09/06/2021,ELP,TX,ASW,CE,Combined TRACON& Tower with Radar,88,36,29,5,158,4,8,33,8,53,92,44,62,13,211,10,4,14,225
09/07/2021,ELP,TX,ASW,CE,Combined TRACON& Tower with Radar,92,36,20,9,157,0,8,24,11,43,92,44,44,20,200,20,0,20,220
09/08/2021,ELP,TX,ASW,CE,Combined TRACON& Tower with Radar,102,33,32,10,177,1,6,20,21,48,103,39,52,31,225,0,10,10,235
09/09/2021,ELP,TX,ASW,CE,Combined TRACON& Tower with Radar,125,40,17,8,190,7,15,32,11,65,132,55,49,19,255,13,0,13,268
09/10/2021,ELP,TX,ASW,CE,Combined TRACON& Tower with Radar,111,34,18,13,176,0,14,35,9,58,111,48,53,22,234,47,0,47,281
09/11/2021,ELP,TX,ASW,CE,Combined TRACON& Tower with Radar,92,33,20,1,146,0,10,36,2,48,92,43,56,3,194,21,0,21,215
09/12/2021,ELP,TX,ASW,CE,Combined TRACON& Tower with Radar,98,28,17,2,145,2,9,36,9,56,100,37,53,11,201,36,0,36,237
09/13/2021,ELP,TX,ASW,CE,Combined TRACON& Tower with Radar,106,33,15,12,166,0,15,37,10,62,106,48,52,22,228,27,0,27,255
09/14/2021,ELP,TX,ASW,CE,Combined TRACON& Tower with Radar,102,53,27,12,194,0,15,50,20,85,102,68,77,32,279,0,0,0,279
09/15/2021,ELP,TX,ASW,CE,Combined TRACON& Tower with Radar,112,44,32,6,194,0,7,34,12,53,112,51,66,18,247,36,3,39,286
09/16/2021,ELP,TX,ASW,CE,Combined TRACON& Tower with Radar,119,52,24,11,206,0,21,36,22,79,119,73,60,33,285,6,12,18,303
09/17/2021,ELP,TX,ASW,CE,Combined TRACON& Tower with Radar,120,42,46,16,224,0,27,34,11,72,120,69,80,27,296,4,12,16,312
09/18/2021,ELP,TX,ASW,CE,Combined TRACON& Tower with Radar,90,28,14,6,138,3,16,40,5,64,93,44,54,11,202,52,12,64,266
09/19/2021,ELP,TX,ASW,CE,Combined TRACON& Tower with Radar,102,25,18,6,151,0,4,31,11,46,102,29,49,17,197,10,0,10,207
09/20/2021,ELP,TX,ASW,CE,Combined TRACON& Tower with Radar,111,30,34,22,197,0,8,30,22,60,111,38,64,44,257,22,0,22,279
09/21/2021,ELP,TX,ASW,CE,Combined TRACON& Tower with Radar,106,30,29,12,177,0,17,14,15,46,106,47,43,27,223,0,0,0,223
09/22/2021,ELP,TX,ASW,CE,Combined TRACON& Tower with Radar,110,38,29,16,193,0,6,41,14,61,110,44,70,30,254,14,0,14,268
09/23/2021,ELP,TX,ASW,CE,Combined TRACON& Tower with Radar,120,43,38,19,220,0,14,36,17,67,120,57,74,36,287,0,0,0,287
09/24/2021,ELP,TX,ASW,CE,Combined TRACON& Tower with Radar,123,31,25,12,191,0,8,47,9,64,123,39,72,21,255,0,10,10,265
09/25/2021,ELP,TX,ASW,CE,Combined TRACON& Tower with Radar,91,30,9,3,133,0,2,22,2,26,91,32,31,5,159,0,0,0,159
09/26/2021,ELP,TX,ASW,CE,Combined TRACON& Tower with Radar,110,31,35,8,184,1,11,26,10,48,111,42,61,18,232,16,0,16,248
09/27/2021,ELP,TX,ASW,CE,Combined TRACON& Tower with Radar,108,50,29,7,194,1,11,29,7,48,109,61,58,14,242,0,0,0,242
09/28/2021,ELP,TX,ASW,CE,Combined TRACON& Tower with Radar,107,41,29,5,182,0,10,40,13,63,107,51,69,18,245,26,16,42,287
09/29/2021,ELP,TX,ASW,CE,Combined TRACON& Tower with Radar,114,46,55,6,221,0,9,37,12,58,114,55,92,18,279,38,14,52,331
09/30/2021,ELP,TX,ASW,CE,Combined TRACON& Tower with Radar,114,52,35,5,206,0,5,18,9,32,114,57,53,14,238,0,0,0,238
10/01/2021,ELP,TX,ASW,CE,Combined TRACON& Tower with Radar,115,56,25,86,282,0,10,41,22,73,115,66,66,108,355,8,2,10,365
10/02/2021,ELP,TX,ASW,CE,Combined TRACON& Tower with Radar,90,34,17,3,144,0,6,31,2,39,90,40,48,5,183,0,0,0,183
10/03/2021,ELP,TX,ASW,CE,Combined TRACON& Tower with Radar,104,35,24,32,195,0,8,35,20,63,104,43,59,52,258,0,0,0,258
10/04/2021,ELP,TX,ASW,CE,Combined TRACON& Tower with Radar,110,35,21,31,197,0,16,23,7,46,110,51,44,38,243,0,0,0,243
10/05/2021,ELP,TX,ASW,CE,Combined TRACON& Tower with Radar,115,39,34,7,195,0,12,16,4,32,115,51,50,11,227,0,0,0,227
10/06/2021,ELP,TX,ASW,CE,Combined TRACON& Tower with Radar,119,37,40,18,214,0,7,28,16,51,119,44,68,34,265,0,0,0,265
10/07/2021,ELP,TX,ASW,CE,Combined TRACON& Tower with Radar,128,49,24,8,209,0,14,27,9,50,128,63,51,17,259,14,0,14,273
10/08/2021,ELP,TX,ASW,CE,Combined TRACON& Tower with Radar,130,53,26,3,212,0,14,34,11,59,130,67,60,14,271,32,0,32,303
10/09/2021,ELP,TX,ASW,CE,Combined TRACON& Tower with Radar,76,48,19,10,153,1,8,29,5,43,77,56,48,15,196,52,0,52,248
10/10/2021,ELP,TX,ASW,CE,Combined TRACON& Tower with Radar,89,18,23,3,133,0,7,14,4,25,89,25,37,7,158,8,0,8,166
10/11/2021,ELP,TX,ASW,CE,Combined TRACON& Tower with Radar,112,48,25,5,190,0,7,61,10,78,112,55,86,15,268,6,0,6,274
10/12/2021,ELP,TX,ASW,CE,Combined TRACON& Tower with Radar,128,65,26,14,233,0,13,13,10,36,128,78,39,24,269,8,0,8,277
10/13/2021,ELP,TX,ASW,CE,Combined TRACON& Tower with Radar,122,47,23,11,203,0,10,25,16,51,122,57,48,27,254,48,6,54,308
10/14/2021,ELP,TX,ASW,CE,Combined TRACON& Tower with Radar,134,56,30,32,252,2,15,24,19,60,136,71,54,51,312,8,0,8,320
10/15/2021,ELP,TX,ASW,CE,Combined TRACON& Tower with Radar,128,41,25,9,203,0,10,31,17,58,128,51,56,26,261,24,0,24,285
10/16/2021,ELP,TX,ASW,CE,Combined TRACON& Tower with Radar,89,32,23,15,159,0,6,48,7,61,89,38,71,22,220,0,0,0,220
10/17/2021,ELP,TX,ASW,CE,Combined TRACON& Tower with Radar,106,21,32,10,169,0,3,33,8,44,106,24,65,18,213,36,0,36,249
10/18/2021,ELP,TX,ASW,CE,Combined TRACON& Tower with Radar,119,40,33,42,234,0,6,35,27,68,119,46,68,69,302,10,0,10,312
10/19/2021,ELP,TX,ASW,CE,Combined TRACON& Tower with Radar,123,44,35,6,208,0,4,29,11,44,123,48,64,17,252,0,0,0,252
10/20/2021,ELP,TX,ASW,CE,Combined TRACON& Tower with Radar,131,50,50,17,248,0,5,48,21,74,131,55,98,38,322,34,0,34,356
10/21/2021,ELP,TX,ASW,CE,Combined TRACON& Tower with Radar,129,57,42,16,244,0,17,34,12,63,129,74,76,28,307,0,0,0,307
10/22/2021,ELP,TX,ASW,CE,Combined TRACON& Tower with Radar,121,50,18,10,199,1,5,42,12,60,122,55,60,22,259,38,0,38,297
10/23/2021,ELP,TX,ASW,CE,Combined TRACON& Tower with Radar,87,27,24,2,140,0,2,29,2,33,87,29,53,4,173,6,0,6,179
10/24/2021,ELP,TX,ASW,CE,Combined TRACON& Tower with Radar,102,23,37,4,166,1,2,36,14,53,103,25,73,18,219,48,0,48,267
10/25/2021,ELP,TX,ASW,CE,Combined TRACON& Tower with Radar,116,43,24,17,200,0,13,28,13,54,116,56,52,30,254,8,0,8,262
10/26/2021,ELP,TX,ASW,CE,Combined TRACON& Tower with Radar,127,41,13,6,187,1,5,16,2,24,128,46,29,8,211,0,0,0,211
10/27/2021,ELP,TX,ASW,CE,Combined TRACON& Tower with Radar,123,52,28,2,205,0,6,36,17,59,123,58,64,19,264,0,0,0,264
10/28/2021,ELP,TX,ASW,CE,Combined TRACON& Tower with Radar,130,54,23,4,211,1,12,64,8,85,131,66,87,12,296,12,0,12,308
10/29/2021,ELP,TX,ASW,CE,Combined TRACON& Tower with Radar,119,45,33,4,201,0,13,72,14,99,119,58,105,18,300,42,0,42,342
10/30/2021,ELP,TX,ASW,CE,Combined TRACON& Tower with Radar,86,21,13,8,128,0,6,56,0,62,86,27,69,8,190,6,0,6,196
10/31/2021,ELP,TX,ASW,CE,Combined TRACON& Tower with Radar,90,19,21,0,130,0,7,52,3,62,90,26,73,3,192,4,0,4,196
11/01/2021,ELP,TX,ASW,CE,Combined TRACON& Tower with Radar,112,32,24,9,177,0,15,40,16,71,112,47,64,25,248,0,0,0,248
11/02/2021,ELP,TX,ASW,CE,Combined TRACON& Tower with Radar,122,39,34,18,213,0,10,27,19,56,122,49,61,37,269,10,22,32,301
11/03/2021,ELP,TX,ASW,CE,Combined TRACON& Tower with Radar,135,46,31,14,226,0,5,22,24,51,135,51,53,38,277,0,0,0,277
11/04/2021,ELP,TX,ASW,CE,Combined TRACON& Tower with Radar,136,50,35,15,236,0,9,25,18,52,136,59,60,33,288,20,34,54,342
11/05/2021,ELP,TX,ASW,CE,Combined TRACON& Tower with Radar,134,43,34,24,235,0,8,47,25,80,134,51,81,49,315,0,0,0,315
11/06/2021,ELP,TX,ASW,CE,Combined TRACON& Tower with Radar,99,28,28,14,169,0,10,41,20,71,99,38,69,34,240,32,0,32,272
11/07/2021,ELP,TX,ASW,CE,Combined TRACON& Tower with Radar,106,18,35,9,168,0,10,48,8,66,106,28,83,17,234,0,0,0,234
11/08/2021,ELP,TX,ASW,CE,Combined TRACON& Tower with Radar,115,50,46,12,223,0,9,39,18,66,115,59,85,30,289,32,0,32,321
11/09/2021,ELP,TX,ASW,CE,Combined TRACON& Tower with Radar,123,46,43,9,221,0,8,47,19,74,123,54,90,28,295,10,11,21,316
11/10/2021,ELP,TX,ASW,CE,Combined TRACON& Tower with Radar,120,49,36,6,211,1,8,42,14,65,121,57,78,20,276,16,20,36,312
11/11/2021,ELP,TX,ASW,CE,Combined TRACON& Tower with Radar,127,34,35,0,196,0,15,22,13,50,127,49,57,13,246,0,0,0,246
11/12/2021,ELP,TX,ASW,CE,Combined TRACON& Tower with Radar,121,33,14,13,181,0,7,37,9,53,121,40,51,22,234,12,0,12,246
11/13/2021,ELP,TX,ASW,CE,Combined TRACON& Tower with Radar,99,20,20,15,154,0,4,37,13,54,99,24,57,28,208,0,26,26,234
11/14/2021,ELP,TX,ASW,CE,Combined TRACON& Tower with Radar,108,21,34,9,172,0,7,26,8,41,108,28,60,17,213,14,0,14,227
11/15/2021,ELP,TX,ASW,CE,Combined TRACON& Tower with Radar,105,35,27,5,172,0,6,39,17,62,105,41,66,22,234,27,20,47,281
11/16/2021,ELP,TX,ASW,CE,Combined TRACON& Tower with Radar,116,51,31,9,207,0,13,32,15,60,116,64,63,24,267,0,0,0,267
11/17/2021,ELP,TX,ASW,CE,Combined TRACON& Tower with Radar,122,59,57,3,241,3,14,29,16,62,125,73,86,19,303,0,42,42,345
11/18/2021,ELP,TX,ASW,CE,Combined TRACON& Tower with Radar,131,68,36,7,242,0,8,30,16,54,131,76,66,23,296,0,0,0,296
11/19/2021,ELP,TX,ASW,CE,Combined TRACON& Tower with Radar,131,41,21,12,205,0,10,52,11,73,131,51,73,23,278,0,0,0,278
11/20/2021,ELP,TX,ASW,CE,Combined TRACON& Tower with Radar,94,42,30,2,168,1,7,50,3,61,95,49,80,5,229,34,0,34,263
11/21/2021,ELP,TX,ASW,CE,Combined TRACON& Tower with Radar,108,39,34,10,191,1,9,26,3,39,109,48,60,13,230,0,0,0,230
11/22/2021,ELP,TX,ASW,CE,Combined TRACON& Tower with Radar,111,47,27,14,199,0,7,39,6,52,111,54,66,20,251,0,0,0,251
11/23/2021,ELP,TX,ASW,CE,Combined TRACON& Tower with Radar,139,40,26,8,213,1,9,47,19,76,140,49,73,27,289,8,0,8,297
11/24/2021,ELP,TX,ASW,CE,Combined TRACON& Tower with Radar,137,50,33,9,229,0,9,20,14,43,137,59,53,23,272,6,0,6,278
11/25/2021,ELP,TX,ASW,CE,Combined TRACON& Tower with Radar,66,18,15,0,99,0,3,11,3,17,66,21,26,3,116,0,0,0,116
11/26/2021,ELP,TX,ASW,CE,Combined TRACON& Tower with Radar,93,26,15,1,135,0,7,18,7,32,93,33,33,8,167,0,0,0,167
11/27/2021,ELP,TX,ASW,CE,Combined TRACON& Tower with Radar,103,23,21,2,149,0,6,17,0,23,103,29,38,2,172,0,0,0,172
11/28/2021,ELP,TX,ASW,CE,Combined TRACON& Tower with Radar,117,28,30,0,175,0,1,40,2,43,117,29,70,2,218,0,0,0,218
11/29/2021,ELP,TX,ASW,CE,Combined TRACON& Tower with Radar,117,27,31,4,179,0,5,40,15,60,117,32,71,19,239,12,0,12,251
11/30/2021,ELP,TX,ASW,CE,Combined TRACON& Tower with Radar,127,45,33,5,210,0,6,33,15,54,127,51,66,20,264,12,0,12,276
12/01/2021,ELP,TX,ASW,CE,Combined TRACON& Tower with Radar,113,29,42,12,196,0,5,48,18,71,113,34,90,30,267,0,0,0,267
12/02/2021,ELP,TX,ASW,CE,Combined TRACON& Tower with Radar,125,41,28,6,200,1,7,36,15,59,126,48,64,21,259,0,0,0,259
12/03/2021,ELP,TX,ASW,CE,Combined TRACON& Tower with Radar,102,26,27,23,178,0,14,35,9,58,102,40,62,32,236,26,0,26,262
12/04/2021,ELP,TX,ASW,CE,Combined TRACON& Tower with Radar,94,33,12,3,142,0,2,27,3,32,94,35,39,6,174,36,0,36,210
12/05/2021,ELP,TX,ASW,CE,Combined TRACON& Tower with Radar,107,27,18,8,160,0,9,28,9,46,107,36,46,17,206,0,0,0,206
12/06/2021,ELP,TX,ASW,CE,Combined TRACON& Tower with Radar,101,40,26,6,173,0,15,30,14,59,101,55,56,20,232,18,0,18,250
12/07/2021,ELP,TX,ASW,CE,Combined TRACON& Tower with Radar,115,46,19,15,195,1,9,42,13,65,116,55,61,28,260,0,0,0,260
12/08/2021,ELP,TX,ASW,CE,Combined TRACON& Tower with Radar,112,49,47,16,224,0,8,32,26,66,112,57,79,42,290,10,0,10,300
12/09/2021,ELP,TX,ASW,CE,Combined TRACON& Tower with Radar,113,64,28,23,228,0,9,39,11,59,113,73,67,34,287,0,30,30,317
12/10/2021,ELP,TX,ASW,CE,Combined TRACON& Tower with Radar,101,44,35,31,211,0,5,10,7,22,101,49,45,38,233,0,0,0,233
12/11/2021,ELP,TX,ASW,CE,Combined TRACON& Tower with Radar,91,25,24,13,153,0,10,45,6,61,91,35,69,19,214,0,0,0,214
12/12/2021,ELP,TX,ASW,CE,Combined TRACON& Tower with Radar,108,28,28,9,173,0,6,38,6,50,108,34,66,15,223,0,0,0,223
12/13/2021,ELP,TX,ASW,CE,Combined TRACON& Tower with Radar,95,38,24,14,171,0,5,42,15,62,95,43,66,29,233,0,0,0,233
12/14/2021,ELP,TX,ASW,CE,Combined TRACON& Tower with Radar,106,62,52,7,227,0,8,25,18,51,106,70,77,25,278,0,0,0,278
12/15/2021,ELP,TX,ASW,CE,Combined TRACON& Tower with Radar,103,46,33,9,191,0,8,22,9,39,103,54,55,18,230,0,0,0,230
12/16/2021,ELP,TX,ASW,CE,Combined TRACON& Tower with Radar,121,56,31,7,215,0,8,41,22,71,121,64,72,29,286,0,0,0,286
12/17/2021,ELP,TX,ASW,CE,Combined TRACON& Tower with Radar,114,56,28,4,202,0,7,41,17,65,114,63,69,21,267,0,0,0,267
12/18/2021,ELP,TX,ASW,CE,Combined TRACON& Tower with Radar,92,53,36,2,183,0,3,35,4,42,92,56,71,6,225,34,0,34,259
12/19/2021,ELP,TX,ASW,CE,Combined TRACON& Tower with Radar,101,35,30,0,166,0,3,25,6,34,101,38,55,6,200,0,0,0,200
12/20/2021,ELP,TX,ASW,CE,Combined TRACON& Tower with Radar,97,49,26,4,176,0,5,31,10,46,97,54,57,14,222,0,0,0,222
12/21/2021,ELP,TX,ASW,CE,Combined TRACON& Tower with Radar,114,59,38,9,220,0,6,45,14,65,114,65,83,23,285,8,10,18,303
12/22/2021,ELP,TX,ASW,CE,Combined TRACON& Tower with Radar,103,55,27,4,189,0,16,46,7,69,103,71,73,11,258,0,0,0,258
12/23/2021,ELP,TX,ASW,CE,Combined TRACON& Tower with Radar,114,50,24,2,190,0,9,33,5,47,114,59,57,7,237,0,0,0,237
12/24/2021,ELP,TX,ASW,CE,Combined TRACON& Tower with Radar,81,25,14,1,121,0,5,7,8,20,81,30,21,9,141,0,0,0,141
12/25/2021,ELP,TX,ASW,CE,Combined TRACON& Tower with Radar,76,22,13,0,111,3,5,18,0,26,79,27,31,0,137,0,0,0,137
12/26/2021,ELP,TX,ASW,CE,Combined TRACON& Tower with Radar,82,48,31,0,161,0,7,17,2,26,82,55,48,2,187,0,0,0,187
12/27/2021,ELP,TX,ASW,CE,Combined TRACON& Tower with Radar,92,45,47,0,184,0,8,24,6,38,92,53,71,6,222,0,0,0,222
12/28/2021,ELP,TX,ASW,CE,Combined TRACON& Tower with Radar,106,29,28,0,163,0,5,34,13,52,106,34,62,13,215,6,0,6,221
12/29/2021,ELP,TX,ASW,CE,Combined TRACON& Tower with Radar,98,35,26,2,161,0,5,46,13,64,98,40,72,15,225,0,0,0,225
12/30/2021,ELP,TX,ASW,CE,Combined TRACON& Tower with Radar,96,37,30,2,165,0,8,32,8,48,96,45,62,10,213,10,0,10,223
12/31/2021,ELP,TX,ASW,CE,Combined TRACON& Tower with Radar,84,24,29,0,137,0,1,9,0,10,84,25,38,0,147,6,0,6,153
01/01/2022,ELP,TX,ASW,CE,Combined TRACON& Tower with Radar,72,23,18,0,113,0,1,4,0,5,72,24,22,0,118,0,0,0,118
01/02/2022,ELP,TX,ASW,CE,Combined TRACON& Tower with Radar,77,39,35,1,152,0,7,26,2,35,77,46,61,3,187,0,0,0,187
01/03/2022,ELP,TX,ASW,CE,Combined TRACON& Tower with Radar,78,46,28,2,154,0,1,31,15,47,78,47,59,17,201,0,0,0,201
01/04/2022,ELP,TX,ASW,CE,Combined TRACON& Tower with Radar,96,46,46,1,189,0,4,37,7,48,96,50,83,8,237,14,22,36,273
01/05/2022,ELP,TX,ASW,CE,Combined TRACON& Tower with Radar,90,54,28,18,190,0,9,54,10,73,90,63,82,28,263,62,10,72,335
01/06/2022,ELP,TX,ASW,CE,Combined TRACON& Tower with Radar,92,59,44,9,204,2,5,38,9,54,94,64,82,18,258,10,0,10,268
01/07/2022,ELP,TX,ASW,CE,Combined TRACON& Tower with Radar,86,36,36,12,170,0,9,31,14,54,86,45,67,26,224,0,0,0,224
01/08/2022,ELP,TX,ASW,CE,Combined TRACON& Tower with Radar,73,25,21,9,128,2,6,31,3,42,75,31,52,12,170,26,0,26,196
01/09/2022,ELP,TX,ASW,CE,Combined TRACON& Tower with Radar,94,29,30,39,192,0,5,28,16,49,94,34,58,55,241,38,28,66,307
01/10/2022,ELP,TX,ASW,CE,Combined TRACON& Tower with Radar,96,36,21,6,159,0,5,17,4,26,96,41,38,10,185,10,0,10,195
01/11/2022,ELP,TX,ASW,CE,Combined TRACON& Tower with Radar,98,51,28,2,179,2,8,39,13,62,100,59,67,15,241,20,26,46,287
01/12/2022,ELP,TX,ASW,CE,Combined TRACON& Tower with Radar,97,52,29,6,184,1,11,37,18,67,98,63,66,24,251,14,0,14,265
01/13/2022,ELP,TX,ASW,CE,Combined TRACON& Tower with Radar,104,54,30,9,197,1,8,38,15,62,105,62,68,24,259,0,0,0,259
01/14/2022,ELP,TX,ASW,CE,Combined TRACON& Tower with Radar,95,51,39,6,191,0,7,35,0,42,95,58,74,6,233,0,0,0,233
01/15/2022,ELP,TX,ASW,CE,Combined TRACON& Tower with Radar,79,26,25,11,141,0,6,32,3,41,79,32,57,14,182,36,0,36,218
01/16/2022,ELP,TX,ASW,CE,Combined TRACON& Tower with Radar,83,34,31,1,149,0,0,28,2,30,83,34,59,3,179,18,0,18,197
01/17/2022,ELP,TX,ASW,CE,Combined TRACON& Tower with Radar,93,47,19,6,165,0,11,33,15,59,93,58,52,21,224,28,0,28,252
01/18/2022,ELP,TX,ASW,CE,Combined TRACON& Tower with Radar,104,37,30,7,178,0,3,31,9,43,104,40,61,16,221,30,40,70,291
01/19/2022,ELP,TX,ASW,CE,Combined TRACON& Tower with Radar,101,36,26,14,177,0,10,27,20,57,101,46,53,34,234,4,6,10,244
01/20/2022,ELP,TX,ASW,CE,Combined TRACON& Tower with Radar,108,42,30,6,186,0,6,24,13,43,108,48,54,19,229,32,10,42,271
01/21/2022,ELP,TX,ASW,CE,Combined TRACON& Tower with Radar,101,47,23,53,224,0,7,40,8,55,101,54,63,61,279,22,14,36,315
01/22/2022,ELP,TX,ASW,CE,Combined TRACON& Tower with Radar,81,24,29,5,139,0,3,28,2,33,81,27,57,7,172,14,0,14,186
01/23/2022,ELP,TX,ASW,CE,Combined TRACON& Tower with Radar,95,27,23,6,151,0,5,35,2,42,95,32,58,8,193,0,0,0,193
01/24/2022,ELP,TX,ASW,CE,Combined TRACON& Tower with Radar,95,36,19,24,174,0,4,37,20,61,95,40,56,44,235,28,36,64,299
01/25/2022,ELP,TX,ASW,CE,Combined TRACON& Tower with Radar,103,49,24,20,196,2,5,47,9,63,105,54,71,29,259,0,0,0,259
01/26/2022,ELP,TX,ASW,CE,Combined TRACON& Tower with Radar,104,52,36,16,208,0,4,49,21,74,104,56,85,37,282,14,0,14,296
01/27/2022,ELP,TX,ASW,CE,Combined TRACON& Tower with Radar,115,64,18,10,207,2,9,42,7,60,117,73,60,17,267,50,0,50,317
01/28/2022,ELP,TX,ASW,CE,Combined TRACON& Tower with Radar,102,45,31,62,240,1,6,36,7,50,103,51,67,69,290,72,24,96,386
01/29/2022,ELP,TX,ASW,CE,Combined TRACON& Tower with Radar,78,30,27,5,140,0,12,57,1,70,78,42,84,6,210,8,0,8,218
01/30/2022,ELP,TX,ASW,CE,Combined TRACON& Tower with Radar,93,27,29,8,157,8,4,29,8,49,101,31,58,16,206,0,0,0,206
01/31/2022,ELP,TX,ASW,CE,Combined TRACON& Tower with Radar,100,38,17,11,166,0,13,39,12,64,100,51,56,23,230,16,0,16,246
02/01/2022,ELP,TX,ASW,CE,Combined TRACON& Tower with Radar,104,59,32,23,218,0,20,32,16,68,104,79,64,39,286,0,0,0,286
02/02/2022,ELP,TX,ASW,CE,Combined TRACON& Tower with Radar,88,54,35,35,212,0,11,25,4,40,88,65,60,39,252,0,0,0,252
02/03/2022,ELP,TX,ASW,CE,Combined TRACON& Tower with Radar,68,63,25,7,163,0,3,5,4,12,68,66,30,11,175,0,0,0,175
02/04/2022,ELP,TX,ASW,CE,Combined TRACON& Tower with Radar,81,48,54,52,235,0,9,35,18,62,81,57,89,70,297,0,0,0,297
02/05/2022,ELP,TX,ASW,CE,Combined TRACON& Tower with Radar,61,33,23,7,124,0,12,54,2,68,61,45,77,9,192,10,0,10,202
02/06/2022,ELP,TX,ASW,CE,Combined TRACON& Tower with Radar,87,36,38,31,192,2,10,60,2,74,89,46,98,33,266,0,0,0,266
02/07/2022,ELP,TX,ASW,CE,Combined TRACON& Tower with Radar,96,38,44,4,182,0,7,42,5,54,96,45,86,9,236,0,0,0,236
02/08/2022,ELP,TX,ASW,CE,Combined TRACON& Tower with Radar,91,49,34,14,188,0,11,35,9,55,91,60,69,23,243,0,0,0,243
02/09/2022,ELP,TX,ASW,CE,Combined TRACON& Tower with Radar,99,50,42,32,223,0,15,41,15,71,99,65,83,47,294,60,16,76,370
02/10/2022,ELP,TX,ASW,CE,Combined TRACON& Tower with Radar,113,60,18,10,201,1,11,36,11,59,114,71,54,21,260,0,0,0,260
02/11/2022,ELP,TX,ASW,CE,Combined TRACON& Tower with Radar,101,51,44,35,231,0,8,42,5,55,101,59,86,40,286,10,6,16,302
02/12/2022,ELP,TX,ASW,CE,Combined TRACON& Tower with Radar,77,40,31,8,156,0,5,22,3,30,77,45,53,11,186,0,0,0,186
02/13/2022,ELP,TX,ASW,CE,Combined TRACON& Tower with Radar,92,19,16,5,132,0,2,39,1,42,92,21,55,6,174,0,0,0,174
02/14/2022,ELP,TX,ASW,CE,Combined TRACON& Tower with Radar,95,28,20,15,158,0,6,50,11,67,95,34,70,26,225,0,0,0,225
02/15/2022,ELP,TX,ASW,CE,Combined TRACON& Tower with Radar,96,44,24,0,164,0,13,41,15,69,96,57,65,15,233,46,0,46,279
02/16/2022,ELP,TX,ASW,CE,Combined TRACON& Tower with Radar,105,49,18,0,172,1,3,8,0,12,106,52,26,0,184,0,0,0,184
02/17/2022,ELP,TX,ASW,CE,Combined TRACON& Tower with Radar,121,39,31,10,201,0,10,23,8,41,121,49,54,18,242,0,0,0,242
02/18/2022,ELP,TX,ASW,CE,Combined TRACON& Tower with Radar,104,31,42,12,189,0,4,43,6,53,104,35,85,18,242,0,0,0,242
02/19/2022,ELP,TX,ASW,CE,Combined TRACON& Tower with Radar,78,17,27,3,125,0,5,51,6,62,78,22,78,9,187,40,0,40,227
02/20/2022,ELP,TX,ASW,CE,Combined TRACON& Tower with Radar,90,29,42,8,169,0,4,49,1,54,90,33,91,9,223,32,0,32,255
02/21/2022,ELP,TX,ASW,CE,Combined TRACON& Tower with Radar,92,48,25,8,173,0,4,19,1,24,92,52,44,9,197,48,0,48,245
02/22/2022,ELP,TX,ASW,CE,Combined TRACON& Tower with Radar,108,33,39,5,185,2,13,31,5,51,110,46,70,10,236,10,0,10,246
02/23/2022,ELP,TX,ASW,CE,Combined TRACON& Tower with Radar,94,43,22,7,166,0,1,16,2,19,94,44,38,9,185,0,0,0,185
02/24/2022,ELP,TX,ASW,CE,Combined TRACON& Tower with Radar,91,46,37,21,195,0,7,24,12,43,91,53,61,33,238,8,0,8,246
02/25/2022,ELP,TX,ASW,CE,Combined TRACON& Tower with Radar,105,40,36,28,209,0,5,41,6,52,105,45,77,34,261,14,0,14,275
02/26/2022,ELP,TX,ASW,CE,Combined TRACON& Tower with Radar,84,28,31,12,155,0,1,44,10,55,84,29,75,22,210,18,12,30,240
02/27/2022,ELP,TX,ASW,CE,Combined TRACON& Tower with Radar,91,27,49,24,191,0,1,44,13,58,91,28,93,37,249,34,6,40,289
02/28/2022,ELP,TX,ASW,CE,Combined TRACON& Tower with Radar,99,40,33,4,176,0,8,20,3,31,99,48,53,7,207,0,0,0,207
03/01/2022,ELP,TX,ASW,CE,Combined TRACON& Tower with Radar,102,31,23,7,163,0,9,45,13,67,102,40,68,20,230,0,0,0,230
03/02/2022,ELP,TX,ASW,CE,Combined TRACON& Tower with Radar,102,34,20,7,163,0,7,31,16,54,102,41,51,23,217,26,0,26,243
03/03/2022,ELP,TX,ASW,CE,Combined TRACON& Tower with Radar,112,32,31,7,182,0,6,34,12,52,112,38,65,19,234,12,4,16,250
03/04/2022,ELP,TX,ASW,CE,Combined TRACON& Tower with Radar,105,43,25,11,184,1,3,25,4,33,106,46,50,15,217,26,0,26,243
03/05/2022,ELP,TX,ASW,CE,Combined TRACON& Tower with Radar,88,39,35,9,171,0,6,28,1,35,88,45,63,10,206,10,0,10,216
03/06/2022,ELP,TX,ASW,CE,Combined TRACON& Tower with Radar,94,33,30,16,173,2,2,15,3,22,96,35,45,19,195,16,0,16,211
03/07/2022,ELP,TX,ASW,CE,Combined TRACON& Tower with Radar,97,38,21,6,162,0,12,49,11,72,97,50,70,17,234,0,0,0,234
03/08/2022,ELP,TX,ASW,CE,Combined TRACON& Tower with Radar,112,42,31,12,197,0,7,49,5,61,112,49,80,17,258,32,0,32,290
03/09/2022,ELP,TX,ASW,CE,Combined TRACON& Tower with Radar,109,40,31,6,186,0,9,26,11,46,109,49,57,17,232,0,0,0,232
03/10/2022,ELP,TX,ASW,CE,Combined TRACON& Tower with Radar,118,46,46,15,225,0,12,40,8,60,118,58,86,23,285,38,0,38,323
03/11/2022,ELP,TX,ASW,CE,Combined TRACON& Tower with Radar,108,39,21,17,185,0,5,26,1,32,108,44,47,18,217,6,0,6,223
03/12/2022,ELP,TX,ASW,CE,Combined TRACON& Tower with Radar,83,31,21,6,141,0,5,42,2,49,83,36,63,8,190,14,0,14,204
03/13/2022,ELP,TX,ASW,CE,Combined TRACON& Tower with Radar,99,28,24,11,162,0,3,35,9,47,99,31,59,20,209,22,0,22,231
03/14/2022,ELP,TX,ASW,CE,Combined TRACON& Tower with Radar,99,39,30,12,180,0,5,14,11,30,99,44,44,23,210,6,0,6,216
03/15/2022,ELP,TX,ASW,CE,Combined TRACON& Tower with Radar,112,34,33,3,182,0,8,37,4,49,112,42,70,7,231,30,0,30,261
03/16/2022,ELP,TX,ASW,CE,Combined TRACON& Tower with Radar,115,53,28,5,201,0,5,36,9,50,115,58,64,14,251,9,0,9,260
03/17/2022,ELP,TX,ASW,CE,Combined TRACON& Tower with Radar,113,39,37,5,194,0,6,24,2,32,113,45,61,7,226,0,0,0,226
03/18/2022,ELP,TX,ASW,CE,Combined TRACON& Tower with Radar,109,50,21,6,186,0,8,44,2,54,109,58,65,8,240,16,0,16,256
03/19/2022,ELP,TX,ASW,CE,Combined TRACON& Tower with Radar,86,33,28,7,154,0,11,42,1,54,86,44,70,8,208,0,0,0,208
03/20/2022,ELP,TX,ASW,CE,Combined TRACON& Tower with Radar,101,43,18,33,195,0,6,15,3,24,101,49,33,36,219,22,0,22,241
03/21/2022,ELP,TX,ASW,CE,Combined TRACON& Tower with Radar,94,45,31,12,182,0,1,8,1,10,94,46,39,13,192,0,0,0,192
03/22/2022,ELP,TX,ASW,CE,Combined TRACON& Tower with Radar,115,54,50,4,223,0,2,15,10,27,115,56,65,14,250,39,36,75,325
03/23/2022,ELP,TX,ASW,CE,Combined TRACON& Tower with Radar,107,49,39,6,201,0,7,52,5,64,107,56,91,11,265,18,0,18,283
03/24/2022,ELP,TX,ASW,CE,Combined TRACON& Tower with Radar,110,59,37,7,213,0,11,53,6,70,110,70,90,13,283,0,0,0,283
03/25/2022,ELP,TX,ASW,CE,Combined TRACON& Tower with Radar,105,35,41,8,189,0,7,63,5,75,105,42,104,13,264,0,0,0,264
03/26/2022,ELP,TX,ASW,CE,Combined TRACON& Tower with Radar,85,31,26,13,155,2,12,43,2,59,87,43,69,15,214,12,0,12,226
03/27/2022,ELP,TX,ASW,CE,Combined TRACON& Tower with Radar,102,17,16,14,149,0,16,51,13,80,102,33,67,27,229,75,0,75,304
03/28/2022,ELP,TX,ASW,CE,Combined TRACON& Tower with Radar,103,27,31,2,163,0,4,41,4,49,103,31,72,6,212,22,0,22,234
03/29/2022,ELP,TX,ASW,CE,Combined TRACON& Tower with Radar,115,31,30,2,178,0,5,15,1,21,115,36,45,3,199,0,0,0,199
03/30/2022,ELP,TX,ASW,CE,Combined TRACON& Tower with Radar,111,49,29,2,191,0,6,14,12,32,111,55,43,14,223,0,0,0,223
03/31/2022,ELP,TX,ASW,CE,Combined TRACON& Tower with Radar,107,55,39,3,204,0,18,35,7,60,107,73,74,10,264,46,0,46,310
04/01/2022,ELP,TX,ASW,CE,Combined TRACON& Tower with Radar,119,41,38,5,203,0,10,32,8,50,119,51,70,13,253,6,0,6,259
04/02/2022,ELP,TX,ASW,CE,Combined TRACON& Tower with Radar,83,34,15,0,132,0,4,66,2,72,83,38,81,2,204,76,0,76,280
04/03/2022,ELP,TX,ASW,CE,Combined TRACON& Tower with Radar,103,34,31,0,168,0,9,41,3,53,103,43,72,3,221,0,0,0,221
04/04/2022,ELP,TX,ASW,CE,Combined TRACON& Tower with Radar,107,32,23,7,169,0,10,30,5,45,107,42,53,12,214,6,20,26,240
04/05/2022,ELP,TX,ASW,CE,Combined TRACON& Tower with Radar,117,53,17,4,191,0,8,27,12,47,117,61,44,16,238,0,14,14,252
04/06/2022,ELP,TX,ASW,CE,Combined TRACON& Tower with Radar,115,49,33,6,203,0,15,36,20,71,115,64,69,26,274,0,51,51,325
04/07/2022,ELP,TX,ASW,CE,Combined TRACON& Tower with Radar,118,60,26,10,214,0,11,39,12,62,118,71,65,22,276,0,0,0,276
04/08/2022,ELP,TX,ASW,CE,Combined TRACON& Tower with Radar,107,43,20,21,191,0,11,43,6,60,107,54,63,27,251,18,0,18,269
04/09/2022,ELP,TX,ASW,CE,Combined TRACON& Tower with Radar,87,28,24,0,139,0,5,43,9,57,87,33,67,9,196,58,0,58,254
04/10/2022,ELP,TX,ASW,CE,Combined TRACON& Tower with Radar,98,25,36,8,167,5,4,19,2,30,103,29,55,10,197,12,0,12,209
04/11/2022,ELP,TX,ASW,CE,Combined TRACON& Tower with Radar,107,23,34,16,180,0,10,30,5,45,107,33,64,21,225,0,0,0,225
04/12/2022,ELP,TX,ASW,CE,Combined TRACON& Tower with Radar,124,40,31,3,198,0,6,16,1,23,124,46,47,4,221,10,0,10,231
04/13/2022,ELP,TX,ASW,CE,Combined TRACON& Tower with Radar,117,58,27,9,211,0,12,28,5,45,117,70,55,14,256,0,0,0,256
04/14/2022,ELP,TX,ASW,CE,Combined TRACON& Tower with Radar,124,47,47,11,229,0,9,42,16,67,124,56,89,27,296,14,0,14,310
04/15/2022,ELP,TX,ASW,CE,Combined TRACON& Tower with Radar,104,39,20,0,163,0,4,36,4,44,104,43,56,4,207,48,0,48,255
04/16/2022,ELP,TX,ASW,CE,Combined TRACON& Tower with Radar,87,37,22,3,149,0,4,35,4,43,87,41,57,7,192,10,0,10,202
04/17/2022,ELP,TX,ASW,CE,Combined TRACON& Tower with Radar,102,23,15,4,144,0,13,12,1,26,102,36,27,5,170,0,0,0,170
04/18/2022,ELP,TX,ASW,CE,Combined TRACON& Tower with Radar,108,26,22,2,158,0,11,27,5,43,108,37,49,7,201,13,0,13,214
04/19/2022,ELP,TX,ASW,CE,Combined TRACON& Tower with Radar,121,30,30,4,185,0,4,21,7,32,121,34,51,11,217,4,0,4,221
04/20/2022,ELP,TX,ASW,CE,Combined TRACON& Tower with Radar,112,37,37,7,193,0,4,25,13,42,112,41,62,20,235,0,0,0,235
04/21/2022,ELP,TX,ASW,CE,Combined TRACON& Tower with Radar,130,44,32,6,212,0,8,37,10,55,130,52,69,16,267,0,0,0,267
04/22/2022,ELP,TX,ASW,CE,Combined TRACON& Tower with Radar,117,33,28,44,222,0,9,21,7,37,117,42,49,51,259,16,4,20,279
04/23/2022,ELP,TX,ASW,CE,Combined TRACON& Tower with Radar,89,24,26,13,152,0,7,32,3,42,89,31,58,16,194,40,18,58,252
04/24/2022,ELP,TX,ASW,CE,Combined TRACON& Tower with Radar,96,27,37,42,202,0,8,23,11,42,96,35,60,53,244,16,0,16,260
04/25/2022,ELP,TX,ASW,CE,Combined TRACON& Tower with Radar,106,39,19,9,173,0,17,33,26,76,106,56,52,35,249,0,0,0,249
04/26/2022,ELP,TX,ASW,CE,Combined TRACON& Tower with Radar,132,43,29,12,216,0,8,34,5,47,132,51,63,17,263,0,0,0,263
04/27/2022,ELP,TX,ASW,CE,Combined TRACON& Tower with Radar,124,34,28,11,197,0,3,37,25,65,124,37,65,36,262,0,0,0,262
04/28/2022,ELP,TX,ASW,CE,Combined TRACON& Tower with Radar,118,35,45,43,241,0,13,33,14,60,118,48,78,57,301,0,0,0,301
04/29/2022,ELP,TX,ASW,CE,Combined TRACON& Tower with Radar,120,36,32,19,207,0,7,37,12,56,120,43,69,31,263,0,0,0,263
04/30/2022,ELP,TX,ASW,CE,Combined TRACON& Tower with Radar,88,31,14,3,136,0,7,46,8,61,88,38,60,11,197,44,0,44,241
05/01/2022,ELP,TX,ASW,CE,Combined TRACON& Tower with Radar,100,22,32,23,177,0,2,33,10,45,100,24,65,33,222,50,0,50,272
05/02/2022,ELP,TX,ASW,CE,Combined TRACON& Tower with Radar,114,31,28,9,182,0,10,39,12,61,114,41,67,21,243,50,4,54,297
05/03/2022,ELP,TX,ASW,CE,Combined TRACON& Tower with Radar,119,43,52,2,216,0,7,31,9,47,119,50,83,11,263,0,18,18,281
05/04/2022,ELP,TX,ASW,CE,Combined TRACON& Tower with Radar,115,39,37,8,199,0,4,48,10,62,115,43,85,18,261,8,0,8,269
05/05/2022,ELP,TX,ASW,CE,Combined TRACON& Tower with Radar,118,49,40,24,231,0,21,48,8,77,118,70,88,32,308,28,0,28,336
05/06/2022,ELP,TX,ASW,CE,Combined TRACON& Tower with Radar,125,36,35,16,212,0,11,39,9,59,125,47,74,25,271,37,0,37,308
05/07/2022,ELP,TX,ASW,CE,Combined TRACON& Tower with Radar,100,24,11,4,139,0,5,23,1,29,100,29,34,5,168,0,0,0,168
05/08/2022,ELP,TX,ASW,CE,Combined TRACON& Tower with Radar,103,10,26,1,140,0,8,18,9,35,103,18,44,10,175,14,10,24,199
05/09/2022,ELP,TX,ASW,CE,Combined TRACON& Tower with Radar,113,31,33,5,182,0,17,33,6,56,113,48,66,11,238,0,0,0,238
05/10/2022,ELP,TX,ASW,CE,Combined TRACON& Tower with Radar,128,31,25,10,194,0,9,40,18,67,128,40,65,28,261,50,8,58,319
05/11/2022,ELP,TX,ASW,CE,Combined TRACON& Tower with Radar,130,44,35,3,212,0,19,33,19,71,130,63,68,22,283,8,0,8,291
05/12/2022,ELP,TX,ASW,CE,Combined TRACON& Tower with Radar,124,30,35,2,191,0,12,37,11,60,124,42,72,13,251,4,0,4,255
05/13/2022,ELP,TX,ASW,CE,Combined TRACON& Tower with Radar,122,37,12,22,193,0,9,24,9,42,122,46,36,31,235,32,4,36,271
05/14/2022,ELP,TX,ASW,CE,Combined TRACON& Tower with Radar,96,16,18,2,132,0,4,29,2,35,96,20,47,4,167,0,0,0,167
05/15/2022,ELP,TX,ASW,CE,Combined TRACON& Tower with Radar,104,26,25,17,172,0,11,39,6,56,104,37,64,23,228,22,0,22,250
05/16/2022,ELP,TX,ASW,CE,Combined TRACON& Tower with Radar,124,19,32,10,185,0,9,27,12,48,124,28,59,22,233,12,0,12,245
05/17/2022,ELP,TX,ASW,CE,Combined TRACON& Tower with Radar,128,40,37,2,207,0,13,40,8,61,128,53,77,10,268,0,14,14,282
05/18/2022,ELP,TX,ASW,CE,Combined TRACON& Tower with Radar,126,40,24,2,192,0,17,27,17,61,126,57,51,19,253,0,0,0,253
05/19/2022,ELP,TX,ASW,CE,Combined TRACON& Tower with Radar,130,27,46,6,209,0,20,36,6,62,130,47,82,12,271,14,0,14,285
05/20/2022,ELP,TX,ASW,CE,Combined TRACON& Tower with Radar,119,36,21,9,185,0,14,19,3,36,119,50,40,12,221,0,0,0,221
05/21/2022,ELP,TX,ASW,CE,Combined TRACON& Tower with Radar,101,25,27,19,172,0,3,32,5,40,101,28,59,24,212,6,16,22,234
05/22/2022,ELP,TX,ASW,CE,Combined TRACON& Tower with Radar,110,22,21,18,171,0,9,22,5,36,110,31,43,23,207,20,0,20,227
05/23/2022,ELP,TX,ASW,CE,Combined TRACON& Tower with Radar,117,24,41,5,187,0,10,37,1,48,117,34,78,6,235,34,0,34,269
05/24/2022,ELP,TX,ASW,CE,Combined TRACON& Tower with Radar,122,35,34,9,200,0,16,32,2,50,122,51,66,11,250,0,0,0,250
05/25/2022,ELP,TX,ASW,CE,Combined TRACON& Tower with Radar,125,38,29,11,203,0,11,50,5,66,125,49,79,16,269,0,18,18,287
05/26/2022,ELP,TX,ASW,CE,Combined TRACON& Tower with Radar,126,32,51,2,211,1,14,39,13,67,127,46,90,15,278,14,25,39,317
05/27/2022,ELP,TX,ASW,CE,Combined TRACON& Tower with Radar,122,29,37,3,191,0,19,46,4,69,122,48,83,7,260,6,0,6,266
05/28/2022,ELP,TX,ASW,CE,Combined TRACON& Tower with Radar,100,22,12,0,134,0,7,32,0,39,100,29,44,0,173,0,0,0,173
05/29/2022,ELP,TX,ASW,CE,Combined TRACON& Tower with Radar,107,14,20,1,142,0,6,9,1,16,107,20,29,2,158,0,0,0,158
05/30/2022,ELP,TX,ASW,CE,Combined TRACON& Tower with Radar,112,19,33,3,167,0,5,34,5,44,112,24,67,8,211,0,0,0,211
05/31/2022,ELP,TX,ASW,CE,Combined TRACON& Tower with Radar,118,23,48,2,191,0,10,41,12,63,118,33,89,14,254,22,26,48,302
06/01/2022,ELP,TX,ASW,CE,Combined TRACON& Tower with Radar,127,38,42,4,211,0,9,38,10,57,127,47,80,14,268,31,0,31,299
06/02/2022,ELP,TX,ASW,CE,Combined TRACON& Tower with Radar,116,43,35,0,194,1,11,32,8,52,117,54,67,8,246,10,0,10,256
06/03/2022,ELP,TX,ASW,CE,Combined TRACON& Tower with Radar,114,38,35,1,188,0,9,37,2,48,114,47,72,3,236,0,0,0,236
06/04/2022,ELP,TX,ASW,CE,Combined TRACON& Tower with Radar,92,31,24,1,148,0,4,50,0,54,92,35,74,1,202,82,0,82,284
06/05/2022,ELP,TX,ASW,CE,Combined TRACON& Tower with Radar,109,30,27,0,166,2,2,30,2,36,111,32,57,2,202,14,0,14,216
06/06/2022,ELP,TX,ASW,CE,Combined TRACON& Tower with Radar,111,37,37,14,199,0,16,46,5,67,111,53,83,19,266,0,0,0,266
06/07/2022,ELP,TX,ASW,CE,Combined TRACON& Tower with Radar,124,39,21,0,184,0,5,36,4,45,124,44,57,4,229,30,0,30,259
06/08/2022,ELP,TX,ASW,CE,Combined TRACON& Tower with Radar,127,51,20,2,200,0,6,37,16,59,127,57,57,18,259,0,0,0,259
06/09/2022,ELP,TX,ASW,CE,Combined TRACON& Tower with Radar,129,49,23,2,203,0,3,32,15,50,129,52,55,17,253,42,0,42,295
06/10/2022,ELP,TX,ASW,CE,Combined TRACON& Tower with Radar,124,33,19,6,182,0,4,45,5,54,124,37,64,11,236,8,0,8,244
06/11/2022,ELP,TX,ASW,CE,Combined TRACON& Tower with Radar,113,35,20,5,173,0,1,33,6,40,113,36,53,11,213,0,0,0,213
06/12/2022,ELP,TX,ASW,CE,Combined TRACON& Tower with Radar,102,19,34,4,159,0,2,35,4,41,102,21,69,8,200,22,0,22,222
06/13/2022,ELP,TX,ASW,CE,Combined TRACON& Tower with Radar,114,31,33,2,180,0,3,30,7,40,114,34,63,9,220,8,0,8,228
06/14/2022,ELP,TX,ASW,CE,Combined TRACON& Tower with Radar,134,47,31,2,214,0,16,40,10,66,134,63,71,12,280,10,10,20,300
06/15/2022,ELP,TX,ASW,CE,Combined TRACON& Tower with Radar,133,60,47,4,244,0,17,71,12,100,133,77,118,16,344,18,0,18,362
06/16/2022,ELP,TX,ASW,CE,Combined TRACON& Tower with Radar,123,66,28,3,220,1,11,19,7,38,124,77,47,10,258,30,0,30,288
06/17/2022,ELP,TX,ASW,CE,Combined TRACON& Tower with Radar,134,51,36,12,233,0,8,63,15,86,134,59,99,27,319,50,0,50,369
06/18/2022,ELP,TX,ASW,CE,Combined TRACON& Tower with Radar,114,25,19,13,171,0,6,65,13,84,114,31,84,26,255,31,0,31,286
06/19/2022,ELP,TX,ASW,CE,Combined TRACON& Tower with Radar,109,26,20,0,155,0,6,59,8,73,109,32,79,8,228,26,0,26,254
06/20/2022,ELP,TX,ASW,CE,Combined TRACON& Tower with Radar,123,31,25,5,184,0,1,61,15,77,123,32,86,20,261,12,0,12,273
06/21/2022,ELP,TX,ASW,CE,Combined TRACON& Tower with Radar,136,42,27,19,224,0,7,17,12,36,136,49,44,31,260,0,26,26,286
06/22/2022,ELP,TX,ASW,CE,Combined TRACON& Tower with Radar,135,61,38,6,240,0,5,33,21,59,135,66,71,27,299,20,0,20,319
06/23/2022,ELP,TX,ASW,CE,Combined TRACON& Tower with Radar,121,60,14,2,197,0,9,53,10,72,121,69,67,12,269,0,0,0,269
06/24/2022,ELP,TX,ASW,CE,Combined TRACON& Tower with Radar,131,37,28,34,230,1,8,36,4,49,132,45,64,38,279,0,0,0,279
06/25/2022,ELP,TX,ASW,CE,Combined TRACON& Tower with Radar,108,37,15,2,162,0,2,42,3,47,108,39,57,5,209,34,2,36,245
06/26/2022,ELP,TX,ASW,CE,Combined TRACON& Tower with Radar,111,18,21,6,156,0,2,22,2,26,111,20,43,8,182,2,0,2,184
06/27/2022,ELP,TX,ASW,CE,Combined TRACON& Tower with Radar,110,36,18,3,167,0,3,39,11,53,110,39,57,14,220,0,0,0,220
06/28/2022,ELP,TX,ASW,CE,Combined TRACON& Tower with Radar,125,33,26,4,188,0,17,43,8,68,125,50,69,12,256,6,0,6,262
06/29/2022,ELP,TX,ASW,CE,Combined TRACON& Tower with Radar,124,47,15,4,190,0,7,47,7,61,124,54,62,11,251,62,0,62,313
06/30/2022,ELP,TX,ASW,CE,Combined TRACON& Tower with Radar,125,42,24,3,194,0,7,42,10,59,125,49,66,13,253,71,0,71,324
07/01/2022,ELP,TX,ASW,CE,Combined TRACON& Tower with Radar,121,32,24,3,180,0,2,31,5,38,121,34,55,8,218,34,0,34,252
07/02/2022,ELP,TX,ASW,CE,Combined TRACON& Tower with Radar,102,23,22,3,150,0,1,38,4,43,102,24,60,7,193,42,0,42,235
07/03/2022,ELP,TX,ASW,CE,Combined TRACON& Tower with Radar,100,17,9,2,128,0,6,26,1,33,100,23,35,3,161,8,0,8,169
07/04/2022,ELP,TX,ASW,CE,Combined TRACON& Tower with Radar,105,19,11,1,136,0,2,32,1,35,105,21,43,2,171,0,0,0,171
07/05/2022,ELP,TX,ASW,CE,Combined TRACON& Tower with Radar,110,33,37,1,181,0,11,39,3,53,110,44,76,4,234,38,0,38,272
07/06/2022,ELP,TX,ASW,CE,Combined TRACON& Tower with Radar,117,32,34,17,200,0,12,27,38,77,117,44,61,55,277,34,0,34,311
07/07/2022,ELP,TX,ASW,CE,Combined TRACON& Tower with Radar,127,34,17,4,182,0,4,39,7,50,127,38,56,11,232,10,0,10,242
07/08/2022,ELP,TX,ASW,CE,Combined TRACON& Tower with Radar,119,29,48,9,205,0,6,23,10,39,119,35,71,19,244,36,0,36,280
07/09/2022,ELP,TX,ASW,CE,Combined TRACON& Tower with Radar,94,28,27,0,149,0,3,39,2,44,94,31,66,2,193,28,0,28,221
07/10/2022,ELP,TX,ASW,CE,Combined TRACON& Tower with Radar,108,21,20,4,153,0,3,39,5,47,108,24,59,9,200,0,0,0,200
07/11/2022,ELP,TX,ASW,CE,Combined TRACON& Tower with Radar,114,41,22,0,177,0,5,49,4,58,114,46,71,4,235,36,0,36,271
07/12/2022,ELP,TX,ASW,CE,Combined TRACON& Tower with Radar,120,36,22,6,184,0,7,36,12,55,120,43,58,18,239,28,2,30,269
07/13/2022,ELP,TX,ASW,CE,Combined TRACON& Tower with Radar,115,44,19,9,187,0,7,31,14,52,115,51,50,23,239,26,0,26,265
07/14/2022,ELP,TX,ASW,CE,Combined TRACON& Tower with Radar,122,41,23,9,195,0,3,28,8,39,122,44,51,17,234,32,10,42,276
07/15/2022,ELP,TX,ASW,CE,Combined TRACON& Tower with Radar,125,31,22,1,179,0,6,34,3,43,125,37,56,4,222,0,0,0,222
07/16/2022,ELP,TX,ASW,CE,Combined TRACON& Tower with Radar,102,31,6,6,145,0,9,31,2,42,102,40,37,8,187,10,0,10,197
07/17/2022,ELP,TX,ASW,CE,Combined TRACON& Tower with Radar,105,24,25,6,160,0,5,34,9,48,105,29,59,15,208,0,0,0,208
07/18/2022,ELP,TX,ASW,CE,Combined TRACON& Tower with Radar,114,40,43,16,213,0,12,43,8,63,114,52,86,24,276,13,12,25,301
07/19/2022,ELP,TX,ASW,CE,Combined TRACON& Tower with Radar,130,49,26,5,210,0,15,48,4,67,130,64,74,9,277,26,0,26,303
07/20/2022,ELP,TX,ASW,CE,Combined TRACON& Tower with Radar,120,44,21,4,189,0,2,31,8,41,120,46,52,12,230,24,0,24,254
07/21/2022,ELP,TX,ASW,CE,Combined TRACON& Tower with Radar,132,45,19,3,199,0,7,38,6,51,132,52,57,9,250,32,0,32,282
07/22/2022,ELP,TX,ASW,CE,Combined TRACON& Tower with Radar,127,35,31,12,205,0,7,27,7,41,127,42,58,19,246,32,0,32,278
07/23/2022,ELP,TX,ASW,CE,Combined TRACON& Tower with Radar,103,35,10,3,151,0,8,40,2,50,103,43,50,5,201,16,0,16,217
07/24/2022,ELP,TX,ASW,CE,Combined TRACON& Tower with Radar,107,20,28,8,163,0,3,29,6,38,107,23,57,14,201,14,0,14,215
07/25/2022,ELP,TX,ASW,CE,Combined TRACON& Tower with Radar,107,31,25,6,169,0,6,32,17,55,107,37,57,23,224,14,44,58,282
07/26/2022,ELP,TX,ASW,CE,Combined TRACON& Tower with Radar,126,48,23,2,199,0,11,44,7,62,126,59,67,9,261,0,0,0,261
07/27/2022,ELP,TX,ASW,CE,Combined TRACON& Tower with Radar,122,38,24,0,184,0,6,39,7,52,122,44,63,7,236,6,0,6,242
07/28/2022,ELP,TX,ASW,CE,Combined TRACON& Tower with Radar,121,42,21,6,190,0,6,31,6,43,121,48,52,12,233,18,0,18,251
07/29/2022,ELP,TX,ASW,CE,Combined TRACON& Tower with Radar,121,43,17,22,203,0,8,43,3,54,121,51,60,25,257,24,0,24,281
07/30/2022,ELP,TX,ASW,CE,Combined TRACON& Tower with Radar,102,40,18,1,161,0,10,36,5,51,102,50,54,6,212,20,0,20,232
07/31/2022,ELP,TX,ASW,CE,Combined TRACON& Tower with Radar,111,31,21,26,189,0,6,35,11,52,111,37,56,37,241,14,14,28,269
08/01/2022,ELP,TX,ASW,CE,Combined TRACON& Tower with Radar,115,33,23,3,174,0,7,42,14,63,115,40,65,17,237,0,0,0,237
08/02/2022,ELP,TX,ASW,CE,Combined TRACON& Tower with Radar,122,37,29,1,189,0,10,63,17,90,122,47,92,18,279,24,1,25,304
08/03/2022,ELP,TX,ASW,CE,Combined TRACON& Tower with Radar,128,47,24,0,199,0,9,45,15,69,128,56,69,15,268,0,0,0,268
08/04/2022,ELP,TX,ASW,CE,Combined TRACON& Tower with Radar,125,48,38,6,217,0,6,31,14,51,125,54,69,20,268,32,0,32,300
08/05/2022,ELP,TX,ASW,CE,Combined TRACON& Tower with Radar,113,24,24,15,176,0,4,41,2,47,113,28,65,17,223,50,0,50,273
08/06/2022,ELP,TX,ASW,CE,Combined TRACON& Tower with Radar,92,23,15,3,133,0,7,42,0,49,92,30,57,3,182,28,0,28,210
08/07/2022,ELP,TX,ASW,CE,Combined TRACON& Tower with Radar,105,20,23,6,154,0,6,26,3,35,105,26,49,9,189,0,0,0,189
08/08/2022,ELP,TX,ASW,CE,Combined TRACON& Tower with Radar,112,27,28,4,171,0,2,19,3,24,112,29,47,7,195,0,0,0,195
08/09/2022,ELP,TX,ASW,CE,Combined TRACON& Tower with Radar,118,34,14,2,168,0,7,38,3,48,118,41,52,5,216,18,0,18,234
08/10/2022,ELP,TX,ASW,CE,Combined TRACON& Tower with Radar,113,36,32,13,194,1,15,35,16,67,114,51,67,29,261,30,0,30,291
08/11/2022,ELP,TX,ASW,CE,Combined TRACON& Tower with Radar,116,44,31,12,203,0,4,30,14,48,116,48,61,26,251,14,0,14,265
08/12/2022,ELP,TX,ASW,CE,Combined TRACON& Tower with Radar,120,28,30,19,197,0,2,31,5,38,120,30,61,24,235,22,0,22,257
08/13/2022,ELP,TX,ASW,CE,Combined TRACON& Tower with Radar,98,28,20,2,148,0,12,58,0,70,98,40,78,2,218,90,0,90,308
08/14/2022,ELP,TX,ASW,CE,Combined TRACON& Tower with Radar,104,35,20,1,160,0,8,34,1,43,104,43,54,2,203,22,0,22,225
08/15/2022,ELP,TX,ASW,CE,Combined TRACON& Tower with Radar,121,31,25,0,177,0,6,36,1,43,121,37,61,1,220,10,0,10,230
08/16/2022,ELP,TX,ASW,CE,Combined TRACON& Tower with Radar,123,30,27,3,183,0,5,39,5,49,123,35,66,8,232,15,0,15,247
08/17/2022,ELP,TX,ASW,CE,Combined TRACON& Tower with Radar,117,40,12,6,175,0,3,11,2,16,117,43,23,8,191,0,0,0,191
08/18/2022,ELP,TX,ASW,CE,Combined TRACON& Tower with Radar,121,48,37,6,212,0,5,18,14,37,121,53,55,20,249,0,0,0,249
08/19/2022,ELP,TX,ASW,CE,Combined TRACON& Tower with Radar,128,37,28,8,201,0,5,22,1,28,128,42,50,9,229,0,0,0,229
08/20/2022,ELP,TX,ASW,CE,Combined TRACON& Tower with Radar,100,27,19,0,146,0,0,17,0,17,100,27,36,0,163,12,0,12,175
08/21/2022,ELP,TX,ASW,CE,Combined TRACON& Tower with Radar,101,21,20,2,144,0,1,25,0,26,101,22,45,2,170,6,0,6,176
08/22/2022,ELP,TX,ASW,CE,Combined TRACON& Tower with Radar,108,36,30,5,179,0,4,27,6,37,108,40,57,11,216,40,0,40,256
08/23/2022,ELP,TX,ASW,CE,Combined TRACON& Tower with Radar,122,52,23,0,197,0,6,33,8,47,122,58,56,8,244,6,0,6,250
08/24/2022,ELP,TX,ASW,CE,Combined TRACON& Tower with Radar,124,57,27,6,214,0,5,38,6,49,124,62,65,12,263,8,0,8,271
08/25/2022,ELP,TX,ASW,CE,Combined TRACON& Tower with Radar,125,48,31,4,208,0,6,61,2,69,125,54,92,6,277,34,20,54,331
08/26/2022,ELP,TX,ASW,CE,Combined TRACON& Tower with Radar,122,39,37,16,214,1,13,55,4,73,123,52,92,20,287,20,0,20,307
08/27/2022,ELP,TX,ASW,CE,Combined TRACON& Tower with Radar,98,34,13,3,148,0,2,33,0,35,98,36,46,3,183,18,0,18,201
08/28/2022,ELP,TX,ASW,CE,Combined TRACON& Tower with Radar,114,41,19,4,178,0,3,25,0,28,114,44,44,4,206,6,0,6,212
08/29/2022,ELP,TX,ASW,CE,Combined TRACON& Tower with Radar,116,42,42,4,204,0,6,33,2,41,116,48,75,6,245,6,0,6,251
08/30/2022,ELP,TX,ASW,CE,Combined TRACON& Tower with Radar,126,37,24,2,189,0,10,40,5,55,126,47,64,7,244,20,0,20,264
08/31/2022,ELP,TX,ASW,CE,Combined TRACON& Tower with Radar,135,60,17,7,219,0,3,25,13,41,135,63,42,20,260,0,0,0,260
09/01/2022,ELP,TX,ASW,CE,Combined TRACON& Tower with Radar,126,48,21,3,198,0,2,26,3,31,126,50,47,6,229,8,0,8,237
09/02/2022,ELP,TX,ASW,CE,Combined TRACON& Tower with Radar,125,48,29,10,212,0,9,28,1,38,125,57,57,11,250,0,0,0,250
09/03/2022,ELP,TX,ASW,CE,Combined TRACON& Tower with Radar,97,28,22,2,149,0,7,23,2,32,97,35,45,4,181,0,0,0,181
09/04/2022,ELP,TX,ASW,CE,Combined TRACON& Tower with Radar,90,15,6,0,111,0,7,26,0,33,90,22,32,0,144,12,0,12,156
09/05/2022,ELP,TX,ASW,CE,Combined TRACON& Tower with Radar,112,26,24,2,164,0,14,39,3,56,112,40,63,5,220,19,0,19,239
09/06/2022,ELP,TX,ASW,CE,Combined TRACON& Tower with Radar,113,40,26,2,181,0,11,33,3,47,113,51,59,5,228,0,0,0,228
09/07/2022,ELP,TX,ASW,CE,Combined TRACON& Tower with Radar,116,28,21,0,165,0,3,39,13,55,116,31,60,13,220,0,0,0,220
09/08/2022,ELP,TX,ASW,CE,Combined TRACON& Tower with Radar,134,46,25,4,209,0,10,29,11,50,134,56,54,15,259,10,5,15,274
09/09/2022,ELP,TX,ASW,CE,Combined TRACON& Tower with Radar,126,50,28,2,206,0,12,49,10,71,126,62,77,12,277,12,0,12,289
09/10/2022,ELP,TX,ASW,CE,Combined TRACON& Tower with Radar,103,22,30,2,157,2,6,56,1,65,105,28,86,3,222,47,0,47,269
09/11/2022,ELP,TX,ASW,CE,Combined TRACON& Tower with Radar,113,29,19,0,161,0,3,30,2,35,113,32,49,2,196,34,0,34,230
09/12/2022,ELP,TX,ASW,CE,Combined TRACON& Tower with Radar,130,38,12,4,184,0,6,28,3,37,130,44,40,7,221,44,0,44,265
09/13/2022,ELP,TX,ASW,CE,Combined TRACON& Tower with Radar,120,38,15,2,175,0,11,20,2,33,120,49,35,4,208,26,0,26,234
09/14/2022,ELP,TX,ASW,CE,Combined TRACON& Tower with Radar,124,45,24,2,195,0,14,39,16,69,124,59,63,18,264,24,0,24,288
09/15/2022,ELP,TX,ASW,CE,Combined TRACON& Tower with Radar,134,43,18,1,196,2,7,44,3,56,136,50,62,4,252,0,0,0,252
09/16/2022,ELP,TX,ASW,CE,Combined TRACON& Tower with Radar,131,35,12,5,183,0,8,54,1,63,131,43,66,6,246,0,0,0,246
09/17/2022,ELP,TX,ASW,CE,Combined TRACON& Tower with Radar,102,23,26,4,155,0,8,37,2,47,102,31,63,6,202,0,0,0,202
09/18/2022,ELP,TX,ASW,CE,Combined TRACON& Tower with Radar,115,24,22,1,162,0,10,52,4,66,115,34,74,5,228,18,0,18,246
09/19/2022,ELP,TX,ASW,CE,Combined TRACON& Tower with Radar,127,39,27,4,197,0,1,29,0,30,127,40,56,4,227,0,0,0,227
09/20/2022,ELP,TX,ASW,CE,Combined TRACON& Tower with Radar,124,39,20,4,187,0,4,35,3,42,124,43,55,7,229,2,0,2,231
09/21/2022,ELP,TX,ASW,CE,Combined TRACON& Tower with Radar,125,42,29,11,207,0,14,46,6,66,125,56,75,17,273,12,0,12,285
09/22/2022,ELP,TX,ASW,CE,Combined TRACON& Tower with Radar,145,35,23,7,210,0,10,42,7,59,145,45,65,14,269,4,0,4,273
09/23/2022,ELP,TX,ASW,CE,Combined TRACON& Tower with Radar,133,51,23,29,236,0,7,39,5,51,133,58,62,34,287,20,0,20,307
09/24/2022,ELP,TX,ASW,CE,Combined TRACON& Tower with Radar,113,25,17,1,156,2,9,57,1,69,115,34,74,2,225,60,0,60,285
09/25/2022,ELP,TX,ASW,CE,Combined TRACON& Tower with Radar,111,26,22,0,159,0,3,27,0,30,111,29,49,0,189,24,0,24,213
09/26/2022,ELP,TX,ASW,CE,Combined TRACON& Tower with Radar,135,58,16,2,211,0,8,30,19,57,135,66,46,21,268,0,0,0,268
09/27/2022,ELP,TX,ASW,CE,Combined TRACON& Tower with Radar,138,57,27,2,224,0,11,45,10,66,138,68,72,12,290,50,0,50,340
09/28/2022,ELP,TX,ASW,CE,Combined TRACON& Tower with Radar,134,41,28,4,207,0,12,48,15,75,134,53,76,19,282,0,0,0,282
09/29/2022,ELP,TX,ASW,CE,Combined TRACON& Tower with Radar,140,37,30,2,209,0,10,65,13,88,140,47,95,15,297,11,0,11,308
09/30/2022,ELP,TX,ASW,CE,Combined TRACON& Tower with Radar,148,31,29,18,226,0,10,46,2,58,148,41,75,20,284,24,0,24,308
10/01/2022,ELP,TX,ASW,CE,Combined TRACON& Tower with Radar,108,16,26,4,154,0,7,49,5,61,108,23,75,9,215,58,0,58,273
10/02/2022,ELP,TX,ASW,CE,Combined TRACON& Tower with Radar,127,14,27,19,187,0,4,35,5,44,127,18,62,24,231,6,0,6,237
10/03/2022,ELP,TX,ASW,CE,Combined TRACON& Tower with Radar,130,24,23,19,196,0,7,26,3,36,130,31,49,22,232,24,0,24,256
10/04/2022,ELP,TX,ASW,CE,Combined TRACON& Tower with Radar,129,26,35,3,193,0,8,36,1,45,129,34,71,4,238,0,0,0,238
10/05/2022,ELP,TX,ASW,CE,Combined TRACON& Tower with Radar,134,41,33,7,215,0,5,20,10,35,134,46,53,17,250,16,0,16,266
10/06/2022,ELP,TX,ASW,CE,Combined TRACON& Tower with Radar,149,40,36,4,229,0,6,27,2,35,149,46,63,6,264,0,0,0,264
10/07/2022,ELP,TX,ASW,CE,Combined TRACON& Tower with Radar,142,38,24,7,211,0,3,37,11,51,142,41,61,18,262,18,0,18,280
10/08/2022,ELP,TX,ASW,CE,Combined TRACON& Tower with Radar,110,17,34,1,162,0,3,21,2,26,110,20,55,3,188,32,0,32,220
10/09/2022,ELP,TX,ASW,CE,Combined TRACON& Tower with Radar,121,15,24,6,166,0,3,35,1,39,121,18,59,7,205,0,0,0,205
10/10/2022,ELP,TX,ASW,CE,Combined TRACON& Tower with Radar,126,30,29,10,195,0,9,34,7,50,126,39,63,17,245,0,0,0,245
10/11/2022,ELP,TX,ASW,CE,Combined TRACON& Tower with Radar,134,51,29,16,230,0,10,47,32,89,134,61,76,48,319,28,0,28,347
10/12/2022,ELP,TX,ASW,CE,Combined TRACON& Tower with Radar,145,51,44,0,240,1,10,58,7,76,146,61,102,7,316,0,0,0,316
10/13/2022,ELP,TX,ASW,CE,Combined TRACON& Tower with Radar,139,43,40,3,225,0,8,46,8,62,139,51,86,11,287,0,0,0,287
10/14/2022,ELP,TX,ASW,CE,Combined TRACON& Tower with Radar,142,53,27,9,231,0,9,46,7,62,142,62,73,16,293,36,0,36,329
10/15/2022,ELP,TX,ASW,CE,Combined TRACON& Tower with Radar,115,31,32,0,178,2,6,57,2,67,117,37,89,2,245,0,0,0,245
10/16/2022,ELP,TX,ASW,CE,Combined TRACON& Tower with Radar,119,26,31,2,178,0,1,24,2,27,119,27,55,4,205,14,0,14,219
10/17/2022,ELP,TX,ASW,CE,Combined TRACON& Tower with Radar,133,57,37,1,228,0,4,18,4,26,133,61,55,5,254,0,0,0,254
10/18/2022,ELP,TX,ASW,CE,Combined TRACON& Tower with Radar,141,57,19,10,227,0,4,36,7,47,141,61,55,17,274,30,0,30,304
10/19/2022,ELP,TX,ASW,CE,Combined TRACON& Tower with Radar,141,45,23,4,213,0,14,43,12,69,141,59,66,16,282,26,0,26,308
10/20/2022,ELP,TX,ASW,CE,Combined TRACON& Tower with Radar,138,60,37,0,235,0,15,62,8,85,138,75,99,8,320,33,0,33,353
10/21/2022,ELP,TX,ASW,CE,Combined TRACON& Tower with Radar,135,29,26,13,203,0,6,55,8,69,135,35,81,21,272,4,0,4,276
10/22/2022,ELP,TX,ASW,CE,Combined TRACON& Tower with Radar,105,21,26,2,154,1,11,46,4,62,106,32,72,6,216,0,0,0,216
10/23/2022,ELP,TX,ASW,CE,Combined TRACON& Tower with Radar,115,28,26,9,178,0,2,19,8,29,115,30,45,17,207,0,0,0,207
10/24/2022,ELP,TX,ASW,CE,Combined TRACON& Tower with Radar,123,35,27,6,191,0,4,10,9,23,123,39,37,15,214,0,0,0,214
10/25/2022,ELP,TX,ASW,CE,Combined TRACON& Tower with Radar,137,32,36,11,216,0,14,62,9,85,137,46,98,20,301,26,0,26,327
10/26/2022,ELP,TX,ASW,CE,Combined TRACON& Tower with Radar,133,55,35,5,228,0,6,62,9,77,133,61,97,14,305,20,0,20,325
10/27/2022,ELP,TX,ASW,CE,Combined TRACON& Tower with Radar,142,33,39,1,215,0,4,36,2,42,142,37,75,3,257,0,0,0,257
10/28/2022,ELP,TX,ASW,CE,Combined TRACON& Tower with Radar,123,45,29,7,204,0,9,73,8,90,123,54,102,15,294,20,0,20,314
10/29/2022,ELP,TX,ASW,CE,Combined TRACON& Tower with Radar,100,32,21,0,153,0,4,52,0,56,100,36,73,0,209,0,0,0,209
10/30/2022,ELP,TX,ASW,CE,Combined TRACON& Tower with Radar,120,28,13,0,161,0,9,50,0,59,120,37,63,0,220,18,0,18,238
10/31/2022,ELP,TX,ASW,CE,Combined TRACON& Tower with Radar,119,33,17,2,171,0,13,43,11,67,119,46,60,13,238,12,0,12,250
11/01/2022,ELP,TX,ASW,CE,Combined TRACON& Tower with Radar,137,47,24,8,216,0,14,50,27,91,137,61,74,35,307,40,0,40,347
11/02/2022,ELP,TX,ASW,CE,Combined TRACON& Tower with Radar,136,39,35,7,217,0,18,65,12,95,136,57,100,19,312,30,0,30,342
11/03/2022,ELP,TX,ASW,CE,Combined TRACON& Tower with Radar,136,44,32,12,224,0,4,30,8,42,136,48,62,20,266,0,0,0,266
11/04/2022,ELP,TX,ASW,CE,Combined TRACON& Tower with Radar,129,31,31,48,239,1,7,21,17,46,130,38,52,65,285,0,6,6,291
11/05/2022,ELP,TX,ASW,CE,Combined TRACON& Tower with Radar,104,33,31,5,173,0,13,59,2,74,104,46,90,7,247,0,0,0,247
11/06/2022,ELP,TX,ASW,CE,Combined TRACON& Tower with Radar,125,25,19,29,198,0,9,61,2,72,125,34,80,31,270,48,0,48,318
11/07/2022,ELP,TX,ASW,CE,Combined TRACON& Tower with Radar,122,37,30,3,192,0,6,53,2,61,122,43,83,5,253,64,0,64,317
11/08/2022,ELP,TX,ASW,CE,Combined TRACON& Tower with Radar,147,41,41,3,232,1,17,63,7,88,148,58,104,10,320,14,0,14,334
11/09/2022,ELP,TX,ASW,CE,Combined TRACON& Tower with Radar,140,42,35,4,221,0,9,42,3,54,140,51,77,7,275,0,0,0,275
11/10/2022,ELP,TX,ASW,CE,Combined TRACON& Tower with Radar,140,40,46,4,230,1,6,73,4,84,141,46,119,8,314,0,0,0,314
11/11/2022,ELP,TX,ASW,CE,Combined TRACON& Tower with Radar,133,32,31,2,198,0,6,39,6,51,133,38,70,8,249,20,0,20,269
11/12/2022,ELP,TX,ASW,CE,Combined TRACON& Tower with Radar,111,33,28,4,176,0,5,34,2,41,111,38,62,6,217,0,0,0,217
11/13/2022,ELP,TX,ASW,CE,Combined TRACON& Tower with Radar,125,19,34,4,182,0,5,27,3,35,125,24,61,7,217,14,0,14,231
11/14/2022,ELP,TX,ASW,CE,Combined TRACON& Tower with Radar,126,40,34,1,201,0,5,25,2,32,126,45,59,3,233,0,0,0,233
11/15/2022,ELP,TX,ASW,CE,Combined TRACON& Tower with Radar,151,27,35,5,218,1,4,24,4,33,152,31,59,9,251,0,0,0,251
11/16/2022,ELP,TX,ASW,CE,Combined TRACON& Tower with Radar,141,43,29,9,222,0,5,27,15,47,141,48,56,24,269,0,0,0,269
11/17/2022,ELP,TX,ASW,CE,Combined TRACON& Tower with Radar,139,38,30,5,212,0,8,43,11,62,139,46,73,16,274,0,0,0,274
11/18/2022,ELP,TX,ASW,CE,Combined TRACON& Tower with Radar,137,49,31,29,246,0,10,30,12,52,137,59,61,41,298,0,0,0,298
11/19/2022,ELP,TX,ASW,CE,Combined TRACON& Tower with Radar,125,45,31,7,208,0,7,35,3,45,125,52,66,10,253,92,0,92,345
11/20/2022,ELP,TX,ASW,CE,Combined TRACON& Tower with Radar,137,20,27,5,189,0,5,18,0,23,137,25,45,5,212,0,0,0,212
11/21/2022,ELP,TX,ASW,CE,Combined TRACON& Tower with Radar,123,34,26,10,193,0,11,36,2,49,123,45,62,12,242,20,0,20,262
11/22/2022,ELP,TX,ASW,CE,Combined TRACON& Tower with Radar,155,57,27,10,249,0,12,39,8,59,155,69,66,18,308,56,0,56,364
11/23/2022,ELP,TX,ASW,CE,Combined TRACON& Tower with Radar,155,42,30,2,229,0,5,30,7,42,155,47,60,9,271,16,2,18,289
11/24/2022,ELP,TX,ASW,CE,Combined TRACON& Tower with Radar,108,27,6,2,143,0,2,1,7,10,108,29,7,9,153,0,0,0,153
11/25/2022,ELP,TX,ASW,CE,Combined TRACON& Tower with Radar,149,17,16,0,182,0,1,5,0,6,149,18,21,0,188,0,0,0,188
11/26/2022,ELP,TX,ASW,CE,Combined TRACON& Tower with Radar,113,31,13,0,157,0,4,27,1,32,113,35,40,1,189,0,0,0,189
11/27/2022,ELP,TX,ASW,CE,Combined TRACON& Tower with Radar,130,30,31,0,191,0,2,36,3,41,130,32,67,3,232,20,0,20,252
11/28/2022,ELP,TX,ASW,CE,Combined TRACON& Tower with Radar,132,47,28,0,207,0,13,26,1,40,132,60,54,1,247,0,0,0,247
11/29/2022,ELP,TX,ASW,CE,Combined TRACON& Tower with Radar,149,38,14,12,213,0,7,19,1,27,149,45,33,13,240,8,18,26,266
11/30/2022,ELP,TX,ASW,CE,Combined TRACON& Tower with Radar,135,53,31,6,225,0,15,40,27,82,135,68,71,33,307,20,10,30,337
12/01/2022,ELP,TX,ASW,CE,Combined TRACON& Tower with Radar,154,52,40,8,254,0,11,35,9,55,154,63,75,17,309,38,0,38,347
12/02/2022,ELP,TX,ASW,CE,Combined TRACON& Tower with Radar,140,52,29,2,223,0,9,31,12,52,140,61,60,14,275,20,0,20,295
12/03/2022,ELP,TX,ASW,CE,Combined TRACON& Tower with Radar,123,48,22,4,197,0,8,34,1,43,123,56,56,5,240,0,0,0,240
12/04/2022,ELP,TX,ASW,CE,Combined TRACON& Tower with Radar,136,32,30,9,207,2,9,43,6,60,138,41,73,15,267,48,0,48,315
12/05/2022,ELP,TX,ASW,CE,Combined TRACON& Tower with Radar,140,39,30,8,217,3,9,49,1,62,143,48,79,9,279,14,8,22,301
12/06/2022,ELP,TX,ASW,CE,Combined TRACON& Tower with Radar,151,35,40,6,232,0,5,45,4,54,151,40,85,10,286,6,0,6,292
12/07/2022,ELP,TX,ASW,CE,Combined TRACON& Tower with Radar,141,66,37,8,252,0,11,41,5,57,141,77,78,13,309,30,0,30,339
12/08/2022,ELP,TX,ASW,CE,Combined TRACON& Tower with Radar,149,53,38,11,251,0,8,67,11,86,149,61,105,22,337,0,0,0,337
12/09/2022,ELP,TX,ASW,CE,Combined TRACON& Tower with Radar,132,36,31,27,226,0,2,50,9,61,132,38,81,36,287,35,0,35,322
12/10/2022,ELP,TX,ASW,CE,Combined TRACON& Tower with Radar,116,26,18,9,169,0,2,42,2,46,116,28,60,11,215,22,0,22,237
12/11/2022,ELP,TX,ASW,CE,Combined TRACON& Tower with Radar,127,33,24,40,224,0,1,42,15,58,127,34,66,55,282,8,12,20,302
12/12/2022,ELP,TX,ASW,CE,Combined TRACON& Tower with Radar,124,45,40,21,230,0,3,7,7,17,124,48,47,28,247,0,0,0,247
12/13/2022,ELP,TX,ASW,CE,Combined TRACON& Tower with Radar,148,59,22,4,233,1,6,28,1,36,149,65,50,5,269,0,0,0,269
12/14/2022,ELP,TX,ASW,CE,Combined TRACON& Tower with Radar,148,54,38,10,250,0,13,27,3,43,148,67,65,13,293,0,0,0,293
12/15/2022,ELP,TX,ASW,CE,Combined TRACON& Tower with Radar,142,66,34,6,248,1,9,36,2,48,143,75,70,8,296,0,0,0,296
12/16/2022,ELP,TX,ASW,CE,Combined TRACON& Tower with Radar,134,56,23,28,241,0,6,35,4,45,134,62,58,32,286,40,0,40,326
12/17/2022,ELP,TX,ASW,CE,Combined TRACON& Tower with Radar,112,52,24,6,194,0,7,34,0,41,112,59,58,6,235,0,0,0,235
12/18/2022,ELP,TX,ASW,CE,Combined TRACON& Tower with Radar,127,31,11,29,198,0,4,37,9,50,127,35,48,38,248,34,6,40,288
12/19/2022,ELP,TX,ASW,CE,Combined TRACON& Tower with Radar,117,49,22,16,204,1,10,34,3,48,118,59,56,19,252,28,14,42,294
12/20/2022,ELP,TX,ASW,CE,Combined TRACON& Tower with Radar,151,45,36,8,240,1,12,62,14,89,152,57,98,22,329,20,20,40,369
12/21/2022,ELP,TX,ASW,CE,Combined TRACON& Tower with Radar,139,39,29,0,207,8,7,56,7,78,147,46,85,7,285,38,0,38,323
12/22/2022,ELP,TX,ASW,CE,Combined TRACON& Tower with Radar,138,43,31,9,221,0,5,45,10,60,138,48,76,19,281,0,0,0,281
12/23/2022,ELP,TX,ASW,CE,Combined TRACON& Tower with Radar,103,43,24,0,170,0,5,28,4,37,103,48,52,4,207,28,0,28,235
12/24/2022,ELP,TX,ASW,CE,Combined TRACON& Tower with Radar,78,27,13,0,118,2,5,19,1,27,80,32,32,1,145,0,0,0,145
12/25/2022,ELP,TX,ASW,CE,Combined TRACON& Tower with Radar,68,26,14,0,108,0,6,14,3,23,68,32,28,3,131,12,0,12,143
12/26/2022,ELP,TX,ASW,CE,Combined TRACON& Tower with Radar,67,56,47,0,170,0,7,50,4,61,67,63,97,4,231,20,0,20,251
12/27/2022,ELP,TX,ASW,CE,Combined TRACON& Tower with Radar,89,45,33,4,171,0,15,31,1,47,89,60,64,5,218,0,0,0,218
12/28/2022,ELP,TX,ASW,CE,Combined TRACON& Tower with Radar,101,32,40,2,175,0,6,13,20,39,101,38,53,22,214,0,0,0,214
12/29/2022,ELP,TX,ASW,CE,Combined TRACON& Tower with Radar,97,43,48,0,188,0,13,50,14,77,97,56,98,14,265,10,0,10,275
12/30/2022,ELP,TX,ASW,CE,Combined TRACON& Tower with Radar,130,47,52,2,231,0,4,28,3,35,130,51,80,5,266,0,0,0,266
12/31/2022,ELP,TX,ASW,CE,Combined TRACON& Tower with Radar,94,25,32,0,151,0,4,21,3,28,94,29,53,3,179,0,0,0,179
01/01/2023,ELP,TX,ASW,CE,Combined TRACON& Tower with Radar,96,45,28,1,170,0,1,21,0,22,96,46,49,1,192,0,0,0,192
01/02/2023,ELP,TX,ASW,CE,Combined TRACON& Tower with Radar,109,30,44,0,183,0,2,8,0,10,109,32,52,0,193,0,0,0,193
01/03/2023,ELP,TX,ASW,CE,Combined TRACON& Tower with Radar,118,47,40,1,206,0,7,21,5,33,118,54,61,6,239,0,0,0,239
01/04/2023,ELP,TX,ASW,CE,Combined TRACON& Tower with Radar,125,58,28,5,216,0,14,43,7,64,125,72,71,12,280,0,0,0,280
01/05/2023,ELP,TX,ASW,CE,Combined TRACON& Tower with Radar,124,44,32,4,204,0,7,53,10,70,124,51,85,14,274,6,0,6,280
01/06/2023,ELP,TX,ASW,CE,Combined TRACON& Tower with Radar,113,33,38,3,187,0,14,27,2,43,113,47,65,5,230,0,0,0,230
01/07/2023,ELP,TX,ASW,CE,Combined TRACON& Tower with Radar,94,32,27,3,156,0,7,36,1,44,94,39,63,4,200,36,0,36,236
01/08/2023,ELP,TX,ASW,CE,Combined TRACON& Tower with Radar,102,13,4,8,127,3,10,21,6,40,105,23,25,14,167,0,0,0,167
01/09/2023,ELP,TX,ASW,CE,Combined TRACON& Tower with Radar,110,36,36,18,200,0,6,29,5,40,110,42,65,23,240,30,0,30,270
01/10/2023,ELP,TX,ASW,CE,Combined TRACON& Tower with Radar,121,48,47,6,222,0,11,70,8,89,121,59,117,14,311,0,0,0,311
01/11/2023,ELP,TX,ASW,CE,Combined TRACON& Tower with Radar,111,34,39,5,189,0,4,38,8,50,111,38,77,13,239,0,0,0,239
01/12/2023,ELP,TX,ASW,CE,Combined TRACON& Tower with Radar,133,38,22,3,196,0,4,72,13,89,133,42,94,16,285,0,0,0,285
01/13/2023,ELP,TX,ASW,CE,Combined TRACON& Tower with Radar,119,45,21,8,193,0,10,52,22,84,119,55,73,30,277,12,0,12,289
01/14/2023,ELP,TX,ASW,CE,Combined TRACON& Tower with Radar,85,34,19,4,142,0,4,53,3,60,85,38,72,7,202,22,0,22,224
01/15/2023,ELP,TX,ASW,CE,Combined TRACON& Tower with Radar,105,32,16,0,153,0,3,2,1,6,105,35,18,1,159,0,0,0,159
01/16/2023,ELP,TX,ASW,CE,Combined TRACON& Tower with Radar,110,31,25,2,168,0,1,25,0,26,110,32,50,2,194,28,0,28,222
01/17/2023,ELP,TX,ASW,CE,Combined TRACON& Tower with Radar,116,35,41,6,198,0,6,13,5,24,116,41,54,11,222,0,0,0,222
01/18/2023,ELP,TX,ASW,CE,Combined TRACON& Tower with Radar,111,28,28,11,178,0,12,29,11,52,111,40,57,22,230,12,0,12,242
01/19/2023,ELP,TX,ASW,CE,Combined TRACON& Tower with Radar,123,56,30,4,213,0,12,60,14,86,123,68,90,18,299,26,0,26,325
01/20/2023,ELP,TX,ASW,CE,Combined TRACON& Tower with Radar,116,42,25,7,190,0,6,39,7,52,116,48,64,14,242,8,0,8,250
01/21/2023,ELP,TX,ASW,CE,Combined TRACON& Tower with Radar,83,27,27,7,144,0,11,42,9,62,83,38,69,16,206,16,0,16,222
01/22/2023,ELP,TX,ASW,CE,Combined TRACON& Tower with Radar,107,29,13,3,152,2,3,33,5,43,109,32,46,8,195,4,0,4,199
01/23/2023,ELP,TX,ASW,CE,Combined TRACON& Tower with Radar,116,32,39,19,206,0,1,23,8,32,116,33,62,27,238,0,0,0,238
01/24/2023,ELP,TX,ASW,CE,Combined TRACON& Tower with Radar,116,39,33,12,200,0,6,20,13,39,116,45,53,25,239,0,0,0,239
01/25/2023,ELP,TX,ASW,CE,Combined TRACON& Tower with Radar,126,51,27,8,212,0,7,54,9,70,126,58,81,17,282,32,0,32,314
01/26/2023,ELP,TX,ASW,CE,Combined TRACON& Tower with Radar,125,44,34,4,207,0,16,42,7,65,125,60,76,11,272,0,0,0,272
01/27/2023,ELP,TX,ASW,CE,Combined TRACON& Tower with Radar,129,34,26,65,254,0,10,61,20,91,129,44,87,85,345,0,0,0,345
01/28/2023,ELP,TX,ASW,CE,Combined TRACON& Tower with Radar,85,22,22,7,136,1,9,46,6,62,86,31,68,13,198,42,0,42,240
01/29/2023,ELP,TX,ASW,CE,Combined TRACON& Tower with Radar,110,17,37,48,212,3,5,44,5,57,113,22,81,53,269,4,0,4,273
01/30/2023,ELP,TX,ASW,CE,Combined TRACON& Tower with Radar,109,39,26,25,199,0,4,41,24,69,109,43,67,49,268,32,0,32,300
01/31/2023,ELP,TX,ASW,CE,Combined TRACON& Tower with Radar,113,53,39,11,216,0,5,35,19,59,113,58,74,30,275,0,0,0,275
02/01/2023,ELP,TX,ASW,CE,Combined TRACON& Tower with Radar,100,51,47,0,198,0,5,21,4,30,100,56,68,4,228,6,0,6,234
02/02/2023,ELP,TX,ASW,CE,Combined TRACON& Tower with Radar,134,54,37,22,247,0,9,59,3,71,134,63,96,25,318,0,0,0,318
02/03/2023,ELP,TX,ASW,CE,Combined TRACON& Tower with Radar,126,35,33,72,266,0,14,55,13,82,126,49,88,85,348,0,0,0,348
02/04/2023,ELP,TX,ASW,CE,Combined TRACON& Tower with Radar,91,26,21,26,164,0,11,54,4,69,91,37,75,30,233,28,0,28,261
02/05/2023,ELP,TX,ASW,CE,Combined TRACON& Tower with Radar,111,21,19,10,161,0,7,40,6,53,111,28,59,16,214,0,0,0,214
02/06/2023,ELP,TX,ASW,CE,Combined TRACON& Tower with Radar,119,35,34,28,216,0,6,21,12,39,119,41,55,40,255,0,0,0,255
02/07/2023,ELP,TX,ASW,CE,Combined TRACON& Tower with Radar,125,41,24,8,198,0,3,18,13,34,125,44,42,21,232,0,0,0,232
02/08/2023,ELP,TX,ASW,CE,Combined TRACON& Tower with Radar,120,32,32,28,212,0,8,43,11,62,120,40,75,39,274,0,0,0,274
02/09/2023,ELP,TX,ASW,CE,Combined TRACON& Tower with Radar,138,39,34,5,216,0,4,21,4,29,138,43,55,9,245,0,0,0,245
02/10/2023,ELP,TX,ASW,CE,Combined TRACON& Tower with Radar,124,46,33,7,210,0,4,55,5,64,124,50,88,12,274,10,0,10,284
02/11/2023,ELP,TX,ASW,CE,Combined TRACON& Tower with Radar,89,21,23,12,145,0,5,34,10,49,89,26,57,22,194,0,0,0,194
02/12/2023,ELP,TX,ASW,CE,Combined TRACON& Tower with Radar,113,17,22,4,156,0,2,28,3,33,113,19,50,7,189,6,0,6,195
02/13/2023,ELP,TX,ASW,CE,Combined TRACON& Tower with Radar,135,27,31,3,196,0,4,18,1,23,135,31,49,4,219,0,0,0,219
02/14/2023,ELP,TX,ASW,CE,Combined TRACON& Tower with Radar,136,36,18,2,192,0,4,11,3,18,136,40,29,5,210,0,0,0,210
02/15/2023,ELP,TX,ASW,CE,Combined TRACON& Tower with Radar,121,37,40,3,201,0,3,10,0,13,121,40,50,3,214,0,0,0,214
02/16/2023,ELP,TX,ASW,CE,Combined TRACON& Tower with Radar,135,55,32,14,236,0,3,55,12,70,135,58,87,26,306,16,0,16,322
02/17/2023,ELP,TX,ASW,CE,Combined TRACON& Tower with Radar,136,33,38,10,217,0,1,43,6,50,136,34,81,16,267,14,0,14,281
02/18/2023,ELP,TX,ASW,CE,Combined TRACON& Tower with Radar,93,36,13,4,146,0,5,44,1,50,93,41,57,5,196,54,0,54,250
02/19/2023,ELP,TX,ASW,CE,Combined TRACON& Tower with Radar,105,30,21,1,157,0,3,11,1,15,105,33,32,2,172,6,0,6,178
02/20/2023,ELP,TX,ASW,CE,Combined TRACON& Tower with Radar,124,45,26,16,211,0,4,30,5,39,124,49,56,21,250,0,0,0,250
02/21/2023,ELP,TX,ASW,CE,Combined TRACON& Tower with Radar,134,43,25,6,208,0,6,21,6,33,134,49,46,12,241,20,8,28,269
02/22/2023,ELP,TX,ASW,CE,Combined TRACON& Tower with Radar,129,34,28,2,193,0,1,6,0,7,129,35,34,2,200,0,0,0,200
02/23/2023,ELP,TX,ASW,CE,Combined TRACON& Tower with Radar,134,49,35,5,223,0,12,58,8,78,134,61,93,13,301,0,0,0,301
02/24/2023,ELP,TX,ASW,CE,Combined TRACON& Tower with Radar,131,53,34,48,266,0,10,63,19,92,131,63,97,67,358,0,16,16,374
02/25/2023,ELP,TX,ASW,CE,Combined TRACON& Tower with Radar,96,46,35,18,195,0,10,56,4,70,96,56,91,22,265,22,0,22,287
02/26/2023,ELP,TX,ASW,CE,Combined TRACON& Tower with Radar,104,20,11,6,141,0,3,4,0,7,104,23,15,6,148,0,0,0,148
02/27/2023,ELP,TX,ASW,CE,Combined TRACON& Tower with Radar,137,47,30,25,239,0,14,43,10,67,137,61,73,35,306,34,0,34,340
02/28/2023,ELP,TX,ASW,CE,Combined TRACON& Tower with Radar,129,46,35,2,212,0,14,44,6,64,129,60,79,8,276,18,0,18,294
03/01/2023,ELP,TX,ASW,CE,Combined TRACON& Tower with Radar,130,45,40,3,218,0,4,25,4,33,130,49,65,7,251,0,0,0,251
03/02/2023,ELP,TX,ASW,CE,Combined TRACON& Tower with Radar,121,32,19,5,177,1,3,11,0,15,122,35,30,5,192,0,0,0,192
03/03/2023,ELP,TX,ASW,CE,Combined TRACON& Tower with Radar,135,34,28,38,235,0,6,41,13,60,135,40,69,51,295,38,10,48,343
03/04/2023,ELP,TX,ASW,CE,Combined TRACON& Tower with Radar,99,29,29,18,175,0,7,69,2,78,99,36,98,20,253,20,4,24,277
03/05/2023,ELP,TX,ASW,CE,Combined TRACON& Tower with Radar,109,24,21,27,181,0,11,27,2,40,109,35,48,29,221,26,0,26,247
03/06/2023,ELP,TX,ASW,CE,Combined TRACON& Tower with Radar,129,28,31,3,191,0,6,46,10,62,129,34,77,13,253,14,23,37,290
03/07/2023,ELP,TX,ASW,CE,Combined TRACON& Tower with Radar,126,30,27,18,201,0,9,39,5,53,126,39,66,23,254,29,0,29,283
03/08/2023,ELP,TX,ASW,CE,Combined TRACON& Tower with Radar,130,36,43,6,215,0,6,42,4,52,130,42,85,10,267,0,0,0,267
03/09/2023,ELP,TX,ASW,CE,Combined TRACON& Tower with Radar,128,32,39,8,207,0,9,46,7,62,128,41,85,15,269,0,0,0,269
03/10/2023,ELP,TX,ASW,CE,Combined TRACON& Tower with Radar,137,46,33,25,241,0,15,57,13,85,137,61,90,38,326,0,0,0,326
03/11/2023,ELP,TX,ASW,CE,Combined TRACON& Tower with Radar,91,25,31,1,148,0,10,30,0,40,91,35,61,1,188,24,0,24,212
03/12/2023,ELP,TX,ASW,CE,Combined TRACON& Tower with Radar,98,15,34,15,162,0,7,32,5,44,98,22,66,20,206,0,0,0,206
03/13/2023,ELP,TX,ASW,CE,Combined TRACON& Tower with Radar,140,36,25,7,208,0,4,48,8,60,140,40,73,15,268,0,36,36,304
03/14/2023,ELP,TX,ASW,CE,Combined TRACON& Tower with Radar,127,39,48,3,217,1,24,61,5,91,128,63,109,8,308,34,40,74,382
03/15/2023,ELP,TX,ASW,CE,Combined TRACON& Tower with Radar,148,28,37,4,217,0,6,38,8,52,148,34,75,12,269,20,0,20,289
03/16/2023,ELP,TX,ASW,CE,Combined TRACON& Tower with Radar,124,41,29,4,198,0,3,22,0,25,124,44,51,4,223,0,0,0,223
03/17/2023,ELP,TX,ASW,CE,Combined TRACON& Tower with Radar,136,46,26,33,241,0,3,44,12,59,136,49,70,45,300,0,0,0,300
03/18/2023,ELP,TX,ASW,CE,Combined TRACON& Tower with Radar,98,30,20,2,150,0,2,24,0,26,98,32,44,2,176,30,0,30,206
03/19/2023,ELP,TX,ASW,CE,Combined TRACON& Tower with Radar,101,31,28,18,178,0,3,38,1,42,101,34,66,19,220,30,0,30,250
03/20/2023,ELP,TX,ASW,CE,Combined TRACON& Tower with Radar,136,23,20,19,198,0,7,41,5,53,136,30,61,24,251,24,0,24,275
03/21/2023,ELP,TX,ASW,CE,Combined TRACON& Tower with Radar,133,30,28,5,196,0,16,37,3,56,133,46,65,8,252,12,22,34,286
03/22/2023,ELP,TX,ASW,CE,Combined TRACON& Tower with Radar,137,51,48,6,242,0,10,47,7,64,137,61,95,13,306,8,0,8,314
03/23/2023,ELP,TX,ASW,CE,Combined TRACON& Tower with Radar,126,53,41,22,242,0,6,44,22,72,126,59,85,44,314,8,0,8,322
03/24/2023,ELP,TX,ASW,CE,Combined TRACON& Tower with Radar,131,32,31,56,250,0,4,33,18,55,131,36,64,74,305,0,10,10,315
03/25/2023,ELP,TX,ASW,CE,Combined TRACON& Tower with Radar,101,20,38,0,159,0,6,56,0,62,101,26,94,0,221,34,0,34,255
03/26/2023,ELP,TX,ASW,CE,Combined TRACON& Tower with Radar,102,11,43,2,158,0,12,34,7,53,102,23,77,9,211,0,0,0,211
03/27/2023,ELP,TX,ASW,CE,Combined TRACON& Tower with Radar,124,42,26,5,197,0,10,61,6,77,124,52,87,11,274,84,4,88,362
03/28/2023,ELP,TX,ASW,CE,Combined TRACON& Tower with Radar,126,32,36,8,202,0,7,36,9,52,126,39,72,17,254,0,0,0,254
03/29/2023,ELP,TX,ASW,CE,Combined TRACON& Tower with Radar,133,43,28,2,206,0,11,63,18,92,133,54,91,20,298,72,0,72,370
03/30/2023,ELP,TX,ASW,CE,Combined TRACON& Tower with Radar,135,44,24,1,204,0,4,18,7,29,135,48,42,8,233,0,0,0,233
03/31/2023,ELP,TX,ASW,CE,Combined TRACON& Tower with Radar,137,36,22,30,225,0,11,31,9,51,137,47,53,39,276,16,8,24,300
04/01/2023,ELP,TX,ASW,CE,Combined TRACON& Tower with Radar,97,36,40,3,176,0,7,50,0,57,97,43,90,3,233,22,0,22,255
04/02/2023,ELP,TX,ASW,CE,Combined TRACON& Tower with Radar,106,21,25,9,161,0,8,30,4,42,106,29,55,13,203,0,0,0,203
04/03/2023,ELP,TX,ASW,CE,Combined TRACON& Tower with Radar,130,14,19,2,165,0,2,25,0,27,130,16,44,2,192,0,0,0,192
04/04/2023,ELP,TX,ASW,CE,Combined TRACON& Tower with Radar,134,31,19,0,184,0,5,11,1,17,134,36,30,1,201,0,0,0,201
04/05/2023,ELP,TX,ASW,CE,Combined TRACON& Tower with Radar,128,37,30,6,201,0,9,58,10,77,128,46,88,16,278,10,0,10,288
04/06/2023,ELP,TX,ASW,CE,Combined TRACON& Tower with Radar,126,15,22,3,166,0,8,45,8,61,126,23,67,11,227,16,0,16,243
04/07/2023,ELP,TX,ASW,CE,Combined TRACON& Tower with Radar,132,20,19,10,181,0,12,41,10,63,132,32,60,20,244,48,20,68,312
04/08/2023,ELP,TX,ASW,CE,Combined TRACON& Tower with Radar,94,21,24,4,143,0,4,37,2,43,94,25,61,6,186,26,0,26,212
04/09/2023,ELP,TX,ASW,CE,Combined TRACON& Tower with Radar,105,26,20,2,153,0,8,29,2,39,105,34,49,4,192,0,0,0,192
04/10/2023,ELP,TX,ASW,CE,Combined TRACON& Tower with Radar,134,19,34,18,205,0,9,51,22,82,134,28,85,40,287,30,0,30,317
04/11/2023,ELP,TX,ASW,CE,Combined TRACON& Tower with Radar,134,40,26,21,221,0,7,33,15,55,134,47,59,36,276,0,0,0,276
04/12/2023,ELP,TX,ASW,CE,Combined TRACON& Tower with Radar,145,32,32,15,224,1,8,59,10,78,146,40,91,25,302,0,0,0,302
04/13/2023,ELP,TX,ASW,CE,Combined TRACON& Tower with Radar,133,31,34,3,201,0,10,56,11,77,133,41,90,14,278,12,0,12,290
04/14/2023,ELP,TX,ASW,CE,Combined TRACON& Tower with Radar,138,27,29,17,211,0,7,33,5,45,138,34,62,22,256,6,1,7,263
04/15/2023,ELP,TX,ASW,CE,Combined TRACON& Tower with Radar,105,31,21,6,163,0,7,58,4,69,105,38,79,10,232,0,0,0,232
04/16/2023,ELP,TX,ASW,CE,Combined TRACON& Tower with Radar,119,32,18,5,174,0,9,42,2,53,119,41,60,7,227,0,0,0,227
04/17/2023,ELP,TX,ASW,CE,Combined TRACON& Tower with Radar,140,46,20,5,211,0,11,52,10,73,140,57,72,15,284,8,0,8,292
04/18/2023,ELP,TX,ASW,CE,Combined TRACON& Tower with Radar,144,42,20,5,211,0,7,34,11,52,144,49,54,16,263,6,0,6,269
04/19/2023,ELP,TX,ASW,CE,Combined TRACON& Tower with Radar,143,45,22,8,218,0,14,33,7,54,143,59,55,15,272,0,0,0,272
04/20/2023,ELP,TX,ASW,CE,Combined TRACON& Tower with Radar,137,30,28,6,201,0,5,48,13,66,137,35,76,19,267,10,0,10,277
04/21/2023,ELP,TX,ASW,CE,Combined TRACON& Tower with Radar,144,33,30,13,220,0,4,33,4,41,144,37,63,17,261,0,0,0,261
04/22/2023,ELP,TX,ASW,CE,Combined TRACON& Tower with Radar,107,22,22,2,153,0,5,49,2,56,107,27,71,4,209,2,0,2,211
04/23/2023,ELP,TX,ASW,CE,Combined TRACON& Tower with Radar,124,31,31,12,198,0,5,31,8,44,124,36,62,20,242,25,10,35,277
04/24/2023,ELP,TX,ASW,CE,Combined TRACON& Tower with Radar,137,29,28,6,200,0,8,29,11,48,137,37,57,17,248,0,0,0,248
04/25/2023,ELP,TX,ASW,CE,Combined TRACON& Tower with Radar,137,29,25,4,195,0,7,46,6,59,137,36,71,10,254,10,0,10,264
04/26/2023,ELP,TX,ASW,CE,Combined TRACON& Tower with Radar,142,23,47,7,219,0,5,45,7,57,142,28,92,14,276,0,0,0,276
04/27/2023,ELP,TX,ASW,CE,Combined TRACON& Tower with Radar,136,28,31,11,206,1,7,46,9,63,137,35,77,20,269,24,8,32,301
04/28/2023,ELP,TX,ASW,CE,Combined TRACON& Tower with Radar,132,33,23,55,243,0,6,30,6,42,132,39,53,61,285,0,0,0,285
04/29/2023,ELP,TX,ASW,CE,Combined TRACON& Tower with Radar,103,32,17,6,158,3,18,51,2,74,106,50,68,8,232,0,0,0,232
04/30/2023,ELP,TX,ASW,CE,Combined TRACON& Tower with Radar,110,23,25,24,182,1,19,37,2,59,111,42,62,26,241,8,0,8,249
05/01/2023,ELP,TX,ASW,CE,Combined TRACON& Tower with Radar,130,19,27,2,178,0,11,29,1,41,130,30,56,3,219,41,0,41,260
05/02/2023,ELP,TX,ASW,CE,Combined TRACON& Tower with Radar,128,37,34,2,201,0,5,35,5,45,128,42,69,7,246,0,10,10,256
05/03/2023,ELP,TX,ASW,CE,Combined TRACON& Tower with Radar,135,34,27,0,196,0,7,29,7,43,135,41,56,7,239,28,0,28,267
05/04/2023,ELP,TX,ASW,CE,Combined TRACON& Tower with Radar,133,38,31,4,206,0,10,47,21,78,133,48,78,25,284,13,6,19,303
05/05/2023,ELP,TX,ASW,CE,Combined TRACON& Tower with Radar,134,14,23,52,223,0,10,57,8,75,134,24,80,60,298,0,0,0,298
05/06/2023,ELP,TX,ASW,CE,Combined TRACON& Tower with Radar,95,16,15,7,133,0,18,45,9,72,95,34,60,16,205,0,0,0,205
05/07/2023,ELP,TX,ASW,CE,Combined TRACON& Tower with Radar,106,14,16,8,144,0,9,28,5,42,106,23,44,13,186,0,0,0,186
05/08/2023,ELP,TX,ASW,CE,Combined TRACON& Tower with Radar,126,46,21,29,222,0,8,45,25,78,126,54,66,54,300,30,10,40,340
05/09/2023,ELP,TX,ASW,CE,Combined TRACON& Tower with Radar,133,23,23,2,181,0,9,42,6,57,133,32,65,8,238,24,0,24,262
05/10/2023,ELP,TX,ASW,CE,Combined TRACON& Tower with Radar,132,33,21,8,194,2,5,37,7,51,134,38,58,15,245,32,0,32,277
05/11/2023,ELP,TX,ASW,CE,Combined TRACON& Tower with Radar,141,24,32,33,230,0,9,68,10,87,141,33,100,43,317,18,0,18,335
05/12/2023,ELP,TX,ASW,CE,Combined TRACON& Tower with Radar,133,26,19,24,202,0,20,50,21,91,133,46,69,45,293,6,0,6,299
05/13/2023,ELP,TX,ASW,CE,Combined TRACON& Tower with Radar,96,8,15,5,124,0,14,36,5,55,96,22,51,10,179,0,0,0,179
05/14/2023,ELP,TX,ASW,CE,Combined TRACON& Tower with Radar,106,19,16,27,168,1,9,18,19,47,107,28,34,46,215,0,0,0,215
05/15/2023,ELP,TX,ASW,CE,Combined TRACON& Tower with Radar,131,25,30,9,195,0,4,42,11,57,131,29,72,20,252,20,0,20,272
05/16/2023,ELP,TX,ASW,CE,Combined TRACON& Tower with Radar,134,31,23,8,196,0,8,37,6,51,134,39,60,14,247,0,0,0,247
05/17/2023,ELP,TX,ASW,CE,Combined TRACON& Tower with Radar,133,30,55,24,242,0,5,51,8,64,133,35,106,32,306,20,0,20,326
05/18/2023,ELP,TX,ASW,CE,Combined TRACON& Tower with Radar,141,36,43,9,229,0,8,45,11,64,141,44,88,20,293,28,0,28,321
05/19/2023,ELP,TX,ASW,CE,Combined TRACON& Tower with Radar,133,27,21,16,197,0,2,40,14,56,133,29,61,30,253,54,12,66,319
05/20/2023,ELP,TX,ASW,CE,Combined TRACON& Tower with Radar,100,17,31,4,152,0,2,35,0,37,100,19,66,4,189,34,0,34,223
05/21/2023,ELP,TX,ASW,CE,Combined TRACON& Tower with Radar,121,23,16,12,172,0,4,51,3,58,121,27,67,15,230,0,0,0,230
05/22/2023,ELP,TX,ASW,CE,Combined TRACON& Tower with Radar,127,30,32,21,210,0,7,41,16,64,127,37,73,37,274,30,32,62,336
05/23/2023,ELP,TX,ASW,CE,Combined TRACON& Tower with Radar,131,36,36,40,243,0,7,64,4,75,131,43,100,44,318,54,4,58,376
05/24/2023,ELP,TX,ASW,CE,Combined TRACON& Tower with Radar,134,31,33,11,209,0,12,48,6,66,134,43,81,17,275,30,0,30,305
05/25/2023,ELP,TX,ASW,CE,Combined TRACON& Tower with Radar,148,30,38,5,221,0,10,69,8,87,148,40,107,13,308,24,0,24,332
05/26/2023,ELP,TX,ASW,CE,Combined TRACON& Tower with Radar,132,29,25,10,196,0,8,50,3,61,132,37,75,13,257,0,0,0,257
05/27/2023,ELP,TX,ASW,CE,Combined TRACON& Tower with Radar,91,19,20,2,132,0,6,50,4,60,91,25,70,6,192,0,0,0,192
05/28/2023,ELP,TX,ASW,CE,Combined TRACON& Tower with Radar,105,21,11,0,137,0,11,49,3,63,105,32,60,3,200,14,50,64,264
05/29/2023,ELP,TX,ASW,CE,Combined TRACON& Tower with Radar,123,21,19,3,166,0,8,50,14,72,123,29,69,17,238,16,0,16,254
05/30/2023,ELP,TX,ASW,CE,Combined TRACON& Tower with Radar,122,24,22,5,173,0,7,46,12,65,122,31,68,17,238,50,26,76,314
05/31/2023,ELP,TX,ASW,CE,Combined TRACON& Tower with Radar,131,28,35,5,199,0,8,41,11,60,131,36,76,16,259,18,0,18,277
06/01/2023,ELP,TX,ASW,CE,Combined TRACON& Tower with Radar,134,33,40,11,218,0,5,64,10,79,134,38,104,21,297,14,0,14,311
06/02/2023,ELP,TX,ASW,CE,Combined TRACON& Tower with Radar,131,31,34,31,227,0,10,45,16,71,131,41,79,47,298,16,0,16,314
06/03/2023,ELP,TX,ASW,CE,Combined TRACON& Tower with Radar,87,13,24,2,126,0,9,61,1,71,87,22,85,3,197,8,0,8,205
06/04/2023,ELP,TX,ASW,CE,Combined TRACON& Tower with Radar,107,28,14,6,155,0,8,38,7,53,107,36,52,13,208,42,0,42,250
06/05/2023,ELP,TX,ASW,CE,Combined TRACON& Tower with Radar,129,25,15,7,176,0,13,31,11,55,129,38,46,18,231,28,9,37,268
06/06/2023,ELP,TX,ASW,CE,Combined TRACON& Tower with Radar,128,32,31,3,194,0,2,19,13,34,128,34,50,16,228,4,0,4,232
06/07/2023,ELP,TX,ASW,CE,Combined TRACON& Tower with Radar,138,41,34,1,214,0,6,50,8,64,138,47,84,9,278,36,0,36,314
06/08/2023,ELP,TX,ASW,CE,Combined TRACON& Tower with Radar,133,36,34,4,207,0,6,57,7,70,133,42,91,11,277,0,0,0,277
06/09/2023,ELP,TX,ASW,CE,Combined TRACON& Tower with Radar,132,43,20,18,213,0,15,58,5,78,132,58,78,23,291,16,0,16,307
06/10/2023,ELP,TX,ASW,CE,Combined TRACON& Tower with Radar,103,19,30,3,155,0,4,34,4,42,103,23,64,7,197,52,0,52,249
06/11/2023,ELP,TX,ASW,CE,Combined TRACON& Tower with Radar,109,17,22,12,160,0,15,32,6,53,109,32,54,18,213,20,0,20,233
06/12/2023,ELP,TX,ASW,CE,Combined TRACON& Tower with Radar,117,25,30,9,181,0,10,28,4,42,117,35,58,13,223,0,0,0,223
06/13/2023,ELP,TX,ASW,CE,Combined TRACON& Tower with Radar,128,38,24,8,198,0,15,60,8,83,128,53,84,16,281,35,0,35,316
06/14/2023,ELP,TX,ASW,CE,Combined TRACON& Tower with Radar,138,38,35,0,211,0,25,60,14,99,138,63,95,14,310,42,0,42,352
06/15/2023,ELP,TX,ASW,CE,Combined TRACON& Tower with Radar,137,32,27,9,205,0,9,43,12,64,137,41,70,21,269,24,0,24,293
06/16/2023,ELP,TX,ASW,CE,Combined TRACON& Tower with Radar,140,39,28,32,239,0,11,72,17,100,140,50,100,49,339,0,0,0,339
06/17/2023,ELP,TX,ASW,CE,Combined TRACON& Tower with Radar,105,19,25,1,150,0,10,61,14,85,105,29,86,15,235,0,0,0,235
06/18/2023,ELP,TX,ASW,CE,Combined TRACON& Tower with Radar,104,17,16,1,138,0,7,66,13,86,104,24,82,14,224,6,0,6,230
06/19/2023,ELP,TX,ASW,CE,Combined TRACON& Tower with Radar,124,43,30,5,202,0,11,63,13,87,124,54,93,18,289,4,0,4,293
06/20/2023,ELP,TX,ASW,CE,Combined TRACON& Tower with Radar,143,33,27,5,208,0,8,69,16,93,143,41,96,21,301,16,0,16,317
06/21/2023,ELP,TX,ASW,CE,Combined TRACON& Tower with Radar,137,50,32,15,234,0,9,56,3,68,137,59,88,18,302,20,6,26,328
06/22/2023,ELP,TX,ASW,CE,Combined TRACON& Tower with Radar,148,50,33,31,262,0,13,44,12,69,148,63,77,43,331,41,0,41,372
06/23/2023,ELP,TX,ASW,CE,Combined TRACON& Tower with Radar,141,22,27,11,201,0,10,50,10,70,141,32,77,21,271,6,0,6,277
06/24/2023,ELP,TX,ASW,CE,Combined TRACON& Tower with Radar,101,15,9,2,127,0,8,50,17,75,101,23,59,19,202,64,12,76,278
06/25/2023,ELP,TX,ASW,CE,Combined TRACON& Tower with Radar,103,19,21,7,150,0,4,32,4,40,103,23,53,11,190,8,0,8,198
06/26/2023,ELP,TX,ASW,CE,Combined TRACON& Tower with Radar,135,36,27,11,209,0,7,22,8,37,135,43,49,19,246,0,0,0,246
06/27/2023,ELP,TX,ASW,CE,Combined TRACON& Tower with Radar,139,36,28,3,206,0,9,36,8,53,139,45,64,11,259,0,2,2,261
06/28/2023,ELP,TX,ASW,CE,Combined TRACON& Tower with Radar,133,40,35,14,222,0,12,40,11,63,133,52,75,25,285,6,0,6,291
06/29/2023,ELP,TX,ASW,CE,Combined TRACON& Tower with Radar,144,36,24,10,214,0,12,60,5,77,144,48,84,15,291,6,0,6,297
06/30/2023,ELP,TX,ASW,CE,Combined TRACON& Tower with Radar,132,32,30,11,205,0,10,43,2,55,132,42,73,13,260,2,0,2,262
07/01/2023,ELP,TX,ASW,CE,Combined TRACON& Tower with Radar,101,28,9,2,140,0,8,29,1,38,101,36,38,3,178,0,0,0,178
07/02/2023,ELP,TX,ASW,CE,Combined TRACON& Tower with Radar,106,18,20,2,146,0,7,29,2,38,106,25,49,4,184,0,0,0,184
07/03/2023,ELP,TX,ASW,CE,Combined TRACON& Tower with Radar,118,13,11,11,153,0,5,25,3,33,118,18,36,14,186,6,0,6,192
07/04/2023,ELP,TX,ASW,CE,Combined TRACON& Tower with Radar,109,14,21,2,146,0,12,32,10,54,109,26,53,12,200,0,0,0,200
07/05/2023,ELP,TX,ASW,CE,Combined TRACON& Tower with Radar,128,21,15,3,167,0,9,32,7,48,128,30,47,10,215,12,0,12,227
07/06/2023,ELP,TX,ASW,CE,Combined TRACON& Tower with Radar,132,15,22,0,169,0,17,34,4,55,132,32,56,4,224,14,0,14,238
07/07/2023,ELP,TX,ASW,CE,Combined TRACON& Tower with Radar,130,20,39,23,212,0,5,44,6,55,130,25,83,29,267,62,0,62,329
07/08/2023,ELP,TX,ASW,CE,Combined TRACON& Tower with Radar,118,20,21,0,159,0,5,24,0,29,118,25,45,0,188,6,0,6,194
07/09/2023,ELP,TX,ASW,CE,Combined TRACON& Tower with Radar,117,14,10,1,142,0,7,21,1,29,117,21,31,2,171,30,0,30,201
07/10/2023,ELP,TX,ASW,CE,Combined TRACON& Tower with Radar,121,14,19,22,176,0,4,22,30,56,121,18,41,52,232,62,0,62,294
07/11/2023,ELP,TX,ASW,CE,Combined TRACON& Tower with Radar,135,32,21,0,188,0,6,38,8,52,135,38,59,8,240,0,0,0,240
07/12/2023,ELP,TX,ASW,CE,Combined TRACON& Tower with Radar,135,31,21,4,191,1,10,41,10,62,136,41,62,14,253,0,0,0,253
07/13/2023,ELP,TX,ASW,CE,Combined TRACON& Tower with Radar,138,17,27,2,184,0,7,39,2,48,138,24,66,4,232,10,0,10,242
07/14/2023,ELP,TX,ASW,CE,Combined TRACON& Tower with Radar,131,17,37,3,188,0,12,56,8,76,131,29,93,11,264,0,0,0,264
07/15/2023,ELP,TX,ASW,CE,Combined TRACON& Tower with Radar,106,14,18,3,141,0,7,37,1,45,106,21,55,4,186,20,0,20,206
07/16/2023,ELP,TX,ASW,CE,Combined TRACON& Tower with Radar,106,18,13,0,137,0,3,35,2,40,106,21,48,2,177,10,0,10,187
07/17/2023,ELP,TX,ASW,CE,Combined TRACON& Tower with Radar,121,15,19,13,168,0,5,32,12,49,121,20,51,25,217,24,16,40,257
07/18/2023,ELP,TX,ASW,CE,Combined TRACON& Tower with Radar,133,22,39,4,198,1,1,36,12,50,134,23,75,16,248,0,28,28,276
07/19/2023,ELP,TX,ASW,CE,Combined TRACON& Tower with Radar,134,18,39,3,194,1,4,53,12,70,135,22,92,15,264,9,0,9,273
07/20/2023,ELP,TX,ASW,CE,Combined TRACON& Tower with Radar,138,23,27,2,190,0,13,39,9,61,138,36,66,11,251,6,0,6,257
07/21/2023,ELP,TX,ASW,CE,Combined TRACON& Tower with Radar,135,24,25,9,193,0,5,41,5,51,135,29,66,14,244,0,0,0,244
07/22/2023,ELP,TX,ASW,CE,Combined TRACON& Tower with Radar,100,17,22,3,142,0,5,43,0,48,100,22,65,3,190,16,0,16,206
07/23/2023,ELP,TX,ASW,CE,Combined TRACON& Tower with Radar,108,34,19,6,167,0,8,22,3,33,108,42,41,9,200,0,0,0,200
07/24/2023,ELP,TX,ASW,CE,Combined TRACON& Tower with Radar,130,19,37,6,192,0,10,32,17,59,130,29,69,23,251,0,0,0,251
07/25/2023,ELP,TX,ASW,CE,Combined TRACON& Tower with Radar,137,28,19,9,193,0,6,33,19,58,137,34,52,28,251,12,0,12,263
07/26/2023,ELP,TX,ASW,CE,Combined TRACON& Tower with Radar,133,40,23,20,216,0,11,38,16,65,133,51,61,36,281,0,0,0,281
07/27/2023,ELP,TX,ASW,CE,Combined TRACON& Tower with Radar,138,22,23,23,206,0,15,37,11,63,138,37,60,34,269,16,0,16,285
07/28/2023,ELP,TX,ASW,CE,Combined TRACON& Tower with Radar,140,27,16,16,199,0,6,49,4,59,140,33,65,20,258,0,0,0,258
07/29/2023,ELP,TX,ASW,CE,Combined TRACON& Tower with Radar,106,11,17,2,136,0,5,26,4,35,106,16,43,6,171,0,0,0,171
07/30/2023,ELP,TX,ASW,CE,Combined TRACON& Tower with Radar,110,19,22,0,151,0,4,33,2,39,110,23,55,2,190,0,0,0,190
07/31/2023,ELP,TX,ASW,CE,Combined TRACON& Tower with Radar,128,23,23,0,174,0,4,26,10,40,128,27,49,10,214,0,0,0,214
08/01/2023,ELP,TX,ASW,CE,Combined TRACON& Tower with Radar,138,16,21,13,188,0,6,47,15,68,138,22,68,28,256,64,12,76,332
08/02/2023,ELP,TX,ASW,CE,Combined TRACON& Tower with Radar,137,29,31,6,203,0,7,42,2,51,137,36,73,8,254,8,0,8,262
08/03/2023,ELP,TX,ASW,CE,Combined TRACON& Tower with Radar,132,28,26,12,198,0,6,46,13,65,132,34,72,25,263,0,0,0,263
08/04/2023,ELP,TX,ASW,CE,Combined TRACON& Tower with Radar,143,22,38,10,213,0,5,48,4,57,143,27,86,14,270,4,0,4,274
08/05/2023,ELP,TX,ASW,CE,Combined TRACON& Tower with Radar,106,11,28,1,146,1,8,47,2,58,107,19,75,3,204,0,0,0,204
08/06/2023,ELP,TX,ASW,CE,Combined TRACON& Tower with Radar,108,29,29,8,174,0,6,34,4,44,108,35,63,12,218,0,0,0,218
08/07/2023,ELP,TX,ASW,CE,Combined TRACON& Tower with Radar,123,23,18,4,168,0,4,31,5,40,123,27,49,9,208,14,0,14,222
08/08/2023,ELP,TX,ASW,CE,Combined TRACON& Tower with Radar,131,23,20,6,180,0,16,26,24,66,131,39,46,30,246,0,0,0,246
08/09/2023,ELP,TX,ASW,CE,Combined TRACON& Tower with Radar,130,34,27,9,200,0,3,57,12,72,130,37,84,21,272,30,0,30,302
08/10/2023,ELP,TX,ASW,CE,Combined TRACON& Tower with Radar,136,21,21,17,195,0,17,37,14,68,136,38,58,31,263,24,40,64,327
08/11/2023,ELP,TX,ASW,CE,Combined TRACON& Tower with Radar,144,24,25,0,193,0,11,53,4,68,144,35,78,4,261,12,0,12,273
08/12/2023,ELP,TX,ASW,CE,Combined TRACON& Tower with Radar,99,21,19,1,140,0,5,38,1,44,99,26,57,2,184,16,0,16,200
08/13/2023,ELP,TX,ASW,CE,Combined TRACON& Tower with Radar,110,14,15,1,140,0,3,24,3,30,110,17,39,4,170,0,0,0,170
08/14/2023,ELP,TX,ASW,CE,Combined TRACON& Tower with Radar,125,23,13,3,164,0,3,21,7,31,125,26,34,10,195,0,0,0,195
08/15/2023,ELP,TX,ASW,CE,Combined TRACON& Tower with Radar,132,29,28,2,191,2,11,59,3,75,134,40,87,5,266,10,0,10,276
08/16/2023,ELP,TX,ASW,CE,Combined TRACON& Tower with Radar,131,25,25,5,186,4,3,36,15,58,135,28,61,20,244,0,0,0,244
08/17/2023,ELP,TX,ASW,CE,Combined TRACON& Tower with Radar,138,40,29,11,218,0,5,39,12,56,138,45,68,23,274,46,2,48,322
08/18/2023,ELP,TX,ASW,CE,Combined TRACON& Tower with Radar,132,31,32,8,203,0,15,34,5,54,132,46,66,13,257,18,0,18,275
08/19/2023,ELP,TX,ASW,CE,Combined TRACON& Tower with Radar,112,21,11,1,145,14,7,28,0,49,126,28,39,1,194,26,0,26,220
08/20/2023,ELP,TX,ASW,CE,Combined TRACON& Tower with Radar,108,20,8,4,140,0,3,36,1,40,108,23,44,5,180,0,0,0,180
08/21/2023,ELP,TX,ASW,CE,Combined TRACON& Tower with Radar,123,20,33,13,189,0,14,30,10,54,123,34,63,23,243,4,12,16,259
08/22/2023,ELP,TX,ASW,CE,Combined TRACON& Tower with Radar,134,34,30,4,202,2,11,41,12,66,136,45,71,16,268,35,0,35,303
08/23/2023,ELP,TX,ASW,CE,Combined TRACON& Tower with Radar,134,43,21,9,207,0,0,4,3,7,134,43,25,12,214,0,24,24,238
08/24/2023,ELP,TX,ASW,CE,Combined TRACON& Tower with Radar,138,41,42,13,234,0,7,52,17,76,138,48,94,30,310,8,0,8,318
08/25/2023,ELP,TX,ASW,CE,Combined TRACON& Tower with Radar,135,34,34,11,214,0,2,54,7,63,135,36,88,18,277,0,0,0,277
08/26/2023,ELP,TX,ASW,CE,Combined TRACON& Tower with Radar,103,24,30,13,170,0,3,40,2,45,103,27,70,15,215,38,0,38,253
08/27/2023,ELP,TX,ASW,CE,Combined TRACON& Tower with Radar,131,13,12,3,159,0,3,24,6,33,131,16,36,9,192,30,0,30,222
08/28/2023,ELP,TX,ASW,CE,Combined TRACON& Tower with Radar,130,23,22,15,190,0,3,29,12,44,130,26,51,27,234,26,20,46,280
08/29/2023,ELP,TX,ASW,CE,Combined TRACON& Tower with Radar,134,23,26,8,191,0,11,40,7,58,134,34,66,15,249,0,0,0,249
08/30/2023,ELP,TX,ASW,CE,Combined TRACON& Tower with Radar,133,44,24,9,210,0,4,37,16,57,133,48,61,25,267,12,8,20,287
08/31/2023,ELP,TX,ASW,CE,Combined TRACON& Tower with Radar,136,34,32,5,207,22,4,56,15,97,158,38,88,20,304,28,8,36,340
01/01/2020,ELP,TX,ASW,WE,Combined TRACON& Tower with Radar,99,21,7,0,127,0,1,19,0,20,99,22,26,0,147,0,0,0,147
01/02/2020,ELP,TX,ASW,WE,Combined TRACON& Tower with Radar,123,31,25,0,179,0,1,9,0,10,123,32,34,0,189,0,0,0,189
01/03/2020,ELP,TX,ASW,WE,Combined TRACON& Tower with Radar,122,27,30,0,179,0,14,40,3,57,122,41,70,3,236,7,0,7,243
01/04/2020,ELP,TX,ASW,WE,Combined TRACON& Tower with Radar,99,45,29,1,174,0,13,43,2,58,99,58,72,3,232,46,8,54,286
01/05/2020,ELP,TX,ASW,WE,Combined TRACON& Tower with Radar,115,38,13,3,169,0,8,21,2,31,115,46,34,5,200,7,0,7,207
01/06/2020,ELP,TX,ASW,WE,Combined TRACON& Tower with Radar,111,32,14,20,177,0,8,27,14,49,111,40,41,34,226,0,0,0,226
01/07/2020,ELP,TX,ASW,WE,Combined TRACON& Tower with Radar,109,39,10,6,164,0,10,28,7,45,109,49,38,13,209,7,0,7,216
01/08/2020,ELP,TX,ASW,WE,Combined TRACON& Tower with Radar,106,27,27,4,164,0,9,49,5,63,106,36,76,9,227,20,0,20,247
01/09/2020,ELP,TX,ASW,WE,Combined TRACON& Tower with Radar,116,27,29,7,179,0,14,51,13,78,116,41,80,20,257,0,24,24,281
01/10/2020,ELP,TX,ASW,WE,Combined TRACON& Tower with Radar,93,39,25,65,222,0,9,26,3,38,93,48,51,68,260,0,28,28,288
01/11/2020,ELP,TX,ASW,WE,Combined TRACON& Tower with Radar,74,26,17,13,130,0,12,37,3,52,74,38,54,16,182,48,0,48,230
01/12/2020,ELP,TX,ASW,WE,Combined TRACON& Tower with Radar,99,30,14,61,204,0,8,28,4,40,99,38,42,65,244,0,0,0,244
01/13/2020,ELP,TX,ASW,WE,Combined TRACON& Tower with Radar,100,36,25,15,176,0,10,40,3,53,100,46,65,18,229,20,0,20,249
01/14/2020,ELP,TX,ASW,WE,Combined TRACON& Tower with Radar,104,35,22,7,168,0,9,32,3,44,104,44,54,10,212,0,0,0,212
01/15/2020,ELP,TX,ASW,WE,Combined TRACON& Tower with Radar,111,26,18,11,166,0,13,31,14,58,111,39,49,25,224,0,0,0,224
01/16/2020,ELP,TX,ASW,WE,Combined TRACON& Tower with Radar,116,37,23,7,183,0,3,25,8,36,116,40,48,15,219,0,0,0,219
01/17/2020,ELP,TX,ASW,WE,Combined TRACON& Tower with Radar,107,36,23,21,187,0,8,30,9,47,107,44,53,30,234,0,0,0,234
01/18/2020,ELP,TX,ASW,WE,Combined TRACON& Tower with Radar,78,25,18,1,122,0,8,40,4,52,78,33,58,5,174,58,0,58,232
01/19/2020,ELP,TX,ASW,WE,Combined TRACON& Tower with Radar,97,19,9,4,129,0,8,32,2,42,97,27,41,6,171,8,0,8,179
01/20/2020,ELP,TX,ASW,WE,Combined TRACON& Tower with Radar,100,21,24,1,146,0,10,53,1,64,100,31,77,2,210,34,0,34,244
01/21/2020,ELP,TX,ASW,WE,Combined TRACON& Tower with Radar,109,28,30,13,180,0,6,26,6,38,109,34,56,19,218,16,0,16,234
01/22/2020,ELP,TX,ASW,WE,Combined TRACON& Tower with Radar,109,27,46,14,196,0,8,39,15,62,109,35,85,29,258,0,50,50,308
01/23/2020,ELP,TX,ASW,WE,Combined TRACON& Tower with Radar,122,35,41,30,228,0,14,72,19,105,122,49,113,49,333,50,38,88,421
01/24/2020,ELP,TX,ASW,WE,Combined TRACON& Tower with Radar,110,30,38,67,245,0,11,62,7,80,110,41,100,74,325,16,4,20,345
01/25/2020,ELP,TX,ASW,WE,Combined TRACON& Tower with Radar,77,22,26,10,135,0,12,47,5,64,77,34,73,15,199,0,0,0,199
01/26/2020,ELP,TX,ASW,WE,Combined TRACON& Tower with Radar,101,20,28,43,192,0,5,23,6,34,101,25,51,49,226,6,0,6,232
01/27/2020,ELP,TX,ASW,WE,Combined TRACON& Tower with Radar,96,23,10,12,141,0,8,28,5,41,96,31,38,17,182,0,0,0,182
01/28/2020,ELP,TX,ASW,WE,Combined TRACON& Tower with Radar,110,28,45,12,195,0,8,37,37,82,110,36,82,49,277,0,70,70,347
01/29/2020,ELP,TX,ASW,WE,Combined TRACON& Tower with Radar,110,32,41,38,221,0,5,35,32,72,110,37,76,70,293,36,94,130,423
01/30/2020,ELP,TX,ASW,WE,Combined TRACON& Tower with Radar,123,42,36,17,218,0,5,46,21,72,123,47,82,38,290,6,46,52,342
01/31/2020,ELP,TX,ASW,WE,Combined TRACON& Tower with Radar,109,38,38,40,225,0,13,32,12,57,109,51,70,52,282,0,8,8,290
02/01/2020,ELP,TX,ASW,CE,Combined TRACON& Tower with Radar,81,24,24,7,136,0,5,52,2,59,81,29,76,9,195,24,6,30,225
02/02/2020,ELP,TX,ASW,CE,Combined TRACON& Tower with Radar,100,19,18,15,152,0,5,31,4,40,100,24,49,19,192,24,8,32,224
02/03/2020,ELP,TX,ASW,CE,Combined TRACON& Tower with Radar,102,29,12,6,149,0,4,16,7,27,102,33,28,13,176,0,0,0,176
02/04/2020,ELP,TX,ASW,CE,Combined TRACON& Tower with Radar,117,39,32,14,202,0,5,9,5,19,117,44,41,19,221,0,0,0,221
02/05/2020,ELP,TX,ASW,CE,Combined TRACON& Tower with Radar,108,41,22,10,181,0,4,9,8,21,108,45,31,18,202,0,16,16,218
02/06/2020,ELP,TX,ASW,CE,Combined TRACON& Tower with Radar,117,40,21,12,190,0,6,34,13,53,117,46,55,25,243,10,14,24,267
02/07/2020,ELP,TX,ASW,CE,Combined TRACON& Tower with Radar,111,31,40,34,216,0,15,56,8,79,111,46,96,42,295,20,10,30,325
02/08/2020,ELP,TX,ASW,CE,Combined TRACON& Tower with Radar,77,19,13,5,114,0,8,47,2,57,77,27,60,7,171,24,0,24,195
02/09/2020,ELP,TX,ASW,CE,Combined TRACON& Tower with Radar,103,23,20,8,154,0,8,24,3,35,103,31,44,11,189,6,0,6,195
02/10/2020,ELP,TX,ASW,CE,Combined TRACON& Tower with Radar,105,37,31,10,183,0,4,21,8,33,105,41,52,18,216,18,0,18,234
02/11/2020,ELP,TX,ASW,CE,Combined TRACON& Tower with Radar,110,29,19,13,171,0,0,6,1,7,110,29,25,14,178,0,0,0,178
02/12/2020,ELP,TX,ASW,CE,Combined TRACON& Tower with Radar,109,37,25,24,195,0,12,19,23,54,109,49,44,47,249,20,38,58,307
02/13/2020,ELP,TX,ASW,CE,Combined TRACON& Tower with Radar,110,43,21,11,185,0,9,53,10,72,110,52,74,21,257,44,6,50,307
02/14/2020,ELP,TX,ASW,CE,Combined TRACON& Tower with Radar,109,39,27,10,185,0,8,47,7,62,109,47,74,17,247,14,0,14,261
02/15/2020,ELP,TX,ASW,CE,Combined TRACON& Tower with Radar,78,28,28,10,144,0,16,56,3,75,78,44,84,13,219,0,0,0,219
02/16/2020,ELP,TX,ASW,CE,Combined TRACON& Tower with Radar,98,24,23,0,145,0,15,44,3,62,98,39,67,3,207,0,0,0,207
02/17/2020,ELP,TX,ASW,CE,Combined TRACON& Tower with Radar,110,38,28,7,183,0,10,24,4,38,110,48,52,11,221,20,0,20,241
02/18/2020,ELP,TX,ASW,CE,Combined TRACON& Tower with Radar,115,53,20,31,219,0,18,33,12,63,115,71,53,43,282,0,0,0,282
02/19/2020,ELP,TX,ASW,CE,Combined TRACON& Tower with Radar,110,41,23,18,192,0,11,31,24,66,110,52,54,42,258,46,0,46,304
02/20/2020,ELP,TX,ASW,CE,Combined TRACON& Tower with Radar,112,39,14,18,183,0,4,21,24,49,112,43,35,42,232,0,38,38,270
02/21/2020,ELP,TX,ASW,CE,Combined TRACON& Tower with Radar,110,31,26,28,195,0,8,12,20,40,110,39,38,48,235,22,32,54,289
02/22/2020,ELP,TX,ASW,CE,Combined TRACON& Tower with Radar,76,37,21,5,139,0,18,40,5,63,76,55,61,10,202,26,0,26,228
02/23/2020,ELP,TX,ASW,CE,Combined TRACON& Tower with Radar,101,29,17,11,158,0,10,16,0,26,101,39,33,11,184,0,0,0,184
02/24/2020,ELP,TX,ASW,CE,Combined TRACON& Tower with Radar,110,39,48,22,219,0,11,61,13,85,110,50,109,35,304,0,0,0,304
02/25/2020,ELP,TX,ASW,CE,Combined TRACON& Tower with Radar,113,29,31,18,191,0,4,33,16,53,113,33,64,34,244,0,0,0,244
02/26/2020,ELP,TX,ASW,CE,Combined TRACON& Tower with Radar,110,35,36,22,203,0,17,50,19,86,110,52,86,41,289,48,0,48,337
02/27/2020,ELP,TX,ASW,CE,Combined TRACON& Tower with Radar,122,42,27,12,203,0,10,44,14,68,122,52,71,26,271,14,12,26,297
02/28/2020,ELP,TX,ASW,CE,Combined TRACON& Tower with Radar,109,28,13,27,177,0,19,39,7,65,109,47,52,34,242,34,10,44,286
02/29/2020,ELP,TX,ASW,CE,Combined TRACON& Tower with Radar,79,25,15,2,121,1,13,41,5,60,80,38,56,7,181,24,0,24,205
03/01/2020,ELP,TX,ASW,CE,Combined TRACON& Tower with Radar,106,29,15,18,168,0,11,27,5,43,106,40,42,23,211,0,0,0,211
03/02/2020,ELP,TX,ASW,CE,Combined TRACON& Tower with Radar,108,20,8,10,146,0,5,33,13,51,108,25,41,23,197,0,0,0,197
03/03/2020,ELP,TX,ASW,CE,Combined TRACON& Tower with Radar,117,36,17,3,173,0,0,11,0,11,117,36,28,3,184,52,0,52,236
03/04/2020,ELP,TX,ASW,CE,Combined TRACON& Tower with Radar,106,37,22,12,177,1,15,22,10,48,107,52,44,22,225,0,20,20,245
03/05/2020,ELP,TX,ASW,CE,Combined TRACON& Tower with Radar,114,36,31,23,204,0,13,47,20,80,114,49,78,43,284,26,14,40,324
03/06/2020,ELP,TX,ASW,CE,Combined TRACON& Tower with Radar,108,28,12,25,173,1,12,28,12,53,109,40,40,37,226,68,0,68,294
03/07/2020,ELP,TX,ASW,CE,Combined TRACON& Tower with Radar,92,25,12,6,135,0,8,56,0,64,92,33,68,6,199,20,0,20,219
03/08/2020,ELP,TX,ASW,CE,Combined TRACON& Tower with Radar,102,28,22,5,157,0,1,7,0,8,102,29,29,5,165,0,0,0,165
03/09/2020,ELP,TX,ASW,CE,Combined TRACON& Tower with Radar,114,29,15,18,176,0,13,31,11,55,114,42,46,29,231,8,24,32,263
03/10/2020,ELP,TX,ASW,CE,Combined TRACON& Tower with Radar,123,25,27,10,185,0,12,31,20,63,123,37,58,30,248,12,0,12,260
03/11/2020,ELP,TX,ASW,CE,Combined TRACON& Tower with Radar,109,28,20,6,163,0,16,30,10,56,109,44,50,16,219,17,40,57,276
03/12/2020,ELP,TX,ASW,CE,Combined TRACON& Tower with Radar,111,46,15,16,188,0,3,24,11,38,111,49,39,27,226,16,8,24,250
03/13/2020,ELP,TX,ASW,CE,Combined TRACON& Tower with Radar,104,43,13,6,166,0,4,5,1,10,104,47,18,7,176,0,0,0,176
03/14/2020,ELP,TX,ASW,CE,Combined TRACON& Tower with Radar,84,44,21,2,151,0,13,39,0,52,84,57,60,2,203,38,0,38,241
03/15/2020,ELP,TX,ASW,CE,Combined TRACON& Tower with Radar,95,35,21,2,153,0,14,40,1,55,95,49,61,3,208,0,0,0,208
03/16/2020,ELP,TX,ASW,CE,Combined TRACON& Tower with Radar,109,36,31,5,181,0,7,47,24,78,109,43,78,29,259,10,0,10,269
03/17/2020,ELP,TX,ASW,CE,Combined TRACON& Tower with Radar,121,39,32,11,203,0,7,25,13,45,121,46,57,24,248,2,22,24,272
03/18/2020,ELP,TX,ASW,CE,Combined TRACON& Tower with Radar,116,37,27,14,194,0,3,28,21,52,116,40,55,35,246,8,54,62,308
03/19/2020,ELP,TX,ASW,CE,Combined TRACON& Tower with Radar,107,27,14,6,154,0,9,33,11,53,107,36,47,17,207,6,0,6,213
03/20/2020,ELP,TX,ASW,CE,Combined TRACON& Tower with Radar,96,36,28,14,174,0,10,81,15,106,96,46,109,29,280,0,8,8,288
03/21/2020,ELP,TX,ASW,CE,Combined TRACON& Tower with Radar,74,21,29,5,129,0,9,72,11,92,74,30,101,16,221,0,0,0,221
03/22/2020,ELP,TX,ASW,CE,Combined TRACON& Tower with Radar,84,21,27,1,133,0,7,44,5,56,84,28,71,6,189,4,0,4,193
03/23/2020,ELP,TX,ASW,CE,Combined TRACON& Tower with Radar,90,16,12,11,129,0,8,15,19,42,90,24,27,30,171,0,52,52,223
03/24/2020,ELP,TX,ASW,CE,Combined TRACON& Tower with Radar,100,18,14,15,147,0,12,22,23,57,100,30,36,38,204,16,0,16,220
03/25/2020,ELP,TX,ASW,CE,Combined TRACON& Tower with Radar,97,7,12,19,135,0,10,34,24,68,97,17,46,43,203,0,2,2,205
03/26/2020,ELP,TX,ASW,CE,Combined TRACON& Tower with Radar,86,13,10,16,125,0,10,33,17,60,86,23,43,33,185,0,56,56,241
03/27/2020,ELP,TX,ASW,CE,Combined TRACON& Tower with Radar,74,8,7,5,94,0,2,14,2,18,74,10,21,7,112,8,8,16,128
03/28/2020,ELP,TX,ASW,CE,Combined TRACON& Tower with Radar,57,9,10,4,80,0,6,34,8,48,57,15,44,12,128,0,0,0,128
03/29/2020,ELP,TX,ASW,CE,Combined TRACON& Tower with Radar,71,5,6,2,84,0,6,21,2,29,71,11,27,4,113,6,0,6,119
03/30/2020,ELP,TX,ASW,CE,Combined TRACON& Tower with Radar,61,5,8,10,84,0,7,18,12,37,61,12,26,22,121,0,0,0,121
03/31/2020,ELP,TX,ASW,CE,Combined TRACON& Tower with Radar,61,11,10,18,100,0,6,39,23,68,61,17,49,41,168,0,28,28,196
04/01/2020,ELP,TX,ASW,CE,Combined TRACON& Tower with Radar,68,12,9,4,93,0,7,35,15,57,68,19,44,19,150,10,34,44,194
04/02/2020,ELP,TX,ASW,CE,Combined TRACON& Tower with Radar,71,9,5,15,100,0,5,33,15,53,71,14,38,30,153,0,38,38,191
04/03/2020,ELP,TX,ASW,CE,Combined TRACON& Tower with Radar,58,15,7,7,87,0,4,48,11,63,58,19,55,18,150,0,26,26,176
04/04/2020,ELP,TX,ASW,CE,Combined TRACON& Tower with Radar,56,8,6,2,72,0,7,29,4,40,56,15,35,6,112,0,0,0,112
04/05/2020,ELP,TX,ASW,CE,Combined TRACON& Tower with Radar,44,5,4,3,56,0,4,29,4,37,44,9,33,7,93,14,0,14,107
04/06/2020,ELP,TX,ASW,CE,Combined TRACON& Tower with Radar,56,7,9,8,80,0,2,23,13,38,56,9,32,21,118,0,0,0,118
04/07/2020,ELP,TX,ASW,CE,Combined TRACON& Tower with Radar,67,12,1,21,101,0,6,36,21,63,67,18,37,42,164,8,38,46,210
04/08/2020,ELP,TX,ASW,CE,Combined TRACON& Tower with Radar,67,5,15,16,103,0,10,39,23,72,67,15,54,39,175,10,20,30,205
04/09/2020,ELP,TX,ASW,CE,Combined TRACON& Tower with Radar,56,20,4,15,95,0,6,29,14,49,56,26,33,29,144,0,31,31,175
04/10/2020,ELP,TX,ASW,CE,Combined TRACON& Tower with Radar,48,7,13,14,82,0,9,33,3,45,48,16,46,17,127,30,0,30,157
04/11/2020,ELP,TX,ASW,CE,Combined TRACON& Tower with Radar,38,10,6,3,57,0,6,39,1,46,38,16,45,4,103,8,0,8,111
04/12/2020,ELP,TX,ASW,CE,Combined TRACON& Tower with Radar,42,8,2,0,52,0,2,15,0,17,42,10,17,0,69,0,0,0,69
04/13/2020,ELP,TX,ASW,CE,Combined TRACON& Tower with Radar,52,7,7,0,66,0,6,20,8,34,52,13,27,8,100,4,44,48,148
04/14/2020,ELP,TX,ASW,CE,Combined TRACON& Tower with Radar,47,10,22,6,85,0,12,31,21,64,47,22,53,27,149,36,58,94,243
04/15/2020,ELP,TX,ASW,CE,Combined TRACON& Tower with Radar,50,7,8,15,80,0,16,41,23,80,50,23,49,38,160,0,12,12,172
04/16/2020,ELP,TX,ASW,CE,Combined TRACON& Tower with Radar,44,6,6,17,73,0,12,33,28,73,44,18,39,45,146,28,52,80,226
04/17/2020,ELP,TX,ASW,CE,Combined TRACON& Tower with Radar,46,9,9,9,73,0,5,34,22,61,46,14,43,31,134,38,0,38,172
04/18/2020,ELP,TX,ASW,CE,Combined TRACON& Tower with Radar,31,10,1,18,60,0,2,20,2,24,31,12,21,20,84,0,0,0,84
04/19/2020,ELP,TX,ASW,CE,Combined TRACON& Tower with Radar,35,5,5,2,47,0,7,17,2,26,35,12,22,4,73,0,0,0,73
04/20/2020,ELP,TX,ASW,CE,Combined TRACON& Tower with Radar,32,8,10,33,83,0,11,24,34,69,32,19,34,67,152,22,34,56,208
04/21/2020,ELP,TX,ASW,CE,Combined TRACON& Tower with Radar,51,10,10,29,100,0,7,23,18,48,51,17,33,47,148,0,20,20,168
04/22/2020,ELP,TX,ASW,CE,Combined TRACON& Tower with Radar,47,5,7,27,86,0,11,35,14,60,47,16,42,41,146,0,4,4,150
04/23/2020,ELP,TX,ASW,CE,Combined TRACON& Tower with Radar,49,9,8,21,87,1,12,36,15,64,50,21,44,36,151,0,10,10,161
04/24/2020,ELP,TX,ASW,CE,Combined TRACON& Tower with Radar,46,19,16,25,106,0,13,39,17,69,46,32,55,42,175,0,26,26,201
04/25/2020,ELP,TX,ASW,CE,Combined TRACON& Tower with Radar,19,13,2,2,36,0,6,36,1,43,19,19,38,3,79,0,0,0,79
04/26/2020,ELP,TX,ASW,CE,Combined TRACON& Tower with Radar,33,11,9,5,58,0,8,25,0,33,33,19,34,5,91,0,0,0,91
04/27/2020,ELP,TX,ASW,CE,Combined TRACON& Tower with Radar,36,15,6,28,85,0,6,19,45,70,36,21,25,73,155,0,52,52,207
04/28/2020,ELP,TX,ASW,CE,Combined TRACON& Tower with Radar,47,8,5,27,87,0,8,13,25,46,47,16,18,52,133,0,31,31,164
04/29/2020,ELP,TX,ASW,CE,Combined TRACON& Tower with Radar,45,3,7,20,75,0,6,21,37,64,45,9,28,57,139,0,58,58,197
04/30/2020,ELP,TX,ASW,CE,Combined TRACON& Tower with Radar,52,7,10,25,94,0,7,29,20,56,52,14,39,45,150,6,0,6,156
05/01/2020,ELP,TX,ASW,CE,Combined TRACON& Tower with Radar,38,6,9,16,69,0,11,36,26,73,38,17,45,42,142,0,78,78,220
05/02/2020,ELP,TX,ASW,CE,Combined TRACON& Tower with Radar,25,5,2,0,32,0,14,19,1,34,25,19,21,1,66,6,0,6,72
05/03/2020,ELP,TX,ASW,CE,Combined TRACON& Tower with Radar,28,9,6,0,43,0,5,24,0,29,28,14,30,0,72,16,0,16,88
05/04/2020,ELP,TX,ASW,CE,Combined TRACON& Tower with Radar,40,5,6,17,68,0,7,19,13,39,40,12,25,30,107,10,16,26,133
05/05/2020,ELP,TX,ASW,CE,Combined TRACON& Tower with Radar,46,5,11,18,80,1,9,17,26,53,47,14,28,44,133,12,0,12,145
05/06/2020,ELP,TX,ASW,CE,Combined TRACON& Tower with Radar,55,14,14,31,114,0,7,24,23,54,55,21,38,54,168,30,92,122,290
05/07/2020,ELP,TX,ASW,CE,Combined TRACON& Tower with Radar,50,10,8,32,100,0,10,26,32,68,50,20,34,64,168,26,22,48,216
05/08/2020,ELP,TX,ASW,CE,Combined TRACON& Tower with Radar,43,15,10,22,90,0,6,34,13,53,43,21,44,35,143,20,0,20,163
05/09/2020,ELP,TX,ASW,CE,Combined TRACON& Tower with Radar,34,3,7,8,52,0,6,67,5,78,34,9,74,13,130,76,0,76,206
05/10/2020,ELP,TX,ASW,CE,Combined TRACON& Tower with Radar,29,9,10,2,50,0,2,15,0,17,29,11,25,2,67,0,0,0,67
05/11/2020,ELP,TX,ASW,CE,Combined TRACON& Tower with Radar,41,12,20,17,90,0,5,16,35,56,41,17,36,52,146,0,30,30,176
05/12/2020,ELP,TX,ASW,CE,Combined TRACON& Tower with Radar,54,14,20,40,128,5,13,48,30,96,59,27,68,70,224,12,60,72,296
05/13/2020,ELP,TX,ASW,CE,Combined TRACON& Tower with Radar,50,14,12,25,101,1,13,45,21,80,51,27,57,46,181,34,22,56,237
05/14/2020,ELP,TX,ASW,CE,Combined TRACON& Tower with Radar,54,13,12,23,102,0,7,33,32,72,54,20,45,55,174,8,34,42,216
05/15/2020,ELP,TX,ASW,CE,Combined TRACON& Tower with Radar,40,9,13,22,84,0,11,37,24,72,40,20,50,46,156,16,40,56,212
05/16/2020,ELP,TX,ASW,CE,Combined TRACON& Tower with Radar,31,14,6,12,63,0,3,31,3,37,31,17,37,15,100,4,4,8,108
05/17/2020,ELP,TX,ASW,CE,Combined TRACON& Tower with Radar,42,10,12,0,64,0,3,31,2,36,42,13,43,2,100,10,0,10,110
05/18/2020,ELP,TX,ASW,CE,Combined TRACON& Tower with Radar,42,6,14,30,92,0,16,27,59,102,42,22,41,89,194,10,28,38,232
05/19/2020,ELP,TX,ASW,CE,Combined TRACON& Tower with Radar,52,16,8,30,106,0,12,27,20,59,52,28,35,50,165,0,12,12,177
05/20/2020,ELP,TX,ASW,CE,Combined TRACON& Tower with Radar,51,12,9,21,93,0,9,22,21,52,51,21,31,42,145,0,40,40,185
05/21/2020,ELP,TX,ASW,CE,Combined TRACON& Tower with Radar,60,9,21,17,107,0,7,29,14,50,60,16,50,31,157,0,0,0,157
05/22/2020,ELP,TX,ASW,CE,Combined TRACON& Tower with Radar,45,19,13,14,91,0,11,28,14,53,45,30,41,28,144,0,0,0,144
05/23/2020,ELP,TX,ASW,CE,Combined TRACON& Tower with Radar,31,9,18,1,59,0,4,36,1,41,31,13,54,2,100,0,0,0,100
05/24/2020,ELP,TX,ASW,CE,Combined TRACON& Tower with Radar,39,5,11,2,57,0,6,35,0,41,39,11,46,2,98,0,0,0,98
05/25/2020,ELP,TX,ASW,CE,Combined TRACON& Tower with Radar,43,16,11,1,71,0,7,31,1,39,43,23,42,2,110,16,0,16,126
05/26/2020,ELP,TX,ASW,CE,Combined TRACON& Tower with Radar,40,16,27,51,134,0,6,35,31,72,40,22,62,82,206,24,130,154,360
05/27/2020,ELP,TX,ASW,CE,Combined TRACON& Tower with Radar,57,15,10,15,97,0,11,41,46,98,57,26,51,61,195,18,100,118,313
05/28/2020,ELP,TX,ASW,CE,Combined TRACON& Tower with Radar,58,17,11,30,116,0,14,31,22,67,58,31,42,52,183,4,16,20,203
05/29/2020,ELP,TX,ASW,CE,Combined TRACON& Tower with Radar,42,16,25,16,99,0,5,34,26,65,42,21,59,42,164,0,24,24,188
05/30/2020,ELP,TX,ASW,CE,Combined TRACON& Tower with Radar,32,11,6,4,53,0,7,28,3,38,32,18,34,7,91,2,0,2,93
05/31/2020,ELP,TX,ASW,CE,Combined TRACON& Tower with Radar,55,10,17,14,96,0,2,32,0,34,55,12,49,14,130,8,0,8,138
06/01/2020,ELP,TX,ASW,CE,Combined TRACON& Tower with Radar,48,15,10,35,108,0,5,24,28,57,48,20,34,63,165,18,40,58,223
06/02/2020,ELP,TX,ASW,CE,Combined TRACON& Tower with Radar,50,23,9,43,125,0,12,36,18,66,50,35,45,61,191,10,0,10,201
06/03/2020,ELP,TX,ASW,CE,Combined TRACON& Tower with Radar,55,21,18,18,112,0,6,32,18,56,55,27,50,36,168,28,16,44,212
06/04/2020,ELP,TX,ASW,CE,Combined TRACON& Tower with Radar,63,22,25,23,133,0,10,41,13,64,63,32,66,36,197,0,22,22,219
06/05/2020,ELP,TX,ASW,CE,Combined TRACON& Tower with Radar,51,20,7,10,88,0,10,36,17,63,51,30,43,27,151,0,0,0,151
06/06/2020,ELP,TX,ASW,CE,Combined TRACON& Tower with Radar,36,18,14,6,74,0,7,29,1,37,36,25,43,7,111,0,0,0,111
06/07/2020,ELP,TX,ASW,CE,Combined TRACON& Tower with Radar,48,6,6,4,64,0,4,26,0,30,48,10,32,4,94,0,0,0,94
06/08/2020,ELP,TX,ASW,CE,Combined TRACON& Tower with Radar,46,10,14,23,93,0,16,29,15,60,46,26,43,38,153,0,0,0,153
06/09/2020,ELP,TX,ASW,CE,Combined TRACON& Tower with Radar,63,19,9,28,119,0,7,34,10,51,63,26,43,38,170,12,0,12,182
06/10/2020,ELP,TX,ASW,CE,Combined TRACON& Tower with Radar,58,26,14,28,126,0,16,51,15,82,58,42,65,43,208,10,22,32,240
06/11/2020,ELP,TX,ASW,CE,Combined TRACON& Tower with Radar,67,39,17,12,135,0,16,22,4,42,67,55,39,16,177,12,0,12,189
06/12/2020,ELP,TX,ASW,CE,Combined TRACON& Tower with Radar,48,25,29,19,121,0,2,41,19,62,48,27,70,38,183,6,4,10,193
06/13/2020,ELP,TX,ASW,CE,Combined TRACON& Tower with Radar,41,8,8,3,60,0,0,41,0,41,41,8,49,3,101,22,0,22,123
06/14/2020,ELP,TX,ASW,CE,Combined TRACON& Tower with Radar,48,11,14,0,73,0,6,17,1,24,48,17,31,1,97,0,0,0,97
06/15/2020,ELP,TX,ASW,CE,Combined TRACON& Tower with Radar,54,18,15,6,93,0,8,23,1,32,54,26,38,7,125,30,0,30,155
06/16/2020,ELP,TX,ASW,CE,Combined TRACON& Tower with Radar,64,25,8,33,130,0,5,30,18,53,64,30,38,51,183,8,0,8,191
06/17/2020,ELP,TX,ASW,CE,Combined TRACON& Tower with Radar,58,12,22,25,117,0,10,33,12,55,58,22,55,37,172,12,28,40,212
06/18/2020,ELP,TX,ASW,CE,Combined TRACON& Tower with Radar,70,16,7,20,113,0,16,38,31,85,70,32,45,51,198,0,42,42,240
06/19/2020,ELP,TX,ASW,CE,Combined TRACON& Tower with Radar,52,26,23,27,128,0,17,33,21,71,52,43,56,48,199,52,90,142,341
06/20/2020,ELP,TX,ASW,CE,Combined TRACON& Tower with Radar,43,11,10,7,71,0,9,41,5,55,43,20,51,12,126,0,0,0,126
06/21/2020,ELP,TX,ASW,CE,Combined TRACON& Tower with Radar,63,10,3,1,77,0,10,24,1,35,63,20,27,2,112,0,0,0,112
06/22/2020,ELP,TX,ASW,CE,Combined TRACON& Tower with Radar,53,17,6,34,110,0,10,24,11,45,53,27,30,45,155,0,0,0,155
06/23/2020,ELP,TX,ASW,CE,Combined TRACON& Tower with Radar,65,23,11,14,113,0,15,30,22,67,65,38,41,36,180,0,0,0,180
06/24/2020,ELP,TX,ASW,CE,Combined TRACON& Tower with Radar,59,24,15,20,118,0,8,39,7,54,59,32,54,27,172,4,0,4,176
06/25/2020,ELP,TX,ASW,CE,Combined TRACON& Tower with Radar,73,23,15,38,149,0,8,42,10,60,73,31,57,48,209,8,26,34,243
06/26/2020,ELP,TX,ASW,CE,Combined TRACON& Tower with Radar,57,19,25,34,135,0,17,39,12,68,57,36,64,46,203,14,8,22,225
06/27/2020,ELP,TX,ASW,CE,Combined TRACON& Tower with Radar,40,13,15,4,72,0,10,48,1,59,40,23,63,5,131,6,0,6,137
06/28/2020,ELP,TX,ASW,CE,Combined TRACON& Tower with Radar,53,16,8,0,77,0,5,12,1,18,53,21,20,1,95,0,0,0,95
06/29/2020,ELP,TX,ASW,CE,Combined TRACON& Tower with Radar,53,15,9,24,101,0,8,26,6,40,53,23,35,30,141,0,0,0,141
06/30/2020,ELP,TX,ASW,CE,Combined TRACON& Tower with Radar,70,33,25,32,160,0,9,21,34,64,70,42,46,66,224,10,34,44,268
07/01/2020,ELP,TX,ASW,CE,Combined TRACON& Tower with Radar,63,22,22,8,115,0,11,39,5,55,63,33,61,13,170,20,10,30,200
07/02/2020,ELP,TX,ASW,CE,Combined TRACON& Tower with Radar,71,16,31,0,118,0,7,45,1,53,71,23,76,1,171,26,0,26,197
07/03/2020,ELP,TX,ASW,CE,Combined TRACON& Tower with Radar,61,12,16,0,89,0,10,41,2,53,61,22,57,2,142,0,0,0,142
07/04/2020,ELP,TX,ASW,CE,Combined TRACON& Tower with Radar,45,4,6,4,59,0,4,20,0,24,45,8,26,4,83,0,0,0,83
07/05/2020,ELP,TX,ASW,CE,Combined TRACON& Tower with Radar,58,3,12,0,73,0,3,26,0,29,58,6,38,0,102,0,0,0,102
07/06/2020,ELP,TX,ASW,CE,Combined TRACON& Tower with Radar,56,23,15,3,97,0,10,24,1,35,56,33,39,4,132,10,0,10,142
07/07/2020,ELP,TX,ASW,CE,Combined TRACON& Tower with Radar,70,15,14,13,112,0,7,35,11,53,70,22,49,24,165,0,0,0,165
07/08/2020,ELP,TX,ASW,CE,Combined TRACON& Tower with Radar,71,30,21,25,147,0,11,29,16,56,71,41,50,41,203,26,0,26,229
07/09/2020,ELP,TX,ASW,CE,Combined TRACON& Tower with Radar,70,21,9,19,119,0,10,28,9,47,70,31,37,28,166,40,0,40,206
07/10/2020,ELP,TX,ASW,CE,Combined TRACON& Tower with Radar,59,9,13,17,98,0,9,33,21,63,59,18,46,38,161,0,18,18,179
07/11/2020,ELP,TX,ASW,CE,Combined TRACON& Tower with Radar,51,12,15,2,80,0,1,46,0,47,51,13,61,2,127,0,0,0,127
07/12/2020,ELP,TX,ASW,CE,Combined TRACON& Tower with Radar,54,14,12,2,82,0,2,29,0,31,54,16,41,2,113,0,0,0,113
07/13/2020,ELP,TX,ASW,CE,Combined TRACON& Tower with Radar,68,19,19,11,117,0,4,24,7,35,68,23,43,18,152,26,0,26,178
07/14/2020,ELP,TX,ASW,CE,Combined TRACON& Tower with Radar,64,16,9,17,106,0,8,30,17,55,64,24,39,34,161,8,0,8,169
07/15/2020,ELP,TX,ASW,CE,Combined TRACON& Tower with Radar,68,23,20,12,123,0,5,33,5,43,68,28,53,17,166,12,0,12,178
07/16/2020,ELP,TX,ASW,CE,Combined TRACON& Tower with Radar,78,20,9,26,133,0,7,50,8,65,78,27,59,34,198,0,0,0,198
07/17/2020,ELP,TX,ASW,CE,Combined TRACON& Tower with Radar,67,25,10,23,125,0,7,46,6,59,67,32,56,29,184,0,0,0,184
07/18/2020,ELP,TX,ASW,CE,Combined TRACON& Tower with Radar,54,18,16,7,95,0,3,32,5,40,54,21,48,12,135,0,0,0,135
07/19/2020,ELP,TX,ASW,CE,Combined TRACON& Tower with Radar,60,9,13,3,85,0,4,26,2,32,60,13,39,5,117,0,0,0,117
07/20/2020,ELP,TX,ASW,CE,Combined TRACON& Tower with Radar,68,30,17,16,131,0,3,26,11,40,68,33,43,27,171,0,0,0,171
07/21/2020,ELP,TX,ASW,CE,Combined TRACON& Tower with Radar,69,19,23,21,132,0,5,28,16,49,69,24,51,37,181,0,30,30,211
07/22/2020,ELP,TX,ASW,CE,Combined TRACON& Tower with Radar,62,18,18,16,114,0,8,44,20,72,62,26,62,36,186,34,16,50,236
07/23/2020,ELP,TX,ASW,CE,Combined TRACON& Tower with Radar,76,13,18,26,133,0,8,50,17,75,76,21,68,43,208,0,0,0,208
07/24/2020,ELP,TX,ASW,CE,Combined TRACON& Tower with Radar,66,14,13,11,104,0,5,34,8,47,66,19,47,19,151,44,8,52,203
07/25/2020,ELP,TX,ASW,CE,Combined TRACON& Tower with Radar,58,10,5,3,76,0,0,28,0,28,58,10,33,3,104,18,0,18,122
07/26/2020,ELP,TX,ASW,CE,Combined TRACON& Tower with Radar,55,10,16,2,83,0,1,35,0,36,55,11,51,2,119,10,0,10,129
07/27/2020,ELP,TX,ASW,CE,Combined TRACON& Tower with Radar,63,13,15,14,105,0,6,39,7,52,63,19,54,21,157,6,0,6,163
07/28/2020,ELP,TX,ASW,CE,Combined TRACON& Tower with Radar,60,17,24,36,137,0,13,32,12,57,60,30,56,48,194,6,0,6,200
07/29/2020,ELP,TX,ASW,CE,Combined TRACON& Tower with Radar,66,16,25,12,119,0,13,58,11,82,66,29,83,23,201,0,40,40,241
07/30/2020,ELP,TX,ASW,CE,Combined TRACON& Tower with Radar,66,18,40,18,142,0,9,42,23,74,66,27,82,41,216,16,0,16,232
07/31/2020,ELP,TX,ASW,CE,Combined TRACON& Tower with Radar,63,28,16,17,124,0,7,46,6,59,63,35,62,23,183,0,0,0,183
08/01/2020,ELP,TX,ASW,CE,Combined TRACON& Tower with Radar,57,20,17,6,100,0,3,21,0,24,57,23,38,6,124,0,0,0,124
08/02/2020,ELP,TX,ASW,CE,Combined TRACON& Tower with Radar,62,11,21,2,96,0,6,37,1,44,62,17,58,3,140,0,0,0,140
08/03/2020,ELP,TX,ASW,CE,Combined TRACON& Tower with Radar,74,22,27,28,151,0,8,32,12,52,74,30,59,40,203,0,0,0,203
08/04/2020,ELP,TX,ASW,CE,Combined TRACON& Tower with Radar,72,30,17,12,131,0,7,39,14,60,72,37,56,26,191,68,10,78,269
08/05/2020,ELP,TX,ASW,CE,Combined TRACON& Tower with Radar,68,23,26,9,126,0,6,39,11,56,68,29,65,20,182,16,18,34,216
08/06/2020,ELP,TX,ASW,CE,Combined TRACON& Tower with Radar,76,27,15,21,139,0,8,46,30,84,76,35,61,51,223,36,50,86,309
08/07/2020,ELP,TX,ASW,CE,Combined TRACON& Tower with Radar,63,35,19,13,130,0,3,39,6,48,63,38,58,19,178,38,0,38,216
08/08/2020,ELP,TX,ASW,CE,Combined TRACON& Tower with Radar,49,17,15,6,87,0,4,38,0,42,49,21,53,6,129,0,0,0,129
08/09/2020,ELP,TX,ASW,CE,Combined TRACON& Tower with Radar,64,10,24,4,102,0,0,28,0,28,64,10,52,4,130,4,0,4,134
08/10/2020,ELP,TX,ASW,CE,Combined TRACON& Tower with Radar,75,35,18,42,170,0,7,28,19,54,75,42,46,61,224,0,0,0,224
08/11/2020,ELP,TX,ASW,CE,Combined TRACON& Tower with Radar,87,32,14,19,152,0,8,43,2,53,87,40,57,21,205,8,0,8,213
08/12/2020,ELP,TX,ASW,CE,Combined TRACON& Tower with Radar,87,31,20,12,150,4,10,80,8,102,91,41,100,20,252,6,44,50,302
08/13/2020,ELP,TX,ASW,CE,Combined TRACON& Tower with Radar,96,34,33,25,188,0,7,38,18,63,96,41,71,43,251,18,10,28,279
08/14/2020,ELP,TX,ASW,CE,Combined TRACON& Tower with Radar,81,29,18,18,146,0,7,68,11,86,81,36,86,29,232,0,0,0,232
08/15/2020,ELP,TX,ASW,CE,Combined TRACON& Tower with Radar,71,32,21,4,128,3,4,41,4,52,74,36,62,8,180,0,0,0,180
08/16/2020,ELP,TX,ASW,CE,Combined TRACON& Tower with Radar,81,29,17,3,130,0,1,33,3,37,81,30,50,6,167,0,0,0,167
08/17/2020,ELP,TX,ASW,CE,Combined TRACON& Tower with Radar,89,26,13,8,136,0,5,22,4,31,89,31,35,12,167,14,0,14,181
08/18/2020,ELP,TX,ASW,CE,Combined TRACON& Tower with Radar,89,35,16,46,186,1,8,47,12,68,90,43,63,58,254,20,20,40,294
08/19/2020,ELP,TX,ASW,CE,Combined TRACON& Tower with Radar,89,33,17,22,161,0,15,52,20,87,89,48,69,42,248,92,0,92,340
08/20/2020,ELP,TX,ASW,CE,Combined TRACON& Tower with Radar,91,42,22,18,173,0,8,40,27,75,91,50,62,45,248,56,26,82,330
08/21/2020,ELP,TX,ASW,CE,Combined TRACON& Tower with Radar,87,19,15,19,140,4,8,44,7,63,91,27,59,26,203,24,16,40,243
08/22/2020,ELP,TX,ASW,CE,Combined TRACON& Tower with Radar,72,11,9,31,123,0,5,39,9,53,72,16,48,40,176,20,0,20,196
08/23/2020,ELP,TX,ASW,CE,Combined TRACON& Tower with Radar,82,12,15,0,109,0,0,36,6,42,82,12,51,6,151,32,0,32,183
08/24/2020,ELP,TX,ASW,CE,Combined TRACON& Tower with Radar,91,20,15,16,142,0,12,31,16,59,91,32,46,32,201,4,0,4,205
08/25/2020,ELP,TX,ASW,CE,Combined TRACON& Tower with Radar,100,30,34,30,194,0,9,45,25,79,100,39,79,55,273,0,90,90,363
08/26/2020,ELP,TX,ASW,CE,Combined TRACON& Tower with Radar,83,28,14,33,158,1,13,41,17,72,84,41,55,50,230,14,0,14,244
08/27/2020,ELP,TX,ASW,CE,Combined TRACON& Tower with Radar,97,28,16,21,162,0,8,44,13,65,97,36,60,34,227,12,0,12,239
08/28/2020,ELP,TX,ASW,CE,Combined TRACON& Tower with Radar,84,29,26,22,161,0,15,47,25,87,84,44,73,47,248,12,24,36,284
08/29/2020,ELP,TX,ASW,CE,Combined TRACON& Tower with Radar,68,16,13,1,98,0,5,37,7,49,68,21,50,8,147,0,0,0,147
08/30/2020,ELP,TX,ASW,CE,Combined TRACON& Tower with Radar,76,10,18,13,117,0,3,27,5,35,76,13,45,18,152,50,20,70,222
08/31/2020,ELP,TX,ASW,CE,Combined TRACON& Tower with Radar,84,19,15,13,131,0,7,38,43,88,84,26,53,56,219,20,0,20,239
09/01/2020,ELP,TX,ASW,CE,Combined TRACON& Tower with Radar,93,36,20,24,173,0,5,33,12,50,93,41,53,36,223,0,0,0,223
09/02/2020,ELP,TX,ASW,CE,Combined TRACON& Tower with Radar,81,32,24,16,153,0,11,65,26,102,81,43,89,42,255,46,32,78,333
09/03/2020,ELP,TX,ASW,CE,Combined TRACON& Tower with Radar,82,40,24,23,169,0,15,61,7,83,82,55,85,30,252,58,0,58,310
09/04/2020,ELP,TX,ASW,CE,Combined TRACON& Tower with Radar,80,34,37,20,171,0,11,61,29,101,80,45,98,49,272,44,24,68,340
09/05/2020,ELP,TX,ASW,CE,Combined TRACON& Tower with Radar,62,22,10,1,95,0,6,42,4,52,62,28,52,5,147,56,0,56,203
09/06/2020,ELP,TX,ASW,CE,Combined TRACON& Tower with Radar,46,13,13,3,75,0,10,36,1,47,46,23,49,4,122,14,0,14,136
09/07/2020,ELP,TX,ASW,CE,Combined TRACON& Tower with Radar,62,21,12,2,97,0,7,24,2,33,62,28,36,4,130,46,0,46,176
09/08/2020,ELP,TX,ASW,CE,Combined TRACON& Tower with Radar,58,21,23,11,113,0,9,18,2,29,58,30,41,13,142,0,0,0,142
09/09/2020,ELP,TX,ASW,CE,Combined TRACON& Tower with Radar,68,37,20,18,143,0,2,11,38,51,68,39,31,56,194,0,26,26,220
09/10/2020,ELP,TX,ASW,CE,Combined TRACON& Tower with Radar,74,28,42,23,167,0,5,25,37,67,74,33,67,60,234,20,102,122,356
09/11/2020,ELP,TX,ASW,CE,Combined TRACON& Tower with Radar,70,29,24,23,146,0,11,51,18,80,70,40,75,41,226,20,4,24,250
09/12/2020,ELP,TX,ASW,CE,Combined TRACON& Tower with Radar,60,16,8,19,103,0,6,45,5,56,60,22,53,24,159,14,0,14,173
09/13/2020,ELP,TX,ASW,CE,Combined TRACON& Tower with Radar,65,17,13,5,100,0,8,30,12,50,65,25,43,17,150,0,0,0,150
09/14/2020,ELP,TX,ASW,CE,Combined TRACON& Tower with Radar,64,23,16,31,134,0,7,28,25,60,64,30,44,56,194,0,40,40,234
09/15/2020,ELP,TX,ASW,CE,Combined TRACON& Tower with Radar,69,24,14,15,122,0,10,42,17,69,69,34,56,32,191,32,0,32,223
09/16/2020,ELP,TX,ASW,CE,Combined TRACON& Tower with Radar,76,24,15,9,124,0,9,48,5,62,76,33,63,14,186,0,38,38,224
09/17/2020,ELP,TX,ASW,CE,Combined TRACON& Tower with Radar,73,25,21,8,127,0,10,62,3,75,73,35,83,11,202,38,0,38,240
09/18/2020,ELP,TX,ASW,CE,Combined TRACON& Tower with Radar,66,25,37,32,160,2,9,57,7,75,68,34,94,39,235,56,56,112,347
09/19/2020,ELP,TX,ASW,CE,Combined TRACON& Tower with Radar,59,17,9,2,87,0,10,58,4,72,59,27,67,6,159,24,0,24,183
09/20/2020,ELP,TX,ASW,CE,Combined TRACON& Tower with Radar,57,26,19,10,112,0,3,60,1,64,57,29,79,11,176,32,0,32,208
09/21/2020,ELP,TX,ASW,CE,Combined TRACON& Tower with Radar,62,31,30,5,128,0,5,45,7,57,62,36,75,12,185,42,0,42,227
09/22/2020,ELP,TX,ASW,CE,Combined TRACON& Tower with Radar,66,46,23,1,136,0,6,48,8,62,66,52,71,9,198,30,0,30,228
09/23/2020,ELP,TX,ASW,CE,Combined TRACON& Tower with Radar,69,43,11,13,136,0,8,37,2,47,69,51,48,15,183,10,0,10,193
09/24/2020,ELP,TX,ASW,CE,Combined TRACON& Tower with Radar,77,33,26,10,146,0,15,49,2,66,77,48,75,12,212,10,0,10,222
09/25/2020,ELP,TX,ASW,CE,Combined TRACON& Tower with Radar,63,49,14,17,143,0,10,52,2,64,63,59,66,19,207,70,4,74,281
09/26/2020,ELP,TX,ASW,CE,Combined TRACON& Tower with Radar,56,30,7,4,97,0,2,28,2,32,56,32,35,6,129,48,0,48,177
09/27/2020,ELP,TX,ASW,CE,Combined TRACON& Tower with Radar,56,26,21,4,107,0,3,33,7,43,56,29,54,11,150,16,0,16,166
09/28/2020,ELP,TX,ASW,CE,Combined TRACON& Tower with Radar,64,28,18,5,115,0,10,22,8,40,64,38,40,13,155,12,0,12,167
09/29/2020,ELP,TX,ASW,CE,Combined TRACON& Tower with Radar,67,31,17,5,120,0,14,47,6,67,67,45,64,11,187,96,0,96,283
09/30/2020,ELP,TX,ASW,CE,Combined TRACON& Tower with Radar,68,35,16,4,123,0,10,51,5,66,68,45,67,9,189,30,0,30,219
10/01/2020,ELP,TX,ASW,CE,Combined TRACON& Tower with Radar,73,33,38,5,149,0,8,50,5,63,73,41,88,10,212,20,0,20,232
10/02/2020,ELP,TX,ASW,CE,Combined TRACON& Tower with Radar,64,35,22,55,176,0,10,40,8,58,64,45,62,63,234,24,0,24,258
10/03/2020,ELP,TX,ASW,CE,Combined TRACON& Tower with Radar,54,19,13,6,92,0,7,47,2,56,54,26,60,8,148,44,0,44,192
10/04/2020,ELP,TX,ASW,CE,Combined TRACON& Tower with Radar,56,30,10,0,96,0,6,45,1,52,56,36,55,1,148,14,0,14,162
10/05/2020,ELP,TX,ASW,CE,Combined TRACON& Tower with Radar,65,14,9,12,100,0,9,33,5,47,65,23,42,17,147,12,8,20,167
10/06/2020,ELP,TX,ASW,CE,Combined TRACON& Tower with Radar,69,28,23,14,134,0,7,35,11,53,69,35,58,25,187,10,36,46,233
10/07/2020,ELP,TX,ASW,CE,Combined TRACON& Tower with Radar,70,25,24,16,135,0,12,65,18,95,70,37,89,34,230,10,0,10,240
10/08/2020,ELP,TX,ASW,CE,Combined TRACON& Tower with Radar,80,34,44,7,165,0,9,45,7,61,80,43,89,14,226,0,0,0,226
10/09/2020,ELP,TX,ASW,CE,Combined TRACON& Tower with Radar,72,21,32,7,132,2,6,43,5,56,74,27,75,12,188,12,0,12,200
10/10/2020,ELP,TX,ASW,CE,Combined TRACON& Tower with Radar,57,16,30,1,104,1,9,47,1,58,58,25,77,2,162,0,0,0,162
10/11/2020,ELP,TX,ASW,CE,Combined TRACON& Tower with Radar,71,25,12,0,108,0,7,27,1,35,71,32,39,1,143,0,0,0,143
10/12/2020,ELP,TX,ASW,CE,Combined TRACON& Tower with Radar,67,23,37,7,134,0,7,44,3,54,67,30,81,10,188,14,0,14,202
10/13/2020,ELP,TX,ASW,CE,Combined TRACON& Tower with Radar,75,29,53,4,161,0,8,43,2,53,75,37,96,6,214,0,0,0,214
10/14/2020,ELP,TX,ASW,CE,Combined TRACON& Tower with Radar,70,31,22,14,137,0,16,52,8,76,70,47,74,22,213,40,0,40,253
10/15/2020,ELP,TX,ASW,CE,Combined TRACON& Tower with Radar,73,36,34,20,163,0,27,53,16,96,73,63,87,36,259,24,16,40,299
10/16/2020,ELP,TX,ASW,CE,Combined TRACON& Tower with Radar,70,35,55,14,174,0,14,48,8,70,70,49,103,22,244,20,18,38,282
10/17/2020,ELP,TX,ASW,CE,Combined TRACON& Tower with Radar,59,17,17,0,93,0,9,38,5,52,59,26,55,5,145,28,0,28,173
10/18/2020,ELP,TX,ASW,CE,Combined TRACON& Tower with Radar,69,21,16,12,118,0,14,32,2,48,69,35,48,14,166,0,0,0,166
10/19/2020,ELP,TX,ASW,CE,Combined TRACON& Tower with Radar,69,16,32,15,132,0,8,32,7,47,69,24,64,22,179,72,0,72,251
10/20/2020,ELP,TX,ASW,CE,Combined TRACON& Tower with Radar,75,32,33,21,161,0,21,55,16,92,75,53,88,37,253,20,46,66,319
10/21/2020,ELP,TX,ASW,CE,Combined TRACON& Tower with Radar,69,33,31,1,134,0,14,59,15,88,69,47,90,16,222,0,0,0,222
10/22/2020,ELP,TX,ASW,CE,Combined TRACON& Tower with Radar,75,30,27,34,166,0,11,65,19,95,75,41,92,53,261,44,0,44,305
10/23/2020,ELP,TX,ASW,CE,Combined TRACON& Tower with Radar,69,39,36,9,153,0,12,50,3,65,69,51,86,12,218,10,0,10,228
10/24/2020,ELP,TX,ASW,CE,Combined TRACON& Tower with Radar,61,11,17,1,90,0,12,46,2,60,61,23,63,3,150,0,4,4,154
10/25/2020,ELP,TX,ASW,CE,Combined TRACON& Tower with Radar,63,12,22,9,106,1,0,28,0,29,64,12,50,9,135,10,0,10,145
10/26/2020,ELP,TX,ASW,CE,Combined TRACON& Tower with Radar,69,30,32,11,142,0,4,26,3,33,69,34,58,14,175,0,0,0,175
10/27/2020,ELP,TX,ASW,CE,Combined TRACON& Tower with Radar,77,47,12,8,144,0,0,2,1,3,77,47,14,9,147,4,0,4,151
10/28/2020,ELP,TX,ASW,CE,Combined TRACON& Tower with Radar,69,41,23,14,147,0,13,43,8,64,69,54,66,22,211,10,0,10,221
10/29/2020,ELP,TX,ASW,CE,Combined TRACON& Tower with Radar,83,46,38,13,180,2,5,66,14,87,85,51,104,27,267,24,6,30,297
10/30/2020,ELP,TX,ASW,CE,Combined TRACON& Tower with Radar,75,35,20,27,157,0,12,61,15,88,75,47,81,42,245,0,0,0,245
10/31/2020,ELP,TX,ASW,CE,Combined TRACON& Tower with Radar,50,20,12,0,82,0,11,55,2,68,50,31,67,2,150,6,0,6,156
11/01/2020,ELP,TX,ASW,CE,Combined TRACON& Tower with Radar,60,24,14,11,109,0,9,29,2,40,60,33,43,13,149,0,0,0,149
11/02/2020,ELP,TX,ASW,CE,Combined TRACON& Tower with Radar,65,28,21,12,126,0,13,44,10,67,65,41,65,22,193,8,0,8,201
11/03/2020,ELP,TX,ASW,CE,Combined TRACON& Tower with Radar,76,42,21,7,146,0,18,41,7,66,76,60,62,14,212,8,0,8,220
11/04/2020,ELP,TX,ASW,CE,Combined TRACON& Tower with Radar,67,55,19,10,151,0,10,61,16,87,67,65,80,26,238,0,0,0,238
11/05/2020,ELP,TX,ASW,CE,Combined TRACON& Tower with Radar,81,49,18,5,153,0,19,59,6,84,81,68,77,11,237,16,0,16,253
11/06/2020,ELP,TX,ASW,CE,Combined TRACON& Tower with Radar,73,36,32,30,171,0,13,47,16,76,73,49,79,46,247,12,0,12,259
11/07/2020,ELP,TX,ASW,CE,Combined TRACON& Tower with Radar,59,33,14,8,114,0,1,30,6,37,59,34,44,14,151,0,0,0,151
11/08/2020,ELP,TX,ASW,CE,Combined TRACON& Tower with Radar,57,20,25,0,102,0,2,12,2,16,57,22,37,2,118,0,0,0,118
11/09/2020,ELP,TX,ASW,CE,Combined TRACON& Tower with Radar,62,45,17,3,127,0,5,24,12,41,62,50,41,15,168,0,0,0,168
11/10/2020,ELP,TX,ASW,CE,Combined TRACON& Tower with Radar,67,44,26,11,148,0,12,45,10,67,67,56,71,21,215,26,0,26,241
11/11/2020,ELP,TX,ASW,CE,Combined TRACON& Tower with Radar,71,51,28,3,153,0,8,51,3,62,71,59,79,6,215,0,0,0,215
11/12/2020,ELP,TX,ASW,CE,Combined TRACON& Tower with Radar,80,56,23,12,171,0,9,43,12,64,80,65,66,24,235,26,0,26,261
11/13/2020,ELP,TX,ASW,CE,Combined TRACON& Tower with Radar,70,59,24,60,213,0,8,42,8,58,70,67,66,68,271,6,16,22,293
11/14/2020,ELP,TX,ASW,CE,Combined TRACON& Tower with Radar,63,39,13,1,116,0,1,12,2,15,63,40,25,3,131,0,0,0,131
11/15/2020,ELP,TX,ASW,CE,Combined TRACON& Tower with Radar,63,27,22,9,121,0,6,33,7,46,63,33,55,16,167,36,0,36,203
11/16/2020,ELP,TX,ASW,CE,Combined TRACON& Tower with Radar,61,54,21,10,146,0,14,44,11,69,61,68,65,21,215,0,22,22,237
11/17/2020,ELP,TX,ASW,CE,Combined TRACON& Tower with Radar,74,77,22,12,185,1,12,53,9,75,75,89,75,21,260,20,0,20,280
11/18/2020,ELP,TX,ASW,CE,Combined TRACON& Tower with Radar,73,71,25,9,178,0,7,41,6,54,73,78,66,15,232,6,0,6,238
11/19/2020,ELP,TX,ASW,CE,Combined TRACON& Tower with Radar,77,83,34,12,206,0,8,28,6,42,77,91,62,18,248,0,0,0,248
11/20/2020,ELP,TX,ASW,CE,Combined TRACON& Tower with Radar,73,85,38,8,204,0,7,31,2,40,73,92,69,10,244,0,0,0,244
11/21/2020,ELP,TX,ASW,CE,Combined TRACON& Tower with Radar,72,43,29,13,157,0,2,31,1,34,72,45,60,14,191,0,0,0,191
11/22/2020,ELP,TX,ASW,CE,Combined TRACON& Tower with Radar,66,45,26,2,139,0,2,19,0,21,66,47,45,2,160,22,0,22,182
11/23/2020,ELP,TX,ASW,CE,Combined TRACON& Tower with Radar,68,71,17,16,172,0,4,21,2,27,68,75,38,18,199,0,0,0,199
11/24/2020,ELP,TX,ASW,CE,Combined TRACON& Tower with Radar,94,73,15,6,188,0,3,16,1,20,94,76,31,7,208,0,0,0,208
11/25/2020,ELP,TX,ASW,CE,Combined TRACON& Tower with Radar,79,77,20,9,185,0,10,56,4,70,79,87,76,13,255,16,0,16,271
11/26/2020,ELP,TX,ASW,CE,Combined TRACON& Tower with Radar,42,19,10,0,71,0,4,17,1,22,42,23,27,1,93,0,0,0,93
11/27/2020,ELP,TX,ASW,CE,Combined TRACON& Tower with Radar,68,28,14,1,111,0,3,23,1,27,68,31,37,2,138,12,0,12,150
11/28/2020,ELP,TX,ASW,CE,Combined TRACON& Tower with Radar,78,32,17,0,127,0,2,22,1,25,78,34,39,1,152,26,0,26,178
11/29/2020,ELP,TX,ASW,CE,Combined TRACON& Tower with Radar,69,46,16,1,132,0,4,25,7,36,69,50,41,8,168,0,0,0,168
11/30/2020,ELP,TX,ASW,CE,Combined TRACON& Tower with Radar,77,45,32,2,156,0,15,36,12,63,77,60,68,14,219,0,0,0,219
12/01/2020,ELP,TX,ASW,CE,Combined TRACON& Tower with Radar,75,58,31,7,171,0,10,41,20,71,75,68,72,27,242,0,0,0,242
12/02/2020,ELP,TX,ASW,CE,Combined TRACON& Tower with Radar,74,63,10,14,161,0,9,49,14,72,74,72,59,28,233,0,30,30,263
12/03/2020,ELP,TX,ASW,CE,Combined TRACON& Tower with Radar,79,61,20,14,174,0,9,52,12,73,79,70,72,26,247,26,0,26,273
12/04/2020,ELP,TX,ASW,CE,Combined TRACON& Tower with Radar,73,48,41,8,170,1,8,32,11,52,74,56,73,19,222,15,0,15,237
12/05/2020,ELP,TX,ASW,CE,Combined TRACON& Tower with Radar,52,33,14,0,99,0,3,64,7,74,52,36,78,7,173,14,0,14,187
12/06/2020,ELP,TX,ASW,CE,Combined TRACON& Tower with Radar,54,31,17,1,103,0,2,37,1,40,54,33,54,2,143,6,0,6,149
12/07/2020,ELP,TX,ASW,CE,Combined TRACON& Tower with Radar,57,40,31,17,145,0,5,57,11,73,57,45,88,28,218,2,0,2,220
12/08/2020,ELP,TX,ASW,CE,Combined TRACON& Tower with Radar,73,59,17,17,166,0,15,42,20,77,73,74,59,37,243,10,0,10,253
12/09/2020,ELP,TX,ASW,CE,Combined TRACON& Tower with Radar,69,66,18,10,163,0,12,46,12,70,69,78,64,22,233,2,0,2,235
12/10/2020,ELP,TX,ASW,CE,Combined TRACON& Tower with Radar,75,65,38,5,183,0,12,28,6,46,75,77,66,11,229,12,0,12,241
12/11/2020,ELP,TX,ASW,CE,Combined TRACON& Tower with Radar,66,61,47,10,184,0,19,34,8,61,66,80,81,18,245,22,0,22,267
12/12/2020,ELP,TX,ASW,CE,Combined TRACON& Tower with Radar,56,39,21,1,117,0,7,66,6,79,56,46,87,7,196,0,0,0,196
12/13/2020,ELP,TX,ASW,CE,Combined TRACON& Tower with Radar,56,22,18,4,100,0,7,37,0,44,56,29,55,4,144,10,0,10,154
12/14/2020,ELP,TX,ASW,CE,Combined TRACON& Tower with Radar,64,31,29,12,136,0,19,34,6,59,64,50,63,18,195,12,0,12,207
12/15/2020,ELP,TX,ASW,CE,Combined TRACON& Tower with Radar,70,78,21,9,178,0,17,33,3,53,70,95,54,12,231,24,0,24,255
12/16/2020,ELP,TX,ASW,CE,Combined TRACON& Tower with Radar,77,72,29,6,184,0,15,40,10,65,77,87,69,16,249,22,0,22,271
12/17/2020,ELP,TX,ASW,CE,Combined TRACON& Tower with Radar,99,57,25,6,187,0,14,41,12,67,99,71,66,18,254,38,0,38,292
12/18/2020,ELP,TX,ASW,CE,Combined TRACON& Tower with Radar,86,55,27,14,182,1,5,47,8,61,87,60,74,22,243,34,0,34,277
12/19/2020,ELP,TX,ASW,CE,Combined TRACON& Tower with Radar,87,44,23,0,154,0,7,52,1,60,87,51,75,1,214,27,0,27,241
12/20/2020,ELP,TX,ASW,CE,Combined TRACON& Tower with Radar,70,37,13,4,124,0,5,28,1,34,70,42,41,5,158,6,0,6,164
12/21/2020,ELP,TX,ASW,CE,Combined TRACON& Tower with Radar,80,60,15,10,165,0,13,42,13,68,80,73,57,23,233,38,0,38,271
12/22/2020,ELP,TX,ASW,CE,Combined TRACON& Tower with Radar,92,62,18,6,178,0,9,53,10,72,92,71,71,16,250,58,0,58,308
12/23/2020,ELP,TX,ASW,CE,Combined TRACON& Tower with Radar,96,40,18,9,163,0,7,22,5,34,96,47,40,14,197,14,0,14,211
12/24/2020,ELP,TX,ASW,CE,Combined TRACON& Tower with Radar,63,17,14,3,97,0,5,33,7,45,63,22,47,10,142,10,0,10,152
12/25/2020,ELP,TX,ASW,CE,Combined TRACON& Tower with Radar,34,19,9,1,63,0,5,9,4,18,34,24,18,5,81,6,0,6,87
12/26/2020,ELP,TX,ASW,CE,Combined TRACON& Tower with Radar,69,30,22,0,121,0,5,26,2,33,69,35,48,2,154,14,0,14,168
12/27/2020,ELP,TX,ASW,CE,Combined TRACON& Tower with Radar,69,34,31,0,134,0,4,34,2,40,69,38,65,2,174,8,0,8,182
12/28/2020,ELP,TX,ASW,CE,Combined TRACON& Tower with Radar,66,23,14,2,105,0,11,30,5,46,66,34,44,7,151,0,0,0,151
12/29/2020,ELP,TX,ASW,CE,Combined TRACON& Tower with Radar,75,29,18,6,128,0,9,33,8,50,75,38,51,14,178,10,0,10,188
12/30/2020,ELP,TX,ASW,CE,Combined TRACON& Tower with Radar,82,33,15,5,135,0,2,22,8,32,82,35,37,13,167,22,0,22,189
12/31/2020,ELP,TX,ASW,CE,Combined TRACON& Tower with Radar,58,14,22,1,95,0,10,20,10,40,58,24,42,11,135,28,0,28,163
01/01/2021,ELP,TX,ASW,CE,Combined TRACON& Tower with Radar,42,19,16,1,78,0,4,26,7,37,42,23,42,8,115,43,0,43,158
01/02/2021,ELP,TX,ASW,CE,Combined TRACON& Tower with Radar,67,26,12,0,105,2,0,38,4,44,69,26,50,4,149,16,0,16,165
01/03/2021,ELP,TX,ASW,CE,Combined TRACON& Tower with Radar,69,32,22,0,123,0,2,31,1,34,69,34,53,1,157,50,0,50,207
01/04/2021,ELP,TX,ASW,CE,Combined TRACON& Tower with Radar,65,44,19,8,136,0,7,23,14,44,65,51,42,22,180,8,27,35,215
01/05/2021,ELP,TX,ASW,CE,Combined TRACON& Tower with Radar,76,30,9,13,128,0,11,28,14,53,76,41,37,27,181,20,16,36,217
01/06/2021,ELP,TX,ASW,CE,Combined TRACON& Tower with Radar,76,43,20,15,154,0,10,23,20,53,76,53,43,35,207,6,38,44,251
01/07/2021,ELP,TX,ASW,CE,Combined TRACON& Tower with Radar,71,35,23,5,134,0,13,23,13,49,71,48,46,18,183,24,0,24,207
01/08/2021,ELP,TX,ASW,CE,Combined TRACON& Tower with Radar,61,33,22,0,116,0,5,28,10,43,61,38,50,10,159,10,0,10,169
01/09/2021,ELP,TX,ASW,CE,Combined TRACON& Tower with Radar,51,33,19,11,114,8,3,35,1,47,59,36,54,12,161,14,6,20,181
01/10/2021,ELP,TX,ASW,CE,Combined TRACON& Tower with Radar,50,37,10,1,98,0,4,12,8,24,50,41,22,9,122,6,0,6,128
01/11/2021,ELP,TX,ASW,CE,Combined TRACON& Tower with Radar,53,28,24,13,118,0,8,21,19,48,53,36,45,32,166,6,0,6,172
01/12/2021,ELP,TX,ASW,CE,Combined TRACON& Tower with Radar,71,31,8,9,119,0,14,23,18,55,71,45,31,27,174,62,34,96,270
01/13/2021,ELP,TX,ASW,CE,Combined TRACON& Tower with Radar,61,28,6,8,103,0,9,25,18,52,61,37,31,26,155,30,0,30,185
01/14/2021,ELP,TX,ASW,CE,Combined TRACON& Tower with Radar,69,36,23,12,140,1,5,46,19,71,70,41,69,31,211,23,0,23,234
01/15/2021,ELP,TX,ASW,CE,Combined TRACON& Tower with Radar,58,37,18,8,121,0,5,34,10,49,58,42,52,18,170,10,0,10,180
01/16/2021,ELP,TX,ASW,CE,Combined TRACON& Tower with Radar,47,28,21,6,102,2,8,45,11,66,49,36,66,17,168,28,0,28,196
01/17/2021,ELP,TX,ASW,CE,Combined TRACON& Tower with Radar,57,22,15,1,95,0,4,29,7,40,57,26,44,8,135,15,0,15,150
01/18/2021,ELP,TX,ASW,CE,Combined TRACON& Tower with Radar,51,38,22,3,114,0,10,31,7,48,51,48,53,10,162,4,0,4,166
01/19/2021,ELP,TX,ASW,CE,Combined TRACON& Tower with Radar,61,34,22,10,127,0,5,15,9,29,61,39,37,19,156,0,0,0,156
01/20/2021,ELP,TX,ASW,CE,Combined TRACON& Tower with Radar,62,50,18,17,147,0,6,11,29,46,62,56,29,46,193,6,42,48,241
01/21/2021,ELP,TX,ASW,CE,Combined TRACON& Tower with Radar,66,45,24,5,140,0,5,20,26,51,66,50,44,31,191,5,0,5,196
01/22/2021,ELP,TX,ASW,CE,Combined TRACON& Tower with Radar,58,46,16,40,160,0,4,32,26,62,58,50,48,66,222,20,30,50,272
01/23/2021,ELP,TX,ASW,CE,Combined TRACON& Tower with Radar,52,21,21,0,94,0,9,48,8,65,52,30,69,8,159,23,0,23,182
01/24/2021,ELP,TX,ASW,CE,Combined TRACON& Tower with Radar,53,25,22,3,103,0,1,3,10,14,53,26,25,13,117,0,0,0,117
01/25/2021,ELP,TX,ASW,CE,Combined TRACON& Tower with Radar,52,42,33,2,129,0,8,27,8,43,52,50,60,10,172,10,10,20,192
01/26/2021,ELP,TX,ASW,CE,Combined TRACON& Tower with Radar,61,31,26,2,120,0,6,13,4,23,61,37,39,6,143,2,0,2,145
01/27/2021,ELP,TX,ASW,CE,Combined TRACON& Tower with Radar,64,40,20,18,142,0,11,37,26,74,64,51,57,44,216,8,49,57,273
01/28/2021,ELP,TX,ASW,CE,Combined TRACON& Tower with Radar,68,40,31,45,184,0,13,32,36,81,68,53,63,81,265,0,20,20,285
01/29/2021,ELP,TX,ASW,CE,Combined TRACON& Tower with Radar,57,34,27,6,124,0,6,21,12,39,57,40,48,18,163,6,24,30,193
01/30/2021,ELP,TX,ASW,CE,Combined TRACON& Tower with Radar,47,20,21,8,96,0,11,17,16,44,47,31,38,24,140,0,0,0,140
01/31/2021,ELP,TX,ASW,CE,Combined TRACON& Tower with Radar,58,15,19,1,93,0,6,29,7,42,58,21,48,8,135,26,0,26,161
02/01/2021,ELP,TX,ASW,CE,Combined TRACON& Tower with Radar,49,27,15,8,99,0,8,38,7,53,49,35,53,15,152,8,22,30,182
02/02/2021,ELP,TX,ASW,CE,Combined TRACON& Tower with Radar,61,32,18,22,133,0,10,48,18,76,61,42,66,40,209,39,7,46,255
02/03/2021,ELP,TX,ASW,CE,Combined TRACON& Tower with Radar,60,48,21,11,140,0,21,39,21,81,60,69,60,32,221,44,30,74,295
02/04/2021,ELP,TX,ASW,CE,Combined TRACON& Tower with Radar,65,37,16,7,125,0,14,16,13,43,65,51,32,20,168,6,0,6,174
02/05/2021,ELP,TX,ASW,CE,Combined TRACON& Tower with Radar,58,30,25,7,120,0,17,29,14,60,58,47,54,21,180,0,0,0,180
02/06/2021,ELP,TX,ASW,CE,Combined TRACON& Tower with Radar,47,25,13,3,88,0,12,37,5,54,47,37,50,8,142,22,0,22,164
02/07/2021,ELP,TX,ASW,CE,Combined TRACON& Tower with Radar,56,23,13,6,98,0,4,16,4,24,56,27,29,10,122,11,0,11,133
02/08/2021,ELP,TX,ASW,CE,Combined TRACON& Tower with Radar,49,43,23,8,123,0,11,20,15,46,49,54,43,23,169,8,12,20,189
02/09/2021,ELP,TX,ASW,CE,Combined TRACON& Tower with Radar,61,45,15,15,136,1,7,31,20,59,62,52,46,35,195,43,0,43,238
02/10/2021,ELP,TX,ASW,CE,Combined TRACON& Tower with Radar,65,55,24,90,234,0,9,38,28,75,65,64,62,118,309,18,34,52,361
02/11/2021,ELP,TX,ASW,CE,Combined TRACON& Tower with Radar,67,61,22,17,167,1,9,39,13,62,68,70,61,30,229,29,23,52,281
02/12/2021,ELP,TX,ASW,CE,Combined TRACON& Tower with Radar,66,43,38,63,210,0,3,25,20,48,66,46,63,83,258,12,28,40,298
02/13/2021,ELP,TX,ASW,CE,Combined TRACON& Tower with Radar,53,34,19,10,116,0,4,23,6,33,53,38,42,16,149,20,0,20,169
02/14/2021,ELP,TX,ASW,CE,Combined TRACON& Tower with Radar,45,8,5,0,58,0,0,1,0,1,45,8,6,0,59,0,0,0,59
02/15/2021,ELP,TX,ASW,CE,Combined TRACON& Tower with Radar,33,32,14,1,80,0,1,11,6,18,33,33,25,7,98,0,0,0,98
02/16/2021,ELP,TX,ASW,CE,Combined TRACON& Tower with Radar,50,52,23,2,127,0,10,8,5,23,50,62,31,7,150,0,0,0,150
02/17/2021,ELP,TX,ASW,CE,Combined TRACON& Tower with Radar,51,42,19,14,126,0,2,18,16,36,51,44,37,30,162,0,0,0,162
02/18/2021,ELP,TX,ASW,CE,Combined TRACON& Tower with Radar,70,59,31,10,170,0,5,35,10,50,70,64,66,20,220,0,0,0,220
02/19/2021,ELP,TX,ASW,CE,Combined TRACON& Tower with Radar,72,67,30,51,220,1,10,55,10,76,73,77,85,61,296,0,0,0,296
02/20/2021,ELP,TX,ASW,CE,Combined TRACON& Tower with Radar,58,52,20,7,137,0,4,42,2,48,58,56,62,9,185,0,0,0,185
02/21/2021,ELP,TX,ASW,CE,Combined TRACON& Tower with Radar,62,22,18,2,104,0,13,13,8,34,62,35,31,10,138,0,0,0,138
02/22/2021,ELP,TX,ASW,CE,Combined TRACON& Tower with Radar,64,53,58,8,183,0,11,38,15,64,64,64,96,23,247,0,0,0,247
02/23/2021,ELP,TX,ASW,CE,Combined TRACON& Tower with Radar,66,52,37,6,161,0,14,41,32,87,66,66,78,38,248,16,0,16,264
02/24/2021,ELP,TX,ASW,CE,Combined TRACON& Tower with Radar,65,71,26,9,171,0,7,53,13,73,65,78,79,22,244,34,0,34,278
02/25/2021,ELP,TX,ASW,CE,Combined TRACON& Tower with Radar,70,64,45,12,191,0,13,47,14,74,70,77,92,26,265,7,2,9,274
02/26/2021,ELP,TX,ASW,CE,Combined TRACON& Tower with Radar,64,41,34,7,146,0,5,35,10,50,64,46,69,17,196,11,0,11,207
02/27/2021,ELP,TX,ASW,CE,Combined TRACON& Tower with Radar,57,27,29,13,126,0,6,40,12,58,57,33,69,25,184,0,0,0,184
02/28/2021,ELP,TX,ASW,CE,Combined TRACON& Tower with Radar,51,26,22,21,120,0,4,11,9,24,51,30,33,30,144,0,6,6,150
03/01/2021,ELP,TX,ASW,CE,Combined TRACON& Tower with Radar,66,50,26,23,165,0,7,14,22,43,66,57,40,45,208,0,6,6,214
03/02/2021,ELP,TX,ASW,CE,Combined TRACON& Tower with Radar,70,52,28,8,158,0,13,48,21,82,70,65,76,29,240,24,0,24,264
03/03/2021,ELP,TX,ASW,CE,Combined TRACON& Tower with Radar,65,45,43,21,174,0,7,36,22,65,65,52,79,43,239,24,0,24,263
03/04/2021,ELP,TX,ASW,CE,Combined TRACON& Tower with Radar,74,61,31,30,196,0,8,36,21,65,74,69,67,51,261,0,13,13,274
03/05/2021,ELP,TX,ASW,CE,Combined TRACON& Tower with Radar,79,53,11,21,164,0,10,36,15,61,79,63,47,36,225,4,6,10,235
03/06/2021,ELP,TX,ASW,CE,Combined TRACON& Tower with Radar,62,41,16,5,124,0,7,41,5,53,62,48,57,10,177,11,5,16,193
03/07/2021,ELP,TX,ASW,CE,Combined TRACON& Tower with Radar,75,34,17,18,144,0,8,34,6,48,75,42,51,24,192,22,6,28,220
03/08/2021,ELP,TX,ASW,CE,Combined TRACON& Tower with Radar,75,47,44,2,168,0,7,46,14,67,75,54,90,16,235,18,0,18,253
03/09/2021,ELP,TX,ASW,CE,Combined TRACON& Tower with Radar,78,58,28,9,173,0,12,18,7,37,78,70,46,16,210,0,0,0,210
03/10/2021,ELP,TX,ASW,CE,Combined TRACON& Tower with Radar,75,57,40,17,189,0,5,30,10,45,75,62,70,27,234,4,0,4,238
03/11/2021,ELP,TX,ASW,CE,Combined TRACON& Tower with Radar,87,59,31,2,179,0,11,24,24,59,87,70,55,26,238,14,80,94,332
03/12/2021,ELP,TX,ASW,CE,Combined TRACON& Tower with Radar,86,41,42,11,180,0,9,30,7,46,86,50,72,18,226,26,0,26,252
03/13/2021,ELP,TX,ASW,CE,Combined TRACON& Tower with Radar,73,41,26,7,147,0,3,7,5,15,73,44,33,12,162,0,0,0,162
03/14/2021,ELP,TX,ASW,CE,Combined TRACON& Tower with Radar,72,25,21,0,118,0,1,11,5,17,72,26,32,5,135,0,0,0,135
03/15/2021,ELP,TX,ASW,CE,Combined TRACON& Tower with Radar,73,33,38,9,153,0,12,38,13,63,73,45,76,22,216,14,0,14,230
03/16/2021,ELP,TX,ASW,CE,Combined TRACON& Tower with Radar,89,45,20,5,159,0,0,21,3,24,89,45,41,8,183,4,0,4,187
03/17/2021,ELP,TX,ASW,CE,Combined TRACON& Tower with Radar,83,59,49,24,215,0,7,38,43,88,83,66,87,67,303,34,46,80,383
03/18/2021,ELP,TX,ASW,CE,Combined TRACON& Tower with Radar,93,51,31,6,181,0,8,55,26,89,93,59,86,32,270,46,0,46,316
03/19/2021,ELP,TX,ASW,CE,Combined TRACON& Tower with Radar,84,41,18,13,156,1,8,36,16,61,85,49,54,29,217,6,0,6,223
03/20/2021,ELP,TX,ASW,CE,Combined TRACON& Tower with Radar,75,27,31,8,141,0,15,63,5,83,75,42,94,13,224,46,0,46,270
03/21/2021,ELP,TX,ASW,CE,Combined TRACON& Tower with Radar,78,36,26,6,146,0,3,30,9,42,78,39,56,15,188,0,0,0,188
03/22/2021,ELP,TX,ASW,CE,Combined TRACON& Tower with Radar,75,46,30,2,153,0,11,12,2,25,75,57,42,4,178,2,0,2,180
03/23/2021,ELP,TX,ASW,CE,Combined TRACON& Tower with Radar,91,53,23,13,180,0,12,39,17,68,91,65,62,30,248,15,0,15,263
03/24/2021,ELP,TX,ASW,CE,Combined TRACON& Tower with Radar,87,54,36,8,185,0,8,22,14,44,87,62,58,22,229,0,20,20,249
03/25/2021,ELP,TX,ASW,CE,Combined TRACON& Tower with Radar,97,53,46,9,205,0,8,17,28,53,97,61,63,37,258,8,0,8,266
03/26/2021,ELP,TX,ASW,CE,Combined TRACON& Tower with Radar,84,39,50,15,188,0,13,37,10,60,84,52,87,25,248,23,0,23,271
03/27/2021,ELP,TX,ASW,CE,Combined TRACON& Tower with Radar,69,34,40,3,146,0,5,55,13,73,69,39,95,16,219,21,0,21,240
03/28/2021,ELP,TX,ASW,CE,Combined TRACON& Tower with Radar,74,22,35,3,134,1,4,42,11,58,75,26,77,14,192,0,0,0,192
03/29/2021,ELP,TX,ASW,CE,Combined TRACON& Tower with Radar,73,48,15,8,144,0,8,32,19,59,73,56,47,27,203,5,0,5,208
03/30/2021,ELP,TX,ASW,CE,Combined TRACON& Tower with Radar,91,53,39,14,197,0,14,30,29,73,91,67,69,43,270,45,0,45,315
03/31/2021,ELP,TX,ASW,CE,Combined TRACON& Tower with Radar,94,45,18,14,171,0,9,35,22,66,94,54,53,36,237,8,50,58,295
04/01/2021,ELP,TX,ASW,CE,Combined TRACON& Tower with Radar,88,32,34,7,161,0,7,37,14,58,88,39,71,21,219,11,20,31,250
04/02/2021,ELP,TX,ASW,CE,Combined TRACON& Tower with Radar,75,26,27,6,134,0,5,42,8,55,75,31,69,14,189,33,0,33,222
04/03/2021,ELP,TX,ASW,CE,Combined TRACON& Tower with Radar,66,21,15,6,108,0,8,37,11,56,66,29,52,17,164,8,0,8,172
04/04/2021,ELP,TX,ASW,CE,Combined TRACON& Tower with Radar,79,30,20,3,132,0,8,37,5,50,79,38,57,8,182,4,0,4,186
04/05/2021,ELP,TX,ASW,CE,Combined TRACON& Tower with Radar,78,50,38,5,171,0,16,23,7,46,78,66,61,12,217,20,0,20,237
04/06/2021,ELP,TX,ASW,CE,Combined TRACON& Tower with Radar,84,33,23,3,143,0,7,19,7,33,84,40,42,10,176,14,0,14,190
04/07/2021,ELP,TX,ASW,CE,Combined TRACON& Tower with Radar,75,40,27,8,150,0,14,41,33,88,75,54,68,41,238,69,0,69,307
04/08/2021,ELP,TX,ASW,CE,Combined TRACON& Tower with Radar,97,29,35,16,177,0,8,27,15,50,97,37,62,31,227,0,0,0,227
04/09/2021,ELP,TX,ASW,CE,Combined TRACON& Tower with Radar,81,34,20,5,140,0,11,37,15,63,81,45,57,20,203,0,0,0,203
04/10/2021,ELP,TX,ASW,CE,Combined TRACON& Tower with Radar,68,30,15,15,128,0,8,47,22,77,68,38,62,37,205,56,0,56,261
04/11/2021,ELP,TX,ASW,CE,Combined TRACON& Tower with Radar,78,31,23,20,152,0,7,36,11,54,78,38,59,31,206,18,0,18,224
04/12/2021,ELP,TX,ASW,CE,Combined TRACON& Tower with Radar,82,35,26,43,186,0,13,34,23,70,82,48,60,66,256,8,38,46,302
04/13/2021,ELP,TX,ASW,CE,Combined TRACON& Tower with Radar,77,40,27,37,181,0,6,29,29,64,77,46,56,66,245,26,0,26,271
04/14/2021,ELP,TX,ASW,CE,Combined TRACON& Tower with Radar,77,40,45,65,227,0,6,26,21,53,77,46,71,86,280,16,42,58,338
04/15/2021,ELP,TX,ASW,CE,Combined TRACON& Tower with Radar,87,39,44,49,219,0,6,31,12,49,87,45,75,61,268,52,0,52,320
04/16/2021,ELP,TX,ASW,CE,Combined TRACON& Tower with Radar,82,32,22,40,176,0,10,36,14,60,82,42,58,54,236,15,0,15,251
04/17/2021,ELP,TX,ASW,CE,Combined TRACON& Tower with Radar,76,19,10,4,109,0,6,27,13,46,76,25,37,17,155,12,0,12,167
04/18/2021,ELP,TX,ASW,CE,Combined TRACON& Tower with Radar,75,25,29,4,133,0,6,24,13,43,75,31,53,17,176,21,0,21,197
04/19/2021,ELP,TX,ASW,CE,Combined TRACON& Tower with Radar,77,30,36,37,180,0,8,48,24,80,77,38,84,61,260,24,5,29,289
04/20/2021,ELP,TX,ASW,CE,Combined TRACON& Tower with Radar,68,26,24,13,131,0,7,34,19,60,68,33,58,32,191,12,0,12,203
04/21/2021,ELP,TX,ASW,CE,Combined TRACON& Tower with Radar,81,39,10,24,154,0,7,36,6,49,81,46,46,30,203,24,0,24,227
04/22/2021,ELP,TX,ASW,CE,Combined TRACON& Tower with Radar,90,42,41,49,222,0,10,23,18,51,90,52,64,67,273,40,0,40,313
04/23/2021,ELP,TX,ASW,CE,Combined TRACON& Tower with Radar,78,33,17,49,177,0,8,27,18,53,78,41,44,67,230,7,0,7,237
04/24/2021,ELP,TX,ASW,CE,Combined TRACON& Tower with Radar,69,23,17,22,131,0,8,57,7,72,69,31,74,29,203,24,8,32,235
04/25/2021,ELP,TX,ASW,CE,Combined TRACON& Tower with Radar,80,26,27,5,138,0,8,38,4,50,80,34,65,9,188,8,0,8,196
04/26/2021,ELP,TX,ASW,CE,Combined TRACON& Tower with Radar,76,30,22,13,141,0,8,15,27,50,76,38,37,40,191,14,50,64,255
04/27/2021,ELP,TX,ASW,CE,Combined TRACON& Tower with Radar,72,38,27,16,153,0,6,23,12,41,72,44,50,28,194,12,16,28,222
04/28/2021,ELP,TX,ASW,CE,Combined TRACON& Tower with Radar,71,31,45,50,197,0,7,34,25,66,71,38,79,75,263,7,80,87,350
04/29/2021,ELP,TX,ASW,CE,Combined TRACON& Tower with Radar,91,43,38,22,194,0,1,24,8,33,91,44,62,30,227,0,44,44,271
04/30/2021,ELP,TX,ASW,CE,Combined TRACON& Tower with Radar,82,33,30,10,155,0,8,45,7,60,82,41,75,17,215,10,0,10,225
05/01/2021,ELP,TX,ASW,CE,Combined TRACON& Tower with Radar,70,17,24,17,128,0,8,55,8,71,70,25,79,25,199,22,0,22,221
05/02/2021,ELP,TX,ASW,CE,Combined TRACON& Tower with Radar,83,22,27,20,152,0,7,10,5,22,83,29,37,25,174,0,0,0,174
05/03/2021,ELP,TX,ASW,CE,Combined TRACON& Tower with Radar,78,18,40,11,147,0,11,26,19,56,78,29,66,30,203,12,22,34,237
05/04/2021,ELP,TX,ASW,CE,Combined TRACON& Tower with Radar,82,26,15,16,139,0,9,44,16,69,82,35,59,32,208,28,0,28,236
05/05/2021,ELP,TX,ASW,CE,Combined TRACON& Tower with Radar,80,30,35,10,155,0,9,58,22,89,80,39,93,32,244,28,24,52,296
05/06/2021,ELP,TX,ASW,CE,Combined TRACON& Tower with Radar,96,31,41,4,172,0,7,32,16,55,96,38,73,20,227,0,0,0,227
05/07/2021,ELP,TX,ASW,CE,Combined TRACON& Tower with Radar,87,32,29,41,189,0,13,29,17,59,87,45,58,58,248,4,0,4,252
05/08/2021,ELP,TX,ASW,CE,Combined TRACON& Tower with Radar,74,28,12,1,115,0,6,31,5,42,74,34,43,6,157,12,0,12,169
05/09/2021,ELP,TX,ASW,CE,Combined TRACON& Tower with Radar,76,22,22,1,121,0,1,31,8,40,76,23,53,9,161,40,0,40,201
05/10/2021,ELP,TX,ASW,CE,Combined TRACON& Tower with Radar,74,29,18,19,140,0,5,21,38,64,74,34,39,57,204,14,81,95,299
05/11/2021,ELP,TX,ASW,CE,Combined TRACON& Tower with Radar,96,36,37,15,184,0,9,22,16,47,96,45,59,31,231,11,0,11,242
05/12/2021,ELP,TX,ASW,CE,Combined TRACON& Tower with Radar,86,37,23,12,158,0,14,25,21,60,86,51,48,33,218,12,14,26,244
05/13/2021,ELP,TX,ASW,CE,Combined TRACON& Tower with Radar,88,43,35,9,175,0,6,19,12,37,88,49,54,21,212,28,0,28,240
05/14/2021,ELP,TX,ASW,CE,Combined TRACON& Tower with Radar,84,31,25,25,165,0,8,42,6,56,84,39,67,31,221,14,0,14,235
05/15/2021,ELP,TX,ASW,CE,Combined TRACON& Tower with Radar,74,26,20,10,130,0,3,48,6,57,74,29,68,16,187,21,0,21,208
05/16/2021,ELP,TX,ASW,CE,Combined TRACON& Tower with Radar,70,29,20,1,120,0,2,37,9,48,70,31,57,10,168,44,0,44,212
05/17/2021,ELP,TX,ASW,CE,Combined TRACON& Tower with Radar,86,36,11,65,198,0,9,24,28,61,86,45,35,93,259,20,0,20,279
05/18/2021,ELP,TX,ASW,CE,Combined TRACON& Tower with Radar,94,47,22,16,179,0,6,37,25,68,94,53,59,41,247,90,4,94,341
05/19/2021,ELP,TX,ASW,CE,Combined TRACON& Tower with Radar,95,48,22,4,169,0,11,32,20,63,95,59,54,24,232,24,44,68,300
05/20/2021,ELP,TX,ASW,CE,Combined TRACON& Tower with Radar,91,44,34,10,179,0,5,51,6,62,91,49,85,16,241,26,0,26,267
05/21/2021,ELP,TX,ASW,CE,Combined TRACON& Tower with Radar,87,61,36,95,279,0,12,49,23,84,87,73,85,118,363,14,15,29,392
05/22/2021,ELP,TX,ASW,CE,Combined TRACON& Tower with Radar,78,17,17,10,122,0,1,41,7,49,78,18,58,17,171,65,0,65,236
05/23/2021,ELP,TX,ASW,CE,Combined TRACON& Tower with Radar,82,28,28,25,163,0,6,37,9,52,82,34,65,34,215,6,8,14,229
05/24/2021,ELP,TX,ASW,CE,Combined TRACON& Tower with Radar,73,28,25,16,142,0,6,56,19,81,73,34,81,35,223,63,0,63,286
05/25/2021,ELP,TX,ASW,CE,Combined TRACON& Tower with Radar,86,47,37,29,199,0,5,68,13,86,86,52,105,42,285,7,20,27,312
05/26/2021,ELP,TX,ASW,CE,Combined TRACON& Tower with Radar,95,43,22,19,179,0,10,43,21,74,95,53,65,40,253,22,0,22,275
05/27/2021,ELP,TX,ASW,CE,Combined TRACON& Tower with Radar,88,46,29,6,169,0,15,44,11,70,88,61,73,17,239,6,0,6,245
05/28/2021,ELP,TX,ASW,CE,Combined TRACON& Tower with Radar,86,39,38,27,190,0,12,37,23,72,86,51,75,50,262,19,0,19,281
05/29/2021,ELP,TX,ASW,CE,Combined TRACON& Tower with Radar,79,27,22,28,156,0,6,40,5,51,79,33,62,33,207,62,0,62,269
05/30/2021,ELP,TX,ASW,CE,Combined TRACON& Tower with Radar,84,21,22,28,155,0,3,18,19,40,84,24,40,47,195,12,16,28,223
05/31/2021,ELP,TX,ASW,CE,Combined TRACON& Tower with Radar,72,35,26,13,146,0,1,31,17,49,72,36,57,30,195,0,36,36,231
06/01/2021,ELP,TX,ASW,CE,Combined TRACON& Tower with Radar,88,37,23,9,157,0,10,24,14,48,88,47,47,23,205,38,0,38,243
06/02/2021,ELP,TX,ASW,CE,Combined TRACON& Tower with Radar,93,43,21,7,164,0,5,33,10,48,93,48,54,17,212,8,0,8,220
06/03/2021,ELP,TX,ASW,CE,Combined TRACON& Tower with Radar,107,27,33,12,179,0,2,32,17,51,107,29,65,29,230,6,10,16,246
06/04/2021,ELP,TX,ASW,CE,Combined TRACON& Tower with Radar,95,28,46,5,174,0,2,46,16,64,95,30,92,21,238,30,0,30,268
06/05/2021,ELP,TX,ASW,CE,Combined TRACON& Tower with Radar,80,23,24,6,133,0,1,42,9,52,80,24,66,15,185,25,0,25,210
06/06/2021,ELP,TX,ASW,CE,Combined TRACON& Tower with Radar,101,23,18,4,146,0,2,18,7,27,101,25,36,11,173,15,0,15,188
06/07/2021,ELP,TX,ASW,CE,Combined TRACON& Tower with Radar,96,36,41,6,179,0,14,34,16,64,96,50,75,22,243,26,0,26,269
06/08/2021,ELP,TX,ASW,CE,Combined TRACON& Tower with Radar,114,37,17,3,171,0,8,28,22,58,114,45,45,25,229,12,0,12,241
06/09/2021,ELP,TX,ASW,CE,Combined TRACON& Tower with Radar,106,32,53,9,200,0,12,44,14,70,106,44,97,23,270,28,0,28,298
06/10/2021,ELP,TX,ASW,CE,Combined TRACON& Tower with Radar,104,44,42,8,198,0,14,31,12,57,104,58,73,20,255,6,0,6,261
06/11/2021,ELP,TX,ASW,CE,Combined TRACON& Tower with Radar,103,21,25,38,187,0,15,43,6,64,103,36,68,44,251,8,2,10,261
06/12/2021,ELP,TX,ASW,CE,Combined TRACON& Tower with Radar,78,20,28,3,129,0,5,30,2,37,78,25,58,5,166,21,0,21,187
06/13/2021,ELP,TX,ASW,CE,Combined TRACON& Tower with Radar,95,17,22,11,145,0,3,30,7,40,95,20,52,18,185,30,0,30,215
06/14/2021,ELP,TX,ASW,CE,Combined TRACON& Tower with Radar,92,14,24,23,153,0,8,32,18,58,92,22,56,41,211,25,68,93,304
06/15/2021,ELP,TX,ASW,CE,Combined TRACON& Tower with Radar,98,22,28,8,156,0,5,40,17,62,98,27,68,25,218,2,0,2,220
06/16/2021,ELP,TX,ASW,CE,Combined TRACON& Tower with Radar,105,35,28,12,180,0,10,37,22,69,105,45,65,34,249,0,0,0,249
06/17/2021,ELP,TX,ASW,CE,Combined TRACON& Tower with Radar,109,47,26,15,197,1,10,60,21,92,110,57,86,36,289,51,12,63,352
06/18/2021,ELP,TX,ASW,CE,Combined TRACON& Tower with Radar,102,43,29,15,189,0,14,65,14,93,102,57,94,29,282,66,0,66,348
06/19/2021,ELP,TX,ASW,CE,Combined TRACON& Tower with Radar,75,22,22,3,122,0,8,75,8,91,75,30,97,11,213,0,0,0,213
06/20/2021,ELP,TX,ASW,CE,Combined TRACON& Tower with Radar,93,22,24,1,140,0,7,55,6,68,93,29,79,7,208,31,0,31,239
06/21/2021,ELP,TX,ASW,CE,Combined TRACON& Tower with Radar,103,31,41,11,186,0,11,51,23,85,103,42,92,34,271,24,0,24,295
06/22/2021,ELP,TX,ASW,CE,Combined TRACON& Tower with Radar,101,31,37,6,175,0,7,22,9,38,101,38,59,15,213,10,0,10,223
06/23/2021,ELP,TX,ASW,CE,Combined TRACON& Tower with Radar,111,42,29,25,207,0,6,33,28,67,111,48,62,53,274,0,0,0,274
06/24/2021,ELP,TX,ASW,CE,Combined TRACON& Tower with Radar,108,30,32,24,194,0,7,34,9,50,108,37,66,33,244,40,0,40,284
06/25/2021,ELP,TX,ASW,CE,Combined TRACON& Tower with Radar,102,31,27,27,187,0,11,24,13,48,102,42,51,40,235,0,0,0,235
06/26/2021,ELP,TX,ASW,CE,Combined TRACON& Tower with Radar,77,30,20,30,157,0,14,47,5,66,77,44,67,35,223,14,0,14,237
06/27/2021,ELP,TX,ASW,CE,Combined TRACON& Tower with Radar,85,14,25,13,137,0,4,23,9,36,85,18,48,22,173,12,16,28,201
06/28/2021,ELP,TX,ASW,CE,Combined TRACON& Tower with Radar,96,24,32,10,162,0,1,9,1,11,96,25,41,11,173,0,0,0,173
06/29/2021,ELP,TX,ASW,CE,Combined TRACON& Tower with Radar,104,33,33,16,186,0,0,10,8,18,104,33,43,24,204,0,0,0,204
06/30/2021,ELP,TX,ASW,CE,Combined TRACON& Tower with Radar,102,48,27,13,190,0,2,13,16,31,102,50,40,29,221,10,40,50,271
07/01/2021,ELP,TX,ASW,CE,Combined TRACON& Tower with Radar,106,46,43,28,223,0,11,27,2,40,106,57,70,30,263,18,0,18,281
07/02/2021,ELP,TX,ASW,CE,Combined TRACON& Tower with Radar,94,46,25,7,172,0,10,33,18,61,94,56,58,25,233,8,0,8,241
07/03/2021,ELP,TX,ASW,CE,Combined TRACON& Tower with Radar,77,30,19,0,126,0,1,37,1,39,77,31,56,1,165,8,0,8,173
07/04/2021,ELP,TX,ASW,CE,Combined TRACON& Tower with Radar,81,18,17,1,117,0,17,21,4,42,81,35,38,5,159,38,0,38,197
07/05/2021,ELP,TX,ASW,CE,Combined TRACON& Tower with Radar,94,23,19,3,139,0,5,25,4,34,94,28,44,7,173,18,0,18,191
07/06/2021,ELP,TX,ASW,CE,Combined TRACON& Tower with Radar,101,24,20,6,151,0,5,23,8,36,101,29,43,14,187,11,3,14,201
07/07/2021,ELP,TX,ASW,CE,Combined TRACON& Tower with Radar,102,33,32,2,169,0,4,37,8,49,102,37,69,10,218,58,0,58,276
07/08/2021,ELP,TX,ASW,CE,Combined TRACON& Tower with Radar,102,41,23,41,207,0,8,41,22,71,102,49,64,63,278,8,1,9,287
07/09/2021,ELP,TX,ASW,CE,Combined TRACON& Tower with Radar,104,41,33,1,179,0,7,53,15,75,104,48,86,16,254,44,0,44,298
07/10/2021,ELP,TX,ASW,CE,Combined TRACON& Tower with Radar,80,32,26,1,139,0,5,33,5,43,80,37,59,6,182,49,5,54,236
07/11/2021,ELP,TX,ASW,CE,Combined TRACON& Tower with Radar,85,25,22,2,134,0,1,31,5,37,85,26,53,7,171,28,0,28,199
07/12/2021,ELP,TX,ASW,CE,Combined TRACON& Tower with Radar,102,50,28,15,195,0,1,13,11,25,102,51,41,26,220,9,0,9,229
07/13/2021,ELP,TX,ASW,CE,Combined TRACON& Tower with Radar,102,35,32,3,172,0,5,26,14,45,102,40,58,17,217,16,0,16,233
07/14/2021,ELP,TX,ASW,CE,Combined TRACON& Tower with Radar,100,34,27,7,168,0,11,35,17,63,100,45,62,24,231,52,34,86,317
07/15/2021,ELP,TX,ASW,CE,Combined TRACON& Tower with Radar,105,43,23,9,180,0,14,27,17,58,105,57,50,26,238,4,2,6,244
07/16/2021,ELP,TX,ASW,CE,Combined TRACON& Tower with Radar,107,38,47,18,210,0,11,36,16,63,107,49,83,34,273,35,6,41,314
07/17/2021,ELP,TX,ASW,CE,Combined TRACON& Tower with Radar,78,27,12,0,117,0,5,27,1,33,78,32,39,1,150,61,1,62,212
07/18/2021,ELP,TX,ASW,CE,Combined TRACON& Tower with Radar,97,32,14,1,144,0,4,24,4,32,97,36,38,5,176,0,0,0,176
07/19/2021,ELP,TX,ASW,CE,Combined TRACON& Tower with Radar,104,31,32,12,179,0,13,22,21,56,104,44,54,33,235,0,0,0,235
07/20/2021,ELP,TX,ASW,CE,Combined TRACON& Tower with Radar,120,32,36,11,199,0,10,39,19,68,120,42,75,30,267,0,24,24,291
07/21/2021,ELP,TX,ASW,CE,Combined TRACON& Tower with Radar,104,38,20,5,167,0,14,27,17,58,104,52,47,22,225,10,28,38,263
07/22/2021,ELP,TX,ASW,CE,Combined TRACON& Tower with Radar,113,47,27,10,197,2,21,47,24,94,115,68,74,34,291,48,10,58,349
07/23/2021,ELP,TX,ASW,CE,Combined TRACON& Tower with Radar,111,40,21,16,188,0,2,25,17,44,111,42,46,33,232,46,2,48,280
07/24/2021,ELP,TX,ASW,CE,Combined TRACON& Tower with Radar,76,32,18,5,131,0,4,30,4,38,76,36,48,9,169,32,0,32,201
07/25/2021,ELP,TX,ASW,CE,Combined TRACON& Tower with Radar,94,29,20,12,155,0,3,21,5,29,94,32,41,17,184,0,0,0,184
07/26/2021,ELP,TX,ASW,CE,Combined TRACON& Tower with Radar,101,35,18,10,164,0,4,27,8,39,101,39,45,18,203,9,0,9,212
07/27/2021,ELP,TX,ASW,CE,Combined TRACON& Tower with Radar,107,28,20,9,164,0,7,45,16,68,107,35,65,25,232,56,0,56,288
07/28/2021,ELP,TX,ASW,CE,Combined TRACON& Tower with Radar,114,39,25,41,219,0,6,34,20,60,114,45,59,61,279,22,2,24,303
07/29/2021,ELP,TX,ASW,CE,Combined TRACON& Tower with Radar,115,45,15,20,195,0,14,28,13,55,115,59,43,33,250,6,0,6,256
07/30/2021,ELP,TX,ASW,CE,Combined TRACON& Tower with Radar,109,36,22,17,184,0,8,22,16,46,109,44,44,33,230,4,0,4,234
07/31/2021,ELP,TX,ASW,CE,Combined TRACON& Tower with Radar,78,24,21,2,125,0,14,37,5,56,78,38,58,7,181,4,0,4,185
08/01/2021,ELP,TX,ASW,CE,Combined TRACON& Tower with Radar,85,31,15,14,145,0,4,19,12,35,85,35,34,26,180,0,0,0,180
08/02/2021,ELP,TX,ASW,CE,Combined TRACON& Tower with Radar,93,45,21,3,162,0,12,28,13,53,93,57,49,16,215,30,0,30,245
08/03/2021,ELP,TX,ASW,CE,Combined TRACON& Tower with Radar,97,43,46,19,205,0,11,42,28,81,97,54,88,47,286,46,14,60,346
08/04/2021,ELP,TX,ASW,CE,Combined TRACON& Tower with Radar,111,46,27,4,188,0,9,42,15,66,111,55,69,19,254,58,8,66,320
08/05/2021,ELP,TX,ASW,CE,Combined TRACON& Tower with Radar,113,39,18,17,187,0,12,38,18,68,113,51,56,35,255,6,24,30,285
08/06/2021,ELP,TX,ASW,CE,Combined TRACON& Tower with Radar,106,56,18,18,198,0,15,30,26,71,106,71,48,44,269,8,29,37,306
08/07/2021,ELP,TX,ASW,CE,Combined TRACON& Tower with Radar,76,31,13,8,128,0,11,29,0,40,76,42,42,8,168,0,0,0,168
08/08/2021,ELP,TX,ASW,CE,Combined TRACON& Tower with Radar,93,30,26,2,151,0,5,11,6,22,93,35,37,8,173,11,0,11,184
08/09/2021,ELP,TX,ASW,CE,Combined TRACON& Tower with Radar,94,39,32,6,171,0,5,20,7,32,94,44,52,13,203,4,0,4,207
08/10/2021,ELP,TX,ASW,CE,Combined TRACON& Tower with Radar,104,41,17,6,168,0,8,14,7,29,104,49,31,13,197,0,0,0,197
08/11/2021,ELP,TX,ASW,CE,Combined TRACON& Tower with Radar,101,32,32,12,177,0,6,25,14,45,101,38,57,26,222,0,36,36,258
08/12/2021,ELP,TX,ASW,CE,Combined TRACON& Tower with Radar,108,51,49,7,215,0,4,31,9,44,108,55,80,16,259,30,2,32,291
08/13/2021,ELP,TX,ASW,CE,Combined TRACON& Tower with Radar,109,49,38,18,214,0,3,10,5,18,109,52,48,23,232,42,2,44,276
08/14/2021,ELP,TX,ASW,CE,Combined TRACON& Tower with Radar,75,38,21,3,137,0,0,5,5,10,75,38,26,8,147,0,0,0,147
08/15/2021,ELP,TX,ASW,CE,Combined TRACON& Tower with Radar,88,30,26,0,144,0,1,5,6,12,88,31,31,6,156,0,0,0,156
08/16/2021,ELP,TX,ASW,CE,Combined TRACON& Tower with Radar,97,40,35,26,198,0,7,19,10,36,97,47,54,36,234,6,29,35,269
08/17/2021,ELP,TX,ASW,CE,Combined TRACON& Tower with Radar,105,45,31,7,188,0,11,44,17,72,105,56,75,24,260,32,0,32,292
08/18/2021,ELP,TX,ASW,CE,Combined TRACON& Tower with Radar,111,60,30,14,215,0,12,39,19,70,111,72,69,33,285,50,0,50,335
08/19/2021,ELP,TX,ASW,CE,Combined TRACON& Tower with Radar,105,41,22,18,186,6,21,53,14,94,111,62,75,32,280,49,0,49,329
08/20/2021,ELP,TX,ASW,CE,Combined TRACON& Tower with Radar,104,53,22,15,194,1,15,38,12,66,105,68,60,27,260,8,24,32,292
08/21/2021,ELP,TX,ASW,CE,Combined TRACON& Tower with Radar,79,24,7,8,118,0,4,34,4,42,79,28,41,12,160,10,0,10,170
08/22/2021,ELP,TX,ASW,CE,Combined TRACON& Tower with Radar,86,24,10,5,125,0,13,28,10,51,86,37,38,15,176,22,0,22,198
08/23/2021,ELP,TX,ASW,CE,Combined TRACON& Tower with Radar,100,33,17,17,167,0,7,46,14,67,100,40,63,31,234,8,0,8,242
08/24/2021,ELP,TX,ASW,CE,Combined TRACON& Tower with Radar,107,42,22,9,180,0,11,40,13,64,107,53,62,22,244,76,22,98,342
08/25/2021,ELP,TX,ASW,CE,Combined TRACON& Tower with Radar,107,46,20,8,181,0,10,23,14,47,107,56,43,22,228,15,55,70,298
08/26/2021,ELP,TX,ASW,CE,Combined TRACON& Tower with Radar,103,41,20,23,187,0,6,31,16,53,103,47,51,39,240,96,0,96,336
08/27/2021,ELP,TX,ASW,CE,Combined TRACON& Tower with Radar,106,48,19,58,231,3,17,31,12,63,109,65,50,70,294,44,36,80,374
08/28/2021,ELP,TX,ASW,CE,Combined TRACON& Tower with Radar,85,34,17,0,136,0,10,35,0,45,85,44,52,0,181,37,0,37,218
08/29/2021,ELP,TX,ASW,CE,Combined TRACON& Tower with Radar,89,28,14,7,138,0,3,39,7,49,89,31,53,14,187,108,0,108,295
08/30/2021,ELP,TX,ASW,CE,Combined TRACON& Tower with Radar,103,37,29,26,195,0,6,29,18,53,103,43,58,44,248,34,6,40,288
08/31/2021,ELP,TX,ASW,CE,Combined TRACON& Tower with Radar,106,48,19,7,180,0,10,31,12,53,106,58,50,19,233,59,0,59,292
09/01/2021,ELP,TX,ASW,CE,Combined TRACON& Tower with Radar,108,46,43,5,202,0,6,30,19,55,108,52,73,24,257,108,0,108,365
09/02/2021,ELP,TX,ASW,CE,Combined TRACON& Tower with Radar,106,47,33,6,192,6,17,30,17,70,112,64,63,23,262,28,4,32,294
09/03/2021,ELP,TX,ASW,CE,Combined TRACON& Tower with Radar,103,38,35,10,186,0,4,33,5,42,103,42,68,15,228,45,0,45,273
09/04/2021,ELP,TX,ASW,CE,Combined TRACON& Tower with Radar,81,34,29,14,158,0,6,28,3,37,81,40,57,17,195,64,0,64,259
09/05/2021,ELP,TX,ASW,CE,Combined TRACON& Tower with Radar,82,21,8,5,116,0,12,18,5,35,82,33,26,10,151,0,0,0,151
09/06/2021,ELP,TX,ASW,CE,Combined TRACON& Tower with Radar,88,36,29,5,158,4,8,33,8,53,92,44,62,13,211,10,4,14,225
09/07/2021,ELP,TX,ASW,CE,Combined TRACON& Tower with Radar,92,36,20,9,157,0,8,24,11,43,92,44,44,20,200,20,0,20,220
09/08/2021,ELP,TX,ASW,CE,Combined TRACON& Tower with Radar,102,33,32,10,177,1,6,20,21,48,103,39,52,31,225,0,10,10,235
09/09/2021,ELP,TX,ASW,CE,Combined TRACON& Tower with Radar,125,40,17,8,190,7,15,32,11,65,132,55,49,19,255,13,0,13,268
09/10/2021,ELP,TX,ASW,CE,Combined TRACON& Tower with Radar,111,34,18,13,176,0,14,35,9,58,111,48,53,22,234,47,0,47,281
09/11/2021,ELP,TX,ASW,CE,Combined TRACON& Tower with Radar,92,33,20,1,146,0,10,36,2,48,92,43,56,3,194,21,0,21,215
09/12/2021,ELP,TX,ASW,CE,Combined TRACON& Tower with Radar,98,28,17,2,145,2,9,36,9,56,100,37,53,11,201,36,0,36,237
09/13/2021,ELP,TX,ASW,CE,Combined TRACON& Tower with Radar,106,33,15,12,166,0,15,37,10,62,106,48,52,22,228,27,0,27,255
09/14/2021,ELP,TX,ASW,CE,Combined TRACON& Tower with Radar,102,53,27,12,194,0,15,50,20,85,102,68,77,32,279,0,0,0,279
09/15/2021,ELP,TX,ASW,CE,Combined TRACON& Tower with Radar,112,44,32,6,194,0,7,34,12,53,112,51,66,18,247,36,3,39,286
09/16/2021,ELP,TX,ASW,CE,Combined TRACON& Tower with Radar,119,52,24,11,206,0,21,36,22,79,119,73,60,33,285,6,12,18,303
09/17/2021,ELP,TX,ASW,CE,Combined TRACON& Tower with Radar,120,42,46,16,224,0,27,34,11,72,120,69,80,27,296,4,12,16,312
09/18/2021,ELP,TX,ASW,CE,Combined TRACON& Tower with Radar,90,28,14,6,138,3,16,40,5,64,93,44,54,11,202,52,12,64,266
09/19/2021,ELP,TX,ASW,CE,Combined TRACON& Tower with Radar,102,25,18,6,151,0,4,31,11,46,102,29,49,17,197,10,0,10,207
09/20/2021,ELP,TX,ASW,CE,Combined TRACON& Tower with Radar,111,30,34,22,197,0,8,30,22,60,111,38,64,44,257,22,0,22,279
09/21/2021,ELP,TX,ASW,CE,Combined TRACON& Tower with Radar,106,30,29,12,177,0,17,14,15,46,106,47,43,27,223,0,0,0,223
09/22/2021,ELP,TX,ASW,CE,Combined TRACON& Tower with Radar,110,38,29,16,193,0,6,41,14,61,110,44,70,30,254,14,0,14,268
09/23/2021,ELP,TX,ASW,CE,Combined TRACON& Tower with Radar,120,43,38,19,220,0,14,36,17,67,120,57,74,36,287,0,0,0,287
09/24/2021,ELP,TX,ASW,CE,Combined TRACON& Tower with Radar,123,31,25,12,191,0,8,47,9,64,123,39,72,21,255,0,10,10,265
09/25/2021,ELP,TX,ASW,CE,Combined TRACON& Tower with Radar,91,30,9,3,133,0,2,22,2,26,91,32,31,5,159,0,0,0,159
09/26/2021,ELP,TX,ASW,CE,Combined TRACON& Tower with Radar,110,31,35,8,184,1,11,26,10,48,111,42,61,18,232,16,0,16,248
09/27/2021,ELP,TX,ASW,CE,Combined TRACON& Tower with Radar,108,50,29,7,194,1,11,29,7,48,109,61,58,14,242,0,0,0,242
09/28/2021,ELP,TX,ASW,CE,Combined TRACON& Tower with Radar,107,41,29,5,182,0,10,40,13,63,107,51,69,18,245,26,16,42,287
09/29/2021,ELP,TX,ASW,CE,Combined TRACON& Tower with Radar,114,46,55,6,221,0,9,37,12,58,114,55,92,18,279,38,14,52,331
09/30/2021,ELP,TX,ASW,CE,Combined TRACON& Tower with Radar,114,52,35,5,206,0,5,18,9,32,114,57,53,14,238,0,0,0,238
10/01/2021,ELP,TX,ASW,CE,Combined TRACON& Tower with Radar,115,56,25,86,282,0,10,41,22,73,115,66,66,108,355,8,2,10,365
10/02/2021,ELP,TX,ASW,CE,Combined TRACON& Tower with Radar,90,34,17,3,144,0,6,31,2,39,90,40,48,5,183,0,0,0,183
10/03/2021,ELP,TX,ASW,CE,Combined TRACON& Tower with Radar,104,35,24,32,195,0,8,35,20,63,104,43,59,52,258,0,0,0,258
10/04/2021,ELP,TX,ASW,CE,Combined TRACON& Tower with Radar,110,35,21,31,197,0,16,23,7,46,110,51,44,38,243,0,0,0,243
10/05/2021,ELP,TX,ASW,CE,Combined TRACON& Tower with Radar,115,39,34,7,195,0,12,16,4,32,115,51,50,11,227,0,0,0,227
10/06/2021,ELP,TX,ASW,CE,Combined TRACON& Tower with Radar,119,37,40,18,214,0,7,28,16,51,119,44,68,34,265,0,0,0,265
10/07/2021,ELP,TX,ASW,CE,Combined TRACON& Tower with Radar,128,49,24,8,209,0,14,27,9,50,128,63,51,17,259,14,0,14,273
10/08/2021,ELP,TX,ASW,CE,Combined TRACON& Tower with Radar,130,53,26,3,212,0,14,34,11,59,130,67,60,14,271,32,0,32,303
10/09/2021,ELP,TX,ASW,CE,Combined TRACON& Tower with Radar,76,48,19,10,153,1,8,29,5,43,77,56,48,15,196,52,0,52,248
10/10/2021,ELP,TX,ASW,CE,Combined TRACON& Tower with Radar,89,18,23,3,133,0,7,14,4,25,89,25,37,7,158,8,0,8,166
10/11/2021,ELP,TX,ASW,CE,Combined TRACON& Tower with Radar,112,48,25,5,190,0,7,61,10,78,112,55,86,15,268,6,0,6,274
10/12/2021,ELP,TX,ASW,CE,Combined TRACON& Tower with Radar,128,65,26,14,233,0,13,13,10,36,128,78,39,24,269,8,0,8,277
10/13/2021,ELP,TX,ASW,CE,Combined TRACON& Tower with Radar,122,47,23,11,203,0,10,25,16,51,122,57,48,27,254,48,6,54,308
10/14/2021,ELP,TX,ASW,CE,Combined TRACON& Tower with Radar,134,56,30,32,252,2,15,24,19,60,136,71,54,51,312,8,0,8,320
10/15/2021,ELP,TX,ASW,CE,Combined TRACON& Tower with Radar,128,41,25,9,203,0,10,31,17,58,128,51,56,26,261,24,0,24,285
10/16/2021,ELP,TX,ASW,CE,Combined TRACON& Tower with Radar,89,32,23,15,159,0,6,48,7,61,89,38,71,22,220,0,0,0,220
10/17/2021,ELP,TX,ASW,CE,Combined TRACON& Tower with Radar,106,21,32,10,169,0,3,33,8,44,106,24,65,18,213,36,0,36,249
10/18/2021,ELP,TX,ASW,CE,Combined TRACON& Tower with Radar,119,40,33,42,234,0,6,35,27,68,119,46,68,69,302,10,0,10,312
10/19/2021,ELP,TX,ASW,CE,Combined TRACON& Tower with Radar,123,44,35,6,208,0,4,29,11,44,123,48,64,17,252,0,0,0,252
10/20/2021,ELP,TX,ASW,CE,Combined TRACON& Tower with Radar,131,50,50,17,248,0,5,48,21,74,131,55,98,38,322,34,0,34,356
10/21/2021,ELP,TX,ASW,CE,Combined TRACON& Tower with Radar,129,57,42,16,244,0,17,34,12,63,129,74,76,28,307,0,0,0,307
10/22/2021,ELP,TX,ASW,CE,Combined TRACON& Tower with Radar,121,50,18,10,199,1,5,42,12,60,122,55,60,22,259,38,0,38,297
10/23/2021,ELP,TX,ASW,CE,Combined TRACON& Tower with Radar,87,27,24,2,140,0,2,29,2,33,87,29,53,4,173,6,0,6,179
10/24/2021,ELP,TX,ASW,CE,Combined TRACON& Tower with Radar,102,23,37,4,166,1,2,36,14,53,103,25,73,18,219,48,0,48,267
10/25/2021,ELP,TX,ASW,CE,Combined TRACON& Tower with Radar,116,43,24,17,200,0,13,28,13,54,116,56,52,30,254,8,0,8,262
10/26/2021,ELP,TX,ASW,CE,Combined TRACON& Tower with Radar,127,41,13,6,187,1,5,16,2,24,128,46,29,8,211,0,0,0,211
10/27/2021,ELP,TX,ASW,CE,Combined TRACON& Tower with Radar,123,52,28,2,205,0,6,36,17,59,123,58,64,19,264,0,0,0,264
10/28/2021,ELP,TX,ASW,CE,Combined TRACON& Tower with Radar,130,54,23,4,211,1,12,64,8,85,131,66,87,12,296,12,0,12,308
10/29/2021,ELP,TX,ASW,CE,Combined TRACON& Tower with Radar,119,45,33,4,201,0,13,72,14,99,119,58,105,18,300,42,0,42,342
10/30/2021,ELP,TX,ASW,CE,Combined TRACON& Tower with Radar,86,21,13,8,128,0,6,56,0,62,86,27,69,8,190,6,0,6,196
10/31/2021,ELP,TX,ASW,CE,Combined TRACON& Tower with Radar,90,19,21,0,130,0,7,52,3,62,90,26,73,3,192,4,0,4,196
11/01/2021,ELP,TX,ASW,CE,Combined TRACON& Tower with Radar,112,32,24,9,177,0,15,40,16,71,112,47,64,25,248,0,0,0,248
11/02/2021,ELP,TX,ASW,CE,Combined TRACON& Tower with Radar,122,39,34,18,213,0,10,27,19,56,122,49,61,37,269,10,22,32,301
11/03/2021,ELP,TX,ASW,CE,Combined TRACON& Tower with Radar,135,46,31,14,226,0,5,22,24,51,135,51,53,38,277,0,0,0,277
11/04/2021,ELP,TX,ASW,CE,Combined TRACON& Tower with Radar,136,50,35,15,236,0,9,25,18,52,136,59,60,33,288,20,34,54,342
11/05/2021,ELP,TX,ASW,CE,Combined TRACON& Tower with Radar,134,43,34,24,235,0,8,47,25,80,134,51,81,49,315,0,0,0,315
11/06/2021,ELP,TX,ASW,CE,Combined TRACON& Tower with Radar,99,28,28,14,169,0,10,41,20,71,99,38,69,34,240,32,0,32,272
11/07/2021,ELP,TX,ASW,CE,Combined TRACON& Tower with Radar,106,18,35,9,168,0,10,48,8,66,106,28,83,17,234,0,0,0,234
11/08/2021,ELP,TX,ASW,CE,Combined TRACON& Tower with Radar,115,50,46,12,223,0,9,39,18,66,115,59,85,30,289,32,0,32,321
11/09/2021,ELP,TX,ASW,CE,Combined TRACON& Tower with Radar,123,46,43,9,221,0,8,47,19,74,123,54,90,28,295,10,11,21,316
11/10/2021,ELP,TX,ASW,CE,Combined TRACON& Tower with Radar,120,49,36,6,211,1,8,42,14,65,121,57,78,20,276,16,20,36,312
11/11/2021,ELP,TX,ASW,CE,Combined TRACON& Tower with Radar,127,34,35,0,196,0,15,22,13,50,127,49,57,13,246,0,0,0,246
11/12/2021,ELP,TX,ASW,CE,Combined TRACON& Tower with Radar,121,33,14,13,181,0,7,37,9,53,121,40,51,22,234,12,0,12,246
11/13/2021,ELP,TX,ASW,CE,Combined TRACON& Tower with Radar,99,20,20,15,154,0,4,37,13,54,99,24,57,28,208,0,26,26,234
11/14/2021,ELP,TX,ASW,CE,Combined TRACON& Tower with Radar,108,21,34,9,172,0,7,26,8,41,108,28,60,17,213,14,0,14,227
11/15/2021,ELP,TX,ASW,CE,Combined TRACON& Tower with Radar,105,35,27,5,172,0,6,39,17,62,105,41,66,22,234,27,20,47,281
11/16/2021,ELP,TX,ASW,CE,Combined TRACON& Tower with Radar,116,51,31,9,207,0,13,32,15,60,116,64,63,24,267,0,0,0,267
11/17/2021,ELP,TX,ASW,CE,Combined TRACON& Tower with Radar,122,59,57,3,241,3,14,29,16,62,125,73,86,19,303,0,42,42,345
11/18/2021,ELP,TX,ASW,CE,Combined TRACON& Tower with Radar,131,68,36,7,242,0,8,30,16,54,131,76,66,23,296,0,0,0,296
11/19/2021,ELP,TX,ASW,CE,Combined TRACON& Tower with Radar,131,41,21,12,205,0,10,52,11,73,131,51,73,23,278,0,0,0,278
11/20/2021,ELP,TX,ASW,CE,Combined TRACON& Tower with Radar,94,42,30,2,168,1,7,50,3,61,95,49,80,5,229,34,0,34,263
11/21/2021,ELP,TX,ASW,CE,Combined TRACON& Tower with Radar,108,39,34,10,191,1,9,26,3,39,109,48,60,13,230,0,0,0,230
11/22/2021,ELP,TX,ASW,CE,Combined TRACON& Tower with Radar,111,47,27,14,199,0,7,39,6,52,111,54,66,20,251,0,0,0,251
11/23/2021,ELP,TX,ASW,CE,Combined TRACON& Tower with Radar,139,40,26,8,213,1,9,47,19,76,140,49,73,27,289,8,0,8,297
11/24/2021,ELP,TX,ASW,CE,Combined TRACON& Tower with Radar,137,50,33,9,229,0,9,20,14,43,137,59,53,23,272,6,0,6,278
11/25/2021,ELP,TX,ASW,CE,Combined TRACON& Tower with Radar,66,18,15,0,99,0,3,11,3,17,66,21,26,3,116,0,0,0,116
11/26/2021,ELP,TX,ASW,CE,Combined TRACON& Tower with Radar,93,26,15,1,135,0,7,18,7,32,93,33,33,8,167,0,0,0,167
11/27/2021,ELP,TX,ASW,CE,Combined TRACON& Tower with Radar,103,23,21,2,149,0,6,17,0,23,103,29,38,2,172,0,0,0,172
11/28/2021,ELP,TX,ASW,CE,Combined TRACON& Tower with Radar,117,28,30,0,175,0,1,40,2,43,117,29,70,2,218,0,0,0,218
11/29/2021,ELP,TX,ASW,CE,Combined TRACON& Tower with Radar,117,27,31,4,179,0,5,40,15,60,117,32,71,19,239,12,0,12,251
11/30/2021,ELP,TX,ASW,CE,Combined TRACON& Tower with Radar,127,45,33,5,210,0,6,33,15,54,127,51,66,20,264,12,0,12,276
12/01/2021,ELP,TX,ASW,CE,Combined TRACON& Tower with Radar,113,29,42,12,196,0,5,48,18,71,113,34,90,30,267,0,0,0,267
12/02/2021,ELP,TX,ASW,CE,Combined TRACON& Tower with Radar,125,41,28,6,200,1,7,36,15,59,126,48,64,21,259,0,0,0,259
12/03/2021,ELP,TX,ASW,CE,Combined TRACON& Tower with Radar,102,26,27,23,178,0,14,35,9,58,102,40,62,32,236,26,0,26,262
12/04/2021,ELP,TX,ASW,CE,Combined TRACON& Tower with Radar,94,33,12,3,142,0,2,27,3,32,94,35,39,6,174,36,0,36,210
12/05/2021,ELP,TX,ASW,CE,Combined TRACON& Tower with Radar,107,27,18,8,160,0,9,28,9,46,107,36,46,17,206,0,0,0,206
12/06/2021,ELP,TX,ASW,CE,Combined TRACON& Tower with Radar,101,40,26,6,173,0,15,30,14,59,101,55,56,20,232,18,0,18,250
12/07/2021,ELP,TX,ASW,CE,Combined TRACON& Tower with Radar,115,46,19,15,195,1,9,42,13,65,116,55,61,28,260,0,0,0,260
12/08/2021,ELP,TX,ASW,CE,Combined TRACON& Tower with Radar,112,49,47,16,224,0,8,32,26,66,112,57,79,42,290,10,0,10,300
12/09/2021,ELP,TX,ASW,CE,Combined TRACON& Tower with Radar,113,64,28,23,228,0,9,39,11,59,113,73,67,34,287,0,30,30,317
12/10/2021,ELP,TX,ASW,CE,Combined TRACON& Tower with Radar,101,44,35,31,211,0,5,10,7,22,101,49,45,38,233,0,0,0,233
12/11/2021,ELP,TX,ASW,CE,Combined TRACON& Tower with Radar,91,25,24,13,153,0,10,45,6,61,91,35,69,19,214,0,0,0,214
12/12/2021,ELP,TX,ASW,CE,Combined TRACON& Tower with Radar,108,28,28,9,173,0,6,38,6,50,108,34,66,15,223,0,0,0,223
12/13/2021,ELP,TX,ASW,CE,Combined TRACON& Tower with Radar,95,38,24,14,171,0,5,42,15,62,95,43,66,29,233,0,0,0,233
12/14/2021,ELP,TX,ASW,CE,Combined TRACON& Tower with Radar,106,62,52,7,227,0,8,25,18,51,106,70,77,25,278,0,0,0,278
12/15/2021,ELP,TX,ASW,CE,Combined TRACON& Tower with Radar,103,46,33,9,191,0,8,22,9,39,103,54,55,18,230,0,0,0,230
12/16/2021,ELP,TX,ASW,CE,Combined TRACON& Tower with Radar,121,56,31,7,215,0,8,41,22,71,121,64,72,29,286,0,0,0,286
12/17/2021,ELP,TX,ASW,CE,Combined TRACON& Tower with Radar,114,56,28,4,202,0,7,41,17,65,114,63,69,21,267,0,0,0,267
12/18/2021,ELP,TX,ASW,CE,Combined TRACON& Tower with Radar,92,53,36,2,183,0,3,35,4,42,92,56,71,6,225,34,0,34,259
12/19/2021,ELP,TX,ASW,CE,Combined TRACON& Tower with Radar,101,35,30,0,166,0,3,25,6,34,101,38,55,6,200,0,0,0,200
12/20/2021,ELP,TX,ASW,CE,Combined TRACON& Tower with Radar,97,49,26,4,176,0,5,31,10,46,97,54,57,14,222,0,0,0,222
12/21/2021,ELP,TX,ASW,CE,Combined TRACON& Tower with Radar,114,59,38,9,220,0,6,45,14,65,114,65,83,23,285,8,10,18,303
12/22/2021,ELP,TX,ASW,CE,Combined TRACON& Tower with Radar,103,55,27,4,189,0,16,46,7,69,103,71,73,11,258,0,0,0,258
12/23/2021,ELP,TX,ASW,CE,Combined TRACON& Tower with Radar,114,50,24,2,190,0,9,33,5,47,114,59,57,7,237,0,0,0,237
12/24/2021,ELP,TX,ASW,CE,Combined TRACON& Tower with Radar,81,25,14,1,121,0,5,7,8,20,81,30,21,9,141,0,0,0,141
12/25/2021,ELP,TX,ASW,CE,Combined TRACON& Tower with Radar,76,22,13,0,111,3,5,18,0,26,79,27,31,0,137,0,0,0,137
12/26/2021,ELP,TX,ASW,CE,Combined TRACON& Tower with Radar,82,48,31,0,161,0,7,17,2,26,82,55,48,2,187,0,0,0,187
12/27/2021,ELP,TX,ASW,CE,Combined TRACON& Tower with Radar,92,45,47,0,184,0,8,24,6,38,92,53,71,6,222,0,0,0,222
12/28/2021,ELP,TX,ASW,CE,Combined TRACON& Tower with Radar,106,29,28,0,163,0,5,34,13,52,106,34,62,13,215,6,0,6,221
12/29/2021,ELP,TX,ASW,CE,Combined TRACON& Tower with Radar,98,35,26,2,161,0,5,46,13,64,98,40,72,15,225,0,0,0,225
12/30/2021,ELP,TX,ASW,CE,Combined TRACON& Tower with Radar,96,37,30,2,165,0,8,32,8,48,96,45,62,10,213,10,0,10,223
12/31/2021,ELP,TX,ASW,CE,Combined TRACON& Tower with Radar,84,24,29,0,137,0,1,9,0,10,84,25,38,0,147,6,0,6,153
01/01/2022,ELP,TX,ASW,CE,Combined TRACON& Tower with Radar,72,23,18,0,113,0,1,4,0,5,72,24,22,0,118,0,0,0,118
01/02/2022,ELP,TX,ASW,CE,Combined TRACON& Tower with Radar,77,39,35,1,152,0,7,26,2,35,77,46,61,3,187,0,0,0,187
01/03/2022,ELP,TX,ASW,CE,Combined TRACON& Tower with Radar,78,46,28,2,154,0,1,31,15,47,78,47,59,17,201,0,0,0,201
01/04/2022,ELP,TX,ASW,CE,Combined TRACON& Tower with Radar,96,46,46,1,189,0,4,37,7,48,96,50,83,8,237,14,22,36,273
01/05/2022,ELP,TX,ASW,CE,Combined TRACON& Tower with Radar,90,54,28,18,190,0,9,54,10,73,90,63,82,28,263,62,10,72,335
01/06/2022,ELP,TX,ASW,CE,Combined TRACON& Tower with Radar,92,59,44,9,204,2,5,38,9,54,94,64,82,18,258,10,0,10,268
01/07/2022,ELP,TX,ASW,CE,Combined TRACON& Tower with Radar,86,36,36,12,170,0,9,31,14,54,86,45,67,26,224,0,0,0,224
01/08/2022,ELP,TX,ASW,CE,Combined TRACON& Tower with Radar,73,25,21,9,128,2,6,31,3,42,75,31,52,12,170,26,0,26,196
01/09/2022,ELP,TX,ASW,CE,Combined TRACON& Tower with Radar,94,29,30,39,192,0,5,28,16,49,94,34,58,55,241,38,28,66,307
01/10/2022,ELP,TX,ASW,CE,Combined TRACON& Tower with Radar,96,36,21,6,159,0,5,17,4,26,96,41,38,10,185,10,0,10,195
01/11/2022,ELP,TX,ASW,CE,Combined TRACON& Tower with Radar,98,51,28,2,179,2,8,39,13,62,100,59,67,15,241,20,26,46,287
01/12/2022,ELP,TX,ASW,CE,Combined TRACON& Tower with Radar,97,52,29,6,184,1,11,37,18,67,98,63,66,24,251,14,0,14,265
01/13/2022,ELP,TX,ASW,CE,Combined TRACON& Tower with Radar,104,54,30,9,197,1,8,38,15,62,105,62,68,24,259,0,0,0,259
01/14/2022,ELP,TX,ASW,CE,Combined TRACON& Tower with Radar,95,51,39,6,191,0,7,35,0,42,95,58,74,6,233,0,0,0,233
01/15/2022,ELP,TX,ASW,CE,Combined TRACON& Tower with Radar,79,26,25,11,141,0,6,32,3,41,79,32,57,14,182,36,0,36,218
01/16/2022,ELP,TX,ASW,CE,Combined TRACON& Tower with Radar,83,34,31,1,149,0,0,28,2,30,83,34,59,3,179,18,0,18,197
01/17/2022,ELP,TX,ASW,CE,Combined TRACON& Tower with Radar,93,47,19,6,165,0,11,33,15,59,93,58,52,21,224,28,0,28,252
01/18/2022,ELP,TX,ASW,CE,Combined TRACON& Tower with Radar,104,37,30,7,178,0,3,31,9,43,104,40,61,16,221,30,40,70,291
01/19/2022,ELP,TX,ASW,CE,Combined TRACON& Tower with Radar,101,36,26,14,177,0,10,27,20,57,101,46,53,34,234,4,6,10,244
01/20/2022,ELP,TX,ASW,CE,Combined TRACON& Tower with Radar,108,42,30,6,186,0,6,24,13,43,108,48,54,19,229,32,10,42,271
01/21/2022,ELP,TX,ASW,CE,Combined TRACON& Tower with Radar,101,47,23,53,224,0,7,40,8,55,101,54,63,61,279,22,14,36,315
01/22/2022,ELP,TX,ASW,CE,Combined TRACON& Tower with Radar,81,24,29,5,139,0,3,28,2,33,81,27,57,7,172,14,0,14,186
01/23/2022,ELP,TX,ASW,CE,Combined TRACON& Tower with Radar,95,27,23,6,151,0,5,35,2,42,95,32,58,8,193,0,0,0,193
01/24/2022,ELP,TX,ASW,CE,Combined TRACON& Tower with Radar,95,36,19,24,174,0,4,37,20,61,95,40,56,44,235,28,36,64,299
01/25/2022,ELP,TX,ASW,CE,Combined TRACON& Tower with Radar,103,49,24,20,196,2,5,47,9,63,105,54,71,29,259,0,0,0,259
01/26/2022,ELP,TX,ASW,CE,Combined TRACON& Tower with Radar,104,52,36,16,208,0,4,49,21,74,104,56,85,37,282,14,0,14,296
01/27/2022,ELP,TX,ASW,CE,Combined TRACON& Tower with Radar,115,64,18,10,207,2,9,42,7,60,117,73,60,17,267,50,0,50,317
01/28/2022,ELP,TX,ASW,CE,Combined TRACON& Tower with Radar,102,45,31,62,240,1,6,36,7,50,103,51,67,69,290,72,24,96,386
01/29/2022,ELP,TX,ASW,CE,Combined TRACON& Tower with Radar,78,30,27,5,140,0,12,57,1,70,78,42,84,6,210,8,0,8,218
01/30/2022,ELP,TX,ASW,CE,Combined TRACON& Tower with Radar,93,27,29,8,157,8,4,29,8,49,101,31,58,16,206,0,0,0,206
01/31/2022,ELP,TX,ASW,CE,Combined TRACON& Tower with Radar,100,38,17,11,166,0,13,39,12,64,100,51,56,23,230,16,0,16,246
02/01/2022,ELP,TX,ASW,CE,Combined TRACON& Tower with Radar,104,59,32,23,218,0,20,32,16,68,104,79,64,39,286,0,0,0,286
02/02/2022,ELP,TX,ASW,CE,Combined TRACON& Tower with Radar,88,54,35,35,212,0,11,25,4,40,88,65,60,39,252,0,0,0,252
02/03/2022,ELP,TX,ASW,CE,Combined TRACON& Tower with Radar,68,63,25,7,163,0,3,5,4,12,68,66,30,11,175,0,0,0,175
02/04/2022,ELP,TX,ASW,CE,Combined TRACON& Tower with Radar,81,48,54,52,235,0,9,35,18,62,81,57,89,70,297,0,0,0,297
02/05/2022,ELP,TX,ASW,CE,Combined TRACON& Tower with Radar,61,33,23,7,124,0,12,54,2,68,61,45,77,9,192,10,0,10,202
02/06/2022,ELP,TX,ASW,CE,Combined TRACON& Tower with Radar,87,36,38,31,192,2,10,60,2,74,89,46,98,33,266,0,0,0,266
02/07/2022,ELP,TX,ASW,CE,Combined TRACON& Tower with Radar,96,38,44,4,182,0,7,42,5,54,96,45,86,9,236,0,0,0,236
02/08/2022,ELP,TX,ASW,CE,Combined TRACON& Tower with Radar,91,49,34,14,188,0,11,35,9,55,91,60,69,23,243,0,0,0,243
02/09/2022,ELP,TX,ASW,CE,Combined TRACON& Tower with Radar,99,50,42,32,223,0,15,41,15,71,99,65,83,47,294,60,16,76,370
02/10/2022,ELP,TX,ASW,CE,Combined TRACON& Tower with Radar,113,60,18,10,201,1,11,36,11,59,114,71,54,21,260,0,0,0,260
02/11/2022,ELP,TX,ASW,CE,Combined TRACON& Tower with Radar,101,51,44,35,231,0,8,42,5,55,101,59,86,40,286,10,6,16,302
02/12/2022,ELP,TX,ASW,CE,Combined TRACON& Tower with Radar,77,40,31,8,156,0,5,22,3,30,77,45,53,11,186,0,0,0,186
02/13/2022,ELP,TX,ASW,CE,Combined TRACON& Tower with Radar,92,19,16,5,132,0,2,39,1,42,92,21,55,6,174,0,0,0,174
02/14/2022,ELP,TX,ASW,CE,Combined TRACON& Tower with Radar,95,28,20,15,158,0,6,50,11,67,95,34,70,26,225,0,0,0,225
02/15/2022,ELP,TX,ASW,CE,Combined TRACON& Tower with Radar,96,44,24,0,164,0,13,41,15,69,96,57,65,15,233,46,0,46,279
02/16/2022,ELP,TX,ASW,CE,Combined TRACON& Tower with Radar,105,49,18,0,172,1,3,8,0,12,106,52,26,0,184,0,0,0,184
02/17/2022,ELP,TX,ASW,CE,Combined TRACON& Tower with Radar,121,39,31,10,201,0,10,23,8,41,121,49,54,18,242,0,0,0,242
02/18/2022,ELP,TX,ASW,CE,Combined TRACON& Tower with Radar,104,31,42,12,189,0,4,43,6,53,104,35,85,18,242,0,0,0,242
02/19/2022,ELP,TX,ASW,CE,Combined TRACON& Tower with Radar,78,17,27,3,125,0,5,51,6,62,78,22,78,9,187,40,0,40,227
02/20/2022,ELP,TX,ASW,CE,Combined TRACON& Tower with Radar,90,29,42,8,169,0,4,49,1,54,90,33,91,9,223,32,0,32,255
02/21/2022,ELP,TX,ASW,CE,Combined TRACON& Tower with Radar,92,48,25,8,173,0,4,19,1,24,92,52,44,9,197,48,0,48,245
02/22/2022,ELP,TX,ASW,CE,Combined TRACON& Tower with Radar,108,33,39,5,185,2,13,31,5,51,110,46,70,10,236,10,0,10,246
02/23/2022,ELP,TX,ASW,CE,Combined TRACON& Tower with Radar,94,43,22,7,166,0,1,16,2,19,94,44,38,9,185,0,0,0,185
02/24/2022,ELP,TX,ASW,CE,Combined TRACON& Tower with Radar,91,46,37,21,195,0,7,24,12,43,91,53,61,33,238,8,0,8,246
02/25/2022,ELP,TX,ASW,CE,Combined TRACON& Tower with Radar,105,40,36,28,209,0,5,41,6,52,105,45,77,34,261,14,0,14,275
02/26/2022,ELP,TX,ASW,CE,Combined TRACON& Tower with Radar,84,28,31,12,155,0,1,44,10,55,84,29,75,22,210,18,12,30,240
02/27/2022,ELP,TX,ASW,CE,Combined TRACON& Tower with Radar,91,27,49,24,191,0,1,44,13,58,91,28,93,37,249,34,6,40,289
02/28/2022,ELP,TX,ASW,CE,Combined TRACON& Tower with Radar,99,40,33,4,176,0,8,20,3,31,99,48,53,7,207,0,0,0,207
03/01/2022,ELP,TX,ASW,CE,Combined TRACON& Tower with Radar,102,31,23,7,163,0,9,45,13,67,102,40,68,20,230,0,0,0,230
03/02/2022,ELP,TX,ASW,CE,Combined TRACON& Tower with Radar,102,34,20,7,163,0,7,31,16,54,102,41,51,23,217,26,0,26,243
03/03/2022,ELP,TX,ASW,CE,Combined TRACON& Tower with Radar,112,32,31,7,182,0,6,34,12,52,112,38,65,19,234,12,4,16,250
03/04/2022,ELP,TX,ASW,CE,Combined TRACON& Tower with Radar,105,43,25,11,184,1,3,25,4,33,106,46,50,15,217,26,0,26,243
03/05/2022,ELP,TX,ASW,CE,Combined TRACON& Tower with Radar,88,39,35,9,171,0,6,28,1,35,88,45,63,10,206,10,0,10,216
03/06/2022,ELP,TX,ASW,CE,Combined TRACON& Tower with Radar,94,33,30,16,173,2,2,15,3,22,96,35,45,19,195,16,0,16,211
03/07/2022,ELP,TX,ASW,CE,Combined TRACON& Tower with Radar,97,38,21,6,162,0,12,49,11,72,97,50,70,17,234,0,0,0,234
03/08/2022,ELP,TX,ASW,CE,Combined TRACON& Tower with Radar,112,42,31,12,197,0,7,49,5,61,112,49,80,17,258,32,0,32,290
03/09/2022,ELP,TX,ASW,CE,Combined TRACON& Tower with Radar,109,40,31,6,186,0,9,26,11,46,109,49,57,17,232,0,0,0,232
03/10/2022,ELP,TX,ASW,CE,Combined TRACON& Tower with Radar,118,46,46,15,225,0,12,40,8,60,118,58,86,23,285,38,0,38,323
03/11/2022,ELP,TX,ASW,CE,Combined TRACON& Tower with Radar,108,39,21,17,185,0,5,26,1,32,108,44,47,18,217,6,0,6,223
03/12/2022,ELP,TX,ASW,CE,Combined TRACON& Tower with Radar,83,31,21,6,141,0,5,42,2,49,83,36,63,8,190,14,0,14,204
03/13/2022,ELP,TX,ASW,CE,Combined TRACON& Tower with Radar,99,28,24,11,162,0,3,35,9,47,99,31,59,20,209,22,0,22,231
03/14/2022,ELP,TX,ASW,CE,Combined TRACON& Tower with Radar,99,39,30,12,180,0,5,14,11,30,99,44,44,23,210,6,0,6,216
03/15/2022,ELP,TX,ASW,CE,Combined TRACON& Tower with Radar,112,34,33,3,182,0,8,37,4,49,112,42,70,7,231,30,0,30,261
03/16/2022,ELP,TX,ASW,CE,Combined TRACON& Tower with Radar,115,53,28,5,201,0,5,36,9,50,115,58,64,14,251,9,0,9,260
03/17/2022,ELP,TX,ASW,CE,Combined TRACON& Tower with Radar,113,39,37,5,194,0,6,24,2,32,113,45,61,7,226,0,0,0,226
03/18/2022,ELP,TX,ASW,CE,Combined TRACON& Tower with Radar,109,50,21,6,186,0,8,44,2,54,109,58,65,8,240,16,0,16,256
03/19/2022,ELP,TX,ASW,CE,Combined TRACON& Tower with Radar,86,33,28,7,154,0,11,42,1,54,86,44,70,8,208,0,0,0,208
03/20/2022,ELP,TX,ASW,CE,Combined TRACON& Tower with Radar,101,43,18,33,195,0,6,15,3,24,101,49,33,36,219,22,0,22,241
03/21/2022,ELP,TX,ASW,CE,Combined TRACON& Tower with Radar,94,45,31,12,182,0,1,8,1,10,94,46,39,13,192,0,0,0,192
03/22/2022,ELP,TX,ASW,CE,Combined TRACON& Tower with Radar,115,54,50,4,223,0,2,15,10,27,115,56,65,14,250,39,36,75,325
03/23/2022,ELP,TX,ASW,CE,Combined TRACON& Tower with Radar,107,49,39,6,201,0,7,52,5,64,107,56,91,11,265,18,0,18,283
03/24/2022,ELP,TX,ASW,CE,Combined TRACON& Tower with Radar,110,59,37,7,213,0,11,53,6,70,110,70,90,13,283,0,0,0,283
03/25/2022,ELP,TX,ASW,CE,Combined TRACON& Tower with Radar,105,35,41,8,189,0,7,63,5,75,105,42,104,13,264,0,0,0,264
03/26/2022,ELP,TX,ASW,CE,Combined TRACON& Tower with Radar,85,31,26,13,155,2,12,43,2,59,87,43,69,15,214,12,0,12,226
03/27/2022,ELP,TX,ASW,CE,Combined TRACON& Tower with Radar,102,17,16,14,149,0,16,51,13,80,102,33,67,27,229,75,0,75,304
03/28/2022,ELP,TX,ASW,CE,Combined TRACON& Tower with Radar,103,27,31,2,163,0,4,41,4,49,103,31,72,6,212,22,0,22,234
03/29/2022,ELP,TX,ASW,CE,Combined TRACON& Tower with Radar,115,31,30,2,178,0,5,15,1,21,115,36,45,3,199,0,0,0,199
03/30/2022,ELP,TX,ASW,CE,Combined TRACON& Tower with Radar,111,49,29,2,191,0,6,14,12,32,111,55,43,14,223,0,0,0,223
03/31/2022,ELP,TX,ASW,CE,Combined TRACON& Tower with Radar,107,55,39,3,204,0,18,35,7,60,107,73,74,10,264,46,0,46,310
04/01/2022,ELP,TX,ASW,CE,Combined TRACON& Tower with Radar,119,41,38,5,203,0,10,32,8,50,119,51,70,13,253,6,0,6,259
04/02/2022,ELP,TX,ASW,CE,Combined TRACON& Tower with Radar,83,34,15,0,132,0,4,66,2,72,83,38,81,2,204,76,0,76,280
04/03/2022,ELP,TX,ASW,CE,Combined TRACON& Tower with Radar,103,34,31,0,168,0,9,41,3,53,103,43,72,3,221,0,0,0,221
04/04/2022,ELP,TX,ASW,CE,Combined TRACON& Tower with Radar,107,32,23,7,169,0,10,30,5,45,107,42,53,12,214,6,20,26,240
04/05/2022,ELP,TX,ASW,CE,Combined TRACON& Tower with Radar,117,53,17,4,191,0,8,27,12,47,117,61,44,16,238,0,14,14,252
04/06/2022,ELP,TX,ASW,CE,Combined TRACON& Tower with Radar,115,49,33,6,203,0,15,36,20,71,115,64,69,26,274,0,51,51,325
04/07/2022,ELP,TX,ASW,CE,Combined TRACON& Tower with Radar,118,60,26,10,214,0,11,39,12,62,118,71,65,22,276,0,0,0,276
04/08/2022,ELP,TX,ASW,CE,Combined TRACON& Tower with Radar,107,43,20,21,191,0,11,43,6,60,107,54,63,27,251,18,0,18,269
04/09/2022,ELP,TX,ASW,CE,Combined TRACON& Tower with Radar,87,28,24,0,139,0,5,43,9,57,87,33,67,9,196,58,0,58,254
04/10/2022,ELP,TX,ASW,CE,Combined TRACON& Tower with Radar,98,25,36,8,167,5,4,19,2,30,103,29,55,10,197,12,0,12,209
04/11/2022,ELP,TX,ASW,CE,Combined TRACON& Tower with Radar,107,23,34,16,180,0,10,30,5,45,107,33,64,21,225,0,0,0,225
04/12/2022,ELP,TX,ASW,CE,Combined TRACON& Tower with Radar,124,40,31,3,198,0,6,16,1,23,124,46,47,4,221,10,0,10,231
04/13/2022,ELP,TX,ASW,CE,Combined TRACON& Tower with Radar,117,58,27,9,211,0,12,28,5,45,117,70,55,14,256,0,0,0,256
04/14/2022,ELP,TX,ASW,CE,Combined TRACON& Tower with Radar,124,47,47,11,229,0,9,42,16,67,124,56,89,27,296,14,0,14,310
04/15/2022,ELP,TX,ASW,CE,Combined TRACON& Tower with Radar,104,39,20,0,163,0,4,36,4,44,104,43,56,4,207,48,0,48,255
04/16/2022,ELP,TX,ASW,CE,Combined TRACON& Tower with Radar,87,37,22,3,149,0,4,35,4,43,87,41,57,7,192,10,0,10,202
04/17/2022,ELP,TX,ASW,CE,Combined TRACON& Tower with Radar,102,23,15,4,144,0,13,12,1,26,102,36,27,5,170,0,0,0,170
04/18/2022,ELP,TX,ASW,CE,Combined TRACON& Tower with Radar,108,26,22,2,158,0,11,27,5,43,108,37,49,7,201,13,0,13,214
04/19/2022,ELP,TX,ASW,CE,Combined TRACON& Tower with Radar,121,30,30,4,185,0,4,21,7,32,121,34,51,11,217,4,0,4,221
04/20/2022,ELP,TX,ASW,CE,Combined TRACON& Tower with Radar,112,37,37,7,193,0,4,25,13,42,112,41,62,20,235,0,0,0,235
04/21/2022,ELP,TX,ASW,CE,Combined TRACON& Tower with Radar,130,44,32,6,212,0,8,37,10,55,130,52,69,16,267,0,0,0,267
04/22/2022,ELP,TX,ASW,CE,Combined TRACON& Tower with Radar,117,33,28,44,222,0,9,21,7,37,117,42,49,51,259,16,4,20,279
04/23/2022,ELP,TX,ASW,CE,Combined TRACON& Tower with Radar,89,24,26,13,152,0,7,32,3,42,89,31,58,16,194,40,18,58,252
04/24/2022,ELP,TX,ASW,CE,Combined TRACON& Tower with Radar,96,27,37,42,202,0,8,23,11,42,96,35,60,53,244,16,0,16,260
04/25/2022,ELP,TX,ASW,CE,Combined TRACON& Tower with Radar,106,39,19,9,173,0,17,33,26,76,106,56,52,35,249,0,0,0,249
04/26/2022,ELP,TX,ASW,CE,Combined TRACON& Tower with Radar,132,43,29,12,216,0,8,34,5,47,132,51,63,17,263,0,0,0,263
04/27/2022,ELP,TX,ASW,CE,Combined TRACON& Tower with Radar,124,34,28,11,197,0,3,37,25,65,124,37,65,36,262,0,0,0,262
04/28/2022,ELP,TX,ASW,CE,Combined TRACON& Tower with Radar,118,35,45,43,241,0,13,33,14,60,118,48,78,57,301,0,0,0,301
04/29/2022,ELP,TX,ASW,CE,Combined TRACON& Tower with Radar,120,36,32,19,207,0,7,37,12,56,120,43,69,31,263,0,0,0,263
04/30/2022,ELP,TX,ASW,CE,Combined TRACON& Tower with Radar,88,31,14,3,136,0,7,46,8,61,88,38,60,11,197,44,0,44,241
05/01/2022,ELP,TX,ASW,CE,Combined TRACON& Tower with Radar,100,22,32,23,177,0,2,33,10,45,100,24,65,33,222,50,0,50,272
05/02/2022,ELP,TX,ASW,CE,Combined TRACON& Tower with Radar,114,31,28,9,182,0,10,39,12,61,114,41,67,21,243,50,4,54,297
05/03/2022,ELP,TX,ASW,CE,Combined TRACON& Tower with Radar,119,43,52,2,216,0,7,31,9,47,119,50,83,11,263,0,18,18,281
05/04/2022,ELP,TX,ASW,CE,Combined TRACON& Tower with Radar,115,39,37,8,199,0,4,48,10,62,115,43,85,18,261,8,0,8,269
05/05/2022,ELP,TX,ASW,CE,Combined TRACON& Tower with Radar,118,49,40,24,231,0,21,48,8,77,118,70,88,32,308,28,0,28,336
05/06/2022,ELP,TX,ASW,CE,Combined TRACON& Tower with Radar,125,36,35,16,212,0,11,39,9,59,125,47,74,25,271,37,0,37,308
05/07/2022,ELP,TX,ASW,CE,Combined TRACON& Tower with Radar,100,24,11,4,139,0,5,23,1,29,100,29,34,5,168,0,0,0,168
05/08/2022,ELP,TX,ASW,CE,Combined TRACON& Tower with Radar,103,10,26,1,140,0,8,18,9,35,103,18,44,10,175,14,10,24,199
05/09/2022,ELP,TX,ASW,CE,Combined TRACON& Tower with Radar,113,31,33,5,182,0,17,33,6,56,113,48,66,11,238,0,0,0,238
05/10/2022,ELP,TX,ASW,CE,Combined TRACON& Tower with Radar,128,31,25,10,194,0,9,40,18,67,128,40,65,28,261,50,8,58,319
05/11/2022,ELP,TX,ASW,CE,Combined TRACON& Tower with Radar,130,44,35,3,212,0,19,33,19,71,130,63,68,22,283,8,0,8,291
05/12/2022,ELP,TX,ASW,CE,Combined TRACON& Tower with Radar,124,30,35,2,191,0,12,37,11,60,124,42,72,13,251,4,0,4,255
05/13/2022,ELP,TX,ASW,CE,Combined TRACON& Tower with Radar,122,37,12,22,193,0,9,24,9,42,122,46,36,31,235,32,4,36,271
05/14/2022,ELP,TX,ASW,CE,Combined TRACON& Tower with Radar,96,16,18,2,132,0,4,29,2,35,96,20,47,4,167,0,0,0,167
05/15/2022,ELP,TX,ASW,CE,Combined TRACON& Tower with Radar,104,26,25,17,172,0,11,39,6,56,104,37,64,23,228,22,0,22,250
05/16/2022,ELP,TX,ASW,CE,Combined TRACON& Tower with Radar,124,19,32,10,185,0,9,27,12,48,124,28,59,22,233,12,0,12,245
05/17/2022,ELP,TX,ASW,CE,Combined TRACON& Tower with Radar,128,40,37,2,207,0,13,40,8,61,128,53,77,10,268,0,14,14,282
05/18/2022,ELP,TX,ASW,CE,Combined TRACON& Tower with Radar,126,40,24,2,192,0,17,27,17,61,126,57,51,19,253,0,0,0,253
05/19/2022,ELP,TX,ASW,CE,Combined TRACON& Tower with Radar,130,27,46,6,209,0,20,36,6,62,130,47,82,12,271,14,0,14,285
05/20/2022,ELP,TX,ASW,CE,Combined TRACON& Tower with Radar,119,36,21,9,185,0,14,19,3,36,119,50,40,12,221,0,0,0,221
05/21/2022,ELP,TX,ASW,CE,Combined TRACON& Tower with Radar,101,25,27,19,172,0,3,32,5,40,101,28,59,24,212,6,16,22,234
05/22/2022,ELP,TX,ASW,CE,Combined TRACON& Tower with Radar,110,22,21,18,171,0,9,22,5,36,110,31,43,23,207,20,0,20,227
05/23/2022,ELP,TX,ASW,CE,Combined TRACON& Tower with Radar,117,24,41,5,187,0,10,37,1,48,117,34,78,6,235,34,0,34,269
05/24/2022,ELP,TX,ASW,CE,Combined TRACON& Tower with Radar,122,35,34,9,200,0,16,32,2,50,122,51,66,11,250,0,0,0,250
05/25/2022,ELP,TX,ASW,CE,Combined TRACON& Tower with Radar,125,38,29,11,203,0,11,50,5,66,125,49,79,16,269,0,18,18,287
05/26/2022,ELP,TX,ASW,CE,Combined TRACON& Tower with Radar,126,32,51,2,211,1,14,39,13,67,127,46,90,15,278,14,25,39,317
05/27/2022,ELP,TX,ASW,CE,Combined TRACON& Tower with Radar,122,29,37,3,191,0,19,46,4,69,122,48,83,7,260,6,0,6,266
05/28/2022,ELP,TX,ASW,CE,Combined TRACON& Tower with Radar,100,22,12,0,134,0,7,32,0,39,100,29,44,0,173,0,0,0,173
05/29/2022,ELP,TX,ASW,CE,Combined TRACON& Tower with Radar,107,14,20,1,142,0,6,9,1,16,107,20,29,2,158,0,0,0,158
05/30/2022,ELP,TX,ASW,CE,Combined TRACON& Tower with Radar,112,19,33,3,167,0,5,34,5,44,112,24,67,8,211,0,0,0,211
05/31/2022,ELP,TX,ASW,CE,Combined TRACON& Tower with Radar,118,23,48,2,191,0,10,41,12,63,118,33,89,14,254,22,26,48,302
06/01/2022,ELP,TX,ASW,CE,Combined TRACON& Tower with Radar,127,38,42,4,211,0,9,38,10,57,127,47,80,14,268,31,0,31,299
06/02/2022,ELP,TX,ASW,CE,Combined TRACON& Tower with Radar,116,43,35,0,194,1,11,32,8,52,117,54,67,8,246,10,0,10,256
06/03/2022,ELP,TX,ASW,CE,Combined TRACON& Tower with Radar,114,38,35,1,188,0,9,37,2,48,114,47,72,3,236,0,0,0,236
06/04/2022,ELP,TX,ASW,CE,Combined TRACON& Tower with Radar,92,31,24,1,148,0,4,50,0,54,92,35,74,1,202,82,0,82,284
06/05/2022,ELP,TX,ASW,CE,Combined TRACON& Tower with Radar,109,30,27,0,166,2,2,30,2,36,111,32,57,2,202,14,0,14,216
06/06/2022,ELP,TX,ASW,CE,Combined TRACON& Tower with Radar,111,37,37,14,199,0,16,46,5,67,111,53,83,19,266,0,0,0,266
06/07/2022,ELP,TX,ASW,CE,Combined TRACON& Tower with Radar,124,39,21,0,184,0,5,36,4,45,124,44,57,4,229,30,0,30,259
06/08/2022,ELP,TX,ASW,CE,Combined TRACON& Tower with Radar,127,51,20,2,200,0,6,37,16,59,127,57,57,18,259,0,0,0,259
06/09/2022,ELP,TX,ASW,CE,Combined TRACON& Tower with Radar,129,49,23,2,203,0,3,32,15,50,129,52,55,17,253,42,0,42,295
06/10/2022,ELP,TX,ASW,CE,Combined TRACON& Tower with Radar,124,33,19,6,182,0,4,45,5,54,124,37,64,11,236,8,0,8,244
06/11/2022,ELP,TX,ASW,CE,Combined TRACON& Tower with Radar,113,35,20,5,173,0,1,33,6,40,113,36,53,11,213,0,0,0,213
06/12/2022,ELP,TX,ASW,CE,Combined TRACON& Tower with Radar,102,19,34,4,159,0,2,35,4,41,102,21,69,8,200,22,0,22,222
06/13/2022,ELP,TX,ASW,CE,Combined TRACON& Tower with Radar,114,31,33,2,180,0,3,30,7,40,114,34,63,9,220,8,0,8,228
06/14/2022,ELP,TX,ASW,CE,Combined TRACON& Tower with Radar,134,47,31,2,214,0,16,40,10,66,134,63,71,12,280,10,10,20,300
06/15/2022,ELP,TX,ASW,CE,Combined TRACON& Tower with Radar,133,60,47,4,244,0,17,71,12,100,133,77,118,16,344,18,0,18,362
06/16/2022,ELP,TX,ASW,CE,Combined TRACON& Tower with Radar,123,66,28,3,220,1,11,19,7,38,124,77,47,10,258,30,0,30,288
06/17/2022,ELP,TX,ASW,CE,Combined TRACON& Tower with Radar,134,51,36,12,233,0,8,63,15,86,134,59,99,27,319,50,0,50,369
06/18/2022,ELP,TX,ASW,CE,Combined TRACON& Tower with Radar,114,25,19,13,171,0,6,65,13,84,114,31,84,26,255,31,0,31,286
06/19/2022,ELP,TX,ASW,CE,Combined TRACON& Tower with Radar,109,26,20,0,155,0,6,59,8,73,109,32,79,8,228,26,0,26,254
06/20/2022,ELP,TX,ASW,CE,Combined TRACON& Tower with Radar,123,31,25,5,184,0,1,61,15,77,123,32,86,20,261,12,0,12,273
06/21/2022,ELP,TX,ASW,CE,Combined TRACON& Tower with Radar,136,42,27,19,224,0,7,17,12,36,136,49,44,31,260,0,26,26,286
06/22/2022,ELP,TX,ASW,CE,Combined TRACON& Tower with Radar,135,61,38,6,240,0,5,33,21,59,135,66,71,27,299,20,0,20,319
06/23/2022,ELP,TX,ASW,CE,Combined TRACON& Tower with Radar,121,60,14,2,197,0,9,53,10,72,121,69,67,12,269,0,0,0,269
06/24/2022,ELP,TX,ASW,CE,Combined TRACON& Tower with Radar,131,37,28,34,230,1,8,36,4,49,132,45,64,38,279,0,0,0,279
06/25/2022,ELP,TX,ASW,CE,Combined TRACON& Tower with Radar,108,37,15,2,162,0,2,42,3,47,108,39,57,5,209,34,2,36,245
06/26/2022,ELP,TX,ASW,CE,Combined TRACON& Tower with Radar,111,18,21,6,156,0,2,22,2,26,111,20,43,8,182,2,0,2,184
06/27/2022,ELP,TX,ASW,CE,Combined TRACON& Tower with Radar,110,36,18,3,167,0,3,39,11,53,110,39,57,14,220,0,0,0,220
06/28/2022,ELP,TX,ASW,CE,Combined TRACON& Tower with Radar,125,33,26,4,188,0,17,43,8,68,125,50,69,12,256,6,0,6,262
06/29/2022,ELP,TX,ASW,CE,Combined TRACON& Tower with Radar,124,47,15,4,190,0,7,47,7,61,124,54,62,11,251,62,0,62,313
06/30/2022,ELP,TX,ASW,CE,Combined TRACON& Tower with Radar,125,42,24,3,194,0,7,42,10,59,125,49,66,13,253,71,0,71,324
07/01/2022,ELP,TX,ASW,CE,Combined TRACON& Tower with Radar,121,32,24,3,180,0,2,31,5,38,121,34,55,8,218,34,0,34,252
07/02/2022,ELP,TX,ASW,CE,Combined TRACON& Tower with Radar,102,23,22,3,150,0,1,38,4,43,102,24,60,7,193,42,0,42,235
07/03/2022,ELP,TX,ASW,CE,Combined TRACON& Tower with Radar,100,17,9,2,128,0,6,26,1,33,100,23,35,3,161,8,0,8,169
07/04/2022,ELP,TX,ASW,CE,Combined TRACON& Tower with Radar,105,19,11,1,136,0,2,32,1,35,105,21,43,2,171,0,0,0,171
07/05/2022,ELP,TX,ASW,CE,Combined TRACON& Tower with Radar,110,33,37,1,181,0,11,39,3,53,110,44,76,4,234,38,0,38,272
07/06/2022,ELP,TX,ASW,CE,Combined TRACON& Tower with Radar,117,32,34,17,200,0,12,27,38,77,117,44,61,55,277,34,0,34,311
07/07/2022,ELP,TX,ASW,CE,Combined TRACON& Tower with Radar,127,34,17,4,182,0,4,39,7,50,127,38,56,11,232,10,0,10,242
07/08/2022,ELP,TX,ASW,CE,Combined TRACON& Tower with Radar,119,29,48,9,205,0,6,23,10,39,119,35,71,19,244,36,0,36,280
07/09/2022,ELP,TX,ASW,CE,Combined TRACON& Tower with Radar,94,28,27,0,149,0,3,39,2,44,94,31,66,2,193,28,0,28,221
07/10/2022,ELP,TX,ASW,CE,Combined TRACON& Tower with Radar,108,21,20,4,153,0,3,39,5,47,108,24,59,9,200,0,0,0,200
07/11/2022,ELP,TX,ASW,CE,Combined TRACON& Tower with Radar,114,41,22,0,177,0,5,49,4,58,114,46,71,4,235,36,0,36,271
07/12/2022,ELP,TX,ASW,CE,Combined TRACON& Tower with Radar,120,36,22,6,184,0,7,36,12,55,120,43,58,18,239,28,2,30,269
07/13/2022,ELP,TX,ASW,CE,Combined TRACON& Tower with Radar,115,44,19,9,187,0,7,31,14,52,115,51,50,23,239,26,0,26,265
07/14/2022,ELP,TX,ASW,CE,Combined TRACON& Tower with Radar,122,41,23,9,195,0,3,28,8,39,122,44,51,17,234,32,10,42,276
07/15/2022,ELP,TX,ASW,CE,Combined TRACON& Tower with Radar,125,31,22,1,179,0,6,34,3,43,125,37,56,4,222,0,0,0,222
07/16/2022,ELP,TX,ASW,CE,Combined TRACON& Tower with Radar,102,31,6,6,145,0,9,31,2,42,102,40,37,8,187,10,0,10,197
07/17/2022,ELP,TX,ASW,CE,Combined TRACON& Tower with Radar,105,24,25,6,160,0,5,34,9,48,105,29,59,15,208,0,0,0,208
07/18/2022,ELP,TX,ASW,CE,Combined TRACON& Tower with Radar,114,40,43,16,213,0,12,43,8,63,114,52,86,24,276,13,12,25,301
07/19/2022,ELP,TX,ASW,CE,Combined TRACON& Tower with Radar,130,49,26,5,210,0,15,48,4,67,130,64,74,9,277,26,0,26,303
07/20/2022,ELP,TX,ASW,CE,Combined TRACON& Tower with Radar,120,44,21,4,189,0,2,31,8,41,120,46,52,12,230,24,0,24,254
07/21/2022,ELP,TX,ASW,CE,Combined TRACON& Tower with Radar,132,45,19,3,199,0,7,38,6,51,132,52,57,9,250,32,0,32,282
07/22/2022,ELP,TX,ASW,CE,Combined TRACON& Tower with Radar,127,35,31,12,205,0,7,27,7,41,127,42,58,19,246,32,0,32,278
07/23/2022,ELP,TX,ASW,CE,Combined TRACON& Tower with Radar,103,35,10,3,151,0,8,40,2,50,103,43,50,5,201,16,0,16,217
07/24/2022,ELP,TX,ASW,CE,Combined TRACON& Tower with Radar,107,20,28,8,163,0,3,29,6,38,107,23,57,14,201,14,0,14,215
07/25/2022,ELP,TX,ASW,CE,Combined TRACON& Tower with Radar,107,31,25,6,169,0,6,32,17,55,107,37,57,23,224,14,44,58,282
07/26/2022,ELP,TX,ASW,CE,Combined TRACON& Tower with Radar,126,48,23,2,199,0,11,44,7,62,126,59,67,9,261,0,0,0,261
07/27/2022,ELP,TX,ASW,CE,Combined TRACON& Tower with Radar,122,38,24,0,184,0,6,39,7,52,122,44,63,7,236,6,0,6,242
07/28/2022,ELP,TX,ASW,CE,Combined TRACON& Tower with Radar,121,42,21,6,190,0,6,31,6,43,121,48,52,12,233,18,0,18,251
07/29/2022,ELP,TX,ASW,CE,Combined TRACON& Tower with Radar,121,43,17,22,203,0,8,43,3,54,121,51,60,25,257,24,0,24,281
07/30/2022,ELP,TX,ASW,CE,Combined TRACON& Tower with Radar,102,40,18,1,161,0,10,36,5,51,102,50,54,6,212,20,0,20,232
07/31/2022,ELP,TX,ASW,CE,Combined TRACON& Tower with Radar,111,31,21,26,189,0,6,35,11,52,111,37,56,37,241,14,14,28,269
08/01/2022,ELP,TX,ASW,CE,Combined TRACON& Tower with Radar,115,33,23,3,174,0,7,42,14,63,115,40,65,17,237,0,0,0,237
08/02/2022,ELP,TX,ASW,CE,Combined TRACON& Tower with Radar,122,37,29,1,189,0,10,63,17,90,122,47,92,18,279,24,1,25,304
08/03/2022,ELP,TX,ASW,CE,Combined TRACON& Tower with Radar,128,47,24,0,199,0,9,45,15,69,128,56,69,15,268,0,0,0,268
08/04/2022,ELP,TX,ASW,CE,Combined TRACON& Tower with Radar,125,48,38,6,217,0,6,31,14,51,125,54,69,20,268,32,0,32,300
08/05/2022,ELP,TX,ASW,CE,Combined TRACON& Tower with Radar,113,24,24,15,176,0,4,41,2,47,113,28,65,17,223,50,0,50,273
08/06/2022,ELP,TX,ASW,CE,Combined TRACON& Tower with Radar,92,23,15,3,133,0,7,42,0,49,92,30,57,3,182,28,0,28,210
08/07/2022,ELP,TX,ASW,CE,Combined TRACON& Tower with Radar,105,20,23,6,154,0,6,26,3,35,105,26,49,9,189,0,0,0,189
08/08/2022,ELP,TX,ASW,CE,Combined TRACON& Tower with Radar,112,27,28,4,171,0,2,19,3,24,112,29,47,7,195,0,0,0,195
08/09/2022,ELP,TX,ASW,CE,Combined TRACON& Tower with Radar,118,34,14,2,168,0,7,38,3,48,118,41,52,5,216,18,0,18,234
08/10/2022,ELP,TX,ASW,CE,Combined TRACON& Tower with Radar,113,36,32,13,194,1,15,35,16,67,114,51,67,29,261,30,0,30,291
08/11/2022,ELP,TX,ASW,CE,Combined TRACON& Tower with Radar,116,44,31,12,203,0,4,30,14,48,116,48,61,26,251,14,0,14,265
08/12/2022,ELP,TX,ASW,CE,Combined TRACON& Tower with Radar,120,28,30,19,197,0,2,31,5,38,120,30,61,24,235,22,0,22,257
08/13/2022,ELP,TX,ASW,CE,Combined TRACON& Tower with Radar,98,28,20,2,148,0,12,58,0,70,98,40,78,2,218,90,0,90,308
08/14/2022,ELP,TX,ASW,CE,Combined TRACON& Tower with Radar,104,35,20,1,160,0,8,34,1,43,104,43,54,2,203,22,0,22,225
08/15/2022,ELP,TX,ASW,CE,Combined TRACON& Tower with Radar,121,31,25,0,177,0,6,36,1,43,121,37,61,1,220,10,0,10,230
08/16/2022,ELP,TX,ASW,CE,Combined TRACON& Tower with Radar,123,30,27,3,183,0,5,39,5,49,123,35,66,8,232,15,0,15,247
08/17/2022,ELP,TX,ASW,CE,Combined TRACON& Tower with Radar,117,40,12,6,175,0,3,11,2,16,117,43,23,8,191,0,0,0,191
08/18/2022,ELP,TX,ASW,CE,Combined TRACON& Tower with Radar,121,48,37,6,212,0,5,18,14,37,121,53,55,20,249,0,0,0,249
08/19/2022,ELP,TX,ASW,CE,Combined TRACON& Tower with Radar,128,37,28,8,201,0,5,22,1,28,128,42,50,9,229,0,0,0,229
08/20/2022,ELP,TX,ASW,CE,Combined TRACON& Tower with Radar,100,27,19,0,146,0,0,17,0,17,100,27,36,0,163,12,0,12,175
08/21/2022,ELP,TX,ASW,CE,Combined TRACON& Tower with Radar,101,21,20,2,144,0,1,25,0,26,101,22,45,2,170,6,0,6,176
08/22/2022,ELP,TX,ASW,CE,Combined TRACON& Tower with Radar,108,36,30,5,179,0,4,27,6,37,108,40,57,11,216,40,0,40,256
08/23/2022,ELP,TX,ASW,CE,Combined TRACON& Tower with Radar,122,52,23,0,197,0,6,33,8,47,122,58,56,8,244,6,0,6,250
08/24/2022,ELP,TX,ASW,CE,Combined TRACON& Tower with Radar,124,57,27,6,214,0,5,38,6,49,124,62,65,12,263,8,0,8,271
08/25/2022,ELP,TX,ASW,CE,Combined TRACON& Tower with Radar,125,48,31,4,208,0,6,61,2,69,125,54,92,6,277,34,20,54,331
08/26/2022,ELP,TX,ASW,CE,Combined TRACON& Tower with Radar,122,39,37,16,214,1,13,55,4,73,123,52,92,20,287,20,0,20,307
08/27/2022,ELP,TX,ASW,CE,Combined TRACON& Tower with Radar,98,34,13,3,148,0,2,33,0,35,98,36,46,3,183,18,0,18,201
08/28/2022,ELP,TX,ASW,CE,Combined TRACON& Tower with Radar,114,41,19,4,178,0,3,25,0,28,114,44,44,4,206,6,0,6,212
08/29/2022,ELP,TX,ASW,CE,Combined TRACON& Tower with Radar,116,42,42,4,204,0,6,33,2,41,116,48,75,6,245,6,0,6,251
08/30/2022,ELP,TX,ASW,CE,Combined TRACON& Tower with Radar,126,37,24,2,189,0,10,40,5,55,126,47,64,7,244,20,0,20,264
08/31/2022,ELP,TX,ASW,CE,Combined TRACON& Tower with Radar,135,60,17,7,219,0,3,25,13,41,135,63,42,20,260,0,0,0,260
09/01/2022,ELP,TX,ASW,CE,Combined TRACON& Tower with Radar,126,48,21,3,198,0,2,26,3,31,126,50,47,6,229,8,0,8,237
09/02/2022,ELP,TX,ASW,CE,Combined TRACON& Tower with Radar,125,48,29,10,212,0,9,28,1,38,125,57,57,11,250,0,0,0,250
09/03/2022,ELP,TX,ASW,CE,Combined TRACON& Tower with Radar,97,28,22,2,149,0,7,23,2,32,97,35,45,4,181,0,0,0,181
09/04/2022,ELP,TX,ASW,CE,Combined TRACON& Tower with Radar,90,15,6,0,111,0,7,26,0,33,90,22,32,0,144,12,0,12,156
09/05/2022,ELP,TX,ASW,CE,Combined TRACON& Tower with Radar,112,26,24,2,164,0,14,39,3,56,112,40,63,5,220,19,0,19,239
09/06/2022,ELP,TX,ASW,CE,Combined TRACON& Tower with Radar,113,40,26,2,181,0,11,33,3,47,113,51,59,5,228,0,0,0,228
09/07/2022,ELP,TX,ASW,CE,Combined TRACON& Tower with Radar,116,28,21,0,165,0,3,39,13,55,116,31,60,13,220,0,0,0,220
09/08/2022,ELP,TX,ASW,CE,Combined TRACON& Tower with Radar,134,46,25,4,209,0,10,29,11,50,134,56,54,15,259,10,5,15,274
09/09/2022,ELP,TX,ASW,CE,Combined TRACON& Tower with Radar,126,50,28,2,206,0,12,49,10,71,126,62,77,12,277,12,0,12,289
09/10/2022,ELP,TX,ASW,CE,Combined TRACON& Tower with Radar,103,22,30,2,157,2,6,56,1,65,105,28,86,3,222,47,0,47,269
09/11/2022,ELP,TX,ASW,CE,Combined TRACON& Tower with Radar,113,29,19,0,161,0,3,30,2,35,113,32,49,2,196,34,0,34,230
09/12/2022,ELP,TX,ASW,CE,Combined TRACON& Tower with Radar,130,38,12,4,184,0,6,28,3,37,130,44,40,7,221,44,0,44,265
09/13/2022,ELP,TX,ASW,CE,Combined TRACON& Tower with Radar,120,38,15,2,175,0,11,20,2,33,120,49,35,4,208,26,0,26,234
09/14/2022,ELP,TX,ASW,CE,Combined TRACON& Tower with Radar,124,45,24,2,195,0,14,39,16,69,124,59,63,18,264,24,0,24,288
09/15/2022,ELP,TX,ASW,CE,Combined TRACON& Tower with Radar,134,43,18,1,196,2,7,44,3,56,136,50,62,4,252,0,0,0,252
09/16/2022,ELP,TX,ASW,CE,Combined TRACON& Tower with Radar,131,35,12,5,183,0,8,54,1,63,131,43,66,6,246,0,0,0,246
09/17/2022,ELP,TX,ASW,CE,Combined TRACON& Tower with Radar,102,23,26,4,155,0,8,37,2,47,102,31,63,6,202,0,0,0,202
09/18/2022,ELP,TX,ASW,CE,Combined TRACON& Tower with Radar,115,24,22,1,162,0,10,52,4,66,115,34,74,5,228,18,0,18,246
09/19/2022,ELP,TX,ASW,CE,Combined TRACON& Tower with Radar,127,39,27,4,197,0,1,29,0,30,127,40,56,4,227,0,0,0,227
09/20/2022,ELP,TX,ASW,CE,Combined TRACON& Tower with Radar,124,39,20,4,187,0,4,35,3,42,124,43,55,7,229,2,0,2,231
09/21/2022,ELP,TX,ASW,CE,Combined TRACON& Tower with Radar,125,42,29,11,207,0,14,46,6,66,125,56,75,17,273,12,0,12,285
09/22/2022,ELP,TX,ASW,CE,Combined TRACON& Tower with Radar,145,35,23,7,210,0,10,42,7,59,145,45,65,14,269,4,0,4,273
09/23/2022,ELP,TX,ASW,CE,Combined TRACON& Tower with Radar,133,51,23,29,236,0,7,39,5,51,133,58,62,34,287,20,0,20,307
09/24/2022,ELP,TX,ASW,CE,Combined TRACON& Tower with Radar,113,25,17,1,156,2,9,57,1,69,115,34,74,2,225,60,0,60,285
09/25/2022,ELP,TX,ASW,CE,Combined TRACON& Tower with Radar,111,26,22,0,159,0,3,27,0,30,111,29,49,0,189,24,0,24,213
09/26/2022,ELP,TX,ASW,CE,Combined TRACON& Tower with Radar,135,58,16,2,211,0,8,30,19,57,135,66,46,21,268,0,0,0,268
09/27/2022,ELP,TX,ASW,CE,Combined TRACON& Tower with Radar,138,57,27,2,224,0,11,45,10,66,138,68,72,12,290,50,0,50,340
09/28/2022,ELP,TX,ASW,CE,Combined TRACON& Tower with Radar,134,41,28,4,207,0,12,48,15,75,134,53,76,19,282,0,0,0,282
09/29/2022,ELP,TX,ASW,CE,Combined TRACON& Tower with Radar,140,37,30,2,209,0,10,65,13,88,140,47,95,15,297,11,0,11,308
09/30/2022,ELP,TX,ASW,CE,Combined TRACON& Tower with Radar,148,31,29,18,226,0,10,46,2,58,148,41,75,20,284,24,0,24,308
10/01/2022,ELP,TX,ASW,CE,Combined TRACON& Tower with Radar,108,16,26,4,154,0,7,49,5,61,108,23,75,9,215,58,0,58,273
10/02/2022,ELP,TX,ASW,CE,Combined TRACON& Tower with Radar,127,14,27,19,187,0,4,35,5,44,127,18,62,24,231,6,0,6,237
10/03/2022,ELP,TX,ASW,CE,Combined TRACON& Tower with Radar,130,24,23,19,196,0,7,26,3,36,130,31,49,22,232,24,0,24,256
10/04/2022,ELP,TX,ASW,CE,Combined TRACON& Tower with Radar,129,26,35,3,193,0,8,36,1,45,129,34,71,4,238,0,0,0,238
10/05/2022,ELP,TX,ASW,CE,Combined TRACON& Tower with Radar,134,41,33,7,215,0,5,20,10,35,134,46,53,17,250,16,0,16,266
10/06/2022,ELP,TX,ASW,CE,Combined TRACON& Tower with Radar,149,40,36,4,229,0,6,27,2,35,149,46,63,6,264,0,0,0,264
10/07/2022,ELP,TX,ASW,CE,Combined TRACON& Tower with Radar,142,38,24,7,211,0,3,37,11,51,142,41,61,18,262,18,0,18,280
10/08/2022,ELP,TX,ASW,CE,Combined TRACON& Tower with Radar,110,17,34,1,162,0,3,21,2,26,110,20,55,3,188,32,0,32,220
10/09/2022,ELP,TX,ASW,CE,Combined TRACON& Tower with Radar,121,15,24,6,166,0,3,35,1,39,121,18,59,7,205,0,0,0,205
10/10/2022,ELP,TX,ASW,CE,Combined TRACON& Tower with Radar,126,30,29,10,195,0,9,34,7,50,126,39,63,17,245,0,0,0,245
10/11/2022,ELP,TX,ASW,CE,Combined TRACON& Tower with Radar,134,51,29,16,230,0,10,47,32,89,134,61,76,48,319,28,0,28,347
10/12/2022,ELP,TX,ASW,CE,Combined TRACON& Tower with Radar,145,51,44,0,240,1,10,58,7,76,146,61,102,7,316,0,0,0,316
10/13/2022,ELP,TX,ASW,CE,Combined TRACON& Tower with Radar,139,43,40,3,225,0,8,46,8,62,139,51,86,11,287,0,0,0,287
10/14/2022,ELP,TX,ASW,CE,Combined TRACON& Tower with Radar,142,53,27,9,231,0,9,46,7,62,142,62,73,16,293,36,0,36,329
10/15/2022,ELP,TX,ASW,CE,Combined TRACON& Tower with Radar,115,31,32,0,178,2,6,57,2,67,117,37,89,2,245,0,0,0,245
10/16/2022,ELP,TX,ASW,CE,Combined TRACON& Tower with Radar,119,26,31,2,178,0,1,24,2,27,119,27,55,4,205,14,0,14,219
10/17/2022,ELP,TX,ASW,CE,Combined TRACON& Tower with Radar,133,57,37,1,228,0,4,18,4,26,133,61,55,5,254,0,0,0,254
10/18/2022,ELP,TX,ASW,CE,Combined TRACON& Tower with Radar,141,57,19,10,227,0,4,36,7,47,141,61,55,17,274,30,0,30,304
10/19/2022,ELP,TX,ASW,CE,Combined TRACON& Tower with Radar,141,45,23,4,213,0,14,43,12,69,141,59,66,16,282,26,0,26,308
10/20/2022,ELP,TX,ASW,CE,Combined TRACON& Tower with Radar,138,60,37,0,235,0,15,62,8,85,138,75,99,8,320,33,0,33,353
10/21/2022,ELP,TX,ASW,CE,Combined TRACON& Tower with Radar,135,29,26,13,203,0,6,55,8,69,135,35,81,21,272,4,0,4,276
10/22/2022,ELP,TX,ASW,CE,Combined TRACON& Tower with Radar,105,21,26,2,154,1,11,46,4,62,106,32,72,6,216,0,0,0,216
10/23/2022,ELP,TX,ASW,CE,Combined TRACON& Tower with Radar,115,28,26,9,178,0,2,19,8,29,115,30,45,17,207,0,0,0,207
10/24/2022,ELP,TX,ASW,CE,Combined TRACON& Tower with Radar,123,35,27,6,191,0,4,10,9,23,123,39,37,15,214,0,0,0,214
10/25/2022,ELP,TX,ASW,CE,Combined TRACON& Tower with Radar,137,32,36,11,216,0,14,62,9,85,137,46,98,20,301,26,0,26,327
10/26/2022,ELP,TX,ASW,CE,Combined TRACON& Tower with Radar,133,55,35,5,228,0,6,62,9,77,133,61,97,14,305,20,0,20,325
10/27/2022,ELP,TX,ASW,CE,Combined TRACON& Tower with Radar,142,33,39,1,215,0,4,36,2,42,142,37,75,3,257,0,0,0,257
10/28/2022,ELP,TX,ASW,CE,Combined TRACON& Tower with Radar,123,45,29,7,204,0,9,73,8,90,123,54,102,15,294,20,0,20,314
10/29/2022,ELP,TX,ASW,CE,Combined TRACON& Tower with Radar,100,32,21,0,153,0,4,52,0,56,100,36,73,0,209,0,0,0,209
10/30/2022,ELP,TX,ASW,CE,Combined TRACON& Tower with Radar,120,28,13,0,161,0,9,50,0,59,120,37,63,0,220,18,0,18,238
10/31/2022,ELP,TX,ASW,CE,Combined TRACON& Tower with Radar,119,33,17,2,171,0,13,43,11,67,119,46,60,13,238,12,0,12,250
11/01/2022,ELP,TX,ASW,CE,Combined TRACON& Tower with Radar,137,47,24,8,216,0,14,50,27,91,137,61,74,35,307,40,0,40,347
11/02/2022,ELP,TX,ASW,CE,Combined TRACON& Tower with Radar,136,39,35,7,217,0,18,65,12,95,136,57,100,19,312,30,0,30,342
11/03/2022,ELP,TX,ASW,CE,Combined TRACON& Tower with Radar,136,44,32,12,224,0,4,30,8,42,136,48,62,20,266,0,0,0,266
11/04/2022,ELP,TX,ASW,CE,Combined TRACON& Tower with Radar,129,31,31,48,239,1,7,21,17,46,130,38,52,65,285,0,6,6,291
11/05/2022,ELP,TX,ASW,CE,Combined TRACON& Tower with Radar,104,33,31,5,173,0,13,59,2,74,104,46,90,7,247,0,0,0,247
11/06/2022,ELP,TX,ASW,CE,Combined TRACON& Tower with Radar,125,25,19,29,198,0,9,61,2,72,125,34,80,31,270,48,0,48,318
11/07/2022,ELP,TX,ASW,CE,Combined TRACON& Tower with Radar,122,37,30,3,192,0,6,53,2,61,122,43,83,5,253,64,0,64,317
11/08/2022,ELP,TX,ASW,CE,Combined TRACON& Tower with Radar,147,41,41,3,232,1,17,63,7,88,148,58,104,10,320,14,0,14,334
11/09/2022,ELP,TX,ASW,CE,Combined TRACON& Tower with Radar,140,42,35,4,221,0,9,42,3,54,140,51,77,7,275,0,0,0,275
11/10/2022,ELP,TX,ASW,CE,Combined TRACON& Tower with Radar,140,40,46,4,230,1,6,73,4,84,141,46,119,8,314,0,0,0,314
11/11/2022,ELP,TX,ASW,CE,Combined TRACON& Tower with Radar,133,32,31,2,198,0,6,39,6,51,133,38,70,8,249,20,0,20,269
11/12/2022,ELP,TX,ASW,CE,Combined TRACON& Tower with Radar,111,33,28,4,176,0,5,34,2,41,111,38,62,6,217,0,0,0,217
11/13/2022,ELP,TX,ASW,CE,Combined TRACON& Tower with Radar,125,19,34,4,182,0,5,27,3,35,125,24,61,7,217,14,0,14,231
11/14/2022,ELP,TX,ASW,CE,Combined TRACON& Tower with Radar,126,40,34,1,201,0,5,25,2,32,126,45,59,3,233,0,0,0,233
11/15/2022,ELP,TX,ASW,CE,Combined TRACON& Tower with Radar,151,27,35,5,218,1,4,24,4,33,152,31,59,9,251,0,0,0,251
11/16/2022,ELP,TX,ASW,CE,Combined TRACON& Tower with Radar,141,43,29,9,222,0,5,27,15,47,141,48,56,24,269,0,0,0,269
11/17/2022,ELP,TX,ASW,CE,Combined TRACON& Tower with Radar,139,38,30,5,212,0,8,43,11,62,139,46,73,16,274,0,0,0,274
11/18/2022,ELP,TX,ASW,CE,Combined TRACON& Tower with Radar,137,49,31,29,246,0,10,30,12,52,137,59,61,41,298,0,0,0,298
11/19/2022,ELP,TX,ASW,CE,Combined TRACON& Tower with Radar,125,45,31,7,208,0,7,35,3,45,125,52,66,10,253,92,0,92,345
11/20/2022,ELP,TX,ASW,CE,Combined TRACON& Tower with Radar,137,20,27,5,189,0,5,18,0,23,137,25,45,5,212,0,0,0,212
11/21/2022,ELP,TX,ASW,CE,Combined TRACON& Tower with Radar,123,34,26,10,193,0,11,36,2,49,123,45,62,12,242,20,0,20,262
11/22/2022,ELP,TX,ASW,CE,Combined TRACON& Tower with Radar,155,57,27,10,249,0,12,39,8,59,155,69,66,18,308,56,0,56,364
11/23/2022,ELP,TX,ASW,CE,Combined TRACON& Tower with Radar,155,42,30,2,229,0,5,30,7,42,155,47,60,9,271,16,2,18,289
11/24/2022,ELP,TX,ASW,CE,Combined TRACON& Tower with Radar,108,27,6,2,143,0,2,1,7,10,108,29,7,9,153,0,0,0,153
11/25/2022,ELP,TX,ASW,CE,Combined TRACON& Tower with Radar,149,17,16,0,182,0,1,5,0,6,149,18,21,0,188,0,0,0,188
11/26/2022,ELP,TX,ASW,CE,Combined TRACON& Tower with Radar,113,31,13,0,157,0,4,27,1,32,113,35,40,1,189,0,0,0,189
11/27/2022,ELP,TX,ASW,CE,Combined TRACON& Tower with Radar,130,30,31,0,191,0,2,36,3,41,130,32,67,3,232,20,0,20,252
11/28/2022,ELP,TX,ASW,CE,Combined TRACON& Tower with Radar,132,47,28,0,207,0,13,26,1,40,132,60,54,1,247,0,0,0,247
11/29/2022,ELP,TX,ASW,CE,Combined TRACON& Tower with Radar,149,38,14,12,213,0,7,19,1,27,149,45,33,13,240,8,18,26,266
11/30/2022,ELP,TX,ASW,CE,Combined TRACON& Tower with Radar,135,53,31,6,225,0,15,40,27,82,135,68,71,33,307,20,10,30,337
12/01/2022,ELP,TX,ASW,CE,Combined TRACON& Tower with Radar,154,52,40,8,254,0,11,35,9,55,154,63,75,17,309,38,0,38,347
12/02/2022,ELP,TX,ASW,CE,Combined TRACON& Tower with Radar,140,52,29,2,223,0,9,31,12,52,140,61,60,14,275,20,0,20,295
12/03/2022,ELP,TX,ASW,CE,Combined TRACON& Tower with Radar,123,48,22,4,197,0,8,34,1,43,123,56,56,5,240,0,0,0,240
12/04/2022,ELP,TX,ASW,CE,Combined TRACON& Tower with Radar,136,32,30,9,207,2,9,43,6,60,138,41,73,15,267,48,0,48,315
12/05/2022,ELP,TX,ASW,CE,Combined TRACON& Tower with Radar,140,39,30,8,217,3,9,49,1,62,143,48,79,9,279,14,8,22,301
12/06/2022,ELP,TX,ASW,CE,Combined TRACON& Tower with Radar,151,35,40,6,232,0,5,45,4,54,151,40,85,10,286,6,0,6,292
12/07/2022,ELP,TX,ASW,CE,Combined TRACON& Tower with Radar,141,66,37,8,252,0,11,41,5,57,141,77,78,13,309,30,0,30,339
12/08/2022,ELP,TX,ASW,CE,Combined TRACON& Tower with Radar,149,53,38,11,251,0,8,67,11,86,149,61,105,22,337,0,0,0,337
12/09/2022,ELP,TX,ASW,CE,Combined TRACON& Tower with Radar,132,36,31,27,226,0,2,50,9,61,132,38,81,36,287,35,0,35,322
12/10/2022,ELP,TX,ASW,CE,Combined TRACON& Tower with Radar,116,26,18,9,169,0,2,42,2,46,116,28,60,11,215,22,0,22,237
12/11/2022,ELP,TX,ASW,CE,Combined TRACON& Tower with Radar,127,33,24,40,224,0,1,42,15,58,127,34,66,55,282,8,12,20,302
12/12/2022,ELP,TX,ASW,CE,Combined TRACON& Tower with Radar,124,45,40,21,230,0,3,7,7,17,124,48,47,28,247,0,0,0,247
12/13/2022,ELP,TX,ASW,CE,Combined TRACON& Tower with Radar,148,59,22,4,233,1,6,28,1,36,149,65,50,5,269,0,0,0,269
12/14/2022,ELP,TX,ASW,CE,Combined TRACON& Tower with Radar,148,54,38,10,250,0,13,27,3,43,148,67,65,13,293,0,0,0,293
12/15/2022,ELP,TX,ASW,CE,Combined TRACON& Tower with Radar,142,66,34,6,248,1,9,36,2,48,143,75,70,8,296,0,0,0,296
12/16/2022,ELP,TX,ASW,CE,Combined TRACON& Tower with Radar,134,56,23,28,241,0,6,35,4,45,134,62,58,32,286,40,0,40,326
12/17/2022,ELP,TX,ASW,CE,Combined TRACON& Tower with Radar,112,52,24,6,194,0,7,34,0,41,112,59,58,6,235,0,0,0,235
12/18/2022,ELP,TX,ASW,CE,Combined TRACON& Tower with Radar,127,31,11,29,198,0,4,37,9,50,127,35,48,38,248,34,6,40,288
12/19/2022,ELP,TX,ASW,CE,Combined TRACON& Tower with Radar,117,49,22,16,204,1,10,34,3,48,118,59,56,19,252,28,14,42,294
12/20/2022,ELP,TX,ASW,CE,Combined TRACON& Tower with Radar,151,45,36,8,240,1,12,62,14,89,152,57,98,22,329,20,20,40,369
12/21/2022,ELP,TX,ASW,CE,Combined TRACON& Tower with Radar,139,39,29,0,207,8,7,56,7,78,147,46,85,7,285,38,0,38,323
12/22/2022,ELP,TX,ASW,CE,Combined TRACON& Tower with Radar,138,43,31,9,221,0,5,45,10,60,138,48,76,19,281,0,0,0,281
12/23/2022,ELP,TX,ASW,CE,Combined TRACON& Tower with Radar,103,43,24,0,170,0,5,28,4,37,103,48,52,4,207,28,0,28,235
12/24/2022,ELP,TX,ASW,CE,Combined TRACON& Tower with Radar,78,27,13,0,118,2,5,19,1,27,80,32,32,1,145,0,0,0,145
12/25/2022,ELP,TX,ASW,CE,Combined TRACON& Tower with Radar,68,26,14,0,108,0,6,14,3,23,68,32,28,3,131,12,0,12,143
12/26/2022,ELP,TX,ASW,CE,Combined TRACON& Tower with Radar,67,56,47,0,170,0,7,50,4,61,67,63,97,4,231,20,0,20,251
12/27/2022,ELP,TX,ASW,CE,Combined TRACON& Tower with Radar,89,45,33,4,171,0,15,31,1,47,89,60,64,5,218,0,0,0,218
12/28/2022,ELP,TX,ASW,CE,Combined TRACON& Tower with Radar,101,32,40,2,175,0,6,13,20,39,101,38,53,22,214,0,0,0,214
12/29/2022,ELP,TX,ASW,CE,Combined TRACON& Tower with Radar,97,43,48,0,188,0,13,50,14,77,97,56,98,14,265,10,0,10,275
12/30/2022,ELP,TX,ASW,CE,Combined TRACON& Tower with Radar,130,47,52,2,231,0,4,28,3,35,130,51,80,5,266,0,0,0,266
12/31/2022,ELP,TX,ASW,CE,Combined TRACON& Tower with Radar,94,25,32,0,151,0,4,21,3,28,94,29,53,3,179,0,0,0,179
01/01/2023,ELP,TX,ASW,CE,Combined TRACON& Tower with Radar,96,45,28,1,170,0,1,21,0,22,96,46,49,1,192,0,0,0,192
01/02/2023,ELP,TX,ASW,CE,Combined TRACON& Tower with Radar,109,30,44,0,183,0,2,8,0,10,109,32,52,0,193,0,0,0,193
01/03/2023,ELP,TX,ASW,CE,Combined TRACON& Tower with Radar,118,47,40,1,206,0,7,21,5,33,118,54,61,6,239,0,0,0,239
01/04/2023,ELP,TX,ASW,CE,Combined TRACON& Tower with Radar,125,58,28,5,216,0,14,43,7,64,125,72,71,12,280,0,0,0,280
01/05/2023,ELP,TX,ASW,CE,Combined TRACON& Tower with Radar,124,44,32,4,204,0,7,53,10,70,124,51,85,14,274,6,0,6,280
01/06/2023,ELP,TX,ASW,CE,Combined TRACON& Tower with Radar,113,33,38,3,187,0,14,27,2,43,113,47,65,5,230,0,0,0,230
01/07/2023,ELP,TX,ASW,CE,Combined TRACON& Tower with Radar,94,32,27,3,156,0,7,36,1,44,94,39,63,4,200,36,0,36,236
01/08/2023,ELP,TX,ASW,CE,Combined TRACON& Tower with Radar,102,13,4,8,127,3,10,21,6,40,105,23,25,14,167,0,0,0,167
01/09/2023,ELP,TX,ASW,CE,Combined TRACON& Tower with Radar,110,36,36,18,200,0,6,29,5,40,110,42,65,23,240,30,0,30,270
01/10/2023,ELP,TX,ASW,CE,Combined TRACON& Tower with Radar,121,48,47,6,222,0,11,70,8,89,121,59,117,14,311,0,0,0,311
01/11/2023,ELP,TX,ASW,CE,Combined TRACON& Tower with Radar,111,34,39,5,189,0,4,38,8,50,111,38,77,13,239,0,0,0,239
01/12/2023,ELP,TX,ASW,CE,Combined TRACON& Tower with Radar,133,38,22,3,196,0,4,72,13,89,133,42,94,16,285,0,0,0,285
01/13/2023,ELP,TX,ASW,CE,Combined TRACON& Tower with Radar,119,45,21,8,193,0,10,52,22,84,119,55,73,30,277,12,0,12,289
01/14/2023,ELP,TX,ASW,CE,Combined TRACON& Tower with Radar,85,34,19,4,142,0,4,53,3,60,85,38,72,7,202,22,0,22,224
01/15/2023,ELP,TX,ASW,CE,Combined TRACON& Tower with Radar,105,32,16,0,153,0,3,2,1,6,105,35,18,1,159,0,0,0,159
01/16/2023,ELP,TX,ASW,CE,Combined TRACON& Tower with Radar,110,31,25,2,168,0,1,25,0,26,110,32,50,2,194,28,0,28,222
01/17/2023,ELP,TX,ASW,CE,Combined TRACON& Tower with Radar,116,35,41,6,198,0,6,13,5,24,116,41,54,11,222,0,0,0,222
01/18/2023,ELP,TX,ASW,CE,Combined TRACON& Tower with Radar,111,28,28,11,178,0,12,29,11,52,111,40,57,22,230,12,0,12,242
01/19/2023,ELP,TX,ASW,CE,Combined TRACON& Tower with Radar,123,56,30,4,213,0,12,60,14,86,123,68,90,18,299,26,0,26,325
01/20/2023,ELP,TX,ASW,CE,Combined TRACON& Tower with Radar,116,42,25,7,190,0,6,39,7,52,116,48,64,14,242,8,0,8,250
01/21/2023,ELP,TX,ASW,CE,Combined TRACON& Tower with Radar,83,27,27,7,144,0,11,42,9,62,83,38,69,16,206,16,0,16,222
01/22/2023,ELP,TX,ASW,CE,Combined TRACON& Tower with Radar,107,29,13,3,152,2,3,33,5,43,109,32,46,8,195,4,0,4,199
01/23/2023,ELP,TX,ASW,CE,Combined TRACON& Tower with Radar,116,32,39,19,206,0,1,23,8,32,116,33,62,27,238,0,0,0,238
01/24/2023,ELP,TX,ASW,CE,Combined TRACON& Tower with Radar,116,39,33,12,200,0,6,20,13,39,116,45,53,25,239,0,0,0,239
01/25/2023,ELP,TX,ASW,CE,Combined TRACON& Tower with Radar,126,51,27,8,212,0,7,54,9,70,126,58,81,17,282,32,0,32,314
01/26/2023,ELP,TX,ASW,CE,Combined TRACON& Tower with Radar,125,44,34,4,207,0,16,42,7,65,125,60,76,11,272,0,0,0,272
01/27/2023,ELP,TX,ASW,CE,Combined TRACON& Tower with Radar,129,34,26,65,254,0,10,61,20,91,129,44,87,85,345,0,0,0,345
01/28/2023,ELP,TX,ASW,CE,Combined TRACON& Tower with Radar,85,22,22,7,136,1,9,46,6,62,86,31,68,13,198,42,0,42,240
01/29/2023,ELP,TX,ASW,CE,Combined TRACON& Tower with Radar,110,17,37,48,212,3,5,44,5,57,113,22,81,53,269,4,0,4,273
01/30/2023,ELP,TX,ASW,CE,Combined TRACON& Tower with Radar,109,39,26,25,199,0,4,41,24,69,109,43,67,49,268,32,0,32,300
01/31/2023,ELP,TX,ASW,CE,Combined TRACON& Tower with Radar,113,53,39,11,216,0,5,35,19,59,113,58,74,30,275,0,0,0,275
02/01/2023,ELP,TX,ASW,CE,Combined TRACON& Tower with Radar,100,51,47,0,198,0,5,21,4,30,100,56,68,4,228,6,0,6,234
02/02/2023,ELP,TX,ASW,CE,Combined TRACON& Tower with Radar,134,54,37,22,247,0,9,59,3,71,134,63,96,25,318,0,0,0,318
02/03/2023,ELP,TX,ASW,CE,Combined TRACON& Tower with Radar,126,35,33,72,266,0,14,55,13,82,126,49,88,85,348,0,0,0,348
02/04/2023,ELP,TX,ASW,CE,Combined TRACON& Tower with Radar,91,26,21,26,164,0,11,54,4,69,91,37,75,30,233,28,0,28,261
02/05/2023,ELP,TX,ASW,CE,Combined TRACON& Tower with Radar,111,21,19,10,161,0,7,40,6,53,111,28,59,16,214,0,0,0,214
02/06/2023,ELP,TX,ASW,CE,Combined TRACON& Tower with Radar,119,35,34,28,216,0,6,21,12,39,119,41,55,40,255,0,0,0,255
02/07/2023,ELP,TX,ASW,CE,Combined TRACON& Tower with Radar,125,41,24,8,198,0,3,18,13,34,125,44,42,21,232,0,0,0,232
02/08/2023,ELP,TX,ASW,CE,Combined TRACON& Tower with Radar,120,32,32,28,212,0,8,43,11,62,120,40,75,39,274,0,0,0,274
02/09/2023,ELP,TX,ASW,CE,Combined TRACON& Tower with Radar,138,39,34,5,216,0,4,21,4,29,138,43,55,9,245,0,0,0,245
02/10/2023,ELP,TX,ASW,CE,Combined TRACON& Tower with Radar,124,46,33,7,210,0,4,55,5,64,124,50,88,12,274,10,0,10,284
02/11/2023,ELP,TX,ASW,CE,Combined TRACON& Tower with Radar,89,21,23,12,145,0,5,34,10,49,89,26,57,22,194,0,0,0,194
02/12/2023,ELP,TX,ASW,CE,Combined TRACON& Tower with Radar,113,17,22,4,156,0,2,28,3,33,113,19,50,7,189,6,0,6,195
02/13/2023,ELP,TX,ASW,CE,Combined TRACON& Tower with Radar,135,27,31,3,196,0,4,18,1,23,135,31,49,4,219,0,0,0,219
02/14/2023,ELP,TX,ASW,CE,Combined TRACON& Tower with Radar,136,36,18,2,192,0,4,11,3,18,136,40,29,5,210,0,0,0,210
02/15/2023,ELP,TX,ASW,CE,Combined TRACON& Tower with Radar,121,37,40,3,201,0,3,10,0,13,121,40,50,3,214,0,0,0,214
02/16/2023,ELP,TX,ASW,CE,Combined TRACON& Tower with Radar,135,55,32,14,236,0,3,55,12,70,135,58,87,26,306,16,0,16,322
02/17/2023,ELP,TX,ASW,CE,Combined TRACON& Tower with Radar,136,33,38,10,217,0,1,43,6,50,136,34,81,16,267,14,0,14,281
02/18/2023,ELP,TX,ASW,CE,Combined TRACON& Tower with Radar,93,36,13,4,146,0,5,44,1,50,93,41,57,5,196,54,0,54,250
02/19/2023,ELP,TX,ASW,CE,Combined TRACON& Tower with Radar,105,30,21,1,157,0,3,11,1,15,105,33,32,2,172,6,0,6,178
02/20/2023,ELP,TX,ASW,CE,Combined TRACON& Tower with Radar,124,45,26,16,211,0,4,30,5,39,124,49,56,21,250,0,0,0,250
02/21/2023,ELP,TX,ASW,CE,Combined TRACON& Tower with Radar,134,43,25,6,208,0,6,21,6,33,134,49,46,12,241,20,8,28,269
02/22/2023,ELP,TX,ASW,CE,Combined TRACON& Tower with Radar,129,34,28,2,193,0,1,6,0,7,129,35,34,2,200,0,0,0,200
02/23/2023,ELP,TX,ASW,CE,Combined TRACON& Tower with Radar,134,49,35,5,223,0,12,58,8,78,134,61,93,13,301,0,0,0,301
02/24/2023,ELP,TX,ASW,CE,Combined TRACON& Tower with Radar,131,53,34,48,266,0,10,63,19,92,131,63,97,67,358,0,16,16,374
02/25/2023,ELP,TX,ASW,CE,Combined TRACON& Tower with Radar,96,46,35,18,195,0,10,56,4,70,96,56,91,22,265,22,0,22,287
02/26/2023,ELP,TX,ASW,CE,Combined TRACON& Tower with Radar,104,20,11,6,141,0,3,4,0,7,104,23,15,6,148,0,0,0,148
02/27/2023,ELP,TX,ASW,CE,Combined TRACON& Tower with Radar,137,47,30,25,239,0,14,43,10,67,137,61,73,35,306,34,0,34,340
02/28/2023,ELP,TX,ASW,CE,Combined TRACON& Tower with Radar,129,46,35,2,212,0,14,44,6,64,129,60,79,8,276,18,0,18,294
03/01/2023,ELP,TX,ASW,CE,Combined TRACON& Tower with Radar,130,45,40,3,218,0,4,25,4,33,130,49,65,7,251,0,0,0,251
03/02/2023,ELP,TX,ASW,CE,Combined TRACON& Tower with Radar,121,32,19,5,177,1,3,11,0,15,122,35,30,5,192,0,0,0,192
03/03/2023,ELP,TX,ASW,CE,Combined TRACON& Tower with Radar,135,34,28,38,235,0,6,41,13,60,135,40,69,51,295,38,10,48,343
03/04/2023,ELP,TX,ASW,CE,Combined TRACON& Tower with Radar,99,29,29,18,175,0,7,69,2,78,99,36,98,20,253,20,4,24,277
03/05/2023,ELP,TX,ASW,CE,Combined TRACON& Tower with Radar,109,24,21,27,181,0,11,27,2,40,109,35,48,29,221,26,0,26,247
03/06/2023,ELP,TX,ASW,CE,Combined TRACON& Tower with Radar,129,28,31,3,191,0,6,46,10,62,129,34,77,13,253,14,23,37,290
03/07/2023,ELP,TX,ASW,CE,Combined TRACON& Tower with Radar,126,30,27,18,201,0,9,39,5,53,126,39,66,23,254,29,0,29,283
03/08/2023,ELP,TX,ASW,CE,Combined TRACON& Tower with Radar,130,36,43,6,215,0,6,42,4,52,130,42,85,10,267,0,0,0,267
03/09/2023,ELP,TX,ASW,CE,Combined TRACON& Tower with Radar,128,32,39,8,207,0,9,46,7,62,128,41,85,15,269,0,0,0,269
03/10/2023,ELP,TX,ASW,CE,Combined TRACON& Tower with Radar,137,46,33,25,241,0,15,57,13,85,137,61,90,38,326,0,0,0,326
03/11/2023,ELP,TX,ASW,CE,Combined TRACON& Tower with Radar,91,25,31,1,148,0,10,30,0,40,91,35,61,1,188,24,0,24,212
03/12/2023,ELP,TX,ASW,CE,Combined TRACON& Tower with Radar,98,15,34,15,162,0,7,32,5,44,98,22,66,20,206,0,0,0,206
03/13/2023,ELP,TX,ASW,CE,Combined TRACON& Tower with Radar,140,36,25,7,208,0,4,48,8,60,140,40,73,15,268,0,36,36,304
03/14/2023,ELP,TX,ASW,CE,Combined TRACON& Tower with Radar,127,39,48,3,217,1,24,61,5,91,128,63,109,8,308,34,40,74,382
03/15/2023,ELP,TX,ASW,CE,Combined TRACON& Tower with Radar,148,28,37,4,217,0,6,38,8,52,148,34,75,12,269,20,0,20,289
03/16/2023,ELP,TX,ASW,CE,Combined TRACON& Tower with Radar,124,41,29,4,198,0,3,22,0,25,124,44,51,4,223,0,0,0,223
03/17/2023,ELP,TX,ASW,CE,Combined TRACON& Tower with Radar,136,46,26,33,241,0,3,44,12,59,136,49,70,45,300,0,0,0,300
03/18/2023,ELP,TX,ASW,CE,Combined TRACON& Tower with Radar,98,30,20,2,150,0,2,24,0,26,98,32,44,2,176,30,0,30,206
03/19/2023,ELP,TX,ASW,CE,Combined TRACON& Tower with Radar,101,31,28,18,178,0,3,38,1,42,101,34,66,19,220,30,0,30,250
03/20/2023,ELP,TX,ASW,CE,Combined TRACON& Tower with Radar,136,23,20,19,198,0,7,41,5,53,136,30,61,24,251,24,0,24,275
03/21/2023,ELP,TX,ASW,CE,Combined TRACON& Tower with Radar,133,30,28,5,196,0,16,37,3,56,133,46,65,8,252,12,22,34,286
03/22/2023,ELP,TX,ASW,CE,Combined TRACON& Tower with Radar,137,51,48,6,242,0,10,47,7,64,137,61,95,13,306,8,0,8,314
03/23/2023,ELP,TX,ASW,CE,Combined TRACON& Tower with Radar,126,53,41,22,242,0,6,44,22,72,126,59,85,44,314,8,0,8,322
03/24/2023,ELP,TX,ASW,CE,Combined TRACON& Tower with Radar,131,32,31,56,250,0,4,33,18,55,131,36,64,74,305,0,10,10,315
03/25/2023,ELP,TX,ASW,CE,Combined TRACON& Tower with Radar,101,20,38,0,159,0,6,56,0,62,101,26,94,0,221,34,0,34,255
03/26/2023,ELP,TX,ASW,CE,Combined TRACON& Tower with Radar,102,11,43,2,158,0,12,34,7,53,102,23,77,9,211,0,0,0,211
03/27/2023,ELP,TX,ASW,CE,Combined TRACON& Tower with Radar,124,42,26,5,197,0,10,61,6,77,124,52,87,11,274,84,4,88,362
03/28/2023,ELP,TX,ASW,CE,Combined TRACON& Tower with Radar,126,32,36,8,202,0,7,36,9,52,126,39,72,17,254,0,0,0,254
03/29/2023,ELP,TX,ASW,CE,Combined TRACON& Tower with Radar,133,43,28,2,206,0,11,63,18,92,133,54,91,20,298,72,0,72,370
03/30/2023,ELP,TX,ASW,CE,Combined TRACON& Tower with Radar,135,44,24,1,204,0,4,18,7,29,135,48,42,8,233,0,0,0,233
03/31/2023,ELP,TX,ASW,CE,Combined TRACON& Tower with Radar,137,36,22,30,225,0,11,31,9,51,137,47,53,39,276,16,8,24,300
04/01/2023,ELP,TX,ASW,CE,Combined TRACON& Tower with Radar,97,36,40,3,176,0,7,50,0,57,97,43,90,3,233,22,0,22,255
04/02/2023,ELP,TX,ASW,CE,Combined TRACON& Tower with Radar,106,21,25,9,161,0,8,30,4,42,106,29,55,13,203,0,0,0,203
04/03/2023,ELP,TX,ASW,CE,Combined TRACON& Tower with Radar,130,14,19,2,165,0,2,25,0,27,130,16,44,2,192,0,0,0,192
04/04/2023,ELP,TX,ASW,CE,Combined TRACON& Tower with Radar,134,31,19,0,184,0,5,11,1,17,134,36,30,1,201,0,0,0,201
04/05/2023,ELP,TX,ASW,CE,Combined TRACON& Tower with Radar,128,37,30,6,201,0,9,58,10,77,128,46,88,16,278,10,0,10,288
04/06/2023,ELP,TX,ASW,CE,Combined TRACON& Tower with Radar,126,15,22,3,166,0,8,45,8,61,126,23,67,11,227,16,0,16,243
04/07/2023,ELP,TX,ASW,CE,Combined TRACON& Tower with Radar,132,20,19,10,181,0,12,41,10,63,132,32,60,20,244,48,20,68,312
04/08/2023,ELP,TX,ASW,CE,Combined TRACON& Tower with Radar,94,21,24,4,143,0,4,37,2,43,94,25,61,6,186,26,0,26,212
04/09/2023,ELP,TX,ASW,CE,Combined TRACON& Tower with Radar,105,26,20,2,153,0,8,29,2,39,105,34,49,4,192,0,0,0,192
04/10/2023,ELP,TX,ASW,CE,Combined TRACON& Tower with Radar,134,19,34,18,205,0,9,51,22,82,134,28,85,40,287,30,0,30,317
04/11/2023,ELP,TX,ASW,CE,Combined TRACON& Tower with Radar,134,40,26,21,221,0,7,33,15,55,134,47,59,36,276,0,0,0,276
04/12/2023,ELP,TX,ASW,CE,Combined TRACON& Tower with Radar,145,32,32,15,224,1,8,59,10,78,146,40,91,25,302,0,0,0,302
04/13/2023,ELP,TX,ASW,CE,Combined TRACON& Tower with Radar,133,31,34,3,201,0,10,56,11,77,133,41,90,14,278,12,0,12,290
04/14/2023,ELP,TX,ASW,CE,Combined TRACON& Tower with Radar,138,27,29,17,211,0,7,33,5,45,138,34,62,22,256,6,1,7,263
04/15/2023,ELP,TX,ASW,CE,Combined TRACON& Tower with Radar,105,31,21,6,163,0,7,58,4,69,105,38,79,10,232,0,0,0,232
04/16/2023,ELP,TX,ASW,CE,Combined TRACON& Tower with Radar,119,32,18,5,174,0,9,42,2,53,119,41,60,7,227,0,0,0,227
04/17/2023,ELP,TX,ASW,CE,Combined TRACON& Tower with Radar,140,46,20,5,211,0,11,52,10,73,140,57,72,15,284,8,0,8,292
04/18/2023,ELP,TX,ASW,CE,Combined TRACON& Tower with Radar,144,42,20,5,211,0,7,34,11,52,144,49,54,16,263,6,0,6,269
04/19/2023,ELP,TX,ASW,CE,Combined TRACON& Tower with Radar,143,45,22,8,218,0,14,33,7,54,143,59,55,15,272,0,0,0,272
04/20/2023,ELP,TX,ASW,CE,Combined TRACON& Tower with Radar,137,30,28,6,201,0,5,48,13,66,137,35,76,19,267,10,0,10,277
04/21/2023,ELP,TX,ASW,CE,Combined TRACON& Tower with Radar,144,33,30,13,220,0,4,33,4,41,144,37,63,17,261,0,0,0,261
04/22/2023,ELP,TX,ASW,CE,Combined TRACON& Tower with Radar,107,22,22,2,153,0,5,49,2,56,107,27,71,4,209,2,0,2,211
04/23/2023,ELP,TX,ASW,CE,Combined TRACON& Tower with Radar,124,31,31,12,198,0,5,31,8,44,124,36,62,20,242,25,10,35,277
04/24/2023,ELP,TX,ASW,CE,Combined TRACON& Tower with Radar,137,29,28,6,200,0,8,29,11,48,137,37,57,17,248,0,0,0,248
04/25/2023,ELP,TX,ASW,CE,Combined TRACON& Tower with Radar,137,29,25,4,195,0,7,46,6,59,137,36,71,10,254,10,0,10,264
04/26/2023,ELP,TX,ASW,CE,Combined TRACON& Tower with Radar,142,23,47,7,219,0,5,45,7,57,142,28,92,14,276,0,0,0,276
04/27/2023,ELP,TX,ASW,CE,Combined TRACON& Tower with Radar,136,28,31,11,206,1,7,46,9,63,137,35,77,20,269,24,8,32,301
04/28/2023,ELP,TX,ASW,CE,Combined TRACON& Tower with Radar,132,33,23,55,243,0,6,30,6,42,132,39,53,61,285,0,0,0,285
04/29/2023,ELP,TX,ASW,CE,Combined TRACON& Tower with Radar,103,32,17,6,158,3,18,51,2,74,106,50,68,8,232,0,0,0,232
04/30/2023,ELP,TX,ASW,CE,Combined TRACON& Tower with Radar,110,23,25,24,182,1,19,37,2,59,111,42,62,26,241,8,0,8,249
05/01/2023,ELP,TX,ASW,CE,Combined TRACON& Tower with Radar,130,19,27,2,178,0,11,29,1,41,130,30,56,3,219,41,0,41,260
05/02/2023,ELP,TX,ASW,CE,Combined TRACON& Tower with Radar,128,37,34,2,201,0,5,35,5,45,128,42,69,7,246,0,10,10,256
05/03/2023,ELP,TX,ASW,CE,Combined TRACON& Tower with Radar,135,34,27,0,196,0,7,29,7,43,135,41,56,7,239,28,0,28,267
05/04/2023,ELP,TX,ASW,CE,Combined TRACON& Tower with Radar,133,38,31,4,206,0,10,47,21,78,133,48,78,25,284,13,6,19,303
05/05/2023,ELP,TX,ASW,CE,Combined TRACON& Tower with Radar,134,14,23,52,223,0,10,57,8,75,134,24,80,60,298,0,0,0,298
05/06/2023,ELP,TX,ASW,CE,Combined TRACON& Tower with Radar,95,16,15,7,133,0,18,45,9,72,95,34,60,16,205,0,0,0,205
05/07/2023,ELP,TX,ASW,CE,Combined TRACON& Tower with Radar,106,14,16,8,144,0,9,28,5,42,106,23,44,13,186,0,0,0,186
05/08/2023,ELP,TX,ASW,CE,Combined TRACON& Tower with Radar,126,46,21,29,222,0,8,45,25,78,126,54,66,54,300,30,10,40,340
05/09/2023,ELP,TX,ASW,CE,Combined TRACON& Tower with Radar,133,23,23,2,181,0,9,42,6,57,133,32,65,8,238,24,0,24,262
05/10/2023,ELP,TX,ASW,CE,Combined TRACON& Tower with Radar,132,33,21,8,194,2,5,37,7,51,134,38,58,15,245,32,0,32,277
05/11/2023,ELP,TX,ASW,CE,Combined TRACON& Tower with Radar,141,24,32,33,230,0,9,68,10,87,141,33,100,43,317,18,0,18,335
05/12/2023,ELP,TX,ASW,CE,Combined TRACON& Tower with Radar,133,26,19,24,202,0,20,50,21,91,133,46,69,45,293,6,0,6,299
05/13/2023,ELP,TX,ASW,CE,Combined TRACON& Tower with Radar,96,8,15,5,124,0,14,36,5,55,96,22,51,10,179,0,0,0,179
05/14/2023,ELP,TX,ASW,CE,Combined TRACON& Tower with Radar,106,19,16,27,168,1,9,18,19,47,107,28,34,46,215,0,0,0,215
05/15/2023,ELP,TX,ASW,CE,Combined TRACON& Tower with Radar,131,25,30,9,195,0,4,42,11,57,131,29,72,20,252,20,0,20,272
05/16/2023,ELP,TX,ASW,CE,Combined TRACON& Tower with Radar,134,31,23,8,196,0,8,37,6,51,134,39,60,14,247,0,0,0,247
05/17/2023,ELP,TX,ASW,CE,Combined TRACON& Tower with Radar,133,30,55,24,242,0,5,51,8,64,133,35,106,32,306,20,0,20,326
05/18/2023,ELP,TX,ASW,CE,Combined TRACON& Tower with Radar,141,36,43,9,229,0,8,45,11,64,141,44,88,20,293,28,0,28,321
05/19/2023,ELP,TX,ASW,CE,Combined TRACON& Tower with Radar,133,27,21,16,197,0,2,40,14,56,133,29,61,30,253,54,12,66,319
05/20/2023,ELP,TX,ASW,CE,Combined TRACON& Tower with Radar,100,17,31,4,152,0,2,35,0,37,100,19,66,4,189,34,0,34,223
05/21/2023,ELP,TX,ASW,CE,Combined TRACON& Tower with Radar,121,23,16,12,172,0,4,51,3,58,121,27,67,15,230,0,0,0,230
05/22/2023,ELP,TX,ASW,CE,Combined TRACON& Tower with Radar,127,30,32,21,210,0,7,41,16,64,127,37,73,37,274,30,32,62,336
05/23/2023,ELP,TX,ASW,CE,Combined TRACON& Tower with Radar,131,36,36,40,243,0,7,64,4,75,131,43,100,44,318,54,4,58,376
05/24/2023,ELP,TX,ASW,CE,Combined TRACON& Tower with Radar,134,31,33,11,209,0,12,48,6,66,134,43,81,17,275,30,0,30,305
05/25/2023,ELP,TX,ASW,CE,Combined TRACON& Tower with Radar,148,30,38,5,221,0,10,69,8,87,148,40,107,13,308,24,0,24,332
05/26/2023,ELP,TX,ASW,CE,Combined TRACON& Tower with Radar,132,29,25,10,196,0,8,50,3,61,132,37,75,13,257,0,0,0,257
05/27/2023,ELP,TX,ASW,CE,Combined TRACON& Tower with Radar,91,19,20,2,132,0,6,50,4,60,91,25,70,6,192,0,0,0,192
05/28/2023,ELP,TX,ASW,CE,Combined TRACON& Tower with Radar,105,21,11,0,137,0,11,49,3,63,105,32,60,3,200,14,50,64,264
05/29/2023,ELP,TX,ASW,CE,Combined TRACON& Tower with Radar,123,21,19,3,166,0,8,50,14,72,123,29,69,17,238,16,0,16,254
05/30/2023,ELP,TX,ASW,CE,Combined TRACON& Tower with Radar,122,24,22,5,173,0,7,46,12,65,122,31,68,17,238,50,26,76,314
05/31/2023,ELP,TX,ASW,CE,Combined TRACON& Tower with Radar,131,28,35,5,199,0,8,41,11,60,131,36,76,16,259,18,0,18,277
06/01/2023,ELP,TX,ASW,CE,Combined TRACON& Tower with Radar,134,33,40,11,218,0,5,64,10,79,134,38,104,21,297,14,0,14,311
06/02/2023,ELP,TX,ASW,CE,Combined TRACON& Tower with Radar,131,31,34,31,227,0,10,45,16,71,131,41,79,47,298,16,0,16,314
06/03/2023,ELP,TX,ASW,CE,Combined TRACON& Tower with Radar,87,13,24,2,126,0,9,61,1,71,87,22,85,3,197,8,0,8,205
06/04/2023,ELP,TX,ASW,CE,Combined TRACON& Tower with Radar,107,28,14,6,155,0,8,38,7,53,107,36,52,13,208,42,0,42,250
06/05/2023,ELP,TX,ASW,CE,Combined TRACON& Tower with Radar,129,25,15,7,176,0,13,31,11,55,129,38,46,18,231,28,9,37,268
06/06/2023,ELP,TX,ASW,CE,Combined TRACON& Tower with Radar,128,32,31,3,194,0,2,19,13,34,128,34,50,16,228,4,0,4,232
06/07/2023,ELP,TX,ASW,CE,Combined TRACON& Tower with Radar,138,41,34,1,214,0,6,50,8,64,138,47,84,9,278,36,0,36,314
06/08/2023,ELP,TX,ASW,CE,Combined TRACON& Tower with Radar,133,36,34,4,207,0,6,57,7,70,133,42,91,11,277,0,0,0,277
06/09/2023,ELP,TX,ASW,CE,Combined TRACON& Tower with Radar,132,43,20,18,213,0,15,58,5,78,132,58,78,23,291,16,0,16,307
06/10/2023,ELP,TX,ASW,CE,Combined TRACON& Tower with Radar,103,19,30,3,155,0,4,34,4,42,103,23,64,7,197,52,0,52,249
06/11/2023,ELP,TX,ASW,CE,Combined TRACON& Tower with Radar,109,17,22,12,160,0,15,32,6,53,109,32,54,18,213,20,0,20,233
06/12/2023,ELP,TX,ASW,CE,Combined TRACON& Tower with Radar,117,25,30,9,181,0,10,28,4,42,117,35,58,13,223,0,0,0,223
06/13/2023,ELP,TX,ASW,CE,Combined TRACON& Tower with Radar,128,38,24,8,198,0,15,60,8,83,128,53,84,16,281,35,0,35,316
06/14/2023,ELP,TX,ASW,CE,Combined TRACON& Tower with Radar,138,38,35,0,211,0,25,60,14,99,138,63,95,14,310,42,0,42,352
06/15/2023,ELP,TX,ASW,CE,Combined TRACON& Tower with Radar,137,32,27,9,205,0,9,43,12,64,137,41,70,21,269,24,0,24,293
06/16/2023,ELP,TX,ASW,CE,Combined TRACON& Tower with Radar,140,39,28,32,239,0,11,72,17,100,140,50,100,49,339,0,0,0,339
06/17/2023,ELP,TX,ASW,CE,Combined TRACON& Tower with Radar,105,19,25,1,150,0,10,61,14,85,105,29,86,15,235,0,0,0,235
06/18/2023,ELP,TX,ASW,CE,Combined TRACON& Tower with Radar,104,17,16,1,138,0,7,66,13,86,104,24,82,14,224,6,0,6,230
06/19/2023,ELP,TX,ASW,CE,Combined TRACON& Tower with Radar,124,43,30,5,202,0,11,63,13,87,124,54,93,18,289,4,0,4,293
06/20/2023,ELP,TX,ASW,CE,Combined TRACON& Tower with Radar,143,33,27,5,208,0,8,69,16,93,143,41,96,21,301,16,0,16,317
06/21/2023,ELP,TX,ASW,CE,Combined TRACON& Tower with Radar,137,50,32,15,234,0,9,56,3,68,137,59,88,18,302,20,6,26,328
06/22/2023,ELP,TX,ASW,CE,Combined TRACON& Tower with Radar,148,50,33,31,262,0,13,44,12,69,148,63,77,43,331,41,0,41,372
06/23/2023,ELP,TX,ASW,CE,Combined TRACON& Tower with Radar,141,22,27,11,201,0,10,50,10,70,141,32,77,21,271,6,0,6,277
06/24/2023,ELP,TX,ASW,CE,Combined TRACON& Tower with Radar,101,15,9,2,127,0,8,50,17,75,101,23,59,19,202,64,12,76,278
06/25/2023,ELP,TX,ASW,CE,Combined TRACON& Tower with Radar,103,19,21,7,150,0,4,32,4,40,103,23,53,11,190,8,0,8,198
06/26/2023,ELP,TX,ASW,CE,Combined TRACON& Tower with Radar,135,36,27,11,209,0,7,22,8,37,135,43,49,19,246,0,0,0,246
06/27/2023,ELP,TX,ASW,CE,Combined TRACON& Tower with Radar,139,36,28,3,206,0,9,36,8,53,139,45,64,11,259,0,2,2,261
06/28/2023,ELP,TX,ASW,CE,Combined TRACON& Tower with Radar,133,40,35,14,222,0,12,40,11,63,133,52,75,25,285,6,0,6,291
06/29/2023,ELP,TX,ASW,CE,Combined TRACON& Tower with Radar,144,36,24,10,214,0,12,60,5,77,144,48,84,15,291,6,0,6,297
06/30/2023,ELP,TX,ASW,CE,Combined TRACON& Tower with Radar,132,32,30,11,205,0,10,43,2,55,132,42,73,13,260,2,0,2,262
07/01/2023,ELP,TX,ASW,CE,Combined TRACON& Tower with Radar,101,28,9,2,140,0,8,29,1,38,101,36,38,3,178,0,0,0,178
07/02/2023,ELP,TX,ASW,CE,Combined TRACON& Tower with Radar,106,18,20,2,146,0,7,29,2,38,106,25,49,4,184,0,0,0,184
07/03/2023,ELP,TX,ASW,CE,Combined TRACON& Tower with Radar,118,13,11,11,153,0,5,25,3,33,118,18,36,14,186,6,0,6,192
07/04/2023,ELP,TX,ASW,CE,Combined TRACON& Tower with Radar,109,14,21,2,146,0,12,32,10,54,109,26,53,12,200,0,0,0,200
07/05/2023,ELP,TX,ASW,CE,Combined TRACON& Tower with Radar,128,21,15,3,167,0,9,32,7,48,128,30,47,10,215,12,0,12,227
07/06/2023,ELP,TX,ASW,CE,Combined TRACON& Tower with Radar,132,15,22,0,169,0,17,34,4,55,132,32,56,4,224,14,0,14,238
07/07/2023,ELP,TX,ASW,CE,Combined TRACON& Tower with Radar,130,20,39,23,212,0,5,44,6,55,130,25,83,29,267,62,0,62,329
07/08/2023,ELP,TX,ASW,CE,Combined TRACON& Tower with Radar,118,20,21,0,159,0,5,24,0,29,118,25,45,0,188,6,0,6,194
07/09/2023,ELP,TX,ASW,CE,Combined TRACON& Tower with Radar,117,14,10,1,142,0,7,21,1,29,117,21,31,2,171,30,0,30,201
07/10/2023,ELP,TX,ASW,CE,Combined TRACON& Tower with Radar,121,14,19,22,176,0,4,22,30,56,121,18,41,52,232,62,0,62,294
07/11/2023,ELP,TX,ASW,CE,Combined TRACON& Tower with Radar,135,32,21,0,188,0,6,38,8,52,135,38,59,8,240,0,0,0,240
07/12/2023,ELP,TX,ASW,CE,Combined TRACON& Tower with Radar,135,31,21,4,191,1,10,41,10,62,136,41,62,14,253,0,0,0,253
07/13/2023,ELP,TX,ASW,CE,Combined TRACON& Tower with Radar,138,17,27,2,184,0,7,39,2,48,138,24,66,4,232,10,0,10,242
07/14/2023,ELP,TX,ASW,CE,Combined TRACON& Tower with Radar,131,17,37,3,188,0,12,56,8,76,131,29,93,11,264,0,0,0,264
07/15/2023,ELP,TX,ASW,CE,Combined TRACON& Tower with Radar,106,14,18,3,141,0,7,37,1,45,106,21,55,4,186,20,0,20,206
07/16/2023,ELP,TX,ASW,CE,Combined TRACON& Tower with Radar,106,18,13,0,137,0,3,35,2,40,106,21,48,2,177,10,0,10,187
07/17/2023,ELP,TX,ASW,CE,Combined TRACON& Tower with Radar,121,15,19,13,168,0,5,32,12,49,121,20,51,25,217,24,16,40,257
07/18/2023,ELP,TX,ASW,CE,Combined TRACON& Tower with Radar,133,22,39,4,198,1,1,36,12,50,134,23,75,16,248,0,28,28,276
07/19/2023,ELP,TX,ASW,CE,Combined TRACON& Tower with Radar,134,18,39,3,194,1,4,53,12,70,135,22,92,15,264,9,0,9,273
07/20/2023,ELP,TX,ASW,CE,Combined TRACON& Tower with Radar,138,23,27,2,190,0,13,39,9,61,138,36,66,11,251,6,0,6,257
07/21/2023,ELP,TX,ASW,CE,Combined TRACON& Tower with Radar,135,24,25,9,193,0,5,41,5,51,135,29,66,14,244,0,0,0,244
07/22/2023,ELP,TX,ASW,CE,Combined TRACON& Tower with Radar,100,17,22,3,142,0,5,43,0,48,100,22,65,3,190,16,0,16,206
07/23/2023,ELP,TX,ASW,CE,Combined TRACON& Tower with Radar,108,34,19,6,167,0,8,22,3,33,108,42,41,9,200,0,0,0,200
07/24/2023,ELP,TX,ASW,CE,Combined TRACON& Tower with Radar,130,19,37,6,192,0,10,32,17,59,130,29,69,23,251,0,0,0,251
07/25/2023,ELP,TX,ASW,CE,Combined TRACON& Tower with Radar,137,28,19,9,193,0,6,33,19,58,137,34,52,28,251,12,0,12,263
07/26/2023,ELP,TX,ASW,CE,Combined TRACON& Tower with Radar,133,40,23,20,216,0,11,38,16,65,133,51,61,36,281,0,0,0,281
07/27/2023,ELP,TX,ASW,CE,Combined TRACON& Tower with Radar,138,22,23,23,206,0,15,37,11,63,138,37,60,34,269,16,0,16,285
07/28/2023,ELP,TX,ASW,CE,Combined TRACON& Tower with Radar,140,27,16,16,199,0,6,49,4,59,140,33,65,20,258,0,0,0,258
07/29/2023,ELP,TX,ASW,CE,Combined TRACON& Tower with Radar,106,11,17,2,136,0,5,26,4,35,106,16,43,6,171,0,0,0,171
07/30/2023,ELP,TX,ASW,CE,Combined TRACON& Tower with Radar,110,19,22,0,151,0,4,33,2,39,110,23,55,2,190,0,0,0,190
07/31/2023,ELP,TX,ASW,CE,Combined TRACON& Tower with Radar,128,23,23,0,174,0,4,26,10,40,128,27,49,10,214,0,0,0,214
08/01/2023,ELP,TX,ASW,CE,Combined TRACON& Tower with Radar,138,16,21,13,188,0,6,47,15,68,138,22,68,28,256,64,12,76,332
08/02/2023,ELP,TX,ASW,CE,Combined TRACON& Tower with Radar,137,29,31,6,203,0,7,42,2,51,137,36,73,8,254,8,0,8,262
08/03/2023,ELP,TX,ASW,CE,Combined TRACON& Tower with Radar,132,28,26,12,198,0,6,46,13,65,132,34,72,25,263,0,0,0,263
08/04/2023,ELP,TX,ASW,CE,Combined TRACON& Tower with Radar,143,22,38,10,213,0,5,48,4,57,143,27,86,14,270,4,0,4,274
08/05/2023,ELP,TX,ASW,CE,Combined TRACON& Tower with Radar,106,11,28,1,146,1,8,47,2,58,107,19,75,3,204,0,0,0,204
08/06/2023,ELP,TX,ASW,CE,Combined TRACON& Tower with Radar,108,29,29,8,174,0,6,34,4,44,108,35,63,12,218,0,0,0,218
08/07/2023,ELP,TX,ASW,CE,Combined TRACON& Tower with Radar,123,23,18,4,168,0,4,31,5,40,123,27,49,9,208,14,0,14,222
08/08/2023,ELP,TX,ASW,CE,Combined TRACON& Tower with Radar,131,23,20,6,180,0,16,26,24,66,131,39,46,30,246,0,0,0,246
08/09/2023,ELP,TX,ASW,CE,Combined TRACON& Tower with Radar,130,34,27,9,200,0,3,57,12,72,130,37,84,21,272,30,0,30,302
08/10/2023,ELP,TX,ASW,CE,Combined TRACON& Tower with Radar,136,21,21,17,195,0,17,37,14,68,136,38,58,31,263,24,40,64,327
08/11/2023,ELP,TX,ASW,CE,Combined TRACON& Tower with Radar,144,24,25,0,193,0,11,53,4,68,144,35,78,4,261,12,0,12,273
08/12/2023,ELP,TX,ASW,CE,Combined TRACON& Tower with Radar,99,21,19,1,140,0,5,38,1,44,99,26,57,2,184,16,0,16,200
08/13/2023,ELP,TX,ASW,CE,Combined TRACON& Tower with Radar,110,14,15,1,140,0,3,24,3,30,110,17,39,4,170,0,0,0,170
08/14/2023,ELP,TX,ASW,CE,Combined TRACON& Tower with Radar,125,23,13,3,164,0,3,21,7,31,125,26,34,10,195,0,0,0,195
08/15/2023,ELP,TX,ASW,CE,Combined TRACON& Tower with Radar,132,29,28,2,191,2,11,59,3,75,134,40,87,5,266,10,0,10,276
08/16/2023,ELP,TX,ASW,CE,Combined TRACON& Tower with Radar,131,25,25,5,186,4,3,36,15,58,135,28,61,20,244,0,0,0,244
08/17/2023,ELP,TX,ASW,CE,Combined TRACON& Tower with Radar,138,40,29,11,218,0,5,39,12,56,138,45,68,23,274,46,2,48,322
08/18/2023,ELP,TX,ASW,CE,Combined TRACON& Tower with Radar,132,31,32,8,203,0,15,34,5,54,132,46,66,13,257,18,0,18,275
08/19/2023,ELP,TX,ASW,CE,Combined TRACON& Tower with Radar,112,21,11,1,145,14,7,28,0,49,126,28,39,1,194,26,0,26,220
08/20/2023,ELP,TX,ASW,CE,Combined TRACON& Tower with Radar,108,20,8,4,140,0,3,36,1,40,108,23,44,5,180,0,0,0,180
08/21/2023,ELP,TX,ASW,CE,Combined TRACON& Tower with Radar,123,20,33,13,189,0,14,30,10,54,123,34,63,23,243,4,12,16,259
08/22/2023,ELP,TX,ASW,CE,Combined TRACON& Tower with Radar,134,34,30,4,202,2,11,41,12,66,136,45,71,16,268,35,0,35,303
08/23/2023,ELP,TX,ASW,CE,Combined TRACON& Tower with Radar,134,43,21,9,207,0,0,4,3,7,134,43,25,12,214,0,24,24,238
08/24/2023,ELP,TX,ASW,CE,Combined TRACON& Tower with Radar,138,41,42,13,234,0,7,52,17,76,138,48,94,30,310,8,0,8,318
08/25/2023,ELP,TX,ASW,CE,Combined TRACON& Tower with Radar,135,34,34,11,214,0,2,54,7,63,135,36,88,18,277,0,0,0,277
08/26/2023,ELP,TX,ASW,CE,Combined TRACON& Tower with Radar,103,24,30,13,170,0,3,40,2,45,103,27,70,15,215,38,0,38,253
08/27/2023,ELP,TX,ASW,CE,Combined TRACON& Tower with Radar,131,13,12,3,159,0,3,24,6,33,131,16,36,9,192,30,0,30,222
08/28/2023,ELP,TX,ASW,CE,Combined TRACON& Tower with Radar,130,23,22,15,190,0,3,29,12,44,130,26,51,27,234,26,20,46,280
08/29/2023,ELP,TX,ASW,CE,Combined TRACON& Tower with Radar,134,23,26,8,191,0,11,40,7,58,134,34,66,15,249,0,0,0,249
08/30/2023,ELP,TX,ASW,CE,Combined TRACON& Tower with Radar,133,44,24,9,210,0,4,37,16,57,133,48,61,25,267,12,8,20,287
08/31/2023,ELP,TX,ASW,CE,Combined TRACON& Tower with Radar,136,34,32,5,207,22,4,56,15,97,158,38,88,20,304,28,8,36,340
