01/01/2020,ENA,AK,AAL,WE,Federal Contract Tower,0,21,0,0,21,0,7,0,0,7,0,28,0,0,28,0,0,0,28
01/02/2020,ENA,AK,AAL,WE,Federal Contract Tower,0,33,0,1,34,2,18,1,0,21,2,51,1,1,55,25,12,37,92
01/03/2020,ENA,AK,AAL,WE,Federal Contract Tower,0,18,0,0,18,2,42,5,0,49,2,60,5,0,67,50,0,50,117
01/04/2020,ENA,AK,AAL,WE,Federal Contract Tower,0,11,0,1,12,1,15,7,1,24,1,26,7,2,36,6,0,6,42
01/05/2020,ENA,AK,AAL,WE,Federal Contract Tower,0,16,0,0,16,0,7,3,0,10,0,23,3,0,26,0,0,0,26
01/06/2020,ENA,AK,AAL,WE,Federal Contract Tower,0,26,1,0,27,3,33,3,0,39,3,59,4,0,66,28,14,42,108
01/07/2020,ENA,AK,AAL,WE,Federal Contract Tower,2,32,0,0,34,7,19,5,0,31,9,51,5,0,65,18,0,18,83
01/08/2020,ENA,AK,AAL,WE,Federal Contract Tower,0,30,0,3,33,7,31,3,0,41,7,61,3,3,74,28,22,50,124
01/09/2020,ENA,AK,AAL,WE,Federal Contract Tower,0,34,0,0,34,5,24,3,0,32,5,58,3,0,66,67,0,67,133
01/10/2020,ENA,AK,AAL,WE,Federal Contract Tower,0,27,0,2,29,6,34,2,0,42,6,61,2,2,71,32,6,38,109
01/11/2020,ENA,AK,AAL,WE,Federal Contract Tower,0,11,2,0,13,0,12,0,0,12,0,23,2,0,25,30,0,30,55
01/12/2020,ENA,AK,AAL,WE,Federal Contract Tower,0,20,0,0,20,0,3,0,0,3,0,23,0,0,23,0,0,0,23
01/13/2020,ENA,AK,AAL,WE,Federal Contract Tower,0,35,2,0,37,0,2,0,0,2,0,37,2,0,39,0,0,0,39
01/14/2020,ENA,AK,AAL,WE,Federal Contract Tower,0,29,0,0,29,6,32,13,0,51,6,61,13,0,80,28,0,28,108
01/15/2020,ENA,AK,AAL,WE,Federal Contract Tower,2,27,3,2,34,7,44,17,6,74,9,71,20,8,108,18,4,22,130
01/16/2020,ENA,AK,AAL,WE,Federal Contract Tower,0,17,0,0,17,2,59,17,0,78,2,76,17,0,95,26,26,52,147
01/17/2020,ENA,AK,AAL,WE,Federal Contract Tower,0,18,2,0,20,0,48,15,0,63,0,66,17,0,83,42,0,42,125
01/18/2020,ENA,AK,AAL,WE,Federal Contract Tower,0,10,2,0,12,0,17,10,0,27,0,27,12,0,39,24,0,24,63
01/19/2020,ENA,AK,AAL,WE,Federal Contract Tower,0,10,2,0,12,0,19,2,0,21,0,29,4,0,33,10,0,10,43
01/20/2020,ENA,AK,AAL,WE,Federal Contract Tower,0,41,0,0,41,0,3,0,0,3,0,44,0,0,44,0,0,0,44
01/21/2020,ENA,AK,AAL,WE,Federal Contract Tower,0,56,3,0,59,2,16,7,0,25,2,72,10,0,84,36,2,38,122
01/22/2020,ENA,AK,AAL,WE,Federal Contract Tower,0,60,0,0,60,4,12,6,0,22,4,72,6,0,82,28,0,28,110
01/23/2020,ENA,AK,AAL,WE,Federal Contract Tower,0,31,10,0,41,5,48,12,0,65,5,79,22,0,106,38,0,38,144
01/24/2020,ENA,AK,AAL,WE,Federal Contract Tower,0,18,3,0,21,0,55,18,4,77,0,73,21,4,98,46,14,60,158
01/25/2020,ENA,AK,AAL,WE,Federal Contract Tower,0,11,0,0,11,0,11,20,0,31,0,22,20,0,42,20,0,20,62
01/26/2020,ENA,AK,AAL,WE,Federal Contract Tower,0,12,0,0,12,0,22,6,0,28,0,34,6,0,40,49,0,49,89
01/27/2020,ENA,AK,AAL,WE,Federal Contract Tower,0,28,0,0,28,3,67,4,0,74,3,95,4,0,102,32,8,40,142
01/28/2020,ENA,AK,AAL,WE,Federal Contract Tower,1,31,2,0,34,3,57,10,0,70,4,88,12,0,104,58,0,58,162
01/29/2020,ENA,AK,AAL,WE,Federal Contract Tower,0,52,0,0,52,0,3,0,0,3,0,55,0,0,55,8,0,8,63
01/30/2020,ENA,AK,AAL,WE,Federal Contract Tower,0,33,2,1,36,4,69,13,1,87,4,102,15,2,123,30,0,30,153
01/31/2020,ENA,AK,AAL,WE,Federal Contract Tower,0,55,1,0,56,1,17,4,0,22,1,72,5,0,78,26,0,26,104
02/01/2020,ENA,AK,AAL,WE,Federal Contract Tower,0,10,3,0,13,0,23,11,0,34,0,33,14,0,47,28,0,28,75
02/02/2020,ENA,AK,AAL,WE,Federal Contract Tower,0,13,7,0,20,0,5,0,0,5,0,18,7,0,25,17,0,17,42
02/03/2020,ENA,AK,AAL,WE,Federal Contract Tower,0,28,8,0,36,3,34,9,0,46,3,62,17,0,82,2,0,2,84
02/04/2020,ENA,AK,AAL,WE,Federal Contract Tower,0,44,0,2,46,3,39,18,7,67,3,83,18,9,113,27,8,35,148
02/05/2020,ENA,AK,AAL,WE,Federal Contract Tower,0,53,0,0,53,3,23,3,0,29,3,76,3,0,82,14,0,14,96
02/06/2020,ENA,AK,AAL,WE,Federal Contract Tower,0,25,0,1,26,4,46,18,5,73,4,71,18,6,99,32,12,44,143
02/07/2020,ENA,AK,AAL,WE,Federal Contract Tower,0,43,0,0,43,0,8,4,0,12,0,51,4,0,55,2,0,2,57
02/08/2020,ENA,AK,AAL,WE,Federal Contract Tower,0,20,0,0,20,0,3,0,0,3,0,23,0,0,23,0,0,0,23
02/09/2020,ENA,AK,AAL,WE,Federal Contract Tower,0,15,0,1,16,0,10,2,3,15,0,25,2,4,31,4,24,28,59
02/10/2020,ENA,AK,AAL,WE,Federal Contract Tower,0,21,3,4,28,2,43,28,0,73,2,64,31,4,101,42,14,56,157
02/11/2020,ENA,AK,AAL,WE,Federal Contract Tower,0,22,6,0,28,0,51,21,0,72,0,73,27,0,100,68,0,68,168
02/12/2020,ENA,AK,AAL,WE,Federal Contract Tower,0,38,0,0,38,0,17,3,0,20,0,55,3,0,58,8,0,8,66
02/13/2020,ENA,AK,AAL,WE,Federal Contract Tower,0,27,3,0,30,5,52,31,0,88,5,79,34,0,118,36,0,36,154
02/14/2020,ENA,AK,AAL,WE,Federal Contract Tower,0,23,0,1,24,0,37,26,0,63,0,60,26,1,87,52,8,60,147
02/15/2020,ENA,AK,AAL,WE,Federal Contract Tower,0,12,9,0,21,0,24,6,0,30,0,36,15,0,51,34,0,34,85
02/16/2020,ENA,AK,AAL,WE,Federal Contract Tower,0,13,4,0,17,0,18,8,0,26,0,31,12,0,43,38,0,38,81
02/17/2020,ENA,AK,AAL,WE,Federal Contract Tower,0,32,0,0,32,0,21,4,0,25,0,53,4,0,57,18,0,18,75
02/18/2020,ENA,AK,AAL,WE,Federal Contract Tower,0,30,0,0,30,0,6,4,0,10,0,36,4,0,40,0,0,0,40
02/19/2020,ENA,AK,AAL,WE,Federal Contract Tower,0,31,0,0,31,2,64,7,0,73,2,95,7,0,104,24,0,24,128
02/20/2020,ENA,AK,AAL,WE,Federal Contract Tower,0,23,0,0,23,1,42,22,4,69,1,65,22,4,92,93,0,93,185
02/21/2020,ENA,AK,AAL,WE,Federal Contract Tower,0,49,0,0,49,0,0,0,0,0,0,49,0,0,49,0,0,0,49
02/22/2020,ENA,AK,AAL,WE,Federal Contract Tower,0,19,0,0,19,0,19,5,0,24,0,38,5,0,43,44,0,44,87
02/23/2020,ENA,AK,AAL,WE,Federal Contract Tower,0,12,1,0,13,0,16,16,0,32,0,28,17,0,45,36,0,36,81
02/24/2020,ENA,AK,AAL,WE,Federal Contract Tower,2,18,3,0,23,4,53,23,2,82,6,71,26,2,105,24,12,36,141
02/25/2020,ENA,AK,AAL,WE,Federal Contract Tower,1,33,0,0,34,0,44,3,0,47,1,77,3,0,81,26,0,26,107
02/26/2020,ENA,AK,AAL,WE,Federal Contract Tower,1,16,0,0,17,0,70,16,0,86,1,86,16,0,103,26,0,26,129
02/27/2020,ENA,AK,AAL,WE,Federal Contract Tower,0,20,0,3,23,6,45,24,1,76,6,65,24,4,99,46,14,60,159
02/28/2020,ENA,AK,AAL,WE,Federal Contract Tower,0,17,0,0,17,1,57,30,0,88,1,74,30,0,105,34,0,34,139
02/29/2020,ENA,AK,AAL,WE,Federal Contract Tower,0,12,2,0,14,0,18,3,0,21,0,30,5,0,35,22,0,22,57
03/01/2020,ENA,AK,AAL,WE,Federal Contract Tower,0,29,0,0,29,0,0,0,0,0,0,29,0,0,29,0,0,0,29
03/02/2020,ENA,AK,AAL,WE,Federal Contract Tower,0,44,0,1,45,0,17,6,0,23,0,61,6,1,68,0,8,8,76
03/03/2020,ENA,AK,AAL,WE,Federal Contract Tower,0,20,3,0,23,2,70,18,0,90,2,90,21,0,113,59,14,73,186
03/04/2020,ENA,AK,AAL,WE,Federal Contract Tower,0,25,0,0,25,0,64,10,0,74,0,89,10,0,99,36,0,36,135
03/05/2020,ENA,AK,AAL,WE,Federal Contract Tower,1,22,0,0,23,3,55,21,0,79,4,77,21,0,102,46,4,50,152
03/06/2020,ENA,AK,AAL,WE,Federal Contract Tower,0,20,2,0,22,2,54,28,0,84,2,74,30,0,106,14,8,22,128
03/07/2020,ENA,AK,AAL,WE,Federal Contract Tower,0,19,1,0,20,0,1,0,0,1,0,20,1,0,21,0,0,0,21
03/08/2020,ENA,AK,AAL,WE,Federal Contract Tower,0,29,0,0,29,0,0,0,0,0,0,29,0,0,29,0,0,0,29
03/09/2020,ENA,AK,AAL,WE,Federal Contract Tower,0,44,0,0,44,0,7,3,0,10,0,51,3,0,54,0,0,0,54
03/10/2020,ENA,AK,AAL,WE,Federal Contract Tower,2,14,0,0,16,3,51,15,2,71,5,65,15,2,87,68,0,68,155
03/11/2020,ENA,AK,AAL,WE,Federal Contract Tower,0,19,2,0,21,0,51,19,0,70,0,70,21,0,91,14,0,14,105
03/12/2020,ENA,AK,AAL,WE,Federal Contract Tower,0,21,6,0,27,4,61,25,0,90,4,82,31,0,117,90,2,92,209
03/13/2020,ENA,AK,AAL,WE,Federal Contract Tower,0,18,1,0,19,2,59,33,0,94,2,77,34,0,113,38,0,38,151
03/14/2020,ENA,AK,AAL,WE,Federal Contract Tower,0,13,0,0,13,0,22,35,0,57,0,35,35,0,70,40,0,40,110
03/15/2020,ENA,AK,AAL,WE,Federal Contract Tower,0,10,2,0,12,0,16,22,0,38,0,26,24,0,50,22,0,22,72
03/16/2020,ENA,AK,AAL,WE,Federal Contract Tower,0,22,1,0,23,13,53,15,0,81,13,75,16,0,104,18,12,30,134
03/17/2020,ENA,AK,AAL,WE,Federal Contract Tower,0,40,0,0,40,0,20,6,0,26,0,60,6,0,66,10,0,10,76
03/18/2020,ENA,AK,AAL,WE,Federal Contract Tower,0,35,0,0,35,0,28,11,2,41,0,63,11,2,76,20,14,34,110
03/19/2020,ENA,AK,AAL,WE,Federal Contract Tower,0,51,0,0,51,0,20,20,0,40,0,71,20,0,91,8,3,11,102
03/20/2020,ENA,AK,AAL,WE,Federal Contract Tower,0,15,2,0,17,4,63,28,0,95,4,78,30,0,112,22,0,22,134
03/21/2020,ENA,AK,AAL,WE,Federal Contract Tower,0,16,4,0,20,0,0,0,0,0,0,16,4,0,20,0,0,0,20
03/22/2020,ENA,AK,AAL,WE,Federal Contract Tower,0,8,1,0,9,0,17,26,0,43,0,25,27,0,52,52,0,52,104
03/23/2020,ENA,AK,AAL,WE,Federal Contract Tower,0,10,0,0,10,3,50,38,0,91,3,60,38,0,101,92,0,92,193
03/24/2020,ENA,AK,AAL,WE,Federal Contract Tower,0,11,2,0,13,7,42,25,0,74,7,53,27,0,87,85,0,85,172
03/25/2020,ENA,AK,AAL,WE,Federal Contract Tower,0,15,0,0,15,0,42,8,0,50,0,57,8,0,65,28,0,28,93
03/26/2020,ENA,AK,AAL,WE,Federal Contract Tower,0,12,0,0,12,3,18,11,0,32,3,30,11,0,44,32,0,32,76
03/27/2020,ENA,AK,AAL,WE,Federal Contract Tower,0,15,2,0,17,2,37,26,0,65,2,52,28,0,82,56,8,64,146
03/28/2020,ENA,AK,AAL,WE,Federal Contract Tower,0,4,0,0,4,0,1,7,0,8,0,5,7,0,12,0,0,0,12
03/29/2020,ENA,AK,AAL,WE,Federal Contract Tower,0,5,0,0,5,0,8,3,0,11,0,13,3,0,16,10,6,16,32
03/30/2020,ENA,AK,AAL,WE,Federal Contract Tower,0,9,0,0,9,1,33,12,0,46,1,42,12,0,55,38,0,38,93
03/31/2020,ENA,AK,AAL,WE,Federal Contract Tower,0,12,2,0,14,0,31,18,0,49,0,43,20,0,63,50,0,50,113
04/01/2020,ENA,AK,AAL,WE,Federal Contract Tower,0,22,1,0,23,0,30,1,0,31,0,52,2,0,54,6,0,6,60
04/02/2020,ENA,AK,AAL,WE,Federal Contract Tower,0,21,0,4,25,0,0,0,0,0,0,21,0,4,25,0,0,0,25
04/03/2020,ENA,AK,AAL,WE,Federal Contract Tower,0,32,0,0,32,0,18,10,0,28,0,50,10,0,60,16,0,16,76
04/04/2020,ENA,AK,AAL,WE,Federal Contract Tower,0,0,0,0,0,0,17,16,0,33,0,17,16,0,33,30,0,30,63
04/05/2020,ENA,AK,AAL,WE,Federal Contract Tower,0,0,0,0,0,0,13,3,0,16,0,13,3,0,16,34,0,34,50
04/06/2020,ENA,AK,AAL,WE,Federal Contract Tower,0,3,2,0,5,5,32,11,0,48,5,35,13,0,53,0,0,0,53
04/07/2020,ENA,AK,AAL,WE,Federal Contract Tower,0,6,0,1,7,4,34,15,0,53,4,40,15,1,60,42,18,60,120
04/08/2020,ENA,AK,AAL,WE,Federal Contract Tower,0,6,0,0,6,0,29,28,0,57,0,35,28,0,63,60,10,70,133
04/09/2020,ENA,AK,AAL,WE,Federal Contract Tower,0,5,0,0,5,3,39,36,0,78,3,44,36,0,83,38,0,38,121
04/10/2020,ENA,AK,AAL,WE,Federal Contract Tower,0,3,4,0,7,0,50,37,0,87,0,53,41,0,94,80,0,80,174
04/11/2020,ENA,AK,AAL,WE,Federal Contract Tower,0,3,0,0,3,0,2,28,0,30,0,5,28,0,33,34,0,34,67
04/12/2020,ENA,AK,AAL,WE,Federal Contract Tower,0,2,0,0,2,0,1,4,0,5,0,3,4,0,7,4,0,4,11
04/13/2020,ENA,AK,AAL,WE,Federal Contract Tower,0,22,0,2,24,5,4,0,0,9,5,26,0,2,33,31,0,31,64
04/14/2020,ENA,AK,AAL,WE,Federal Contract Tower,0,1,7,0,8,3,34,29,0,66,3,35,36,0,74,60,0,60,134
04/15/2020,ENA,AK,AAL,WE,Federal Contract Tower,0,8,0,0,8,4,27,24,0,55,4,35,24,0,63,64,0,64,127
04/16/2020,ENA,AK,AAL,WE,Federal Contract Tower,0,19,0,0,19,2,0,1,0,3,2,19,1,0,22,0,0,0,22
04/17/2020,ENA,AK,AAL,WE,Federal Contract Tower,0,17,1,0,18,2,7,29,0,38,2,24,30,0,56,84,0,84,140
04/18/2020,ENA,AK,AAL,WE,Federal Contract Tower,2,2,4,0,8,1,0,17,0,18,3,2,21,0,26,14,0,14,40
04/19/2020,ENA,AK,AAL,WE,Federal Contract Tower,0,6,4,0,10,0,3,12,1,16,0,9,16,1,26,18,12,30,56
04/20/2020,ENA,AK,AAL,WE,Federal Contract Tower,0,20,7,0,27,3,7,5,0,15,3,27,12,0,42,22,0,22,64
04/21/2020,ENA,AK,AAL,WE,Federal Contract Tower,0,20,0,0,20,0,1,0,0,1,0,21,0,0,21,0,0,0,21
04/22/2020,ENA,AK,AAL,WE,Federal Contract Tower,0,24,1,0,25,2,22,13,0,37,2,46,14,0,62,64,0,64,126
04/23/2020,ENA,AK,AAL,WE,Federal Contract Tower,0,16,2,0,18,0,29,27,0,56,0,45,29,0,74,88,0,88,162
04/24/2020,ENA,AK,AAL,WE,Federal Contract Tower,0,6,2,0,8,0,34,38,0,72,0,40,40,0,80,96,0,96,176
04/25/2020,ENA,AK,AAL,WE,Federal Contract Tower,0,0,2,0,2,9,16,56,0,81,9,16,58,0,83,56,0,56,139
04/26/2020,ENA,AK,AAL,WE,Federal Contract Tower,0,2,2,0,4,0,11,25,0,36,0,13,27,0,40,58,0,58,98
04/27/2020,ENA,AK,AAL,WE,Federal Contract Tower,0,5,6,0,11,0,38,36,0,74,0,43,42,0,85,86,0,86,171
04/28/2020,ENA,AK,AAL,WE,Federal Contract Tower,0,11,1,0,12,2,37,38,0,77,2,48,39,0,89,76,0,76,165
04/29/2020,ENA,AK,AAL,WE,Federal Contract Tower,2,10,0,0,12,3,29,50,0,82,5,39,50,0,94,70,0,70,164
04/30/2020,ENA,AK,AAL,WE,Federal Contract Tower,0,6,1,0,7,3,28,22,0,53,3,34,23,0,60,52,12,64,124
05/01/2020,ENA,AK,AAL,WE,Federal Contract Tower,0,9,3,0,12,6,36,48,0,90,6,45,51,0,102,48,6,54,156
05/02/2020,ENA,AK,AAL,WE,Federal Contract Tower,3,4,1,0,8,6,15,37,0,58,9,19,38,0,66,46,0,46,112
05/03/2020,ENA,AK,AAL,WE,Federal Contract Tower,0,0,2,0,2,0,19,38,2,59,0,19,40,2,61,46,4,50,111
05/04/2020,ENA,AK,AAL,WE,Federal Contract Tower,0,4,0,3,7,4,38,10,0,52,4,42,10,3,59,32,8,40,99
05/05/2020,ENA,AK,AAL,WE,Federal Contract Tower,0,9,1,0,10,6,40,43,0,89,6,49,44,0,99,78,8,86,185
05/06/2020,ENA,AK,AAL,WE,Federal Contract Tower,0,8,4,1,13,6,54,42,0,102,6,62,46,1,115,52,2,54,169
05/07/2020,ENA,AK,AAL,WE,Federal Contract Tower,0,7,2,0,9,2,39,32,0,73,2,46,34,0,82,26,0,26,108
05/08/2020,ENA,AK,AAL,WE,Federal Contract Tower,0,7,0,0,7,3,42,27,0,72,3,49,27,0,79,34,0,34,113
05/09/2020,ENA,AK,AAL,WE,Federal Contract Tower,0,0,0,0,0,0,10,32,0,42,0,10,32,0,42,58,0,58,100
05/10/2020,ENA,AK,AAL,WE,Federal Contract Tower,0,0,2,0,2,0,14,21,0,35,0,14,23,0,37,18,0,18,55
05/11/2020,ENA,AK,AAL,WE,Federal Contract Tower,0,16,6,0,22,0,27,22,0,49,0,43,28,0,71,36,0,36,107
05/12/2020,ENA,AK,AAL,WE,Federal Contract Tower,0,4,3,0,7,0,46,30,0,76,0,50,33,0,83,30,10,40,123
05/13/2020,ENA,AK,AAL,WE,Federal Contract Tower,0,6,2,1,9,3,37,30,0,70,3,43,32,1,79,42,8,50,129
05/14/2020,ENA,AK,AAL,WE,Federal Contract Tower,2,12,2,0,16,11,35,40,0,86,13,47,42,0,102,60,0,60,162
05/15/2020,ENA,AK,AAL,WE,Federal Contract Tower,0,7,6,0,13,5,47,64,2,118,5,54,70,2,131,78,14,92,223
05/16/2020,ENA,AK,AAL,WE,Federal Contract Tower,0,0,0,6,6,13,26,49,2,90,13,26,49,8,96,48,4,52,148
05/17/2020,ENA,AK,AAL,WE,Federal Contract Tower,0,0,1,0,1,0,27,31,0,58,0,27,32,0,59,8,0,8,67
05/18/2020,ENA,AK,AAL,WE,Federal Contract Tower,0,7,1,2,10,2,57,30,0,89,2,64,31,2,99,80,12,92,191
05/19/2020,ENA,AK,AAL,WE,Federal Contract Tower,0,9,0,0,9,0,40,33,0,73,0,49,33,0,82,20,0,20,102
05/20/2020,ENA,AK,AAL,WE,Federal Contract Tower,0,4,4,2,10,0,41,30,0,71,0,45,34,2,81,124,20,144,225
05/21/2020,ENA,AK,AAL,WE,Federal Contract Tower,0,13,0,0,13,0,26,33,0,59,0,39,33,0,72,64,0,64,136
05/22/2020,ENA,AK,AAL,WE,Federal Contract Tower,0,11,0,2,13,0,27,24,0,51,0,38,24,2,64,26,4,30,94
05/23/2020,ENA,AK,AAL,WE,Federal Contract Tower,0,0,0,0,0,0,20,25,0,45,0,20,25,0,45,36,0,36,81
05/24/2020,ENA,AK,AAL,WE,Federal Contract Tower,0,14,0,0,14,0,10,9,0,19,0,24,9,0,33,0,0,0,33
05/25/2020,ENA,AK,AAL,WE,Federal Contract Tower,0,2,0,0,2,0,31,35,0,66,0,33,35,0,68,132,0,132,200
05/26/2020,ENA,AK,AAL,WE,Federal Contract Tower,0,10,3,0,13,9,58,48,2,117,9,68,51,2,130,102,26,128,258
05/27/2020,ENA,AK,AAL,WE,Federal Contract Tower,1,8,0,0,9,9,44,31,0,84,10,52,31,0,93,110,0,110,203
05/28/2020,ENA,AK,AAL,WE,Federal Contract Tower,0,7,4,4,15,6,42,60,0,108,6,49,64,4,123,46,10,56,179
05/29/2020,ENA,AK,AAL,WE,Federal Contract Tower,0,3,0,0,3,4,59,58,0,121,4,62,58,0,124,84,0,84,208
05/30/2020,ENA,AK,AAL,WE,Federal Contract Tower,0,0,2,0,2,0,0,41,4,45,0,0,43,4,47,20,0,20,67
05/31/2020,ENA,AK,AAL,WE,Federal Contract Tower,0,1,8,1,10,0,16,16,0,32,0,17,24,1,42,10,0,10,52
06/01/2020,ENA,AK,AAL,WE,Federal Contract Tower,1,9,0,0,10,9,54,42,0,105,10,63,42,0,115,94,0,94,209
06/02/2020,ENA,AK,AAL,WE,Federal Contract Tower,0,5,2,0,7,4,47,41,0,92,4,52,43,0,99,44,0,44,143
06/03/2020,ENA,AK,AAL,WE,Federal Contract Tower,0,5,0,0,5,7,59,39,1,106,7,64,39,1,111,50,26,76,187
06/04/2020,ENA,AK,AAL,WE,Federal Contract Tower,0,4,3,2,9,3,50,45,0,98,3,54,48,2,107,110,0,110,217
06/05/2020,ENA,AK,AAL,WE,Federal Contract Tower,0,5,0,0,5,0,34,60,0,94,0,39,60,0,99,50,0,50,149
06/06/2020,ENA,AK,AAL,WE,Federal Contract Tower,0,0,0,0,0,0,1,29,0,30,0,1,29,0,30,32,0,32,62
06/07/2020,ENA,AK,AAL,WE,Federal Contract Tower,0,0,1,2,3,5,21,16,2,44,5,21,17,4,47,42,4,46,93
06/08/2020,ENA,AK,AAL,WE,Federal Contract Tower,0,22,4,0,26,0,26,35,0,61,0,48,39,0,87,62,0,62,149
06/09/2020,ENA,AK,AAL,WE,Federal Contract Tower,0,36,4,2,42,0,28,29,0,57,0,64,33,2,99,52,24,76,175
06/10/2020,ENA,AK,AAL,WE,Federal Contract Tower,0,12,5,0,17,0,37,35,0,72,0,49,40,0,89,70,32,102,191
06/11/2020,ENA,AK,AAL,WE,Federal Contract Tower,0,12,3,2,17,0,31,34,0,65,0,43,37,2,82,86,4,90,172
06/12/2020,ENA,AK,AAL,WE,Federal Contract Tower,0,6,0,0,6,3,38,61,0,102,3,44,61,0,108,104,0,104,212
06/13/2020,ENA,AK,AAL,WE,Federal Contract Tower,0,0,1,0,1,5,11,52,0,68,5,11,53,0,69,70,2,72,141
06/14/2020,ENA,AK,AAL,WE,Federal Contract Tower,0,0,0,1,1,0,13,18,1,32,0,13,18,2,33,2,4,6,39
06/15/2020,ENA,AK,AAL,WE,Federal Contract Tower,0,3,1,0,4,2,26,57,2,87,2,29,58,2,91,58,6,64,155
06/16/2020,ENA,AK,AAL,WE,Federal Contract Tower,2,4,0,0,6,6,55,49,0,110,8,59,49,0,116,84,50,134,250
06/17/2020,ENA,AK,AAL,WE,Federal Contract Tower,0,7,0,0,7,0,43,35,0,78,0,50,35,0,85,66,0,66,151
06/18/2020,ENA,AK,AAL,WE,Federal Contract Tower,0,4,0,0,4,3,39,41,0,83,3,43,41,0,87,46,0,46,133
06/19/2020,ENA,AK,AAL,WE,Federal Contract Tower,0,26,0,0,26,5,29,40,2,76,5,55,40,2,102,44,0,44,146
06/20/2020,ENA,AK,AAL,WE,Federal Contract Tower,0,0,2,0,2,0,22,42,0,64,0,22,44,0,66,22,0,22,88
06/21/2020,ENA,AK,AAL,WE,Federal Contract Tower,0,1,0,0,1,0,34,26,1,61,0,35,26,1,62,30,0,30,92
06/22/2020,ENA,AK,AAL,WE,Federal Contract Tower,0,7,1,3,11,4,73,43,7,127,4,80,44,10,138,106,22,128,266
06/23/2020,ENA,AK,AAL,WE,Federal Contract Tower,0,6,0,4,10,4,51,54,0,109,4,57,54,4,119,116,2,118,237
06/24/2020,ENA,AK,AAL,WE,Federal Contract Tower,0,14,7,4,25,4,50,25,0,79,4,64,32,4,104,94,12,106,210
06/25/2020,ENA,AK,AAL,WE,Federal Contract Tower,0,4,0,0,4,2,49,56,0,107,2,53,56,0,111,60,2,62,173
06/26/2020,ENA,AK,AAL,WE,Federal Contract Tower,0,4,1,0,5,0,65,56,2,123,0,69,57,2,128,66,0,66,194
06/27/2020,ENA,AK,AAL,WE,Federal Contract Tower,0,2,5,0,7,0,26,73,0,99,0,28,78,0,106,78,0,78,184
06/28/2020,ENA,AK,AAL,WE,Federal Contract Tower,0,3,1,0,4,0,19,15,1,35,0,22,16,1,39,4,0,4,43
06/29/2020,ENA,AK,AAL,WE,Federal Contract Tower,1,8,4,0,13,24,42,16,0,82,25,50,20,0,95,34,2,36,131
06/30/2020,ENA,AK,AAL,WE,Federal Contract Tower,0,5,2,0,7,5,58,60,4,127,5,63,62,4,134,46,24,70,204
07/01/2020,ENA,AK,AAL,WE,Federal Contract Tower,0,4,2,1,7,4,55,59,1,119,4,59,61,2,126,102,12,114,240
07/02/2020,ENA,AK,AAL,WE,Federal Contract Tower,0,5,1,2,8,1,58,33,0,92,1,63,34,2,100,42,4,46,146
07/03/2020,ENA,AK,AAL,WE,Federal Contract Tower,0,5,2,0,7,1,46,57,0,104,1,51,59,0,111,82,0,82,193
07/04/2020,ENA,AK,AAL,WE,Federal Contract Tower,0,0,0,0,0,0,1,25,0,26,0,1,25,0,26,4,0,4,30
07/05/2020,ENA,AK,AAL,WE,Federal Contract Tower,0,4,6,0,10,0,21,24,0,45,0,25,30,0,55,10,0,10,65
07/06/2020,ENA,AK,AAL,WE,Federal Contract Tower,0,50,16,0,66,0,19,11,0,30,0,69,27,0,96,16,0,16,112
07/07/2020,ENA,AK,AAL,WE,Federal Contract Tower,0,29,10,2,41,0,51,45,1,97,0,80,55,3,138,136,4,140,278
07/08/2020,ENA,AK,AAL,WE,Federal Contract Tower,0,54,9,0,63,0,14,12,0,26,0,68,21,0,89,12,0,12,101
07/09/2020,ENA,AK,AAL,WE,Federal Contract Tower,0,24,0,3,27,3,52,44,2,101,3,76,44,5,128,84,12,96,224
07/10/2020,ENA,AK,AAL,WE,Federal Contract Tower,0,9,2,0,11,6,75,49,0,130,6,84,51,0,141,46,0,46,187
07/11/2020,ENA,AK,AAL,WE,Federal Contract Tower,0,1,0,0,1,2,28,40,0,70,2,29,40,0,71,26,0,26,97
07/12/2020,ENA,AK,AAL,WE,Federal Contract Tower,0,10,16,0,26,0,10,8,0,18,0,20,24,0,44,0,0,0,44
07/13/2020,ENA,AK,AAL,WE,Federal Contract Tower,0,9,1,4,14,7,71,57,1,136,7,80,58,5,150,42,8,50,200
07/14/2020,ENA,AK,AAL,WE,Federal Contract Tower,0,18,5,5,28,0,55,49,2,106,0,73,54,7,134,72,0,72,206
07/15/2020,ENA,AK,AAL,WE,Federal Contract Tower,0,12,4,1,17,2,64,51,0,117,2,76,55,1,134,72,2,74,208
07/16/2020,ENA,AK,AAL,WE,Federal Contract Tower,0,7,0,2,9,5,57,62,0,124,5,64,62,2,133,100,22,122,255
07/17/2020,ENA,AK,AAL,WE,Federal Contract Tower,0,10,1,0,11,1,58,65,4,128,1,68,66,4,139,50,10,60,199
07/18/2020,ENA,AK,AAL,WE,Federal Contract Tower,0,2,2,0,4,3,47,42,0,92,3,49,44,0,96,48,0,48,144
07/19/2020,ENA,AK,AAL,WE,Federal Contract Tower,1,11,0,0,12,2,36,20,0,58,3,47,20,0,70,42,0,42,112
07/20/2020,ENA,AK,AAL,WE,Federal Contract Tower,0,11,2,0,13,4,70,51,0,125,4,81,53,0,138,96,0,96,234
07/21/2020,ENA,AK,AAL,WE,Federal Contract Tower,0,9,5,1,15,2,90,69,2,163,2,99,74,3,178,110,12,122,300
07/22/2020,ENA,AK,AAL,WE,Federal Contract Tower,0,16,3,1,20,0,46,36,5,87,0,62,39,6,107,68,52,120,227
07/23/2020,ENA,AK,AAL,WE,Federal Contract Tower,0,5,14,2,21,8,60,87,2,157,8,65,101,4,178,88,32,120,298
07/24/2020,ENA,AK,AAL,WE,Federal Contract Tower,2,34,5,0,41,2,26,30,0,58,4,60,35,0,99,28,0,28,127
07/25/2020,ENA,AK,AAL,WE,Federal Contract Tower,0,9,3,0,12,0,16,23,0,39,0,25,26,0,51,0,0,0,51
07/26/2020,ENA,AK,AAL,WE,Federal Contract Tower,1,3,1,0,5,0,47,42,0,89,1,50,43,0,94,46,0,46,140
07/27/2020,ENA,AK,AAL,WE,Federal Contract Tower,0,7,7,0,14,4,62,78,0,144,4,69,85,0,158,54,0,54,212
07/28/2020,ENA,AK,AAL,WE,Federal Contract Tower,1,4,7,6,18,2,63,71,0,136,3,67,78,6,154,98,6,104,258
07/29/2020,ENA,AK,AAL,WE,Federal Contract Tower,0,8,3,1,12,1,71,66,2,140,1,79,69,3,152,86,0,86,238
07/30/2020,ENA,AK,AAL,WE,Federal Contract Tower,2,10,2,2,16,6,68,49,4,127,8,78,51,6,143,72,16,88,231
07/31/2020,ENA,AK,AAL,WE,Federal Contract Tower,0,7,4,0,11,8,63,58,0,129,8,70,62,0,140,50,0,50,190
08/01/2020,ENA,AK,AAL,WE,Federal Contract Tower,1,16,4,0,21,1,2,0,0,3,2,18,4,0,24,0,0,0,24
08/02/2020,ENA,AK,AAL,WE,Federal Contract Tower,0,21,5,0,26,0,3,8,0,11,0,24,13,0,37,0,0,0,37
08/03/2020,ENA,AK,AAL,WE,Federal Contract Tower,0,35,13,0,48,4,32,21,0,57,4,67,34,0,105,32,0,32,137
08/04/2020,ENA,AK,AAL,WE,Federal Contract Tower,0,8,5,2,15,7,75,71,2,155,7,83,76,4,170,80,8,88,258
08/05/2020,ENA,AK,AAL,WE,Federal Contract Tower,0,7,5,0,12,2,68,67,0,137,2,75,72,0,149,26,18,44,193
08/06/2020,ENA,AK,AAL,WE,Federal Contract Tower,0,13,2,0,15,1,61,41,10,113,1,74,43,10,128,42,0,42,170
08/07/2020,ENA,AK,AAL,WE,Federal Contract Tower,0,8,3,0,11,1,75,43,0,119,1,83,46,0,130,54,20,74,204
08/08/2020,ENA,AK,AAL,WE,Federal Contract Tower,2,2,1,0,5,2,24,32,0,58,4,26,33,0,63,52,0,52,115
08/09/2020,ENA,AK,AAL,WE,Federal Contract Tower,0,4,0,0,4,8,27,29,0,64,8,31,29,0,68,26,0,26,94
08/10/2020,ENA,AK,AAL,WE,Federal Contract Tower,0,4,2,0,6,2,56,51,0,109,2,60,53,0,115,92,0,92,207
08/11/2020,ENA,AK,AAL,WE,Federal Contract Tower,0,10,2,0,12,0,72,43,3,118,0,82,45,3,130,22,48,70,200
08/12/2020,ENA,AK,AAL,WE,Federal Contract Tower,0,20,10,0,30,0,74,52,0,126,0,94,62,0,156,62,0,62,218
08/13/2020,ENA,AK,AAL,WE,Federal Contract Tower,0,6,0,0,6,3,77,62,0,142,3,83,62,0,148,56,0,56,204
08/14/2020,ENA,AK,AAL,WE,Federal Contract Tower,0,25,1,0,26,4,56,36,0,96,4,81,37,0,122,34,0,34,156
08/15/2020,ENA,AK,AAL,WE,Federal Contract Tower,0,0,0,0,0,1,24,27,0,52,1,24,27,0,52,10,0,10,62
08/16/2020,ENA,AK,AAL,WE,Federal Contract Tower,0,4,0,0,4,0,27,32,0,59,0,31,32,0,63,36,0,36,99
08/17/2020,ENA,AK,AAL,WE,Federal Contract Tower,1,10,1,0,12,5,53,40,0,98,6,63,41,0,110,66,8,74,184
08/18/2020,ENA,AK,AAL,WE,Federal Contract Tower,0,20,2,2,24,5,53,50,2,110,5,73,52,4,134,72,36,108,242
08/19/2020,ENA,AK,AAL,WE,Federal Contract Tower,0,31,0,4,35,2,37,45,0,84,2,68,45,4,119,10,6,16,135
08/20/2020,ENA,AK,AAL,WE,Federal Contract Tower,0,18,1,4,23,0,44,56,0,100,0,62,57,4,123,48,0,48,171
08/21/2020,ENA,AK,AAL,WE,Federal Contract Tower,0,10,0,0,10,0,54,53,0,107,0,64,53,0,117,78,0,78,195
08/22/2020,ENA,AK,AAL,WE,Federal Contract Tower,0,1,4,0,5,0,33,62,0,95,0,34,66,0,100,50,0,50,150
08/23/2020,ENA,AK,AAL,WE,Federal Contract Tower,0,11,2,0,13,0,23,41,0,64,0,34,43,0,77,32,0,32,109
08/24/2020,ENA,AK,AAL,WE,Federal Contract Tower,0,30,0,2,32,2,48,35,1,86,2,78,35,3,118,56,22,78,196
08/25/2020,ENA,AK,AAL,WE,Federal Contract Tower,0,38,6,0,44,0,40,23,0,63,0,78,29,0,107,10,0,10,117
08/26/2020,ENA,AK,AAL,WE,Federal Contract Tower,0,50,13,0,63,2,20,10,0,32,2,70,23,0,95,8,0,8,103
08/27/2020,ENA,AK,AAL,WE,Federal Contract Tower,0,5,3,0,8,2,68,34,0,104,2,73,37,0,112,70,0,70,182
08/28/2020,ENA,AK,AAL,WE,Federal Contract Tower,0,13,0,0,13,0,70,64,0,134,0,83,64,0,147,46,0,46,193
08/29/2020,ENA,AK,AAL,WE,Federal Contract Tower,0,5,0,0,5,0,36,16,0,52,0,41,16,0,57,36,0,36,93
08/30/2020,ENA,AK,AAL,WE,Federal Contract Tower,0,7,0,0,7,0,14,7,0,21,0,21,7,0,28,20,0,20,48
08/31/2020,ENA,AK,AAL,WE,Federal Contract Tower,0,16,0,2,18,2,41,7,0,50,2,57,7,2,68,0,2,2,70
09/01/2020,ENA,AK,AAL,WE,Federal Contract Tower,0,23,3,8,34,3,57,25,0,85,3,80,28,8,119,36,0,36,155
09/02/2020,ENA,AK,AAL,WE,Federal Contract Tower,0,29,4,3,36,4,32,10,0,46,4,61,14,3,82,28,18,46,128
09/03/2020,ENA,AK,AAL,WE,Federal Contract Tower,0,31,0,1,32,0,35,31,0,66,0,66,31,1,98,86,4,90,188
09/04/2020,ENA,AK,AAL,WE,Federal Contract Tower,1,11,4,0,16,6,47,35,0,88,7,58,39,0,104,44,0,44,148
09/05/2020,ENA,AK,AAL,WE,Federal Contract Tower,0,0,0,0,0,2,36,36,0,74,2,36,36,0,74,44,0,44,118
09/06/2020,ENA,AK,AAL,WE,Federal Contract Tower,0,2,2,2,6,0,22,9,0,31,0,24,11,2,37,14,0,14,51
09/07/2020,ENA,AK,AAL,WE,Federal Contract Tower,0,4,0,0,4,0,0,0,0,0,0,4,0,0,4,38,22,60,64
09/08/2020,ENA,AK,AAL,WE,Federal Contract Tower,0,7,2,2,11,3,67,22,0,92,3,74,24,2,103,32,14,46,149
09/09/2020,ENA,AK,AAL,WE,Federal Contract Tower,0,11,0,0,11,5,67,44,0,116,5,78,44,0,127,102,0,102,229
09/10/2020,ENA,AK,AAL,WE,Federal Contract Tower,0,7,5,2,14,0,61,47,0,108,0,68,52,2,122,78,6,84,206
09/11/2020,ENA,AK,AAL,WE,Federal Contract Tower,1,8,1,2,12,0,49,49,0,98,1,57,50,2,110,90,0,90,200
09/12/2020,ENA,AK,AAL,WE,Federal Contract Tower,0,3,2,0,5,0,50,40,0,90,0,53,42,0,95,78,0,78,173
09/13/2020,ENA,AK,AAL,WE,Federal Contract Tower,2,1,1,0,4,2,28,43,0,73,4,29,44,0,77,50,0,50,127
09/14/2020,ENA,AK,AAL,WE,Federal Contract Tower,0,14,4,0,18,3,64,45,0,112,3,78,49,0,130,102,0,102,232
09/15/2020,ENA,AK,AAL,WE,Federal Contract Tower,0,23,1,0,24,0,39,27,1,67,0,62,28,1,91,22,14,36,127
09/16/2020,ENA,AK,AAL,WE,Federal Contract Tower,0,20,4,0,24,0,40,34,0,74,0,60,38,0,98,50,0,50,148
09/17/2020,ENA,AK,AAL,WE,Federal Contract Tower,0,30,4,0,34,0,36,13,0,49,0,66,17,0,83,34,0,34,117
09/18/2020,ENA,AK,AAL,WE,Federal Contract Tower,0,10,0,0,10,1,52,22,0,75,1,62,22,0,85,18,0,18,103
09/19/2020,ENA,AK,AAL,WE,Federal Contract Tower,0,3,2,0,5,0,32,44,0,76,0,35,46,0,81,48,0,48,129
09/20/2020,ENA,AK,AAL,WE,Federal Contract Tower,0,4,6,0,10,0,15,27,0,42,0,19,33,0,52,10,0,10,62
09/21/2020,ENA,AK,AAL,WE,Federal Contract Tower,0,15,2,2,19,1,64,23,0,88,1,79,25,2,107,26,34,60,167
09/22/2020,ENA,AK,AAL,WE,Federal Contract Tower,0,11,0,0,11,2,55,14,0,71,2,66,14,0,82,36,0,36,118
09/23/2020,ENA,AK,AAL,WE,Federal Contract Tower,0,13,2,0,15,7,68,31,0,106,7,81,33,0,121,56,0,56,177
09/24/2020,ENA,AK,AAL,WE,Federal Contract Tower,0,37,0,0,37,4,33,12,0,49,4,70,12,0,86,34,0,34,120
09/25/2020,ENA,AK,AAL,WE,Federal Contract Tower,0,28,6,0,34,4,38,26,0,68,4,66,32,0,102,90,0,90,192
09/26/2020,ENA,AK,AAL,WE,Federal Contract Tower,0,6,1,0,7,0,20,29,0,49,0,26,30,0,56,14,0,14,70
09/27/2020,ENA,AK,AAL,WE,Federal Contract Tower,0,1,0,0,1,2,17,4,0,23,2,18,4,0,24,6,0,6,30
09/28/2020,ENA,AK,AAL,WE,Federal Contract Tower,0,20,2,5,27,4,51,19,0,74,4,71,21,5,101,60,6,66,167
09/29/2020,ENA,AK,AAL,WE,Federal Contract Tower,0,8,0,0,8,2,59,31,0,92,2,67,31,0,100,57,0,57,157
09/30/2020,ENA,AK,AAL,WE,Federal Contract Tower,0,12,0,0,12,0,39,8,0,47,0,51,8,0,59,10,0,10,69
10/01/2020,ENA,AK,AAL,WE,Federal Contract Tower,0,8,4,0,12,2,51,31,0,84,2,59,35,0,96,40,0,40,136
10/02/2020,ENA,AK,AAL,WE,Federal Contract Tower,0,9,0,0,9,2,34,17,1,54,2,43,17,1,63,54,0,54,117
10/03/2020,ENA,AK,AAL,WE,Federal Contract Tower,0,0,2,0,2,2,23,34,0,59,2,23,36,0,61,62,0,62,123
10/04/2020,ENA,AK,AAL,WE,Federal Contract Tower,0,5,2,0,7,1,12,6,0,19,1,17,8,0,26,32,0,32,58
10/05/2020,ENA,AK,AAL,WE,Federal Contract Tower,0,10,4,0,14,0,54,28,0,82,0,64,32,0,96,104,0,104,200
10/06/2020,ENA,AK,AAL,WE,Federal Contract Tower,0,12,3,0,15,1,49,38,0,88,1,61,41,0,103,44,8,52,155
10/07/2020,ENA,AK,AAL,WE,Federal Contract Tower,2,14,0,0,16,6,47,11,0,64,8,61,11,0,80,54,0,54,134
10/08/2020,ENA,AK,AAL,WE,Federal Contract Tower,0,8,2,0,10,2,39,13,0,54,2,47,15,0,64,52,0,52,116
10/09/2020,ENA,AK,AAL,WE,Federal Contract Tower,0,7,0,0,7,5,49,24,0,78,5,56,24,0,85,92,0,92,177
10/10/2020,ENA,AK,AAL,WE,Federal Contract Tower,0,1,4,0,5,1,14,60,0,75,1,15,64,0,80,64,0,64,144
10/11/2020,ENA,AK,AAL,WE,Federal Contract Tower,0,4,0,1,5,0,15,9,0,24,0,19,9,1,29,40,4,44,73
10/12/2020,ENA,AK,AAL,WE,Federal Contract Tower,0,9,4,0,13,0,43,34,0,77,0,52,38,0,90,30,0,30,120
10/13/2020,ENA,AK,AAL,WE,Federal Contract Tower,0,7,1,0,8,0,63,30,0,93,0,70,31,0,101,58,0,58,159
10/14/2020,ENA,AK,AAL,WE,Federal Contract Tower,0,18,0,2,20,0,52,13,0,65,0,70,13,2,85,44,26,70,155
10/15/2020,ENA,AK,AAL,WE,Federal Contract Tower,0,28,1,2,31,0,24,26,1,51,0,52,27,3,82,39,14,53,135
10/16/2020,ENA,AK,AAL,WE,Federal Contract Tower,0,7,0,0,7,0,44,25,0,69,0,51,25,0,76,68,0,68,144
10/17/2020,ENA,AK,AAL,WE,Federal Contract Tower,0,0,1,0,1,0,20,27,0,47,0,20,28,0,48,62,0,62,110
10/18/2020,ENA,AK,AAL,WE,Federal Contract Tower,0,15,0,0,15,0,8,4,0,12,0,23,4,0,27,4,0,4,31
10/19/2020,ENA,AK,AAL,WE,Federal Contract Tower,0,24,0,0,24,0,33,16,0,49,0,57,16,0,73,56,18,74,147
10/20/2020,ENA,AK,AAL,WE,Federal Contract Tower,0,8,0,0,8,0,42,26,0,68,0,50,26,0,76,104,10,114,190
10/21/2020,ENA,AK,AAL,WE,Federal Contract Tower,0,7,0,0,7,2,59,24,0,85,2,66,24,0,92,18,0,18,110
10/22/2020,ENA,AK,AAL,WE,Federal Contract Tower,0,5,0,0,5,0,62,23,0,85,0,67,23,0,90,38,0,38,128
10/23/2020,ENA,AK,AAL,WE,Federal Contract Tower,0,6,3,0,9,0,41,13,2,56,0,47,16,2,65,44,8,52,117
10/24/2020,ENA,AK,AAL,WE,Federal Contract Tower,0,1,2,0,3,0,21,6,0,27,0,22,8,0,30,10,0,10,40
10/25/2020,ENA,AK,AAL,WE,Federal Contract Tower,0,32,0,0,32,0,3,0,0,3,0,35,0,0,35,4,0,4,39
10/26/2020,ENA,AK,AAL,WE,Federal Contract Tower,0,27,0,0,27,0,19,5,0,24,0,46,5,0,51,32,0,32,83
10/27/2020,ENA,AK,AAL,WE,Federal Contract Tower,0,22,6,2,30,1,43,24,0,68,1,65,30,2,98,106,14,120,218
10/28/2020,ENA,AK,AAL,WE,Federal Contract Tower,0,47,0,0,47,6,24,24,0,54,6,71,24,0,101,56,0,56,157
10/29/2020,ENA,AK,AAL,WE,Federal Contract Tower,0,30,2,0,32,2,44,11,0,57,2,74,13,0,89,40,0,40,129
10/30/2020,ENA,AK,AAL,WE,Federal Contract Tower,0,18,2,0,20,0,48,24,0,72,0,66,26,0,92,62,0,62,154
10/31/2020,ENA,AK,AAL,WE,Federal Contract Tower,0,0,0,0,0,0,24,52,0,76,0,24,52,0,76,32,0,32,108
11/01/2020,ENA,AK,AAL,WE,Federal Contract Tower,0,0,0,0,0,0,20,2,0,22,0,20,2,0,22,0,0,0,22
11/03/2020,ENA,AK,AAL,WE,Federal Contract Tower,0,8,2,1,11,0,47,25,1,73,0,55,27,2,84,91,14,105,189
11/04/2020,ENA,AK,AAL,WE,Federal Contract Tower,0,12,0,0,12,0,49,28,0,77,0,61,28,0,89,72,16,88,177
11/05/2020,ENA,AK,AAL,WE,Federal Contract Tower,0,15,2,0,17,0,37,12,0,49,0,52,14,0,66,30,18,48,114
11/06/2020,ENA,AK,AAL,WE,Federal Contract Tower,0,38,0,0,38,0,2,0,0,2,0,40,0,0,40,0,0,0,40
11/07/2020,ENA,AK,AAL,WE,Federal Contract Tower,0,10,0,0,10,0,0,0,0,0,0,10,0,0,10,0,0,0,10
11/08/2020,ENA,AK,AAL,WE,Federal Contract Tower,0,15,0,0,15,0,0,0,0,0,0,15,0,0,15,0,0,0,15
11/09/2020,ENA,AK,AAL,WE,Federal Contract Tower,0,5,0,0,5,0,49,30,0,79,0,54,30,0,84,120,0,120,204
11/10/2020,ENA,AK,AAL,WE,Federal Contract Tower,0,20,0,0,20,0,29,23,0,52,0,49,23,0,72,54,0,54,126
11/11/2020,ENA,AK,AAL,WE,Federal Contract Tower,0,18,0,0,18,0,33,12,0,45,0,51,12,0,63,34,0,34,97
11/12/2020,ENA,AK,AAL,WE,Federal Contract Tower,0,44,5,0,49,0,0,2,0,2,0,44,7,0,51,0,0,0,51
11/13/2020,ENA,AK,AAL,WE,Federal Contract Tower,0,19,0,0,19,0,28,17,0,45,0,47,17,0,64,72,0,72,136
11/14/2020,ENA,AK,AAL,WE,Federal Contract Tower,0,5,0,0,5,0,18,28,0,46,0,23,28,0,51,60,0,60,111
11/15/2020,ENA,AK,AAL,WE,Federal Contract Tower,0,0,0,0,0,0,21,16,0,37,0,21,16,0,37,82,0,82,119
11/16/2020,ENA,AK,AAL,WE,Federal Contract Tower,0,11,2,0,13,0,52,24,0,76,0,63,26,0,89,101,2,103,192
11/17/2020,ENA,AK,AAL,WE,Federal Contract Tower,0,15,0,0,15,0,41,35,0,76,0,56,35,0,91,64,4,68,159
11/18/2020,ENA,AK,AAL,WE,Federal Contract Tower,0,34,4,0,38,0,25,10,0,35,0,59,14,0,73,58,0,58,131
11/19/2020,ENA,AK,AAL,WE,Federal Contract Tower,0,15,0,0,15,0,49,24,0,73,0,64,24,0,88,76,0,76,164
11/20/2020,ENA,AK,AAL,WE,Federal Contract Tower,0,13,0,0,13,0,34,13,0,47,0,47,13,0,60,28,0,28,88
11/21/2020,ENA,AK,AAL,WE,Federal Contract Tower,0,1,0,0,1,0,13,2,0,15,0,14,2,0,16,6,0,6,22
11/22/2020,ENA,AK,AAL,WE,Federal Contract Tower,0,8,0,0,8,0,19,17,0,36,0,27,17,0,44,60,0,60,104
11/23/2020,ENA,AK,AAL,WE,Federal Contract Tower,0,10,0,0,10,0,31,2,0,33,0,41,2,0,43,24,0,24,67
11/24/2020,ENA,AK,AAL,WE,Federal Contract Tower,0,24,0,0,24,0,44,22,0,66,0,68,22,0,90,84,14,98,188
11/25/2020,ENA,AK,AAL,WE,Federal Contract Tower,0,24,0,0,24,0,25,5,0,30,0,49,5,0,54,0,0,0,54
11/26/2020,ENA,AK,AAL,WE,Federal Contract Tower,0,1,0,0,1,0,15,6,0,21,0,16,6,0,22,38,0,38,60
11/27/2020,ENA,AK,AAL,WE,Federal Contract Tower,0,37,0,0,37,0,3,0,0,3,0,40,0,0,40,0,0,0,40
11/28/2020,ENA,AK,AAL,WE,Federal Contract Tower,0,27,0,0,27,0,47,4,0,51,0,74,4,0,78,60,0,60,138
11/29/2020,ENA,AK,AAL,WE,Federal Contract Tower,0,3,0,0,3,0,9,0,0,9,0,12,0,0,12,14,0,14,26
11/30/2020,ENA,AK,AAL,WE,Federal Contract Tower,0,27,0,0,27,0,47,4,0,51,0,74,4,0,78,60,0,60,138
12/01/2020,ENA,AK,AAL,WE,Federal Contract Tower,0,28,0,0,28,0,50,4,2,56,0,78,4,2,84,64,0,64,148
12/02/2020,ENA,AK,AAL,WE,Federal Contract Tower,0,44,0,0,44,0,29,1,0,30,0,73,1,0,74,24,0,24,98
12/03/2020,ENA,AK,AAL,WE,Federal Contract Tower,0,30,1,0,31,0,45,18,0,63,0,75,19,0,94,134,8,142,236
12/04/2020,ENA,AK,AAL,WE,Federal Contract Tower,0,28,0,0,28,0,48,23,0,71,0,76,23,0,99,100,0,100,199
12/05/2020,ENA,AK,AAL,WE,Federal Contract Tower,0,13,1,0,14,0,31,20,0,51,0,44,21,0,65,74,0,74,139
12/06/2020,ENA,AK,AAL,WE,Federal Contract Tower,0,9,1,0,10,0,19,4,0,23,0,28,5,0,33,46,0,46,79
12/07/2020,ENA,AK,AAL,WE,Federal Contract Tower,0,16,0,0,16,0,37,1,0,38,0,53,1,0,54,16,0,16,70
12/08/2020,ENA,AK,AAL,WE,Federal Contract Tower,0,29,0,0,29,0,29,4,0,33,0,58,4,0,62,42,0,42,104
12/09/2020,ENA,AK,AAL,WE,Federal Contract Tower,0,16,0,1,17,0,57,21,5,83,0,73,21,6,100,70,20,90,190
12/10/2020,ENA,AK,AAL,WE,Federal Contract Tower,0,39,0,0,39,0,17,4,0,21,0,56,4,0,60,20,0,20,80
12/11/2020,ENA,AK,AAL,WE,Federal Contract Tower,0,25,3,0,28,0,51,40,0,91,0,76,43,0,119,36,0,36,155
12/12/2020,ENA,AK,AAL,WE,Federal Contract Tower,0,15,0,0,15,0,26,9,0,35,0,41,9,0,50,100,0,100,150
12/13/2020,ENA,AK,AAL,WE,Federal Contract Tower,0,11,0,0,11,1,27,5,0,33,1,38,5,0,44,72,0,72,116
12/14/2020,ENA,AK,AAL,WE,Federal Contract Tower,0,16,0,1,17,0,47,14,6,67,0,63,14,7,84,30,18,48,132
12/15/2020,ENA,AK,AAL,WE,Federal Contract Tower,0,41,2,0,43,0,0,0,0,0,0,41,2,0,43,0,0,0,43
12/16/2020,ENA,AK,AAL,WE,Federal Contract Tower,0,44,0,0,44,0,26,15,0,41,0,70,15,0,85,20,0,20,105
12/17/2020,ENA,AK,AAL,WE,Federal Contract Tower,0,25,1,0,26,0,39,17,0,56,0,64,18,0,82,48,38,86,168
12/18/2020,ENA,AK,AAL,WE,Federal Contract Tower,0,34,0,0,34,0,34,31,0,65,0,68,31,0,99,78,0,78,177
12/19/2020,ENA,AK,AAL,WE,Federal Contract Tower,0,30,0,0,30,0,0,0,0,0,0,30,0,0,30,0,0,0,30
12/20/2020,ENA,AK,AAL,WE,Federal Contract Tower,0,18,0,0,18,0,10,3,0,13,0,28,3,0,31,14,0,14,45
12/21/2020,ENA,AK,AAL,WE,Federal Contract Tower,0,37,0,3,40,0,7,0,0,7,0,44,0,3,47,0,0,0,47
12/22/2020,ENA,AK,AAL,WE,Federal Contract Tower,0,17,0,0,17,0,14,1,0,15,0,31,1,0,32,0,0,0,32
12/23/2020,ENA,AK,AAL,WE,Federal Contract Tower,0,26,0,0,26,0,46,5,0,51,0,72,5,0,77,22,0,22,99
12/24/2020,ENA,AK,AAL,WE,Federal Contract Tower,0,36,0,0,36,0,28,1,0,29,0,64,1,0,65,0,0,0,65
12/25/2020,ENA,AK,AAL,WE,Federal Contract Tower,0,0,0,0,0,0,0,11,0,11,0,0,11,0,11,32,0,32,43
12/26/2020,ENA,AK,AAL,WE,Federal Contract Tower,0,15,0,0,15,0,16,14,0,30,0,31,14,0,45,42,0,42,87
12/27/2020,ENA,AK,AAL,WE,Federal Contract Tower,0,11,0,0,11,0,18,9,0,27,0,29,9,0,38,22,0,22,60
12/28/2020,ENA,AK,AAL,WE,Federal Contract Tower,0,19,0,0,19,0,38,7,0,45,0,57,7,0,64,20,0,20,84
12/29/2020,ENA,AK,AAL,WE,Federal Contract Tower,0,14,0,0,14,5,44,15,0,64,5,58,15,0,78,34,2,36,114
12/30/2020,ENA,AK,AAL,WE,Federal Contract Tower,0,24,6,1,31,1,38,7,0,46,1,62,13,1,77,34,0,34,111
12/31/2020,ENA,AK,AAL,WE,Federal Contract Tower,0,13,0,0,13,0,45,17,0,62,0,58,17,0,75,44,0,44,119
01/01/2021,ENA,AK,AAL,WE,Federal Contract Tower,0,5,0,0,5,5,4,14,0,23,5,9,14,0,28,44,0,44,72
01/02/2021,ENA,AK,AAL,WE,Federal Contract Tower,0,12,2,0,14,0,13,9,0,22,0,25,11,0,36,16,0,16,52
01/03/2021,ENA,AK,AAL,WE,Federal Contract Tower,0,19,0,0,19,0,7,5,0,12,0,26,5,0,31,0,0,0,31
01/04/2021,ENA,AK,AAL,WE,Federal Contract Tower,0,26,1,0,27,0,21,1,0,22,0,47,2,0,49,10,0,10,59
01/05/2021,ENA,AK,AAL,WE,Federal Contract Tower,0,19,2,0,21,0,47,16,0,63,0,66,18,0,84,22,0,22,106
01/06/2021,ENA,AK,AAL,WE,Federal Contract Tower,0,23,2,2,27,1,40,19,0,60,1,63,21,2,87,26,28,54,141
01/07/2021,ENA,AK,AAL,WE,Federal Contract Tower,0,19,0,0,19,0,33,12,0,45,0,52,12,0,64,38,0,38,102
01/08/2021,ENA,AK,AAL,WE,Federal Contract Tower,0,19,0,0,19,1,44,26,0,71,1,63,26,0,90,48,42,90,180
01/09/2021,ENA,AK,AAL,WE,Federal Contract Tower,0,12,0,0,12,2,24,11,0,37,2,36,11,0,49,38,0,38,87
01/10/2021,ENA,AK,AAL,WE,Federal Contract Tower,0,7,0,0,7,0,23,0,0,23,0,30,0,0,30,26,0,26,56
01/11/2021,ENA,AK,AAL,WE,Federal Contract Tower,0,20,2,0,22,0,39,19,0,58,0,59,21,0,80,64,0,64,144
01/12/2021,ENA,AK,AAL,WE,Federal Contract Tower,0,27,0,0,27,5,42,23,0,70,5,69,23,0,97,79,20,99,196
01/13/2021,ENA,AK,AAL,WE,Federal Contract Tower,0,22,0,0,22,0,41,21,0,62,0,63,21,0,84,54,0,54,138
01/14/2021,ENA,AK,AAL,WE,Federal Contract Tower,0,15,0,0,15,0,40,0,0,40,0,55,0,0,55,22,0,22,77
01/15/2021,ENA,AK,AAL,WE,Federal Contract Tower,0,18,0,0,18,4,30,15,0,49,4,48,15,0,67,44,0,44,111
01/16/2021,ENA,AK,AAL,WE,Federal Contract Tower,0,6,2,0,8,2,16,2,0,20,2,22,4,0,28,14,0,14,42
01/17/2021,ENA,AK,AAL,WE,Federal Contract Tower,0,10,1,0,11,0,32,14,0,46,0,42,15,0,57,36,0,36,93
01/18/2021,ENA,AK,AAL,WE,Federal Contract Tower,0,33,0,0,33,0,4,2,0,6,0,37,2,0,39,5,0,5,44
01/19/2021,ENA,AK,AAL,WE,Federal Contract Tower,0,21,1,0,22,2,48,10,0,60,2,69,11,0,82,24,16,40,122
01/20/2021,ENA,AK,AAL,WE,Federal Contract Tower,0,28,0,1,29,0,40,16,0,56,0,68,16,1,85,65,4,69,154
01/21/2021,ENA,AK,AAL,WE,Federal Contract Tower,0,17,0,0,17,0,38,11,0,49,0,55,11,0,66,82,0,82,148
01/22/2021,ENA,AK,AAL,WE,Federal Contract Tower,0,22,1,0,23,0,38,17,0,55,0,60,18,0,78,80,0,80,158
01/23/2021,ENA,AK,AAL,WE,Federal Contract Tower,0,12,0,0,12,0,4,0,0,4,0,16,0,0,16,10,0,10,26
01/24/2021,ENA,AK,AAL,WE,Federal Contract Tower,0,11,0,0,11,0,20,9,0,29,0,31,9,0,40,12,0,12,52
01/25/2021,ENA,AK,AAL,WE,Federal Contract Tower,0,30,0,0,30,1,29,8,0,38,1,59,8,0,68,122,32,154,222
01/26/2021,ENA,AK,AAL,WE,Federal Contract Tower,0,20,0,2,22,2,73,11,0,86,2,93,11,2,108,152,14,166,274
01/27/2021,ENA,AK,AAL,WE,Federal Contract Tower,0,38,0,0,38,0,38,16,0,54,0,76,16,0,92,110,0,110,202
01/28/2021,ENA,AK,AAL,WE,Federal Contract Tower,0,42,0,0,42,0,14,2,0,16,0,56,2,0,58,18,0,18,76
01/29/2021,ENA,AK,AAL,WE,Federal Contract Tower,0,16,0,0,16,2,52,13,0,67,2,68,13,0,83,120,0,120,203
01/30/2021,ENA,AK,AAL,WE,Federal Contract Tower,0,6,0,0,6,3,33,30,0,66,3,39,30,0,72,130,0,130,202
01/31/2021,ENA,AK,AAL,WE,Federal Contract Tower,0,7,3,0,10,0,30,17,0,47,0,37,20,0,57,82,0,82,139
02/01/2021,ENA,AK,AAL,WE,Federal Contract Tower,0,16,0,3,19,2,57,16,0,75,2,73,16,3,94,59,6,65,159
02/02/2021,ENA,AK,AAL,WE,Federal Contract Tower,0,30,2,0,32,1,30,3,0,34,1,60,5,0,66,43,0,43,109
02/03/2021,ENA,AK,AAL,WE,Federal Contract Tower,0,53,1,0,54,0,21,1,0,22,0,74,2,0,76,2,0,2,78
02/04/2021,ENA,AK,AAL,WE,Federal Contract Tower,0,52,0,0,52,0,3,0,0,3,0,55,0,0,55,10,2,12,67
02/05/2021,ENA,AK,AAL,WE,Federal Contract Tower,0,35,2,0,37,0,23,4,0,27,0,58,6,0,64,34,10,44,108
02/06/2021,ENA,AK,AAL,WE,Federal Contract Tower,0,24,10,0,34,0,0,1,0,1,0,24,11,0,35,0,0,0,35
02/07/2021,ENA,AK,AAL,WE,Federal Contract Tower,0,11,0,0,11,0,20,7,0,27,0,31,7,0,38,36,0,36,74
02/08/2021,ENA,AK,AAL,WE,Federal Contract Tower,0,15,2,2,19,3,57,26,0,86,3,72,28,2,105,71,10,81,186
02/09/2021,ENA,AK,AAL,WE,Federal Contract Tower,0,46,0,0,46,0,22,4,0,26,0,68,4,0,72,8,0,8,80
02/10/2021,ENA,AK,AAL,WE,Federal Contract Tower,0,29,0,0,29,0,27,6,0,33,0,56,6,0,62,74,0,74,136
02/11/2021,ENA,AK,AAL,WE,Federal Contract Tower,0,16,1,0,17,0,31,20,0,51,0,47,21,0,68,50,0,50,118
02/12/2021,ENA,AK,AAL,WE,Federal Contract Tower,0,21,0,0,21,5,57,24,0,86,5,78,24,0,107,105,0,105,212
02/13/2021,ENA,AK,AAL,WE,Federal Contract Tower,0,10,1,0,11,4,25,22,0,51,4,35,23,0,62,66,0,66,128
02/14/2021,ENA,AK,AAL,WE,Federal Contract Tower,0,3,9,0,12,0,17,9,0,26,0,20,18,0,38,70,0,70,108
02/15/2021,ENA,AK,AAL,WE,Federal Contract Tower,0,22,5,0,27,1,40,21,0,62,1,62,26,0,89,82,0,82,171
02/16/2021,ENA,AK,AAL,WE,Federal Contract Tower,0,38,0,0,38,0,11,4,0,15,0,49,4,0,53,12,0,12,65
02/17/2021,ENA,AK,AAL,WE,Federal Contract Tower,0,28,0,2,30,0,27,9,0,36,0,55,9,2,66,60,2,62,128
02/18/2021,ENA,AK,AAL,WE,Federal Contract Tower,0,55,0,0,55,0,0,0,0,0,0,55,0,0,55,0,0,0,55
02/19/2021,ENA,AK,AAL,WE,Federal Contract Tower,0,15,0,0,15,4,48,21,0,73,4,63,21,0,88,142,2,144,232
02/20/2021,ENA,AK,AAL,WE,Federal Contract Tower,0,16,2,0,18,0,5,5,0,10,0,21,7,0,28,8,0,8,36
02/21/2021,ENA,AK,AAL,WE,Federal Contract Tower,0,19,0,0,19,0,18,1,0,19,0,37,1,0,38,36,0,36,74
02/22/2021,ENA,AK,AAL,WE,Federal Contract Tower,0,27,0,0,27,3,59,26,0,88,3,86,26,0,115,98,0,98,213
02/23/2021,ENA,AK,AAL,WE,Federal Contract Tower,0,26,0,0,26,0,26,3,0,29,0,52,3,0,55,14,8,22,77
02/24/2021,ENA,AK,AAL,WE,Federal Contract Tower,0,47,4,0,51,0,3,1,0,4,0,50,5,0,55,0,0,0,55
02/25/2021,ENA,AK,AAL,WE,Federal Contract Tower,0,14,0,0,14,0,59,30,0,89,0,73,30,0,103,147,0,147,250
02/26/2021,ENA,AK,AAL,WE,Federal Contract Tower,0,43,0,0,43,0,0,0,0,0,0,43,0,0,43,0,0,0,43
02/27/2021,ENA,AK,AAL,WE,Federal Contract Tower,0,21,2,0,23,0,2,0,0,2,0,23,2,0,25,0,0,0,25
02/28/2021,ENA,AK,AAL,WE,Federal Contract Tower,0,8,1,0,9,0,33,23,1,57,0,41,24,1,66,102,6,108,174
03/01/2021,ENA,AK,AAL,WE,Federal Contract Tower,0,37,0,0,37,0,7,0,0,7,0,44,0,0,44,0,0,0,44
03/02/2021,ENA,AK,AAL,WE,Federal Contract Tower,0,26,0,0,26,4,46,7,0,57,4,72,7,0,83,30,0,30,113
03/03/2021,ENA,AK,AAL,WE,Federal Contract Tower,0,18,2,0,20,3,53,31,0,87,3,71,33,0,107,42,0,42,149
03/04/2021,ENA,AK,AAL,WE,Federal Contract Tower,0,21,3,0,24,0,45,35,0,80,0,66,38,0,104,46,30,76,180
03/05/2021,ENA,AK,AAL,WE,Federal Contract Tower,0,44,0,0,44,0,2,2,0,4,0,46,2,0,48,6,0,6,54
03/06/2021,ENA,AK,AAL,WE,Federal Contract Tower,0,8,0,0,8,1,14,15,0,30,1,22,15,0,38,24,0,24,62
03/07/2021,ENA,AK,AAL,WE,Federal Contract Tower,0,7,3,0,10,0,17,35,0,52,0,24,38,0,62,111,0,111,173
03/08/2021,ENA,AK,AAL,WE,Federal Contract Tower,0,17,3,0,20,2,41,31,0,74,2,58,34,0,94,44,0,44,138
03/09/2021,ENA,AK,AAL,WE,Federal Contract Tower,0,45,0,0,45,0,19,2,0,21,0,64,2,0,66,2,0,2,68
03/10/2021,ENA,AK,AAL,WE,Federal Contract Tower,0,46,0,2,48,0,8,2,0,10,0,54,2,2,58,0,0,0,58
03/11/2021,ENA,AK,AAL,WE,Federal Contract Tower,0,23,0,0,23,2,36,26,0,64,2,59,26,0,87,104,0,104,191
03/12/2021,ENA,AK,AAL,WE,Federal Contract Tower,0,14,0,0,14,2,36,21,0,59,2,50,21,0,73,54,0,54,127
03/13/2021,ENA,AK,AAL,WE,Federal Contract Tower,0,6,2,0,8,4,10,31,0,45,4,16,33,0,53,78,0,78,131
03/14/2021,ENA,AK,AAL,WE,Federal Contract Tower,0,15,2,0,17,0,4,3,0,7,0,19,5,0,24,14,0,14,38
03/15/2021,ENA,AK,AAL,WE,Federal Contract Tower,0,38,0,0,38,0,29,7,0,36,0,67,7,0,74,16,8,24,98
03/16/2021,ENA,AK,AAL,WE,Federal Contract Tower,0,27,0,1,28,0,42,34,0,76,0,69,34,1,104,74,32,106,210
03/17/2021,ENA,AK,AAL,WE,Federal Contract Tower,0,24,0,0,24,2,65,29,0,96,2,89,29,0,120,150,6,156,276
03/18/2021,ENA,AK,AAL,WE,Federal Contract Tower,0,21,1,0,22,4,51,21,0,76,4,72,22,0,98,92,0,92,190
03/19/2021,ENA,AK,AAL,WE,Federal Contract Tower,0,14,0,0,14,4,56,21,0,81,4,70,21,0,95,108,0,108,203
03/20/2021,ENA,AK,AAL,WE,Federal Contract Tower,0,13,0,0,13,0,8,0,0,8,0,21,0,0,21,4,0,4,25
03/21/2021,ENA,AK,AAL,WE,Federal Contract Tower,0,6,2,0,8,0,25,17,0,42,0,31,19,0,50,42,0,42,92
03/22/2021,ENA,AK,AAL,WE,Federal Contract Tower,0,14,2,0,16,4,47,26,0,77,4,61,28,0,93,46,26,72,165
03/23/2021,ENA,AK,AAL,WE,Federal Contract Tower,0,15,0,0,15,0,40,38,0,78,0,55,38,0,93,40,0,40,133
03/24/2021,ENA,AK,AAL,WE,Federal Contract Tower,0,38,4,3,45,0,24,12,1,37,0,62,16,4,82,32,16,48,130
03/25/2021,ENA,AK,AAL,WE,Federal Contract Tower,0,52,0,0,52,0,12,3,0,15,0,64,3,0,67,16,0,16,83
03/26/2021,ENA,AK,AAL,WE,Federal Contract Tower,0,17,0,0,17,2,41,46,0,89,2,58,46,0,106,60,4,64,170
03/27/2021,ENA,AK,AAL,WE,Federal Contract Tower,0,8,0,0,8,1,19,15,0,35,1,27,15,0,43,0,34,34,77
03/28/2021,ENA,AK,AAL,WE,Federal Contract Tower,0,15,2,0,17,0,11,5,0,16,0,26,7,0,33,40,0,40,73
03/29/2021,ENA,AK,AAL,WE,Federal Contract Tower,0,27,0,0,27,0,31,3,0,34,0,58,3,0,61,12,0,12,73
03/30/2021,ENA,AK,AAL,WE,Federal Contract Tower,0,22,1,0,23,0,48,21,0,69,0,70,22,0,92,78,30,108,200
03/31/2021,ENA,AK,AAL,WE,Federal Contract Tower,0,24,1,0,25,0,43,26,0,69,0,67,27,0,94,64,26,90,184
04/01/2021,ENA,AK,AAL,WE,Federal Contract Tower,0,18,0,2,20,4,40,31,0,75,4,58,31,2,95,48,8,56,151
04/02/2021,ENA,AK,AAL,WE,Federal Contract Tower,0,14,2,0,16,2,44,35,0,81,2,58,37,0,97,60,16,76,173
04/03/2021,ENA,AK,AAL,WE,Federal Contract Tower,0,15,0,0,15,0,14,23,0,37,0,29,23,0,52,42,0,42,94
04/04/2021,ENA,AK,AAL,WE,Federal Contract Tower,0,6,0,0,6,4,17,0,0,21,4,23,0,0,27,8,0,8,35
04/05/2021,ENA,AK,AAL,WE,Federal Contract Tower,0,16,0,0,16,8,44,30,0,82,8,60,30,0,98,65,6,71,169
04/06/2021,ENA,AK,AAL,WE,Federal Contract Tower,0,9,7,3,19,8,64,30,0,102,8,73,37,3,121,68,4,72,193
04/07/2021,ENA,AK,AAL,WE,Federal Contract Tower,2,14,0,0,16,4,51,30,0,85,6,65,30,0,101,74,0,74,175
04/08/2021,ENA,AK,AAL,WE,Federal Contract Tower,0,23,0,2,25,4,39,14,0,57,4,62,14,2,82,18,0,18,100
04/09/2021,ENA,AK,AAL,WE,Federal Contract Tower,0,8,0,0,8,0,31,18,0,49,0,39,18,0,57,48,0,48,105
04/10/2021,ENA,AK,AAL,WE,Federal Contract Tower,0,3,5,0,8,0,13,22,0,35,0,16,27,0,43,48,0,48,91
04/11/2021,ENA,AK,AAL,WE,Federal Contract Tower,0,6,0,0,6,0,12,5,0,17,0,18,5,0,23,12,0,12,35
04/12/2021,ENA,AK,AAL,WE,Federal Contract Tower,0,14,0,0,14,0,36,13,0,49,0,50,13,0,63,34,0,34,97
04/13/2021,ENA,AK,AAL,WE,Federal Contract Tower,0,14,0,8,22,0,39,21,0,60,0,53,21,8,82,54,16,70,152
04/14/2021,ENA,AK,AAL,WE,Federal Contract Tower,0,18,0,4,22,0,35,17,0,52,0,53,17,4,74,26,0,26,100
04/15/2021,ENA,AK,AAL,WE,Federal Contract Tower,2,19,1,12,34,0,44,29,0,73,2,63,30,12,107,76,18,94,201
04/16/2021,ENA,AK,AAL,WE,Federal Contract Tower,0,9,0,0,9,5,51,43,0,99,5,60,43,0,108,102,2,104,212
04/17/2021,ENA,AK,AAL,WE,Federal Contract Tower,0,5,4,0,9,0,15,41,0,56,0,20,45,0,65,36,0,36,101
04/18/2021,ENA,AK,AAL,WE,Federal Contract Tower,0,6,0,0,6,0,19,14,0,33,0,25,14,0,39,32,0,32,71
04/19/2021,ENA,AK,AAL,WE,Federal Contract Tower,0,11,0,0,11,5,49,43,0,97,5,60,43,0,108,110,0,110,218
04/20/2021,ENA,AK,AAL,WE,Federal Contract Tower,0,16,1,0,17,1,60,41,0,102,1,76,42,0,119,102,8,110,229
04/21/2021,ENA,AK,AAL,WE,Federal Contract Tower,0,19,3,2,24,2,55,41,0,98,2,74,44,2,122,104,0,104,226
04/22/2021,ENA,AK,AAL,WE,Federal Contract Tower,0,13,1,0,14,0,53,37,0,90,0,66,38,0,104,200,0,200,304
04/23/2021,ENA,AK,AAL,WE,Federal Contract Tower,0,16,3,0,19,2,45,37,0,84,2,61,40,0,103,92,0,92,195
04/24/2021,ENA,AK,AAL,WE,Federal Contract Tower,0,4,5,0,9,1,15,53,0,69,1,19,58,0,78,48,0,48,126
04/25/2021,ENA,AK,AAL,WE,Federal Contract Tower,0,6,1,0,7,0,20,35,0,55,0,26,36,0,62,92,0,92,154
04/26/2021,ENA,AK,AAL,WE,Federal Contract Tower,4,12,0,0,16,7,53,51,0,111,11,65,51,0,127,82,0,82,209
04/27/2021,ENA,AK,AAL,WE,Federal Contract Tower,0,11,0,0,11,1,55,48,0,104,1,66,48,0,115,140,0,140,255
04/28/2021,ENA,AK,AAL,WE,Federal Contract Tower,0,14,2,2,18,1,46,74,2,123,1,60,76,4,141,112,36,148,289
04/29/2021,ENA,AK,AAL,WE,Federal Contract Tower,0,39,0,8,47,4,48,16,0,68,4,87,16,8,115,26,12,38,153
04/30/2021,ENA,AK,AAL,WE,Federal Contract Tower,0,21,2,0,23,5,38,23,0,66,5,59,25,0,89,60,0,60,149
05/01/2021,ENA,AK,AAL,WE,Federal Contract Tower,0,6,0,0,6,5,26,28,0,59,5,32,28,0,65,92,0,92,157
05/02/2021,ENA,AK,AAL,WE,Federal Contract Tower,0,7,0,0,7,4,31,15,0,50,4,38,15,0,57,64,8,72,129
05/03/2021,ENA,AK,AAL,WE,Federal Contract Tower,0,15,1,0,16,6,63,36,0,105,6,78,37,0,121,62,0,62,183
05/04/2021,ENA,AK,AAL,WE,Federal Contract Tower,0,17,0,4,21,7,67,54,0,128,7,84,54,4,149,86,36,122,271
05/05/2021,ENA,AK,AAL,WE,Federal Contract Tower,0,17,2,0,19,2,58,41,0,101,2,75,43,0,120,77,16,93,213
05/06/2021,ENA,AK,AAL,WE,Federal Contract Tower,0,15,1,2,18,4,63,43,0,110,4,78,44,2,128,68,4,72,200
05/07/2021,ENA,AK,AAL,WE,Federal Contract Tower,0,17,0,0,17,1,47,66,0,114,1,64,66,0,131,56,0,56,187
05/08/2021,ENA,AK,AAL,WE,Federal Contract Tower,0,4,0,0,4,0,13,38,0,51,0,17,38,0,55,28,12,40,95
05/09/2021,ENA,AK,AAL,WE,Federal Contract Tower,0,9,2,0,11,0,16,14,0,30,0,25,16,0,41,6,0,6,47
05/10/2021,ENA,AK,AAL,WE,Federal Contract Tower,0,16,2,2,20,5,52,52,0,109,5,68,54,2,129,65,6,71,200
05/11/2021,ENA,AK,AAL,WE,Federal Contract Tower,0,19,3,0,22,5,63,26,0,94,5,82,29,0,116,58,12,70,186
05/12/2021,ENA,AK,AAL,WE,Federal Contract Tower,0,33,0,4,37,11,60,44,0,115,11,93,44,4,152,70,8,78,230
05/13/2021,ENA,AK,AAL,WE,Federal Contract Tower,0,11,0,1,12,4,70,52,0,126,4,81,52,1,138,80,6,86,224
05/14/2021,ENA,AK,AAL,WE,Federal Contract Tower,0,17,1,2,20,2,55,70,0,127,2,72,71,2,147,57,6,63,210
05/15/2021,ENA,AK,AAL,WE,Federal Contract Tower,0,8,3,0,11,0,25,32,0,57,0,33,35,0,68,142,0,142,210
05/16/2021,ENA,AK,AAL,WE,Federal Contract Tower,0,14,2,0,16,0,8,27,4,39,0,22,29,4,55,82,0,82,137
05/17/2021,ENA,AK,AAL,WE,Federal Contract Tower,0,17,6,4,27,0,53,49,0,102,0,70,55,4,129,73,12,85,214
05/18/2021,ENA,AK,AAL,WE,Federal Contract Tower,0,15,3,0,18,2,59,67,0,128,2,74,70,0,146,88,0,88,234
05/19/2021,ENA,AK,AAL,WE,Federal Contract Tower,0,34,0,0,34,4,45,20,0,69,4,79,20,0,103,57,0,57,160
05/20/2021,ENA,AK,AAL,WE,Federal Contract Tower,0,25,4,0,29,0,52,20,0,72,0,77,24,0,101,46,0,46,147
05/21/2021,ENA,AK,AAL,WE,Federal Contract Tower,0,22,4,0,26,3,44,24,0,71,3,66,28,0,97,82,0,82,179
05/22/2021,ENA,AK,AAL,WE,Federal Contract Tower,0,10,4,0,14,0,11,45,0,56,0,21,49,0,70,44,0,44,114
05/23/2021,ENA,AK,AAL,WE,Federal Contract Tower,0,11,2,0,13,0,25,36,0,61,0,36,38,0,74,36,0,36,110
05/24/2021,ENA,AK,AAL,WE,Federal Contract Tower,0,16,0,1,17,1,61,63,0,125,1,77,63,1,142,56,4,60,202
05/25/2021,ENA,AK,AAL,WE,Federal Contract Tower,0,14,4,4,22,4,72,70,0,146,4,86,74,4,168,82,0,82,250
05/26/2021,ENA,AK,AAL,WE,Federal Contract Tower,0,21,0,4,25,4,61,62,0,127,4,82,62,4,152,82,0,82,234
05/27/2021,ENA,AK,AAL,WE,Federal Contract Tower,0,15,1,0,16,3,51,26,0,80,3,66,27,0,96,24,0,24,120
05/28/2021,ENA,AK,AAL,WE,Federal Contract Tower,0,66,9,0,75,0,4,3,0,7,0,70,12,0,82,2,0,2,84
05/29/2021,ENA,AK,AAL,WE,Federal Contract Tower,0,15,6,0,21,0,5,14,0,19,0,20,20,0,40,20,0,20,60
05/30/2021,ENA,AK,AAL,WE,Federal Contract Tower,0,10,1,0,11,0,25,15,0,40,0,35,16,0,51,66,0,66,117
06/01/2021,ENA,AK,AAL,WE,Federal Contract Tower,0,21,0,0,21,1,51,32,0,84,1,72,32,0,105,50,28,78,183
06/02/2021,ENA,AK,AAL,WE,Federal Contract Tower,0,21,1,0,22,4,58,80,2,144,4,79,81,2,166,132,12,144,310
06/03/2021,ENA,AK,AAL,WE,Federal Contract Tower,0,23,2,2,27,0,71,66,1,138,0,94,68,3,165,106,6,112,277
06/04/2021,ENA,AK,AAL,WE,Federal Contract Tower,0,25,3,0,28,0,58,57,0,115,0,83,60,0,143,158,0,158,301
06/05/2021,ENA,AK,AAL,WE,Federal Contract Tower,0,8,2,0,10,2,32,63,0,97,2,40,65,0,107,70,0,70,177
06/06/2021,ENA,AK,AAL,WE,Federal Contract Tower,0,9,2,0,11,0,34,55,0,89,0,43,57,0,100,108,0,108,208
06/07/2021,ENA,AK,AAL,WE,Federal Contract Tower,4,16,4,0,24,1,39,41,1,82,5,55,45,1,106,68,0,68,174
06/08/2021,ENA,AK,AAL,WE,Federal Contract Tower,2,28,1,1,32,1,69,38,1,109,3,97,39,2,141,98,6,104,245
06/09/2021,ENA,AK,AAL,WE,Federal Contract Tower,2,34,5,2,43,2,72,43,0,117,4,106,48,2,160,48,10,58,218
06/10/2021,ENA,AK,AAL,WE,Federal Contract Tower,0,19,7,0,26,0,74,55,0,129,0,93,62,0,155,136,32,168,323
06/11/2021,ENA,AK,AAL,WE,Federal Contract Tower,0,32,1,0,33,4,40,54,0,98,4,72,55,0,131,118,0,118,249
06/12/2021,ENA,AK,AAL,WE,Federal Contract Tower,0,10,1,0,11,4,32,51,1,88,4,42,52,1,99,76,0,76,175
06/13/2021,ENA,AK,AAL,WE,Federal Contract Tower,0,10,3,0,13,13,39,41,0,93,13,49,44,0,106,92,0,92,198
06/14/2021,ENA,AK,AAL,WE,Federal Contract Tower,0,24,2,3,29,1,69,56,0,126,1,93,58,3,155,100,6,106,261
06/15/2021,ENA,AK,AAL,WE,Federal Contract Tower,0,25,4,2,31,1,56,47,0,104,1,81,51,2,135,38,0,38,173
06/16/2021,ENA,AK,AAL,WE,Federal Contract Tower,0,45,0,1,46,0,45,34,0,79,0,90,34,1,125,128,0,128,253
06/17/2021,ENA,AK,AAL,WE,Federal Contract Tower,0,43,0,0,43,0,62,72,0,134,0,105,72,0,177,106,0,106,283
06/18/2021,ENA,AK,AAL,WE,Federal Contract Tower,0,27,0,0,27,5,56,77,0,138,5,83,77,0,165,120,0,120,285
06/19/2021,ENA,AK,AAL,WE,Federal Contract Tower,0,14,7,0,21,2,22,35,0,59,2,36,42,0,80,72,0,72,152
06/20/2021,ENA,AK,AAL,WE,Federal Contract Tower,0,12,2,0,14,0,41,33,0,74,0,53,35,0,88,106,0,106,194
06/21/2021,ENA,AK,AAL,WE,Federal Contract Tower,1,52,9,0,62,0,30,27,0,57,1,82,36,0,119,42,0,42,161
06/22/2021,ENA,AK,AAL,WE,Federal Contract Tower,0,37,4,0,41,4,72,62,0,138,4,109,66,0,179,112,6,118,297
06/23/2021,ENA,AK,AAL,WE,Federal Contract Tower,2,33,1,0,36,13,55,43,0,111,15,88,44,0,147,114,0,114,261
06/24/2021,ENA,AK,AAL,WE,Federal Contract Tower,0,41,2,0,43,2,61,52,0,115,2,102,54,0,158,54,16,70,228
06/25/2021,ENA,AK,AAL,WE,Federal Contract Tower,0,30,0,0,30,1,42,47,0,90,1,72,47,0,120,128,4,132,252
06/26/2021,ENA,AK,AAL,WE,Federal Contract Tower,0,18,1,0,19,0,20,52,0,72,0,38,53,0,91,78,0,78,169
06/27/2021,ENA,AK,AAL,WE,Federal Contract Tower,2,14,3,0,19,0,26,36,0,62,2,40,39,0,81,28,0,28,109
06/28/2021,ENA,AK,AAL,WE,Federal Contract Tower,0,40,0,2,42,1,42,37,8,88,1,82,37,10,130,54,0,54,184
06/29/2021,ENA,AK,AAL,WE,Federal Contract Tower,0,27,3,2,32,9,75,41,4,129,9,102,44,6,161,114,28,142,303
06/30/2021,ENA,AK,AAL,WE,Federal Contract Tower,0,35,2,0,37,12,62,66,0,140,12,97,68,0,177,92,0,92,269
07/01/2021,ENA,AK,AAL,WE,Federal Contract Tower,0,23,6,2,31,10,69,58,0,137,10,92,64,2,168,130,42,172,340
07/02/2021,ENA,AK,AAL,WE,Federal Contract Tower,0,24,4,0,28,2,43,34,0,79,2,67,38,0,107,56,0,56,163
07/03/2021,ENA,AK,AAL,WE,Federal Contract Tower,0,23,0,0,23,0,15,44,0,59,0,38,44,0,82,46,0,46,128
07/04/2021,ENA,AK,AAL,WE,Federal Contract Tower,0,11,0,0,11,0,15,27,0,42,0,26,27,0,53,40,0,40,93
07/05/2021,ENA,AK,AAL,WE,Federal Contract Tower,0,56,2,0,58,0,8,14,0,22,0,64,16,0,80,20,0,20,100
07/06/2021,ENA,AK,AAL,WE,Federal Contract Tower,0,45,1,0,46,0,38,16,2,56,0,83,17,2,102,14,0,14,116
07/07/2021,ENA,AK,AAL,WE,Federal Contract Tower,0,29,3,2,34,1,66,49,0,116,1,95,52,2,150,54,4,58,208
07/08/2021,ENA,AK,AAL,WE,Federal Contract Tower,0,32,1,4,37,3,72,43,0,118,3,104,44,4,155,78,0,78,233
07/09/2021,ENA,AK,AAL,WE,Federal Contract Tower,0,33,2,0,35,2,40,40,0,82,2,73,42,0,117,54,0,54,171
07/10/2021,ENA,AK,AAL,WE,Federal Contract Tower,0,15,1,0,16,0,23,30,0,53,0,38,31,0,69,90,0,90,159
07/11/2021,ENA,AK,AAL,WE,Federal Contract Tower,0,26,2,0,28,0,19,16,0,35,0,45,18,0,63,8,0,8,71
07/12/2021,ENA,AK,AAL,WE,Federal Contract Tower,0,28,2,0,30,2,55,53,0,110,2,83,55,0,140,60,0,60,200
07/13/2021,ENA,AK,AAL,WE,Federal Contract Tower,0,59,6,0,65,0,27,22,0,49,0,86,28,0,114,38,0,38,152
07/14/2021,ENA,AK,AAL,WE,Federal Contract Tower,0,30,4,1,35,0,61,68,0,129,0,91,72,1,164,84,24,108,272
07/15/2021,ENA,AK,AAL,WE,Federal Contract Tower,0,29,2,2,33,1,69,50,0,120,1,98,52,2,153,130,16,146,299
07/16/2021,ENA,AK,AAL,WE,Federal Contract Tower,0,26,2,0,28,5,56,53,0,114,5,82,55,0,142,106,0,106,248
07/17/2021,ENA,AK,AAL,WE,Federal Contract Tower,0,17,1,0,18,4,17,51,0,72,4,34,52,0,90,14,0,14,104
07/18/2021,ENA,AK,AAL,WE,Federal Contract Tower,0,17,1,0,18,0,30,55,0,85,0,47,56,0,103,56,0,56,159
07/19/2021,ENA,AK,AAL,WE,Federal Contract Tower,0,30,1,1,32,2,48,65,0,115,2,78,66,1,147,70,16,86,233
07/20/2021,ENA,AK,AAL,WE,Federal Contract Tower,0,48,3,0,51,3,31,24,0,58,3,79,27,0,109,22,0,22,131
07/21/2021,ENA,AK,AAL,WE,Federal Contract Tower,0,58,7,4,69,1,19,22,0,42,1,77,29,4,111,20,6,26,137
07/22/2021,ENA,AK,AAL,WE,Federal Contract Tower,0,39,7,1,47,7,62,62,2,133,7,101,69,3,180,28,6,34,214
07/23/2021,ENA,AK,AAL,WE,Federal Contract Tower,0,28,1,0,29,4,61,67,0,132,4,89,68,0,161,44,0,44,205
07/24/2021,ENA,AK,AAL,WE,Federal Contract Tower,0,37,13,0,50,1,15,16,0,32,1,52,29,0,82,0,0,0,82
07/25/2021,ENA,AK,AAL,WE,Federal Contract Tower,0,20,4,0,24,0,29,50,0,79,0,49,54,0,103,10,0,10,113
07/26/2021,ENA,AK,AAL,WE,Federal Contract Tower,0,51,4,0,55,0,64,51,0,115,0,115,55,0,170,40,0,40,210
07/27/2021,ENA,AK,AAL,WE,Federal Contract Tower,0,30,1,0,31,0,63,62,0,125,0,93,63,0,156,50,0,50,206
07/28/2021,ENA,AK,AAL,WE,Federal Contract Tower,0,27,0,2,29,0,62,33,0,95,0,89,33,2,124,14,2,16,140
07/29/2021,ENA,AK,AAL,WE,Federal Contract Tower,1,55,4,0,60,5,43,38,0,86,6,98,42,0,146,26,0,26,172
07/30/2021,ENA,AK,AAL,WE,Federal Contract Tower,0,36,2,0,38,12,62,66,0,140,12,98,68,0,178,96,0,96,274
07/31/2021,ENA,AK,AAL,WE,Federal Contract Tower,0,18,0,0,18,0,31,37,0,68,0,49,37,0,86,52,0,52,138
08/01/2021,ENA,AK,AAL,WE,Federal Contract Tower,0,18,1,0,19,0,33,31,0,64,0,51,32,0,83,42,0,42,125
08/02/2021,ENA,AK,AAL,WE,Federal Contract Tower,0,55,3,0,58,0,38,45,0,83,0,93,48,0,141,20,0,20,161
08/03/2021,ENA,AK,AAL,WE,Federal Contract Tower,0,30,6,0,36,0,57,45,0,102,0,87,51,0,138,42,0,42,180
08/04/2021,ENA,AK,AAL,WE,Federal Contract Tower,0,28,4,0,32,0,59,69,0,128,0,87,73,0,160,136,14,150,310
08/05/2021,ENA,AK,AAL,WE,Federal Contract Tower,0,48,1,0,49,0,52,57,0,109,0,100,58,0,158,94,0,94,252
08/06/2021,ENA,AK,AAL,WE,Federal Contract Tower,0,60,5,0,65,0,22,28,0,50,0,82,33,0,115,10,0,10,125
08/07/2021,ENA,AK,AAL,WE,Federal Contract Tower,0,21,2,0,23,2,18,33,0,53,2,39,35,0,76,26,0,26,102
08/08/2021,ENA,AK,AAL,WE,Federal Contract Tower,0,36,1,0,37,0,7,5,0,12,0,43,6,0,49,6,0,6,55
08/09/2021,ENA,AK,AAL,WE,Federal Contract Tower,0,27,0,0,27,4,73,50,0,127,4,100,50,0,154,94,18,112,266
08/10/2021,ENA,AK,AAL,WE,Federal Contract Tower,0,36,3,0,39,2,52,25,0,79,2,88,28,0,118,58,18,76,194
08/11/2021,ENA,AK,AAL,WE,Federal Contract Tower,0,27,0,1,28,4,44,42,1,91,4,71,42,2,119,88,16,104,223
08/12/2021,ENA,AK,AAL,WE,Federal Contract Tower,0,53,1,0,54,0,29,27,0,56,0,82,28,0,110,26,0,26,136
08/13/2021,ENA,AK,AAL,WE,Federal Contract Tower,0,27,0,0,27,4,50,69,0,123,4,77,69,0,150,60,0,60,210
08/14/2021,ENA,AK,AAL,WE,Federal Contract Tower,0,15,0,0,15,2,30,39,0,71,2,45,39,0,86,14,0,14,100
08/15/2021,ENA,AK,AAL,WE,Federal Contract Tower,0,18,1,0,19,1,39,60,0,100,1,57,61,0,119,62,0,62,181
08/16/2021,ENA,AK,AAL,WE,Federal Contract Tower,0,29,0,2,31,1,53,45,0,99,1,82,45,2,130,67,8,75,205
08/17/2021,ENA,AK,AAL,WE,Federal Contract Tower,0,32,1,3,36,5,60,35,0,100,5,92,36,3,136,50,20,70,206
08/18/2021,ENA,AK,AAL,WE,Federal Contract Tower,0,44,1,0,45,0,63,51,0,114,0,107,52,0,159,104,14,118,277
08/19/2021,ENA,AK,AAL,WE,Federal Contract Tower,0,26,2,2,30,2,57,34,0,93,2,83,36,2,123,58,0,58,181
08/20/2021,ENA,AK,AAL,WE,Federal Contract Tower,0,32,1,0,33,0,50,42,5,97,0,82,43,5,130,34,2,36,166
08/21/2021,ENA,AK,AAL,WE,Federal Contract Tower,0,16,2,0,18,3,23,46,0,72,3,39,48,0,90,60,0,60,150
08/22/2021,ENA,AK,AAL,WE,Federal Contract Tower,0,32,8,0,40,1,24,6,0,31,1,56,14,0,71,22,0,22,93
08/23/2021,ENA,AK,AAL,WE,Federal Contract Tower,0,28,3,4,35,0,47,38,0,85,0,75,41,4,120,50,4,54,174
08/24/2021,ENA,AK,AAL,WE,Federal Contract Tower,0,41,3,4,48,3,54,33,0,90,3,95,36,4,138,48,0,48,186
08/25/2021,ENA,AK,AAL,WE,Federal Contract Tower,0,45,0,2,47,1,37,32,2,72,1,82,32,4,119,92,12,104,223
08/26/2021,ENA,AK,AAL,WE,Federal Contract Tower,0,50,9,2,61,3,62,41,1,107,3,112,50,3,168,66,40,106,274
08/27/2021,ENA,AK,AAL,WE,Federal Contract Tower,0,33,0,4,37,0,49,47,0,96,0,82,47,4,133,83,0,83,216
08/28/2021,ENA,AK,AAL,WE,Federal Contract Tower,0,16,1,0,17,0,34,68,0,102,0,50,69,0,119,24,0,24,143
08/29/2021,ENA,AK,AAL,WE,Federal Contract Tower,0,17,0,0,17,0,27,51,0,78,0,44,51,0,95,42,22,64,159
08/30/2021,ENA,AK,AAL,WE,Federal Contract Tower,0,28,0,0,28,0,44,63,0,107,0,72,63,0,135,64,0,64,199
08/31/2021,ENA,AK,AAL,WE,Federal Contract Tower,0,36,7,0,43,4,59,37,0,100,4,95,44,0,143,106,26,132,275
09/01/2021,ENA,AK,AAL,WE,Federal Contract Tower,0,27,1,0,28,4,38,41,1,84,4,65,42,1,112,96,0,96,208
09/02/2021,ENA,AK,AAL,WE,Federal Contract Tower,0,50,0,2,52,0,19,14,0,33,0,69,14,2,85,26,0,26,111
09/03/2021,ENA,AK,AAL,WE,Federal Contract Tower,0,27,6,0,33,0,43,50,0,93,0,70,56,0,126,38,0,38,164
09/04/2021,ENA,AK,AAL,WE,Federal Contract Tower,0,16,2,0,18,0,15,20,0,35,0,31,22,0,53,74,0,74,127
09/05/2021,ENA,AK,AAL,WE,Federal Contract Tower,0,21,1,0,22,0,15,27,0,42,0,36,28,0,64,20,0,20,84
09/06/2021,ENA,AK,AAL,WE,Federal Contract Tower,0,22,0,0,22,0,42,55,0,97,0,64,55,0,119,42,0,42,161
09/07/2021,ENA,AK,AAL,WE,Federal Contract Tower,0,23,1,4,28,4,63,42,0,109,4,86,43,4,137,60,6,66,203
09/08/2021,ENA,AK,AAL,WE,Federal Contract Tower,0,42,4,0,46,0,31,20,0,51,0,73,24,0,97,28,0,28,125
09/09/2021,ENA,AK,AAL,WE,Federal Contract Tower,0,23,0,0,23,0,68,20,0,88,0,91,20,0,111,120,0,120,231
09/10/2021,ENA,AK,AAL,WE,Federal Contract Tower,0,24,0,0,24,0,68,50,0,118,0,92,50,0,142,124,0,124,266
09/11/2021,ENA,AK,AAL,WE,Federal Contract Tower,0,16,2,0,18,0,50,56,0,106,0,66,58,0,124,72,0,72,196
09/12/2021,ENA,AK,AAL,WE,Federal Contract Tower,0,12,0,0,12,0,15,10,0,25,0,27,10,0,37,4,0,4,41
09/13/2021,ENA,AK,AAL,WE,Federal Contract Tower,0,24,0,4,28,0,48,26,1,75,0,72,26,5,103,56,6,62,165
09/14/2021,ENA,AK,AAL,WE,Federal Contract Tower,0,24,2,4,30,0,70,54,2,126,0,94,56,6,156,122,18,140,296
09/15/2021,ENA,AK,AAL,WE,Federal Contract Tower,0,28,3,0,31,0,58,30,0,88,0,86,33,0,119,62,0,62,181
09/16/2021,ENA,AK,AAL,WE,Federal Contract Tower,0,44,2,0,46,2,54,13,0,69,2,98,15,0,115,52,16,68,183
09/17/2021,ENA,AK,AAL,WE,Federal Contract Tower,0,26,1,0,27,2,59,61,0,122,2,85,62,0,149,96,0,96,245
09/18/2021,ENA,AK,AAL,WE,Federal Contract Tower,0,12,3,0,15,0,24,72,0,96,0,36,75,0,111,58,0,58,169
09/19/2021,ENA,AK,AAL,WE,Federal Contract Tower,0,9,3,0,12,0,27,48,0,75,0,36,51,0,87,40,0,40,127
09/20/2021,ENA,AK,AAL,WE,Federal Contract Tower,0,19,1,2,22,0,59,36,0,95,0,78,37,2,117,100,22,122,239
09/21/2021,ENA,AK,AAL,WE,Federal Contract Tower,0,28,2,1,31,0,54,16,0,70,0,82,18,1,101,18,2,20,121
09/22/2021,ENA,AK,AAL,WE,Federal Contract Tower,0,25,7,1,33,3,63,69,0,135,3,88,76,1,168,72,14,86,254
09/23/2021,ENA,AK,AAL,WE,Federal Contract Tower,0,26,2,0,28,1,40,5,0,46,1,66,7,0,74,28,0,28,102
09/24/2021,ENA,AK,AAL,WE,Federal Contract Tower,0,53,1,0,54,3,33,8,0,44,3,86,9,0,98,6,0,6,104
09/25/2021,ENA,AK,AAL,WE,Federal Contract Tower,0,22,1,0,23,5,28,38,0,71,5,50,39,0,94,26,0,26,120
09/26/2021,ENA,AK,AAL,WE,Federal Contract Tower,0,12,1,0,13,0,31,41,0,72,0,43,42,0,85,72,0,72,157
09/27/2021,ENA,AK,AAL,WE,Federal Contract Tower,0,25,4,3,32,4,56,41,0,101,4,81,45,3,133,72,16,88,221
09/28/2021,ENA,AK,AAL,WE,Federal Contract Tower,0,20,0,0,20,2,69,37,0,108,2,89,37,0,128,64,0,64,192
09/29/2021,ENA,AK,AAL,WE,Federal Contract Tower,0,22,2,0,24,6,56,31,0,93,6,78,33,0,117,70,32,102,219
09/30/2021,ENA,AK,AAL,WE,Federal Contract Tower,0,17,2,0,19,4,63,22,0,89,4,80,24,0,108,94,4,98,206
10/01/2021,ENA,AK,AAL,WE,Federal Contract Tower,0,20,3,0,23,2,62,36,0,100,2,82,39,0,123,56,0,56,179
10/02/2021,ENA,AK,AAL,WE,Federal Contract Tower,0,18,0,0,18,0,22,10,0,32,0,40,10,0,50,80,0,80,130
10/03/2021,ENA,AK,AAL,WE,Federal Contract Tower,0,12,4,0,16,0,20,27,0,47,0,32,31,0,63,36,0,36,99
10/04/2021,ENA,AK,AAL,WE,Federal Contract Tower,0,16,1,0,17,2,45,21,0,68,2,61,22,0,85,106,0,106,191
10/05/2021,ENA,AK,AAL,WE,Federal Contract Tower,0,30,0,0,30,5,46,11,8,70,5,76,11,8,100,36,14,50,150
10/06/2021,ENA,AK,AAL,WE,Federal Contract Tower,0,43,0,0,43,0,33,6,0,39,0,76,6,0,82,22,12,34,116
10/07/2021,ENA,AK,AAL,WE,Federal Contract Tower,0,32,0,1,33,0,59,37,0,96,0,91,37,1,129,116,14,130,259
10/08/2021,ENA,AK,AAL,WE,Federal Contract Tower,0,39,1,1,41,0,25,9,0,34,0,64,10,1,75,8,0,8,83
10/09/2021,ENA,AK,AAL,WE,Federal Contract Tower,0,25,0,0,25,0,18,10,0,28,0,43,10,0,53,30,0,30,83
10/10/2021,ENA,AK,AAL,WE,Federal Contract Tower,0,10,1,0,11,0,0,0,0,0,0,10,1,0,11,36,0,36,47
10/11/2021,ENA,AK,AAL,WE,Federal Contract Tower,0,17,0,0,17,0,42,6,0,48,0,59,6,0,65,42,0,42,107
10/12/2021,ENA,AK,AAL,WE,Federal Contract Tower,0,13,4,3,20,2,43,40,0,85,2,56,44,3,105,54,12,66,171
10/13/2021,ENA,AK,AAL,WE,Federal Contract Tower,0,21,4,0,25,0,53,24,0,77,0,74,28,0,102,50,0,50,152
10/14/2021,ENA,AK,AAL,WE,Federal Contract Tower,0,48,0,0,48,0,25,12,0,37,0,73,12,0,85,18,0,18,103
10/15/2021,ENA,AK,AAL,WE,Federal Contract Tower,0,22,0,0,22,0,42,18,0,60,0,64,18,0,82,26,0,26,108
10/16/2021,ENA,AK,AAL,WE,Federal Contract Tower,0,14,2,0,16,0,34,35,0,69,0,48,37,0,85,56,0,56,141
10/17/2021,ENA,AK,AAL,WE,Federal Contract Tower,0,12,0,0,12,0,21,8,0,29,0,33,8,0,41,18,0,18,59
10/18/2021,ENA,AK,AAL,WE,Federal Contract Tower,0,23,2,4,29,1,55,24,0,80,1,78,26,4,109,68,12,80,189
10/19/2021,ENA,AK,AAL,WE,Federal Contract Tower,0,17,0,0,17,0,55,10,0,65,0,72,10,0,82,32,6,38,120
10/20/2021,ENA,AK,AAL,WE,Federal Contract Tower,0,42,2,0,44,0,27,13,0,40,0,69,15,0,84,28,0,28,112
10/21/2021,ENA,AK,AAL,WE,Federal Contract Tower,1,25,3,0,29,0,59,25,0,84,1,84,28,0,113,76,0,76,189
10/22/2021,ENA,AK,AAL,WE,Federal Contract Tower,2,20,4,0,26,0,41,25,0,66,2,61,29,0,92,46,22,68,160
10/23/2021,ENA,AK,AAL,WE,Federal Contract Tower,0,5,0,0,5,0,24,84,0,108,0,29,84,0,113,18,0,18,131
10/24/2021,ENA,AK,AAL,WE,Federal Contract Tower,0,8,1,0,9,0,21,23,0,44,0,29,24,0,53,28,0,28,81
10/25/2021,ENA,AK,AAL,WE,Federal Contract Tower,0,22,0,0,22,0,47,25,0,72,0,69,25,0,94,88,0,88,182
10/26/2021,ENA,AK,AAL,WE,Federal Contract Tower,0,12,1,0,13,1,50,17,0,68,1,62,18,0,81,42,4,46,127
10/27/2021,ENA,AK,AAL,WE,Federal Contract Tower,0,21,1,2,24,6,61,36,0,103,6,82,37,2,127,80,6,86,213
10/28/2021,ENA,AK,AAL,WE,Federal Contract Tower,0,51,0,0,51,0,6,2,0,8,0,57,2,0,59,18,0,18,77
10/29/2021,ENA,AK,AAL,WE,Federal Contract Tower,0,28,0,0,28,4,37,20,0,61,4,65,20,0,89,32,0,32,121
10/30/2021,ENA,AK,AAL,WE,Federal Contract Tower,0,6,0,0,6,0,11,0,0,11,0,17,0,0,17,0,0,0,17
10/31/2021,ENA,AK,AAL,WE,Federal Contract Tower,0,6,0,0,6,0,24,1,0,25,0,30,1,0,31,12,0,12,43
11/01/2021,ENA,AK,AAL,WE,Federal Contract Tower,0,60,0,0,60,0,38,16,0,54,0,98,16,0,114,92,0,92,206
11/02/2021,ENA,AK,AAL,WE,Federal Contract Tower,0,56,0,0,56,0,1,0,0,1,0,57,0,0,57,0,0,0,57
11/03/2021,ENA,AK,AAL,WE,Federal Contract Tower,0,41,4,0,45,2,41,26,0,69,2,82,30,0,114,106,0,106,220
11/04/2021,ENA,AK,AAL,WE,Federal Contract Tower,0,52,1,0,53,1,10,2,0,13,1,62,3,0,66,6,0,6,72
11/05/2021,ENA,AK,AAL,WE,Federal Contract Tower,0,30,1,0,31,1,37,34,0,72,1,67,35,0,103,20,0,20,123
11/06/2021,ENA,AK,AAL,WE,Federal Contract Tower,0,18,1,0,19,0,14,11,0,25,0,32,12,0,44,12,0,12,56
11/07/2021,ENA,AK,AAL,WE,Federal Contract Tower,0,28,0,0,28,0,8,7,0,15,0,36,7,0,43,4,0,4,47
11/08/2021,ENA,AK,AAL,WE,Federal Contract Tower,0,30,0,0,30,0,39,15,1,55,0,69,15,1,85,45,8,53,138
11/09/2021,ENA,AK,AAL,WE,Federal Contract Tower,0,22,9,1,32,0,53,16,0,69,0,75,25,1,101,40,28,68,169
11/10/2021,ENA,AK,AAL,WE,Federal Contract Tower,0,27,0,0,27,0,43,11,0,54,0,70,11,0,81,48,10,58,139
11/11/2021,ENA,AK,AAL,WE,Federal Contract Tower,0,45,0,0,45,0,23,15,0,38,0,68,15,0,83,40,0,40,123
11/12/2021,ENA,AK,AAL,WE,Federal Contract Tower,1,49,1,0,51,0,33,10,0,43,1,82,11,0,94,48,0,48,142
11/13/2021,ENA,AK,AAL,WE,Federal Contract Tower,0,12,7,0,19,1,34,19,0,54,1,46,26,0,73,64,2,66,139
11/14/2021,ENA,AK,AAL,WE,Federal Contract Tower,0,15,3,0,18,0,20,7,0,27,0,35,10,0,45,50,0,50,95
11/15/2021,ENA,AK,AAL,WE,Federal Contract Tower,0,39,0,0,39,3,29,12,0,44,3,68,12,0,83,30,0,30,113
11/17/2021,ENA,AK,AAL,WE,Federal Contract Tower,0,16,2,0,18,4,56,22,0,82,4,72,24,0,100,32,0,32,132
11/18/2021,ENA,AK,AAL,WE,Federal Contract Tower,0,18,3,0,21,4,67,21,0,92,4,85,24,0,113,34,0,34,147
11/19/2021,ENA,AK,AAL,WE,Federal Contract Tower,0,23,0,0,23,4,54,14,0,72,4,77,14,0,95,64,0,64,159
11/20/2021,ENA,AK,AAL,WE,Federal Contract Tower,0,15,0,0,15,0,35,15,0,50,0,50,15,0,65,76,0,76,141
11/21/2021,ENA,AK,AAL,WE,Federal Contract Tower,0,12,0,0,12,0,31,11,0,42,0,43,11,0,54,71,0,71,125
11/22/2021,ENA,AK,AAL,WE,Federal Contract Tower,0,28,0,0,28,3,55,11,0,69,3,83,11,0,97,59,0,59,156
11/23/2021,ENA,AK,AAL,WE,Federal Contract Tower,0,28,4,0,32,5,33,8,0,46,5,61,12,0,78,16,0,16,94
11/24/2021,ENA,AK,AAL,WE,Federal Contract Tower,0,35,0,0,35,3,56,19,0,78,3,91,19,0,113,128,0,128,241
11/25/2021,ENA,AK,AAL,WE,Federal Contract Tower,0,16,0,0,16,0,0,0,0,0,0,16,0,0,16,0,0,0,16
11/26/2021,ENA,AK,AAL,WE,Federal Contract Tower,0,17,0,0,17,0,39,15,0,54,0,56,15,0,71,30,0,30,101
11/27/2021,ENA,AK,AAL,WE,Federal Contract Tower,0,10,0,0,10,0,21,20,0,41,0,31,20,0,51,62,0,62,113
11/28/2021,ENA,AK,AAL,WE,Federal Contract Tower,0,15,0,0,15,0,25,7,0,32,0,40,7,0,47,38,0,38,85
11/29/2021,ENA,AK,AAL,WE,Federal Contract Tower,0,39,0,0,39,0,12,1,0,13,0,51,1,0,52,12,0,12,64
11/30/2021,ENA,AK,AAL,WE,Federal Contract Tower,0,45,0,0,45,0,0,0,0,0,0,45,0,0,45,0,0,0,45
12/01/2021,ENA,AK,AAL,WE,Federal Contract Tower,0,53,0,0,53,0,27,6,0,33,0,80,6,0,86,24,0,24,110
12/02/2021,ENA,AK,AAL,WE,Federal Contract Tower,0,27,1,0,28,0,73,35,1,109,0,100,36,1,137,112,0,112,249
12/03/2021,ENA,AK,AAL,WE,Federal Contract Tower,0,32,0,0,32,3,44,28,0,75,3,76,28,0,107,82,16,98,205
12/04/2021,ENA,AK,AAL,WE,Federal Contract Tower,0,23,0,0,23,0,25,19,0,44,0,48,19,0,67,70,0,70,137
12/05/2021,ENA,AK,AAL,WE,Federal Contract Tower,0,28,0,2,30,1,16,3,0,20,1,44,3,2,50,8,6,14,64
12/06/2021,ENA,AK,AAL,WE,Federal Contract Tower,0,41,0,0,41,0,4,4,0,8,0,45,4,0,49,0,0,0,49
12/07/2021,ENA,AK,AAL,WE,Federal Contract Tower,0,35,1,0,36,2,27,16,0,45,2,62,17,0,81,34,0,34,115
12/08/2021,ENA,AK,AAL,WE,Federal Contract Tower,0,26,0,0,26,1,47,7,0,55,1,73,7,0,81,20,0,20,101
12/09/2021,ENA,AK,AAL,WE,Federal Contract Tower,0,37,0,0,37,0,10,0,0,10,0,47,0,0,47,0,0,0,47
12/10/2021,ENA,AK,AAL,WE,Federal Contract Tower,1,45,1,0,47,1,26,6,0,33,2,71,7,0,80,22,0,22,102
12/11/2021,ENA,AK,AAL,WE,Federal Contract Tower,0,12,0,0,12,0,24,26,0,50,0,36,26,0,62,92,0,92,154
12/12/2021,ENA,AK,AAL,WE,Federal Contract Tower,0,12,0,0,12,0,17,10,0,27,0,29,10,0,39,28,0,28,67
12/13/2021,ENA,AK,AAL,WE,Federal Contract Tower,0,22,0,0,22,4,41,12,0,57,4,63,12,0,79,29,17,46,125
12/14/2021,ENA,AK,AAL,WE,Federal Contract Tower,0,17,4,0,21,4,51,19,0,74,4,68,23,0,95,30,18,48,143
12/15/2021,ENA,AK,AAL,WE,Federal Contract Tower,0,30,2,0,32,3,44,11,1,59,3,74,13,1,91,36,0,36,127
12/16/2021,ENA,AK,AAL,WE,Federal Contract Tower,0,50,0,0,50,0,2,0,0,2,0,52,0,0,52,0,0,0,52
12/17/2021,ENA,AK,AAL,WE,Federal Contract Tower,0,49,0,2,51,0,7,3,0,10,0,56,3,2,61,6,0,6,67
12/18/2021,ENA,AK,AAL,WE,Federal Contract Tower,0,21,0,0,21,0,18,5,0,23,0,39,5,0,44,12,0,12,56
12/20/2021,ENA,AK,AAL,WE,Federal Contract Tower,0,19,0,0,19,0,2,0,0,2,0,21,0,0,21,0,0,0,21
12/21/2021,ENA,AK,AAL,WE,Federal Contract Tower,4,36,0,0,40,1,25,8,0,34,5,61,8,0,74,32,10,42,116
12/22/2021,ENA,AK,AAL,WE,Federal Contract Tower,0,50,0,0,50,0,23,1,0,24,0,73,1,0,74,20,2,22,96
12/23/2021,ENA,AK,AAL,WE,Federal Contract Tower,0,19,0,0,19,1,67,17,0,85,1,86,17,0,104,84,0,84,188
12/24/2021,ENA,AK,AAL,WE,Federal Contract Tower,0,16,0,0,16,0,35,8,0,43,0,51,8,0,59,12,0,12,71
12/25/2021,ENA,AK,AAL,WE,Federal Contract Tower,0,0,0,0,0,0,2,6,0,8,0,2,6,0,8,2,0,2,10
12/26/2021,ENA,AK,AAL,WE,Federal Contract Tower,0,4,0,4,8,0,0,0,0,0,0,4,0,4,8,0,0,0,8
12/27/2021,ENA,AK,AAL,WE,Federal Contract Tower,0,20,2,0,22,0,33,11,0,44,0,53,13,0,66,50,0,50,116
12/28/2021,ENA,AK,AAL,WE,Federal Contract Tower,0,17,0,0,17,1,26,5,0,32,1,43,5,0,49,30,0,30,79
12/29/2021,ENA,AK,AAL,WE,Federal Contract Tower,0,15,0,0,15,0,40,20,3,63,0,55,20,3,78,36,4,40,118
12/30/2021,ENA,AK,AAL,WE,Federal Contract Tower,0,17,5,0,22,2,40,20,0,62,2,57,25,0,84,46,16,62,146
12/31/2021,ENA,AK,AAL,WE,Federal Contract Tower,0,37,0,0,37,0,0,0,0,0,0,37,0,0,37,0,0,0,37
01/01/2022,ENA,AK,AAL,WE,Federal Contract Tower,0,0,0,0,0,3,5,0,0,8,3,5,0,0,8,0,0,0,8
01/02/2022,ENA,AK,AAL,WE,Federal Contract Tower,0,4,0,0,4,0,7,0,0,7,0,11,0,0,11,0,0,0,11
01/03/2022,ENA,AK,AAL,WE,Federal Contract Tower,0,17,0,0,17,0,25,4,0,29,0,42,4,0,46,16,0,16,62
01/04/2022,ENA,AK,AAL,WE,Federal Contract Tower,1,12,2,0,15,1,32,21,0,54,2,44,23,0,69,56,0,56,125
01/05/2022,ENA,AK,AAL,WE,Federal Contract Tower,0,17,1,0,18,1,44,20,0,65,1,61,21,0,83,118,2,120,203
01/06/2022,ENA,AK,AAL,WE,Federal Contract Tower,0,31,0,2,33,0,48,9,1,58,0,79,9,3,91,108,12,120,211
01/07/2022,ENA,AK,AAL,WE,Federal Contract Tower,0,16,0,0,16,8,34,17,0,59,8,50,17,0,75,58,0,58,133
01/08/2022,ENA,AK,AAL,WE,Federal Contract Tower,2,18,0,0,20,3,13,3,0,19,5,31,3,0,39,34,8,42,81
01/09/2022,ENA,AK,AAL,WE,Federal Contract Tower,0,11,0,0,11,0,24,2,0,26,0,35,2,0,37,40,0,40,77
01/10/2022,ENA,AK,AAL,WE,Federal Contract Tower,0,22,0,0,22,1,27,12,0,40,1,49,12,0,62,30,0,30,92
01/11/2022,ENA,AK,AAL,WE,Federal Contract Tower,0,38,1,0,39,0,9,8,0,17,0,47,9,0,56,2,0,2,58
01/12/2022,ENA,AK,AAL,WE,Federal Contract Tower,0,44,1,2,47,0,27,7,0,34,0,71,8,2,81,12,0,12,93
01/13/2022,ENA,AK,AAL,WE,Federal Contract Tower,0,25,0,2,27,3,37,3,0,43,3,62,3,2,70,6,0,6,76
01/14/2022,ENA,AK,AAL,WE,Federal Contract Tower,0,13,0,0,13,2,43,21,2,68,2,56,21,2,81,32,0,32,113
01/15/2022,ENA,AK,AAL,WE,Federal Contract Tower,0,19,0,0,19,2,0,0,0,2,2,19,0,0,21,0,0,0,21
01/16/2022,ENA,AK,AAL,WE,Federal Contract Tower,0,14,0,0,14,1,19,7,0,27,1,33,7,0,41,43,0,43,84
01/17/2022,ENA,AK,AAL,WE,Federal Contract Tower,0,40,3,0,43,4,9,3,0,16,4,49,6,0,59,8,0,8,67
01/18/2022,ENA,AK,AAL,WE,Federal Contract Tower,0,16,0,0,16,9,53,25,0,87,9,69,25,0,103,62,18,80,183
01/19/2022,ENA,AK,AAL,WE,Federal Contract Tower,1,47,0,0,48,2,3,0,0,5,3,50,0,0,53,0,0,0,53
01/20/2022,ENA,AK,AAL,WE,Federal Contract Tower,0,54,1,0,55,2,12,2,0,16,2,66,3,0,71,28,0,28,99
01/21/2022,ENA,AK,AAL,WE,Federal Contract Tower,0,29,0,0,29,1,18,2,0,21,1,47,2,0,50,14,0,14,64
01/22/2022,ENA,AK,AAL,WE,Federal Contract Tower,0,12,1,0,13,0,18,4,0,22,0,30,5,0,35,22,0,22,57
01/23/2022,ENA,AK,AAL,WE,Federal Contract Tower,0,12,0,0,12,0,18,2,0,20,0,30,2,0,32,32,6,38,70
01/24/2022,ENA,AK,AAL,WE,Federal Contract Tower,0,16,0,1,17,0,35,20,1,56,0,51,20,2,73,90,8,98,171
01/25/2022,ENA,AK,AAL,WE,Federal Contract Tower,0,21,0,0,21,0,28,22,0,50,0,49,22,0,71,58,0,58,129
01/26/2022,ENA,AK,AAL,WE,Federal Contract Tower,0,24,0,2,26,2,45,17,0,64,2,69,17,2,90,30,10,40,130
01/27/2022,ENA,AK,AAL,WE,Federal Contract Tower,0,32,0,0,32,0,10,2,0,12,0,42,2,0,44,24,0,24,68
01/28/2022,ENA,AK,AAL,WE,Federal Contract Tower,0,26,0,0,26,0,15,4,0,19,0,41,4,0,45,4,0,4,49
01/29/2022,ENA,AK,AAL,WE,Federal Contract Tower,0,9,0,0,9,4,25,16,0,45,4,34,16,0,54,66,0,66,120
01/30/2022,ENA,AK,AAL,WE,Federal Contract Tower,0,23,0,0,23,0,14,14,0,28,0,37,14,0,51,36,0,36,87
01/31/2022,ENA,AK,AAL,WE,Federal Contract Tower,0,24,0,0,24,4,27,14,0,45,4,51,14,0,69,18,0,18,87
02/01/2022,ENA,AK,AAL,WE,Federal Contract Tower,0,30,0,0,30,0,8,0,0,8,0,38,0,0,38,0,0,0,38
02/02/2022,ENA,AK,AAL,WE,Federal Contract Tower,0,19,0,0,19,10,54,37,0,101,10,73,37,0,120,150,2,152,272
02/03/2022,ENA,AK,AAL,WE,Federal Contract Tower,0,40,0,0,40,0,0,0,0,0,0,40,0,0,40,0,0,0,40
02/04/2022,ENA,AK,AAL,WE,Federal Contract Tower,1,32,0,0,33,1,24,24,0,49,2,56,24,0,82,102,0,102,184
02/05/2022,ENA,AK,AAL,WE,Federal Contract Tower,0,11,1,0,12,1,18,15,0,34,1,29,16,0,46,30,0,30,76
02/06/2022,ENA,AK,AAL,WE,Federal Contract Tower,0,13,0,0,13,0,26,10,0,36,0,39,10,0,49,68,0,68,117
02/07/2022,ENA,AK,AAL,WE,Federal Contract Tower,0,24,0,2,26,0,43,18,0,61,0,67,18,2,87,106,0,106,193
02/08/2022,ENA,AK,AAL,WE,Federal Contract Tower,0,29,0,0,29,0,25,10,0,35,0,54,10,0,64,32,0,32,96
02/09/2022,ENA,AK,AAL,WE,Federal Contract Tower,0,39,0,0,39,2,47,4,0,53,2,86,4,0,92,28,0,28,120
02/10/2022,ENA,AK,AAL,WE,Federal Contract Tower,0,16,0,0,16,0,49,34,0,83,0,65,34,0,99,104,0,104,203
02/11/2022,ENA,AK,AAL,WE,Federal Contract Tower,0,25,0,0,25,3,47,17,0,67,3,72,17,0,92,70,0,70,162
02/12/2022,ENA,AK,AAL,WE,Federal Contract Tower,0,22,0,0,22,1,7,4,0,12,1,29,4,0,34,40,0,40,74
02/13/2022,ENA,AK,AAL,WE,Federal Contract Tower,0,26,0,0,26,0,0,0,0,0,0,26,0,0,26,0,0,0,26
02/14/2022,ENA,AK,AAL,WE,Federal Contract Tower,0,37,0,0,37,0,1,0,0,1,0,38,0,0,38,2,0,2,40
02/15/2022,ENA,AK,AAL,WE,Federal Contract Tower,0,23,0,0,23,0,0,0,0,0,0,23,0,0,23,0,0,0,23
02/16/2022,ENA,AK,AAL,WE,Federal Contract Tower,0,35,0,0,35,1,3,3,0,7,1,38,3,0,42,6,0,6,48
02/17/2022,ENA,AK,AAL,WE,Federal Contract Tower,6,47,0,0,53,0,0,0,0,0,6,47,0,0,53,0,0,0,53
02/18/2022,ENA,AK,AAL,WE,Federal Contract Tower,0,26,0,0,26,0,44,9,0,53,0,70,9,0,79,42,0,42,121
02/19/2022,ENA,AK,AAL,WE,Federal Contract Tower,0,11,2,0,13,2,26,30,0,58,2,37,32,0,71,58,0,58,129
02/20/2022,ENA,AK,AAL,WE,Federal Contract Tower,0,22,0,0,22,2,21,8,0,31,2,43,8,0,53,50,0,50,103
02/21/2022,ENA,AK,AAL,WE,Federal Contract Tower,0,43,0,0,43,0,0,0,0,0,0,43,0,0,43,0,0,0,43
02/22/2022,ENA,AK,AAL,WE,Federal Contract Tower,1,37,4,0,42,0,27,22,0,49,1,64,26,0,91,56,0,56,147
02/23/2022,ENA,AK,AAL,WE,Federal Contract Tower,0,27,2,1,30,1,33,33,2,69,1,60,35,3,99,82,8,90,189
02/24/2022,ENA,AK,AAL,WE,Federal Contract Tower,0,22,0,0,22,2,35,24,0,61,2,57,24,0,83,36,0,36,119
02/25/2022,ENA,AK,AAL,WE,Federal Contract Tower,0,20,0,0,20,2,41,3,0,46,2,61,3,0,66,34,0,34,100
02/26/2022,ENA,AK,AAL,WE,Federal Contract Tower,0,8,2,0,10,1,23,30,0,54,1,31,32,0,64,64,0,64,128
02/27/2022,ENA,AK,AAL,WE,Federal Contract Tower,0,14,2,0,16,1,22,26,0,49,1,36,28,0,65,44,0,44,109
02/28/2022,ENA,AK,AAL,WE,Federal Contract Tower,0,22,4,0,26,5,46,23,0,74,5,68,27,0,100,64,0,64,164
03/01/2022,ENA,AK,AAL,WE,Federal Contract Tower,0,17,5,0,22,0,48,15,0,63,0,65,20,0,85,40,0,40,125
03/02/2022,ENA,AK,AAL,WE,Federal Contract Tower,0,23,1,0,24,3,46,33,0,82,3,69,34,0,106,42,2,44,150
03/03/2022,ENA,AK,AAL,WE,Federal Contract Tower,0,33,4,0,37,0,32,12,0,44,0,65,16,0,81,18,2,20,101
03/04/2022,ENA,AK,AAL,WE,Federal Contract Tower,5,20,0,0,25,2,36,17,0,55,7,56,17,0,80,24,0,24,104
03/05/2022,ENA,AK,AAL,WE,Federal Contract Tower,0,14,0,1,15,0,1,0,1,2,0,15,0,2,17,0,0,0,17
03/06/2022,ENA,AK,AAL,WE,Federal Contract Tower,0,14,1,0,15,0,26,28,0,54,0,40,29,0,69,84,0,84,153
03/07/2022,ENA,AK,AAL,WE,Federal Contract Tower,0,23,4,0,27,3,53,20,0,76,3,76,24,0,103,130,14,144,247
03/08/2022,ENA,AK,AAL,WE,Federal Contract Tower,0,16,0,2,18,4,51,25,0,80,4,67,25,2,98,136,0,136,234
03/09/2022,ENA,AK,AAL,WE,Federal Contract Tower,0,55,0,0,55,0,5,0,0,5,0,60,0,0,60,6,0,6,66
03/10/2022,ENA,AK,AAL,WE,Federal Contract Tower,0,46,0,0,46,0,5,1,0,6,0,51,1,0,52,2,0,2,54
03/11/2022,ENA,AK,AAL,WE,Federal Contract Tower,0,42,2,0,44,0,1,3,0,4,0,43,5,0,48,10,0,10,58
03/12/2022,ENA,AK,AAL,WE,Federal Contract Tower,0,11,3,0,14,0,22,23,0,45,0,33,26,0,59,56,0,56,115
03/13/2022,ENA,AK,AAL,WE,Federal Contract Tower,0,17,2,0,19,0,21,0,3,24,0,38,2,3,43,32,0,32,75
03/14/2022,ENA,AK,AAL,WE,Federal Contract Tower,0,18,6,2,26,0,55,36,0,91,0,73,42,2,117,76,4,80,197
03/15/2022,ENA,AK,AAL,WE,Federal Contract Tower,0,13,3,0,16,0,47,17,0,64,0,60,20,0,80,88,0,88,168
03/16/2022,ENA,AK,AAL,WE,Federal Contract Tower,0,23,0,0,23,0,49,11,3,63,0,72,11,3,86,42,28,70,156
03/17/2022,ENA,AK,AAL,WE,Federal Contract Tower,0,37,1,0,38,0,35,20,0,55,0,72,21,0,93,18,0,18,111
03/18/2022,ENA,AK,AAL,WE,Federal Contract Tower,0,21,3,0,24,0,53,16,0,69,0,74,19,0,93,38,0,38,131
03/19/2022,ENA,AK,AAL,WE,Federal Contract Tower,0,10,1,0,11,0,25,25,0,50,0,35,26,0,61,50,0,50,111
03/20/2022,ENA,AK,AAL,WE,Federal Contract Tower,0,14,2,0,16,0,24,23,0,47,0,38,25,0,63,22,0,22,85
03/21/2022,ENA,AK,AAL,WE,Federal Contract Tower,0,16,1,0,17,0,0,2,0,2,0,16,3,0,19,80,2,82,101
03/22/2022,ENA,AK,AAL,WE,Federal Contract Tower,0,24,0,0,24,2,40,7,0,49,2,64,7,0,73,32,6,38,111
03/23/2022,ENA,AK,AAL,WE,Federal Contract Tower,0,21,0,2,23,2,49,17,0,68,2,70,17,2,91,84,12,96,187
03/24/2022,ENA,AK,AAL,WE,Federal Contract Tower,0,19,0,0,19,0,43,18,0,61,0,62,18,0,80,32,0,32,112
03/25/2022,ENA,AK,AAL,WE,Federal Contract Tower,0,23,0,0,23,2,56,17,0,75,2,79,17,0,98,38,0,38,136
03/26/2022,ENA,AK,AAL,WE,Federal Contract Tower,0,17,3,0,20,1,22,21,0,44,1,39,24,0,64,42,0,42,106
03/27/2022,ENA,AK,AAL,WE,Federal Contract Tower,0,13,2,0,15,0,17,10,0,27,0,30,12,0,42,64,0,64,106
03/28/2022,ENA,AK,AAL,WE,Federal Contract Tower,0,17,0,6,23,2,41,9,0,52,2,58,9,6,75,44,16,60,135
03/29/2022,ENA,AK,AAL,WE,Federal Contract Tower,0,18,2,2,22,0,47,28,4,79,0,65,30,6,101,82,8,90,191
03/30/2022,ENA,AK,AAL,WE,Federal Contract Tower,0,24,1,0,25,0,55,45,0,100,0,79,46,0,125,116,0,116,241
03/31/2022,ENA,AK,AAL,WE,Federal Contract Tower,0,22,0,0,22,5,40,17,0,62,5,62,17,0,84,38,0,38,122
04/01/2022,ENA,AK,AAL,WE,Federal Contract Tower,0,21,1,0,22,8,41,25,0,74,8,62,26,0,96,52,0,52,148
04/02/2022,ENA,AK,AAL,WE,Federal Contract Tower,0,12,4,0,16,4,29,22,0,55,4,41,26,0,71,56,0,56,127
04/03/2022,ENA,AK,AAL,WE,Federal Contract Tower,0,11,0,0,11,0,22,16,0,38,0,33,16,0,49,50,0,50,99
04/04/2022,ENA,AK,AAL,WE,Federal Contract Tower,0,36,0,2,38,0,23,11,0,34,0,59,11,2,72,42,0,42,114
04/05/2022,ENA,AK,AAL,WE,Federal Contract Tower,0,28,0,3,31,0,30,11,1,42,0,58,11,4,73,22,14,36,109
04/06/2022,ENA,AK,AAL,WE,Federal Contract Tower,0,26,0,0,26,5,41,28,0,74,5,67,28,0,100,76,0,76,176
04/07/2022,ENA,AK,AAL,WE,Federal Contract Tower,0,19,2,0,21,5,47,25,0,77,5,66,27,0,98,118,0,118,216
04/08/2022,ENA,AK,AAL,WE,Federal Contract Tower,0,47,1,0,48,1,17,9,0,27,1,64,10,0,75,10,0,10,85
04/09/2022,ENA,AK,AAL,WE,Federal Contract Tower,0,13,0,0,13,4,21,34,0,59,4,34,34,0,72,42,0,42,114
04/10/2022,ENA,AK,AAL,WE,Federal Contract Tower,0,11,3,0,14,0,18,25,0,43,0,29,28,0,57,22,0,22,79
04/11/2022,ENA,AK,AAL,WE,Federal Contract Tower,0,21,1,0,22,1,51,36,0,88,1,72,37,0,110,19,0,19,129
04/12/2022,ENA,AK,AAL,WE,Federal Contract Tower,0,15,2,0,17,4,61,14,0,79,4,76,16,0,96,82,16,98,194
04/13/2022,ENA,AK,AAL,WE,Federal Contract Tower,0,27,2,6,35,5,45,27,0,77,5,72,29,6,112,50,0,50,162
04/14/2022,ENA,AK,AAL,WE,Federal Contract Tower,0,16,0,0,16,4,66,38,2,110,4,82,38,2,126,96,0,96,222
04/15/2022,ENA,AK,AAL,WE,Federal Contract Tower,0,20,0,2,22,3,59,11,0,73,3,79,11,2,95,96,6,102,197
04/16/2022,ENA,AK,AAL,WE,Federal Contract Tower,0,15,1,0,16,0,36,19,0,55,0,51,20,0,71,102,0,102,173
04/17/2022,ENA,AK,AAL,WE,Federal Contract Tower,0,11,2,0,13,0,24,11,0,35,0,35,13,0,48,72,0,72,120
04/18/2022,ENA,AK,AAL,WE,Federal Contract Tower,0,21,2,2,25,4,43,22,0,69,4,64,24,2,94,66,0,66,160
04/19/2022,ENA,AK,AAL,WE,Federal Contract Tower,0,22,2,0,24,3,50,30,0,83,3,72,32,0,107,58,0,58,165
04/20/2022,ENA,AK,AAL,WE,Federal Contract Tower,0,26,0,2,28,8,65,31,0,104,8,91,31,2,132,54,0,54,186
04/21/2022,ENA,AK,AAL,WE,Federal Contract Tower,0,19,0,0,19,4,45,23,0,72,4,64,23,0,91,72,0,72,163
04/22/2022,ENA,AK,AAL,WE,Federal Contract Tower,0,20,0,0,20,0,50,11,0,61,0,70,11,0,81,22,0,22,103
04/23/2022,ENA,AK,AAL,WE,Federal Contract Tower,0,12,2,0,14,2,24,26,0,52,2,36,28,0,66,66,0,66,132
04/24/2022,ENA,AK,AAL,WE,Federal Contract Tower,0,10,1,0,11,0,19,20,0,39,0,29,21,0,50,58,0,58,108
04/25/2022,ENA,AK,AAL,WE,Federal Contract Tower,0,23,1,0,24,3,62,25,0,90,3,85,26,0,114,68,20,88,202
04/26/2022,ENA,AK,AAL,WE,Federal Contract Tower,0,23,5,0,28,5,75,25,0,105,5,98,30,0,133,112,0,112,245
04/27/2022,ENA,AK,AAL,WE,Federal Contract Tower,0,23,0,0,23,5,68,35,0,108,5,91,35,0,131,66,0,66,197
04/28/2022,ENA,AK,AAL,WE,Federal Contract Tower,0,22,0,4,26,3,54,45,0,102,3,76,45,4,128,114,2,116,244
04/29/2022,ENA,AK,AAL,WE,Federal Contract Tower,0,20,0,0,20,5,52,41,0,98,5,72,41,0,118,76,6,82,200
04/30/2022,ENA,AK,AAL,WE,Federal Contract Tower,0,12,0,0,12,0,28,22,0,50,0,40,22,0,62,66,0,66,128
05/01/2022,ENA,AK,AAL,WE,Federal Contract Tower,0,12,0,0,12,0,28,7,0,35,0,40,7,0,47,36,0,36,83
05/02/2022,ENA,AK,AAL,WE,Federal Contract Tower,0,21,1,1,23,0,63,13,1,77,0,84,14,2,100,26,22,48,148
05/03/2022,ENA,AK,AAL,WE,Federal Contract Tower,0,29,0,0,29,4,62,24,0,90,4,91,24,0,119,60,2,62,181
05/04/2022,ENA,AK,AAL,WE,Federal Contract Tower,0,23,0,0,23,1,74,25,0,100,1,97,25,0,123,118,6,124,247
05/05/2022,ENA,AK,AAL,WE,Federal Contract Tower,0,26,0,0,26,4,69,34,0,107,4,95,34,0,133,82,10,92,225
05/06/2022,ENA,AK,AAL,WE,Federal Contract Tower,0,27,3,0,30,0,57,37,0,94,0,84,40,0,124,92,0,92,216
05/07/2022,ENA,AK,AAL,WE,Federal Contract Tower,0,8,3,0,11,0,30,47,0,77,0,38,50,0,88,26,0,26,114
05/08/2022,ENA,AK,AAL,WE,Federal Contract Tower,0,12,0,0,12,0,24,29,0,53,0,36,29,0,65,12,0,12,77
05/09/2022,ENA,AK,AAL,WE,Federal Contract Tower,0,25,1,0,26,0,60,6,0,66,0,85,7,0,92,62,10,72,164
05/10/2022,ENA,AK,AAL,WE,Federal Contract Tower,0,25,0,0,25,6,62,5,0,73,6,87,5,0,98,34,0,34,132
05/11/2022,ENA,AK,AAL,WE,Federal Contract Tower,2,26,4,2,34,8,77,34,0,119,10,103,38,2,153,52,24,76,229
05/12/2022,ENA,AK,AAL,WE,Federal Contract Tower,0,28,6,4,38,6,60,38,0,104,6,88,44,4,142,82,28,110,252
05/13/2022,ENA,AK,AAL,WE,Federal Contract Tower,0,37,0,0,37,3,33,11,0,47,3,70,11,0,84,14,8,22,106
05/14/2022,ENA,AK,AAL,WE,Federal Contract Tower,0,15,4,0,19,0,28,29,0,57,0,43,33,0,76,42,0,42,118
05/15/2022,ENA,AK,AAL,WE,Federal Contract Tower,0,12,0,0,12,0,29,20,0,49,0,41,20,0,61,42,0,42,103
05/16/2022,ENA,AK,AAL,WE,Federal Contract Tower,0,17,1,0,18,2,55,29,0,86,2,72,30,0,104,58,0,58,162
05/17/2022,ENA,AK,AAL,WE,Federal Contract Tower,0,17,2,0,19,3,67,28,0,98,3,84,30,0,117,32,8,40,157
05/18/2022,ENA,AK,AAL,WE,Federal Contract Tower,0,27,1,0,28,2,69,31,0,102,2,96,32,0,130,42,0,42,172
05/19/2022,ENA,AK,AAL,WE,Federal Contract Tower,0,29,3,0,32,0,58,48,3,109,0,87,51,3,141,110,18,128,269
05/20/2022,ENA,AK,AAL,WE,Federal Contract Tower,0,25,0,0,25,2,89,39,0,130,2,114,39,0,155,92,0,92,247
05/21/2022,ENA,AK,AAL,WE,Federal Contract Tower,0,15,6,0,21,1,33,44,0,78,1,48,50,0,99,56,0,56,155
05/22/2022,ENA,AK,AAL,WE,Federal Contract Tower,0,13,2,0,15,0,36,30,0,66,0,49,32,0,81,88,0,88,169
05/23/2022,ENA,AK,AAL,WE,Federal Contract Tower,0,27,1,0,28,4,52,30,0,86,4,79,31,0,114,18,0,18,132
05/24/2022,ENA,AK,AAL,WE,Federal Contract Tower,0,24,1,0,25,6,38,34,1,79,6,62,35,1,104,80,26,106,210
05/25/2022,ENA,AK,AAL,WE,Federal Contract Tower,0,61,4,0,65,15,48,35,0,98,15,109,39,0,163,56,6,62,225
05/26/2022,ENA,AK,AAL,WE,Federal Contract Tower,0,25,2,0,27,3,83,65,0,151,3,108,67,0,178,120,6,126,304
05/27/2022,ENA,AK,AAL,WE,Federal Contract Tower,0,28,0,0,28,0,55,56,0,111,0,83,56,0,139,92,0,92,231
05/28/2022,ENA,AK,AAL,WE,Federal Contract Tower,0,12,0,0,12,0,26,60,0,86,0,38,60,0,98,40,0,40,138
05/29/2022,ENA,AK,AAL,WE,Federal Contract Tower,0,10,1,0,11,0,29,47,0,76,0,39,48,0,87,48,0,48,135
05/30/2022,ENA,AK,AAL,WE,Federal Contract Tower,0,23,2,0,25,0,39,29,0,68,0,62,31,0,93,70,0,70,163
05/31/2022,ENA,AK,AAL,WE,Federal Contract Tower,0,24,0,0,24,3,52,47,0,102,3,76,47,0,126,62,20,82,208
06/01/2022,ENA,AK,AAL,WE,Federal Contract Tower,0,16,5,0,21,3,54,53,0,110,3,70,58,0,131,98,0,98,229
06/02/2022,ENA,AK,AAL,WE,Federal Contract Tower,0,22,1,0,23,0,63,48,0,111,0,85,49,0,134,72,2,74,208
06/03/2022,ENA,AK,AAL,WE,Federal Contract Tower,0,19,0,0,19,0,58,56,0,114,0,77,56,0,133,62,0,62,195
06/04/2022,ENA,AK,AAL,WE,Federal Contract Tower,0,7,0,0,7,0,26,35,0,61,0,33,35,0,68,34,0,34,102
06/05/2022,ENA,AK,AAL,WE,Federal Contract Tower,0,10,2,0,12,0,29,33,0,62,0,39,35,0,74,48,0,48,122
06/06/2022,ENA,AK,AAL,WE,Federal Contract Tower,1,45,0,0,46,5,33,29,0,67,6,78,29,0,113,80,0,80,193
06/07/2022,ENA,AK,AAL,WE,Federal Contract Tower,0,45,6,0,51,6,41,31,0,78,6,86,37,0,129,94,4,98,227
06/08/2022,ENA,AK,AAL,WE,Federal Contract Tower,0,26,4,4,34,6,63,66,0,135,6,89,70,4,169,166,2,168,337
06/09/2022,ENA,AK,AAL,WE,Federal Contract Tower,0,30,0,4,34,2,71,41,0,114,2,101,41,4,148,152,26,178,326
06/10/2022,ENA,AK,AAL,WE,Federal Contract Tower,0,35,3,0,38,5,49,48,0,102,5,84,51,0,140,56,0,56,196
06/11/2022,ENA,AK,AAL,WE,Federal Contract Tower,0,14,0,0,14,0,24,26,0,50,0,38,26,0,64,80,0,80,144
06/12/2022,ENA,AK,AAL,WE,Federal Contract Tower,0,32,3,0,35,0,17,15,0,32,0,49,18,0,67,0,0,0,67
06/13/2022,ENA,AK,AAL,WE,Federal Contract Tower,0,43,11,3,57,0,49,45,1,95,0,92,56,4,152,112,18,130,282
06/14/2022,ENA,AK,AAL,WE,Federal Contract Tower,0,21,1,0,22,0,67,56,0,123,0,88,57,0,145,102,2,104,249
06/15/2022,ENA,AK,AAL,WE,Federal Contract Tower,0,26,4,2,32,0,65,58,0,123,0,91,62,2,155,126,8,134,289
06/16/2022,ENA,AK,AAL,WE,Federal Contract Tower,0,20,2,2,24,3,63,33,0,99,3,83,35,2,123,112,0,112,235
06/17/2022,ENA,AK,AAL,WE,Federal Contract Tower,0,33,1,0,34,3,44,33,0,80,3,77,34,0,114,94,0,94,208
06/18/2022,ENA,AK,AAL,WE,Federal Contract Tower,0,11,2,0,13,0,25,34,0,59,0,36,36,0,72,14,0,14,86
06/19/2022,ENA,AK,AAL,WE,Federal Contract Tower,0,19,1,0,20,0,27,21,0,48,0,46,22,0,68,40,4,44,112
06/20/2022,ENA,AK,AAL,WE,Federal Contract Tower,0,23,4,0,27,0,43,54,0,97,0,66,58,0,124,90,0,90,214
06/21/2022,ENA,AK,AAL,WE,Federal Contract Tower,0,22,4,0,26,7,48,45,0,100,7,70,49,0,126,90,12,102,228
06/22/2022,ENA,AK,AAL,WE,Federal Contract Tower,0,33,0,0,33,1,48,65,0,114,1,81,65,0,147,78,0,78,225
06/23/2022,ENA,AK,AAL,WE,Federal Contract Tower,1,32,0,4,37,1,55,52,0,108,2,87,52,4,145,52,0,52,197
06/24/2022,ENA,AK,AAL,WE,Federal Contract Tower,0,50,10,0,60,0,49,26,2,77,0,99,36,2,137,28,0,28,165
06/25/2022,ENA,AK,AAL,WE,Federal Contract Tower,0,33,2,0,35,0,8,7,0,15,0,41,9,0,50,20,0,20,70
06/26/2022,ENA,AK,AAL,WE,Federal Contract Tower,0,28,4,0,32,0,37,24,0,61,0,65,28,0,93,30,0,30,123
06/27/2022,ENA,AK,AAL,WE,Federal Contract Tower,0,48,8,0,56,0,36,30,0,66,0,84,38,0,122,80,0,80,202
06/28/2022,ENA,AK,AAL,WE,Federal Contract Tower,0,30,2,4,36,2,57,64,0,123,2,87,66,4,159,124,0,124,283
06/29/2022,ENA,AK,AAL,WE,Federal Contract Tower,0,52,11,2,65,0,64,47,0,111,0,116,58,2,176,130,6,136,312
06/30/2022,ENA,AK,AAL,WE,Federal Contract Tower,0,35,0,4,39,8,67,60,0,135,8,102,60,4,174,72,0,72,246
07/01/2022,ENA,AK,AAL,WE,Federal Contract Tower,0,28,3,0,31,3,69,37,0,109,3,97,40,0,140,54,0,54,194
07/02/2022,ENA,AK,AAL,WE,Federal Contract Tower,0,11,0,0,11,0,43,42,0,85,0,54,42,0,96,22,0,22,118
07/03/2022,ENA,AK,AAL,WE,Federal Contract Tower,0,16,0,0,16,5,39,47,0,91,5,55,47,0,107,62,0,62,169
07/04/2022,ENA,AK,AAL,WE,Federal Contract Tower,0,20,0,0,20,3,17,30,0,50,3,37,30,0,70,0,0,0,70
07/05/2022,ENA,AK,AAL,WE,Federal Contract Tower,4,30,4,1,39,0,65,39,1,105,4,95,43,2,144,84,10,94,238
07/06/2022,ENA,AK,AAL,WE,Federal Contract Tower,7,63,2,0,72,1,77,55,0,133,8,140,57,0,205,38,26,64,269
07/07/2022,ENA,AK,AAL,WE,Federal Contract Tower,6,55,2,0,63,2,53,27,0,82,8,108,29,0,145,72,8,80,225
07/08/2022,ENA,AK,AAL,WE,Federal Contract Tower,0,28,0,0,28,0,58,27,0,85,0,86,27,0,113,38,4,42,155
07/09/2022,ENA,AK,AAL,WE,Federal Contract Tower,3,8,0,4,15,0,42,40,0,82,3,50,40,4,97,64,8,72,169
07/10/2022,ENA,AK,AAL,WE,Federal Contract Tower,5,16,1,0,22,0,27,44,0,71,5,43,45,0,93,30,0,30,123
07/11/2022,ENA,AK,AAL,WE,Federal Contract Tower,0,43,2,0,45,0,48,41,0,89,0,91,43,0,134,76,0,76,210
07/12/2022,ENA,AK,AAL,WE,Federal Contract Tower,4,48,1,5,58,0,65,24,1,90,4,113,25,6,148,32,0,32,180
07/13/2022,ENA,AK,AAL,WE,Federal Contract Tower,0,39,2,0,41,0,57,45,0,102,0,96,47,0,143,58,2,60,203
07/14/2022,ENA,AK,AAL,WE,Federal Contract Tower,0,62,4,0,66,0,38,42,0,80,0,100,46,0,146,28,2,30,176
07/15/2022,ENA,AK,AAL,WE,Federal Contract Tower,0,42,4,0,46,3,36,27,0,66,3,78,31,0,112,42,0,42,154
07/16/2022,ENA,AK,AAL,WE,Federal Contract Tower,0,31,5,0,36,0,9,10,0,19,0,40,15,0,55,14,0,14,69
07/17/2022,ENA,AK,AAL,WE,Federal Contract Tower,0,37,5,0,42,0,13,3,0,16,0,50,8,0,58,0,0,0,58
07/18/2022,ENA,AK,AAL,WE,Federal Contract Tower,0,30,0,10,40,3,77,55,0,135,3,107,55,10,175,100,14,114,289
07/19/2022,ENA,AK,AAL,WE,Federal Contract Tower,0,55,4,0,59,3,35,23,1,62,3,90,27,1,121,46,2,48,169
07/20/2022,ENA,AK,AAL,WE,Federal Contract Tower,0,60,10,5,75,3,53,54,0,110,3,113,64,5,185,80,0,80,265
07/21/2022,ENA,AK,AAL,WE,Federal Contract Tower,0,57,0,0,57,2,63,49,0,114,2,120,49,0,171,80,0,80,251
07/22/2022,ENA,AK,AAL,WE,Federal Contract Tower,0,40,0,0,40,4,67,45,0,116,4,107,45,0,156,88,0,88,244
07/23/2022,ENA,AK,AAL,WE,Federal Contract Tower,1,20,0,0,21,4,65,60,0,129,5,85,60,0,150,74,0,74,224
07/24/2022,ENA,AK,AAL,WE,Federal Contract Tower,0,14,3,0,17,0,33,42,0,75,0,47,45,0,92,54,0,54,146
07/25/2022,ENA,AK,AAL,WE,Federal Contract Tower,0,40,0,0,40,0,43,2,0,45,0,83,2,0,85,6,6,12,97
07/26/2022,ENA,AK,AAL,WE,Federal Contract Tower,0,33,0,0,33,0,83,25,0,108,0,116,25,0,141,60,10,70,211
07/27/2022,ENA,AK,AAL,WE,Federal Contract Tower,0,46,1,0,47,9,74,60,4,147,9,120,61,4,194,80,16,96,290
07/28/2022,ENA,AK,AAL,WE,Federal Contract Tower,0,32,2,2,36,6,60,51,1,118,6,92,53,3,154,96,4,100,254
07/29/2022,ENA,AK,AAL,WE,Federal Contract Tower,0,25,0,0,25,1,70,68,0,139,1,95,68,0,164,76,2,78,242
07/30/2022,ENA,AK,AAL,WE,Federal Contract Tower,0,21,3,0,24,0,23,27,0,50,0,44,30,0,74,42,0,42,116
07/31/2022,ENA,AK,AAL,WE,Federal Contract Tower,0,22,0,0,22,0,30,15,0,45,0,52,15,0,67,36,0,36,103
08/01/2022,ENA,AK,AAL,WE,Federal Contract Tower,0,67,4,8,79,0,20,5,0,25,0,87,9,8,104,6,0,6,110
08/02/2022,ENA,AK,AAL,WE,Federal Contract Tower,0,37,3,0,40,4,61,47,8,120,4,98,50,8,160,74,12,86,246
08/03/2022,ENA,AK,AAL,WE,Federal Contract Tower,0,37,0,0,37,4,53,106,0,163,4,90,106,0,200,88,0,88,288
08/04/2022,ENA,AK,AAL,WE,Federal Contract Tower,0,27,0,2,29,0,53,65,0,118,0,80,65,2,147,114,10,124,271
08/05/2022,ENA,AK,AAL,WE,Federal Contract Tower,0,38,0,0,38,0,52,6,0,58,0,90,6,0,96,10,0,10,106
08/06/2022,ENA,AK,AAL,WE,Federal Contract Tower,0,14,0,0,14,0,36,26,0,62,0,50,26,0,76,4,0,4,80
08/07/2022,ENA,AK,AAL,WE,Federal Contract Tower,0,10,0,0,10,0,28,14,0,42,0,38,14,0,52,22,0,22,74
08/08/2022,ENA,AK,AAL,WE,Federal Contract Tower,0,40,0,0,40,1,43,7,0,51,1,83,7,0,91,36,22,58,149
08/09/2022,ENA,AK,AAL,WE,Federal Contract Tower,0,30,4,0,34,0,56,30,0,86,0,86,34,0,120,60,14,74,194
08/10/2022,ENA,AK,AAL,WE,Federal Contract Tower,0,28,8,2,38,3,72,73,2,150,3,100,81,4,188,90,4,94,282
08/11/2022,ENA,AK,AAL,WE,Federal Contract Tower,0,28,5,0,33,4,63,29,0,96,4,91,34,0,129,78,0,78,207
08/12/2022,ENA,AK,AAL,WE,Federal Contract Tower,0,44,3,0,47,5,46,33,0,84,5,90,36,0,131,48,0,48,179
08/13/2022,ENA,AK,AAL,WE,Federal Contract Tower,0,30,14,0,44,0,17,6,0,23,0,47,20,0,67,0,0,0,67
08/14/2022,ENA,AK,AAL,WE,Federal Contract Tower,0,11,2,0,13,0,37,44,0,81,0,48,46,0,94,52,0,52,146
08/15/2022,ENA,AK,AAL,WE,Federal Contract Tower,0,28,3,4,35,0,65,65,0,130,0,93,68,4,165,68,0,68,233
08/16/2022,ENA,AK,AAL,WE,Federal Contract Tower,0,31,6,6,43,5,54,34,0,93,5,85,40,6,136,50,0,50,186
08/17/2022,ENA,AK,AAL,WE,Federal Contract Tower,0,55,7,2,64,0,28,22,0,50,0,83,29,2,114,22,0,22,136
08/18/2022,ENA,AK,AAL,WE,Federal Contract Tower,0,34,6,0,40,3,53,67,0,123,3,87,73,0,163,56,6,62,225
08/19/2022,ENA,AK,AAL,WE,Federal Contract Tower,0,67,1,0,68,2,12,14,0,28,2,79,15,0,96,6,0,6,102
08/20/2022,ENA,AK,AAL,WE,Federal Contract Tower,0,11,2,0,13,0,32,33,0,65,0,43,35,0,78,48,0,48,126
08/21/2022,ENA,AK,AAL,WE,Federal Contract Tower,0,10,2,0,12,0,30,40,0,70,0,40,42,0,82,10,0,10,92
08/22/2022,ENA,AK,AAL,WE,Federal Contract Tower,0,32,2,0,34,0,45,16,0,61,0,77,18,0,95,36,8,44,139
08/23/2022,ENA,AK,AAL,WE,Federal Contract Tower,0,25,0,1,26,0,42,39,1,82,0,67,39,2,108,64,14,78,186
08/24/2022,ENA,AK,AAL,WE,Federal Contract Tower,0,27,0,0,27,3,60,54,0,117,3,87,54,0,144,56,30,86,230
08/25/2022,ENA,AK,AAL,WE,Federal Contract Tower,0,65,14,4,83,4,30,21,0,55,4,95,35,4,138,24,6,30,168
08/26/2022,ENA,AK,AAL,WE,Federal Contract Tower,0,67,2,0,69,0,13,15,0,28,0,80,17,0,97,38,0,38,135
08/27/2022,ENA,AK,AAL,WE,Federal Contract Tower,0,22,6,0,28,0,22,21,0,43,0,44,27,0,71,18,0,18,89
08/28/2022,ENA,AK,AAL,WE,Federal Contract Tower,0,15,2,0,17,0,7,14,0,21,0,22,16,0,38,28,0,28,66
08/29/2022,ENA,AK,AAL,WE,Federal Contract Tower,0,34,0,0,34,0,34,26,5,65,0,68,26,5,99,32,0,32,131
08/30/2022,ENA,AK,AAL,WE,Federal Contract Tower,0,24,6,0,30,2,50,55,0,107,2,74,61,0,137,36,22,58,195
08/31/2022,ENA,AK,AAL,WE,Federal Contract Tower,0,57,3,0,60,0,25,15,0,40,0,82,18,0,100,72,0,72,172
09/01/2022,ENA,AK,AAL,WE,Federal Contract Tower,0,41,5,4,50,0,32,30,3,65,0,73,35,7,115,12,30,42,157
09/02/2022,ENA,AK,AAL,WE,Federal Contract Tower,0,38,0,0,38,5,50,40,0,95,5,88,40,0,133,94,0,94,227
09/03/2022,ENA,AK,AAL,WE,Federal Contract Tower,1,23,6,0,30,5,16,19,0,40,6,39,25,0,70,2,0,2,72
09/04/2022,ENA,AK,AAL,WE,Federal Contract Tower,0,11,3,0,14,0,20,31,0,51,0,31,34,0,65,6,0,6,71
09/05/2022,ENA,AK,AAL,WE,Federal Contract Tower,0,37,2,0,39,0,33,47,0,80,0,70,49,0,119,54,0,54,173
09/06/2022,ENA,AK,AAL,WE,Federal Contract Tower,0,32,1,0,33,4,62,40,0,106,4,94,41,0,139,50,0,50,189
09/07/2022,ENA,AK,AAL,WE,Federal Contract Tower,0,28,0,0,28,6,64,42,0,112,6,92,42,0,140,166,0,166,306
09/08/2022,ENA,AK,AAL,WE,Federal Contract Tower,0,50,1,0,51,0,33,15,0,48,0,83,16,0,99,10,0,10,109
09/09/2022,ENA,AK,AAL,WE,Federal Contract Tower,0,26,0,2,28,2,42,17,0,61,2,68,17,2,89,40,0,40,129
09/10/2022,ENA,AK,AAL,WE,Federal Contract Tower,0,14,3,0,17,2,39,46,0,87,2,53,49,0,104,72,0,72,176
09/11/2022,ENA,AK,AAL,WE,Federal Contract Tower,0,14,0,0,14,0,28,19,0,47,0,42,19,0,61,34,0,34,95
09/12/2022,ENA,AK,AAL,WE,Federal Contract Tower,0,18,5,0,23,0,55,36,0,91,0,73,41,0,114,154,4,158,272
09/13/2022,ENA,AK,AAL,WE,Federal Contract Tower,0,24,2,4,30,5,55,32,0,92,5,79,34,4,122,58,0,58,180
09/14/2022,ENA,AK,AAL,WE,Federal Contract Tower,0,41,5,4,50,3,60,59,0,122,3,101,64,4,172,130,2,132,304
09/15/2022,ENA,AK,AAL,WE,Federal Contract Tower,0,22,0,0,22,0,46,29,0,75,0,68,29,0,97,60,2,62,159
09/16/2022,ENA,AK,AAL,WE,Federal Contract Tower,0,26,0,0,26,0,46,36,0,82,0,72,36,0,108,86,0,86,194
09/17/2022,ENA,AK,AAL,WE,Federal Contract Tower,0,13,2,0,15,0,22,23,0,45,0,35,25,0,60,14,0,14,74
09/18/2022,ENA,AK,AAL,WE,Federal Contract Tower,0,12,3,0,15,0,29,47,1,77,0,41,50,1,92,54,0,54,146
09/19/2022,ENA,AK,AAL,WE,Federal Contract Tower,0,51,2,0,53,0,16,21,2,39,0,67,23,2,92,32,0,32,124
09/20/2022,ENA,AK,AAL,WE,Federal Contract Tower,0,42,3,1,46,0,43,37,1,81,0,85,40,2,127,88,2,90,217
09/21/2022,ENA,AK,AAL,WE,Federal Contract Tower,0,25,1,2,28,0,60,64,0,124,0,85,65,2,152,96,2,98,250
09/22/2022,ENA,AK,AAL,WE,Federal Contract Tower,0,18,4,0,22,0,60,35,0,95,0,78,39,0,117,110,2,112,229
09/23/2022,ENA,AK,AAL,WE,Federal Contract Tower,0,25,1,0,26,3,54,32,0,89,3,79,33,0,115,102,0,102,217
09/24/2022,ENA,AK,AAL,WE,Federal Contract Tower,0,12,4,0,16,0,32,31,0,63,0,44,35,0,79,30,0,30,109
09/25/2022,ENA,AK,AAL,WE,Federal Contract Tower,0,12,0,0,12,0,29,29,0,58,0,41,29,0,70,58,0,58,128
09/26/2022,ENA,AK,AAL,WE,Federal Contract Tower,0,20,0,0,20,0,53,43,0,96,0,73,43,0,116,68,0,68,184
09/27/2022,ENA,AK,AAL,WE,Federal Contract Tower,0,21,2,0,23,4,64,39,0,107,4,85,41,0,130,86,10,96,226
09/28/2022,ENA,AK,AAL,WE,Federal Contract Tower,0,25,0,0,25,1,50,31,0,82,1,75,31,0,107,18,0,18,125
09/29/2022,ENA,AK,AAL,WE,Federal Contract Tower,0,33,8,4,45,0,45,23,0,68,0,78,31,4,113,78,0,78,191
09/30/2022,ENA,AK,AAL,WE,Federal Contract Tower,0,36,3,0,39,1,30,34,0,65,1,66,37,0,104,82,0,82,186
10/01/2022,ENA,AK,AAL,WE,Federal Contract Tower,0,4,4,0,8,0,27,55,0,82,0,31,59,0,90,78,0,78,168
10/02/2022,ENA,AK,AAL,WE,Federal Contract Tower,0,24,3,0,27,0,9,11,0,20,0,33,14,0,47,34,0,34,81
10/03/2022,ENA,AK,AAL,WE,Federal Contract Tower,0,23,2,1,26,0,63,27,1,91,0,86,29,2,117,84,18,102,219
10/04/2022,ENA,AK,AAL,WE,Federal Contract Tower,0,20,1,0,21,5,60,23,0,88,5,80,24,0,109,66,0,66,175
10/05/2022,ENA,AK,AAL,WE,Federal Contract Tower,0,23,2,0,25,3,52,26,0,81,3,75,28,0,106,52,0,52,158
10/06/2022,ENA,AK,AAL,WE,Federal Contract Tower,0,21,5,0,26,0,55,36,0,91,0,76,41,0,117,42,0,42,159
10/07/2022,ENA,AK,AAL,WE,Federal Contract Tower,0,22,0,0,22,6,51,22,2,81,6,73,22,2,103,38,0,38,141
10/08/2022,ENA,AK,AAL,WE,Federal Contract Tower,0,16,0,0,16,0,14,9,0,23,0,30,9,0,39,32,0,32,71
10/09/2022,ENA,AK,AAL,WE,Federal Contract Tower,0,16,1,0,17,0,17,11,0,28,0,33,12,0,45,4,0,4,49
10/10/2022,ENA,AK,AAL,WE,Federal Contract Tower,0,25,1,0,26,0,39,25,0,64,0,64,26,0,90,18,4,22,112
10/11/2022,ENA,AK,AAL,WE,Federal Contract Tower,0,25,0,3,28,0,59,47,2,108,0,84,47,5,136,104,18,122,258
10/12/2022,ENA,AK,AAL,WE,Federal Contract Tower,0,19,0,0,19,0,66,14,0,80,0,85,14,0,99,42,0,42,141
10/13/2022,ENA,AK,AAL,WE,Federal Contract Tower,0,18,2,0,20,7,62,60,0,129,7,80,62,0,149,78,20,98,247
10/14/2022,ENA,AK,AAL,WE,Federal Contract Tower,0,17,4,0,21,4,60,21,0,85,4,77,25,0,106,114,0,114,220
10/15/2022,ENA,AK,AAL,WE,Federal Contract Tower,0,12,0,0,12,4,22,8,0,34,4,34,8,0,46,42,0,42,88
10/16/2022,ENA,AK,AAL,WE,Federal Contract Tower,0,16,0,0,16,0,15,18,0,33,0,31,18,0,49,62,0,62,111
10/17/2022,ENA,AK,AAL,WE,Federal Contract Tower,0,18,2,4,24,2,55,17,0,74,2,73,19,4,98,68,24,92,190
10/18/2022,ENA,AK,AAL,WE,Federal Contract Tower,0,18,0,0,18,6,74,20,0,100,6,92,20,0,118,116,0,116,234
10/19/2022,ENA,AK,AAL,WE,Federal Contract Tower,0,22,2,0,24,6,54,47,0,107,6,76,49,0,131,98,0,98,229
10/20/2022,ENA,AK,AAL,WE,Federal Contract Tower,4,55,2,0,61,2,37,27,0,66,6,92,29,0,127,92,0,92,219
10/21/2022,ENA,AK,AAL,WE,Federal Contract Tower,2,41,0,0,43,1,54,47,0,102,3,95,47,0,145,130,0,130,275
10/22/2022,ENA,AK,AAL,WE,Federal Contract Tower,0,13,9,0,22,1,12,76,0,89,1,25,85,0,111,10,0,10,121
10/23/2022,ENA,AK,AAL,WE,Federal Contract Tower,0,11,5,0,16,0,29,31,2,62,0,40,36,2,78,98,0,98,176
10/24/2022,ENA,AK,AAL,WE,Federal Contract Tower,0,18,3,0,21,0,59,32,0,91,0,77,35,0,112,154,4,158,270
10/25/2022,ENA,AK,AAL,WE,Federal Contract Tower,0,53,0,0,53,0,26,9,0,35,0,79,9,0,88,50,0,50,138
10/26/2022,ENA,AK,AAL,WE,Federal Contract Tower,0,43,1,0,44,0,46,18,0,64,0,89,19,0,108,22,0,22,130
10/27/2022,ENA,AK,AAL,WE,Federal Contract Tower,0,27,0,0,27,0,75,34,0,109,0,102,34,0,136,100,16,116,252
10/28/2022,ENA,AK,AAL,WE,Federal Contract Tower,0,28,0,0,28,3,61,23,0,87,3,89,23,0,115,68,0,68,183
10/29/2022,ENA,AK,AAL,WE,Federal Contract Tower,0,12,1,0,13,2,31,20,0,53,2,43,21,0,66,90,0,90,156
10/30/2022,ENA,AK,AAL,WE,Federal Contract Tower,0,11,2,0,13,0,43,28,0,71,0,54,30,0,84,46,0,46,130
10/31/2022,ENA,AK,AAL,WE,Federal Contract Tower,0,20,4,0,24,5,57,31,0,93,5,77,35,0,117,94,0,94,211
11/01/2022,ENA,AK,AAL,WE,Federal Contract Tower,0,21,1,0,22,3,56,22,0,81,3,77,23,0,103,72,2,74,177
11/02/2022,ENA,AK,AAL,WE,Federal Contract Tower,0,52,0,0,52,0,0,0,0,0,0,52,0,0,52,0,0,0,52
11/03/2022,ENA,AK,AAL,WE,Federal Contract Tower,0,28,0,0,28,0,62,13,2,77,0,90,13,2,105,10,0,10,115
11/04/2022,ENA,AK,AAL,WE,Federal Contract Tower,0,23,0,0,23,5,62,15,0,82,5,85,15,0,105,28,0,28,133
11/05/2022,ENA,AK,AAL,WE,Federal Contract Tower,0,14,0,0,14,0,19,0,0,19,0,33,0,0,33,6,0,6,39
11/06/2022,ENA,AK,AAL,WE,Federal Contract Tower,0,9,2,0,11,0,24,19,0,43,0,33,21,0,54,54,0,54,108
11/07/2022,ENA,AK,AAL,WE,Federal Contract Tower,0,37,1,0,38,0,30,9,0,39,0,67,10,0,77,18,0,18,95
11/08/2022,ENA,AK,AAL,WE,Federal Contract Tower,0,27,0,0,27,0,64,15,0,79,0,91,15,0,106,82,0,82,188
11/09/2022,ENA,AK,AAL,WE,Federal Contract Tower,0,46,0,0,46,0,27,2,0,29,0,73,2,0,75,10,0,10,85
11/10/2022,ENA,AK,AAL,WE,Federal Contract Tower,2,65,6,0,73,2,3,4,0,9,4,68,10,0,82,0,0,0,82
11/11/2022,ENA,AK,AAL,WE,Federal Contract Tower,0,29,0,0,29,2,37,9,0,48,2,66,9,0,77,40,0,40,117
11/12/2022,ENA,AK,AAL,WE,Federal Contract Tower,0,14,2,0,16,0,22,4,0,26,0,36,6,0,42,22,0,22,64
11/13/2022,ENA,AK,AAL,WE,Federal Contract Tower,0,26,0,0,26,0,3,2,0,5,0,29,2,0,31,14,0,14,45
11/14/2022,ENA,AK,AAL,WE,Federal Contract Tower,0,16,2,0,18,0,44,18,0,62,0,60,20,0,80,86,0,86,166
11/15/2022,ENA,AK,AAL,WE,Federal Contract Tower,0,24,0,0,24,2,71,24,0,97,2,95,24,0,121,74,8,82,203
11/16/2022,ENA,AK,AAL,WE,Federal Contract Tower,0,25,0,0,25,1,62,22,0,85,1,87,22,0,110,68,4,72,182
11/17/2022,ENA,AK,AAL,WE,Federal Contract Tower,0,24,2,0,26,0,51,29,2,82,0,75,31,2,108,104,6,110,218
11/18/2022,ENA,AK,AAL,WE,Federal Contract Tower,0,24,0,0,24,0,58,17,0,75,0,82,17,0,99,44,0,44,143
11/19/2022,ENA,AK,AAL,WE,Federal Contract Tower,0,11,0,0,11,4,24,12,0,40,4,35,12,0,51,62,0,62,113
11/20/2022,ENA,AK,AAL,WE,Federal Contract Tower,0,6,0,0,6,0,14,7,0,21,0,20,7,0,27,38,0,38,65
11/21/2022,ENA,AK,AAL,WE,Federal Contract Tower,0,24,0,1,25,0,42,19,1,62,0,66,19,2,87,70,10,80,167
11/22/2022,ENA,AK,AAL,WE,Federal Contract Tower,0,78,0,0,78,0,2,1,0,3,0,80,1,0,81,0,0,0,81
11/23/2022,ENA,AK,AAL,WE,Federal Contract Tower,1,35,4,0,40,1,41,12,0,54,2,76,16,0,94,12,0,12,106
11/24/2022,ENA,AK,AAL,WE,Federal Contract Tower,0,6,0,0,6,0,9,0,0,9,0,15,0,0,15,10,0,10,25
11/25/2022,ENA,AK,AAL,WE,Federal Contract Tower,0,42,0,0,42,0,6,5,0,11,0,48,5,0,53,14,0,14,67
11/26/2022,ENA,AK,AAL,WE,Federal Contract Tower,0,12,0,0,12,0,23,13,1,37,0,35,13,1,49,12,8,20,69
11/27/2022,ENA,AK,AAL,WE,Federal Contract Tower,0,12,1,0,13,0,27,22,0,49,0,39,23,0,62,20,0,20,82
11/28/2022,ENA,AK,AAL,WE,Federal Contract Tower,0,21,2,0,23,0,69,25,0,94,0,90,27,0,117,108,0,108,225
11/29/2022,ENA,AK,AAL,WE,Federal Contract Tower,0,22,2,0,24,0,65,14,3,82,0,87,16,3,106,50,6,56,162
11/30/2022,ENA,AK,AAL,WE,Federal Contract Tower,0,34,0,0,34,0,52,15,0,67,0,86,15,0,101,42,0,42,143
12/01/2022,ENA,AK,AAL,WE,Federal Contract Tower,0,27,0,4,31,2,56,12,0,70,2,83,12,4,101,68,0,68,169
12/02/2022,ENA,AK,AAL,WE,Federal Contract Tower,0,24,0,0,24,0,51,11,0,62,0,75,11,0,86,56,0,56,142
12/03/2022,ENA,AK,AAL,WE,Federal Contract Tower,0,16,2,0,18,2,29,13,0,44,2,45,15,0,62,36,0,36,98
12/04/2022,ENA,AK,AAL,WE,Federal Contract Tower,0,14,0,6,20,0,16,2,0,18,0,30,2,6,38,18,0,18,56
12/05/2022,ENA,AK,AAL,WE,Federal Contract Tower,0,48,0,0,48,0,0,0,0,0,0,48,0,0,48,0,0,0,48
12/06/2022,ENA,AK,AAL,WE,Federal Contract Tower,0,46,1,0,47,0,2,0,0,2,0,48,1,0,49,0,0,0,49
12/07/2022,ENA,AK,AAL,WE,Federal Contract Tower,0,29,0,0,29,2,58,19,0,79,2,87,19,0,108,32,0,32,140
12/08/2022,ENA,AK,AAL,WE,Federal Contract Tower,0,18,2,0,20,4,56,25,2,87,4,74,27,2,107,64,6,70,177
12/09/2022,ENA,AK,AAL,WE,Federal Contract Tower,0,12,0,0,12,2,58,15,0,75,2,70,15,0,87,46,0,46,133
12/10/2022,ENA,AK,AAL,WE,Federal Contract Tower,0,13,4,0,17,0,25,11,0,36,0,38,15,0,53,22,0,22,75
12/11/2022,ENA,AK,AAL,WE,Federal Contract Tower,0,9,0,0,9,0,0,0,0,0,0,9,0,0,9,0,0,0,9
12/12/2022,ENA,AK,AAL,WE,Federal Contract Tower,0,12,0,0,12,0,20,7,0,27,0,32,7,0,39,6,10,16,55
12/13/2022,ENA,AK,AAL,WE,Federal Contract Tower,0,54,0,0,54,0,8,2,0,10,0,62,2,0,64,2,0,2,66
12/14/2022,ENA,AK,AAL,WE,Federal Contract Tower,0,67,0,0,67,0,5,0,0,5,0,72,0,0,72,2,0,2,74
12/15/2022,ENA,AK,AAL,WE,Federal Contract Tower,0,34,1,0,35,0,45,10,0,55,0,79,11,0,90,12,0,12,102
12/16/2022,ENA,AK,AAL,WE,Federal Contract Tower,0,21,0,0,21,1,48,27,0,76,1,69,27,0,97,18,0,18,115
12/17/2022,ENA,AK,AAL,WE,Federal Contract Tower,0,17,0,0,17,0,14,10,0,24,0,31,10,0,41,16,0,16,57
12/18/2022,ENA,AK,AAL,WE,Federal Contract Tower,0,7,0,0,7,0,21,4,0,25,0,28,4,0,32,28,0,28,60
12/19/2022,ENA,AK,AAL,WE,Federal Contract Tower,0,31,0,2,33,0,35,6,0,41,0,66,6,2,74,36,22,58,132
12/20/2022,ENA,AK,AAL,WE,Federal Contract Tower,0,23,0,0,23,2,55,0,0,57,2,78,0,0,80,30,16,46,126
12/21/2022,ENA,AK,AAL,WE,Federal Contract Tower,0,22,0,0,22,3,59,10,0,72,3,81,10,0,94,74,0,74,168
12/22/2022,ENA,AK,AAL,WE,Federal Contract Tower,0,21,0,0,21,2,63,8,0,73,2,84,8,0,94,30,0,30,124
12/23/2022,ENA,AK,AAL,WE,Federal Contract Tower,0,11,0,0,11,0,20,2,0,22,0,31,2,0,33,0,0,0,33
12/24/2022,ENA,AK,AAL,WE,Federal Contract Tower,0,4,0,0,4,0,24,4,0,28,0,28,4,0,32,4,0,4,36
12/25/2022,ENA,AK,AAL,WE,Federal Contract Tower,0,0,0,0,0,0,2,2,0,4,0,2,2,0,4,0,0,0,4
12/26/2022,ENA,AK,AAL,WE,Federal Contract Tower,0,11,0,0,11,0,36,6,0,42,0,47,6,0,53,30,0,30,83
12/27/2022,ENA,AK,AAL,WE,Federal Contract Tower,0,44,0,0,44,0,5,0,0,5,0,49,0,0,49,4,0,4,53
12/28/2022,ENA,AK,AAL,WE,Federal Contract Tower,0,15,0,0,15,0,56,24,0,80,0,71,24,0,95,64,0,64,159
12/29/2022,ENA,AK,AAL,WE,Federal Contract Tower,0,12,0,0,12,0,56,10,0,66,0,68,10,0,78,50,6,56,134
12/30/2022,ENA,AK,AAL,WE,Federal Contract Tower,0,9,1,0,10,1,53,17,0,71,1,62,18,0,81,60,0,60,141
12/31/2022,ENA,AK,AAL,WE,Federal Contract Tower,0,2,0,0,2,0,25,14,0,39,0,27,14,0,41,48,0,48,89
01/01/2023,ENA,AK,AAL,WE,Federal Contract Tower,0,4,0,0,4,0,2,1,0,3,0,6,1,0,7,6,0,6,13
01/02/2023,ENA,AK,AAL,WE,Federal Contract Tower,0,6,2,0,8,0,50,21,0,71,0,56,23,0,79,44,2,46,125
01/03/2023,ENA,AK,AAL,WE,Federal Contract Tower,0,14,0,0,14,0,55,13,0,68,0,69,13,0,82,54,0,54,136
01/04/2023,ENA,AK,AAL,WE,Federal Contract Tower,0,10,1,1,12,2,65,15,2,84,2,75,16,3,96,38,10,48,144
01/05/2023,ENA,AK,AAL,WE,Federal Contract Tower,0,11,0,3,14,0,82,22,0,104,0,93,22,3,118,86,16,102,220
01/06/2023,ENA,AK,AAL,WE,Federal Contract Tower,0,24,0,0,24,1,43,19,1,64,1,67,19,1,88,72,0,72,160
01/07/2023,ENA,AK,AAL,WE,Federal Contract Tower,0,4,0,0,4,2,30,21,0,53,2,34,21,0,57,34,0,34,91
01/08/2023,ENA,AK,AAL,WE,Federal Contract Tower,0,16,0,0,16,0,17,13,0,30,0,33,13,0,46,62,2,64,110
01/09/2023,ENA,AK,AAL,WE,Federal Contract Tower,0,9,0,0,9,0,52,16,2,70,0,61,16,2,79,14,4,18,97
01/10/2023,ENA,AK,AAL,WE,Federal Contract Tower,0,17,5,2,24,0,53,12,0,65,0,70,17,2,89,34,14,48,137
01/11/2023,ENA,AK,AAL,WE,Federal Contract Tower,0,43,7,0,50,0,23,1,0,24,0,66,8,0,74,0,0,0,74
01/12/2023,ENA,AK,AAL,WE,Federal Contract Tower,0,21,0,0,21,0,67,34,0,101,0,88,34,0,122,70,0,70,192
01/13/2023,ENA,AK,AAL,WE,Federal Contract Tower,0,17,2,2,21,2,49,35,0,86,2,66,37,2,107,60,0,60,167
01/14/2023,ENA,AK,AAL,WE,Federal Contract Tower,0,23,2,0,25,0,2,3,0,5,0,25,5,0,30,6,0,6,36
01/15/2023,ENA,AK,AAL,WE,Federal Contract Tower,0,6,2,0,8,0,25,17,0,42,0,31,19,0,50,46,0,46,96
01/16/2023,ENA,AK,AAL,WE,Federal Contract Tower,0,15,7,0,22,4,54,38,0,96,4,69,45,0,118,76,0,76,194
01/17/2023,ENA,AK,AAL,WE,Federal Contract Tower,0,21,1,0,22,4,65,30,0,99,4,86,31,0,121,52,6,58,179
01/18/2023,ENA,AK,AAL,WE,Federal Contract Tower,0,24,2,0,26,1,48,34,0,83,1,72,36,0,109,48,0,48,157
01/19/2023,ENA,AK,AAL,WE,Federal Contract Tower,0,24,0,0,24,0,58,22,0,80,0,82,22,0,104,50,8,58,162
01/20/2023,ENA,AK,AAL,WE,Federal Contract Tower,0,45,1,1,47,0,28,13,1,42,0,73,14,2,89,24,6,30,119
01/21/2023,ENA,AK,AAL,WE,Federal Contract Tower,0,9,2,0,11,5,20,40,0,65,5,29,42,0,76,54,0,54,130
01/22/2023,ENA,AK,AAL,WE,Federal Contract Tower,0,15,0,0,15,0,18,5,0,23,0,33,5,0,38,12,0,12,50
01/23/2023,ENA,AK,AAL,WE,Federal Contract Tower,0,48,0,0,48,0,14,7,0,21,0,62,7,0,69,10,0,10,79
01/24/2023,ENA,AK,AAL,WE,Federal Contract Tower,0,29,0,0,29,0,52,23,0,75,0,81,23,0,104,50,0,50,154
01/25/2023,ENA,AK,AAL,WE,Federal Contract Tower,0,30,0,6,36,0,41,27,1,69,0,71,27,7,105,32,36,68,173
01/26/2023,ENA,AK,AAL,WE,Federal Contract Tower,0,21,0,0,21,5,44,26,0,75,5,65,26,0,96,78,0,78,174
01/27/2023,ENA,AK,AAL,WE,Federal Contract Tower,0,42,0,0,42,6,38,26,0,70,6,80,26,0,112,54,0,54,166
01/28/2023,ENA,AK,AAL,WE,Federal Contract Tower,0,22,2,0,24,8,24,15,0,47,8,46,17,0,71,46,0,46,117
01/29/2023,ENA,AK,AAL,WE,Federal Contract Tower,0,22,0,0,22,0,13,6,0,19,0,35,6,0,41,42,0,42,83
01/30/2023,ENA,AK,AAL,WE,Federal Contract Tower,0,33,0,0,33,0,40,17,0,57,0,73,17,0,90,24,18,42,132
01/31/2023,ENA,AK,AAL,WE,Federal Contract Tower,2,23,2,0,27,2,23,26,0,51,4,46,28,0,78,60,4,64,142
02/01/2023,ENA,AK,AAL,WE,Federal Contract Tower,0,59,0,6,65,0,30,9,2,41,0,89,9,8,106,32,6,38,144
02/02/2023,ENA,AK,AAL,WE,Federal Contract Tower,0,65,2,0,67,0,6,14,0,20,0,71,16,0,87,6,0,6,93
02/03/2023,ENA,AK,AAL,WE,Federal Contract Tower,49,0,0,0,49,0,11,2,0,13,49,11,2,0,62,10,0,10,72
02/04/2023,ENA,AK,AAL,WE,Federal Contract Tower,0,26,0,0,26,0,8,10,0,18,0,34,10,0,44,60,0,60,104
02/05/2023,ENA,AK,AAL,WE,Federal Contract Tower,0,10,0,0,10,0,17,2,0,19,0,27,2,0,29,6,0,6,35
02/06/2023,ENA,AK,AAL,WE,Federal Contract Tower,0,50,0,0,50,0,9,0,0,9,0,59,0,0,59,8,0,8,67
02/07/2023,ENA,AK,AAL,WE,Federal Contract Tower,0,59,1,0,60,0,10,3,0,13,0,69,4,0,73,2,0,2,75
02/08/2023,ENA,AK,AAL,WE,Federal Contract Tower,0,44,0,0,44,6,38,29,0,73,6,82,29,0,117,52,0,52,169
02/09/2023,ENA,AK,AAL,WE,Federal Contract Tower,0,68,0,0,68,4,26,6,0,36,4,94,6,0,104,32,0,32,136
02/10/2023,ENA,AK,AAL,WE,Federal Contract Tower,0,37,0,0,37,0,29,1,0,30,0,66,1,0,67,0,0,0,67
02/11/2023,ENA,AK,AAL,WE,Federal Contract Tower,0,28,0,0,28,0,4,0,0,4,0,32,0,0,32,0,0,0,32
02/12/2023,ENA,AK,AAL,WE,Federal Contract Tower,0,23,0,0,23,0,7,8,0,15,0,30,8,0,38,20,0,20,58
02/13/2023,ENA,AK,AAL,WE,Federal Contract Tower,0,24,2,0,26,2,68,23,0,93,2,92,25,0,119,66,0,66,185
02/14/2023,ENA,AK,AAL,WE,Federal Contract Tower,0,47,0,0,47,0,14,0,0,14,0,61,0,0,61,8,0,8,69
02/15/2023,ENA,AK,AAL,WE,Federal Contract Tower,0,76,1,0,77,2,17,11,0,30,2,93,12,0,107,12,0,12,119
02/16/2023,ENA,AK,AAL,WE,Federal Contract Tower,0,40,0,0,40,2,40,31,0,73,2,80,31,0,113,76,0,76,189
02/17/2023,ENA,AK,AAL,WE,Federal Contract Tower,0,42,0,0,42,0,21,16,0,37,0,63,16,0,79,10,0,10,89
02/18/2023,ENA,AK,AAL,WE,Federal Contract Tower,0,17,0,2,19,0,0,0,0,0,0,17,0,2,19,0,0,0,19
02/19/2023,ENA,AK,AAL,WE,Federal Contract Tower,0,29,0,0,29,0,5,7,0,12,0,34,7,0,41,32,0,32,73
02/20/2023,ENA,AK,AAL,WE,Federal Contract Tower,0,36,3,0,39,0,47,36,0,83,0,83,39,0,122,82,0,82,204
02/21/2023,ENA,AK,AAL,WE,Federal Contract Tower,0,28,1,0,29,2,60,26,0,88,2,88,27,0,117,62,2,64,181
02/22/2023,ENA,AK,AAL,WE,Federal Contract Tower,0,28,3,0,31,1,47,14,0,62,1,75,17,0,93,48,0,48,141
02/23/2023,ENA,AK,AAL,WE,Federal Contract Tower,0,58,3,0,61,0,2,0,0,2,0,60,3,0,63,0,0,0,63
02/24/2023,ENA,AK,AAL,WE,Federal Contract Tower,0,54,0,0,54,0,4,0,0,4,0,58,0,0,58,4,0,4,62
02/25/2023,ENA,AK,AAL,WE,Federal Contract Tower,0,20,0,0,20,0,33,14,0,47,0,53,14,0,67,84,0,84,151
02/26/2023,ENA,AK,AAL,WE,Federal Contract Tower,0,12,4,0,16,0,25,18,0,43,0,37,22,0,59,44,0,44,103
02/27/2023,ENA,AK,AAL,WE,Federal Contract Tower,0,22,0,5,27,0,61,39,0,100,0,83,39,5,127,86,8,94,221
02/28/2023,ENA,AK,AAL,WE,Federal Contract Tower,0,41,0,0,41,0,3,0,0,3,0,44,0,0,44,0,0,0,44
03/01/2023,ENA,AK,AAL,WE,Federal Contract Tower,0,39,0,2,41,5,42,9,0,56,5,81,9,2,97,18,0,18,115
03/02/2023,ENA,AK,AAL,WE,Federal Contract Tower,0,14,0,0,14,4,60,29,0,93,4,74,29,0,107,76,4,80,187
03/03/2023,ENA,AK,AAL,WE,Federal Contract Tower,0,17,2,2,21,5,60,41,2,108,5,77,43,4,129,54,12,66,195
03/04/2023,ENA,AK,AAL,WE,Federal Contract Tower,0,6,1,0,7,3,38,29,0,70,3,44,30,0,77,58,0,58,135
03/05/2023,ENA,AK,AAL,WE,Federal Contract Tower,0,9,0,0,9,0,27,29,0,56,0,36,29,0,65,82,0,82,147
03/06/2023,ENA,AK,AAL,WE,Federal Contract Tower,0,20,0,0,20,4,65,17,0,86,4,85,17,0,106,86,2,88,194
03/07/2023,ENA,AK,AAL,WE,Federal Contract Tower,0,16,1,0,17,1,61,25,0,87,1,77,26,0,104,46,0,46,150
03/08/2023,ENA,AK,AAL,WE,Federal Contract Tower,0,26,2,0,28,0,50,43,0,93,0,76,45,0,121,112,0,112,233
03/09/2023,ENA,AK,AAL,WE,Federal Contract Tower,0,20,6,0,26,0,62,35,0,97,0,82,41,0,123,98,0,98,221
03/10/2023,ENA,AK,AAL,WE,Federal Contract Tower,0,18,0,0,18,0,51,4,0,55,0,69,4,0,73,50,0,50,123
03/11/2023,ENA,AK,AAL,WE,Federal Contract Tower,0,8,2,0,10,2,37,40,0,79,2,45,42,0,89,106,0,106,195
03/12/2023,ENA,AK,AAL,WE,Federal Contract Tower,0,9,3,0,12,0,23,15,0,38,0,32,18,0,50,68,0,68,118
03/13/2023,ENA,AK,AAL,WE,Federal Contract Tower,0,15,2,0,17,4,54,29,0,87,4,69,31,0,104,58,0,58,162
03/14/2023,ENA,AK,AAL,WE,Federal Contract Tower,0,17,4,0,21,5,50,14,0,69,5,67,18,0,90,52,2,54,144
03/15/2023,ENA,AK,AAL,WE,Federal Contract Tower,0,23,0,0,23,2,60,16,0,78,2,83,16,0,101,84,10,94,195
03/16/2023,ENA,AK,AAL,WE,Federal Contract Tower,0,18,4,0,22,0,54,22,0,76,0,72,26,0,98,90,4,94,192
03/17/2023,ENA,AK,AAL,WE,Federal Contract Tower,0,26,0,0,26,0,10,4,0,14,0,36,4,0,40,0,0,0,40
03/18/2023,ENA,AK,AAL,WE,Federal Contract Tower,0,6,0,0,6,0,22,6,0,28,0,28,6,0,34,38,0,38,72
03/19/2023,ENA,AK,AAL,WE,Federal Contract Tower,0,11,0,0,11,0,24,18,0,42,0,35,18,0,53,52,0,52,105
03/20/2023,ENA,AK,AAL,WE,Federal Contract Tower,0,21,2,0,23,0,55,33,0,88,0,76,35,0,111,76,6,82,193
03/21/2023,ENA,AK,AAL,WE,Federal Contract Tower,0,20,0,0,20,2,62,20,0,84,2,82,20,0,104,84,4,88,192
03/22/2023,ENA,AK,AAL,WE,Federal Contract Tower,0,31,4,0,35,0,38,5,0,43,0,69,9,0,78,18,0,18,96
03/23/2023,ENA,AK,AAL,WE,Federal Contract Tower,0,21,2,4,27,0,60,17,2,79,0,81,19,6,106,88,2,90,196
03/24/2023,ENA,AK,AAL,WE,Federal Contract Tower,0,33,0,0,33,0,42,13,0,55,0,75,13,0,88,56,0,56,144
03/25/2023,ENA,AK,AAL,WE,Federal Contract Tower,0,7,6,0,13,0,29,43,0,72,0,36,49,0,85,88,2,90,175
03/26/2023,ENA,AK,AAL,WE,Federal Contract Tower,0,8,3,0,11,0,19,18,0,37,0,27,21,0,48,54,0,54,102
03/27/2023,ENA,AK,AAL,WE,Federal Contract Tower,0,28,0,0,28,0,61,26,2,89,0,89,26,2,117,94,0,94,211
03/28/2023,ENA,AK,AAL,WE,Federal Contract Tower,0,40,0,0,40,0,29,15,0,44,0,69,15,0,84,44,8,52,136
03/29/2023,ENA,AK,AAL,WE,Federal Contract Tower,0,41,0,0,41,0,51,27,0,78,0,92,27,0,119,84,0,84,203
03/30/2023,ENA,AK,AAL,WE,Federal Contract Tower,0,57,10,0,67,0,11,6,0,17,0,68,16,0,84,26,0,26,110
03/31/2023,ENA,AK,AAL,WE,Federal Contract Tower,0,37,0,0,37,0,51,13,0,64,0,88,13,0,101,94,0,94,195
04/01/2023,ENA,AK,AAL,WE,Federal Contract Tower,0,9,0,0,9,3,51,36,2,92,3,60,36,2,101,116,0,116,217
04/02/2023,ENA,AK,AAL,WE,Federal Contract Tower,0,7,1,0,8,0,25,17,0,42,0,32,18,0,50,136,0,136,186
04/03/2023,ENA,AK,AAL,WE,Federal Contract Tower,0,16,0,0,16,0,67,19,0,86,0,83,19,0,102,80,0,80,182
04/04/2023,ENA,AK,AAL,WE,Federal Contract Tower,0,26,0,0,26,0,62,17,0,79,0,88,17,0,105,86,0,86,191
04/05/2023,ENA,AK,AAL,WE,Federal Contract Tower,0,53,0,0,53,2,18,17,0,37,2,71,17,0,90,34,0,34,124
04/06/2023,ENA,AK,AAL,WE,Federal Contract Tower,3,50,0,0,53,8,62,32,0,102,11,112,32,0,155,106,0,106,261
04/07/2023,ENA,AK,AAL,WE,Federal Contract Tower,0,19,0,0,19,3,64,36,2,105,3,83,36,2,124,78,0,78,202
04/08/2023,ENA,AK,AAL,WE,Federal Contract Tower,0,10,0,0,10,4,27,23,0,54,4,37,23,0,64,32,0,32,96
04/09/2023,ENA,AK,AAL,WE,Federal Contract Tower,0,17,2,0,19,0,14,6,0,20,0,31,8,0,39,34,0,34,73
04/10/2023,ENA,AK,AAL,WE,Federal Contract Tower,1,38,0,0,39,1,21,0,0,22,2,59,0,0,61,2,0,2,63
04/11/2023,ENA,AK,AAL,WE,Federal Contract Tower,2,49,0,2,53,0,26,14,2,42,2,75,14,4,95,20,14,34,129
04/12/2023,ENA,AK,AAL,WE,Federal Contract Tower,0,39,3,0,42,3,38,32,0,73,3,77,35,0,115,56,2,58,173
04/13/2023,ENA,AK,AAL,WE,Federal Contract Tower,1,57,0,0,58,0,6,2,0,8,1,63,2,0,66,4,0,4,70
04/14/2023,ENA,AK,AAL,WE,Federal Contract Tower,0,46,0,0,46,0,19,2,0,21,0,65,2,0,67,22,0,22,89
04/15/2023,ENA,AK,AAL,WE,Federal Contract Tower,0,5,7,0,12,2,53,24,0,79,2,58,31,0,91,88,0,88,179
04/16/2023,ENA,AK,AAL,WE,Federal Contract Tower,0,11,0,0,11,0,40,15,0,55,0,51,15,0,66,46,0,46,112
04/17/2023,ENA,AK,AAL,WE,Federal Contract Tower,0,13,0,1,14,0,78,35,0,113,0,91,35,1,127,126,2,128,255
04/18/2023,ENA,AK,AAL,WE,Federal Contract Tower,0,18,3,0,21,0,69,42,0,111,0,87,45,0,132,54,0,54,186
04/19/2023,ENA,AK,AAL,WE,Federal Contract Tower,0,20,0,1,21,6,57,52,3,118,6,77,52,4,139,76,10,86,225
04/20/2023,ENA,AK,AAL,WE,Federal Contract Tower,0,17,2,0,19,5,72,40,0,117,5,89,42,0,136,96,0,96,232
04/21/2023,ENA,AK,AAL,WE,Federal Contract Tower,0,16,2,0,18,6,51,43,0,100,6,67,45,0,118,96,0,96,214
04/22/2023,ENA,AK,AAL,WE,Federal Contract Tower,0,7,2,0,9,3,36,21,0,60,3,43,23,0,69,26,0,26,95
04/23/2023,ENA,AK,AAL,WE,Federal Contract Tower,0,16,0,0,16,0,34,3,0,37,0,50,3,0,53,48,0,48,101
04/24/2023,ENA,AK,AAL,WE,Federal Contract Tower,0,17,4,4,25,5,73,46,0,124,5,90,50,4,149,38,0,38,187
04/25/2023,ENA,AK,AAL,WE,Federal Contract Tower,0,24,4,0,28,12,61,22,0,95,12,85,26,0,123,77,0,77,200
04/26/2023,ENA,AK,AAL,WE,Federal Contract Tower,0,22,3,3,28,0,59,27,0,86,0,81,30,3,114,92,8,100,214
04/27/2023,ENA,AK,AAL,WE,Federal Contract Tower,0,14,0,0,14,0,62,42,0,104,0,76,42,0,118,142,4,146,264
04/28/2023,ENA,AK,AAL,WE,Federal Contract Tower,0,17,1,0,18,0,64,32,0,96,0,81,33,0,114,84,0,84,198
04/29/2023,ENA,AK,AAL,WE,Federal Contract Tower,0,4,0,0,4,0,34,36,0,70,0,38,36,0,74,28,0,28,102
04/30/2023,ENA,AK,AAL,WE,Federal Contract Tower,0,14,1,0,15,0,24,34,0,58,0,38,35,0,73,64,0,64,137
05/01/2023,ENA,AK,AAL,WE,Federal Contract Tower,0,23,0,0,23,0,77,26,2,105,0,100,26,2,128,94,0,94,222
05/02/2023,ENA,AK,AAL,WE,Federal Contract Tower,0,17,1,0,18,5,67,21,0,93,5,84,22,0,111,90,0,90,201
05/03/2023,ENA,AK,AAL,WE,Federal Contract Tower,0,46,0,3,49,0,46,28,5,79,0,92,28,8,128,108,2,110,238
05/04/2023,ENA,AK,AAL,WE,Federal Contract Tower,0,20,2,0,22,4,86,48,0,138,4,106,50,0,160,159,0,159,319
05/05/2023,ENA,AK,AAL,WE,Federal Contract Tower,0,14,3,3,20,3,85,53,1,142,3,99,56,4,162,105,12,117,279
05/06/2023,ENA,AK,AAL,WE,Federal Contract Tower,0,19,0,0,19,0,35,19,0,54,0,54,19,0,73,56,0,56,129
05/07/2023,ENA,AK,AAL,WE,Federal Contract Tower,0,14,0,0,14,0,43,35,0,78,0,57,35,0,92,68,0,68,160
05/08/2023,ENA,AK,AAL,WE,Federal Contract Tower,0,12,2,0,14,2,66,39,0,107,2,78,41,0,121,70,0,70,191
05/09/2023,ENA,AK,AAL,WE,Federal Contract Tower,0,18,0,1,19,2,64,22,3,91,2,82,22,4,110,71,26,97,207
05/10/2023,ENA,AK,AAL,WE,Federal Contract Tower,0,14,1,0,15,2,82,27,0,111,2,96,28,0,126,105,0,105,231
05/11/2023,ENA,AK,AAL,WE,Federal Contract Tower,0,22,2,0,24,4,91,65,2,162,4,113,67,2,186,242,0,242,428
05/12/2023,ENA,AK,AAL,WE,Federal Contract Tower,0,15,6,0,21,3,72,39,1,115,3,87,45,1,136,113,0,113,249
05/13/2023,ENA,AK,AAL,WE,Federal Contract Tower,0,4,3,0,7,0,46,44,0,90,0,50,47,0,97,48,0,48,145
05/14/2023,ENA,AK,AAL,WE,Federal Contract Tower,0,4,0,0,4,0,30,26,0,56,0,34,26,0,60,32,0,32,92
05/15/2023,ENA,AK,AAL,WE,Federal Contract Tower,0,18,2,1,21,1,90,44,0,135,1,108,46,1,156,78,8,86,242
05/16/2023,ENA,AK,AAL,WE,Federal Contract Tower,0,47,5,4,56,0,55,28,0,83,0,102,33,4,139,42,0,42,181
05/17/2023,ENA,AK,AAL,WE,Federal Contract Tower,0,22,2,0,24,0,57,84,0,141,0,79,86,0,165,84,0,84,249
05/18/2023,ENA,AK,AAL,WE,Federal Contract Tower,0,17,2,1,20,4,88,70,2,164,4,105,72,3,184,203,10,213,397
05/19/2023,ENA,AK,AAL,WE,Federal Contract Tower,0,22,4,0,26,3,67,37,0,107,3,89,41,0,133,88,0,88,221
05/20/2023,ENA,AK,AAL,WE,Federal Contract Tower,0,8,2,2,12,0,53,40,3,96,0,61,42,5,108,110,14,124,232
05/21/2023,ENA,AK,AAL,WE,Federal Contract Tower,0,12,1,2,15,0,38,60,0,98,0,50,61,2,113,98,2,100,213
05/22/2023,ENA,AK,AAL,WE,Federal Contract Tower,0,12,2,2,16,1,73,46,0,120,1,85,48,2,136,98,0,98,234
05/23/2023,ENA,AK,AAL,WE,Federal Contract Tower,0,22,3,0,25,0,100,27,0,127,0,122,30,0,152,117,2,119,271
05/24/2023,ENA,AK,AAL,WE,Federal Contract Tower,0,22,2,2,26,0,66,53,8,127,0,88,55,10,153,96,8,104,257
05/25/2023,ENA,AK,AAL,WE,Federal Contract Tower,0,57,10,0,67,0,26,10,1,37,0,83,20,1,104,10,4,14,118
05/26/2023,ENA,AK,AAL,WE,Federal Contract Tower,0,62,3,0,65,3,29,12,0,44,3,91,15,0,109,40,0,40,149
05/27/2023,ENA,AK,AAL,WE,Federal Contract Tower,0,16,0,0,16,0,38,27,0,65,0,54,27,0,81,38,0,38,119
05/28/2023,ENA,AK,AAL,WE,Federal Contract Tower,0,19,0,0,19,0,26,30,0,56,0,45,30,0,75,26,0,26,101
05/29/2023,ENA,AK,AAL,WE,Federal Contract Tower,0,12,1,0,13,0,65,53,0,118,0,77,54,0,131,102,0,102,233
05/31/2023,ENA,AK,AAL,WE,Federal Contract Tower,0,21,1,0,22,4,76,43,0,123,4,97,44,0,145,79,8,87,232
06/01/2023,ENA,AK,AAL,WE,Federal Contract Tower,0,22,0,3,25,3,77,39,0,119,3,99,39,3,144,56,12,68,212
06/02/2023,ENA,AK,AAL,WE,Federal Contract Tower,0,23,0,0,23,0,69,21,0,90,0,92,21,0,113,90,0,90,203
06/03/2023,ENA,AK,AAL,WE,Federal Contract Tower,0,12,7,0,19,2,40,37,0,79,2,52,44,0,98,53,0,53,151
06/04/2023,ENA,AK,AAL,WE,Federal Contract Tower,0,12,4,0,16,0,31,52,0,83,0,43,56,0,99,44,0,44,143
06/05/2023,ENA,AK,AAL,WE,Federal Contract Tower,0,18,6,0,24,2,86,38,0,126,2,104,44,0,150,121,0,121,271
06/06/2023,ENA,AK,AAL,WE,Federal Contract Tower,0,17,1,4,22,3,92,29,0,124,3,109,30,4,146,33,0,33,179
06/07/2023,ENA,AK,AAL,WE,Federal Contract Tower,1,20,0,0,21,3,79,37,0,119,4,99,37,0,140,84,0,84,224
06/08/2023,ENA,AK,AAL,WE,Federal Contract Tower,1,31,2,0,34,4,56,36,0,96,5,87,38,0,130,71,0,71,201
06/09/2023,ENA,AK,AAL,WE,Federal Contract Tower,0,22,0,1,23,1,66,61,0,128,1,88,61,1,151,95,2,97,248
06/10/2023,ENA,AK,AAL,WE,Federal Contract Tower,0,13,3,0,16,0,56,85,0,141,0,69,88,0,157,43,0,43,200
06/11/2023,ENA,AK,AAL,WE,Federal Contract Tower,0,6,0,0,6,0,41,13,0,54,0,47,13,0,60,58,0,58,118
06/12/2023,ENA,AK,AAL,WE,Federal Contract Tower,0,10,6,6,22,0,74,30,2,106,0,84,36,8,128,101,8,109,237
06/13/2023,ENA,AK,AAL,WE,Federal Contract Tower,0,26,2,5,33,85,30,0,0,115,85,56,2,5,148,43,14,57,205
06/14/2023,ENA,AK,AAL,WE,Federal Contract Tower,0,17,2,0,19,4,74,51,0,129,4,91,53,0,148,45,8,53,201
06/15/2023,ENA,AK,AAL,WE,Federal Contract Tower,0,20,0,0,20,0,75,49,0,124,0,95,49,0,144,74,0,74,218
06/16/2023,ENA,AK,AAL,WE,Federal Contract Tower,0,19,0,0,19,4,70,51,0,125,4,89,51,0,144,117,0,117,261
06/17/2023,ENA,AK,AAL,WE,Federal Contract Tower,0,10,2,0,12,4,33,49,0,86,4,43,51,0,98,47,0,47,145
06/18/2023,ENA,AK,AAL,WE,Federal Contract Tower,0,10,2,0,12,0,39,47,0,86,0,49,49,0,98,40,0,40,138
06/19/2023,ENA,AK,AAL,WE,Federal Contract Tower,0,18,0,0,18,5,75,64,0,144,5,93,64,0,162,65,0,65,227
06/21/2023,ENA,AK,AAL,WE,Federal Contract Tower,0,87,5,0,92,0,9,4,0,13,0,96,9,0,105,22,0,22,127
06/22/2023,ENA,AK,AAL,WE,Federal Contract Tower,0,69,5,1,75,0,22,5,1,28,0,91,10,2,103,14,2,16,119
06/23/2023,ENA,AK,AAL,WE,Federal Contract Tower,0,27,0,0,27,2,75,53,0,130,2,102,53,0,157,115,0,115,272
06/24/2023,ENA,AK,AAL,WE,Federal Contract Tower,0,25,1,0,26,2,45,24,0,71,2,70,25,0,97,89,0,89,186
06/25/2023,ENA,AK,AAL,WE,Federal Contract Tower,0,16,0,0,16,0,39,15,0,54,0,55,15,0,70,48,0,48,118
06/26/2023,ENA,AK,AAL,WE,Federal Contract Tower,0,18,2,0,20,3,74,54,0,131,3,92,56,0,151,58,14,72,223
06/27/2023,ENA,AK,AAL,WE,Federal Contract Tower,0,56,4,2,62,0,46,4,0,50,0,102,8,2,112,32,0,32,144
06/28/2023,ENA,AK,AAL,WE,Federal Contract Tower,0,77,7,1,85,0,28,23,0,51,0,105,30,1,136,42,0,42,178
06/29/2023,ENA,AK,AAL,WE,Federal Contract Tower,0,70,4,0,74,0,22,23,0,45,0,92,27,0,119,36,0,36,155
06/30/2023,ENA,AK,AAL,WE,Federal Contract Tower,0,29,1,0,30,5,88,75,0,168,5,117,76,0,198,70,0,70,268
07/01/2023,ENA,AK,AAL,WE,Federal Contract Tower,0,15,0,0,15,1,59,76,0,136,1,74,76,0,151,76,0,76,227
07/02/2023,ENA,AK,AAL,WE,Federal Contract Tower,0,7,2,0,9,0,37,21,0,58,0,44,23,0,67,24,0,24,91
07/03/2023,ENA,AK,AAL,WE,Federal Contract Tower,0,31,1,0,32,2,67,25,0,94,2,98,26,0,126,80,8,88,214
07/04/2023,ENA,AK,AAL,WE,Federal Contract Tower,0,18,3,0,21,0,29,27,0,56,0,47,30,0,77,6,0,6,83
07/05/2023,ENA,AK,AAL,WE,Federal Contract Tower,1,33,3,0,37,0,70,40,0,110,1,103,43,0,147,136,0,136,283
07/06/2023,ENA,AK,AAL,WE,Federal Contract Tower,0,88,3,0,91,0,0,1,0,1,0,88,4,0,92,0,0,0,92
07/07/2023,ENA,AK,AAL,WE,Federal Contract Tower,0,42,0,0,42,0,72,43,0,115,0,114,43,0,157,84,0,84,241
07/08/2023,ENA,AK,AAL,WE,Federal Contract Tower,0,15,5,0,20,2,65,54,0,121,2,80,59,0,141,76,0,76,217
07/09/2023,ENA,AK,AAL,WE,Federal Contract Tower,0,15,4,0,19,0,45,55,0,100,0,60,59,0,119,37,0,37,156
07/10/2023,ENA,AK,AAL,WE,Federal Contract Tower,0,66,4,0,70,0,22,24,0,46,0,88,28,0,116,52,0,52,168
07/11/2023,ENA,AK,AAL,WE,Federal Contract Tower,0,33,2,2,37,0,68,36,0,104,0,101,38,2,141,110,0,110,251
07/12/2023,ENA,AK,AAL,WE,Federal Contract Tower,0,42,1,2,45,6,68,75,2,151,6,110,76,4,196,78,6,84,280
07/13/2023,ENA,AK,AAL,WE,Federal Contract Tower,0,29,4,0,33,3,83,81,0,167,3,112,85,0,200,98,0,98,298
07/14/2023,ENA,AK,AAL,WE,Federal Contract Tower,0,29,5,0,34,0,78,46,0,124,0,107,51,0,158,110,4,114,272
07/15/2023,ENA,AK,AAL,WE,Federal Contract Tower,0,55,0,0,55,0,0,0,0,0,0,55,0,0,55,0,0,0,55
07/16/2023,ENA,AK,AAL,WE,Federal Contract Tower,0,42,0,0,42,0,27,8,0,35,0,69,8,0,77,56,0,56,133
07/17/2023,ENA,AK,AAL,WE,Federal Contract Tower,0,38,4,1,43,0,62,44,1,107,0,100,48,2,150,130,8,138,288
07/18/2023,ENA,AK,AAL,WE,Federal Contract Tower,0,28,2,0,30,4,75,70,0,149,4,103,72,0,179,106,0,106,285
07/19/2023,ENA,AK,AAL,WE,Federal Contract Tower,0,37,2,1,40,0,56,39,0,95,0,93,41,1,135,70,0,70,205
07/20/2023,ENA,AK,AAL,WE,Federal Contract Tower,0,51,5,2,58,0,42,44,0,86,0,93,49,2,144,124,0,124,268
07/21/2023,ENA,AK,AAL,WE,Federal Contract Tower,0,36,8,0,44,0,77,104,0,181,0,113,112,0,225,104,0,104,329
07/22/2023,ENA,AK,AAL,WE,Federal Contract Tower,0,19,2,0,21,0,49,77,0,126,0,68,79,0,147,100,0,100,247
07/23/2023,ENA,AK,AAL,WE,Federal Contract Tower,0,22,1,0,23,0,31,48,0,79,0,53,49,0,102,18,0,18,120
07/24/2023,ENA,AK,AAL,WE,Federal Contract Tower,0,26,9,3,38,0,76,54,3,133,0,102,63,6,171,72,10,82,253
07/25/2023,ENA,AK,AAL,WE,Federal Contract Tower,0,29,6,0,35,0,75,62,0,137,0,104,68,0,172,43,2,45,217
07/26/2023,ENA,AK,AAL,WE,Federal Contract Tower,4,65,25,0,94,0,14,10,0,24,4,79,35,0,118,28,0,28,146
07/27/2023,ENA,AK,AAL,WE,Federal Contract Tower,0,41,2,0,43,0,72,37,0,109,0,113,39,0,152,74,10,84,236
07/28/2023,ENA,AK,AAL,WE,Federal Contract Tower,0,57,11,0,68,0,45,32,0,77,0,102,43,0,145,24,0,24,169
07/29/2023,ENA,AK,AAL,WE,Federal Contract Tower,0,52,8,0,60,0,19,16,0,35,0,71,24,0,95,24,0,24,119
07/30/2023,ENA,AK,AAL,WE,Federal Contract Tower,0,28,4,0,32,0,49,33,0,82,0,77,37,0,114,42,0,42,156
07/31/2023,ENA,AK,AAL,WE,Federal Contract Tower,0,34,0,0,34,0,73,33,0,106,0,107,33,0,140,90,8,98,238
08/01/2023,ENA,AK,AAL,WE,Federal Contract Tower,0,32,0,0,32,0,94,49,0,143,0,126,49,0,175,58,0,58,233
08/02/2023,ENA,AK,AAL,WE,Federal Contract Tower,0,51,9,0,60,0,58,19,2,79,0,109,28,2,139,42,10,52,191
08/03/2023,ENA,AK,AAL,WE,Federal Contract Tower,0,50,1,8,59,0,71,43,2,116,0,121,44,10,175,48,4,52,227
08/04/2023,ENA,AK,AAL,WE,Federal Contract Tower,0,23,3,0,26,0,79,48,4,131,0,102,51,4,157,78,0,78,235
08/05/2023,ENA,AK,AAL,WE,Federal Contract Tower,0,19,6,0,25,0,57,61,0,118,0,76,67,0,143,144,0,144,287
08/06/2023,ENA,AK,AAL,WE,Federal Contract Tower,0,23,3,0,26,0,28,25,0,53,0,51,28,0,79,28,0,28,107
08/07/2023,ENA,AK,AAL,WE,Federal Contract Tower,0,48,6,0,54,0,41,26,0,67,0,89,32,0,121,44,8,52,173
08/08/2023,ENA,AK,AAL,WE,Federal Contract Tower,0,41,2,0,43,0,66,52,0,118,0,107,54,0,161,70,0,70,231
08/09/2023,ENA,AK,AAL,WE,Federal Contract Tower,0,46,3,1,50,0,63,41,0,104,0,109,44,1,154,126,8,134,288
08/10/2023,ENA,AK,AAL,WE,Federal Contract Tower,0,57,9,0,66,0,44,23,0,67,0,101,32,0,133,28,0,28,161
08/11/2023,ENA,AK,AAL,WE,Federal Contract Tower,0,39,4,0,43,0,76,43,0,119,0,115,47,0,162,42,0,42,204
08/12/2023,ENA,AK,AAL,WE,Federal Contract Tower,0,17,1,0,18,0,36,12,0,48,0,53,13,0,66,42,0,42,108
08/13/2023,ENA,AK,AAL,WE,Federal Contract Tower,0,21,2,0,23,0,49,47,0,96,0,70,49,0,119,49,0,49,168
08/14/2023,ENA,AK,AAL,WE,Federal Contract Tower,0,19,4,1,24,5,81,35,1,122,5,100,39,2,146,51,12,63,209
08/15/2023,ENA,AK,AAL,WE,Federal Contract Tower,0,38,5,0,43,0,67,52,0,119,0,105,57,0,162,72,0,72,234
08/16/2023,ENA,AK,AAL,WE,Federal Contract Tower,0,58,2,3,63,0,26,31,0,57,0,84,33,3,120,52,4,56,176
08/17/2023,ENA,AK,AAL,WE,Federal Contract Tower,0,30,1,4,35,0,84,71,0,155,0,114,72,4,190,132,4,136,326
08/18/2023,ENA,AK,AAL,WE,Federal Contract Tower,0,31,0,0,31,0,75,55,0,130,0,106,55,0,161,42,0,42,203
08/19/2023,ENA,AK,AAL,WE,Federal Contract Tower,0,13,0,4,17,0,52,64,0,116,0,65,64,4,133,28,2,30,163
08/20/2023,ENA,AK,AAL,WE,Federal Contract Tower,0,17,0,0,17,0,48,10,0,58,0,65,10,0,75,20,0,20,95
08/21/2023,ENA,AK,AAL,WE,Federal Contract Tower,0,44,15,0,59,0,56,30,0,86,0,100,45,0,145,48,0,48,193
08/22/2023,ENA,AK,AAL,WE,Federal Contract Tower,0,34,8,0,42,3,80,45,0,128,3,114,53,0,170,66,2,68,238
08/23/2023,ENA,AK,AAL,WE,Federal Contract Tower,0,55,6,0,61,0,62,53,0,115,0,117,59,0,176,80,0,80,256
08/24/2023,ENA,AK,AAL,WE,Federal Contract Tower,0,73,5,0,78,0,15,12,0,27,0,88,17,0,105,30,0,30,135
08/25/2023,ENA,AK,AAL,WE,Federal Contract Tower,0,67,6,0,73,0,22,35,0,57,0,89,41,0,130,95,0,95,225
08/26/2023,ENA,AK,AAL,WE,Federal Contract Tower,0,39,0,0,39,0,41,15,0,56,0,80,15,0,95,54,0,54,149
08/28/2023,ENA,AK,AAL,WE,Federal Contract Tower,0,70,8,0,78,0,15,8,0,23,0,85,16,0,101,0,0,0,101
08/29/2023,ENA,AK,AAL,WE,Federal Contract Tower,0,62,11,0,73,0,45,22,0,67,0,107,33,0,140,8,0,8,148
08/30/2023,ENA,AK,AAL,WE,Federal Contract Tower,0,38,1,0,39,0,84,44,2,130,0,122,45,2,169,84,0,84,253
08/31/2023,ENA,AK,AAL,WE,Federal Contract Tower,0,54,1,1,56,0,36,19,0,55,0,90,20,1,111,12,18,30,141
01/01/2020,ENA,AK,AAL,WE,Federal Contract Tower,0,21,0,0,21,0,7,0,0,7,0,28,0,0,28,0,0,0,28
01/02/2020,ENA,AK,AAL,WE,Federal Contract Tower,0,33,0,1,34,2,18,1,0,21,2,51,1,1,55,25,12,37,92
01/03/2020,ENA,AK,AAL,WE,Federal Contract Tower,0,18,0,0,18,2,42,5,0,49,2,60,5,0,67,50,0,50,117
01/04/2020,ENA,AK,AAL,WE,Federal Contract Tower,0,11,0,1,12,1,15,7,1,24,1,26,7,2,36,6,0,6,42
01/05/2020,ENA,AK,AAL,WE,Federal Contract Tower,0,16,0,0,16,0,7,3,0,10,0,23,3,0,26,0,0,0,26
01/06/2020,ENA,AK,AAL,WE,Federal Contract Tower,0,26,1,0,27,3,33,3,0,39,3,59,4,0,66,28,14,42,108
01/07/2020,ENA,AK,AAL,WE,Federal Contract Tower,2,32,0,0,34,7,19,5,0,31,9,51,5,0,65,18,0,18,83
01/08/2020,ENA,AK,AAL,WE,Federal Contract Tower,0,30,0,3,33,7,31,3,0,41,7,61,3,3,74,28,22,50,124
01/09/2020,ENA,AK,AAL,WE,Federal Contract Tower,0,34,0,0,34,5,24,3,0,32,5,58,3,0,66,67,0,67,133
01/10/2020,ENA,AK,AAL,WE,Federal Contract Tower,0,27,0,2,29,6,34,2,0,42,6,61,2,2,71,32,6,38,109
01/11/2020,ENA,AK,AAL,WE,Federal Contract Tower,0,11,2,0,13,0,12,0,0,12,0,23,2,0,25,30,0,30,55
01/12/2020,ENA,AK,AAL,WE,Federal Contract Tower,0,20,0,0,20,0,3,0,0,3,0,23,0,0,23,0,0,0,23
01/13/2020,ENA,AK,AAL,WE,Federal Contract Tower,0,35,2,0,37,0,2,0,0,2,0,37,2,0,39,0,0,0,39
01/14/2020,ENA,AK,AAL,WE,Federal Contract Tower,0,29,0,0,29,6,32,13,0,51,6,61,13,0,80,28,0,28,108
01/15/2020,ENA,AK,AAL,WE,Federal Contract Tower,2,27,3,2,34,7,44,17,6,74,9,71,20,8,108,18,4,22,130
01/16/2020,ENA,AK,AAL,WE,Federal Contract Tower,0,17,0,0,17,2,59,17,0,78,2,76,17,0,95,26,26,52,147
01/17/2020,ENA,AK,AAL,WE,Federal Contract Tower,0,18,2,0,20,0,48,15,0,63,0,66,17,0,83,42,0,42,125
01/18/2020,ENA,AK,AAL,WE,Federal Contract Tower,0,10,2,0,12,0,17,10,0,27,0,27,12,0,39,24,0,24,63
01/19/2020,ENA,AK,AAL,WE,Federal Contract Tower,0,10,2,0,12,0,19,2,0,21,0,29,4,0,33,10,0,10,43
01/20/2020,ENA,AK,AAL,WE,Federal Contract Tower,0,41,0,0,41,0,3,0,0,3,0,44,0,0,44,0,0,0,44
01/21/2020,ENA,AK,AAL,WE,Federal Contract Tower,0,56,3,0,59,2,16,7,0,25,2,72,10,0,84,36,2,38,122
01/22/2020,ENA,AK,AAL,WE,Federal Contract Tower,0,60,0,0,60,4,12,6,0,22,4,72,6,0,82,28,0,28,110
01/23/2020,ENA,AK,AAL,WE,Federal Contract Tower,0,31,10,0,41,5,48,12,0,65,5,79,22,0,106,38,0,38,144
01/24/2020,ENA,AK,AAL,WE,Federal Contract Tower,0,18,3,0,21,0,55,18,4,77,0,73,21,4,98,46,14,60,158
01/25/2020,ENA,AK,AAL,WE,Federal Contract Tower,0,11,0,0,11,0,11,20,0,31,0,22,20,0,42,20,0,20,62
01/26/2020,ENA,AK,AAL,WE,Federal Contract Tower,0,12,0,0,12,0,22,6,0,28,0,34,6,0,40,49,0,49,89
01/27/2020,ENA,AK,AAL,WE,Federal Contract Tower,0,28,0,0,28,3,67,4,0,74,3,95,4,0,102,32,8,40,142
01/28/2020,ENA,AK,AAL,WE,Federal Contract Tower,1,31,2,0,34,3,57,10,0,70,4,88,12,0,104,58,0,58,162
01/29/2020,ENA,AK,AAL,WE,Federal Contract Tower,0,52,0,0,52,0,3,0,0,3,0,55,0,0,55,8,0,8,63
01/30/2020,ENA,AK,AAL,WE,Federal Contract Tower,0,33,2,1,36,4,69,13,1,87,4,102,15,2,123,30,0,30,153
01/31/2020,ENA,AK,AAL,WE,Federal Contract Tower,0,55,1,0,56,1,17,4,0,22,1,72,5,0,78,26,0,26,104
02/01/2020,ENA,AK,AAL,WE,Federal Contract Tower,0,10,3,0,13,0,23,11,0,34,0,33,14,0,47,28,0,28,75
02/02/2020,ENA,AK,AAL,WE,Federal Contract Tower,0,13,7,0,20,0,5,0,0,5,0,18,7,0,25,17,0,17,42
02/03/2020,ENA,AK,AAL,WE,Federal Contract Tower,0,28,8,0,36,3,34,9,0,46,3,62,17,0,82,2,0,2,84
02/04/2020,ENA,AK,AAL,WE,Federal Contract Tower,0,44,0,2,46,3,39,18,7,67,3,83,18,9,113,27,8,35,148
02/05/2020,ENA,AK,AAL,WE,Federal Contract Tower,0,53,0,0,53,3,23,3,0,29,3,76,3,0,82,14,0,14,96
02/06/2020,ENA,AK,AAL,WE,Federal Contract Tower,0,25,0,1,26,4,46,18,5,73,4,71,18,6,99,32,12,44,143
02/07/2020,ENA,AK,AAL,WE,Federal Contract Tower,0,43,0,0,43,0,8,4,0,12,0,51,4,0,55,2,0,2,57
02/08/2020,ENA,AK,AAL,WE,Federal Contract Tower,0,20,0,0,20,0,3,0,0,3,0,23,0,0,23,0,0,0,23
02/09/2020,ENA,AK,AAL,WE,Federal Contract Tower,0,15,0,1,16,0,10,2,3,15,0,25,2,4,31,4,24,28,59
02/10/2020,ENA,AK,AAL,WE,Federal Contract Tower,0,21,3,4,28,2,43,28,0,73,2,64,31,4,101,42,14,56,157
02/11/2020,ENA,AK,AAL,WE,Federal Contract Tower,0,22,6,0,28,0,51,21,0,72,0,73,27,0,100,68,0,68,168
02/12/2020,ENA,AK,AAL,WE,Federal Contract Tower,0,38,0,0,38,0,17,3,0,20,0,55,3,0,58,8,0,8,66
02/13/2020,ENA,AK,AAL,WE,Federal Contract Tower,0,27,3,0,30,5,52,31,0,88,5,79,34,0,118,36,0,36,154
02/14/2020,ENA,AK,AAL,WE,Federal Contract Tower,0,23,0,1,24,0,37,26,0,63,0,60,26,1,87,52,8,60,147
02/15/2020,ENA,AK,AAL,WE,Federal Contract Tower,0,12,9,0,21,0,24,6,0,30,0,36,15,0,51,34,0,34,85
02/16/2020,ENA,AK,AAL,WE,Federal Contract Tower,0,13,4,0,17,0,18,8,0,26,0,31,12,0,43,38,0,38,81
02/17/2020,ENA,AK,AAL,WE,Federal Contract Tower,0,32,0,0,32,0,21,4,0,25,0,53,4,0,57,18,0,18,75
02/18/2020,ENA,AK,AAL,WE,Federal Contract Tower,0,30,0,0,30,0,6,4,0,10,0,36,4,0,40,0,0,0,40
02/19/2020,ENA,AK,AAL,WE,Federal Contract Tower,0,31,0,0,31,2,64,7,0,73,2,95,7,0,104,24,0,24,128
02/20/2020,ENA,AK,AAL,WE,Federal Contract Tower,0,23,0,0,23,1,42,22,4,69,1,65,22,4,92,93,0,93,185
02/21/2020,ENA,AK,AAL,WE,Federal Contract Tower,0,49,0,0,49,0,0,0,0,0,0,49,0,0,49,0,0,0,49
02/22/2020,ENA,AK,AAL,WE,Federal Contract Tower,0,19,0,0,19,0,19,5,0,24,0,38,5,0,43,44,0,44,87
02/23/2020,ENA,AK,AAL,WE,Federal Contract Tower,0,12,1,0,13,0,16,16,0,32,0,28,17,0,45,36,0,36,81
02/24/2020,ENA,AK,AAL,WE,Federal Contract Tower,2,18,3,0,23,4,53,23,2,82,6,71,26,2,105,24,12,36,141
02/25/2020,ENA,AK,AAL,WE,Federal Contract Tower,1,33,0,0,34,0,44,3,0,47,1,77,3,0,81,26,0,26,107
02/26/2020,ENA,AK,AAL,WE,Federal Contract Tower,1,16,0,0,17,0,70,16,0,86,1,86,16,0,103,26,0,26,129
02/27/2020,ENA,AK,AAL,WE,Federal Contract Tower,0,20,0,3,23,6,45,24,1,76,6,65,24,4,99,46,14,60,159
02/28/2020,ENA,AK,AAL,WE,Federal Contract Tower,0,17,0,0,17,1,57,30,0,88,1,74,30,0,105,34,0,34,139
02/29/2020,ENA,AK,AAL,WE,Federal Contract Tower,0,12,2,0,14,0,18,3,0,21,0,30,5,0,35,22,0,22,57
03/01/2020,ENA,AK,AAL,WE,Federal Contract Tower,0,29,0,0,29,0,0,0,0,0,0,29,0,0,29,0,0,0,29
03/02/2020,ENA,AK,AAL,WE,Federal Contract Tower,0,44,0,1,45,0,17,6,0,23,0,61,6,1,68,0,8,8,76
03/03/2020,ENA,AK,AAL,WE,Federal Contract Tower,0,20,3,0,23,2,70,18,0,90,2,90,21,0,113,59,14,73,186
03/04/2020,ENA,AK,AAL,WE,Federal Contract Tower,0,25,0,0,25,0,64,10,0,74,0,89,10,0,99,36,0,36,135
03/05/2020,ENA,AK,AAL,WE,Federal Contract Tower,1,22,0,0,23,3,55,21,0,79,4,77,21,0,102,46,4,50,152
03/06/2020,ENA,AK,AAL,WE,Federal Contract Tower,0,20,2,0,22,2,54,28,0,84,2,74,30,0,106,14,8,22,128
03/07/2020,ENA,AK,AAL,WE,Federal Contract Tower,0,19,1,0,20,0,1,0,0,1,0,20,1,0,21,0,0,0,21
03/08/2020,ENA,AK,AAL,WE,Federal Contract Tower,0,29,0,0,29,0,0,0,0,0,0,29,0,0,29,0,0,0,29
03/09/2020,ENA,AK,AAL,WE,Federal Contract Tower,0,44,0,0,44,0,7,3,0,10,0,51,3,0,54,0,0,0,54
03/10/2020,ENA,AK,AAL,WE,Federal Contract Tower,2,14,0,0,16,3,51,15,2,71,5,65,15,2,87,68,0,68,155
03/11/2020,ENA,AK,AAL,WE,Federal Contract Tower,0,19,2,0,21,0,51,19,0,70,0,70,21,0,91,14,0,14,105
03/12/2020,ENA,AK,AAL,WE,Federal Contract Tower,0,21,6,0,27,4,61,25,0,90,4,82,31,0,117,90,2,92,209
03/13/2020,ENA,AK,AAL,WE,Federal Contract Tower,0,18,1,0,19,2,59,33,0,94,2,77,34,0,113,38,0,38,151
03/14/2020,ENA,AK,AAL,WE,Federal Contract Tower,0,13,0,0,13,0,22,35,0,57,0,35,35,0,70,40,0,40,110
03/15/2020,ENA,AK,AAL,WE,Federal Contract Tower,0,10,2,0,12,0,16,22,0,38,0,26,24,0,50,22,0,22,72
03/16/2020,ENA,AK,AAL,WE,Federal Contract Tower,0,22,1,0,23,13,53,15,0,81,13,75,16,0,104,18,12,30,134
03/17/2020,ENA,AK,AAL,WE,Federal Contract Tower,0,40,0,0,40,0,20,6,0,26,0,60,6,0,66,10,0,10,76
03/18/2020,ENA,AK,AAL,WE,Federal Contract Tower,0,35,0,0,35,0,28,11,2,41,0,63,11,2,76,20,14,34,110
03/19/2020,ENA,AK,AAL,WE,Federal Contract Tower,0,51,0,0,51,0,20,20,0,40,0,71,20,0,91,8,3,11,102
03/20/2020,ENA,AK,AAL,WE,Federal Contract Tower,0,15,2,0,17,4,63,28,0,95,4,78,30,0,112,22,0,22,134
03/21/2020,ENA,AK,AAL,WE,Federal Contract Tower,0,16,4,0,20,0,0,0,0,0,0,16,4,0,20,0,0,0,20
03/22/2020,ENA,AK,AAL,WE,Federal Contract Tower,0,8,1,0,9,0,17,26,0,43,0,25,27,0,52,52,0,52,104
03/23/2020,ENA,AK,AAL,WE,Federal Contract Tower,0,10,0,0,10,3,50,38,0,91,3,60,38,0,101,92,0,92,193
03/24/2020,ENA,AK,AAL,WE,Federal Contract Tower,0,11,2,0,13,7,42,25,0,74,7,53,27,0,87,85,0,85,172
03/25/2020,ENA,AK,AAL,WE,Federal Contract Tower,0,15,0,0,15,0,42,8,0,50,0,57,8,0,65,28,0,28,93
03/26/2020,ENA,AK,AAL,WE,Federal Contract Tower,0,12,0,0,12,3,18,11,0,32,3,30,11,0,44,32,0,32,76
03/27/2020,ENA,AK,AAL,WE,Federal Contract Tower,0,15,2,0,17,2,37,26,0,65,2,52,28,0,82,56,8,64,146
03/28/2020,ENA,AK,AAL,WE,Federal Contract Tower,0,4,0,0,4,0,1,7,0,8,0,5,7,0,12,0,0,0,12
03/29/2020,ENA,AK,AAL,WE,Federal Contract Tower,0,5,0,0,5,0,8,3,0,11,0,13,3,0,16,10,6,16,32
03/30/2020,ENA,AK,AAL,WE,Federal Contract Tower,0,9,0,0,9,1,33,12,0,46,1,42,12,0,55,38,0,38,93
03/31/2020,ENA,AK,AAL,WE,Federal Contract Tower,0,12,2,0,14,0,31,18,0,49,0,43,20,0,63,50,0,50,113
04/01/2020,ENA,AK,AAL,WE,Federal Contract Tower,0,22,1,0,23,0,30,1,0,31,0,52,2,0,54,6,0,6,60
04/02/2020,ENA,AK,AAL,WE,Federal Contract Tower,0,21,0,4,25,0,0,0,0,0,0,21,0,4,25,0,0,0,25
04/03/2020,ENA,AK,AAL,WE,Federal Contract Tower,0,32,0,0,32,0,18,10,0,28,0,50,10,0,60,16,0,16,76
04/04/2020,ENA,AK,AAL,WE,Federal Contract Tower,0,0,0,0,0,0,17,16,0,33,0,17,16,0,33,30,0,30,63
04/05/2020,ENA,AK,AAL,WE,Federal Contract Tower,0,0,0,0,0,0,13,3,0,16,0,13,3,0,16,34,0,34,50
04/06/2020,ENA,AK,AAL,WE,Federal Contract Tower,0,3,2,0,5,5,32,11,0,48,5,35,13,0,53,0,0,0,53
04/07/2020,ENA,AK,AAL,WE,Federal Contract Tower,0,6,0,1,7,4,34,15,0,53,4,40,15,1,60,42,18,60,120
04/08/2020,ENA,AK,AAL,WE,Federal Contract Tower,0,6,0,0,6,0,29,28,0,57,0,35,28,0,63,60,10,70,133
04/09/2020,ENA,AK,AAL,WE,Federal Contract Tower,0,5,0,0,5,3,39,36,0,78,3,44,36,0,83,38,0,38,121
04/10/2020,ENA,AK,AAL,WE,Federal Contract Tower,0,3,4,0,7,0,50,37,0,87,0,53,41,0,94,80,0,80,174
04/11/2020,ENA,AK,AAL,WE,Federal Contract Tower,0,3,0,0,3,0,2,28,0,30,0,5,28,0,33,34,0,34,67
04/12/2020,ENA,AK,AAL,WE,Federal Contract Tower,0,2,0,0,2,0,1,4,0,5,0,3,4,0,7,4,0,4,11
04/13/2020,ENA,AK,AAL,WE,Federal Contract Tower,0,22,0,2,24,5,4,0,0,9,5,26,0,2,33,31,0,31,64
04/14/2020,ENA,AK,AAL,WE,Federal Contract Tower,0,1,7,0,8,3,34,29,0,66,3,35,36,0,74,60,0,60,134
04/15/2020,ENA,AK,AAL,WE,Federal Contract Tower,0,8,0,0,8,4,27,24,0,55,4,35,24,0,63,64,0,64,127
04/16/2020,ENA,AK,AAL,WE,Federal Contract Tower,0,19,0,0,19,2,0,1,0,3,2,19,1,0,22,0,0,0,22
04/17/2020,ENA,AK,AAL,WE,Federal Contract Tower,0,17,1,0,18,2,7,29,0,38,2,24,30,0,56,84,0,84,140
04/18/2020,ENA,AK,AAL,WE,Federal Contract Tower,2,2,4,0,8,1,0,17,0,18,3,2,21,0,26,14,0,14,40
04/19/2020,ENA,AK,AAL,WE,Federal Contract Tower,0,6,4,0,10,0,3,12,1,16,0,9,16,1,26,18,12,30,56
04/20/2020,ENA,AK,AAL,WE,Federal Contract Tower,0,20,7,0,27,3,7,5,0,15,3,27,12,0,42,22,0,22,64
04/21/2020,ENA,AK,AAL,WE,Federal Contract Tower,0,20,0,0,20,0,1,0,0,1,0,21,0,0,21,0,0,0,21
04/22/2020,ENA,AK,AAL,WE,Federal Contract Tower,0,24,1,0,25,2,22,13,0,37,2,46,14,0,62,64,0,64,126
04/23/2020,ENA,AK,AAL,WE,Federal Contract Tower,0,16,2,0,18,0,29,27,0,56,0,45,29,0,74,88,0,88,162
04/24/2020,ENA,AK,AAL,WE,Federal Contract Tower,0,6,2,0,8,0,34,38,0,72,0,40,40,0,80,96,0,96,176
04/25/2020,ENA,AK,AAL,WE,Federal Contract Tower,0,0,2,0,2,9,16,56,0,81,9,16,58,0,83,56,0,56,139
04/26/2020,ENA,AK,AAL,WE,Federal Contract Tower,0,2,2,0,4,0,11,25,0,36,0,13,27,0,40,58,0,58,98
04/27/2020,ENA,AK,AAL,WE,Federal Contract Tower,0,5,6,0,11,0,38,36,0,74,0,43,42,0,85,86,0,86,171
04/28/2020,ENA,AK,AAL,WE,Federal Contract Tower,0,11,1,0,12,2,37,38,0,77,2,48,39,0,89,76,0,76,165
04/29/2020,ENA,AK,AAL,WE,Federal Contract Tower,2,10,0,0,12,3,29,50,0,82,5,39,50,0,94,70,0,70,164
04/30/2020,ENA,AK,AAL,WE,Federal Contract Tower,0,6,1,0,7,3,28,22,0,53,3,34,23,0,60,52,12,64,124
05/01/2020,ENA,AK,AAL,WE,Federal Contract Tower,0,9,3,0,12,6,36,48,0,90,6,45,51,0,102,48,6,54,156
05/02/2020,ENA,AK,AAL,WE,Federal Contract Tower,3,4,1,0,8,6,15,37,0,58,9,19,38,0,66,46,0,46,112
05/03/2020,ENA,AK,AAL,WE,Federal Contract Tower,0,0,2,0,2,0,19,38,2,59,0,19,40,2,61,46,4,50,111
05/04/2020,ENA,AK,AAL,WE,Federal Contract Tower,0,4,0,3,7,4,38,10,0,52,4,42,10,3,59,32,8,40,99
05/05/2020,ENA,AK,AAL,WE,Federal Contract Tower,0,9,1,0,10,6,40,43,0,89,6,49,44,0,99,78,8,86,185
05/06/2020,ENA,AK,AAL,WE,Federal Contract Tower,0,8,4,1,13,6,54,42,0,102,6,62,46,1,115,52,2,54,169
05/07/2020,ENA,AK,AAL,WE,Federal Contract Tower,0,7,2,0,9,2,39,32,0,73,2,46,34,0,82,26,0,26,108
05/08/2020,ENA,AK,AAL,WE,Federal Contract Tower,0,7,0,0,7,3,42,27,0,72,3,49,27,0,79,34,0,34,113
05/09/2020,ENA,AK,AAL,WE,Federal Contract Tower,0,0,0,0,0,0,10,32,0,42,0,10,32,0,42,58,0,58,100
05/10/2020,ENA,AK,AAL,WE,Federal Contract Tower,0,0,2,0,2,0,14,21,0,35,0,14,23,0,37,18,0,18,55
05/11/2020,ENA,AK,AAL,WE,Federal Contract Tower,0,16,6,0,22,0,27,22,0,49,0,43,28,0,71,36,0,36,107
05/12/2020,ENA,AK,AAL,WE,Federal Contract Tower,0,4,3,0,7,0,46,30,0,76,0,50,33,0,83,30,10,40,123
05/13/2020,ENA,AK,AAL,WE,Federal Contract Tower,0,6,2,1,9,3,37,30,0,70,3,43,32,1,79,42,8,50,129
05/14/2020,ENA,AK,AAL,WE,Federal Contract Tower,2,12,2,0,16,11,35,40,0,86,13,47,42,0,102,60,0,60,162
05/15/2020,ENA,AK,AAL,WE,Federal Contract Tower,0,7,6,0,13,5,47,64,2,118,5,54,70,2,131,78,14,92,223
05/16/2020,ENA,AK,AAL,WE,Federal Contract Tower,0,0,0,6,6,13,26,49,2,90,13,26,49,8,96,48,4,52,148
05/17/2020,ENA,AK,AAL,WE,Federal Contract Tower,0,0,1,0,1,0,27,31,0,58,0,27,32,0,59,8,0,8,67
05/18/2020,ENA,AK,AAL,WE,Federal Contract Tower,0,7,1,2,10,2,57,30,0,89,2,64,31,2,99,80,12,92,191
05/19/2020,ENA,AK,AAL,WE,Federal Contract Tower,0,9,0,0,9,0,40,33,0,73,0,49,33,0,82,20,0,20,102
05/20/2020,ENA,AK,AAL,WE,Federal Contract Tower,0,4,4,2,10,0,41,30,0,71,0,45,34,2,81,124,20,144,225
05/21/2020,ENA,AK,AAL,WE,Federal Contract Tower,0,13,0,0,13,0,26,33,0,59,0,39,33,0,72,64,0,64,136
05/22/2020,ENA,AK,AAL,WE,Federal Contract Tower,0,11,0,2,13,0,27,24,0,51,0,38,24,2,64,26,4,30,94
05/23/2020,ENA,AK,AAL,WE,Federal Contract Tower,0,0,0,0,0,0,20,25,0,45,0,20,25,0,45,36,0,36,81
05/24/2020,ENA,AK,AAL,WE,Federal Contract Tower,0,14,0,0,14,0,10,9,0,19,0,24,9,0,33,0,0,0,33
05/25/2020,ENA,AK,AAL,WE,Federal Contract Tower,0,2,0,0,2,0,31,35,0,66,0,33,35,0,68,132,0,132,200
05/26/2020,ENA,AK,AAL,WE,Federal Contract Tower,0,10,3,0,13,9,58,48,2,117,9,68,51,2,130,102,26,128,258
05/27/2020,ENA,AK,AAL,WE,Federal Contract Tower,1,8,0,0,9,9,44,31,0,84,10,52,31,0,93,110,0,110,203
05/28/2020,ENA,AK,AAL,WE,Federal Contract Tower,0,7,4,4,15,6,42,60,0,108,6,49,64,4,123,46,10,56,179
05/29/2020,ENA,AK,AAL,WE,Federal Contract Tower,0,3,0,0,3,4,59,58,0,121,4,62,58,0,124,84,0,84,208
05/30/2020,ENA,AK,AAL,WE,Federal Contract Tower,0,0,2,0,2,0,0,41,4,45,0,0,43,4,47,20,0,20,67
05/31/2020,ENA,AK,AAL,WE,Federal Contract Tower,0,1,8,1,10,0,16,16,0,32,0,17,24,1,42,10,0,10,52
06/01/2020,ENA,AK,AAL,WE,Federal Contract Tower,1,9,0,0,10,9,54,42,0,105,10,63,42,0,115,94,0,94,209
06/02/2020,ENA,AK,AAL,WE,Federal Contract Tower,0,5,2,0,7,4,47,41,0,92,4,52,43,0,99,44,0,44,143
06/03/2020,ENA,AK,AAL,WE,Federal Contract Tower,0,5,0,0,5,7,59,39,1,106,7,64,39,1,111,50,26,76,187
06/04/2020,ENA,AK,AAL,WE,Federal Contract Tower,0,4,3,2,9,3,50,45,0,98,3,54,48,2,107,110,0,110,217
06/05/2020,ENA,AK,AAL,WE,Federal Contract Tower,0,5,0,0,5,0,34,60,0,94,0,39,60,0,99,50,0,50,149
06/06/2020,ENA,AK,AAL,WE,Federal Contract Tower,0,0,0,0,0,0,1,29,0,30,0,1,29,0,30,32,0,32,62
06/07/2020,ENA,AK,AAL,WE,Federal Contract Tower,0,0,1,2,3,5,21,16,2,44,5,21,17,4,47,42,4,46,93
06/08/2020,ENA,AK,AAL,WE,Federal Contract Tower,0,22,4,0,26,0,26,35,0,61,0,48,39,0,87,62,0,62,149
06/09/2020,ENA,AK,AAL,WE,Federal Contract Tower,0,36,4,2,42,0,28,29,0,57,0,64,33,2,99,52,24,76,175
06/10/2020,ENA,AK,AAL,WE,Federal Contract Tower,0,12,5,0,17,0,37,35,0,72,0,49,40,0,89,70,32,102,191
06/11/2020,ENA,AK,AAL,WE,Federal Contract Tower,0,12,3,2,17,0,31,34,0,65,0,43,37,2,82,86,4,90,172
06/12/2020,ENA,AK,AAL,WE,Federal Contract Tower,0,6,0,0,6,3,38,61,0,102,3,44,61,0,108,104,0,104,212
06/13/2020,ENA,AK,AAL,WE,Federal Contract Tower,0,0,1,0,1,5,11,52,0,68,5,11,53,0,69,70,2,72,141
06/14/2020,ENA,AK,AAL,WE,Federal Contract Tower,0,0,0,1,1,0,13,18,1,32,0,13,18,2,33,2,4,6,39
06/15/2020,ENA,AK,AAL,WE,Federal Contract Tower,0,3,1,0,4,2,26,57,2,87,2,29,58,2,91,58,6,64,155
06/16/2020,ENA,AK,AAL,WE,Federal Contract Tower,2,4,0,0,6,6,55,49,0,110,8,59,49,0,116,84,50,134,250
06/17/2020,ENA,AK,AAL,WE,Federal Contract Tower,0,7,0,0,7,0,43,35,0,78,0,50,35,0,85,66,0,66,151
06/18/2020,ENA,AK,AAL,WE,Federal Contract Tower,0,4,0,0,4,3,39,41,0,83,3,43,41,0,87,46,0,46,133
06/19/2020,ENA,AK,AAL,WE,Federal Contract Tower,0,26,0,0,26,5,29,40,2,76,5,55,40,2,102,44,0,44,146
06/20/2020,ENA,AK,AAL,WE,Federal Contract Tower,0,0,2,0,2,0,22,42,0,64,0,22,44,0,66,22,0,22,88
06/21/2020,ENA,AK,AAL,WE,Federal Contract Tower,0,1,0,0,1,0,34,26,1,61,0,35,26,1,62,30,0,30,92
06/22/2020,ENA,AK,AAL,WE,Federal Contract Tower,0,7,1,3,11,4,73,43,7,127,4,80,44,10,138,106,22,128,266
06/23/2020,ENA,AK,AAL,WE,Federal Contract Tower,0,6,0,4,10,4,51,54,0,109,4,57,54,4,119,116,2,118,237
06/24/2020,ENA,AK,AAL,WE,Federal Contract Tower,0,14,7,4,25,4,50,25,0,79,4,64,32,4,104,94,12,106,210
06/25/2020,ENA,AK,AAL,WE,Federal Contract Tower,0,4,0,0,4,2,49,56,0,107,2,53,56,0,111,60,2,62,173
06/26/2020,ENA,AK,AAL,WE,Federal Contract Tower,0,4,1,0,5,0,65,56,2,123,0,69,57,2,128,66,0,66,194
06/27/2020,ENA,AK,AAL,WE,Federal Contract Tower,0,2,5,0,7,0,26,73,0,99,0,28,78,0,106,78,0,78,184
06/28/2020,ENA,AK,AAL,WE,Federal Contract Tower,0,3,1,0,4,0,19,15,1,35,0,22,16,1,39,4,0,4,43
06/29/2020,ENA,AK,AAL,WE,Federal Contract Tower,1,8,4,0,13,24,42,16,0,82,25,50,20,0,95,34,2,36,131
06/30/2020,ENA,AK,AAL,WE,Federal Contract Tower,0,5,2,0,7,5,58,60,4,127,5,63,62,4,134,46,24,70,204
07/01/2020,ENA,AK,AAL,WE,Federal Contract Tower,0,4,2,1,7,4,55,59,1,119,4,59,61,2,126,102,12,114,240
07/02/2020,ENA,AK,AAL,WE,Federal Contract Tower,0,5,1,2,8,1,58,33,0,92,1,63,34,2,100,42,4,46,146
07/03/2020,ENA,AK,AAL,WE,Federal Contract Tower,0,5,2,0,7,1,46,57,0,104,1,51,59,0,111,82,0,82,193
07/04/2020,ENA,AK,AAL,WE,Federal Contract Tower,0,0,0,0,0,0,1,25,0,26,0,1,25,0,26,4,0,4,30
07/05/2020,ENA,AK,AAL,WE,Federal Contract Tower,0,4,6,0,10,0,21,24,0,45,0,25,30,0,55,10,0,10,65
07/06/2020,ENA,AK,AAL,WE,Federal Contract Tower,0,50,16,0,66,0,19,11,0,30,0,69,27,0,96,16,0,16,112
07/07/2020,ENA,AK,AAL,WE,Federal Contract Tower,0,29,10,2,41,0,51,45,1,97,0,80,55,3,138,136,4,140,278
07/08/2020,ENA,AK,AAL,WE,Federal Contract Tower,0,54,9,0,63,0,14,12,0,26,0,68,21,0,89,12,0,12,101
07/09/2020,ENA,AK,AAL,WE,Federal Contract Tower,0,24,0,3,27,3,52,44,2,101,3,76,44,5,128,84,12,96,224
07/10/2020,ENA,AK,AAL,WE,Federal Contract Tower,0,9,2,0,11,6,75,49,0,130,6,84,51,0,141,46,0,46,187
07/11/2020,ENA,AK,AAL,WE,Federal Contract Tower,0,1,0,0,1,2,28,40,0,70,2,29,40,0,71,26,0,26,97
07/12/2020,ENA,AK,AAL,WE,Federal Contract Tower,0,10,16,0,26,0,10,8,0,18,0,20,24,0,44,0,0,0,44
07/13/2020,ENA,AK,AAL,WE,Federal Contract Tower,0,9,1,4,14,7,71,57,1,136,7,80,58,5,150,42,8,50,200
07/14/2020,ENA,AK,AAL,WE,Federal Contract Tower,0,18,5,5,28,0,55,49,2,106,0,73,54,7,134,72,0,72,206
07/15/2020,ENA,AK,AAL,WE,Federal Contract Tower,0,12,4,1,17,2,64,51,0,117,2,76,55,1,134,72,2,74,208
07/16/2020,ENA,AK,AAL,WE,Federal Contract Tower,0,7,0,2,9,5,57,62,0,124,5,64,62,2,133,100,22,122,255
07/17/2020,ENA,AK,AAL,WE,Federal Contract Tower,0,10,1,0,11,1,58,65,4,128,1,68,66,4,139,50,10,60,199
07/18/2020,ENA,AK,AAL,WE,Federal Contract Tower,0,2,2,0,4,3,47,42,0,92,3,49,44,0,96,48,0,48,144
07/19/2020,ENA,AK,AAL,WE,Federal Contract Tower,1,11,0,0,12,2,36,20,0,58,3,47,20,0,70,42,0,42,112
07/20/2020,ENA,AK,AAL,WE,Federal Contract Tower,0,11,2,0,13,4,70,51,0,125,4,81,53,0,138,96,0,96,234
07/21/2020,ENA,AK,AAL,WE,Federal Contract Tower,0,9,5,1,15,2,90,69,2,163,2,99,74,3,178,110,12,122,300
07/22/2020,ENA,AK,AAL,WE,Federal Contract Tower,0,16,3,1,20,0,46,36,5,87,0,62,39,6,107,68,52,120,227
07/23/2020,ENA,AK,AAL,WE,Federal Contract Tower,0,5,14,2,21,8,60,87,2,157,8,65,101,4,178,88,32,120,298
07/24/2020,ENA,AK,AAL,WE,Federal Contract Tower,2,34,5,0,41,2,26,30,0,58,4,60,35,0,99,28,0,28,127
07/25/2020,ENA,AK,AAL,WE,Federal Contract Tower,0,9,3,0,12,0,16,23,0,39,0,25,26,0,51,0,0,0,51
07/26/2020,ENA,AK,AAL,WE,Federal Contract Tower,1,3,1,0,5,0,47,42,0,89,1,50,43,0,94,46,0,46,140
07/27/2020,ENA,AK,AAL,WE,Federal Contract Tower,0,7,7,0,14,4,62,78,0,144,4,69,85,0,158,54,0,54,212
07/28/2020,ENA,AK,AAL,WE,Federal Contract Tower,1,4,7,6,18,2,63,71,0,136,3,67,78,6,154,98,6,104,258
07/29/2020,ENA,AK,AAL,WE,Federal Contract Tower,0,8,3,1,12,1,71,66,2,140,1,79,69,3,152,86,0,86,238
07/30/2020,ENA,AK,AAL,WE,Federal Contract Tower,2,10,2,2,16,6,68,49,4,127,8,78,51,6,143,72,16,88,231
07/31/2020,ENA,AK,AAL,WE,Federal Contract Tower,0,7,4,0,11,8,63,58,0,129,8,70,62,0,140,50,0,50,190
08/01/2020,ENA,AK,AAL,WE,Federal Contract Tower,1,16,4,0,21,1,2,0,0,3,2,18,4,0,24,0,0,0,24
08/02/2020,ENA,AK,AAL,WE,Federal Contract Tower,0,21,5,0,26,0,3,8,0,11,0,24,13,0,37,0,0,0,37
08/03/2020,ENA,AK,AAL,WE,Federal Contract Tower,0,35,13,0,48,4,32,21,0,57,4,67,34,0,105,32,0,32,137
08/04/2020,ENA,AK,AAL,WE,Federal Contract Tower,0,8,5,2,15,7,75,71,2,155,7,83,76,4,170,80,8,88,258
08/05/2020,ENA,AK,AAL,WE,Federal Contract Tower,0,7,5,0,12,2,68,67,0,137,2,75,72,0,149,26,18,44,193
08/06/2020,ENA,AK,AAL,WE,Federal Contract Tower,0,13,2,0,15,1,61,41,10,113,1,74,43,10,128,42,0,42,170
08/07/2020,ENA,AK,AAL,WE,Federal Contract Tower,0,8,3,0,11,1,75,43,0,119,1,83,46,0,130,54,20,74,204
08/08/2020,ENA,AK,AAL,WE,Federal Contract Tower,2,2,1,0,5,2,24,32,0,58,4,26,33,0,63,52,0,52,115
08/09/2020,ENA,AK,AAL,WE,Federal Contract Tower,0,4,0,0,4,8,27,29,0,64,8,31,29,0,68,26,0,26,94
08/10/2020,ENA,AK,AAL,WE,Federal Contract Tower,0,4,2,0,6,2,56,51,0,109,2,60,53,0,115,92,0,92,207
08/11/2020,ENA,AK,AAL,WE,Federal Contract Tower,0,10,2,0,12,0,72,43,3,118,0,82,45,3,130,22,48,70,200
08/12/2020,ENA,AK,AAL,WE,Federal Contract Tower,0,20,10,0,30,0,74,52,0,126,0,94,62,0,156,62,0,62,218
08/13/2020,ENA,AK,AAL,WE,Federal Contract Tower,0,6,0,0,6,3,77,62,0,142,3,83,62,0,148,56,0,56,204
08/14/2020,ENA,AK,AAL,WE,Federal Contract Tower,0,25,1,0,26,4,56,36,0,96,4,81,37,0,122,34,0,34,156
08/15/2020,ENA,AK,AAL,WE,Federal Contract Tower,0,0,0,0,0,1,24,27,0,52,1,24,27,0,52,10,0,10,62
08/16/2020,ENA,AK,AAL,WE,Federal Contract Tower,0,4,0,0,4,0,27,32,0,59,0,31,32,0,63,36,0,36,99
08/17/2020,ENA,AK,AAL,WE,Federal Contract Tower,1,10,1,0,12,5,53,40,0,98,6,63,41,0,110,66,8,74,184
08/18/2020,ENA,AK,AAL,WE,Federal Contract Tower,0,20,2,2,24,5,53,50,2,110,5,73,52,4,134,72,36,108,242
08/19/2020,ENA,AK,AAL,WE,Federal Contract Tower,0,31,0,4,35,2,37,45,0,84,2,68,45,4,119,10,6,16,135
08/20/2020,ENA,AK,AAL,WE,Federal Contract Tower,0,18,1,4,23,0,44,56,0,100,0,62,57,4,123,48,0,48,171
08/21/2020,ENA,AK,AAL,WE,Federal Contract Tower,0,10,0,0,10,0,54,53,0,107,0,64,53,0,117,78,0,78,195
08/22/2020,ENA,AK,AAL,WE,Federal Contract Tower,0,1,4,0,5,0,33,62,0,95,0,34,66,0,100,50,0,50,150
08/23/2020,ENA,AK,AAL,WE,Federal Contract Tower,0,11,2,0,13,0,23,41,0,64,0,34,43,0,77,32,0,32,109
08/24/2020,ENA,AK,AAL,WE,Federal Contract Tower,0,30,0,2,32,2,48,35,1,86,2,78,35,3,118,56,22,78,196
08/25/2020,ENA,AK,AAL,WE,Federal Contract Tower,0,38,6,0,44,0,40,23,0,63,0,78,29,0,107,10,0,10,117
08/26/2020,ENA,AK,AAL,WE,Federal Contract Tower,0,50,13,0,63,2,20,10,0,32,2,70,23,0,95,8,0,8,103
08/27/2020,ENA,AK,AAL,WE,Federal Contract Tower,0,5,3,0,8,2,68,34,0,104,2,73,37,0,112,70,0,70,182
08/28/2020,ENA,AK,AAL,WE,Federal Contract Tower,0,13,0,0,13,0,70,64,0,134,0,83,64,0,147,46,0,46,193
08/29/2020,ENA,AK,AAL,WE,Federal Contract Tower,0,5,0,0,5,0,36,16,0,52,0,41,16,0,57,36,0,36,93
08/30/2020,ENA,AK,AAL,WE,Federal Contract Tower,0,7,0,0,7,0,14,7,0,21,0,21,7,0,28,20,0,20,48
08/31/2020,ENA,AK,AAL,WE,Federal Contract Tower,0,16,0,2,18,2,41,7,0,50,2,57,7,2,68,0,2,2,70
09/01/2020,ENA,AK,AAL,WE,Federal Contract Tower,0,23,3,8,34,3,57,25,0,85,3,80,28,8,119,36,0,36,155
09/02/2020,ENA,AK,AAL,WE,Federal Contract Tower,0,29,4,3,36,4,32,10,0,46,4,61,14,3,82,28,18,46,128
09/03/2020,ENA,AK,AAL,WE,Federal Contract Tower,0,31,0,1,32,0,35,31,0,66,0,66,31,1,98,86,4,90,188
09/04/2020,ENA,AK,AAL,WE,Federal Contract Tower,1,11,4,0,16,6,47,35,0,88,7,58,39,0,104,44,0,44,148
09/05/2020,ENA,AK,AAL,WE,Federal Contract Tower,0,0,0,0,0,2,36,36,0,74,2,36,36,0,74,44,0,44,118
09/06/2020,ENA,AK,AAL,WE,Federal Contract Tower,0,2,2,2,6,0,22,9,0,31,0,24,11,2,37,14,0,14,51
09/07/2020,ENA,AK,AAL,WE,Federal Contract Tower,0,4,0,0,4,0,0,0,0,0,0,4,0,0,4,38,22,60,64
09/08/2020,ENA,AK,AAL,WE,Federal Contract Tower,0,7,2,2,11,3,67,22,0,92,3,74,24,2,103,32,14,46,149
09/09/2020,ENA,AK,AAL,WE,Federal Contract Tower,0,11,0,0,11,5,67,44,0,116,5,78,44,0,127,102,0,102,229
09/10/2020,ENA,AK,AAL,WE,Federal Contract Tower,0,7,5,2,14,0,61,47,0,108,0,68,52,2,122,78,6,84,206
09/11/2020,ENA,AK,AAL,WE,Federal Contract Tower,1,8,1,2,12,0,49,49,0,98,1,57,50,2,110,90,0,90,200
09/12/2020,ENA,AK,AAL,WE,Federal Contract Tower,0,3,2,0,5,0,50,40,0,90,0,53,42,0,95,78,0,78,173
09/13/2020,ENA,AK,AAL,WE,Federal Contract Tower,2,1,1,0,4,2,28,43,0,73,4,29,44,0,77,50,0,50,127
09/14/2020,ENA,AK,AAL,WE,Federal Contract Tower,0,14,4,0,18,3,64,45,0,112,3,78,49,0,130,102,0,102,232
09/15/2020,ENA,AK,AAL,WE,Federal Contract Tower,0,23,1,0,24,0,39,27,1,67,0,62,28,1,91,22,14,36,127
09/16/2020,ENA,AK,AAL,WE,Federal Contract Tower,0,20,4,0,24,0,40,34,0,74,0,60,38,0,98,50,0,50,148
09/17/2020,ENA,AK,AAL,WE,Federal Contract Tower,0,30,4,0,34,0,36,13,0,49,0,66,17,0,83,34,0,34,117
09/18/2020,ENA,AK,AAL,WE,Federal Contract Tower,0,10,0,0,10,1,52,22,0,75,1,62,22,0,85,18,0,18,103
09/19/2020,ENA,AK,AAL,WE,Federal Contract Tower,0,3,2,0,5,0,32,44,0,76,0,35,46,0,81,48,0,48,129
09/20/2020,ENA,AK,AAL,WE,Federal Contract Tower,0,4,6,0,10,0,15,27,0,42,0,19,33,0,52,10,0,10,62
09/21/2020,ENA,AK,AAL,WE,Federal Contract Tower,0,15,2,2,19,1,64,23,0,88,1,79,25,2,107,26,34,60,167
09/22/2020,ENA,AK,AAL,WE,Federal Contract Tower,0,11,0,0,11,2,55,14,0,71,2,66,14,0,82,36,0,36,118
09/23/2020,ENA,AK,AAL,WE,Federal Contract Tower,0,13,2,0,15,7,68,31,0,106,7,81,33,0,121,56,0,56,177
09/24/2020,ENA,AK,AAL,WE,Federal Contract Tower,0,37,0,0,37,4,33,12,0,49,4,70,12,0,86,34,0,34,120
09/25/2020,ENA,AK,AAL,WE,Federal Contract Tower,0,28,6,0,34,4,38,26,0,68,4,66,32,0,102,90,0,90,192
09/26/2020,ENA,AK,AAL,WE,Federal Contract Tower,0,6,1,0,7,0,20,29,0,49,0,26,30,0,56,14,0,14,70
09/27/2020,ENA,AK,AAL,WE,Federal Contract Tower,0,1,0,0,1,2,17,4,0,23,2,18,4,0,24,6,0,6,30
09/28/2020,ENA,AK,AAL,WE,Federal Contract Tower,0,20,2,5,27,4,51,19,0,74,4,71,21,5,101,60,6,66,167
09/29/2020,ENA,AK,AAL,WE,Federal Contract Tower,0,8,0,0,8,2,59,31,0,92,2,67,31,0,100,57,0,57,157
09/30/2020,ENA,AK,AAL,WE,Federal Contract Tower,0,12,0,0,12,0,39,8,0,47,0,51,8,0,59,10,0,10,69
10/01/2020,ENA,AK,AAL,WE,Federal Contract Tower,0,8,4,0,12,2,51,31,0,84,2,59,35,0,96,40,0,40,136
10/02/2020,ENA,AK,AAL,WE,Federal Contract Tower,0,9,0,0,9,2,34,17,1,54,2,43,17,1,63,54,0,54,117
10/03/2020,ENA,AK,AAL,WE,Federal Contract Tower,0,0,2,0,2,2,23,34,0,59,2,23,36,0,61,62,0,62,123
10/04/2020,ENA,AK,AAL,WE,Federal Contract Tower,0,5,2,0,7,1,12,6,0,19,1,17,8,0,26,32,0,32,58
10/05/2020,ENA,AK,AAL,WE,Federal Contract Tower,0,10,4,0,14,0,54,28,0,82,0,64,32,0,96,104,0,104,200
10/06/2020,ENA,AK,AAL,WE,Federal Contract Tower,0,12,3,0,15,1,49,38,0,88,1,61,41,0,103,44,8,52,155
10/07/2020,ENA,AK,AAL,WE,Federal Contract Tower,2,14,0,0,16,6,47,11,0,64,8,61,11,0,80,54,0,54,134
10/08/2020,ENA,AK,AAL,WE,Federal Contract Tower,0,8,2,0,10,2,39,13,0,54,2,47,15,0,64,52,0,52,116
10/09/2020,ENA,AK,AAL,WE,Federal Contract Tower,0,7,0,0,7,5,49,24,0,78,5,56,24,0,85,92,0,92,177
10/10/2020,ENA,AK,AAL,WE,Federal Contract Tower,0,1,4,0,5,1,14,60,0,75,1,15,64,0,80,64,0,64,144
10/11/2020,ENA,AK,AAL,WE,Federal Contract Tower,0,4,0,1,5,0,15,9,0,24,0,19,9,1,29,40,4,44,73
10/12/2020,ENA,AK,AAL,WE,Federal Contract Tower,0,9,4,0,13,0,43,34,0,77,0,52,38,0,90,30,0,30,120
10/13/2020,ENA,AK,AAL,WE,Federal Contract Tower,0,7,1,0,8,0,63,30,0,93,0,70,31,0,101,58,0,58,159
10/14/2020,ENA,AK,AAL,WE,Federal Contract Tower,0,18,0,2,20,0,52,13,0,65,0,70,13,2,85,44,26,70,155
10/15/2020,ENA,AK,AAL,WE,Federal Contract Tower,0,28,1,2,31,0,24,26,1,51,0,52,27,3,82,39,14,53,135
10/16/2020,ENA,AK,AAL,WE,Federal Contract Tower,0,7,0,0,7,0,44,25,0,69,0,51,25,0,76,68,0,68,144
10/17/2020,ENA,AK,AAL,WE,Federal Contract Tower,0,0,1,0,1,0,20,27,0,47,0,20,28,0,48,62,0,62,110
10/18/2020,ENA,AK,AAL,WE,Federal Contract Tower,0,15,0,0,15,0,8,4,0,12,0,23,4,0,27,4,0,4,31
10/19/2020,ENA,AK,AAL,WE,Federal Contract Tower,0,24,0,0,24,0,33,16,0,49,0,57,16,0,73,56,18,74,147
10/20/2020,ENA,AK,AAL,WE,Federal Contract Tower,0,8,0,0,8,0,42,26,0,68,0,50,26,0,76,104,10,114,190
10/21/2020,ENA,AK,AAL,WE,Federal Contract Tower,0,7,0,0,7,2,59,24,0,85,2,66,24,0,92,18,0,18,110
10/22/2020,ENA,AK,AAL,WE,Federal Contract Tower,0,5,0,0,5,0,62,23,0,85,0,67,23,0,90,38,0,38,128
10/23/2020,ENA,AK,AAL,WE,Federal Contract Tower,0,6,3,0,9,0,41,13,2,56,0,47,16,2,65,44,8,52,117
10/24/2020,ENA,AK,AAL,WE,Federal Contract Tower,0,1,2,0,3,0,21,6,0,27,0,22,8,0,30,10,0,10,40
10/25/2020,ENA,AK,AAL,WE,Federal Contract Tower,0,32,0,0,32,0,3,0,0,3,0,35,0,0,35,4,0,4,39
10/26/2020,ENA,AK,AAL,WE,Federal Contract Tower,0,27,0,0,27,0,19,5,0,24,0,46,5,0,51,32,0,32,83
10/27/2020,ENA,AK,AAL,WE,Federal Contract Tower,0,22,6,2,30,1,43,24,0,68,1,65,30,2,98,106,14,120,218
10/28/2020,ENA,AK,AAL,WE,Federal Contract Tower,0,47,0,0,47,6,24,24,0,54,6,71,24,0,101,56,0,56,157
10/29/2020,ENA,AK,AAL,WE,Federal Contract Tower,0,30,2,0,32,2,44,11,0,57,2,74,13,0,89,40,0,40,129
10/30/2020,ENA,AK,AAL,WE,Federal Contract Tower,0,18,2,0,20,0,48,24,0,72,0,66,26,0,92,62,0,62,154
10/31/2020,ENA,AK,AAL,WE,Federal Contract Tower,0,0,0,0,0,0,24,52,0,76,0,24,52,0,76,32,0,32,108
11/01/2020,ENA,AK,AAL,WE,Federal Contract Tower,0,0,0,0,0,0,20,2,0,22,0,20,2,0,22,0,0,0,22
11/03/2020,ENA,AK,AAL,WE,Federal Contract Tower,0,8,2,1,11,0,47,25,1,73,0,55,27,2,84,91,14,105,189
11/04/2020,ENA,AK,AAL,WE,Federal Contract Tower,0,12,0,0,12,0,49,28,0,77,0,61,28,0,89,72,16,88,177
11/05/2020,ENA,AK,AAL,WE,Federal Contract Tower,0,15,2,0,17,0,37,12,0,49,0,52,14,0,66,30,18,48,114
11/06/2020,ENA,AK,AAL,WE,Federal Contract Tower,0,38,0,0,38,0,2,0,0,2,0,40,0,0,40,0,0,0,40
11/07/2020,ENA,AK,AAL,WE,Federal Contract Tower,0,10,0,0,10,0,0,0,0,0,0,10,0,0,10,0,0,0,10
11/08/2020,ENA,AK,AAL,WE,Federal Contract Tower,0,15,0,0,15,0,0,0,0,0,0,15,0,0,15,0,0,0,15
11/09/2020,ENA,AK,AAL,WE,Federal Contract Tower,0,5,0,0,5,0,49,30,0,79,0,54,30,0,84,120,0,120,204
11/10/2020,ENA,AK,AAL,WE,Federal Contract Tower,0,20,0,0,20,0,29,23,0,52,0,49,23,0,72,54,0,54,126
11/11/2020,ENA,AK,AAL,WE,Federal Contract Tower,0,18,0,0,18,0,33,12,0,45,0,51,12,0,63,34,0,34,97
11/12/2020,ENA,AK,AAL,WE,Federal Contract Tower,0,44,5,0,49,0,0,2,0,2,0,44,7,0,51,0,0,0,51
11/13/2020,ENA,AK,AAL,WE,Federal Contract Tower,0,19,0,0,19,0,28,17,0,45,0,47,17,0,64,72,0,72,136
11/14/2020,ENA,AK,AAL,WE,Federal Contract Tower,0,5,0,0,5,0,18,28,0,46,0,23,28,0,51,60,0,60,111
11/15/2020,ENA,AK,AAL,WE,Federal Contract Tower,0,0,0,0,0,0,21,16,0,37,0,21,16,0,37,82,0,82,119
11/16/2020,ENA,AK,AAL,WE,Federal Contract Tower,0,11,2,0,13,0,52,24,0,76,0,63,26,0,89,101,2,103,192
11/17/2020,ENA,AK,AAL,WE,Federal Contract Tower,0,15,0,0,15,0,41,35,0,76,0,56,35,0,91,64,4,68,159
11/18/2020,ENA,AK,AAL,WE,Federal Contract Tower,0,34,4,0,38,0,25,10,0,35,0,59,14,0,73,58,0,58,131
11/19/2020,ENA,AK,AAL,WE,Federal Contract Tower,0,15,0,0,15,0,49,24,0,73,0,64,24,0,88,76,0,76,164
11/20/2020,ENA,AK,AAL,WE,Federal Contract Tower,0,13,0,0,13,0,34,13,0,47,0,47,13,0,60,28,0,28,88
11/21/2020,ENA,AK,AAL,WE,Federal Contract Tower,0,1,0,0,1,0,13,2,0,15,0,14,2,0,16,6,0,6,22
11/22/2020,ENA,AK,AAL,WE,Federal Contract Tower,0,8,0,0,8,0,19,17,0,36,0,27,17,0,44,60,0,60,104
11/23/2020,ENA,AK,AAL,WE,Federal Contract Tower,0,10,0,0,10,0,31,2,0,33,0,41,2,0,43,24,0,24,67
11/24/2020,ENA,AK,AAL,WE,Federal Contract Tower,0,24,0,0,24,0,44,22,0,66,0,68,22,0,90,84,14,98,188
11/25/2020,ENA,AK,AAL,WE,Federal Contract Tower,0,24,0,0,24,0,25,5,0,30,0,49,5,0,54,0,0,0,54
11/26/2020,ENA,AK,AAL,WE,Federal Contract Tower,0,1,0,0,1,0,15,6,0,21,0,16,6,0,22,38,0,38,60
11/27/2020,ENA,AK,AAL,WE,Federal Contract Tower,0,37,0,0,37,0,3,0,0,3,0,40,0,0,40,0,0,0,40
11/28/2020,ENA,AK,AAL,WE,Federal Contract Tower,0,27,0,0,27,0,47,4,0,51,0,74,4,0,78,60,0,60,138
11/29/2020,ENA,AK,AAL,WE,Federal Contract Tower,0,3,0,0,3,0,9,0,0,9,0,12,0,0,12,14,0,14,26
11/30/2020,ENA,AK,AAL,WE,Federal Contract Tower,0,27,0,0,27,0,47,4,0,51,0,74,4,0,78,60,0,60,138
12/01/2020,ENA,AK,AAL,WE,Federal Contract Tower,0,28,0,0,28,0,50,4,2,56,0,78,4,2,84,64,0,64,148
12/02/2020,ENA,AK,AAL,WE,Federal Contract Tower,0,44,0,0,44,0,29,1,0,30,0,73,1,0,74,24,0,24,98
12/03/2020,ENA,AK,AAL,WE,Federal Contract Tower,0,30,1,0,31,0,45,18,0,63,0,75,19,0,94,134,8,142,236
12/04/2020,ENA,AK,AAL,WE,Federal Contract Tower,0,28,0,0,28,0,48,23,0,71,0,76,23,0,99,100,0,100,199
12/05/2020,ENA,AK,AAL,WE,Federal Contract Tower,0,13,1,0,14,0,31,20,0,51,0,44,21,0,65,74,0,74,139
12/06/2020,ENA,AK,AAL,WE,Federal Contract Tower,0,9,1,0,10,0,19,4,0,23,0,28,5,0,33,46,0,46,79
12/07/2020,ENA,AK,AAL,WE,Federal Contract Tower,0,16,0,0,16,0,37,1,0,38,0,53,1,0,54,16,0,16,70
12/08/2020,ENA,AK,AAL,WE,Federal Contract Tower,0,29,0,0,29,0,29,4,0,33,0,58,4,0,62,42,0,42,104
12/09/2020,ENA,AK,AAL,WE,Federal Contract Tower,0,16,0,1,17,0,57,21,5,83,0,73,21,6,100,70,20,90,190
12/10/2020,ENA,AK,AAL,WE,Federal Contract Tower,0,39,0,0,39,0,17,4,0,21,0,56,4,0,60,20,0,20,80
12/11/2020,ENA,AK,AAL,WE,Federal Contract Tower,0,25,3,0,28,0,51,40,0,91,0,76,43,0,119,36,0,36,155
12/12/2020,ENA,AK,AAL,WE,Federal Contract Tower,0,15,0,0,15,0,26,9,0,35,0,41,9,0,50,100,0,100,150
12/13/2020,ENA,AK,AAL,WE,Federal Contract Tower,0,11,0,0,11,1,27,5,0,33,1,38,5,0,44,72,0,72,116
12/14/2020,ENA,AK,AAL,WE,Federal Contract Tower,0,16,0,1,17,0,47,14,6,67,0,63,14,7,84,30,18,48,132
12/15/2020,ENA,AK,AAL,WE,Federal Contract Tower,0,41,2,0,43,0,0,0,0,0,0,41,2,0,43,0,0,0,43
12/16/2020,ENA,AK,AAL,WE,Federal Contract Tower,0,44,0,0,44,0,26,15,0,41,0,70,15,0,85,20,0,20,105
12/17/2020,ENA,AK,AAL,WE,Federal Contract Tower,0,25,1,0,26,0,39,17,0,56,0,64,18,0,82,48,38,86,168
12/18/2020,ENA,AK,AAL,WE,Federal Contract Tower,0,34,0,0,34,0,34,31,0,65,0,68,31,0,99,78,0,78,177
12/19/2020,ENA,AK,AAL,WE,Federal Contract Tower,0,30,0,0,30,0,0,0,0,0,0,30,0,0,30,0,0,0,30
12/20/2020,ENA,AK,AAL,WE,Federal Contract Tower,0,18,0,0,18,0,10,3,0,13,0,28,3,0,31,14,0,14,45
12/21/2020,ENA,AK,AAL,WE,Federal Contract Tower,0,37,0,3,40,0,7,0,0,7,0,44,0,3,47,0,0,0,47
12/22/2020,ENA,AK,AAL,WE,Federal Contract Tower,0,17,0,0,17,0,14,1,0,15,0,31,1,0,32,0,0,0,32
12/23/2020,ENA,AK,AAL,WE,Federal Contract Tower,0,26,0,0,26,0,46,5,0,51,0,72,5,0,77,22,0,22,99
12/24/2020,ENA,AK,AAL,WE,Federal Contract Tower,0,36,0,0,36,0,28,1,0,29,0,64,1,0,65,0,0,0,65
12/25/2020,ENA,AK,AAL,WE,Federal Contract Tower,0,0,0,0,0,0,0,11,0,11,0,0,11,0,11,32,0,32,43
12/26/2020,ENA,AK,AAL,WE,Federal Contract Tower,0,15,0,0,15,0,16,14,0,30,0,31,14,0,45,42,0,42,87
12/27/2020,ENA,AK,AAL,WE,Federal Contract Tower,0,11,0,0,11,0,18,9,0,27,0,29,9,0,38,22,0,22,60
12/28/2020,ENA,AK,AAL,WE,Federal Contract Tower,0,19,0,0,19,0,38,7,0,45,0,57,7,0,64,20,0,20,84
12/29/2020,ENA,AK,AAL,WE,Federal Contract Tower,0,14,0,0,14,5,44,15,0,64,5,58,15,0,78,34,2,36,114
12/30/2020,ENA,AK,AAL,WE,Federal Contract Tower,0,24,6,1,31,1,38,7,0,46,1,62,13,1,77,34,0,34,111
12/31/2020,ENA,AK,AAL,WE,Federal Contract Tower,0,13,0,0,13,0,45,17,0,62,0,58,17,0,75,44,0,44,119
01/01/2021,ENA,AK,AAL,WE,Federal Contract Tower,0,5,0,0,5,5,4,14,0,23,5,9,14,0,28,44,0,44,72
01/02/2021,ENA,AK,AAL,WE,Federal Contract Tower,0,12,2,0,14,0,13,9,0,22,0,25,11,0,36,16,0,16,52
01/03/2021,ENA,AK,AAL,WE,Federal Contract Tower,0,19,0,0,19,0,7,5,0,12,0,26,5,0,31,0,0,0,31
01/04/2021,ENA,AK,AAL,WE,Federal Contract Tower,0,26,1,0,27,0,21,1,0,22,0,47,2,0,49,10,0,10,59
01/05/2021,ENA,AK,AAL,WE,Federal Contract Tower,0,19,2,0,21,0,47,16,0,63,0,66,18,0,84,22,0,22,106
01/06/2021,ENA,AK,AAL,WE,Federal Contract Tower,0,23,2,2,27,1,40,19,0,60,1,63,21,2,87,26,28,54,141
01/07/2021,ENA,AK,AAL,WE,Federal Contract Tower,0,19,0,0,19,0,33,12,0,45,0,52,12,0,64,38,0,38,102
01/08/2021,ENA,AK,AAL,WE,Federal Contract Tower,0,19,0,0,19,1,44,26,0,71,1,63,26,0,90,48,42,90,180
01/09/2021,ENA,AK,AAL,WE,Federal Contract Tower,0,12,0,0,12,2,24,11,0,37,2,36,11,0,49,38,0,38,87
01/10/2021,ENA,AK,AAL,WE,Federal Contract Tower,0,7,0,0,7,0,23,0,0,23,0,30,0,0,30,26,0,26,56
01/11/2021,ENA,AK,AAL,WE,Federal Contract Tower,0,20,2,0,22,0,39,19,0,58,0,59,21,0,80,64,0,64,144
01/12/2021,ENA,AK,AAL,WE,Federal Contract Tower,0,27,0,0,27,5,42,23,0,70,5,69,23,0,97,79,20,99,196
01/13/2021,ENA,AK,AAL,WE,Federal Contract Tower,0,22,0,0,22,0,41,21,0,62,0,63,21,0,84,54,0,54,138
01/14/2021,ENA,AK,AAL,WE,Federal Contract Tower,0,15,0,0,15,0,40,0,0,40,0,55,0,0,55,22,0,22,77
01/15/2021,ENA,AK,AAL,WE,Federal Contract Tower,0,18,0,0,18,4,30,15,0,49,4,48,15,0,67,44,0,44,111
01/16/2021,ENA,AK,AAL,WE,Federal Contract Tower,0,6,2,0,8,2,16,2,0,20,2,22,4,0,28,14,0,14,42
01/17/2021,ENA,AK,AAL,WE,Federal Contract Tower,0,10,1,0,11,0,32,14,0,46,0,42,15,0,57,36,0,36,93
01/18/2021,ENA,AK,AAL,WE,Federal Contract Tower,0,33,0,0,33,0,4,2,0,6,0,37,2,0,39,5,0,5,44
01/19/2021,ENA,AK,AAL,WE,Federal Contract Tower,0,21,1,0,22,2,48,10,0,60,2,69,11,0,82,24,16,40,122
01/20/2021,ENA,AK,AAL,WE,Federal Contract Tower,0,28,0,1,29,0,40,16,0,56,0,68,16,1,85,65,4,69,154
01/21/2021,ENA,AK,AAL,WE,Federal Contract Tower,0,17,0,0,17,0,38,11,0,49,0,55,11,0,66,82,0,82,148
01/22/2021,ENA,AK,AAL,WE,Federal Contract Tower,0,22,1,0,23,0,38,17,0,55,0,60,18,0,78,80,0,80,158
01/23/2021,ENA,AK,AAL,WE,Federal Contract Tower,0,12,0,0,12,0,4,0,0,4,0,16,0,0,16,10,0,10,26
01/24/2021,ENA,AK,AAL,WE,Federal Contract Tower,0,11,0,0,11,0,20,9,0,29,0,31,9,0,40,12,0,12,52
01/25/2021,ENA,AK,AAL,WE,Federal Contract Tower,0,30,0,0,30,1,29,8,0,38,1,59,8,0,68,122,32,154,222
01/26/2021,ENA,AK,AAL,WE,Federal Contract Tower,0,20,0,2,22,2,73,11,0,86,2,93,11,2,108,152,14,166,274
01/27/2021,ENA,AK,AAL,WE,Federal Contract Tower,0,38,0,0,38,0,38,16,0,54,0,76,16,0,92,110,0,110,202
01/28/2021,ENA,AK,AAL,WE,Federal Contract Tower,0,42,0,0,42,0,14,2,0,16,0,56,2,0,58,18,0,18,76
01/29/2021,ENA,AK,AAL,WE,Federal Contract Tower,0,16,0,0,16,2,52,13,0,67,2,68,13,0,83,120,0,120,203
01/30/2021,ENA,AK,AAL,WE,Federal Contract Tower,0,6,0,0,6,3,33,30,0,66,3,39,30,0,72,130,0,130,202
01/31/2021,ENA,AK,AAL,WE,Federal Contract Tower,0,7,3,0,10,0,30,17,0,47,0,37,20,0,57,82,0,82,139
02/01/2021,ENA,AK,AAL,WE,Federal Contract Tower,0,16,0,3,19,2,57,16,0,75,2,73,16,3,94,59,6,65,159
02/02/2021,ENA,AK,AAL,WE,Federal Contract Tower,0,30,2,0,32,1,30,3,0,34,1,60,5,0,66,43,0,43,109
02/03/2021,ENA,AK,AAL,WE,Federal Contract Tower,0,53,1,0,54,0,21,1,0,22,0,74,2,0,76,2,0,2,78
02/04/2021,ENA,AK,AAL,WE,Federal Contract Tower,0,52,0,0,52,0,3,0,0,3,0,55,0,0,55,10,2,12,67
02/05/2021,ENA,AK,AAL,WE,Federal Contract Tower,0,35,2,0,37,0,23,4,0,27,0,58,6,0,64,34,10,44,108
02/06/2021,ENA,AK,AAL,WE,Federal Contract Tower,0,24,10,0,34,0,0,1,0,1,0,24,11,0,35,0,0,0,35
02/07/2021,ENA,AK,AAL,WE,Federal Contract Tower,0,11,0,0,11,0,20,7,0,27,0,31,7,0,38,36,0,36,74
02/08/2021,ENA,AK,AAL,WE,Federal Contract Tower,0,15,2,2,19,3,57,26,0,86,3,72,28,2,105,71,10,81,186
02/09/2021,ENA,AK,AAL,WE,Federal Contract Tower,0,46,0,0,46,0,22,4,0,26,0,68,4,0,72,8,0,8,80
02/10/2021,ENA,AK,AAL,WE,Federal Contract Tower,0,29,0,0,29,0,27,6,0,33,0,56,6,0,62,74,0,74,136
02/11/2021,ENA,AK,AAL,WE,Federal Contract Tower,0,16,1,0,17,0,31,20,0,51,0,47,21,0,68,50,0,50,118
02/12/2021,ENA,AK,AAL,WE,Federal Contract Tower,0,21,0,0,21,5,57,24,0,86,5,78,24,0,107,105,0,105,212
02/13/2021,ENA,AK,AAL,WE,Federal Contract Tower,0,10,1,0,11,4,25,22,0,51,4,35,23,0,62,66,0,66,128
02/14/2021,ENA,AK,AAL,WE,Federal Contract Tower,0,3,9,0,12,0,17,9,0,26,0,20,18,0,38,70,0,70,108
02/15/2021,ENA,AK,AAL,WE,Federal Contract Tower,0,22,5,0,27,1,40,21,0,62,1,62,26,0,89,82,0,82,171
02/16/2021,ENA,AK,AAL,WE,Federal Contract Tower,0,38,0,0,38,0,11,4,0,15,0,49,4,0,53,12,0,12,65
02/17/2021,ENA,AK,AAL,WE,Federal Contract Tower,0,28,0,2,30,0,27,9,0,36,0,55,9,2,66,60,2,62,128
02/18/2021,ENA,AK,AAL,WE,Federal Contract Tower,0,55,0,0,55,0,0,0,0,0,0,55,0,0,55,0,0,0,55
02/19/2021,ENA,AK,AAL,WE,Federal Contract Tower,0,15,0,0,15,4,48,21,0,73,4,63,21,0,88,142,2,144,232
02/20/2021,ENA,AK,AAL,WE,Federal Contract Tower,0,16,2,0,18,0,5,5,0,10,0,21,7,0,28,8,0,8,36
02/21/2021,ENA,AK,AAL,WE,Federal Contract Tower,0,19,0,0,19,0,18,1,0,19,0,37,1,0,38,36,0,36,74
02/22/2021,ENA,AK,AAL,WE,Federal Contract Tower,0,27,0,0,27,3,59,26,0,88,3,86,26,0,115,98,0,98,213
02/23/2021,ENA,AK,AAL,WE,Federal Contract Tower,0,26,0,0,26,0,26,3,0,29,0,52,3,0,55,14,8,22,77
02/24/2021,ENA,AK,AAL,WE,Federal Contract Tower,0,47,4,0,51,0,3,1,0,4,0,50,5,0,55,0,0,0,55
02/25/2021,ENA,AK,AAL,WE,Federal Contract Tower,0,14,0,0,14,0,59,30,0,89,0,73,30,0,103,147,0,147,250
02/26/2021,ENA,AK,AAL,WE,Federal Contract Tower,0,43,0,0,43,0,0,0,0,0,0,43,0,0,43,0,0,0,43
02/27/2021,ENA,AK,AAL,WE,Federal Contract Tower,0,21,2,0,23,0,2,0,0,2,0,23,2,0,25,0,0,0,25
02/28/2021,ENA,AK,AAL,WE,Federal Contract Tower,0,8,1,0,9,0,33,23,1,57,0,41,24,1,66,102,6,108,174
03/01/2021,ENA,AK,AAL,WE,Federal Contract Tower,0,37,0,0,37,0,7,0,0,7,0,44,0,0,44,0,0,0,44
03/02/2021,ENA,AK,AAL,WE,Federal Contract Tower,0,26,0,0,26,4,46,7,0,57,4,72,7,0,83,30,0,30,113
03/03/2021,ENA,AK,AAL,WE,Federal Contract Tower,0,18,2,0,20,3,53,31,0,87,3,71,33,0,107,42,0,42,149
03/04/2021,ENA,AK,AAL,WE,Federal Contract Tower,0,21,3,0,24,0,45,35,0,80,0,66,38,0,104,46,30,76,180
03/05/2021,ENA,AK,AAL,WE,Federal Contract Tower,0,44,0,0,44,0,2,2,0,4,0,46,2,0,48,6,0,6,54
03/06/2021,ENA,AK,AAL,WE,Federal Contract Tower,0,8,0,0,8,1,14,15,0,30,1,22,15,0,38,24,0,24,62
03/07/2021,ENA,AK,AAL,WE,Federal Contract Tower,0,7,3,0,10,0,17,35,0,52,0,24,38,0,62,111,0,111,173
03/08/2021,ENA,AK,AAL,WE,Federal Contract Tower,0,17,3,0,20,2,41,31,0,74,2,58,34,0,94,44,0,44,138
03/09/2021,ENA,AK,AAL,WE,Federal Contract Tower,0,45,0,0,45,0,19,2,0,21,0,64,2,0,66,2,0,2,68
03/10/2021,ENA,AK,AAL,WE,Federal Contract Tower,0,46,0,2,48,0,8,2,0,10,0,54,2,2,58,0,0,0,58
03/11/2021,ENA,AK,AAL,WE,Federal Contract Tower,0,23,0,0,23,2,36,26,0,64,2,59,26,0,87,104,0,104,191
03/12/2021,ENA,AK,AAL,WE,Federal Contract Tower,0,14,0,0,14,2,36,21,0,59,2,50,21,0,73,54,0,54,127
03/13/2021,ENA,AK,AAL,WE,Federal Contract Tower,0,6,2,0,8,4,10,31,0,45,4,16,33,0,53,78,0,78,131
03/14/2021,ENA,AK,AAL,WE,Federal Contract Tower,0,15,2,0,17,0,4,3,0,7,0,19,5,0,24,14,0,14,38
03/15/2021,ENA,AK,AAL,WE,Federal Contract Tower,0,38,0,0,38,0,29,7,0,36,0,67,7,0,74,16,8,24,98
03/16/2021,ENA,AK,AAL,WE,Federal Contract Tower,0,27,0,1,28,0,42,34,0,76,0,69,34,1,104,74,32,106,210
03/17/2021,ENA,AK,AAL,WE,Federal Contract Tower,0,24,0,0,24,2,65,29,0,96,2,89,29,0,120,150,6,156,276
03/18/2021,ENA,AK,AAL,WE,Federal Contract Tower,0,21,1,0,22,4,51,21,0,76,4,72,22,0,98,92,0,92,190
03/19/2021,ENA,AK,AAL,WE,Federal Contract Tower,0,14,0,0,14,4,56,21,0,81,4,70,21,0,95,108,0,108,203
03/20/2021,ENA,AK,AAL,WE,Federal Contract Tower,0,13,0,0,13,0,8,0,0,8,0,21,0,0,21,4,0,4,25
03/21/2021,ENA,AK,AAL,WE,Federal Contract Tower,0,6,2,0,8,0,25,17,0,42,0,31,19,0,50,42,0,42,92
03/22/2021,ENA,AK,AAL,WE,Federal Contract Tower,0,14,2,0,16,4,47,26,0,77,4,61,28,0,93,46,26,72,165
03/23/2021,ENA,AK,AAL,WE,Federal Contract Tower,0,15,0,0,15,0,40,38,0,78,0,55,38,0,93,40,0,40,133
03/24/2021,ENA,AK,AAL,WE,Federal Contract Tower,0,38,4,3,45,0,24,12,1,37,0,62,16,4,82,32,16,48,130
03/25/2021,ENA,AK,AAL,WE,Federal Contract Tower,0,52,0,0,52,0,12,3,0,15,0,64,3,0,67,16,0,16,83
03/26/2021,ENA,AK,AAL,WE,Federal Contract Tower,0,17,0,0,17,2,41,46,0,89,2,58,46,0,106,60,4,64,170
03/27/2021,ENA,AK,AAL,WE,Federal Contract Tower,0,8,0,0,8,1,19,15,0,35,1,27,15,0,43,0,34,34,77
03/28/2021,ENA,AK,AAL,WE,Federal Contract Tower,0,15,2,0,17,0,11,5,0,16,0,26,7,0,33,40,0,40,73
03/29/2021,ENA,AK,AAL,WE,Federal Contract Tower,0,27,0,0,27,0,31,3,0,34,0,58,3,0,61,12,0,12,73
03/30/2021,ENA,AK,AAL,WE,Federal Contract Tower,0,22,1,0,23,0,48,21,0,69,0,70,22,0,92,78,30,108,200
03/31/2021,ENA,AK,AAL,WE,Federal Contract Tower,0,24,1,0,25,0,43,26,0,69,0,67,27,0,94,64,26,90,184
04/01/2021,ENA,AK,AAL,WE,Federal Contract Tower,0,18,0,2,20,4,40,31,0,75,4,58,31,2,95,48,8,56,151
04/02/2021,ENA,AK,AAL,WE,Federal Contract Tower,0,14,2,0,16,2,44,35,0,81,2,58,37,0,97,60,16,76,173
04/03/2021,ENA,AK,AAL,WE,Federal Contract Tower,0,15,0,0,15,0,14,23,0,37,0,29,23,0,52,42,0,42,94
04/04/2021,ENA,AK,AAL,WE,Federal Contract Tower,0,6,0,0,6,4,17,0,0,21,4,23,0,0,27,8,0,8,35
04/05/2021,ENA,AK,AAL,WE,Federal Contract Tower,0,16,0,0,16,8,44,30,0,82,8,60,30,0,98,65,6,71,169
04/06/2021,ENA,AK,AAL,WE,Federal Contract Tower,0,9,7,3,19,8,64,30,0,102,8,73,37,3,121,68,4,72,193
04/07/2021,ENA,AK,AAL,WE,Federal Contract Tower,2,14,0,0,16,4,51,30,0,85,6,65,30,0,101,74,0,74,175
04/08/2021,ENA,AK,AAL,WE,Federal Contract Tower,0,23,0,2,25,4,39,14,0,57,4,62,14,2,82,18,0,18,100
04/09/2021,ENA,AK,AAL,WE,Federal Contract Tower,0,8,0,0,8,0,31,18,0,49,0,39,18,0,57,48,0,48,105
04/10/2021,ENA,AK,AAL,WE,Federal Contract Tower,0,3,5,0,8,0,13,22,0,35,0,16,27,0,43,48,0,48,91
04/11/2021,ENA,AK,AAL,WE,Federal Contract Tower,0,6,0,0,6,0,12,5,0,17,0,18,5,0,23,12,0,12,35
04/12/2021,ENA,AK,AAL,WE,Federal Contract Tower,0,14,0,0,14,0,36,13,0,49,0,50,13,0,63,34,0,34,97
04/13/2021,ENA,AK,AAL,WE,Federal Contract Tower,0,14,0,8,22,0,39,21,0,60,0,53,21,8,82,54,16,70,152
04/14/2021,ENA,AK,AAL,WE,Federal Contract Tower,0,18,0,4,22,0,35,17,0,52,0,53,17,4,74,26,0,26,100
04/15/2021,ENA,AK,AAL,WE,Federal Contract Tower,2,19,1,12,34,0,44,29,0,73,2,63,30,12,107,76,18,94,201
04/16/2021,ENA,AK,AAL,WE,Federal Contract Tower,0,9,0,0,9,5,51,43,0,99,5,60,43,0,108,102,2,104,212
04/17/2021,ENA,AK,AAL,WE,Federal Contract Tower,0,5,4,0,9,0,15,41,0,56,0,20,45,0,65,36,0,36,101
04/18/2021,ENA,AK,AAL,WE,Federal Contract Tower,0,6,0,0,6,0,19,14,0,33,0,25,14,0,39,32,0,32,71
04/19/2021,ENA,AK,AAL,WE,Federal Contract Tower,0,11,0,0,11,5,49,43,0,97,5,60,43,0,108,110,0,110,218
04/20/2021,ENA,AK,AAL,WE,Federal Contract Tower,0,16,1,0,17,1,60,41,0,102,1,76,42,0,119,102,8,110,229
04/21/2021,ENA,AK,AAL,WE,Federal Contract Tower,0,19,3,2,24,2,55,41,0,98,2,74,44,2,122,104,0,104,226
04/22/2021,ENA,AK,AAL,WE,Federal Contract Tower,0,13,1,0,14,0,53,37,0,90,0,66,38,0,104,200,0,200,304
04/23/2021,ENA,AK,AAL,WE,Federal Contract Tower,0,16,3,0,19,2,45,37,0,84,2,61,40,0,103,92,0,92,195
04/24/2021,ENA,AK,AAL,WE,Federal Contract Tower,0,4,5,0,9,1,15,53,0,69,1,19,58,0,78,48,0,48,126
04/25/2021,ENA,AK,AAL,WE,Federal Contract Tower,0,6,1,0,7,0,20,35,0,55,0,26,36,0,62,92,0,92,154
04/26/2021,ENA,AK,AAL,WE,Federal Contract Tower,4,12,0,0,16,7,53,51,0,111,11,65,51,0,127,82,0,82,209
04/27/2021,ENA,AK,AAL,WE,Federal Contract Tower,0,11,0,0,11,1,55,48,0,104,1,66,48,0,115,140,0,140,255
04/28/2021,ENA,AK,AAL,WE,Federal Contract Tower,0,14,2,2,18,1,46,74,2,123,1,60,76,4,141,112,36,148,289
04/29/2021,ENA,AK,AAL,WE,Federal Contract Tower,0,39,0,8,47,4,48,16,0,68,4,87,16,8,115,26,12,38,153
04/30/2021,ENA,AK,AAL,WE,Federal Contract Tower,0,21,2,0,23,5,38,23,0,66,5,59,25,0,89,60,0,60,149
05/01/2021,ENA,AK,AAL,WE,Federal Contract Tower,0,6,0,0,6,5,26,28,0,59,5,32,28,0,65,92,0,92,157
05/02/2021,ENA,AK,AAL,WE,Federal Contract Tower,0,7,0,0,7,4,31,15,0,50,4,38,15,0,57,64,8,72,129
05/03/2021,ENA,AK,AAL,WE,Federal Contract Tower,0,15,1,0,16,6,63,36,0,105,6,78,37,0,121,62,0,62,183
05/04/2021,ENA,AK,AAL,WE,Federal Contract Tower,0,17,0,4,21,7,67,54,0,128,7,84,54,4,149,86,36,122,271
05/05/2021,ENA,AK,AAL,WE,Federal Contract Tower,0,17,2,0,19,2,58,41,0,101,2,75,43,0,120,77,16,93,213
05/06/2021,ENA,AK,AAL,WE,Federal Contract Tower,0,15,1,2,18,4,63,43,0,110,4,78,44,2,128,68,4,72,200
05/07/2021,ENA,AK,AAL,WE,Federal Contract Tower,0,17,0,0,17,1,47,66,0,114,1,64,66,0,131,56,0,56,187
05/08/2021,ENA,AK,AAL,WE,Federal Contract Tower,0,4,0,0,4,0,13,38,0,51,0,17,38,0,55,28,12,40,95
05/09/2021,ENA,AK,AAL,WE,Federal Contract Tower,0,9,2,0,11,0,16,14,0,30,0,25,16,0,41,6,0,6,47
05/10/2021,ENA,AK,AAL,WE,Federal Contract Tower,0,16,2,2,20,5,52,52,0,109,5,68,54,2,129,65,6,71,200
05/11/2021,ENA,AK,AAL,WE,Federal Contract Tower,0,19,3,0,22,5,63,26,0,94,5,82,29,0,116,58,12,70,186
05/12/2021,ENA,AK,AAL,WE,Federal Contract Tower,0,33,0,4,37,11,60,44,0,115,11,93,44,4,152,70,8,78,230
05/13/2021,ENA,AK,AAL,WE,Federal Contract Tower,0,11,0,1,12,4,70,52,0,126,4,81,52,1,138,80,6,86,224
05/14/2021,ENA,AK,AAL,WE,Federal Contract Tower,0,17,1,2,20,2,55,70,0,127,2,72,71,2,147,57,6,63,210
05/15/2021,ENA,AK,AAL,WE,Federal Contract Tower,0,8,3,0,11,0,25,32,0,57,0,33,35,0,68,142,0,142,210
05/16/2021,ENA,AK,AAL,WE,Federal Contract Tower,0,14,2,0,16,0,8,27,4,39,0,22,29,4,55,82,0,82,137
05/17/2021,ENA,AK,AAL,WE,Federal Contract Tower,0,17,6,4,27,0,53,49,0,102,0,70,55,4,129,73,12,85,214
05/18/2021,ENA,AK,AAL,WE,Federal Contract Tower,0,15,3,0,18,2,59,67,0,128,2,74,70,0,146,88,0,88,234
05/19/2021,ENA,AK,AAL,WE,Federal Contract Tower,0,34,0,0,34,4,45,20,0,69,4,79,20,0,103,57,0,57,160
05/20/2021,ENA,AK,AAL,WE,Federal Contract Tower,0,25,4,0,29,0,52,20,0,72,0,77,24,0,101,46,0,46,147
05/21/2021,ENA,AK,AAL,WE,Federal Contract Tower,0,22,4,0,26,3,44,24,0,71,3,66,28,0,97,82,0,82,179
05/22/2021,ENA,AK,AAL,WE,Federal Contract Tower,0,10,4,0,14,0,11,45,0,56,0,21,49,0,70,44,0,44,114
05/23/2021,ENA,AK,AAL,WE,Federal Contract Tower,0,11,2,0,13,0,25,36,0,61,0,36,38,0,74,36,0,36,110
05/24/2021,ENA,AK,AAL,WE,Federal Contract Tower,0,16,0,1,17,1,61,63,0,125,1,77,63,1,142,56,4,60,202
05/25/2021,ENA,AK,AAL,WE,Federal Contract Tower,0,14,4,4,22,4,72,70,0,146,4,86,74,4,168,82,0,82,250
05/26/2021,ENA,AK,AAL,WE,Federal Contract Tower,0,21,0,4,25,4,61,62,0,127,4,82,62,4,152,82,0,82,234
05/27/2021,ENA,AK,AAL,WE,Federal Contract Tower,0,15,1,0,16,3,51,26,0,80,3,66,27,0,96,24,0,24,120
05/28/2021,ENA,AK,AAL,WE,Federal Contract Tower,0,66,9,0,75,0,4,3,0,7,0,70,12,0,82,2,0,2,84
05/29/2021,ENA,AK,AAL,WE,Federal Contract Tower,0,15,6,0,21,0,5,14,0,19,0,20,20,0,40,20,0,20,60
05/30/2021,ENA,AK,AAL,WE,Federal Contract Tower,0,10,1,0,11,0,25,15,0,40,0,35,16,0,51,66,0,66,117
06/01/2021,ENA,AK,AAL,WE,Federal Contract Tower,0,21,0,0,21,1,51,32,0,84,1,72,32,0,105,50,28,78,183
06/02/2021,ENA,AK,AAL,WE,Federal Contract Tower,0,21,1,0,22,4,58,80,2,144,4,79,81,2,166,132,12,144,310
06/03/2021,ENA,AK,AAL,WE,Federal Contract Tower,0,23,2,2,27,0,71,66,1,138,0,94,68,3,165,106,6,112,277
06/04/2021,ENA,AK,AAL,WE,Federal Contract Tower,0,25,3,0,28,0,58,57,0,115,0,83,60,0,143,158,0,158,301
06/05/2021,ENA,AK,AAL,WE,Federal Contract Tower,0,8,2,0,10,2,32,63,0,97,2,40,65,0,107,70,0,70,177
06/06/2021,ENA,AK,AAL,WE,Federal Contract Tower,0,9,2,0,11,0,34,55,0,89,0,43,57,0,100,108,0,108,208
06/07/2021,ENA,AK,AAL,WE,Federal Contract Tower,4,16,4,0,24,1,39,41,1,82,5,55,45,1,106,68,0,68,174
06/08/2021,ENA,AK,AAL,WE,Federal Contract Tower,2,28,1,1,32,1,69,38,1,109,3,97,39,2,141,98,6,104,245
06/09/2021,ENA,AK,AAL,WE,Federal Contract Tower,2,34,5,2,43,2,72,43,0,117,4,106,48,2,160,48,10,58,218
06/10/2021,ENA,AK,AAL,WE,Federal Contract Tower,0,19,7,0,26,0,74,55,0,129,0,93,62,0,155,136,32,168,323
06/11/2021,ENA,AK,AAL,WE,Federal Contract Tower,0,32,1,0,33,4,40,54,0,98,4,72,55,0,131,118,0,118,249
06/12/2021,ENA,AK,AAL,WE,Federal Contract Tower,0,10,1,0,11,4,32,51,1,88,4,42,52,1,99,76,0,76,175
06/13/2021,ENA,AK,AAL,WE,Federal Contract Tower,0,10,3,0,13,13,39,41,0,93,13,49,44,0,106,92,0,92,198
06/14/2021,ENA,AK,AAL,WE,Federal Contract Tower,0,24,2,3,29,1,69,56,0,126,1,93,58,3,155,100,6,106,261
06/15/2021,ENA,AK,AAL,WE,Federal Contract Tower,0,25,4,2,31,1,56,47,0,104,1,81,51,2,135,38,0,38,173
06/16/2021,ENA,AK,AAL,WE,Federal Contract Tower,0,45,0,1,46,0,45,34,0,79,0,90,34,1,125,128,0,128,253
06/17/2021,ENA,AK,AAL,WE,Federal Contract Tower,0,43,0,0,43,0,62,72,0,134,0,105,72,0,177,106,0,106,283
06/18/2021,ENA,AK,AAL,WE,Federal Contract Tower,0,27,0,0,27,5,56,77,0,138,5,83,77,0,165,120,0,120,285
06/19/2021,ENA,AK,AAL,WE,Federal Contract Tower,0,14,7,0,21,2,22,35,0,59,2,36,42,0,80,72,0,72,152
06/20/2021,ENA,AK,AAL,WE,Federal Contract Tower,0,12,2,0,14,0,41,33,0,74,0,53,35,0,88,106,0,106,194
06/21/2021,ENA,AK,AAL,WE,Federal Contract Tower,1,52,9,0,62,0,30,27,0,57,1,82,36,0,119,42,0,42,161
06/22/2021,ENA,AK,AAL,WE,Federal Contract Tower,0,37,4,0,41,4,72,62,0,138,4,109,66,0,179,112,6,118,297
06/23/2021,ENA,AK,AAL,WE,Federal Contract Tower,2,33,1,0,36,13,55,43,0,111,15,88,44,0,147,114,0,114,261
06/24/2021,ENA,AK,AAL,WE,Federal Contract Tower,0,41,2,0,43,2,61,52,0,115,2,102,54,0,158,54,16,70,228
06/25/2021,ENA,AK,AAL,WE,Federal Contract Tower,0,30,0,0,30,1,42,47,0,90,1,72,47,0,120,128,4,132,252
06/26/2021,ENA,AK,AAL,WE,Federal Contract Tower,0,18,1,0,19,0,20,52,0,72,0,38,53,0,91,78,0,78,169
06/27/2021,ENA,AK,AAL,WE,Federal Contract Tower,2,14,3,0,19,0,26,36,0,62,2,40,39,0,81,28,0,28,109
06/28/2021,ENA,AK,AAL,WE,Federal Contract Tower,0,40,0,2,42,1,42,37,8,88,1,82,37,10,130,54,0,54,184
06/29/2021,ENA,AK,AAL,WE,Federal Contract Tower,0,27,3,2,32,9,75,41,4,129,9,102,44,6,161,114,28,142,303
06/30/2021,ENA,AK,AAL,WE,Federal Contract Tower,0,35,2,0,37,12,62,66,0,140,12,97,68,0,177,92,0,92,269
07/01/2021,ENA,AK,AAL,WE,Federal Contract Tower,0,23,6,2,31,10,69,58,0,137,10,92,64,2,168,130,42,172,340
07/02/2021,ENA,AK,AAL,WE,Federal Contract Tower,0,24,4,0,28,2,43,34,0,79,2,67,38,0,107,56,0,56,163
07/03/2021,ENA,AK,AAL,WE,Federal Contract Tower,0,23,0,0,23,0,15,44,0,59,0,38,44,0,82,46,0,46,128
07/04/2021,ENA,AK,AAL,WE,Federal Contract Tower,0,11,0,0,11,0,15,27,0,42,0,26,27,0,53,40,0,40,93
07/05/2021,ENA,AK,AAL,WE,Federal Contract Tower,0,56,2,0,58,0,8,14,0,22,0,64,16,0,80,20,0,20,100
07/06/2021,ENA,AK,AAL,WE,Federal Contract Tower,0,45,1,0,46,0,38,16,2,56,0,83,17,2,102,14,0,14,116
07/07/2021,ENA,AK,AAL,WE,Federal Contract Tower,0,29,3,2,34,1,66,49,0,116,1,95,52,2,150,54,4,58,208
07/08/2021,ENA,AK,AAL,WE,Federal Contract Tower,0,32,1,4,37,3,72,43,0,118,3,104,44,4,155,78,0,78,233
07/09/2021,ENA,AK,AAL,WE,Federal Contract Tower,0,33,2,0,35,2,40,40,0,82,2,73,42,0,117,54,0,54,171
07/10/2021,ENA,AK,AAL,WE,Federal Contract Tower,0,15,1,0,16,0,23,30,0,53,0,38,31,0,69,90,0,90,159
07/11/2021,ENA,AK,AAL,WE,Federal Contract Tower,0,26,2,0,28,0,19,16,0,35,0,45,18,0,63,8,0,8,71
07/12/2021,ENA,AK,AAL,WE,Federal Contract Tower,0,28,2,0,30,2,55,53,0,110,2,83,55,0,140,60,0,60,200
07/13/2021,ENA,AK,AAL,WE,Federal Contract Tower,0,59,6,0,65,0,27,22,0,49,0,86,28,0,114,38,0,38,152
07/14/2021,ENA,AK,AAL,WE,Federal Contract Tower,0,30,4,1,35,0,61,68,0,129,0,91,72,1,164,84,24,108,272
07/15/2021,ENA,AK,AAL,WE,Federal Contract Tower,0,29,2,2,33,1,69,50,0,120,1,98,52,2,153,130,16,146,299
07/16/2021,ENA,AK,AAL,WE,Federal Contract Tower,0,26,2,0,28,5,56,53,0,114,5,82,55,0,142,106,0,106,248
07/17/2021,ENA,AK,AAL,WE,Federal Contract Tower,0,17,1,0,18,4,17,51,0,72,4,34,52,0,90,14,0,14,104
07/18/2021,ENA,AK,AAL,WE,Federal Contract Tower,0,17,1,0,18,0,30,55,0,85,0,47,56,0,103,56,0,56,159
07/19/2021,ENA,AK,AAL,WE,Federal Contract Tower,0,30,1,1,32,2,48,65,0,115,2,78,66,1,147,70,16,86,233
07/20/2021,ENA,AK,AAL,WE,Federal Contract Tower,0,48,3,0,51,3,31,24,0,58,3,79,27,0,109,22,0,22,131
07/21/2021,ENA,AK,AAL,WE,Federal Contract Tower,0,58,7,4,69,1,19,22,0,42,1,77,29,4,111,20,6,26,137
07/22/2021,ENA,AK,AAL,WE,Federal Contract Tower,0,39,7,1,47,7,62,62,2,133,7,101,69,3,180,28,6,34,214
07/23/2021,ENA,AK,AAL,WE,Federal Contract Tower,0,28,1,0,29,4,61,67,0,132,4,89,68,0,161,44,0,44,205
07/24/2021,ENA,AK,AAL,WE,Federal Contract Tower,0,37,13,0,50,1,15,16,0,32,1,52,29,0,82,0,0,0,82
07/25/2021,ENA,AK,AAL,WE,Federal Contract Tower,0,20,4,0,24,0,29,50,0,79,0,49,54,0,103,10,0,10,113
07/26/2021,ENA,AK,AAL,WE,Federal Contract Tower,0,51,4,0,55,0,64,51,0,115,0,115,55,0,170,40,0,40,210
07/27/2021,ENA,AK,AAL,WE,Federal Contract Tower,0,30,1,0,31,0,63,62,0,125,0,93,63,0,156,50,0,50,206
07/28/2021,ENA,AK,AAL,WE,Federal Contract Tower,0,27,0,2,29,0,62,33,0,95,0,89,33,2,124,14,2,16,140
07/29/2021,ENA,AK,AAL,WE,Federal Contract Tower,1,55,4,0,60,5,43,38,0,86,6,98,42,0,146,26,0,26,172
07/30/2021,ENA,AK,AAL,WE,Federal Contract Tower,0,36,2,0,38,12,62,66,0,140,12,98,68,0,178,96,0,96,274
07/31/2021,ENA,AK,AAL,WE,Federal Contract Tower,0,18,0,0,18,0,31,37,0,68,0,49,37,0,86,52,0,52,138
08/01/2021,ENA,AK,AAL,WE,Federal Contract Tower,0,18,1,0,19,0,33,31,0,64,0,51,32,0,83,42,0,42,125
08/02/2021,ENA,AK,AAL,WE,Federal Contract Tower,0,55,3,0,58,0,38,45,0,83,0,93,48,0,141,20,0,20,161
08/03/2021,ENA,AK,AAL,WE,Federal Contract Tower,0,30,6,0,36,0,57,45,0,102,0,87,51,0,138,42,0,42,180
08/04/2021,ENA,AK,AAL,WE,Federal Contract Tower,0,28,4,0,32,0,59,69,0,128,0,87,73,0,160,136,14,150,310
08/05/2021,ENA,AK,AAL,WE,Federal Contract Tower,0,48,1,0,49,0,52,57,0,109,0,100,58,0,158,94,0,94,252
08/06/2021,ENA,AK,AAL,WE,Federal Contract Tower,0,60,5,0,65,0,22,28,0,50,0,82,33,0,115,10,0,10,125
08/07/2021,ENA,AK,AAL,WE,Federal Contract Tower,0,21,2,0,23,2,18,33,0,53,2,39,35,0,76,26,0,26,102
08/08/2021,ENA,AK,AAL,WE,Federal Contract Tower,0,36,1,0,37,0,7,5,0,12,0,43,6,0,49,6,0,6,55
08/09/2021,ENA,AK,AAL,WE,Federal Contract Tower,0,27,0,0,27,4,73,50,0,127,4,100,50,0,154,94,18,112,266
08/10/2021,ENA,AK,AAL,WE,Federal Contract Tower,0,36,3,0,39,2,52,25,0,79,2,88,28,0,118,58,18,76,194
08/11/2021,ENA,AK,AAL,WE,Federal Contract Tower,0,27,0,1,28,4,44,42,1,91,4,71,42,2,119,88,16,104,223
08/12/2021,ENA,AK,AAL,WE,Federal Contract Tower,0,53,1,0,54,0,29,27,0,56,0,82,28,0,110,26,0,26,136
08/13/2021,ENA,AK,AAL,WE,Federal Contract Tower,0,27,0,0,27,4,50,69,0,123,4,77,69,0,150,60,0,60,210
08/14/2021,ENA,AK,AAL,WE,Federal Contract Tower,0,15,0,0,15,2,30,39,0,71,2,45,39,0,86,14,0,14,100
08/15/2021,ENA,AK,AAL,WE,Federal Contract Tower,0,18,1,0,19,1,39,60,0,100,1,57,61,0,119,62,0,62,181
08/16/2021,ENA,AK,AAL,WE,Federal Contract Tower,0,29,0,2,31,1,53,45,0,99,1,82,45,2,130,67,8,75,205
08/17/2021,ENA,AK,AAL,WE,Federal Contract Tower,0,32,1,3,36,5,60,35,0,100,5,92,36,3,136,50,20,70,206
08/18/2021,ENA,AK,AAL,WE,Federal Contract Tower,0,44,1,0,45,0,63,51,0,114,0,107,52,0,159,104,14,118,277
08/19/2021,ENA,AK,AAL,WE,Federal Contract Tower,0,26,2,2,30,2,57,34,0,93,2,83,36,2,123,58,0,58,181
08/20/2021,ENA,AK,AAL,WE,Federal Contract Tower,0,32,1,0,33,0,50,42,5,97,0,82,43,5,130,34,2,36,166
08/21/2021,ENA,AK,AAL,WE,Federal Contract Tower,0,16,2,0,18,3,23,46,0,72,3,39,48,0,90,60,0,60,150
08/22/2021,ENA,AK,AAL,WE,Federal Contract Tower,0,32,8,0,40,1,24,6,0,31,1,56,14,0,71,22,0,22,93
08/23/2021,ENA,AK,AAL,WE,Federal Contract Tower,0,28,3,4,35,0,47,38,0,85,0,75,41,4,120,50,4,54,174
08/24/2021,ENA,AK,AAL,WE,Federal Contract Tower,0,41,3,4,48,3,54,33,0,90,3,95,36,4,138,48,0,48,186
08/25/2021,ENA,AK,AAL,WE,Federal Contract Tower,0,45,0,2,47,1,37,32,2,72,1,82,32,4,119,92,12,104,223
08/26/2021,ENA,AK,AAL,WE,Federal Contract Tower,0,50,9,2,61,3,62,41,1,107,3,112,50,3,168,66,40,106,274
08/27/2021,ENA,AK,AAL,WE,Federal Contract Tower,0,33,0,4,37,0,49,47,0,96,0,82,47,4,133,83,0,83,216
08/28/2021,ENA,AK,AAL,WE,Federal Contract Tower,0,16,1,0,17,0,34,68,0,102,0,50,69,0,119,24,0,24,143
08/29/2021,ENA,AK,AAL,WE,Federal Contract Tower,0,17,0,0,17,0,27,51,0,78,0,44,51,0,95,42,22,64,159
08/30/2021,ENA,AK,AAL,WE,Federal Contract Tower,0,28,0,0,28,0,44,63,0,107,0,72,63,0,135,64,0,64,199
08/31/2021,ENA,AK,AAL,WE,Federal Contract Tower,0,36,7,0,43,4,59,37,0,100,4,95,44,0,143,106,26,132,275
09/01/2021,ENA,AK,AAL,WE,Federal Contract Tower,0,27,1,0,28,4,38,41,1,84,4,65,42,1,112,96,0,96,208
09/02/2021,ENA,AK,AAL,WE,Federal Contract Tower,0,50,0,2,52,0,19,14,0,33,0,69,14,2,85,26,0,26,111
09/03/2021,ENA,AK,AAL,WE,Federal Contract Tower,0,27,6,0,33,0,43,50,0,93,0,70,56,0,126,38,0,38,164
09/04/2021,ENA,AK,AAL,WE,Federal Contract Tower,0,16,2,0,18,0,15,20,0,35,0,31,22,0,53,74,0,74,127
09/05/2021,ENA,AK,AAL,WE,Federal Contract Tower,0,21,1,0,22,0,15,27,0,42,0,36,28,0,64,20,0,20,84
09/06/2021,ENA,AK,AAL,WE,Federal Contract Tower,0,22,0,0,22,0,42,55,0,97,0,64,55,0,119,42,0,42,161
09/07/2021,ENA,AK,AAL,WE,Federal Contract Tower,0,23,1,4,28,4,63,42,0,109,4,86,43,4,137,60,6,66,203
09/08/2021,ENA,AK,AAL,WE,Federal Contract Tower,0,42,4,0,46,0,31,20,0,51,0,73,24,0,97,28,0,28,125
09/09/2021,ENA,AK,AAL,WE,Federal Contract Tower,0,23,0,0,23,0,68,20,0,88,0,91,20,0,111,120,0,120,231
09/10/2021,ENA,AK,AAL,WE,Federal Contract Tower,0,24,0,0,24,0,68,50,0,118,0,92,50,0,142,124,0,124,266
09/11/2021,ENA,AK,AAL,WE,Federal Contract Tower,0,16,2,0,18,0,50,56,0,106,0,66,58,0,124,72,0,72,196
09/12/2021,ENA,AK,AAL,WE,Federal Contract Tower,0,12,0,0,12,0,15,10,0,25,0,27,10,0,37,4,0,4,41
09/13/2021,ENA,AK,AAL,WE,Federal Contract Tower,0,24,0,4,28,0,48,26,1,75,0,72,26,5,103,56,6,62,165
09/14/2021,ENA,AK,AAL,WE,Federal Contract Tower,0,24,2,4,30,0,70,54,2,126,0,94,56,6,156,122,18,140,296
09/15/2021,ENA,AK,AAL,WE,Federal Contract Tower,0,28,3,0,31,0,58,30,0,88,0,86,33,0,119,62,0,62,181
09/16/2021,ENA,AK,AAL,WE,Federal Contract Tower,0,44,2,0,46,2,54,13,0,69,2,98,15,0,115,52,16,68,183
09/17/2021,ENA,AK,AAL,WE,Federal Contract Tower,0,26,1,0,27,2,59,61,0,122,2,85,62,0,149,96,0,96,245
09/18/2021,ENA,AK,AAL,WE,Federal Contract Tower,0,12,3,0,15,0,24,72,0,96,0,36,75,0,111,58,0,58,169
09/19/2021,ENA,AK,AAL,WE,Federal Contract Tower,0,9,3,0,12,0,27,48,0,75,0,36,51,0,87,40,0,40,127
09/20/2021,ENA,AK,AAL,WE,Federal Contract Tower,0,19,1,2,22,0,59,36,0,95,0,78,37,2,117,100,22,122,239
09/21/2021,ENA,AK,AAL,WE,Federal Contract Tower,0,28,2,1,31,0,54,16,0,70,0,82,18,1,101,18,2,20,121
09/22/2021,ENA,AK,AAL,WE,Federal Contract Tower,0,25,7,1,33,3,63,69,0,135,3,88,76,1,168,72,14,86,254
09/23/2021,ENA,AK,AAL,WE,Federal Contract Tower,0,26,2,0,28,1,40,5,0,46,1,66,7,0,74,28,0,28,102
09/24/2021,ENA,AK,AAL,WE,Federal Contract Tower,0,53,1,0,54,3,33,8,0,44,3,86,9,0,98,6,0,6,104
09/25/2021,ENA,AK,AAL,WE,Federal Contract Tower,0,22,1,0,23,5,28,38,0,71,5,50,39,0,94,26,0,26,120
09/26/2021,ENA,AK,AAL,WE,Federal Contract Tower,0,12,1,0,13,0,31,41,0,72,0,43,42,0,85,72,0,72,157
09/27/2021,ENA,AK,AAL,WE,Federal Contract Tower,0,25,4,3,32,4,56,41,0,101,4,81,45,3,133,72,16,88,221
09/28/2021,ENA,AK,AAL,WE,Federal Contract Tower,0,20,0,0,20,2,69,37,0,108,2,89,37,0,128,64,0,64,192
09/29/2021,ENA,AK,AAL,WE,Federal Contract Tower,0,22,2,0,24,6,56,31,0,93,6,78,33,0,117,70,32,102,219
09/30/2021,ENA,AK,AAL,WE,Federal Contract Tower,0,17,2,0,19,4,63,22,0,89,4,80,24,0,108,94,4,98,206
10/01/2021,ENA,AK,AAL,WE,Federal Contract Tower,0,20,3,0,23,2,62,36,0,100,2,82,39,0,123,56,0,56,179
10/02/2021,ENA,AK,AAL,WE,Federal Contract Tower,0,18,0,0,18,0,22,10,0,32,0,40,10,0,50,80,0,80,130
10/03/2021,ENA,AK,AAL,WE,Federal Contract Tower,0,12,4,0,16,0,20,27,0,47,0,32,31,0,63,36,0,36,99
10/04/2021,ENA,AK,AAL,WE,Federal Contract Tower,0,16,1,0,17,2,45,21,0,68,2,61,22,0,85,106,0,106,191
10/05/2021,ENA,AK,AAL,WE,Federal Contract Tower,0,30,0,0,30,5,46,11,8,70,5,76,11,8,100,36,14,50,150
10/06/2021,ENA,AK,AAL,WE,Federal Contract Tower,0,43,0,0,43,0,33,6,0,39,0,76,6,0,82,22,12,34,116
10/07/2021,ENA,AK,AAL,WE,Federal Contract Tower,0,32,0,1,33,0,59,37,0,96,0,91,37,1,129,116,14,130,259
10/08/2021,ENA,AK,AAL,WE,Federal Contract Tower,0,39,1,1,41,0,25,9,0,34,0,64,10,1,75,8,0,8,83
10/09/2021,ENA,AK,AAL,WE,Federal Contract Tower,0,25,0,0,25,0,18,10,0,28,0,43,10,0,53,30,0,30,83
10/10/2021,ENA,AK,AAL,WE,Federal Contract Tower,0,10,1,0,11,0,0,0,0,0,0,10,1,0,11,36,0,36,47
10/11/2021,ENA,AK,AAL,WE,Federal Contract Tower,0,17,0,0,17,0,42,6,0,48,0,59,6,0,65,42,0,42,107
10/12/2021,ENA,AK,AAL,WE,Federal Contract Tower,0,13,4,3,20,2,43,40,0,85,2,56,44,3,105,54,12,66,171
10/13/2021,ENA,AK,AAL,WE,Federal Contract Tower,0,21,4,0,25,0,53,24,0,77,0,74,28,0,102,50,0,50,152
10/14/2021,ENA,AK,AAL,WE,Federal Contract Tower,0,48,0,0,48,0,25,12,0,37,0,73,12,0,85,18,0,18,103
10/15/2021,ENA,AK,AAL,WE,Federal Contract Tower,0,22,0,0,22,0,42,18,0,60,0,64,18,0,82,26,0,26,108
10/16/2021,ENA,AK,AAL,WE,Federal Contract Tower,0,14,2,0,16,0,34,35,0,69,0,48,37,0,85,56,0,56,141
10/17/2021,ENA,AK,AAL,WE,Federal Contract Tower,0,12,0,0,12,0,21,8,0,29,0,33,8,0,41,18,0,18,59
10/18/2021,ENA,AK,AAL,WE,Federal Contract Tower,0,23,2,4,29,1,55,24,0,80,1,78,26,4,109,68,12,80,189
10/19/2021,ENA,AK,AAL,WE,Federal Contract Tower,0,17,0,0,17,0,55,10,0,65,0,72,10,0,82,32,6,38,120
10/20/2021,ENA,AK,AAL,WE,Federal Contract Tower,0,42,2,0,44,0,27,13,0,40,0,69,15,0,84,28,0,28,112
10/21/2021,ENA,AK,AAL,WE,Federal Contract Tower,1,25,3,0,29,0,59,25,0,84,1,84,28,0,113,76,0,76,189
10/22/2021,ENA,AK,AAL,WE,Federal Contract Tower,2,20,4,0,26,0,41,25,0,66,2,61,29,0,92,46,22,68,160
10/23/2021,ENA,AK,AAL,WE,Federal Contract Tower,0,5,0,0,5,0,24,84,0,108,0,29,84,0,113,18,0,18,131
10/24/2021,ENA,AK,AAL,WE,Federal Contract Tower,0,8,1,0,9,0,21,23,0,44,0,29,24,0,53,28,0,28,81
10/25/2021,ENA,AK,AAL,WE,Federal Contract Tower,0,22,0,0,22,0,47,25,0,72,0,69,25,0,94,88,0,88,182
10/26/2021,ENA,AK,AAL,WE,Federal Contract Tower,0,12,1,0,13,1,50,17,0,68,1,62,18,0,81,42,4,46,127
10/27/2021,ENA,AK,AAL,WE,Federal Contract Tower,0,21,1,2,24,6,61,36,0,103,6,82,37,2,127,80,6,86,213
10/28/2021,ENA,AK,AAL,WE,Federal Contract Tower,0,51,0,0,51,0,6,2,0,8,0,57,2,0,59,18,0,18,77
10/29/2021,ENA,AK,AAL,WE,Federal Contract Tower,0,28,0,0,28,4,37,20,0,61,4,65,20,0,89,32,0,32,121
10/30/2021,ENA,AK,AAL,WE,Federal Contract Tower,0,6,0,0,6,0,11,0,0,11,0,17,0,0,17,0,0,0,17
10/31/2021,ENA,AK,AAL,WE,Federal Contract Tower,0,6,0,0,6,0,24,1,0,25,0,30,1,0,31,12,0,12,43
11/01/2021,ENA,AK,AAL,WE,Federal Contract Tower,0,60,0,0,60,0,38,16,0,54,0,98,16,0,114,92,0,92,206
11/02/2021,ENA,AK,AAL,WE,Federal Contract Tower,0,56,0,0,56,0,1,0,0,1,0,57,0,0,57,0,0,0,57
11/03/2021,ENA,AK,AAL,WE,Federal Contract Tower,0,41,4,0,45,2,41,26,0,69,2,82,30,0,114,106,0,106,220
11/04/2021,ENA,AK,AAL,WE,Federal Contract Tower,0,52,1,0,53,1,10,2,0,13,1,62,3,0,66,6,0,6,72
11/05/2021,ENA,AK,AAL,WE,Federal Contract Tower,0,30,1,0,31,1,37,34,0,72,1,67,35,0,103,20,0,20,123
11/06/2021,ENA,AK,AAL,WE,Federal Contract Tower,0,18,1,0,19,0,14,11,0,25,0,32,12,0,44,12,0,12,56
11/07/2021,ENA,AK,AAL,WE,Federal Contract Tower,0,28,0,0,28,0,8,7,0,15,0,36,7,0,43,4,0,4,47
11/08/2021,ENA,AK,AAL,WE,Federal Contract Tower,0,30,0,0,30,0,39,15,1,55,0,69,15,1,85,45,8,53,138
11/09/2021,ENA,AK,AAL,WE,Federal Contract Tower,0,22,9,1,32,0,53,16,0,69,0,75,25,1,101,40,28,68,169
11/10/2021,ENA,AK,AAL,WE,Federal Contract Tower,0,27,0,0,27,0,43,11,0,54,0,70,11,0,81,48,10,58,139
11/11/2021,ENA,AK,AAL,WE,Federal Contract Tower,0,45,0,0,45,0,23,15,0,38,0,68,15,0,83,40,0,40,123
11/12/2021,ENA,AK,AAL,WE,Federal Contract Tower,1,49,1,0,51,0,33,10,0,43,1,82,11,0,94,48,0,48,142
11/13/2021,ENA,AK,AAL,WE,Federal Contract Tower,0,12,7,0,19,1,34,19,0,54,1,46,26,0,73,64,2,66,139
11/14/2021,ENA,AK,AAL,WE,Federal Contract Tower,0,15,3,0,18,0,20,7,0,27,0,35,10,0,45,50,0,50,95
11/15/2021,ENA,AK,AAL,WE,Federal Contract Tower,0,39,0,0,39,3,29,12,0,44,3,68,12,0,83,30,0,30,113
11/17/2021,ENA,AK,AAL,WE,Federal Contract Tower,0,16,2,0,18,4,56,22,0,82,4,72,24,0,100,32,0,32,132
11/18/2021,ENA,AK,AAL,WE,Federal Contract Tower,0,18,3,0,21,4,67,21,0,92,4,85,24,0,113,34,0,34,147
11/19/2021,ENA,AK,AAL,WE,Federal Contract Tower,0,23,0,0,23,4,54,14,0,72,4,77,14,0,95,64,0,64,159
11/20/2021,ENA,AK,AAL,WE,Federal Contract Tower,0,15,0,0,15,0,35,15,0,50,0,50,15,0,65,76,0,76,141
11/21/2021,ENA,AK,AAL,WE,Federal Contract Tower,0,12,0,0,12,0,31,11,0,42,0,43,11,0,54,71,0,71,125
11/22/2021,ENA,AK,AAL,WE,Federal Contract Tower,0,28,0,0,28,3,55,11,0,69,3,83,11,0,97,59,0,59,156
11/23/2021,ENA,AK,AAL,WE,Federal Contract Tower,0,28,4,0,32,5,33,8,0,46,5,61,12,0,78,16,0,16,94
11/24/2021,ENA,AK,AAL,WE,Federal Contract Tower,0,35,0,0,35,3,56,19,0,78,3,91,19,0,113,128,0,128,241
11/25/2021,ENA,AK,AAL,WE,Federal Contract Tower,0,16,0,0,16,0,0,0,0,0,0,16,0,0,16,0,0,0,16
11/26/2021,ENA,AK,AAL,WE,Federal Contract Tower,0,17,0,0,17,0,39,15,0,54,0,56,15,0,71,30,0,30,101
11/27/2021,ENA,AK,AAL,WE,Federal Contract Tower,0,10,0,0,10,0,21,20,0,41,0,31,20,0,51,62,0,62,113
11/28/2021,ENA,AK,AAL,WE,Federal Contract Tower,0,15,0,0,15,0,25,7,0,32,0,40,7,0,47,38,0,38,85
11/29/2021,ENA,AK,AAL,WE,Federal Contract Tower,0,39,0,0,39,0,12,1,0,13,0,51,1,0,52,12,0,12,64
11/30/2021,ENA,AK,AAL,WE,Federal Contract Tower,0,45,0,0,45,0,0,0,0,0,0,45,0,0,45,0,0,0,45
12/01/2021,ENA,AK,AAL,WE,Federal Contract Tower,0,53,0,0,53,0,27,6,0,33,0,80,6,0,86,24,0,24,110
12/02/2021,ENA,AK,AAL,WE,Federal Contract Tower,0,27,1,0,28,0,73,35,1,109,0,100,36,1,137,112,0,112,249
12/03/2021,ENA,AK,AAL,WE,Federal Contract Tower,0,32,0,0,32,3,44,28,0,75,3,76,28,0,107,82,16,98,205
12/04/2021,ENA,AK,AAL,WE,Federal Contract Tower,0,23,0,0,23,0,25,19,0,44,0,48,19,0,67,70,0,70,137
12/05/2021,ENA,AK,AAL,WE,Federal Contract Tower,0,28,0,2,30,1,16,3,0,20,1,44,3,2,50,8,6,14,64
12/06/2021,ENA,AK,AAL,WE,Federal Contract Tower,0,41,0,0,41,0,4,4,0,8,0,45,4,0,49,0,0,0,49
12/07/2021,ENA,AK,AAL,WE,Federal Contract Tower,0,35,1,0,36,2,27,16,0,45,2,62,17,0,81,34,0,34,115
12/08/2021,ENA,AK,AAL,WE,Federal Contract Tower,0,26,0,0,26,1,47,7,0,55,1,73,7,0,81,20,0,20,101
12/09/2021,ENA,AK,AAL,WE,Federal Contract Tower,0,37,0,0,37,0,10,0,0,10,0,47,0,0,47,0,0,0,47
12/10/2021,ENA,AK,AAL,WE,Federal Contract Tower,1,45,1,0,47,1,26,6,0,33,2,71,7,0,80,22,0,22,102
12/11/2021,ENA,AK,AAL,WE,Federal Contract Tower,0,12,0,0,12,0,24,26,0,50,0,36,26,0,62,92,0,92,154
12/12/2021,ENA,AK,AAL,WE,Federal Contract Tower,0,12,0,0,12,0,17,10,0,27,0,29,10,0,39,28,0,28,67
12/13/2021,ENA,AK,AAL,WE,Federal Contract Tower,0,22,0,0,22,4,41,12,0,57,4,63,12,0,79,29,17,46,125
12/14/2021,ENA,AK,AAL,WE,Federal Contract Tower,0,17,4,0,21,4,51,19,0,74,4,68,23,0,95,30,18,48,143
12/15/2021,ENA,AK,AAL,WE,Federal Contract Tower,0,30,2,0,32,3,44,11,1,59,3,74,13,1,91,36,0,36,127
12/16/2021,ENA,AK,AAL,WE,Federal Contract Tower,0,50,0,0,50,0,2,0,0,2,0,52,0,0,52,0,0,0,52
12/17/2021,ENA,AK,AAL,WE,Federal Contract Tower,0,49,0,2,51,0,7,3,0,10,0,56,3,2,61,6,0,6,67
12/18/2021,ENA,AK,AAL,WE,Federal Contract Tower,0,21,0,0,21,0,18,5,0,23,0,39,5,0,44,12,0,12,56
12/20/2021,ENA,AK,AAL,WE,Federal Contract Tower,0,19,0,0,19,0,2,0,0,2,0,21,0,0,21,0,0,0,21
12/21/2021,ENA,AK,AAL,WE,Federal Contract Tower,4,36,0,0,40,1,25,8,0,34,5,61,8,0,74,32,10,42,116
12/22/2021,ENA,AK,AAL,WE,Federal Contract Tower,0,50,0,0,50,0,23,1,0,24,0,73,1,0,74,20,2,22,96
12/23/2021,ENA,AK,AAL,WE,Federal Contract Tower,0,19,0,0,19,1,67,17,0,85,1,86,17,0,104,84,0,84,188
12/24/2021,ENA,AK,AAL,WE,Federal Contract Tower,0,16,0,0,16,0,35,8,0,43,0,51,8,0,59,12,0,12,71
12/25/2021,ENA,AK,AAL,WE,Federal Contract Tower,0,0,0,0,0,0,2,6,0,8,0,2,6,0,8,2,0,2,10
12/26/2021,ENA,AK,AAL,WE,Federal Contract Tower,0,4,0,4,8,0,0,0,0,0,0,4,0,4,8,0,0,0,8
12/27/2021,ENA,AK,AAL,WE,Federal Contract Tower,0,20,2,0,22,0,33,11,0,44,0,53,13,0,66,50,0,50,116
12/28/2021,ENA,AK,AAL,WE,Federal Contract Tower,0,17,0,0,17,1,26,5,0,32,1,43,5,0,49,30,0,30,79
12/29/2021,ENA,AK,AAL,WE,Federal Contract Tower,0,15,0,0,15,0,40,20,3,63,0,55,20,3,78,36,4,40,118
12/30/2021,ENA,AK,AAL,WE,Federal Contract Tower,0,17,5,0,22,2,40,20,0,62,2,57,25,0,84,46,16,62,146
12/31/2021,ENA,AK,AAL,WE,Federal Contract Tower,0,37,0,0,37,0,0,0,0,0,0,37,0,0,37,0,0,0,37
01/01/2022,ENA,AK,AAL,WE,Federal Contract Tower,0,0,0,0,0,3,5,0,0,8,3,5,0,0,8,0,0,0,8
01/02/2022,ENA,AK,AAL,WE,Federal Contract Tower,0,4,0,0,4,0,7,0,0,7,0,11,0,0,11,0,0,0,11
01/03/2022,ENA,AK,AAL,WE,Federal Contract Tower,0,17,0,0,17,0,25,4,0,29,0,42,4,0,46,16,0,16,62
01/04/2022,ENA,AK,AAL,WE,Federal Contract Tower,1,12,2,0,15,1,32,21,0,54,2,44,23,0,69,56,0,56,125
01/05/2022,ENA,AK,AAL,WE,Federal Contract Tower,0,17,1,0,18,1,44,20,0,65,1,61,21,0,83,118,2,120,203
01/06/2022,ENA,AK,AAL,WE,Federal Contract Tower,0,31,0,2,33,0,48,9,1,58,0,79,9,3,91,108,12,120,211
01/07/2022,ENA,AK,AAL,WE,Federal Contract Tower,0,16,0,0,16,8,34,17,0,59,8,50,17,0,75,58,0,58,133
01/08/2022,ENA,AK,AAL,WE,Federal Contract Tower,2,18,0,0,20,3,13,3,0,19,5,31,3,0,39,34,8,42,81
01/09/2022,ENA,AK,AAL,WE,Federal Contract Tower,0,11,0,0,11,0,24,2,0,26,0,35,2,0,37,40,0,40,77
01/10/2022,ENA,AK,AAL,WE,Federal Contract Tower,0,22,0,0,22,1,27,12,0,40,1,49,12,0,62,30,0,30,92
01/11/2022,ENA,AK,AAL,WE,Federal Contract Tower,0,38,1,0,39,0,9,8,0,17,0,47,9,0,56,2,0,2,58
01/12/2022,ENA,AK,AAL,WE,Federal Contract Tower,0,44,1,2,47,0,27,7,0,34,0,71,8,2,81,12,0,12,93
01/13/2022,ENA,AK,AAL,WE,Federal Contract Tower,0,25,0,2,27,3,37,3,0,43,3,62,3,2,70,6,0,6,76
01/14/2022,ENA,AK,AAL,WE,Federal Contract Tower,0,13,0,0,13,2,43,21,2,68,2,56,21,2,81,32,0,32,113
01/15/2022,ENA,AK,AAL,WE,Federal Contract Tower,0,19,0,0,19,2,0,0,0,2,2,19,0,0,21,0,0,0,21
01/16/2022,ENA,AK,AAL,WE,Federal Contract Tower,0,14,0,0,14,1,19,7,0,27,1,33,7,0,41,43,0,43,84
01/17/2022,ENA,AK,AAL,WE,Federal Contract Tower,0,40,3,0,43,4,9,3,0,16,4,49,6,0,59,8,0,8,67
01/18/2022,ENA,AK,AAL,WE,Federal Contract Tower,0,16,0,0,16,9,53,25,0,87,9,69,25,0,103,62,18,80,183
01/19/2022,ENA,AK,AAL,WE,Federal Contract Tower,1,47,0,0,48,2,3,0,0,5,3,50,0,0,53,0,0,0,53
01/20/2022,ENA,AK,AAL,WE,Federal Contract Tower,0,54,1,0,55,2,12,2,0,16,2,66,3,0,71,28,0,28,99
01/21/2022,ENA,AK,AAL,WE,Federal Contract Tower,0,29,0,0,29,1,18,2,0,21,1,47,2,0,50,14,0,14,64
01/22/2022,ENA,AK,AAL,WE,Federal Contract Tower,0,12,1,0,13,0,18,4,0,22,0,30,5,0,35,22,0,22,57
01/23/2022,ENA,AK,AAL,WE,Federal Contract Tower,0,12,0,0,12,0,18,2,0,20,0,30,2,0,32,32,6,38,70
01/24/2022,ENA,AK,AAL,WE,Federal Contract Tower,0,16,0,1,17,0,35,20,1,56,0,51,20,2,73,90,8,98,171
01/25/2022,ENA,AK,AAL,WE,Federal Contract Tower,0,21,0,0,21,0,28,22,0,50,0,49,22,0,71,58,0,58,129
01/26/2022,ENA,AK,AAL,WE,Federal Contract Tower,0,24,0,2,26,2,45,17,0,64,2,69,17,2,90,30,10,40,130
01/27/2022,ENA,AK,AAL,WE,Federal Contract Tower,0,32,0,0,32,0,10,2,0,12,0,42,2,0,44,24,0,24,68
01/28/2022,ENA,AK,AAL,WE,Federal Contract Tower,0,26,0,0,26,0,15,4,0,19,0,41,4,0,45,4,0,4,49
01/29/2022,ENA,AK,AAL,WE,Federal Contract Tower,0,9,0,0,9,4,25,16,0,45,4,34,16,0,54,66,0,66,120
01/30/2022,ENA,AK,AAL,WE,Federal Contract Tower,0,23,0,0,23,0,14,14,0,28,0,37,14,0,51,36,0,36,87
01/31/2022,ENA,AK,AAL,WE,Federal Contract Tower,0,24,0,0,24,4,27,14,0,45,4,51,14,0,69,18,0,18,87
02/01/2022,ENA,AK,AAL,WE,Federal Contract Tower,0,30,0,0,30,0,8,0,0,8,0,38,0,0,38,0,0,0,38
02/02/2022,ENA,AK,AAL,WE,Federal Contract Tower,0,19,0,0,19,10,54,37,0,101,10,73,37,0,120,150,2,152,272
02/03/2022,ENA,AK,AAL,WE,Federal Contract Tower,0,40,0,0,40,0,0,0,0,0,0,40,0,0,40,0,0,0,40
02/04/2022,ENA,AK,AAL,WE,Federal Contract Tower,1,32,0,0,33,1,24,24,0,49,2,56,24,0,82,102,0,102,184
02/05/2022,ENA,AK,AAL,WE,Federal Contract Tower,0,11,1,0,12,1,18,15,0,34,1,29,16,0,46,30,0,30,76
02/06/2022,ENA,AK,AAL,WE,Federal Contract Tower,0,13,0,0,13,0,26,10,0,36,0,39,10,0,49,68,0,68,117
02/07/2022,ENA,AK,AAL,WE,Federal Contract Tower,0,24,0,2,26,0,43,18,0,61,0,67,18,2,87,106,0,106,193
02/08/2022,ENA,AK,AAL,WE,Federal Contract Tower,0,29,0,0,29,0,25,10,0,35,0,54,10,0,64,32,0,32,96
02/09/2022,ENA,AK,AAL,WE,Federal Contract Tower,0,39,0,0,39,2,47,4,0,53,2,86,4,0,92,28,0,28,120
02/10/2022,ENA,AK,AAL,WE,Federal Contract Tower,0,16,0,0,16,0,49,34,0,83,0,65,34,0,99,104,0,104,203
02/11/2022,ENA,AK,AAL,WE,Federal Contract Tower,0,25,0,0,25,3,47,17,0,67,3,72,17,0,92,70,0,70,162
02/12/2022,ENA,AK,AAL,WE,Federal Contract Tower,0,22,0,0,22,1,7,4,0,12,1,29,4,0,34,40,0,40,74
02/13/2022,ENA,AK,AAL,WE,Federal Contract Tower,0,26,0,0,26,0,0,0,0,0,0,26,0,0,26,0,0,0,26
02/14/2022,ENA,AK,AAL,WE,Federal Contract Tower,0,37,0,0,37,0,1,0,0,1,0,38,0,0,38,2,0,2,40
02/15/2022,ENA,AK,AAL,WE,Federal Contract Tower,0,23,0,0,23,0,0,0,0,0,0,23,0,0,23,0,0,0,23
02/16/2022,ENA,AK,AAL,WE,Federal Contract Tower,0,35,0,0,35,1,3,3,0,7,1,38,3,0,42,6,0,6,48
02/17/2022,ENA,AK,AAL,WE,Federal Contract Tower,6,47,0,0,53,0,0,0,0,0,6,47,0,0,53,0,0,0,53
02/18/2022,ENA,AK,AAL,WE,Federal Contract Tower,0,26,0,0,26,0,44,9,0,53,0,70,9,0,79,42,0,42,121
02/19/2022,ENA,AK,AAL,WE,Federal Contract Tower,0,11,2,0,13,2,26,30,0,58,2,37,32,0,71,58,0,58,129
02/20/2022,ENA,AK,AAL,WE,Federal Contract Tower,0,22,0,0,22,2,21,8,0,31,2,43,8,0,53,50,0,50,103
02/21/2022,ENA,AK,AAL,WE,Federal Contract Tower,0,43,0,0,43,0,0,0,0,0,0,43,0,0,43,0,0,0,43
02/22/2022,ENA,AK,AAL,WE,Federal Contract Tower,1,37,4,0,42,0,27,22,0,49,1,64,26,0,91,56,0,56,147
02/23/2022,ENA,AK,AAL,WE,Federal Contract Tower,0,27,2,1,30,1,33,33,2,69,1,60,35,3,99,82,8,90,189
02/24/2022,ENA,AK,AAL,WE,Federal Contract Tower,0,22,0,0,22,2,35,24,0,61,2,57,24,0,83,36,0,36,119
02/25/2022,ENA,AK,AAL,WE,Federal Contract Tower,0,20,0,0,20,2,41,3,0,46,2,61,3,0,66,34,0,34,100
02/26/2022,ENA,AK,AAL,WE,Federal Contract Tower,0,8,2,0,10,1,23,30,0,54,1,31,32,0,64,64,0,64,128
02/27/2022,ENA,AK,AAL,WE,Federal Contract Tower,0,14,2,0,16,1,22,26,0,49,1,36,28,0,65,44,0,44,109
02/28/2022,ENA,AK,AAL,WE,Federal Contract Tower,0,22,4,0,26,5,46,23,0,74,5,68,27,0,100,64,0,64,164
03/01/2022,ENA,AK,AAL,WE,Federal Contract Tower,0,17,5,0,22,0,48,15,0,63,0,65,20,0,85,40,0,40,125
03/02/2022,ENA,AK,AAL,WE,Federal Contract Tower,0,23,1,0,24,3,46,33,0,82,3,69,34,0,106,42,2,44,150
03/03/2022,ENA,AK,AAL,WE,Federal Contract Tower,0,33,4,0,37,0,32,12,0,44,0,65,16,0,81,18,2,20,101
03/04/2022,ENA,AK,AAL,WE,Federal Contract Tower,5,20,0,0,25,2,36,17,0,55,7,56,17,0,80,24,0,24,104
03/05/2022,ENA,AK,AAL,WE,Federal Contract Tower,0,14,0,1,15,0,1,0,1,2,0,15,0,2,17,0,0,0,17
03/06/2022,ENA,AK,AAL,WE,Federal Contract Tower,0,14,1,0,15,0,26,28,0,54,0,40,29,0,69,84,0,84,153
03/07/2022,ENA,AK,AAL,WE,Federal Contract Tower,0,23,4,0,27,3,53,20,0,76,3,76,24,0,103,130,14,144,247
03/08/2022,ENA,AK,AAL,WE,Federal Contract Tower,0,16,0,2,18,4,51,25,0,80,4,67,25,2,98,136,0,136,234
03/09/2022,ENA,AK,AAL,WE,Federal Contract Tower,0,55,0,0,55,0,5,0,0,5,0,60,0,0,60,6,0,6,66
03/10/2022,ENA,AK,AAL,WE,Federal Contract Tower,0,46,0,0,46,0,5,1,0,6,0,51,1,0,52,2,0,2,54
03/11/2022,ENA,AK,AAL,WE,Federal Contract Tower,0,42,2,0,44,0,1,3,0,4,0,43,5,0,48,10,0,10,58
03/12/2022,ENA,AK,AAL,WE,Federal Contract Tower,0,11,3,0,14,0,22,23,0,45,0,33,26,0,59,56,0,56,115
03/13/2022,ENA,AK,AAL,WE,Federal Contract Tower,0,17,2,0,19,0,21,0,3,24,0,38,2,3,43,32,0,32,75
03/14/2022,ENA,AK,AAL,WE,Federal Contract Tower,0,18,6,2,26,0,55,36,0,91,0,73,42,2,117,76,4,80,197
03/15/2022,ENA,AK,AAL,WE,Federal Contract Tower,0,13,3,0,16,0,47,17,0,64,0,60,20,0,80,88,0,88,168
03/16/2022,ENA,AK,AAL,WE,Federal Contract Tower,0,23,0,0,23,0,49,11,3,63,0,72,11,3,86,42,28,70,156
03/17/2022,ENA,AK,AAL,WE,Federal Contract Tower,0,37,1,0,38,0,35,20,0,55,0,72,21,0,93,18,0,18,111
03/18/2022,ENA,AK,AAL,WE,Federal Contract Tower,0,21,3,0,24,0,53,16,0,69,0,74,19,0,93,38,0,38,131
03/19/2022,ENA,AK,AAL,WE,Federal Contract Tower,0,10,1,0,11,0,25,25,0,50,0,35,26,0,61,50,0,50,111
03/20/2022,ENA,AK,AAL,WE,Federal Contract Tower,0,14,2,0,16,0,24,23,0,47,0,38,25,0,63,22,0,22,85
03/21/2022,ENA,AK,AAL,WE,Federal Contract Tower,0,16,1,0,17,0,0,2,0,2,0,16,3,0,19,80,2,82,101
03/22/2022,ENA,AK,AAL,WE,Federal Contract Tower,0,24,0,0,24,2,40,7,0,49,2,64,7,0,73,32,6,38,111
03/23/2022,ENA,AK,AAL,WE,Federal Contract Tower,0,21,0,2,23,2,49,17,0,68,2,70,17,2,91,84,12,96,187
03/24/2022,ENA,AK,AAL,WE,Federal Contract Tower,0,19,0,0,19,0,43,18,0,61,0,62,18,0,80,32,0,32,112
03/25/2022,ENA,AK,AAL,WE,Federal Contract Tower,0,23,0,0,23,2,56,17,0,75,2,79,17,0,98,38,0,38,136
03/26/2022,ENA,AK,AAL,WE,Federal Contract Tower,0,17,3,0,20,1,22,21,0,44,1,39,24,0,64,42,0,42,106
03/27/2022,ENA,AK,AAL,WE,Federal Contract Tower,0,13,2,0,15,0,17,10,0,27,0,30,12,0,42,64,0,64,106
03/28/2022,ENA,AK,AAL,WE,Federal Contract Tower,0,17,0,6,23,2,41,9,0,52,2,58,9,6,75,44,16,60,135
03/29/2022,ENA,AK,AAL,WE,Federal Contract Tower,0,18,2,2,22,0,47,28,4,79,0,65,30,6,101,82,8,90,191
03/30/2022,ENA,AK,AAL,WE,Federal Contract Tower,0,24,1,0,25,0,55,45,0,100,0,79,46,0,125,116,0,116,241
03/31/2022,ENA,AK,AAL,WE,Federal Contract Tower,0,22,0,0,22,5,40,17,0,62,5,62,17,0,84,38,0,38,122
04/01/2022,ENA,AK,AAL,WE,Federal Contract Tower,0,21,1,0,22,8,41,25,0,74,8,62,26,0,96,52,0,52,148
04/02/2022,ENA,AK,AAL,WE,Federal Contract Tower,0,12,4,0,16,4,29,22,0,55,4,41,26,0,71,56,0,56,127
04/03/2022,ENA,AK,AAL,WE,Federal Contract Tower,0,11,0,0,11,0,22,16,0,38,0,33,16,0,49,50,0,50,99
04/04/2022,ENA,AK,AAL,WE,Federal Contract Tower,0,36,0,2,38,0,23,11,0,34,0,59,11,2,72,42,0,42,114
04/05/2022,ENA,AK,AAL,WE,Federal Contract Tower,0,28,0,3,31,0,30,11,1,42,0,58,11,4,73,22,14,36,109
04/06/2022,ENA,AK,AAL,WE,Federal Contract Tower,0,26,0,0,26,5,41,28,0,74,5,67,28,0,100,76,0,76,176
04/07/2022,ENA,AK,AAL,WE,Federal Contract Tower,0,19,2,0,21,5,47,25,0,77,5,66,27,0,98,118,0,118,216
04/08/2022,ENA,AK,AAL,WE,Federal Contract Tower,0,47,1,0,48,1,17,9,0,27,1,64,10,0,75,10,0,10,85
04/09/2022,ENA,AK,AAL,WE,Federal Contract Tower,0,13,0,0,13,4,21,34,0,59,4,34,34,0,72,42,0,42,114
04/10/2022,ENA,AK,AAL,WE,Federal Contract Tower,0,11,3,0,14,0,18,25,0,43,0,29,28,0,57,22,0,22,79
04/11/2022,ENA,AK,AAL,WE,Federal Contract Tower,0,21,1,0,22,1,51,36,0,88,1,72,37,0,110,19,0,19,129
04/12/2022,ENA,AK,AAL,WE,Federal Contract Tower,0,15,2,0,17,4,61,14,0,79,4,76,16,0,96,82,16,98,194
04/13/2022,ENA,AK,AAL,WE,Federal Contract Tower,0,27,2,6,35,5,45,27,0,77,5,72,29,6,112,50,0,50,162
04/14/2022,ENA,AK,AAL,WE,Federal Contract Tower,0,16,0,0,16,4,66,38,2,110,4,82,38,2,126,96,0,96,222
04/15/2022,ENA,AK,AAL,WE,Federal Contract Tower,0,20,0,2,22,3,59,11,0,73,3,79,11,2,95,96,6,102,197
04/16/2022,ENA,AK,AAL,WE,Federal Contract Tower,0,15,1,0,16,0,36,19,0,55,0,51,20,0,71,102,0,102,173
04/17/2022,ENA,AK,AAL,WE,Federal Contract Tower,0,11,2,0,13,0,24,11,0,35,0,35,13,0,48,72,0,72,120
04/18/2022,ENA,AK,AAL,WE,Federal Contract Tower,0,21,2,2,25,4,43,22,0,69,4,64,24,2,94,66,0,66,160
04/19/2022,ENA,AK,AAL,WE,Federal Contract Tower,0,22,2,0,24,3,50,30,0,83,3,72,32,0,107,58,0,58,165
04/20/2022,ENA,AK,AAL,WE,Federal Contract Tower,0,26,0,2,28,8,65,31,0,104,8,91,31,2,132,54,0,54,186
04/21/2022,ENA,AK,AAL,WE,Federal Contract Tower,0,19,0,0,19,4,45,23,0,72,4,64,23,0,91,72,0,72,163
04/22/2022,ENA,AK,AAL,WE,Federal Contract Tower,0,20,0,0,20,0,50,11,0,61,0,70,11,0,81,22,0,22,103
04/23/2022,ENA,AK,AAL,WE,Federal Contract Tower,0,12,2,0,14,2,24,26,0,52,2,36,28,0,66,66,0,66,132
04/24/2022,ENA,AK,AAL,WE,Federal Contract Tower,0,10,1,0,11,0,19,20,0,39,0,29,21,0,50,58,0,58,108
04/25/2022,ENA,AK,AAL,WE,Federal Contract Tower,0,23,1,0,24,3,62,25,0,90,3,85,26,0,114,68,20,88,202
04/26/2022,ENA,AK,AAL,WE,Federal Contract Tower,0,23,5,0,28,5,75,25,0,105,5,98,30,0,133,112,0,112,245
04/27/2022,ENA,AK,AAL,WE,Federal Contract Tower,0,23,0,0,23,5,68,35,0,108,5,91,35,0,131,66,0,66,197
04/28/2022,ENA,AK,AAL,WE,Federal Contract Tower,0,22,0,4,26,3,54,45,0,102,3,76,45,4,128,114,2,116,244
04/29/2022,ENA,AK,AAL,WE,Federal Contract Tower,0,20,0,0,20,5,52,41,0,98,5,72,41,0,118,76,6,82,200
04/30/2022,ENA,AK,AAL,WE,Federal Contract Tower,0,12,0,0,12,0,28,22,0,50,0,40,22,0,62,66,0,66,128
05/01/2022,ENA,AK,AAL,WE,Federal Contract Tower,0,12,0,0,12,0,28,7,0,35,0,40,7,0,47,36,0,36,83
05/02/2022,ENA,AK,AAL,WE,Federal Contract Tower,0,21,1,1,23,0,63,13,1,77,0,84,14,2,100,26,22,48,148
05/03/2022,ENA,AK,AAL,WE,Federal Contract Tower,0,29,0,0,29,4,62,24,0,90,4,91,24,0,119,60,2,62,181
05/04/2022,ENA,AK,AAL,WE,Federal Contract Tower,0,23,0,0,23,1,74,25,0,100,1,97,25,0,123,118,6,124,247
05/05/2022,ENA,AK,AAL,WE,Federal Contract Tower,0,26,0,0,26,4,69,34,0,107,4,95,34,0,133,82,10,92,225
05/06/2022,ENA,AK,AAL,WE,Federal Contract Tower,0,27,3,0,30,0,57,37,0,94,0,84,40,0,124,92,0,92,216
05/07/2022,ENA,AK,AAL,WE,Federal Contract Tower,0,8,3,0,11,0,30,47,0,77,0,38,50,0,88,26,0,26,114
05/08/2022,ENA,AK,AAL,WE,Federal Contract Tower,0,12,0,0,12,0,24,29,0,53,0,36,29,0,65,12,0,12,77
05/09/2022,ENA,AK,AAL,WE,Federal Contract Tower,0,25,1,0,26,0,60,6,0,66,0,85,7,0,92,62,10,72,164
05/10/2022,ENA,AK,AAL,WE,Federal Contract Tower,0,25,0,0,25,6,62,5,0,73,6,87,5,0,98,34,0,34,132
05/11/2022,ENA,AK,AAL,WE,Federal Contract Tower,2,26,4,2,34,8,77,34,0,119,10,103,38,2,153,52,24,76,229
05/12/2022,ENA,AK,AAL,WE,Federal Contract Tower,0,28,6,4,38,6,60,38,0,104,6,88,44,4,142,82,28,110,252
05/13/2022,ENA,AK,AAL,WE,Federal Contract Tower,0,37,0,0,37,3,33,11,0,47,3,70,11,0,84,14,8,22,106
05/14/2022,ENA,AK,AAL,WE,Federal Contract Tower,0,15,4,0,19,0,28,29,0,57,0,43,33,0,76,42,0,42,118
05/15/2022,ENA,AK,AAL,WE,Federal Contract Tower,0,12,0,0,12,0,29,20,0,49,0,41,20,0,61,42,0,42,103
05/16/2022,ENA,AK,AAL,WE,Federal Contract Tower,0,17,1,0,18,2,55,29,0,86,2,72,30,0,104,58,0,58,162
05/17/2022,ENA,AK,AAL,WE,Federal Contract Tower,0,17,2,0,19,3,67,28,0,98,3,84,30,0,117,32,8,40,157
05/18/2022,ENA,AK,AAL,WE,Federal Contract Tower,0,27,1,0,28,2,69,31,0,102,2,96,32,0,130,42,0,42,172
05/19/2022,ENA,AK,AAL,WE,Federal Contract Tower,0,29,3,0,32,0,58,48,3,109,0,87,51,3,141,110,18,128,269
05/20/2022,ENA,AK,AAL,WE,Federal Contract Tower,0,25,0,0,25,2,89,39,0,130,2,114,39,0,155,92,0,92,247
05/21/2022,ENA,AK,AAL,WE,Federal Contract Tower,0,15,6,0,21,1,33,44,0,78,1,48,50,0,99,56,0,56,155
05/22/2022,ENA,AK,AAL,WE,Federal Contract Tower,0,13,2,0,15,0,36,30,0,66,0,49,32,0,81,88,0,88,169
05/23/2022,ENA,AK,AAL,WE,Federal Contract Tower,0,27,1,0,28,4,52,30,0,86,4,79,31,0,114,18,0,18,132
05/24/2022,ENA,AK,AAL,WE,Federal Contract Tower,0,24,1,0,25,6,38,34,1,79,6,62,35,1,104,80,26,106,210
05/25/2022,ENA,AK,AAL,WE,Federal Contract Tower,0,61,4,0,65,15,48,35,0,98,15,109,39,0,163,56,6,62,225
05/26/2022,ENA,AK,AAL,WE,Federal Contract Tower,0,25,2,0,27,3,83,65,0,151,3,108,67,0,178,120,6,126,304
05/27/2022,ENA,AK,AAL,WE,Federal Contract Tower,0,28,0,0,28,0,55,56,0,111,0,83,56,0,139,92,0,92,231
05/28/2022,ENA,AK,AAL,WE,Federal Contract Tower,0,12,0,0,12,0,26,60,0,86,0,38,60,0,98,40,0,40,138
05/29/2022,ENA,AK,AAL,WE,Federal Contract Tower,0,10,1,0,11,0,29,47,0,76,0,39,48,0,87,48,0,48,135
05/30/2022,ENA,AK,AAL,WE,Federal Contract Tower,0,23,2,0,25,0,39,29,0,68,0,62,31,0,93,70,0,70,163
05/31/2022,ENA,AK,AAL,WE,Federal Contract Tower,0,24,0,0,24,3,52,47,0,102,3,76,47,0,126,62,20,82,208
06/01/2022,ENA,AK,AAL,WE,Federal Contract Tower,0,16,5,0,21,3,54,53,0,110,3,70,58,0,131,98,0,98,229
06/02/2022,ENA,AK,AAL,WE,Federal Contract Tower,0,22,1,0,23,0,63,48,0,111,0,85,49,0,134,72,2,74,208
06/03/2022,ENA,AK,AAL,WE,Federal Contract Tower,0,19,0,0,19,0,58,56,0,114,0,77,56,0,133,62,0,62,195
06/04/2022,ENA,AK,AAL,WE,Federal Contract Tower,0,7,0,0,7,0,26,35,0,61,0,33,35,0,68,34,0,34,102
06/05/2022,ENA,AK,AAL,WE,Federal Contract Tower,0,10,2,0,12,0,29,33,0,62,0,39,35,0,74,48,0,48,122
06/06/2022,ENA,AK,AAL,WE,Federal Contract Tower,1,45,0,0,46,5,33,29,0,67,6,78,29,0,113,80,0,80,193
06/07/2022,ENA,AK,AAL,WE,Federal Contract Tower,0,45,6,0,51,6,41,31,0,78,6,86,37,0,129,94,4,98,227
06/08/2022,ENA,AK,AAL,WE,Federal Contract Tower,0,26,4,4,34,6,63,66,0,135,6,89,70,4,169,166,2,168,337
06/09/2022,ENA,AK,AAL,WE,Federal Contract Tower,0,30,0,4,34,2,71,41,0,114,2,101,41,4,148,152,26,178,326
06/10/2022,ENA,AK,AAL,WE,Federal Contract Tower,0,35,3,0,38,5,49,48,0,102,5,84,51,0,140,56,0,56,196
06/11/2022,ENA,AK,AAL,WE,Federal Contract Tower,0,14,0,0,14,0,24,26,0,50,0,38,26,0,64,80,0,80,144
06/12/2022,ENA,AK,AAL,WE,Federal Contract Tower,0,32,3,0,35,0,17,15,0,32,0,49,18,0,67,0,0,0,67
06/13/2022,ENA,AK,AAL,WE,Federal Contract Tower,0,43,11,3,57,0,49,45,1,95,0,92,56,4,152,112,18,130,282
06/14/2022,ENA,AK,AAL,WE,Federal Contract Tower,0,21,1,0,22,0,67,56,0,123,0,88,57,0,145,102,2,104,249
06/15/2022,ENA,AK,AAL,WE,Federal Contract Tower,0,26,4,2,32,0,65,58,0,123,0,91,62,2,155,126,8,134,289
06/16/2022,ENA,AK,AAL,WE,Federal Contract Tower,0,20,2,2,24,3,63,33,0,99,3,83,35,2,123,112,0,112,235
06/17/2022,ENA,AK,AAL,WE,Federal Contract Tower,0,33,1,0,34,3,44,33,0,80,3,77,34,0,114,94,0,94,208
06/18/2022,ENA,AK,AAL,WE,Federal Contract Tower,0,11,2,0,13,0,25,34,0,59,0,36,36,0,72,14,0,14,86
06/19/2022,ENA,AK,AAL,WE,Federal Contract Tower,0,19,1,0,20,0,27,21,0,48,0,46,22,0,68,40,4,44,112
06/20/2022,ENA,AK,AAL,WE,Federal Contract Tower,0,23,4,0,27,0,43,54,0,97,0,66,58,0,124,90,0,90,214
06/21/2022,ENA,AK,AAL,WE,Federal Contract Tower,0,22,4,0,26,7,48,45,0,100,7,70,49,0,126,90,12,102,228
06/22/2022,ENA,AK,AAL,WE,Federal Contract Tower,0,33,0,0,33,1,48,65,0,114,1,81,65,0,147,78,0,78,225
06/23/2022,ENA,AK,AAL,WE,Federal Contract Tower,1,32,0,4,37,1,55,52,0,108,2,87,52,4,145,52,0,52,197
06/24/2022,ENA,AK,AAL,WE,Federal Contract Tower,0,50,10,0,60,0,49,26,2,77,0,99,36,2,137,28,0,28,165
06/25/2022,ENA,AK,AAL,WE,Federal Contract Tower,0,33,2,0,35,0,8,7,0,15,0,41,9,0,50,20,0,20,70
06/26/2022,ENA,AK,AAL,WE,Federal Contract Tower,0,28,4,0,32,0,37,24,0,61,0,65,28,0,93,30,0,30,123
06/27/2022,ENA,AK,AAL,WE,Federal Contract Tower,0,48,8,0,56,0,36,30,0,66,0,84,38,0,122,80,0,80,202
06/28/2022,ENA,AK,AAL,WE,Federal Contract Tower,0,30,2,4,36,2,57,64,0,123,2,87,66,4,159,124,0,124,283
06/29/2022,ENA,AK,AAL,WE,Federal Contract Tower,0,52,11,2,65,0,64,47,0,111,0,116,58,2,176,130,6,136,312
06/30/2022,ENA,AK,AAL,WE,Federal Contract Tower,0,35,0,4,39,8,67,60,0,135,8,102,60,4,174,72,0,72,246
07/01/2022,ENA,AK,AAL,WE,Federal Contract Tower,0,28,3,0,31,3,69,37,0,109,3,97,40,0,140,54,0,54,194
07/02/2022,ENA,AK,AAL,WE,Federal Contract Tower,0,11,0,0,11,0,43,42,0,85,0,54,42,0,96,22,0,22,118
07/03/2022,ENA,AK,AAL,WE,Federal Contract Tower,0,16,0,0,16,5,39,47,0,91,5,55,47,0,107,62,0,62,169
07/04/2022,ENA,AK,AAL,WE,Federal Contract Tower,0,20,0,0,20,3,17,30,0,50,3,37,30,0,70,0,0,0,70
07/05/2022,ENA,AK,AAL,WE,Federal Contract Tower,4,30,4,1,39,0,65,39,1,105,4,95,43,2,144,84,10,94,238
07/06/2022,ENA,AK,AAL,WE,Federal Contract Tower,7,63,2,0,72,1,77,55,0,133,8,140,57,0,205,38,26,64,269
07/07/2022,ENA,AK,AAL,WE,Federal Contract Tower,6,55,2,0,63,2,53,27,0,82,8,108,29,0,145,72,8,80,225
07/08/2022,ENA,AK,AAL,WE,Federal Contract Tower,0,28,0,0,28,0,58,27,0,85,0,86,27,0,113,38,4,42,155
07/09/2022,ENA,AK,AAL,WE,Federal Contract Tower,3,8,0,4,15,0,42,40,0,82,3,50,40,4,97,64,8,72,169
07/10/2022,ENA,AK,AAL,WE,Federal Contract Tower,5,16,1,0,22,0,27,44,0,71,5,43,45,0,93,30,0,30,123
07/11/2022,ENA,AK,AAL,WE,Federal Contract Tower,0,43,2,0,45,0,48,41,0,89,0,91,43,0,134,76,0,76,210
07/12/2022,ENA,AK,AAL,WE,Federal Contract Tower,4,48,1,5,58,0,65,24,1,90,4,113,25,6,148,32,0,32,180
07/13/2022,ENA,AK,AAL,WE,Federal Contract Tower,0,39,2,0,41,0,57,45,0,102,0,96,47,0,143,58,2,60,203
07/14/2022,ENA,AK,AAL,WE,Federal Contract Tower,0,62,4,0,66,0,38,42,0,80,0,100,46,0,146,28,2,30,176
07/15/2022,ENA,AK,AAL,WE,Federal Contract Tower,0,42,4,0,46,3,36,27,0,66,3,78,31,0,112,42,0,42,154
07/16/2022,ENA,AK,AAL,WE,Federal Contract Tower,0,31,5,0,36,0,9,10,0,19,0,40,15,0,55,14,0,14,69
07/17/2022,ENA,AK,AAL,WE,Federal Contract Tower,0,37,5,0,42,0,13,3,0,16,0,50,8,0,58,0,0,0,58
07/18/2022,ENA,AK,AAL,WE,Federal Contract Tower,0,30,0,10,40,3,77,55,0,135,3,107,55,10,175,100,14,114,289
07/19/2022,ENA,AK,AAL,WE,Federal Contract Tower,0,55,4,0,59,3,35,23,1,62,3,90,27,1,121,46,2,48,169
07/20/2022,ENA,AK,AAL,WE,Federal Contract Tower,0,60,10,5,75,3,53,54,0,110,3,113,64,5,185,80,0,80,265
07/21/2022,ENA,AK,AAL,WE,Federal Contract Tower,0,57,0,0,57,2,63,49,0,114,2,120,49,0,171,80,0,80,251
07/22/2022,ENA,AK,AAL,WE,Federal Contract Tower,0,40,0,0,40,4,67,45,0,116,4,107,45,0,156,88,0,88,244
07/23/2022,ENA,AK,AAL,WE,Federal Contract Tower,1,20,0,0,21,4,65,60,0,129,5,85,60,0,150,74,0,74,224
07/24/2022,ENA,AK,AAL,WE,Federal Contract Tower,0,14,3,0,17,0,33,42,0,75,0,47,45,0,92,54,0,54,146
07/25/2022,ENA,AK,AAL,WE,Federal Contract Tower,0,40,0,0,40,0,43,2,0,45,0,83,2,0,85,6,6,12,97
07/26/2022,ENA,AK,AAL,WE,Federal Contract Tower,0,33,0,0,33,0,83,25,0,108,0,116,25,0,141,60,10,70,211
07/27/2022,ENA,AK,AAL,WE,Federal Contract Tower,0,46,1,0,47,9,74,60,4,147,9,120,61,4,194,80,16,96,290
07/28/2022,ENA,AK,AAL,WE,Federal Contract Tower,0,32,2,2,36,6,60,51,1,118,6,92,53,3,154,96,4,100,254
07/29/2022,ENA,AK,AAL,WE,Federal Contract Tower,0,25,0,0,25,1,70,68,0,139,1,95,68,0,164,76,2,78,242
07/30/2022,ENA,AK,AAL,WE,Federal Contract Tower,0,21,3,0,24,0,23,27,0,50,0,44,30,0,74,42,0,42,116
07/31/2022,ENA,AK,AAL,WE,Federal Contract Tower,0,22,0,0,22,0,30,15,0,45,0,52,15,0,67,36,0,36,103
08/01/2022,ENA,AK,AAL,WE,Federal Contract Tower,0,67,4,8,79,0,20,5,0,25,0,87,9,8,104,6,0,6,110
08/02/2022,ENA,AK,AAL,WE,Federal Contract Tower,0,37,3,0,40,4,61,47,8,120,4,98,50,8,160,74,12,86,246
08/03/2022,ENA,AK,AAL,WE,Federal Contract Tower,0,37,0,0,37,4,53,106,0,163,4,90,106,0,200,88,0,88,288
08/04/2022,ENA,AK,AAL,WE,Federal Contract Tower,0,27,0,2,29,0,53,65,0,118,0,80,65,2,147,114,10,124,271
08/05/2022,ENA,AK,AAL,WE,Federal Contract Tower,0,38,0,0,38,0,52,6,0,58,0,90,6,0,96,10,0,10,106
08/06/2022,ENA,AK,AAL,WE,Federal Contract Tower,0,14,0,0,14,0,36,26,0,62,0,50,26,0,76,4,0,4,80
08/07/2022,ENA,AK,AAL,WE,Federal Contract Tower,0,10,0,0,10,0,28,14,0,42,0,38,14,0,52,22,0,22,74
08/08/2022,ENA,AK,AAL,WE,Federal Contract Tower,0,40,0,0,40,1,43,7,0,51,1,83,7,0,91,36,22,58,149
08/09/2022,ENA,AK,AAL,WE,Federal Contract Tower,0,30,4,0,34,0,56,30,0,86,0,86,34,0,120,60,14,74,194
08/10/2022,ENA,AK,AAL,WE,Federal Contract Tower,0,28,8,2,38,3,72,73,2,150,3,100,81,4,188,90,4,94,282
08/11/2022,ENA,AK,AAL,WE,Federal Contract Tower,0,28,5,0,33,4,63,29,0,96,4,91,34,0,129,78,0,78,207
08/12/2022,ENA,AK,AAL,WE,Federal Contract Tower,0,44,3,0,47,5,46,33,0,84,5,90,36,0,131,48,0,48,179
08/13/2022,ENA,AK,AAL,WE,Federal Contract Tower,0,30,14,0,44,0,17,6,0,23,0,47,20,0,67,0,0,0,67
08/14/2022,ENA,AK,AAL,WE,Federal Contract Tower,0,11,2,0,13,0,37,44,0,81,0,48,46,0,94,52,0,52,146
08/15/2022,ENA,AK,AAL,WE,Federal Contract Tower,0,28,3,4,35,0,65,65,0,130,0,93,68,4,165,68,0,68,233
08/16/2022,ENA,AK,AAL,WE,Federal Contract Tower,0,31,6,6,43,5,54,34,0,93,5,85,40,6,136,50,0,50,186
08/17/2022,ENA,AK,AAL,WE,Federal Contract Tower,0,55,7,2,64,0,28,22,0,50,0,83,29,2,114,22,0,22,136
08/18/2022,ENA,AK,AAL,WE,Federal Contract Tower,0,34,6,0,40,3,53,67,0,123,3,87,73,0,163,56,6,62,225
08/19/2022,ENA,AK,AAL,WE,Federal Contract Tower,0,67,1,0,68,2,12,14,0,28,2,79,15,0,96,6,0,6,102
08/20/2022,ENA,AK,AAL,WE,Federal Contract Tower,0,11,2,0,13,0,32,33,0,65,0,43,35,0,78,48,0,48,126
08/21/2022,ENA,AK,AAL,WE,Federal Contract Tower,0,10,2,0,12,0,30,40,0,70,0,40,42,0,82,10,0,10,92
08/22/2022,ENA,AK,AAL,WE,Federal Contract Tower,0,32,2,0,34,0,45,16,0,61,0,77,18,0,95,36,8,44,139
08/23/2022,ENA,AK,AAL,WE,Federal Contract Tower,0,25,0,1,26,0,42,39,1,82,0,67,39,2,108,64,14,78,186
08/24/2022,ENA,AK,AAL,WE,Federal Contract Tower,0,27,0,0,27,3,60,54,0,117,3,87,54,0,144,56,30,86,230
08/25/2022,ENA,AK,AAL,WE,Federal Contract Tower,0,65,14,4,83,4,30,21,0,55,4,95,35,4,138,24,6,30,168
08/26/2022,ENA,AK,AAL,WE,Federal Contract Tower,0,67,2,0,69,0,13,15,0,28,0,80,17,0,97,38,0,38,135
08/27/2022,ENA,AK,AAL,WE,Federal Contract Tower,0,22,6,0,28,0,22,21,0,43,0,44,27,0,71,18,0,18,89
08/28/2022,ENA,AK,AAL,WE,Federal Contract Tower,0,15,2,0,17,0,7,14,0,21,0,22,16,0,38,28,0,28,66
08/29/2022,ENA,AK,AAL,WE,Federal Contract Tower,0,34,0,0,34,0,34,26,5,65,0,68,26,5,99,32,0,32,131
08/30/2022,ENA,AK,AAL,WE,Federal Contract Tower,0,24,6,0,30,2,50,55,0,107,2,74,61,0,137,36,22,58,195
08/31/2022,ENA,AK,AAL,WE,Federal Contract Tower,0,57,3,0,60,0,25,15,0,40,0,82,18,0,100,72,0,72,172
09/01/2022,ENA,AK,AAL,WE,Federal Contract Tower,0,41,5,4,50,0,32,30,3,65,0,73,35,7,115,12,30,42,157
09/02/2022,ENA,AK,AAL,WE,Federal Contract Tower,0,38,0,0,38,5,50,40,0,95,5,88,40,0,133,94,0,94,227
09/03/2022,ENA,AK,AAL,WE,Federal Contract Tower,1,23,6,0,30,5,16,19,0,40,6,39,25,0,70,2,0,2,72
09/04/2022,ENA,AK,AAL,WE,Federal Contract Tower,0,11,3,0,14,0,20,31,0,51,0,31,34,0,65,6,0,6,71
09/05/2022,ENA,AK,AAL,WE,Federal Contract Tower,0,37,2,0,39,0,33,47,0,80,0,70,49,0,119,54,0,54,173
09/06/2022,ENA,AK,AAL,WE,Federal Contract Tower,0,32,1,0,33,4,62,40,0,106,4,94,41,0,139,50,0,50,189
09/07/2022,ENA,AK,AAL,WE,Federal Contract Tower,0,28,0,0,28,6,64,42,0,112,6,92,42,0,140,166,0,166,306
09/08/2022,ENA,AK,AAL,WE,Federal Contract Tower,0,50,1,0,51,0,33,15,0,48,0,83,16,0,99,10,0,10,109
09/09/2022,ENA,AK,AAL,WE,Federal Contract Tower,0,26,0,2,28,2,42,17,0,61,2,68,17,2,89,40,0,40,129
09/10/2022,ENA,AK,AAL,WE,Federal Contract Tower,0,14,3,0,17,2,39,46,0,87,2,53,49,0,104,72,0,72,176
09/11/2022,ENA,AK,AAL,WE,Federal Contract Tower,0,14,0,0,14,0,28,19,0,47,0,42,19,0,61,34,0,34,95
09/12/2022,ENA,AK,AAL,WE,Federal Contract Tower,0,18,5,0,23,0,55,36,0,91,0,73,41,0,114,154,4,158,272
09/13/2022,ENA,AK,AAL,WE,Federal Contract Tower,0,24,2,4,30,5,55,32,0,92,5,79,34,4,122,58,0,58,180
09/14/2022,ENA,AK,AAL,WE,Federal Contract Tower,0,41,5,4,50,3,60,59,0,122,3,101,64,4,172,130,2,132,304
09/15/2022,ENA,AK,AAL,WE,Federal Contract Tower,0,22,0,0,22,0,46,29,0,75,0,68,29,0,97,60,2,62,159
09/16/2022,ENA,AK,AAL,WE,Federal Contract Tower,0,26,0,0,26,0,46,36,0,82,0,72,36,0,108,86,0,86,194
09/17/2022,ENA,AK,AAL,WE,Federal Contract Tower,0,13,2,0,15,0,22,23,0,45,0,35,25,0,60,14,0,14,74
09/18/2022,ENA,AK,AAL,WE,Federal Contract Tower,0,12,3,0,15,0,29,47,1,77,0,41,50,1,92,54,0,54,146
09/19/2022,ENA,AK,AAL,WE,Federal Contract Tower,0,51,2,0,53,0,16,21,2,39,0,67,23,2,92,32,0,32,124
09/20/2022,ENA,AK,AAL,WE,Federal Contract Tower,0,42,3,1,46,0,43,37,1,81,0,85,40,2,127,88,2,90,217
09/21/2022,ENA,AK,AAL,WE,Federal Contract Tower,0,25,1,2,28,0,60,64,0,124,0,85,65,2,152,96,2,98,250
09/22/2022,ENA,AK,AAL,WE,Federal Contract Tower,0,18,4,0,22,0,60,35,0,95,0,78,39,0,117,110,2,112,229
09/23/2022,ENA,AK,AAL,WE,Federal Contract Tower,0,25,1,0,26,3,54,32,0,89,3,79,33,0,115,102,0,102,217
09/24/2022,ENA,AK,AAL,WE,Federal Contract Tower,0,12,4,0,16,0,32,31,0,63,0,44,35,0,79,30,0,30,109
09/25/2022,ENA,AK,AAL,WE,Federal Contract Tower,0,12,0,0,12,0,29,29,0,58,0,41,29,0,70,58,0,58,128
09/26/2022,ENA,AK,AAL,WE,Federal Contract Tower,0,20,0,0,20,0,53,43,0,96,0,73,43,0,116,68,0,68,184
09/27/2022,ENA,AK,AAL,WE,Federal Contract Tower,0,21,2,0,23,4,64,39,0,107,4,85,41,0,130,86,10,96,226
09/28/2022,ENA,AK,AAL,WE,Federal Contract Tower,0,25,0,0,25,1,50,31,0,82,1,75,31,0,107,18,0,18,125
09/29/2022,ENA,AK,AAL,WE,Federal Contract Tower,0,33,8,4,45,0,45,23,0,68,0,78,31,4,113,78,0,78,191
09/30/2022,ENA,AK,AAL,WE,Federal Contract Tower,0,36,3,0,39,1,30,34,0,65,1,66,37,0,104,82,0,82,186
10/01/2022,ENA,AK,AAL,WE,Federal Contract Tower,0,4,4,0,8,0,27,55,0,82,0,31,59,0,90,78,0,78,168
10/02/2022,ENA,AK,AAL,WE,Federal Contract Tower,0,24,3,0,27,0,9,11,0,20,0,33,14,0,47,34,0,34,81
10/03/2022,ENA,AK,AAL,WE,Federal Contract Tower,0,23,2,1,26,0,63,27,1,91,0,86,29,2,117,84,18,102,219
10/04/2022,ENA,AK,AAL,WE,Federal Contract Tower,0,20,1,0,21,5,60,23,0,88,5,80,24,0,109,66,0,66,175
10/05/2022,ENA,AK,AAL,WE,Federal Contract Tower,0,23,2,0,25,3,52,26,0,81,3,75,28,0,106,52,0,52,158
10/06/2022,ENA,AK,AAL,WE,Federal Contract Tower,0,21,5,0,26,0,55,36,0,91,0,76,41,0,117,42,0,42,159
10/07/2022,ENA,AK,AAL,WE,Federal Contract Tower,0,22,0,0,22,6,51,22,2,81,6,73,22,2,103,38,0,38,141
10/08/2022,ENA,AK,AAL,WE,Federal Contract Tower,0,16,0,0,16,0,14,9,0,23,0,30,9,0,39,32,0,32,71
10/09/2022,ENA,AK,AAL,WE,Federal Contract Tower,0,16,1,0,17,0,17,11,0,28,0,33,12,0,45,4,0,4,49
10/10/2022,ENA,AK,AAL,WE,Federal Contract Tower,0,25,1,0,26,0,39,25,0,64,0,64,26,0,90,18,4,22,112
10/11/2022,ENA,AK,AAL,WE,Federal Contract Tower,0,25,0,3,28,0,59,47,2,108,0,84,47,5,136,104,18,122,258
10/12/2022,ENA,AK,AAL,WE,Federal Contract Tower,0,19,0,0,19,0,66,14,0,80,0,85,14,0,99,42,0,42,141
10/13/2022,ENA,AK,AAL,WE,Federal Contract Tower,0,18,2,0,20,7,62,60,0,129,7,80,62,0,149,78,20,98,247
10/14/2022,ENA,AK,AAL,WE,Federal Contract Tower,0,17,4,0,21,4,60,21,0,85,4,77,25,0,106,114,0,114,220
10/15/2022,ENA,AK,AAL,WE,Federal Contract Tower,0,12,0,0,12,4,22,8,0,34,4,34,8,0,46,42,0,42,88
10/16/2022,ENA,AK,AAL,WE,Federal Contract Tower,0,16,0,0,16,0,15,18,0,33,0,31,18,0,49,62,0,62,111
10/17/2022,ENA,AK,AAL,WE,Federal Contract Tower,0,18,2,4,24,2,55,17,0,74,2,73,19,4,98,68,24,92,190
10/18/2022,ENA,AK,AAL,WE,Federal Contract Tower,0,18,0,0,18,6,74,20,0,100,6,92,20,0,118,116,0,116,234
10/19/2022,ENA,AK,AAL,WE,Federal Contract Tower,0,22,2,0,24,6,54,47,0,107,6,76,49,0,131,98,0,98,229
10/20/2022,ENA,AK,AAL,WE,Federal Contract Tower,4,55,2,0,61,2,37,27,0,66,6,92,29,0,127,92,0,92,219
10/21/2022,ENA,AK,AAL,WE,Federal Contract Tower,2,41,0,0,43,1,54,47,0,102,3,95,47,0,145,130,0,130,275
10/22/2022,ENA,AK,AAL,WE,Federal Contract Tower,0,13,9,0,22,1,12,76,0,89,1,25,85,0,111,10,0,10,121
10/23/2022,ENA,AK,AAL,WE,Federal Contract Tower,0,11,5,0,16,0,29,31,2,62,0,40,36,2,78,98,0,98,176
10/24/2022,ENA,AK,AAL,WE,Federal Contract Tower,0,18,3,0,21,0,59,32,0,91,0,77,35,0,112,154,4,158,270
10/25/2022,ENA,AK,AAL,WE,Federal Contract Tower,0,53,0,0,53,0,26,9,0,35,0,79,9,0,88,50,0,50,138
10/26/2022,ENA,AK,AAL,WE,Federal Contract Tower,0,43,1,0,44,0,46,18,0,64,0,89,19,0,108,22,0,22,130
10/27/2022,ENA,AK,AAL,WE,Federal Contract Tower,0,27,0,0,27,0,75,34,0,109,0,102,34,0,136,100,16,116,252
10/28/2022,ENA,AK,AAL,WE,Federal Contract Tower,0,28,0,0,28,3,61,23,0,87,3,89,23,0,115,68,0,68,183
10/29/2022,ENA,AK,AAL,WE,Federal Contract Tower,0,12,1,0,13,2,31,20,0,53,2,43,21,0,66,90,0,90,156
10/30/2022,ENA,AK,AAL,WE,Federal Contract Tower,0,11,2,0,13,0,43,28,0,71,0,54,30,0,84,46,0,46,130
10/31/2022,ENA,AK,AAL,WE,Federal Contract Tower,0,20,4,0,24,5,57,31,0,93,5,77,35,0,117,94,0,94,211
11/01/2022,ENA,AK,AAL,WE,Federal Contract Tower,0,21,1,0,22,3,56,22,0,81,3,77,23,0,103,72,2,74,177
11/02/2022,ENA,AK,AAL,WE,Federal Contract Tower,0,52,0,0,52,0,0,0,0,0,0,52,0,0,52,0,0,0,52
11/03/2022,ENA,AK,AAL,WE,Federal Contract Tower,0,28,0,0,28,0,62,13,2,77,0,90,13,2,105,10,0,10,115
11/04/2022,ENA,AK,AAL,WE,Federal Contract Tower,0,23,0,0,23,5,62,15,0,82,5,85,15,0,105,28,0,28,133
11/05/2022,ENA,AK,AAL,WE,Federal Contract Tower,0,14,0,0,14,0,19,0,0,19,0,33,0,0,33,6,0,6,39
11/06/2022,ENA,AK,AAL,WE,Federal Contract Tower,0,9,2,0,11,0,24,19,0,43,0,33,21,0,54,54,0,54,108
11/07/2022,ENA,AK,AAL,WE,Federal Contract Tower,0,37,1,0,38,0,30,9,0,39,0,67,10,0,77,18,0,18,95
11/08/2022,ENA,AK,AAL,WE,Federal Contract Tower,0,27,0,0,27,0,64,15,0,79,0,91,15,0,106,82,0,82,188
11/09/2022,ENA,AK,AAL,WE,Federal Contract Tower,0,46,0,0,46,0,27,2,0,29,0,73,2,0,75,10,0,10,85
11/10/2022,ENA,AK,AAL,WE,Federal Contract Tower,2,65,6,0,73,2,3,4,0,9,4,68,10,0,82,0,0,0,82
11/11/2022,ENA,AK,AAL,WE,Federal Contract Tower,0,29,0,0,29,2,37,9,0,48,2,66,9,0,77,40,0,40,117
11/12/2022,ENA,AK,AAL,WE,Federal Contract Tower,0,14,2,0,16,0,22,4,0,26,0,36,6,0,42,22,0,22,64
11/13/2022,ENA,AK,AAL,WE,Federal Contract Tower,0,26,0,0,26,0,3,2,0,5,0,29,2,0,31,14,0,14,45
11/14/2022,ENA,AK,AAL,WE,Federal Contract Tower,0,16,2,0,18,0,44,18,0,62,0,60,20,0,80,86,0,86,166
11/15/2022,ENA,AK,AAL,WE,Federal Contract Tower,0,24,0,0,24,2,71,24,0,97,2,95,24,0,121,74,8,82,203
11/16/2022,ENA,AK,AAL,WE,Federal Contract Tower,0,25,0,0,25,1,62,22,0,85,1,87,22,0,110,68,4,72,182
11/17/2022,ENA,AK,AAL,WE,Federal Contract Tower,0,24,2,0,26,0,51,29,2,82,0,75,31,2,108,104,6,110,218
11/18/2022,ENA,AK,AAL,WE,Federal Contract Tower,0,24,0,0,24,0,58,17,0,75,0,82,17,0,99,44,0,44,143
11/19/2022,ENA,AK,AAL,WE,Federal Contract Tower,0,11,0,0,11,4,24,12,0,40,4,35,12,0,51,62,0,62,113
11/20/2022,ENA,AK,AAL,WE,Federal Contract Tower,0,6,0,0,6,0,14,7,0,21,0,20,7,0,27,38,0,38,65
11/21/2022,ENA,AK,AAL,WE,Federal Contract Tower,0,24,0,1,25,0,42,19,1,62,0,66,19,2,87,70,10,80,167
11/22/2022,ENA,AK,AAL,WE,Federal Contract Tower,0,78,0,0,78,0,2,1,0,3,0,80,1,0,81,0,0,0,81
11/23/2022,ENA,AK,AAL,WE,Federal Contract Tower,1,35,4,0,40,1,41,12,0,54,2,76,16,0,94,12,0,12,106
11/24/2022,ENA,AK,AAL,WE,Federal Contract Tower,0,6,0,0,6,0,9,0,0,9,0,15,0,0,15,10,0,10,25
11/25/2022,ENA,AK,AAL,WE,Federal Contract Tower,0,42,0,0,42,0,6,5,0,11,0,48,5,0,53,14,0,14,67
11/26/2022,ENA,AK,AAL,WE,Federal Contract Tower,0,12,0,0,12,0,23,13,1,37,0,35,13,1,49,12,8,20,69
11/27/2022,ENA,AK,AAL,WE,Federal Contract Tower,0,12,1,0,13,0,27,22,0,49,0,39,23,0,62,20,0,20,82
11/28/2022,ENA,AK,AAL,WE,Federal Contract Tower,0,21,2,0,23,0,69,25,0,94,0,90,27,0,117,108,0,108,225
11/29/2022,ENA,AK,AAL,WE,Federal Contract Tower,0,22,2,0,24,0,65,14,3,82,0,87,16,3,106,50,6,56,162
11/30/2022,ENA,AK,AAL,WE,Federal Contract Tower,0,34,0,0,34,0,52,15,0,67,0,86,15,0,101,42,0,42,143
12/01/2022,ENA,AK,AAL,WE,Federal Contract Tower,0,27,0,4,31,2,56,12,0,70,2,83,12,4,101,68,0,68,169
12/02/2022,ENA,AK,AAL,WE,Federal Contract Tower,0,24,0,0,24,0,51,11,0,62,0,75,11,0,86,56,0,56,142
12/03/2022,ENA,AK,AAL,WE,Federal Contract Tower,0,16,2,0,18,2,29,13,0,44,2,45,15,0,62,36,0,36,98
12/04/2022,ENA,AK,AAL,WE,Federal Contract Tower,0,14,0,6,20,0,16,2,0,18,0,30,2,6,38,18,0,18,56
12/05/2022,ENA,AK,AAL,WE,Federal Contract Tower,0,48,0,0,48,0,0,0,0,0,0,48,0,0,48,0,0,0,48
12/06/2022,ENA,AK,AAL,WE,Federal Contract Tower,0,46,1,0,47,0,2,0,0,2,0,48,1,0,49,0,0,0,49
12/07/2022,ENA,AK,AAL,WE,Federal Contract Tower,0,29,0,0,29,2,58,19,0,79,2,87,19,0,108,32,0,32,140
12/08/2022,ENA,AK,AAL,WE,Federal Contract Tower,0,18,2,0,20,4,56,25,2,87,4,74,27,2,107,64,6,70,177
12/09/2022,ENA,AK,AAL,WE,Federal Contract Tower,0,12,0,0,12,2,58,15,0,75,2,70,15,0,87,46,0,46,133
12/10/2022,ENA,AK,AAL,WE,Federal Contract Tower,0,13,4,0,17,0,25,11,0,36,0,38,15,0,53,22,0,22,75
12/11/2022,ENA,AK,AAL,WE,Federal Contract Tower,0,9,0,0,9,0,0,0,0,0,0,9,0,0,9,0,0,0,9
12/12/2022,ENA,AK,AAL,WE,Federal Contract Tower,0,12,0,0,12,0,20,7,0,27,0,32,7,0,39,6,10,16,55
12/13/2022,ENA,AK,AAL,WE,Federal Contract Tower,0,54,0,0,54,0,8,2,0,10,0,62,2,0,64,2,0,2,66
12/14/2022,ENA,AK,AAL,WE,Federal Contract Tower,0,67,0,0,67,0,5,0,0,5,0,72,0,0,72,2,0,2,74
12/15/2022,ENA,AK,AAL,WE,Federal Contract Tower,0,34,1,0,35,0,45,10,0,55,0,79,11,0,90,12,0,12,102
12/16/2022,ENA,AK,AAL,WE,Federal Contract Tower,0,21,0,0,21,1,48,27,0,76,1,69,27,0,97,18,0,18,115
12/17/2022,ENA,AK,AAL,WE,Federal Contract Tower,0,17,0,0,17,0,14,10,0,24,0,31,10,0,41,16,0,16,57
12/18/2022,ENA,AK,AAL,WE,Federal Contract Tower,0,7,0,0,7,0,21,4,0,25,0,28,4,0,32,28,0,28,60
12/19/2022,ENA,AK,AAL,WE,Federal Contract Tower,0,31,0,2,33,0,35,6,0,41,0,66,6,2,74,36,22,58,132
12/20/2022,ENA,AK,AAL,WE,Federal Contract Tower,0,23,0,0,23,2,55,0,0,57,2,78,0,0,80,30,16,46,126
12/21/2022,ENA,AK,AAL,WE,Federal Contract Tower,0,22,0,0,22,3,59,10,0,72,3,81,10,0,94,74,0,74,168
12/22/2022,ENA,AK,AAL,WE,Federal Contract Tower,0,21,0,0,21,2,63,8,0,73,2,84,8,0,94,30,0,30,124
12/23/2022,ENA,AK,AAL,WE,Federal Contract Tower,0,11,0,0,11,0,20,2,0,22,0,31,2,0,33,0,0,0,33
12/24/2022,ENA,AK,AAL,WE,Federal Contract Tower,0,4,0,0,4,0,24,4,0,28,0,28,4,0,32,4,0,4,36
12/25/2022,ENA,AK,AAL,WE,Federal Contract Tower,0,0,0,0,0,0,2,2,0,4,0,2,2,0,4,0,0,0,4
12/26/2022,ENA,AK,AAL,WE,Federal Contract Tower,0,11,0,0,11,0,36,6,0,42,0,47,6,0,53,30,0,30,83
12/27/2022,ENA,AK,AAL,WE,Federal Contract Tower,0,44,0,0,44,0,5,0,0,5,0,49,0,0,49,4,0,4,53
12/28/2022,ENA,AK,AAL,WE,Federal Contract Tower,0,15,0,0,15,0,56,24,0,80,0,71,24,0,95,64,0,64,159
12/29/2022,ENA,AK,AAL,WE,Federal Contract Tower,0,12,0,0,12,0,56,10,0,66,0,68,10,0,78,50,6,56,134
12/30/2022,ENA,AK,AAL,WE,Federal Contract Tower,0,9,1,0,10,1,53,17,0,71,1,62,18,0,81,60,0,60,141
12/31/2022,ENA,AK,AAL,WE,Federal Contract Tower,0,2,0,0,2,0,25,14,0,39,0,27,14,0,41,48,0,48,89
01/01/2023,ENA,AK,AAL,WE,Federal Contract Tower,0,4,0,0,4,0,2,1,0,3,0,6,1,0,7,6,0,6,13
01/02/2023,ENA,AK,AAL,WE,Federal Contract Tower,0,6,2,0,8,0,50,21,0,71,0,56,23,0,79,44,2,46,125
01/03/2023,ENA,AK,AAL,WE,Federal Contract Tower,0,14,0,0,14,0,55,13,0,68,0,69,13,0,82,54,0,54,136
01/04/2023,ENA,AK,AAL,WE,Federal Contract Tower,0,10,1,1,12,2,65,15,2,84,2,75,16,3,96,38,10,48,144
01/05/2023,ENA,AK,AAL,WE,Federal Contract Tower,0,11,0,3,14,0,82,22,0,104,0,93,22,3,118,86,16,102,220
01/06/2023,ENA,AK,AAL,WE,Federal Contract Tower,0,24,0,0,24,1,43,19,1,64,1,67,19,1,88,72,0,72,160
01/07/2023,ENA,AK,AAL,WE,Federal Contract Tower,0,4,0,0,4,2,30,21,0,53,2,34,21,0,57,34,0,34,91
01/08/2023,ENA,AK,AAL,WE,Federal Contract Tower,0,16,0,0,16,0,17,13,0,30,0,33,13,0,46,62,2,64,110
01/09/2023,ENA,AK,AAL,WE,Federal Contract Tower,0,9,0,0,9,0,52,16,2,70,0,61,16,2,79,14,4,18,97
01/10/2023,ENA,AK,AAL,WE,Federal Contract Tower,0,17,5,2,24,0,53,12,0,65,0,70,17,2,89,34,14,48,137
01/11/2023,ENA,AK,AAL,WE,Federal Contract Tower,0,43,7,0,50,0,23,1,0,24,0,66,8,0,74,0,0,0,74
01/12/2023,ENA,AK,AAL,WE,Federal Contract Tower,0,21,0,0,21,0,67,34,0,101,0,88,34,0,122,70,0,70,192
01/13/2023,ENA,AK,AAL,WE,Federal Contract Tower,0,17,2,2,21,2,49,35,0,86,2,66,37,2,107,60,0,60,167
01/14/2023,ENA,AK,AAL,WE,Federal Contract Tower,0,23,2,0,25,0,2,3,0,5,0,25,5,0,30,6,0,6,36
01/15/2023,ENA,AK,AAL,WE,Federal Contract Tower,0,6,2,0,8,0,25,17,0,42,0,31,19,0,50,46,0,46,96
01/16/2023,ENA,AK,AAL,WE,Federal Contract Tower,0,15,7,0,22,4,54,38,0,96,4,69,45,0,118,76,0,76,194
01/17/2023,ENA,AK,AAL,WE,Federal Contract Tower,0,21,1,0,22,4,65,30,0,99,4,86,31,0,121,52,6,58,179
01/18/2023,ENA,AK,AAL,WE,Federal Contract Tower,0,24,2,0,26,1,48,34,0,83,1,72,36,0,109,48,0,48,157
01/19/2023,ENA,AK,AAL,WE,Federal Contract Tower,0,24,0,0,24,0,58,22,0,80,0,82,22,0,104,50,8,58,162
01/20/2023,ENA,AK,AAL,WE,Federal Contract Tower,0,45,1,1,47,0,28,13,1,42,0,73,14,2,89,24,6,30,119
01/21/2023,ENA,AK,AAL,WE,Federal Contract Tower,0,9,2,0,11,5,20,40,0,65,5,29,42,0,76,54,0,54,130
01/22/2023,ENA,AK,AAL,WE,Federal Contract Tower,0,15,0,0,15,0,18,5,0,23,0,33,5,0,38,12,0,12,50
01/23/2023,ENA,AK,AAL,WE,Federal Contract Tower,0,48,0,0,48,0,14,7,0,21,0,62,7,0,69,10,0,10,79
01/24/2023,ENA,AK,AAL,WE,Federal Contract Tower,0,29,0,0,29,0,52,23,0,75,0,81,23,0,104,50,0,50,154
01/25/2023,ENA,AK,AAL,WE,Federal Contract Tower,0,30,0,6,36,0,41,27,1,69,0,71,27,7,105,32,36,68,173
01/26/2023,ENA,AK,AAL,WE,Federal Contract Tower,0,21,0,0,21,5,44,26,0,75,5,65,26,0,96,78,0,78,174
01/27/2023,ENA,AK,AAL,WE,Federal Contract Tower,0,42,0,0,42,6,38,26,0,70,6,80,26,0,112,54,0,54,166
01/28/2023,ENA,AK,AAL,WE,Federal Contract Tower,0,22,2,0,24,8,24,15,0,47,8,46,17,0,71,46,0,46,117
01/29/2023,ENA,AK,AAL,WE,Federal Contract Tower,0,22,0,0,22,0,13,6,0,19,0,35,6,0,41,42,0,42,83
01/30/2023,ENA,AK,AAL,WE,Federal Contract Tower,0,33,0,0,33,0,40,17,0,57,0,73,17,0,90,24,18,42,132
01/31/2023,ENA,AK,AAL,WE,Federal Contract Tower,2,23,2,0,27,2,23,26,0,51,4,46,28,0,78,60,4,64,142
02/01/2023,ENA,AK,AAL,WE,Federal Contract Tower,0,59,0,6,65,0,30,9,2,41,0,89,9,8,106,32,6,38,144
02/02/2023,ENA,AK,AAL,WE,Federal Contract Tower,0,65,2,0,67,0,6,14,0,20,0,71,16,0,87,6,0,6,93
02/03/2023,ENA,AK,AAL,WE,Federal Contract Tower,49,0,0,0,49,0,11,2,0,13,49,11,2,0,62,10,0,10,72
02/04/2023,ENA,AK,AAL,WE,Federal Contract Tower,0,26,0,0,26,0,8,10,0,18,0,34,10,0,44,60,0,60,104
02/05/2023,ENA,AK,AAL,WE,Federal Contract Tower,0,10,0,0,10,0,17,2,0,19,0,27,2,0,29,6,0,6,35
02/06/2023,ENA,AK,AAL,WE,Federal Contract Tower,0,50,0,0,50,0,9,0,0,9,0,59,0,0,59,8,0,8,67
02/07/2023,ENA,AK,AAL,WE,Federal Contract Tower,0,59,1,0,60,0,10,3,0,13,0,69,4,0,73,2,0,2,75
02/08/2023,ENA,AK,AAL,WE,Federal Contract Tower,0,44,0,0,44,6,38,29,0,73,6,82,29,0,117,52,0,52,169
02/09/2023,ENA,AK,AAL,WE,Federal Contract Tower,0,68,0,0,68,4,26,6,0,36,4,94,6,0,104,32,0,32,136
02/10/2023,ENA,AK,AAL,WE,Federal Contract Tower,0,37,0,0,37,0,29,1,0,30,0,66,1,0,67,0,0,0,67
02/11/2023,ENA,AK,AAL,WE,Federal Contract Tower,0,28,0,0,28,0,4,0,0,4,0,32,0,0,32,0,0,0,32
02/12/2023,ENA,AK,AAL,WE,Federal Contract Tower,0,23,0,0,23,0,7,8,0,15,0,30,8,0,38,20,0,20,58
02/13/2023,ENA,AK,AAL,WE,Federal Contract Tower,0,24,2,0,26,2,68,23,0,93,2,92,25,0,119,66,0,66,185
02/14/2023,ENA,AK,AAL,WE,Federal Contract Tower,0,47,0,0,47,0,14,0,0,14,0,61,0,0,61,8,0,8,69
02/15/2023,ENA,AK,AAL,WE,Federal Contract Tower,0,76,1,0,77,2,17,11,0,30,2,93,12,0,107,12,0,12,119
02/16/2023,ENA,AK,AAL,WE,Federal Contract Tower,0,40,0,0,40,2,40,31,0,73,2,80,31,0,113,76,0,76,189
02/17/2023,ENA,AK,AAL,WE,Federal Contract Tower,0,42,0,0,42,0,21,16,0,37,0,63,16,0,79,10,0,10,89
02/18/2023,ENA,AK,AAL,WE,Federal Contract Tower,0,17,0,2,19,0,0,0,0,0,0,17,0,2,19,0,0,0,19
02/19/2023,ENA,AK,AAL,WE,Federal Contract Tower,0,29,0,0,29,0,5,7,0,12,0,34,7,0,41,32,0,32,73
02/20/2023,ENA,AK,AAL,WE,Federal Contract Tower,0,36,3,0,39,0,47,36,0,83,0,83,39,0,122,82,0,82,204
02/21/2023,ENA,AK,AAL,WE,Federal Contract Tower,0,28,1,0,29,2,60,26,0,88,2,88,27,0,117,62,2,64,181
02/22/2023,ENA,AK,AAL,WE,Federal Contract Tower,0,28,3,0,31,1,47,14,0,62,1,75,17,0,93,48,0,48,141
02/23/2023,ENA,AK,AAL,WE,Federal Contract Tower,0,58,3,0,61,0,2,0,0,2,0,60,3,0,63,0,0,0,63
02/24/2023,ENA,AK,AAL,WE,Federal Contract Tower,0,54,0,0,54,0,4,0,0,4,0,58,0,0,58,4,0,4,62
02/25/2023,ENA,AK,AAL,WE,Federal Contract Tower,0,20,0,0,20,0,33,14,0,47,0,53,14,0,67,84,0,84,151
02/26/2023,ENA,AK,AAL,WE,Federal Contract Tower,0,12,4,0,16,0,25,18,0,43,0,37,22,0,59,44,0,44,103
02/27/2023,ENA,AK,AAL,WE,Federal Contract Tower,0,22,0,5,27,0,61,39,0,100,0,83,39,5,127,86,8,94,221
02/28/2023,ENA,AK,AAL,WE,Federal Contract Tower,0,41,0,0,41,0,3,0,0,3,0,44,0,0,44,0,0,0,44
03/01/2023,ENA,AK,AAL,WE,Federal Contract Tower,0,39,0,2,41,5,42,9,0,56,5,81,9,2,97,18,0,18,115
03/02/2023,ENA,AK,AAL,WE,Federal Contract Tower,0,14,0,0,14,4,60,29,0,93,4,74,29,0,107,76,4,80,187
03/03/2023,ENA,AK,AAL,WE,Federal Contract Tower,0,17,2,2,21,5,60,41,2,108,5,77,43,4,129,54,12,66,195
03/04/2023,ENA,AK,AAL,WE,Federal Contract Tower,0,6,1,0,7,3,38,29,0,70,3,44,30,0,77,58,0,58,135
03/05/2023,ENA,AK,AAL,WE,Federal Contract Tower,0,9,0,0,9,0,27,29,0,56,0,36,29,0,65,82,0,82,147
03/06/2023,ENA,AK,AAL,WE,Federal Contract Tower,0,20,0,0,20,4,65,17,0,86,4,85,17,0,106,86,2,88,194
03/07/2023,ENA,AK,AAL,WE,Federal Contract Tower,0,16,1,0,17,1,61,25,0,87,1,77,26,0,104,46,0,46,150
03/08/2023,ENA,AK,AAL,WE,Federal Contract Tower,0,26,2,0,28,0,50,43,0,93,0,76,45,0,121,112,0,112,233
03/09/2023,ENA,AK,AAL,WE,Federal Contract Tower,0,20,6,0,26,0,62,35,0,97,0,82,41,0,123,98,0,98,221
03/10/2023,ENA,AK,AAL,WE,Federal Contract Tower,0,18,0,0,18,0,51,4,0,55,0,69,4,0,73,50,0,50,123
03/11/2023,ENA,AK,AAL,WE,Federal Contract Tower,0,8,2,0,10,2,37,40,0,79,2,45,42,0,89,106,0,106,195
03/12/2023,ENA,AK,AAL,WE,Federal Contract Tower,0,9,3,0,12,0,23,15,0,38,0,32,18,0,50,68,0,68,118
03/13/2023,ENA,AK,AAL,WE,Federal Contract Tower,0,15,2,0,17,4,54,29,0,87,4,69,31,0,104,58,0,58,162
03/14/2023,ENA,AK,AAL,WE,Federal Contract Tower,0,17,4,0,21,5,50,14,0,69,5,67,18,0,90,52,2,54,144
03/15/2023,ENA,AK,AAL,WE,Federal Contract Tower,0,23,0,0,23,2,60,16,0,78,2,83,16,0,101,84,10,94,195
03/16/2023,ENA,AK,AAL,WE,Federal Contract Tower,0,18,4,0,22,0,54,22,0,76,0,72,26,0,98,90,4,94,192
03/17/2023,ENA,AK,AAL,WE,Federal Contract Tower,0,26,0,0,26,0,10,4,0,14,0,36,4,0,40,0,0,0,40
03/18/2023,ENA,AK,AAL,WE,Federal Contract Tower,0,6,0,0,6,0,22,6,0,28,0,28,6,0,34,38,0,38,72
03/19/2023,ENA,AK,AAL,WE,Federal Contract Tower,0,11,0,0,11,0,24,18,0,42,0,35,18,0,53,52,0,52,105
03/20/2023,ENA,AK,AAL,WE,Federal Contract Tower,0,21,2,0,23,0,55,33,0,88,0,76,35,0,111,76,6,82,193
03/21/2023,ENA,AK,AAL,WE,Federal Contract Tower,0,20,0,0,20,2,62,20,0,84,2,82,20,0,104,84,4,88,192
03/22/2023,ENA,AK,AAL,WE,Federal Contract Tower,0,31,4,0,35,0,38,5,0,43,0,69,9,0,78,18,0,18,96
03/23/2023,ENA,AK,AAL,WE,Federal Contract Tower,0,21,2,4,27,0,60,17,2,79,0,81,19,6,106,88,2,90,196
03/24/2023,ENA,AK,AAL,WE,Federal Contract Tower,0,33,0,0,33,0,42,13,0,55,0,75,13,0,88,56,0,56,144
03/25/2023,ENA,AK,AAL,WE,Federal Contract Tower,0,7,6,0,13,0,29,43,0,72,0,36,49,0,85,88,2,90,175
03/26/2023,ENA,AK,AAL,WE,Federal Contract Tower,0,8,3,0,11,0,19,18,0,37,0,27,21,0,48,54,0,54,102
03/27/2023,ENA,AK,AAL,WE,Federal Contract Tower,0,28,0,0,28,0,61,26,2,89,0,89,26,2,117,94,0,94,211
03/28/2023,ENA,AK,AAL,WE,Federal Contract Tower,0,40,0,0,40,0,29,15,0,44,0,69,15,0,84,44,8,52,136
03/29/2023,ENA,AK,AAL,WE,Federal Contract Tower,0,41,0,0,41,0,51,27,0,78,0,92,27,0,119,84,0,84,203
03/30/2023,ENA,AK,AAL,WE,Federal Contract Tower,0,57,10,0,67,0,11,6,0,17,0,68,16,0,84,26,0,26,110
03/31/2023,ENA,AK,AAL,WE,Federal Contract Tower,0,37,0,0,37,0,51,13,0,64,0,88,13,0,101,94,0,94,195
04/01/2023,ENA,AK,AAL,WE,Federal Contract Tower,0,9,0,0,9,3,51,36,2,92,3,60,36,2,101,116,0,116,217
04/02/2023,ENA,AK,AAL,WE,Federal Contract Tower,0,7,1,0,8,0,25,17,0,42,0,32,18,0,50,136,0,136,186
04/03/2023,ENA,AK,AAL,WE,Federal Contract Tower,0,16,0,0,16,0,67,19,0,86,0,83,19,0,102,80,0,80,182
04/04/2023,ENA,AK,AAL,WE,Federal Contract Tower,0,26,0,0,26,0,62,17,0,79,0,88,17,0,105,86,0,86,191
04/05/2023,ENA,AK,AAL,WE,Federal Contract Tower,0,53,0,0,53,2,18,17,0,37,2,71,17,0,90,34,0,34,124
04/06/2023,ENA,AK,AAL,WE,Federal Contract Tower,3,50,0,0,53,8,62,32,0,102,11,112,32,0,155,106,0,106,261
04/07/2023,ENA,AK,AAL,WE,Federal Contract Tower,0,19,0,0,19,3,64,36,2,105,3,83,36,2,124,78,0,78,202
04/08/2023,ENA,AK,AAL,WE,Federal Contract Tower,0,10,0,0,10,4,27,23,0,54,4,37,23,0,64,32,0,32,96
04/09/2023,ENA,AK,AAL,WE,Federal Contract Tower,0,17,2,0,19,0,14,6,0,20,0,31,8,0,39,34,0,34,73
04/10/2023,ENA,AK,AAL,WE,Federal Contract Tower,1,38,0,0,39,1,21,0,0,22,2,59,0,0,61,2,0,2,63
04/11/2023,ENA,AK,AAL,WE,Federal Contract Tower,2,49,0,2,53,0,26,14,2,42,2,75,14,4,95,20,14,34,129
04/12/2023,ENA,AK,AAL,WE,Federal Contract Tower,0,39,3,0,42,3,38,32,0,73,3,77,35,0,115,56,2,58,173
04/13/2023,ENA,AK,AAL,WE,Federal Contract Tower,1,57,0,0,58,0,6,2,0,8,1,63,2,0,66,4,0,4,70
04/14/2023,ENA,AK,AAL,WE,Federal Contract Tower,0,46,0,0,46,0,19,2,0,21,0,65,2,0,67,22,0,22,89
04/15/2023,ENA,AK,AAL,WE,Federal Contract Tower,0,5,7,0,12,2,53,24,0,79,2,58,31,0,91,88,0,88,179
04/16/2023,ENA,AK,AAL,WE,Federal Contract Tower,0,11,0,0,11,0,40,15,0,55,0,51,15,0,66,46,0,46,112
04/17/2023,ENA,AK,AAL,WE,Federal Contract Tower,0,13,0,1,14,0,78,35,0,113,0,91,35,1,127,126,2,128,255
04/18/2023,ENA,AK,AAL,WE,Federal Contract Tower,0,18,3,0,21,0,69,42,0,111,0,87,45,0,132,54,0,54,186
04/19/2023,ENA,AK,AAL,WE,Federal Contract Tower,0,20,0,1,21,6,57,52,3,118,6,77,52,4,139,76,10,86,225
04/20/2023,ENA,AK,AAL,WE,Federal Contract Tower,0,17,2,0,19,5,72,40,0,117,5,89,42,0,136,96,0,96,232
04/21/2023,ENA,AK,AAL,WE,Federal Contract Tower,0,16,2,0,18,6,51,43,0,100,6,67,45,0,118,96,0,96,214
04/22/2023,ENA,AK,AAL,WE,Federal Contract Tower,0,7,2,0,9,3,36,21,0,60,3,43,23,0,69,26,0,26,95
04/23/2023,ENA,AK,AAL,WE,Federal Contract Tower,0,16,0,0,16,0,34,3,0,37,0,50,3,0,53,48,0,48,101
04/24/2023,ENA,AK,AAL,WE,Federal Contract Tower,0,17,4,4,25,5,73,46,0,124,5,90,50,4,149,38,0,38,187
04/25/2023,ENA,AK,AAL,WE,Federal Contract Tower,0,24,4,0,28,12,61,22,0,95,12,85,26,0,123,77,0,77,200
04/26/2023,ENA,AK,AAL,WE,Federal Contract Tower,0,22,3,3,28,0,59,27,0,86,0,81,30,3,114,92,8,100,214
04/27/2023,ENA,AK,AAL,WE,Federal Contract Tower,0,14,0,0,14,0,62,42,0,104,0,76,42,0,118,142,4,146,264
04/28/2023,ENA,AK,AAL,WE,Federal Contract Tower,0,17,1,0,18,0,64,32,0,96,0,81,33,0,114,84,0,84,198
04/29/2023,ENA,AK,AAL,WE,Federal Contract Tower,0,4,0,0,4,0,34,36,0,70,0,38,36,0,74,28,0,28,102
04/30/2023,ENA,AK,AAL,WE,Federal Contract Tower,0,14,1,0,15,0,24,34,0,58,0,38,35,0,73,64,0,64,137
05/01/2023,ENA,AK,AAL,WE,Federal Contract Tower,0,23,0,0,23,0,77,26,2,105,0,100,26,2,128,94,0,94,222
05/02/2023,ENA,AK,AAL,WE,Federal Contract Tower,0,17,1,0,18,5,67,21,0,93,5,84,22,0,111,90,0,90,201
05/03/2023,ENA,AK,AAL,WE,Federal Contract Tower,0,46,0,3,49,0,46,28,5,79,0,92,28,8,128,108,2,110,238
05/04/2023,ENA,AK,AAL,WE,Federal Contract Tower,0,20,2,0,22,4,86,48,0,138,4,106,50,0,160,159,0,159,319
05/05/2023,ENA,AK,AAL,WE,Federal Contract Tower,0,14,3,3,20,3,85,53,1,142,3,99,56,4,162,105,12,117,279
05/06/2023,ENA,AK,AAL,WE,Federal Contract Tower,0,19,0,0,19,0,35,19,0,54,0,54,19,0,73,56,0,56,129
05/07/2023,ENA,AK,AAL,WE,Federal Contract Tower,0,14,0,0,14,0,43,35,0,78,0,57,35,0,92,68,0,68,160
05/08/2023,ENA,AK,AAL,WE,Federal Contract Tower,0,12,2,0,14,2,66,39,0,107,2,78,41,0,121,70,0,70,191
05/09/2023,ENA,AK,AAL,WE,Federal Contract Tower,0,18,0,1,19,2,64,22,3,91,2,82,22,4,110,71,26,97,207
05/10/2023,ENA,AK,AAL,WE,Federal Contract Tower,0,14,1,0,15,2,82,27,0,111,2,96,28,0,126,105,0,105,231
05/11/2023,ENA,AK,AAL,WE,Federal Contract Tower,0,22,2,0,24,4,91,65,2,162,4,113,67,2,186,242,0,242,428
05/12/2023,ENA,AK,AAL,WE,Federal Contract Tower,0,15,6,0,21,3,72,39,1,115,3,87,45,1,136,113,0,113,249
05/13/2023,ENA,AK,AAL,WE,Federal Contract Tower,0,4,3,0,7,0,46,44,0,90,0,50,47,0,97,48,0,48,145
05/14/2023,ENA,AK,AAL,WE,Federal Contract Tower,0,4,0,0,4,0,30,26,0,56,0,34,26,0,60,32,0,32,92
05/15/2023,ENA,AK,AAL,WE,Federal Contract Tower,0,18,2,1,21,1,90,44,0,135,1,108,46,1,156,78,8,86,242
05/16/2023,ENA,AK,AAL,WE,Federal Contract Tower,0,47,5,4,56,0,55,28,0,83,0,102,33,4,139,42,0,42,181
05/17/2023,ENA,AK,AAL,WE,Federal Contract Tower,0,22,2,0,24,0,57,84,0,141,0,79,86,0,165,84,0,84,249
05/18/2023,ENA,AK,AAL,WE,Federal Contract Tower,0,17,2,1,20,4,88,70,2,164,4,105,72,3,184,203,10,213,397
05/19/2023,ENA,AK,AAL,WE,Federal Contract Tower,0,22,4,0,26,3,67,37,0,107,3,89,41,0,133,88,0,88,221
05/20/2023,ENA,AK,AAL,WE,Federal Contract Tower,0,8,2,2,12,0,53,40,3,96,0,61,42,5,108,110,14,124,232
05/21/2023,ENA,AK,AAL,WE,Federal Contract Tower,0,12,1,2,15,0,38,60,0,98,0,50,61,2,113,98,2,100,213
05/22/2023,ENA,AK,AAL,WE,Federal Contract Tower,0,12,2,2,16,1,73,46,0,120,1,85,48,2,136,98,0,98,234
05/23/2023,ENA,AK,AAL,WE,Federal Contract Tower,0,22,3,0,25,0,100,27,0,127,0,122,30,0,152,117,2,119,271
05/24/2023,ENA,AK,AAL,WE,Federal Contract Tower,0,22,2,2,26,0,66,53,8,127,0,88,55,10,153,96,8,104,257
05/25/2023,ENA,AK,AAL,WE,Federal Contract Tower,0,57,10,0,67,0,26,10,1,37,0,83,20,1,104,10,4,14,118
05/26/2023,ENA,AK,AAL,WE,Federal Contract Tower,0,62,3,0,65,3,29,12,0,44,3,91,15,0,109,40,0,40,149
05/27/2023,ENA,AK,AAL,WE,Federal Contract Tower,0,16,0,0,16,0,38,27,0,65,0,54,27,0,81,38,0,38,119
05/28/2023,ENA,AK,AAL,WE,Federal Contract Tower,0,19,0,0,19,0,26,30,0,56,0,45,30,0,75,26,0,26,101
05/29/2023,ENA,AK,AAL,WE,Federal Contract Tower,0,12,1,0,13,0,65,53,0,118,0,77,54,0,131,102,0,102,233
05/31/2023,ENA,AK,AAL,WE,Federal Contract Tower,0,21,1,0,22,4,76,43,0,123,4,97,44,0,145,79,8,87,232
06/01/2023,ENA,AK,AAL,WE,Federal Contract Tower,0,22,0,3,25,3,77,39,0,119,3,99,39,3,144,56,12,68,212
06/02/2023,ENA,AK,AAL,WE,Federal Contract Tower,0,23,0,0,23,0,69,21,0,90,0,92,21,0,113,90,0,90,203
06/03/2023,ENA,AK,AAL,WE,Federal Contract Tower,0,12,7,0,19,2,40,37,0,79,2,52,44,0,98,53,0,53,151
06/04/2023,ENA,AK,AAL,WE,Federal Contract Tower,0,12,4,0,16,0,31,52,0,83,0,43,56,0,99,44,0,44,143
06/05/2023,ENA,AK,AAL,WE,Federal Contract Tower,0,18,6,0,24,2,86,38,0,126,2,104,44,0,150,121,0,121,271
06/06/2023,ENA,AK,AAL,WE,Federal Contract Tower,0,17,1,4,22,3,92,29,0,124,3,109,30,4,146,33,0,33,179
06/07/2023,ENA,AK,AAL,WE,Federal Contract Tower,1,20,0,0,21,3,79,37,0,119,4,99,37,0,140,84,0,84,224
06/08/2023,ENA,AK,AAL,WE,Federal Contract Tower,1,31,2,0,34,4,56,36,0,96,5,87,38,0,130,71,0,71,201
06/09/2023,ENA,AK,AAL,WE,Federal Contract Tower,0,22,0,1,23,1,66,61,0,128,1,88,61,1,151,95,2,97,248
06/10/2023,ENA,AK,AAL,WE,Federal Contract Tower,0,13,3,0,16,0,56,85,0,141,0,69,88,0,157,43,0,43,200
06/11/2023,ENA,AK,AAL,WE,Federal Contract Tower,0,6,0,0,6,0,41,13,0,54,0,47,13,0,60,58,0,58,118
06/12/2023,ENA,AK,AAL,WE,Federal Contract Tower,0,10,6,6,22,0,74,30,2,106,0,84,36,8,128,101,8,109,237
06/13/2023,ENA,AK,AAL,WE,Federal Contract Tower,0,26,2,5,33,85,30,0,0,115,85,56,2,5,148,43,14,57,205
06/14/2023,ENA,AK,AAL,WE,Federal Contract Tower,0,17,2,0,19,4,74,51,0,129,4,91,53,0,148,45,8,53,201
06/15/2023,ENA,AK,AAL,WE,Federal Contract Tower,0,20,0,0,20,0,75,49,0,124,0,95,49,0,144,74,0,74,218
06/16/2023,ENA,AK,AAL,WE,Federal Contract Tower,0,19,0,0,19,4,70,51,0,125,4,89,51,0,144,117,0,117,261
06/17/2023,ENA,AK,AAL,WE,Federal Contract Tower,0,10,2,0,12,4,33,49,0,86,4,43,51,0,98,47,0,47,145
06/18/2023,ENA,AK,AAL,WE,Federal Contract Tower,0,10,2,0,12,0,39,47,0,86,0,49,49,0,98,40,0,40,138
06/19/2023,ENA,AK,AAL,WE,Federal Contract Tower,0,18,0,0,18,5,75,64,0,144,5,93,64,0,162,65,0,65,227
06/21/2023,ENA,AK,AAL,WE,Federal Contract Tower,0,87,5,0,92,0,9,4,0,13,0,96,9,0,105,22,0,22,127
06/22/2023,ENA,AK,AAL,WE,Federal Contract Tower,0,69,5,1,75,0,22,5,1,28,0,91,10,2,103,14,2,16,119
06/23/2023,ENA,AK,AAL,WE,Federal Contract Tower,0,27,0,0,27,2,75,53,0,130,2,102,53,0,157,115,0,115,272
06/24/2023,ENA,AK,AAL,WE,Federal Contract Tower,0,25,1,0,26,2,45,24,0,71,2,70,25,0,97,89,0,89,186
06/25/2023,ENA,AK,AAL,WE,Federal Contract Tower,0,16,0,0,16,0,39,15,0,54,0,55,15,0,70,48,0,48,118
06/26/2023,ENA,AK,AAL,WE,Federal Contract Tower,0,18,2,0,20,3,74,54,0,131,3,92,56,0,151,58,14,72,223
06/27/2023,ENA,AK,AAL,WE,Federal Contract Tower,0,56,4,2,62,0,46,4,0,50,0,102,8,2,112,32,0,32,144
06/28/2023,ENA,AK,AAL,WE,Federal Contract Tower,0,77,7,1,85,0,28,23,0,51,0,105,30,1,136,42,0,42,178
06/29/2023,ENA,AK,AAL,WE,Federal Contract Tower,0,70,4,0,74,0,22,23,0,45,0,92,27,0,119,36,0,36,155
06/30/2023,ENA,AK,AAL,WE,Federal Contract Tower,0,29,1,0,30,5,88,75,0,168,5,117,76,0,198,70,0,70,268
07/01/2023,ENA,AK,AAL,WE,Federal Contract Tower,0,15,0,0,15,1,59,76,0,136,1,74,76,0,151,76,0,76,227
07/02/2023,ENA,AK,AAL,WE,Federal Contract Tower,0,7,2,0,9,0,37,21,0,58,0,44,23,0,67,24,0,24,91
07/03/2023,ENA,AK,AAL,WE,Federal Contract Tower,0,31,1,0,32,2,67,25,0,94,2,98,26,0,126,80,8,88,214
07/04/2023,ENA,AK,AAL,WE,Federal Contract Tower,0,18,3,0,21,0,29,27,0,56,0,47,30,0,77,6,0,6,83
07/05/2023,ENA,AK,AAL,WE,Federal Contract Tower,1,33,3,0,37,0,70,40,0,110,1,103,43,0,147,136,0,136,283
07/06/2023,ENA,AK,AAL,WE,Federal Contract Tower,0,88,3,0,91,0,0,1,0,1,0,88,4,0,92,0,0,0,92
07/07/2023,ENA,AK,AAL,WE,Federal Contract Tower,0,42,0,0,42,0,72,43,0,115,0,114,43,0,157,84,0,84,241
07/08/2023,ENA,AK,AAL,WE,Federal Contract Tower,0,15,5,0,20,2,65,54,0,121,2,80,59,0,141,76,0,76,217
07/09/2023,ENA,AK,AAL,WE,Federal Contract Tower,0,15,4,0,19,0,45,55,0,100,0,60,59,0,119,37,0,37,156
07/10/2023,ENA,AK,AAL,WE,Federal Contract Tower,0,66,4,0,70,0,22,24,0,46,0,88,28,0,116,52,0,52,168
07/11/2023,ENA,AK,AAL,WE,Federal Contract Tower,0,33,2,2,37,0,68,36,0,104,0,101,38,2,141,110,0,110,251
07/12/2023,ENA,AK,AAL,WE,Federal Contract Tower,0,42,1,2,45,6,68,75,2,151,6,110,76,4,196,78,6,84,280
07/13/2023,ENA,AK,AAL,WE,Federal Contract Tower,0,29,4,0,33,3,83,81,0,167,3,112,85,0,200,98,0,98,298
07/14/2023,ENA,AK,AAL,WE,Federal Contract Tower,0,29,5,0,34,0,78,46,0,124,0,107,51,0,158,110,4,114,272
07/15/2023,ENA,AK,AAL,WE,Federal Contract Tower,0,55,0,0,55,0,0,0,0,0,0,55,0,0,55,0,0,0,55
07/16/2023,ENA,AK,AAL,WE,Federal Contract Tower,0,42,0,0,42,0,27,8,0,35,0,69,8,0,77,56,0,56,133
07/17/2023,ENA,AK,AAL,WE,Federal Contract Tower,0,38,4,1,43,0,62,44,1,107,0,100,48,2,150,130,8,138,288
07/18/2023,ENA,AK,AAL,WE,Federal Contract Tower,0,28,2,0,30,4,75,70,0,149,4,103,72,0,179,106,0,106,285
07/19/2023,ENA,AK,AAL,WE,Federal Contract Tower,0,37,2,1,40,0,56,39,0,95,0,93,41,1,135,70,0,70,205
07/20/2023,ENA,AK,AAL,WE,Federal Contract Tower,0,51,5,2,58,0,42,44,0,86,0,93,49,2,144,124,0,124,268
07/21/2023,ENA,AK,AAL,WE,Federal Contract Tower,0,36,8,0,44,0,77,104,0,181,0,113,112,0,225,104,0,104,329
07/22/2023,ENA,AK,AAL,WE,Federal Contract Tower,0,19,2,0,21,0,49,77,0,126,0,68,79,0,147,100,0,100,247
07/23/2023,ENA,AK,AAL,WE,Federal Contract Tower,0,22,1,0,23,0,31,48,0,79,0,53,49,0,102,18,0,18,120
07/24/2023,ENA,AK,AAL,WE,Federal Contract Tower,0,26,9,3,38,0,76,54,3,133,0,102,63,6,171,72,10,82,253
07/25/2023,ENA,AK,AAL,WE,Federal Contract Tower,0,29,6,0,35,0,75,62,0,137,0,104,68,0,172,43,2,45,217
07/26/2023,ENA,AK,AAL,WE,Federal Contract Tower,4,65,25,0,94,0,14,10,0,24,4,79,35,0,118,28,0,28,146
07/27/2023,ENA,AK,AAL,WE,Federal Contract Tower,0,41,2,0,43,0,72,37,0,109,0,113,39,0,152,74,10,84,236
07/28/2023,ENA,AK,AAL,WE,Federal Contract Tower,0,57,11,0,68,0,45,32,0,77,0,102,43,0,145,24,0,24,169
07/29/2023,ENA,AK,AAL,WE,Federal Contract Tower,0,52,8,0,60,0,19,16,0,35,0,71,24,0,95,24,0,24,119
07/30/2023,ENA,AK,AAL,WE,Federal Contract Tower,0,28,4,0,32,0,49,33,0,82,0,77,37,0,114,42,0,42,156
07/31/2023,ENA,AK,AAL,WE,Federal Contract Tower,0,34,0,0,34,0,73,33,0,106,0,107,33,0,140,90,8,98,238
08/01/2023,ENA,AK,AAL,WE,Federal Contract Tower,0,32,0,0,32,0,94,49,0,143,0,126,49,0,175,58,0,58,233
08/02/2023,ENA,AK,AAL,WE,Federal Contract Tower,0,51,9,0,60,0,58,19,2,79,0,109,28,2,139,42,10,52,191
08/03/2023,ENA,AK,AAL,WE,Federal Contract Tower,0,50,1,8,59,0,71,43,2,116,0,121,44,10,175,48,4,52,227
08/04/2023,ENA,AK,AAL,WE,Federal Contract Tower,0,23,3,0,26,0,79,48,4,131,0,102,51,4,157,78,0,78,235
08/05/2023,ENA,AK,AAL,WE,Federal Contract Tower,0,19,6,0,25,0,57,61,0,118,0,76,67,0,143,144,0,144,287
08/06/2023,ENA,AK,AAL,WE,Federal Contract Tower,0,23,3,0,26,0,28,25,0,53,0,51,28,0,79,28,0,28,107
08/07/2023,ENA,AK,AAL,WE,Federal Contract Tower,0,48,6,0,54,0,41,26,0,67,0,89,32,0,121,44,8,52,173
08/08/2023,ENA,AK,AAL,WE,Federal Contract Tower,0,41,2,0,43,0,66,52,0,118,0,107,54,0,161,70,0,70,231
08/09/2023,ENA,AK,AAL,WE,Federal Contract Tower,0,46,3,1,50,0,63,41,0,104,0,109,44,1,154,126,8,134,288
08/10/2023,ENA,AK,AAL,WE,Federal Contract Tower,0,57,9,0,66,0,44,23,0,67,0,101,32,0,133,28,0,28,161
08/11/2023,ENA,AK,AAL,WE,Federal Contract Tower,0,39,4,0,43,0,76,43,0,119,0,115,47,0,162,42,0,42,204
08/12/2023,ENA,AK,AAL,WE,Federal Contract Tower,0,17,1,0,18,0,36,12,0,48,0,53,13,0,66,42,0,42,108
08/13/2023,ENA,AK,AAL,WE,Federal Contract Tower,0,21,2,0,23,0,49,47,0,96,0,70,49,0,119,49,0,49,168
08/14/2023,ENA,AK,AAL,WE,Federal Contract Tower,0,19,4,1,24,5,81,35,1,122,5,100,39,2,146,51,12,63,209
08/15/2023,ENA,AK,AAL,WE,Federal Contract Tower,0,38,5,0,43,0,67,52,0,119,0,105,57,0,162,72,0,72,234
08/16/2023,ENA,AK,AAL,WE,Federal Contract Tower,0,58,2,3,63,0,26,31,0,57,0,84,33,3,120,52,4,56,176
08/17/2023,ENA,AK,AAL,WE,Federal Contract Tower,0,30,1,4,35,0,84,71,0,155,0,114,72,4,190,132,4,136,326
08/18/2023,ENA,AK,AAL,WE,Federal Contract Tower,0,31,0,0,31,0,75,55,0,130,0,106,55,0,161,42,0,42,203
08/19/2023,ENA,AK,AAL,WE,Federal Contract Tower,0,13,0,4,17,0,52,64,0,116,0,65,64,4,133,28,2,30,163
08/20/2023,ENA,AK,AAL,WE,Federal Contract Tower,0,17,0,0,17,0,48,10,0,58,0,65,10,0,75,20,0,20,95
08/21/2023,ENA,AK,AAL,WE,Federal Contract Tower,0,44,15,0,59,0,56,30,0,86,0,100,45,0,145,48,0,48,193
08/22/2023,ENA,AK,AAL,WE,Federal Contract Tower,0,34,8,0,42,3,80,45,0,128,3,114,53,0,170,66,2,68,238
08/23/2023,ENA,AK,AAL,WE,Federal Contract Tower,0,55,6,0,61,0,62,53,0,115,0,117,59,0,176,80,0,80,256
08/24/2023,ENA,AK,AAL,WE,Federal Contract Tower,0,73,5,0,78,0,15,12,0,27,0,88,17,0,105,30,0,30,135
08/25/2023,ENA,AK,AAL,WE,Federal Contract Tower,0,67,6,0,73,0,22,35,0,57,0,89,41,0,130,95,0,95,225
08/26/2023,ENA,AK,AAL,WE,Federal Contract Tower,0,39,0,0,39,0,41,15,0,56,0,80,15,0,95,54,0,54,149
08/28/2023,ENA,AK,AAL,WE,Federal Contract Tower,0,70,8,0,78,0,15,8,0,23,0,85,16,0,101,0,0,0,101
08/29/2023,ENA,AK,AAL,WE,Federal Contract Tower,0,62,11,0,73,0,45,22,0,67,0,107,33,0,140,8,0,8,148
08/30/2023,ENA,AK,AAL,WE,Federal Contract Tower,0,38,1,0,39,0,84,44,2,130,0,122,45,2,169,84,0,84,253
08/31/2023,ENA,AK,AAL,WE,Federal Contract Tower,0,54,1,1,56,0,36,19,0,55,0,90,20,1,111,12,18,30,141
