01/01/2020,ESN,MD,AEA,EN,Federal Contract Tower,0,4,11,0,15,0,0,48,0,48,0,4,59,0,63,124,0,124,187
01/02/2020,ESN,MD,AEA,EN,Federal Contract Tower,0,5,8,0,13,0,5,112,0,117,0,10,120,0,130,190,0,190,320
01/03/2020,ESN,MD,AEA,EN,Federal Contract Tower,0,3,8,4,15,0,3,10,0,13,0,6,18,4,28,58,0,58,86
01/04/2020,ESN,MD,AEA,EN,Federal Contract Tower,0,4,5,0,9,0,0,0,0,0,0,4,5,0,9,0,0,0,9
01/05/2020,ESN,MD,AEA,EN,Federal Contract Tower,0,3,10,0,13,0,7,10,0,17,0,10,20,0,30,16,0,16,46
01/06/2020,ESN,MD,AEA,EN,Federal Contract Tower,0,0,13,0,13,0,0,70,0,70,0,0,83,0,83,74,0,74,157
01/07/2020,ESN,MD,AEA,EN,Federal Contract Tower,0,8,4,0,12,0,0,38,0,38,0,8,42,0,50,47,40,87,137
01/08/2020,ESN,MD,AEA,EN,Federal Contract Tower,0,1,3,0,4,0,4,8,0,12,0,5,11,0,16,24,12,36,52
01/09/2020,ESN,MD,AEA,EN,Federal Contract Tower,0,5,6,0,11,0,0,91,28,119,0,5,97,28,130,132,86,218,348
01/10/2020,ESN,MD,AEA,EN,Federal Contract Tower,0,2,3,0,5,0,2,45,0,47,0,4,48,0,52,126,0,126,178
01/11/2020,ESN,MD,AEA,EN,Federal Contract Tower,0,1,8,0,9,0,3,33,0,36,0,4,41,0,45,54,0,54,99
01/12/2020,ESN,MD,AEA,EN,Federal Contract Tower,0,3,10,0,13,0,4,33,0,37,0,7,43,0,50,42,0,42,92
01/13/2020,ESN,MD,AEA,EN,Federal Contract Tower,0,3,18,0,21,0,2,35,1,38,0,5,53,1,59,60,26,86,145
01/14/2020,ESN,MD,AEA,EN,Federal Contract Tower,0,3,11,2,16,0,0,0,0,0,0,3,11,2,16,0,0,0,16
01/15/2020,ESN,MD,AEA,EN,Federal Contract Tower,0,0,17,2,19,0,5,59,10,74,0,5,76,12,93,178,34,212,305
01/16/2020,ESN,MD,AEA,EN,Federal Contract Tower,0,0,11,0,11,0,10,7,0,17,0,10,18,0,28,12,40,52,80
01/17/2020,ESN,MD,AEA,EN,Federal Contract Tower,0,5,9,0,14,0,2,42,0,44,0,7,51,0,58,96,0,96,154
01/18/2020,ESN,MD,AEA,EN,Federal Contract Tower,0,5,5,0,10,0,0,19,0,19,0,5,24,0,29,62,0,62,91
01/19/2020,ESN,MD,AEA,EN,Federal Contract Tower,0,3,9,0,12,0,3,21,0,24,0,6,30,0,36,10,0,10,46
01/20/2020,ESN,MD,AEA,EN,Federal Contract Tower,0,4,8,0,12,0,11,39,0,50,0,15,47,0,62,106,0,106,168
01/21/2020,ESN,MD,AEA,EN,Federal Contract Tower,0,5,7,0,12,0,10,45,6,61,0,15,52,6,73,144,6,150,223
01/22/2020,ESN,MD,AEA,EN,Federal Contract Tower,0,3,18,2,23,0,6,53,0,59,0,9,71,2,82,116,4,120,202
01/23/2020,ESN,MD,AEA,EN,Federal Contract Tower,0,2,12,0,14,0,3,74,0,77,0,5,86,0,91,158,8,166,257
01/24/2020,ESN,MD,AEA,EN,Federal Contract Tower,0,3,13,0,16,0,0,57,0,57,0,3,70,0,73,144,32,176,249
01/25/2020,ESN,MD,AEA,EN,Federal Contract Tower,0,0,7,0,7,0,0,5,0,5,0,0,12,0,12,28,0,28,40
01/26/2020,ESN,MD,AEA,EN,Federal Contract Tower,0,7,9,0,16,0,1,73,0,74,0,8,82,0,90,120,0,120,210
01/27/2020,ESN,MD,AEA,EN,Federal Contract Tower,0,8,8,0,16,0,12,33,4,49,0,20,41,4,65,64,36,100,165
01/28/2020,ESN,MD,AEA,EN,Federal Contract Tower,0,4,11,2,17,0,4,36,4,44,0,8,47,6,61,56,2,58,119
01/29/2020,ESN,MD,AEA,EN,Federal Contract Tower,0,0,18,0,18,0,3,67,16,86,0,3,85,16,104,138,74,212,316
01/30/2020,ESN,MD,AEA,EN,Federal Contract Tower,0,1,9,0,10,0,13,64,2,79,0,14,73,2,89,110,44,154,243
01/31/2020,ESN,MD,AEA,EN,Federal Contract Tower,0,4,12,0,16,0,8,65,0,73,0,12,77,0,89,174,38,212,301
02/01/2020,ESN,MD,AEA,EN,Federal Contract Tower,0,2,7,0,9,0,4,24,0,28,0,6,31,0,37,86,0,86,123
02/02/2020,ESN,MD,AEA,EN,Federal Contract Tower,0,4,15,0,19,0,2,34,0,36,0,6,49,0,55,96,0,96,151
02/03/2020,ESN,MD,AEA,EN,Federal Contract Tower,0,3,10,0,13,0,2,54,0,56,0,5,64,0,69,36,8,44,113
02/04/2020,ESN,MD,AEA,EN,Federal Contract Tower,0,2,9,0,11,0,0,32,2,34,0,2,41,2,45,62,24,86,131
02/05/2020,ESN,MD,AEA,EN,Federal Contract Tower,0,3,24,0,27,0,0,2,0,2,0,3,26,0,29,0,0,0,29
02/06/2020,ESN,MD,AEA,EN,Federal Contract Tower,0,0,2,0,2,0,0,0,0,0,0,0,2,0,2,0,0,0,2
02/07/2020,ESN,MD,AEA,EN,Federal Contract Tower,0,4,5,0,9,0,2,0,0,2,0,6,5,0,11,0,0,0,11
02/08/2020,ESN,MD,AEA,EN,Federal Contract Tower,0,3,11,0,14,0,2,75,2,79,0,5,86,2,93,250,2,252,345
02/09/2020,ESN,MD,AEA,EN,Federal Contract Tower,0,0,20,0,20,0,12,121,0,133,0,12,141,0,153,252,0,252,405
02/10/2020,ESN,MD,AEA,EN,Federal Contract Tower,0,6,11,0,17,0,0,23,0,23,0,6,34,0,40,30,2,32,72
02/11/2020,ESN,MD,AEA,EN,Federal Contract Tower,0,0,9,0,9,0,2,3,0,5,0,2,12,0,14,14,0,14,28
02/12/2020,ESN,MD,AEA,EN,Federal Contract Tower,0,0,8,0,8,0,2,80,2,84,0,2,88,2,92,144,2,146,238
02/13/2020,ESN,MD,AEA,EN,Federal Contract Tower,0,1,10,0,11,0,0,1,0,1,0,1,11,0,12,0,0,0,12
02/14/2020,ESN,MD,AEA,EN,Federal Contract Tower,0,3,2,0,5,0,2,38,0,40,0,5,40,0,45,80,0,80,125
02/15/2020,ESN,MD,AEA,EN,Federal Contract Tower,0,4,4,0,8,0,0,74,0,74,0,4,78,0,82,198,0,198,280
02/16/2020,ESN,MD,AEA,EN,Federal Contract Tower,0,4,12,0,16,0,1,79,0,80,0,5,91,0,96,154,0,154,250
02/17/2020,ESN,MD,AEA,EN,Federal Contract Tower,0,6,17,0,23,0,0,53,0,53,0,6,70,0,76,88,2,90,166
02/18/2020,ESN,MD,AEA,EN,Federal Contract Tower,0,3,6,0,9,0,1,45,4,50,0,4,51,4,59,52,4,56,115
02/19/2020,ESN,MD,AEA,EN,Federal Contract Tower,0,7,9,0,16,0,3,54,0,57,0,10,63,0,73,136,40,176,249
02/20/2020,ESN,MD,AEA,EN,Federal Contract Tower,0,1,14,0,15,0,3,31,0,34,0,4,45,0,49,60,0,60,109
02/21/2020,ESN,MD,AEA,EN,Federal Contract Tower,0,0,20,0,20,0,4,54,0,58,0,4,74,0,78,86,0,86,164
02/22/2020,ESN,MD,AEA,EN,Federal Contract Tower,0,3,16,0,19,0,5,64,0,69,0,8,80,0,88,136,0,136,224
02/23/2020,ESN,MD,AEA,EN,Federal Contract Tower,0,4,16,0,20,0,3,78,0,81,0,7,94,0,101,122,0,122,223
02/24/2020,ESN,MD,AEA,EN,Federal Contract Tower,0,0,7,0,7,0,2,46,0,48,0,2,53,0,55,80,2,82,137
02/25/2020,ESN,MD,AEA,EN,Federal Contract Tower,0,1,6,0,7,0,0,0,0,0,0,1,6,0,7,0,0,0,7
02/26/2020,ESN,MD,AEA,EN,Federal Contract Tower,0,2,1,0,3,0,0,0,0,0,0,2,1,0,3,0,0,0,3
02/27/2020,ESN,MD,AEA,EN,Federal Contract Tower,0,4,5,0,9,0,0,12,0,12,0,4,17,0,21,28,6,34,55
02/28/2020,ESN,MD,AEA,EN,Federal Contract Tower,0,8,7,0,15,0,13,47,3,63,0,21,54,3,78,138,0,138,216
02/29/2020,ESN,MD,AEA,EN,Federal Contract Tower,0,1,10,0,11,0,8,28,0,36,0,9,38,0,47,104,0,104,151
03/01/2020,ESN,MD,AEA,EN,Federal Contract Tower,0,3,9,0,12,0,2,82,0,84,0,5,91,0,96,152,0,152,248
03/02/2020,ESN,MD,AEA,EN,Federal Contract Tower,0,5,7,0,12,0,9,46,0,55,0,14,53,0,67,146,34,180,247
03/03/2020,ESN,MD,AEA,EN,Federal Contract Tower,0,1,11,0,12,0,29,31,4,64,0,30,42,4,76,80,0,80,156
03/04/2020,ESN,MD,AEA,EN,Federal Contract Tower,0,4,8,0,12,0,5,51,0,56,0,9,59,0,68,186,18,204,272
03/05/2020,ESN,MD,AEA,EN,Federal Contract Tower,0,5,9,0,14,0,1,55,0,56,0,6,64,0,70,166,22,188,258
03/06/2020,ESN,MD,AEA,EN,Federal Contract Tower,0,0,11,0,11,0,0,3,0,3,0,0,14,0,14,0,0,0,14
03/07/2020,ESN,MD,AEA,EN,Federal Contract Tower,0,0,3,0,3,0,2,28,0,30,0,2,31,0,33,72,0,72,105
03/08/2020,ESN,MD,AEA,EN,Federal Contract Tower,0,1,20,0,21,0,1,53,2,56,0,2,73,2,77,178,0,178,255
03/09/2020,ESN,MD,AEA,EN,Federal Contract Tower,0,1,11,1,13,0,0,60,1,61,0,1,71,2,74,124,4,128,202
03/10/2020,ESN,MD,AEA,EN,Federal Contract Tower,0,4,3,1,8,0,8,22,1,31,0,12,25,2,39,34,58,92,131
03/11/2020,ESN,MD,AEA,EN,Federal Contract Tower,0,3,15,0,18,0,0,65,0,65,0,3,80,0,83,166,0,166,249
03/12/2020,ESN,MD,AEA,EN,Federal Contract Tower,0,3,23,0,26,0,6,40,0,46,0,9,63,0,72,118,0,118,190
03/13/2020,ESN,MD,AEA,EN,Federal Contract Tower,0,1,4,0,5,0,2,24,2,28,0,3,28,2,33,28,0,28,61
03/14/2020,ESN,MD,AEA,EN,Federal Contract Tower,0,4,14,0,18,0,26,65,2,93,0,30,79,2,111,148,22,170,281
03/15/2020,ESN,MD,AEA,EN,Federal Contract Tower,0,3,1,0,4,0,0,23,0,23,0,3,24,0,27,46,0,46,73
03/16/2020,ESN,MD,AEA,EN,Federal Contract Tower,0,5,9,0,14,0,10,43,0,53,0,15,52,0,67,62,0,62,129
03/17/2020,ESN,MD,AEA,EN,Federal Contract Tower,0,3,16,0,19,0,15,36,0,51,0,18,52,0,70,96,0,96,166
03/18/2020,ESN,MD,AEA,EN,Federal Contract Tower,0,7,7,0,14,0,10,79,0,89,0,17,86,0,103,146,0,146,249
03/19/2020,ESN,MD,AEA,EN,Federal Contract Tower,0,2,10,0,12,0,0,12,0,12,0,2,22,0,24,26,0,26,50
03/20/2020,ESN,MD,AEA,EN,Federal Contract Tower,0,3,5,0,8,0,6,21,0,27,0,9,26,0,35,34,0,34,69
03/21/2020,ESN,MD,AEA,EN,Federal Contract Tower,0,0,9,0,9,0,2,35,0,37,0,2,44,0,46,131,0,131,177
03/22/2020,ESN,MD,AEA,EN,Federal Contract Tower,0,3,9,0,12,0,3,55,0,58,0,6,64,0,70,160,0,160,230
03/23/2020,ESN,MD,AEA,EN,Federal Contract Tower,0,5,0,0,5,0,17,0,0,17,0,22,0,0,22,0,0,0,22
03/24/2020,ESN,MD,AEA,EN,Federal Contract Tower,0,0,8,0,8,0,14,48,0,62,0,14,56,0,70,78,0,78,148
03/25/2020,ESN,MD,AEA,EN,Federal Contract Tower,0,2,2,1,5,0,0,0,0,0,0,2,2,1,5,0,0,0,5
03/26/2020,ESN,MD,AEA,EN,Federal Contract Tower,0,3,3,0,6,0,2,43,0,45,0,5,46,0,51,104,0,104,155
03/27/2020,ESN,MD,AEA,EN,Federal Contract Tower,0,1,7,1,9,0,21,31,0,52,0,22,38,1,61,150,0,150,211
03/28/2020,ESN,MD,AEA,EN,Federal Contract Tower,0,0,9,0,9,0,0,0,0,0,0,0,9,0,9,0,0,0,9
03/29/2020,ESN,MD,AEA,EN,Federal Contract Tower,0,0,0,0,0,0,0,0,0,0,0,0,0,0,0,14,0,14,14
03/30/2020,ESN,MD,AEA,EN,Federal Contract Tower,0,1,18,0,19,0,18,33,0,51,0,19,51,0,70,110,0,110,180
03/31/2020,ESN,MD,AEA,EN,Federal Contract Tower,0,0,6,0,6,0,0,7,0,7,0,0,13,0,13,4,0,4,17
04/01/2020,ESN,MD,AEA,EN,Federal Contract Tower,0,1,4,2,7,0,0,13,0,13,0,1,17,2,20,20,0,20,40
04/02/2020,ESN,MD,AEA,EN,Federal Contract Tower,0,1,1,0,2,0,0,17,2,19,0,1,18,2,21,38,0,38,59
04/03/2020,ESN,MD,AEA,EN,Federal Contract Tower,0,3,0,0,3,0,12,2,8,22,0,15,2,8,25,12,0,12,37
04/04/2020,ESN,MD,AEA,EN,Federal Contract Tower,0,2,7,0,9,0,7,6,0,13,0,9,13,0,22,4,0,4,26
04/05/2020,ESN,MD,AEA,EN,Federal Contract Tower,0,0,3,0,3,0,0,23,0,23,0,0,26,0,26,88,0,88,114
04/06/2020,ESN,MD,AEA,EN,Federal Contract Tower,0,1,2,0,3,0,7,29,0,36,0,8,31,0,39,4,0,4,43
04/07/2020,ESN,MD,AEA,EN,Federal Contract Tower,0,1,2,2,5,0,22,7,6,35,0,23,9,8,40,8,28,36,76
04/08/2020,ESN,MD,AEA,EN,Federal Contract Tower,0,2,0,0,2,0,4,12,1,17,0,6,12,1,19,30,34,64,83
04/09/2020,ESN,MD,AEA,EN,Federal Contract Tower,0,2,2,0,4,0,3,7,0,10,0,5,9,0,14,28,20,48,62
04/10/2020,ESN,MD,AEA,EN,Federal Contract Tower,0,1,0,0,1,0,0,2,0,2,0,1,2,0,3,0,0,0,3
04/11/2020,ESN,MD,AEA,EN,Federal Contract Tower,0,1,1,0,2,0,1,17,0,18,0,2,18,0,20,82,0,82,102
04/12/2020,ESN,MD,AEA,EN,Federal Contract Tower,0,1,1,0,2,0,4,9,0,13,0,5,10,0,15,8,0,8,23
04/13/2020,ESN,MD,AEA,EN,Federal Contract Tower,0,2,0,0,2,0,0,0,0,0,0,2,0,0,2,0,0,0,2
04/14/2020,ESN,MD,AEA,EN,Federal Contract Tower,0,1,2,4,7,0,4,38,0,42,0,5,40,4,49,16,2,18,67
04/15/2020,ESN,MD,AEA,EN,Federal Contract Tower,0,2,5,0,7,0,2,27,0,29,0,4,32,0,36,68,0,68,104
04/16/2020,ESN,MD,AEA,EN,Federal Contract Tower,0,2,3,2,7,0,8,25,0,33,0,10,28,2,40,42,78,120,160
04/17/2020,ESN,MD,AEA,EN,Federal Contract Tower,0,0,9,0,9,0,0,22,0,22,0,0,31,0,31,28,0,28,59
04/18/2020,ESN,MD,AEA,EN,Federal Contract Tower,0,0,2,0,2,0,0,1,0,1,0,0,3,0,3,0,0,0,3
04/19/2020,ESN,MD,AEA,EN,Federal Contract Tower,0,2,5,0,7,0,0,23,0,23,0,2,28,0,30,54,0,54,84
04/20/2020,ESN,MD,AEA,EN,Federal Contract Tower,0,2,3,0,5,0,21,10,0,31,0,23,13,0,36,52,4,56,92
04/21/2020,ESN,MD,AEA,EN,Federal Contract Tower,0,1,0,0,1,0,0,5,0,5,0,1,5,0,6,6,2,8,14
04/22/2020,ESN,MD,AEA,EN,Federal Contract Tower,0,0,11,0,11,0,5,29,4,38,0,5,40,4,49,62,4,66,115
04/23/2020,ESN,MD,AEA,EN,Federal Contract Tower,0,2,5,4,11,0,0,6,4,10,0,2,11,8,21,28,0,28,49
04/24/2020,ESN,MD,AEA,EN,Federal Contract Tower,0,1,8,0,9,0,0,0,0,0,0,1,8,0,9,0,0,0,9
04/25/2020,ESN,MD,AEA,EN,Federal Contract Tower,0,1,2,2,5,0,0,28,0,28,0,1,30,2,33,40,0,40,73
04/26/2020,ESN,MD,AEA,EN,Federal Contract Tower,0,2,0,0,2,0,0,0,0,0,0,2,0,0,2,0,0,0,2
04/27/2020,ESN,MD,AEA,EN,Federal Contract Tower,0,3,3,2,8,0,16,7,0,23,0,19,10,2,31,2,0,2,33
04/28/2020,ESN,MD,AEA,EN,Federal Contract Tower,0,6,0,0,6,0,24,66,1,91,0,30,66,1,97,76,20,96,193
04/29/2020,ESN,MD,AEA,EN,Federal Contract Tower,0,1,11,0,12,0,10,27,3,40,0,11,38,3,52,30,4,34,86
04/30/2020,ESN,MD,AEA,EN,Federal Contract Tower,0,2,4,0,6,0,0,0,0,0,0,2,4,0,6,0,0,0,6
05/01/2020,ESN,MD,AEA,EN,Federal Contract Tower,0,4,10,0,14,0,8,15,0,23,0,12,25,0,37,56,0,56,93
05/02/2020,ESN,MD,AEA,EN,Federal Contract Tower,0,5,10,0,15,0,5,105,0,110,0,10,115,0,125,214,0,214,339
05/03/2020,ESN,MD,AEA,EN,Federal Contract Tower,0,0,8,0,8,0,5,4,0,9,0,5,12,0,17,8,0,8,25
05/04/2020,ESN,MD,AEA,EN,Federal Contract Tower,0,2,9,0,11,0,10,18,2,30,0,12,27,2,41,14,0,14,55
05/05/2020,ESN,MD,AEA,EN,Federal Contract Tower,0,0,9,2,11,0,13,43,2,58,0,13,52,4,69,44,0,44,113
05/06/2020,ESN,MD,AEA,EN,Federal Contract Tower,0,4,8,0,12,0,0,0,0,0,0,4,8,0,12,0,0,0,12
05/07/2020,ESN,MD,AEA,EN,Federal Contract Tower,0,0,8,0,8,0,21,111,0,132,0,21,119,0,140,112,56,168,308
05/08/2020,ESN,MD,AEA,EN,Federal Contract Tower,0,2,6,1,9,0,4,18,1,23,0,6,24,2,32,50,0,50,82
05/09/2020,ESN,MD,AEA,EN,Federal Contract Tower,0,1,5,0,6,0,2,7,0,9,0,3,12,0,15,34,0,34,49
05/10/2020,ESN,MD,AEA,EN,Federal Contract Tower,0,0,5,0,5,0,0,35,0,35,0,0,40,0,40,44,0,44,84
05/11/2020,ESN,MD,AEA,EN,Federal Contract Tower,0,2,3,0,5,0,1,19,0,20,0,3,22,0,25,26,14,40,65
05/12/2020,ESN,MD,AEA,EN,Federal Contract Tower,0,0,1,0,1,0,2,33,2,37,0,2,34,2,38,66,20,86,124
05/13/2020,ESN,MD,AEA,EN,Federal Contract Tower,0,1,7,0,8,0,2,85,3,90,0,3,92,3,98,196,0,196,294
05/14/2020,ESN,MD,AEA,EN,Federal Contract Tower,0,4,11,0,15,0,0,72,0,72,0,4,83,0,87,170,18,188,275
05/15/2020,ESN,MD,AEA,EN,Federal Contract Tower,0,3,7,0,10,0,9,48,0,57,0,12,55,0,67,158,4,162,229
05/16/2020,ESN,MD,AEA,EN,Federal Contract Tower,0,1,5,4,10,0,5,45,0,50,0,6,50,4,60,176,2,178,238
05/17/2020,ESN,MD,AEA,EN,Federal Contract Tower,0,2,8,0,10,0,4,17,2,23,0,6,25,2,33,18,0,18,51
05/18/2020,ESN,MD,AEA,EN,Federal Contract Tower,0,3,6,2,11,0,8,1,0,9,0,11,7,2,20,2,0,2,22
05/19/2020,ESN,MD,AEA,EN,Federal Contract Tower,0,2,2,0,4,0,4,8,0,12,0,6,10,0,16,2,2,4,20
05/20/2020,ESN,MD,AEA,EN,Federal Contract Tower,0,2,9,2,13,0,0,15,2,17,0,2,24,4,30,6,12,18,48
05/21/2020,ESN,MD,AEA,EN,Federal Contract Tower,0,4,6,0,10,0,6,54,8,68,0,10,60,8,78,154,22,176,254
05/22/2020,ESN,MD,AEA,EN,Federal Contract Tower,0,0,11,2,13,0,4,0,0,4,0,4,11,2,17,0,0,0,17
05/23/2020,ESN,MD,AEA,EN,Federal Contract Tower,0,0,11,0,11,0,19,48,0,67,0,19,59,0,78,136,0,136,214
05/24/2020,ESN,MD,AEA,EN,Federal Contract Tower,0,1,20,1,22,0,8,5,0,13,0,9,25,1,35,2,0,2,37
05/25/2020,ESN,MD,AEA,EN,Federal Contract Tower,0,2,10,0,12,0,4,25,2,31,0,6,35,2,43,144,0,144,187
05/26/2020,ESN,MD,AEA,EN,Federal Contract Tower,0,1,15,0,16,0,12,30,0,42,0,13,45,0,58,166,42,208,266
05/27/2020,ESN,MD,AEA,EN,Federal Contract Tower,0,0,13,2,15,0,5,57,0,62,0,5,70,2,77,186,2,188,265
05/28/2020,ESN,MD,AEA,EN,Federal Contract Tower,0,1,10,0,11,0,5,21,0,26,0,6,31,0,37,58,0,58,95
05/29/2020,ESN,MD,AEA,EN,Federal Contract Tower,0,1,10,1,12,0,3,26,0,29,0,4,36,1,41,42,0,42,83
05/30/2020,ESN,MD,AEA,EN,Federal Contract Tower,0,0,9,0,9,0,10,125,0,135,0,10,134,0,144,292,0,292,436
05/31/2020,ESN,MD,AEA,EN,Federal Contract Tower,0,4,11,0,15,0,10,75,0,85,0,14,86,0,100,194,0,194,294
06/01/2020,ESN,MD,AEA,EN,Federal Contract Tower,0,0,7,0,7,0,6,63,0,69,0,6,70,0,76,228,0,228,304
06/02/2020,ESN,MD,AEA,EN,Federal Contract Tower,0,0,0,0,0,0,0,59,0,59,0,0,59,0,59,174,0,174,233
06/03/2020,ESN,MD,AEA,EN,Federal Contract Tower,0,5,9,0,14,0,7,54,0,61,0,12,63,0,75,160,24,184,259
06/04/2020,ESN,MD,AEA,EN,Federal Contract Tower,0,1,3,2,6,0,7,82,2,91,0,8,85,4,97,92,10,102,199
06/05/2020,ESN,MD,AEA,EN,Federal Contract Tower,0,5,7,2,14,0,5,56,1,62,0,10,63,3,76,128,0,128,204
06/06/2020,ESN,MD,AEA,EN,Federal Contract Tower,0,1,7,0,8,0,11,76,0,87,0,12,83,0,95,194,0,194,289
06/07/2020,ESN,MD,AEA,EN,Federal Contract Tower,0,5,6,0,11,0,2,100,0,102,0,7,106,0,113,202,0,202,315
06/08/2020,ESN,MD,AEA,EN,Federal Contract Tower,0,2,12,0,14,0,16,50,4,70,0,18,62,4,84,118,22,140,224
06/09/2020,ESN,MD,AEA,EN,Federal Contract Tower,0,2,6,1,9,0,4,72,5,81,0,6,78,6,90,174,6,180,270
06/10/2020,ESN,MD,AEA,EN,Federal Contract Tower,0,3,12,0,15,0,0,40,0,40,0,3,52,0,55,60,0,60,115
06/11/2020,ESN,MD,AEA,EN,Federal Contract Tower,0,7,19,0,26,0,4,0,0,4,0,11,19,0,30,8,0,8,38
06/12/2020,ESN,MD,AEA,EN,Federal Contract Tower,0,3,14,0,17,0,3,116,0,119,0,6,130,0,136,226,0,226,362
06/13/2020,ESN,MD,AEA,EN,Federal Contract Tower,0,9,14,0,23,0,2,63,4,69,0,11,77,4,92,158,2,160,252
06/14/2020,ESN,MD,AEA,EN,Federal Contract Tower,0,7,13,2,22,0,8,91,0,99,0,15,104,2,121,150,14,164,285
06/15/2020,ESN,MD,AEA,EN,Federal Contract Tower,0,8,12,0,20,0,9,43,0,52,0,17,55,0,72,106,10,116,188
06/16/2020,ESN,MD,AEA,EN,Federal Contract Tower,0,1,5,2,8,0,2,16,0,18,0,3,21,2,26,86,38,124,150
06/17/2020,ESN,MD,AEA,EN,Federal Contract Tower,0,1,24,0,25,0,0,0,0,0,0,1,24,0,25,0,0,0,25
06/18/2020,ESN,MD,AEA,EN,Federal Contract Tower,0,6,6,0,12,0,4,31,0,35,0,10,37,0,47,106,0,106,153
06/19/2020,ESN,MD,AEA,EN,Federal Contract Tower,0,7,5,0,12,0,6,38,0,44,0,13,43,0,56,216,0,216,272
06/20/2020,ESN,MD,AEA,EN,Federal Contract Tower,0,5,5,0,10,0,0,35,0,35,0,5,40,0,45,66,0,66,111
06/21/2020,ESN,MD,AEA,EN,Federal Contract Tower,0,7,14,0,21,0,2,19,0,21,0,9,33,0,42,52,0,52,94
06/22/2020,ESN,MD,AEA,EN,Federal Contract Tower,0,0,18,2,20,0,0,44,0,44,0,0,62,2,64,182,0,182,246
06/23/2020,ESN,MD,AEA,EN,Federal Contract Tower,0,0,3,2,5,0,10,54,3,67,0,10,57,5,72,150,0,150,222
06/24/2020,ESN,MD,AEA,EN,Federal Contract Tower,0,2,11,2,15,0,7,93,0,100,0,9,104,2,115,208,6,214,329
06/25/2020,ESN,MD,AEA,EN,Federal Contract Tower,0,6,14,3,23,0,2,70,2,74,0,8,84,5,97,118,6,124,221
06/26/2020,ESN,MD,AEA,EN,Federal Contract Tower,0,6,5,0,11,0,1,89,0,90,0,7,94,0,101,188,0,188,289
06/27/2020,ESN,MD,AEA,EN,Federal Contract Tower,0,4,7,0,11,0,8,81,0,89,0,12,88,0,100,138,0,138,238
06/28/2020,ESN,MD,AEA,EN,Federal Contract Tower,0,8,12,0,20,0,0,47,0,47,0,8,59,0,67,74,0,74,141
06/29/2020,ESN,MD,AEA,EN,Federal Contract Tower,0,11,6,0,17,0,1,74,0,75,0,12,80,0,92,198,0,198,290
06/30/2020,ESN,MD,AEA,EN,Federal Contract Tower,0,5,11,0,16,0,8,75,1,84,0,13,86,1,100,128,0,128,228
07/01/2020,ESN,MD,AEA,EN,Federal Contract Tower,0,7,11,0,18,0,4,41,0,45,0,11,52,0,63,108,0,108,171
07/02/2020,ESN,MD,AEA,EN,Federal Contract Tower,0,2,14,0,16,0,5,100,2,107,0,7,114,2,123,163,0,163,286
07/03/2020,ESN,MD,AEA,EN,Federal Contract Tower,0,2,21,0,23,0,8,66,0,74,0,10,87,0,97,124,0,124,221
07/04/2020,ESN,MD,AEA,EN,Federal Contract Tower,0,2,5,0,7,0,4,28,0,32,0,6,33,0,39,62,0,62,101
07/05/2020,ESN,MD,AEA,EN,Federal Contract Tower,0,4,8,0,12,0,6,57,0,63,0,10,65,0,75,96,0,96,171
07/06/2020,ESN,MD,AEA,EN,Federal Contract Tower,0,7,8,0,15,0,0,64,0,64,0,7,72,0,79,102,0,102,181
07/07/2020,ESN,MD,AEA,EN,Federal Contract Tower,0,8,9,4,21,0,2,23,2,27,0,10,32,6,48,46,4,50,98
07/08/2020,ESN,MD,AEA,EN,Federal Contract Tower,0,14,12,1,27,0,0,50,0,50,0,14,62,1,77,152,20,172,249
07/09/2020,ESN,MD,AEA,EN,Federal Contract Tower,0,7,15,4,26,0,0,52,0,52,0,7,67,4,78,130,8,138,216
07/10/2020,ESN,MD,AEA,EN,Federal Contract Tower,0,3,8,0,11,0,0,7,0,7,0,3,15,0,18,6,0,6,24
07/11/2020,ESN,MD,AEA,EN,Federal Contract Tower,0,4,11,0,15,0,4,65,0,69,0,8,76,0,84,128,0,128,212
07/12/2020,ESN,MD,AEA,EN,Federal Contract Tower,0,8,14,0,22,0,1,59,0,60,0,9,73,0,82,124,0,124,206
07/13/2020,ESN,MD,AEA,EN,Federal Contract Tower,0,2,18,0,20,0,3,47,0,50,0,5,65,0,70,130,0,130,200
07/14/2020,ESN,MD,AEA,EN,Federal Contract Tower,0,5,11,5,21,0,0,81,1,82,0,5,92,6,103,178,0,178,281
07/16/2020,ESN,MD,AEA,EN,Federal Contract Tower,0,3,16,1,20,0,8,50,15,73,0,11,66,16,93,127,22,149,242
07/17/2020,ESN,MD,AEA,EN,Federal Contract Tower,0,6,27,0,33,0,5,66,2,73,0,11,93,2,106,86,2,88,194
07/18/2020,ESN,MD,AEA,EN,Federal Contract Tower,0,3,7,0,10,0,7,91,1,99,0,10,98,1,109,172,4,176,285
07/19/2020,ESN,MD,AEA,EN,Federal Contract Tower,0,6,9,0,15,0,4,62,0,66,0,10,71,0,81,208,0,208,289
07/20/2020,ESN,MD,AEA,EN,Federal Contract Tower,0,3,14,0,17,0,1,48,0,49,0,4,62,0,66,112,0,112,178
07/21/2020,ESN,MD,AEA,EN,Federal Contract Tower,0,3,9,0,12,0,7,79,2,88,0,10,88,2,100,140,12,152,252
07/22/2020,ESN,MD,AEA,EN,Federal Contract Tower,0,3,9,0,12,0,3,29,0,32,0,6,38,0,44,38,50,88,132
07/23/2020,ESN,MD,AEA,EN,Federal Contract Tower,0,3,15,0,18,0,0,48,2,50,0,3,63,2,68,106,0,106,174
07/24/2020,ESN,MD,AEA,EN,Federal Contract Tower,0,3,8,0,11,0,0,22,12,34,0,3,30,12,45,40,30,70,115
07/25/2020,ESN,MD,AEA,EN,Federal Contract Tower,0,3,21,0,24,0,3,76,44,123,0,6,97,44,147,90,92,182,329
07/26/2020,ESN,MD,AEA,EN,Federal Contract Tower,0,8,12,0,20,0,10,73,0,83,0,18,85,0,103,144,0,144,247
07/27/2020,ESN,MD,AEA,EN,Federal Contract Tower,0,4,18,0,22,0,5,45,29,79,0,9,63,29,101,108,46,154,255
07/28/2020,ESN,MD,AEA,EN,Federal Contract Tower,0,0,9,0,9,0,0,53,50,103,0,0,62,50,112,80,82,162,274
07/29/2020,ESN,MD,AEA,EN,Federal Contract Tower,0,7,20,0,27,0,11,74,54,139,0,18,94,54,166,90,140,230,396
07/30/2020,ESN,MD,AEA,EN,Federal Contract Tower,0,3,30,0,33,0,5,104,56,165,0,8,134,56,198,134,166,300,498
07/31/2020,ESN,MD,AEA,EN,Federal Contract Tower,0,6,17,0,23,0,0,10,0,10,0,6,27,0,33,10,0,10,43
08/01/2020,ESN,MD,AEA,EN,Federal Contract Tower,0,5,14,0,19,0,3,79,56,138,0,8,93,56,157,108,136,244,401
08/02/2020,ESN,MD,AEA,EN,Federal Contract Tower,0,1,24,0,25,0,4,50,8,62,0,5,74,8,87,72,20,92,179
08/03/2020,ESN,MD,AEA,EN,Federal Contract Tower,0,5,7,0,12,0,2,28,53,83,0,7,35,53,95,66,230,296,391
08/04/2020,ESN,MD,AEA,EN,Federal Contract Tower,0,1,4,0,5,0,2,1,0,3,0,3,5,0,8,0,0,0,8
08/05/2020,ESN,MD,AEA,EN,Federal Contract Tower,0,5,13,0,18,0,1,70,65,136,0,6,83,65,154,141,236,377,531
08/06/2020,ESN,MD,AEA,EN,Federal Contract Tower,0,3,8,1,12,0,0,48,51,99,0,3,56,52,111,68,182,250,361
08/07/2020,ESN,MD,AEA,EN,Federal Contract Tower,0,6,21,2,29,0,1,17,50,68,0,7,38,52,97,26,206,232,329
08/08/2020,ESN,MD,AEA,EN,Federal Contract Tower,0,8,25,0,33,0,2,37,50,89,0,10,62,50,122,120,158,278,400
08/09/2020,ESN,MD,AEA,EN,Federal Contract Tower,0,10,12,0,22,0,2,63,24,89,0,12,75,24,111,116,94,210,321
08/10/2020,ESN,MD,AEA,EN,Federal Contract Tower,0,7,20,2,29,0,2,53,31,86,0,9,73,33,115,84,78,162,277
08/11/2020,ESN,MD,AEA,EN,Federal Contract Tower,0,4,14,2,20,0,0,74,53,127,0,4,88,55,147,94,172,266,413
08/12/2020,ESN,MD,AEA,EN,Federal Contract Tower,0,0,1,0,1,0,4,32,7,43,0,4,33,7,44,32,2,34,78
08/13/2020,ESN,MD,AEA,EN,Federal Contract Tower,0,5,14,0,19,0,0,8,0,8,0,5,22,0,27,18,0,18,45
08/14/2020,ESN,MD,AEA,EN,Federal Contract Tower,0,7,13,0,20,0,0,1,0,1,0,7,14,0,21,0,0,0,21
08/15/2020,ESN,MD,AEA,EN,Federal Contract Tower,0,6,10,0,16,0,0,48,4,52,0,6,58,4,68,142,4,146,214
08/16/2020,ESN,MD,AEA,EN,Federal Contract Tower,0,0,28,1,29,0,0,3,0,3,0,0,31,1,32,0,0,0,32
08/17/2020,ESN,MD,AEA,EN,Federal Contract Tower,0,8,18,0,26,0,5,62,0,67,0,13,80,0,93,110,4,114,207
08/18/2020,ESN,MD,AEA,EN,Federal Contract Tower,0,8,18,1,27,0,22,86,0,108,0,30,104,1,135,184,0,184,319
08/19/2020,ESN,MD,AEA,EN,Federal Contract Tower,0,2,5,0,7,0,10,34,4,48,0,12,39,4,55,100,82,182,237
08/20/2020,ESN,MD,AEA,EN,Federal Contract Tower,0,8,14,0,22,0,3,143,1,147,0,11,157,1,169,238,2,240,409
08/21/2020,ESN,MD,AEA,EN,Federal Contract Tower,0,0,13,0,13,0,19,63,2,84,0,19,76,2,97,76,0,76,173
08/22/2020,ESN,MD,AEA,EN,Federal Contract Tower,0,6,9,0,15,0,6,44,0,50,0,12,53,0,65,142,0,142,207
08/23/2020,ESN,MD,AEA,EN,Federal Contract Tower,0,6,25,0,31,0,3,48,0,51,0,9,73,0,82,130,0,130,212
08/24/2020,ESN,MD,AEA,EN,Federal Contract Tower,0,5,14,0,19,0,7,48,0,55,0,12,62,0,74,86,6,92,166
08/25/2020,ESN,MD,AEA,EN,Federal Contract Tower,0,2,17,0,19,0,2,54,0,56,0,4,71,0,75,96,12,108,183
08/26/2020,ESN,MD,AEA,EN,Federal Contract Tower,0,1,17,2,20,0,3,61,0,64,0,4,78,2,84,106,0,106,190
08/27/2020,ESN,MD,AEA,EN,Federal Contract Tower,0,5,11,0,16,0,2,86,5,93,0,7,97,5,109,108,6,114,223
08/28/2020,ESN,MD,AEA,EN,Federal Contract Tower,0,1,7,0,8,0,6,77,6,89,0,7,84,6,97,70,10,80,177
08/29/2020,ESN,MD,AEA,EN,Federal Contract Tower,0,1,6,0,7,0,1,3,0,4,0,2,9,0,11,18,0,18,29
08/30/2020,ESN,MD,AEA,EN,Federal Contract Tower,0,9,19,0,28,0,5,119,0,124,0,14,138,0,152,172,0,172,324
08/31/2020,ESN,MD,AEA,EN,Federal Contract Tower,0,4,11,0,15,0,8,49,0,57,0,12,60,0,72,94,38,132,204
09/01/2020,ESN,MD,AEA,EN,Federal Contract Tower,0,5,20,0,25,0,0,26,0,26,0,5,46,0,51,62,0,62,113
09/02/2020,ESN,MD,AEA,EN,Federal Contract Tower,0,5,8,0,13,0,1,24,2,27,0,6,32,2,40,44,22,66,106
09/03/2020,ESN,MD,AEA,EN,Federal Contract Tower,0,3,13,0,16,0,0,86,9,95,0,3,99,9,111,168,36,204,315
09/04/2020,ESN,MD,AEA,EN,Federal Contract Tower,0,3,21,0,24,0,1,74,2,77,0,4,95,2,101,98,0,98,199
09/05/2020,ESN,MD,AEA,EN,Federal Contract Tower,0,3,7,0,10,0,6,67,0,73,0,9,74,0,83,202,0,202,285
09/06/2020,ESN,MD,AEA,EN,Federal Contract Tower,0,0,11,0,11,0,4,69,0,73,0,4,80,0,84,146,0,146,230
09/07/2020,ESN,MD,AEA,EN,Federal Contract Tower,0,6,13,0,19,0,7,66,0,73,0,13,79,0,92,158,0,158,250
09/08/2020,ESN,MD,AEA,EN,Federal Contract Tower,0,2,11,0,13,0,8,79,0,87,0,10,90,0,100,142,0,142,242
09/09/2020,ESN,MD,AEA,EN,Federal Contract Tower,0,2,13,0,15,0,0,0,0,0,0,2,13,0,15,0,0,0,15
09/10/2020,ESN,MD,AEA,EN,Federal Contract Tower,0,4,2,0,6,0,8,0,0,8,0,12,2,0,14,14,0,14,28
09/11/2020,ESN,MD,AEA,EN,Federal Contract Tower,0,3,20,0,23,0,5,6,0,11,0,8,26,0,34,4,0,4,38
09/12/2020,ESN,MD,AEA,EN,Federal Contract Tower,0,2,12,2,16,0,9,49,0,58,0,11,61,2,74,166,0,166,240
09/13/2020,ESN,MD,AEA,EN,Federal Contract Tower,0,5,12,0,17,0,3,48,0,51,0,8,60,0,68,124,0,124,192
09/14/2020,ESN,MD,AEA,EN,Federal Contract Tower,0,8,15,0,23,0,8,48,2,58,0,16,63,2,81,80,0,80,161
09/15/2020,ESN,MD,AEA,EN,Federal Contract Tower,0,0,6,0,6,0,4,48,0,52,0,4,54,0,58,200,12,212,270
09/16/2020,ESN,MD,AEA,EN,Federal Contract Tower,0,2,15,0,17,0,4,58,6,68,0,6,73,6,85,162,10,172,257
09/17/2020,ESN,MD,AEA,EN,Federal Contract Tower,0,10,15,0,25,0,3,26,0,29,0,13,41,0,54,20,0,20,74
09/18/2020,ESN,MD,AEA,EN,Federal Contract Tower,0,9,15,0,24,0,0,9,0,9,0,9,24,0,33,16,0,16,49
09/19/2020,ESN,MD,AEA,EN,Federal Contract Tower,0,3,10,0,13,0,5,91,9,105,0,8,101,9,118,220,14,234,352
09/20/2020,ESN,MD,AEA,EN,Federal Contract Tower,0,12,11,0,23,0,6,74,0,80,0,18,85,0,103,128,0,128,231
09/21/2020,ESN,MD,AEA,EN,Federal Contract Tower,0,4,10,0,14,0,3,52,0,55,0,7,62,0,69,130,0,130,199
09/22/2020,ESN,MD,AEA,EN,Federal Contract Tower,0,2,5,0,7,0,0,83,2,85,0,2,88,2,92,116,36,152,244
09/23/2020,ESN,MD,AEA,EN,Federal Contract Tower,0,6,6,0,12,0,11,90,2,103,0,17,96,2,115,116,0,116,231
09/24/2020,ESN,MD,AEA,EN,Federal Contract Tower,0,3,30,4,37,0,2,65,20,87,0,5,95,24,124,232,38,270,394
09/25/2020,ESN,MD,AEA,EN,Federal Contract Tower,0,4,14,0,18,0,0,40,0,40,0,4,54,0,58,114,8,122,180
09/26/2020,ESN,MD,AEA,EN,Federal Contract Tower,0,7,18,0,25,0,0,1,0,1,0,7,19,0,26,0,0,0,26
09/27/2020,ESN,MD,AEA,EN,Federal Contract Tower,0,10,14,0,24,0,1,4,0,5,0,11,18,0,29,22,0,22,51
09/28/2020,ESN,MD,AEA,EN,Federal Contract Tower,0,7,17,0,24,0,6,51,0,57,0,13,68,0,81,78,6,84,165
09/29/2020,ESN,MD,AEA,EN,Federal Contract Tower,0,0,20,0,20,0,2,6,0,8,0,2,26,0,28,22,0,22,50
10/01/2020,ESN,MD,AEA,EN,Federal Contract Tower,0,3,24,0,27,0,6,93,0,99,0,9,117,0,126,162,40,202,328
10/02/2020,ESN,MD,AEA,EN,Federal Contract Tower,0,6,14,0,20,0,6,76,2,84,0,12,90,2,104,138,22,160,264
10/03/2020,ESN,MD,AEA,EN,Federal Contract Tower,0,1,15,0,16,0,7,115,0,122,0,8,130,0,138,166,0,166,304
10/04/2020,ESN,MD,AEA,EN,Federal Contract Tower,0,1,15,0,16,0,0,63,0,63,0,1,78,0,79,186,0,186,265
10/05/2020,ESN,MD,AEA,EN,Federal Contract Tower,0,8,8,0,16,0,17,33,5,55,0,25,41,5,71,120,0,120,191
10/06/2020,ESN,MD,AEA,EN,Federal Contract Tower,0,10,20,0,30,0,2,84,0,86,0,12,104,0,116,152,34,186,302
10/07/2020,ESN,MD,AEA,EN,Federal Contract Tower,0,5,21,1,27,0,3,58,1,62,0,8,79,2,89,128,6,134,223
10/08/2020,ESN,MD,AEA,EN,Federal Contract Tower,0,5,15,0,20,0,2,72,3,77,0,7,87,3,97,182,6,188,285
10/09/2020,ESN,MD,AEA,EN,Federal Contract Tower,0,9,21,2,32,0,0,81,0,81,0,9,102,2,113,162,0,162,275
10/10/2020,ESN,MD,AEA,EN,Federal Contract Tower,0,2,18,0,20,0,0,59,0,59,0,2,77,0,79,114,0,114,193
10/11/2020,ESN,MD,AEA,EN,Federal Contract Tower,0,2,23,0,25,0,0,18,0,18,0,2,41,0,43,62,0,62,105
10/12/2020,ESN,MD,AEA,EN,Federal Contract Tower,0,3,11,0,14,0,0,0,0,0,0,3,11,0,14,0,0,0,14
10/13/2020,ESN,MD,AEA,EN,Federal Contract Tower,0,9,20,1,30,0,4,11,1,16,0,13,31,2,46,16,0,16,62
10/14/2020,ESN,MD,AEA,EN,Federal Contract Tower,0,14,7,3,24,0,3,89,20,112,0,17,96,23,136,220,36,256,392
10/15/2020,ESN,MD,AEA,EN,Federal Contract Tower,0,0,12,0,12,0,11,57,4,72,0,11,69,4,84,168,38,206,290
10/16/2020,ESN,MD,AEA,EN,Federal Contract Tower,0,8,13,0,21,0,0,6,0,6,0,8,19,0,27,14,0,14,41
10/17/2020,ESN,MD,AEA,EN,Federal Contract Tower,0,1,10,0,11,0,8,89,0,97,0,9,99,0,108,144,0,144,252
10/18/2020,ESN,MD,AEA,EN,Federal Contract Tower,0,5,20,0,25,0,2,65,0,67,0,7,85,0,92,204,0,204,296
10/19/2020,ESN,MD,AEA,EN,Federal Contract Tower,0,4,22,0,26,0,2,73,0,75,0,6,95,0,101,156,0,156,257
10/20/2020,ESN,MD,AEA,EN,Federal Contract Tower,0,9,21,0,30,0,14,36,4,54,0,23,57,4,84,86,60,146,230
10/21/2020,ESN,MD,AEA,EN,Federal Contract Tower,0,2,21,2,25,0,7,32,7,46,0,9,53,9,71,94,0,94,165
10/22/2020,ESN,MD,AEA,EN,Federal Contract Tower,0,5,22,0,27,0,1,75,0,76,0,6,97,0,103,200,0,200,303
10/23/2020,ESN,MD,AEA,EN,Federal Contract Tower,0,7,15,0,22,0,2,34,2,38,0,9,49,2,60,106,2,108,168
10/24/2020,ESN,MD,AEA,EN,Federal Contract Tower,0,5,22,0,27,0,0,64,0,64,0,5,86,0,91,118,0,118,209
10/25/2020,ESN,MD,AEA,EN,Federal Contract Tower,0,11,27,0,38,0,0,0,0,0,0,11,27,0,38,0,0,0,38
10/26/2020,ESN,MD,AEA,EN,Federal Contract Tower,0,3,7,0,10,0,0,0,0,0,0,3,7,0,10,0,0,0,10
10/27/2020,ESN,MD,AEA,EN,Federal Contract Tower,0,5,14,0,19,0,6,53,0,59,0,11,67,0,78,80,12,92,170
10/28/2020,ESN,MD,AEA,EN,Federal Contract Tower,0,6,25,0,31,0,6,33,0,39,0,12,58,0,70,104,0,104,174
10/29/2020,ESN,MD,AEA,EN,Federal Contract Tower,0,9,7,0,16,0,0,0,0,0,0,9,7,0,16,0,0,0,16
10/30/2020,ESN,MD,AEA,EN,Federal Contract Tower,0,14,10,0,24,0,4,18,0,22,0,18,28,0,46,16,0,16,62
10/31/2020,ESN,MD,AEA,EN,Federal Contract Tower,0,1,27,0,28,0,0,100,0,100,0,1,127,0,128,230,0,230,358
11/01/2020,ESN,MD,AEA,EN,Federal Contract Tower,0,4,6,0,10,0,0,4,0,4,0,4,10,0,14,18,0,18,32
11/02/2020,ESN,MD,AEA,EN,Federal Contract Tower,0,0,2,0,2,0,5,2,0,7,0,5,4,0,9,6,0,6,15
11/03/2020,ESN,MD,AEA,EN,Federal Contract Tower,0,8,11,2,21,0,13,58,2,73,0,21,69,4,94,36,4,40,134
11/04/2020,ESN,MD,AEA,EN,Federal Contract Tower,0,2,10,0,12,0,1,70,0,71,0,3,80,0,83,92,0,92,175
11/05/2020,ESN,MD,AEA,EN,Federal Contract Tower,0,0,12,0,12,0,3,64,10,77,0,3,76,10,89,140,18,158,247
11/06/2020,ESN,MD,AEA,EN,Federal Contract Tower,0,7,22,0,29,0,17,41,0,58,0,24,63,0,87,126,0,126,213
11/07/2020,ESN,MD,AEA,EN,Federal Contract Tower,0,3,17,0,20,0,3,72,0,75,0,6,89,0,95,170,0,170,265
11/08/2020,ESN,MD,AEA,EN,Federal Contract Tower,0,5,7,0,12,0,4,74,2,80,0,9,81,2,92,198,0,198,290
11/09/2020,ESN,MD,AEA,EN,Federal Contract Tower,0,6,27,0,33,0,4,57,0,61,0,10,84,0,94,142,14,156,250
11/10/2020,ESN,MD,AEA,EN,Federal Contract Tower,0,8,11,0,19,0,8,78,2,88,0,16,89,2,107,104,52,156,263
11/11/2020,ESN,MD,AEA,EN,Federal Contract Tower,0,2,11,0,13,0,0,0,0,0,0,2,11,0,13,0,0,0,13
11/12/2020,ESN,MD,AEA,EN,Federal Contract Tower,0,5,18,0,23,0,0,0,0,0,0,5,18,0,23,0,0,0,23
11/13/2020,ESN,MD,AEA,EN,Federal Contract Tower,0,6,24,0,30,0,2,23,0,25,0,8,47,0,55,94,0,94,149
11/14/2020,ESN,MD,AEA,EN,Federal Contract Tower,0,6,10,0,16,0,2,66,2,70,0,8,76,2,86,130,0,130,216
11/15/2020,ESN,MD,AEA,EN,Federal Contract Tower,0,4,13,0,17,0,0,17,0,17,0,4,30,0,34,24,0,24,58
11/16/2020,ESN,MD,AEA,EN,Federal Contract Tower,0,4,10,0,14,0,0,34,0,34,0,4,44,0,48,52,0,52,100
11/17/2020,ESN,MD,AEA,EN,Federal Contract Tower,0,0,11,0,11,0,2,25,5,32,0,2,36,5,43,30,4,34,77
11/18/2020,ESN,MD,AEA,EN,Federal Contract Tower,0,5,3,0,8,0,6,38,6,50,0,11,41,6,58,64,26,90,148
11/19/2020,ESN,MD,AEA,EN,Federal Contract Tower,0,5,9,0,14,0,4,50,6,60,0,9,59,6,74,98,22,120,194
11/20/2020,ESN,MD,AEA,EN,Federal Contract Tower,0,6,16,0,22,0,1,113,0,114,0,7,129,0,136,256,0,256,392
11/21/2020,ESN,MD,AEA,EN,Federal Contract Tower,0,6,10,0,16,0,2,117,0,119,0,8,127,0,135,168,0,168,303
11/22/2020,ESN,MD,AEA,EN,Federal Contract Tower,0,0,13,0,13,0,0,45,0,45,0,0,58,0,58,118,0,118,176
11/23/2020,ESN,MD,AEA,EN,Federal Contract Tower,0,4,8,0,12,0,1,8,0,9,0,5,16,0,21,4,0,4,25
11/24/2020,ESN,MD,AEA,EN,Federal Contract Tower,0,6,25,0,31,0,6,65,1,72,0,12,90,1,103,196,16,212,315
11/25/2020,ESN,MD,AEA,EN,Federal Contract Tower,0,6,14,0,20,0,13,59,0,72,0,19,73,0,92,122,0,122,214
11/26/2020,ESN,MD,AEA,EN,Federal Contract Tower,0,1,39,0,40,0,2,13,0,15,0,3,52,0,55,18,0,18,73
11/27/2020,ESN,MD,AEA,EN,Federal Contract Tower,0,2,13,0,15,0,5,53,0,58,0,7,66,0,73,108,0,108,181
11/28/2020,ESN,MD,AEA,EN,Federal Contract Tower,0,7,14,0,21,0,0,58,0,58,0,7,72,0,79,54,0,54,133
11/29/2020,ESN,MD,AEA,EN,Federal Contract Tower,0,3,19,0,22,0,0,57,0,57,0,3,76,0,79,128,0,128,207
11/30/2020,ESN,MD,AEA,EN,Federal Contract Tower,0,2,4,0,6,0,0,0,0,0,0,2,4,0,6,0,0,0,6
12/01/2020,ESN,MD,AEA,EN,Federal Contract Tower,0,4,9,0,13,0,4,28,0,32,0,8,37,0,45,54,36,90,135
12/02/2020,ESN,MD,AEA,EN,Federal Contract Tower,0,8,9,2,19,0,2,43,5,50,0,10,52,7,69,134,58,192,261
12/03/2020,ESN,MD,AEA,EN,Federal Contract Tower,0,3,14,0,17,0,2,94,13,109,0,5,108,13,126,236,28,264,390
12/04/2020,ESN,MD,AEA,EN,Federal Contract Tower,0,6,10,0,16,0,8,36,0,44,0,14,46,0,60,98,0,98,158
12/05/2020,ESN,MD,AEA,EN,Federal Contract Tower,0,0,3,0,3,0,2,8,0,10,0,2,11,0,13,4,0,4,17
12/06/2020,ESN,MD,AEA,EN,Federal Contract Tower,0,0,4,0,4,0,0,33,0,33,0,0,37,0,37,100,0,100,137
12/07/2020,ESN,MD,AEA,EN,Federal Contract Tower,0,6,11,0,17,0,4,24,0,28,0,10,35,0,45,38,0,38,83
12/08/2020,ESN,MD,AEA,EN,Federal Contract Tower,0,0,13,0,13,0,0,19,0,19,0,0,32,0,32,28,0,28,60
12/09/2020,ESN,MD,AEA,EN,Federal Contract Tower,0,6,10,0,16,0,10,38,0,48,0,16,48,0,64,92,10,102,166
12/10/2020,ESN,MD,AEA,EN,Federal Contract Tower,0,5,10,0,15,0,5,91,0,96,0,10,101,0,111,196,6,202,313
12/11/2020,ESN,MD,AEA,EN,Federal Contract Tower,0,4,11,0,15,0,4,49,0,53,0,8,60,0,68,86,0,86,154
12/12/2020,ESN,MD,AEA,EN,Federal Contract Tower,0,6,14,0,20,0,6,57,0,63,0,12,71,0,83,120,0,120,203
12/13/2020,ESN,MD,AEA,EN,Federal Contract Tower,0,1,14,0,15,0,0,75,0,75,0,1,89,0,90,244,0,244,334
12/14/2020,ESN,MD,AEA,EN,Federal Contract Tower,0,1,3,2,6,0,0,0,0,0,0,1,3,2,6,0,0,0,6
12/15/2020,ESN,MD,AEA,EN,Federal Contract Tower,0,4,17,0,21,0,9,84,2,95,0,13,101,2,116,132,0,132,248
12/16/2020,ESN,MD,AEA,EN,Federal Contract Tower,0,2,0,0,2,0,0,0,2,2,0,2,0,2,4,0,6,6,10
12/17/2020,ESN,MD,AEA,EN,Federal Contract Tower,0,0,7,0,7,0,2,51,4,57,0,2,58,4,64,176,28,204,268
12/18/2020,ESN,MD,AEA,EN,Federal Contract Tower,0,7,4,0,11,0,0,44,0,44,0,7,48,0,55,112,24,136,191
12/19/2020,ESN,MD,AEA,EN,Federal Contract Tower,0,7,15,0,22,0,2,99,0,101,0,9,114,0,123,202,0,202,325
12/20/2020,ESN,MD,AEA,EN,Federal Contract Tower,0,3,5,0,8,0,0,11,1,12,0,3,16,1,20,18,0,18,38
12/21/2020,ESN,MD,AEA,EN,Federal Contract Tower,0,4,14,0,18,0,7,18,0,25,0,11,32,0,43,14,0,14,57
12/22/2020,ESN,MD,AEA,EN,Federal Contract Tower,0,1,12,0,13,0,6,32,2,40,0,7,44,2,53,48,0,48,101
12/23/2020,ESN,MD,AEA,EN,Federal Contract Tower,0,5,13,0,18,0,3,124,0,127,0,8,137,0,145,174,0,174,319
12/24/2020,ESN,MD,AEA,EN,Federal Contract Tower,0,1,2,0,3,0,2,2,0,4,0,3,4,0,7,2,0,2,9
12/25/2020,ESN,MD,AEA,EN,Federal Contract Tower,0,3,4,0,7,0,1,0,0,1,0,4,4,0,8,0,0,0,8
12/26/2020,ESN,MD,AEA,EN,Federal Contract Tower,0,5,5,0,10,0,0,40,0,40,0,5,45,0,50,96,0,96,146
12/27/2020,ESN,MD,AEA,EN,Federal Contract Tower,0,1,14,0,15,0,5,74,0,79,0,6,88,0,94,164,0,164,258
12/28/2020,ESN,MD,AEA,EN,Federal Contract Tower,0,5,8,2,15,0,0,88,0,88,0,5,96,2,103,220,0,220,323
12/29/2020,ESN,MD,AEA,EN,Federal Contract Tower,0,0,17,0,17,0,0,46,1,47,0,0,63,1,64,36,0,36,100
12/30/2020,ESN,MD,AEA,EN,Federal Contract Tower,0,2,11,0,13,0,0,71,2,73,0,2,82,2,86,114,0,114,200
12/31/2020,ESN,MD,AEA,EN,Federal Contract Tower,0,10,10,0,20,0,0,17,0,17,0,10,27,0,37,24,0,24,61
01/01/2021,ESN,MD,AEA,EN,Federal Contract Tower,0,1,2,0,3,0,0,12,0,12,0,1,14,0,15,8,0,8,23
01/02/2021,ESN,MD,AEA,EN,Federal Contract Tower,0,6,7,0,13,0,3,51,0,54,0,9,58,0,67,84,0,84,151
01/03/2021,ESN,MD,AEA,EN,Federal Contract Tower,0,1,5,0,6,0,0,0,0,0,0,1,5,0,6,0,0,0,6
01/04/2021,ESN,MD,AEA,EN,Federal Contract Tower,0,5,10,0,15,0,2,34,0,36,0,7,44,0,51,72,0,72,123
01/05/2021,ESN,MD,AEA,EN,Federal Contract Tower,0,10,10,2,22,0,2,11,0,13,0,12,21,2,35,18,0,18,53
01/06/2021,ESN,MD,AEA,EN,Federal Contract Tower,0,9,6,0,15,0,2,51,0,53,0,11,57,0,68,110,4,114,182
01/07/2021,ESN,MD,AEA,EN,Federal Contract Tower,0,7,16,2,25,0,7,105,0,112,0,14,121,2,137,168,0,168,305
01/08/2021,ESN,MD,AEA,EN,Federal Contract Tower,0,11,9,0,20,0,0,56,0,56,0,11,65,0,76,152,0,152,228
01/09/2021,ESN,MD,AEA,EN,Federal Contract Tower,0,5,11,0,16,0,17,50,0,67,0,22,61,0,83,86,6,92,175
01/10/2021,ESN,MD,AEA,EN,Federal Contract Tower,0,11,6,0,17,0,3,51,0,54,0,14,57,0,71,104,0,104,175
01/11/2021,ESN,MD,AEA,EN,Federal Contract Tower,0,8,14,0,22,0,1,33,3,37,0,9,47,3,59,88,0,88,147
01/12/2021,ESN,MD,AEA,EN,Federal Contract Tower,0,5,15,0,20,0,7,68,0,75,0,12,83,0,95,120,0,120,215
01/13/2021,ESN,MD,AEA,EN,Federal Contract Tower,0,2,7,0,9,0,0,58,5,63,0,2,65,5,72,146,18,164,236
01/14/2021,ESN,MD,AEA,EN,Federal Contract Tower,0,12,20,0,32,0,0,76,0,76,0,12,96,0,108,150,70,220,328
01/15/2021,ESN,MD,AEA,EN,Federal Contract Tower,0,2,24,0,26,0,4,58,0,62,0,6,82,0,88,88,0,88,176
01/16/2021,ESN,MD,AEA,EN,Federal Contract Tower,0,2,8,0,10,0,3,31,3,37,0,5,39,3,47,104,0,104,151
01/17/2021,ESN,MD,AEA,EN,Federal Contract Tower,0,14,15,0,29,0,0,62,0,62,0,14,77,0,91,126,0,126,217
01/18/2021,ESN,MD,AEA,EN,Federal Contract Tower,0,16,19,0,35,0,10,41,0,51,0,26,60,0,86,110,0,110,196
01/19/2021,ESN,MD,AEA,EN,Federal Contract Tower,0,1,5,0,6,0,3,54,0,57,0,4,59,0,63,102,0,102,165
01/20/2021,ESN,MD,AEA,EN,Federal Contract Tower,0,10,11,1,22,0,5,16,0,21,0,15,27,1,43,12,22,34,77
01/21/2021,ESN,MD,AEA,EN,Federal Contract Tower,0,5,19,0,24,0,7,65,0,72,0,12,84,0,96,168,20,188,284
01/22/2021,ESN,MD,AEA,EN,Federal Contract Tower,0,1,16,0,17,0,0,59,0,59,0,1,75,0,76,52,0,52,128
01/23/2021,ESN,MD,AEA,EN,Federal Contract Tower,0,1,6,0,7,0,2,14,0,16,0,3,20,0,23,0,0,0,23
01/24/2021,ESN,MD,AEA,EN,Federal Contract Tower,0,0,6,1,7,0,0,92,1,93,0,0,98,2,100,164,0,164,264
01/25/2021,ESN,MD,AEA,EN,Federal Contract Tower,0,5,0,0,5,0,5,36,2,43,0,10,36,2,48,54,22,76,124
01/26/2021,ESN,MD,AEA,EN,Federal Contract Tower,0,0,3,0,3,0,0,0,0,0,0,0,3,0,3,0,0,0,3
01/27/2021,ESN,MD,AEA,EN,Federal Contract Tower,0,0,8,0,8,0,14,88,7,109,0,14,96,7,117,202,8,210,327
01/28/2021,ESN,MD,AEA,EN,Federal Contract Tower,0,3,7,0,10,0,4,8,0,12,0,7,15,0,22,22,0,22,44
01/29/2021,ESN,MD,AEA,EN,Federal Contract Tower,0,5,7,0,12,0,7,7,0,14,0,12,14,0,26,0,0,0,26
01/30/2021,ESN,MD,AEA,EN,Federal Contract Tower,0,6,9,0,15,0,10,82,0,92,0,16,91,0,107,234,0,234,341
01/31/2021,ESN,MD,AEA,EN,Federal Contract Tower,0,0,0,0,0,0,0,0,0,0,0,0,0,0,0,0,0,0,0
02/01/2021,ESN,MD,AEA,EN,Federal Contract Tower,0,1,0,0,1,0,0,0,0,0,0,1,0,0,1,0,0,0,1
02/02/2021,ESN,MD,AEA,EN,Federal Contract Tower,0,3,3,0,6,0,0,0,0,0,0,3,3,0,6,0,0,0,6
02/03/2021,ESN,MD,AEA,EN,Federal Contract Tower,0,0,5,0,5,0,6,12,2,20,0,6,17,2,25,0,0,0,25
02/04/2021,ESN,MD,AEA,EN,Federal Contract Tower,0,6,23,0,29,0,3,101,2,106,0,9,124,2,135,186,16,202,337
02/05/2021,ESN,MD,AEA,EN,Federal Contract Tower,0,2,7,0,9,0,7,59,2,68,0,9,66,2,77,150,0,150,227
02/06/2021,ESN,MD,AEA,EN,Federal Contract Tower,0,1,7,0,8,0,7,101,0,108,0,8,108,0,116,214,4,218,334
02/07/2021,ESN,MD,AEA,EN,Federal Contract Tower,0,1,0,0,1,0,0,0,0,0,0,1,0,0,1,0,0,0,1
02/08/2021,ESN,MD,AEA,EN,Federal Contract Tower,0,7,12,4,23,0,2,54,0,56,0,9,66,4,79,46,0,46,125
02/09/2021,ESN,MD,AEA,EN,Federal Contract Tower,0,1,17,0,18,0,2,9,0,11,0,3,26,0,29,36,16,52,81
02/10/2021,ESN,MD,AEA,EN,Federal Contract Tower,0,3,4,0,7,0,7,64,0,71,0,10,68,0,78,96,0,96,174
02/11/2021,ESN,MD,AEA,EN,Federal Contract Tower,0,1,3,0,4,0,0,0,0,0,0,1,3,0,4,0,0,0,4
02/12/2021,ESN,MD,AEA,EN,Federal Contract Tower,0,4,5,0,9,0,0,0,0,0,0,4,5,0,9,42,0,42,51
02/13/2021,ESN,MD,AEA,EN,Federal Contract Tower,0,0,2,0,2,0,0,0,0,0,0,0,2,0,2,0,0,0,2
02/14/2021,ESN,MD,AEA,EN,Federal Contract Tower,0,4,0,0,4,0,0,0,0,0,0,4,0,0,4,0,0,0,4
02/15/2021,ESN,MD,AEA,EN,Federal Contract Tower,0,3,5,0,8,0,0,2,0,2,0,3,7,0,10,0,0,0,10
02/16/2021,ESN,MD,AEA,EN,Federal Contract Tower,0,4,8,0,12,0,11,2,0,13,0,15,10,0,25,0,0,0,25
02/17/2021,ESN,MD,AEA,EN,Federal Contract Tower,0,1,30,0,31,0,9,85,0,94,0,10,115,0,125,202,4,206,331
02/18/2021,ESN,MD,AEA,EN,Federal Contract Tower,0,0,0,0,0,0,0,0,0,0,0,0,0,0,0,0,0,0,0
02/19/2021,ESN,MD,AEA,EN,Federal Contract Tower,0,0,0,0,0,0,0,0,0,0,0,0,0,0,0,0,0,0,0
02/20/2021,ESN,MD,AEA,EN,Federal Contract Tower,0,2,20,0,22,0,3,36,2,41,0,5,56,2,63,82,0,82,145
02/21/2021,ESN,MD,AEA,EN,Federal Contract Tower,0,1,9,0,10,0,1,83,0,84,0,2,92,0,94,196,0,196,290
02/22/2021,ESN,MD,AEA,EN,Federal Contract Tower,0,2,6,0,8,0,0,0,0,0,0,2,6,0,8,0,0,0,8
02/23/2021,ESN,MD,AEA,EN,Federal Contract Tower,0,1,13,0,14,0,9,38,0,47,0,10,51,0,61,62,18,80,141
02/24/2021,ESN,MD,AEA,EN,Federal Contract Tower,0,7,17,0,24,0,14,98,0,112,0,21,115,0,136,149,6,155,291
02/25/2021,ESN,MD,AEA,EN,Federal Contract Tower,0,2,11,2,15,0,6,135,4,145,0,8,146,6,160,198,0,198,358
02/26/2021,ESN,MD,AEA,EN,Federal Contract Tower,0,0,15,0,15,0,4,89,0,93,0,4,104,0,108,172,0,172,280
02/27/2021,ESN,MD,AEA,EN,Federal Contract Tower,0,2,17,0,19,0,0,7,0,7,0,2,24,0,26,8,0,8,34
02/28/2021,ESN,MD,AEA,EN,Federal Contract Tower,0,3,4,0,7,0,0,0,0,0,0,3,4,0,7,0,0,0,7
03/01/2021,ESN,MD,AEA,EN,Federal Contract Tower,0,3,8,0,11,0,0,10,6,16,0,3,18,6,27,24,30,54,81
03/02/2021,ESN,MD,AEA,EN,Federal Contract Tower,0,5,9,1,15,0,10,103,2,115,0,15,112,3,130,152,2,154,284
03/03/2021,ESN,MD,AEA,EN,Federal Contract Tower,0,3,5,0,8,0,5,86,4,95,0,8,91,4,103,152,0,152,255
03/05/2021,ESN,MD,AEA,EN,Federal Contract Tower,0,1,15,0,16,0,0,34,2,36,0,1,49,2,52,28,10,38,90
03/06/2021,ESN,MD,AEA,EN,Federal Contract Tower,0,2,12,0,14,0,5,89,0,94,0,7,101,0,108,144,0,144,252
03/07/2021,ESN,MD,AEA,EN,Federal Contract Tower,0,4,12,0,16,0,1,101,2,104,0,5,113,2,120,194,0,194,314
03/08/2021,ESN,MD,AEA,EN,Federal Contract Tower,0,10,14,1,25,0,6,69,1,76,0,16,83,2,101,122,14,136,237
03/09/2021,ESN,MD,AEA,EN,Federal Contract Tower,0,2,9,1,12,0,0,74,1,75,0,2,83,2,87,146,0,146,233
03/10/2021,ESN,MD,AEA,EN,Federal Contract Tower,0,3,3,1,7,0,2,102,5,109,0,5,105,6,116,234,0,234,350
03/11/2021,ESN,MD,AEA,EN,Federal Contract Tower,0,3,15,7,25,0,1,79,6,86,0,4,94,13,111,118,56,174,285
03/12/2021,ESN,MD,AEA,EN,Federal Contract Tower,0,3,21,0,24,0,2,90,0,92,0,5,111,0,116,160,0,160,276
03/13/2021,ESN,MD,AEA,EN,Federal Contract Tower,0,1,17,0,18,0,5,83,0,88,0,6,100,0,106,226,0,226,332
03/14/2021,ESN,MD,AEA,EN,Federal Contract Tower,0,0,5,0,5,0,0,56,0,56,0,0,61,0,61,78,0,78,139
03/15/2021,ESN,MD,AEA,EN,Federal Contract Tower,0,1,9,0,10,0,15,43,2,60,0,16,52,2,70,64,10,74,144
03/16/2021,ESN,MD,AEA,EN,Federal Contract Tower,0,2,5,0,7,0,7,20,0,27,0,9,25,0,34,84,0,84,118
03/17/2021,ESN,MD,AEA,EN,Federal Contract Tower,0,7,22,0,29,0,0,1,0,1,0,7,23,0,30,2,0,2,32
03/18/2021,ESN,MD,AEA,EN,Federal Contract Tower,0,2,3,0,5,0,0,0,0,0,0,2,3,0,5,0,0,0,5
03/19/2021,ESN,MD,AEA,EN,Federal Contract Tower,0,1,5,0,6,0,5,15,3,23,0,6,20,3,29,22,0,22,51
03/20/2021,ESN,MD,AEA,EN,Federal Contract Tower,0,0,8,0,8,0,13,91,0,104,0,13,99,0,112,246,0,246,358
03/21/2021,ESN,MD,AEA,EN,Federal Contract Tower,0,7,27,0,34,0,1,107,0,108,0,8,134,0,142,216,2,218,360
03/22/2021,ESN,MD,AEA,EN,Federal Contract Tower,0,9,11,0,20,0,22,74,0,96,0,31,85,0,116,196,8,204,320
03/23/2021,ESN,MD,AEA,EN,Federal Contract Tower,0,5,9,0,14,0,3,37,0,40,0,8,46,0,54,194,0,194,248
03/24/2021,ESN,MD,AEA,EN,Federal Contract Tower,0,8,7,0,15,0,0,0,0,0,0,8,7,0,15,0,0,0,15
03/25/2021,ESN,MD,AEA,EN,Federal Contract Tower,0,7,14,0,21,0,2,21,0,23,0,9,35,0,44,80,0,80,124
03/26/2021,ESN,MD,AEA,EN,Federal Contract Tower,0,2,5,0,7,0,3,24,6,33,0,5,29,6,40,60,24,84,124
03/27/2021,ESN,MD,AEA,EN,Federal Contract Tower,0,7,18,0,25,0,4,101,0,105,0,11,119,0,130,184,0,184,314
03/28/2021,ESN,MD,AEA,EN,Federal Contract Tower,0,3,3,0,6,0,3,4,0,7,0,6,7,0,13,2,0,2,15
03/29/2021,ESN,MD,AEA,EN,Federal Contract Tower,0,5,11,0,16,0,5,52,0,57,0,10,63,0,73,76,0,76,149
03/30/2021,ESN,MD,AEA,EN,Federal Contract Tower,0,3,11,0,14,0,0,103,4,107,0,3,114,4,121,160,38,198,319
03/31/2021,ESN,MD,AEA,EN,Federal Contract Tower,0,5,4,2,11,0,4,22,0,26,0,9,26,2,37,42,0,42,79
04/01/2021,ESN,MD,AEA,EN,Federal Contract Tower,0,5,8,0,13,0,0,15,6,21,0,5,23,6,34,16,34,50,84
04/02/2021,ESN,MD,AEA,EN,Federal Contract Tower,0,7,16,3,26,0,12,41,0,53,0,19,57,3,79,48,0,48,127
04/03/2021,ESN,MD,AEA,EN,Federal Contract Tower,0,1,19,0,20,0,6,89,0,95,0,7,108,0,115,189,0,189,304
04/04/2021,ESN,MD,AEA,EN,Federal Contract Tower,0,1,7,0,8,0,7,50,0,57,0,8,57,0,65,76,0,76,141
04/05/2021,ESN,MD,AEA,EN,Federal Contract Tower,0,3,11,0,14,0,9,140,0,149,0,12,151,0,163,164,0,164,327
04/06/2021,ESN,MD,AEA,EN,Federal Contract Tower,0,2,15,1,18,0,9,86,1,96,0,11,101,2,114,168,6,174,288
04/07/2021,ESN,MD,AEA,EN,Federal Contract Tower,0,2,9,0,11,0,5,112,2,119,0,7,121,2,130,202,6,208,338
04/08/2021,ESN,MD,AEA,EN,Federal Contract Tower,0,6,13,0,19,0,6,114,9,129,0,12,127,9,148,192,36,228,376
04/09/2021,ESN,MD,AEA,EN,Federal Contract Tower,0,1,12,0,13,0,0,6,4,10,0,1,18,4,23,6,52,58,81
04/10/2021,ESN,MD,AEA,EN,Federal Contract Tower,0,2,17,0,19,0,2,39,0,41,0,4,56,0,60,108,0,108,168
04/11/2021,ESN,MD,AEA,EN,Federal Contract Tower,0,7,16,0,23,0,1,43,0,44,0,8,59,0,67,94,0,94,161
04/12/2021,ESN,MD,AEA,EN,Federal Contract Tower,0,5,37,0,42,0,3,9,0,12,0,8,46,0,54,26,0,26,80
04/13/2021,ESN,MD,AEA,EN,Federal Contract Tower,0,7,19,2,28,0,2,63,3,68,0,9,82,5,96,96,56,152,248
04/14/2021,ESN,MD,AEA,EN,Federal Contract Tower,0,2,16,1,19,0,3,48,1,52,0,5,64,2,71,80,0,80,151
04/15/2021,ESN,MD,AEA,EN,Federal Contract Tower,0,1,14,0,15,0,0,71,10,81,0,1,85,10,96,128,32,160,256
04/16/2021,ESN,MD,AEA,EN,Federal Contract Tower,0,2,8,0,10,0,2,89,5,96,0,4,97,5,106,92,2,94,200
04/17/2021,ESN,MD,AEA,EN,Federal Contract Tower,0,10,20,0,30,0,4,95,0,99,0,14,115,0,129,236,0,236,365
04/18/2021,ESN,MD,AEA,EN,Federal Contract Tower,0,5,14,0,19,0,1,88,0,89,0,6,102,0,108,156,0,156,264
04/19/2021,ESN,MD,AEA,EN,Federal Contract Tower,0,7,15,0,22,0,1,41,0,42,0,8,56,0,64,104,0,104,168
04/20/2021,ESN,MD,AEA,EN,Federal Contract Tower,0,2,8,0,10,0,4,104,4,112,0,6,112,4,122,108,20,128,250
04/21/2021,ESN,MD,AEA,EN,Federal Contract Tower,0,3,4,0,7,0,0,11,0,11,0,3,15,0,18,2,0,2,20
04/22/2021,ESN,MD,AEA,EN,Federal Contract Tower,0,3,9,0,12,0,0,22,2,24,0,3,31,2,36,44,0,44,80
04/23/2021,ESN,MD,AEA,EN,Federal Contract Tower,0,7,13,0,20,0,8,98,0,106,0,15,111,0,126,252,0,252,378
04/24/2021,ESN,MD,AEA,EN,Federal Contract Tower,0,1,16,0,17,0,1,90,6,97,0,2,106,6,114,206,4,210,324
04/25/2021,ESN,MD,AEA,EN,Federal Contract Tower,0,2,13,0,15,0,0,14,0,14,0,2,27,0,29,10,0,10,39
04/26/2021,ESN,MD,AEA,EN,Federal Contract Tower,0,0,15,0,15,0,5,66,0,71,0,5,81,0,86,106,0,106,192
04/27/2021,ESN,MD,AEA,EN,Federal Contract Tower,0,10,6,0,16,0,10,97,8,115,0,20,103,8,131,152,0,152,283
04/28/2021,ESN,MD,AEA,EN,Federal Contract Tower,0,3,11,0,14,0,8,106,16,130,0,11,117,16,144,162,4,166,310
04/29/2021,ESN,MD,AEA,EN,Federal Contract Tower,0,14,7,0,21,0,11,89,1,101,0,25,96,1,122,86,2,88,210
04/30/2021,ESN,MD,AEA,EN,Federal Contract Tower,0,2,9,0,11,0,2,1,0,3,0,4,10,0,14,0,0,0,14
05/01/2021,ESN,MD,AEA,EN,Federal Contract Tower,0,0,4,0,4,0,2,59,0,61,0,2,63,0,65,98,0,98,163
05/02/2021,ESN,MD,AEA,EN,Federal Contract Tower,0,4,20,0,24,0,5,83,0,88,0,9,103,0,112,210,0,210,322
05/03/2021,ESN,MD,AEA,EN,Federal Contract Tower,0,5,12,2,19,0,3,23,0,26,0,8,35,2,45,56,0,56,101
05/04/2021,ESN,MD,AEA,EN,Federal Contract Tower,0,1,12,1,14,0,12,71,1,84,0,13,83,2,98,134,0,134,232
05/05/2021,ESN,MD,AEA,EN,Federal Contract Tower,0,5,10,0,15,0,0,11,0,11,0,5,21,0,26,42,0,42,68
05/06/2021,ESN,MD,AEA,EN,Federal Contract Tower,0,4,19,2,25,0,5,131,2,138,0,9,150,4,163,236,20,256,419
05/07/2021,ESN,MD,AEA,EN,Federal Contract Tower,0,6,20,0,26,0,17,48,0,65,0,23,68,0,91,176,0,176,267
05/08/2021,ESN,MD,AEA,EN,Federal Contract Tower,0,4,10,0,14,0,5,21,4,30,0,9,31,4,44,32,0,32,76
05/09/2021,ESN,MD,AEA,EN,Federal Contract Tower,0,3,15,0,18,0,0,43,2,45,0,3,58,2,63,120,0,120,183
05/10/2021,ESN,MD,AEA,EN,Federal Contract Tower,0,6,6,0,12,0,2,55,0,57,0,8,61,0,69,118,0,118,187
05/11/2021,ESN,MD,AEA,EN,Federal Contract Tower,0,10,6,0,16,0,6,68,0,74,0,16,74,0,90,142,8,150,240
05/12/2021,ESN,MD,AEA,EN,Federal Contract Tower,0,7,22,0,29,0,8,91,12,111,0,15,113,12,140,174,4,178,318
05/13/2021,ESN,MD,AEA,EN,Federal Contract Tower,0,3,27,0,30,0,0,72,0,72,0,3,99,0,102,150,18,168,270
05/14/2021,ESN,MD,AEA,EN,Federal Contract Tower,0,4,19,0,23,0,0,87,4,91,0,4,106,4,114,192,12,204,318
05/15/2021,ESN,MD,AEA,EN,Federal Contract Tower,0,6,17,0,23,0,19,101,0,120,0,25,118,0,143,238,0,238,381
05/16/2021,ESN,MD,AEA,EN,Federal Contract Tower,0,11,32,0,43,0,8,82,2,92,0,19,114,2,135,166,2,168,303
05/17/2021,ESN,MD,AEA,EN,Federal Contract Tower,0,1,18,0,19,0,4,65,7,76,0,5,83,7,95,204,20,224,319
05/18/2021,ESN,MD,AEA,EN,Federal Contract Tower,0,3,21,1,25,0,4,103,5,112,0,7,124,6,137,170,6,176,313
05/19/2021,ESN,MD,AEA,EN,Federal Contract Tower,0,6,11,0,17,0,8,89,2,99,0,14,100,2,116,180,10,190,306
05/20/2021,ESN,MD,AEA,EN,Federal Contract Tower,0,10,24,0,34,0,4,101,10,115,0,14,125,10,149,262,10,272,421
05/21/2021,ESN,MD,AEA,EN,Federal Contract Tower,0,11,17,5,33,0,9,61,3,73,0,20,78,8,106,120,16,136,242
05/22/2021,ESN,MD,AEA,EN,Federal Contract Tower,0,5,18,0,23,0,1,64,0,65,0,6,82,0,88,172,0,172,260
05/23/2021,ESN,MD,AEA,EN,Federal Contract Tower,0,3,11,0,14,0,4,59,0,63,0,7,70,0,77,148,0,148,225
05/24/2021,ESN,MD,AEA,EN,Federal Contract Tower,0,0,20,1,21,0,2,56,1,59,0,2,76,2,80,114,26,140,220
05/25/2021,ESN,MD,AEA,EN,Federal Contract Tower,0,2,25,0,27,0,6,57,10,73,0,8,82,10,100,100,16,116,216
05/26/2021,ESN,MD,AEA,EN,Federal Contract Tower,0,6,20,0,26,0,0,42,2,44,0,6,62,2,70,90,0,90,160
05/27/2021,ESN,MD,AEA,EN,Federal Contract Tower,0,3,20,0,23,0,0,152,2,154,0,3,172,2,177,178,18,196,373
05/28/2021,ESN,MD,AEA,EN,Federal Contract Tower,0,5,13,0,18,0,0,15,0,15,0,5,28,0,33,24,0,24,57
05/29/2021,ESN,MD,AEA,EN,Federal Contract Tower,0,4,7,0,11,0,0,6,0,6,0,4,13,0,17,18,0,18,35
05/30/2021,ESN,MD,AEA,EN,Federal Contract Tower,0,5,12,0,17,0,3,0,0,3,0,8,12,0,20,0,0,0,20
05/31/2021,ESN,MD,AEA,EN,Federal Contract Tower,0,10,17,0,27,0,4,75,0,79,0,14,92,0,106,120,0,120,226
06/01/2021,ESN,MD,AEA,EN,Federal Contract Tower,0,7,9,0,16,0,6,114,0,120,0,13,123,0,136,132,18,150,286
06/02/2021,ESN,MD,AEA,EN,Federal Contract Tower,0,5,12,2,19,0,8,111,4,123,0,13,123,6,142,210,54,264,406
06/03/2021,ESN,MD,AEA,EN,Federal Contract Tower,0,6,7,0,13,0,0,10,0,10,0,6,17,0,23,24,10,34,57
06/04/2021,ESN,MD,AEA,EN,Federal Contract Tower,0,4,16,0,20,0,1,23,0,24,0,5,39,0,44,6,8,14,58
06/05/2021,ESN,MD,AEA,EN,Federal Contract Tower,0,6,16,0,22,0,12,92,6,110,0,18,108,6,132,136,26,162,294
06/06/2021,ESN,MD,AEA,EN,Federal Contract Tower,0,7,27,0,34,0,5,92,4,101,0,12,119,4,135,166,0,166,301
06/07/2021,ESN,MD,AEA,EN,Federal Contract Tower,0,2,17,0,19,0,0,47,94,141,0,2,64,94,160,100,98,198,358
06/08/2021,ESN,MD,AEA,EN,Federal Contract Tower,0,4,12,1,17,0,2,46,112,160,0,6,58,113,177,58,218,276,453
06/09/2021,ESN,MD,AEA,EN,Federal Contract Tower,0,6,19,0,25,0,2,53,87,142,0,8,72,87,167,34,116,150,317
06/10/2021,ESN,MD,AEA,EN,Federal Contract Tower,0,8,11,0,19,0,4,26,67,97,0,12,37,67,116,34,124,158,274
06/11/2021,ESN,MD,AEA,EN,Federal Contract Tower,0,8,17,0,25,0,0,0,0,0,0,8,17,0,25,0,0,0,25
06/12/2021,ESN,MD,AEA,EN,Federal Contract Tower,0,4,17,1,22,0,5,47,73,125,0,9,64,74,147,68,168,236,383
06/13/2021,ESN,MD,AEA,EN,Federal Contract Tower,0,8,25,0,33,0,0,63,0,63,0,8,88,0,96,88,0,88,184
06/14/2021,ESN,MD,AEA,EN,Federal Contract Tower,0,9,7,0,16,0,5,49,75,129,0,14,56,75,145,84,270,354,499
06/15/2021,ESN,MD,AEA,EN,Federal Contract Tower,0,3,14,0,17,0,1,51,111,163,0,4,65,111,180,22,406,428,608
06/16/2021,ESN,MD,AEA,EN,Federal Contract Tower,0,4,17,1,22,0,6,91,100,197,0,10,108,101,219,142,362,504,723
06/17/2021,ESN,MD,AEA,EN,Federal Contract Tower,0,3,16,0,19,0,3,88,80,171,0,6,104,80,190,146,318,464,654
06/18/2021,ESN,MD,AEA,EN,Federal Contract Tower,0,10,34,0,44,0,2,59,76,137,0,12,93,76,181,98,282,380,561
06/19/2021,ESN,MD,AEA,EN,Federal Contract Tower,0,11,15,0,26,0,3,63,2,68,0,14,78,2,94,112,0,112,206
06/20/2021,ESN,MD,AEA,EN,Federal Contract Tower,0,6,17,0,23,0,7,48,0,55,0,13,65,0,78,78,0,78,156
06/21/2021,ESN,MD,AEA,EN,Federal Contract Tower,0,6,27,0,33,0,3,10,41,54,0,9,37,41,87,6,198,204,291
06/22/2021,ESN,MD,AEA,EN,Federal Contract Tower,0,10,18,0,28,0,2,4,38,44,0,12,22,38,72,16,116,132,204
06/23/2021,ESN,MD,AEA,EN,Federal Contract Tower,0,7,22,0,29,0,4,71,87,162,0,11,93,87,191,120,258,378,569
06/24/2021,ESN,MD,AEA,EN,Federal Contract Tower,0,7,16,1,24,0,14,87,44,145,0,21,103,45,169,90,124,214,383
06/25/2021,ESN,MD,AEA,EN,Federal Contract Tower,0,5,29,0,34,0,10,78,14,102,0,15,107,14,136,120,26,146,282
06/26/2021,ESN,MD,AEA,EN,Federal Contract Tower,0,7,10,0,17,0,1,34,0,35,0,8,44,0,52,90,0,90,142
06/27/2021,ESN,MD,AEA,EN,Federal Contract Tower,0,11,23,0,34,0,3,54,0,57,0,14,77,0,91,124,0,124,215
06/28/2021,ESN,MD,AEA,EN,Federal Contract Tower,0,7,23,0,30,0,8,49,2,59,0,15,72,2,89,116,16,132,221
06/29/2021,ESN,MD,AEA,EN,Federal Contract Tower,0,8,10,0,18,0,17,85,13,115,0,25,95,13,133,88,78,166,299
06/30/2021,ESN,MD,AEA,EN,Federal Contract Tower,0,2,12,0,14,0,5,78,12,95,0,7,90,12,109,198,40,238,347
07/01/2021,ESN,MD,AEA,EN,Federal Contract Tower,0,9,16,0,25,0,1,26,10,37,0,10,42,10,62,54,48,102,164
07/02/2021,ESN,MD,AEA,EN,Federal Contract Tower,0,6,33,0,39,0,3,22,0,25,0,9,55,0,64,74,0,74,138
07/03/2021,ESN,MD,AEA,EN,Federal Contract Tower,0,5,11,0,16,0,4,41,59,104,0,9,52,59,120,56,88,144,264
07/04/2021,ESN,MD,AEA,EN,Federal Contract Tower,0,2,11,0,13,0,13,54,0,67,0,15,65,0,80,136,0,136,216
07/05/2021,ESN,MD,AEA,EN,Federal Contract Tower,0,12,25,0,37,0,9,93,53,155,0,21,118,53,192,120,98,218,410
07/06/2021,ESN,MD,AEA,EN,Federal Contract Tower,0,3,22,4,29,0,0,47,68,115,0,3,69,72,144,104,144,248,392
07/07/2021,ESN,MD,AEA,EN,Federal Contract Tower,0,9,9,0,18,0,12,58,63,133,0,21,67,63,151,86,132,218,369
07/08/2021,ESN,MD,AEA,EN,Federal Contract Tower,0,6,10,0,16,0,2,31,61,94,0,8,41,61,110,70,118,188,298
07/09/2021,ESN,MD,AEA,EN,Federal Contract Tower,0,5,9,4,18,0,3,47,52,102,0,8,56,56,120,102,192,294,414
07/10/2021,ESN,MD,AEA,EN,Federal Contract Tower,0,8,7,0,15,0,4,92,0,96,0,12,99,0,111,156,0,156,267
07/11/2021,ESN,MD,AEA,EN,Federal Contract Tower,0,15,25,0,40,0,17,56,2,75,0,32,81,2,115,72,2,74,189
07/12/2021,ESN,MD,AEA,EN,Federal Contract Tower,0,8,12,0,20,0,9,21,60,90,0,17,33,60,110,24,294,318,428
07/13/2021,ESN,MD,AEA,EN,Federal Contract Tower,0,4,11,0,15,0,5,62,66,133,0,9,73,66,148,96,350,446,594
07/14/2021,ESN,MD,AEA,EN,Federal Contract Tower,0,2,21,0,23,0,6,67,72,145,0,8,88,72,168,118,390,508,676
07/15/2021,ESN,MD,AEA,EN,Federal Contract Tower,0,16,23,0,39,0,12,86,71,169,0,28,109,71,208,118,316,434,642
07/16/2021,ESN,MD,AEA,EN,Federal Contract Tower,0,13,15,0,28,0,4,50,52,106,0,17,65,52,134,78,176,254,388
07/17/2021,ESN,MD,AEA,EN,Federal Contract Tower,0,4,17,0,21,0,2,48,0,50,0,6,65,0,71,74,0,74,145
07/18/2021,ESN,MD,AEA,EN,Federal Contract Tower,0,5,18,0,23,0,3,33,2,38,0,8,51,2,61,90,0,90,151
07/19/2021,ESN,MD,AEA,EN,Federal Contract Tower,0,1,5,2,8,0,4,32,65,101,0,5,37,67,109,38,240,278,387
07/20/2021,ESN,MD,AEA,EN,Federal Contract Tower,0,5,15,4,24,0,0,54,6,60,0,5,69,10,84,56,2,58,142
07/21/2021,ESN,MD,AEA,EN,Federal Contract Tower,0,7,20,0,27,0,4,42,0,46,0,11,62,0,73,40,0,40,113
07/22/2021,ESN,MD,AEA,EN,Federal Contract Tower,0,10,14,0,24,0,2,111,2,115,0,12,125,2,139,140,34,174,313
07/23/2021,ESN,MD,AEA,EN,Federal Contract Tower,0,3,16,0,19,0,2,73,0,75,0,5,89,0,94,174,0,174,268
07/24/2021,ESN,MD,AEA,EN,Federal Contract Tower,0,5,17,0,22,0,2,66,0,68,0,7,83,0,90,120,0,120,210
07/25/2021,ESN,MD,AEA,EN,Federal Contract Tower,0,12,16,0,28,0,7,41,0,48,0,19,57,0,76,120,0,120,196
07/26/2021,ESN,MD,AEA,EN,Federal Contract Tower,0,10,14,0,24,0,3,29,0,32,0,13,43,0,56,36,0,36,92
07/27/2021,ESN,MD,AEA,EN,Federal Contract Tower,0,6,19,0,25,0,3,43,4,50,0,9,62,4,75,64,0,64,139
07/28/2021,ESN,MD,AEA,EN,Federal Contract Tower,0,6,20,2,28,0,2,49,0,51,0,8,69,2,79,92,10,102,181
07/29/2021,ESN,MD,AEA,EN,Federal Contract Tower,0,9,14,0,23,0,2,36,19,57,0,11,50,19,80,52,50,102,182
07/30/2021,ESN,MD,AEA,EN,Federal Contract Tower,0,1,14,0,15,0,4,45,2,51,0,5,59,2,66,96,8,104,170
07/31/2021,ESN,MD,AEA,EN,Federal Contract Tower,0,11,19,0,30,0,1,83,67,151,0,12,102,67,181,124,110,234,415
08/01/2021,ESN,MD,AEA,EN,Federal Contract Tower,0,8,19,0,27,0,0,4,0,4,0,8,23,0,31,2,0,2,33
08/02/2021,ESN,MD,AEA,EN,Federal Contract Tower,0,5,23,0,28,0,0,58,56,114,0,5,81,56,142,62,142,204,346
08/03/2021,ESN,MD,AEA,EN,Federal Contract Tower,0,2,9,0,11,0,5,64,72,141,0,7,73,72,152,112,170,282,434
08/04/2021,ESN,MD,AEA,EN,Federal Contract Tower,0,5,10,0,15,0,2,39,70,111,0,7,49,70,126,76,124,200,326
08/05/2021,ESN,MD,AEA,EN,Federal Contract Tower,0,9,12,1,22,0,5,61,52,118,0,14,73,53,140,76,170,246,386
08/06/2021,ESN,MD,AEA,EN,Federal Contract Tower,0,3,17,0,20,0,4,58,62,124,0,7,75,62,144,84,294,378,522
08/07/2021,ESN,MD,AEA,EN,Federal Contract Tower,0,0,18,0,18,0,1,22,39,62,0,1,40,39,80,60,242,302,382
08/08/2021,ESN,MD,AEA,EN,Federal Contract Tower,0,6,25,0,31,0,4,39,0,43,0,10,64,0,74,72,0,72,146
08/09/2021,ESN,MD,AEA,EN,Federal Contract Tower,0,14,21,0,35,0,4,28,69,101,0,18,49,69,136,86,422,508,644
08/10/2021,ESN,MD,AEA,EN,Federal Contract Tower,0,3,8,0,11,0,4,48,70,122,0,7,56,70,133,66,390,456,589
08/11/2021,ESN,MD,AEA,EN,Federal Contract Tower,0,4,8,0,12,0,6,25,71,102,0,10,33,71,114,48,298,346,460
08/12/2021,ESN,MD,AEA,EN,Federal Contract Tower,0,9,16,0,25,0,8,46,68,122,0,17,62,68,147,68,198,266,413
08/13/2021,ESN,MD,AEA,EN,Federal Contract Tower,0,6,21,0,27,0,0,40,74,114,0,6,61,74,141,92,216,308,449
08/14/2021,ESN,MD,AEA,EN,Federal Contract Tower,0,10,13,0,23,0,7,36,35,78,0,17,49,35,101,62,96,158,259
08/15/2021,ESN,MD,AEA,EN,Federal Contract Tower,0,13,15,0,28,0,4,56,9,69,0,17,71,9,97,78,16,94,191
08/16/2021,ESN,MD,AEA,EN,Federal Contract Tower,0,3,18,0,21,0,2,22,0,24,0,5,40,0,45,40,0,40,85
08/17/2021,ESN,MD,AEA,EN,Federal Contract Tower,0,4,13,0,17,0,1,11,0,12,0,5,24,0,29,16,10,26,55
08/18/2021,ESN,MD,AEA,EN,Federal Contract Tower,0,8,10,1,19,0,2,27,3,32,0,10,37,4,51,42,22,64,115
08/19/2021,ESN,MD,AEA,EN,Federal Contract Tower,0,11,20,0,31,0,0,68,0,68,0,11,88,0,99,44,12,56,155
08/20/2021,ESN,MD,AEA,EN,Federal Contract Tower,0,4,16,0,20,0,2,12,0,14,0,6,28,0,34,16,0,16,50
08/21/2021,ESN,MD,AEA,EN,Federal Contract Tower,0,2,12,0,14,0,5,36,0,41,0,7,48,0,55,44,0,44,99
08/22/2021,ESN,MD,AEA,EN,Federal Contract Tower,0,5,10,0,15,0,7,21,0,28,0,12,31,0,43,16,0,16,59
08/23/2021,ESN,MD,AEA,EN,Federal Contract Tower,0,15,8,0,23,0,9,41,0,50,0,24,49,0,73,128,0,128,201
08/24/2021,ESN,MD,AEA,EN,Federal Contract Tower,0,8,14,0,22,0,6,68,3,77,0,14,82,3,99,92,84,176,275
08/25/2021,ESN,MD,AEA,EN,Federal Contract Tower,0,6,15,0,21,0,2,72,0,74,0,8,87,0,95,74,18,92,187
08/26/2021,ESN,MD,AEA,EN,Federal Contract Tower,0,4,15,0,19,0,0,51,0,51,0,4,66,0,70,66,16,82,152
08/27/2021,ESN,MD,AEA,EN,Federal Contract Tower,0,15,8,0,23,0,0,57,8,65,0,15,65,8,88,90,0,90,178
08/28/2021,ESN,MD,AEA,EN,Federal Contract Tower,0,4,27,0,31,0,0,40,0,40,0,4,67,0,71,8,0,8,79
08/29/2021,ESN,MD,AEA,EN,Federal Contract Tower,0,13,24,0,37,0,0,14,0,14,0,13,38,0,51,12,0,12,63
08/30/2021,ESN,MD,AEA,EN,Federal Contract Tower,0,5,19,0,24,0,6,31,0,37,0,11,50,0,61,36,0,36,97
08/31/2021,ESN,MD,AEA,EN,Federal Contract Tower,0,2,11,0,13,0,6,53,0,59,0,8,64,0,72,134,18,152,224
09/01/2021,ESN,MD,AEA,EN,Federal Contract Tower,0,1,2,0,3,0,4,2,0,6,0,5,4,0,9,10,0,10,19
09/02/2021,ESN,MD,AEA,EN,Federal Contract Tower,0,8,10,0,18,0,4,47,0,51,0,12,57,0,69,116,6,122,191
09/03/2021,ESN,MD,AEA,EN,Federal Contract Tower,0,6,22,0,28,0,0,73,0,73,0,6,95,0,101,174,0,174,275
09/04/2021,ESN,MD,AEA,EN,Federal Contract Tower,0,3,13,0,16,0,3,81,0,84,0,6,94,0,100,118,0,118,218
09/05/2021,ESN,MD,AEA,EN,Federal Contract Tower,0,1,10,0,11,0,0,28,0,28,0,1,38,0,39,40,0,40,79
09/06/2021,ESN,MD,AEA,EN,Federal Contract Tower,0,5,10,0,15,0,10,57,0,67,0,15,67,0,82,82,0,82,164
09/07/2021,ESN,MD,AEA,EN,Federal Contract Tower,0,12,23,0,35,0,0,72,8,80,0,12,95,8,115,118,0,118,233
09/08/2021,ESN,MD,AEA,EN,Federal Contract Tower,0,4,13,0,17,0,4,37,1,42,0,8,50,1,59,92,8,100,159
09/09/2021,ESN,MD,AEA,EN,Federal Contract Tower,0,11,29,1,41,0,0,21,0,21,0,11,50,1,62,42,14,56,118
09/10/2021,ESN,MD,AEA,EN,Federal Contract Tower,0,9,21,0,30,0,0,67,2,69,0,9,88,2,99,70,0,70,169
09/11/2021,ESN,MD,AEA,EN,Federal Contract Tower,0,10,15,0,25,0,3,98,0,101,0,13,113,0,126,128,0,128,254
09/12/2021,ESN,MD,AEA,EN,Federal Contract Tower,0,13,18,0,31,0,0,69,2,71,0,13,87,2,102,100,4,104,206
09/13/2021,ESN,MD,AEA,EN,Federal Contract Tower,0,4,12,0,16,0,4,45,0,49,0,8,57,0,65,62,6,68,133
09/14/2021,ESN,MD,AEA,EN,Federal Contract Tower,0,11,10,0,21,0,1,61,2,64,0,12,71,2,85,70,6,76,161
09/15/2021,ESN,MD,AEA,EN,Federal Contract Tower,0,6,7,0,13,0,8,103,2,113,0,14,110,2,126,156,72,228,354
09/16/2021,ESN,MD,AEA,EN,Federal Contract Tower,0,7,20,2,29,0,0,11,1,12,0,7,31,3,41,28,14,42,83
09/17/2021,ESN,MD,AEA,EN,Federal Contract Tower,0,11,19,0,30,0,3,3,0,6,0,14,22,0,36,12,0,12,48
09/18/2021,ESN,MD,AEA,EN,Federal Contract Tower,0,7,25,0,32,0,3,48,0,51,0,10,73,0,83,118,0,118,201
09/19/2021,ESN,MD,AEA,EN,Federal Contract Tower,0,5,22,0,27,0,4,83,0,87,0,9,105,0,114,102,0,102,216
09/20/2021,ESN,MD,AEA,EN,Federal Contract Tower,0,7,10,0,17,0,0,25,0,25,0,7,35,0,42,84,4,88,130
09/21/2021,ESN,MD,AEA,EN,Federal Contract Tower,0,10,8,0,18,0,1,22,5,28,0,11,30,5,46,50,4,54,100
09/22/2021,ESN,MD,AEA,EN,Federal Contract Tower,0,9,16,0,25,0,1,16,0,17,0,10,32,0,42,2,6,8,50
09/23/2021,ESN,MD,AEA,EN,Federal Contract Tower,0,4,5,0,9,0,0,17,0,17,0,4,22,0,26,46,0,46,72
09/24/2021,ESN,MD,AEA,EN,Federal Contract Tower,0,12,21,0,33,0,2,123,0,125,0,14,144,0,158,184,0,184,342
09/25/2021,ESN,MD,AEA,EN,Federal Contract Tower,0,3,10,0,13,0,4,188,8,200,0,7,198,8,213,198,0,198,411
09/26/2021,ESN,MD,AEA,EN,Federal Contract Tower,0,16,15,0,31,0,9,106,1,116,0,25,121,1,147,98,2,100,247
09/27/2021,ESN,MD,AEA,EN,Federal Contract Tower,0,2,12,2,16,0,1,49,2,52,0,3,61,4,68,114,0,114,182
09/28/2021,ESN,MD,AEA,EN,Federal Contract Tower,0,7,12,2,21,0,8,54,1,63,0,15,66,3,84,96,0,96,180
09/29/2021,ESN,MD,AEA,EN,Federal Contract Tower,0,11,15,0,26,0,8,80,2,90,0,19,95,2,116,102,8,110,226
09/30/2021,ESN,MD,AEA,EN,Federal Contract Tower,0,7,17,0,24,0,0,82,0,82,0,7,99,0,106,136,2,138,244
10/01/2021,ESN,MD,AEA,EN,Federal Contract Tower,0,22,17,0,39,0,0,82,0,82,0,22,99,0,121,166,0,166,287
10/02/2021,ESN,MD,AEA,EN,Federal Contract Tower,0,2,20,0,22,0,6,59,0,65,0,8,79,0,87,80,0,80,167
10/03/2021,ESN,MD,AEA,EN,Federal Contract Tower,0,5,20,0,25,0,2,59,0,61,0,7,79,0,86,84,0,84,170
10/04/2021,ESN,MD,AEA,EN,Federal Contract Tower,0,5,13,3,21,0,2,53,0,55,0,7,66,3,76,88,0,88,164
10/05/2021,ESN,MD,AEA,EN,Federal Contract Tower,0,8,14,0,22,0,1,0,0,1,0,9,14,0,23,0,0,0,23
10/06/2021,ESN,MD,AEA,EN,Federal Contract Tower,0,3,36,0,39,0,3,9,0,12,0,6,45,0,51,0,0,0,51
10/07/2021,ESN,MD,AEA,EN,Federal Contract Tower,0,6,14,6,26,0,2,66,6,74,0,8,80,12,100,68,90,158,258
10/08/2021,ESN,MD,AEA,EN,Federal Contract Tower,0,20,27,2,49,0,7,69,0,76,0,27,96,2,125,120,8,128,253
10/09/2021,ESN,MD,AEA,EN,Federal Contract Tower,0,7,21,0,28,0,0,27,0,27,0,7,48,0,55,16,0,16,71
10/10/2021,ESN,MD,AEA,EN,Federal Contract Tower,0,5,27,0,32,0,0,4,0,4,0,5,31,0,36,0,0,0,36
10/11/2021,ESN,MD,AEA,EN,Federal Contract Tower,0,6,47,0,53,0,0,2,0,2,0,6,49,0,55,0,0,0,55
10/12/2021,ESN,MD,AEA,EN,Federal Contract Tower,0,5,31,0,36,0,0,2,0,2,0,5,33,0,38,0,0,0,38
10/13/2021,ESN,MD,AEA,EN,Federal Contract Tower,0,6,18,8,32,0,0,25,1,26,0,6,43,9,58,18,0,18,76
10/14/2021,ESN,MD,AEA,EN,Federal Contract Tower,0,9,16,4,29,0,0,84,0,84,0,9,100,4,113,166,20,186,299
10/15/2021,ESN,MD,AEA,EN,Federal Contract Tower,0,12,27,0,39,0,12,75,6,93,0,24,102,6,132,182,0,182,314
10/16/2021,ESN,MD,AEA,EN,Federal Contract Tower,0,4,9,0,13,0,0,36,2,38,0,4,45,2,51,76,0,76,127
10/17/2021,ESN,MD,AEA,EN,Federal Contract Tower,0,7,32,0,39,0,0,41,0,41,0,7,73,0,80,92,0,92,172
10/18/2021,ESN,MD,AEA,EN,Federal Contract Tower,0,4,30,4,38,0,2,36,2,40,0,6,66,6,78,48,0,48,126
10/19/2021,ESN,MD,AEA,EN,Federal Contract Tower,0,3,11,0,14,0,2,60,7,69,0,5,71,7,83,116,2,118,201
10/20/2021,ESN,MD,AEA,EN,Federal Contract Tower,0,10,25,0,35,0,1,75,3,79,0,11,100,3,114,168,30,198,312
10/21/2021,ESN,MD,AEA,EN,Federal Contract Tower,0,5,8,9,22,0,0,62,1,63,0,5,70,10,85,118,38,156,241
10/22/2021,ESN,MD,AEA,EN,Federal Contract Tower,0,6,24,0,30,0,0,64,0,64,0,6,88,0,94,260,0,260,354
10/23/2021,ESN,MD,AEA,EN,Federal Contract Tower,0,6,15,0,21,0,1,65,0,66,0,7,80,0,87,130,0,130,217
10/24/2021,ESN,MD,AEA,EN,Federal Contract Tower,0,13,21,0,34,0,8,90,0,98,0,21,111,0,132,106,0,106,238
10/25/2021,ESN,MD,AEA,EN,Federal Contract Tower,0,2,19,0,21,0,0,25,0,25,0,2,44,0,46,16,28,44,90
10/26/2021,ESN,MD,AEA,EN,Federal Contract Tower,0,11,13,0,24,0,0,2,0,2,0,11,15,0,26,0,42,42,68
10/27/2021,ESN,MD,AEA,EN,Federal Contract Tower,0,10,13,0,23,0,0,22,0,22,0,10,35,0,45,0,14,14,59
10/28/2021,ESN,MD,AEA,EN,Federal Contract Tower,0,6,11,7,24,0,0,68,0,68,0,6,79,7,92,118,16,134,226
10/29/2021,ESN,MD,AEA,EN,Federal Contract Tower,0,11,5,0,16,0,0,0,0,0,0,11,5,0,16,0,0,0,16
10/30/2021,ESN,MD,AEA,EN,Federal Contract Tower,0,8,19,0,27,0,0,59,0,59,0,8,78,0,86,94,0,94,180
10/31/2021,ESN,MD,AEA,EN,Federal Contract Tower,0,8,10,0,18,0,0,43,0,43,0,8,53,0,61,68,0,68,129
11/01/2021,ESN,MD,AEA,EN,Federal Contract Tower,0,7,13,0,20,0,2,53,0,55,0,9,66,0,75,96,0,96,171
11/02/2021,ESN,MD,AEA,EN,Federal Contract Tower,0,6,15,1,22,0,0,13,1,14,0,6,28,2,36,32,0,32,68
11/03/2021,ESN,MD,AEA,EN,Federal Contract Tower,0,14,11,2,27,0,7,38,0,45,0,21,49,2,72,34,46,80,152
11/04/2021,ESN,MD,AEA,EN,Federal Contract Tower,0,7,10,0,17,0,0,54,0,54,0,7,64,0,71,132,0,132,203
11/05/2021,ESN,MD,AEA,EN,Federal Contract Tower,0,1,17,0,18,0,10,84,0,94,0,11,101,0,112,206,0,206,318
11/06/2021,ESN,MD,AEA,EN,Federal Contract Tower,0,8,13,0,21,0,0,83,0,83,0,8,96,0,104,176,12,188,292
11/07/2021,ESN,MD,AEA,EN,Federal Contract Tower,0,10,31,0,41,0,8,48,2,58,0,18,79,2,99,66,0,66,165
11/08/2021,ESN,MD,AEA,EN,Federal Contract Tower,0,6,18,0,24,0,10,50,0,60,0,16,68,0,84,80,0,80,164
11/09/2021,ESN,MD,AEA,EN,Federal Contract Tower,0,1,14,0,15,0,1,70,1,72,0,2,84,1,87,178,56,234,321
11/10/2021,ESN,MD,AEA,EN,Federal Contract Tower,0,6,21,4,31,0,5,46,0,51,0,11,67,4,82,84,0,84,166
11/11/2021,ESN,MD,AEA,EN,Federal Contract Tower,0,8,18,0,26,0,11,94,0,105,0,19,112,0,131,190,0,190,321
11/12/2021,ESN,MD,AEA,EN,Federal Contract Tower,0,8,14,0,22,0,2,28,0,30,0,10,42,0,52,74,0,74,126
11/13/2021,ESN,MD,AEA,EN,Federal Contract Tower,0,6,9,0,15,0,2,22,0,24,0,8,31,0,39,32,0,32,71
11/14/2021,ESN,MD,AEA,EN,Federal Contract Tower,0,8,17,0,25,0,2,57,1,60,0,10,74,1,85,130,0,130,215
11/15/2021,ESN,MD,AEA,EN,Federal Contract Tower,0,6,9,0,15,0,16,4,0,20,0,22,13,0,35,2,0,2,37
11/16/2021,ESN,MD,AEA,EN,Federal Contract Tower,0,8,16,0,24,0,11,45,0,56,0,19,61,0,80,96,46,142,222
11/17/2021,ESN,MD,AEA,EN,Federal Contract Tower,0,9,10,0,19,0,2,92,0,94,0,11,102,0,113,74,38,112,225
11/18/2021,ESN,MD,AEA,EN,Federal Contract Tower,0,12,15,0,27,0,2,49,4,55,0,14,64,4,82,28,18,46,128
11/19/2021,ESN,MD,AEA,EN,Federal Contract Tower,0,1,24,0,25,0,3,38,0,41,0,4,62,0,66,36,0,36,102
11/20/2021,ESN,MD,AEA,EN,Federal Contract Tower,0,7,9,0,16,0,4,66,0,70,0,11,75,0,86,148,0,148,234
11/21/2021,ESN,MD,AEA,EN,Federal Contract Tower,0,14,20,0,34,0,0,42,0,42,0,14,62,0,76,72,0,72,148
11/22/2021,ESN,MD,AEA,EN,Federal Contract Tower,0,13,17,0,30,0,8,29,1,38,0,21,46,1,68,52,14,66,134
11/23/2021,ESN,MD,AEA,EN,Federal Contract Tower,0,9,16,0,25,0,1,33,0,34,0,10,49,0,59,28,6,34,93
11/24/2021,ESN,MD,AEA,EN,Federal Contract Tower,0,5,30,0,35,0,2,71,0,73,0,7,101,0,108,142,10,152,260
11/25/2021,ESN,MD,AEA,EN,Federal Contract Tower,0,4,4,0,8,0,0,24,0,24,0,4,28,0,32,60,0,60,92
11/26/2021,ESN,MD,AEA,EN,Federal Contract Tower,0,9,3,0,12,0,1,5,0,6,0,10,8,0,18,0,0,0,18
11/27/2021,ESN,MD,AEA,EN,Federal Contract Tower,0,7,5,0,12,0,4,24,0,28,0,11,29,0,40,8,0,8,48
11/28/2021,ESN,MD,AEA,EN,Federal Contract Tower,0,10,23,0,33,0,2,80,0,82,0,12,103,0,115,116,0,116,231
11/29/2021,ESN,MD,AEA,EN,Federal Contract Tower,0,6,16,0,22,0,1,26,0,27,0,7,42,0,49,36,4,40,89
11/30/2021,ESN,MD,AEA,EN,Federal Contract Tower,0,4,11,0,15,0,9,37,2,48,0,13,48,2,63,100,26,126,189
12/01/2021,ESN,MD,AEA,EN,Federal Contract Tower,0,2,13,1,16,0,10,59,4,73,0,12,72,5,89,100,20,120,209
12/02/2021,ESN,MD,AEA,EN,Federal Contract Tower,0,7,11,0,18,0,6,33,0,39,0,13,44,0,57,48,0,48,105
12/03/2021,ESN,MD,AEA,EN,Federal Contract Tower,0,4,10,0,14,0,0,59,0,59,0,4,69,0,73,88,2,90,163
12/04/2021,ESN,MD,AEA,EN,Federal Contract Tower,0,3,14,0,17,0,4,53,0,57,0,7,67,0,74,94,0,94,168
12/05/2021,ESN,MD,AEA,EN,Federal Contract Tower,0,7,13,0,20,0,3,86,1,90,0,10,99,1,110,116,0,116,226
12/06/2021,ESN,MD,AEA,EN,Federal Contract Tower,0,5,8,0,13,0,3,6,2,11,0,8,14,2,24,8,0,8,32
12/07/2021,ESN,MD,AEA,EN,Federal Contract Tower,0,4,14,0,18,0,5,59,2,66,0,9,73,2,84,114,0,114,198
12/08/2021,ESN,MD,AEA,EN,Federal Contract Tower,0,3,3,0,6,0,1,21,0,22,0,4,24,0,28,18,0,18,46
12/09/2021,ESN,MD,AEA,EN,Federal Contract Tower,0,4,8,2,14,0,12,35,0,47,0,16,43,2,61,94,0,94,155
12/10/2021,ESN,MD,AEA,EN,Federal Contract Tower,0,7,14,0,21,0,1,52,0,53,0,8,66,0,74,146,0,146,220
12/11/2021,ESN,MD,AEA,EN,Federal Contract Tower,0,7,5,0,12,0,0,0,0,0,0,7,5,0,12,0,0,0,12
12/12/2021,ESN,MD,AEA,EN,Federal Contract Tower,0,5,6,0,11,0,4,47,0,51,0,9,53,0,62,124,0,124,186
12/13/2021,ESN,MD,AEA,EN,Federal Contract Tower,0,3,18,0,21,0,9,60,0,69,0,12,78,0,90,96,0,96,186
12/14/2021,ESN,MD,AEA,EN,Federal Contract Tower,0,0,9,1,10,0,0,82,0,82,0,0,91,1,92,104,0,104,196
12/15/2021,ESN,MD,AEA,EN,Federal Contract Tower,0,2,16,1,19,0,2,56,1,59,0,4,72,2,78,136,8,144,222
12/16/2021,ESN,MD,AEA,EN,Federal Contract Tower,0,6,13,0,19,0,4,38,0,42,0,10,51,0,61,92,0,92,153
12/17/2021,ESN,MD,AEA,EN,Federal Contract Tower,0,5,14,0,19,0,2,44,3,49,0,7,58,3,68,72,6,78,146
12/18/2021,ESN,MD,AEA,EN,Federal Contract Tower,0,3,15,0,18,0,0,13,0,13,0,3,28,0,31,2,0,2,33
12/19/2021,ESN,MD,AEA,EN,Federal Contract Tower,0,3,8,0,11,0,2,19,0,21,0,5,27,0,32,48,0,48,80
12/20/2021,ESN,MD,AEA,EN,Federal Contract Tower,0,2,13,0,15,0,1,36,0,37,0,3,49,0,52,64,2,66,118
12/21/2021,ESN,MD,AEA,EN,Federal Contract Tower,0,3,11,0,14,0,3,27,0,30,0,6,38,0,44,70,8,78,122
12/22/2021,ESN,MD,AEA,EN,Federal Contract Tower,0,3,16,0,19,0,1,13,2,16,0,4,29,2,35,6,6,12,47
12/23/2021,ESN,MD,AEA,EN,Federal Contract Tower,0,7,22,0,29,0,0,54,0,54,0,7,76,0,83,108,0,108,191
12/24/2021,ESN,MD,AEA,EN,Federal Contract Tower,0,1,1,0,2,0,3,27,0,30,0,4,28,0,32,58,0,58,90
12/25/2021,ESN,MD,AEA,EN,Federal Contract Tower,0,5,2,0,7,0,0,7,0,7,0,5,9,0,14,8,0,8,22
12/26/2021,ESN,MD,AEA,EN,Federal Contract Tower,0,12,14,0,26,0,4,49,0,53,0,16,63,0,79,88,0,88,167
12/27/2021,ESN,MD,AEA,EN,Federal Contract Tower,0,10,11,0,21,0,2,13,0,15,0,12,24,0,36,26,0,26,62
12/28/2021,ESN,MD,AEA,EN,Federal Contract Tower,0,10,5,0,15,0,4,49,0,53,0,14,54,0,68,40,0,40,108
12/29/2021,ESN,MD,AEA,EN,Federal Contract Tower,0,4,29,0,33,0,4,28,2,34,0,8,57,2,67,42,0,42,109
12/30/2021,ESN,MD,AEA,EN,Federal Contract Tower,0,2,5,0,7,0,0,0,0,0,0,2,5,0,7,0,0,0,7
12/31/2021,ESN,MD,AEA,EN,Federal Contract Tower,0,2,15,0,17,0,0,0,0,0,0,2,15,0,17,0,0,0,17
01/01/2022,ESN,MD,AEA,EN,Federal Contract Tower,0,3,7,0,10,0,0,0,0,0,0,3,7,0,10,0,0,0,10
01/02/2022,ESN,MD,AEA,EN,Federal Contract Tower,0,6,10,0,16,0,2,6,0,8,0,8,16,0,24,2,0,2,26
01/03/2022,ESN,MD,AEA,EN,Federal Contract Tower,0,0,0,0,0,0,0,0,0,0,0,0,0,0,0,0,0,0,0
01/04/2022,ESN,MD,AEA,EN,Federal Contract Tower,0,7,6,0,13,0,0,12,0,12,0,7,18,0,25,18,0,18,43
01/05/2022,ESN,MD,AEA,EN,Federal Contract Tower,0,5,10,0,15,0,14,6,0,20,0,19,16,0,35,6,0,6,41
01/06/2022,ESN,MD,AEA,EN,Federal Contract Tower,0,3,10,0,13,0,0,37,0,37,0,3,47,0,50,92,0,92,142
01/07/2022,ESN,MD,AEA,EN,Federal Contract Tower,0,3,3,0,6,0,0,0,0,0,0,3,3,0,6,2,0,2,8
01/08/2022,ESN,MD,AEA,EN,Federal Contract Tower,0,10,9,0,19,0,6,64,1,71,0,16,73,1,90,72,2,74,164
01/09/2022,ESN,MD,AEA,EN,Federal Contract Tower,0,2,8,0,10,0,0,10,0,10,0,2,18,0,20,8,0,8,28
01/10/2022,ESN,MD,AEA,EN,Federal Contract Tower,0,1,7,0,8,0,0,21,0,21,0,1,28,0,29,22,16,38,67
01/11/2022,ESN,MD,AEA,EN,Federal Contract Tower,0,2,4,2,8,0,1,22,2,25,0,3,26,4,33,124,0,124,157
01/12/2022,ESN,MD,AEA,EN,Federal Contract Tower,0,4,8,0,12,0,12,44,2,58,0,16,52,2,70,50,0,50,120
01/13/2022,ESN,MD,AEA,EN,Federal Contract Tower,0,1,16,0,17,0,7,74,0,81,0,8,90,0,98,144,14,158,256
01/14/2022,ESN,MD,AEA,EN,Federal Contract Tower,0,7,15,0,22,0,0,37,0,37,0,7,52,0,59,106,0,106,165
01/15/2022,ESN,MD,AEA,EN,Federal Contract Tower,0,8,6,0,14,0,9,40,0,49,0,17,46,0,63,64,0,64,127
01/16/2022,ESN,MD,AEA,EN,Federal Contract Tower,0,1,2,0,3,0,0,14,0,14,0,1,16,0,17,44,0,44,61
01/17/2022,ESN,MD,AEA,EN,Federal Contract Tower,0,1,4,0,5,0,0,0,0,0,0,1,4,0,5,0,0,0,5
01/18/2022,ESN,MD,AEA,EN,Federal Contract Tower,0,4,13,0,17,0,0,24,2,26,0,4,37,2,43,16,16,32,75
01/19/2022,ESN,MD,AEA,EN,Federal Contract Tower,0,1,13,0,14,0,2,30,6,38,0,3,43,6,52,28,26,54,106
01/20/2022,ESN,MD,AEA,EN,Federal Contract Tower,0,0,2,0,2,0,0,0,0,0,0,0,2,0,2,0,0,0,2
01/21/2022,ESN,MD,AEA,EN,Federal Contract Tower,0,3,7,0,10,0,3,27,6,36,0,6,34,6,46,68,10,78,124
01/22/2022,ESN,MD,AEA,EN,Federal Contract Tower,0,2,11,0,13,0,2,64,4,70,0,4,75,4,83,80,4,84,167
01/23/2022,ESN,MD,AEA,EN,Federal Contract Tower,0,0,17,0,17,0,0,66,0,66,0,0,83,0,83,116,0,116,199
01/24/2022,ESN,MD,AEA,EN,Federal Contract Tower,0,6,7,0,13,0,9,37,4,50,0,15,44,4,63,62,0,62,125
01/25/2022,ESN,MD,AEA,EN,Federal Contract Tower,0,6,13,0,19,0,2,49,0,51,0,8,62,0,70,108,0,108,178
01/26/2022,ESN,MD,AEA,EN,Federal Contract Tower,0,6,21,0,27,0,6,80,13,99,0,12,101,13,126,164,22,186,312
01/27/2022,ESN,MD,AEA,EN,Federal Contract Tower,0,5,20,0,25,0,3,44,0,47,0,8,64,0,72,114,0,114,186
01/28/2022,ESN,MD,AEA,EN,Federal Contract Tower,0,1,11,0,12,0,3,19,0,22,0,4,30,0,34,24,0,24,58
01/29/2022,ESN,MD,AEA,EN,Federal Contract Tower,0,0,1,0,1,0,0,1,0,1,0,0,2,0,2,0,0,0,2
01/30/2022,ESN,MD,AEA,EN,Federal Contract Tower,0,3,15,0,18,0,9,17,0,26,0,12,32,0,44,50,0,50,94
01/31/2022,ESN,MD,AEA,EN,Federal Contract Tower,0,8,17,4,29,0,0,36,2,38,0,8,53,6,67,72,4,76,143
02/01/2022,ESN,MD,AEA,EN,Federal Contract Tower,0,4,11,0,15,0,4,46,4,54,0,8,57,4,69,86,46,132,201
02/02/2022,ESN,MD,AEA,EN,Federal Contract Tower,0,0,13,0,13,0,0,50,1,51,0,0,63,1,64,136,0,136,200
02/03/2022,ESN,MD,AEA,EN,Federal Contract Tower,0,4,15,0,19,0,0,0,0,0,0,4,15,0,19,0,0,0,19
02/04/2022,ESN,MD,AEA,EN,Federal Contract Tower,0,0,5,0,5,0,0,0,0,0,0,0,5,0,5,0,0,0,5
02/05/2022,ESN,MD,AEA,EN,Federal Contract Tower,0,12,6,0,18,0,4,21,0,25,0,16,27,0,43,38,0,38,81
02/06/2022,ESN,MD,AEA,EN,Federal Contract Tower,0,1,28,0,29,0,4,67,4,75,0,5,95,4,104,186,4,190,294
02/07/2022,ESN,MD,AEA,EN,Federal Contract Tower,0,4,10,0,14,0,1,3,0,4,0,5,13,0,18,0,0,0,18
02/08/2022,ESN,MD,AEA,EN,Federal Contract Tower,0,2,3,0,5,0,4,47,0,51,0,6,50,0,56,132,4,136,192
02/09/2022,ESN,MD,AEA,EN,Federal Contract Tower,0,5,6,0,11,0,2,63,4,69,0,7,69,4,80,74,8,82,162
02/10/2022,ESN,MD,AEA,EN,Federal Contract Tower,0,5,6,0,11,0,8,38,0,46,0,13,44,0,57,140,4,144,201
02/11/2022,ESN,MD,AEA,EN,Federal Contract Tower,0,3,12,0,15,0,9,65,4,78,0,12,77,4,93,112,14,126,219
02/12/2022,ESN,MD,AEA,EN,Federal Contract Tower,0,4,14,0,18,0,1,76,0,77,0,5,90,0,95,174,0,174,269
02/13/2022,ESN,MD,AEA,EN,Federal Contract Tower,0,6,6,0,12,0,0,0,0,0,0,6,6,0,12,0,0,0,12
02/14/2022,ESN,MD,AEA,EN,Federal Contract Tower,0,5,9,0,14,0,0,16,0,16,0,5,25,0,30,56,0,56,86
02/15/2022,ESN,MD,AEA,EN,Federal Contract Tower,0,2,15,3,20,0,2,65,1,68,0,4,80,4,88,134,2,136,224
02/16/2022,ESN,MD,AEA,EN,Federal Contract Tower,0,0,9,0,9,0,0,47,4,51,0,0,56,4,60,132,14,146,206
02/17/2022,ESN,MD,AEA,EN,Federal Contract Tower,0,8,11,0,19,0,6,37,0,43,0,14,48,0,62,42,0,42,104
02/18/2022,ESN,MD,AEA,EN,Federal Contract Tower,0,2,12,0,14,0,3,8,0,11,0,5,20,0,25,0,0,0,25
02/19/2022,ESN,MD,AEA,EN,Federal Contract Tower,0,2,3,0,5,0,0,63,0,63,0,2,66,0,68,150,0,150,218
02/20/2022,ESN,MD,AEA,EN,Federal Contract Tower,0,6,20,0,26,0,123,0,0,123,0,129,20,0,149,262,0,262,411
02/21/2022,ESN,MD,AEA,EN,Federal Contract Tower,0,4,20,0,24,0,3,101,0,104,0,7,121,0,128,194,8,202,330
02/22/2022,ESN,MD,AEA,EN,Federal Contract Tower,0,3,12,4,19,0,14,6,0,20,0,17,18,4,39,14,8,22,61
02/23/2022,ESN,MD,AEA,EN,Federal Contract Tower,0,6,7,0,13,0,6,36,0,42,0,12,43,0,55,42,0,42,97
02/24/2022,ESN,MD,AEA,EN,Federal Contract Tower,0,8,7,0,15,0,0,21,0,21,0,8,28,0,36,32,0,32,68
02/25/2022,ESN,MD,AEA,EN,Federal Contract Tower,0,7,4,0,11,0,0,5,2,7,0,7,9,2,18,10,0,10,28
02/26/2022,ESN,MD,AEA,EN,Federal Contract Tower,0,1,15,0,16,0,0,112,0,112,0,1,127,0,128,174,0,174,302
02/27/2022,ESN,MD,AEA,EN,Federal Contract Tower,0,4,7,0,11,0,0,63,0,63,0,4,70,0,74,162,0,162,236
02/28/2022,ESN,MD,AEA,EN,Federal Contract Tower,0,4,16,0,20,0,0,59,6,65,0,4,75,6,85,104,4,108,193
03/01/2022,ESN,MD,AEA,EN,Federal Contract Tower,0,7,12,0,19,0,3,50,0,53,0,10,62,0,72,92,2,94,166
03/02/2022,ESN,MD,AEA,EN,Federal Contract Tower,0,5,22,0,27,0,1,84,1,86,0,6,106,1,113,172,4,176,289
03/03/2022,ESN,MD,AEA,EN,Federal Contract Tower,0,10,7,0,17,0,2,49,0,51,0,12,56,0,68,112,2,114,182
03/04/2022,ESN,MD,AEA,EN,Federal Contract Tower,0,6,16,0,22,0,5,87,5,97,0,11,103,5,119,182,14,196,315
03/05/2022,ESN,MD,AEA,EN,Federal Contract Tower,0,0,10,0,10,0,0,65,0,65,0,0,75,0,75,146,4,150,225
03/06/2022,ESN,MD,AEA,EN,Federal Contract Tower,0,5,9,0,14,0,3,1,0,4,0,8,10,0,18,0,0,0,18
03/07/2022,ESN,MD,AEA,EN,Federal Contract Tower,0,5,5,0,10,0,0,2,0,2,0,5,7,0,12,0,0,0,12
03/08/2022,ESN,MD,AEA,EN,Federal Contract Tower,0,1,11,0,12,0,1,31,4,36,0,2,42,4,48,76,0,76,124
03/09/2022,ESN,MD,AEA,EN,Federal Contract Tower,0,1,6,0,7,0,0,0,0,0,0,1,6,0,7,0,0,0,7
03/10/2022,ESN,MD,AEA,EN,Federal Contract Tower,0,9,25,0,34,0,14,58,2,74,0,23,83,2,108,176,2,178,286
03/11/2022,ESN,MD,AEA,EN,Federal Contract Tower,0,7,21,0,28,0,4,89,2,95,0,11,110,2,123,232,0,232,355
03/12/2022,ESN,MD,AEA,EN,Federal Contract Tower,0,2,0,0,2,0,0,0,0,0,0,2,0,0,2,0,0,0,2
03/13/2022,ESN,MD,AEA,EN,Federal Contract Tower,0,5,8,0,13,0,2,26,0,28,0,7,34,0,41,114,0,114,155
03/14/2022,ESN,MD,AEA,EN,Federal Contract Tower,0,7,8,0,15,0,8,63,0,71,0,15,71,0,86,98,50,148,234
03/15/2022,ESN,MD,AEA,EN,Federal Contract Tower,0,6,10,2,18,0,3,46,8,57,0,9,56,10,75,96,20,116,191
03/16/2022,ESN,MD,AEA,EN,Federal Contract Tower,0,4,16,0,20,0,6,96,5,107,0,10,112,5,127,200,16,216,343
03/17/2022,ESN,MD,AEA,EN,Federal Contract Tower,0,8,9,0,17,0,0,0,0,0,0,8,9,0,17,0,0,0,17
03/18/2022,ESN,MD,AEA,EN,Federal Contract Tower,0,4,21,0,25,0,15,72,2,89,0,19,93,2,114,160,20,180,294
03/19/2022,ESN,MD,AEA,EN,Federal Contract Tower,0,3,6,0,9,0,1,37,0,38,0,4,43,0,47,88,0,88,135
03/20/2022,ESN,MD,AEA,EN,Federal Contract Tower,0,2,6,0,8,0,2,26,0,28,0,4,32,0,36,10,0,10,46
03/21/2022,ESN,MD,AEA,EN,Federal Contract Tower,0,6,14,0,20,0,3,62,1,66,0,9,76,1,86,118,0,118,204
03/22/2022,ESN,MD,AEA,EN,Federal Contract Tower,0,1,12,0,13,0,15,87,0,102,0,16,99,0,115,136,24,160,275
03/23/2022,ESN,MD,AEA,EN,Federal Contract Tower,0,2,2,0,4,0,2,8,0,10,0,4,10,0,14,2,2,4,18
03/24/2022,ESN,MD,AEA,EN,Federal Contract Tower,0,2,4,0,6,0,0,0,0,0,0,2,4,0,6,0,0,0,6
03/25/2022,ESN,MD,AEA,EN,Federal Contract Tower,0,5,10,0,15,0,3,68,0,71,0,8,78,0,86,184,20,204,290
03/26/2022,ESN,MD,AEA,EN,Federal Contract Tower,0,7,1,0,8,0,0,10,0,10,0,7,11,0,18,14,0,14,32
03/27/2022,ESN,MD,AEA,EN,Federal Contract Tower,0,4,3,0,7,0,0,17,0,17,0,4,20,0,24,28,0,28,52
03/28/2022,ESN,MD,AEA,EN,Federal Contract Tower,0,5,8,0,13,0,0,15,0,15,0,5,23,0,28,4,0,4,32
03/29/2022,ESN,MD,AEA,EN,Federal Contract Tower,0,1,11,0,12,0,1,34,3,38,0,2,45,3,50,50,18,68,118
03/30/2022,ESN,MD,AEA,EN,Federal Contract Tower,0,1,9,0,10,0,2,38,8,48,0,3,47,8,58,76,12,88,146
03/31/2022,ESN,MD,AEA,EN,Federal Contract Tower,0,10,5,0,15,0,0,4,2,6,0,10,9,2,21,0,0,0,21
04/01/2022,ESN,MD,AEA,EN,Federal Contract Tower,0,8,15,2,25,0,3,28,9,40,0,11,43,11,65,20,0,20,85
04/02/2022,ESN,MD,AEA,EN,Federal Contract Tower,0,7,15,0,22,0,5,117,0,122,0,12,132,0,144,210,0,210,354
04/03/2022,ESN,MD,AEA,EN,Federal Contract Tower,0,9,15,0,24,0,0,27,0,27,0,9,42,0,51,52,0,52,103
04/04/2022,ESN,MD,AEA,EN,Federal Contract Tower,0,6,12,0,18,0,7,73,0,80,0,13,85,0,98,194,10,204,302
04/05/2022,ESN,MD,AEA,EN,Federal Contract Tower,0,9,12,0,21,0,3,6,0,9,0,12,18,0,30,26,4,30,60
04/06/2022,ESN,MD,AEA,EN,Federal Contract Tower,0,5,16,5,26,0,1,3,0,4,0,6,19,5,30,0,8,8,38
04/07/2022,ESN,MD,AEA,EN,Federal Contract Tower,0,2,7,0,9,0,0,0,0,0,0,2,7,0,9,0,0,0,9
04/08/2022,ESN,MD,AEA,EN,Federal Contract Tower,0,2,16,0,18,0,10,70,2,82,0,12,86,2,100,138,0,138,238
04/09/2022,ESN,MD,AEA,EN,Federal Contract Tower,0,4,17,0,21,0,0,61,0,61,0,4,78,0,82,100,2,102,184
04/10/2022,ESN,MD,AEA,EN,Federal Contract Tower,0,4,14,0,18,0,0,36,2,38,0,4,50,2,56,12,0,12,68
04/11/2022,ESN,MD,AEA,EN,Federal Contract Tower,0,7,13,0,20,0,11,85,3,99,0,18,98,3,119,196,0,196,315
04/12/2022,ESN,MD,AEA,EN,Federal Contract Tower,0,3,9,2,14,0,26,73,0,99,0,29,82,2,113,218,4,222,335
04/13/2022,ESN,MD,AEA,EN,Federal Contract Tower,0,2,20,2,24,0,8,51,3,62,0,10,71,5,86,88,2,90,176
04/14/2022,ESN,MD,AEA,EN,Federal Contract Tower,0,7,10,0,17,0,23,7,4,34,0,30,17,4,51,22,34,56,107
04/15/2022,ESN,MD,AEA,EN,Federal Contract Tower,0,3,15,0,18,0,6,95,0,101,0,9,110,0,119,186,2,188,307
04/16/2022,ESN,MD,AEA,EN,Federal Contract Tower,0,3,10,0,13,0,0,36,0,36,0,3,46,0,49,56,0,56,105
04/17/2022,ESN,MD,AEA,EN,Federal Contract Tower,0,3,12,0,15,0,2,40,0,42,0,5,52,0,57,48,0,48,105
04/18/2022,ESN,MD,AEA,EN,Federal Contract Tower,0,8,14,0,22,0,1,9,0,10,0,9,23,0,32,8,0,8,40
04/19/2022,ESN,MD,AEA,EN,Federal Contract Tower,0,0,24,1,25,0,5,12,3,20,0,5,36,4,45,8,64,72,117
04/20/2022,ESN,MD,AEA,EN,Federal Contract Tower,0,4,14,0,18,0,15,89,10,114,0,19,103,10,132,118,74,192,324
04/21/2022,ESN,MD,AEA,EN,Federal Contract Tower,0,7,17,0,24,0,3,46,0,49,0,10,63,0,73,94,2,96,169
04/22/2022,ESN,MD,AEA,EN,Federal Contract Tower,0,2,18,0,20,0,0,65,0,65,0,2,83,0,85,168,6,174,259
04/23/2022,ESN,MD,AEA,EN,Federal Contract Tower,0,1,8,0,9,0,0,76,0,76,0,1,84,0,85,184,0,184,269
04/24/2022,ESN,MD,AEA,EN,Federal Contract Tower,0,1,14,0,15,0,0,88,0,88,0,1,102,0,103,160,0,160,263
04/25/2022,ESN,MD,AEA,EN,Federal Contract Tower,0,6,22,0,28,0,1,18,0,19,0,7,40,0,47,38,0,38,85
04/26/2022,ESN,MD,AEA,EN,Federal Contract Tower,0,7,29,0,36,0,8,0,0,8,0,15,29,0,44,0,0,0,44
04/27/2022,ESN,MD,AEA,EN,Federal Contract Tower,0,3,14,0,17,0,17,27,0,44,0,20,41,0,61,42,30,72,133
04/28/2022,ESN,MD,AEA,EN,Federal Contract Tower,0,5,7,0,12,0,7,13,6,26,0,12,20,6,38,24,20,44,82
04/29/2022,ESN,MD,AEA,EN,Federal Contract Tower,0,6,22,0,28,0,5,72,0,77,0,11,94,0,105,120,2,122,227
04/30/2022,ESN,MD,AEA,EN,Federal Contract Tower,0,6,10,0,16,0,0,106,0,106,0,6,116,0,122,166,0,166,288
05/01/2022,ESN,MD,AEA,EN,Federal Contract Tower,0,8,20,0,28,0,0,26,0,26,0,8,46,0,54,44,0,44,98
05/02/2022,ESN,MD,AEA,EN,Federal Contract Tower,0,1,14,0,15,0,4,35,1,40,0,5,49,1,55,106,0,106,161
05/03/2022,ESN,MD,AEA,EN,Federal Contract Tower,0,6,20,1,27,0,0,38,2,40,0,6,58,3,67,34,10,44,111
05/04/2022,ESN,MD,AEA,EN,Federal Contract Tower,0,5,11,1,17,0,6,4,0,10,0,11,15,1,27,8,0,8,35
05/05/2022,ESN,MD,AEA,EN,Federal Contract Tower,0,9,19,6,34,0,8,27,4,39,0,17,46,10,73,64,6,70,143
05/06/2022,ESN,MD,AEA,EN,Federal Contract Tower,0,9,11,0,20,0,0,3,0,3,0,9,14,0,23,0,0,0,23
05/07/2022,ESN,MD,AEA,EN,Federal Contract Tower,0,9,2,0,11,0,0,0,0,0,0,9,2,0,11,0,0,0,11
05/08/2022,ESN,MD,AEA,EN,Federal Contract Tower,0,3,8,0,11,0,0,4,0,4,0,3,12,0,15,0,0,0,15
05/09/2022,ESN,MD,AEA,EN,Federal Contract Tower,0,11,8,0,19,0,4,37,0,41,0,15,45,0,60,64,0,64,124
05/10/2022,ESN,MD,AEA,EN,Federal Contract Tower,0,8,2,0,10,0,0,39,8,47,0,8,41,8,57,72,8,80,137
05/11/2022,ESN,MD,AEA,EN,Federal Contract Tower,0,6,25,0,31,0,1,50,4,55,0,7,75,4,86,68,12,80,166
05/12/2022,ESN,MD,AEA,EN,Federal Contract Tower,0,6,38,0,44,0,6,2,0,8,0,12,40,0,52,0,0,0,52
05/13/2022,ESN,MD,AEA,EN,Federal Contract Tower,0,3,9,2,14,0,0,3,0,3,0,3,12,2,17,0,0,0,17
05/14/2022,ESN,MD,AEA,EN,Federal Contract Tower,0,9,9,0,18,0,0,0,0,0,0,9,9,0,18,0,0,0,18
05/15/2022,ESN,MD,AEA,EN,Federal Contract Tower,0,14,29,0,43,0,0,41,0,41,0,14,70,0,84,78,0,78,162
05/16/2022,ESN,MD,AEA,EN,Federal Contract Tower,0,4,12,0,16,0,2,12,0,14,0,6,24,0,30,24,0,24,54
05/17/2022,ESN,MD,AEA,EN,Federal Contract Tower,0,4,10,1,15,0,4,73,3,80,0,8,83,4,95,154,0,154,249
05/18/2022,ESN,MD,AEA,EN,Federal Contract Tower,0,6,9,0,15,0,1,88,0,89,0,7,97,0,104,198,0,198,302
05/19/2022,ESN,MD,AEA,EN,Federal Contract Tower,0,7,20,0,27,0,0,62,15,77,0,7,82,15,104,220,50,270,374
05/20/2022,ESN,MD,AEA,EN,Federal Contract Tower,0,13,9,1,23,0,0,43,4,47,0,13,52,5,70,88,8,96,166
05/21/2022,ESN,MD,AEA,EN,Federal Contract Tower,0,12,14,0,26,0,13,74,0,87,0,25,88,0,113,106,0,106,219
05/22/2022,ESN,MD,AEA,EN,Federal Contract Tower,0,6,10,0,16,0,2,31,0,33,0,8,41,0,49,42,0,42,91
05/23/2022,ESN,MD,AEA,EN,Federal Contract Tower,0,5,16,0,21,0,1,61,1,63,0,6,77,1,84,172,18,190,274
05/24/2022,ESN,MD,AEA,EN,Federal Contract Tower,0,5,12,0,17,0,0,12,2,14,0,5,24,2,31,16,0,16,47
05/25/2022,ESN,MD,AEA,EN,Federal Contract Tower,0,3,19,0,22,0,5,37,4,46,0,8,56,4,68,68,0,68,136
05/26/2022,ESN,MD,AEA,EN,Federal Contract Tower,0,16,25,0,41,0,0,4,0,4,0,16,29,0,45,2,0,2,47
05/27/2022,ESN,MD,AEA,EN,Federal Contract Tower,0,5,4,0,9,0,2,0,0,2,0,7,4,0,11,0,0,0,11
05/28/2022,ESN,MD,AEA,EN,Federal Contract Tower,0,4,14,0,18,0,2,57,0,59,0,6,71,0,77,90,0,90,167
05/29/2022,ESN,MD,AEA,EN,Federal Contract Tower,0,5,11,0,16,0,8,84,6,98,0,13,95,6,114,110,0,110,224
05/30/2022,ESN,MD,AEA,EN,Federal Contract Tower,0,5,3,0,8,0,7,48,0,55,0,12,51,0,63,142,0,142,205
05/31/2022,ESN,MD,AEA,EN,Federal Contract Tower,0,9,16,0,25,0,7,69,1,77,0,16,85,1,102,182,0,182,284
06/01/2022,ESN,MD,AEA,EN,Federal Contract Tower,0,3,13,0,16,0,15,57,4,76,0,18,70,4,92,102,32,134,226
06/02/2022,ESN,MD,AEA,EN,Federal Contract Tower,0,9,14,2,25,0,2,9,3,14,0,11,23,5,39,8,0,8,47
06/03/2022,ESN,MD,AEA,EN,Federal Contract Tower,0,10,13,0,23,0,6,54,0,60,0,16,67,0,83,106,8,114,197
06/04/2022,ESN,MD,AEA,EN,Federal Contract Tower,0,5,11,0,16,0,5,72,0,77,0,10,83,0,93,126,0,126,219
06/05/2022,ESN,MD,AEA,EN,Federal Contract Tower,0,14,19,0,33,0,8,61,0,69,0,22,80,0,102,102,0,102,204
06/06/2022,ESN,MD,AEA,EN,Federal Contract Tower,0,8,18,0,26,0,1,76,76,153,0,9,94,76,179,64,72,136,315
06/07/2022,ESN,MD,AEA,EN,Federal Contract Tower,0,3,18,0,21,0,5,44,65,114,0,8,62,65,135,58,76,134,269
06/08/2022,ESN,MD,AEA,EN,Federal Contract Tower,0,10,28,0,38,0,12,53,91,156,0,22,81,91,194,70,196,266,460
06/09/2022,ESN,MD,AEA,EN,Federal Contract Tower,0,5,19,0,24,0,30,31,47,108,0,35,50,47,132,36,82,118,250
06/10/2022,ESN,MD,AEA,EN,Federal Contract Tower,0,8,21,0,29,0,4,58,51,113,0,12,79,51,142,62,106,168,310
06/11/2022,ESN,MD,AEA,EN,Federal Contract Tower,0,5,15,0,20,0,4,40,58,102,0,9,55,58,122,24,150,174,296
06/12/2022,ESN,MD,AEA,EN,Federal Contract Tower,0,4,8,0,12,0,6,10,0,16,0,10,18,0,28,30,0,30,58
06/13/2022,ESN,MD,AEA,EN,Federal Contract Tower,0,8,14,0,22,0,11,53,73,137,0,19,67,73,159,120,236,356,515
06/14/2022,ESN,MD,AEA,EN,Federal Contract Tower,0,2,12,0,14,0,0,4,21,25,0,2,16,21,39,14,108,122,161
06/15/2022,ESN,MD,AEA,EN,Federal Contract Tower,0,10,12,2,24,0,3,49,70,122,0,13,61,72,146,46,248,294,440
06/16/2022,ESN,MD,AEA,EN,Federal Contract Tower,0,7,7,0,14,0,2,9,50,61,0,9,16,50,75,28,192,220,295
06/17/2022,ESN,MD,AEA,EN,Federal Contract Tower,0,5,12,0,17,0,0,39,51,90,0,5,51,51,107,60,200,260,367
06/18/2022,ESN,MD,AEA,EN,Federal Contract Tower,0,6,13,0,19,0,4,26,0,30,0,10,39,0,49,28,0,28,77
06/19/2022,ESN,MD,AEA,EN,Federal Contract Tower,0,5,5,0,10,0,4,24,0,28,0,9,29,0,38,18,0,18,56
06/20/2022,ESN,MD,AEA,EN,Federal Contract Tower,0,5,6,0,11,0,5,75,80,160,0,10,81,80,171,102,216,318,489
06/21/2022,ESN,MD,AEA,EN,Federal Contract Tower,0,11,3,0,14,0,7,40,51,98,0,18,43,51,112,78,156,234,346
06/22/2022,ESN,MD,AEA,EN,Federal Contract Tower,0,5,11,0,16,0,4,38,20,62,0,9,49,20,78,72,74,146,224
06/23/2022,ESN,MD,AEA,EN,Federal Contract Tower,0,11,15,0,26,0,10,1,2,13,0,21,16,2,39,10,18,28,67
06/24/2022,ESN,MD,AEA,EN,Federal Contract Tower,0,12,20,0,32,0,15,84,0,99,0,27,104,0,131,156,0,156,287
06/25/2022,ESN,MD,AEA,EN,Federal Contract Tower,0,5,6,0,11,0,6,90,0,96,0,11,96,0,107,104,0,104,211
06/26/2022,ESN,MD,AEA,EN,Federal Contract Tower,0,12,16,0,28,0,3,48,0,51,0,15,64,0,79,112,0,112,191
06/27/2022,ESN,MD,AEA,EN,Federal Contract Tower,0,4,19,0,23,0,0,13,0,13,0,4,32,0,36,42,0,42,78
06/28/2022,ESN,MD,AEA,EN,Federal Contract Tower,0,10,18,0,28,0,7,66,17,90,0,17,84,17,118,122,86,208,326
06/29/2022,ESN,MD,AEA,EN,Federal Contract Tower,0,3,10,0,13,0,4,80,15,99,0,7,90,15,112,110,28,138,250
06/30/2022,ESN,MD,AEA,EN,Federal Contract Tower,0,7,12,0,19,0,4,59,0,63,0,11,71,0,82,140,0,140,222
07/01/2022,ESN,MD,AEA,EN,Federal Contract Tower,0,10,12,0,22,0,4,54,4,62,0,14,66,4,84,72,0,72,156
07/02/2022,ESN,MD,AEA,EN,Federal Contract Tower,0,0,7,0,7,0,2,31,27,60,0,2,38,27,67,42,60,102,169
07/03/2022,ESN,MD,AEA,EN,Federal Contract Tower,0,2,7,0,9,0,9,29,0,38,0,11,36,0,47,40,0,40,87
07/04/2022,ESN,MD,AEA,EN,Federal Contract Tower,0,5,7,0,12,0,3,52,0,55,0,8,59,0,67,48,0,48,115
07/05/2022,ESN,MD,AEA,EN,Federal Contract Tower,0,7,13,0,20,0,2,13,33,48,0,9,26,33,68,32,100,132,200
07/06/2022,ESN,MD,AEA,EN,Federal Contract Tower,0,6,18,0,24,0,0,71,49,120,0,6,89,49,144,86,134,220,364
07/07/2022,ESN,MD,AEA,EN,Federal Contract Tower,0,12,45,0,57,0,1,4,0,5,0,13,49,0,62,6,8,14,76
07/08/2022,ESN,MD,AEA,EN,Federal Contract Tower,0,6,28,0,34,0,0,44,55,99,0,6,72,55,133,64,114,178,311
07/09/2022,ESN,MD,AEA,EN,Federal Contract Tower,0,4,8,0,12,0,0,0,0,0,0,4,8,0,12,0,0,0,12
07/10/2022,ESN,MD,AEA,EN,Federal Contract Tower,0,6,19,0,25,0,5,68,0,73,0,11,87,0,98,150,0,150,248
07/11/2022,ESN,MD,AEA,EN,Federal Contract Tower,0,5,10,0,15,0,6,74,47,127,0,11,84,47,142,130,114,244,386
07/12/2022,ESN,MD,AEA,EN,Federal Contract Tower,0,6,21,1,28,0,9,24,43,76,0,15,45,44,104,50,192,242,346
07/13/2022,ESN,MD,AEA,EN,Federal Contract Tower,0,7,9,0,16,0,10,45,47,102,0,17,54,47,118,68,176,244,362
07/14/2022,ESN,MD,AEA,EN,Federal Contract Tower,0,2,20,0,22,0,9,60,41,110,0,11,80,41,132,54,186,240,372
07/15/2022,ESN,MD,AEA,EN,Federal Contract Tower,0,2,12,0,14,0,3,37,50,90,0,5,49,50,104,56,186,242,346
07/16/2022,ESN,MD,AEA,EN,Federal Contract Tower,0,0,20,0,20,0,2,35,37,74,0,2,55,37,94,58,72,130,224
07/17/2022,ESN,MD,AEA,EN,Federal Contract Tower,0,3,9,0,12,0,11,35,0,46,0,14,44,0,58,66,0,66,124
07/18/2022,ESN,MD,AEA,EN,Federal Contract Tower,0,6,9,0,15,0,10,29,32,71,0,16,38,32,86,20,66,86,172
07/19/2022,ESN,MD,AEA,EN,Federal Contract Tower,0,2,14,0,16,0,0,58,27,85,0,2,72,27,101,116,98,214,315
07/20/2022,ESN,MD,AEA,EN,Federal Contract Tower,0,9,2,0,11,0,4,66,0,70,0,13,68,0,81,60,32,92,173
07/21/2022,ESN,MD,AEA,EN,Federal Contract Tower,0,4,16,0,20,0,4,36,0,40,0,8,52,0,60,50,0,50,110
07/22/2022,ESN,MD,AEA,EN,Federal Contract Tower,0,9,16,0,25,0,4,50,0,54,0,13,66,0,79,104,0,104,183
07/23/2022,ESN,MD,AEA,EN,Federal Contract Tower,0,4,13,0,17,0,1,31,2,34,0,5,44,2,51,106,0,106,157
07/24/2022,ESN,MD,AEA,EN,Federal Contract Tower,0,3,14,0,17,0,2,37,0,39,0,5,51,0,56,72,0,72,128
07/25/2022,ESN,MD,AEA,EN,Federal Contract Tower,0,5,9,0,14,0,1,21,0,22,0,6,30,0,36,4,0,4,40
07/26/2022,ESN,MD,AEA,EN,Federal Contract Tower,0,9,14,0,23,0,18,2,0,20,0,27,16,0,43,30,4,34,77
07/27/2022,ESN,MD,AEA,EN,Federal Contract Tower,0,7,20,0,27,0,2,25,4,31,0,9,45,4,58,30,12,42,100
07/28/2022,ESN,MD,AEA,EN,Federal Contract Tower,0,10,17,0,27,0,8,38,5,51,0,18,55,5,78,32,22,54,132
07/29/2022,ESN,MD,AEA,EN,Federal Contract Tower,0,6,8,0,14,0,0,30,2,32,0,6,38,2,46,36,28,64,110
07/30/2022,ESN,MD,AEA,EN,Federal Contract Tower,0,11,10,0,21,0,9,54,43,106,0,20,64,43,127,80,44,124,251
07/31/2022,ESN,MD,AEA,EN,Federal Contract Tower,0,13,26,0,39,0,4,45,0,49,0,17,71,0,88,102,0,102,190
08/01/2022,ESN,MD,AEA,EN,Federal Contract Tower,0,7,13,0,20,0,5,25,24,54,0,12,38,24,74,32,52,84,158
08/02/2022,ESN,MD,AEA,EN,Federal Contract Tower,0,7,20,2,29,0,17,64,49,130,0,24,84,51,159,66,152,218,377
08/03/2022,ESN,MD,AEA,EN,Federal Contract Tower,0,4,10,0,14,0,5,44,31,80,0,9,54,31,94,48,56,104,198
08/04/2022,ESN,MD,AEA,EN,Federal Contract Tower,0,9,20,1,30,0,3,33,30,66,0,12,53,31,96,58,108,166,262
08/05/2022,ESN,MD,AEA,EN,Federal Contract Tower,0,7,31,0,38,0,0,12,34,46,0,7,43,34,84,24,134,158,242
08/06/2022,ESN,MD,AEA,EN,Federal Contract Tower,0,4,16,0,20,0,3,55,50,108,0,7,71,50,128,72,162,234,362
08/07/2022,ESN,MD,AEA,EN,Federal Contract Tower,0,7,18,0,25,0,4,67,0,71,0,11,85,0,96,128,0,128,224
08/08/2022,ESN,MD,AEA,EN,Federal Contract Tower,0,6,13,0,19,0,4,53,63,120,0,10,66,63,139,78,300,378,517
08/09/2022,ESN,MD,AEA,EN,Federal Contract Tower,0,4,15,0,19,0,8,39,48,95,0,12,54,48,114,120,206,326,440
08/10/2022,ESN,MD,AEA,EN,Federal Contract Tower,0,3,10,0,13,0,2,40,73,115,0,5,50,73,128,60,164,224,352
08/11/2022,ESN,MD,AEA,EN,Federal Contract Tower,0,9,23,0,32,0,6,77,30,113,0,15,100,30,145,44,90,134,279
08/12/2022,ESN,MD,AEA,EN,Federal Contract Tower,0,4,25,0,29,0,11,47,9,67,0,15,72,9,96,82,14,96,192
08/13/2022,ESN,MD,AEA,EN,Federal Contract Tower,0,6,13,0,19,0,3,80,0,83,0,9,93,0,102,90,0,90,192
08/14/2022,ESN,MD,AEA,EN,Federal Contract Tower,0,6,17,0,23,0,9,65,0,74,0,15,82,0,97,122,0,122,219
08/15/2022,ESN,MD,AEA,EN,Federal Contract Tower,0,14,12,0,26,0,3,48,0,51,0,17,60,0,77,80,0,80,157
08/16/2022,ESN,MD,AEA,EN,Federal Contract Tower,0,6,10,0,16,0,4,29,0,33,0,10,39,0,49,72,22,94,143
08/17/2022,ESN,MD,AEA,EN,Federal Contract Tower,0,4,17,0,21,0,3,42,8,53,0,7,59,8,74,50,2,52,126
08/18/2022,ESN,MD,AEA,EN,Federal Contract Tower,0,7,18,1,26,0,2,73,0,75,0,9,91,1,101,116,6,122,223
08/19/2022,ESN,MD,AEA,EN,Federal Contract Tower,0,10,21,4,35,0,27,64,2,93,0,37,85,6,128,88,2,90,218
08/20/2022,ESN,MD,AEA,EN,Federal Contract Tower,0,4,15,0,19,0,3,97,0,100,0,7,112,0,119,108,0,108,227
08/21/2022,ESN,MD,AEA,EN,Federal Contract Tower,0,10,31,0,41,0,2,19,0,21,0,12,50,0,62,30,0,30,92
08/22/2022,ESN,MD,AEA,EN,Federal Contract Tower,0,7,11,2,20,0,2,8,2,12,0,9,19,4,32,12,0,12,44
08/23/2022,ESN,MD,AEA,EN,Federal Contract Tower,0,0,18,0,18,0,5,36,0,41,0,5,54,0,59,106,18,124,183
08/24/2022,ESN,MD,AEA,EN,Federal Contract Tower,0,7,15,2,24,0,4,53,2,59,0,11,68,4,83,48,18,66,149
08/25/2022,ESN,MD,AEA,EN,Federal Contract Tower,0,8,5,0,13,0,6,40,9,55,0,14,45,9,68,72,32,104,172
08/26/2022,ESN,MD,AEA,EN,Federal Contract Tower,0,4,14,0,18,0,2,23,0,25,0,6,37,0,43,86,0,86,129
08/27/2022,ESN,MD,AEA,EN,Federal Contract Tower,0,4,12,0,16,0,20,50,0,70,0,24,62,0,86,62,0,62,148
08/28/2022,ESN,MD,AEA,EN,Federal Contract Tower,0,3,26,0,29,0,14,14,0,28,0,17,40,0,57,16,0,16,73
08/29/2022,ESN,MD,AEA,EN,Federal Contract Tower,0,8,7,5,20,0,1,20,0,21,0,9,27,5,41,78,0,78,119
08/30/2022,ESN,MD,AEA,EN,Federal Contract Tower,0,9,4,0,13,0,6,27,0,33,0,15,31,0,46,56,0,56,102
08/31/2022,ESN,MD,AEA,EN,Federal Contract Tower,0,9,9,0,18,0,3,48,0,51,0,12,57,0,69,70,2,72,141
09/01/2022,ESN,MD,AEA,EN,Federal Contract Tower,0,15,20,0,35,0,15,70,0,85,0,30,90,0,120,54,0,54,174
09/02/2022,ESN,MD,AEA,EN,Federal Contract Tower,0,11,15,0,26,0,1,74,0,75,0,12,89,0,101,136,0,136,237
09/03/2022,ESN,MD,AEA,EN,Federal Contract Tower,0,7,18,0,25,0,12,141,0,153,0,19,159,0,178,96,0,96,274
09/04/2022,ESN,MD,AEA,EN,Federal Contract Tower,0,3,18,0,21,0,0,53,0,53,0,3,71,0,74,88,0,88,162
09/05/2022,ESN,MD,AEA,EN,Federal Contract Tower,0,8,14,0,22,0,6,64,0,70,0,14,78,0,92,48,0,48,140
09/06/2022,ESN,MD,AEA,EN,Federal Contract Tower,0,6,12,0,18,0,0,0,0,0,0,6,12,0,18,0,18,18,36
09/07/2022,ESN,MD,AEA,EN,Federal Contract Tower,0,3,16,8,27,0,0,3,3,6,0,3,19,11,33,0,10,10,43
09/08/2022,ESN,MD,AEA,EN,Federal Contract Tower,0,4,14,0,18,0,5,45,0,50,0,9,59,0,68,70,0,70,138
09/09/2022,ESN,MD,AEA,EN,Federal Contract Tower,0,8,9,0,17,0,1,57,0,58,0,9,66,0,75,174,4,178,253
09/10/2022,ESN,MD,AEA,EN,Federal Contract Tower,0,1,18,0,19,0,4,89,0,93,0,5,107,0,112,140,0,140,252
09/11/2022,ESN,MD,AEA,EN,Federal Contract Tower,0,8,26,2,36,0,0,0,2,2,0,8,26,4,38,0,0,0,38
09/12/2022,ESN,MD,AEA,EN,Federal Contract Tower,0,11,7,0,18,0,14,5,0,19,0,25,12,0,37,12,0,12,49
09/13/2022,ESN,MD,AEA,EN,Federal Contract Tower,0,2,15,0,17,0,0,54,0,54,0,2,69,0,71,96,0,96,167
09/14/2022,ESN,MD,AEA,EN,Federal Contract Tower,0,6,21,0,27,0,8,76,14,98,0,14,97,14,125,116,12,128,253
09/15/2022,ESN,MD,AEA,EN,Federal Contract Tower,0,12,18,0,30,0,11,64,0,75,0,23,82,0,105,74,0,74,179
09/16/2022,ESN,MD,AEA,EN,Federal Contract Tower,0,10,12,0,22,0,3,67,2,72,0,13,79,2,94,172,0,172,266
09/17/2022,ESN,MD,AEA,EN,Federal Contract Tower,0,6,11,0,17,0,7,73,0,80,0,13,84,0,97,70,0,70,167
09/18/2022,ESN,MD,AEA,EN,Federal Contract Tower,0,15,14,0,29,0,3,67,0,70,0,18,81,0,99,120,2,122,221
09/19/2022,ESN,MD,AEA,EN,Federal Contract Tower,0,5,14,0,19,0,6,69,0,75,0,11,83,0,94,62,0,62,156
09/20/2022,ESN,MD,AEA,EN,Federal Contract Tower,0,11,10,0,21,0,0,40,0,40,0,11,50,0,61,82,14,96,157
09/21/2022,ESN,MD,AEA,EN,Federal Contract Tower,0,3,12,2,17,0,3,42,0,45,0,6,54,2,62,68,0,68,130
09/22/2022,ESN,MD,AEA,EN,Federal Contract Tower,0,5,19,8,32,0,8,9,2,19,0,13,28,10,51,10,18,28,79
09/23/2022,ESN,MD,AEA,EN,Federal Contract Tower,0,9,17,0,26,0,1,35,0,36,0,10,52,0,62,90,2,92,154
09/24/2022,ESN,MD,AEA,EN,Federal Contract Tower,0,4,10,0,14,0,9,71,0,80,0,13,81,0,94,126,0,126,220
09/25/2022,ESN,MD,AEA,EN,Federal Contract Tower,0,9,19,0,28,0,0,57,0,57,0,9,76,0,85,28,0,28,113
09/26/2022,ESN,MD,AEA,EN,Federal Contract Tower,0,8,12,0,20,0,1,43,2,46,0,9,55,2,66,70,2,72,138
09/27/2022,ESN,MD,AEA,EN,Federal Contract Tower,0,9,9,0,18,0,6,61,2,69,0,15,70,2,87,62,0,62,149
09/28/2022,ESN,MD,AEA,EN,Federal Contract Tower,0,3,7,0,10,0,8,68,0,76,0,11,75,0,86,94,0,94,180
09/29/2022,ESN,MD,AEA,EN,Federal Contract Tower,0,9,17,0,26,0,8,37,2,47,0,17,54,2,73,62,2,64,137
09/30/2022,ESN,MD,AEA,EN,Federal Contract Tower,0,6,5,0,11,0,0,8,0,8,0,6,13,0,19,36,0,36,55
10/01/2022,ESN,MD,AEA,EN,Federal Contract Tower,0,7,11,0,18,0,0,0,0,0,0,7,11,0,18,0,0,0,18
10/02/2022,ESN,MD,AEA,EN,Federal Contract Tower,0,3,6,0,9,0,0,0,0,0,0,3,6,0,9,0,0,0,9
10/03/2022,ESN,MD,AEA,EN,Federal Contract Tower,0,5,8,4,17,0,0,1,0,1,0,5,9,4,18,0,0,0,18
10/04/2022,ESN,MD,AEA,EN,Federal Contract Tower,0,10,16,2,28,0,0,0,0,0,0,10,16,2,28,0,0,0,28
10/05/2022,ESN,MD,AEA,EN,Federal Contract Tower,0,23,16,2,41,0,0,1,0,1,0,23,17,2,42,0,0,0,42
10/06/2022,ESN,MD,AEA,EN,Federal Contract Tower,0,9,17,0,26,0,17,61,2,80,0,26,78,2,106,122,6,128,234
10/07/2022,ESN,MD,AEA,EN,Federal Contract Tower,0,5,17,0,22,0,5,211,14,230,0,10,228,14,252,188,12,200,452
10/08/2022,ESN,MD,AEA,EN,Federal Contract Tower,0,6,13,0,19,0,11,271,3,285,0,17,284,3,304,230,0,230,534
10/09/2022,ESN,MD,AEA,EN,Federal Contract Tower,0,12,28,0,40,0,14,105,0,119,0,26,133,0,159,156,0,156,315
10/10/2022,ESN,MD,AEA,EN,Federal Contract Tower,0,11,15,0,26,0,5,78,0,83,0,16,93,0,109,86,8,94,203
10/11/2022,ESN,MD,AEA,EN,Federal Contract Tower,0,6,11,1,18,0,3,31,2,36,0,9,42,3,54,50,40,90,144
10/12/2022,ESN,MD,AEA,EN,Federal Contract Tower,0,3,18,0,21,0,15,53,0,68,0,18,71,0,89,102,2,104,193
10/13/2022,ESN,MD,AEA,EN,Federal Contract Tower,0,8,8,6,22,0,4,1,18,23,0,12,9,24,45,0,18,18,63
10/14/2022,ESN,MD,AEA,EN,Federal Contract Tower,0,8,19,0,27,0,1,79,2,82,0,9,98,2,109,86,0,86,195
10/15/2022,ESN,MD,AEA,EN,Federal Contract Tower,0,8,12,0,20,0,6,72,0,78,0,14,84,0,98,102,0,102,200
10/16/2022,ESN,MD,AEA,EN,Federal Contract Tower,0,10,18,0,28,0,3,57,0,60,0,13,75,0,88,106,0,106,194
10/17/2022,ESN,MD,AEA,EN,Federal Contract Tower,0,3,16,0,19,0,25,7,0,32,0,28,23,0,51,18,0,18,69
10/18/2022,ESN,MD,AEA,EN,Federal Contract Tower,0,4,15,2,21,0,5,47,0,52,0,9,62,2,73,102,14,116,189
10/19/2022,ESN,MD,AEA,EN,Federal Contract Tower,0,4,18,0,22,0,11,32,17,60,0,15,50,17,82,52,18,70,152
10/20/2022,ESN,MD,AEA,EN,Federal Contract Tower,0,9,14,0,23,0,9,52,0,61,0,18,66,0,84,88,24,112,196
10/21/2022,ESN,MD,AEA,EN,Federal Contract Tower,0,15,21,0,36,0,1,53,0,54,0,16,74,0,90,86,0,86,176
10/22/2022,ESN,MD,AEA,EN,Federal Contract Tower,0,7,18,0,25,0,0,89,2,91,0,7,107,2,116,68,0,68,184
10/23/2022,ESN,MD,AEA,EN,Federal Contract Tower,0,17,22,0,39,0,2,3,0,5,0,19,25,0,44,6,0,6,50
10/24/2022,ESN,MD,AEA,EN,Federal Contract Tower,0,12,15,0,27,0,0,0,0,0,0,12,15,0,27,0,0,0,27
10/25/2022,ESN,MD,AEA,EN,Federal Contract Tower,0,4,10,0,14,0,0,0,0,0,0,4,10,0,14,0,0,0,14
10/26/2022,ESN,MD,AEA,EN,Federal Contract Tower,0,4,25,0,29,0,0,9,0,9,0,4,34,0,38,12,0,12,50
10/27/2022,ESN,MD,AEA,EN,Federal Contract Tower,0,8,29,0,37,0,8,67,3,78,0,16,96,3,115,112,40,152,267
10/28/2022,ESN,MD,AEA,EN,Federal Contract Tower,0,4,20,0,24,0,2,42,0,44,0,6,62,0,68,54,6,60,128
10/29/2022,ESN,MD,AEA,EN,Federal Contract Tower,0,8,13,0,21,0,5,79,0,84,0,13,92,0,105,118,0,118,223
10/30/2022,ESN,MD,AEA,EN,Federal Contract Tower,0,10,17,0,27,0,2,34,0,36,0,12,51,0,63,90,0,90,153
10/31/2022,ESN,MD,AEA,EN,Federal Contract Tower,0,4,18,0,22,0,0,14,0,14,0,4,32,0,36,42,12,54,90
11/01/2022,ESN,MD,AEA,EN,Federal Contract Tower,0,2,10,0,12,0,4,34,0,38,0,6,44,0,50,62,10,72,122
11/02/2022,ESN,MD,AEA,EN,Federal Contract Tower,0,5,16,0,21,0,4,66,2,72,0,9,82,2,93,158,2,160,253
11/03/2022,ESN,MD,AEA,EN,Federal Contract Tower,0,8,18,0,26,0,2,59,0,61,0,10,77,0,87,96,0,96,183
11/04/2022,ESN,MD,AEA,EN,Federal Contract Tower,0,9,8,0,17,0,8,26,0,34,0,17,34,0,51,52,4,56,107
11/05/2022,ESN,MD,AEA,EN,Federal Contract Tower,0,7,21,0,28,0,2,63,0,65,0,9,84,0,93,192,0,192,285
11/06/2022,ESN,MD,AEA,EN,Federal Contract Tower,0,15,13,0,28,0,0,55,0,55,0,15,68,0,83,172,0,172,255
11/07/2022,ESN,MD,AEA,EN,Federal Contract Tower,0,1,11,0,12,0,1,53,0,54,0,2,64,0,66,120,0,120,186
11/08/2022,ESN,MD,AEA,EN,Federal Contract Tower,0,13,13,2,28,0,2,26,4,32,0,15,39,6,60,42,30,72,132
11/09/2022,ESN,MD,AEA,EN,Federal Contract Tower,0,3,12,0,15,0,4,39,3,46,0,7,51,3,61,76,0,76,137
11/10/2022,ESN,MD,AEA,EN,Federal Contract Tower,0,6,5,0,11,0,3,50,0,53,0,9,55,0,64,130,0,130,194
11/11/2022,ESN,MD,AEA,EN,Federal Contract Tower,0,5,2,0,7,0,0,0,0,0,0,5,2,0,7,0,0,0,7
11/12/2022,ESN,MD,AEA,EN,Federal Contract Tower,0,9,3,0,12,0,0,32,0,32,0,9,35,0,44,52,0,52,96
11/13/2022,ESN,MD,AEA,EN,Federal Contract Tower,0,15,11,0,26,0,6,16,0,22,0,21,27,0,48,2,0,2,50
11/14/2022,ESN,MD,AEA,EN,Federal Contract Tower,0,7,10,0,17,0,6,50,0,56,0,13,60,0,73,158,0,158,231
11/15/2022,ESN,MD,AEA,EN,Federal Contract Tower,0,1,7,0,8,0,2,17,0,19,0,3,24,0,27,124,0,124,151
11/16/2022,ESN,MD,AEA,EN,Federal Contract Tower,0,5,9,0,14,0,1,13,0,14,0,6,22,0,28,50,0,50,78
11/17/2022,ESN,MD,AEA,EN,Federal Contract Tower,0,5,22,0,27,0,2,23,1,26,0,7,45,1,53,24,0,24,77
11/18/2022,ESN,MD,AEA,EN,Federal Contract Tower,0,9,21,0,30,0,2,30,0,32,0,11,51,0,62,82,6,88,150
11/19/2022,ESN,MD,AEA,EN,Federal Contract Tower,0,10,14,0,24,0,13,64,0,77,0,23,78,0,101,140,0,140,241
11/20/2022,ESN,MD,AEA,EN,Federal Contract Tower,0,8,12,0,20,0,0,7,0,7,0,8,19,0,27,4,0,4,31
11/21/2022,ESN,MD,AEA,EN,Federal Contract Tower,0,5,12,0,17,0,3,38,0,41,0,8,50,0,58,104,52,156,214
11/22/2022,ESN,MD,AEA,EN,Federal Contract Tower,0,5,16,0,21,0,8,63,2,73,0,13,79,2,94,136,12,148,242
11/23/2022,ESN,MD,AEA,EN,Federal Contract Tower,0,12,17,0,29,0,1,50,0,51,0,13,67,0,80,54,0,54,134
11/24/2022,ESN,MD,AEA,EN,Federal Contract Tower,0,5,4,0,9,0,0,25,0,25,0,5,29,0,34,38,0,38,72
11/25/2022,ESN,MD,AEA,EN,Federal Contract Tower,0,4,5,0,9,0,1,11,0,12,0,5,16,0,21,26,0,26,47
11/26/2022,ESN,MD,AEA,EN,Federal Contract Tower,0,13,22,0,35,0,4,62,0,66,0,17,84,0,101,112,0,112,213
11/27/2022,ESN,MD,AEA,EN,Federal Contract Tower,0,9,8,0,17,0,2,4,0,6,0,11,12,0,23,0,0,0,23
11/28/2022,ESN,MD,AEA,EN,Federal Contract Tower,0,10,7,0,17,0,5,29,0,34,0,15,36,0,51,66,16,82,133
11/29/2022,ESN,MD,AEA,EN,Federal Contract Tower,0,4,14,0,18,0,3,46,0,49,0,7,60,0,67,86,0,86,153
11/30/2022,ESN,MD,AEA,EN,Federal Contract Tower,0,2,8,0,10,0,8,0,0,8,0,10,8,0,18,0,0,0,18
12/01/2022,ESN,MD,AEA,EN,Federal Contract Tower,0,3,10,0,13,0,4,32,6,42,0,7,42,6,55,22,26,48,103
12/02/2022,ESN,MD,AEA,EN,Federal Contract Tower,0,4,20,1,25,0,4,53,1,58,0,8,73,2,83,78,26,104,187
12/03/2022,ESN,MD,AEA,EN,Federal Contract Tower,0,2,3,0,5,0,0,1,0,1,0,2,4,0,6,0,0,0,6
12/04/2022,ESN,MD,AEA,EN,Federal Contract Tower,0,3,8,0,11,0,6,90,0,96,0,9,98,0,107,138,0,138,245
12/05/2022,ESN,MD,AEA,EN,Federal Contract Tower,0,2,12,0,14,0,1,48,0,49,0,3,60,0,63,78,0,78,141
12/06/2022,ESN,MD,AEA,EN,Federal Contract Tower,0,5,7,0,12,0,0,0,0,0,0,5,7,0,12,0,0,0,12
12/07/2022,ESN,MD,AEA,EN,Federal Contract Tower,0,6,4,0,10,0,0,0,0,0,0,6,4,0,10,0,0,0,10
12/08/2022,ESN,MD,AEA,EN,Federal Contract Tower,0,7,16,0,23,0,3,34,0,37,0,10,50,0,60,100,4,104,164
12/09/2022,ESN,MD,AEA,EN,Federal Contract Tower,0,1,13,0,14,0,1,44,0,45,0,2,57,0,59,78,0,78,137
12/10/2022,ESN,MD,AEA,EN,Federal Contract Tower,0,4,1,0,5,0,6,45,0,51,0,10,46,0,56,74,0,74,130
12/11/2022,ESN,MD,AEA,EN,Federal Contract Tower,0,6,6,0,12,0,0,0,0,0,0,6,6,0,12,0,0,0,12
12/12/2022,ESN,MD,AEA,EN,Federal Contract Tower,0,8,26,0,34,0,5,17,0,22,0,13,43,0,56,18,0,18,74
12/13/2022,ESN,MD,AEA,EN,Federal Contract Tower,0,4,16,2,22,0,3,27,0,30,0,7,43,2,52,104,0,104,156
12/14/2022,ESN,MD,AEA,EN,Federal Contract Tower,0,3,12,1,16,0,5,58,2,65,0,8,70,3,81,64,6,70,151
12/15/2022,ESN,MD,AEA,EN,Federal Contract Tower,0,1,2,0,3,0,0,0,0,0,0,1,2,0,3,0,0,0,3
12/16/2022,ESN,MD,AEA,EN,Federal Contract Tower,0,11,26,0,37,0,5,29,0,34,0,16,55,0,71,82,0,82,153
12/17/2022,ESN,MD,AEA,EN,Federal Contract Tower,0,1,14,0,15,0,1,49,0,50,0,2,63,0,65,40,0,40,105
12/18/2022,ESN,MD,AEA,EN,Federal Contract Tower,0,4,16,0,20,0,0,38,0,38,0,4,54,0,58,46,0,46,104
12/19/2022,ESN,MD,AEA,EN,Federal Contract Tower,0,2,6,0,8,0,4,23,0,27,0,6,29,0,35,60,20,80,115
12/20/2022,ESN,MD,AEA,EN,Federal Contract Tower,0,6,13,0,19,0,3,40,0,43,0,9,53,0,62,166,2,168,230
12/21/2022,ESN,MD,AEA,EN,Federal Contract Tower,0,10,18,0,28,0,0,50,0,50,0,10,68,0,78,128,0,128,206
12/22/2022,ESN,MD,AEA,EN,Federal Contract Tower,0,3,11,0,14,0,0,0,0,0,0,3,11,0,14,0,0,0,14
12/23/2022,ESN,MD,AEA,EN,Federal Contract Tower,0,3,8,0,11,0,0,0,0,0,0,3,8,0,11,0,0,0,11
12/24/2022,ESN,MD,AEA,EN,Federal Contract Tower,0,1,3,0,4,0,0,0,0,0,0,1,3,0,4,0,0,0,4
12/25/2022,ESN,MD,AEA,EN,Federal Contract Tower,0,2,1,0,3,0,1,4,0,5,0,3,5,0,8,12,0,12,20
12/26/2022,ESN,MD,AEA,EN,Federal Contract Tower,0,10,25,0,35,0,5,38,0,43,0,15,63,0,78,84,0,84,162
12/27/2022,ESN,MD,AEA,EN,Federal Contract Tower,0,8,22,0,30,0,2,40,0,42,0,10,62,0,72,120,0,120,192
12/28/2022,ESN,MD,AEA,EN,Federal Contract Tower,0,7,16,0,23,0,3,51,10,64,0,10,67,10,87,74,0,74,161
12/29/2022,ESN,MD,AEA,EN,Federal Contract Tower,0,4,18,0,22,0,4,83,0,87,0,8,101,0,109,174,0,174,283
12/30/2022,ESN,MD,AEA,EN,Federal Contract Tower,0,10,5,0,15,0,6,54,0,60,0,16,59,0,75,94,0,94,169
12/31/2022,ESN,MD,AEA,EN,Federal Contract Tower,0,5,4,0,9,0,0,0,0,0,0,5,4,0,9,0,0,0,9
01/01/2023,ESN,MD,AEA,EN,Federal Contract Tower,0,2,7,0,9,0,3,30,0,33,0,5,37,0,42,66,0,66,108
01/02/2023,ESN,MD,AEA,EN,Federal Contract Tower,0,3,15,0,18,0,8,90,0,98,0,11,105,0,116,140,0,140,256
01/03/2023,ESN,MD,AEA,EN,Federal Contract Tower,0,3,16,0,19,0,0,19,0,19,0,3,35,0,38,38,0,38,76
01/04/2023,ESN,MD,AEA,EN,Federal Contract Tower,0,8,5,0,13,0,3,3,0,6,0,11,8,0,19,0,0,0,19
01/05/2023,ESN,MD,AEA,EN,Federal Contract Tower,0,4,16,0,20,0,5,54,1,60,0,9,70,1,80,148,34,182,262
01/06/2023,ESN,MD,AEA,EN,Federal Contract Tower,0,8,17,1,26,0,3,52,10,65,0,11,69,11,91,98,80,178,269
01/07/2023,ESN,MD,AEA,EN,Federal Contract Tower,0,1,13,0,14,0,4,47,0,51,0,5,60,0,65,136,2,138,203
01/08/2023,ESN,MD,AEA,EN,Federal Contract Tower,0,2,8,0,10,0,1,56,0,57,0,3,64,0,67,116,0,116,183
01/10/2023,ESN,MD,AEA,EN,Federal Contract Tower,0,4,14,1,19,0,2,51,2,55,0,6,65,3,74,140,32,172,246
01/11/2023,ESN,MD,AEA,EN,Federal Contract Tower,0,1,13,0,14,0,8,35,0,43,0,9,48,0,57,84,14,98,155
01/12/2023,ESN,MD,AEA,EN,Federal Contract Tower,0,2,9,0,11,0,1,11,0,12,0,3,20,0,23,18,2,20,43
01/13/2023,ESN,MD,AEA,EN,Federal Contract Tower,0,8,15,0,23,0,1,15,0,16,0,9,30,0,39,30,8,38,77
01/14/2023,ESN,MD,AEA,EN,Federal Contract Tower,0,1,6,0,7,0,0,3,0,3,0,1,9,0,10,6,0,6,16
01/15/2023,ESN,MD,AEA,EN,Federal Contract Tower,0,2,8,0,10,0,2,32,0,34,0,4,40,0,44,32,0,32,76
01/16/2023,ESN,MD,AEA,EN,Federal Contract Tower,0,1,20,0,21,0,0,89,0,89,0,1,109,0,110,192,0,192,302
01/17/2023,ESN,MD,AEA,EN,Federal Contract Tower,0,3,14,0,17,0,0,4,0,4,0,3,18,0,21,8,2,10,31
01/18/2023,ESN,MD,AEA,EN,Federal Contract Tower,0,3,6,2,11,0,11,33,6,50,0,14,39,8,61,68,0,68,129
01/19/2023,ESN,MD,AEA,EN,Federal Contract Tower,0,6,20,0,26,0,0,0,0,0,0,6,20,0,26,0,15,15,41
01/20/2023,ESN,MD,AEA,EN,Federal Contract Tower,0,9,9,1,19,0,2,28,1,31,0,11,37,2,50,36,0,36,86
01/21/2023,ESN,MD,AEA,EN,Federal Contract Tower,0,2,13,0,15,0,3,106,0,109,0,5,119,0,124,154,0,154,278
01/22/2023,ESN,MD,AEA,EN,Federal Contract Tower,0,2,16,0,18,0,3,14,0,17,0,5,30,0,35,33,2,35,70
01/23/2023,ESN,MD,AEA,EN,Federal Contract Tower,0,4,1,0,5,0,1,2,0,3,0,5,3,0,8,18,0,18,26
01/24/2023,ESN,MD,AEA,EN,Federal Contract Tower,0,6,17,1,24,0,2,50,0,52,0,8,67,1,76,88,14,102,178
01/25/2023,ESN,MD,AEA,EN,Federal Contract Tower,0,3,4,0,7,0,0,1,0,1,0,3,5,0,8,0,0,0,8
01/26/2023,ESN,MD,AEA,EN,Federal Contract Tower,0,6,14,0,20,0,6,2,0,8,0,12,16,0,28,4,4,8,36
01/27/2023,ESN,MD,AEA,EN,Federal Contract Tower,0,2,13,0,15,0,0,44,3,47,0,2,57,3,62,132,14,146,208
01/28/2023,ESN,MD,AEA,EN,Federal Contract Tower,0,4,10,0,14,0,6,114,0,120,0,10,124,0,134,204,0,204,338
01/29/2023,ESN,MD,AEA,EN,Federal Contract Tower,0,3,18,0,21,0,2,21,0,23,0,5,39,0,44,68,0,68,112
01/30/2023,ESN,MD,AEA,EN,Federal Contract Tower,0,8,11,0,19,0,2,30,0,32,0,10,41,0,51,166,0,166,217
01/31/2023,ESN,MD,AEA,EN,Federal Contract Tower,0,5,2,0,7,0,1,0,0,1,0,6,2,0,8,0,0,0,8
02/01/2023,ESN,MD,AEA,EN,Federal Contract Tower,0,4,20,0,24,0,0,53,4,57,0,4,73,4,81,56,32,88,169
02/02/2023,ESN,MD,AEA,EN,Federal Contract Tower,0,3,5,1,9,0,1,36,0,37,0,4,41,1,46,84,44,128,174
02/03/2023,ESN,MD,AEA,EN,Federal Contract Tower,0,4,7,0,11,0,0,6,0,6,0,4,13,0,17,0,0,0,17
02/04/2023,ESN,MD,AEA,EN,Federal Contract Tower,0,3,10,0,13,0,0,52,0,52,0,3,62,0,65,94,0,94,159
02/05/2023,ESN,MD,AEA,EN,Federal Contract Tower,0,2,13,0,15,0,1,30,4,35,0,3,43,4,50,180,0,180,230
02/06/2023,ESN,MD,AEA,EN,Federal Contract Tower,0,5,5,1,11,0,10,24,0,34,0,15,29,1,45,24,0,24,69
02/07/2023,ESN,MD,AEA,EN,Federal Contract Tower,0,1,14,1,16,0,16,45,4,65,0,17,59,5,81,116,14,130,211
02/08/2023,ESN,MD,AEA,EN,Federal Contract Tower,0,6,20,2,28,0,0,75,0,75,0,6,95,2,103,164,4,168,271
02/09/2023,ESN,MD,AEA,EN,Federal Contract Tower,0,3,6,0,9,0,0,12,0,12,0,3,18,0,21,74,0,74,95
02/10/2023,ESN,MD,AEA,EN,Federal Contract Tower,0,3,24,0,27,0,4,29,0,33,0,7,53,0,60,68,0,68,128
02/11/2023,ESN,MD,AEA,EN,Federal Contract Tower,0,1,21,2,24,0,2,71,0,73,0,3,92,2,97,94,2,96,193
02/12/2023,ESN,MD,AEA,EN,Federal Contract Tower,0,2,7,0,9,0,0,0,0,0,0,2,7,0,9,0,0,0,9
02/13/2023,ESN,MD,AEA,EN,Federal Contract Tower,0,7,13,4,24,0,14,38,2,54,0,21,51,6,78,54,8,62,140
02/14/2023,ESN,MD,AEA,EN,Federal Contract Tower,0,5,19,2,26,0,8,79,0,87,0,13,98,2,113,114,6,120,233
02/15/2023,ESN,MD,AEA,EN,Federal Contract Tower,0,4,16,0,20,0,7,23,0,30,0,11,39,0,50,28,6,34,84
02/16/2023,ESN,MD,AEA,EN,Federal Contract Tower,0,8,17,2,27,0,3,13,3,19,0,11,30,5,46,42,0,42,88
02/17/2023,ESN,MD,AEA,EN,Federal Contract Tower,0,1,11,0,12,0,0,0,0,0,0,1,11,0,12,0,0,0,12
02/18/2023,ESN,MD,AEA,EN,Federal Contract Tower,0,3,21,0,24,0,0,70,0,70,0,3,91,0,94,128,0,128,222
02/19/2023,ESN,MD,AEA,EN,Federal Contract Tower,0,3,6,0,9,0,0,37,0,37,0,3,43,0,46,56,0,56,102
02/20/2023,ESN,MD,AEA,EN,Federal Contract Tower,0,5,19,0,24,0,2,47,0,49,0,7,66,0,73,88,0,88,161
02/21/2023,ESN,MD,AEA,EN,Federal Contract Tower,0,3,8,2,13,0,3,23,1,27,0,6,31,3,40,86,26,112,152
02/22/2023,ESN,MD,AEA,EN,Federal Contract Tower,0,3,9,0,12,0,0,22,0,22,0,3,31,0,34,72,2,74,108
02/23/2023,ESN,MD,AEA,EN,Federal Contract Tower,0,1,7,0,8,0,2,65,2,69,0,3,72,2,77,98,0,98,175
02/24/2023,ESN,MD,AEA,EN,Federal Contract Tower,0,4,10,8,22,0,2,26,0,28,0,6,36,8,50,40,0,40,90
02/25/2023,ESN,MD,AEA,EN,Federal Contract Tower,0,0,4,0,4,0,1,21,0,22,0,1,25,0,26,32,6,38,64
02/26/2023,ESN,MD,AEA,EN,Federal Contract Tower,0,3,25,0,28,0,3,31,0,34,0,6,56,0,62,44,0,44,106
02/27/2023,ESN,MD,AEA,EN,Federal Contract Tower,0,2,15,0,17,0,2,51,0,53,0,4,66,0,70,128,0,128,198
02/28/2023,ESN,MD,AEA,EN,Federal Contract Tower,0,2,15,4,21,0,0,31,2,33,0,2,46,6,54,54,12,66,120
03/01/2023,ESN,MD,AEA,EN,Federal Contract Tower,0,2,19,0,21,0,4,50,8,62,0,6,69,8,83,196,16,212,295
03/02/2023,ESN,MD,AEA,EN,Federal Contract Tower,0,4,12,5,21,0,1,14,0,15,0,5,26,5,36,48,2,50,86
03/03/2023,ESN,MD,AEA,EN,Federal Contract Tower,0,5,2,0,7,0,0,11,0,11,0,5,13,0,18,36,8,44,62
03/04/2023,ESN,MD,AEA,EN,Federal Contract Tower,0,1,3,0,4,0,4,11,0,15,0,5,14,0,19,18,2,20,39
03/05/2023,ESN,MD,AEA,EN,Federal Contract Tower,0,5,9,0,14,0,3,83,1,87,0,8,92,1,101,208,6,214,315
03/06/2023,ESN,MD,AEA,EN,Federal Contract Tower,0,7,7,4,18,0,6,93,0,99,0,13,100,4,117,162,0,162,279
03/07/2023,ESN,MD,AEA,EN,Federal Contract Tower,0,5,9,0,14,0,5,14,0,19,0,10,23,0,33,46,10,56,89
03/08/2023,ESN,MD,AEA,EN,Federal Contract Tower,0,3,13,5,21,0,0,31,2,33,0,3,44,7,54,30,32,62,116
03/09/2023,ESN,MD,AEA,EN,Federal Contract Tower,0,8,10,0,18,0,9,64,0,73,0,17,74,0,91,132,8,140,231
03/10/2023,ESN,MD,AEA,EN,Federal Contract Tower,0,2,4,0,6,0,0,8,0,8,0,2,12,0,14,18,0,18,32
03/11/2023,ESN,MD,AEA,EN,Federal Contract Tower,0,6,4,0,10,0,0,7,0,7,0,6,11,0,17,38,0,38,55
03/12/2023,ESN,MD,AEA,EN,Federal Contract Tower,0,5,10,0,15,0,6,46,0,52,0,11,56,0,67,144,0,144,211
03/13/2023,ESN,MD,AEA,EN,Federal Contract Tower,0,3,5,0,8,0,1,0,0,1,0,4,5,0,9,0,0,0,9
03/14/2023,ESN,MD,AEA,EN,Federal Contract Tower,0,3,1,0,4,0,21,0,0,21,0,24,1,0,25,0,26,26,51
03/15/2023,ESN,MD,AEA,EN,Federal Contract Tower,0,2,4,0,6,0,9,9,0,18,0,11,13,0,24,10,10,20,44
03/16/2023,ESN,MD,AEA,EN,Federal Contract Tower,0,1,16,0,17,0,0,93,2,95,0,1,109,2,112,258,10,268,380
03/17/2023,ESN,MD,AEA,EN,Federal Contract Tower,0,5,12,0,17,0,2,38,0,40,0,7,50,0,57,104,0,104,161
03/18/2023,ESN,MD,AEA,EN,Federal Contract Tower,0,4,7,0,11,0,2,29,0,31,0,6,36,0,42,42,0,42,84
03/19/2023,ESN,MD,AEA,EN,Federal Contract Tower,0,2,10,0,12,0,3,21,0,24,0,5,31,0,36,28,0,28,64
03/20/2023,ESN,MD,AEA,EN,Federal Contract Tower,0,2,15,0,17,0,13,55,0,68,0,15,70,0,85,146,48,194,279
03/21/2023,ESN,MD,AEA,EN,Federal Contract Tower,0,7,10,0,17,0,4,59,0,63,0,11,69,0,80,166,16,182,262
03/22/2023,ESN,MD,AEA,EN,Federal Contract Tower,0,2,5,0,7,0,0,44,0,44,0,2,49,0,51,84,20,104,155
03/23/2023,ESN,MD,AEA,EN,Federal Contract Tower,0,5,10,0,15,0,1,19,2,22,0,6,29,2,37,60,16,76,113
03/24/2023,ESN,MD,AEA,EN,Federal Contract Tower,0,3,24,0,27,0,0,3,0,3,0,3,27,0,30,20,0,20,50
03/25/2023,ESN,MD,AEA,EN,Federal Contract Tower,0,3,1,0,4,0,0,2,0,2,0,3,3,0,6,0,0,0,6
03/27/2023,ESN,MD,AEA,EN,Federal Contract Tower,0,7,11,0,18,0,0,64,0,64,0,7,75,0,82,66,0,66,148
03/28/2023,ESN,MD,AEA,EN,Federal Contract Tower,0,3,13,0,16,0,1,47,0,48,0,4,60,0,64,156,32,188,252
03/29/2023,ESN,MD,AEA,EN,Federal Contract Tower,0,3,20,0,23,0,5,89,0,94,0,8,109,0,117,108,2,110,227
03/30/2023,ESN,MD,AEA,EN,Federal Contract Tower,0,11,13,2,26,0,4,67,1,72,0,15,80,3,98,166,30,196,294
03/31/2023,ESN,MD,AEA,EN,Federal Contract Tower,0,4,6,0,10,0,7,27,4,38,0,11,33,4,48,80,2,82,130
04/01/2023,ESN,MD,AEA,EN,Federal Contract Tower,0,3,4,0,7,0,2,3,0,5,0,5,7,0,12,0,0,0,12
04/02/2023,ESN,MD,AEA,EN,Federal Contract Tower,0,5,5,0,10,0,0,42,0,42,0,5,47,0,52,172,0,172,224
04/03/2023,ESN,MD,AEA,EN,Federal Contract Tower,0,3,10,1,14,0,10,42,2,54,0,13,52,3,68,86,18,104,172
04/04/2023,ESN,MD,AEA,EN,Federal Contract Tower,0,1,12,0,13,0,7,49,0,56,0,8,61,0,69,120,0,120,189
04/05/2023,ESN,MD,AEA,EN,Federal Contract Tower,0,9,13,0,22,0,11,45,0,56,0,20,58,0,78,96,16,112,190
04/06/2023,ESN,MD,AEA,EN,Federal Contract Tower,0,3,12,0,15,0,2,23,0,25,0,5,35,0,40,90,0,90,130
04/07/2023,ESN,MD,AEA,EN,Federal Contract Tower,0,12,8,0,20,0,2,21,0,23,0,14,29,0,43,78,0,78,121
04/08/2023,ESN,MD,AEA,EN,Federal Contract Tower,0,7,6,0,13,0,2,63,0,65,0,9,69,0,78,142,0,142,220
04/09/2023,ESN,MD,AEA,EN,Federal Contract Tower,0,3,14,0,17,0,0,30,0,30,0,3,44,0,47,52,0,52,99
04/10/2023,ESN,MD,AEA,EN,Federal Contract Tower,0,5,15,0,20,0,3,91,0,94,0,8,106,0,114,138,0,138,252
04/11/2023,ESN,MD,AEA,EN,Federal Contract Tower,0,6,17,0,23,0,5,50,1,56,0,11,67,1,79,128,20,148,227
04/12/2023,ESN,MD,AEA,EN,Federal Contract Tower,0,2,3,0,5,0,12,56,0,68,0,14,59,0,73,140,24,164,237
04/13/2023,ESN,MD,AEA,EN,Federal Contract Tower,0,3,16,0,19,0,5,59,0,64,0,8,75,0,83,208,6,214,297
04/14/2023,ESN,MD,AEA,EN,Federal Contract Tower,0,3,17,0,20,0,12,47,0,59,0,15,64,0,79,168,0,168,247
04/15/2023,ESN,MD,AEA,EN,Federal Contract Tower,0,2,12,0,14,0,0,14,0,14,0,2,26,0,28,28,0,28,56
04/16/2023,ESN,MD,AEA,EN,Federal Contract Tower,0,6,15,0,21,0,1,38,0,39,0,7,53,0,60,150,0,150,210
04/17/2023,ESN,MD,AEA,EN,Federal Contract Tower,0,5,10,0,15,0,2,32,2,36,0,7,42,2,51,94,12,106,157
04/18/2023,ESN,MD,AEA,EN,Federal Contract Tower,0,4,6,2,12,0,8,29,4,41,0,12,35,6,53,68,22,90,143
04/19/2023,ESN,MD,AEA,EN,Federal Contract Tower,0,9,11,2,22,0,2,62,4,68,0,11,73,6,90,92,22,114,204
04/20/2023,ESN,MD,AEA,EN,Federal Contract Tower,0,3,15,0,18,0,1,83,4,88,0,4,98,4,106,116,0,116,222
04/21/2023,ESN,MD,AEA,EN,Federal Contract Tower,0,3,27,1,31,0,7,59,2,68,0,10,86,3,99,196,0,196,295
04/22/2023,ESN,MD,AEA,EN,Federal Contract Tower,0,3,3,1,7,0,0,14,6,20,0,3,17,7,27,12,0,12,39
04/23/2023,ESN,MD,AEA,EN,Federal Contract Tower,0,6,25,0,31,0,1,46,2,49,0,7,71,2,80,114,0,114,194
04/24/2023,ESN,MD,AEA,EN,Federal Contract Tower,0,5,23,0,28,0,12,49,0,61,0,17,72,0,89,128,0,128,217
04/25/2023,ESN,MD,AEA,EN,Federal Contract Tower,0,8,13,1,22,0,2,81,5,88,0,10,94,6,110,120,8,128,238
04/26/2023,ESN,MD,AEA,EN,Federal Contract Tower,0,4,11,0,15,0,10,54,7,71,0,14,65,7,86,108,42,150,236
04/27/2023,ESN,MD,AEA,EN,Federal Contract Tower,0,7,15,0,22,0,4,44,0,48,0,11,59,0,70,160,18,178,248
04/28/2023,ESN,MD,AEA,EN,Federal Contract Tower,0,8,7,0,15,0,0,0,0,0,0,8,7,0,15,0,0,0,15
04/29/2023,ESN,MD,AEA,EN,Federal Contract Tower,0,2,21,0,23,0,1,3,0,4,0,3,24,0,27,12,0,12,39
04/30/2023,ESN,MD,AEA,EN,Federal Contract Tower,0,7,1,0,8,0,0,0,0,0,0,7,1,0,8,0,0,0,8
05/01/2023,ESN,MD,AEA,EN,Federal Contract Tower,0,2,2,0,4,0,9,18,0,27,0,11,20,0,31,20,0,20,51
05/02/2023,ESN,MD,AEA,EN,Federal Contract Tower,0,11,6,0,17,0,0,0,0,0,0,11,6,0,17,18,0,18,35
05/03/2023,ESN,MD,AEA,EN,Federal Contract Tower,0,5,9,0,14,0,8,17,0,25,0,13,26,0,39,72,28,100,139
05/04/2023,ESN,MD,AEA,EN,Federal Contract Tower,0,8,21,4,33,0,11,48,2,61,0,19,69,6,94,144,46,190,284
05/05/2023,ESN,MD,AEA,EN,Federal Contract Tower,0,1,22,0,23,0,8,58,0,66,0,9,80,0,89,170,6,176,265
05/06/2023,ESN,MD,AEA,EN,Federal Contract Tower,0,5,8,0,13,0,12,66,0,78,0,17,74,0,91,120,0,120,211
05/07/2023,ESN,MD,AEA,EN,Federal Contract Tower,0,3,11,0,14,0,4,58,1,63,0,7,69,1,77,124,0,124,201
05/08/2023,ESN,MD,AEA,EN,Federal Contract Tower,0,2,3,6,11,0,6,70,0,76,0,8,73,6,87,160,0,160,247
05/09/2023,ESN,MD,AEA,EN,Federal Contract Tower,0,5,10,4,19,0,8,49,0,57,0,13,59,4,76,134,26,160,236
05/10/2023,ESN,MD,AEA,EN,Federal Contract Tower,0,5,24,0,29,0,4,71,0,75,0,9,95,0,104,94,56,150,254
05/11/2023,ESN,MD,AEA,EN,Federal Contract Tower,0,7,18,0,25,0,4,56,0,60,0,11,74,0,85,104,2,106,191
05/12/2023,ESN,MD,AEA,EN,Federal Contract Tower,0,13,18,0,31,0,7,59,0,66,0,20,77,0,97,172,10,182,279
05/13/2023,ESN,MD,AEA,EN,Federal Contract Tower,0,13,9,0,22,0,2,29,0,31,0,15,38,0,53,50,0,50,103
05/14/2023,ESN,MD,AEA,EN,Federal Contract Tower,0,10,15,0,25,0,4,54,4,62,0,14,69,4,87,98,4,102,189
05/15/2023,ESN,MD,AEA,EN,Federal Contract Tower,0,13,17,0,30,0,13,69,0,82,0,26,86,0,112,230,0,230,342
05/16/2023,ESN,MD,AEA,EN,Federal Contract Tower,0,14,13,2,29,0,7,46,0,53,0,21,59,2,82,122,10,132,214
05/17/2023,ESN,MD,AEA,EN,Federal Contract Tower,0,6,8,0,14,0,4,80,0,84,0,10,88,0,98,194,0,194,292
05/18/2023,ESN,MD,AEA,EN,Federal Contract Tower,0,10,18,0,28,0,5,117,0,122,0,15,135,0,150,178,32,210,360
05/19/2023,ESN,MD,AEA,EN,Federal Contract Tower,0,6,24,0,30,0,10,52,0,62,0,16,76,0,92,50,0,50,142
05/20/2023,ESN,MD,AEA,EN,Federal Contract Tower,0,9,20,0,29,0,2,4,2,8,0,11,24,2,37,2,0,2,39
05/21/2023,ESN,MD,AEA,EN,Federal Contract Tower,0,4,19,0,23,0,2,61,0,63,0,6,80,0,86,152,0,152,238
05/22/2023,ESN,MD,AEA,EN,Federal Contract Tower,0,4,21,0,25,0,4,70,0,74,0,8,91,0,99,172,12,184,283
05/23/2023,ESN,MD,AEA,EN,Federal Contract Tower,0,7,21,0,28,0,11,54,6,71,0,18,75,6,99,140,0,140,239
05/24/2023,ESN,MD,AEA,EN,Federal Contract Tower,0,7,8,2,17,0,8,46,3,57,0,15,54,5,74,88,0,88,162
05/25/2023,ESN,MD,AEA,EN,Federal Contract Tower,0,7,24,0,31,0,7,60,0,67,0,14,84,0,98,152,0,152,250
05/26/2023,ESN,MD,AEA,EN,Federal Contract Tower,0,12,14,0,26,0,3,67,0,70,0,15,81,0,96,176,0,176,272
05/27/2023,ESN,MD,AEA,EN,Federal Contract Tower,0,4,7,0,11,0,5,85,0,90,0,9,92,0,101,120,0,120,221
05/28/2023,ESN,MD,AEA,EN,Federal Contract Tower,0,5,15,0,20,0,1,32,0,33,0,6,47,0,53,98,0,98,151
05/29/2023,ESN,MD,AEA,EN,Federal Contract Tower,0,2,19,0,21,0,0,1,0,1,0,2,20,0,22,0,0,0,22
05/30/2023,ESN,MD,AEA,EN,Federal Contract Tower,0,4,22,6,32,0,2,31,0,33,0,6,53,6,65,110,0,110,175
05/31/2023,ESN,MD,AEA,EN,Federal Contract Tower,0,3,13,0,16,0,7,68,0,75,0,10,81,0,91,114,0,114,205
06/01/2023,ESN,MD,AEA,EN,Federal Contract Tower,0,4,21,0,25,0,3,41,0,44,0,7,62,0,69,154,2,156,225
06/02/2023,ESN,MD,AEA,EN,Federal Contract Tower,0,6,14,0,20,0,3,57,0,60,0,9,71,0,80,170,6,176,256
06/03/2023,ESN,MD,AEA,EN,Federal Contract Tower,0,2,9,0,11,0,0,37,0,37,0,2,46,0,48,44,0,44,92
06/04/2023,ESN,MD,AEA,EN,Federal Contract Tower,0,10,26,0,36,0,6,62,0,68,0,16,88,0,104,156,2,158,262
06/05/2023,ESN,MD,AEA,EN,Federal Contract Tower,0,10,16,0,26,0,7,40,63,110,0,17,56,63,136,66,118,184,320
06/06/2023,ESN,MD,AEA,EN,Federal Contract Tower,0,6,10,0,16,0,19,45,85,149,0,25,55,85,165,38,178,216,381
06/07/2023,ESN,MD,AEA,EN,Federal Contract Tower,0,10,32,0,42,0,0,0,0,0,0,10,32,0,42,0,0,0,42
06/08/2023,ESN,MD,AEA,EN,Federal Contract Tower,0,8,30,0,38,0,4,0,0,4,0,12,30,0,42,2,0,2,44
06/09/2023,ESN,MD,AEA,EN,Federal Contract Tower,0,3,8,0,11,0,6,44,65,115,0,9,52,65,126,84,126,210,336
06/10/2023,ESN,MD,AEA,EN,Federal Contract Tower,0,5,16,0,21,0,4,55,88,147,0,9,71,88,168,52,130,182,350
06/11/2023,ESN,MD,AEA,EN,Federal Contract Tower,0,6,11,0,17,0,14,33,0,47,0,20,44,0,64,64,0,64,128
06/12/2023,ESN,MD,AEA,EN,Federal Contract Tower,0,6,8,0,14,0,1,5,37,43,0,7,13,37,57,18,122,140,197
06/13/2023,ESN,MD,AEA,EN,Federal Contract Tower,0,4,6,2,12,0,7,71,77,155,0,11,77,79,167,122,178,300,467
06/14/2023,ESN,MD,AEA,EN,Federal Contract Tower,0,7,9,2,18,0,7,40,56,103,0,14,49,58,121,44,268,312,433
06/15/2023,ESN,MD,AEA,EN,Federal Contract Tower,0,12,17,0,29,0,6,56,89,151,0,18,73,89,180,124,420,544,724
06/16/2023,ESN,MD,AEA,EN,Federal Contract Tower,0,22,19,0,41,0,2,7,84,93,0,24,26,84,134,6,344,350,484
06/17/2023,ESN,MD,AEA,EN,Federal Contract Tower,0,9,10,0,19,0,2,35,109,146,0,11,45,109,165,70,224,294,459
06/18/2023,ESN,MD,AEA,EN,Federal Contract Tower,0,4,5,0,9,0,0,56,0,56,0,4,61,0,65,128,2,130,195
06/19/2023,ESN,MD,AEA,EN,Federal Contract Tower,0,7,8,0,15,0,4,37,29,70,0,11,45,29,85,50,96,146,231
06/20/2023,ESN,MD,AEA,EN,Federal Contract Tower,0,14,20,0,34,0,8,27,37,72,0,22,47,37,106,44,116,160,266
06/21/2023,ESN,MD,AEA,EN,Federal Contract Tower,0,9,11,0,20,0,0,0,0,0,0,9,11,0,20,0,0,0,20
06/22/2023,ESN,MD,AEA,EN,Federal Contract Tower,0,8,22,0,30,0,0,0,0,0,0,8,22,0,30,0,0,0,30
06/23/2023,ESN,MD,AEA,EN,Federal Contract Tower,0,17,10,0,27,0,0,3,0,3,0,17,13,0,30,4,0,4,34
06/24/2023,ESN,MD,AEA,EN,Federal Contract Tower,0,5,20,0,25,0,3,15,0,18,0,8,35,0,43,26,0,26,69
06/25/2023,ESN,MD,AEA,EN,Federal Contract Tower,0,6,25,0,31,0,10,54,2,66,0,16,79,2,97,136,0,136,233
06/26/2023,ESN,MD,AEA,EN,Federal Contract Tower,0,9,1,1,11,0,0,27,0,27,0,9,28,1,38,56,12,68,106
06/27/2023,ESN,MD,AEA,EN,Federal Contract Tower,0,7,8,0,15,0,1,32,7,40,0,8,40,7,55,66,20,86,141
06/28/2023,ESN,MD,AEA,EN,Federal Contract Tower,0,7,18,1,26,0,1,71,3,75,0,8,89,4,101,100,10,110,211
06/29/2023,ESN,MD,AEA,EN,Federal Contract Tower,0,22,36,0,58,0,1,3,0,4,0,23,39,0,62,2,0,2,64
06/30/2023,ESN,MD,AEA,EN,Federal Contract Tower,0,12,22,0,34,0,0,9,0,9,0,12,31,0,43,26,0,26,69
07/01/2023,ESN,MD,AEA,EN,Federal Contract Tower,0,10,19,0,29,0,0,14,44,58,0,10,33,44,87,24,64,88,175
07/02/2023,ESN,MD,AEA,EN,Federal Contract Tower,0,6,11,0,17,0,0,10,2,12,0,6,21,2,29,50,28,78,107
07/03/2023,ESN,MD,AEA,EN,Federal Contract Tower,0,2,8,0,10,0,0,34,10,44,0,2,42,10,54,122,62,184,238
07/04/2023,ESN,MD,AEA,EN,Federal Contract Tower,0,3,13,0,16,0,0,40,0,40,0,3,53,0,56,104,0,104,160
07/05/2023,ESN,MD,AEA,EN,Federal Contract Tower,0,7,14,5,26,0,2,59,57,118,0,9,73,62,144,116,84,200,344
07/06/2023,ESN,MD,AEA,EN,Federal Contract Tower,0,10,15,0,25,0,5,31,55,91,0,15,46,55,116,52,92,144,260
07/07/2023,ESN,MD,AEA,EN,Federal Contract Tower,0,8,16,0,24,0,1,23,70,94,0,9,39,70,118,22,68,90,208
07/08/2023,ESN,MD,AEA,EN,Federal Contract Tower,0,4,11,0,15,0,9,37,33,79,0,13,48,33,94,70,120,190,284
07/09/2023,ESN,MD,AEA,EN,Federal Contract Tower,0,3,6,0,9,0,4,16,0,20,0,7,22,0,29,36,0,36,65
07/10/2023,ESN,MD,AEA,EN,Federal Contract Tower,0,8,18,0,26,0,2,49,53,104,0,10,67,53,130,162,116,278,408
07/11/2023,ESN,MD,AEA,EN,Federal Contract Tower,0,2,8,0,10,0,9,57,54,120,0,11,65,54,130,108,248,356,486
07/12/2023,ESN,MD,AEA,EN,Federal Contract Tower,0,3,13,0,16,0,6,56,41,103,0,9,69,41,119,98,306,404,523
07/13/2023,ESN,MD,AEA,EN,Federal Contract Tower,0,6,9,5,20,0,6,38,48,92,0,12,47,53,112,84,374,458,570
07/14/2023,ESN,MD,AEA,EN,Federal Contract Tower,0,4,9,0,13,0,0,30,63,93,0,4,39,63,106,42,340,382,488
07/15/2023,ESN,MD,AEA,EN,Federal Contract Tower,0,3,25,0,28,0,7,39,91,137,0,10,64,91,165,42,220,262,427
07/16/2023,ESN,MD,AEA,EN,Federal Contract Tower,0,6,7,0,13,0,0,2,0,2,0,6,9,0,15,10,0,10,25
07/17/2023,ESN,MD,AEA,EN,Federal Contract Tower,0,7,17,0,24,0,2,53,95,150,0,9,70,95,174,72,288,360,534
07/18/2023,ESN,MD,AEA,EN,Federal Contract Tower,0,3,15,0,18,0,1,37,2,40,0,4,52,2,58,86,12,98,156
07/19/2023,ESN,MD,AEA,EN,Federal Contract Tower,0,9,9,6,24,0,2,44,2,48,0,11,53,8,72,64,10,74,146
07/20/2023,ESN,MD,AEA,EN,Federal Contract Tower,0,9,3,0,12,0,11,27,0,38,0,20,30,0,50,108,0,108,158
07/21/2023,ESN,MD,AEA,EN,Federal Contract Tower,0,3,19,5,27,0,1,41,2,44,0,4,60,7,71,88,12,100,171
07/22/2023,ESN,MD,AEA,EN,Federal Contract Tower,0,2,7,0,9,0,3,66,0,69,0,5,73,0,78,86,0,86,164
07/23/2023,ESN,MD,AEA,EN,Federal Contract Tower,0,5,12,0,17,0,4,38,0,42,0,9,50,0,59,78,0,78,137
07/24/2023,ESN,MD,AEA,EN,Federal Contract Tower,0,5,16,0,21,0,4,23,0,27,0,9,39,0,48,56,0,56,104
07/25/2023,ESN,MD,AEA,EN,Federal Contract Tower,0,7,22,0,29,0,2,38,0,40,0,9,60,0,69,38,30,68,137
07/26/2023,ESN,MD,AEA,EN,Federal Contract Tower,0,5,8,0,13,0,2,66,14,82,0,7,74,14,95,74,16,90,185
07/27/2023,ESN,MD,AEA,EN,Federal Contract Tower,0,10,24,0,34,0,2,21,0,23,0,12,45,0,57,90,4,94,151
07/28/2023,ESN,MD,AEA,EN,Federal Contract Tower,0,8,17,0,25,0,11,60,4,75,0,19,77,4,100,94,6,100,200
07/29/2023,ESN,MD,AEA,EN,Federal Contract Tower,0,6,11,0,17,0,6,38,64,108,0,12,49,64,125,94,78,172,297
07/30/2023,ESN,MD,AEA,EN,Federal Contract Tower,0,8,15,0,23,0,4,60,2,66,0,12,75,2,89,88,0,88,177
07/31/2023,ESN,MD,AEA,EN,Federal Contract Tower,0,14,16,0,30,0,32,67,0,99,0,46,83,0,129,76,122,198,327
08/01/2023,ESN,MD,AEA,EN,Federal Contract Tower,0,9,13,0,22,0,10,74,69,153,0,19,87,69,175,144,132,276,451
08/02/2023,ESN,MD,AEA,EN,Federal Contract Tower,0,2,12,0,14,0,6,63,58,127,0,8,75,58,141,136,170,306,447
08/03/2023,ESN,MD,AEA,EN,Federal Contract Tower,0,5,10,0,15,0,5,30,72,107,0,10,40,72,122,60,120,180,302
08/04/2023,ESN,MD,AEA,EN,Federal Contract Tower,0,6,18,4,28,0,0,0,0,0,0,6,18,4,28,0,0,0,28
08/05/2023,ESN,MD,AEA,EN,Federal Contract Tower,0,10,22,0,32,0,2,30,79,111,0,12,52,79,143,60,362,422,565
08/06/2023,ESN,MD,AEA,EN,Federal Contract Tower,0,5,14,0,19,0,0,38,1,39,0,5,52,1,58,82,2,84,142
08/07/2023,ESN,MD,AEA,EN,Federal Contract Tower,0,5,20,2,27,0,7,21,74,102,0,12,41,76,129,52,456,508,637
08/08/2023,ESN,MD,AEA,EN,Federal Contract Tower,0,6,11,1,18,0,3,16,68,87,0,9,27,69,105,46,364,410,515
08/09/2023,ESN,MD,AEA,EN,Federal Contract Tower,0,10,24,0,34,0,2,61,99,162,0,12,85,99,196,160,364,524,720
08/10/2023,ESN,MD,AEA,EN,Federal Contract Tower,0,8,14,0,22,0,7,14,69,90,0,15,28,69,112,34,238,272,384
08/11/2023,ESN,MD,AEA,EN,Federal Contract Tower,0,5,9,0,14,0,4,69,31,104,0,9,78,31,118,186,122,308,426
08/12/2023,ESN,MD,AEA,EN,Federal Contract Tower,0,4,10,0,14,0,9,45,6,60,0,13,55,6,74,34,30,64,138
08/13/2023,ESN,MD,AEA,EN,Federal Contract Tower,0,6,14,0,20,0,0,43,0,43,0,6,57,0,63,48,0,48,111
08/14/2023,ESN,MD,AEA,EN,Federal Contract Tower,0,8,9,1,18,0,3,37,2,42,0,11,46,3,60,94,0,94,154
08/15/2023,ESN,MD,AEA,EN,Federal Contract Tower,0,5,12,0,17,0,4,47,1,52,0,9,59,1,69,86,36,122,191
08/16/2023,ESN,MD,AEA,EN,Federal Contract Tower,0,2,14,0,16,0,0,61,2,63,0,2,75,2,79,116,0,116,195
08/17/2023,ESN,MD,AEA,EN,Federal Contract Tower,0,7,13,1,21,0,4,49,0,53,0,11,62,1,74,52,26,78,152
08/18/2023,ESN,MD,AEA,EN,Federal Contract Tower,0,3,21,0,24,0,0,38,0,38,0,3,59,0,62,92,0,92,154
08/19/2023,ESN,MD,AEA,EN,Federal Contract Tower,0,6,12,0,18,0,4,84,0,88,0,10,96,0,106,104,0,104,210
08/20/2023,ESN,MD,AEA,EN,Federal Contract Tower,0,9,13,0,22,0,6,52,0,58,0,15,65,0,80,52,0,52,132
08/21/2023,ESN,MD,AEA,EN,Federal Contract Tower,0,10,19,0,29,0,3,59,0,62,0,13,78,0,91,90,0,90,181
08/22/2023,ESN,MD,AEA,EN,Federal Contract Tower,0,3,14,1,18,0,3,41,0,44,0,6,55,1,62,114,0,114,176
08/23/2023,ESN,MD,AEA,EN,Federal Contract Tower,0,11,17,3,31,0,6,66,10,82,0,17,83,13,113,126,50,176,289
08/24/2023,ESN,MD,AEA,EN,Federal Contract Tower,0,11,7,0,18,0,1,36,4,41,0,12,43,4,59,64,28,92,151
08/25/2023,ESN,MD,AEA,EN,Federal Contract Tower,0,14,9,0,23,0,6,30,0,36,0,20,39,0,59,156,12,168,227
08/26/2023,ESN,MD,AEA,EN,Federal Contract Tower,0,6,37,0,43,0,4,40,0,44,0,10,77,0,87,98,0,98,185
08/27/2023,ESN,MD,AEA,EN,Federal Contract Tower,0,16,20,0,36,0,6,70,0,76,0,22,90,0,112,130,0,130,242
08/28/2023,ESN,MD,AEA,EN,Federal Contract Tower,0,4,8,2,14,0,0,19,0,19,0,4,27,2,33,38,0,38,71
08/29/2023,ESN,MD,AEA,EN,Federal Contract Tower,0,2,14,2,18,0,1,3,0,4,0,3,17,2,22,0,18,18,40
08/30/2023,ESN,MD,AEA,EN,Federal Contract Tower,0,8,16,0,24,0,0,54,11,65,0,8,70,11,89,146,12,158,247
08/31/2023,ESN,MD,AEA,EN,Federal Contract Tower,0,9,10,1,20,0,15,50,0,65,0,24,60,1,85,62,0,62,147
01/01/2020,ESN,MD,AEA,EN,Federal Contract Tower,0,4,11,0,15,0,0,48,0,48,0,4,59,0,63,124,0,124,187
01/02/2020,ESN,MD,AEA,EN,Federal Contract Tower,0,5,8,0,13,0,5,112,0,117,0,10,120,0,130,190,0,190,320
01/03/2020,ESN,MD,AEA,EN,Federal Contract Tower,0,3,8,4,15,0,3,10,0,13,0,6,18,4,28,58,0,58,86
01/04/2020,ESN,MD,AEA,EN,Federal Contract Tower,0,4,5,0,9,0,0,0,0,0,0,4,5,0,9,0,0,0,9
01/05/2020,ESN,MD,AEA,EN,Federal Contract Tower,0,3,10,0,13,0,7,10,0,17,0,10,20,0,30,16,0,16,46
01/06/2020,ESN,MD,AEA,EN,Federal Contract Tower,0,0,13,0,13,0,0,70,0,70,0,0,83,0,83,74,0,74,157
01/07/2020,ESN,MD,AEA,EN,Federal Contract Tower,0,8,4,0,12,0,0,38,0,38,0,8,42,0,50,47,40,87,137
01/08/2020,ESN,MD,AEA,EN,Federal Contract Tower,0,1,3,0,4,0,4,8,0,12,0,5,11,0,16,24,12,36,52
01/09/2020,ESN,MD,AEA,EN,Federal Contract Tower,0,5,6,0,11,0,0,91,28,119,0,5,97,28,130,132,86,218,348
01/10/2020,ESN,MD,AEA,EN,Federal Contract Tower,0,2,3,0,5,0,2,45,0,47,0,4,48,0,52,126,0,126,178
01/11/2020,ESN,MD,AEA,EN,Federal Contract Tower,0,1,8,0,9,0,3,33,0,36,0,4,41,0,45,54,0,54,99
01/12/2020,ESN,MD,AEA,EN,Federal Contract Tower,0,3,10,0,13,0,4,33,0,37,0,7,43,0,50,42,0,42,92
01/13/2020,ESN,MD,AEA,EN,Federal Contract Tower,0,3,18,0,21,0,2,35,1,38,0,5,53,1,59,60,26,86,145
01/14/2020,ESN,MD,AEA,EN,Federal Contract Tower,0,3,11,2,16,0,0,0,0,0,0,3,11,2,16,0,0,0,16
01/15/2020,ESN,MD,AEA,EN,Federal Contract Tower,0,0,17,2,19,0,5,59,10,74,0,5,76,12,93,178,34,212,305
01/16/2020,ESN,MD,AEA,EN,Federal Contract Tower,0,0,11,0,11,0,10,7,0,17,0,10,18,0,28,12,40,52,80
01/17/2020,ESN,MD,AEA,EN,Federal Contract Tower,0,5,9,0,14,0,2,42,0,44,0,7,51,0,58,96,0,96,154
01/18/2020,ESN,MD,AEA,EN,Federal Contract Tower,0,5,5,0,10,0,0,19,0,19,0,5,24,0,29,62,0,62,91
01/19/2020,ESN,MD,AEA,EN,Federal Contract Tower,0,3,9,0,12,0,3,21,0,24,0,6,30,0,36,10,0,10,46
01/20/2020,ESN,MD,AEA,EN,Federal Contract Tower,0,4,8,0,12,0,11,39,0,50,0,15,47,0,62,106,0,106,168
01/21/2020,ESN,MD,AEA,EN,Federal Contract Tower,0,5,7,0,12,0,10,45,6,61,0,15,52,6,73,144,6,150,223
01/22/2020,ESN,MD,AEA,EN,Federal Contract Tower,0,3,18,2,23,0,6,53,0,59,0,9,71,2,82,116,4,120,202
01/23/2020,ESN,MD,AEA,EN,Federal Contract Tower,0,2,12,0,14,0,3,74,0,77,0,5,86,0,91,158,8,166,257
01/24/2020,ESN,MD,AEA,EN,Federal Contract Tower,0,3,13,0,16,0,0,57,0,57,0,3,70,0,73,144,32,176,249
01/25/2020,ESN,MD,AEA,EN,Federal Contract Tower,0,0,7,0,7,0,0,5,0,5,0,0,12,0,12,28,0,28,40
01/26/2020,ESN,MD,AEA,EN,Federal Contract Tower,0,7,9,0,16,0,1,73,0,74,0,8,82,0,90,120,0,120,210
01/27/2020,ESN,MD,AEA,EN,Federal Contract Tower,0,8,8,0,16,0,12,33,4,49,0,20,41,4,65,64,36,100,165
01/28/2020,ESN,MD,AEA,EN,Federal Contract Tower,0,4,11,2,17,0,4,36,4,44,0,8,47,6,61,56,2,58,119
01/29/2020,ESN,MD,AEA,EN,Federal Contract Tower,0,0,18,0,18,0,3,67,16,86,0,3,85,16,104,138,74,212,316
01/30/2020,ESN,MD,AEA,EN,Federal Contract Tower,0,1,9,0,10,0,13,64,2,79,0,14,73,2,89,110,44,154,243
01/31/2020,ESN,MD,AEA,EN,Federal Contract Tower,0,4,12,0,16,0,8,65,0,73,0,12,77,0,89,174,38,212,301
02/01/2020,ESN,MD,AEA,EN,Federal Contract Tower,0,2,7,0,9,0,4,24,0,28,0,6,31,0,37,86,0,86,123
02/02/2020,ESN,MD,AEA,EN,Federal Contract Tower,0,4,15,0,19,0,2,34,0,36,0,6,49,0,55,96,0,96,151
02/03/2020,ESN,MD,AEA,EN,Federal Contract Tower,0,3,10,0,13,0,2,54,0,56,0,5,64,0,69,36,8,44,113
02/04/2020,ESN,MD,AEA,EN,Federal Contract Tower,0,2,9,0,11,0,0,32,2,34,0,2,41,2,45,62,24,86,131
02/05/2020,ESN,MD,AEA,EN,Federal Contract Tower,0,3,24,0,27,0,0,2,0,2,0,3,26,0,29,0,0,0,29
02/06/2020,ESN,MD,AEA,EN,Federal Contract Tower,0,0,2,0,2,0,0,0,0,0,0,0,2,0,2,0,0,0,2
02/07/2020,ESN,MD,AEA,EN,Federal Contract Tower,0,4,5,0,9,0,2,0,0,2,0,6,5,0,11,0,0,0,11
02/08/2020,ESN,MD,AEA,EN,Federal Contract Tower,0,3,11,0,14,0,2,75,2,79,0,5,86,2,93,250,2,252,345
02/09/2020,ESN,MD,AEA,EN,Federal Contract Tower,0,0,20,0,20,0,12,121,0,133,0,12,141,0,153,252,0,252,405
02/10/2020,ESN,MD,AEA,EN,Federal Contract Tower,0,6,11,0,17,0,0,23,0,23,0,6,34,0,40,30,2,32,72
02/11/2020,ESN,MD,AEA,EN,Federal Contract Tower,0,0,9,0,9,0,2,3,0,5,0,2,12,0,14,14,0,14,28
02/12/2020,ESN,MD,AEA,EN,Federal Contract Tower,0,0,8,0,8,0,2,80,2,84,0,2,88,2,92,144,2,146,238
02/13/2020,ESN,MD,AEA,EN,Federal Contract Tower,0,1,10,0,11,0,0,1,0,1,0,1,11,0,12,0,0,0,12
02/14/2020,ESN,MD,AEA,EN,Federal Contract Tower,0,3,2,0,5,0,2,38,0,40,0,5,40,0,45,80,0,80,125
02/15/2020,ESN,MD,AEA,EN,Federal Contract Tower,0,4,4,0,8,0,0,74,0,74,0,4,78,0,82,198,0,198,280
02/16/2020,ESN,MD,AEA,EN,Federal Contract Tower,0,4,12,0,16,0,1,79,0,80,0,5,91,0,96,154,0,154,250
02/17/2020,ESN,MD,AEA,EN,Federal Contract Tower,0,6,17,0,23,0,0,53,0,53,0,6,70,0,76,88,2,90,166
02/18/2020,ESN,MD,AEA,EN,Federal Contract Tower,0,3,6,0,9,0,1,45,4,50,0,4,51,4,59,52,4,56,115
02/19/2020,ESN,MD,AEA,EN,Federal Contract Tower,0,7,9,0,16,0,3,54,0,57,0,10,63,0,73,136,40,176,249
02/20/2020,ESN,MD,AEA,EN,Federal Contract Tower,0,1,14,0,15,0,3,31,0,34,0,4,45,0,49,60,0,60,109
02/21/2020,ESN,MD,AEA,EN,Federal Contract Tower,0,0,20,0,20,0,4,54,0,58,0,4,74,0,78,86,0,86,164
02/22/2020,ESN,MD,AEA,EN,Federal Contract Tower,0,3,16,0,19,0,5,64,0,69,0,8,80,0,88,136,0,136,224
02/23/2020,ESN,MD,AEA,EN,Federal Contract Tower,0,4,16,0,20,0,3,78,0,81,0,7,94,0,101,122,0,122,223
02/24/2020,ESN,MD,AEA,EN,Federal Contract Tower,0,0,7,0,7,0,2,46,0,48,0,2,53,0,55,80,2,82,137
02/25/2020,ESN,MD,AEA,EN,Federal Contract Tower,0,1,6,0,7,0,0,0,0,0,0,1,6,0,7,0,0,0,7
02/26/2020,ESN,MD,AEA,EN,Federal Contract Tower,0,2,1,0,3,0,0,0,0,0,0,2,1,0,3,0,0,0,3
02/27/2020,ESN,MD,AEA,EN,Federal Contract Tower,0,4,5,0,9,0,0,12,0,12,0,4,17,0,21,28,6,34,55
02/28/2020,ESN,MD,AEA,EN,Federal Contract Tower,0,8,7,0,15,0,13,47,3,63,0,21,54,3,78,138,0,138,216
02/29/2020,ESN,MD,AEA,EN,Federal Contract Tower,0,1,10,0,11,0,8,28,0,36,0,9,38,0,47,104,0,104,151
03/01/2020,ESN,MD,AEA,EN,Federal Contract Tower,0,3,9,0,12,0,2,82,0,84,0,5,91,0,96,152,0,152,248
03/02/2020,ESN,MD,AEA,EN,Federal Contract Tower,0,5,7,0,12,0,9,46,0,55,0,14,53,0,67,146,34,180,247
03/03/2020,ESN,MD,AEA,EN,Federal Contract Tower,0,1,11,0,12,0,29,31,4,64,0,30,42,4,76,80,0,80,156
03/04/2020,ESN,MD,AEA,EN,Federal Contract Tower,0,4,8,0,12,0,5,51,0,56,0,9,59,0,68,186,18,204,272
03/05/2020,ESN,MD,AEA,EN,Federal Contract Tower,0,5,9,0,14,0,1,55,0,56,0,6,64,0,70,166,22,188,258
03/06/2020,ESN,MD,AEA,EN,Federal Contract Tower,0,0,11,0,11,0,0,3,0,3,0,0,14,0,14,0,0,0,14
03/07/2020,ESN,MD,AEA,EN,Federal Contract Tower,0,0,3,0,3,0,2,28,0,30,0,2,31,0,33,72,0,72,105
03/08/2020,ESN,MD,AEA,EN,Federal Contract Tower,0,1,20,0,21,0,1,53,2,56,0,2,73,2,77,178,0,178,255
03/09/2020,ESN,MD,AEA,EN,Federal Contract Tower,0,1,11,1,13,0,0,60,1,61,0,1,71,2,74,124,4,128,202
03/10/2020,ESN,MD,AEA,EN,Federal Contract Tower,0,4,3,1,8,0,8,22,1,31,0,12,25,2,39,34,58,92,131
03/11/2020,ESN,MD,AEA,EN,Federal Contract Tower,0,3,15,0,18,0,0,65,0,65,0,3,80,0,83,166,0,166,249
03/12/2020,ESN,MD,AEA,EN,Federal Contract Tower,0,3,23,0,26,0,6,40,0,46,0,9,63,0,72,118,0,118,190
03/13/2020,ESN,MD,AEA,EN,Federal Contract Tower,0,1,4,0,5,0,2,24,2,28,0,3,28,2,33,28,0,28,61
03/14/2020,ESN,MD,AEA,EN,Federal Contract Tower,0,4,14,0,18,0,26,65,2,93,0,30,79,2,111,148,22,170,281
03/15/2020,ESN,MD,AEA,EN,Federal Contract Tower,0,3,1,0,4,0,0,23,0,23,0,3,24,0,27,46,0,46,73
03/16/2020,ESN,MD,AEA,EN,Federal Contract Tower,0,5,9,0,14,0,10,43,0,53,0,15,52,0,67,62,0,62,129
03/17/2020,ESN,MD,AEA,EN,Federal Contract Tower,0,3,16,0,19,0,15,36,0,51,0,18,52,0,70,96,0,96,166
03/18/2020,ESN,MD,AEA,EN,Federal Contract Tower,0,7,7,0,14,0,10,79,0,89,0,17,86,0,103,146,0,146,249
03/19/2020,ESN,MD,AEA,EN,Federal Contract Tower,0,2,10,0,12,0,0,12,0,12,0,2,22,0,24,26,0,26,50
03/20/2020,ESN,MD,AEA,EN,Federal Contract Tower,0,3,5,0,8,0,6,21,0,27,0,9,26,0,35,34,0,34,69
03/21/2020,ESN,MD,AEA,EN,Federal Contract Tower,0,0,9,0,9,0,2,35,0,37,0,2,44,0,46,131,0,131,177
03/22/2020,ESN,MD,AEA,EN,Federal Contract Tower,0,3,9,0,12,0,3,55,0,58,0,6,64,0,70,160,0,160,230
03/23/2020,ESN,MD,AEA,EN,Federal Contract Tower,0,5,0,0,5,0,17,0,0,17,0,22,0,0,22,0,0,0,22
03/24/2020,ESN,MD,AEA,EN,Federal Contract Tower,0,0,8,0,8,0,14,48,0,62,0,14,56,0,70,78,0,78,148
03/25/2020,ESN,MD,AEA,EN,Federal Contract Tower,0,2,2,1,5,0,0,0,0,0,0,2,2,1,5,0,0,0,5
03/26/2020,ESN,MD,AEA,EN,Federal Contract Tower,0,3,3,0,6,0,2,43,0,45,0,5,46,0,51,104,0,104,155
03/27/2020,ESN,MD,AEA,EN,Federal Contract Tower,0,1,7,1,9,0,21,31,0,52,0,22,38,1,61,150,0,150,211
03/28/2020,ESN,MD,AEA,EN,Federal Contract Tower,0,0,9,0,9,0,0,0,0,0,0,0,9,0,9,0,0,0,9
03/29/2020,ESN,MD,AEA,EN,Federal Contract Tower,0,0,0,0,0,0,0,0,0,0,0,0,0,0,0,14,0,14,14
03/30/2020,ESN,MD,AEA,EN,Federal Contract Tower,0,1,18,0,19,0,18,33,0,51,0,19,51,0,70,110,0,110,180
03/31/2020,ESN,MD,AEA,EN,Federal Contract Tower,0,0,6,0,6,0,0,7,0,7,0,0,13,0,13,4,0,4,17
04/01/2020,ESN,MD,AEA,EN,Federal Contract Tower,0,1,4,2,7,0,0,13,0,13,0,1,17,2,20,20,0,20,40
04/02/2020,ESN,MD,AEA,EN,Federal Contract Tower,0,1,1,0,2,0,0,17,2,19,0,1,18,2,21,38,0,38,59
04/03/2020,ESN,MD,AEA,EN,Federal Contract Tower,0,3,0,0,3,0,12,2,8,22,0,15,2,8,25,12,0,12,37
04/04/2020,ESN,MD,AEA,EN,Federal Contract Tower,0,2,7,0,9,0,7,6,0,13,0,9,13,0,22,4,0,4,26
04/05/2020,ESN,MD,AEA,EN,Federal Contract Tower,0,0,3,0,3,0,0,23,0,23,0,0,26,0,26,88,0,88,114
04/06/2020,ESN,MD,AEA,EN,Federal Contract Tower,0,1,2,0,3,0,7,29,0,36,0,8,31,0,39,4,0,4,43
04/07/2020,ESN,MD,AEA,EN,Federal Contract Tower,0,1,2,2,5,0,22,7,6,35,0,23,9,8,40,8,28,36,76
04/08/2020,ESN,MD,AEA,EN,Federal Contract Tower,0,2,0,0,2,0,4,12,1,17,0,6,12,1,19,30,34,64,83
04/09/2020,ESN,MD,AEA,EN,Federal Contract Tower,0,2,2,0,4,0,3,7,0,10,0,5,9,0,14,28,20,48,62
04/10/2020,ESN,MD,AEA,EN,Federal Contract Tower,0,1,0,0,1,0,0,2,0,2,0,1,2,0,3,0,0,0,3
04/11/2020,ESN,MD,AEA,EN,Federal Contract Tower,0,1,1,0,2,0,1,17,0,18,0,2,18,0,20,82,0,82,102
04/12/2020,ESN,MD,AEA,EN,Federal Contract Tower,0,1,1,0,2,0,4,9,0,13,0,5,10,0,15,8,0,8,23
04/13/2020,ESN,MD,AEA,EN,Federal Contract Tower,0,2,0,0,2,0,0,0,0,0,0,2,0,0,2,0,0,0,2
04/14/2020,ESN,MD,AEA,EN,Federal Contract Tower,0,1,2,4,7,0,4,38,0,42,0,5,40,4,49,16,2,18,67
04/15/2020,ESN,MD,AEA,EN,Federal Contract Tower,0,2,5,0,7,0,2,27,0,29,0,4,32,0,36,68,0,68,104
04/16/2020,ESN,MD,AEA,EN,Federal Contract Tower,0,2,3,2,7,0,8,25,0,33,0,10,28,2,40,42,78,120,160
04/17/2020,ESN,MD,AEA,EN,Federal Contract Tower,0,0,9,0,9,0,0,22,0,22,0,0,31,0,31,28,0,28,59
04/18/2020,ESN,MD,AEA,EN,Federal Contract Tower,0,0,2,0,2,0,0,1,0,1,0,0,3,0,3,0,0,0,3
04/19/2020,ESN,MD,AEA,EN,Federal Contract Tower,0,2,5,0,7,0,0,23,0,23,0,2,28,0,30,54,0,54,84
04/20/2020,ESN,MD,AEA,EN,Federal Contract Tower,0,2,3,0,5,0,21,10,0,31,0,23,13,0,36,52,4,56,92
04/21/2020,ESN,MD,AEA,EN,Federal Contract Tower,0,1,0,0,1,0,0,5,0,5,0,1,5,0,6,6,2,8,14
04/22/2020,ESN,MD,AEA,EN,Federal Contract Tower,0,0,11,0,11,0,5,29,4,38,0,5,40,4,49,62,4,66,115
04/23/2020,ESN,MD,AEA,EN,Federal Contract Tower,0,2,5,4,11,0,0,6,4,10,0,2,11,8,21,28,0,28,49
04/24/2020,ESN,MD,AEA,EN,Federal Contract Tower,0,1,8,0,9,0,0,0,0,0,0,1,8,0,9,0,0,0,9
04/25/2020,ESN,MD,AEA,EN,Federal Contract Tower,0,1,2,2,5,0,0,28,0,28,0,1,30,2,33,40,0,40,73
04/26/2020,ESN,MD,AEA,EN,Federal Contract Tower,0,2,0,0,2,0,0,0,0,0,0,2,0,0,2,0,0,0,2
04/27/2020,ESN,MD,AEA,EN,Federal Contract Tower,0,3,3,2,8,0,16,7,0,23,0,19,10,2,31,2,0,2,33
04/28/2020,ESN,MD,AEA,EN,Federal Contract Tower,0,6,0,0,6,0,24,66,1,91,0,30,66,1,97,76,20,96,193
04/29/2020,ESN,MD,AEA,EN,Federal Contract Tower,0,1,11,0,12,0,10,27,3,40,0,11,38,3,52,30,4,34,86
04/30/2020,ESN,MD,AEA,EN,Federal Contract Tower,0,2,4,0,6,0,0,0,0,0,0,2,4,0,6,0,0,0,6
05/01/2020,ESN,MD,AEA,EN,Federal Contract Tower,0,4,10,0,14,0,8,15,0,23,0,12,25,0,37,56,0,56,93
05/02/2020,ESN,MD,AEA,EN,Federal Contract Tower,0,5,10,0,15,0,5,105,0,110,0,10,115,0,125,214,0,214,339
05/03/2020,ESN,MD,AEA,EN,Federal Contract Tower,0,0,8,0,8,0,5,4,0,9,0,5,12,0,17,8,0,8,25
05/04/2020,ESN,MD,AEA,EN,Federal Contract Tower,0,2,9,0,11,0,10,18,2,30,0,12,27,2,41,14,0,14,55
05/05/2020,ESN,MD,AEA,EN,Federal Contract Tower,0,0,9,2,11,0,13,43,2,58,0,13,52,4,69,44,0,44,113
05/06/2020,ESN,MD,AEA,EN,Federal Contract Tower,0,4,8,0,12,0,0,0,0,0,0,4,8,0,12,0,0,0,12
05/07/2020,ESN,MD,AEA,EN,Federal Contract Tower,0,0,8,0,8,0,21,111,0,132,0,21,119,0,140,112,56,168,308
05/08/2020,ESN,MD,AEA,EN,Federal Contract Tower,0,2,6,1,9,0,4,18,1,23,0,6,24,2,32,50,0,50,82
05/09/2020,ESN,MD,AEA,EN,Federal Contract Tower,0,1,5,0,6,0,2,7,0,9,0,3,12,0,15,34,0,34,49
05/10/2020,ESN,MD,AEA,EN,Federal Contract Tower,0,0,5,0,5,0,0,35,0,35,0,0,40,0,40,44,0,44,84
05/11/2020,ESN,MD,AEA,EN,Federal Contract Tower,0,2,3,0,5,0,1,19,0,20,0,3,22,0,25,26,14,40,65
05/12/2020,ESN,MD,AEA,EN,Federal Contract Tower,0,0,1,0,1,0,2,33,2,37,0,2,34,2,38,66,20,86,124
05/13/2020,ESN,MD,AEA,EN,Federal Contract Tower,0,1,7,0,8,0,2,85,3,90,0,3,92,3,98,196,0,196,294
05/14/2020,ESN,MD,AEA,EN,Federal Contract Tower,0,4,11,0,15,0,0,72,0,72,0,4,83,0,87,170,18,188,275
05/15/2020,ESN,MD,AEA,EN,Federal Contract Tower,0,3,7,0,10,0,9,48,0,57,0,12,55,0,67,158,4,162,229
05/16/2020,ESN,MD,AEA,EN,Federal Contract Tower,0,1,5,4,10,0,5,45,0,50,0,6,50,4,60,176,2,178,238
05/17/2020,ESN,MD,AEA,EN,Federal Contract Tower,0,2,8,0,10,0,4,17,2,23,0,6,25,2,33,18,0,18,51
05/18/2020,ESN,MD,AEA,EN,Federal Contract Tower,0,3,6,2,11,0,8,1,0,9,0,11,7,2,20,2,0,2,22
05/19/2020,ESN,MD,AEA,EN,Federal Contract Tower,0,2,2,0,4,0,4,8,0,12,0,6,10,0,16,2,2,4,20
05/20/2020,ESN,MD,AEA,EN,Federal Contract Tower,0,2,9,2,13,0,0,15,2,17,0,2,24,4,30,6,12,18,48
05/21/2020,ESN,MD,AEA,EN,Federal Contract Tower,0,4,6,0,10,0,6,54,8,68,0,10,60,8,78,154,22,176,254
05/22/2020,ESN,MD,AEA,EN,Federal Contract Tower,0,0,11,2,13,0,4,0,0,4,0,4,11,2,17,0,0,0,17
05/23/2020,ESN,MD,AEA,EN,Federal Contract Tower,0,0,11,0,11,0,19,48,0,67,0,19,59,0,78,136,0,136,214
05/24/2020,ESN,MD,AEA,EN,Federal Contract Tower,0,1,20,1,22,0,8,5,0,13,0,9,25,1,35,2,0,2,37
05/25/2020,ESN,MD,AEA,EN,Federal Contract Tower,0,2,10,0,12,0,4,25,2,31,0,6,35,2,43,144,0,144,187
05/26/2020,ESN,MD,AEA,EN,Federal Contract Tower,0,1,15,0,16,0,12,30,0,42,0,13,45,0,58,166,42,208,266
05/27/2020,ESN,MD,AEA,EN,Federal Contract Tower,0,0,13,2,15,0,5,57,0,62,0,5,70,2,77,186,2,188,265
05/28/2020,ESN,MD,AEA,EN,Federal Contract Tower,0,1,10,0,11,0,5,21,0,26,0,6,31,0,37,58,0,58,95
05/29/2020,ESN,MD,AEA,EN,Federal Contract Tower,0,1,10,1,12,0,3,26,0,29,0,4,36,1,41,42,0,42,83
05/30/2020,ESN,MD,AEA,EN,Federal Contract Tower,0,0,9,0,9,0,10,125,0,135,0,10,134,0,144,292,0,292,436
05/31/2020,ESN,MD,AEA,EN,Federal Contract Tower,0,4,11,0,15,0,10,75,0,85,0,14,86,0,100,194,0,194,294
06/01/2020,ESN,MD,AEA,EN,Federal Contract Tower,0,0,7,0,7,0,6,63,0,69,0,6,70,0,76,228,0,228,304
06/02/2020,ESN,MD,AEA,EN,Federal Contract Tower,0,0,0,0,0,0,0,59,0,59,0,0,59,0,59,174,0,174,233
06/03/2020,ESN,MD,AEA,EN,Federal Contract Tower,0,5,9,0,14,0,7,54,0,61,0,12,63,0,75,160,24,184,259
06/04/2020,ESN,MD,AEA,EN,Federal Contract Tower,0,1,3,2,6,0,7,82,2,91,0,8,85,4,97,92,10,102,199
06/05/2020,ESN,MD,AEA,EN,Federal Contract Tower,0,5,7,2,14,0,5,56,1,62,0,10,63,3,76,128,0,128,204
06/06/2020,ESN,MD,AEA,EN,Federal Contract Tower,0,1,7,0,8,0,11,76,0,87,0,12,83,0,95,194,0,194,289
06/07/2020,ESN,MD,AEA,EN,Federal Contract Tower,0,5,6,0,11,0,2,100,0,102,0,7,106,0,113,202,0,202,315
06/08/2020,ESN,MD,AEA,EN,Federal Contract Tower,0,2,12,0,14,0,16,50,4,70,0,18,62,4,84,118,22,140,224
06/09/2020,ESN,MD,AEA,EN,Federal Contract Tower,0,2,6,1,9,0,4,72,5,81,0,6,78,6,90,174,6,180,270
06/10/2020,ESN,MD,AEA,EN,Federal Contract Tower,0,3,12,0,15,0,0,40,0,40,0,3,52,0,55,60,0,60,115
06/11/2020,ESN,MD,AEA,EN,Federal Contract Tower,0,7,19,0,26,0,4,0,0,4,0,11,19,0,30,8,0,8,38
06/12/2020,ESN,MD,AEA,EN,Federal Contract Tower,0,3,14,0,17,0,3,116,0,119,0,6,130,0,136,226,0,226,362
06/13/2020,ESN,MD,AEA,EN,Federal Contract Tower,0,9,14,0,23,0,2,63,4,69,0,11,77,4,92,158,2,160,252
06/14/2020,ESN,MD,AEA,EN,Federal Contract Tower,0,7,13,2,22,0,8,91,0,99,0,15,104,2,121,150,14,164,285
06/15/2020,ESN,MD,AEA,EN,Federal Contract Tower,0,8,12,0,20,0,9,43,0,52,0,17,55,0,72,106,10,116,188
06/16/2020,ESN,MD,AEA,EN,Federal Contract Tower,0,1,5,2,8,0,2,16,0,18,0,3,21,2,26,86,38,124,150
06/17/2020,ESN,MD,AEA,EN,Federal Contract Tower,0,1,24,0,25,0,0,0,0,0,0,1,24,0,25,0,0,0,25
06/18/2020,ESN,MD,AEA,EN,Federal Contract Tower,0,6,6,0,12,0,4,31,0,35,0,10,37,0,47,106,0,106,153
06/19/2020,ESN,MD,AEA,EN,Federal Contract Tower,0,7,5,0,12,0,6,38,0,44,0,13,43,0,56,216,0,216,272
06/20/2020,ESN,MD,AEA,EN,Federal Contract Tower,0,5,5,0,10,0,0,35,0,35,0,5,40,0,45,66,0,66,111
06/21/2020,ESN,MD,AEA,EN,Federal Contract Tower,0,7,14,0,21,0,2,19,0,21,0,9,33,0,42,52,0,52,94
06/22/2020,ESN,MD,AEA,EN,Federal Contract Tower,0,0,18,2,20,0,0,44,0,44,0,0,62,2,64,182,0,182,246
06/23/2020,ESN,MD,AEA,EN,Federal Contract Tower,0,0,3,2,5,0,10,54,3,67,0,10,57,5,72,150,0,150,222
06/24/2020,ESN,MD,AEA,EN,Federal Contract Tower,0,2,11,2,15,0,7,93,0,100,0,9,104,2,115,208,6,214,329
06/25/2020,ESN,MD,AEA,EN,Federal Contract Tower,0,6,14,3,23,0,2,70,2,74,0,8,84,5,97,118,6,124,221
06/26/2020,ESN,MD,AEA,EN,Federal Contract Tower,0,6,5,0,11,0,1,89,0,90,0,7,94,0,101,188,0,188,289
06/27/2020,ESN,MD,AEA,EN,Federal Contract Tower,0,4,7,0,11,0,8,81,0,89,0,12,88,0,100,138,0,138,238
06/28/2020,ESN,MD,AEA,EN,Federal Contract Tower,0,8,12,0,20,0,0,47,0,47,0,8,59,0,67,74,0,74,141
06/29/2020,ESN,MD,AEA,EN,Federal Contract Tower,0,11,6,0,17,0,1,74,0,75,0,12,80,0,92,198,0,198,290
06/30/2020,ESN,MD,AEA,EN,Federal Contract Tower,0,5,11,0,16,0,8,75,1,84,0,13,86,1,100,128,0,128,228
07/01/2020,ESN,MD,AEA,EN,Federal Contract Tower,0,7,11,0,18,0,4,41,0,45,0,11,52,0,63,108,0,108,171
07/02/2020,ESN,MD,AEA,EN,Federal Contract Tower,0,2,14,0,16,0,5,100,2,107,0,7,114,2,123,163,0,163,286
07/03/2020,ESN,MD,AEA,EN,Federal Contract Tower,0,2,21,0,23,0,8,66,0,74,0,10,87,0,97,124,0,124,221
07/04/2020,ESN,MD,AEA,EN,Federal Contract Tower,0,2,5,0,7,0,4,28,0,32,0,6,33,0,39,62,0,62,101
07/05/2020,ESN,MD,AEA,EN,Federal Contract Tower,0,4,8,0,12,0,6,57,0,63,0,10,65,0,75,96,0,96,171
07/06/2020,ESN,MD,AEA,EN,Federal Contract Tower,0,7,8,0,15,0,0,64,0,64,0,7,72,0,79,102,0,102,181
07/07/2020,ESN,MD,AEA,EN,Federal Contract Tower,0,8,9,4,21,0,2,23,2,27,0,10,32,6,48,46,4,50,98
07/08/2020,ESN,MD,AEA,EN,Federal Contract Tower,0,14,12,1,27,0,0,50,0,50,0,14,62,1,77,152,20,172,249
07/09/2020,ESN,MD,AEA,EN,Federal Contract Tower,0,7,15,4,26,0,0,52,0,52,0,7,67,4,78,130,8,138,216
07/10/2020,ESN,MD,AEA,EN,Federal Contract Tower,0,3,8,0,11,0,0,7,0,7,0,3,15,0,18,6,0,6,24
07/11/2020,ESN,MD,AEA,EN,Federal Contract Tower,0,4,11,0,15,0,4,65,0,69,0,8,76,0,84,128,0,128,212
07/12/2020,ESN,MD,AEA,EN,Federal Contract Tower,0,8,14,0,22,0,1,59,0,60,0,9,73,0,82,124,0,124,206
07/13/2020,ESN,MD,AEA,EN,Federal Contract Tower,0,2,18,0,20,0,3,47,0,50,0,5,65,0,70,130,0,130,200
07/14/2020,ESN,MD,AEA,EN,Federal Contract Tower,0,5,11,5,21,0,0,81,1,82,0,5,92,6,103,178,0,178,281
07/16/2020,ESN,MD,AEA,EN,Federal Contract Tower,0,3,16,1,20,0,8,50,15,73,0,11,66,16,93,127,22,149,242
07/17/2020,ESN,MD,AEA,EN,Federal Contract Tower,0,6,27,0,33,0,5,66,2,73,0,11,93,2,106,86,2,88,194
07/18/2020,ESN,MD,AEA,EN,Federal Contract Tower,0,3,7,0,10,0,7,91,1,99,0,10,98,1,109,172,4,176,285
07/19/2020,ESN,MD,AEA,EN,Federal Contract Tower,0,6,9,0,15,0,4,62,0,66,0,10,71,0,81,208,0,208,289
07/20/2020,ESN,MD,AEA,EN,Federal Contract Tower,0,3,14,0,17,0,1,48,0,49,0,4,62,0,66,112,0,112,178
07/21/2020,ESN,MD,AEA,EN,Federal Contract Tower,0,3,9,0,12,0,7,79,2,88,0,10,88,2,100,140,12,152,252
07/22/2020,ESN,MD,AEA,EN,Federal Contract Tower,0,3,9,0,12,0,3,29,0,32,0,6,38,0,44,38,50,88,132
07/23/2020,ESN,MD,AEA,EN,Federal Contract Tower,0,3,15,0,18,0,0,48,2,50,0,3,63,2,68,106,0,106,174
07/24/2020,ESN,MD,AEA,EN,Federal Contract Tower,0,3,8,0,11,0,0,22,12,34,0,3,30,12,45,40,30,70,115
07/25/2020,ESN,MD,AEA,EN,Federal Contract Tower,0,3,21,0,24,0,3,76,44,123,0,6,97,44,147,90,92,182,329
07/26/2020,ESN,MD,AEA,EN,Federal Contract Tower,0,8,12,0,20,0,10,73,0,83,0,18,85,0,103,144,0,144,247
07/27/2020,ESN,MD,AEA,EN,Federal Contract Tower,0,4,18,0,22,0,5,45,29,79,0,9,63,29,101,108,46,154,255
07/28/2020,ESN,MD,AEA,EN,Federal Contract Tower,0,0,9,0,9,0,0,53,50,103,0,0,62,50,112,80,82,162,274
07/29/2020,ESN,MD,AEA,EN,Federal Contract Tower,0,7,20,0,27,0,11,74,54,139,0,18,94,54,166,90,140,230,396
07/30/2020,ESN,MD,AEA,EN,Federal Contract Tower,0,3,30,0,33,0,5,104,56,165,0,8,134,56,198,134,166,300,498
07/31/2020,ESN,MD,AEA,EN,Federal Contract Tower,0,6,17,0,23,0,0,10,0,10,0,6,27,0,33,10,0,10,43
08/01/2020,ESN,MD,AEA,EN,Federal Contract Tower,0,5,14,0,19,0,3,79,56,138,0,8,93,56,157,108,136,244,401
08/02/2020,ESN,MD,AEA,EN,Federal Contract Tower,0,1,24,0,25,0,4,50,8,62,0,5,74,8,87,72,20,92,179
08/03/2020,ESN,MD,AEA,EN,Federal Contract Tower,0,5,7,0,12,0,2,28,53,83,0,7,35,53,95,66,230,296,391
08/04/2020,ESN,MD,AEA,EN,Federal Contract Tower,0,1,4,0,5,0,2,1,0,3,0,3,5,0,8,0,0,0,8
08/05/2020,ESN,MD,AEA,EN,Federal Contract Tower,0,5,13,0,18,0,1,70,65,136,0,6,83,65,154,141,236,377,531
08/06/2020,ESN,MD,AEA,EN,Federal Contract Tower,0,3,8,1,12,0,0,48,51,99,0,3,56,52,111,68,182,250,361
08/07/2020,ESN,MD,AEA,EN,Federal Contract Tower,0,6,21,2,29,0,1,17,50,68,0,7,38,52,97,26,206,232,329
08/08/2020,ESN,MD,AEA,EN,Federal Contract Tower,0,8,25,0,33,0,2,37,50,89,0,10,62,50,122,120,158,278,400
08/09/2020,ESN,MD,AEA,EN,Federal Contract Tower,0,10,12,0,22,0,2,63,24,89,0,12,75,24,111,116,94,210,321
08/10/2020,ESN,MD,AEA,EN,Federal Contract Tower,0,7,20,2,29,0,2,53,31,86,0,9,73,33,115,84,78,162,277
08/11/2020,ESN,MD,AEA,EN,Federal Contract Tower,0,4,14,2,20,0,0,74,53,127,0,4,88,55,147,94,172,266,413
08/12/2020,ESN,MD,AEA,EN,Federal Contract Tower,0,0,1,0,1,0,4,32,7,43,0,4,33,7,44,32,2,34,78
08/13/2020,ESN,MD,AEA,EN,Federal Contract Tower,0,5,14,0,19,0,0,8,0,8,0,5,22,0,27,18,0,18,45
08/14/2020,ESN,MD,AEA,EN,Federal Contract Tower,0,7,13,0,20,0,0,1,0,1,0,7,14,0,21,0,0,0,21
08/15/2020,ESN,MD,AEA,EN,Federal Contract Tower,0,6,10,0,16,0,0,48,4,52,0,6,58,4,68,142,4,146,214
08/16/2020,ESN,MD,AEA,EN,Federal Contract Tower,0,0,28,1,29,0,0,3,0,3,0,0,31,1,32,0,0,0,32
08/17/2020,ESN,MD,AEA,EN,Federal Contract Tower,0,8,18,0,26,0,5,62,0,67,0,13,80,0,93,110,4,114,207
08/18/2020,ESN,MD,AEA,EN,Federal Contract Tower,0,8,18,1,27,0,22,86,0,108,0,30,104,1,135,184,0,184,319
08/19/2020,ESN,MD,AEA,EN,Federal Contract Tower,0,2,5,0,7,0,10,34,4,48,0,12,39,4,55,100,82,182,237
08/20/2020,ESN,MD,AEA,EN,Federal Contract Tower,0,8,14,0,22,0,3,143,1,147,0,11,157,1,169,238,2,240,409
08/21/2020,ESN,MD,AEA,EN,Federal Contract Tower,0,0,13,0,13,0,19,63,2,84,0,19,76,2,97,76,0,76,173
08/22/2020,ESN,MD,AEA,EN,Federal Contract Tower,0,6,9,0,15,0,6,44,0,50,0,12,53,0,65,142,0,142,207
08/23/2020,ESN,MD,AEA,EN,Federal Contract Tower,0,6,25,0,31,0,3,48,0,51,0,9,73,0,82,130,0,130,212
08/24/2020,ESN,MD,AEA,EN,Federal Contract Tower,0,5,14,0,19,0,7,48,0,55,0,12,62,0,74,86,6,92,166
08/25/2020,ESN,MD,AEA,EN,Federal Contract Tower,0,2,17,0,19,0,2,54,0,56,0,4,71,0,75,96,12,108,183
08/26/2020,ESN,MD,AEA,EN,Federal Contract Tower,0,1,17,2,20,0,3,61,0,64,0,4,78,2,84,106,0,106,190
08/27/2020,ESN,MD,AEA,EN,Federal Contract Tower,0,5,11,0,16,0,2,86,5,93,0,7,97,5,109,108,6,114,223
08/28/2020,ESN,MD,AEA,EN,Federal Contract Tower,0,1,7,0,8,0,6,77,6,89,0,7,84,6,97,70,10,80,177
08/29/2020,ESN,MD,AEA,EN,Federal Contract Tower,0,1,6,0,7,0,1,3,0,4,0,2,9,0,11,18,0,18,29
08/30/2020,ESN,MD,AEA,EN,Federal Contract Tower,0,9,19,0,28,0,5,119,0,124,0,14,138,0,152,172,0,172,324
08/31/2020,ESN,MD,AEA,EN,Federal Contract Tower,0,4,11,0,15,0,8,49,0,57,0,12,60,0,72,94,38,132,204
09/01/2020,ESN,MD,AEA,EN,Federal Contract Tower,0,5,20,0,25,0,0,26,0,26,0,5,46,0,51,62,0,62,113
09/02/2020,ESN,MD,AEA,EN,Federal Contract Tower,0,5,8,0,13,0,1,24,2,27,0,6,32,2,40,44,22,66,106
09/03/2020,ESN,MD,AEA,EN,Federal Contract Tower,0,3,13,0,16,0,0,86,9,95,0,3,99,9,111,168,36,204,315
09/04/2020,ESN,MD,AEA,EN,Federal Contract Tower,0,3,21,0,24,0,1,74,2,77,0,4,95,2,101,98,0,98,199
09/05/2020,ESN,MD,AEA,EN,Federal Contract Tower,0,3,7,0,10,0,6,67,0,73,0,9,74,0,83,202,0,202,285
09/06/2020,ESN,MD,AEA,EN,Federal Contract Tower,0,0,11,0,11,0,4,69,0,73,0,4,80,0,84,146,0,146,230
09/07/2020,ESN,MD,AEA,EN,Federal Contract Tower,0,6,13,0,19,0,7,66,0,73,0,13,79,0,92,158,0,158,250
09/08/2020,ESN,MD,AEA,EN,Federal Contract Tower,0,2,11,0,13,0,8,79,0,87,0,10,90,0,100,142,0,142,242
09/09/2020,ESN,MD,AEA,EN,Federal Contract Tower,0,2,13,0,15,0,0,0,0,0,0,2,13,0,15,0,0,0,15
09/10/2020,ESN,MD,AEA,EN,Federal Contract Tower,0,4,2,0,6,0,8,0,0,8,0,12,2,0,14,14,0,14,28
09/11/2020,ESN,MD,AEA,EN,Federal Contract Tower,0,3,20,0,23,0,5,6,0,11,0,8,26,0,34,4,0,4,38
09/12/2020,ESN,MD,AEA,EN,Federal Contract Tower,0,2,12,2,16,0,9,49,0,58,0,11,61,2,74,166,0,166,240
09/13/2020,ESN,MD,AEA,EN,Federal Contract Tower,0,5,12,0,17,0,3,48,0,51,0,8,60,0,68,124,0,124,192
09/14/2020,ESN,MD,AEA,EN,Federal Contract Tower,0,8,15,0,23,0,8,48,2,58,0,16,63,2,81,80,0,80,161
09/15/2020,ESN,MD,AEA,EN,Federal Contract Tower,0,0,6,0,6,0,4,48,0,52,0,4,54,0,58,200,12,212,270
09/16/2020,ESN,MD,AEA,EN,Federal Contract Tower,0,2,15,0,17,0,4,58,6,68,0,6,73,6,85,162,10,172,257
09/17/2020,ESN,MD,AEA,EN,Federal Contract Tower,0,10,15,0,25,0,3,26,0,29,0,13,41,0,54,20,0,20,74
09/18/2020,ESN,MD,AEA,EN,Federal Contract Tower,0,9,15,0,24,0,0,9,0,9,0,9,24,0,33,16,0,16,49
09/19/2020,ESN,MD,AEA,EN,Federal Contract Tower,0,3,10,0,13,0,5,91,9,105,0,8,101,9,118,220,14,234,352
09/20/2020,ESN,MD,AEA,EN,Federal Contract Tower,0,12,11,0,23,0,6,74,0,80,0,18,85,0,103,128,0,128,231
09/21/2020,ESN,MD,AEA,EN,Federal Contract Tower,0,4,10,0,14,0,3,52,0,55,0,7,62,0,69,130,0,130,199
09/22/2020,ESN,MD,AEA,EN,Federal Contract Tower,0,2,5,0,7,0,0,83,2,85,0,2,88,2,92,116,36,152,244
09/23/2020,ESN,MD,AEA,EN,Federal Contract Tower,0,6,6,0,12,0,11,90,2,103,0,17,96,2,115,116,0,116,231
09/24/2020,ESN,MD,AEA,EN,Federal Contract Tower,0,3,30,4,37,0,2,65,20,87,0,5,95,24,124,232,38,270,394
09/25/2020,ESN,MD,AEA,EN,Federal Contract Tower,0,4,14,0,18,0,0,40,0,40,0,4,54,0,58,114,8,122,180
09/26/2020,ESN,MD,AEA,EN,Federal Contract Tower,0,7,18,0,25,0,0,1,0,1,0,7,19,0,26,0,0,0,26
09/27/2020,ESN,MD,AEA,EN,Federal Contract Tower,0,10,14,0,24,0,1,4,0,5,0,11,18,0,29,22,0,22,51
09/28/2020,ESN,MD,AEA,EN,Federal Contract Tower,0,7,17,0,24,0,6,51,0,57,0,13,68,0,81,78,6,84,165
09/29/2020,ESN,MD,AEA,EN,Federal Contract Tower,0,0,20,0,20,0,2,6,0,8,0,2,26,0,28,22,0,22,50
10/01/2020,ESN,MD,AEA,EN,Federal Contract Tower,0,3,24,0,27,0,6,93,0,99,0,9,117,0,126,162,40,202,328
10/02/2020,ESN,MD,AEA,EN,Federal Contract Tower,0,6,14,0,20,0,6,76,2,84,0,12,90,2,104,138,22,160,264
10/03/2020,ESN,MD,AEA,EN,Federal Contract Tower,0,1,15,0,16,0,7,115,0,122,0,8,130,0,138,166,0,166,304
10/04/2020,ESN,MD,AEA,EN,Federal Contract Tower,0,1,15,0,16,0,0,63,0,63,0,1,78,0,79,186,0,186,265
10/05/2020,ESN,MD,AEA,EN,Federal Contract Tower,0,8,8,0,16,0,17,33,5,55,0,25,41,5,71,120,0,120,191
10/06/2020,ESN,MD,AEA,EN,Federal Contract Tower,0,10,20,0,30,0,2,84,0,86,0,12,104,0,116,152,34,186,302
10/07/2020,ESN,MD,AEA,EN,Federal Contract Tower,0,5,21,1,27,0,3,58,1,62,0,8,79,2,89,128,6,134,223
10/08/2020,ESN,MD,AEA,EN,Federal Contract Tower,0,5,15,0,20,0,2,72,3,77,0,7,87,3,97,182,6,188,285
10/09/2020,ESN,MD,AEA,EN,Federal Contract Tower,0,9,21,2,32,0,0,81,0,81,0,9,102,2,113,162,0,162,275
10/10/2020,ESN,MD,AEA,EN,Federal Contract Tower,0,2,18,0,20,0,0,59,0,59,0,2,77,0,79,114,0,114,193
10/11/2020,ESN,MD,AEA,EN,Federal Contract Tower,0,2,23,0,25,0,0,18,0,18,0,2,41,0,43,62,0,62,105
10/12/2020,ESN,MD,AEA,EN,Federal Contract Tower,0,3,11,0,14,0,0,0,0,0,0,3,11,0,14,0,0,0,14
10/13/2020,ESN,MD,AEA,EN,Federal Contract Tower,0,9,20,1,30,0,4,11,1,16,0,13,31,2,46,16,0,16,62
10/14/2020,ESN,MD,AEA,EN,Federal Contract Tower,0,14,7,3,24,0,3,89,20,112,0,17,96,23,136,220,36,256,392
10/15/2020,ESN,MD,AEA,EN,Federal Contract Tower,0,0,12,0,12,0,11,57,4,72,0,11,69,4,84,168,38,206,290
10/16/2020,ESN,MD,AEA,EN,Federal Contract Tower,0,8,13,0,21,0,0,6,0,6,0,8,19,0,27,14,0,14,41
10/17/2020,ESN,MD,AEA,EN,Federal Contract Tower,0,1,10,0,11,0,8,89,0,97,0,9,99,0,108,144,0,144,252
10/18/2020,ESN,MD,AEA,EN,Federal Contract Tower,0,5,20,0,25,0,2,65,0,67,0,7,85,0,92,204,0,204,296
10/19/2020,ESN,MD,AEA,EN,Federal Contract Tower,0,4,22,0,26,0,2,73,0,75,0,6,95,0,101,156,0,156,257
10/20/2020,ESN,MD,AEA,EN,Federal Contract Tower,0,9,21,0,30,0,14,36,4,54,0,23,57,4,84,86,60,146,230
10/21/2020,ESN,MD,AEA,EN,Federal Contract Tower,0,2,21,2,25,0,7,32,7,46,0,9,53,9,71,94,0,94,165
10/22/2020,ESN,MD,AEA,EN,Federal Contract Tower,0,5,22,0,27,0,1,75,0,76,0,6,97,0,103,200,0,200,303
10/23/2020,ESN,MD,AEA,EN,Federal Contract Tower,0,7,15,0,22,0,2,34,2,38,0,9,49,2,60,106,2,108,168
10/24/2020,ESN,MD,AEA,EN,Federal Contract Tower,0,5,22,0,27,0,0,64,0,64,0,5,86,0,91,118,0,118,209
10/25/2020,ESN,MD,AEA,EN,Federal Contract Tower,0,11,27,0,38,0,0,0,0,0,0,11,27,0,38,0,0,0,38
10/26/2020,ESN,MD,AEA,EN,Federal Contract Tower,0,3,7,0,10,0,0,0,0,0,0,3,7,0,10,0,0,0,10
10/27/2020,ESN,MD,AEA,EN,Federal Contract Tower,0,5,14,0,19,0,6,53,0,59,0,11,67,0,78,80,12,92,170
10/28/2020,ESN,MD,AEA,EN,Federal Contract Tower,0,6,25,0,31,0,6,33,0,39,0,12,58,0,70,104,0,104,174
10/29/2020,ESN,MD,AEA,EN,Federal Contract Tower,0,9,7,0,16,0,0,0,0,0,0,9,7,0,16,0,0,0,16
10/30/2020,ESN,MD,AEA,EN,Federal Contract Tower,0,14,10,0,24,0,4,18,0,22,0,18,28,0,46,16,0,16,62
10/31/2020,ESN,MD,AEA,EN,Federal Contract Tower,0,1,27,0,28,0,0,100,0,100,0,1,127,0,128,230,0,230,358
11/01/2020,ESN,MD,AEA,EN,Federal Contract Tower,0,4,6,0,10,0,0,4,0,4,0,4,10,0,14,18,0,18,32
11/02/2020,ESN,MD,AEA,EN,Federal Contract Tower,0,0,2,0,2,0,5,2,0,7,0,5,4,0,9,6,0,6,15
11/03/2020,ESN,MD,AEA,EN,Federal Contract Tower,0,8,11,2,21,0,13,58,2,73,0,21,69,4,94,36,4,40,134
11/04/2020,ESN,MD,AEA,EN,Federal Contract Tower,0,2,10,0,12,0,1,70,0,71,0,3,80,0,83,92,0,92,175
11/05/2020,ESN,MD,AEA,EN,Federal Contract Tower,0,0,12,0,12,0,3,64,10,77,0,3,76,10,89,140,18,158,247
11/06/2020,ESN,MD,AEA,EN,Federal Contract Tower,0,7,22,0,29,0,17,41,0,58,0,24,63,0,87,126,0,126,213
11/07/2020,ESN,MD,AEA,EN,Federal Contract Tower,0,3,17,0,20,0,3,72,0,75,0,6,89,0,95,170,0,170,265
11/08/2020,ESN,MD,AEA,EN,Federal Contract Tower,0,5,7,0,12,0,4,74,2,80,0,9,81,2,92,198,0,198,290
11/09/2020,ESN,MD,AEA,EN,Federal Contract Tower,0,6,27,0,33,0,4,57,0,61,0,10,84,0,94,142,14,156,250
11/10/2020,ESN,MD,AEA,EN,Federal Contract Tower,0,8,11,0,19,0,8,78,2,88,0,16,89,2,107,104,52,156,263
11/11/2020,ESN,MD,AEA,EN,Federal Contract Tower,0,2,11,0,13,0,0,0,0,0,0,2,11,0,13,0,0,0,13
11/12/2020,ESN,MD,AEA,EN,Federal Contract Tower,0,5,18,0,23,0,0,0,0,0,0,5,18,0,23,0,0,0,23
11/13/2020,ESN,MD,AEA,EN,Federal Contract Tower,0,6,24,0,30,0,2,23,0,25,0,8,47,0,55,94,0,94,149
11/14/2020,ESN,MD,AEA,EN,Federal Contract Tower,0,6,10,0,16,0,2,66,2,70,0,8,76,2,86,130,0,130,216
11/15/2020,ESN,MD,AEA,EN,Federal Contract Tower,0,4,13,0,17,0,0,17,0,17,0,4,30,0,34,24,0,24,58
11/16/2020,ESN,MD,AEA,EN,Federal Contract Tower,0,4,10,0,14,0,0,34,0,34,0,4,44,0,48,52,0,52,100
11/17/2020,ESN,MD,AEA,EN,Federal Contract Tower,0,0,11,0,11,0,2,25,5,32,0,2,36,5,43,30,4,34,77
11/18/2020,ESN,MD,AEA,EN,Federal Contract Tower,0,5,3,0,8,0,6,38,6,50,0,11,41,6,58,64,26,90,148
11/19/2020,ESN,MD,AEA,EN,Federal Contract Tower,0,5,9,0,14,0,4,50,6,60,0,9,59,6,74,98,22,120,194
11/20/2020,ESN,MD,AEA,EN,Federal Contract Tower,0,6,16,0,22,0,1,113,0,114,0,7,129,0,136,256,0,256,392
11/21/2020,ESN,MD,AEA,EN,Federal Contract Tower,0,6,10,0,16,0,2,117,0,119,0,8,127,0,135,168,0,168,303
11/22/2020,ESN,MD,AEA,EN,Federal Contract Tower,0,0,13,0,13,0,0,45,0,45,0,0,58,0,58,118,0,118,176
11/23/2020,ESN,MD,AEA,EN,Federal Contract Tower,0,4,8,0,12,0,1,8,0,9,0,5,16,0,21,4,0,4,25
11/24/2020,ESN,MD,AEA,EN,Federal Contract Tower,0,6,25,0,31,0,6,65,1,72,0,12,90,1,103,196,16,212,315
11/25/2020,ESN,MD,AEA,EN,Federal Contract Tower,0,6,14,0,20,0,13,59,0,72,0,19,73,0,92,122,0,122,214
11/26/2020,ESN,MD,AEA,EN,Federal Contract Tower,0,1,39,0,40,0,2,13,0,15,0,3,52,0,55,18,0,18,73
11/27/2020,ESN,MD,AEA,EN,Federal Contract Tower,0,2,13,0,15,0,5,53,0,58,0,7,66,0,73,108,0,108,181
11/28/2020,ESN,MD,AEA,EN,Federal Contract Tower,0,7,14,0,21,0,0,58,0,58,0,7,72,0,79,54,0,54,133
11/29/2020,ESN,MD,AEA,EN,Federal Contract Tower,0,3,19,0,22,0,0,57,0,57,0,3,76,0,79,128,0,128,207
11/30/2020,ESN,MD,AEA,EN,Federal Contract Tower,0,2,4,0,6,0,0,0,0,0,0,2,4,0,6,0,0,0,6
12/01/2020,ESN,MD,AEA,EN,Federal Contract Tower,0,4,9,0,13,0,4,28,0,32,0,8,37,0,45,54,36,90,135
12/02/2020,ESN,MD,AEA,EN,Federal Contract Tower,0,8,9,2,19,0,2,43,5,50,0,10,52,7,69,134,58,192,261
12/03/2020,ESN,MD,AEA,EN,Federal Contract Tower,0,3,14,0,17,0,2,94,13,109,0,5,108,13,126,236,28,264,390
12/04/2020,ESN,MD,AEA,EN,Federal Contract Tower,0,6,10,0,16,0,8,36,0,44,0,14,46,0,60,98,0,98,158
12/05/2020,ESN,MD,AEA,EN,Federal Contract Tower,0,0,3,0,3,0,2,8,0,10,0,2,11,0,13,4,0,4,17
12/06/2020,ESN,MD,AEA,EN,Federal Contract Tower,0,0,4,0,4,0,0,33,0,33,0,0,37,0,37,100,0,100,137
12/07/2020,ESN,MD,AEA,EN,Federal Contract Tower,0,6,11,0,17,0,4,24,0,28,0,10,35,0,45,38,0,38,83
12/08/2020,ESN,MD,AEA,EN,Federal Contract Tower,0,0,13,0,13,0,0,19,0,19,0,0,32,0,32,28,0,28,60
12/09/2020,ESN,MD,AEA,EN,Federal Contract Tower,0,6,10,0,16,0,10,38,0,48,0,16,48,0,64,92,10,102,166
12/10/2020,ESN,MD,AEA,EN,Federal Contract Tower,0,5,10,0,15,0,5,91,0,96,0,10,101,0,111,196,6,202,313
12/11/2020,ESN,MD,AEA,EN,Federal Contract Tower,0,4,11,0,15,0,4,49,0,53,0,8,60,0,68,86,0,86,154
12/12/2020,ESN,MD,AEA,EN,Federal Contract Tower,0,6,14,0,20,0,6,57,0,63,0,12,71,0,83,120,0,120,203
12/13/2020,ESN,MD,AEA,EN,Federal Contract Tower,0,1,14,0,15,0,0,75,0,75,0,1,89,0,90,244,0,244,334
12/14/2020,ESN,MD,AEA,EN,Federal Contract Tower,0,1,3,2,6,0,0,0,0,0,0,1,3,2,6,0,0,0,6
12/15/2020,ESN,MD,AEA,EN,Federal Contract Tower,0,4,17,0,21,0,9,84,2,95,0,13,101,2,116,132,0,132,248
12/16/2020,ESN,MD,AEA,EN,Federal Contract Tower,0,2,0,0,2,0,0,0,2,2,0,2,0,2,4,0,6,6,10
12/17/2020,ESN,MD,AEA,EN,Federal Contract Tower,0,0,7,0,7,0,2,51,4,57,0,2,58,4,64,176,28,204,268
12/18/2020,ESN,MD,AEA,EN,Federal Contract Tower,0,7,4,0,11,0,0,44,0,44,0,7,48,0,55,112,24,136,191
12/19/2020,ESN,MD,AEA,EN,Federal Contract Tower,0,7,15,0,22,0,2,99,0,101,0,9,114,0,123,202,0,202,325
12/20/2020,ESN,MD,AEA,EN,Federal Contract Tower,0,3,5,0,8,0,0,11,1,12,0,3,16,1,20,18,0,18,38
12/21/2020,ESN,MD,AEA,EN,Federal Contract Tower,0,4,14,0,18,0,7,18,0,25,0,11,32,0,43,14,0,14,57
12/22/2020,ESN,MD,AEA,EN,Federal Contract Tower,0,1,12,0,13,0,6,32,2,40,0,7,44,2,53,48,0,48,101
12/23/2020,ESN,MD,AEA,EN,Federal Contract Tower,0,5,13,0,18,0,3,124,0,127,0,8,137,0,145,174,0,174,319
12/24/2020,ESN,MD,AEA,EN,Federal Contract Tower,0,1,2,0,3,0,2,2,0,4,0,3,4,0,7,2,0,2,9
12/25/2020,ESN,MD,AEA,EN,Federal Contract Tower,0,3,4,0,7,0,1,0,0,1,0,4,4,0,8,0,0,0,8
12/26/2020,ESN,MD,AEA,EN,Federal Contract Tower,0,5,5,0,10,0,0,40,0,40,0,5,45,0,50,96,0,96,146
12/27/2020,ESN,MD,AEA,EN,Federal Contract Tower,0,1,14,0,15,0,5,74,0,79,0,6,88,0,94,164,0,164,258
12/28/2020,ESN,MD,AEA,EN,Federal Contract Tower,0,5,8,2,15,0,0,88,0,88,0,5,96,2,103,220,0,220,323
12/29/2020,ESN,MD,AEA,EN,Federal Contract Tower,0,0,17,0,17,0,0,46,1,47,0,0,63,1,64,36,0,36,100
12/30/2020,ESN,MD,AEA,EN,Federal Contract Tower,0,2,11,0,13,0,0,71,2,73,0,2,82,2,86,114,0,114,200
12/31/2020,ESN,MD,AEA,EN,Federal Contract Tower,0,10,10,0,20,0,0,17,0,17,0,10,27,0,37,24,0,24,61
01/01/2021,ESN,MD,AEA,EN,Federal Contract Tower,0,1,2,0,3,0,0,12,0,12,0,1,14,0,15,8,0,8,23
01/02/2021,ESN,MD,AEA,EN,Federal Contract Tower,0,6,7,0,13,0,3,51,0,54,0,9,58,0,67,84,0,84,151
01/03/2021,ESN,MD,AEA,EN,Federal Contract Tower,0,1,5,0,6,0,0,0,0,0,0,1,5,0,6,0,0,0,6
01/04/2021,ESN,MD,AEA,EN,Federal Contract Tower,0,5,10,0,15,0,2,34,0,36,0,7,44,0,51,72,0,72,123
01/05/2021,ESN,MD,AEA,EN,Federal Contract Tower,0,10,10,2,22,0,2,11,0,13,0,12,21,2,35,18,0,18,53
01/06/2021,ESN,MD,AEA,EN,Federal Contract Tower,0,9,6,0,15,0,2,51,0,53,0,11,57,0,68,110,4,114,182
01/07/2021,ESN,MD,AEA,EN,Federal Contract Tower,0,7,16,2,25,0,7,105,0,112,0,14,121,2,137,168,0,168,305
01/08/2021,ESN,MD,AEA,EN,Federal Contract Tower,0,11,9,0,20,0,0,56,0,56,0,11,65,0,76,152,0,152,228
01/09/2021,ESN,MD,AEA,EN,Federal Contract Tower,0,5,11,0,16,0,17,50,0,67,0,22,61,0,83,86,6,92,175
01/10/2021,ESN,MD,AEA,EN,Federal Contract Tower,0,11,6,0,17,0,3,51,0,54,0,14,57,0,71,104,0,104,175
01/11/2021,ESN,MD,AEA,EN,Federal Contract Tower,0,8,14,0,22,0,1,33,3,37,0,9,47,3,59,88,0,88,147
01/12/2021,ESN,MD,AEA,EN,Federal Contract Tower,0,5,15,0,20,0,7,68,0,75,0,12,83,0,95,120,0,120,215
01/13/2021,ESN,MD,AEA,EN,Federal Contract Tower,0,2,7,0,9,0,0,58,5,63,0,2,65,5,72,146,18,164,236
01/14/2021,ESN,MD,AEA,EN,Federal Contract Tower,0,12,20,0,32,0,0,76,0,76,0,12,96,0,108,150,70,220,328
01/15/2021,ESN,MD,AEA,EN,Federal Contract Tower,0,2,24,0,26,0,4,58,0,62,0,6,82,0,88,88,0,88,176
01/16/2021,ESN,MD,AEA,EN,Federal Contract Tower,0,2,8,0,10,0,3,31,3,37,0,5,39,3,47,104,0,104,151
01/17/2021,ESN,MD,AEA,EN,Federal Contract Tower,0,14,15,0,29,0,0,62,0,62,0,14,77,0,91,126,0,126,217
01/18/2021,ESN,MD,AEA,EN,Federal Contract Tower,0,16,19,0,35,0,10,41,0,51,0,26,60,0,86,110,0,110,196
01/19/2021,ESN,MD,AEA,EN,Federal Contract Tower,0,1,5,0,6,0,3,54,0,57,0,4,59,0,63,102,0,102,165
01/20/2021,ESN,MD,AEA,EN,Federal Contract Tower,0,10,11,1,22,0,5,16,0,21,0,15,27,1,43,12,22,34,77
01/21/2021,ESN,MD,AEA,EN,Federal Contract Tower,0,5,19,0,24,0,7,65,0,72,0,12,84,0,96,168,20,188,284
01/22/2021,ESN,MD,AEA,EN,Federal Contract Tower,0,1,16,0,17,0,0,59,0,59,0,1,75,0,76,52,0,52,128
01/23/2021,ESN,MD,AEA,EN,Federal Contract Tower,0,1,6,0,7,0,2,14,0,16,0,3,20,0,23,0,0,0,23
01/24/2021,ESN,MD,AEA,EN,Federal Contract Tower,0,0,6,1,7,0,0,92,1,93,0,0,98,2,100,164,0,164,264
01/25/2021,ESN,MD,AEA,EN,Federal Contract Tower,0,5,0,0,5,0,5,36,2,43,0,10,36,2,48,54,22,76,124
01/26/2021,ESN,MD,AEA,EN,Federal Contract Tower,0,0,3,0,3,0,0,0,0,0,0,0,3,0,3,0,0,0,3
01/27/2021,ESN,MD,AEA,EN,Federal Contract Tower,0,0,8,0,8,0,14,88,7,109,0,14,96,7,117,202,8,210,327
01/28/2021,ESN,MD,AEA,EN,Federal Contract Tower,0,3,7,0,10,0,4,8,0,12,0,7,15,0,22,22,0,22,44
01/29/2021,ESN,MD,AEA,EN,Federal Contract Tower,0,5,7,0,12,0,7,7,0,14,0,12,14,0,26,0,0,0,26
01/30/2021,ESN,MD,AEA,EN,Federal Contract Tower,0,6,9,0,15,0,10,82,0,92,0,16,91,0,107,234,0,234,341
01/31/2021,ESN,MD,AEA,EN,Federal Contract Tower,0,0,0,0,0,0,0,0,0,0,0,0,0,0,0,0,0,0,0
02/01/2021,ESN,MD,AEA,EN,Federal Contract Tower,0,1,0,0,1,0,0,0,0,0,0,1,0,0,1,0,0,0,1
02/02/2021,ESN,MD,AEA,EN,Federal Contract Tower,0,3,3,0,6,0,0,0,0,0,0,3,3,0,6,0,0,0,6
02/03/2021,ESN,MD,AEA,EN,Federal Contract Tower,0,0,5,0,5,0,6,12,2,20,0,6,17,2,25,0,0,0,25
02/04/2021,ESN,MD,AEA,EN,Federal Contract Tower,0,6,23,0,29,0,3,101,2,106,0,9,124,2,135,186,16,202,337
02/05/2021,ESN,MD,AEA,EN,Federal Contract Tower,0,2,7,0,9,0,7,59,2,68,0,9,66,2,77,150,0,150,227
02/06/2021,ESN,MD,AEA,EN,Federal Contract Tower,0,1,7,0,8,0,7,101,0,108,0,8,108,0,116,214,4,218,334
02/07/2021,ESN,MD,AEA,EN,Federal Contract Tower,0,1,0,0,1,0,0,0,0,0,0,1,0,0,1,0,0,0,1
02/08/2021,ESN,MD,AEA,EN,Federal Contract Tower,0,7,12,4,23,0,2,54,0,56,0,9,66,4,79,46,0,46,125
02/09/2021,ESN,MD,AEA,EN,Federal Contract Tower,0,1,17,0,18,0,2,9,0,11,0,3,26,0,29,36,16,52,81
02/10/2021,ESN,MD,AEA,EN,Federal Contract Tower,0,3,4,0,7,0,7,64,0,71,0,10,68,0,78,96,0,96,174
02/11/2021,ESN,MD,AEA,EN,Federal Contract Tower,0,1,3,0,4,0,0,0,0,0,0,1,3,0,4,0,0,0,4
02/12/2021,ESN,MD,AEA,EN,Federal Contract Tower,0,4,5,0,9,0,0,0,0,0,0,4,5,0,9,42,0,42,51
02/13/2021,ESN,MD,AEA,EN,Federal Contract Tower,0,0,2,0,2,0,0,0,0,0,0,0,2,0,2,0,0,0,2
02/14/2021,ESN,MD,AEA,EN,Federal Contract Tower,0,4,0,0,4,0,0,0,0,0,0,4,0,0,4,0,0,0,4
02/15/2021,ESN,MD,AEA,EN,Federal Contract Tower,0,3,5,0,8,0,0,2,0,2,0,3,7,0,10,0,0,0,10
02/16/2021,ESN,MD,AEA,EN,Federal Contract Tower,0,4,8,0,12,0,11,2,0,13,0,15,10,0,25,0,0,0,25
02/17/2021,ESN,MD,AEA,EN,Federal Contract Tower,0,1,30,0,31,0,9,85,0,94,0,10,115,0,125,202,4,206,331
02/18/2021,ESN,MD,AEA,EN,Federal Contract Tower,0,0,0,0,0,0,0,0,0,0,0,0,0,0,0,0,0,0,0
02/19/2021,ESN,MD,AEA,EN,Federal Contract Tower,0,0,0,0,0,0,0,0,0,0,0,0,0,0,0,0,0,0,0
02/20/2021,ESN,MD,AEA,EN,Federal Contract Tower,0,2,20,0,22,0,3,36,2,41,0,5,56,2,63,82,0,82,145
02/21/2021,ESN,MD,AEA,EN,Federal Contract Tower,0,1,9,0,10,0,1,83,0,84,0,2,92,0,94,196,0,196,290
02/22/2021,ESN,MD,AEA,EN,Federal Contract Tower,0,2,6,0,8,0,0,0,0,0,0,2,6,0,8,0,0,0,8
02/23/2021,ESN,MD,AEA,EN,Federal Contract Tower,0,1,13,0,14,0,9,38,0,47,0,10,51,0,61,62,18,80,141
02/24/2021,ESN,MD,AEA,EN,Federal Contract Tower,0,7,17,0,24,0,14,98,0,112,0,21,115,0,136,149,6,155,291
02/25/2021,ESN,MD,AEA,EN,Federal Contract Tower,0,2,11,2,15,0,6,135,4,145,0,8,146,6,160,198,0,198,358
02/26/2021,ESN,MD,AEA,EN,Federal Contract Tower,0,0,15,0,15,0,4,89,0,93,0,4,104,0,108,172,0,172,280
02/27/2021,ESN,MD,AEA,EN,Federal Contract Tower,0,2,17,0,19,0,0,7,0,7,0,2,24,0,26,8,0,8,34
02/28/2021,ESN,MD,AEA,EN,Federal Contract Tower,0,3,4,0,7,0,0,0,0,0,0,3,4,0,7,0,0,0,7
03/01/2021,ESN,MD,AEA,EN,Federal Contract Tower,0,3,8,0,11,0,0,10,6,16,0,3,18,6,27,24,30,54,81
03/02/2021,ESN,MD,AEA,EN,Federal Contract Tower,0,5,9,1,15,0,10,103,2,115,0,15,112,3,130,152,2,154,284
03/03/2021,ESN,MD,AEA,EN,Federal Contract Tower,0,3,5,0,8,0,5,86,4,95,0,8,91,4,103,152,0,152,255
03/05/2021,ESN,MD,AEA,EN,Federal Contract Tower,0,1,15,0,16,0,0,34,2,36,0,1,49,2,52,28,10,38,90
03/06/2021,ESN,MD,AEA,EN,Federal Contract Tower,0,2,12,0,14,0,5,89,0,94,0,7,101,0,108,144,0,144,252
03/07/2021,ESN,MD,AEA,EN,Federal Contract Tower,0,4,12,0,16,0,1,101,2,104,0,5,113,2,120,194,0,194,314
03/08/2021,ESN,MD,AEA,EN,Federal Contract Tower,0,10,14,1,25,0,6,69,1,76,0,16,83,2,101,122,14,136,237
03/09/2021,ESN,MD,AEA,EN,Federal Contract Tower,0,2,9,1,12,0,0,74,1,75,0,2,83,2,87,146,0,146,233
03/10/2021,ESN,MD,AEA,EN,Federal Contract Tower,0,3,3,1,7,0,2,102,5,109,0,5,105,6,116,234,0,234,350
03/11/2021,ESN,MD,AEA,EN,Federal Contract Tower,0,3,15,7,25,0,1,79,6,86,0,4,94,13,111,118,56,174,285
03/12/2021,ESN,MD,AEA,EN,Federal Contract Tower,0,3,21,0,24,0,2,90,0,92,0,5,111,0,116,160,0,160,276
03/13/2021,ESN,MD,AEA,EN,Federal Contract Tower,0,1,17,0,18,0,5,83,0,88,0,6,100,0,106,226,0,226,332
03/14/2021,ESN,MD,AEA,EN,Federal Contract Tower,0,0,5,0,5,0,0,56,0,56,0,0,61,0,61,78,0,78,139
03/15/2021,ESN,MD,AEA,EN,Federal Contract Tower,0,1,9,0,10,0,15,43,2,60,0,16,52,2,70,64,10,74,144
03/16/2021,ESN,MD,AEA,EN,Federal Contract Tower,0,2,5,0,7,0,7,20,0,27,0,9,25,0,34,84,0,84,118
03/17/2021,ESN,MD,AEA,EN,Federal Contract Tower,0,7,22,0,29,0,0,1,0,1,0,7,23,0,30,2,0,2,32
03/18/2021,ESN,MD,AEA,EN,Federal Contract Tower,0,2,3,0,5,0,0,0,0,0,0,2,3,0,5,0,0,0,5
03/19/2021,ESN,MD,AEA,EN,Federal Contract Tower,0,1,5,0,6,0,5,15,3,23,0,6,20,3,29,22,0,22,51
03/20/2021,ESN,MD,AEA,EN,Federal Contract Tower,0,0,8,0,8,0,13,91,0,104,0,13,99,0,112,246,0,246,358
03/21/2021,ESN,MD,AEA,EN,Federal Contract Tower,0,7,27,0,34,0,1,107,0,108,0,8,134,0,142,216,2,218,360
03/22/2021,ESN,MD,AEA,EN,Federal Contract Tower,0,9,11,0,20,0,22,74,0,96,0,31,85,0,116,196,8,204,320
03/23/2021,ESN,MD,AEA,EN,Federal Contract Tower,0,5,9,0,14,0,3,37,0,40,0,8,46,0,54,194,0,194,248
03/24/2021,ESN,MD,AEA,EN,Federal Contract Tower,0,8,7,0,15,0,0,0,0,0,0,8,7,0,15,0,0,0,15
03/25/2021,ESN,MD,AEA,EN,Federal Contract Tower,0,7,14,0,21,0,2,21,0,23,0,9,35,0,44,80,0,80,124
03/26/2021,ESN,MD,AEA,EN,Federal Contract Tower,0,2,5,0,7,0,3,24,6,33,0,5,29,6,40,60,24,84,124
03/27/2021,ESN,MD,AEA,EN,Federal Contract Tower,0,7,18,0,25,0,4,101,0,105,0,11,119,0,130,184,0,184,314
03/28/2021,ESN,MD,AEA,EN,Federal Contract Tower,0,3,3,0,6,0,3,4,0,7,0,6,7,0,13,2,0,2,15
03/29/2021,ESN,MD,AEA,EN,Federal Contract Tower,0,5,11,0,16,0,5,52,0,57,0,10,63,0,73,76,0,76,149
03/30/2021,ESN,MD,AEA,EN,Federal Contract Tower,0,3,11,0,14,0,0,103,4,107,0,3,114,4,121,160,38,198,319
03/31/2021,ESN,MD,AEA,EN,Federal Contract Tower,0,5,4,2,11,0,4,22,0,26,0,9,26,2,37,42,0,42,79
04/01/2021,ESN,MD,AEA,EN,Federal Contract Tower,0,5,8,0,13,0,0,15,6,21,0,5,23,6,34,16,34,50,84
04/02/2021,ESN,MD,AEA,EN,Federal Contract Tower,0,7,16,3,26,0,12,41,0,53,0,19,57,3,79,48,0,48,127
04/03/2021,ESN,MD,AEA,EN,Federal Contract Tower,0,1,19,0,20,0,6,89,0,95,0,7,108,0,115,189,0,189,304
04/04/2021,ESN,MD,AEA,EN,Federal Contract Tower,0,1,7,0,8,0,7,50,0,57,0,8,57,0,65,76,0,76,141
04/05/2021,ESN,MD,AEA,EN,Federal Contract Tower,0,3,11,0,14,0,9,140,0,149,0,12,151,0,163,164,0,164,327
04/06/2021,ESN,MD,AEA,EN,Federal Contract Tower,0,2,15,1,18,0,9,86,1,96,0,11,101,2,114,168,6,174,288
04/07/2021,ESN,MD,AEA,EN,Federal Contract Tower,0,2,9,0,11,0,5,112,2,119,0,7,121,2,130,202,6,208,338
04/08/2021,ESN,MD,AEA,EN,Federal Contract Tower,0,6,13,0,19,0,6,114,9,129,0,12,127,9,148,192,36,228,376
04/09/2021,ESN,MD,AEA,EN,Federal Contract Tower,0,1,12,0,13,0,0,6,4,10,0,1,18,4,23,6,52,58,81
04/10/2021,ESN,MD,AEA,EN,Federal Contract Tower,0,2,17,0,19,0,2,39,0,41,0,4,56,0,60,108,0,108,168
04/11/2021,ESN,MD,AEA,EN,Federal Contract Tower,0,7,16,0,23,0,1,43,0,44,0,8,59,0,67,94,0,94,161
04/12/2021,ESN,MD,AEA,EN,Federal Contract Tower,0,5,37,0,42,0,3,9,0,12,0,8,46,0,54,26,0,26,80
04/13/2021,ESN,MD,AEA,EN,Federal Contract Tower,0,7,19,2,28,0,2,63,3,68,0,9,82,5,96,96,56,152,248
04/14/2021,ESN,MD,AEA,EN,Federal Contract Tower,0,2,16,1,19,0,3,48,1,52,0,5,64,2,71,80,0,80,151
04/15/2021,ESN,MD,AEA,EN,Federal Contract Tower,0,1,14,0,15,0,0,71,10,81,0,1,85,10,96,128,32,160,256
04/16/2021,ESN,MD,AEA,EN,Federal Contract Tower,0,2,8,0,10,0,2,89,5,96,0,4,97,5,106,92,2,94,200
04/17/2021,ESN,MD,AEA,EN,Federal Contract Tower,0,10,20,0,30,0,4,95,0,99,0,14,115,0,129,236,0,236,365
04/18/2021,ESN,MD,AEA,EN,Federal Contract Tower,0,5,14,0,19,0,1,88,0,89,0,6,102,0,108,156,0,156,264
04/19/2021,ESN,MD,AEA,EN,Federal Contract Tower,0,7,15,0,22,0,1,41,0,42,0,8,56,0,64,104,0,104,168
04/20/2021,ESN,MD,AEA,EN,Federal Contract Tower,0,2,8,0,10,0,4,104,4,112,0,6,112,4,122,108,20,128,250
04/21/2021,ESN,MD,AEA,EN,Federal Contract Tower,0,3,4,0,7,0,0,11,0,11,0,3,15,0,18,2,0,2,20
04/22/2021,ESN,MD,AEA,EN,Federal Contract Tower,0,3,9,0,12,0,0,22,2,24,0,3,31,2,36,44,0,44,80
04/23/2021,ESN,MD,AEA,EN,Federal Contract Tower,0,7,13,0,20,0,8,98,0,106,0,15,111,0,126,252,0,252,378
04/24/2021,ESN,MD,AEA,EN,Federal Contract Tower,0,1,16,0,17,0,1,90,6,97,0,2,106,6,114,206,4,210,324
04/25/2021,ESN,MD,AEA,EN,Federal Contract Tower,0,2,13,0,15,0,0,14,0,14,0,2,27,0,29,10,0,10,39
04/26/2021,ESN,MD,AEA,EN,Federal Contract Tower,0,0,15,0,15,0,5,66,0,71,0,5,81,0,86,106,0,106,192
04/27/2021,ESN,MD,AEA,EN,Federal Contract Tower,0,10,6,0,16,0,10,97,8,115,0,20,103,8,131,152,0,152,283
04/28/2021,ESN,MD,AEA,EN,Federal Contract Tower,0,3,11,0,14,0,8,106,16,130,0,11,117,16,144,162,4,166,310
04/29/2021,ESN,MD,AEA,EN,Federal Contract Tower,0,14,7,0,21,0,11,89,1,101,0,25,96,1,122,86,2,88,210
04/30/2021,ESN,MD,AEA,EN,Federal Contract Tower,0,2,9,0,11,0,2,1,0,3,0,4,10,0,14,0,0,0,14
05/01/2021,ESN,MD,AEA,EN,Federal Contract Tower,0,0,4,0,4,0,2,59,0,61,0,2,63,0,65,98,0,98,163
05/02/2021,ESN,MD,AEA,EN,Federal Contract Tower,0,4,20,0,24,0,5,83,0,88,0,9,103,0,112,210,0,210,322
05/03/2021,ESN,MD,AEA,EN,Federal Contract Tower,0,5,12,2,19,0,3,23,0,26,0,8,35,2,45,56,0,56,101
05/04/2021,ESN,MD,AEA,EN,Federal Contract Tower,0,1,12,1,14,0,12,71,1,84,0,13,83,2,98,134,0,134,232
05/05/2021,ESN,MD,AEA,EN,Federal Contract Tower,0,5,10,0,15,0,0,11,0,11,0,5,21,0,26,42,0,42,68
05/06/2021,ESN,MD,AEA,EN,Federal Contract Tower,0,4,19,2,25,0,5,131,2,138,0,9,150,4,163,236,20,256,419
05/07/2021,ESN,MD,AEA,EN,Federal Contract Tower,0,6,20,0,26,0,17,48,0,65,0,23,68,0,91,176,0,176,267
05/08/2021,ESN,MD,AEA,EN,Federal Contract Tower,0,4,10,0,14,0,5,21,4,30,0,9,31,4,44,32,0,32,76
05/09/2021,ESN,MD,AEA,EN,Federal Contract Tower,0,3,15,0,18,0,0,43,2,45,0,3,58,2,63,120,0,120,183
05/10/2021,ESN,MD,AEA,EN,Federal Contract Tower,0,6,6,0,12,0,2,55,0,57,0,8,61,0,69,118,0,118,187
05/11/2021,ESN,MD,AEA,EN,Federal Contract Tower,0,10,6,0,16,0,6,68,0,74,0,16,74,0,90,142,8,150,240
05/12/2021,ESN,MD,AEA,EN,Federal Contract Tower,0,7,22,0,29,0,8,91,12,111,0,15,113,12,140,174,4,178,318
05/13/2021,ESN,MD,AEA,EN,Federal Contract Tower,0,3,27,0,30,0,0,72,0,72,0,3,99,0,102,150,18,168,270
05/14/2021,ESN,MD,AEA,EN,Federal Contract Tower,0,4,19,0,23,0,0,87,4,91,0,4,106,4,114,192,12,204,318
05/15/2021,ESN,MD,AEA,EN,Federal Contract Tower,0,6,17,0,23,0,19,101,0,120,0,25,118,0,143,238,0,238,381
05/16/2021,ESN,MD,AEA,EN,Federal Contract Tower,0,11,32,0,43,0,8,82,2,92,0,19,114,2,135,166,2,168,303
05/17/2021,ESN,MD,AEA,EN,Federal Contract Tower,0,1,18,0,19,0,4,65,7,76,0,5,83,7,95,204,20,224,319
05/18/2021,ESN,MD,AEA,EN,Federal Contract Tower,0,3,21,1,25,0,4,103,5,112,0,7,124,6,137,170,6,176,313
05/19/2021,ESN,MD,AEA,EN,Federal Contract Tower,0,6,11,0,17,0,8,89,2,99,0,14,100,2,116,180,10,190,306
05/20/2021,ESN,MD,AEA,EN,Federal Contract Tower,0,10,24,0,34,0,4,101,10,115,0,14,125,10,149,262,10,272,421
05/21/2021,ESN,MD,AEA,EN,Federal Contract Tower,0,11,17,5,33,0,9,61,3,73,0,20,78,8,106,120,16,136,242
05/22/2021,ESN,MD,AEA,EN,Federal Contract Tower,0,5,18,0,23,0,1,64,0,65,0,6,82,0,88,172,0,172,260
05/23/2021,ESN,MD,AEA,EN,Federal Contract Tower,0,3,11,0,14,0,4,59,0,63,0,7,70,0,77,148,0,148,225
05/24/2021,ESN,MD,AEA,EN,Federal Contract Tower,0,0,20,1,21,0,2,56,1,59,0,2,76,2,80,114,26,140,220
05/25/2021,ESN,MD,AEA,EN,Federal Contract Tower,0,2,25,0,27,0,6,57,10,73,0,8,82,10,100,100,16,116,216
05/26/2021,ESN,MD,AEA,EN,Federal Contract Tower,0,6,20,0,26,0,0,42,2,44,0,6,62,2,70,90,0,90,160
05/27/2021,ESN,MD,AEA,EN,Federal Contract Tower,0,3,20,0,23,0,0,152,2,154,0,3,172,2,177,178,18,196,373
05/28/2021,ESN,MD,AEA,EN,Federal Contract Tower,0,5,13,0,18,0,0,15,0,15,0,5,28,0,33,24,0,24,57
05/29/2021,ESN,MD,AEA,EN,Federal Contract Tower,0,4,7,0,11,0,0,6,0,6,0,4,13,0,17,18,0,18,35
05/30/2021,ESN,MD,AEA,EN,Federal Contract Tower,0,5,12,0,17,0,3,0,0,3,0,8,12,0,20,0,0,0,20
05/31/2021,ESN,MD,AEA,EN,Federal Contract Tower,0,10,17,0,27,0,4,75,0,79,0,14,92,0,106,120,0,120,226
06/01/2021,ESN,MD,AEA,EN,Federal Contract Tower,0,7,9,0,16,0,6,114,0,120,0,13,123,0,136,132,18,150,286
06/02/2021,ESN,MD,AEA,EN,Federal Contract Tower,0,5,12,2,19,0,8,111,4,123,0,13,123,6,142,210,54,264,406
06/03/2021,ESN,MD,AEA,EN,Federal Contract Tower,0,6,7,0,13,0,0,10,0,10,0,6,17,0,23,24,10,34,57
06/04/2021,ESN,MD,AEA,EN,Federal Contract Tower,0,4,16,0,20,0,1,23,0,24,0,5,39,0,44,6,8,14,58
06/05/2021,ESN,MD,AEA,EN,Federal Contract Tower,0,6,16,0,22,0,12,92,6,110,0,18,108,6,132,136,26,162,294
06/06/2021,ESN,MD,AEA,EN,Federal Contract Tower,0,7,27,0,34,0,5,92,4,101,0,12,119,4,135,166,0,166,301
06/07/2021,ESN,MD,AEA,EN,Federal Contract Tower,0,2,17,0,19,0,0,47,94,141,0,2,64,94,160,100,98,198,358
06/08/2021,ESN,MD,AEA,EN,Federal Contract Tower,0,4,12,1,17,0,2,46,112,160,0,6,58,113,177,58,218,276,453
06/09/2021,ESN,MD,AEA,EN,Federal Contract Tower,0,6,19,0,25,0,2,53,87,142,0,8,72,87,167,34,116,150,317
06/10/2021,ESN,MD,AEA,EN,Federal Contract Tower,0,8,11,0,19,0,4,26,67,97,0,12,37,67,116,34,124,158,274
06/11/2021,ESN,MD,AEA,EN,Federal Contract Tower,0,8,17,0,25,0,0,0,0,0,0,8,17,0,25,0,0,0,25
06/12/2021,ESN,MD,AEA,EN,Federal Contract Tower,0,4,17,1,22,0,5,47,73,125,0,9,64,74,147,68,168,236,383
06/13/2021,ESN,MD,AEA,EN,Federal Contract Tower,0,8,25,0,33,0,0,63,0,63,0,8,88,0,96,88,0,88,184
06/14/2021,ESN,MD,AEA,EN,Federal Contract Tower,0,9,7,0,16,0,5,49,75,129,0,14,56,75,145,84,270,354,499
06/15/2021,ESN,MD,AEA,EN,Federal Contract Tower,0,3,14,0,17,0,1,51,111,163,0,4,65,111,180,22,406,428,608
06/16/2021,ESN,MD,AEA,EN,Federal Contract Tower,0,4,17,1,22,0,6,91,100,197,0,10,108,101,219,142,362,504,723
06/17/2021,ESN,MD,AEA,EN,Federal Contract Tower,0,3,16,0,19,0,3,88,80,171,0,6,104,80,190,146,318,464,654
06/18/2021,ESN,MD,AEA,EN,Federal Contract Tower,0,10,34,0,44,0,2,59,76,137,0,12,93,76,181,98,282,380,561
06/19/2021,ESN,MD,AEA,EN,Federal Contract Tower,0,11,15,0,26,0,3,63,2,68,0,14,78,2,94,112,0,112,206
06/20/2021,ESN,MD,AEA,EN,Federal Contract Tower,0,6,17,0,23,0,7,48,0,55,0,13,65,0,78,78,0,78,156
06/21/2021,ESN,MD,AEA,EN,Federal Contract Tower,0,6,27,0,33,0,3,10,41,54,0,9,37,41,87,6,198,204,291
06/22/2021,ESN,MD,AEA,EN,Federal Contract Tower,0,10,18,0,28,0,2,4,38,44,0,12,22,38,72,16,116,132,204
06/23/2021,ESN,MD,AEA,EN,Federal Contract Tower,0,7,22,0,29,0,4,71,87,162,0,11,93,87,191,120,258,378,569
06/24/2021,ESN,MD,AEA,EN,Federal Contract Tower,0,7,16,1,24,0,14,87,44,145,0,21,103,45,169,90,124,214,383
06/25/2021,ESN,MD,AEA,EN,Federal Contract Tower,0,5,29,0,34,0,10,78,14,102,0,15,107,14,136,120,26,146,282
06/26/2021,ESN,MD,AEA,EN,Federal Contract Tower,0,7,10,0,17,0,1,34,0,35,0,8,44,0,52,90,0,90,142
06/27/2021,ESN,MD,AEA,EN,Federal Contract Tower,0,11,23,0,34,0,3,54,0,57,0,14,77,0,91,124,0,124,215
06/28/2021,ESN,MD,AEA,EN,Federal Contract Tower,0,7,23,0,30,0,8,49,2,59,0,15,72,2,89,116,16,132,221
06/29/2021,ESN,MD,AEA,EN,Federal Contract Tower,0,8,10,0,18,0,17,85,13,115,0,25,95,13,133,88,78,166,299
06/30/2021,ESN,MD,AEA,EN,Federal Contract Tower,0,2,12,0,14,0,5,78,12,95,0,7,90,12,109,198,40,238,347
07/01/2021,ESN,MD,AEA,EN,Federal Contract Tower,0,9,16,0,25,0,1,26,10,37,0,10,42,10,62,54,48,102,164
07/02/2021,ESN,MD,AEA,EN,Federal Contract Tower,0,6,33,0,39,0,3,22,0,25,0,9,55,0,64,74,0,74,138
07/03/2021,ESN,MD,AEA,EN,Federal Contract Tower,0,5,11,0,16,0,4,41,59,104,0,9,52,59,120,56,88,144,264
07/04/2021,ESN,MD,AEA,EN,Federal Contract Tower,0,2,11,0,13,0,13,54,0,67,0,15,65,0,80,136,0,136,216
07/05/2021,ESN,MD,AEA,EN,Federal Contract Tower,0,12,25,0,37,0,9,93,53,155,0,21,118,53,192,120,98,218,410
07/06/2021,ESN,MD,AEA,EN,Federal Contract Tower,0,3,22,4,29,0,0,47,68,115,0,3,69,72,144,104,144,248,392
07/07/2021,ESN,MD,AEA,EN,Federal Contract Tower,0,9,9,0,18,0,12,58,63,133,0,21,67,63,151,86,132,218,369
07/08/2021,ESN,MD,AEA,EN,Federal Contract Tower,0,6,10,0,16,0,2,31,61,94,0,8,41,61,110,70,118,188,298
07/09/2021,ESN,MD,AEA,EN,Federal Contract Tower,0,5,9,4,18,0,3,47,52,102,0,8,56,56,120,102,192,294,414
07/10/2021,ESN,MD,AEA,EN,Federal Contract Tower,0,8,7,0,15,0,4,92,0,96,0,12,99,0,111,156,0,156,267
07/11/2021,ESN,MD,AEA,EN,Federal Contract Tower,0,15,25,0,40,0,17,56,2,75,0,32,81,2,115,72,2,74,189
07/12/2021,ESN,MD,AEA,EN,Federal Contract Tower,0,8,12,0,20,0,9,21,60,90,0,17,33,60,110,24,294,318,428
07/13/2021,ESN,MD,AEA,EN,Federal Contract Tower,0,4,11,0,15,0,5,62,66,133,0,9,73,66,148,96,350,446,594
07/14/2021,ESN,MD,AEA,EN,Federal Contract Tower,0,2,21,0,23,0,6,67,72,145,0,8,88,72,168,118,390,508,676
07/15/2021,ESN,MD,AEA,EN,Federal Contract Tower,0,16,23,0,39,0,12,86,71,169,0,28,109,71,208,118,316,434,642
07/16/2021,ESN,MD,AEA,EN,Federal Contract Tower,0,13,15,0,28,0,4,50,52,106,0,17,65,52,134,78,176,254,388
07/17/2021,ESN,MD,AEA,EN,Federal Contract Tower,0,4,17,0,21,0,2,48,0,50,0,6,65,0,71,74,0,74,145
07/18/2021,ESN,MD,AEA,EN,Federal Contract Tower,0,5,18,0,23,0,3,33,2,38,0,8,51,2,61,90,0,90,151
07/19/2021,ESN,MD,AEA,EN,Federal Contract Tower,0,1,5,2,8,0,4,32,65,101,0,5,37,67,109,38,240,278,387
07/20/2021,ESN,MD,AEA,EN,Federal Contract Tower,0,5,15,4,24,0,0,54,6,60,0,5,69,10,84,56,2,58,142
07/21/2021,ESN,MD,AEA,EN,Federal Contract Tower,0,7,20,0,27,0,4,42,0,46,0,11,62,0,73,40,0,40,113
07/22/2021,ESN,MD,AEA,EN,Federal Contract Tower,0,10,14,0,24,0,2,111,2,115,0,12,125,2,139,140,34,174,313
07/23/2021,ESN,MD,AEA,EN,Federal Contract Tower,0,3,16,0,19,0,2,73,0,75,0,5,89,0,94,174,0,174,268
07/24/2021,ESN,MD,AEA,EN,Federal Contract Tower,0,5,17,0,22,0,2,66,0,68,0,7,83,0,90,120,0,120,210
07/25/2021,ESN,MD,AEA,EN,Federal Contract Tower,0,12,16,0,28,0,7,41,0,48,0,19,57,0,76,120,0,120,196
07/26/2021,ESN,MD,AEA,EN,Federal Contract Tower,0,10,14,0,24,0,3,29,0,32,0,13,43,0,56,36,0,36,92
07/27/2021,ESN,MD,AEA,EN,Federal Contract Tower,0,6,19,0,25,0,3,43,4,50,0,9,62,4,75,64,0,64,139
07/28/2021,ESN,MD,AEA,EN,Federal Contract Tower,0,6,20,2,28,0,2,49,0,51,0,8,69,2,79,92,10,102,181
07/29/2021,ESN,MD,AEA,EN,Federal Contract Tower,0,9,14,0,23,0,2,36,19,57,0,11,50,19,80,52,50,102,182
07/30/2021,ESN,MD,AEA,EN,Federal Contract Tower,0,1,14,0,15,0,4,45,2,51,0,5,59,2,66,96,8,104,170
07/31/2021,ESN,MD,AEA,EN,Federal Contract Tower,0,11,19,0,30,0,1,83,67,151,0,12,102,67,181,124,110,234,415
08/01/2021,ESN,MD,AEA,EN,Federal Contract Tower,0,8,19,0,27,0,0,4,0,4,0,8,23,0,31,2,0,2,33
08/02/2021,ESN,MD,AEA,EN,Federal Contract Tower,0,5,23,0,28,0,0,58,56,114,0,5,81,56,142,62,142,204,346
08/03/2021,ESN,MD,AEA,EN,Federal Contract Tower,0,2,9,0,11,0,5,64,72,141,0,7,73,72,152,112,170,282,434
08/04/2021,ESN,MD,AEA,EN,Federal Contract Tower,0,5,10,0,15,0,2,39,70,111,0,7,49,70,126,76,124,200,326
08/05/2021,ESN,MD,AEA,EN,Federal Contract Tower,0,9,12,1,22,0,5,61,52,118,0,14,73,53,140,76,170,246,386
08/06/2021,ESN,MD,AEA,EN,Federal Contract Tower,0,3,17,0,20,0,4,58,62,124,0,7,75,62,144,84,294,378,522
08/07/2021,ESN,MD,AEA,EN,Federal Contract Tower,0,0,18,0,18,0,1,22,39,62,0,1,40,39,80,60,242,302,382
08/08/2021,ESN,MD,AEA,EN,Federal Contract Tower,0,6,25,0,31,0,4,39,0,43,0,10,64,0,74,72,0,72,146
08/09/2021,ESN,MD,AEA,EN,Federal Contract Tower,0,14,21,0,35,0,4,28,69,101,0,18,49,69,136,86,422,508,644
08/10/2021,ESN,MD,AEA,EN,Federal Contract Tower,0,3,8,0,11,0,4,48,70,122,0,7,56,70,133,66,390,456,589
08/11/2021,ESN,MD,AEA,EN,Federal Contract Tower,0,4,8,0,12,0,6,25,71,102,0,10,33,71,114,48,298,346,460
08/12/2021,ESN,MD,AEA,EN,Federal Contract Tower,0,9,16,0,25,0,8,46,68,122,0,17,62,68,147,68,198,266,413
08/13/2021,ESN,MD,AEA,EN,Federal Contract Tower,0,6,21,0,27,0,0,40,74,114,0,6,61,74,141,92,216,308,449
08/14/2021,ESN,MD,AEA,EN,Federal Contract Tower,0,10,13,0,23,0,7,36,35,78,0,17,49,35,101,62,96,158,259
08/15/2021,ESN,MD,AEA,EN,Federal Contract Tower,0,13,15,0,28,0,4,56,9,69,0,17,71,9,97,78,16,94,191
08/16/2021,ESN,MD,AEA,EN,Federal Contract Tower,0,3,18,0,21,0,2,22,0,24,0,5,40,0,45,40,0,40,85
08/17/2021,ESN,MD,AEA,EN,Federal Contract Tower,0,4,13,0,17,0,1,11,0,12,0,5,24,0,29,16,10,26,55
08/18/2021,ESN,MD,AEA,EN,Federal Contract Tower,0,8,10,1,19,0,2,27,3,32,0,10,37,4,51,42,22,64,115
08/19/2021,ESN,MD,AEA,EN,Federal Contract Tower,0,11,20,0,31,0,0,68,0,68,0,11,88,0,99,44,12,56,155
08/20/2021,ESN,MD,AEA,EN,Federal Contract Tower,0,4,16,0,20,0,2,12,0,14,0,6,28,0,34,16,0,16,50
08/21/2021,ESN,MD,AEA,EN,Federal Contract Tower,0,2,12,0,14,0,5,36,0,41,0,7,48,0,55,44,0,44,99
08/22/2021,ESN,MD,AEA,EN,Federal Contract Tower,0,5,10,0,15,0,7,21,0,28,0,12,31,0,43,16,0,16,59
08/23/2021,ESN,MD,AEA,EN,Federal Contract Tower,0,15,8,0,23,0,9,41,0,50,0,24,49,0,73,128,0,128,201
08/24/2021,ESN,MD,AEA,EN,Federal Contract Tower,0,8,14,0,22,0,6,68,3,77,0,14,82,3,99,92,84,176,275
08/25/2021,ESN,MD,AEA,EN,Federal Contract Tower,0,6,15,0,21,0,2,72,0,74,0,8,87,0,95,74,18,92,187
08/26/2021,ESN,MD,AEA,EN,Federal Contract Tower,0,4,15,0,19,0,0,51,0,51,0,4,66,0,70,66,16,82,152
08/27/2021,ESN,MD,AEA,EN,Federal Contract Tower,0,15,8,0,23,0,0,57,8,65,0,15,65,8,88,90,0,90,178
08/28/2021,ESN,MD,AEA,EN,Federal Contract Tower,0,4,27,0,31,0,0,40,0,40,0,4,67,0,71,8,0,8,79
08/29/2021,ESN,MD,AEA,EN,Federal Contract Tower,0,13,24,0,37,0,0,14,0,14,0,13,38,0,51,12,0,12,63
08/30/2021,ESN,MD,AEA,EN,Federal Contract Tower,0,5,19,0,24,0,6,31,0,37,0,11,50,0,61,36,0,36,97
08/31/2021,ESN,MD,AEA,EN,Federal Contract Tower,0,2,11,0,13,0,6,53,0,59,0,8,64,0,72,134,18,152,224
09/01/2021,ESN,MD,AEA,EN,Federal Contract Tower,0,1,2,0,3,0,4,2,0,6,0,5,4,0,9,10,0,10,19
09/02/2021,ESN,MD,AEA,EN,Federal Contract Tower,0,8,10,0,18,0,4,47,0,51,0,12,57,0,69,116,6,122,191
09/03/2021,ESN,MD,AEA,EN,Federal Contract Tower,0,6,22,0,28,0,0,73,0,73,0,6,95,0,101,174,0,174,275
09/04/2021,ESN,MD,AEA,EN,Federal Contract Tower,0,3,13,0,16,0,3,81,0,84,0,6,94,0,100,118,0,118,218
09/05/2021,ESN,MD,AEA,EN,Federal Contract Tower,0,1,10,0,11,0,0,28,0,28,0,1,38,0,39,40,0,40,79
09/06/2021,ESN,MD,AEA,EN,Federal Contract Tower,0,5,10,0,15,0,10,57,0,67,0,15,67,0,82,82,0,82,164
09/07/2021,ESN,MD,AEA,EN,Federal Contract Tower,0,12,23,0,35,0,0,72,8,80,0,12,95,8,115,118,0,118,233
09/08/2021,ESN,MD,AEA,EN,Federal Contract Tower,0,4,13,0,17,0,4,37,1,42,0,8,50,1,59,92,8,100,159
09/09/2021,ESN,MD,AEA,EN,Federal Contract Tower,0,11,29,1,41,0,0,21,0,21,0,11,50,1,62,42,14,56,118
09/10/2021,ESN,MD,AEA,EN,Federal Contract Tower,0,9,21,0,30,0,0,67,2,69,0,9,88,2,99,70,0,70,169
09/11/2021,ESN,MD,AEA,EN,Federal Contract Tower,0,10,15,0,25,0,3,98,0,101,0,13,113,0,126,128,0,128,254
09/12/2021,ESN,MD,AEA,EN,Federal Contract Tower,0,13,18,0,31,0,0,69,2,71,0,13,87,2,102,100,4,104,206
09/13/2021,ESN,MD,AEA,EN,Federal Contract Tower,0,4,12,0,16,0,4,45,0,49,0,8,57,0,65,62,6,68,133
09/14/2021,ESN,MD,AEA,EN,Federal Contract Tower,0,11,10,0,21,0,1,61,2,64,0,12,71,2,85,70,6,76,161
09/15/2021,ESN,MD,AEA,EN,Federal Contract Tower,0,6,7,0,13,0,8,103,2,113,0,14,110,2,126,156,72,228,354
09/16/2021,ESN,MD,AEA,EN,Federal Contract Tower,0,7,20,2,29,0,0,11,1,12,0,7,31,3,41,28,14,42,83
09/17/2021,ESN,MD,AEA,EN,Federal Contract Tower,0,11,19,0,30,0,3,3,0,6,0,14,22,0,36,12,0,12,48
09/18/2021,ESN,MD,AEA,EN,Federal Contract Tower,0,7,25,0,32,0,3,48,0,51,0,10,73,0,83,118,0,118,201
09/19/2021,ESN,MD,AEA,EN,Federal Contract Tower,0,5,22,0,27,0,4,83,0,87,0,9,105,0,114,102,0,102,216
09/20/2021,ESN,MD,AEA,EN,Federal Contract Tower,0,7,10,0,17,0,0,25,0,25,0,7,35,0,42,84,4,88,130
09/21/2021,ESN,MD,AEA,EN,Federal Contract Tower,0,10,8,0,18,0,1,22,5,28,0,11,30,5,46,50,4,54,100
09/22/2021,ESN,MD,AEA,EN,Federal Contract Tower,0,9,16,0,25,0,1,16,0,17,0,10,32,0,42,2,6,8,50
09/23/2021,ESN,MD,AEA,EN,Federal Contract Tower,0,4,5,0,9,0,0,17,0,17,0,4,22,0,26,46,0,46,72
09/24/2021,ESN,MD,AEA,EN,Federal Contract Tower,0,12,21,0,33,0,2,123,0,125,0,14,144,0,158,184,0,184,342
09/25/2021,ESN,MD,AEA,EN,Federal Contract Tower,0,3,10,0,13,0,4,188,8,200,0,7,198,8,213,198,0,198,411
09/26/2021,ESN,MD,AEA,EN,Federal Contract Tower,0,16,15,0,31,0,9,106,1,116,0,25,121,1,147,98,2,100,247
09/27/2021,ESN,MD,AEA,EN,Federal Contract Tower,0,2,12,2,16,0,1,49,2,52,0,3,61,4,68,114,0,114,182
09/28/2021,ESN,MD,AEA,EN,Federal Contract Tower,0,7,12,2,21,0,8,54,1,63,0,15,66,3,84,96,0,96,180
09/29/2021,ESN,MD,AEA,EN,Federal Contract Tower,0,11,15,0,26,0,8,80,2,90,0,19,95,2,116,102,8,110,226
09/30/2021,ESN,MD,AEA,EN,Federal Contract Tower,0,7,17,0,24,0,0,82,0,82,0,7,99,0,106,136,2,138,244
10/01/2021,ESN,MD,AEA,EN,Federal Contract Tower,0,22,17,0,39,0,0,82,0,82,0,22,99,0,121,166,0,166,287
10/02/2021,ESN,MD,AEA,EN,Federal Contract Tower,0,2,20,0,22,0,6,59,0,65,0,8,79,0,87,80,0,80,167
10/03/2021,ESN,MD,AEA,EN,Federal Contract Tower,0,5,20,0,25,0,2,59,0,61,0,7,79,0,86,84,0,84,170
10/04/2021,ESN,MD,AEA,EN,Federal Contract Tower,0,5,13,3,21,0,2,53,0,55,0,7,66,3,76,88,0,88,164
10/05/2021,ESN,MD,AEA,EN,Federal Contract Tower,0,8,14,0,22,0,1,0,0,1,0,9,14,0,23,0,0,0,23
10/06/2021,ESN,MD,AEA,EN,Federal Contract Tower,0,3,36,0,39,0,3,9,0,12,0,6,45,0,51,0,0,0,51
10/07/2021,ESN,MD,AEA,EN,Federal Contract Tower,0,6,14,6,26,0,2,66,6,74,0,8,80,12,100,68,90,158,258
10/08/2021,ESN,MD,AEA,EN,Federal Contract Tower,0,20,27,2,49,0,7,69,0,76,0,27,96,2,125,120,8,128,253
10/09/2021,ESN,MD,AEA,EN,Federal Contract Tower,0,7,21,0,28,0,0,27,0,27,0,7,48,0,55,16,0,16,71
10/10/2021,ESN,MD,AEA,EN,Federal Contract Tower,0,5,27,0,32,0,0,4,0,4,0,5,31,0,36,0,0,0,36
10/11/2021,ESN,MD,AEA,EN,Federal Contract Tower,0,6,47,0,53,0,0,2,0,2,0,6,49,0,55,0,0,0,55
10/12/2021,ESN,MD,AEA,EN,Federal Contract Tower,0,5,31,0,36,0,0,2,0,2,0,5,33,0,38,0,0,0,38
10/13/2021,ESN,MD,AEA,EN,Federal Contract Tower,0,6,18,8,32,0,0,25,1,26,0,6,43,9,58,18,0,18,76
10/14/2021,ESN,MD,AEA,EN,Federal Contract Tower,0,9,16,4,29,0,0,84,0,84,0,9,100,4,113,166,20,186,299
10/15/2021,ESN,MD,AEA,EN,Federal Contract Tower,0,12,27,0,39,0,12,75,6,93,0,24,102,6,132,182,0,182,314
10/16/2021,ESN,MD,AEA,EN,Federal Contract Tower,0,4,9,0,13,0,0,36,2,38,0,4,45,2,51,76,0,76,127
10/17/2021,ESN,MD,AEA,EN,Federal Contract Tower,0,7,32,0,39,0,0,41,0,41,0,7,73,0,80,92,0,92,172
10/18/2021,ESN,MD,AEA,EN,Federal Contract Tower,0,4,30,4,38,0,2,36,2,40,0,6,66,6,78,48,0,48,126
10/19/2021,ESN,MD,AEA,EN,Federal Contract Tower,0,3,11,0,14,0,2,60,7,69,0,5,71,7,83,116,2,118,201
10/20/2021,ESN,MD,AEA,EN,Federal Contract Tower,0,10,25,0,35,0,1,75,3,79,0,11,100,3,114,168,30,198,312
10/21/2021,ESN,MD,AEA,EN,Federal Contract Tower,0,5,8,9,22,0,0,62,1,63,0,5,70,10,85,118,38,156,241
10/22/2021,ESN,MD,AEA,EN,Federal Contract Tower,0,6,24,0,30,0,0,64,0,64,0,6,88,0,94,260,0,260,354
10/23/2021,ESN,MD,AEA,EN,Federal Contract Tower,0,6,15,0,21,0,1,65,0,66,0,7,80,0,87,130,0,130,217
10/24/2021,ESN,MD,AEA,EN,Federal Contract Tower,0,13,21,0,34,0,8,90,0,98,0,21,111,0,132,106,0,106,238
10/25/2021,ESN,MD,AEA,EN,Federal Contract Tower,0,2,19,0,21,0,0,25,0,25,0,2,44,0,46,16,28,44,90
10/26/2021,ESN,MD,AEA,EN,Federal Contract Tower,0,11,13,0,24,0,0,2,0,2,0,11,15,0,26,0,42,42,68
10/27/2021,ESN,MD,AEA,EN,Federal Contract Tower,0,10,13,0,23,0,0,22,0,22,0,10,35,0,45,0,14,14,59
10/28/2021,ESN,MD,AEA,EN,Federal Contract Tower,0,6,11,7,24,0,0,68,0,68,0,6,79,7,92,118,16,134,226
10/29/2021,ESN,MD,AEA,EN,Federal Contract Tower,0,11,5,0,16,0,0,0,0,0,0,11,5,0,16,0,0,0,16
10/30/2021,ESN,MD,AEA,EN,Federal Contract Tower,0,8,19,0,27,0,0,59,0,59,0,8,78,0,86,94,0,94,180
10/31/2021,ESN,MD,AEA,EN,Federal Contract Tower,0,8,10,0,18,0,0,43,0,43,0,8,53,0,61,68,0,68,129
11/01/2021,ESN,MD,AEA,EN,Federal Contract Tower,0,7,13,0,20,0,2,53,0,55,0,9,66,0,75,96,0,96,171
11/02/2021,ESN,MD,AEA,EN,Federal Contract Tower,0,6,15,1,22,0,0,13,1,14,0,6,28,2,36,32,0,32,68
11/03/2021,ESN,MD,AEA,EN,Federal Contract Tower,0,14,11,2,27,0,7,38,0,45,0,21,49,2,72,34,46,80,152
11/04/2021,ESN,MD,AEA,EN,Federal Contract Tower,0,7,10,0,17,0,0,54,0,54,0,7,64,0,71,132,0,132,203
11/05/2021,ESN,MD,AEA,EN,Federal Contract Tower,0,1,17,0,18,0,10,84,0,94,0,11,101,0,112,206,0,206,318
11/06/2021,ESN,MD,AEA,EN,Federal Contract Tower,0,8,13,0,21,0,0,83,0,83,0,8,96,0,104,176,12,188,292
11/07/2021,ESN,MD,AEA,EN,Federal Contract Tower,0,10,31,0,41,0,8,48,2,58,0,18,79,2,99,66,0,66,165
11/08/2021,ESN,MD,AEA,EN,Federal Contract Tower,0,6,18,0,24,0,10,50,0,60,0,16,68,0,84,80,0,80,164
11/09/2021,ESN,MD,AEA,EN,Federal Contract Tower,0,1,14,0,15,0,1,70,1,72,0,2,84,1,87,178,56,234,321
11/10/2021,ESN,MD,AEA,EN,Federal Contract Tower,0,6,21,4,31,0,5,46,0,51,0,11,67,4,82,84,0,84,166
11/11/2021,ESN,MD,AEA,EN,Federal Contract Tower,0,8,18,0,26,0,11,94,0,105,0,19,112,0,131,190,0,190,321
11/12/2021,ESN,MD,AEA,EN,Federal Contract Tower,0,8,14,0,22,0,2,28,0,30,0,10,42,0,52,74,0,74,126
11/13/2021,ESN,MD,AEA,EN,Federal Contract Tower,0,6,9,0,15,0,2,22,0,24,0,8,31,0,39,32,0,32,71
11/14/2021,ESN,MD,AEA,EN,Federal Contract Tower,0,8,17,0,25,0,2,57,1,60,0,10,74,1,85,130,0,130,215
11/15/2021,ESN,MD,AEA,EN,Federal Contract Tower,0,6,9,0,15,0,16,4,0,20,0,22,13,0,35,2,0,2,37
11/16/2021,ESN,MD,AEA,EN,Federal Contract Tower,0,8,16,0,24,0,11,45,0,56,0,19,61,0,80,96,46,142,222
11/17/2021,ESN,MD,AEA,EN,Federal Contract Tower,0,9,10,0,19,0,2,92,0,94,0,11,102,0,113,74,38,112,225
11/18/2021,ESN,MD,AEA,EN,Federal Contract Tower,0,12,15,0,27,0,2,49,4,55,0,14,64,4,82,28,18,46,128
11/19/2021,ESN,MD,AEA,EN,Federal Contract Tower,0,1,24,0,25,0,3,38,0,41,0,4,62,0,66,36,0,36,102
11/20/2021,ESN,MD,AEA,EN,Federal Contract Tower,0,7,9,0,16,0,4,66,0,70,0,11,75,0,86,148,0,148,234
11/21/2021,ESN,MD,AEA,EN,Federal Contract Tower,0,14,20,0,34,0,0,42,0,42,0,14,62,0,76,72,0,72,148
11/22/2021,ESN,MD,AEA,EN,Federal Contract Tower,0,13,17,0,30,0,8,29,1,38,0,21,46,1,68,52,14,66,134
11/23/2021,ESN,MD,AEA,EN,Federal Contract Tower,0,9,16,0,25,0,1,33,0,34,0,10,49,0,59,28,6,34,93
11/24/2021,ESN,MD,AEA,EN,Federal Contract Tower,0,5,30,0,35,0,2,71,0,73,0,7,101,0,108,142,10,152,260
11/25/2021,ESN,MD,AEA,EN,Federal Contract Tower,0,4,4,0,8,0,0,24,0,24,0,4,28,0,32,60,0,60,92
11/26/2021,ESN,MD,AEA,EN,Federal Contract Tower,0,9,3,0,12,0,1,5,0,6,0,10,8,0,18,0,0,0,18
11/27/2021,ESN,MD,AEA,EN,Federal Contract Tower,0,7,5,0,12,0,4,24,0,28,0,11,29,0,40,8,0,8,48
11/28/2021,ESN,MD,AEA,EN,Federal Contract Tower,0,10,23,0,33,0,2,80,0,82,0,12,103,0,115,116,0,116,231
11/29/2021,ESN,MD,AEA,EN,Federal Contract Tower,0,6,16,0,22,0,1,26,0,27,0,7,42,0,49,36,4,40,89
11/30/2021,ESN,MD,AEA,EN,Federal Contract Tower,0,4,11,0,15,0,9,37,2,48,0,13,48,2,63,100,26,126,189
12/01/2021,ESN,MD,AEA,EN,Federal Contract Tower,0,2,13,1,16,0,10,59,4,73,0,12,72,5,89,100,20,120,209
12/02/2021,ESN,MD,AEA,EN,Federal Contract Tower,0,7,11,0,18,0,6,33,0,39,0,13,44,0,57,48,0,48,105
12/03/2021,ESN,MD,AEA,EN,Federal Contract Tower,0,4,10,0,14,0,0,59,0,59,0,4,69,0,73,88,2,90,163
12/04/2021,ESN,MD,AEA,EN,Federal Contract Tower,0,3,14,0,17,0,4,53,0,57,0,7,67,0,74,94,0,94,168
12/05/2021,ESN,MD,AEA,EN,Federal Contract Tower,0,7,13,0,20,0,3,86,1,90,0,10,99,1,110,116,0,116,226
12/06/2021,ESN,MD,AEA,EN,Federal Contract Tower,0,5,8,0,13,0,3,6,2,11,0,8,14,2,24,8,0,8,32
12/07/2021,ESN,MD,AEA,EN,Federal Contract Tower,0,4,14,0,18,0,5,59,2,66,0,9,73,2,84,114,0,114,198
12/08/2021,ESN,MD,AEA,EN,Federal Contract Tower,0,3,3,0,6,0,1,21,0,22,0,4,24,0,28,18,0,18,46
12/09/2021,ESN,MD,AEA,EN,Federal Contract Tower,0,4,8,2,14,0,12,35,0,47,0,16,43,2,61,94,0,94,155
12/10/2021,ESN,MD,AEA,EN,Federal Contract Tower,0,7,14,0,21,0,1,52,0,53,0,8,66,0,74,146,0,146,220
12/11/2021,ESN,MD,AEA,EN,Federal Contract Tower,0,7,5,0,12,0,0,0,0,0,0,7,5,0,12,0,0,0,12
12/12/2021,ESN,MD,AEA,EN,Federal Contract Tower,0,5,6,0,11,0,4,47,0,51,0,9,53,0,62,124,0,124,186
12/13/2021,ESN,MD,AEA,EN,Federal Contract Tower,0,3,18,0,21,0,9,60,0,69,0,12,78,0,90,96,0,96,186
12/14/2021,ESN,MD,AEA,EN,Federal Contract Tower,0,0,9,1,10,0,0,82,0,82,0,0,91,1,92,104,0,104,196
12/15/2021,ESN,MD,AEA,EN,Federal Contract Tower,0,2,16,1,19,0,2,56,1,59,0,4,72,2,78,136,8,144,222
12/16/2021,ESN,MD,AEA,EN,Federal Contract Tower,0,6,13,0,19,0,4,38,0,42,0,10,51,0,61,92,0,92,153
12/17/2021,ESN,MD,AEA,EN,Federal Contract Tower,0,5,14,0,19,0,2,44,3,49,0,7,58,3,68,72,6,78,146
12/18/2021,ESN,MD,AEA,EN,Federal Contract Tower,0,3,15,0,18,0,0,13,0,13,0,3,28,0,31,2,0,2,33
12/19/2021,ESN,MD,AEA,EN,Federal Contract Tower,0,3,8,0,11,0,2,19,0,21,0,5,27,0,32,48,0,48,80
12/20/2021,ESN,MD,AEA,EN,Federal Contract Tower,0,2,13,0,15,0,1,36,0,37,0,3,49,0,52,64,2,66,118
12/21/2021,ESN,MD,AEA,EN,Federal Contract Tower,0,3,11,0,14,0,3,27,0,30,0,6,38,0,44,70,8,78,122
12/22/2021,ESN,MD,AEA,EN,Federal Contract Tower,0,3,16,0,19,0,1,13,2,16,0,4,29,2,35,6,6,12,47
12/23/2021,ESN,MD,AEA,EN,Federal Contract Tower,0,7,22,0,29,0,0,54,0,54,0,7,76,0,83,108,0,108,191
12/24/2021,ESN,MD,AEA,EN,Federal Contract Tower,0,1,1,0,2,0,3,27,0,30,0,4,28,0,32,58,0,58,90
12/25/2021,ESN,MD,AEA,EN,Federal Contract Tower,0,5,2,0,7,0,0,7,0,7,0,5,9,0,14,8,0,8,22
12/26/2021,ESN,MD,AEA,EN,Federal Contract Tower,0,12,14,0,26,0,4,49,0,53,0,16,63,0,79,88,0,88,167
12/27/2021,ESN,MD,AEA,EN,Federal Contract Tower,0,10,11,0,21,0,2,13,0,15,0,12,24,0,36,26,0,26,62
12/28/2021,ESN,MD,AEA,EN,Federal Contract Tower,0,10,5,0,15,0,4,49,0,53,0,14,54,0,68,40,0,40,108
12/29/2021,ESN,MD,AEA,EN,Federal Contract Tower,0,4,29,0,33,0,4,28,2,34,0,8,57,2,67,42,0,42,109
12/30/2021,ESN,MD,AEA,EN,Federal Contract Tower,0,2,5,0,7,0,0,0,0,0,0,2,5,0,7,0,0,0,7
12/31/2021,ESN,MD,AEA,EN,Federal Contract Tower,0,2,15,0,17,0,0,0,0,0,0,2,15,0,17,0,0,0,17
01/01/2022,ESN,MD,AEA,EN,Federal Contract Tower,0,3,7,0,10,0,0,0,0,0,0,3,7,0,10,0,0,0,10
01/02/2022,ESN,MD,AEA,EN,Federal Contract Tower,0,6,10,0,16,0,2,6,0,8,0,8,16,0,24,2,0,2,26
01/03/2022,ESN,MD,AEA,EN,Federal Contract Tower,0,0,0,0,0,0,0,0,0,0,0,0,0,0,0,0,0,0,0
01/04/2022,ESN,MD,AEA,EN,Federal Contract Tower,0,7,6,0,13,0,0,12,0,12,0,7,18,0,25,18,0,18,43
01/05/2022,ESN,MD,AEA,EN,Federal Contract Tower,0,5,10,0,15,0,14,6,0,20,0,19,16,0,35,6,0,6,41
01/06/2022,ESN,MD,AEA,EN,Federal Contract Tower,0,3,10,0,13,0,0,37,0,37,0,3,47,0,50,92,0,92,142
01/07/2022,ESN,MD,AEA,EN,Federal Contract Tower,0,3,3,0,6,0,0,0,0,0,0,3,3,0,6,2,0,2,8
01/08/2022,ESN,MD,AEA,EN,Federal Contract Tower,0,10,9,0,19,0,6,64,1,71,0,16,73,1,90,72,2,74,164
01/09/2022,ESN,MD,AEA,EN,Federal Contract Tower,0,2,8,0,10,0,0,10,0,10,0,2,18,0,20,8,0,8,28
01/10/2022,ESN,MD,AEA,EN,Federal Contract Tower,0,1,7,0,8,0,0,21,0,21,0,1,28,0,29,22,16,38,67
01/11/2022,ESN,MD,AEA,EN,Federal Contract Tower,0,2,4,2,8,0,1,22,2,25,0,3,26,4,33,124,0,124,157
01/12/2022,ESN,MD,AEA,EN,Federal Contract Tower,0,4,8,0,12,0,12,44,2,58,0,16,52,2,70,50,0,50,120
01/13/2022,ESN,MD,AEA,EN,Federal Contract Tower,0,1,16,0,17,0,7,74,0,81,0,8,90,0,98,144,14,158,256
01/14/2022,ESN,MD,AEA,EN,Federal Contract Tower,0,7,15,0,22,0,0,37,0,37,0,7,52,0,59,106,0,106,165
01/15/2022,ESN,MD,AEA,EN,Federal Contract Tower,0,8,6,0,14,0,9,40,0,49,0,17,46,0,63,64,0,64,127
01/16/2022,ESN,MD,AEA,EN,Federal Contract Tower,0,1,2,0,3,0,0,14,0,14,0,1,16,0,17,44,0,44,61
01/17/2022,ESN,MD,AEA,EN,Federal Contract Tower,0,1,4,0,5,0,0,0,0,0,0,1,4,0,5,0,0,0,5
01/18/2022,ESN,MD,AEA,EN,Federal Contract Tower,0,4,13,0,17,0,0,24,2,26,0,4,37,2,43,16,16,32,75
01/19/2022,ESN,MD,AEA,EN,Federal Contract Tower,0,1,13,0,14,0,2,30,6,38,0,3,43,6,52,28,26,54,106
01/20/2022,ESN,MD,AEA,EN,Federal Contract Tower,0,0,2,0,2,0,0,0,0,0,0,0,2,0,2,0,0,0,2
01/21/2022,ESN,MD,AEA,EN,Federal Contract Tower,0,3,7,0,10,0,3,27,6,36,0,6,34,6,46,68,10,78,124
01/22/2022,ESN,MD,AEA,EN,Federal Contract Tower,0,2,11,0,13,0,2,64,4,70,0,4,75,4,83,80,4,84,167
01/23/2022,ESN,MD,AEA,EN,Federal Contract Tower,0,0,17,0,17,0,0,66,0,66,0,0,83,0,83,116,0,116,199
01/24/2022,ESN,MD,AEA,EN,Federal Contract Tower,0,6,7,0,13,0,9,37,4,50,0,15,44,4,63,62,0,62,125
01/25/2022,ESN,MD,AEA,EN,Federal Contract Tower,0,6,13,0,19,0,2,49,0,51,0,8,62,0,70,108,0,108,178
01/26/2022,ESN,MD,AEA,EN,Federal Contract Tower,0,6,21,0,27,0,6,80,13,99,0,12,101,13,126,164,22,186,312
01/27/2022,ESN,MD,AEA,EN,Federal Contract Tower,0,5,20,0,25,0,3,44,0,47,0,8,64,0,72,114,0,114,186
01/28/2022,ESN,MD,AEA,EN,Federal Contract Tower,0,1,11,0,12,0,3,19,0,22,0,4,30,0,34,24,0,24,58
01/29/2022,ESN,MD,AEA,EN,Federal Contract Tower,0,0,1,0,1,0,0,1,0,1,0,0,2,0,2,0,0,0,2
01/30/2022,ESN,MD,AEA,EN,Federal Contract Tower,0,3,15,0,18,0,9,17,0,26,0,12,32,0,44,50,0,50,94
01/31/2022,ESN,MD,AEA,EN,Federal Contract Tower,0,8,17,4,29,0,0,36,2,38,0,8,53,6,67,72,4,76,143
02/01/2022,ESN,MD,AEA,EN,Federal Contract Tower,0,4,11,0,15,0,4,46,4,54,0,8,57,4,69,86,46,132,201
02/02/2022,ESN,MD,AEA,EN,Federal Contract Tower,0,0,13,0,13,0,0,50,1,51,0,0,63,1,64,136,0,136,200
02/03/2022,ESN,MD,AEA,EN,Federal Contract Tower,0,4,15,0,19,0,0,0,0,0,0,4,15,0,19,0,0,0,19
02/04/2022,ESN,MD,AEA,EN,Federal Contract Tower,0,0,5,0,5,0,0,0,0,0,0,0,5,0,5,0,0,0,5
02/05/2022,ESN,MD,AEA,EN,Federal Contract Tower,0,12,6,0,18,0,4,21,0,25,0,16,27,0,43,38,0,38,81
02/06/2022,ESN,MD,AEA,EN,Federal Contract Tower,0,1,28,0,29,0,4,67,4,75,0,5,95,4,104,186,4,190,294
02/07/2022,ESN,MD,AEA,EN,Federal Contract Tower,0,4,10,0,14,0,1,3,0,4,0,5,13,0,18,0,0,0,18
02/08/2022,ESN,MD,AEA,EN,Federal Contract Tower,0,2,3,0,5,0,4,47,0,51,0,6,50,0,56,132,4,136,192
02/09/2022,ESN,MD,AEA,EN,Federal Contract Tower,0,5,6,0,11,0,2,63,4,69,0,7,69,4,80,74,8,82,162
02/10/2022,ESN,MD,AEA,EN,Federal Contract Tower,0,5,6,0,11,0,8,38,0,46,0,13,44,0,57,140,4,144,201
02/11/2022,ESN,MD,AEA,EN,Federal Contract Tower,0,3,12,0,15,0,9,65,4,78,0,12,77,4,93,112,14,126,219
02/12/2022,ESN,MD,AEA,EN,Federal Contract Tower,0,4,14,0,18,0,1,76,0,77,0,5,90,0,95,174,0,174,269
02/13/2022,ESN,MD,AEA,EN,Federal Contract Tower,0,6,6,0,12,0,0,0,0,0,0,6,6,0,12,0,0,0,12
02/14/2022,ESN,MD,AEA,EN,Federal Contract Tower,0,5,9,0,14,0,0,16,0,16,0,5,25,0,30,56,0,56,86
02/15/2022,ESN,MD,AEA,EN,Federal Contract Tower,0,2,15,3,20,0,2,65,1,68,0,4,80,4,88,134,2,136,224
02/16/2022,ESN,MD,AEA,EN,Federal Contract Tower,0,0,9,0,9,0,0,47,4,51,0,0,56,4,60,132,14,146,206
02/17/2022,ESN,MD,AEA,EN,Federal Contract Tower,0,8,11,0,19,0,6,37,0,43,0,14,48,0,62,42,0,42,104
02/18/2022,ESN,MD,AEA,EN,Federal Contract Tower,0,2,12,0,14,0,3,8,0,11,0,5,20,0,25,0,0,0,25
02/19/2022,ESN,MD,AEA,EN,Federal Contract Tower,0,2,3,0,5,0,0,63,0,63,0,2,66,0,68,150,0,150,218
02/20/2022,ESN,MD,AEA,EN,Federal Contract Tower,0,6,20,0,26,0,123,0,0,123,0,129,20,0,149,262,0,262,411
02/21/2022,ESN,MD,AEA,EN,Federal Contract Tower,0,4,20,0,24,0,3,101,0,104,0,7,121,0,128,194,8,202,330
02/22/2022,ESN,MD,AEA,EN,Federal Contract Tower,0,3,12,4,19,0,14,6,0,20,0,17,18,4,39,14,8,22,61
02/23/2022,ESN,MD,AEA,EN,Federal Contract Tower,0,6,7,0,13,0,6,36,0,42,0,12,43,0,55,42,0,42,97
02/24/2022,ESN,MD,AEA,EN,Federal Contract Tower,0,8,7,0,15,0,0,21,0,21,0,8,28,0,36,32,0,32,68
02/25/2022,ESN,MD,AEA,EN,Federal Contract Tower,0,7,4,0,11,0,0,5,2,7,0,7,9,2,18,10,0,10,28
02/26/2022,ESN,MD,AEA,EN,Federal Contract Tower,0,1,15,0,16,0,0,112,0,112,0,1,127,0,128,174,0,174,302
02/27/2022,ESN,MD,AEA,EN,Federal Contract Tower,0,4,7,0,11,0,0,63,0,63,0,4,70,0,74,162,0,162,236
02/28/2022,ESN,MD,AEA,EN,Federal Contract Tower,0,4,16,0,20,0,0,59,6,65,0,4,75,6,85,104,4,108,193
03/01/2022,ESN,MD,AEA,EN,Federal Contract Tower,0,7,12,0,19,0,3,50,0,53,0,10,62,0,72,92,2,94,166
03/02/2022,ESN,MD,AEA,EN,Federal Contract Tower,0,5,22,0,27,0,1,84,1,86,0,6,106,1,113,172,4,176,289
03/03/2022,ESN,MD,AEA,EN,Federal Contract Tower,0,10,7,0,17,0,2,49,0,51,0,12,56,0,68,112,2,114,182
03/04/2022,ESN,MD,AEA,EN,Federal Contract Tower,0,6,16,0,22,0,5,87,5,97,0,11,103,5,119,182,14,196,315
03/05/2022,ESN,MD,AEA,EN,Federal Contract Tower,0,0,10,0,10,0,0,65,0,65,0,0,75,0,75,146,4,150,225
03/06/2022,ESN,MD,AEA,EN,Federal Contract Tower,0,5,9,0,14,0,3,1,0,4,0,8,10,0,18,0,0,0,18
03/07/2022,ESN,MD,AEA,EN,Federal Contract Tower,0,5,5,0,10,0,0,2,0,2,0,5,7,0,12,0,0,0,12
03/08/2022,ESN,MD,AEA,EN,Federal Contract Tower,0,1,11,0,12,0,1,31,4,36,0,2,42,4,48,76,0,76,124
03/09/2022,ESN,MD,AEA,EN,Federal Contract Tower,0,1,6,0,7,0,0,0,0,0,0,1,6,0,7,0,0,0,7
03/10/2022,ESN,MD,AEA,EN,Federal Contract Tower,0,9,25,0,34,0,14,58,2,74,0,23,83,2,108,176,2,178,286
03/11/2022,ESN,MD,AEA,EN,Federal Contract Tower,0,7,21,0,28,0,4,89,2,95,0,11,110,2,123,232,0,232,355
03/12/2022,ESN,MD,AEA,EN,Federal Contract Tower,0,2,0,0,2,0,0,0,0,0,0,2,0,0,2,0,0,0,2
03/13/2022,ESN,MD,AEA,EN,Federal Contract Tower,0,5,8,0,13,0,2,26,0,28,0,7,34,0,41,114,0,114,155
03/14/2022,ESN,MD,AEA,EN,Federal Contract Tower,0,7,8,0,15,0,8,63,0,71,0,15,71,0,86,98,50,148,234
03/15/2022,ESN,MD,AEA,EN,Federal Contract Tower,0,6,10,2,18,0,3,46,8,57,0,9,56,10,75,96,20,116,191
03/16/2022,ESN,MD,AEA,EN,Federal Contract Tower,0,4,16,0,20,0,6,96,5,107,0,10,112,5,127,200,16,216,343
03/17/2022,ESN,MD,AEA,EN,Federal Contract Tower,0,8,9,0,17,0,0,0,0,0,0,8,9,0,17,0,0,0,17
03/18/2022,ESN,MD,AEA,EN,Federal Contract Tower,0,4,21,0,25,0,15,72,2,89,0,19,93,2,114,160,20,180,294
03/19/2022,ESN,MD,AEA,EN,Federal Contract Tower,0,3,6,0,9,0,1,37,0,38,0,4,43,0,47,88,0,88,135
03/20/2022,ESN,MD,AEA,EN,Federal Contract Tower,0,2,6,0,8,0,2,26,0,28,0,4,32,0,36,10,0,10,46
03/21/2022,ESN,MD,AEA,EN,Federal Contract Tower,0,6,14,0,20,0,3,62,1,66,0,9,76,1,86,118,0,118,204
03/22/2022,ESN,MD,AEA,EN,Federal Contract Tower,0,1,12,0,13,0,15,87,0,102,0,16,99,0,115,136,24,160,275
03/23/2022,ESN,MD,AEA,EN,Federal Contract Tower,0,2,2,0,4,0,2,8,0,10,0,4,10,0,14,2,2,4,18
03/24/2022,ESN,MD,AEA,EN,Federal Contract Tower,0,2,4,0,6,0,0,0,0,0,0,2,4,0,6,0,0,0,6
03/25/2022,ESN,MD,AEA,EN,Federal Contract Tower,0,5,10,0,15,0,3,68,0,71,0,8,78,0,86,184,20,204,290
03/26/2022,ESN,MD,AEA,EN,Federal Contract Tower,0,7,1,0,8,0,0,10,0,10,0,7,11,0,18,14,0,14,32
03/27/2022,ESN,MD,AEA,EN,Federal Contract Tower,0,4,3,0,7,0,0,17,0,17,0,4,20,0,24,28,0,28,52
03/28/2022,ESN,MD,AEA,EN,Federal Contract Tower,0,5,8,0,13,0,0,15,0,15,0,5,23,0,28,4,0,4,32
03/29/2022,ESN,MD,AEA,EN,Federal Contract Tower,0,1,11,0,12,0,1,34,3,38,0,2,45,3,50,50,18,68,118
03/30/2022,ESN,MD,AEA,EN,Federal Contract Tower,0,1,9,0,10,0,2,38,8,48,0,3,47,8,58,76,12,88,146
03/31/2022,ESN,MD,AEA,EN,Federal Contract Tower,0,10,5,0,15,0,0,4,2,6,0,10,9,2,21,0,0,0,21
04/01/2022,ESN,MD,AEA,EN,Federal Contract Tower,0,8,15,2,25,0,3,28,9,40,0,11,43,11,65,20,0,20,85
04/02/2022,ESN,MD,AEA,EN,Federal Contract Tower,0,7,15,0,22,0,5,117,0,122,0,12,132,0,144,210,0,210,354
04/03/2022,ESN,MD,AEA,EN,Federal Contract Tower,0,9,15,0,24,0,0,27,0,27,0,9,42,0,51,52,0,52,103
04/04/2022,ESN,MD,AEA,EN,Federal Contract Tower,0,6,12,0,18,0,7,73,0,80,0,13,85,0,98,194,10,204,302
04/05/2022,ESN,MD,AEA,EN,Federal Contract Tower,0,9,12,0,21,0,3,6,0,9,0,12,18,0,30,26,4,30,60
04/06/2022,ESN,MD,AEA,EN,Federal Contract Tower,0,5,16,5,26,0,1,3,0,4,0,6,19,5,30,0,8,8,38
04/07/2022,ESN,MD,AEA,EN,Federal Contract Tower,0,2,7,0,9,0,0,0,0,0,0,2,7,0,9,0,0,0,9
04/08/2022,ESN,MD,AEA,EN,Federal Contract Tower,0,2,16,0,18,0,10,70,2,82,0,12,86,2,100,138,0,138,238
04/09/2022,ESN,MD,AEA,EN,Federal Contract Tower,0,4,17,0,21,0,0,61,0,61,0,4,78,0,82,100,2,102,184
04/10/2022,ESN,MD,AEA,EN,Federal Contract Tower,0,4,14,0,18,0,0,36,2,38,0,4,50,2,56,12,0,12,68
04/11/2022,ESN,MD,AEA,EN,Federal Contract Tower,0,7,13,0,20,0,11,85,3,99,0,18,98,3,119,196,0,196,315
04/12/2022,ESN,MD,AEA,EN,Federal Contract Tower,0,3,9,2,14,0,26,73,0,99,0,29,82,2,113,218,4,222,335
04/13/2022,ESN,MD,AEA,EN,Federal Contract Tower,0,2,20,2,24,0,8,51,3,62,0,10,71,5,86,88,2,90,176
04/14/2022,ESN,MD,AEA,EN,Federal Contract Tower,0,7,10,0,17,0,23,7,4,34,0,30,17,4,51,22,34,56,107
04/15/2022,ESN,MD,AEA,EN,Federal Contract Tower,0,3,15,0,18,0,6,95,0,101,0,9,110,0,119,186,2,188,307
04/16/2022,ESN,MD,AEA,EN,Federal Contract Tower,0,3,10,0,13,0,0,36,0,36,0,3,46,0,49,56,0,56,105
04/17/2022,ESN,MD,AEA,EN,Federal Contract Tower,0,3,12,0,15,0,2,40,0,42,0,5,52,0,57,48,0,48,105
04/18/2022,ESN,MD,AEA,EN,Federal Contract Tower,0,8,14,0,22,0,1,9,0,10,0,9,23,0,32,8,0,8,40
04/19/2022,ESN,MD,AEA,EN,Federal Contract Tower,0,0,24,1,25,0,5,12,3,20,0,5,36,4,45,8,64,72,117
04/20/2022,ESN,MD,AEA,EN,Federal Contract Tower,0,4,14,0,18,0,15,89,10,114,0,19,103,10,132,118,74,192,324
04/21/2022,ESN,MD,AEA,EN,Federal Contract Tower,0,7,17,0,24,0,3,46,0,49,0,10,63,0,73,94,2,96,169
04/22/2022,ESN,MD,AEA,EN,Federal Contract Tower,0,2,18,0,20,0,0,65,0,65,0,2,83,0,85,168,6,174,259
04/23/2022,ESN,MD,AEA,EN,Federal Contract Tower,0,1,8,0,9,0,0,76,0,76,0,1,84,0,85,184,0,184,269
04/24/2022,ESN,MD,AEA,EN,Federal Contract Tower,0,1,14,0,15,0,0,88,0,88,0,1,102,0,103,160,0,160,263
04/25/2022,ESN,MD,AEA,EN,Federal Contract Tower,0,6,22,0,28,0,1,18,0,19,0,7,40,0,47,38,0,38,85
04/26/2022,ESN,MD,AEA,EN,Federal Contract Tower,0,7,29,0,36,0,8,0,0,8,0,15,29,0,44,0,0,0,44
04/27/2022,ESN,MD,AEA,EN,Federal Contract Tower,0,3,14,0,17,0,17,27,0,44,0,20,41,0,61,42,30,72,133
04/28/2022,ESN,MD,AEA,EN,Federal Contract Tower,0,5,7,0,12,0,7,13,6,26,0,12,20,6,38,24,20,44,82
04/29/2022,ESN,MD,AEA,EN,Federal Contract Tower,0,6,22,0,28,0,5,72,0,77,0,11,94,0,105,120,2,122,227
04/30/2022,ESN,MD,AEA,EN,Federal Contract Tower,0,6,10,0,16,0,0,106,0,106,0,6,116,0,122,166,0,166,288
05/01/2022,ESN,MD,AEA,EN,Federal Contract Tower,0,8,20,0,28,0,0,26,0,26,0,8,46,0,54,44,0,44,98
05/02/2022,ESN,MD,AEA,EN,Federal Contract Tower,0,1,14,0,15,0,4,35,1,40,0,5,49,1,55,106,0,106,161
05/03/2022,ESN,MD,AEA,EN,Federal Contract Tower,0,6,20,1,27,0,0,38,2,40,0,6,58,3,67,34,10,44,111
05/04/2022,ESN,MD,AEA,EN,Federal Contract Tower,0,5,11,1,17,0,6,4,0,10,0,11,15,1,27,8,0,8,35
05/05/2022,ESN,MD,AEA,EN,Federal Contract Tower,0,9,19,6,34,0,8,27,4,39,0,17,46,10,73,64,6,70,143
05/06/2022,ESN,MD,AEA,EN,Federal Contract Tower,0,9,11,0,20,0,0,3,0,3,0,9,14,0,23,0,0,0,23
05/07/2022,ESN,MD,AEA,EN,Federal Contract Tower,0,9,2,0,11,0,0,0,0,0,0,9,2,0,11,0,0,0,11
05/08/2022,ESN,MD,AEA,EN,Federal Contract Tower,0,3,8,0,11,0,0,4,0,4,0,3,12,0,15,0,0,0,15
05/09/2022,ESN,MD,AEA,EN,Federal Contract Tower,0,11,8,0,19,0,4,37,0,41,0,15,45,0,60,64,0,64,124
05/10/2022,ESN,MD,AEA,EN,Federal Contract Tower,0,8,2,0,10,0,0,39,8,47,0,8,41,8,57,72,8,80,137
05/11/2022,ESN,MD,AEA,EN,Federal Contract Tower,0,6,25,0,31,0,1,50,4,55,0,7,75,4,86,68,12,80,166
05/12/2022,ESN,MD,AEA,EN,Federal Contract Tower,0,6,38,0,44,0,6,2,0,8,0,12,40,0,52,0,0,0,52
05/13/2022,ESN,MD,AEA,EN,Federal Contract Tower,0,3,9,2,14,0,0,3,0,3,0,3,12,2,17,0,0,0,17
05/14/2022,ESN,MD,AEA,EN,Federal Contract Tower,0,9,9,0,18,0,0,0,0,0,0,9,9,0,18,0,0,0,18
05/15/2022,ESN,MD,AEA,EN,Federal Contract Tower,0,14,29,0,43,0,0,41,0,41,0,14,70,0,84,78,0,78,162
05/16/2022,ESN,MD,AEA,EN,Federal Contract Tower,0,4,12,0,16,0,2,12,0,14,0,6,24,0,30,24,0,24,54
05/17/2022,ESN,MD,AEA,EN,Federal Contract Tower,0,4,10,1,15,0,4,73,3,80,0,8,83,4,95,154,0,154,249
05/18/2022,ESN,MD,AEA,EN,Federal Contract Tower,0,6,9,0,15,0,1,88,0,89,0,7,97,0,104,198,0,198,302
05/19/2022,ESN,MD,AEA,EN,Federal Contract Tower,0,7,20,0,27,0,0,62,15,77,0,7,82,15,104,220,50,270,374
05/20/2022,ESN,MD,AEA,EN,Federal Contract Tower,0,13,9,1,23,0,0,43,4,47,0,13,52,5,70,88,8,96,166
05/21/2022,ESN,MD,AEA,EN,Federal Contract Tower,0,12,14,0,26,0,13,74,0,87,0,25,88,0,113,106,0,106,219
05/22/2022,ESN,MD,AEA,EN,Federal Contract Tower,0,6,10,0,16,0,2,31,0,33,0,8,41,0,49,42,0,42,91
05/23/2022,ESN,MD,AEA,EN,Federal Contract Tower,0,5,16,0,21,0,1,61,1,63,0,6,77,1,84,172,18,190,274
05/24/2022,ESN,MD,AEA,EN,Federal Contract Tower,0,5,12,0,17,0,0,12,2,14,0,5,24,2,31,16,0,16,47
05/25/2022,ESN,MD,AEA,EN,Federal Contract Tower,0,3,19,0,22,0,5,37,4,46,0,8,56,4,68,68,0,68,136
05/26/2022,ESN,MD,AEA,EN,Federal Contract Tower,0,16,25,0,41,0,0,4,0,4,0,16,29,0,45,2,0,2,47
05/27/2022,ESN,MD,AEA,EN,Federal Contract Tower,0,5,4,0,9,0,2,0,0,2,0,7,4,0,11,0,0,0,11
05/28/2022,ESN,MD,AEA,EN,Federal Contract Tower,0,4,14,0,18,0,2,57,0,59,0,6,71,0,77,90,0,90,167
05/29/2022,ESN,MD,AEA,EN,Federal Contract Tower,0,5,11,0,16,0,8,84,6,98,0,13,95,6,114,110,0,110,224
05/30/2022,ESN,MD,AEA,EN,Federal Contract Tower,0,5,3,0,8,0,7,48,0,55,0,12,51,0,63,142,0,142,205
05/31/2022,ESN,MD,AEA,EN,Federal Contract Tower,0,9,16,0,25,0,7,69,1,77,0,16,85,1,102,182,0,182,284
06/01/2022,ESN,MD,AEA,EN,Federal Contract Tower,0,3,13,0,16,0,15,57,4,76,0,18,70,4,92,102,32,134,226
06/02/2022,ESN,MD,AEA,EN,Federal Contract Tower,0,9,14,2,25,0,2,9,3,14,0,11,23,5,39,8,0,8,47
06/03/2022,ESN,MD,AEA,EN,Federal Contract Tower,0,10,13,0,23,0,6,54,0,60,0,16,67,0,83,106,8,114,197
06/04/2022,ESN,MD,AEA,EN,Federal Contract Tower,0,5,11,0,16,0,5,72,0,77,0,10,83,0,93,126,0,126,219
06/05/2022,ESN,MD,AEA,EN,Federal Contract Tower,0,14,19,0,33,0,8,61,0,69,0,22,80,0,102,102,0,102,204
06/06/2022,ESN,MD,AEA,EN,Federal Contract Tower,0,8,18,0,26,0,1,76,76,153,0,9,94,76,179,64,72,136,315
06/07/2022,ESN,MD,AEA,EN,Federal Contract Tower,0,3,18,0,21,0,5,44,65,114,0,8,62,65,135,58,76,134,269
06/08/2022,ESN,MD,AEA,EN,Federal Contract Tower,0,10,28,0,38,0,12,53,91,156,0,22,81,91,194,70,196,266,460
06/09/2022,ESN,MD,AEA,EN,Federal Contract Tower,0,5,19,0,24,0,30,31,47,108,0,35,50,47,132,36,82,118,250
06/10/2022,ESN,MD,AEA,EN,Federal Contract Tower,0,8,21,0,29,0,4,58,51,113,0,12,79,51,142,62,106,168,310
06/11/2022,ESN,MD,AEA,EN,Federal Contract Tower,0,5,15,0,20,0,4,40,58,102,0,9,55,58,122,24,150,174,296
06/12/2022,ESN,MD,AEA,EN,Federal Contract Tower,0,4,8,0,12,0,6,10,0,16,0,10,18,0,28,30,0,30,58
06/13/2022,ESN,MD,AEA,EN,Federal Contract Tower,0,8,14,0,22,0,11,53,73,137,0,19,67,73,159,120,236,356,515
06/14/2022,ESN,MD,AEA,EN,Federal Contract Tower,0,2,12,0,14,0,0,4,21,25,0,2,16,21,39,14,108,122,161
06/15/2022,ESN,MD,AEA,EN,Federal Contract Tower,0,10,12,2,24,0,3,49,70,122,0,13,61,72,146,46,248,294,440
06/16/2022,ESN,MD,AEA,EN,Federal Contract Tower,0,7,7,0,14,0,2,9,50,61,0,9,16,50,75,28,192,220,295
06/17/2022,ESN,MD,AEA,EN,Federal Contract Tower,0,5,12,0,17,0,0,39,51,90,0,5,51,51,107,60,200,260,367
06/18/2022,ESN,MD,AEA,EN,Federal Contract Tower,0,6,13,0,19,0,4,26,0,30,0,10,39,0,49,28,0,28,77
06/19/2022,ESN,MD,AEA,EN,Federal Contract Tower,0,5,5,0,10,0,4,24,0,28,0,9,29,0,38,18,0,18,56
06/20/2022,ESN,MD,AEA,EN,Federal Contract Tower,0,5,6,0,11,0,5,75,80,160,0,10,81,80,171,102,216,318,489
06/21/2022,ESN,MD,AEA,EN,Federal Contract Tower,0,11,3,0,14,0,7,40,51,98,0,18,43,51,112,78,156,234,346
06/22/2022,ESN,MD,AEA,EN,Federal Contract Tower,0,5,11,0,16,0,4,38,20,62,0,9,49,20,78,72,74,146,224
06/23/2022,ESN,MD,AEA,EN,Federal Contract Tower,0,11,15,0,26,0,10,1,2,13,0,21,16,2,39,10,18,28,67
06/24/2022,ESN,MD,AEA,EN,Federal Contract Tower,0,12,20,0,32,0,15,84,0,99,0,27,104,0,131,156,0,156,287
06/25/2022,ESN,MD,AEA,EN,Federal Contract Tower,0,5,6,0,11,0,6,90,0,96,0,11,96,0,107,104,0,104,211
06/26/2022,ESN,MD,AEA,EN,Federal Contract Tower,0,12,16,0,28,0,3,48,0,51,0,15,64,0,79,112,0,112,191
06/27/2022,ESN,MD,AEA,EN,Federal Contract Tower,0,4,19,0,23,0,0,13,0,13,0,4,32,0,36,42,0,42,78
06/28/2022,ESN,MD,AEA,EN,Federal Contract Tower,0,10,18,0,28,0,7,66,17,90,0,17,84,17,118,122,86,208,326
06/29/2022,ESN,MD,AEA,EN,Federal Contract Tower,0,3,10,0,13,0,4,80,15,99,0,7,90,15,112,110,28,138,250
06/30/2022,ESN,MD,AEA,EN,Federal Contract Tower,0,7,12,0,19,0,4,59,0,63,0,11,71,0,82,140,0,140,222
07/01/2022,ESN,MD,AEA,EN,Federal Contract Tower,0,10,12,0,22,0,4,54,4,62,0,14,66,4,84,72,0,72,156
07/02/2022,ESN,MD,AEA,EN,Federal Contract Tower,0,0,7,0,7,0,2,31,27,60,0,2,38,27,67,42,60,102,169
07/03/2022,ESN,MD,AEA,EN,Federal Contract Tower,0,2,7,0,9,0,9,29,0,38,0,11,36,0,47,40,0,40,87
07/04/2022,ESN,MD,AEA,EN,Federal Contract Tower,0,5,7,0,12,0,3,52,0,55,0,8,59,0,67,48,0,48,115
07/05/2022,ESN,MD,AEA,EN,Federal Contract Tower,0,7,13,0,20,0,2,13,33,48,0,9,26,33,68,32,100,132,200
07/06/2022,ESN,MD,AEA,EN,Federal Contract Tower,0,6,18,0,24,0,0,71,49,120,0,6,89,49,144,86,134,220,364
07/07/2022,ESN,MD,AEA,EN,Federal Contract Tower,0,12,45,0,57,0,1,4,0,5,0,13,49,0,62,6,8,14,76
07/08/2022,ESN,MD,AEA,EN,Federal Contract Tower,0,6,28,0,34,0,0,44,55,99,0,6,72,55,133,64,114,178,311
07/09/2022,ESN,MD,AEA,EN,Federal Contract Tower,0,4,8,0,12,0,0,0,0,0,0,4,8,0,12,0,0,0,12
07/10/2022,ESN,MD,AEA,EN,Federal Contract Tower,0,6,19,0,25,0,5,68,0,73,0,11,87,0,98,150,0,150,248
07/11/2022,ESN,MD,AEA,EN,Federal Contract Tower,0,5,10,0,15,0,6,74,47,127,0,11,84,47,142,130,114,244,386
07/12/2022,ESN,MD,AEA,EN,Federal Contract Tower,0,6,21,1,28,0,9,24,43,76,0,15,45,44,104,50,192,242,346
07/13/2022,ESN,MD,AEA,EN,Federal Contract Tower,0,7,9,0,16,0,10,45,47,102,0,17,54,47,118,68,176,244,362
07/14/2022,ESN,MD,AEA,EN,Federal Contract Tower,0,2,20,0,22,0,9,60,41,110,0,11,80,41,132,54,186,240,372
07/15/2022,ESN,MD,AEA,EN,Federal Contract Tower,0,2,12,0,14,0,3,37,50,90,0,5,49,50,104,56,186,242,346
07/16/2022,ESN,MD,AEA,EN,Federal Contract Tower,0,0,20,0,20,0,2,35,37,74,0,2,55,37,94,58,72,130,224
07/17/2022,ESN,MD,AEA,EN,Federal Contract Tower,0,3,9,0,12,0,11,35,0,46,0,14,44,0,58,66,0,66,124
07/18/2022,ESN,MD,AEA,EN,Federal Contract Tower,0,6,9,0,15,0,10,29,32,71,0,16,38,32,86,20,66,86,172
07/19/2022,ESN,MD,AEA,EN,Federal Contract Tower,0,2,14,0,16,0,0,58,27,85,0,2,72,27,101,116,98,214,315
07/20/2022,ESN,MD,AEA,EN,Federal Contract Tower,0,9,2,0,11,0,4,66,0,70,0,13,68,0,81,60,32,92,173
07/21/2022,ESN,MD,AEA,EN,Federal Contract Tower,0,4,16,0,20,0,4,36,0,40,0,8,52,0,60,50,0,50,110
07/22/2022,ESN,MD,AEA,EN,Federal Contract Tower,0,9,16,0,25,0,4,50,0,54,0,13,66,0,79,104,0,104,183
07/23/2022,ESN,MD,AEA,EN,Federal Contract Tower,0,4,13,0,17,0,1,31,2,34,0,5,44,2,51,106,0,106,157
07/24/2022,ESN,MD,AEA,EN,Federal Contract Tower,0,3,14,0,17,0,2,37,0,39,0,5,51,0,56,72,0,72,128
07/25/2022,ESN,MD,AEA,EN,Federal Contract Tower,0,5,9,0,14,0,1,21,0,22,0,6,30,0,36,4,0,4,40
07/26/2022,ESN,MD,AEA,EN,Federal Contract Tower,0,9,14,0,23,0,18,2,0,20,0,27,16,0,43,30,4,34,77
07/27/2022,ESN,MD,AEA,EN,Federal Contract Tower,0,7,20,0,27,0,2,25,4,31,0,9,45,4,58,30,12,42,100
07/28/2022,ESN,MD,AEA,EN,Federal Contract Tower,0,10,17,0,27,0,8,38,5,51,0,18,55,5,78,32,22,54,132
07/29/2022,ESN,MD,AEA,EN,Federal Contract Tower,0,6,8,0,14,0,0,30,2,32,0,6,38,2,46,36,28,64,110
07/30/2022,ESN,MD,AEA,EN,Federal Contract Tower,0,11,10,0,21,0,9,54,43,106,0,20,64,43,127,80,44,124,251
07/31/2022,ESN,MD,AEA,EN,Federal Contract Tower,0,13,26,0,39,0,4,45,0,49,0,17,71,0,88,102,0,102,190
08/01/2022,ESN,MD,AEA,EN,Federal Contract Tower,0,7,13,0,20,0,5,25,24,54,0,12,38,24,74,32,52,84,158
08/02/2022,ESN,MD,AEA,EN,Federal Contract Tower,0,7,20,2,29,0,17,64,49,130,0,24,84,51,159,66,152,218,377
08/03/2022,ESN,MD,AEA,EN,Federal Contract Tower,0,4,10,0,14,0,5,44,31,80,0,9,54,31,94,48,56,104,198
08/04/2022,ESN,MD,AEA,EN,Federal Contract Tower,0,9,20,1,30,0,3,33,30,66,0,12,53,31,96,58,108,166,262
08/05/2022,ESN,MD,AEA,EN,Federal Contract Tower,0,7,31,0,38,0,0,12,34,46,0,7,43,34,84,24,134,158,242
08/06/2022,ESN,MD,AEA,EN,Federal Contract Tower,0,4,16,0,20,0,3,55,50,108,0,7,71,50,128,72,162,234,362
08/07/2022,ESN,MD,AEA,EN,Federal Contract Tower,0,7,18,0,25,0,4,67,0,71,0,11,85,0,96,128,0,128,224
08/08/2022,ESN,MD,AEA,EN,Federal Contract Tower,0,6,13,0,19,0,4,53,63,120,0,10,66,63,139,78,300,378,517
08/09/2022,ESN,MD,AEA,EN,Federal Contract Tower,0,4,15,0,19,0,8,39,48,95,0,12,54,48,114,120,206,326,440
08/10/2022,ESN,MD,AEA,EN,Federal Contract Tower,0,3,10,0,13,0,2,40,73,115,0,5,50,73,128,60,164,224,352
08/11/2022,ESN,MD,AEA,EN,Federal Contract Tower,0,9,23,0,32,0,6,77,30,113,0,15,100,30,145,44,90,134,279
08/12/2022,ESN,MD,AEA,EN,Federal Contract Tower,0,4,25,0,29,0,11,47,9,67,0,15,72,9,96,82,14,96,192
08/13/2022,ESN,MD,AEA,EN,Federal Contract Tower,0,6,13,0,19,0,3,80,0,83,0,9,93,0,102,90,0,90,192
08/14/2022,ESN,MD,AEA,EN,Federal Contract Tower,0,6,17,0,23,0,9,65,0,74,0,15,82,0,97,122,0,122,219
08/15/2022,ESN,MD,AEA,EN,Federal Contract Tower,0,14,12,0,26,0,3,48,0,51,0,17,60,0,77,80,0,80,157
08/16/2022,ESN,MD,AEA,EN,Federal Contract Tower,0,6,10,0,16,0,4,29,0,33,0,10,39,0,49,72,22,94,143
08/17/2022,ESN,MD,AEA,EN,Federal Contract Tower,0,4,17,0,21,0,3,42,8,53,0,7,59,8,74,50,2,52,126
08/18/2022,ESN,MD,AEA,EN,Federal Contract Tower,0,7,18,1,26,0,2,73,0,75,0,9,91,1,101,116,6,122,223
08/19/2022,ESN,MD,AEA,EN,Federal Contract Tower,0,10,21,4,35,0,27,64,2,93,0,37,85,6,128,88,2,90,218
08/20/2022,ESN,MD,AEA,EN,Federal Contract Tower,0,4,15,0,19,0,3,97,0,100,0,7,112,0,119,108,0,108,227
08/21/2022,ESN,MD,AEA,EN,Federal Contract Tower,0,10,31,0,41,0,2,19,0,21,0,12,50,0,62,30,0,30,92
08/22/2022,ESN,MD,AEA,EN,Federal Contract Tower,0,7,11,2,20,0,2,8,2,12,0,9,19,4,32,12,0,12,44
08/23/2022,ESN,MD,AEA,EN,Federal Contract Tower,0,0,18,0,18,0,5,36,0,41,0,5,54,0,59,106,18,124,183
08/24/2022,ESN,MD,AEA,EN,Federal Contract Tower,0,7,15,2,24,0,4,53,2,59,0,11,68,4,83,48,18,66,149
08/25/2022,ESN,MD,AEA,EN,Federal Contract Tower,0,8,5,0,13,0,6,40,9,55,0,14,45,9,68,72,32,104,172
08/26/2022,ESN,MD,AEA,EN,Federal Contract Tower,0,4,14,0,18,0,2,23,0,25,0,6,37,0,43,86,0,86,129
08/27/2022,ESN,MD,AEA,EN,Federal Contract Tower,0,4,12,0,16,0,20,50,0,70,0,24,62,0,86,62,0,62,148
08/28/2022,ESN,MD,AEA,EN,Federal Contract Tower,0,3,26,0,29,0,14,14,0,28,0,17,40,0,57,16,0,16,73
08/29/2022,ESN,MD,AEA,EN,Federal Contract Tower,0,8,7,5,20,0,1,20,0,21,0,9,27,5,41,78,0,78,119
08/30/2022,ESN,MD,AEA,EN,Federal Contract Tower,0,9,4,0,13,0,6,27,0,33,0,15,31,0,46,56,0,56,102
08/31/2022,ESN,MD,AEA,EN,Federal Contract Tower,0,9,9,0,18,0,3,48,0,51,0,12,57,0,69,70,2,72,141
09/01/2022,ESN,MD,AEA,EN,Federal Contract Tower,0,15,20,0,35,0,15,70,0,85,0,30,90,0,120,54,0,54,174
09/02/2022,ESN,MD,AEA,EN,Federal Contract Tower,0,11,15,0,26,0,1,74,0,75,0,12,89,0,101,136,0,136,237
09/03/2022,ESN,MD,AEA,EN,Federal Contract Tower,0,7,18,0,25,0,12,141,0,153,0,19,159,0,178,96,0,96,274
09/04/2022,ESN,MD,AEA,EN,Federal Contract Tower,0,3,18,0,21,0,0,53,0,53,0,3,71,0,74,88,0,88,162
09/05/2022,ESN,MD,AEA,EN,Federal Contract Tower,0,8,14,0,22,0,6,64,0,70,0,14,78,0,92,48,0,48,140
09/06/2022,ESN,MD,AEA,EN,Federal Contract Tower,0,6,12,0,18,0,0,0,0,0,0,6,12,0,18,0,18,18,36
09/07/2022,ESN,MD,AEA,EN,Federal Contract Tower,0,3,16,8,27,0,0,3,3,6,0,3,19,11,33,0,10,10,43
09/08/2022,ESN,MD,AEA,EN,Federal Contract Tower,0,4,14,0,18,0,5,45,0,50,0,9,59,0,68,70,0,70,138
09/09/2022,ESN,MD,AEA,EN,Federal Contract Tower,0,8,9,0,17,0,1,57,0,58,0,9,66,0,75,174,4,178,253
09/10/2022,ESN,MD,AEA,EN,Federal Contract Tower,0,1,18,0,19,0,4,89,0,93,0,5,107,0,112,140,0,140,252
09/11/2022,ESN,MD,AEA,EN,Federal Contract Tower,0,8,26,2,36,0,0,0,2,2,0,8,26,4,38,0,0,0,38
09/12/2022,ESN,MD,AEA,EN,Federal Contract Tower,0,11,7,0,18,0,14,5,0,19,0,25,12,0,37,12,0,12,49
09/13/2022,ESN,MD,AEA,EN,Federal Contract Tower,0,2,15,0,17,0,0,54,0,54,0,2,69,0,71,96,0,96,167
09/14/2022,ESN,MD,AEA,EN,Federal Contract Tower,0,6,21,0,27,0,8,76,14,98,0,14,97,14,125,116,12,128,253
09/15/2022,ESN,MD,AEA,EN,Federal Contract Tower,0,12,18,0,30,0,11,64,0,75,0,23,82,0,105,74,0,74,179
09/16/2022,ESN,MD,AEA,EN,Federal Contract Tower,0,10,12,0,22,0,3,67,2,72,0,13,79,2,94,172,0,172,266
09/17/2022,ESN,MD,AEA,EN,Federal Contract Tower,0,6,11,0,17,0,7,73,0,80,0,13,84,0,97,70,0,70,167
09/18/2022,ESN,MD,AEA,EN,Federal Contract Tower,0,15,14,0,29,0,3,67,0,70,0,18,81,0,99,120,2,122,221
09/19/2022,ESN,MD,AEA,EN,Federal Contract Tower,0,5,14,0,19,0,6,69,0,75,0,11,83,0,94,62,0,62,156
09/20/2022,ESN,MD,AEA,EN,Federal Contract Tower,0,11,10,0,21,0,0,40,0,40,0,11,50,0,61,82,14,96,157
09/21/2022,ESN,MD,AEA,EN,Federal Contract Tower,0,3,12,2,17,0,3,42,0,45,0,6,54,2,62,68,0,68,130
09/22/2022,ESN,MD,AEA,EN,Federal Contract Tower,0,5,19,8,32,0,8,9,2,19,0,13,28,10,51,10,18,28,79
09/23/2022,ESN,MD,AEA,EN,Federal Contract Tower,0,9,17,0,26,0,1,35,0,36,0,10,52,0,62,90,2,92,154
09/24/2022,ESN,MD,AEA,EN,Federal Contract Tower,0,4,10,0,14,0,9,71,0,80,0,13,81,0,94,126,0,126,220
09/25/2022,ESN,MD,AEA,EN,Federal Contract Tower,0,9,19,0,28,0,0,57,0,57,0,9,76,0,85,28,0,28,113
09/26/2022,ESN,MD,AEA,EN,Federal Contract Tower,0,8,12,0,20,0,1,43,2,46,0,9,55,2,66,70,2,72,138
09/27/2022,ESN,MD,AEA,EN,Federal Contract Tower,0,9,9,0,18,0,6,61,2,69,0,15,70,2,87,62,0,62,149
09/28/2022,ESN,MD,AEA,EN,Federal Contract Tower,0,3,7,0,10,0,8,68,0,76,0,11,75,0,86,94,0,94,180
09/29/2022,ESN,MD,AEA,EN,Federal Contract Tower,0,9,17,0,26,0,8,37,2,47,0,17,54,2,73,62,2,64,137
09/30/2022,ESN,MD,AEA,EN,Federal Contract Tower,0,6,5,0,11,0,0,8,0,8,0,6,13,0,19,36,0,36,55
10/01/2022,ESN,MD,AEA,EN,Federal Contract Tower,0,7,11,0,18,0,0,0,0,0,0,7,11,0,18,0,0,0,18
10/02/2022,ESN,MD,AEA,EN,Federal Contract Tower,0,3,6,0,9,0,0,0,0,0,0,3,6,0,9,0,0,0,9
10/03/2022,ESN,MD,AEA,EN,Federal Contract Tower,0,5,8,4,17,0,0,1,0,1,0,5,9,4,18,0,0,0,18
10/04/2022,ESN,MD,AEA,EN,Federal Contract Tower,0,10,16,2,28,0,0,0,0,0,0,10,16,2,28,0,0,0,28
10/05/2022,ESN,MD,AEA,EN,Federal Contract Tower,0,23,16,2,41,0,0,1,0,1,0,23,17,2,42,0,0,0,42
10/06/2022,ESN,MD,AEA,EN,Federal Contract Tower,0,9,17,0,26,0,17,61,2,80,0,26,78,2,106,122,6,128,234
10/07/2022,ESN,MD,AEA,EN,Federal Contract Tower,0,5,17,0,22,0,5,211,14,230,0,10,228,14,252,188,12,200,452
10/08/2022,ESN,MD,AEA,EN,Federal Contract Tower,0,6,13,0,19,0,11,271,3,285,0,17,284,3,304,230,0,230,534
10/09/2022,ESN,MD,AEA,EN,Federal Contract Tower,0,12,28,0,40,0,14,105,0,119,0,26,133,0,159,156,0,156,315
10/10/2022,ESN,MD,AEA,EN,Federal Contract Tower,0,11,15,0,26,0,5,78,0,83,0,16,93,0,109,86,8,94,203
10/11/2022,ESN,MD,AEA,EN,Federal Contract Tower,0,6,11,1,18,0,3,31,2,36,0,9,42,3,54,50,40,90,144
10/12/2022,ESN,MD,AEA,EN,Federal Contract Tower,0,3,18,0,21,0,15,53,0,68,0,18,71,0,89,102,2,104,193
10/13/2022,ESN,MD,AEA,EN,Federal Contract Tower,0,8,8,6,22,0,4,1,18,23,0,12,9,24,45,0,18,18,63
10/14/2022,ESN,MD,AEA,EN,Federal Contract Tower,0,8,19,0,27,0,1,79,2,82,0,9,98,2,109,86,0,86,195
10/15/2022,ESN,MD,AEA,EN,Federal Contract Tower,0,8,12,0,20,0,6,72,0,78,0,14,84,0,98,102,0,102,200
10/16/2022,ESN,MD,AEA,EN,Federal Contract Tower,0,10,18,0,28,0,3,57,0,60,0,13,75,0,88,106,0,106,194
10/17/2022,ESN,MD,AEA,EN,Federal Contract Tower,0,3,16,0,19,0,25,7,0,32,0,28,23,0,51,18,0,18,69
10/18/2022,ESN,MD,AEA,EN,Federal Contract Tower,0,4,15,2,21,0,5,47,0,52,0,9,62,2,73,102,14,116,189
10/19/2022,ESN,MD,AEA,EN,Federal Contract Tower,0,4,18,0,22,0,11,32,17,60,0,15,50,17,82,52,18,70,152
10/20/2022,ESN,MD,AEA,EN,Federal Contract Tower,0,9,14,0,23,0,9,52,0,61,0,18,66,0,84,88,24,112,196
10/21/2022,ESN,MD,AEA,EN,Federal Contract Tower,0,15,21,0,36,0,1,53,0,54,0,16,74,0,90,86,0,86,176
10/22/2022,ESN,MD,AEA,EN,Federal Contract Tower,0,7,18,0,25,0,0,89,2,91,0,7,107,2,116,68,0,68,184
10/23/2022,ESN,MD,AEA,EN,Federal Contract Tower,0,17,22,0,39,0,2,3,0,5,0,19,25,0,44,6,0,6,50
10/24/2022,ESN,MD,AEA,EN,Federal Contract Tower,0,12,15,0,27,0,0,0,0,0,0,12,15,0,27,0,0,0,27
10/25/2022,ESN,MD,AEA,EN,Federal Contract Tower,0,4,10,0,14,0,0,0,0,0,0,4,10,0,14,0,0,0,14
10/26/2022,ESN,MD,AEA,EN,Federal Contract Tower,0,4,25,0,29,0,0,9,0,9,0,4,34,0,38,12,0,12,50
10/27/2022,ESN,MD,AEA,EN,Federal Contract Tower,0,8,29,0,37,0,8,67,3,78,0,16,96,3,115,112,40,152,267
10/28/2022,ESN,MD,AEA,EN,Federal Contract Tower,0,4,20,0,24,0,2,42,0,44,0,6,62,0,68,54,6,60,128
10/29/2022,ESN,MD,AEA,EN,Federal Contract Tower,0,8,13,0,21,0,5,79,0,84,0,13,92,0,105,118,0,118,223
10/30/2022,ESN,MD,AEA,EN,Federal Contract Tower,0,10,17,0,27,0,2,34,0,36,0,12,51,0,63,90,0,90,153
10/31/2022,ESN,MD,AEA,EN,Federal Contract Tower,0,4,18,0,22,0,0,14,0,14,0,4,32,0,36,42,12,54,90
11/01/2022,ESN,MD,AEA,EN,Federal Contract Tower,0,2,10,0,12,0,4,34,0,38,0,6,44,0,50,62,10,72,122
11/02/2022,ESN,MD,AEA,EN,Federal Contract Tower,0,5,16,0,21,0,4,66,2,72,0,9,82,2,93,158,2,160,253
11/03/2022,ESN,MD,AEA,EN,Federal Contract Tower,0,8,18,0,26,0,2,59,0,61,0,10,77,0,87,96,0,96,183
11/04/2022,ESN,MD,AEA,EN,Federal Contract Tower,0,9,8,0,17,0,8,26,0,34,0,17,34,0,51,52,4,56,107
11/05/2022,ESN,MD,AEA,EN,Federal Contract Tower,0,7,21,0,28,0,2,63,0,65,0,9,84,0,93,192,0,192,285
11/06/2022,ESN,MD,AEA,EN,Federal Contract Tower,0,15,13,0,28,0,0,55,0,55,0,15,68,0,83,172,0,172,255
11/07/2022,ESN,MD,AEA,EN,Federal Contract Tower,0,1,11,0,12,0,1,53,0,54,0,2,64,0,66,120,0,120,186
11/08/2022,ESN,MD,AEA,EN,Federal Contract Tower,0,13,13,2,28,0,2,26,4,32,0,15,39,6,60,42,30,72,132
11/09/2022,ESN,MD,AEA,EN,Federal Contract Tower,0,3,12,0,15,0,4,39,3,46,0,7,51,3,61,76,0,76,137
11/10/2022,ESN,MD,AEA,EN,Federal Contract Tower,0,6,5,0,11,0,3,50,0,53,0,9,55,0,64,130,0,130,194
11/11/2022,ESN,MD,AEA,EN,Federal Contract Tower,0,5,2,0,7,0,0,0,0,0,0,5,2,0,7,0,0,0,7
11/12/2022,ESN,MD,AEA,EN,Federal Contract Tower,0,9,3,0,12,0,0,32,0,32,0,9,35,0,44,52,0,52,96
11/13/2022,ESN,MD,AEA,EN,Federal Contract Tower,0,15,11,0,26,0,6,16,0,22,0,21,27,0,48,2,0,2,50
11/14/2022,ESN,MD,AEA,EN,Federal Contract Tower,0,7,10,0,17,0,6,50,0,56,0,13,60,0,73,158,0,158,231
11/15/2022,ESN,MD,AEA,EN,Federal Contract Tower,0,1,7,0,8,0,2,17,0,19,0,3,24,0,27,124,0,124,151
11/16/2022,ESN,MD,AEA,EN,Federal Contract Tower,0,5,9,0,14,0,1,13,0,14,0,6,22,0,28,50,0,50,78
11/17/2022,ESN,MD,AEA,EN,Federal Contract Tower,0,5,22,0,27,0,2,23,1,26,0,7,45,1,53,24,0,24,77
11/18/2022,ESN,MD,AEA,EN,Federal Contract Tower,0,9,21,0,30,0,2,30,0,32,0,11,51,0,62,82,6,88,150
11/19/2022,ESN,MD,AEA,EN,Federal Contract Tower,0,10,14,0,24,0,13,64,0,77,0,23,78,0,101,140,0,140,241
11/20/2022,ESN,MD,AEA,EN,Federal Contract Tower,0,8,12,0,20,0,0,7,0,7,0,8,19,0,27,4,0,4,31
11/21/2022,ESN,MD,AEA,EN,Federal Contract Tower,0,5,12,0,17,0,3,38,0,41,0,8,50,0,58,104,52,156,214
11/22/2022,ESN,MD,AEA,EN,Federal Contract Tower,0,5,16,0,21,0,8,63,2,73,0,13,79,2,94,136,12,148,242
11/23/2022,ESN,MD,AEA,EN,Federal Contract Tower,0,12,17,0,29,0,1,50,0,51,0,13,67,0,80,54,0,54,134
11/24/2022,ESN,MD,AEA,EN,Federal Contract Tower,0,5,4,0,9,0,0,25,0,25,0,5,29,0,34,38,0,38,72
11/25/2022,ESN,MD,AEA,EN,Federal Contract Tower,0,4,5,0,9,0,1,11,0,12,0,5,16,0,21,26,0,26,47
11/26/2022,ESN,MD,AEA,EN,Federal Contract Tower,0,13,22,0,35,0,4,62,0,66,0,17,84,0,101,112,0,112,213
11/27/2022,ESN,MD,AEA,EN,Federal Contract Tower,0,9,8,0,17,0,2,4,0,6,0,11,12,0,23,0,0,0,23
11/28/2022,ESN,MD,AEA,EN,Federal Contract Tower,0,10,7,0,17,0,5,29,0,34,0,15,36,0,51,66,16,82,133
11/29/2022,ESN,MD,AEA,EN,Federal Contract Tower,0,4,14,0,18,0,3,46,0,49,0,7,60,0,67,86,0,86,153
11/30/2022,ESN,MD,AEA,EN,Federal Contract Tower,0,2,8,0,10,0,8,0,0,8,0,10,8,0,18,0,0,0,18
12/01/2022,ESN,MD,AEA,EN,Federal Contract Tower,0,3,10,0,13,0,4,32,6,42,0,7,42,6,55,22,26,48,103
12/02/2022,ESN,MD,AEA,EN,Federal Contract Tower,0,4,20,1,25,0,4,53,1,58,0,8,73,2,83,78,26,104,187
12/03/2022,ESN,MD,AEA,EN,Federal Contract Tower,0,2,3,0,5,0,0,1,0,1,0,2,4,0,6,0,0,0,6
12/04/2022,ESN,MD,AEA,EN,Federal Contract Tower,0,3,8,0,11,0,6,90,0,96,0,9,98,0,107,138,0,138,245
12/05/2022,ESN,MD,AEA,EN,Federal Contract Tower,0,2,12,0,14,0,1,48,0,49,0,3,60,0,63,78,0,78,141
12/06/2022,ESN,MD,AEA,EN,Federal Contract Tower,0,5,7,0,12,0,0,0,0,0,0,5,7,0,12,0,0,0,12
12/07/2022,ESN,MD,AEA,EN,Federal Contract Tower,0,6,4,0,10,0,0,0,0,0,0,6,4,0,10,0,0,0,10
12/08/2022,ESN,MD,AEA,EN,Federal Contract Tower,0,7,16,0,23,0,3,34,0,37,0,10,50,0,60,100,4,104,164
12/09/2022,ESN,MD,AEA,EN,Federal Contract Tower,0,1,13,0,14,0,1,44,0,45,0,2,57,0,59,78,0,78,137
12/10/2022,ESN,MD,AEA,EN,Federal Contract Tower,0,4,1,0,5,0,6,45,0,51,0,10,46,0,56,74,0,74,130
12/11/2022,ESN,MD,AEA,EN,Federal Contract Tower,0,6,6,0,12,0,0,0,0,0,0,6,6,0,12,0,0,0,12
12/12/2022,ESN,MD,AEA,EN,Federal Contract Tower,0,8,26,0,34,0,5,17,0,22,0,13,43,0,56,18,0,18,74
12/13/2022,ESN,MD,AEA,EN,Federal Contract Tower,0,4,16,2,22,0,3,27,0,30,0,7,43,2,52,104,0,104,156
12/14/2022,ESN,MD,AEA,EN,Federal Contract Tower,0,3,12,1,16,0,5,58,2,65,0,8,70,3,81,64,6,70,151
12/15/2022,ESN,MD,AEA,EN,Federal Contract Tower,0,1,2,0,3,0,0,0,0,0,0,1,2,0,3,0,0,0,3
12/16/2022,ESN,MD,AEA,EN,Federal Contract Tower,0,11,26,0,37,0,5,29,0,34,0,16,55,0,71,82,0,82,153
12/17/2022,ESN,MD,AEA,EN,Federal Contract Tower,0,1,14,0,15,0,1,49,0,50,0,2,63,0,65,40,0,40,105
12/18/2022,ESN,MD,AEA,EN,Federal Contract Tower,0,4,16,0,20,0,0,38,0,38,0,4,54,0,58,46,0,46,104
12/19/2022,ESN,MD,AEA,EN,Federal Contract Tower,0,2,6,0,8,0,4,23,0,27,0,6,29,0,35,60,20,80,115
12/20/2022,ESN,MD,AEA,EN,Federal Contract Tower,0,6,13,0,19,0,3,40,0,43,0,9,53,0,62,166,2,168,230
12/21/2022,ESN,MD,AEA,EN,Federal Contract Tower,0,10,18,0,28,0,0,50,0,50,0,10,68,0,78,128,0,128,206
12/22/2022,ESN,MD,AEA,EN,Federal Contract Tower,0,3,11,0,14,0,0,0,0,0,0,3,11,0,14,0,0,0,14
12/23/2022,ESN,MD,AEA,EN,Federal Contract Tower,0,3,8,0,11,0,0,0,0,0,0,3,8,0,11,0,0,0,11
12/24/2022,ESN,MD,AEA,EN,Federal Contract Tower,0,1,3,0,4,0,0,0,0,0,0,1,3,0,4,0,0,0,4
12/25/2022,ESN,MD,AEA,EN,Federal Contract Tower,0,2,1,0,3,0,1,4,0,5,0,3,5,0,8,12,0,12,20
12/26/2022,ESN,MD,AEA,EN,Federal Contract Tower,0,10,25,0,35,0,5,38,0,43,0,15,63,0,78,84,0,84,162
12/27/2022,ESN,MD,AEA,EN,Federal Contract Tower,0,8,22,0,30,0,2,40,0,42,0,10,62,0,72,120,0,120,192
12/28/2022,ESN,MD,AEA,EN,Federal Contract Tower,0,7,16,0,23,0,3,51,10,64,0,10,67,10,87,74,0,74,161
12/29/2022,ESN,MD,AEA,EN,Federal Contract Tower,0,4,18,0,22,0,4,83,0,87,0,8,101,0,109,174,0,174,283
12/30/2022,ESN,MD,AEA,EN,Federal Contract Tower,0,10,5,0,15,0,6,54,0,60,0,16,59,0,75,94,0,94,169
12/31/2022,ESN,MD,AEA,EN,Federal Contract Tower,0,5,4,0,9,0,0,0,0,0,0,5,4,0,9,0,0,0,9
01/01/2023,ESN,MD,AEA,EN,Federal Contract Tower,0,2,7,0,9,0,3,30,0,33,0,5,37,0,42,66,0,66,108
01/02/2023,ESN,MD,AEA,EN,Federal Contract Tower,0,3,15,0,18,0,8,90,0,98,0,11,105,0,116,140,0,140,256
01/03/2023,ESN,MD,AEA,EN,Federal Contract Tower,0,3,16,0,19,0,0,19,0,19,0,3,35,0,38,38,0,38,76
01/04/2023,ESN,MD,AEA,EN,Federal Contract Tower,0,8,5,0,13,0,3,3,0,6,0,11,8,0,19,0,0,0,19
01/05/2023,ESN,MD,AEA,EN,Federal Contract Tower,0,4,16,0,20,0,5,54,1,60,0,9,70,1,80,148,34,182,262
01/06/2023,ESN,MD,AEA,EN,Federal Contract Tower,0,8,17,1,26,0,3,52,10,65,0,11,69,11,91,98,80,178,269
01/07/2023,ESN,MD,AEA,EN,Federal Contract Tower,0,1,13,0,14,0,4,47,0,51,0,5,60,0,65,136,2,138,203
01/08/2023,ESN,MD,AEA,EN,Federal Contract Tower,0,2,8,0,10,0,1,56,0,57,0,3,64,0,67,116,0,116,183
01/10/2023,ESN,MD,AEA,EN,Federal Contract Tower,0,4,14,1,19,0,2,51,2,55,0,6,65,3,74,140,32,172,246
01/11/2023,ESN,MD,AEA,EN,Federal Contract Tower,0,1,13,0,14,0,8,35,0,43,0,9,48,0,57,84,14,98,155
01/12/2023,ESN,MD,AEA,EN,Federal Contract Tower,0,2,9,0,11,0,1,11,0,12,0,3,20,0,23,18,2,20,43
01/13/2023,ESN,MD,AEA,EN,Federal Contract Tower,0,8,15,0,23,0,1,15,0,16,0,9,30,0,39,30,8,38,77
01/14/2023,ESN,MD,AEA,EN,Federal Contract Tower,0,1,6,0,7,0,0,3,0,3,0,1,9,0,10,6,0,6,16
01/15/2023,ESN,MD,AEA,EN,Federal Contract Tower,0,2,8,0,10,0,2,32,0,34,0,4,40,0,44,32,0,32,76
01/16/2023,ESN,MD,AEA,EN,Federal Contract Tower,0,1,20,0,21,0,0,89,0,89,0,1,109,0,110,192,0,192,302
01/17/2023,ESN,MD,AEA,EN,Federal Contract Tower,0,3,14,0,17,0,0,4,0,4,0,3,18,0,21,8,2,10,31
01/18/2023,ESN,MD,AEA,EN,Federal Contract Tower,0,3,6,2,11,0,11,33,6,50,0,14,39,8,61,68,0,68,129
01/19/2023,ESN,MD,AEA,EN,Federal Contract Tower,0,6,20,0,26,0,0,0,0,0,0,6,20,0,26,0,15,15,41
01/20/2023,ESN,MD,AEA,EN,Federal Contract Tower,0,9,9,1,19,0,2,28,1,31,0,11,37,2,50,36,0,36,86
01/21/2023,ESN,MD,AEA,EN,Federal Contract Tower,0,2,13,0,15,0,3,106,0,109,0,5,119,0,124,154,0,154,278
01/22/2023,ESN,MD,AEA,EN,Federal Contract Tower,0,2,16,0,18,0,3,14,0,17,0,5,30,0,35,33,2,35,70
01/23/2023,ESN,MD,AEA,EN,Federal Contract Tower,0,4,1,0,5,0,1,2,0,3,0,5,3,0,8,18,0,18,26
01/24/2023,ESN,MD,AEA,EN,Federal Contract Tower,0,6,17,1,24,0,2,50,0,52,0,8,67,1,76,88,14,102,178
01/25/2023,ESN,MD,AEA,EN,Federal Contract Tower,0,3,4,0,7,0,0,1,0,1,0,3,5,0,8,0,0,0,8
01/26/2023,ESN,MD,AEA,EN,Federal Contract Tower,0,6,14,0,20,0,6,2,0,8,0,12,16,0,28,4,4,8,36
01/27/2023,ESN,MD,AEA,EN,Federal Contract Tower,0,2,13,0,15,0,0,44,3,47,0,2,57,3,62,132,14,146,208
01/28/2023,ESN,MD,AEA,EN,Federal Contract Tower,0,4,10,0,14,0,6,114,0,120,0,10,124,0,134,204,0,204,338
01/29/2023,ESN,MD,AEA,EN,Federal Contract Tower,0,3,18,0,21,0,2,21,0,23,0,5,39,0,44,68,0,68,112
01/30/2023,ESN,MD,AEA,EN,Federal Contract Tower,0,8,11,0,19,0,2,30,0,32,0,10,41,0,51,166,0,166,217
01/31/2023,ESN,MD,AEA,EN,Federal Contract Tower,0,5,2,0,7,0,1,0,0,1,0,6,2,0,8,0,0,0,8
02/01/2023,ESN,MD,AEA,EN,Federal Contract Tower,0,4,20,0,24,0,0,53,4,57,0,4,73,4,81,56,32,88,169
02/02/2023,ESN,MD,AEA,EN,Federal Contract Tower,0,3,5,1,9,0,1,36,0,37,0,4,41,1,46,84,44,128,174
02/03/2023,ESN,MD,AEA,EN,Federal Contract Tower,0,4,7,0,11,0,0,6,0,6,0,4,13,0,17,0,0,0,17
02/04/2023,ESN,MD,AEA,EN,Federal Contract Tower,0,3,10,0,13,0,0,52,0,52,0,3,62,0,65,94,0,94,159
02/05/2023,ESN,MD,AEA,EN,Federal Contract Tower,0,2,13,0,15,0,1,30,4,35,0,3,43,4,50,180,0,180,230
02/06/2023,ESN,MD,AEA,EN,Federal Contract Tower,0,5,5,1,11,0,10,24,0,34,0,15,29,1,45,24,0,24,69
02/07/2023,ESN,MD,AEA,EN,Federal Contract Tower,0,1,14,1,16,0,16,45,4,65,0,17,59,5,81,116,14,130,211
02/08/2023,ESN,MD,AEA,EN,Federal Contract Tower,0,6,20,2,28,0,0,75,0,75,0,6,95,2,103,164,4,168,271
02/09/2023,ESN,MD,AEA,EN,Federal Contract Tower,0,3,6,0,9,0,0,12,0,12,0,3,18,0,21,74,0,74,95
02/10/2023,ESN,MD,AEA,EN,Federal Contract Tower,0,3,24,0,27,0,4,29,0,33,0,7,53,0,60,68,0,68,128
02/11/2023,ESN,MD,AEA,EN,Federal Contract Tower,0,1,21,2,24,0,2,71,0,73,0,3,92,2,97,94,2,96,193
02/12/2023,ESN,MD,AEA,EN,Federal Contract Tower,0,2,7,0,9,0,0,0,0,0,0,2,7,0,9,0,0,0,9
02/13/2023,ESN,MD,AEA,EN,Federal Contract Tower,0,7,13,4,24,0,14,38,2,54,0,21,51,6,78,54,8,62,140
02/14/2023,ESN,MD,AEA,EN,Federal Contract Tower,0,5,19,2,26,0,8,79,0,87,0,13,98,2,113,114,6,120,233
02/15/2023,ESN,MD,AEA,EN,Federal Contract Tower,0,4,16,0,20,0,7,23,0,30,0,11,39,0,50,28,6,34,84
02/16/2023,ESN,MD,AEA,EN,Federal Contract Tower,0,8,17,2,27,0,3,13,3,19,0,11,30,5,46,42,0,42,88
02/17/2023,ESN,MD,AEA,EN,Federal Contract Tower,0,1,11,0,12,0,0,0,0,0,0,1,11,0,12,0,0,0,12
02/18/2023,ESN,MD,AEA,EN,Federal Contract Tower,0,3,21,0,24,0,0,70,0,70,0,3,91,0,94,128,0,128,222
02/19/2023,ESN,MD,AEA,EN,Federal Contract Tower,0,3,6,0,9,0,0,37,0,37,0,3,43,0,46,56,0,56,102
02/20/2023,ESN,MD,AEA,EN,Federal Contract Tower,0,5,19,0,24,0,2,47,0,49,0,7,66,0,73,88,0,88,161
02/21/2023,ESN,MD,AEA,EN,Federal Contract Tower,0,3,8,2,13,0,3,23,1,27,0,6,31,3,40,86,26,112,152
02/22/2023,ESN,MD,AEA,EN,Federal Contract Tower,0,3,9,0,12,0,0,22,0,22,0,3,31,0,34,72,2,74,108
02/23/2023,ESN,MD,AEA,EN,Federal Contract Tower,0,1,7,0,8,0,2,65,2,69,0,3,72,2,77,98,0,98,175
02/24/2023,ESN,MD,AEA,EN,Federal Contract Tower,0,4,10,8,22,0,2,26,0,28,0,6,36,8,50,40,0,40,90
02/25/2023,ESN,MD,AEA,EN,Federal Contract Tower,0,0,4,0,4,0,1,21,0,22,0,1,25,0,26,32,6,38,64
02/26/2023,ESN,MD,AEA,EN,Federal Contract Tower,0,3,25,0,28,0,3,31,0,34,0,6,56,0,62,44,0,44,106
02/27/2023,ESN,MD,AEA,EN,Federal Contract Tower,0,2,15,0,17,0,2,51,0,53,0,4,66,0,70,128,0,128,198
02/28/2023,ESN,MD,AEA,EN,Federal Contract Tower,0,2,15,4,21,0,0,31,2,33,0,2,46,6,54,54,12,66,120
03/01/2023,ESN,MD,AEA,EN,Federal Contract Tower,0,2,19,0,21,0,4,50,8,62,0,6,69,8,83,196,16,212,295
03/02/2023,ESN,MD,AEA,EN,Federal Contract Tower,0,4,12,5,21,0,1,14,0,15,0,5,26,5,36,48,2,50,86
03/03/2023,ESN,MD,AEA,EN,Federal Contract Tower,0,5,2,0,7,0,0,11,0,11,0,5,13,0,18,36,8,44,62
03/04/2023,ESN,MD,AEA,EN,Federal Contract Tower,0,1,3,0,4,0,4,11,0,15,0,5,14,0,19,18,2,20,39
03/05/2023,ESN,MD,AEA,EN,Federal Contract Tower,0,5,9,0,14,0,3,83,1,87,0,8,92,1,101,208,6,214,315
03/06/2023,ESN,MD,AEA,EN,Federal Contract Tower,0,7,7,4,18,0,6,93,0,99,0,13,100,4,117,162,0,162,279
03/07/2023,ESN,MD,AEA,EN,Federal Contract Tower,0,5,9,0,14,0,5,14,0,19,0,10,23,0,33,46,10,56,89
03/08/2023,ESN,MD,AEA,EN,Federal Contract Tower,0,3,13,5,21,0,0,31,2,33,0,3,44,7,54,30,32,62,116
03/09/2023,ESN,MD,AEA,EN,Federal Contract Tower,0,8,10,0,18,0,9,64,0,73,0,17,74,0,91,132,8,140,231
03/10/2023,ESN,MD,AEA,EN,Federal Contract Tower,0,2,4,0,6,0,0,8,0,8,0,2,12,0,14,18,0,18,32
03/11/2023,ESN,MD,AEA,EN,Federal Contract Tower,0,6,4,0,10,0,0,7,0,7,0,6,11,0,17,38,0,38,55
03/12/2023,ESN,MD,AEA,EN,Federal Contract Tower,0,5,10,0,15,0,6,46,0,52,0,11,56,0,67,144,0,144,211
03/13/2023,ESN,MD,AEA,EN,Federal Contract Tower,0,3,5,0,8,0,1,0,0,1,0,4,5,0,9,0,0,0,9
03/14/2023,ESN,MD,AEA,EN,Federal Contract Tower,0,3,1,0,4,0,21,0,0,21,0,24,1,0,25,0,26,26,51
03/15/2023,ESN,MD,AEA,EN,Federal Contract Tower,0,2,4,0,6,0,9,9,0,18,0,11,13,0,24,10,10,20,44
03/16/2023,ESN,MD,AEA,EN,Federal Contract Tower,0,1,16,0,17,0,0,93,2,95,0,1,109,2,112,258,10,268,380
03/17/2023,ESN,MD,AEA,EN,Federal Contract Tower,0,5,12,0,17,0,2,38,0,40,0,7,50,0,57,104,0,104,161
03/18/2023,ESN,MD,AEA,EN,Federal Contract Tower,0,4,7,0,11,0,2,29,0,31,0,6,36,0,42,42,0,42,84
03/19/2023,ESN,MD,AEA,EN,Federal Contract Tower,0,2,10,0,12,0,3,21,0,24,0,5,31,0,36,28,0,28,64
03/20/2023,ESN,MD,AEA,EN,Federal Contract Tower,0,2,15,0,17,0,13,55,0,68,0,15,70,0,85,146,48,194,279
03/21/2023,ESN,MD,AEA,EN,Federal Contract Tower,0,7,10,0,17,0,4,59,0,63,0,11,69,0,80,166,16,182,262
03/22/2023,ESN,MD,AEA,EN,Federal Contract Tower,0,2,5,0,7,0,0,44,0,44,0,2,49,0,51,84,20,104,155
03/23/2023,ESN,MD,AEA,EN,Federal Contract Tower,0,5,10,0,15,0,1,19,2,22,0,6,29,2,37,60,16,76,113
03/24/2023,ESN,MD,AEA,EN,Federal Contract Tower,0,3,24,0,27,0,0,3,0,3,0,3,27,0,30,20,0,20,50
03/25/2023,ESN,MD,AEA,EN,Federal Contract Tower,0,3,1,0,4,0,0,2,0,2,0,3,3,0,6,0,0,0,6
03/27/2023,ESN,MD,AEA,EN,Federal Contract Tower,0,7,11,0,18,0,0,64,0,64,0,7,75,0,82,66,0,66,148
03/28/2023,ESN,MD,AEA,EN,Federal Contract Tower,0,3,13,0,16,0,1,47,0,48,0,4,60,0,64,156,32,188,252
03/29/2023,ESN,MD,AEA,EN,Federal Contract Tower,0,3,20,0,23,0,5,89,0,94,0,8,109,0,117,108,2,110,227
03/30/2023,ESN,MD,AEA,EN,Federal Contract Tower,0,11,13,2,26,0,4,67,1,72,0,15,80,3,98,166,30,196,294
03/31/2023,ESN,MD,AEA,EN,Federal Contract Tower,0,4,6,0,10,0,7,27,4,38,0,11,33,4,48,80,2,82,130
04/01/2023,ESN,MD,AEA,EN,Federal Contract Tower,0,3,4,0,7,0,2,3,0,5,0,5,7,0,12,0,0,0,12
04/02/2023,ESN,MD,AEA,EN,Federal Contract Tower,0,5,5,0,10,0,0,42,0,42,0,5,47,0,52,172,0,172,224
04/03/2023,ESN,MD,AEA,EN,Federal Contract Tower,0,3,10,1,14,0,10,42,2,54,0,13,52,3,68,86,18,104,172
04/04/2023,ESN,MD,AEA,EN,Federal Contract Tower,0,1,12,0,13,0,7,49,0,56,0,8,61,0,69,120,0,120,189
04/05/2023,ESN,MD,AEA,EN,Federal Contract Tower,0,9,13,0,22,0,11,45,0,56,0,20,58,0,78,96,16,112,190
04/06/2023,ESN,MD,AEA,EN,Federal Contract Tower,0,3,12,0,15,0,2,23,0,25,0,5,35,0,40,90,0,90,130
04/07/2023,ESN,MD,AEA,EN,Federal Contract Tower,0,12,8,0,20,0,2,21,0,23,0,14,29,0,43,78,0,78,121
04/08/2023,ESN,MD,AEA,EN,Federal Contract Tower,0,7,6,0,13,0,2,63,0,65,0,9,69,0,78,142,0,142,220
04/09/2023,ESN,MD,AEA,EN,Federal Contract Tower,0,3,14,0,17,0,0,30,0,30,0,3,44,0,47,52,0,52,99
04/10/2023,ESN,MD,AEA,EN,Federal Contract Tower,0,5,15,0,20,0,3,91,0,94,0,8,106,0,114,138,0,138,252
04/11/2023,ESN,MD,AEA,EN,Federal Contract Tower,0,6,17,0,23,0,5,50,1,56,0,11,67,1,79,128,20,148,227
04/12/2023,ESN,MD,AEA,EN,Federal Contract Tower,0,2,3,0,5,0,12,56,0,68,0,14,59,0,73,140,24,164,237
04/13/2023,ESN,MD,AEA,EN,Federal Contract Tower,0,3,16,0,19,0,5,59,0,64,0,8,75,0,83,208,6,214,297
04/14/2023,ESN,MD,AEA,EN,Federal Contract Tower,0,3,17,0,20,0,12,47,0,59,0,15,64,0,79,168,0,168,247
04/15/2023,ESN,MD,AEA,EN,Federal Contract Tower,0,2,12,0,14,0,0,14,0,14,0,2,26,0,28,28,0,28,56
04/16/2023,ESN,MD,AEA,EN,Federal Contract Tower,0,6,15,0,21,0,1,38,0,39,0,7,53,0,60,150,0,150,210
04/17/2023,ESN,MD,AEA,EN,Federal Contract Tower,0,5,10,0,15,0,2,32,2,36,0,7,42,2,51,94,12,106,157
04/18/2023,ESN,MD,AEA,EN,Federal Contract Tower,0,4,6,2,12,0,8,29,4,41,0,12,35,6,53,68,22,90,143
04/19/2023,ESN,MD,AEA,EN,Federal Contract Tower,0,9,11,2,22,0,2,62,4,68,0,11,73,6,90,92,22,114,204
04/20/2023,ESN,MD,AEA,EN,Federal Contract Tower,0,3,15,0,18,0,1,83,4,88,0,4,98,4,106,116,0,116,222
04/21/2023,ESN,MD,AEA,EN,Federal Contract Tower,0,3,27,1,31,0,7,59,2,68,0,10,86,3,99,196,0,196,295
04/22/2023,ESN,MD,AEA,EN,Federal Contract Tower,0,3,3,1,7,0,0,14,6,20,0,3,17,7,27,12,0,12,39
04/23/2023,ESN,MD,AEA,EN,Federal Contract Tower,0,6,25,0,31,0,1,46,2,49,0,7,71,2,80,114,0,114,194
04/24/2023,ESN,MD,AEA,EN,Federal Contract Tower,0,5,23,0,28,0,12,49,0,61,0,17,72,0,89,128,0,128,217
04/25/2023,ESN,MD,AEA,EN,Federal Contract Tower,0,8,13,1,22,0,2,81,5,88,0,10,94,6,110,120,8,128,238
04/26/2023,ESN,MD,AEA,EN,Federal Contract Tower,0,4,11,0,15,0,10,54,7,71,0,14,65,7,86,108,42,150,236
04/27/2023,ESN,MD,AEA,EN,Federal Contract Tower,0,7,15,0,22,0,4,44,0,48,0,11,59,0,70,160,18,178,248
04/28/2023,ESN,MD,AEA,EN,Federal Contract Tower,0,8,7,0,15,0,0,0,0,0,0,8,7,0,15,0,0,0,15
04/29/2023,ESN,MD,AEA,EN,Federal Contract Tower,0,2,21,0,23,0,1,3,0,4,0,3,24,0,27,12,0,12,39
04/30/2023,ESN,MD,AEA,EN,Federal Contract Tower,0,7,1,0,8,0,0,0,0,0,0,7,1,0,8,0,0,0,8
05/01/2023,ESN,MD,AEA,EN,Federal Contract Tower,0,2,2,0,4,0,9,18,0,27,0,11,20,0,31,20,0,20,51
05/02/2023,ESN,MD,AEA,EN,Federal Contract Tower,0,11,6,0,17,0,0,0,0,0,0,11,6,0,17,18,0,18,35
05/03/2023,ESN,MD,AEA,EN,Federal Contract Tower,0,5,9,0,14,0,8,17,0,25,0,13,26,0,39,72,28,100,139
05/04/2023,ESN,MD,AEA,EN,Federal Contract Tower,0,8,21,4,33,0,11,48,2,61,0,19,69,6,94,144,46,190,284
05/05/2023,ESN,MD,AEA,EN,Federal Contract Tower,0,1,22,0,23,0,8,58,0,66,0,9,80,0,89,170,6,176,265
05/06/2023,ESN,MD,AEA,EN,Federal Contract Tower,0,5,8,0,13,0,12,66,0,78,0,17,74,0,91,120,0,120,211
05/07/2023,ESN,MD,AEA,EN,Federal Contract Tower,0,3,11,0,14,0,4,58,1,63,0,7,69,1,77,124,0,124,201
05/08/2023,ESN,MD,AEA,EN,Federal Contract Tower,0,2,3,6,11,0,6,70,0,76,0,8,73,6,87,160,0,160,247
05/09/2023,ESN,MD,AEA,EN,Federal Contract Tower,0,5,10,4,19,0,8,49,0,57,0,13,59,4,76,134,26,160,236
05/10/2023,ESN,MD,AEA,EN,Federal Contract Tower,0,5,24,0,29,0,4,71,0,75,0,9,95,0,104,94,56,150,254
05/11/2023,ESN,MD,AEA,EN,Federal Contract Tower,0,7,18,0,25,0,4,56,0,60,0,11,74,0,85,104,2,106,191
05/12/2023,ESN,MD,AEA,EN,Federal Contract Tower,0,13,18,0,31,0,7,59,0,66,0,20,77,0,97,172,10,182,279
05/13/2023,ESN,MD,AEA,EN,Federal Contract Tower,0,13,9,0,22,0,2,29,0,31,0,15,38,0,53,50,0,50,103
05/14/2023,ESN,MD,AEA,EN,Federal Contract Tower,0,10,15,0,25,0,4,54,4,62,0,14,69,4,87,98,4,102,189
05/15/2023,ESN,MD,AEA,EN,Federal Contract Tower,0,13,17,0,30,0,13,69,0,82,0,26,86,0,112,230,0,230,342
05/16/2023,ESN,MD,AEA,EN,Federal Contract Tower,0,14,13,2,29,0,7,46,0,53,0,21,59,2,82,122,10,132,214
05/17/2023,ESN,MD,AEA,EN,Federal Contract Tower,0,6,8,0,14,0,4,80,0,84,0,10,88,0,98,194,0,194,292
05/18/2023,ESN,MD,AEA,EN,Federal Contract Tower,0,10,18,0,28,0,5,117,0,122,0,15,135,0,150,178,32,210,360
05/19/2023,ESN,MD,AEA,EN,Federal Contract Tower,0,6,24,0,30,0,10,52,0,62,0,16,76,0,92,50,0,50,142
05/20/2023,ESN,MD,AEA,EN,Federal Contract Tower,0,9,20,0,29,0,2,4,2,8,0,11,24,2,37,2,0,2,39
05/21/2023,ESN,MD,AEA,EN,Federal Contract Tower,0,4,19,0,23,0,2,61,0,63,0,6,80,0,86,152,0,152,238
05/22/2023,ESN,MD,AEA,EN,Federal Contract Tower,0,4,21,0,25,0,4,70,0,74,0,8,91,0,99,172,12,184,283
05/23/2023,ESN,MD,AEA,EN,Federal Contract Tower,0,7,21,0,28,0,11,54,6,71,0,18,75,6,99,140,0,140,239
05/24/2023,ESN,MD,AEA,EN,Federal Contract Tower,0,7,8,2,17,0,8,46,3,57,0,15,54,5,74,88,0,88,162
05/25/2023,ESN,MD,AEA,EN,Federal Contract Tower,0,7,24,0,31,0,7,60,0,67,0,14,84,0,98,152,0,152,250
05/26/2023,ESN,MD,AEA,EN,Federal Contract Tower,0,12,14,0,26,0,3,67,0,70,0,15,81,0,96,176,0,176,272
05/27/2023,ESN,MD,AEA,EN,Federal Contract Tower,0,4,7,0,11,0,5,85,0,90,0,9,92,0,101,120,0,120,221
05/28/2023,ESN,MD,AEA,EN,Federal Contract Tower,0,5,15,0,20,0,1,32,0,33,0,6,47,0,53,98,0,98,151
05/29/2023,ESN,MD,AEA,EN,Federal Contract Tower,0,2,19,0,21,0,0,1,0,1,0,2,20,0,22,0,0,0,22
05/30/2023,ESN,MD,AEA,EN,Federal Contract Tower,0,4,22,6,32,0,2,31,0,33,0,6,53,6,65,110,0,110,175
05/31/2023,ESN,MD,AEA,EN,Federal Contract Tower,0,3,13,0,16,0,7,68,0,75,0,10,81,0,91,114,0,114,205
06/01/2023,ESN,MD,AEA,EN,Federal Contract Tower,0,4,21,0,25,0,3,41,0,44,0,7,62,0,69,154,2,156,225
06/02/2023,ESN,MD,AEA,EN,Federal Contract Tower,0,6,14,0,20,0,3,57,0,60,0,9,71,0,80,170,6,176,256
06/03/2023,ESN,MD,AEA,EN,Federal Contract Tower,0,2,9,0,11,0,0,37,0,37,0,2,46,0,48,44,0,44,92
06/04/2023,ESN,MD,AEA,EN,Federal Contract Tower,0,10,26,0,36,0,6,62,0,68,0,16,88,0,104,156,2,158,262
06/05/2023,ESN,MD,AEA,EN,Federal Contract Tower,0,10,16,0,26,0,7,40,63,110,0,17,56,63,136,66,118,184,320
06/06/2023,ESN,MD,AEA,EN,Federal Contract Tower,0,6,10,0,16,0,19,45,85,149,0,25,55,85,165,38,178,216,381
06/07/2023,ESN,MD,AEA,EN,Federal Contract Tower,0,10,32,0,42,0,0,0,0,0,0,10,32,0,42,0,0,0,42
06/08/2023,ESN,MD,AEA,EN,Federal Contract Tower,0,8,30,0,38,0,4,0,0,4,0,12,30,0,42,2,0,2,44
06/09/2023,ESN,MD,AEA,EN,Federal Contract Tower,0,3,8,0,11,0,6,44,65,115,0,9,52,65,126,84,126,210,336
06/10/2023,ESN,MD,AEA,EN,Federal Contract Tower,0,5,16,0,21,0,4,55,88,147,0,9,71,88,168,52,130,182,350
06/11/2023,ESN,MD,AEA,EN,Federal Contract Tower,0,6,11,0,17,0,14,33,0,47,0,20,44,0,64,64,0,64,128
06/12/2023,ESN,MD,AEA,EN,Federal Contract Tower,0,6,8,0,14,0,1,5,37,43,0,7,13,37,57,18,122,140,197
06/13/2023,ESN,MD,AEA,EN,Federal Contract Tower,0,4,6,2,12,0,7,71,77,155,0,11,77,79,167,122,178,300,467
06/14/2023,ESN,MD,AEA,EN,Federal Contract Tower,0,7,9,2,18,0,7,40,56,103,0,14,49,58,121,44,268,312,433
06/15/2023,ESN,MD,AEA,EN,Federal Contract Tower,0,12,17,0,29,0,6,56,89,151,0,18,73,89,180,124,420,544,724
06/16/2023,ESN,MD,AEA,EN,Federal Contract Tower,0,22,19,0,41,0,2,7,84,93,0,24,26,84,134,6,344,350,484
06/17/2023,ESN,MD,AEA,EN,Federal Contract Tower,0,9,10,0,19,0,2,35,109,146,0,11,45,109,165,70,224,294,459
06/18/2023,ESN,MD,AEA,EN,Federal Contract Tower,0,4,5,0,9,0,0,56,0,56,0,4,61,0,65,128,2,130,195
06/19/2023,ESN,MD,AEA,EN,Federal Contract Tower,0,7,8,0,15,0,4,37,29,70,0,11,45,29,85,50,96,146,231
06/20/2023,ESN,MD,AEA,EN,Federal Contract Tower,0,14,20,0,34,0,8,27,37,72,0,22,47,37,106,44,116,160,266
06/21/2023,ESN,MD,AEA,EN,Federal Contract Tower,0,9,11,0,20,0,0,0,0,0,0,9,11,0,20,0,0,0,20
06/22/2023,ESN,MD,AEA,EN,Federal Contract Tower,0,8,22,0,30,0,0,0,0,0,0,8,22,0,30,0,0,0,30
06/23/2023,ESN,MD,AEA,EN,Federal Contract Tower,0,17,10,0,27,0,0,3,0,3,0,17,13,0,30,4,0,4,34
06/24/2023,ESN,MD,AEA,EN,Federal Contract Tower,0,5,20,0,25,0,3,15,0,18,0,8,35,0,43,26,0,26,69
06/25/2023,ESN,MD,AEA,EN,Federal Contract Tower,0,6,25,0,31,0,10,54,2,66,0,16,79,2,97,136,0,136,233
06/26/2023,ESN,MD,AEA,EN,Federal Contract Tower,0,9,1,1,11,0,0,27,0,27,0,9,28,1,38,56,12,68,106
06/27/2023,ESN,MD,AEA,EN,Federal Contract Tower,0,7,8,0,15,0,1,32,7,40,0,8,40,7,55,66,20,86,141
06/28/2023,ESN,MD,AEA,EN,Federal Contract Tower,0,7,18,1,26,0,1,71,3,75,0,8,89,4,101,100,10,110,211
06/29/2023,ESN,MD,AEA,EN,Federal Contract Tower,0,22,36,0,58,0,1,3,0,4,0,23,39,0,62,2,0,2,64
06/30/2023,ESN,MD,AEA,EN,Federal Contract Tower,0,12,22,0,34,0,0,9,0,9,0,12,31,0,43,26,0,26,69
07/01/2023,ESN,MD,AEA,EN,Federal Contract Tower,0,10,19,0,29,0,0,14,44,58,0,10,33,44,87,24,64,88,175
07/02/2023,ESN,MD,AEA,EN,Federal Contract Tower,0,6,11,0,17,0,0,10,2,12,0,6,21,2,29,50,28,78,107
07/03/2023,ESN,MD,AEA,EN,Federal Contract Tower,0,2,8,0,10,0,0,34,10,44,0,2,42,10,54,122,62,184,238
07/04/2023,ESN,MD,AEA,EN,Federal Contract Tower,0,3,13,0,16,0,0,40,0,40,0,3,53,0,56,104,0,104,160
07/05/2023,ESN,MD,AEA,EN,Federal Contract Tower,0,7,14,5,26,0,2,59,57,118,0,9,73,62,144,116,84,200,344
07/06/2023,ESN,MD,AEA,EN,Federal Contract Tower,0,10,15,0,25,0,5,31,55,91,0,15,46,55,116,52,92,144,260
07/07/2023,ESN,MD,AEA,EN,Federal Contract Tower,0,8,16,0,24,0,1,23,70,94,0,9,39,70,118,22,68,90,208
07/08/2023,ESN,MD,AEA,EN,Federal Contract Tower,0,4,11,0,15,0,9,37,33,79,0,13,48,33,94,70,120,190,284
07/09/2023,ESN,MD,AEA,EN,Federal Contract Tower,0,3,6,0,9,0,4,16,0,20,0,7,22,0,29,36,0,36,65
07/10/2023,ESN,MD,AEA,EN,Federal Contract Tower,0,8,18,0,26,0,2,49,53,104,0,10,67,53,130,162,116,278,408
07/11/2023,ESN,MD,AEA,EN,Federal Contract Tower,0,2,8,0,10,0,9,57,54,120,0,11,65,54,130,108,248,356,486
07/12/2023,ESN,MD,AEA,EN,Federal Contract Tower,0,3,13,0,16,0,6,56,41,103,0,9,69,41,119,98,306,404,523
07/13/2023,ESN,MD,AEA,EN,Federal Contract Tower,0,6,9,5,20,0,6,38,48,92,0,12,47,53,112,84,374,458,570
07/14/2023,ESN,MD,AEA,EN,Federal Contract Tower,0,4,9,0,13,0,0,30,63,93,0,4,39,63,106,42,340,382,488
07/15/2023,ESN,MD,AEA,EN,Federal Contract Tower,0,3,25,0,28,0,7,39,91,137,0,10,64,91,165,42,220,262,427
07/16/2023,ESN,MD,AEA,EN,Federal Contract Tower,0,6,7,0,13,0,0,2,0,2,0,6,9,0,15,10,0,10,25
07/17/2023,ESN,MD,AEA,EN,Federal Contract Tower,0,7,17,0,24,0,2,53,95,150,0,9,70,95,174,72,288,360,534
07/18/2023,ESN,MD,AEA,EN,Federal Contract Tower,0,3,15,0,18,0,1,37,2,40,0,4,52,2,58,86,12,98,156
07/19/2023,ESN,MD,AEA,EN,Federal Contract Tower,0,9,9,6,24,0,2,44,2,48,0,11,53,8,72,64,10,74,146
07/20/2023,ESN,MD,AEA,EN,Federal Contract Tower,0,9,3,0,12,0,11,27,0,38,0,20,30,0,50,108,0,108,158
07/21/2023,ESN,MD,AEA,EN,Federal Contract Tower,0,3,19,5,27,0,1,41,2,44,0,4,60,7,71,88,12,100,171
07/22/2023,ESN,MD,AEA,EN,Federal Contract Tower,0,2,7,0,9,0,3,66,0,69,0,5,73,0,78,86,0,86,164
07/23/2023,ESN,MD,AEA,EN,Federal Contract Tower,0,5,12,0,17,0,4,38,0,42,0,9,50,0,59,78,0,78,137
07/24/2023,ESN,MD,AEA,EN,Federal Contract Tower,0,5,16,0,21,0,4,23,0,27,0,9,39,0,48,56,0,56,104
07/25/2023,ESN,MD,AEA,EN,Federal Contract Tower,0,7,22,0,29,0,2,38,0,40,0,9,60,0,69,38,30,68,137
07/26/2023,ESN,MD,AEA,EN,Federal Contract Tower,0,5,8,0,13,0,2,66,14,82,0,7,74,14,95,74,16,90,185
07/27/2023,ESN,MD,AEA,EN,Federal Contract Tower,0,10,24,0,34,0,2,21,0,23,0,12,45,0,57,90,4,94,151
07/28/2023,ESN,MD,AEA,EN,Federal Contract Tower,0,8,17,0,25,0,11,60,4,75,0,19,77,4,100,94,6,100,200
07/29/2023,ESN,MD,AEA,EN,Federal Contract Tower,0,6,11,0,17,0,6,38,64,108,0,12,49,64,125,94,78,172,297
07/30/2023,ESN,MD,AEA,EN,Federal Contract Tower,0,8,15,0,23,0,4,60,2,66,0,12,75,2,89,88,0,88,177
07/31/2023,ESN,MD,AEA,EN,Federal Contract Tower,0,14,16,0,30,0,32,67,0,99,0,46,83,0,129,76,122,198,327
08/01/2023,ESN,MD,AEA,EN,Federal Contract Tower,0,9,13,0,22,0,10,74,69,153,0,19,87,69,175,144,132,276,451
08/02/2023,ESN,MD,AEA,EN,Federal Contract Tower,0,2,12,0,14,0,6,63,58,127,0,8,75,58,141,136,170,306,447
08/03/2023,ESN,MD,AEA,EN,Federal Contract Tower,0,5,10,0,15,0,5,30,72,107,0,10,40,72,122,60,120,180,302
08/04/2023,ESN,MD,AEA,EN,Federal Contract Tower,0,6,18,4,28,0,0,0,0,0,0,6,18,4,28,0,0,0,28
08/05/2023,ESN,MD,AEA,EN,Federal Contract Tower,0,10,22,0,32,0,2,30,79,111,0,12,52,79,143,60,362,422,565
08/06/2023,ESN,MD,AEA,EN,Federal Contract Tower,0,5,14,0,19,0,0,38,1,39,0,5,52,1,58,82,2,84,142
08/07/2023,ESN,MD,AEA,EN,Federal Contract Tower,0,5,20,2,27,0,7,21,74,102,0,12,41,76,129,52,456,508,637
08/08/2023,ESN,MD,AEA,EN,Federal Contract Tower,0,6,11,1,18,0,3,16,68,87,0,9,27,69,105,46,364,410,515
08/09/2023,ESN,MD,AEA,EN,Federal Contract Tower,0,10,24,0,34,0,2,61,99,162,0,12,85,99,196,160,364,524,720
08/10/2023,ESN,MD,AEA,EN,Federal Contract Tower,0,8,14,0,22,0,7,14,69,90,0,15,28,69,112,34,238,272,384
08/11/2023,ESN,MD,AEA,EN,Federal Contract Tower,0,5,9,0,14,0,4,69,31,104,0,9,78,31,118,186,122,308,426
08/12/2023,ESN,MD,AEA,EN,Federal Contract Tower,0,4,10,0,14,0,9,45,6,60,0,13,55,6,74,34,30,64,138
08/13/2023,ESN,MD,AEA,EN,Federal Contract Tower,0,6,14,0,20,0,0,43,0,43,0,6,57,0,63,48,0,48,111
08/14/2023,ESN,MD,AEA,EN,Federal Contract Tower,0,8,9,1,18,0,3,37,2,42,0,11,46,3,60,94,0,94,154
08/15/2023,ESN,MD,AEA,EN,Federal Contract Tower,0,5,12,0,17,0,4,47,1,52,0,9,59,1,69,86,36,122,191
08/16/2023,ESN,MD,AEA,EN,Federal Contract Tower,0,2,14,0,16,0,0,61,2,63,0,2,75,2,79,116,0,116,195
08/17/2023,ESN,MD,AEA,EN,Federal Contract Tower,0,7,13,1,21,0,4,49,0,53,0,11,62,1,74,52,26,78,152
08/18/2023,ESN,MD,AEA,EN,Federal Contract Tower,0,3,21,0,24,0,0,38,0,38,0,3,59,0,62,92,0,92,154
08/19/2023,ESN,MD,AEA,EN,Federal Contract Tower,0,6,12,0,18,0,4,84,0,88,0,10,96,0,106,104,0,104,210
08/20/2023,ESN,MD,AEA,EN,Federal Contract Tower,0,9,13,0,22,0,6,52,0,58,0,15,65,0,80,52,0,52,132
08/21/2023,ESN,MD,AEA,EN,Federal Contract Tower,0,10,19,0,29,0,3,59,0,62,0,13,78,0,91,90,0,90,181
08/22/2023,ESN,MD,AEA,EN,Federal Contract Tower,0,3,14,1,18,0,3,41,0,44,0,6,55,1,62,114,0,114,176
08/23/2023,ESN,MD,AEA,EN,Federal Contract Tower,0,11,17,3,31,0,6,66,10,82,0,17,83,13,113,126,50,176,289
08/24/2023,ESN,MD,AEA,EN,Federal Contract Tower,0,11,7,0,18,0,1,36,4,41,0,12,43,4,59,64,28,92,151
08/25/2023,ESN,MD,AEA,EN,Federal Contract Tower,0,14,9,0,23,0,6,30,0,36,0,20,39,0,59,156,12,168,227
08/26/2023,ESN,MD,AEA,EN,Federal Contract Tower,0,6,37,0,43,0,4,40,0,44,0,10,77,0,87,98,0,98,185
08/27/2023,ESN,MD,AEA,EN,Federal Contract Tower,0,16,20,0,36,0,6,70,0,76,0,22,90,0,112,130,0,130,242
08/28/2023,ESN,MD,AEA,EN,Federal Contract Tower,0,4,8,2,14,0,0,19,0,19,0,4,27,2,33,38,0,38,71
08/29/2023,ESN,MD,AEA,EN,Federal Contract Tower,0,2,14,2,18,0,1,3,0,4,0,3,17,2,22,0,18,18,40
08/30/2023,ESN,MD,AEA,EN,Federal Contract Tower,0,8,16,0,24,0,0,54,11,65,0,8,70,11,89,146,12,158,247
08/31/2023,ESN,MD,AEA,EN,Federal Contract Tower,0,9,10,1,20,0,15,50,0,65,0,24,60,1,85,62,0,62,147
