01/01/2020,EUG,OR,ANM,WE,Combined TRACON& Tower with Radar,32,14,11,0,57,1,0,0,1,2,33,14,11,1,59,0,0,0,59
01/02/2020,EUG,OR,ANM,WE,Combined TRACON& Tower with Radar,40,17,14,16,87,0,1,19,6,26,40,18,33,22,113,66,16,82,195
01/03/2020,EUG,OR,ANM,WE,Combined TRACON& Tower with Radar,40,12,13,3,68,0,2,32,5,39,40,14,45,8,107,46,78,124,231
01/04/2020,EUG,OR,ANM,WE,Combined TRACON& Tower with Radar,40,14,24,0,78,0,1,16,4,21,40,15,40,4,99,10,0,10,109
01/05/2020,EUG,OR,ANM,WE,Combined TRACON& Tower with Radar,37,14,8,0,59,0,0,0,0,0,37,14,8,0,59,0,0,0,59
01/06/2020,EUG,OR,ANM,WE,Combined TRACON& Tower with Radar,39,24,10,24,97,0,2,3,0,5,39,26,13,24,102,0,12,12,114
01/07/2020,EUG,OR,ANM,WE,Combined TRACON& Tower with Radar,30,20,13,72,135,0,6,19,5,30,30,26,32,77,165,6,68,74,239
01/08/2020,EUG,OR,ANM,WE,Combined TRACON& Tower with Radar,34,24,14,20,92,0,0,10,0,10,34,24,24,20,102,52,24,76,178
01/09/2020,EUG,OR,ANM,WE,Combined TRACON& Tower with Radar,32,22,29,22,105,0,0,11,0,11,32,22,40,22,116,24,0,24,140
01/10/2020,EUG,OR,ANM,WE,Combined TRACON& Tower with Radar,39,17,13,0,69,0,0,7,0,7,39,17,20,0,76,14,0,14,90
01/11/2020,EUG,OR,ANM,WE,Combined TRACON& Tower with Radar,30,13,6,6,55,0,0,11,0,11,30,13,17,6,66,16,12,28,94
01/12/2020,EUG,OR,ANM,WE,Combined TRACON& Tower with Radar,34,11,4,4,53,0,0,0,0,0,34,11,4,4,53,0,0,0,53
01/13/2020,EUG,OR,ANM,WE,Combined TRACON& Tower with Radar,39,25,11,0,75,0,0,3,0,3,39,25,14,0,78,16,0,16,94
01/14/2020,EUG,OR,ANM,WE,Combined TRACON& Tower with Radar,30,22,8,0,60,0,1,29,0,30,30,23,37,0,90,38,0,38,128
01/15/2020,EUG,OR,ANM,WE,Combined TRACON& Tower with Radar,29,29,7,4,69,0,2,11,0,13,29,31,18,4,82,18,0,18,100
01/16/2020,EUG,OR,ANM,WE,Combined TRACON& Tower with Radar,34,24,11,55,124,0,2,6,5,13,34,26,17,60,137,10,40,50,187
01/17/2020,EUG,OR,ANM,WE,Combined TRACON& Tower with Radar,34,18,10,1,63,1,1,18,0,20,35,19,28,1,83,116,0,116,199
01/18/2020,EUG,OR,ANM,WE,Combined TRACON& Tower with Radar,28,17,4,0,49,0,0,6,0,6,28,17,10,0,55,24,0,24,79
01/19/2020,EUG,OR,ANM,WE,Combined TRACON& Tower with Radar,29,11,23,2,65,0,0,40,0,40,29,11,63,2,105,36,0,36,141
01/20/2020,EUG,OR,ANM,WE,Combined TRACON& Tower with Radar,38,21,21,0,80,0,1,29,0,30,38,22,50,0,110,34,0,34,144
01/21/2020,EUG,OR,ANM,WE,Combined TRACON& Tower with Radar,33,20,12,14,79,0,1,10,0,11,33,21,22,14,90,54,0,54,144
01/22/2020,EUG,OR,ANM,WE,Combined TRACON& Tower with Radar,29,26,39,51,145,0,0,14,0,14,29,26,53,51,159,106,0,106,265
01/23/2020,EUG,OR,ANM,WE,Combined TRACON& Tower with Radar,34,36,33,27,130,0,6,35,32,73,34,42,68,59,203,74,92,166,369
01/24/2020,EUG,OR,ANM,WE,Combined TRACON& Tower with Radar,42,20,18,6,86,0,2,49,12,63,42,22,67,18,149,156,0,156,305
01/25/2020,EUG,OR,ANM,WE,Combined TRACON& Tower with Radar,32,17,8,10,67,0,0,41,0,41,32,17,49,10,108,40,0,40,148
01/26/2020,EUG,OR,ANM,WE,Combined TRACON& Tower with Radar,33,20,10,0,63,0,0,19,0,19,33,20,29,0,82,10,0,10,92
01/27/2020,EUG,OR,ANM,WE,Combined TRACON& Tower with Radar,38,26,20,0,84,1,1,10,0,12,39,27,30,0,96,10,0,10,106
01/28/2020,EUG,OR,ANM,WE,Combined TRACON& Tower with Radar,31,25,13,36,105,1,0,1,0,2,32,25,14,36,107,12,4,16,123
01/29/2020,EUG,OR,ANM,WE,Combined TRACON& Tower with Radar,31,23,22,12,88,0,2,13,3,18,31,25,35,15,106,64,8,72,178
01/30/2020,EUG,OR,ANM,WE,Combined TRACON& Tower with Radar,35,22,18,18,93,0,2,26,0,28,35,24,44,18,121,22,2,24,145
01/31/2020,EUG,OR,ANM,WE,Combined TRACON& Tower with Radar,39,16,16,9,80,0,1,72,1,74,39,17,88,10,154,100,12,112,266
02/01/2020,EUG,OR,ANM,WE,Combined TRACON& Tower with Radar,32,19,7,0,58,0,0,1,0,1,32,19,8,0,59,0,0,0,59
02/02/2020,EUG,OR,ANM,WE,Combined TRACON& Tower with Radar,29,16,11,0,56,0,1,32,1,34,29,17,43,1,90,42,0,42,132
02/03/2020,EUG,OR,ANM,WE,Combined TRACON& Tower with Radar,39,23,25,13,100,0,2,48,3,53,39,25,73,16,153,54,0,54,207
02/04/2020,EUG,OR,ANM,WE,Combined TRACON& Tower with Radar,32,25,27,11,95,0,2,37,18,57,32,27,64,29,152,42,34,76,228
02/05/2020,EUG,OR,ANM,WE,Combined TRACON& Tower with Radar,30,27,18,23,98,0,0,6,2,8,30,27,24,25,106,0,70,70,176
02/06/2020,EUG,OR,ANM,WE,Combined TRACON& Tower with Radar,35,23,36,44,138,0,0,12,1,13,35,23,48,45,151,92,50,142,293
02/07/2020,EUG,OR,ANM,WE,Combined TRACON& Tower with Radar,37,19,26,37,119,0,0,20,0,20,37,19,46,37,139,138,36,174,313
02/08/2020,EUG,OR,ANM,WE,Combined TRACON& Tower with Radar,40,12,14,14,80,0,0,2,0,2,40,12,16,14,82,0,0,0,82
02/09/2020,EUG,OR,ANM,WE,Combined TRACON& Tower with Radar,32,18,25,0,75,0,1,24,0,25,32,19,49,0,100,20,0,20,120
02/10/2020,EUG,OR,ANM,WE,Combined TRACON& Tower with Radar,38,20,17,0,75,0,2,22,0,24,38,22,39,0,99,38,0,38,137
02/11/2020,EUG,OR,ANM,WE,Combined TRACON& Tower with Radar,32,20,27,21,100,0,2,28,0,30,32,22,55,21,130,24,12,36,166
02/12/2020,EUG,OR,ANM,WE,Combined TRACON& Tower with Radar,28,25,37,19,109,0,0,2,0,2,28,25,39,19,111,0,0,0,111
02/13/2020,EUG,OR,ANM,WE,Combined TRACON& Tower with Radar,39,28,27,8,102,0,0,9,0,9,39,28,36,8,111,18,0,18,129
02/14/2020,EUG,OR,ANM,WE,Combined TRACON& Tower with Radar,32,21,19,8,80,0,2,29,0,31,32,23,48,8,111,78,0,78,189
02/15/2020,EUG,OR,ANM,WE,Combined TRACON& Tower with Radar,27,18,3,0,48,0,2,2,0,4,27,20,5,0,52,0,0,0,52
02/16/2020,EUG,OR,ANM,WE,Combined TRACON& Tower with Radar,33,18,14,0,65,1,0,18,0,19,34,18,32,0,84,18,0,18,102
02/17/2020,EUG,OR,ANM,WE,Combined TRACON& Tower with Radar,29,22,21,0,72,0,3,37,0,40,29,25,58,0,112,46,0,46,158
02/18/2020,EUG,OR,ANM,WE,Combined TRACON& Tower with Radar,28,34,21,19,102,0,2,57,1,60,28,36,78,20,162,68,10,78,240
02/19/2020,EUG,OR,ANM,WE,Combined TRACON& Tower with Radar,31,26,20,24,101,0,4,59,1,64,31,30,79,25,165,76,28,104,269
02/20/2020,EUG,OR,ANM,WE,Combined TRACON& Tower with Radar,38,22,23,4,87,0,4,109,0,113,38,26,132,4,200,156,22,178,378
02/21/2020,EUG,OR,ANM,WE,Combined TRACON& Tower with Radar,30,19,27,28,104,0,3,80,2,85,30,22,107,30,189,84,26,110,299
02/22/2020,EUG,OR,ANM,WE,Combined TRACON& Tower with Radar,31,18,7,2,58,0,1,36,0,37,31,19,43,2,95,70,0,70,165
02/23/2020,EUG,OR,ANM,WE,Combined TRACON& Tower with Radar,38,18,6,0,62,0,0,1,0,1,38,18,7,0,63,0,0,0,63
02/24/2020,EUG,OR,ANM,WE,Combined TRACON& Tower with Radar,30,28,30,7,95,0,1,60,22,83,30,29,90,29,178,64,56,120,298
02/25/2020,EUG,OR,ANM,WE,Combined TRACON& Tower with Radar,28,25,28,29,110,0,4,40,8,52,28,29,68,37,162,66,38,104,266
02/26/2020,EUG,OR,ANM,WE,Combined TRACON& Tower with Radar,29,24,16,24,93,0,2,48,5,55,29,26,64,29,148,124,30,154,302
02/27/2020,EUG,OR,ANM,WE,Combined TRACON& Tower with Radar,40,27,22,13,102,0,4,73,1,78,40,31,95,14,180,102,6,108,288
02/28/2020,EUG,OR,ANM,WE,Combined TRACON& Tower with Radar,33,21,27,0,81,0,0,27,4,31,33,21,54,4,112,68,0,68,180
02/29/2020,EUG,OR,ANM,WE,Combined TRACON& Tower with Radar,29,18,3,0,50,0,0,10,0,10,29,18,13,0,60,10,0,10,70
03/01/2020,EUG,OR,ANM,WE,Combined TRACON& Tower with Radar,36,19,22,1,78,0,0,19,0,19,36,19,41,1,97,0,0,0,97
03/02/2020,EUG,OR,ANM,WE,Combined TRACON& Tower with Radar,29,25,35,5,94,0,0,22,0,22,29,25,57,5,116,78,46,124,240
03/03/2020,EUG,OR,ANM,WE,Combined TRACON& Tower with Radar,29,23,27,25,104,0,2,41,1,44,29,25,68,26,148,36,34,70,218
03/04/2020,EUG,OR,ANM,WE,Combined TRACON& Tower with Radar,31,25,19,29,104,0,3,27,8,38,31,28,46,37,142,48,32,80,222
03/05/2020,EUG,OR,ANM,WE,Combined TRACON& Tower with Radar,42,22,35,17,116,0,3,69,0,72,42,25,104,17,188,100,10,110,298
03/06/2020,EUG,OR,ANM,WE,Combined TRACON& Tower with Radar,34,18,24,12,88,0,0,0,0,0,34,18,24,12,88,10,0,10,98
03/07/2020,EUG,OR,ANM,WE,Combined TRACON& Tower with Radar,38,15,11,8,72,0,0,4,0,4,38,15,15,8,76,4,0,4,80
03/08/2020,EUG,OR,ANM,WE,Combined TRACON& Tower with Radar,43,13,7,0,63,0,0,0,0,0,43,13,7,0,63,0,0,0,63
03/09/2020,EUG,OR,ANM,WE,Combined TRACON& Tower with Radar,37,23,40,14,114,0,1,35,0,36,37,24,75,14,150,18,0,18,168
03/10/2020,EUG,OR,ANM,WE,Combined TRACON& Tower with Radar,39,26,17,23,105,0,5,79,4,88,39,31,96,27,193,158,60,218,411
03/11/2020,EUG,OR,ANM,WE,Combined TRACON& Tower with Radar,36,16,27,26,105,0,5,49,4,58,36,21,76,30,163,88,64,152,315
03/12/2020,EUG,OR,ANM,WE,Combined TRACON& Tower with Radar,44,17,15,25,101,0,6,52,4,62,44,23,67,29,163,28,28,56,219
03/13/2020,EUG,OR,ANM,WE,Combined TRACON& Tower with Radar,35,14,14,7,70,0,2,10,0,12,35,16,24,7,82,28,0,28,110
03/14/2020,EUG,OR,ANM,WE,Combined TRACON& Tower with Radar,34,19,4,2,59,0,0,7,0,7,34,19,11,2,66,22,0,22,88
03/15/2020,EUG,OR,ANM,WE,Combined TRACON& Tower with Radar,41,14,9,0,64,0,2,40,0,42,41,16,49,0,106,18,0,18,124
03/16/2020,EUG,OR,ANM,WE,Combined TRACON& Tower with Radar,36,17,10,27,90,0,3,22,1,26,36,20,32,28,116,34,14,48,164
03/17/2020,EUG,OR,ANM,WE,Combined TRACON& Tower with Radar,38,20,27,26,111,0,2,61,3,66,38,22,88,29,177,64,42,106,283
03/18/2020,EUG,OR,ANM,WE,Combined TRACON& Tower with Radar,35,17,15,29,96,0,3,63,1,67,35,20,78,30,163,50,16,66,229
03/19/2020,EUG,OR,ANM,WE,Combined TRACON& Tower with Radar,41,8,13,0,62,0,5,78,0,83,41,13,91,0,145,76,0,76,221
03/20/2020,EUG,OR,ANM,WE,Combined TRACON& Tower with Radar,33,17,16,6,72,0,3,51,0,54,33,20,67,6,126,48,0,48,174
03/21/2020,EUG,OR,ANM,WE,Combined TRACON& Tower with Radar,31,13,8,0,52,0,0,41,0,41,31,13,49,0,93,56,0,56,149
03/22/2020,EUG,OR,ANM,WE,Combined TRACON& Tower with Radar,35,10,19,0,64,2,0,48,0,50,37,10,67,0,114,28,0,28,142
03/23/2020,EUG,OR,ANM,WE,Combined TRACON& Tower with Radar,34,19,10,17,80,0,0,4,1,5,34,19,14,18,85,0,6,6,91
03/24/2020,EUG,OR,ANM,WE,Combined TRACON& Tower with Radar,25,18,4,0,47,0,0,0,0,0,25,18,4,0,47,0,0,0,47
03/25/2020,EUG,OR,ANM,WE,Combined TRACON& Tower with Radar,26,18,9,4,57,0,1,2,0,3,26,19,11,4,60,6,0,6,66
03/26/2020,EUG,OR,ANM,WE,Combined TRACON& Tower with Radar,27,8,15,0,50,0,1,9,1,11,27,9,24,1,61,26,2,28,89
03/27/2020,EUG,OR,ANM,WE,Combined TRACON& Tower with Radar,28,6,8,8,50,0,0,0,0,0,28,6,8,8,50,0,0,0,50
03/28/2020,EUG,OR,ANM,WE,Combined TRACON& Tower with Radar,30,9,5,0,44,0,0,1,0,1,30,9,6,0,45,2,0,2,47
03/29/2020,EUG,OR,ANM,WE,Combined TRACON& Tower with Radar,23,10,5,0,38,0,0,0,0,0,23,10,5,0,38,2,0,2,40
03/30/2020,EUG,OR,ANM,WE,Combined TRACON& Tower with Radar,23,15,8,2,48,0,0,0,0,0,23,15,8,2,48,0,0,0,48
03/31/2020,EUG,OR,ANM,WE,Combined TRACON& Tower with Radar,22,18,2,20,62,0,3,0,0,3,22,21,2,20,65,2,0,2,67
04/01/2020,EUG,OR,ANM,WE,Combined TRACON& Tower with Radar,20,15,5,21,61,0,0,0,1,1,20,15,5,22,62,0,32,32,94
04/02/2020,EUG,OR,ANM,WE,Combined TRACON& Tower with Radar,14,13,11,11,49,0,2,13,0,15,14,15,24,11,64,8,0,8,72
04/03/2020,EUG,OR,ANM,WE,Combined TRACON& Tower with Radar,16,9,7,4,36,0,1,12,0,13,16,10,19,4,49,2,0,2,51
04/04/2020,EUG,OR,ANM,WE,Combined TRACON& Tower with Radar,14,8,5,0,27,0,0,1,0,1,14,8,6,0,28,0,0,0,28
04/05/2020,EUG,OR,ANM,WE,Combined TRACON& Tower with Radar,14,7,8,0,29,0,0,4,0,4,14,7,12,0,33,16,0,16,49
04/06/2020,EUG,OR,ANM,WE,Combined TRACON& Tower with Radar,12,12,4,7,35,0,3,4,0,7,12,15,8,7,42,6,10,16,58
04/07/2020,EUG,OR,ANM,WE,Combined TRACON& Tower with Radar,11,7,4,7,29,0,3,38,3,44,11,10,42,10,73,4,40,44,117
04/08/2020,EUG,OR,ANM,WE,Combined TRACON& Tower with Radar,11,7,13,4,35,0,5,36,0,41,11,12,49,4,76,12,0,12,88
04/09/2020,EUG,OR,ANM,WE,Combined TRACON& Tower with Radar,11,5,9,4,29,0,5,74,1,80,11,10,83,5,109,68,12,80,189
04/10/2020,EUG,OR,ANM,WE,Combined TRACON& Tower with Radar,10,7,10,8,35,0,1,41,0,42,10,8,51,8,77,4,20,24,101
04/11/2020,EUG,OR,ANM,WE,Combined TRACON& Tower with Radar,11,7,6,0,24,0,1,32,0,33,11,8,38,0,57,6,0,6,63
04/12/2020,EUG,OR,ANM,WE,Combined TRACON& Tower with Radar,11,4,2,0,17,0,0,14,0,14,11,4,16,0,31,4,0,4,35
04/13/2020,EUG,OR,ANM,WE,Combined TRACON& Tower with Radar,11,9,4,2,26,0,3,29,0,32,11,12,33,2,58,18,0,18,76
04/14/2020,EUG,OR,ANM,WE,Combined TRACON& Tower with Radar,10,15,9,56,90,0,3,39,9,51,10,18,48,65,141,34,48,82,223
04/15/2020,EUG,OR,ANM,WE,Combined TRACON& Tower with Radar,9,9,9,10,37,0,3,4,1,8,9,12,13,11,45,0,70,70,115
04/16/2020,EUG,OR,ANM,WE,Combined TRACON& Tower with Radar,8,7,9,12,36,0,5,22,1,28,8,12,31,13,64,14,10,24,88
04/17/2020,EUG,OR,ANM,WE,Combined TRACON& Tower with Radar,10,5,4,5,24,0,3,42,6,51,10,8,46,11,75,32,30,62,137
04/18/2020,EUG,OR,ANM,WE,Combined TRACON& Tower with Radar,9,7,4,0,20,0,0,0,0,0,9,7,4,0,20,12,0,12,32
04/19/2020,EUG,OR,ANM,WE,Combined TRACON& Tower with Radar,8,4,9,0,21,0,0,28,0,28,8,4,37,0,49,0,0,0,49
04/20/2020,EUG,OR,ANM,WE,Combined TRACON& Tower with Radar,7,11,7,6,31,0,4,47,6,57,7,15,54,12,88,62,36,98,186
04/21/2020,EUG,OR,ANM,WE,Combined TRACON& Tower with Radar,10,6,10,14,40,0,2,13,2,17,10,8,23,16,57,10,28,38,95
04/22/2020,EUG,OR,ANM,WE,Combined TRACON& Tower with Radar,8,12,19,2,41,0,1,1,0,2,8,13,20,2,43,0,0,0,43
04/23/2020,EUG,OR,ANM,WE,Combined TRACON& Tower with Radar,10,9,14,6,39,0,3,17,0,20,10,12,31,6,59,14,0,14,73
04/24/2020,EUG,OR,ANM,WE,Combined TRACON& Tower with Radar,7,7,8,4,26,0,0,2,0,2,7,7,10,4,28,0,0,0,28
04/25/2020,EUG,OR,ANM,WE,Combined TRACON& Tower with Radar,8,6,5,0,19,0,0,6,0,6,8,6,11,0,25,6,0,6,31
04/26/2020,EUG,OR,ANM,WE,Combined TRACON& Tower with Radar,9,4,7,4,24,0,0,45,0,45,9,4,52,4,69,18,0,18,87
04/27/2020,EUG,OR,ANM,WE,Combined TRACON& Tower with Radar,11,10,10,26,57,0,2,1,0,3,11,12,11,26,60,0,0,0,60
04/28/2020,EUG,OR,ANM,WE,Combined TRACON& Tower with Radar,8,6,8,18,40,0,4,56,0,60,8,10,64,18,100,66,16,82,182
04/29/2020,EUG,OR,ANM,WE,Combined TRACON& Tower with Radar,9,10,7,0,26,0,2,20,0,22,9,12,27,0,48,8,0,8,56
04/30/2020,EUG,OR,ANM,WE,Combined TRACON& Tower with Radar,8,9,10,18,45,0,5,27,1,33,8,14,37,19,78,2,44,46,124
05/01/2020,EUG,OR,ANM,WE,Combined TRACON& Tower with Radar,10,6,9,22,47,0,3,37,0,40,10,9,46,22,87,24,4,28,115
05/02/2020,EUG,OR,ANM,WE,Combined TRACON& Tower with Radar,6,7,18,1,32,0,0,0,0,0,6,7,18,1,32,0,2,2,34
05/03/2020,EUG,OR,ANM,WE,Combined TRACON& Tower with Radar,12,5,7,0,24,0,0,27,0,27,12,5,34,0,51,16,0,16,67
05/04/2020,EUG,OR,ANM,WE,Combined TRACON& Tower with Radar,16,10,12,72,110,0,4,21,8,33,16,14,33,80,143,28,92,120,263
05/05/2020,EUG,OR,ANM,WE,Combined TRACON& Tower with Radar,12,9,5,37,63,0,3,26,6,35,12,12,31,43,98,68,46,114,212
05/06/2020,EUG,OR,ANM,WE,Combined TRACON& Tower with Radar,15,9,17,23,64,0,6,26,2,34,15,15,43,25,98,76,72,148,246
05/07/2020,EUG,OR,ANM,WE,Combined TRACON& Tower with Radar,20,5,10,18,53,0,5,40,0,45,20,10,50,18,98,22,26,48,146
05/08/2020,EUG,OR,ANM,WE,Combined TRACON& Tower with Radar,15,1,8,6,30,0,4,52,1,57,15,5,60,7,87,62,14,76,163
05/09/2020,EUG,OR,ANM,WE,Combined TRACON& Tower with Radar,14,2,6,0,22,0,0,63,0,63,14,2,69,0,85,10,0,10,95
05/10/2020,EUG,OR,ANM,WE,Combined TRACON& Tower with Radar,23,0,6,0,29,0,0,33,0,33,23,0,39,0,62,4,0,4,66
05/11/2020,EUG,OR,ANM,WE,Combined TRACON& Tower with Radar,13,7,9,8,37,0,2,28,1,31,13,9,37,9,68,36,12,48,116
05/12/2020,EUG,OR,ANM,WE,Combined TRACON& Tower with Radar,16,10,4,0,30,0,0,1,0,1,16,10,5,0,31,0,0,0,31
05/13/2020,EUG,OR,ANM,WE,Combined TRACON& Tower with Radar,17,8,10,10,45,0,0,5,1,6,17,8,15,11,51,16,0,16,67
05/14/2020,EUG,OR,ANM,WE,Combined TRACON& Tower with Radar,15,12,12,13,52,0,0,2,7,9,15,12,14,20,61,0,4,4,65
05/15/2020,EUG,OR,ANM,WE,Combined TRACON& Tower with Radar,18,2,20,16,56,0,3,60,0,63,18,5,80,16,119,16,18,34,153
05/16/2020,EUG,OR,ANM,WE,Combined TRACON& Tower with Radar,14,3,9,0,26,0,0,11,0,11,14,3,20,0,37,0,0,0,37
05/17/2020,EUG,OR,ANM,WE,Combined TRACON& Tower with Radar,21,3,13,0,37,0,0,3,0,3,21,3,16,0,40,0,0,0,40
05/18/2020,EUG,OR,ANM,WE,Combined TRACON& Tower with Radar,17,8,13,1,39,0,0,10,1,11,17,8,23,2,50,24,0,24,74
05/19/2020,EUG,OR,ANM,WE,Combined TRACON& Tower with Radar,16,8,12,28,64,0,2,9,2,13,16,10,21,30,77,10,30,40,117
05/20/2020,EUG,OR,ANM,WE,Combined TRACON& Tower with Radar,17,7,36,19,79,0,1,14,3,18,17,8,50,22,97,0,88,88,185
05/21/2020,EUG,OR,ANM,WE,Combined TRACON& Tower with Radar,18,10,10,43,81,0,0,18,3,21,18,10,28,46,102,20,60,80,182
05/22/2020,EUG,OR,ANM,WE,Combined TRACON& Tower with Radar,21,4,25,0,50,0,0,43,0,43,21,4,68,0,93,78,0,78,171
05/23/2020,EUG,OR,ANM,WE,Combined TRACON& Tower with Radar,16,3,9,0,28,0,1,80,0,81,16,4,89,0,109,50,0,50,159
05/24/2020,EUG,OR,ANM,WE,Combined TRACON& Tower with Radar,21,3,3,0,27,0,0,36,0,36,21,3,39,0,63,40,0,40,103
05/25/2020,EUG,OR,ANM,WE,Combined TRACON& Tower with Radar,21,1,12,1,35,0,2,27,0,29,21,3,39,1,64,34,0,34,98
05/26/2020,EUG,OR,ANM,WE,Combined TRACON& Tower with Radar,16,6,14,4,40,0,4,42,0,46,16,10,56,4,86,74,0,74,160
05/27/2020,EUG,OR,ANM,WE,Combined TRACON& Tower with Radar,19,3,11,5,38,0,5,79,1,85,19,8,90,6,123,122,10,132,255
05/28/2020,EUG,OR,ANM,WE,Combined TRACON& Tower with Radar,20,8,26,10,64,0,2,91,0,93,20,10,117,10,157,114,8,122,279
05/29/2020,EUG,OR,ANM,WE,Combined TRACON& Tower with Radar,19,6,19,5,49,0,1,65,0,66,19,7,84,5,115,72,0,72,187
05/30/2020,EUG,OR,ANM,WE,Combined TRACON& Tower with Radar,14,3,9,0,26,0,0,0,0,0,14,3,9,0,26,0,0,0,26
05/31/2020,EUG,OR,ANM,WE,Combined TRACON& Tower with Radar,21,3,7,0,31,0,1,22,0,23,21,4,29,0,54,26,0,26,80
06/01/2020,EUG,OR,ANM,WE,Combined TRACON& Tower with Radar,21,6,8,4,39,0,3,35,0,38,21,9,43,4,77,20,0,20,97
06/02/2020,EUG,OR,ANM,WE,Combined TRACON& Tower with Radar,16,4,6,4,30,0,4,54,0,58,16,8,60,4,88,24,0,24,112
06/03/2020,EUG,OR,ANM,WE,Combined TRACON& Tower with Radar,19,5,3,2,29,0,5,67,0,72,19,10,70,2,101,112,0,112,213
06/04/2020,EUG,OR,ANM,WE,Combined TRACON& Tower with Radar,24,5,16,0,45,0,5,70,0,75,24,10,86,0,120,58,0,58,178
06/05/2020,EUG,OR,ANM,WE,Combined TRACON& Tower with Radar,26,8,12,0,46,0,1,30,0,31,26,9,42,0,77,14,0,14,91
06/06/2020,EUG,OR,ANM,WE,Combined TRACON& Tower with Radar,20,4,4,0,28,0,0,0,0,0,20,4,4,0,28,2,0,2,30
06/07/2020,EUG,OR,ANM,WE,Combined TRACON& Tower with Radar,23,1,15,0,39,0,0,0,0,0,23,1,15,0,39,2,0,2,41
06/08/2020,EUG,OR,ANM,WE,Combined TRACON& Tower with Radar,27,8,8,0,43,0,4,65,0,69,27,12,73,0,112,18,0,18,130
06/09/2020,EUG,OR,ANM,WE,Combined TRACON& Tower with Radar,21,7,16,5,49,0,1,12,0,13,21,8,28,5,62,6,0,6,68
06/10/2020,EUG,OR,ANM,WE,Combined TRACON& Tower with Radar,20,8,23,2,53,0,3,24,0,27,20,11,47,2,80,52,0,52,132
06/11/2020,EUG,OR,ANM,WE,Combined TRACON& Tower with Radar,24,6,18,2,50,0,3,56,0,59,24,9,74,2,109,36,0,36,145
06/12/2020,EUG,OR,ANM,WE,Combined TRACON& Tower with Radar,30,4,19,2,55,0,0,5,0,5,30,4,24,2,60,22,0,22,82
06/13/2020,EUG,OR,ANM,WE,Combined TRACON& Tower with Radar,22,4,9,0,35,0,0,6,2,8,22,4,15,2,43,6,2,8,51
06/14/2020,EUG,OR,ANM,WE,Combined TRACON& Tower with Radar,26,2,13,2,43,0,0,38,0,38,26,2,51,2,81,40,0,40,121
06/15/2020,EUG,OR,ANM,WE,Combined TRACON& Tower with Radar,30,12,11,0,53,0,0,0,0,0,30,12,11,0,53,0,0,0,53
06/16/2020,EUG,OR,ANM,WE,Combined TRACON& Tower with Radar,24,9,14,0,47,1,0,9,0,10,25,9,23,0,57,22,0,22,79
06/17/2020,EUG,OR,ANM,WE,Combined TRACON& Tower with Radar,20,5,24,8,57,0,4,58,0,62,20,9,82,8,119,90,0,90,209
06/18/2020,EUG,OR,ANM,WE,Combined TRACON& Tower with Radar,26,7,8,0,41,0,4,74,0,78,26,11,82,0,119,88,0,88,207
06/19/2020,EUG,OR,ANM,WE,Combined TRACON& Tower with Radar,30,7,18,0,55,0,2,93,0,95,30,9,111,0,150,94,0,94,244
06/20/2020,EUG,OR,ANM,WE,Combined TRACON& Tower with Radar,24,2,9,2,37,0,0,18,0,18,24,2,27,2,55,10,0,10,65
06/21/2020,EUG,OR,ANM,WE,Combined TRACON& Tower with Radar,26,0,14,0,40,0,0,43,0,43,26,0,57,0,83,6,0,6,89
06/22/2020,EUG,OR,ANM,WE,Combined TRACON& Tower with Radar,32,5,13,3,53,0,6,50,0,56,32,11,63,3,109,26,0,26,135
06/23/2020,EUG,OR,ANM,WE,Combined TRACON& Tower with Radar,24,7,16,6,53,0,5,45,0,50,24,12,61,6,103,18,0,18,121
06/24/2020,EUG,OR,ANM,WE,Combined TRACON& Tower with Radar,22,7,15,4,48,0,4,51,2,57,22,11,66,6,105,58,0,58,163
06/25/2020,EUG,OR,ANM,WE,Combined TRACON& Tower with Radar,26,8,22,0,56,0,4,40,0,44,26,12,62,0,100,28,0,28,128
06/26/2020,EUG,OR,ANM,WE,Combined TRACON& Tower with Radar,30,1,18,0,49,0,6,55,0,61,30,7,73,0,110,46,0,46,156
06/27/2020,EUG,OR,ANM,WE,Combined TRACON& Tower with Radar,24,7,13,0,44,0,0,20,0,20,24,7,33,0,64,0,0,0,64
06/28/2020,EUG,OR,ANM,WE,Combined TRACON& Tower with Radar,28,1,6,0,35,0,0,9,0,9,28,1,15,0,44,0,0,0,44
06/29/2020,EUG,OR,ANM,WE,Combined TRACON& Tower with Radar,30,7,21,5,63,0,3,69,0,72,30,10,90,5,135,114,0,114,249
06/30/2020,EUG,OR,ANM,WE,Combined TRACON& Tower with Radar,24,6,29,5,64,0,2,19,0,21,24,8,48,5,85,38,0,38,123
07/01/2020,EUG,OR,ANM,WE,Combined TRACON& Tower with Radar,21,8,20,0,49,0,2,40,0,42,21,10,60,0,91,84,0,84,175
07/02/2020,EUG,OR,ANM,WE,Combined TRACON& Tower with Radar,26,7,17,0,50,0,3,59,0,62,26,10,76,0,112,54,0,54,166
07/03/2020,EUG,OR,ANM,WE,Combined TRACON& Tower with Radar,30,2,18,0,50,0,1,16,0,17,30,3,34,0,67,22,0,22,89
07/04/2020,EUG,OR,ANM,WE,Combined TRACON& Tower with Radar,22,3,6,0,31,0,2,31,0,33,22,5,37,0,64,16,0,16,80
07/05/2020,EUG,OR,ANM,WE,Combined TRACON& Tower with Radar,25,1,7,0,33,0,0,36,0,36,25,1,43,0,69,18,0,18,87
07/06/2020,EUG,OR,ANM,WE,Combined TRACON& Tower with Radar,32,8,18,0,58,0,0,20,0,20,32,8,38,0,78,14,0,14,92
07/07/2020,EUG,OR,ANM,WE,Combined TRACON& Tower with Radar,23,9,23,0,55,0,0,49,0,49,23,9,72,0,104,78,0,78,182
07/08/2020,EUG,OR,ANM,WE,Combined TRACON& Tower with Radar,23,8,19,2,52,0,2,76,0,78,23,10,95,2,130,78,0,78,208
07/09/2020,EUG,OR,ANM,WE,Combined TRACON& Tower with Radar,25,9,11,5,50,0,0,81,0,81,25,9,92,5,131,130,0,130,261
07/10/2020,EUG,OR,ANM,WE,Combined TRACON& Tower with Radar,31,5,18,0,54,0,2,82,0,84,31,7,100,0,138,56,0,56,194
07/11/2020,EUG,OR,ANM,WE,Combined TRACON& Tower with Radar,23,2,3,0,28,0,1,61,0,62,23,3,64,0,90,2,0,2,92
07/12/2020,EUG,OR,ANM,WE,Combined TRACON& Tower with Radar,25,0,6,0,31,0,1,33,0,34,25,1,39,0,65,4,0,4,69
07/13/2020,EUG,OR,ANM,WE,Combined TRACON& Tower with Radar,31,3,26,0,60,0,4,76,0,80,31,7,102,0,140,108,0,108,248
07/14/2020,EUG,OR,ANM,WE,Combined TRACON& Tower with Radar,23,5,4,0,32,0,4,52,0,56,23,9,56,0,88,76,0,76,164
07/15/2020,EUG,OR,ANM,WE,Combined TRACON& Tower with Radar,23,7,8,0,38,0,5,54,0,59,23,12,62,0,97,40,0,40,137
07/16/2020,EUG,OR,ANM,WE,Combined TRACON& Tower with Radar,25,5,6,0,36,0,3,64,0,67,25,8,70,0,103,38,0,38,141
07/17/2020,EUG,OR,ANM,WE,Combined TRACON& Tower with Radar,31,5,22,0,58,0,5,70,0,75,31,10,92,0,133,114,0,114,247
07/18/2020,EUG,OR,ANM,WE,Combined TRACON& Tower with Radar,23,1,10,0,34,0,1,45,0,46,23,2,55,0,80,6,0,6,86
07/19/2020,EUG,OR,ANM,WE,Combined TRACON& Tower with Radar,25,2,7,0,34,0,0,58,0,58,25,2,65,0,92,28,0,28,120
07/20/2020,EUG,OR,ANM,WE,Combined TRACON& Tower with Radar,30,11,10,1,52,0,2,74,0,76,30,13,84,1,128,90,0,90,218
07/21/2020,EUG,OR,ANM,WE,Combined TRACON& Tower with Radar,24,10,15,0,49,0,2,62,0,64,24,12,77,0,113,34,20,54,167
07/22/2020,EUG,OR,ANM,WE,Combined TRACON& Tower with Radar,23,8,5,0,36,0,1,53,0,54,23,9,58,0,90,106,0,106,196
07/23/2020,EUG,OR,ANM,WE,Combined TRACON& Tower with Radar,25,9,23,3,60,0,1,50,0,51,25,10,73,3,111,90,0,90,201
07/24/2020,EUG,OR,ANM,WE,Combined TRACON& Tower with Radar,31,7,12,3,53,0,0,47,0,47,31,7,59,3,100,96,0,96,196
07/25/2020,EUG,OR,ANM,WE,Combined TRACON& Tower with Radar,22,4,3,0,29,0,0,50,0,50,22,4,53,0,79,22,0,22,101
07/26/2020,EUG,OR,ANM,WE,Combined TRACON& Tower with Radar,23,3,9,0,35,0,0,42,0,42,23,3,51,0,77,22,0,22,99
07/27/2020,EUG,OR,ANM,WE,Combined TRACON& Tower with Radar,30,9,3,11,53,0,4,55,2,61,30,13,58,13,114,84,0,84,198
07/28/2020,EUG,OR,ANM,WE,Combined TRACON& Tower with Radar,23,4,15,4,46,0,5,64,0,69,23,9,79,4,115,24,0,24,139
07/29/2020,EUG,OR,ANM,WE,Combined TRACON& Tower with Radar,23,5,13,3,44,0,5,68,0,73,23,10,81,3,117,82,0,82,199
07/30/2020,EUG,OR,ANM,WE,Combined TRACON& Tower with Radar,25,7,22,0,54,0,4,67,2,73,25,11,89,2,127,84,0,84,211
07/31/2020,EUG,OR,ANM,WE,Combined TRACON& Tower with Radar,31,5,26,0,62,0,2,78,0,80,31,7,104,0,142,106,0,106,248
08/01/2020,EUG,OR,ANM,WE,Combined TRACON& Tower with Radar,26,5,8,0,39,0,2,62,0,64,26,7,70,0,103,34,0,34,137
08/02/2020,EUG,OR,ANM,WE,Combined TRACON& Tower with Radar,30,1,5,0,36,0,3,26,0,29,30,4,31,0,65,12,0,12,77
08/03/2020,EUG,OR,ANM,WE,Combined TRACON& Tower with Radar,36,6,6,0,48,0,3,59,0,62,36,9,65,0,110,68,0,68,178
08/04/2020,EUG,OR,ANM,WE,Combined TRACON& Tower with Radar,28,9,9,0,46,0,3,47,2,52,28,12,56,2,98,44,0,44,142
08/05/2020,EUG,OR,ANM,WE,Combined TRACON& Tower with Radar,32,12,28,2,74,0,3,35,0,38,32,15,63,2,112,70,6,76,188
08/06/2020,EUG,OR,ANM,WE,Combined TRACON& Tower with Radar,30,7,30,0,67,0,2,20,0,22,30,9,50,0,89,44,0,44,133
08/07/2020,EUG,OR,ANM,WE,Combined TRACON& Tower with Radar,36,4,15,2,57,0,2,78,0,80,36,6,93,2,137,64,0,64,201
08/08/2020,EUG,OR,ANM,WE,Combined TRACON& Tower with Radar,28,3,14,0,45,1,0,30,0,31,29,3,44,0,76,8,0,8,84
08/09/2020,EUG,OR,ANM,WE,Combined TRACON& Tower with Radar,30,2,19,0,51,0,0,37,0,37,30,2,56,0,88,58,0,58,146
08/10/2020,EUG,OR,ANM,WE,Combined TRACON& Tower with Radar,38,4,11,2,55,0,6,69,1,76,38,10,80,3,131,100,0,100,231
08/11/2020,EUG,OR,ANM,WE,Combined TRACON& Tower with Radar,28,8,12,2,50,0,5,76,0,81,28,13,88,2,131,64,0,64,195
08/12/2020,EUG,OR,ANM,WE,Combined TRACON& Tower with Radar,32,5,10,2,49,0,4,66,0,70,32,9,76,2,119,106,0,106,225
08/13/2020,EUG,OR,ANM,WE,Combined TRACON& Tower with Radar,30,1,6,2,39,0,6,57,0,63,30,7,63,2,102,36,0,36,138
08/14/2020,EUG,OR,ANM,WE,Combined TRACON& Tower with Radar,36,3,13,2,54,0,2,66,0,68,36,5,79,2,122,50,0,50,172
08/15/2020,EUG,OR,ANM,WE,Combined TRACON& Tower with Radar,28,2,7,0,37,0,2,29,0,31,28,4,36,0,68,8,0,8,76
08/16/2020,EUG,OR,ANM,WE,Combined TRACON& Tower with Radar,30,3,5,0,38,2,0,19,0,21,32,3,24,0,59,4,0,4,63
08/17/2020,EUG,OR,ANM,WE,Combined TRACON& Tower with Radar,36,11,18,0,65,0,4,57,0,61,36,15,75,0,126,50,0,50,176
08/18/2020,EUG,OR,ANM,WE,Combined TRACON& Tower with Radar,28,7,16,1,52,0,6,69,0,75,28,13,85,1,127,56,0,56,183
08/19/2020,EUG,OR,ANM,WE,Combined TRACON& Tower with Radar,28,3,19,0,50,4,6,80,0,90,32,9,99,0,140,46,0,46,186
08/20/2020,EUG,OR,ANM,WE,Combined TRACON& Tower with Radar,34,4,12,2,52,0,5,75,0,80,34,9,87,2,132,98,0,98,230
08/21/2020,EUG,OR,ANM,WE,Combined TRACON& Tower with Radar,28,7,30,0,65,0,1,19,0,20,28,8,49,0,85,44,0,44,129
08/22/2020,EUG,OR,ANM,WE,Combined TRACON& Tower with Radar,28,3,4,0,35,0,0,31,0,31,28,3,35,0,66,20,0,20,86
08/23/2020,EUG,OR,ANM,WE,Combined TRACON& Tower with Radar,34,2,14,0,50,0,1,29,0,30,34,3,43,0,80,40,0,40,120
08/24/2020,EUG,OR,ANM,WE,Combined TRACON& Tower with Radar,31,8,13,1,53,0,4,47,0,51,31,12,60,1,104,40,0,40,144
08/25/2020,EUG,OR,ANM,WE,Combined TRACON& Tower with Radar,30,6,25,3,64,0,3,74,1,78,30,9,99,4,142,106,0,106,248
08/26/2020,EUG,OR,ANM,WE,Combined TRACON& Tower with Radar,28,10,10,0,48,0,3,68,0,71,28,13,78,0,119,58,0,58,177
08/27/2020,EUG,OR,ANM,WE,Combined TRACON& Tower with Radar,34,6,22,0,62,5,4,63,0,72,39,10,85,0,134,68,0,68,202
08/28/2020,EUG,OR,ANM,WE,Combined TRACON& Tower with Radar,31,3,10,0,44,0,1,49,0,50,31,4,59,0,94,26,0,26,120
08/29/2020,EUG,OR,ANM,WE,Combined TRACON& Tower with Radar,28,5,13,0,46,0,1,58,0,59,28,6,71,0,105,2,0,2,107
08/30/2020,EUG,OR,ANM,WE,Combined TRACON& Tower with Radar,34,0,6,0,40,0,0,48,0,48,34,0,54,0,88,10,0,10,98
08/31/2020,EUG,OR,ANM,WE,Combined TRACON& Tower with Radar,31,6,12,0,49,0,4,41,0,45,31,10,53,0,94,64,0,64,158
09/01/2020,EUG,OR,ANM,WE,Combined TRACON& Tower with Radar,27,7,16,1,51,0,2,67,1,70,27,9,83,2,121,54,2,56,177
09/02/2020,EUG,OR,ANM,WE,Combined TRACON& Tower with Radar,26,5,14,8,53,0,3,64,0,67,26,8,78,8,120,28,0,28,148
09/03/2020,EUG,OR,ANM,WE,Combined TRACON& Tower with Radar,32,3,19,0,54,0,9,86,0,95,32,12,105,0,149,48,0,48,197
09/04/2020,EUG,OR,ANM,WE,Combined TRACON& Tower with Radar,28,3,17,0,48,0,1,73,1,75,28,4,90,1,123,70,0,70,193
09/05/2020,EUG,OR,ANM,WE,Combined TRACON& Tower with Radar,26,3,17,0,46,0,0,48,0,48,26,3,65,0,94,60,0,60,154
09/06/2020,EUG,OR,ANM,WE,Combined TRACON& Tower with Radar,32,0,9,0,41,0,0,46,1,47,32,0,55,1,88,54,0,54,142
09/07/2020,EUG,OR,ANM,WE,Combined TRACON& Tower with Radar,28,2,15,0,45,0,0,47,0,47,28,2,62,0,92,32,0,32,124
09/08/2020,EUG,OR,ANM,WE,Combined TRACON& Tower with Radar,13,7,15,2,37,0,0,1,0,1,13,7,16,2,38,0,0,0,38
09/09/2020,EUG,OR,ANM,WE,Combined TRACON& Tower with Radar,22,3,6,0,31,0,0,0,0,0,22,3,6,0,31,0,0,0,31
09/10/2020,EUG,OR,ANM,WE,Combined TRACON& Tower with Radar,27,7,15,0,49,0,0,0,0,0,27,7,15,0,49,0,0,0,49
09/11/2020,EUG,OR,ANM,WE,Combined TRACON& Tower with Radar,15,2,13,0,30,0,0,0,1,1,15,2,13,1,31,0,0,0,31
09/12/2020,EUG,OR,ANM,WE,Combined TRACON& Tower with Radar,0,4,1,0,5,0,0,0,0,0,0,4,1,0,5,0,0,0,5
09/13/2020,EUG,OR,ANM,WE,Combined TRACON& Tower with Radar,0,0,0,0,0,0,0,0,0,0,0,0,0,0,0,0,0,0,0
09/14/2020,EUG,OR,ANM,WE,Combined TRACON& Tower with Radar,17,3,6,0,26,0,0,0,0,0,17,3,6,0,26,0,0,0,26
09/15/2020,EUG,OR,ANM,WE,Combined TRACON& Tower with Radar,21,4,5,0,30,0,0,0,0,0,21,4,5,0,30,0,0,0,30
09/16/2020,EUG,OR,ANM,WE,Combined TRACON& Tower with Radar,28,7,8,0,43,0,0,0,0,0,28,7,8,0,43,0,0,0,43
09/17/2020,EUG,OR,ANM,WE,Combined TRACON& Tower with Radar,32,9,14,0,55,0,0,0,0,0,32,9,14,0,55,0,0,0,55
09/18/2020,EUG,OR,ANM,WE,Combined TRACON& Tower with Radar,30,3,14,0,47,0,0,6,0,6,30,3,20,0,53,8,0,8,61
09/19/2020,EUG,OR,ANM,WE,Combined TRACON& Tower with Radar,28,7,27,0,62,0,0,24,0,24,28,7,51,0,86,24,0,24,110
09/20/2020,EUG,OR,ANM,WE,Combined TRACON& Tower with Radar,34,4,10,0,48,0,0,37,0,37,34,4,47,0,85,40,0,40,125
09/21/2020,EUG,OR,ANM,WE,Combined TRACON& Tower with Radar,30,17,23,0,70,0,3,73,0,76,30,20,96,0,146,54,0,54,200
09/22/2020,EUG,OR,ANM,WE,Combined TRACON& Tower with Radar,28,12,33,4,77,0,5,49,0,54,28,17,82,4,131,42,8,50,181
09/23/2020,EUG,OR,ANM,WE,Combined TRACON& Tower with Radar,30,10,19,0,59,0,2,16,0,18,30,12,35,0,77,42,0,42,119
09/24/2020,EUG,OR,ANM,WE,Combined TRACON& Tower with Radar,34,9,24,0,67,0,3,35,0,38,34,12,59,0,105,44,0,44,149
09/25/2020,EUG,OR,ANM,WE,Combined TRACON& Tower with Radar,30,9,10,0,49,0,0,2,0,2,30,9,12,0,51,0,0,0,51
09/26/2020,EUG,OR,ANM,WE,Combined TRACON& Tower with Radar,28,9,17,0,54,0,0,25,0,25,28,9,42,0,79,46,0,46,125
09/27/2020,EUG,OR,ANM,WE,Combined TRACON& Tower with Radar,35,6,19,0,60,0,0,51,0,51,35,6,70,0,111,42,0,42,153
09/28/2020,EUG,OR,ANM,WE,Combined TRACON& Tower with Radar,30,8,18,0,56,0,3,78,0,81,30,11,96,0,137,60,0,60,197
09/29/2020,EUG,OR,ANM,WE,Combined TRACON& Tower with Radar,29,6,17,1,53,0,4,93,0,97,29,10,110,1,150,102,0,102,252
09/30/2020,EUG,OR,ANM,WE,Combined TRACON& Tower with Radar,30,9,25,0,64,0,2,91,0,93,30,11,116,0,157,68,0,68,225
10/01/2020,EUG,OR,ANM,WE,Combined TRACON& Tower with Radar,35,13,22,2,72,0,1,65,4,70,35,14,87,6,142,108,0,108,250
10/02/2020,EUG,OR,ANM,WE,Combined TRACON& Tower with Radar,33,6,17,0,56,0,0,35,0,35,33,6,52,0,91,24,0,24,115
10/03/2020,EUG,OR,ANM,WE,Combined TRACON& Tower with Radar,34,6,8,0,48,0,0,41,0,41,34,6,49,0,89,62,0,62,151
10/04/2020,EUG,OR,ANM,WE,Combined TRACON& Tower with Radar,44,2,17,0,63,0,0,7,0,7,44,2,24,0,70,2,0,2,72
10/05/2020,EUG,OR,ANM,WE,Combined TRACON& Tower with Radar,41,8,15,18,82,0,3,49,0,52,41,11,64,18,134,44,12,56,190
10/06/2020,EUG,OR,ANM,WE,Combined TRACON& Tower with Radar,36,10,17,8,71,0,1,70,0,71,36,11,87,8,142,100,0,100,242
10/07/2020,EUG,OR,ANM,WE,Combined TRACON& Tower with Radar,36,12,22,0,70,0,0,57,0,57,36,12,79,0,127,100,0,100,227
10/08/2020,EUG,OR,ANM,WE,Combined TRACON& Tower with Radar,44,12,20,4,80,0,1,36,0,37,44,13,56,4,117,78,0,78,195
10/09/2020,EUG,OR,ANM,WE,Combined TRACON& Tower with Radar,38,6,20,0,64,0,0,21,0,21,38,6,41,0,85,22,0,22,107
10/10/2020,EUG,OR,ANM,WE,Combined TRACON& Tower with Radar,38,4,12,0,54,0,0,10,0,10,38,4,22,0,64,18,0,18,82
10/11/2020,EUG,OR,ANM,WE,Combined TRACON& Tower with Radar,44,1,7,0,52,0,0,7,0,7,44,1,14,0,59,10,0,10,69
10/12/2020,EUG,OR,ANM,WE,Combined TRACON& Tower with Radar,40,11,19,0,70,0,1,34,0,35,40,12,53,0,105,36,0,36,141
10/13/2020,EUG,OR,ANM,WE,Combined TRACON& Tower with Radar,37,8,12,12,69,0,0,2,0,2,37,8,14,12,71,6,6,12,83
10/14/2020,EUG,OR,ANM,WE,Combined TRACON& Tower with Radar,36,5,28,0,69,0,5,61,0,66,36,10,89,0,135,36,0,36,171
10/15/2020,EUG,OR,ANM,WE,Combined TRACON& Tower with Radar,44,8,19,7,78,0,3,84,1,88,44,11,103,8,166,82,0,82,248
10/16/2020,EUG,OR,ANM,WE,Combined TRACON& Tower with Radar,38,6,21,2,67,0,1,114,2,117,38,7,135,4,184,38,122,160,344
10/17/2020,EUG,OR,ANM,WE,Combined TRACON& Tower with Radar,38,5,7,0,50,0,0,36,0,36,38,5,43,0,86,52,0,52,138
10/18/2020,EUG,OR,ANM,WE,Combined TRACON& Tower with Radar,44,0,23,2,69,0,0,37,0,37,44,0,60,2,106,14,0,14,120
10/19/2020,EUG,OR,ANM,WE,Combined TRACON& Tower with Radar,40,10,18,34,102,0,2,23,4,29,40,12,41,38,131,66,8,74,205
10/20/2020,EUG,OR,ANM,WE,Combined TRACON& Tower with Radar,36,7,14,26,83,0,1,63,0,64,36,8,77,26,147,110,0,110,257
10/21/2020,EUG,OR,ANM,WE,Combined TRACON& Tower with Radar,36,7,12,39,94,0,1,57,0,58,36,8,69,39,152,108,0,108,260
10/22/2020,EUG,OR,ANM,WE,Combined TRACON& Tower with Radar,44,12,18,11,85,0,3,72,0,75,44,15,90,11,160,64,0,64,224
10/23/2020,EUG,OR,ANM,WE,Combined TRACON& Tower with Radar,37,7,34,48,126,0,2,69,9,80,37,9,103,57,206,36,42,78,284
10/24/2020,EUG,OR,ANM,WE,Combined TRACON& Tower with Radar,38,4,10,2,54,0,0,10,0,10,38,4,20,2,64,0,0,0,64
10/25/2020,EUG,OR,ANM,WE,Combined TRACON& Tower with Radar,39,2,12,2,55,0,0,37,0,37,39,2,49,2,92,34,0,34,126
10/26/2020,EUG,OR,ANM,WE,Combined TRACON& Tower with Radar,40,5,7,0,52,0,3,67,0,70,40,8,74,0,122,66,0,66,188
10/27/2020,EUG,OR,ANM,WE,Combined TRACON& Tower with Radar,35,10,17,21,83,0,6,62,1,69,35,16,79,22,152,84,16,100,252
10/28/2020,EUG,OR,ANM,WE,Combined TRACON& Tower with Radar,37,9,21,12,79,0,3,82,0,85,37,12,103,12,164,82,0,82,246
10/29/2020,EUG,OR,ANM,WE,Combined TRACON& Tower with Radar,44,9,16,2,71,0,0,0,0,0,44,9,16,2,71,0,0,0,71
10/30/2020,EUG,OR,ANM,WE,Combined TRACON& Tower with Radar,38,4,21,4,67,0,0,6,3,9,38,4,27,7,76,68,22,90,166
10/31/2020,EUG,OR,ANM,WE,Combined TRACON& Tower with Radar,36,2,6,0,44,0,0,41,0,41,36,2,47,0,85,34,0,34,119
11/01/2020,EUG,OR,ANM,WE,Combined TRACON& Tower with Radar,45,1,10,0,56,0,0,50,0,50,45,1,60,0,106,30,0,30,136
11/02/2020,EUG,OR,ANM,WE,Combined TRACON& Tower with Radar,38,10,24,0,72,0,2,60,0,62,38,12,84,0,134,70,4,74,208
11/03/2020,EUG,OR,ANM,WE,Combined TRACON& Tower with Radar,35,13,17,3,68,0,0,18,0,18,35,13,35,3,86,40,0,40,126
11/04/2020,EUG,OR,ANM,WE,Combined TRACON& Tower with Radar,34,10,14,2,60,0,1,32,1,34,34,11,46,3,94,32,10,42,136
11/05/2020,EUG,OR,ANM,WE,Combined TRACON& Tower with Radar,44,16,33,20,113,0,0,3,0,3,44,16,36,20,116,0,0,0,116
11/06/2020,EUG,OR,ANM,WE,Combined TRACON& Tower with Radar,41,8,23,15,87,0,0,10,1,11,41,8,33,16,98,8,30,38,136
11/07/2020,EUG,OR,ANM,WE,Combined TRACON& Tower with Radar,40,8,4,0,52,0,0,5,0,5,40,8,9,0,57,0,0,0,57
11/08/2020,EUG,OR,ANM,WE,Combined TRACON& Tower with Radar,44,3,13,0,60,0,0,84,1,85,44,3,97,1,145,48,0,48,193
11/09/2020,EUG,OR,ANM,WE,Combined TRACON& Tower with Radar,41,14,12,14,81,0,1,40,2,43,41,15,52,16,124,22,20,42,166
11/10/2020,EUG,OR,ANM,WE,Combined TRACON& Tower with Radar,36,12,12,18,78,0,0,8,0,8,36,12,20,18,86,26,0,26,112
11/11/2020,EUG,OR,ANM,WE,Combined TRACON& Tower with Radar,36,9,16,0,61,0,1,18,0,19,36,10,34,0,80,24,0,24,104
11/12/2020,EUG,OR,ANM,WE,Combined TRACON& Tower with Radar,42,11,13,0,66,0,0,35,0,35,42,11,48,0,101,44,0,44,145
11/13/2020,EUG,OR,ANM,WE,Combined TRACON& Tower with Radar,42,7,13,8,70,0,0,2,0,2,42,7,15,8,72,16,0,16,88
11/14/2020,EUG,OR,ANM,WE,Combined TRACON& Tower with Radar,39,6,9,0,54,0,1,3,0,4,39,7,12,0,58,0,0,0,58
11/15/2020,EUG,OR,ANM,WE,Combined TRACON& Tower with Radar,42,3,6,0,51,0,0,4,0,4,42,3,10,0,55,0,0,0,55
11/16/2020,EUG,OR,ANM,WE,Combined TRACON& Tower with Radar,40,8,13,2,63,0,2,17,4,23,40,10,30,6,86,102,10,112,198
11/17/2020,EUG,OR,ANM,WE,Combined TRACON& Tower with Radar,36,10,20,2,68,0,1,2,0,3,36,11,22,2,71,6,0,6,77
11/18/2020,EUG,OR,ANM,WE,Combined TRACON& Tower with Radar,36,19,10,2,67,0,1,1,0,2,36,20,11,2,69,24,0,24,93
11/19/2020,EUG,OR,ANM,WE,Combined TRACON& Tower with Radar,40,5,35,12,92,0,3,39,0,42,40,8,74,12,134,112,0,112,246
11/20/2020,EUG,OR,ANM,WE,Combined TRACON& Tower with Radar,49,2,25,6,82,0,3,69,0,72,49,5,94,6,154,36,0,36,190
11/21/2020,EUG,OR,ANM,WE,Combined TRACON& Tower with Radar,48,6,20,0,74,0,0,0,0,0,48,6,20,0,74,0,0,0,74
11/22/2020,EUG,OR,ANM,WE,Combined TRACON& Tower with Radar,42,3,8,0,53,0,0,6,0,6,42,3,14,0,59,24,0,24,83
11/23/2020,EUG,OR,ANM,WE,Combined TRACON& Tower with Radar,46,8,13,32,99,0,0,4,0,4,46,8,17,32,103,10,4,14,117
11/24/2020,EUG,OR,ANM,WE,Combined TRACON& Tower with Radar,41,15,27,7,90,0,1,40,0,41,41,16,67,7,131,76,4,80,211
11/25/2020,EUG,OR,ANM,WE,Combined TRACON& Tower with Radar,48,12,15,11,86,0,0,13,2,15,48,12,28,13,101,38,24,62,163
11/26/2020,EUG,OR,ANM,WE,Combined TRACON& Tower with Radar,24,2,2,0,28,0,0,9,0,9,24,2,11,0,37,0,0,0,37
11/27/2020,EUG,OR,ANM,WE,Combined TRACON& Tower with Radar,41,6,7,0,54,0,0,1,0,1,41,6,8,0,55,0,0,0,55
11/28/2020,EUG,OR,ANM,WE,Combined TRACON& Tower with Radar,43,4,10,0,57,0,0,26,0,26,43,4,36,0,83,32,0,32,115
11/29/2020,EUG,OR,ANM,WE,Combined TRACON& Tower with Radar,51,3,16,0,70,0,0,19,0,19,51,3,35,0,89,8,0,8,97
11/30/2020,EUG,OR,ANM,WE,Combined TRACON& Tower with Radar,45,8,12,0,65,0,2,10,0,12,45,10,22,0,77,32,0,32,109
12/01/2020,EUG,OR,ANM,WE,Combined TRACON& Tower with Radar,36,18,17,12,83,0,0,0,0,0,36,18,17,12,83,0,0,0,83
12/02/2020,EUG,OR,ANM,WE,Combined TRACON& Tower with Radar,33,7,15,0,55,0,2,32,2,36,33,9,47,2,91,52,0,52,143
12/03/2020,EUG,OR,ANM,WE,Combined TRACON& Tower with Radar,37,7,8,8,60,0,3,78,4,85,37,10,86,12,145,78,22,100,245
12/04/2020,EUG,OR,ANM,WE,Combined TRACON& Tower with Radar,38,7,16,0,61,0,2,31,0,33,38,9,47,0,94,36,0,36,130
12/05/2020,EUG,OR,ANM,WE,Combined TRACON& Tower with Radar,33,4,8,0,45,0,0,31,0,31,33,4,39,0,76,46,0,46,122
12/06/2020,EUG,OR,ANM,WE,Combined TRACON& Tower with Radar,36,2,6,0,44,0,0,28,0,28,36,2,34,0,72,36,0,36,108
12/07/2020,EUG,OR,ANM,WE,Combined TRACON& Tower with Radar,36,11,13,2,62,0,0,42,0,42,36,11,55,2,104,54,0,54,158
12/08/2020,EUG,OR,ANM,WE,Combined TRACON& Tower with Radar,32,12,5,15,64,0,1,39,0,40,32,13,44,15,104,0,0,0,104
12/09/2020,EUG,OR,ANM,WE,Combined TRACON& Tower with Radar,32,8,12,2,54,0,2,38,0,40,32,10,50,2,94,36,0,36,130
12/10/2020,EUG,OR,ANM,WE,Combined TRACON& Tower with Radar,36,10,16,2,64,0,0,4,0,4,36,10,20,2,68,14,0,14,82
12/11/2020,EUG,OR,ANM,WE,Combined TRACON& Tower with Radar,36,8,8,0,52,0,1,5,0,6,36,9,13,0,58,2,0,2,60
12/12/2020,EUG,OR,ANM,WE,Combined TRACON& Tower with Radar,32,3,12,2,49,0,0,17,0,17,32,3,29,2,66,0,0,0,66
12/13/2020,EUG,OR,ANM,WE,Combined TRACON& Tower with Radar,36,2,1,0,39,0,0,1,0,1,36,2,2,0,40,0,0,0,40
12/14/2020,EUG,OR,ANM,WE,Combined TRACON& Tower with Radar,48,10,18,22,98,0,1,17,13,31,48,11,35,35,129,20,50,70,199
12/15/2020,EUG,OR,ANM,WE,Combined TRACON& Tower with Radar,32,10,21,18,81,0,0,1,0,1,32,10,22,18,82,0,0,0,82
12/16/2020,EUG,OR,ANM,WE,Combined TRACON& Tower with Radar,32,15,22,28,97,0,0,9,0,9,32,15,31,28,106,10,26,36,142
12/17/2020,EUG,OR,ANM,WE,Combined TRACON& Tower with Radar,37,11,24,26,98,0,1,3,8,12,37,12,27,34,110,10,4,14,124
12/18/2020,EUG,OR,ANM,WE,Combined TRACON& Tower with Radar,43,9,12,15,79,0,3,34,5,42,43,12,46,20,121,22,20,42,163
12/19/2020,EUG,OR,ANM,WE,Combined TRACON& Tower with Radar,37,12,11,0,60,0,1,13,0,14,37,13,24,0,74,8,0,8,82
12/20/2020,EUG,OR,ANM,WE,Combined TRACON& Tower with Radar,40,13,11,0,64,0,0,0,0,0,40,13,11,0,64,0,0,0,64
12/21/2020,EUG,OR,ANM,WE,Combined TRACON& Tower with Radar,40,14,14,0,68,0,0,1,2,3,40,14,15,2,71,0,0,0,71
12/22/2020,EUG,OR,ANM,WE,Combined TRACON& Tower with Radar,42,12,11,0,65,0,2,37,0,39,42,14,48,0,104,6,0,6,110
12/23/2020,EUG,OR,ANM,WE,Combined TRACON& Tower with Radar,42,15,14,0,71,0,2,1,0,3,42,17,15,0,74,0,0,0,74
12/24/2020,EUG,OR,ANM,WE,Combined TRACON& Tower with Radar,34,7,13,0,54,0,3,0,0,3,34,10,13,0,57,0,0,0,57
12/25/2020,EUG,OR,ANM,WE,Combined TRACON& Tower with Radar,30,2,0,0,32,0,0,0,0,0,30,2,0,0,32,0,0,0,32
12/26/2020,EUG,OR,ANM,WE,Combined TRACON& Tower with Radar,40,8,8,0,56,0,0,4,0,4,40,8,12,0,60,12,0,12,72
12/27/2020,EUG,OR,ANM,WE,Combined TRACON& Tower with Radar,44,6,10,0,60,0,0,73,0,73,44,6,83,0,133,16,0,16,149
12/28/2020,EUG,OR,ANM,WE,Combined TRACON& Tower with Radar,42,10,10,0,62,0,4,63,1,68,42,14,73,1,130,46,2,48,178
12/29/2020,EUG,OR,ANM,WE,Combined TRACON& Tower with Radar,39,9,7,15,70,0,3,18,7,28,39,12,25,22,98,12,36,48,146
12/30/2020,EUG,OR,ANM,WE,Combined TRACON& Tower with Radar,40,15,2,0,57,0,0,0,0,0,40,15,2,0,57,0,0,0,57
12/31/2020,EUG,OR,ANM,WE,Combined TRACON& Tower with Radar,38,18,12,0,68,0,0,0,0,0,38,18,12,0,68,12,0,12,80
01/01/2021,EUG,OR,ANM,WE,Combined TRACON& Tower with Radar,32,7,6,0,45,0,0,8,0,8,32,7,14,0,53,4,0,4,57
01/02/2021,EUG,OR,ANM,WE,Combined TRACON& Tower with Radar,46,9,9,0,64,0,0,4,0,4,46,9,13,0,68,8,0,8,76
01/03/2021,EUG,OR,ANM,WE,Combined TRACON& Tower with Radar,42,10,17,0,69,0,0,14,0,14,42,10,31,0,83,16,0,16,99
01/04/2021,EUG,OR,ANM,WE,Combined TRACON& Tower with Radar,38,16,9,11,74,0,0,3,1,4,38,16,12,12,78,4,10,14,92
01/05/2021,EUG,OR,ANM,WE,Combined TRACON& Tower with Radar,25,3,13,24,65,0,4,31,0,35,25,7,44,24,100,64,34,98,198
01/06/2021,EUG,OR,ANM,WE,Combined TRACON& Tower with Radar,25,17,11,1,54,0,0,0,0,0,25,17,11,1,54,0,0,0,54
01/07/2021,EUG,OR,ANM,WE,Combined TRACON& Tower with Radar,28,9,26,16,79,0,5,41,4,50,28,14,67,20,129,42,10,52,181
01/08/2021,EUG,OR,ANM,WE,Combined TRACON& Tower with Radar,28,5,5,3,41,0,1,21,0,22,28,6,26,3,63,58,0,58,121
01/09/2021,EUG,OR,ANM,WE,Combined TRACON& Tower with Radar,24,6,10,0,40,0,0,30,0,30,24,6,40,0,70,42,0,42,112
01/10/2021,EUG,OR,ANM,WE,Combined TRACON& Tower with Radar,27,1,21,0,49,0,0,16,0,16,27,1,37,0,65,12,0,12,77
01/11/2021,EUG,OR,ANM,WE,Combined TRACON& Tower with Radar,28,9,22,38,97,0,2,38,1,41,28,11,60,39,138,40,62,102,240
01/12/2021,EUG,OR,ANM,WE,Combined TRACON& Tower with Radar,26,8,4,2,40,0,0,0,0,0,26,8,4,2,40,0,0,0,40
01/13/2021,EUG,OR,ANM,WE,Combined TRACON& Tower with Radar,27,11,16,36,90,0,2,62,24,88,27,13,78,60,178,78,74,152,330
01/14/2021,EUG,OR,ANM,WE,Combined TRACON& Tower with Radar,28,6,11,0,45,0,2,52,0,54,28,8,63,0,99,76,2,78,177
01/15/2021,EUG,OR,ANM,WE,Combined TRACON& Tower with Radar,31,10,10,0,51,0,0,0,0,0,31,10,10,0,51,0,0,0,51
01/16/2021,EUG,OR,ANM,WE,Combined TRACON& Tower with Radar,26,8,8,0,42,0,0,0,0,0,26,8,8,0,42,0,0,0,42
01/17/2021,EUG,OR,ANM,WE,Combined TRACON& Tower with Radar,29,1,4,0,34,0,0,14,0,14,29,1,18,0,48,14,0,14,62
01/18/2021,EUG,OR,ANM,WE,Combined TRACON& Tower with Radar,31,11,9,0,51,0,2,11,0,13,31,13,20,0,64,4,0,4,68
01/19/2021,EUG,OR,ANM,WE,Combined TRACON& Tower with Radar,26,7,19,26,78,0,2,47,0,49,26,9,66,26,127,120,6,126,253
01/20/2021,EUG,OR,ANM,WE,Combined TRACON& Tower with Radar,27,5,11,24,67,0,3,37,0,40,27,8,48,24,107,64,16,80,187
01/21/2021,EUG,OR,ANM,WE,Combined TRACON& Tower with Radar,28,8,17,30,83,0,2,28,8,38,28,10,45,38,121,16,128,144,265
01/22/2021,EUG,OR,ANM,WE,Combined TRACON& Tower with Radar,30,3,17,2,52,0,1,56,1,58,30,4,73,3,110,86,0,86,196
01/23/2021,EUG,OR,ANM,WE,Combined TRACON& Tower with Radar,26,0,9,0,35,0,0,71,1,72,26,0,80,1,107,56,0,56,163
01/24/2021,EUG,OR,ANM,WE,Combined TRACON& Tower with Radar,30,2,5,0,37,0,0,1,0,1,30,2,6,0,38,0,0,0,38
01/25/2021,EUG,OR,ANM,WE,Combined TRACON& Tower with Radar,31,10,13,22,76,0,1,6,3,10,31,11,19,25,86,14,36,50,136
01/26/2021,EUG,OR,ANM,WE,Combined TRACON& Tower with Radar,26,6,12,14,58,0,2,10,1,13,26,8,22,15,71,28,2,30,101
01/27/2021,EUG,OR,ANM,WE,Combined TRACON& Tower with Radar,29,8,17,20,74,0,0,2,8,10,29,8,19,28,84,38,50,88,172
01/28/2021,EUG,OR,ANM,WE,Combined TRACON& Tower with Radar,28,14,17,27,86,0,0,17,1,18,28,14,34,28,104,34,30,64,168
01/29/2021,EUG,OR,ANM,WE,Combined TRACON& Tower with Radar,30,6,11,9,56,0,1,25,3,29,30,7,36,12,85,24,26,50,135
01/30/2021,EUG,OR,ANM,WE,Combined TRACON& Tower with Radar,27,2,11,0,40,0,0,12,0,12,27,2,23,0,52,10,0,10,62
01/31/2021,EUG,OR,ANM,WE,Combined TRACON& Tower with Radar,35,0,7,0,42,0,0,9,0,9,35,0,16,0,51,6,0,6,57
02/01/2021,EUG,OR,ANM,WE,Combined TRACON& Tower with Radar,36,12,13,0,61,0,0,6,0,6,36,12,19,0,67,0,0,0,67
02/02/2021,EUG,OR,ANM,WE,Combined TRACON& Tower with Radar,29,11,14,47,101,0,1,6,5,12,29,12,20,52,113,8,28,36,149
02/03/2021,EUG,OR,ANM,WE,Combined TRACON& Tower with Radar,30,9,17,5,61,0,1,25,5,31,30,10,42,10,92,38,6,44,136
02/04/2021,EUG,OR,ANM,WE,Combined TRACON& Tower with Radar,32,9,13,1,55,0,0,47,3,50,32,9,60,4,105,60,20,80,185
02/05/2021,EUG,OR,ANM,WE,Combined TRACON& Tower with Radar,39,5,15,7,66,0,1,13,1,15,39,6,28,8,81,2,14,16,97
02/06/2021,EUG,OR,ANM,WE,Combined TRACON& Tower with Radar,29,1,7,0,37,0,3,10,0,13,29,4,17,0,50,2,0,2,52
02/07/2021,EUG,OR,ANM,WE,Combined TRACON& Tower with Radar,31,3,12,1,47,0,2,8,0,10,31,5,20,1,57,0,2,2,59
02/08/2021,EUG,OR,ANM,WE,Combined TRACON& Tower with Radar,39,10,25,1,75,0,2,65,0,67,39,12,90,1,142,44,0,44,186
02/09/2021,EUG,OR,ANM,WE,Combined TRACON& Tower with Radar,26,5,21,30,82,0,4,60,3,67,26,9,81,33,149,44,112,156,305
02/10/2021,EUG,OR,ANM,WE,Combined TRACON& Tower with Radar,30,8,20,0,58,0,2,43,0,45,30,10,63,0,103,34,0,34,137
02/11/2021,EUG,OR,ANM,WE,Combined TRACON& Tower with Radar,38,8,3,0,49,0,0,0,0,0,38,8,3,0,49,0,0,0,49
02/12/2021,EUG,OR,ANM,WE,Combined TRACON& Tower with Radar,31,6,4,0,41,0,0,0,0,0,31,6,4,0,41,0,0,0,41
02/13/2021,EUG,OR,ANM,WE,Combined TRACON& Tower with Radar,25,7,4,0,36,0,0,2,0,2,25,7,6,0,38,4,0,4,42
02/14/2021,EUG,OR,ANM,WE,Combined TRACON& Tower with Radar,36,7,4,0,47,0,2,2,0,4,36,9,6,0,51,0,0,0,51
02/15/2021,EUG,OR,ANM,WE,Combined TRACON& Tower with Radar,30,8,12,0,50,0,1,7,0,8,30,9,19,0,58,0,0,0,58
02/16/2021,EUG,OR,ANM,WE,Combined TRACON& Tower with Radar,28,13,11,20,72,0,0,19,10,29,28,13,30,30,101,74,50,124,225
02/17/2021,EUG,OR,ANM,WE,Combined TRACON& Tower with Radar,34,8,23,56,121,0,4,57,2,63,34,12,80,58,184,52,64,116,300
02/18/2021,EUG,OR,ANM,WE,Combined TRACON& Tower with Radar,43,12,6,5,66,0,1,2,0,3,43,13,8,5,69,26,0,26,95
02/19/2021,EUG,OR,ANM,WE,Combined TRACON& Tower with Radar,33,9,31,2,75,0,1,20,0,21,33,10,51,2,96,36,6,42,138
02/20/2021,EUG,OR,ANM,WE,Combined TRACON& Tower with Radar,29,5,7,25,66,0,0,8,0,8,29,5,15,25,74,16,0,16,90
02/21/2021,EUG,OR,ANM,WE,Combined TRACON& Tower with Radar,43,8,11,14,76,0,0,0,1,1,43,8,11,15,77,18,0,18,95
02/22/2021,EUG,OR,ANM,WE,Combined TRACON& Tower with Radar,32,12,7,6,57,0,0,3,10,13,32,12,10,16,70,0,22,22,92
02/23/2021,EUG,OR,ANM,WE,Combined TRACON& Tower with Radar,30,14,19,7,70,0,2,24,2,28,30,16,43,9,98,52,50,102,200
02/24/2021,EUG,OR,ANM,WE,Combined TRACON& Tower with Radar,34,10,20,2,66,0,2,70,0,72,34,12,90,2,138,86,10,96,234
02/25/2021,EUG,OR,ANM,WE,Combined TRACON& Tower with Radar,43,14,12,7,76,0,0,2,1,3,43,14,14,8,79,6,6,12,91
02/26/2021,EUG,OR,ANM,WE,Combined TRACON& Tower with Radar,32,6,6,2,46,0,0,0,0,0,32,6,6,2,46,6,6,12,58
02/27/2021,EUG,OR,ANM,WE,Combined TRACON& Tower with Radar,32,6,13,0,51,0,0,21,0,21,32,6,34,0,72,16,0,16,88
02/28/2021,EUG,OR,ANM,WE,Combined TRACON& Tower with Radar,41,4,17,0,62,0,0,62,0,62,41,4,79,0,124,4,0,4,128
03/01/2021,EUG,OR,ANM,WE,Combined TRACON& Tower with Radar,33,9,15,34,91,0,9,81,19,109,33,18,96,53,200,82,94,176,376
03/02/2021,EUG,OR,ANM,WE,Combined TRACON& Tower with Radar,33,14,27,25,99,0,4,64,3,71,33,18,91,28,170,42,20,62,232
03/03/2021,EUG,OR,ANM,WE,Combined TRACON& Tower with Radar,36,6,19,0,61,0,2,65,0,67,36,8,84,0,128,74,0,74,202
03/04/2021,EUG,OR,ANM,WE,Combined TRACON& Tower with Radar,43,11,14,0,68,0,3,46,0,49,43,14,60,0,117,66,0,66,183
03/05/2021,EUG,OR,ANM,WE,Combined TRACON& Tower with Radar,37,10,22,0,69,0,0,2,0,2,37,10,24,0,71,12,0,12,83
03/06/2021,EUG,OR,ANM,WE,Combined TRACON& Tower with Radar,34,2,9,0,45,0,0,3,0,3,34,2,12,0,48,6,0,6,54
03/07/2021,EUG,OR,ANM,WE,Combined TRACON& Tower with Radar,45,3,12,0,60,0,0,12,0,12,45,3,24,0,72,26,0,26,98
03/08/2021,EUG,OR,ANM,WE,Combined TRACON& Tower with Radar,35,12,26,11,84,0,3,29,3,35,35,15,55,14,119,20,20,40,159
03/09/2021,EUG,OR,ANM,WE,Combined TRACON& Tower with Radar,37,11,17,24,89,0,0,25,0,25,37,11,42,24,114,22,20,42,156
03/10/2021,EUG,OR,ANM,WE,Combined TRACON& Tower with Radar,37,12,13,10,72,0,1,22,1,24,37,13,35,11,96,54,4,58,154
03/11/2021,EUG,OR,ANM,WE,Combined TRACON& Tower with Radar,45,11,29,9,94,0,2,64,5,71,45,13,93,14,165,88,20,108,273
03/12/2021,EUG,OR,ANM,WE,Combined TRACON& Tower with Radar,38,3,21,4,66,0,3,102,0,105,38,6,123,4,171,74,0,74,245
03/13/2021,EUG,OR,ANM,WE,Combined TRACON& Tower with Radar,34,4,11,0,49,0,0,89,3,92,34,4,100,3,141,66,0,66,207
03/14/2021,EUG,OR,ANM,WE,Combined TRACON& Tower with Radar,42,4,12,0,58,0,0,0,0,0,42,4,12,0,58,0,0,0,58
03/15/2021,EUG,OR,ANM,WE,Combined TRACON& Tower with Radar,32,13,23,4,72,0,1,42,0,43,32,14,65,4,115,26,0,26,141
03/16/2021,EUG,OR,ANM,WE,Combined TRACON& Tower with Radar,37,10,22,7,76,0,2,56,1,59,37,12,78,8,135,28,18,46,181
03/17/2021,EUG,OR,ANM,WE,Combined TRACON& Tower with Radar,40,9,16,13,78,0,4,60,0,64,40,13,76,13,142,54,0,54,196
03/18/2021,EUG,OR,ANM,WE,Combined TRACON& Tower with Radar,45,9,14,5,73,0,1,5,0,6,45,10,19,5,79,0,0,0,79
03/19/2021,EUG,OR,ANM,WE,Combined TRACON& Tower with Radar,38,10,13,2,63,0,0,7,0,7,38,10,20,2,70,10,0,10,80
03/20/2021,EUG,OR,ANM,WE,Combined TRACON& Tower with Radar,39,1,7,0,47,0,2,9,0,11,39,3,16,0,58,14,0,14,72
03/21/2021,EUG,OR,ANM,WE,Combined TRACON& Tower with Radar,48,3,2,0,53,0,0,9,0,9,48,3,11,0,62,0,0,0,62
03/22/2021,EUG,OR,ANM,WE,Combined TRACON& Tower with Radar,36,13,8,11,68,0,3,9,0,12,36,16,17,11,80,6,0,6,86
03/23/2021,EUG,OR,ANM,WE,Combined TRACON& Tower with Radar,43,9,32,20,104,0,3,70,0,73,43,12,102,20,177,68,22,90,267
03/24/2021,EUG,OR,ANM,WE,Combined TRACON& Tower with Radar,39,14,36,3,92,0,1,15,0,16,39,15,51,3,108,6,12,18,126
03/25/2021,EUG,OR,ANM,WE,Combined TRACON& Tower with Radar,46,10,19,6,81,0,4,6,1,11,46,14,25,7,92,0,10,10,102
03/26/2021,EUG,OR,ANM,WE,Combined TRACON& Tower with Radar,41,7,25,6,79,0,2,77,1,80,41,9,102,7,159,58,0,58,217
03/27/2021,EUG,OR,ANM,WE,Combined TRACON& Tower with Radar,40,5,11,2,58,0,0,47,0,47,40,5,58,2,105,30,0,30,135
03/28/2021,EUG,OR,ANM,WE,Combined TRACON& Tower with Radar,46,5,12,2,65,0,0,2,0,2,46,5,14,2,67,0,0,0,67
03/29/2021,EUG,OR,ANM,WE,Combined TRACON& Tower with Radar,39,13,22,3,77,0,5,20,5,30,39,18,42,8,107,8,0,8,115
03/30/2021,EUG,OR,ANM,WE,Combined TRACON& Tower with Radar,40,9,12,11,72,0,4,91,3,98,40,13,103,14,170,64,2,66,236
03/31/2021,EUG,OR,ANM,WE,Combined TRACON& Tower with Radar,36,12,18,5,71,0,5,69,1,75,36,17,87,6,146,70,6,76,222
04/01/2021,EUG,OR,ANM,WE,Combined TRACON& Tower with Radar,44,14,34,22,114,1,4,70,5,80,45,18,104,27,194,88,50,138,332
04/02/2021,EUG,OR,ANM,WE,Combined TRACON& Tower with Radar,34,10,16,10,70,0,3,65,0,68,34,13,81,10,138,60,0,60,198
04/03/2021,EUG,OR,ANM,WE,Combined TRACON& Tower with Radar,36,8,6,0,50,0,0,46,0,46,36,8,52,0,96,36,0,36,132
04/04/2021,EUG,OR,ANM,WE,Combined TRACON& Tower with Radar,44,7,13,0,64,0,0,7,0,7,44,7,20,0,71,2,0,2,73
04/05/2021,EUG,OR,ANM,WE,Combined TRACON& Tower with Radar,36,11,17,1,65,1,1,60,0,62,37,12,77,1,127,80,0,80,207
04/06/2021,EUG,OR,ANM,WE,Combined TRACON& Tower with Radar,36,9,22,12,79,0,3,99,2,104,36,12,121,14,183,112,60,172,355
04/07/2021,EUG,OR,ANM,WE,Combined TRACON& Tower with Radar,36,13,26,18,93,0,0,29,0,29,36,13,55,18,122,64,0,64,186
04/08/2021,EUG,OR,ANM,WE,Combined TRACON& Tower with Radar,45,13,20,4,82,1,4,44,7,56,46,17,64,11,138,100,42,142,280
04/09/2021,EUG,OR,ANM,WE,Combined TRACON& Tower with Radar,36,9,25,16,86,0,4,92,16,112,36,13,117,32,198,102,24,126,324
04/10/2021,EUG,OR,ANM,WE,Combined TRACON& Tower with Radar,34,8,11,0,53,0,0,13,0,13,34,8,24,0,66,12,0,12,78
04/11/2021,EUG,OR,ANM,WE,Combined TRACON& Tower with Radar,46,10,21,0,77,0,1,38,0,39,46,11,59,0,116,4,0,4,120
04/12/2021,EUG,OR,ANM,WE,Combined TRACON& Tower with Radar,35,9,5,4,53,1,4,42,2,49,36,13,47,6,102,12,8,20,122
04/13/2021,EUG,OR,ANM,WE,Combined TRACON& Tower with Radar,36,9,17,17,79,0,2,32,5,39,36,11,49,22,118,2,32,34,152
04/14/2021,EUG,OR,ANM,WE,Combined TRACON& Tower with Radar,36,6,35,26,103,0,5,88,2,95,36,11,123,28,198,28,48,76,274
04/15/2021,EUG,OR,ANM,WE,Combined TRACON& Tower with Radar,44,6,12,0,62,0,5,91,0,96,44,11,103,0,158,42,0,42,200
04/16/2021,EUG,OR,ANM,WE,Combined TRACON& Tower with Radar,38,7,10,9,64,0,3,76,0,79,38,10,86,9,143,50,26,76,219
04/17/2021,EUG,OR,ANM,WE,Combined TRACON& Tower with Radar,35,5,14,0,54,0,0,70,0,70,35,5,84,0,124,44,0,44,168
04/18/2021,EUG,OR,ANM,WE,Combined TRACON& Tower with Radar,47,7,20,1,75,0,0,44,0,44,47,7,64,1,119,26,0,26,145
04/19/2021,EUG,OR,ANM,WE,Combined TRACON& Tower with Radar,37,9,19,19,84,0,5,69,4,78,37,14,88,23,162,54,66,120,282
04/20/2021,EUG,OR,ANM,WE,Combined TRACON& Tower with Radar,36,11,26,4,77,0,3,61,3,67,36,14,87,7,144,18,6,24,168
04/21/2021,EUG,OR,ANM,WE,Combined TRACON& Tower with Radar,35,13,16,1,65,0,5,63,0,68,35,18,79,1,133,86,0,86,219
04/22/2021,EUG,OR,ANM,WE,Combined TRACON& Tower with Radar,44,12,13,6,75,0,3,55,0,58,44,15,68,6,133,18,0,18,151
04/23/2021,EUG,OR,ANM,WE,Combined TRACON& Tower with Radar,38,8,21,10,77,0,2,52,0,54,38,10,73,10,131,28,0,28,159
04/24/2021,EUG,OR,ANM,WE,Combined TRACON& Tower with Radar,36,6,13,0,55,0,0,5,0,5,36,6,18,0,60,0,0,0,60
04/25/2021,EUG,OR,ANM,WE,Combined TRACON& Tower with Radar,42,7,7,0,56,0,0,0,0,0,42,7,7,0,56,0,0,0,56
04/26/2021,EUG,OR,ANM,WE,Combined TRACON& Tower with Radar,38,8,13,0,59,0,4,22,0,26,38,12,35,0,85,10,0,10,95
04/27/2021,EUG,OR,ANM,WE,Combined TRACON& Tower with Radar,34,11,15,11,71,0,4,54,2,60,34,15,69,13,131,74,18,92,223
04/28/2021,EUG,OR,ANM,WE,Combined TRACON& Tower with Radar,35,6,18,0,59,0,6,77,0,83,35,12,95,0,142,112,0,112,254
04/29/2021,EUG,OR,ANM,WE,Combined TRACON& Tower with Radar,42,8,21,2,73,0,4,62,0,66,42,12,83,2,139,74,0,74,213
04/30/2021,EUG,OR,ANM,WE,Combined TRACON& Tower with Radar,38,6,16,0,60,0,1,58,3,62,38,7,74,3,122,86,0,86,208
05/01/2021,EUG,OR,ANM,WE,Combined TRACON& Tower with Radar,36,5,16,0,57,0,0,8,0,8,36,5,24,0,65,8,0,8,73
05/02/2021,EUG,OR,ANM,WE,Combined TRACON& Tower with Radar,42,5,17,0,64,0,0,24,0,24,42,5,41,0,88,12,0,12,100
05/03/2021,EUG,OR,ANM,WE,Combined TRACON& Tower with Radar,38,11,20,0,69,0,3,50,0,53,38,14,70,0,122,48,0,48,170
05/04/2021,EUG,OR,ANM,WE,Combined TRACON& Tower with Radar,36,9,21,17,83,0,3,65,1,69,36,12,86,18,152,54,38,92,244
05/05/2021,EUG,OR,ANM,WE,Combined TRACON& Tower with Radar,36,6,18,12,72,0,4,70,1,75,36,10,88,13,147,134,36,170,317
05/06/2021,EUG,OR,ANM,WE,Combined TRACON& Tower with Radar,43,13,17,27,100,0,2,20,13,35,43,15,37,40,135,14,102,116,251
05/07/2021,EUG,OR,ANM,WE,Combined TRACON& Tower with Radar,40,4,19,12,75,0,2,23,0,25,40,6,42,12,100,20,0,20,120
05/08/2021,EUG,OR,ANM,WE,Combined TRACON& Tower with Radar,39,6,13,2,60,0,0,26,0,26,39,6,39,2,86,4,0,4,90
05/09/2021,EUG,OR,ANM,WE,Combined TRACON& Tower with Radar,45,5,12,0,62,0,0,11,0,11,45,5,23,0,73,0,0,0,73
05/10/2021,EUG,OR,ANM,WE,Combined TRACON& Tower with Radar,40,7,21,8,76,0,3,54,1,58,40,10,75,9,134,44,20,64,198
05/11/2021,EUG,OR,ANM,WE,Combined TRACON& Tower with Radar,36,4,27,0,67,0,4,61,0,65,36,8,88,0,132,68,16,84,216
05/12/2021,EUG,OR,ANM,WE,Combined TRACON& Tower with Radar,40,3,24,5,72,1,6,89,1,97,41,9,113,6,169,142,10,152,321
05/13/2021,EUG,OR,ANM,WE,Combined TRACON& Tower with Radar,45,11,22,13,91,0,4,63,3,70,45,15,85,16,161,112,16,128,289
05/14/2021,EUG,OR,ANM,WE,Combined TRACON& Tower with Radar,42,7,24,5,78,0,2,57,0,59,42,9,81,5,137,62,0,62,199
05/15/2021,EUG,OR,ANM,WE,Combined TRACON& Tower with Radar,38,2,3,0,43,0,0,62,0,62,38,2,65,0,105,66,0,66,171
05/16/2021,EUG,OR,ANM,WE,Combined TRACON& Tower with Radar,47,3,8,0,58,0,0,42,0,42,47,3,50,0,100,26,0,26,126
05/17/2021,EUG,OR,ANM,WE,Combined TRACON& Tower with Radar,43,10,31,7,91,0,0,33,3,36,43,10,64,10,127,18,26,44,171
05/18/2021,EUG,OR,ANM,WE,Combined TRACON& Tower with Radar,34,10,31,35,110,1,6,44,7,58,35,16,75,42,168,52,68,120,288
05/19/2021,EUG,OR,ANM,WE,Combined TRACON& Tower with Radar,38,8,33,1,80,0,3,9,0,12,38,11,42,1,92,6,0,6,98
05/20/2021,EUG,OR,ANM,WE,Combined TRACON& Tower with Radar,48,10,16,0,74,0,3,20,0,23,48,13,36,0,97,4,0,4,101
05/21/2021,EUG,OR,ANM,WE,Combined TRACON& Tower with Radar,45,10,35,0,90,0,0,43,0,43,45,10,78,0,133,46,0,46,179
05/22/2021,EUG,OR,ANM,WE,Combined TRACON& Tower with Radar,39,3,9,0,51,0,0,43,0,43,39,3,52,0,94,40,0,40,134
05/23/2021,EUG,OR,ANM,WE,Combined TRACON& Tower with Radar,49,6,25,0,80,0,0,11,0,11,49,6,36,0,91,8,0,8,99
05/24/2021,EUG,OR,ANM,WE,Combined TRACON& Tower with Radar,46,12,19,37,114,0,0,4,13,17,46,12,23,50,131,50,66,116,247
05/25/2021,EUG,OR,ANM,WE,Combined TRACON& Tower with Radar,38,8,34,10,90,0,2,18,0,20,38,10,52,10,110,8,24,32,142
05/26/2021,EUG,OR,ANM,WE,Combined TRACON& Tower with Radar,40,9,21,8,78,0,5,85,0,90,40,14,106,8,168,126,18,144,312
05/27/2021,EUG,OR,ANM,WE,Combined TRACON& Tower with Radar,43,10,27,19,99,0,2,7,0,9,43,12,34,19,108,4,2,6,114
05/28/2021,EUG,OR,ANM,WE,Combined TRACON& Tower with Radar,48,6,20,2,76,0,2,56,0,58,48,8,76,2,134,26,0,26,160
05/29/2021,EUG,OR,ANM,WE,Combined TRACON& Tower with Radar,40,2,4,0,46,0,3,83,0,86,40,5,87,0,132,92,0,92,224
05/30/2021,EUG,OR,ANM,WE,Combined TRACON& Tower with Radar,45,5,5,0,55,0,0,51,0,51,45,5,56,0,106,38,0,38,144
05/31/2021,EUG,OR,ANM,WE,Combined TRACON& Tower with Radar,48,6,17,0,71,0,2,29,0,31,48,8,46,0,102,24,0,24,126
06/01/2021,EUG,OR,ANM,WE,Combined TRACON& Tower with Radar,37,3,16,27,83,2,5,65,3,75,39,8,81,30,158,44,16,60,218
06/02/2021,EUG,OR,ANM,WE,Combined TRACON& Tower with Radar,41,8,28,12,89,1,4,90,10,105,42,12,118,22,194,18,50,68,262
06/03/2021,EUG,OR,ANM,WE,Combined TRACON& Tower with Radar,43,20,17,48,128,5,9,83,4,101,48,29,100,52,229,68,38,106,335
06/04/2021,EUG,OR,ANM,WE,Combined TRACON& Tower with Radar,49,10,14,0,73,0,3,58,0,61,49,13,72,0,134,80,0,80,214
06/05/2021,EUG,OR,ANM,WE,Combined TRACON& Tower with Radar,39,6,11,0,56,0,0,7,0,7,39,6,18,0,63,20,0,20,83
06/06/2021,EUG,OR,ANM,WE,Combined TRACON& Tower with Radar,54,11,18,0,83,0,0,22,0,22,54,11,40,0,105,0,0,0,105
06/07/2021,EUG,OR,ANM,WE,Combined TRACON& Tower with Radar,52,13,36,11,112,0,2,24,1,27,52,15,60,12,139,86,0,86,225
06/08/2021,EUG,OR,ANM,WE,Combined TRACON& Tower with Radar,42,10,28,14,94,0,4,17,0,21,42,14,45,14,115,48,0,48,163
06/09/2021,EUG,OR,ANM,WE,Combined TRACON& Tower with Radar,42,11,22,0,75,1,5,64,0,70,43,16,86,0,145,90,0,90,235
06/10/2021,EUG,OR,ANM,WE,Combined TRACON& Tower with Radar,40,20,27,45,132,0,3,33,7,43,40,23,60,52,175,22,76,98,273
06/11/2021,EUG,OR,ANM,WE,Combined TRACON& Tower with Radar,47,13,28,2,90,0,0,5,0,5,47,13,33,2,95,12,0,12,107
06/12/2021,EUG,OR,ANM,WE,Combined TRACON& Tower with Radar,45,12,29,0,86,0,1,10,0,11,45,13,39,0,97,12,0,12,109
06/13/2021,EUG,OR,ANM,WE,Combined TRACON& Tower with Radar,51,6,24,0,81,0,0,0,0,0,51,6,24,0,81,0,0,0,81
06/14/2021,EUG,OR,ANM,WE,Combined TRACON& Tower with Radar,48,20,34,14,116,0,3,23,1,27,48,23,57,15,143,16,14,30,173
06/15/2021,EUG,OR,ANM,WE,Combined TRACON& Tower with Radar,43,12,19,19,93,0,2,52,1,55,43,14,71,20,148,26,82,108,256
06/16/2021,EUG,OR,ANM,WE,Combined TRACON& Tower with Radar,45,16,20,4,85,0,4,100,0,104,45,20,120,4,189,76,0,76,265
06/17/2021,EUG,OR,ANM,WE,Combined TRACON& Tower with Radar,42,14,33,7,96,0,3,69,1,73,42,17,102,8,169,34,44,78,247
06/18/2021,EUG,OR,ANM,WE,Combined TRACON& Tower with Radar,44,15,18,0,77,0,2,58,0,60,44,17,76,0,137,34,0,34,171
06/19/2021,EUG,OR,ANM,WE,Combined TRACON& Tower with Radar,35,10,8,0,53,0,2,47,0,49,35,12,55,0,102,30,0,30,132
06/20/2021,EUG,OR,ANM,WE,Combined TRACON& Tower with Radar,44,7,13,2,66,0,0,29,0,29,44,7,42,2,95,10,0,10,105
06/21/2021,EUG,OR,ANM,WE,Combined TRACON& Tower with Radar,46,15,16,8,85,0,3,46,0,49,46,18,62,8,134,48,0,48,182
06/22/2021,EUG,OR,ANM,WE,Combined TRACON& Tower with Radar,39,13,20,18,90,0,3,68,10,81,39,16,88,28,171,86,86,172,343
06/23/2021,EUG,OR,ANM,WE,Combined TRACON& Tower with Radar,41,9,28,6,84,0,3,67,2,72,41,12,95,8,156,86,12,98,254
06/24/2021,EUG,OR,ANM,WE,Combined TRACON& Tower with Radar,42,13,19,8,82,0,4,75,0,79,42,17,94,8,161,150,14,164,325
06/25/2021,EUG,OR,ANM,WE,Combined TRACON& Tower with Radar,45,14,18,5,82,0,2,75,1,78,45,16,93,6,160,34,14,48,208
06/26/2021,EUG,OR,ANM,WE,Combined TRACON& Tower with Radar,33,12,20,0,65,0,0,56,0,56,33,12,76,0,121,8,0,8,129
06/27/2021,EUG,OR,ANM,WE,Combined TRACON& Tower with Radar,44,14,26,0,84,0,0,30,2,32,44,14,56,2,116,30,0,30,146
06/28/2021,EUG,OR,ANM,WE,Combined TRACON& Tower with Radar,45,23,15,28,111,0,10,36,5,51,45,33,51,33,162,6,16,22,184
06/29/2021,EUG,OR,ANM,WE,Combined TRACON& Tower with Radar,44,16,16,12,88,0,3,63,2,68,44,19,79,14,156,62,12,74,230
06/30/2021,EUG,OR,ANM,WE,Combined TRACON& Tower with Radar,41,22,34,19,116,0,5,24,1,30,41,27,58,20,146,6,28,34,180
07/01/2021,EUG,OR,ANM,WE,Combined TRACON& Tower with Radar,38,22,25,0,85,0,2,28,0,30,38,24,53,0,115,56,0,56,171
07/02/2021,EUG,OR,ANM,WE,Combined TRACON& Tower with Radar,43,16,15,5,79,0,1,74,3,78,43,17,89,8,157,112,4,116,273
07/03/2021,EUG,OR,ANM,WE,Combined TRACON& Tower with Radar,33,15,11,0,59,0,0,42,0,42,33,15,53,0,101,28,0,28,129
07/04/2021,EUG,OR,ANM,WE,Combined TRACON& Tower with Radar,39,16,3,0,58,1,0,25,0,26,40,16,28,0,84,0,0,0,84
07/05/2021,EUG,OR,ANM,WE,Combined TRACON& Tower with Radar,41,15,22,0,78,0,0,47,0,47,41,15,69,0,125,32,0,32,157
07/06/2021,EUG,OR,ANM,WE,Combined TRACON& Tower with Radar,39,18,22,6,85,0,4,72,0,76,39,22,94,6,161,78,0,78,239
07/07/2021,EUG,OR,ANM,WE,Combined TRACON& Tower with Radar,36,19,25,33,113,0,10,55,5,70,36,29,80,38,183,38,64,102,285
07/08/2021,EUG,OR,ANM,WE,Combined TRACON& Tower with Radar,41,21,23,0,85,0,10,87,0,97,41,31,110,0,182,24,0,24,206
07/09/2021,EUG,OR,ANM,WE,Combined TRACON& Tower with Radar,41,16,15,0,72,0,4,82,0,86,41,20,97,0,158,42,0,42,200
07/10/2021,EUG,OR,ANM,WE,Combined TRACON& Tower with Radar,37,16,12,2,67,0,1,61,0,62,37,17,73,2,129,28,0,28,157
07/11/2021,EUG,OR,ANM,WE,Combined TRACON& Tower with Radar,42,16,16,7,81,0,0,45,1,46,42,16,61,8,127,0,8,8,135
07/12/2021,EUG,OR,ANM,WE,Combined TRACON& Tower with Radar,43,25,15,2,85,0,8,46,2,56,43,33,61,4,141,50,14,64,205
07/13/2021,EUG,OR,ANM,WE,Combined TRACON& Tower with Radar,35,23,15,5,78,0,5,66,3,74,35,28,81,8,152,78,30,108,260
07/14/2021,EUG,OR,ANM,WE,Combined TRACON& Tower with Radar,36,21,28,31,116,0,6,94,1,101,36,27,122,32,217,58,0,58,275
07/15/2021,EUG,OR,ANM,WE,Combined TRACON& Tower with Radar,41,22,15,20,98,0,8,45,0,53,41,30,60,20,151,40,16,56,207
07/16/2021,EUG,OR,ANM,WE,Combined TRACON& Tower with Radar,45,18,22,13,98,0,2,77,1,80,45,20,99,14,178,96,22,118,296
07/17/2021,EUG,OR,ANM,WE,Combined TRACON& Tower with Radar,33,17,14,0,64,0,0,43,0,43,33,17,57,0,107,26,0,26,133
07/18/2021,EUG,OR,ANM,WE,Combined TRACON& Tower with Radar,42,18,18,0,78,0,1,47,0,48,42,19,65,0,126,14,0,14,140
07/19/2021,EUG,OR,ANM,WE,Combined TRACON& Tower with Radar,42,18,20,2,82,0,6,94,0,100,42,24,114,2,182,68,0,68,250
07/20/2021,EUG,OR,ANM,WE,Combined TRACON& Tower with Radar,37,18,18,30,103,0,3,69,2,74,37,21,87,32,177,78,16,94,271
07/21/2021,EUG,OR,ANM,WE,Combined TRACON& Tower with Radar,37,22,27,18,104,0,2,78,0,80,37,24,105,18,184,90,0,90,274
07/22/2021,EUG,OR,ANM,WE,Combined TRACON& Tower with Radar,39,17,19,12,87,0,6,66,3,75,39,23,85,15,162,22,48,70,232
07/23/2021,EUG,OR,ANM,WE,Combined TRACON& Tower with Radar,42,17,16,8,83,0,7,73,0,80,42,24,89,8,163,54,10,64,227
07/24/2021,EUG,OR,ANM,WE,Combined TRACON& Tower with Radar,34,15,15,0,64,0,3,50,3,56,34,18,65,3,120,32,0,32,152
07/25/2021,EUG,OR,ANM,WE,Combined TRACON& Tower with Radar,40,14,18,1,73,0,0,38,2,40,40,14,56,3,113,4,0,4,117
07/26/2021,EUG,OR,ANM,WE,Combined TRACON& Tower with Radar,43,22,19,4,88,0,2,51,2,55,43,24,70,6,143,24,10,34,177
07/27/2021,EUG,OR,ANM,WE,Combined TRACON& Tower with Radar,35,20,21,6,82,0,7,64,1,72,35,27,85,7,154,18,86,104,258
07/28/2021,EUG,OR,ANM,WE,Combined TRACON& Tower with Radar,37,18,22,13,90,0,6,65,2,73,37,24,87,15,163,24,0,24,187
07/29/2021,EUG,OR,ANM,WE,Combined TRACON& Tower with Radar,38,22,19,10,89,0,4,42,6,52,38,26,61,16,141,38,36,74,215
07/30/2021,EUG,OR,ANM,WE,Combined TRACON& Tower with Radar,48,15,17,5,85,0,1,60,1,62,48,16,77,6,147,58,0,58,205
07/31/2021,EUG,OR,ANM,WE,Combined TRACON& Tower with Radar,35,13,15,3,66,0,0,61,4,65,35,13,76,7,131,26,0,26,157
08/01/2021,EUG,OR,ANM,WE,Combined TRACON& Tower with Radar,41,15,13,3,72,0,0,60,1,61,41,15,73,4,133,0,0,0,133
08/02/2021,EUG,OR,ANM,WE,Combined TRACON& Tower with Radar,43,21,20,48,132,0,3,63,2,68,43,24,83,50,200,66,24,90,290
08/03/2021,EUG,OR,ANM,WE,Combined TRACON& Tower with Radar,34,17,13,15,79,0,5,63,2,70,34,22,76,17,149,32,0,32,181
08/04/2021,EUG,OR,ANM,WE,Combined TRACON& Tower with Radar,35,21,32,14,102,0,4,78,0,82,35,25,110,14,184,58,0,58,242
08/05/2021,EUG,OR,ANM,WE,Combined TRACON& Tower with Radar,40,17,17,4,78,0,3,28,2,33,40,20,45,6,111,24,0,24,135
08/06/2021,EUG,OR,ANM,WE,Combined TRACON& Tower with Radar,45,12,27,8,92,0,6,55,6,67,45,18,82,14,159,70,0,70,229
08/07/2021,EUG,OR,ANM,WE,Combined TRACON& Tower with Radar,35,16,15,7,73,0,0,38,12,50,35,16,53,19,123,6,0,6,129
08/08/2021,EUG,OR,ANM,WE,Combined TRACON& Tower with Radar,44,13,18,1,76,0,1,66,2,69,44,14,84,3,145,10,0,10,155
08/09/2021,EUG,OR,ANM,WE,Combined TRACON& Tower with Radar,45,17,23,4,89,0,3,47,2,52,45,20,70,6,141,50,0,50,191
08/10/2021,EUG,OR,ANM,WE,Combined TRACON& Tower with Radar,35,17,18,10,80,0,3,77,4,84,35,20,95,14,164,34,8,42,206
08/11/2021,EUG,OR,ANM,WE,Combined TRACON& Tower with Radar,38,19,25,13,95,0,2,50,2,54,38,21,75,15,149,122,12,134,283
08/12/2021,EUG,OR,ANM,WE,Combined TRACON& Tower with Radar,44,22,17,2,85,0,2,45,1,48,44,24,62,3,133,70,0,70,203
08/13/2021,EUG,OR,ANM,WE,Combined TRACON& Tower with Radar,45,21,36,4,106,0,0,32,2,34,45,21,68,6,140,36,14,50,190
08/14/2021,EUG,OR,ANM,WE,Combined TRACON& Tower with Radar,34,14,22,7,77,0,0,34,2,36,34,14,56,9,113,36,2,38,151
08/15/2021,EUG,OR,ANM,WE,Combined TRACON& Tower with Radar,43,15,15,14,87,0,0,43,7,50,43,15,58,21,137,32,6,38,175
08/16/2021,EUG,OR,ANM,WE,Combined TRACON& Tower with Radar,44,18,19,9,90,0,4,79,2,85,44,22,98,11,175,52,0,52,227
08/17/2021,EUG,OR,ANM,WE,Combined TRACON& Tower with Radar,35,22,25,6,88,0,3,66,1,70,35,25,91,7,158,74,0,74,232
08/18/2021,EUG,OR,ANM,WE,Combined TRACON& Tower with Radar,37,20,22,3,82,0,1,89,5,95,37,21,111,8,177,58,10,68,245
08/19/2021,EUG,OR,ANM,WE,Combined TRACON& Tower with Radar,42,18,22,11,93,0,3,72,3,78,42,21,94,14,171,74,0,74,245
08/20/2021,EUG,OR,ANM,WE,Combined TRACON& Tower with Radar,41,14,30,8,93,0,3,53,1,57,41,17,83,9,150,52,0,52,202
08/21/2021,EUG,OR,ANM,WE,Combined TRACON& Tower with Radar,32,14,30,3,79,0,0,24,1,25,32,14,54,4,104,0,0,0,104
08/22/2021,EUG,OR,ANM,WE,Combined TRACON& Tower with Radar,47,14,22,3,86,0,0,41,1,42,47,14,63,4,128,22,0,22,150
08/23/2021,EUG,OR,ANM,WE,Combined TRACON& Tower with Radar,41,20,27,4,92,0,2,61,0,63,41,22,88,4,155,76,0,76,231
08/24/2021,EUG,OR,ANM,WE,Combined TRACON& Tower with Radar,36,17,27,1,81,0,2,100,0,102,36,19,127,1,183,126,0,126,309
08/25/2021,EUG,OR,ANM,WE,Combined TRACON& Tower with Radar,37,18,22,0,77,0,5,86,0,91,37,23,108,0,168,72,0,72,240
08/26/2021,EUG,OR,ANM,WE,Combined TRACON& Tower with Radar,42,22,25,9,98,1,1,53,6,61,43,23,78,15,159,148,20,168,327
08/27/2021,EUG,OR,ANM,WE,Combined TRACON& Tower with Radar,42,13,19,8,82,0,2,83,4,89,42,15,102,12,171,88,24,112,283
08/28/2021,EUG,OR,ANM,WE,Combined TRACON& Tower with Radar,33,12,14,0,59,0,0,68,0,68,33,12,82,0,127,60,0,60,187
08/29/2021,EUG,OR,ANM,WE,Combined TRACON& Tower with Radar,51,13,18,1,83,0,0,102,1,103,51,13,120,2,186,66,0,66,252
08/30/2021,EUG,OR,ANM,WE,Combined TRACON& Tower with Radar,48,17,21,7,93,0,3,62,1,66,48,20,83,8,159,156,0,156,315
08/31/2021,EUG,OR,ANM,WE,Combined TRACON& Tower with Radar,41,19,26,10,96,0,3,69,1,73,41,22,95,11,169,24,2,26,195
09/01/2021,EUG,OR,ANM,WE,Combined TRACON& Tower with Radar,45,17,26,3,91,0,3,78,1,82,45,20,104,4,173,80,0,80,253
09/02/2021,EUG,OR,ANM,WE,Combined TRACON& Tower with Radar,51,17,24,3,95,0,3,77,3,83,51,20,101,6,178,36,2,38,216
09/03/2021,EUG,OR,ANM,WE,Combined TRACON& Tower with Radar,49,17,9,1,76,0,3,48,2,53,49,20,57,3,129,40,0,40,169
09/04/2021,EUG,OR,ANM,WE,Combined TRACON& Tower with Radar,40,11,24,0,75,0,2,28,0,30,40,13,52,0,105,0,0,0,105
09/05/2021,EUG,OR,ANM,WE,Combined TRACON& Tower with Radar,51,10,8,0,69,0,0,40,0,40,51,10,48,0,109,10,0,10,119
09/06/2021,EUG,OR,ANM,WE,Combined TRACON& Tower with Radar,46,14,21,0,81,0,0,41,0,41,46,14,62,0,122,18,0,18,140
09/07/2021,EUG,OR,ANM,WE,Combined TRACON& Tower with Radar,41,20,24,13,98,0,2,40,1,43,41,22,64,14,141,46,24,70,211
09/08/2021,EUG,OR,ANM,WE,Combined TRACON& Tower with Radar,45,16,18,7,86,1,5,54,1,61,46,21,72,8,147,106,46,152,299
09/09/2021,EUG,OR,ANM,WE,Combined TRACON& Tower with Radar,52,18,17,18,105,0,4,77,5,86,52,22,94,23,191,68,14,82,273
09/10/2021,EUG,OR,ANM,WE,Combined TRACON& Tower with Radar,54,13,28,2,97,0,1,10,0,11,54,14,38,2,108,18,0,18,126
09/11/2021,EUG,OR,ANM,WE,Combined TRACON& Tower with Radar,46,12,9,12,79,0,1,50,0,51,46,13,59,12,130,28,0,28,158
09/12/2021,EUG,OR,ANM,WE,Combined TRACON& Tower with Radar,55,10,14,10,89,0,0,51,0,51,55,10,65,10,140,26,0,26,166
09/13/2021,EUG,OR,ANM,WE,Combined TRACON& Tower with Radar,51,14,10,5,80,0,4,55,0,59,51,18,65,5,139,38,0,38,177
09/14/2021,EUG,OR,ANM,WE,Combined TRACON& Tower with Radar,48,15,16,12,91,0,4,75,4,83,48,19,91,16,174,16,58,74,248
09/15/2021,EUG,OR,ANM,WE,Combined TRACON& Tower with Radar,48,17,21,11,97,0,3,48,4,55,48,20,69,15,152,26,14,40,192
09/16/2021,EUG,OR,ANM,WE,Combined TRACON& Tower with Radar,58,14,15,8,95,0,2,62,1,65,58,16,77,9,160,94,48,142,302
09/17/2021,EUG,OR,ANM,WE,Combined TRACON& Tower with Radar,53,14,17,0,84,0,1,51,0,52,53,15,68,0,136,8,0,8,144
09/18/2021,EUG,OR,ANM,WE,Combined TRACON& Tower with Radar,49,9,18,0,76,0,0,7,0,7,49,9,25,0,83,0,0,0,83
09/19/2021,EUG,OR,ANM,WE,Combined TRACON& Tower with Radar,54,15,16,0,85,0,0,17,0,17,54,15,33,0,102,16,0,16,118
09/20/2021,EUG,OR,ANM,WE,Combined TRACON& Tower with Radar,48,17,27,14,106,0,4,26,1,31,48,21,53,15,137,8,18,26,163
09/21/2021,EUG,OR,ANM,WE,Combined TRACON& Tower with Radar,46,21,20,14,101,0,9,83,10,102,46,30,103,24,203,22,36,58,261
09/22/2021,EUG,OR,ANM,WE,Combined TRACON& Tower with Radar,47,18,21,7,93,0,5,50,4,59,47,23,71,11,152,10,10,20,172
09/23/2021,EUG,OR,ANM,WE,Combined TRACON& Tower with Radar,52,21,20,2,95,0,6,35,2,43,52,27,55,4,138,8,0,8,146
09/24/2021,EUG,OR,ANM,WE,Combined TRACON& Tower with Radar,58,20,17,7,102,0,2,75,0,77,58,22,92,7,179,54,6,60,239
09/25/2021,EUG,OR,ANM,WE,Combined TRACON& Tower with Radar,45,16,28,0,89,0,4,72,1,77,45,20,100,1,166,72,0,72,238
09/26/2021,EUG,OR,ANM,WE,Combined TRACON& Tower with Radar,55,12,22,0,89,0,2,22,0,24,55,14,44,0,113,4,0,4,117
09/27/2021,EUG,OR,ANM,WE,Combined TRACON& Tower with Radar,52,22,12,0,86,0,1,1,0,2,52,23,13,0,88,0,0,0,88
09/28/2021,EUG,OR,ANM,WE,Combined TRACON& Tower with Radar,47,21,15,8,91,0,2,12,0,14,47,23,27,8,105,4,0,4,109
09/29/2021,EUG,OR,ANM,WE,Combined TRACON& Tower with Radar,46,13,18,0,77,0,3,55,0,58,46,16,73,0,135,60,0,60,195
09/30/2021,EUG,OR,ANM,WE,Combined TRACON& Tower with Radar,54,18,25,14,111,0,0,34,0,34,54,18,59,14,145,48,0,48,193
10/01/2021,EUG,OR,ANM,WE,Combined TRACON& Tower with Radar,55,15,20,0,90,1,0,54,0,55,56,15,74,0,145,58,0,58,203
10/02/2021,EUG,OR,ANM,WE,Combined TRACON& Tower with Radar,49,9,16,1,75,0,0,31,0,31,49,9,47,1,106,42,0,42,148
10/03/2021,EUG,OR,ANM,WE,Combined TRACON& Tower with Radar,52,14,19,0,85,0,0,40,0,40,52,14,59,0,125,50,0,50,175
10/04/2021,EUG,OR,ANM,WE,Combined TRACON& Tower with Radar,51,14,13,1,79,0,3,18,0,21,51,17,31,1,100,44,0,44,144
10/05/2021,EUG,OR,ANM,WE,Combined TRACON& Tower with Radar,45,16,24,3,88,0,0,9,0,9,45,16,33,3,97,6,0,6,103
10/06/2021,EUG,OR,ANM,WE,Combined TRACON& Tower with Radar,45,13,26,0,84,0,6,36,0,42,45,19,62,0,126,46,0,46,172
10/07/2021,EUG,OR,ANM,WE,Combined TRACON& Tower with Radar,48,14,19,5,86,1,3,29,2,35,49,17,48,7,121,12,18,30,151
10/08/2021,EUG,OR,ANM,WE,Combined TRACON& Tower with Radar,50,10,20,0,80,0,1,84,0,85,50,11,104,0,165,110,0,110,275
10/09/2021,EUG,OR,ANM,WE,Combined TRACON& Tower with Radar,46,4,24,0,74,0,3,40,0,43,46,7,64,0,117,14,0,14,131
10/10/2021,EUG,OR,ANM,WE,Combined TRACON& Tower with Radar,50,4,16,0,70,0,0,8,0,8,50,4,24,0,78,10,0,10,88
10/11/2021,EUG,OR,ANM,WE,Combined TRACON& Tower with Radar,48,14,20,0,82,0,3,54,0,57,48,17,74,0,139,64,0,64,203
10/12/2021,EUG,OR,ANM,WE,Combined TRACON& Tower with Radar,44,17,22,7,90,0,0,47,3,50,44,17,69,10,140,48,22,70,210
10/13/2021,EUG,OR,ANM,WE,Combined TRACON& Tower with Radar,41,17,31,9,98,0,0,3,1,4,41,17,34,10,102,26,2,28,130
10/14/2021,EUG,OR,ANM,WE,Combined TRACON& Tower with Radar,50,20,27,0,97,0,1,25,0,26,50,21,52,0,123,50,0,50,173
10/15/2021,EUG,OR,ANM,WE,Combined TRACON& Tower with Radar,50,10,45,8,113,0,3,84,0,87,50,13,129,8,200,34,0,34,234
10/16/2021,EUG,OR,ANM,WE,Combined TRACON& Tower with Radar,43,14,23,12,92,0,1,50,0,51,43,15,73,12,143,14,0,14,157
10/17/2021,EUG,OR,ANM,WE,Combined TRACON& Tower with Radar,49,4,24,0,77,0,0,24,0,24,49,4,48,0,101,6,0,6,107
10/18/2021,EUG,OR,ANM,WE,Combined TRACON& Tower with Radar,48,13,21,8,90,0,1,25,0,26,48,14,46,8,116,38,0,38,154
10/19/2021,EUG,OR,ANM,WE,Combined TRACON& Tower with Radar,41,12,20,8,81,0,1,45,4,50,41,13,65,12,131,104,22,126,257
10/20/2021,EUG,OR,ANM,WE,Combined TRACON& Tower with Radar,43,16,26,5,90,0,1,32,0,33,43,17,58,5,123,56,8,64,187
10/21/2021,EUG,OR,ANM,WE,Combined TRACON& Tower with Radar,41,19,20,16,96,0,1,30,10,41,41,20,50,26,137,44,20,64,201
10/22/2021,EUG,OR,ANM,WE,Combined TRACON& Tower with Radar,49,12,27,12,100,0,1,4,8,13,49,13,31,20,113,30,44,74,187
10/23/2021,EUG,OR,ANM,WE,Combined TRACON& Tower with Radar,46,4,3,0,53,0,2,1,0,3,46,6,4,0,56,0,0,0,56
10/24/2021,EUG,OR,ANM,WE,Combined TRACON& Tower with Radar,48,10,4,0,62,0,1,2,0,3,48,11,6,0,65,4,0,4,69
10/25/2021,EUG,OR,ANM,WE,Combined TRACON& Tower with Radar,48,13,7,2,70,0,0,5,0,5,48,13,12,2,75,0,0,0,75
10/26/2021,EUG,OR,ANM,WE,Combined TRACON& Tower with Radar,42,15,19,27,103,0,0,8,1,9,42,15,27,28,112,0,0,0,112
10/27/2021,EUG,OR,ANM,WE,Combined TRACON& Tower with Radar,40,34,36,45,155,1,2,45,7,55,41,36,81,52,210,72,10,82,292
10/28/2021,EUG,OR,ANM,WE,Combined TRACON& Tower with Radar,48,11,32,24,115,0,1,27,1,29,48,12,59,25,144,24,14,38,182
10/29/2021,EUG,OR,ANM,WE,Combined TRACON& Tower with Radar,53,13,32,2,100,0,4,21,0,25,53,17,53,2,125,28,0,28,153
10/30/2021,EUG,OR,ANM,WE,Combined TRACON& Tower with Radar,45,11,27,0,83,0,0,72,0,72,45,11,99,0,155,16,0,16,171
10/31/2021,EUG,OR,ANM,WE,Combined TRACON& Tower with Radar,48,17,29,0,94,0,1,77,0,78,48,18,106,0,172,24,0,24,196
11/01/2021,EUG,OR,ANM,WE,Combined TRACON& Tower with Radar,41,25,17,4,87,0,0,5,0,5,41,25,22,4,92,6,0,6,98
11/02/2021,EUG,OR,ANM,WE,Combined TRACON& Tower with Radar,34,18,26,5,83,0,2,14,0,16,34,20,40,5,99,12,6,18,117
11/03/2021,EUG,OR,ANM,WE,Combined TRACON& Tower with Radar,34,23,25,8,90,0,1,27,0,28,34,24,52,8,118,38,16,54,172
11/04/2021,EUG,OR,ANM,WE,Combined TRACON& Tower with Radar,41,20,11,24,96,0,0,3,1,4,41,20,14,25,100,0,24,24,124
11/05/2021,EUG,OR,ANM,WE,Combined TRACON& Tower with Radar,47,16,25,16,104,3,2,33,1,39,50,18,58,17,143,70,0,70,213
11/06/2021,EUG,OR,ANM,WE,Combined TRACON& Tower with Radar,36,11,8,0,55,1,0,2,0,3,37,11,10,0,58,10,0,10,68
11/07/2021,EUG,OR,ANM,WE,Combined TRACON& Tower with Radar,46,12,12,0,70,0,1,14,0,15,46,13,26,0,85,18,0,18,103
11/08/2021,EUG,OR,ANM,WE,Combined TRACON& Tower with Radar,47,20,23,15,105,0,3,59,0,62,47,23,82,15,167,46,10,56,223
11/09/2021,EUG,OR,ANM,WE,Combined TRACON& Tower with Radar,38,19,37,6,100,0,1,35,0,36,38,20,72,6,136,54,0,54,190
11/10/2021,EUG,OR,ANM,WE,Combined TRACON& Tower with Radar,37,22,26,4,89,0,1,42,0,43,37,23,68,4,132,92,8,100,232
11/11/2021,EUG,OR,ANM,WE,Combined TRACON& Tower with Radar,47,23,27,0,97,0,1,6,0,7,47,24,33,0,104,26,2,28,132
11/12/2021,EUG,OR,ANM,WE,Combined TRACON& Tower with Radar,49,29,31,0,109,0,0,16,0,16,49,29,47,0,125,24,0,24,149
11/13/2021,EUG,OR,ANM,WE,Combined TRACON& Tower with Radar,41,21,27,0,89,1,0,13,0,14,42,21,40,0,103,6,0,6,109
11/14/2021,EUG,OR,ANM,WE,Combined TRACON& Tower with Radar,45,19,33,0,97,0,0,9,0,9,45,19,42,0,106,18,0,18,124
11/15/2021,EUG,OR,ANM,WE,Combined TRACON& Tower with Radar,45,21,22,0,88,0,0,6,0,6,45,21,28,0,94,40,0,40,134
11/16/2021,EUG,OR,ANM,WE,Combined TRACON& Tower with Radar,40,19,19,0,78,0,1,70,0,71,40,20,89,0,149,48,0,48,197
11/17/2021,EUG,OR,ANM,WE,Combined TRACON& Tower with Radar,34,25,12,11,82,0,2,77,0,79,34,27,89,11,161,48,0,48,209
11/18/2021,EUG,OR,ANM,WE,Combined TRACON& Tower with Radar,41,20,14,17,92,1,2,37,1,41,42,22,51,18,133,44,8,52,185
11/19/2021,EUG,OR,ANM,WE,Combined TRACON& Tower with Radar,54,17,17,31,119,0,1,34,0,35,54,18,51,31,154,56,0,56,210
11/20/2021,EUG,OR,ANM,WE,Combined TRACON& Tower with Radar,35,22,23,0,80,0,0,36,0,36,35,22,59,0,116,20,0,20,136
11/21/2021,EUG,OR,ANM,WE,Combined TRACON& Tower with Radar,42,13,14,0,69,0,0,0,0,0,42,13,14,0,69,0,0,0,69
11/22/2021,EUG,OR,ANM,WE,Combined TRACON& Tower with Radar,52,18,9,40,119,0,3,40,2,45,52,21,49,42,164,70,30,100,264
11/23/2021,EUG,OR,ANM,WE,Combined TRACON& Tower with Radar,39,18,34,16,107,0,1,21,1,23,39,19,55,17,130,16,24,40,170
11/24/2021,EUG,OR,ANM,WE,Combined TRACON& Tower with Radar,54,24,27,0,105,0,0,0,0,0,54,24,27,0,105,0,0,0,105
11/25/2021,EUG,OR,ANM,WE,Combined TRACON& Tower with Radar,27,7,10,0,44,0,1,26,0,27,27,8,36,0,71,12,0,12,83
11/26/2021,EUG,OR,ANM,WE,Combined TRACON& Tower with Radar,36,21,11,0,68,0,0,3,0,3,36,21,14,0,71,36,0,36,107
11/27/2021,EUG,OR,ANM,WE,Combined TRACON& Tower with Radar,45,16,46,0,107,0,0,1,0,1,45,16,47,0,108,0,0,0,108
11/28/2021,EUG,OR,ANM,WE,Combined TRACON& Tower with Radar,47,21,24,0,92,0,0,8,0,8,47,21,32,0,100,16,0,16,116
11/29/2021,EUG,OR,ANM,WE,Combined TRACON& Tower with Radar,47,20,19,20,106,0,2,25,2,29,47,22,44,22,135,6,18,24,159
11/30/2021,EUG,OR,ANM,WE,Combined TRACON& Tower with Radar,35,16,18,11,80,0,2,52,5,59,35,18,70,16,139,54,24,78,217
12/01/2021,EUG,OR,ANM,WE,Combined TRACON& Tower with Radar,35,20,20,17,92,0,2,65,1,68,35,22,85,18,160,76,18,94,254
12/02/2021,EUG,OR,ANM,WE,Combined TRACON& Tower with Radar,43,22,37,0,102,0,0,9,2,11,43,22,46,2,113,6,8,14,127
12/03/2021,EUG,OR,ANM,WE,Combined TRACON& Tower with Radar,48,19,31,10,108,0,2,29,0,31,48,21,60,10,139,46,18,64,203
12/04/2021,EUG,OR,ANM,WE,Combined TRACON& Tower with Radar,37,9,11,0,57,0,1,4,0,5,37,10,15,0,62,8,0,8,70
12/05/2021,EUG,OR,ANM,WE,Combined TRACON& Tower with Radar,39,8,8,0,55,0,0,54,0,54,39,8,62,0,109,10,0,10,119
12/06/2021,EUG,OR,ANM,WE,Combined TRACON& Tower with Radar,45,20,20,20,105,0,0,0,1,1,45,20,20,21,106,4,8,12,118
12/07/2021,EUG,OR,ANM,WE,Combined TRACON& Tower with Radar,34,17,21,55,127,0,2,24,1,27,34,19,45,56,154,16,12,28,182
12/08/2021,EUG,OR,ANM,WE,Combined TRACON& Tower with Radar,37,22,32,18,109,0,0,6,2,8,37,22,38,20,117,2,50,52,169
12/09/2021,EUG,OR,ANM,WE,Combined TRACON& Tower with Radar,38,19,21,8,86,0,0,7,2,9,38,19,28,10,95,38,14,52,147
12/10/2021,EUG,OR,ANM,WE,Combined TRACON& Tower with Radar,45,18,32,10,105,0,0,15,0,15,45,18,47,10,120,0,0,0,120
12/11/2021,EUG,OR,ANM,WE,Combined TRACON& Tower with Radar,33,10,9,0,52,0,0,0,0,0,33,10,9,0,52,0,0,0,52
12/12/2021,EUG,OR,ANM,WE,Combined TRACON& Tower with Radar,35,17,25,0,77,0,0,0,0,0,35,17,25,0,77,0,0,0,77
12/13/2021,EUG,OR,ANM,WE,Combined TRACON& Tower with Radar,47,17,13,21,98,0,1,0,1,2,47,18,13,22,100,0,12,12,112
12/14/2021,EUG,OR,ANM,WE,Combined TRACON& Tower with Radar,35,17,35,12,99,0,0,22,2,24,35,17,57,14,123,34,14,48,171
12/15/2021,EUG,OR,ANM,WE,Combined TRACON& Tower with Radar,34,22,16,8,80,0,0,0,0,0,34,22,16,8,80,0,0,0,80
12/16/2021,EUG,OR,ANM,WE,Combined TRACON& Tower with Radar,41,25,24,28,118,1,0,8,0,9,42,25,32,28,127,26,0,26,153
12/17/2021,EUG,OR,ANM,WE,Combined TRACON& Tower with Radar,45,26,27,0,98,0,1,34,0,35,45,27,61,0,133,38,0,38,171
12/18/2021,EUG,OR,ANM,WE,Combined TRACON& Tower with Radar,38,15,14,0,67,0,0,6,0,6,38,15,20,0,73,4,0,4,77
12/19/2021,EUG,OR,ANM,WE,Combined TRACON& Tower with Radar,42,9,6,0,57,0,0,0,0,0,42,9,6,0,57,0,0,0,57
12/20/2021,EUG,OR,ANM,WE,Combined TRACON& Tower with Radar,48,20,24,14,106,0,0,0,0,0,48,20,24,14,106,0,0,0,106
12/21/2021,EUG,OR,ANM,WE,Combined TRACON& Tower with Radar,33,18,13,0,64,0,0,1,0,1,33,18,14,0,65,0,0,0,65
12/22/2021,EUG,OR,ANM,WE,Combined TRACON& Tower with Radar,39,26,15,28,108,0,0,8,5,13,39,26,23,33,121,10,6,16,137
12/23/2021,EUG,OR,ANM,WE,Combined TRACON& Tower with Radar,41,17,18,4,80,0,3,11,1,15,41,20,29,5,95,10,8,18,113
12/24/2021,EUG,OR,ANM,WE,Combined TRACON& Tower with Radar,33,11,7,0,51,0,0,0,0,0,33,11,7,0,51,0,0,0,51
12/25/2021,EUG,OR,ANM,WE,Combined TRACON& Tower with Radar,33,11,1,0,45,0,0,0,0,0,33,11,1,0,45,0,0,0,45
12/26/2021,EUG,OR,ANM,WE,Combined TRACON& Tower with Radar,11,2,7,0,20,0,0,0,0,0,11,2,7,0,20,0,0,0,20
12/27/2021,EUG,OR,ANM,WE,Combined TRACON& Tower with Radar,25,6,1,0,32,0,1,0,0,1,25,7,1,0,33,0,0,0,33
12/28/2021,EUG,OR,ANM,WE,Combined TRACON& Tower with Radar,28,13,17,0,58,0,0,0,0,0,28,13,17,0,58,0,0,0,58
12/29/2021,EUG,OR,ANM,WE,Combined TRACON& Tower with Radar,38,19,7,0,64,0,0,6,0,6,38,19,13,0,70,2,0,2,72
12/30/2021,EUG,OR,ANM,WE,Combined TRACON& Tower with Radar,38,13,4,0,55,0,0,0,0,0,38,13,4,0,55,0,0,0,55
12/31/2021,EUG,OR,ANM,WE,Combined TRACON& Tower with Radar,29,12,14,0,55,0,0,2,0,2,29,12,16,0,57,0,0,0,57
01/01/2022,EUG,OR,ANM,WE,Combined TRACON& Tower with Radar,30,4,29,0,63,0,0,38,2,40,30,4,67,2,103,68,0,68,171
01/02/2022,EUG,OR,ANM,WE,Combined TRACON& Tower with Radar,35,5,15,0,55,0,0,10,0,10,35,5,25,0,65,10,0,10,75
01/03/2022,EUG,OR,ANM,WE,Combined TRACON& Tower with Radar,41,20,6,0,67,0,0,1,0,1,41,20,7,0,68,0,0,0,68
01/04/2022,EUG,OR,ANM,WE,Combined TRACON& Tower with Radar,31,28,14,17,90,0,0,0,0,0,31,28,14,17,90,0,0,0,90
01/05/2022,EUG,OR,ANM,WE,Combined TRACON& Tower with Radar,29,19,10,0,58,0,0,0,0,0,29,19,10,0,58,0,0,0,58
01/06/2022,EUG,OR,ANM,WE,Combined TRACON& Tower with Radar,34,19,18,0,71,0,1,8,0,9,34,20,26,0,80,20,0,20,100
01/07/2022,EUG,OR,ANM,WE,Combined TRACON& Tower with Radar,47,19,12,8,86,0,2,5,0,7,47,21,17,8,93,10,14,24,117
01/08/2022,EUG,OR,ANM,WE,Combined TRACON& Tower with Radar,33,8,27,0,68,0,2,82,0,84,33,10,109,0,152,54,0,54,206
01/09/2022,EUG,OR,ANM,WE,Combined TRACON& Tower with Radar,38,6,9,12,65,0,0,0,0,0,38,6,9,12,65,0,0,0,65
01/10/2022,EUG,OR,ANM,WE,Combined TRACON& Tower with Radar,43,23,18,0,84,0,2,43,0,45,43,25,61,0,129,68,0,68,197
01/11/2022,EUG,OR,ANM,WE,Combined TRACON& Tower with Radar,32,19,27,0,78,0,2,39,0,41,32,21,66,0,119,12,0,12,131
01/12/2022,EUG,OR,ANM,WE,Combined TRACON& Tower with Radar,32,16,22,14,84,0,6,55,1,62,32,22,77,15,146,64,12,76,222
01/13/2022,EUG,OR,ANM,WE,Combined TRACON& Tower with Radar,40,17,36,12,105,0,0,6,0,6,40,17,42,12,111,20,0,20,131
01/14/2022,EUG,OR,ANM,WE,Combined TRACON& Tower with Radar,46,16,26,4,92,0,0,0,0,0,46,16,26,4,92,0,0,0,92
01/15/2022,EUG,OR,ANM,WE,Combined TRACON& Tower with Radar,28,11,12,0,51,0,0,0,0,0,28,11,12,0,51,0,0,0,51
01/16/2022,EUG,OR,ANM,WE,Combined TRACON& Tower with Radar,36,12,9,0,57,0,0,0,0,0,36,12,9,0,57,0,0,0,57
01/17/2022,EUG,OR,ANM,WE,Combined TRACON& Tower with Radar,50,24,30,0,104,0,1,22,0,23,50,25,52,0,127,34,0,34,161
01/18/2022,EUG,OR,ANM,WE,Combined TRACON& Tower with Radar,33,19,18,12,82,0,0,5,2,7,33,19,23,14,89,0,30,30,119
01/19/2022,EUG,OR,ANM,WE,Combined TRACON& Tower with Radar,33,19,21,0,73,0,0,2,0,2,33,19,23,0,75,14,0,14,89
01/20/2022,EUG,OR,ANM,WE,Combined TRACON& Tower with Radar,37,16,25,4,82,0,0,18,0,18,37,16,43,4,100,136,12,148,248
01/21/2022,EUG,OR,ANM,WE,Combined TRACON& Tower with Radar,46,16,26,0,88,0,0,5,0,5,46,16,31,0,93,10,0,10,103
01/22/2022,EUG,OR,ANM,WE,Combined TRACON& Tower with Radar,29,11,26,0,66,0,1,6,0,7,29,12,32,0,73,16,0,16,89
01/23/2022,EUG,OR,ANM,WE,Combined TRACON& Tower with Radar,27,12,7,0,46,0,0,33,0,33,27,12,40,0,79,40,0,40,119
01/24/2022,EUG,OR,ANM,WE,Combined TRACON& Tower with Radar,40,20,13,0,73,0,2,11,0,13,40,22,24,0,86,22,0,22,108
01/25/2022,EUG,OR,ANM,WE,Combined TRACON& Tower with Radar,29,16,13,1,59,0,1,21,0,22,29,17,34,1,81,8,0,8,89
01/26/2022,EUG,OR,ANM,WE,Combined TRACON& Tower with Radar,36,37,16,16,105,0,1,12,0,13,36,38,28,16,118,16,34,50,168
01/27/2022,EUG,OR,ANM,WE,Combined TRACON& Tower with Radar,40,18,14,11,83,0,2,45,0,47,40,20,59,11,130,44,0,44,174
01/28/2022,EUG,OR,ANM,WE,Combined TRACON& Tower with Radar,49,13,30,5,97,0,2,91,1,94,49,15,121,6,191,48,8,56,247
01/29/2022,EUG,OR,ANM,WE,Combined TRACON& Tower with Radar,33,12,9,0,54,0,0,47,0,47,33,12,56,0,101,44,0,44,145
01/30/2022,EUG,OR,ANM,WE,Combined TRACON& Tower with Radar,33,9,6,0,48,0,0,17,0,17,33,9,23,0,65,14,0,14,79
01/31/2022,EUG,OR,ANM,WE,Combined TRACON& Tower with Radar,47,20,12,34,113,0,1,6,2,9,47,21,18,36,122,18,14,32,154
02/01/2022,EUG,OR,ANM,WE,Combined TRACON& Tower with Radar,36,18,7,0,61,0,1,9,0,10,36,19,16,0,71,20,0,20,91
02/02/2022,EUG,OR,ANM,WE,Combined TRACON& Tower with Radar,36,15,19,10,80,0,0,1,0,1,36,15,20,10,81,0,0,0,81
02/03/2022,EUG,OR,ANM,WE,Combined TRACON& Tower with Radar,36,10,28,17,91,0,3,68,13,84,36,13,96,30,175,46,24,70,245
02/04/2022,EUG,OR,ANM,WE,Combined TRACON& Tower with Radar,46,17,17,0,80,0,1,31,0,32,46,18,48,0,112,54,0,54,166
02/05/2022,EUG,OR,ANM,WE,Combined TRACON& Tower with Radar,33,12,20,0,65,0,0,10,0,10,33,12,30,0,75,10,0,10,85
02/06/2022,EUG,OR,ANM,WE,Combined TRACON& Tower with Radar,39,9,10,2,60,1,1,33,0,35,40,10,43,2,95,24,4,28,123
02/07/2022,EUG,OR,ANM,WE,Combined TRACON& Tower with Radar,45,15,17,2,79,0,0,26,0,26,45,15,43,2,105,62,0,62,167
02/08/2022,EUG,OR,ANM,WE,Combined TRACON& Tower with Radar,35,17,12,0,64,0,1,11,0,12,35,18,23,0,76,0,0,0,76
02/09/2022,EUG,OR,ANM,WE,Combined TRACON& Tower with Radar,40,14,11,11,76,0,1,37,0,38,40,15,48,11,114,36,0,36,150
02/10/2022,EUG,OR,ANM,WE,Combined TRACON& Tower with Radar,37,15,16,7,75,0,0,0,0,0,37,15,16,7,75,0,0,0,75
02/11/2022,EUG,OR,ANM,WE,Combined TRACON& Tower with Radar,40,13,23,0,76,0,0,31,0,31,40,13,54,0,107,38,0,38,145
02/12/2022,EUG,OR,ANM,WE,Combined TRACON& Tower with Radar,31,10,17,0,58,0,0,106,0,106,31,10,123,0,164,50,0,50,214
02/13/2022,EUG,OR,ANM,WE,Combined TRACON& Tower with Radar,32,10,11,0,53,0,0,55,0,55,32,10,66,0,108,42,0,42,150
02/14/2022,EUG,OR,ANM,WE,Combined TRACON& Tower with Radar,43,18,11,0,72,0,0,0,0,0,43,18,11,0,72,0,0,0,72
02/15/2022,EUG,OR,ANM,WE,Combined TRACON& Tower with Radar,34,22,18,8,82,0,3,19,0,22,34,25,37,8,104,22,0,22,126
02/16/2022,EUG,OR,ANM,WE,Combined TRACON& Tower with Radar,35,20,23,14,92,0,0,30,0,30,35,20,53,14,122,18,0,18,140
02/17/2022,EUG,OR,ANM,WE,Combined TRACON& Tower with Radar,43,23,30,0,96,0,1,53,0,54,43,24,83,0,150,52,0,52,202
02/18/2022,EUG,OR,ANM,WE,Combined TRACON& Tower with Radar,41,22,11,0,74,1,2,38,1,42,42,24,49,1,116,12,0,12,128
02/19/2022,EUG,OR,ANM,WE,Combined TRACON& Tower with Radar,28,12,19,0,59,0,0,25,0,25,28,12,44,0,84,20,0,20,104
02/20/2022,EUG,OR,ANM,WE,Combined TRACON& Tower with Radar,38,16,8,0,62,0,0,10,0,10,38,16,18,0,72,6,0,6,78
02/21/2022,EUG,OR,ANM,WE,Combined TRACON& Tower with Radar,40,19,14,0,73,0,5,5,0,10,40,24,19,0,83,8,0,8,91
02/22/2022,EUG,OR,ANM,WE,Combined TRACON& Tower with Radar,33,14,10,6,63,0,2,42,2,46,33,16,52,8,109,36,14,50,159
02/23/2022,EUG,OR,ANM,WE,Combined TRACON& Tower with Radar,34,19,20,7,80,2,2,79,5,88,36,21,99,12,168,62,16,78,246
02/24/2022,EUG,OR,ANM,WE,Combined TRACON& Tower with Radar,42,18,28,29,117,0,2,56,0,58,42,20,84,29,175,88,0,88,263
02/25/2022,EUG,OR,ANM,WE,Combined TRACON& Tower with Radar,41,16,31,0,88,0,3,82,0,85,41,19,113,0,173,48,0,48,221
02/26/2022,EUG,OR,ANM,WE,Combined TRACON& Tower with Radar,33,15,13,0,61,0,0,27,0,27,33,15,40,0,88,32,0,32,120
02/27/2022,EUG,OR,ANM,WE,Combined TRACON& Tower with Radar,42,10,11,0,63,0,0,7,0,7,42,10,18,0,70,8,0,8,78
02/28/2022,EUG,OR,ANM,WE,Combined TRACON& Tower with Radar,40,20,14,7,81,0,0,3,9,12,40,20,17,16,93,0,26,26,119
03/01/2022,EUG,OR,ANM,WE,Combined TRACON& Tower with Radar,33,16,19,13,81,0,3,8,1,12,33,19,27,14,93,10,24,34,127
03/02/2022,EUG,OR,ANM,WE,Combined TRACON& Tower with Radar,35,25,29,0,89,0,0,3,0,3,35,25,32,0,92,0,0,0,92
03/03/2022,EUG,OR,ANM,WE,Combined TRACON& Tower with Radar,41,22,17,13,93,0,1,15,1,17,41,23,32,14,110,30,14,44,154
03/04/2022,EUG,OR,ANM,WE,Combined TRACON& Tower with Radar,38,14,23,4,79,0,1,9,1,11,38,15,32,5,90,66,14,80,170
03/05/2022,EUG,OR,ANM,WE,Combined TRACON& Tower with Radar,31,7,8,2,48,0,0,44,0,44,31,7,52,2,92,30,0,30,122
03/06/2022,EUG,OR,ANM,WE,Combined TRACON& Tower with Radar,40,14,16,0,70,0,0,38,0,38,40,14,54,0,108,54,0,54,162
03/07/2022,EUG,OR,ANM,WE,Combined TRACON& Tower with Radar,41,21,23,14,99,0,1,67,1,69,41,22,90,15,168,128,8,136,304
03/08/2022,EUG,OR,ANM,WE,Combined TRACON& Tower with Radar,29,22,12,22,85,0,1,32,0,33,29,23,44,22,118,46,34,80,198
03/09/2022,EUG,OR,ANM,WE,Combined TRACON& Tower with Radar,32,18,23,10,83,0,2,17,2,21,32,20,40,12,104,12,8,20,124
03/10/2022,EUG,OR,ANM,WE,Combined TRACON& Tower with Radar,37,17,27,5,86,1,3,59,2,65,38,20,86,7,151,98,12,110,261
03/11/2022,EUG,OR,ANM,WE,Combined TRACON& Tower with Radar,38,15,34,9,96,0,3,114,1,118,38,18,148,10,214,88,26,114,328
03/12/2022,EUG,OR,ANM,WE,Combined TRACON& Tower with Radar,31,8,6,0,45,0,0,26,0,26,31,8,32,0,71,24,0,24,95
03/13/2022,EUG,OR,ANM,WE,Combined TRACON& Tower with Radar,36,12,11,0,59,1,0,3,0,4,37,12,14,0,63,0,0,0,63
03/14/2022,EUG,OR,ANM,WE,Combined TRACON& Tower with Radar,38,21,9,7,75,0,1,16,1,18,38,22,25,8,93,14,16,30,123
03/15/2022,EUG,OR,ANM,WE,Combined TRACON& Tower with Radar,29,22,18,1,70,1,2,14,1,18,30,24,32,2,88,58,24,82,170
03/16/2022,EUG,OR,ANM,WE,Combined TRACON& Tower with Radar,32,20,36,29,117,0,3,67,1,71,32,23,103,30,188,138,44,182,370
03/17/2022,EUG,OR,ANM,WE,Combined TRACON& Tower with Radar,45,19,25,3,92,0,1,47,0,48,45,20,72,3,140,16,0,16,156
03/18/2022,EUG,OR,ANM,WE,Combined TRACON& Tower with Radar,45,15,10,6,76,0,1,36,0,37,45,16,46,6,113,48,16,64,177
03/19/2022,EUG,OR,ANM,WE,Combined TRACON& Tower with Radar,39,14,18,0,71,0,0,10,0,10,39,14,28,0,81,18,0,18,99
03/20/2022,EUG,OR,ANM,WE,Combined TRACON& Tower with Radar,49,12,13,15,89,2,0,15,0,17,51,12,28,15,106,20,0,20,126
03/21/2022,EUG,OR,ANM,WE,Combined TRACON& Tower with Radar,42,21,12,6,81,0,0,0,0,0,42,21,12,6,81,0,0,0,81
03/22/2022,EUG,OR,ANM,WE,Combined TRACON& Tower with Radar,35,16,11,19,81,0,5,64,0,69,35,21,75,19,150,58,6,64,214
03/23/2022,EUG,OR,ANM,WE,Combined TRACON& Tower with Radar,36,21,20,2,79,0,2,19,0,21,36,23,39,2,100,32,0,32,132
03/24/2022,EUG,OR,ANM,WE,Combined TRACON& Tower with Radar,43,18,26,15,102,1,3,32,3,39,44,21,58,18,141,22,8,30,171
03/25/2022,EUG,OR,ANM,WE,Combined TRACON& Tower with Radar,42,13,15,0,70,0,2,47,0,49,42,15,62,0,119,46,0,46,165
03/26/2022,EUG,OR,ANM,WE,Combined TRACON& Tower with Radar,39,10,12,0,61,0,0,53,0,53,39,10,65,0,114,42,0,42,156
03/27/2022,EUG,OR,ANM,WE,Combined TRACON& Tower with Radar,45,9,23,2,79,1,0,12,0,13,46,9,35,2,92,28,0,28,120
03/28/2022,EUG,OR,ANM,WE,Combined TRACON& Tower with Radar,44,20,23,11,98,0,1,32,1,34,44,21,55,12,132,88,16,104,236
03/29/2022,EUG,OR,ANM,WE,Combined TRACON& Tower with Radar,38,19,27,13,97,0,5,32,1,38,38,24,59,14,135,62,10,72,207
03/30/2022,EUG,OR,ANM,WE,Combined TRACON& Tower with Radar,38,12,14,6,70,1,2,22,4,29,39,14,36,10,99,76,0,76,175
03/31/2022,EUG,OR,ANM,WE,Combined TRACON& Tower with Radar,46,16,17,6,85,0,2,55,0,57,46,18,72,6,142,48,0,48,190
04/01/2022,EUG,OR,ANM,WE,Combined TRACON& Tower with Radar,43,14,25,2,84,0,2,51,0,53,43,16,76,2,137,18,0,18,155
04/02/2022,EUG,OR,ANM,WE,Combined TRACON& Tower with Radar,34,12,15,0,61,1,0,58,0,59,35,12,73,0,120,32,0,32,152
04/03/2022,EUG,OR,ANM,WE,Combined TRACON& Tower with Radar,42,10,14,0,66,0,0,16,0,16,42,10,30,0,82,18,0,18,100
04/04/2022,EUG,OR,ANM,WE,Combined TRACON& Tower with Radar,44,14,9,0,67,0,0,0,0,0,44,14,9,0,67,0,0,0,67
04/05/2022,EUG,OR,ANM,WE,Combined TRACON& Tower with Radar,31,14,15,11,71,0,3,63,2,68,31,17,78,13,139,42,90,132,271
04/06/2022,EUG,OR,ANM,WE,Combined TRACON& Tower with Radar,38,17,26,4,85,0,2,75,2,79,38,19,101,6,164,98,0,98,262
04/07/2022,EUG,OR,ANM,WE,Combined TRACON& Tower with Radar,43,9,26,0,78,1,5,108,0,114,44,14,134,0,192,78,0,78,270
04/08/2022,EUG,OR,ANM,WE,Combined TRACON& Tower with Radar,41,10,19,3,73,0,4,19,0,23,41,14,38,3,96,14,0,14,110
04/09/2022,EUG,OR,ANM,WE,Combined TRACON& Tower with Radar,31,6,12,0,49,0,0,21,0,21,31,6,33,0,70,24,0,24,94
04/10/2022,EUG,OR,ANM,WE,Combined TRACON& Tower with Radar,44,7,18,0,69,0,0,0,0,0,44,7,18,0,69,0,0,0,69
04/11/2022,EUG,OR,ANM,WE,Combined TRACON& Tower with Radar,37,15,15,4,71,2,2,7,0,11,39,17,22,4,82,0,4,4,86
04/12/2022,EUG,OR,ANM,WE,Combined TRACON& Tower with Radar,33,15,11,20,79,0,2,2,0,4,33,17,13,20,83,6,0,6,89
04/13/2022,EUG,OR,ANM,WE,Combined TRACON& Tower with Radar,36,17,18,3,74,1,1,11,1,14,37,18,29,4,88,0,10,10,98
04/14/2022,EUG,OR,ANM,WE,Combined TRACON& Tower with Radar,43,21,15,1,80,3,0,3,0,6,46,21,18,1,86,4,2,6,92
04/15/2022,EUG,OR,ANM,WE,Combined TRACON& Tower with Radar,45,14,30,8,97,0,2,86,1,89,45,16,116,9,186,72,14,86,272
04/16/2022,EUG,OR,ANM,WE,Combined TRACON& Tower with Radar,32,9,1,0,42,0,2,14,0,16,32,11,15,0,58,20,0,20,78
04/17/2022,EUG,OR,ANM,WE,Combined TRACON& Tower with Radar,43,8,12,0,63,2,0,43,0,45,45,8,55,0,108,26,0,26,134
04/18/2022,EUG,OR,ANM,WE,Combined TRACON& Tower with Radar,40,28,17,4,89,2,0,12,0,14,42,28,29,4,103,0,0,0,103
04/19/2022,EUG,OR,ANM,WE,Combined TRACON& Tower with Radar,34,17,27,2,80,0,0,1,0,1,34,17,28,2,81,0,0,0,81
04/20/2022,EUG,OR,ANM,WE,Combined TRACON& Tower with Radar,35,14,17,2,68,0,0,0,0,0,35,14,17,2,68,0,8,8,76
04/21/2022,EUG,OR,ANM,WE,Combined TRACON& Tower with Radar,46,17,20,0,83,0,2,22,0,24,46,19,42,0,107,16,0,16,123
04/22/2022,EUG,OR,ANM,WE,Combined TRACON& Tower with Radar,42,12,37,0,91,0,2,34,0,36,42,14,71,0,127,66,0,66,193
04/23/2022,EUG,OR,ANM,WE,Combined TRACON& Tower with Radar,33,7,11,2,53,1,1,101,0,103,34,8,112,2,156,68,0,68,224
04/24/2022,EUG,OR,ANM,WE,Combined TRACON& Tower with Radar,46,6,20,0,72,0,0,61,2,63,46,6,81,2,135,16,0,16,151
04/25/2022,EUG,OR,ANM,WE,Combined TRACON& Tower with Radar,40,15,34,0,89,2,1,32,0,35,42,16,66,0,124,128,0,128,252
04/26/2022,EUG,OR,ANM,WE,Combined TRACON& Tower with Radar,35,14,14,15,78,0,2,20,0,22,35,16,34,15,100,40,46,86,186
04/27/2022,EUG,OR,ANM,WE,Combined TRACON& Tower with Radar,35,16,22,9,82,0,7,61,1,69,35,23,83,10,151,100,42,142,293
04/28/2022,EUG,OR,ANM,WE,Combined TRACON& Tower with Radar,46,17,20,14,97,0,1,20,0,21,46,18,40,14,118,10,0,10,128
04/29/2022,EUG,OR,ANM,WE,Combined TRACON& Tower with Radar,41,11,33,8,93,0,3,53,0,56,41,14,86,8,149,106,22,128,277
04/30/2022,EUG,OR,ANM,WE,Combined TRACON& Tower with Radar,32,10,9,0,51,0,0,14,0,14,32,10,23,0,65,0,0,0,65
05/01/2022,EUG,OR,ANM,WE,Combined TRACON& Tower with Radar,37,7,19,0,63,0,0,47,0,47,37,7,66,0,110,2,0,2,112
05/02/2022,EUG,OR,ANM,WE,Combined TRACON& Tower with Radar,39,19,17,0,75,0,0,0,0,0,39,19,17,0,75,0,0,0,75
05/03/2022,EUG,OR,ANM,WE,Combined TRACON& Tower with Radar,33,18,32,23,106,0,0,44,0,44,33,18,76,23,150,64,26,90,240
05/04/2022,EUG,OR,ANM,WE,Combined TRACON& Tower with Radar,36,15,25,4,80,0,2,125,1,128,36,17,150,5,208,136,0,136,344
05/05/2022,EUG,OR,ANM,WE,Combined TRACON& Tower with Radar,38,18,15,16,87,0,0,0,0,0,38,18,15,16,87,0,0,0,87
05/06/2022,EUG,OR,ANM,WE,Combined TRACON& Tower with Radar,39,24,4,0,67,0,0,0,0,0,39,24,4,0,67,2,0,2,69
05/07/2022,EUG,OR,ANM,WE,Combined TRACON& Tower with Radar,33,11,5,0,49,0,0,5,0,5,33,11,10,0,54,0,0,0,54
05/08/2022,EUG,OR,ANM,WE,Combined TRACON& Tower with Radar,37,14,11,0,62,0,0,0,0,0,37,14,11,0,62,0,0,0,62
05/09/2022,EUG,OR,ANM,WE,Combined TRACON& Tower with Radar,40,22,15,2,79,0,1,24,0,25,40,23,39,2,104,10,0,10,114
05/10/2022,EUG,OR,ANM,WE,Combined TRACON& Tower with Radar,32,16,21,14,83,0,2,44,0,46,32,18,65,14,129,70,2,72,201
05/11/2022,EUG,OR,ANM,WE,Combined TRACON& Tower with Radar,35,19,34,0,88,0,3,61,0,64,35,22,95,0,152,40,0,40,192
05/12/2022,EUG,OR,ANM,WE,Combined TRACON& Tower with Radar,36,16,17,2,71,0,0,3,0,3,36,16,20,2,74,0,0,0,74
05/13/2022,EUG,OR,ANM,WE,Combined TRACON& Tower with Radar,38,19,29,0,86,0,0,12,1,13,38,19,41,1,99,32,0,32,131
05/14/2022,EUG,OR,ANM,WE,Combined TRACON& Tower with Radar,34,14,7,0,55,0,0,22,0,22,34,14,29,0,77,26,0,26,103
05/15/2022,EUG,OR,ANM,WE,Combined TRACON& Tower with Radar,38,8,16,0,62,0,0,29,0,29,38,8,45,0,91,14,0,14,105
05/16/2022,EUG,OR,ANM,WE,Combined TRACON& Tower with Radar,39,19,23,24,105,0,2,55,2,59,39,21,78,26,164,122,14,136,300
05/17/2022,EUG,OR,ANM,WE,Combined TRACON& Tower with Radar,33,17,23,23,96,0,2,82,1,85,33,19,105,24,181,82,8,90,271
05/18/2022,EUG,OR,ANM,WE,Combined TRACON& Tower with Radar,32,22,26,8,88,1,0,5,0,6,33,22,31,8,94,18,0,18,112
05/19/2022,EUG,OR,ANM,WE,Combined TRACON& Tower with Radar,25,10,27,7,69,2,2,15,3,22,27,12,42,10,91,30,12,42,133
05/20/2022,EUG,OR,ANM,WE,Combined TRACON& Tower with Radar,40,14,39,0,93,0,2,67,0,69,40,16,106,0,162,94,0,94,256
05/21/2022,EUG,OR,ANM,WE,Combined TRACON& Tower with Radar,31,10,10,2,53,1,0,71,0,72,32,10,81,2,125,46,0,46,171
05/22/2022,EUG,OR,ANM,WE,Combined TRACON& Tower with Radar,38,14,10,0,62,1,0,43,0,44,39,14,53,0,106,46,0,46,152
05/23/2022,EUG,OR,ANM,WE,Combined TRACON& Tower with Radar,41,16,13,5,75,0,1,72,2,75,41,17,85,7,150,116,0,116,266
05/24/2022,EUG,OR,ANM,WE,Combined TRACON& Tower with Radar,31,14,25,0,70,0,3,58,0,61,31,17,83,0,131,124,0,124,255
05/25/2022,EUG,OR,ANM,WE,Combined TRACON& Tower with Radar,33,17,24,3,77,0,2,72,1,75,33,19,96,4,152,132,8,140,292
05/26/2022,EUG,OR,ANM,WE,Combined TRACON& Tower with Radar,39,21,10,0,70,1,3,52,0,56,40,24,62,0,126,38,0,38,164
05/27/2022,EUG,OR,ANM,WE,Combined TRACON& Tower with Radar,38,14,23,6,81,1,5,18,0,24,39,19,41,6,105,22,4,26,131
05/28/2022,EUG,OR,ANM,WE,Combined TRACON& Tower with Radar,32,9,12,0,53,0,0,6,0,6,32,9,18,0,59,10,0,10,69
05/29/2022,EUG,OR,ANM,WE,Combined TRACON& Tower with Radar,41,10,5,0,56,0,1,9,0,10,41,11,14,0,66,2,0,2,68
05/30/2022,EUG,OR,ANM,WE,Combined TRACON& Tower with Radar,40,10,12,0,62,0,0,48,0,48,40,10,60,0,110,43,0,43,153
05/31/2022,EUG,OR,ANM,WE,Combined TRACON& Tower with Radar,31,12,30,0,73,0,4,45,0,49,31,16,75,0,122,64,0,64,186
06/01/2022,EUG,OR,ANM,WE,Combined TRACON& Tower with Radar,36,20,16,5,77,1,4,65,0,70,37,24,81,5,147,70,0,70,217
06/02/2022,EUG,OR,ANM,WE,Combined TRACON& Tower with Radar,35,22,21,62,140,0,1,63,6,70,35,23,84,68,210,24,42,66,276
06/03/2022,EUG,OR,ANM,WE,Combined TRACON& Tower with Radar,46,15,21,4,86,1,0,37,0,38,47,15,58,4,124,34,0,34,158
06/04/2022,EUG,OR,ANM,WE,Combined TRACON& Tower with Radar,36,8,8,0,52,0,0,3,0,3,36,8,11,0,55,18,0,18,73
06/05/2022,EUG,OR,ANM,WE,Combined TRACON& Tower with Radar,58,6,17,0,81,0,0,10,0,10,58,6,27,0,91,2,0,2,93
06/06/2022,EUG,OR,ANM,WE,Combined TRACON& Tower with Radar,57,11,11,13,92,0,0,42,1,43,57,11,53,14,135,32,18,50,185
06/07/2022,EUG,OR,ANM,WE,Combined TRACON& Tower with Radar,43,10,22,4,79,0,3,77,0,80,43,13,99,4,159,50,0,50,209
06/08/2022,EUG,OR,ANM,WE,Combined TRACON& Tower with Radar,45,13,27,4,89,0,5,62,0,67,45,18,89,4,156,74,0,74,230
06/09/2022,EUG,OR,ANM,WE,Combined TRACON& Tower with Radar,42,11,12,8,73,0,1,23,0,24,42,12,35,8,97,32,16,48,145
06/10/2022,EUG,OR,ANM,WE,Combined TRACON& Tower with Radar,48,13,37,2,100,0,0,15,0,15,48,13,52,2,115,60,12,72,187
06/11/2022,EUG,OR,ANM,WE,Combined TRACON& Tower with Radar,46,9,24,0,79,0,0,5,0,5,46,9,29,0,84,0,0,0,84
06/12/2022,EUG,OR,ANM,WE,Combined TRACON& Tower with Radar,55,3,21,0,79,0,0,10,0,10,55,3,31,0,89,12,0,12,101
06/13/2022,EUG,OR,ANM,WE,Combined TRACON& Tower with Radar,48,15,26,0,89,0,1,10,0,11,48,16,36,0,100,16,0,16,116
06/14/2022,EUG,OR,ANM,WE,Combined TRACON& Tower with Radar,39,14,27,7,87,0,1,70,0,71,39,15,97,7,158,114,24,138,296
06/15/2022,EUG,OR,ANM,WE,Combined TRACON& Tower with Radar,43,12,37,10,102,0,3,71,0,74,43,15,108,10,176,82,20,102,278
06/16/2022,EUG,OR,ANM,WE,Combined TRACON& Tower with Radar,49,9,32,8,98,0,3,55,0,58,49,12,87,8,156,104,12,116,272
06/17/2022,EUG,OR,ANM,WE,Combined TRACON& Tower with Radar,51,11,26,0,88,0,0,7,0,7,51,11,33,0,95,12,0,12,107
06/18/2022,EUG,OR,ANM,WE,Combined TRACON& Tower with Radar,43,3,13,0,59,0,0,43,0,43,43,3,56,0,102,54,0,54,156
06/19/2022,EUG,OR,ANM,WE,Combined TRACON& Tower with Radar,53,2,15,0,70,0,0,25,0,25,53,2,40,0,95,12,0,12,107
06/20/2022,EUG,OR,ANM,WE,Combined TRACON& Tower with Radar,52,12,19,0,83,0,4,63,0,67,52,16,82,0,150,86,0,86,236
06/21/2022,EUG,OR,ANM,WE,Combined TRACON& Tower with Radar,40,8,19,8,75,0,5,84,0,89,40,13,103,8,164,138,8,146,310
06/22/2022,EUG,OR,ANM,WE,Combined TRACON& Tower with Radar,45,8,11,0,64,0,9,80,6,95,45,17,91,6,159,74,2,76,235
06/23/2022,EUG,OR,ANM,WE,Combined TRACON& Tower with Radar,49,9,12,0,70,1,3,97,0,101,50,12,109,0,171,106,0,106,277
06/24/2022,EUG,OR,ANM,WE,Combined TRACON& Tower with Radar,56,11,22,5,94,0,3,73,3,79,56,14,95,8,173,82,0,82,255
06/25/2022,EUG,OR,ANM,WE,Combined TRACON& Tower with Radar,44,1,9,0,54,0,0,48,0,48,44,1,57,0,102,48,0,48,150
06/26/2022,EUG,OR,ANM,WE,Combined TRACON& Tower with Radar,54,2,11,0,67,0,0,61,0,61,54,2,72,0,128,70,0,70,198
06/27/2022,EUG,OR,ANM,WE,Combined TRACON& Tower with Radar,53,7,18,16,94,0,3,89,5,97,53,10,107,21,191,90,38,128,319
06/28/2022,EUG,OR,ANM,WE,Combined TRACON& Tower with Radar,43,5,30,7,85,0,5,68,0,73,43,10,98,7,158,110,20,130,288
06/29/2022,EUG,OR,ANM,WE,Combined TRACON& Tower with Radar,48,13,36,15,112,0,5,46,7,58,48,18,82,22,170,14,16,30,200
06/30/2022,EUG,OR,ANM,WE,Combined TRACON& Tower with Radar,48,6,14,0,68,1,2,80,0,83,49,8,94,0,151,50,0,50,201
07/01/2022,EUG,OR,ANM,WE,Combined TRACON& Tower with Radar,56,6,30,4,96,0,2,51,0,53,56,8,81,4,149,62,0,62,211
07/02/2022,EUG,OR,ANM,WE,Combined TRACON& Tower with Radar,42,1,11,0,54,0,0,18,0,18,42,1,29,0,72,14,0,14,86
07/03/2022,EUG,OR,ANM,WE,Combined TRACON& Tower with Radar,51,2,12,0,65,0,0,30,0,30,51,2,42,0,95,0,0,0,95
07/04/2022,EUG,OR,ANM,WE,Combined TRACON& Tower with Radar,52,2,22,0,76,0,0,36,0,36,52,2,58,0,112,28,0,28,140
07/05/2022,EUG,OR,ANM,WE,Combined TRACON& Tower with Radar,46,8,23,0,77,0,2,27,0,29,46,10,50,0,106,56,0,56,162
07/06/2022,EUG,OR,ANM,WE,Combined TRACON& Tower with Radar,48,10,18,2,78,0,3,48,0,51,48,13,66,2,129,48,0,48,177
07/07/2022,EUG,OR,ANM,WE,Combined TRACON& Tower with Radar,54,7,17,32,110,0,3,66,2,71,54,10,83,34,181,90,38,128,309
07/08/2022,EUG,OR,ANM,WE,Combined TRACON& Tower with Radar,53,4,22,4,83,0,3,96,0,99,53,7,118,4,182,130,12,142,324
07/09/2022,EUG,OR,ANM,WE,Combined TRACON& Tower with Radar,46,0,13,0,59,0,1,57,0,58,46,1,70,0,117,14,0,14,131
07/10/2022,EUG,OR,ANM,WE,Combined TRACON& Tower with Radar,53,1,10,0,64,0,0,58,0,58,53,1,68,0,122,14,0,14,136
07/11/2022,EUG,OR,ANM,WE,Combined TRACON& Tower with Radar,56,12,15,0,83,1,2,48,0,51,57,14,63,0,134,50,0,50,184
07/12/2022,EUG,OR,ANM,WE,Combined TRACON& Tower with Radar,45,6,17,0,68,0,2,67,0,69,45,8,84,0,137,50,0,50,187
07/13/2022,EUG,OR,ANM,WE,Combined TRACON& Tower with Radar,48,8,15,15,86,0,2,99,0,101,48,10,114,15,187,50,0,50,237
07/14/2022,EUG,OR,ANM,WE,Combined TRACON& Tower with Radar,51,14,21,2,88,0,2,104,0,106,51,16,125,2,194,40,0,40,234
07/15/2022,EUG,OR,ANM,WE,Combined TRACON& Tower with Radar,56,16,20,0,92,0,2,90,0,92,56,18,110,0,184,78,0,78,262
07/16/2022,EUG,OR,ANM,WE,Combined TRACON& Tower with Radar,43,8,18,3,72,0,0,44,0,44,43,8,62,3,116,46,0,46,162
07/17/2022,EUG,OR,ANM,WE,Combined TRACON& Tower with Radar,54,7,17,0,78,0,0,28,0,28,54,7,45,0,106,20,0,20,126
07/18/2022,EUG,OR,ANM,WE,Combined TRACON& Tower with Radar,56,15,13,14,98,0,2,103,2,107,56,17,116,16,205,144,24,168,373
07/19/2022,EUG,OR,ANM,WE,Combined TRACON& Tower with Radar,42,8,19,2,71,0,2,87,0,89,42,10,106,2,160,98,18,116,276
07/20/2022,EUG,OR,ANM,WE,Combined TRACON& Tower with Radar,47,11,22,0,80,0,4,79,0,83,47,15,101,0,163,82,0,82,245
07/21/2022,EUG,OR,ANM,WE,Combined TRACON& Tower with Radar,52,6,31,6,95,0,3,64,0,67,52,9,95,6,162,120,6,126,288
07/22/2022,EUG,OR,ANM,WE,Combined TRACON& Tower with Radar,56,7,35,0,98,0,2,62,0,64,56,9,97,0,162,68,0,68,230
07/23/2022,EUG,OR,ANM,WE,Combined TRACON& Tower with Radar,46,3,18,0,67,0,0,24,0,24,46,3,42,0,91,36,0,36,127
07/24/2022,EUG,OR,ANM,WE,Combined TRACON& Tower with Radar,52,10,17,0,79,0,0,51,0,51,52,10,68,0,130,38,0,38,168
07/25/2022,EUG,OR,ANM,WE,Combined TRACON& Tower with Radar,61,11,9,0,81,0,3,76,0,79,61,14,85,0,160,116,0,116,276
07/26/2022,EUG,OR,ANM,WE,Combined TRACON& Tower with Radar,45,7,15,8,75,0,3,67,10,80,45,10,82,18,155,96,20,116,271
07/27/2022,EUG,OR,ANM,WE,Combined TRACON& Tower with Radar,48,10,20,0,78,0,3,64,0,67,48,13,84,0,145,64,0,64,209
07/28/2022,EUG,OR,ANM,WE,Combined TRACON& Tower with Radar,54,4,25,11,94,0,4,88,1,93,54,8,113,12,187,192,0,192,379
07/29/2022,EUG,OR,ANM,WE,Combined TRACON& Tower with Radar,59,7,23,0,89,0,2,66,0,68,59,9,89,0,157,80,0,80,237
07/30/2022,EUG,OR,ANM,WE,Combined TRACON& Tower with Radar,42,3,11,1,57,0,0,43,0,43,42,3,54,1,100,38,0,38,138
07/31/2022,EUG,OR,ANM,WE,Combined TRACON& Tower with Radar,55,5,21,0,81,0,0,51,0,51,55,5,72,0,132,28,0,28,160
08/01/2022,EUG,OR,ANM,WE,Combined TRACON& Tower with Radar,53,10,10,2,75,1,3,46,2,52,54,13,56,4,127,58,0,58,185
08/02/2022,EUG,OR,ANM,WE,Combined TRACON& Tower with Radar,41,8,19,22,90,3,2,54,10,69,44,10,73,32,159,88,26,114,273
08/03/2022,EUG,OR,ANM,WE,Combined TRACON& Tower with Radar,45,13,13,19,90,0,2,66,3,71,45,15,79,22,161,122,20,142,303
08/04/2022,EUG,OR,ANM,WE,Combined TRACON& Tower with Radar,51,7,28,9,95,0,3,73,1,77,51,10,101,10,172,160,32,192,364
08/05/2022,EUG,OR,ANM,WE,Combined TRACON& Tower with Radar,56,5,20,18,99,0,2,73,14,89,56,7,93,32,188,60,32,92,280
08/06/2022,EUG,OR,ANM,WE,Combined TRACON& Tower with Radar,43,5,7,0,55,1,2,43,2,48,44,7,50,2,103,38,0,38,141
08/07/2022,EUG,OR,ANM,WE,Combined TRACON& Tower with Radar,55,8,8,0,71,0,3,50,2,55,55,11,58,2,126,66,0,66,192
08/08/2022,EUG,OR,ANM,WE,Combined TRACON& Tower with Radar,54,11,19,2,86,0,2,40,0,42,54,13,59,2,128,88,0,88,216
08/09/2022,EUG,OR,ANM,WE,Combined TRACON& Tower with Radar,43,11,17,7,78,0,3,31,1,35,43,14,48,8,113,76,0,76,189
08/10/2022,EUG,OR,ANM,WE,Combined TRACON& Tower with Radar,45,13,22,20,100,0,3,98,2,103,45,16,120,22,203,252,8,260,463
08/11/2022,EUG,OR,ANM,WE,Combined TRACON& Tower with Radar,53,6,18,12,89,0,5,76,2,83,53,11,94,14,172,118,31,149,321
08/12/2022,EUG,OR,ANM,WE,Combined TRACON& Tower with Radar,55,6,18,14,93,1,1,87,0,89,56,7,105,14,182,224,6,230,412
08/13/2022,EUG,OR,ANM,WE,Combined TRACON& Tower with Radar,43,5,24,8,80,0,0,54,4,58,43,5,78,12,138,92,0,92,230
08/14/2022,EUG,OR,ANM,WE,Combined TRACON& Tower with Radar,56,3,11,0,70,0,3,53,0,56,56,6,64,0,126,20,0,20,146
08/15/2022,EUG,OR,ANM,WE,Combined TRACON& Tower with Radar,54,12,15,4,85,1,2,86,3,92,55,14,101,7,177,172,0,172,349
08/16/2022,EUG,OR,ANM,WE,Combined TRACON& Tower with Radar,43,10,13,7,73,0,4,76,1,81,43,14,89,8,154,178,0,178,332
08/17/2022,EUG,OR,ANM,WE,Combined TRACON& Tower with Radar,48,9,17,8,82,0,8,64,1,73,48,17,81,9,155,182,0,182,337
08/18/2022,EUG,OR,ANM,WE,Combined TRACON& Tower with Radar,53,10,26,18,107,0,5,120,0,125,53,15,146,18,232,138,0,138,370
08/19/2022,EUG,OR,ANM,WE,Combined TRACON& Tower with Radar,51,7,23,1,82,0,2,33,1,36,51,9,56,2,118,54,0,54,172
08/20/2022,EUG,OR,ANM,WE,Combined TRACON& Tower with Radar,42,8,23,1,74,0,3,31,1,35,42,11,54,2,109,26,8,34,143
08/21/2022,EUG,OR,ANM,WE,Combined TRACON& Tower with Radar,58,2,13,1,74,1,1,38,1,41,59,3,51,2,115,62,0,62,177
08/22/2022,EUG,OR,ANM,WE,Combined TRACON& Tower with Radar,53,11,24,29,117,1,6,81,11,99,54,17,105,40,216,206,30,236,452
08/23/2022,EUG,OR,ANM,WE,Combined TRACON& Tower with Radar,46,8,25,17,96,0,3,104,5,112,46,11,129,22,208,172,82,254,462
08/24/2022,EUG,OR,ANM,WE,Combined TRACON& Tower with Radar,50,11,22,13,96,0,3,86,3,92,50,14,108,16,188,136,12,148,336
08/25/2022,EUG,OR,ANM,WE,Combined TRACON& Tower with Radar,55,8,20,15,98,0,2,101,2,105,55,10,121,17,203,162,20,182,385
08/26/2022,EUG,OR,ANM,WE,Combined TRACON& Tower with Radar,52,8,23,12,95,0,3,68,1,72,52,11,91,13,167,46,0,46,213
08/27/2022,EUG,OR,ANM,WE,Combined TRACON& Tower with Radar,43,4,16,0,63,0,2,62,0,64,43,6,78,0,127,59,0,59,186
08/28/2022,EUG,OR,ANM,WE,Combined TRACON& Tower with Radar,57,3,12,0,72,0,0,43,0,43,57,3,55,0,115,62,0,62,177
08/29/2022,EUG,OR,ANM,WE,Combined TRACON& Tower with Radar,53,13,33,1,100,0,3,69,0,72,53,16,102,1,172,172,0,172,344
08/30/2022,EUG,OR,ANM,WE,Combined TRACON& Tower with Radar,43,8,25,2,78,0,4,81,0,85,43,12,106,2,163,106,0,106,269
08/31/2022,EUG,OR,ANM,WE,Combined TRACON& Tower with Radar,49,9,28,3,89,0,5,74,1,80,49,14,102,4,169,74,4,78,247
09/01/2022,EUG,OR,ANM,WE,Combined TRACON& Tower with Radar,58,8,32,16,114,0,2,91,4,97,58,10,123,20,211,154,6,160,371
09/02/2022,EUG,OR,ANM,WE,Combined TRACON& Tower with Radar,50,6,15,1,72,1,4,83,3,91,51,10,98,4,163,80,0,80,243
09/03/2022,EUG,OR,ANM,WE,Combined TRACON& Tower with Radar,44,6,13,2,65,0,0,39,3,42,44,6,52,5,107,50,0,50,157
09/04/2022,EUG,OR,ANM,WE,Combined TRACON& Tower with Radar,54,2,2,0,58,0,0,59,0,59,54,2,61,0,117,70,0,70,187
09/05/2022,EUG,OR,ANM,WE,Combined TRACON& Tower with Radar,56,2,7,0,65,0,3,46,0,49,56,5,53,0,114,54,0,54,168
09/06/2022,EUG,OR,ANM,WE,Combined TRACON& Tower with Radar,47,14,18,2,81,0,2,103,0,105,47,16,121,2,186,98,0,98,284
09/07/2022,EUG,OR,ANM,WE,Combined TRACON& Tower with Radar,42,8,26,0,76,0,4,65,0,69,42,12,91,0,145,56,0,56,201
09/08/2022,EUG,OR,ANM,WE,Combined TRACON& Tower with Radar,50,10,13,0,73,0,3,52,2,57,50,13,65,2,130,128,0,128,258
09/09/2022,EUG,OR,ANM,WE,Combined TRACON& Tower with Radar,53,2,27,1,83,0,8,32,2,42,53,10,59,3,125,36,0,36,161
09/10/2022,EUG,OR,ANM,WE,Combined TRACON& Tower with Radar,43,1,17,0,61,0,2,16,2,20,43,3,33,2,81,0,0,0,81
09/11/2022,EUG,OR,ANM,WE,Combined TRACON& Tower with Radar,49,6,17,1,73,0,1,40,1,42,49,7,57,2,115,22,0,22,137
09/12/2022,EUG,OR,ANM,WE,Combined TRACON& Tower with Radar,50,17,15,28,110,0,2,27,2,31,50,19,42,30,141,78,20,98,239
09/13/2022,EUG,OR,ANM,WE,Combined TRACON& Tower with Radar,40,9,19,15,83,0,6,55,2,63,40,15,74,17,146,107,4,111,257
09/14/2022,EUG,OR,ANM,WE,Combined TRACON& Tower with Radar,40,12,34,25,111,0,2,61,2,65,40,14,95,27,176,132,44,176,352
09/15/2022,EUG,OR,ANM,WE,Combined TRACON& Tower with Radar,53,8,21,2,84,0,2,69,0,71,53,10,90,2,155,90,0,90,245
09/16/2022,EUG,OR,ANM,WE,Combined TRACON& Tower with Radar,51,6,33,5,95,0,3,81,1,85,51,9,114,6,180,102,12,114,294
09/17/2022,EUG,OR,ANM,WE,Combined TRACON& Tower with Radar,44,2,44,0,90,0,1,66,2,69,44,3,110,2,159,102,0,102,261
09/18/2022,EUG,OR,ANM,WE,Combined TRACON& Tower with Radar,50,2,20,2,74,2,0,39,1,42,52,2,59,3,116,14,0,14,130
09/19/2022,EUG,OR,ANM,WE,Combined TRACON& Tower with Radar,52,7,15,3,77,0,1,60,0,61,52,8,75,3,138,46,0,46,184
09/20/2022,EUG,OR,ANM,WE,Combined TRACON& Tower with Radar,40,5,27,10,82,2,6,44,2,54,42,11,71,12,136,14,34,48,184
09/21/2022,EUG,OR,ANM,WE,Combined TRACON& Tower with Radar,39,12,17,0,68,2,1,31,0,34,41,13,48,0,102,68,0,68,170
09/22/2022,EUG,OR,ANM,WE,Combined TRACON& Tower with Radar,53,13,47,27,140,1,4,39,1,45,54,17,86,28,185,46,16,62,247
09/23/2022,EUG,OR,ANM,WE,Combined TRACON& Tower with Radar,55,13,14,0,82,0,2,45,0,47,55,15,59,0,129,40,0,40,169
09/24/2022,EUG,OR,ANM,WE,Combined TRACON& Tower with Radar,46,5,21,0,72,0,3,64,0,67,46,8,85,0,139,76,6,82,221
09/25/2022,EUG,OR,ANM,WE,Combined TRACON& Tower with Radar,49,7,11,0,67,0,0,72,0,72,49,7,83,0,139,60,0,60,199
09/26/2022,EUG,OR,ANM,WE,Combined TRACON& Tower with Radar,51,11,15,0,77,0,2,46,0,48,51,13,61,0,125,72,0,72,197
09/27/2022,EUG,OR,ANM,WE,Combined TRACON& Tower with Radar,42,4,17,8,71,0,2,64,2,68,42,6,81,10,139,98,10,108,247
09/28/2022,EUG,OR,ANM,WE,Combined TRACON& Tower with Radar,39,4,31,4,78,0,2,9,0,11,39,6,40,4,89,10,0,10,99
09/29/2022,EUG,OR,ANM,WE,Combined TRACON& Tower with Radar,54,6,31,9,100,0,1,19,6,26,54,7,50,15,126,80,30,110,236
09/30/2022,EUG,OR,ANM,WE,Combined TRACON& Tower with Radar,57,5,29,2,93,1,4,42,0,47,58,9,71,2,140,12,0,12,152
10/01/2022,EUG,OR,ANM,WE,Combined TRACON& Tower with Radar,45,1,17,0,63,0,1,78,0,79,45,2,95,0,142,82,0,82,224
10/02/2022,EUG,OR,ANM,WE,Combined TRACON& Tower with Radar,49,2,20,0,71,0,0,79,0,79,49,2,99,0,150,38,0,38,188
10/03/2022,EUG,OR,ANM,WE,Combined TRACON& Tower with Radar,48,5,24,10,87,0,2,38,0,40,48,7,62,10,127,102,0,102,229
10/04/2022,EUG,OR,ANM,WE,Combined TRACON& Tower with Radar,40,10,19,17,86,0,2,44,1,47,40,12,63,18,133,30,10,40,173
10/05/2022,EUG,OR,ANM,WE,Combined TRACON& Tower with Radar,38,10,38,2,88,0,2,28,0,30,38,12,66,2,118,68,0,68,186
10/06/2022,EUG,OR,ANM,WE,Combined TRACON& Tower with Radar,52,9,26,2,89,1,1,38,0,40,53,10,64,2,129,24,0,24,153
10/07/2022,EUG,OR,ANM,WE,Combined TRACON& Tower with Radar,52,9,32,5,98,1,1,27,0,29,53,10,59,5,127,28,0,28,155
10/08/2022,EUG,OR,ANM,WE,Combined TRACON& Tower with Radar,39,4,12,0,55,0,0,33,0,33,39,4,45,0,88,76,0,76,164
10/09/2022,EUG,OR,ANM,WE,Combined TRACON& Tower with Radar,53,5,12,0,70,0,1,34,0,35,53,6,46,0,105,20,0,20,125
10/10/2022,EUG,OR,ANM,WE,Combined TRACON& Tower with Radar,46,10,18,2,76,0,1,14,0,15,46,11,32,2,91,20,2,22,113
10/11/2022,EUG,OR,ANM,WE,Combined TRACON& Tower with Radar,38,7,23,30,98,0,2,49,2,53,38,9,72,32,151,56,18,74,225
10/12/2022,EUG,OR,ANM,WE,Combined TRACON& Tower with Radar,39,9,28,0,76,0,2,90,0,92,39,11,118,0,168,62,0,62,230
10/13/2022,EUG,OR,ANM,WE,Combined TRACON& Tower with Radar,50,15,30,0,95,3,2,70,0,75,53,17,100,0,170,82,0,82,252
10/14/2022,EUG,OR,ANM,WE,Combined TRACON& Tower with Radar,49,16,26,7,98,2,0,51,1,54,51,16,77,8,152,41,32,73,225
10/15/2022,EUG,OR,ANM,WE,Combined TRACON& Tower with Radar,38,6,11,0,55,1,0,39,0,40,39,6,50,0,95,38,0,38,133
10/16/2022,EUG,OR,ANM,WE,Combined TRACON& Tower with Radar,51,14,7,0,72,1,0,55,0,56,52,14,62,0,128,54,0,54,182
10/17/2022,EUG,OR,ANM,WE,Combined TRACON& Tower with Radar,48,6,23,0,77,1,1,37,0,39,49,7,60,0,116,60,0,60,176
10/18/2022,EUG,OR,ANM,WE,Combined TRACON& Tower with Radar,36,21,10,6,73,0,2,30,2,34,36,23,40,8,107,20,6,26,133
10/19/2022,EUG,OR,ANM,WE,Combined TRACON& Tower with Radar,38,11,20,2,71,0,1,28,0,29,38,12,48,2,100,42,0,42,142
10/20/2022,EUG,OR,ANM,WE,Combined TRACON& Tower with Radar,54,13,28,8,103,0,0,21,0,21,54,13,49,8,124,10,14,24,148
10/21/2022,EUG,OR,ANM,WE,Combined TRACON& Tower with Radar,50,17,42,9,118,1,0,10,0,11,51,17,52,9,129,4,0,4,133
10/22/2022,EUG,OR,ANM,WE,Combined TRACON& Tower with Radar,43,20,43,0,106,0,0,9,0,9,43,20,52,0,115,0,0,0,115
10/23/2022,EUG,OR,ANM,WE,Combined TRACON& Tower with Radar,57,16,26,0,99,0,0,72,0,72,57,16,98,0,171,54,0,54,225
10/24/2022,EUG,OR,ANM,WE,Combined TRACON& Tower with Radar,47,13,15,3,78,0,1,8,3,12,47,14,23,6,90,8,10,18,108
10/25/2022,EUG,OR,ANM,WE,Combined TRACON& Tower with Radar,35,8,21,8,72,0,0,20,5,25,35,8,41,13,97,60,36,96,193
10/26/2022,EUG,OR,ANM,WE,Combined TRACON& Tower with Radar,38,6,11,0,55,0,2,42,0,44,38,8,53,0,99,32,0,32,131
10/27/2022,EUG,OR,ANM,WE,Combined TRACON& Tower with Radar,53,5,19,0,77,0,3,80,0,83,53,8,99,0,160,112,0,112,272
10/28/2022,EUG,OR,ANM,WE,Combined TRACON& Tower with Radar,50,7,20,0,77,1,1,14,0,16,51,8,34,0,93,66,0,66,159
10/29/2022,EUG,OR,ANM,WE,Combined TRACON& Tower with Radar,40,0,12,0,52,0,0,29,0,29,40,0,41,0,81,72,0,72,153
10/30/2022,EUG,OR,ANM,WE,Combined TRACON& Tower with Radar,53,3,14,0,70,0,0,21,0,21,53,3,35,0,91,20,0,20,111
10/31/2022,EUG,OR,ANM,WE,Combined TRACON& Tower with Radar,48,9,21,0,78,0,0,10,0,10,48,9,31,0,88,18,0,18,106
11/01/2022,EUG,OR,ANM,WE,Combined TRACON& Tower with Radar,36,12,10,0,58,2,0,13,0,15,38,12,23,0,73,34,0,34,107
11/02/2022,EUG,OR,ANM,WE,Combined TRACON& Tower with Radar,39,11,10,6,66,1,0,7,0,8,40,11,17,6,74,10,0,10,84
11/03/2022,EUG,OR,ANM,WE,Combined TRACON& Tower with Radar,54,8,17,0,79,0,2,39,0,41,54,10,56,0,120,98,0,98,218
11/04/2022,EUG,OR,ANM,WE,Combined TRACON& Tower with Radar,48,11,10,0,69,0,0,0,0,0,48,11,10,0,69,14,18,32,101
11/05/2022,EUG,OR,ANM,WE,Combined TRACON& Tower with Radar,43,8,10,2,63,0,0,12,0,12,43,8,22,2,75,24,0,24,99
11/06/2022,EUG,OR,ANM,WE,Combined TRACON& Tower with Radar,55,5,5,0,65,0,0,0,0,0,55,5,5,0,65,0,0,0,65
11/07/2022,EUG,OR,ANM,WE,Combined TRACON& Tower with Radar,49,21,12,0,82,0,0,3,0,3,49,21,15,0,85,10,0,10,95
11/08/2022,EUG,OR,ANM,WE,Combined TRACON& Tower with Radar,36,8,17,0,61,2,1,5,0,8,38,9,22,0,69,4,0,4,73
11/09/2022,EUG,OR,ANM,WE,Combined TRACON& Tower with Radar,39,5,26,0,70,0,2,67,0,69,39,7,93,0,139,50,0,50,189
11/10/2022,EUG,OR,ANM,WE,Combined TRACON& Tower with Radar,50,12,24,3,89,0,2,68,0,70,50,14,92,3,159,72,0,72,231
11/11/2022,EUG,OR,ANM,WE,Combined TRACON& Tower with Radar,48,16,16,0,80,0,0,15,0,15,48,16,31,0,95,8,0,8,103
11/12/2022,EUG,OR,ANM,WE,Combined TRACON& Tower with Radar,46,7,32,0,85,0,0,17,0,17,46,7,49,0,102,24,0,24,126
11/13/2022,EUG,OR,ANM,WE,Combined TRACON& Tower with Radar,49,13,20,0,82,0,0,0,0,0,49,13,20,0,82,0,0,0,82
11/14/2022,EUG,OR,ANM,WE,Combined TRACON& Tower with Radar,49,4,17,0,70,0,1,41,0,42,49,5,58,0,112,46,0,46,158
11/15/2022,EUG,OR,ANM,WE,Combined TRACON& Tower with Radar,40,8,27,4,79,1,2,59,0,62,41,10,86,4,141,54,0,54,195
11/16/2022,EUG,OR,ANM,WE,Combined TRACON& Tower with Radar,42,5,12,0,59,0,2,59,0,61,42,7,71,0,120,28,0,28,148
11/17/2022,EUG,OR,ANM,WE,Combined TRACON& Tower with Radar,49,11,25,0,85,0,2,51,0,53,49,13,76,0,138,70,0,70,208
11/18/2022,EUG,OR,ANM,WE,Combined TRACON& Tower with Radar,53,8,20,0,81,0,2,75,0,77,53,10,95,0,158,28,0,28,186
11/19/2022,EUG,OR,ANM,WE,Combined TRACON& Tower with Radar,57,3,16,0,76,0,0,65,0,65,57,3,81,0,141,28,0,28,169
11/20/2022,EUG,OR,ANM,WE,Combined TRACON& Tower with Radar,51,10,17,0,78,4,1,40,0,45,55,11,57,0,123,22,0,22,145
11/21/2022,EUG,OR,ANM,WE,Combined TRACON& Tower with Radar,49,10,8,0,67,0,2,71,0,73,49,12,79,0,140,42,0,42,182
11/22/2022,EUG,OR,ANM,WE,Combined TRACON& Tower with Radar,49,11,12,0,72,0,0,3,0,3,49,11,15,0,75,0,0,0,75
11/23/2022,EUG,OR,ANM,WE,Combined TRACON& Tower with Radar,56,9,13,0,78,0,0,0,2,2,56,9,13,2,80,0,4,4,84
11/24/2022,EUG,OR,ANM,WE,Combined TRACON& Tower with Radar,32,1,2,0,35,0,0,0,0,0,32,1,2,0,35,0,0,0,35
11/25/2022,EUG,OR,ANM,WE,Combined TRACON& Tower with Radar,40,10,11,0,61,0,0,9,0,9,40,10,20,0,70,0,0,0,70
11/26/2022,EUG,OR,ANM,WE,Combined TRACON& Tower with Radar,55,4,13,0,72,0,0,9,0,9,55,4,22,0,81,2,0,2,83
11/27/2022,EUG,OR,ANM,WE,Combined TRACON& Tower with Radar,48,1,14,0,63,1,0,1,0,2,49,1,15,0,65,0,0,0,65
11/28/2022,EUG,OR,ANM,WE,Combined TRACON& Tower with Radar,53,11,17,0,81,0,0,6,0,6,53,11,23,0,87,0,0,0,87
11/29/2022,EUG,OR,ANM,WE,Combined TRACON& Tower with Radar,40,7,18,0,65,1,0,2,0,3,41,7,20,0,68,42,0,42,110
11/30/2022,EUG,OR,ANM,WE,Combined TRACON& Tower with Radar,43,9,16,0,68,0,0,0,0,0,43,9,16,0,68,0,0,0,68
12/01/2022,EUG,OR,ANM,WE,Combined TRACON& Tower with Radar,43,18,10,4,75,0,0,5,0,5,43,18,15,4,80,15,0,15,95
12/02/2022,EUG,OR,ANM,WE,Combined TRACON& Tower with Radar,43,6,27,0,76,0,2,42,0,44,43,8,69,0,120,26,0,26,146
12/03/2022,EUG,OR,ANM,WE,Combined TRACON& Tower with Radar,41,5,16,0,62,0,0,25,0,25,41,5,41,0,87,0,0,0,87
12/04/2022,EUG,OR,ANM,WE,Combined TRACON& Tower with Radar,44,4,6,0,54,0,1,2,0,3,44,5,8,0,57,0,0,0,57
12/05/2022,EUG,OR,ANM,WE,Combined TRACON& Tower with Radar,41,8,13,0,62,0,0,0,0,0,41,8,13,0,62,0,0,0,62
12/06/2022,EUG,OR,ANM,WE,Combined TRACON& Tower with Radar,40,11,6,0,57,0,0,0,0,0,40,11,6,0,57,0,0,0,57
12/07/2022,EUG,OR,ANM,WE,Combined TRACON& Tower with Radar,39,16,31,2,88,0,0,6,0,6,39,16,37,2,94,4,0,4,98
12/08/2022,EUG,OR,ANM,WE,Combined TRACON& Tower with Radar,43,8,19,0,70,0,0,0,0,0,43,8,19,0,70,0,0,0,70
12/09/2022,EUG,OR,ANM,WE,Combined TRACON& Tower with Radar,40,9,18,0,67,0,0,0,0,0,40,9,18,0,67,0,0,0,67
12/10/2022,EUG,OR,ANM,WE,Combined TRACON& Tower with Radar,49,3,14,0,66,0,0,4,0,4,49,3,18,0,70,0,0,0,70
12/11/2022,EUG,OR,ANM,WE,Combined TRACON& Tower with Radar,48,4,9,0,61,0,1,9,0,10,48,5,18,0,71,12,0,12,83
12/12/2022,EUG,OR,ANM,WE,Combined TRACON& Tower with Radar,41,9,20,0,70,0,0,13,0,13,41,9,33,0,83,30,0,30,113
12/13/2022,EUG,OR,ANM,WE,Combined TRACON& Tower with Radar,36,8,21,0,65,0,0,19,0,19,36,8,40,0,84,32,0,32,116
12/14/2022,EUG,OR,ANM,WE,Combined TRACON& Tower with Radar,42,14,17,2,75,0,2,17,0,19,42,16,34,2,94,22,0,22,116
12/15/2022,EUG,OR,ANM,WE,Combined TRACON& Tower with Radar,38,14,17,0,69,0,2,25,0,27,38,16,42,0,96,0,0,0,96
12/16/2022,EUG,OR,ANM,WE,Combined TRACON& Tower with Radar,47,8,16,0,71,0,1,85,0,86,47,9,101,0,157,46,0,46,203
12/17/2022,EUG,OR,ANM,WE,Combined TRACON& Tower with Radar,50,5,18,0,73,0,2,43,0,45,50,7,61,0,118,0,0,0,118
12/18/2022,EUG,OR,ANM,WE,Combined TRACON& Tower with Radar,37,4,10,8,59,0,0,2,0,2,37,4,12,8,61,0,0,0,61
12/19/2022,EUG,OR,ANM,WE,Combined TRACON& Tower with Radar,45,7,17,0,69,0,1,11,0,12,45,8,28,0,81,0,0,0,81
12/20/2022,EUG,OR,ANM,WE,Combined TRACON& Tower with Radar,35,10,13,5,63,0,0,0,0,0,35,10,13,5,63,0,0,0,63
12/21/2022,EUG,OR,ANM,WE,Combined TRACON& Tower with Radar,40,6,13,0,59,0,1,18,0,19,40,7,31,0,78,0,0,0,78
12/22/2022,EUG,OR,ANM,WE,Combined TRACON& Tower with Radar,18,2,13,0,33,0,0,0,0,0,18,2,13,0,33,0,0,0,33
12/23/2022,EUG,OR,ANM,WE,Combined TRACON& Tower with Radar,29,8,7,0,44,0,0,2,0,2,29,8,9,0,46,0,0,0,46
12/24/2022,EUG,OR,ANM,WE,Combined TRACON& Tower with Radar,36,7,5,0,48,0,0,1,0,1,36,7,6,0,49,0,0,0,49
12/25/2022,EUG,OR,ANM,WE,Combined TRACON& Tower with Radar,30,3,7,0,40,0,0,6,0,6,30,3,13,0,46,0,0,0,46
12/26/2022,EUG,OR,ANM,WE,Combined TRACON& Tower with Radar,42,5,22,0,69,0,0,10,0,10,42,5,32,0,79,0,0,0,79
12/27/2022,EUG,OR,ANM,WE,Combined TRACON& Tower with Radar,29,3,7,0,39,0,0,0,0,0,29,3,7,0,39,0,0,0,39
12/28/2022,EUG,OR,ANM,WE,Combined TRACON& Tower with Radar,35,6,17,2,60,0,1,3,0,4,35,7,20,2,64,0,0,0,64
12/29/2022,EUG,OR,ANM,WE,Combined TRACON& Tower with Radar,37,9,7,0,53,0,0,4,0,4,37,9,11,0,57,0,0,0,57
12/30/2022,EUG,OR,ANM,WE,Combined TRACON& Tower with Radar,46,5,9,0,60,0,0,1,0,1,46,5,10,0,61,0,0,0,61
12/31/2022,EUG,OR,ANM,WE,Combined TRACON& Tower with Radar,38,4,9,0,51,0,0,9,0,9,38,4,18,0,60,0,0,0,60
01/01/2023,EUG,OR,ANM,WE,Combined TRACON& Tower with Radar,38,5,11,0,54,0,1,9,0,10,38,6,20,0,64,19,0,19,83
01/02/2023,EUG,OR,ANM,WE,Combined TRACON& Tower with Radar,43,0,5,0,48,1,0,8,0,9,44,0,13,0,57,20,0,20,77
01/03/2023,EUG,OR,ANM,WE,Combined TRACON& Tower with Radar,38,6,12,0,56,1,0,34,0,35,39,6,46,0,91,26,0,26,117
01/04/2023,EUG,OR,ANM,WE,Combined TRACON& Tower with Radar,37,10,19,0,66,0,0,1,0,1,37,10,20,0,67,10,0,10,77
01/05/2023,EUG,OR,ANM,WE,Combined TRACON& Tower with Radar,36,6,6,6,54,0,1,5,0,6,36,7,11,6,60,7,0,7,67
01/06/2023,EUG,OR,ANM,WE,Combined TRACON& Tower with Radar,40,5,15,0,60,0,1,29,0,30,40,6,44,0,90,26,0,26,116
01/07/2023,EUG,OR,ANM,WE,Combined TRACON& Tower with Radar,36,4,10,0,50,0,1,21,0,22,36,5,31,0,72,16,0,16,88
01/08/2023,EUG,OR,ANM,WE,Combined TRACON& Tower with Radar,38,9,19,2,68,0,1,9,0,10,38,10,28,2,78,15,0,15,93
01/09/2023,EUG,OR,ANM,WE,Combined TRACON& Tower with Radar,50,8,4,0,62,0,2,1,0,3,50,10,5,0,65,18,0,18,83
01/10/2023,EUG,OR,ANM,WE,Combined TRACON& Tower with Radar,29,9,8,0,46,1,2,39,0,42,30,11,47,0,88,56,0,56,144
01/11/2023,EUG,OR,ANM,WE,Combined TRACON& Tower with Radar,38,8,19,3,68,0,0,16,0,16,38,8,35,3,84,44,0,44,128
01/12/2023,EUG,OR,ANM,WE,Combined TRACON& Tower with Radar,37,13,12,16,78,0,2,24,0,26,37,15,36,16,104,38,0,38,142
01/13/2023,EUG,OR,ANM,WE,Combined TRACON& Tower with Radar,41,11,11,9,72,0,2,14,1,17,41,13,25,10,89,58,8,66,155
01/14/2023,EUG,OR,ANM,WE,Combined TRACON& Tower with Radar,32,3,11,0,46,0,0,25,0,25,32,3,36,0,71,38,0,38,109
01/15/2023,EUG,OR,ANM,WE,Combined TRACON& Tower with Radar,32,4,8,0,44,0,0,2,0,2,32,4,10,0,46,4,0,4,50
01/16/2023,EUG,OR,ANM,WE,Combined TRACON& Tower with Radar,41,10,21,0,72,4,2,33,0,39,45,12,54,0,111,54,0,54,165
01/17/2023,EUG,OR,ANM,WE,Combined TRACON& Tower with Radar,32,6,17,0,55,0,0,11,0,11,32,6,28,0,66,8,0,8,74
01/18/2023,EUG,OR,ANM,WE,Combined TRACON& Tower with Radar,35,10,15,1,61,0,0,2,0,2,35,10,17,1,63,16,0,16,79
01/19/2023,EUG,OR,ANM,WE,Combined TRACON& Tower with Radar,36,7,14,2,59,0,0,12,0,12,36,7,26,2,71,10,0,10,81
01/20/2023,EUG,OR,ANM,WE,Combined TRACON& Tower with Radar,43,10,24,0,77,0,0,0,0,0,43,10,24,0,77,0,0,0,77
01/21/2023,EUG,OR,ANM,WE,Combined TRACON& Tower with Radar,30,0,10,0,40,0,0,11,0,11,30,0,21,0,51,18,0,18,69
01/22/2023,EUG,OR,ANM,WE,Combined TRACON& Tower with Radar,33,10,9,0,52,0,1,50,0,51,33,11,59,0,103,72,0,72,175
01/23/2023,EUG,OR,ANM,WE,Combined TRACON& Tower with Radar,46,13,13,0,72,0,1,7,0,8,46,14,20,0,80,18,0,18,98
01/24/2023,EUG,OR,ANM,WE,Combined TRACON& Tower with Radar,31,16,10,0,57,0,0,0,0,0,31,16,10,0,57,0,0,0,57
01/25/2023,EUG,OR,ANM,WE,Combined TRACON& Tower with Radar,35,7,33,0,75,0,0,0,0,0,35,7,33,0,75,0,0,0,75
01/26/2023,EUG,OR,ANM,WE,Combined TRACON& Tower with Radar,37,11,19,0,67,0,0,0,0,0,37,11,19,0,67,0,0,0,67
01/27/2023,EUG,OR,ANM,WE,Combined TRACON& Tower with Radar,39,8,21,0,68,0,1,2,1,4,39,9,23,1,72,0,0,0,72
01/28/2023,EUG,OR,ANM,WE,Combined TRACON& Tower with Radar,31,4,14,0,49,0,0,12,7,19,31,4,26,7,68,34,0,34,102
01/29/2023,EUG,OR,ANM,WE,Combined TRACON& Tower with Radar,35,5,12,0,52,0,0,45,0,45,35,5,57,0,97,40,0,40,137
01/30/2023,EUG,OR,ANM,WE,Combined TRACON& Tower with Radar,37,4,19,0,60,2,3,93,0,98,39,7,112,0,158,70,0,70,228
01/31/2023,EUG,OR,ANM,WE,Combined TRACON& Tower with Radar,32,10,13,3,58,0,2,80,0,82,32,12,93,3,140,75,0,75,215
02/01/2023,EUG,OR,ANM,WE,Combined TRACON& Tower with Radar,34,7,16,0,57,0,2,87,0,89,34,9,103,0,146,94,0,94,240
02/02/2023,EUG,OR,ANM,WE,Combined TRACON& Tower with Radar,36,10,14,0,60,0,2,60,0,62,36,12,74,0,122,42,0,42,164
02/03/2023,EUG,OR,ANM,WE,Combined TRACON& Tower with Radar,43,5,7,1,56,0,1,1,1,3,43,6,8,2,59,0,0,0,59
02/04/2023,EUG,OR,ANM,WE,Combined TRACON& Tower with Radar,32,4,12,0,48,0,0,43,0,43,32,4,55,0,91,15,0,15,106
02/05/2023,EUG,OR,ANM,WE,Combined TRACON& Tower with Radar,36,6,11,0,53,0,0,4,0,4,36,6,15,0,57,4,0,4,61
02/06/2023,EUG,OR,ANM,WE,Combined TRACON& Tower with Radar,41,8,6,0,55,0,0,19,0,19,41,8,25,0,74,98,0,98,172
02/07/2023,EUG,OR,ANM,WE,Combined TRACON& Tower with Radar,36,8,13,0,57,0,0,3,0,3,36,8,16,0,60,0,0,0,60
02/08/2023,EUG,OR,ANM,WE,Combined TRACON& Tower with Radar,39,5,27,0,71,0,2,43,0,45,39,7,70,0,116,36,0,36,152
02/09/2023,EUG,OR,ANM,WE,Combined TRACON& Tower with Radar,37,9,27,0,73,0,2,78,0,80,37,11,105,0,153,86,0,86,239
02/10/2023,EUG,OR,ANM,WE,Combined TRACON& Tower with Radar,40,7,17,0,64,0,1,10,0,11,40,8,27,0,75,58,0,58,133
02/11/2023,EUG,OR,ANM,WE,Combined TRACON& Tower with Radar,36,5,17,0,58,0,0,16,0,16,36,5,33,0,74,32,0,32,106
02/12/2023,EUG,OR,ANM,WE,Combined TRACON& Tower with Radar,35,3,7,1,46,0,0,34,0,34,35,3,41,1,80,32,0,32,112
02/13/2023,EUG,OR,ANM,WE,Combined TRACON& Tower with Radar,44,8,7,0,59,0,0,4,0,4,44,8,11,0,63,0,0,0,63
02/14/2023,EUG,OR,ANM,WE,Combined TRACON& Tower with Radar,35,9,7,0,51,0,1,11,0,12,35,10,18,0,63,22,0,22,85
02/15/2023,EUG,OR,ANM,WE,Combined TRACON& Tower with Radar,41,6,16,0,63,0,2,37,0,39,41,8,53,0,102,32,0,32,134
02/16/2023,EUG,OR,ANM,WE,Combined TRACON& Tower with Radar,42,10,12,0,64,0,2,41,0,43,42,12,53,0,107,36,0,36,143
02/17/2023,EUG,OR,ANM,WE,Combined TRACON& Tower with Radar,43,7,27,0,77,0,2,106,0,108,43,9,133,0,185,56,0,56,241
02/18/2023,EUG,OR,ANM,WE,Combined TRACON& Tower with Radar,36,1,9,0,46,0,0,31,0,31,36,1,40,0,77,60,0,60,137
02/19/2023,EUG,OR,ANM,WE,Combined TRACON& Tower with Radar,42,8,11,0,61,0,0,51,0,51,42,8,62,0,112,30,0,30,142
02/20/2023,EUG,OR,ANM,WE,Combined TRACON& Tower with Radar,42,8,20,0,70,0,0,26,0,26,42,8,46,0,96,22,0,22,118
02/21/2023,EUG,OR,ANM,WE,Combined TRACON& Tower with Radar,39,7,7,2,55,0,0,0,0,0,39,7,7,2,55,0,0,0,55
02/22/2023,EUG,OR,ANM,WE,Combined TRACON& Tower with Radar,43,7,6,0,56,0,0,0,0,0,43,7,6,0,56,0,0,0,56
02/23/2023,EUG,OR,ANM,WE,Combined TRACON& Tower with Radar,42,12,6,0,60,0,0,1,0,1,42,12,7,0,61,6,0,6,67
02/24/2023,EUG,OR,ANM,WE,Combined TRACON& Tower with Radar,45,4,14,0,63,0,0,54,0,54,45,4,68,0,117,32,0,32,149
02/25/2023,EUG,OR,ANM,WE,Combined TRACON& Tower with Radar,40,2,10,0,52,0,0,61,0,61,40,2,71,0,113,64,0,64,177
02/26/2023,EUG,OR,ANM,WE,Combined TRACON& Tower with Radar,42,3,7,0,52,0,1,2,0,3,42,4,9,0,55,2,0,2,57
02/27/2023,EUG,OR,ANM,WE,Combined TRACON& Tower with Radar,43,8,6,0,57,0,1,1,0,2,43,9,7,0,59,6,0,6,65
02/28/2023,EUG,OR,ANM,WE,Combined TRACON& Tower with Radar,38,9,7,6,60,0,0,0,0,0,38,9,7,6,60,0,0,0,60
03/01/2023,EUG,OR,ANM,WE,Combined TRACON& Tower with Radar,40,16,24,0,80,0,3,39,0,42,40,19,63,0,122,96,0,96,218
03/02/2023,EUG,OR,ANM,WE,Combined TRACON& Tower with Radar,43,5,9,2,59,0,1,7,0,8,43,6,16,2,67,10,0,10,77
03/03/2023,EUG,OR,ANM,WE,Combined TRACON& Tower with Radar,42,7,12,2,63,0,0,3,8,11,42,7,15,10,74,2,0,2,76
03/04/2023,EUG,OR,ANM,WE,Combined TRACON& Tower with Radar,36,5,6,4,51,0,0,4,0,4,36,5,10,4,55,4,4,8,63
03/05/2023,EUG,OR,ANM,WE,Combined TRACON& Tower with Radar,42,0,10,0,52,0,0,2,0,2,42,0,12,0,54,0,0,0,54
03/06/2023,EUG,OR,ANM,WE,Combined TRACON& Tower with Radar,41,8,9,0,58,2,1,27,0,30,43,9,36,0,88,34,0,34,122
03/07/2023,EUG,OR,ANM,WE,Combined TRACON& Tower with Radar,36,7,14,0,57,0,1,7,0,8,36,8,21,0,65,58,0,58,123
03/08/2023,EUG,OR,ANM,WE,Combined TRACON& Tower with Radar,41,8,12,0,61,0,0,7,0,7,41,8,19,0,68,50,0,50,118
03/09/2023,EUG,OR,ANM,WE,Combined TRACON& Tower with Radar,43,7,17,0,67,0,1,3,0,4,43,8,20,0,71,0,0,0,71
03/10/2023,EUG,OR,ANM,WE,Combined TRACON& Tower with Radar,40,4,13,0,57,1,1,4,0,6,41,5,17,0,63,28,0,28,91
03/11/2023,EUG,OR,ANM,WE,Combined TRACON& Tower with Radar,40,4,21,2,67,0,2,72,0,74,40,6,93,2,141,64,0,64,205
03/12/2023,EUG,OR,ANM,WE,Combined TRACON& Tower with Radar,39,3,3,2,47,0,0,1,0,1,39,3,4,2,48,8,0,8,56
03/13/2023,EUG,OR,ANM,WE,Combined TRACON& Tower with Radar,43,8,13,0,64,0,0,0,0,0,43,8,13,0,64,0,0,0,64
03/14/2023,EUG,OR,ANM,WE,Combined TRACON& Tower with Radar,36,6,14,2,58,0,1,16,0,17,36,7,30,2,75,26,0,26,101
03/15/2023,EUG,OR,ANM,WE,Combined TRACON& Tower with Radar,39,9,14,2,64,0,2,47,0,49,39,11,61,2,113,74,0,74,187
03/16/2023,EUG,OR,ANM,WE,Combined TRACON& Tower with Radar,46,10,8,0,64,0,2,106,0,108,46,12,114,0,172,142,0,142,314
03/17/2023,EUG,OR,ANM,WE,Combined TRACON& Tower with Radar,43,6,23,2,74,0,4,78,0,82,43,10,101,2,156,52,0,52,208
03/18/2023,EUG,OR,ANM,WE,Combined TRACON& Tower with Radar,39,3,11,0,53,0,1,79,0,80,39,4,90,0,133,68,0,68,201
03/19/2023,EUG,OR,ANM,WE,Combined TRACON& Tower with Radar,41,5,4,0,50,0,0,7,0,7,41,5,11,0,57,32,0,32,89
03/20/2023,EUG,OR,ANM,WE,Combined TRACON& Tower with Radar,47,7,8,0,62,0,0,8,0,8,47,7,16,0,70,56,0,56,126
03/21/2023,EUG,OR,ANM,WE,Combined TRACON& Tower with Radar,33,4,18,0,55,0,3,47,0,50,33,7,65,0,105,22,0,22,127
03/22/2023,EUG,OR,ANM,WE,Combined TRACON& Tower with Radar,39,6,19,2,66,0,3,50,0,53,39,9,69,2,119,64,0,64,183
03/23/2023,EUG,OR,ANM,WE,Combined TRACON& Tower with Radar,45,10,8,0,63,0,0,6,0,6,45,10,14,0,69,4,0,4,73
03/24/2023,EUG,OR,ANM,WE,Combined TRACON& Tower with Radar,43,5,28,2,78,0,2,14,0,16,43,7,42,2,94,0,0,0,94
03/25/2023,EUG,OR,ANM,WE,Combined TRACON& Tower with Radar,38,7,16,0,61,0,0,5,0,5,38,7,21,0,66,48,0,48,114
03/26/2023,EUG,OR,ANM,WE,Combined TRACON& Tower with Radar,44,3,14,0,61,0,0,10,0,10,44,3,24,0,71,14,0,14,85
03/27/2023,EUG,OR,ANM,WE,Combined TRACON& Tower with Radar,43,6,15,0,64,0,2,5,0,7,43,8,20,0,71,16,0,16,87
03/28/2023,EUG,OR,ANM,WE,Combined TRACON& Tower with Radar,34,8,12,0,54,0,3,6,0,9,34,11,18,0,63,10,0,10,73
03/29/2023,EUG,OR,ANM,WE,Combined TRACON& Tower with Radar,39,9,17,0,65,0,8,59,0,67,39,17,76,0,132,54,0,54,186
03/30/2023,EUG,OR,ANM,WE,Combined TRACON& Tower with Radar,46,6,24,0,76,0,2,27,0,29,46,8,51,0,105,16,0,16,121
03/31/2023,EUG,OR,ANM,WE,Combined TRACON& Tower with Radar,44,4,12,12,72,0,0,4,0,4,44,4,16,12,76,0,0,0,76
04/01/2023,EUG,OR,ANM,WE,Combined TRACON& Tower with Radar,35,0,9,0,44,0,0,3,0,3,35,0,12,0,47,0,0,0,47
04/02/2023,EUG,OR,ANM,WE,Combined TRACON& Tower with Radar,43,5,13,0,61,0,0,1,0,1,43,5,14,0,62,0,0,0,62
04/03/2023,EUG,OR,ANM,WE,Combined TRACON& Tower with Radar,44,8,15,3,70,1,1,6,0,8,45,9,21,3,78,22,0,22,100
04/04/2023,EUG,OR,ANM,WE,Combined TRACON& Tower with Radar,35,11,19,0,65,0,2,18,0,20,35,13,37,0,85,74,0,74,159
04/05/2023,EUG,OR,ANM,WE,Combined TRACON& Tower with Radar,39,9,20,0,68,1,1,34,1,37,40,10,54,1,105,68,0,68,173
04/06/2023,EUG,OR,ANM,WE,Combined TRACON& Tower with Radar,47,6,13,2,68,1,2,13,0,16,48,8,26,2,84,46,0,46,130
04/07/2023,EUG,OR,ANM,WE,Combined TRACON& Tower with Radar,45,6,19,0,70,0,1,10,3,14,45,7,29,3,84,26,0,26,110
04/08/2023,EUG,OR,ANM,WE,Combined TRACON& Tower with Radar,39,4,10,0,53,0,1,45,0,46,39,5,55,0,99,56,0,56,155
04/09/2023,EUG,OR,ANM,WE,Combined TRACON& Tower with Radar,48,3,3,0,54,0,0,1,0,1,48,3,4,0,55,36,0,36,91
04/10/2023,EUG,OR,ANM,WE,Combined TRACON& Tower with Radar,45,7,18,0,70,0,0,0,0,0,45,7,18,0,70,0,0,0,70
04/11/2023,EUG,OR,ANM,WE,Combined TRACON& Tower with Radar,38,5,12,2,57,0,1,14,0,15,38,6,26,2,72,78,0,78,150
04/12/2023,EUG,OR,ANM,WE,Combined TRACON& Tower with Radar,43,6,17,0,66,0,4,19,0,23,43,10,36,0,89,4,0,4,93
04/13/2023,EUG,OR,ANM,WE,Combined TRACON& Tower with Radar,49,8,24,1,82,0,4,61,0,65,49,12,85,1,147,56,0,56,203
04/14/2023,EUG,OR,ANM,WE,Combined TRACON& Tower with Radar,48,2,18,0,68,0,6,126,0,132,48,8,144,0,200,126,0,126,326
04/15/2023,EUG,OR,ANM,WE,Combined TRACON& Tower with Radar,40,2,19,0,61,0,2,40,0,42,40,4,59,0,103,26,0,26,129
04/16/2023,EUG,OR,ANM,WE,Combined TRACON& Tower with Radar,48,1,13,0,62,0,0,4,0,4,48,1,17,0,66,0,0,0,66
04/17/2023,EUG,OR,ANM,WE,Combined TRACON& Tower with Radar,45,11,16,0,72,0,3,1,0,4,45,14,17,0,76,0,0,0,76
04/18/2023,EUG,OR,ANM,WE,Combined TRACON& Tower with Radar,39,9,15,4,67,0,0,7,0,7,39,9,22,4,74,22,0,22,96
04/19/2023,EUG,OR,ANM,WE,Combined TRACON& Tower with Radar,46,8,21,2,77,0,2,8,0,10,46,10,29,2,87,0,0,0,87
04/20/2023,EUG,OR,ANM,WE,Combined TRACON& Tower with Radar,50,9,26,2,87,0,1,14,0,15,50,10,40,2,102,56,0,56,158
04/21/2023,EUG,OR,ANM,WE,Combined TRACON& Tower with Radar,49,10,30,0,89,0,2,6,0,8,49,12,36,0,97,6,0,6,103
04/22/2023,EUG,OR,ANM,WE,Combined TRACON& Tower with Radar,42,2,13,0,57,0,0,50,0,50,42,2,63,0,107,82,0,82,189
04/23/2023,EUG,OR,ANM,WE,Combined TRACON& Tower with Radar,50,5,18,0,73,0,0,7,0,7,50,5,25,0,80,6,0,6,86
04/24/2023,EUG,OR,ANM,WE,Combined TRACON& Tower with Radar,48,7,20,0,75,0,7,56,0,63,48,14,76,0,138,108,0,108,246
04/25/2023,EUG,OR,ANM,WE,Combined TRACON& Tower with Radar,40,9,20,0,69,0,10,83,7,100,40,19,103,7,169,107,0,107,276
04/26/2023,EUG,OR,ANM,WE,Combined TRACON& Tower with Radar,45,3,8,0,56,0,8,91,0,99,45,11,99,0,155,92,0,92,247
04/27/2023,EUG,OR,ANM,WE,Combined TRACON& Tower with Radar,51,7,23,2,83,0,13,76,0,89,51,20,99,2,172,52,0,52,224
04/28/2023,EUG,OR,ANM,WE,Combined TRACON& Tower with Radar,47,5,22,0,74,0,7,100,0,107,47,12,122,0,181,86,0,86,267
04/29/2023,EUG,OR,ANM,WE,Combined TRACON& Tower with Radar,46,5,11,0,62,0,4,82,0,86,46,9,93,0,148,54,0,54,202
04/30/2023,EUG,OR,ANM,WE,Combined TRACON& Tower with Radar,47,5,21,0,73,0,3,17,0,20,47,8,38,0,93,0,0,0,93
05/01/2023,EUG,OR,ANM,WE,Combined TRACON& Tower with Radar,50,8,20,0,78,0,6,33,0,39,50,14,53,0,117,12,0,12,129
05/02/2023,EUG,OR,ANM,WE,Combined TRACON& Tower with Radar,43,13,20,0,76,0,2,20,0,22,43,15,40,0,98,90,0,90,188
05/03/2023,EUG,OR,ANM,WE,Combined TRACON& Tower with Radar,45,7,20,0,72,0,4,54,0,58,45,11,74,0,130,62,0,62,192
05/04/2023,EUG,OR,ANM,WE,Combined TRACON& Tower with Radar,51,9,10,2,72,0,0,4,2,6,51,9,14,4,78,10,0,10,88
05/05/2023,EUG,OR,ANM,WE,Combined TRACON& Tower with Radar,46,15,16,0,77,0,0,11,0,11,46,15,27,0,88,26,0,26,114
05/06/2023,EUG,OR,ANM,WE,Combined TRACON& Tower with Radar,40,3,10,0,53,0,0,12,0,12,40,3,22,0,65,10,0,10,75
05/07/2023,EUG,OR,ANM,WE,Combined TRACON& Tower with Radar,52,2,16,0,70,0,2,24,0,26,52,4,40,0,96,18,0,18,114
05/08/2023,EUG,OR,ANM,WE,Combined TRACON& Tower with Radar,47,11,16,0,74,0,0,4,0,4,47,11,20,0,78,2,0,2,80
05/09/2023,EUG,OR,ANM,WE,Combined TRACON& Tower with Radar,42,5,9,1,57,0,5,36,0,41,42,10,45,1,98,82,0,82,180
05/10/2023,EUG,OR,ANM,WE,Combined TRACON& Tower with Radar,46,5,29,0,80,0,3,90,0,93,46,8,119,0,173,72,0,72,245
05/11/2023,EUG,OR,ANM,WE,Combined TRACON& Tower with Radar,52,9,24,0,85,0,2,55,0,57,52,11,79,0,142,60,0,60,202
05/12/2023,EUG,OR,ANM,WE,Combined TRACON& Tower with Radar,50,9,13,18,90,0,1,67,0,68,50,10,80,18,158,42,0,42,200
05/13/2023,EUG,OR,ANM,WE,Combined TRACON& Tower with Radar,43,4,13,0,60,0,0,55,0,55,43,4,68,0,115,0,0,0,115
05/14/2023,EUG,OR,ANM,WE,Combined TRACON& Tower with Radar,51,6,11,0,68,0,5,38,0,43,51,11,49,0,111,18,0,18,129
05/15/2023,EUG,OR,ANM,WE,Combined TRACON& Tower with Radar,47,11,19,0,77,0,2,43,0,45,47,13,62,0,122,46,0,46,168
05/16/2023,EUG,OR,ANM,WE,Combined TRACON& Tower with Radar,43,14,19,3,79,0,5,67,0,72,43,19,86,3,151,102,0,102,253
05/17/2023,EUG,OR,ANM,WE,Combined TRACON& Tower with Radar,45,5,17,14,81,0,7,61,0,68,45,12,78,14,149,16,19,35,184
05/18/2023,EUG,OR,ANM,WE,Combined TRACON& Tower with Radar,50,3,10,0,63,0,4,61,0,65,50,7,71,0,128,36,0,36,164
05/19/2023,EUG,OR,ANM,WE,Combined TRACON& Tower with Radar,49,6,9,0,64,0,2,54,0,56,49,8,63,0,120,46,0,46,166
05/20/2023,EUG,OR,ANM,WE,Combined TRACON& Tower with Radar,42,4,6,0,52,0,1,44,0,45,42,5,50,0,97,30,0,30,127
05/21/2023,EUG,OR,ANM,WE,Combined TRACON& Tower with Radar,48,2,11,0,61,1,0,29,0,30,49,2,40,0,91,30,0,30,121
05/22/2023,EUG,OR,ANM,WE,Combined TRACON& Tower with Radar,48,5,24,0,77,0,2,31,0,33,48,7,55,0,110,60,0,60,170
05/23/2023,EUG,OR,ANM,WE,Combined TRACON& Tower with Radar,48,11,25,2,86,0,2,49,0,51,48,13,74,2,137,17,0,17,154
05/24/2023,EUG,OR,ANM,WE,Combined TRACON& Tower with Radar,43,10,28,6,87,0,3,50,0,53,43,13,78,6,140,66,0,66,206
05/25/2023,EUG,OR,ANM,WE,Combined TRACON& Tower with Radar,50,10,13,0,73,0,2,52,1,55,50,12,65,1,128,10,0,10,138
05/26/2023,EUG,OR,ANM,WE,Combined TRACON& Tower with Radar,50,6,19,0,75,0,5,77,0,82,50,11,96,0,157,96,0,96,253
05/27/2023,EUG,OR,ANM,WE,Combined TRACON& Tower with Radar,41,4,7,0,52,0,0,48,0,48,41,4,55,0,100,37,0,37,137
05/28/2023,EUG,OR,ANM,WE,Combined TRACON& Tower with Radar,45,0,9,0,54,0,0,40,0,40,45,0,49,0,94,4,0,4,98
05/29/2023,EUG,OR,ANM,WE,Combined TRACON& Tower with Radar,47,0,17,0,64,0,0,33,0,33,47,0,50,0,97,14,0,14,111
05/30/2023,EUG,OR,ANM,WE,Combined TRACON& Tower with Radar,44,10,22,10,86,0,3,36,0,39,44,13,58,10,125,52,0,52,177
05/31/2023,EUG,OR,ANM,WE,Combined TRACON& Tower with Radar,43,4,18,0,65,0,2,68,0,70,43,6,86,0,135,14,0,14,149
06/01/2023,EUG,OR,ANM,WE,Combined TRACON& Tower with Radar,50,9,9,0,68,0,3,54,0,57,50,12,63,0,125,92,0,92,217
06/02/2023,EUG,OR,ANM,WE,Combined TRACON& Tower with Radar,51,9,17,0,77,0,3,69,0,72,51,12,86,0,149,66,0,66,215
06/03/2023,EUG,OR,ANM,WE,Combined TRACON& Tower with Radar,43,1,12,0,56,0,3,43,0,46,43,4,55,0,102,76,0,76,178
06/04/2023,EUG,OR,ANM,WE,Combined TRACON& Tower with Radar,48,4,9,0,61,0,0,34,0,34,48,4,43,0,95,24,0,24,119
06/05/2023,EUG,OR,ANM,WE,Combined TRACON& Tower with Radar,50,8,22,3,83,0,3,49,0,52,50,11,71,3,135,108,0,108,243
06/06/2023,EUG,OR,ANM,WE,Combined TRACON& Tower with Radar,44,4,17,0,65,0,3,63,0,66,44,7,80,0,131,42,0,42,173
06/07/2023,EUG,OR,ANM,WE,Combined TRACON& Tower with Radar,43,6,21,0,70,0,3,54,0,57,43,9,75,0,127,52,0,52,179
06/08/2023,EUG,OR,ANM,WE,Combined TRACON& Tower with Radar,55,8,26,0,89,0,1,37,0,38,55,9,63,0,127,108,0,108,235
06/09/2023,EUG,OR,ANM,WE,Combined TRACON& Tower with Radar,53,15,27,0,95,0,1,28,0,29,53,16,55,0,124,40,0,40,164
06/10/2023,EUG,OR,ANM,WE,Combined TRACON& Tower with Radar,42,6,7,0,55,0,1,47,1,49,42,7,54,1,104,34,0,34,138
06/11/2023,EUG,OR,ANM,WE,Combined TRACON& Tower with Radar,49,4,12,0,65,0,0,29,0,29,49,4,41,0,94,44,0,44,138
06/12/2023,EUG,OR,ANM,WE,Combined TRACON& Tower with Radar,50,8,22,0,80,0,3,55,0,58,50,11,77,0,138,76,0,76,214
06/13/2023,EUG,OR,ANM,WE,Combined TRACON& Tower with Radar,45,12,12,0,69,0,5,41,0,46,45,17,53,0,115,54,0,54,169
06/14/2023,EUG,OR,ANM,WE,Combined TRACON& Tower with Radar,42,8,25,0,75,0,5,54,0,59,42,13,79,0,134,44,0,44,178
06/15/2023,EUG,OR,ANM,WE,Combined TRACON& Tower with Radar,55,13,14,0,82,0,2,60,1,63,55,15,74,1,145,62,0,62,207
06/16/2023,EUG,OR,ANM,WE,Combined TRACON& Tower with Radar,52,8,24,0,84,0,3,87,0,90,52,11,111,0,174,20,0,20,194
06/17/2023,EUG,OR,ANM,WE,Combined TRACON& Tower with Radar,44,4,25,0,73,0,0,26,0,26,44,4,51,0,99,42,0,42,141
06/18/2023,EUG,OR,ANM,WE,Combined TRACON& Tower with Radar,54,2,19,0,75,0,0,10,0,10,54,2,29,0,85,0,0,0,85
06/19/2023,EUG,OR,ANM,WE,Combined TRACON& Tower with Radar,52,9,15,5,81,0,2,14,1,17,52,11,29,6,98,6,8,14,112
06/20/2023,EUG,OR,ANM,WE,Combined TRACON& Tower with Radar,50,15,19,0,84,0,4,51,0,55,50,19,70,0,139,54,0,54,193
06/21/2023,EUG,OR,ANM,WE,Combined TRACON& Tower with Radar,45,10,29,2,86,0,1,63,0,64,45,11,92,2,150,46,0,46,196
06/22/2023,EUG,OR,ANM,WE,Combined TRACON& Tower with Radar,57,6,18,0,81,0,4,55,2,61,57,10,73,2,142,46,0,46,188
06/23/2023,EUG,OR,ANM,WE,Combined TRACON& Tower with Radar,51,9,23,0,83,0,1,45,1,47,51,10,68,1,130,39,0,39,169
06/24/2023,EUG,OR,ANM,WE,Combined TRACON& Tower with Radar,44,6,8,0,58,1,0,42,0,43,45,6,50,0,101,33,0,33,134
06/25/2023,EUG,OR,ANM,WE,Combined TRACON& Tower with Radar,55,0,20,0,75,0,0,50,0,50,55,0,70,0,125,48,0,48,173
06/26/2023,EUG,OR,ANM,WE,Combined TRACON& Tower with Radar,51,5,15,0,71,0,6,39,2,47,51,11,54,2,118,110,0,110,228
06/27/2023,EUG,OR,ANM,WE,Combined TRACON& Tower with Radar,48,4,19,6,77,0,6,48,0,54,48,10,67,6,131,66,0,66,197
06/28/2023,EUG,OR,ANM,WE,Combined TRACON& Tower with Radar,45,10,17,0,72,0,3,81,0,84,45,13,98,0,156,178,0,178,334
06/29/2023,EUG,OR,ANM,WE,Combined TRACON& Tower with Radar,56,4,16,4,80,1,5,60,0,66,57,9,76,4,146,62,0,62,208
06/30/2023,EUG,OR,ANM,WE,Combined TRACON& Tower with Radar,53,7,26,2,88,0,1,93,2,96,53,8,119,4,184,58,10,68,252
07/01/2023,EUG,OR,ANM,WE,Combined TRACON& Tower with Radar,41,1,11,0,53,0,0,55,0,55,41,1,66,0,108,58,0,58,166
07/02/2023,EUG,OR,ANM,WE,Combined TRACON& Tower with Radar,48,2,4,0,54,0,1,29,0,30,48,3,33,0,84,10,0,10,94
07/03/2023,EUG,OR,ANM,WE,Combined TRACON& Tower with Radar,50,6,5,0,61,0,3,84,0,87,50,9,89,0,148,108,0,108,256
07/04/2023,EUG,OR,ANM,WE,Combined TRACON& Tower with Radar,45,4,4,0,53,0,0,34,0,34,45,4,38,0,87,0,0,0,87
07/05/2023,EUG,OR,ANM,WE,Combined TRACON& Tower with Radar,43,7,16,0,66,0,5,86,0,91,43,12,102,0,157,76,0,76,233
07/06/2023,EUG,OR,ANM,WE,Combined TRACON& Tower with Radar,53,6,21,4,84,0,2,97,0,99,53,8,118,4,183,80,0,80,263
07/07/2023,EUG,OR,ANM,WE,Combined TRACON& Tower with Radar,51,4,22,0,77,0,5,55,0,60,51,9,77,0,137,128,0,128,265
07/08/2023,EUG,OR,ANM,WE,Combined TRACON& Tower with Radar,43,4,18,0,65,0,0,43,0,43,43,4,61,0,108,24,10,34,142
07/09/2023,EUG,OR,ANM,WE,Combined TRACON& Tower with Radar,52,5,19,0,76,0,1,38,0,39,52,6,57,0,115,12,0,12,127
07/10/2023,EUG,OR,ANM,WE,Combined TRACON& Tower with Radar,52,12,43,0,107,0,6,61,0,67,52,18,104,0,174,186,0,186,360
07/11/2023,EUG,OR,ANM,WE,Combined TRACON& Tower with Radar,48,5,19,0,72,0,8,77,0,85,48,13,96,0,157,60,0,60,217
07/12/2023,EUG,OR,ANM,WE,Combined TRACON& Tower with Radar,41,6,16,0,63,1,5,87,0,93,42,11,103,0,156,110,0,110,266
07/13/2023,EUG,OR,ANM,WE,Combined TRACON& Tower with Radar,53,6,9,2,70,0,5,80,0,85,53,11,89,2,155,90,0,90,245
07/14/2023,EUG,OR,ANM,WE,Combined TRACON& Tower with Radar,53,3,24,0,80,0,4,89,0,93,53,7,113,0,173,94,0,94,267
07/15/2023,EUG,OR,ANM,WE,Combined TRACON& Tower with Radar,40,1,10,0,51,0,0,34,0,34,40,1,44,0,85,8,0,8,93
07/16/2023,EUG,OR,ANM,WE,Combined TRACON& Tower with Radar,54,3,9,2,68,0,0,41,0,41,54,3,50,2,109,6,0,6,115
07/17/2023,EUG,OR,ANM,WE,Combined TRACON& Tower with Radar,54,8,17,6,85,0,3,87,0,90,54,11,104,6,175,146,0,146,321
07/18/2023,EUG,OR,ANM,WE,Combined TRACON& Tower with Radar,46,4,7,3,60,0,3,98,1,102,46,7,105,4,162,168,0,168,330
07/19/2023,EUG,OR,ANM,WE,Combined TRACON& Tower with Radar,45,6,13,6,70,0,12,74,0,86,45,18,87,6,156,166,0,166,322
07/20/2023,EUG,OR,ANM,WE,Combined TRACON& Tower with Radar,55,7,18,1,81,0,4,64,4,72,55,11,82,5,153,218,0,218,371
07/21/2023,EUG,OR,ANM,WE,Combined TRACON& Tower with Radar,53,6,10,0,69,0,2,61,0,63,53,8,71,0,132,210,0,210,342
07/22/2023,EUG,OR,ANM,WE,Combined TRACON& Tower with Radar,41,4,20,1,66,0,1,60,0,61,41,5,80,1,127,66,0,66,193
07/23/2023,EUG,OR,ANM,WE,Combined TRACON& Tower with Radar,52,3,16,1,72,0,4,52,0,56,52,7,68,1,128,36,0,36,164
07/24/2023,EUG,OR,ANM,WE,Combined TRACON& Tower with Radar,51,9,20,2,82,0,2,60,0,62,51,11,80,2,144,176,0,176,320
07/25/2023,EUG,OR,ANM,WE,Combined TRACON& Tower with Radar,48,8,21,0,77,0,5,41,2,48,48,13,62,2,125,84,0,84,209
07/26/2023,EUG,OR,ANM,WE,Combined TRACON& Tower with Radar,44,2,15,0,61,0,10,93,0,103,44,12,108,0,164,172,0,172,336
07/27/2023,EUG,OR,ANM,WE,Combined TRACON& Tower with Radar,54,6,22,0,82,0,6,69,3,78,54,12,91,3,160,158,0,158,318
07/28/2023,EUG,OR,ANM,WE,Combined TRACON& Tower with Radar,54,6,21,2,83,0,5,102,1,108,54,11,123,3,191,110,0,110,301
07/29/2023,EUG,OR,ANM,WE,Combined TRACON& Tower with Radar,39,7,18,0,64,0,2,68,1,71,39,9,86,1,135,30,0,30,165
07/30/2023,EUG,OR,ANM,WE,Combined TRACON& Tower with Radar,53,4,10,0,67,0,5,36,1,42,53,9,46,1,109,31,0,31,140
07/31/2023,EUG,OR,ANM,WE,Combined TRACON& Tower with Radar,53,4,10,0,67,0,6,72,0,78,53,10,82,0,145,156,0,156,301
08/01/2023,EUG,OR,ANM,WE,Combined TRACON& Tower with Radar,48,5,20,4,77,0,6,69,0,75,48,11,89,4,152,192,0,192,344
08/02/2023,EUG,OR,ANM,WE,Combined TRACON& Tower with Radar,45,5,27,1,78,0,12,81,1,94,45,17,108,2,172,209,0,209,381
08/03/2023,EUG,OR,ANM,WE,Combined TRACON& Tower with Radar,54,5,32,0,91,0,3,68,0,71,54,8,100,0,162,101,0,101,263
08/04/2023,EUG,OR,ANM,WE,Combined TRACON& Tower with Radar,51,2,17,0,70,0,3,51,0,54,51,5,68,0,124,132,0,132,256
08/05/2023,EUG,OR,ANM,WE,Combined TRACON& Tower with Radar,41,0,6,0,47,0,0,65,0,65,41,0,71,0,112,74,0,74,186
08/06/2023,EUG,OR,ANM,WE,Combined TRACON& Tower with Radar,53,4,12,0,69,0,0,31,0,31,53,4,43,0,100,6,0,6,106
08/07/2023,EUG,OR,ANM,WE,Combined TRACON& Tower with Radar,50,5,11,2,68,0,4,59,0,63,50,9,70,2,131,112,0,112,243
08/08/2023,EUG,OR,ANM,WE,Combined TRACON& Tower with Radar,48,6,25,0,79,0,5,71,1,77,48,11,96,1,156,142,0,142,298
08/09/2023,EUG,OR,ANM,WE,Combined TRACON& Tower with Radar,46,6,14,2,68,0,4,89,2,95,46,10,103,4,163,197,0,197,360
08/10/2023,EUG,OR,ANM,WE,Combined TRACON& Tower with Radar,55,4,11,0,70,0,3,63,0,66,55,7,74,0,136,182,0,182,318
08/11/2023,EUG,OR,ANM,WE,Combined TRACON& Tower with Radar,52,3,17,0,72,0,4,71,1,76,52,7,88,1,148,202,0,202,350
08/12/2023,EUG,OR,ANM,WE,Combined TRACON& Tower with Radar,42,3,11,0,56,0,2,45,0,47,42,5,56,0,103,30,0,30,133
08/13/2023,EUG,OR,ANM,WE,Combined TRACON& Tower with Radar,53,5,9,2,69,1,0,37,0,38,54,5,46,2,107,40,0,40,147
08/14/2023,EUG,OR,ANM,WE,Combined TRACON& Tower with Radar,52,6,15,2,75,0,4,41,2,47,52,10,56,4,122,76,0,76,198
08/15/2023,EUG,OR,ANM,WE,Combined TRACON& Tower with Radar,49,6,15,2,72,0,4,13,0,17,49,10,28,2,89,34,0,34,123
08/16/2023,EUG,OR,ANM,WE,Combined TRACON& Tower with Radar,46,9,10,0,65,0,6,31,0,37,46,15,41,0,102,94,0,94,196
08/17/2023,EUG,OR,ANM,WE,Combined TRACON& Tower with Radar,50,9,12,2,73,0,3,48,3,54,50,12,60,5,127,214,0,214,341
08/18/2023,EUG,OR,ANM,WE,Combined TRACON& Tower with Radar,48,3,18,0,69,0,4,85,2,91,48,7,103,2,160,132,0,132,292
08/19/2023,EUG,OR,ANM,WE,Combined TRACON& Tower with Radar,42,2,11,0,55,0,1,59,1,61,42,3,70,1,116,64,0,64,180
08/20/2023,EUG,OR,ANM,WE,Combined TRACON& Tower with Radar,50,2,27,2,81,0,0,18,0,18,50,2,45,2,99,10,0,10,109
08/21/2023,EUG,OR,ANM,WE,Combined TRACON& Tower with Radar,50,7,14,0,71,0,5,53,0,58,50,12,67,0,129,172,0,172,301
08/22/2023,EUG,OR,ANM,WE,Combined TRACON& Tower with Radar,46,6,24,7,83,0,3,87,0,90,46,9,111,7,173,142,0,142,315
08/23/2023,EUG,OR,ANM,WE,Combined TRACON& Tower with Radar,44,9,15,0,68,0,6,86,0,92,44,15,101,0,160,72,0,72,232
08/24/2023,EUG,OR,ANM,WE,Combined TRACON& Tower with Radar,51,11,12,0,74,0,2,64,0,66,51,13,76,0,140,192,0,192,332
08/25/2023,EUG,OR,ANM,WE,Combined TRACON& Tower with Radar,49,11,23,2,85,0,4,41,0,45,49,15,64,2,130,102,0,102,232
08/26/2023,EUG,OR,ANM,WE,Combined TRACON& Tower with Radar,40,2,18,0,60,0,4,46,1,51,40,6,64,1,111,35,0,35,146
08/27/2023,EUG,OR,ANM,WE,Combined TRACON& Tower with Radar,51,3,14,0,68,0,0,40,0,40,51,3,54,0,108,10,0,10,118
08/28/2023,EUG,OR,ANM,WE,Combined TRACON& Tower with Radar,51,15,36,0,102,0,1,8,0,9,51,16,44,0,111,68,0,68,179
08/29/2023,EUG,OR,ANM,WE,Combined TRACON& Tower with Radar,46,9,24,0,79,0,4,72,0,76,46,13,96,0,155,164,0,164,319
08/30/2023,EUG,OR,ANM,WE,Combined TRACON& Tower with Radar,44,8,22,0,74,0,5,106,0,111,44,13,128,0,185,118,0,118,303
08/31/2023,EUG,OR,ANM,WE,Combined TRACON& Tower with Radar,51,12,35,2,100,0,0,14,0,14,51,12,49,2,114,38,0,38,152
01/01/2020,EUG,OR,ANM,WE,Combined TRACON& Tower with Radar,32,14,11,0,57,1,0,0,1,2,33,14,11,1,59,0,0,0,59
01/02/2020,EUG,OR,ANM,WE,Combined TRACON& Tower with Radar,40,17,14,16,87,0,1,19,6,26,40,18,33,22,113,66,16,82,195
01/03/2020,EUG,OR,ANM,WE,Combined TRACON& Tower with Radar,40,12,13,3,68,0,2,32,5,39,40,14,45,8,107,46,78,124,231
01/04/2020,EUG,OR,ANM,WE,Combined TRACON& Tower with Radar,40,14,24,0,78,0,1,16,4,21,40,15,40,4,99,10,0,10,109
01/05/2020,EUG,OR,ANM,WE,Combined TRACON& Tower with Radar,37,14,8,0,59,0,0,0,0,0,37,14,8,0,59,0,0,0,59
01/06/2020,EUG,OR,ANM,WE,Combined TRACON& Tower with Radar,39,24,10,24,97,0,2,3,0,5,39,26,13,24,102,0,12,12,114
01/07/2020,EUG,OR,ANM,WE,Combined TRACON& Tower with Radar,30,20,13,72,135,0,6,19,5,30,30,26,32,77,165,6,68,74,239
01/08/2020,EUG,OR,ANM,WE,Combined TRACON& Tower with Radar,34,24,14,20,92,0,0,10,0,10,34,24,24,20,102,52,24,76,178
01/09/2020,EUG,OR,ANM,WE,Combined TRACON& Tower with Radar,32,22,29,22,105,0,0,11,0,11,32,22,40,22,116,24,0,24,140
01/10/2020,EUG,OR,ANM,WE,Combined TRACON& Tower with Radar,39,17,13,0,69,0,0,7,0,7,39,17,20,0,76,14,0,14,90
01/11/2020,EUG,OR,ANM,WE,Combined TRACON& Tower with Radar,30,13,6,6,55,0,0,11,0,11,30,13,17,6,66,16,12,28,94
01/12/2020,EUG,OR,ANM,WE,Combined TRACON& Tower with Radar,34,11,4,4,53,0,0,0,0,0,34,11,4,4,53,0,0,0,53
01/13/2020,EUG,OR,ANM,WE,Combined TRACON& Tower with Radar,39,25,11,0,75,0,0,3,0,3,39,25,14,0,78,16,0,16,94
01/14/2020,EUG,OR,ANM,WE,Combined TRACON& Tower with Radar,30,22,8,0,60,0,1,29,0,30,30,23,37,0,90,38,0,38,128
01/15/2020,EUG,OR,ANM,WE,Combined TRACON& Tower with Radar,29,29,7,4,69,0,2,11,0,13,29,31,18,4,82,18,0,18,100
01/16/2020,EUG,OR,ANM,WE,Combined TRACON& Tower with Radar,34,24,11,55,124,0,2,6,5,13,34,26,17,60,137,10,40,50,187
01/17/2020,EUG,OR,ANM,WE,Combined TRACON& Tower with Radar,34,18,10,1,63,1,1,18,0,20,35,19,28,1,83,116,0,116,199
01/18/2020,EUG,OR,ANM,WE,Combined TRACON& Tower with Radar,28,17,4,0,49,0,0,6,0,6,28,17,10,0,55,24,0,24,79
01/19/2020,EUG,OR,ANM,WE,Combined TRACON& Tower with Radar,29,11,23,2,65,0,0,40,0,40,29,11,63,2,105,36,0,36,141
01/20/2020,EUG,OR,ANM,WE,Combined TRACON& Tower with Radar,38,21,21,0,80,0,1,29,0,30,38,22,50,0,110,34,0,34,144
01/21/2020,EUG,OR,ANM,WE,Combined TRACON& Tower with Radar,33,20,12,14,79,0,1,10,0,11,33,21,22,14,90,54,0,54,144
01/22/2020,EUG,OR,ANM,WE,Combined TRACON& Tower with Radar,29,26,39,51,145,0,0,14,0,14,29,26,53,51,159,106,0,106,265
01/23/2020,EUG,OR,ANM,WE,Combined TRACON& Tower with Radar,34,36,33,27,130,0,6,35,32,73,34,42,68,59,203,74,92,166,369
01/24/2020,EUG,OR,ANM,WE,Combined TRACON& Tower with Radar,42,20,18,6,86,0,2,49,12,63,42,22,67,18,149,156,0,156,305
01/25/2020,EUG,OR,ANM,WE,Combined TRACON& Tower with Radar,32,17,8,10,67,0,0,41,0,41,32,17,49,10,108,40,0,40,148
01/26/2020,EUG,OR,ANM,WE,Combined TRACON& Tower with Radar,33,20,10,0,63,0,0,19,0,19,33,20,29,0,82,10,0,10,92
01/27/2020,EUG,OR,ANM,WE,Combined TRACON& Tower with Radar,38,26,20,0,84,1,1,10,0,12,39,27,30,0,96,10,0,10,106
01/28/2020,EUG,OR,ANM,WE,Combined TRACON& Tower with Radar,31,25,13,36,105,1,0,1,0,2,32,25,14,36,107,12,4,16,123
01/29/2020,EUG,OR,ANM,WE,Combined TRACON& Tower with Radar,31,23,22,12,88,0,2,13,3,18,31,25,35,15,106,64,8,72,178
01/30/2020,EUG,OR,ANM,WE,Combined TRACON& Tower with Radar,35,22,18,18,93,0,2,26,0,28,35,24,44,18,121,22,2,24,145
01/31/2020,EUG,OR,ANM,WE,Combined TRACON& Tower with Radar,39,16,16,9,80,0,1,72,1,74,39,17,88,10,154,100,12,112,266
02/01/2020,EUG,OR,ANM,WE,Combined TRACON& Tower with Radar,32,19,7,0,58,0,0,1,0,1,32,19,8,0,59,0,0,0,59
02/02/2020,EUG,OR,ANM,WE,Combined TRACON& Tower with Radar,29,16,11,0,56,0,1,32,1,34,29,17,43,1,90,42,0,42,132
02/03/2020,EUG,OR,ANM,WE,Combined TRACON& Tower with Radar,39,23,25,13,100,0,2,48,3,53,39,25,73,16,153,54,0,54,207
02/04/2020,EUG,OR,ANM,WE,Combined TRACON& Tower with Radar,32,25,27,11,95,0,2,37,18,57,32,27,64,29,152,42,34,76,228
02/05/2020,EUG,OR,ANM,WE,Combined TRACON& Tower with Radar,30,27,18,23,98,0,0,6,2,8,30,27,24,25,106,0,70,70,176
02/06/2020,EUG,OR,ANM,WE,Combined TRACON& Tower with Radar,35,23,36,44,138,0,0,12,1,13,35,23,48,45,151,92,50,142,293
02/07/2020,EUG,OR,ANM,WE,Combined TRACON& Tower with Radar,37,19,26,37,119,0,0,20,0,20,37,19,46,37,139,138,36,174,313
02/08/2020,EUG,OR,ANM,WE,Combined TRACON& Tower with Radar,40,12,14,14,80,0,0,2,0,2,40,12,16,14,82,0,0,0,82
02/09/2020,EUG,OR,ANM,WE,Combined TRACON& Tower with Radar,32,18,25,0,75,0,1,24,0,25,32,19,49,0,100,20,0,20,120
02/10/2020,EUG,OR,ANM,WE,Combined TRACON& Tower with Radar,38,20,17,0,75,0,2,22,0,24,38,22,39,0,99,38,0,38,137
02/11/2020,EUG,OR,ANM,WE,Combined TRACON& Tower with Radar,32,20,27,21,100,0,2,28,0,30,32,22,55,21,130,24,12,36,166
02/12/2020,EUG,OR,ANM,WE,Combined TRACON& Tower with Radar,28,25,37,19,109,0,0,2,0,2,28,25,39,19,111,0,0,0,111
02/13/2020,EUG,OR,ANM,WE,Combined TRACON& Tower with Radar,39,28,27,8,102,0,0,9,0,9,39,28,36,8,111,18,0,18,129
02/14/2020,EUG,OR,ANM,WE,Combined TRACON& Tower with Radar,32,21,19,8,80,0,2,29,0,31,32,23,48,8,111,78,0,78,189
02/15/2020,EUG,OR,ANM,WE,Combined TRACON& Tower with Radar,27,18,3,0,48,0,2,2,0,4,27,20,5,0,52,0,0,0,52
02/16/2020,EUG,OR,ANM,WE,Combined TRACON& Tower with Radar,33,18,14,0,65,1,0,18,0,19,34,18,32,0,84,18,0,18,102
02/17/2020,EUG,OR,ANM,WE,Combined TRACON& Tower with Radar,29,22,21,0,72,0,3,37,0,40,29,25,58,0,112,46,0,46,158
02/18/2020,EUG,OR,ANM,WE,Combined TRACON& Tower with Radar,28,34,21,19,102,0,2,57,1,60,28,36,78,20,162,68,10,78,240
02/19/2020,EUG,OR,ANM,WE,Combined TRACON& Tower with Radar,31,26,20,24,101,0,4,59,1,64,31,30,79,25,165,76,28,104,269
02/20/2020,EUG,OR,ANM,WE,Combined TRACON& Tower with Radar,38,22,23,4,87,0,4,109,0,113,38,26,132,4,200,156,22,178,378
02/21/2020,EUG,OR,ANM,WE,Combined TRACON& Tower with Radar,30,19,27,28,104,0,3,80,2,85,30,22,107,30,189,84,26,110,299
02/22/2020,EUG,OR,ANM,WE,Combined TRACON& Tower with Radar,31,18,7,2,58,0,1,36,0,37,31,19,43,2,95,70,0,70,165
02/23/2020,EUG,OR,ANM,WE,Combined TRACON& Tower with Radar,38,18,6,0,62,0,0,1,0,1,38,18,7,0,63,0,0,0,63
02/24/2020,EUG,OR,ANM,WE,Combined TRACON& Tower with Radar,30,28,30,7,95,0,1,60,22,83,30,29,90,29,178,64,56,120,298
02/25/2020,EUG,OR,ANM,WE,Combined TRACON& Tower with Radar,28,25,28,29,110,0,4,40,8,52,28,29,68,37,162,66,38,104,266
02/26/2020,EUG,OR,ANM,WE,Combined TRACON& Tower with Radar,29,24,16,24,93,0,2,48,5,55,29,26,64,29,148,124,30,154,302
02/27/2020,EUG,OR,ANM,WE,Combined TRACON& Tower with Radar,40,27,22,13,102,0,4,73,1,78,40,31,95,14,180,102,6,108,288
02/28/2020,EUG,OR,ANM,WE,Combined TRACON& Tower with Radar,33,21,27,0,81,0,0,27,4,31,33,21,54,4,112,68,0,68,180
02/29/2020,EUG,OR,ANM,WE,Combined TRACON& Tower with Radar,29,18,3,0,50,0,0,10,0,10,29,18,13,0,60,10,0,10,70
03/01/2020,EUG,OR,ANM,WE,Combined TRACON& Tower with Radar,36,19,22,1,78,0,0,19,0,19,36,19,41,1,97,0,0,0,97
03/02/2020,EUG,OR,ANM,WE,Combined TRACON& Tower with Radar,29,25,35,5,94,0,0,22,0,22,29,25,57,5,116,78,46,124,240
03/03/2020,EUG,OR,ANM,WE,Combined TRACON& Tower with Radar,29,23,27,25,104,0,2,41,1,44,29,25,68,26,148,36,34,70,218
03/04/2020,EUG,OR,ANM,WE,Combined TRACON& Tower with Radar,31,25,19,29,104,0,3,27,8,38,31,28,46,37,142,48,32,80,222
03/05/2020,EUG,OR,ANM,WE,Combined TRACON& Tower with Radar,42,22,35,17,116,0,3,69,0,72,42,25,104,17,188,100,10,110,298
03/06/2020,EUG,OR,ANM,WE,Combined TRACON& Tower with Radar,34,18,24,12,88,0,0,0,0,0,34,18,24,12,88,10,0,10,98
03/07/2020,EUG,OR,ANM,WE,Combined TRACON& Tower with Radar,38,15,11,8,72,0,0,4,0,4,38,15,15,8,76,4,0,4,80
03/08/2020,EUG,OR,ANM,WE,Combined TRACON& Tower with Radar,43,13,7,0,63,0,0,0,0,0,43,13,7,0,63,0,0,0,63
03/09/2020,EUG,OR,ANM,WE,Combined TRACON& Tower with Radar,37,23,40,14,114,0,1,35,0,36,37,24,75,14,150,18,0,18,168
03/10/2020,EUG,OR,ANM,WE,Combined TRACON& Tower with Radar,39,26,17,23,105,0,5,79,4,88,39,31,96,27,193,158,60,218,411
03/11/2020,EUG,OR,ANM,WE,Combined TRACON& Tower with Radar,36,16,27,26,105,0,5,49,4,58,36,21,76,30,163,88,64,152,315
03/12/2020,EUG,OR,ANM,WE,Combined TRACON& Tower with Radar,44,17,15,25,101,0,6,52,4,62,44,23,67,29,163,28,28,56,219
03/13/2020,EUG,OR,ANM,WE,Combined TRACON& Tower with Radar,35,14,14,7,70,0,2,10,0,12,35,16,24,7,82,28,0,28,110
03/14/2020,EUG,OR,ANM,WE,Combined TRACON& Tower with Radar,34,19,4,2,59,0,0,7,0,7,34,19,11,2,66,22,0,22,88
03/15/2020,EUG,OR,ANM,WE,Combined TRACON& Tower with Radar,41,14,9,0,64,0,2,40,0,42,41,16,49,0,106,18,0,18,124
03/16/2020,EUG,OR,ANM,WE,Combined TRACON& Tower with Radar,36,17,10,27,90,0,3,22,1,26,36,20,32,28,116,34,14,48,164
03/17/2020,EUG,OR,ANM,WE,Combined TRACON& Tower with Radar,38,20,27,26,111,0,2,61,3,66,38,22,88,29,177,64,42,106,283
03/18/2020,EUG,OR,ANM,WE,Combined TRACON& Tower with Radar,35,17,15,29,96,0,3,63,1,67,35,20,78,30,163,50,16,66,229
03/19/2020,EUG,OR,ANM,WE,Combined TRACON& Tower with Radar,41,8,13,0,62,0,5,78,0,83,41,13,91,0,145,76,0,76,221
03/20/2020,EUG,OR,ANM,WE,Combined TRACON& Tower with Radar,33,17,16,6,72,0,3,51,0,54,33,20,67,6,126,48,0,48,174
03/21/2020,EUG,OR,ANM,WE,Combined TRACON& Tower with Radar,31,13,8,0,52,0,0,41,0,41,31,13,49,0,93,56,0,56,149
03/22/2020,EUG,OR,ANM,WE,Combined TRACON& Tower with Radar,35,10,19,0,64,2,0,48,0,50,37,10,67,0,114,28,0,28,142
03/23/2020,EUG,OR,ANM,WE,Combined TRACON& Tower with Radar,34,19,10,17,80,0,0,4,1,5,34,19,14,18,85,0,6,6,91
03/24/2020,EUG,OR,ANM,WE,Combined TRACON& Tower with Radar,25,18,4,0,47,0,0,0,0,0,25,18,4,0,47,0,0,0,47
03/25/2020,EUG,OR,ANM,WE,Combined TRACON& Tower with Radar,26,18,9,4,57,0,1,2,0,3,26,19,11,4,60,6,0,6,66
03/26/2020,EUG,OR,ANM,WE,Combined TRACON& Tower with Radar,27,8,15,0,50,0,1,9,1,11,27,9,24,1,61,26,2,28,89
03/27/2020,EUG,OR,ANM,WE,Combined TRACON& Tower with Radar,28,6,8,8,50,0,0,0,0,0,28,6,8,8,50,0,0,0,50
03/28/2020,EUG,OR,ANM,WE,Combined TRACON& Tower with Radar,30,9,5,0,44,0,0,1,0,1,30,9,6,0,45,2,0,2,47
03/29/2020,EUG,OR,ANM,WE,Combined TRACON& Tower with Radar,23,10,5,0,38,0,0,0,0,0,23,10,5,0,38,2,0,2,40
03/30/2020,EUG,OR,ANM,WE,Combined TRACON& Tower with Radar,23,15,8,2,48,0,0,0,0,0,23,15,8,2,48,0,0,0,48
03/31/2020,EUG,OR,ANM,WE,Combined TRACON& Tower with Radar,22,18,2,20,62,0,3,0,0,3,22,21,2,20,65,2,0,2,67
04/01/2020,EUG,OR,ANM,WE,Combined TRACON& Tower with Radar,20,15,5,21,61,0,0,0,1,1,20,15,5,22,62,0,32,32,94
04/02/2020,EUG,OR,ANM,WE,Combined TRACON& Tower with Radar,14,13,11,11,49,0,2,13,0,15,14,15,24,11,64,8,0,8,72
04/03/2020,EUG,OR,ANM,WE,Combined TRACON& Tower with Radar,16,9,7,4,36,0,1,12,0,13,16,10,19,4,49,2,0,2,51
04/04/2020,EUG,OR,ANM,WE,Combined TRACON& Tower with Radar,14,8,5,0,27,0,0,1,0,1,14,8,6,0,28,0,0,0,28
04/05/2020,EUG,OR,ANM,WE,Combined TRACON& Tower with Radar,14,7,8,0,29,0,0,4,0,4,14,7,12,0,33,16,0,16,49
04/06/2020,EUG,OR,ANM,WE,Combined TRACON& Tower with Radar,12,12,4,7,35,0,3,4,0,7,12,15,8,7,42,6,10,16,58
04/07/2020,EUG,OR,ANM,WE,Combined TRACON& Tower with Radar,11,7,4,7,29,0,3,38,3,44,11,10,42,10,73,4,40,44,117
04/08/2020,EUG,OR,ANM,WE,Combined TRACON& Tower with Radar,11,7,13,4,35,0,5,36,0,41,11,12,49,4,76,12,0,12,88
04/09/2020,EUG,OR,ANM,WE,Combined TRACON& Tower with Radar,11,5,9,4,29,0,5,74,1,80,11,10,83,5,109,68,12,80,189
04/10/2020,EUG,OR,ANM,WE,Combined TRACON& Tower with Radar,10,7,10,8,35,0,1,41,0,42,10,8,51,8,77,4,20,24,101
04/11/2020,EUG,OR,ANM,WE,Combined TRACON& Tower with Radar,11,7,6,0,24,0,1,32,0,33,11,8,38,0,57,6,0,6,63
04/12/2020,EUG,OR,ANM,WE,Combined TRACON& Tower with Radar,11,4,2,0,17,0,0,14,0,14,11,4,16,0,31,4,0,4,35
04/13/2020,EUG,OR,ANM,WE,Combined TRACON& Tower with Radar,11,9,4,2,26,0,3,29,0,32,11,12,33,2,58,18,0,18,76
04/14/2020,EUG,OR,ANM,WE,Combined TRACON& Tower with Radar,10,15,9,56,90,0,3,39,9,51,10,18,48,65,141,34,48,82,223
04/15/2020,EUG,OR,ANM,WE,Combined TRACON& Tower with Radar,9,9,9,10,37,0,3,4,1,8,9,12,13,11,45,0,70,70,115
04/16/2020,EUG,OR,ANM,WE,Combined TRACON& Tower with Radar,8,7,9,12,36,0,5,22,1,28,8,12,31,13,64,14,10,24,88
04/17/2020,EUG,OR,ANM,WE,Combined TRACON& Tower with Radar,10,5,4,5,24,0,3,42,6,51,10,8,46,11,75,32,30,62,137
04/18/2020,EUG,OR,ANM,WE,Combined TRACON& Tower with Radar,9,7,4,0,20,0,0,0,0,0,9,7,4,0,20,12,0,12,32
04/19/2020,EUG,OR,ANM,WE,Combined TRACON& Tower with Radar,8,4,9,0,21,0,0,28,0,28,8,4,37,0,49,0,0,0,49
04/20/2020,EUG,OR,ANM,WE,Combined TRACON& Tower with Radar,7,11,7,6,31,0,4,47,6,57,7,15,54,12,88,62,36,98,186
04/21/2020,EUG,OR,ANM,WE,Combined TRACON& Tower with Radar,10,6,10,14,40,0,2,13,2,17,10,8,23,16,57,10,28,38,95
04/22/2020,EUG,OR,ANM,WE,Combined TRACON& Tower with Radar,8,12,19,2,41,0,1,1,0,2,8,13,20,2,43,0,0,0,43
04/23/2020,EUG,OR,ANM,WE,Combined TRACON& Tower with Radar,10,9,14,6,39,0,3,17,0,20,10,12,31,6,59,14,0,14,73
04/24/2020,EUG,OR,ANM,WE,Combined TRACON& Tower with Radar,7,7,8,4,26,0,0,2,0,2,7,7,10,4,28,0,0,0,28
04/25/2020,EUG,OR,ANM,WE,Combined TRACON& Tower with Radar,8,6,5,0,19,0,0,6,0,6,8,6,11,0,25,6,0,6,31
04/26/2020,EUG,OR,ANM,WE,Combined TRACON& Tower with Radar,9,4,7,4,24,0,0,45,0,45,9,4,52,4,69,18,0,18,87
04/27/2020,EUG,OR,ANM,WE,Combined TRACON& Tower with Radar,11,10,10,26,57,0,2,1,0,3,11,12,11,26,60,0,0,0,60
04/28/2020,EUG,OR,ANM,WE,Combined TRACON& Tower with Radar,8,6,8,18,40,0,4,56,0,60,8,10,64,18,100,66,16,82,182
04/29/2020,EUG,OR,ANM,WE,Combined TRACON& Tower with Radar,9,10,7,0,26,0,2,20,0,22,9,12,27,0,48,8,0,8,56
04/30/2020,EUG,OR,ANM,WE,Combined TRACON& Tower with Radar,8,9,10,18,45,0,5,27,1,33,8,14,37,19,78,2,44,46,124
05/01/2020,EUG,OR,ANM,WE,Combined TRACON& Tower with Radar,10,6,9,22,47,0,3,37,0,40,10,9,46,22,87,24,4,28,115
05/02/2020,EUG,OR,ANM,WE,Combined TRACON& Tower with Radar,6,7,18,1,32,0,0,0,0,0,6,7,18,1,32,0,2,2,34
05/03/2020,EUG,OR,ANM,WE,Combined TRACON& Tower with Radar,12,5,7,0,24,0,0,27,0,27,12,5,34,0,51,16,0,16,67
05/04/2020,EUG,OR,ANM,WE,Combined TRACON& Tower with Radar,16,10,12,72,110,0,4,21,8,33,16,14,33,80,143,28,92,120,263
05/05/2020,EUG,OR,ANM,WE,Combined TRACON& Tower with Radar,12,9,5,37,63,0,3,26,6,35,12,12,31,43,98,68,46,114,212
05/06/2020,EUG,OR,ANM,WE,Combined TRACON& Tower with Radar,15,9,17,23,64,0,6,26,2,34,15,15,43,25,98,76,72,148,246
05/07/2020,EUG,OR,ANM,WE,Combined TRACON& Tower with Radar,20,5,10,18,53,0,5,40,0,45,20,10,50,18,98,22,26,48,146
05/08/2020,EUG,OR,ANM,WE,Combined TRACON& Tower with Radar,15,1,8,6,30,0,4,52,1,57,15,5,60,7,87,62,14,76,163
05/09/2020,EUG,OR,ANM,WE,Combined TRACON& Tower with Radar,14,2,6,0,22,0,0,63,0,63,14,2,69,0,85,10,0,10,95
05/10/2020,EUG,OR,ANM,WE,Combined TRACON& Tower with Radar,23,0,6,0,29,0,0,33,0,33,23,0,39,0,62,4,0,4,66
05/11/2020,EUG,OR,ANM,WE,Combined TRACON& Tower with Radar,13,7,9,8,37,0,2,28,1,31,13,9,37,9,68,36,12,48,116
05/12/2020,EUG,OR,ANM,WE,Combined TRACON& Tower with Radar,16,10,4,0,30,0,0,1,0,1,16,10,5,0,31,0,0,0,31
05/13/2020,EUG,OR,ANM,WE,Combined TRACON& Tower with Radar,17,8,10,10,45,0,0,5,1,6,17,8,15,11,51,16,0,16,67
05/14/2020,EUG,OR,ANM,WE,Combined TRACON& Tower with Radar,15,12,12,13,52,0,0,2,7,9,15,12,14,20,61,0,4,4,65
05/15/2020,EUG,OR,ANM,WE,Combined TRACON& Tower with Radar,18,2,20,16,56,0,3,60,0,63,18,5,80,16,119,16,18,34,153
05/16/2020,EUG,OR,ANM,WE,Combined TRACON& Tower with Radar,14,3,9,0,26,0,0,11,0,11,14,3,20,0,37,0,0,0,37
05/17/2020,EUG,OR,ANM,WE,Combined TRACON& Tower with Radar,21,3,13,0,37,0,0,3,0,3,21,3,16,0,40,0,0,0,40
05/18/2020,EUG,OR,ANM,WE,Combined TRACON& Tower with Radar,17,8,13,1,39,0,0,10,1,11,17,8,23,2,50,24,0,24,74
05/19/2020,EUG,OR,ANM,WE,Combined TRACON& Tower with Radar,16,8,12,28,64,0,2,9,2,13,16,10,21,30,77,10,30,40,117
05/20/2020,EUG,OR,ANM,WE,Combined TRACON& Tower with Radar,17,7,36,19,79,0,1,14,3,18,17,8,50,22,97,0,88,88,185
05/21/2020,EUG,OR,ANM,WE,Combined TRACON& Tower with Radar,18,10,10,43,81,0,0,18,3,21,18,10,28,46,102,20,60,80,182
05/22/2020,EUG,OR,ANM,WE,Combined TRACON& Tower with Radar,21,4,25,0,50,0,0,43,0,43,21,4,68,0,93,78,0,78,171
05/23/2020,EUG,OR,ANM,WE,Combined TRACON& Tower with Radar,16,3,9,0,28,0,1,80,0,81,16,4,89,0,109,50,0,50,159
05/24/2020,EUG,OR,ANM,WE,Combined TRACON& Tower with Radar,21,3,3,0,27,0,0,36,0,36,21,3,39,0,63,40,0,40,103
05/25/2020,EUG,OR,ANM,WE,Combined TRACON& Tower with Radar,21,1,12,1,35,0,2,27,0,29,21,3,39,1,64,34,0,34,98
05/26/2020,EUG,OR,ANM,WE,Combined TRACON& Tower with Radar,16,6,14,4,40,0,4,42,0,46,16,10,56,4,86,74,0,74,160
05/27/2020,EUG,OR,ANM,WE,Combined TRACON& Tower with Radar,19,3,11,5,38,0,5,79,1,85,19,8,90,6,123,122,10,132,255
05/28/2020,EUG,OR,ANM,WE,Combined TRACON& Tower with Radar,20,8,26,10,64,0,2,91,0,93,20,10,117,10,157,114,8,122,279
05/29/2020,EUG,OR,ANM,WE,Combined TRACON& Tower with Radar,19,6,19,5,49,0,1,65,0,66,19,7,84,5,115,72,0,72,187
05/30/2020,EUG,OR,ANM,WE,Combined TRACON& Tower with Radar,14,3,9,0,26,0,0,0,0,0,14,3,9,0,26,0,0,0,26
05/31/2020,EUG,OR,ANM,WE,Combined TRACON& Tower with Radar,21,3,7,0,31,0,1,22,0,23,21,4,29,0,54,26,0,26,80
06/01/2020,EUG,OR,ANM,WE,Combined TRACON& Tower with Radar,21,6,8,4,39,0,3,35,0,38,21,9,43,4,77,20,0,20,97
06/02/2020,EUG,OR,ANM,WE,Combined TRACON& Tower with Radar,16,4,6,4,30,0,4,54,0,58,16,8,60,4,88,24,0,24,112
06/03/2020,EUG,OR,ANM,WE,Combined TRACON& Tower with Radar,19,5,3,2,29,0,5,67,0,72,19,10,70,2,101,112,0,112,213
06/04/2020,EUG,OR,ANM,WE,Combined TRACON& Tower with Radar,24,5,16,0,45,0,5,70,0,75,24,10,86,0,120,58,0,58,178
06/05/2020,EUG,OR,ANM,WE,Combined TRACON& Tower with Radar,26,8,12,0,46,0,1,30,0,31,26,9,42,0,77,14,0,14,91
06/06/2020,EUG,OR,ANM,WE,Combined TRACON& Tower with Radar,20,4,4,0,28,0,0,0,0,0,20,4,4,0,28,2,0,2,30
06/07/2020,EUG,OR,ANM,WE,Combined TRACON& Tower with Radar,23,1,15,0,39,0,0,0,0,0,23,1,15,0,39,2,0,2,41
06/08/2020,EUG,OR,ANM,WE,Combined TRACON& Tower with Radar,27,8,8,0,43,0,4,65,0,69,27,12,73,0,112,18,0,18,130
06/09/2020,EUG,OR,ANM,WE,Combined TRACON& Tower with Radar,21,7,16,5,49,0,1,12,0,13,21,8,28,5,62,6,0,6,68
06/10/2020,EUG,OR,ANM,WE,Combined TRACON& Tower with Radar,20,8,23,2,53,0,3,24,0,27,20,11,47,2,80,52,0,52,132
06/11/2020,EUG,OR,ANM,WE,Combined TRACON& Tower with Radar,24,6,18,2,50,0,3,56,0,59,24,9,74,2,109,36,0,36,145
06/12/2020,EUG,OR,ANM,WE,Combined TRACON& Tower with Radar,30,4,19,2,55,0,0,5,0,5,30,4,24,2,60,22,0,22,82
06/13/2020,EUG,OR,ANM,WE,Combined TRACON& Tower with Radar,22,4,9,0,35,0,0,6,2,8,22,4,15,2,43,6,2,8,51
06/14/2020,EUG,OR,ANM,WE,Combined TRACON& Tower with Radar,26,2,13,2,43,0,0,38,0,38,26,2,51,2,81,40,0,40,121
06/15/2020,EUG,OR,ANM,WE,Combined TRACON& Tower with Radar,30,12,11,0,53,0,0,0,0,0,30,12,11,0,53,0,0,0,53
06/16/2020,EUG,OR,ANM,WE,Combined TRACON& Tower with Radar,24,9,14,0,47,1,0,9,0,10,25,9,23,0,57,22,0,22,79
06/17/2020,EUG,OR,ANM,WE,Combined TRACON& Tower with Radar,20,5,24,8,57,0,4,58,0,62,20,9,82,8,119,90,0,90,209
06/18/2020,EUG,OR,ANM,WE,Combined TRACON& Tower with Radar,26,7,8,0,41,0,4,74,0,78,26,11,82,0,119,88,0,88,207
06/19/2020,EUG,OR,ANM,WE,Combined TRACON& Tower with Radar,30,7,18,0,55,0,2,93,0,95,30,9,111,0,150,94,0,94,244
06/20/2020,EUG,OR,ANM,WE,Combined TRACON& Tower with Radar,24,2,9,2,37,0,0,18,0,18,24,2,27,2,55,10,0,10,65
06/21/2020,EUG,OR,ANM,WE,Combined TRACON& Tower with Radar,26,0,14,0,40,0,0,43,0,43,26,0,57,0,83,6,0,6,89
06/22/2020,EUG,OR,ANM,WE,Combined TRACON& Tower with Radar,32,5,13,3,53,0,6,50,0,56,32,11,63,3,109,26,0,26,135
06/23/2020,EUG,OR,ANM,WE,Combined TRACON& Tower with Radar,24,7,16,6,53,0,5,45,0,50,24,12,61,6,103,18,0,18,121
06/24/2020,EUG,OR,ANM,WE,Combined TRACON& Tower with Radar,22,7,15,4,48,0,4,51,2,57,22,11,66,6,105,58,0,58,163
06/25/2020,EUG,OR,ANM,WE,Combined TRACON& Tower with Radar,26,8,22,0,56,0,4,40,0,44,26,12,62,0,100,28,0,28,128
06/26/2020,EUG,OR,ANM,WE,Combined TRACON& Tower with Radar,30,1,18,0,49,0,6,55,0,61,30,7,73,0,110,46,0,46,156
06/27/2020,EUG,OR,ANM,WE,Combined TRACON& Tower with Radar,24,7,13,0,44,0,0,20,0,20,24,7,33,0,64,0,0,0,64
06/28/2020,EUG,OR,ANM,WE,Combined TRACON& Tower with Radar,28,1,6,0,35,0,0,9,0,9,28,1,15,0,44,0,0,0,44
06/29/2020,EUG,OR,ANM,WE,Combined TRACON& Tower with Radar,30,7,21,5,63,0,3,69,0,72,30,10,90,5,135,114,0,114,249
06/30/2020,EUG,OR,ANM,WE,Combined TRACON& Tower with Radar,24,6,29,5,64,0,2,19,0,21,24,8,48,5,85,38,0,38,123
07/01/2020,EUG,OR,ANM,WE,Combined TRACON& Tower with Radar,21,8,20,0,49,0,2,40,0,42,21,10,60,0,91,84,0,84,175
07/02/2020,EUG,OR,ANM,WE,Combined TRACON& Tower with Radar,26,7,17,0,50,0,3,59,0,62,26,10,76,0,112,54,0,54,166
07/03/2020,EUG,OR,ANM,WE,Combined TRACON& Tower with Radar,30,2,18,0,50,0,1,16,0,17,30,3,34,0,67,22,0,22,89
07/04/2020,EUG,OR,ANM,WE,Combined TRACON& Tower with Radar,22,3,6,0,31,0,2,31,0,33,22,5,37,0,64,16,0,16,80
07/05/2020,EUG,OR,ANM,WE,Combined TRACON& Tower with Radar,25,1,7,0,33,0,0,36,0,36,25,1,43,0,69,18,0,18,87
07/06/2020,EUG,OR,ANM,WE,Combined TRACON& Tower with Radar,32,8,18,0,58,0,0,20,0,20,32,8,38,0,78,14,0,14,92
07/07/2020,EUG,OR,ANM,WE,Combined TRACON& Tower with Radar,23,9,23,0,55,0,0,49,0,49,23,9,72,0,104,78,0,78,182
07/08/2020,EUG,OR,ANM,WE,Combined TRACON& Tower with Radar,23,8,19,2,52,0,2,76,0,78,23,10,95,2,130,78,0,78,208
07/09/2020,EUG,OR,ANM,WE,Combined TRACON& Tower with Radar,25,9,11,5,50,0,0,81,0,81,25,9,92,5,131,130,0,130,261
07/10/2020,EUG,OR,ANM,WE,Combined TRACON& Tower with Radar,31,5,18,0,54,0,2,82,0,84,31,7,100,0,138,56,0,56,194
07/11/2020,EUG,OR,ANM,WE,Combined TRACON& Tower with Radar,23,2,3,0,28,0,1,61,0,62,23,3,64,0,90,2,0,2,92
07/12/2020,EUG,OR,ANM,WE,Combined TRACON& Tower with Radar,25,0,6,0,31,0,1,33,0,34,25,1,39,0,65,4,0,4,69
07/13/2020,EUG,OR,ANM,WE,Combined TRACON& Tower with Radar,31,3,26,0,60,0,4,76,0,80,31,7,102,0,140,108,0,108,248
07/14/2020,EUG,OR,ANM,WE,Combined TRACON& Tower with Radar,23,5,4,0,32,0,4,52,0,56,23,9,56,0,88,76,0,76,164
07/15/2020,EUG,OR,ANM,WE,Combined TRACON& Tower with Radar,23,7,8,0,38,0,5,54,0,59,23,12,62,0,97,40,0,40,137
07/16/2020,EUG,OR,ANM,WE,Combined TRACON& Tower with Radar,25,5,6,0,36,0,3,64,0,67,25,8,70,0,103,38,0,38,141
07/17/2020,EUG,OR,ANM,WE,Combined TRACON& Tower with Radar,31,5,22,0,58,0,5,70,0,75,31,10,92,0,133,114,0,114,247
07/18/2020,EUG,OR,ANM,WE,Combined TRACON& Tower with Radar,23,1,10,0,34,0,1,45,0,46,23,2,55,0,80,6,0,6,86
07/19/2020,EUG,OR,ANM,WE,Combined TRACON& Tower with Radar,25,2,7,0,34,0,0,58,0,58,25,2,65,0,92,28,0,28,120
07/20/2020,EUG,OR,ANM,WE,Combined TRACON& Tower with Radar,30,11,10,1,52,0,2,74,0,76,30,13,84,1,128,90,0,90,218
07/21/2020,EUG,OR,ANM,WE,Combined TRACON& Tower with Radar,24,10,15,0,49,0,2,62,0,64,24,12,77,0,113,34,20,54,167
07/22/2020,EUG,OR,ANM,WE,Combined TRACON& Tower with Radar,23,8,5,0,36,0,1,53,0,54,23,9,58,0,90,106,0,106,196
07/23/2020,EUG,OR,ANM,WE,Combined TRACON& Tower with Radar,25,9,23,3,60,0,1,50,0,51,25,10,73,3,111,90,0,90,201
07/24/2020,EUG,OR,ANM,WE,Combined TRACON& Tower with Radar,31,7,12,3,53,0,0,47,0,47,31,7,59,3,100,96,0,96,196
07/25/2020,EUG,OR,ANM,WE,Combined TRACON& Tower with Radar,22,4,3,0,29,0,0,50,0,50,22,4,53,0,79,22,0,22,101
07/26/2020,EUG,OR,ANM,WE,Combined TRACON& Tower with Radar,23,3,9,0,35,0,0,42,0,42,23,3,51,0,77,22,0,22,99
07/27/2020,EUG,OR,ANM,WE,Combined TRACON& Tower with Radar,30,9,3,11,53,0,4,55,2,61,30,13,58,13,114,84,0,84,198
07/28/2020,EUG,OR,ANM,WE,Combined TRACON& Tower with Radar,23,4,15,4,46,0,5,64,0,69,23,9,79,4,115,24,0,24,139
07/29/2020,EUG,OR,ANM,WE,Combined TRACON& Tower with Radar,23,5,13,3,44,0,5,68,0,73,23,10,81,3,117,82,0,82,199
07/30/2020,EUG,OR,ANM,WE,Combined TRACON& Tower with Radar,25,7,22,0,54,0,4,67,2,73,25,11,89,2,127,84,0,84,211
07/31/2020,EUG,OR,ANM,WE,Combined TRACON& Tower with Radar,31,5,26,0,62,0,2,78,0,80,31,7,104,0,142,106,0,106,248
08/01/2020,EUG,OR,ANM,WE,Combined TRACON& Tower with Radar,26,5,8,0,39,0,2,62,0,64,26,7,70,0,103,34,0,34,137
08/02/2020,EUG,OR,ANM,WE,Combined TRACON& Tower with Radar,30,1,5,0,36,0,3,26,0,29,30,4,31,0,65,12,0,12,77
08/03/2020,EUG,OR,ANM,WE,Combined TRACON& Tower with Radar,36,6,6,0,48,0,3,59,0,62,36,9,65,0,110,68,0,68,178
08/04/2020,EUG,OR,ANM,WE,Combined TRACON& Tower with Radar,28,9,9,0,46,0,3,47,2,52,28,12,56,2,98,44,0,44,142
08/05/2020,EUG,OR,ANM,WE,Combined TRACON& Tower with Radar,32,12,28,2,74,0,3,35,0,38,32,15,63,2,112,70,6,76,188
08/06/2020,EUG,OR,ANM,WE,Combined TRACON& Tower with Radar,30,7,30,0,67,0,2,20,0,22,30,9,50,0,89,44,0,44,133
08/07/2020,EUG,OR,ANM,WE,Combined TRACON& Tower with Radar,36,4,15,2,57,0,2,78,0,80,36,6,93,2,137,64,0,64,201
08/08/2020,EUG,OR,ANM,WE,Combined TRACON& Tower with Radar,28,3,14,0,45,1,0,30,0,31,29,3,44,0,76,8,0,8,84
08/09/2020,EUG,OR,ANM,WE,Combined TRACON& Tower with Radar,30,2,19,0,51,0,0,37,0,37,30,2,56,0,88,58,0,58,146
08/10/2020,EUG,OR,ANM,WE,Combined TRACON& Tower with Radar,38,4,11,2,55,0,6,69,1,76,38,10,80,3,131,100,0,100,231
08/11/2020,EUG,OR,ANM,WE,Combined TRACON& Tower with Radar,28,8,12,2,50,0,5,76,0,81,28,13,88,2,131,64,0,64,195
08/12/2020,EUG,OR,ANM,WE,Combined TRACON& Tower with Radar,32,5,10,2,49,0,4,66,0,70,32,9,76,2,119,106,0,106,225
08/13/2020,EUG,OR,ANM,WE,Combined TRACON& Tower with Radar,30,1,6,2,39,0,6,57,0,63,30,7,63,2,102,36,0,36,138
08/14/2020,EUG,OR,ANM,WE,Combined TRACON& Tower with Radar,36,3,13,2,54,0,2,66,0,68,36,5,79,2,122,50,0,50,172
08/15/2020,EUG,OR,ANM,WE,Combined TRACON& Tower with Radar,28,2,7,0,37,0,2,29,0,31,28,4,36,0,68,8,0,8,76
08/16/2020,EUG,OR,ANM,WE,Combined TRACON& Tower with Radar,30,3,5,0,38,2,0,19,0,21,32,3,24,0,59,4,0,4,63
08/17/2020,EUG,OR,ANM,WE,Combined TRACON& Tower with Radar,36,11,18,0,65,0,4,57,0,61,36,15,75,0,126,50,0,50,176
08/18/2020,EUG,OR,ANM,WE,Combined TRACON& Tower with Radar,28,7,16,1,52,0,6,69,0,75,28,13,85,1,127,56,0,56,183
08/19/2020,EUG,OR,ANM,WE,Combined TRACON& Tower with Radar,28,3,19,0,50,4,6,80,0,90,32,9,99,0,140,46,0,46,186
08/20/2020,EUG,OR,ANM,WE,Combined TRACON& Tower with Radar,34,4,12,2,52,0,5,75,0,80,34,9,87,2,132,98,0,98,230
08/21/2020,EUG,OR,ANM,WE,Combined TRACON& Tower with Radar,28,7,30,0,65,0,1,19,0,20,28,8,49,0,85,44,0,44,129
08/22/2020,EUG,OR,ANM,WE,Combined TRACON& Tower with Radar,28,3,4,0,35,0,0,31,0,31,28,3,35,0,66,20,0,20,86
08/23/2020,EUG,OR,ANM,WE,Combined TRACON& Tower with Radar,34,2,14,0,50,0,1,29,0,30,34,3,43,0,80,40,0,40,120
08/24/2020,EUG,OR,ANM,WE,Combined TRACON& Tower with Radar,31,8,13,1,53,0,4,47,0,51,31,12,60,1,104,40,0,40,144
08/25/2020,EUG,OR,ANM,WE,Combined TRACON& Tower with Radar,30,6,25,3,64,0,3,74,1,78,30,9,99,4,142,106,0,106,248
08/26/2020,EUG,OR,ANM,WE,Combined TRACON& Tower with Radar,28,10,10,0,48,0,3,68,0,71,28,13,78,0,119,58,0,58,177
08/27/2020,EUG,OR,ANM,WE,Combined TRACON& Tower with Radar,34,6,22,0,62,5,4,63,0,72,39,10,85,0,134,68,0,68,202
08/28/2020,EUG,OR,ANM,WE,Combined TRACON& Tower with Radar,31,3,10,0,44,0,1,49,0,50,31,4,59,0,94,26,0,26,120
08/29/2020,EUG,OR,ANM,WE,Combined TRACON& Tower with Radar,28,5,13,0,46,0,1,58,0,59,28,6,71,0,105,2,0,2,107
08/30/2020,EUG,OR,ANM,WE,Combined TRACON& Tower with Radar,34,0,6,0,40,0,0,48,0,48,34,0,54,0,88,10,0,10,98
08/31/2020,EUG,OR,ANM,WE,Combined TRACON& Tower with Radar,31,6,12,0,49,0,4,41,0,45,31,10,53,0,94,64,0,64,158
09/01/2020,EUG,OR,ANM,WE,Combined TRACON& Tower with Radar,27,7,16,1,51,0,2,67,1,70,27,9,83,2,121,54,2,56,177
09/02/2020,EUG,OR,ANM,WE,Combined TRACON& Tower with Radar,26,5,14,8,53,0,3,64,0,67,26,8,78,8,120,28,0,28,148
09/03/2020,EUG,OR,ANM,WE,Combined TRACON& Tower with Radar,32,3,19,0,54,0,9,86,0,95,32,12,105,0,149,48,0,48,197
09/04/2020,EUG,OR,ANM,WE,Combined TRACON& Tower with Radar,28,3,17,0,48,0,1,73,1,75,28,4,90,1,123,70,0,70,193
09/05/2020,EUG,OR,ANM,WE,Combined TRACON& Tower with Radar,26,3,17,0,46,0,0,48,0,48,26,3,65,0,94,60,0,60,154
09/06/2020,EUG,OR,ANM,WE,Combined TRACON& Tower with Radar,32,0,9,0,41,0,0,46,1,47,32,0,55,1,88,54,0,54,142
09/07/2020,EUG,OR,ANM,WE,Combined TRACON& Tower with Radar,28,2,15,0,45,0,0,47,0,47,28,2,62,0,92,32,0,32,124
09/08/2020,EUG,OR,ANM,WE,Combined TRACON& Tower with Radar,13,7,15,2,37,0,0,1,0,1,13,7,16,2,38,0,0,0,38
09/09/2020,EUG,OR,ANM,WE,Combined TRACON& Tower with Radar,22,3,6,0,31,0,0,0,0,0,22,3,6,0,31,0,0,0,31
09/10/2020,EUG,OR,ANM,WE,Combined TRACON& Tower with Radar,27,7,15,0,49,0,0,0,0,0,27,7,15,0,49,0,0,0,49
09/11/2020,EUG,OR,ANM,WE,Combined TRACON& Tower with Radar,15,2,13,0,30,0,0,0,1,1,15,2,13,1,31,0,0,0,31
09/12/2020,EUG,OR,ANM,WE,Combined TRACON& Tower with Radar,0,4,1,0,5,0,0,0,0,0,0,4,1,0,5,0,0,0,5
09/13/2020,EUG,OR,ANM,WE,Combined TRACON& Tower with Radar,0,0,0,0,0,0,0,0,0,0,0,0,0,0,0,0,0,0,0
09/14/2020,EUG,OR,ANM,WE,Combined TRACON& Tower with Radar,17,3,6,0,26,0,0,0,0,0,17,3,6,0,26,0,0,0,26
09/15/2020,EUG,OR,ANM,WE,Combined TRACON& Tower with Radar,21,4,5,0,30,0,0,0,0,0,21,4,5,0,30,0,0,0,30
09/16/2020,EUG,OR,ANM,WE,Combined TRACON& Tower with Radar,28,7,8,0,43,0,0,0,0,0,28,7,8,0,43,0,0,0,43
09/17/2020,EUG,OR,ANM,WE,Combined TRACON& Tower with Radar,32,9,14,0,55,0,0,0,0,0,32,9,14,0,55,0,0,0,55
09/18/2020,EUG,OR,ANM,WE,Combined TRACON& Tower with Radar,30,3,14,0,47,0,0,6,0,6,30,3,20,0,53,8,0,8,61
09/19/2020,EUG,OR,ANM,WE,Combined TRACON& Tower with Radar,28,7,27,0,62,0,0,24,0,24,28,7,51,0,86,24,0,24,110
09/20/2020,EUG,OR,ANM,WE,Combined TRACON& Tower with Radar,34,4,10,0,48,0,0,37,0,37,34,4,47,0,85,40,0,40,125
09/21/2020,EUG,OR,ANM,WE,Combined TRACON& Tower with Radar,30,17,23,0,70,0,3,73,0,76,30,20,96,0,146,54,0,54,200
09/22/2020,EUG,OR,ANM,WE,Combined TRACON& Tower with Radar,28,12,33,4,77,0,5,49,0,54,28,17,82,4,131,42,8,50,181
09/23/2020,EUG,OR,ANM,WE,Combined TRACON& Tower with Radar,30,10,19,0,59,0,2,16,0,18,30,12,35,0,77,42,0,42,119
09/24/2020,EUG,OR,ANM,WE,Combined TRACON& Tower with Radar,34,9,24,0,67,0,3,35,0,38,34,12,59,0,105,44,0,44,149
09/25/2020,EUG,OR,ANM,WE,Combined TRACON& Tower with Radar,30,9,10,0,49,0,0,2,0,2,30,9,12,0,51,0,0,0,51
09/26/2020,EUG,OR,ANM,WE,Combined TRACON& Tower with Radar,28,9,17,0,54,0,0,25,0,25,28,9,42,0,79,46,0,46,125
09/27/2020,EUG,OR,ANM,WE,Combined TRACON& Tower with Radar,35,6,19,0,60,0,0,51,0,51,35,6,70,0,111,42,0,42,153
09/28/2020,EUG,OR,ANM,WE,Combined TRACON& Tower with Radar,30,8,18,0,56,0,3,78,0,81,30,11,96,0,137,60,0,60,197
09/29/2020,EUG,OR,ANM,WE,Combined TRACON& Tower with Radar,29,6,17,1,53,0,4,93,0,97,29,10,110,1,150,102,0,102,252
09/30/2020,EUG,OR,ANM,WE,Combined TRACON& Tower with Radar,30,9,25,0,64,0,2,91,0,93,30,11,116,0,157,68,0,68,225
10/01/2020,EUG,OR,ANM,WE,Combined TRACON& Tower with Radar,35,13,22,2,72,0,1,65,4,70,35,14,87,6,142,108,0,108,250
10/02/2020,EUG,OR,ANM,WE,Combined TRACON& Tower with Radar,33,6,17,0,56,0,0,35,0,35,33,6,52,0,91,24,0,24,115
10/03/2020,EUG,OR,ANM,WE,Combined TRACON& Tower with Radar,34,6,8,0,48,0,0,41,0,41,34,6,49,0,89,62,0,62,151
10/04/2020,EUG,OR,ANM,WE,Combined TRACON& Tower with Radar,44,2,17,0,63,0,0,7,0,7,44,2,24,0,70,2,0,2,72
10/05/2020,EUG,OR,ANM,WE,Combined TRACON& Tower with Radar,41,8,15,18,82,0,3,49,0,52,41,11,64,18,134,44,12,56,190
10/06/2020,EUG,OR,ANM,WE,Combined TRACON& Tower with Radar,36,10,17,8,71,0,1,70,0,71,36,11,87,8,142,100,0,100,242
10/07/2020,EUG,OR,ANM,WE,Combined TRACON& Tower with Radar,36,12,22,0,70,0,0,57,0,57,36,12,79,0,127,100,0,100,227
10/08/2020,EUG,OR,ANM,WE,Combined TRACON& Tower with Radar,44,12,20,4,80,0,1,36,0,37,44,13,56,4,117,78,0,78,195
10/09/2020,EUG,OR,ANM,WE,Combined TRACON& Tower with Radar,38,6,20,0,64,0,0,21,0,21,38,6,41,0,85,22,0,22,107
10/10/2020,EUG,OR,ANM,WE,Combined TRACON& Tower with Radar,38,4,12,0,54,0,0,10,0,10,38,4,22,0,64,18,0,18,82
10/11/2020,EUG,OR,ANM,WE,Combined TRACON& Tower with Radar,44,1,7,0,52,0,0,7,0,7,44,1,14,0,59,10,0,10,69
10/12/2020,EUG,OR,ANM,WE,Combined TRACON& Tower with Radar,40,11,19,0,70,0,1,34,0,35,40,12,53,0,105,36,0,36,141
10/13/2020,EUG,OR,ANM,WE,Combined TRACON& Tower with Radar,37,8,12,12,69,0,0,2,0,2,37,8,14,12,71,6,6,12,83
10/14/2020,EUG,OR,ANM,WE,Combined TRACON& Tower with Radar,36,5,28,0,69,0,5,61,0,66,36,10,89,0,135,36,0,36,171
10/15/2020,EUG,OR,ANM,WE,Combined TRACON& Tower with Radar,44,8,19,7,78,0,3,84,1,88,44,11,103,8,166,82,0,82,248
10/16/2020,EUG,OR,ANM,WE,Combined TRACON& Tower with Radar,38,6,21,2,67,0,1,114,2,117,38,7,135,4,184,38,122,160,344
10/17/2020,EUG,OR,ANM,WE,Combined TRACON& Tower with Radar,38,5,7,0,50,0,0,36,0,36,38,5,43,0,86,52,0,52,138
10/18/2020,EUG,OR,ANM,WE,Combined TRACON& Tower with Radar,44,0,23,2,69,0,0,37,0,37,44,0,60,2,106,14,0,14,120
10/19/2020,EUG,OR,ANM,WE,Combined TRACON& Tower with Radar,40,10,18,34,102,0,2,23,4,29,40,12,41,38,131,66,8,74,205
10/20/2020,EUG,OR,ANM,WE,Combined TRACON& Tower with Radar,36,7,14,26,83,0,1,63,0,64,36,8,77,26,147,110,0,110,257
10/21/2020,EUG,OR,ANM,WE,Combined TRACON& Tower with Radar,36,7,12,39,94,0,1,57,0,58,36,8,69,39,152,108,0,108,260
10/22/2020,EUG,OR,ANM,WE,Combined TRACON& Tower with Radar,44,12,18,11,85,0,3,72,0,75,44,15,90,11,160,64,0,64,224
10/23/2020,EUG,OR,ANM,WE,Combined TRACON& Tower with Radar,37,7,34,48,126,0,2,69,9,80,37,9,103,57,206,36,42,78,284
10/24/2020,EUG,OR,ANM,WE,Combined TRACON& Tower with Radar,38,4,10,2,54,0,0,10,0,10,38,4,20,2,64,0,0,0,64
10/25/2020,EUG,OR,ANM,WE,Combined TRACON& Tower with Radar,39,2,12,2,55,0,0,37,0,37,39,2,49,2,92,34,0,34,126
10/26/2020,EUG,OR,ANM,WE,Combined TRACON& Tower with Radar,40,5,7,0,52,0,3,67,0,70,40,8,74,0,122,66,0,66,188
10/27/2020,EUG,OR,ANM,WE,Combined TRACON& Tower with Radar,35,10,17,21,83,0,6,62,1,69,35,16,79,22,152,84,16,100,252
10/28/2020,EUG,OR,ANM,WE,Combined TRACON& Tower with Radar,37,9,21,12,79,0,3,82,0,85,37,12,103,12,164,82,0,82,246
10/29/2020,EUG,OR,ANM,WE,Combined TRACON& Tower with Radar,44,9,16,2,71,0,0,0,0,0,44,9,16,2,71,0,0,0,71
10/30/2020,EUG,OR,ANM,WE,Combined TRACON& Tower with Radar,38,4,21,4,67,0,0,6,3,9,38,4,27,7,76,68,22,90,166
10/31/2020,EUG,OR,ANM,WE,Combined TRACON& Tower with Radar,36,2,6,0,44,0,0,41,0,41,36,2,47,0,85,34,0,34,119
11/01/2020,EUG,OR,ANM,WE,Combined TRACON& Tower with Radar,45,1,10,0,56,0,0,50,0,50,45,1,60,0,106,30,0,30,136
11/02/2020,EUG,OR,ANM,WE,Combined TRACON& Tower with Radar,38,10,24,0,72,0,2,60,0,62,38,12,84,0,134,70,4,74,208
11/03/2020,EUG,OR,ANM,WE,Combined TRACON& Tower with Radar,35,13,17,3,68,0,0,18,0,18,35,13,35,3,86,40,0,40,126
11/04/2020,EUG,OR,ANM,WE,Combined TRACON& Tower with Radar,34,10,14,2,60,0,1,32,1,34,34,11,46,3,94,32,10,42,136
11/05/2020,EUG,OR,ANM,WE,Combined TRACON& Tower with Radar,44,16,33,20,113,0,0,3,0,3,44,16,36,20,116,0,0,0,116
11/06/2020,EUG,OR,ANM,WE,Combined TRACON& Tower with Radar,41,8,23,15,87,0,0,10,1,11,41,8,33,16,98,8,30,38,136
11/07/2020,EUG,OR,ANM,WE,Combined TRACON& Tower with Radar,40,8,4,0,52,0,0,5,0,5,40,8,9,0,57,0,0,0,57
11/08/2020,EUG,OR,ANM,WE,Combined TRACON& Tower with Radar,44,3,13,0,60,0,0,84,1,85,44,3,97,1,145,48,0,48,193
11/09/2020,EUG,OR,ANM,WE,Combined TRACON& Tower with Radar,41,14,12,14,81,0,1,40,2,43,41,15,52,16,124,22,20,42,166
11/10/2020,EUG,OR,ANM,WE,Combined TRACON& Tower with Radar,36,12,12,18,78,0,0,8,0,8,36,12,20,18,86,26,0,26,112
11/11/2020,EUG,OR,ANM,WE,Combined TRACON& Tower with Radar,36,9,16,0,61,0,1,18,0,19,36,10,34,0,80,24,0,24,104
11/12/2020,EUG,OR,ANM,WE,Combined TRACON& Tower with Radar,42,11,13,0,66,0,0,35,0,35,42,11,48,0,101,44,0,44,145
11/13/2020,EUG,OR,ANM,WE,Combined TRACON& Tower with Radar,42,7,13,8,70,0,0,2,0,2,42,7,15,8,72,16,0,16,88
11/14/2020,EUG,OR,ANM,WE,Combined TRACON& Tower with Radar,39,6,9,0,54,0,1,3,0,4,39,7,12,0,58,0,0,0,58
11/15/2020,EUG,OR,ANM,WE,Combined TRACON& Tower with Radar,42,3,6,0,51,0,0,4,0,4,42,3,10,0,55,0,0,0,55
11/16/2020,EUG,OR,ANM,WE,Combined TRACON& Tower with Radar,40,8,13,2,63,0,2,17,4,23,40,10,30,6,86,102,10,112,198
11/17/2020,EUG,OR,ANM,WE,Combined TRACON& Tower with Radar,36,10,20,2,68,0,1,2,0,3,36,11,22,2,71,6,0,6,77
11/18/2020,EUG,OR,ANM,WE,Combined TRACON& Tower with Radar,36,19,10,2,67,0,1,1,0,2,36,20,11,2,69,24,0,24,93
11/19/2020,EUG,OR,ANM,WE,Combined TRACON& Tower with Radar,40,5,35,12,92,0,3,39,0,42,40,8,74,12,134,112,0,112,246
11/20/2020,EUG,OR,ANM,WE,Combined TRACON& Tower with Radar,49,2,25,6,82,0,3,69,0,72,49,5,94,6,154,36,0,36,190
11/21/2020,EUG,OR,ANM,WE,Combined TRACON& Tower with Radar,48,6,20,0,74,0,0,0,0,0,48,6,20,0,74,0,0,0,74
11/22/2020,EUG,OR,ANM,WE,Combined TRACON& Tower with Radar,42,3,8,0,53,0,0,6,0,6,42,3,14,0,59,24,0,24,83
11/23/2020,EUG,OR,ANM,WE,Combined TRACON& Tower with Radar,46,8,13,32,99,0,0,4,0,4,46,8,17,32,103,10,4,14,117
11/24/2020,EUG,OR,ANM,WE,Combined TRACON& Tower with Radar,41,15,27,7,90,0,1,40,0,41,41,16,67,7,131,76,4,80,211
11/25/2020,EUG,OR,ANM,WE,Combined TRACON& Tower with Radar,48,12,15,11,86,0,0,13,2,15,48,12,28,13,101,38,24,62,163
11/26/2020,EUG,OR,ANM,WE,Combined TRACON& Tower with Radar,24,2,2,0,28,0,0,9,0,9,24,2,11,0,37,0,0,0,37
11/27/2020,EUG,OR,ANM,WE,Combined TRACON& Tower with Radar,41,6,7,0,54,0,0,1,0,1,41,6,8,0,55,0,0,0,55
11/28/2020,EUG,OR,ANM,WE,Combined TRACON& Tower with Radar,43,4,10,0,57,0,0,26,0,26,43,4,36,0,83,32,0,32,115
11/29/2020,EUG,OR,ANM,WE,Combined TRACON& Tower with Radar,51,3,16,0,70,0,0,19,0,19,51,3,35,0,89,8,0,8,97
11/30/2020,EUG,OR,ANM,WE,Combined TRACON& Tower with Radar,45,8,12,0,65,0,2,10,0,12,45,10,22,0,77,32,0,32,109
12/01/2020,EUG,OR,ANM,WE,Combined TRACON& Tower with Radar,36,18,17,12,83,0,0,0,0,0,36,18,17,12,83,0,0,0,83
12/02/2020,EUG,OR,ANM,WE,Combined TRACON& Tower with Radar,33,7,15,0,55,0,2,32,2,36,33,9,47,2,91,52,0,52,143
12/03/2020,EUG,OR,ANM,WE,Combined TRACON& Tower with Radar,37,7,8,8,60,0,3,78,4,85,37,10,86,12,145,78,22,100,245
12/04/2020,EUG,OR,ANM,WE,Combined TRACON& Tower with Radar,38,7,16,0,61,0,2,31,0,33,38,9,47,0,94,36,0,36,130
12/05/2020,EUG,OR,ANM,WE,Combined TRACON& Tower with Radar,33,4,8,0,45,0,0,31,0,31,33,4,39,0,76,46,0,46,122
12/06/2020,EUG,OR,ANM,WE,Combined TRACON& Tower with Radar,36,2,6,0,44,0,0,28,0,28,36,2,34,0,72,36,0,36,108
12/07/2020,EUG,OR,ANM,WE,Combined TRACON& Tower with Radar,36,11,13,2,62,0,0,42,0,42,36,11,55,2,104,54,0,54,158
12/08/2020,EUG,OR,ANM,WE,Combined TRACON& Tower with Radar,32,12,5,15,64,0,1,39,0,40,32,13,44,15,104,0,0,0,104
12/09/2020,EUG,OR,ANM,WE,Combined TRACON& Tower with Radar,32,8,12,2,54,0,2,38,0,40,32,10,50,2,94,36,0,36,130
12/10/2020,EUG,OR,ANM,WE,Combined TRACON& Tower with Radar,36,10,16,2,64,0,0,4,0,4,36,10,20,2,68,14,0,14,82
12/11/2020,EUG,OR,ANM,WE,Combined TRACON& Tower with Radar,36,8,8,0,52,0,1,5,0,6,36,9,13,0,58,2,0,2,60
12/12/2020,EUG,OR,ANM,WE,Combined TRACON& Tower with Radar,32,3,12,2,49,0,0,17,0,17,32,3,29,2,66,0,0,0,66
12/13/2020,EUG,OR,ANM,WE,Combined TRACON& Tower with Radar,36,2,1,0,39,0,0,1,0,1,36,2,2,0,40,0,0,0,40
12/14/2020,EUG,OR,ANM,WE,Combined TRACON& Tower with Radar,48,10,18,22,98,0,1,17,13,31,48,11,35,35,129,20,50,70,199
12/15/2020,EUG,OR,ANM,WE,Combined TRACON& Tower with Radar,32,10,21,18,81,0,0,1,0,1,32,10,22,18,82,0,0,0,82
12/16/2020,EUG,OR,ANM,WE,Combined TRACON& Tower with Radar,32,15,22,28,97,0,0,9,0,9,32,15,31,28,106,10,26,36,142
12/17/2020,EUG,OR,ANM,WE,Combined TRACON& Tower with Radar,37,11,24,26,98,0,1,3,8,12,37,12,27,34,110,10,4,14,124
12/18/2020,EUG,OR,ANM,WE,Combined TRACON& Tower with Radar,43,9,12,15,79,0,3,34,5,42,43,12,46,20,121,22,20,42,163
12/19/2020,EUG,OR,ANM,WE,Combined TRACON& Tower with Radar,37,12,11,0,60,0,1,13,0,14,37,13,24,0,74,8,0,8,82
12/20/2020,EUG,OR,ANM,WE,Combined TRACON& Tower with Radar,40,13,11,0,64,0,0,0,0,0,40,13,11,0,64,0,0,0,64
12/21/2020,EUG,OR,ANM,WE,Combined TRACON& Tower with Radar,40,14,14,0,68,0,0,1,2,3,40,14,15,2,71,0,0,0,71
12/22/2020,EUG,OR,ANM,WE,Combined TRACON& Tower with Radar,42,12,11,0,65,0,2,37,0,39,42,14,48,0,104,6,0,6,110
12/23/2020,EUG,OR,ANM,WE,Combined TRACON& Tower with Radar,42,15,14,0,71,0,2,1,0,3,42,17,15,0,74,0,0,0,74
12/24/2020,EUG,OR,ANM,WE,Combined TRACON& Tower with Radar,34,7,13,0,54,0,3,0,0,3,34,10,13,0,57,0,0,0,57
12/25/2020,EUG,OR,ANM,WE,Combined TRACON& Tower with Radar,30,2,0,0,32,0,0,0,0,0,30,2,0,0,32,0,0,0,32
12/26/2020,EUG,OR,ANM,WE,Combined TRACON& Tower with Radar,40,8,8,0,56,0,0,4,0,4,40,8,12,0,60,12,0,12,72
12/27/2020,EUG,OR,ANM,WE,Combined TRACON& Tower with Radar,44,6,10,0,60,0,0,73,0,73,44,6,83,0,133,16,0,16,149
12/28/2020,EUG,OR,ANM,WE,Combined TRACON& Tower with Radar,42,10,10,0,62,0,4,63,1,68,42,14,73,1,130,46,2,48,178
12/29/2020,EUG,OR,ANM,WE,Combined TRACON& Tower with Radar,39,9,7,15,70,0,3,18,7,28,39,12,25,22,98,12,36,48,146
12/30/2020,EUG,OR,ANM,WE,Combined TRACON& Tower with Radar,40,15,2,0,57,0,0,0,0,0,40,15,2,0,57,0,0,0,57
12/31/2020,EUG,OR,ANM,WE,Combined TRACON& Tower with Radar,38,18,12,0,68,0,0,0,0,0,38,18,12,0,68,12,0,12,80
01/01/2021,EUG,OR,ANM,WE,Combined TRACON& Tower with Radar,32,7,6,0,45,0,0,8,0,8,32,7,14,0,53,4,0,4,57
01/02/2021,EUG,OR,ANM,WE,Combined TRACON& Tower with Radar,46,9,9,0,64,0,0,4,0,4,46,9,13,0,68,8,0,8,76
01/03/2021,EUG,OR,ANM,WE,Combined TRACON& Tower with Radar,42,10,17,0,69,0,0,14,0,14,42,10,31,0,83,16,0,16,99
01/04/2021,EUG,OR,ANM,WE,Combined TRACON& Tower with Radar,38,16,9,11,74,0,0,3,1,4,38,16,12,12,78,4,10,14,92
01/05/2021,EUG,OR,ANM,WE,Combined TRACON& Tower with Radar,25,3,13,24,65,0,4,31,0,35,25,7,44,24,100,64,34,98,198
01/06/2021,EUG,OR,ANM,WE,Combined TRACON& Tower with Radar,25,17,11,1,54,0,0,0,0,0,25,17,11,1,54,0,0,0,54
01/07/2021,EUG,OR,ANM,WE,Combined TRACON& Tower with Radar,28,9,26,16,79,0,5,41,4,50,28,14,67,20,129,42,10,52,181
01/08/2021,EUG,OR,ANM,WE,Combined TRACON& Tower with Radar,28,5,5,3,41,0,1,21,0,22,28,6,26,3,63,58,0,58,121
01/09/2021,EUG,OR,ANM,WE,Combined TRACON& Tower with Radar,24,6,10,0,40,0,0,30,0,30,24,6,40,0,70,42,0,42,112
01/10/2021,EUG,OR,ANM,WE,Combined TRACON& Tower with Radar,27,1,21,0,49,0,0,16,0,16,27,1,37,0,65,12,0,12,77
01/11/2021,EUG,OR,ANM,WE,Combined TRACON& Tower with Radar,28,9,22,38,97,0,2,38,1,41,28,11,60,39,138,40,62,102,240
01/12/2021,EUG,OR,ANM,WE,Combined TRACON& Tower with Radar,26,8,4,2,40,0,0,0,0,0,26,8,4,2,40,0,0,0,40
01/13/2021,EUG,OR,ANM,WE,Combined TRACON& Tower with Radar,27,11,16,36,90,0,2,62,24,88,27,13,78,60,178,78,74,152,330
01/14/2021,EUG,OR,ANM,WE,Combined TRACON& Tower with Radar,28,6,11,0,45,0,2,52,0,54,28,8,63,0,99,76,2,78,177
01/15/2021,EUG,OR,ANM,WE,Combined TRACON& Tower with Radar,31,10,10,0,51,0,0,0,0,0,31,10,10,0,51,0,0,0,51
01/16/2021,EUG,OR,ANM,WE,Combined TRACON& Tower with Radar,26,8,8,0,42,0,0,0,0,0,26,8,8,0,42,0,0,0,42
01/17/2021,EUG,OR,ANM,WE,Combined TRACON& Tower with Radar,29,1,4,0,34,0,0,14,0,14,29,1,18,0,48,14,0,14,62
01/18/2021,EUG,OR,ANM,WE,Combined TRACON& Tower with Radar,31,11,9,0,51,0,2,11,0,13,31,13,20,0,64,4,0,4,68
01/19/2021,EUG,OR,ANM,WE,Combined TRACON& Tower with Radar,26,7,19,26,78,0,2,47,0,49,26,9,66,26,127,120,6,126,253
01/20/2021,EUG,OR,ANM,WE,Combined TRACON& Tower with Radar,27,5,11,24,67,0,3,37,0,40,27,8,48,24,107,64,16,80,187
01/21/2021,EUG,OR,ANM,WE,Combined TRACON& Tower with Radar,28,8,17,30,83,0,2,28,8,38,28,10,45,38,121,16,128,144,265
01/22/2021,EUG,OR,ANM,WE,Combined TRACON& Tower with Radar,30,3,17,2,52,0,1,56,1,58,30,4,73,3,110,86,0,86,196
01/23/2021,EUG,OR,ANM,WE,Combined TRACON& Tower with Radar,26,0,9,0,35,0,0,71,1,72,26,0,80,1,107,56,0,56,163
01/24/2021,EUG,OR,ANM,WE,Combined TRACON& Tower with Radar,30,2,5,0,37,0,0,1,0,1,30,2,6,0,38,0,0,0,38
01/25/2021,EUG,OR,ANM,WE,Combined TRACON& Tower with Radar,31,10,13,22,76,0,1,6,3,10,31,11,19,25,86,14,36,50,136
01/26/2021,EUG,OR,ANM,WE,Combined TRACON& Tower with Radar,26,6,12,14,58,0,2,10,1,13,26,8,22,15,71,28,2,30,101
01/27/2021,EUG,OR,ANM,WE,Combined TRACON& Tower with Radar,29,8,17,20,74,0,0,2,8,10,29,8,19,28,84,38,50,88,172
01/28/2021,EUG,OR,ANM,WE,Combined TRACON& Tower with Radar,28,14,17,27,86,0,0,17,1,18,28,14,34,28,104,34,30,64,168
01/29/2021,EUG,OR,ANM,WE,Combined TRACON& Tower with Radar,30,6,11,9,56,0,1,25,3,29,30,7,36,12,85,24,26,50,135
01/30/2021,EUG,OR,ANM,WE,Combined TRACON& Tower with Radar,27,2,11,0,40,0,0,12,0,12,27,2,23,0,52,10,0,10,62
01/31/2021,EUG,OR,ANM,WE,Combined TRACON& Tower with Radar,35,0,7,0,42,0,0,9,0,9,35,0,16,0,51,6,0,6,57
02/01/2021,EUG,OR,ANM,WE,Combined TRACON& Tower with Radar,36,12,13,0,61,0,0,6,0,6,36,12,19,0,67,0,0,0,67
02/02/2021,EUG,OR,ANM,WE,Combined TRACON& Tower with Radar,29,11,14,47,101,0,1,6,5,12,29,12,20,52,113,8,28,36,149
02/03/2021,EUG,OR,ANM,WE,Combined TRACON& Tower with Radar,30,9,17,5,61,0,1,25,5,31,30,10,42,10,92,38,6,44,136
02/04/2021,EUG,OR,ANM,WE,Combined TRACON& Tower with Radar,32,9,13,1,55,0,0,47,3,50,32,9,60,4,105,60,20,80,185
02/05/2021,EUG,OR,ANM,WE,Combined TRACON& Tower with Radar,39,5,15,7,66,0,1,13,1,15,39,6,28,8,81,2,14,16,97
02/06/2021,EUG,OR,ANM,WE,Combined TRACON& Tower with Radar,29,1,7,0,37,0,3,10,0,13,29,4,17,0,50,2,0,2,52
02/07/2021,EUG,OR,ANM,WE,Combined TRACON& Tower with Radar,31,3,12,1,47,0,2,8,0,10,31,5,20,1,57,0,2,2,59
02/08/2021,EUG,OR,ANM,WE,Combined TRACON& Tower with Radar,39,10,25,1,75,0,2,65,0,67,39,12,90,1,142,44,0,44,186
02/09/2021,EUG,OR,ANM,WE,Combined TRACON& Tower with Radar,26,5,21,30,82,0,4,60,3,67,26,9,81,33,149,44,112,156,305
02/10/2021,EUG,OR,ANM,WE,Combined TRACON& Tower with Radar,30,8,20,0,58,0,2,43,0,45,30,10,63,0,103,34,0,34,137
02/11/2021,EUG,OR,ANM,WE,Combined TRACON& Tower with Radar,38,8,3,0,49,0,0,0,0,0,38,8,3,0,49,0,0,0,49
02/12/2021,EUG,OR,ANM,WE,Combined TRACON& Tower with Radar,31,6,4,0,41,0,0,0,0,0,31,6,4,0,41,0,0,0,41
02/13/2021,EUG,OR,ANM,WE,Combined TRACON& Tower with Radar,25,7,4,0,36,0,0,2,0,2,25,7,6,0,38,4,0,4,42
02/14/2021,EUG,OR,ANM,WE,Combined TRACON& Tower with Radar,36,7,4,0,47,0,2,2,0,4,36,9,6,0,51,0,0,0,51
02/15/2021,EUG,OR,ANM,WE,Combined TRACON& Tower with Radar,30,8,12,0,50,0,1,7,0,8,30,9,19,0,58,0,0,0,58
02/16/2021,EUG,OR,ANM,WE,Combined TRACON& Tower with Radar,28,13,11,20,72,0,0,19,10,29,28,13,30,30,101,74,50,124,225
02/17/2021,EUG,OR,ANM,WE,Combined TRACON& Tower with Radar,34,8,23,56,121,0,4,57,2,63,34,12,80,58,184,52,64,116,300
02/18/2021,EUG,OR,ANM,WE,Combined TRACON& Tower with Radar,43,12,6,5,66,0,1,2,0,3,43,13,8,5,69,26,0,26,95
02/19/2021,EUG,OR,ANM,WE,Combined TRACON& Tower with Radar,33,9,31,2,75,0,1,20,0,21,33,10,51,2,96,36,6,42,138
02/20/2021,EUG,OR,ANM,WE,Combined TRACON& Tower with Radar,29,5,7,25,66,0,0,8,0,8,29,5,15,25,74,16,0,16,90
02/21/2021,EUG,OR,ANM,WE,Combined TRACON& Tower with Radar,43,8,11,14,76,0,0,0,1,1,43,8,11,15,77,18,0,18,95
02/22/2021,EUG,OR,ANM,WE,Combined TRACON& Tower with Radar,32,12,7,6,57,0,0,3,10,13,32,12,10,16,70,0,22,22,92
02/23/2021,EUG,OR,ANM,WE,Combined TRACON& Tower with Radar,30,14,19,7,70,0,2,24,2,28,30,16,43,9,98,52,50,102,200
02/24/2021,EUG,OR,ANM,WE,Combined TRACON& Tower with Radar,34,10,20,2,66,0,2,70,0,72,34,12,90,2,138,86,10,96,234
02/25/2021,EUG,OR,ANM,WE,Combined TRACON& Tower with Radar,43,14,12,7,76,0,0,2,1,3,43,14,14,8,79,6,6,12,91
02/26/2021,EUG,OR,ANM,WE,Combined TRACON& Tower with Radar,32,6,6,2,46,0,0,0,0,0,32,6,6,2,46,6,6,12,58
02/27/2021,EUG,OR,ANM,WE,Combined TRACON& Tower with Radar,32,6,13,0,51,0,0,21,0,21,32,6,34,0,72,16,0,16,88
02/28/2021,EUG,OR,ANM,WE,Combined TRACON& Tower with Radar,41,4,17,0,62,0,0,62,0,62,41,4,79,0,124,4,0,4,128
03/01/2021,EUG,OR,ANM,WE,Combined TRACON& Tower with Radar,33,9,15,34,91,0,9,81,19,109,33,18,96,53,200,82,94,176,376
03/02/2021,EUG,OR,ANM,WE,Combined TRACON& Tower with Radar,33,14,27,25,99,0,4,64,3,71,33,18,91,28,170,42,20,62,232
03/03/2021,EUG,OR,ANM,WE,Combined TRACON& Tower with Radar,36,6,19,0,61,0,2,65,0,67,36,8,84,0,128,74,0,74,202
03/04/2021,EUG,OR,ANM,WE,Combined TRACON& Tower with Radar,43,11,14,0,68,0,3,46,0,49,43,14,60,0,117,66,0,66,183
03/05/2021,EUG,OR,ANM,WE,Combined TRACON& Tower with Radar,37,10,22,0,69,0,0,2,0,2,37,10,24,0,71,12,0,12,83
03/06/2021,EUG,OR,ANM,WE,Combined TRACON& Tower with Radar,34,2,9,0,45,0,0,3,0,3,34,2,12,0,48,6,0,6,54
03/07/2021,EUG,OR,ANM,WE,Combined TRACON& Tower with Radar,45,3,12,0,60,0,0,12,0,12,45,3,24,0,72,26,0,26,98
03/08/2021,EUG,OR,ANM,WE,Combined TRACON& Tower with Radar,35,12,26,11,84,0,3,29,3,35,35,15,55,14,119,20,20,40,159
03/09/2021,EUG,OR,ANM,WE,Combined TRACON& Tower with Radar,37,11,17,24,89,0,0,25,0,25,37,11,42,24,114,22,20,42,156
03/10/2021,EUG,OR,ANM,WE,Combined TRACON& Tower with Radar,37,12,13,10,72,0,1,22,1,24,37,13,35,11,96,54,4,58,154
03/11/2021,EUG,OR,ANM,WE,Combined TRACON& Tower with Radar,45,11,29,9,94,0,2,64,5,71,45,13,93,14,165,88,20,108,273
03/12/2021,EUG,OR,ANM,WE,Combined TRACON& Tower with Radar,38,3,21,4,66,0,3,102,0,105,38,6,123,4,171,74,0,74,245
03/13/2021,EUG,OR,ANM,WE,Combined TRACON& Tower with Radar,34,4,11,0,49,0,0,89,3,92,34,4,100,3,141,66,0,66,207
03/14/2021,EUG,OR,ANM,WE,Combined TRACON& Tower with Radar,42,4,12,0,58,0,0,0,0,0,42,4,12,0,58,0,0,0,58
03/15/2021,EUG,OR,ANM,WE,Combined TRACON& Tower with Radar,32,13,23,4,72,0,1,42,0,43,32,14,65,4,115,26,0,26,141
03/16/2021,EUG,OR,ANM,WE,Combined TRACON& Tower with Radar,37,10,22,7,76,0,2,56,1,59,37,12,78,8,135,28,18,46,181
03/17/2021,EUG,OR,ANM,WE,Combined TRACON& Tower with Radar,40,9,16,13,78,0,4,60,0,64,40,13,76,13,142,54,0,54,196
03/18/2021,EUG,OR,ANM,WE,Combined TRACON& Tower with Radar,45,9,14,5,73,0,1,5,0,6,45,10,19,5,79,0,0,0,79
03/19/2021,EUG,OR,ANM,WE,Combined TRACON& Tower with Radar,38,10,13,2,63,0,0,7,0,7,38,10,20,2,70,10,0,10,80
03/20/2021,EUG,OR,ANM,WE,Combined TRACON& Tower with Radar,39,1,7,0,47,0,2,9,0,11,39,3,16,0,58,14,0,14,72
03/21/2021,EUG,OR,ANM,WE,Combined TRACON& Tower with Radar,48,3,2,0,53,0,0,9,0,9,48,3,11,0,62,0,0,0,62
03/22/2021,EUG,OR,ANM,WE,Combined TRACON& Tower with Radar,36,13,8,11,68,0,3,9,0,12,36,16,17,11,80,6,0,6,86
03/23/2021,EUG,OR,ANM,WE,Combined TRACON& Tower with Radar,43,9,32,20,104,0,3,70,0,73,43,12,102,20,177,68,22,90,267
03/24/2021,EUG,OR,ANM,WE,Combined TRACON& Tower with Radar,39,14,36,3,92,0,1,15,0,16,39,15,51,3,108,6,12,18,126
03/25/2021,EUG,OR,ANM,WE,Combined TRACON& Tower with Radar,46,10,19,6,81,0,4,6,1,11,46,14,25,7,92,0,10,10,102
03/26/2021,EUG,OR,ANM,WE,Combined TRACON& Tower with Radar,41,7,25,6,79,0,2,77,1,80,41,9,102,7,159,58,0,58,217
03/27/2021,EUG,OR,ANM,WE,Combined TRACON& Tower with Radar,40,5,11,2,58,0,0,47,0,47,40,5,58,2,105,30,0,30,135
03/28/2021,EUG,OR,ANM,WE,Combined TRACON& Tower with Radar,46,5,12,2,65,0,0,2,0,2,46,5,14,2,67,0,0,0,67
03/29/2021,EUG,OR,ANM,WE,Combined TRACON& Tower with Radar,39,13,22,3,77,0,5,20,5,30,39,18,42,8,107,8,0,8,115
03/30/2021,EUG,OR,ANM,WE,Combined TRACON& Tower with Radar,40,9,12,11,72,0,4,91,3,98,40,13,103,14,170,64,2,66,236
03/31/2021,EUG,OR,ANM,WE,Combined TRACON& Tower with Radar,36,12,18,5,71,0,5,69,1,75,36,17,87,6,146,70,6,76,222
04/01/2021,EUG,OR,ANM,WE,Combined TRACON& Tower with Radar,44,14,34,22,114,1,4,70,5,80,45,18,104,27,194,88,50,138,332
04/02/2021,EUG,OR,ANM,WE,Combined TRACON& Tower with Radar,34,10,16,10,70,0,3,65,0,68,34,13,81,10,138,60,0,60,198
04/03/2021,EUG,OR,ANM,WE,Combined TRACON& Tower with Radar,36,8,6,0,50,0,0,46,0,46,36,8,52,0,96,36,0,36,132
04/04/2021,EUG,OR,ANM,WE,Combined TRACON& Tower with Radar,44,7,13,0,64,0,0,7,0,7,44,7,20,0,71,2,0,2,73
04/05/2021,EUG,OR,ANM,WE,Combined TRACON& Tower with Radar,36,11,17,1,65,1,1,60,0,62,37,12,77,1,127,80,0,80,207
04/06/2021,EUG,OR,ANM,WE,Combined TRACON& Tower with Radar,36,9,22,12,79,0,3,99,2,104,36,12,121,14,183,112,60,172,355
04/07/2021,EUG,OR,ANM,WE,Combined TRACON& Tower with Radar,36,13,26,18,93,0,0,29,0,29,36,13,55,18,122,64,0,64,186
04/08/2021,EUG,OR,ANM,WE,Combined TRACON& Tower with Radar,45,13,20,4,82,1,4,44,7,56,46,17,64,11,138,100,42,142,280
04/09/2021,EUG,OR,ANM,WE,Combined TRACON& Tower with Radar,36,9,25,16,86,0,4,92,16,112,36,13,117,32,198,102,24,126,324
04/10/2021,EUG,OR,ANM,WE,Combined TRACON& Tower with Radar,34,8,11,0,53,0,0,13,0,13,34,8,24,0,66,12,0,12,78
04/11/2021,EUG,OR,ANM,WE,Combined TRACON& Tower with Radar,46,10,21,0,77,0,1,38,0,39,46,11,59,0,116,4,0,4,120
04/12/2021,EUG,OR,ANM,WE,Combined TRACON& Tower with Radar,35,9,5,4,53,1,4,42,2,49,36,13,47,6,102,12,8,20,122
04/13/2021,EUG,OR,ANM,WE,Combined TRACON& Tower with Radar,36,9,17,17,79,0,2,32,5,39,36,11,49,22,118,2,32,34,152
04/14/2021,EUG,OR,ANM,WE,Combined TRACON& Tower with Radar,36,6,35,26,103,0,5,88,2,95,36,11,123,28,198,28,48,76,274
04/15/2021,EUG,OR,ANM,WE,Combined TRACON& Tower with Radar,44,6,12,0,62,0,5,91,0,96,44,11,103,0,158,42,0,42,200
04/16/2021,EUG,OR,ANM,WE,Combined TRACON& Tower with Radar,38,7,10,9,64,0,3,76,0,79,38,10,86,9,143,50,26,76,219
04/17/2021,EUG,OR,ANM,WE,Combined TRACON& Tower with Radar,35,5,14,0,54,0,0,70,0,70,35,5,84,0,124,44,0,44,168
04/18/2021,EUG,OR,ANM,WE,Combined TRACON& Tower with Radar,47,7,20,1,75,0,0,44,0,44,47,7,64,1,119,26,0,26,145
04/19/2021,EUG,OR,ANM,WE,Combined TRACON& Tower with Radar,37,9,19,19,84,0,5,69,4,78,37,14,88,23,162,54,66,120,282
04/20/2021,EUG,OR,ANM,WE,Combined TRACON& Tower with Radar,36,11,26,4,77,0,3,61,3,67,36,14,87,7,144,18,6,24,168
04/21/2021,EUG,OR,ANM,WE,Combined TRACON& Tower with Radar,35,13,16,1,65,0,5,63,0,68,35,18,79,1,133,86,0,86,219
04/22/2021,EUG,OR,ANM,WE,Combined TRACON& Tower with Radar,44,12,13,6,75,0,3,55,0,58,44,15,68,6,133,18,0,18,151
04/23/2021,EUG,OR,ANM,WE,Combined TRACON& Tower with Radar,38,8,21,10,77,0,2,52,0,54,38,10,73,10,131,28,0,28,159
04/24/2021,EUG,OR,ANM,WE,Combined TRACON& Tower with Radar,36,6,13,0,55,0,0,5,0,5,36,6,18,0,60,0,0,0,60
04/25/2021,EUG,OR,ANM,WE,Combined TRACON& Tower with Radar,42,7,7,0,56,0,0,0,0,0,42,7,7,0,56,0,0,0,56
04/26/2021,EUG,OR,ANM,WE,Combined TRACON& Tower with Radar,38,8,13,0,59,0,4,22,0,26,38,12,35,0,85,10,0,10,95
04/27/2021,EUG,OR,ANM,WE,Combined TRACON& Tower with Radar,34,11,15,11,71,0,4,54,2,60,34,15,69,13,131,74,18,92,223
04/28/2021,EUG,OR,ANM,WE,Combined TRACON& Tower with Radar,35,6,18,0,59,0,6,77,0,83,35,12,95,0,142,112,0,112,254
04/29/2021,EUG,OR,ANM,WE,Combined TRACON& Tower with Radar,42,8,21,2,73,0,4,62,0,66,42,12,83,2,139,74,0,74,213
04/30/2021,EUG,OR,ANM,WE,Combined TRACON& Tower with Radar,38,6,16,0,60,0,1,58,3,62,38,7,74,3,122,86,0,86,208
05/01/2021,EUG,OR,ANM,WE,Combined TRACON& Tower with Radar,36,5,16,0,57,0,0,8,0,8,36,5,24,0,65,8,0,8,73
05/02/2021,EUG,OR,ANM,WE,Combined TRACON& Tower with Radar,42,5,17,0,64,0,0,24,0,24,42,5,41,0,88,12,0,12,100
05/03/2021,EUG,OR,ANM,WE,Combined TRACON& Tower with Radar,38,11,20,0,69,0,3,50,0,53,38,14,70,0,122,48,0,48,170
05/04/2021,EUG,OR,ANM,WE,Combined TRACON& Tower with Radar,36,9,21,17,83,0,3,65,1,69,36,12,86,18,152,54,38,92,244
05/05/2021,EUG,OR,ANM,WE,Combined TRACON& Tower with Radar,36,6,18,12,72,0,4,70,1,75,36,10,88,13,147,134,36,170,317
05/06/2021,EUG,OR,ANM,WE,Combined TRACON& Tower with Radar,43,13,17,27,100,0,2,20,13,35,43,15,37,40,135,14,102,116,251
05/07/2021,EUG,OR,ANM,WE,Combined TRACON& Tower with Radar,40,4,19,12,75,0,2,23,0,25,40,6,42,12,100,20,0,20,120
05/08/2021,EUG,OR,ANM,WE,Combined TRACON& Tower with Radar,39,6,13,2,60,0,0,26,0,26,39,6,39,2,86,4,0,4,90
05/09/2021,EUG,OR,ANM,WE,Combined TRACON& Tower with Radar,45,5,12,0,62,0,0,11,0,11,45,5,23,0,73,0,0,0,73
05/10/2021,EUG,OR,ANM,WE,Combined TRACON& Tower with Radar,40,7,21,8,76,0,3,54,1,58,40,10,75,9,134,44,20,64,198
05/11/2021,EUG,OR,ANM,WE,Combined TRACON& Tower with Radar,36,4,27,0,67,0,4,61,0,65,36,8,88,0,132,68,16,84,216
05/12/2021,EUG,OR,ANM,WE,Combined TRACON& Tower with Radar,40,3,24,5,72,1,6,89,1,97,41,9,113,6,169,142,10,152,321
05/13/2021,EUG,OR,ANM,WE,Combined TRACON& Tower with Radar,45,11,22,13,91,0,4,63,3,70,45,15,85,16,161,112,16,128,289
05/14/2021,EUG,OR,ANM,WE,Combined TRACON& Tower with Radar,42,7,24,5,78,0,2,57,0,59,42,9,81,5,137,62,0,62,199
05/15/2021,EUG,OR,ANM,WE,Combined TRACON& Tower with Radar,38,2,3,0,43,0,0,62,0,62,38,2,65,0,105,66,0,66,171
05/16/2021,EUG,OR,ANM,WE,Combined TRACON& Tower with Radar,47,3,8,0,58,0,0,42,0,42,47,3,50,0,100,26,0,26,126
05/17/2021,EUG,OR,ANM,WE,Combined TRACON& Tower with Radar,43,10,31,7,91,0,0,33,3,36,43,10,64,10,127,18,26,44,171
05/18/2021,EUG,OR,ANM,WE,Combined TRACON& Tower with Radar,34,10,31,35,110,1,6,44,7,58,35,16,75,42,168,52,68,120,288
05/19/2021,EUG,OR,ANM,WE,Combined TRACON& Tower with Radar,38,8,33,1,80,0,3,9,0,12,38,11,42,1,92,6,0,6,98
05/20/2021,EUG,OR,ANM,WE,Combined TRACON& Tower with Radar,48,10,16,0,74,0,3,20,0,23,48,13,36,0,97,4,0,4,101
05/21/2021,EUG,OR,ANM,WE,Combined TRACON& Tower with Radar,45,10,35,0,90,0,0,43,0,43,45,10,78,0,133,46,0,46,179
05/22/2021,EUG,OR,ANM,WE,Combined TRACON& Tower with Radar,39,3,9,0,51,0,0,43,0,43,39,3,52,0,94,40,0,40,134
05/23/2021,EUG,OR,ANM,WE,Combined TRACON& Tower with Radar,49,6,25,0,80,0,0,11,0,11,49,6,36,0,91,8,0,8,99
05/24/2021,EUG,OR,ANM,WE,Combined TRACON& Tower with Radar,46,12,19,37,114,0,0,4,13,17,46,12,23,50,131,50,66,116,247
05/25/2021,EUG,OR,ANM,WE,Combined TRACON& Tower with Radar,38,8,34,10,90,0,2,18,0,20,38,10,52,10,110,8,24,32,142
05/26/2021,EUG,OR,ANM,WE,Combined TRACON& Tower with Radar,40,9,21,8,78,0,5,85,0,90,40,14,106,8,168,126,18,144,312
05/27/2021,EUG,OR,ANM,WE,Combined TRACON& Tower with Radar,43,10,27,19,99,0,2,7,0,9,43,12,34,19,108,4,2,6,114
05/28/2021,EUG,OR,ANM,WE,Combined TRACON& Tower with Radar,48,6,20,2,76,0,2,56,0,58,48,8,76,2,134,26,0,26,160
05/29/2021,EUG,OR,ANM,WE,Combined TRACON& Tower with Radar,40,2,4,0,46,0,3,83,0,86,40,5,87,0,132,92,0,92,224
05/30/2021,EUG,OR,ANM,WE,Combined TRACON& Tower with Radar,45,5,5,0,55,0,0,51,0,51,45,5,56,0,106,38,0,38,144
05/31/2021,EUG,OR,ANM,WE,Combined TRACON& Tower with Radar,48,6,17,0,71,0,2,29,0,31,48,8,46,0,102,24,0,24,126
06/01/2021,EUG,OR,ANM,WE,Combined TRACON& Tower with Radar,37,3,16,27,83,2,5,65,3,75,39,8,81,30,158,44,16,60,218
06/02/2021,EUG,OR,ANM,WE,Combined TRACON& Tower with Radar,41,8,28,12,89,1,4,90,10,105,42,12,118,22,194,18,50,68,262
06/03/2021,EUG,OR,ANM,WE,Combined TRACON& Tower with Radar,43,20,17,48,128,5,9,83,4,101,48,29,100,52,229,68,38,106,335
06/04/2021,EUG,OR,ANM,WE,Combined TRACON& Tower with Radar,49,10,14,0,73,0,3,58,0,61,49,13,72,0,134,80,0,80,214
06/05/2021,EUG,OR,ANM,WE,Combined TRACON& Tower with Radar,39,6,11,0,56,0,0,7,0,7,39,6,18,0,63,20,0,20,83
06/06/2021,EUG,OR,ANM,WE,Combined TRACON& Tower with Radar,54,11,18,0,83,0,0,22,0,22,54,11,40,0,105,0,0,0,105
06/07/2021,EUG,OR,ANM,WE,Combined TRACON& Tower with Radar,52,13,36,11,112,0,2,24,1,27,52,15,60,12,139,86,0,86,225
06/08/2021,EUG,OR,ANM,WE,Combined TRACON& Tower with Radar,42,10,28,14,94,0,4,17,0,21,42,14,45,14,115,48,0,48,163
06/09/2021,EUG,OR,ANM,WE,Combined TRACON& Tower with Radar,42,11,22,0,75,1,5,64,0,70,43,16,86,0,145,90,0,90,235
06/10/2021,EUG,OR,ANM,WE,Combined TRACON& Tower with Radar,40,20,27,45,132,0,3,33,7,43,40,23,60,52,175,22,76,98,273
06/11/2021,EUG,OR,ANM,WE,Combined TRACON& Tower with Radar,47,13,28,2,90,0,0,5,0,5,47,13,33,2,95,12,0,12,107
06/12/2021,EUG,OR,ANM,WE,Combined TRACON& Tower with Radar,45,12,29,0,86,0,1,10,0,11,45,13,39,0,97,12,0,12,109
06/13/2021,EUG,OR,ANM,WE,Combined TRACON& Tower with Radar,51,6,24,0,81,0,0,0,0,0,51,6,24,0,81,0,0,0,81
06/14/2021,EUG,OR,ANM,WE,Combined TRACON& Tower with Radar,48,20,34,14,116,0,3,23,1,27,48,23,57,15,143,16,14,30,173
06/15/2021,EUG,OR,ANM,WE,Combined TRACON& Tower with Radar,43,12,19,19,93,0,2,52,1,55,43,14,71,20,148,26,82,108,256
06/16/2021,EUG,OR,ANM,WE,Combined TRACON& Tower with Radar,45,16,20,4,85,0,4,100,0,104,45,20,120,4,189,76,0,76,265
06/17/2021,EUG,OR,ANM,WE,Combined TRACON& Tower with Radar,42,14,33,7,96,0,3,69,1,73,42,17,102,8,169,34,44,78,247
06/18/2021,EUG,OR,ANM,WE,Combined TRACON& Tower with Radar,44,15,18,0,77,0,2,58,0,60,44,17,76,0,137,34,0,34,171
06/19/2021,EUG,OR,ANM,WE,Combined TRACON& Tower with Radar,35,10,8,0,53,0,2,47,0,49,35,12,55,0,102,30,0,30,132
06/20/2021,EUG,OR,ANM,WE,Combined TRACON& Tower with Radar,44,7,13,2,66,0,0,29,0,29,44,7,42,2,95,10,0,10,105
06/21/2021,EUG,OR,ANM,WE,Combined TRACON& Tower with Radar,46,15,16,8,85,0,3,46,0,49,46,18,62,8,134,48,0,48,182
06/22/2021,EUG,OR,ANM,WE,Combined TRACON& Tower with Radar,39,13,20,18,90,0,3,68,10,81,39,16,88,28,171,86,86,172,343
06/23/2021,EUG,OR,ANM,WE,Combined TRACON& Tower with Radar,41,9,28,6,84,0,3,67,2,72,41,12,95,8,156,86,12,98,254
06/24/2021,EUG,OR,ANM,WE,Combined TRACON& Tower with Radar,42,13,19,8,82,0,4,75,0,79,42,17,94,8,161,150,14,164,325
06/25/2021,EUG,OR,ANM,WE,Combined TRACON& Tower with Radar,45,14,18,5,82,0,2,75,1,78,45,16,93,6,160,34,14,48,208
06/26/2021,EUG,OR,ANM,WE,Combined TRACON& Tower with Radar,33,12,20,0,65,0,0,56,0,56,33,12,76,0,121,8,0,8,129
06/27/2021,EUG,OR,ANM,WE,Combined TRACON& Tower with Radar,44,14,26,0,84,0,0,30,2,32,44,14,56,2,116,30,0,30,146
06/28/2021,EUG,OR,ANM,WE,Combined TRACON& Tower with Radar,45,23,15,28,111,0,10,36,5,51,45,33,51,33,162,6,16,22,184
06/29/2021,EUG,OR,ANM,WE,Combined TRACON& Tower with Radar,44,16,16,12,88,0,3,63,2,68,44,19,79,14,156,62,12,74,230
06/30/2021,EUG,OR,ANM,WE,Combined TRACON& Tower with Radar,41,22,34,19,116,0,5,24,1,30,41,27,58,20,146,6,28,34,180
07/01/2021,EUG,OR,ANM,WE,Combined TRACON& Tower with Radar,38,22,25,0,85,0,2,28,0,30,38,24,53,0,115,56,0,56,171
07/02/2021,EUG,OR,ANM,WE,Combined TRACON& Tower with Radar,43,16,15,5,79,0,1,74,3,78,43,17,89,8,157,112,4,116,273
07/03/2021,EUG,OR,ANM,WE,Combined TRACON& Tower with Radar,33,15,11,0,59,0,0,42,0,42,33,15,53,0,101,28,0,28,129
07/04/2021,EUG,OR,ANM,WE,Combined TRACON& Tower with Radar,39,16,3,0,58,1,0,25,0,26,40,16,28,0,84,0,0,0,84
07/05/2021,EUG,OR,ANM,WE,Combined TRACON& Tower with Radar,41,15,22,0,78,0,0,47,0,47,41,15,69,0,125,32,0,32,157
07/06/2021,EUG,OR,ANM,WE,Combined TRACON& Tower with Radar,39,18,22,6,85,0,4,72,0,76,39,22,94,6,161,78,0,78,239
07/07/2021,EUG,OR,ANM,WE,Combined TRACON& Tower with Radar,36,19,25,33,113,0,10,55,5,70,36,29,80,38,183,38,64,102,285
07/08/2021,EUG,OR,ANM,WE,Combined TRACON& Tower with Radar,41,21,23,0,85,0,10,87,0,97,41,31,110,0,182,24,0,24,206
07/09/2021,EUG,OR,ANM,WE,Combined TRACON& Tower with Radar,41,16,15,0,72,0,4,82,0,86,41,20,97,0,158,42,0,42,200
07/10/2021,EUG,OR,ANM,WE,Combined TRACON& Tower with Radar,37,16,12,2,67,0,1,61,0,62,37,17,73,2,129,28,0,28,157
07/11/2021,EUG,OR,ANM,WE,Combined TRACON& Tower with Radar,42,16,16,7,81,0,0,45,1,46,42,16,61,8,127,0,8,8,135
07/12/2021,EUG,OR,ANM,WE,Combined TRACON& Tower with Radar,43,25,15,2,85,0,8,46,2,56,43,33,61,4,141,50,14,64,205
07/13/2021,EUG,OR,ANM,WE,Combined TRACON& Tower with Radar,35,23,15,5,78,0,5,66,3,74,35,28,81,8,152,78,30,108,260
07/14/2021,EUG,OR,ANM,WE,Combined TRACON& Tower with Radar,36,21,28,31,116,0,6,94,1,101,36,27,122,32,217,58,0,58,275
07/15/2021,EUG,OR,ANM,WE,Combined TRACON& Tower with Radar,41,22,15,20,98,0,8,45,0,53,41,30,60,20,151,40,16,56,207
07/16/2021,EUG,OR,ANM,WE,Combined TRACON& Tower with Radar,45,18,22,13,98,0,2,77,1,80,45,20,99,14,178,96,22,118,296
07/17/2021,EUG,OR,ANM,WE,Combined TRACON& Tower with Radar,33,17,14,0,64,0,0,43,0,43,33,17,57,0,107,26,0,26,133
07/18/2021,EUG,OR,ANM,WE,Combined TRACON& Tower with Radar,42,18,18,0,78,0,1,47,0,48,42,19,65,0,126,14,0,14,140
07/19/2021,EUG,OR,ANM,WE,Combined TRACON& Tower with Radar,42,18,20,2,82,0,6,94,0,100,42,24,114,2,182,68,0,68,250
07/20/2021,EUG,OR,ANM,WE,Combined TRACON& Tower with Radar,37,18,18,30,103,0,3,69,2,74,37,21,87,32,177,78,16,94,271
07/21/2021,EUG,OR,ANM,WE,Combined TRACON& Tower with Radar,37,22,27,18,104,0,2,78,0,80,37,24,105,18,184,90,0,90,274
07/22/2021,EUG,OR,ANM,WE,Combined TRACON& Tower with Radar,39,17,19,12,87,0,6,66,3,75,39,23,85,15,162,22,48,70,232
07/23/2021,EUG,OR,ANM,WE,Combined TRACON& Tower with Radar,42,17,16,8,83,0,7,73,0,80,42,24,89,8,163,54,10,64,227
07/24/2021,EUG,OR,ANM,WE,Combined TRACON& Tower with Radar,34,15,15,0,64,0,3,50,3,56,34,18,65,3,120,32,0,32,152
07/25/2021,EUG,OR,ANM,WE,Combined TRACON& Tower with Radar,40,14,18,1,73,0,0,38,2,40,40,14,56,3,113,4,0,4,117
07/26/2021,EUG,OR,ANM,WE,Combined TRACON& Tower with Radar,43,22,19,4,88,0,2,51,2,55,43,24,70,6,143,24,10,34,177
07/27/2021,EUG,OR,ANM,WE,Combined TRACON& Tower with Radar,35,20,21,6,82,0,7,64,1,72,35,27,85,7,154,18,86,104,258
07/28/2021,EUG,OR,ANM,WE,Combined TRACON& Tower with Radar,37,18,22,13,90,0,6,65,2,73,37,24,87,15,163,24,0,24,187
07/29/2021,EUG,OR,ANM,WE,Combined TRACON& Tower with Radar,38,22,19,10,89,0,4,42,6,52,38,26,61,16,141,38,36,74,215
07/30/2021,EUG,OR,ANM,WE,Combined TRACON& Tower with Radar,48,15,17,5,85,0,1,60,1,62,48,16,77,6,147,58,0,58,205
07/31/2021,EUG,OR,ANM,WE,Combined TRACON& Tower with Radar,35,13,15,3,66,0,0,61,4,65,35,13,76,7,131,26,0,26,157
08/01/2021,EUG,OR,ANM,WE,Combined TRACON& Tower with Radar,41,15,13,3,72,0,0,60,1,61,41,15,73,4,133,0,0,0,133
08/02/2021,EUG,OR,ANM,WE,Combined TRACON& Tower with Radar,43,21,20,48,132,0,3,63,2,68,43,24,83,50,200,66,24,90,290
08/03/2021,EUG,OR,ANM,WE,Combined TRACON& Tower with Radar,34,17,13,15,79,0,5,63,2,70,34,22,76,17,149,32,0,32,181
08/04/2021,EUG,OR,ANM,WE,Combined TRACON& Tower with Radar,35,21,32,14,102,0,4,78,0,82,35,25,110,14,184,58,0,58,242
08/05/2021,EUG,OR,ANM,WE,Combined TRACON& Tower with Radar,40,17,17,4,78,0,3,28,2,33,40,20,45,6,111,24,0,24,135
08/06/2021,EUG,OR,ANM,WE,Combined TRACON& Tower with Radar,45,12,27,8,92,0,6,55,6,67,45,18,82,14,159,70,0,70,229
08/07/2021,EUG,OR,ANM,WE,Combined TRACON& Tower with Radar,35,16,15,7,73,0,0,38,12,50,35,16,53,19,123,6,0,6,129
08/08/2021,EUG,OR,ANM,WE,Combined TRACON& Tower with Radar,44,13,18,1,76,0,1,66,2,69,44,14,84,3,145,10,0,10,155
08/09/2021,EUG,OR,ANM,WE,Combined TRACON& Tower with Radar,45,17,23,4,89,0,3,47,2,52,45,20,70,6,141,50,0,50,191
08/10/2021,EUG,OR,ANM,WE,Combined TRACON& Tower with Radar,35,17,18,10,80,0,3,77,4,84,35,20,95,14,164,34,8,42,206
08/11/2021,EUG,OR,ANM,WE,Combined TRACON& Tower with Radar,38,19,25,13,95,0,2,50,2,54,38,21,75,15,149,122,12,134,283
08/12/2021,EUG,OR,ANM,WE,Combined TRACON& Tower with Radar,44,22,17,2,85,0,2,45,1,48,44,24,62,3,133,70,0,70,203
08/13/2021,EUG,OR,ANM,WE,Combined TRACON& Tower with Radar,45,21,36,4,106,0,0,32,2,34,45,21,68,6,140,36,14,50,190
08/14/2021,EUG,OR,ANM,WE,Combined TRACON& Tower with Radar,34,14,22,7,77,0,0,34,2,36,34,14,56,9,113,36,2,38,151
08/15/2021,EUG,OR,ANM,WE,Combined TRACON& Tower with Radar,43,15,15,14,87,0,0,43,7,50,43,15,58,21,137,32,6,38,175
08/16/2021,EUG,OR,ANM,WE,Combined TRACON& Tower with Radar,44,18,19,9,90,0,4,79,2,85,44,22,98,11,175,52,0,52,227
08/17/2021,EUG,OR,ANM,WE,Combined TRACON& Tower with Radar,35,22,25,6,88,0,3,66,1,70,35,25,91,7,158,74,0,74,232
08/18/2021,EUG,OR,ANM,WE,Combined TRACON& Tower with Radar,37,20,22,3,82,0,1,89,5,95,37,21,111,8,177,58,10,68,245
08/19/2021,EUG,OR,ANM,WE,Combined TRACON& Tower with Radar,42,18,22,11,93,0,3,72,3,78,42,21,94,14,171,74,0,74,245
08/20/2021,EUG,OR,ANM,WE,Combined TRACON& Tower with Radar,41,14,30,8,93,0,3,53,1,57,41,17,83,9,150,52,0,52,202
08/21/2021,EUG,OR,ANM,WE,Combined TRACON& Tower with Radar,32,14,30,3,79,0,0,24,1,25,32,14,54,4,104,0,0,0,104
08/22/2021,EUG,OR,ANM,WE,Combined TRACON& Tower with Radar,47,14,22,3,86,0,0,41,1,42,47,14,63,4,128,22,0,22,150
08/23/2021,EUG,OR,ANM,WE,Combined TRACON& Tower with Radar,41,20,27,4,92,0,2,61,0,63,41,22,88,4,155,76,0,76,231
08/24/2021,EUG,OR,ANM,WE,Combined TRACON& Tower with Radar,36,17,27,1,81,0,2,100,0,102,36,19,127,1,183,126,0,126,309
08/25/2021,EUG,OR,ANM,WE,Combined TRACON& Tower with Radar,37,18,22,0,77,0,5,86,0,91,37,23,108,0,168,72,0,72,240
08/26/2021,EUG,OR,ANM,WE,Combined TRACON& Tower with Radar,42,22,25,9,98,1,1,53,6,61,43,23,78,15,159,148,20,168,327
08/27/2021,EUG,OR,ANM,WE,Combined TRACON& Tower with Radar,42,13,19,8,82,0,2,83,4,89,42,15,102,12,171,88,24,112,283
08/28/2021,EUG,OR,ANM,WE,Combined TRACON& Tower with Radar,33,12,14,0,59,0,0,68,0,68,33,12,82,0,127,60,0,60,187
08/29/2021,EUG,OR,ANM,WE,Combined TRACON& Tower with Radar,51,13,18,1,83,0,0,102,1,103,51,13,120,2,186,66,0,66,252
08/30/2021,EUG,OR,ANM,WE,Combined TRACON& Tower with Radar,48,17,21,7,93,0,3,62,1,66,48,20,83,8,159,156,0,156,315
08/31/2021,EUG,OR,ANM,WE,Combined TRACON& Tower with Radar,41,19,26,10,96,0,3,69,1,73,41,22,95,11,169,24,2,26,195
09/01/2021,EUG,OR,ANM,WE,Combined TRACON& Tower with Radar,45,17,26,3,91,0,3,78,1,82,45,20,104,4,173,80,0,80,253
09/02/2021,EUG,OR,ANM,WE,Combined TRACON& Tower with Radar,51,17,24,3,95,0,3,77,3,83,51,20,101,6,178,36,2,38,216
09/03/2021,EUG,OR,ANM,WE,Combined TRACON& Tower with Radar,49,17,9,1,76,0,3,48,2,53,49,20,57,3,129,40,0,40,169
09/04/2021,EUG,OR,ANM,WE,Combined TRACON& Tower with Radar,40,11,24,0,75,0,2,28,0,30,40,13,52,0,105,0,0,0,105
09/05/2021,EUG,OR,ANM,WE,Combined TRACON& Tower with Radar,51,10,8,0,69,0,0,40,0,40,51,10,48,0,109,10,0,10,119
09/06/2021,EUG,OR,ANM,WE,Combined TRACON& Tower with Radar,46,14,21,0,81,0,0,41,0,41,46,14,62,0,122,18,0,18,140
09/07/2021,EUG,OR,ANM,WE,Combined TRACON& Tower with Radar,41,20,24,13,98,0,2,40,1,43,41,22,64,14,141,46,24,70,211
09/08/2021,EUG,OR,ANM,WE,Combined TRACON& Tower with Radar,45,16,18,7,86,1,5,54,1,61,46,21,72,8,147,106,46,152,299
09/09/2021,EUG,OR,ANM,WE,Combined TRACON& Tower with Radar,52,18,17,18,105,0,4,77,5,86,52,22,94,23,191,68,14,82,273
09/10/2021,EUG,OR,ANM,WE,Combined TRACON& Tower with Radar,54,13,28,2,97,0,1,10,0,11,54,14,38,2,108,18,0,18,126
09/11/2021,EUG,OR,ANM,WE,Combined TRACON& Tower with Radar,46,12,9,12,79,0,1,50,0,51,46,13,59,12,130,28,0,28,158
09/12/2021,EUG,OR,ANM,WE,Combined TRACON& Tower with Radar,55,10,14,10,89,0,0,51,0,51,55,10,65,10,140,26,0,26,166
09/13/2021,EUG,OR,ANM,WE,Combined TRACON& Tower with Radar,51,14,10,5,80,0,4,55,0,59,51,18,65,5,139,38,0,38,177
09/14/2021,EUG,OR,ANM,WE,Combined TRACON& Tower with Radar,48,15,16,12,91,0,4,75,4,83,48,19,91,16,174,16,58,74,248
09/15/2021,EUG,OR,ANM,WE,Combined TRACON& Tower with Radar,48,17,21,11,97,0,3,48,4,55,48,20,69,15,152,26,14,40,192
09/16/2021,EUG,OR,ANM,WE,Combined TRACON& Tower with Radar,58,14,15,8,95,0,2,62,1,65,58,16,77,9,160,94,48,142,302
09/17/2021,EUG,OR,ANM,WE,Combined TRACON& Tower with Radar,53,14,17,0,84,0,1,51,0,52,53,15,68,0,136,8,0,8,144
09/18/2021,EUG,OR,ANM,WE,Combined TRACON& Tower with Radar,49,9,18,0,76,0,0,7,0,7,49,9,25,0,83,0,0,0,83
09/19/2021,EUG,OR,ANM,WE,Combined TRACON& Tower with Radar,54,15,16,0,85,0,0,17,0,17,54,15,33,0,102,16,0,16,118
09/20/2021,EUG,OR,ANM,WE,Combined TRACON& Tower with Radar,48,17,27,14,106,0,4,26,1,31,48,21,53,15,137,8,18,26,163
09/21/2021,EUG,OR,ANM,WE,Combined TRACON& Tower with Radar,46,21,20,14,101,0,9,83,10,102,46,30,103,24,203,22,36,58,261
09/22/2021,EUG,OR,ANM,WE,Combined TRACON& Tower with Radar,47,18,21,7,93,0,5,50,4,59,47,23,71,11,152,10,10,20,172
09/23/2021,EUG,OR,ANM,WE,Combined TRACON& Tower with Radar,52,21,20,2,95,0,6,35,2,43,52,27,55,4,138,8,0,8,146
09/24/2021,EUG,OR,ANM,WE,Combined TRACON& Tower with Radar,58,20,17,7,102,0,2,75,0,77,58,22,92,7,179,54,6,60,239
09/25/2021,EUG,OR,ANM,WE,Combined TRACON& Tower with Radar,45,16,28,0,89,0,4,72,1,77,45,20,100,1,166,72,0,72,238
09/26/2021,EUG,OR,ANM,WE,Combined TRACON& Tower with Radar,55,12,22,0,89,0,2,22,0,24,55,14,44,0,113,4,0,4,117
09/27/2021,EUG,OR,ANM,WE,Combined TRACON& Tower with Radar,52,22,12,0,86,0,1,1,0,2,52,23,13,0,88,0,0,0,88
09/28/2021,EUG,OR,ANM,WE,Combined TRACON& Tower with Radar,47,21,15,8,91,0,2,12,0,14,47,23,27,8,105,4,0,4,109
09/29/2021,EUG,OR,ANM,WE,Combined TRACON& Tower with Radar,46,13,18,0,77,0,3,55,0,58,46,16,73,0,135,60,0,60,195
09/30/2021,EUG,OR,ANM,WE,Combined TRACON& Tower with Radar,54,18,25,14,111,0,0,34,0,34,54,18,59,14,145,48,0,48,193
10/01/2021,EUG,OR,ANM,WE,Combined TRACON& Tower with Radar,55,15,20,0,90,1,0,54,0,55,56,15,74,0,145,58,0,58,203
10/02/2021,EUG,OR,ANM,WE,Combined TRACON& Tower with Radar,49,9,16,1,75,0,0,31,0,31,49,9,47,1,106,42,0,42,148
10/03/2021,EUG,OR,ANM,WE,Combined TRACON& Tower with Radar,52,14,19,0,85,0,0,40,0,40,52,14,59,0,125,50,0,50,175
10/04/2021,EUG,OR,ANM,WE,Combined TRACON& Tower with Radar,51,14,13,1,79,0,3,18,0,21,51,17,31,1,100,44,0,44,144
10/05/2021,EUG,OR,ANM,WE,Combined TRACON& Tower with Radar,45,16,24,3,88,0,0,9,0,9,45,16,33,3,97,6,0,6,103
10/06/2021,EUG,OR,ANM,WE,Combined TRACON& Tower with Radar,45,13,26,0,84,0,6,36,0,42,45,19,62,0,126,46,0,46,172
10/07/2021,EUG,OR,ANM,WE,Combined TRACON& Tower with Radar,48,14,19,5,86,1,3,29,2,35,49,17,48,7,121,12,18,30,151
10/08/2021,EUG,OR,ANM,WE,Combined TRACON& Tower with Radar,50,10,20,0,80,0,1,84,0,85,50,11,104,0,165,110,0,110,275
10/09/2021,EUG,OR,ANM,WE,Combined TRACON& Tower with Radar,46,4,24,0,74,0,3,40,0,43,46,7,64,0,117,14,0,14,131
10/10/2021,EUG,OR,ANM,WE,Combined TRACON& Tower with Radar,50,4,16,0,70,0,0,8,0,8,50,4,24,0,78,10,0,10,88
10/11/2021,EUG,OR,ANM,WE,Combined TRACON& Tower with Radar,48,14,20,0,82,0,3,54,0,57,48,17,74,0,139,64,0,64,203
10/12/2021,EUG,OR,ANM,WE,Combined TRACON& Tower with Radar,44,17,22,7,90,0,0,47,3,50,44,17,69,10,140,48,22,70,210
10/13/2021,EUG,OR,ANM,WE,Combined TRACON& Tower with Radar,41,17,31,9,98,0,0,3,1,4,41,17,34,10,102,26,2,28,130
10/14/2021,EUG,OR,ANM,WE,Combined TRACON& Tower with Radar,50,20,27,0,97,0,1,25,0,26,50,21,52,0,123,50,0,50,173
10/15/2021,EUG,OR,ANM,WE,Combined TRACON& Tower with Radar,50,10,45,8,113,0,3,84,0,87,50,13,129,8,200,34,0,34,234
10/16/2021,EUG,OR,ANM,WE,Combined TRACON& Tower with Radar,43,14,23,12,92,0,1,50,0,51,43,15,73,12,143,14,0,14,157
10/17/2021,EUG,OR,ANM,WE,Combined TRACON& Tower with Radar,49,4,24,0,77,0,0,24,0,24,49,4,48,0,101,6,0,6,107
10/18/2021,EUG,OR,ANM,WE,Combined TRACON& Tower with Radar,48,13,21,8,90,0,1,25,0,26,48,14,46,8,116,38,0,38,154
10/19/2021,EUG,OR,ANM,WE,Combined TRACON& Tower with Radar,41,12,20,8,81,0,1,45,4,50,41,13,65,12,131,104,22,126,257
10/20/2021,EUG,OR,ANM,WE,Combined TRACON& Tower with Radar,43,16,26,5,90,0,1,32,0,33,43,17,58,5,123,56,8,64,187
10/21/2021,EUG,OR,ANM,WE,Combined TRACON& Tower with Radar,41,19,20,16,96,0,1,30,10,41,41,20,50,26,137,44,20,64,201
10/22/2021,EUG,OR,ANM,WE,Combined TRACON& Tower with Radar,49,12,27,12,100,0,1,4,8,13,49,13,31,20,113,30,44,74,187
10/23/2021,EUG,OR,ANM,WE,Combined TRACON& Tower with Radar,46,4,3,0,53,0,2,1,0,3,46,6,4,0,56,0,0,0,56
10/24/2021,EUG,OR,ANM,WE,Combined TRACON& Tower with Radar,48,10,4,0,62,0,1,2,0,3,48,11,6,0,65,4,0,4,69
10/25/2021,EUG,OR,ANM,WE,Combined TRACON& Tower with Radar,48,13,7,2,70,0,0,5,0,5,48,13,12,2,75,0,0,0,75
10/26/2021,EUG,OR,ANM,WE,Combined TRACON& Tower with Radar,42,15,19,27,103,0,0,8,1,9,42,15,27,28,112,0,0,0,112
10/27/2021,EUG,OR,ANM,WE,Combined TRACON& Tower with Radar,40,34,36,45,155,1,2,45,7,55,41,36,81,52,210,72,10,82,292
10/28/2021,EUG,OR,ANM,WE,Combined TRACON& Tower with Radar,48,11,32,24,115,0,1,27,1,29,48,12,59,25,144,24,14,38,182
10/29/2021,EUG,OR,ANM,WE,Combined TRACON& Tower with Radar,53,13,32,2,100,0,4,21,0,25,53,17,53,2,125,28,0,28,153
10/30/2021,EUG,OR,ANM,WE,Combined TRACON& Tower with Radar,45,11,27,0,83,0,0,72,0,72,45,11,99,0,155,16,0,16,171
10/31/2021,EUG,OR,ANM,WE,Combined TRACON& Tower with Radar,48,17,29,0,94,0,1,77,0,78,48,18,106,0,172,24,0,24,196
11/01/2021,EUG,OR,ANM,WE,Combined TRACON& Tower with Radar,41,25,17,4,87,0,0,5,0,5,41,25,22,4,92,6,0,6,98
11/02/2021,EUG,OR,ANM,WE,Combined TRACON& Tower with Radar,34,18,26,5,83,0,2,14,0,16,34,20,40,5,99,12,6,18,117
11/03/2021,EUG,OR,ANM,WE,Combined TRACON& Tower with Radar,34,23,25,8,90,0,1,27,0,28,34,24,52,8,118,38,16,54,172
11/04/2021,EUG,OR,ANM,WE,Combined TRACON& Tower with Radar,41,20,11,24,96,0,0,3,1,4,41,20,14,25,100,0,24,24,124
11/05/2021,EUG,OR,ANM,WE,Combined TRACON& Tower with Radar,47,16,25,16,104,3,2,33,1,39,50,18,58,17,143,70,0,70,213
11/06/2021,EUG,OR,ANM,WE,Combined TRACON& Tower with Radar,36,11,8,0,55,1,0,2,0,3,37,11,10,0,58,10,0,10,68
11/07/2021,EUG,OR,ANM,WE,Combined TRACON& Tower with Radar,46,12,12,0,70,0,1,14,0,15,46,13,26,0,85,18,0,18,103
11/08/2021,EUG,OR,ANM,WE,Combined TRACON& Tower with Radar,47,20,23,15,105,0,3,59,0,62,47,23,82,15,167,46,10,56,223
11/09/2021,EUG,OR,ANM,WE,Combined TRACON& Tower with Radar,38,19,37,6,100,0,1,35,0,36,38,20,72,6,136,54,0,54,190
11/10/2021,EUG,OR,ANM,WE,Combined TRACON& Tower with Radar,37,22,26,4,89,0,1,42,0,43,37,23,68,4,132,92,8,100,232
11/11/2021,EUG,OR,ANM,WE,Combined TRACON& Tower with Radar,47,23,27,0,97,0,1,6,0,7,47,24,33,0,104,26,2,28,132
11/12/2021,EUG,OR,ANM,WE,Combined TRACON& Tower with Radar,49,29,31,0,109,0,0,16,0,16,49,29,47,0,125,24,0,24,149
11/13/2021,EUG,OR,ANM,WE,Combined TRACON& Tower with Radar,41,21,27,0,89,1,0,13,0,14,42,21,40,0,103,6,0,6,109
11/14/2021,EUG,OR,ANM,WE,Combined TRACON& Tower with Radar,45,19,33,0,97,0,0,9,0,9,45,19,42,0,106,18,0,18,124
11/15/2021,EUG,OR,ANM,WE,Combined TRACON& Tower with Radar,45,21,22,0,88,0,0,6,0,6,45,21,28,0,94,40,0,40,134
11/16/2021,EUG,OR,ANM,WE,Combined TRACON& Tower with Radar,40,19,19,0,78,0,1,70,0,71,40,20,89,0,149,48,0,48,197
11/17/2021,EUG,OR,ANM,WE,Combined TRACON& Tower with Radar,34,25,12,11,82,0,2,77,0,79,34,27,89,11,161,48,0,48,209
11/18/2021,EUG,OR,ANM,WE,Combined TRACON& Tower with Radar,41,20,14,17,92,1,2,37,1,41,42,22,51,18,133,44,8,52,185
11/19/2021,EUG,OR,ANM,WE,Combined TRACON& Tower with Radar,54,17,17,31,119,0,1,34,0,35,54,18,51,31,154,56,0,56,210
11/20/2021,EUG,OR,ANM,WE,Combined TRACON& Tower with Radar,35,22,23,0,80,0,0,36,0,36,35,22,59,0,116,20,0,20,136
11/21/2021,EUG,OR,ANM,WE,Combined TRACON& Tower with Radar,42,13,14,0,69,0,0,0,0,0,42,13,14,0,69,0,0,0,69
11/22/2021,EUG,OR,ANM,WE,Combined TRACON& Tower with Radar,52,18,9,40,119,0,3,40,2,45,52,21,49,42,164,70,30,100,264
11/23/2021,EUG,OR,ANM,WE,Combined TRACON& Tower with Radar,39,18,34,16,107,0,1,21,1,23,39,19,55,17,130,16,24,40,170
11/24/2021,EUG,OR,ANM,WE,Combined TRACON& Tower with Radar,54,24,27,0,105,0,0,0,0,0,54,24,27,0,105,0,0,0,105
11/25/2021,EUG,OR,ANM,WE,Combined TRACON& Tower with Radar,27,7,10,0,44,0,1,26,0,27,27,8,36,0,71,12,0,12,83
11/26/2021,EUG,OR,ANM,WE,Combined TRACON& Tower with Radar,36,21,11,0,68,0,0,3,0,3,36,21,14,0,71,36,0,36,107
11/27/2021,EUG,OR,ANM,WE,Combined TRACON& Tower with Radar,45,16,46,0,107,0,0,1,0,1,45,16,47,0,108,0,0,0,108
11/28/2021,EUG,OR,ANM,WE,Combined TRACON& Tower with Radar,47,21,24,0,92,0,0,8,0,8,47,21,32,0,100,16,0,16,116
11/29/2021,EUG,OR,ANM,WE,Combined TRACON& Tower with Radar,47,20,19,20,106,0,2,25,2,29,47,22,44,22,135,6,18,24,159
11/30/2021,EUG,OR,ANM,WE,Combined TRACON& Tower with Radar,35,16,18,11,80,0,2,52,5,59,35,18,70,16,139,54,24,78,217
12/01/2021,EUG,OR,ANM,WE,Combined TRACON& Tower with Radar,35,20,20,17,92,0,2,65,1,68,35,22,85,18,160,76,18,94,254
12/02/2021,EUG,OR,ANM,WE,Combined TRACON& Tower with Radar,43,22,37,0,102,0,0,9,2,11,43,22,46,2,113,6,8,14,127
12/03/2021,EUG,OR,ANM,WE,Combined TRACON& Tower with Radar,48,19,31,10,108,0,2,29,0,31,48,21,60,10,139,46,18,64,203
12/04/2021,EUG,OR,ANM,WE,Combined TRACON& Tower with Radar,37,9,11,0,57,0,1,4,0,5,37,10,15,0,62,8,0,8,70
12/05/2021,EUG,OR,ANM,WE,Combined TRACON& Tower with Radar,39,8,8,0,55,0,0,54,0,54,39,8,62,0,109,10,0,10,119
12/06/2021,EUG,OR,ANM,WE,Combined TRACON& Tower with Radar,45,20,20,20,105,0,0,0,1,1,45,20,20,21,106,4,8,12,118
12/07/2021,EUG,OR,ANM,WE,Combined TRACON& Tower with Radar,34,17,21,55,127,0,2,24,1,27,34,19,45,56,154,16,12,28,182
12/08/2021,EUG,OR,ANM,WE,Combined TRACON& Tower with Radar,37,22,32,18,109,0,0,6,2,8,37,22,38,20,117,2,50,52,169
12/09/2021,EUG,OR,ANM,WE,Combined TRACON& Tower with Radar,38,19,21,8,86,0,0,7,2,9,38,19,28,10,95,38,14,52,147
12/10/2021,EUG,OR,ANM,WE,Combined TRACON& Tower with Radar,45,18,32,10,105,0,0,15,0,15,45,18,47,10,120,0,0,0,120
12/11/2021,EUG,OR,ANM,WE,Combined TRACON& Tower with Radar,33,10,9,0,52,0,0,0,0,0,33,10,9,0,52,0,0,0,52
12/12/2021,EUG,OR,ANM,WE,Combined TRACON& Tower with Radar,35,17,25,0,77,0,0,0,0,0,35,17,25,0,77,0,0,0,77
12/13/2021,EUG,OR,ANM,WE,Combined TRACON& Tower with Radar,47,17,13,21,98,0,1,0,1,2,47,18,13,22,100,0,12,12,112
12/14/2021,EUG,OR,ANM,WE,Combined TRACON& Tower with Radar,35,17,35,12,99,0,0,22,2,24,35,17,57,14,123,34,14,48,171
12/15/2021,EUG,OR,ANM,WE,Combined TRACON& Tower with Radar,34,22,16,8,80,0,0,0,0,0,34,22,16,8,80,0,0,0,80
12/16/2021,EUG,OR,ANM,WE,Combined TRACON& Tower with Radar,41,25,24,28,118,1,0,8,0,9,42,25,32,28,127,26,0,26,153
12/17/2021,EUG,OR,ANM,WE,Combined TRACON& Tower with Radar,45,26,27,0,98,0,1,34,0,35,45,27,61,0,133,38,0,38,171
12/18/2021,EUG,OR,ANM,WE,Combined TRACON& Tower with Radar,38,15,14,0,67,0,0,6,0,6,38,15,20,0,73,4,0,4,77
12/19/2021,EUG,OR,ANM,WE,Combined TRACON& Tower with Radar,42,9,6,0,57,0,0,0,0,0,42,9,6,0,57,0,0,0,57
12/20/2021,EUG,OR,ANM,WE,Combined TRACON& Tower with Radar,48,20,24,14,106,0,0,0,0,0,48,20,24,14,106,0,0,0,106
12/21/2021,EUG,OR,ANM,WE,Combined TRACON& Tower with Radar,33,18,13,0,64,0,0,1,0,1,33,18,14,0,65,0,0,0,65
12/22/2021,EUG,OR,ANM,WE,Combined TRACON& Tower with Radar,39,26,15,28,108,0,0,8,5,13,39,26,23,33,121,10,6,16,137
12/23/2021,EUG,OR,ANM,WE,Combined TRACON& Tower with Radar,41,17,18,4,80,0,3,11,1,15,41,20,29,5,95,10,8,18,113
12/24/2021,EUG,OR,ANM,WE,Combined TRACON& Tower with Radar,33,11,7,0,51,0,0,0,0,0,33,11,7,0,51,0,0,0,51
12/25/2021,EUG,OR,ANM,WE,Combined TRACON& Tower with Radar,33,11,1,0,45,0,0,0,0,0,33,11,1,0,45,0,0,0,45
12/26/2021,EUG,OR,ANM,WE,Combined TRACON& Tower with Radar,11,2,7,0,20,0,0,0,0,0,11,2,7,0,20,0,0,0,20
12/27/2021,EUG,OR,ANM,WE,Combined TRACON& Tower with Radar,25,6,1,0,32,0,1,0,0,1,25,7,1,0,33,0,0,0,33
12/28/2021,EUG,OR,ANM,WE,Combined TRACON& Tower with Radar,28,13,17,0,58,0,0,0,0,0,28,13,17,0,58,0,0,0,58
12/29/2021,EUG,OR,ANM,WE,Combined TRACON& Tower with Radar,38,19,7,0,64,0,0,6,0,6,38,19,13,0,70,2,0,2,72
12/30/2021,EUG,OR,ANM,WE,Combined TRACON& Tower with Radar,38,13,4,0,55,0,0,0,0,0,38,13,4,0,55,0,0,0,55
12/31/2021,EUG,OR,ANM,WE,Combined TRACON& Tower with Radar,29,12,14,0,55,0,0,2,0,2,29,12,16,0,57,0,0,0,57
01/01/2022,EUG,OR,ANM,WE,Combined TRACON& Tower with Radar,30,4,29,0,63,0,0,38,2,40,30,4,67,2,103,68,0,68,171
01/02/2022,EUG,OR,ANM,WE,Combined TRACON& Tower with Radar,35,5,15,0,55,0,0,10,0,10,35,5,25,0,65,10,0,10,75
01/03/2022,EUG,OR,ANM,WE,Combined TRACON& Tower with Radar,41,20,6,0,67,0,0,1,0,1,41,20,7,0,68,0,0,0,68
01/04/2022,EUG,OR,ANM,WE,Combined TRACON& Tower with Radar,31,28,14,17,90,0,0,0,0,0,31,28,14,17,90,0,0,0,90
01/05/2022,EUG,OR,ANM,WE,Combined TRACON& Tower with Radar,29,19,10,0,58,0,0,0,0,0,29,19,10,0,58,0,0,0,58
01/06/2022,EUG,OR,ANM,WE,Combined TRACON& Tower with Radar,34,19,18,0,71,0,1,8,0,9,34,20,26,0,80,20,0,20,100
01/07/2022,EUG,OR,ANM,WE,Combined TRACON& Tower with Radar,47,19,12,8,86,0,2,5,0,7,47,21,17,8,93,10,14,24,117
01/08/2022,EUG,OR,ANM,WE,Combined TRACON& Tower with Radar,33,8,27,0,68,0,2,82,0,84,33,10,109,0,152,54,0,54,206
01/09/2022,EUG,OR,ANM,WE,Combined TRACON& Tower with Radar,38,6,9,12,65,0,0,0,0,0,38,6,9,12,65,0,0,0,65
01/10/2022,EUG,OR,ANM,WE,Combined TRACON& Tower with Radar,43,23,18,0,84,0,2,43,0,45,43,25,61,0,129,68,0,68,197
01/11/2022,EUG,OR,ANM,WE,Combined TRACON& Tower with Radar,32,19,27,0,78,0,2,39,0,41,32,21,66,0,119,12,0,12,131
01/12/2022,EUG,OR,ANM,WE,Combined TRACON& Tower with Radar,32,16,22,14,84,0,6,55,1,62,32,22,77,15,146,64,12,76,222
01/13/2022,EUG,OR,ANM,WE,Combined TRACON& Tower with Radar,40,17,36,12,105,0,0,6,0,6,40,17,42,12,111,20,0,20,131
01/14/2022,EUG,OR,ANM,WE,Combined TRACON& Tower with Radar,46,16,26,4,92,0,0,0,0,0,46,16,26,4,92,0,0,0,92
01/15/2022,EUG,OR,ANM,WE,Combined TRACON& Tower with Radar,28,11,12,0,51,0,0,0,0,0,28,11,12,0,51,0,0,0,51
01/16/2022,EUG,OR,ANM,WE,Combined TRACON& Tower with Radar,36,12,9,0,57,0,0,0,0,0,36,12,9,0,57,0,0,0,57
01/17/2022,EUG,OR,ANM,WE,Combined TRACON& Tower with Radar,50,24,30,0,104,0,1,22,0,23,50,25,52,0,127,34,0,34,161
01/18/2022,EUG,OR,ANM,WE,Combined TRACON& Tower with Radar,33,19,18,12,82,0,0,5,2,7,33,19,23,14,89,0,30,30,119
01/19/2022,EUG,OR,ANM,WE,Combined TRACON& Tower with Radar,33,19,21,0,73,0,0,2,0,2,33,19,23,0,75,14,0,14,89
01/20/2022,EUG,OR,ANM,WE,Combined TRACON& Tower with Radar,37,16,25,4,82,0,0,18,0,18,37,16,43,4,100,136,12,148,248
01/21/2022,EUG,OR,ANM,WE,Combined TRACON& Tower with Radar,46,16,26,0,88,0,0,5,0,5,46,16,31,0,93,10,0,10,103
01/22/2022,EUG,OR,ANM,WE,Combined TRACON& Tower with Radar,29,11,26,0,66,0,1,6,0,7,29,12,32,0,73,16,0,16,89
01/23/2022,EUG,OR,ANM,WE,Combined TRACON& Tower with Radar,27,12,7,0,46,0,0,33,0,33,27,12,40,0,79,40,0,40,119
01/24/2022,EUG,OR,ANM,WE,Combined TRACON& Tower with Radar,40,20,13,0,73,0,2,11,0,13,40,22,24,0,86,22,0,22,108
01/25/2022,EUG,OR,ANM,WE,Combined TRACON& Tower with Radar,29,16,13,1,59,0,1,21,0,22,29,17,34,1,81,8,0,8,89
01/26/2022,EUG,OR,ANM,WE,Combined TRACON& Tower with Radar,36,37,16,16,105,0,1,12,0,13,36,38,28,16,118,16,34,50,168
01/27/2022,EUG,OR,ANM,WE,Combined TRACON& Tower with Radar,40,18,14,11,83,0,2,45,0,47,40,20,59,11,130,44,0,44,174
01/28/2022,EUG,OR,ANM,WE,Combined TRACON& Tower with Radar,49,13,30,5,97,0,2,91,1,94,49,15,121,6,191,48,8,56,247
01/29/2022,EUG,OR,ANM,WE,Combined TRACON& Tower with Radar,33,12,9,0,54,0,0,47,0,47,33,12,56,0,101,44,0,44,145
01/30/2022,EUG,OR,ANM,WE,Combined TRACON& Tower with Radar,33,9,6,0,48,0,0,17,0,17,33,9,23,0,65,14,0,14,79
01/31/2022,EUG,OR,ANM,WE,Combined TRACON& Tower with Radar,47,20,12,34,113,0,1,6,2,9,47,21,18,36,122,18,14,32,154
02/01/2022,EUG,OR,ANM,WE,Combined TRACON& Tower with Radar,36,18,7,0,61,0,1,9,0,10,36,19,16,0,71,20,0,20,91
02/02/2022,EUG,OR,ANM,WE,Combined TRACON& Tower with Radar,36,15,19,10,80,0,0,1,0,1,36,15,20,10,81,0,0,0,81
02/03/2022,EUG,OR,ANM,WE,Combined TRACON& Tower with Radar,36,10,28,17,91,0,3,68,13,84,36,13,96,30,175,46,24,70,245
02/04/2022,EUG,OR,ANM,WE,Combined TRACON& Tower with Radar,46,17,17,0,80,0,1,31,0,32,46,18,48,0,112,54,0,54,166
02/05/2022,EUG,OR,ANM,WE,Combined TRACON& Tower with Radar,33,12,20,0,65,0,0,10,0,10,33,12,30,0,75,10,0,10,85
02/06/2022,EUG,OR,ANM,WE,Combined TRACON& Tower with Radar,39,9,10,2,60,1,1,33,0,35,40,10,43,2,95,24,4,28,123
02/07/2022,EUG,OR,ANM,WE,Combined TRACON& Tower with Radar,45,15,17,2,79,0,0,26,0,26,45,15,43,2,105,62,0,62,167
02/08/2022,EUG,OR,ANM,WE,Combined TRACON& Tower with Radar,35,17,12,0,64,0,1,11,0,12,35,18,23,0,76,0,0,0,76
02/09/2022,EUG,OR,ANM,WE,Combined TRACON& Tower with Radar,40,14,11,11,76,0,1,37,0,38,40,15,48,11,114,36,0,36,150
02/10/2022,EUG,OR,ANM,WE,Combined TRACON& Tower with Radar,37,15,16,7,75,0,0,0,0,0,37,15,16,7,75,0,0,0,75
02/11/2022,EUG,OR,ANM,WE,Combined TRACON& Tower with Radar,40,13,23,0,76,0,0,31,0,31,40,13,54,0,107,38,0,38,145
02/12/2022,EUG,OR,ANM,WE,Combined TRACON& Tower with Radar,31,10,17,0,58,0,0,106,0,106,31,10,123,0,164,50,0,50,214
02/13/2022,EUG,OR,ANM,WE,Combined TRACON& Tower with Radar,32,10,11,0,53,0,0,55,0,55,32,10,66,0,108,42,0,42,150
02/14/2022,EUG,OR,ANM,WE,Combined TRACON& Tower with Radar,43,18,11,0,72,0,0,0,0,0,43,18,11,0,72,0,0,0,72
02/15/2022,EUG,OR,ANM,WE,Combined TRACON& Tower with Radar,34,22,18,8,82,0,3,19,0,22,34,25,37,8,104,22,0,22,126
02/16/2022,EUG,OR,ANM,WE,Combined TRACON& Tower with Radar,35,20,23,14,92,0,0,30,0,30,35,20,53,14,122,18,0,18,140
02/17/2022,EUG,OR,ANM,WE,Combined TRACON& Tower with Radar,43,23,30,0,96,0,1,53,0,54,43,24,83,0,150,52,0,52,202
02/18/2022,EUG,OR,ANM,WE,Combined TRACON& Tower with Radar,41,22,11,0,74,1,2,38,1,42,42,24,49,1,116,12,0,12,128
02/19/2022,EUG,OR,ANM,WE,Combined TRACON& Tower with Radar,28,12,19,0,59,0,0,25,0,25,28,12,44,0,84,20,0,20,104
02/20/2022,EUG,OR,ANM,WE,Combined TRACON& Tower with Radar,38,16,8,0,62,0,0,10,0,10,38,16,18,0,72,6,0,6,78
02/21/2022,EUG,OR,ANM,WE,Combined TRACON& Tower with Radar,40,19,14,0,73,0,5,5,0,10,40,24,19,0,83,8,0,8,91
02/22/2022,EUG,OR,ANM,WE,Combined TRACON& Tower with Radar,33,14,10,6,63,0,2,42,2,46,33,16,52,8,109,36,14,50,159
02/23/2022,EUG,OR,ANM,WE,Combined TRACON& Tower with Radar,34,19,20,7,80,2,2,79,5,88,36,21,99,12,168,62,16,78,246
02/24/2022,EUG,OR,ANM,WE,Combined TRACON& Tower with Radar,42,18,28,29,117,0,2,56,0,58,42,20,84,29,175,88,0,88,263
02/25/2022,EUG,OR,ANM,WE,Combined TRACON& Tower with Radar,41,16,31,0,88,0,3,82,0,85,41,19,113,0,173,48,0,48,221
02/26/2022,EUG,OR,ANM,WE,Combined TRACON& Tower with Radar,33,15,13,0,61,0,0,27,0,27,33,15,40,0,88,32,0,32,120
02/27/2022,EUG,OR,ANM,WE,Combined TRACON& Tower with Radar,42,10,11,0,63,0,0,7,0,7,42,10,18,0,70,8,0,8,78
02/28/2022,EUG,OR,ANM,WE,Combined TRACON& Tower with Radar,40,20,14,7,81,0,0,3,9,12,40,20,17,16,93,0,26,26,119
03/01/2022,EUG,OR,ANM,WE,Combined TRACON& Tower with Radar,33,16,19,13,81,0,3,8,1,12,33,19,27,14,93,10,24,34,127
03/02/2022,EUG,OR,ANM,WE,Combined TRACON& Tower with Radar,35,25,29,0,89,0,0,3,0,3,35,25,32,0,92,0,0,0,92
03/03/2022,EUG,OR,ANM,WE,Combined TRACON& Tower with Radar,41,22,17,13,93,0,1,15,1,17,41,23,32,14,110,30,14,44,154
03/04/2022,EUG,OR,ANM,WE,Combined TRACON& Tower with Radar,38,14,23,4,79,0,1,9,1,11,38,15,32,5,90,66,14,80,170
03/05/2022,EUG,OR,ANM,WE,Combined TRACON& Tower with Radar,31,7,8,2,48,0,0,44,0,44,31,7,52,2,92,30,0,30,122
03/06/2022,EUG,OR,ANM,WE,Combined TRACON& Tower with Radar,40,14,16,0,70,0,0,38,0,38,40,14,54,0,108,54,0,54,162
03/07/2022,EUG,OR,ANM,WE,Combined TRACON& Tower with Radar,41,21,23,14,99,0,1,67,1,69,41,22,90,15,168,128,8,136,304
03/08/2022,EUG,OR,ANM,WE,Combined TRACON& Tower with Radar,29,22,12,22,85,0,1,32,0,33,29,23,44,22,118,46,34,80,198
03/09/2022,EUG,OR,ANM,WE,Combined TRACON& Tower with Radar,32,18,23,10,83,0,2,17,2,21,32,20,40,12,104,12,8,20,124
03/10/2022,EUG,OR,ANM,WE,Combined TRACON& Tower with Radar,37,17,27,5,86,1,3,59,2,65,38,20,86,7,151,98,12,110,261
03/11/2022,EUG,OR,ANM,WE,Combined TRACON& Tower with Radar,38,15,34,9,96,0,3,114,1,118,38,18,148,10,214,88,26,114,328
03/12/2022,EUG,OR,ANM,WE,Combined TRACON& Tower with Radar,31,8,6,0,45,0,0,26,0,26,31,8,32,0,71,24,0,24,95
03/13/2022,EUG,OR,ANM,WE,Combined TRACON& Tower with Radar,36,12,11,0,59,1,0,3,0,4,37,12,14,0,63,0,0,0,63
03/14/2022,EUG,OR,ANM,WE,Combined TRACON& Tower with Radar,38,21,9,7,75,0,1,16,1,18,38,22,25,8,93,14,16,30,123
03/15/2022,EUG,OR,ANM,WE,Combined TRACON& Tower with Radar,29,22,18,1,70,1,2,14,1,18,30,24,32,2,88,58,24,82,170
03/16/2022,EUG,OR,ANM,WE,Combined TRACON& Tower with Radar,32,20,36,29,117,0,3,67,1,71,32,23,103,30,188,138,44,182,370
03/17/2022,EUG,OR,ANM,WE,Combined TRACON& Tower with Radar,45,19,25,3,92,0,1,47,0,48,45,20,72,3,140,16,0,16,156
03/18/2022,EUG,OR,ANM,WE,Combined TRACON& Tower with Radar,45,15,10,6,76,0,1,36,0,37,45,16,46,6,113,48,16,64,177
03/19/2022,EUG,OR,ANM,WE,Combined TRACON& Tower with Radar,39,14,18,0,71,0,0,10,0,10,39,14,28,0,81,18,0,18,99
03/20/2022,EUG,OR,ANM,WE,Combined TRACON& Tower with Radar,49,12,13,15,89,2,0,15,0,17,51,12,28,15,106,20,0,20,126
03/21/2022,EUG,OR,ANM,WE,Combined TRACON& Tower with Radar,42,21,12,6,81,0,0,0,0,0,42,21,12,6,81,0,0,0,81
03/22/2022,EUG,OR,ANM,WE,Combined TRACON& Tower with Radar,35,16,11,19,81,0,5,64,0,69,35,21,75,19,150,58,6,64,214
03/23/2022,EUG,OR,ANM,WE,Combined TRACON& Tower with Radar,36,21,20,2,79,0,2,19,0,21,36,23,39,2,100,32,0,32,132
03/24/2022,EUG,OR,ANM,WE,Combined TRACON& Tower with Radar,43,18,26,15,102,1,3,32,3,39,44,21,58,18,141,22,8,30,171
03/25/2022,EUG,OR,ANM,WE,Combined TRACON& Tower with Radar,42,13,15,0,70,0,2,47,0,49,42,15,62,0,119,46,0,46,165
03/26/2022,EUG,OR,ANM,WE,Combined TRACON& Tower with Radar,39,10,12,0,61,0,0,53,0,53,39,10,65,0,114,42,0,42,156
03/27/2022,EUG,OR,ANM,WE,Combined TRACON& Tower with Radar,45,9,23,2,79,1,0,12,0,13,46,9,35,2,92,28,0,28,120
03/28/2022,EUG,OR,ANM,WE,Combined TRACON& Tower with Radar,44,20,23,11,98,0,1,32,1,34,44,21,55,12,132,88,16,104,236
03/29/2022,EUG,OR,ANM,WE,Combined TRACON& Tower with Radar,38,19,27,13,97,0,5,32,1,38,38,24,59,14,135,62,10,72,207
03/30/2022,EUG,OR,ANM,WE,Combined TRACON& Tower with Radar,38,12,14,6,70,1,2,22,4,29,39,14,36,10,99,76,0,76,175
03/31/2022,EUG,OR,ANM,WE,Combined TRACON& Tower with Radar,46,16,17,6,85,0,2,55,0,57,46,18,72,6,142,48,0,48,190
04/01/2022,EUG,OR,ANM,WE,Combined TRACON& Tower with Radar,43,14,25,2,84,0,2,51,0,53,43,16,76,2,137,18,0,18,155
04/02/2022,EUG,OR,ANM,WE,Combined TRACON& Tower with Radar,34,12,15,0,61,1,0,58,0,59,35,12,73,0,120,32,0,32,152
04/03/2022,EUG,OR,ANM,WE,Combined TRACON& Tower with Radar,42,10,14,0,66,0,0,16,0,16,42,10,30,0,82,18,0,18,100
04/04/2022,EUG,OR,ANM,WE,Combined TRACON& Tower with Radar,44,14,9,0,67,0,0,0,0,0,44,14,9,0,67,0,0,0,67
04/05/2022,EUG,OR,ANM,WE,Combined TRACON& Tower with Radar,31,14,15,11,71,0,3,63,2,68,31,17,78,13,139,42,90,132,271
04/06/2022,EUG,OR,ANM,WE,Combined TRACON& Tower with Radar,38,17,26,4,85,0,2,75,2,79,38,19,101,6,164,98,0,98,262
04/07/2022,EUG,OR,ANM,WE,Combined TRACON& Tower with Radar,43,9,26,0,78,1,5,108,0,114,44,14,134,0,192,78,0,78,270
04/08/2022,EUG,OR,ANM,WE,Combined TRACON& Tower with Radar,41,10,19,3,73,0,4,19,0,23,41,14,38,3,96,14,0,14,110
04/09/2022,EUG,OR,ANM,WE,Combined TRACON& Tower with Radar,31,6,12,0,49,0,0,21,0,21,31,6,33,0,70,24,0,24,94
04/10/2022,EUG,OR,ANM,WE,Combined TRACON& Tower with Radar,44,7,18,0,69,0,0,0,0,0,44,7,18,0,69,0,0,0,69
04/11/2022,EUG,OR,ANM,WE,Combined TRACON& Tower with Radar,37,15,15,4,71,2,2,7,0,11,39,17,22,4,82,0,4,4,86
04/12/2022,EUG,OR,ANM,WE,Combined TRACON& Tower with Radar,33,15,11,20,79,0,2,2,0,4,33,17,13,20,83,6,0,6,89
04/13/2022,EUG,OR,ANM,WE,Combined TRACON& Tower with Radar,36,17,18,3,74,1,1,11,1,14,37,18,29,4,88,0,10,10,98
04/14/2022,EUG,OR,ANM,WE,Combined TRACON& Tower with Radar,43,21,15,1,80,3,0,3,0,6,46,21,18,1,86,4,2,6,92
04/15/2022,EUG,OR,ANM,WE,Combined TRACON& Tower with Radar,45,14,30,8,97,0,2,86,1,89,45,16,116,9,186,72,14,86,272
04/16/2022,EUG,OR,ANM,WE,Combined TRACON& Tower with Radar,32,9,1,0,42,0,2,14,0,16,32,11,15,0,58,20,0,20,78
04/17/2022,EUG,OR,ANM,WE,Combined TRACON& Tower with Radar,43,8,12,0,63,2,0,43,0,45,45,8,55,0,108,26,0,26,134
04/18/2022,EUG,OR,ANM,WE,Combined TRACON& Tower with Radar,40,28,17,4,89,2,0,12,0,14,42,28,29,4,103,0,0,0,103
04/19/2022,EUG,OR,ANM,WE,Combined TRACON& Tower with Radar,34,17,27,2,80,0,0,1,0,1,34,17,28,2,81,0,0,0,81
04/20/2022,EUG,OR,ANM,WE,Combined TRACON& Tower with Radar,35,14,17,2,68,0,0,0,0,0,35,14,17,2,68,0,8,8,76
04/21/2022,EUG,OR,ANM,WE,Combined TRACON& Tower with Radar,46,17,20,0,83,0,2,22,0,24,46,19,42,0,107,16,0,16,123
04/22/2022,EUG,OR,ANM,WE,Combined TRACON& Tower with Radar,42,12,37,0,91,0,2,34,0,36,42,14,71,0,127,66,0,66,193
04/23/2022,EUG,OR,ANM,WE,Combined TRACON& Tower with Radar,33,7,11,2,53,1,1,101,0,103,34,8,112,2,156,68,0,68,224
04/24/2022,EUG,OR,ANM,WE,Combined TRACON& Tower with Radar,46,6,20,0,72,0,0,61,2,63,46,6,81,2,135,16,0,16,151
04/25/2022,EUG,OR,ANM,WE,Combined TRACON& Tower with Radar,40,15,34,0,89,2,1,32,0,35,42,16,66,0,124,128,0,128,252
04/26/2022,EUG,OR,ANM,WE,Combined TRACON& Tower with Radar,35,14,14,15,78,0,2,20,0,22,35,16,34,15,100,40,46,86,186
04/27/2022,EUG,OR,ANM,WE,Combined TRACON& Tower with Radar,35,16,22,9,82,0,7,61,1,69,35,23,83,10,151,100,42,142,293
04/28/2022,EUG,OR,ANM,WE,Combined TRACON& Tower with Radar,46,17,20,14,97,0,1,20,0,21,46,18,40,14,118,10,0,10,128
04/29/2022,EUG,OR,ANM,WE,Combined TRACON& Tower with Radar,41,11,33,8,93,0,3,53,0,56,41,14,86,8,149,106,22,128,277
04/30/2022,EUG,OR,ANM,WE,Combined TRACON& Tower with Radar,32,10,9,0,51,0,0,14,0,14,32,10,23,0,65,0,0,0,65
05/01/2022,EUG,OR,ANM,WE,Combined TRACON& Tower with Radar,37,7,19,0,63,0,0,47,0,47,37,7,66,0,110,2,0,2,112
05/02/2022,EUG,OR,ANM,WE,Combined TRACON& Tower with Radar,39,19,17,0,75,0,0,0,0,0,39,19,17,0,75,0,0,0,75
05/03/2022,EUG,OR,ANM,WE,Combined TRACON& Tower with Radar,33,18,32,23,106,0,0,44,0,44,33,18,76,23,150,64,26,90,240
05/04/2022,EUG,OR,ANM,WE,Combined TRACON& Tower with Radar,36,15,25,4,80,0,2,125,1,128,36,17,150,5,208,136,0,136,344
05/05/2022,EUG,OR,ANM,WE,Combined TRACON& Tower with Radar,38,18,15,16,87,0,0,0,0,0,38,18,15,16,87,0,0,0,87
05/06/2022,EUG,OR,ANM,WE,Combined TRACON& Tower with Radar,39,24,4,0,67,0,0,0,0,0,39,24,4,0,67,2,0,2,69
05/07/2022,EUG,OR,ANM,WE,Combined TRACON& Tower with Radar,33,11,5,0,49,0,0,5,0,5,33,11,10,0,54,0,0,0,54
05/08/2022,EUG,OR,ANM,WE,Combined TRACON& Tower with Radar,37,14,11,0,62,0,0,0,0,0,37,14,11,0,62,0,0,0,62
05/09/2022,EUG,OR,ANM,WE,Combined TRACON& Tower with Radar,40,22,15,2,79,0,1,24,0,25,40,23,39,2,104,10,0,10,114
05/10/2022,EUG,OR,ANM,WE,Combined TRACON& Tower with Radar,32,16,21,14,83,0,2,44,0,46,32,18,65,14,129,70,2,72,201
05/11/2022,EUG,OR,ANM,WE,Combined TRACON& Tower with Radar,35,19,34,0,88,0,3,61,0,64,35,22,95,0,152,40,0,40,192
05/12/2022,EUG,OR,ANM,WE,Combined TRACON& Tower with Radar,36,16,17,2,71,0,0,3,0,3,36,16,20,2,74,0,0,0,74
05/13/2022,EUG,OR,ANM,WE,Combined TRACON& Tower with Radar,38,19,29,0,86,0,0,12,1,13,38,19,41,1,99,32,0,32,131
05/14/2022,EUG,OR,ANM,WE,Combined TRACON& Tower with Radar,34,14,7,0,55,0,0,22,0,22,34,14,29,0,77,26,0,26,103
05/15/2022,EUG,OR,ANM,WE,Combined TRACON& Tower with Radar,38,8,16,0,62,0,0,29,0,29,38,8,45,0,91,14,0,14,105
05/16/2022,EUG,OR,ANM,WE,Combined TRACON& Tower with Radar,39,19,23,24,105,0,2,55,2,59,39,21,78,26,164,122,14,136,300
05/17/2022,EUG,OR,ANM,WE,Combined TRACON& Tower with Radar,33,17,23,23,96,0,2,82,1,85,33,19,105,24,181,82,8,90,271
05/18/2022,EUG,OR,ANM,WE,Combined TRACON& Tower with Radar,32,22,26,8,88,1,0,5,0,6,33,22,31,8,94,18,0,18,112
05/19/2022,EUG,OR,ANM,WE,Combined TRACON& Tower with Radar,25,10,27,7,69,2,2,15,3,22,27,12,42,10,91,30,12,42,133
05/20/2022,EUG,OR,ANM,WE,Combined TRACON& Tower with Radar,40,14,39,0,93,0,2,67,0,69,40,16,106,0,162,94,0,94,256
05/21/2022,EUG,OR,ANM,WE,Combined TRACON& Tower with Radar,31,10,10,2,53,1,0,71,0,72,32,10,81,2,125,46,0,46,171
05/22/2022,EUG,OR,ANM,WE,Combined TRACON& Tower with Radar,38,14,10,0,62,1,0,43,0,44,39,14,53,0,106,46,0,46,152
05/23/2022,EUG,OR,ANM,WE,Combined TRACON& Tower with Radar,41,16,13,5,75,0,1,72,2,75,41,17,85,7,150,116,0,116,266
05/24/2022,EUG,OR,ANM,WE,Combined TRACON& Tower with Radar,31,14,25,0,70,0,3,58,0,61,31,17,83,0,131,124,0,124,255
05/25/2022,EUG,OR,ANM,WE,Combined TRACON& Tower with Radar,33,17,24,3,77,0,2,72,1,75,33,19,96,4,152,132,8,140,292
05/26/2022,EUG,OR,ANM,WE,Combined TRACON& Tower with Radar,39,21,10,0,70,1,3,52,0,56,40,24,62,0,126,38,0,38,164
05/27/2022,EUG,OR,ANM,WE,Combined TRACON& Tower with Radar,38,14,23,6,81,1,5,18,0,24,39,19,41,6,105,22,4,26,131
05/28/2022,EUG,OR,ANM,WE,Combined TRACON& Tower with Radar,32,9,12,0,53,0,0,6,0,6,32,9,18,0,59,10,0,10,69
05/29/2022,EUG,OR,ANM,WE,Combined TRACON& Tower with Radar,41,10,5,0,56,0,1,9,0,10,41,11,14,0,66,2,0,2,68
05/30/2022,EUG,OR,ANM,WE,Combined TRACON& Tower with Radar,40,10,12,0,62,0,0,48,0,48,40,10,60,0,110,43,0,43,153
05/31/2022,EUG,OR,ANM,WE,Combined TRACON& Tower with Radar,31,12,30,0,73,0,4,45,0,49,31,16,75,0,122,64,0,64,186
06/01/2022,EUG,OR,ANM,WE,Combined TRACON& Tower with Radar,36,20,16,5,77,1,4,65,0,70,37,24,81,5,147,70,0,70,217
06/02/2022,EUG,OR,ANM,WE,Combined TRACON& Tower with Radar,35,22,21,62,140,0,1,63,6,70,35,23,84,68,210,24,42,66,276
06/03/2022,EUG,OR,ANM,WE,Combined TRACON& Tower with Radar,46,15,21,4,86,1,0,37,0,38,47,15,58,4,124,34,0,34,158
06/04/2022,EUG,OR,ANM,WE,Combined TRACON& Tower with Radar,36,8,8,0,52,0,0,3,0,3,36,8,11,0,55,18,0,18,73
06/05/2022,EUG,OR,ANM,WE,Combined TRACON& Tower with Radar,58,6,17,0,81,0,0,10,0,10,58,6,27,0,91,2,0,2,93
06/06/2022,EUG,OR,ANM,WE,Combined TRACON& Tower with Radar,57,11,11,13,92,0,0,42,1,43,57,11,53,14,135,32,18,50,185
06/07/2022,EUG,OR,ANM,WE,Combined TRACON& Tower with Radar,43,10,22,4,79,0,3,77,0,80,43,13,99,4,159,50,0,50,209
06/08/2022,EUG,OR,ANM,WE,Combined TRACON& Tower with Radar,45,13,27,4,89,0,5,62,0,67,45,18,89,4,156,74,0,74,230
06/09/2022,EUG,OR,ANM,WE,Combined TRACON& Tower with Radar,42,11,12,8,73,0,1,23,0,24,42,12,35,8,97,32,16,48,145
06/10/2022,EUG,OR,ANM,WE,Combined TRACON& Tower with Radar,48,13,37,2,100,0,0,15,0,15,48,13,52,2,115,60,12,72,187
06/11/2022,EUG,OR,ANM,WE,Combined TRACON& Tower with Radar,46,9,24,0,79,0,0,5,0,5,46,9,29,0,84,0,0,0,84
06/12/2022,EUG,OR,ANM,WE,Combined TRACON& Tower with Radar,55,3,21,0,79,0,0,10,0,10,55,3,31,0,89,12,0,12,101
06/13/2022,EUG,OR,ANM,WE,Combined TRACON& Tower with Radar,48,15,26,0,89,0,1,10,0,11,48,16,36,0,100,16,0,16,116
06/14/2022,EUG,OR,ANM,WE,Combined TRACON& Tower with Radar,39,14,27,7,87,0,1,70,0,71,39,15,97,7,158,114,24,138,296
06/15/2022,EUG,OR,ANM,WE,Combined TRACON& Tower with Radar,43,12,37,10,102,0,3,71,0,74,43,15,108,10,176,82,20,102,278
06/16/2022,EUG,OR,ANM,WE,Combined TRACON& Tower with Radar,49,9,32,8,98,0,3,55,0,58,49,12,87,8,156,104,12,116,272
06/17/2022,EUG,OR,ANM,WE,Combined TRACON& Tower with Radar,51,11,26,0,88,0,0,7,0,7,51,11,33,0,95,12,0,12,107
06/18/2022,EUG,OR,ANM,WE,Combined TRACON& Tower with Radar,43,3,13,0,59,0,0,43,0,43,43,3,56,0,102,54,0,54,156
06/19/2022,EUG,OR,ANM,WE,Combined TRACON& Tower with Radar,53,2,15,0,70,0,0,25,0,25,53,2,40,0,95,12,0,12,107
06/20/2022,EUG,OR,ANM,WE,Combined TRACON& Tower with Radar,52,12,19,0,83,0,4,63,0,67,52,16,82,0,150,86,0,86,236
06/21/2022,EUG,OR,ANM,WE,Combined TRACON& Tower with Radar,40,8,19,8,75,0,5,84,0,89,40,13,103,8,164,138,8,146,310
06/22/2022,EUG,OR,ANM,WE,Combined TRACON& Tower with Radar,45,8,11,0,64,0,9,80,6,95,45,17,91,6,159,74,2,76,235
06/23/2022,EUG,OR,ANM,WE,Combined TRACON& Tower with Radar,49,9,12,0,70,1,3,97,0,101,50,12,109,0,171,106,0,106,277
06/24/2022,EUG,OR,ANM,WE,Combined TRACON& Tower with Radar,56,11,22,5,94,0,3,73,3,79,56,14,95,8,173,82,0,82,255
06/25/2022,EUG,OR,ANM,WE,Combined TRACON& Tower with Radar,44,1,9,0,54,0,0,48,0,48,44,1,57,0,102,48,0,48,150
06/26/2022,EUG,OR,ANM,WE,Combined TRACON& Tower with Radar,54,2,11,0,67,0,0,61,0,61,54,2,72,0,128,70,0,70,198
06/27/2022,EUG,OR,ANM,WE,Combined TRACON& Tower with Radar,53,7,18,16,94,0,3,89,5,97,53,10,107,21,191,90,38,128,319
06/28/2022,EUG,OR,ANM,WE,Combined TRACON& Tower with Radar,43,5,30,7,85,0,5,68,0,73,43,10,98,7,158,110,20,130,288
06/29/2022,EUG,OR,ANM,WE,Combined TRACON& Tower with Radar,48,13,36,15,112,0,5,46,7,58,48,18,82,22,170,14,16,30,200
06/30/2022,EUG,OR,ANM,WE,Combined TRACON& Tower with Radar,48,6,14,0,68,1,2,80,0,83,49,8,94,0,151,50,0,50,201
07/01/2022,EUG,OR,ANM,WE,Combined TRACON& Tower with Radar,56,6,30,4,96,0,2,51,0,53,56,8,81,4,149,62,0,62,211
07/02/2022,EUG,OR,ANM,WE,Combined TRACON& Tower with Radar,42,1,11,0,54,0,0,18,0,18,42,1,29,0,72,14,0,14,86
07/03/2022,EUG,OR,ANM,WE,Combined TRACON& Tower with Radar,51,2,12,0,65,0,0,30,0,30,51,2,42,0,95,0,0,0,95
07/04/2022,EUG,OR,ANM,WE,Combined TRACON& Tower with Radar,52,2,22,0,76,0,0,36,0,36,52,2,58,0,112,28,0,28,140
07/05/2022,EUG,OR,ANM,WE,Combined TRACON& Tower with Radar,46,8,23,0,77,0,2,27,0,29,46,10,50,0,106,56,0,56,162
07/06/2022,EUG,OR,ANM,WE,Combined TRACON& Tower with Radar,48,10,18,2,78,0,3,48,0,51,48,13,66,2,129,48,0,48,177
07/07/2022,EUG,OR,ANM,WE,Combined TRACON& Tower with Radar,54,7,17,32,110,0,3,66,2,71,54,10,83,34,181,90,38,128,309
07/08/2022,EUG,OR,ANM,WE,Combined TRACON& Tower with Radar,53,4,22,4,83,0,3,96,0,99,53,7,118,4,182,130,12,142,324
07/09/2022,EUG,OR,ANM,WE,Combined TRACON& Tower with Radar,46,0,13,0,59,0,1,57,0,58,46,1,70,0,117,14,0,14,131
07/10/2022,EUG,OR,ANM,WE,Combined TRACON& Tower with Radar,53,1,10,0,64,0,0,58,0,58,53,1,68,0,122,14,0,14,136
07/11/2022,EUG,OR,ANM,WE,Combined TRACON& Tower with Radar,56,12,15,0,83,1,2,48,0,51,57,14,63,0,134,50,0,50,184
07/12/2022,EUG,OR,ANM,WE,Combined TRACON& Tower with Radar,45,6,17,0,68,0,2,67,0,69,45,8,84,0,137,50,0,50,187
07/13/2022,EUG,OR,ANM,WE,Combined TRACON& Tower with Radar,48,8,15,15,86,0,2,99,0,101,48,10,114,15,187,50,0,50,237
07/14/2022,EUG,OR,ANM,WE,Combined TRACON& Tower with Radar,51,14,21,2,88,0,2,104,0,106,51,16,125,2,194,40,0,40,234
07/15/2022,EUG,OR,ANM,WE,Combined TRACON& Tower with Radar,56,16,20,0,92,0,2,90,0,92,56,18,110,0,184,78,0,78,262
07/16/2022,EUG,OR,ANM,WE,Combined TRACON& Tower with Radar,43,8,18,3,72,0,0,44,0,44,43,8,62,3,116,46,0,46,162
07/17/2022,EUG,OR,ANM,WE,Combined TRACON& Tower with Radar,54,7,17,0,78,0,0,28,0,28,54,7,45,0,106,20,0,20,126
07/18/2022,EUG,OR,ANM,WE,Combined TRACON& Tower with Radar,56,15,13,14,98,0,2,103,2,107,56,17,116,16,205,144,24,168,373
07/19/2022,EUG,OR,ANM,WE,Combined TRACON& Tower with Radar,42,8,19,2,71,0,2,87,0,89,42,10,106,2,160,98,18,116,276
07/20/2022,EUG,OR,ANM,WE,Combined TRACON& Tower with Radar,47,11,22,0,80,0,4,79,0,83,47,15,101,0,163,82,0,82,245
07/21/2022,EUG,OR,ANM,WE,Combined TRACON& Tower with Radar,52,6,31,6,95,0,3,64,0,67,52,9,95,6,162,120,6,126,288
07/22/2022,EUG,OR,ANM,WE,Combined TRACON& Tower with Radar,56,7,35,0,98,0,2,62,0,64,56,9,97,0,162,68,0,68,230
07/23/2022,EUG,OR,ANM,WE,Combined TRACON& Tower with Radar,46,3,18,0,67,0,0,24,0,24,46,3,42,0,91,36,0,36,127
07/24/2022,EUG,OR,ANM,WE,Combined TRACON& Tower with Radar,52,10,17,0,79,0,0,51,0,51,52,10,68,0,130,38,0,38,168
07/25/2022,EUG,OR,ANM,WE,Combined TRACON& Tower with Radar,61,11,9,0,81,0,3,76,0,79,61,14,85,0,160,116,0,116,276
07/26/2022,EUG,OR,ANM,WE,Combined TRACON& Tower with Radar,45,7,15,8,75,0,3,67,10,80,45,10,82,18,155,96,20,116,271
07/27/2022,EUG,OR,ANM,WE,Combined TRACON& Tower with Radar,48,10,20,0,78,0,3,64,0,67,48,13,84,0,145,64,0,64,209
07/28/2022,EUG,OR,ANM,WE,Combined TRACON& Tower with Radar,54,4,25,11,94,0,4,88,1,93,54,8,113,12,187,192,0,192,379
07/29/2022,EUG,OR,ANM,WE,Combined TRACON& Tower with Radar,59,7,23,0,89,0,2,66,0,68,59,9,89,0,157,80,0,80,237
07/30/2022,EUG,OR,ANM,WE,Combined TRACON& Tower with Radar,42,3,11,1,57,0,0,43,0,43,42,3,54,1,100,38,0,38,138
07/31/2022,EUG,OR,ANM,WE,Combined TRACON& Tower with Radar,55,5,21,0,81,0,0,51,0,51,55,5,72,0,132,28,0,28,160
08/01/2022,EUG,OR,ANM,WE,Combined TRACON& Tower with Radar,53,10,10,2,75,1,3,46,2,52,54,13,56,4,127,58,0,58,185
08/02/2022,EUG,OR,ANM,WE,Combined TRACON& Tower with Radar,41,8,19,22,90,3,2,54,10,69,44,10,73,32,159,88,26,114,273
08/03/2022,EUG,OR,ANM,WE,Combined TRACON& Tower with Radar,45,13,13,19,90,0,2,66,3,71,45,15,79,22,161,122,20,142,303
08/04/2022,EUG,OR,ANM,WE,Combined TRACON& Tower with Radar,51,7,28,9,95,0,3,73,1,77,51,10,101,10,172,160,32,192,364
08/05/2022,EUG,OR,ANM,WE,Combined TRACON& Tower with Radar,56,5,20,18,99,0,2,73,14,89,56,7,93,32,188,60,32,92,280
08/06/2022,EUG,OR,ANM,WE,Combined TRACON& Tower with Radar,43,5,7,0,55,1,2,43,2,48,44,7,50,2,103,38,0,38,141
08/07/2022,EUG,OR,ANM,WE,Combined TRACON& Tower with Radar,55,8,8,0,71,0,3,50,2,55,55,11,58,2,126,66,0,66,192
08/08/2022,EUG,OR,ANM,WE,Combined TRACON& Tower with Radar,54,11,19,2,86,0,2,40,0,42,54,13,59,2,128,88,0,88,216
08/09/2022,EUG,OR,ANM,WE,Combined TRACON& Tower with Radar,43,11,17,7,78,0,3,31,1,35,43,14,48,8,113,76,0,76,189
08/10/2022,EUG,OR,ANM,WE,Combined TRACON& Tower with Radar,45,13,22,20,100,0,3,98,2,103,45,16,120,22,203,252,8,260,463
08/11/2022,EUG,OR,ANM,WE,Combined TRACON& Tower with Radar,53,6,18,12,89,0,5,76,2,83,53,11,94,14,172,118,31,149,321
08/12/2022,EUG,OR,ANM,WE,Combined TRACON& Tower with Radar,55,6,18,14,93,1,1,87,0,89,56,7,105,14,182,224,6,230,412
08/13/2022,EUG,OR,ANM,WE,Combined TRACON& Tower with Radar,43,5,24,8,80,0,0,54,4,58,43,5,78,12,138,92,0,92,230
08/14/2022,EUG,OR,ANM,WE,Combined TRACON& Tower with Radar,56,3,11,0,70,0,3,53,0,56,56,6,64,0,126,20,0,20,146
08/15/2022,EUG,OR,ANM,WE,Combined TRACON& Tower with Radar,54,12,15,4,85,1,2,86,3,92,55,14,101,7,177,172,0,172,349
08/16/2022,EUG,OR,ANM,WE,Combined TRACON& Tower with Radar,43,10,13,7,73,0,4,76,1,81,43,14,89,8,154,178,0,178,332
08/17/2022,EUG,OR,ANM,WE,Combined TRACON& Tower with Radar,48,9,17,8,82,0,8,64,1,73,48,17,81,9,155,182,0,182,337
08/18/2022,EUG,OR,ANM,WE,Combined TRACON& Tower with Radar,53,10,26,18,107,0,5,120,0,125,53,15,146,18,232,138,0,138,370
08/19/2022,EUG,OR,ANM,WE,Combined TRACON& Tower with Radar,51,7,23,1,82,0,2,33,1,36,51,9,56,2,118,54,0,54,172
08/20/2022,EUG,OR,ANM,WE,Combined TRACON& Tower with Radar,42,8,23,1,74,0,3,31,1,35,42,11,54,2,109,26,8,34,143
08/21/2022,EUG,OR,ANM,WE,Combined TRACON& Tower with Radar,58,2,13,1,74,1,1,38,1,41,59,3,51,2,115,62,0,62,177
08/22/2022,EUG,OR,ANM,WE,Combined TRACON& Tower with Radar,53,11,24,29,117,1,6,81,11,99,54,17,105,40,216,206,30,236,452
08/23/2022,EUG,OR,ANM,WE,Combined TRACON& Tower with Radar,46,8,25,17,96,0,3,104,5,112,46,11,129,22,208,172,82,254,462
08/24/2022,EUG,OR,ANM,WE,Combined TRACON& Tower with Radar,50,11,22,13,96,0,3,86,3,92,50,14,108,16,188,136,12,148,336
08/25/2022,EUG,OR,ANM,WE,Combined TRACON& Tower with Radar,55,8,20,15,98,0,2,101,2,105,55,10,121,17,203,162,20,182,385
08/26/2022,EUG,OR,ANM,WE,Combined TRACON& Tower with Radar,52,8,23,12,95,0,3,68,1,72,52,11,91,13,167,46,0,46,213
08/27/2022,EUG,OR,ANM,WE,Combined TRACON& Tower with Radar,43,4,16,0,63,0,2,62,0,64,43,6,78,0,127,59,0,59,186
08/28/2022,EUG,OR,ANM,WE,Combined TRACON& Tower with Radar,57,3,12,0,72,0,0,43,0,43,57,3,55,0,115,62,0,62,177
08/29/2022,EUG,OR,ANM,WE,Combined TRACON& Tower with Radar,53,13,33,1,100,0,3,69,0,72,53,16,102,1,172,172,0,172,344
08/30/2022,EUG,OR,ANM,WE,Combined TRACON& Tower with Radar,43,8,25,2,78,0,4,81,0,85,43,12,106,2,163,106,0,106,269
08/31/2022,EUG,OR,ANM,WE,Combined TRACON& Tower with Radar,49,9,28,3,89,0,5,74,1,80,49,14,102,4,169,74,4,78,247
09/01/2022,EUG,OR,ANM,WE,Combined TRACON& Tower with Radar,58,8,32,16,114,0,2,91,4,97,58,10,123,20,211,154,6,160,371
09/02/2022,EUG,OR,ANM,WE,Combined TRACON& Tower with Radar,50,6,15,1,72,1,4,83,3,91,51,10,98,4,163,80,0,80,243
09/03/2022,EUG,OR,ANM,WE,Combined TRACON& Tower with Radar,44,6,13,2,65,0,0,39,3,42,44,6,52,5,107,50,0,50,157
09/04/2022,EUG,OR,ANM,WE,Combined TRACON& Tower with Radar,54,2,2,0,58,0,0,59,0,59,54,2,61,0,117,70,0,70,187
09/05/2022,EUG,OR,ANM,WE,Combined TRACON& Tower with Radar,56,2,7,0,65,0,3,46,0,49,56,5,53,0,114,54,0,54,168
09/06/2022,EUG,OR,ANM,WE,Combined TRACON& Tower with Radar,47,14,18,2,81,0,2,103,0,105,47,16,121,2,186,98,0,98,284
09/07/2022,EUG,OR,ANM,WE,Combined TRACON& Tower with Radar,42,8,26,0,76,0,4,65,0,69,42,12,91,0,145,56,0,56,201
09/08/2022,EUG,OR,ANM,WE,Combined TRACON& Tower with Radar,50,10,13,0,73,0,3,52,2,57,50,13,65,2,130,128,0,128,258
09/09/2022,EUG,OR,ANM,WE,Combined TRACON& Tower with Radar,53,2,27,1,83,0,8,32,2,42,53,10,59,3,125,36,0,36,161
09/10/2022,EUG,OR,ANM,WE,Combined TRACON& Tower with Radar,43,1,17,0,61,0,2,16,2,20,43,3,33,2,81,0,0,0,81
09/11/2022,EUG,OR,ANM,WE,Combined TRACON& Tower with Radar,49,6,17,1,73,0,1,40,1,42,49,7,57,2,115,22,0,22,137
09/12/2022,EUG,OR,ANM,WE,Combined TRACON& Tower with Radar,50,17,15,28,110,0,2,27,2,31,50,19,42,30,141,78,20,98,239
09/13/2022,EUG,OR,ANM,WE,Combined TRACON& Tower with Radar,40,9,19,15,83,0,6,55,2,63,40,15,74,17,146,107,4,111,257
09/14/2022,EUG,OR,ANM,WE,Combined TRACON& Tower with Radar,40,12,34,25,111,0,2,61,2,65,40,14,95,27,176,132,44,176,352
09/15/2022,EUG,OR,ANM,WE,Combined TRACON& Tower with Radar,53,8,21,2,84,0,2,69,0,71,53,10,90,2,155,90,0,90,245
09/16/2022,EUG,OR,ANM,WE,Combined TRACON& Tower with Radar,51,6,33,5,95,0,3,81,1,85,51,9,114,6,180,102,12,114,294
09/17/2022,EUG,OR,ANM,WE,Combined TRACON& Tower with Radar,44,2,44,0,90,0,1,66,2,69,44,3,110,2,159,102,0,102,261
09/18/2022,EUG,OR,ANM,WE,Combined TRACON& Tower with Radar,50,2,20,2,74,2,0,39,1,42,52,2,59,3,116,14,0,14,130
09/19/2022,EUG,OR,ANM,WE,Combined TRACON& Tower with Radar,52,7,15,3,77,0,1,60,0,61,52,8,75,3,138,46,0,46,184
09/20/2022,EUG,OR,ANM,WE,Combined TRACON& Tower with Radar,40,5,27,10,82,2,6,44,2,54,42,11,71,12,136,14,34,48,184
09/21/2022,EUG,OR,ANM,WE,Combined TRACON& Tower with Radar,39,12,17,0,68,2,1,31,0,34,41,13,48,0,102,68,0,68,170
09/22/2022,EUG,OR,ANM,WE,Combined TRACON& Tower with Radar,53,13,47,27,140,1,4,39,1,45,54,17,86,28,185,46,16,62,247
09/23/2022,EUG,OR,ANM,WE,Combined TRACON& Tower with Radar,55,13,14,0,82,0,2,45,0,47,55,15,59,0,129,40,0,40,169
09/24/2022,EUG,OR,ANM,WE,Combined TRACON& Tower with Radar,46,5,21,0,72,0,3,64,0,67,46,8,85,0,139,76,6,82,221
09/25/2022,EUG,OR,ANM,WE,Combined TRACON& Tower with Radar,49,7,11,0,67,0,0,72,0,72,49,7,83,0,139,60,0,60,199
09/26/2022,EUG,OR,ANM,WE,Combined TRACON& Tower with Radar,51,11,15,0,77,0,2,46,0,48,51,13,61,0,125,72,0,72,197
09/27/2022,EUG,OR,ANM,WE,Combined TRACON& Tower with Radar,42,4,17,8,71,0,2,64,2,68,42,6,81,10,139,98,10,108,247
09/28/2022,EUG,OR,ANM,WE,Combined TRACON& Tower with Radar,39,4,31,4,78,0,2,9,0,11,39,6,40,4,89,10,0,10,99
09/29/2022,EUG,OR,ANM,WE,Combined TRACON& Tower with Radar,54,6,31,9,100,0,1,19,6,26,54,7,50,15,126,80,30,110,236
09/30/2022,EUG,OR,ANM,WE,Combined TRACON& Tower with Radar,57,5,29,2,93,1,4,42,0,47,58,9,71,2,140,12,0,12,152
10/01/2022,EUG,OR,ANM,WE,Combined TRACON& Tower with Radar,45,1,17,0,63,0,1,78,0,79,45,2,95,0,142,82,0,82,224
10/02/2022,EUG,OR,ANM,WE,Combined TRACON& Tower with Radar,49,2,20,0,71,0,0,79,0,79,49,2,99,0,150,38,0,38,188
10/03/2022,EUG,OR,ANM,WE,Combined TRACON& Tower with Radar,48,5,24,10,87,0,2,38,0,40,48,7,62,10,127,102,0,102,229
10/04/2022,EUG,OR,ANM,WE,Combined TRACON& Tower with Radar,40,10,19,17,86,0,2,44,1,47,40,12,63,18,133,30,10,40,173
10/05/2022,EUG,OR,ANM,WE,Combined TRACON& Tower with Radar,38,10,38,2,88,0,2,28,0,30,38,12,66,2,118,68,0,68,186
10/06/2022,EUG,OR,ANM,WE,Combined TRACON& Tower with Radar,52,9,26,2,89,1,1,38,0,40,53,10,64,2,129,24,0,24,153
10/07/2022,EUG,OR,ANM,WE,Combined TRACON& Tower with Radar,52,9,32,5,98,1,1,27,0,29,53,10,59,5,127,28,0,28,155
10/08/2022,EUG,OR,ANM,WE,Combined TRACON& Tower with Radar,39,4,12,0,55,0,0,33,0,33,39,4,45,0,88,76,0,76,164
10/09/2022,EUG,OR,ANM,WE,Combined TRACON& Tower with Radar,53,5,12,0,70,0,1,34,0,35,53,6,46,0,105,20,0,20,125
10/10/2022,EUG,OR,ANM,WE,Combined TRACON& Tower with Radar,46,10,18,2,76,0,1,14,0,15,46,11,32,2,91,20,2,22,113
10/11/2022,EUG,OR,ANM,WE,Combined TRACON& Tower with Radar,38,7,23,30,98,0,2,49,2,53,38,9,72,32,151,56,18,74,225
10/12/2022,EUG,OR,ANM,WE,Combined TRACON& Tower with Radar,39,9,28,0,76,0,2,90,0,92,39,11,118,0,168,62,0,62,230
10/13/2022,EUG,OR,ANM,WE,Combined TRACON& Tower with Radar,50,15,30,0,95,3,2,70,0,75,53,17,100,0,170,82,0,82,252
10/14/2022,EUG,OR,ANM,WE,Combined TRACON& Tower with Radar,49,16,26,7,98,2,0,51,1,54,51,16,77,8,152,41,32,73,225
10/15/2022,EUG,OR,ANM,WE,Combined TRACON& Tower with Radar,38,6,11,0,55,1,0,39,0,40,39,6,50,0,95,38,0,38,133
10/16/2022,EUG,OR,ANM,WE,Combined TRACON& Tower with Radar,51,14,7,0,72,1,0,55,0,56,52,14,62,0,128,54,0,54,182
10/17/2022,EUG,OR,ANM,WE,Combined TRACON& Tower with Radar,48,6,23,0,77,1,1,37,0,39,49,7,60,0,116,60,0,60,176
10/18/2022,EUG,OR,ANM,WE,Combined TRACON& Tower with Radar,36,21,10,6,73,0,2,30,2,34,36,23,40,8,107,20,6,26,133
10/19/2022,EUG,OR,ANM,WE,Combined TRACON& Tower with Radar,38,11,20,2,71,0,1,28,0,29,38,12,48,2,100,42,0,42,142
10/20/2022,EUG,OR,ANM,WE,Combined TRACON& Tower with Radar,54,13,28,8,103,0,0,21,0,21,54,13,49,8,124,10,14,24,148
10/21/2022,EUG,OR,ANM,WE,Combined TRACON& Tower with Radar,50,17,42,9,118,1,0,10,0,11,51,17,52,9,129,4,0,4,133
10/22/2022,EUG,OR,ANM,WE,Combined TRACON& Tower with Radar,43,20,43,0,106,0,0,9,0,9,43,20,52,0,115,0,0,0,115
10/23/2022,EUG,OR,ANM,WE,Combined TRACON& Tower with Radar,57,16,26,0,99,0,0,72,0,72,57,16,98,0,171,54,0,54,225
10/24/2022,EUG,OR,ANM,WE,Combined TRACON& Tower with Radar,47,13,15,3,78,0,1,8,3,12,47,14,23,6,90,8,10,18,108
10/25/2022,EUG,OR,ANM,WE,Combined TRACON& Tower with Radar,35,8,21,8,72,0,0,20,5,25,35,8,41,13,97,60,36,96,193
10/26/2022,EUG,OR,ANM,WE,Combined TRACON& Tower with Radar,38,6,11,0,55,0,2,42,0,44,38,8,53,0,99,32,0,32,131
10/27/2022,EUG,OR,ANM,WE,Combined TRACON& Tower with Radar,53,5,19,0,77,0,3,80,0,83,53,8,99,0,160,112,0,112,272
10/28/2022,EUG,OR,ANM,WE,Combined TRACON& Tower with Radar,50,7,20,0,77,1,1,14,0,16,51,8,34,0,93,66,0,66,159
10/29/2022,EUG,OR,ANM,WE,Combined TRACON& Tower with Radar,40,0,12,0,52,0,0,29,0,29,40,0,41,0,81,72,0,72,153
10/30/2022,EUG,OR,ANM,WE,Combined TRACON& Tower with Radar,53,3,14,0,70,0,0,21,0,21,53,3,35,0,91,20,0,20,111
10/31/2022,EUG,OR,ANM,WE,Combined TRACON& Tower with Radar,48,9,21,0,78,0,0,10,0,10,48,9,31,0,88,18,0,18,106
11/01/2022,EUG,OR,ANM,WE,Combined TRACON& Tower with Radar,36,12,10,0,58,2,0,13,0,15,38,12,23,0,73,34,0,34,107
11/02/2022,EUG,OR,ANM,WE,Combined TRACON& Tower with Radar,39,11,10,6,66,1,0,7,0,8,40,11,17,6,74,10,0,10,84
11/03/2022,EUG,OR,ANM,WE,Combined TRACON& Tower with Radar,54,8,17,0,79,0,2,39,0,41,54,10,56,0,120,98,0,98,218
11/04/2022,EUG,OR,ANM,WE,Combined TRACON& Tower with Radar,48,11,10,0,69,0,0,0,0,0,48,11,10,0,69,14,18,32,101
11/05/2022,EUG,OR,ANM,WE,Combined TRACON& Tower with Radar,43,8,10,2,63,0,0,12,0,12,43,8,22,2,75,24,0,24,99
11/06/2022,EUG,OR,ANM,WE,Combined TRACON& Tower with Radar,55,5,5,0,65,0,0,0,0,0,55,5,5,0,65,0,0,0,65
11/07/2022,EUG,OR,ANM,WE,Combined TRACON& Tower with Radar,49,21,12,0,82,0,0,3,0,3,49,21,15,0,85,10,0,10,95
11/08/2022,EUG,OR,ANM,WE,Combined TRACON& Tower with Radar,36,8,17,0,61,2,1,5,0,8,38,9,22,0,69,4,0,4,73
11/09/2022,EUG,OR,ANM,WE,Combined TRACON& Tower with Radar,39,5,26,0,70,0,2,67,0,69,39,7,93,0,139,50,0,50,189
11/10/2022,EUG,OR,ANM,WE,Combined TRACON& Tower with Radar,50,12,24,3,89,0,2,68,0,70,50,14,92,3,159,72,0,72,231
11/11/2022,EUG,OR,ANM,WE,Combined TRACON& Tower with Radar,48,16,16,0,80,0,0,15,0,15,48,16,31,0,95,8,0,8,103
11/12/2022,EUG,OR,ANM,WE,Combined TRACON& Tower with Radar,46,7,32,0,85,0,0,17,0,17,46,7,49,0,102,24,0,24,126
11/13/2022,EUG,OR,ANM,WE,Combined TRACON& Tower with Radar,49,13,20,0,82,0,0,0,0,0,49,13,20,0,82,0,0,0,82
11/14/2022,EUG,OR,ANM,WE,Combined TRACON& Tower with Radar,49,4,17,0,70,0,1,41,0,42,49,5,58,0,112,46,0,46,158
11/15/2022,EUG,OR,ANM,WE,Combined TRACON& Tower with Radar,40,8,27,4,79,1,2,59,0,62,41,10,86,4,141,54,0,54,195
11/16/2022,EUG,OR,ANM,WE,Combined TRACON& Tower with Radar,42,5,12,0,59,0,2,59,0,61,42,7,71,0,120,28,0,28,148
11/17/2022,EUG,OR,ANM,WE,Combined TRACON& Tower with Radar,49,11,25,0,85,0,2,51,0,53,49,13,76,0,138,70,0,70,208
11/18/2022,EUG,OR,ANM,WE,Combined TRACON& Tower with Radar,53,8,20,0,81,0,2,75,0,77,53,10,95,0,158,28,0,28,186
11/19/2022,EUG,OR,ANM,WE,Combined TRACON& Tower with Radar,57,3,16,0,76,0,0,65,0,65,57,3,81,0,141,28,0,28,169
11/20/2022,EUG,OR,ANM,WE,Combined TRACON& Tower with Radar,51,10,17,0,78,4,1,40,0,45,55,11,57,0,123,22,0,22,145
11/21/2022,EUG,OR,ANM,WE,Combined TRACON& Tower with Radar,49,10,8,0,67,0,2,71,0,73,49,12,79,0,140,42,0,42,182
11/22/2022,EUG,OR,ANM,WE,Combined TRACON& Tower with Radar,49,11,12,0,72,0,0,3,0,3,49,11,15,0,75,0,0,0,75
11/23/2022,EUG,OR,ANM,WE,Combined TRACON& Tower with Radar,56,9,13,0,78,0,0,0,2,2,56,9,13,2,80,0,4,4,84
11/24/2022,EUG,OR,ANM,WE,Combined TRACON& Tower with Radar,32,1,2,0,35,0,0,0,0,0,32,1,2,0,35,0,0,0,35
11/25/2022,EUG,OR,ANM,WE,Combined TRACON& Tower with Radar,40,10,11,0,61,0,0,9,0,9,40,10,20,0,70,0,0,0,70
11/26/2022,EUG,OR,ANM,WE,Combined TRACON& Tower with Radar,55,4,13,0,72,0,0,9,0,9,55,4,22,0,81,2,0,2,83
11/27/2022,EUG,OR,ANM,WE,Combined TRACON& Tower with Radar,48,1,14,0,63,1,0,1,0,2,49,1,15,0,65,0,0,0,65
11/28/2022,EUG,OR,ANM,WE,Combined TRACON& Tower with Radar,53,11,17,0,81,0,0,6,0,6,53,11,23,0,87,0,0,0,87
11/29/2022,EUG,OR,ANM,WE,Combined TRACON& Tower with Radar,40,7,18,0,65,1,0,2,0,3,41,7,20,0,68,42,0,42,110
11/30/2022,EUG,OR,ANM,WE,Combined TRACON& Tower with Radar,43,9,16,0,68,0,0,0,0,0,43,9,16,0,68,0,0,0,68
12/01/2022,EUG,OR,ANM,WE,Combined TRACON& Tower with Radar,43,18,10,4,75,0,0,5,0,5,43,18,15,4,80,15,0,15,95
12/02/2022,EUG,OR,ANM,WE,Combined TRACON& Tower with Radar,43,6,27,0,76,0,2,42,0,44,43,8,69,0,120,26,0,26,146
12/03/2022,EUG,OR,ANM,WE,Combined TRACON& Tower with Radar,41,5,16,0,62,0,0,25,0,25,41,5,41,0,87,0,0,0,87
12/04/2022,EUG,OR,ANM,WE,Combined TRACON& Tower with Radar,44,4,6,0,54,0,1,2,0,3,44,5,8,0,57,0,0,0,57
12/05/2022,EUG,OR,ANM,WE,Combined TRACON& Tower with Radar,41,8,13,0,62,0,0,0,0,0,41,8,13,0,62,0,0,0,62
12/06/2022,EUG,OR,ANM,WE,Combined TRACON& Tower with Radar,40,11,6,0,57,0,0,0,0,0,40,11,6,0,57,0,0,0,57
12/07/2022,EUG,OR,ANM,WE,Combined TRACON& Tower with Radar,39,16,31,2,88,0,0,6,0,6,39,16,37,2,94,4,0,4,98
12/08/2022,EUG,OR,ANM,WE,Combined TRACON& Tower with Radar,43,8,19,0,70,0,0,0,0,0,43,8,19,0,70,0,0,0,70
12/09/2022,EUG,OR,ANM,WE,Combined TRACON& Tower with Radar,40,9,18,0,67,0,0,0,0,0,40,9,18,0,67,0,0,0,67
12/10/2022,EUG,OR,ANM,WE,Combined TRACON& Tower with Radar,49,3,14,0,66,0,0,4,0,4,49,3,18,0,70,0,0,0,70
12/11/2022,EUG,OR,ANM,WE,Combined TRACON& Tower with Radar,48,4,9,0,61,0,1,9,0,10,48,5,18,0,71,12,0,12,83
12/12/2022,EUG,OR,ANM,WE,Combined TRACON& Tower with Radar,41,9,20,0,70,0,0,13,0,13,41,9,33,0,83,30,0,30,113
12/13/2022,EUG,OR,ANM,WE,Combined TRACON& Tower with Radar,36,8,21,0,65,0,0,19,0,19,36,8,40,0,84,32,0,32,116
12/14/2022,EUG,OR,ANM,WE,Combined TRACON& Tower with Radar,42,14,17,2,75,0,2,17,0,19,42,16,34,2,94,22,0,22,116
12/15/2022,EUG,OR,ANM,WE,Combined TRACON& Tower with Radar,38,14,17,0,69,0,2,25,0,27,38,16,42,0,96,0,0,0,96
12/16/2022,EUG,OR,ANM,WE,Combined TRACON& Tower with Radar,47,8,16,0,71,0,1,85,0,86,47,9,101,0,157,46,0,46,203
12/17/2022,EUG,OR,ANM,WE,Combined TRACON& Tower with Radar,50,5,18,0,73,0,2,43,0,45,50,7,61,0,118,0,0,0,118
12/18/2022,EUG,OR,ANM,WE,Combined TRACON& Tower with Radar,37,4,10,8,59,0,0,2,0,2,37,4,12,8,61,0,0,0,61
12/19/2022,EUG,OR,ANM,WE,Combined TRACON& Tower with Radar,45,7,17,0,69,0,1,11,0,12,45,8,28,0,81,0,0,0,81
12/20/2022,EUG,OR,ANM,WE,Combined TRACON& Tower with Radar,35,10,13,5,63,0,0,0,0,0,35,10,13,5,63,0,0,0,63
12/21/2022,EUG,OR,ANM,WE,Combined TRACON& Tower with Radar,40,6,13,0,59,0,1,18,0,19,40,7,31,0,78,0,0,0,78
12/22/2022,EUG,OR,ANM,WE,Combined TRACON& Tower with Radar,18,2,13,0,33,0,0,0,0,0,18,2,13,0,33,0,0,0,33
12/23/2022,EUG,OR,ANM,WE,Combined TRACON& Tower with Radar,29,8,7,0,44,0,0,2,0,2,29,8,9,0,46,0,0,0,46
12/24/2022,EUG,OR,ANM,WE,Combined TRACON& Tower with Radar,36,7,5,0,48,0,0,1,0,1,36,7,6,0,49,0,0,0,49
12/25/2022,EUG,OR,ANM,WE,Combined TRACON& Tower with Radar,30,3,7,0,40,0,0,6,0,6,30,3,13,0,46,0,0,0,46
12/26/2022,EUG,OR,ANM,WE,Combined TRACON& Tower with Radar,42,5,22,0,69,0,0,10,0,10,42,5,32,0,79,0,0,0,79
12/27/2022,EUG,OR,ANM,WE,Combined TRACON& Tower with Radar,29,3,7,0,39,0,0,0,0,0,29,3,7,0,39,0,0,0,39
12/28/2022,EUG,OR,ANM,WE,Combined TRACON& Tower with Radar,35,6,17,2,60,0,1,3,0,4,35,7,20,2,64,0,0,0,64
12/29/2022,EUG,OR,ANM,WE,Combined TRACON& Tower with Radar,37,9,7,0,53,0,0,4,0,4,37,9,11,0,57,0,0,0,57
12/30/2022,EUG,OR,ANM,WE,Combined TRACON& Tower with Radar,46,5,9,0,60,0,0,1,0,1,46,5,10,0,61,0,0,0,61
12/31/2022,EUG,OR,ANM,WE,Combined TRACON& Tower with Radar,38,4,9,0,51,0,0,9,0,9,38,4,18,0,60,0,0,0,60
01/01/2023,EUG,OR,ANM,WE,Combined TRACON& Tower with Radar,38,5,11,0,54,0,1,9,0,10,38,6,20,0,64,19,0,19,83
01/02/2023,EUG,OR,ANM,WE,Combined TRACON& Tower with Radar,43,0,5,0,48,1,0,8,0,9,44,0,13,0,57,20,0,20,77
01/03/2023,EUG,OR,ANM,WE,Combined TRACON& Tower with Radar,38,6,12,0,56,1,0,34,0,35,39,6,46,0,91,26,0,26,117
01/04/2023,EUG,OR,ANM,WE,Combined TRACON& Tower with Radar,37,10,19,0,66,0,0,1,0,1,37,10,20,0,67,10,0,10,77
01/05/2023,EUG,OR,ANM,WE,Combined TRACON& Tower with Radar,36,6,6,6,54,0,1,5,0,6,36,7,11,6,60,7,0,7,67
01/06/2023,EUG,OR,ANM,WE,Combined TRACON& Tower with Radar,40,5,15,0,60,0,1,29,0,30,40,6,44,0,90,26,0,26,116
01/07/2023,EUG,OR,ANM,WE,Combined TRACON& Tower with Radar,36,4,10,0,50,0,1,21,0,22,36,5,31,0,72,16,0,16,88
01/08/2023,EUG,OR,ANM,WE,Combined TRACON& Tower with Radar,38,9,19,2,68,0,1,9,0,10,38,10,28,2,78,15,0,15,93
01/09/2023,EUG,OR,ANM,WE,Combined TRACON& Tower with Radar,50,8,4,0,62,0,2,1,0,3,50,10,5,0,65,18,0,18,83
01/10/2023,EUG,OR,ANM,WE,Combined TRACON& Tower with Radar,29,9,8,0,46,1,2,39,0,42,30,11,47,0,88,56,0,56,144
01/11/2023,EUG,OR,ANM,WE,Combined TRACON& Tower with Radar,38,8,19,3,68,0,0,16,0,16,38,8,35,3,84,44,0,44,128
01/12/2023,EUG,OR,ANM,WE,Combined TRACON& Tower with Radar,37,13,12,16,78,0,2,24,0,26,37,15,36,16,104,38,0,38,142
01/13/2023,EUG,OR,ANM,WE,Combined TRACON& Tower with Radar,41,11,11,9,72,0,2,14,1,17,41,13,25,10,89,58,8,66,155
01/14/2023,EUG,OR,ANM,WE,Combined TRACON& Tower with Radar,32,3,11,0,46,0,0,25,0,25,32,3,36,0,71,38,0,38,109
01/15/2023,EUG,OR,ANM,WE,Combined TRACON& Tower with Radar,32,4,8,0,44,0,0,2,0,2,32,4,10,0,46,4,0,4,50
01/16/2023,EUG,OR,ANM,WE,Combined TRACON& Tower with Radar,41,10,21,0,72,4,2,33,0,39,45,12,54,0,111,54,0,54,165
01/17/2023,EUG,OR,ANM,WE,Combined TRACON& Tower with Radar,32,6,17,0,55,0,0,11,0,11,32,6,28,0,66,8,0,8,74
01/18/2023,EUG,OR,ANM,WE,Combined TRACON& Tower with Radar,35,10,15,1,61,0,0,2,0,2,35,10,17,1,63,16,0,16,79
01/19/2023,EUG,OR,ANM,WE,Combined TRACON& Tower with Radar,36,7,14,2,59,0,0,12,0,12,36,7,26,2,71,10,0,10,81
01/20/2023,EUG,OR,ANM,WE,Combined TRACON& Tower with Radar,43,10,24,0,77,0,0,0,0,0,43,10,24,0,77,0,0,0,77
01/21/2023,EUG,OR,ANM,WE,Combined TRACON& Tower with Radar,30,0,10,0,40,0,0,11,0,11,30,0,21,0,51,18,0,18,69
01/22/2023,EUG,OR,ANM,WE,Combined TRACON& Tower with Radar,33,10,9,0,52,0,1,50,0,51,33,11,59,0,103,72,0,72,175
01/23/2023,EUG,OR,ANM,WE,Combined TRACON& Tower with Radar,46,13,13,0,72,0,1,7,0,8,46,14,20,0,80,18,0,18,98
01/24/2023,EUG,OR,ANM,WE,Combined TRACON& Tower with Radar,31,16,10,0,57,0,0,0,0,0,31,16,10,0,57,0,0,0,57
01/25/2023,EUG,OR,ANM,WE,Combined TRACON& Tower with Radar,35,7,33,0,75,0,0,0,0,0,35,7,33,0,75,0,0,0,75
01/26/2023,EUG,OR,ANM,WE,Combined TRACON& Tower with Radar,37,11,19,0,67,0,0,0,0,0,37,11,19,0,67,0,0,0,67
01/27/2023,EUG,OR,ANM,WE,Combined TRACON& Tower with Radar,39,8,21,0,68,0,1,2,1,4,39,9,23,1,72,0,0,0,72
01/28/2023,EUG,OR,ANM,WE,Combined TRACON& Tower with Radar,31,4,14,0,49,0,0,12,7,19,31,4,26,7,68,34,0,34,102
01/29/2023,EUG,OR,ANM,WE,Combined TRACON& Tower with Radar,35,5,12,0,52,0,0,45,0,45,35,5,57,0,97,40,0,40,137
01/30/2023,EUG,OR,ANM,WE,Combined TRACON& Tower with Radar,37,4,19,0,60,2,3,93,0,98,39,7,112,0,158,70,0,70,228
01/31/2023,EUG,OR,ANM,WE,Combined TRACON& Tower with Radar,32,10,13,3,58,0,2,80,0,82,32,12,93,3,140,75,0,75,215
02/01/2023,EUG,OR,ANM,WE,Combined TRACON& Tower with Radar,34,7,16,0,57,0,2,87,0,89,34,9,103,0,146,94,0,94,240
02/02/2023,EUG,OR,ANM,WE,Combined TRACON& Tower with Radar,36,10,14,0,60,0,2,60,0,62,36,12,74,0,122,42,0,42,164
02/03/2023,EUG,OR,ANM,WE,Combined TRACON& Tower with Radar,43,5,7,1,56,0,1,1,1,3,43,6,8,2,59,0,0,0,59
02/04/2023,EUG,OR,ANM,WE,Combined TRACON& Tower with Radar,32,4,12,0,48,0,0,43,0,43,32,4,55,0,91,15,0,15,106
02/05/2023,EUG,OR,ANM,WE,Combined TRACON& Tower with Radar,36,6,11,0,53,0,0,4,0,4,36,6,15,0,57,4,0,4,61
02/06/2023,EUG,OR,ANM,WE,Combined TRACON& Tower with Radar,41,8,6,0,55,0,0,19,0,19,41,8,25,0,74,98,0,98,172
02/07/2023,EUG,OR,ANM,WE,Combined TRACON& Tower with Radar,36,8,13,0,57,0,0,3,0,3,36,8,16,0,60,0,0,0,60
02/08/2023,EUG,OR,ANM,WE,Combined TRACON& Tower with Radar,39,5,27,0,71,0,2,43,0,45,39,7,70,0,116,36,0,36,152
02/09/2023,EUG,OR,ANM,WE,Combined TRACON& Tower with Radar,37,9,27,0,73,0,2,78,0,80,37,11,105,0,153,86,0,86,239
02/10/2023,EUG,OR,ANM,WE,Combined TRACON& Tower with Radar,40,7,17,0,64,0,1,10,0,11,40,8,27,0,75,58,0,58,133
02/11/2023,EUG,OR,ANM,WE,Combined TRACON& Tower with Radar,36,5,17,0,58,0,0,16,0,16,36,5,33,0,74,32,0,32,106
02/12/2023,EUG,OR,ANM,WE,Combined TRACON& Tower with Radar,35,3,7,1,46,0,0,34,0,34,35,3,41,1,80,32,0,32,112
02/13/2023,EUG,OR,ANM,WE,Combined TRACON& Tower with Radar,44,8,7,0,59,0,0,4,0,4,44,8,11,0,63,0,0,0,63
02/14/2023,EUG,OR,ANM,WE,Combined TRACON& Tower with Radar,35,9,7,0,51,0,1,11,0,12,35,10,18,0,63,22,0,22,85
02/15/2023,EUG,OR,ANM,WE,Combined TRACON& Tower with Radar,41,6,16,0,63,0,2,37,0,39,41,8,53,0,102,32,0,32,134
02/16/2023,EUG,OR,ANM,WE,Combined TRACON& Tower with Radar,42,10,12,0,64,0,2,41,0,43,42,12,53,0,107,36,0,36,143
02/17/2023,EUG,OR,ANM,WE,Combined TRACON& Tower with Radar,43,7,27,0,77,0,2,106,0,108,43,9,133,0,185,56,0,56,241
02/18/2023,EUG,OR,ANM,WE,Combined TRACON& Tower with Radar,36,1,9,0,46,0,0,31,0,31,36,1,40,0,77,60,0,60,137
02/19/2023,EUG,OR,ANM,WE,Combined TRACON& Tower with Radar,42,8,11,0,61,0,0,51,0,51,42,8,62,0,112,30,0,30,142
02/20/2023,EUG,OR,ANM,WE,Combined TRACON& Tower with Radar,42,8,20,0,70,0,0,26,0,26,42,8,46,0,96,22,0,22,118
02/21/2023,EUG,OR,ANM,WE,Combined TRACON& Tower with Radar,39,7,7,2,55,0,0,0,0,0,39,7,7,2,55,0,0,0,55
02/22/2023,EUG,OR,ANM,WE,Combined TRACON& Tower with Radar,43,7,6,0,56,0,0,0,0,0,43,7,6,0,56,0,0,0,56
02/23/2023,EUG,OR,ANM,WE,Combined TRACON& Tower with Radar,42,12,6,0,60,0,0,1,0,1,42,12,7,0,61,6,0,6,67
02/24/2023,EUG,OR,ANM,WE,Combined TRACON& Tower with Radar,45,4,14,0,63,0,0,54,0,54,45,4,68,0,117,32,0,32,149
02/25/2023,EUG,OR,ANM,WE,Combined TRACON& Tower with Radar,40,2,10,0,52,0,0,61,0,61,40,2,71,0,113,64,0,64,177
02/26/2023,EUG,OR,ANM,WE,Combined TRACON& Tower with Radar,42,3,7,0,52,0,1,2,0,3,42,4,9,0,55,2,0,2,57
02/27/2023,EUG,OR,ANM,WE,Combined TRACON& Tower with Radar,43,8,6,0,57,0,1,1,0,2,43,9,7,0,59,6,0,6,65
02/28/2023,EUG,OR,ANM,WE,Combined TRACON& Tower with Radar,38,9,7,6,60,0,0,0,0,0,38,9,7,6,60,0,0,0,60
03/01/2023,EUG,OR,ANM,WE,Combined TRACON& Tower with Radar,40,16,24,0,80,0,3,39,0,42,40,19,63,0,122,96,0,96,218
03/02/2023,EUG,OR,ANM,WE,Combined TRACON& Tower with Radar,43,5,9,2,59,0,1,7,0,8,43,6,16,2,67,10,0,10,77
03/03/2023,EUG,OR,ANM,WE,Combined TRACON& Tower with Radar,42,7,12,2,63,0,0,3,8,11,42,7,15,10,74,2,0,2,76
03/04/2023,EUG,OR,ANM,WE,Combined TRACON& Tower with Radar,36,5,6,4,51,0,0,4,0,4,36,5,10,4,55,4,4,8,63
03/05/2023,EUG,OR,ANM,WE,Combined TRACON& Tower with Radar,42,0,10,0,52,0,0,2,0,2,42,0,12,0,54,0,0,0,54
03/06/2023,EUG,OR,ANM,WE,Combined TRACON& Tower with Radar,41,8,9,0,58,2,1,27,0,30,43,9,36,0,88,34,0,34,122
03/07/2023,EUG,OR,ANM,WE,Combined TRACON& Tower with Radar,36,7,14,0,57,0,1,7,0,8,36,8,21,0,65,58,0,58,123
03/08/2023,EUG,OR,ANM,WE,Combined TRACON& Tower with Radar,41,8,12,0,61,0,0,7,0,7,41,8,19,0,68,50,0,50,118
03/09/2023,EUG,OR,ANM,WE,Combined TRACON& Tower with Radar,43,7,17,0,67,0,1,3,0,4,43,8,20,0,71,0,0,0,71
03/10/2023,EUG,OR,ANM,WE,Combined TRACON& Tower with Radar,40,4,13,0,57,1,1,4,0,6,41,5,17,0,63,28,0,28,91
03/11/2023,EUG,OR,ANM,WE,Combined TRACON& Tower with Radar,40,4,21,2,67,0,2,72,0,74,40,6,93,2,141,64,0,64,205
03/12/2023,EUG,OR,ANM,WE,Combined TRACON& Tower with Radar,39,3,3,2,47,0,0,1,0,1,39,3,4,2,48,8,0,8,56
03/13/2023,EUG,OR,ANM,WE,Combined TRACON& Tower with Radar,43,8,13,0,64,0,0,0,0,0,43,8,13,0,64,0,0,0,64
03/14/2023,EUG,OR,ANM,WE,Combined TRACON& Tower with Radar,36,6,14,2,58,0,1,16,0,17,36,7,30,2,75,26,0,26,101
03/15/2023,EUG,OR,ANM,WE,Combined TRACON& Tower with Radar,39,9,14,2,64,0,2,47,0,49,39,11,61,2,113,74,0,74,187
03/16/2023,EUG,OR,ANM,WE,Combined TRACON& Tower with Radar,46,10,8,0,64,0,2,106,0,108,46,12,114,0,172,142,0,142,314
03/17/2023,EUG,OR,ANM,WE,Combined TRACON& Tower with Radar,43,6,23,2,74,0,4,78,0,82,43,10,101,2,156,52,0,52,208
03/18/2023,EUG,OR,ANM,WE,Combined TRACON& Tower with Radar,39,3,11,0,53,0,1,79,0,80,39,4,90,0,133,68,0,68,201
03/19/2023,EUG,OR,ANM,WE,Combined TRACON& Tower with Radar,41,5,4,0,50,0,0,7,0,7,41,5,11,0,57,32,0,32,89
03/20/2023,EUG,OR,ANM,WE,Combined TRACON& Tower with Radar,47,7,8,0,62,0,0,8,0,8,47,7,16,0,70,56,0,56,126
03/21/2023,EUG,OR,ANM,WE,Combined TRACON& Tower with Radar,33,4,18,0,55,0,3,47,0,50,33,7,65,0,105,22,0,22,127
03/22/2023,EUG,OR,ANM,WE,Combined TRACON& Tower with Radar,39,6,19,2,66,0,3,50,0,53,39,9,69,2,119,64,0,64,183
03/23/2023,EUG,OR,ANM,WE,Combined TRACON& Tower with Radar,45,10,8,0,63,0,0,6,0,6,45,10,14,0,69,4,0,4,73
03/24/2023,EUG,OR,ANM,WE,Combined TRACON& Tower with Radar,43,5,28,2,78,0,2,14,0,16,43,7,42,2,94,0,0,0,94
03/25/2023,EUG,OR,ANM,WE,Combined TRACON& Tower with Radar,38,7,16,0,61,0,0,5,0,5,38,7,21,0,66,48,0,48,114
03/26/2023,EUG,OR,ANM,WE,Combined TRACON& Tower with Radar,44,3,14,0,61,0,0,10,0,10,44,3,24,0,71,14,0,14,85
03/27/2023,EUG,OR,ANM,WE,Combined TRACON& Tower with Radar,43,6,15,0,64,0,2,5,0,7,43,8,20,0,71,16,0,16,87
03/28/2023,EUG,OR,ANM,WE,Combined TRACON& Tower with Radar,34,8,12,0,54,0,3,6,0,9,34,11,18,0,63,10,0,10,73
03/29/2023,EUG,OR,ANM,WE,Combined TRACON& Tower with Radar,39,9,17,0,65,0,8,59,0,67,39,17,76,0,132,54,0,54,186
03/30/2023,EUG,OR,ANM,WE,Combined TRACON& Tower with Radar,46,6,24,0,76,0,2,27,0,29,46,8,51,0,105,16,0,16,121
03/31/2023,EUG,OR,ANM,WE,Combined TRACON& Tower with Radar,44,4,12,12,72,0,0,4,0,4,44,4,16,12,76,0,0,0,76
04/01/2023,EUG,OR,ANM,WE,Combined TRACON& Tower with Radar,35,0,9,0,44,0,0,3,0,3,35,0,12,0,47,0,0,0,47
04/02/2023,EUG,OR,ANM,WE,Combined TRACON& Tower with Radar,43,5,13,0,61,0,0,1,0,1,43,5,14,0,62,0,0,0,62
04/03/2023,EUG,OR,ANM,WE,Combined TRACON& Tower with Radar,44,8,15,3,70,1,1,6,0,8,45,9,21,3,78,22,0,22,100
04/04/2023,EUG,OR,ANM,WE,Combined TRACON& Tower with Radar,35,11,19,0,65,0,2,18,0,20,35,13,37,0,85,74,0,74,159
04/05/2023,EUG,OR,ANM,WE,Combined TRACON& Tower with Radar,39,9,20,0,68,1,1,34,1,37,40,10,54,1,105,68,0,68,173
04/06/2023,EUG,OR,ANM,WE,Combined TRACON& Tower with Radar,47,6,13,2,68,1,2,13,0,16,48,8,26,2,84,46,0,46,130
04/07/2023,EUG,OR,ANM,WE,Combined TRACON& Tower with Radar,45,6,19,0,70,0,1,10,3,14,45,7,29,3,84,26,0,26,110
04/08/2023,EUG,OR,ANM,WE,Combined TRACON& Tower with Radar,39,4,10,0,53,0,1,45,0,46,39,5,55,0,99,56,0,56,155
04/09/2023,EUG,OR,ANM,WE,Combined TRACON& Tower with Radar,48,3,3,0,54,0,0,1,0,1,48,3,4,0,55,36,0,36,91
04/10/2023,EUG,OR,ANM,WE,Combined TRACON& Tower with Radar,45,7,18,0,70,0,0,0,0,0,45,7,18,0,70,0,0,0,70
04/11/2023,EUG,OR,ANM,WE,Combined TRACON& Tower with Radar,38,5,12,2,57,0,1,14,0,15,38,6,26,2,72,78,0,78,150
04/12/2023,EUG,OR,ANM,WE,Combined TRACON& Tower with Radar,43,6,17,0,66,0,4,19,0,23,43,10,36,0,89,4,0,4,93
04/13/2023,EUG,OR,ANM,WE,Combined TRACON& Tower with Radar,49,8,24,1,82,0,4,61,0,65,49,12,85,1,147,56,0,56,203
04/14/2023,EUG,OR,ANM,WE,Combined TRACON& Tower with Radar,48,2,18,0,68,0,6,126,0,132,48,8,144,0,200,126,0,126,326
04/15/2023,EUG,OR,ANM,WE,Combined TRACON& Tower with Radar,40,2,19,0,61,0,2,40,0,42,40,4,59,0,103,26,0,26,129
04/16/2023,EUG,OR,ANM,WE,Combined TRACON& Tower with Radar,48,1,13,0,62,0,0,4,0,4,48,1,17,0,66,0,0,0,66
04/17/2023,EUG,OR,ANM,WE,Combined TRACON& Tower with Radar,45,11,16,0,72,0,3,1,0,4,45,14,17,0,76,0,0,0,76
04/18/2023,EUG,OR,ANM,WE,Combined TRACON& Tower with Radar,39,9,15,4,67,0,0,7,0,7,39,9,22,4,74,22,0,22,96
04/19/2023,EUG,OR,ANM,WE,Combined TRACON& Tower with Radar,46,8,21,2,77,0,2,8,0,10,46,10,29,2,87,0,0,0,87
04/20/2023,EUG,OR,ANM,WE,Combined TRACON& Tower with Radar,50,9,26,2,87,0,1,14,0,15,50,10,40,2,102,56,0,56,158
04/21/2023,EUG,OR,ANM,WE,Combined TRACON& Tower with Radar,49,10,30,0,89,0,2,6,0,8,49,12,36,0,97,6,0,6,103
04/22/2023,EUG,OR,ANM,WE,Combined TRACON& Tower with Radar,42,2,13,0,57,0,0,50,0,50,42,2,63,0,107,82,0,82,189
04/23/2023,EUG,OR,ANM,WE,Combined TRACON& Tower with Radar,50,5,18,0,73,0,0,7,0,7,50,5,25,0,80,6,0,6,86
04/24/2023,EUG,OR,ANM,WE,Combined TRACON& Tower with Radar,48,7,20,0,75,0,7,56,0,63,48,14,76,0,138,108,0,108,246
04/25/2023,EUG,OR,ANM,WE,Combined TRACON& Tower with Radar,40,9,20,0,69,0,10,83,7,100,40,19,103,7,169,107,0,107,276
04/26/2023,EUG,OR,ANM,WE,Combined TRACON& Tower with Radar,45,3,8,0,56,0,8,91,0,99,45,11,99,0,155,92,0,92,247
04/27/2023,EUG,OR,ANM,WE,Combined TRACON& Tower with Radar,51,7,23,2,83,0,13,76,0,89,51,20,99,2,172,52,0,52,224
04/28/2023,EUG,OR,ANM,WE,Combined TRACON& Tower with Radar,47,5,22,0,74,0,7,100,0,107,47,12,122,0,181,86,0,86,267
04/29/2023,EUG,OR,ANM,WE,Combined TRACON& Tower with Radar,46,5,11,0,62,0,4,82,0,86,46,9,93,0,148,54,0,54,202
04/30/2023,EUG,OR,ANM,WE,Combined TRACON& Tower with Radar,47,5,21,0,73,0,3,17,0,20,47,8,38,0,93,0,0,0,93
05/01/2023,EUG,OR,ANM,WE,Combined TRACON& Tower with Radar,50,8,20,0,78,0,6,33,0,39,50,14,53,0,117,12,0,12,129
05/02/2023,EUG,OR,ANM,WE,Combined TRACON& Tower with Radar,43,13,20,0,76,0,2,20,0,22,43,15,40,0,98,90,0,90,188
05/03/2023,EUG,OR,ANM,WE,Combined TRACON& Tower with Radar,45,7,20,0,72,0,4,54,0,58,45,11,74,0,130,62,0,62,192
05/04/2023,EUG,OR,ANM,WE,Combined TRACON& Tower with Radar,51,9,10,2,72,0,0,4,2,6,51,9,14,4,78,10,0,10,88
05/05/2023,EUG,OR,ANM,WE,Combined TRACON& Tower with Radar,46,15,16,0,77,0,0,11,0,11,46,15,27,0,88,26,0,26,114
05/06/2023,EUG,OR,ANM,WE,Combined TRACON& Tower with Radar,40,3,10,0,53,0,0,12,0,12,40,3,22,0,65,10,0,10,75
05/07/2023,EUG,OR,ANM,WE,Combined TRACON& Tower with Radar,52,2,16,0,70,0,2,24,0,26,52,4,40,0,96,18,0,18,114
05/08/2023,EUG,OR,ANM,WE,Combined TRACON& Tower with Radar,47,11,16,0,74,0,0,4,0,4,47,11,20,0,78,2,0,2,80
05/09/2023,EUG,OR,ANM,WE,Combined TRACON& Tower with Radar,42,5,9,1,57,0,5,36,0,41,42,10,45,1,98,82,0,82,180
05/10/2023,EUG,OR,ANM,WE,Combined TRACON& Tower with Radar,46,5,29,0,80,0,3,90,0,93,46,8,119,0,173,72,0,72,245
05/11/2023,EUG,OR,ANM,WE,Combined TRACON& Tower with Radar,52,9,24,0,85,0,2,55,0,57,52,11,79,0,142,60,0,60,202
05/12/2023,EUG,OR,ANM,WE,Combined TRACON& Tower with Radar,50,9,13,18,90,0,1,67,0,68,50,10,80,18,158,42,0,42,200
05/13/2023,EUG,OR,ANM,WE,Combined TRACON& Tower with Radar,43,4,13,0,60,0,0,55,0,55,43,4,68,0,115,0,0,0,115
05/14/2023,EUG,OR,ANM,WE,Combined TRACON& Tower with Radar,51,6,11,0,68,0,5,38,0,43,51,11,49,0,111,18,0,18,129
05/15/2023,EUG,OR,ANM,WE,Combined TRACON& Tower with Radar,47,11,19,0,77,0,2,43,0,45,47,13,62,0,122,46,0,46,168
05/16/2023,EUG,OR,ANM,WE,Combined TRACON& Tower with Radar,43,14,19,3,79,0,5,67,0,72,43,19,86,3,151,102,0,102,253
05/17/2023,EUG,OR,ANM,WE,Combined TRACON& Tower with Radar,45,5,17,14,81,0,7,61,0,68,45,12,78,14,149,16,19,35,184
05/18/2023,EUG,OR,ANM,WE,Combined TRACON& Tower with Radar,50,3,10,0,63,0,4,61,0,65,50,7,71,0,128,36,0,36,164
05/19/2023,EUG,OR,ANM,WE,Combined TRACON& Tower with Radar,49,6,9,0,64,0,2,54,0,56,49,8,63,0,120,46,0,46,166
05/20/2023,EUG,OR,ANM,WE,Combined TRACON& Tower with Radar,42,4,6,0,52,0,1,44,0,45,42,5,50,0,97,30,0,30,127
05/21/2023,EUG,OR,ANM,WE,Combined TRACON& Tower with Radar,48,2,11,0,61,1,0,29,0,30,49,2,40,0,91,30,0,30,121
05/22/2023,EUG,OR,ANM,WE,Combined TRACON& Tower with Radar,48,5,24,0,77,0,2,31,0,33,48,7,55,0,110,60,0,60,170
05/23/2023,EUG,OR,ANM,WE,Combined TRACON& Tower with Radar,48,11,25,2,86,0,2,49,0,51,48,13,74,2,137,17,0,17,154
05/24/2023,EUG,OR,ANM,WE,Combined TRACON& Tower with Radar,43,10,28,6,87,0,3,50,0,53,43,13,78,6,140,66,0,66,206
05/25/2023,EUG,OR,ANM,WE,Combined TRACON& Tower with Radar,50,10,13,0,73,0,2,52,1,55,50,12,65,1,128,10,0,10,138
05/26/2023,EUG,OR,ANM,WE,Combined TRACON& Tower with Radar,50,6,19,0,75,0,5,77,0,82,50,11,96,0,157,96,0,96,253
05/27/2023,EUG,OR,ANM,WE,Combined TRACON& Tower with Radar,41,4,7,0,52,0,0,48,0,48,41,4,55,0,100,37,0,37,137
05/28/2023,EUG,OR,ANM,WE,Combined TRACON& Tower with Radar,45,0,9,0,54,0,0,40,0,40,45,0,49,0,94,4,0,4,98
05/29/2023,EUG,OR,ANM,WE,Combined TRACON& Tower with Radar,47,0,17,0,64,0,0,33,0,33,47,0,50,0,97,14,0,14,111
05/30/2023,EUG,OR,ANM,WE,Combined TRACON& Tower with Radar,44,10,22,10,86,0,3,36,0,39,44,13,58,10,125,52,0,52,177
05/31/2023,EUG,OR,ANM,WE,Combined TRACON& Tower with Radar,43,4,18,0,65,0,2,68,0,70,43,6,86,0,135,14,0,14,149
06/01/2023,EUG,OR,ANM,WE,Combined TRACON& Tower with Radar,50,9,9,0,68,0,3,54,0,57,50,12,63,0,125,92,0,92,217
06/02/2023,EUG,OR,ANM,WE,Combined TRACON& Tower with Radar,51,9,17,0,77,0,3,69,0,72,51,12,86,0,149,66,0,66,215
06/03/2023,EUG,OR,ANM,WE,Combined TRACON& Tower with Radar,43,1,12,0,56,0,3,43,0,46,43,4,55,0,102,76,0,76,178
06/04/2023,EUG,OR,ANM,WE,Combined TRACON& Tower with Radar,48,4,9,0,61,0,0,34,0,34,48,4,43,0,95,24,0,24,119
06/05/2023,EUG,OR,ANM,WE,Combined TRACON& Tower with Radar,50,8,22,3,83,0,3,49,0,52,50,11,71,3,135,108,0,108,243
06/06/2023,EUG,OR,ANM,WE,Combined TRACON& Tower with Radar,44,4,17,0,65,0,3,63,0,66,44,7,80,0,131,42,0,42,173
06/07/2023,EUG,OR,ANM,WE,Combined TRACON& Tower with Radar,43,6,21,0,70,0,3,54,0,57,43,9,75,0,127,52,0,52,179
06/08/2023,EUG,OR,ANM,WE,Combined TRACON& Tower with Radar,55,8,26,0,89,0,1,37,0,38,55,9,63,0,127,108,0,108,235
06/09/2023,EUG,OR,ANM,WE,Combined TRACON& Tower with Radar,53,15,27,0,95,0,1,28,0,29,53,16,55,0,124,40,0,40,164
06/10/2023,EUG,OR,ANM,WE,Combined TRACON& Tower with Radar,42,6,7,0,55,0,1,47,1,49,42,7,54,1,104,34,0,34,138
06/11/2023,EUG,OR,ANM,WE,Combined TRACON& Tower with Radar,49,4,12,0,65,0,0,29,0,29,49,4,41,0,94,44,0,44,138
06/12/2023,EUG,OR,ANM,WE,Combined TRACON& Tower with Radar,50,8,22,0,80,0,3,55,0,58,50,11,77,0,138,76,0,76,214
06/13/2023,EUG,OR,ANM,WE,Combined TRACON& Tower with Radar,45,12,12,0,69,0,5,41,0,46,45,17,53,0,115,54,0,54,169
06/14/2023,EUG,OR,ANM,WE,Combined TRACON& Tower with Radar,42,8,25,0,75,0,5,54,0,59,42,13,79,0,134,44,0,44,178
06/15/2023,EUG,OR,ANM,WE,Combined TRACON& Tower with Radar,55,13,14,0,82,0,2,60,1,63,55,15,74,1,145,62,0,62,207
06/16/2023,EUG,OR,ANM,WE,Combined TRACON& Tower with Radar,52,8,24,0,84,0,3,87,0,90,52,11,111,0,174,20,0,20,194
06/17/2023,EUG,OR,ANM,WE,Combined TRACON& Tower with Radar,44,4,25,0,73,0,0,26,0,26,44,4,51,0,99,42,0,42,141
06/18/2023,EUG,OR,ANM,WE,Combined TRACON& Tower with Radar,54,2,19,0,75,0,0,10,0,10,54,2,29,0,85,0,0,0,85
06/19/2023,EUG,OR,ANM,WE,Combined TRACON& Tower with Radar,52,9,15,5,81,0,2,14,1,17,52,11,29,6,98,6,8,14,112
06/20/2023,EUG,OR,ANM,WE,Combined TRACON& Tower with Radar,50,15,19,0,84,0,4,51,0,55,50,19,70,0,139,54,0,54,193
06/21/2023,EUG,OR,ANM,WE,Combined TRACON& Tower with Radar,45,10,29,2,86,0,1,63,0,64,45,11,92,2,150,46,0,46,196
06/22/2023,EUG,OR,ANM,WE,Combined TRACON& Tower with Radar,57,6,18,0,81,0,4,55,2,61,57,10,73,2,142,46,0,46,188
06/23/2023,EUG,OR,ANM,WE,Combined TRACON& Tower with Radar,51,9,23,0,83,0,1,45,1,47,51,10,68,1,130,39,0,39,169
06/24/2023,EUG,OR,ANM,WE,Combined TRACON& Tower with Radar,44,6,8,0,58,1,0,42,0,43,45,6,50,0,101,33,0,33,134
06/25/2023,EUG,OR,ANM,WE,Combined TRACON& Tower with Radar,55,0,20,0,75,0,0,50,0,50,55,0,70,0,125,48,0,48,173
06/26/2023,EUG,OR,ANM,WE,Combined TRACON& Tower with Radar,51,5,15,0,71,0,6,39,2,47,51,11,54,2,118,110,0,110,228
06/27/2023,EUG,OR,ANM,WE,Combined TRACON& Tower with Radar,48,4,19,6,77,0,6,48,0,54,48,10,67,6,131,66,0,66,197
06/28/2023,EUG,OR,ANM,WE,Combined TRACON& Tower with Radar,45,10,17,0,72,0,3,81,0,84,45,13,98,0,156,178,0,178,334
06/29/2023,EUG,OR,ANM,WE,Combined TRACON& Tower with Radar,56,4,16,4,80,1,5,60,0,66,57,9,76,4,146,62,0,62,208
06/30/2023,EUG,OR,ANM,WE,Combined TRACON& Tower with Radar,53,7,26,2,88,0,1,93,2,96,53,8,119,4,184,58,10,68,252
07/01/2023,EUG,OR,ANM,WE,Combined TRACON& Tower with Radar,41,1,11,0,53,0,0,55,0,55,41,1,66,0,108,58,0,58,166
07/02/2023,EUG,OR,ANM,WE,Combined TRACON& Tower with Radar,48,2,4,0,54,0,1,29,0,30,48,3,33,0,84,10,0,10,94
07/03/2023,EUG,OR,ANM,WE,Combined TRACON& Tower with Radar,50,6,5,0,61,0,3,84,0,87,50,9,89,0,148,108,0,108,256
07/04/2023,EUG,OR,ANM,WE,Combined TRACON& Tower with Radar,45,4,4,0,53,0,0,34,0,34,45,4,38,0,87,0,0,0,87
07/05/2023,EUG,OR,ANM,WE,Combined TRACON& Tower with Radar,43,7,16,0,66,0,5,86,0,91,43,12,102,0,157,76,0,76,233
07/06/2023,EUG,OR,ANM,WE,Combined TRACON& Tower with Radar,53,6,21,4,84,0,2,97,0,99,53,8,118,4,183,80,0,80,263
07/07/2023,EUG,OR,ANM,WE,Combined TRACON& Tower with Radar,51,4,22,0,77,0,5,55,0,60,51,9,77,0,137,128,0,128,265
07/08/2023,EUG,OR,ANM,WE,Combined TRACON& Tower with Radar,43,4,18,0,65,0,0,43,0,43,43,4,61,0,108,24,10,34,142
07/09/2023,EUG,OR,ANM,WE,Combined TRACON& Tower with Radar,52,5,19,0,76,0,1,38,0,39,52,6,57,0,115,12,0,12,127
07/10/2023,EUG,OR,ANM,WE,Combined TRACON& Tower with Radar,52,12,43,0,107,0,6,61,0,67,52,18,104,0,174,186,0,186,360
07/11/2023,EUG,OR,ANM,WE,Combined TRACON& Tower with Radar,48,5,19,0,72,0,8,77,0,85,48,13,96,0,157,60,0,60,217
07/12/2023,EUG,OR,ANM,WE,Combined TRACON& Tower with Radar,41,6,16,0,63,1,5,87,0,93,42,11,103,0,156,110,0,110,266
07/13/2023,EUG,OR,ANM,WE,Combined TRACON& Tower with Radar,53,6,9,2,70,0,5,80,0,85,53,11,89,2,155,90,0,90,245
07/14/2023,EUG,OR,ANM,WE,Combined TRACON& Tower with Radar,53,3,24,0,80,0,4,89,0,93,53,7,113,0,173,94,0,94,267
07/15/2023,EUG,OR,ANM,WE,Combined TRACON& Tower with Radar,40,1,10,0,51,0,0,34,0,34,40,1,44,0,85,8,0,8,93
07/16/2023,EUG,OR,ANM,WE,Combined TRACON& Tower with Radar,54,3,9,2,68,0,0,41,0,41,54,3,50,2,109,6,0,6,115
07/17/2023,EUG,OR,ANM,WE,Combined TRACON& Tower with Radar,54,8,17,6,85,0,3,87,0,90,54,11,104,6,175,146,0,146,321
07/18/2023,EUG,OR,ANM,WE,Combined TRACON& Tower with Radar,46,4,7,3,60,0,3,98,1,102,46,7,105,4,162,168,0,168,330
07/19/2023,EUG,OR,ANM,WE,Combined TRACON& Tower with Radar,45,6,13,6,70,0,12,74,0,86,45,18,87,6,156,166,0,166,322
07/20/2023,EUG,OR,ANM,WE,Combined TRACON& Tower with Radar,55,7,18,1,81,0,4,64,4,72,55,11,82,5,153,218,0,218,371
07/21/2023,EUG,OR,ANM,WE,Combined TRACON& Tower with Radar,53,6,10,0,69,0,2,61,0,63,53,8,71,0,132,210,0,210,342
07/22/2023,EUG,OR,ANM,WE,Combined TRACON& Tower with Radar,41,4,20,1,66,0,1,60,0,61,41,5,80,1,127,66,0,66,193
07/23/2023,EUG,OR,ANM,WE,Combined TRACON& Tower with Radar,52,3,16,1,72,0,4,52,0,56,52,7,68,1,128,36,0,36,164
07/24/2023,EUG,OR,ANM,WE,Combined TRACON& Tower with Radar,51,9,20,2,82,0,2,60,0,62,51,11,80,2,144,176,0,176,320
07/25/2023,EUG,OR,ANM,WE,Combined TRACON& Tower with Radar,48,8,21,0,77,0,5,41,2,48,48,13,62,2,125,84,0,84,209
07/26/2023,EUG,OR,ANM,WE,Combined TRACON& Tower with Radar,44,2,15,0,61,0,10,93,0,103,44,12,108,0,164,172,0,172,336
07/27/2023,EUG,OR,ANM,WE,Combined TRACON& Tower with Radar,54,6,22,0,82,0,6,69,3,78,54,12,91,3,160,158,0,158,318
07/28/2023,EUG,OR,ANM,WE,Combined TRACON& Tower with Radar,54,6,21,2,83,0,5,102,1,108,54,11,123,3,191,110,0,110,301
07/29/2023,EUG,OR,ANM,WE,Combined TRACON& Tower with Radar,39,7,18,0,64,0,2,68,1,71,39,9,86,1,135,30,0,30,165
07/30/2023,EUG,OR,ANM,WE,Combined TRACON& Tower with Radar,53,4,10,0,67,0,5,36,1,42,53,9,46,1,109,31,0,31,140
07/31/2023,EUG,OR,ANM,WE,Combined TRACON& Tower with Radar,53,4,10,0,67,0,6,72,0,78,53,10,82,0,145,156,0,156,301
08/01/2023,EUG,OR,ANM,WE,Combined TRACON& Tower with Radar,48,5,20,4,77,0,6,69,0,75,48,11,89,4,152,192,0,192,344
08/02/2023,EUG,OR,ANM,WE,Combined TRACON& Tower with Radar,45,5,27,1,78,0,12,81,1,94,45,17,108,2,172,209,0,209,381
08/03/2023,EUG,OR,ANM,WE,Combined TRACON& Tower with Radar,54,5,32,0,91,0,3,68,0,71,54,8,100,0,162,101,0,101,263
08/04/2023,EUG,OR,ANM,WE,Combined TRACON& Tower with Radar,51,2,17,0,70,0,3,51,0,54,51,5,68,0,124,132,0,132,256
08/05/2023,EUG,OR,ANM,WE,Combined TRACON& Tower with Radar,41,0,6,0,47,0,0,65,0,65,41,0,71,0,112,74,0,74,186
08/06/2023,EUG,OR,ANM,WE,Combined TRACON& Tower with Radar,53,4,12,0,69,0,0,31,0,31,53,4,43,0,100,6,0,6,106
08/07/2023,EUG,OR,ANM,WE,Combined TRACON& Tower with Radar,50,5,11,2,68,0,4,59,0,63,50,9,70,2,131,112,0,112,243
08/08/2023,EUG,OR,ANM,WE,Combined TRACON& Tower with Radar,48,6,25,0,79,0,5,71,1,77,48,11,96,1,156,142,0,142,298
08/09/2023,EUG,OR,ANM,WE,Combined TRACON& Tower with Radar,46,6,14,2,68,0,4,89,2,95,46,10,103,4,163,197,0,197,360
08/10/2023,EUG,OR,ANM,WE,Combined TRACON& Tower with Radar,55,4,11,0,70,0,3,63,0,66,55,7,74,0,136,182,0,182,318
08/11/2023,EUG,OR,ANM,WE,Combined TRACON& Tower with Radar,52,3,17,0,72,0,4,71,1,76,52,7,88,1,148,202,0,202,350
08/12/2023,EUG,OR,ANM,WE,Combined TRACON& Tower with Radar,42,3,11,0,56,0,2,45,0,47,42,5,56,0,103,30,0,30,133
08/13/2023,EUG,OR,ANM,WE,Combined TRACON& Tower with Radar,53,5,9,2,69,1,0,37,0,38,54,5,46,2,107,40,0,40,147
08/14/2023,EUG,OR,ANM,WE,Combined TRACON& Tower with Radar,52,6,15,2,75,0,4,41,2,47,52,10,56,4,122,76,0,76,198
08/15/2023,EUG,OR,ANM,WE,Combined TRACON& Tower with Radar,49,6,15,2,72,0,4,13,0,17,49,10,28,2,89,34,0,34,123
08/16/2023,EUG,OR,ANM,WE,Combined TRACON& Tower with Radar,46,9,10,0,65,0,6,31,0,37,46,15,41,0,102,94,0,94,196
08/17/2023,EUG,OR,ANM,WE,Combined TRACON& Tower with Radar,50,9,12,2,73,0,3,48,3,54,50,12,60,5,127,214,0,214,341
08/18/2023,EUG,OR,ANM,WE,Combined TRACON& Tower with Radar,48,3,18,0,69,0,4,85,2,91,48,7,103,2,160,132,0,132,292
08/19/2023,EUG,OR,ANM,WE,Combined TRACON& Tower with Radar,42,2,11,0,55,0,1,59,1,61,42,3,70,1,116,64,0,64,180
08/20/2023,EUG,OR,ANM,WE,Combined TRACON& Tower with Radar,50,2,27,2,81,0,0,18,0,18,50,2,45,2,99,10,0,10,109
08/21/2023,EUG,OR,ANM,WE,Combined TRACON& Tower with Radar,50,7,14,0,71,0,5,53,0,58,50,12,67,0,129,172,0,172,301
08/22/2023,EUG,OR,ANM,WE,Combined TRACON& Tower with Radar,46,6,24,7,83,0,3,87,0,90,46,9,111,7,173,142,0,142,315
08/23/2023,EUG,OR,ANM,WE,Combined TRACON& Tower with Radar,44,9,15,0,68,0,6,86,0,92,44,15,101,0,160,72,0,72,232
08/24/2023,EUG,OR,ANM,WE,Combined TRACON& Tower with Radar,51,11,12,0,74,0,2,64,0,66,51,13,76,0,140,192,0,192,332
08/25/2023,EUG,OR,ANM,WE,Combined TRACON& Tower with Radar,49,11,23,2,85,0,4,41,0,45,49,15,64,2,130,102,0,102,232
08/26/2023,EUG,OR,ANM,WE,Combined TRACON& Tower with Radar,40,2,18,0,60,0,4,46,1,51,40,6,64,1,111,35,0,35,146
08/27/2023,EUG,OR,ANM,WE,Combined TRACON& Tower with Radar,51,3,14,0,68,0,0,40,0,40,51,3,54,0,108,10,0,10,118
08/28/2023,EUG,OR,ANM,WE,Combined TRACON& Tower with Radar,51,15,36,0,102,0,1,8,0,9,51,16,44,0,111,68,0,68,179
08/29/2023,EUG,OR,ANM,WE,Combined TRACON& Tower with Radar,46,9,24,0,79,0,4,72,0,76,46,13,96,0,155,164,0,164,319
08/30/2023,EUG,OR,ANM,WE,Combined TRACON& Tower with Radar,44,8,22,0,74,0,5,106,0,111,44,13,128,0,185,118,0,118,303
08/31/2023,EUG,OR,ANM,WE,Combined TRACON& Tower with Radar,51,12,35,2,100,0,0,14,0,14,51,12,49,2,114,38,0,38,152
