01/01/2020,EVV,IN,AGL,CE,Combined TRACON& Tower with Radar,8,13,12,0,33,0,0,23,0,23,8,13,35,0,56,0,0,0,56
01/02/2020,EVV,IN,AGL,CE,Combined TRACON& Tower with Radar,12,14,10,0,36,0,1,0,0,1,12,15,10,0,37,0,0,0,37
01/03/2020,EVV,IN,AGL,CE,Combined TRACON& Tower with Radar,5,22,12,0,39,0,0,0,0,0,5,22,12,0,39,0,0,0,39
01/04/2020,EVV,IN,AGL,CE,Combined TRACON& Tower with Radar,6,19,21,0,46,0,1,0,0,1,6,20,21,0,47,18,0,18,65
01/05/2020,EVV,IN,AGL,CE,Combined TRACON& Tower with Radar,11,14,20,0,45,0,2,19,0,21,11,16,39,0,66,30,0,30,96
01/06/2020,EVV,IN,AGL,CE,Combined TRACON& Tower with Radar,3,25,15,2,45,0,4,13,2,19,3,29,28,4,64,42,0,42,106
01/07/2020,EVV,IN,AGL,CE,Combined TRACON& Tower with Radar,4,27,24,4,59,0,2,19,1,22,4,29,43,5,81,10,0,10,91
01/08/2020,EVV,IN,AGL,CE,Combined TRACON& Tower with Radar,3,29,24,6,62,0,6,30,1,37,3,35,54,7,99,37,0,37,136
01/09/2020,EVV,IN,AGL,CE,Combined TRACON& Tower with Radar,5,29,21,7,62,0,3,2,0,5,5,32,23,7,67,0,0,0,67
01/10/2020,EVV,IN,AGL,CE,Combined TRACON& Tower with Radar,3,26,11,0,40,0,1,0,0,1,3,27,11,0,41,0,0,0,41
01/11/2020,EVV,IN,AGL,CE,Combined TRACON& Tower with Radar,2,14,1,0,17,0,0,0,0,0,2,14,1,0,17,0,0,0,17
01/12/2020,EVV,IN,AGL,CE,Combined TRACON& Tower with Radar,8,22,20,0,50,0,1,5,0,6,8,23,25,0,56,0,0,0,56
01/13/2020,EVV,IN,AGL,CE,Combined TRACON& Tower with Radar,3,28,11,11,53,0,10,16,3,29,3,38,27,14,82,7,14,21,103
01/14/2020,EVV,IN,AGL,CE,Combined TRACON& Tower with Radar,4,31,23,18,76,0,4,25,0,29,4,35,48,18,105,10,26,36,141
01/15/2020,EVV,IN,AGL,CE,Combined TRACON& Tower with Radar,4,30,10,4,48,0,4,0,0,4,4,34,10,4,52,0,0,0,52
01/16/2020,EVV,IN,AGL,CE,Combined TRACON& Tower with Radar,8,25,19,12,64,0,2,12,2,16,8,27,31,14,80,6,2,8,88
01/17/2020,EVV,IN,AGL,CE,Combined TRACON& Tower with Radar,3,39,17,0,59,0,4,12,0,16,3,43,29,0,75,61,0,61,136
01/18/2020,EVV,IN,AGL,CE,Combined TRACON& Tower with Radar,2,22,9,0,33,0,0,0,0,0,2,22,9,0,33,0,0,0,33
01/19/2020,EVV,IN,AGL,CE,Combined TRACON& Tower with Radar,6,24,9,0,39,0,0,5,0,5,6,24,14,0,44,6,0,6,50
01/20/2020,EVV,IN,AGL,CE,Combined TRACON& Tower with Radar,3,31,5,0,39,0,0,3,0,3,3,31,8,0,42,15,0,15,57
01/21/2020,EVV,IN,AGL,CE,Combined TRACON& Tower with Radar,3,28,33,2,66,0,2,24,1,27,3,30,57,3,93,73,0,73,166
01/22/2020,EVV,IN,AGL,CE,Combined TRACON& Tower with Radar,4,29,16,0,49,0,0,25,2,27,4,29,41,2,76,69,0,69,145
01/23/2020,EVV,IN,AGL,CE,Combined TRACON& Tower with Radar,6,29,21,2,58,0,1,6,0,7,6,30,27,2,65,79,0,79,144
01/24/2020,EVV,IN,AGL,CE,Combined TRACON& Tower with Radar,4,24,19,0,47,0,0,0,0,0,4,24,19,0,47,0,0,0,47
01/25/2020,EVV,IN,AGL,CE,Combined TRACON& Tower with Radar,2,20,11,0,33,0,1,1,0,2,2,21,12,0,35,48,0,48,83
01/26/2020,EVV,IN,AGL,CE,Combined TRACON& Tower with Radar,6,25,17,0,48,0,5,17,0,22,6,30,34,0,70,82,0,82,152
01/27/2020,EVV,IN,AGL,CE,Combined TRACON& Tower with Radar,3,27,10,0,40,0,0,0,0,0,3,27,10,0,40,0,0,0,40
01/28/2020,EVV,IN,AGL,CE,Combined TRACON& Tower with Radar,4,29,22,0,55,0,0,0,0,0,4,29,22,0,55,0,0,0,55
01/29/2020,EVV,IN,AGL,CE,Combined TRACON& Tower with Radar,5,34,19,10,68,0,1,2,0,3,5,35,21,10,71,20,20,40,111
01/30/2020,EVV,IN,AGL,CE,Combined TRACON& Tower with Radar,6,29,15,6,56,0,5,7,0,12,6,34,22,6,68,7,9,16,84
01/31/2020,EVV,IN,AGL,CE,Combined TRACON& Tower with Radar,4,28,15,1,48,0,2,0,3,5,4,30,15,4,53,20,12,32,85
02/01/2020,EVV,IN,AGL,CE,Combined TRACON& Tower with Radar,2,24,7,0,33,0,4,7,0,11,2,28,14,0,44,31,0,31,75
02/02/2020,EVV,IN,AGL,CE,Combined TRACON& Tower with Radar,6,22,17,2,47,0,4,18,3,25,6,26,35,5,72,5,0,5,77
02/03/2020,EVV,IN,AGL,CE,Combined TRACON& Tower with Radar,3,31,10,0,44,0,0,9,1,10,3,31,19,1,54,11,0,11,65
02/04/2020,EVV,IN,AGL,CE,Combined TRACON& Tower with Radar,4,29,14,0,47,0,1,0,0,1,4,30,14,0,48,0,0,0,48
02/05/2020,EVV,IN,AGL,CE,Combined TRACON& Tower with Radar,4,28,12,0,44,0,0,0,0,0,4,28,12,0,44,0,0,0,44
02/06/2020,EVV,IN,AGL,CE,Combined TRACON& Tower with Radar,8,27,9,0,44,0,0,0,0,0,8,27,9,0,44,0,0,0,44
02/07/2020,EVV,IN,AGL,CE,Combined TRACON& Tower with Radar,4,29,17,0,50,0,2,7,0,9,4,31,24,0,59,47,0,47,106
02/08/2020,EVV,IN,AGL,CE,Combined TRACON& Tower with Radar,2,20,3,0,25,0,0,4,0,4,2,20,7,0,29,16,0,16,45
02/09/2020,EVV,IN,AGL,CE,Combined TRACON& Tower with Radar,6,31,11,0,48,0,2,3,0,5,6,33,14,0,53,0,0,0,53
02/10/2020,EVV,IN,AGL,CE,Combined TRACON& Tower with Radar,4,26,15,0,45,0,0,0,0,0,4,26,15,0,45,0,0,0,45
02/11/2020,EVV,IN,AGL,CE,Combined TRACON& Tower with Radar,4,32,28,14,78,0,3,27,0,30,4,35,55,14,108,28,12,40,148
02/12/2020,EVV,IN,AGL,CE,Combined TRACON& Tower with Radar,4,28,13,1,46,0,1,0,0,1,4,29,13,1,47,4,0,4,51
02/13/2020,EVV,IN,AGL,CE,Combined TRACON& Tower with Radar,6,26,20,2,54,0,1,2,0,3,6,27,22,2,57,11,0,11,68
02/14/2020,EVV,IN,AGL,CE,Combined TRACON& Tower with Radar,4,31,24,7,66,0,5,20,2,27,4,36,44,9,93,122,24,146,239
02/15/2020,EVV,IN,AGL,CE,Combined TRACON& Tower with Radar,8,24,9,0,41,0,9,22,0,31,8,33,31,0,72,20,0,20,92
02/16/2020,EVV,IN,AGL,CE,Combined TRACON& Tower with Radar,7,21,7,0,35,0,5,25,0,30,7,26,32,0,65,36,0,36,101
02/17/2020,EVV,IN,AGL,CE,Combined TRACON& Tower with Radar,4,29,12,0,45,0,1,7,0,8,4,30,19,0,53,5,0,5,58
02/18/2020,EVV,IN,AGL,CE,Combined TRACON& Tower with Radar,4,38,13,0,55,0,2,2,0,4,4,40,15,0,59,0,0,0,59
02/19/2020,EVV,IN,AGL,CE,Combined TRACON& Tower with Radar,4,30,25,14,73,0,6,21,0,27,4,36,46,14,100,38,16,54,154
02/20/2020,EVV,IN,AGL,CE,Combined TRACON& Tower with Radar,6,27,14,53,100,0,18,18,8,44,6,45,32,61,144,23,8,31,175
02/21/2020,EVV,IN,AGL,CE,Combined TRACON& Tower with Radar,4,29,19,0,52,0,14,31,0,45,4,43,50,0,97,64,0,64,161
02/22/2020,EVV,IN,AGL,CE,Combined TRACON& Tower with Radar,6,19,17,0,42,0,5,27,2,34,6,24,44,2,76,44,0,44,120
02/23/2020,EVV,IN,AGL,CE,Combined TRACON& Tower with Radar,6,28,13,8,55,0,2,8,4,14,6,30,21,12,69,0,48,48,117
02/24/2020,EVV,IN,AGL,CE,Combined TRACON& Tower with Radar,4,26,11,0,41,0,0,0,0,0,4,26,11,0,41,0,0,0,41
02/25/2020,EVV,IN,AGL,CE,Combined TRACON& Tower with Radar,4,30,20,0,54,0,0,0,0,0,4,30,20,0,54,0,0,0,54
02/26/2020,EVV,IN,AGL,CE,Combined TRACON& Tower with Radar,3,31,8,0,42,0,0,1,0,1,3,31,9,0,43,0,0,0,43
02/27/2020,EVV,IN,AGL,CE,Combined TRACON& Tower with Radar,6,28,16,0,50,0,2,10,0,12,6,30,26,0,62,0,0,0,62
02/28/2020,EVV,IN,AGL,CE,Combined TRACON& Tower with Radar,3,33,23,0,59,0,7,17,0,24,3,40,40,0,83,68,0,68,151
02/29/2020,EVV,IN,AGL,CE,Combined TRACON& Tower with Radar,4,21,12,0,37,0,18,29,0,47,4,39,41,0,84,66,0,66,150
03/01/2020,EVV,IN,AGL,CE,Combined TRACON& Tower with Radar,6,28,12,0,46,0,3,10,0,13,6,31,22,0,59,0,0,0,59
03/02/2020,EVV,IN,AGL,CE,Combined TRACON& Tower with Radar,4,34,5,2,45,0,2,0,0,2,4,36,5,2,47,0,0,0,47
03/03/2020,EVV,IN,AGL,CE,Combined TRACON& Tower with Radar,4,29,16,6,55,0,3,10,0,13,4,32,26,6,68,0,0,0,68
03/04/2020,EVV,IN,AGL,CE,Combined TRACON& Tower with Radar,4,26,21,0,51,0,8,12,1,21,4,34,33,1,72,2,0,2,74
03/05/2020,EVV,IN,AGL,CE,Combined TRACON& Tower with Radar,6,29,30,4,69,0,24,24,2,50,6,53,54,6,119,0,8,8,127
03/06/2020,EVV,IN,AGL,CE,Combined TRACON& Tower with Radar,4,29,16,0,49,0,8,8,0,16,4,37,24,0,65,24,0,24,89
03/07/2020,EVV,IN,AGL,CE,Combined TRACON& Tower with Radar,6,18,18,6,48,0,6,49,0,55,6,24,67,6,103,82,0,82,185
03/08/2020,EVV,IN,AGL,CE,Combined TRACON& Tower with Radar,6,29,12,0,47,0,3,42,0,45,6,32,54,0,92,58,0,58,150
03/09/2020,EVV,IN,AGL,CE,Combined TRACON& Tower with Radar,8,26,14,7,55,0,0,30,1,31,8,26,44,8,86,40,12,52,138
03/10/2020,EVV,IN,AGL,CE,Combined TRACON& Tower with Radar,6,32,22,0,60,0,2,8,0,10,6,34,30,0,70,16,0,16,86
03/11/2020,EVV,IN,AGL,CE,Combined TRACON& Tower with Radar,4,29,23,4,60,0,0,3,0,3,4,29,26,4,63,24,0,24,87
03/12/2020,EVV,IN,AGL,CE,Combined TRACON& Tower with Radar,7,29,26,0,62,0,2,2,0,4,7,31,28,0,66,0,0,0,66
03/13/2020,EVV,IN,AGL,CE,Combined TRACON& Tower with Radar,6,36,16,8,66,0,2,41,0,43,6,38,57,8,109,62,12,74,183
03/14/2020,EVV,IN,AGL,CE,Combined TRACON& Tower with Radar,6,18,6,0,30,0,2,0,0,2,6,20,6,0,32,0,0,0,32
03/15/2020,EVV,IN,AGL,CE,Combined TRACON& Tower with Radar,8,26,15,0,49,0,0,5,0,5,8,26,20,0,54,26,0,26,80
03/16/2020,EVV,IN,AGL,CE,Combined TRACON& Tower with Radar,6,24,8,28,66,0,3,2,0,5,6,27,10,28,71,31,19,50,121
03/17/2020,EVV,IN,AGL,CE,Combined TRACON& Tower with Radar,6,25,13,0,44,0,2,35,0,37,6,27,48,0,81,39,0,39,120
03/18/2020,EVV,IN,AGL,CE,Combined TRACON& Tower with Radar,6,28,9,0,43,0,1,0,0,1,6,29,9,0,44,0,0,0,44
03/19/2020,EVV,IN,AGL,CE,Combined TRACON& Tower with Radar,8,22,2,0,32,0,1,0,0,1,8,23,2,0,33,0,0,0,33
03/20/2020,EVV,IN,AGL,CE,Combined TRACON& Tower with Radar,6,27,13,4,50,0,2,5,0,7,6,29,18,4,57,8,0,8,65
03/21/2020,EVV,IN,AGL,CE,Combined TRACON& Tower with Radar,6,15,6,0,27,0,0,19,0,19,6,15,25,0,46,46,0,46,92
03/22/2020,EVV,IN,AGL,CE,Combined TRACON& Tower with Radar,8,18,11,0,37,0,0,7,0,7,8,18,18,0,44,8,0,8,52
03/23/2020,EVV,IN,AGL,CE,Combined TRACON& Tower with Radar,6,18,5,13,42,0,2,6,0,8,6,20,11,13,50,38,11,49,99
03/24/2020,EVV,IN,AGL,CE,Combined TRACON& Tower with Radar,6,11,9,0,26,0,2,2,0,4,6,13,11,0,30,22,0,22,52
03/25/2020,EVV,IN,AGL,CE,Combined TRACON& Tower with Radar,4,17,9,4,34,0,2,13,0,15,4,19,22,4,49,24,0,24,73
03/26/2020,EVV,IN,AGL,CE,Combined TRACON& Tower with Radar,6,9,7,0,22,0,0,10,0,10,6,9,17,0,32,0,0,0,32
03/27/2020,EVV,IN,AGL,CE,Combined TRACON& Tower with Radar,8,8,10,0,26,0,0,8,0,8,8,8,18,0,34,5,0,5,39
03/28/2020,EVV,IN,AGL,CE,Combined TRACON& Tower with Radar,4,6,1,0,11,0,2,1,0,3,4,8,2,0,14,12,0,12,26
03/29/2020,EVV,IN,AGL,CE,Combined TRACON& Tower with Radar,6,10,1,7,24,0,0,5,1,6,6,10,6,8,30,12,0,12,42
03/30/2020,EVV,IN,AGL,CE,Combined TRACON& Tower with Radar,6,12,9,0,27,0,0,18,0,18,6,12,27,0,45,28,0,28,73
03/31/2020,EVV,IN,AGL,CE,Combined TRACON& Tower with Radar,4,8,4,0,16,0,4,2,2,8,4,12,6,2,24,0,0,0,24
04/01/2020,EVV,IN,AGL,CE,Combined TRACON& Tower with Radar,4,11,2,8,25,0,0,10,0,10,4,11,12,8,35,18,0,18,53
04/02/2020,EVV,IN,AGL,CE,Combined TRACON& Tower with Radar,1,10,6,0,17,0,2,19,0,21,1,12,25,0,38,42,0,42,80
04/03/2020,EVV,IN,AGL,CE,Combined TRACON& Tower with Radar,4,9,8,12,33,0,2,14,0,16,4,11,22,12,49,3,12,15,64
04/04/2020,EVV,IN,AGL,CE,Combined TRACON& Tower with Radar,2,6,2,0,10,0,0,10,0,10,2,6,12,0,20,30,0,30,50
04/05/2020,EVV,IN,AGL,CE,Combined TRACON& Tower with Radar,4,6,9,0,19,0,0,1,0,1,4,6,10,0,20,0,0,0,20
04/06/2020,EVV,IN,AGL,CE,Combined TRACON& Tower with Radar,3,9,1,14,27,0,0,5,0,5,3,9,6,14,32,17,7,24,56
04/07/2020,EVV,IN,AGL,CE,Combined TRACON& Tower with Radar,3,9,5,2,19,0,0,7,0,7,3,9,12,2,26,18,0,18,44
04/08/2020,EVV,IN,AGL,CE,Combined TRACON& Tower with Radar,2,10,14,0,26,0,1,11,0,12,2,11,25,0,38,0,0,0,38
04/09/2020,EVV,IN,AGL,CE,Combined TRACON& Tower with Radar,4,11,4,0,19,0,2,7,0,9,4,13,11,0,28,0,0,0,28
04/10/2020,EVV,IN,AGL,CE,Combined TRACON& Tower with Radar,4,10,13,11,38,0,0,19,3,22,4,10,32,14,60,22,0,22,82
04/11/2020,EVV,IN,AGL,CE,Combined TRACON& Tower with Radar,2,7,3,1,13,0,0,12,2,14,2,7,15,3,27,40,4,44,71
04/12/2020,EVV,IN,AGL,CE,Combined TRACON& Tower with Radar,4,8,11,0,23,0,2,2,0,4,4,10,13,0,27,0,0,0,27
04/13/2020,EVV,IN,AGL,CE,Combined TRACON& Tower with Radar,2,12,3,4,21,0,1,0,0,1,2,13,3,4,22,0,0,0,22
04/14/2020,EVV,IN,AGL,CE,Combined TRACON& Tower with Radar,2,9,5,0,16,0,0,10,0,10,2,9,15,0,26,0,0,0,26
04/15/2020,EVV,IN,AGL,CE,Combined TRACON& Tower with Radar,3,9,4,0,16,0,0,9,0,9,3,9,13,0,25,20,0,20,45
04/16/2020,EVV,IN,AGL,CE,Combined TRACON& Tower with Radar,2,7,9,2,20,0,0,12,0,12,2,7,21,2,32,8,0,8,40
04/17/2020,EVV,IN,AGL,CE,Combined TRACON& Tower with Radar,2,8,6,0,16,0,0,0,0,0,2,8,6,0,16,0,0,0,16
04/18/2020,EVV,IN,AGL,CE,Combined TRACON& Tower with Radar,0,6,7,0,13,0,0,21,2,23,0,6,28,2,36,39,24,63,99
04/19/2020,EVV,IN,AGL,CE,Combined TRACON& Tower with Radar,0,11,5,0,16,0,2,9,0,11,0,13,14,0,27,19,0,19,46
04/20/2020,EVV,IN,AGL,CE,Combined TRACON& Tower with Radar,0,11,18,11,40,0,2,19,0,21,0,13,37,11,61,26,34,60,121
04/21/2020,EVV,IN,AGL,CE,Combined TRACON& Tower with Radar,0,10,18,0,28,0,0,19,0,19,0,10,37,0,47,1,0,1,48
04/22/2020,EVV,IN,AGL,CE,Combined TRACON& Tower with Radar,0,11,23,6,40,0,3,9,0,12,0,14,32,6,52,18,0,18,70
04/23/2020,EVV,IN,AGL,CE,Combined TRACON& Tower with Radar,0,9,3,0,12,0,1,0,0,1,0,10,3,0,13,0,0,0,13
04/24/2020,EVV,IN,AGL,CE,Combined TRACON& Tower with Radar,0,7,28,0,35,0,1,18,0,19,0,8,46,0,54,38,0,38,92
04/25/2020,EVV,IN,AGL,CE,Combined TRACON& Tower with Radar,0,8,4,0,12,0,2,1,0,3,0,10,5,0,15,0,0,0,15
04/26/2020,EVV,IN,AGL,CE,Combined TRACON& Tower with Radar,0,7,6,0,13,0,2,8,0,10,0,9,14,0,23,6,0,6,29
04/27/2020,EVV,IN,AGL,CE,Combined TRACON& Tower with Radar,0,6,28,0,34,0,3,18,0,21,0,9,46,0,55,58,0,58,113
04/28/2020,EVV,IN,AGL,CE,Combined TRACON& Tower with Radar,0,10,2,4,16,0,0,2,0,2,0,10,4,4,18,0,0,0,18
04/29/2020,EVV,IN,AGL,CE,Combined TRACON& Tower with Radar,0,12,15,8,35,0,1,2,0,3,0,13,17,8,38,0,0,0,38
04/30/2020,EVV,IN,AGL,CE,Combined TRACON& Tower with Radar,0,7,12,0,19,0,0,9,0,9,0,7,21,0,28,0,0,0,28
05/01/2020,EVV,IN,AGL,CE,Combined TRACON& Tower with Radar,1,9,30,21,61,0,0,43,3,46,1,9,73,24,107,57,20,77,184
05/02/2020,EVV,IN,AGL,CE,Combined TRACON& Tower with Radar,4,7,8,0,19,0,0,17,0,17,4,7,25,0,36,0,0,0,36
05/03/2020,EVV,IN,AGL,CE,Combined TRACON& Tower with Radar,3,5,7,0,15,0,0,3,0,3,3,5,10,0,18,13,0,13,31
05/04/2020,EVV,IN,AGL,CE,Combined TRACON& Tower with Radar,1,6,10,4,21,0,1,15,0,16,1,7,25,4,37,31,0,31,68
05/05/2020,EVV,IN,AGL,CE,Combined TRACON& Tower with Radar,3,6,18,0,27,0,0,0,0,0,3,6,18,0,27,4,0,4,31
05/06/2020,EVV,IN,AGL,CE,Combined TRACON& Tower with Radar,2,9,24,2,37,0,3,13,0,16,2,12,37,2,53,8,0,8,61
05/07/2020,EVV,IN,AGL,CE,Combined TRACON& Tower with Radar,0,13,11,0,24,0,2,35,2,39,0,15,46,2,63,45,0,45,108
05/08/2020,EVV,IN,AGL,CE,Combined TRACON& Tower with Radar,1,10,18,0,29,0,2,5,0,7,1,12,23,0,36,14,0,14,50
05/09/2020,EVV,IN,AGL,CE,Combined TRACON& Tower with Radar,2,5,20,0,27,0,0,26,0,26,2,5,46,0,53,96,0,96,149
05/10/2020,EVV,IN,AGL,CE,Combined TRACON& Tower with Radar,2,6,1,0,9,0,0,8,0,8,2,6,9,0,17,4,0,4,21
05/11/2020,EVV,IN,AGL,CE,Combined TRACON& Tower with Radar,2,7,15,2,26,0,0,12,0,12,2,7,27,2,38,22,0,22,60
05/12/2020,EVV,IN,AGL,CE,Combined TRACON& Tower with Radar,2,10,14,4,30,0,0,19,0,19,2,10,33,4,49,8,0,8,57
05/13/2020,EVV,IN,AGL,CE,Combined TRACON& Tower with Radar,2,8,6,2,18,0,0,0,0,0,2,8,6,2,18,0,0,0,18
05/14/2020,EVV,IN,AGL,CE,Combined TRACON& Tower with Radar,6,15,9,4,34,0,2,7,0,9,6,17,16,4,43,0,0,0,43
05/15/2020,EVV,IN,AGL,CE,Combined TRACON& Tower with Radar,2,8,8,0,18,0,0,1,0,1,2,8,9,0,19,0,0,0,19
05/16/2020,EVV,IN,AGL,CE,Combined TRACON& Tower with Radar,2,6,6,0,14,0,4,4,0,8,2,10,10,0,22,0,0,0,22
05/17/2020,EVV,IN,AGL,CE,Combined TRACON& Tower with Radar,6,7,2,0,15,0,3,6,0,9,6,10,8,0,24,0,0,0,24
05/18/2020,EVV,IN,AGL,CE,Combined TRACON& Tower with Radar,2,6,27,2,37,0,4,11,0,15,2,10,38,2,52,8,0,8,60
05/19/2020,EVV,IN,AGL,CE,Combined TRACON& Tower with Radar,4,9,17,0,30,0,0,4,0,4,4,9,21,0,34,9,0,9,43
05/20/2020,EVV,IN,AGL,CE,Combined TRACON& Tower with Radar,2,12,15,0,29,0,0,1,0,1,2,12,16,0,30,22,0,22,52
05/21/2020,EVV,IN,AGL,CE,Combined TRACON& Tower with Radar,4,16,26,12,58,0,1,14,0,15,4,17,40,12,73,17,11,28,101
05/22/2020,EVV,IN,AGL,CE,Combined TRACON& Tower with Radar,2,10,24,0,36,0,3,31,0,34,2,13,55,0,70,44,0,44,114
05/23/2020,EVV,IN,AGL,CE,Combined TRACON& Tower with Radar,2,7,4,0,13,0,4,7,0,11,2,11,11,0,24,0,0,0,24
05/24/2020,EVV,IN,AGL,CE,Combined TRACON& Tower with Radar,4,8,11,0,23,0,0,15,0,15,4,8,26,0,38,32,0,32,70
05/25/2020,EVV,IN,AGL,CE,Combined TRACON& Tower with Radar,2,8,11,0,21,0,0,16,1,17,2,8,27,1,38,56,0,56,94
05/26/2020,EVV,IN,AGL,CE,Combined TRACON& Tower with Radar,2,11,11,0,24,0,2,22,0,24,2,13,33,0,48,80,0,80,128
05/27/2020,EVV,IN,AGL,CE,Combined TRACON& Tower with Radar,1,10,7,2,20,0,2,2,0,4,1,12,9,2,24,0,0,0,24
05/28/2020,EVV,IN,AGL,CE,Combined TRACON& Tower with Radar,7,10,24,0,41,0,0,9,0,9,7,10,33,0,50,17,0,17,67
05/29/2020,EVV,IN,AGL,CE,Combined TRACON& Tower with Radar,2,11,9,0,22,0,4,10,0,14,2,15,19,0,36,18,0,18,54
05/30/2020,EVV,IN,AGL,CE,Combined TRACON& Tower with Radar,2,12,17,0,31,0,2,39,0,41,2,14,56,0,72,38,0,38,110
05/31/2020,EVV,IN,AGL,CE,Combined TRACON& Tower with Radar,6,9,12,0,27,0,0,27,0,27,6,9,39,0,54,0,0,0,54
06/01/2020,EVV,IN,AGL,CE,Combined TRACON& Tower with Radar,2,9,15,0,26,0,4,13,0,17,2,13,28,0,43,0,0,0,43
06/02/2020,EVV,IN,AGL,CE,Combined TRACON& Tower with Radar,2,9,9,2,22,0,1,15,0,16,2,10,24,2,38,34,0,34,72
06/03/2020,EVV,IN,AGL,CE,Combined TRACON& Tower with Radar,2,9,11,1,23,0,2,17,0,19,2,11,28,1,42,33,0,33,75
06/04/2020,EVV,IN,AGL,CE,Combined TRACON& Tower with Radar,6,10,3,1,20,0,4,3,0,7,6,14,6,1,27,30,0,30,57
06/05/2020,EVV,IN,AGL,CE,Combined TRACON& Tower with Radar,2,13,8,0,23,0,5,22,2,29,2,18,30,2,52,41,0,41,93
06/06/2020,EVV,IN,AGL,CE,Combined TRACON& Tower with Radar,2,7,14,0,23,0,4,31,0,35,2,11,45,0,58,26,0,26,84
06/07/2020,EVV,IN,AGL,CE,Combined TRACON& Tower with Radar,6,9,17,0,32,0,0,13,0,13,6,9,30,0,45,40,0,40,85
06/08/2020,EVV,IN,AGL,CE,Combined TRACON& Tower with Radar,2,10,6,0,18,0,0,15,0,15,2,10,21,0,33,56,0,56,89
06/09/2020,EVV,IN,AGL,CE,Combined TRACON& Tower with Radar,2,10,7,0,19,0,1,0,0,1,2,11,7,0,20,0,0,0,20
06/10/2020,EVV,IN,AGL,CE,Combined TRACON& Tower with Radar,2,11,13,0,26,0,2,0,2,4,2,13,13,2,30,12,0,12,42
06/11/2020,EVV,IN,AGL,CE,Combined TRACON& Tower with Radar,6,14,24,0,44,0,2,27,2,31,6,16,51,2,75,74,0,74,149
06/12/2020,EVV,IN,AGL,CE,Combined TRACON& Tower with Radar,2,16,23,6,47,0,2,21,2,25,2,18,44,8,72,32,0,32,104
06/13/2020,EVV,IN,AGL,CE,Combined TRACON& Tower with Radar,2,7,15,0,24,0,4,20,0,24,2,11,35,0,48,39,0,39,87
06/14/2020,EVV,IN,AGL,CE,Combined TRACON& Tower with Radar,6,9,9,0,24,0,8,11,0,19,6,17,20,0,43,0,0,0,43
06/15/2020,EVV,IN,AGL,CE,Combined TRACON& Tower with Radar,2,16,12,10,40,0,2,19,0,21,2,18,31,10,61,23,16,39,100
06/16/2020,EVV,IN,AGL,CE,Combined TRACON& Tower with Radar,2,10,28,0,40,0,1,29,0,30,2,11,57,0,70,38,0,38,108
06/17/2020,EVV,IN,AGL,CE,Combined TRACON& Tower with Radar,2,7,21,0,30,0,0,10,2,12,2,7,31,2,42,13,0,13,55
06/18/2020,EVV,IN,AGL,CE,Combined TRACON& Tower with Radar,6,16,29,0,51,0,1,21,0,22,6,17,50,0,73,42,0,42,115
06/19/2020,EVV,IN,AGL,CE,Combined TRACON& Tower with Radar,2,13,16,18,49,0,6,16,1,23,2,19,32,19,72,49,52,101,173
06/20/2020,EVV,IN,AGL,CE,Combined TRACON& Tower with Radar,2,7,19,0,28,0,6,34,0,40,2,13,53,0,68,34,0,34,102
06/21/2020,EVV,IN,AGL,CE,Combined TRACON& Tower with Radar,6,10,10,1,27,0,2,2,0,4,6,12,12,1,31,0,0,0,31
06/22/2020,EVV,IN,AGL,CE,Combined TRACON& Tower with Radar,2,15,19,9,45,0,2,9,0,11,2,17,28,9,56,53,20,73,129
06/23/2020,EVV,IN,AGL,CE,Combined TRACON& Tower with Radar,2,15,29,6,52,0,2,17,3,22,2,17,46,9,74,24,10,34,108
06/24/2020,EVV,IN,AGL,CE,Combined TRACON& Tower with Radar,2,9,22,4,37,0,3,22,3,28,2,12,44,7,65,94,36,130,195
06/25/2020,EVV,IN,AGL,CE,Combined TRACON& Tower with Radar,6,11,24,0,41,0,6,30,0,36,6,17,54,0,77,48,0,48,125
06/26/2020,EVV,IN,AGL,CE,Combined TRACON& Tower with Radar,2,12,26,6,46,0,4,14,0,18,2,16,40,6,64,36,0,36,100
06/27/2020,EVV,IN,AGL,CE,Combined TRACON& Tower with Radar,2,11,14,0,27,0,5,2,0,7,2,16,16,0,34,0,0,0,34
06/28/2020,EVV,IN,AGL,CE,Combined TRACON& Tower with Radar,6,10,9,0,25,0,3,9,0,12,6,13,18,0,37,0,0,0,37
06/29/2020,EVV,IN,AGL,CE,Combined TRACON& Tower with Radar,2,10,9,0,21,0,1,21,0,22,2,11,30,0,43,0,0,0,43
06/30/2020,EVV,IN,AGL,CE,Combined TRACON& Tower with Radar,2,10,15,0,27,0,0,5,0,5,2,10,20,0,32,13,0,13,45
07/01/2020,EVV,IN,AGL,CE,Combined TRACON& Tower with Radar,2,15,12,6,35,0,3,24,0,27,2,18,36,6,62,0,0,0,62
07/02/2020,EVV,IN,AGL,CE,Combined TRACON& Tower with Radar,6,14,14,0,34,0,3,34,0,37,6,17,48,0,71,33,0,33,104
07/03/2020,EVV,IN,AGL,CE,Combined TRACON& Tower with Radar,2,13,18,0,33,0,0,14,1,15,2,13,32,1,48,14,0,14,62
07/04/2020,EVV,IN,AGL,CE,Combined TRACON& Tower with Radar,2,9,4,0,15,0,0,20,3,23,2,9,24,3,38,6,0,6,44
07/05/2020,EVV,IN,AGL,CE,Combined TRACON& Tower with Radar,6,13,10,0,29,0,4,16,0,20,6,17,26,0,49,3,0,3,52
07/06/2020,EVV,IN,AGL,CE,Combined TRACON& Tower with Radar,4,13,18,0,35,0,1,24,0,25,4,14,42,0,60,35,0,35,95
07/07/2020,EVV,IN,AGL,CE,Combined TRACON& Tower with Radar,4,16,22,7,49,0,4,21,2,27,4,20,43,9,76,84,16,100,176
07/08/2020,EVV,IN,AGL,CE,Combined TRACON& Tower with Radar,6,24,30,0,60,0,6,38,0,44,6,30,68,0,104,74,0,74,178
07/09/2020,EVV,IN,AGL,CE,Combined TRACON& Tower with Radar,8,20,13,0,41,0,5,55,6,66,8,25,68,6,107,30,0,30,137
07/10/2020,EVV,IN,AGL,CE,Combined TRACON& Tower with Radar,4,15,23,0,42,0,6,23,0,29,4,21,46,0,71,14,0,14,85
07/11/2020,EVV,IN,AGL,CE,Combined TRACON& Tower with Radar,4,14,10,0,28,0,0,46,0,46,4,14,56,0,74,37,0,37,111
07/12/2020,EVV,IN,AGL,CE,Combined TRACON& Tower with Radar,8,17,22,0,47,0,0,7,0,7,8,17,29,0,54,10,0,10,64
07/13/2020,EVV,IN,AGL,CE,Combined TRACON& Tower with Radar,4,15,37,2,58,0,1,21,0,22,4,16,58,2,80,0,2,2,82
07/14/2020,EVV,IN,AGL,CE,Combined TRACON& Tower with Radar,4,18,31,0,53,0,2,62,0,64,4,20,93,0,117,0,0,0,117
07/15/2020,EVV,IN,AGL,CE,Combined TRACON& Tower with Radar,4,21,20,6,51,0,5,45,2,52,4,26,65,8,103,0,0,0,103
07/16/2020,EVV,IN,AGL,CE,Combined TRACON& Tower with Radar,8,17,21,0,46,0,9,4,0,13,8,26,25,0,59,0,0,0,59
07/17/2020,EVV,IN,AGL,CE,Combined TRACON& Tower with Radar,3,19,31,4,57,0,3,10,2,15,3,22,41,6,72,4,0,4,76
07/18/2020,EVV,IN,AGL,CE,Combined TRACON& Tower with Radar,4,13,9,0,26,0,5,16,0,21,4,18,25,0,47,17,0,17,64
07/19/2020,EVV,IN,AGL,CE,Combined TRACON& Tower with Radar,11,16,21,0,48,0,4,11,0,15,11,20,32,0,63,5,0,5,68
07/20/2020,EVV,IN,AGL,CE,Combined TRACON& Tower with Radar,4,14,13,8,39,0,2,12,0,14,4,16,25,8,53,6,8,14,67
07/21/2020,EVV,IN,AGL,CE,Combined TRACON& Tower with Radar,5,16,17,0,38,0,4,36,0,40,5,20,53,0,78,41,0,41,119
07/22/2020,EVV,IN,AGL,CE,Combined TRACON& Tower with Radar,4,18,10,0,32,0,2,22,0,24,4,20,32,0,56,24,0,24,80
07/23/2020,EVV,IN,AGL,CE,Combined TRACON& Tower with Radar,8,15,31,0,54,0,0,15,0,15,8,15,46,0,69,36,0,36,105
07/24/2020,EVV,IN,AGL,CE,Combined TRACON& Tower with Radar,4,19,18,5,46,0,1,37,0,38,4,20,55,5,84,76,8,84,168
07/25/2020,EVV,IN,AGL,CE,Combined TRACON& Tower with Radar,4,13,22,0,39,0,0,33,0,33,4,13,55,0,72,48,0,48,120
07/26/2020,EVV,IN,AGL,CE,Combined TRACON& Tower with Radar,8,17,12,0,37,0,2,6,0,8,8,19,18,0,45,14,0,14,59
07/27/2020,EVV,IN,AGL,CE,Combined TRACON& Tower with Radar,4,16,9,0,29,0,2,14,0,16,4,18,23,0,45,0,0,0,45
07/28/2020,EVV,IN,AGL,CE,Combined TRACON& Tower with Radar,4,22,18,0,44,0,2,44,1,47,4,24,62,1,91,0,0,0,91
07/29/2020,EVV,IN,AGL,CE,Combined TRACON& Tower with Radar,6,19,12,0,37,0,1,20,0,21,6,20,32,0,58,0,0,0,58
07/30/2020,EVV,IN,AGL,CE,Combined TRACON& Tower with Radar,8,12,5,0,25,0,2,2,0,4,8,14,7,0,29,0,0,0,29
07/31/2020,EVV,IN,AGL,CE,Combined TRACON& Tower with Radar,4,15,34,2,55,0,0,0,0,0,4,15,34,2,55,0,0,0,55
08/01/2020,EVV,IN,AGL,CE,Combined TRACON& Tower with Radar,4,16,13,0,33,0,0,0,0,0,4,16,13,0,33,0,0,0,33
08/02/2020,EVV,IN,AGL,CE,Combined TRACON& Tower with Radar,8,16,16,0,40,0,4,24,0,28,8,20,40,0,68,0,0,0,68
08/03/2020,EVV,IN,AGL,CE,Combined TRACON& Tower with Radar,4,20,14,0,38,0,2,6,0,8,4,22,20,0,46,17,0,17,63
08/04/2020,EVV,IN,AGL,CE,Combined TRACON& Tower with Radar,4,17,16,13,50,0,2,11,1,14,4,19,27,14,64,7,10,17,81
08/05/2020,EVV,IN,AGL,CE,Combined TRACON& Tower with Radar,4,19,19,0,42,0,9,41,0,50,4,28,60,0,92,38,0,38,130
08/06/2020,EVV,IN,AGL,CE,Combined TRACON& Tower with Radar,8,19,19,0,46,0,2,66,0,68,8,21,85,0,114,63,0,63,177
08/07/2020,EVV,IN,AGL,CE,Combined TRACON& Tower with Radar,4,20,13,14,51,0,4,25,0,29,4,24,38,14,80,33,16,49,129
08/08/2020,EVV,IN,AGL,CE,Combined TRACON& Tower with Radar,4,19,13,1,37,0,2,26,0,28,4,21,39,1,65,20,0,20,85
08/09/2020,EVV,IN,AGL,CE,Combined TRACON& Tower with Radar,8,25,12,0,45,0,0,8,2,10,8,25,20,2,55,0,0,0,55
08/10/2020,EVV,IN,AGL,CE,Combined TRACON& Tower with Radar,4,25,26,0,55,0,7,9,0,16,4,32,35,0,71,5,0,5,76
08/11/2020,EVV,IN,AGL,CE,Combined TRACON& Tower with Radar,6,21,36,0,63,0,2,10,0,12,6,23,46,0,75,12,0,12,87
08/12/2020,EVV,IN,AGL,CE,Combined TRACON& Tower with Radar,4,22,12,0,38,0,1,11,2,14,4,23,23,2,52,5,0,5,57
08/13/2020,EVV,IN,AGL,CE,Combined TRACON& Tower with Radar,8,25,13,0,46,0,2,20,0,22,8,27,33,0,68,24,0,24,92
08/14/2020,EVV,IN,AGL,CE,Combined TRACON& Tower with Radar,4,26,10,2,42,0,2,12,1,15,4,28,22,3,57,95,0,95,152
08/15/2020,EVV,IN,AGL,CE,Combined TRACON& Tower with Radar,4,21,16,0,41,0,5,28,0,33,4,26,44,0,74,55,0,55,129
08/16/2020,EVV,IN,AGL,CE,Combined TRACON& Tower with Radar,7,18,17,3,45,0,1,14,0,15,7,19,31,3,60,43,0,43,103
08/17/2020,EVV,IN,AGL,CE,Combined TRACON& Tower with Radar,4,23,8,13,48,0,2,11,2,15,4,25,19,15,63,50,16,66,129
08/18/2020,EVV,IN,AGL,CE,Combined TRACON& Tower with Radar,4,21,16,0,41,0,2,6,0,8,4,23,22,0,49,0,0,0,49
08/19/2020,EVV,IN,AGL,CE,Combined TRACON& Tower with Radar,4,16,18,2,40,0,0,18,0,18,4,16,36,2,58,0,0,0,58
08/20/2020,EVV,IN,AGL,CE,Combined TRACON& Tower with Radar,5,22,22,2,51,0,12,21,0,33,5,34,43,2,84,18,0,18,102
08/21/2020,EVV,IN,AGL,CE,Combined TRACON& Tower with Radar,4,22,13,0,39,0,0,18,0,18,4,22,31,0,57,39,0,39,96
08/22/2020,EVV,IN,AGL,CE,Combined TRACON& Tower with Radar,4,17,13,2,36,0,0,10,0,10,4,17,23,2,46,47,0,47,93
08/23/2020,EVV,IN,AGL,CE,Combined TRACON& Tower with Radar,6,21,12,0,39,0,11,12,0,23,6,32,24,0,62,23,0,23,85
08/24/2020,EVV,IN,AGL,CE,Combined TRACON& Tower with Radar,4,16,19,0,39,0,14,20,0,34,4,30,39,0,73,29,0,29,102
08/25/2020,EVV,IN,AGL,CE,Combined TRACON& Tower with Radar,4,18,45,1,68,0,6,18,1,25,4,24,63,2,93,62,8,70,163
08/26/2020,EVV,IN,AGL,CE,Combined TRACON& Tower with Radar,4,23,20,0,47,0,0,9,0,9,4,23,29,0,56,16,0,16,72
08/27/2020,EVV,IN,AGL,CE,Combined TRACON& Tower with Radar,6,18,15,0,39,0,1,13,1,15,6,19,28,1,54,15,0,15,69
08/28/2020,EVV,IN,AGL,CE,Combined TRACON& Tower with Radar,4,22,23,0,49,0,1,3,0,4,4,23,26,0,53,27,0,27,80
08/29/2020,EVV,IN,AGL,CE,Combined TRACON& Tower with Radar,4,18,7,0,29,0,3,2,0,5,4,21,9,0,34,7,0,7,41
08/30/2020,EVV,IN,AGL,CE,Combined TRACON& Tower with Radar,6,16,15,0,37,0,2,16,0,18,6,18,31,0,55,0,0,0,55
08/31/2020,EVV,IN,AGL,CE,Combined TRACON& Tower with Radar,4,19,15,6,44,0,10,5,0,15,4,29,20,6,59,4,0,4,63
09/01/2020,EVV,IN,AGL,CE,Combined TRACON& Tower with Radar,2,16,12,0,30,0,2,1,0,3,2,18,13,0,33,11,0,11,44
09/02/2020,EVV,IN,AGL,CE,Combined TRACON& Tower with Radar,4,21,36,0,61,0,1,1,1,3,4,22,37,1,64,0,0,0,64
09/03/2020,EVV,IN,AGL,CE,Combined TRACON& Tower with Radar,6,23,27,1,57,0,3,13,0,16,6,26,40,1,73,34,0,34,107
09/04/2020,EVV,IN,AGL,CE,Combined TRACON& Tower with Radar,4,21,29,0,54,0,4,32,0,36,4,25,61,0,90,103,0,103,193
09/05/2020,EVV,IN,AGL,CE,Combined TRACON& Tower with Radar,4,16,18,0,38,0,6,25,0,31,4,22,43,0,69,54,0,54,123
09/06/2020,EVV,IN,AGL,CE,Combined TRACON& Tower with Radar,6,17,7,0,30,0,0,19,0,19,6,17,26,0,49,18,0,18,67
09/07/2020,EVV,IN,AGL,CE,Combined TRACON& Tower with Radar,4,18,23,0,45,0,0,29,2,31,4,18,52,2,76,14,0,14,90
09/08/2020,EVV,IN,AGL,CE,Combined TRACON& Tower with Radar,8,18,26,11,63,0,2,34,4,40,8,20,60,15,103,18,4,22,125
09/09/2020,EVV,IN,AGL,CE,Combined TRACON& Tower with Radar,5,18,38,0,61,0,7,35,2,44,5,25,73,2,105,5,0,5,110
09/10/2020,EVV,IN,AGL,CE,Combined TRACON& Tower with Radar,6,31,38,14,89,0,7,18,2,27,6,38,56,16,116,16,36,52,168
09/11/2020,EVV,IN,AGL,CE,Combined TRACON& Tower with Radar,4,21,18,0,43,0,2,3,0,5,4,23,21,0,48,0,0,0,48
09/12/2020,EVV,IN,AGL,CE,Combined TRACON& Tower with Radar,5,20,39,0,64,0,3,3,0,6,5,23,42,0,70,0,0,0,70
09/13/2020,EVV,IN,AGL,CE,Combined TRACON& Tower with Radar,6,22,15,0,43,0,5,15,0,20,6,27,30,0,63,12,0,12,75
09/14/2020,EVV,IN,AGL,CE,Combined TRACON& Tower with Radar,4,22,20,18,64,0,4,24,0,28,4,26,44,18,92,30,34,64,156
09/15/2020,EVV,IN,AGL,CE,Combined TRACON& Tower with Radar,4,21,19,8,52,0,2,21,0,23,4,23,40,8,75,29,16,45,120
09/16/2020,EVV,IN,AGL,CE,Combined TRACON& Tower with Radar,4,18,59,0,81,0,6,28,0,34,4,24,87,0,115,95,0,95,210
09/17/2020,EVV,IN,AGL,CE,Combined TRACON& Tower with Radar,6,22,41,0,69,0,4,17,0,21,6,26,58,0,90,54,0,54,144
09/18/2020,EVV,IN,AGL,CE,Combined TRACON& Tower with Radar,3,28,29,10,70,0,1,15,0,16,3,29,44,10,86,6,27,33,119
09/19/2020,EVV,IN,AGL,CE,Combined TRACON& Tower with Radar,4,23,17,0,44,0,6,37,0,43,4,29,54,0,87,13,0,13,100
09/20/2020,EVV,IN,AGL,CE,Combined TRACON& Tower with Radar,6,21,8,0,35,0,3,31,2,36,6,24,39,2,71,30,0,30,101
09/21/2020,EVV,IN,AGL,CE,Combined TRACON& Tower with Radar,4,20,19,7,50,0,6,11,0,17,4,26,30,7,67,51,11,62,129
09/22/2020,EVV,IN,AGL,CE,Combined TRACON& Tower with Radar,4,25,21,12,62,0,4,29,2,35,4,29,50,14,97,28,15,43,140
09/23/2020,EVV,IN,AGL,CE,Combined TRACON& Tower with Radar,5,22,19,10,56,0,8,14,0,22,5,30,33,10,78,50,8,58,136
09/24/2020,EVV,IN,AGL,CE,Combined TRACON& Tower with Radar,7,29,24,30,90,0,4,15,1,20,7,33,39,31,110,30,22,52,162
09/25/2020,EVV,IN,AGL,CE,Combined TRACON& Tower with Radar,4,18,30,12,64,0,2,20,0,22,4,20,50,12,86,18,0,18,104
09/26/2020,EVV,IN,AGL,CE,Combined TRACON& Tower with Radar,4,18,21,0,43,0,0,13,0,13,4,18,34,0,56,0,0,0,56
09/27/2020,EVV,IN,AGL,CE,Combined TRACON& Tower with Radar,6,20,16,0,42,0,7,16,0,23,6,27,32,0,65,8,0,8,73
09/28/2020,EVV,IN,AGL,CE,Combined TRACON& Tower with Radar,4,17,5,0,26,0,1,5,0,6,4,18,10,0,32,0,0,0,32
09/29/2020,EVV,IN,AGL,CE,Combined TRACON& Tower with Radar,4,20,20,0,44,0,4,21,2,27,4,24,41,2,71,29,0,29,100
09/30/2020,EVV,IN,AGL,CE,Combined TRACON& Tower with Radar,4,25,16,0,45,0,4,11,0,15,4,29,27,0,60,0,0,0,60
10/01/2020,EVV,IN,AGL,CE,Combined TRACON& Tower with Radar,8,24,25,2,59,0,2,21,0,23,8,26,46,2,82,18,0,18,100
10/02/2020,EVV,IN,AGL,CE,Combined TRACON& Tower with Radar,5,22,24,0,51,0,4,34,0,38,5,26,58,0,89,0,0,0,89
10/03/2020,EVV,IN,AGL,CE,Combined TRACON& Tower with Radar,4,18,12,0,34,0,2,9,0,11,4,20,21,0,45,0,0,0,45
10/04/2020,EVV,IN,AGL,CE,Combined TRACON& Tower with Radar,6,20,8,2,36,0,2,10,0,12,6,22,18,2,48,22,0,22,70
10/05/2020,EVV,IN,AGL,CE,Combined TRACON& Tower with Radar,4,20,15,0,39,0,3,24,0,27,4,23,39,0,66,21,0,21,87
10/06/2020,EVV,IN,AGL,CE,Combined TRACON& Tower with Radar,4,26,26,4,60,0,6,18,0,24,4,32,44,4,84,0,0,0,84
10/07/2020,EVV,IN,AGL,CE,Combined TRACON& Tower with Radar,4,38,22,0,64,0,3,25,0,28,4,41,47,0,92,26,0,26,118
10/08/2020,EVV,IN,AGL,CE,Combined TRACON& Tower with Radar,7,25,15,0,47,0,0,13,0,13,7,25,28,0,60,10,0,10,70
10/09/2020,EVV,IN,AGL,CE,Combined TRACON& Tower with Radar,5,21,17,8,51,0,2,17,2,21,5,23,34,10,72,22,12,34,106
10/10/2020,EVV,IN,AGL,CE,Combined TRACON& Tower with Radar,5,20,16,0,41,0,1,0,0,1,5,21,16,0,42,0,0,0,42
10/11/2020,EVV,IN,AGL,CE,Combined TRACON& Tower with Radar,6,22,9,1,38,0,0,8,0,8,6,22,17,1,46,49,0,49,95
10/12/2020,EVV,IN,AGL,CE,Combined TRACON& Tower with Radar,4,18,15,7,44,0,5,1,1,7,4,23,16,8,51,0,0,0,51
10/13/2020,EVV,IN,AGL,CE,Combined TRACON& Tower with Radar,4,21,31,11,67,0,8,35,4,47,4,29,66,15,114,47,23,70,184
10/14/2020,EVV,IN,AGL,CE,Combined TRACON& Tower with Radar,4,19,12,0,35,0,6,13,0,19,4,25,25,0,54,0,0,0,54
10/15/2020,EVV,IN,AGL,CE,Combined TRACON& Tower with Radar,6,25,16,3,50,0,2,3,0,5,6,27,19,3,55,0,0,0,55
10/16/2020,EVV,IN,AGL,CE,Combined TRACON& Tower with Radar,6,21,25,0,52,0,2,20,0,22,6,23,45,0,74,33,0,33,107
10/17/2020,EVV,IN,AGL,CE,Combined TRACON& Tower with Radar,4,22,13,2,41,0,7,20,0,27,4,29,33,2,68,32,2,34,102
10/18/2020,EVV,IN,AGL,CE,Combined TRACON& Tower with Radar,6,25,22,4,57,0,5,9,0,14,6,30,31,4,71,22,0,22,93
10/19/2020,EVV,IN,AGL,CE,Combined TRACON& Tower with Radar,4,26,8,0,38,0,0,0,0,0,4,26,8,0,38,0,0,0,38
10/20/2020,EVV,IN,AGL,CE,Combined TRACON& Tower with Radar,4,19,12,0,35,0,0,0,0,0,4,19,12,0,35,0,0,0,35
10/21/2020,EVV,IN,AGL,CE,Combined TRACON& Tower with Radar,4,24,20,0,48,0,1,11,0,12,4,25,31,0,60,4,0,4,64
10/22/2020,EVV,IN,AGL,CE,Combined TRACON& Tower with Radar,6,28,31,0,65,0,6,27,0,33,6,34,58,0,98,17,0,17,115
10/23/2020,EVV,IN,AGL,CE,Combined TRACON& Tower with Radar,4,21,18,0,43,0,1,5,0,6,4,22,23,0,49,10,0,10,59
10/24/2020,EVV,IN,AGL,CE,Combined TRACON& Tower with Radar,4,21,16,0,41,0,4,6,2,12,4,25,22,2,53,36,0,36,89
10/25/2020,EVV,IN,AGL,CE,Combined TRACON& Tower with Radar,6,21,12,0,39,0,0,0,0,0,6,21,12,0,39,0,0,0,39
10/26/2020,EVV,IN,AGL,CE,Combined TRACON& Tower with Radar,4,16,7,2,29,0,1,0,0,1,4,17,7,2,30,0,0,0,30
10/27/2020,EVV,IN,AGL,CE,Combined TRACON& Tower with Radar,4,19,12,4,39,0,0,0,0,0,4,19,12,4,39,0,0,0,39
10/28/2020,EVV,IN,AGL,CE,Combined TRACON& Tower with Radar,4,19,18,0,41,0,0,0,0,0,4,19,18,0,41,0,0,0,41
10/29/2020,EVV,IN,AGL,CE,Combined TRACON& Tower with Radar,6,25,9,0,40,0,1,2,0,3,6,26,11,0,43,0,0,0,43
10/30/2020,EVV,IN,AGL,CE,Combined TRACON& Tower with Radar,4,24,28,2,58,0,0,31,6,37,4,24,59,8,95,50,0,50,145
10/31/2020,EVV,IN,AGL,CE,Combined TRACON& Tower with Radar,5,13,9,0,27,0,8,34,1,43,5,21,43,1,70,46,0,46,116
11/01/2020,EVV,IN,AGL,CE,Combined TRACON& Tower with Radar,10,10,5,0,25,0,0,0,0,0,10,10,5,0,25,0,0,0,25
11/02/2020,EVV,IN,AGL,CE,Combined TRACON& Tower with Radar,5,19,17,16,57,0,5,21,3,29,5,24,38,19,86,27,40,67,153
11/03/2020,EVV,IN,AGL,CE,Combined TRACON& Tower with Radar,5,18,6,1,30,0,3,23,2,28,5,21,29,3,58,70,0,70,128
11/04/2020,EVV,IN,AGL,CE,Combined TRACON& Tower with Radar,2,18,12,2,34,0,6,23,1,30,2,24,35,3,64,13,0,13,77
11/05/2020,EVV,IN,AGL,CE,Combined TRACON& Tower with Radar,2,24,22,5,53,0,2,14,0,16,2,26,36,5,69,40,8,48,117
11/06/2020,EVV,IN,AGL,CE,Combined TRACON& Tower with Radar,0,21,18,0,39,0,4,22,0,26,0,25,40,0,65,12,0,12,77
11/07/2020,EVV,IN,AGL,CE,Combined TRACON& Tower with Radar,0,30,13,2,45,0,4,17,2,23,0,34,30,4,68,30,0,30,98
11/08/2020,EVV,IN,AGL,CE,Combined TRACON& Tower with Radar,2,20,12,0,34,0,6,9,3,18,2,26,21,3,52,54,0,54,106
11/09/2020,EVV,IN,AGL,CE,Combined TRACON& Tower with Radar,0,21,14,15,50,0,2,11,0,13,0,23,25,15,63,8,33,41,104
11/10/2020,EVV,IN,AGL,CE,Combined TRACON& Tower with Radar,0,27,27,10,64,0,8,2,2,12,0,35,29,12,76,8,21,29,105
11/11/2020,EVV,IN,AGL,CE,Combined TRACON& Tower with Radar,0,27,24,0,51,0,5,16,0,21,0,32,40,0,72,0,0,0,72
11/12/2020,EVV,IN,AGL,CE,Combined TRACON& Tower with Radar,2,30,12,11,55,0,12,28,3,43,2,42,40,14,98,112,24,136,234
11/13/2020,EVV,IN,AGL,CE,Combined TRACON& Tower with Radar,2,27,25,12,66,0,4,9,0,13,2,31,34,12,79,47,8,55,134
11/14/2020,EVV,IN,AGL,CE,Combined TRACON& Tower with Radar,0,22,9,0,31,0,2,4,0,6,0,24,13,0,37,54,0,54,91
11/15/2020,EVV,IN,AGL,CE,Combined TRACON& Tower with Radar,2,24,2,0,28,0,4,4,2,10,2,28,6,2,38,26,0,26,64
11/16/2020,EVV,IN,AGL,CE,Combined TRACON& Tower with Radar,0,30,8,0,38,0,8,15,0,23,0,38,23,0,61,3,0,3,64
11/17/2020,EVV,IN,AGL,CE,Combined TRACON& Tower with Radar,0,26,19,0,45,0,11,18,0,29,0,37,37,0,74,15,0,15,89
11/18/2020,EVV,IN,AGL,CE,Combined TRACON& Tower with Radar,0,27,19,0,46,0,9,11,0,20,0,36,30,0,66,20,0,20,86
11/19/2020,EVV,IN,AGL,CE,Combined TRACON& Tower with Radar,2,31,8,0,41,0,6,3,0,9,2,37,11,0,50,16,0,16,66
11/20/2020,EVV,IN,AGL,CE,Combined TRACON& Tower with Radar,0,34,9,0,43,0,2,6,0,8,0,36,15,0,51,0,0,0,51
11/21/2020,EVV,IN,AGL,CE,Combined TRACON& Tower with Radar,0,30,6,0,36,0,0,0,0,0,0,30,6,0,36,0,0,0,36
11/22/2020,EVV,IN,AGL,CE,Combined TRACON& Tower with Radar,2,26,14,0,42,0,1,1,0,2,2,27,15,0,44,0,0,0,44
11/23/2020,EVV,IN,AGL,CE,Combined TRACON& Tower with Radar,0,30,17,16,63,0,6,27,0,33,0,36,44,16,96,48,6,54,150
11/24/2020,EVV,IN,AGL,CE,Combined TRACON& Tower with Radar,2,38,19,0,59,0,4,16,2,22,2,42,35,2,81,10,0,10,91
11/25/2020,EVV,IN,AGL,CE,Combined TRACON& Tower with Radar,0,29,8,0,37,0,1,1,0,2,0,30,9,0,39,0,0,0,39
11/26/2020,EVV,IN,AGL,CE,Combined TRACON& Tower with Radar,0,12,2,0,14,0,3,0,0,3,0,15,2,0,17,18,0,18,35
11/27/2020,EVV,IN,AGL,CE,Combined TRACON& Tower with Radar,0,23,21,0,44,0,2,23,1,26,0,25,44,1,70,22,0,22,92
11/28/2020,EVV,IN,AGL,CE,Combined TRACON& Tower with Radar,2,26,10,0,38,0,6,29,0,35,2,32,39,0,73,0,0,0,73
11/29/2020,EVV,IN,AGL,CE,Combined TRACON& Tower with Radar,0,27,24,0,51,0,6,22,0,28,0,33,46,0,79,14,0,14,93
11/30/2020,EVV,IN,AGL,CE,Combined TRACON& Tower with Radar,2,23,3,0,28,0,0,1,0,1,2,23,4,0,29,0,0,0,29
12/01/2020,EVV,IN,AGL,CE,Combined TRACON& Tower with Radar,0,32,18,4,54,0,6,20,0,26,0,38,38,4,80,18,10,28,108
12/02/2020,EVV,IN,AGL,CE,Combined TRACON& Tower with Radar,0,26,18,0,44,0,5,26,0,31,0,31,44,0,75,83,0,83,158
12/03/2020,EVV,IN,AGL,CE,Combined TRACON& Tower with Radar,6,29,10,0,45,0,5,13,0,18,6,34,23,0,63,39,0,39,102
12/04/2020,EVV,IN,AGL,CE,Combined TRACON& Tower with Radar,0,28,13,28,69,0,5,1,2,8,0,33,14,30,77,16,0,16,93
12/05/2020,EVV,IN,AGL,CE,Combined TRACON& Tower with Radar,0,21,31,1,53,0,9,30,1,40,0,30,61,2,93,33,0,33,126
12/06/2020,EVV,IN,AGL,CE,Combined TRACON& Tower with Radar,2,25,15,0,42,0,0,22,0,22,2,25,37,0,64,5,0,5,69
12/07/2020,EVV,IN,AGL,CE,Combined TRACON& Tower with Radar,2,20,8,3,33,0,2,13,1,16,2,22,21,4,49,8,0,8,57
12/08/2020,EVV,IN,AGL,CE,Combined TRACON& Tower with Radar,0,23,15,0,38,0,4,12,0,16,0,27,27,0,54,24,0,24,78
12/09/2020,EVV,IN,AGL,CE,Combined TRACON& Tower with Radar,0,23,14,0,37,0,16,31,0,47,0,39,45,0,84,0,0,0,84
12/10/2020,EVV,IN,AGL,CE,Combined TRACON& Tower with Radar,2,29,16,0,47,0,4,33,1,38,2,33,49,1,85,41,0,41,126
12/11/2020,EVV,IN,AGL,CE,Combined TRACON& Tower with Radar,2,34,14,0,50,0,9,18,0,27,2,43,32,0,77,0,0,0,77
12/12/2020,EVV,IN,AGL,CE,Combined TRACON& Tower with Radar,0,18,6,0,24,0,1,2,0,3,0,19,8,0,27,0,0,0,27
12/13/2020,EVV,IN,AGL,CE,Combined TRACON& Tower with Radar,2,19,21,0,42,0,0,1,0,1,2,19,22,0,43,15,0,15,58
12/14/2020,EVV,IN,AGL,CE,Combined TRACON& Tower with Radar,0,21,7,0,28,0,1,12,0,13,0,22,19,0,41,2,0,2,43
12/15/2020,EVV,IN,AGL,CE,Combined TRACON& Tower with Radar,0,22,7,6,35,0,6,26,0,32,0,28,33,6,67,4,0,4,71
12/16/2020,EVV,IN,AGL,CE,Combined TRACON& Tower with Radar,0,25,5,0,30,0,1,0,0,1,0,26,5,0,31,0,0,0,31
12/17/2020,EVV,IN,AGL,CE,Combined TRACON& Tower with Radar,0,27,18,0,45,0,6,4,2,12,0,33,22,2,57,46,0,46,103
12/18/2020,EVV,IN,AGL,CE,Combined TRACON& Tower with Radar,0,22,25,0,47,0,8,32,3,43,0,30,57,3,90,4,0,4,94
12/19/2020,EVV,IN,AGL,CE,Combined TRACON& Tower with Radar,2,20,9,0,31,0,1,4,0,5,2,21,13,0,36,4,0,4,40
12/20/2020,EVV,IN,AGL,CE,Combined TRACON& Tower with Radar,0,21,8,0,29,0,3,9,0,12,0,24,17,0,41,0,0,0,41
12/21/2020,EVV,IN,AGL,CE,Combined TRACON& Tower with Radar,2,25,14,0,41,0,0,7,0,7,2,25,21,0,48,10,0,10,58
12/22/2020,EVV,IN,AGL,CE,Combined TRACON& Tower with Radar,0,27,19,4,50,0,3,20,0,23,0,30,39,4,73,0,0,0,73
12/23/2020,EVV,IN,AGL,CE,Combined TRACON& Tower with Radar,4,23,2,0,29,0,0,0,0,0,4,23,2,0,29,0,0,0,29
12/24/2020,EVV,IN,AGL,CE,Combined TRACON& Tower with Radar,0,16,1,0,17,0,0,4,0,4,0,16,5,0,21,9,0,9,30
12/25/2020,EVV,IN,AGL,CE,Combined TRACON& Tower with Radar,0,14,4,0,18,0,0,2,0,2,0,14,6,0,20,0,0,0,20
12/26/2020,EVV,IN,AGL,CE,Combined TRACON& Tower with Radar,2,22,16,0,40,0,2,38,0,40,2,24,54,0,80,0,0,0,80
12/27/2020,EVV,IN,AGL,CE,Combined TRACON& Tower with Radar,0,24,3,0,27,0,1,14,1,16,0,25,17,1,43,0,0,0,43
12/28/2020,EVV,IN,AGL,CE,Combined TRACON& Tower with Radar,2,22,12,1,37,0,1,9,0,10,2,23,21,1,47,0,0,0,47
12/29/2020,EVV,IN,AGL,CE,Combined TRACON& Tower with Radar,0,23,10,0,33,0,2,7,0,9,0,25,17,0,42,11,0,11,53
12/30/2020,EVV,IN,AGL,CE,Combined TRACON& Tower with Radar,2,22,4,0,28,0,1,0,0,1,2,23,4,0,29,0,0,0,29
12/31/2020,EVV,IN,AGL,CE,Combined TRACON& Tower with Radar,0,13,13,0,26,0,4,3,0,7,0,17,16,0,33,0,0,0,33
01/01/2021,EVV,IN,AGL,CE,Combined TRACON& Tower with Radar,0,15,3,0,18,0,1,0,0,1,0,16,3,0,19,0,0,0,19
01/02/2021,EVV,IN,AGL,CE,Combined TRACON& Tower with Radar,2,24,10,0,36,0,1,2,0,3,2,25,12,0,39,0,0,0,39
01/03/2021,EVV,IN,AGL,CE,Combined TRACON& Tower with Radar,0,25,16,0,41,0,0,13,0,13,0,25,29,0,54,0,0,0,54
01/04/2021,EVV,IN,AGL,CE,Combined TRACON& Tower with Radar,0,24,12,0,36,0,10,14,0,24,0,34,26,0,60,18,0,18,78
01/05/2021,EVV,IN,AGL,CE,Combined TRACON& Tower with Radar,1,17,18,0,36,0,3,8,2,13,1,20,26,2,49,0,0,0,49
01/06/2021,EVV,IN,AGL,CE,Combined TRACON& Tower with Radar,1,26,19,0,46,0,5,10,0,15,1,31,29,0,61,24,0,24,85
01/07/2021,EVV,IN,AGL,CE,Combined TRACON& Tower with Radar,4,27,20,6,57,0,3,15,0,18,4,30,35,6,75,32,5,37,112
01/08/2021,EVV,IN,AGL,CE,Combined TRACON& Tower with Radar,3,18,8,0,29,0,0,9,0,9,3,18,17,0,38,16,0,16,54
01/09/2021,EVV,IN,AGL,CE,Combined TRACON& Tower with Radar,1,15,13,0,29,0,0,7,0,7,1,15,20,0,36,48,0,48,84
01/10/2021,EVV,IN,AGL,CE,Combined TRACON& Tower with Radar,4,18,8,0,30,0,1,2,0,3,4,19,10,0,33,0,0,0,33
01/11/2021,EVV,IN,AGL,CE,Combined TRACON& Tower with Radar,2,17,15,4,38,0,0,4,1,5,2,17,19,5,43,0,0,0,43
01/12/2021,EVV,IN,AGL,CE,Combined TRACON& Tower with Radar,0,23,19,0,42,0,6,6,0,12,0,29,25,0,54,31,0,31,85
01/13/2021,EVV,IN,AGL,CE,Combined TRACON& Tower with Radar,0,17,20,0,37,0,6,33,1,40,0,23,53,1,77,53,0,53,130
01/14/2021,EVV,IN,AGL,CE,Combined TRACON& Tower with Radar,4,19,11,0,34,0,0,6,2,8,4,19,17,2,42,12,0,12,54
01/15/2021,EVV,IN,AGL,CE,Combined TRACON& Tower with Radar,2,19,16,0,37,0,1,6,0,7,2,20,22,0,44,21,0,21,65
01/16/2021,EVV,IN,AGL,CE,Combined TRACON& Tower with Radar,0,17,3,0,20,0,1,0,0,1,0,18,3,0,21,0,0,0,21
01/17/2021,EVV,IN,AGL,CE,Combined TRACON& Tower with Radar,4,16,6,0,26,0,1,1,0,2,4,17,7,0,28,6,0,6,34
01/18/2021,EVV,IN,AGL,CE,Combined TRACON& Tower with Radar,2,19,13,0,34,0,3,6,0,9,2,22,19,0,43,45,0,45,88
01/19/2021,EVV,IN,AGL,CE,Combined TRACON& Tower with Radar,0,19,18,16,53,0,2,20,0,22,0,21,38,16,75,23,0,23,98
01/20/2021,EVV,IN,AGL,CE,Combined TRACON& Tower with Radar,0,21,19,1,41,0,2,24,2,28,0,23,43,3,69,14,0,14,83
01/21/2021,EVV,IN,AGL,CE,Combined TRACON& Tower with Radar,6,28,12,2,48,0,10,19,0,29,6,38,31,2,77,75,0,75,152
01/22/2021,EVV,IN,AGL,CE,Combined TRACON& Tower with Radar,4,23,23,22,72,0,12,20,1,33,4,35,43,23,105,66,2,68,173
01/23/2021,EVV,IN,AGL,CE,Combined TRACON& Tower with Radar,0,24,14,0,38,0,8,31,0,39,0,32,45,0,77,64,0,64,141
01/24/2021,EVV,IN,AGL,CE,Combined TRACON& Tower with Radar,4,15,6,0,25,0,0,0,0,0,4,15,6,0,25,0,0,0,25
01/25/2021,EVV,IN,AGL,CE,Combined TRACON& Tower with Radar,2,17,5,0,24,0,0,0,0,0,2,17,5,0,24,0,0,0,24
01/26/2021,EVV,IN,AGL,CE,Combined TRACON& Tower with Radar,0,22,19,2,43,0,1,4,0,5,0,23,23,2,48,2,0,2,50
01/27/2021,EVV,IN,AGL,CE,Combined TRACON& Tower with Radar,2,19,9,0,30,0,4,2,0,6,2,23,11,0,36,0,0,0,36
01/28/2021,EVV,IN,AGL,CE,Combined TRACON& Tower with Radar,4,18,25,16,63,0,8,16,0,24,4,26,41,16,87,16,38,54,141
01/29/2021,EVV,IN,AGL,CE,Combined TRACON& Tower with Radar,4,18,25,0,47,0,13,20,0,33,4,31,45,0,80,30,0,30,110
01/30/2021,EVV,IN,AGL,CE,Combined TRACON& Tower with Radar,0,20,6,0,26,0,0,2,1,3,0,20,8,1,29,0,0,0,29
01/31/2021,EVV,IN,AGL,CE,Combined TRACON& Tower with Radar,4,16,3,0,23,0,1,0,0,1,4,17,3,0,24,0,0,0,24
02/01/2021,EVV,IN,AGL,CE,Combined TRACON& Tower with Radar,2,21,9,0,32,0,3,3,0,6,2,24,12,0,38,0,0,0,38
02/02/2021,EVV,IN,AGL,CE,Combined TRACON& Tower with Radar,2,15,24,0,41,0,1,13,2,16,2,16,37,2,57,20,0,20,77
02/03/2021,EVV,IN,AGL,CE,Combined TRACON& Tower with Radar,2,33,21,6,62,0,11,27,0,38,2,44,48,6,100,76,7,83,183
02/04/2021,EVV,IN,AGL,CE,Combined TRACON& Tower with Radar,4,19,6,0,29,0,2,0,0,2,4,21,6,0,31,10,0,10,41
02/05/2021,EVV,IN,AGL,CE,Combined TRACON& Tower with Radar,2,17,13,0,32,0,8,6,0,14,2,25,19,0,46,9,0,9,55
02/06/2021,EVV,IN,AGL,CE,Combined TRACON& Tower with Radar,2,17,11,0,30,0,2,32,0,34,2,19,43,0,64,39,0,39,103
02/07/2021,EVV,IN,AGL,CE,Combined TRACON& Tower with Radar,4,14,4,4,26,0,7,10,2,19,4,21,14,6,45,2,0,2,47
02/08/2021,EVV,IN,AGL,CE,Combined TRACON& Tower with Radar,2,16,10,2,30,0,1,9,0,10,2,17,19,2,40,0,0,0,40
02/09/2021,EVV,IN,AGL,CE,Combined TRACON& Tower with Radar,4,19,8,2,33,0,0,0,0,0,4,19,8,2,33,0,0,0,33
02/10/2021,EVV,IN,AGL,CE,Combined TRACON& Tower with Radar,2,11,1,0,14,0,0,0,0,0,2,11,1,0,14,0,0,0,14
02/11/2021,EVV,IN,AGL,CE,Combined TRACON& Tower with Radar,6,9,15,0,30,0,1,3,0,4,6,10,18,0,34,0,0,0,34
02/12/2021,EVV,IN,AGL,CE,Combined TRACON& Tower with Radar,2,20,11,10,43,0,2,6,0,8,2,22,17,10,51,16,12,28,79
02/13/2021,EVV,IN,AGL,CE,Combined TRACON& Tower with Radar,5,18,8,0,31,0,0,3,0,3,5,18,11,0,34,37,0,37,71
02/14/2021,EVV,IN,AGL,CE,Combined TRACON& Tower with Radar,4,13,10,0,27,0,1,2,0,3,4,14,12,0,30,0,0,0,30
02/15/2021,EVV,IN,AGL,CE,Combined TRACON& Tower with Radar,0,9,1,0,10,0,0,0,0,0,0,9,1,0,10,0,0,0,10
02/16/2021,EVV,IN,AGL,CE,Combined TRACON& Tower with Radar,2,14,1,0,17,0,1,4,0,5,2,15,5,0,22,0,0,0,22
02/17/2021,EVV,IN,AGL,CE,Combined TRACON& Tower with Radar,2,15,12,0,29,0,6,6,0,12,2,21,18,0,41,0,0,0,41
02/18/2021,EVV,IN,AGL,CE,Combined TRACON& Tower with Radar,4,18,4,0,26,0,1,0,0,1,4,19,4,0,27,0,0,0,27
02/19/2021,EVV,IN,AGL,CE,Combined TRACON& Tower with Radar,2,22,2,0,26,0,7,7,0,14,2,29,9,0,40,22,0,22,62
02/20/2021,EVV,IN,AGL,CE,Combined TRACON& Tower with Radar,2,24,19,0,45,0,7,21,2,30,2,31,40,2,75,69,0,69,144
02/21/2021,EVV,IN,AGL,CE,Combined TRACON& Tower with Radar,4,21,9,0,34,0,2,9,1,12,4,23,18,1,46,52,0,52,98
02/22/2021,EVV,IN,AGL,CE,Combined TRACON& Tower with Radar,2,23,11,18,54,0,10,8,0,18,2,33,19,18,72,19,42,61,133
02/23/2021,EVV,IN,AGL,CE,Combined TRACON& Tower with Radar,2,23,22,0,47,0,2,35,0,37,2,25,57,0,84,76,0,76,160
02/24/2021,EVV,IN,AGL,CE,Combined TRACON& Tower with Radar,2,21,23,2,48,0,8,23,0,31,2,29,46,2,79,6,0,6,85
02/25/2021,EVV,IN,AGL,CE,Combined TRACON& Tower with Radar,4,24,14,0,42,0,18,5,2,25,4,42,19,2,67,45,0,45,112
02/26/2021,EVV,IN,AGL,CE,Combined TRACON& Tower with Radar,2,23,25,0,50,0,2,11,0,13,2,25,36,0,63,20,0,20,83
02/27/2021,EVV,IN,AGL,CE,Combined TRACON& Tower with Radar,2,16,17,0,35,0,2,10,0,12,2,18,27,0,47,37,0,37,84
02/28/2021,EVV,IN,AGL,CE,Combined TRACON& Tower with Radar,4,14,5,0,23,0,4,0,0,4,4,18,5,0,27,0,0,0,27
03/01/2021,EVV,IN,AGL,CE,Combined TRACON& Tower with Radar,2,24,27,9,62,0,20,28,0,48,2,44,55,9,110,33,4,37,147
03/02/2021,EVV,IN,AGL,CE,Combined TRACON& Tower with Radar,1,23,11,0,35,0,7,13,0,20,1,30,24,0,55,62,0,62,117
03/03/2021,EVV,IN,AGL,CE,Combined TRACON& Tower with Radar,2,25,16,0,43,0,8,19,0,27,2,33,35,0,70,55,0,55,125
03/04/2021,EVV,IN,AGL,CE,Combined TRACON& Tower with Radar,4,32,29,0,65,0,13,26,0,39,4,45,55,0,104,96,0,96,200
03/05/2021,EVV,IN,AGL,CE,Combined TRACON& Tower with Radar,2,20,17,44,83,0,2,9,1,12,2,22,26,45,95,34,28,62,157
03/06/2021,EVV,IN,AGL,CE,Combined TRACON& Tower with Radar,2,19,10,6,37,0,6,52,2,60,2,25,62,8,97,75,15,90,187
03/07/2021,EVV,IN,AGL,CE,Combined TRACON& Tower with Radar,4,16,11,0,31,0,4,29,2,35,4,20,40,2,66,4,0,4,70
03/08/2021,EVV,IN,AGL,CE,Combined TRACON& Tower with Radar,2,18,14,1,35,0,12,24,1,37,2,30,38,2,72,0,0,0,72
03/09/2021,EVV,IN,AGL,CE,Combined TRACON& Tower with Radar,4,16,21,0,41,0,5,24,0,29,4,21,45,0,70,17,0,17,87
03/10/2021,EVV,IN,AGL,CE,Combined TRACON& Tower with Radar,2,18,14,0,34,0,2,1,0,3,2,20,15,0,37,0,0,0,37
03/11/2021,EVV,IN,AGL,CE,Combined TRACON& Tower with Radar,4,19,6,0,29,0,3,1,0,4,4,22,7,0,33,0,0,0,33
03/12/2021,EVV,IN,AGL,CE,Combined TRACON& Tower with Radar,3,21,14,0,38,0,3,7,0,10,3,24,21,0,48,0,0,0,48
03/13/2021,EVV,IN,AGL,CE,Combined TRACON& Tower with Radar,3,20,17,4,44,0,0,14,0,14,3,20,31,4,58,28,0,28,86
03/14/2021,EVV,IN,AGL,CE,Combined TRACON& Tower with Radar,4,18,10,0,32,0,2,6,0,8,4,20,16,0,40,12,0,12,52
03/15/2021,EVV,IN,AGL,CE,Combined TRACON& Tower with Radar,2,22,11,0,35,0,2,0,0,2,2,24,11,0,37,0,0,0,37
03/16/2021,EVV,IN,AGL,CE,Combined TRACON& Tower with Radar,2,18,21,0,41,0,2,6,0,8,2,20,27,0,49,0,0,0,49
03/17/2021,EVV,IN,AGL,CE,Combined TRACON& Tower with Radar,2,15,17,0,34,0,0,3,0,3,2,15,20,0,37,0,0,0,37
03/18/2021,EVV,IN,AGL,CE,Combined TRACON& Tower with Radar,4,16,10,2,32,0,1,0,0,1,4,17,10,2,33,0,0,0,33
03/19/2021,EVV,IN,AGL,CE,Combined TRACON& Tower with Radar,2,24,12,0,38,0,7,7,2,16,2,31,19,2,54,0,0,0,54
03/20/2021,EVV,IN,AGL,CE,Combined TRACON& Tower with Radar,2,21,23,8,54,0,14,28,4,46,2,35,51,12,100,25,0,25,125
03/21/2021,EVV,IN,AGL,CE,Combined TRACON& Tower with Radar,4,19,11,0,34,0,9,24,0,33,4,28,35,0,67,24,0,24,91
03/22/2021,EVV,IN,AGL,CE,Combined TRACON& Tower with Radar,2,18,13,14,47,0,3,18,0,21,2,21,31,14,68,10,0,10,78
03/23/2021,EVV,IN,AGL,CE,Combined TRACON& Tower with Radar,4,15,4,2,25,0,1,3,0,4,4,16,7,2,29,4,0,4,33
03/24/2021,EVV,IN,AGL,CE,Combined TRACON& Tower with Radar,2,24,7,4,37,0,9,6,0,15,2,33,13,4,52,0,0,0,52
03/25/2021,EVV,IN,AGL,CE,Combined TRACON& Tower with Radar,4,19,4,0,27,0,2,0,0,2,4,21,4,0,29,0,0,0,29
03/26/2021,EVV,IN,AGL,CE,Combined TRACON& Tower with Radar,2,31,33,0,66,0,2,9,0,11,2,33,42,0,77,0,0,0,77
03/27/2021,EVV,IN,AGL,CE,Combined TRACON& Tower with Radar,3,23,26,0,52,0,13,33,0,46,3,36,59,0,98,12,0,12,110
03/28/2021,EVV,IN,AGL,CE,Combined TRACON& Tower with Radar,5,20,12,0,37,0,0,6,0,6,5,20,18,0,43,20,0,20,63
03/29/2021,EVV,IN,AGL,CE,Combined TRACON& Tower with Radar,2,22,6,0,30,0,16,28,6,50,2,38,34,6,80,2,0,2,82
03/30/2021,EVV,IN,AGL,CE,Combined TRACON& Tower with Radar,4,21,8,8,41,0,8,4,2,14,4,29,12,10,55,18,16,34,89
03/31/2021,EVV,IN,AGL,CE,Combined TRACON& Tower with Radar,2,24,20,26,72,0,8,6,0,14,2,32,26,26,86,10,8,18,104
04/01/2021,EVV,IN,AGL,CE,Combined TRACON& Tower with Radar,4,28,22,2,56,0,19,15,0,34,4,47,37,2,90,64,6,70,160
04/02/2021,EVV,IN,AGL,CE,Combined TRACON& Tower with Radar,2,21,15,0,38,0,12,42,0,54,2,33,57,0,92,109,0,109,201
04/03/2021,EVV,IN,AGL,CE,Combined TRACON& Tower with Radar,2,19,12,0,33,0,12,27,0,39,2,31,39,0,72,53,0,53,125
04/04/2021,EVV,IN,AGL,CE,Combined TRACON& Tower with Radar,4,16,8,0,28,0,6,11,0,17,4,22,19,0,45,0,0,0,45
04/05/2021,EVV,IN,AGL,CE,Combined TRACON& Tower with Radar,2,18,27,19,66,0,8,23,0,31,2,26,50,19,97,48,38,86,183
04/06/2021,EVV,IN,AGL,CE,Combined TRACON& Tower with Radar,2,15,11,0,28,0,10,17,1,28,2,25,28,1,56,44,0,44,100
04/07/2021,EVV,IN,AGL,CE,Combined TRACON& Tower with Radar,2,16,17,11,46,0,7,12,0,19,2,23,29,11,65,12,18,30,95
04/08/2021,EVV,IN,AGL,CE,Combined TRACON& Tower with Radar,4,30,13,1,48,0,9,4,1,14,4,39,17,2,62,82,0,82,144
04/09/2021,EVV,IN,AGL,CE,Combined TRACON& Tower with Radar,2,19,17,9,47,0,6,14,0,20,2,25,31,9,67,30,2,32,99
04/10/2021,EVV,IN,AGL,CE,Combined TRACON& Tower with Radar,2,22,14,0,38,0,0,4,0,4,2,22,18,0,42,25,0,25,67
04/11/2021,EVV,IN,AGL,CE,Combined TRACON& Tower with Radar,4,22,8,0,34,0,4,5,0,9,4,26,13,0,43,0,0,0,43
04/12/2021,EVV,IN,AGL,CE,Combined TRACON& Tower with Radar,2,23,35,13,73,0,13,25,3,41,2,36,60,16,114,26,0,26,140
04/13/2021,EVV,IN,AGL,CE,Combined TRACON& Tower with Radar,2,33,17,9,61,0,7,15,2,24,2,40,32,11,85,76,20,96,181
04/14/2021,EVV,IN,AGL,CE,Combined TRACON& Tower with Radar,2,26,27,42,97,0,10,21,0,31,2,36,48,42,128,24,16,40,168
04/15/2021,EVV,IN,AGL,CE,Combined TRACON& Tower with Radar,4,27,28,10,69,0,14,23,6,43,4,41,51,16,112,58,0,58,170
04/16/2021,EVV,IN,AGL,CE,Combined TRACON& Tower with Radar,2,30,12,4,48,0,19,25,0,44,2,49,37,4,92,48,6,54,146
04/17/2021,EVV,IN,AGL,CE,Combined TRACON& Tower with Radar,2,20,18,4,44,0,0,19,0,19,2,20,37,4,63,38,20,58,121
04/18/2021,EVV,IN,AGL,CE,Combined TRACON& Tower with Radar,4,24,6,0,34,0,4,12,0,16,4,28,18,0,50,45,0,45,95
04/19/2021,EVV,IN,AGL,CE,Combined TRACON& Tower with Radar,2,28,5,8,43,0,8,13,0,21,2,36,18,8,64,21,27,48,112
04/20/2021,EVV,IN,AGL,CE,Combined TRACON& Tower with Radar,2,23,17,2,44,0,1,12,0,13,2,24,29,2,57,49,0,49,106
04/21/2021,EVV,IN,AGL,CE,Combined TRACON& Tower with Radar,2,21,12,1,36,0,2,14,1,17,2,23,26,2,53,12,0,12,65
04/22/2021,EVV,IN,AGL,CE,Combined TRACON& Tower with Radar,4,23,17,3,47,0,6,23,0,29,4,29,40,3,76,31,6,37,113
04/23/2021,EVV,IN,AGL,CE,Combined TRACON& Tower with Radar,2,32,23,18,75,0,9,13,0,22,2,41,36,18,97,6,12,18,115
04/24/2021,EVV,IN,AGL,CE,Combined TRACON& Tower with Radar,2,18,10,0,30,0,4,4,0,8,2,22,14,0,38,0,0,0,38
04/25/2021,EVV,IN,AGL,CE,Combined TRACON& Tower with Radar,4,22,11,12,49,0,2,28,0,30,4,24,39,12,79,86,0,86,165
04/26/2021,EVV,IN,AGL,CE,Combined TRACON& Tower with Radar,1,25,25,0,51,0,12,13,0,25,1,37,38,0,76,48,0,48,124
04/27/2021,EVV,IN,AGL,CE,Combined TRACON& Tower with Radar,1,22,12,0,35,0,1,13,0,14,1,23,25,0,49,30,0,30,79
04/28/2021,EVV,IN,AGL,CE,Combined TRACON& Tower with Radar,2,27,10,0,39,0,4,6,0,10,2,31,16,0,49,0,0,0,49
04/29/2021,EVV,IN,AGL,CE,Combined TRACON& Tower with Radar,3,29,18,1,51,0,6,1,0,7,3,35,19,1,58,18,0,18,76
04/30/2021,EVV,IN,AGL,CE,Combined TRACON& Tower with Radar,1,35,12,6,54,0,6,12,0,18,1,41,24,6,72,34,12,46,118
05/01/2021,EVV,IN,AGL,CE,Combined TRACON& Tower with Radar,2,20,23,0,45,0,10,20,0,30,2,30,43,0,75,50,0,50,125
05/02/2021,EVV,IN,AGL,CE,Combined TRACON& Tower with Radar,4,19,11,2,36,0,3,10,0,13,4,22,21,2,49,20,0,20,69
05/03/2021,EVV,IN,AGL,CE,Combined TRACON& Tower with Radar,1,22,15,12,50,0,5,5,0,10,1,27,20,12,60,4,24,28,88
05/04/2021,EVV,IN,AGL,CE,Combined TRACON& Tower with Radar,1,27,15,0,43,0,1,0,0,1,1,28,15,0,44,13,0,13,57
05/05/2021,EVV,IN,AGL,CE,Combined TRACON& Tower with Radar,1,26,26,0,53,0,14,19,0,33,1,40,45,0,86,20,0,20,106
05/06/2021,EVV,IN,AGL,CE,Combined TRACON& Tower with Radar,5,33,20,4,62,0,8,8,0,16,5,41,28,4,78,38,0,38,116
05/07/2021,EVV,IN,AGL,CE,Combined TRACON& Tower with Radar,4,27,27,0,58,0,1,48,3,52,4,28,75,3,110,60,1,61,171
05/08/2021,EVV,IN,AGL,CE,Combined TRACON& Tower with Radar,4,23,11,0,38,0,6,37,0,43,4,29,48,0,81,52,0,52,133
05/09/2021,EVV,IN,AGL,CE,Combined TRACON& Tower with Radar,6,24,3,0,33,0,4,0,0,4,6,28,3,0,37,0,0,0,37
05/10/2021,EVV,IN,AGL,CE,Combined TRACON& Tower with Radar,3,23,21,26,73,0,4,18,0,22,3,27,39,26,95,86,16,102,197
05/11/2021,EVV,IN,AGL,CE,Combined TRACON& Tower with Radar,2,31,45,6,84,0,5,17,0,22,2,36,62,6,106,64,20,84,190
05/12/2021,EVV,IN,AGL,CE,Combined TRACON& Tower with Radar,5,36,51,33,125,0,8,22,3,33,5,44,73,36,158,16,26,42,200
05/13/2021,EVV,IN,AGL,CE,Combined TRACON& Tower with Radar,8,26,39,2,75,0,5,23,3,31,8,31,62,5,106,75,6,81,187
05/14/2021,EVV,IN,AGL,CE,Combined TRACON& Tower with Radar,4,34,34,14,86,0,4,32,0,36,4,38,66,14,122,71,0,71,193
05/15/2021,EVV,IN,AGL,CE,Combined TRACON& Tower with Radar,4,20,15,0,39,0,4,26,0,30,4,24,41,0,69,46,0,46,115
05/16/2021,EVV,IN,AGL,CE,Combined TRACON& Tower with Radar,8,24,14,21,67,0,4,10,0,14,8,28,24,21,81,20,14,34,115
05/17/2021,EVV,IN,AGL,CE,Combined TRACON& Tower with Radar,4,29,19,0,52,0,5,19,0,24,4,34,38,0,76,31,0,31,107
05/18/2021,EVV,IN,AGL,CE,Combined TRACON& Tower with Radar,2,31,29,6,68,0,3,6,0,9,2,34,35,6,77,21,6,27,104
05/19/2021,EVV,IN,AGL,CE,Combined TRACON& Tower with Radar,4,24,23,19,70,0,5,17,2,24,4,29,40,21,94,36,30,66,160
05/20/2021,EVV,IN,AGL,CE,Combined TRACON& Tower with Radar,6,26,10,40,82,0,3,25,0,28,6,29,35,40,110,36,34,70,180
05/21/2021,EVV,IN,AGL,CE,Combined TRACON& Tower with Radar,3,22,28,0,53,0,9,27,0,36,3,31,55,0,89,78,0,78,167
05/22/2021,EVV,IN,AGL,CE,Combined TRACON& Tower with Radar,4,21,8,2,35,0,2,37,0,39,4,23,45,2,74,48,0,48,122
05/23/2021,EVV,IN,AGL,CE,Combined TRACON& Tower with Radar,6,25,9,0,40,0,8,21,0,29,6,33,30,0,69,0,0,0,69
05/24/2021,EVV,IN,AGL,CE,Combined TRACON& Tower with Radar,3,23,19,0,45,0,2,27,2,31,3,25,46,2,76,48,0,48,124
05/25/2021,EVV,IN,AGL,CE,Combined TRACON& Tower with Radar,4,27,13,2,46,0,5,22,0,27,4,32,35,2,73,82,0,82,155
05/26/2021,EVV,IN,AGL,CE,Combined TRACON& Tower with Radar,5,25,25,2,57,0,0,3,1,4,5,25,28,3,61,12,0,12,73
05/27/2021,EVV,IN,AGL,CE,Combined TRACON& Tower with Radar,8,27,35,12,82,0,2,11,0,13,8,29,46,12,95,24,6,30,125
05/28/2021,EVV,IN,AGL,CE,Combined TRACON& Tower with Radar,4,29,34,0,67,0,0,1,0,1,4,29,35,0,68,16,0,16,84
05/29/2021,EVV,IN,AGL,CE,Combined TRACON& Tower with Radar,5,20,9,0,34,0,3,51,0,54,5,23,60,0,88,6,0,6,94
05/30/2021,EVV,IN,AGL,CE,Combined TRACON& Tower with Radar,6,25,11,0,42,0,2,31,0,33,6,27,42,0,75,32,0,32,107
05/31/2021,EVV,IN,AGL,CE,Combined TRACON& Tower with Radar,2,22,17,0,41,0,0,24,0,24,2,22,41,0,65,14,0,14,79
06/01/2021,EVV,IN,AGL,CE,Combined TRACON& Tower with Radar,4,27,20,7,58,0,3,11,0,14,4,30,31,7,72,36,16,52,124
06/02/2021,EVV,IN,AGL,CE,Combined TRACON& Tower with Radar,4,24,19,0,47,0,0,0,0,0,4,24,19,0,47,0,0,0,47
06/03/2021,EVV,IN,AGL,CE,Combined TRACON& Tower with Radar,7,24,22,0,53,0,5,2,0,7,7,29,24,0,60,30,0,30,90
06/04/2021,EVV,IN,AGL,CE,Combined TRACON& Tower with Radar,3,23,27,0,53,0,4,34,0,38,3,27,61,0,91,65,0,65,156
06/05/2021,EVV,IN,AGL,CE,Combined TRACON& Tower with Radar,4,22,12,14,52,0,3,41,2,46,4,25,53,16,98,34,4,38,136
06/06/2021,EVV,IN,AGL,CE,Combined TRACON& Tower with Radar,8,23,17,15,63,0,0,2,4,6,8,23,19,19,69,0,20,20,89
06/07/2021,EVV,IN,AGL,CE,Combined TRACON& Tower with Radar,3,27,12,0,42,0,4,9,0,13,3,31,21,0,55,0,0,0,55
06/08/2021,EVV,IN,AGL,CE,Combined TRACON& Tower with Radar,3,22,20,0,45,0,2,9,0,11,3,24,29,0,56,0,0,0,56
06/09/2021,EVV,IN,AGL,CE,Combined TRACON& Tower with Radar,4,27,29,6,66,0,3,7,0,10,4,30,36,6,76,25,0,25,101
06/10/2021,EVV,IN,AGL,CE,Combined TRACON& Tower with Radar,8,26,24,0,58,0,2,5,0,7,8,28,29,0,65,0,0,0,65
06/11/2021,EVV,IN,AGL,CE,Combined TRACON& Tower with Radar,3,26,43,0,72,0,3,21,0,24,3,29,64,0,96,16,0,16,112
06/12/2021,EVV,IN,AGL,CE,Combined TRACON& Tower with Radar,6,18,11,8,43,0,2,22,1,25,6,20,33,9,68,10,29,39,107
06/13/2021,EVV,IN,AGL,CE,Combined TRACON& Tower with Radar,8,18,18,0,44,0,4,37,0,41,8,22,55,0,85,0,0,0,85
06/14/2021,EVV,IN,AGL,CE,Combined TRACON& Tower with Radar,5,21,19,10,55,0,10,31,2,43,5,31,50,12,98,30,6,36,134
06/15/2021,EVV,IN,AGL,CE,Combined TRACON& Tower with Radar,2,18,19,23,62,0,15,22,3,40,2,33,41,26,102,12,0,12,114
06/16/2021,EVV,IN,AGL,CE,Combined TRACON& Tower with Radar,3,28,18,12,61,0,2,33,4,39,3,30,51,16,100,56,0,56,156
06/17/2021,EVV,IN,AGL,CE,Combined TRACON& Tower with Radar,7,29,18,2,56,0,11,29,1,41,7,40,47,3,97,31,0,31,128
06/18/2021,EVV,IN,AGL,CE,Combined TRACON& Tower with Radar,5,25,19,9,58,0,2,26,2,30,5,27,45,11,88,30,8,38,126
06/19/2021,EVV,IN,AGL,CE,Combined TRACON& Tower with Radar,4,20,15,0,39,0,10,12,0,22,4,30,27,0,61,12,0,12,73
06/20/2021,EVV,IN,AGL,CE,Combined TRACON& Tower with Radar,7,18,18,0,43,0,2,20,0,22,7,20,38,0,65,0,0,0,65
06/21/2021,EVV,IN,AGL,CE,Combined TRACON& Tower with Radar,3,23,17,0,43,0,3,4,0,7,3,26,21,0,50,28,0,28,78
06/22/2021,EVV,IN,AGL,CE,Combined TRACON& Tower with Radar,3,31,30,14,78,0,2,50,0,52,3,33,80,14,130,52,8,60,190
06/23/2021,EVV,IN,AGL,CE,Combined TRACON& Tower with Radar,4,25,36,0,65,0,11,43,3,57,4,36,79,3,122,38,0,38,160
06/24/2021,EVV,IN,AGL,CE,Combined TRACON& Tower with Radar,12,21,32,20,85,0,7,19,3,29,12,28,51,23,114,41,16,57,171
06/25/2021,EVV,IN,AGL,CE,Combined TRACON& Tower with Radar,3,27,24,0,54,0,0,8,0,8,3,27,32,0,62,36,0,36,98
06/26/2021,EVV,IN,AGL,CE,Combined TRACON& Tower with Radar,4,26,11,0,41,0,6,16,5,27,4,32,27,5,68,12,0,12,80
06/27/2021,EVV,IN,AGL,CE,Combined TRACON& Tower with Radar,9,20,12,0,41,0,4,14,1,19,9,24,26,1,60,4,0,4,64
06/28/2021,EVV,IN,AGL,CE,Combined TRACON& Tower with Radar,3,23,17,11,54,0,1,19,3,23,3,24,36,14,77,10,0,10,87
06/29/2021,EVV,IN,AGL,CE,Combined TRACON& Tower with Radar,3,23,15,10,51,0,6,22,6,34,3,29,37,16,85,29,10,39,124
06/30/2021,EVV,IN,AGL,CE,Combined TRACON& Tower with Radar,5,28,20,0,53,0,6,8,2,16,5,34,28,2,69,0,0,0,69
07/01/2021,EVV,IN,AGL,CE,Combined TRACON& Tower with Radar,7,30,13,0,50,0,2,0,0,2,7,32,13,0,52,0,0,0,52
07/02/2021,EVV,IN,AGL,CE,Combined TRACON& Tower with Radar,3,29,16,0,48,0,2,32,0,34,3,31,48,0,82,8,0,8,90
07/03/2021,EVV,IN,AGL,CE,Combined TRACON& Tower with Radar,4,21,6,0,31,0,0,29,0,29,4,21,35,0,60,12,0,12,72
07/04/2021,EVV,IN,AGL,CE,Combined TRACON& Tower with Radar,7,19,4,0,30,0,3,21,0,24,7,22,25,0,54,8,0,8,62
07/05/2021,EVV,IN,AGL,CE,Combined TRACON& Tower with Radar,3,22,12,0,37,0,0,28,0,28,3,22,40,0,65,49,0,49,114
07/06/2021,EVV,IN,AGL,CE,Combined TRACON& Tower with Radar,3,25,23,0,51,0,9,44,1,54,3,34,67,1,105,61,0,61,166
07/07/2021,EVV,IN,AGL,CE,Combined TRACON& Tower with Radar,3,25,24,0,52,0,4,79,5,88,3,29,103,5,140,18,0,18,158
07/08/2021,EVV,IN,AGL,CE,Combined TRACON& Tower with Radar,7,28,29,0,64,0,3,35,5,43,7,31,64,5,107,0,0,0,107
07/09/2021,EVV,IN,AGL,CE,Combined TRACON& Tower with Radar,5,28,36,1,70,0,1,49,3,53,5,29,85,4,123,83,0,83,206
07/10/2021,EVV,IN,AGL,CE,Combined TRACON& Tower with Radar,5,25,13,0,43,0,4,20,2,26,5,29,33,2,69,55,0,55,124
07/11/2021,EVV,IN,AGL,CE,Combined TRACON& Tower with Radar,5,25,19,0,49,0,4,11,4,19,5,29,30,4,68,0,0,0,68
07/12/2021,EVV,IN,AGL,CE,Combined TRACON& Tower with Radar,3,27,12,0,42,0,2,19,0,21,3,29,31,0,63,16,0,16,79
07/13/2021,EVV,IN,AGL,CE,Combined TRACON& Tower with Radar,3,28,23,9,63,0,0,45,1,46,3,28,68,10,109,28,0,28,137
07/14/2021,EVV,IN,AGL,CE,Combined TRACON& Tower with Radar,3,27,21,1,52,0,8,78,3,89,3,35,99,4,141,14,0,14,155
07/15/2021,EVV,IN,AGL,CE,Combined TRACON& Tower with Radar,6,19,11,0,36,0,8,32,0,40,6,27,43,0,76,16,0,16,92
07/16/2021,EVV,IN,AGL,CE,Combined TRACON& Tower with Radar,3,27,11,0,41,0,0,16,0,16,3,27,27,0,57,0,0,0,57
07/17/2021,EVV,IN,AGL,CE,Combined TRACON& Tower with Radar,4,22,18,0,44,0,7,48,0,55,4,29,66,0,99,23,0,23,122
07/18/2021,EVV,IN,AGL,CE,Combined TRACON& Tower with Radar,6,21,13,0,40,0,4,18,0,22,6,25,31,0,62,14,0,14,76
07/19/2021,EVV,IN,AGL,CE,Combined TRACON& Tower with Radar,5,22,30,43,100,0,2,27,1,30,5,24,57,44,130,16,88,104,234
07/20/2021,EVV,IN,AGL,CE,Combined TRACON& Tower with Radar,3,23,41,10,77,0,6,52,0,58,3,29,93,10,135,21,0,21,156
07/21/2021,EVV,IN,AGL,CE,Combined TRACON& Tower with Radar,4,28,24,1,57,0,8,50,3,61,4,36,74,4,118,3,0,3,121
07/22/2021,EVV,IN,AGL,CE,Combined TRACON& Tower with Radar,7,24,28,6,65,0,4,29,0,33,7,28,57,6,98,20,0,20,118
07/23/2021,EVV,IN,AGL,CE,Combined TRACON& Tower with Radar,4,30,29,22,85,0,11,42,2,55,4,41,71,24,140,32,10,42,182
07/24/2021,EVV,IN,AGL,CE,Combined TRACON& Tower with Radar,4,23,9,10,46,0,8,34,0,42,4,31,43,10,88,0,0,0,88
07/25/2021,EVV,IN,AGL,CE,Combined TRACON& Tower with Radar,6,21,14,0,41,0,6,11,0,17,6,27,25,0,58,0,0,0,58
07/26/2021,EVV,IN,AGL,CE,Combined TRACON& Tower with Radar,4,21,21,2,48,0,5,24,0,29,4,26,45,2,77,8,0,8,85
07/27/2021,EVV,IN,AGL,CE,Combined TRACON& Tower with Radar,3,28,16,32,79,0,10,12,4,26,3,38,28,36,105,0,0,0,105
07/28/2021,EVV,IN,AGL,CE,Combined TRACON& Tower with Radar,3,25,32,2,62,0,7,19,0,26,3,32,51,2,88,12,0,12,100
07/29/2021,EVV,IN,AGL,CE,Combined TRACON& Tower with Radar,7,27,34,0,68,0,1,15,0,16,7,28,49,0,84,0,0,0,84
07/30/2021,EVV,IN,AGL,CE,Combined TRACON& Tower with Radar,3,26,24,10,63,0,0,29,1,30,3,26,53,11,93,0,0,0,93
07/31/2021,EVV,IN,AGL,CE,Combined TRACON& Tower with Radar,4,19,15,0,38,0,2,11,0,13,4,21,26,0,51,6,0,6,57
08/01/2021,EVV,IN,AGL,CE,Combined TRACON& Tower with Radar,5,20,19,0,44,0,10,22,2,34,5,30,41,2,78,16,0,16,94
08/02/2021,EVV,IN,AGL,CE,Combined TRACON& Tower with Radar,3,22,23,0,48,0,4,19,2,25,3,26,42,2,73,0,0,0,73
08/03/2021,EVV,IN,AGL,CE,Combined TRACON& Tower with Radar,3,26,25,28,82,0,12,18,5,35,3,38,43,33,117,16,0,16,133
08/04/2021,EVV,IN,AGL,CE,Combined TRACON& Tower with Radar,3,35,22,12,72,0,6,31,4,41,3,41,53,16,113,0,0,0,113
08/05/2021,EVV,IN,AGL,CE,Combined TRACON& Tower with Radar,7,24,12,6,49,0,8,16,0,24,7,32,28,6,73,5,0,5,78
08/06/2021,EVV,IN,AGL,CE,Combined TRACON& Tower with Radar,4,23,18,43,88,0,5,27,3,35,4,28,45,46,123,4,20,24,147
08/07/2021,EVV,IN,AGL,CE,Combined TRACON& Tower with Radar,4,22,28,26,80,0,3,41,4,48,4,25,69,30,128,6,0,6,134
08/08/2021,EVV,IN,AGL,CE,Combined TRACON& Tower with Radar,5,21,16,6,48,0,2,24,0,26,5,23,40,6,74,34,0,34,108
08/09/2021,EVV,IN,AGL,CE,Combined TRACON& Tower with Radar,3,26,12,0,41,0,0,0,0,0,3,26,12,0,41,0,0,0,41
08/10/2021,EVV,IN,AGL,CE,Combined TRACON& Tower with Radar,4,21,23,2,50,0,3,23,0,26,4,24,46,2,76,0,0,0,76
08/11/2021,EVV,IN,AGL,CE,Combined TRACON& Tower with Radar,3,25,24,6,58,0,1,12,1,14,3,26,36,7,72,29,11,40,112
08/12/2021,EVV,IN,AGL,CE,Combined TRACON& Tower with Radar,9,23,22,16,70,0,5,21,3,29,9,28,43,19,99,5,6,11,110
08/13/2021,EVV,IN,AGL,CE,Combined TRACON& Tower with Radar,5,25,11,16,57,0,3,11,0,14,5,28,22,16,71,8,12,20,91
08/14/2021,EVV,IN,AGL,CE,Combined TRACON& Tower with Radar,2,22,18,0,42,0,2,14,2,18,2,24,32,2,60,17,0,17,77
08/15/2021,EVV,IN,AGL,CE,Combined TRACON& Tower with Radar,5,26,32,0,63,0,0,12,0,12,5,26,44,0,75,66,0,66,141
08/16/2021,EVV,IN,AGL,CE,Combined TRACON& Tower with Radar,4,23,14,8,49,0,6,13,0,19,4,29,27,8,68,69,0,69,137
08/17/2021,EVV,IN,AGL,CE,Combined TRACON& Tower with Radar,2,23,25,16,66,0,7,13,2,22,2,30,38,18,88,0,0,0,88
08/18/2021,EVV,IN,AGL,CE,Combined TRACON& Tower with Radar,1,28,26,9,64,0,5,24,0,29,1,33,50,9,93,16,0,16,109
08/19/2021,EVV,IN,AGL,CE,Combined TRACON& Tower with Radar,5,23,36,0,64,0,2,9,0,11,5,25,45,0,75,42,0,42,117
08/20/2021,EVV,IN,AGL,CE,Combined TRACON& Tower with Radar,5,31,22,0,58,0,8,26,0,34,5,39,48,0,92,81,0,81,173
08/21/2021,EVV,IN,AGL,CE,Combined TRACON& Tower with Radar,4,20,9,0,33,0,4,11,0,15,4,24,20,0,48,16,0,16,64
08/22/2021,EVV,IN,AGL,CE,Combined TRACON& Tower with Radar,5,23,21,0,49,0,2,14,0,16,5,25,35,0,65,0,0,0,65
08/23/2021,EVV,IN,AGL,CE,Combined TRACON& Tower with Radar,4,28,22,8,62,0,0,16,0,16,4,28,38,8,78,16,8,24,102
08/24/2021,EVV,IN,AGL,CE,Combined TRACON& Tower with Radar,5,19,25,0,49,0,4,17,0,21,5,23,42,0,70,8,0,8,78
08/25/2021,EVV,IN,AGL,CE,Combined TRACON& Tower with Radar,3,25,17,2,47,0,2,51,2,55,3,27,68,4,102,0,0,0,102
08/26/2021,EVV,IN,AGL,CE,Combined TRACON& Tower with Radar,5,30,16,5,56,0,16,15,0,31,5,46,31,5,87,14,6,20,107
08/27/2021,EVV,IN,AGL,CE,Combined TRACON& Tower with Radar,3,29,22,34,88,0,0,30,1,31,3,29,52,35,119,16,37,53,172
08/28/2021,EVV,IN,AGL,CE,Combined TRACON& Tower with Radar,4,24,17,0,45,0,2,35,0,37,4,26,52,0,82,18,0,18,100
08/29/2021,EVV,IN,AGL,CE,Combined TRACON& Tower with Radar,5,23,25,0,53,0,4,28,0,32,5,27,53,0,85,32,0,32,117
08/30/2021,EVV,IN,AGL,CE,Combined TRACON& Tower with Radar,3,23,18,0,44,0,1,5,0,6,3,24,23,0,50,0,0,0,50
08/31/2021,EVV,IN,AGL,CE,Combined TRACON& Tower with Radar,4,24,21,6,55,0,1,3,0,4,4,25,24,6,59,1,0,1,60
09/01/2021,EVV,IN,AGL,CE,Combined TRACON& Tower with Radar,3,22,25,0,50,0,8,21,0,29,3,30,46,0,79,5,0,5,84
09/02/2021,EVV,IN,AGL,CE,Combined TRACON& Tower with Radar,5,23,29,0,57,0,5,15,2,22,5,28,44,2,79,16,0,16,95
09/03/2021,EVV,IN,AGL,CE,Combined TRACON& Tower with Radar,4,23,13,1,41,0,6,40,0,46,4,29,53,1,87,30,0,30,117
09/04/2021,EVV,IN,AGL,CE,Combined TRACON& Tower with Radar,4,20,5,1,30,0,1,4,0,5,4,21,9,1,35,0,0,0,35
09/05/2021,EVV,IN,AGL,CE,Combined TRACON& Tower with Radar,6,23,15,0,44,0,5,8,0,13,6,28,23,0,57,31,0,31,88
09/06/2021,EVV,IN,AGL,CE,Combined TRACON& Tower with Radar,3,19,12,0,34,0,6,19,0,25,3,25,31,0,59,0,0,0,59
09/07/2021,EVV,IN,AGL,CE,Combined TRACON& Tower with Radar,3,25,12,3,43,0,2,16,1,19,3,27,28,4,62,35,0,35,97
09/08/2021,EVV,IN,AGL,CE,Combined TRACON& Tower with Radar,4,23,21,6,54,0,6,31,2,39,4,29,52,8,93,14,0,14,107
09/09/2021,EVV,IN,AGL,CE,Combined TRACON& Tower with Radar,7,22,23,9,61,0,9,21,0,30,7,31,44,9,91,6,0,6,97
09/10/2021,EVV,IN,AGL,CE,Combined TRACON& Tower with Radar,3,31,19,16,69,0,0,24,3,27,3,31,43,19,96,15,36,51,147
09/11/2021,EVV,IN,AGL,CE,Combined TRACON& Tower with Radar,5,21,8,0,34,0,0,17,1,18,5,21,25,1,52,8,0,8,60
09/12/2021,EVV,IN,AGL,CE,Combined TRACON& Tower with Radar,6,20,11,5,42,0,1,16,0,17,6,21,27,5,59,16,6,22,81
09/13/2021,EVV,IN,AGL,CE,Combined TRACON& Tower with Radar,3,29,13,7,52,0,7,16,2,25,3,36,29,9,77,0,0,0,77
09/14/2021,EVV,IN,AGL,CE,Combined TRACON& Tower with Radar,3,23,28,6,60,0,4,14,1,19,3,27,42,7,79,14,0,14,93
09/15/2021,EVV,IN,AGL,CE,Combined TRACON& Tower with Radar,3,27,14,2,46,0,0,6,0,6,3,27,20,2,52,12,0,12,64
09/16/2021,EVV,IN,AGL,CE,Combined TRACON& Tower with Radar,5,30,34,4,73,0,0,16,3,19,5,30,50,7,92,0,0,0,92
09/17/2021,EVV,IN,AGL,CE,Combined TRACON& Tower with Radar,3,26,21,2,52,0,4,15,2,21,3,30,36,4,73,24,2,26,99
09/18/2021,EVV,IN,AGL,CE,Combined TRACON& Tower with Radar,4,21,10,0,35,0,0,24,0,24,4,21,34,0,59,16,0,16,75
09/19/2021,EVV,IN,AGL,CE,Combined TRACON& Tower with Radar,5,19,18,0,42,0,1,10,0,11,5,20,28,0,53,0,0,0,53
09/20/2021,EVV,IN,AGL,CE,Combined TRACON& Tower with Radar,4,32,26,1,63,0,2,7,1,10,4,34,33,2,73,0,0,0,73
09/21/2021,EVV,IN,AGL,CE,Combined TRACON& Tower with Radar,4,24,22,0,50,0,1,1,0,2,4,25,23,0,52,0,0,0,52
09/22/2021,EVV,IN,AGL,CE,Combined TRACON& Tower with Radar,3,24,19,0,46,0,1,1,0,2,3,25,20,0,48,0,0,0,48
09/23/2021,EVV,IN,AGL,CE,Combined TRACON& Tower with Radar,6,23,21,0,50,0,15,13,0,28,6,38,34,0,78,26,0,26,104
09/24/2021,EVV,IN,AGL,CE,Combined TRACON& Tower with Radar,3,22,21,0,46,0,7,30,2,39,3,29,51,2,85,0,0,0,85
09/25/2021,EVV,IN,AGL,CE,Combined TRACON& Tower with Radar,4,18,26,0,48,0,1,17,0,18,4,19,43,0,66,18,0,18,84
09/26/2021,EVV,IN,AGL,CE,Combined TRACON& Tower with Radar,5,20,19,0,44,0,12,16,0,28,5,32,35,0,72,0,0,0,72
09/27/2021,EVV,IN,AGL,CE,Combined TRACON& Tower with Radar,3,33,28,21,85,0,6,11,0,17,3,39,39,21,102,0,14,14,116
09/28/2021,EVV,IN,AGL,CE,Combined TRACON& Tower with Radar,3,27,12,11,53,0,5,21,0,26,3,32,33,11,79,36,0,36,115
09/29/2021,EVV,IN,AGL,CE,Combined TRACON& Tower with Radar,3,23,17,5,48,0,3,22,4,29,3,26,39,9,77,2,0,2,79
09/30/2021,EVV,IN,AGL,CE,Combined TRACON& Tower with Radar,5,28,19,24,76,0,14,19,0,33,5,42,38,24,109,14,9,23,132
10/01/2021,EVV,IN,AGL,CE,Combined TRACON& Tower with Radar,3,25,23,0,51,0,9,18,2,29,3,34,41,2,80,63,0,63,143
10/02/2021,EVV,IN,AGL,CE,Combined TRACON& Tower with Radar,4,25,6,0,35,0,1,3,0,4,4,26,9,0,39,20,0,20,59
10/03/2021,EVV,IN,AGL,CE,Combined TRACON& Tower with Radar,5,34,19,0,58,0,1,3,0,4,5,35,22,0,62,16,0,16,78
10/04/2021,EVV,IN,AGL,CE,Combined TRACON& Tower with Radar,3,44,26,15,88,0,1,12,7,20,3,45,38,22,108,44,32,76,184
10/05/2021,EVV,IN,AGL,CE,Combined TRACON& Tower with Radar,3,43,32,15,93,0,2,10,2,14,3,45,42,17,107,16,27,43,150
10/06/2021,EVV,IN,AGL,CE,Combined TRACON& Tower with Radar,4,30,22,0,56,0,0,2,0,2,4,30,24,0,58,0,0,0,58
10/07/2021,EVV,IN,AGL,CE,Combined TRACON& Tower with Radar,5,27,25,0,57,0,4,3,0,7,5,31,28,0,64,0,0,0,64
10/08/2021,EVV,IN,AGL,CE,Combined TRACON& Tower with Radar,3,43,28,6,80,0,4,20,0,24,3,47,48,6,104,16,14,30,134
10/09/2021,EVV,IN,AGL,CE,Combined TRACON& Tower with Radar,5,24,12,0,41,0,12,27,0,39,5,36,39,0,80,19,0,19,99
10/10/2021,EVV,IN,AGL,CE,Combined TRACON& Tower with Radar,5,17,11,1,34,0,12,26,0,38,5,29,37,1,72,32,0,32,104
10/11/2021,EVV,IN,AGL,CE,Combined TRACON& Tower with Radar,7,16,10,0,33,0,7,3,0,10,7,23,13,0,43,28,0,28,71
10/12/2021,EVV,IN,AGL,CE,Combined TRACON& Tower with Radar,6,39,21,23,89,0,7,15,1,23,6,46,36,24,112,10,14,24,136
10/13/2021,EVV,IN,AGL,CE,Combined TRACON& Tower with Radar,4,38,24,35,101,0,6,5,3,14,4,44,29,38,115,8,38,46,161
10/14/2021,EVV,IN,AGL,CE,Combined TRACON& Tower with Radar,8,38,20,8,74,0,3,11,0,14,8,41,31,8,88,19,5,24,112
10/15/2021,EVV,IN,AGL,CE,Combined TRACON& Tower with Radar,6,17,10,8,41,0,0,5,0,5,6,17,15,8,46,21,5,26,72
10/16/2021,EVV,IN,AGL,CE,Combined TRACON& Tower with Radar,5,20,8,0,33,0,18,20,0,38,5,38,28,0,71,44,0,44,115
10/17/2021,EVV,IN,AGL,CE,Combined TRACON& Tower with Radar,8,19,14,0,41,0,12,24,0,36,8,31,38,0,77,0,0,0,77
10/18/2021,EVV,IN,AGL,CE,Combined TRACON& Tower with Radar,5,20,12,1,38,0,5,20,2,27,5,25,32,3,65,11,0,11,76
10/19/2021,EVV,IN,AGL,CE,Combined TRACON& Tower with Radar,6,17,17,4,44,0,4,24,0,28,6,21,41,4,72,39,0,39,111
10/20/2021,EVV,IN,AGL,CE,Combined TRACON& Tower with Radar,6,33,21,0,60,0,12,19,0,31,6,45,40,0,91,46,0,46,137
10/21/2021,EVV,IN,AGL,CE,Combined TRACON& Tower with Radar,5,41,28,2,76,0,7,7,0,14,5,48,35,2,90,0,0,0,90
10/22/2021,EVV,IN,AGL,CE,Combined TRACON& Tower with Radar,6,26,30,7,69,0,3,12,3,18,6,29,42,10,87,41,20,61,148
10/23/2021,EVV,IN,AGL,CE,Combined TRACON& Tower with Radar,4,26,13,0,43,0,2,13,0,15,4,28,26,0,58,10,0,10,68
10/24/2021,EVV,IN,AGL,CE,Combined TRACON& Tower with Radar,7,16,17,0,40,0,6,6,0,12,7,22,23,0,52,0,0,0,52
10/25/2021,EVV,IN,AGL,CE,Combined TRACON& Tower with Radar,6,28,16,6,56,0,2,0,0,2,6,30,16,6,58,8,0,8,66
10/26/2021,EVV,IN,AGL,CE,Combined TRACON& Tower with Radar,6,24,18,6,54,0,11,20,0,31,6,35,38,6,85,24,0,24,109
10/27/2021,EVV,IN,AGL,CE,Combined TRACON& Tower with Radar,6,28,40,22,96,0,10,20,0,30,6,38,60,22,126,51,2,53,179
10/28/2021,EVV,IN,AGL,CE,Combined TRACON& Tower with Radar,6,21,20,0,47,0,1,0,0,1,6,22,20,0,48,0,0,0,48
10/29/2021,EVV,IN,AGL,CE,Combined TRACON& Tower with Radar,5,26,25,6,62,0,4,4,0,8,5,30,29,6,70,29,0,29,99
10/30/2021,EVV,IN,AGL,CE,Combined TRACON& Tower with Radar,4,21,13,0,38,0,1,1,0,2,4,22,14,0,40,0,0,0,40
10/31/2021,EVV,IN,AGL,CE,Combined TRACON& Tower with Radar,3,21,26,0,50,0,7,17,0,24,3,28,43,0,74,25,0,25,99
11/01/2021,EVV,IN,AGL,CE,Combined TRACON& Tower with Radar,6,25,22,17,70,0,3,33,1,37,6,28,55,18,107,37,33,70,177
11/02/2021,EVV,IN,AGL,CE,Combined TRACON& Tower with Radar,3,22,3,0,28,0,9,16,0,25,3,31,19,0,53,10,0,10,63
11/03/2021,EVV,IN,AGL,CE,Combined TRACON& Tower with Radar,4,19,22,13,58,0,6,18,2,26,4,25,40,15,84,89,12,101,185
11/04/2021,EVV,IN,AGL,CE,Combined TRACON& Tower with Radar,7,23,16,1,47,0,7,20,0,27,7,30,36,1,74,24,0,24,98
11/05/2021,EVV,IN,AGL,CE,Combined TRACON& Tower with Radar,5,22,19,8,54,0,9,23,0,32,5,31,42,8,86,42,25,67,153
11/06/2021,EVV,IN,AGL,CE,Combined TRACON& Tower with Radar,4,16,12,0,32,0,8,18,1,27,4,24,30,1,59,33,0,33,92
11/07/2021,EVV,IN,AGL,CE,Combined TRACON& Tower with Radar,5,19,28,0,52,0,2,23,0,25,5,21,51,0,77,15,0,15,92
11/08/2021,EVV,IN,AGL,CE,Combined TRACON& Tower with Radar,3,22,18,18,61,0,9,14,6,29,3,31,32,24,90,43,58,101,191
11/09/2021,EVV,IN,AGL,CE,Combined TRACON& Tower with Radar,3,24,22,2,51,0,7,10,0,17,3,31,32,2,68,22,0,22,90
11/10/2021,EVV,IN,AGL,CE,Combined TRACON& Tower with Radar,3,26,25,10,64,0,9,15,0,24,3,35,40,10,88,11,15,26,114
11/11/2021,EVV,IN,AGL,CE,Combined TRACON& Tower with Radar,3,22,16,0,41,0,2,7,0,9,3,24,23,0,50,0,0,0,50
11/12/2021,EVV,IN,AGL,CE,Combined TRACON& Tower with Radar,3,20,23,2,48,0,3,12,0,15,3,23,35,2,63,0,8,8,71
11/13/2021,EVV,IN,AGL,CE,Combined TRACON& Tower with Radar,4,15,13,0,32,0,0,5,0,5,4,15,18,0,37,0,0,0,37
11/14/2021,EVV,IN,AGL,CE,Combined TRACON& Tower with Radar,3,19,17,0,39,0,0,6,0,6,3,19,23,0,45,0,0,0,45
11/15/2021,EVV,IN,AGL,CE,Combined TRACON& Tower with Radar,3,21,13,20,57,0,14,25,0,39,3,35,38,20,96,35,33,68,164
11/16/2021,EVV,IN,AGL,CE,Combined TRACON& Tower with Radar,3,30,14,12,59,0,5,25,0,30,3,35,39,12,89,31,0,31,120
11/17/2021,EVV,IN,AGL,CE,Combined TRACON& Tower with Radar,6,21,17,0,44,0,0,5,0,5,6,21,22,0,49,0,0,0,49
11/18/2021,EVV,IN,AGL,CE,Combined TRACON& Tower with Radar,5,21,13,7,46,0,11,11,1,23,5,32,24,8,69,39,5,44,113
11/19/2021,EVV,IN,AGL,CE,Combined TRACON& Tower with Radar,4,26,24,14,68,0,15,21,0,36,4,41,45,14,104,34,0,34,138
11/20/2021,EVV,IN,AGL,CE,Combined TRACON& Tower with Radar,3,14,14,8,39,0,4,28,0,32,3,18,42,8,71,52,8,60,131
11/21/2021,EVV,IN,AGL,CE,Combined TRACON& Tower with Radar,6,19,15,0,40,0,2,0,1,3,6,21,15,1,43,0,0,0,43
11/22/2021,EVV,IN,AGL,CE,Combined TRACON& Tower with Radar,5,19,26,16,66,0,2,24,0,26,5,21,50,16,92,57,14,71,163
11/23/2021,EVV,IN,AGL,CE,Combined TRACON& Tower with Radar,5,21,28,2,56,0,2,51,0,53,5,23,79,2,109,90,0,90,199
11/24/2021,EVV,IN,AGL,CE,Combined TRACON& Tower with Radar,4,23,15,0,42,0,3,15,0,18,4,26,30,0,60,7,0,7,67
11/25/2021,EVV,IN,AGL,CE,Combined TRACON& Tower with Radar,2,10,4,0,16,0,0,0,0,0,2,10,4,0,16,0,0,0,16
11/26/2021,EVV,IN,AGL,CE,Combined TRACON& Tower with Radar,2,18,10,0,30,0,2,9,0,11,2,20,19,0,41,22,0,22,63
11/27/2021,EVV,IN,AGL,CE,Combined TRACON& Tower with Radar,6,15,17,2,40,0,4,14,0,18,6,19,31,2,58,10,0,10,68
11/28/2021,EVV,IN,AGL,CE,Combined TRACON& Tower with Radar,5,19,16,0,40,0,5,11,0,16,5,24,27,0,56,18,0,18,74
11/29/2021,EVV,IN,AGL,CE,Combined TRACON& Tower with Radar,3,24,20,15,62,0,19,16,0,35,3,43,36,15,97,19,22,41,138
11/30/2021,EVV,IN,AGL,CE,Combined TRACON& Tower with Radar,4,21,18,0,43,6,0,16,0,22,10,21,34,0,65,54,0,54,119
12/01/2021,EVV,IN,AGL,CE,Combined TRACON& Tower with Radar,3,22,15,12,52,0,5,11,0,16,3,27,26,12,68,11,10,21,89
12/02/2021,EVV,IN,AGL,CE,Combined TRACON& Tower with Radar,6,23,14,1,44,0,7,20,2,29,6,30,34,3,73,52,0,52,125
12/03/2021,EVV,IN,AGL,CE,Combined TRACON& Tower with Radar,3,20,14,0,37,0,15,26,0,41,3,35,40,0,78,34,0,34,112
12/04/2021,EVV,IN,AGL,CE,Combined TRACON& Tower with Radar,4,15,13,19,51,0,10,31,1,42,4,25,44,20,93,62,43,105,198
12/05/2021,EVV,IN,AGL,CE,Combined TRACON& Tower with Radar,5,16,11,6,38,0,4,2,0,6,5,20,13,6,44,0,37,37,81
12/06/2021,EVV,IN,AGL,CE,Combined TRACON& Tower with Radar,3,14,12,0,29,0,3,8,0,11,3,17,20,0,40,20,0,20,60
12/07/2021,EVV,IN,AGL,CE,Combined TRACON& Tower with Radar,4,16,15,0,35,0,0,26,0,26,4,16,41,0,61,17,0,17,78
12/08/2021,EVV,IN,AGL,CE,Combined TRACON& Tower with Radar,4,20,22,0,46,0,7,19,0,26,4,27,41,0,72,53,0,53,125
12/09/2021,EVV,IN,AGL,CE,Combined TRACON& Tower with Radar,5,27,14,3,49,0,2,7,1,10,5,29,21,4,59,0,2,2,61
12/10/2021,EVV,IN,AGL,CE,Combined TRACON& Tower with Radar,6,24,10,0,40,0,0,0,0,0,6,24,10,0,40,0,0,0,40
12/11/2021,EVV,IN,AGL,CE,Combined TRACON& Tower with Radar,4,10,7,0,21,0,0,3,0,3,4,10,10,0,24,0,0,0,24
12/12/2021,EVV,IN,AGL,CE,Combined TRACON& Tower with Radar,5,17,31,0,53,0,4,45,2,51,5,21,76,2,104,26,0,26,130
12/13/2021,EVV,IN,AGL,CE,Combined TRACON& Tower with Radar,4,18,22,0,44,0,5,44,0,49,4,23,66,0,93,74,13,87,180
12/14/2021,EVV,IN,AGL,CE,Combined TRACON& Tower with Radar,3,16,14,5,38,0,5,27,0,32,3,21,41,5,70,61,16,77,147
12/15/2021,EVV,IN,AGL,CE,Combined TRACON& Tower with Radar,3,20,22,0,45,0,0,9,0,9,3,20,31,0,54,38,0,38,92
12/16/2021,EVV,IN,AGL,CE,Combined TRACON& Tower with Radar,6,17,15,0,38,0,2,0,0,2,6,19,15,0,40,0,0,0,40
12/17/2021,EVV,IN,AGL,CE,Combined TRACON& Tower with Radar,4,18,10,0,32,0,1,2,0,3,4,19,12,0,35,0,0,0,35
12/18/2021,EVV,IN,AGL,CE,Combined TRACON& Tower with Radar,2,22,3,0,27,0,1,0,0,1,2,23,3,0,28,0,0,0,28
12/19/2021,EVV,IN,AGL,CE,Combined TRACON& Tower with Radar,6,20,14,0,40,0,3,20,0,23,6,23,34,0,63,16,0,16,79
12/20/2021,EVV,IN,AGL,CE,Combined TRACON& Tower with Radar,4,17,11,0,32,8,0,24,0,32,12,17,35,0,64,42,0,42,106
12/21/2021,EVV,IN,AGL,CE,Combined TRACON& Tower with Radar,6,22,16,0,44,0,9,18,2,29,6,31,34,2,73,12,0,12,85
12/22/2021,EVV,IN,AGL,CE,Combined TRACON& Tower with Radar,4,18,21,0,43,0,2,30,0,32,4,20,51,0,75,8,0,8,83
12/23/2021,EVV,IN,AGL,CE,Combined TRACON& Tower with Radar,6,19,13,0,38,0,2,14,0,16,6,21,27,0,54,10,0,10,64
12/24/2021,EVV,IN,AGL,CE,Combined TRACON& Tower with Radar,4,13,9,0,26,0,0,2,0,2,4,13,11,0,28,10,0,10,38
12/25/2021,EVV,IN,AGL,CE,Combined TRACON& Tower with Radar,2,18,5,0,25,0,1,2,0,3,2,19,7,0,28,0,0,0,28
12/26/2021,EVV,IN,AGL,CE,Combined TRACON& Tower with Radar,6,14,21,0,41,0,2,4,0,6,6,16,25,0,47,0,0,0,47
12/27/2021,EVV,IN,AGL,CE,Combined TRACON& Tower with Radar,4,14,13,0,31,0,0,8,0,8,4,14,21,0,39,23,0,23,62
12/28/2021,EVV,IN,AGL,CE,Combined TRACON& Tower with Radar,6,21,8,2,37,0,1,0,0,1,6,22,8,2,38,0,0,0,38
12/29/2021,EVV,IN,AGL,CE,Combined TRACON& Tower with Radar,4,17,5,0,26,0,2,1,0,3,4,19,6,0,29,32,0,32,61
12/30/2021,EVV,IN,AGL,CE,Combined TRACON& Tower with Radar,6,17,14,0,37,0,0,0,0,0,6,17,14,0,37,0,0,0,37
12/31/2021,EVV,IN,AGL,CE,Combined TRACON& Tower with Radar,4,17,13,0,34,0,1,4,0,5,4,18,17,0,39,0,0,0,39
01/01/2022,EVV,IN,AGL,CE,Combined TRACON& Tower with Radar,1,15,4,0,20,0,0,0,0,0,1,15,4,0,20,0,0,0,20
01/02/2022,EVV,IN,AGL,CE,Combined TRACON& Tower with Radar,6,15,3,0,24,0,1,0,1,2,6,16,3,1,26,0,0,0,26
01/03/2022,EVV,IN,AGL,CE,Combined TRACON& Tower with Radar,4,13,12,5,34,0,2,12,3,17,4,15,24,8,51,53,0,53,104
01/04/2022,EVV,IN,AGL,CE,Combined TRACON& Tower with Radar,2,14,10,7,33,0,3,11,11,25,2,17,21,18,58,26,5,31,89
01/05/2022,EVV,IN,AGL,CE,Combined TRACON& Tower with Radar,5,19,13,10,47,0,1,8,0,9,5,20,21,10,56,0,0,0,56
01/06/2022,EVV,IN,AGL,CE,Combined TRACON& Tower with Radar,7,10,1,0,18,0,2,0,0,2,7,12,1,0,20,0,0,0,20
01/07/2022,EVV,IN,AGL,CE,Combined TRACON& Tower with Radar,5,13,9,0,27,0,5,10,0,15,5,18,19,0,42,14,0,14,56
01/08/2022,EVV,IN,AGL,CE,Combined TRACON& Tower with Radar,5,13,4,0,22,0,3,7,0,10,5,16,11,0,32,8,0,8,40
01/09/2022,EVV,IN,AGL,CE,Combined TRACON& Tower with Radar,7,17,5,0,29,0,1,3,0,4,7,18,8,0,33,0,0,0,33
01/10/2022,EVV,IN,AGL,CE,Combined TRACON& Tower with Radar,6,13,10,0,29,0,6,11,0,17,6,19,21,0,46,47,0,47,93
01/11/2022,EVV,IN,AGL,CE,Combined TRACON& Tower with Radar,7,23,25,0,55,0,7,27,0,34,7,30,52,0,89,0,0,0,89
01/12/2022,EVV,IN,AGL,CE,Combined TRACON& Tower with Radar,7,16,16,2,41,0,13,19,0,32,7,29,35,2,73,2,0,2,75
01/13/2022,EVV,IN,AGL,CE,Combined TRACON& Tower with Radar,10,21,15,7,53,0,7,20,2,29,10,28,35,9,82,47,5,52,134
01/14/2022,EVV,IN,AGL,CE,Combined TRACON& Tower with Radar,8,12,25,0,45,0,0,0,0,0,8,12,25,0,45,0,0,0,45
01/15/2022,EVV,IN,AGL,CE,Combined TRACON& Tower with Radar,5,10,5,0,20,0,2,1,2,5,5,12,6,2,25,22,0,22,47
01/16/2022,EVV,IN,AGL,CE,Combined TRACON& Tower with Radar,7,8,10,0,25,0,7,15,0,22,7,15,25,0,47,18,0,18,65
01/17/2022,EVV,IN,AGL,CE,Combined TRACON& Tower with Radar,7,11,4,0,22,0,2,0,2,4,7,13,4,2,26,33,0,33,59
01/18/2022,EVV,IN,AGL,CE,Combined TRACON& Tower with Radar,7,21,12,0,40,0,6,15,2,23,7,27,27,2,63,22,0,22,85
01/19/2022,EVV,IN,AGL,CE,Combined TRACON& Tower with Radar,7,13,16,0,36,0,2,0,0,2,7,15,16,0,38,0,0,0,38
01/20/2022,EVV,IN,AGL,CE,Combined TRACON& Tower with Radar,10,20,16,27,73,0,3,10,4,17,10,23,26,31,90,4,12,16,106
01/21/2022,EVV,IN,AGL,CE,Combined TRACON& Tower with Radar,7,14,18,2,41,0,6,13,3,22,7,20,31,5,63,15,0,15,78
01/22/2022,EVV,IN,AGL,CE,Combined TRACON& Tower with Radar,5,15,5,0,25,0,5,27,0,32,5,20,32,0,57,55,0,55,112
01/23/2022,EVV,IN,AGL,CE,Combined TRACON& Tower with Radar,11,13,5,0,29,0,2,4,0,6,11,15,9,0,35,24,0,24,59
01/24/2022,EVV,IN,AGL,CE,Combined TRACON& Tower with Radar,8,10,13,4,35,0,2,14,1,17,8,12,27,5,52,49,0,49,101
01/25/2022,EVV,IN,AGL,CE,Combined TRACON& Tower with Radar,7,17,26,11,61,0,4,21,1,26,7,21,47,12,87,14,27,41,128
01/26/2022,EVV,IN,AGL,CE,Combined TRACON& Tower with Radar,7,15,21,2,45,0,8,12,0,20,7,23,33,2,65,0,0,0,65
01/27/2022,EVV,IN,AGL,CE,Combined TRACON& Tower with Radar,10,15,13,1,39,0,0,11,0,11,10,15,24,1,50,16,0,16,66
01/28/2022,EVV,IN,AGL,CE,Combined TRACON& Tower with Radar,5,13,10,6,34,0,2,3,0,5,5,15,13,6,39,21,0,21,60
01/29/2022,EVV,IN,AGL,CE,Combined TRACON& Tower with Radar,5,14,13,0,32,0,15,32,0,47,5,29,45,0,79,71,0,71,150
01/30/2022,EVV,IN,AGL,CE,Combined TRACON& Tower with Radar,9,12,8,0,29,0,8,14,0,22,9,20,22,0,51,8,0,8,59
01/31/2022,EVV,IN,AGL,CE,Combined TRACON& Tower with Radar,7,13,20,10,50,0,15,41,1,57,7,28,61,11,107,36,13,49,156
02/01/2022,EVV,IN,AGL,CE,Combined TRACON& Tower with Radar,7,14,21,9,51,0,4,19,3,26,7,18,40,12,77,49,32,81,158
02/02/2022,EVV,IN,AGL,CE,Combined TRACON& Tower with Radar,6,10,8,0,24,0,0,0,0,0,6,10,8,0,24,0,0,0,24
02/03/2022,EVV,IN,AGL,CE,Combined TRACON& Tower with Radar,10,20,16,27,73,0,3,10,4,17,10,23,26,31,90,0,0,0,90
02/04/2022,EVV,IN,AGL,CE,Combined TRACON& Tower with Radar,4,9,9,0,22,0,5,4,0,9,4,14,13,0,31,0,0,0,31
02/05/2022,EVV,IN,AGL,CE,Combined TRACON& Tower with Radar,3,13,13,0,29,0,3,14,2,19,3,16,27,2,48,0,0,0,48
02/06/2022,EVV,IN,AGL,CE,Combined TRACON& Tower with Radar,8,14,4,0,26,0,2,12,0,14,8,16,16,0,40,22,0,22,62
02/07/2022,EVV,IN,AGL,CE,Combined TRACON& Tower with Radar,7,19,28,0,54,0,4,11,0,15,7,23,39,0,69,29,0,29,98
02/08/2022,EVV,IN,AGL,CE,Combined TRACON& Tower with Radar,7,11,17,0,35,0,6,18,0,24,7,17,35,0,59,57,0,57,116
02/09/2022,EVV,IN,AGL,CE,Combined TRACON& Tower with Radar,9,13,17,10,49,0,3,23,0,26,9,16,40,10,75,0,30,30,105
02/10/2022,EVV,IN,AGL,CE,Combined TRACON& Tower with Radar,11,12,22,1,46,0,4,26,1,31,11,16,48,2,77,40,0,40,117
02/11/2022,EVV,IN,AGL,CE,Combined TRACON& Tower with Radar,7,19,11,11,48,0,0,4,0,4,7,19,15,11,52,19,24,43,95
02/12/2022,EVV,IN,AGL,CE,Combined TRACON& Tower with Radar,5,14,4,0,23,0,0,5,0,5,5,14,9,0,28,0,0,0,28
02/13/2022,EVV,IN,AGL,CE,Combined TRACON& Tower with Radar,7,14,8,2,31,0,1,16,2,19,7,15,24,4,50,13,5,18,68
02/14/2022,EVV,IN,AGL,CE,Combined TRACON& Tower with Radar,7,12,18,0,37,0,13,23,0,36,7,25,41,0,73,86,0,86,159
02/15/2022,EVV,IN,AGL,CE,Combined TRACON& Tower with Radar,11,19,22,6,58,0,2,38,1,41,11,21,60,7,99,47,14,61,160
02/16/2022,EVV,IN,AGL,CE,Combined TRACON& Tower with Radar,7,16,9,1,33,0,0,9,0,9,7,16,18,1,42,2,0,2,44
02/17/2022,EVV,IN,AGL,CE,Combined TRACON& Tower with Radar,6,10,2,0,18,0,1,0,0,1,6,11,2,0,19,0,0,0,19
02/18/2022,EVV,IN,AGL,CE,Combined TRACON& Tower with Radar,8,18,17,6,49,0,10,26,0,36,8,28,43,6,85,60,18,78,163
02/19/2022,EVV,IN,AGL,CE,Combined TRACON& Tower with Radar,6,14,12,0,32,0,15,20,0,35,6,29,32,0,67,85,0,85,152
02/20/2022,EVV,IN,AGL,CE,Combined TRACON& Tower with Radar,7,12,21,0,40,0,2,17,0,19,7,14,38,0,59,56,0,56,115
02/21/2022,EVV,IN,AGL,CE,Combined TRACON& Tower with Radar,6,11,22,0,39,0,4,17,0,21,6,15,39,0,60,55,0,55,115
02/22/2022,EVV,IN,AGL,CE,Combined TRACON& Tower with Radar,6,12,5,0,23,0,2,0,2,4,6,14,5,2,27,0,0,0,27
02/23/2022,EVV,IN,AGL,CE,Combined TRACON& Tower with Radar,4,14,13,0,31,0,4,8,0,12,4,18,21,0,43,31,0,31,74
02/24/2022,EVV,IN,AGL,CE,Combined TRACON& Tower with Radar,7,13,13,0,33,0,0,0,0,0,7,13,13,0,33,0,0,0,33
02/25/2022,EVV,IN,AGL,CE,Combined TRACON& Tower with Radar,7,12,13,10,42,0,3,8,6,17,7,15,21,16,59,10,10,20,79
02/26/2022,EVV,IN,AGL,CE,Combined TRACON& Tower with Radar,6,16,20,2,44,0,11,31,0,42,6,27,51,2,86,73,0,73,159
02/27/2022,EVV,IN,AGL,CE,Combined TRACON& Tower with Radar,9,16,20,0,45,0,10,44,0,54,9,26,64,0,99,51,0,51,150
02/28/2022,EVV,IN,AGL,CE,Combined TRACON& Tower with Radar,7,14,23,2,46,0,12,21,3,36,7,26,44,5,82,45,8,53,135
03/01/2022,EVV,IN,AGL,CE,Combined TRACON& Tower with Radar,6,17,20,13,56,0,15,32,3,50,6,32,52,16,106,56,16,72,178
03/02/2022,EVV,IN,AGL,CE,Combined TRACON& Tower with Radar,5,13,16,21,55,0,11,22,3,36,5,24,38,24,91,45,10,55,146
03/03/2022,EVV,IN,AGL,CE,Combined TRACON& Tower with Radar,9,17,17,16,59,0,10,33,0,43,9,27,50,16,102,51,22,73,175
03/04/2022,EVV,IN,AGL,CE,Combined TRACON& Tower with Radar,10,9,24,6,49,0,6,30,4,40,10,15,54,10,89,12,4,16,105
03/05/2022,EVV,IN,AGL,CE,Combined TRACON& Tower with Radar,5,7,13,0,25,0,4,10,0,14,5,11,23,0,39,0,0,0,39
03/06/2022,EVV,IN,AGL,CE,Combined TRACON& Tower with Radar,9,11,3,0,23,0,2,1,0,3,9,13,4,0,26,17,0,17,43
03/07/2022,EVV,IN,AGL,CE,Combined TRACON& Tower with Radar,5,12,9,2,28,0,2,1,0,3,5,14,10,2,31,0,7,7,38
03/08/2022,EVV,IN,AGL,CE,Combined TRACON& Tower with Radar,5,7,26,0,38,0,3,12,0,15,5,10,38,0,53,41,0,41,94
03/09/2022,EVV,IN,AGL,CE,Combined TRACON& Tower with Radar,5,9,18,3,35,0,6,37,3,46,5,15,55,6,81,20,6,26,107
03/10/2022,EVV,IN,AGL,CE,Combined TRACON& Tower with Radar,5,13,28,37,83,0,11,29,2,42,5,24,57,39,125,28,39,67,192
03/11/2022,EVV,IN,AGL,CE,Combined TRACON& Tower with Radar,7,14,14,3,38,0,2,2,0,4,7,16,16,3,42,6,0,6,48
03/12/2022,EVV,IN,AGL,CE,Combined TRACON& Tower with Radar,9,5,8,0,22,0,7,5,0,12,9,12,13,0,34,0,0,0,34
03/13/2022,EVV,IN,AGL,CE,Combined TRACON& Tower with Radar,6,7,4,0,17,0,2,6,0,8,6,9,10,0,25,0,0,0,25
03/14/2022,EVV,IN,AGL,CE,Combined TRACON& Tower with Radar,5,11,18,0,34,0,10,18,0,28,5,21,36,0,62,85,0,85,147
03/15/2022,EVV,IN,AGL,CE,Combined TRACON& Tower with Radar,5,11,16,15,47,0,10,26,1,37,5,21,42,16,84,51,33,84,168
03/16/2022,EVV,IN,AGL,CE,Combined TRACON& Tower with Radar,4,13,19,2,38,0,8,23,0,31,4,21,42,2,69,23,0,23,92
03/17/2022,EVV,IN,AGL,CE,Combined TRACON& Tower with Radar,7,21,10,6,44,0,6,22,0,28,7,27,32,6,72,80,0,80,152
03/18/2022,EVV,IN,AGL,CE,Combined TRACON& Tower with Radar,5,14,15,0,34,0,3,7,0,10,5,17,22,0,44,40,0,40,84
03/19/2022,EVV,IN,AGL,CE,Combined TRACON& Tower with Radar,6,7,8,0,21,0,1,0,0,1,6,8,8,0,22,8,0,8,30
03/20/2022,EVV,IN,AGL,CE,Combined TRACON& Tower with Radar,4,15,29,0,48,0,3,28,0,31,4,18,57,0,79,0,0,0,79
03/21/2022,EVV,IN,AGL,CE,Combined TRACON& Tower with Radar,3,11,14,4,32,0,1,16,0,17,3,12,30,4,49,14,4,18,67
03/22/2022,EVV,IN,AGL,CE,Combined TRACON& Tower with Radar,3,9,15,0,27,0,0,0,0,0,3,9,15,0,27,0,0,0,27
03/23/2022,EVV,IN,AGL,CE,Combined TRACON& Tower with Radar,3,10,13,0,26,0,0,2,0,2,3,10,15,0,28,0,0,0,28
03/24/2022,EVV,IN,AGL,CE,Combined TRACON& Tower with Radar,10,8,10,0,28,0,1,6,1,8,10,9,16,1,36,0,0,0,36
03/25/2022,EVV,IN,AGL,CE,Combined TRACON& Tower with Radar,4,13,11,0,28,0,1,7,4,12,4,14,18,4,40,32,0,32,72
03/26/2022,EVV,IN,AGL,CE,Combined TRACON& Tower with Radar,7,5,15,4,31,0,6,9,1,16,7,11,24,5,47,37,8,45,92
03/27/2022,EVV,IN,AGL,CE,Combined TRACON& Tower with Radar,6,12,21,0,39,0,1,26,0,27,6,13,47,0,66,39,0,39,105
03/28/2022,EVV,IN,AGL,CE,Combined TRACON& Tower with Radar,9,9,22,0,40,0,12,32,0,44,9,21,54,0,84,47,0,47,131
03/29/2022,EVV,IN,AGL,CE,Combined TRACON& Tower with Radar,4,14,21,0,39,0,3,17,1,21,4,17,38,1,60,104,0,104,164
03/30/2022,EVV,IN,AGL,CE,Combined TRACON& Tower with Radar,4,11,11,2,28,0,1,0,0,1,4,12,11,2,29,0,0,0,29
03/31/2022,EVV,IN,AGL,CE,Combined TRACON& Tower with Radar,5,11,17,6,39,0,1,9,0,10,5,12,26,6,49,33,0,33,82
04/01/2022,EVV,IN,AGL,CE,Combined TRACON& Tower with Radar,7,11,11,2,31,0,8,18,0,26,7,19,29,2,57,60,0,60,117
04/02/2022,EVV,IN,AGL,CE,Combined TRACON& Tower with Radar,7,6,18,0,31,0,6,22,0,28,7,12,40,0,59,13,0,13,72
04/03/2022,EVV,IN,AGL,CE,Combined TRACON& Tower with Radar,7,13,15,0,35,0,11,23,2,36,7,24,38,2,71,47,0,47,118
04/04/2022,EVV,IN,AGL,CE,Combined TRACON& Tower with Radar,6,13,18,0,37,0,3,16,0,19,6,16,34,0,56,23,0,23,79
04/05/2022,EVV,IN,AGL,CE,Combined TRACON& Tower with Radar,7,8,15,0,30,0,0,4,0,4,7,8,19,0,34,5,0,5,39
04/06/2022,EVV,IN,AGL,CE,Combined TRACON& Tower with Radar,8,14,18,8,48,0,1,14,0,15,8,15,32,8,63,13,34,47,110
04/07/2022,EVV,IN,AGL,CE,Combined TRACON& Tower with Radar,9,9,15,2,35,0,3,16,0,19,9,12,31,2,54,0,0,0,54
04/08/2022,EVV,IN,AGL,CE,Combined TRACON& Tower with Radar,7,13,14,0,34,0,2,7,0,9,7,15,21,0,43,38,0,38,81
04/09/2022,EVV,IN,AGL,CE,Combined TRACON& Tower with Radar,8,9,12,0,29,0,4,15,0,19,8,13,27,0,48,18,0,18,66
04/10/2022,EVV,IN,AGL,CE,Combined TRACON& Tower with Radar,10,10,14,0,34,0,5,26,0,31,10,15,40,0,65,4,0,4,69
04/11/2022,EVV,IN,AGL,CE,Combined TRACON& Tower with Radar,7,13,12,0,32,0,0,0,0,0,7,13,12,0,32,35,0,35,67
04/12/2022,EVV,IN,AGL,CE,Combined TRACON& Tower with Radar,5,24,21,0,50,0,1,3,0,4,5,25,24,0,54,0,0,0,54
04/13/2022,EVV,IN,AGL,CE,Combined TRACON& Tower with Radar,7,14,10,0,31,0,2,0,0,2,7,16,10,0,33,0,0,0,33
04/14/2022,EVV,IN,AGL,CE,Combined TRACON& Tower with Radar,10,17,26,6,59,0,11,41,0,52,10,28,67,6,111,48,16,64,175
04/15/2022,EVV,IN,AGL,CE,Combined TRACON& Tower with Radar,9,15,25,9,58,0,2,27,3,32,9,17,52,12,90,102,42,144,234
04/16/2022,EVV,IN,AGL,CE,Combined TRACON& Tower with Radar,7,13,9,2,31,0,4,32,0,36,7,17,41,2,67,50,0,50,117
04/17/2022,EVV,IN,AGL,CE,Combined TRACON& Tower with Radar,9,9,2,0,20,0,4,9,0,13,9,13,11,0,33,24,0,24,57
04/18/2022,EVV,IN,AGL,CE,Combined TRACON& Tower with Radar,7,12,17,0,36,0,8,4,2,14,7,20,21,2,50,34,6,40,90
04/19/2022,EVV,IN,AGL,CE,Combined TRACON& Tower with Radar,7,11,19,4,41,0,11,31,6,48,7,22,50,10,89,44,0,44,133
04/20/2022,EVV,IN,AGL,CE,Combined TRACON& Tower with Radar,7,10,24,0,41,0,4,24,1,29,7,14,48,1,70,36,0,36,106
04/21/2022,EVV,IN,AGL,CE,Combined TRACON& Tower with Radar,8,29,48,0,85,0,1,3,0,4,8,30,51,0,89,0,0,0,89
04/22/2022,EVV,IN,AGL,CE,Combined TRACON& Tower with Radar,9,14,36,24,83,0,17,48,0,65,9,31,84,24,148,63,39,102,250
04/23/2022,EVV,IN,AGL,CE,Combined TRACON& Tower with Radar,10,8,9,0,27,0,2,16,0,18,10,10,25,0,45,8,0,8,53
04/24/2022,EVV,IN,AGL,CE,Combined TRACON& Tower with Radar,7,12,10,0,29,0,4,3,0,7,7,16,13,0,36,19,0,19,55
04/25/2022,EVV,IN,AGL,CE,Combined TRACON& Tower with Radar,7,13,22,2,44,0,10,3,0,13,7,23,25,2,57,16,0,16,73
04/26/2022,EVV,IN,AGL,CE,Combined TRACON& Tower with Radar,7,15,12,0,34,0,4,14,0,18,7,19,26,0,52,18,0,18,70
04/27/2022,EVV,IN,AGL,CE,Combined TRACON& Tower with Radar,8,17,26,3,54,0,6,51,0,57,8,23,77,3,111,32,4,36,147
04/28/2022,EVV,IN,AGL,CE,Combined TRACON& Tower with Radar,9,17,19,0,45,0,11,20,1,32,9,28,39,1,77,36,0,36,113
04/29/2022,EVV,IN,AGL,CE,Combined TRACON& Tower with Radar,8,12,27,0,47,0,4,13,1,18,8,16,40,1,65,29,0,29,94
04/30/2022,EVV,IN,AGL,CE,Combined TRACON& Tower with Radar,9,6,6,0,21,0,3,11,0,14,9,9,17,0,35,33,0,33,68
05/01/2022,EVV,IN,AGL,CE,Combined TRACON& Tower with Radar,10,12,11,0,33,0,8,12,0,20,10,20,23,0,53,32,0,32,85
05/02/2022,EVV,IN,AGL,CE,Combined TRACON& Tower with Radar,7,13,24,0,44,0,8,27,0,35,7,21,51,0,79,32,0,32,111
05/03/2022,EVV,IN,AGL,CE,Combined TRACON& Tower with Radar,9,13,10,0,32,0,1,3,0,4,9,14,13,0,36,0,0,0,36
05/04/2022,EVV,IN,AGL,CE,Combined TRACON& Tower with Radar,7,18,23,2,50,0,7,9,0,16,7,25,32,2,66,46,2,48,114
05/05/2022,EVV,IN,AGL,CE,Combined TRACON& Tower with Radar,9,12,19,4,44,0,4,9,0,13,9,16,28,4,57,55,0,55,112
05/06/2022,EVV,IN,AGL,CE,Combined TRACON& Tower with Radar,7,11,14,0,32,0,2,0,0,2,7,13,14,0,34,0,0,0,34
05/07/2022,EVV,IN,AGL,CE,Combined TRACON& Tower with Radar,5,16,10,0,31,0,3,12,0,15,5,19,22,0,46,23,0,23,69
05/08/2022,EVV,IN,AGL,CE,Combined TRACON& Tower with Radar,10,16,18,0,44,0,0,16,2,18,10,16,34,2,62,10,0,10,72
05/09/2022,EVV,IN,AGL,CE,Combined TRACON& Tower with Radar,8,11,28,6,53,0,3,23,1,27,8,14,51,7,80,39,0,39,119
05/10/2022,EVV,IN,AGL,CE,Combined TRACON& Tower with Radar,7,18,22,0,47,0,4,32,2,38,7,22,54,2,85,53,0,53,138
05/11/2022,EVV,IN,AGL,CE,Combined TRACON& Tower with Radar,8,16,26,0,50,0,2,28,2,32,8,18,54,2,82,45,0,45,127
05/12/2022,EVV,IN,AGL,CE,Combined TRACON& Tower with Radar,9,11,24,0,44,0,8,27,0,35,9,19,51,0,79,5,0,5,84
05/13/2022,EVV,IN,AGL,CE,Combined TRACON& Tower with Radar,8,16,32,7,63,0,4,34,0,38,8,20,66,7,101,71,0,71,172
05/14/2022,EVV,IN,AGL,CE,Combined TRACON& Tower with Radar,5,12,10,0,27,0,4,22,0,26,5,16,32,0,53,19,0,19,72
05/15/2022,EVV,IN,AGL,CE,Combined TRACON& Tower with Radar,9,10,9,1,29,0,2,14,2,18,9,12,23,3,47,0,0,0,47
05/16/2022,EVV,IN,AGL,CE,Combined TRACON& Tower with Radar,7,10,23,10,50,0,5,15,0,20,7,15,38,10,70,10,0,10,80
05/17/2022,EVV,IN,AGL,CE,Combined TRACON& Tower with Radar,7,15,19,0,41,0,7,31,0,38,7,22,50,0,79,67,0,67,146
05/18/2022,EVV,IN,AGL,CE,Combined TRACON& Tower with Radar,8,10,20,0,38,0,6,6,0,12,8,16,26,0,50,2,0,2,52
05/19/2022,EVV,IN,AGL,CE,Combined TRACON& Tower with Radar,9,16,15,0,40,0,1,9,1,11,9,17,24,1,51,39,0,39,90
05/20/2022,EVV,IN,AGL,CE,Combined TRACON& Tower with Radar,7,16,7,0,30,0,6,14,1,21,7,22,21,1,51,0,0,0,51
05/21/2022,EVV,IN,AGL,CE,Combined TRACON& Tower with Radar,5,13,5,0,23,0,3,8,0,11,5,16,13,0,34,8,0,8,42
05/22/2022,EVV,IN,AGL,CE,Combined TRACON& Tower with Radar,9,13,15,0,37,0,1,15,0,16,9,14,30,0,53,0,0,0,53
05/23/2022,EVV,IN,AGL,CE,Combined TRACON& Tower with Radar,8,9,30,0,47,0,2,19,0,21,8,11,49,0,68,30,0,30,98
05/24/2022,EVV,IN,AGL,CE,Combined TRACON& Tower with Radar,6,28,24,15,73,0,4,18,0,22,6,32,42,15,95,76,0,76,171
05/25/2022,EVV,IN,AGL,CE,Combined TRACON& Tower with Radar,7,11,14,0,32,0,1,2,0,3,7,12,16,0,35,0,0,0,35
05/26/2022,EVV,IN,AGL,CE,Combined TRACON& Tower with Radar,9,16,21,0,46,0,3,3,0,6,9,19,24,0,52,12,0,12,64
05/27/2022,EVV,IN,AGL,CE,Combined TRACON& Tower with Radar,8,18,25,2,53,0,3,4,0,7,8,21,29,2,60,22,0,22,82
05/28/2022,EVV,IN,AGL,CE,Combined TRACON& Tower with Radar,6,10,17,0,33,0,3,81,2,86,6,13,98,2,119,10,0,10,129
05/29/2022,EVV,IN,AGL,CE,Combined TRACON& Tower with Radar,7,7,13,0,27,0,6,17,2,25,7,13,30,2,52,0,0,0,52
05/30/2022,EVV,IN,AGL,CE,Combined TRACON& Tower with Radar,8,7,11,0,26,0,8,13,3,24,8,15,24,3,50,0,0,0,50
05/31/2022,EVV,IN,AGL,CE,Combined TRACON& Tower with Radar,7,9,10,2,28,0,2,26,0,28,7,11,36,2,56,33,0,33,89
06/01/2022,EVV,IN,AGL,CE,Combined TRACON& Tower with Radar,7,15,18,15,55,0,3,12,2,17,7,18,30,17,72,33,40,73,145
06/02/2022,EVV,IN,AGL,CE,Combined TRACON& Tower with Radar,11,25,41,0,77,0,3,15,2,20,11,28,56,2,97,28,0,28,125
06/03/2022,EVV,IN,AGL,CE,Combined TRACON& Tower with Radar,7,8,21,12,48,0,10,35,2,47,7,18,56,14,95,19,8,27,122
06/04/2022,EVV,IN,AGL,CE,Combined TRACON& Tower with Radar,6,8,12,64,90,0,3,25,0,28,6,11,37,64,118,20,22,42,160
06/05/2022,EVV,IN,AGL,CE,Combined TRACON& Tower with Radar,13,16,12,38,79,0,0,23,0,23,13,16,35,38,102,14,0,14,116
06/06/2022,EVV,IN,AGL,CE,Combined TRACON& Tower with Radar,6,12,13,0,31,0,3,11,0,14,6,15,24,0,45,6,0,6,51
06/07/2022,EVV,IN,AGL,CE,Combined TRACON& Tower with Radar,7,24,14,2,47,0,1,14,0,15,7,25,28,2,62,14,0,14,76
06/08/2022,EVV,IN,AGL,CE,Combined TRACON& Tower with Radar,6,22,20,0,48,0,11,9,0,20,6,33,29,0,68,0,0,0,68
06/09/2022,EVV,IN,AGL,CE,Combined TRACON& Tower with Radar,11,23,24,2,60,0,7,21,0,28,11,30,45,2,88,46,0,46,134
06/10/2022,EVV,IN,AGL,CE,Combined TRACON& Tower with Radar,7,24,14,10,55,0,11,12,0,23,7,35,26,10,78,2,46,48,126
06/11/2022,EVV,IN,AGL,CE,Combined TRACON& Tower with Radar,7,11,11,0,29,0,4,20,0,24,7,15,31,0,53,54,0,54,107
06/12/2022,EVV,IN,AGL,CE,Combined TRACON& Tower with Radar,9,12,10,0,31,0,2,9,0,11,9,14,19,0,42,8,0,8,50
06/13/2022,EVV,IN,AGL,CE,Combined TRACON& Tower with Radar,9,11,18,3,41,0,8,15,1,24,9,19,33,4,65,0,0,0,65
06/14/2022,EVV,IN,AGL,CE,Combined TRACON& Tower with Radar,8,10,12,2,32,0,6,23,0,29,8,16,35,2,61,92,0,92,153
06/15/2022,EVV,IN,AGL,CE,Combined TRACON& Tower with Radar,6,20,30,8,64,0,10,19,1,30,6,30,49,9,94,73,29,102,196
06/16/2022,EVV,IN,AGL,CE,Combined TRACON& Tower with Radar,11,17,19,26,73,0,11,16,0,27,11,28,35,26,100,2,0,2,102
06/17/2022,EVV,IN,AGL,CE,Combined TRACON& Tower with Radar,7,17,6,0,30,0,2,9,0,11,7,19,15,0,41,13,0,13,54
06/18/2022,EVV,IN,AGL,CE,Combined TRACON& Tower with Radar,7,8,8,0,23,0,12,11,0,23,7,20,19,0,46,13,0,13,59
06/19/2022,EVV,IN,AGL,CE,Combined TRACON& Tower with Radar,11,9,5,0,25,0,1,9,0,10,11,10,14,0,35,0,0,0,35
06/20/2022,EVV,IN,AGL,CE,Combined TRACON& Tower with Radar,7,8,16,0,31,0,7,19,3,29,7,15,35,3,60,58,0,58,118
06/21/2022,EVV,IN,AGL,CE,Combined TRACON& Tower with Radar,8,11,18,1,38,0,7,23,1,31,8,18,41,2,69,44,0,44,113
06/22/2022,EVV,IN,AGL,CE,Combined TRACON& Tower with Radar,7,18,24,0,49,0,5,23,0,28,7,23,47,0,77,37,0,37,114
06/23/2022,EVV,IN,AGL,CE,Combined TRACON& Tower with Radar,12,19,37,12,80,0,1,24,0,25,12,20,61,12,105,17,0,17,122
06/24/2022,EVV,IN,AGL,CE,Combined TRACON& Tower with Radar,7,10,23,1,41,0,6,23,3,32,7,16,46,4,73,30,0,30,103
06/25/2022,EVV,IN,AGL,CE,Combined TRACON& Tower with Radar,7,9,13,0,29,0,11,19,0,30,7,20,32,0,59,47,0,47,106
06/26/2022,EVV,IN,AGL,CE,Combined TRACON& Tower with Radar,8,12,5,0,25,0,1,5,0,6,8,13,10,0,31,0,0,0,31
06/27/2022,EVV,IN,AGL,CE,Combined TRACON& Tower with Radar,7,14,20,12,53,0,5,20,0,25,7,19,40,12,78,22,7,29,107
06/28/2022,EVV,IN,AGL,CE,Combined TRACON& Tower with Radar,7,25,26,4,62,0,3,26,4,33,7,28,52,8,95,34,0,34,129
06/29/2022,EVV,IN,AGL,CE,Combined TRACON& Tower with Radar,7,14,20,23,64,0,4,37,1,42,7,18,57,24,106,89,0,89,195
06/30/2022,EVV,IN,AGL,CE,Combined TRACON& Tower with Radar,11,10,20,0,41,0,5,21,0,26,11,15,41,0,67,70,0,70,137
07/01/2022,EVV,IN,AGL,CE,Combined TRACON& Tower with Radar,7,17,12,0,36,0,10,9,0,19,7,27,21,0,55,0,0,0,55
07/02/2022,EVV,IN,AGL,CE,Combined TRACON& Tower with Radar,8,7,5,0,20,0,2,4,0,6,8,9,9,0,26,15,0,15,41
07/03/2022,EVV,IN,AGL,CE,Combined TRACON& Tower with Radar,11,5,10,0,26,0,3,6,0,9,11,8,16,0,35,0,0,0,35
07/04/2022,EVV,IN,AGL,CE,Combined TRACON& Tower with Radar,8,5,6,0,19,0,0,7,0,7,8,5,13,0,26,0,0,0,26
07/05/2022,EVV,IN,AGL,CE,Combined TRACON& Tower with Radar,6,15,10,17,48,0,8,11,2,21,6,23,21,19,69,43,18,61,130
07/06/2022,EVV,IN,AGL,CE,Combined TRACON& Tower with Radar,6,11,21,0,38,0,6,13,0,19,6,17,34,0,57,26,0,26,83
07/07/2022,EVV,IN,AGL,CE,Combined TRACON& Tower with Radar,14,8,18,0,40,0,4,14,0,18,14,12,32,0,58,57,0,57,115
07/08/2022,EVV,IN,AGL,CE,Combined TRACON& Tower with Radar,8,6,16,13,43,0,2,20,0,22,8,8,36,13,65,70,5,75,140
07/09/2022,EVV,IN,AGL,CE,Combined TRACON& Tower with Radar,9,9,31,0,49,0,0,5,0,5,9,9,36,0,54,26,0,26,80
07/10/2022,EVV,IN,AGL,CE,Combined TRACON& Tower with Radar,12,11,25,0,48,0,2,34,0,36,12,13,59,0,84,66,0,66,150
07/11/2022,EVV,IN,AGL,CE,Combined TRACON& Tower with Radar,8,8,21,0,37,0,3,27,0,30,8,11,48,0,67,57,0,57,124
07/12/2022,EVV,IN,AGL,CE,Combined TRACON& Tower with Radar,6,7,27,0,40,0,3,46,0,49,6,10,73,0,89,105,0,105,194
07/13/2022,EVV,IN,AGL,CE,Combined TRACON& Tower with Radar,6,8,25,0,39,0,7,38,1,46,6,15,63,1,85,12,0,12,97
07/14/2022,EVV,IN,AGL,CE,Combined TRACON& Tower with Radar,14,11,22,0,47,0,4,39,2,45,14,15,61,2,92,62,0,62,154
07/15/2022,EVV,IN,AGL,CE,Combined TRACON& Tower with Radar,8,15,22,0,45,0,4,40,0,44,8,19,62,0,89,40,0,40,129
07/16/2022,EVV,IN,AGL,CE,Combined TRACON& Tower with Radar,8,11,19,2,40,0,2,34,0,36,8,13,53,2,76,20,0,20,96
07/17/2022,EVV,IN,AGL,CE,Combined TRACON& Tower with Radar,11,8,9,0,28,0,0,0,0,0,11,8,9,0,28,0,0,0,28
07/18/2022,EVV,IN,AGL,CE,Combined TRACON& Tower with Radar,7,13,19,2,41,0,1,15,0,16,7,14,34,2,57,0,0,0,57
07/19/2022,EVV,IN,AGL,CE,Combined TRACON& Tower with Radar,8,16,45,22,91,0,4,33,2,39,8,20,78,24,130,57,18,75,205
07/20/2022,EVV,IN,AGL,CE,Combined TRACON& Tower with Radar,4,13,26,0,43,0,2,13,0,15,4,15,39,0,58,5,0,5,63
07/21/2022,EVV,IN,AGL,CE,Combined TRACON& Tower with Radar,12,8,38,0,58,0,1,60,0,61,12,9,98,0,119,48,0,48,167
07/22/2022,EVV,IN,AGL,CE,Combined TRACON& Tower with Radar,7,13,14,0,34,0,5,56,0,61,7,18,70,0,95,6,0,6,101
07/23/2022,EVV,IN,AGL,CE,Combined TRACON& Tower with Radar,8,9,11,2,30,0,7,31,2,40,8,16,42,4,70,37,6,43,113
07/24/2022,EVV,IN,AGL,CE,Combined TRACON& Tower with Radar,11,7,12,0,30,0,5,15,0,20,11,12,27,0,50,0,0,0,50
07/25/2022,EVV,IN,AGL,CE,Combined TRACON& Tower with Radar,7,6,26,4,43,0,2,6,0,8,7,8,32,4,51,26,0,26,77
07/26/2022,EVV,IN,AGL,CE,Combined TRACON& Tower with Radar,6,11,11,0,28,0,5,4,0,9,6,16,15,0,37,6,0,6,43
07/27/2022,EVV,IN,AGL,CE,Combined TRACON& Tower with Radar,5,7,20,8,40,0,2,7,0,9,5,9,27,8,49,28,25,53,102
07/28/2022,EVV,IN,AGL,CE,Combined TRACON& Tower with Radar,11,8,18,16,53,0,2,5,0,7,11,10,23,16,60,15,0,15,75
07/29/2022,EVV,IN,AGL,CE,Combined TRACON& Tower with Radar,7,8,21,0,36,0,0,20,0,20,7,8,41,0,56,13,0,13,69
07/30/2022,EVV,IN,AGL,CE,Combined TRACON& Tower with Radar,8,4,12,0,24,0,3,61,0,64,8,7,73,0,88,28,0,28,116
07/31/2022,EVV,IN,AGL,CE,Combined TRACON& Tower with Radar,11,5,20,0,36,0,2,1,0,3,11,7,21,0,39,0,0,0,39
08/01/2022,EVV,IN,AGL,CE,Combined TRACON& Tower with Radar,10,15,34,0,59,0,2,8,0,10,10,17,42,0,69,62,0,62,131
08/02/2022,EVV,IN,AGL,CE,Combined TRACON& Tower with Radar,6,9,17,1,33,0,1,4,0,5,6,10,21,1,38,12,0,12,50
08/03/2022,EVV,IN,AGL,CE,Combined TRACON& Tower with Radar,7,16,17,17,57,0,2,10,1,13,7,18,27,18,70,89,38,127,197
08/04/2022,EVV,IN,AGL,CE,Combined TRACON& Tower with Radar,13,7,13,0,33,0,2,0,0,2,13,9,13,0,35,0,0,0,35
08/05/2022,EVV,IN,AGL,CE,Combined TRACON& Tower with Radar,8,10,23,0,41,0,0,3,0,3,8,10,26,0,44,0,0,0,44
08/06/2022,EVV,IN,AGL,CE,Combined TRACON& Tower with Radar,8,7,16,0,31,0,1,22,2,25,8,8,38,2,56,16,0,16,72
08/07/2022,EVV,IN,AGL,CE,Combined TRACON& Tower with Radar,14,7,16,1,38,0,4,35,3,42,14,11,51,4,80,5,0,5,85
08/08/2022,EVV,IN,AGL,CE,Combined TRACON& Tower with Radar,9,17,28,18,72,0,5,35,0,40,9,22,63,18,112,43,32,75,187
08/09/2022,EVV,IN,AGL,CE,Combined TRACON& Tower with Radar,8,13,29,0,50,0,1,24,0,25,8,14,53,0,75,34,0,34,109
08/10/2022,EVV,IN,AGL,CE,Combined TRACON& Tower with Radar,12,11,40,0,63,0,0,5,0,5,12,11,45,0,68,6,0,6,74
08/11/2022,EVV,IN,AGL,CE,Combined TRACON& Tower with Radar,14,7,25,0,46,0,2,42,0,44,14,9,67,0,90,100,0,100,190
08/12/2022,EVV,IN,AGL,CE,Combined TRACON& Tower with Radar,8,21,27,20,76,0,6,42,2,50,8,27,69,22,126,112,64,176,302
08/13/2022,EVV,IN,AGL,CE,Combined TRACON& Tower with Radar,9,3,9,4,25,0,3,26,2,31,9,6,35,6,56,46,0,46,102
08/14/2022,EVV,IN,AGL,CE,Combined TRACON& Tower with Radar,12,11,3,0,26,0,1,17,0,18,12,12,20,0,44,0,0,0,44
08/15/2022,EVV,IN,AGL,CE,Combined TRACON& Tower with Radar,8,8,21,0,37,0,5,13,0,18,8,13,34,0,55,31,0,31,86
08/16/2022,EVV,IN,AGL,CE,Combined TRACON& Tower with Radar,8,13,19,0,40,0,2,22,2,26,8,15,41,2,66,81,0,81,147
08/17/2022,EVV,IN,AGL,CE,Combined TRACON& Tower with Radar,6,12,37,2,57,0,3,25,4,32,6,15,62,6,89,36,0,36,125
08/18/2022,EVV,IN,AGL,CE,Combined TRACON& Tower with Radar,9,9,30,7,55,0,3,35,1,39,9,12,65,8,94,23,0,23,117
08/19/2022,EVV,IN,AGL,CE,Combined TRACON& Tower with Radar,7,27,30,23,87,0,5,35,6,46,7,32,65,29,133,62,37,99,232
08/20/2022,EVV,IN,AGL,CE,Combined TRACON& Tower with Radar,6,6,10,4,26,0,4,22,2,28,6,10,32,6,54,70,0,70,124
08/21/2022,EVV,IN,AGL,CE,Combined TRACON& Tower with Radar,9,8,21,0,38,0,5,20,0,25,9,13,41,0,63,49,0,49,112
08/22/2022,EVV,IN,AGL,CE,Combined TRACON& Tower with Radar,3,18,25,34,80,0,7,17,0,24,3,25,42,34,104,95,54,149,253
08/23/2022,EVV,IN,AGL,CE,Combined TRACON& Tower with Radar,7,23,30,8,68,0,5,20,0,25,7,28,50,8,93,38,12,50,143
08/24/2022,EVV,IN,AGL,CE,Combined TRACON& Tower with Radar,9,17,27,6,59,0,6,27,1,34,9,23,54,7,93,113,8,121,214
08/25/2022,EVV,IN,AGL,CE,Combined TRACON& Tower with Radar,11,12,44,3,70,0,0,24,1,25,11,12,68,4,95,37,3,40,135
08/26/2022,EVV,IN,AGL,CE,Combined TRACON& Tower with Radar,9,19,19,74,121,0,7,16,4,27,9,26,35,78,148,128,66,194,342
08/27/2022,EVV,IN,AGL,CE,Combined TRACON& Tower with Radar,8,9,18,9,44,0,3,40,5,48,8,12,58,14,92,20,0,20,112
08/28/2022,EVV,IN,AGL,CE,Combined TRACON& Tower with Radar,11,10,7,14,42,0,4,14,2,20,11,14,21,16,62,20,8,28,90
08/29/2022,EVV,IN,AGL,CE,Combined TRACON& Tower with Radar,7,18,8,0,33,0,5,6,0,11,7,23,14,0,44,43,0,43,87
08/30/2022,EVV,IN,AGL,CE,Combined TRACON& Tower with Radar,8,13,23,0,44,0,6,3,6,15,8,19,26,6,59,59,0,59,118
08/31/2022,EVV,IN,AGL,CE,Combined TRACON& Tower with Radar,6,16,18,0,40,0,2,31,2,35,6,18,49,2,75,86,0,86,161
09/01/2022,EVV,IN,AGL,CE,Combined TRACON& Tower with Radar,9,20,36,0,65,0,8,18,2,28,9,28,54,2,93,4,0,4,97
09/02/2022,EVV,IN,AGL,CE,Combined TRACON& Tower with Radar,7,20,13,0,40,0,11,23,2,36,7,31,36,2,76,48,0,48,124
09/03/2022,EVV,IN,AGL,CE,Combined TRACON& Tower with Radar,5,6,3,0,14,0,0,11,0,11,5,6,14,0,25,0,0,0,25
09/04/2022,EVV,IN,AGL,CE,Combined TRACON& Tower with Radar,7,14,3,0,24,0,0,4,0,4,7,14,7,0,28,0,0,0,28
09/05/2022,EVV,IN,AGL,CE,Combined TRACON& Tower with Radar,7,9,6,0,22,0,0,2,0,2,7,9,8,0,24,0,0,0,24
09/06/2022,EVV,IN,AGL,CE,Combined TRACON& Tower with Radar,7,9,10,0,26,0,3,3,0,6,7,12,13,0,32,14,0,14,46
09/07/2022,EVV,IN,AGL,CE,Combined TRACON& Tower with Radar,5,16,21,21,63,0,6,13,1,20,5,22,34,22,83,76,14,90,173
09/08/2022,EVV,IN,AGL,CE,Combined TRACON& Tower with Radar,9,12,31,2,54,0,5,32,0,37,9,17,63,2,91,35,0,35,126
09/09/2022,EVV,IN,AGL,CE,Combined TRACON& Tower with Radar,7,12,14,24,57,0,5,28,0,33,7,17,42,24,90,40,8,48,138
09/10/2022,EVV,IN,AGL,CE,Combined TRACON& Tower with Radar,5,6,8,0,19,0,5,28,0,33,5,11,36,0,52,41,0,41,93
09/11/2022,EVV,IN,AGL,CE,Combined TRACON& Tower with Radar,9,7,16,0,32,0,3,4,2,9,9,10,20,2,41,0,0,0,41
09/12/2022,EVV,IN,AGL,CE,Combined TRACON& Tower with Radar,11,10,35,7,63,0,8,19,0,27,11,18,54,7,90,60,14,74,164
09/13/2022,EVV,IN,AGL,CE,Combined TRACON& Tower with Radar,7,13,16,9,45,0,3,17,0,20,7,16,33,9,65,64,10,74,139
09/14/2022,EVV,IN,AGL,CE,Combined TRACON& Tower with Radar,8,15,27,3,53,0,9,32,1,42,8,24,59,4,95,56,0,56,151
09/15/2022,EVV,IN,AGL,CE,Combined TRACON& Tower with Radar,10,9,16,2,37,0,2,30,1,33,10,11,46,3,70,8,0,8,78
09/16/2022,EVV,IN,AGL,CE,Combined TRACON& Tower with Radar,10,13,31,13,67,0,2,20,1,23,10,15,51,14,90,70,28,98,188
09/17/2022,EVV,IN,AGL,CE,Combined TRACON& Tower with Radar,5,6,7,19,37,0,2,30,2,34,5,8,37,21,71,32,41,73,144
09/18/2022,EVV,IN,AGL,CE,Combined TRACON& Tower with Radar,11,7,19,0,37,0,5,22,0,27,11,12,41,0,64,8,0,8,72
09/19/2022,EVV,IN,AGL,CE,Combined TRACON& Tower with Radar,9,16,19,3,47,0,7,15,1,23,9,23,34,4,70,21,0,21,91
09/20/2022,EVV,IN,AGL,CE,Combined TRACON& Tower with Radar,7,11,38,13,69,0,2,13,1,16,7,13,51,14,85,68,14,82,167
09/21/2022,EVV,IN,AGL,CE,Combined TRACON& Tower with Radar,7,14,18,6,45,0,6,16,0,22,7,20,34,6,67,10,17,27,94
09/22/2022,EVV,IN,AGL,CE,Combined TRACON& Tower with Radar,11,18,27,7,63,0,10,49,0,59,11,28,76,7,122,19,0,19,141
09/23/2022,EVV,IN,AGL,CE,Combined TRACON& Tower with Radar,9,15,23,16,63,0,3,30,2,35,9,18,53,18,98,24,29,53,151
09/24/2022,EVV,IN,AGL,CE,Combined TRACON& Tower with Radar,5,8,11,0,24,0,0,27,0,27,5,8,38,0,51,12,0,12,63
09/25/2022,EVV,IN,AGL,CE,Combined TRACON& Tower with Radar,11,12,14,0,37,0,4,8,0,12,11,16,22,0,49,8,0,8,57
09/26/2022,EVV,IN,AGL,CE,Combined TRACON& Tower with Radar,9,7,19,14,49,0,16,15,0,31,9,23,34,14,80,20,22,42,122
09/27/2022,EVV,IN,AGL,CE,Combined TRACON& Tower with Radar,7,9,22,0,38,0,5,22,0,27,7,14,44,0,65,46,0,46,111
09/28/2022,EVV,IN,AGL,CE,Combined TRACON& Tower with Radar,7,18,29,2,56,0,3,28,0,31,7,21,57,2,87,46,14,60,147
09/29/2022,EVV,IN,AGL,CE,Combined TRACON& Tower with Radar,9,15,31,2,57,0,4,26,1,31,9,19,57,3,88,0,0,0,88
09/30/2022,EVV,IN,AGL,CE,Combined TRACON& Tower with Radar,9,69,11,17,106,0,9,19,7,35,9,78,30,24,141,14,63,77,218
10/01/2022,EVV,IN,AGL,CE,Combined TRACON& Tower with Radar,6,4,14,0,24,0,8,29,0,37,6,12,43,0,61,0,0,0,61
10/02/2022,EVV,IN,AGL,CE,Combined TRACON& Tower with Radar,13,4,13,7,37,0,2,6,17,25,13,6,19,24,62,0,0,0,62
10/03/2022,EVV,IN,AGL,CE,Combined TRACON& Tower with Radar,11,3,16,1,31,0,11,14,1,26,11,14,30,2,57,42,0,42,99
10/04/2022,EVV,IN,AGL,CE,Combined TRACON& Tower with Radar,7,8,17,8,40,0,9,29,0,38,7,17,46,8,78,28,0,28,106
10/05/2022,EVV,IN,AGL,CE,Combined TRACON& Tower with Radar,8,5,21,0,34,0,2,22,0,24,8,7,43,0,58,38,0,38,96
10/06/2022,EVV,IN,AGL,CE,Combined TRACON& Tower with Radar,13,10,23,2,48,0,7,10,0,17,13,17,33,2,65,31,0,31,96
10/07/2022,EVV,IN,AGL,CE,Combined TRACON& Tower with Radar,9,12,13,2,36,0,6,15,0,21,9,18,28,2,57,8,7,15,72
10/08/2022,EVV,IN,AGL,CE,Combined TRACON& Tower with Radar,6,7,14,0,27,0,1,18,0,19,6,8,32,0,46,35,0,35,81
10/09/2022,EVV,IN,AGL,CE,Combined TRACON& Tower with Radar,10,7,10,0,27,0,3,18,0,21,10,10,28,0,48,0,0,0,48
10/10/2022,EVV,IN,AGL,CE,Combined TRACON& Tower with Radar,8,6,19,0,33,0,10,24,0,34,8,16,43,0,67,22,0,22,89
10/11/2022,EVV,IN,AGL,CE,Combined TRACON& Tower with Radar,7,10,27,0,44,0,1,24,2,27,7,11,51,2,71,4,0,4,75
10/12/2022,EVV,IN,AGL,CE,Combined TRACON& Tower with Radar,7,13,9,0,29,0,1,2,0,3,7,14,11,0,32,0,0,0,32
10/13/2022,EVV,IN,AGL,CE,Combined TRACON& Tower with Radar,13,9,20,0,42,0,6,15,0,21,13,15,35,0,63,0,0,0,63
10/14/2022,EVV,IN,AGL,CE,Combined TRACON& Tower with Radar,9,11,30,0,50,0,8,16,8,32,9,19,46,8,82,24,0,24,106
10/15/2022,EVV,IN,AGL,CE,Combined TRACON& Tower with Radar,7,12,8,0,27,0,9,31,4,44,7,21,39,4,71,20,0,20,91
10/16/2022,EVV,IN,AGL,CE,Combined TRACON& Tower with Radar,11,3,24,0,38,0,6,22,1,29,11,9,46,1,67,53,0,53,120
10/17/2022,EVV,IN,AGL,CE,Combined TRACON& Tower with Radar,7,7,25,8,47,0,6,12,1,19,7,13,37,9,66,5,0,5,71
10/18/2022,EVV,IN,AGL,CE,Combined TRACON& Tower with Radar,7,7,35,0,49,0,8,6,1,15,7,15,41,1,64,48,0,48,112
10/19/2022,EVV,IN,AGL,CE,Combined TRACON& Tower with Radar,8,16,28,3,55,0,2,29,2,33,8,18,57,5,88,26,0,26,114
10/20/2022,EVV,IN,AGL,CE,Combined TRACON& Tower with Radar,12,9,29,1,51,0,7,24,3,34,12,16,53,4,85,82,0,82,167
10/21/2022,EVV,IN,AGL,CE,Combined TRACON& Tower with Radar,9,9,20,0,38,0,2,22,0,24,9,11,42,0,62,47,0,47,109
10/22/2022,EVV,IN,AGL,CE,Combined TRACON& Tower with Radar,5,8,7,4,24,0,4,14,27,45,5,12,21,31,69,74,6,80,149
10/23/2022,EVV,IN,AGL,CE,Combined TRACON& Tower with Radar,11,5,18,0,34,0,0,7,0,7,11,5,25,0,41,8,0,8,49
10/24/2022,EVV,IN,AGL,CE,Combined TRACON& Tower with Radar,7,17,19,0,43,0,4,21,2,27,7,21,40,2,70,6,0,6,76
10/25/2022,EVV,IN,AGL,CE,Combined TRACON& Tower with Radar,7,11,10,0,28,0,2,0,0,2,7,13,10,0,30,19,0,19,49
10/26/2022,EVV,IN,AGL,CE,Combined TRACON& Tower with Radar,8,9,29,11,57,0,3,12,4,19,8,12,41,15,76,4,14,18,94
10/27/2022,EVV,IN,AGL,CE,Combined TRACON& Tower with Radar,12,15,23,15,65,0,4,17,3,24,12,19,40,18,89,39,0,39,128
10/28/2022,EVV,IN,AGL,CE,Combined TRACON& Tower with Radar,9,16,39,16,80,0,4,36,0,40,9,20,75,16,120,26,12,38,158
10/29/2022,EVV,IN,AGL,CE,Combined TRACON& Tower with Radar,7,9,5,0,21,0,0,22,0,22,7,9,27,0,43,24,0,24,67
10/30/2022,EVV,IN,AGL,CE,Combined TRACON& Tower with Radar,9,6,16,0,31,0,1,0,0,1,9,7,16,0,32,0,0,0,32
10/31/2022,EVV,IN,AGL,CE,Combined TRACON& Tower with Radar,6,7,19,0,32,0,0,1,1,2,6,7,20,1,34,0,0,0,34
11/01/2022,EVV,IN,AGL,CE,Combined TRACON& Tower with Radar,8,13,27,0,48,0,12,30,4,46,8,25,57,4,94,0,11,11,105
11/02/2022,EVV,IN,AGL,CE,Combined TRACON& Tower with Radar,8,10,30,2,50,0,7,24,0,31,8,17,54,2,81,20,0,20,101
11/03/2022,EVV,IN,AGL,CE,Combined TRACON& Tower with Radar,10,13,25,2,50,0,3,38,0,41,10,16,63,2,91,99,0,99,190
11/04/2022,EVV,IN,AGL,CE,Combined TRACON& Tower with Radar,6,8,20,9,43,0,4,21,6,31,6,12,41,15,74,29,8,37,111
11/05/2022,EVV,IN,AGL,CE,Combined TRACON& Tower with Radar,6,4,10,0,20,0,1,2,0,3,6,5,12,0,23,0,0,0,23
11/06/2022,EVV,IN,AGL,CE,Combined TRACON& Tower with Radar,8,4,18,6,36,0,9,18,0,27,8,13,36,6,63,2,0,2,65
11/07/2022,EVV,IN,AGL,CE,Combined TRACON& Tower with Radar,5,9,18,14,46,0,7,15,0,22,5,16,33,14,68,19,22,41,109
11/08/2022,EVV,IN,AGL,CE,Combined TRACON& Tower with Radar,6,10,36,2,54,0,7,31,0,38,6,17,67,2,92,14,0,14,106
11/09/2022,EVV,IN,AGL,CE,Combined TRACON& Tower with Radar,8,7,40,13,68,0,7,23,3,33,8,14,63,16,101,66,14,80,181
11/10/2022,EVV,IN,AGL,CE,Combined TRACON& Tower with Radar,7,12,21,0,40,0,4,10,0,14,7,16,31,0,54,22,0,22,76
11/11/2022,EVV,IN,AGL,CE,Combined TRACON& Tower with Radar,7,14,24,0,45,0,2,7,0,9,7,16,31,0,54,26,0,26,80
11/12/2022,EVV,IN,AGL,CE,Combined TRACON& Tower with Radar,6,11,3,0,20,0,0,4,0,4,6,11,7,0,24,9,0,9,33
11/13/2022,EVV,IN,AGL,CE,Combined TRACON& Tower with Radar,10,8,10,0,28,0,1,21,0,22,10,9,31,0,50,8,0,8,58
11/14/2022,EVV,IN,AGL,CE,Combined TRACON& Tower with Radar,7,9,28,0,44,0,5,21,1,27,7,14,49,1,71,0,0,0,71
11/15/2022,EVV,IN,AGL,CE,Combined TRACON& Tower with Radar,9,6,24,0,39,0,2,1,0,3,9,8,25,0,42,12,0,12,54
11/16/2022,EVV,IN,AGL,CE,Combined TRACON& Tower with Radar,8,12,20,0,40,0,2,5,0,7,8,14,25,0,47,0,0,0,47
11/17/2022,EVV,IN,AGL,CE,Combined TRACON& Tower with Radar,8,11,36,0,55,0,5,31,0,36,8,16,67,0,91,14,0,14,105
11/18/2022,EVV,IN,AGL,CE,Combined TRACON& Tower with Radar,8,11,17,0,36,0,6,18,0,24,8,17,35,0,60,77,0,77,137
11/19/2022,EVV,IN,AGL,CE,Combined TRACON& Tower with Radar,8,6,8,0,22,0,0,13,0,13,8,6,21,0,35,19,0,19,54
11/20/2022,EVV,IN,AGL,CE,Combined TRACON& Tower with Radar,8,14,19,0,41,0,15,25,0,40,8,29,44,0,81,63,0,63,144
11/21/2022,EVV,IN,AGL,CE,Combined TRACON& Tower with Radar,8,11,10,7,36,0,14,16,0,30,8,25,26,7,66,33,8,41,107
11/22/2022,EVV,IN,AGL,CE,Combined TRACON& Tower with Radar,10,9,19,15,53,0,14,45,1,60,10,23,64,16,113,79,16,95,208
11/23/2022,EVV,IN,AGL,CE,Combined TRACON& Tower with Radar,7,5,16,5,33,0,3,30,3,36,7,8,46,8,69,103,8,111,180
11/24/2022,EVV,IN,AGL,CE,Combined TRACON& Tower with Radar,4,2,3,0,9,0,3,13,0,16,4,5,16,0,25,2,0,2,27
11/25/2022,EVV,IN,AGL,CE,Combined TRACON& Tower with Radar,6,8,3,0,17,0,0,3,0,3,6,8,6,0,20,13,0,13,33
11/26/2022,EVV,IN,AGL,CE,Combined TRACON& Tower with Radar,10,4,13,0,27,0,2,26,0,28,10,6,39,0,55,0,0,0,55
11/27/2022,EVV,IN,AGL,CE,Combined TRACON& Tower with Radar,8,4,9,0,21,0,1,0,0,1,8,5,9,0,22,0,0,0,22
11/28/2022,EVV,IN,AGL,CE,Combined TRACON& Tower with Radar,7,9,19,6,41,0,2,7,1,10,7,11,26,7,51,40,0,40,91
11/29/2022,EVV,IN,AGL,CE,Combined TRACON& Tower with Radar,7,6,4,21,38,0,1,9,1,11,7,7,13,22,49,8,23,31,80
11/30/2022,EVV,IN,AGL,CE,Combined TRACON& Tower with Radar,8,10,22,14,54,0,2,13,2,17,8,12,35,16,71,0,42,42,113
12/01/2022,EVV,IN,AGL,CE,Combined TRACON& Tower with Radar,10,12,16,0,38,0,6,36,0,42,10,18,52,0,80,67,0,67,147
12/02/2022,EVV,IN,AGL,CE,Combined TRACON& Tower with Radar,7,12,9,6,34,0,4,3,0,7,7,16,12,6,41,20,4,24,65
12/03/2022,EVV,IN,AGL,CE,Combined TRACON& Tower with Radar,6,6,8,1,21,0,0,10,0,10,6,6,18,1,31,32,0,32,63
12/04/2022,EVV,IN,AGL,CE,Combined TRACON& Tower with Radar,10,9,20,0,39,0,9,36,0,45,10,18,56,0,84,38,0,38,122
12/05/2022,EVV,IN,AGL,CE,Combined TRACON& Tower with Radar,8,14,16,9,47,0,4,2,2,8,8,18,18,11,55,18,13,31,86
12/06/2022,EVV,IN,AGL,CE,Combined TRACON& Tower with Radar,7,12,18,0,37,0,0,0,0,0,7,12,18,0,37,0,0,0,37
12/07/2022,EVV,IN,AGL,CE,Combined TRACON& Tower with Radar,8,11,28,0,47,0,0,0,0,0,8,11,28,0,47,0,0,0,47
12/08/2022,EVV,IN,AGL,CE,Combined TRACON& Tower with Radar,9,9,14,0,32,0,0,0,0,0,9,9,14,0,32,0,0,0,32
12/09/2022,EVV,IN,AGL,CE,Combined TRACON& Tower with Radar,7,6,16,0,29,6,1,3,2,12,13,7,19,2,41,0,0,0,41
12/10/2022,EVV,IN,AGL,CE,Combined TRACON& Tower with Radar,3,8,7,0,18,0,1,1,0,2,3,9,8,0,20,0,0,0,20
12/11/2022,EVV,IN,AGL,CE,Combined TRACON& Tower with Radar,9,7,14,0,30,0,3,1,0,4,9,10,15,0,34,75,0,75,109
12/12/2022,EVV,IN,AGL,CE,Combined TRACON& Tower with Radar,7,14,11,26,58,0,5,29,4,38,7,19,40,30,96,90,44,134,230
12/13/2022,EVV,IN,AGL,CE,Combined TRACON& Tower with Radar,8,13,15,14,50,0,5,9,0,14,8,18,24,14,64,53,26,79,143
12/14/2022,EVV,IN,AGL,CE,Combined TRACON& Tower with Radar,8,11,7,0,26,0,0,0,0,0,8,11,7,0,26,0,0,0,26
12/15/2022,EVV,IN,AGL,CE,Combined TRACON& Tower with Radar,8,8,20,3,39,0,2,18,3,23,8,10,38,6,62,64,6,70,132
12/16/2022,EVV,IN,AGL,CE,Combined TRACON& Tower with Radar,10,14,16,8,48,0,1,13,2,16,10,15,29,10,64,6,7,13,77
12/17/2022,EVV,IN,AGL,CE,Combined TRACON& Tower with Radar,6,8,8,0,22,0,2,19,0,21,6,10,27,0,43,34,0,34,77
12/18/2022,EVV,IN,AGL,CE,Combined TRACON& Tower with Radar,8,8,11,0,27,0,10,31,1,42,8,18,42,1,69,48,0,48,117
12/19/2022,EVV,IN,AGL,CE,Combined TRACON& Tower with Radar,10,12,21,0,43,0,2,20,2,24,10,14,41,2,67,61,0,61,128
12/20/2022,EVV,IN,AGL,CE,Combined TRACON& Tower with Radar,7,9,33,24,73,0,4,36,1,41,7,13,69,25,114,99,27,126,240
12/21/2022,EVV,IN,AGL,CE,Combined TRACON& Tower with Radar,10,9,15,0,34,0,3,26,0,29,10,12,41,0,63,49,0,49,112
12/22/2022,EVV,IN,AGL,CE,Combined TRACON& Tower with Radar,7,4,7,0,18,0,0,0,0,0,7,4,7,0,18,0,0,0,18
12/23/2022,EVV,IN,AGL,CE,Combined TRACON& Tower with Radar,5,3,4,0,12,0,3,0,0,3,5,6,4,0,15,0,0,0,15
12/24/2022,EVV,IN,AGL,CE,Combined TRACON& Tower with Radar,8,3,5,0,16,0,0,0,0,0,8,3,5,0,16,0,0,0,16
12/25/2022,EVV,IN,AGL,CE,Combined TRACON& Tower with Radar,8,5,6,0,19,0,1,6,0,7,8,6,12,0,26,8,0,8,34
12/26/2022,EVV,IN,AGL,CE,Combined TRACON& Tower with Radar,7,7,8,0,22,0,3,0,0,3,7,10,8,0,25,0,0,0,25
12/27/2022,EVV,IN,AGL,CE,Combined TRACON& Tower with Radar,8,4,6,0,18,0,1,1,0,2,8,5,7,0,20,18,0,18,38
12/28/2022,EVV,IN,AGL,CE,Combined TRACON& Tower with Radar,9,11,12,0,32,0,2,22,0,24,9,13,34,0,56,45,0,45,101
12/29/2022,EVV,IN,AGL,CE,Combined TRACON& Tower with Radar,7,7,25,0,39,0,2,4,0,6,7,9,29,0,45,75,0,75,120
12/30/2022,EVV,IN,AGL,CE,Combined TRACON& Tower with Radar,8,5,7,0,20,0,2,1,0,3,8,7,8,0,23,39,0,39,62
12/31/2022,EVV,IN,AGL,CE,Combined TRACON& Tower with Radar,8,4,10,0,22,0,1,0,0,1,8,5,10,0,23,0,0,0,23
01/01/2023,EVV,IN,AGL,CE,Combined TRACON& Tower with Radar,6,7,9,0,22,0,0,0,0,0,6,7,9,0,22,0,0,0,22
01/02/2023,EVV,IN,AGL,CE,Combined TRACON& Tower with Radar,9,4,14,0,27,0,1,0,0,1,9,5,14,0,28,0,0,0,28
01/03/2023,EVV,IN,AGL,CE,Combined TRACON& Tower with Radar,9,14,12,6,41,0,5,6,2,13,9,19,18,8,54,0,0,0,54
01/04/2023,EVV,IN,AGL,CE,Combined TRACON& Tower with Radar,8,7,19,2,36,0,4,24,1,29,8,11,43,3,65,60,0,60,125
01/05/2023,EVV,IN,AGL,CE,Combined TRACON& Tower with Radar,10,5,11,0,26,0,0,26,0,26,10,5,37,0,52,103,0,103,155
01/06/2023,EVV,IN,AGL,CE,Combined TRACON& Tower with Radar,8,5,19,0,32,0,4,29,0,33,8,9,48,0,65,39,0,39,104
01/07/2023,EVV,IN,AGL,CE,Combined TRACON& Tower with Radar,6,9,6,0,21,0,1,12,0,13,6,10,18,0,34,68,0,68,102
01/08/2023,EVV,IN,AGL,CE,Combined TRACON& Tower with Radar,10,6,8,0,24,0,0,2,0,2,10,6,10,0,26,28,0,28,54
01/09/2023,EVV,IN,AGL,CE,Combined TRACON& Tower with Radar,7,12,17,4,40,0,5,18,0,23,7,17,35,4,63,42,0,42,105
01/10/2023,EVV,IN,AGL,CE,Combined TRACON& Tower with Radar,11,6,15,0,32,0,5,37,0,42,11,11,52,0,74,52,0,52,126
01/11/2023,EVV,IN,AGL,CE,Combined TRACON& Tower with Radar,11,5,15,0,31,0,1,1,0,2,11,6,16,0,33,0,0,0,33
01/12/2023,EVV,IN,AGL,CE,Combined TRACON& Tower with Radar,11,8,10,0,29,0,2,0,0,2,11,10,10,0,31,0,0,0,31
01/13/2023,EVV,IN,AGL,CE,Combined TRACON& Tower with Radar,9,5,9,0,23,0,1,0,0,1,9,6,9,0,24,0,0,0,24
01/14/2023,EVV,IN,AGL,CE,Combined TRACON& Tower with Radar,8,6,16,0,30,0,1,17,0,18,8,7,33,0,48,91,0,91,139
01/15/2023,EVV,IN,AGL,CE,Combined TRACON& Tower with Radar,12,4,14,0,30,0,7,33,0,40,12,11,47,0,70,68,0,68,138
01/16/2023,EVV,IN,AGL,CE,Combined TRACON& Tower with Radar,10,4,7,0,21,0,0,1,0,1,10,4,8,0,22,0,0,0,22
01/17/2023,EVV,IN,AGL,CE,Combined TRACON& Tower with Radar,10,5,13,1,29,0,0,25,3,28,10,5,38,4,57,10,0,10,67
01/18/2023,EVV,IN,AGL,CE,Combined TRACON& Tower with Radar,10,6,13,0,29,0,1,4,0,5,10,7,17,0,34,55,0,55,89
01/19/2023,EVV,IN,AGL,CE,Combined TRACON& Tower with Radar,14,6,18,0,38,0,1,6,0,7,14,7,24,0,45,0,0,0,45
01/20/2023,EVV,IN,AGL,CE,Combined TRACON& Tower with Radar,10,15,8,0,33,0,0,11,0,11,10,15,19,0,44,42,0,42,86
01/21/2023,EVV,IN,AGL,CE,Combined TRACON& Tower with Radar,10,8,7,0,25,0,1,21,0,22,10,9,28,0,47,83,0,83,130
01/22/2023,EVV,IN,AGL,CE,Combined TRACON& Tower with Radar,11,8,7,0,26,0,1,0,0,1,11,9,7,0,27,0,0,0,27
01/23/2023,EVV,IN,AGL,CE,Combined TRACON& Tower with Radar,10,5,16,13,44,0,4,11,1,16,10,9,27,14,60,10,4,14,74
01/24/2023,EVV,IN,AGL,CE,Combined TRACON& Tower with Radar,9,11,17,1,38,0,2,21,1,24,9,13,38,2,62,76,0,76,138
01/25/2023,EVV,IN,AGL,CE,Combined TRACON& Tower with Radar,10,6,5,0,21,0,0,0,0,0,10,6,5,0,21,0,0,0,21
01/26/2023,EVV,IN,AGL,CE,Combined TRACON& Tower with Radar,12,6,10,1,29,0,9,4,1,14,12,15,14,2,43,31,0,31,74
01/27/2023,EVV,IN,AGL,CE,Combined TRACON& Tower with Radar,10,7,18,0,35,0,4,14,1,19,10,11,32,1,54,28,0,28,82
01/28/2023,EVV,IN,AGL,CE,Combined TRACON& Tower with Radar,10,9,12,0,31,0,14,25,2,41,10,23,37,2,72,83,0,83,155
01/29/2023,EVV,IN,AGL,CE,Combined TRACON& Tower with Radar,12,6,15,0,33,0,0,0,0,0,12,6,15,0,33,0,0,0,33
01/30/2023,EVV,IN,AGL,CE,Combined TRACON& Tower with Radar,7,5,3,0,15,0,0,0,0,0,7,5,3,0,15,0,0,0,15
01/31/2023,EVV,IN,AGL,CE,Combined TRACON& Tower with Radar,7,9,14,0,30,0,1,1,0,2,7,10,15,0,32,0,0,0,32
02/01/2023,EVV,IN,AGL,CE,Combined TRACON& Tower with Radar,8,12,18,0,38,0,9,15,0,24,8,21,33,0,62,81,0,81,143
02/02/2023,EVV,IN,AGL,CE,Combined TRACON& Tower with Radar,9,15,12,0,36,0,6,36,0,42,9,21,48,0,78,118,0,118,196
02/03/2023,EVV,IN,AGL,CE,Combined TRACON& Tower with Radar,8,10,25,1,44,0,3,21,1,25,8,13,46,2,69,41,0,41,110
02/04/2023,EVV,IN,AGL,CE,Combined TRACON& Tower with Radar,7,8,8,0,23,0,2,19,2,23,7,10,27,2,46,49,0,49,95
02/05/2023,EVV,IN,AGL,CE,Combined TRACON& Tower with Radar,11,6,6,0,23,0,4,3,0,7,11,10,9,0,30,45,0,45,75
02/06/2023,EVV,IN,AGL,CE,Combined TRACON& Tower with Radar,7,4,20,2,33,0,4,22,0,26,7,8,42,2,59,36,0,36,95
02/07/2023,EVV,IN,AGL,CE,Combined TRACON& Tower with Radar,7,9,22,2,40,0,0,16,2,18,7,9,38,4,58,0,0,0,58
02/08/2023,EVV,IN,AGL,CE,Combined TRACON& Tower with Radar,7,8,18,0,33,0,1,4,0,5,7,9,22,0,38,20,0,20,58
02/09/2023,EVV,IN,AGL,CE,Combined TRACON& Tower with Radar,10,9,11,1,31,0,2,2,0,4,10,11,13,1,35,0,0,0,35
02/10/2023,EVV,IN,AGL,CE,Combined TRACON& Tower with Radar,8,8,11,0,27,0,1,5,0,6,8,9,16,0,33,47,0,47,80
02/11/2023,EVV,IN,AGL,CE,Combined TRACON& Tower with Radar,7,8,11,0,26,0,4,25,0,29,7,12,36,0,55,34,0,34,89
02/12/2023,EVV,IN,AGL,CE,Combined TRACON& Tower with Radar,9,13,5,0,27,0,6,18,0,24,9,19,23,0,51,39,0,39,90
02/13/2023,EVV,IN,AGL,CE,Combined TRACON& Tower with Radar,7,5,24,0,36,0,6,34,0,40,7,11,58,0,76,22,0,22,98
02/14/2023,EVV,IN,AGL,CE,Combined TRACON& Tower with Radar,7,8,5,1,21,0,5,11,1,17,7,13,16,2,38,15,0,15,53
02/15/2023,EVV,IN,AGL,CE,Combined TRACON& Tower with Radar,7,9,14,0,30,0,0,30,0,30,7,9,44,0,60,22,0,22,82
02/16/2023,EVV,IN,AGL,CE,Combined TRACON& Tower with Radar,9,10,8,0,27,0,1,0,0,1,9,11,8,0,28,0,0,0,28
02/17/2023,EVV,IN,AGL,CE,Combined TRACON& Tower with Radar,7,8,6,0,21,0,0,13,0,13,7,8,19,0,34,11,0,11,45
02/18/2023,EVV,IN,AGL,CE,Combined TRACON& Tower with Radar,8,5,3,0,16,0,10,28,0,38,8,15,31,0,54,24,0,24,78
02/19/2023,EVV,IN,AGL,CE,Combined TRACON& Tower with Radar,9,5,8,0,22,0,1,16,0,17,9,6,24,0,39,8,0,8,47
02/20/2023,EVV,IN,AGL,CE,Combined TRACON& Tower with Radar,7,7,17,0,31,0,16,37,0,53,7,23,54,0,84,2,0,2,86
02/21/2023,EVV,IN,AGL,CE,Combined TRACON& Tower with Radar,7,11,14,0,32,0,6,28,0,34,7,17,42,0,66,35,0,35,101
02/22/2023,EVV,IN,AGL,CE,Combined TRACON& Tower with Radar,9,19,12,4,44,0,6,0,0,6,9,25,12,4,50,23,0,23,73
02/23/2023,EVV,IN,AGL,CE,Combined TRACON& Tower with Radar,9,18,20,9,56,0,3,9,1,13,9,21,29,10,69,0,0,0,69
02/24/2023,EVV,IN,AGL,CE,Combined TRACON& Tower with Radar,7,15,21,20,63,0,13,19,0,32,7,28,40,20,95,20,15,35,130
02/25/2023,EVV,IN,AGL,CE,Combined TRACON& Tower with Radar,7,8,9,0,24,0,0,35,1,36,7,8,44,1,60,53,0,53,113
02/26/2023,EVV,IN,AGL,CE,Combined TRACON& Tower with Radar,9,10,18,14,51,0,3,9,0,12,9,13,27,14,63,78,2,80,143
02/27/2023,EVV,IN,AGL,CE,Combined TRACON& Tower with Radar,7,9,8,1,25,0,3,1,0,4,7,12,9,1,29,0,0,0,29
02/28/2023,EVV,IN,AGL,CE,Combined TRACON& Tower with Radar,7,19,12,13,51,0,9,33,0,42,7,28,45,13,93,100,0,100,193
03/01/2023,EVV,IN,AGL,CE,Combined TRACON& Tower with Radar,8,14,13,10,45,0,5,28,6,39,8,19,41,16,84,0,7,7,91
03/02/2023,EVV,IN,AGL,CE,Combined TRACON& Tower with Radar,8,13,20,8,49,0,7,19,0,26,8,20,39,8,75,56,7,63,138
03/03/2023,EVV,IN,AGL,CE,Combined TRACON& Tower with Radar,8,8,3,0,19,0,1,0,0,1,8,9,3,0,20,0,0,0,20
03/04/2023,EVV,IN,AGL,CE,Combined TRACON& Tower with Radar,7,8,20,0,35,0,6,35,0,41,7,14,55,0,76,57,0,57,133
03/05/2023,EVV,IN,AGL,CE,Combined TRACON& Tower with Radar,12,8,17,0,37,0,7,39,0,46,12,15,56,0,83,64,0,64,147
03/06/2023,EVV,IN,AGL,CE,Combined TRACON& Tower with Radar,8,11,16,0,35,0,8,28,0,36,8,19,44,0,71,52,0,52,123
03/07/2023,EVV,IN,AGL,CE,Combined TRACON& Tower with Radar,8,19,16,12,55,0,4,34,0,38,8,23,50,12,93,145,17,162,255
03/08/2023,EVV,IN,AGL,CE,Combined TRACON& Tower with Radar,8,13,21,10,52,0,2,14,0,16,8,15,35,10,68,24,22,46,114
03/09/2023,EVV,IN,AGL,CE,Combined TRACON& Tower with Radar,11,18,13,2,44,0,0,13,1,14,11,18,26,3,58,82,0,82,140
03/10/2023,EVV,IN,AGL,CE,Combined TRACON& Tower with Radar,8,18,15,4,45,0,1,7,2,10,8,19,22,6,55,24,16,40,95
03/11/2023,EVV,IN,AGL,CE,Combined TRACON& Tower with Radar,8,6,9,0,23,0,3,10,0,13,8,9,19,0,36,65,0,65,101
03/12/2023,EVV,IN,AGL,CE,Combined TRACON& Tower with Radar,10,5,6,12,33,0,2,0,0,2,10,7,6,12,35,0,0,0,35
03/13/2023,EVV,IN,AGL,CE,Combined TRACON& Tower with Radar,9,6,12,0,27,0,2,8,1,11,9,8,20,1,38,24,0,24,62
03/14/2023,EVV,IN,AGL,CE,Combined TRACON& Tower with Radar,8,11,25,0,44,0,6,23,0,29,8,17,48,0,73,9,0,9,82
03/15/2023,EVV,IN,AGL,CE,Combined TRACON& Tower with Radar,8,17,14,8,47,0,8,38,0,46,8,25,52,8,93,68,16,84,177
03/16/2023,EVV,IN,AGL,CE,Combined TRACON& Tower with Radar,9,11,7,4,31,0,5,13,0,18,9,16,20,4,49,15,0,15,64
03/17/2023,EVV,IN,AGL,CE,Combined TRACON& Tower with Radar,7,11,16,12,46,0,1,5,0,6,7,12,21,12,52,22,0,22,74
03/18/2023,EVV,IN,AGL,CE,Combined TRACON& Tower with Radar,8,15,7,0,30,0,2,11,0,13,8,17,18,0,43,2,0,2,45
03/19/2023,EVV,IN,AGL,CE,Combined TRACON& Tower with Radar,11,10,29,0,50,0,15,20,0,35,11,25,49,0,85,16,0,16,101
03/20/2023,EVV,IN,AGL,CE,Combined TRACON& Tower with Radar,7,12,13,8,40,0,4,36,4,44,7,16,49,12,84,49,0,49,133
03/21/2023,EVV,IN,AGL,CE,Combined TRACON& Tower with Radar,7,12,9,0,28,0,2,20,0,22,7,14,29,0,50,19,0,19,69
03/22/2023,EVV,IN,AGL,CE,Combined TRACON& Tower with Radar,7,23,12,2,44,0,1,0,0,1,7,24,12,2,45,28,0,28,73
03/23/2023,EVV,IN,AGL,CE,Combined TRACON& Tower with Radar,12,25,16,6,59,0,1,7,1,9,12,26,23,7,68,11,0,11,79
03/24/2023,EVV,IN,AGL,CE,Combined TRACON& Tower with Radar,7,25,8,0,40,0,0,0,0,0,7,25,8,0,40,0,0,0,40
03/25/2023,EVV,IN,AGL,CE,Combined TRACON& Tower with Radar,8,8,12,0,28,0,6,13,0,19,8,14,25,0,47,0,0,0,47
03/26/2023,EVV,IN,AGL,CE,Combined TRACON& Tower with Radar,10,10,18,0,38,0,3,28,2,33,10,13,46,2,71,0,0,0,71
03/27/2023,EVV,IN,AGL,CE,Combined TRACON& Tower with Radar,7,9,11,0,27,0,0,2,0,2,7,9,13,0,29,55,0,55,84
03/28/2023,EVV,IN,AGL,CE,Combined TRACON& Tower with Radar,6,12,24,0,42,0,6,25,0,31,6,18,49,0,73,58,0,58,131
03/29/2023,EVV,IN,AGL,CE,Combined TRACON& Tower with Radar,8,11,14,0,33,0,12,30,0,42,8,23,44,0,75,34,0,34,109
03/30/2023,EVV,IN,AGL,CE,Combined TRACON& Tower with Radar,9,15,9,0,33,0,12,31,1,44,9,27,40,1,77,77,0,77,154
03/31/2023,EVV,IN,AGL,CE,Combined TRACON& Tower with Radar,6,9,9,0,24,0,0,1,0,1,6,9,10,0,25,0,0,0,25
04/01/2023,EVV,IN,AGL,CE,Combined TRACON& Tower with Radar,8,7,12,0,27,0,1,5,0,6,8,8,17,0,33,0,0,0,33
04/02/2023,EVV,IN,AGL,CE,Combined TRACON& Tower with Radar,9,16,20,0,45,0,4,42,0,46,9,20,62,0,91,86,0,86,177
04/03/2023,EVV,IN,AGL,CE,Combined TRACON& Tower with Radar,8,13,10,0,31,0,1,8,0,9,8,14,18,0,40,22,0,22,62
04/04/2023,EVV,IN,AGL,CE,Combined TRACON& Tower with Radar,10,9,5,0,24,0,5,0,0,5,10,14,5,0,29,27,0,27,56
04/05/2023,EVV,IN,AGL,CE,Combined TRACON& Tower with Radar,8,9,5,0,22,0,2,2,0,4,8,11,7,0,26,4,0,4,30
04/06/2023,EVV,IN,AGL,CE,Combined TRACON& Tower with Radar,12,17,18,1,48,0,3,36,0,39,12,20,54,1,87,102,0,102,189
04/07/2023,EVV,IN,AGL,CE,Combined TRACON& Tower with Radar,10,13,25,37,85,0,4,13,3,20,10,17,38,40,105,102,7,109,214
04/08/2023,EVV,IN,AGL,CE,Combined TRACON& Tower with Radar,10,11,12,6,39,0,6,10,0,16,10,17,22,6,55,5,0,5,60
04/09/2023,EVV,IN,AGL,CE,Combined TRACON& Tower with Radar,10,10,16,0,36,0,4,22,0,26,10,14,38,0,62,8,0,8,70
04/10/2023,EVV,IN,AGL,CE,Combined TRACON& Tower with Radar,10,17,23,6,56,0,22,48,0,70,10,39,71,6,126,64,0,64,190
04/11/2023,EVV,IN,AGL,CE,Combined TRACON& Tower with Radar,10,14,9,12,45,0,9,34,0,43,10,23,43,12,88,129,2,131,219
04/12/2023,EVV,IN,AGL,CE,Combined TRACON& Tower with Radar,10,13,11,2,36,0,8,35,0,43,10,21,46,2,79,114,0,114,193
04/13/2023,EVV,IN,AGL,CE,Combined TRACON& Tower with Radar,12,12,21,6,51,0,10,53,1,64,12,22,74,7,115,57,0,57,172
04/14/2023,EVV,IN,AGL,CE,Combined TRACON& Tower with Radar,10,11,22,0,43,0,5,35,0,40,10,16,57,0,83,103,0,103,186
04/15/2023,EVV,IN,AGL,CE,Combined TRACON& Tower with Radar,9,8,9,0,26,0,3,17,4,24,9,11,26,4,50,42,0,42,92
04/16/2023,EVV,IN,AGL,CE,Combined TRACON& Tower with Radar,12,5,15,0,32,0,1,2,0,3,12,6,17,0,35,0,0,0,35
04/17/2023,EVV,IN,AGL,CE,Combined TRACON& Tower with Radar,12,10,12,0,34,0,0,7,0,7,12,10,19,0,41,10,0,10,51
04/18/2023,EVV,IN,AGL,CE,Combined TRACON& Tower with Radar,10,16,28,4,58,0,9,52,1,62,10,25,80,5,120,55,0,55,175
04/19/2023,EVV,IN,AGL,CE,Combined TRACON& Tower with Radar,12,15,30,0,57,0,3,26,0,29,12,18,56,0,86,22,0,22,108
04/20/2023,EVV,IN,AGL,CE,Combined TRACON& Tower with Radar,11,19,15,0,45,0,3,8,0,11,11,22,23,0,56,16,0,16,72
04/21/2023,EVV,IN,AGL,CE,Combined TRACON& Tower with Radar,9,25,17,0,51,0,2,0,0,2,9,27,17,0,53,1,0,1,54
04/22/2023,EVV,IN,AGL,CE,Combined TRACON& Tower with Radar,13,13,11,0,37,0,4,4,0,8,13,17,15,0,45,28,0,28,73
04/23/2023,EVV,IN,AGL,CE,Combined TRACON& Tower with Radar,14,10,15,0,39,0,6,16,2,24,14,16,31,2,63,22,0,22,85
04/24/2023,EVV,IN,AGL,CE,Combined TRACON& Tower with Radar,10,11,13,7,41,0,8,29,4,41,10,19,42,11,82,41,10,51,133
04/25/2023,EVV,IN,AGL,CE,Combined TRACON& Tower with Radar,9,19,30,3,61,0,8,41,1,50,9,27,71,4,111,22,0,22,133
04/26/2023,EVV,IN,AGL,CE,Combined TRACON& Tower with Radar,10,14,29,2,55,0,8,29,3,40,10,22,58,5,95,32,0,32,127
04/27/2023,EVV,IN,AGL,CE,Combined TRACON& Tower with Radar,12,14,18,16,60,0,1,8,1,10,12,15,26,17,70,23,25,48,118
04/28/2023,EVV,IN,AGL,CE,Combined TRACON& Tower with Radar,9,22,21,0,52,0,2,3,0,5,9,24,24,0,57,24,0,24,81
04/29/2023,EVV,IN,AGL,CE,Combined TRACON& Tower with Radar,10,5,16,0,31,0,2,15,0,17,10,7,31,0,48,59,0,59,107
04/30/2023,EVV,IN,AGL,CE,Combined TRACON& Tower with Radar,12,7,7,0,26,0,0,9,0,9,12,7,16,0,35,0,0,0,35
05/01/2023,EVV,IN,AGL,CE,Combined TRACON& Tower with Radar,10,6,10,0,26,0,2,6,0,8,10,8,16,0,34,0,0,0,34
05/02/2023,EVV,IN,AGL,CE,Combined TRACON& Tower with Radar,10,20,26,0,56,0,5,6,1,12,10,25,32,1,68,0,0,0,68
05/03/2023,EVV,IN,AGL,CE,Combined TRACON& Tower with Radar,10,15,34,1,60,0,2,23,3,28,10,17,57,4,88,18,0,18,106
05/04/2023,EVV,IN,AGL,CE,Combined TRACON& Tower with Radar,12,20,42,0,74,0,6,37,0,43,12,26,79,0,117,105,0,105,222
05/05/2023,EVV,IN,AGL,CE,Combined TRACON& Tower with Radar,10,15,20,4,49,0,9,13,0,22,10,24,33,4,71,49,0,49,120
05/06/2023,EVV,IN,AGL,CE,Combined TRACON& Tower with Radar,9,13,17,0,39,0,3,22,24,49,9,16,39,24,88,33,0,33,121
05/07/2023,EVV,IN,AGL,CE,Combined TRACON& Tower with Radar,12,12,8,0,32,0,0,1,0,1,12,12,9,0,33,0,0,0,33
05/08/2023,EVV,IN,AGL,CE,Combined TRACON& Tower with Radar,12,11,4,0,27,0,1,12,2,15,12,12,16,2,42,63,0,63,105
05/09/2023,EVV,IN,AGL,CE,Combined TRACON& Tower with Radar,7,22,11,4,44,0,7,20,0,27,7,29,31,4,71,98,0,98,169
05/10/2023,EVV,IN,AGL,CE,Combined TRACON& Tower with Radar,9,24,28,9,70,0,2,50,1,53,9,26,78,10,123,47,16,63,186
05/11/2023,EVV,IN,AGL,CE,Combined TRACON& Tower with Radar,13,15,20,8,56,0,4,27,0,31,13,19,47,8,87,27,0,27,114
05/12/2023,EVV,IN,AGL,CE,Combined TRACON& Tower with Radar,12,15,19,0,46,0,1,1,0,2,12,16,20,0,48,0,0,0,48
05/13/2023,EVV,IN,AGL,CE,Combined TRACON& Tower with Radar,9,7,16,0,32,0,3,10,0,13,9,10,26,0,45,8,0,8,53
05/14/2023,EVV,IN,AGL,CE,Combined TRACON& Tower with Radar,14,5,8,0,27,0,0,0,0,0,14,5,8,0,27,3,0,3,30
05/15/2023,EVV,IN,AGL,CE,Combined TRACON& Tower with Radar,11,11,31,0,53,0,6,34,0,40,11,17,65,0,93,69,0,69,162
05/16/2023,EVV,IN,AGL,CE,Combined TRACON& Tower with Radar,8,12,24,2,46,0,1,4,2,7,8,13,28,4,53,14,0,14,67
05/17/2023,EVV,IN,AGL,CE,Combined TRACON& Tower with Radar,10,7,23,12,52,0,7,32,8,47,10,14,55,20,99,67,15,82,181
05/18/2023,EVV,IN,AGL,CE,Combined TRACON& Tower with Radar,14,13,28,0,55,0,3,22,0,25,14,16,50,0,80,58,0,58,138
05/19/2023,EVV,IN,AGL,CE,Combined TRACON& Tower with Radar,9,14,19,14,56,0,2,19,2,23,9,16,38,16,79,51,0,51,130
05/20/2023,EVV,IN,AGL,CE,Combined TRACON& Tower with Radar,9,13,16,4,42,0,2,16,2,20,9,15,32,6,62,33,0,33,95
05/21/2023,EVV,IN,AGL,CE,Combined TRACON& Tower with Radar,6,2,2,0,10,0,3,3,0,6,6,5,5,0,16,0,0,0,16
05/22/2023,EVV,IN,AGL,CE,Combined TRACON& Tower with Radar,12,12,18,0,42,0,8,20,1,29,12,20,38,1,71,36,0,36,107
05/23/2023,EVV,IN,AGL,CE,Combined TRACON& Tower with Radar,10,13,30,4,57,0,4,15,1,20,10,17,45,5,77,23,0,23,100
05/24/2023,EVV,IN,AGL,CE,Combined TRACON& Tower with Radar,10,13,30,0,53,0,2,15,0,17,10,15,45,0,70,27,0,27,97
05/25/2023,EVV,IN,AGL,CE,Combined TRACON& Tower with Radar,12,14,27,2,55,0,4,13,0,17,12,18,40,2,72,84,0,84,156
05/26/2023,EVV,IN,AGL,CE,Combined TRACON& Tower with Radar,12,8,18,0,38,0,0,11,4,15,12,8,29,4,53,73,0,73,126
05/27/2023,EVV,IN,AGL,CE,Combined TRACON& Tower with Radar,10,5,17,0,32,0,2,35,0,37,10,7,52,0,69,29,0,29,98
05/28/2023,EVV,IN,AGL,CE,Combined TRACON& Tower with Radar,12,5,5,0,22,0,2,14,0,16,12,7,19,0,38,31,0,31,69
05/29/2023,EVV,IN,AGL,CE,Combined TRACON& Tower with Radar,11,6,9,0,26,0,1,13,0,14,11,7,22,0,40,12,0,12,52
05/30/2023,EVV,IN,AGL,CE,Combined TRACON& Tower with Radar,7,15,21,1,44,0,4,29,1,34,7,19,50,2,78,12,0,12,90
05/31/2023,EVV,IN,AGL,CE,Combined TRACON& Tower with Radar,8,17,14,6,45,0,7,32,2,41,8,24,46,8,86,44,0,44,130
06/01/2023,EVV,IN,AGL,CE,Combined TRACON& Tower with Radar,13,14,20,0,47,0,6,24,0,30,13,20,44,0,77,19,0,19,96
06/02/2023,EVV,IN,AGL,CE,Combined TRACON& Tower with Radar,13,11,16,0,40,0,6,19,2,27,13,17,35,2,67,48,0,48,115
06/03/2023,EVV,IN,AGL,CE,Combined TRACON& Tower with Radar,9,9,3,0,21,0,2,22,0,24,9,11,25,0,45,22,0,22,67
06/04/2023,EVV,IN,AGL,CE,Combined TRACON& Tower with Radar,13,13,16,0,42,0,3,21,0,24,13,16,37,0,66,20,0,20,86
06/05/2023,EVV,IN,AGL,CE,Combined TRACON& Tower with Radar,13,23,19,0,55,0,9,45,0,54,13,32,64,0,109,99,0,99,208
06/06/2023,EVV,IN,AGL,CE,Combined TRACON& Tower with Radar,9,19,20,2,50,0,12,24,0,36,9,31,44,2,86,26,0,26,112
06/07/2023,EVV,IN,AGL,CE,Combined TRACON& Tower with Radar,9,12,8,2,31,0,3,11,0,14,9,15,19,2,45,61,0,61,106
06/08/2023,EVV,IN,AGL,CE,Combined TRACON& Tower with Radar,13,24,18,0,55,0,7,21,2,30,13,31,39,2,85,98,0,98,183
06/09/2023,EVV,IN,AGL,CE,Combined TRACON& Tower with Radar,13,16,34,4,67,0,7,30,2,39,13,23,64,6,106,54,0,54,160
06/10/2023,EVV,IN,AGL,CE,Combined TRACON& Tower with Radar,8,10,9,2,29,0,2,35,0,37,8,12,44,2,66,28,0,28,94
06/11/2023,EVV,IN,AGL,CE,Combined TRACON& Tower with Radar,13,10,10,0,33,0,2,2,0,4,13,12,12,0,37,0,0,0,37
06/12/2023,EVV,IN,AGL,CE,Combined TRACON& Tower with Radar,14,15,34,0,63,0,2,18,2,22,14,17,52,2,85,127,0,127,212
06/13/2023,EVV,IN,AGL,CE,Combined TRACON& Tower with Radar,9,7,18,6,40,0,7,20,0,27,9,14,38,6,67,12,4,16,83
06/14/2023,EVV,IN,AGL,CE,Combined TRACON& Tower with Radar,9,18,23,4,54,0,4,45,0,49,9,22,68,4,103,36,0,36,139
06/15/2023,EVV,IN,AGL,CE,Combined TRACON& Tower with Radar,13,24,27,10,74,0,10,49,1,60,13,34,76,11,134,109,21,130,264
06/16/2023,EVV,IN,AGL,CE,Combined TRACON& Tower with Radar,13,22,18,10,63,0,4,30,0,34,13,26,48,10,97,85,25,110,207
06/17/2023,EVV,IN,AGL,CE,Combined TRACON& Tower with Radar,10,17,13,0,40,0,5,23,3,31,10,22,36,3,71,79,0,79,150
06/18/2023,EVV,IN,AGL,CE,Combined TRACON& Tower with Radar,13,19,1,0,33,0,10,10,0,20,13,29,11,0,53,4,0,4,57
06/19/2023,EVV,IN,AGL,CE,Combined TRACON& Tower with Radar,12,9,10,0,31,0,3,4,0,7,12,12,14,0,38,24,0,24,62
06/20/2023,EVV,IN,AGL,CE,Combined TRACON& Tower with Radar,9,11,19,0,39,0,1,14,2,17,9,12,33,2,56,124,0,124,180
06/21/2023,EVV,IN,AGL,CE,Combined TRACON& Tower with Radar,11,16,27,1,55,0,2,25,2,29,11,18,52,3,84,22,0,22,106
06/22/2023,EVV,IN,AGL,CE,Combined TRACON& Tower with Radar,15,19,32,3,69,0,5,26,5,36,15,24,58,8,105,47,8,55,160
06/23/2023,EVV,IN,AGL,CE,Combined TRACON& Tower with Radar,13,23,19,4,59,0,4,19,0,23,13,27,38,4,82,118,0,118,200
06/24/2023,EVV,IN,AGL,CE,Combined TRACON& Tower with Radar,9,11,19,0,39,0,3,33,0,36,9,14,52,0,75,45,0,45,120
06/25/2023,EVV,IN,AGL,CE,Combined TRACON& Tower with Radar,15,9,9,0,33,0,1,8,4,13,15,10,17,4,46,17,0,17,63
06/26/2023,EVV,IN,AGL,CE,Combined TRACON& Tower with Radar,14,11,4,15,44,0,1,8,1,10,14,12,12,16,54,51,20,71,125
06/27/2023,EVV,IN,AGL,CE,Combined TRACON& Tower with Radar,11,26,18,9,64,0,8,10,1,19,11,34,28,10,83,65,8,73,156
06/28/2023,EVV,IN,AGL,CE,Combined TRACON& Tower with Radar,9,13,33,2,57,0,0,0,0,0,9,13,33,2,57,0,0,0,57
06/29/2023,EVV,IN,AGL,CE,Combined TRACON& Tower with Radar,16,13,12,0,41,0,0,5,0,5,16,13,17,0,46,2,0,2,48
06/30/2023,EVV,IN,AGL,CE,Combined TRACON& Tower with Radar,14,20,14,20,68,0,13,19,0,32,14,33,33,20,100,35,14,49,149
07/01/2023,EVV,IN,AGL,CE,Combined TRACON& Tower with Radar,12,5,8,0,25,0,4,11,0,15,12,9,19,0,40,4,0,4,44
07/02/2023,EVV,IN,AGL,CE,Combined TRACON& Tower with Radar,9,6,1,0,16,0,6,10,0,16,9,12,11,0,32,6,0,6,38
07/03/2023,EVV,IN,AGL,CE,Combined TRACON& Tower with Radar,9,7,9,0,25,0,6,35,2,43,9,13,44,2,68,21,0,21,89
07/04/2023,EVV,IN,AGL,CE,Combined TRACON& Tower with Radar,10,4,10,0,24,0,0,12,0,12,10,4,22,0,36,33,0,33,69
07/05/2023,EVV,IN,AGL,CE,Combined TRACON& Tower with Radar,7,13,14,0,34,0,5,24,0,29,7,18,38,0,63,63,0,63,126
07/06/2023,EVV,IN,AGL,CE,Combined TRACON& Tower with Radar,11,11,24,12,58,0,1,30,0,31,11,12,54,12,89,25,0,25,114
07/07/2023,EVV,IN,AGL,CE,Combined TRACON& Tower with Radar,12,18,13,2,45,0,10,35,4,49,12,28,48,6,94,40,3,43,137
07/08/2023,EVV,IN,AGL,CE,Combined TRACON& Tower with Radar,8,5,11,0,24,0,4,4,0,8,8,9,15,0,32,0,0,0,32
07/09/2023,EVV,IN,AGL,CE,Combined TRACON& Tower with Radar,13,10,14,0,37,0,2,31,0,33,13,12,45,0,70,8,0,8,78
07/10/2023,EVV,IN,AGL,CE,Combined TRACON& Tower with Radar,14,11,30,0,55,0,6,72,0,78,14,17,102,0,133,93,0,93,226
07/11/2023,EVV,IN,AGL,CE,Combined TRACON& Tower with Radar,9,13,29,0,51,0,7,88,2,97,9,20,117,2,148,73,0,73,221
07/12/2023,EVV,IN,AGL,CE,Combined TRACON& Tower with Radar,9,13,31,11,64,0,1,64,1,66,9,14,95,12,130,67,6,73,203
07/13/2023,EVV,IN,AGL,CE,Combined TRACON& Tower with Radar,14,9,24,0,47,0,2,48,0,50,14,11,72,0,97,20,0,20,117
07/14/2023,EVV,IN,AGL,CE,Combined TRACON& Tower with Radar,15,14,15,16,60,0,5,37,1,43,15,19,52,17,103,46,22,68,171
07/15/2023,EVV,IN,AGL,CE,Combined TRACON& Tower with Radar,7,7,12,0,26,0,4,6,0,10,7,11,18,0,36,1,0,1,37
07/16/2023,EVV,IN,AGL,CE,Combined TRACON& Tower with Radar,13,9,19,0,41,0,3,17,0,20,13,12,36,0,61,38,0,38,99
07/17/2023,EVV,IN,AGL,CE,Combined TRACON& Tower with Radar,13,15,18,0,46,0,4,21,2,27,13,19,39,2,73,24,0,24,97
07/18/2023,EVV,IN,AGL,CE,Combined TRACON& Tower with Radar,9,19,29,3,60,0,3,37,1,41,9,22,66,4,101,34,0,34,135
07/19/2023,EVV,IN,AGL,CE,Combined TRACON& Tower with Radar,10,17,35,4,66,0,2,22,0,24,10,19,57,4,90,5,0,5,95
07/20/2023,EVV,IN,AGL,CE,Combined TRACON& Tower with Radar,15,19,21,3,58,0,3,31,1,35,15,22,52,4,93,17,0,17,110
07/21/2023,EVV,IN,AGL,CE,Combined TRACON& Tower with Radar,12,7,21,21,61,0,6,59,3,68,12,13,80,24,129,53,9,62,191
07/22/2023,EVV,IN,AGL,CE,Combined TRACON& Tower with Radar,8,9,18,0,35,0,10,61,0,71,8,19,79,0,106,74,0,74,180
07/23/2023,EVV,IN,AGL,CE,Combined TRACON& Tower with Radar,13,5,6,0,24,0,6,30,0,36,13,11,36,0,60,42,0,42,102
07/24/2023,EVV,IN,AGL,CE,Combined TRACON& Tower with Radar,15,8,9,4,36,0,0,28,0,28,15,8,37,4,64,37,0,37,101
07/25/2023,EVV,IN,AGL,CE,Combined TRACON& Tower with Radar,9,14,18,0,41,0,7,40,2,49,9,21,58,2,90,42,0,42,132
07/26/2023,EVV,IN,AGL,CE,Combined TRACON& Tower with Radar,9,6,19,6,40,0,2,19,0,21,9,8,38,6,61,6,0,6,67
07/27/2023,EVV,IN,AGL,CE,Combined TRACON& Tower with Radar,14,19,25,0,58,0,2,30,0,32,14,21,55,0,90,29,0,29,119
07/28/2023,EVV,IN,AGL,CE,Combined TRACON& Tower with Radar,13,13,17,36,79,0,7,24,0,31,13,20,41,36,110,32,5,37,147
07/29/2023,EVV,IN,AGL,CE,Combined TRACON& Tower with Radar,7,8,9,0,24,0,5,17,0,22,7,13,26,0,46,0,0,0,46
07/30/2023,EVV,IN,AGL,CE,Combined TRACON& Tower with Radar,12,13,16,0,41,0,7,27,0,34,12,20,43,0,75,25,0,25,100
07/31/2023,EVV,IN,AGL,CE,Combined TRACON& Tower with Radar,12,9,13,2,36,0,6,34,0,40,12,15,47,2,76,0,0,0,76
08/01/2023,EVV,IN,AGL,CE,Combined TRACON& Tower with Radar,8,17,27,5,57,0,1,25,1,27,8,18,52,6,84,2,0,2,86
08/02/2023,EVV,IN,AGL,CE,Combined TRACON& Tower with Radar,7,13,18,9,47,0,1,19,1,21,7,14,37,10,68,59,12,71,139
08/03/2023,EVV,IN,AGL,CE,Combined TRACON& Tower with Radar,14,11,15,0,40,0,3,10,0,13,14,14,25,0,53,0,0,0,53
08/04/2023,EVV,IN,AGL,CE,Combined TRACON& Tower with Radar,13,16,21,52,102,0,4,26,0,30,13,20,47,52,132,18,18,36,168
08/05/2023,EVV,IN,AGL,CE,Combined TRACON& Tower with Radar,7,6,7,6,26,0,2,10,0,12,7,8,17,6,38,27,0,27,65
08/06/2023,EVV,IN,AGL,CE,Combined TRACON& Tower with Radar,13,9,16,4,42,0,1,25,0,26,13,10,41,4,68,20,0,20,88
08/07/2023,EVV,IN,AGL,CE,Combined TRACON& Tower with Radar,10,11,17,6,44,0,2,12,2,16,10,13,29,8,60,6,4,10,70
08/08/2023,EVV,IN,AGL,CE,Combined TRACON& Tower with Radar,8,11,20,2,41,0,3,40,2,45,8,14,60,4,86,39,4,43,129
08/09/2023,EVV,IN,AGL,CE,Combined TRACON& Tower with Radar,6,8,10,0,24,0,2,6,0,8,6,10,16,0,32,39,0,39,71
08/10/2023,EVV,IN,AGL,CE,Combined TRACON& Tower with Radar,14,9,17,0,40,0,5,18,0,23,14,14,35,0,63,16,0,16,79
08/11/2023,EVV,IN,AGL,CE,Combined TRACON& Tower with Radar,11,16,21,24,72,0,5,45,0,50,11,21,66,24,122,16,29,45,167
08/12/2023,EVV,IN,AGL,CE,Combined TRACON& Tower with Radar,8,12,3,0,23,0,7,4,0,11,8,19,7,0,34,14,0,14,48
08/13/2023,EVV,IN,AGL,CE,Combined TRACON& Tower with Radar,13,17,10,0,40,0,4,25,0,29,13,21,35,0,69,22,0,22,91
08/14/2023,EVV,IN,AGL,CE,Combined TRACON& Tower with Radar,13,11,17,1,42,0,1,2,1,4,13,12,19,2,46,6,0,6,52
08/15/2023,EVV,IN,AGL,CE,Combined TRACON& Tower with Radar,9,12,28,2,51,0,1,19,0,20,9,13,47,2,71,40,0,40,111
08/16/2023,EVV,IN,AGL,CE,Combined TRACON& Tower with Radar,8,24,26,4,62,0,4,46,0,50,8,28,72,4,112,45,12,57,169
08/17/2023,EVV,IN,AGL,CE,Combined TRACON& Tower with Radar,10,20,19,1,50,0,8,45,1,54,10,28,64,2,104,36,0,36,140
08/18/2023,EVV,IN,AGL,CE,Combined TRACON& Tower with Radar,10,15,27,2,54,0,7,43,3,53,10,22,70,5,107,54,0,54,161
08/19/2023,EVV,IN,AGL,CE,Combined TRACON& Tower with Radar,7,10,18,0,35,0,8,39,0,47,7,18,57,0,82,19,0,19,101
08/20/2023,EVV,IN,AGL,CE,Combined TRACON& Tower with Radar,10,8,12,0,30,0,2,20,0,22,10,10,32,0,52,20,0,20,72
08/21/2023,EVV,IN,AGL,CE,Combined TRACON& Tower with Radar,8,13,22,6,49,0,9,23,0,32,8,22,45,6,81,42,6,48,129
08/22/2023,EVV,IN,AGL,CE,Combined TRACON& Tower with Radar,8,12,21,2,43,0,1,19,0,20,8,13,40,2,63,15,0,15,78
08/23/2023,EVV,IN,AGL,CE,Combined TRACON& Tower with Radar,8,15,29,0,52,0,6,31,0,37,8,21,60,0,89,0,0,0,89
08/24/2023,EVV,IN,AGL,CE,Combined TRACON& Tower with Radar,13,13,13,0,39,0,0,25,0,25,13,13,38,0,64,34,0,34,98
08/25/2023,EVV,IN,AGL,CE,Combined TRACON& Tower with Radar,9,21,24,8,62,0,2,17,0,19,9,23,41,8,81,85,9,94,175
08/26/2023,EVV,IN,AGL,CE,Combined TRACON& Tower with Radar,7,9,12,0,28,0,1,6,0,7,7,10,18,0,35,25,0,25,60
08/27/2023,EVV,IN,AGL,CE,Combined TRACON& Tower with Radar,11,7,13,4,35,0,2,6,2,10,11,9,19,6,45,0,0,0,45
08/28/2023,EVV,IN,AGL,CE,Combined TRACON& Tower with Radar,9,7,18,12,46,0,14,51,0,65,9,21,69,12,111,56,14,70,181
08/29/2023,EVV,IN,AGL,CE,Combined TRACON& Tower with Radar,8,6,27,0,41,0,7,30,0,37,8,13,57,0,78,62,0,62,140
08/30/2023,EVV,IN,AGL,CE,Combined TRACON& Tower with Radar,7,16,21,2,46,0,5,24,0,29,7,21,45,2,75,0,0,0,75
08/31/2023,EVV,IN,AGL,CE,Combined TRACON& Tower with Radar,11,13,26,0,50,0,5,24,2,31,11,18,50,2,81,2,0,2,83
01/01/2020,EVV,IN,AGL,CE,Combined TRACON& Tower with Radar,8,13,12,0,33,0,0,23,0,23,8,13,35,0,56,0,0,0,56
01/02/2020,EVV,IN,AGL,CE,Combined TRACON& Tower with Radar,12,14,10,0,36,0,1,0,0,1,12,15,10,0,37,0,0,0,37
01/03/2020,EVV,IN,AGL,CE,Combined TRACON& Tower with Radar,5,22,12,0,39,0,0,0,0,0,5,22,12,0,39,0,0,0,39
01/04/2020,EVV,IN,AGL,CE,Combined TRACON& Tower with Radar,6,19,21,0,46,0,1,0,0,1,6,20,21,0,47,18,0,18,65
01/05/2020,EVV,IN,AGL,CE,Combined TRACON& Tower with Radar,11,14,20,0,45,0,2,19,0,21,11,16,39,0,66,30,0,30,96
01/06/2020,EVV,IN,AGL,CE,Combined TRACON& Tower with Radar,3,25,15,2,45,0,4,13,2,19,3,29,28,4,64,42,0,42,106
01/07/2020,EVV,IN,AGL,CE,Combined TRACON& Tower with Radar,4,27,24,4,59,0,2,19,1,22,4,29,43,5,81,10,0,10,91
01/08/2020,EVV,IN,AGL,CE,Combined TRACON& Tower with Radar,3,29,24,6,62,0,6,30,1,37,3,35,54,7,99,37,0,37,136
01/09/2020,EVV,IN,AGL,CE,Combined TRACON& Tower with Radar,5,29,21,7,62,0,3,2,0,5,5,32,23,7,67,0,0,0,67
01/10/2020,EVV,IN,AGL,CE,Combined TRACON& Tower with Radar,3,26,11,0,40,0,1,0,0,1,3,27,11,0,41,0,0,0,41
01/11/2020,EVV,IN,AGL,CE,Combined TRACON& Tower with Radar,2,14,1,0,17,0,0,0,0,0,2,14,1,0,17,0,0,0,17
01/12/2020,EVV,IN,AGL,CE,Combined TRACON& Tower with Radar,8,22,20,0,50,0,1,5,0,6,8,23,25,0,56,0,0,0,56
01/13/2020,EVV,IN,AGL,CE,Combined TRACON& Tower with Radar,3,28,11,11,53,0,10,16,3,29,3,38,27,14,82,7,14,21,103
01/14/2020,EVV,IN,AGL,CE,Combined TRACON& Tower with Radar,4,31,23,18,76,0,4,25,0,29,4,35,48,18,105,10,26,36,141
01/15/2020,EVV,IN,AGL,CE,Combined TRACON& Tower with Radar,4,30,10,4,48,0,4,0,0,4,4,34,10,4,52,0,0,0,52
01/16/2020,EVV,IN,AGL,CE,Combined TRACON& Tower with Radar,8,25,19,12,64,0,2,12,2,16,8,27,31,14,80,6,2,8,88
01/17/2020,EVV,IN,AGL,CE,Combined TRACON& Tower with Radar,3,39,17,0,59,0,4,12,0,16,3,43,29,0,75,61,0,61,136
01/18/2020,EVV,IN,AGL,CE,Combined TRACON& Tower with Radar,2,22,9,0,33,0,0,0,0,0,2,22,9,0,33,0,0,0,33
01/19/2020,EVV,IN,AGL,CE,Combined TRACON& Tower with Radar,6,24,9,0,39,0,0,5,0,5,6,24,14,0,44,6,0,6,50
01/20/2020,EVV,IN,AGL,CE,Combined TRACON& Tower with Radar,3,31,5,0,39,0,0,3,0,3,3,31,8,0,42,15,0,15,57
01/21/2020,EVV,IN,AGL,CE,Combined TRACON& Tower with Radar,3,28,33,2,66,0,2,24,1,27,3,30,57,3,93,73,0,73,166
01/22/2020,EVV,IN,AGL,CE,Combined TRACON& Tower with Radar,4,29,16,0,49,0,0,25,2,27,4,29,41,2,76,69,0,69,145
01/23/2020,EVV,IN,AGL,CE,Combined TRACON& Tower with Radar,6,29,21,2,58,0,1,6,0,7,6,30,27,2,65,79,0,79,144
01/24/2020,EVV,IN,AGL,CE,Combined TRACON& Tower with Radar,4,24,19,0,47,0,0,0,0,0,4,24,19,0,47,0,0,0,47
01/25/2020,EVV,IN,AGL,CE,Combined TRACON& Tower with Radar,2,20,11,0,33,0,1,1,0,2,2,21,12,0,35,48,0,48,83
01/26/2020,EVV,IN,AGL,CE,Combined TRACON& Tower with Radar,6,25,17,0,48,0,5,17,0,22,6,30,34,0,70,82,0,82,152
01/27/2020,EVV,IN,AGL,CE,Combined TRACON& Tower with Radar,3,27,10,0,40,0,0,0,0,0,3,27,10,0,40,0,0,0,40
01/28/2020,EVV,IN,AGL,CE,Combined TRACON& Tower with Radar,4,29,22,0,55,0,0,0,0,0,4,29,22,0,55,0,0,0,55
01/29/2020,EVV,IN,AGL,CE,Combined TRACON& Tower with Radar,5,34,19,10,68,0,1,2,0,3,5,35,21,10,71,20,20,40,111
01/30/2020,EVV,IN,AGL,CE,Combined TRACON& Tower with Radar,6,29,15,6,56,0,5,7,0,12,6,34,22,6,68,7,9,16,84
01/31/2020,EVV,IN,AGL,CE,Combined TRACON& Tower with Radar,4,28,15,1,48,0,2,0,3,5,4,30,15,4,53,20,12,32,85
02/01/2020,EVV,IN,AGL,CE,Combined TRACON& Tower with Radar,2,24,7,0,33,0,4,7,0,11,2,28,14,0,44,31,0,31,75
02/02/2020,EVV,IN,AGL,CE,Combined TRACON& Tower with Radar,6,22,17,2,47,0,4,18,3,25,6,26,35,5,72,5,0,5,77
02/03/2020,EVV,IN,AGL,CE,Combined TRACON& Tower with Radar,3,31,10,0,44,0,0,9,1,10,3,31,19,1,54,11,0,11,65
02/04/2020,EVV,IN,AGL,CE,Combined TRACON& Tower with Radar,4,29,14,0,47,0,1,0,0,1,4,30,14,0,48,0,0,0,48
02/05/2020,EVV,IN,AGL,CE,Combined TRACON& Tower with Radar,4,28,12,0,44,0,0,0,0,0,4,28,12,0,44,0,0,0,44
02/06/2020,EVV,IN,AGL,CE,Combined TRACON& Tower with Radar,8,27,9,0,44,0,0,0,0,0,8,27,9,0,44,0,0,0,44
02/07/2020,EVV,IN,AGL,CE,Combined TRACON& Tower with Radar,4,29,17,0,50,0,2,7,0,9,4,31,24,0,59,47,0,47,106
02/08/2020,EVV,IN,AGL,CE,Combined TRACON& Tower with Radar,2,20,3,0,25,0,0,4,0,4,2,20,7,0,29,16,0,16,45
02/09/2020,EVV,IN,AGL,CE,Combined TRACON& Tower with Radar,6,31,11,0,48,0,2,3,0,5,6,33,14,0,53,0,0,0,53
02/10/2020,EVV,IN,AGL,CE,Combined TRACON& Tower with Radar,4,26,15,0,45,0,0,0,0,0,4,26,15,0,45,0,0,0,45
02/11/2020,EVV,IN,AGL,CE,Combined TRACON& Tower with Radar,4,32,28,14,78,0,3,27,0,30,4,35,55,14,108,28,12,40,148
02/12/2020,EVV,IN,AGL,CE,Combined TRACON& Tower with Radar,4,28,13,1,46,0,1,0,0,1,4,29,13,1,47,4,0,4,51
02/13/2020,EVV,IN,AGL,CE,Combined TRACON& Tower with Radar,6,26,20,2,54,0,1,2,0,3,6,27,22,2,57,11,0,11,68
02/14/2020,EVV,IN,AGL,CE,Combined TRACON& Tower with Radar,4,31,24,7,66,0,5,20,2,27,4,36,44,9,93,122,24,146,239
02/15/2020,EVV,IN,AGL,CE,Combined TRACON& Tower with Radar,8,24,9,0,41,0,9,22,0,31,8,33,31,0,72,20,0,20,92
02/16/2020,EVV,IN,AGL,CE,Combined TRACON& Tower with Radar,7,21,7,0,35,0,5,25,0,30,7,26,32,0,65,36,0,36,101
02/17/2020,EVV,IN,AGL,CE,Combined TRACON& Tower with Radar,4,29,12,0,45,0,1,7,0,8,4,30,19,0,53,5,0,5,58
02/18/2020,EVV,IN,AGL,CE,Combined TRACON& Tower with Radar,4,38,13,0,55,0,2,2,0,4,4,40,15,0,59,0,0,0,59
02/19/2020,EVV,IN,AGL,CE,Combined TRACON& Tower with Radar,4,30,25,14,73,0,6,21,0,27,4,36,46,14,100,38,16,54,154
02/20/2020,EVV,IN,AGL,CE,Combined TRACON& Tower with Radar,6,27,14,53,100,0,18,18,8,44,6,45,32,61,144,23,8,31,175
02/21/2020,EVV,IN,AGL,CE,Combined TRACON& Tower with Radar,4,29,19,0,52,0,14,31,0,45,4,43,50,0,97,64,0,64,161
02/22/2020,EVV,IN,AGL,CE,Combined TRACON& Tower with Radar,6,19,17,0,42,0,5,27,2,34,6,24,44,2,76,44,0,44,120
02/23/2020,EVV,IN,AGL,CE,Combined TRACON& Tower with Radar,6,28,13,8,55,0,2,8,4,14,6,30,21,12,69,0,48,48,117
02/24/2020,EVV,IN,AGL,CE,Combined TRACON& Tower with Radar,4,26,11,0,41,0,0,0,0,0,4,26,11,0,41,0,0,0,41
02/25/2020,EVV,IN,AGL,CE,Combined TRACON& Tower with Radar,4,30,20,0,54,0,0,0,0,0,4,30,20,0,54,0,0,0,54
02/26/2020,EVV,IN,AGL,CE,Combined TRACON& Tower with Radar,3,31,8,0,42,0,0,1,0,1,3,31,9,0,43,0,0,0,43
02/27/2020,EVV,IN,AGL,CE,Combined TRACON& Tower with Radar,6,28,16,0,50,0,2,10,0,12,6,30,26,0,62,0,0,0,62
02/28/2020,EVV,IN,AGL,CE,Combined TRACON& Tower with Radar,3,33,23,0,59,0,7,17,0,24,3,40,40,0,83,68,0,68,151
02/29/2020,EVV,IN,AGL,CE,Combined TRACON& Tower with Radar,4,21,12,0,37,0,18,29,0,47,4,39,41,0,84,66,0,66,150
03/01/2020,EVV,IN,AGL,CE,Combined TRACON& Tower with Radar,6,28,12,0,46,0,3,10,0,13,6,31,22,0,59,0,0,0,59
03/02/2020,EVV,IN,AGL,CE,Combined TRACON& Tower with Radar,4,34,5,2,45,0,2,0,0,2,4,36,5,2,47,0,0,0,47
03/03/2020,EVV,IN,AGL,CE,Combined TRACON& Tower with Radar,4,29,16,6,55,0,3,10,0,13,4,32,26,6,68,0,0,0,68
03/04/2020,EVV,IN,AGL,CE,Combined TRACON& Tower with Radar,4,26,21,0,51,0,8,12,1,21,4,34,33,1,72,2,0,2,74
03/05/2020,EVV,IN,AGL,CE,Combined TRACON& Tower with Radar,6,29,30,4,69,0,24,24,2,50,6,53,54,6,119,0,8,8,127
03/06/2020,EVV,IN,AGL,CE,Combined TRACON& Tower with Radar,4,29,16,0,49,0,8,8,0,16,4,37,24,0,65,24,0,24,89
03/07/2020,EVV,IN,AGL,CE,Combined TRACON& Tower with Radar,6,18,18,6,48,0,6,49,0,55,6,24,67,6,103,82,0,82,185
03/08/2020,EVV,IN,AGL,CE,Combined TRACON& Tower with Radar,6,29,12,0,47,0,3,42,0,45,6,32,54,0,92,58,0,58,150
03/09/2020,EVV,IN,AGL,CE,Combined TRACON& Tower with Radar,8,26,14,7,55,0,0,30,1,31,8,26,44,8,86,40,12,52,138
03/10/2020,EVV,IN,AGL,CE,Combined TRACON& Tower with Radar,6,32,22,0,60,0,2,8,0,10,6,34,30,0,70,16,0,16,86
03/11/2020,EVV,IN,AGL,CE,Combined TRACON& Tower with Radar,4,29,23,4,60,0,0,3,0,3,4,29,26,4,63,24,0,24,87
03/12/2020,EVV,IN,AGL,CE,Combined TRACON& Tower with Radar,7,29,26,0,62,0,2,2,0,4,7,31,28,0,66,0,0,0,66
03/13/2020,EVV,IN,AGL,CE,Combined TRACON& Tower with Radar,6,36,16,8,66,0,2,41,0,43,6,38,57,8,109,62,12,74,183
03/14/2020,EVV,IN,AGL,CE,Combined TRACON& Tower with Radar,6,18,6,0,30,0,2,0,0,2,6,20,6,0,32,0,0,0,32
03/15/2020,EVV,IN,AGL,CE,Combined TRACON& Tower with Radar,8,26,15,0,49,0,0,5,0,5,8,26,20,0,54,26,0,26,80
03/16/2020,EVV,IN,AGL,CE,Combined TRACON& Tower with Radar,6,24,8,28,66,0,3,2,0,5,6,27,10,28,71,31,19,50,121
03/17/2020,EVV,IN,AGL,CE,Combined TRACON& Tower with Radar,6,25,13,0,44,0,2,35,0,37,6,27,48,0,81,39,0,39,120
03/18/2020,EVV,IN,AGL,CE,Combined TRACON& Tower with Radar,6,28,9,0,43,0,1,0,0,1,6,29,9,0,44,0,0,0,44
03/19/2020,EVV,IN,AGL,CE,Combined TRACON& Tower with Radar,8,22,2,0,32,0,1,0,0,1,8,23,2,0,33,0,0,0,33
03/20/2020,EVV,IN,AGL,CE,Combined TRACON& Tower with Radar,6,27,13,4,50,0,2,5,0,7,6,29,18,4,57,8,0,8,65
03/21/2020,EVV,IN,AGL,CE,Combined TRACON& Tower with Radar,6,15,6,0,27,0,0,19,0,19,6,15,25,0,46,46,0,46,92
03/22/2020,EVV,IN,AGL,CE,Combined TRACON& Tower with Radar,8,18,11,0,37,0,0,7,0,7,8,18,18,0,44,8,0,8,52
03/23/2020,EVV,IN,AGL,CE,Combined TRACON& Tower with Radar,6,18,5,13,42,0,2,6,0,8,6,20,11,13,50,38,11,49,99
03/24/2020,EVV,IN,AGL,CE,Combined TRACON& Tower with Radar,6,11,9,0,26,0,2,2,0,4,6,13,11,0,30,22,0,22,52
03/25/2020,EVV,IN,AGL,CE,Combined TRACON& Tower with Radar,4,17,9,4,34,0,2,13,0,15,4,19,22,4,49,24,0,24,73
03/26/2020,EVV,IN,AGL,CE,Combined TRACON& Tower with Radar,6,9,7,0,22,0,0,10,0,10,6,9,17,0,32,0,0,0,32
03/27/2020,EVV,IN,AGL,CE,Combined TRACON& Tower with Radar,8,8,10,0,26,0,0,8,0,8,8,8,18,0,34,5,0,5,39
03/28/2020,EVV,IN,AGL,CE,Combined TRACON& Tower with Radar,4,6,1,0,11,0,2,1,0,3,4,8,2,0,14,12,0,12,26
03/29/2020,EVV,IN,AGL,CE,Combined TRACON& Tower with Radar,6,10,1,7,24,0,0,5,1,6,6,10,6,8,30,12,0,12,42
03/30/2020,EVV,IN,AGL,CE,Combined TRACON& Tower with Radar,6,12,9,0,27,0,0,18,0,18,6,12,27,0,45,28,0,28,73
03/31/2020,EVV,IN,AGL,CE,Combined TRACON& Tower with Radar,4,8,4,0,16,0,4,2,2,8,4,12,6,2,24,0,0,0,24
04/01/2020,EVV,IN,AGL,CE,Combined TRACON& Tower with Radar,4,11,2,8,25,0,0,10,0,10,4,11,12,8,35,18,0,18,53
04/02/2020,EVV,IN,AGL,CE,Combined TRACON& Tower with Radar,1,10,6,0,17,0,2,19,0,21,1,12,25,0,38,42,0,42,80
04/03/2020,EVV,IN,AGL,CE,Combined TRACON& Tower with Radar,4,9,8,12,33,0,2,14,0,16,4,11,22,12,49,3,12,15,64
04/04/2020,EVV,IN,AGL,CE,Combined TRACON& Tower with Radar,2,6,2,0,10,0,0,10,0,10,2,6,12,0,20,30,0,30,50
04/05/2020,EVV,IN,AGL,CE,Combined TRACON& Tower with Radar,4,6,9,0,19,0,0,1,0,1,4,6,10,0,20,0,0,0,20
04/06/2020,EVV,IN,AGL,CE,Combined TRACON& Tower with Radar,3,9,1,14,27,0,0,5,0,5,3,9,6,14,32,17,7,24,56
04/07/2020,EVV,IN,AGL,CE,Combined TRACON& Tower with Radar,3,9,5,2,19,0,0,7,0,7,3,9,12,2,26,18,0,18,44
04/08/2020,EVV,IN,AGL,CE,Combined TRACON& Tower with Radar,2,10,14,0,26,0,1,11,0,12,2,11,25,0,38,0,0,0,38
04/09/2020,EVV,IN,AGL,CE,Combined TRACON& Tower with Radar,4,11,4,0,19,0,2,7,0,9,4,13,11,0,28,0,0,0,28
04/10/2020,EVV,IN,AGL,CE,Combined TRACON& Tower with Radar,4,10,13,11,38,0,0,19,3,22,4,10,32,14,60,22,0,22,82
04/11/2020,EVV,IN,AGL,CE,Combined TRACON& Tower with Radar,2,7,3,1,13,0,0,12,2,14,2,7,15,3,27,40,4,44,71
04/12/2020,EVV,IN,AGL,CE,Combined TRACON& Tower with Radar,4,8,11,0,23,0,2,2,0,4,4,10,13,0,27,0,0,0,27
04/13/2020,EVV,IN,AGL,CE,Combined TRACON& Tower with Radar,2,12,3,4,21,0,1,0,0,1,2,13,3,4,22,0,0,0,22
04/14/2020,EVV,IN,AGL,CE,Combined TRACON& Tower with Radar,2,9,5,0,16,0,0,10,0,10,2,9,15,0,26,0,0,0,26
04/15/2020,EVV,IN,AGL,CE,Combined TRACON& Tower with Radar,3,9,4,0,16,0,0,9,0,9,3,9,13,0,25,20,0,20,45
04/16/2020,EVV,IN,AGL,CE,Combined TRACON& Tower with Radar,2,7,9,2,20,0,0,12,0,12,2,7,21,2,32,8,0,8,40
04/17/2020,EVV,IN,AGL,CE,Combined TRACON& Tower with Radar,2,8,6,0,16,0,0,0,0,0,2,8,6,0,16,0,0,0,16
04/18/2020,EVV,IN,AGL,CE,Combined TRACON& Tower with Radar,0,6,7,0,13,0,0,21,2,23,0,6,28,2,36,39,24,63,99
04/19/2020,EVV,IN,AGL,CE,Combined TRACON& Tower with Radar,0,11,5,0,16,0,2,9,0,11,0,13,14,0,27,19,0,19,46
04/20/2020,EVV,IN,AGL,CE,Combined TRACON& Tower with Radar,0,11,18,11,40,0,2,19,0,21,0,13,37,11,61,26,34,60,121
04/21/2020,EVV,IN,AGL,CE,Combined TRACON& Tower with Radar,0,10,18,0,28,0,0,19,0,19,0,10,37,0,47,1,0,1,48
04/22/2020,EVV,IN,AGL,CE,Combined TRACON& Tower with Radar,0,11,23,6,40,0,3,9,0,12,0,14,32,6,52,18,0,18,70
04/23/2020,EVV,IN,AGL,CE,Combined TRACON& Tower with Radar,0,9,3,0,12,0,1,0,0,1,0,10,3,0,13,0,0,0,13
04/24/2020,EVV,IN,AGL,CE,Combined TRACON& Tower with Radar,0,7,28,0,35,0,1,18,0,19,0,8,46,0,54,38,0,38,92
04/25/2020,EVV,IN,AGL,CE,Combined TRACON& Tower with Radar,0,8,4,0,12,0,2,1,0,3,0,10,5,0,15,0,0,0,15
04/26/2020,EVV,IN,AGL,CE,Combined TRACON& Tower with Radar,0,7,6,0,13,0,2,8,0,10,0,9,14,0,23,6,0,6,29
04/27/2020,EVV,IN,AGL,CE,Combined TRACON& Tower with Radar,0,6,28,0,34,0,3,18,0,21,0,9,46,0,55,58,0,58,113
04/28/2020,EVV,IN,AGL,CE,Combined TRACON& Tower with Radar,0,10,2,4,16,0,0,2,0,2,0,10,4,4,18,0,0,0,18
04/29/2020,EVV,IN,AGL,CE,Combined TRACON& Tower with Radar,0,12,15,8,35,0,1,2,0,3,0,13,17,8,38,0,0,0,38
04/30/2020,EVV,IN,AGL,CE,Combined TRACON& Tower with Radar,0,7,12,0,19,0,0,9,0,9,0,7,21,0,28,0,0,0,28
05/01/2020,EVV,IN,AGL,CE,Combined TRACON& Tower with Radar,1,9,30,21,61,0,0,43,3,46,1,9,73,24,107,57,20,77,184
05/02/2020,EVV,IN,AGL,CE,Combined TRACON& Tower with Radar,4,7,8,0,19,0,0,17,0,17,4,7,25,0,36,0,0,0,36
05/03/2020,EVV,IN,AGL,CE,Combined TRACON& Tower with Radar,3,5,7,0,15,0,0,3,0,3,3,5,10,0,18,13,0,13,31
05/04/2020,EVV,IN,AGL,CE,Combined TRACON& Tower with Radar,1,6,10,4,21,0,1,15,0,16,1,7,25,4,37,31,0,31,68
05/05/2020,EVV,IN,AGL,CE,Combined TRACON& Tower with Radar,3,6,18,0,27,0,0,0,0,0,3,6,18,0,27,4,0,4,31
05/06/2020,EVV,IN,AGL,CE,Combined TRACON& Tower with Radar,2,9,24,2,37,0,3,13,0,16,2,12,37,2,53,8,0,8,61
05/07/2020,EVV,IN,AGL,CE,Combined TRACON& Tower with Radar,0,13,11,0,24,0,2,35,2,39,0,15,46,2,63,45,0,45,108
05/08/2020,EVV,IN,AGL,CE,Combined TRACON& Tower with Radar,1,10,18,0,29,0,2,5,0,7,1,12,23,0,36,14,0,14,50
05/09/2020,EVV,IN,AGL,CE,Combined TRACON& Tower with Radar,2,5,20,0,27,0,0,26,0,26,2,5,46,0,53,96,0,96,149
05/10/2020,EVV,IN,AGL,CE,Combined TRACON& Tower with Radar,2,6,1,0,9,0,0,8,0,8,2,6,9,0,17,4,0,4,21
05/11/2020,EVV,IN,AGL,CE,Combined TRACON& Tower with Radar,2,7,15,2,26,0,0,12,0,12,2,7,27,2,38,22,0,22,60
05/12/2020,EVV,IN,AGL,CE,Combined TRACON& Tower with Radar,2,10,14,4,30,0,0,19,0,19,2,10,33,4,49,8,0,8,57
05/13/2020,EVV,IN,AGL,CE,Combined TRACON& Tower with Radar,2,8,6,2,18,0,0,0,0,0,2,8,6,2,18,0,0,0,18
05/14/2020,EVV,IN,AGL,CE,Combined TRACON& Tower with Radar,6,15,9,4,34,0,2,7,0,9,6,17,16,4,43,0,0,0,43
05/15/2020,EVV,IN,AGL,CE,Combined TRACON& Tower with Radar,2,8,8,0,18,0,0,1,0,1,2,8,9,0,19,0,0,0,19
05/16/2020,EVV,IN,AGL,CE,Combined TRACON& Tower with Radar,2,6,6,0,14,0,4,4,0,8,2,10,10,0,22,0,0,0,22
05/17/2020,EVV,IN,AGL,CE,Combined TRACON& Tower with Radar,6,7,2,0,15,0,3,6,0,9,6,10,8,0,24,0,0,0,24
05/18/2020,EVV,IN,AGL,CE,Combined TRACON& Tower with Radar,2,6,27,2,37,0,4,11,0,15,2,10,38,2,52,8,0,8,60
05/19/2020,EVV,IN,AGL,CE,Combined TRACON& Tower with Radar,4,9,17,0,30,0,0,4,0,4,4,9,21,0,34,9,0,9,43
05/20/2020,EVV,IN,AGL,CE,Combined TRACON& Tower with Radar,2,12,15,0,29,0,0,1,0,1,2,12,16,0,30,22,0,22,52
05/21/2020,EVV,IN,AGL,CE,Combined TRACON& Tower with Radar,4,16,26,12,58,0,1,14,0,15,4,17,40,12,73,17,11,28,101
05/22/2020,EVV,IN,AGL,CE,Combined TRACON& Tower with Radar,2,10,24,0,36,0,3,31,0,34,2,13,55,0,70,44,0,44,114
05/23/2020,EVV,IN,AGL,CE,Combined TRACON& Tower with Radar,2,7,4,0,13,0,4,7,0,11,2,11,11,0,24,0,0,0,24
05/24/2020,EVV,IN,AGL,CE,Combined TRACON& Tower with Radar,4,8,11,0,23,0,0,15,0,15,4,8,26,0,38,32,0,32,70
05/25/2020,EVV,IN,AGL,CE,Combined TRACON& Tower with Radar,2,8,11,0,21,0,0,16,1,17,2,8,27,1,38,56,0,56,94
05/26/2020,EVV,IN,AGL,CE,Combined TRACON& Tower with Radar,2,11,11,0,24,0,2,22,0,24,2,13,33,0,48,80,0,80,128
05/27/2020,EVV,IN,AGL,CE,Combined TRACON& Tower with Radar,1,10,7,2,20,0,2,2,0,4,1,12,9,2,24,0,0,0,24
05/28/2020,EVV,IN,AGL,CE,Combined TRACON& Tower with Radar,7,10,24,0,41,0,0,9,0,9,7,10,33,0,50,17,0,17,67
05/29/2020,EVV,IN,AGL,CE,Combined TRACON& Tower with Radar,2,11,9,0,22,0,4,10,0,14,2,15,19,0,36,18,0,18,54
05/30/2020,EVV,IN,AGL,CE,Combined TRACON& Tower with Radar,2,12,17,0,31,0,2,39,0,41,2,14,56,0,72,38,0,38,110
05/31/2020,EVV,IN,AGL,CE,Combined TRACON& Tower with Radar,6,9,12,0,27,0,0,27,0,27,6,9,39,0,54,0,0,0,54
06/01/2020,EVV,IN,AGL,CE,Combined TRACON& Tower with Radar,2,9,15,0,26,0,4,13,0,17,2,13,28,0,43,0,0,0,43
06/02/2020,EVV,IN,AGL,CE,Combined TRACON& Tower with Radar,2,9,9,2,22,0,1,15,0,16,2,10,24,2,38,34,0,34,72
06/03/2020,EVV,IN,AGL,CE,Combined TRACON& Tower with Radar,2,9,11,1,23,0,2,17,0,19,2,11,28,1,42,33,0,33,75
06/04/2020,EVV,IN,AGL,CE,Combined TRACON& Tower with Radar,6,10,3,1,20,0,4,3,0,7,6,14,6,1,27,30,0,30,57
06/05/2020,EVV,IN,AGL,CE,Combined TRACON& Tower with Radar,2,13,8,0,23,0,5,22,2,29,2,18,30,2,52,41,0,41,93
06/06/2020,EVV,IN,AGL,CE,Combined TRACON& Tower with Radar,2,7,14,0,23,0,4,31,0,35,2,11,45,0,58,26,0,26,84
06/07/2020,EVV,IN,AGL,CE,Combined TRACON& Tower with Radar,6,9,17,0,32,0,0,13,0,13,6,9,30,0,45,40,0,40,85
06/08/2020,EVV,IN,AGL,CE,Combined TRACON& Tower with Radar,2,10,6,0,18,0,0,15,0,15,2,10,21,0,33,56,0,56,89
06/09/2020,EVV,IN,AGL,CE,Combined TRACON& Tower with Radar,2,10,7,0,19,0,1,0,0,1,2,11,7,0,20,0,0,0,20
06/10/2020,EVV,IN,AGL,CE,Combined TRACON& Tower with Radar,2,11,13,0,26,0,2,0,2,4,2,13,13,2,30,12,0,12,42
06/11/2020,EVV,IN,AGL,CE,Combined TRACON& Tower with Radar,6,14,24,0,44,0,2,27,2,31,6,16,51,2,75,74,0,74,149
06/12/2020,EVV,IN,AGL,CE,Combined TRACON& Tower with Radar,2,16,23,6,47,0,2,21,2,25,2,18,44,8,72,32,0,32,104
06/13/2020,EVV,IN,AGL,CE,Combined TRACON& Tower with Radar,2,7,15,0,24,0,4,20,0,24,2,11,35,0,48,39,0,39,87
06/14/2020,EVV,IN,AGL,CE,Combined TRACON& Tower with Radar,6,9,9,0,24,0,8,11,0,19,6,17,20,0,43,0,0,0,43
06/15/2020,EVV,IN,AGL,CE,Combined TRACON& Tower with Radar,2,16,12,10,40,0,2,19,0,21,2,18,31,10,61,23,16,39,100
06/16/2020,EVV,IN,AGL,CE,Combined TRACON& Tower with Radar,2,10,28,0,40,0,1,29,0,30,2,11,57,0,70,38,0,38,108
06/17/2020,EVV,IN,AGL,CE,Combined TRACON& Tower with Radar,2,7,21,0,30,0,0,10,2,12,2,7,31,2,42,13,0,13,55
06/18/2020,EVV,IN,AGL,CE,Combined TRACON& Tower with Radar,6,16,29,0,51,0,1,21,0,22,6,17,50,0,73,42,0,42,115
06/19/2020,EVV,IN,AGL,CE,Combined TRACON& Tower with Radar,2,13,16,18,49,0,6,16,1,23,2,19,32,19,72,49,52,101,173
06/20/2020,EVV,IN,AGL,CE,Combined TRACON& Tower with Radar,2,7,19,0,28,0,6,34,0,40,2,13,53,0,68,34,0,34,102
06/21/2020,EVV,IN,AGL,CE,Combined TRACON& Tower with Radar,6,10,10,1,27,0,2,2,0,4,6,12,12,1,31,0,0,0,31
06/22/2020,EVV,IN,AGL,CE,Combined TRACON& Tower with Radar,2,15,19,9,45,0,2,9,0,11,2,17,28,9,56,53,20,73,129
06/23/2020,EVV,IN,AGL,CE,Combined TRACON& Tower with Radar,2,15,29,6,52,0,2,17,3,22,2,17,46,9,74,24,10,34,108
06/24/2020,EVV,IN,AGL,CE,Combined TRACON& Tower with Radar,2,9,22,4,37,0,3,22,3,28,2,12,44,7,65,94,36,130,195
06/25/2020,EVV,IN,AGL,CE,Combined TRACON& Tower with Radar,6,11,24,0,41,0,6,30,0,36,6,17,54,0,77,48,0,48,125
06/26/2020,EVV,IN,AGL,CE,Combined TRACON& Tower with Radar,2,12,26,6,46,0,4,14,0,18,2,16,40,6,64,36,0,36,100
06/27/2020,EVV,IN,AGL,CE,Combined TRACON& Tower with Radar,2,11,14,0,27,0,5,2,0,7,2,16,16,0,34,0,0,0,34
06/28/2020,EVV,IN,AGL,CE,Combined TRACON& Tower with Radar,6,10,9,0,25,0,3,9,0,12,6,13,18,0,37,0,0,0,37
06/29/2020,EVV,IN,AGL,CE,Combined TRACON& Tower with Radar,2,10,9,0,21,0,1,21,0,22,2,11,30,0,43,0,0,0,43
06/30/2020,EVV,IN,AGL,CE,Combined TRACON& Tower with Radar,2,10,15,0,27,0,0,5,0,5,2,10,20,0,32,13,0,13,45
07/01/2020,EVV,IN,AGL,CE,Combined TRACON& Tower with Radar,2,15,12,6,35,0,3,24,0,27,2,18,36,6,62,0,0,0,62
07/02/2020,EVV,IN,AGL,CE,Combined TRACON& Tower with Radar,6,14,14,0,34,0,3,34,0,37,6,17,48,0,71,33,0,33,104
07/03/2020,EVV,IN,AGL,CE,Combined TRACON& Tower with Radar,2,13,18,0,33,0,0,14,1,15,2,13,32,1,48,14,0,14,62
07/04/2020,EVV,IN,AGL,CE,Combined TRACON& Tower with Radar,2,9,4,0,15,0,0,20,3,23,2,9,24,3,38,6,0,6,44
07/05/2020,EVV,IN,AGL,CE,Combined TRACON& Tower with Radar,6,13,10,0,29,0,4,16,0,20,6,17,26,0,49,3,0,3,52
07/06/2020,EVV,IN,AGL,CE,Combined TRACON& Tower with Radar,4,13,18,0,35,0,1,24,0,25,4,14,42,0,60,35,0,35,95
07/07/2020,EVV,IN,AGL,CE,Combined TRACON& Tower with Radar,4,16,22,7,49,0,4,21,2,27,4,20,43,9,76,84,16,100,176
07/08/2020,EVV,IN,AGL,CE,Combined TRACON& Tower with Radar,6,24,30,0,60,0,6,38,0,44,6,30,68,0,104,74,0,74,178
07/09/2020,EVV,IN,AGL,CE,Combined TRACON& Tower with Radar,8,20,13,0,41,0,5,55,6,66,8,25,68,6,107,30,0,30,137
07/10/2020,EVV,IN,AGL,CE,Combined TRACON& Tower with Radar,4,15,23,0,42,0,6,23,0,29,4,21,46,0,71,14,0,14,85
07/11/2020,EVV,IN,AGL,CE,Combined TRACON& Tower with Radar,4,14,10,0,28,0,0,46,0,46,4,14,56,0,74,37,0,37,111
07/12/2020,EVV,IN,AGL,CE,Combined TRACON& Tower with Radar,8,17,22,0,47,0,0,7,0,7,8,17,29,0,54,10,0,10,64
07/13/2020,EVV,IN,AGL,CE,Combined TRACON& Tower with Radar,4,15,37,2,58,0,1,21,0,22,4,16,58,2,80,0,2,2,82
07/14/2020,EVV,IN,AGL,CE,Combined TRACON& Tower with Radar,4,18,31,0,53,0,2,62,0,64,4,20,93,0,117,0,0,0,117
07/15/2020,EVV,IN,AGL,CE,Combined TRACON& Tower with Radar,4,21,20,6,51,0,5,45,2,52,4,26,65,8,103,0,0,0,103
07/16/2020,EVV,IN,AGL,CE,Combined TRACON& Tower with Radar,8,17,21,0,46,0,9,4,0,13,8,26,25,0,59,0,0,0,59
07/17/2020,EVV,IN,AGL,CE,Combined TRACON& Tower with Radar,3,19,31,4,57,0,3,10,2,15,3,22,41,6,72,4,0,4,76
07/18/2020,EVV,IN,AGL,CE,Combined TRACON& Tower with Radar,4,13,9,0,26,0,5,16,0,21,4,18,25,0,47,17,0,17,64
07/19/2020,EVV,IN,AGL,CE,Combined TRACON& Tower with Radar,11,16,21,0,48,0,4,11,0,15,11,20,32,0,63,5,0,5,68
07/20/2020,EVV,IN,AGL,CE,Combined TRACON& Tower with Radar,4,14,13,8,39,0,2,12,0,14,4,16,25,8,53,6,8,14,67
07/21/2020,EVV,IN,AGL,CE,Combined TRACON& Tower with Radar,5,16,17,0,38,0,4,36,0,40,5,20,53,0,78,41,0,41,119
07/22/2020,EVV,IN,AGL,CE,Combined TRACON& Tower with Radar,4,18,10,0,32,0,2,22,0,24,4,20,32,0,56,24,0,24,80
07/23/2020,EVV,IN,AGL,CE,Combined TRACON& Tower with Radar,8,15,31,0,54,0,0,15,0,15,8,15,46,0,69,36,0,36,105
07/24/2020,EVV,IN,AGL,CE,Combined TRACON& Tower with Radar,4,19,18,5,46,0,1,37,0,38,4,20,55,5,84,76,8,84,168
07/25/2020,EVV,IN,AGL,CE,Combined TRACON& Tower with Radar,4,13,22,0,39,0,0,33,0,33,4,13,55,0,72,48,0,48,120
07/26/2020,EVV,IN,AGL,CE,Combined TRACON& Tower with Radar,8,17,12,0,37,0,2,6,0,8,8,19,18,0,45,14,0,14,59
07/27/2020,EVV,IN,AGL,CE,Combined TRACON& Tower with Radar,4,16,9,0,29,0,2,14,0,16,4,18,23,0,45,0,0,0,45
07/28/2020,EVV,IN,AGL,CE,Combined TRACON& Tower with Radar,4,22,18,0,44,0,2,44,1,47,4,24,62,1,91,0,0,0,91
07/29/2020,EVV,IN,AGL,CE,Combined TRACON& Tower with Radar,6,19,12,0,37,0,1,20,0,21,6,20,32,0,58,0,0,0,58
07/30/2020,EVV,IN,AGL,CE,Combined TRACON& Tower with Radar,8,12,5,0,25,0,2,2,0,4,8,14,7,0,29,0,0,0,29
07/31/2020,EVV,IN,AGL,CE,Combined TRACON& Tower with Radar,4,15,34,2,55,0,0,0,0,0,4,15,34,2,55,0,0,0,55
08/01/2020,EVV,IN,AGL,CE,Combined TRACON& Tower with Radar,4,16,13,0,33,0,0,0,0,0,4,16,13,0,33,0,0,0,33
08/02/2020,EVV,IN,AGL,CE,Combined TRACON& Tower with Radar,8,16,16,0,40,0,4,24,0,28,8,20,40,0,68,0,0,0,68
08/03/2020,EVV,IN,AGL,CE,Combined TRACON& Tower with Radar,4,20,14,0,38,0,2,6,0,8,4,22,20,0,46,17,0,17,63
08/04/2020,EVV,IN,AGL,CE,Combined TRACON& Tower with Radar,4,17,16,13,50,0,2,11,1,14,4,19,27,14,64,7,10,17,81
08/05/2020,EVV,IN,AGL,CE,Combined TRACON& Tower with Radar,4,19,19,0,42,0,9,41,0,50,4,28,60,0,92,38,0,38,130
08/06/2020,EVV,IN,AGL,CE,Combined TRACON& Tower with Radar,8,19,19,0,46,0,2,66,0,68,8,21,85,0,114,63,0,63,177
08/07/2020,EVV,IN,AGL,CE,Combined TRACON& Tower with Radar,4,20,13,14,51,0,4,25,0,29,4,24,38,14,80,33,16,49,129
08/08/2020,EVV,IN,AGL,CE,Combined TRACON& Tower with Radar,4,19,13,1,37,0,2,26,0,28,4,21,39,1,65,20,0,20,85
08/09/2020,EVV,IN,AGL,CE,Combined TRACON& Tower with Radar,8,25,12,0,45,0,0,8,2,10,8,25,20,2,55,0,0,0,55
08/10/2020,EVV,IN,AGL,CE,Combined TRACON& Tower with Radar,4,25,26,0,55,0,7,9,0,16,4,32,35,0,71,5,0,5,76
08/11/2020,EVV,IN,AGL,CE,Combined TRACON& Tower with Radar,6,21,36,0,63,0,2,10,0,12,6,23,46,0,75,12,0,12,87
08/12/2020,EVV,IN,AGL,CE,Combined TRACON& Tower with Radar,4,22,12,0,38,0,1,11,2,14,4,23,23,2,52,5,0,5,57
08/13/2020,EVV,IN,AGL,CE,Combined TRACON& Tower with Radar,8,25,13,0,46,0,2,20,0,22,8,27,33,0,68,24,0,24,92
08/14/2020,EVV,IN,AGL,CE,Combined TRACON& Tower with Radar,4,26,10,2,42,0,2,12,1,15,4,28,22,3,57,95,0,95,152
08/15/2020,EVV,IN,AGL,CE,Combined TRACON& Tower with Radar,4,21,16,0,41,0,5,28,0,33,4,26,44,0,74,55,0,55,129
08/16/2020,EVV,IN,AGL,CE,Combined TRACON& Tower with Radar,7,18,17,3,45,0,1,14,0,15,7,19,31,3,60,43,0,43,103
08/17/2020,EVV,IN,AGL,CE,Combined TRACON& Tower with Radar,4,23,8,13,48,0,2,11,2,15,4,25,19,15,63,50,16,66,129
08/18/2020,EVV,IN,AGL,CE,Combined TRACON& Tower with Radar,4,21,16,0,41,0,2,6,0,8,4,23,22,0,49,0,0,0,49
08/19/2020,EVV,IN,AGL,CE,Combined TRACON& Tower with Radar,4,16,18,2,40,0,0,18,0,18,4,16,36,2,58,0,0,0,58
08/20/2020,EVV,IN,AGL,CE,Combined TRACON& Tower with Radar,5,22,22,2,51,0,12,21,0,33,5,34,43,2,84,18,0,18,102
08/21/2020,EVV,IN,AGL,CE,Combined TRACON& Tower with Radar,4,22,13,0,39,0,0,18,0,18,4,22,31,0,57,39,0,39,96
08/22/2020,EVV,IN,AGL,CE,Combined TRACON& Tower with Radar,4,17,13,2,36,0,0,10,0,10,4,17,23,2,46,47,0,47,93
08/23/2020,EVV,IN,AGL,CE,Combined TRACON& Tower with Radar,6,21,12,0,39,0,11,12,0,23,6,32,24,0,62,23,0,23,85
08/24/2020,EVV,IN,AGL,CE,Combined TRACON& Tower with Radar,4,16,19,0,39,0,14,20,0,34,4,30,39,0,73,29,0,29,102
08/25/2020,EVV,IN,AGL,CE,Combined TRACON& Tower with Radar,4,18,45,1,68,0,6,18,1,25,4,24,63,2,93,62,8,70,163
08/26/2020,EVV,IN,AGL,CE,Combined TRACON& Tower with Radar,4,23,20,0,47,0,0,9,0,9,4,23,29,0,56,16,0,16,72
08/27/2020,EVV,IN,AGL,CE,Combined TRACON& Tower with Radar,6,18,15,0,39,0,1,13,1,15,6,19,28,1,54,15,0,15,69
08/28/2020,EVV,IN,AGL,CE,Combined TRACON& Tower with Radar,4,22,23,0,49,0,1,3,0,4,4,23,26,0,53,27,0,27,80
08/29/2020,EVV,IN,AGL,CE,Combined TRACON& Tower with Radar,4,18,7,0,29,0,3,2,0,5,4,21,9,0,34,7,0,7,41
08/30/2020,EVV,IN,AGL,CE,Combined TRACON& Tower with Radar,6,16,15,0,37,0,2,16,0,18,6,18,31,0,55,0,0,0,55
08/31/2020,EVV,IN,AGL,CE,Combined TRACON& Tower with Radar,4,19,15,6,44,0,10,5,0,15,4,29,20,6,59,4,0,4,63
09/01/2020,EVV,IN,AGL,CE,Combined TRACON& Tower with Radar,2,16,12,0,30,0,2,1,0,3,2,18,13,0,33,11,0,11,44
09/02/2020,EVV,IN,AGL,CE,Combined TRACON& Tower with Radar,4,21,36,0,61,0,1,1,1,3,4,22,37,1,64,0,0,0,64
09/03/2020,EVV,IN,AGL,CE,Combined TRACON& Tower with Radar,6,23,27,1,57,0,3,13,0,16,6,26,40,1,73,34,0,34,107
09/04/2020,EVV,IN,AGL,CE,Combined TRACON& Tower with Radar,4,21,29,0,54,0,4,32,0,36,4,25,61,0,90,103,0,103,193
09/05/2020,EVV,IN,AGL,CE,Combined TRACON& Tower with Radar,4,16,18,0,38,0,6,25,0,31,4,22,43,0,69,54,0,54,123
09/06/2020,EVV,IN,AGL,CE,Combined TRACON& Tower with Radar,6,17,7,0,30,0,0,19,0,19,6,17,26,0,49,18,0,18,67
09/07/2020,EVV,IN,AGL,CE,Combined TRACON& Tower with Radar,4,18,23,0,45,0,0,29,2,31,4,18,52,2,76,14,0,14,90
09/08/2020,EVV,IN,AGL,CE,Combined TRACON& Tower with Radar,8,18,26,11,63,0,2,34,4,40,8,20,60,15,103,18,4,22,125
09/09/2020,EVV,IN,AGL,CE,Combined TRACON& Tower with Radar,5,18,38,0,61,0,7,35,2,44,5,25,73,2,105,5,0,5,110
09/10/2020,EVV,IN,AGL,CE,Combined TRACON& Tower with Radar,6,31,38,14,89,0,7,18,2,27,6,38,56,16,116,16,36,52,168
09/11/2020,EVV,IN,AGL,CE,Combined TRACON& Tower with Radar,4,21,18,0,43,0,2,3,0,5,4,23,21,0,48,0,0,0,48
09/12/2020,EVV,IN,AGL,CE,Combined TRACON& Tower with Radar,5,20,39,0,64,0,3,3,0,6,5,23,42,0,70,0,0,0,70
09/13/2020,EVV,IN,AGL,CE,Combined TRACON& Tower with Radar,6,22,15,0,43,0,5,15,0,20,6,27,30,0,63,12,0,12,75
09/14/2020,EVV,IN,AGL,CE,Combined TRACON& Tower with Radar,4,22,20,18,64,0,4,24,0,28,4,26,44,18,92,30,34,64,156
09/15/2020,EVV,IN,AGL,CE,Combined TRACON& Tower with Radar,4,21,19,8,52,0,2,21,0,23,4,23,40,8,75,29,16,45,120
09/16/2020,EVV,IN,AGL,CE,Combined TRACON& Tower with Radar,4,18,59,0,81,0,6,28,0,34,4,24,87,0,115,95,0,95,210
09/17/2020,EVV,IN,AGL,CE,Combined TRACON& Tower with Radar,6,22,41,0,69,0,4,17,0,21,6,26,58,0,90,54,0,54,144
09/18/2020,EVV,IN,AGL,CE,Combined TRACON& Tower with Radar,3,28,29,10,70,0,1,15,0,16,3,29,44,10,86,6,27,33,119
09/19/2020,EVV,IN,AGL,CE,Combined TRACON& Tower with Radar,4,23,17,0,44,0,6,37,0,43,4,29,54,0,87,13,0,13,100
09/20/2020,EVV,IN,AGL,CE,Combined TRACON& Tower with Radar,6,21,8,0,35,0,3,31,2,36,6,24,39,2,71,30,0,30,101
09/21/2020,EVV,IN,AGL,CE,Combined TRACON& Tower with Radar,4,20,19,7,50,0,6,11,0,17,4,26,30,7,67,51,11,62,129
09/22/2020,EVV,IN,AGL,CE,Combined TRACON& Tower with Radar,4,25,21,12,62,0,4,29,2,35,4,29,50,14,97,28,15,43,140
09/23/2020,EVV,IN,AGL,CE,Combined TRACON& Tower with Radar,5,22,19,10,56,0,8,14,0,22,5,30,33,10,78,50,8,58,136
09/24/2020,EVV,IN,AGL,CE,Combined TRACON& Tower with Radar,7,29,24,30,90,0,4,15,1,20,7,33,39,31,110,30,22,52,162
09/25/2020,EVV,IN,AGL,CE,Combined TRACON& Tower with Radar,4,18,30,12,64,0,2,20,0,22,4,20,50,12,86,18,0,18,104
09/26/2020,EVV,IN,AGL,CE,Combined TRACON& Tower with Radar,4,18,21,0,43,0,0,13,0,13,4,18,34,0,56,0,0,0,56
09/27/2020,EVV,IN,AGL,CE,Combined TRACON& Tower with Radar,6,20,16,0,42,0,7,16,0,23,6,27,32,0,65,8,0,8,73
09/28/2020,EVV,IN,AGL,CE,Combined TRACON& Tower with Radar,4,17,5,0,26,0,1,5,0,6,4,18,10,0,32,0,0,0,32
09/29/2020,EVV,IN,AGL,CE,Combined TRACON& Tower with Radar,4,20,20,0,44,0,4,21,2,27,4,24,41,2,71,29,0,29,100
09/30/2020,EVV,IN,AGL,CE,Combined TRACON& Tower with Radar,4,25,16,0,45,0,4,11,0,15,4,29,27,0,60,0,0,0,60
10/01/2020,EVV,IN,AGL,CE,Combined TRACON& Tower with Radar,8,24,25,2,59,0,2,21,0,23,8,26,46,2,82,18,0,18,100
10/02/2020,EVV,IN,AGL,CE,Combined TRACON& Tower with Radar,5,22,24,0,51,0,4,34,0,38,5,26,58,0,89,0,0,0,89
10/03/2020,EVV,IN,AGL,CE,Combined TRACON& Tower with Radar,4,18,12,0,34,0,2,9,0,11,4,20,21,0,45,0,0,0,45
10/04/2020,EVV,IN,AGL,CE,Combined TRACON& Tower with Radar,6,20,8,2,36,0,2,10,0,12,6,22,18,2,48,22,0,22,70
10/05/2020,EVV,IN,AGL,CE,Combined TRACON& Tower with Radar,4,20,15,0,39,0,3,24,0,27,4,23,39,0,66,21,0,21,87
10/06/2020,EVV,IN,AGL,CE,Combined TRACON& Tower with Radar,4,26,26,4,60,0,6,18,0,24,4,32,44,4,84,0,0,0,84
10/07/2020,EVV,IN,AGL,CE,Combined TRACON& Tower with Radar,4,38,22,0,64,0,3,25,0,28,4,41,47,0,92,26,0,26,118
10/08/2020,EVV,IN,AGL,CE,Combined TRACON& Tower with Radar,7,25,15,0,47,0,0,13,0,13,7,25,28,0,60,10,0,10,70
10/09/2020,EVV,IN,AGL,CE,Combined TRACON& Tower with Radar,5,21,17,8,51,0,2,17,2,21,5,23,34,10,72,22,12,34,106
10/10/2020,EVV,IN,AGL,CE,Combined TRACON& Tower with Radar,5,20,16,0,41,0,1,0,0,1,5,21,16,0,42,0,0,0,42
10/11/2020,EVV,IN,AGL,CE,Combined TRACON& Tower with Radar,6,22,9,1,38,0,0,8,0,8,6,22,17,1,46,49,0,49,95
10/12/2020,EVV,IN,AGL,CE,Combined TRACON& Tower with Radar,4,18,15,7,44,0,5,1,1,7,4,23,16,8,51,0,0,0,51
10/13/2020,EVV,IN,AGL,CE,Combined TRACON& Tower with Radar,4,21,31,11,67,0,8,35,4,47,4,29,66,15,114,47,23,70,184
10/14/2020,EVV,IN,AGL,CE,Combined TRACON& Tower with Radar,4,19,12,0,35,0,6,13,0,19,4,25,25,0,54,0,0,0,54
10/15/2020,EVV,IN,AGL,CE,Combined TRACON& Tower with Radar,6,25,16,3,50,0,2,3,0,5,6,27,19,3,55,0,0,0,55
10/16/2020,EVV,IN,AGL,CE,Combined TRACON& Tower with Radar,6,21,25,0,52,0,2,20,0,22,6,23,45,0,74,33,0,33,107
10/17/2020,EVV,IN,AGL,CE,Combined TRACON& Tower with Radar,4,22,13,2,41,0,7,20,0,27,4,29,33,2,68,32,2,34,102
10/18/2020,EVV,IN,AGL,CE,Combined TRACON& Tower with Radar,6,25,22,4,57,0,5,9,0,14,6,30,31,4,71,22,0,22,93
10/19/2020,EVV,IN,AGL,CE,Combined TRACON& Tower with Radar,4,26,8,0,38,0,0,0,0,0,4,26,8,0,38,0,0,0,38
10/20/2020,EVV,IN,AGL,CE,Combined TRACON& Tower with Radar,4,19,12,0,35,0,0,0,0,0,4,19,12,0,35,0,0,0,35
10/21/2020,EVV,IN,AGL,CE,Combined TRACON& Tower with Radar,4,24,20,0,48,0,1,11,0,12,4,25,31,0,60,4,0,4,64
10/22/2020,EVV,IN,AGL,CE,Combined TRACON& Tower with Radar,6,28,31,0,65,0,6,27,0,33,6,34,58,0,98,17,0,17,115
10/23/2020,EVV,IN,AGL,CE,Combined TRACON& Tower with Radar,4,21,18,0,43,0,1,5,0,6,4,22,23,0,49,10,0,10,59
10/24/2020,EVV,IN,AGL,CE,Combined TRACON& Tower with Radar,4,21,16,0,41,0,4,6,2,12,4,25,22,2,53,36,0,36,89
10/25/2020,EVV,IN,AGL,CE,Combined TRACON& Tower with Radar,6,21,12,0,39,0,0,0,0,0,6,21,12,0,39,0,0,0,39
10/26/2020,EVV,IN,AGL,CE,Combined TRACON& Tower with Radar,4,16,7,2,29,0,1,0,0,1,4,17,7,2,30,0,0,0,30
10/27/2020,EVV,IN,AGL,CE,Combined TRACON& Tower with Radar,4,19,12,4,39,0,0,0,0,0,4,19,12,4,39,0,0,0,39
10/28/2020,EVV,IN,AGL,CE,Combined TRACON& Tower with Radar,4,19,18,0,41,0,0,0,0,0,4,19,18,0,41,0,0,0,41
10/29/2020,EVV,IN,AGL,CE,Combined TRACON& Tower with Radar,6,25,9,0,40,0,1,2,0,3,6,26,11,0,43,0,0,0,43
10/30/2020,EVV,IN,AGL,CE,Combined TRACON& Tower with Radar,4,24,28,2,58,0,0,31,6,37,4,24,59,8,95,50,0,50,145
10/31/2020,EVV,IN,AGL,CE,Combined TRACON& Tower with Radar,5,13,9,0,27,0,8,34,1,43,5,21,43,1,70,46,0,46,116
11/01/2020,EVV,IN,AGL,CE,Combined TRACON& Tower with Radar,10,10,5,0,25,0,0,0,0,0,10,10,5,0,25,0,0,0,25
11/02/2020,EVV,IN,AGL,CE,Combined TRACON& Tower with Radar,5,19,17,16,57,0,5,21,3,29,5,24,38,19,86,27,40,67,153
11/03/2020,EVV,IN,AGL,CE,Combined TRACON& Tower with Radar,5,18,6,1,30,0,3,23,2,28,5,21,29,3,58,70,0,70,128
11/04/2020,EVV,IN,AGL,CE,Combined TRACON& Tower with Radar,2,18,12,2,34,0,6,23,1,30,2,24,35,3,64,13,0,13,77
11/05/2020,EVV,IN,AGL,CE,Combined TRACON& Tower with Radar,2,24,22,5,53,0,2,14,0,16,2,26,36,5,69,40,8,48,117
11/06/2020,EVV,IN,AGL,CE,Combined TRACON& Tower with Radar,0,21,18,0,39,0,4,22,0,26,0,25,40,0,65,12,0,12,77
11/07/2020,EVV,IN,AGL,CE,Combined TRACON& Tower with Radar,0,30,13,2,45,0,4,17,2,23,0,34,30,4,68,30,0,30,98
11/08/2020,EVV,IN,AGL,CE,Combined TRACON& Tower with Radar,2,20,12,0,34,0,6,9,3,18,2,26,21,3,52,54,0,54,106
11/09/2020,EVV,IN,AGL,CE,Combined TRACON& Tower with Radar,0,21,14,15,50,0,2,11,0,13,0,23,25,15,63,8,33,41,104
11/10/2020,EVV,IN,AGL,CE,Combined TRACON& Tower with Radar,0,27,27,10,64,0,8,2,2,12,0,35,29,12,76,8,21,29,105
11/11/2020,EVV,IN,AGL,CE,Combined TRACON& Tower with Radar,0,27,24,0,51,0,5,16,0,21,0,32,40,0,72,0,0,0,72
11/12/2020,EVV,IN,AGL,CE,Combined TRACON& Tower with Radar,2,30,12,11,55,0,12,28,3,43,2,42,40,14,98,112,24,136,234
11/13/2020,EVV,IN,AGL,CE,Combined TRACON& Tower with Radar,2,27,25,12,66,0,4,9,0,13,2,31,34,12,79,47,8,55,134
11/14/2020,EVV,IN,AGL,CE,Combined TRACON& Tower with Radar,0,22,9,0,31,0,2,4,0,6,0,24,13,0,37,54,0,54,91
11/15/2020,EVV,IN,AGL,CE,Combined TRACON& Tower with Radar,2,24,2,0,28,0,4,4,2,10,2,28,6,2,38,26,0,26,64
11/16/2020,EVV,IN,AGL,CE,Combined TRACON& Tower with Radar,0,30,8,0,38,0,8,15,0,23,0,38,23,0,61,3,0,3,64
11/17/2020,EVV,IN,AGL,CE,Combined TRACON& Tower with Radar,0,26,19,0,45,0,11,18,0,29,0,37,37,0,74,15,0,15,89
11/18/2020,EVV,IN,AGL,CE,Combined TRACON& Tower with Radar,0,27,19,0,46,0,9,11,0,20,0,36,30,0,66,20,0,20,86
11/19/2020,EVV,IN,AGL,CE,Combined TRACON& Tower with Radar,2,31,8,0,41,0,6,3,0,9,2,37,11,0,50,16,0,16,66
11/20/2020,EVV,IN,AGL,CE,Combined TRACON& Tower with Radar,0,34,9,0,43,0,2,6,0,8,0,36,15,0,51,0,0,0,51
11/21/2020,EVV,IN,AGL,CE,Combined TRACON& Tower with Radar,0,30,6,0,36,0,0,0,0,0,0,30,6,0,36,0,0,0,36
11/22/2020,EVV,IN,AGL,CE,Combined TRACON& Tower with Radar,2,26,14,0,42,0,1,1,0,2,2,27,15,0,44,0,0,0,44
11/23/2020,EVV,IN,AGL,CE,Combined TRACON& Tower with Radar,0,30,17,16,63,0,6,27,0,33,0,36,44,16,96,48,6,54,150
11/24/2020,EVV,IN,AGL,CE,Combined TRACON& Tower with Radar,2,38,19,0,59,0,4,16,2,22,2,42,35,2,81,10,0,10,91
11/25/2020,EVV,IN,AGL,CE,Combined TRACON& Tower with Radar,0,29,8,0,37,0,1,1,0,2,0,30,9,0,39,0,0,0,39
11/26/2020,EVV,IN,AGL,CE,Combined TRACON& Tower with Radar,0,12,2,0,14,0,3,0,0,3,0,15,2,0,17,18,0,18,35
11/27/2020,EVV,IN,AGL,CE,Combined TRACON& Tower with Radar,0,23,21,0,44,0,2,23,1,26,0,25,44,1,70,22,0,22,92
11/28/2020,EVV,IN,AGL,CE,Combined TRACON& Tower with Radar,2,26,10,0,38,0,6,29,0,35,2,32,39,0,73,0,0,0,73
11/29/2020,EVV,IN,AGL,CE,Combined TRACON& Tower with Radar,0,27,24,0,51,0,6,22,0,28,0,33,46,0,79,14,0,14,93
11/30/2020,EVV,IN,AGL,CE,Combined TRACON& Tower with Radar,2,23,3,0,28,0,0,1,0,1,2,23,4,0,29,0,0,0,29
12/01/2020,EVV,IN,AGL,CE,Combined TRACON& Tower with Radar,0,32,18,4,54,0,6,20,0,26,0,38,38,4,80,18,10,28,108
12/02/2020,EVV,IN,AGL,CE,Combined TRACON& Tower with Radar,0,26,18,0,44,0,5,26,0,31,0,31,44,0,75,83,0,83,158
12/03/2020,EVV,IN,AGL,CE,Combined TRACON& Tower with Radar,6,29,10,0,45,0,5,13,0,18,6,34,23,0,63,39,0,39,102
12/04/2020,EVV,IN,AGL,CE,Combined TRACON& Tower with Radar,0,28,13,28,69,0,5,1,2,8,0,33,14,30,77,16,0,16,93
12/05/2020,EVV,IN,AGL,CE,Combined TRACON& Tower with Radar,0,21,31,1,53,0,9,30,1,40,0,30,61,2,93,33,0,33,126
12/06/2020,EVV,IN,AGL,CE,Combined TRACON& Tower with Radar,2,25,15,0,42,0,0,22,0,22,2,25,37,0,64,5,0,5,69
12/07/2020,EVV,IN,AGL,CE,Combined TRACON& Tower with Radar,2,20,8,3,33,0,2,13,1,16,2,22,21,4,49,8,0,8,57
12/08/2020,EVV,IN,AGL,CE,Combined TRACON& Tower with Radar,0,23,15,0,38,0,4,12,0,16,0,27,27,0,54,24,0,24,78
12/09/2020,EVV,IN,AGL,CE,Combined TRACON& Tower with Radar,0,23,14,0,37,0,16,31,0,47,0,39,45,0,84,0,0,0,84
12/10/2020,EVV,IN,AGL,CE,Combined TRACON& Tower with Radar,2,29,16,0,47,0,4,33,1,38,2,33,49,1,85,41,0,41,126
12/11/2020,EVV,IN,AGL,CE,Combined TRACON& Tower with Radar,2,34,14,0,50,0,9,18,0,27,2,43,32,0,77,0,0,0,77
12/12/2020,EVV,IN,AGL,CE,Combined TRACON& Tower with Radar,0,18,6,0,24,0,1,2,0,3,0,19,8,0,27,0,0,0,27
12/13/2020,EVV,IN,AGL,CE,Combined TRACON& Tower with Radar,2,19,21,0,42,0,0,1,0,1,2,19,22,0,43,15,0,15,58
12/14/2020,EVV,IN,AGL,CE,Combined TRACON& Tower with Radar,0,21,7,0,28,0,1,12,0,13,0,22,19,0,41,2,0,2,43
12/15/2020,EVV,IN,AGL,CE,Combined TRACON& Tower with Radar,0,22,7,6,35,0,6,26,0,32,0,28,33,6,67,4,0,4,71
12/16/2020,EVV,IN,AGL,CE,Combined TRACON& Tower with Radar,0,25,5,0,30,0,1,0,0,1,0,26,5,0,31,0,0,0,31
12/17/2020,EVV,IN,AGL,CE,Combined TRACON& Tower with Radar,0,27,18,0,45,0,6,4,2,12,0,33,22,2,57,46,0,46,103
12/18/2020,EVV,IN,AGL,CE,Combined TRACON& Tower with Radar,0,22,25,0,47,0,8,32,3,43,0,30,57,3,90,4,0,4,94
12/19/2020,EVV,IN,AGL,CE,Combined TRACON& Tower with Radar,2,20,9,0,31,0,1,4,0,5,2,21,13,0,36,4,0,4,40
12/20/2020,EVV,IN,AGL,CE,Combined TRACON& Tower with Radar,0,21,8,0,29,0,3,9,0,12,0,24,17,0,41,0,0,0,41
12/21/2020,EVV,IN,AGL,CE,Combined TRACON& Tower with Radar,2,25,14,0,41,0,0,7,0,7,2,25,21,0,48,10,0,10,58
12/22/2020,EVV,IN,AGL,CE,Combined TRACON& Tower with Radar,0,27,19,4,50,0,3,20,0,23,0,30,39,4,73,0,0,0,73
12/23/2020,EVV,IN,AGL,CE,Combined TRACON& Tower with Radar,4,23,2,0,29,0,0,0,0,0,4,23,2,0,29,0,0,0,29
12/24/2020,EVV,IN,AGL,CE,Combined TRACON& Tower with Radar,0,16,1,0,17,0,0,4,0,4,0,16,5,0,21,9,0,9,30
12/25/2020,EVV,IN,AGL,CE,Combined TRACON& Tower with Radar,0,14,4,0,18,0,0,2,0,2,0,14,6,0,20,0,0,0,20
12/26/2020,EVV,IN,AGL,CE,Combined TRACON& Tower with Radar,2,22,16,0,40,0,2,38,0,40,2,24,54,0,80,0,0,0,80
12/27/2020,EVV,IN,AGL,CE,Combined TRACON& Tower with Radar,0,24,3,0,27,0,1,14,1,16,0,25,17,1,43,0,0,0,43
12/28/2020,EVV,IN,AGL,CE,Combined TRACON& Tower with Radar,2,22,12,1,37,0,1,9,0,10,2,23,21,1,47,0,0,0,47
12/29/2020,EVV,IN,AGL,CE,Combined TRACON& Tower with Radar,0,23,10,0,33,0,2,7,0,9,0,25,17,0,42,11,0,11,53
12/30/2020,EVV,IN,AGL,CE,Combined TRACON& Tower with Radar,2,22,4,0,28,0,1,0,0,1,2,23,4,0,29,0,0,0,29
12/31/2020,EVV,IN,AGL,CE,Combined TRACON& Tower with Radar,0,13,13,0,26,0,4,3,0,7,0,17,16,0,33,0,0,0,33
01/01/2021,EVV,IN,AGL,CE,Combined TRACON& Tower with Radar,0,15,3,0,18,0,1,0,0,1,0,16,3,0,19,0,0,0,19
01/02/2021,EVV,IN,AGL,CE,Combined TRACON& Tower with Radar,2,24,10,0,36,0,1,2,0,3,2,25,12,0,39,0,0,0,39
01/03/2021,EVV,IN,AGL,CE,Combined TRACON& Tower with Radar,0,25,16,0,41,0,0,13,0,13,0,25,29,0,54,0,0,0,54
01/04/2021,EVV,IN,AGL,CE,Combined TRACON& Tower with Radar,0,24,12,0,36,0,10,14,0,24,0,34,26,0,60,18,0,18,78
01/05/2021,EVV,IN,AGL,CE,Combined TRACON& Tower with Radar,1,17,18,0,36,0,3,8,2,13,1,20,26,2,49,0,0,0,49
01/06/2021,EVV,IN,AGL,CE,Combined TRACON& Tower with Radar,1,26,19,0,46,0,5,10,0,15,1,31,29,0,61,24,0,24,85
01/07/2021,EVV,IN,AGL,CE,Combined TRACON& Tower with Radar,4,27,20,6,57,0,3,15,0,18,4,30,35,6,75,32,5,37,112
01/08/2021,EVV,IN,AGL,CE,Combined TRACON& Tower with Radar,3,18,8,0,29,0,0,9,0,9,3,18,17,0,38,16,0,16,54
01/09/2021,EVV,IN,AGL,CE,Combined TRACON& Tower with Radar,1,15,13,0,29,0,0,7,0,7,1,15,20,0,36,48,0,48,84
01/10/2021,EVV,IN,AGL,CE,Combined TRACON& Tower with Radar,4,18,8,0,30,0,1,2,0,3,4,19,10,0,33,0,0,0,33
01/11/2021,EVV,IN,AGL,CE,Combined TRACON& Tower with Radar,2,17,15,4,38,0,0,4,1,5,2,17,19,5,43,0,0,0,43
01/12/2021,EVV,IN,AGL,CE,Combined TRACON& Tower with Radar,0,23,19,0,42,0,6,6,0,12,0,29,25,0,54,31,0,31,85
01/13/2021,EVV,IN,AGL,CE,Combined TRACON& Tower with Radar,0,17,20,0,37,0,6,33,1,40,0,23,53,1,77,53,0,53,130
01/14/2021,EVV,IN,AGL,CE,Combined TRACON& Tower with Radar,4,19,11,0,34,0,0,6,2,8,4,19,17,2,42,12,0,12,54
01/15/2021,EVV,IN,AGL,CE,Combined TRACON& Tower with Radar,2,19,16,0,37,0,1,6,0,7,2,20,22,0,44,21,0,21,65
01/16/2021,EVV,IN,AGL,CE,Combined TRACON& Tower with Radar,0,17,3,0,20,0,1,0,0,1,0,18,3,0,21,0,0,0,21
01/17/2021,EVV,IN,AGL,CE,Combined TRACON& Tower with Radar,4,16,6,0,26,0,1,1,0,2,4,17,7,0,28,6,0,6,34
01/18/2021,EVV,IN,AGL,CE,Combined TRACON& Tower with Radar,2,19,13,0,34,0,3,6,0,9,2,22,19,0,43,45,0,45,88
01/19/2021,EVV,IN,AGL,CE,Combined TRACON& Tower with Radar,0,19,18,16,53,0,2,20,0,22,0,21,38,16,75,23,0,23,98
01/20/2021,EVV,IN,AGL,CE,Combined TRACON& Tower with Radar,0,21,19,1,41,0,2,24,2,28,0,23,43,3,69,14,0,14,83
01/21/2021,EVV,IN,AGL,CE,Combined TRACON& Tower with Radar,6,28,12,2,48,0,10,19,0,29,6,38,31,2,77,75,0,75,152
01/22/2021,EVV,IN,AGL,CE,Combined TRACON& Tower with Radar,4,23,23,22,72,0,12,20,1,33,4,35,43,23,105,66,2,68,173
01/23/2021,EVV,IN,AGL,CE,Combined TRACON& Tower with Radar,0,24,14,0,38,0,8,31,0,39,0,32,45,0,77,64,0,64,141
01/24/2021,EVV,IN,AGL,CE,Combined TRACON& Tower with Radar,4,15,6,0,25,0,0,0,0,0,4,15,6,0,25,0,0,0,25
01/25/2021,EVV,IN,AGL,CE,Combined TRACON& Tower with Radar,2,17,5,0,24,0,0,0,0,0,2,17,5,0,24,0,0,0,24
01/26/2021,EVV,IN,AGL,CE,Combined TRACON& Tower with Radar,0,22,19,2,43,0,1,4,0,5,0,23,23,2,48,2,0,2,50
01/27/2021,EVV,IN,AGL,CE,Combined TRACON& Tower with Radar,2,19,9,0,30,0,4,2,0,6,2,23,11,0,36,0,0,0,36
01/28/2021,EVV,IN,AGL,CE,Combined TRACON& Tower with Radar,4,18,25,16,63,0,8,16,0,24,4,26,41,16,87,16,38,54,141
01/29/2021,EVV,IN,AGL,CE,Combined TRACON& Tower with Radar,4,18,25,0,47,0,13,20,0,33,4,31,45,0,80,30,0,30,110
01/30/2021,EVV,IN,AGL,CE,Combined TRACON& Tower with Radar,0,20,6,0,26,0,0,2,1,3,0,20,8,1,29,0,0,0,29
01/31/2021,EVV,IN,AGL,CE,Combined TRACON& Tower with Radar,4,16,3,0,23,0,1,0,0,1,4,17,3,0,24,0,0,0,24
02/01/2021,EVV,IN,AGL,CE,Combined TRACON& Tower with Radar,2,21,9,0,32,0,3,3,0,6,2,24,12,0,38,0,0,0,38
02/02/2021,EVV,IN,AGL,CE,Combined TRACON& Tower with Radar,2,15,24,0,41,0,1,13,2,16,2,16,37,2,57,20,0,20,77
02/03/2021,EVV,IN,AGL,CE,Combined TRACON& Tower with Radar,2,33,21,6,62,0,11,27,0,38,2,44,48,6,100,76,7,83,183
02/04/2021,EVV,IN,AGL,CE,Combined TRACON& Tower with Radar,4,19,6,0,29,0,2,0,0,2,4,21,6,0,31,10,0,10,41
02/05/2021,EVV,IN,AGL,CE,Combined TRACON& Tower with Radar,2,17,13,0,32,0,8,6,0,14,2,25,19,0,46,9,0,9,55
02/06/2021,EVV,IN,AGL,CE,Combined TRACON& Tower with Radar,2,17,11,0,30,0,2,32,0,34,2,19,43,0,64,39,0,39,103
02/07/2021,EVV,IN,AGL,CE,Combined TRACON& Tower with Radar,4,14,4,4,26,0,7,10,2,19,4,21,14,6,45,2,0,2,47
02/08/2021,EVV,IN,AGL,CE,Combined TRACON& Tower with Radar,2,16,10,2,30,0,1,9,0,10,2,17,19,2,40,0,0,0,40
02/09/2021,EVV,IN,AGL,CE,Combined TRACON& Tower with Radar,4,19,8,2,33,0,0,0,0,0,4,19,8,2,33,0,0,0,33
02/10/2021,EVV,IN,AGL,CE,Combined TRACON& Tower with Radar,2,11,1,0,14,0,0,0,0,0,2,11,1,0,14,0,0,0,14
02/11/2021,EVV,IN,AGL,CE,Combined TRACON& Tower with Radar,6,9,15,0,30,0,1,3,0,4,6,10,18,0,34,0,0,0,34
02/12/2021,EVV,IN,AGL,CE,Combined TRACON& Tower with Radar,2,20,11,10,43,0,2,6,0,8,2,22,17,10,51,16,12,28,79
02/13/2021,EVV,IN,AGL,CE,Combined TRACON& Tower with Radar,5,18,8,0,31,0,0,3,0,3,5,18,11,0,34,37,0,37,71
02/14/2021,EVV,IN,AGL,CE,Combined TRACON& Tower with Radar,4,13,10,0,27,0,1,2,0,3,4,14,12,0,30,0,0,0,30
02/15/2021,EVV,IN,AGL,CE,Combined TRACON& Tower with Radar,0,9,1,0,10,0,0,0,0,0,0,9,1,0,10,0,0,0,10
02/16/2021,EVV,IN,AGL,CE,Combined TRACON& Tower with Radar,2,14,1,0,17,0,1,4,0,5,2,15,5,0,22,0,0,0,22
02/17/2021,EVV,IN,AGL,CE,Combined TRACON& Tower with Radar,2,15,12,0,29,0,6,6,0,12,2,21,18,0,41,0,0,0,41
02/18/2021,EVV,IN,AGL,CE,Combined TRACON& Tower with Radar,4,18,4,0,26,0,1,0,0,1,4,19,4,0,27,0,0,0,27
02/19/2021,EVV,IN,AGL,CE,Combined TRACON& Tower with Radar,2,22,2,0,26,0,7,7,0,14,2,29,9,0,40,22,0,22,62
02/20/2021,EVV,IN,AGL,CE,Combined TRACON& Tower with Radar,2,24,19,0,45,0,7,21,2,30,2,31,40,2,75,69,0,69,144
02/21/2021,EVV,IN,AGL,CE,Combined TRACON& Tower with Radar,4,21,9,0,34,0,2,9,1,12,4,23,18,1,46,52,0,52,98
02/22/2021,EVV,IN,AGL,CE,Combined TRACON& Tower with Radar,2,23,11,18,54,0,10,8,0,18,2,33,19,18,72,19,42,61,133
02/23/2021,EVV,IN,AGL,CE,Combined TRACON& Tower with Radar,2,23,22,0,47,0,2,35,0,37,2,25,57,0,84,76,0,76,160
02/24/2021,EVV,IN,AGL,CE,Combined TRACON& Tower with Radar,2,21,23,2,48,0,8,23,0,31,2,29,46,2,79,6,0,6,85
02/25/2021,EVV,IN,AGL,CE,Combined TRACON& Tower with Radar,4,24,14,0,42,0,18,5,2,25,4,42,19,2,67,45,0,45,112
02/26/2021,EVV,IN,AGL,CE,Combined TRACON& Tower with Radar,2,23,25,0,50,0,2,11,0,13,2,25,36,0,63,20,0,20,83
02/27/2021,EVV,IN,AGL,CE,Combined TRACON& Tower with Radar,2,16,17,0,35,0,2,10,0,12,2,18,27,0,47,37,0,37,84
02/28/2021,EVV,IN,AGL,CE,Combined TRACON& Tower with Radar,4,14,5,0,23,0,4,0,0,4,4,18,5,0,27,0,0,0,27
03/01/2021,EVV,IN,AGL,CE,Combined TRACON& Tower with Radar,2,24,27,9,62,0,20,28,0,48,2,44,55,9,110,33,4,37,147
03/02/2021,EVV,IN,AGL,CE,Combined TRACON& Tower with Radar,1,23,11,0,35,0,7,13,0,20,1,30,24,0,55,62,0,62,117
03/03/2021,EVV,IN,AGL,CE,Combined TRACON& Tower with Radar,2,25,16,0,43,0,8,19,0,27,2,33,35,0,70,55,0,55,125
03/04/2021,EVV,IN,AGL,CE,Combined TRACON& Tower with Radar,4,32,29,0,65,0,13,26,0,39,4,45,55,0,104,96,0,96,200
03/05/2021,EVV,IN,AGL,CE,Combined TRACON& Tower with Radar,2,20,17,44,83,0,2,9,1,12,2,22,26,45,95,34,28,62,157
03/06/2021,EVV,IN,AGL,CE,Combined TRACON& Tower with Radar,2,19,10,6,37,0,6,52,2,60,2,25,62,8,97,75,15,90,187
03/07/2021,EVV,IN,AGL,CE,Combined TRACON& Tower with Radar,4,16,11,0,31,0,4,29,2,35,4,20,40,2,66,4,0,4,70
03/08/2021,EVV,IN,AGL,CE,Combined TRACON& Tower with Radar,2,18,14,1,35,0,12,24,1,37,2,30,38,2,72,0,0,0,72
03/09/2021,EVV,IN,AGL,CE,Combined TRACON& Tower with Radar,4,16,21,0,41,0,5,24,0,29,4,21,45,0,70,17,0,17,87
03/10/2021,EVV,IN,AGL,CE,Combined TRACON& Tower with Radar,2,18,14,0,34,0,2,1,0,3,2,20,15,0,37,0,0,0,37
03/11/2021,EVV,IN,AGL,CE,Combined TRACON& Tower with Radar,4,19,6,0,29,0,3,1,0,4,4,22,7,0,33,0,0,0,33
03/12/2021,EVV,IN,AGL,CE,Combined TRACON& Tower with Radar,3,21,14,0,38,0,3,7,0,10,3,24,21,0,48,0,0,0,48
03/13/2021,EVV,IN,AGL,CE,Combined TRACON& Tower with Radar,3,20,17,4,44,0,0,14,0,14,3,20,31,4,58,28,0,28,86
03/14/2021,EVV,IN,AGL,CE,Combined TRACON& Tower with Radar,4,18,10,0,32,0,2,6,0,8,4,20,16,0,40,12,0,12,52
03/15/2021,EVV,IN,AGL,CE,Combined TRACON& Tower with Radar,2,22,11,0,35,0,2,0,0,2,2,24,11,0,37,0,0,0,37
03/16/2021,EVV,IN,AGL,CE,Combined TRACON& Tower with Radar,2,18,21,0,41,0,2,6,0,8,2,20,27,0,49,0,0,0,49
03/17/2021,EVV,IN,AGL,CE,Combined TRACON& Tower with Radar,2,15,17,0,34,0,0,3,0,3,2,15,20,0,37,0,0,0,37
03/18/2021,EVV,IN,AGL,CE,Combined TRACON& Tower with Radar,4,16,10,2,32,0,1,0,0,1,4,17,10,2,33,0,0,0,33
03/19/2021,EVV,IN,AGL,CE,Combined TRACON& Tower with Radar,2,24,12,0,38,0,7,7,2,16,2,31,19,2,54,0,0,0,54
03/20/2021,EVV,IN,AGL,CE,Combined TRACON& Tower with Radar,2,21,23,8,54,0,14,28,4,46,2,35,51,12,100,25,0,25,125
03/21/2021,EVV,IN,AGL,CE,Combined TRACON& Tower with Radar,4,19,11,0,34,0,9,24,0,33,4,28,35,0,67,24,0,24,91
03/22/2021,EVV,IN,AGL,CE,Combined TRACON& Tower with Radar,2,18,13,14,47,0,3,18,0,21,2,21,31,14,68,10,0,10,78
03/23/2021,EVV,IN,AGL,CE,Combined TRACON& Tower with Radar,4,15,4,2,25,0,1,3,0,4,4,16,7,2,29,4,0,4,33
03/24/2021,EVV,IN,AGL,CE,Combined TRACON& Tower with Radar,2,24,7,4,37,0,9,6,0,15,2,33,13,4,52,0,0,0,52
03/25/2021,EVV,IN,AGL,CE,Combined TRACON& Tower with Radar,4,19,4,0,27,0,2,0,0,2,4,21,4,0,29,0,0,0,29
03/26/2021,EVV,IN,AGL,CE,Combined TRACON& Tower with Radar,2,31,33,0,66,0,2,9,0,11,2,33,42,0,77,0,0,0,77
03/27/2021,EVV,IN,AGL,CE,Combined TRACON& Tower with Radar,3,23,26,0,52,0,13,33,0,46,3,36,59,0,98,12,0,12,110
03/28/2021,EVV,IN,AGL,CE,Combined TRACON& Tower with Radar,5,20,12,0,37,0,0,6,0,6,5,20,18,0,43,20,0,20,63
03/29/2021,EVV,IN,AGL,CE,Combined TRACON& Tower with Radar,2,22,6,0,30,0,16,28,6,50,2,38,34,6,80,2,0,2,82
03/30/2021,EVV,IN,AGL,CE,Combined TRACON& Tower with Radar,4,21,8,8,41,0,8,4,2,14,4,29,12,10,55,18,16,34,89
03/31/2021,EVV,IN,AGL,CE,Combined TRACON& Tower with Radar,2,24,20,26,72,0,8,6,0,14,2,32,26,26,86,10,8,18,104
04/01/2021,EVV,IN,AGL,CE,Combined TRACON& Tower with Radar,4,28,22,2,56,0,19,15,0,34,4,47,37,2,90,64,6,70,160
04/02/2021,EVV,IN,AGL,CE,Combined TRACON& Tower with Radar,2,21,15,0,38,0,12,42,0,54,2,33,57,0,92,109,0,109,201
04/03/2021,EVV,IN,AGL,CE,Combined TRACON& Tower with Radar,2,19,12,0,33,0,12,27,0,39,2,31,39,0,72,53,0,53,125
04/04/2021,EVV,IN,AGL,CE,Combined TRACON& Tower with Radar,4,16,8,0,28,0,6,11,0,17,4,22,19,0,45,0,0,0,45
04/05/2021,EVV,IN,AGL,CE,Combined TRACON& Tower with Radar,2,18,27,19,66,0,8,23,0,31,2,26,50,19,97,48,38,86,183
04/06/2021,EVV,IN,AGL,CE,Combined TRACON& Tower with Radar,2,15,11,0,28,0,10,17,1,28,2,25,28,1,56,44,0,44,100
04/07/2021,EVV,IN,AGL,CE,Combined TRACON& Tower with Radar,2,16,17,11,46,0,7,12,0,19,2,23,29,11,65,12,18,30,95
04/08/2021,EVV,IN,AGL,CE,Combined TRACON& Tower with Radar,4,30,13,1,48,0,9,4,1,14,4,39,17,2,62,82,0,82,144
04/09/2021,EVV,IN,AGL,CE,Combined TRACON& Tower with Radar,2,19,17,9,47,0,6,14,0,20,2,25,31,9,67,30,2,32,99
04/10/2021,EVV,IN,AGL,CE,Combined TRACON& Tower with Radar,2,22,14,0,38,0,0,4,0,4,2,22,18,0,42,25,0,25,67
04/11/2021,EVV,IN,AGL,CE,Combined TRACON& Tower with Radar,4,22,8,0,34,0,4,5,0,9,4,26,13,0,43,0,0,0,43
04/12/2021,EVV,IN,AGL,CE,Combined TRACON& Tower with Radar,2,23,35,13,73,0,13,25,3,41,2,36,60,16,114,26,0,26,140
04/13/2021,EVV,IN,AGL,CE,Combined TRACON& Tower with Radar,2,33,17,9,61,0,7,15,2,24,2,40,32,11,85,76,20,96,181
04/14/2021,EVV,IN,AGL,CE,Combined TRACON& Tower with Radar,2,26,27,42,97,0,10,21,0,31,2,36,48,42,128,24,16,40,168
04/15/2021,EVV,IN,AGL,CE,Combined TRACON& Tower with Radar,4,27,28,10,69,0,14,23,6,43,4,41,51,16,112,58,0,58,170
04/16/2021,EVV,IN,AGL,CE,Combined TRACON& Tower with Radar,2,30,12,4,48,0,19,25,0,44,2,49,37,4,92,48,6,54,146
04/17/2021,EVV,IN,AGL,CE,Combined TRACON& Tower with Radar,2,20,18,4,44,0,0,19,0,19,2,20,37,4,63,38,20,58,121
04/18/2021,EVV,IN,AGL,CE,Combined TRACON& Tower with Radar,4,24,6,0,34,0,4,12,0,16,4,28,18,0,50,45,0,45,95
04/19/2021,EVV,IN,AGL,CE,Combined TRACON& Tower with Radar,2,28,5,8,43,0,8,13,0,21,2,36,18,8,64,21,27,48,112
04/20/2021,EVV,IN,AGL,CE,Combined TRACON& Tower with Radar,2,23,17,2,44,0,1,12,0,13,2,24,29,2,57,49,0,49,106
04/21/2021,EVV,IN,AGL,CE,Combined TRACON& Tower with Radar,2,21,12,1,36,0,2,14,1,17,2,23,26,2,53,12,0,12,65
04/22/2021,EVV,IN,AGL,CE,Combined TRACON& Tower with Radar,4,23,17,3,47,0,6,23,0,29,4,29,40,3,76,31,6,37,113
04/23/2021,EVV,IN,AGL,CE,Combined TRACON& Tower with Radar,2,32,23,18,75,0,9,13,0,22,2,41,36,18,97,6,12,18,115
04/24/2021,EVV,IN,AGL,CE,Combined TRACON& Tower with Radar,2,18,10,0,30,0,4,4,0,8,2,22,14,0,38,0,0,0,38
04/25/2021,EVV,IN,AGL,CE,Combined TRACON& Tower with Radar,4,22,11,12,49,0,2,28,0,30,4,24,39,12,79,86,0,86,165
04/26/2021,EVV,IN,AGL,CE,Combined TRACON& Tower with Radar,1,25,25,0,51,0,12,13,0,25,1,37,38,0,76,48,0,48,124
04/27/2021,EVV,IN,AGL,CE,Combined TRACON& Tower with Radar,1,22,12,0,35,0,1,13,0,14,1,23,25,0,49,30,0,30,79
04/28/2021,EVV,IN,AGL,CE,Combined TRACON& Tower with Radar,2,27,10,0,39,0,4,6,0,10,2,31,16,0,49,0,0,0,49
04/29/2021,EVV,IN,AGL,CE,Combined TRACON& Tower with Radar,3,29,18,1,51,0,6,1,0,7,3,35,19,1,58,18,0,18,76
04/30/2021,EVV,IN,AGL,CE,Combined TRACON& Tower with Radar,1,35,12,6,54,0,6,12,0,18,1,41,24,6,72,34,12,46,118
05/01/2021,EVV,IN,AGL,CE,Combined TRACON& Tower with Radar,2,20,23,0,45,0,10,20,0,30,2,30,43,0,75,50,0,50,125
05/02/2021,EVV,IN,AGL,CE,Combined TRACON& Tower with Radar,4,19,11,2,36,0,3,10,0,13,4,22,21,2,49,20,0,20,69
05/03/2021,EVV,IN,AGL,CE,Combined TRACON& Tower with Radar,1,22,15,12,50,0,5,5,0,10,1,27,20,12,60,4,24,28,88
05/04/2021,EVV,IN,AGL,CE,Combined TRACON& Tower with Radar,1,27,15,0,43,0,1,0,0,1,1,28,15,0,44,13,0,13,57
05/05/2021,EVV,IN,AGL,CE,Combined TRACON& Tower with Radar,1,26,26,0,53,0,14,19,0,33,1,40,45,0,86,20,0,20,106
05/06/2021,EVV,IN,AGL,CE,Combined TRACON& Tower with Radar,5,33,20,4,62,0,8,8,0,16,5,41,28,4,78,38,0,38,116
05/07/2021,EVV,IN,AGL,CE,Combined TRACON& Tower with Radar,4,27,27,0,58,0,1,48,3,52,4,28,75,3,110,60,1,61,171
05/08/2021,EVV,IN,AGL,CE,Combined TRACON& Tower with Radar,4,23,11,0,38,0,6,37,0,43,4,29,48,0,81,52,0,52,133
05/09/2021,EVV,IN,AGL,CE,Combined TRACON& Tower with Radar,6,24,3,0,33,0,4,0,0,4,6,28,3,0,37,0,0,0,37
05/10/2021,EVV,IN,AGL,CE,Combined TRACON& Tower with Radar,3,23,21,26,73,0,4,18,0,22,3,27,39,26,95,86,16,102,197
05/11/2021,EVV,IN,AGL,CE,Combined TRACON& Tower with Radar,2,31,45,6,84,0,5,17,0,22,2,36,62,6,106,64,20,84,190
05/12/2021,EVV,IN,AGL,CE,Combined TRACON& Tower with Radar,5,36,51,33,125,0,8,22,3,33,5,44,73,36,158,16,26,42,200
05/13/2021,EVV,IN,AGL,CE,Combined TRACON& Tower with Radar,8,26,39,2,75,0,5,23,3,31,8,31,62,5,106,75,6,81,187
05/14/2021,EVV,IN,AGL,CE,Combined TRACON& Tower with Radar,4,34,34,14,86,0,4,32,0,36,4,38,66,14,122,71,0,71,193
05/15/2021,EVV,IN,AGL,CE,Combined TRACON& Tower with Radar,4,20,15,0,39,0,4,26,0,30,4,24,41,0,69,46,0,46,115
05/16/2021,EVV,IN,AGL,CE,Combined TRACON& Tower with Radar,8,24,14,21,67,0,4,10,0,14,8,28,24,21,81,20,14,34,115
05/17/2021,EVV,IN,AGL,CE,Combined TRACON& Tower with Radar,4,29,19,0,52,0,5,19,0,24,4,34,38,0,76,31,0,31,107
05/18/2021,EVV,IN,AGL,CE,Combined TRACON& Tower with Radar,2,31,29,6,68,0,3,6,0,9,2,34,35,6,77,21,6,27,104
05/19/2021,EVV,IN,AGL,CE,Combined TRACON& Tower with Radar,4,24,23,19,70,0,5,17,2,24,4,29,40,21,94,36,30,66,160
05/20/2021,EVV,IN,AGL,CE,Combined TRACON& Tower with Radar,6,26,10,40,82,0,3,25,0,28,6,29,35,40,110,36,34,70,180
05/21/2021,EVV,IN,AGL,CE,Combined TRACON& Tower with Radar,3,22,28,0,53,0,9,27,0,36,3,31,55,0,89,78,0,78,167
05/22/2021,EVV,IN,AGL,CE,Combined TRACON& Tower with Radar,4,21,8,2,35,0,2,37,0,39,4,23,45,2,74,48,0,48,122
05/23/2021,EVV,IN,AGL,CE,Combined TRACON& Tower with Radar,6,25,9,0,40,0,8,21,0,29,6,33,30,0,69,0,0,0,69
05/24/2021,EVV,IN,AGL,CE,Combined TRACON& Tower with Radar,3,23,19,0,45,0,2,27,2,31,3,25,46,2,76,48,0,48,124
05/25/2021,EVV,IN,AGL,CE,Combined TRACON& Tower with Radar,4,27,13,2,46,0,5,22,0,27,4,32,35,2,73,82,0,82,155
05/26/2021,EVV,IN,AGL,CE,Combined TRACON& Tower with Radar,5,25,25,2,57,0,0,3,1,4,5,25,28,3,61,12,0,12,73
05/27/2021,EVV,IN,AGL,CE,Combined TRACON& Tower with Radar,8,27,35,12,82,0,2,11,0,13,8,29,46,12,95,24,6,30,125
05/28/2021,EVV,IN,AGL,CE,Combined TRACON& Tower with Radar,4,29,34,0,67,0,0,1,0,1,4,29,35,0,68,16,0,16,84
05/29/2021,EVV,IN,AGL,CE,Combined TRACON& Tower with Radar,5,20,9,0,34,0,3,51,0,54,5,23,60,0,88,6,0,6,94
05/30/2021,EVV,IN,AGL,CE,Combined TRACON& Tower with Radar,6,25,11,0,42,0,2,31,0,33,6,27,42,0,75,32,0,32,107
05/31/2021,EVV,IN,AGL,CE,Combined TRACON& Tower with Radar,2,22,17,0,41,0,0,24,0,24,2,22,41,0,65,14,0,14,79
06/01/2021,EVV,IN,AGL,CE,Combined TRACON& Tower with Radar,4,27,20,7,58,0,3,11,0,14,4,30,31,7,72,36,16,52,124
06/02/2021,EVV,IN,AGL,CE,Combined TRACON& Tower with Radar,4,24,19,0,47,0,0,0,0,0,4,24,19,0,47,0,0,0,47
06/03/2021,EVV,IN,AGL,CE,Combined TRACON& Tower with Radar,7,24,22,0,53,0,5,2,0,7,7,29,24,0,60,30,0,30,90
06/04/2021,EVV,IN,AGL,CE,Combined TRACON& Tower with Radar,3,23,27,0,53,0,4,34,0,38,3,27,61,0,91,65,0,65,156
06/05/2021,EVV,IN,AGL,CE,Combined TRACON& Tower with Radar,4,22,12,14,52,0,3,41,2,46,4,25,53,16,98,34,4,38,136
06/06/2021,EVV,IN,AGL,CE,Combined TRACON& Tower with Radar,8,23,17,15,63,0,0,2,4,6,8,23,19,19,69,0,20,20,89
06/07/2021,EVV,IN,AGL,CE,Combined TRACON& Tower with Radar,3,27,12,0,42,0,4,9,0,13,3,31,21,0,55,0,0,0,55
06/08/2021,EVV,IN,AGL,CE,Combined TRACON& Tower with Radar,3,22,20,0,45,0,2,9,0,11,3,24,29,0,56,0,0,0,56
06/09/2021,EVV,IN,AGL,CE,Combined TRACON& Tower with Radar,4,27,29,6,66,0,3,7,0,10,4,30,36,6,76,25,0,25,101
06/10/2021,EVV,IN,AGL,CE,Combined TRACON& Tower with Radar,8,26,24,0,58,0,2,5,0,7,8,28,29,0,65,0,0,0,65
06/11/2021,EVV,IN,AGL,CE,Combined TRACON& Tower with Radar,3,26,43,0,72,0,3,21,0,24,3,29,64,0,96,16,0,16,112
06/12/2021,EVV,IN,AGL,CE,Combined TRACON& Tower with Radar,6,18,11,8,43,0,2,22,1,25,6,20,33,9,68,10,29,39,107
06/13/2021,EVV,IN,AGL,CE,Combined TRACON& Tower with Radar,8,18,18,0,44,0,4,37,0,41,8,22,55,0,85,0,0,0,85
06/14/2021,EVV,IN,AGL,CE,Combined TRACON& Tower with Radar,5,21,19,10,55,0,10,31,2,43,5,31,50,12,98,30,6,36,134
06/15/2021,EVV,IN,AGL,CE,Combined TRACON& Tower with Radar,2,18,19,23,62,0,15,22,3,40,2,33,41,26,102,12,0,12,114
06/16/2021,EVV,IN,AGL,CE,Combined TRACON& Tower with Radar,3,28,18,12,61,0,2,33,4,39,3,30,51,16,100,56,0,56,156
06/17/2021,EVV,IN,AGL,CE,Combined TRACON& Tower with Radar,7,29,18,2,56,0,11,29,1,41,7,40,47,3,97,31,0,31,128
06/18/2021,EVV,IN,AGL,CE,Combined TRACON& Tower with Radar,5,25,19,9,58,0,2,26,2,30,5,27,45,11,88,30,8,38,126
06/19/2021,EVV,IN,AGL,CE,Combined TRACON& Tower with Radar,4,20,15,0,39,0,10,12,0,22,4,30,27,0,61,12,0,12,73
06/20/2021,EVV,IN,AGL,CE,Combined TRACON& Tower with Radar,7,18,18,0,43,0,2,20,0,22,7,20,38,0,65,0,0,0,65
06/21/2021,EVV,IN,AGL,CE,Combined TRACON& Tower with Radar,3,23,17,0,43,0,3,4,0,7,3,26,21,0,50,28,0,28,78
06/22/2021,EVV,IN,AGL,CE,Combined TRACON& Tower with Radar,3,31,30,14,78,0,2,50,0,52,3,33,80,14,130,52,8,60,190
06/23/2021,EVV,IN,AGL,CE,Combined TRACON& Tower with Radar,4,25,36,0,65,0,11,43,3,57,4,36,79,3,122,38,0,38,160
06/24/2021,EVV,IN,AGL,CE,Combined TRACON& Tower with Radar,12,21,32,20,85,0,7,19,3,29,12,28,51,23,114,41,16,57,171
06/25/2021,EVV,IN,AGL,CE,Combined TRACON& Tower with Radar,3,27,24,0,54,0,0,8,0,8,3,27,32,0,62,36,0,36,98
06/26/2021,EVV,IN,AGL,CE,Combined TRACON& Tower with Radar,4,26,11,0,41,0,6,16,5,27,4,32,27,5,68,12,0,12,80
06/27/2021,EVV,IN,AGL,CE,Combined TRACON& Tower with Radar,9,20,12,0,41,0,4,14,1,19,9,24,26,1,60,4,0,4,64
06/28/2021,EVV,IN,AGL,CE,Combined TRACON& Tower with Radar,3,23,17,11,54,0,1,19,3,23,3,24,36,14,77,10,0,10,87
06/29/2021,EVV,IN,AGL,CE,Combined TRACON& Tower with Radar,3,23,15,10,51,0,6,22,6,34,3,29,37,16,85,29,10,39,124
06/30/2021,EVV,IN,AGL,CE,Combined TRACON& Tower with Radar,5,28,20,0,53,0,6,8,2,16,5,34,28,2,69,0,0,0,69
07/01/2021,EVV,IN,AGL,CE,Combined TRACON& Tower with Radar,7,30,13,0,50,0,2,0,0,2,7,32,13,0,52,0,0,0,52
07/02/2021,EVV,IN,AGL,CE,Combined TRACON& Tower with Radar,3,29,16,0,48,0,2,32,0,34,3,31,48,0,82,8,0,8,90
07/03/2021,EVV,IN,AGL,CE,Combined TRACON& Tower with Radar,4,21,6,0,31,0,0,29,0,29,4,21,35,0,60,12,0,12,72
07/04/2021,EVV,IN,AGL,CE,Combined TRACON& Tower with Radar,7,19,4,0,30,0,3,21,0,24,7,22,25,0,54,8,0,8,62
07/05/2021,EVV,IN,AGL,CE,Combined TRACON& Tower with Radar,3,22,12,0,37,0,0,28,0,28,3,22,40,0,65,49,0,49,114
07/06/2021,EVV,IN,AGL,CE,Combined TRACON& Tower with Radar,3,25,23,0,51,0,9,44,1,54,3,34,67,1,105,61,0,61,166
07/07/2021,EVV,IN,AGL,CE,Combined TRACON& Tower with Radar,3,25,24,0,52,0,4,79,5,88,3,29,103,5,140,18,0,18,158
07/08/2021,EVV,IN,AGL,CE,Combined TRACON& Tower with Radar,7,28,29,0,64,0,3,35,5,43,7,31,64,5,107,0,0,0,107
07/09/2021,EVV,IN,AGL,CE,Combined TRACON& Tower with Radar,5,28,36,1,70,0,1,49,3,53,5,29,85,4,123,83,0,83,206
07/10/2021,EVV,IN,AGL,CE,Combined TRACON& Tower with Radar,5,25,13,0,43,0,4,20,2,26,5,29,33,2,69,55,0,55,124
07/11/2021,EVV,IN,AGL,CE,Combined TRACON& Tower with Radar,5,25,19,0,49,0,4,11,4,19,5,29,30,4,68,0,0,0,68
07/12/2021,EVV,IN,AGL,CE,Combined TRACON& Tower with Radar,3,27,12,0,42,0,2,19,0,21,3,29,31,0,63,16,0,16,79
07/13/2021,EVV,IN,AGL,CE,Combined TRACON& Tower with Radar,3,28,23,9,63,0,0,45,1,46,3,28,68,10,109,28,0,28,137
07/14/2021,EVV,IN,AGL,CE,Combined TRACON& Tower with Radar,3,27,21,1,52,0,8,78,3,89,3,35,99,4,141,14,0,14,155
07/15/2021,EVV,IN,AGL,CE,Combined TRACON& Tower with Radar,6,19,11,0,36,0,8,32,0,40,6,27,43,0,76,16,0,16,92
07/16/2021,EVV,IN,AGL,CE,Combined TRACON& Tower with Radar,3,27,11,0,41,0,0,16,0,16,3,27,27,0,57,0,0,0,57
07/17/2021,EVV,IN,AGL,CE,Combined TRACON& Tower with Radar,4,22,18,0,44,0,7,48,0,55,4,29,66,0,99,23,0,23,122
07/18/2021,EVV,IN,AGL,CE,Combined TRACON& Tower with Radar,6,21,13,0,40,0,4,18,0,22,6,25,31,0,62,14,0,14,76
07/19/2021,EVV,IN,AGL,CE,Combined TRACON& Tower with Radar,5,22,30,43,100,0,2,27,1,30,5,24,57,44,130,16,88,104,234
07/20/2021,EVV,IN,AGL,CE,Combined TRACON& Tower with Radar,3,23,41,10,77,0,6,52,0,58,3,29,93,10,135,21,0,21,156
07/21/2021,EVV,IN,AGL,CE,Combined TRACON& Tower with Radar,4,28,24,1,57,0,8,50,3,61,4,36,74,4,118,3,0,3,121
07/22/2021,EVV,IN,AGL,CE,Combined TRACON& Tower with Radar,7,24,28,6,65,0,4,29,0,33,7,28,57,6,98,20,0,20,118
07/23/2021,EVV,IN,AGL,CE,Combined TRACON& Tower with Radar,4,30,29,22,85,0,11,42,2,55,4,41,71,24,140,32,10,42,182
07/24/2021,EVV,IN,AGL,CE,Combined TRACON& Tower with Radar,4,23,9,10,46,0,8,34,0,42,4,31,43,10,88,0,0,0,88
07/25/2021,EVV,IN,AGL,CE,Combined TRACON& Tower with Radar,6,21,14,0,41,0,6,11,0,17,6,27,25,0,58,0,0,0,58
07/26/2021,EVV,IN,AGL,CE,Combined TRACON& Tower with Radar,4,21,21,2,48,0,5,24,0,29,4,26,45,2,77,8,0,8,85
07/27/2021,EVV,IN,AGL,CE,Combined TRACON& Tower with Radar,3,28,16,32,79,0,10,12,4,26,3,38,28,36,105,0,0,0,105
07/28/2021,EVV,IN,AGL,CE,Combined TRACON& Tower with Radar,3,25,32,2,62,0,7,19,0,26,3,32,51,2,88,12,0,12,100
07/29/2021,EVV,IN,AGL,CE,Combined TRACON& Tower with Radar,7,27,34,0,68,0,1,15,0,16,7,28,49,0,84,0,0,0,84
07/30/2021,EVV,IN,AGL,CE,Combined TRACON& Tower with Radar,3,26,24,10,63,0,0,29,1,30,3,26,53,11,93,0,0,0,93
07/31/2021,EVV,IN,AGL,CE,Combined TRACON& Tower with Radar,4,19,15,0,38,0,2,11,0,13,4,21,26,0,51,6,0,6,57
08/01/2021,EVV,IN,AGL,CE,Combined TRACON& Tower with Radar,5,20,19,0,44,0,10,22,2,34,5,30,41,2,78,16,0,16,94
08/02/2021,EVV,IN,AGL,CE,Combined TRACON& Tower with Radar,3,22,23,0,48,0,4,19,2,25,3,26,42,2,73,0,0,0,73
08/03/2021,EVV,IN,AGL,CE,Combined TRACON& Tower with Radar,3,26,25,28,82,0,12,18,5,35,3,38,43,33,117,16,0,16,133
08/04/2021,EVV,IN,AGL,CE,Combined TRACON& Tower with Radar,3,35,22,12,72,0,6,31,4,41,3,41,53,16,113,0,0,0,113
08/05/2021,EVV,IN,AGL,CE,Combined TRACON& Tower with Radar,7,24,12,6,49,0,8,16,0,24,7,32,28,6,73,5,0,5,78
08/06/2021,EVV,IN,AGL,CE,Combined TRACON& Tower with Radar,4,23,18,43,88,0,5,27,3,35,4,28,45,46,123,4,20,24,147
08/07/2021,EVV,IN,AGL,CE,Combined TRACON& Tower with Radar,4,22,28,26,80,0,3,41,4,48,4,25,69,30,128,6,0,6,134
08/08/2021,EVV,IN,AGL,CE,Combined TRACON& Tower with Radar,5,21,16,6,48,0,2,24,0,26,5,23,40,6,74,34,0,34,108
08/09/2021,EVV,IN,AGL,CE,Combined TRACON& Tower with Radar,3,26,12,0,41,0,0,0,0,0,3,26,12,0,41,0,0,0,41
08/10/2021,EVV,IN,AGL,CE,Combined TRACON& Tower with Radar,4,21,23,2,50,0,3,23,0,26,4,24,46,2,76,0,0,0,76
08/11/2021,EVV,IN,AGL,CE,Combined TRACON& Tower with Radar,3,25,24,6,58,0,1,12,1,14,3,26,36,7,72,29,11,40,112
08/12/2021,EVV,IN,AGL,CE,Combined TRACON& Tower with Radar,9,23,22,16,70,0,5,21,3,29,9,28,43,19,99,5,6,11,110
08/13/2021,EVV,IN,AGL,CE,Combined TRACON& Tower with Radar,5,25,11,16,57,0,3,11,0,14,5,28,22,16,71,8,12,20,91
08/14/2021,EVV,IN,AGL,CE,Combined TRACON& Tower with Radar,2,22,18,0,42,0,2,14,2,18,2,24,32,2,60,17,0,17,77
08/15/2021,EVV,IN,AGL,CE,Combined TRACON& Tower with Radar,5,26,32,0,63,0,0,12,0,12,5,26,44,0,75,66,0,66,141
08/16/2021,EVV,IN,AGL,CE,Combined TRACON& Tower with Radar,4,23,14,8,49,0,6,13,0,19,4,29,27,8,68,69,0,69,137
08/17/2021,EVV,IN,AGL,CE,Combined TRACON& Tower with Radar,2,23,25,16,66,0,7,13,2,22,2,30,38,18,88,0,0,0,88
08/18/2021,EVV,IN,AGL,CE,Combined TRACON& Tower with Radar,1,28,26,9,64,0,5,24,0,29,1,33,50,9,93,16,0,16,109
08/19/2021,EVV,IN,AGL,CE,Combined TRACON& Tower with Radar,5,23,36,0,64,0,2,9,0,11,5,25,45,0,75,42,0,42,117
08/20/2021,EVV,IN,AGL,CE,Combined TRACON& Tower with Radar,5,31,22,0,58,0,8,26,0,34,5,39,48,0,92,81,0,81,173
08/21/2021,EVV,IN,AGL,CE,Combined TRACON& Tower with Radar,4,20,9,0,33,0,4,11,0,15,4,24,20,0,48,16,0,16,64
08/22/2021,EVV,IN,AGL,CE,Combined TRACON& Tower with Radar,5,23,21,0,49,0,2,14,0,16,5,25,35,0,65,0,0,0,65
08/23/2021,EVV,IN,AGL,CE,Combined TRACON& Tower with Radar,4,28,22,8,62,0,0,16,0,16,4,28,38,8,78,16,8,24,102
08/24/2021,EVV,IN,AGL,CE,Combined TRACON& Tower with Radar,5,19,25,0,49,0,4,17,0,21,5,23,42,0,70,8,0,8,78
08/25/2021,EVV,IN,AGL,CE,Combined TRACON& Tower with Radar,3,25,17,2,47,0,2,51,2,55,3,27,68,4,102,0,0,0,102
08/26/2021,EVV,IN,AGL,CE,Combined TRACON& Tower with Radar,5,30,16,5,56,0,16,15,0,31,5,46,31,5,87,14,6,20,107
08/27/2021,EVV,IN,AGL,CE,Combined TRACON& Tower with Radar,3,29,22,34,88,0,0,30,1,31,3,29,52,35,119,16,37,53,172
08/28/2021,EVV,IN,AGL,CE,Combined TRACON& Tower with Radar,4,24,17,0,45,0,2,35,0,37,4,26,52,0,82,18,0,18,100
08/29/2021,EVV,IN,AGL,CE,Combined TRACON& Tower with Radar,5,23,25,0,53,0,4,28,0,32,5,27,53,0,85,32,0,32,117
08/30/2021,EVV,IN,AGL,CE,Combined TRACON& Tower with Radar,3,23,18,0,44,0,1,5,0,6,3,24,23,0,50,0,0,0,50
08/31/2021,EVV,IN,AGL,CE,Combined TRACON& Tower with Radar,4,24,21,6,55,0,1,3,0,4,4,25,24,6,59,1,0,1,60
09/01/2021,EVV,IN,AGL,CE,Combined TRACON& Tower with Radar,3,22,25,0,50,0,8,21,0,29,3,30,46,0,79,5,0,5,84
09/02/2021,EVV,IN,AGL,CE,Combined TRACON& Tower with Radar,5,23,29,0,57,0,5,15,2,22,5,28,44,2,79,16,0,16,95
09/03/2021,EVV,IN,AGL,CE,Combined TRACON& Tower with Radar,4,23,13,1,41,0,6,40,0,46,4,29,53,1,87,30,0,30,117
09/04/2021,EVV,IN,AGL,CE,Combined TRACON& Tower with Radar,4,20,5,1,30,0,1,4,0,5,4,21,9,1,35,0,0,0,35
09/05/2021,EVV,IN,AGL,CE,Combined TRACON& Tower with Radar,6,23,15,0,44,0,5,8,0,13,6,28,23,0,57,31,0,31,88
09/06/2021,EVV,IN,AGL,CE,Combined TRACON& Tower with Radar,3,19,12,0,34,0,6,19,0,25,3,25,31,0,59,0,0,0,59
09/07/2021,EVV,IN,AGL,CE,Combined TRACON& Tower with Radar,3,25,12,3,43,0,2,16,1,19,3,27,28,4,62,35,0,35,97
09/08/2021,EVV,IN,AGL,CE,Combined TRACON& Tower with Radar,4,23,21,6,54,0,6,31,2,39,4,29,52,8,93,14,0,14,107
09/09/2021,EVV,IN,AGL,CE,Combined TRACON& Tower with Radar,7,22,23,9,61,0,9,21,0,30,7,31,44,9,91,6,0,6,97
09/10/2021,EVV,IN,AGL,CE,Combined TRACON& Tower with Radar,3,31,19,16,69,0,0,24,3,27,3,31,43,19,96,15,36,51,147
09/11/2021,EVV,IN,AGL,CE,Combined TRACON& Tower with Radar,5,21,8,0,34,0,0,17,1,18,5,21,25,1,52,8,0,8,60
09/12/2021,EVV,IN,AGL,CE,Combined TRACON& Tower with Radar,6,20,11,5,42,0,1,16,0,17,6,21,27,5,59,16,6,22,81
09/13/2021,EVV,IN,AGL,CE,Combined TRACON& Tower with Radar,3,29,13,7,52,0,7,16,2,25,3,36,29,9,77,0,0,0,77
09/14/2021,EVV,IN,AGL,CE,Combined TRACON& Tower with Radar,3,23,28,6,60,0,4,14,1,19,3,27,42,7,79,14,0,14,93
09/15/2021,EVV,IN,AGL,CE,Combined TRACON& Tower with Radar,3,27,14,2,46,0,0,6,0,6,3,27,20,2,52,12,0,12,64
09/16/2021,EVV,IN,AGL,CE,Combined TRACON& Tower with Radar,5,30,34,4,73,0,0,16,3,19,5,30,50,7,92,0,0,0,92
09/17/2021,EVV,IN,AGL,CE,Combined TRACON& Tower with Radar,3,26,21,2,52,0,4,15,2,21,3,30,36,4,73,24,2,26,99
09/18/2021,EVV,IN,AGL,CE,Combined TRACON& Tower with Radar,4,21,10,0,35,0,0,24,0,24,4,21,34,0,59,16,0,16,75
09/19/2021,EVV,IN,AGL,CE,Combined TRACON& Tower with Radar,5,19,18,0,42,0,1,10,0,11,5,20,28,0,53,0,0,0,53
09/20/2021,EVV,IN,AGL,CE,Combined TRACON& Tower with Radar,4,32,26,1,63,0,2,7,1,10,4,34,33,2,73,0,0,0,73
09/21/2021,EVV,IN,AGL,CE,Combined TRACON& Tower with Radar,4,24,22,0,50,0,1,1,0,2,4,25,23,0,52,0,0,0,52
09/22/2021,EVV,IN,AGL,CE,Combined TRACON& Tower with Radar,3,24,19,0,46,0,1,1,0,2,3,25,20,0,48,0,0,0,48
09/23/2021,EVV,IN,AGL,CE,Combined TRACON& Tower with Radar,6,23,21,0,50,0,15,13,0,28,6,38,34,0,78,26,0,26,104
09/24/2021,EVV,IN,AGL,CE,Combined TRACON& Tower with Radar,3,22,21,0,46,0,7,30,2,39,3,29,51,2,85,0,0,0,85
09/25/2021,EVV,IN,AGL,CE,Combined TRACON& Tower with Radar,4,18,26,0,48,0,1,17,0,18,4,19,43,0,66,18,0,18,84
09/26/2021,EVV,IN,AGL,CE,Combined TRACON& Tower with Radar,5,20,19,0,44,0,12,16,0,28,5,32,35,0,72,0,0,0,72
09/27/2021,EVV,IN,AGL,CE,Combined TRACON& Tower with Radar,3,33,28,21,85,0,6,11,0,17,3,39,39,21,102,0,14,14,116
09/28/2021,EVV,IN,AGL,CE,Combined TRACON& Tower with Radar,3,27,12,11,53,0,5,21,0,26,3,32,33,11,79,36,0,36,115
09/29/2021,EVV,IN,AGL,CE,Combined TRACON& Tower with Radar,3,23,17,5,48,0,3,22,4,29,3,26,39,9,77,2,0,2,79
09/30/2021,EVV,IN,AGL,CE,Combined TRACON& Tower with Radar,5,28,19,24,76,0,14,19,0,33,5,42,38,24,109,14,9,23,132
10/01/2021,EVV,IN,AGL,CE,Combined TRACON& Tower with Radar,3,25,23,0,51,0,9,18,2,29,3,34,41,2,80,63,0,63,143
10/02/2021,EVV,IN,AGL,CE,Combined TRACON& Tower with Radar,4,25,6,0,35,0,1,3,0,4,4,26,9,0,39,20,0,20,59
10/03/2021,EVV,IN,AGL,CE,Combined TRACON& Tower with Radar,5,34,19,0,58,0,1,3,0,4,5,35,22,0,62,16,0,16,78
10/04/2021,EVV,IN,AGL,CE,Combined TRACON& Tower with Radar,3,44,26,15,88,0,1,12,7,20,3,45,38,22,108,44,32,76,184
10/05/2021,EVV,IN,AGL,CE,Combined TRACON& Tower with Radar,3,43,32,15,93,0,2,10,2,14,3,45,42,17,107,16,27,43,150
10/06/2021,EVV,IN,AGL,CE,Combined TRACON& Tower with Radar,4,30,22,0,56,0,0,2,0,2,4,30,24,0,58,0,0,0,58
10/07/2021,EVV,IN,AGL,CE,Combined TRACON& Tower with Radar,5,27,25,0,57,0,4,3,0,7,5,31,28,0,64,0,0,0,64
10/08/2021,EVV,IN,AGL,CE,Combined TRACON& Tower with Radar,3,43,28,6,80,0,4,20,0,24,3,47,48,6,104,16,14,30,134
10/09/2021,EVV,IN,AGL,CE,Combined TRACON& Tower with Radar,5,24,12,0,41,0,12,27,0,39,5,36,39,0,80,19,0,19,99
10/10/2021,EVV,IN,AGL,CE,Combined TRACON& Tower with Radar,5,17,11,1,34,0,12,26,0,38,5,29,37,1,72,32,0,32,104
10/11/2021,EVV,IN,AGL,CE,Combined TRACON& Tower with Radar,7,16,10,0,33,0,7,3,0,10,7,23,13,0,43,28,0,28,71
10/12/2021,EVV,IN,AGL,CE,Combined TRACON& Tower with Radar,6,39,21,23,89,0,7,15,1,23,6,46,36,24,112,10,14,24,136
10/13/2021,EVV,IN,AGL,CE,Combined TRACON& Tower with Radar,4,38,24,35,101,0,6,5,3,14,4,44,29,38,115,8,38,46,161
10/14/2021,EVV,IN,AGL,CE,Combined TRACON& Tower with Radar,8,38,20,8,74,0,3,11,0,14,8,41,31,8,88,19,5,24,112
10/15/2021,EVV,IN,AGL,CE,Combined TRACON& Tower with Radar,6,17,10,8,41,0,0,5,0,5,6,17,15,8,46,21,5,26,72
10/16/2021,EVV,IN,AGL,CE,Combined TRACON& Tower with Radar,5,20,8,0,33,0,18,20,0,38,5,38,28,0,71,44,0,44,115
10/17/2021,EVV,IN,AGL,CE,Combined TRACON& Tower with Radar,8,19,14,0,41,0,12,24,0,36,8,31,38,0,77,0,0,0,77
10/18/2021,EVV,IN,AGL,CE,Combined TRACON& Tower with Radar,5,20,12,1,38,0,5,20,2,27,5,25,32,3,65,11,0,11,76
10/19/2021,EVV,IN,AGL,CE,Combined TRACON& Tower with Radar,6,17,17,4,44,0,4,24,0,28,6,21,41,4,72,39,0,39,111
10/20/2021,EVV,IN,AGL,CE,Combined TRACON& Tower with Radar,6,33,21,0,60,0,12,19,0,31,6,45,40,0,91,46,0,46,137
10/21/2021,EVV,IN,AGL,CE,Combined TRACON& Tower with Radar,5,41,28,2,76,0,7,7,0,14,5,48,35,2,90,0,0,0,90
10/22/2021,EVV,IN,AGL,CE,Combined TRACON& Tower with Radar,6,26,30,7,69,0,3,12,3,18,6,29,42,10,87,41,20,61,148
10/23/2021,EVV,IN,AGL,CE,Combined TRACON& Tower with Radar,4,26,13,0,43,0,2,13,0,15,4,28,26,0,58,10,0,10,68
10/24/2021,EVV,IN,AGL,CE,Combined TRACON& Tower with Radar,7,16,17,0,40,0,6,6,0,12,7,22,23,0,52,0,0,0,52
10/25/2021,EVV,IN,AGL,CE,Combined TRACON& Tower with Radar,6,28,16,6,56,0,2,0,0,2,6,30,16,6,58,8,0,8,66
10/26/2021,EVV,IN,AGL,CE,Combined TRACON& Tower with Radar,6,24,18,6,54,0,11,20,0,31,6,35,38,6,85,24,0,24,109
10/27/2021,EVV,IN,AGL,CE,Combined TRACON& Tower with Radar,6,28,40,22,96,0,10,20,0,30,6,38,60,22,126,51,2,53,179
10/28/2021,EVV,IN,AGL,CE,Combined TRACON& Tower with Radar,6,21,20,0,47,0,1,0,0,1,6,22,20,0,48,0,0,0,48
10/29/2021,EVV,IN,AGL,CE,Combined TRACON& Tower with Radar,5,26,25,6,62,0,4,4,0,8,5,30,29,6,70,29,0,29,99
10/30/2021,EVV,IN,AGL,CE,Combined TRACON& Tower with Radar,4,21,13,0,38,0,1,1,0,2,4,22,14,0,40,0,0,0,40
10/31/2021,EVV,IN,AGL,CE,Combined TRACON& Tower with Radar,3,21,26,0,50,0,7,17,0,24,3,28,43,0,74,25,0,25,99
11/01/2021,EVV,IN,AGL,CE,Combined TRACON& Tower with Radar,6,25,22,17,70,0,3,33,1,37,6,28,55,18,107,37,33,70,177
11/02/2021,EVV,IN,AGL,CE,Combined TRACON& Tower with Radar,3,22,3,0,28,0,9,16,0,25,3,31,19,0,53,10,0,10,63
11/03/2021,EVV,IN,AGL,CE,Combined TRACON& Tower with Radar,4,19,22,13,58,0,6,18,2,26,4,25,40,15,84,89,12,101,185
11/04/2021,EVV,IN,AGL,CE,Combined TRACON& Tower with Radar,7,23,16,1,47,0,7,20,0,27,7,30,36,1,74,24,0,24,98
11/05/2021,EVV,IN,AGL,CE,Combined TRACON& Tower with Radar,5,22,19,8,54,0,9,23,0,32,5,31,42,8,86,42,25,67,153
11/06/2021,EVV,IN,AGL,CE,Combined TRACON& Tower with Radar,4,16,12,0,32,0,8,18,1,27,4,24,30,1,59,33,0,33,92
11/07/2021,EVV,IN,AGL,CE,Combined TRACON& Tower with Radar,5,19,28,0,52,0,2,23,0,25,5,21,51,0,77,15,0,15,92
11/08/2021,EVV,IN,AGL,CE,Combined TRACON& Tower with Radar,3,22,18,18,61,0,9,14,6,29,3,31,32,24,90,43,58,101,191
11/09/2021,EVV,IN,AGL,CE,Combined TRACON& Tower with Radar,3,24,22,2,51,0,7,10,0,17,3,31,32,2,68,22,0,22,90
11/10/2021,EVV,IN,AGL,CE,Combined TRACON& Tower with Radar,3,26,25,10,64,0,9,15,0,24,3,35,40,10,88,11,15,26,114
11/11/2021,EVV,IN,AGL,CE,Combined TRACON& Tower with Radar,3,22,16,0,41,0,2,7,0,9,3,24,23,0,50,0,0,0,50
11/12/2021,EVV,IN,AGL,CE,Combined TRACON& Tower with Radar,3,20,23,2,48,0,3,12,0,15,3,23,35,2,63,0,8,8,71
11/13/2021,EVV,IN,AGL,CE,Combined TRACON& Tower with Radar,4,15,13,0,32,0,0,5,0,5,4,15,18,0,37,0,0,0,37
11/14/2021,EVV,IN,AGL,CE,Combined TRACON& Tower with Radar,3,19,17,0,39,0,0,6,0,6,3,19,23,0,45,0,0,0,45
11/15/2021,EVV,IN,AGL,CE,Combined TRACON& Tower with Radar,3,21,13,20,57,0,14,25,0,39,3,35,38,20,96,35,33,68,164
11/16/2021,EVV,IN,AGL,CE,Combined TRACON& Tower with Radar,3,30,14,12,59,0,5,25,0,30,3,35,39,12,89,31,0,31,120
11/17/2021,EVV,IN,AGL,CE,Combined TRACON& Tower with Radar,6,21,17,0,44,0,0,5,0,5,6,21,22,0,49,0,0,0,49
11/18/2021,EVV,IN,AGL,CE,Combined TRACON& Tower with Radar,5,21,13,7,46,0,11,11,1,23,5,32,24,8,69,39,5,44,113
11/19/2021,EVV,IN,AGL,CE,Combined TRACON& Tower with Radar,4,26,24,14,68,0,15,21,0,36,4,41,45,14,104,34,0,34,138
11/20/2021,EVV,IN,AGL,CE,Combined TRACON& Tower with Radar,3,14,14,8,39,0,4,28,0,32,3,18,42,8,71,52,8,60,131
11/21/2021,EVV,IN,AGL,CE,Combined TRACON& Tower with Radar,6,19,15,0,40,0,2,0,1,3,6,21,15,1,43,0,0,0,43
11/22/2021,EVV,IN,AGL,CE,Combined TRACON& Tower with Radar,5,19,26,16,66,0,2,24,0,26,5,21,50,16,92,57,14,71,163
11/23/2021,EVV,IN,AGL,CE,Combined TRACON& Tower with Radar,5,21,28,2,56,0,2,51,0,53,5,23,79,2,109,90,0,90,199
11/24/2021,EVV,IN,AGL,CE,Combined TRACON& Tower with Radar,4,23,15,0,42,0,3,15,0,18,4,26,30,0,60,7,0,7,67
11/25/2021,EVV,IN,AGL,CE,Combined TRACON& Tower with Radar,2,10,4,0,16,0,0,0,0,0,2,10,4,0,16,0,0,0,16
11/26/2021,EVV,IN,AGL,CE,Combined TRACON& Tower with Radar,2,18,10,0,30,0,2,9,0,11,2,20,19,0,41,22,0,22,63
11/27/2021,EVV,IN,AGL,CE,Combined TRACON& Tower with Radar,6,15,17,2,40,0,4,14,0,18,6,19,31,2,58,10,0,10,68
11/28/2021,EVV,IN,AGL,CE,Combined TRACON& Tower with Radar,5,19,16,0,40,0,5,11,0,16,5,24,27,0,56,18,0,18,74
11/29/2021,EVV,IN,AGL,CE,Combined TRACON& Tower with Radar,3,24,20,15,62,0,19,16,0,35,3,43,36,15,97,19,22,41,138
11/30/2021,EVV,IN,AGL,CE,Combined TRACON& Tower with Radar,4,21,18,0,43,6,0,16,0,22,10,21,34,0,65,54,0,54,119
12/01/2021,EVV,IN,AGL,CE,Combined TRACON& Tower with Radar,3,22,15,12,52,0,5,11,0,16,3,27,26,12,68,11,10,21,89
12/02/2021,EVV,IN,AGL,CE,Combined TRACON& Tower with Radar,6,23,14,1,44,0,7,20,2,29,6,30,34,3,73,52,0,52,125
12/03/2021,EVV,IN,AGL,CE,Combined TRACON& Tower with Radar,3,20,14,0,37,0,15,26,0,41,3,35,40,0,78,34,0,34,112
12/04/2021,EVV,IN,AGL,CE,Combined TRACON& Tower with Radar,4,15,13,19,51,0,10,31,1,42,4,25,44,20,93,62,43,105,198
12/05/2021,EVV,IN,AGL,CE,Combined TRACON& Tower with Radar,5,16,11,6,38,0,4,2,0,6,5,20,13,6,44,0,37,37,81
12/06/2021,EVV,IN,AGL,CE,Combined TRACON& Tower with Radar,3,14,12,0,29,0,3,8,0,11,3,17,20,0,40,20,0,20,60
12/07/2021,EVV,IN,AGL,CE,Combined TRACON& Tower with Radar,4,16,15,0,35,0,0,26,0,26,4,16,41,0,61,17,0,17,78
12/08/2021,EVV,IN,AGL,CE,Combined TRACON& Tower with Radar,4,20,22,0,46,0,7,19,0,26,4,27,41,0,72,53,0,53,125
12/09/2021,EVV,IN,AGL,CE,Combined TRACON& Tower with Radar,5,27,14,3,49,0,2,7,1,10,5,29,21,4,59,0,2,2,61
12/10/2021,EVV,IN,AGL,CE,Combined TRACON& Tower with Radar,6,24,10,0,40,0,0,0,0,0,6,24,10,0,40,0,0,0,40
12/11/2021,EVV,IN,AGL,CE,Combined TRACON& Tower with Radar,4,10,7,0,21,0,0,3,0,3,4,10,10,0,24,0,0,0,24
12/12/2021,EVV,IN,AGL,CE,Combined TRACON& Tower with Radar,5,17,31,0,53,0,4,45,2,51,5,21,76,2,104,26,0,26,130
12/13/2021,EVV,IN,AGL,CE,Combined TRACON& Tower with Radar,4,18,22,0,44,0,5,44,0,49,4,23,66,0,93,74,13,87,180
12/14/2021,EVV,IN,AGL,CE,Combined TRACON& Tower with Radar,3,16,14,5,38,0,5,27,0,32,3,21,41,5,70,61,16,77,147
12/15/2021,EVV,IN,AGL,CE,Combined TRACON& Tower with Radar,3,20,22,0,45,0,0,9,0,9,3,20,31,0,54,38,0,38,92
12/16/2021,EVV,IN,AGL,CE,Combined TRACON& Tower with Radar,6,17,15,0,38,0,2,0,0,2,6,19,15,0,40,0,0,0,40
12/17/2021,EVV,IN,AGL,CE,Combined TRACON& Tower with Radar,4,18,10,0,32,0,1,2,0,3,4,19,12,0,35,0,0,0,35
12/18/2021,EVV,IN,AGL,CE,Combined TRACON& Tower with Radar,2,22,3,0,27,0,1,0,0,1,2,23,3,0,28,0,0,0,28
12/19/2021,EVV,IN,AGL,CE,Combined TRACON& Tower with Radar,6,20,14,0,40,0,3,20,0,23,6,23,34,0,63,16,0,16,79
12/20/2021,EVV,IN,AGL,CE,Combined TRACON& Tower with Radar,4,17,11,0,32,8,0,24,0,32,12,17,35,0,64,42,0,42,106
12/21/2021,EVV,IN,AGL,CE,Combined TRACON& Tower with Radar,6,22,16,0,44,0,9,18,2,29,6,31,34,2,73,12,0,12,85
12/22/2021,EVV,IN,AGL,CE,Combined TRACON& Tower with Radar,4,18,21,0,43,0,2,30,0,32,4,20,51,0,75,8,0,8,83
12/23/2021,EVV,IN,AGL,CE,Combined TRACON& Tower with Radar,6,19,13,0,38,0,2,14,0,16,6,21,27,0,54,10,0,10,64
12/24/2021,EVV,IN,AGL,CE,Combined TRACON& Tower with Radar,4,13,9,0,26,0,0,2,0,2,4,13,11,0,28,10,0,10,38
12/25/2021,EVV,IN,AGL,CE,Combined TRACON& Tower with Radar,2,18,5,0,25,0,1,2,0,3,2,19,7,0,28,0,0,0,28
12/26/2021,EVV,IN,AGL,CE,Combined TRACON& Tower with Radar,6,14,21,0,41,0,2,4,0,6,6,16,25,0,47,0,0,0,47
12/27/2021,EVV,IN,AGL,CE,Combined TRACON& Tower with Radar,4,14,13,0,31,0,0,8,0,8,4,14,21,0,39,23,0,23,62
12/28/2021,EVV,IN,AGL,CE,Combined TRACON& Tower with Radar,6,21,8,2,37,0,1,0,0,1,6,22,8,2,38,0,0,0,38
12/29/2021,EVV,IN,AGL,CE,Combined TRACON& Tower with Radar,4,17,5,0,26,0,2,1,0,3,4,19,6,0,29,32,0,32,61
12/30/2021,EVV,IN,AGL,CE,Combined TRACON& Tower with Radar,6,17,14,0,37,0,0,0,0,0,6,17,14,0,37,0,0,0,37
12/31/2021,EVV,IN,AGL,CE,Combined TRACON& Tower with Radar,4,17,13,0,34,0,1,4,0,5,4,18,17,0,39,0,0,0,39
01/01/2022,EVV,IN,AGL,CE,Combined TRACON& Tower with Radar,1,15,4,0,20,0,0,0,0,0,1,15,4,0,20,0,0,0,20
01/02/2022,EVV,IN,AGL,CE,Combined TRACON& Tower with Radar,6,15,3,0,24,0,1,0,1,2,6,16,3,1,26,0,0,0,26
01/03/2022,EVV,IN,AGL,CE,Combined TRACON& Tower with Radar,4,13,12,5,34,0,2,12,3,17,4,15,24,8,51,53,0,53,104
01/04/2022,EVV,IN,AGL,CE,Combined TRACON& Tower with Radar,2,14,10,7,33,0,3,11,11,25,2,17,21,18,58,26,5,31,89
01/05/2022,EVV,IN,AGL,CE,Combined TRACON& Tower with Radar,5,19,13,10,47,0,1,8,0,9,5,20,21,10,56,0,0,0,56
01/06/2022,EVV,IN,AGL,CE,Combined TRACON& Tower with Radar,7,10,1,0,18,0,2,0,0,2,7,12,1,0,20,0,0,0,20
01/07/2022,EVV,IN,AGL,CE,Combined TRACON& Tower with Radar,5,13,9,0,27,0,5,10,0,15,5,18,19,0,42,14,0,14,56
01/08/2022,EVV,IN,AGL,CE,Combined TRACON& Tower with Radar,5,13,4,0,22,0,3,7,0,10,5,16,11,0,32,8,0,8,40
01/09/2022,EVV,IN,AGL,CE,Combined TRACON& Tower with Radar,7,17,5,0,29,0,1,3,0,4,7,18,8,0,33,0,0,0,33
01/10/2022,EVV,IN,AGL,CE,Combined TRACON& Tower with Radar,6,13,10,0,29,0,6,11,0,17,6,19,21,0,46,47,0,47,93
01/11/2022,EVV,IN,AGL,CE,Combined TRACON& Tower with Radar,7,23,25,0,55,0,7,27,0,34,7,30,52,0,89,0,0,0,89
01/12/2022,EVV,IN,AGL,CE,Combined TRACON& Tower with Radar,7,16,16,2,41,0,13,19,0,32,7,29,35,2,73,2,0,2,75
01/13/2022,EVV,IN,AGL,CE,Combined TRACON& Tower with Radar,10,21,15,7,53,0,7,20,2,29,10,28,35,9,82,47,5,52,134
01/14/2022,EVV,IN,AGL,CE,Combined TRACON& Tower with Radar,8,12,25,0,45,0,0,0,0,0,8,12,25,0,45,0,0,0,45
01/15/2022,EVV,IN,AGL,CE,Combined TRACON& Tower with Radar,5,10,5,0,20,0,2,1,2,5,5,12,6,2,25,22,0,22,47
01/16/2022,EVV,IN,AGL,CE,Combined TRACON& Tower with Radar,7,8,10,0,25,0,7,15,0,22,7,15,25,0,47,18,0,18,65
01/17/2022,EVV,IN,AGL,CE,Combined TRACON& Tower with Radar,7,11,4,0,22,0,2,0,2,4,7,13,4,2,26,33,0,33,59
01/18/2022,EVV,IN,AGL,CE,Combined TRACON& Tower with Radar,7,21,12,0,40,0,6,15,2,23,7,27,27,2,63,22,0,22,85
01/19/2022,EVV,IN,AGL,CE,Combined TRACON& Tower with Radar,7,13,16,0,36,0,2,0,0,2,7,15,16,0,38,0,0,0,38
01/20/2022,EVV,IN,AGL,CE,Combined TRACON& Tower with Radar,10,20,16,27,73,0,3,10,4,17,10,23,26,31,90,4,12,16,106
01/21/2022,EVV,IN,AGL,CE,Combined TRACON& Tower with Radar,7,14,18,2,41,0,6,13,3,22,7,20,31,5,63,15,0,15,78
01/22/2022,EVV,IN,AGL,CE,Combined TRACON& Tower with Radar,5,15,5,0,25,0,5,27,0,32,5,20,32,0,57,55,0,55,112
01/23/2022,EVV,IN,AGL,CE,Combined TRACON& Tower with Radar,11,13,5,0,29,0,2,4,0,6,11,15,9,0,35,24,0,24,59
01/24/2022,EVV,IN,AGL,CE,Combined TRACON& Tower with Radar,8,10,13,4,35,0,2,14,1,17,8,12,27,5,52,49,0,49,101
01/25/2022,EVV,IN,AGL,CE,Combined TRACON& Tower with Radar,7,17,26,11,61,0,4,21,1,26,7,21,47,12,87,14,27,41,128
01/26/2022,EVV,IN,AGL,CE,Combined TRACON& Tower with Radar,7,15,21,2,45,0,8,12,0,20,7,23,33,2,65,0,0,0,65
01/27/2022,EVV,IN,AGL,CE,Combined TRACON& Tower with Radar,10,15,13,1,39,0,0,11,0,11,10,15,24,1,50,16,0,16,66
01/28/2022,EVV,IN,AGL,CE,Combined TRACON& Tower with Radar,5,13,10,6,34,0,2,3,0,5,5,15,13,6,39,21,0,21,60
01/29/2022,EVV,IN,AGL,CE,Combined TRACON& Tower with Radar,5,14,13,0,32,0,15,32,0,47,5,29,45,0,79,71,0,71,150
01/30/2022,EVV,IN,AGL,CE,Combined TRACON& Tower with Radar,9,12,8,0,29,0,8,14,0,22,9,20,22,0,51,8,0,8,59
01/31/2022,EVV,IN,AGL,CE,Combined TRACON& Tower with Radar,7,13,20,10,50,0,15,41,1,57,7,28,61,11,107,36,13,49,156
02/01/2022,EVV,IN,AGL,CE,Combined TRACON& Tower with Radar,7,14,21,9,51,0,4,19,3,26,7,18,40,12,77,49,32,81,158
02/02/2022,EVV,IN,AGL,CE,Combined TRACON& Tower with Radar,6,10,8,0,24,0,0,0,0,0,6,10,8,0,24,0,0,0,24
02/03/2022,EVV,IN,AGL,CE,Combined TRACON& Tower with Radar,10,20,16,27,73,0,3,10,4,17,10,23,26,31,90,0,0,0,90
02/04/2022,EVV,IN,AGL,CE,Combined TRACON& Tower with Radar,4,9,9,0,22,0,5,4,0,9,4,14,13,0,31,0,0,0,31
02/05/2022,EVV,IN,AGL,CE,Combined TRACON& Tower with Radar,3,13,13,0,29,0,3,14,2,19,3,16,27,2,48,0,0,0,48
02/06/2022,EVV,IN,AGL,CE,Combined TRACON& Tower with Radar,8,14,4,0,26,0,2,12,0,14,8,16,16,0,40,22,0,22,62
02/07/2022,EVV,IN,AGL,CE,Combined TRACON& Tower with Radar,7,19,28,0,54,0,4,11,0,15,7,23,39,0,69,29,0,29,98
02/08/2022,EVV,IN,AGL,CE,Combined TRACON& Tower with Radar,7,11,17,0,35,0,6,18,0,24,7,17,35,0,59,57,0,57,116
02/09/2022,EVV,IN,AGL,CE,Combined TRACON& Tower with Radar,9,13,17,10,49,0,3,23,0,26,9,16,40,10,75,0,30,30,105
02/10/2022,EVV,IN,AGL,CE,Combined TRACON& Tower with Radar,11,12,22,1,46,0,4,26,1,31,11,16,48,2,77,40,0,40,117
02/11/2022,EVV,IN,AGL,CE,Combined TRACON& Tower with Radar,7,19,11,11,48,0,0,4,0,4,7,19,15,11,52,19,24,43,95
02/12/2022,EVV,IN,AGL,CE,Combined TRACON& Tower with Radar,5,14,4,0,23,0,0,5,0,5,5,14,9,0,28,0,0,0,28
02/13/2022,EVV,IN,AGL,CE,Combined TRACON& Tower with Radar,7,14,8,2,31,0,1,16,2,19,7,15,24,4,50,13,5,18,68
02/14/2022,EVV,IN,AGL,CE,Combined TRACON& Tower with Radar,7,12,18,0,37,0,13,23,0,36,7,25,41,0,73,86,0,86,159
02/15/2022,EVV,IN,AGL,CE,Combined TRACON& Tower with Radar,11,19,22,6,58,0,2,38,1,41,11,21,60,7,99,47,14,61,160
02/16/2022,EVV,IN,AGL,CE,Combined TRACON& Tower with Radar,7,16,9,1,33,0,0,9,0,9,7,16,18,1,42,2,0,2,44
02/17/2022,EVV,IN,AGL,CE,Combined TRACON& Tower with Radar,6,10,2,0,18,0,1,0,0,1,6,11,2,0,19,0,0,0,19
02/18/2022,EVV,IN,AGL,CE,Combined TRACON& Tower with Radar,8,18,17,6,49,0,10,26,0,36,8,28,43,6,85,60,18,78,163
02/19/2022,EVV,IN,AGL,CE,Combined TRACON& Tower with Radar,6,14,12,0,32,0,15,20,0,35,6,29,32,0,67,85,0,85,152
02/20/2022,EVV,IN,AGL,CE,Combined TRACON& Tower with Radar,7,12,21,0,40,0,2,17,0,19,7,14,38,0,59,56,0,56,115
02/21/2022,EVV,IN,AGL,CE,Combined TRACON& Tower with Radar,6,11,22,0,39,0,4,17,0,21,6,15,39,0,60,55,0,55,115
02/22/2022,EVV,IN,AGL,CE,Combined TRACON& Tower with Radar,6,12,5,0,23,0,2,0,2,4,6,14,5,2,27,0,0,0,27
02/23/2022,EVV,IN,AGL,CE,Combined TRACON& Tower with Radar,4,14,13,0,31,0,4,8,0,12,4,18,21,0,43,31,0,31,74
02/24/2022,EVV,IN,AGL,CE,Combined TRACON& Tower with Radar,7,13,13,0,33,0,0,0,0,0,7,13,13,0,33,0,0,0,33
02/25/2022,EVV,IN,AGL,CE,Combined TRACON& Tower with Radar,7,12,13,10,42,0,3,8,6,17,7,15,21,16,59,10,10,20,79
02/26/2022,EVV,IN,AGL,CE,Combined TRACON& Tower with Radar,6,16,20,2,44,0,11,31,0,42,6,27,51,2,86,73,0,73,159
02/27/2022,EVV,IN,AGL,CE,Combined TRACON& Tower with Radar,9,16,20,0,45,0,10,44,0,54,9,26,64,0,99,51,0,51,150
02/28/2022,EVV,IN,AGL,CE,Combined TRACON& Tower with Radar,7,14,23,2,46,0,12,21,3,36,7,26,44,5,82,45,8,53,135
03/01/2022,EVV,IN,AGL,CE,Combined TRACON& Tower with Radar,6,17,20,13,56,0,15,32,3,50,6,32,52,16,106,56,16,72,178
03/02/2022,EVV,IN,AGL,CE,Combined TRACON& Tower with Radar,5,13,16,21,55,0,11,22,3,36,5,24,38,24,91,45,10,55,146
03/03/2022,EVV,IN,AGL,CE,Combined TRACON& Tower with Radar,9,17,17,16,59,0,10,33,0,43,9,27,50,16,102,51,22,73,175
03/04/2022,EVV,IN,AGL,CE,Combined TRACON& Tower with Radar,10,9,24,6,49,0,6,30,4,40,10,15,54,10,89,12,4,16,105
03/05/2022,EVV,IN,AGL,CE,Combined TRACON& Tower with Radar,5,7,13,0,25,0,4,10,0,14,5,11,23,0,39,0,0,0,39
03/06/2022,EVV,IN,AGL,CE,Combined TRACON& Tower with Radar,9,11,3,0,23,0,2,1,0,3,9,13,4,0,26,17,0,17,43
03/07/2022,EVV,IN,AGL,CE,Combined TRACON& Tower with Radar,5,12,9,2,28,0,2,1,0,3,5,14,10,2,31,0,7,7,38
03/08/2022,EVV,IN,AGL,CE,Combined TRACON& Tower with Radar,5,7,26,0,38,0,3,12,0,15,5,10,38,0,53,41,0,41,94
03/09/2022,EVV,IN,AGL,CE,Combined TRACON& Tower with Radar,5,9,18,3,35,0,6,37,3,46,5,15,55,6,81,20,6,26,107
03/10/2022,EVV,IN,AGL,CE,Combined TRACON& Tower with Radar,5,13,28,37,83,0,11,29,2,42,5,24,57,39,125,28,39,67,192
03/11/2022,EVV,IN,AGL,CE,Combined TRACON& Tower with Radar,7,14,14,3,38,0,2,2,0,4,7,16,16,3,42,6,0,6,48
03/12/2022,EVV,IN,AGL,CE,Combined TRACON& Tower with Radar,9,5,8,0,22,0,7,5,0,12,9,12,13,0,34,0,0,0,34
03/13/2022,EVV,IN,AGL,CE,Combined TRACON& Tower with Radar,6,7,4,0,17,0,2,6,0,8,6,9,10,0,25,0,0,0,25
03/14/2022,EVV,IN,AGL,CE,Combined TRACON& Tower with Radar,5,11,18,0,34,0,10,18,0,28,5,21,36,0,62,85,0,85,147
03/15/2022,EVV,IN,AGL,CE,Combined TRACON& Tower with Radar,5,11,16,15,47,0,10,26,1,37,5,21,42,16,84,51,33,84,168
03/16/2022,EVV,IN,AGL,CE,Combined TRACON& Tower with Radar,4,13,19,2,38,0,8,23,0,31,4,21,42,2,69,23,0,23,92
03/17/2022,EVV,IN,AGL,CE,Combined TRACON& Tower with Radar,7,21,10,6,44,0,6,22,0,28,7,27,32,6,72,80,0,80,152
03/18/2022,EVV,IN,AGL,CE,Combined TRACON& Tower with Radar,5,14,15,0,34,0,3,7,0,10,5,17,22,0,44,40,0,40,84
03/19/2022,EVV,IN,AGL,CE,Combined TRACON& Tower with Radar,6,7,8,0,21,0,1,0,0,1,6,8,8,0,22,8,0,8,30
03/20/2022,EVV,IN,AGL,CE,Combined TRACON& Tower with Radar,4,15,29,0,48,0,3,28,0,31,4,18,57,0,79,0,0,0,79
03/21/2022,EVV,IN,AGL,CE,Combined TRACON& Tower with Radar,3,11,14,4,32,0,1,16,0,17,3,12,30,4,49,14,4,18,67
03/22/2022,EVV,IN,AGL,CE,Combined TRACON& Tower with Radar,3,9,15,0,27,0,0,0,0,0,3,9,15,0,27,0,0,0,27
03/23/2022,EVV,IN,AGL,CE,Combined TRACON& Tower with Radar,3,10,13,0,26,0,0,2,0,2,3,10,15,0,28,0,0,0,28
03/24/2022,EVV,IN,AGL,CE,Combined TRACON& Tower with Radar,10,8,10,0,28,0,1,6,1,8,10,9,16,1,36,0,0,0,36
03/25/2022,EVV,IN,AGL,CE,Combined TRACON& Tower with Radar,4,13,11,0,28,0,1,7,4,12,4,14,18,4,40,32,0,32,72
03/26/2022,EVV,IN,AGL,CE,Combined TRACON& Tower with Radar,7,5,15,4,31,0,6,9,1,16,7,11,24,5,47,37,8,45,92
03/27/2022,EVV,IN,AGL,CE,Combined TRACON& Tower with Radar,6,12,21,0,39,0,1,26,0,27,6,13,47,0,66,39,0,39,105
03/28/2022,EVV,IN,AGL,CE,Combined TRACON& Tower with Radar,9,9,22,0,40,0,12,32,0,44,9,21,54,0,84,47,0,47,131
03/29/2022,EVV,IN,AGL,CE,Combined TRACON& Tower with Radar,4,14,21,0,39,0,3,17,1,21,4,17,38,1,60,104,0,104,164
03/30/2022,EVV,IN,AGL,CE,Combined TRACON& Tower with Radar,4,11,11,2,28,0,1,0,0,1,4,12,11,2,29,0,0,0,29
03/31/2022,EVV,IN,AGL,CE,Combined TRACON& Tower with Radar,5,11,17,6,39,0,1,9,0,10,5,12,26,6,49,33,0,33,82
04/01/2022,EVV,IN,AGL,CE,Combined TRACON& Tower with Radar,7,11,11,2,31,0,8,18,0,26,7,19,29,2,57,60,0,60,117
04/02/2022,EVV,IN,AGL,CE,Combined TRACON& Tower with Radar,7,6,18,0,31,0,6,22,0,28,7,12,40,0,59,13,0,13,72
04/03/2022,EVV,IN,AGL,CE,Combined TRACON& Tower with Radar,7,13,15,0,35,0,11,23,2,36,7,24,38,2,71,47,0,47,118
04/04/2022,EVV,IN,AGL,CE,Combined TRACON& Tower with Radar,6,13,18,0,37,0,3,16,0,19,6,16,34,0,56,23,0,23,79
04/05/2022,EVV,IN,AGL,CE,Combined TRACON& Tower with Radar,7,8,15,0,30,0,0,4,0,4,7,8,19,0,34,5,0,5,39
04/06/2022,EVV,IN,AGL,CE,Combined TRACON& Tower with Radar,8,14,18,8,48,0,1,14,0,15,8,15,32,8,63,13,34,47,110
04/07/2022,EVV,IN,AGL,CE,Combined TRACON& Tower with Radar,9,9,15,2,35,0,3,16,0,19,9,12,31,2,54,0,0,0,54
04/08/2022,EVV,IN,AGL,CE,Combined TRACON& Tower with Radar,7,13,14,0,34,0,2,7,0,9,7,15,21,0,43,38,0,38,81
04/09/2022,EVV,IN,AGL,CE,Combined TRACON& Tower with Radar,8,9,12,0,29,0,4,15,0,19,8,13,27,0,48,18,0,18,66
04/10/2022,EVV,IN,AGL,CE,Combined TRACON& Tower with Radar,10,10,14,0,34,0,5,26,0,31,10,15,40,0,65,4,0,4,69
04/11/2022,EVV,IN,AGL,CE,Combined TRACON& Tower with Radar,7,13,12,0,32,0,0,0,0,0,7,13,12,0,32,35,0,35,67
04/12/2022,EVV,IN,AGL,CE,Combined TRACON& Tower with Radar,5,24,21,0,50,0,1,3,0,4,5,25,24,0,54,0,0,0,54
04/13/2022,EVV,IN,AGL,CE,Combined TRACON& Tower with Radar,7,14,10,0,31,0,2,0,0,2,7,16,10,0,33,0,0,0,33
04/14/2022,EVV,IN,AGL,CE,Combined TRACON& Tower with Radar,10,17,26,6,59,0,11,41,0,52,10,28,67,6,111,48,16,64,175
04/15/2022,EVV,IN,AGL,CE,Combined TRACON& Tower with Radar,9,15,25,9,58,0,2,27,3,32,9,17,52,12,90,102,42,144,234
04/16/2022,EVV,IN,AGL,CE,Combined TRACON& Tower with Radar,7,13,9,2,31,0,4,32,0,36,7,17,41,2,67,50,0,50,117
04/17/2022,EVV,IN,AGL,CE,Combined TRACON& Tower with Radar,9,9,2,0,20,0,4,9,0,13,9,13,11,0,33,24,0,24,57
04/18/2022,EVV,IN,AGL,CE,Combined TRACON& Tower with Radar,7,12,17,0,36,0,8,4,2,14,7,20,21,2,50,34,6,40,90
04/19/2022,EVV,IN,AGL,CE,Combined TRACON& Tower with Radar,7,11,19,4,41,0,11,31,6,48,7,22,50,10,89,44,0,44,133
04/20/2022,EVV,IN,AGL,CE,Combined TRACON& Tower with Radar,7,10,24,0,41,0,4,24,1,29,7,14,48,1,70,36,0,36,106
04/21/2022,EVV,IN,AGL,CE,Combined TRACON& Tower with Radar,8,29,48,0,85,0,1,3,0,4,8,30,51,0,89,0,0,0,89
04/22/2022,EVV,IN,AGL,CE,Combined TRACON& Tower with Radar,9,14,36,24,83,0,17,48,0,65,9,31,84,24,148,63,39,102,250
04/23/2022,EVV,IN,AGL,CE,Combined TRACON& Tower with Radar,10,8,9,0,27,0,2,16,0,18,10,10,25,0,45,8,0,8,53
04/24/2022,EVV,IN,AGL,CE,Combined TRACON& Tower with Radar,7,12,10,0,29,0,4,3,0,7,7,16,13,0,36,19,0,19,55
04/25/2022,EVV,IN,AGL,CE,Combined TRACON& Tower with Radar,7,13,22,2,44,0,10,3,0,13,7,23,25,2,57,16,0,16,73
04/26/2022,EVV,IN,AGL,CE,Combined TRACON& Tower with Radar,7,15,12,0,34,0,4,14,0,18,7,19,26,0,52,18,0,18,70
04/27/2022,EVV,IN,AGL,CE,Combined TRACON& Tower with Radar,8,17,26,3,54,0,6,51,0,57,8,23,77,3,111,32,4,36,147
04/28/2022,EVV,IN,AGL,CE,Combined TRACON& Tower with Radar,9,17,19,0,45,0,11,20,1,32,9,28,39,1,77,36,0,36,113
04/29/2022,EVV,IN,AGL,CE,Combined TRACON& Tower with Radar,8,12,27,0,47,0,4,13,1,18,8,16,40,1,65,29,0,29,94
04/30/2022,EVV,IN,AGL,CE,Combined TRACON& Tower with Radar,9,6,6,0,21,0,3,11,0,14,9,9,17,0,35,33,0,33,68
05/01/2022,EVV,IN,AGL,CE,Combined TRACON& Tower with Radar,10,12,11,0,33,0,8,12,0,20,10,20,23,0,53,32,0,32,85
05/02/2022,EVV,IN,AGL,CE,Combined TRACON& Tower with Radar,7,13,24,0,44,0,8,27,0,35,7,21,51,0,79,32,0,32,111
05/03/2022,EVV,IN,AGL,CE,Combined TRACON& Tower with Radar,9,13,10,0,32,0,1,3,0,4,9,14,13,0,36,0,0,0,36
05/04/2022,EVV,IN,AGL,CE,Combined TRACON& Tower with Radar,7,18,23,2,50,0,7,9,0,16,7,25,32,2,66,46,2,48,114
05/05/2022,EVV,IN,AGL,CE,Combined TRACON& Tower with Radar,9,12,19,4,44,0,4,9,0,13,9,16,28,4,57,55,0,55,112
05/06/2022,EVV,IN,AGL,CE,Combined TRACON& Tower with Radar,7,11,14,0,32,0,2,0,0,2,7,13,14,0,34,0,0,0,34
05/07/2022,EVV,IN,AGL,CE,Combined TRACON& Tower with Radar,5,16,10,0,31,0,3,12,0,15,5,19,22,0,46,23,0,23,69
05/08/2022,EVV,IN,AGL,CE,Combined TRACON& Tower with Radar,10,16,18,0,44,0,0,16,2,18,10,16,34,2,62,10,0,10,72
05/09/2022,EVV,IN,AGL,CE,Combined TRACON& Tower with Radar,8,11,28,6,53,0,3,23,1,27,8,14,51,7,80,39,0,39,119
05/10/2022,EVV,IN,AGL,CE,Combined TRACON& Tower with Radar,7,18,22,0,47,0,4,32,2,38,7,22,54,2,85,53,0,53,138
05/11/2022,EVV,IN,AGL,CE,Combined TRACON& Tower with Radar,8,16,26,0,50,0,2,28,2,32,8,18,54,2,82,45,0,45,127
05/12/2022,EVV,IN,AGL,CE,Combined TRACON& Tower with Radar,9,11,24,0,44,0,8,27,0,35,9,19,51,0,79,5,0,5,84
05/13/2022,EVV,IN,AGL,CE,Combined TRACON& Tower with Radar,8,16,32,7,63,0,4,34,0,38,8,20,66,7,101,71,0,71,172
05/14/2022,EVV,IN,AGL,CE,Combined TRACON& Tower with Radar,5,12,10,0,27,0,4,22,0,26,5,16,32,0,53,19,0,19,72
05/15/2022,EVV,IN,AGL,CE,Combined TRACON& Tower with Radar,9,10,9,1,29,0,2,14,2,18,9,12,23,3,47,0,0,0,47
05/16/2022,EVV,IN,AGL,CE,Combined TRACON& Tower with Radar,7,10,23,10,50,0,5,15,0,20,7,15,38,10,70,10,0,10,80
05/17/2022,EVV,IN,AGL,CE,Combined TRACON& Tower with Radar,7,15,19,0,41,0,7,31,0,38,7,22,50,0,79,67,0,67,146
05/18/2022,EVV,IN,AGL,CE,Combined TRACON& Tower with Radar,8,10,20,0,38,0,6,6,0,12,8,16,26,0,50,2,0,2,52
05/19/2022,EVV,IN,AGL,CE,Combined TRACON& Tower with Radar,9,16,15,0,40,0,1,9,1,11,9,17,24,1,51,39,0,39,90
05/20/2022,EVV,IN,AGL,CE,Combined TRACON& Tower with Radar,7,16,7,0,30,0,6,14,1,21,7,22,21,1,51,0,0,0,51
05/21/2022,EVV,IN,AGL,CE,Combined TRACON& Tower with Radar,5,13,5,0,23,0,3,8,0,11,5,16,13,0,34,8,0,8,42
05/22/2022,EVV,IN,AGL,CE,Combined TRACON& Tower with Radar,9,13,15,0,37,0,1,15,0,16,9,14,30,0,53,0,0,0,53
05/23/2022,EVV,IN,AGL,CE,Combined TRACON& Tower with Radar,8,9,30,0,47,0,2,19,0,21,8,11,49,0,68,30,0,30,98
05/24/2022,EVV,IN,AGL,CE,Combined TRACON& Tower with Radar,6,28,24,15,73,0,4,18,0,22,6,32,42,15,95,76,0,76,171
05/25/2022,EVV,IN,AGL,CE,Combined TRACON& Tower with Radar,7,11,14,0,32,0,1,2,0,3,7,12,16,0,35,0,0,0,35
05/26/2022,EVV,IN,AGL,CE,Combined TRACON& Tower with Radar,9,16,21,0,46,0,3,3,0,6,9,19,24,0,52,12,0,12,64
05/27/2022,EVV,IN,AGL,CE,Combined TRACON& Tower with Radar,8,18,25,2,53,0,3,4,0,7,8,21,29,2,60,22,0,22,82
05/28/2022,EVV,IN,AGL,CE,Combined TRACON& Tower with Radar,6,10,17,0,33,0,3,81,2,86,6,13,98,2,119,10,0,10,129
05/29/2022,EVV,IN,AGL,CE,Combined TRACON& Tower with Radar,7,7,13,0,27,0,6,17,2,25,7,13,30,2,52,0,0,0,52
05/30/2022,EVV,IN,AGL,CE,Combined TRACON& Tower with Radar,8,7,11,0,26,0,8,13,3,24,8,15,24,3,50,0,0,0,50
05/31/2022,EVV,IN,AGL,CE,Combined TRACON& Tower with Radar,7,9,10,2,28,0,2,26,0,28,7,11,36,2,56,33,0,33,89
06/01/2022,EVV,IN,AGL,CE,Combined TRACON& Tower with Radar,7,15,18,15,55,0,3,12,2,17,7,18,30,17,72,33,40,73,145
06/02/2022,EVV,IN,AGL,CE,Combined TRACON& Tower with Radar,11,25,41,0,77,0,3,15,2,20,11,28,56,2,97,28,0,28,125
06/03/2022,EVV,IN,AGL,CE,Combined TRACON& Tower with Radar,7,8,21,12,48,0,10,35,2,47,7,18,56,14,95,19,8,27,122
06/04/2022,EVV,IN,AGL,CE,Combined TRACON& Tower with Radar,6,8,12,64,90,0,3,25,0,28,6,11,37,64,118,20,22,42,160
06/05/2022,EVV,IN,AGL,CE,Combined TRACON& Tower with Radar,13,16,12,38,79,0,0,23,0,23,13,16,35,38,102,14,0,14,116
06/06/2022,EVV,IN,AGL,CE,Combined TRACON& Tower with Radar,6,12,13,0,31,0,3,11,0,14,6,15,24,0,45,6,0,6,51
06/07/2022,EVV,IN,AGL,CE,Combined TRACON& Tower with Radar,7,24,14,2,47,0,1,14,0,15,7,25,28,2,62,14,0,14,76
06/08/2022,EVV,IN,AGL,CE,Combined TRACON& Tower with Radar,6,22,20,0,48,0,11,9,0,20,6,33,29,0,68,0,0,0,68
06/09/2022,EVV,IN,AGL,CE,Combined TRACON& Tower with Radar,11,23,24,2,60,0,7,21,0,28,11,30,45,2,88,46,0,46,134
06/10/2022,EVV,IN,AGL,CE,Combined TRACON& Tower with Radar,7,24,14,10,55,0,11,12,0,23,7,35,26,10,78,2,46,48,126
06/11/2022,EVV,IN,AGL,CE,Combined TRACON& Tower with Radar,7,11,11,0,29,0,4,20,0,24,7,15,31,0,53,54,0,54,107
06/12/2022,EVV,IN,AGL,CE,Combined TRACON& Tower with Radar,9,12,10,0,31,0,2,9,0,11,9,14,19,0,42,8,0,8,50
06/13/2022,EVV,IN,AGL,CE,Combined TRACON& Tower with Radar,9,11,18,3,41,0,8,15,1,24,9,19,33,4,65,0,0,0,65
06/14/2022,EVV,IN,AGL,CE,Combined TRACON& Tower with Radar,8,10,12,2,32,0,6,23,0,29,8,16,35,2,61,92,0,92,153
06/15/2022,EVV,IN,AGL,CE,Combined TRACON& Tower with Radar,6,20,30,8,64,0,10,19,1,30,6,30,49,9,94,73,29,102,196
06/16/2022,EVV,IN,AGL,CE,Combined TRACON& Tower with Radar,11,17,19,26,73,0,11,16,0,27,11,28,35,26,100,2,0,2,102
06/17/2022,EVV,IN,AGL,CE,Combined TRACON& Tower with Radar,7,17,6,0,30,0,2,9,0,11,7,19,15,0,41,13,0,13,54
06/18/2022,EVV,IN,AGL,CE,Combined TRACON& Tower with Radar,7,8,8,0,23,0,12,11,0,23,7,20,19,0,46,13,0,13,59
06/19/2022,EVV,IN,AGL,CE,Combined TRACON& Tower with Radar,11,9,5,0,25,0,1,9,0,10,11,10,14,0,35,0,0,0,35
06/20/2022,EVV,IN,AGL,CE,Combined TRACON& Tower with Radar,7,8,16,0,31,0,7,19,3,29,7,15,35,3,60,58,0,58,118
06/21/2022,EVV,IN,AGL,CE,Combined TRACON& Tower with Radar,8,11,18,1,38,0,7,23,1,31,8,18,41,2,69,44,0,44,113
06/22/2022,EVV,IN,AGL,CE,Combined TRACON& Tower with Radar,7,18,24,0,49,0,5,23,0,28,7,23,47,0,77,37,0,37,114
06/23/2022,EVV,IN,AGL,CE,Combined TRACON& Tower with Radar,12,19,37,12,80,0,1,24,0,25,12,20,61,12,105,17,0,17,122
06/24/2022,EVV,IN,AGL,CE,Combined TRACON& Tower with Radar,7,10,23,1,41,0,6,23,3,32,7,16,46,4,73,30,0,30,103
06/25/2022,EVV,IN,AGL,CE,Combined TRACON& Tower with Radar,7,9,13,0,29,0,11,19,0,30,7,20,32,0,59,47,0,47,106
06/26/2022,EVV,IN,AGL,CE,Combined TRACON& Tower with Radar,8,12,5,0,25,0,1,5,0,6,8,13,10,0,31,0,0,0,31
06/27/2022,EVV,IN,AGL,CE,Combined TRACON& Tower with Radar,7,14,20,12,53,0,5,20,0,25,7,19,40,12,78,22,7,29,107
06/28/2022,EVV,IN,AGL,CE,Combined TRACON& Tower with Radar,7,25,26,4,62,0,3,26,4,33,7,28,52,8,95,34,0,34,129
06/29/2022,EVV,IN,AGL,CE,Combined TRACON& Tower with Radar,7,14,20,23,64,0,4,37,1,42,7,18,57,24,106,89,0,89,195
06/30/2022,EVV,IN,AGL,CE,Combined TRACON& Tower with Radar,11,10,20,0,41,0,5,21,0,26,11,15,41,0,67,70,0,70,137
07/01/2022,EVV,IN,AGL,CE,Combined TRACON& Tower with Radar,7,17,12,0,36,0,10,9,0,19,7,27,21,0,55,0,0,0,55
07/02/2022,EVV,IN,AGL,CE,Combined TRACON& Tower with Radar,8,7,5,0,20,0,2,4,0,6,8,9,9,0,26,15,0,15,41
07/03/2022,EVV,IN,AGL,CE,Combined TRACON& Tower with Radar,11,5,10,0,26,0,3,6,0,9,11,8,16,0,35,0,0,0,35
07/04/2022,EVV,IN,AGL,CE,Combined TRACON& Tower with Radar,8,5,6,0,19,0,0,7,0,7,8,5,13,0,26,0,0,0,26
07/05/2022,EVV,IN,AGL,CE,Combined TRACON& Tower with Radar,6,15,10,17,48,0,8,11,2,21,6,23,21,19,69,43,18,61,130
07/06/2022,EVV,IN,AGL,CE,Combined TRACON& Tower with Radar,6,11,21,0,38,0,6,13,0,19,6,17,34,0,57,26,0,26,83
07/07/2022,EVV,IN,AGL,CE,Combined TRACON& Tower with Radar,14,8,18,0,40,0,4,14,0,18,14,12,32,0,58,57,0,57,115
07/08/2022,EVV,IN,AGL,CE,Combined TRACON& Tower with Radar,8,6,16,13,43,0,2,20,0,22,8,8,36,13,65,70,5,75,140
07/09/2022,EVV,IN,AGL,CE,Combined TRACON& Tower with Radar,9,9,31,0,49,0,0,5,0,5,9,9,36,0,54,26,0,26,80
07/10/2022,EVV,IN,AGL,CE,Combined TRACON& Tower with Radar,12,11,25,0,48,0,2,34,0,36,12,13,59,0,84,66,0,66,150
07/11/2022,EVV,IN,AGL,CE,Combined TRACON& Tower with Radar,8,8,21,0,37,0,3,27,0,30,8,11,48,0,67,57,0,57,124
07/12/2022,EVV,IN,AGL,CE,Combined TRACON& Tower with Radar,6,7,27,0,40,0,3,46,0,49,6,10,73,0,89,105,0,105,194
07/13/2022,EVV,IN,AGL,CE,Combined TRACON& Tower with Radar,6,8,25,0,39,0,7,38,1,46,6,15,63,1,85,12,0,12,97
07/14/2022,EVV,IN,AGL,CE,Combined TRACON& Tower with Radar,14,11,22,0,47,0,4,39,2,45,14,15,61,2,92,62,0,62,154
07/15/2022,EVV,IN,AGL,CE,Combined TRACON& Tower with Radar,8,15,22,0,45,0,4,40,0,44,8,19,62,0,89,40,0,40,129
07/16/2022,EVV,IN,AGL,CE,Combined TRACON& Tower with Radar,8,11,19,2,40,0,2,34,0,36,8,13,53,2,76,20,0,20,96
07/17/2022,EVV,IN,AGL,CE,Combined TRACON& Tower with Radar,11,8,9,0,28,0,0,0,0,0,11,8,9,0,28,0,0,0,28
07/18/2022,EVV,IN,AGL,CE,Combined TRACON& Tower with Radar,7,13,19,2,41,0,1,15,0,16,7,14,34,2,57,0,0,0,57
07/19/2022,EVV,IN,AGL,CE,Combined TRACON& Tower with Radar,8,16,45,22,91,0,4,33,2,39,8,20,78,24,130,57,18,75,205
07/20/2022,EVV,IN,AGL,CE,Combined TRACON& Tower with Radar,4,13,26,0,43,0,2,13,0,15,4,15,39,0,58,5,0,5,63
07/21/2022,EVV,IN,AGL,CE,Combined TRACON& Tower with Radar,12,8,38,0,58,0,1,60,0,61,12,9,98,0,119,48,0,48,167
07/22/2022,EVV,IN,AGL,CE,Combined TRACON& Tower with Radar,7,13,14,0,34,0,5,56,0,61,7,18,70,0,95,6,0,6,101
07/23/2022,EVV,IN,AGL,CE,Combined TRACON& Tower with Radar,8,9,11,2,30,0,7,31,2,40,8,16,42,4,70,37,6,43,113
07/24/2022,EVV,IN,AGL,CE,Combined TRACON& Tower with Radar,11,7,12,0,30,0,5,15,0,20,11,12,27,0,50,0,0,0,50
07/25/2022,EVV,IN,AGL,CE,Combined TRACON& Tower with Radar,7,6,26,4,43,0,2,6,0,8,7,8,32,4,51,26,0,26,77
07/26/2022,EVV,IN,AGL,CE,Combined TRACON& Tower with Radar,6,11,11,0,28,0,5,4,0,9,6,16,15,0,37,6,0,6,43
07/27/2022,EVV,IN,AGL,CE,Combined TRACON& Tower with Radar,5,7,20,8,40,0,2,7,0,9,5,9,27,8,49,28,25,53,102
07/28/2022,EVV,IN,AGL,CE,Combined TRACON& Tower with Radar,11,8,18,16,53,0,2,5,0,7,11,10,23,16,60,15,0,15,75
07/29/2022,EVV,IN,AGL,CE,Combined TRACON& Tower with Radar,7,8,21,0,36,0,0,20,0,20,7,8,41,0,56,13,0,13,69
07/30/2022,EVV,IN,AGL,CE,Combined TRACON& Tower with Radar,8,4,12,0,24,0,3,61,0,64,8,7,73,0,88,28,0,28,116
07/31/2022,EVV,IN,AGL,CE,Combined TRACON& Tower with Radar,11,5,20,0,36,0,2,1,0,3,11,7,21,0,39,0,0,0,39
08/01/2022,EVV,IN,AGL,CE,Combined TRACON& Tower with Radar,10,15,34,0,59,0,2,8,0,10,10,17,42,0,69,62,0,62,131
08/02/2022,EVV,IN,AGL,CE,Combined TRACON& Tower with Radar,6,9,17,1,33,0,1,4,0,5,6,10,21,1,38,12,0,12,50
08/03/2022,EVV,IN,AGL,CE,Combined TRACON& Tower with Radar,7,16,17,17,57,0,2,10,1,13,7,18,27,18,70,89,38,127,197
08/04/2022,EVV,IN,AGL,CE,Combined TRACON& Tower with Radar,13,7,13,0,33,0,2,0,0,2,13,9,13,0,35,0,0,0,35
08/05/2022,EVV,IN,AGL,CE,Combined TRACON& Tower with Radar,8,10,23,0,41,0,0,3,0,3,8,10,26,0,44,0,0,0,44
08/06/2022,EVV,IN,AGL,CE,Combined TRACON& Tower with Radar,8,7,16,0,31,0,1,22,2,25,8,8,38,2,56,16,0,16,72
08/07/2022,EVV,IN,AGL,CE,Combined TRACON& Tower with Radar,14,7,16,1,38,0,4,35,3,42,14,11,51,4,80,5,0,5,85
08/08/2022,EVV,IN,AGL,CE,Combined TRACON& Tower with Radar,9,17,28,18,72,0,5,35,0,40,9,22,63,18,112,43,32,75,187
08/09/2022,EVV,IN,AGL,CE,Combined TRACON& Tower with Radar,8,13,29,0,50,0,1,24,0,25,8,14,53,0,75,34,0,34,109
08/10/2022,EVV,IN,AGL,CE,Combined TRACON& Tower with Radar,12,11,40,0,63,0,0,5,0,5,12,11,45,0,68,6,0,6,74
08/11/2022,EVV,IN,AGL,CE,Combined TRACON& Tower with Radar,14,7,25,0,46,0,2,42,0,44,14,9,67,0,90,100,0,100,190
08/12/2022,EVV,IN,AGL,CE,Combined TRACON& Tower with Radar,8,21,27,20,76,0,6,42,2,50,8,27,69,22,126,112,64,176,302
08/13/2022,EVV,IN,AGL,CE,Combined TRACON& Tower with Radar,9,3,9,4,25,0,3,26,2,31,9,6,35,6,56,46,0,46,102
08/14/2022,EVV,IN,AGL,CE,Combined TRACON& Tower with Radar,12,11,3,0,26,0,1,17,0,18,12,12,20,0,44,0,0,0,44
08/15/2022,EVV,IN,AGL,CE,Combined TRACON& Tower with Radar,8,8,21,0,37,0,5,13,0,18,8,13,34,0,55,31,0,31,86
08/16/2022,EVV,IN,AGL,CE,Combined TRACON& Tower with Radar,8,13,19,0,40,0,2,22,2,26,8,15,41,2,66,81,0,81,147
08/17/2022,EVV,IN,AGL,CE,Combined TRACON& Tower with Radar,6,12,37,2,57,0,3,25,4,32,6,15,62,6,89,36,0,36,125
08/18/2022,EVV,IN,AGL,CE,Combined TRACON& Tower with Radar,9,9,30,7,55,0,3,35,1,39,9,12,65,8,94,23,0,23,117
08/19/2022,EVV,IN,AGL,CE,Combined TRACON& Tower with Radar,7,27,30,23,87,0,5,35,6,46,7,32,65,29,133,62,37,99,232
08/20/2022,EVV,IN,AGL,CE,Combined TRACON& Tower with Radar,6,6,10,4,26,0,4,22,2,28,6,10,32,6,54,70,0,70,124
08/21/2022,EVV,IN,AGL,CE,Combined TRACON& Tower with Radar,9,8,21,0,38,0,5,20,0,25,9,13,41,0,63,49,0,49,112
08/22/2022,EVV,IN,AGL,CE,Combined TRACON& Tower with Radar,3,18,25,34,80,0,7,17,0,24,3,25,42,34,104,95,54,149,253
08/23/2022,EVV,IN,AGL,CE,Combined TRACON& Tower with Radar,7,23,30,8,68,0,5,20,0,25,7,28,50,8,93,38,12,50,143
08/24/2022,EVV,IN,AGL,CE,Combined TRACON& Tower with Radar,9,17,27,6,59,0,6,27,1,34,9,23,54,7,93,113,8,121,214
08/25/2022,EVV,IN,AGL,CE,Combined TRACON& Tower with Radar,11,12,44,3,70,0,0,24,1,25,11,12,68,4,95,37,3,40,135
08/26/2022,EVV,IN,AGL,CE,Combined TRACON& Tower with Radar,9,19,19,74,121,0,7,16,4,27,9,26,35,78,148,128,66,194,342
08/27/2022,EVV,IN,AGL,CE,Combined TRACON& Tower with Radar,8,9,18,9,44,0,3,40,5,48,8,12,58,14,92,20,0,20,112
08/28/2022,EVV,IN,AGL,CE,Combined TRACON& Tower with Radar,11,10,7,14,42,0,4,14,2,20,11,14,21,16,62,20,8,28,90
08/29/2022,EVV,IN,AGL,CE,Combined TRACON& Tower with Radar,7,18,8,0,33,0,5,6,0,11,7,23,14,0,44,43,0,43,87
08/30/2022,EVV,IN,AGL,CE,Combined TRACON& Tower with Radar,8,13,23,0,44,0,6,3,6,15,8,19,26,6,59,59,0,59,118
08/31/2022,EVV,IN,AGL,CE,Combined TRACON& Tower with Radar,6,16,18,0,40,0,2,31,2,35,6,18,49,2,75,86,0,86,161
09/01/2022,EVV,IN,AGL,CE,Combined TRACON& Tower with Radar,9,20,36,0,65,0,8,18,2,28,9,28,54,2,93,4,0,4,97
09/02/2022,EVV,IN,AGL,CE,Combined TRACON& Tower with Radar,7,20,13,0,40,0,11,23,2,36,7,31,36,2,76,48,0,48,124
09/03/2022,EVV,IN,AGL,CE,Combined TRACON& Tower with Radar,5,6,3,0,14,0,0,11,0,11,5,6,14,0,25,0,0,0,25
09/04/2022,EVV,IN,AGL,CE,Combined TRACON& Tower with Radar,7,14,3,0,24,0,0,4,0,4,7,14,7,0,28,0,0,0,28
09/05/2022,EVV,IN,AGL,CE,Combined TRACON& Tower with Radar,7,9,6,0,22,0,0,2,0,2,7,9,8,0,24,0,0,0,24
09/06/2022,EVV,IN,AGL,CE,Combined TRACON& Tower with Radar,7,9,10,0,26,0,3,3,0,6,7,12,13,0,32,14,0,14,46
09/07/2022,EVV,IN,AGL,CE,Combined TRACON& Tower with Radar,5,16,21,21,63,0,6,13,1,20,5,22,34,22,83,76,14,90,173
09/08/2022,EVV,IN,AGL,CE,Combined TRACON& Tower with Radar,9,12,31,2,54,0,5,32,0,37,9,17,63,2,91,35,0,35,126
09/09/2022,EVV,IN,AGL,CE,Combined TRACON& Tower with Radar,7,12,14,24,57,0,5,28,0,33,7,17,42,24,90,40,8,48,138
09/10/2022,EVV,IN,AGL,CE,Combined TRACON& Tower with Radar,5,6,8,0,19,0,5,28,0,33,5,11,36,0,52,41,0,41,93
09/11/2022,EVV,IN,AGL,CE,Combined TRACON& Tower with Radar,9,7,16,0,32,0,3,4,2,9,9,10,20,2,41,0,0,0,41
09/12/2022,EVV,IN,AGL,CE,Combined TRACON& Tower with Radar,11,10,35,7,63,0,8,19,0,27,11,18,54,7,90,60,14,74,164
09/13/2022,EVV,IN,AGL,CE,Combined TRACON& Tower with Radar,7,13,16,9,45,0,3,17,0,20,7,16,33,9,65,64,10,74,139
09/14/2022,EVV,IN,AGL,CE,Combined TRACON& Tower with Radar,8,15,27,3,53,0,9,32,1,42,8,24,59,4,95,56,0,56,151
09/15/2022,EVV,IN,AGL,CE,Combined TRACON& Tower with Radar,10,9,16,2,37,0,2,30,1,33,10,11,46,3,70,8,0,8,78
09/16/2022,EVV,IN,AGL,CE,Combined TRACON& Tower with Radar,10,13,31,13,67,0,2,20,1,23,10,15,51,14,90,70,28,98,188
09/17/2022,EVV,IN,AGL,CE,Combined TRACON& Tower with Radar,5,6,7,19,37,0,2,30,2,34,5,8,37,21,71,32,41,73,144
09/18/2022,EVV,IN,AGL,CE,Combined TRACON& Tower with Radar,11,7,19,0,37,0,5,22,0,27,11,12,41,0,64,8,0,8,72
09/19/2022,EVV,IN,AGL,CE,Combined TRACON& Tower with Radar,9,16,19,3,47,0,7,15,1,23,9,23,34,4,70,21,0,21,91
09/20/2022,EVV,IN,AGL,CE,Combined TRACON& Tower with Radar,7,11,38,13,69,0,2,13,1,16,7,13,51,14,85,68,14,82,167
09/21/2022,EVV,IN,AGL,CE,Combined TRACON& Tower with Radar,7,14,18,6,45,0,6,16,0,22,7,20,34,6,67,10,17,27,94
09/22/2022,EVV,IN,AGL,CE,Combined TRACON& Tower with Radar,11,18,27,7,63,0,10,49,0,59,11,28,76,7,122,19,0,19,141
09/23/2022,EVV,IN,AGL,CE,Combined TRACON& Tower with Radar,9,15,23,16,63,0,3,30,2,35,9,18,53,18,98,24,29,53,151
09/24/2022,EVV,IN,AGL,CE,Combined TRACON& Tower with Radar,5,8,11,0,24,0,0,27,0,27,5,8,38,0,51,12,0,12,63
09/25/2022,EVV,IN,AGL,CE,Combined TRACON& Tower with Radar,11,12,14,0,37,0,4,8,0,12,11,16,22,0,49,8,0,8,57
09/26/2022,EVV,IN,AGL,CE,Combined TRACON& Tower with Radar,9,7,19,14,49,0,16,15,0,31,9,23,34,14,80,20,22,42,122
09/27/2022,EVV,IN,AGL,CE,Combined TRACON& Tower with Radar,7,9,22,0,38,0,5,22,0,27,7,14,44,0,65,46,0,46,111
09/28/2022,EVV,IN,AGL,CE,Combined TRACON& Tower with Radar,7,18,29,2,56,0,3,28,0,31,7,21,57,2,87,46,14,60,147
09/29/2022,EVV,IN,AGL,CE,Combined TRACON& Tower with Radar,9,15,31,2,57,0,4,26,1,31,9,19,57,3,88,0,0,0,88
09/30/2022,EVV,IN,AGL,CE,Combined TRACON& Tower with Radar,9,69,11,17,106,0,9,19,7,35,9,78,30,24,141,14,63,77,218
10/01/2022,EVV,IN,AGL,CE,Combined TRACON& Tower with Radar,6,4,14,0,24,0,8,29,0,37,6,12,43,0,61,0,0,0,61
10/02/2022,EVV,IN,AGL,CE,Combined TRACON& Tower with Radar,13,4,13,7,37,0,2,6,17,25,13,6,19,24,62,0,0,0,62
10/03/2022,EVV,IN,AGL,CE,Combined TRACON& Tower with Radar,11,3,16,1,31,0,11,14,1,26,11,14,30,2,57,42,0,42,99
10/04/2022,EVV,IN,AGL,CE,Combined TRACON& Tower with Radar,7,8,17,8,40,0,9,29,0,38,7,17,46,8,78,28,0,28,106
10/05/2022,EVV,IN,AGL,CE,Combined TRACON& Tower with Radar,8,5,21,0,34,0,2,22,0,24,8,7,43,0,58,38,0,38,96
10/06/2022,EVV,IN,AGL,CE,Combined TRACON& Tower with Radar,13,10,23,2,48,0,7,10,0,17,13,17,33,2,65,31,0,31,96
10/07/2022,EVV,IN,AGL,CE,Combined TRACON& Tower with Radar,9,12,13,2,36,0,6,15,0,21,9,18,28,2,57,8,7,15,72
10/08/2022,EVV,IN,AGL,CE,Combined TRACON& Tower with Radar,6,7,14,0,27,0,1,18,0,19,6,8,32,0,46,35,0,35,81
10/09/2022,EVV,IN,AGL,CE,Combined TRACON& Tower with Radar,10,7,10,0,27,0,3,18,0,21,10,10,28,0,48,0,0,0,48
10/10/2022,EVV,IN,AGL,CE,Combined TRACON& Tower with Radar,8,6,19,0,33,0,10,24,0,34,8,16,43,0,67,22,0,22,89
10/11/2022,EVV,IN,AGL,CE,Combined TRACON& Tower with Radar,7,10,27,0,44,0,1,24,2,27,7,11,51,2,71,4,0,4,75
10/12/2022,EVV,IN,AGL,CE,Combined TRACON& Tower with Radar,7,13,9,0,29,0,1,2,0,3,7,14,11,0,32,0,0,0,32
10/13/2022,EVV,IN,AGL,CE,Combined TRACON& Tower with Radar,13,9,20,0,42,0,6,15,0,21,13,15,35,0,63,0,0,0,63
10/14/2022,EVV,IN,AGL,CE,Combined TRACON& Tower with Radar,9,11,30,0,50,0,8,16,8,32,9,19,46,8,82,24,0,24,106
10/15/2022,EVV,IN,AGL,CE,Combined TRACON& Tower with Radar,7,12,8,0,27,0,9,31,4,44,7,21,39,4,71,20,0,20,91
10/16/2022,EVV,IN,AGL,CE,Combined TRACON& Tower with Radar,11,3,24,0,38,0,6,22,1,29,11,9,46,1,67,53,0,53,120
10/17/2022,EVV,IN,AGL,CE,Combined TRACON& Tower with Radar,7,7,25,8,47,0,6,12,1,19,7,13,37,9,66,5,0,5,71
10/18/2022,EVV,IN,AGL,CE,Combined TRACON& Tower with Radar,7,7,35,0,49,0,8,6,1,15,7,15,41,1,64,48,0,48,112
10/19/2022,EVV,IN,AGL,CE,Combined TRACON& Tower with Radar,8,16,28,3,55,0,2,29,2,33,8,18,57,5,88,26,0,26,114
10/20/2022,EVV,IN,AGL,CE,Combined TRACON& Tower with Radar,12,9,29,1,51,0,7,24,3,34,12,16,53,4,85,82,0,82,167
10/21/2022,EVV,IN,AGL,CE,Combined TRACON& Tower with Radar,9,9,20,0,38,0,2,22,0,24,9,11,42,0,62,47,0,47,109
10/22/2022,EVV,IN,AGL,CE,Combined TRACON& Tower with Radar,5,8,7,4,24,0,4,14,27,45,5,12,21,31,69,74,6,80,149
10/23/2022,EVV,IN,AGL,CE,Combined TRACON& Tower with Radar,11,5,18,0,34,0,0,7,0,7,11,5,25,0,41,8,0,8,49
10/24/2022,EVV,IN,AGL,CE,Combined TRACON& Tower with Radar,7,17,19,0,43,0,4,21,2,27,7,21,40,2,70,6,0,6,76
10/25/2022,EVV,IN,AGL,CE,Combined TRACON& Tower with Radar,7,11,10,0,28,0,2,0,0,2,7,13,10,0,30,19,0,19,49
10/26/2022,EVV,IN,AGL,CE,Combined TRACON& Tower with Radar,8,9,29,11,57,0,3,12,4,19,8,12,41,15,76,4,14,18,94
10/27/2022,EVV,IN,AGL,CE,Combined TRACON& Tower with Radar,12,15,23,15,65,0,4,17,3,24,12,19,40,18,89,39,0,39,128
10/28/2022,EVV,IN,AGL,CE,Combined TRACON& Tower with Radar,9,16,39,16,80,0,4,36,0,40,9,20,75,16,120,26,12,38,158
10/29/2022,EVV,IN,AGL,CE,Combined TRACON& Tower with Radar,7,9,5,0,21,0,0,22,0,22,7,9,27,0,43,24,0,24,67
10/30/2022,EVV,IN,AGL,CE,Combined TRACON& Tower with Radar,9,6,16,0,31,0,1,0,0,1,9,7,16,0,32,0,0,0,32
10/31/2022,EVV,IN,AGL,CE,Combined TRACON& Tower with Radar,6,7,19,0,32,0,0,1,1,2,6,7,20,1,34,0,0,0,34
11/01/2022,EVV,IN,AGL,CE,Combined TRACON& Tower with Radar,8,13,27,0,48,0,12,30,4,46,8,25,57,4,94,0,11,11,105
11/02/2022,EVV,IN,AGL,CE,Combined TRACON& Tower with Radar,8,10,30,2,50,0,7,24,0,31,8,17,54,2,81,20,0,20,101
11/03/2022,EVV,IN,AGL,CE,Combined TRACON& Tower with Radar,10,13,25,2,50,0,3,38,0,41,10,16,63,2,91,99,0,99,190
11/04/2022,EVV,IN,AGL,CE,Combined TRACON& Tower with Radar,6,8,20,9,43,0,4,21,6,31,6,12,41,15,74,29,8,37,111
11/05/2022,EVV,IN,AGL,CE,Combined TRACON& Tower with Radar,6,4,10,0,20,0,1,2,0,3,6,5,12,0,23,0,0,0,23
11/06/2022,EVV,IN,AGL,CE,Combined TRACON& Tower with Radar,8,4,18,6,36,0,9,18,0,27,8,13,36,6,63,2,0,2,65
11/07/2022,EVV,IN,AGL,CE,Combined TRACON& Tower with Radar,5,9,18,14,46,0,7,15,0,22,5,16,33,14,68,19,22,41,109
11/08/2022,EVV,IN,AGL,CE,Combined TRACON& Tower with Radar,6,10,36,2,54,0,7,31,0,38,6,17,67,2,92,14,0,14,106
11/09/2022,EVV,IN,AGL,CE,Combined TRACON& Tower with Radar,8,7,40,13,68,0,7,23,3,33,8,14,63,16,101,66,14,80,181
11/10/2022,EVV,IN,AGL,CE,Combined TRACON& Tower with Radar,7,12,21,0,40,0,4,10,0,14,7,16,31,0,54,22,0,22,76
11/11/2022,EVV,IN,AGL,CE,Combined TRACON& Tower with Radar,7,14,24,0,45,0,2,7,0,9,7,16,31,0,54,26,0,26,80
11/12/2022,EVV,IN,AGL,CE,Combined TRACON& Tower with Radar,6,11,3,0,20,0,0,4,0,4,6,11,7,0,24,9,0,9,33
11/13/2022,EVV,IN,AGL,CE,Combined TRACON& Tower with Radar,10,8,10,0,28,0,1,21,0,22,10,9,31,0,50,8,0,8,58
11/14/2022,EVV,IN,AGL,CE,Combined TRACON& Tower with Radar,7,9,28,0,44,0,5,21,1,27,7,14,49,1,71,0,0,0,71
11/15/2022,EVV,IN,AGL,CE,Combined TRACON& Tower with Radar,9,6,24,0,39,0,2,1,0,3,9,8,25,0,42,12,0,12,54
11/16/2022,EVV,IN,AGL,CE,Combined TRACON& Tower with Radar,8,12,20,0,40,0,2,5,0,7,8,14,25,0,47,0,0,0,47
11/17/2022,EVV,IN,AGL,CE,Combined TRACON& Tower with Radar,8,11,36,0,55,0,5,31,0,36,8,16,67,0,91,14,0,14,105
11/18/2022,EVV,IN,AGL,CE,Combined TRACON& Tower with Radar,8,11,17,0,36,0,6,18,0,24,8,17,35,0,60,77,0,77,137
11/19/2022,EVV,IN,AGL,CE,Combined TRACON& Tower with Radar,8,6,8,0,22,0,0,13,0,13,8,6,21,0,35,19,0,19,54
11/20/2022,EVV,IN,AGL,CE,Combined TRACON& Tower with Radar,8,14,19,0,41,0,15,25,0,40,8,29,44,0,81,63,0,63,144
11/21/2022,EVV,IN,AGL,CE,Combined TRACON& Tower with Radar,8,11,10,7,36,0,14,16,0,30,8,25,26,7,66,33,8,41,107
11/22/2022,EVV,IN,AGL,CE,Combined TRACON& Tower with Radar,10,9,19,15,53,0,14,45,1,60,10,23,64,16,113,79,16,95,208
11/23/2022,EVV,IN,AGL,CE,Combined TRACON& Tower with Radar,7,5,16,5,33,0,3,30,3,36,7,8,46,8,69,103,8,111,180
11/24/2022,EVV,IN,AGL,CE,Combined TRACON& Tower with Radar,4,2,3,0,9,0,3,13,0,16,4,5,16,0,25,2,0,2,27
11/25/2022,EVV,IN,AGL,CE,Combined TRACON& Tower with Radar,6,8,3,0,17,0,0,3,0,3,6,8,6,0,20,13,0,13,33
11/26/2022,EVV,IN,AGL,CE,Combined TRACON& Tower with Radar,10,4,13,0,27,0,2,26,0,28,10,6,39,0,55,0,0,0,55
11/27/2022,EVV,IN,AGL,CE,Combined TRACON& Tower with Radar,8,4,9,0,21,0,1,0,0,1,8,5,9,0,22,0,0,0,22
11/28/2022,EVV,IN,AGL,CE,Combined TRACON& Tower with Radar,7,9,19,6,41,0,2,7,1,10,7,11,26,7,51,40,0,40,91
11/29/2022,EVV,IN,AGL,CE,Combined TRACON& Tower with Radar,7,6,4,21,38,0,1,9,1,11,7,7,13,22,49,8,23,31,80
11/30/2022,EVV,IN,AGL,CE,Combined TRACON& Tower with Radar,8,10,22,14,54,0,2,13,2,17,8,12,35,16,71,0,42,42,113
12/01/2022,EVV,IN,AGL,CE,Combined TRACON& Tower with Radar,10,12,16,0,38,0,6,36,0,42,10,18,52,0,80,67,0,67,147
12/02/2022,EVV,IN,AGL,CE,Combined TRACON& Tower with Radar,7,12,9,6,34,0,4,3,0,7,7,16,12,6,41,20,4,24,65
12/03/2022,EVV,IN,AGL,CE,Combined TRACON& Tower with Radar,6,6,8,1,21,0,0,10,0,10,6,6,18,1,31,32,0,32,63
12/04/2022,EVV,IN,AGL,CE,Combined TRACON& Tower with Radar,10,9,20,0,39,0,9,36,0,45,10,18,56,0,84,38,0,38,122
12/05/2022,EVV,IN,AGL,CE,Combined TRACON& Tower with Radar,8,14,16,9,47,0,4,2,2,8,8,18,18,11,55,18,13,31,86
12/06/2022,EVV,IN,AGL,CE,Combined TRACON& Tower with Radar,7,12,18,0,37,0,0,0,0,0,7,12,18,0,37,0,0,0,37
12/07/2022,EVV,IN,AGL,CE,Combined TRACON& Tower with Radar,8,11,28,0,47,0,0,0,0,0,8,11,28,0,47,0,0,0,47
12/08/2022,EVV,IN,AGL,CE,Combined TRACON& Tower with Radar,9,9,14,0,32,0,0,0,0,0,9,9,14,0,32,0,0,0,32
12/09/2022,EVV,IN,AGL,CE,Combined TRACON& Tower with Radar,7,6,16,0,29,6,1,3,2,12,13,7,19,2,41,0,0,0,41
12/10/2022,EVV,IN,AGL,CE,Combined TRACON& Tower with Radar,3,8,7,0,18,0,1,1,0,2,3,9,8,0,20,0,0,0,20
12/11/2022,EVV,IN,AGL,CE,Combined TRACON& Tower with Radar,9,7,14,0,30,0,3,1,0,4,9,10,15,0,34,75,0,75,109
12/12/2022,EVV,IN,AGL,CE,Combined TRACON& Tower with Radar,7,14,11,26,58,0,5,29,4,38,7,19,40,30,96,90,44,134,230
12/13/2022,EVV,IN,AGL,CE,Combined TRACON& Tower with Radar,8,13,15,14,50,0,5,9,0,14,8,18,24,14,64,53,26,79,143
12/14/2022,EVV,IN,AGL,CE,Combined TRACON& Tower with Radar,8,11,7,0,26,0,0,0,0,0,8,11,7,0,26,0,0,0,26
12/15/2022,EVV,IN,AGL,CE,Combined TRACON& Tower with Radar,8,8,20,3,39,0,2,18,3,23,8,10,38,6,62,64,6,70,132
12/16/2022,EVV,IN,AGL,CE,Combined TRACON& Tower with Radar,10,14,16,8,48,0,1,13,2,16,10,15,29,10,64,6,7,13,77
12/17/2022,EVV,IN,AGL,CE,Combined TRACON& Tower with Radar,6,8,8,0,22,0,2,19,0,21,6,10,27,0,43,34,0,34,77
12/18/2022,EVV,IN,AGL,CE,Combined TRACON& Tower with Radar,8,8,11,0,27,0,10,31,1,42,8,18,42,1,69,48,0,48,117
12/19/2022,EVV,IN,AGL,CE,Combined TRACON& Tower with Radar,10,12,21,0,43,0,2,20,2,24,10,14,41,2,67,61,0,61,128
12/20/2022,EVV,IN,AGL,CE,Combined TRACON& Tower with Radar,7,9,33,24,73,0,4,36,1,41,7,13,69,25,114,99,27,126,240
12/21/2022,EVV,IN,AGL,CE,Combined TRACON& Tower with Radar,10,9,15,0,34,0,3,26,0,29,10,12,41,0,63,49,0,49,112
12/22/2022,EVV,IN,AGL,CE,Combined TRACON& Tower with Radar,7,4,7,0,18,0,0,0,0,0,7,4,7,0,18,0,0,0,18
12/23/2022,EVV,IN,AGL,CE,Combined TRACON& Tower with Radar,5,3,4,0,12,0,3,0,0,3,5,6,4,0,15,0,0,0,15
12/24/2022,EVV,IN,AGL,CE,Combined TRACON& Tower with Radar,8,3,5,0,16,0,0,0,0,0,8,3,5,0,16,0,0,0,16
12/25/2022,EVV,IN,AGL,CE,Combined TRACON& Tower with Radar,8,5,6,0,19,0,1,6,0,7,8,6,12,0,26,8,0,8,34
12/26/2022,EVV,IN,AGL,CE,Combined TRACON& Tower with Radar,7,7,8,0,22,0,3,0,0,3,7,10,8,0,25,0,0,0,25
12/27/2022,EVV,IN,AGL,CE,Combined TRACON& Tower with Radar,8,4,6,0,18,0,1,1,0,2,8,5,7,0,20,18,0,18,38
12/28/2022,EVV,IN,AGL,CE,Combined TRACON& Tower with Radar,9,11,12,0,32,0,2,22,0,24,9,13,34,0,56,45,0,45,101
12/29/2022,EVV,IN,AGL,CE,Combined TRACON& Tower with Radar,7,7,25,0,39,0,2,4,0,6,7,9,29,0,45,75,0,75,120
12/30/2022,EVV,IN,AGL,CE,Combined TRACON& Tower with Radar,8,5,7,0,20,0,2,1,0,3,8,7,8,0,23,39,0,39,62
12/31/2022,EVV,IN,AGL,CE,Combined TRACON& Tower with Radar,8,4,10,0,22,0,1,0,0,1,8,5,10,0,23,0,0,0,23
01/01/2023,EVV,IN,AGL,CE,Combined TRACON& Tower with Radar,6,7,9,0,22,0,0,0,0,0,6,7,9,0,22,0,0,0,22
01/02/2023,EVV,IN,AGL,CE,Combined TRACON& Tower with Radar,9,4,14,0,27,0,1,0,0,1,9,5,14,0,28,0,0,0,28
01/03/2023,EVV,IN,AGL,CE,Combined TRACON& Tower with Radar,9,14,12,6,41,0,5,6,2,13,9,19,18,8,54,0,0,0,54
01/04/2023,EVV,IN,AGL,CE,Combined TRACON& Tower with Radar,8,7,19,2,36,0,4,24,1,29,8,11,43,3,65,60,0,60,125
01/05/2023,EVV,IN,AGL,CE,Combined TRACON& Tower with Radar,10,5,11,0,26,0,0,26,0,26,10,5,37,0,52,103,0,103,155
01/06/2023,EVV,IN,AGL,CE,Combined TRACON& Tower with Radar,8,5,19,0,32,0,4,29,0,33,8,9,48,0,65,39,0,39,104
01/07/2023,EVV,IN,AGL,CE,Combined TRACON& Tower with Radar,6,9,6,0,21,0,1,12,0,13,6,10,18,0,34,68,0,68,102
01/08/2023,EVV,IN,AGL,CE,Combined TRACON& Tower with Radar,10,6,8,0,24,0,0,2,0,2,10,6,10,0,26,28,0,28,54
01/09/2023,EVV,IN,AGL,CE,Combined TRACON& Tower with Radar,7,12,17,4,40,0,5,18,0,23,7,17,35,4,63,42,0,42,105
01/10/2023,EVV,IN,AGL,CE,Combined TRACON& Tower with Radar,11,6,15,0,32,0,5,37,0,42,11,11,52,0,74,52,0,52,126
01/11/2023,EVV,IN,AGL,CE,Combined TRACON& Tower with Radar,11,5,15,0,31,0,1,1,0,2,11,6,16,0,33,0,0,0,33
01/12/2023,EVV,IN,AGL,CE,Combined TRACON& Tower with Radar,11,8,10,0,29,0,2,0,0,2,11,10,10,0,31,0,0,0,31
01/13/2023,EVV,IN,AGL,CE,Combined TRACON& Tower with Radar,9,5,9,0,23,0,1,0,0,1,9,6,9,0,24,0,0,0,24
01/14/2023,EVV,IN,AGL,CE,Combined TRACON& Tower with Radar,8,6,16,0,30,0,1,17,0,18,8,7,33,0,48,91,0,91,139
01/15/2023,EVV,IN,AGL,CE,Combined TRACON& Tower with Radar,12,4,14,0,30,0,7,33,0,40,12,11,47,0,70,68,0,68,138
01/16/2023,EVV,IN,AGL,CE,Combined TRACON& Tower with Radar,10,4,7,0,21,0,0,1,0,1,10,4,8,0,22,0,0,0,22
01/17/2023,EVV,IN,AGL,CE,Combined TRACON& Tower with Radar,10,5,13,1,29,0,0,25,3,28,10,5,38,4,57,10,0,10,67
01/18/2023,EVV,IN,AGL,CE,Combined TRACON& Tower with Radar,10,6,13,0,29,0,1,4,0,5,10,7,17,0,34,55,0,55,89
01/19/2023,EVV,IN,AGL,CE,Combined TRACON& Tower with Radar,14,6,18,0,38,0,1,6,0,7,14,7,24,0,45,0,0,0,45
01/20/2023,EVV,IN,AGL,CE,Combined TRACON& Tower with Radar,10,15,8,0,33,0,0,11,0,11,10,15,19,0,44,42,0,42,86
01/21/2023,EVV,IN,AGL,CE,Combined TRACON& Tower with Radar,10,8,7,0,25,0,1,21,0,22,10,9,28,0,47,83,0,83,130
01/22/2023,EVV,IN,AGL,CE,Combined TRACON& Tower with Radar,11,8,7,0,26,0,1,0,0,1,11,9,7,0,27,0,0,0,27
01/23/2023,EVV,IN,AGL,CE,Combined TRACON& Tower with Radar,10,5,16,13,44,0,4,11,1,16,10,9,27,14,60,10,4,14,74
01/24/2023,EVV,IN,AGL,CE,Combined TRACON& Tower with Radar,9,11,17,1,38,0,2,21,1,24,9,13,38,2,62,76,0,76,138
01/25/2023,EVV,IN,AGL,CE,Combined TRACON& Tower with Radar,10,6,5,0,21,0,0,0,0,0,10,6,5,0,21,0,0,0,21
01/26/2023,EVV,IN,AGL,CE,Combined TRACON& Tower with Radar,12,6,10,1,29,0,9,4,1,14,12,15,14,2,43,31,0,31,74
01/27/2023,EVV,IN,AGL,CE,Combined TRACON& Tower with Radar,10,7,18,0,35,0,4,14,1,19,10,11,32,1,54,28,0,28,82
01/28/2023,EVV,IN,AGL,CE,Combined TRACON& Tower with Radar,10,9,12,0,31,0,14,25,2,41,10,23,37,2,72,83,0,83,155
01/29/2023,EVV,IN,AGL,CE,Combined TRACON& Tower with Radar,12,6,15,0,33,0,0,0,0,0,12,6,15,0,33,0,0,0,33
01/30/2023,EVV,IN,AGL,CE,Combined TRACON& Tower with Radar,7,5,3,0,15,0,0,0,0,0,7,5,3,0,15,0,0,0,15
01/31/2023,EVV,IN,AGL,CE,Combined TRACON& Tower with Radar,7,9,14,0,30,0,1,1,0,2,7,10,15,0,32,0,0,0,32
02/01/2023,EVV,IN,AGL,CE,Combined TRACON& Tower with Radar,8,12,18,0,38,0,9,15,0,24,8,21,33,0,62,81,0,81,143
02/02/2023,EVV,IN,AGL,CE,Combined TRACON& Tower with Radar,9,15,12,0,36,0,6,36,0,42,9,21,48,0,78,118,0,118,196
02/03/2023,EVV,IN,AGL,CE,Combined TRACON& Tower with Radar,8,10,25,1,44,0,3,21,1,25,8,13,46,2,69,41,0,41,110
02/04/2023,EVV,IN,AGL,CE,Combined TRACON& Tower with Radar,7,8,8,0,23,0,2,19,2,23,7,10,27,2,46,49,0,49,95
02/05/2023,EVV,IN,AGL,CE,Combined TRACON& Tower with Radar,11,6,6,0,23,0,4,3,0,7,11,10,9,0,30,45,0,45,75
02/06/2023,EVV,IN,AGL,CE,Combined TRACON& Tower with Radar,7,4,20,2,33,0,4,22,0,26,7,8,42,2,59,36,0,36,95
02/07/2023,EVV,IN,AGL,CE,Combined TRACON& Tower with Radar,7,9,22,2,40,0,0,16,2,18,7,9,38,4,58,0,0,0,58
02/08/2023,EVV,IN,AGL,CE,Combined TRACON& Tower with Radar,7,8,18,0,33,0,1,4,0,5,7,9,22,0,38,20,0,20,58
02/09/2023,EVV,IN,AGL,CE,Combined TRACON& Tower with Radar,10,9,11,1,31,0,2,2,0,4,10,11,13,1,35,0,0,0,35
02/10/2023,EVV,IN,AGL,CE,Combined TRACON& Tower with Radar,8,8,11,0,27,0,1,5,0,6,8,9,16,0,33,47,0,47,80
02/11/2023,EVV,IN,AGL,CE,Combined TRACON& Tower with Radar,7,8,11,0,26,0,4,25,0,29,7,12,36,0,55,34,0,34,89
02/12/2023,EVV,IN,AGL,CE,Combined TRACON& Tower with Radar,9,13,5,0,27,0,6,18,0,24,9,19,23,0,51,39,0,39,90
02/13/2023,EVV,IN,AGL,CE,Combined TRACON& Tower with Radar,7,5,24,0,36,0,6,34,0,40,7,11,58,0,76,22,0,22,98
02/14/2023,EVV,IN,AGL,CE,Combined TRACON& Tower with Radar,7,8,5,1,21,0,5,11,1,17,7,13,16,2,38,15,0,15,53
02/15/2023,EVV,IN,AGL,CE,Combined TRACON& Tower with Radar,7,9,14,0,30,0,0,30,0,30,7,9,44,0,60,22,0,22,82
02/16/2023,EVV,IN,AGL,CE,Combined TRACON& Tower with Radar,9,10,8,0,27,0,1,0,0,1,9,11,8,0,28,0,0,0,28
02/17/2023,EVV,IN,AGL,CE,Combined TRACON& Tower with Radar,7,8,6,0,21,0,0,13,0,13,7,8,19,0,34,11,0,11,45
02/18/2023,EVV,IN,AGL,CE,Combined TRACON& Tower with Radar,8,5,3,0,16,0,10,28,0,38,8,15,31,0,54,24,0,24,78
02/19/2023,EVV,IN,AGL,CE,Combined TRACON& Tower with Radar,9,5,8,0,22,0,1,16,0,17,9,6,24,0,39,8,0,8,47
02/20/2023,EVV,IN,AGL,CE,Combined TRACON& Tower with Radar,7,7,17,0,31,0,16,37,0,53,7,23,54,0,84,2,0,2,86
02/21/2023,EVV,IN,AGL,CE,Combined TRACON& Tower with Radar,7,11,14,0,32,0,6,28,0,34,7,17,42,0,66,35,0,35,101
02/22/2023,EVV,IN,AGL,CE,Combined TRACON& Tower with Radar,9,19,12,4,44,0,6,0,0,6,9,25,12,4,50,23,0,23,73
02/23/2023,EVV,IN,AGL,CE,Combined TRACON& Tower with Radar,9,18,20,9,56,0,3,9,1,13,9,21,29,10,69,0,0,0,69
02/24/2023,EVV,IN,AGL,CE,Combined TRACON& Tower with Radar,7,15,21,20,63,0,13,19,0,32,7,28,40,20,95,20,15,35,130
02/25/2023,EVV,IN,AGL,CE,Combined TRACON& Tower with Radar,7,8,9,0,24,0,0,35,1,36,7,8,44,1,60,53,0,53,113
02/26/2023,EVV,IN,AGL,CE,Combined TRACON& Tower with Radar,9,10,18,14,51,0,3,9,0,12,9,13,27,14,63,78,2,80,143
02/27/2023,EVV,IN,AGL,CE,Combined TRACON& Tower with Radar,7,9,8,1,25,0,3,1,0,4,7,12,9,1,29,0,0,0,29
02/28/2023,EVV,IN,AGL,CE,Combined TRACON& Tower with Radar,7,19,12,13,51,0,9,33,0,42,7,28,45,13,93,100,0,100,193
03/01/2023,EVV,IN,AGL,CE,Combined TRACON& Tower with Radar,8,14,13,10,45,0,5,28,6,39,8,19,41,16,84,0,7,7,91
03/02/2023,EVV,IN,AGL,CE,Combined TRACON& Tower with Radar,8,13,20,8,49,0,7,19,0,26,8,20,39,8,75,56,7,63,138
03/03/2023,EVV,IN,AGL,CE,Combined TRACON& Tower with Radar,8,8,3,0,19,0,1,0,0,1,8,9,3,0,20,0,0,0,20
03/04/2023,EVV,IN,AGL,CE,Combined TRACON& Tower with Radar,7,8,20,0,35,0,6,35,0,41,7,14,55,0,76,57,0,57,133
03/05/2023,EVV,IN,AGL,CE,Combined TRACON& Tower with Radar,12,8,17,0,37,0,7,39,0,46,12,15,56,0,83,64,0,64,147
03/06/2023,EVV,IN,AGL,CE,Combined TRACON& Tower with Radar,8,11,16,0,35,0,8,28,0,36,8,19,44,0,71,52,0,52,123
03/07/2023,EVV,IN,AGL,CE,Combined TRACON& Tower with Radar,8,19,16,12,55,0,4,34,0,38,8,23,50,12,93,145,17,162,255
03/08/2023,EVV,IN,AGL,CE,Combined TRACON& Tower with Radar,8,13,21,10,52,0,2,14,0,16,8,15,35,10,68,24,22,46,114
03/09/2023,EVV,IN,AGL,CE,Combined TRACON& Tower with Radar,11,18,13,2,44,0,0,13,1,14,11,18,26,3,58,82,0,82,140
03/10/2023,EVV,IN,AGL,CE,Combined TRACON& Tower with Radar,8,18,15,4,45,0,1,7,2,10,8,19,22,6,55,24,16,40,95
03/11/2023,EVV,IN,AGL,CE,Combined TRACON& Tower with Radar,8,6,9,0,23,0,3,10,0,13,8,9,19,0,36,65,0,65,101
03/12/2023,EVV,IN,AGL,CE,Combined TRACON& Tower with Radar,10,5,6,12,33,0,2,0,0,2,10,7,6,12,35,0,0,0,35
03/13/2023,EVV,IN,AGL,CE,Combined TRACON& Tower with Radar,9,6,12,0,27,0,2,8,1,11,9,8,20,1,38,24,0,24,62
03/14/2023,EVV,IN,AGL,CE,Combined TRACON& Tower with Radar,8,11,25,0,44,0,6,23,0,29,8,17,48,0,73,9,0,9,82
03/15/2023,EVV,IN,AGL,CE,Combined TRACON& Tower with Radar,8,17,14,8,47,0,8,38,0,46,8,25,52,8,93,68,16,84,177
03/16/2023,EVV,IN,AGL,CE,Combined TRACON& Tower with Radar,9,11,7,4,31,0,5,13,0,18,9,16,20,4,49,15,0,15,64
03/17/2023,EVV,IN,AGL,CE,Combined TRACON& Tower with Radar,7,11,16,12,46,0,1,5,0,6,7,12,21,12,52,22,0,22,74
03/18/2023,EVV,IN,AGL,CE,Combined TRACON& Tower with Radar,8,15,7,0,30,0,2,11,0,13,8,17,18,0,43,2,0,2,45
03/19/2023,EVV,IN,AGL,CE,Combined TRACON& Tower with Radar,11,10,29,0,50,0,15,20,0,35,11,25,49,0,85,16,0,16,101
03/20/2023,EVV,IN,AGL,CE,Combined TRACON& Tower with Radar,7,12,13,8,40,0,4,36,4,44,7,16,49,12,84,49,0,49,133
03/21/2023,EVV,IN,AGL,CE,Combined TRACON& Tower with Radar,7,12,9,0,28,0,2,20,0,22,7,14,29,0,50,19,0,19,69
03/22/2023,EVV,IN,AGL,CE,Combined TRACON& Tower with Radar,7,23,12,2,44,0,1,0,0,1,7,24,12,2,45,28,0,28,73
03/23/2023,EVV,IN,AGL,CE,Combined TRACON& Tower with Radar,12,25,16,6,59,0,1,7,1,9,12,26,23,7,68,11,0,11,79
03/24/2023,EVV,IN,AGL,CE,Combined TRACON& Tower with Radar,7,25,8,0,40,0,0,0,0,0,7,25,8,0,40,0,0,0,40
03/25/2023,EVV,IN,AGL,CE,Combined TRACON& Tower with Radar,8,8,12,0,28,0,6,13,0,19,8,14,25,0,47,0,0,0,47
03/26/2023,EVV,IN,AGL,CE,Combined TRACON& Tower with Radar,10,10,18,0,38,0,3,28,2,33,10,13,46,2,71,0,0,0,71
03/27/2023,EVV,IN,AGL,CE,Combined TRACON& Tower with Radar,7,9,11,0,27,0,0,2,0,2,7,9,13,0,29,55,0,55,84
03/28/2023,EVV,IN,AGL,CE,Combined TRACON& Tower with Radar,6,12,24,0,42,0,6,25,0,31,6,18,49,0,73,58,0,58,131
03/29/2023,EVV,IN,AGL,CE,Combined TRACON& Tower with Radar,8,11,14,0,33,0,12,30,0,42,8,23,44,0,75,34,0,34,109
03/30/2023,EVV,IN,AGL,CE,Combined TRACON& Tower with Radar,9,15,9,0,33,0,12,31,1,44,9,27,40,1,77,77,0,77,154
03/31/2023,EVV,IN,AGL,CE,Combined TRACON& Tower with Radar,6,9,9,0,24,0,0,1,0,1,6,9,10,0,25,0,0,0,25
04/01/2023,EVV,IN,AGL,CE,Combined TRACON& Tower with Radar,8,7,12,0,27,0,1,5,0,6,8,8,17,0,33,0,0,0,33
04/02/2023,EVV,IN,AGL,CE,Combined TRACON& Tower with Radar,9,16,20,0,45,0,4,42,0,46,9,20,62,0,91,86,0,86,177
04/03/2023,EVV,IN,AGL,CE,Combined TRACON& Tower with Radar,8,13,10,0,31,0,1,8,0,9,8,14,18,0,40,22,0,22,62
04/04/2023,EVV,IN,AGL,CE,Combined TRACON& Tower with Radar,10,9,5,0,24,0,5,0,0,5,10,14,5,0,29,27,0,27,56
04/05/2023,EVV,IN,AGL,CE,Combined TRACON& Tower with Radar,8,9,5,0,22,0,2,2,0,4,8,11,7,0,26,4,0,4,30
04/06/2023,EVV,IN,AGL,CE,Combined TRACON& Tower with Radar,12,17,18,1,48,0,3,36,0,39,12,20,54,1,87,102,0,102,189
04/07/2023,EVV,IN,AGL,CE,Combined TRACON& Tower with Radar,10,13,25,37,85,0,4,13,3,20,10,17,38,40,105,102,7,109,214
04/08/2023,EVV,IN,AGL,CE,Combined TRACON& Tower with Radar,10,11,12,6,39,0,6,10,0,16,10,17,22,6,55,5,0,5,60
04/09/2023,EVV,IN,AGL,CE,Combined TRACON& Tower with Radar,10,10,16,0,36,0,4,22,0,26,10,14,38,0,62,8,0,8,70
04/10/2023,EVV,IN,AGL,CE,Combined TRACON& Tower with Radar,10,17,23,6,56,0,22,48,0,70,10,39,71,6,126,64,0,64,190
04/11/2023,EVV,IN,AGL,CE,Combined TRACON& Tower with Radar,10,14,9,12,45,0,9,34,0,43,10,23,43,12,88,129,2,131,219
04/12/2023,EVV,IN,AGL,CE,Combined TRACON& Tower with Radar,10,13,11,2,36,0,8,35,0,43,10,21,46,2,79,114,0,114,193
04/13/2023,EVV,IN,AGL,CE,Combined TRACON& Tower with Radar,12,12,21,6,51,0,10,53,1,64,12,22,74,7,115,57,0,57,172
04/14/2023,EVV,IN,AGL,CE,Combined TRACON& Tower with Radar,10,11,22,0,43,0,5,35,0,40,10,16,57,0,83,103,0,103,186
04/15/2023,EVV,IN,AGL,CE,Combined TRACON& Tower with Radar,9,8,9,0,26,0,3,17,4,24,9,11,26,4,50,42,0,42,92
04/16/2023,EVV,IN,AGL,CE,Combined TRACON& Tower with Radar,12,5,15,0,32,0,1,2,0,3,12,6,17,0,35,0,0,0,35
04/17/2023,EVV,IN,AGL,CE,Combined TRACON& Tower with Radar,12,10,12,0,34,0,0,7,0,7,12,10,19,0,41,10,0,10,51
04/18/2023,EVV,IN,AGL,CE,Combined TRACON& Tower with Radar,10,16,28,4,58,0,9,52,1,62,10,25,80,5,120,55,0,55,175
04/19/2023,EVV,IN,AGL,CE,Combined TRACON& Tower with Radar,12,15,30,0,57,0,3,26,0,29,12,18,56,0,86,22,0,22,108
04/20/2023,EVV,IN,AGL,CE,Combined TRACON& Tower with Radar,11,19,15,0,45,0,3,8,0,11,11,22,23,0,56,16,0,16,72
04/21/2023,EVV,IN,AGL,CE,Combined TRACON& Tower with Radar,9,25,17,0,51,0,2,0,0,2,9,27,17,0,53,1,0,1,54
04/22/2023,EVV,IN,AGL,CE,Combined TRACON& Tower with Radar,13,13,11,0,37,0,4,4,0,8,13,17,15,0,45,28,0,28,73
04/23/2023,EVV,IN,AGL,CE,Combined TRACON& Tower with Radar,14,10,15,0,39,0,6,16,2,24,14,16,31,2,63,22,0,22,85
04/24/2023,EVV,IN,AGL,CE,Combined TRACON& Tower with Radar,10,11,13,7,41,0,8,29,4,41,10,19,42,11,82,41,10,51,133
04/25/2023,EVV,IN,AGL,CE,Combined TRACON& Tower with Radar,9,19,30,3,61,0,8,41,1,50,9,27,71,4,111,22,0,22,133
04/26/2023,EVV,IN,AGL,CE,Combined TRACON& Tower with Radar,10,14,29,2,55,0,8,29,3,40,10,22,58,5,95,32,0,32,127
04/27/2023,EVV,IN,AGL,CE,Combined TRACON& Tower with Radar,12,14,18,16,60,0,1,8,1,10,12,15,26,17,70,23,25,48,118
04/28/2023,EVV,IN,AGL,CE,Combined TRACON& Tower with Radar,9,22,21,0,52,0,2,3,0,5,9,24,24,0,57,24,0,24,81
04/29/2023,EVV,IN,AGL,CE,Combined TRACON& Tower with Radar,10,5,16,0,31,0,2,15,0,17,10,7,31,0,48,59,0,59,107
04/30/2023,EVV,IN,AGL,CE,Combined TRACON& Tower with Radar,12,7,7,0,26,0,0,9,0,9,12,7,16,0,35,0,0,0,35
05/01/2023,EVV,IN,AGL,CE,Combined TRACON& Tower with Radar,10,6,10,0,26,0,2,6,0,8,10,8,16,0,34,0,0,0,34
05/02/2023,EVV,IN,AGL,CE,Combined TRACON& Tower with Radar,10,20,26,0,56,0,5,6,1,12,10,25,32,1,68,0,0,0,68
05/03/2023,EVV,IN,AGL,CE,Combined TRACON& Tower with Radar,10,15,34,1,60,0,2,23,3,28,10,17,57,4,88,18,0,18,106
05/04/2023,EVV,IN,AGL,CE,Combined TRACON& Tower with Radar,12,20,42,0,74,0,6,37,0,43,12,26,79,0,117,105,0,105,222
05/05/2023,EVV,IN,AGL,CE,Combined TRACON& Tower with Radar,10,15,20,4,49,0,9,13,0,22,10,24,33,4,71,49,0,49,120
05/06/2023,EVV,IN,AGL,CE,Combined TRACON& Tower with Radar,9,13,17,0,39,0,3,22,24,49,9,16,39,24,88,33,0,33,121
05/07/2023,EVV,IN,AGL,CE,Combined TRACON& Tower with Radar,12,12,8,0,32,0,0,1,0,1,12,12,9,0,33,0,0,0,33
05/08/2023,EVV,IN,AGL,CE,Combined TRACON& Tower with Radar,12,11,4,0,27,0,1,12,2,15,12,12,16,2,42,63,0,63,105
05/09/2023,EVV,IN,AGL,CE,Combined TRACON& Tower with Radar,7,22,11,4,44,0,7,20,0,27,7,29,31,4,71,98,0,98,169
05/10/2023,EVV,IN,AGL,CE,Combined TRACON& Tower with Radar,9,24,28,9,70,0,2,50,1,53,9,26,78,10,123,47,16,63,186
05/11/2023,EVV,IN,AGL,CE,Combined TRACON& Tower with Radar,13,15,20,8,56,0,4,27,0,31,13,19,47,8,87,27,0,27,114
05/12/2023,EVV,IN,AGL,CE,Combined TRACON& Tower with Radar,12,15,19,0,46,0,1,1,0,2,12,16,20,0,48,0,0,0,48
05/13/2023,EVV,IN,AGL,CE,Combined TRACON& Tower with Radar,9,7,16,0,32,0,3,10,0,13,9,10,26,0,45,8,0,8,53
05/14/2023,EVV,IN,AGL,CE,Combined TRACON& Tower with Radar,14,5,8,0,27,0,0,0,0,0,14,5,8,0,27,3,0,3,30
05/15/2023,EVV,IN,AGL,CE,Combined TRACON& Tower with Radar,11,11,31,0,53,0,6,34,0,40,11,17,65,0,93,69,0,69,162
05/16/2023,EVV,IN,AGL,CE,Combined TRACON& Tower with Radar,8,12,24,2,46,0,1,4,2,7,8,13,28,4,53,14,0,14,67
05/17/2023,EVV,IN,AGL,CE,Combined TRACON& Tower with Radar,10,7,23,12,52,0,7,32,8,47,10,14,55,20,99,67,15,82,181
05/18/2023,EVV,IN,AGL,CE,Combined TRACON& Tower with Radar,14,13,28,0,55,0,3,22,0,25,14,16,50,0,80,58,0,58,138
05/19/2023,EVV,IN,AGL,CE,Combined TRACON& Tower with Radar,9,14,19,14,56,0,2,19,2,23,9,16,38,16,79,51,0,51,130
05/20/2023,EVV,IN,AGL,CE,Combined TRACON& Tower with Radar,9,13,16,4,42,0,2,16,2,20,9,15,32,6,62,33,0,33,95
05/21/2023,EVV,IN,AGL,CE,Combined TRACON& Tower with Radar,6,2,2,0,10,0,3,3,0,6,6,5,5,0,16,0,0,0,16
05/22/2023,EVV,IN,AGL,CE,Combined TRACON& Tower with Radar,12,12,18,0,42,0,8,20,1,29,12,20,38,1,71,36,0,36,107
05/23/2023,EVV,IN,AGL,CE,Combined TRACON& Tower with Radar,10,13,30,4,57,0,4,15,1,20,10,17,45,5,77,23,0,23,100
05/24/2023,EVV,IN,AGL,CE,Combined TRACON& Tower with Radar,10,13,30,0,53,0,2,15,0,17,10,15,45,0,70,27,0,27,97
05/25/2023,EVV,IN,AGL,CE,Combined TRACON& Tower with Radar,12,14,27,2,55,0,4,13,0,17,12,18,40,2,72,84,0,84,156
05/26/2023,EVV,IN,AGL,CE,Combined TRACON& Tower with Radar,12,8,18,0,38,0,0,11,4,15,12,8,29,4,53,73,0,73,126
05/27/2023,EVV,IN,AGL,CE,Combined TRACON& Tower with Radar,10,5,17,0,32,0,2,35,0,37,10,7,52,0,69,29,0,29,98
05/28/2023,EVV,IN,AGL,CE,Combined TRACON& Tower with Radar,12,5,5,0,22,0,2,14,0,16,12,7,19,0,38,31,0,31,69
05/29/2023,EVV,IN,AGL,CE,Combined TRACON& Tower with Radar,11,6,9,0,26,0,1,13,0,14,11,7,22,0,40,12,0,12,52
05/30/2023,EVV,IN,AGL,CE,Combined TRACON& Tower with Radar,7,15,21,1,44,0,4,29,1,34,7,19,50,2,78,12,0,12,90
05/31/2023,EVV,IN,AGL,CE,Combined TRACON& Tower with Radar,8,17,14,6,45,0,7,32,2,41,8,24,46,8,86,44,0,44,130
06/01/2023,EVV,IN,AGL,CE,Combined TRACON& Tower with Radar,13,14,20,0,47,0,6,24,0,30,13,20,44,0,77,19,0,19,96
06/02/2023,EVV,IN,AGL,CE,Combined TRACON& Tower with Radar,13,11,16,0,40,0,6,19,2,27,13,17,35,2,67,48,0,48,115
06/03/2023,EVV,IN,AGL,CE,Combined TRACON& Tower with Radar,9,9,3,0,21,0,2,22,0,24,9,11,25,0,45,22,0,22,67
06/04/2023,EVV,IN,AGL,CE,Combined TRACON& Tower with Radar,13,13,16,0,42,0,3,21,0,24,13,16,37,0,66,20,0,20,86
06/05/2023,EVV,IN,AGL,CE,Combined TRACON& Tower with Radar,13,23,19,0,55,0,9,45,0,54,13,32,64,0,109,99,0,99,208
06/06/2023,EVV,IN,AGL,CE,Combined TRACON& Tower with Radar,9,19,20,2,50,0,12,24,0,36,9,31,44,2,86,26,0,26,112
06/07/2023,EVV,IN,AGL,CE,Combined TRACON& Tower with Radar,9,12,8,2,31,0,3,11,0,14,9,15,19,2,45,61,0,61,106
06/08/2023,EVV,IN,AGL,CE,Combined TRACON& Tower with Radar,13,24,18,0,55,0,7,21,2,30,13,31,39,2,85,98,0,98,183
06/09/2023,EVV,IN,AGL,CE,Combined TRACON& Tower with Radar,13,16,34,4,67,0,7,30,2,39,13,23,64,6,106,54,0,54,160
06/10/2023,EVV,IN,AGL,CE,Combined TRACON& Tower with Radar,8,10,9,2,29,0,2,35,0,37,8,12,44,2,66,28,0,28,94
06/11/2023,EVV,IN,AGL,CE,Combined TRACON& Tower with Radar,13,10,10,0,33,0,2,2,0,4,13,12,12,0,37,0,0,0,37
06/12/2023,EVV,IN,AGL,CE,Combined TRACON& Tower with Radar,14,15,34,0,63,0,2,18,2,22,14,17,52,2,85,127,0,127,212
06/13/2023,EVV,IN,AGL,CE,Combined TRACON& Tower with Radar,9,7,18,6,40,0,7,20,0,27,9,14,38,6,67,12,4,16,83
06/14/2023,EVV,IN,AGL,CE,Combined TRACON& Tower with Radar,9,18,23,4,54,0,4,45,0,49,9,22,68,4,103,36,0,36,139
06/15/2023,EVV,IN,AGL,CE,Combined TRACON& Tower with Radar,13,24,27,10,74,0,10,49,1,60,13,34,76,11,134,109,21,130,264
06/16/2023,EVV,IN,AGL,CE,Combined TRACON& Tower with Radar,13,22,18,10,63,0,4,30,0,34,13,26,48,10,97,85,25,110,207
06/17/2023,EVV,IN,AGL,CE,Combined TRACON& Tower with Radar,10,17,13,0,40,0,5,23,3,31,10,22,36,3,71,79,0,79,150
06/18/2023,EVV,IN,AGL,CE,Combined TRACON& Tower with Radar,13,19,1,0,33,0,10,10,0,20,13,29,11,0,53,4,0,4,57
06/19/2023,EVV,IN,AGL,CE,Combined TRACON& Tower with Radar,12,9,10,0,31,0,3,4,0,7,12,12,14,0,38,24,0,24,62
06/20/2023,EVV,IN,AGL,CE,Combined TRACON& Tower with Radar,9,11,19,0,39,0,1,14,2,17,9,12,33,2,56,124,0,124,180
06/21/2023,EVV,IN,AGL,CE,Combined TRACON& Tower with Radar,11,16,27,1,55,0,2,25,2,29,11,18,52,3,84,22,0,22,106
06/22/2023,EVV,IN,AGL,CE,Combined TRACON& Tower with Radar,15,19,32,3,69,0,5,26,5,36,15,24,58,8,105,47,8,55,160
06/23/2023,EVV,IN,AGL,CE,Combined TRACON& Tower with Radar,13,23,19,4,59,0,4,19,0,23,13,27,38,4,82,118,0,118,200
06/24/2023,EVV,IN,AGL,CE,Combined TRACON& Tower with Radar,9,11,19,0,39,0,3,33,0,36,9,14,52,0,75,45,0,45,120
06/25/2023,EVV,IN,AGL,CE,Combined TRACON& Tower with Radar,15,9,9,0,33,0,1,8,4,13,15,10,17,4,46,17,0,17,63
06/26/2023,EVV,IN,AGL,CE,Combined TRACON& Tower with Radar,14,11,4,15,44,0,1,8,1,10,14,12,12,16,54,51,20,71,125
06/27/2023,EVV,IN,AGL,CE,Combined TRACON& Tower with Radar,11,26,18,9,64,0,8,10,1,19,11,34,28,10,83,65,8,73,156
06/28/2023,EVV,IN,AGL,CE,Combined TRACON& Tower with Radar,9,13,33,2,57,0,0,0,0,0,9,13,33,2,57,0,0,0,57
06/29/2023,EVV,IN,AGL,CE,Combined TRACON& Tower with Radar,16,13,12,0,41,0,0,5,0,5,16,13,17,0,46,2,0,2,48
06/30/2023,EVV,IN,AGL,CE,Combined TRACON& Tower with Radar,14,20,14,20,68,0,13,19,0,32,14,33,33,20,100,35,14,49,149
07/01/2023,EVV,IN,AGL,CE,Combined TRACON& Tower with Radar,12,5,8,0,25,0,4,11,0,15,12,9,19,0,40,4,0,4,44
07/02/2023,EVV,IN,AGL,CE,Combined TRACON& Tower with Radar,9,6,1,0,16,0,6,10,0,16,9,12,11,0,32,6,0,6,38
07/03/2023,EVV,IN,AGL,CE,Combined TRACON& Tower with Radar,9,7,9,0,25,0,6,35,2,43,9,13,44,2,68,21,0,21,89
07/04/2023,EVV,IN,AGL,CE,Combined TRACON& Tower with Radar,10,4,10,0,24,0,0,12,0,12,10,4,22,0,36,33,0,33,69
07/05/2023,EVV,IN,AGL,CE,Combined TRACON& Tower with Radar,7,13,14,0,34,0,5,24,0,29,7,18,38,0,63,63,0,63,126
07/06/2023,EVV,IN,AGL,CE,Combined TRACON& Tower with Radar,11,11,24,12,58,0,1,30,0,31,11,12,54,12,89,25,0,25,114
07/07/2023,EVV,IN,AGL,CE,Combined TRACON& Tower with Radar,12,18,13,2,45,0,10,35,4,49,12,28,48,6,94,40,3,43,137
07/08/2023,EVV,IN,AGL,CE,Combined TRACON& Tower with Radar,8,5,11,0,24,0,4,4,0,8,8,9,15,0,32,0,0,0,32
07/09/2023,EVV,IN,AGL,CE,Combined TRACON& Tower with Radar,13,10,14,0,37,0,2,31,0,33,13,12,45,0,70,8,0,8,78
07/10/2023,EVV,IN,AGL,CE,Combined TRACON& Tower with Radar,14,11,30,0,55,0,6,72,0,78,14,17,102,0,133,93,0,93,226
07/11/2023,EVV,IN,AGL,CE,Combined TRACON& Tower with Radar,9,13,29,0,51,0,7,88,2,97,9,20,117,2,148,73,0,73,221
07/12/2023,EVV,IN,AGL,CE,Combined TRACON& Tower with Radar,9,13,31,11,64,0,1,64,1,66,9,14,95,12,130,67,6,73,203
07/13/2023,EVV,IN,AGL,CE,Combined TRACON& Tower with Radar,14,9,24,0,47,0,2,48,0,50,14,11,72,0,97,20,0,20,117
07/14/2023,EVV,IN,AGL,CE,Combined TRACON& Tower with Radar,15,14,15,16,60,0,5,37,1,43,15,19,52,17,103,46,22,68,171
07/15/2023,EVV,IN,AGL,CE,Combined TRACON& Tower with Radar,7,7,12,0,26,0,4,6,0,10,7,11,18,0,36,1,0,1,37
07/16/2023,EVV,IN,AGL,CE,Combined TRACON& Tower with Radar,13,9,19,0,41,0,3,17,0,20,13,12,36,0,61,38,0,38,99
07/17/2023,EVV,IN,AGL,CE,Combined TRACON& Tower with Radar,13,15,18,0,46,0,4,21,2,27,13,19,39,2,73,24,0,24,97
07/18/2023,EVV,IN,AGL,CE,Combined TRACON& Tower with Radar,9,19,29,3,60,0,3,37,1,41,9,22,66,4,101,34,0,34,135
07/19/2023,EVV,IN,AGL,CE,Combined TRACON& Tower with Radar,10,17,35,4,66,0,2,22,0,24,10,19,57,4,90,5,0,5,95
07/20/2023,EVV,IN,AGL,CE,Combined TRACON& Tower with Radar,15,19,21,3,58,0,3,31,1,35,15,22,52,4,93,17,0,17,110
07/21/2023,EVV,IN,AGL,CE,Combined TRACON& Tower with Radar,12,7,21,21,61,0,6,59,3,68,12,13,80,24,129,53,9,62,191
07/22/2023,EVV,IN,AGL,CE,Combined TRACON& Tower with Radar,8,9,18,0,35,0,10,61,0,71,8,19,79,0,106,74,0,74,180
07/23/2023,EVV,IN,AGL,CE,Combined TRACON& Tower with Radar,13,5,6,0,24,0,6,30,0,36,13,11,36,0,60,42,0,42,102
07/24/2023,EVV,IN,AGL,CE,Combined TRACON& Tower with Radar,15,8,9,4,36,0,0,28,0,28,15,8,37,4,64,37,0,37,101
07/25/2023,EVV,IN,AGL,CE,Combined TRACON& Tower with Radar,9,14,18,0,41,0,7,40,2,49,9,21,58,2,90,42,0,42,132
07/26/2023,EVV,IN,AGL,CE,Combined TRACON& Tower with Radar,9,6,19,6,40,0,2,19,0,21,9,8,38,6,61,6,0,6,67
07/27/2023,EVV,IN,AGL,CE,Combined TRACON& Tower with Radar,14,19,25,0,58,0,2,30,0,32,14,21,55,0,90,29,0,29,119
07/28/2023,EVV,IN,AGL,CE,Combined TRACON& Tower with Radar,13,13,17,36,79,0,7,24,0,31,13,20,41,36,110,32,5,37,147
07/29/2023,EVV,IN,AGL,CE,Combined TRACON& Tower with Radar,7,8,9,0,24,0,5,17,0,22,7,13,26,0,46,0,0,0,46
07/30/2023,EVV,IN,AGL,CE,Combined TRACON& Tower with Radar,12,13,16,0,41,0,7,27,0,34,12,20,43,0,75,25,0,25,100
07/31/2023,EVV,IN,AGL,CE,Combined TRACON& Tower with Radar,12,9,13,2,36,0,6,34,0,40,12,15,47,2,76,0,0,0,76
08/01/2023,EVV,IN,AGL,CE,Combined TRACON& Tower with Radar,8,17,27,5,57,0,1,25,1,27,8,18,52,6,84,2,0,2,86
08/02/2023,EVV,IN,AGL,CE,Combined TRACON& Tower with Radar,7,13,18,9,47,0,1,19,1,21,7,14,37,10,68,59,12,71,139
08/03/2023,EVV,IN,AGL,CE,Combined TRACON& Tower with Radar,14,11,15,0,40,0,3,10,0,13,14,14,25,0,53,0,0,0,53
08/04/2023,EVV,IN,AGL,CE,Combined TRACON& Tower with Radar,13,16,21,52,102,0,4,26,0,30,13,20,47,52,132,18,18,36,168
08/05/2023,EVV,IN,AGL,CE,Combined TRACON& Tower with Radar,7,6,7,6,26,0,2,10,0,12,7,8,17,6,38,27,0,27,65
08/06/2023,EVV,IN,AGL,CE,Combined TRACON& Tower with Radar,13,9,16,4,42,0,1,25,0,26,13,10,41,4,68,20,0,20,88
08/07/2023,EVV,IN,AGL,CE,Combined TRACON& Tower with Radar,10,11,17,6,44,0,2,12,2,16,10,13,29,8,60,6,4,10,70
08/08/2023,EVV,IN,AGL,CE,Combined TRACON& Tower with Radar,8,11,20,2,41,0,3,40,2,45,8,14,60,4,86,39,4,43,129
08/09/2023,EVV,IN,AGL,CE,Combined TRACON& Tower with Radar,6,8,10,0,24,0,2,6,0,8,6,10,16,0,32,39,0,39,71
08/10/2023,EVV,IN,AGL,CE,Combined TRACON& Tower with Radar,14,9,17,0,40,0,5,18,0,23,14,14,35,0,63,16,0,16,79
08/11/2023,EVV,IN,AGL,CE,Combined TRACON& Tower with Radar,11,16,21,24,72,0,5,45,0,50,11,21,66,24,122,16,29,45,167
08/12/2023,EVV,IN,AGL,CE,Combined TRACON& Tower with Radar,8,12,3,0,23,0,7,4,0,11,8,19,7,0,34,14,0,14,48
08/13/2023,EVV,IN,AGL,CE,Combined TRACON& Tower with Radar,13,17,10,0,40,0,4,25,0,29,13,21,35,0,69,22,0,22,91
08/14/2023,EVV,IN,AGL,CE,Combined TRACON& Tower with Radar,13,11,17,1,42,0,1,2,1,4,13,12,19,2,46,6,0,6,52
08/15/2023,EVV,IN,AGL,CE,Combined TRACON& Tower with Radar,9,12,28,2,51,0,1,19,0,20,9,13,47,2,71,40,0,40,111
08/16/2023,EVV,IN,AGL,CE,Combined TRACON& Tower with Radar,8,24,26,4,62,0,4,46,0,50,8,28,72,4,112,45,12,57,169
08/17/2023,EVV,IN,AGL,CE,Combined TRACON& Tower with Radar,10,20,19,1,50,0,8,45,1,54,10,28,64,2,104,36,0,36,140
08/18/2023,EVV,IN,AGL,CE,Combined TRACON& Tower with Radar,10,15,27,2,54,0,7,43,3,53,10,22,70,5,107,54,0,54,161
08/19/2023,EVV,IN,AGL,CE,Combined TRACON& Tower with Radar,7,10,18,0,35,0,8,39,0,47,7,18,57,0,82,19,0,19,101
08/20/2023,EVV,IN,AGL,CE,Combined TRACON& Tower with Radar,10,8,12,0,30,0,2,20,0,22,10,10,32,0,52,20,0,20,72
08/21/2023,EVV,IN,AGL,CE,Combined TRACON& Tower with Radar,8,13,22,6,49,0,9,23,0,32,8,22,45,6,81,42,6,48,129
08/22/2023,EVV,IN,AGL,CE,Combined TRACON& Tower with Radar,8,12,21,2,43,0,1,19,0,20,8,13,40,2,63,15,0,15,78
08/23/2023,EVV,IN,AGL,CE,Combined TRACON& Tower with Radar,8,15,29,0,52,0,6,31,0,37,8,21,60,0,89,0,0,0,89
08/24/2023,EVV,IN,AGL,CE,Combined TRACON& Tower with Radar,13,13,13,0,39,0,0,25,0,25,13,13,38,0,64,34,0,34,98
08/25/2023,EVV,IN,AGL,CE,Combined TRACON& Tower with Radar,9,21,24,8,62,0,2,17,0,19,9,23,41,8,81,85,9,94,175
08/26/2023,EVV,IN,AGL,CE,Combined TRACON& Tower with Radar,7,9,12,0,28,0,1,6,0,7,7,10,18,0,35,25,0,25,60
08/27/2023,EVV,IN,AGL,CE,Combined TRACON& Tower with Radar,11,7,13,4,35,0,2,6,2,10,11,9,19,6,45,0,0,0,45
08/28/2023,EVV,IN,AGL,CE,Combined TRACON& Tower with Radar,9,7,18,12,46,0,14,51,0,65,9,21,69,12,111,56,14,70,181
08/29/2023,EVV,IN,AGL,CE,Combined TRACON& Tower with Radar,8,6,27,0,41,0,7,30,0,37,8,13,57,0,78,62,0,62,140
08/30/2023,EVV,IN,AGL,CE,Combined TRACON& Tower with Radar,7,16,21,2,46,0,5,24,0,29,7,21,45,2,75,0,0,0,75
08/31/2023,EVV,IN,AGL,CE,Combined TRACON& Tower with Radar,11,13,26,0,50,0,5,24,2,31,11,18,50,2,81,2,0,2,83
