01/01/2020,EWB,MA,ANE,EN,Federal Contract Tower,0,0,0,0,0,0,9,17,0,26,0,9,17,0,26,26,0,26,52
01/02/2020,EWB,MA,ANE,EN,Federal Contract Tower,0,5,8,0,13,0,6,72,0,78,0,11,80,0,91,116,2,118,209
01/03/2020,EWB,MA,ANE,EN,Federal Contract Tower,0,5,11,2,18,0,10,37,0,47,0,15,48,2,65,88,0,88,153
01/04/2020,EWB,MA,ANE,EN,Federal Contract Tower,0,2,1,0,3,0,0,0,0,0,0,2,1,0,3,0,0,0,3
01/05/2020,EWB,MA,ANE,EN,Federal Contract Tower,0,0,6,0,6,0,3,6,0,9,0,3,12,0,15,14,0,14,29
01/06/2020,EWB,MA,ANE,EN,Federal Contract Tower,0,0,5,0,5,0,2,41,0,43,0,2,46,0,48,54,0,54,102
01/07/2020,EWB,MA,ANE,EN,Federal Contract Tower,0,0,0,0,0,0,0,0,0,0,0,0,0,0,0,120,2,122,122
01/08/2020,EWB,MA,ANE,EN,Federal Contract Tower,0,4,4,0,8,0,2,50,2,54,0,6,54,2,62,76,0,76,138
01/09/2020,EWB,MA,ANE,EN,Federal Contract Tower,0,3,7,0,10,0,8,65,0,73,0,11,72,0,83,80,0,80,163
01/10/2020,EWB,MA,ANE,EN,Federal Contract Tower,0,6,2,0,8,0,5,21,0,26,0,11,23,0,34,56,0,56,90
01/11/2020,EWB,MA,ANE,EN,Federal Contract Tower,0,3,9,0,12,0,1,8,0,9,0,4,17,0,21,4,0,4,25
01/12/2020,EWB,MA,ANE,EN,Federal Contract Tower,0,3,1,0,4,0,2,13,0,15,0,5,14,0,19,0,0,0,19
01/13/2020,EWB,MA,ANE,EN,Federal Contract Tower,0,2,5,0,7,0,1,10,0,11,0,3,15,0,18,0,0,0,18
01/14/2020,EWB,MA,ANE,EN,Federal Contract Tower,0,1,15,0,16,0,2,7,0,9,0,3,22,0,25,2,0,2,27
01/15/2020,EWB,MA,ANE,EN,Federal Contract Tower,0,3,14,0,17,0,6,125,0,131,0,9,139,0,148,138,2,140,288
01/16/2020,EWB,MA,ANE,EN,Federal Contract Tower,0,1,5,0,6,0,3,1,0,4,0,4,6,0,10,0,4,4,14
01/17/2020,EWB,MA,ANE,EN,Federal Contract Tower,0,3,4,0,7,0,5,22,0,27,0,8,26,0,34,2,0,2,36
01/18/2020,EWB,MA,ANE,EN,Federal Contract Tower,0,2,16,0,18,0,2,38,0,40,0,4,54,0,58,116,0,116,174
01/19/2020,EWB,MA,ANE,EN,Federal Contract Tower,0,1,0,0,1,0,1,29,0,30,0,2,29,0,31,28,0,28,59
01/20/2020,EWB,MA,ANE,EN,Federal Contract Tower,0,9,12,0,21,0,6,42,0,48,0,15,54,0,69,66,0,66,135
01/21/2020,EWB,MA,ANE,EN,Federal Contract Tower,0,4,10,0,14,0,10,109,5,124,0,14,119,5,138,106,10,116,254
01/22/2020,EWB,MA,ANE,EN,Federal Contract Tower,0,0,10,0,10,0,3,96,0,99,0,3,106,0,109,164,2,166,275
01/23/2020,EWB,MA,ANE,EN,Federal Contract Tower,0,4,13,0,17,0,3,84,0,87,0,7,97,0,104,174,2,176,280
01/24/2020,EWB,MA,ANE,EN,Federal Contract Tower,0,1,4,0,5,0,2,108,0,110,0,3,112,0,115,176,0,176,291
01/25/2020,EWB,MA,ANE,EN,Federal Contract Tower,0,2,4,0,6,0,1,2,0,3,0,3,6,0,9,0,0,0,9
01/26/2020,EWB,MA,ANE,EN,Federal Contract Tower,0,3,5,0,8,0,2,48,0,50,0,5,53,0,58,104,0,104,162
01/27/2020,EWB,MA,ANE,EN,Federal Contract Tower,0,0,13,0,13,0,2,65,0,67,0,2,78,0,80,102,0,102,182
01/28/2020,EWB,MA,ANE,EN,Federal Contract Tower,0,3,5,0,8,0,7,67,0,74,0,10,72,0,82,148,4,152,234
01/29/2020,EWB,MA,ANE,EN,Federal Contract Tower,0,0,7,0,7,0,3,76,0,79,0,3,83,0,86,110,12,122,208
01/30/2020,EWB,MA,ANE,EN,Federal Contract Tower,0,0,13,0,13,0,3,74,0,77,0,3,87,0,90,92,6,98,188
01/31/2020,EWB,MA,ANE,EN,Federal Contract Tower,0,1,17,0,18,0,3,81,0,84,0,4,98,0,102,118,0,118,220
02/01/2020,EWB,MA,ANE,EN,Federal Contract Tower,0,3,1,0,4,0,0,1,0,1,0,3,2,0,5,0,0,0,5
02/02/2020,EWB,MA,ANE,EN,Federal Contract Tower,0,1,12,0,13,0,2,43,0,45,0,3,55,0,58,88,0,88,146
02/03/2020,EWB,MA,ANE,EN,Federal Contract Tower,0,1,13,0,14,0,3,56,0,59,0,4,69,0,73,86,0,86,159
02/04/2020,EWB,MA,ANE,EN,Federal Contract Tower,0,1,12,0,13,0,3,41,0,44,0,4,53,0,57,52,2,54,111
02/05/2020,EWB,MA,ANE,EN,Federal Contract Tower,0,9,15,0,24,0,8,56,0,64,0,17,71,0,88,72,12,84,172
02/06/2020,EWB,MA,ANE,EN,Federal Contract Tower,0,5,0,0,5,0,0,0,0,0,0,5,0,0,5,0,0,0,5
02/07/2020,EWB,MA,ANE,EN,Federal Contract Tower,0,2,0,0,2,0,0,0,0,0,0,2,0,0,2,0,0,0,2
02/08/2020,EWB,MA,ANE,EN,Federal Contract Tower,0,0,1,0,1,0,3,53,0,56,0,3,54,0,57,42,6,48,105
02/09/2020,EWB,MA,ANE,EN,Federal Contract Tower,0,2,26,0,28,0,4,74,0,78,0,6,100,0,106,142,0,142,248
02/10/2020,EWB,MA,ANE,EN,Federal Contract Tower,0,4,4,0,8,0,1,11,0,12,0,5,15,0,20,8,0,8,28
02/11/2020,EWB,MA,ANE,EN,Federal Contract Tower,0,4,1,0,5,0,0,0,0,0,0,4,1,0,5,0,0,0,5
02/12/2020,EWB,MA,ANE,EN,Federal Contract Tower,0,6,11,0,17,0,11,129,0,140,0,17,140,0,157,244,0,244,401
02/13/2020,EWB,MA,ANE,EN,Federal Contract Tower,0,20,2,0,22,0,0,0,0,0,0,20,2,0,22,6,0,6,28
02/14/2020,EWB,MA,ANE,EN,Federal Contract Tower,0,4,4,1,9,0,4,74,0,78,0,8,78,1,87,80,0,80,167
02/15/2020,EWB,MA,ANE,EN,Federal Contract Tower,0,1,13,1,15,0,2,83,0,85,0,3,96,1,100,144,0,144,244
02/16/2020,EWB,MA,ANE,EN,Federal Contract Tower,0,1,28,0,29,0,8,40,0,48,0,9,68,0,77,32,0,32,109
02/17/2020,EWB,MA,ANE,EN,Federal Contract Tower,0,2,5,0,7,0,2,56,0,58,0,4,61,0,65,32,0,32,97
02/18/2020,EWB,MA,ANE,EN,Federal Contract Tower,0,1,4,0,5,0,1,12,0,13,0,2,16,0,18,34,0,34,52
02/19/2020,EWB,MA,ANE,EN,Federal Contract Tower,0,3,5,2,10,0,8,52,0,60,0,11,57,2,70,72,2,74,144
02/20/2020,EWB,MA,ANE,EN,Federal Contract Tower,0,2,19,0,21,0,3,88,0,91,0,5,107,0,112,172,0,172,284
02/21/2020,EWB,MA,ANE,EN,Federal Contract Tower,0,1,10,2,13,0,4,105,3,112,0,5,115,5,125,166,12,178,303
02/22/2020,EWB,MA,ANE,EN,Federal Contract Tower,0,0,16,0,16,0,3,75,0,78,0,3,91,0,94,138,0,138,232
02/23/2020,EWB,MA,ANE,EN,Federal Contract Tower,0,0,7,0,7,0,3,86,0,89,0,3,93,0,96,156,2,158,254
02/24/2020,EWB,MA,ANE,EN,Federal Contract Tower,0,2,8,0,10,0,4,59,0,63,0,6,67,0,73,58,0,58,131
02/25/2020,EWB,MA,ANE,EN,Federal Contract Tower,0,5,8,0,13,0,21,12,0,33,0,26,20,0,46,40,0,40,86
02/26/2020,EWB,MA,ANE,EN,Federal Contract Tower,0,14,7,2,23,0,14,10,0,24,0,28,17,2,47,12,12,24,71
02/27/2020,EWB,MA,ANE,EN,Federal Contract Tower,0,2,1,0,3,0,10,1,0,11,0,12,2,0,14,0,0,0,14
02/28/2020,EWB,MA,ANE,EN,Federal Contract Tower,0,0,5,0,5,0,5,17,0,22,0,5,22,0,27,36,0,36,63
02/29/2020,EWB,MA,ANE,EN,Federal Contract Tower,0,0,8,0,8,0,6,93,0,99,0,6,101,0,107,142,0,142,249
03/01/2020,EWB,MA,ANE,EN,Federal Contract Tower,0,0,17,0,17,0,1,79,0,80,0,1,96,0,97,144,0,144,241
03/02/2020,EWB,MA,ANE,EN,Federal Contract Tower,0,0,4,0,4,0,7,37,0,44,0,7,41,0,48,22,0,22,70
03/03/2020,EWB,MA,ANE,EN,Federal Contract Tower,0,5,7,0,12,0,5,77,1,83,0,10,84,1,95,116,0,116,211
03/04/2020,EWB,MA,ANE,EN,Federal Contract Tower,0,2,6,2,10,0,7,5,2,14,0,9,11,4,24,0,0,0,24
03/05/2020,EWB,MA,ANE,EN,Federal Contract Tower,0,2,17,0,19,0,4,90,0,94,0,6,107,0,113,174,2,176,289
03/06/2020,EWB,MA,ANE,EN,Federal Contract Tower,0,1,8,0,9,0,12,40,0,52,0,13,48,0,61,86,4,90,151
03/07/2020,EWB,MA,ANE,EN,Federal Contract Tower,0,0,0,0,0,0,0,0,0,0,0,0,0,0,0,2,12,14,14
03/08/2020,EWB,MA,ANE,EN,Federal Contract Tower,0,0,9,0,9,0,6,68,0,74,0,6,77,0,83,64,0,64,147
03/09/2020,EWB,MA,ANE,EN,Federal Contract Tower,0,1,17,0,18,0,5,62,0,67,0,6,79,0,85,98,0,98,183
03/10/2020,EWB,MA,ANE,EN,Federal Contract Tower,0,1,3,0,4,0,3,39,0,42,0,4,42,0,46,50,0,50,96
03/11/2020,EWB,MA,ANE,EN,Federal Contract Tower,0,5,8,0,13,0,5,113,0,118,0,10,121,0,131,148,2,150,281
03/12/2020,EWB,MA,ANE,EN,Federal Contract Tower,0,4,18,6,28,0,8,57,0,65,0,12,75,6,93,158,4,162,255
03/13/2020,EWB,MA,ANE,EN,Federal Contract Tower,0,6,0,0,6,0,0,0,0,0,0,6,0,0,6,0,0,0,6
03/14/2020,EWB,MA,ANE,EN,Federal Contract Tower,0,6,7,0,13,0,16,22,0,38,0,22,29,0,51,42,0,42,93
03/15/2020,EWB,MA,ANE,EN,Federal Contract Tower,0,1,6,0,7,0,1,54,0,55,0,2,60,0,62,66,0,66,128
03/16/2020,EWB,MA,ANE,EN,Federal Contract Tower,0,5,7,0,12,0,4,35,0,39,0,9,42,0,51,30,0,30,81
03/17/2020,EWB,MA,ANE,EN,Federal Contract Tower,0,17,3,0,20,0,16,0,0,16,0,33,3,0,36,2,0,2,38
03/18/2020,EWB,MA,ANE,EN,Federal Contract Tower,0,2,1,0,3,0,6,73,0,79,0,8,74,0,82,0,0,0,82
03/19/2020,EWB,MA,ANE,EN,Federal Contract Tower,0,7,4,0,11,0,0,0,0,0,0,7,4,0,11,0,0,0,11
03/20/2020,EWB,MA,ANE,EN,Federal Contract Tower,0,4,2,0,6,0,0,0,0,0,0,4,2,0,6,0,0,0,6
03/21/2020,EWB,MA,ANE,EN,Federal Contract Tower,0,5,4,0,9,0,6,43,0,49,0,11,47,0,58,38,0,38,96
03/22/2020,EWB,MA,ANE,EN,Federal Contract Tower,0,1,11,0,12,0,3,51,2,56,0,4,62,2,68,96,6,102,170
03/23/2020,EWB,MA,ANE,EN,Federal Contract Tower,0,11,8,0,19,0,2,10,0,12,0,13,18,0,31,10,0,10,41
03/24/2020,EWB,MA,ANE,EN,Federal Contract Tower,0,6,1,0,7,0,6,10,0,16,0,12,11,0,23,20,2,22,45
03/25/2020,EWB,MA,ANE,EN,Federal Contract Tower,0,5,10,0,15,0,10,5,0,15,0,15,15,0,30,28,0,28,58
03/26/2020,EWB,MA,ANE,EN,Federal Contract Tower,0,1,8,0,9,0,3,21,0,24,0,4,29,0,33,16,2,18,51
03/27/2020,EWB,MA,ANE,EN,Federal Contract Tower,0,1,1,4,6,0,4,32,0,36,0,5,33,4,42,14,0,14,56
03/28/2020,EWB,MA,ANE,EN,Federal Contract Tower,0,1,8,0,9,0,0,34,0,34,0,1,42,0,43,58,2,60,103
03/29/2020,EWB,MA,ANE,EN,Federal Contract Tower,0,1,3,0,4,0,0,0,0,0,0,1,3,0,4,0,0,0,4
03/30/2020,EWB,MA,ANE,EN,Federal Contract Tower,0,4,2,0,6,0,0,0,0,0,0,4,2,0,6,4,0,4,10
03/31/2020,EWB,MA,ANE,EN,Federal Contract Tower,0,2,5,0,7,0,6,6,0,12,0,8,11,0,19,28,0,28,47
04/02/2020,EWB,MA,ANE,EN,Federal Contract Tower,0,2,2,0,4,0,1,2,2,5,0,3,4,2,9,0,0,0,9
04/03/2020,EWB,MA,ANE,EN,Federal Contract Tower,0,1,2,0,3,0,1,0,0,1,0,2,2,0,4,2,0,2,6
04/04/2020,EWB,MA,ANE,EN,Federal Contract Tower,0,0,0,0,0,0,0,0,0,0,0,0,0,0,0,0,2,2,2
04/05/2020,EWB,MA,ANE,EN,Federal Contract Tower,0,2,12,0,14,0,0,25,2,27,0,2,37,2,41,40,4,44,85
04/06/2020,EWB,MA,ANE,EN,Federal Contract Tower,0,0,4,0,4,0,2,23,0,25,0,2,27,0,29,42,0,42,71
04/07/2020,EWB,MA,ANE,EN,Federal Contract Tower,0,2,9,0,11,0,7,30,4,41,0,9,39,4,52,24,0,24,76
04/08/2020,EWB,MA,ANE,EN,Federal Contract Tower,0,1,2,0,3,0,1,5,0,6,0,2,7,0,9,20,0,20,29
04/09/2020,EWB,MA,ANE,EN,Federal Contract Tower,0,2,4,0,6,0,2,0,0,2,0,4,4,0,8,0,0,0,8
04/10/2020,EWB,MA,ANE,EN,Federal Contract Tower,0,1,0,0,1,0,3,0,0,3,0,4,0,0,4,0,0,0,4
04/11/2020,EWB,MA,ANE,EN,Federal Contract Tower,0,0,1,0,1,0,0,5,0,5,0,0,6,0,6,10,0,10,16
04/12/2020,EWB,MA,ANE,EN,Federal Contract Tower,0,1,6,0,7,0,2,22,0,24,0,3,28,0,31,22,0,22,53
04/13/2020,EWB,MA,ANE,EN,Federal Contract Tower,0,0,0,0,0,0,0,0,0,0,0,0,0,0,0,0,0,0,0
04/14/2020,EWB,MA,ANE,EN,Federal Contract Tower,0,2,4,0,6,0,28,13,0,41,0,30,17,0,47,10,0,10,57
04/15/2020,EWB,MA,ANE,EN,Federal Contract Tower,0,1,0,0,1,0,3,10,0,13,0,4,10,0,14,0,0,0,14
04/16/2020,EWB,MA,ANE,EN,Federal Contract Tower,0,0,2,0,2,0,4,19,0,23,0,4,21,0,25,14,0,14,39
04/17/2020,EWB,MA,ANE,EN,Federal Contract Tower,0,0,1,0,1,0,3,10,0,13,0,3,11,0,14,0,0,0,14
04/18/2020,EWB,MA,ANE,EN,Federal Contract Tower,0,0,0,0,0,0,0,0,0,0,0,0,0,0,0,0,0,0,0
04/19/2020,EWB,MA,ANE,EN,Federal Contract Tower,0,0,6,0,6,0,0,40,0,40,0,0,46,0,46,11,0,11,57
04/20/2020,EWB,MA,ANE,EN,Federal Contract Tower,0,11,2,0,13,0,16,11,0,27,0,27,13,0,40,16,0,16,56
04/21/2020,EWB,MA,ANE,EN,Federal Contract Tower,0,4,0,0,4,0,8,4,0,12,0,12,4,0,16,6,0,6,22
04/22/2020,EWB,MA,ANE,EN,Federal Contract Tower,0,1,2,0,3,0,6,8,0,14,0,7,10,0,17,0,0,0,17
04/23/2020,EWB,MA,ANE,EN,Federal Contract Tower,0,2,5,0,7,0,14,23,0,37,0,16,28,0,44,22,0,22,66
04/24/2020,EWB,MA,ANE,EN,Federal Contract Tower,0,0,0,0,0,0,5,0,0,5,0,5,0,0,5,0,0,0,5
04/25/2020,EWB,MA,ANE,EN,Federal Contract Tower,0,0,14,0,14,0,2,75,0,77,0,2,89,0,91,74,0,74,165
04/26/2020,EWB,MA,ANE,EN,Federal Contract Tower,0,2,2,0,4,0,1,2,0,3,0,3,4,0,7,0,0,0,7
04/27/2020,EWB,MA,ANE,EN,Federal Contract Tower,0,2,0,0,2,0,0,0,0,0,0,2,0,0,2,0,0,0,2
04/28/2020,EWB,MA,ANE,EN,Federal Contract Tower,0,1,4,0,5,0,2,15,0,17,0,3,19,0,22,38,0,38,60
04/29/2020,EWB,MA,ANE,EN,Federal Contract Tower,0,1,4,0,5,0,2,40,0,42,0,3,44,0,47,52,0,52,99
04/30/2020,EWB,MA,ANE,EN,Federal Contract Tower,0,5,1,0,6,0,1,0,0,1,0,6,1,0,7,0,0,0,7
05/01/2020,EWB,MA,ANE,EN,Federal Contract Tower,0,3,3,0,6,0,4,9,0,13,0,7,12,0,19,14,0,14,33
05/02/2020,EWB,MA,ANE,EN,Federal Contract Tower,0,9,4,0,13,0,6,37,0,43,0,15,41,0,56,36,0,36,92
05/03/2020,EWB,MA,ANE,EN,Federal Contract Tower,0,0,4,0,4,0,2,23,0,25,0,2,27,0,29,8,2,10,39
05/04/2020,EWB,MA,ANE,EN,Federal Contract Tower,0,0,2,0,2,0,3,9,0,12,0,3,11,0,14,8,0,8,22
05/05/2020,EWB,MA,ANE,EN,Federal Contract Tower,0,0,1,0,1,0,2,15,0,17,0,2,16,0,18,12,0,12,30
05/06/2020,EWB,MA,ANE,EN,Federal Contract Tower,0,4,3,0,7,0,2,16,0,18,0,6,19,0,25,16,0,16,41
05/07/2020,EWB,MA,ANE,EN,Federal Contract Tower,0,2,7,0,9,0,5,30,2,37,0,7,37,2,46,44,12,56,102
05/08/2020,EWB,MA,ANE,EN,Federal Contract Tower,0,2,4,0,6,0,2,6,0,8,0,4,10,0,14,2,0,2,16
05/10/2020,EWB,MA,ANE,EN,Federal Contract Tower,0,1,0,0,1,0,0,10,0,10,0,1,10,0,11,0,0,0,11
05/11/2020,EWB,MA,ANE,EN,Federal Contract Tower,0,1,3,0,4,0,4,3,0,7,0,5,6,0,11,10,0,10,21
05/12/2020,EWB,MA,ANE,EN,Federal Contract Tower,0,1,4,0,5,0,11,18,0,29,0,12,22,0,34,12,4,16,50
05/13/2020,EWB,MA,ANE,EN,Federal Contract Tower,0,0,6,0,6,0,3,32,0,35,0,3,38,0,41,6,0,6,47
05/14/2020,EWB,MA,ANE,EN,Federal Contract Tower,0,4,8,0,12,0,4,57,0,61,0,8,65,0,73,50,0,50,123
05/15/2020,EWB,MA,ANE,EN,Federal Contract Tower,0,1,4,0,5,0,7,8,0,15,0,8,12,0,20,2,0,2,22
05/16/2020,EWB,MA,ANE,EN,Federal Contract Tower,0,6,1,0,7,0,3,42,0,45,0,9,43,0,52,82,0,82,134
05/17/2020,EWB,MA,ANE,EN,Federal Contract Tower,0,0,2,0,2,0,0,41,0,41,0,0,43,0,43,58,0,58,101
05/18/2020,EWB,MA,ANE,EN,Federal Contract Tower,0,5,3,0,8,0,9,25,0,34,0,14,28,0,42,46,0,46,88
05/19/2020,EWB,MA,ANE,EN,Federal Contract Tower,0,4,0,0,4,0,3,6,0,9,0,7,6,0,13,10,0,10,23
05/20/2020,EWB,MA,ANE,EN,Federal Contract Tower,0,5,6,0,11,0,22,39,0,61,0,27,45,0,72,68,4,72,144
05/21/2020,EWB,MA,ANE,EN,Federal Contract Tower,0,10,7,0,17,0,36,27,0,63,0,46,34,0,80,20,0,20,100
05/22/2020,EWB,MA,ANE,EN,Federal Contract Tower,0,5,1,0,6,0,4,42,0,46,0,9,43,0,52,22,0,22,74
05/23/2020,EWB,MA,ANE,EN,Federal Contract Tower,0,2,4,0,6,0,0,0,0,0,0,2,4,0,6,0,0,0,6
05/24/2020,EWB,MA,ANE,EN,Federal Contract Tower,0,0,14,0,14,0,0,35,0,35,0,0,49,0,49,38,0,38,87
05/25/2020,EWB,MA,ANE,EN,Federal Contract Tower,0,3,10,0,13,0,5,19,0,24,0,8,29,0,37,0,0,0,37
05/26/2020,EWB,MA,ANE,EN,Federal Contract Tower,0,8,4,0,12,0,4,19,0,23,0,12,23,0,35,16,0,16,51
05/27/2020,EWB,MA,ANE,EN,Federal Contract Tower,0,7,5,2,14,0,2,17,2,21,0,9,22,4,35,24,0,24,59
05/28/2020,EWB,MA,ANE,EN,Federal Contract Tower,0,4,3,0,7,0,2,2,0,4,0,6,5,0,11,16,0,16,27
05/29/2020,EWB,MA,ANE,EN,Federal Contract Tower,0,11,5,0,16,0,0,0,0,0,0,11,5,0,16,4,0,4,20
05/30/2020,EWB,MA,ANE,EN,Federal Contract Tower,0,2,2,0,4,0,2,36,0,38,0,4,38,0,42,54,0,54,96
05/31/2020,EWB,MA,ANE,EN,Federal Contract Tower,0,4,15,0,19,0,2,53,0,55,0,6,68,0,74,82,0,82,156
06/01/2020,EWB,MA,ANE,EN,Federal Contract Tower,0,1,8,2,11,0,2,29,0,31,0,3,37,2,42,16,0,16,58
06/02/2020,EWB,MA,ANE,EN,Federal Contract Tower,0,5,0,0,5,0,5,33,0,38,0,10,33,0,43,70,0,70,113
06/03/2020,EWB,MA,ANE,EN,Federal Contract Tower,0,6,1,0,7,0,7,23,3,33,0,13,24,3,40,28,0,28,68
06/04/2020,EWB,MA,ANE,EN,Federal Contract Tower,0,2,10,0,12,0,6,44,2,52,0,8,54,2,64,92,8,100,164
06/05/2020,EWB,MA,ANE,EN,Federal Contract Tower,0,3,6,0,9,0,0,7,2,9,0,3,13,2,18,6,0,6,24
06/06/2020,EWB,MA,ANE,EN,Federal Contract Tower,0,2,9,0,11,0,0,2,0,2,0,2,11,0,13,14,6,20,33
06/07/2020,EWB,MA,ANE,EN,Federal Contract Tower,0,2,12,0,14,0,8,51,0,59,0,10,63,0,73,0,0,0,73
06/08/2020,EWB,MA,ANE,EN,Federal Contract Tower,0,0,10,0,10,0,7,48,1,56,0,7,58,1,66,94,0,94,160
06/09/2020,EWB,MA,ANE,EN,Federal Contract Tower,0,7,6,2,15,0,9,43,2,54,0,16,49,4,69,64,2,66,135
06/10/2020,EWB,MA,ANE,EN,Federal Contract Tower,0,10,13,0,23,0,3,54,0,57,0,13,67,0,80,66,0,66,146
06/11/2020,EWB,MA,ANE,EN,Federal Contract Tower,0,4,7,0,11,0,2,0,0,2,0,6,7,0,13,0,0,0,13
06/12/2020,EWB,MA,ANE,EN,Federal Contract Tower,0,5,16,0,21,0,4,39,0,43,0,9,55,0,64,44,0,44,108
06/13/2020,EWB,MA,ANE,EN,Federal Contract Tower,0,2,7,0,9,0,1,66,0,67,0,3,73,0,76,164,0,164,240
06/14/2020,EWB,MA,ANE,EN,Federal Contract Tower,0,7,15,0,22,0,2,77,0,79,0,9,92,0,101,90,0,90,191
06/15/2020,EWB,MA,ANE,EN,Federal Contract Tower,0,4,11,0,15,0,2,15,0,17,0,6,26,0,32,16,0,16,48
06/16/2020,EWB,MA,ANE,EN,Federal Contract Tower,0,12,7,0,19,0,13,51,0,64,0,25,58,0,83,62,8,70,153
06/17/2020,EWB,MA,ANE,EN,Federal Contract Tower,0,1,7,0,8,0,10,55,0,65,0,11,62,0,73,80,12,92,165
06/18/2020,EWB,MA,ANE,EN,Federal Contract Tower,0,6,20,0,26,0,6,22,0,28,0,12,42,0,54,56,4,60,114
06/19/2020,EWB,MA,ANE,EN,Federal Contract Tower,0,5,8,0,13,0,2,41,0,43,0,7,49,0,56,51,0,51,107
06/20/2020,EWB,MA,ANE,EN,Federal Contract Tower,0,2,15,0,17,0,4,60,0,64,0,6,75,0,81,44,0,44,125
06/21/2020,EWB,MA,ANE,EN,Federal Contract Tower,0,2,16,0,18,0,2,38,0,40,0,4,54,0,58,86,0,86,144
06/22/2020,EWB,MA,ANE,EN,Federal Contract Tower,0,5,10,2,17,0,5,33,3,41,0,10,43,5,58,30,24,54,112
06/23/2020,EWB,MA,ANE,EN,Federal Contract Tower,0,4,17,0,21,0,1,21,0,22,0,5,38,0,43,24,0,24,67
06/24/2020,EWB,MA,ANE,EN,Federal Contract Tower,0,6,10,2,18,0,0,34,0,34,0,6,44,2,52,28,2,30,82
06/25/2020,EWB,MA,ANE,EN,Federal Contract Tower,0,2,15,0,17,0,4,38,0,42,0,6,53,0,59,28,4,32,91
06/26/2020,EWB,MA,ANE,EN,Federal Contract Tower,0,12,7,0,19,0,13,42,0,55,0,25,49,0,74,78,0,78,152
06/27/2020,EWB,MA,ANE,EN,Federal Contract Tower,0,7,14,0,21,0,5,48,2,55,0,12,62,2,76,70,4,74,150
06/28/2020,EWB,MA,ANE,EN,Federal Contract Tower,0,4,15,0,19,0,2,62,0,64,0,6,77,0,83,116,2,118,201
06/29/2020,EWB,MA,ANE,EN,Federal Contract Tower,0,4,14,2,20,0,0,1,0,1,0,4,15,2,21,0,0,0,21
06/30/2020,EWB,MA,ANE,EN,Federal Contract Tower,0,33,14,6,53,0,0,3,0,3,0,33,17,6,56,0,0,0,56
07/01/2020,EWB,MA,ANE,EN,Federal Contract Tower,0,11,13,0,24,0,8,18,0,26,0,19,31,0,50,30,0,30,80
07/02/2020,EWB,MA,ANE,EN,Federal Contract Tower,0,4,4,0,8,0,7,72,0,79,0,11,76,0,87,146,0,146,233
07/03/2020,EWB,MA,ANE,EN,Federal Contract Tower,0,12,9,0,21,0,3,6,0,9,0,15,15,0,30,14,0,14,44
07/04/2020,EWB,MA,ANE,EN,Federal Contract Tower,0,5,5,0,10,0,1,21,0,22,0,6,26,0,32,32,0,32,64
07/05/2020,EWB,MA,ANE,EN,Federal Contract Tower,0,9,13,0,22,0,0,27,0,27,0,9,40,0,49,54,0,54,103
07/06/2020,EWB,MA,ANE,EN,Federal Contract Tower,0,12,19,0,31,0,4,32,0,36,0,16,51,0,67,54,0,54,121
07/07/2020,EWB,MA,ANE,EN,Federal Contract Tower,0,4,13,0,17,0,3,60,0,63,0,7,73,0,80,144,0,144,224
07/08/2020,EWB,MA,ANE,EN,Federal Contract Tower,0,3,30,1,34,0,0,32,0,32,0,3,62,1,66,101,0,101,167
07/09/2020,EWB,MA,ANE,EN,Federal Contract Tower,0,21,29,0,50,0,0,43,4,47,0,21,72,4,97,58,0,58,155
07/10/2020,EWB,MA,ANE,EN,Federal Contract Tower,0,12,3,0,15,0,6,15,0,21,0,18,18,0,36,12,2,14,50
07/11/2020,EWB,MA,ANE,EN,Federal Contract Tower,0,11,8,0,19,0,5,20,0,25,0,16,28,0,44,46,0,46,90
07/12/2020,EWB,MA,ANE,EN,Federal Contract Tower,0,3,27,0,30,0,6,66,0,72,0,9,93,0,102,100,0,100,202
07/13/2020,EWB,MA,ANE,EN,Federal Contract Tower,0,10,3,0,13,0,3,20,0,23,0,13,23,0,36,64,0,64,100
07/14/2020,EWB,MA,ANE,EN,Federal Contract Tower,0,17,7,1,25,0,12,15,0,27,0,29,22,1,52,40,10,50,102
07/15/2020,EWB,MA,ANE,EN,Federal Contract Tower,0,8,30,0,38,0,7,86,0,93,0,15,116,0,131,166,12,178,309
07/16/2020,EWB,MA,ANE,EN,Federal Contract Tower,0,6,29,1,36,0,11,70,1,82,0,17,99,2,118,128,20,148,266
07/17/2020,EWB,MA,ANE,EN,Federal Contract Tower,0,9,8,0,17,0,2,0,0,2,0,11,8,0,19,0,0,0,19
07/18/2020,EWB,MA,ANE,EN,Federal Contract Tower,0,4,14,0,18,0,6,84,0,90,0,10,98,0,108,58,0,58,166
07/19/2020,EWB,MA,ANE,EN,Federal Contract Tower,0,7,14,0,21,0,0,51,0,51,0,7,65,0,72,32,0,32,104
07/20/2020,EWB,MA,ANE,EN,Federal Contract Tower,0,7,12,0,19,0,1,41,0,42,0,8,53,0,61,46,0,46,107
07/21/2020,EWB,MA,ANE,EN,Federal Contract Tower,0,4,21,0,25,0,7,97,0,104,0,11,118,0,129,138,0,138,267
07/22/2020,EWB,MA,ANE,EN,Federal Contract Tower,0,9,11,0,20,0,9,54,0,63,0,18,65,0,83,138,0,138,221
07/23/2020,EWB,MA,ANE,EN,Federal Contract Tower,0,3,9,0,12,0,2,57,0,59,0,5,66,0,71,80,0,80,151
07/24/2020,EWB,MA,ANE,EN,Federal Contract Tower,0,2,17,0,19,0,9,89,0,98,0,11,106,0,117,180,0,180,297
07/25/2020,EWB,MA,ANE,EN,Federal Contract Tower,0,7,9,0,16,0,5,66,0,71,0,12,75,0,87,68,0,68,155
07/26/2020,EWB,MA,ANE,EN,Federal Contract Tower,0,3,10,0,13,0,6,61,0,67,0,9,71,0,80,34,0,34,114
07/27/2020,EWB,MA,ANE,EN,Federal Contract Tower,0,3,9,0,12,0,5,34,0,39,0,8,43,0,51,36,0,36,87
07/28/2020,EWB,MA,ANE,EN,Federal Contract Tower,0,6,5,0,11,0,9,55,0,64,0,15,60,0,75,56,0,56,131
07/29/2020,EWB,MA,ANE,EN,Federal Contract Tower,0,1,31,0,32,0,11,84,0,95,0,12,115,0,127,120,2,122,249
07/30/2020,EWB,MA,ANE,EN,Federal Contract Tower,0,7,25,0,32,0,8,58,0,66,0,15,83,0,98,58,0,58,156
07/31/2020,EWB,MA,ANE,EN,Federal Contract Tower,0,7,17,0,24,0,6,62,0,68,0,13,79,0,92,130,0,130,222
08/01/2020,EWB,MA,ANE,EN,Federal Contract Tower,0,10,12,0,22,0,6,68,0,74,0,16,80,0,96,92,0,92,188
08/02/2020,EWB,MA,ANE,EN,Federal Contract Tower,0,1,19,0,20,0,2,53,0,55,0,3,72,0,75,94,0,94,169
08/03/2020,EWB,MA,ANE,EN,Federal Contract Tower,0,1,10,2,13,0,3,36,2,41,0,4,46,4,54,34,18,52,106
08/04/2020,EWB,MA,ANE,EN,Federal Contract Tower,0,9,9,0,18,0,0,4,0,4,0,9,13,0,22,12,0,12,34
08/05/2020,EWB,MA,ANE,EN,Federal Contract Tower,0,9,3,0,12,0,4,64,1,69,0,13,67,1,81,82,4,86,167
08/06/2020,EWB,MA,ANE,EN,Federal Contract Tower,0,6,5,2,13,0,4,91,2,97,0,10,96,4,110,70,16,86,196
08/07/2020,EWB,MA,ANE,EN,Federal Contract Tower,0,8,13,0,21,0,12,63,0,75,0,20,76,0,96,68,16,84,180
08/08/2020,EWB,MA,ANE,EN,Federal Contract Tower,0,15,17,2,34,0,0,36,0,36,0,15,53,2,70,8,0,8,78
08/09/2020,EWB,MA,ANE,EN,Federal Contract Tower,0,4,11,0,15,0,8,56,0,64,0,12,67,0,79,108,4,112,191
08/10/2020,EWB,MA,ANE,EN,Federal Contract Tower,0,9,12,0,21,0,0,54,0,54,0,9,66,0,75,70,12,82,157
08/11/2020,EWB,MA,ANE,EN,Federal Contract Tower,0,4,11,0,15,0,0,67,0,67,0,4,78,0,82,54,0,54,136
08/12/2020,EWB,MA,ANE,EN,Federal Contract Tower,0,2,13,0,15,0,4,55,0,59,0,6,68,0,74,102,0,102,176
08/13/2020,EWB,MA,ANE,EN,Federal Contract Tower,0,6,14,4,24,0,5,57,3,65,0,11,71,7,89,72,0,72,161
08/14/2020,EWB,MA,ANE,EN,Federal Contract Tower,0,3,15,0,18,0,8,106,0,114,0,11,121,0,132,182,0,182,314
08/16/2020,EWB,MA,ANE,EN,Federal Contract Tower,0,9,21,0,30,0,0,8,0,8,0,9,29,0,38,50,0,50,88
08/17/2020,EWB,MA,ANE,EN,Federal Contract Tower,0,10,16,0,26,0,2,47,2,51,0,12,63,2,77,26,18,44,121
08/18/2020,EWB,MA,ANE,EN,Federal Contract Tower,0,8,14,0,22,0,5,74,0,79,0,13,88,0,101,86,2,88,189
08/19/2020,EWB,MA,ANE,EN,Federal Contract Tower,0,1,3,0,4,0,8,82,0,90,0,9,85,0,94,224,2,226,320
08/20/2020,EWB,MA,ANE,EN,Federal Contract Tower,0,9,10,0,19,0,6,114,2,122,0,15,124,2,141,198,0,198,339
08/21/2020,EWB,MA,ANE,EN,Federal Contract Tower,0,1,14,0,15,0,16,106,0,122,0,17,120,0,137,154,0,154,291
08/22/2020,EWB,MA,ANE,EN,Federal Contract Tower,0,9,30,0,39,0,8,71,0,79,0,17,101,0,118,50,0,50,168
08/23/2020,EWB,MA,ANE,EN,Federal Contract Tower,0,5,10,0,15,0,6,45,0,51,0,11,55,0,66,86,0,86,152
08/24/2020,EWB,MA,ANE,EN,Federal Contract Tower,0,10,9,0,19,0,2,28,0,30,0,12,37,0,49,42,0,42,91
08/25/2020,EWB,MA,ANE,EN,Federal Contract Tower,0,3,3,0,6,0,2,55,0,57,0,5,58,0,63,82,0,82,145
08/26/2020,EWB,MA,ANE,EN,Federal Contract Tower,0,3,10,0,13,0,14,140,0,154,0,17,150,0,167,140,6,146,313
08/27/2020,EWB,MA,ANE,EN,Federal Contract Tower,0,7,9,0,16,0,6,52,0,58,0,13,61,0,74,120,0,120,194
08/28/2020,EWB,MA,ANE,EN,Federal Contract Tower,0,26,16,0,42,0,8,77,0,85,0,34,93,0,127,152,0,152,279
08/29/2020,EWB,MA,ANE,EN,Federal Contract Tower,0,16,7,0,23,0,0,0,0,0,0,16,7,0,23,0,0,0,23
08/30/2020,EWB,MA,ANE,EN,Federal Contract Tower,0,8,15,0,23,0,4,49,0,53,0,12,64,0,76,42,0,42,118
08/31/2020,EWB,MA,ANE,EN,Federal Contract Tower,0,8,21,0,29,0,7,104,0,111,0,15,125,0,140,78,0,78,218
09/01/2020,EWB,MA,ANE,EN,Federal Contract Tower,0,10,11,0,21,0,15,65,0,80,0,25,76,0,101,86,14,100,201
09/02/2020,EWB,MA,ANE,EN,Federal Contract Tower,0,28,16,0,44,0,0,0,0,0,0,28,16,0,44,8,0,8,52
09/03/2020,EWB,MA,ANE,EN,Federal Contract Tower,0,15,20,0,35,0,0,0,0,0,0,15,20,0,35,8,0,8,43
09/04/2020,EWB,MA,ANE,EN,Federal Contract Tower,0,10,12,0,22,0,9,98,0,107,0,19,110,0,129,162,0,162,291
09/05/2020,EWB,MA,ANE,EN,Federal Contract Tower,0,7,7,0,14,0,7,90,0,97,0,14,97,0,111,136,0,136,247
09/06/2020,EWB,MA,ANE,EN,Federal Contract Tower,0,4,14,0,18,0,13,65,0,78,0,17,79,0,96,74,0,74,170
09/07/2020,EWB,MA,ANE,EN,Federal Contract Tower,0,6,2,0,8,0,9,61,0,70,0,15,63,0,78,80,0,80,158
09/08/2020,EWB,MA,ANE,EN,Federal Contract Tower,0,13,10,0,23,0,8,65,0,73,0,21,75,0,96,126,0,126,222
09/09/2020,EWB,MA,ANE,EN,Federal Contract Tower,0,12,24,0,36,0,18,87,0,105,0,30,111,0,141,102,4,106,247
09/10/2020,EWB,MA,ANE,EN,Federal Contract Tower,0,15,20,2,37,0,0,0,0,0,0,15,20,2,37,2,2,4,41
09/11/2020,EWB,MA,ANE,EN,Federal Contract Tower,0,10,12,0,22,0,8,16,0,24,0,18,28,0,46,8,0,8,54
09/12/2020,EWB,MA,ANE,EN,Federal Contract Tower,0,14,14,0,28,0,8,78,0,86,0,22,92,0,114,100,0,100,214
09/13/2020,EWB,MA,ANE,EN,Federal Contract Tower,0,5,9,0,14,0,10,48,0,58,0,15,57,0,72,77,0,77,149
09/14/2020,EWB,MA,ANE,EN,Federal Contract Tower,0,8,12,3,23,0,3,66,0,69,0,11,78,3,92,76,0,76,168
09/15/2020,EWB,MA,ANE,EN,Federal Contract Tower,0,7,9,0,16,0,15,77,0,92,0,22,86,0,108,124,10,134,242
09/16/2020,EWB,MA,ANE,EN,Federal Contract Tower,0,6,14,0,20,0,14,76,2,92,0,20,90,2,112,164,8,172,284
09/17/2020,EWB,MA,ANE,EN,Federal Contract Tower,0,10,15,0,25,0,6,92,0,98,0,16,107,0,123,130,0,130,253
09/18/2020,EWB,MA,ANE,EN,Federal Contract Tower,0,14,10,0,24,0,10,29,2,41,0,24,39,2,65,72,0,72,137
09/19/2020,EWB,MA,ANE,EN,Federal Contract Tower,0,10,8,0,18,0,6,33,0,39,0,16,41,0,57,66,0,66,123
09/20/2020,EWB,MA,ANE,EN,Federal Contract Tower,0,16,20,0,36,0,9,53,0,62,0,25,73,0,98,90,0,90,188
09/21/2020,EWB,MA,ANE,EN,Federal Contract Tower,0,4,12,0,16,0,3,70,0,73,0,7,82,0,89,80,0,80,169
09/22/2020,EWB,MA,ANE,EN,Federal Contract Tower,0,5,0,0,5,0,9,30,0,39,0,14,30,0,44,34,0,34,78
09/23/2020,EWB,MA,ANE,EN,Federal Contract Tower,0,5,13,0,18,0,14,99,0,113,0,19,112,0,131,154,0,154,285
09/24/2020,EWB,MA,ANE,EN,Federal Contract Tower,0,9,23,0,32,0,10,73,2,85,0,19,96,2,117,154,0,154,271
09/25/2020,EWB,MA,ANE,EN,Federal Contract Tower,0,10,5,0,15,0,17,69,0,86,0,27,74,0,101,148,0,148,249
09/26/2020,EWB,MA,ANE,EN,Federal Contract Tower,0,5,15,0,20,0,1,48,2,51,0,6,63,2,71,40,0,40,111
09/27/2020,EWB,MA,ANE,EN,Federal Contract Tower,0,13,11,0,24,0,4,12,0,16,0,17,23,0,40,0,0,0,40
09/28/2020,EWB,MA,ANE,EN,Federal Contract Tower,0,15,17,0,32,0,0,0,0,0,0,15,17,0,32,18,0,18,50
09/29/2020,EWB,MA,ANE,EN,Federal Contract Tower,0,5,17,0,22,0,12,54,0,66,0,17,71,0,88,116,0,116,204
09/30/2020,EWB,MA,ANE,EN,Federal Contract Tower,0,11,6,0,17,0,7,11,0,18,0,18,17,0,35,6,2,8,43
10/01/2020,EWB,MA,ANE,EN,Federal Contract Tower,0,6,20,0,26,0,10,71,0,81,0,16,91,0,107,128,0,128,235
10/02/2020,EWB,MA,ANE,EN,Federal Contract Tower,0,7,16,0,23,0,15,67,0,82,0,22,83,0,105,166,0,166,271
10/03/2020,EWB,MA,ANE,EN,Federal Contract Tower,0,2,15,0,17,0,6,89,0,95,0,8,104,0,112,102,0,102,214
10/04/2020,EWB,MA,ANE,EN,Federal Contract Tower,0,4,9,0,13,0,4,111,0,115,0,8,120,0,128,114,0,114,242
10/05/2020,EWB,MA,ANE,EN,Federal Contract Tower,0,14,13,0,27,0,4,20,0,24,0,18,33,0,51,34,6,40,91
10/06/2020,EWB,MA,ANE,EN,Federal Contract Tower,0,8,17,0,25,0,9,111,0,120,0,17,128,0,145,160,0,160,305
10/07/2020,EWB,MA,ANE,EN,Federal Contract Tower,0,8,4,0,12,0,10,21,0,31,0,18,25,0,43,14,0,14,57
10/08/2020,EWB,MA,ANE,EN,Federal Contract Tower,0,9,19,0,28,0,16,40,0,56,0,25,59,0,84,50,0,50,134
10/09/2020,EWB,MA,ANE,EN,Federal Contract Tower,0,11,17,0,28,0,17,99,0,116,0,28,116,0,144,142,0,142,286
10/10/2020,EWB,MA,ANE,EN,Federal Contract Tower,0,2,6,0,8,0,6,9,0,15,0,8,15,0,23,8,0,8,31
10/11/2020,EWB,MA,ANE,EN,Federal Contract Tower,0,2,14,1,17,0,1,96,0,97,0,3,110,1,114,186,0,186,300
10/12/2020,EWB,MA,ANE,EN,Federal Contract Tower,0,13,7,0,20,0,3,1,0,4,0,16,8,0,24,2,0,2,26
10/13/2020,EWB,MA,ANE,EN,Federal Contract Tower,0,12,10,2,24,0,0,0,0,0,0,12,10,2,24,0,0,0,24
10/14/2020,EWB,MA,ANE,EN,Federal Contract Tower,0,5,17,0,22,0,6,132,2,140,0,11,149,2,162,182,10,192,354
10/15/2020,EWB,MA,ANE,EN,Federal Contract Tower,0,6,16,0,22,0,5,81,0,86,0,11,97,0,108,84,0,84,192
10/16/2020,EWB,MA,ANE,EN,Federal Contract Tower,0,5,17,0,22,0,5,15,0,20,0,10,32,0,42,8,0,8,50
10/17/2020,EWB,MA,ANE,EN,Federal Contract Tower,0,3,11,0,14,0,7,22,0,29,0,10,33,0,43,50,8,58,101
10/18/2020,EWB,MA,ANE,EN,Federal Contract Tower,0,3,9,0,12,0,3,113,0,116,0,6,122,0,128,166,0,166,294
10/19/2020,EWB,MA,ANE,EN,Federal Contract Tower,0,8,14,0,22,0,7,87,0,94,0,15,101,0,116,178,0,178,294
10/20/2020,EWB,MA,ANE,EN,Federal Contract Tower,0,11,13,0,24,0,1,2,4,7,0,12,15,4,31,4,4,8,39
10/21/2020,EWB,MA,ANE,EN,Federal Contract Tower,0,9,17,0,26,0,0,0,0,0,0,9,17,0,26,2,0,2,28
10/22/2020,EWB,MA,ANE,EN,Federal Contract Tower,0,8,16,0,24,0,5,63,0,68,0,13,79,0,92,114,0,114,206
10/24/2020,EWB,MA,ANE,EN,Federal Contract Tower,0,7,10,0,17,0,0,25,0,25,0,7,35,0,42,50,0,50,92
10/25/2020,EWB,MA,ANE,EN,Federal Contract Tower,0,3,8,0,11,0,1,84,0,85,0,4,92,0,96,110,0,110,206
10/26/2020,EWB,MA,ANE,EN,Federal Contract Tower,0,4,19,0,23,0,1,5,0,6,0,5,24,0,29,4,0,4,33
10/27/2020,EWB,MA,ANE,EN,Federal Contract Tower,0,14,12,0,26,0,8,63,0,71,0,22,75,0,97,128,6,134,231
10/28/2020,EWB,MA,ANE,EN,Federal Contract Tower,0,7,8,0,15,0,2,4,0,6,0,9,12,0,21,2,0,2,23
10/29/2020,EWB,MA,ANE,EN,Federal Contract Tower,0,8,11,0,19,0,0,14,0,14,0,8,25,0,33,42,0,42,75
10/30/2020,EWB,MA,ANE,EN,Federal Contract Tower,0,7,2,0,9,0,0,0,0,0,0,7,2,0,9,0,0,0,9
10/31/2020,EWB,MA,ANE,EN,Federal Contract Tower,0,8,20,0,28,0,2,82,0,84,0,10,102,0,112,116,0,116,228
11/01/2020,EWB,MA,ANE,EN,Federal Contract Tower,0,13,13,0,26,0,6,46,0,52,0,19,59,0,78,108,0,108,186
11/02/2020,EWB,MA,ANE,EN,Federal Contract Tower,0,7,4,0,11,0,3,6,0,9,0,10,10,0,20,10,0,10,30
11/03/2020,EWB,MA,ANE,EN,Federal Contract Tower,0,1,0,0,1,0,5,20,2,27,0,6,20,2,28,20,0,20,48
11/04/2020,EWB,MA,ANE,EN,Federal Contract Tower,0,3,13,0,16,0,8,111,0,119,0,11,124,0,135,90,0,90,225
11/05/2020,EWB,MA,ANE,EN,Federal Contract Tower,0,13,30,0,43,0,10,33,8,51,0,23,63,8,94,46,0,46,140
11/06/2020,EWB,MA,ANE,EN,Federal Contract Tower,0,10,14,1,25,0,14,108,0,122,0,24,122,1,147,174,20,194,341
11/07/2020,EWB,MA,ANE,EN,Federal Contract Tower,0,3,7,0,10,0,3,92,6,101,0,6,99,6,111,188,22,210,321
11/08/2020,EWB,MA,ANE,EN,Federal Contract Tower,0,5,5,0,10,0,1,111,0,112,0,6,116,0,122,162,0,162,284
11/09/2020,EWB,MA,ANE,EN,Federal Contract Tower,0,3,12,0,15,0,6,96,0,102,0,9,108,0,117,116,0,116,233
11/10/2020,EWB,MA,ANE,EN,Federal Contract Tower,0,7,11,0,18,0,4,54,0,58,0,11,65,0,76,116,0,116,192
11/11/2020,EWB,MA,ANE,EN,Federal Contract Tower,0,3,2,0,5,0,1,1,0,2,0,4,3,0,7,0,0,0,7
11/12/2020,EWB,MA,ANE,EN,Federal Contract Tower,0,2,13,0,15,0,0,5,0,5,0,2,18,0,20,8,0,8,28
11/13/2020,EWB,MA,ANE,EN,Federal Contract Tower,0,4,9,0,13,0,0,0,0,0,0,4,9,0,13,0,0,0,13
11/14/2020,EWB,MA,ANE,EN,Federal Contract Tower,0,2,17,0,19,0,7,127,1,135,0,9,144,1,154,172,0,172,326
11/15/2020,EWB,MA,ANE,EN,Federal Contract Tower,0,1,9,0,10,0,2,77,0,79,0,3,86,0,89,106,4,110,199
11/16/2020,EWB,MA,ANE,EN,Federal Contract Tower,0,6,7,0,13,0,13,40,0,53,0,19,47,0,66,26,8,34,100
11/17/2020,EWB,MA,ANE,EN,Federal Contract Tower,0,2,7,0,9,0,4,78,2,84,0,6,85,2,93,90,2,92,185
11/18/2020,EWB,MA,ANE,EN,Federal Contract Tower,0,4,9,2,15,0,4,51,0,55,0,8,60,2,70,34,4,38,108
11/19/2020,EWB,MA,ANE,EN,Federal Contract Tower,0,4,8,0,12,0,8,59,0,67,0,12,67,0,79,92,14,106,185
11/20/2020,EWB,MA,ANE,EN,Federal Contract Tower,0,5,6,0,11,0,2,35,1,38,0,7,41,1,49,16,8,24,73
11/21/2020,EWB,MA,ANE,EN,Federal Contract Tower,0,8,9,0,17,0,8,141,0,149,0,16,150,0,166,224,0,224,390
11/22/2020,EWB,MA,ANE,EN,Federal Contract Tower,0,8,6,0,14,0,0,69,0,69,0,8,75,0,83,96,2,98,181
11/23/2020,EWB,MA,ANE,EN,Federal Contract Tower,0,6,2,0,8,0,7,3,0,10,0,13,5,0,18,0,0,0,18
11/24/2020,EWB,MA,ANE,EN,Federal Contract Tower,0,6,6,0,12,0,16,89,2,107,0,22,95,2,119,116,0,116,235
11/25/2020,EWB,MA,ANE,EN,Federal Contract Tower,0,3,6,0,9,0,8,60,0,68,0,11,66,0,77,118,0,118,195
11/26/2020,EWB,MA,ANE,EN,Federal Contract Tower,0,1,0,0,1,0,2,0,0,2,0,3,0,0,3,0,0,0,3
11/27/2020,EWB,MA,ANE,EN,Federal Contract Tower,0,3,6,0,9,0,14,82,4,100,0,17,88,4,109,150,0,150,259
11/28/2020,EWB,MA,ANE,EN,Federal Contract Tower,0,8,13,0,21,0,6,80,0,86,0,14,93,0,107,122,6,128,235
11/29/2020,EWB,MA,ANE,EN,Federal Contract Tower,0,7,7,0,14,0,2,105,0,107,0,9,112,0,121,84,0,84,205
12/02/2020,EWB,MA,ANE,EN,Federal Contract Tower,0,1,9,0,10,0,3,73,0,76,0,4,82,0,86,60,14,74,160
12/03/2020,EWB,MA,ANE,EN,Federal Contract Tower,0,2,9,0,11,0,2,94,0,96,0,4,103,0,107,100,0,100,207
12/04/2020,EWB,MA,ANE,EN,Federal Contract Tower,0,6,10,0,16,0,3,51,0,54,0,9,61,0,70,64,0,64,134
12/05/2020,EWB,MA,ANE,EN,Federal Contract Tower,0,3,3,0,6,0,0,0,0,0,0,3,3,0,6,0,0,0,6
12/06/2020,EWB,MA,ANE,EN,Federal Contract Tower,0,3,8,0,11,0,3,18,0,21,0,6,26,0,32,24,0,24,56
12/07/2020,EWB,MA,ANE,EN,Federal Contract Tower,0,2,24,2,28,0,2,64,0,66,0,4,88,2,94,104,0,104,198
12/08/2020,EWB,MA,ANE,EN,Federal Contract Tower,0,2,3,0,5,0,3,26,0,29,0,5,29,0,34,50,0,50,84
12/09/2020,EWB,MA,ANE,EN,Federal Contract Tower,0,4,12,4,20,0,7,65,0,72,0,11,77,4,92,180,6,186,278
12/10/2020,EWB,MA,ANE,EN,Federal Contract Tower,0,2,5,2,9,0,1,52,0,53,0,3,57,2,62,108,2,110,172
12/11/2020,EWB,MA,ANE,EN,Federal Contract Tower,0,3,16,1,20,0,7,89,0,96,0,10,105,1,116,118,0,118,234
12/12/2020,EWB,MA,ANE,EN,Federal Contract Tower,0,2,3,0,5,0,0,0,0,0,0,2,3,0,5,0,0,0,5
12/13/2020,EWB,MA,ANE,EN,Federal Contract Tower,0,4,16,0,20,0,4,106,0,110,0,8,122,0,130,70,0,70,200
12/14/2020,EWB,MA,ANE,EN,Federal Contract Tower,0,1,9,0,10,0,1,15,0,16,0,2,24,0,26,38,0,38,64
12/15/2020,EWB,MA,ANE,EN,Federal Contract Tower,0,6,8,0,14,0,8,66,0,74,0,14,74,0,88,106,8,114,202
12/16/2020,EWB,MA,ANE,EN,Federal Contract Tower,0,8,10,1,19,0,4,71,2,77,0,12,81,3,96,140,8,148,244
12/17/2020,EWB,MA,ANE,EN,Federal Contract Tower,0,1,1,0,2,0,0,0,0,0,0,1,1,0,2,0,0,0,2
12/18/2020,EWB,MA,ANE,EN,Federal Contract Tower,0,2,2,0,4,0,2,5,0,7,0,4,7,0,11,0,0,0,11
12/19/2020,EWB,MA,ANE,EN,Federal Contract Tower,0,4,4,0,8,0,2,29,0,31,0,6,33,0,39,64,0,64,103
12/20/2020,EWB,MA,ANE,EN,Federal Contract Tower,0,2,2,0,4,0,0,7,0,7,0,2,9,0,11,10,0,10,21
12/21/2020,EWB,MA,ANE,EN,Federal Contract Tower,0,3,0,0,3,0,0,1,0,1,0,3,1,0,4,0,0,0,4
12/22/2020,EWB,MA,ANE,EN,Federal Contract Tower,0,4,11,0,15,0,4,82,0,86,0,8,93,0,101,206,2,208,309
12/23/2020,EWB,MA,ANE,EN,Federal Contract Tower,0,4,20,0,24,0,8,108,0,116,0,12,128,0,140,230,0,230,370
12/24/2020,EWB,MA,ANE,EN,Federal Contract Tower,0,0,0,0,0,0,2,12,0,14,0,2,12,0,14,2,0,2,16
12/25/2020,EWB,MA,ANE,EN,Federal Contract Tower,0,1,0,0,1,0,0,0,0,0,0,1,0,0,1,0,0,0,1
12/26/2020,EWB,MA,ANE,EN,Federal Contract Tower,0,0,5,0,5,0,2,65,0,67,0,2,70,0,72,70,0,70,142
12/27/2020,EWB,MA,ANE,EN,Federal Contract Tower,0,4,16,0,20,0,9,91,0,100,0,13,107,0,120,114,0,114,234
12/28/2020,EWB,MA,ANE,EN,Federal Contract Tower,0,5,14,0,19,0,4,63,0,67,0,9,77,0,86,130,2,132,218
12/29/2020,EWB,MA,ANE,EN,Federal Contract Tower,0,5,6,0,11,0,4,22,0,26,0,9,28,0,37,36,0,36,73
12/30/2020,EWB,MA,ANE,EN,Federal Contract Tower,0,4,12,2,18,0,5,107,2,114,0,9,119,4,132,148,2,150,282
12/31/2020,EWB,MA,ANE,EN,Federal Contract Tower,0,2,6,0,8,0,1,22,0,23,0,3,28,0,31,42,0,42,73
01/01/2021,EWB,MA,ANE,EN,Federal Contract Tower,0,3,5,0,8,0,4,29,0,33,0,7,34,0,41,38,0,38,79
01/02/2021,EWB,MA,ANE,EN,Federal Contract Tower,0,0,4,0,4,0,0,9,0,9,0,0,13,0,13,6,0,6,19
01/03/2021,EWB,MA,ANE,EN,Federal Contract Tower,0,0,8,0,8,0,0,5,0,5,0,0,13,0,13,16,0,16,29
01/04/2021,EWB,MA,ANE,EN,Federal Contract Tower,0,7,10,0,17,0,0,0,0,0,0,7,10,0,17,0,0,0,17
01/05/2021,EWB,MA,ANE,EN,Federal Contract Tower,0,3,3,0,6,0,0,0,0,0,0,3,3,0,6,2,0,2,8
01/06/2021,EWB,MA,ANE,EN,Federal Contract Tower,0,11,18,0,29,0,3,102,0,105,0,14,120,0,134,136,0,136,270
01/07/2021,EWB,MA,ANE,EN,Federal Contract Tower,0,3,19,0,22,0,4,87,0,91,0,7,106,0,113,124,0,124,237
01/08/2021,EWB,MA,ANE,EN,Federal Contract Tower,0,2,13,0,15,0,4,106,2,112,0,6,119,2,127,208,0,208,335
01/09/2021,EWB,MA,ANE,EN,Federal Contract Tower,0,0,6,0,6,0,0,52,0,52,0,0,58,0,58,58,0,58,116
01/10/2021,EWB,MA,ANE,EN,Federal Contract Tower,0,0,11,0,11,0,0,91,0,91,0,0,102,0,102,96,0,96,198
01/11/2021,EWB,MA,ANE,EN,Federal Contract Tower,0,3,17,0,20,0,2,58,0,60,0,5,75,0,80,112,0,112,192
01/12/2021,EWB,MA,ANE,EN,Federal Contract Tower,0,2,5,0,7,0,2,92,1,95,0,4,97,1,102,130,6,136,238
01/13/2021,EWB,MA,ANE,EN,Federal Contract Tower,0,0,12,0,12,0,2,82,2,86,0,2,94,2,98,130,0,130,228
01/14/2021,EWB,MA,ANE,EN,Federal Contract Tower,0,0,9,0,9,0,3,62,0,65,0,3,71,0,74,110,6,116,190
01/15/2021,EWB,MA,ANE,EN,Federal Contract Tower,0,3,5,0,8,0,3,33,0,36,0,6,38,0,44,26,0,26,70
01/16/2021,EWB,MA,ANE,EN,Federal Contract Tower,0,0,4,0,4,0,0,2,2,4,0,0,6,2,8,0,0,0,8
01/17/2021,EWB,MA,ANE,EN,Federal Contract Tower,0,2,6,0,8,0,2,4,0,6,0,4,10,0,14,0,0,0,14
01/18/2021,EWB,MA,ANE,EN,Federal Contract Tower,0,10,0,0,10,0,0,0,0,0,0,10,0,0,10,14,0,14,24
01/19/2021,EWB,MA,ANE,EN,Federal Contract Tower,0,13,11,0,24,0,6,66,2,74,0,19,77,2,98,88,6,94,192
01/20/2021,EWB,MA,ANE,EN,Federal Contract Tower,0,2,8,0,10,0,2,11,2,15,0,4,19,2,25,16,2,18,43
01/21/2021,EWB,MA,ANE,EN,Federal Contract Tower,0,0,2,0,2,0,2,26,0,28,0,2,28,0,30,46,0,46,76
01/22/2021,EWB,MA,ANE,EN,Federal Contract Tower,0,10,4,0,14,0,10,88,0,98,0,20,92,0,112,120,14,134,246
01/23/2021,EWB,MA,ANE,EN,Federal Contract Tower,0,2,9,0,11,0,0,24,0,24,0,2,33,0,35,78,0,78,113
01/24/2021,EWB,MA,ANE,EN,Federal Contract Tower,0,0,2,0,2,0,0,12,0,12,0,0,14,0,14,4,0,4,18
01/25/2021,EWB,MA,ANE,EN,Federal Contract Tower,0,3,13,1,17,0,4,69,0,73,0,7,82,1,90,146,2,148,238
01/26/2021,EWB,MA,ANE,EN,Federal Contract Tower,0,1,10,3,14,0,2,27,0,29,0,3,37,3,43,54,4,58,101
01/27/2021,EWB,MA,ANE,EN,Federal Contract Tower,0,4,0,0,4,0,0,0,0,0,0,4,0,0,4,0,0,0,4
01/28/2021,EWB,MA,ANE,EN,Federal Contract Tower,0,3,0,0,3,0,0,0,0,0,0,3,0,0,3,0,0,0,3
01/29/2021,EWB,MA,ANE,EN,Federal Contract Tower,0,2,1,0,3,0,13,5,0,18,0,15,6,0,21,24,0,24,45
01/30/2021,EWB,MA,ANE,EN,Federal Contract Tower,0,0,9,0,9,0,0,79,0,79,0,0,88,0,88,180,0,180,268
01/31/2021,EWB,MA,ANE,EN,Federal Contract Tower,0,2,11,0,13,0,0,118,0,118,0,2,129,0,131,158,0,158,289
02/01/2021,EWB,MA,ANE,EN,Federal Contract Tower,0,1,1,0,2,0,1,0,0,1,0,2,1,0,3,0,0,0,3
02/02/2021,EWB,MA,ANE,EN,Federal Contract Tower,0,6,0,0,6,0,0,0,0,0,0,6,0,0,6,0,0,0,6
02/03/2021,EWB,MA,ANE,EN,Federal Contract Tower,0,1,4,0,5,0,0,0,0,0,0,1,4,0,5,46,0,46,51
02/04/2021,EWB,MA,ANE,EN,Federal Contract Tower,0,6,18,0,24,0,1,119,0,120,0,7,137,0,144,194,0,194,338
02/05/2021,EWB,MA,ANE,EN,Federal Contract Tower,0,6,4,0,10,0,3,25,0,28,0,9,29,0,38,34,0,34,72
02/06/2021,EWB,MA,ANE,EN,Federal Contract Tower,0,0,9,0,9,0,0,54,0,54,0,0,63,0,63,34,10,44,107
02/07/2021,EWB,MA,ANE,EN,Federal Contract Tower,0,1,0,0,1,0,0,1,0,1,0,1,1,0,2,0,0,0,2
02/08/2021,EWB,MA,ANE,EN,Federal Contract Tower,0,2,14,0,16,0,3,29,0,32,0,5,43,0,48,28,0,28,76
02/09/2021,EWB,MA,ANE,EN,Federal Contract Tower,0,2,1,0,3,0,1,2,0,3,0,3,3,0,6,0,0,0,6
02/10/2021,EWB,MA,ANE,EN,Federal Contract Tower,0,3,21,0,24,0,3,81,0,84,0,6,102,0,108,84,2,86,194
02/11/2021,EWB,MA,ANE,EN,Federal Contract Tower,0,2,16,0,18,0,5,70,1,76,0,7,86,1,94,132,2,134,228
02/12/2021,EWB,MA,ANE,EN,Federal Contract Tower,0,0,8,0,8,0,3,103,0,106,0,3,111,0,114,136,0,136,250
02/13/2021,EWB,MA,ANE,EN,Federal Contract Tower,0,0,19,0,19,0,0,87,8,95,0,0,106,8,114,154,0,154,268
02/14/2021,EWB,MA,ANE,EN,Federal Contract Tower,0,0,1,0,1,0,4,6,0,10,0,4,7,0,11,0,0,0,11
02/15/2021,EWB,MA,ANE,EN,Federal Contract Tower,0,1,0,0,1,0,1,0,0,1,0,2,0,0,2,0,0,0,2
02/16/2021,EWB,MA,ANE,EN,Federal Contract Tower,0,2,1,0,3,0,2,0,0,2,0,4,1,0,5,0,0,0,5
02/17/2021,EWB,MA,ANE,EN,Federal Contract Tower,0,0,24,0,24,0,1,105,0,106,0,1,129,0,130,156,0,156,286
02/18/2021,EWB,MA,ANE,EN,Federal Contract Tower,0,0,6,0,6,0,1,20,0,21,0,1,26,0,27,42,0,42,69
02/19/2021,EWB,MA,ANE,EN,Federal Contract Tower,0,0,0,0,0,0,0,0,0,0,0,0,0,0,0,0,0,0,0
02/20/2021,EWB,MA,ANE,EN,Federal Contract Tower,0,2,6,0,8,0,0,21,0,21,0,2,27,0,29,72,0,72,101
02/21/2021,EWB,MA,ANE,EN,Federal Contract Tower,0,1,30,0,31,0,0,132,0,132,0,1,162,0,163,132,0,132,295
02/22/2021,EWB,MA,ANE,EN,Federal Contract Tower,0,1,0,0,1,0,3,13,0,16,0,4,13,0,17,38,0,38,55
02/23/2021,EWB,MA,ANE,EN,Federal Contract Tower,0,0,8,0,8,0,2,54,0,56,0,2,62,0,64,126,0,126,190
02/24/2021,EWB,MA,ANE,EN,Federal Contract Tower,0,3,14,0,17,0,11,69,0,80,0,14,83,0,97,58,6,64,161
02/25/2021,EWB,MA,ANE,EN,Federal Contract Tower,0,1,6,2,9,0,3,14,2,19,0,4,20,4,28,14,18,32,60
02/26/2021,EWB,MA,ANE,EN,Federal Contract Tower,0,2,27,2,31,0,8,116,2,126,0,10,143,4,157,216,8,224,381
02/27/2021,EWB,MA,ANE,EN,Federal Contract Tower,0,4,6,0,10,0,0,0,0,0,0,4,6,0,10,0,0,0,10
02/28/2021,EWB,MA,ANE,EN,Federal Contract Tower,0,0,16,0,16,0,1,68,0,69,0,1,84,0,85,156,0,156,241
03/01/2021,EWB,MA,ANE,EN,Federal Contract Tower,0,7,2,0,9,0,1,2,0,3,0,8,4,0,12,12,0,12,24
03/02/2021,EWB,MA,ANE,EN,Federal Contract Tower,0,1,1,0,2,0,2,0,0,2,0,3,1,0,4,0,0,0,4
03/03/2021,EWB,MA,ANE,EN,Federal Contract Tower,0,1,23,0,24,0,19,117,0,136,0,20,140,0,160,168,0,168,328
03/04/2021,EWB,MA,ANE,EN,Federal Contract Tower,0,9,6,0,15,0,6,51,0,57,0,15,57,0,72,114,2,116,188
03/05/2021,EWB,MA,ANE,EN,Federal Contract Tower,0,1,15,0,16,0,2,55,0,57,0,3,70,0,73,132,0,132,205
03/06/2021,EWB,MA,ANE,EN,Federal Contract Tower,0,1,13,0,14,0,2,61,0,63,0,3,74,0,77,92,0,92,169
03/07/2021,EWB,MA,ANE,EN,Federal Contract Tower,0,7,14,0,21,0,0,67,0,67,0,7,81,0,88,115,4,119,207
03/08/2021,EWB,MA,ANE,EN,Federal Contract Tower,0,4,12,0,16,0,4,65,0,69,0,8,77,0,85,90,0,90,175
03/09/2021,EWB,MA,ANE,EN,Federal Contract Tower,0,1,11,0,12,0,2,71,5,78,0,3,82,5,90,114,0,114,204
03/10/2021,EWB,MA,ANE,EN,Federal Contract Tower,0,0,21,2,23,0,2,58,4,64,0,2,79,6,87,98,22,120,207
03/11/2021,EWB,MA,ANE,EN,Federal Contract Tower,0,1,0,0,1,0,2,30,0,32,0,3,30,0,33,42,0,42,75
03/12/2021,EWB,MA,ANE,EN,Federal Contract Tower,0,6,8,0,14,0,18,22,0,40,0,24,30,0,54,10,0,10,64
03/13/2021,EWB,MA,ANE,EN,Federal Contract Tower,0,0,13,0,13,0,2,32,0,34,0,2,45,0,47,40,0,40,87
03/14/2021,EWB,MA,ANE,EN,Federal Contract Tower,0,0,6,0,6,0,18,0,0,18,0,18,6,0,24,36,0,36,60
03/15/2021,EWB,MA,ANE,EN,Federal Contract Tower,0,0,10,0,10,0,2,2,0,4,0,2,12,0,14,0,0,0,14
03/16/2021,EWB,MA,ANE,EN,Federal Contract Tower,0,10,11,0,21,0,5,95,0,100,0,15,106,0,121,180,6,186,307
03/17/2021,EWB,MA,ANE,EN,Federal Contract Tower,0,0,14,0,14,0,2,67,0,69,0,2,81,0,83,202,0,202,285
03/18/2021,EWB,MA,ANE,EN,Federal Contract Tower,0,5,16,0,21,0,0,0,0,0,0,5,16,0,21,2,0,2,23
03/19/2021,EWB,MA,ANE,EN,Federal Contract Tower,0,10,7,0,17,0,5,6,0,11,0,15,13,0,28,26,0,26,54
03/20/2021,EWB,MA,ANE,EN,Federal Contract Tower,0,5,24,0,29,0,3,111,2,116,0,8,135,2,145,152,0,152,297
03/21/2021,EWB,MA,ANE,EN,Federal Contract Tower,0,0,30,0,30,0,0,109,0,109,0,0,139,0,139,168,20,188,327
03/22/2021,EWB,MA,ANE,EN,Federal Contract Tower,0,5,12,0,17,0,2,95,0,97,0,7,107,0,114,162,0,162,276
03/23/2021,EWB,MA,ANE,EN,Federal Contract Tower,0,5,18,0,23,0,4,86,0,90,0,9,104,0,113,140,0,140,253
03/24/2021,EWB,MA,ANE,EN,Federal Contract Tower,0,3,10,0,13,0,3,87,0,90,0,6,97,0,103,168,22,190,293
03/25/2021,EWB,MA,ANE,EN,Federal Contract Tower,0,3,9,0,12,0,0,2,0,2,0,3,11,0,14,8,0,8,22
03/26/2021,EWB,MA,ANE,EN,Federal Contract Tower,0,2,2,0,4,0,0,0,0,0,0,2,2,0,4,0,0,0,4
03/27/2021,EWB,MA,ANE,EN,Federal Contract Tower,0,2,11,0,13,0,1,110,0,111,0,3,121,0,124,156,0,156,280
03/28/2021,EWB,MA,ANE,EN,Federal Contract Tower,0,3,1,0,4,0,0,1,0,1,0,3,2,0,5,0,0,0,5
03/29/2021,EWB,MA,ANE,EN,Federal Contract Tower,0,0,4,0,4,0,1,5,0,6,0,1,9,0,10,6,2,8,18
03/30/2021,EWB,MA,ANE,EN,Federal Contract Tower,0,2,27,1,30,0,3,102,2,107,0,5,129,3,137,218,6,224,361
03/31/2021,EWB,MA,ANE,EN,Federal Contract Tower,0,1,4,0,5,0,6,55,1,62,0,7,59,1,67,70,2,72,139
04/01/2021,EWB,MA,ANE,EN,Federal Contract Tower,0,7,3,2,12,0,1,3,0,4,0,8,6,2,16,32,0,32,48
04/02/2021,EWB,MA,ANE,EN,Federal Contract Tower,0,0,18,2,20,0,4,91,0,95,0,4,109,2,115,172,4,176,291
04/03/2021,EWB,MA,ANE,EN,Federal Contract Tower,0,2,9,0,11,0,1,66,0,67,0,3,75,0,78,88,0,88,166
04/04/2021,EWB,MA,ANE,EN,Federal Contract Tower,0,3,3,0,6,0,0,19,0,19,0,3,22,0,25,38,0,38,63
04/05/2021,EWB,MA,ANE,EN,Federal Contract Tower,0,2,8,0,10,0,6,30,0,36,0,8,38,0,46,26,0,26,72
04/06/2021,EWB,MA,ANE,EN,Federal Contract Tower,0,15,20,2,37,0,10,108,0,118,0,25,128,2,155,180,2,182,337
04/07/2021,EWB,MA,ANE,EN,Federal Contract Tower,0,2,26,2,30,0,3,66,0,69,0,5,92,2,99,158,2,160,259
04/08/2021,EWB,MA,ANE,EN,Federal Contract Tower,0,1,29,0,30,0,2,59,2,63,0,3,88,2,93,92,0,92,185
04/09/2021,EWB,MA,ANE,EN,Federal Contract Tower,0,3,30,0,33,0,9,95,0,104,0,12,125,0,137,136,12,148,285
04/10/2021,EWB,MA,ANE,EN,Federal Contract Tower,0,4,29,0,33,0,14,73,0,87,0,18,102,0,120,126,8,134,254
04/11/2021,EWB,MA,ANE,EN,Federal Contract Tower,0,9,7,0,16,0,0,0,0,0,0,9,7,0,16,0,0,0,16
04/12/2021,EWB,MA,ANE,EN,Federal Contract Tower,0,1,11,0,12,0,0,6,0,6,0,1,17,0,18,26,0,26,44
04/13/2021,EWB,MA,ANE,EN,Federal Contract Tower,0,2,15,4,21,0,2,56,0,58,0,4,71,4,79,36,4,40,119
04/14/2021,EWB,MA,ANE,EN,Federal Contract Tower,0,2,15,0,17,0,7,113,1,121,0,9,128,1,138,202,4,206,344
04/15/2021,EWB,MA,ANE,EN,Federal Contract Tower,0,0,14,0,14,0,3,35,0,38,0,3,49,0,52,64,0,64,116
04/16/2021,EWB,MA,ANE,EN,Federal Contract Tower,0,6,1,0,7,0,0,0,0,0,0,6,1,0,7,0,0,0,7
04/17/2021,EWB,MA,ANE,EN,Federal Contract Tower,0,2,5,0,7,0,0,6,0,6,0,2,11,0,13,16,0,16,29
04/18/2021,EWB,MA,ANE,EN,Federal Contract Tower,0,0,22,0,22,0,0,68,0,68,0,0,90,0,90,156,0,156,246
04/19/2021,EWB,MA,ANE,EN,Federal Contract Tower,0,0,12,0,12,0,2,42,0,44,0,2,54,0,56,52,0,52,108
04/20/2021,EWB,MA,ANE,EN,Federal Contract Tower,0,3,15,0,18,0,3,71,2,76,0,6,86,2,94,104,0,104,198
04/21/2021,EWB,MA,ANE,EN,Federal Contract Tower,0,7,2,0,9,0,6,22,0,28,0,13,24,0,37,46,30,76,113
04/22/2021,EWB,MA,ANE,EN,Federal Contract Tower,0,0,0,0,0,0,3,4,2,9,0,3,4,2,9,2,10,12,21
04/23/2021,EWB,MA,ANE,EN,Federal Contract Tower,0,0,7,0,7,0,0,23,0,23,0,0,30,0,30,8,0,8,38
04/24/2021,EWB,MA,ANE,EN,Federal Contract Tower,0,0,19,0,19,0,4,105,0,109,0,4,124,0,128,112,0,112,240
04/26/2021,EWB,MA,ANE,EN,Federal Contract Tower,0,4,4,0,8,0,3,23,2,28,0,7,27,2,36,40,0,40,76
04/27/2021,EWB,MA,ANE,EN,Federal Contract Tower,0,4,13,0,17,0,8,107,3,118,0,12,120,3,135,158,12,170,305
04/28/2021,EWB,MA,ANE,EN,Federal Contract Tower,0,0,14,0,14,0,2,92,0,94,0,2,106,0,108,160,16,176,284
04/29/2021,EWB,MA,ANE,EN,Federal Contract Tower,0,19,27,0,46,0,0,0,0,0,0,19,27,0,46,0,0,0,46
04/30/2021,EWB,MA,ANE,EN,Federal Contract Tower,0,1,5,0,6,0,7,9,4,20,0,8,14,4,26,2,12,14,40
05/01/2021,EWB,MA,ANE,EN,Federal Contract Tower,0,6,10,0,16,0,2,46,0,48,0,8,56,0,64,32,4,36,100
05/02/2021,EWB,MA,ANE,EN,Federal Contract Tower,0,6,7,0,13,0,6,77,0,83,0,12,84,0,96,126,0,126,222
05/03/2021,EWB,MA,ANE,EN,Federal Contract Tower,0,5,20,0,25,0,3,84,0,87,0,8,104,0,112,138,0,138,250
05/04/2021,EWB,MA,ANE,EN,Federal Contract Tower,0,8,20,0,28,0,0,0,0,0,0,8,20,0,28,14,0,14,42
05/05/2021,EWB,MA,ANE,EN,Federal Contract Tower,0,7,6,2,15,0,0,0,0,0,0,7,6,2,15,6,2,8,23
05/06/2021,EWB,MA,ANE,EN,Federal Contract Tower,0,2,14,0,16,0,3,82,8,93,0,5,96,8,109,154,20,174,283
05/07/2021,EWB,MA,ANE,EN,Federal Contract Tower,0,2,15,0,17,0,5,98,0,103,0,7,113,0,120,168,0,168,288
05/08/2021,EWB,MA,ANE,EN,Federal Contract Tower,0,6,25,0,31,0,2,76,0,78,0,8,101,0,109,122,0,122,231
05/09/2021,EWB,MA,ANE,EN,Federal Contract Tower,0,0,10,0,10,0,5,51,0,56,0,5,61,0,66,78,0,78,144
05/10/2021,EWB,MA,ANE,EN,Federal Contract Tower,0,8,11,0,19,0,1,14,0,15,0,9,25,0,34,10,0,10,44
05/11/2021,EWB,MA,ANE,EN,Federal Contract Tower,0,1,6,0,7,0,8,43,2,53,0,9,49,2,60,74,2,76,136
05/12/2021,EWB,MA,ANE,EN,Federal Contract Tower,0,0,24,0,24,0,5,112,0,117,0,5,136,0,141,164,0,164,305
05/13/2021,EWB,MA,ANE,EN,Federal Contract Tower,0,4,21,0,25,0,7,132,0,139,0,11,153,0,164,210,0,210,374
05/14/2021,EWB,MA,ANE,EN,Federal Contract Tower,0,3,30,0,33,0,4,88,0,92,0,7,118,0,125,162,2,164,289
05/15/2021,EWB,MA,ANE,EN,Federal Contract Tower,0,5,13,0,18,0,3,56,4,63,0,8,69,4,81,66,0,66,147
05/16/2021,EWB,MA,ANE,EN,Federal Contract Tower,0,2,7,0,9,0,0,52,2,54,0,2,59,2,63,58,14,72,135
05/17/2021,EWB,MA,ANE,EN,Federal Contract Tower,0,6,13,0,19,0,6,38,4,48,0,12,51,4,67,46,12,58,125
05/18/2021,EWB,MA,ANE,EN,Federal Contract Tower,0,4,24,0,28,0,4,48,0,52,0,8,72,0,80,126,4,130,210
05/19/2021,EWB,MA,ANE,EN,Federal Contract Tower,0,0,15,0,15,0,4,56,0,60,0,4,71,0,75,50,6,56,131
05/20/2021,EWB,MA,ANE,EN,Federal Contract Tower,0,8,29,0,37,0,4,111,2,117,0,12,140,2,154,224,4,228,382
05/21/2021,EWB,MA,ANE,EN,Federal Contract Tower,0,17,18,0,35,0,6,100,2,108,0,23,118,2,143,166,10,176,319
05/22/2021,EWB,MA,ANE,EN,Federal Contract Tower,0,5,10,0,15,0,6,60,0,66,0,11,70,0,81,132,14,146,227
05/23/2021,EWB,MA,ANE,EN,Federal Contract Tower,0,1,10,0,11,0,6,76,7,89,0,7,86,7,100,76,8,84,184
05/24/2021,EWB,MA,ANE,EN,Federal Contract Tower,0,5,28,0,33,0,14,67,4,85,0,19,95,4,118,156,12,168,286
05/25/2021,EWB,MA,ANE,EN,Federal Contract Tower,0,6,11,0,17,0,9,53,0,62,0,15,64,0,79,78,0,78,157
05/26/2021,EWB,MA,ANE,EN,Federal Contract Tower,0,19,25,0,44,0,0,64,0,64,0,19,89,0,108,72,0,72,180
05/27/2021,EWB,MA,ANE,EN,Federal Contract Tower,0,8,21,0,29,0,15,78,0,93,0,23,99,0,122,164,6,170,292
05/28/2021,EWB,MA,ANE,EN,Federal Contract Tower,0,12,18,0,30,0,9,59,0,68,0,21,77,0,98,96,0,96,194
05/29/2021,EWB,MA,ANE,EN,Federal Contract Tower,0,5,1,0,6,0,0,0,0,0,0,5,1,0,6,0,0,0,6
05/30/2021,EWB,MA,ANE,EN,Federal Contract Tower,0,5,9,0,14,0,0,0,0,0,0,5,9,0,14,0,0,0,14
05/31/2021,EWB,MA,ANE,EN,Federal Contract Tower,0,13,13,0,26,0,2,5,0,7,0,15,18,0,33,6,0,6,39
06/01/2021,EWB,MA,ANE,EN,Federal Contract Tower,0,6,4,0,10,0,19,78,0,97,0,25,82,0,107,92,0,92,199
06/02/2021,EWB,MA,ANE,EN,Federal Contract Tower,0,4,25,0,29,0,5,101,0,106,0,9,126,0,135,176,2,178,313
06/03/2021,EWB,MA,ANE,EN,Federal Contract Tower,0,14,18,0,32,0,0,0,0,0,0,14,18,0,32,0,0,0,32
06/04/2021,EWB,MA,ANE,EN,Federal Contract Tower,0,22,12,0,34,0,0,0,0,0,0,22,12,0,34,6,0,6,40
06/05/2021,EWB,MA,ANE,EN,Federal Contract Tower,0,4,17,0,21,0,4,61,0,65,0,8,78,0,86,36,0,36,122
06/06/2021,EWB,MA,ANE,EN,Federal Contract Tower,0,6,7,0,13,0,16,75,0,91,0,22,82,0,104,64,0,64,168
06/07/2021,EWB,MA,ANE,EN,Federal Contract Tower,0,2,8,0,10,0,8,50,0,58,0,10,58,0,68,72,0,72,140
06/08/2021,EWB,MA,ANE,EN,Federal Contract Tower,0,9,12,0,21,0,7,64,0,71,0,16,76,0,92,146,0,146,238
06/09/2021,EWB,MA,ANE,EN,Federal Contract Tower,0,9,25,0,34,0,0,62,2,64,0,9,87,2,98,104,2,106,204
06/10/2021,EWB,MA,ANE,EN,Federal Contract Tower,0,2,37,1,40,0,10,117,5,132,0,12,154,6,172,124,0,124,296
06/11/2021,EWB,MA,ANE,EN,Federal Contract Tower,0,8,17,0,25,0,26,104,0,130,0,34,121,0,155,152,0,152,307
06/12/2021,EWB,MA,ANE,EN,Federal Contract Tower,0,11,12,0,23,0,1,33,0,34,0,12,45,0,57,24,0,24,81
06/13/2021,EWB,MA,ANE,EN,Federal Contract Tower,0,8,23,0,31,0,8,66,0,74,0,16,89,0,105,102,2,104,209
06/14/2021,EWB,MA,ANE,EN,Federal Contract Tower,0,10,4,0,14,0,6,2,0,8,0,16,6,0,22,6,0,6,28
06/15/2021,EWB,MA,ANE,EN,Federal Contract Tower,0,6,6,0,12,0,2,12,0,14,0,8,18,0,26,0,2,2,28
06/16/2021,EWB,MA,ANE,EN,Federal Contract Tower,0,15,8,0,23,0,7,98,0,105,0,22,106,0,128,188,6,194,322
06/17/2021,EWB,MA,ANE,EN,Federal Contract Tower,0,6,27,0,33,0,9,100,0,109,0,15,127,0,142,156,0,156,298
06/18/2021,EWB,MA,ANE,EN,Federal Contract Tower,0,5,10,0,15,0,13,46,0,59,0,18,56,0,74,38,0,38,112
06/19/2021,EWB,MA,ANE,EN,Federal Contract Tower,0,9,10,0,19,0,7,32,2,41,0,16,42,2,60,56,4,60,120
06/20/2021,EWB,MA,ANE,EN,Federal Contract Tower,0,8,9,0,17,0,15,84,5,104,0,23,93,5,121,118,0,118,239
06/21/2021,EWB,MA,ANE,EN,Federal Contract Tower,0,15,7,0,22,0,0,0,0,0,0,15,7,0,22,0,0,0,22
06/22/2021,EWB,MA,ANE,EN,Federal Contract Tower,0,10,14,0,24,0,5,10,0,15,0,15,24,0,39,12,0,12,51
06/23/2021,EWB,MA,ANE,EN,Federal Contract Tower,0,16,19,0,35,0,19,113,3,135,0,35,132,3,170,126,4,130,300
06/24/2021,EWB,MA,ANE,EN,Federal Contract Tower,0,9,26,0,35,0,8,94,0,102,0,17,120,0,137,168,4,172,309
06/25/2021,EWB,MA,ANE,EN,Federal Contract Tower,0,24,20,0,44,0,12,4,0,16,0,36,24,0,60,4,0,4,64
06/26/2021,EWB,MA,ANE,EN,Federal Contract Tower,0,13,16,0,29,0,0,1,0,1,0,13,17,0,30,0,0,0,30
06/27/2021,EWB,MA,ANE,EN,Federal Contract Tower,0,10,26,0,36,0,2,9,0,11,0,12,35,0,47,8,0,8,55
06/28/2021,EWB,MA,ANE,EN,Federal Contract Tower,0,9,23,0,32,0,8,63,1,72,0,17,86,1,104,64,0,64,168
06/29/2021,EWB,MA,ANE,EN,Federal Contract Tower,0,11,15,0,26,0,12,97,0,109,0,23,112,0,135,98,2,100,235
06/30/2021,EWB,MA,ANE,EN,Federal Contract Tower,0,8,26,2,36,0,15,114,10,139,0,23,140,12,175,124,2,126,301
07/01/2021,EWB,MA,ANE,EN,Federal Contract Tower,0,12,13,0,25,0,10,27,0,37,0,22,40,0,62,52,0,52,114
07/02/2021,EWB,MA,ANE,EN,Federal Contract Tower,0,25,17,0,42,0,0,0,0,0,0,25,17,0,42,6,0,6,48
07/03/2021,EWB,MA,ANE,EN,Federal Contract Tower,0,21,11,0,32,0,0,0,0,0,0,21,11,0,32,0,0,0,32
07/04/2021,EWB,MA,ANE,EN,Federal Contract Tower,0,9,14,0,23,0,5,4,0,9,0,14,18,0,32,2,0,2,34
07/05/2021,EWB,MA,ANE,EN,Federal Contract Tower,0,9,17,0,26,0,6,42,0,48,0,15,59,0,74,44,0,44,118
07/06/2021,EWB,MA,ANE,EN,Federal Contract Tower,0,12,15,0,27,0,8,33,0,41,0,20,48,0,68,22,0,22,90
07/07/2021,EWB,MA,ANE,EN,Federal Contract Tower,0,9,28,1,38,0,4,75,0,79,0,13,103,1,117,160,0,160,277
07/08/2021,EWB,MA,ANE,EN,Federal Contract Tower,0,17,22,0,39,0,1,11,0,12,0,18,33,0,51,20,0,20,71
07/09/2021,EWB,MA,ANE,EN,Federal Contract Tower,0,5,6,0,11,0,2,2,0,4,0,7,8,0,15,0,0,0,15
07/10/2021,EWB,MA,ANE,EN,Federal Contract Tower,0,14,23,0,37,0,0,9,0,9,0,14,32,0,46,20,0,20,66
07/11/2021,EWB,MA,ANE,EN,Federal Contract Tower,0,14,20,0,34,0,11,67,0,78,0,25,87,0,112,68,0,68,180
07/12/2021,EWB,MA,ANE,EN,Federal Contract Tower,0,28,10,0,38,0,2,5,0,7,0,30,15,0,45,2,0,2,47
07/13/2021,EWB,MA,ANE,EN,Federal Contract Tower,0,21,18,0,39,0,0,0,0,0,0,21,18,0,39,2,0,2,41
07/14/2021,EWB,MA,ANE,EN,Federal Contract Tower,0,14,8,0,22,0,1,7,0,8,0,15,15,0,30,20,0,20,50
07/15/2021,EWB,MA,ANE,EN,Federal Contract Tower,0,19,28,0,47,0,21,98,0,119,0,40,126,0,166,176,0,176,342
07/16/2021,EWB,MA,ANE,EN,Federal Contract Tower,0,19,41,0,60,0,12,86,2,100,0,31,127,2,160,200,0,200,360
07/17/2021,EWB,MA,ANE,EN,Federal Contract Tower,0,15,31,0,46,0,8,16,0,24,0,23,47,0,70,18,0,18,88
07/18/2021,EWB,MA,ANE,EN,Federal Contract Tower,0,12,12,0,24,0,3,7,0,10,0,15,19,0,34,22,0,22,56
07/19/2021,EWB,MA,ANE,EN,Federal Contract Tower,0,9,16,0,25,0,8,0,0,8,0,17,16,0,33,8,0,8,41
07/20/2021,EWB,MA,ANE,EN,Federal Contract Tower,0,13,24,0,37,0,7,117,0,124,0,20,141,0,161,158,2,160,321
07/21/2021,EWB,MA,ANE,EN,Federal Contract Tower,0,19,12,0,31,0,13,53,0,66,0,32,65,0,97,94,0,94,191
07/22/2021,EWB,MA,ANE,EN,Federal Contract Tower,0,10,36,1,47,0,18,121,0,139,0,28,157,1,186,148,0,148,334
07/23/2021,EWB,MA,ANE,EN,Federal Contract Tower,0,11,14,0,25,0,22,80,0,102,0,33,94,0,127,128,0,128,255
07/24/2021,EWB,MA,ANE,EN,Federal Contract Tower,0,5,19,0,24,0,13,77,0,90,0,18,96,0,114,72,0,72,186
07/25/2021,EWB,MA,ANE,EN,Federal Contract Tower,0,16,13,0,29,0,9,10,0,19,0,25,23,0,48,10,0,10,58
07/26/2021,EWB,MA,ANE,EN,Federal Contract Tower,0,17,15,0,32,0,9,69,0,78,0,26,84,0,110,152,0,152,262
07/27/2021,EWB,MA,ANE,EN,Federal Contract Tower,0,11,23,0,34,0,7,95,0,102,0,18,118,0,136,148,0,148,284
07/28/2021,EWB,MA,ANE,EN,Federal Contract Tower,0,20,29,0,49,0,2,33,0,35,0,22,62,0,84,40,2,42,126
07/29/2021,EWB,MA,ANE,EN,Federal Contract Tower,0,11,21,0,32,0,6,69,0,75,0,17,90,0,107,118,4,122,229
07/30/2021,EWB,MA,ANE,EN,Federal Contract Tower,0,9,8,0,17,0,12,43,1,56,0,21,51,1,73,48,0,48,121
08/01/2021,EWB,MA,ANE,EN,Federal Contract Tower,0,11,25,0,36,0,11,83,0,94,0,22,108,0,130,64,0,64,194
08/02/2021,EWB,MA,ANE,EN,Federal Contract Tower,0,10,12,0,22,0,9,34,0,43,0,19,46,0,65,46,0,46,111
08/03/2021,EWB,MA,ANE,EN,Federal Contract Tower,0,11,10,0,21,0,16,105,2,123,0,27,115,2,144,122,8,130,274
08/04/2021,EWB,MA,ANE,EN,Federal Contract Tower,0,12,12,1,25,0,5,25,0,30,0,17,37,1,55,16,2,18,73
08/05/2021,EWB,MA,ANE,EN,Federal Contract Tower,0,17,8,0,25,0,0,0,0,0,0,17,8,0,25,0,0,0,25
08/06/2021,EWB,MA,ANE,EN,Federal Contract Tower,0,7,26,0,33,0,16,74,0,90,0,23,100,0,123,104,0,104,227
08/07/2021,EWB,MA,ANE,EN,Federal Contract Tower,0,10,14,0,24,0,7,62,0,69,0,17,76,0,93,44,0,44,137
08/08/2021,EWB,MA,ANE,EN,Federal Contract Tower,0,7,16,0,23,0,13,75,0,88,0,20,91,0,111,78,0,78,189
08/09/2021,EWB,MA,ANE,EN,Federal Contract Tower,0,9,22,0,31,0,2,1,0,3,0,11,23,0,34,0,2,2,36
08/10/2021,EWB,MA,ANE,EN,Federal Contract Tower,0,15,20,0,35,0,8,34,0,42,0,23,54,0,77,84,0,84,161
08/11/2021,EWB,MA,ANE,EN,Federal Contract Tower,0,20,25,0,45,0,6,86,0,92,0,26,111,0,137,162,2,164,301
08/12/2021,EWB,MA,ANE,EN,Federal Contract Tower,0,18,9,0,27,0,16,78,2,96,0,34,87,2,123,112,0,112,235
08/13/2021,EWB,MA,ANE,EN,Federal Contract Tower,0,11,8,0,19,0,22,64,0,86,0,33,72,0,105,180,0,180,285
08/14/2021,EWB,MA,ANE,EN,Federal Contract Tower,0,11,9,0,20,0,8,17,0,25,0,19,26,0,45,16,0,16,61
08/15/2021,EWB,MA,ANE,EN,Federal Contract Tower,0,16,21,0,37,0,8,120,0,128,0,24,141,0,165,194,0,194,359
08/16/2021,EWB,MA,ANE,EN,Federal Contract Tower,0,3,19,0,22,0,10,76,1,87,0,13,95,1,109,124,0,124,233
08/17/2021,EWB,MA,ANE,EN,Federal Contract Tower,0,10,11,0,21,0,9,116,0,125,0,19,127,0,146,174,0,174,320
08/18/2021,EWB,MA,ANE,EN,Federal Contract Tower,0,8,20,0,28,0,13,118,0,131,0,21,138,0,159,252,0,252,411
08/19/2021,EWB,MA,ANE,EN,Federal Contract Tower,0,15,16,0,31,0,0,0,0,0,0,15,16,0,31,0,0,0,31
08/20/2021,EWB,MA,ANE,EN,Federal Contract Tower,0,6,23,0,29,0,0,0,0,0,0,6,23,0,29,30,0,30,59
08/21/2021,EWB,MA,ANE,EN,Federal Contract Tower,0,4,21,0,25,0,12,41,2,55,0,16,62,2,80,46,0,46,126
08/23/2021,EWB,MA,ANE,EN,Federal Contract Tower,0,9,15,0,24,0,3,11,0,14,0,12,26,0,38,42,0,42,80
08/24/2021,EWB,MA,ANE,EN,Federal Contract Tower,0,7,27,1,35,0,6,75,0,81,0,13,102,1,116,104,0,104,220
08/25/2021,EWB,MA,ANE,EN,Federal Contract Tower,0,9,20,1,30,0,7,106,5,118,0,16,126,6,148,226,4,230,378
08/26/2021,EWB,MA,ANE,EN,Federal Contract Tower,0,12,12,0,24,0,8,100,0,108,0,20,112,0,132,164,0,164,296
08/27/2021,EWB,MA,ANE,EN,Federal Contract Tower,0,12,18,0,30,0,14,87,0,101,0,26,105,0,131,122,0,122,253
08/28/2021,EWB,MA,ANE,EN,Federal Contract Tower,0,7,17,0,24,0,9,104,0,113,0,16,121,0,137,114,0,114,251
08/29/2021,EWB,MA,ANE,EN,Federal Contract Tower,0,14,22,0,36,0,9,55,0,64,0,23,77,0,100,60,0,60,160
08/30/2021,EWB,MA,ANE,EN,Federal Contract Tower,0,7,15,0,22,0,8,11,0,19,0,15,26,0,41,18,0,18,59
08/31/2021,EWB,MA,ANE,EN,Federal Contract Tower,0,10,13,6,29,0,7,65,0,72,0,17,78,6,101,86,10,96,197
09/01/2021,EWB,MA,ANE,EN,Federal Contract Tower,0,8,7,0,15,0,5,22,0,27,0,13,29,0,42,16,4,20,62
09/02/2021,EWB,MA,ANE,EN,Federal Contract Tower,0,13,14,0,27,0,3,31,0,34,0,16,45,0,61,30,0,30,91
09/04/2021,EWB,MA,ANE,EN,Federal Contract Tower,0,3,6,0,9,0,7,114,0,121,0,10,120,0,130,84,0,84,214
09/05/2021,EWB,MA,ANE,EN,Federal Contract Tower,0,8,16,0,24,0,10,89,0,99,0,18,105,0,123,116,0,116,239
09/06/2021,EWB,MA,ANE,EN,Federal Contract Tower,0,11,14,0,25,0,6,30,0,36,0,17,44,0,61,20,0,20,81
09/07/2021,EWB,MA,ANE,EN,Federal Contract Tower,0,14,9,0,23,0,11,103,0,114,0,25,112,0,137,218,0,218,355
09/08/2021,EWB,MA,ANE,EN,Federal Contract Tower,0,5,17,2,24,0,9,82,0,91,0,14,99,2,115,90,2,92,207
09/09/2021,EWB,MA,ANE,EN,Federal Contract Tower,0,16,6,0,22,0,0,0,0,0,0,16,6,0,22,0,0,0,22
09/10/2021,EWB,MA,ANE,EN,Federal Contract Tower,0,6,18,0,24,0,32,119,0,151,0,38,137,0,175,184,2,186,361
09/11/2021,EWB,MA,ANE,EN,Federal Contract Tower,0,5,8,0,13,0,16,102,4,122,0,21,110,4,135,176,0,176,311
09/12/2021,EWB,MA,ANE,EN,Federal Contract Tower,0,7,10,0,17,0,11,48,0,59,0,18,58,0,76,58,0,58,134
09/13/2021,EWB,MA,ANE,EN,Federal Contract Tower,0,4,25,0,29,0,5,96,0,101,0,9,121,0,130,180,0,180,310
09/14/2021,EWB,MA,ANE,EN,Federal Contract Tower,0,6,14,0,20,0,18,86,0,104,0,24,100,0,124,120,2,122,246
09/15/2021,EWB,MA,ANE,EN,Federal Contract Tower,0,11,22,0,33,0,8,22,2,32,0,19,44,2,65,26,2,28,93
09/16/2021,EWB,MA,ANE,EN,Federal Contract Tower,0,8,21,0,29,0,6,13,0,19,0,14,34,0,48,4,0,4,52
09/17/2021,EWB,MA,ANE,EN,Federal Contract Tower,0,20,21,0,41,0,0,0,0,0,0,20,21,0,41,0,0,0,41
09/18/2021,EWB,MA,ANE,EN,Federal Contract Tower,0,8,12,0,20,0,3,28,0,31,0,11,40,0,51,12,0,12,63
09/19/2021,EWB,MA,ANE,EN,Federal Contract Tower,0,5,12,0,17,0,13,121,2,136,0,18,133,2,153,174,0,174,327
09/20/2021,EWB,MA,ANE,EN,Federal Contract Tower,0,2,39,0,41,0,8,108,0,116,0,10,147,0,157,98,0,98,255
09/21/2021,EWB,MA,ANE,EN,Federal Contract Tower,0,7,13,0,20,0,9,72,0,81,0,16,85,0,101,162,0,162,263
09/22/2021,EWB,MA,ANE,EN,Federal Contract Tower,0,15,25,2,42,0,13,42,0,55,0,28,67,2,97,90,8,98,195
09/23/2021,EWB,MA,ANE,EN,Federal Contract Tower,0,6,25,0,31,0,9,42,2,53,0,15,67,2,84,58,0,58,142
09/24/2021,EWB,MA,ANE,EN,Federal Contract Tower,0,8,14,0,22,0,10,16,0,26,0,18,30,0,48,10,0,10,58
09/25/2021,EWB,MA,ANE,EN,Federal Contract Tower,0,10,8,0,18,0,7,44,0,51,0,17,52,0,69,50,0,50,119
09/26/2021,EWB,MA,ANE,EN,Federal Contract Tower,0,6,9,0,15,0,8,73,0,81,0,14,82,0,96,64,0,64,160
09/27/2021,EWB,MA,ANE,EN,Federal Contract Tower,0,4,20,0,24,0,7,96,0,103,0,11,116,0,127,104,0,104,231
09/28/2021,EWB,MA,ANE,EN,Federal Contract Tower,0,6,5,0,11,0,3,17,0,20,0,9,22,0,31,16,0,16,47
09/29/2021,EWB,MA,ANE,EN,Federal Contract Tower,0,5,30,0,35,0,8,100,3,111,0,13,130,3,146,184,0,184,330
09/30/2021,EWB,MA,ANE,EN,Federal Contract Tower,0,8,12,0,20,0,24,79,0,103,0,32,91,0,123,208,0,208,331
10/01/2021,EWB,MA,ANE,EN,Federal Contract Tower,0,16,12,0,28,0,11,89,0,100,0,27,101,0,128,192,0,192,320
10/02/2021,EWB,MA,ANE,EN,Federal Contract Tower,0,5,4,0,9,0,15,97,0,112,0,20,101,0,121,120,0,120,241
10/03/2021,EWB,MA,ANE,EN,Federal Contract Tower,0,8,13,0,21,0,4,115,0,119,0,12,128,0,140,200,0,200,340
10/04/2021,EWB,MA,ANE,EN,Federal Contract Tower,0,20,11,0,31,0,0,0,0,0,0,20,11,0,31,0,0,0,31
10/05/2021,EWB,MA,ANE,EN,Federal Contract Tower,0,16,8,0,24,0,1,0,0,1,0,17,8,0,25,2,0,2,27
10/06/2021,EWB,MA,ANE,EN,Federal Contract Tower,0,9,41,0,50,0,3,97,0,100,0,12,138,0,150,120,6,126,276
10/07/2021,EWB,MA,ANE,EN,Federal Contract Tower,0,8,26,0,34,0,15,110,2,127,0,23,136,2,161,214,0,214,375
10/08/2021,EWB,MA,ANE,EN,Federal Contract Tower,0,10,15,0,25,0,19,82,1,102,0,29,97,1,127,86,0,86,213
10/09/2021,EWB,MA,ANE,EN,Federal Contract Tower,0,10,9,0,19,0,10,40,0,50,0,20,49,0,69,166,0,166,235
10/10/2021,EWB,MA,ANE,EN,Federal Contract Tower,0,4,15,0,19,0,7,50,0,57,0,11,65,0,76,146,0,146,222
10/11/2021,EWB,MA,ANE,EN,Federal Contract Tower,0,10,15,0,25,0,8,18,0,26,0,18,33,0,51,32,0,32,83
10/12/2021,EWB,MA,ANE,EN,Federal Contract Tower,0,7,13,0,20,0,10,85,0,95,0,17,98,0,115,160,0,160,275
10/13/2021,EWB,MA,ANE,EN,Federal Contract Tower,0,8,10,0,18,0,3,75,0,78,0,11,85,0,96,84,0,84,180
10/14/2021,EWB,MA,ANE,EN,Federal Contract Tower,0,10,27,0,37,0,6,118,0,124,0,16,145,0,161,172,0,172,333
10/15/2021,EWB,MA,ANE,EN,Federal Contract Tower,0,18,34,0,52,0,9,28,0,37,0,27,62,0,89,16,0,16,105
10/16/2021,EWB,MA,ANE,EN,Federal Contract Tower,0,4,7,0,11,0,1,10,0,11,0,5,17,0,22,10,0,10,32
10/17/2021,EWB,MA,ANE,EN,Federal Contract Tower,0,4,11,0,15,0,3,77,0,80,0,7,88,0,95,120,2,122,217
10/18/2021,EWB,MA,ANE,EN,Federal Contract Tower,0,7,18,0,25,0,3,57,1,61,0,10,75,1,86,142,2,144,230
10/19/2021,EWB,MA,ANE,EN,Federal Contract Tower,0,6,5,0,11,0,11,72,0,83,0,17,77,0,94,64,0,64,158
10/20/2021,EWB,MA,ANE,EN,Federal Contract Tower,0,3,15,0,18,0,6,91,4,101,0,9,106,4,119,140,4,144,263
10/21/2021,EWB,MA,ANE,EN,Federal Contract Tower,0,4,30,2,36,0,10,73,0,83,0,14,103,2,119,144,0,144,263
10/22/2021,EWB,MA,ANE,EN,Federal Contract Tower,0,11,18,0,29,0,8,86,0,94,0,19,104,0,123,150,0,150,273
10/23/2021,EWB,MA,ANE,EN,Federal Contract Tower,0,9,10,0,19,0,3,59,0,62,0,12,69,0,81,104,0,104,185
10/24/2021,EWB,MA,ANE,EN,Federal Contract Tower,0,6,15,0,21,0,2,93,0,95,0,8,108,0,116,160,0,160,276
10/25/2021,EWB,MA,ANE,EN,Federal Contract Tower,0,14,19,0,33,0,0,1,0,1,0,14,20,0,34,0,0,0,34
10/26/2021,EWB,MA,ANE,EN,Federal Contract Tower,0,2,4,0,6,0,1,6,0,7,0,3,10,0,13,6,0,6,19
10/27/2021,EWB,MA,ANE,EN,Federal Contract Tower,0,0,3,0,3,0,0,0,0,0,0,0,3,0,3,0,0,0,3
10/28/2021,EWB,MA,ANE,EN,Federal Contract Tower,0,15,5,0,20,0,5,13,1,19,0,20,18,1,39,2,0,2,41
10/29/2021,EWB,MA,ANE,EN,Federal Contract Tower,0,2,16,0,18,0,7,47,0,54,0,9,63,0,72,172,2,174,246
10/30/2021,EWB,MA,ANE,EN,Federal Contract Tower,0,6,2,0,8,0,0,0,0,0,0,6,2,0,8,0,0,0,8
10/31/2021,EWB,MA,ANE,EN,Federal Contract Tower,0,5,27,0,32,0,1,32,0,33,0,6,59,0,65,62,0,62,127
11/01/2021,EWB,MA,ANE,EN,Federal Contract Tower,0,2,19,0,21,0,3,78,0,81,0,5,97,0,102,126,0,126,228
11/02/2021,EWB,MA,ANE,EN,Federal Contract Tower,0,7,17,0,24,0,7,68,0,75,0,14,85,0,99,116,0,116,215
11/03/2021,EWB,MA,ANE,EN,Federal Contract Tower,0,12,26,0,38,0,11,78,0,89,0,23,104,0,127,68,2,70,197
11/04/2021,EWB,MA,ANE,EN,Federal Contract Tower,0,4,25,0,29,0,6,67,0,73,0,10,92,0,102,144,2,146,248
11/05/2021,EWB,MA,ANE,EN,Federal Contract Tower,0,9,18,0,27,0,9,74,0,83,0,18,92,0,110,114,0,114,224
11/06/2021,EWB,MA,ANE,EN,Federal Contract Tower,0,2,14,0,16,0,0,94,0,94,0,2,108,0,110,102,0,102,212
11/07/2021,EWB,MA,ANE,EN,Federal Contract Tower,0,5,15,0,20,0,7,87,0,94,0,12,102,0,114,148,6,154,268
11/08/2021,EWB,MA,ANE,EN,Federal Contract Tower,0,3,31,1,35,0,2,64,1,67,0,5,95,2,102,92,10,102,204
11/09/2021,EWB,MA,ANE,EN,Federal Contract Tower,0,4,16,0,20,0,5,95,0,100,0,9,111,0,120,118,0,118,238
11/10/2021,EWB,MA,ANE,EN,Federal Contract Tower,0,3,14,0,17,0,10,78,0,88,0,13,92,0,105,132,0,132,237
11/11/2021,EWB,MA,ANE,EN,Federal Contract Tower,0,2,15,2,19,0,7,56,1,64,0,9,71,3,83,34,0,34,117
11/12/2021,EWB,MA,ANE,EN,Federal Contract Tower,0,6,1,0,7,0,0,0,1,1,0,6,1,1,8,0,0,0,8
11/13/2021,EWB,MA,ANE,EN,Federal Contract Tower,0,8,9,0,17,0,8,66,6,80,0,16,75,6,97,42,2,44,141
11/14/2021,EWB,MA,ANE,EN,Federal Contract Tower,0,5,11,0,16,0,3,80,0,83,0,8,91,0,99,74,0,74,173
11/15/2021,EWB,MA,ANE,EN,Federal Contract Tower,0,5,14,0,19,0,3,56,0,59,0,8,70,0,78,24,0,24,102
11/16/2021,EWB,MA,ANE,EN,Federal Contract Tower,0,7,19,0,26,0,6,74,0,80,0,13,93,0,106,96,0,96,202
11/17/2021,EWB,MA,ANE,EN,Federal Contract Tower,0,4,10,0,14,0,7,97,0,104,0,11,107,0,118,140,0,140,258
11/18/2021,EWB,MA,ANE,EN,Federal Contract Tower,0,5,12,0,17,0,16,37,0,53,0,21,49,0,70,54,6,60,130
11/19/2021,EWB,MA,ANE,EN,Federal Contract Tower,0,7,17,0,24,0,5,39,0,44,0,12,56,0,68,90,0,90,158
11/20/2021,EWB,MA,ANE,EN,Federal Contract Tower,0,9,23,0,32,0,3,96,0,99,0,12,119,0,131,106,0,106,237
11/21/2021,EWB,MA,ANE,EN,Federal Contract Tower,0,5,11,0,16,0,0,49,0,49,0,5,60,0,65,80,0,80,145
11/22/2021,EWB,MA,ANE,EN,Federal Contract Tower,0,6,10,0,16,0,1,11,0,12,0,7,21,0,28,6,0,6,34
11/23/2021,EWB,MA,ANE,EN,Federal Contract Tower,0,10,20,0,30,0,12,60,0,72,0,22,80,0,102,108,0,108,210
11/24/2021,EWB,MA,ANE,EN,Federal Contract Tower,0,7,24,1,32,0,7,80,0,87,0,14,104,1,119,138,8,146,265
11/25/2021,EWB,MA,ANE,EN,Federal Contract Tower,0,6,0,0,6,0,2,19,0,21,0,8,19,0,27,0,0,0,27
11/26/2021,EWB,MA,ANE,EN,Federal Contract Tower,0,5,11,0,16,0,0,0,0,0,0,5,11,0,16,0,0,0,16
11/27/2021,EWB,MA,ANE,EN,Federal Contract Tower,0,17,3,0,20,0,2,28,0,30,0,19,31,0,50,10,0,10,60
11/28/2021,EWB,MA,ANE,EN,Federal Contract Tower,0,6,19,0,25,0,0,28,0,28,0,6,47,0,53,48,0,48,101
11/29/2021,EWB,MA,ANE,EN,Federal Contract Tower,0,4,20,0,24,0,4,40,0,44,0,8,60,0,68,116,16,132,200
11/30/2021,EWB,MA,ANE,EN,Federal Contract Tower,0,3,22,0,25,0,8,68,0,76,0,11,90,0,101,104,14,118,219
12/01/2021,EWB,MA,ANE,EN,Federal Contract Tower,0,6,18,0,24,0,11,48,0,59,0,17,66,0,83,150,0,150,233
12/02/2021,EWB,MA,ANE,EN,Federal Contract Tower,0,4,27,0,31,0,6,51,0,57,0,10,78,0,88,64,0,64,152
12/03/2021,EWB,MA,ANE,EN,Federal Contract Tower,0,3,4,0,7,0,4,20,2,26,0,7,24,2,33,28,6,34,67
12/04/2021,EWB,MA,ANE,EN,Federal Contract Tower,0,3,21,0,24,0,2,106,0,108,0,5,127,0,132,114,0,114,246
12/05/2021,EWB,MA,ANE,EN,Federal Contract Tower,0,3,11,2,16,0,1,111,0,112,0,4,122,2,128,134,0,134,262
12/06/2021,EWB,MA,ANE,EN,Federal Contract Tower,0,4,3,0,7,0,0,0,2,2,0,4,3,2,9,0,0,0,9
12/07/2021,EWB,MA,ANE,EN,Federal Contract Tower,0,2,26,0,28,0,6,95,2,103,0,8,121,2,131,148,0,148,279
12/08/2021,EWB,MA,ANE,EN,Federal Contract Tower,0,3,3,4,10,0,3,8,0,11,0,6,11,4,21,30,0,30,51
12/09/2021,EWB,MA,ANE,EN,Federal Contract Tower,0,3,25,0,28,0,13,72,0,85,0,16,97,0,113,132,0,132,245
12/10/2021,EWB,MA,ANE,EN,Federal Contract Tower,0,1,23,0,24,0,4,90,0,94,0,5,113,0,118,124,0,124,242
12/11/2021,EWB,MA,ANE,EN,Federal Contract Tower,0,5,7,0,12,0,0,0,0,0,0,5,7,0,12,0,0,0,12
12/12/2021,EWB,MA,ANE,EN,Federal Contract Tower,0,4,13,0,17,0,4,72,4,80,0,8,85,4,97,70,0,70,167
12/13/2021,EWB,MA,ANE,EN,Federal Contract Tower,0,5,14,0,19,0,2,67,0,69,0,7,81,0,88,172,10,182,270
12/14/2021,EWB,MA,ANE,EN,Federal Contract Tower,0,6,17,0,23,0,10,99,0,109,0,16,116,0,132,204,4,208,340
12/15/2021,EWB,MA,ANE,EN,Federal Contract Tower,0,5,19,0,24,0,8,74,0,82,0,13,93,0,106,140,0,140,246
12/16/2021,EWB,MA,ANE,EN,Federal Contract Tower,0,6,12,0,18,0,8,24,2,34,0,14,36,2,52,40,8,48,100
12/17/2021,EWB,MA,ANE,EN,Federal Contract Tower,0,3,14,0,17,0,13,41,0,54,0,16,55,0,71,22,0,22,93
12/18/2021,EWB,MA,ANE,EN,Federal Contract Tower,0,5,0,0,5,0,1,4,0,5,0,6,4,0,10,0,0,0,10
12/19/2021,EWB,MA,ANE,EN,Federal Contract Tower,0,7,6,0,13,0,0,9,0,9,0,7,15,0,22,6,0,6,28
12/20/2021,EWB,MA,ANE,EN,Federal Contract Tower,0,9,18,0,27,0,17,95,0,112,0,26,113,0,139,178,0,178,317
12/21/2021,EWB,MA,ANE,EN,Federal Contract Tower,0,7,11,0,18,0,7,61,4,72,0,14,72,4,90,92,2,94,184
12/22/2021,EWB,MA,ANE,EN,Federal Contract Tower,0,15,1,0,16,0,6,4,0,10,0,21,5,0,26,0,0,0,26
12/23/2021,EWB,MA,ANE,EN,Federal Contract Tower,0,7,8,0,15,0,6,37,0,43,0,13,45,0,58,38,0,38,96
12/24/2021,EWB,MA,ANE,EN,Federal Contract Tower,0,5,0,0,5,0,3,1,0,4,0,8,1,0,9,2,0,2,11
12/25/2021,EWB,MA,ANE,EN,Federal Contract Tower,0,4,1,0,5,0,0,0,0,0,0,4,1,0,5,0,0,0,5
12/26/2021,EWB,MA,ANE,EN,Federal Contract Tower,0,9,6,0,15,0,2,7,0,9,0,11,13,0,24,0,0,0,24
12/27/2021,EWB,MA,ANE,EN,Federal Contract Tower,0,5,17,1,23,0,15,57,2,74,0,20,74,3,97,58,12,70,167
12/28/2021,EWB,MA,ANE,EN,Federal Contract Tower,0,10,9,0,19,0,8,15,0,23,0,18,24,0,42,26,0,26,68
12/29/2021,EWB,MA,ANE,EN,Federal Contract Tower,0,7,5,0,12,0,5,19,0,24,0,12,24,0,36,70,0,70,106
12/30/2021,EWB,MA,ANE,EN,Federal Contract Tower,0,4,1,0,5,0,3,3,0,6,0,7,4,0,11,0,0,0,11
12/31/2021,EWB,MA,ANE,EN,Federal Contract Tower,0,4,10,0,14,0,0,0,0,0,0,4,10,0,14,2,0,2,16
01/01/2022,EWB,MA,ANE,EN,Federal Contract Tower,0,10,4,0,14,0,0,0,0,0,0,10,4,0,14,0,0,0,14
01/02/2022,EWB,MA,ANE,EN,Federal Contract Tower,0,4,7,0,11,0,0,0,0,0,0,4,7,0,11,0,0,0,11
01/03/2022,EWB,MA,ANE,EN,Federal Contract Tower,0,9,1,0,10,0,4,5,0,9,0,13,6,0,19,26,0,26,45
01/04/2022,EWB,MA,ANE,EN,Federal Contract Tower,0,2,18,0,20,0,9,66,0,75,0,11,84,0,95,82,0,82,177
01/05/2022,EWB,MA,ANE,EN,Federal Contract Tower,0,5,2,0,7,0,2,0,0,2,0,7,2,0,9,0,0,0,9
01/06/2022,EWB,MA,ANE,EN,Federal Contract Tower,0,6,19,0,25,0,13,73,0,86,0,19,92,0,111,112,0,112,223
01/07/2022,EWB,MA,ANE,EN,Federal Contract Tower,0,4,5,0,9,0,0,1,0,1,0,4,6,0,10,2,0,2,12
01/08/2022,EWB,MA,ANE,EN,Federal Contract Tower,0,2,5,4,11,0,4,58,4,66,0,6,63,8,77,82,0,82,159
01/09/2022,EWB,MA,ANE,EN,Federal Contract Tower,0,3,0,0,3,0,2,8,0,10,0,5,8,0,13,0,0,0,13
01/10/2022,EWB,MA,ANE,EN,Federal Contract Tower,0,1,13,0,14,0,3,60,0,63,0,4,73,0,77,242,0,242,319
01/11/2022,EWB,MA,ANE,EN,Federal Contract Tower,0,3,9,2,14,0,6,34,0,40,0,9,43,2,54,48,12,60,114
01/12/2022,EWB,MA,ANE,EN,Federal Contract Tower,0,11,0,0,11,0,9,19,0,28,0,20,19,0,39,16,0,16,55
01/13/2022,EWB,MA,ANE,EN,Federal Contract Tower,0,3,17,0,20,0,6,84,0,90,0,9,101,0,110,128,0,128,238
01/14/2022,EWB,MA,ANE,EN,Federal Contract Tower,0,2,4,0,6,0,0,0,0,0,0,2,4,0,6,0,0,0,6
01/15/2022,EWB,MA,ANE,EN,Federal Contract Tower,0,4,5,0,9,0,5,10,0,15,0,9,15,0,24,2,0,2,26
01/16/2022,EWB,MA,ANE,EN,Federal Contract Tower,0,4,14,0,18,0,6,94,0,100,0,10,108,0,118,130,0,130,248
01/17/2022,EWB,MA,ANE,EN,Federal Contract Tower,0,4,2,0,6,0,2,3,0,5,0,6,5,0,11,14,0,14,25
01/18/2022,EWB,MA,ANE,EN,Federal Contract Tower,0,4,5,0,9,0,6,10,0,16,0,10,15,0,25,4,0,4,29
01/19/2022,EWB,MA,ANE,EN,Federal Contract Tower,0,4,4,2,10,0,7,25,1,33,0,11,29,3,43,6,14,20,63
01/20/2022,EWB,MA,ANE,EN,Federal Contract Tower,0,5,4,0,9,0,3,0,0,3,0,8,4,0,12,0,0,0,12
01/21/2022,EWB,MA,ANE,EN,Federal Contract Tower,0,7,4,2,13,0,24,59,0,83,0,31,63,2,96,133,6,139,235
01/22/2022,EWB,MA,ANE,EN,Federal Contract Tower,0,4,6,0,10,0,0,25,2,27,0,4,31,2,37,12,0,12,49
01/23/2022,EWB,MA,ANE,EN,Federal Contract Tower,0,3,16,0,19,0,8,86,0,94,0,11,102,0,113,80,0,80,193
01/24/2022,EWB,MA,ANE,EN,Federal Contract Tower,0,4,20,0,24,0,2,65,0,67,0,6,85,0,91,136,0,136,227
01/25/2022,EWB,MA,ANE,EN,Federal Contract Tower,0,1,14,0,15,0,7,46,0,53,0,8,60,0,68,90,2,92,160
01/26/2022,EWB,MA,ANE,EN,Federal Contract Tower,0,2,8,0,10,0,8,101,0,109,0,10,109,0,119,148,4,152,271
01/27/2022,EWB,MA,ANE,EN,Federal Contract Tower,0,5,23,2,30,0,9,56,0,65,0,14,79,2,95,72,26,98,193
01/28/2022,EWB,MA,ANE,EN,Federal Contract Tower,0,2,2,0,4,0,1,16,0,17,0,3,18,0,21,40,4,44,65
01/29/2022,EWB,MA,ANE,EN,Federal Contract Tower,0,0,0,0,0,0,0,0,0,0,0,0,0,0,0,0,0,0,0
01/30/2022,EWB,MA,ANE,EN,Federal Contract Tower,0,0,0,0,0,0,0,0,2,2,0,0,0,2,2,8,0,8,10
01/31/2022,EWB,MA,ANE,EN,Federal Contract Tower,0,0,0,0,0,0,0,0,0,0,0,0,0,0,0,0,0,0,0
02/01/2022,EWB,MA,ANE,EN,Federal Contract Tower,0,2,2,0,4,0,21,8,0,29,0,23,10,0,33,30,2,32,65
02/02/2022,EWB,MA,ANE,EN,Federal Contract Tower,0,5,5,0,10,0,0,0,0,0,0,5,5,0,10,0,0,0,10
02/03/2022,EWB,MA,ANE,EN,Federal Contract Tower,0,3,8,0,11,0,2,5,0,7,0,5,13,0,18,2,0,2,20
02/04/2022,EWB,MA,ANE,EN,Federal Contract Tower,0,3,0,0,3,0,0,0,0,0,0,3,0,0,3,0,0,0,3
02/05/2022,EWB,MA,ANE,EN,Federal Contract Tower,0,2,3,0,5,0,1,4,0,5,0,3,7,0,10,0,0,0,10
02/06/2022,EWB,MA,ANE,EN,Federal Contract Tower,0,2,2,0,4,0,3,55,0,58,0,5,57,0,62,56,0,56,118
02/07/2022,EWB,MA,ANE,EN,Federal Contract Tower,0,11,4,2,17,0,2,4,0,6,0,13,8,2,23,0,0,0,23
02/08/2022,EWB,MA,ANE,EN,Federal Contract Tower,0,10,4,0,14,0,8,14,2,24,0,18,18,2,38,0,22,22,60
02/09/2022,EWB,MA,ANE,EN,Federal Contract Tower,0,2,31,2,35,0,5,119,0,124,0,7,150,2,159,250,0,250,409
02/10/2022,EWB,MA,ANE,EN,Federal Contract Tower,0,3,19,0,22,0,5,76,2,83,0,8,95,2,105,136,2,138,243
02/11/2022,EWB,MA,ANE,EN,Federal Contract Tower,1,1,24,0,26,0,1,97,0,98,1,2,121,0,124,98,0,98,222
02/12/2022,EWB,MA,ANE,EN,Federal Contract Tower,0,4,11,0,15,0,5,85,0,90,0,9,96,0,105,102,0,102,207
02/13/2022,EWB,MA,ANE,EN,Federal Contract Tower,0,4,1,0,5,0,0,0,0,0,0,4,1,0,5,0,0,0,5
02/14/2022,EWB,MA,ANE,EN,Federal Contract Tower,0,2,8,0,10,0,3,8,0,11,0,5,16,0,21,0,0,0,21
02/15/2022,EWB,MA,ANE,EN,Federal Contract Tower,0,4,18,1,23,0,6,82,0,88,0,10,100,1,111,106,2,108,219
02/16/2022,EWB,MA,ANE,EN,Federal Contract Tower,0,5,19,0,24,0,12,47,0,59,0,17,66,0,83,80,0,80,163
02/17/2022,EWB,MA,ANE,EN,Federal Contract Tower,0,5,9,0,14,0,5,16,0,21,0,10,25,0,35,20,0,20,55
02/18/2022,EWB,MA,ANE,EN,Federal Contract Tower,0,5,2,0,7,0,2,28,0,30,0,7,30,0,37,16,0,16,53
02/19/2022,EWB,MA,ANE,EN,Federal Contract Tower,0,4,3,0,7,0,1,22,0,23,0,5,25,0,30,30,0,30,60
02/20/2022,EWB,MA,ANE,EN,Federal Contract Tower,0,4,11,0,15,0,2,99,0,101,0,6,110,0,116,190,0,190,306
02/21/2022,EWB,MA,ANE,EN,Federal Contract Tower,0,3,17,0,20,0,5,65,0,70,0,8,82,0,90,80,0,80,170
02/22/2022,EWB,MA,ANE,EN,Federal Contract Tower,0,9,8,0,17,0,1,5,0,6,0,10,13,0,23,34,0,34,57
02/23/2022,EWB,MA,ANE,EN,Federal Contract Tower,0,3,16,0,19,0,3,31,0,34,0,6,47,0,53,70,0,70,123
02/24/2022,EWB,MA,ANE,EN,Federal Contract Tower,0,3,9,0,12,0,4,73,0,77,0,7,82,0,89,144,0,144,233
02/25/2022,EWB,MA,ANE,EN,Federal Contract Tower,0,4,4,0,8,0,0,0,0,0,0,4,4,0,8,0,0,0,8
02/26/2022,EWB,MA,ANE,EN,Federal Contract Tower,0,6,8,0,14,0,8,32,1,41,0,14,40,1,55,36,14,50,105
02/27/2022,EWB,MA,ANE,EN,Federal Contract Tower,0,2,8,0,10,0,6,53,2,61,0,8,61,2,71,74,0,74,145
02/28/2022,EWB,MA,ANE,EN,Federal Contract Tower,0,5,18,0,23,0,4,62,2,68,0,9,80,2,91,144,18,162,253
03/01/2022,EWB,MA,ANE,EN,Federal Contract Tower,0,3,12,3,18,0,8,46,2,56,0,11,58,5,74,76,0,76,150
03/02/2022,EWB,MA,ANE,EN,Federal Contract Tower,0,4,11,2,17,0,2,95,0,97,0,6,106,2,114,166,2,168,282
03/03/2022,EWB,MA,ANE,EN,Federal Contract Tower,0,4,6,4,14,0,1,50,0,51,0,5,56,4,65,98,0,98,163
03/04/2022,EWB,MA,ANE,EN,Federal Contract Tower,0,3,16,0,19,0,6,95,0,101,0,9,111,0,120,164,0,164,284
03/05/2022,EWB,MA,ANE,EN,Federal Contract Tower,0,4,5,0,9,0,11,93,0,104,0,15,98,0,113,62,0,62,175
03/06/2022,EWB,MA,ANE,EN,Federal Contract Tower,0,7,3,0,10,0,0,0,0,0,0,7,3,0,10,0,0,0,10
03/07/2022,EWB,MA,ANE,EN,Federal Contract Tower,0,5,10,0,15,0,1,13,0,14,0,6,23,0,29,64,0,64,93
03/08/2022,EWB,MA,ANE,EN,Federal Contract Tower,0,2,4,0,6,0,11,39,0,50,0,13,43,0,56,46,6,52,108
03/09/2022,EWB,MA,ANE,EN,Federal Contract Tower,0,5,3,0,8,0,15,12,0,27,0,20,15,0,35,36,0,36,71
03/10/2022,EWB,MA,ANE,EN,Federal Contract Tower,0,4,32,0,36,0,5,92,2,99,0,9,124,2,135,146,0,146,281
03/11/2022,EWB,MA,ANE,EN,Federal Contract Tower,0,12,9,0,21,0,9,58,2,69,0,21,67,2,90,130,0,130,220
03/12/2022,EWB,MA,ANE,EN,Federal Contract Tower,0,2,4,0,6,0,0,0,0,0,0,2,4,0,6,0,0,0,6
03/13/2022,EWB,MA,ANE,EN,Federal Contract Tower,0,4,1,0,5,0,2,13,0,15,0,6,14,0,20,20,0,20,40
03/14/2022,EWB,MA,ANE,EN,Federal Contract Tower,0,4,4,0,8,0,5,62,0,67,0,9,66,0,75,192,2,194,269
03/15/2022,EWB,MA,ANE,EN,Federal Contract Tower,0,6,17,2,25,0,8,91,0,99,0,14,108,2,124,116,4,120,244
03/16/2022,EWB,MA,ANE,EN,Federal Contract Tower,0,7,9,0,16,0,7,99,2,108,0,14,108,2,124,176,2,178,302
03/17/2022,EWB,MA,ANE,EN,Federal Contract Tower,0,5,6,0,11,0,0,5,0,5,0,5,11,0,16,4,0,4,20
03/18/2022,EWB,MA,ANE,EN,Federal Contract Tower,0,13,4,0,17,0,9,81,0,90,0,22,85,0,107,168,0,168,275
03/19/2022,EWB,MA,ANE,EN,Federal Contract Tower,0,2,3,0,5,0,0,0,0,0,0,2,3,0,5,0,0,0,5
03/20/2022,EWB,MA,ANE,EN,Federal Contract Tower,0,3,8,0,11,0,0,64,0,64,0,3,72,0,75,90,0,90,165
03/21/2022,EWB,MA,ANE,EN,Federal Contract Tower,0,4,13,0,17,0,9,55,0,64,0,13,68,0,81,116,0,116,197
03/22/2022,EWB,MA,ANE,EN,Federal Contract Tower,0,3,7,0,10,0,9,83,0,92,0,12,90,0,102,112,0,112,214
03/23/2022,EWB,MA,ANE,EN,Federal Contract Tower,0,2,8,4,14,0,6,96,0,102,0,8,104,4,116,176,0,176,292
03/24/2022,EWB,MA,ANE,EN,Federal Contract Tower,0,7,1,0,8,0,0,0,0,0,0,7,1,0,8,0,0,0,8
03/25/2022,EWB,MA,ANE,EN,Federal Contract Tower,0,6,12,0,18,0,9,59,0,68,0,15,71,0,86,124,0,124,210
03/26/2022,EWB,MA,ANE,EN,Federal Contract Tower,0,9,5,2,16,0,24,51,9,84,0,33,56,11,100,106,0,106,206
03/27/2022,EWB,MA,ANE,EN,Federal Contract Tower,0,3,7,0,10,0,2,82,0,84,0,5,89,0,94,82,0,82,176
03/28/2022,EWB,MA,ANE,EN,Federal Contract Tower,0,4,10,0,14,0,1,26,0,27,0,5,36,0,41,44,0,44,85
03/29/2022,EWB,MA,ANE,EN,Federal Contract Tower,0,5,4,0,9,0,20,69,3,92,0,25,73,3,101,96,0,96,197
03/30/2022,EWB,MA,ANE,EN,Federal Contract Tower,0,3,10,0,13,0,8,84,0,92,0,11,94,0,105,150,0,150,255
03/31/2022,EWB,MA,ANE,EN,Federal Contract Tower,0,9,7,0,16,0,0,0,0,0,0,9,7,0,16,2,0,2,18
04/01/2022,EWB,MA,ANE,EN,Federal Contract Tower,0,7,16,0,23,0,11,30,0,41,0,18,46,0,64,38,0,38,102
04/02/2022,EWB,MA,ANE,EN,Federal Contract Tower,0,2,12,0,14,0,3,61,0,64,0,5,73,0,78,94,0,94,172
04/03/2022,EWB,MA,ANE,EN,Federal Contract Tower,0,2,15,0,17,0,1,50,0,51,0,3,65,0,68,100,0,100,168
04/04/2022,EWB,MA,ANE,EN,Federal Contract Tower,0,7,10,0,17,0,3,67,0,70,0,10,77,0,87,104,0,104,191
04/05/2022,EWB,MA,ANE,EN,Federal Contract Tower,0,1,31,0,32,0,9,82,0,91,0,10,113,0,123,196,0,196,319
04/06/2022,EWB,MA,ANE,EN,Federal Contract Tower,0,10,9,0,19,0,0,0,0,0,0,10,9,0,19,0,0,0,19
04/07/2022,EWB,MA,ANE,EN,Federal Contract Tower,0,12,6,0,18,0,4,29,0,33,0,16,35,0,51,70,0,70,121
04/08/2022,EWB,MA,ANE,EN,Federal Contract Tower,0,6,12,0,18,0,7,35,0,42,0,13,47,0,60,66,0,66,126
04/09/2022,EWB,MA,ANE,EN,Federal Contract Tower,0,6,7,0,13,0,6,27,0,33,0,12,34,0,46,36,0,36,82
04/10/2022,EWB,MA,ANE,EN,Federal Contract Tower,0,5,6,1,12,0,1,63,0,64,0,6,69,1,76,96,0,96,172
04/11/2022,EWB,MA,ANE,EN,Federal Contract Tower,0,3,12,0,15,0,1,76,0,77,0,4,88,0,92,152,0,152,244
04/12/2022,EWB,MA,ANE,EN,Federal Contract Tower,0,4,4,0,8,0,7,73,0,80,0,11,77,0,88,60,0,60,148
04/13/2022,EWB,MA,ANE,EN,Federal Contract Tower,0,2,11,0,13,0,11,79,0,90,0,13,90,0,103,163,0,163,266
04/14/2022,EWB,MA,ANE,EN,Federal Contract Tower,0,22,7,4,33,0,17,39,2,58,0,39,46,6,91,102,28,130,221
04/15/2022,EWB,MA,ANE,EN,Federal Contract Tower,0,2,8,0,10,0,5,85,0,90,0,7,93,0,100,106,4,110,210
04/16/2022,EWB,MA,ANE,EN,Federal Contract Tower,0,5,5,1,11,0,3,18,4,25,0,8,23,5,36,0,24,24,60
04/17/2022,EWB,MA,ANE,EN,Federal Contract Tower,0,3,10,0,13,0,2,35,0,37,0,5,45,0,50,76,0,76,126
04/18/2022,EWB,MA,ANE,EN,Federal Contract Tower,0,3,15,0,18,0,2,35,0,37,0,5,50,0,55,64,0,64,119
04/19/2022,EWB,MA,ANE,EN,Federal Contract Tower,0,6,3,0,9,0,2,1,0,3,0,8,4,0,12,0,0,0,12
04/20/2022,EWB,MA,ANE,EN,Federal Contract Tower,0,9,19,0,28,0,14,63,0,77,0,23,82,0,105,152,22,174,279
04/21/2022,EWB,MA,ANE,EN,Federal Contract Tower,0,7,14,1,22,0,7,70,2,79,0,14,84,3,101,124,4,128,229
04/22/2022,EWB,MA,ANE,EN,Federal Contract Tower,0,9,9,0,18,0,16,60,0,76,0,25,69,0,94,96,0,96,190
04/23/2022,EWB,MA,ANE,EN,Federal Contract Tower,0,2,16,0,18,0,5,123,0,128,0,7,139,0,146,162,0,162,308
04/24/2022,EWB,MA,ANE,EN,Federal Contract Tower,0,6,16,0,22,0,14,66,0,80,0,20,82,0,102,154,0,154,256
04/25/2022,EWB,MA,ANE,EN,Federal Contract Tower,0,8,4,0,12,0,4,84,0,88,0,12,88,0,100,166,4,170,270
04/26/2022,EWB,MA,ANE,EN,Federal Contract Tower,0,7,6,1,14,0,2,11,1,14,0,9,17,2,28,44,0,44,72
04/27/2022,EWB,MA,ANE,EN,Federal Contract Tower,0,8,21,0,29,0,21,61,0,82,0,29,82,0,111,168,4,172,283
04/28/2022,EWB,MA,ANE,EN,Federal Contract Tower,0,4,26,0,30,0,4,49,0,53,0,8,75,0,83,72,2,74,157
04/29/2022,EWB,MA,ANE,EN,Federal Contract Tower,0,4,15,0,19,0,11,56,0,67,0,15,71,0,86,112,2,114,200
04/30/2022,EWB,MA,ANE,EN,Federal Contract Tower,0,6,14,0,20,0,14,78,4,96,0,20,92,4,116,94,0,94,210
05/01/2022,EWB,MA,ANE,EN,Federal Contract Tower,0,8,17,0,25,0,2,92,2,96,0,10,109,2,121,86,26,112,233
05/02/2022,EWB,MA,ANE,EN,Federal Contract Tower,0,5,6,0,11,0,3,37,0,40,0,8,43,0,51,156,6,162,213
05/03/2022,EWB,MA,ANE,EN,Federal Contract Tower,0,4,8,0,12,0,6,12,0,18,0,10,20,0,30,28,0,28,58
05/04/2022,EWB,MA,ANE,EN,Federal Contract Tower,0,11,7,0,18,0,1,0,0,1,0,12,7,0,19,2,0,2,21
05/05/2022,EWB,MA,ANE,EN,Federal Contract Tower,0,4,29,0,33,0,11,113,0,124,0,15,142,0,157,204,6,210,367
05/06/2022,EWB,MA,ANE,EN,Federal Contract Tower,0,6,10,0,16,0,11,57,0,68,0,17,67,0,84,174,0,174,258
05/07/2022,EWB,MA,ANE,EN,Federal Contract Tower,0,5,5,0,10,0,1,0,0,1,0,6,5,0,11,6,0,6,17
05/08/2022,EWB,MA,ANE,EN,Federal Contract Tower,0,2,6,0,8,0,4,4,0,8,0,6,10,0,16,2,0,2,18
05/09/2022,EWB,MA,ANE,EN,Federal Contract Tower,0,2,16,0,18,0,4,4,0,8,0,6,20,0,26,0,0,0,26
05/10/2022,EWB,MA,ANE,EN,Federal Contract Tower,0,8,4,0,12,0,12,25,0,37,0,20,29,0,49,32,0,32,81
05/11/2022,EWB,MA,ANE,EN,Federal Contract Tower,0,8,29,0,37,0,5,10,0,15,0,13,39,0,52,24,0,24,76
05/12/2022,EWB,MA,ANE,EN,Federal Contract Tower,0,9,29,0,38,0,3,27,0,30,0,12,56,0,68,64,0,64,132
05/13/2022,EWB,MA,ANE,EN,Federal Contract Tower,0,11,15,0,26,0,1,15,0,16,0,12,30,0,42,12,0,12,54
05/14/2022,EWB,MA,ANE,EN,Federal Contract Tower,0,11,19,0,30,0,12,48,0,60,0,23,67,0,90,78,0,78,168
05/15/2022,EWB,MA,ANE,EN,Federal Contract Tower,0,7,13,0,20,0,0,26,0,26,0,7,39,0,46,48,0,48,94
05/16/2022,EWB,MA,ANE,EN,Federal Contract Tower,0,9,10,0,19,0,1,13,0,14,0,10,23,0,33,26,0,26,59
05/17/2022,EWB,MA,ANE,EN,Federal Contract Tower,0,6,20,0,26,0,11,80,0,91,0,17,100,0,117,98,6,104,221
05/18/2022,EWB,MA,ANE,EN,Federal Contract Tower,0,6,14,0,20,0,5,72,2,79,0,11,86,2,99,114,20,134,233
05/19/2022,EWB,MA,ANE,EN,Federal Contract Tower,0,18,6,0,24,0,1,0,0,1,0,19,6,0,25,2,0,2,27
05/20/2022,EWB,MA,ANE,EN,Federal Contract Tower,0,6,30,0,36,0,7,57,0,64,0,13,87,0,100,136,0,136,236
05/21/2022,EWB,MA,ANE,EN,Federal Contract Tower,0,23,7,0,30,0,4,37,2,43,0,27,44,2,73,52,8,60,133
05/22/2022,EWB,MA,ANE,EN,Federal Contract Tower,0,3,7,0,10,0,4,91,0,95,0,7,98,0,105,102,0,102,207
05/23/2022,EWB,MA,ANE,EN,Federal Contract Tower,0,9,13,0,22,0,3,63,1,67,0,12,76,1,89,124,12,136,225
05/24/2022,EWB,MA,ANE,EN,Federal Contract Tower,0,9,11,0,20,0,10,82,0,92,0,19,93,0,112,108,0,108,220
05/25/2022,EWB,MA,ANE,EN,Federal Contract Tower,0,5,19,0,24,0,22,110,0,132,0,27,129,0,156,178,0,178,334
05/26/2022,EWB,MA,ANE,EN,Federal Contract Tower,0,8,26,2,36,0,9,56,0,65,0,17,82,2,101,100,0,100,201
05/27/2022,EWB,MA,ANE,EN,Federal Contract Tower,0,8,13,0,21,0,0,6,0,6,0,8,19,0,27,0,0,0,27
05/28/2022,EWB,MA,ANE,EN,Federal Contract Tower,0,5,5,0,10,0,0,0,0,0,0,5,5,0,10,0,0,0,10
05/29/2022,EWB,MA,ANE,EN,Federal Contract Tower,0,4,14,0,18,0,2,79,0,81,0,6,93,0,99,60,0,60,159
05/30/2022,EWB,MA,ANE,EN,Federal Contract Tower,0,6,3,0,9,0,5,42,0,47,0,11,45,0,56,30,0,30,86
05/31/2022,EWB,MA,ANE,EN,Federal Contract Tower,0,4,12,0,16,0,9,74,0,83,0,13,86,0,99,106,0,106,205
06/01/2022,EWB,MA,ANE,EN,Federal Contract Tower,0,6,5,0,11,0,12,52,0,64,0,18,57,0,75,98,0,98,173
06/02/2022,EWB,MA,ANE,EN,Federal Contract Tower,0,14,24,0,38,0,2,17,0,19,0,16,41,0,57,26,0,26,83
06/03/2022,EWB,MA,ANE,EN,Federal Contract Tower,0,6,17,0,23,0,4,27,0,31,0,10,44,0,54,20,0,20,74
06/04/2022,EWB,MA,ANE,EN,Federal Contract Tower,0,8,13,0,21,0,1,37,0,38,0,9,50,0,59,94,0,94,153
06/05/2022,EWB,MA,ANE,EN,Federal Contract Tower,0,7,13,0,20,0,1,92,0,93,0,8,105,0,113,84,0,84,197
06/06/2022,EWB,MA,ANE,EN,Federal Contract Tower,0,8,8,0,16,0,9,80,1,90,0,17,88,1,106,162,10,172,278
06/07/2022,EWB,MA,ANE,EN,Federal Contract Tower,0,6,6,0,12,0,11,61,0,72,0,17,67,0,84,144,8,152,236
06/08/2022,EWB,MA,ANE,EN,Federal Contract Tower,0,5,10,0,15,0,2,22,0,24,0,7,32,0,39,22,0,22,61
06/09/2022,EWB,MA,ANE,EN,Federal Contract Tower,0,9,6,0,15,0,0,4,0,4,0,9,10,0,19,18,0,18,37
06/10/2022,EWB,MA,ANE,EN,Federal Contract Tower,0,2,19,0,21,0,6,70,0,76,0,8,89,0,97,164,0,164,261
06/11/2022,EWB,MA,ANE,EN,Federal Contract Tower,0,6,7,0,13,0,8,52,0,60,0,14,59,0,73,56,0,56,129
06/12/2022,EWB,MA,ANE,EN,Federal Contract Tower,0,3,16,0,19,0,2,35,0,37,0,5,51,0,56,28,2,30,86
06/13/2022,EWB,MA,ANE,EN,Federal Contract Tower,0,8,16,0,24,0,3,35,0,38,0,11,51,0,62,32,0,32,94
06/14/2022,EWB,MA,ANE,EN,Federal Contract Tower,0,4,37,3,44,0,8,110,10,128,0,12,147,13,172,140,4,144,316
06/15/2022,EWB,MA,ANE,EN,Federal Contract Tower,0,4,4,0,8,0,9,95,0,104,0,13,99,0,112,76,0,76,188
06/16/2022,EWB,MA,ANE,EN,Federal Contract Tower,0,6,7,0,13,0,11,92,0,103,0,17,99,0,116,144,10,154,270
06/17/2022,EWB,MA,ANE,EN,Federal Contract Tower,0,5,11,0,16,0,7,6,0,13,0,12,17,0,29,0,0,0,29
06/18/2022,EWB,MA,ANE,EN,Federal Contract Tower,0,1,4,0,5,0,2,50,0,52,0,3,54,0,57,46,0,46,103
06/19/2022,EWB,MA,ANE,EN,Federal Contract Tower,0,2,9,0,11,0,1,43,0,44,0,3,52,0,55,46,0,46,101
06/20/2022,EWB,MA,ANE,EN,Federal Contract Tower,0,3,8,0,11,0,5,59,0,64,0,8,67,0,75,56,0,56,131
06/21/2022,EWB,MA,ANE,EN,Federal Contract Tower,0,3,14,0,17,0,13,95,4,112,0,16,109,4,129,140,0,140,269
06/22/2022,EWB,MA,ANE,EN,Federal Contract Tower,0,8,22,0,30,0,7,28,0,35,0,15,50,0,65,50,4,54,119
06/23/2022,EWB,MA,ANE,EN,Federal Contract Tower,0,11,32,0,43,0,14,54,2,70,0,25,86,2,113,170,0,170,283
06/24/2022,EWB,MA,ANE,EN,Federal Contract Tower,0,13,9,0,22,0,7,63,0,70,0,20,72,0,92,138,0,138,230
06/25/2022,EWB,MA,ANE,EN,Federal Contract Tower,0,6,6,0,12,0,10,80,0,90,0,16,86,0,102,100,0,100,202
06/26/2022,EWB,MA,ANE,EN,Federal Contract Tower,0,16,6,0,22,0,3,75,0,78,0,19,81,0,100,114,0,114,214
06/27/2022,EWB,MA,ANE,EN,Federal Contract Tower,0,12,10,0,22,0,1,9,0,10,0,13,19,0,32,2,0,2,34
06/28/2022,EWB,MA,ANE,EN,Federal Contract Tower,0,2,17,0,19,0,11,96,7,114,0,13,113,7,133,144,6,150,283
06/29/2022,EWB,MA,ANE,EN,Federal Contract Tower,0,6,9,0,15,0,7,87,0,94,0,13,96,0,109,116,4,120,229
06/30/2022,EWB,MA,ANE,EN,Federal Contract Tower,0,4,7,2,13,0,7,89,0,96,0,11,96,2,109,154,2,156,265
07/01/2022,EWB,MA,ANE,EN,Federal Contract Tower,0,9,18,0,27,0,10,70,1,81,0,19,88,1,108,134,6,140,248
07/02/2022,EWB,MA,ANE,EN,Federal Contract Tower,0,10,6,1,17,0,1,1,0,2,0,11,7,1,19,0,0,0,19
07/03/2022,EWB,MA,ANE,EN,Federal Contract Tower,0,3,11,0,14,0,2,59,0,61,0,5,70,0,75,64,0,64,139
07/04/2022,EWB,MA,ANE,EN,Federal Contract Tower,0,3,3,0,6,0,5,51,0,56,0,8,54,0,62,16,2,18,80
07/05/2022,EWB,MA,ANE,EN,Federal Contract Tower,0,9,8,0,17,0,5,60,0,65,0,14,68,0,82,56,0,56,138
07/06/2022,EWB,MA,ANE,EN,Federal Contract Tower,0,11,14,0,25,0,7,59,0,66,0,18,73,0,91,70,0,70,161
07/07/2022,EWB,MA,ANE,EN,Federal Contract Tower,0,4,21,2,27,0,5,89,2,96,0,9,110,4,123,176,0,176,299
07/08/2022,EWB,MA,ANE,EN,Federal Contract Tower,0,3,9,0,12,0,4,78,0,82,0,7,87,0,94,120,0,120,214
07/09/2022,EWB,MA,ANE,EN,Federal Contract Tower,0,8,24,0,32,0,1,79,0,80,0,9,103,0,112,104,2,106,218
07/10/2022,EWB,MA,ANE,EN,Federal Contract Tower,0,4,7,0,11,0,4,62,0,66,0,8,69,0,77,68,0,68,145
07/11/2022,EWB,MA,ANE,EN,Federal Contract Tower,0,2,11,0,13,0,7,80,0,87,0,9,91,0,100,86,0,86,186
07/12/2022,EWB,MA,ANE,EN,Federal Contract Tower,0,12,2,0,14,0,12,35,2,49,0,24,37,2,63,44,0,44,107
07/13/2022,EWB,MA,ANE,EN,Federal Contract Tower,0,5,18,4,27,0,15,97,1,113,0,20,115,5,140,166,6,172,312
07/14/2022,EWB,MA,ANE,EN,Federal Contract Tower,0,17,13,0,30,0,13,67,0,80,0,30,80,0,110,140,0,140,250
07/15/2022,EWB,MA,ANE,EN,Federal Contract Tower,0,9,24,0,33,0,27,69,0,96,0,36,93,0,129,94,14,108,237
07/16/2022,EWB,MA,ANE,EN,Federal Contract Tower,0,3,4,0,7,0,7,42,0,49,0,10,46,0,56,58,0,58,114
07/17/2022,EWB,MA,ANE,EN,Federal Contract Tower,0,12,12,0,24,0,3,25,0,28,0,15,37,0,52,4,0,4,56
07/18/2022,EWB,MA,ANE,EN,Federal Contract Tower,0,16,9,2,27,0,0,0,0,0,0,16,9,2,27,0,0,0,27
07/19/2022,EWB,MA,ANE,EN,Federal Contract Tower,0,10,15,0,25,0,13,76,0,89,0,23,91,0,114,70,0,70,184
07/20/2022,EWB,MA,ANE,EN,Federal Contract Tower,0,12,2,0,14,0,14,32,10,56,0,26,34,10,70,28,2,30,100
07/21/2022,EWB,MA,ANE,EN,Federal Contract Tower,0,19,21,0,40,0,2,11,0,13,0,21,32,0,53,6,0,6,59
07/22/2022,EWB,MA,ANE,EN,Federal Contract Tower,0,13,19,0,32,0,15,85,0,100,0,28,104,0,132,90,0,90,222
07/23/2022,EWB,MA,ANE,EN,Federal Contract Tower,0,7,10,0,17,0,5,51,0,56,0,12,61,0,73,68,0,68,141
07/24/2022,EWB,MA,ANE,EN,Federal Contract Tower,0,10,17,0,27,0,2,28,0,30,0,12,45,0,57,12,0,12,69
07/25/2022,EWB,MA,ANE,EN,Federal Contract Tower,0,10,15,0,25,0,0,0,0,0,0,10,15,0,25,0,2,2,27
07/26/2022,EWB,MA,ANE,EN,Federal Contract Tower,0,7,17,0,24,0,20,99,1,120,0,27,116,1,144,100,24,124,268
07/27/2022,EWB,MA,ANE,EN,Federal Contract Tower,0,12,13,0,25,0,16,85,0,101,0,28,98,0,126,130,0,130,256
07/28/2022,EWB,MA,ANE,EN,Federal Contract Tower,0,11,12,0,23,0,9,18,0,27,0,20,30,0,50,22,0,22,72
07/29/2022,EWB,MA,ANE,EN,Federal Contract Tower,0,4,28,0,32,0,11,67,0,78,0,15,95,0,110,64,0,64,174
07/30/2022,EWB,MA,ANE,EN,Federal Contract Tower,0,11,5,0,16,0,7,41,0,48,0,18,46,0,64,24,0,24,88
07/31/2022,EWB,MA,ANE,EN,Federal Contract Tower,0,4,10,0,14,0,5,63,0,68,0,9,73,0,82,66,0,66,148
08/01/2022,EWB,MA,ANE,EN,Federal Contract Tower,0,9,15,2,26,0,2,12,0,14,0,11,27,2,40,10,0,10,50
08/02/2022,EWB,MA,ANE,EN,Federal Contract Tower,0,5,15,0,20,0,15,60,0,75,0,20,75,0,95,40,0,40,135
08/03/2022,EWB,MA,ANE,EN,Federal Contract Tower,0,7,9,0,16,0,11,63,0,74,0,18,72,0,90,64,0,64,154
08/04/2022,EWB,MA,ANE,EN,Federal Contract Tower,0,10,17,0,27,0,10,44,0,54,0,20,61,0,81,58,0,58,139
08/05/2022,EWB,MA,ANE,EN,Federal Contract Tower,0,9,13,0,22,0,18,57,0,75,0,27,70,0,97,42,2,44,141
08/06/2022,EWB,MA,ANE,EN,Federal Contract Tower,0,6,18,0,24,0,13,64,0,77,0,19,82,0,101,34,0,34,135
08/07/2022,EWB,MA,ANE,EN,Federal Contract Tower,0,6,15,0,21,0,6,32,0,38,0,12,47,0,59,46,0,46,105
08/08/2022,EWB,MA,ANE,EN,Federal Contract Tower,0,1,8,0,9,0,7,34,1,42,0,8,42,1,51,22,2,24,75
08/09/2022,EWB,MA,ANE,EN,Federal Contract Tower,0,7,7,0,14,0,17,63,0,80,0,24,70,0,94,62,4,66,160
08/10/2022,EWB,MA,ANE,EN,Federal Contract Tower,0,12,22,3,37,0,10,14,0,24,0,22,36,3,61,40,2,42,103
08/11/2022,EWB,MA,ANE,EN,Federal Contract Tower,0,18,25,0,43,0,0,0,0,0,0,18,25,0,43,2,0,2,45
08/12/2022,EWB,MA,ANE,EN,Federal Contract Tower,0,7,19,0,26,0,14,118,0,132,0,21,137,0,158,80,0,80,238
08/13/2022,EWB,MA,ANE,EN,Federal Contract Tower,0,8,12,0,20,0,7,75,0,82,0,15,87,0,102,110,0,110,212
08/14/2022,EWB,MA,ANE,EN,Federal Contract Tower,0,5,21,0,26,0,7,105,0,112,0,12,126,0,138,144,0,144,282
08/15/2022,EWB,MA,ANE,EN,Federal Contract Tower,0,12,7,0,19,0,1,82,0,83,0,13,89,0,102,142,12,154,256
08/16/2022,EWB,MA,ANE,EN,Federal Contract Tower,0,5,23,0,28,0,13,60,2,75,0,18,83,2,103,112,2,114,217
08/17/2022,EWB,MA,ANE,EN,Federal Contract Tower,0,5,8,0,13,0,10,41,2,53,0,15,49,2,66,62,4,66,132
08/18/2022,EWB,MA,ANE,EN,Federal Contract Tower,0,4,21,0,25,0,19,71,0,90,0,23,92,0,115,140,0,140,255
08/19/2022,EWB,MA,ANE,EN,Federal Contract Tower,0,6,12,0,18,0,16,97,0,113,0,22,109,0,131,154,0,154,285
08/20/2022,EWB,MA,ANE,EN,Federal Contract Tower,0,3,8,0,11,0,2,89,0,91,0,5,97,0,102,102,0,102,204
08/21/2022,EWB,MA,ANE,EN,Federal Contract Tower,0,11,22,0,33,0,1,76,0,77,0,12,98,0,110,68,0,68,178
08/22/2022,EWB,MA,ANE,EN,Federal Contract Tower,0,9,6,0,15,0,0,0,0,0,0,9,6,0,15,0,0,0,15
08/23/2022,EWB,MA,ANE,EN,Federal Contract Tower,0,20,6,0,26,0,4,9,0,13,0,24,15,0,39,24,0,24,63
08/24/2022,EWB,MA,ANE,EN,Federal Contract Tower,0,20,16,0,36,0,8,98,0,106,0,28,114,0,142,230,22,252,394
08/25/2022,EWB,MA,ANE,EN,Federal Contract Tower,0,25,21,0,46,0,29,114,4,147,0,54,135,4,193,220,0,220,413
08/26/2022,EWB,MA,ANE,EN,Federal Contract Tower,0,3,10,0,13,0,9,58,0,67,0,12,68,0,80,90,0,90,170
08/27/2022,EWB,MA,ANE,EN,Federal Contract Tower,0,19,8,0,27,0,13,62,0,75,0,32,70,0,102,36,0,36,138
08/28/2022,EWB,MA,ANE,EN,Federal Contract Tower,0,12,13,0,25,0,3,63,0,66,0,15,76,0,91,91,0,91,182
08/29/2022,EWB,MA,ANE,EN,Federal Contract Tower,0,5,16,0,21,0,3,69,2,74,0,8,85,2,95,126,0,126,221
08/30/2022,EWB,MA,ANE,EN,Federal Contract Tower,0,12,21,0,33,0,6,44,0,50,0,18,65,0,83,62,2,64,147
08/31/2022,EWB,MA,ANE,EN,Federal Contract Tower,0,8,12,0,20,0,13,72,0,85,0,21,84,0,105,152,0,152,257
09/01/2022,EWB,MA,ANE,EN,Federal Contract Tower,0,4,5,0,9,0,22,98,0,120,0,26,103,0,129,220,0,220,349
09/02/2022,EWB,MA,ANE,EN,Federal Contract Tower,0,7,10,0,17,0,14,92,0,106,0,21,102,0,123,256,0,256,379
09/03/2022,EWB,MA,ANE,EN,Federal Contract Tower,0,5,5,0,10,0,9,83,0,92,0,14,88,0,102,152,0,152,254
09/04/2022,EWB,MA,ANE,EN,Federal Contract Tower,0,2,5,0,7,0,7,62,0,69,0,9,67,0,76,60,10,70,146
09/05/2022,EWB,MA,ANE,EN,Federal Contract Tower,0,8,3,0,11,0,2,21,0,23,0,10,24,0,34,4,0,4,38
09/06/2022,EWB,MA,ANE,EN,Federal Contract Tower,0,8,6,0,14,0,2,0,0,2,0,10,6,0,16,0,0,0,16
09/07/2022,EWB,MA,ANE,EN,Federal Contract Tower,0,5,30,4,39,0,4,13,0,17,0,9,43,4,56,12,0,12,68
09/08/2022,EWB,MA,ANE,EN,Federal Contract Tower,0,2,20,2,24,0,9,63,4,76,0,11,83,6,100,86,6,92,192
09/09/2022,EWB,MA,ANE,EN,Federal Contract Tower,0,4,14,0,18,0,5,64,0,69,0,9,78,0,87,142,0,142,229
09/10/2022,EWB,MA,ANE,EN,Federal Contract Tower,0,2,6,0,8,0,16,76,2,94,0,18,82,2,102,150,0,150,252
09/11/2022,EWB,MA,ANE,EN,Federal Contract Tower,0,2,20,0,22,0,3,65,0,68,0,5,85,0,90,160,0,160,250
09/12/2022,EWB,MA,ANE,EN,Federal Contract Tower,0,12,16,0,28,0,0,0,0,0,0,12,16,0,28,0,0,0,28
09/13/2022,EWB,MA,ANE,EN,Federal Contract Tower,0,11,10,0,21,0,0,0,0,0,0,11,10,0,21,0,0,0,21
09/14/2022,EWB,MA,ANE,EN,Federal Contract Tower,0,6,11,2,19,0,13,90,0,103,0,19,101,2,122,102,2,104,226
09/15/2022,EWB,MA,ANE,EN,Federal Contract Tower,0,4,22,0,26,0,9,103,2,114,0,13,125,2,140,182,0,182,322
09/16/2022,EWB,MA,ANE,EN,Federal Contract Tower,0,2,22,0,24,0,11,106,0,117,0,13,128,0,141,110,0,110,251
09/17/2022,EWB,MA,ANE,EN,Federal Contract Tower,0,5,9,0,14,0,6,79,0,85,0,11,88,0,99,138,0,138,237
09/18/2022,EWB,MA,ANE,EN,Federal Contract Tower,0,7,6,0,13,0,4,53,0,57,0,11,59,0,70,66,0,66,136
09/19/2022,EWB,MA,ANE,EN,Federal Contract Tower,0,5,13,0,18,0,0,0,0,0,0,5,13,0,18,0,0,0,18
09/20/2022,EWB,MA,ANE,EN,Federal Contract Tower,0,7,22,0,29,0,0,0,0,0,0,7,22,0,29,0,0,0,29
09/21/2022,EWB,MA,ANE,EN,Federal Contract Tower,0,9,48,0,57,0,7,75,0,82,0,16,123,0,139,98,0,98,237
09/22/2022,EWB,MA,ANE,EN,Federal Contract Tower,0,9,4,0,13,0,0,1,0,1,0,9,5,0,14,4,0,4,18
09/23/2022,EWB,MA,ANE,EN,Federal Contract Tower,0,4,11,0,15,0,7,57,2,66,0,11,68,2,81,84,8,92,173
09/24/2022,EWB,MA,ANE,EN,Federal Contract Tower,0,5,15,0,20,0,10,81,0,91,0,15,96,0,111,114,0,114,225
09/25/2022,EWB,MA,ANE,EN,Federal Contract Tower,0,6,5,0,11,0,3,91,0,94,0,9,96,0,105,138,0,138,243
09/26/2022,EWB,MA,ANE,EN,Federal Contract Tower,0,6,14,0,20,0,4,49,0,53,0,10,63,0,73,96,18,114,187
09/27/2022,EWB,MA,ANE,EN,Federal Contract Tower,0,4,8,0,12,0,7,80,0,87,0,11,88,0,99,118,10,128,227
09/28/2022,EWB,MA,ANE,EN,Federal Contract Tower,0,3,20,0,23,0,16,146,0,162,0,19,166,0,185,184,0,184,369
09/29/2022,EWB,MA,ANE,EN,Federal Contract Tower,0,1,26,0,27,0,5,112,0,117,0,6,138,0,144,148,0,148,292
09/30/2022,EWB,MA,ANE,EN,Federal Contract Tower,0,2,8,0,10,0,26,64,0,90,0,28,72,0,100,168,2,170,270
10/02/2022,EWB,MA,ANE,EN,Federal Contract Tower,0,3,3,0,6,0,4,1,0,5,0,7,4,0,11,0,0,0,11
10/03/2022,EWB,MA,ANE,EN,Federal Contract Tower,0,7,7,0,14,0,7,24,0,31,0,14,31,0,45,22,0,22,67
10/04/2022,EWB,MA,ANE,EN,Federal Contract Tower,0,11,8,0,19,0,1,3,0,4,0,12,11,0,23,0,0,0,23
10/05/2022,EWB,MA,ANE,EN,Federal Contract Tower,0,11,19,0,30,0,0,0,0,0,0,11,19,0,30,0,0,0,30
10/06/2022,EWB,MA,ANE,EN,Federal Contract Tower,0,11,21,0,32,0,8,68,4,80,0,19,89,4,112,104,2,106,218
10/07/2022,EWB,MA,ANE,EN,Federal Contract Tower,0,8,22,0,30,0,8,112,0,120,0,16,134,0,150,110,0,110,260
10/08/2022,EWB,MA,ANE,EN,Federal Contract Tower,0,6,20,0,26,0,3,76,0,79,0,9,96,0,105,168,0,168,273
10/10/2022,EWB,MA,ANE,EN,Federal Contract Tower,0,8,4,0,12,0,4,48,0,52,0,12,52,0,64,72,0,72,136
10/11/2022,EWB,MA,ANE,EN,Federal Contract Tower,0,4,17,0,21,0,15,68,0,83,0,19,85,0,104,98,0,98,202
10/12/2022,EWB,MA,ANE,EN,Federal Contract Tower,0,2,4,0,6,0,9,98,0,107,0,11,102,0,113,154,0,154,267
10/13/2022,EWB,MA,ANE,EN,Federal Contract Tower,0,12,14,0,26,0,9,25,0,34,0,21,39,0,60,46,0,46,106
10/14/2022,EWB,MA,ANE,EN,Federal Contract Tower,0,7,12,0,19,0,0,29,0,29,0,7,41,0,48,26,0,26,74
10/15/2022,EWB,MA,ANE,EN,Federal Contract Tower,0,7,11,0,18,0,2,93,2,97,0,9,104,2,115,118,0,118,233
10/16/2022,EWB,MA,ANE,EN,Federal Contract Tower,0,4,10,0,14,0,3,75,0,78,0,7,85,0,92,78,0,78,170
10/17/2022,EWB,MA,ANE,EN,Federal Contract Tower,0,4,5,0,9,0,6,39,2,47,0,10,44,2,56,58,2,60,116
10/18/2022,EWB,MA,ANE,EN,Federal Contract Tower,0,9,17,0,26,0,8,45,0,53,0,17,62,0,79,66,12,78,157
10/19/2022,EWB,MA,ANE,EN,Federal Contract Tower,0,1,24,0,25,0,10,89,0,99,0,11,113,0,124,114,8,122,246
10/20/2022,EWB,MA,ANE,EN,Federal Contract Tower,0,1,4,2,7,0,9,77,2,88,0,10,81,4,95,120,8,128,223
10/21/2022,EWB,MA,ANE,EN,Federal Contract Tower,0,3,16,0,19,0,6,109,2,117,0,9,125,2,136,116,0,116,252
10/22/2022,EWB,MA,ANE,EN,Federal Contract Tower,0,2,7,0,9,0,11,84,10,105,0,13,91,10,114,130,0,130,244
10/23/2022,EWB,MA,ANE,EN,Federal Contract Tower,0,3,11,0,14,0,1,15,0,16,0,4,26,0,30,32,0,32,62
10/24/2022,EWB,MA,ANE,EN,Federal Contract Tower,0,13,1,0,14,0,0,0,0,0,0,13,1,0,14,0,0,0,14
10/25/2022,EWB,MA,ANE,EN,Federal Contract Tower,0,14,8,0,22,0,0,0,0,0,0,14,8,0,22,0,0,0,22
10/26/2022,EWB,MA,ANE,EN,Federal Contract Tower,0,11,10,0,21,0,0,0,0,0,0,11,10,0,21,0,0,0,21
10/27/2022,EWB,MA,ANE,EN,Federal Contract Tower,0,12,8,0,20,0,20,91,0,111,0,32,99,0,131,156,4,160,291
10/28/2022,EWB,MA,ANE,EN,Federal Contract Tower,0,8,10,0,18,0,5,51,0,56,0,13,61,0,74,104,0,104,178
10/29/2022,EWB,MA,ANE,EN,Federal Contract Tower,0,13,7,0,20,0,13,96,10,119,0,26,103,10,139,106,4,110,249
10/30/2022,EWB,MA,ANE,EN,Federal Contract Tower,0,6,3,0,9,0,4,49,0,53,0,10,52,0,62,96,0,96,158
10/31/2022,EWB,MA,ANE,EN,Federal Contract Tower,0,5,15,1,21,0,0,5,0,5,0,5,20,1,26,20,0,20,46
11/01/2022,EWB,MA,ANE,EN,Federal Contract Tower,0,8,7,0,15,0,0,0,0,0,0,8,7,0,15,0,0,0,15
11/02/2022,EWB,MA,ANE,EN,Federal Contract Tower,0,0,16,0,16,0,8,112,4,124,0,8,128,4,140,150,6,156,296
11/03/2022,EWB,MA,ANE,EN,Federal Contract Tower,0,0,11,0,11,0,8,97,0,105,0,8,108,0,116,254,0,254,370
11/04/2022,EWB,MA,ANE,EN,Federal Contract Tower,0,2,9,0,11,0,4,49,0,53,0,6,58,0,64,78,0,78,142
11/05/2022,EWB,MA,ANE,EN,Federal Contract Tower,0,5,7,1,13,0,6,55,0,61,0,11,62,1,74,136,0,136,210
11/06/2022,EWB,MA,ANE,EN,Federal Contract Tower,0,8,15,0,23,0,2,40,0,42,0,10,55,0,65,56,0,56,121
11/07/2022,EWB,MA,ANE,EN,Federal Contract Tower,0,5,6,0,11,0,7,59,0,66,0,12,65,0,77,88,0,88,165
11/08/2022,EWB,MA,ANE,EN,Federal Contract Tower,0,0,4,0,4,0,9,60,0,69,0,9,64,0,73,96,0,96,169
11/09/2022,EWB,MA,ANE,EN,Federal Contract Tower,0,1,9,0,10,0,8,80,0,88,0,9,89,0,98,108,4,112,210
11/10/2022,EWB,MA,ANE,EN,Federal Contract Tower,0,0,7,0,7,0,7,87,0,94,0,7,94,0,101,96,0,96,197
11/11/2022,EWB,MA,ANE,EN,Federal Contract Tower,0,5,7,0,12,0,8,100,0,108,0,13,107,0,120,174,0,174,294
11/12/2022,EWB,MA,ANE,EN,Federal Contract Tower,0,1,4,0,5,0,1,5,0,6,0,2,9,0,11,0,0,0,11
11/13/2022,EWB,MA,ANE,EN,Federal Contract Tower,0,7,14,0,21,0,0,4,0,4,0,7,18,0,25,0,0,0,25
11/14/2022,EWB,MA,ANE,EN,Federal Contract Tower,0,0,15,0,15,0,7,88,6,101,0,7,103,6,116,134,10,144,260
11/15/2022,EWB,MA,ANE,EN,Federal Contract Tower,0,2,5,0,7,0,10,82,0,92,0,12,87,0,99,124,16,140,239
11/16/2022,EWB,MA,ANE,EN,Federal Contract Tower,0,5,4,0,9,0,8,9,0,17,0,13,13,0,26,6,14,20,46
11/17/2022,EWB,MA,ANE,EN,Federal Contract Tower,0,2,9,0,11,0,5,68,3,76,0,7,77,3,87,58,12,70,157
11/18/2022,EWB,MA,ANE,EN,Federal Contract Tower,0,3,12,0,15,0,3,57,0,60,0,6,69,0,75,80,12,92,167
11/19/2022,EWB,MA,ANE,EN,Federal Contract Tower,0,5,5,0,10,0,10,67,19,96,0,15,72,19,106,88,0,88,194
11/20/2022,EWB,MA,ANE,EN,Federal Contract Tower,0,2,0,0,2,0,2,15,0,17,0,4,15,0,19,6,0,6,25
11/21/2022,EWB,MA,ANE,EN,Federal Contract Tower,0,5,3,0,8,0,5,54,0,59,0,10,57,0,67,40,0,40,107
11/22/2022,EWB,MA,ANE,EN,Federal Contract Tower,0,5,13,3,21,0,7,91,5,103,0,12,104,8,124,112,2,114,238
11/23/2022,EWB,MA,ANE,EN,Federal Contract Tower,0,12,11,4,27,0,12,100,0,112,0,24,111,4,139,86,16,102,241
11/24/2022,EWB,MA,ANE,EN,Federal Contract Tower,0,1,0,0,1,0,4,0,4,8,0,5,0,4,9,0,0,0,9
11/25/2022,EWB,MA,ANE,EN,Federal Contract Tower,0,3,2,0,5,0,1,4,0,5,0,4,6,0,10,10,0,10,20
11/26/2022,EWB,MA,ANE,EN,Federal Contract Tower,0,4,5,0,9,0,4,61,2,67,0,8,66,2,76,96,16,112,188
11/27/2022,EWB,MA,ANE,EN,Federal Contract Tower,0,1,4,0,5,0,2,26,0,28,0,3,30,0,33,52,0,52,85
11/28/2022,EWB,MA,ANE,EN,Federal Contract Tower,0,2,12,0,14,0,6,59,1,66,0,8,71,1,80,84,4,88,168
11/29/2022,EWB,MA,ANE,EN,Federal Contract Tower,0,0,11,2,13,0,10,90,2,102,0,10,101,4,115,74,20,94,209
11/30/2022,EWB,MA,ANE,EN,Federal Contract Tower,0,2,7,0,9,0,4,9,0,13,0,6,16,0,22,16,0,16,38
12/01/2022,EWB,MA,ANE,EN,Federal Contract Tower,0,2,2,0,4,0,10,45,1,56,0,12,47,1,60,24,8,32,92
12/02/2022,EWB,MA,ANE,EN,Federal Contract Tower,0,1,13,2,16,0,14,88,3,105,0,15,101,5,121,98,4,102,223
12/03/2022,EWB,MA,ANE,EN,Federal Contract Tower,0,0,1,0,1,0,0,1,0,1,0,0,2,0,2,0,0,0,2
12/04/2022,EWB,MA,ANE,EN,Federal Contract Tower,0,0,17,0,17,0,2,88,2,92,0,2,105,2,109,138,0,138,247
12/05/2022,EWB,MA,ANE,EN,Federal Contract Tower,0,10,19,0,29,0,6,75,0,81,0,16,94,0,110,134,18,152,262
12/06/2022,EWB,MA,ANE,EN,Federal Contract Tower,0,2,13,0,15,0,10,72,0,82,0,12,85,0,97,92,0,92,189
12/07/2022,EWB,MA,ANE,EN,Federal Contract Tower,0,7,5,0,12,0,0,0,0,0,0,7,5,0,12,2,0,2,14
12/08/2022,EWB,MA,ANE,EN,Federal Contract Tower,0,3,23,0,26,0,7,100,0,107,0,10,123,0,133,158,0,158,291
12/09/2022,EWB,MA,ANE,EN,Federal Contract Tower,0,4,17,1,22,0,5,77,0,82,0,9,94,1,104,164,4,168,272
12/10/2022,EWB,MA,ANE,EN,Federal Contract Tower,0,3,6,0,9,0,0,0,0,0,0,3,6,0,9,0,0,0,9
12/11/2022,EWB,MA,ANE,EN,Federal Contract Tower,0,1,1,0,2,0,1,3,0,4,0,2,4,0,6,2,0,2,8
12/12/2022,EWB,MA,ANE,EN,Federal Contract Tower,0,2,3,0,5,0,10,0,0,10,0,12,3,0,15,4,0,4,19
12/13/2022,EWB,MA,ANE,EN,Federal Contract Tower,0,2,14,1,17,0,9,78,2,89,0,11,92,3,106,104,8,112,218
12/14/2022,EWB,MA,ANE,EN,Federal Contract Tower,0,0,6,0,6,0,17,58,0,75,0,17,64,0,81,38,0,38,119
12/15/2022,EWB,MA,ANE,EN,Federal Contract Tower,0,5,2,2,9,0,4,13,1,18,0,9,15,3,27,16,0,16,43
12/16/2022,EWB,MA,ANE,EN,Federal Contract Tower,0,5,5,0,10,0,0,0,0,0,0,5,5,0,10,0,0,0,10
12/18/2022,EWB,MA,ANE,EN,Federal Contract Tower,0,2,17,0,19,0,3,66,0,69,0,5,83,0,88,126,0,126,214
12/19/2022,EWB,MA,ANE,EN,Federal Contract Tower,0,2,8,0,10,0,5,37,0,42,0,7,45,0,52,68,0,68,120
12/20/2022,EWB,MA,ANE,EN,Federal Contract Tower,0,2,4,0,6,0,9,58,2,69,0,11,62,2,75,130,10,140,215
12/21/2022,EWB,MA,ANE,EN,Federal Contract Tower,0,4,17,0,21,0,15,109,0,124,0,19,126,0,145,116,0,116,261
12/22/2022,EWB,MA,ANE,EN,Federal Contract Tower,0,0,7,0,7,0,21,41,0,62,0,21,48,0,69,80,0,80,149
12/23/2022,EWB,MA,ANE,EN,Federal Contract Tower,0,0,1,0,1,0,0,0,0,0,0,0,1,0,1,0,0,0,1
12/24/2022,EWB,MA,ANE,EN,Federal Contract Tower,0,7,0,0,7,0,6,0,0,6,0,13,0,0,13,0,0,0,13
12/25/2022,EWB,MA,ANE,EN,Federal Contract Tower,0,0,1,0,1,0,1,0,0,1,0,1,1,0,2,0,0,0,2
12/26/2022,EWB,MA,ANE,EN,Federal Contract Tower,0,7,3,0,10,0,11,24,0,35,0,18,27,0,45,30,0,30,75
12/27/2022,EWB,MA,ANE,EN,Federal Contract Tower,0,5,18,0,23,0,14,83,0,97,0,19,101,0,120,126,0,126,246
12/28/2022,EWB,MA,ANE,EN,Federal Contract Tower,0,2,5,0,7,0,11,47,2,60,0,13,52,2,67,46,0,46,113
12/29/2022,EWB,MA,ANE,EN,Federal Contract Tower,0,3,8,0,11,0,17,108,0,125,0,20,116,0,136,128,0,128,264
12/30/2022,EWB,MA,ANE,EN,Federal Contract Tower,0,2,15,0,17,0,10,80,0,90,0,12,95,0,107,119,0,119,226
12/31/2022,EWB,MA,ANE,EN,Federal Contract Tower,0,2,1,0,3,0,0,0,0,0,0,2,1,0,3,0,0,0,3
01/01/2023,EWB,MA,ANE,EN,Federal Contract Tower,0,0,1,0,1,0,0,12,0,12,0,0,13,0,13,6,0,6,19
01/02/2023,EWB,MA,ANE,EN,Federal Contract Tower,0,1,8,0,9,0,3,39,0,42,0,4,47,0,51,40,0,40,91
01/03/2023,EWB,MA,ANE,EN,Federal Contract Tower,0,10,3,0,13,0,2,3,0,5,0,12,6,0,18,0,0,0,18
01/04/2023,EWB,MA,ANE,EN,Federal Contract Tower,0,4,3,0,7,0,0,0,0,0,0,4,3,0,7,0,0,0,7
01/05/2023,EWB,MA,ANE,EN,Federal Contract Tower,0,5,10,0,15,0,0,0,0,0,0,5,10,0,15,2,0,2,17
01/06/2023,EWB,MA,ANE,EN,Federal Contract Tower,0,4,0,0,4,0,0,0,0,0,0,4,0,0,4,0,0,0,4
01/07/2023,EWB,MA,ANE,EN,Federal Contract Tower,0,4,22,0,26,0,11,73,1,85,0,15,95,1,111,70,50,120,231
01/08/2023,EWB,MA,ANE,EN,Federal Contract Tower,0,0,10,0,10,0,1,74,2,77,0,1,84,2,87,140,2,142,229
01/09/2023,EWB,MA,ANE,EN,Federal Contract Tower,0,6,10,0,16,0,9,56,0,65,0,15,66,0,81,80,0,80,161
01/10/2023,EWB,MA,ANE,EN,Federal Contract Tower,0,0,22,0,22,0,7,87,0,94,0,7,109,0,116,182,0,182,298
01/12/2023,EWB,MA,ANE,EN,Federal Contract Tower,0,2,3,0,5,0,1,6,0,7,0,3,9,0,12,12,0,12,24
01/13/2023,EWB,MA,ANE,EN,Federal Contract Tower,0,8,3,0,11,0,0,0,0,0,0,8,3,0,11,0,0,0,11
01/14/2023,EWB,MA,ANE,EN,Federal Contract Tower,0,15,1,0,16,0,0,0,0,0,0,15,1,0,16,0,0,0,16
01/15/2023,EWB,MA,ANE,EN,Federal Contract Tower,0,3,2,0,5,0,0,0,0,0,0,3,2,0,5,0,0,0,5
01/16/2023,EWB,MA,ANE,EN,Federal Contract Tower,0,4,0,0,4,0,0,0,0,0,0,4,0,0,4,0,0,0,4
01/17/2023,EWB,MA,ANE,EN,Federal Contract Tower,0,2,6,0,8,0,6,62,0,68,0,8,68,0,76,98,12,110,186
01/18/2023,EWB,MA,ANE,EN,Federal Contract Tower,0,1,12,0,13,0,8,77,2,87,0,9,89,2,100,174,0,174,274
01/19/2023,EWB,MA,ANE,EN,Federal Contract Tower,0,11,13,0,24,0,23,47,0,70,0,34,60,0,94,64,0,64,158
01/20/2023,EWB,MA,ANE,EN,Federal Contract Tower,0,17,18,0,35,0,0,0,0,0,0,17,18,0,35,20,0,20,55
01/21/2023,EWB,MA,ANE,EN,Federal Contract Tower,0,1,10,0,11,0,2,32,0,34,0,3,42,0,45,116,0,116,161
01/22/2023,EWB,MA,ANE,EN,Federal Contract Tower,0,3,0,0,3,0,2,25,0,27,0,5,25,0,30,52,0,52,82
01/23/2023,EWB,MA,ANE,EN,Federal Contract Tower,0,6,0,0,6,0,1,0,0,1,0,7,0,0,7,0,0,0,7
01/24/2023,EWB,MA,ANE,EN,Federal Contract Tower,0,4,7,0,11,0,14,69,2,85,0,18,76,2,96,82,0,82,178
01/25/2023,EWB,MA,ANE,EN,Federal Contract Tower,0,2,4,2,8,0,8,56,0,64,0,10,60,2,72,78,0,78,150
01/26/2023,EWB,MA,ANE,EN,Federal Contract Tower,0,7,0,0,7,0,4,3,4,11,0,11,3,4,18,2,0,2,20
01/27/2023,EWB,MA,ANE,EN,Federal Contract Tower,0,2,15,0,17,0,15,104,0,119,0,17,119,0,136,146,0,146,282
01/28/2023,EWB,MA,ANE,EN,Federal Contract Tower,0,2,11,0,13,0,11,49,2,62,0,13,60,2,75,128,6,134,209
01/29/2023,EWB,MA,ANE,EN,Federal Contract Tower,0,1,6,0,7,0,0,51,0,51,0,1,57,0,58,54,0,54,112
01/30/2023,EWB,MA,ANE,EN,Federal Contract Tower,0,2,11,0,13,0,7,58,0,65,0,9,69,0,78,78,0,78,156
01/31/2023,EWB,MA,ANE,EN,Federal Contract Tower,0,2,6,0,8,0,8,26,0,34,0,10,32,0,42,18,8,26,68
02/01/2023,EWB,MA,ANE,EN,Federal Contract Tower,0,2,18,0,20,0,10,75,0,85,0,12,93,0,105,126,0,126,231
02/02/2023,EWB,MA,ANE,EN,Federal Contract Tower,0,2,22,0,24,0,7,80,2,89,0,9,102,2,113,106,8,114,227
02/03/2023,EWB,MA,ANE,EN,Federal Contract Tower,0,1,0,0,1,0,4,3,0,7,0,5,3,0,8,0,0,0,8
02/04/2023,EWB,MA,ANE,EN,Federal Contract Tower,0,0,4,0,4,0,0,15,0,15,0,0,19,0,19,30,0,30,49
02/05/2023,EWB,MA,ANE,EN,Federal Contract Tower,0,0,0,0,0,0,6,6,0,12,0,6,6,0,12,10,0,10,22
02/06/2023,EWB,MA,ANE,EN,Federal Contract Tower,0,2,9,0,11,0,2,22,0,24,0,4,31,0,35,20,0,20,55
02/07/2023,EWB,MA,ANE,EN,Federal Contract Tower,0,4,25,0,29,0,10,63,1,74,0,14,88,1,103,164,20,184,287
02/08/2023,EWB,MA,ANE,EN,Federal Contract Tower,0,5,18,0,23,0,22,84,0,106,0,27,102,0,129,172,0,172,301
02/09/2023,EWB,MA,ANE,EN,Federal Contract Tower,0,2,21,0,23,0,8,80,0,88,0,10,101,0,111,156,0,156,267
02/10/2023,EWB,MA,ANE,EN,Federal Contract Tower,0,3,8,0,11,0,2,20,0,22,0,5,28,0,33,42,0,42,75
02/11/2023,EWB,MA,ANE,EN,Federal Contract Tower,0,2,13,0,15,0,1,82,2,85,0,3,95,2,100,112,0,112,212
02/12/2023,EWB,MA,ANE,EN,Federal Contract Tower,0,0,20,0,20,0,3,86,0,89,0,3,106,0,109,148,0,148,257
02/13/2023,EWB,MA,ANE,EN,Federal Contract Tower,0,6,7,0,13,0,2,15,0,17,0,8,22,0,30,26,0,26,56
02/14/2023,EWB,MA,ANE,EN,Federal Contract Tower,0,1,14,0,15,0,6,73,3,82,0,7,87,3,97,118,0,118,215
02/15/2023,EWB,MA,ANE,EN,Federal Contract Tower,0,2,2,0,4,0,8,38,2,48,0,10,40,2,52,40,0,40,92
02/16/2023,EWB,MA,ANE,EN,Federal Contract Tower,0,3,13,0,16,0,11,88,0,99,0,14,101,0,115,146,0,146,261
02/17/2023,EWB,MA,ANE,EN,Federal Contract Tower,0,7,3,0,10,0,0,0,0,0,0,7,3,0,10,0,0,0,10
02/18/2023,EWB,MA,ANE,EN,Federal Contract Tower,0,2,16,0,18,0,0,70,1,71,0,2,86,1,89,100,0,100,189
02/19/2023,EWB,MA,ANE,EN,Federal Contract Tower,0,4,8,0,12,0,1,73,0,74,0,5,81,0,86,130,0,130,216
02/20/2023,EWB,MA,ANE,EN,Federal Contract Tower,0,4,10,0,14,0,1,14,0,15,0,5,24,0,29,22,0,22,51
02/21/2023,EWB,MA,ANE,EN,Federal Contract Tower,0,4,2,0,6,0,1,0,0,1,0,5,2,0,7,0,0,0,7
02/22/2023,EWB,MA,ANE,EN,Federal Contract Tower,0,7,14,0,21,0,15,64,0,79,0,22,78,0,100,142,0,142,242
02/23/2023,EWB,MA,ANE,EN,Federal Contract Tower,0,3,0,0,3,0,0,0,0,0,0,3,0,0,3,0,0,0,3
02/24/2023,EWB,MA,ANE,EN,Federal Contract Tower,0,3,4,0,7,0,2,8,0,10,0,5,12,0,17,0,0,0,17
02/25/2023,EWB,MA,ANE,EN,Federal Contract Tower,0,0,16,0,16,0,9,59,1,69,0,9,75,1,85,106,0,106,191
02/26/2023,EWB,MA,ANE,EN,Federal Contract Tower,0,1,5,0,6,0,2,37,0,39,0,3,42,0,45,154,0,154,199
02/27/2023,EWB,MA,ANE,EN,Federal Contract Tower,0,6,12,0,18,0,6,84,0,90,0,12,96,0,108,158,0,158,266
02/28/2023,EWB,MA,ANE,EN,Federal Contract Tower,0,1,0,0,1,0,0,0,0,0,0,1,0,0,1,0,0,0,1
03/01/2023,EWB,MA,ANE,EN,Federal Contract Tower,0,0,14,0,14,0,4,75,0,79,0,4,89,0,93,210,0,210,303
03/02/2023,EWB,MA,ANE,EN,Federal Contract Tower,0,4,0,0,4,0,1,2,0,3,0,5,2,0,7,0,0,0,7
03/03/2023,EWB,MA,ANE,EN,Federal Contract Tower,0,3,30,0,33,0,6,103,0,109,0,9,133,0,142,166,6,172,314
03/04/2023,EWB,MA,ANE,EN,Federal Contract Tower,0,3,1,0,4,0,0,0,0,0,0,3,1,0,4,0,0,0,4
03/05/2023,EWB,MA,ANE,EN,Federal Contract Tower,0,3,3,0,6,0,0,94,2,96,0,3,97,2,102,186,4,190,292
03/06/2023,EWB,MA,ANE,EN,Federal Contract Tower,0,8,10,0,18,0,4,46,0,50,0,12,56,0,68,50,12,62,130
03/07/2023,EWB,MA,ANE,EN,Federal Contract Tower,0,0,12,0,12,0,22,83,0,105,0,22,95,0,117,102,0,102,219
03/08/2023,EWB,MA,ANE,EN,Federal Contract Tower,0,0,6,2,8,0,9,23,6,38,0,9,29,8,46,12,14,26,72
03/09/2023,EWB,MA,ANE,EN,Federal Contract Tower,0,6,11,0,17,0,7,83,0,90,0,13,94,0,107,176,14,190,297
03/10/2023,EWB,MA,ANE,EN,Federal Contract Tower,0,5,16,0,21,0,4,101,2,107,0,9,117,2,128,156,6,162,290
03/11/2023,EWB,MA,ANE,EN,Federal Contract Tower,0,6,1,0,7,0,0,0,0,0,0,6,1,0,7,0,0,0,7
03/12/2023,EWB,MA,ANE,EN,Federal Contract Tower,0,1,10,0,11,0,4,60,0,64,0,5,70,0,75,134,0,134,209
03/13/2023,EWB,MA,ANE,EN,Federal Contract Tower,0,2,2,0,4,0,4,17,0,21,0,6,19,0,25,60,0,60,85
03/15/2023,EWB,MA,ANE,EN,Federal Contract Tower,0,0,6,0,6,0,3,7,0,10,0,3,13,0,16,10,0,10,26
03/16/2023,EWB,MA,ANE,EN,Federal Contract Tower,0,5,35,0,40,0,3,100,0,103,0,8,135,0,143,128,0,128,271
03/17/2023,EWB,MA,ANE,EN,Federal Contract Tower,0,1,20,0,21,0,10,86,0,96,0,11,106,0,117,190,0,190,307
03/18/2023,EWB,MA,ANE,EN,Federal Contract Tower,0,4,28,0,32,0,1,61,0,62,0,5,89,0,94,144,0,144,238
03/19/2023,EWB,MA,ANE,EN,Federal Contract Tower,0,0,14,0,14,0,0,25,0,25,0,0,39,0,39,8,0,8,47
03/20/2023,EWB,MA,ANE,EN,Federal Contract Tower,0,5,20,0,25,0,10,61,0,71,0,15,81,0,96,144,0,144,240
03/21/2023,EWB,MA,ANE,EN,Federal Contract Tower,0,1,21,0,22,0,11,99,0,110,0,12,120,0,132,140,0,140,272
03/22/2023,EWB,MA,ANE,EN,Federal Contract Tower,0,0,20,1,21,0,9,76,2,87,0,9,96,3,108,148,0,148,256
03/23/2023,EWB,MA,ANE,EN,Federal Contract Tower,0,3,4,0,7,0,2,12,0,14,0,5,16,0,21,2,2,4,25
03/24/2023,EWB,MA,ANE,EN,Federal Contract Tower,0,12,17,2,31,0,27,82,0,109,0,39,99,2,140,146,8,154,294
03/25/2023,EWB,MA,ANE,EN,Federal Contract Tower,0,4,11,0,15,0,4,19,0,23,0,8,30,0,38,64,0,64,102
03/26/2023,EWB,MA,ANE,EN,Federal Contract Tower,0,1,12,0,13,0,1,53,0,54,0,2,65,0,67,32,0,32,99
03/27/2023,EWB,MA,ANE,EN,Federal Contract Tower,0,3,23,0,26,0,6,81,0,87,0,9,104,0,113,124,0,124,237
03/28/2023,EWB,MA,ANE,EN,Federal Contract Tower,0,8,2,0,10,0,8,9,0,17,0,16,11,0,27,20,2,22,49
03/29/2023,EWB,MA,ANE,EN,Federal Contract Tower,0,4,18,0,22,0,13,103,0,116,0,17,121,0,138,166,2,168,306
03/30/2023,EWB,MA,ANE,EN,Federal Contract Tower,0,3,7,0,10,0,10,58,7,75,0,13,65,7,85,80,2,82,167
03/31/2023,EWB,MA,ANE,EN,Federal Contract Tower,0,1,15,0,16,0,5,71,0,76,0,6,86,0,92,170,2,172,264
04/01/2023,EWB,MA,ANE,EN,Federal Contract Tower,0,4,3,0,7,0,0,0,0,0,0,4,3,0,7,0,0,0,7
04/02/2023,EWB,MA,ANE,EN,Federal Contract Tower,0,0,2,0,2,0,8,42,0,50,0,8,44,0,52,64,0,64,116
04/03/2023,EWB,MA,ANE,EN,Federal Contract Tower,0,1,4,0,5,0,6,52,2,60,0,7,56,2,65,72,2,74,139
04/04/2023,EWB,MA,ANE,EN,Federal Contract Tower,0,1,12,0,13,0,5,81,0,86,0,6,93,0,99,102,0,102,201
04/05/2023,EWB,MA,ANE,EN,Federal Contract Tower,0,3,13,2,18,0,2,0,0,2,0,5,13,2,20,0,0,0,20
04/06/2023,EWB,MA,ANE,EN,Federal Contract Tower,0,3,5,0,8,0,2,8,0,10,0,5,13,0,18,38,0,38,56
04/07/2023,EWB,MA,ANE,EN,Federal Contract Tower,0,3,5,0,8,0,6,56,0,62,0,9,61,0,70,90,0,90,160
04/08/2023,EWB,MA,ANE,EN,Federal Contract Tower,0,1,2,0,3,0,2,85,0,87,0,3,87,0,90,238,0,238,328
04/09/2023,EWB,MA,ANE,EN,Federal Contract Tower,0,0,9,0,9,0,0,59,0,59,0,0,68,0,68,120,0,120,188
04/10/2023,EWB,MA,ANE,EN,Federal Contract Tower,0,3,26,1,30,0,1,76,0,77,0,4,102,1,107,136,2,138,245
04/11/2023,EWB,MA,ANE,EN,Federal Contract Tower,0,5,17,2,24,0,3,62,2,67,0,8,79,4,91,80,4,84,175
04/12/2023,EWB,MA,ANE,EN,Federal Contract Tower,0,5,7,0,12,0,3,32,0,35,0,8,39,0,47,44,0,44,91
04/13/2023,EWB,MA,ANE,EN,Federal Contract Tower,0,7,20,0,27,0,5,106,0,111,0,12,126,0,138,204,0,204,342
04/14/2023,EWB,MA,ANE,EN,Federal Contract Tower,0,2,16,0,18,0,8,80,0,88,0,10,96,0,106,236,0,236,342
04/15/2023,EWB,MA,ANE,EN,Federal Contract Tower,0,0,12,0,12,0,0,9,0,9,0,0,21,0,21,0,0,0,21
04/16/2023,EWB,MA,ANE,EN,Federal Contract Tower,0,1,10,0,11,0,0,1,0,1,0,1,11,0,12,0,0,0,12
04/17/2023,EWB,MA,ANE,EN,Federal Contract Tower,0,8,3,0,11,0,0,0,0,0,0,8,3,0,11,0,0,0,11
04/18/2023,EWB,MA,ANE,EN,Federal Contract Tower,0,3,2,0,5,0,4,43,0,47,0,7,45,0,52,26,0,26,78
04/19/2023,EWB,MA,ANE,EN,Federal Contract Tower,0,5,2,0,7,0,3,67,0,70,0,8,69,0,77,80,0,80,157
04/20/2023,EWB,MA,ANE,EN,Federal Contract Tower,0,3,8,0,11,0,7,77,0,84,0,10,85,0,95,164,0,164,259
04/21/2023,EWB,MA,ANE,EN,Federal Contract Tower,0,1,15,0,16,0,1,103,0,104,0,2,118,0,120,234,0,234,354
04/22/2023,EWB,MA,ANE,EN,Federal Contract Tower,0,4,13,0,17,0,0,5,0,5,0,4,18,0,22,42,0,42,64
04/23/2023,EWB,MA,ANE,EN,Federal Contract Tower,0,12,3,0,15,0,0,0,0,0,0,12,3,0,15,0,0,0,15
04/24/2023,EWB,MA,ANE,EN,Federal Contract Tower,0,12,21,0,33,0,0,42,0,42,0,12,63,0,75,90,0,90,165
04/25/2023,EWB,MA,ANE,EN,Federal Contract Tower,0,9,28,0,37,0,0,81,6,87,0,9,109,6,124,148,22,170,294
04/26/2023,EWB,MA,ANE,EN,Federal Contract Tower,0,0,5,0,5,0,10,44,0,54,0,10,49,0,59,176,0,176,235
04/27/2023,EWB,MA,ANE,EN,Federal Contract Tower,0,9,19,0,28,0,4,40,0,44,0,13,59,0,72,102,6,108,180
04/28/2023,EWB,MA,ANE,EN,Federal Contract Tower,0,7,16,0,23,0,1,71,0,72,0,8,87,0,95,174,0,174,269
04/29/2023,EWB,MA,ANE,EN,Federal Contract Tower,0,7,6,0,13,0,0,47,0,47,0,7,53,0,60,152,0,152,212
05/01/2023,EWB,MA,ANE,EN,Federal Contract Tower,0,6,8,0,14,0,2,19,0,21,0,8,27,0,35,48,0,48,83
05/02/2023,EWB,MA,ANE,EN,Federal Contract Tower,0,1,16,0,17,0,4,51,0,55,0,5,67,0,72,82,0,82,154
05/03/2023,EWB,MA,ANE,EN,Federal Contract Tower,0,7,14,0,21,0,5,87,0,92,0,12,101,0,113,160,0,160,273
05/04/2023,EWB,MA,ANE,EN,Federal Contract Tower,0,9,1,0,10,0,2,1,0,3,0,11,2,0,13,6,0,6,19
05/05/2023,EWB,MA,ANE,EN,Federal Contract Tower,0,9,34,0,43,0,10,41,0,51,0,19,75,0,94,106,0,106,200
05/06/2023,EWB,MA,ANE,EN,Federal Contract Tower,0,11,6,0,17,0,2,101,0,103,0,13,107,0,120,118,0,118,238
05/07/2023,EWB,MA,ANE,EN,Federal Contract Tower,0,1,8,0,9,0,0,84,0,84,0,1,92,0,93,162,0,162,255
05/08/2023,EWB,MA,ANE,EN,Federal Contract Tower,0,4,16,0,20,0,2,61,0,63,0,6,77,0,83,70,0,70,153
05/09/2023,EWB,MA,ANE,EN,Federal Contract Tower,0,4,13,2,19,0,5,55,0,60,0,9,68,2,79,110,2,112,191
05/10/2023,EWB,MA,ANE,EN,Federal Contract Tower,0,5,13,0,18,0,11,95,2,108,0,16,108,2,126,156,0,156,282
05/11/2023,EWB,MA,ANE,EN,Federal Contract Tower,0,1,25,0,26,0,6,86,2,94,0,7,111,2,120,97,0,97,217
05/12/2023,EWB,MA,ANE,EN,Federal Contract Tower,0,1,14,0,15,0,2,51,0,53,0,3,65,0,68,158,0,158,226
05/13/2023,EWB,MA,ANE,EN,Federal Contract Tower,0,1,10,0,11,0,3,56,0,59,0,4,66,0,70,74,0,74,144
05/14/2023,EWB,MA,ANE,EN,Federal Contract Tower,0,0,7,0,7,0,1,77,0,78,0,1,84,0,85,126,0,126,211
05/15/2023,EWB,MA,ANE,EN,Federal Contract Tower,0,2,11,0,13,0,5,56,0,61,0,7,67,0,74,188,2,190,264
05/16/2023,EWB,MA,ANE,EN,Federal Contract Tower,0,0,12,0,12,0,5,43,0,48,0,5,55,0,60,76,0,76,136
05/17/2023,EWB,MA,ANE,EN,Federal Contract Tower,0,0,13,0,13,0,1,65,0,66,0,1,78,0,79,82,0,82,161
05/18/2023,EWB,MA,ANE,EN,Federal Contract Tower,0,5,17,0,22,0,5,80,0,85,0,10,97,0,107,138,0,138,245
05/19/2023,EWB,MA,ANE,EN,Federal Contract Tower,0,3,22,0,25,0,2,61,0,63,0,5,83,0,88,178,0,178,266
05/20/2023,EWB,MA,ANE,EN,Federal Contract Tower,0,5,8,0,13,0,0,0,0,0,0,5,8,0,13,2,0,2,15
05/21/2023,EWB,MA,ANE,EN,Federal Contract Tower,0,1,39,0,40,0,2,80,0,82,0,3,119,0,122,136,0,136,258
05/22/2023,EWB,MA,ANE,EN,Federal Contract Tower,0,8,25,2,35,0,9,56,2,67,0,17,81,4,102,162,0,162,264
05/23/2023,EWB,MA,ANE,EN,Federal Contract Tower,0,5,20,0,25,0,5,86,0,91,0,10,106,0,116,148,0,148,264
05/25/2023,EWB,MA,ANE,EN,Federal Contract Tower,0,7,12,0,19,0,4,93,0,97,0,11,105,0,116,272,2,274,390
05/26/2023,EWB,MA,ANE,EN,Federal Contract Tower,0,2,23,0,25,0,2,66,0,68,0,4,89,0,93,188,0,188,281
05/27/2023,EWB,MA,ANE,EN,Federal Contract Tower,0,2,20,0,22,0,1,75,0,76,0,3,95,0,98,128,0,128,226
05/28/2023,EWB,MA,ANE,EN,Federal Contract Tower,0,1,6,0,7,0,2,43,0,45,0,3,49,0,52,116,0,116,168
05/29/2023,EWB,MA,ANE,EN,Federal Contract Tower,0,7,24,0,31,0,9,10,0,19,0,16,34,0,50,0,0,0,50
05/30/2023,EWB,MA,ANE,EN,Federal Contract Tower,0,5,21,1,27,0,6,84,0,90,0,11,105,1,117,182,2,184,301
06/01/2023,EWB,MA,ANE,EN,Federal Contract Tower,0,6,16,0,22,0,3,85,4,92,0,9,101,4,114,236,24,260,374
06/02/2023,EWB,MA,ANE,EN,Federal Contract Tower,0,7,19,0,26,0,2,61,0,63,0,9,80,0,89,180,0,180,269
06/03/2023,EWB,MA,ANE,EN,Federal Contract Tower,0,8,9,0,17,0,0,0,0,0,0,8,9,0,17,0,0,0,17
06/04/2023,EWB,MA,ANE,EN,Federal Contract Tower,0,8,3,0,11,0,0,2,0,2,0,8,5,0,13,6,0,6,19
06/05/2023,EWB,MA,ANE,EN,Federal Contract Tower,0,7,19,0,26,0,2,6,0,8,0,9,25,0,34,16,0,16,50
06/06/2023,EWB,MA,ANE,EN,Federal Contract Tower,0,4,14,0,18,0,6,45,2,53,0,10,59,2,71,84,0,84,155
06/07/2023,EWB,MA,ANE,EN,Federal Contract Tower,0,6,17,0,23,0,4,75,2,81,0,10,92,2,104,96,22,118,222
06/08/2023,EWB,MA,ANE,EN,Federal Contract Tower,0,15,19,0,34,0,19,61,4,84,0,34,80,4,118,72,6,78,196
06/09/2023,EWB,MA,ANE,EN,Federal Contract Tower,0,14,12,0,26,0,8,25,2,35,0,22,37,2,61,68,2,70,131
06/10/2023,EWB,MA,ANE,EN,Federal Contract Tower,0,4,12,0,16,0,1,20,0,21,0,5,32,0,37,76,2,78,115
06/11/2023,EWB,MA,ANE,EN,Federal Contract Tower,0,4,15,0,19,0,0,83,2,85,0,4,98,2,104,144,0,144,248
06/12/2023,EWB,MA,ANE,EN,Federal Contract Tower,0,3,26,0,29,0,3,32,0,35,0,6,58,0,64,50,0,50,114
06/13/2023,EWB,MA,ANE,EN,Federal Contract Tower,0,16,8,0,24,0,3,24,4,31,0,19,32,4,55,56,16,72,127
06/14/2023,EWB,MA,ANE,EN,Federal Contract Tower,0,5,18,0,23,0,10,46,0,56,0,15,64,0,79,102,0,102,181
06/15/2023,EWB,MA,ANE,EN,Federal Contract Tower,0,7,28,0,35,0,5,92,0,97,0,12,120,0,132,204,0,204,336
06/16/2023,EWB,MA,ANE,EN,Federal Contract Tower,0,6,13,0,19,0,2,58,0,60,0,8,71,0,79,74,0,74,153
06/17/2023,EWB,MA,ANE,EN,Federal Contract Tower,0,5,5,0,10,0,0,2,0,2,0,5,7,0,12,0,0,0,12
06/18/2023,EWB,MA,ANE,EN,Federal Contract Tower,0,4,13,0,17,0,2,22,0,24,0,6,35,0,41,88,0,88,129
06/19/2023,EWB,MA,ANE,EN,Federal Contract Tower,0,3,17,0,20,0,3,29,0,32,0,6,46,0,52,26,0,26,78
06/20/2023,EWB,MA,ANE,EN,Federal Contract Tower,0,0,14,0,14,0,3,71,0,74,0,3,85,0,88,84,0,84,172
06/21/2023,EWB,MA,ANE,EN,Federal Contract Tower,0,6,26,0,32,0,9,105,0,114,0,15,131,0,146,192,0,192,338
06/22/2023,EWB,MA,ANE,EN,Federal Contract Tower,0,4,29,1,34,0,4,56,1,61,0,8,85,2,95,112,0,112,207
06/23/2023,EWB,MA,ANE,EN,Federal Contract Tower,0,11,22,0,33,0,1,32,0,33,0,12,54,0,66,54,2,56,122
06/24/2023,EWB,MA,ANE,EN,Federal Contract Tower,0,10,12,0,22,0,0,5,0,5,0,10,17,0,27,28,0,28,55
06/25/2023,EWB,MA,ANE,EN,Federal Contract Tower,0,7,19,0,26,0,0,32,0,32,0,7,51,0,58,84,0,84,142
06/26/2023,EWB,MA,ANE,EN,Federal Contract Tower,0,12,11,0,23,0,0,9,0,9,0,12,20,0,32,44,0,44,76
06/27/2023,EWB,MA,ANE,EN,Federal Contract Tower,0,24,14,0,38,0,4,6,0,10,0,28,20,0,48,0,0,0,48
06/28/2023,EWB,MA,ANE,EN,Federal Contract Tower,0,6,14,0,20,0,1,7,0,8,0,7,21,0,28,0,0,0,28
06/29/2023,EWB,MA,ANE,EN,Federal Contract Tower,0,6,15,0,21,0,8,42,2,52,0,14,57,2,73,116,0,116,189
06/30/2023,EWB,MA,ANE,EN,Federal Contract Tower,0,9,25,0,34,0,3,71,0,74,0,12,96,0,108,188,0,188,296
07/01/2023,EWB,MA,ANE,EN,Federal Contract Tower,0,12,17,0,29,0,1,33,0,34,0,13,50,0,63,74,0,74,137
07/02/2023,EWB,MA,ANE,EN,Federal Contract Tower,0,8,18,0,26,0,0,1,0,1,0,8,19,0,27,0,0,0,27
07/03/2023,EWB,MA,ANE,EN,Federal Contract Tower,0,8,6,0,14,0,2,16,0,18,0,10,22,0,32,10,0,10,42
07/04/2023,EWB,MA,ANE,EN,Federal Contract Tower,0,6,5,0,11,0,0,2,0,2,0,6,7,0,13,0,0,0,13
07/05/2023,EWB,MA,ANE,EN,Federal Contract Tower,0,5,26,0,31,0,3,68,0,71,0,8,94,0,102,98,0,98,200
07/06/2023,EWB,MA,ANE,EN,Federal Contract Tower,0,7,13,0,20,0,2,70,2,74,0,9,83,2,94,163,0,163,257
07/07/2023,EWB,MA,ANE,EN,Federal Contract Tower,0,6,35,0,41,0,5,38,0,43,0,11,73,0,84,68,0,68,152
07/08/2023,EWB,MA,ANE,EN,Federal Contract Tower,0,9,25,0,34,0,8,40,0,48,0,17,65,0,82,80,0,80,162
07/09/2023,EWB,MA,ANE,EN,Federal Contract Tower,0,14,16,0,30,0,0,9,0,9,0,14,25,0,39,54,0,54,93
07/10/2023,EWB,MA,ANE,EN,Federal Contract Tower,0,7,17,0,24,0,0,0,0,0,0,7,17,0,24,0,0,0,24
07/11/2023,EWB,MA,ANE,EN,Federal Contract Tower,0,5,20,0,25,0,4,83,2,89,0,9,103,2,114,92,2,94,208
07/12/2023,EWB,MA,ANE,EN,Federal Contract Tower,0,4,12,0,16,0,3,92,0,95,0,7,104,0,111,108,0,108,219
07/13/2023,EWB,MA,ANE,EN,Federal Contract Tower,0,5,8,0,13,0,1,56,2,59,0,6,64,2,72,110,14,124,196
07/14/2023,EWB,MA,ANE,EN,Federal Contract Tower,0,8,5,0,13,0,2,3,0,5,0,10,8,0,18,14,0,14,32
07/15/2023,EWB,MA,ANE,EN,Federal Contract Tower,0,5,7,0,12,0,4,10,0,14,0,9,17,0,26,34,0,34,60
07/17/2023,EWB,MA,ANE,EN,Federal Contract Tower,0,5,19,0,24,0,2,51,0,53,0,7,70,0,77,108,0,108,185
07/18/2023,EWB,MA,ANE,EN,Federal Contract Tower,0,9,23,0,32,0,0,6,0,6,0,9,29,0,38,30,0,30,68
07/19/2023,EWB,MA,ANE,EN,Federal Contract Tower,0,5,19,0,24,0,2,73,0,75,0,7,92,0,99,180,16,196,295
07/20/2023,EWB,MA,ANE,EN,Federal Contract Tower,0,6,17,0,23,0,8,95,0,103,0,14,112,0,126,204,0,204,330
07/21/2023,EWB,MA,ANE,EN,Federal Contract Tower,0,12,15,0,27,0,4,20,0,24,0,16,35,0,51,78,0,78,129
07/22/2023,EWB,MA,ANE,EN,Federal Contract Tower,0,17,7,0,24,0,3,40,0,43,0,20,47,0,67,60,0,60,127
07/23/2023,EWB,MA,ANE,EN,Federal Contract Tower,0,8,11,0,19,0,4,61,0,65,0,12,72,0,84,126,0,126,210
07/24/2023,EWB,MA,ANE,EN,Federal Contract Tower,0,2,22,0,24,0,5,71,0,76,0,7,93,0,100,126,0,126,226
07/25/2023,EWB,MA,ANE,EN,Federal Contract Tower,0,8,15,0,23,0,6,35,0,41,0,14,50,0,64,96,2,98,162
07/26/2023,EWB,MA,ANE,EN,Federal Contract Tower,0,6,21,1,28,0,2,78,0,80,0,8,99,1,108,106,10,116,224
07/27/2023,EWB,MA,ANE,EN,Federal Contract Tower,0,10,18,2,30,0,5,6,2,13,0,15,24,4,43,8,0,8,51
07/28/2023,EWB,MA,ANE,EN,Federal Contract Tower,0,11,9,0,20,0,6,83,9,98,0,17,92,9,118,104,2,106,224
07/29/2023,EWB,MA,ANE,EN,Federal Contract Tower,0,2,9,0,11,0,4,24,0,28,0,6,33,0,39,72,0,72,111
07/30/2023,EWB,MA,ANE,EN,Federal Contract Tower,0,5,7,0,12,0,2,69,0,71,0,7,76,0,83,136,0,136,219
07/31/2023,EWB,MA,ANE,EN,Federal Contract Tower,0,3,32,0,35,0,4,101,0,105,0,7,133,0,140,182,0,182,322
08/01/2023,EWB,MA,ANE,EN,Federal Contract Tower,0,6,13,0,19,0,2,86,0,88,0,8,99,0,107,102,0,102,209
08/02/2023,EWB,MA,ANE,EN,Federal Contract Tower,0,7,4,0,11,0,4,127,1,132,0,11,131,1,143,266,0,266,409
08/03/2023,EWB,MA,ANE,EN,Federal Contract Tower,0,6,2,0,8,0,4,67,0,71,0,10,69,0,79,140,0,140,219
08/04/2023,EWB,MA,ANE,EN,Federal Contract Tower,0,4,28,0,32,0,2,19,0,21,0,6,47,0,53,34,0,34,87
08/05/2023,EWB,MA,ANE,EN,Federal Contract Tower,0,6,4,0,10,0,3,32,0,35,0,9,36,0,45,46,0,46,91
08/06/2023,EWB,MA,ANE,EN,Federal Contract Tower,0,12,13,0,25,0,4,48,11,63,0,16,61,11,88,56,16,72,160
08/07/2023,EWB,MA,ANE,EN,Federal Contract Tower,0,12,4,0,16,0,7,22,0,29,0,19,26,0,45,8,0,8,53
08/08/2023,EWB,MA,ANE,EN,Federal Contract Tower,0,11,16,0,27,0,3,13,0,16,0,14,29,0,43,24,0,24,67
08/09/2023,EWB,MA,ANE,EN,Federal Contract Tower,0,8,14,0,22,0,9,74,2,85,0,17,88,2,107,74,6,80,187
08/10/2023,EWB,MA,ANE,EN,Federal Contract Tower,0,10,22,0,32,0,6,71,0,77,0,16,93,0,109,102,0,102,211
08/11/2023,EWB,MA,ANE,EN,Federal Contract Tower,0,12,8,0,20,0,7,89,0,96,0,19,97,0,116,32,0,32,148
08/12/2023,EWB,MA,ANE,EN,Federal Contract Tower,0,10,17,0,27,0,4,44,0,48,0,14,61,0,75,48,2,50,125
08/13/2023,EWB,MA,ANE,EN,Federal Contract Tower,0,5,14,0,19,0,2,18,0,20,0,7,32,0,39,24,0,24,63
08/14/2023,EWB,MA,ANE,EN,Federal Contract Tower,0,7,18,0,25,0,5,104,0,109,0,12,122,0,134,146,0,146,280
08/15/2023,EWB,MA,ANE,EN,Federal Contract Tower,0,13,8,0,21,0,0,4,0,4,0,13,12,0,25,0,0,0,25
08/16/2023,EWB,MA,ANE,EN,Federal Contract Tower,0,6,20,2,28,1,0,10,0,11,1,6,30,2,39,0,0,0,39
08/18/2023,EWB,MA,ANE,EN,Federal Contract Tower,0,12,18,0,30,0,5,6,0,11,0,17,24,0,41,4,0,4,45
08/19/2023,EWB,MA,ANE,EN,Federal Contract Tower,0,9,11,0,20,0,11,43,0,54,0,20,54,0,74,98,0,98,172
08/20/2023,EWB,MA,ANE,EN,Federal Contract Tower,0,5,15,0,20,0,4,65,0,69,0,9,80,0,89,122,0,122,211
08/21/2023,EWB,MA,ANE,EN,Federal Contract Tower,0,4,15,0,19,0,5,86,0,91,0,9,101,0,110,222,0,222,332
08/22/2023,EWB,MA,ANE,EN,Federal Contract Tower,0,5,12,0,17,0,4,73,0,77,0,9,85,0,94,138,0,138,232
08/23/2023,EWB,MA,ANE,EN,Federal Contract Tower,0,12,10,4,26,0,4,85,0,89,0,16,95,4,115,232,0,232,347
08/24/2023,EWB,MA,ANE,EN,Federal Contract Tower,0,7,17,0,24,0,3,95,0,98,0,10,112,0,122,290,0,290,412
08/25/2023,EWB,MA,ANE,EN,Federal Contract Tower,0,15,9,0,24,0,1,0,0,1,0,16,9,0,25,0,0,0,25
08/26/2023,EWB,MA,ANE,EN,Federal Contract Tower,0,8,15,0,23,0,0,13,0,13,0,8,28,0,36,2,0,2,38
08/27/2023,EWB,MA,ANE,EN,Federal Contract Tower,0,10,16,0,26,0,5,2,0,7,0,15,18,0,33,14,0,14,47
08/28/2023,EWB,MA,ANE,EN,Federal Contract Tower,0,3,13,0,16,0,4,29,2,35,0,7,42,2,51,64,0,64,115
08/29/2023,EWB,MA,ANE,EN,Federal Contract Tower,0,5,7,0,12,0,0,0,0,0,0,5,7,0,12,0,0,0,12
08/30/2023,EWB,MA,ANE,EN,Federal Contract Tower,0,6,5,0,11,0,0,16,0,16,0,6,21,0,27,68,42,110,137
08/31/2023,EWB,MA,ANE,EN,Federal Contract Tower,0,1,13,0,14,0,3,88,0,91,0,4,101,0,105,160,0,160,265
01/01/2020,EWB,MA,ANE,EN,Federal Contract Tower,0,0,0,0,0,0,9,17,0,26,0,9,17,0,26,26,0,26,52
01/02/2020,EWB,MA,ANE,EN,Federal Contract Tower,0,5,8,0,13,0,6,72,0,78,0,11,80,0,91,116,2,118,209
01/03/2020,EWB,MA,ANE,EN,Federal Contract Tower,0,5,11,2,18,0,10,37,0,47,0,15,48,2,65,88,0,88,153
01/04/2020,EWB,MA,ANE,EN,Federal Contract Tower,0,2,1,0,3,0,0,0,0,0,0,2,1,0,3,0,0,0,3
01/05/2020,EWB,MA,ANE,EN,Federal Contract Tower,0,0,6,0,6,0,3,6,0,9,0,3,12,0,15,14,0,14,29
01/06/2020,EWB,MA,ANE,EN,Federal Contract Tower,0,0,5,0,5,0,2,41,0,43,0,2,46,0,48,54,0,54,102
01/07/2020,EWB,MA,ANE,EN,Federal Contract Tower,0,0,0,0,0,0,0,0,0,0,0,0,0,0,0,120,2,122,122
01/08/2020,EWB,MA,ANE,EN,Federal Contract Tower,0,4,4,0,8,0,2,50,2,54,0,6,54,2,62,76,0,76,138
01/09/2020,EWB,MA,ANE,EN,Federal Contract Tower,0,3,7,0,10,0,8,65,0,73,0,11,72,0,83,80,0,80,163
01/10/2020,EWB,MA,ANE,EN,Federal Contract Tower,0,6,2,0,8,0,5,21,0,26,0,11,23,0,34,56,0,56,90
01/11/2020,EWB,MA,ANE,EN,Federal Contract Tower,0,3,9,0,12,0,1,8,0,9,0,4,17,0,21,4,0,4,25
01/12/2020,EWB,MA,ANE,EN,Federal Contract Tower,0,3,1,0,4,0,2,13,0,15,0,5,14,0,19,0,0,0,19
01/13/2020,EWB,MA,ANE,EN,Federal Contract Tower,0,2,5,0,7,0,1,10,0,11,0,3,15,0,18,0,0,0,18
01/14/2020,EWB,MA,ANE,EN,Federal Contract Tower,0,1,15,0,16,0,2,7,0,9,0,3,22,0,25,2,0,2,27
01/15/2020,EWB,MA,ANE,EN,Federal Contract Tower,0,3,14,0,17,0,6,125,0,131,0,9,139,0,148,138,2,140,288
01/16/2020,EWB,MA,ANE,EN,Federal Contract Tower,0,1,5,0,6,0,3,1,0,4,0,4,6,0,10,0,4,4,14
01/17/2020,EWB,MA,ANE,EN,Federal Contract Tower,0,3,4,0,7,0,5,22,0,27,0,8,26,0,34,2,0,2,36
01/18/2020,EWB,MA,ANE,EN,Federal Contract Tower,0,2,16,0,18,0,2,38,0,40,0,4,54,0,58,116,0,116,174
01/19/2020,EWB,MA,ANE,EN,Federal Contract Tower,0,1,0,0,1,0,1,29,0,30,0,2,29,0,31,28,0,28,59
01/20/2020,EWB,MA,ANE,EN,Federal Contract Tower,0,9,12,0,21,0,6,42,0,48,0,15,54,0,69,66,0,66,135
01/21/2020,EWB,MA,ANE,EN,Federal Contract Tower,0,4,10,0,14,0,10,109,5,124,0,14,119,5,138,106,10,116,254
01/22/2020,EWB,MA,ANE,EN,Federal Contract Tower,0,0,10,0,10,0,3,96,0,99,0,3,106,0,109,164,2,166,275
01/23/2020,EWB,MA,ANE,EN,Federal Contract Tower,0,4,13,0,17,0,3,84,0,87,0,7,97,0,104,174,2,176,280
01/24/2020,EWB,MA,ANE,EN,Federal Contract Tower,0,1,4,0,5,0,2,108,0,110,0,3,112,0,115,176,0,176,291
01/25/2020,EWB,MA,ANE,EN,Federal Contract Tower,0,2,4,0,6,0,1,2,0,3,0,3,6,0,9,0,0,0,9
01/26/2020,EWB,MA,ANE,EN,Federal Contract Tower,0,3,5,0,8,0,2,48,0,50,0,5,53,0,58,104,0,104,162
01/27/2020,EWB,MA,ANE,EN,Federal Contract Tower,0,0,13,0,13,0,2,65,0,67,0,2,78,0,80,102,0,102,182
01/28/2020,EWB,MA,ANE,EN,Federal Contract Tower,0,3,5,0,8,0,7,67,0,74,0,10,72,0,82,148,4,152,234
01/29/2020,EWB,MA,ANE,EN,Federal Contract Tower,0,0,7,0,7,0,3,76,0,79,0,3,83,0,86,110,12,122,208
01/30/2020,EWB,MA,ANE,EN,Federal Contract Tower,0,0,13,0,13,0,3,74,0,77,0,3,87,0,90,92,6,98,188
01/31/2020,EWB,MA,ANE,EN,Federal Contract Tower,0,1,17,0,18,0,3,81,0,84,0,4,98,0,102,118,0,118,220
02/01/2020,EWB,MA,ANE,EN,Federal Contract Tower,0,3,1,0,4,0,0,1,0,1,0,3,2,0,5,0,0,0,5
02/02/2020,EWB,MA,ANE,EN,Federal Contract Tower,0,1,12,0,13,0,2,43,0,45,0,3,55,0,58,88,0,88,146
02/03/2020,EWB,MA,ANE,EN,Federal Contract Tower,0,1,13,0,14,0,3,56,0,59,0,4,69,0,73,86,0,86,159
02/04/2020,EWB,MA,ANE,EN,Federal Contract Tower,0,1,12,0,13,0,3,41,0,44,0,4,53,0,57,52,2,54,111
02/05/2020,EWB,MA,ANE,EN,Federal Contract Tower,0,9,15,0,24,0,8,56,0,64,0,17,71,0,88,72,12,84,172
02/06/2020,EWB,MA,ANE,EN,Federal Contract Tower,0,5,0,0,5,0,0,0,0,0,0,5,0,0,5,0,0,0,5
02/07/2020,EWB,MA,ANE,EN,Federal Contract Tower,0,2,0,0,2,0,0,0,0,0,0,2,0,0,2,0,0,0,2
02/08/2020,EWB,MA,ANE,EN,Federal Contract Tower,0,0,1,0,1,0,3,53,0,56,0,3,54,0,57,42,6,48,105
02/09/2020,EWB,MA,ANE,EN,Federal Contract Tower,0,2,26,0,28,0,4,74,0,78,0,6,100,0,106,142,0,142,248
02/10/2020,EWB,MA,ANE,EN,Federal Contract Tower,0,4,4,0,8,0,1,11,0,12,0,5,15,0,20,8,0,8,28
02/11/2020,EWB,MA,ANE,EN,Federal Contract Tower,0,4,1,0,5,0,0,0,0,0,0,4,1,0,5,0,0,0,5
02/12/2020,EWB,MA,ANE,EN,Federal Contract Tower,0,6,11,0,17,0,11,129,0,140,0,17,140,0,157,244,0,244,401
02/13/2020,EWB,MA,ANE,EN,Federal Contract Tower,0,20,2,0,22,0,0,0,0,0,0,20,2,0,22,6,0,6,28
02/14/2020,EWB,MA,ANE,EN,Federal Contract Tower,0,4,4,1,9,0,4,74,0,78,0,8,78,1,87,80,0,80,167
02/15/2020,EWB,MA,ANE,EN,Federal Contract Tower,0,1,13,1,15,0,2,83,0,85,0,3,96,1,100,144,0,144,244
02/16/2020,EWB,MA,ANE,EN,Federal Contract Tower,0,1,28,0,29,0,8,40,0,48,0,9,68,0,77,32,0,32,109
02/17/2020,EWB,MA,ANE,EN,Federal Contract Tower,0,2,5,0,7,0,2,56,0,58,0,4,61,0,65,32,0,32,97
02/18/2020,EWB,MA,ANE,EN,Federal Contract Tower,0,1,4,0,5,0,1,12,0,13,0,2,16,0,18,34,0,34,52
02/19/2020,EWB,MA,ANE,EN,Federal Contract Tower,0,3,5,2,10,0,8,52,0,60,0,11,57,2,70,72,2,74,144
02/20/2020,EWB,MA,ANE,EN,Federal Contract Tower,0,2,19,0,21,0,3,88,0,91,0,5,107,0,112,172,0,172,284
02/21/2020,EWB,MA,ANE,EN,Federal Contract Tower,0,1,10,2,13,0,4,105,3,112,0,5,115,5,125,166,12,178,303
02/22/2020,EWB,MA,ANE,EN,Federal Contract Tower,0,0,16,0,16,0,3,75,0,78,0,3,91,0,94,138,0,138,232
02/23/2020,EWB,MA,ANE,EN,Federal Contract Tower,0,0,7,0,7,0,3,86,0,89,0,3,93,0,96,156,2,158,254
02/24/2020,EWB,MA,ANE,EN,Federal Contract Tower,0,2,8,0,10,0,4,59,0,63,0,6,67,0,73,58,0,58,131
02/25/2020,EWB,MA,ANE,EN,Federal Contract Tower,0,5,8,0,13,0,21,12,0,33,0,26,20,0,46,40,0,40,86
02/26/2020,EWB,MA,ANE,EN,Federal Contract Tower,0,14,7,2,23,0,14,10,0,24,0,28,17,2,47,12,12,24,71
02/27/2020,EWB,MA,ANE,EN,Federal Contract Tower,0,2,1,0,3,0,10,1,0,11,0,12,2,0,14,0,0,0,14
02/28/2020,EWB,MA,ANE,EN,Federal Contract Tower,0,0,5,0,5,0,5,17,0,22,0,5,22,0,27,36,0,36,63
02/29/2020,EWB,MA,ANE,EN,Federal Contract Tower,0,0,8,0,8,0,6,93,0,99,0,6,101,0,107,142,0,142,249
03/01/2020,EWB,MA,ANE,EN,Federal Contract Tower,0,0,17,0,17,0,1,79,0,80,0,1,96,0,97,144,0,144,241
03/02/2020,EWB,MA,ANE,EN,Federal Contract Tower,0,0,4,0,4,0,7,37,0,44,0,7,41,0,48,22,0,22,70
03/03/2020,EWB,MA,ANE,EN,Federal Contract Tower,0,5,7,0,12,0,5,77,1,83,0,10,84,1,95,116,0,116,211
03/04/2020,EWB,MA,ANE,EN,Federal Contract Tower,0,2,6,2,10,0,7,5,2,14,0,9,11,4,24,0,0,0,24
03/05/2020,EWB,MA,ANE,EN,Federal Contract Tower,0,2,17,0,19,0,4,90,0,94,0,6,107,0,113,174,2,176,289
03/06/2020,EWB,MA,ANE,EN,Federal Contract Tower,0,1,8,0,9,0,12,40,0,52,0,13,48,0,61,86,4,90,151
03/07/2020,EWB,MA,ANE,EN,Federal Contract Tower,0,0,0,0,0,0,0,0,0,0,0,0,0,0,0,2,12,14,14
03/08/2020,EWB,MA,ANE,EN,Federal Contract Tower,0,0,9,0,9,0,6,68,0,74,0,6,77,0,83,64,0,64,147
03/09/2020,EWB,MA,ANE,EN,Federal Contract Tower,0,1,17,0,18,0,5,62,0,67,0,6,79,0,85,98,0,98,183
03/10/2020,EWB,MA,ANE,EN,Federal Contract Tower,0,1,3,0,4,0,3,39,0,42,0,4,42,0,46,50,0,50,96
03/11/2020,EWB,MA,ANE,EN,Federal Contract Tower,0,5,8,0,13,0,5,113,0,118,0,10,121,0,131,148,2,150,281
03/12/2020,EWB,MA,ANE,EN,Federal Contract Tower,0,4,18,6,28,0,8,57,0,65,0,12,75,6,93,158,4,162,255
03/13/2020,EWB,MA,ANE,EN,Federal Contract Tower,0,6,0,0,6,0,0,0,0,0,0,6,0,0,6,0,0,0,6
03/14/2020,EWB,MA,ANE,EN,Federal Contract Tower,0,6,7,0,13,0,16,22,0,38,0,22,29,0,51,42,0,42,93
03/15/2020,EWB,MA,ANE,EN,Federal Contract Tower,0,1,6,0,7,0,1,54,0,55,0,2,60,0,62,66,0,66,128
03/16/2020,EWB,MA,ANE,EN,Federal Contract Tower,0,5,7,0,12,0,4,35,0,39,0,9,42,0,51,30,0,30,81
03/17/2020,EWB,MA,ANE,EN,Federal Contract Tower,0,17,3,0,20,0,16,0,0,16,0,33,3,0,36,2,0,2,38
03/18/2020,EWB,MA,ANE,EN,Federal Contract Tower,0,2,1,0,3,0,6,73,0,79,0,8,74,0,82,0,0,0,82
03/19/2020,EWB,MA,ANE,EN,Federal Contract Tower,0,7,4,0,11,0,0,0,0,0,0,7,4,0,11,0,0,0,11
03/20/2020,EWB,MA,ANE,EN,Federal Contract Tower,0,4,2,0,6,0,0,0,0,0,0,4,2,0,6,0,0,0,6
03/21/2020,EWB,MA,ANE,EN,Federal Contract Tower,0,5,4,0,9,0,6,43,0,49,0,11,47,0,58,38,0,38,96
03/22/2020,EWB,MA,ANE,EN,Federal Contract Tower,0,1,11,0,12,0,3,51,2,56,0,4,62,2,68,96,6,102,170
03/23/2020,EWB,MA,ANE,EN,Federal Contract Tower,0,11,8,0,19,0,2,10,0,12,0,13,18,0,31,10,0,10,41
03/24/2020,EWB,MA,ANE,EN,Federal Contract Tower,0,6,1,0,7,0,6,10,0,16,0,12,11,0,23,20,2,22,45
03/25/2020,EWB,MA,ANE,EN,Federal Contract Tower,0,5,10,0,15,0,10,5,0,15,0,15,15,0,30,28,0,28,58
03/26/2020,EWB,MA,ANE,EN,Federal Contract Tower,0,1,8,0,9,0,3,21,0,24,0,4,29,0,33,16,2,18,51
03/27/2020,EWB,MA,ANE,EN,Federal Contract Tower,0,1,1,4,6,0,4,32,0,36,0,5,33,4,42,14,0,14,56
03/28/2020,EWB,MA,ANE,EN,Federal Contract Tower,0,1,8,0,9,0,0,34,0,34,0,1,42,0,43,58,2,60,103
03/29/2020,EWB,MA,ANE,EN,Federal Contract Tower,0,1,3,0,4,0,0,0,0,0,0,1,3,0,4,0,0,0,4
03/30/2020,EWB,MA,ANE,EN,Federal Contract Tower,0,4,2,0,6,0,0,0,0,0,0,4,2,0,6,4,0,4,10
03/31/2020,EWB,MA,ANE,EN,Federal Contract Tower,0,2,5,0,7,0,6,6,0,12,0,8,11,0,19,28,0,28,47
04/02/2020,EWB,MA,ANE,EN,Federal Contract Tower,0,2,2,0,4,0,1,2,2,5,0,3,4,2,9,0,0,0,9
04/03/2020,EWB,MA,ANE,EN,Federal Contract Tower,0,1,2,0,3,0,1,0,0,1,0,2,2,0,4,2,0,2,6
04/04/2020,EWB,MA,ANE,EN,Federal Contract Tower,0,0,0,0,0,0,0,0,0,0,0,0,0,0,0,0,2,2,2
04/05/2020,EWB,MA,ANE,EN,Federal Contract Tower,0,2,12,0,14,0,0,25,2,27,0,2,37,2,41,40,4,44,85
04/06/2020,EWB,MA,ANE,EN,Federal Contract Tower,0,0,4,0,4,0,2,23,0,25,0,2,27,0,29,42,0,42,71
04/07/2020,EWB,MA,ANE,EN,Federal Contract Tower,0,2,9,0,11,0,7,30,4,41,0,9,39,4,52,24,0,24,76
04/08/2020,EWB,MA,ANE,EN,Federal Contract Tower,0,1,2,0,3,0,1,5,0,6,0,2,7,0,9,20,0,20,29
04/09/2020,EWB,MA,ANE,EN,Federal Contract Tower,0,2,4,0,6,0,2,0,0,2,0,4,4,0,8,0,0,0,8
04/10/2020,EWB,MA,ANE,EN,Federal Contract Tower,0,1,0,0,1,0,3,0,0,3,0,4,0,0,4,0,0,0,4
04/11/2020,EWB,MA,ANE,EN,Federal Contract Tower,0,0,1,0,1,0,0,5,0,5,0,0,6,0,6,10,0,10,16
04/12/2020,EWB,MA,ANE,EN,Federal Contract Tower,0,1,6,0,7,0,2,22,0,24,0,3,28,0,31,22,0,22,53
04/13/2020,EWB,MA,ANE,EN,Federal Contract Tower,0,0,0,0,0,0,0,0,0,0,0,0,0,0,0,0,0,0,0
04/14/2020,EWB,MA,ANE,EN,Federal Contract Tower,0,2,4,0,6,0,28,13,0,41,0,30,17,0,47,10,0,10,57
04/15/2020,EWB,MA,ANE,EN,Federal Contract Tower,0,1,0,0,1,0,3,10,0,13,0,4,10,0,14,0,0,0,14
04/16/2020,EWB,MA,ANE,EN,Federal Contract Tower,0,0,2,0,2,0,4,19,0,23,0,4,21,0,25,14,0,14,39
04/17/2020,EWB,MA,ANE,EN,Federal Contract Tower,0,0,1,0,1,0,3,10,0,13,0,3,11,0,14,0,0,0,14
04/18/2020,EWB,MA,ANE,EN,Federal Contract Tower,0,0,0,0,0,0,0,0,0,0,0,0,0,0,0,0,0,0,0
04/19/2020,EWB,MA,ANE,EN,Federal Contract Tower,0,0,6,0,6,0,0,40,0,40,0,0,46,0,46,11,0,11,57
04/20/2020,EWB,MA,ANE,EN,Federal Contract Tower,0,11,2,0,13,0,16,11,0,27,0,27,13,0,40,16,0,16,56
04/21/2020,EWB,MA,ANE,EN,Federal Contract Tower,0,4,0,0,4,0,8,4,0,12,0,12,4,0,16,6,0,6,22
04/22/2020,EWB,MA,ANE,EN,Federal Contract Tower,0,1,2,0,3,0,6,8,0,14,0,7,10,0,17,0,0,0,17
04/23/2020,EWB,MA,ANE,EN,Federal Contract Tower,0,2,5,0,7,0,14,23,0,37,0,16,28,0,44,22,0,22,66
04/24/2020,EWB,MA,ANE,EN,Federal Contract Tower,0,0,0,0,0,0,5,0,0,5,0,5,0,0,5,0,0,0,5
04/25/2020,EWB,MA,ANE,EN,Federal Contract Tower,0,0,14,0,14,0,2,75,0,77,0,2,89,0,91,74,0,74,165
04/26/2020,EWB,MA,ANE,EN,Federal Contract Tower,0,2,2,0,4,0,1,2,0,3,0,3,4,0,7,0,0,0,7
04/27/2020,EWB,MA,ANE,EN,Federal Contract Tower,0,2,0,0,2,0,0,0,0,0,0,2,0,0,2,0,0,0,2
04/28/2020,EWB,MA,ANE,EN,Federal Contract Tower,0,1,4,0,5,0,2,15,0,17,0,3,19,0,22,38,0,38,60
04/29/2020,EWB,MA,ANE,EN,Federal Contract Tower,0,1,4,0,5,0,2,40,0,42,0,3,44,0,47,52,0,52,99
04/30/2020,EWB,MA,ANE,EN,Federal Contract Tower,0,5,1,0,6,0,1,0,0,1,0,6,1,0,7,0,0,0,7
05/01/2020,EWB,MA,ANE,EN,Federal Contract Tower,0,3,3,0,6,0,4,9,0,13,0,7,12,0,19,14,0,14,33
05/02/2020,EWB,MA,ANE,EN,Federal Contract Tower,0,9,4,0,13,0,6,37,0,43,0,15,41,0,56,36,0,36,92
05/03/2020,EWB,MA,ANE,EN,Federal Contract Tower,0,0,4,0,4,0,2,23,0,25,0,2,27,0,29,8,2,10,39
05/04/2020,EWB,MA,ANE,EN,Federal Contract Tower,0,0,2,0,2,0,3,9,0,12,0,3,11,0,14,8,0,8,22
05/05/2020,EWB,MA,ANE,EN,Federal Contract Tower,0,0,1,0,1,0,2,15,0,17,0,2,16,0,18,12,0,12,30
05/06/2020,EWB,MA,ANE,EN,Federal Contract Tower,0,4,3,0,7,0,2,16,0,18,0,6,19,0,25,16,0,16,41
05/07/2020,EWB,MA,ANE,EN,Federal Contract Tower,0,2,7,0,9,0,5,30,2,37,0,7,37,2,46,44,12,56,102
05/08/2020,EWB,MA,ANE,EN,Federal Contract Tower,0,2,4,0,6,0,2,6,0,8,0,4,10,0,14,2,0,2,16
05/10/2020,EWB,MA,ANE,EN,Federal Contract Tower,0,1,0,0,1,0,0,10,0,10,0,1,10,0,11,0,0,0,11
05/11/2020,EWB,MA,ANE,EN,Federal Contract Tower,0,1,3,0,4,0,4,3,0,7,0,5,6,0,11,10,0,10,21
05/12/2020,EWB,MA,ANE,EN,Federal Contract Tower,0,1,4,0,5,0,11,18,0,29,0,12,22,0,34,12,4,16,50
05/13/2020,EWB,MA,ANE,EN,Federal Contract Tower,0,0,6,0,6,0,3,32,0,35,0,3,38,0,41,6,0,6,47
05/14/2020,EWB,MA,ANE,EN,Federal Contract Tower,0,4,8,0,12,0,4,57,0,61,0,8,65,0,73,50,0,50,123
05/15/2020,EWB,MA,ANE,EN,Federal Contract Tower,0,1,4,0,5,0,7,8,0,15,0,8,12,0,20,2,0,2,22
05/16/2020,EWB,MA,ANE,EN,Federal Contract Tower,0,6,1,0,7,0,3,42,0,45,0,9,43,0,52,82,0,82,134
05/17/2020,EWB,MA,ANE,EN,Federal Contract Tower,0,0,2,0,2,0,0,41,0,41,0,0,43,0,43,58,0,58,101
05/18/2020,EWB,MA,ANE,EN,Federal Contract Tower,0,5,3,0,8,0,9,25,0,34,0,14,28,0,42,46,0,46,88
05/19/2020,EWB,MA,ANE,EN,Federal Contract Tower,0,4,0,0,4,0,3,6,0,9,0,7,6,0,13,10,0,10,23
05/20/2020,EWB,MA,ANE,EN,Federal Contract Tower,0,5,6,0,11,0,22,39,0,61,0,27,45,0,72,68,4,72,144
05/21/2020,EWB,MA,ANE,EN,Federal Contract Tower,0,10,7,0,17,0,36,27,0,63,0,46,34,0,80,20,0,20,100
05/22/2020,EWB,MA,ANE,EN,Federal Contract Tower,0,5,1,0,6,0,4,42,0,46,0,9,43,0,52,22,0,22,74
05/23/2020,EWB,MA,ANE,EN,Federal Contract Tower,0,2,4,0,6,0,0,0,0,0,0,2,4,0,6,0,0,0,6
05/24/2020,EWB,MA,ANE,EN,Federal Contract Tower,0,0,14,0,14,0,0,35,0,35,0,0,49,0,49,38,0,38,87
05/25/2020,EWB,MA,ANE,EN,Federal Contract Tower,0,3,10,0,13,0,5,19,0,24,0,8,29,0,37,0,0,0,37
05/26/2020,EWB,MA,ANE,EN,Federal Contract Tower,0,8,4,0,12,0,4,19,0,23,0,12,23,0,35,16,0,16,51
05/27/2020,EWB,MA,ANE,EN,Federal Contract Tower,0,7,5,2,14,0,2,17,2,21,0,9,22,4,35,24,0,24,59
05/28/2020,EWB,MA,ANE,EN,Federal Contract Tower,0,4,3,0,7,0,2,2,0,4,0,6,5,0,11,16,0,16,27
05/29/2020,EWB,MA,ANE,EN,Federal Contract Tower,0,11,5,0,16,0,0,0,0,0,0,11,5,0,16,4,0,4,20
05/30/2020,EWB,MA,ANE,EN,Federal Contract Tower,0,2,2,0,4,0,2,36,0,38,0,4,38,0,42,54,0,54,96
05/31/2020,EWB,MA,ANE,EN,Federal Contract Tower,0,4,15,0,19,0,2,53,0,55,0,6,68,0,74,82,0,82,156
06/01/2020,EWB,MA,ANE,EN,Federal Contract Tower,0,1,8,2,11,0,2,29,0,31,0,3,37,2,42,16,0,16,58
06/02/2020,EWB,MA,ANE,EN,Federal Contract Tower,0,5,0,0,5,0,5,33,0,38,0,10,33,0,43,70,0,70,113
06/03/2020,EWB,MA,ANE,EN,Federal Contract Tower,0,6,1,0,7,0,7,23,3,33,0,13,24,3,40,28,0,28,68
06/04/2020,EWB,MA,ANE,EN,Federal Contract Tower,0,2,10,0,12,0,6,44,2,52,0,8,54,2,64,92,8,100,164
06/05/2020,EWB,MA,ANE,EN,Federal Contract Tower,0,3,6,0,9,0,0,7,2,9,0,3,13,2,18,6,0,6,24
06/06/2020,EWB,MA,ANE,EN,Federal Contract Tower,0,2,9,0,11,0,0,2,0,2,0,2,11,0,13,14,6,20,33
06/07/2020,EWB,MA,ANE,EN,Federal Contract Tower,0,2,12,0,14,0,8,51,0,59,0,10,63,0,73,0,0,0,73
06/08/2020,EWB,MA,ANE,EN,Federal Contract Tower,0,0,10,0,10,0,7,48,1,56,0,7,58,1,66,94,0,94,160
06/09/2020,EWB,MA,ANE,EN,Federal Contract Tower,0,7,6,2,15,0,9,43,2,54,0,16,49,4,69,64,2,66,135
06/10/2020,EWB,MA,ANE,EN,Federal Contract Tower,0,10,13,0,23,0,3,54,0,57,0,13,67,0,80,66,0,66,146
06/11/2020,EWB,MA,ANE,EN,Federal Contract Tower,0,4,7,0,11,0,2,0,0,2,0,6,7,0,13,0,0,0,13
06/12/2020,EWB,MA,ANE,EN,Federal Contract Tower,0,5,16,0,21,0,4,39,0,43,0,9,55,0,64,44,0,44,108
06/13/2020,EWB,MA,ANE,EN,Federal Contract Tower,0,2,7,0,9,0,1,66,0,67,0,3,73,0,76,164,0,164,240
06/14/2020,EWB,MA,ANE,EN,Federal Contract Tower,0,7,15,0,22,0,2,77,0,79,0,9,92,0,101,90,0,90,191
06/15/2020,EWB,MA,ANE,EN,Federal Contract Tower,0,4,11,0,15,0,2,15,0,17,0,6,26,0,32,16,0,16,48
06/16/2020,EWB,MA,ANE,EN,Federal Contract Tower,0,12,7,0,19,0,13,51,0,64,0,25,58,0,83,62,8,70,153
06/17/2020,EWB,MA,ANE,EN,Federal Contract Tower,0,1,7,0,8,0,10,55,0,65,0,11,62,0,73,80,12,92,165
06/18/2020,EWB,MA,ANE,EN,Federal Contract Tower,0,6,20,0,26,0,6,22,0,28,0,12,42,0,54,56,4,60,114
06/19/2020,EWB,MA,ANE,EN,Federal Contract Tower,0,5,8,0,13,0,2,41,0,43,0,7,49,0,56,51,0,51,107
06/20/2020,EWB,MA,ANE,EN,Federal Contract Tower,0,2,15,0,17,0,4,60,0,64,0,6,75,0,81,44,0,44,125
06/21/2020,EWB,MA,ANE,EN,Federal Contract Tower,0,2,16,0,18,0,2,38,0,40,0,4,54,0,58,86,0,86,144
06/22/2020,EWB,MA,ANE,EN,Federal Contract Tower,0,5,10,2,17,0,5,33,3,41,0,10,43,5,58,30,24,54,112
06/23/2020,EWB,MA,ANE,EN,Federal Contract Tower,0,4,17,0,21,0,1,21,0,22,0,5,38,0,43,24,0,24,67
06/24/2020,EWB,MA,ANE,EN,Federal Contract Tower,0,6,10,2,18,0,0,34,0,34,0,6,44,2,52,28,2,30,82
06/25/2020,EWB,MA,ANE,EN,Federal Contract Tower,0,2,15,0,17,0,4,38,0,42,0,6,53,0,59,28,4,32,91
06/26/2020,EWB,MA,ANE,EN,Federal Contract Tower,0,12,7,0,19,0,13,42,0,55,0,25,49,0,74,78,0,78,152
06/27/2020,EWB,MA,ANE,EN,Federal Contract Tower,0,7,14,0,21,0,5,48,2,55,0,12,62,2,76,70,4,74,150
06/28/2020,EWB,MA,ANE,EN,Federal Contract Tower,0,4,15,0,19,0,2,62,0,64,0,6,77,0,83,116,2,118,201
06/29/2020,EWB,MA,ANE,EN,Federal Contract Tower,0,4,14,2,20,0,0,1,0,1,0,4,15,2,21,0,0,0,21
06/30/2020,EWB,MA,ANE,EN,Federal Contract Tower,0,33,14,6,53,0,0,3,0,3,0,33,17,6,56,0,0,0,56
07/01/2020,EWB,MA,ANE,EN,Federal Contract Tower,0,11,13,0,24,0,8,18,0,26,0,19,31,0,50,30,0,30,80
07/02/2020,EWB,MA,ANE,EN,Federal Contract Tower,0,4,4,0,8,0,7,72,0,79,0,11,76,0,87,146,0,146,233
07/03/2020,EWB,MA,ANE,EN,Federal Contract Tower,0,12,9,0,21,0,3,6,0,9,0,15,15,0,30,14,0,14,44
07/04/2020,EWB,MA,ANE,EN,Federal Contract Tower,0,5,5,0,10,0,1,21,0,22,0,6,26,0,32,32,0,32,64
07/05/2020,EWB,MA,ANE,EN,Federal Contract Tower,0,9,13,0,22,0,0,27,0,27,0,9,40,0,49,54,0,54,103
07/06/2020,EWB,MA,ANE,EN,Federal Contract Tower,0,12,19,0,31,0,4,32,0,36,0,16,51,0,67,54,0,54,121
07/07/2020,EWB,MA,ANE,EN,Federal Contract Tower,0,4,13,0,17,0,3,60,0,63,0,7,73,0,80,144,0,144,224
07/08/2020,EWB,MA,ANE,EN,Federal Contract Tower,0,3,30,1,34,0,0,32,0,32,0,3,62,1,66,101,0,101,167
07/09/2020,EWB,MA,ANE,EN,Federal Contract Tower,0,21,29,0,50,0,0,43,4,47,0,21,72,4,97,58,0,58,155
07/10/2020,EWB,MA,ANE,EN,Federal Contract Tower,0,12,3,0,15,0,6,15,0,21,0,18,18,0,36,12,2,14,50
07/11/2020,EWB,MA,ANE,EN,Federal Contract Tower,0,11,8,0,19,0,5,20,0,25,0,16,28,0,44,46,0,46,90
07/12/2020,EWB,MA,ANE,EN,Federal Contract Tower,0,3,27,0,30,0,6,66,0,72,0,9,93,0,102,100,0,100,202
07/13/2020,EWB,MA,ANE,EN,Federal Contract Tower,0,10,3,0,13,0,3,20,0,23,0,13,23,0,36,64,0,64,100
07/14/2020,EWB,MA,ANE,EN,Federal Contract Tower,0,17,7,1,25,0,12,15,0,27,0,29,22,1,52,40,10,50,102
07/15/2020,EWB,MA,ANE,EN,Federal Contract Tower,0,8,30,0,38,0,7,86,0,93,0,15,116,0,131,166,12,178,309
07/16/2020,EWB,MA,ANE,EN,Federal Contract Tower,0,6,29,1,36,0,11,70,1,82,0,17,99,2,118,128,20,148,266
07/17/2020,EWB,MA,ANE,EN,Federal Contract Tower,0,9,8,0,17,0,2,0,0,2,0,11,8,0,19,0,0,0,19
07/18/2020,EWB,MA,ANE,EN,Federal Contract Tower,0,4,14,0,18,0,6,84,0,90,0,10,98,0,108,58,0,58,166
07/19/2020,EWB,MA,ANE,EN,Federal Contract Tower,0,7,14,0,21,0,0,51,0,51,0,7,65,0,72,32,0,32,104
07/20/2020,EWB,MA,ANE,EN,Federal Contract Tower,0,7,12,0,19,0,1,41,0,42,0,8,53,0,61,46,0,46,107
07/21/2020,EWB,MA,ANE,EN,Federal Contract Tower,0,4,21,0,25,0,7,97,0,104,0,11,118,0,129,138,0,138,267
07/22/2020,EWB,MA,ANE,EN,Federal Contract Tower,0,9,11,0,20,0,9,54,0,63,0,18,65,0,83,138,0,138,221
07/23/2020,EWB,MA,ANE,EN,Federal Contract Tower,0,3,9,0,12,0,2,57,0,59,0,5,66,0,71,80,0,80,151
07/24/2020,EWB,MA,ANE,EN,Federal Contract Tower,0,2,17,0,19,0,9,89,0,98,0,11,106,0,117,180,0,180,297
07/25/2020,EWB,MA,ANE,EN,Federal Contract Tower,0,7,9,0,16,0,5,66,0,71,0,12,75,0,87,68,0,68,155
07/26/2020,EWB,MA,ANE,EN,Federal Contract Tower,0,3,10,0,13,0,6,61,0,67,0,9,71,0,80,34,0,34,114
07/27/2020,EWB,MA,ANE,EN,Federal Contract Tower,0,3,9,0,12,0,5,34,0,39,0,8,43,0,51,36,0,36,87
07/28/2020,EWB,MA,ANE,EN,Federal Contract Tower,0,6,5,0,11,0,9,55,0,64,0,15,60,0,75,56,0,56,131
07/29/2020,EWB,MA,ANE,EN,Federal Contract Tower,0,1,31,0,32,0,11,84,0,95,0,12,115,0,127,120,2,122,249
07/30/2020,EWB,MA,ANE,EN,Federal Contract Tower,0,7,25,0,32,0,8,58,0,66,0,15,83,0,98,58,0,58,156
07/31/2020,EWB,MA,ANE,EN,Federal Contract Tower,0,7,17,0,24,0,6,62,0,68,0,13,79,0,92,130,0,130,222
08/01/2020,EWB,MA,ANE,EN,Federal Contract Tower,0,10,12,0,22,0,6,68,0,74,0,16,80,0,96,92,0,92,188
08/02/2020,EWB,MA,ANE,EN,Federal Contract Tower,0,1,19,0,20,0,2,53,0,55,0,3,72,0,75,94,0,94,169
08/03/2020,EWB,MA,ANE,EN,Federal Contract Tower,0,1,10,2,13,0,3,36,2,41,0,4,46,4,54,34,18,52,106
08/04/2020,EWB,MA,ANE,EN,Federal Contract Tower,0,9,9,0,18,0,0,4,0,4,0,9,13,0,22,12,0,12,34
08/05/2020,EWB,MA,ANE,EN,Federal Contract Tower,0,9,3,0,12,0,4,64,1,69,0,13,67,1,81,82,4,86,167
08/06/2020,EWB,MA,ANE,EN,Federal Contract Tower,0,6,5,2,13,0,4,91,2,97,0,10,96,4,110,70,16,86,196
08/07/2020,EWB,MA,ANE,EN,Federal Contract Tower,0,8,13,0,21,0,12,63,0,75,0,20,76,0,96,68,16,84,180
08/08/2020,EWB,MA,ANE,EN,Federal Contract Tower,0,15,17,2,34,0,0,36,0,36,0,15,53,2,70,8,0,8,78
08/09/2020,EWB,MA,ANE,EN,Federal Contract Tower,0,4,11,0,15,0,8,56,0,64,0,12,67,0,79,108,4,112,191
08/10/2020,EWB,MA,ANE,EN,Federal Contract Tower,0,9,12,0,21,0,0,54,0,54,0,9,66,0,75,70,12,82,157
08/11/2020,EWB,MA,ANE,EN,Federal Contract Tower,0,4,11,0,15,0,0,67,0,67,0,4,78,0,82,54,0,54,136
08/12/2020,EWB,MA,ANE,EN,Federal Contract Tower,0,2,13,0,15,0,4,55,0,59,0,6,68,0,74,102,0,102,176
08/13/2020,EWB,MA,ANE,EN,Federal Contract Tower,0,6,14,4,24,0,5,57,3,65,0,11,71,7,89,72,0,72,161
08/14/2020,EWB,MA,ANE,EN,Federal Contract Tower,0,3,15,0,18,0,8,106,0,114,0,11,121,0,132,182,0,182,314
08/16/2020,EWB,MA,ANE,EN,Federal Contract Tower,0,9,21,0,30,0,0,8,0,8,0,9,29,0,38,50,0,50,88
08/17/2020,EWB,MA,ANE,EN,Federal Contract Tower,0,10,16,0,26,0,2,47,2,51,0,12,63,2,77,26,18,44,121
08/18/2020,EWB,MA,ANE,EN,Federal Contract Tower,0,8,14,0,22,0,5,74,0,79,0,13,88,0,101,86,2,88,189
08/19/2020,EWB,MA,ANE,EN,Federal Contract Tower,0,1,3,0,4,0,8,82,0,90,0,9,85,0,94,224,2,226,320
08/20/2020,EWB,MA,ANE,EN,Federal Contract Tower,0,9,10,0,19,0,6,114,2,122,0,15,124,2,141,198,0,198,339
08/21/2020,EWB,MA,ANE,EN,Federal Contract Tower,0,1,14,0,15,0,16,106,0,122,0,17,120,0,137,154,0,154,291
08/22/2020,EWB,MA,ANE,EN,Federal Contract Tower,0,9,30,0,39,0,8,71,0,79,0,17,101,0,118,50,0,50,168
08/23/2020,EWB,MA,ANE,EN,Federal Contract Tower,0,5,10,0,15,0,6,45,0,51,0,11,55,0,66,86,0,86,152
08/24/2020,EWB,MA,ANE,EN,Federal Contract Tower,0,10,9,0,19,0,2,28,0,30,0,12,37,0,49,42,0,42,91
08/25/2020,EWB,MA,ANE,EN,Federal Contract Tower,0,3,3,0,6,0,2,55,0,57,0,5,58,0,63,82,0,82,145
08/26/2020,EWB,MA,ANE,EN,Federal Contract Tower,0,3,10,0,13,0,14,140,0,154,0,17,150,0,167,140,6,146,313
08/27/2020,EWB,MA,ANE,EN,Federal Contract Tower,0,7,9,0,16,0,6,52,0,58,0,13,61,0,74,120,0,120,194
08/28/2020,EWB,MA,ANE,EN,Federal Contract Tower,0,26,16,0,42,0,8,77,0,85,0,34,93,0,127,152,0,152,279
08/29/2020,EWB,MA,ANE,EN,Federal Contract Tower,0,16,7,0,23,0,0,0,0,0,0,16,7,0,23,0,0,0,23
08/30/2020,EWB,MA,ANE,EN,Federal Contract Tower,0,8,15,0,23,0,4,49,0,53,0,12,64,0,76,42,0,42,118
08/31/2020,EWB,MA,ANE,EN,Federal Contract Tower,0,8,21,0,29,0,7,104,0,111,0,15,125,0,140,78,0,78,218
09/01/2020,EWB,MA,ANE,EN,Federal Contract Tower,0,10,11,0,21,0,15,65,0,80,0,25,76,0,101,86,14,100,201
09/02/2020,EWB,MA,ANE,EN,Federal Contract Tower,0,28,16,0,44,0,0,0,0,0,0,28,16,0,44,8,0,8,52
09/03/2020,EWB,MA,ANE,EN,Federal Contract Tower,0,15,20,0,35,0,0,0,0,0,0,15,20,0,35,8,0,8,43
09/04/2020,EWB,MA,ANE,EN,Federal Contract Tower,0,10,12,0,22,0,9,98,0,107,0,19,110,0,129,162,0,162,291
09/05/2020,EWB,MA,ANE,EN,Federal Contract Tower,0,7,7,0,14,0,7,90,0,97,0,14,97,0,111,136,0,136,247
09/06/2020,EWB,MA,ANE,EN,Federal Contract Tower,0,4,14,0,18,0,13,65,0,78,0,17,79,0,96,74,0,74,170
09/07/2020,EWB,MA,ANE,EN,Federal Contract Tower,0,6,2,0,8,0,9,61,0,70,0,15,63,0,78,80,0,80,158
09/08/2020,EWB,MA,ANE,EN,Federal Contract Tower,0,13,10,0,23,0,8,65,0,73,0,21,75,0,96,126,0,126,222
09/09/2020,EWB,MA,ANE,EN,Federal Contract Tower,0,12,24,0,36,0,18,87,0,105,0,30,111,0,141,102,4,106,247
09/10/2020,EWB,MA,ANE,EN,Federal Contract Tower,0,15,20,2,37,0,0,0,0,0,0,15,20,2,37,2,2,4,41
09/11/2020,EWB,MA,ANE,EN,Federal Contract Tower,0,10,12,0,22,0,8,16,0,24,0,18,28,0,46,8,0,8,54
09/12/2020,EWB,MA,ANE,EN,Federal Contract Tower,0,14,14,0,28,0,8,78,0,86,0,22,92,0,114,100,0,100,214
09/13/2020,EWB,MA,ANE,EN,Federal Contract Tower,0,5,9,0,14,0,10,48,0,58,0,15,57,0,72,77,0,77,149
09/14/2020,EWB,MA,ANE,EN,Federal Contract Tower,0,8,12,3,23,0,3,66,0,69,0,11,78,3,92,76,0,76,168
09/15/2020,EWB,MA,ANE,EN,Federal Contract Tower,0,7,9,0,16,0,15,77,0,92,0,22,86,0,108,124,10,134,242
09/16/2020,EWB,MA,ANE,EN,Federal Contract Tower,0,6,14,0,20,0,14,76,2,92,0,20,90,2,112,164,8,172,284
09/17/2020,EWB,MA,ANE,EN,Federal Contract Tower,0,10,15,0,25,0,6,92,0,98,0,16,107,0,123,130,0,130,253
09/18/2020,EWB,MA,ANE,EN,Federal Contract Tower,0,14,10,0,24,0,10,29,2,41,0,24,39,2,65,72,0,72,137
09/19/2020,EWB,MA,ANE,EN,Federal Contract Tower,0,10,8,0,18,0,6,33,0,39,0,16,41,0,57,66,0,66,123
09/20/2020,EWB,MA,ANE,EN,Federal Contract Tower,0,16,20,0,36,0,9,53,0,62,0,25,73,0,98,90,0,90,188
09/21/2020,EWB,MA,ANE,EN,Federal Contract Tower,0,4,12,0,16,0,3,70,0,73,0,7,82,0,89,80,0,80,169
09/22/2020,EWB,MA,ANE,EN,Federal Contract Tower,0,5,0,0,5,0,9,30,0,39,0,14,30,0,44,34,0,34,78
09/23/2020,EWB,MA,ANE,EN,Federal Contract Tower,0,5,13,0,18,0,14,99,0,113,0,19,112,0,131,154,0,154,285
09/24/2020,EWB,MA,ANE,EN,Federal Contract Tower,0,9,23,0,32,0,10,73,2,85,0,19,96,2,117,154,0,154,271
09/25/2020,EWB,MA,ANE,EN,Federal Contract Tower,0,10,5,0,15,0,17,69,0,86,0,27,74,0,101,148,0,148,249
09/26/2020,EWB,MA,ANE,EN,Federal Contract Tower,0,5,15,0,20,0,1,48,2,51,0,6,63,2,71,40,0,40,111
09/27/2020,EWB,MA,ANE,EN,Federal Contract Tower,0,13,11,0,24,0,4,12,0,16,0,17,23,0,40,0,0,0,40
09/28/2020,EWB,MA,ANE,EN,Federal Contract Tower,0,15,17,0,32,0,0,0,0,0,0,15,17,0,32,18,0,18,50
09/29/2020,EWB,MA,ANE,EN,Federal Contract Tower,0,5,17,0,22,0,12,54,0,66,0,17,71,0,88,116,0,116,204
09/30/2020,EWB,MA,ANE,EN,Federal Contract Tower,0,11,6,0,17,0,7,11,0,18,0,18,17,0,35,6,2,8,43
10/01/2020,EWB,MA,ANE,EN,Federal Contract Tower,0,6,20,0,26,0,10,71,0,81,0,16,91,0,107,128,0,128,235
10/02/2020,EWB,MA,ANE,EN,Federal Contract Tower,0,7,16,0,23,0,15,67,0,82,0,22,83,0,105,166,0,166,271
10/03/2020,EWB,MA,ANE,EN,Federal Contract Tower,0,2,15,0,17,0,6,89,0,95,0,8,104,0,112,102,0,102,214
10/04/2020,EWB,MA,ANE,EN,Federal Contract Tower,0,4,9,0,13,0,4,111,0,115,0,8,120,0,128,114,0,114,242
10/05/2020,EWB,MA,ANE,EN,Federal Contract Tower,0,14,13,0,27,0,4,20,0,24,0,18,33,0,51,34,6,40,91
10/06/2020,EWB,MA,ANE,EN,Federal Contract Tower,0,8,17,0,25,0,9,111,0,120,0,17,128,0,145,160,0,160,305
10/07/2020,EWB,MA,ANE,EN,Federal Contract Tower,0,8,4,0,12,0,10,21,0,31,0,18,25,0,43,14,0,14,57
10/08/2020,EWB,MA,ANE,EN,Federal Contract Tower,0,9,19,0,28,0,16,40,0,56,0,25,59,0,84,50,0,50,134
10/09/2020,EWB,MA,ANE,EN,Federal Contract Tower,0,11,17,0,28,0,17,99,0,116,0,28,116,0,144,142,0,142,286
10/10/2020,EWB,MA,ANE,EN,Federal Contract Tower,0,2,6,0,8,0,6,9,0,15,0,8,15,0,23,8,0,8,31
10/11/2020,EWB,MA,ANE,EN,Federal Contract Tower,0,2,14,1,17,0,1,96,0,97,0,3,110,1,114,186,0,186,300
10/12/2020,EWB,MA,ANE,EN,Federal Contract Tower,0,13,7,0,20,0,3,1,0,4,0,16,8,0,24,2,0,2,26
10/13/2020,EWB,MA,ANE,EN,Federal Contract Tower,0,12,10,2,24,0,0,0,0,0,0,12,10,2,24,0,0,0,24
10/14/2020,EWB,MA,ANE,EN,Federal Contract Tower,0,5,17,0,22,0,6,132,2,140,0,11,149,2,162,182,10,192,354
10/15/2020,EWB,MA,ANE,EN,Federal Contract Tower,0,6,16,0,22,0,5,81,0,86,0,11,97,0,108,84,0,84,192
10/16/2020,EWB,MA,ANE,EN,Federal Contract Tower,0,5,17,0,22,0,5,15,0,20,0,10,32,0,42,8,0,8,50
10/17/2020,EWB,MA,ANE,EN,Federal Contract Tower,0,3,11,0,14,0,7,22,0,29,0,10,33,0,43,50,8,58,101
10/18/2020,EWB,MA,ANE,EN,Federal Contract Tower,0,3,9,0,12,0,3,113,0,116,0,6,122,0,128,166,0,166,294
10/19/2020,EWB,MA,ANE,EN,Federal Contract Tower,0,8,14,0,22,0,7,87,0,94,0,15,101,0,116,178,0,178,294
10/20/2020,EWB,MA,ANE,EN,Federal Contract Tower,0,11,13,0,24,0,1,2,4,7,0,12,15,4,31,4,4,8,39
10/21/2020,EWB,MA,ANE,EN,Federal Contract Tower,0,9,17,0,26,0,0,0,0,0,0,9,17,0,26,2,0,2,28
10/22/2020,EWB,MA,ANE,EN,Federal Contract Tower,0,8,16,0,24,0,5,63,0,68,0,13,79,0,92,114,0,114,206
10/24/2020,EWB,MA,ANE,EN,Federal Contract Tower,0,7,10,0,17,0,0,25,0,25,0,7,35,0,42,50,0,50,92
10/25/2020,EWB,MA,ANE,EN,Federal Contract Tower,0,3,8,0,11,0,1,84,0,85,0,4,92,0,96,110,0,110,206
10/26/2020,EWB,MA,ANE,EN,Federal Contract Tower,0,4,19,0,23,0,1,5,0,6,0,5,24,0,29,4,0,4,33
10/27/2020,EWB,MA,ANE,EN,Federal Contract Tower,0,14,12,0,26,0,8,63,0,71,0,22,75,0,97,128,6,134,231
10/28/2020,EWB,MA,ANE,EN,Federal Contract Tower,0,7,8,0,15,0,2,4,0,6,0,9,12,0,21,2,0,2,23
10/29/2020,EWB,MA,ANE,EN,Federal Contract Tower,0,8,11,0,19,0,0,14,0,14,0,8,25,0,33,42,0,42,75
10/30/2020,EWB,MA,ANE,EN,Federal Contract Tower,0,7,2,0,9,0,0,0,0,0,0,7,2,0,9,0,0,0,9
10/31/2020,EWB,MA,ANE,EN,Federal Contract Tower,0,8,20,0,28,0,2,82,0,84,0,10,102,0,112,116,0,116,228
11/01/2020,EWB,MA,ANE,EN,Federal Contract Tower,0,13,13,0,26,0,6,46,0,52,0,19,59,0,78,108,0,108,186
11/02/2020,EWB,MA,ANE,EN,Federal Contract Tower,0,7,4,0,11,0,3,6,0,9,0,10,10,0,20,10,0,10,30
11/03/2020,EWB,MA,ANE,EN,Federal Contract Tower,0,1,0,0,1,0,5,20,2,27,0,6,20,2,28,20,0,20,48
11/04/2020,EWB,MA,ANE,EN,Federal Contract Tower,0,3,13,0,16,0,8,111,0,119,0,11,124,0,135,90,0,90,225
11/05/2020,EWB,MA,ANE,EN,Federal Contract Tower,0,13,30,0,43,0,10,33,8,51,0,23,63,8,94,46,0,46,140
11/06/2020,EWB,MA,ANE,EN,Federal Contract Tower,0,10,14,1,25,0,14,108,0,122,0,24,122,1,147,174,20,194,341
11/07/2020,EWB,MA,ANE,EN,Federal Contract Tower,0,3,7,0,10,0,3,92,6,101,0,6,99,6,111,188,22,210,321
11/08/2020,EWB,MA,ANE,EN,Federal Contract Tower,0,5,5,0,10,0,1,111,0,112,0,6,116,0,122,162,0,162,284
11/09/2020,EWB,MA,ANE,EN,Federal Contract Tower,0,3,12,0,15,0,6,96,0,102,0,9,108,0,117,116,0,116,233
11/10/2020,EWB,MA,ANE,EN,Federal Contract Tower,0,7,11,0,18,0,4,54,0,58,0,11,65,0,76,116,0,116,192
11/11/2020,EWB,MA,ANE,EN,Federal Contract Tower,0,3,2,0,5,0,1,1,0,2,0,4,3,0,7,0,0,0,7
11/12/2020,EWB,MA,ANE,EN,Federal Contract Tower,0,2,13,0,15,0,0,5,0,5,0,2,18,0,20,8,0,8,28
11/13/2020,EWB,MA,ANE,EN,Federal Contract Tower,0,4,9,0,13,0,0,0,0,0,0,4,9,0,13,0,0,0,13
11/14/2020,EWB,MA,ANE,EN,Federal Contract Tower,0,2,17,0,19,0,7,127,1,135,0,9,144,1,154,172,0,172,326
11/15/2020,EWB,MA,ANE,EN,Federal Contract Tower,0,1,9,0,10,0,2,77,0,79,0,3,86,0,89,106,4,110,199
11/16/2020,EWB,MA,ANE,EN,Federal Contract Tower,0,6,7,0,13,0,13,40,0,53,0,19,47,0,66,26,8,34,100
11/17/2020,EWB,MA,ANE,EN,Federal Contract Tower,0,2,7,0,9,0,4,78,2,84,0,6,85,2,93,90,2,92,185
11/18/2020,EWB,MA,ANE,EN,Federal Contract Tower,0,4,9,2,15,0,4,51,0,55,0,8,60,2,70,34,4,38,108
11/19/2020,EWB,MA,ANE,EN,Federal Contract Tower,0,4,8,0,12,0,8,59,0,67,0,12,67,0,79,92,14,106,185
11/20/2020,EWB,MA,ANE,EN,Federal Contract Tower,0,5,6,0,11,0,2,35,1,38,0,7,41,1,49,16,8,24,73
11/21/2020,EWB,MA,ANE,EN,Federal Contract Tower,0,8,9,0,17,0,8,141,0,149,0,16,150,0,166,224,0,224,390
11/22/2020,EWB,MA,ANE,EN,Federal Contract Tower,0,8,6,0,14,0,0,69,0,69,0,8,75,0,83,96,2,98,181
11/23/2020,EWB,MA,ANE,EN,Federal Contract Tower,0,6,2,0,8,0,7,3,0,10,0,13,5,0,18,0,0,0,18
11/24/2020,EWB,MA,ANE,EN,Federal Contract Tower,0,6,6,0,12,0,16,89,2,107,0,22,95,2,119,116,0,116,235
11/25/2020,EWB,MA,ANE,EN,Federal Contract Tower,0,3,6,0,9,0,8,60,0,68,0,11,66,0,77,118,0,118,195
11/26/2020,EWB,MA,ANE,EN,Federal Contract Tower,0,1,0,0,1,0,2,0,0,2,0,3,0,0,3,0,0,0,3
11/27/2020,EWB,MA,ANE,EN,Federal Contract Tower,0,3,6,0,9,0,14,82,4,100,0,17,88,4,109,150,0,150,259
11/28/2020,EWB,MA,ANE,EN,Federal Contract Tower,0,8,13,0,21,0,6,80,0,86,0,14,93,0,107,122,6,128,235
11/29/2020,EWB,MA,ANE,EN,Federal Contract Tower,0,7,7,0,14,0,2,105,0,107,0,9,112,0,121,84,0,84,205
12/02/2020,EWB,MA,ANE,EN,Federal Contract Tower,0,1,9,0,10,0,3,73,0,76,0,4,82,0,86,60,14,74,160
12/03/2020,EWB,MA,ANE,EN,Federal Contract Tower,0,2,9,0,11,0,2,94,0,96,0,4,103,0,107,100,0,100,207
12/04/2020,EWB,MA,ANE,EN,Federal Contract Tower,0,6,10,0,16,0,3,51,0,54,0,9,61,0,70,64,0,64,134
12/05/2020,EWB,MA,ANE,EN,Federal Contract Tower,0,3,3,0,6,0,0,0,0,0,0,3,3,0,6,0,0,0,6
12/06/2020,EWB,MA,ANE,EN,Federal Contract Tower,0,3,8,0,11,0,3,18,0,21,0,6,26,0,32,24,0,24,56
12/07/2020,EWB,MA,ANE,EN,Federal Contract Tower,0,2,24,2,28,0,2,64,0,66,0,4,88,2,94,104,0,104,198
12/08/2020,EWB,MA,ANE,EN,Federal Contract Tower,0,2,3,0,5,0,3,26,0,29,0,5,29,0,34,50,0,50,84
12/09/2020,EWB,MA,ANE,EN,Federal Contract Tower,0,4,12,4,20,0,7,65,0,72,0,11,77,4,92,180,6,186,278
12/10/2020,EWB,MA,ANE,EN,Federal Contract Tower,0,2,5,2,9,0,1,52,0,53,0,3,57,2,62,108,2,110,172
12/11/2020,EWB,MA,ANE,EN,Federal Contract Tower,0,3,16,1,20,0,7,89,0,96,0,10,105,1,116,118,0,118,234
12/12/2020,EWB,MA,ANE,EN,Federal Contract Tower,0,2,3,0,5,0,0,0,0,0,0,2,3,0,5,0,0,0,5
12/13/2020,EWB,MA,ANE,EN,Federal Contract Tower,0,4,16,0,20,0,4,106,0,110,0,8,122,0,130,70,0,70,200
12/14/2020,EWB,MA,ANE,EN,Federal Contract Tower,0,1,9,0,10,0,1,15,0,16,0,2,24,0,26,38,0,38,64
12/15/2020,EWB,MA,ANE,EN,Federal Contract Tower,0,6,8,0,14,0,8,66,0,74,0,14,74,0,88,106,8,114,202
12/16/2020,EWB,MA,ANE,EN,Federal Contract Tower,0,8,10,1,19,0,4,71,2,77,0,12,81,3,96,140,8,148,244
12/17/2020,EWB,MA,ANE,EN,Federal Contract Tower,0,1,1,0,2,0,0,0,0,0,0,1,1,0,2,0,0,0,2
12/18/2020,EWB,MA,ANE,EN,Federal Contract Tower,0,2,2,0,4,0,2,5,0,7,0,4,7,0,11,0,0,0,11
12/19/2020,EWB,MA,ANE,EN,Federal Contract Tower,0,4,4,0,8,0,2,29,0,31,0,6,33,0,39,64,0,64,103
12/20/2020,EWB,MA,ANE,EN,Federal Contract Tower,0,2,2,0,4,0,0,7,0,7,0,2,9,0,11,10,0,10,21
12/21/2020,EWB,MA,ANE,EN,Federal Contract Tower,0,3,0,0,3,0,0,1,0,1,0,3,1,0,4,0,0,0,4
12/22/2020,EWB,MA,ANE,EN,Federal Contract Tower,0,4,11,0,15,0,4,82,0,86,0,8,93,0,101,206,2,208,309
12/23/2020,EWB,MA,ANE,EN,Federal Contract Tower,0,4,20,0,24,0,8,108,0,116,0,12,128,0,140,230,0,230,370
12/24/2020,EWB,MA,ANE,EN,Federal Contract Tower,0,0,0,0,0,0,2,12,0,14,0,2,12,0,14,2,0,2,16
12/25/2020,EWB,MA,ANE,EN,Federal Contract Tower,0,1,0,0,1,0,0,0,0,0,0,1,0,0,1,0,0,0,1
12/26/2020,EWB,MA,ANE,EN,Federal Contract Tower,0,0,5,0,5,0,2,65,0,67,0,2,70,0,72,70,0,70,142
12/27/2020,EWB,MA,ANE,EN,Federal Contract Tower,0,4,16,0,20,0,9,91,0,100,0,13,107,0,120,114,0,114,234
12/28/2020,EWB,MA,ANE,EN,Federal Contract Tower,0,5,14,0,19,0,4,63,0,67,0,9,77,0,86,130,2,132,218
12/29/2020,EWB,MA,ANE,EN,Federal Contract Tower,0,5,6,0,11,0,4,22,0,26,0,9,28,0,37,36,0,36,73
12/30/2020,EWB,MA,ANE,EN,Federal Contract Tower,0,4,12,2,18,0,5,107,2,114,0,9,119,4,132,148,2,150,282
12/31/2020,EWB,MA,ANE,EN,Federal Contract Tower,0,2,6,0,8,0,1,22,0,23,0,3,28,0,31,42,0,42,73
01/01/2021,EWB,MA,ANE,EN,Federal Contract Tower,0,3,5,0,8,0,4,29,0,33,0,7,34,0,41,38,0,38,79
01/02/2021,EWB,MA,ANE,EN,Federal Contract Tower,0,0,4,0,4,0,0,9,0,9,0,0,13,0,13,6,0,6,19
01/03/2021,EWB,MA,ANE,EN,Federal Contract Tower,0,0,8,0,8,0,0,5,0,5,0,0,13,0,13,16,0,16,29
01/04/2021,EWB,MA,ANE,EN,Federal Contract Tower,0,7,10,0,17,0,0,0,0,0,0,7,10,0,17,0,0,0,17
01/05/2021,EWB,MA,ANE,EN,Federal Contract Tower,0,3,3,0,6,0,0,0,0,0,0,3,3,0,6,2,0,2,8
01/06/2021,EWB,MA,ANE,EN,Federal Contract Tower,0,11,18,0,29,0,3,102,0,105,0,14,120,0,134,136,0,136,270
01/07/2021,EWB,MA,ANE,EN,Federal Contract Tower,0,3,19,0,22,0,4,87,0,91,0,7,106,0,113,124,0,124,237
01/08/2021,EWB,MA,ANE,EN,Federal Contract Tower,0,2,13,0,15,0,4,106,2,112,0,6,119,2,127,208,0,208,335
01/09/2021,EWB,MA,ANE,EN,Federal Contract Tower,0,0,6,0,6,0,0,52,0,52,0,0,58,0,58,58,0,58,116
01/10/2021,EWB,MA,ANE,EN,Federal Contract Tower,0,0,11,0,11,0,0,91,0,91,0,0,102,0,102,96,0,96,198
01/11/2021,EWB,MA,ANE,EN,Federal Contract Tower,0,3,17,0,20,0,2,58,0,60,0,5,75,0,80,112,0,112,192
01/12/2021,EWB,MA,ANE,EN,Federal Contract Tower,0,2,5,0,7,0,2,92,1,95,0,4,97,1,102,130,6,136,238
01/13/2021,EWB,MA,ANE,EN,Federal Contract Tower,0,0,12,0,12,0,2,82,2,86,0,2,94,2,98,130,0,130,228
01/14/2021,EWB,MA,ANE,EN,Federal Contract Tower,0,0,9,0,9,0,3,62,0,65,0,3,71,0,74,110,6,116,190
01/15/2021,EWB,MA,ANE,EN,Federal Contract Tower,0,3,5,0,8,0,3,33,0,36,0,6,38,0,44,26,0,26,70
01/16/2021,EWB,MA,ANE,EN,Federal Contract Tower,0,0,4,0,4,0,0,2,2,4,0,0,6,2,8,0,0,0,8
01/17/2021,EWB,MA,ANE,EN,Federal Contract Tower,0,2,6,0,8,0,2,4,0,6,0,4,10,0,14,0,0,0,14
01/18/2021,EWB,MA,ANE,EN,Federal Contract Tower,0,10,0,0,10,0,0,0,0,0,0,10,0,0,10,14,0,14,24
01/19/2021,EWB,MA,ANE,EN,Federal Contract Tower,0,13,11,0,24,0,6,66,2,74,0,19,77,2,98,88,6,94,192
01/20/2021,EWB,MA,ANE,EN,Federal Contract Tower,0,2,8,0,10,0,2,11,2,15,0,4,19,2,25,16,2,18,43
01/21/2021,EWB,MA,ANE,EN,Federal Contract Tower,0,0,2,0,2,0,2,26,0,28,0,2,28,0,30,46,0,46,76
01/22/2021,EWB,MA,ANE,EN,Federal Contract Tower,0,10,4,0,14,0,10,88,0,98,0,20,92,0,112,120,14,134,246
01/23/2021,EWB,MA,ANE,EN,Federal Contract Tower,0,2,9,0,11,0,0,24,0,24,0,2,33,0,35,78,0,78,113
01/24/2021,EWB,MA,ANE,EN,Federal Contract Tower,0,0,2,0,2,0,0,12,0,12,0,0,14,0,14,4,0,4,18
01/25/2021,EWB,MA,ANE,EN,Federal Contract Tower,0,3,13,1,17,0,4,69,0,73,0,7,82,1,90,146,2,148,238
01/26/2021,EWB,MA,ANE,EN,Federal Contract Tower,0,1,10,3,14,0,2,27,0,29,0,3,37,3,43,54,4,58,101
01/27/2021,EWB,MA,ANE,EN,Federal Contract Tower,0,4,0,0,4,0,0,0,0,0,0,4,0,0,4,0,0,0,4
01/28/2021,EWB,MA,ANE,EN,Federal Contract Tower,0,3,0,0,3,0,0,0,0,0,0,3,0,0,3,0,0,0,3
01/29/2021,EWB,MA,ANE,EN,Federal Contract Tower,0,2,1,0,3,0,13,5,0,18,0,15,6,0,21,24,0,24,45
01/30/2021,EWB,MA,ANE,EN,Federal Contract Tower,0,0,9,0,9,0,0,79,0,79,0,0,88,0,88,180,0,180,268
01/31/2021,EWB,MA,ANE,EN,Federal Contract Tower,0,2,11,0,13,0,0,118,0,118,0,2,129,0,131,158,0,158,289
02/01/2021,EWB,MA,ANE,EN,Federal Contract Tower,0,1,1,0,2,0,1,0,0,1,0,2,1,0,3,0,0,0,3
02/02/2021,EWB,MA,ANE,EN,Federal Contract Tower,0,6,0,0,6,0,0,0,0,0,0,6,0,0,6,0,0,0,6
02/03/2021,EWB,MA,ANE,EN,Federal Contract Tower,0,1,4,0,5,0,0,0,0,0,0,1,4,0,5,46,0,46,51
02/04/2021,EWB,MA,ANE,EN,Federal Contract Tower,0,6,18,0,24,0,1,119,0,120,0,7,137,0,144,194,0,194,338
02/05/2021,EWB,MA,ANE,EN,Federal Contract Tower,0,6,4,0,10,0,3,25,0,28,0,9,29,0,38,34,0,34,72
02/06/2021,EWB,MA,ANE,EN,Federal Contract Tower,0,0,9,0,9,0,0,54,0,54,0,0,63,0,63,34,10,44,107
02/07/2021,EWB,MA,ANE,EN,Federal Contract Tower,0,1,0,0,1,0,0,1,0,1,0,1,1,0,2,0,0,0,2
02/08/2021,EWB,MA,ANE,EN,Federal Contract Tower,0,2,14,0,16,0,3,29,0,32,0,5,43,0,48,28,0,28,76
02/09/2021,EWB,MA,ANE,EN,Federal Contract Tower,0,2,1,0,3,0,1,2,0,3,0,3,3,0,6,0,0,0,6
02/10/2021,EWB,MA,ANE,EN,Federal Contract Tower,0,3,21,0,24,0,3,81,0,84,0,6,102,0,108,84,2,86,194
02/11/2021,EWB,MA,ANE,EN,Federal Contract Tower,0,2,16,0,18,0,5,70,1,76,0,7,86,1,94,132,2,134,228
02/12/2021,EWB,MA,ANE,EN,Federal Contract Tower,0,0,8,0,8,0,3,103,0,106,0,3,111,0,114,136,0,136,250
02/13/2021,EWB,MA,ANE,EN,Federal Contract Tower,0,0,19,0,19,0,0,87,8,95,0,0,106,8,114,154,0,154,268
02/14/2021,EWB,MA,ANE,EN,Federal Contract Tower,0,0,1,0,1,0,4,6,0,10,0,4,7,0,11,0,0,0,11
02/15/2021,EWB,MA,ANE,EN,Federal Contract Tower,0,1,0,0,1,0,1,0,0,1,0,2,0,0,2,0,0,0,2
02/16/2021,EWB,MA,ANE,EN,Federal Contract Tower,0,2,1,0,3,0,2,0,0,2,0,4,1,0,5,0,0,0,5
02/17/2021,EWB,MA,ANE,EN,Federal Contract Tower,0,0,24,0,24,0,1,105,0,106,0,1,129,0,130,156,0,156,286
02/18/2021,EWB,MA,ANE,EN,Federal Contract Tower,0,0,6,0,6,0,1,20,0,21,0,1,26,0,27,42,0,42,69
02/19/2021,EWB,MA,ANE,EN,Federal Contract Tower,0,0,0,0,0,0,0,0,0,0,0,0,0,0,0,0,0,0,0
02/20/2021,EWB,MA,ANE,EN,Federal Contract Tower,0,2,6,0,8,0,0,21,0,21,0,2,27,0,29,72,0,72,101
02/21/2021,EWB,MA,ANE,EN,Federal Contract Tower,0,1,30,0,31,0,0,132,0,132,0,1,162,0,163,132,0,132,295
02/22/2021,EWB,MA,ANE,EN,Federal Contract Tower,0,1,0,0,1,0,3,13,0,16,0,4,13,0,17,38,0,38,55
02/23/2021,EWB,MA,ANE,EN,Federal Contract Tower,0,0,8,0,8,0,2,54,0,56,0,2,62,0,64,126,0,126,190
02/24/2021,EWB,MA,ANE,EN,Federal Contract Tower,0,3,14,0,17,0,11,69,0,80,0,14,83,0,97,58,6,64,161
02/25/2021,EWB,MA,ANE,EN,Federal Contract Tower,0,1,6,2,9,0,3,14,2,19,0,4,20,4,28,14,18,32,60
02/26/2021,EWB,MA,ANE,EN,Federal Contract Tower,0,2,27,2,31,0,8,116,2,126,0,10,143,4,157,216,8,224,381
02/27/2021,EWB,MA,ANE,EN,Federal Contract Tower,0,4,6,0,10,0,0,0,0,0,0,4,6,0,10,0,0,0,10
02/28/2021,EWB,MA,ANE,EN,Federal Contract Tower,0,0,16,0,16,0,1,68,0,69,0,1,84,0,85,156,0,156,241
03/01/2021,EWB,MA,ANE,EN,Federal Contract Tower,0,7,2,0,9,0,1,2,0,3,0,8,4,0,12,12,0,12,24
03/02/2021,EWB,MA,ANE,EN,Federal Contract Tower,0,1,1,0,2,0,2,0,0,2,0,3,1,0,4,0,0,0,4
03/03/2021,EWB,MA,ANE,EN,Federal Contract Tower,0,1,23,0,24,0,19,117,0,136,0,20,140,0,160,168,0,168,328
03/04/2021,EWB,MA,ANE,EN,Federal Contract Tower,0,9,6,0,15,0,6,51,0,57,0,15,57,0,72,114,2,116,188
03/05/2021,EWB,MA,ANE,EN,Federal Contract Tower,0,1,15,0,16,0,2,55,0,57,0,3,70,0,73,132,0,132,205
03/06/2021,EWB,MA,ANE,EN,Federal Contract Tower,0,1,13,0,14,0,2,61,0,63,0,3,74,0,77,92,0,92,169
03/07/2021,EWB,MA,ANE,EN,Federal Contract Tower,0,7,14,0,21,0,0,67,0,67,0,7,81,0,88,115,4,119,207
03/08/2021,EWB,MA,ANE,EN,Federal Contract Tower,0,4,12,0,16,0,4,65,0,69,0,8,77,0,85,90,0,90,175
03/09/2021,EWB,MA,ANE,EN,Federal Contract Tower,0,1,11,0,12,0,2,71,5,78,0,3,82,5,90,114,0,114,204
03/10/2021,EWB,MA,ANE,EN,Federal Contract Tower,0,0,21,2,23,0,2,58,4,64,0,2,79,6,87,98,22,120,207
03/11/2021,EWB,MA,ANE,EN,Federal Contract Tower,0,1,0,0,1,0,2,30,0,32,0,3,30,0,33,42,0,42,75
03/12/2021,EWB,MA,ANE,EN,Federal Contract Tower,0,6,8,0,14,0,18,22,0,40,0,24,30,0,54,10,0,10,64
03/13/2021,EWB,MA,ANE,EN,Federal Contract Tower,0,0,13,0,13,0,2,32,0,34,0,2,45,0,47,40,0,40,87
03/14/2021,EWB,MA,ANE,EN,Federal Contract Tower,0,0,6,0,6,0,18,0,0,18,0,18,6,0,24,36,0,36,60
03/15/2021,EWB,MA,ANE,EN,Federal Contract Tower,0,0,10,0,10,0,2,2,0,4,0,2,12,0,14,0,0,0,14
03/16/2021,EWB,MA,ANE,EN,Federal Contract Tower,0,10,11,0,21,0,5,95,0,100,0,15,106,0,121,180,6,186,307
03/17/2021,EWB,MA,ANE,EN,Federal Contract Tower,0,0,14,0,14,0,2,67,0,69,0,2,81,0,83,202,0,202,285
03/18/2021,EWB,MA,ANE,EN,Federal Contract Tower,0,5,16,0,21,0,0,0,0,0,0,5,16,0,21,2,0,2,23
03/19/2021,EWB,MA,ANE,EN,Federal Contract Tower,0,10,7,0,17,0,5,6,0,11,0,15,13,0,28,26,0,26,54
03/20/2021,EWB,MA,ANE,EN,Federal Contract Tower,0,5,24,0,29,0,3,111,2,116,0,8,135,2,145,152,0,152,297
03/21/2021,EWB,MA,ANE,EN,Federal Contract Tower,0,0,30,0,30,0,0,109,0,109,0,0,139,0,139,168,20,188,327
03/22/2021,EWB,MA,ANE,EN,Federal Contract Tower,0,5,12,0,17,0,2,95,0,97,0,7,107,0,114,162,0,162,276
03/23/2021,EWB,MA,ANE,EN,Federal Contract Tower,0,5,18,0,23,0,4,86,0,90,0,9,104,0,113,140,0,140,253
03/24/2021,EWB,MA,ANE,EN,Federal Contract Tower,0,3,10,0,13,0,3,87,0,90,0,6,97,0,103,168,22,190,293
03/25/2021,EWB,MA,ANE,EN,Federal Contract Tower,0,3,9,0,12,0,0,2,0,2,0,3,11,0,14,8,0,8,22
03/26/2021,EWB,MA,ANE,EN,Federal Contract Tower,0,2,2,0,4,0,0,0,0,0,0,2,2,0,4,0,0,0,4
03/27/2021,EWB,MA,ANE,EN,Federal Contract Tower,0,2,11,0,13,0,1,110,0,111,0,3,121,0,124,156,0,156,280
03/28/2021,EWB,MA,ANE,EN,Federal Contract Tower,0,3,1,0,4,0,0,1,0,1,0,3,2,0,5,0,0,0,5
03/29/2021,EWB,MA,ANE,EN,Federal Contract Tower,0,0,4,0,4,0,1,5,0,6,0,1,9,0,10,6,2,8,18
03/30/2021,EWB,MA,ANE,EN,Federal Contract Tower,0,2,27,1,30,0,3,102,2,107,0,5,129,3,137,218,6,224,361
03/31/2021,EWB,MA,ANE,EN,Federal Contract Tower,0,1,4,0,5,0,6,55,1,62,0,7,59,1,67,70,2,72,139
04/01/2021,EWB,MA,ANE,EN,Federal Contract Tower,0,7,3,2,12,0,1,3,0,4,0,8,6,2,16,32,0,32,48
04/02/2021,EWB,MA,ANE,EN,Federal Contract Tower,0,0,18,2,20,0,4,91,0,95,0,4,109,2,115,172,4,176,291
04/03/2021,EWB,MA,ANE,EN,Federal Contract Tower,0,2,9,0,11,0,1,66,0,67,0,3,75,0,78,88,0,88,166
04/04/2021,EWB,MA,ANE,EN,Federal Contract Tower,0,3,3,0,6,0,0,19,0,19,0,3,22,0,25,38,0,38,63
04/05/2021,EWB,MA,ANE,EN,Federal Contract Tower,0,2,8,0,10,0,6,30,0,36,0,8,38,0,46,26,0,26,72
04/06/2021,EWB,MA,ANE,EN,Federal Contract Tower,0,15,20,2,37,0,10,108,0,118,0,25,128,2,155,180,2,182,337
04/07/2021,EWB,MA,ANE,EN,Federal Contract Tower,0,2,26,2,30,0,3,66,0,69,0,5,92,2,99,158,2,160,259
04/08/2021,EWB,MA,ANE,EN,Federal Contract Tower,0,1,29,0,30,0,2,59,2,63,0,3,88,2,93,92,0,92,185
04/09/2021,EWB,MA,ANE,EN,Federal Contract Tower,0,3,30,0,33,0,9,95,0,104,0,12,125,0,137,136,12,148,285
04/10/2021,EWB,MA,ANE,EN,Federal Contract Tower,0,4,29,0,33,0,14,73,0,87,0,18,102,0,120,126,8,134,254
04/11/2021,EWB,MA,ANE,EN,Federal Contract Tower,0,9,7,0,16,0,0,0,0,0,0,9,7,0,16,0,0,0,16
04/12/2021,EWB,MA,ANE,EN,Federal Contract Tower,0,1,11,0,12,0,0,6,0,6,0,1,17,0,18,26,0,26,44
04/13/2021,EWB,MA,ANE,EN,Federal Contract Tower,0,2,15,4,21,0,2,56,0,58,0,4,71,4,79,36,4,40,119
04/14/2021,EWB,MA,ANE,EN,Federal Contract Tower,0,2,15,0,17,0,7,113,1,121,0,9,128,1,138,202,4,206,344
04/15/2021,EWB,MA,ANE,EN,Federal Contract Tower,0,0,14,0,14,0,3,35,0,38,0,3,49,0,52,64,0,64,116
04/16/2021,EWB,MA,ANE,EN,Federal Contract Tower,0,6,1,0,7,0,0,0,0,0,0,6,1,0,7,0,0,0,7
04/17/2021,EWB,MA,ANE,EN,Federal Contract Tower,0,2,5,0,7,0,0,6,0,6,0,2,11,0,13,16,0,16,29
04/18/2021,EWB,MA,ANE,EN,Federal Contract Tower,0,0,22,0,22,0,0,68,0,68,0,0,90,0,90,156,0,156,246
04/19/2021,EWB,MA,ANE,EN,Federal Contract Tower,0,0,12,0,12,0,2,42,0,44,0,2,54,0,56,52,0,52,108
04/20/2021,EWB,MA,ANE,EN,Federal Contract Tower,0,3,15,0,18,0,3,71,2,76,0,6,86,2,94,104,0,104,198
04/21/2021,EWB,MA,ANE,EN,Federal Contract Tower,0,7,2,0,9,0,6,22,0,28,0,13,24,0,37,46,30,76,113
04/22/2021,EWB,MA,ANE,EN,Federal Contract Tower,0,0,0,0,0,0,3,4,2,9,0,3,4,2,9,2,10,12,21
04/23/2021,EWB,MA,ANE,EN,Federal Contract Tower,0,0,7,0,7,0,0,23,0,23,0,0,30,0,30,8,0,8,38
04/24/2021,EWB,MA,ANE,EN,Federal Contract Tower,0,0,19,0,19,0,4,105,0,109,0,4,124,0,128,112,0,112,240
04/26/2021,EWB,MA,ANE,EN,Federal Contract Tower,0,4,4,0,8,0,3,23,2,28,0,7,27,2,36,40,0,40,76
04/27/2021,EWB,MA,ANE,EN,Federal Contract Tower,0,4,13,0,17,0,8,107,3,118,0,12,120,3,135,158,12,170,305
04/28/2021,EWB,MA,ANE,EN,Federal Contract Tower,0,0,14,0,14,0,2,92,0,94,0,2,106,0,108,160,16,176,284
04/29/2021,EWB,MA,ANE,EN,Federal Contract Tower,0,19,27,0,46,0,0,0,0,0,0,19,27,0,46,0,0,0,46
04/30/2021,EWB,MA,ANE,EN,Federal Contract Tower,0,1,5,0,6,0,7,9,4,20,0,8,14,4,26,2,12,14,40
05/01/2021,EWB,MA,ANE,EN,Federal Contract Tower,0,6,10,0,16,0,2,46,0,48,0,8,56,0,64,32,4,36,100
05/02/2021,EWB,MA,ANE,EN,Federal Contract Tower,0,6,7,0,13,0,6,77,0,83,0,12,84,0,96,126,0,126,222
05/03/2021,EWB,MA,ANE,EN,Federal Contract Tower,0,5,20,0,25,0,3,84,0,87,0,8,104,0,112,138,0,138,250
05/04/2021,EWB,MA,ANE,EN,Federal Contract Tower,0,8,20,0,28,0,0,0,0,0,0,8,20,0,28,14,0,14,42
05/05/2021,EWB,MA,ANE,EN,Federal Contract Tower,0,7,6,2,15,0,0,0,0,0,0,7,6,2,15,6,2,8,23
05/06/2021,EWB,MA,ANE,EN,Federal Contract Tower,0,2,14,0,16,0,3,82,8,93,0,5,96,8,109,154,20,174,283
05/07/2021,EWB,MA,ANE,EN,Federal Contract Tower,0,2,15,0,17,0,5,98,0,103,0,7,113,0,120,168,0,168,288
05/08/2021,EWB,MA,ANE,EN,Federal Contract Tower,0,6,25,0,31,0,2,76,0,78,0,8,101,0,109,122,0,122,231
05/09/2021,EWB,MA,ANE,EN,Federal Contract Tower,0,0,10,0,10,0,5,51,0,56,0,5,61,0,66,78,0,78,144
05/10/2021,EWB,MA,ANE,EN,Federal Contract Tower,0,8,11,0,19,0,1,14,0,15,0,9,25,0,34,10,0,10,44
05/11/2021,EWB,MA,ANE,EN,Federal Contract Tower,0,1,6,0,7,0,8,43,2,53,0,9,49,2,60,74,2,76,136
05/12/2021,EWB,MA,ANE,EN,Federal Contract Tower,0,0,24,0,24,0,5,112,0,117,0,5,136,0,141,164,0,164,305
05/13/2021,EWB,MA,ANE,EN,Federal Contract Tower,0,4,21,0,25,0,7,132,0,139,0,11,153,0,164,210,0,210,374
05/14/2021,EWB,MA,ANE,EN,Federal Contract Tower,0,3,30,0,33,0,4,88,0,92,0,7,118,0,125,162,2,164,289
05/15/2021,EWB,MA,ANE,EN,Federal Contract Tower,0,5,13,0,18,0,3,56,4,63,0,8,69,4,81,66,0,66,147
05/16/2021,EWB,MA,ANE,EN,Federal Contract Tower,0,2,7,0,9,0,0,52,2,54,0,2,59,2,63,58,14,72,135
05/17/2021,EWB,MA,ANE,EN,Federal Contract Tower,0,6,13,0,19,0,6,38,4,48,0,12,51,4,67,46,12,58,125
05/18/2021,EWB,MA,ANE,EN,Federal Contract Tower,0,4,24,0,28,0,4,48,0,52,0,8,72,0,80,126,4,130,210
05/19/2021,EWB,MA,ANE,EN,Federal Contract Tower,0,0,15,0,15,0,4,56,0,60,0,4,71,0,75,50,6,56,131
05/20/2021,EWB,MA,ANE,EN,Federal Contract Tower,0,8,29,0,37,0,4,111,2,117,0,12,140,2,154,224,4,228,382
05/21/2021,EWB,MA,ANE,EN,Federal Contract Tower,0,17,18,0,35,0,6,100,2,108,0,23,118,2,143,166,10,176,319
05/22/2021,EWB,MA,ANE,EN,Federal Contract Tower,0,5,10,0,15,0,6,60,0,66,0,11,70,0,81,132,14,146,227
05/23/2021,EWB,MA,ANE,EN,Federal Contract Tower,0,1,10,0,11,0,6,76,7,89,0,7,86,7,100,76,8,84,184
05/24/2021,EWB,MA,ANE,EN,Federal Contract Tower,0,5,28,0,33,0,14,67,4,85,0,19,95,4,118,156,12,168,286
05/25/2021,EWB,MA,ANE,EN,Federal Contract Tower,0,6,11,0,17,0,9,53,0,62,0,15,64,0,79,78,0,78,157
05/26/2021,EWB,MA,ANE,EN,Federal Contract Tower,0,19,25,0,44,0,0,64,0,64,0,19,89,0,108,72,0,72,180
05/27/2021,EWB,MA,ANE,EN,Federal Contract Tower,0,8,21,0,29,0,15,78,0,93,0,23,99,0,122,164,6,170,292
05/28/2021,EWB,MA,ANE,EN,Federal Contract Tower,0,12,18,0,30,0,9,59,0,68,0,21,77,0,98,96,0,96,194
05/29/2021,EWB,MA,ANE,EN,Federal Contract Tower,0,5,1,0,6,0,0,0,0,0,0,5,1,0,6,0,0,0,6
05/30/2021,EWB,MA,ANE,EN,Federal Contract Tower,0,5,9,0,14,0,0,0,0,0,0,5,9,0,14,0,0,0,14
05/31/2021,EWB,MA,ANE,EN,Federal Contract Tower,0,13,13,0,26,0,2,5,0,7,0,15,18,0,33,6,0,6,39
06/01/2021,EWB,MA,ANE,EN,Federal Contract Tower,0,6,4,0,10,0,19,78,0,97,0,25,82,0,107,92,0,92,199
06/02/2021,EWB,MA,ANE,EN,Federal Contract Tower,0,4,25,0,29,0,5,101,0,106,0,9,126,0,135,176,2,178,313
06/03/2021,EWB,MA,ANE,EN,Federal Contract Tower,0,14,18,0,32,0,0,0,0,0,0,14,18,0,32,0,0,0,32
06/04/2021,EWB,MA,ANE,EN,Federal Contract Tower,0,22,12,0,34,0,0,0,0,0,0,22,12,0,34,6,0,6,40
06/05/2021,EWB,MA,ANE,EN,Federal Contract Tower,0,4,17,0,21,0,4,61,0,65,0,8,78,0,86,36,0,36,122
06/06/2021,EWB,MA,ANE,EN,Federal Contract Tower,0,6,7,0,13,0,16,75,0,91,0,22,82,0,104,64,0,64,168
06/07/2021,EWB,MA,ANE,EN,Federal Contract Tower,0,2,8,0,10,0,8,50,0,58,0,10,58,0,68,72,0,72,140
06/08/2021,EWB,MA,ANE,EN,Federal Contract Tower,0,9,12,0,21,0,7,64,0,71,0,16,76,0,92,146,0,146,238
06/09/2021,EWB,MA,ANE,EN,Federal Contract Tower,0,9,25,0,34,0,0,62,2,64,0,9,87,2,98,104,2,106,204
06/10/2021,EWB,MA,ANE,EN,Federal Contract Tower,0,2,37,1,40,0,10,117,5,132,0,12,154,6,172,124,0,124,296
06/11/2021,EWB,MA,ANE,EN,Federal Contract Tower,0,8,17,0,25,0,26,104,0,130,0,34,121,0,155,152,0,152,307
06/12/2021,EWB,MA,ANE,EN,Federal Contract Tower,0,11,12,0,23,0,1,33,0,34,0,12,45,0,57,24,0,24,81
06/13/2021,EWB,MA,ANE,EN,Federal Contract Tower,0,8,23,0,31,0,8,66,0,74,0,16,89,0,105,102,2,104,209
06/14/2021,EWB,MA,ANE,EN,Federal Contract Tower,0,10,4,0,14,0,6,2,0,8,0,16,6,0,22,6,0,6,28
06/15/2021,EWB,MA,ANE,EN,Federal Contract Tower,0,6,6,0,12,0,2,12,0,14,0,8,18,0,26,0,2,2,28
06/16/2021,EWB,MA,ANE,EN,Federal Contract Tower,0,15,8,0,23,0,7,98,0,105,0,22,106,0,128,188,6,194,322
06/17/2021,EWB,MA,ANE,EN,Federal Contract Tower,0,6,27,0,33,0,9,100,0,109,0,15,127,0,142,156,0,156,298
06/18/2021,EWB,MA,ANE,EN,Federal Contract Tower,0,5,10,0,15,0,13,46,0,59,0,18,56,0,74,38,0,38,112
06/19/2021,EWB,MA,ANE,EN,Federal Contract Tower,0,9,10,0,19,0,7,32,2,41,0,16,42,2,60,56,4,60,120
06/20/2021,EWB,MA,ANE,EN,Federal Contract Tower,0,8,9,0,17,0,15,84,5,104,0,23,93,5,121,118,0,118,239
06/21/2021,EWB,MA,ANE,EN,Federal Contract Tower,0,15,7,0,22,0,0,0,0,0,0,15,7,0,22,0,0,0,22
06/22/2021,EWB,MA,ANE,EN,Federal Contract Tower,0,10,14,0,24,0,5,10,0,15,0,15,24,0,39,12,0,12,51
06/23/2021,EWB,MA,ANE,EN,Federal Contract Tower,0,16,19,0,35,0,19,113,3,135,0,35,132,3,170,126,4,130,300
06/24/2021,EWB,MA,ANE,EN,Federal Contract Tower,0,9,26,0,35,0,8,94,0,102,0,17,120,0,137,168,4,172,309
06/25/2021,EWB,MA,ANE,EN,Federal Contract Tower,0,24,20,0,44,0,12,4,0,16,0,36,24,0,60,4,0,4,64
06/26/2021,EWB,MA,ANE,EN,Federal Contract Tower,0,13,16,0,29,0,0,1,0,1,0,13,17,0,30,0,0,0,30
06/27/2021,EWB,MA,ANE,EN,Federal Contract Tower,0,10,26,0,36,0,2,9,0,11,0,12,35,0,47,8,0,8,55
06/28/2021,EWB,MA,ANE,EN,Federal Contract Tower,0,9,23,0,32,0,8,63,1,72,0,17,86,1,104,64,0,64,168
06/29/2021,EWB,MA,ANE,EN,Federal Contract Tower,0,11,15,0,26,0,12,97,0,109,0,23,112,0,135,98,2,100,235
06/30/2021,EWB,MA,ANE,EN,Federal Contract Tower,0,8,26,2,36,0,15,114,10,139,0,23,140,12,175,124,2,126,301
07/01/2021,EWB,MA,ANE,EN,Federal Contract Tower,0,12,13,0,25,0,10,27,0,37,0,22,40,0,62,52,0,52,114
07/02/2021,EWB,MA,ANE,EN,Federal Contract Tower,0,25,17,0,42,0,0,0,0,0,0,25,17,0,42,6,0,6,48
07/03/2021,EWB,MA,ANE,EN,Federal Contract Tower,0,21,11,0,32,0,0,0,0,0,0,21,11,0,32,0,0,0,32
07/04/2021,EWB,MA,ANE,EN,Federal Contract Tower,0,9,14,0,23,0,5,4,0,9,0,14,18,0,32,2,0,2,34
07/05/2021,EWB,MA,ANE,EN,Federal Contract Tower,0,9,17,0,26,0,6,42,0,48,0,15,59,0,74,44,0,44,118
07/06/2021,EWB,MA,ANE,EN,Federal Contract Tower,0,12,15,0,27,0,8,33,0,41,0,20,48,0,68,22,0,22,90
07/07/2021,EWB,MA,ANE,EN,Federal Contract Tower,0,9,28,1,38,0,4,75,0,79,0,13,103,1,117,160,0,160,277
07/08/2021,EWB,MA,ANE,EN,Federal Contract Tower,0,17,22,0,39,0,1,11,0,12,0,18,33,0,51,20,0,20,71
07/09/2021,EWB,MA,ANE,EN,Federal Contract Tower,0,5,6,0,11,0,2,2,0,4,0,7,8,0,15,0,0,0,15
07/10/2021,EWB,MA,ANE,EN,Federal Contract Tower,0,14,23,0,37,0,0,9,0,9,0,14,32,0,46,20,0,20,66
07/11/2021,EWB,MA,ANE,EN,Federal Contract Tower,0,14,20,0,34,0,11,67,0,78,0,25,87,0,112,68,0,68,180
07/12/2021,EWB,MA,ANE,EN,Federal Contract Tower,0,28,10,0,38,0,2,5,0,7,0,30,15,0,45,2,0,2,47
07/13/2021,EWB,MA,ANE,EN,Federal Contract Tower,0,21,18,0,39,0,0,0,0,0,0,21,18,0,39,2,0,2,41
07/14/2021,EWB,MA,ANE,EN,Federal Contract Tower,0,14,8,0,22,0,1,7,0,8,0,15,15,0,30,20,0,20,50
07/15/2021,EWB,MA,ANE,EN,Federal Contract Tower,0,19,28,0,47,0,21,98,0,119,0,40,126,0,166,176,0,176,342
07/16/2021,EWB,MA,ANE,EN,Federal Contract Tower,0,19,41,0,60,0,12,86,2,100,0,31,127,2,160,200,0,200,360
07/17/2021,EWB,MA,ANE,EN,Federal Contract Tower,0,15,31,0,46,0,8,16,0,24,0,23,47,0,70,18,0,18,88
07/18/2021,EWB,MA,ANE,EN,Federal Contract Tower,0,12,12,0,24,0,3,7,0,10,0,15,19,0,34,22,0,22,56
07/19/2021,EWB,MA,ANE,EN,Federal Contract Tower,0,9,16,0,25,0,8,0,0,8,0,17,16,0,33,8,0,8,41
07/20/2021,EWB,MA,ANE,EN,Federal Contract Tower,0,13,24,0,37,0,7,117,0,124,0,20,141,0,161,158,2,160,321
07/21/2021,EWB,MA,ANE,EN,Federal Contract Tower,0,19,12,0,31,0,13,53,0,66,0,32,65,0,97,94,0,94,191
07/22/2021,EWB,MA,ANE,EN,Federal Contract Tower,0,10,36,1,47,0,18,121,0,139,0,28,157,1,186,148,0,148,334
07/23/2021,EWB,MA,ANE,EN,Federal Contract Tower,0,11,14,0,25,0,22,80,0,102,0,33,94,0,127,128,0,128,255
07/24/2021,EWB,MA,ANE,EN,Federal Contract Tower,0,5,19,0,24,0,13,77,0,90,0,18,96,0,114,72,0,72,186
07/25/2021,EWB,MA,ANE,EN,Federal Contract Tower,0,16,13,0,29,0,9,10,0,19,0,25,23,0,48,10,0,10,58
07/26/2021,EWB,MA,ANE,EN,Federal Contract Tower,0,17,15,0,32,0,9,69,0,78,0,26,84,0,110,152,0,152,262
07/27/2021,EWB,MA,ANE,EN,Federal Contract Tower,0,11,23,0,34,0,7,95,0,102,0,18,118,0,136,148,0,148,284
07/28/2021,EWB,MA,ANE,EN,Federal Contract Tower,0,20,29,0,49,0,2,33,0,35,0,22,62,0,84,40,2,42,126
07/29/2021,EWB,MA,ANE,EN,Federal Contract Tower,0,11,21,0,32,0,6,69,0,75,0,17,90,0,107,118,4,122,229
07/30/2021,EWB,MA,ANE,EN,Federal Contract Tower,0,9,8,0,17,0,12,43,1,56,0,21,51,1,73,48,0,48,121
08/01/2021,EWB,MA,ANE,EN,Federal Contract Tower,0,11,25,0,36,0,11,83,0,94,0,22,108,0,130,64,0,64,194
08/02/2021,EWB,MA,ANE,EN,Federal Contract Tower,0,10,12,0,22,0,9,34,0,43,0,19,46,0,65,46,0,46,111
08/03/2021,EWB,MA,ANE,EN,Federal Contract Tower,0,11,10,0,21,0,16,105,2,123,0,27,115,2,144,122,8,130,274
08/04/2021,EWB,MA,ANE,EN,Federal Contract Tower,0,12,12,1,25,0,5,25,0,30,0,17,37,1,55,16,2,18,73
08/05/2021,EWB,MA,ANE,EN,Federal Contract Tower,0,17,8,0,25,0,0,0,0,0,0,17,8,0,25,0,0,0,25
08/06/2021,EWB,MA,ANE,EN,Federal Contract Tower,0,7,26,0,33,0,16,74,0,90,0,23,100,0,123,104,0,104,227
08/07/2021,EWB,MA,ANE,EN,Federal Contract Tower,0,10,14,0,24,0,7,62,0,69,0,17,76,0,93,44,0,44,137
08/08/2021,EWB,MA,ANE,EN,Federal Contract Tower,0,7,16,0,23,0,13,75,0,88,0,20,91,0,111,78,0,78,189
08/09/2021,EWB,MA,ANE,EN,Federal Contract Tower,0,9,22,0,31,0,2,1,0,3,0,11,23,0,34,0,2,2,36
08/10/2021,EWB,MA,ANE,EN,Federal Contract Tower,0,15,20,0,35,0,8,34,0,42,0,23,54,0,77,84,0,84,161
08/11/2021,EWB,MA,ANE,EN,Federal Contract Tower,0,20,25,0,45,0,6,86,0,92,0,26,111,0,137,162,2,164,301
08/12/2021,EWB,MA,ANE,EN,Federal Contract Tower,0,18,9,0,27,0,16,78,2,96,0,34,87,2,123,112,0,112,235
08/13/2021,EWB,MA,ANE,EN,Federal Contract Tower,0,11,8,0,19,0,22,64,0,86,0,33,72,0,105,180,0,180,285
08/14/2021,EWB,MA,ANE,EN,Federal Contract Tower,0,11,9,0,20,0,8,17,0,25,0,19,26,0,45,16,0,16,61
08/15/2021,EWB,MA,ANE,EN,Federal Contract Tower,0,16,21,0,37,0,8,120,0,128,0,24,141,0,165,194,0,194,359
08/16/2021,EWB,MA,ANE,EN,Federal Contract Tower,0,3,19,0,22,0,10,76,1,87,0,13,95,1,109,124,0,124,233
08/17/2021,EWB,MA,ANE,EN,Federal Contract Tower,0,10,11,0,21,0,9,116,0,125,0,19,127,0,146,174,0,174,320
08/18/2021,EWB,MA,ANE,EN,Federal Contract Tower,0,8,20,0,28,0,13,118,0,131,0,21,138,0,159,252,0,252,411
08/19/2021,EWB,MA,ANE,EN,Federal Contract Tower,0,15,16,0,31,0,0,0,0,0,0,15,16,0,31,0,0,0,31
08/20/2021,EWB,MA,ANE,EN,Federal Contract Tower,0,6,23,0,29,0,0,0,0,0,0,6,23,0,29,30,0,30,59
08/21/2021,EWB,MA,ANE,EN,Federal Contract Tower,0,4,21,0,25,0,12,41,2,55,0,16,62,2,80,46,0,46,126
08/23/2021,EWB,MA,ANE,EN,Federal Contract Tower,0,9,15,0,24,0,3,11,0,14,0,12,26,0,38,42,0,42,80
08/24/2021,EWB,MA,ANE,EN,Federal Contract Tower,0,7,27,1,35,0,6,75,0,81,0,13,102,1,116,104,0,104,220
08/25/2021,EWB,MA,ANE,EN,Federal Contract Tower,0,9,20,1,30,0,7,106,5,118,0,16,126,6,148,226,4,230,378
08/26/2021,EWB,MA,ANE,EN,Federal Contract Tower,0,12,12,0,24,0,8,100,0,108,0,20,112,0,132,164,0,164,296
08/27/2021,EWB,MA,ANE,EN,Federal Contract Tower,0,12,18,0,30,0,14,87,0,101,0,26,105,0,131,122,0,122,253
08/28/2021,EWB,MA,ANE,EN,Federal Contract Tower,0,7,17,0,24,0,9,104,0,113,0,16,121,0,137,114,0,114,251
08/29/2021,EWB,MA,ANE,EN,Federal Contract Tower,0,14,22,0,36,0,9,55,0,64,0,23,77,0,100,60,0,60,160
08/30/2021,EWB,MA,ANE,EN,Federal Contract Tower,0,7,15,0,22,0,8,11,0,19,0,15,26,0,41,18,0,18,59
08/31/2021,EWB,MA,ANE,EN,Federal Contract Tower,0,10,13,6,29,0,7,65,0,72,0,17,78,6,101,86,10,96,197
09/01/2021,EWB,MA,ANE,EN,Federal Contract Tower,0,8,7,0,15,0,5,22,0,27,0,13,29,0,42,16,4,20,62
09/02/2021,EWB,MA,ANE,EN,Federal Contract Tower,0,13,14,0,27,0,3,31,0,34,0,16,45,0,61,30,0,30,91
09/04/2021,EWB,MA,ANE,EN,Federal Contract Tower,0,3,6,0,9,0,7,114,0,121,0,10,120,0,130,84,0,84,214
09/05/2021,EWB,MA,ANE,EN,Federal Contract Tower,0,8,16,0,24,0,10,89,0,99,0,18,105,0,123,116,0,116,239
09/06/2021,EWB,MA,ANE,EN,Federal Contract Tower,0,11,14,0,25,0,6,30,0,36,0,17,44,0,61,20,0,20,81
09/07/2021,EWB,MA,ANE,EN,Federal Contract Tower,0,14,9,0,23,0,11,103,0,114,0,25,112,0,137,218,0,218,355
09/08/2021,EWB,MA,ANE,EN,Federal Contract Tower,0,5,17,2,24,0,9,82,0,91,0,14,99,2,115,90,2,92,207
09/09/2021,EWB,MA,ANE,EN,Federal Contract Tower,0,16,6,0,22,0,0,0,0,0,0,16,6,0,22,0,0,0,22
09/10/2021,EWB,MA,ANE,EN,Federal Contract Tower,0,6,18,0,24,0,32,119,0,151,0,38,137,0,175,184,2,186,361
09/11/2021,EWB,MA,ANE,EN,Federal Contract Tower,0,5,8,0,13,0,16,102,4,122,0,21,110,4,135,176,0,176,311
09/12/2021,EWB,MA,ANE,EN,Federal Contract Tower,0,7,10,0,17,0,11,48,0,59,0,18,58,0,76,58,0,58,134
09/13/2021,EWB,MA,ANE,EN,Federal Contract Tower,0,4,25,0,29,0,5,96,0,101,0,9,121,0,130,180,0,180,310
09/14/2021,EWB,MA,ANE,EN,Federal Contract Tower,0,6,14,0,20,0,18,86,0,104,0,24,100,0,124,120,2,122,246
09/15/2021,EWB,MA,ANE,EN,Federal Contract Tower,0,11,22,0,33,0,8,22,2,32,0,19,44,2,65,26,2,28,93
09/16/2021,EWB,MA,ANE,EN,Federal Contract Tower,0,8,21,0,29,0,6,13,0,19,0,14,34,0,48,4,0,4,52
09/17/2021,EWB,MA,ANE,EN,Federal Contract Tower,0,20,21,0,41,0,0,0,0,0,0,20,21,0,41,0,0,0,41
09/18/2021,EWB,MA,ANE,EN,Federal Contract Tower,0,8,12,0,20,0,3,28,0,31,0,11,40,0,51,12,0,12,63
09/19/2021,EWB,MA,ANE,EN,Federal Contract Tower,0,5,12,0,17,0,13,121,2,136,0,18,133,2,153,174,0,174,327
09/20/2021,EWB,MA,ANE,EN,Federal Contract Tower,0,2,39,0,41,0,8,108,0,116,0,10,147,0,157,98,0,98,255
09/21/2021,EWB,MA,ANE,EN,Federal Contract Tower,0,7,13,0,20,0,9,72,0,81,0,16,85,0,101,162,0,162,263
09/22/2021,EWB,MA,ANE,EN,Federal Contract Tower,0,15,25,2,42,0,13,42,0,55,0,28,67,2,97,90,8,98,195
09/23/2021,EWB,MA,ANE,EN,Federal Contract Tower,0,6,25,0,31,0,9,42,2,53,0,15,67,2,84,58,0,58,142
09/24/2021,EWB,MA,ANE,EN,Federal Contract Tower,0,8,14,0,22,0,10,16,0,26,0,18,30,0,48,10,0,10,58
09/25/2021,EWB,MA,ANE,EN,Federal Contract Tower,0,10,8,0,18,0,7,44,0,51,0,17,52,0,69,50,0,50,119
09/26/2021,EWB,MA,ANE,EN,Federal Contract Tower,0,6,9,0,15,0,8,73,0,81,0,14,82,0,96,64,0,64,160
09/27/2021,EWB,MA,ANE,EN,Federal Contract Tower,0,4,20,0,24,0,7,96,0,103,0,11,116,0,127,104,0,104,231
09/28/2021,EWB,MA,ANE,EN,Federal Contract Tower,0,6,5,0,11,0,3,17,0,20,0,9,22,0,31,16,0,16,47
09/29/2021,EWB,MA,ANE,EN,Federal Contract Tower,0,5,30,0,35,0,8,100,3,111,0,13,130,3,146,184,0,184,330
09/30/2021,EWB,MA,ANE,EN,Federal Contract Tower,0,8,12,0,20,0,24,79,0,103,0,32,91,0,123,208,0,208,331
10/01/2021,EWB,MA,ANE,EN,Federal Contract Tower,0,16,12,0,28,0,11,89,0,100,0,27,101,0,128,192,0,192,320
10/02/2021,EWB,MA,ANE,EN,Federal Contract Tower,0,5,4,0,9,0,15,97,0,112,0,20,101,0,121,120,0,120,241
10/03/2021,EWB,MA,ANE,EN,Federal Contract Tower,0,8,13,0,21,0,4,115,0,119,0,12,128,0,140,200,0,200,340
10/04/2021,EWB,MA,ANE,EN,Federal Contract Tower,0,20,11,0,31,0,0,0,0,0,0,20,11,0,31,0,0,0,31
10/05/2021,EWB,MA,ANE,EN,Federal Contract Tower,0,16,8,0,24,0,1,0,0,1,0,17,8,0,25,2,0,2,27
10/06/2021,EWB,MA,ANE,EN,Federal Contract Tower,0,9,41,0,50,0,3,97,0,100,0,12,138,0,150,120,6,126,276
10/07/2021,EWB,MA,ANE,EN,Federal Contract Tower,0,8,26,0,34,0,15,110,2,127,0,23,136,2,161,214,0,214,375
10/08/2021,EWB,MA,ANE,EN,Federal Contract Tower,0,10,15,0,25,0,19,82,1,102,0,29,97,1,127,86,0,86,213
10/09/2021,EWB,MA,ANE,EN,Federal Contract Tower,0,10,9,0,19,0,10,40,0,50,0,20,49,0,69,166,0,166,235
10/10/2021,EWB,MA,ANE,EN,Federal Contract Tower,0,4,15,0,19,0,7,50,0,57,0,11,65,0,76,146,0,146,222
10/11/2021,EWB,MA,ANE,EN,Federal Contract Tower,0,10,15,0,25,0,8,18,0,26,0,18,33,0,51,32,0,32,83
10/12/2021,EWB,MA,ANE,EN,Federal Contract Tower,0,7,13,0,20,0,10,85,0,95,0,17,98,0,115,160,0,160,275
10/13/2021,EWB,MA,ANE,EN,Federal Contract Tower,0,8,10,0,18,0,3,75,0,78,0,11,85,0,96,84,0,84,180
10/14/2021,EWB,MA,ANE,EN,Federal Contract Tower,0,10,27,0,37,0,6,118,0,124,0,16,145,0,161,172,0,172,333
10/15/2021,EWB,MA,ANE,EN,Federal Contract Tower,0,18,34,0,52,0,9,28,0,37,0,27,62,0,89,16,0,16,105
10/16/2021,EWB,MA,ANE,EN,Federal Contract Tower,0,4,7,0,11,0,1,10,0,11,0,5,17,0,22,10,0,10,32
10/17/2021,EWB,MA,ANE,EN,Federal Contract Tower,0,4,11,0,15,0,3,77,0,80,0,7,88,0,95,120,2,122,217
10/18/2021,EWB,MA,ANE,EN,Federal Contract Tower,0,7,18,0,25,0,3,57,1,61,0,10,75,1,86,142,2,144,230
10/19/2021,EWB,MA,ANE,EN,Federal Contract Tower,0,6,5,0,11,0,11,72,0,83,0,17,77,0,94,64,0,64,158
10/20/2021,EWB,MA,ANE,EN,Federal Contract Tower,0,3,15,0,18,0,6,91,4,101,0,9,106,4,119,140,4,144,263
10/21/2021,EWB,MA,ANE,EN,Federal Contract Tower,0,4,30,2,36,0,10,73,0,83,0,14,103,2,119,144,0,144,263
10/22/2021,EWB,MA,ANE,EN,Federal Contract Tower,0,11,18,0,29,0,8,86,0,94,0,19,104,0,123,150,0,150,273
10/23/2021,EWB,MA,ANE,EN,Federal Contract Tower,0,9,10,0,19,0,3,59,0,62,0,12,69,0,81,104,0,104,185
10/24/2021,EWB,MA,ANE,EN,Federal Contract Tower,0,6,15,0,21,0,2,93,0,95,0,8,108,0,116,160,0,160,276
10/25/2021,EWB,MA,ANE,EN,Federal Contract Tower,0,14,19,0,33,0,0,1,0,1,0,14,20,0,34,0,0,0,34
10/26/2021,EWB,MA,ANE,EN,Federal Contract Tower,0,2,4,0,6,0,1,6,0,7,0,3,10,0,13,6,0,6,19
10/27/2021,EWB,MA,ANE,EN,Federal Contract Tower,0,0,3,0,3,0,0,0,0,0,0,0,3,0,3,0,0,0,3
10/28/2021,EWB,MA,ANE,EN,Federal Contract Tower,0,15,5,0,20,0,5,13,1,19,0,20,18,1,39,2,0,2,41
10/29/2021,EWB,MA,ANE,EN,Federal Contract Tower,0,2,16,0,18,0,7,47,0,54,0,9,63,0,72,172,2,174,246
10/30/2021,EWB,MA,ANE,EN,Federal Contract Tower,0,6,2,0,8,0,0,0,0,0,0,6,2,0,8,0,0,0,8
10/31/2021,EWB,MA,ANE,EN,Federal Contract Tower,0,5,27,0,32,0,1,32,0,33,0,6,59,0,65,62,0,62,127
11/01/2021,EWB,MA,ANE,EN,Federal Contract Tower,0,2,19,0,21,0,3,78,0,81,0,5,97,0,102,126,0,126,228
11/02/2021,EWB,MA,ANE,EN,Federal Contract Tower,0,7,17,0,24,0,7,68,0,75,0,14,85,0,99,116,0,116,215
11/03/2021,EWB,MA,ANE,EN,Federal Contract Tower,0,12,26,0,38,0,11,78,0,89,0,23,104,0,127,68,2,70,197
11/04/2021,EWB,MA,ANE,EN,Federal Contract Tower,0,4,25,0,29,0,6,67,0,73,0,10,92,0,102,144,2,146,248
11/05/2021,EWB,MA,ANE,EN,Federal Contract Tower,0,9,18,0,27,0,9,74,0,83,0,18,92,0,110,114,0,114,224
11/06/2021,EWB,MA,ANE,EN,Federal Contract Tower,0,2,14,0,16,0,0,94,0,94,0,2,108,0,110,102,0,102,212
11/07/2021,EWB,MA,ANE,EN,Federal Contract Tower,0,5,15,0,20,0,7,87,0,94,0,12,102,0,114,148,6,154,268
11/08/2021,EWB,MA,ANE,EN,Federal Contract Tower,0,3,31,1,35,0,2,64,1,67,0,5,95,2,102,92,10,102,204
11/09/2021,EWB,MA,ANE,EN,Federal Contract Tower,0,4,16,0,20,0,5,95,0,100,0,9,111,0,120,118,0,118,238
11/10/2021,EWB,MA,ANE,EN,Federal Contract Tower,0,3,14,0,17,0,10,78,0,88,0,13,92,0,105,132,0,132,237
11/11/2021,EWB,MA,ANE,EN,Federal Contract Tower,0,2,15,2,19,0,7,56,1,64,0,9,71,3,83,34,0,34,117
11/12/2021,EWB,MA,ANE,EN,Federal Contract Tower,0,6,1,0,7,0,0,0,1,1,0,6,1,1,8,0,0,0,8
11/13/2021,EWB,MA,ANE,EN,Federal Contract Tower,0,8,9,0,17,0,8,66,6,80,0,16,75,6,97,42,2,44,141
11/14/2021,EWB,MA,ANE,EN,Federal Contract Tower,0,5,11,0,16,0,3,80,0,83,0,8,91,0,99,74,0,74,173
11/15/2021,EWB,MA,ANE,EN,Federal Contract Tower,0,5,14,0,19,0,3,56,0,59,0,8,70,0,78,24,0,24,102
11/16/2021,EWB,MA,ANE,EN,Federal Contract Tower,0,7,19,0,26,0,6,74,0,80,0,13,93,0,106,96,0,96,202
11/17/2021,EWB,MA,ANE,EN,Federal Contract Tower,0,4,10,0,14,0,7,97,0,104,0,11,107,0,118,140,0,140,258
11/18/2021,EWB,MA,ANE,EN,Federal Contract Tower,0,5,12,0,17,0,16,37,0,53,0,21,49,0,70,54,6,60,130
11/19/2021,EWB,MA,ANE,EN,Federal Contract Tower,0,7,17,0,24,0,5,39,0,44,0,12,56,0,68,90,0,90,158
11/20/2021,EWB,MA,ANE,EN,Federal Contract Tower,0,9,23,0,32,0,3,96,0,99,0,12,119,0,131,106,0,106,237
11/21/2021,EWB,MA,ANE,EN,Federal Contract Tower,0,5,11,0,16,0,0,49,0,49,0,5,60,0,65,80,0,80,145
11/22/2021,EWB,MA,ANE,EN,Federal Contract Tower,0,6,10,0,16,0,1,11,0,12,0,7,21,0,28,6,0,6,34
11/23/2021,EWB,MA,ANE,EN,Federal Contract Tower,0,10,20,0,30,0,12,60,0,72,0,22,80,0,102,108,0,108,210
11/24/2021,EWB,MA,ANE,EN,Federal Contract Tower,0,7,24,1,32,0,7,80,0,87,0,14,104,1,119,138,8,146,265
11/25/2021,EWB,MA,ANE,EN,Federal Contract Tower,0,6,0,0,6,0,2,19,0,21,0,8,19,0,27,0,0,0,27
11/26/2021,EWB,MA,ANE,EN,Federal Contract Tower,0,5,11,0,16,0,0,0,0,0,0,5,11,0,16,0,0,0,16
11/27/2021,EWB,MA,ANE,EN,Federal Contract Tower,0,17,3,0,20,0,2,28,0,30,0,19,31,0,50,10,0,10,60
11/28/2021,EWB,MA,ANE,EN,Federal Contract Tower,0,6,19,0,25,0,0,28,0,28,0,6,47,0,53,48,0,48,101
11/29/2021,EWB,MA,ANE,EN,Federal Contract Tower,0,4,20,0,24,0,4,40,0,44,0,8,60,0,68,116,16,132,200
11/30/2021,EWB,MA,ANE,EN,Federal Contract Tower,0,3,22,0,25,0,8,68,0,76,0,11,90,0,101,104,14,118,219
12/01/2021,EWB,MA,ANE,EN,Federal Contract Tower,0,6,18,0,24,0,11,48,0,59,0,17,66,0,83,150,0,150,233
12/02/2021,EWB,MA,ANE,EN,Federal Contract Tower,0,4,27,0,31,0,6,51,0,57,0,10,78,0,88,64,0,64,152
12/03/2021,EWB,MA,ANE,EN,Federal Contract Tower,0,3,4,0,7,0,4,20,2,26,0,7,24,2,33,28,6,34,67
12/04/2021,EWB,MA,ANE,EN,Federal Contract Tower,0,3,21,0,24,0,2,106,0,108,0,5,127,0,132,114,0,114,246
12/05/2021,EWB,MA,ANE,EN,Federal Contract Tower,0,3,11,2,16,0,1,111,0,112,0,4,122,2,128,134,0,134,262
12/06/2021,EWB,MA,ANE,EN,Federal Contract Tower,0,4,3,0,7,0,0,0,2,2,0,4,3,2,9,0,0,0,9
12/07/2021,EWB,MA,ANE,EN,Federal Contract Tower,0,2,26,0,28,0,6,95,2,103,0,8,121,2,131,148,0,148,279
12/08/2021,EWB,MA,ANE,EN,Federal Contract Tower,0,3,3,4,10,0,3,8,0,11,0,6,11,4,21,30,0,30,51
12/09/2021,EWB,MA,ANE,EN,Federal Contract Tower,0,3,25,0,28,0,13,72,0,85,0,16,97,0,113,132,0,132,245
12/10/2021,EWB,MA,ANE,EN,Federal Contract Tower,0,1,23,0,24,0,4,90,0,94,0,5,113,0,118,124,0,124,242
12/11/2021,EWB,MA,ANE,EN,Federal Contract Tower,0,5,7,0,12,0,0,0,0,0,0,5,7,0,12,0,0,0,12
12/12/2021,EWB,MA,ANE,EN,Federal Contract Tower,0,4,13,0,17,0,4,72,4,80,0,8,85,4,97,70,0,70,167
12/13/2021,EWB,MA,ANE,EN,Federal Contract Tower,0,5,14,0,19,0,2,67,0,69,0,7,81,0,88,172,10,182,270
12/14/2021,EWB,MA,ANE,EN,Federal Contract Tower,0,6,17,0,23,0,10,99,0,109,0,16,116,0,132,204,4,208,340
12/15/2021,EWB,MA,ANE,EN,Federal Contract Tower,0,5,19,0,24,0,8,74,0,82,0,13,93,0,106,140,0,140,246
12/16/2021,EWB,MA,ANE,EN,Federal Contract Tower,0,6,12,0,18,0,8,24,2,34,0,14,36,2,52,40,8,48,100
12/17/2021,EWB,MA,ANE,EN,Federal Contract Tower,0,3,14,0,17,0,13,41,0,54,0,16,55,0,71,22,0,22,93
12/18/2021,EWB,MA,ANE,EN,Federal Contract Tower,0,5,0,0,5,0,1,4,0,5,0,6,4,0,10,0,0,0,10
12/19/2021,EWB,MA,ANE,EN,Federal Contract Tower,0,7,6,0,13,0,0,9,0,9,0,7,15,0,22,6,0,6,28
12/20/2021,EWB,MA,ANE,EN,Federal Contract Tower,0,9,18,0,27,0,17,95,0,112,0,26,113,0,139,178,0,178,317
12/21/2021,EWB,MA,ANE,EN,Federal Contract Tower,0,7,11,0,18,0,7,61,4,72,0,14,72,4,90,92,2,94,184
12/22/2021,EWB,MA,ANE,EN,Federal Contract Tower,0,15,1,0,16,0,6,4,0,10,0,21,5,0,26,0,0,0,26
12/23/2021,EWB,MA,ANE,EN,Federal Contract Tower,0,7,8,0,15,0,6,37,0,43,0,13,45,0,58,38,0,38,96
12/24/2021,EWB,MA,ANE,EN,Federal Contract Tower,0,5,0,0,5,0,3,1,0,4,0,8,1,0,9,2,0,2,11
12/25/2021,EWB,MA,ANE,EN,Federal Contract Tower,0,4,1,0,5,0,0,0,0,0,0,4,1,0,5,0,0,0,5
12/26/2021,EWB,MA,ANE,EN,Federal Contract Tower,0,9,6,0,15,0,2,7,0,9,0,11,13,0,24,0,0,0,24
12/27/2021,EWB,MA,ANE,EN,Federal Contract Tower,0,5,17,1,23,0,15,57,2,74,0,20,74,3,97,58,12,70,167
12/28/2021,EWB,MA,ANE,EN,Federal Contract Tower,0,10,9,0,19,0,8,15,0,23,0,18,24,0,42,26,0,26,68
12/29/2021,EWB,MA,ANE,EN,Federal Contract Tower,0,7,5,0,12,0,5,19,0,24,0,12,24,0,36,70,0,70,106
12/30/2021,EWB,MA,ANE,EN,Federal Contract Tower,0,4,1,0,5,0,3,3,0,6,0,7,4,0,11,0,0,0,11
12/31/2021,EWB,MA,ANE,EN,Federal Contract Tower,0,4,10,0,14,0,0,0,0,0,0,4,10,0,14,2,0,2,16
01/01/2022,EWB,MA,ANE,EN,Federal Contract Tower,0,10,4,0,14,0,0,0,0,0,0,10,4,0,14,0,0,0,14
01/02/2022,EWB,MA,ANE,EN,Federal Contract Tower,0,4,7,0,11,0,0,0,0,0,0,4,7,0,11,0,0,0,11
01/03/2022,EWB,MA,ANE,EN,Federal Contract Tower,0,9,1,0,10,0,4,5,0,9,0,13,6,0,19,26,0,26,45
01/04/2022,EWB,MA,ANE,EN,Federal Contract Tower,0,2,18,0,20,0,9,66,0,75,0,11,84,0,95,82,0,82,177
01/05/2022,EWB,MA,ANE,EN,Federal Contract Tower,0,5,2,0,7,0,2,0,0,2,0,7,2,0,9,0,0,0,9
01/06/2022,EWB,MA,ANE,EN,Federal Contract Tower,0,6,19,0,25,0,13,73,0,86,0,19,92,0,111,112,0,112,223
01/07/2022,EWB,MA,ANE,EN,Federal Contract Tower,0,4,5,0,9,0,0,1,0,1,0,4,6,0,10,2,0,2,12
01/08/2022,EWB,MA,ANE,EN,Federal Contract Tower,0,2,5,4,11,0,4,58,4,66,0,6,63,8,77,82,0,82,159
01/09/2022,EWB,MA,ANE,EN,Federal Contract Tower,0,3,0,0,3,0,2,8,0,10,0,5,8,0,13,0,0,0,13
01/10/2022,EWB,MA,ANE,EN,Federal Contract Tower,0,1,13,0,14,0,3,60,0,63,0,4,73,0,77,242,0,242,319
01/11/2022,EWB,MA,ANE,EN,Federal Contract Tower,0,3,9,2,14,0,6,34,0,40,0,9,43,2,54,48,12,60,114
01/12/2022,EWB,MA,ANE,EN,Federal Contract Tower,0,11,0,0,11,0,9,19,0,28,0,20,19,0,39,16,0,16,55
01/13/2022,EWB,MA,ANE,EN,Federal Contract Tower,0,3,17,0,20,0,6,84,0,90,0,9,101,0,110,128,0,128,238
01/14/2022,EWB,MA,ANE,EN,Federal Contract Tower,0,2,4,0,6,0,0,0,0,0,0,2,4,0,6,0,0,0,6
01/15/2022,EWB,MA,ANE,EN,Federal Contract Tower,0,4,5,0,9,0,5,10,0,15,0,9,15,0,24,2,0,2,26
01/16/2022,EWB,MA,ANE,EN,Federal Contract Tower,0,4,14,0,18,0,6,94,0,100,0,10,108,0,118,130,0,130,248
01/17/2022,EWB,MA,ANE,EN,Federal Contract Tower,0,4,2,0,6,0,2,3,0,5,0,6,5,0,11,14,0,14,25
01/18/2022,EWB,MA,ANE,EN,Federal Contract Tower,0,4,5,0,9,0,6,10,0,16,0,10,15,0,25,4,0,4,29
01/19/2022,EWB,MA,ANE,EN,Federal Contract Tower,0,4,4,2,10,0,7,25,1,33,0,11,29,3,43,6,14,20,63
01/20/2022,EWB,MA,ANE,EN,Federal Contract Tower,0,5,4,0,9,0,3,0,0,3,0,8,4,0,12,0,0,0,12
01/21/2022,EWB,MA,ANE,EN,Federal Contract Tower,0,7,4,2,13,0,24,59,0,83,0,31,63,2,96,133,6,139,235
01/22/2022,EWB,MA,ANE,EN,Federal Contract Tower,0,4,6,0,10,0,0,25,2,27,0,4,31,2,37,12,0,12,49
01/23/2022,EWB,MA,ANE,EN,Federal Contract Tower,0,3,16,0,19,0,8,86,0,94,0,11,102,0,113,80,0,80,193
01/24/2022,EWB,MA,ANE,EN,Federal Contract Tower,0,4,20,0,24,0,2,65,0,67,0,6,85,0,91,136,0,136,227
01/25/2022,EWB,MA,ANE,EN,Federal Contract Tower,0,1,14,0,15,0,7,46,0,53,0,8,60,0,68,90,2,92,160
01/26/2022,EWB,MA,ANE,EN,Federal Contract Tower,0,2,8,0,10,0,8,101,0,109,0,10,109,0,119,148,4,152,271
01/27/2022,EWB,MA,ANE,EN,Federal Contract Tower,0,5,23,2,30,0,9,56,0,65,0,14,79,2,95,72,26,98,193
01/28/2022,EWB,MA,ANE,EN,Federal Contract Tower,0,2,2,0,4,0,1,16,0,17,0,3,18,0,21,40,4,44,65
01/29/2022,EWB,MA,ANE,EN,Federal Contract Tower,0,0,0,0,0,0,0,0,0,0,0,0,0,0,0,0,0,0,0
01/30/2022,EWB,MA,ANE,EN,Federal Contract Tower,0,0,0,0,0,0,0,0,2,2,0,0,0,2,2,8,0,8,10
01/31/2022,EWB,MA,ANE,EN,Federal Contract Tower,0,0,0,0,0,0,0,0,0,0,0,0,0,0,0,0,0,0,0
02/01/2022,EWB,MA,ANE,EN,Federal Contract Tower,0,2,2,0,4,0,21,8,0,29,0,23,10,0,33,30,2,32,65
02/02/2022,EWB,MA,ANE,EN,Federal Contract Tower,0,5,5,0,10,0,0,0,0,0,0,5,5,0,10,0,0,0,10
02/03/2022,EWB,MA,ANE,EN,Federal Contract Tower,0,3,8,0,11,0,2,5,0,7,0,5,13,0,18,2,0,2,20
02/04/2022,EWB,MA,ANE,EN,Federal Contract Tower,0,3,0,0,3,0,0,0,0,0,0,3,0,0,3,0,0,0,3
02/05/2022,EWB,MA,ANE,EN,Federal Contract Tower,0,2,3,0,5,0,1,4,0,5,0,3,7,0,10,0,0,0,10
02/06/2022,EWB,MA,ANE,EN,Federal Contract Tower,0,2,2,0,4,0,3,55,0,58,0,5,57,0,62,56,0,56,118
02/07/2022,EWB,MA,ANE,EN,Federal Contract Tower,0,11,4,2,17,0,2,4,0,6,0,13,8,2,23,0,0,0,23
02/08/2022,EWB,MA,ANE,EN,Federal Contract Tower,0,10,4,0,14,0,8,14,2,24,0,18,18,2,38,0,22,22,60
02/09/2022,EWB,MA,ANE,EN,Federal Contract Tower,0,2,31,2,35,0,5,119,0,124,0,7,150,2,159,250,0,250,409
02/10/2022,EWB,MA,ANE,EN,Federal Contract Tower,0,3,19,0,22,0,5,76,2,83,0,8,95,2,105,136,2,138,243
02/11/2022,EWB,MA,ANE,EN,Federal Contract Tower,1,1,24,0,26,0,1,97,0,98,1,2,121,0,124,98,0,98,222
02/12/2022,EWB,MA,ANE,EN,Federal Contract Tower,0,4,11,0,15,0,5,85,0,90,0,9,96,0,105,102,0,102,207
02/13/2022,EWB,MA,ANE,EN,Federal Contract Tower,0,4,1,0,5,0,0,0,0,0,0,4,1,0,5,0,0,0,5
02/14/2022,EWB,MA,ANE,EN,Federal Contract Tower,0,2,8,0,10,0,3,8,0,11,0,5,16,0,21,0,0,0,21
02/15/2022,EWB,MA,ANE,EN,Federal Contract Tower,0,4,18,1,23,0,6,82,0,88,0,10,100,1,111,106,2,108,219
02/16/2022,EWB,MA,ANE,EN,Federal Contract Tower,0,5,19,0,24,0,12,47,0,59,0,17,66,0,83,80,0,80,163
02/17/2022,EWB,MA,ANE,EN,Federal Contract Tower,0,5,9,0,14,0,5,16,0,21,0,10,25,0,35,20,0,20,55
02/18/2022,EWB,MA,ANE,EN,Federal Contract Tower,0,5,2,0,7,0,2,28,0,30,0,7,30,0,37,16,0,16,53
02/19/2022,EWB,MA,ANE,EN,Federal Contract Tower,0,4,3,0,7,0,1,22,0,23,0,5,25,0,30,30,0,30,60
02/20/2022,EWB,MA,ANE,EN,Federal Contract Tower,0,4,11,0,15,0,2,99,0,101,0,6,110,0,116,190,0,190,306
02/21/2022,EWB,MA,ANE,EN,Federal Contract Tower,0,3,17,0,20,0,5,65,0,70,0,8,82,0,90,80,0,80,170
02/22/2022,EWB,MA,ANE,EN,Federal Contract Tower,0,9,8,0,17,0,1,5,0,6,0,10,13,0,23,34,0,34,57
02/23/2022,EWB,MA,ANE,EN,Federal Contract Tower,0,3,16,0,19,0,3,31,0,34,0,6,47,0,53,70,0,70,123
02/24/2022,EWB,MA,ANE,EN,Federal Contract Tower,0,3,9,0,12,0,4,73,0,77,0,7,82,0,89,144,0,144,233
02/25/2022,EWB,MA,ANE,EN,Federal Contract Tower,0,4,4,0,8,0,0,0,0,0,0,4,4,0,8,0,0,0,8
02/26/2022,EWB,MA,ANE,EN,Federal Contract Tower,0,6,8,0,14,0,8,32,1,41,0,14,40,1,55,36,14,50,105
02/27/2022,EWB,MA,ANE,EN,Federal Contract Tower,0,2,8,0,10,0,6,53,2,61,0,8,61,2,71,74,0,74,145
02/28/2022,EWB,MA,ANE,EN,Federal Contract Tower,0,5,18,0,23,0,4,62,2,68,0,9,80,2,91,144,18,162,253
03/01/2022,EWB,MA,ANE,EN,Federal Contract Tower,0,3,12,3,18,0,8,46,2,56,0,11,58,5,74,76,0,76,150
03/02/2022,EWB,MA,ANE,EN,Federal Contract Tower,0,4,11,2,17,0,2,95,0,97,0,6,106,2,114,166,2,168,282
03/03/2022,EWB,MA,ANE,EN,Federal Contract Tower,0,4,6,4,14,0,1,50,0,51,0,5,56,4,65,98,0,98,163
03/04/2022,EWB,MA,ANE,EN,Federal Contract Tower,0,3,16,0,19,0,6,95,0,101,0,9,111,0,120,164,0,164,284
03/05/2022,EWB,MA,ANE,EN,Federal Contract Tower,0,4,5,0,9,0,11,93,0,104,0,15,98,0,113,62,0,62,175
03/06/2022,EWB,MA,ANE,EN,Federal Contract Tower,0,7,3,0,10,0,0,0,0,0,0,7,3,0,10,0,0,0,10
03/07/2022,EWB,MA,ANE,EN,Federal Contract Tower,0,5,10,0,15,0,1,13,0,14,0,6,23,0,29,64,0,64,93
03/08/2022,EWB,MA,ANE,EN,Federal Contract Tower,0,2,4,0,6,0,11,39,0,50,0,13,43,0,56,46,6,52,108
03/09/2022,EWB,MA,ANE,EN,Federal Contract Tower,0,5,3,0,8,0,15,12,0,27,0,20,15,0,35,36,0,36,71
03/10/2022,EWB,MA,ANE,EN,Federal Contract Tower,0,4,32,0,36,0,5,92,2,99,0,9,124,2,135,146,0,146,281
03/11/2022,EWB,MA,ANE,EN,Federal Contract Tower,0,12,9,0,21,0,9,58,2,69,0,21,67,2,90,130,0,130,220
03/12/2022,EWB,MA,ANE,EN,Federal Contract Tower,0,2,4,0,6,0,0,0,0,0,0,2,4,0,6,0,0,0,6
03/13/2022,EWB,MA,ANE,EN,Federal Contract Tower,0,4,1,0,5,0,2,13,0,15,0,6,14,0,20,20,0,20,40
03/14/2022,EWB,MA,ANE,EN,Federal Contract Tower,0,4,4,0,8,0,5,62,0,67,0,9,66,0,75,192,2,194,269
03/15/2022,EWB,MA,ANE,EN,Federal Contract Tower,0,6,17,2,25,0,8,91,0,99,0,14,108,2,124,116,4,120,244
03/16/2022,EWB,MA,ANE,EN,Federal Contract Tower,0,7,9,0,16,0,7,99,2,108,0,14,108,2,124,176,2,178,302
03/17/2022,EWB,MA,ANE,EN,Federal Contract Tower,0,5,6,0,11,0,0,5,0,5,0,5,11,0,16,4,0,4,20
03/18/2022,EWB,MA,ANE,EN,Federal Contract Tower,0,13,4,0,17,0,9,81,0,90,0,22,85,0,107,168,0,168,275
03/19/2022,EWB,MA,ANE,EN,Federal Contract Tower,0,2,3,0,5,0,0,0,0,0,0,2,3,0,5,0,0,0,5
03/20/2022,EWB,MA,ANE,EN,Federal Contract Tower,0,3,8,0,11,0,0,64,0,64,0,3,72,0,75,90,0,90,165
03/21/2022,EWB,MA,ANE,EN,Federal Contract Tower,0,4,13,0,17,0,9,55,0,64,0,13,68,0,81,116,0,116,197
03/22/2022,EWB,MA,ANE,EN,Federal Contract Tower,0,3,7,0,10,0,9,83,0,92,0,12,90,0,102,112,0,112,214
03/23/2022,EWB,MA,ANE,EN,Federal Contract Tower,0,2,8,4,14,0,6,96,0,102,0,8,104,4,116,176,0,176,292
03/24/2022,EWB,MA,ANE,EN,Federal Contract Tower,0,7,1,0,8,0,0,0,0,0,0,7,1,0,8,0,0,0,8
03/25/2022,EWB,MA,ANE,EN,Federal Contract Tower,0,6,12,0,18,0,9,59,0,68,0,15,71,0,86,124,0,124,210
03/26/2022,EWB,MA,ANE,EN,Federal Contract Tower,0,9,5,2,16,0,24,51,9,84,0,33,56,11,100,106,0,106,206
03/27/2022,EWB,MA,ANE,EN,Federal Contract Tower,0,3,7,0,10,0,2,82,0,84,0,5,89,0,94,82,0,82,176
03/28/2022,EWB,MA,ANE,EN,Federal Contract Tower,0,4,10,0,14,0,1,26,0,27,0,5,36,0,41,44,0,44,85
03/29/2022,EWB,MA,ANE,EN,Federal Contract Tower,0,5,4,0,9,0,20,69,3,92,0,25,73,3,101,96,0,96,197
03/30/2022,EWB,MA,ANE,EN,Federal Contract Tower,0,3,10,0,13,0,8,84,0,92,0,11,94,0,105,150,0,150,255
03/31/2022,EWB,MA,ANE,EN,Federal Contract Tower,0,9,7,0,16,0,0,0,0,0,0,9,7,0,16,2,0,2,18
04/01/2022,EWB,MA,ANE,EN,Federal Contract Tower,0,7,16,0,23,0,11,30,0,41,0,18,46,0,64,38,0,38,102
04/02/2022,EWB,MA,ANE,EN,Federal Contract Tower,0,2,12,0,14,0,3,61,0,64,0,5,73,0,78,94,0,94,172
04/03/2022,EWB,MA,ANE,EN,Federal Contract Tower,0,2,15,0,17,0,1,50,0,51,0,3,65,0,68,100,0,100,168
04/04/2022,EWB,MA,ANE,EN,Federal Contract Tower,0,7,10,0,17,0,3,67,0,70,0,10,77,0,87,104,0,104,191
04/05/2022,EWB,MA,ANE,EN,Federal Contract Tower,0,1,31,0,32,0,9,82,0,91,0,10,113,0,123,196,0,196,319
04/06/2022,EWB,MA,ANE,EN,Federal Contract Tower,0,10,9,0,19,0,0,0,0,0,0,10,9,0,19,0,0,0,19
04/07/2022,EWB,MA,ANE,EN,Federal Contract Tower,0,12,6,0,18,0,4,29,0,33,0,16,35,0,51,70,0,70,121
04/08/2022,EWB,MA,ANE,EN,Federal Contract Tower,0,6,12,0,18,0,7,35,0,42,0,13,47,0,60,66,0,66,126
04/09/2022,EWB,MA,ANE,EN,Federal Contract Tower,0,6,7,0,13,0,6,27,0,33,0,12,34,0,46,36,0,36,82
04/10/2022,EWB,MA,ANE,EN,Federal Contract Tower,0,5,6,1,12,0,1,63,0,64,0,6,69,1,76,96,0,96,172
04/11/2022,EWB,MA,ANE,EN,Federal Contract Tower,0,3,12,0,15,0,1,76,0,77,0,4,88,0,92,152,0,152,244
04/12/2022,EWB,MA,ANE,EN,Federal Contract Tower,0,4,4,0,8,0,7,73,0,80,0,11,77,0,88,60,0,60,148
04/13/2022,EWB,MA,ANE,EN,Federal Contract Tower,0,2,11,0,13,0,11,79,0,90,0,13,90,0,103,163,0,163,266
04/14/2022,EWB,MA,ANE,EN,Federal Contract Tower,0,22,7,4,33,0,17,39,2,58,0,39,46,6,91,102,28,130,221
04/15/2022,EWB,MA,ANE,EN,Federal Contract Tower,0,2,8,0,10,0,5,85,0,90,0,7,93,0,100,106,4,110,210
04/16/2022,EWB,MA,ANE,EN,Federal Contract Tower,0,5,5,1,11,0,3,18,4,25,0,8,23,5,36,0,24,24,60
04/17/2022,EWB,MA,ANE,EN,Federal Contract Tower,0,3,10,0,13,0,2,35,0,37,0,5,45,0,50,76,0,76,126
04/18/2022,EWB,MA,ANE,EN,Federal Contract Tower,0,3,15,0,18,0,2,35,0,37,0,5,50,0,55,64,0,64,119
04/19/2022,EWB,MA,ANE,EN,Federal Contract Tower,0,6,3,0,9,0,2,1,0,3,0,8,4,0,12,0,0,0,12
04/20/2022,EWB,MA,ANE,EN,Federal Contract Tower,0,9,19,0,28,0,14,63,0,77,0,23,82,0,105,152,22,174,279
04/21/2022,EWB,MA,ANE,EN,Federal Contract Tower,0,7,14,1,22,0,7,70,2,79,0,14,84,3,101,124,4,128,229
04/22/2022,EWB,MA,ANE,EN,Federal Contract Tower,0,9,9,0,18,0,16,60,0,76,0,25,69,0,94,96,0,96,190
04/23/2022,EWB,MA,ANE,EN,Federal Contract Tower,0,2,16,0,18,0,5,123,0,128,0,7,139,0,146,162,0,162,308
04/24/2022,EWB,MA,ANE,EN,Federal Contract Tower,0,6,16,0,22,0,14,66,0,80,0,20,82,0,102,154,0,154,256
04/25/2022,EWB,MA,ANE,EN,Federal Contract Tower,0,8,4,0,12,0,4,84,0,88,0,12,88,0,100,166,4,170,270
04/26/2022,EWB,MA,ANE,EN,Federal Contract Tower,0,7,6,1,14,0,2,11,1,14,0,9,17,2,28,44,0,44,72
04/27/2022,EWB,MA,ANE,EN,Federal Contract Tower,0,8,21,0,29,0,21,61,0,82,0,29,82,0,111,168,4,172,283
04/28/2022,EWB,MA,ANE,EN,Federal Contract Tower,0,4,26,0,30,0,4,49,0,53,0,8,75,0,83,72,2,74,157
04/29/2022,EWB,MA,ANE,EN,Federal Contract Tower,0,4,15,0,19,0,11,56,0,67,0,15,71,0,86,112,2,114,200
04/30/2022,EWB,MA,ANE,EN,Federal Contract Tower,0,6,14,0,20,0,14,78,4,96,0,20,92,4,116,94,0,94,210
05/01/2022,EWB,MA,ANE,EN,Federal Contract Tower,0,8,17,0,25,0,2,92,2,96,0,10,109,2,121,86,26,112,233
05/02/2022,EWB,MA,ANE,EN,Federal Contract Tower,0,5,6,0,11,0,3,37,0,40,0,8,43,0,51,156,6,162,213
05/03/2022,EWB,MA,ANE,EN,Federal Contract Tower,0,4,8,0,12,0,6,12,0,18,0,10,20,0,30,28,0,28,58
05/04/2022,EWB,MA,ANE,EN,Federal Contract Tower,0,11,7,0,18,0,1,0,0,1,0,12,7,0,19,2,0,2,21
05/05/2022,EWB,MA,ANE,EN,Federal Contract Tower,0,4,29,0,33,0,11,113,0,124,0,15,142,0,157,204,6,210,367
05/06/2022,EWB,MA,ANE,EN,Federal Contract Tower,0,6,10,0,16,0,11,57,0,68,0,17,67,0,84,174,0,174,258
05/07/2022,EWB,MA,ANE,EN,Federal Contract Tower,0,5,5,0,10,0,1,0,0,1,0,6,5,0,11,6,0,6,17
05/08/2022,EWB,MA,ANE,EN,Federal Contract Tower,0,2,6,0,8,0,4,4,0,8,0,6,10,0,16,2,0,2,18
05/09/2022,EWB,MA,ANE,EN,Federal Contract Tower,0,2,16,0,18,0,4,4,0,8,0,6,20,0,26,0,0,0,26
05/10/2022,EWB,MA,ANE,EN,Federal Contract Tower,0,8,4,0,12,0,12,25,0,37,0,20,29,0,49,32,0,32,81
05/11/2022,EWB,MA,ANE,EN,Federal Contract Tower,0,8,29,0,37,0,5,10,0,15,0,13,39,0,52,24,0,24,76
05/12/2022,EWB,MA,ANE,EN,Federal Contract Tower,0,9,29,0,38,0,3,27,0,30,0,12,56,0,68,64,0,64,132
05/13/2022,EWB,MA,ANE,EN,Federal Contract Tower,0,11,15,0,26,0,1,15,0,16,0,12,30,0,42,12,0,12,54
05/14/2022,EWB,MA,ANE,EN,Federal Contract Tower,0,11,19,0,30,0,12,48,0,60,0,23,67,0,90,78,0,78,168
05/15/2022,EWB,MA,ANE,EN,Federal Contract Tower,0,7,13,0,20,0,0,26,0,26,0,7,39,0,46,48,0,48,94
05/16/2022,EWB,MA,ANE,EN,Federal Contract Tower,0,9,10,0,19,0,1,13,0,14,0,10,23,0,33,26,0,26,59
05/17/2022,EWB,MA,ANE,EN,Federal Contract Tower,0,6,20,0,26,0,11,80,0,91,0,17,100,0,117,98,6,104,221
05/18/2022,EWB,MA,ANE,EN,Federal Contract Tower,0,6,14,0,20,0,5,72,2,79,0,11,86,2,99,114,20,134,233
05/19/2022,EWB,MA,ANE,EN,Federal Contract Tower,0,18,6,0,24,0,1,0,0,1,0,19,6,0,25,2,0,2,27
05/20/2022,EWB,MA,ANE,EN,Federal Contract Tower,0,6,30,0,36,0,7,57,0,64,0,13,87,0,100,136,0,136,236
05/21/2022,EWB,MA,ANE,EN,Federal Contract Tower,0,23,7,0,30,0,4,37,2,43,0,27,44,2,73,52,8,60,133
05/22/2022,EWB,MA,ANE,EN,Federal Contract Tower,0,3,7,0,10,0,4,91,0,95,0,7,98,0,105,102,0,102,207
05/23/2022,EWB,MA,ANE,EN,Federal Contract Tower,0,9,13,0,22,0,3,63,1,67,0,12,76,1,89,124,12,136,225
05/24/2022,EWB,MA,ANE,EN,Federal Contract Tower,0,9,11,0,20,0,10,82,0,92,0,19,93,0,112,108,0,108,220
05/25/2022,EWB,MA,ANE,EN,Federal Contract Tower,0,5,19,0,24,0,22,110,0,132,0,27,129,0,156,178,0,178,334
05/26/2022,EWB,MA,ANE,EN,Federal Contract Tower,0,8,26,2,36,0,9,56,0,65,0,17,82,2,101,100,0,100,201
05/27/2022,EWB,MA,ANE,EN,Federal Contract Tower,0,8,13,0,21,0,0,6,0,6,0,8,19,0,27,0,0,0,27
05/28/2022,EWB,MA,ANE,EN,Federal Contract Tower,0,5,5,0,10,0,0,0,0,0,0,5,5,0,10,0,0,0,10
05/29/2022,EWB,MA,ANE,EN,Federal Contract Tower,0,4,14,0,18,0,2,79,0,81,0,6,93,0,99,60,0,60,159
05/30/2022,EWB,MA,ANE,EN,Federal Contract Tower,0,6,3,0,9,0,5,42,0,47,0,11,45,0,56,30,0,30,86
05/31/2022,EWB,MA,ANE,EN,Federal Contract Tower,0,4,12,0,16,0,9,74,0,83,0,13,86,0,99,106,0,106,205
06/01/2022,EWB,MA,ANE,EN,Federal Contract Tower,0,6,5,0,11,0,12,52,0,64,0,18,57,0,75,98,0,98,173
06/02/2022,EWB,MA,ANE,EN,Federal Contract Tower,0,14,24,0,38,0,2,17,0,19,0,16,41,0,57,26,0,26,83
06/03/2022,EWB,MA,ANE,EN,Federal Contract Tower,0,6,17,0,23,0,4,27,0,31,0,10,44,0,54,20,0,20,74
06/04/2022,EWB,MA,ANE,EN,Federal Contract Tower,0,8,13,0,21,0,1,37,0,38,0,9,50,0,59,94,0,94,153
06/05/2022,EWB,MA,ANE,EN,Federal Contract Tower,0,7,13,0,20,0,1,92,0,93,0,8,105,0,113,84,0,84,197
06/06/2022,EWB,MA,ANE,EN,Federal Contract Tower,0,8,8,0,16,0,9,80,1,90,0,17,88,1,106,162,10,172,278
06/07/2022,EWB,MA,ANE,EN,Federal Contract Tower,0,6,6,0,12,0,11,61,0,72,0,17,67,0,84,144,8,152,236
06/08/2022,EWB,MA,ANE,EN,Federal Contract Tower,0,5,10,0,15,0,2,22,0,24,0,7,32,0,39,22,0,22,61
06/09/2022,EWB,MA,ANE,EN,Federal Contract Tower,0,9,6,0,15,0,0,4,0,4,0,9,10,0,19,18,0,18,37
06/10/2022,EWB,MA,ANE,EN,Federal Contract Tower,0,2,19,0,21,0,6,70,0,76,0,8,89,0,97,164,0,164,261
06/11/2022,EWB,MA,ANE,EN,Federal Contract Tower,0,6,7,0,13,0,8,52,0,60,0,14,59,0,73,56,0,56,129
06/12/2022,EWB,MA,ANE,EN,Federal Contract Tower,0,3,16,0,19,0,2,35,0,37,0,5,51,0,56,28,2,30,86
06/13/2022,EWB,MA,ANE,EN,Federal Contract Tower,0,8,16,0,24,0,3,35,0,38,0,11,51,0,62,32,0,32,94
06/14/2022,EWB,MA,ANE,EN,Federal Contract Tower,0,4,37,3,44,0,8,110,10,128,0,12,147,13,172,140,4,144,316
06/15/2022,EWB,MA,ANE,EN,Federal Contract Tower,0,4,4,0,8,0,9,95,0,104,0,13,99,0,112,76,0,76,188
06/16/2022,EWB,MA,ANE,EN,Federal Contract Tower,0,6,7,0,13,0,11,92,0,103,0,17,99,0,116,144,10,154,270
06/17/2022,EWB,MA,ANE,EN,Federal Contract Tower,0,5,11,0,16,0,7,6,0,13,0,12,17,0,29,0,0,0,29
06/18/2022,EWB,MA,ANE,EN,Federal Contract Tower,0,1,4,0,5,0,2,50,0,52,0,3,54,0,57,46,0,46,103
06/19/2022,EWB,MA,ANE,EN,Federal Contract Tower,0,2,9,0,11,0,1,43,0,44,0,3,52,0,55,46,0,46,101
06/20/2022,EWB,MA,ANE,EN,Federal Contract Tower,0,3,8,0,11,0,5,59,0,64,0,8,67,0,75,56,0,56,131
06/21/2022,EWB,MA,ANE,EN,Federal Contract Tower,0,3,14,0,17,0,13,95,4,112,0,16,109,4,129,140,0,140,269
06/22/2022,EWB,MA,ANE,EN,Federal Contract Tower,0,8,22,0,30,0,7,28,0,35,0,15,50,0,65,50,4,54,119
06/23/2022,EWB,MA,ANE,EN,Federal Contract Tower,0,11,32,0,43,0,14,54,2,70,0,25,86,2,113,170,0,170,283
06/24/2022,EWB,MA,ANE,EN,Federal Contract Tower,0,13,9,0,22,0,7,63,0,70,0,20,72,0,92,138,0,138,230
06/25/2022,EWB,MA,ANE,EN,Federal Contract Tower,0,6,6,0,12,0,10,80,0,90,0,16,86,0,102,100,0,100,202
06/26/2022,EWB,MA,ANE,EN,Federal Contract Tower,0,16,6,0,22,0,3,75,0,78,0,19,81,0,100,114,0,114,214
06/27/2022,EWB,MA,ANE,EN,Federal Contract Tower,0,12,10,0,22,0,1,9,0,10,0,13,19,0,32,2,0,2,34
06/28/2022,EWB,MA,ANE,EN,Federal Contract Tower,0,2,17,0,19,0,11,96,7,114,0,13,113,7,133,144,6,150,283
06/29/2022,EWB,MA,ANE,EN,Federal Contract Tower,0,6,9,0,15,0,7,87,0,94,0,13,96,0,109,116,4,120,229
06/30/2022,EWB,MA,ANE,EN,Federal Contract Tower,0,4,7,2,13,0,7,89,0,96,0,11,96,2,109,154,2,156,265
07/01/2022,EWB,MA,ANE,EN,Federal Contract Tower,0,9,18,0,27,0,10,70,1,81,0,19,88,1,108,134,6,140,248
07/02/2022,EWB,MA,ANE,EN,Federal Contract Tower,0,10,6,1,17,0,1,1,0,2,0,11,7,1,19,0,0,0,19
07/03/2022,EWB,MA,ANE,EN,Federal Contract Tower,0,3,11,0,14,0,2,59,0,61,0,5,70,0,75,64,0,64,139
07/04/2022,EWB,MA,ANE,EN,Federal Contract Tower,0,3,3,0,6,0,5,51,0,56,0,8,54,0,62,16,2,18,80
07/05/2022,EWB,MA,ANE,EN,Federal Contract Tower,0,9,8,0,17,0,5,60,0,65,0,14,68,0,82,56,0,56,138
07/06/2022,EWB,MA,ANE,EN,Federal Contract Tower,0,11,14,0,25,0,7,59,0,66,0,18,73,0,91,70,0,70,161
07/07/2022,EWB,MA,ANE,EN,Federal Contract Tower,0,4,21,2,27,0,5,89,2,96,0,9,110,4,123,176,0,176,299
07/08/2022,EWB,MA,ANE,EN,Federal Contract Tower,0,3,9,0,12,0,4,78,0,82,0,7,87,0,94,120,0,120,214
07/09/2022,EWB,MA,ANE,EN,Federal Contract Tower,0,8,24,0,32,0,1,79,0,80,0,9,103,0,112,104,2,106,218
07/10/2022,EWB,MA,ANE,EN,Federal Contract Tower,0,4,7,0,11,0,4,62,0,66,0,8,69,0,77,68,0,68,145
07/11/2022,EWB,MA,ANE,EN,Federal Contract Tower,0,2,11,0,13,0,7,80,0,87,0,9,91,0,100,86,0,86,186
07/12/2022,EWB,MA,ANE,EN,Federal Contract Tower,0,12,2,0,14,0,12,35,2,49,0,24,37,2,63,44,0,44,107
07/13/2022,EWB,MA,ANE,EN,Federal Contract Tower,0,5,18,4,27,0,15,97,1,113,0,20,115,5,140,166,6,172,312
07/14/2022,EWB,MA,ANE,EN,Federal Contract Tower,0,17,13,0,30,0,13,67,0,80,0,30,80,0,110,140,0,140,250
07/15/2022,EWB,MA,ANE,EN,Federal Contract Tower,0,9,24,0,33,0,27,69,0,96,0,36,93,0,129,94,14,108,237
07/16/2022,EWB,MA,ANE,EN,Federal Contract Tower,0,3,4,0,7,0,7,42,0,49,0,10,46,0,56,58,0,58,114
07/17/2022,EWB,MA,ANE,EN,Federal Contract Tower,0,12,12,0,24,0,3,25,0,28,0,15,37,0,52,4,0,4,56
07/18/2022,EWB,MA,ANE,EN,Federal Contract Tower,0,16,9,2,27,0,0,0,0,0,0,16,9,2,27,0,0,0,27
07/19/2022,EWB,MA,ANE,EN,Federal Contract Tower,0,10,15,0,25,0,13,76,0,89,0,23,91,0,114,70,0,70,184
07/20/2022,EWB,MA,ANE,EN,Federal Contract Tower,0,12,2,0,14,0,14,32,10,56,0,26,34,10,70,28,2,30,100
07/21/2022,EWB,MA,ANE,EN,Federal Contract Tower,0,19,21,0,40,0,2,11,0,13,0,21,32,0,53,6,0,6,59
07/22/2022,EWB,MA,ANE,EN,Federal Contract Tower,0,13,19,0,32,0,15,85,0,100,0,28,104,0,132,90,0,90,222
07/23/2022,EWB,MA,ANE,EN,Federal Contract Tower,0,7,10,0,17,0,5,51,0,56,0,12,61,0,73,68,0,68,141
07/24/2022,EWB,MA,ANE,EN,Federal Contract Tower,0,10,17,0,27,0,2,28,0,30,0,12,45,0,57,12,0,12,69
07/25/2022,EWB,MA,ANE,EN,Federal Contract Tower,0,10,15,0,25,0,0,0,0,0,0,10,15,0,25,0,2,2,27
07/26/2022,EWB,MA,ANE,EN,Federal Contract Tower,0,7,17,0,24,0,20,99,1,120,0,27,116,1,144,100,24,124,268
07/27/2022,EWB,MA,ANE,EN,Federal Contract Tower,0,12,13,0,25,0,16,85,0,101,0,28,98,0,126,130,0,130,256
07/28/2022,EWB,MA,ANE,EN,Federal Contract Tower,0,11,12,0,23,0,9,18,0,27,0,20,30,0,50,22,0,22,72
07/29/2022,EWB,MA,ANE,EN,Federal Contract Tower,0,4,28,0,32,0,11,67,0,78,0,15,95,0,110,64,0,64,174
07/30/2022,EWB,MA,ANE,EN,Federal Contract Tower,0,11,5,0,16,0,7,41,0,48,0,18,46,0,64,24,0,24,88
07/31/2022,EWB,MA,ANE,EN,Federal Contract Tower,0,4,10,0,14,0,5,63,0,68,0,9,73,0,82,66,0,66,148
08/01/2022,EWB,MA,ANE,EN,Federal Contract Tower,0,9,15,2,26,0,2,12,0,14,0,11,27,2,40,10,0,10,50
08/02/2022,EWB,MA,ANE,EN,Federal Contract Tower,0,5,15,0,20,0,15,60,0,75,0,20,75,0,95,40,0,40,135
08/03/2022,EWB,MA,ANE,EN,Federal Contract Tower,0,7,9,0,16,0,11,63,0,74,0,18,72,0,90,64,0,64,154
08/04/2022,EWB,MA,ANE,EN,Federal Contract Tower,0,10,17,0,27,0,10,44,0,54,0,20,61,0,81,58,0,58,139
08/05/2022,EWB,MA,ANE,EN,Federal Contract Tower,0,9,13,0,22,0,18,57,0,75,0,27,70,0,97,42,2,44,141
08/06/2022,EWB,MA,ANE,EN,Federal Contract Tower,0,6,18,0,24,0,13,64,0,77,0,19,82,0,101,34,0,34,135
08/07/2022,EWB,MA,ANE,EN,Federal Contract Tower,0,6,15,0,21,0,6,32,0,38,0,12,47,0,59,46,0,46,105
08/08/2022,EWB,MA,ANE,EN,Federal Contract Tower,0,1,8,0,9,0,7,34,1,42,0,8,42,1,51,22,2,24,75
08/09/2022,EWB,MA,ANE,EN,Federal Contract Tower,0,7,7,0,14,0,17,63,0,80,0,24,70,0,94,62,4,66,160
08/10/2022,EWB,MA,ANE,EN,Federal Contract Tower,0,12,22,3,37,0,10,14,0,24,0,22,36,3,61,40,2,42,103
08/11/2022,EWB,MA,ANE,EN,Federal Contract Tower,0,18,25,0,43,0,0,0,0,0,0,18,25,0,43,2,0,2,45
08/12/2022,EWB,MA,ANE,EN,Federal Contract Tower,0,7,19,0,26,0,14,118,0,132,0,21,137,0,158,80,0,80,238
08/13/2022,EWB,MA,ANE,EN,Federal Contract Tower,0,8,12,0,20,0,7,75,0,82,0,15,87,0,102,110,0,110,212
08/14/2022,EWB,MA,ANE,EN,Federal Contract Tower,0,5,21,0,26,0,7,105,0,112,0,12,126,0,138,144,0,144,282
08/15/2022,EWB,MA,ANE,EN,Federal Contract Tower,0,12,7,0,19,0,1,82,0,83,0,13,89,0,102,142,12,154,256
08/16/2022,EWB,MA,ANE,EN,Federal Contract Tower,0,5,23,0,28,0,13,60,2,75,0,18,83,2,103,112,2,114,217
08/17/2022,EWB,MA,ANE,EN,Federal Contract Tower,0,5,8,0,13,0,10,41,2,53,0,15,49,2,66,62,4,66,132
08/18/2022,EWB,MA,ANE,EN,Federal Contract Tower,0,4,21,0,25,0,19,71,0,90,0,23,92,0,115,140,0,140,255
08/19/2022,EWB,MA,ANE,EN,Federal Contract Tower,0,6,12,0,18,0,16,97,0,113,0,22,109,0,131,154,0,154,285
08/20/2022,EWB,MA,ANE,EN,Federal Contract Tower,0,3,8,0,11,0,2,89,0,91,0,5,97,0,102,102,0,102,204
08/21/2022,EWB,MA,ANE,EN,Federal Contract Tower,0,11,22,0,33,0,1,76,0,77,0,12,98,0,110,68,0,68,178
08/22/2022,EWB,MA,ANE,EN,Federal Contract Tower,0,9,6,0,15,0,0,0,0,0,0,9,6,0,15,0,0,0,15
08/23/2022,EWB,MA,ANE,EN,Federal Contract Tower,0,20,6,0,26,0,4,9,0,13,0,24,15,0,39,24,0,24,63
08/24/2022,EWB,MA,ANE,EN,Federal Contract Tower,0,20,16,0,36,0,8,98,0,106,0,28,114,0,142,230,22,252,394
08/25/2022,EWB,MA,ANE,EN,Federal Contract Tower,0,25,21,0,46,0,29,114,4,147,0,54,135,4,193,220,0,220,413
08/26/2022,EWB,MA,ANE,EN,Federal Contract Tower,0,3,10,0,13,0,9,58,0,67,0,12,68,0,80,90,0,90,170
08/27/2022,EWB,MA,ANE,EN,Federal Contract Tower,0,19,8,0,27,0,13,62,0,75,0,32,70,0,102,36,0,36,138
08/28/2022,EWB,MA,ANE,EN,Federal Contract Tower,0,12,13,0,25,0,3,63,0,66,0,15,76,0,91,91,0,91,182
08/29/2022,EWB,MA,ANE,EN,Federal Contract Tower,0,5,16,0,21,0,3,69,2,74,0,8,85,2,95,126,0,126,221
08/30/2022,EWB,MA,ANE,EN,Federal Contract Tower,0,12,21,0,33,0,6,44,0,50,0,18,65,0,83,62,2,64,147
08/31/2022,EWB,MA,ANE,EN,Federal Contract Tower,0,8,12,0,20,0,13,72,0,85,0,21,84,0,105,152,0,152,257
09/01/2022,EWB,MA,ANE,EN,Federal Contract Tower,0,4,5,0,9,0,22,98,0,120,0,26,103,0,129,220,0,220,349
09/02/2022,EWB,MA,ANE,EN,Federal Contract Tower,0,7,10,0,17,0,14,92,0,106,0,21,102,0,123,256,0,256,379
09/03/2022,EWB,MA,ANE,EN,Federal Contract Tower,0,5,5,0,10,0,9,83,0,92,0,14,88,0,102,152,0,152,254
09/04/2022,EWB,MA,ANE,EN,Federal Contract Tower,0,2,5,0,7,0,7,62,0,69,0,9,67,0,76,60,10,70,146
09/05/2022,EWB,MA,ANE,EN,Federal Contract Tower,0,8,3,0,11,0,2,21,0,23,0,10,24,0,34,4,0,4,38
09/06/2022,EWB,MA,ANE,EN,Federal Contract Tower,0,8,6,0,14,0,2,0,0,2,0,10,6,0,16,0,0,0,16
09/07/2022,EWB,MA,ANE,EN,Federal Contract Tower,0,5,30,4,39,0,4,13,0,17,0,9,43,4,56,12,0,12,68
09/08/2022,EWB,MA,ANE,EN,Federal Contract Tower,0,2,20,2,24,0,9,63,4,76,0,11,83,6,100,86,6,92,192
09/09/2022,EWB,MA,ANE,EN,Federal Contract Tower,0,4,14,0,18,0,5,64,0,69,0,9,78,0,87,142,0,142,229
09/10/2022,EWB,MA,ANE,EN,Federal Contract Tower,0,2,6,0,8,0,16,76,2,94,0,18,82,2,102,150,0,150,252
09/11/2022,EWB,MA,ANE,EN,Federal Contract Tower,0,2,20,0,22,0,3,65,0,68,0,5,85,0,90,160,0,160,250
09/12/2022,EWB,MA,ANE,EN,Federal Contract Tower,0,12,16,0,28,0,0,0,0,0,0,12,16,0,28,0,0,0,28
09/13/2022,EWB,MA,ANE,EN,Federal Contract Tower,0,11,10,0,21,0,0,0,0,0,0,11,10,0,21,0,0,0,21
09/14/2022,EWB,MA,ANE,EN,Federal Contract Tower,0,6,11,2,19,0,13,90,0,103,0,19,101,2,122,102,2,104,226
09/15/2022,EWB,MA,ANE,EN,Federal Contract Tower,0,4,22,0,26,0,9,103,2,114,0,13,125,2,140,182,0,182,322
09/16/2022,EWB,MA,ANE,EN,Federal Contract Tower,0,2,22,0,24,0,11,106,0,117,0,13,128,0,141,110,0,110,251
09/17/2022,EWB,MA,ANE,EN,Federal Contract Tower,0,5,9,0,14,0,6,79,0,85,0,11,88,0,99,138,0,138,237
09/18/2022,EWB,MA,ANE,EN,Federal Contract Tower,0,7,6,0,13,0,4,53,0,57,0,11,59,0,70,66,0,66,136
09/19/2022,EWB,MA,ANE,EN,Federal Contract Tower,0,5,13,0,18,0,0,0,0,0,0,5,13,0,18,0,0,0,18
09/20/2022,EWB,MA,ANE,EN,Federal Contract Tower,0,7,22,0,29,0,0,0,0,0,0,7,22,0,29,0,0,0,29
09/21/2022,EWB,MA,ANE,EN,Federal Contract Tower,0,9,48,0,57,0,7,75,0,82,0,16,123,0,139,98,0,98,237
09/22/2022,EWB,MA,ANE,EN,Federal Contract Tower,0,9,4,0,13,0,0,1,0,1,0,9,5,0,14,4,0,4,18
09/23/2022,EWB,MA,ANE,EN,Federal Contract Tower,0,4,11,0,15,0,7,57,2,66,0,11,68,2,81,84,8,92,173
09/24/2022,EWB,MA,ANE,EN,Federal Contract Tower,0,5,15,0,20,0,10,81,0,91,0,15,96,0,111,114,0,114,225
09/25/2022,EWB,MA,ANE,EN,Federal Contract Tower,0,6,5,0,11,0,3,91,0,94,0,9,96,0,105,138,0,138,243
09/26/2022,EWB,MA,ANE,EN,Federal Contract Tower,0,6,14,0,20,0,4,49,0,53,0,10,63,0,73,96,18,114,187
09/27/2022,EWB,MA,ANE,EN,Federal Contract Tower,0,4,8,0,12,0,7,80,0,87,0,11,88,0,99,118,10,128,227
09/28/2022,EWB,MA,ANE,EN,Federal Contract Tower,0,3,20,0,23,0,16,146,0,162,0,19,166,0,185,184,0,184,369
09/29/2022,EWB,MA,ANE,EN,Federal Contract Tower,0,1,26,0,27,0,5,112,0,117,0,6,138,0,144,148,0,148,292
09/30/2022,EWB,MA,ANE,EN,Federal Contract Tower,0,2,8,0,10,0,26,64,0,90,0,28,72,0,100,168,2,170,270
10/02/2022,EWB,MA,ANE,EN,Federal Contract Tower,0,3,3,0,6,0,4,1,0,5,0,7,4,0,11,0,0,0,11
10/03/2022,EWB,MA,ANE,EN,Federal Contract Tower,0,7,7,0,14,0,7,24,0,31,0,14,31,0,45,22,0,22,67
10/04/2022,EWB,MA,ANE,EN,Federal Contract Tower,0,11,8,0,19,0,1,3,0,4,0,12,11,0,23,0,0,0,23
10/05/2022,EWB,MA,ANE,EN,Federal Contract Tower,0,11,19,0,30,0,0,0,0,0,0,11,19,0,30,0,0,0,30
10/06/2022,EWB,MA,ANE,EN,Federal Contract Tower,0,11,21,0,32,0,8,68,4,80,0,19,89,4,112,104,2,106,218
10/07/2022,EWB,MA,ANE,EN,Federal Contract Tower,0,8,22,0,30,0,8,112,0,120,0,16,134,0,150,110,0,110,260
10/08/2022,EWB,MA,ANE,EN,Federal Contract Tower,0,6,20,0,26,0,3,76,0,79,0,9,96,0,105,168,0,168,273
10/10/2022,EWB,MA,ANE,EN,Federal Contract Tower,0,8,4,0,12,0,4,48,0,52,0,12,52,0,64,72,0,72,136
10/11/2022,EWB,MA,ANE,EN,Federal Contract Tower,0,4,17,0,21,0,15,68,0,83,0,19,85,0,104,98,0,98,202
10/12/2022,EWB,MA,ANE,EN,Federal Contract Tower,0,2,4,0,6,0,9,98,0,107,0,11,102,0,113,154,0,154,267
10/13/2022,EWB,MA,ANE,EN,Federal Contract Tower,0,12,14,0,26,0,9,25,0,34,0,21,39,0,60,46,0,46,106
10/14/2022,EWB,MA,ANE,EN,Federal Contract Tower,0,7,12,0,19,0,0,29,0,29,0,7,41,0,48,26,0,26,74
10/15/2022,EWB,MA,ANE,EN,Federal Contract Tower,0,7,11,0,18,0,2,93,2,97,0,9,104,2,115,118,0,118,233
10/16/2022,EWB,MA,ANE,EN,Federal Contract Tower,0,4,10,0,14,0,3,75,0,78,0,7,85,0,92,78,0,78,170
10/17/2022,EWB,MA,ANE,EN,Federal Contract Tower,0,4,5,0,9,0,6,39,2,47,0,10,44,2,56,58,2,60,116
10/18/2022,EWB,MA,ANE,EN,Federal Contract Tower,0,9,17,0,26,0,8,45,0,53,0,17,62,0,79,66,12,78,157
10/19/2022,EWB,MA,ANE,EN,Federal Contract Tower,0,1,24,0,25,0,10,89,0,99,0,11,113,0,124,114,8,122,246
10/20/2022,EWB,MA,ANE,EN,Federal Contract Tower,0,1,4,2,7,0,9,77,2,88,0,10,81,4,95,120,8,128,223
10/21/2022,EWB,MA,ANE,EN,Federal Contract Tower,0,3,16,0,19,0,6,109,2,117,0,9,125,2,136,116,0,116,252
10/22/2022,EWB,MA,ANE,EN,Federal Contract Tower,0,2,7,0,9,0,11,84,10,105,0,13,91,10,114,130,0,130,244
10/23/2022,EWB,MA,ANE,EN,Federal Contract Tower,0,3,11,0,14,0,1,15,0,16,0,4,26,0,30,32,0,32,62
10/24/2022,EWB,MA,ANE,EN,Federal Contract Tower,0,13,1,0,14,0,0,0,0,0,0,13,1,0,14,0,0,0,14
10/25/2022,EWB,MA,ANE,EN,Federal Contract Tower,0,14,8,0,22,0,0,0,0,0,0,14,8,0,22,0,0,0,22
10/26/2022,EWB,MA,ANE,EN,Federal Contract Tower,0,11,10,0,21,0,0,0,0,0,0,11,10,0,21,0,0,0,21
10/27/2022,EWB,MA,ANE,EN,Federal Contract Tower,0,12,8,0,20,0,20,91,0,111,0,32,99,0,131,156,4,160,291
10/28/2022,EWB,MA,ANE,EN,Federal Contract Tower,0,8,10,0,18,0,5,51,0,56,0,13,61,0,74,104,0,104,178
10/29/2022,EWB,MA,ANE,EN,Federal Contract Tower,0,13,7,0,20,0,13,96,10,119,0,26,103,10,139,106,4,110,249
10/30/2022,EWB,MA,ANE,EN,Federal Contract Tower,0,6,3,0,9,0,4,49,0,53,0,10,52,0,62,96,0,96,158
10/31/2022,EWB,MA,ANE,EN,Federal Contract Tower,0,5,15,1,21,0,0,5,0,5,0,5,20,1,26,20,0,20,46
11/01/2022,EWB,MA,ANE,EN,Federal Contract Tower,0,8,7,0,15,0,0,0,0,0,0,8,7,0,15,0,0,0,15
11/02/2022,EWB,MA,ANE,EN,Federal Contract Tower,0,0,16,0,16,0,8,112,4,124,0,8,128,4,140,150,6,156,296
11/03/2022,EWB,MA,ANE,EN,Federal Contract Tower,0,0,11,0,11,0,8,97,0,105,0,8,108,0,116,254,0,254,370
11/04/2022,EWB,MA,ANE,EN,Federal Contract Tower,0,2,9,0,11,0,4,49,0,53,0,6,58,0,64,78,0,78,142
11/05/2022,EWB,MA,ANE,EN,Federal Contract Tower,0,5,7,1,13,0,6,55,0,61,0,11,62,1,74,136,0,136,210
11/06/2022,EWB,MA,ANE,EN,Federal Contract Tower,0,8,15,0,23,0,2,40,0,42,0,10,55,0,65,56,0,56,121
11/07/2022,EWB,MA,ANE,EN,Federal Contract Tower,0,5,6,0,11,0,7,59,0,66,0,12,65,0,77,88,0,88,165
11/08/2022,EWB,MA,ANE,EN,Federal Contract Tower,0,0,4,0,4,0,9,60,0,69,0,9,64,0,73,96,0,96,169
11/09/2022,EWB,MA,ANE,EN,Federal Contract Tower,0,1,9,0,10,0,8,80,0,88,0,9,89,0,98,108,4,112,210
11/10/2022,EWB,MA,ANE,EN,Federal Contract Tower,0,0,7,0,7,0,7,87,0,94,0,7,94,0,101,96,0,96,197
11/11/2022,EWB,MA,ANE,EN,Federal Contract Tower,0,5,7,0,12,0,8,100,0,108,0,13,107,0,120,174,0,174,294
11/12/2022,EWB,MA,ANE,EN,Federal Contract Tower,0,1,4,0,5,0,1,5,0,6,0,2,9,0,11,0,0,0,11
11/13/2022,EWB,MA,ANE,EN,Federal Contract Tower,0,7,14,0,21,0,0,4,0,4,0,7,18,0,25,0,0,0,25
11/14/2022,EWB,MA,ANE,EN,Federal Contract Tower,0,0,15,0,15,0,7,88,6,101,0,7,103,6,116,134,10,144,260
11/15/2022,EWB,MA,ANE,EN,Federal Contract Tower,0,2,5,0,7,0,10,82,0,92,0,12,87,0,99,124,16,140,239
11/16/2022,EWB,MA,ANE,EN,Federal Contract Tower,0,5,4,0,9,0,8,9,0,17,0,13,13,0,26,6,14,20,46
11/17/2022,EWB,MA,ANE,EN,Federal Contract Tower,0,2,9,0,11,0,5,68,3,76,0,7,77,3,87,58,12,70,157
11/18/2022,EWB,MA,ANE,EN,Federal Contract Tower,0,3,12,0,15,0,3,57,0,60,0,6,69,0,75,80,12,92,167
11/19/2022,EWB,MA,ANE,EN,Federal Contract Tower,0,5,5,0,10,0,10,67,19,96,0,15,72,19,106,88,0,88,194
11/20/2022,EWB,MA,ANE,EN,Federal Contract Tower,0,2,0,0,2,0,2,15,0,17,0,4,15,0,19,6,0,6,25
11/21/2022,EWB,MA,ANE,EN,Federal Contract Tower,0,5,3,0,8,0,5,54,0,59,0,10,57,0,67,40,0,40,107
11/22/2022,EWB,MA,ANE,EN,Federal Contract Tower,0,5,13,3,21,0,7,91,5,103,0,12,104,8,124,112,2,114,238
11/23/2022,EWB,MA,ANE,EN,Federal Contract Tower,0,12,11,4,27,0,12,100,0,112,0,24,111,4,139,86,16,102,241
11/24/2022,EWB,MA,ANE,EN,Federal Contract Tower,0,1,0,0,1,0,4,0,4,8,0,5,0,4,9,0,0,0,9
11/25/2022,EWB,MA,ANE,EN,Federal Contract Tower,0,3,2,0,5,0,1,4,0,5,0,4,6,0,10,10,0,10,20
11/26/2022,EWB,MA,ANE,EN,Federal Contract Tower,0,4,5,0,9,0,4,61,2,67,0,8,66,2,76,96,16,112,188
11/27/2022,EWB,MA,ANE,EN,Federal Contract Tower,0,1,4,0,5,0,2,26,0,28,0,3,30,0,33,52,0,52,85
11/28/2022,EWB,MA,ANE,EN,Federal Contract Tower,0,2,12,0,14,0,6,59,1,66,0,8,71,1,80,84,4,88,168
11/29/2022,EWB,MA,ANE,EN,Federal Contract Tower,0,0,11,2,13,0,10,90,2,102,0,10,101,4,115,74,20,94,209
11/30/2022,EWB,MA,ANE,EN,Federal Contract Tower,0,2,7,0,9,0,4,9,0,13,0,6,16,0,22,16,0,16,38
12/01/2022,EWB,MA,ANE,EN,Federal Contract Tower,0,2,2,0,4,0,10,45,1,56,0,12,47,1,60,24,8,32,92
12/02/2022,EWB,MA,ANE,EN,Federal Contract Tower,0,1,13,2,16,0,14,88,3,105,0,15,101,5,121,98,4,102,223
12/03/2022,EWB,MA,ANE,EN,Federal Contract Tower,0,0,1,0,1,0,0,1,0,1,0,0,2,0,2,0,0,0,2
12/04/2022,EWB,MA,ANE,EN,Federal Contract Tower,0,0,17,0,17,0,2,88,2,92,0,2,105,2,109,138,0,138,247
12/05/2022,EWB,MA,ANE,EN,Federal Contract Tower,0,10,19,0,29,0,6,75,0,81,0,16,94,0,110,134,18,152,262
12/06/2022,EWB,MA,ANE,EN,Federal Contract Tower,0,2,13,0,15,0,10,72,0,82,0,12,85,0,97,92,0,92,189
12/07/2022,EWB,MA,ANE,EN,Federal Contract Tower,0,7,5,0,12,0,0,0,0,0,0,7,5,0,12,2,0,2,14
12/08/2022,EWB,MA,ANE,EN,Federal Contract Tower,0,3,23,0,26,0,7,100,0,107,0,10,123,0,133,158,0,158,291
12/09/2022,EWB,MA,ANE,EN,Federal Contract Tower,0,4,17,1,22,0,5,77,0,82,0,9,94,1,104,164,4,168,272
12/10/2022,EWB,MA,ANE,EN,Federal Contract Tower,0,3,6,0,9,0,0,0,0,0,0,3,6,0,9,0,0,0,9
12/11/2022,EWB,MA,ANE,EN,Federal Contract Tower,0,1,1,0,2,0,1,3,0,4,0,2,4,0,6,2,0,2,8
12/12/2022,EWB,MA,ANE,EN,Federal Contract Tower,0,2,3,0,5,0,10,0,0,10,0,12,3,0,15,4,0,4,19
12/13/2022,EWB,MA,ANE,EN,Federal Contract Tower,0,2,14,1,17,0,9,78,2,89,0,11,92,3,106,104,8,112,218
12/14/2022,EWB,MA,ANE,EN,Federal Contract Tower,0,0,6,0,6,0,17,58,0,75,0,17,64,0,81,38,0,38,119
12/15/2022,EWB,MA,ANE,EN,Federal Contract Tower,0,5,2,2,9,0,4,13,1,18,0,9,15,3,27,16,0,16,43
12/16/2022,EWB,MA,ANE,EN,Federal Contract Tower,0,5,5,0,10,0,0,0,0,0,0,5,5,0,10,0,0,0,10
12/18/2022,EWB,MA,ANE,EN,Federal Contract Tower,0,2,17,0,19,0,3,66,0,69,0,5,83,0,88,126,0,126,214
12/19/2022,EWB,MA,ANE,EN,Federal Contract Tower,0,2,8,0,10,0,5,37,0,42,0,7,45,0,52,68,0,68,120
12/20/2022,EWB,MA,ANE,EN,Federal Contract Tower,0,2,4,0,6,0,9,58,2,69,0,11,62,2,75,130,10,140,215
12/21/2022,EWB,MA,ANE,EN,Federal Contract Tower,0,4,17,0,21,0,15,109,0,124,0,19,126,0,145,116,0,116,261
12/22/2022,EWB,MA,ANE,EN,Federal Contract Tower,0,0,7,0,7,0,21,41,0,62,0,21,48,0,69,80,0,80,149
12/23/2022,EWB,MA,ANE,EN,Federal Contract Tower,0,0,1,0,1,0,0,0,0,0,0,0,1,0,1,0,0,0,1
12/24/2022,EWB,MA,ANE,EN,Federal Contract Tower,0,7,0,0,7,0,6,0,0,6,0,13,0,0,13,0,0,0,13
12/25/2022,EWB,MA,ANE,EN,Federal Contract Tower,0,0,1,0,1,0,1,0,0,1,0,1,1,0,2,0,0,0,2
12/26/2022,EWB,MA,ANE,EN,Federal Contract Tower,0,7,3,0,10,0,11,24,0,35,0,18,27,0,45,30,0,30,75
12/27/2022,EWB,MA,ANE,EN,Federal Contract Tower,0,5,18,0,23,0,14,83,0,97,0,19,101,0,120,126,0,126,246
12/28/2022,EWB,MA,ANE,EN,Federal Contract Tower,0,2,5,0,7,0,11,47,2,60,0,13,52,2,67,46,0,46,113
12/29/2022,EWB,MA,ANE,EN,Federal Contract Tower,0,3,8,0,11,0,17,108,0,125,0,20,116,0,136,128,0,128,264
12/30/2022,EWB,MA,ANE,EN,Federal Contract Tower,0,2,15,0,17,0,10,80,0,90,0,12,95,0,107,119,0,119,226
12/31/2022,EWB,MA,ANE,EN,Federal Contract Tower,0,2,1,0,3,0,0,0,0,0,0,2,1,0,3,0,0,0,3
01/01/2023,EWB,MA,ANE,EN,Federal Contract Tower,0,0,1,0,1,0,0,12,0,12,0,0,13,0,13,6,0,6,19
01/02/2023,EWB,MA,ANE,EN,Federal Contract Tower,0,1,8,0,9,0,3,39,0,42,0,4,47,0,51,40,0,40,91
01/03/2023,EWB,MA,ANE,EN,Federal Contract Tower,0,10,3,0,13,0,2,3,0,5,0,12,6,0,18,0,0,0,18
01/04/2023,EWB,MA,ANE,EN,Federal Contract Tower,0,4,3,0,7,0,0,0,0,0,0,4,3,0,7,0,0,0,7
01/05/2023,EWB,MA,ANE,EN,Federal Contract Tower,0,5,10,0,15,0,0,0,0,0,0,5,10,0,15,2,0,2,17
01/06/2023,EWB,MA,ANE,EN,Federal Contract Tower,0,4,0,0,4,0,0,0,0,0,0,4,0,0,4,0,0,0,4
01/07/2023,EWB,MA,ANE,EN,Federal Contract Tower,0,4,22,0,26,0,11,73,1,85,0,15,95,1,111,70,50,120,231
01/08/2023,EWB,MA,ANE,EN,Federal Contract Tower,0,0,10,0,10,0,1,74,2,77,0,1,84,2,87,140,2,142,229
01/09/2023,EWB,MA,ANE,EN,Federal Contract Tower,0,6,10,0,16,0,9,56,0,65,0,15,66,0,81,80,0,80,161
01/10/2023,EWB,MA,ANE,EN,Federal Contract Tower,0,0,22,0,22,0,7,87,0,94,0,7,109,0,116,182,0,182,298
01/12/2023,EWB,MA,ANE,EN,Federal Contract Tower,0,2,3,0,5,0,1,6,0,7,0,3,9,0,12,12,0,12,24
01/13/2023,EWB,MA,ANE,EN,Federal Contract Tower,0,8,3,0,11,0,0,0,0,0,0,8,3,0,11,0,0,0,11
01/14/2023,EWB,MA,ANE,EN,Federal Contract Tower,0,15,1,0,16,0,0,0,0,0,0,15,1,0,16,0,0,0,16
01/15/2023,EWB,MA,ANE,EN,Federal Contract Tower,0,3,2,0,5,0,0,0,0,0,0,3,2,0,5,0,0,0,5
01/16/2023,EWB,MA,ANE,EN,Federal Contract Tower,0,4,0,0,4,0,0,0,0,0,0,4,0,0,4,0,0,0,4
01/17/2023,EWB,MA,ANE,EN,Federal Contract Tower,0,2,6,0,8,0,6,62,0,68,0,8,68,0,76,98,12,110,186
01/18/2023,EWB,MA,ANE,EN,Federal Contract Tower,0,1,12,0,13,0,8,77,2,87,0,9,89,2,100,174,0,174,274
01/19/2023,EWB,MA,ANE,EN,Federal Contract Tower,0,11,13,0,24,0,23,47,0,70,0,34,60,0,94,64,0,64,158
01/20/2023,EWB,MA,ANE,EN,Federal Contract Tower,0,17,18,0,35,0,0,0,0,0,0,17,18,0,35,20,0,20,55
01/21/2023,EWB,MA,ANE,EN,Federal Contract Tower,0,1,10,0,11,0,2,32,0,34,0,3,42,0,45,116,0,116,161
01/22/2023,EWB,MA,ANE,EN,Federal Contract Tower,0,3,0,0,3,0,2,25,0,27,0,5,25,0,30,52,0,52,82
01/23/2023,EWB,MA,ANE,EN,Federal Contract Tower,0,6,0,0,6,0,1,0,0,1,0,7,0,0,7,0,0,0,7
01/24/2023,EWB,MA,ANE,EN,Federal Contract Tower,0,4,7,0,11,0,14,69,2,85,0,18,76,2,96,82,0,82,178
01/25/2023,EWB,MA,ANE,EN,Federal Contract Tower,0,2,4,2,8,0,8,56,0,64,0,10,60,2,72,78,0,78,150
01/26/2023,EWB,MA,ANE,EN,Federal Contract Tower,0,7,0,0,7,0,4,3,4,11,0,11,3,4,18,2,0,2,20
01/27/2023,EWB,MA,ANE,EN,Federal Contract Tower,0,2,15,0,17,0,15,104,0,119,0,17,119,0,136,146,0,146,282
01/28/2023,EWB,MA,ANE,EN,Federal Contract Tower,0,2,11,0,13,0,11,49,2,62,0,13,60,2,75,128,6,134,209
01/29/2023,EWB,MA,ANE,EN,Federal Contract Tower,0,1,6,0,7,0,0,51,0,51,0,1,57,0,58,54,0,54,112
01/30/2023,EWB,MA,ANE,EN,Federal Contract Tower,0,2,11,0,13,0,7,58,0,65,0,9,69,0,78,78,0,78,156
01/31/2023,EWB,MA,ANE,EN,Federal Contract Tower,0,2,6,0,8,0,8,26,0,34,0,10,32,0,42,18,8,26,68
02/01/2023,EWB,MA,ANE,EN,Federal Contract Tower,0,2,18,0,20,0,10,75,0,85,0,12,93,0,105,126,0,126,231
02/02/2023,EWB,MA,ANE,EN,Federal Contract Tower,0,2,22,0,24,0,7,80,2,89,0,9,102,2,113,106,8,114,227
02/03/2023,EWB,MA,ANE,EN,Federal Contract Tower,0,1,0,0,1,0,4,3,0,7,0,5,3,0,8,0,0,0,8
02/04/2023,EWB,MA,ANE,EN,Federal Contract Tower,0,0,4,0,4,0,0,15,0,15,0,0,19,0,19,30,0,30,49
02/05/2023,EWB,MA,ANE,EN,Federal Contract Tower,0,0,0,0,0,0,6,6,0,12,0,6,6,0,12,10,0,10,22
02/06/2023,EWB,MA,ANE,EN,Federal Contract Tower,0,2,9,0,11,0,2,22,0,24,0,4,31,0,35,20,0,20,55
02/07/2023,EWB,MA,ANE,EN,Federal Contract Tower,0,4,25,0,29,0,10,63,1,74,0,14,88,1,103,164,20,184,287
02/08/2023,EWB,MA,ANE,EN,Federal Contract Tower,0,5,18,0,23,0,22,84,0,106,0,27,102,0,129,172,0,172,301
02/09/2023,EWB,MA,ANE,EN,Federal Contract Tower,0,2,21,0,23,0,8,80,0,88,0,10,101,0,111,156,0,156,267
02/10/2023,EWB,MA,ANE,EN,Federal Contract Tower,0,3,8,0,11,0,2,20,0,22,0,5,28,0,33,42,0,42,75
02/11/2023,EWB,MA,ANE,EN,Federal Contract Tower,0,2,13,0,15,0,1,82,2,85,0,3,95,2,100,112,0,112,212
02/12/2023,EWB,MA,ANE,EN,Federal Contract Tower,0,0,20,0,20,0,3,86,0,89,0,3,106,0,109,148,0,148,257
02/13/2023,EWB,MA,ANE,EN,Federal Contract Tower,0,6,7,0,13,0,2,15,0,17,0,8,22,0,30,26,0,26,56
02/14/2023,EWB,MA,ANE,EN,Federal Contract Tower,0,1,14,0,15,0,6,73,3,82,0,7,87,3,97,118,0,118,215
02/15/2023,EWB,MA,ANE,EN,Federal Contract Tower,0,2,2,0,4,0,8,38,2,48,0,10,40,2,52,40,0,40,92
02/16/2023,EWB,MA,ANE,EN,Federal Contract Tower,0,3,13,0,16,0,11,88,0,99,0,14,101,0,115,146,0,146,261
02/17/2023,EWB,MA,ANE,EN,Federal Contract Tower,0,7,3,0,10,0,0,0,0,0,0,7,3,0,10,0,0,0,10
02/18/2023,EWB,MA,ANE,EN,Federal Contract Tower,0,2,16,0,18,0,0,70,1,71,0,2,86,1,89,100,0,100,189
02/19/2023,EWB,MA,ANE,EN,Federal Contract Tower,0,4,8,0,12,0,1,73,0,74,0,5,81,0,86,130,0,130,216
02/20/2023,EWB,MA,ANE,EN,Federal Contract Tower,0,4,10,0,14,0,1,14,0,15,0,5,24,0,29,22,0,22,51
02/21/2023,EWB,MA,ANE,EN,Federal Contract Tower,0,4,2,0,6,0,1,0,0,1,0,5,2,0,7,0,0,0,7
02/22/2023,EWB,MA,ANE,EN,Federal Contract Tower,0,7,14,0,21,0,15,64,0,79,0,22,78,0,100,142,0,142,242
02/23/2023,EWB,MA,ANE,EN,Federal Contract Tower,0,3,0,0,3,0,0,0,0,0,0,3,0,0,3,0,0,0,3
02/24/2023,EWB,MA,ANE,EN,Federal Contract Tower,0,3,4,0,7,0,2,8,0,10,0,5,12,0,17,0,0,0,17
02/25/2023,EWB,MA,ANE,EN,Federal Contract Tower,0,0,16,0,16,0,9,59,1,69,0,9,75,1,85,106,0,106,191
02/26/2023,EWB,MA,ANE,EN,Federal Contract Tower,0,1,5,0,6,0,2,37,0,39,0,3,42,0,45,154,0,154,199
02/27/2023,EWB,MA,ANE,EN,Federal Contract Tower,0,6,12,0,18,0,6,84,0,90,0,12,96,0,108,158,0,158,266
02/28/2023,EWB,MA,ANE,EN,Federal Contract Tower,0,1,0,0,1,0,0,0,0,0,0,1,0,0,1,0,0,0,1
03/01/2023,EWB,MA,ANE,EN,Federal Contract Tower,0,0,14,0,14,0,4,75,0,79,0,4,89,0,93,210,0,210,303
03/02/2023,EWB,MA,ANE,EN,Federal Contract Tower,0,4,0,0,4,0,1,2,0,3,0,5,2,0,7,0,0,0,7
03/03/2023,EWB,MA,ANE,EN,Federal Contract Tower,0,3,30,0,33,0,6,103,0,109,0,9,133,0,142,166,6,172,314
03/04/2023,EWB,MA,ANE,EN,Federal Contract Tower,0,3,1,0,4,0,0,0,0,0,0,3,1,0,4,0,0,0,4
03/05/2023,EWB,MA,ANE,EN,Federal Contract Tower,0,3,3,0,6,0,0,94,2,96,0,3,97,2,102,186,4,190,292
03/06/2023,EWB,MA,ANE,EN,Federal Contract Tower,0,8,10,0,18,0,4,46,0,50,0,12,56,0,68,50,12,62,130
03/07/2023,EWB,MA,ANE,EN,Federal Contract Tower,0,0,12,0,12,0,22,83,0,105,0,22,95,0,117,102,0,102,219
03/08/2023,EWB,MA,ANE,EN,Federal Contract Tower,0,0,6,2,8,0,9,23,6,38,0,9,29,8,46,12,14,26,72
03/09/2023,EWB,MA,ANE,EN,Federal Contract Tower,0,6,11,0,17,0,7,83,0,90,0,13,94,0,107,176,14,190,297
03/10/2023,EWB,MA,ANE,EN,Federal Contract Tower,0,5,16,0,21,0,4,101,2,107,0,9,117,2,128,156,6,162,290
03/11/2023,EWB,MA,ANE,EN,Federal Contract Tower,0,6,1,0,7,0,0,0,0,0,0,6,1,0,7,0,0,0,7
03/12/2023,EWB,MA,ANE,EN,Federal Contract Tower,0,1,10,0,11,0,4,60,0,64,0,5,70,0,75,134,0,134,209
03/13/2023,EWB,MA,ANE,EN,Federal Contract Tower,0,2,2,0,4,0,4,17,0,21,0,6,19,0,25,60,0,60,85
03/15/2023,EWB,MA,ANE,EN,Federal Contract Tower,0,0,6,0,6,0,3,7,0,10,0,3,13,0,16,10,0,10,26
03/16/2023,EWB,MA,ANE,EN,Federal Contract Tower,0,5,35,0,40,0,3,100,0,103,0,8,135,0,143,128,0,128,271
03/17/2023,EWB,MA,ANE,EN,Federal Contract Tower,0,1,20,0,21,0,10,86,0,96,0,11,106,0,117,190,0,190,307
03/18/2023,EWB,MA,ANE,EN,Federal Contract Tower,0,4,28,0,32,0,1,61,0,62,0,5,89,0,94,144,0,144,238
03/19/2023,EWB,MA,ANE,EN,Federal Contract Tower,0,0,14,0,14,0,0,25,0,25,0,0,39,0,39,8,0,8,47
03/20/2023,EWB,MA,ANE,EN,Federal Contract Tower,0,5,20,0,25,0,10,61,0,71,0,15,81,0,96,144,0,144,240
03/21/2023,EWB,MA,ANE,EN,Federal Contract Tower,0,1,21,0,22,0,11,99,0,110,0,12,120,0,132,140,0,140,272
03/22/2023,EWB,MA,ANE,EN,Federal Contract Tower,0,0,20,1,21,0,9,76,2,87,0,9,96,3,108,148,0,148,256
03/23/2023,EWB,MA,ANE,EN,Federal Contract Tower,0,3,4,0,7,0,2,12,0,14,0,5,16,0,21,2,2,4,25
03/24/2023,EWB,MA,ANE,EN,Federal Contract Tower,0,12,17,2,31,0,27,82,0,109,0,39,99,2,140,146,8,154,294
03/25/2023,EWB,MA,ANE,EN,Federal Contract Tower,0,4,11,0,15,0,4,19,0,23,0,8,30,0,38,64,0,64,102
03/26/2023,EWB,MA,ANE,EN,Federal Contract Tower,0,1,12,0,13,0,1,53,0,54,0,2,65,0,67,32,0,32,99
03/27/2023,EWB,MA,ANE,EN,Federal Contract Tower,0,3,23,0,26,0,6,81,0,87,0,9,104,0,113,124,0,124,237
03/28/2023,EWB,MA,ANE,EN,Federal Contract Tower,0,8,2,0,10,0,8,9,0,17,0,16,11,0,27,20,2,22,49
03/29/2023,EWB,MA,ANE,EN,Federal Contract Tower,0,4,18,0,22,0,13,103,0,116,0,17,121,0,138,166,2,168,306
03/30/2023,EWB,MA,ANE,EN,Federal Contract Tower,0,3,7,0,10,0,10,58,7,75,0,13,65,7,85,80,2,82,167
03/31/2023,EWB,MA,ANE,EN,Federal Contract Tower,0,1,15,0,16,0,5,71,0,76,0,6,86,0,92,170,2,172,264
04/01/2023,EWB,MA,ANE,EN,Federal Contract Tower,0,4,3,0,7,0,0,0,0,0,0,4,3,0,7,0,0,0,7
04/02/2023,EWB,MA,ANE,EN,Federal Contract Tower,0,0,2,0,2,0,8,42,0,50,0,8,44,0,52,64,0,64,116
04/03/2023,EWB,MA,ANE,EN,Federal Contract Tower,0,1,4,0,5,0,6,52,2,60,0,7,56,2,65,72,2,74,139
04/04/2023,EWB,MA,ANE,EN,Federal Contract Tower,0,1,12,0,13,0,5,81,0,86,0,6,93,0,99,102,0,102,201
04/05/2023,EWB,MA,ANE,EN,Federal Contract Tower,0,3,13,2,18,0,2,0,0,2,0,5,13,2,20,0,0,0,20
04/06/2023,EWB,MA,ANE,EN,Federal Contract Tower,0,3,5,0,8,0,2,8,0,10,0,5,13,0,18,38,0,38,56
04/07/2023,EWB,MA,ANE,EN,Federal Contract Tower,0,3,5,0,8,0,6,56,0,62,0,9,61,0,70,90,0,90,160
04/08/2023,EWB,MA,ANE,EN,Federal Contract Tower,0,1,2,0,3,0,2,85,0,87,0,3,87,0,90,238,0,238,328
04/09/2023,EWB,MA,ANE,EN,Federal Contract Tower,0,0,9,0,9,0,0,59,0,59,0,0,68,0,68,120,0,120,188
04/10/2023,EWB,MA,ANE,EN,Federal Contract Tower,0,3,26,1,30,0,1,76,0,77,0,4,102,1,107,136,2,138,245
04/11/2023,EWB,MA,ANE,EN,Federal Contract Tower,0,5,17,2,24,0,3,62,2,67,0,8,79,4,91,80,4,84,175
04/12/2023,EWB,MA,ANE,EN,Federal Contract Tower,0,5,7,0,12,0,3,32,0,35,0,8,39,0,47,44,0,44,91
04/13/2023,EWB,MA,ANE,EN,Federal Contract Tower,0,7,20,0,27,0,5,106,0,111,0,12,126,0,138,204,0,204,342
04/14/2023,EWB,MA,ANE,EN,Federal Contract Tower,0,2,16,0,18,0,8,80,0,88,0,10,96,0,106,236,0,236,342
04/15/2023,EWB,MA,ANE,EN,Federal Contract Tower,0,0,12,0,12,0,0,9,0,9,0,0,21,0,21,0,0,0,21
04/16/2023,EWB,MA,ANE,EN,Federal Contract Tower,0,1,10,0,11,0,0,1,0,1,0,1,11,0,12,0,0,0,12
04/17/2023,EWB,MA,ANE,EN,Federal Contract Tower,0,8,3,0,11,0,0,0,0,0,0,8,3,0,11,0,0,0,11
04/18/2023,EWB,MA,ANE,EN,Federal Contract Tower,0,3,2,0,5,0,4,43,0,47,0,7,45,0,52,26,0,26,78
04/19/2023,EWB,MA,ANE,EN,Federal Contract Tower,0,5,2,0,7,0,3,67,0,70,0,8,69,0,77,80,0,80,157
04/20/2023,EWB,MA,ANE,EN,Federal Contract Tower,0,3,8,0,11,0,7,77,0,84,0,10,85,0,95,164,0,164,259
04/21/2023,EWB,MA,ANE,EN,Federal Contract Tower,0,1,15,0,16,0,1,103,0,104,0,2,118,0,120,234,0,234,354
04/22/2023,EWB,MA,ANE,EN,Federal Contract Tower,0,4,13,0,17,0,0,5,0,5,0,4,18,0,22,42,0,42,64
04/23/2023,EWB,MA,ANE,EN,Federal Contract Tower,0,12,3,0,15,0,0,0,0,0,0,12,3,0,15,0,0,0,15
04/24/2023,EWB,MA,ANE,EN,Federal Contract Tower,0,12,21,0,33,0,0,42,0,42,0,12,63,0,75,90,0,90,165
04/25/2023,EWB,MA,ANE,EN,Federal Contract Tower,0,9,28,0,37,0,0,81,6,87,0,9,109,6,124,148,22,170,294
04/26/2023,EWB,MA,ANE,EN,Federal Contract Tower,0,0,5,0,5,0,10,44,0,54,0,10,49,0,59,176,0,176,235
04/27/2023,EWB,MA,ANE,EN,Federal Contract Tower,0,9,19,0,28,0,4,40,0,44,0,13,59,0,72,102,6,108,180
04/28/2023,EWB,MA,ANE,EN,Federal Contract Tower,0,7,16,0,23,0,1,71,0,72,0,8,87,0,95,174,0,174,269
04/29/2023,EWB,MA,ANE,EN,Federal Contract Tower,0,7,6,0,13,0,0,47,0,47,0,7,53,0,60,152,0,152,212
05/01/2023,EWB,MA,ANE,EN,Federal Contract Tower,0,6,8,0,14,0,2,19,0,21,0,8,27,0,35,48,0,48,83
05/02/2023,EWB,MA,ANE,EN,Federal Contract Tower,0,1,16,0,17,0,4,51,0,55,0,5,67,0,72,82,0,82,154
05/03/2023,EWB,MA,ANE,EN,Federal Contract Tower,0,7,14,0,21,0,5,87,0,92,0,12,101,0,113,160,0,160,273
05/04/2023,EWB,MA,ANE,EN,Federal Contract Tower,0,9,1,0,10,0,2,1,0,3,0,11,2,0,13,6,0,6,19
05/05/2023,EWB,MA,ANE,EN,Federal Contract Tower,0,9,34,0,43,0,10,41,0,51,0,19,75,0,94,106,0,106,200
05/06/2023,EWB,MA,ANE,EN,Federal Contract Tower,0,11,6,0,17,0,2,101,0,103,0,13,107,0,120,118,0,118,238
05/07/2023,EWB,MA,ANE,EN,Federal Contract Tower,0,1,8,0,9,0,0,84,0,84,0,1,92,0,93,162,0,162,255
05/08/2023,EWB,MA,ANE,EN,Federal Contract Tower,0,4,16,0,20,0,2,61,0,63,0,6,77,0,83,70,0,70,153
05/09/2023,EWB,MA,ANE,EN,Federal Contract Tower,0,4,13,2,19,0,5,55,0,60,0,9,68,2,79,110,2,112,191
05/10/2023,EWB,MA,ANE,EN,Federal Contract Tower,0,5,13,0,18,0,11,95,2,108,0,16,108,2,126,156,0,156,282
05/11/2023,EWB,MA,ANE,EN,Federal Contract Tower,0,1,25,0,26,0,6,86,2,94,0,7,111,2,120,97,0,97,217
05/12/2023,EWB,MA,ANE,EN,Federal Contract Tower,0,1,14,0,15,0,2,51,0,53,0,3,65,0,68,158,0,158,226
05/13/2023,EWB,MA,ANE,EN,Federal Contract Tower,0,1,10,0,11,0,3,56,0,59,0,4,66,0,70,74,0,74,144
05/14/2023,EWB,MA,ANE,EN,Federal Contract Tower,0,0,7,0,7,0,1,77,0,78,0,1,84,0,85,126,0,126,211
05/15/2023,EWB,MA,ANE,EN,Federal Contract Tower,0,2,11,0,13,0,5,56,0,61,0,7,67,0,74,188,2,190,264
05/16/2023,EWB,MA,ANE,EN,Federal Contract Tower,0,0,12,0,12,0,5,43,0,48,0,5,55,0,60,76,0,76,136
05/17/2023,EWB,MA,ANE,EN,Federal Contract Tower,0,0,13,0,13,0,1,65,0,66,0,1,78,0,79,82,0,82,161
05/18/2023,EWB,MA,ANE,EN,Federal Contract Tower,0,5,17,0,22,0,5,80,0,85,0,10,97,0,107,138,0,138,245
05/19/2023,EWB,MA,ANE,EN,Federal Contract Tower,0,3,22,0,25,0,2,61,0,63,0,5,83,0,88,178,0,178,266
05/20/2023,EWB,MA,ANE,EN,Federal Contract Tower,0,5,8,0,13,0,0,0,0,0,0,5,8,0,13,2,0,2,15
05/21/2023,EWB,MA,ANE,EN,Federal Contract Tower,0,1,39,0,40,0,2,80,0,82,0,3,119,0,122,136,0,136,258
05/22/2023,EWB,MA,ANE,EN,Federal Contract Tower,0,8,25,2,35,0,9,56,2,67,0,17,81,4,102,162,0,162,264
05/23/2023,EWB,MA,ANE,EN,Federal Contract Tower,0,5,20,0,25,0,5,86,0,91,0,10,106,0,116,148,0,148,264
05/25/2023,EWB,MA,ANE,EN,Federal Contract Tower,0,7,12,0,19,0,4,93,0,97,0,11,105,0,116,272,2,274,390
05/26/2023,EWB,MA,ANE,EN,Federal Contract Tower,0,2,23,0,25,0,2,66,0,68,0,4,89,0,93,188,0,188,281
05/27/2023,EWB,MA,ANE,EN,Federal Contract Tower,0,2,20,0,22,0,1,75,0,76,0,3,95,0,98,128,0,128,226
05/28/2023,EWB,MA,ANE,EN,Federal Contract Tower,0,1,6,0,7,0,2,43,0,45,0,3,49,0,52,116,0,116,168
05/29/2023,EWB,MA,ANE,EN,Federal Contract Tower,0,7,24,0,31,0,9,10,0,19,0,16,34,0,50,0,0,0,50
05/30/2023,EWB,MA,ANE,EN,Federal Contract Tower,0,5,21,1,27,0,6,84,0,90,0,11,105,1,117,182,2,184,301
06/01/2023,EWB,MA,ANE,EN,Federal Contract Tower,0,6,16,0,22,0,3,85,4,92,0,9,101,4,114,236,24,260,374
06/02/2023,EWB,MA,ANE,EN,Federal Contract Tower,0,7,19,0,26,0,2,61,0,63,0,9,80,0,89,180,0,180,269
06/03/2023,EWB,MA,ANE,EN,Federal Contract Tower,0,8,9,0,17,0,0,0,0,0,0,8,9,0,17,0,0,0,17
06/04/2023,EWB,MA,ANE,EN,Federal Contract Tower,0,8,3,0,11,0,0,2,0,2,0,8,5,0,13,6,0,6,19
06/05/2023,EWB,MA,ANE,EN,Federal Contract Tower,0,7,19,0,26,0,2,6,0,8,0,9,25,0,34,16,0,16,50
06/06/2023,EWB,MA,ANE,EN,Federal Contract Tower,0,4,14,0,18,0,6,45,2,53,0,10,59,2,71,84,0,84,155
06/07/2023,EWB,MA,ANE,EN,Federal Contract Tower,0,6,17,0,23,0,4,75,2,81,0,10,92,2,104,96,22,118,222
06/08/2023,EWB,MA,ANE,EN,Federal Contract Tower,0,15,19,0,34,0,19,61,4,84,0,34,80,4,118,72,6,78,196
06/09/2023,EWB,MA,ANE,EN,Federal Contract Tower,0,14,12,0,26,0,8,25,2,35,0,22,37,2,61,68,2,70,131
06/10/2023,EWB,MA,ANE,EN,Federal Contract Tower,0,4,12,0,16,0,1,20,0,21,0,5,32,0,37,76,2,78,115
06/11/2023,EWB,MA,ANE,EN,Federal Contract Tower,0,4,15,0,19,0,0,83,2,85,0,4,98,2,104,144,0,144,248
06/12/2023,EWB,MA,ANE,EN,Federal Contract Tower,0,3,26,0,29,0,3,32,0,35,0,6,58,0,64,50,0,50,114
06/13/2023,EWB,MA,ANE,EN,Federal Contract Tower,0,16,8,0,24,0,3,24,4,31,0,19,32,4,55,56,16,72,127
06/14/2023,EWB,MA,ANE,EN,Federal Contract Tower,0,5,18,0,23,0,10,46,0,56,0,15,64,0,79,102,0,102,181
06/15/2023,EWB,MA,ANE,EN,Federal Contract Tower,0,7,28,0,35,0,5,92,0,97,0,12,120,0,132,204,0,204,336
06/16/2023,EWB,MA,ANE,EN,Federal Contract Tower,0,6,13,0,19,0,2,58,0,60,0,8,71,0,79,74,0,74,153
06/17/2023,EWB,MA,ANE,EN,Federal Contract Tower,0,5,5,0,10,0,0,2,0,2,0,5,7,0,12,0,0,0,12
06/18/2023,EWB,MA,ANE,EN,Federal Contract Tower,0,4,13,0,17,0,2,22,0,24,0,6,35,0,41,88,0,88,129
06/19/2023,EWB,MA,ANE,EN,Federal Contract Tower,0,3,17,0,20,0,3,29,0,32,0,6,46,0,52,26,0,26,78
06/20/2023,EWB,MA,ANE,EN,Federal Contract Tower,0,0,14,0,14,0,3,71,0,74,0,3,85,0,88,84,0,84,172
06/21/2023,EWB,MA,ANE,EN,Federal Contract Tower,0,6,26,0,32,0,9,105,0,114,0,15,131,0,146,192,0,192,338
06/22/2023,EWB,MA,ANE,EN,Federal Contract Tower,0,4,29,1,34,0,4,56,1,61,0,8,85,2,95,112,0,112,207
06/23/2023,EWB,MA,ANE,EN,Federal Contract Tower,0,11,22,0,33,0,1,32,0,33,0,12,54,0,66,54,2,56,122
06/24/2023,EWB,MA,ANE,EN,Federal Contract Tower,0,10,12,0,22,0,0,5,0,5,0,10,17,0,27,28,0,28,55
06/25/2023,EWB,MA,ANE,EN,Federal Contract Tower,0,7,19,0,26,0,0,32,0,32,0,7,51,0,58,84,0,84,142
06/26/2023,EWB,MA,ANE,EN,Federal Contract Tower,0,12,11,0,23,0,0,9,0,9,0,12,20,0,32,44,0,44,76
06/27/2023,EWB,MA,ANE,EN,Federal Contract Tower,0,24,14,0,38,0,4,6,0,10,0,28,20,0,48,0,0,0,48
06/28/2023,EWB,MA,ANE,EN,Federal Contract Tower,0,6,14,0,20,0,1,7,0,8,0,7,21,0,28,0,0,0,28
06/29/2023,EWB,MA,ANE,EN,Federal Contract Tower,0,6,15,0,21,0,8,42,2,52,0,14,57,2,73,116,0,116,189
06/30/2023,EWB,MA,ANE,EN,Federal Contract Tower,0,9,25,0,34,0,3,71,0,74,0,12,96,0,108,188,0,188,296
07/01/2023,EWB,MA,ANE,EN,Federal Contract Tower,0,12,17,0,29,0,1,33,0,34,0,13,50,0,63,74,0,74,137
07/02/2023,EWB,MA,ANE,EN,Federal Contract Tower,0,8,18,0,26,0,0,1,0,1,0,8,19,0,27,0,0,0,27
07/03/2023,EWB,MA,ANE,EN,Federal Contract Tower,0,8,6,0,14,0,2,16,0,18,0,10,22,0,32,10,0,10,42
07/04/2023,EWB,MA,ANE,EN,Federal Contract Tower,0,6,5,0,11,0,0,2,0,2,0,6,7,0,13,0,0,0,13
07/05/2023,EWB,MA,ANE,EN,Federal Contract Tower,0,5,26,0,31,0,3,68,0,71,0,8,94,0,102,98,0,98,200
07/06/2023,EWB,MA,ANE,EN,Federal Contract Tower,0,7,13,0,20,0,2,70,2,74,0,9,83,2,94,163,0,163,257
07/07/2023,EWB,MA,ANE,EN,Federal Contract Tower,0,6,35,0,41,0,5,38,0,43,0,11,73,0,84,68,0,68,152
07/08/2023,EWB,MA,ANE,EN,Federal Contract Tower,0,9,25,0,34,0,8,40,0,48,0,17,65,0,82,80,0,80,162
07/09/2023,EWB,MA,ANE,EN,Federal Contract Tower,0,14,16,0,30,0,0,9,0,9,0,14,25,0,39,54,0,54,93
07/10/2023,EWB,MA,ANE,EN,Federal Contract Tower,0,7,17,0,24,0,0,0,0,0,0,7,17,0,24,0,0,0,24
07/11/2023,EWB,MA,ANE,EN,Federal Contract Tower,0,5,20,0,25,0,4,83,2,89,0,9,103,2,114,92,2,94,208
07/12/2023,EWB,MA,ANE,EN,Federal Contract Tower,0,4,12,0,16,0,3,92,0,95,0,7,104,0,111,108,0,108,219
07/13/2023,EWB,MA,ANE,EN,Federal Contract Tower,0,5,8,0,13,0,1,56,2,59,0,6,64,2,72,110,14,124,196
07/14/2023,EWB,MA,ANE,EN,Federal Contract Tower,0,8,5,0,13,0,2,3,0,5,0,10,8,0,18,14,0,14,32
07/15/2023,EWB,MA,ANE,EN,Federal Contract Tower,0,5,7,0,12,0,4,10,0,14,0,9,17,0,26,34,0,34,60
07/17/2023,EWB,MA,ANE,EN,Federal Contract Tower,0,5,19,0,24,0,2,51,0,53,0,7,70,0,77,108,0,108,185
07/18/2023,EWB,MA,ANE,EN,Federal Contract Tower,0,9,23,0,32,0,0,6,0,6,0,9,29,0,38,30,0,30,68
07/19/2023,EWB,MA,ANE,EN,Federal Contract Tower,0,5,19,0,24,0,2,73,0,75,0,7,92,0,99,180,16,196,295
07/20/2023,EWB,MA,ANE,EN,Federal Contract Tower,0,6,17,0,23,0,8,95,0,103,0,14,112,0,126,204,0,204,330
07/21/2023,EWB,MA,ANE,EN,Federal Contract Tower,0,12,15,0,27,0,4,20,0,24,0,16,35,0,51,78,0,78,129
07/22/2023,EWB,MA,ANE,EN,Federal Contract Tower,0,17,7,0,24,0,3,40,0,43,0,20,47,0,67,60,0,60,127
07/23/2023,EWB,MA,ANE,EN,Federal Contract Tower,0,8,11,0,19,0,4,61,0,65,0,12,72,0,84,126,0,126,210
07/24/2023,EWB,MA,ANE,EN,Federal Contract Tower,0,2,22,0,24,0,5,71,0,76,0,7,93,0,100,126,0,126,226
07/25/2023,EWB,MA,ANE,EN,Federal Contract Tower,0,8,15,0,23,0,6,35,0,41,0,14,50,0,64,96,2,98,162
07/26/2023,EWB,MA,ANE,EN,Federal Contract Tower,0,6,21,1,28,0,2,78,0,80,0,8,99,1,108,106,10,116,224
07/27/2023,EWB,MA,ANE,EN,Federal Contract Tower,0,10,18,2,30,0,5,6,2,13,0,15,24,4,43,8,0,8,51
07/28/2023,EWB,MA,ANE,EN,Federal Contract Tower,0,11,9,0,20,0,6,83,9,98,0,17,92,9,118,104,2,106,224
07/29/2023,EWB,MA,ANE,EN,Federal Contract Tower,0,2,9,0,11,0,4,24,0,28,0,6,33,0,39,72,0,72,111
07/30/2023,EWB,MA,ANE,EN,Federal Contract Tower,0,5,7,0,12,0,2,69,0,71,0,7,76,0,83,136,0,136,219
07/31/2023,EWB,MA,ANE,EN,Federal Contract Tower,0,3,32,0,35,0,4,101,0,105,0,7,133,0,140,182,0,182,322
08/01/2023,EWB,MA,ANE,EN,Federal Contract Tower,0,6,13,0,19,0,2,86,0,88,0,8,99,0,107,102,0,102,209
08/02/2023,EWB,MA,ANE,EN,Federal Contract Tower,0,7,4,0,11,0,4,127,1,132,0,11,131,1,143,266,0,266,409
08/03/2023,EWB,MA,ANE,EN,Federal Contract Tower,0,6,2,0,8,0,4,67,0,71,0,10,69,0,79,140,0,140,219
08/04/2023,EWB,MA,ANE,EN,Federal Contract Tower,0,4,28,0,32,0,2,19,0,21,0,6,47,0,53,34,0,34,87
08/05/2023,EWB,MA,ANE,EN,Federal Contract Tower,0,6,4,0,10,0,3,32,0,35,0,9,36,0,45,46,0,46,91
08/06/2023,EWB,MA,ANE,EN,Federal Contract Tower,0,12,13,0,25,0,4,48,11,63,0,16,61,11,88,56,16,72,160
08/07/2023,EWB,MA,ANE,EN,Federal Contract Tower,0,12,4,0,16,0,7,22,0,29,0,19,26,0,45,8,0,8,53
08/08/2023,EWB,MA,ANE,EN,Federal Contract Tower,0,11,16,0,27,0,3,13,0,16,0,14,29,0,43,24,0,24,67
08/09/2023,EWB,MA,ANE,EN,Federal Contract Tower,0,8,14,0,22,0,9,74,2,85,0,17,88,2,107,74,6,80,187
08/10/2023,EWB,MA,ANE,EN,Federal Contract Tower,0,10,22,0,32,0,6,71,0,77,0,16,93,0,109,102,0,102,211
08/11/2023,EWB,MA,ANE,EN,Federal Contract Tower,0,12,8,0,20,0,7,89,0,96,0,19,97,0,116,32,0,32,148
08/12/2023,EWB,MA,ANE,EN,Federal Contract Tower,0,10,17,0,27,0,4,44,0,48,0,14,61,0,75,48,2,50,125
08/13/2023,EWB,MA,ANE,EN,Federal Contract Tower,0,5,14,0,19,0,2,18,0,20,0,7,32,0,39,24,0,24,63
08/14/2023,EWB,MA,ANE,EN,Federal Contract Tower,0,7,18,0,25,0,5,104,0,109,0,12,122,0,134,146,0,146,280
08/15/2023,EWB,MA,ANE,EN,Federal Contract Tower,0,13,8,0,21,0,0,4,0,4,0,13,12,0,25,0,0,0,25
08/16/2023,EWB,MA,ANE,EN,Federal Contract Tower,0,6,20,2,28,1,0,10,0,11,1,6,30,2,39,0,0,0,39
08/18/2023,EWB,MA,ANE,EN,Federal Contract Tower,0,12,18,0,30,0,5,6,0,11,0,17,24,0,41,4,0,4,45
08/19/2023,EWB,MA,ANE,EN,Federal Contract Tower,0,9,11,0,20,0,11,43,0,54,0,20,54,0,74,98,0,98,172
08/20/2023,EWB,MA,ANE,EN,Federal Contract Tower,0,5,15,0,20,0,4,65,0,69,0,9,80,0,89,122,0,122,211
08/21/2023,EWB,MA,ANE,EN,Federal Contract Tower,0,4,15,0,19,0,5,86,0,91,0,9,101,0,110,222,0,222,332
08/22/2023,EWB,MA,ANE,EN,Federal Contract Tower,0,5,12,0,17,0,4,73,0,77,0,9,85,0,94,138,0,138,232
08/23/2023,EWB,MA,ANE,EN,Federal Contract Tower,0,12,10,4,26,0,4,85,0,89,0,16,95,4,115,232,0,232,347
08/24/2023,EWB,MA,ANE,EN,Federal Contract Tower,0,7,17,0,24,0,3,95,0,98,0,10,112,0,122,290,0,290,412
08/25/2023,EWB,MA,ANE,EN,Federal Contract Tower,0,15,9,0,24,0,1,0,0,1,0,16,9,0,25,0,0,0,25
08/26/2023,EWB,MA,ANE,EN,Federal Contract Tower,0,8,15,0,23,0,0,13,0,13,0,8,28,0,36,2,0,2,38
08/27/2023,EWB,MA,ANE,EN,Federal Contract Tower,0,10,16,0,26,0,5,2,0,7,0,15,18,0,33,14,0,14,47
08/28/2023,EWB,MA,ANE,EN,Federal Contract Tower,0,3,13,0,16,0,4,29,2,35,0,7,42,2,51,64,0,64,115
08/29/2023,EWB,MA,ANE,EN,Federal Contract Tower,0,5,7,0,12,0,0,0,0,0,0,5,7,0,12,0,0,0,12
08/30/2023,EWB,MA,ANE,EN,Federal Contract Tower,0,6,5,0,11,0,0,16,0,16,0,6,21,0,27,68,42,110,137
08/31/2023,EWB,MA,ANE,EN,Federal Contract Tower,0,1,13,0,14,0,3,88,0,91,0,4,101,0,105,160,0,160,265
