01/01/2020,EWN,NC,ASO,EN,Federal Contract Tower,7,2,1,0,10,0,2,23,0,25,7,4,24,0,35,32,0,32,67
01/02/2020,EWN,NC,ASO,EN,Federal Contract Tower,8,9,6,0,23,0,1,37,0,38,8,10,43,0,61,52,0,52,113
01/03/2020,EWN,NC,ASO,EN,Federal Contract Tower,10,10,7,2,29,0,0,25,0,25,10,10,32,2,54,50,0,50,104
01/04/2020,EWN,NC,ASO,EN,Federal Contract Tower,9,3,9,0,21,0,0,10,0,10,9,3,19,0,31,34,0,34,65
01/06/2020,EWN,NC,ASO,EN,Federal Contract Tower,10,5,9,0,24,0,0,57,0,57,10,5,66,0,81,130,0,130,211
01/07/2020,EWN,NC,ASO,EN,Federal Contract Tower,6,9,11,2,28,0,8,39,0,47,6,17,50,2,75,34,0,34,109
01/08/2020,EWN,NC,ASO,EN,Federal Contract Tower,9,10,11,1,31,0,2,15,0,17,9,12,26,1,48,10,0,10,58
01/09/2020,EWN,NC,ASO,EN,Federal Contract Tower,9,11,12,0,32,0,2,50,0,52,9,13,62,0,84,34,0,34,118
01/10/2020,EWN,NC,ASO,EN,Federal Contract Tower,10,12,9,4,35,0,0,44,0,44,10,12,53,4,79,32,0,32,111
01/11/2020,EWN,NC,ASO,EN,Federal Contract Tower,7,2,3,0,12,0,8,15,2,25,7,10,18,2,37,22,2,24,61
01/12/2020,EWN,NC,ASO,EN,Federal Contract Tower,8,6,5,0,19,0,0,16,0,16,8,6,21,0,35,10,0,10,45
01/13/2020,EWN,NC,ASO,EN,Federal Contract Tower,9,7,16,0,32,0,0,0,0,0,9,7,16,0,32,0,0,0,32
01/14/2020,EWN,NC,ASO,EN,Federal Contract Tower,10,7,8,2,27,0,0,8,0,8,10,7,16,2,35,2,0,2,37
01/15/2020,EWN,NC,ASO,EN,Federal Contract Tower,11,12,19,6,48,0,1,44,0,45,11,13,63,6,93,90,0,90,183
01/16/2020,EWN,NC,ASO,EN,Federal Contract Tower,9,10,12,2,33,0,1,44,2,47,9,11,56,4,80,40,0,40,120
01/17/2020,EWN,NC,ASO,EN,Federal Contract Tower,9,16,7,12,44,0,3,30,0,33,9,19,37,12,77,10,0,10,87
01/18/2020,EWN,NC,ASO,EN,Federal Contract Tower,7,3,2,0,12,0,6,37,0,43,7,9,39,0,55,50,0,50,105
01/19/2020,EWN,NC,ASO,EN,Federal Contract Tower,6,2,6,0,14,0,0,29,0,29,6,2,35,0,43,42,0,42,85
01/20/2020,EWN,NC,ASO,EN,Federal Contract Tower,11,6,6,0,23,0,2,54,2,58,11,8,60,2,81,58,0,58,139
01/21/2020,EWN,NC,ASO,EN,Federal Contract Tower,7,11,10,2,30,0,6,23,0,29,7,17,33,2,59,2,0,2,61
01/22/2020,EWN,NC,ASO,EN,Federal Contract Tower,9,10,19,0,38,0,0,35,2,37,9,10,54,2,75,28,0,28,103
01/23/2020,EWN,NC,ASO,EN,Federal Contract Tower,8,10,5,4,27,0,2,66,0,68,8,12,71,4,95,128,0,128,223
01/24/2020,EWN,NC,ASO,EN,Federal Contract Tower,9,10,5,0,24,0,7,38,2,47,9,17,43,2,71,60,0,60,131
01/25/2020,EWN,NC,ASO,EN,Federal Contract Tower,7,2,4,0,13,0,3,48,0,51,7,5,52,0,64,144,0,144,208
01/26/2020,EWN,NC,ASO,EN,Federal Contract Tower,9,3,9,0,21,0,4,55,1,60,9,7,64,1,81,14,0,14,95
01/27/2020,EWN,NC,ASO,EN,Federal Contract Tower,11,4,11,4,30,0,3,37,2,42,11,7,48,6,72,56,10,66,138
01/28/2020,EWN,NC,ASO,EN,Federal Contract Tower,6,10,3,0,19,0,2,46,2,50,6,12,49,2,69,90,0,90,159
01/29/2020,EWN,NC,ASO,EN,Federal Contract Tower,9,12,11,6,38,0,5,42,2,49,9,17,53,8,87,60,0,60,147
01/30/2020,EWN,NC,ASO,EN,Federal Contract Tower,9,16,6,0,31,0,5,48,0,53,9,21,54,0,84,76,0,76,160
01/31/2020,EWN,NC,ASO,EN,Federal Contract Tower,9,7,6,0,22,0,1,32,0,33,9,8,38,0,55,50,0,50,105
02/01/2020,EWN,NC,ASO,EN,Federal Contract Tower,9,2,2,0,13,0,0,0,0,0,9,2,2,0,13,0,0,0,13
02/02/2020,EWN,NC,ASO,EN,Federal Contract Tower,8,2,2,0,12,0,4,24,0,28,8,6,26,0,40,6,0,6,46
02/03/2020,EWN,NC,ASO,EN,Federal Contract Tower,9,6,2,2,19,0,3,34,0,37,9,9,36,2,56,58,0,58,114
02/04/2020,EWN,NC,ASO,EN,Federal Contract Tower,6,9,16,0,31,0,8,38,0,46,6,17,54,0,77,34,0,34,111
02/05/2020,EWN,NC,ASO,EN,Federal Contract Tower,8,10,4,2,24,0,0,31,0,31,8,10,35,2,55,60,0,60,115
02/06/2020,EWN,NC,ASO,EN,Federal Contract Tower,4,8,4,0,16,0,0,0,0,0,4,8,4,0,16,0,0,0,16
02/07/2020,EWN,NC,ASO,EN,Federal Contract Tower,13,9,3,0,25,0,0,3,1,4,13,9,6,1,29,0,2,2,31
02/08/2020,EWN,NC,ASO,EN,Federal Contract Tower,7,2,5,2,16,0,6,57,0,63,7,8,62,2,79,102,0,102,181
02/09/2020,EWN,NC,ASO,EN,Federal Contract Tower,11,3,3,7,24,0,0,75,0,75,11,3,78,7,99,94,0,94,193
02/10/2020,EWN,NC,ASO,EN,Federal Contract Tower,11,4,4,0,19,0,0,32,0,32,11,4,36,0,51,0,0,0,51
02/11/2020,EWN,NC,ASO,EN,Federal Contract Tower,7,9,8,0,24,0,3,6,0,9,7,12,14,0,33,6,0,6,39
02/12/2020,EWN,NC,ASO,EN,Federal Contract Tower,11,8,15,0,34,0,3,5,0,8,11,11,20,0,42,0,0,0,42
02/13/2020,EWN,NC,ASO,EN,Federal Contract Tower,8,10,6,8,32,0,0,4,2,6,8,10,10,10,38,0,0,0,38
02/14/2020,EWN,NC,ASO,EN,Federal Contract Tower,8,10,3,0,21,0,4,36,2,42,8,14,39,2,63,22,0,22,85
02/15/2020,EWN,NC,ASO,EN,Federal Contract Tower,8,2,5,0,15,0,4,59,0,63,8,6,64,0,78,28,0,28,106
02/16/2020,EWN,NC,ASO,EN,Federal Contract Tower,8,2,6,0,16,0,7,28,0,35,8,9,34,0,51,12,0,12,63
02/17/2020,EWN,NC,ASO,EN,Federal Contract Tower,9,7,11,0,27,0,0,43,0,43,9,7,54,0,70,54,0,54,124
02/18/2020,EWN,NC,ASO,EN,Federal Contract Tower,8,8,24,0,40,0,2,32,0,34,8,10,56,0,74,68,0,68,142
02/19/2020,EWN,NC,ASO,EN,Federal Contract Tower,6,12,8,2,28,0,3,6,0,9,6,15,14,2,37,52,0,52,89
02/20/2020,EWN,NC,ASO,EN,Federal Contract Tower,5,11,2,0,18,0,0,1,2,3,5,11,3,2,21,0,0,0,21
02/21/2020,EWN,NC,ASO,EN,Federal Contract Tower,7,11,13,2,33,0,3,6,0,9,7,14,19,2,42,6,6,12,54
02/22/2020,EWN,NC,ASO,EN,Federal Contract Tower,8,3,16,2,29,0,7,77,10,94,8,10,93,12,123,42,20,62,185
02/23/2020,EWN,NC,ASO,EN,Federal Contract Tower,6,6,5,0,17,0,0,62,0,62,6,6,67,0,79,64,0,64,143
02/24/2020,EWN,NC,ASO,EN,Federal Contract Tower,9,7,18,1,35,0,0,20,0,20,9,7,38,1,55,42,0,42,97
02/25/2020,EWN,NC,ASO,EN,Federal Contract Tower,7,13,17,18,55,0,0,10,0,10,7,13,27,18,65,0,0,0,65
02/26/2020,EWN,NC,ASO,EN,Federal Contract Tower,8,11,21,2,42,0,2,1,0,3,8,13,22,2,45,0,0,0,45
02/27/2020,EWN,NC,ASO,EN,Federal Contract Tower,9,10,10,2,31,0,0,46,0,46,9,10,56,2,77,0,0,0,77
02/28/2020,EWN,NC,ASO,EN,Federal Contract Tower,10,10,13,6,39,0,7,53,0,60,10,17,66,6,99,56,0,56,155
02/29/2020,EWN,NC,ASO,EN,Federal Contract Tower,11,4,7,0,22,0,7,66,0,73,11,11,73,0,95,14,2,16,111
03/01/2020,EWN,NC,ASO,EN,Federal Contract Tower,9,3,5,0,17,0,2,70,0,72,9,5,75,0,89,94,0,94,183
03/02/2020,EWN,NC,ASO,EN,Federal Contract Tower,9,6,10,2,27,0,0,63,1,64,9,6,73,3,91,20,2,22,113
03/03/2020,EWN,NC,ASO,EN,Federal Contract Tower,8,11,8,3,30,0,10,20,1,31,8,21,28,4,61,94,2,96,157
03/04/2020,EWN,NC,ASO,EN,Federal Contract Tower,8,9,20,2,39,0,3,64,0,67,8,12,84,2,106,44,0,44,150
03/05/2020,EWN,NC,ASO,EN,Federal Contract Tower,9,12,5,3,29,0,0,16,0,16,9,12,21,3,45,10,0,10,55
03/06/2020,EWN,NC,ASO,EN,Federal Contract Tower,10,12,13,0,35,0,1,13,3,17,10,13,26,3,52,6,12,18,70
03/07/2020,EWN,NC,ASO,EN,Federal Contract Tower,9,2,18,2,31,0,2,25,0,27,9,4,43,2,58,12,0,12,70
03/08/2020,EWN,NC,ASO,EN,Federal Contract Tower,8,4,7,0,19,0,1,63,0,64,8,5,70,0,83,64,0,64,147
03/09/2020,EWN,NC,ASO,EN,Federal Contract Tower,9,5,8,1,23,0,2,59,1,62,9,7,67,2,85,44,0,44,129
03/10/2020,EWN,NC,ASO,EN,Federal Contract Tower,8,10,8,0,26,0,4,53,0,57,8,14,61,0,83,56,0,56,139
03/11/2020,EWN,NC,ASO,EN,Federal Contract Tower,8,9,8,2,27,0,4,56,0,60,8,13,64,2,87,22,2,24,111
03/12/2020,EWN,NC,ASO,EN,Federal Contract Tower,8,11,9,2,30,0,6,68,0,74,8,17,77,2,104,28,0,28,132
03/13/2020,EWN,NC,ASO,EN,Federal Contract Tower,9,9,3,0,21,0,4,51,4,59,9,13,54,4,80,4,0,4,84
03/14/2020,EWN,NC,ASO,EN,Federal Contract Tower,9,4,1,0,14,0,2,61,0,63,9,6,62,0,77,60,0,60,137
03/15/2020,EWN,NC,ASO,EN,Federal Contract Tower,11,1,2,0,14,0,1,0,0,1,11,2,2,0,15,0,0,0,15
03/16/2020,EWN,NC,ASO,EN,Federal Contract Tower,9,6,3,0,18,0,3,48,0,51,9,9,51,0,69,20,0,20,89
03/17/2020,EWN,NC,ASO,EN,Federal Contract Tower,10,14,6,6,36,0,0,3,0,3,10,14,9,6,39,6,0,6,45
03/18/2020,EWN,NC,ASO,EN,Federal Contract Tower,7,11,10,0,28,0,3,36,0,39,7,14,46,0,67,48,10,58,125
03/19/2020,EWN,NC,ASO,EN,Federal Contract Tower,9,10,7,0,26,0,1,36,0,37,9,11,43,0,63,32,2,34,97
03/20/2020,EWN,NC,ASO,EN,Federal Contract Tower,11,8,8,2,29,0,0,72,0,72,11,8,80,2,101,72,0,72,173
03/21/2020,EWN,NC,ASO,EN,Federal Contract Tower,6,5,5,0,16,0,0,26,0,26,6,5,31,0,42,46,0,46,88
03/22/2020,EWN,NC,ASO,EN,Federal Contract Tower,8,1,9,0,18,0,0,15,0,15,8,1,24,0,33,38,0,38,71
03/23/2020,EWN,NC,ASO,EN,Federal Contract Tower,5,3,2,5,15,0,0,2,0,2,5,3,4,5,17,16,0,16,33
03/24/2020,EWN,NC,ASO,EN,Federal Contract Tower,4,11,31,2,48,0,0,29,0,29,4,11,60,2,77,30,0,30,107
03/25/2020,EWN,NC,ASO,EN,Federal Contract Tower,3,10,8,3,24,0,0,2,0,2,3,10,10,3,26,0,0,0,26
03/27/2020,EWN,NC,ASO,EN,Federal Contract Tower,5,7,7,4,23,0,2,52,16,70,5,9,59,20,93,34,4,38,131
03/28/2020,EWN,NC,ASO,EN,Federal Contract Tower,3,4,3,2,12,0,2,38,10,50,3,6,41,12,62,50,4,54,116
03/29/2020,EWN,NC,ASO,EN,Federal Contract Tower,4,2,8,0,14,0,0,35,4,39,4,2,43,4,53,38,0,38,91
03/30/2020,EWN,NC,ASO,EN,Federal Contract Tower,3,6,1,0,10,0,6,35,0,41,3,12,36,0,51,34,2,36,87
03/31/2020,EWN,NC,ASO,EN,Federal Contract Tower,3,7,16,0,26,0,1,24,0,25,3,8,40,0,51,10,0,10,61
04/01/2020,EWN,NC,ASO,EN,Federal Contract Tower,4,9,6,0,19,0,2,7,0,9,4,11,13,0,28,0,0,0,28
04/02/2020,EWN,NC,ASO,EN,Federal Contract Tower,4,8,2,0,14,0,51,43,0,94,4,59,45,0,108,40,28,68,176
04/03/2020,EWN,NC,ASO,EN,Federal Contract Tower,7,10,5,0,22,0,17,37,13,67,7,27,42,13,89,38,0,38,127
04/04/2020,EWN,NC,ASO,EN,Federal Contract Tower,3,3,1,6,13,0,36,67,34,137,3,39,68,40,150,60,0,60,210
04/05/2020,EWN,NC,ASO,EN,Federal Contract Tower,3,1,2,1,7,0,17,68,24,109,3,18,70,25,116,62,2,64,180
04/06/2020,EWN,NC,ASO,EN,Federal Contract Tower,3,5,3,0,11,0,0,72,0,72,3,5,75,0,83,50,0,50,133
04/07/2020,EWN,NC,ASO,EN,Federal Contract Tower,3,12,6,4,25,0,29,48,0,77,3,41,54,4,102,72,2,74,176
04/08/2020,EWN,NC,ASO,EN,Federal Contract Tower,6,6,9,0,21,0,53,67,0,120,6,59,76,0,141,72,0,72,213
04/09/2020,EWN,NC,ASO,EN,Federal Contract Tower,4,8,13,0,25,0,32,19,10,61,4,40,32,10,86,22,0,22,108
04/10/2020,EWN,NC,ASO,EN,Federal Contract Tower,5,7,3,0,15,0,1,18,8,27,5,8,21,8,42,8,2,10,52
04/11/2020,EWN,NC,ASO,EN,Federal Contract Tower,4,3,1,0,8,0,2,45,6,53,4,5,46,6,61,68,0,68,129
04/12/2020,EWN,NC,ASO,EN,Federal Contract Tower,2,2,8,0,12,0,3,12,0,15,2,5,20,0,27,20,0,20,47
04/13/2020,EWN,NC,ASO,EN,Federal Contract Tower,6,1,7,0,14,0,0,2,0,2,6,1,9,0,16,0,0,0,16
04/14/2020,EWN,NC,ASO,EN,Federal Contract Tower,3,6,7,0,16,0,1,58,0,59,3,7,65,0,75,162,0,162,237
04/15/2020,EWN,NC,ASO,EN,Federal Contract Tower,2,8,8,0,18,0,0,7,2,9,2,8,15,2,27,26,0,26,53
04/16/2020,EWN,NC,ASO,EN,Federal Contract Tower,2,10,3,0,15,0,1,56,10,67,2,11,59,10,82,80,0,80,162
04/17/2020,EWN,NC,ASO,EN,Federal Contract Tower,3,7,5,2,17,0,1,55,12,68,3,8,60,14,85,76,0,76,161
04/18/2020,EWN,NC,ASO,EN,Federal Contract Tower,4,3,15,4,26,0,0,15,14,29,4,3,30,18,55,44,2,46,101
04/19/2020,EWN,NC,ASO,EN,Federal Contract Tower,4,3,8,0,15,0,1,21,15,37,4,4,29,15,52,60,0,60,112
04/20/2020,EWN,NC,ASO,EN,Federal Contract Tower,3,5,7,0,15,0,0,2,2,4,3,5,9,2,19,14,0,14,33
04/21/2020,EWN,NC,ASO,EN,Federal Contract Tower,4,7,15,0,26,0,2,31,4,37,4,9,46,4,63,86,0,86,149
04/22/2020,EWN,NC,ASO,EN,Federal Contract Tower,2,8,8,0,18,0,0,85,4,89,2,8,93,4,107,190,0,190,297
04/23/2020,EWN,NC,ASO,EN,Federal Contract Tower,4,9,2,6,21,0,2,29,4,35,4,11,31,10,56,26,2,28,84
04/24/2020,EWN,NC,ASO,EN,Federal Contract Tower,4,9,15,4,32,0,9,18,14,41,4,18,33,18,73,26,14,40,113
04/25/2020,EWN,NC,ASO,EN,Federal Contract Tower,4,3,21,29,57,0,1,9,0,10,4,4,30,29,67,38,0,38,105
04/26/2020,EWN,NC,ASO,EN,Federal Contract Tower,3,1,1,2,7,0,4,18,1,23,3,5,19,3,30,6,0,6,36
04/27/2020,EWN,NC,ASO,EN,Federal Contract Tower,2,4,19,2,27,0,3,39,0,42,2,7,58,2,69,46,0,46,115
04/28/2020,EWN,NC,ASO,EN,Federal Contract Tower,3,9,26,3,41,0,1,76,7,84,3,10,102,10,125,128,0,128,253
04/29/2020,EWN,NC,ASO,EN,Federal Contract Tower,2,9,11,0,22,0,0,41,6,47,2,9,52,6,69,50,0,50,119
04/30/2020,EWN,NC,ASO,EN,Federal Contract Tower,2,11,0,0,13,0,1,2,2,5,2,12,2,2,18,0,0,0,18
05/01/2020,EWN,NC,ASO,EN,Federal Contract Tower,3,3,36,2,44,0,0,17,21,38,3,3,53,23,82,42,0,42,124
05/02/2020,EWN,NC,ASO,EN,Federal Contract Tower,3,3,9,1,16,0,8,38,22,68,3,11,47,23,84,60,0,60,144
05/03/2020,EWN,NC,ASO,EN,Federal Contract Tower,4,3,17,0,24,0,2,32,1,35,4,5,49,1,59,32,0,32,91
05/04/2020,EWN,NC,ASO,EN,Federal Contract Tower,2,6,5,2,15,0,2,38,1,41,2,8,43,3,56,46,0,46,102
05/05/2020,EWN,NC,ASO,EN,Federal Contract Tower,6,6,5,0,17,0,0,36,0,36,6,6,41,0,53,46,2,48,101
05/06/2020,EWN,NC,ASO,EN,Federal Contract Tower,4,17,14,0,35,0,9,32,4,45,4,26,46,4,80,72,0,72,152
05/07/2020,EWN,NC,ASO,EN,Federal Contract Tower,3,8,7,0,18,0,1,52,9,62,3,9,59,9,80,72,0,72,152
05/08/2020,EWN,NC,ASO,EN,Federal Contract Tower,5,5,4,0,14,0,12,32,12,56,5,17,36,12,70,29,2,31,101
05/09/2020,EWN,NC,ASO,EN,Federal Contract Tower,5,3,9,2,19,0,5,32,6,43,5,8,41,8,62,82,0,82,144
05/10/2020,EWN,NC,ASO,EN,Federal Contract Tower,4,2,2,3,11,0,0,26,0,26,4,2,28,3,37,34,0,34,71
05/11/2020,EWN,NC,ASO,EN,Federal Contract Tower,5,5,7,3,20,0,4,17,0,21,5,9,24,3,41,20,0,20,61
05/12/2020,EWN,NC,ASO,EN,Federal Contract Tower,3,4,29,4,40,0,2,66,4,72,3,6,95,8,112,76,0,76,188
05/13/2020,EWN,NC,ASO,EN,Federal Contract Tower,6,7,5,2,20,0,1,58,4,63,6,8,63,6,83,142,0,142,225
05/14/2020,EWN,NC,ASO,EN,Federal Contract Tower,4,9,14,4,31,0,4,56,4,64,4,13,70,8,95,120,0,120,215
05/15/2020,EWN,NC,ASO,EN,Federal Contract Tower,3,8,7,0,18,0,2,53,16,71,3,10,60,16,89,110,0,110,199
05/16/2020,EWN,NC,ASO,EN,Federal Contract Tower,4,4,11,3,22,0,2,41,23,66,4,6,52,26,88,22,0,22,110
05/17/2020,EWN,NC,ASO,EN,Federal Contract Tower,2,1,12,3,18,0,0,28,3,31,2,1,40,6,49,58,0,58,107
05/18/2020,EWN,NC,ASO,EN,Federal Contract Tower,4,3,3,6,16,0,0,6,0,6,4,3,9,6,22,18,0,18,40
05/19/2020,EWN,NC,ASO,EN,Federal Contract Tower,5,10,15,0,30,0,0,0,0,0,5,10,15,0,30,0,0,0,30
05/20/2020,EWN,NC,ASO,EN,Federal Contract Tower,3,8,11,0,22,0,0,0,0,0,3,8,11,0,22,0,0,0,22
05/21/2020,EWN,NC,ASO,EN,Federal Contract Tower,4,8,1,0,13,0,0,0,0,0,4,8,1,0,13,0,0,0,13
05/22/2020,EWN,NC,ASO,EN,Federal Contract Tower,5,7,6,0,18,0,0,32,8,40,5,7,38,8,58,38,2,40,98
05/23/2020,EWN,NC,ASO,EN,Federal Contract Tower,4,4,5,0,13,0,2,28,0,30,4,6,33,0,43,120,0,120,163
05/25/2020,EWN,NC,ASO,EN,Federal Contract Tower,3,3,24,0,30,0,0,41,0,41,3,3,65,0,71,54,0,54,125
05/26/2020,EWN,NC,ASO,EN,Federal Contract Tower,4,5,31,2,42,0,0,19,0,19,4,5,50,2,61,58,0,58,119
05/27/2020,EWN,NC,ASO,EN,Federal Contract Tower,4,9,16,0,29,0,2,27,0,29,4,11,43,0,58,54,2,56,114
05/28/2020,EWN,NC,ASO,EN,Federal Contract Tower,3,9,8,1,21,0,0,11,6,17,3,9,19,7,38,24,2,26,64
05/29/2020,EWN,NC,ASO,EN,Federal Contract Tower,5,7,5,6,23,0,0,0,4,4,5,7,5,10,27,0,0,0,27
05/30/2020,EWN,NC,ASO,EN,Federal Contract Tower,4,4,7,4,19,0,5,14,5,24,4,9,21,9,43,30,0,30,73
05/31/2020,EWN,NC,ASO,EN,Federal Contract Tower,4,3,22,2,31,0,1,46,1,48,4,4,68,3,79,78,0,78,157
06/01/2020,EWN,NC,ASO,EN,Federal Contract Tower,6,5,24,0,35,0,0,54,0,54,6,5,78,0,89,66,0,66,155
06/02/2020,EWN,NC,ASO,EN,Federal Contract Tower,4,9,28,0,41,0,0,54,4,58,4,9,82,4,99,78,0,78,177
06/03/2020,EWN,NC,ASO,EN,Federal Contract Tower,3,8,30,2,43,0,3,33,10,46,3,11,63,12,89,14,0,14,103
06/04/2020,EWN,NC,ASO,EN,Federal Contract Tower,4,8,44,4,60,0,4,46,0,50,4,12,90,4,110,56,0,56,166
06/05/2020,EWN,NC,ASO,EN,Federal Contract Tower,3,8,27,2,40,0,1,32,21,54,3,9,59,23,94,52,16,68,162
06/06/2020,EWN,NC,ASO,EN,Federal Contract Tower,4,4,14,9,31,0,3,8,10,21,4,7,22,19,52,34,2,36,88
06/07/2020,EWN,NC,ASO,EN,Federal Contract Tower,4,2,14,3,23,0,4,40,12,56,4,6,54,15,79,12,6,18,97
06/08/2020,EWN,NC,ASO,EN,Federal Contract Tower,3,5,27,0,35,0,0,48,0,48,3,5,75,0,83,42,0,42,125
06/09/2020,EWN,NC,ASO,EN,Federal Contract Tower,5,5,23,2,35,0,2,45,4,51,5,7,68,6,86,66,0,66,152
06/10/2020,EWN,NC,ASO,EN,Federal Contract Tower,4,7,15,7,33,0,4,34,4,42,4,11,49,11,75,48,0,48,123
06/11/2020,EWN,NC,ASO,EN,Federal Contract Tower,4,11,25,5,45,0,0,14,4,18,4,11,39,9,63,0,0,0,63
06/12/2020,EWN,NC,ASO,EN,Federal Contract Tower,4,9,5,12,30,0,0,0,2,2,4,9,5,14,32,0,0,0,32
06/13/2020,EWN,NC,ASO,EN,Federal Contract Tower,5,4,32,14,55,0,1,14,20,35,5,5,46,34,90,18,0,18,108
06/14/2020,EWN,NC,ASO,EN,Federal Contract Tower,4,3,8,0,15,0,3,15,1,19,4,6,23,1,34,34,0,34,68
06/15/2020,EWN,NC,ASO,EN,Federal Contract Tower,4,5,14,0,23,0,0,0,0,0,4,5,14,0,23,0,0,0,23
06/16/2020,EWN,NC,ASO,EN,Federal Contract Tower,3,9,16,0,28,0,0,0,0,0,3,9,16,0,28,0,0,0,28
06/17/2020,EWN,NC,ASO,EN,Federal Contract Tower,3,10,52,0,65,0,0,12,0,12,3,10,64,0,77,2,0,2,79
06/18/2020,EWN,NC,ASO,EN,Federal Contract Tower,4,10,23,4,41,0,5,43,10,58,4,15,66,14,99,38,0,38,137
06/19/2020,EWN,NC,ASO,EN,Federal Contract Tower,4,8,4,10,26,0,1,9,30,40,4,9,13,40,66,0,0,0,66
06/20/2020,EWN,NC,ASO,EN,Federal Contract Tower,3,5,23,2,33,0,3,15,56,74,3,8,38,58,107,50,0,50,157
06/21/2020,EWN,NC,ASO,EN,Federal Contract Tower,4,4,22,0,30,0,3,37,21,61,4,7,59,21,91,64,0,64,155
06/22/2020,EWN,NC,ASO,EN,Federal Contract Tower,3,6,11,2,22,0,0,33,4,37,3,6,44,6,59,8,0,8,67
06/23/2020,EWN,NC,ASO,EN,Federal Contract Tower,8,8,8,0,24,0,2,31,0,33,8,10,39,0,57,26,2,28,85
06/24/2020,EWN,NC,ASO,EN,Federal Contract Tower,3,8,26,0,37,0,4,53,4,61,3,12,79,4,98,72,0,72,170
06/25/2020,EWN,NC,ASO,EN,Federal Contract Tower,4,11,12,4,31,0,2,17,0,19,4,13,29,4,50,4,14,18,68
06/26/2020,EWN,NC,ASO,EN,Federal Contract Tower,3,10,31,0,44,0,2,61,14,77,3,12,92,14,121,38,0,38,159
06/27/2020,EWN,NC,ASO,EN,Federal Contract Tower,4,4,7,0,15,0,5,44,47,96,4,9,51,47,111,48,0,48,159
06/28/2020,EWN,NC,ASO,EN,Federal Contract Tower,3,5,13,2,23,0,5,34,17,56,3,10,47,19,79,34,0,34,113
06/29/2020,EWN,NC,ASO,EN,Federal Contract Tower,3,5,7,0,15,0,1,39,0,40,3,6,46,0,55,60,0,60,115
06/30/2020,EWN,NC,ASO,EN,Federal Contract Tower,4,8,5,2,19,0,1,34,16,51,4,9,39,18,70,32,0,32,102
07/01/2020,EWN,NC,ASO,EN,Federal Contract Tower,2,12,33,2,49,0,3,36,16,55,2,15,69,18,104,56,0,56,160
07/02/2020,EWN,NC,ASO,EN,Federal Contract Tower,4,11,39,8,62,0,0,36,8,44,4,11,75,16,106,34,0,34,140
07/03/2020,EWN,NC,ASO,EN,Federal Contract Tower,4,7,23,0,34,0,2,68,4,74,4,9,91,4,108,76,0,76,184
07/04/2020,EWN,NC,ASO,EN,Federal Contract Tower,4,2,12,0,18,0,6,14,0,20,4,8,26,0,38,40,0,40,78
07/05/2020,EWN,NC,ASO,EN,Federal Contract Tower,4,10,8,0,22,0,2,24,0,26,4,12,32,0,48,14,0,14,62
07/06/2020,EWN,NC,ASO,EN,Federal Contract Tower,4,4,17,0,25,0,0,54,0,54,4,4,71,0,79,52,0,52,131
07/07/2020,EWN,NC,ASO,EN,Federal Contract Tower,1,9,9,4,23,0,2,27,10,39,1,11,36,14,62,38,0,38,100
07/08/2020,EWN,NC,ASO,EN,Federal Contract Tower,2,9,34,2,47,0,0,18,0,18,2,9,52,2,65,34,0,34,99
07/09/2020,EWN,NC,ASO,EN,Federal Contract Tower,6,8,26,2,42,0,0,19,0,19,6,8,45,2,61,30,0,30,91
07/10/2020,EWN,NC,ASO,EN,Federal Contract Tower,8,6,29,0,43,0,3,51,16,70,8,9,80,16,113,54,0,54,167
07/11/2020,EWN,NC,ASO,EN,Federal Contract Tower,6,2,13,2,23,0,8,38,22,68,6,10,51,24,91,60,4,64,155
07/12/2020,EWN,NC,ASO,EN,Federal Contract Tower,6,2,20,0,28,0,2,41,4,47,6,4,61,4,75,54,0,54,129
07/13/2020,EWN,NC,ASO,EN,Federal Contract Tower,6,3,10,2,21,0,0,24,0,24,6,3,34,2,45,44,0,44,89
07/14/2020,EWN,NC,ASO,EN,Federal Contract Tower,2,6,30,0,38,0,2,42,4,48,2,8,72,4,86,70,6,76,162
07/15/2020,EWN,NC,ASO,EN,Federal Contract Tower,2,7,32,0,41,0,1,62,6,69,2,8,94,6,110,124,0,124,234
07/16/2020,EWN,NC,ASO,EN,Federal Contract Tower,6,8,23,4,41,0,2,54,1,57,6,10,77,5,98,58,0,58,156
07/17/2020,EWN,NC,ASO,EN,Federal Contract Tower,6,5,29,0,40,0,1,55,17,73,6,6,84,17,113,52,0,52,165
07/20/2020,EWN,NC,ASO,EN,Federal Contract Tower,5,3,25,0,33,0,0,51,0,51,5,3,76,0,84,120,2,122,206
07/21/2020,EWN,NC,ASO,EN,Federal Contract Tower,1,7,32,0,40,0,2,77,4,83,1,9,109,4,123,70,0,70,193
07/22/2020,EWN,NC,ASO,EN,Federal Contract Tower,2,6,9,6,23,0,6,58,0,64,2,12,67,6,87,90,2,92,179
07/23/2020,EWN,NC,ASO,EN,Federal Contract Tower,5,6,11,2,24,0,0,63,0,63,5,6,74,2,87,44,0,44,131
07/24/2020,EWN,NC,ASO,EN,Federal Contract Tower,7,6,11,0,24,0,3,36,4,43,7,9,47,4,67,92,0,92,159
07/25/2020,EWN,NC,ASO,EN,Federal Contract Tower,6,2,10,1,19,0,2,46,9,57,6,4,56,10,76,100,0,100,176
07/26/2020,EWN,NC,ASO,EN,Federal Contract Tower,6,1,16,0,23,0,1,47,2,50,6,2,63,2,73,68,0,68,141
07/27/2020,EWN,NC,ASO,EN,Federal Contract Tower,6,2,32,2,42,0,1,51,0,52,6,3,83,2,94,46,0,46,140
07/28/2020,EWN,NC,ASO,EN,Federal Contract Tower,2,12,11,0,25,0,2,18,0,20,2,14,29,0,45,44,0,44,89
07/29/2020,EWN,NC,ASO,EN,Federal Contract Tower,2,13,15,0,30,0,2,25,0,27,2,15,40,0,57,28,0,28,85
07/30/2020,EWN,NC,ASO,EN,Federal Contract Tower,6,4,17,0,27,0,3,43,4,50,6,7,60,4,77,84,0,84,161
07/31/2020,EWN,NC,ASO,EN,Federal Contract Tower,6,6,26,0,38,0,4,24,8,36,6,10,50,8,74,30,0,30,104
08/01/2020,EWN,NC,ASO,EN,Federal Contract Tower,6,2,13,0,21,0,1,28,0,29,6,3,41,0,50,82,0,82,132
08/02/2020,EWN,NC,ASO,EN,Federal Contract Tower,6,0,1,0,7,0,0,42,0,42,6,0,43,0,49,124,0,124,173
08/03/2020,EWN,NC,ASO,EN,Federal Contract Tower,3,2,4,0,9,0,1,3,0,4,3,3,7,0,13,0,0,0,13
08/04/2020,EWN,NC,ASO,EN,Federal Contract Tower,1,4,21,0,26,0,0,45,0,45,1,4,66,0,71,48,0,48,119
08/05/2020,EWN,NC,ASO,EN,Federal Contract Tower,2,6,16,0,24,0,4,45,0,49,2,10,61,0,73,106,0,106,179
08/06/2020,EWN,NC,ASO,EN,Federal Contract Tower,6,6,30,0,42,0,5,35,6,46,6,11,65,6,88,62,0,62,150
08/07/2020,EWN,NC,ASO,EN,Federal Contract Tower,5,8,29,0,42,0,2,42,6,50,5,10,71,6,92,50,10,60,152
08/08/2020,EWN,NC,ASO,EN,Federal Contract Tower,6,2,14,0,22,0,2,49,6,57,6,4,63,6,79,62,0,62,141
08/09/2020,EWN,NC,ASO,EN,Federal Contract Tower,6,1,23,1,31,0,1,50,1,52,6,2,73,2,83,66,0,66,149
08/10/2020,EWN,NC,ASO,EN,Federal Contract Tower,4,5,23,0,32,0,0,47,0,47,4,5,70,0,79,92,0,92,171
08/11/2020,EWN,NC,ASO,EN,Federal Contract Tower,2,6,16,0,24,0,2,38,0,40,2,8,54,0,64,60,0,60,124
08/12/2020,EWN,NC,ASO,EN,Federal Contract Tower,2,6,27,2,37,0,1,52,0,53,2,7,79,2,90,38,0,38,128
08/13/2020,EWN,NC,ASO,EN,Federal Contract Tower,6,7,13,0,26,0,0,13,6,19,6,7,26,6,45,8,0,8,53
08/14/2020,EWN,NC,ASO,EN,Federal Contract Tower,7,6,13,0,26,0,2,26,8,36,7,8,39,8,62,40,0,40,102
08/15/2020,EWN,NC,ASO,EN,Federal Contract Tower,6,4,3,3,16,0,0,10,1,11,6,4,13,4,27,12,0,12,39
08/16/2020,EWN,NC,ASO,EN,Federal Contract Tower,6,2,8,0,16,0,0,10,0,10,6,2,18,0,26,36,0,36,62
08/17/2020,EWN,NC,ASO,EN,Federal Contract Tower,6,2,48,0,56,0,5,28,0,33,6,7,76,0,89,62,0,62,151
08/18/2020,EWN,NC,ASO,EN,Federal Contract Tower,4,8,29,0,41,0,2,71,0,73,4,10,100,0,114,124,0,124,238
08/19/2020,EWN,NC,ASO,EN,Federal Contract Tower,4,10,10,0,24,0,3,32,0,35,4,13,42,0,59,48,0,48,107
08/20/2020,EWN,NC,ASO,EN,Federal Contract Tower,8,7,25,2,42,0,2,21,0,23,8,9,46,2,65,14,0,14,79
08/21/2020,EWN,NC,ASO,EN,Federal Contract Tower,8,8,32,0,48,0,2,34,4,40,8,10,66,4,88,66,0,66,154
08/22/2020,EWN,NC,ASO,EN,Federal Contract Tower,8,3,18,0,29,0,11,39,12,62,8,14,57,12,91,42,0,42,133
08/23/2020,EWN,NC,ASO,EN,Federal Contract Tower,8,0,9,0,17,0,2,40,3,45,8,2,49,3,62,98,0,98,160
08/24/2020,EWN,NC,ASO,EN,Federal Contract Tower,8,2,15,2,27,0,2,39,1,42,8,4,54,3,69,70,0,70,139
08/25/2020,EWN,NC,ASO,EN,Federal Contract Tower,4,8,19,2,33,0,0,46,0,46,4,8,65,2,79,92,0,92,171
08/26/2020,EWN,NC,ASO,EN,Federal Contract Tower,4,7,29,0,40,0,5,66,0,71,4,12,95,0,111,92,0,92,203
08/27/2020,EWN,NC,ASO,EN,Federal Contract Tower,8,8,13,1,30,0,3,57,1,61,8,11,70,2,91,106,0,106,197
08/28/2020,EWN,NC,ASO,EN,Federal Contract Tower,8,6,8,0,22,0,9,57,4,70,8,15,65,4,92,66,8,74,166
08/29/2020,EWN,NC,ASO,EN,Federal Contract Tower,8,2,3,0,13,0,0,16,2,18,8,2,19,2,31,18,0,18,49
08/30/2020,EWN,NC,ASO,EN,Federal Contract Tower,8,2,20,0,30,0,4,53,3,60,8,6,73,3,90,56,0,56,146
08/31/2020,EWN,NC,ASO,EN,Federal Contract Tower,7,4,5,0,16,0,0,28,0,28,7,4,33,0,44,38,0,38,82
09/01/2020,EWN,NC,ASO,EN,Federal Contract Tower,4,6,5,2,17,0,0,52,0,52,4,6,57,2,69,40,0,40,109
09/02/2020,EWN,NC,ASO,EN,Federal Contract Tower,4,6,12,2,24,0,2,69,2,73,4,8,81,4,97,150,4,154,251
09/03/2020,EWN,NC,ASO,EN,Federal Contract Tower,8,12,18,4,42,0,5,77,0,82,8,17,95,4,124,160,0,160,284
09/04/2020,EWN,NC,ASO,EN,Federal Contract Tower,8,7,9,0,24,0,8,58,2,68,8,15,67,2,92,104,0,104,196
09/05/2020,EWN,NC,ASO,EN,Federal Contract Tower,6,2,9,0,17,0,4,49,0,53,6,6,58,0,70,48,0,48,118
09/06/2020,EWN,NC,ASO,EN,Federal Contract Tower,6,0,25,0,31,0,10,49,0,59,6,10,74,0,90,58,0,58,148
09/07/2020,EWN,NC,ASO,EN,Federal Contract Tower,4,1,17,0,22,0,3,36,0,39,4,4,53,0,61,167,0,167,228
09/08/2020,EWN,NC,ASO,EN,Federal Contract Tower,4,3,9,0,16,0,0,2,0,2,4,3,11,0,18,6,0,6,24
09/09/2020,EWN,NC,ASO,EN,Federal Contract Tower,8,6,5,4,23,0,0,4,5,9,8,6,9,9,32,18,0,18,50
09/10/2020,EWN,NC,ASO,EN,Federal Contract Tower,8,7,3,3,21,0,2,1,3,6,8,9,4,6,27,0,0,0,27
09/11/2020,EWN,NC,ASO,EN,Federal Contract Tower,7,4,1,1,13,0,0,9,6,15,7,4,10,7,28,18,0,18,46
09/12/2020,EWN,NC,ASO,EN,Federal Contract Tower,8,2,4,4,18,0,5,5,0,10,8,7,9,4,28,18,0,18,46
09/13/2020,EWN,NC,ASO,EN,Federal Contract Tower,8,0,15,1,24,0,0,31,0,31,8,0,46,1,55,48,0,48,103
09/14/2020,EWN,NC,ASO,EN,Federal Contract Tower,8,2,16,0,26,0,2,33,0,35,8,4,49,0,61,52,0,52,113
09/15/2020,EWN,NC,ASO,EN,Federal Contract Tower,8,6,16,4,34,0,1,68,4,73,8,7,84,8,107,74,0,74,181
09/16/2020,EWN,NC,ASO,EN,Federal Contract Tower,7,8,11,0,26,0,5,77,16,98,7,13,88,16,124,94,0,94,218
09/17/2020,EWN,NC,ASO,EN,Federal Contract Tower,8,6,2,1,17,0,0,3,0,3,8,6,5,1,20,0,0,0,20
09/18/2020,EWN,NC,ASO,EN,Federal Contract Tower,7,9,9,12,37,0,2,0,0,2,7,11,9,12,39,0,0,0,39
09/19/2020,EWN,NC,ASO,EN,Federal Contract Tower,8,4,22,4,38,0,1,29,20,50,8,5,51,24,88,54,0,54,142
09/20/2020,EWN,NC,ASO,EN,Federal Contract Tower,8,2,5,0,15,0,3,53,8,64,8,5,58,8,79,98,0,98,177
09/21/2020,EWN,NC,ASO,EN,Federal Contract Tower,8,2,5,1,16,0,4,48,1,53,8,6,53,2,69,68,4,72,141
09/22/2020,EWN,NC,ASO,EN,Federal Contract Tower,8,17,17,3,45,0,3,83,0,86,8,20,100,3,131,130,0,130,261
09/23/2020,EWN,NC,ASO,EN,Federal Contract Tower,8,6,6,0,20,0,4,68,0,72,8,10,74,0,92,106,2,108,200
09/24/2020,EWN,NC,ASO,EN,Federal Contract Tower,9,5,19,0,33,0,2,67,1,70,9,7,86,1,103,118,0,118,221
09/25/2020,EWN,NC,ASO,EN,Federal Contract Tower,8,7,7,9,31,0,5,35,1,41,8,12,42,10,72,104,0,104,176
09/26/2020,EWN,NC,ASO,EN,Federal Contract Tower,8,2,9,0,19,0,4,23,2,29,8,6,32,2,48,96,0,96,144
09/27/2020,EWN,NC,ASO,EN,Federal Contract Tower,8,0,36,2,46,0,1,32,0,33,8,1,68,2,79,44,0,44,123
09/28/2020,EWN,NC,ASO,EN,Federal Contract Tower,8,3,30,2,43,0,0,65,3,68,8,3,95,5,111,126,0,126,237
09/29/2020,EWN,NC,ASO,EN,Federal Contract Tower,8,5,1,2,16,0,0,4,1,5,8,5,5,3,21,24,0,24,45
09/30/2020,EWN,NC,ASO,EN,Federal Contract Tower,8,6,7,0,21,0,3,75,1,79,8,9,82,1,100,134,0,134,234
10/01/2020,EWN,NC,ASO,EN,Federal Contract Tower,8,7,9,0,24,0,7,85,0,92,8,14,94,0,116,158,0,158,274
10/02/2020,EWN,NC,ASO,EN,Federal Contract Tower,8,4,7,1,20,0,3,49,25,77,8,7,56,26,97,88,0,88,185
10/03/2020,EWN,NC,ASO,EN,Federal Contract Tower,8,2,3,2,15,0,5,49,12,66,8,7,52,14,81,112,0,112,193
10/04/2020,EWN,NC,ASO,EN,Federal Contract Tower,8,1,11,1,21,0,2,4,1,7,8,3,15,2,28,0,0,0,28
10/05/2020,EWN,NC,ASO,EN,Federal Contract Tower,8,3,22,1,34,0,5,62,1,68,8,8,84,2,102,102,0,102,204
10/06/2020,EWN,NC,ASO,EN,Federal Contract Tower,8,8,19,1,36,0,1,80,4,85,8,9,99,5,121,148,0,148,269
10/07/2020,EWN,NC,ASO,EN,Federal Contract Tower,7,7,22,0,36,0,1,58,0,59,7,8,80,0,95,84,0,84,179
10/08/2020,EWN,NC,ASO,EN,Federal Contract Tower,8,6,8,0,22,0,5,79,8,92,8,11,87,8,114,142,0,142,256
10/09/2020,EWN,NC,ASO,EN,Federal Contract Tower,8,6,4,0,18,0,5,52,1,58,8,11,56,1,76,76,0,76,152
10/10/2020,EWN,NC,ASO,EN,Federal Contract Tower,6,3,3,0,12,0,4,33,4,41,6,7,36,4,53,66,0,66,119
10/11/2020,EWN,NC,ASO,EN,Federal Contract Tower,8,1,2,0,11,0,0,4,0,4,8,1,6,0,15,2,0,2,17
10/12/2020,EWN,NC,ASO,EN,Federal Contract Tower,8,2,5,0,15,0,0,32,0,32,8,2,37,0,47,90,0,90,137
10/13/2020,EWN,NC,ASO,EN,Federal Contract Tower,8,6,12,0,26,0,0,44,0,44,8,6,56,0,70,106,0,106,176
10/14/2020,EWN,NC,ASO,EN,Federal Contract Tower,8,6,18,4,36,0,0,62,0,62,8,6,80,4,98,130,0,130,228
10/15/2020,EWN,NC,ASO,EN,Federal Contract Tower,7,6,26,0,39,0,2,44,0,46,7,8,70,0,85,152,0,152,237
10/16/2020,EWN,NC,ASO,EN,Federal Contract Tower,8,5,17,4,34,0,0,15,0,15,8,5,32,4,49,28,0,28,77
10/17/2020,EWN,NC,ASO,EN,Federal Contract Tower,6,2,25,4,37,0,4,57,2,63,6,6,82,6,100,54,0,54,154
10/18/2020,EWN,NC,ASO,EN,Federal Contract Tower,8,0,14,3,25,0,0,46,8,54,8,0,60,11,79,66,0,66,145
10/19/2020,EWN,NC,ASO,EN,Federal Contract Tower,8,5,34,8,55,0,0,64,0,64,8,5,98,8,119,90,0,90,209
10/20/2020,EWN,NC,ASO,EN,Federal Contract Tower,8,6,30,2,46,0,2,34,0,36,8,8,64,2,82,42,0,42,124
10/21/2020,EWN,NC,ASO,EN,Federal Contract Tower,8,4,9,0,21,0,3,53,6,62,8,7,62,6,83,94,0,94,177
10/22/2020,EWN,NC,ASO,EN,Federal Contract Tower,9,6,9,9,33,0,2,58,0,60,9,8,67,9,93,96,0,96,189
10/23/2020,EWN,NC,ASO,EN,Federal Contract Tower,8,8,19,4,39,0,14,58,14,86,8,22,77,18,125,84,36,120,245
10/24/2020,EWN,NC,ASO,EN,Federal Contract Tower,6,2,11,0,19,0,2,57,20,79,6,4,68,20,98,24,0,24,122
10/25/2020,EWN,NC,ASO,EN,Federal Contract Tower,8,0,10,2,20,0,0,0,0,0,8,0,10,2,20,0,0,0,20
10/26/2020,EWN,NC,ASO,EN,Federal Contract Tower,8,2,15,1,26,0,0,19,0,19,8,2,34,1,45,76,0,76,121
10/27/2020,EWN,NC,ASO,EN,Federal Contract Tower,8,6,15,0,29,0,0,31,0,31,8,6,46,0,60,66,0,66,126
10/28/2020,EWN,NC,ASO,EN,Federal Contract Tower,8,6,8,0,22,0,2,57,0,59,8,8,65,0,81,124,0,124,205
10/29/2020,EWN,NC,ASO,EN,Federal Contract Tower,8,7,4,15,34,0,0,4,6,10,8,7,8,21,44,0,0,0,44
10/30/2020,EWN,NC,ASO,EN,Federal Contract Tower,8,6,6,3,23,0,10,24,21,55,8,16,30,24,78,76,6,82,160
10/31/2020,EWN,NC,ASO,EN,Federal Contract Tower,3,2,16,4,25,0,6,53,10,69,3,8,69,14,94,30,0,30,124
11/01/2020,EWN,NC,ASO,EN,Federal Contract Tower,6,0,4,1,11,0,4,7,7,18,6,4,11,8,29,0,6,6,35
11/02/2020,EWN,NC,ASO,EN,Federal Contract Tower,8,3,3,4,18,0,2,22,1,25,8,5,25,5,43,0,0,0,43
11/03/2020,EWN,NC,ASO,EN,Federal Contract Tower,8,5,24,0,37,0,4,26,0,30,8,9,50,0,67,0,0,0,67
11/04/2020,EWN,NC,ASO,EN,Federal Contract Tower,6,7,16,7,36,0,3,18,2,23,6,10,34,9,59,32,2,34,93
11/05/2020,EWN,NC,ASO,EN,Federal Contract Tower,8,6,10,3,27,0,10,37,4,51,8,16,47,7,78,38,10,48,126
11/06/2020,EWN,NC,ASO,EN,Federal Contract Tower,8,4,18,6,36,0,6,12,5,23,8,10,30,11,59,30,22,52,111
11/07/2020,EWN,NC,ASO,EN,Federal Contract Tower,8,4,9,0,21,0,3,34,6,43,8,7,43,6,64,46,0,46,110
11/08/2020,EWN,NC,ASO,EN,Federal Contract Tower,8,2,17,2,29,0,1,36,1,38,8,3,53,3,67,6,0,6,73
11/09/2020,EWN,NC,ASO,EN,Federal Contract Tower,8,2,17,0,27,0,0,35,0,35,8,2,52,0,62,102,0,102,164
11/10/2020,EWN,NC,ASO,EN,Federal Contract Tower,7,8,19,14,48,0,1,33,8,42,7,9,52,22,90,70,18,88,178
11/11/2020,EWN,NC,ASO,EN,Federal Contract Tower,6,6,16,14,42,0,0,20,25,45,6,6,36,39,87,20,0,20,107
11/12/2020,EWN,NC,ASO,EN,Federal Contract Tower,10,7,5,2,24,0,0,0,0,0,10,7,5,2,24,0,0,0,24
11/13/2020,EWN,NC,ASO,EN,Federal Contract Tower,8,6,9,12,35,0,0,0,4,4,8,6,9,16,39,0,0,0,39
11/14/2020,EWN,NC,ASO,EN,Federal Contract Tower,8,2,16,2,28,0,6,48,41,95,8,8,64,43,123,112,0,112,235
11/15/2020,EWN,NC,ASO,EN,Federal Contract Tower,8,2,6,1,17,0,0,19,19,38,8,2,25,20,55,46,0,46,101
11/16/2020,EWN,NC,ASO,EN,Federal Contract Tower,8,2,11,0,21,0,6,52,2,60,8,8,63,2,81,156,18,174,255
11/17/2020,EWN,NC,ASO,EN,Federal Contract Tower,5,7,7,0,19,0,3,38,0,41,5,10,45,0,60,126,0,126,186
11/18/2020,EWN,NC,ASO,EN,Federal Contract Tower,7,7,12,2,28,0,3,34,2,39,7,10,46,4,67,98,0,98,165
11/19/2020,EWN,NC,ASO,EN,Federal Contract Tower,9,4,6,0,19,0,3,55,2,60,9,7,61,2,79,84,0,84,163
11/20/2020,EWN,NC,ASO,EN,Federal Contract Tower,8,4,13,0,25,0,2,62,14,78,8,6,75,14,103,118,0,118,221
11/21/2020,EWN,NC,ASO,EN,Federal Contract Tower,8,2,3,0,13,0,4,55,15,74,8,6,58,15,87,144,0,144,231
11/22/2020,EWN,NC,ASO,EN,Federal Contract Tower,8,0,9,5,22,0,0,38,3,41,8,0,47,8,63,80,6,86,149
11/23/2020,EWN,NC,ASO,EN,Federal Contract Tower,6,2,30,5,43,0,1,32,1,34,6,3,62,6,77,40,0,40,117
11/24/2020,EWN,NC,ASO,EN,Federal Contract Tower,7,8,26,1,42,0,4,49,2,55,7,12,75,3,97,48,0,48,145
11/25/2020,EWN,NC,ASO,EN,Federal Contract Tower,8,4,11,0,23,0,4,43,0,47,8,8,54,0,70,82,0,82,152
11/26/2020,EWN,NC,ASO,EN,Federal Contract Tower,0,0,6,0,6,0,2,9,0,11,0,2,15,0,17,18,0,18,35
11/27/2020,EWN,NC,ASO,EN,Federal Contract Tower,6,8,4,0,18,0,5,14,0,19,6,13,18,0,37,40,0,40,77
11/28/2020,EWN,NC,ASO,EN,Federal Contract Tower,8,3,27,0,38,0,2,40,0,42,8,5,67,0,80,116,0,116,196
11/29/2020,EWN,NC,ASO,EN,Federal Contract Tower,8,3,11,0,22,0,2,34,0,36,8,5,45,0,58,36,0,36,94
11/30/2020,EWN,NC,ASO,EN,Federal Contract Tower,7,5,4,2,18,0,6,12,0,18,7,11,16,2,36,12,0,12,48
12/01/2020,EWN,NC,ASO,EN,Federal Contract Tower,9,7,15,0,31,0,1,27,0,28,9,8,42,0,59,78,0,78,137
12/02/2020,EWN,NC,ASO,EN,Federal Contract Tower,6,6,13,0,25,0,2,53,6,61,6,8,66,6,86,70,0,70,156
12/03/2020,EWN,NC,ASO,EN,Federal Contract Tower,8,6,10,2,26,0,2,53,0,55,8,8,63,2,81,66,0,66,147
12/04/2020,EWN,NC,ASO,EN,Federal Contract Tower,8,8,5,4,25,0,5,37,12,54,8,13,42,16,79,58,0,58,137
12/05/2020,EWN,NC,ASO,EN,Federal Contract Tower,8,2,2,0,12,0,2,61,20,83,8,4,63,20,95,46,0,46,141
12/06/2020,EWN,NC,ASO,EN,Federal Contract Tower,8,4,26,0,38,0,0,49,4,53,8,4,75,4,91,84,0,84,175
12/07/2020,EWN,NC,ASO,EN,Federal Contract Tower,8,3,11,0,22,0,0,5,0,5,8,3,16,0,27,40,0,40,67
12/08/2020,EWN,NC,ASO,EN,Federal Contract Tower,5,7,3,0,15,0,0,30,0,30,5,7,33,0,45,56,0,56,101
12/09/2020,EWN,NC,ASO,EN,Federal Contract Tower,6,6,13,2,27,0,0,37,2,39,6,6,50,4,66,84,0,84,150
12/10/2020,EWN,NC,ASO,EN,Federal Contract Tower,8,3,20,0,31,0,0,45,0,45,8,3,65,0,76,72,0,72,148
12/11/2020,EWN,NC,ASO,EN,Federal Contract Tower,8,8,4,2,22,0,11,38,11,60,8,19,42,13,82,78,0,78,160
12/12/2020,EWN,NC,ASO,EN,Federal Contract Tower,6,2,19,0,27,0,3,27,4,34,6,5,46,4,61,100,0,100,161
12/13/2020,EWN,NC,ASO,EN,Federal Contract Tower,7,0,14,0,21,0,0,20,8,28,7,0,34,8,49,32,0,32,81
12/14/2020,EWN,NC,ASO,EN,Federal Contract Tower,7,2,4,0,13,0,1,2,0,3,7,3,6,0,16,0,0,0,16
12/15/2020,EWN,NC,ASO,EN,Federal Contract Tower,5,16,18,0,39,0,0,43,4,47,5,16,61,4,86,48,0,48,134
12/16/2020,EWN,NC,ASO,EN,Federal Contract Tower,10,8,10,1,29,0,0,2,0,2,10,8,12,1,31,0,0,0,31
12/17/2020,EWN,NC,ASO,EN,Federal Contract Tower,6,7,11,12,36,0,1,12,1,14,6,8,23,13,50,30,0,30,80
12/18/2020,EWN,NC,ASO,EN,Federal Contract Tower,6,7,9,6,28,0,8,42,32,82,6,15,51,38,110,56,4,60,170
12/19/2020,EWN,NC,ASO,EN,Federal Contract Tower,6,1,4,2,13,0,4,55,29,88,6,5,59,31,101,88,0,88,189
12/20/2020,EWN,NC,ASO,EN,Federal Contract Tower,6,2,0,1,9,0,0,2,1,3,6,2,2,2,12,4,0,4,16
12/21/2020,EWN,NC,ASO,EN,Federal Contract Tower,8,2,7,2,19,0,0,11,0,11,8,2,18,2,30,44,0,44,74
12/22/2020,EWN,NC,ASO,EN,Federal Contract Tower,6,4,18,2,30,0,2,41,14,57,6,6,59,16,87,60,0,60,147
12/23/2020,EWN,NC,ASO,EN,Federal Contract Tower,5,17,8,2,32,0,6,55,2,63,5,23,63,4,95,108,0,108,203
12/24/2020,EWN,NC,ASO,EN,Federal Contract Tower,4,7,4,0,15,0,0,2,0,2,4,7,6,0,17,0,0,0,17
12/25/2020,EWN,NC,ASO,EN,Federal Contract Tower,4,0,2,0,6,0,2,1,0,3,4,2,3,0,9,0,0,0,9
12/26/2020,EWN,NC,ASO,EN,Federal Contract Tower,6,2,3,0,11,0,8,24,0,32,6,10,27,0,43,18,0,18,61
12/27/2020,EWN,NC,ASO,EN,Federal Contract Tower,6,1,7,0,14,0,0,44,0,44,6,1,51,0,58,94,0,94,152
12/28/2020,EWN,NC,ASO,EN,Federal Contract Tower,6,3,6,0,15,0,0,40,0,40,6,3,46,0,55,80,0,80,135
12/29/2020,EWN,NC,ASO,EN,Federal Contract Tower,6,8,9,5,28,0,1,38,2,41,6,9,47,7,69,86,0,86,155
12/30/2020,EWN,NC,ASO,EN,Federal Contract Tower,6,7,16,0,29,0,1,50,0,51,6,8,66,0,80,116,0,116,196
12/31/2020,EWN,NC,ASO,EN,Federal Contract Tower,4,5,0,0,9,0,0,4,0,4,4,5,4,0,13,6,0,6,19
01/01/2021,EWN,NC,ASO,EN,Federal Contract Tower,4,3,4,0,11,0,0,2,0,2,4,3,6,0,13,8,0,8,21
01/02/2021,EWN,NC,ASO,EN,Federal Contract Tower,5,2,11,0,18,0,0,0,0,0,5,2,11,0,18,0,0,0,18
01/03/2021,EWN,NC,ASO,EN,Federal Contract Tower,6,0,8,0,14,0,0,26,0,26,6,0,34,0,40,92,0,92,132
01/04/2021,EWN,NC,ASO,EN,Federal Contract Tower,6,2,12,4,24,0,2,37,0,39,6,4,49,4,63,80,0,80,143
01/05/2021,EWN,NC,ASO,EN,Federal Contract Tower,4,7,11,0,22,0,2,38,0,40,4,9,49,0,62,90,0,90,152
01/06/2021,EWN,NC,ASO,EN,Federal Contract Tower,4,6,22,2,34,0,2,37,0,39,4,8,59,2,73,44,0,44,117
01/07/2021,EWN,NC,ASO,EN,Federal Contract Tower,7,8,20,2,37,0,2,47,0,49,7,10,67,2,86,70,0,70,156
01/08/2021,EWN,NC,ASO,EN,Federal Contract Tower,6,5,7,7,25,0,0,1,1,2,6,5,8,8,27,0,0,0,27
01/09/2021,EWN,NC,ASO,EN,Federal Contract Tower,4,3,0,0,7,0,9,33,24,66,4,12,33,24,73,100,0,100,173
01/10/2021,EWN,NC,ASO,EN,Federal Contract Tower,6,0,2,0,8,0,6,51,8,65,6,6,53,8,73,98,0,98,171
01/11/2021,EWN,NC,ASO,EN,Federal Contract Tower,8,5,18,0,31,0,0,32,0,32,8,5,50,0,63,32,0,32,95
01/12/2021,EWN,NC,ASO,EN,Federal Contract Tower,3,4,11,2,20,0,0,2,0,2,3,4,13,2,22,12,0,12,34
01/13/2021,EWN,NC,ASO,EN,Federal Contract Tower,5,5,5,0,15,0,9,44,0,53,5,14,49,0,68,98,4,102,170
01/14/2021,EWN,NC,ASO,EN,Federal Contract Tower,5,8,6,0,19,0,0,24,0,24,5,8,30,0,43,72,0,72,115
01/15/2021,EWN,NC,ASO,EN,Federal Contract Tower,6,6,9,4,25,0,4,43,8,55,6,10,52,12,80,92,0,92,172
01/16/2021,EWN,NC,ASO,EN,Federal Contract Tower,4,3,1,0,8,0,3,23,5,31,4,6,24,5,39,36,0,36,75
01/17/2021,EWN,NC,ASO,EN,Federal Contract Tower,5,0,0,0,5,0,4,55,1,60,5,4,55,1,65,80,0,80,145
01/18/2021,EWN,NC,ASO,EN,Federal Contract Tower,6,3,8,1,18,0,0,40,1,41,6,3,48,2,59,68,0,68,127
01/19/2021,EWN,NC,ASO,EN,Federal Contract Tower,4,15,9,4,32,0,4,59,0,63,4,19,68,4,95,122,0,122,217
01/20/2021,EWN,NC,ASO,EN,Federal Contract Tower,4,7,6,0,17,0,0,49,0,49,4,7,55,0,66,40,0,40,106
01/21/2021,EWN,NC,ASO,EN,Federal Contract Tower,5,6,11,2,24,0,0,51,0,51,5,6,62,2,75,54,0,54,129
01/22/2021,EWN,NC,ASO,EN,Federal Contract Tower,6,5,10,2,23,0,6,57,13,76,6,11,67,15,99,62,0,62,161
01/23/2021,EWN,NC,ASO,EN,Federal Contract Tower,4,2,5,0,11,0,7,63,18,88,4,9,68,18,99,56,0,56,155
01/24/2021,EWN,NC,ASO,EN,Federal Contract Tower,6,0,12,0,18,0,4,52,5,61,6,4,64,5,79,42,0,42,121
01/25/2021,EWN,NC,ASO,EN,Federal Contract Tower,6,2,6,0,14,0,0,0,0,0,6,2,6,0,14,0,0,0,14
01/26/2021,EWN,NC,ASO,EN,Federal Contract Tower,4,7,4,0,15,0,0,0,0,0,4,7,4,0,15,0,0,0,15
01/27/2021,EWN,NC,ASO,EN,Federal Contract Tower,4,5,14,0,23,0,1,2,0,3,4,6,16,0,26,0,0,0,26
01/28/2021,EWN,NC,ASO,EN,Federal Contract Tower,3,6,8,0,17,0,4,4,0,8,3,10,12,0,25,0,28,28,53
01/29/2021,EWN,NC,ASO,EN,Federal Contract Tower,6,6,11,6,29,0,6,48,8,62,6,12,59,14,91,76,0,76,167
01/30/2021,EWN,NC,ASO,EN,Federal Contract Tower,4,2,3,2,11,0,3,62,10,75,4,5,65,12,86,118,10,128,214
01/31/2021,EWN,NC,ASO,EN,Federal Contract Tower,4,0,2,3,9,0,0,0,2,2,4,0,2,5,11,0,0,0,11
02/01/2021,EWN,NC,ASO,EN,Federal Contract Tower,6,2,0,4,12,0,0,0,0,0,6,2,0,4,12,0,0,0,12
02/02/2021,EWN,NC,ASO,EN,Federal Contract Tower,3,6,15,1,25,0,0,31,0,31,3,6,46,1,56,44,8,52,108
02/03/2021,EWN,NC,ASO,EN,Federal Contract Tower,4,6,10,0,20,0,4,45,0,49,4,10,55,0,69,90,0,90,159
02/04/2021,EWN,NC,ASO,EN,Federal Contract Tower,6,6,13,5,30,0,1,58,2,61,6,7,71,7,91,150,0,150,241
02/05/2021,EWN,NC,ASO,EN,Federal Contract Tower,6,6,6,7,25,0,0,4,0,4,6,6,10,7,29,4,0,4,33
02/06/2021,EWN,NC,ASO,EN,Federal Contract Tower,4,2,10,2,18,0,1,40,13,54,4,3,50,15,72,86,0,86,158
02/07/2021,EWN,NC,ASO,EN,Federal Contract Tower,6,0,3,4,13,0,0,5,0,5,6,0,8,4,18,0,0,0,18
02/08/2021,EWN,NC,ASO,EN,Federal Contract Tower,6,4,9,2,21,0,2,44,0,46,6,6,53,2,67,114,0,114,181
02/09/2021,EWN,NC,ASO,EN,Federal Contract Tower,4,6,17,4,31,0,0,40,0,40,4,6,57,4,71,140,0,140,211
02/10/2021,EWN,NC,ASO,EN,Federal Contract Tower,3,8,23,6,40,0,1,54,2,57,3,9,77,8,97,86,2,88,185
02/11/2021,EWN,NC,ASO,EN,Federal Contract Tower,6,6,10,2,24,0,0,0,0,0,6,6,10,2,24,0,0,0,24
02/12/2021,EWN,NC,ASO,EN,Federal Contract Tower,5,5,5,0,15,0,0,0,0,0,5,5,5,0,15,0,0,0,15
02/13/2021,EWN,NC,ASO,EN,Federal Contract Tower,4,2,2,0,8,0,0,0,0,0,4,2,2,0,8,0,0,0,8
02/14/2021,EWN,NC,ASO,EN,Federal Contract Tower,6,0,3,0,9,0,0,0,0,0,6,0,3,0,9,0,0,0,9
02/15/2021,EWN,NC,ASO,EN,Federal Contract Tower,5,1,2,0,8,0,0,0,0,0,5,1,2,0,8,0,0,0,8
02/16/2021,EWN,NC,ASO,EN,Federal Contract Tower,6,7,15,4,32,0,1,27,0,28,6,8,42,4,60,20,0,20,80
02/17/2021,EWN,NC,ASO,EN,Federal Contract Tower,4,7,26,0,37,0,3,66,2,71,4,10,92,2,108,120,0,120,228
02/18/2021,EWN,NC,ASO,EN,Federal Contract Tower,6,5,0,0,11,0,0,0,0,0,6,5,0,0,11,0,0,0,11
02/19/2021,EWN,NC,ASO,EN,Federal Contract Tower,6,6,4,6,22,0,0,0,0,0,6,6,4,6,22,0,0,0,22
02/20/2021,EWN,NC,ASO,EN,Federal Contract Tower,3,2,15,0,20,0,13,35,32,80,3,15,50,32,100,94,0,94,194
02/21/2021,EWN,NC,ASO,EN,Federal Contract Tower,3,6,16,2,27,0,2,42,14,58,3,8,58,16,85,102,0,102,187
02/22/2021,EWN,NC,ASO,EN,Federal Contract Tower,6,2,3,6,17,0,0,9,0,9,6,2,12,6,26,0,0,0,26
02/23/2021,EWN,NC,ASO,EN,Federal Contract Tower,4,5,18,4,31,0,0,56,0,56,4,5,74,4,87,70,0,70,157
02/24/2021,EWN,NC,ASO,EN,Federal Contract Tower,5,4,25,4,38,0,0,71,0,71,5,4,96,4,109,140,0,140,249
02/25/2021,EWN,NC,ASO,EN,Federal Contract Tower,6,8,12,4,30,0,5,64,6,75,6,13,76,10,105,142,0,142,247
02/26/2021,EWN,NC,ASO,EN,Federal Contract Tower,5,6,16,12,39,0,10,23,12,45,5,16,39,24,84,34,0,34,118
02/27/2021,EWN,NC,ASO,EN,Federal Contract Tower,4,2,5,0,11,0,2,25,20,47,4,4,30,20,58,56,0,56,114
02/28/2021,EWN,NC,ASO,EN,Federal Contract Tower,6,0,13,0,19,0,1,11,2,14,6,1,24,2,33,10,0,10,43
03/01/2021,EWN,NC,ASO,EN,Federal Contract Tower,6,2,6,0,14,0,0,17,0,17,6,2,23,0,31,50,0,50,81
03/02/2021,EWN,NC,ASO,EN,Federal Contract Tower,4,7,22,4,37,0,3,45,0,48,4,10,67,4,85,100,2,102,187
03/03/2021,EWN,NC,ASO,EN,Federal Contract Tower,4,6,17,4,31,0,1,33,0,34,4,7,50,4,65,62,0,62,127
03/04/2021,EWN,NC,ASO,EN,Federal Contract Tower,4,7,10,0,21,0,2,72,11,85,4,9,82,11,106,160,0,160,266
03/05/2021,EWN,NC,ASO,EN,Federal Contract Tower,4,8,13,0,25,0,1,36,21,58,4,9,49,21,83,36,0,36,119
03/06/2021,EWN,NC,ASO,EN,Federal Contract Tower,4,3,7,0,14,0,5,56,16,77,4,8,63,16,91,70,0,70,161
03/07/2021,EWN,NC,ASO,EN,Federal Contract Tower,3,1,20,0,24,0,1,51,3,55,3,2,71,3,79,58,0,58,137
03/08/2021,EWN,NC,ASO,EN,Federal Contract Tower,4,15,6,2,27,0,4,64,0,68,4,19,70,2,95,132,4,136,231
03/09/2021,EWN,NC,ASO,EN,Federal Contract Tower,3,4,18,0,25,0,5,50,4,59,3,9,68,4,84,80,0,80,164
03/10/2021,EWN,NC,ASO,EN,Federal Contract Tower,3,10,14,4,31,0,5,56,0,61,3,15,70,4,92,144,4,148,240
03/11/2021,EWN,NC,ASO,EN,Federal Contract Tower,3,14,12,4,33,0,6,54,6,66,3,20,66,10,99,78,0,78,177
03/12/2021,EWN,NC,ASO,EN,Federal Contract Tower,4,6,18,0,28,0,5,52,20,77,4,11,70,20,105,106,0,106,211
03/13/2021,EWN,NC,ASO,EN,Federal Contract Tower,4,4,7,0,15,0,5,15,14,34,4,9,22,14,49,46,0,46,95
03/14/2021,EWN,NC,ASO,EN,Federal Contract Tower,3,0,13,0,16,0,1,44,4,49,3,1,57,4,65,52,0,52,117
03/15/2021,EWN,NC,ASO,EN,Federal Contract Tower,4,2,15,2,23,0,2,35,2,39,4,4,50,4,62,132,0,132,194
03/16/2021,EWN,NC,ASO,EN,Federal Contract Tower,3,6,3,0,12,0,0,0,0,0,3,6,3,0,12,0,0,0,12
03/17/2021,EWN,NC,ASO,EN,Federal Contract Tower,3,6,30,3,42,0,0,1,0,1,3,6,31,3,43,0,0,0,43
03/18/2021,EWN,NC,ASO,EN,Federal Contract Tower,4,5,1,0,10,0,0,1,0,1,4,5,2,0,11,0,0,0,11
03/19/2021,EWN,NC,ASO,EN,Federal Contract Tower,3,6,5,7,21,0,1,1,0,2,3,7,6,7,23,0,2,2,25
03/20/2021,EWN,NC,ASO,EN,Federal Contract Tower,4,2,11,2,19,0,6,21,16,43,4,8,32,18,62,56,0,56,118
03/21/2021,EWN,NC,ASO,EN,Federal Contract Tower,3,0,6,0,9,0,10,12,6,28,3,10,18,6,37,2,0,2,39
03/22/2021,EWN,NC,ASO,EN,Federal Contract Tower,4,2,13,0,19,0,3,6,1,10,4,5,19,1,29,2,0,2,31
03/23/2021,EWN,NC,ASO,EN,Federal Contract Tower,3,4,19,2,28,0,0,1,2,3,3,4,20,4,31,2,0,2,33
03/24/2021,EWN,NC,ASO,EN,Federal Contract Tower,3,7,25,0,35,0,0,18,2,20,3,7,43,2,55,60,0,60,115
03/25/2021,EWN,NC,ASO,EN,Federal Contract Tower,4,5,16,0,25,0,0,49,0,49,4,5,65,0,74,126,0,126,200
03/26/2021,EWN,NC,ASO,EN,Federal Contract Tower,4,6,26,2,38,0,3,27,21,51,4,9,53,23,89,74,0,74,163
03/27/2021,EWN,NC,ASO,EN,Federal Contract Tower,6,2,15,0,23,0,0,38,22,60,6,2,53,22,83,114,0,114,197
03/28/2021,EWN,NC,ASO,EN,Federal Contract Tower,3,0,5,0,8,0,0,11,9,20,3,0,16,9,28,10,0,10,38
03/29/2021,EWN,NC,ASO,EN,Federal Contract Tower,4,4,30,0,38,0,0,72,4,76,4,4,102,4,114,174,0,174,288
03/30/2021,EWN,NC,ASO,EN,Federal Contract Tower,3,7,13,28,51,0,1,64,2,67,3,8,77,30,118,132,8,140,258
03/31/2021,EWN,NC,ASO,EN,Federal Contract Tower,3,6,7,0,16,0,0,22,0,22,3,6,29,0,38,66,0,66,104
04/01/2021,EWN,NC,ASO,EN,Federal Contract Tower,4,6,2,0,12,0,0,5,0,5,4,6,7,0,17,12,0,12,29
04/02/2021,EWN,NC,ASO,EN,Federal Contract Tower,8,6,17,0,31,0,2,25,0,27,8,8,42,0,58,28,0,28,86
04/03/2021,EWN,NC,ASO,EN,Federal Contract Tower,8,3,14,0,25,0,3,45,4,52,8,6,59,4,77,66,14,80,157
04/04/2021,EWN,NC,ASO,EN,Federal Contract Tower,9,1,6,0,16,0,4,34,0,38,9,5,40,0,54,48,0,48,102
04/05/2021,EWN,NC,ASO,EN,Federal Contract Tower,9,2,15,0,26,0,1,52,0,53,9,3,67,0,79,134,0,134,213
04/06/2021,EWN,NC,ASO,EN,Federal Contract Tower,9,6,19,0,34,0,2,58,0,60,9,8,77,0,94,102,0,102,196
04/07/2021,EWN,NC,ASO,EN,Federal Contract Tower,9,6,20,0,35,0,3,64,0,67,9,9,84,0,102,126,0,126,228
04/08/2021,EWN,NC,ASO,EN,Federal Contract Tower,9,5,6,0,20,0,6,69,2,77,9,11,75,2,97,58,0,58,155
04/09/2021,EWN,NC,ASO,EN,Federal Contract Tower,9,6,11,2,28,0,9,66,0,75,9,15,77,2,103,88,4,92,195
04/10/2021,EWN,NC,ASO,EN,Federal Contract Tower,8,3,11,0,22,0,4,38,1,43,8,7,49,1,65,122,0,122,187
04/11/2021,EWN,NC,ASO,EN,Federal Contract Tower,9,1,4,0,14,0,0,35,0,35,9,1,39,0,49,44,0,44,93
04/12/2021,EWN,NC,ASO,EN,Federal Contract Tower,9,2,12,0,23,0,14,89,0,103,9,16,101,0,126,104,0,104,230
04/13/2021,EWN,NC,ASO,EN,Federal Contract Tower,8,6,17,2,33,0,10,59,4,73,8,16,76,6,106,110,0,110,216
04/14/2021,EWN,NC,ASO,EN,Federal Contract Tower,7,22,7,2,38,0,51,64,4,119,7,73,71,6,157,104,0,104,261
04/15/2021,EWN,NC,ASO,EN,Federal Contract Tower,9,5,16,4,34,0,31,44,10,85,9,36,60,14,119,84,0,84,203
04/16/2021,EWN,NC,ASO,EN,Federal Contract Tower,9,18,17,0,44,0,23,47,9,79,9,41,64,9,123,86,0,86,209
04/17/2021,EWN,NC,ASO,EN,Federal Contract Tower,9,11,11,0,31,0,11,49,5,65,9,22,60,5,96,156,0,156,252
04/18/2021,EWN,NC,ASO,EN,Federal Contract Tower,9,0,8,0,17,0,4,42,2,48,9,4,50,2,65,28,0,28,93
04/19/2021,EWN,NC,ASO,EN,Federal Contract Tower,9,2,8,2,21,0,1,22,1,24,9,3,30,3,45,72,0,72,117
04/20/2021,EWN,NC,ASO,EN,Federal Contract Tower,8,4,12,4,28,0,1,44,5,50,8,5,56,9,78,52,0,52,130
04/21/2021,EWN,NC,ASO,EN,Federal Contract Tower,8,7,10,4,29,0,2,37,5,44,8,9,47,9,73,54,2,56,129
04/22/2021,EWN,NC,ASO,EN,Federal Contract Tower,9,6,17,0,32,0,5,61,4,70,9,11,78,4,102,100,0,100,202
04/23/2021,EWN,NC,ASO,EN,Federal Contract Tower,9,6,17,2,34,0,6,74,8,88,9,12,91,10,122,94,0,94,216
04/24/2021,EWN,NC,ASO,EN,Federal Contract Tower,9,4,2,2,17,0,0,24,8,32,9,4,26,10,49,4,0,4,53
04/25/2021,EWN,NC,ASO,EN,Federal Contract Tower,9,0,4,0,13,0,5,9,0,14,9,5,13,0,27,0,0,0,27
04/26/2021,EWN,NC,ASO,EN,Federal Contract Tower,8,2,18,2,30,0,2,58,4,64,8,4,76,6,94,110,0,110,204
04/27/2021,EWN,NC,ASO,EN,Federal Contract Tower,9,6,5,0,20,0,2,42,5,49,9,8,47,5,69,92,0,92,161
04/28/2021,EWN,NC,ASO,EN,Federal Contract Tower,9,6,14,2,31,0,3,47,1,51,9,9,61,3,82,94,0,94,176
04/29/2021,EWN,NC,ASO,EN,Federal Contract Tower,9,6,12,0,27,0,3,38,2,43,9,9,50,2,70,46,0,46,116
04/30/2021,EWN,NC,ASO,EN,Federal Contract Tower,9,9,3,2,23,0,4,29,4,37,9,13,32,6,60,24,0,24,84
05/01/2021,EWN,NC,ASO,EN,Federal Contract Tower,9,2,11,0,22,0,3,44,0,47,9,5,55,0,69,88,0,88,157
05/02/2021,EWN,NC,ASO,EN,Federal Contract Tower,9,4,24,0,37,0,0,48,0,48,9,4,72,0,85,68,0,68,153
05/03/2021,EWN,NC,ASO,EN,Federal Contract Tower,9,2,6,1,18,0,1,23,5,29,9,3,29,6,47,94,0,94,141
05/04/2021,EWN,NC,ASO,EN,Federal Contract Tower,8,8,15,0,31,0,3,50,16,69,8,11,65,16,100,28,0,28,128
05/05/2021,EWN,NC,ASO,EN,Federal Contract Tower,8,7,11,2,28,0,2,43,6,51,8,9,54,8,79,146,0,146,225
05/06/2021,EWN,NC,ASO,EN,Federal Contract Tower,9,5,12,1,27,0,1,49,10,60,9,6,61,11,87,166,10,176,263
05/07/2021,EWN,NC,ASO,EN,Federal Contract Tower,12,7,4,0,23,0,3,31,6,40,12,10,35,6,63,88,0,88,151
05/08/2021,EWN,NC,ASO,EN,Federal Contract Tower,9,2,11,0,22,0,7,39,6,52,9,9,50,6,74,52,0,52,126
05/09/2021,EWN,NC,ASO,EN,Federal Contract Tower,9,0,5,0,14,0,5,28,3,36,9,5,33,3,50,10,0,10,60
05/10/2021,EWN,NC,ASO,EN,Federal Contract Tower,9,3,1,6,19,0,2,28,0,30,9,5,29,6,49,82,0,82,131
05/11/2021,EWN,NC,ASO,EN,Federal Contract Tower,8,6,11,18,43,0,3,68,10,81,8,9,79,28,124,138,0,138,262
05/12/2021,EWN,NC,ASO,EN,Federal Contract Tower,9,11,10,11,41,0,0,10,0,10,9,11,20,11,51,20,0,20,71
05/13/2021,EWN,NC,ASO,EN,Federal Contract Tower,9,7,20,0,36,0,1,41,6,48,9,8,61,6,84,64,0,64,148
05/14/2021,EWN,NC,ASO,EN,Federal Contract Tower,8,4,13,2,27,0,3,68,11,82,8,7,81,13,109,90,0,90,199
05/15/2021,EWN,NC,ASO,EN,Federal Contract Tower,9,1,7,0,17,0,3,44,10,57,9,4,51,10,74,110,0,110,184
05/16/2021,EWN,NC,ASO,EN,Federal Contract Tower,9,3,10,0,22,0,0,35,2,37,9,3,45,2,59,50,0,50,109
05/17/2021,EWN,NC,ASO,EN,Federal Contract Tower,9,2,17,2,30,0,2,54,0,56,9,4,71,2,86,108,0,108,194
05/18/2021,EWN,NC,ASO,EN,Federal Contract Tower,9,6,17,4,36,0,6,69,2,77,9,12,86,6,113,62,0,62,175
05/19/2021,EWN,NC,ASO,EN,Federal Contract Tower,9,6,12,2,29,0,8,133,2,143,9,14,145,4,172,92,0,92,264
05/20/2021,EWN,NC,ASO,EN,Federal Contract Tower,8,9,23,2,42,0,3,149,0,152,8,12,172,2,194,132,0,132,326
05/21/2021,EWN,NC,ASO,EN,Federal Contract Tower,9,7,13,0,29,0,6,45,23,74,9,13,58,23,103,148,0,148,251
05/22/2021,EWN,NC,ASO,EN,Federal Contract Tower,11,4,4,0,19,0,6,40,30,76,11,10,44,30,95,246,0,246,341
05/23/2021,EWN,NC,ASO,EN,Federal Contract Tower,9,1,9,0,19,0,2,46,14,62,9,3,55,14,81,188,0,188,269
05/24/2021,EWN,NC,ASO,EN,Federal Contract Tower,9,5,2,4,20,0,3,24,0,27,9,8,26,4,47,40,0,40,87
05/25/2021,EWN,NC,ASO,EN,Federal Contract Tower,9,6,12,2,29,0,1,39,11,51,9,7,51,13,80,50,10,60,140
05/26/2021,EWN,NC,ASO,EN,Federal Contract Tower,9,8,19,2,38,0,5,65,4,74,9,13,84,6,112,68,0,68,180
05/27/2021,EWN,NC,ASO,EN,Federal Contract Tower,7,6,6,2,21,0,0,54,13,67,7,6,60,15,88,104,0,104,192
05/28/2021,EWN,NC,ASO,EN,Federal Contract Tower,9,6,13,0,28,0,2,41,32,75,9,8,54,32,103,66,0,66,169
05/29/2021,EWN,NC,ASO,EN,Federal Contract Tower,9,4,4,0,17,0,3,27,31,61,9,7,31,31,78,36,0,36,114
05/30/2021,EWN,NC,ASO,EN,Federal Contract Tower,8,2,5,6,21,0,3,2,0,5,8,5,7,6,26,0,0,0,26
05/31/2021,EWN,NC,ASO,EN,Federal Contract Tower,9,2,14,0,25,0,2,76,0,78,9,4,90,0,103,88,0,88,191
06/01/2021,EWN,NC,ASO,EN,Federal Contract Tower,9,3,16,1,29,0,4,60,0,64,9,7,76,1,93,132,0,132,225
06/02/2021,EWN,NC,ASO,EN,Federal Contract Tower,8,6,15,0,29,0,4,16,0,20,8,10,31,0,49,28,0,28,77
06/03/2021,EWN,NC,ASO,EN,Federal Contract Tower,11,7,7,0,25,0,0,8,0,8,11,7,15,0,33,10,0,10,43
06/04/2021,EWN,NC,ASO,EN,Federal Contract Tower,9,7,16,0,32,0,2,10,12,24,9,9,26,12,56,26,0,26,82
06/05/2021,EWN,NC,ASO,EN,Federal Contract Tower,8,4,19,2,33,0,19,43,6,68,8,23,62,8,101,120,0,120,221
06/06/2021,EWN,NC,ASO,EN,Federal Contract Tower,9,10,14,3,36,0,4,55,0,59,9,14,69,3,95,96,0,96,191
06/07/2021,EWN,NC,ASO,EN,Federal Contract Tower,9,2,7,2,20,0,0,6,0,6,9,2,13,2,26,12,0,12,38
06/08/2021,EWN,NC,ASO,EN,Federal Contract Tower,9,6,15,3,33,0,1,29,0,30,9,7,44,3,63,44,0,44,107
06/09/2021,EWN,NC,ASO,EN,Federal Contract Tower,9,9,19,0,37,0,2,40,11,53,9,11,59,11,90,114,0,114,204
06/10/2021,EWN,NC,ASO,EN,Federal Contract Tower,9,8,23,0,40,0,0,13,5,18,9,8,36,5,58,36,0,36,94
06/11/2021,EWN,NC,ASO,EN,Federal Contract Tower,8,8,16,0,32,0,3,37,23,63,8,11,53,23,95,106,0,106,201
06/12/2021,EWN,NC,ASO,EN,Federal Contract Tower,7,2,13,0,22,0,1,12,18,31,7,3,25,18,53,54,0,54,107
06/13/2021,EWN,NC,ASO,EN,Federal Contract Tower,7,6,35,22,70,0,0,14,0,14,7,6,49,22,84,20,0,20,104
06/14/2021,EWN,NC,ASO,EN,Federal Contract Tower,14,4,7,2,27,0,3,23,2,28,14,7,30,4,55,52,0,52,107
06/15/2021,EWN,NC,ASO,EN,Federal Contract Tower,9,6,10,4,29,0,4,57,6,67,9,10,67,10,96,106,0,106,202
06/16/2021,EWN,NC,ASO,EN,Federal Contract Tower,9,6,10,11,36,0,1,91,12,104,9,7,101,23,140,150,0,150,290
06/17/2021,EWN,NC,ASO,EN,Federal Contract Tower,9,6,13,4,32,0,2,85,11,98,9,8,98,15,130,130,0,130,260
06/18/2021,EWN,NC,ASO,EN,Federal Contract Tower,9,7,2,0,18,0,7,42,15,64,9,14,44,15,82,58,0,58,140
06/19/2021,EWN,NC,ASO,EN,Federal Contract Tower,8,3,4,0,15,0,5,62,4,71,8,8,66,4,86,84,0,84,170
06/20/2021,EWN,NC,ASO,EN,Federal Contract Tower,7,2,2,0,11,0,2,41,0,43,7,4,43,0,54,246,0,246,300
06/21/2021,EWN,NC,ASO,EN,Federal Contract Tower,9,2,17,2,30,0,3,52,6,61,9,5,69,8,91,154,0,154,245
06/22/2021,EWN,NC,ASO,EN,Federal Contract Tower,10,6,11,4,31,0,0,40,0,40,10,6,51,4,71,206,0,206,277
06/23/2021,EWN,NC,ASO,EN,Federal Contract Tower,9,6,8,4,27,0,2,87,2,91,9,8,95,6,118,318,0,318,436
06/24/2021,EWN,NC,ASO,EN,Federal Contract Tower,9,7,15,6,37,0,7,89,28,124,9,14,104,34,161,268,0,268,429
06/25/2021,EWN,NC,ASO,EN,Federal Contract Tower,11,5,17,12,45,0,0,44,15,59,11,5,61,27,104,162,0,162,266
06/26/2021,EWN,NC,ASO,EN,Federal Contract Tower,8,3,16,2,29,0,11,75,15,101,8,14,91,17,130,310,2,312,442
06/27/2021,EWN,NC,ASO,EN,Federal Contract Tower,7,2,6,1,16,0,4,83,4,91,7,6,89,5,107,328,0,328,435
06/28/2021,EWN,NC,ASO,EN,Federal Contract Tower,9,4,9,0,22,0,6,69,6,81,9,10,78,6,103,294,0,294,397
06/29/2021,EWN,NC,ASO,EN,Federal Contract Tower,9,4,9,0,22,0,0,87,2,89,9,4,96,2,111,350,6,356,467
06/30/2021,EWN,NC,ASO,EN,Federal Contract Tower,9,12,15,1,37,0,4,87,6,97,9,16,102,7,134,348,0,348,482
07/01/2021,EWN,NC,ASO,EN,Federal Contract Tower,9,9,7,8,33,0,2,55,2,59,9,11,62,10,92,338,0,338,430
07/02/2021,EWN,NC,ASO,EN,Federal Contract Tower,8,7,6,0,21,0,0,21,9,30,8,7,27,9,51,158,0,158,209
07/03/2021,EWN,NC,ASO,EN,Federal Contract Tower,8,3,10,0,21,0,0,82,0,82,8,3,92,0,103,278,0,278,381
07/04/2021,EWN,NC,ASO,EN,Federal Contract Tower,6,2,4,0,12,0,0,66,0,66,6,2,70,0,78,254,0,254,332
07/05/2021,EWN,NC,ASO,EN,Federal Contract Tower,9,0,10,2,21,0,5,88,0,93,9,5,98,2,114,302,0,302,416
07/06/2021,EWN,NC,ASO,EN,Federal Contract Tower,9,7,11,0,27,0,2,71,2,75,9,9,82,2,102,274,0,274,376
07/07/2021,EWN,NC,ASO,EN,Federal Contract Tower,9,6,14,0,29,0,4,55,5,64,9,10,69,5,93,254,1,255,348
07/08/2021,EWN,NC,ASO,EN,Federal Contract Tower,8,6,4,0,18,0,0,0,0,0,8,6,4,0,18,0,0,0,18
07/09/2021,EWN,NC,ASO,EN,Federal Contract Tower,11,7,17,2,37,0,5,47,10,62,11,12,64,12,99,176,8,184,283
07/10/2021,EWN,NC,ASO,EN,Federal Contract Tower,8,4,4,0,16,0,12,37,30,79,8,16,41,30,95,174,0,174,269
07/11/2021,EWN,NC,ASO,EN,Federal Contract Tower,8,7,13,0,28,0,0,50,10,60,8,7,63,10,88,206,0,206,294
07/12/2021,EWN,NC,ASO,EN,Federal Contract Tower,9,4,8,0,21,0,6,74,2,82,9,10,82,2,103,288,0,288,391
07/13/2021,EWN,NC,ASO,EN,Federal Contract Tower,9,11,13,0,33,0,2,67,6,75,9,13,80,6,108,250,30,280,388
07/14/2021,EWN,NC,ASO,EN,Federal Contract Tower,9,6,21,0,36,0,9,78,5,92,9,15,99,5,128,254,0,254,382
07/15/2021,EWN,NC,ASO,EN,Federal Contract Tower,11,6,5,0,22,0,4,59,9,72,11,10,64,9,94,122,0,122,216
07/16/2021,EWN,NC,ASO,EN,Federal Contract Tower,9,4,9,2,24,0,12,46,25,83,9,16,55,27,107,106,0,106,213
07/17/2021,EWN,NC,ASO,EN,Federal Contract Tower,8,5,9,6,28,0,1,127,10,138,8,6,136,16,166,164,0,164,330
07/18/2021,EWN,NC,ASO,EN,Federal Contract Tower,7,1,11,0,19,0,1,56,3,60,7,2,67,3,79,204,0,204,283
07/19/2021,EWN,NC,ASO,EN,Federal Contract Tower,9,3,4,1,17,0,0,8,0,8,9,3,12,1,25,4,0,4,29
07/20/2021,EWN,NC,ASO,EN,Federal Contract Tower,8,6,13,0,27,0,2,11,0,13,8,8,24,0,40,0,0,0,40
07/21/2021,EWN,NC,ASO,EN,Federal Contract Tower,9,7,16,0,32,0,5,86,0,91,9,12,102,0,123,230,0,230,353
07/22/2021,EWN,NC,ASO,EN,Federal Contract Tower,8,10,11,2,31,0,9,59,0,68,8,19,70,2,99,328,2,330,429
07/23/2021,EWN,NC,ASO,EN,Federal Contract Tower,9,6,15,0,30,0,8,42,23,73,9,14,57,23,103,18,0,18,121
07/24/2021,EWN,NC,ASO,EN,Federal Contract Tower,8,4,7,0,19,0,3,68,31,102,8,7,75,31,121,204,0,204,325
07/25/2021,EWN,NC,ASO,EN,Federal Contract Tower,7,2,8,0,17,0,3,74,14,91,7,5,82,14,108,190,0,190,298
07/26/2021,EWN,NC,ASO,EN,Federal Contract Tower,6,3,12,0,21,0,7,62,2,71,6,10,74,2,92,230,0,230,322
07/27/2021,EWN,NC,ASO,EN,Federal Contract Tower,9,10,8,2,29,0,3,37,7,47,9,13,45,9,76,154,0,154,230
07/28/2021,EWN,NC,ASO,EN,Federal Contract Tower,9,7,14,0,30,0,2,21,0,23,9,9,35,0,53,88,0,88,141
07/29/2021,EWN,NC,ASO,EN,Federal Contract Tower,9,4,7,2,22,0,3,68,5,76,9,7,75,7,98,196,0,196,294
07/30/2021,EWN,NC,ASO,EN,Federal Contract Tower,9,12,8,2,31,0,5,52,4,61,9,17,60,6,92,110,0,110,202
07/31/2021,EWN,NC,ASO,EN,Federal Contract Tower,8,4,18,3,33,0,12,15,8,35,8,16,33,11,68,88,0,88,156
08/01/2021,EWN,NC,ASO,EN,Federal Contract Tower,7,0,8,0,15,0,0,42,0,42,7,0,50,0,57,200,0,200,257
08/02/2021,EWN,NC,ASO,EN,Federal Contract Tower,11,2,14,6,33,0,0,11,2,13,11,2,25,8,46,56,0,56,102
08/03/2021,EWN,NC,ASO,EN,Federal Contract Tower,8,4,0,0,12,0,1,20,0,21,8,5,20,0,33,150,0,150,183
08/04/2021,EWN,NC,ASO,EN,Federal Contract Tower,9,10,1,0,20,0,0,0,0,0,9,10,1,0,20,0,0,0,20
08/05/2021,EWN,NC,ASO,EN,Federal Contract Tower,9,9,17,0,35,0,4,34,0,38,9,13,51,0,73,118,0,118,191
08/06/2021,EWN,NC,ASO,EN,Federal Contract Tower,9,9,28,2,48,0,2,34,2,38,9,11,62,4,86,68,0,68,154
08/07/2021,EWN,NC,ASO,EN,Federal Contract Tower,7,4,0,30,41,0,4,8,17,29,7,8,8,47,70,22,0,22,92
08/08/2021,EWN,NC,ASO,EN,Federal Contract Tower,8,0,21,0,29,0,4,69,1,74,8,4,90,1,103,94,0,94,197
08/09/2021,EWN,NC,ASO,EN,Federal Contract Tower,9,3,9,0,21,0,1,62,4,67,9,4,71,4,88,132,0,132,220
08/10/2021,EWN,NC,ASO,EN,Federal Contract Tower,9,6,8,6,29,0,4,57,18,79,9,10,65,24,108,96,0,96,204
08/11/2021,EWN,NC,ASO,EN,Federal Contract Tower,9,7,8,0,24,0,3,48,4,55,9,10,56,4,79,66,0,66,145
08/12/2021,EWN,NC,ASO,EN,Federal Contract Tower,9,6,6,6,27,0,0,42,8,50,9,6,48,14,77,86,0,86,163
08/13/2021,EWN,NC,ASO,EN,Federal Contract Tower,9,6,13,0,28,0,14,45,6,65,9,20,58,6,93,102,6,108,201
08/14/2021,EWN,NC,ASO,EN,Federal Contract Tower,8,2,7,0,17,0,5,27,9,41,8,7,34,9,58,118,0,118,176
08/15/2021,EWN,NC,ASO,EN,Federal Contract Tower,7,0,6,0,13,0,2,31,3,36,7,2,37,3,49,20,0,20,69
08/16/2021,EWN,NC,ASO,EN,Federal Contract Tower,9,2,7,1,19,0,0,40,0,40,9,2,47,1,59,44,0,44,103
08/17/2021,EWN,NC,ASO,EN,Federal Contract Tower,7,2,15,4,28,0,1,40,6,47,7,3,55,10,75,30,0,30,105
08/18/2021,EWN,NC,ASO,EN,Federal Contract Tower,7,8,12,2,29,0,1,25,3,29,7,9,37,5,58,16,0,16,74
08/19/2021,EWN,NC,ASO,EN,Federal Contract Tower,8,4,23,2,37,0,2,34,27,63,8,6,57,29,100,36,0,36,136
08/20/2021,EWN,NC,ASO,EN,Federal Contract Tower,8,4,4,7,23,0,0,15,24,39,8,4,19,31,62,36,8,44,106
08/21/2021,EWN,NC,ASO,EN,Federal Contract Tower,8,2,18,4,32,0,9,14,7,30,8,11,32,11,62,12,0,12,74
08/22/2021,EWN,NC,ASO,EN,Federal Contract Tower,8,1,9,0,18,0,2,21,2,25,8,3,30,2,43,22,0,22,65
08/23/2021,EWN,NC,ASO,EN,Federal Contract Tower,11,4,31,0,46,0,0,53,4,57,11,4,84,4,103,66,0,66,169
08/24/2021,EWN,NC,ASO,EN,Federal Contract Tower,7,10,15,1,33,0,3,47,1,51,7,13,62,2,84,110,0,110,194
08/25/2021,EWN,NC,ASO,EN,Federal Contract Tower,7,12,6,0,25,0,8,51,0,59,7,20,57,0,84,98,0,98,182
08/26/2021,EWN,NC,ASO,EN,Federal Contract Tower,8,6,16,2,32,0,5,60,1,66,8,11,76,3,98,72,2,74,172
08/27/2021,EWN,NC,ASO,EN,Federal Contract Tower,8,4,15,1,28,0,5,55,28,88,8,9,70,29,116,46,0,46,162
08/28/2021,EWN,NC,ASO,EN,Federal Contract Tower,7,4,11,0,22,0,5,44,31,80,7,9,55,31,102,64,6,70,172
08/29/2021,EWN,NC,ASO,EN,Federal Contract Tower,8,0,15,0,23,0,3,49,10,62,8,3,64,10,85,48,16,64,149
08/30/2021,EWN,NC,ASO,EN,Federal Contract Tower,7,2,15,1,25,0,2,49,3,54,7,4,64,4,79,108,0,108,187
08/31/2021,EWN,NC,ASO,EN,Federal Contract Tower,8,7,11,2,28,0,1,55,0,56,8,8,66,2,84,98,0,98,182
09/01/2021,EWN,NC,ASO,EN,Federal Contract Tower,6,4,12,0,22,0,5,22,2,29,6,9,34,2,51,20,2,22,73
09/02/2021,EWN,NC,ASO,EN,Federal Contract Tower,8,6,18,4,36,0,1,26,12,39,8,7,44,16,75,78,0,78,153
09/03/2021,EWN,NC,ASO,EN,Federal Contract Tower,8,5,11,2,26,0,5,50,8,63,8,10,61,10,89,102,0,102,191
09/04/2021,EWN,NC,ASO,EN,Federal Contract Tower,7,3,13,0,23,0,3,57,0,60,7,6,70,0,83,168,0,168,251
09/05/2021,EWN,NC,ASO,EN,Federal Contract Tower,6,0,10,0,16,0,1,48,2,51,6,1,58,2,67,102,0,102,169
09/06/2021,EWN,NC,ASO,EN,Federal Contract Tower,6,0,12,0,18,0,2,55,0,57,6,2,67,0,75,96,0,96,171
09/07/2021,EWN,NC,ASO,EN,Federal Contract Tower,7,4,22,0,33,0,6,48,6,60,7,10,70,6,93,104,0,104,197
09/08/2021,EWN,NC,ASO,EN,Federal Contract Tower,6,4,9,0,19,0,7,40,3,50,6,11,49,3,69,82,0,82,151
09/09/2021,EWN,NC,ASO,EN,Federal Contract Tower,8,4,6,2,20,0,0,11,0,11,8,4,17,2,31,40,0,40,71
09/10/2021,EWN,NC,ASO,EN,Federal Contract Tower,8,8,17,0,33,0,18,56,14,88,8,26,73,14,121,138,0,138,259
09/11/2021,EWN,NC,ASO,EN,Federal Contract Tower,6,5,4,0,15,0,7,38,15,60,6,12,42,15,75,114,0,114,189
09/12/2021,EWN,NC,ASO,EN,Federal Contract Tower,8,0,9,0,17,0,3,25,2,30,8,3,34,2,47,64,0,64,111
09/13/2021,EWN,NC,ASO,EN,Federal Contract Tower,7,4,16,0,27,0,0,53,4,57,7,4,69,4,84,82,0,82,166
09/14/2021,EWN,NC,ASO,EN,Federal Contract Tower,6,6,12,2,26,0,5,53,2,60,6,11,65,4,86,92,0,92,178
09/15/2021,EWN,NC,ASO,EN,Federal Contract Tower,6,4,16,2,28,0,3,63,6,72,6,7,79,8,100,90,6,96,196
09/16/2021,EWN,NC,ASO,EN,Federal Contract Tower,8,7,7,0,22,0,2,56,6,64,8,9,63,6,86,60,0,60,146
09/17/2021,EWN,NC,ASO,EN,Federal Contract Tower,8,6,7,5,26,0,1,6,6,13,8,7,13,11,39,18,2,20,59
09/18/2021,EWN,NC,ASO,EN,Federal Contract Tower,7,2,5,1,15,0,5,119,11,135,7,7,124,12,150,64,4,68,218
09/19/2021,EWN,NC,ASO,EN,Federal Contract Tower,8,2,9,0,19,0,6,52,0,58,8,8,61,0,77,236,0,236,313
09/20/2021,EWN,NC,ASO,EN,Federal Contract Tower,7,2,1,0,10,0,2,60,2,64,7,4,61,2,74,118,0,118,192
09/21/2021,EWN,NC,ASO,EN,Federal Contract Tower,6,4,12,4,26,0,2,28,4,34,6,6,40,8,60,32,0,32,92
09/22/2021,EWN,NC,ASO,EN,Federal Contract Tower,6,4,9,4,23,0,0,15,0,15,6,4,24,4,38,40,0,40,78
09/23/2021,EWN,NC,ASO,EN,Federal Contract Tower,8,6,12,0,26,0,5,21,0,26,8,11,33,0,52,36,0,36,88
09/24/2021,EWN,NC,ASO,EN,Federal Contract Tower,7,4,8,9,28,0,5,51,5,61,7,9,59,14,89,126,7,133,222
09/25/2021,EWN,NC,ASO,EN,Federal Contract Tower,8,2,7,0,17,0,7,38,4,49,8,9,45,4,66,56,0,56,122
09/26/2021,EWN,NC,ASO,EN,Federal Contract Tower,8,7,11,5,31,0,3,55,7,65,8,10,66,12,96,62,0,62,158
09/27/2021,EWN,NC,ASO,EN,Federal Contract Tower,8,2,16,1,27,0,2,51,5,58,8,4,67,6,85,94,0,94,179
09/28/2021,EWN,NC,ASO,EN,Federal Contract Tower,5,10,12,2,29,0,4,61,3,68,5,14,73,5,97,100,0,100,197
09/29/2021,EWN,NC,ASO,EN,Federal Contract Tower,7,2,14,3,26,0,6,53,3,62,7,8,67,6,88,56,6,62,150
09/30/2021,EWN,NC,ASO,EN,Federal Contract Tower,9,4,15,1,29,0,4,61,5,70,9,8,76,6,99,154,0,154,253
10/01/2021,EWN,NC,ASO,EN,Federal Contract Tower,8,6,6,2,22,0,3,39,20,62,8,9,45,22,84,132,0,132,216
10/02/2021,EWN,NC,ASO,EN,Federal Contract Tower,7,2,9,0,18,0,7,44,8,59,7,9,53,8,77,78,0,78,155
10/03/2021,EWN,NC,ASO,EN,Federal Contract Tower,7,6,6,2,21,0,3,34,1,38,7,9,40,3,59,42,0,42,101
10/04/2021,EWN,NC,ASO,EN,Federal Contract Tower,7,4,8,2,21,0,3,39,2,44,7,7,47,4,65,108,28,136,201
10/05/2021,EWN,NC,ASO,EN,Federal Contract Tower,6,10,5,2,23,0,1,58,0,59,6,11,63,2,82,178,0,178,260
10/06/2021,EWN,NC,ASO,EN,Federal Contract Tower,6,7,10,6,29,0,2,48,6,56,6,9,58,12,85,104,0,104,189
10/07/2021,EWN,NC,ASO,EN,Federal Contract Tower,7,9,26,22,64,0,0,7,0,7,7,9,33,22,71,18,0,18,89
10/08/2021,EWN,NC,ASO,EN,Federal Contract Tower,7,4,12,11,34,0,4,21,11,36,7,8,33,22,70,78,0,78,148
10/09/2021,EWN,NC,ASO,EN,Federal Contract Tower,10,2,11,4,27,0,0,1,0,1,10,2,12,4,28,0,0,0,28
10/10/2021,EWN,NC,ASO,EN,Federal Contract Tower,8,2,16,0,26,0,0,0,0,0,8,2,16,0,26,0,0,0,26
10/11/2021,EWN,NC,ASO,EN,Federal Contract Tower,8,7,36,0,51,0,6,20,0,26,8,13,56,0,77,24,0,24,101
10/12/2021,EWN,NC,ASO,EN,Federal Contract Tower,7,5,34,0,46,0,0,3,0,3,7,5,37,0,49,16,0,16,65
10/13/2021,EWN,NC,ASO,EN,Federal Contract Tower,8,4,21,0,33,0,2,29,11,42,8,6,50,11,75,138,0,138,213
10/14/2021,EWN,NC,ASO,EN,Federal Contract Tower,8,3,12,0,23,0,3,61,1,65,8,6,73,1,88,86,0,86,174
10/15/2021,EWN,NC,ASO,EN,Federal Contract Tower,8,4,28,6,46,0,5,64,21,90,8,9,92,27,136,182,0,182,318
10/16/2021,EWN,NC,ASO,EN,Federal Contract Tower,7,3,7,0,17,0,5,29,12,46,7,8,36,12,63,100,0,100,163
10/17/2021,EWN,NC,ASO,EN,Federal Contract Tower,8,1,12,0,21,0,0,32,4,36,8,1,44,4,57,28,0,28,85
10/18/2021,EWN,NC,ASO,EN,Federal Contract Tower,8,4,14,0,26,0,4,47,0,51,8,8,61,0,77,100,0,100,177
10/19/2021,EWN,NC,ASO,EN,Federal Contract Tower,7,5,20,0,32,0,7,56,12,75,7,12,76,12,107,126,0,126,233
10/20/2021,EWN,NC,ASO,EN,Federal Contract Tower,8,5,32,2,47,0,0,54,26,80,8,5,86,28,127,78,2,80,207
10/21/2021,EWN,NC,ASO,EN,Federal Contract Tower,8,5,7,4,24,0,7,80,23,110,8,12,87,27,134,202,0,202,336
10/22/2021,EWN,NC,ASO,EN,Federal Contract Tower,8,5,28,3,44,0,8,30,8,46,8,13,58,11,90,72,0,72,162
10/23/2021,EWN,NC,ASO,EN,Federal Contract Tower,7,2,25,2,36,0,3,33,17,53,7,5,58,19,89,56,0,56,145
10/24/2021,EWN,NC,ASO,EN,Federal Contract Tower,8,2,16,4,30,0,1,41,19,61,8,3,57,23,91,32,0,32,123
10/25/2021,EWN,NC,ASO,EN,Federal Contract Tower,8,2,15,1,26,0,7,45,20,72,8,9,60,21,98,150,0,150,248
10/26/2021,EWN,NC,ASO,EN,Federal Contract Tower,7,6,10,8,31,0,0,59,6,65,7,6,69,14,96,128,0,128,224
10/27/2021,EWN,NC,ASO,EN,Federal Contract Tower,8,6,13,0,27,0,4,48,0,52,8,10,61,0,79,124,0,124,203
10/28/2021,EWN,NC,ASO,EN,Federal Contract Tower,7,4,13,4,28,0,2,50,13,65,7,6,63,17,93,170,0,170,263
10/29/2021,EWN,NC,ASO,EN,Federal Contract Tower,9,6,9,0,24,0,5,13,31,49,9,11,22,31,73,38,0,38,111
10/30/2021,EWN,NC,ASO,EN,Federal Contract Tower,7,2,17,4,30,0,7,51,24,82,7,9,68,28,112,42,0,42,154
10/31/2021,EWN,NC,ASO,EN,Federal Contract Tower,8,0,13,0,21,0,0,14,0,14,8,0,27,0,35,16,0,16,51
11/01/2021,EWN,NC,ASO,EN,Federal Contract Tower,6,4,17,0,27,0,1,73,0,74,6,5,90,0,101,148,0,148,249
11/02/2021,EWN,NC,ASO,EN,Federal Contract Tower,8,6,6,0,20,0,2,62,10,74,8,8,68,10,94,140,0,140,234
11/03/2021,EWN,NC,ASO,EN,Federal Contract Tower,8,4,10,2,24,0,5,52,11,68,8,9,62,13,92,146,8,154,246
11/04/2021,EWN,NC,ASO,EN,Federal Contract Tower,8,5,7,7,27,0,0,36,7,43,8,5,43,14,70,116,8,124,194
11/05/2021,EWN,NC,ASO,EN,Federal Contract Tower,8,6,2,6,22,0,4,41,30,75,8,10,43,36,97,96,0,96,193
11/06/2021,EWN,NC,ASO,EN,Federal Contract Tower,8,2,3,9,22,0,0,12,12,24,8,2,15,21,46,58,0,58,104
11/07/2021,EWN,NC,ASO,EN,Federal Contract Tower,8,1,4,0,13,0,3,3,14,20,8,4,7,14,33,0,0,0,33
11/08/2021,EWN,NC,ASO,EN,Federal Contract Tower,8,2,9,0,19,0,1,60,1,62,8,3,69,1,81,118,0,118,199
11/09/2021,EWN,NC,ASO,EN,Federal Contract Tower,6,6,28,0,40,0,0,54,9,63,6,6,82,9,103,192,0,192,295
11/10/2021,EWN,NC,ASO,EN,Federal Contract Tower,7,4,10,0,21,0,3,53,24,80,7,7,63,24,101,98,0,98,199
11/11/2021,EWN,NC,ASO,EN,Federal Contract Tower,8,4,16,0,28,0,9,55,17,81,8,13,71,17,109,146,0,146,255
11/12/2021,EWN,NC,ASO,EN,Federal Contract Tower,8,5,9,4,26,0,3,23,0,26,8,8,32,4,52,82,0,82,134
11/13/2021,EWN,NC,ASO,EN,Federal Contract Tower,8,2,8,0,18,0,1,37,0,38,8,3,45,0,56,46,0,46,102
11/14/2021,EWN,NC,ASO,EN,Federal Contract Tower,10,1,17,0,28,0,0,45,0,45,10,1,62,0,73,32,0,32,105
11/15/2021,EWN,NC,ASO,EN,Federal Contract Tower,8,2,13,1,24,0,3,51,1,55,8,5,64,2,79,110,2,112,191
11/16/2021,EWN,NC,ASO,EN,Federal Contract Tower,6,7,20,4,37,0,1,60,2,63,6,8,80,6,100,130,0,130,230
11/17/2021,EWN,NC,ASO,EN,Federal Contract Tower,8,4,10,0,22,0,2,56,8,66,8,6,66,8,88,180,0,180,268
11/18/2021,EWN,NC,ASO,EN,Federal Contract Tower,8,4,20,0,32,0,1,50,2,53,8,5,70,2,85,130,0,130,215
11/19/2021,EWN,NC,ASO,EN,Federal Contract Tower,8,7,13,6,34,0,10,48,19,77,8,17,61,25,111,58,4,62,173
11/20/2021,EWN,NC,ASO,EN,Federal Contract Tower,8,3,6,6,23,0,11,49,15,75,8,14,55,21,98,96,0,96,194
11/21/2021,EWN,NC,ASO,EN,Federal Contract Tower,7,0,21,0,28,0,4,44,14,62,7,4,65,14,90,70,0,70,160
11/22/2021,EWN,NC,ASO,EN,Federal Contract Tower,9,2,8,4,23,0,0,7,1,8,9,2,15,5,31,40,0,40,71
11/23/2021,EWN,NC,ASO,EN,Federal Contract Tower,8,6,23,5,42,0,3,48,21,72,8,9,71,26,114,22,0,22,136
11/24/2021,EWN,NC,ASO,EN,Federal Contract Tower,8,6,17,0,31,0,1,72,8,81,8,7,89,8,112,136,0,136,248
11/25/2021,EWN,NC,ASO,EN,Federal Contract Tower,3,0,0,0,3,0,2,13,0,15,3,2,13,0,18,10,0,10,28
11/26/2021,EWN,NC,ASO,EN,Federal Contract Tower,9,6,8,0,23,0,6,28,0,34,9,12,36,0,57,36,0,36,93
11/27/2021,EWN,NC,ASO,EN,Federal Contract Tower,8,2,6,0,16,0,9,78,0,87,8,11,84,0,103,98,0,98,201
11/28/2021,EWN,NC,ASO,EN,Federal Contract Tower,7,1,21,0,29,0,0,46,0,46,7,1,67,0,75,28,0,28,103
11/29/2021,EWN,NC,ASO,EN,Federal Contract Tower,9,3,5,0,17,0,12,32,0,44,9,15,37,0,61,126,0,126,187
11/30/2021,EWN,NC,ASO,EN,Federal Contract Tower,9,6,18,0,33,0,3,55,6,64,9,9,73,6,97,122,0,122,219
12/01/2021,EWN,NC,ASO,EN,Federal Contract Tower,8,4,15,0,27,0,5,68,8,81,8,9,83,8,108,184,0,184,292
12/02/2021,EWN,NC,ASO,EN,Federal Contract Tower,8,7,17,0,32,0,12,52,0,64,8,19,69,0,96,144,0,144,240
12/03/2021,EWN,NC,ASO,EN,Federal Contract Tower,8,4,20,4,36,0,5,61,30,96,8,9,81,34,132,224,28,252,384
12/04/2021,EWN,NC,ASO,EN,Federal Contract Tower,13,2,13,2,30,0,6,48,24,78,13,8,61,26,108,112,4,116,224
12/05/2021,EWN,NC,ASO,EN,Federal Contract Tower,8,1,12,0,21,0,7,47,22,76,8,8,59,22,97,84,8,92,189
12/06/2021,EWN,NC,ASO,EN,Federal Contract Tower,9,5,20,5,39,0,2,39,12,53,9,7,59,17,92,148,6,154,246
12/07/2021,EWN,NC,ASO,EN,Federal Contract Tower,8,6,11,4,29,0,5,37,5,47,8,11,48,9,76,124,0,124,200
12/08/2021,EWN,NC,ASO,EN,Federal Contract Tower,7,5,7,0,19,0,0,0,0,0,7,5,7,0,19,0,0,0,19
12/09/2021,EWN,NC,ASO,EN,Federal Contract Tower,9,8,10,0,27,0,1,60,7,68,9,9,70,7,95,122,0,122,217
12/10/2021,EWN,NC,ASO,EN,Federal Contract Tower,10,6,13,1,30,0,2,28,5,35,10,8,41,6,65,74,0,74,139
12/11/2021,EWN,NC,ASO,EN,Federal Contract Tower,8,3,10,0,21,0,5,44,14,63,8,8,54,14,84,120,0,120,204
12/12/2021,EWN,NC,ASO,EN,Federal Contract Tower,8,0,19,0,27,0,6,42,3,51,8,6,61,3,78,116,0,116,194
12/14/2021,EWN,NC,ASO,EN,Federal Contract Tower,8,5,9,0,22,0,8,61,0,69,8,13,70,0,91,154,0,154,245
12/15/2021,EWN,NC,ASO,EN,Federal Contract Tower,8,4,7,3,22,0,6,28,6,40,8,10,35,9,62,104,0,104,166
12/16/2021,EWN,NC,ASO,EN,Federal Contract Tower,7,6,11,0,24,0,0,44,8,52,7,6,55,8,76,138,0,138,214
12/17/2021,EWN,NC,ASO,EN,Federal Contract Tower,6,6,14,0,26,0,3,33,16,52,6,9,47,16,78,90,0,90,168
12/18/2021,EWN,NC,ASO,EN,Federal Contract Tower,8,2,10,2,22,0,3,27,8,38,8,5,37,10,60,90,0,90,150
12/19/2021,EWN,NC,ASO,EN,Federal Contract Tower,9,0,1,1,11,0,1,0,0,1,9,1,1,1,12,0,0,0,12
12/20/2021,EWN,NC,ASO,EN,Federal Contract Tower,5,5,14,2,26,0,2,68,2,72,5,7,82,4,98,128,0,128,226
12/21/2021,EWN,NC,ASO,EN,Federal Contract Tower,8,6,8,0,22,0,3,25,9,37,8,9,33,9,59,110,0,110,169
12/22/2021,EWN,NC,ASO,EN,Federal Contract Tower,8,8,18,0,34,0,5,36,10,51,8,13,54,10,85,98,0,98,183
12/23/2021,EWN,NC,ASO,EN,Federal Contract Tower,6,6,11,2,25,0,0,57,8,65,6,6,68,10,90,48,0,48,138
12/24/2021,EWN,NC,ASO,EN,Federal Contract Tower,4,4,2,0,10,0,4,22,0,26,4,8,24,0,36,0,0,0,36
12/25/2021,EWN,NC,ASO,EN,Federal Contract Tower,8,0,1,0,9,0,2,0,0,2,8,2,1,0,11,0,0,0,11
12/26/2021,EWN,NC,ASO,EN,Federal Contract Tower,7,0,10,0,17,0,2,31,0,33,7,2,41,0,50,50,0,50,100
12/27/2021,EWN,NC,ASO,EN,Federal Contract Tower,8,3,13,0,24,0,1,50,0,51,8,4,63,0,75,104,0,104,179
12/28/2021,EWN,NC,ASO,EN,Federal Contract Tower,7,6,14,0,27,0,1,36,0,37,7,7,50,0,64,98,0,98,162
12/29/2021,EWN,NC,ASO,EN,Federal Contract Tower,7,4,10,0,21,0,6,31,12,49,7,10,41,12,70,52,0,52,122
12/30/2021,EWN,NC,ASO,EN,Federal Contract Tower,7,4,7,0,18,0,0,8,6,14,7,4,15,6,32,0,0,0,32
12/31/2021,EWN,NC,ASO,EN,Federal Contract Tower,4,4,18,0,26,0,0,39,0,39,4,4,57,0,65,90,0,90,155
01/01/2022,EWN,NC,ASO,EN,Federal Contract Tower,7,2,2,0,11,0,4,2,1,7,7,6,4,1,18,0,0,0,18
01/02/2022,EWN,NC,ASO,EN,Federal Contract Tower,6,0,1,0,7,0,0,22,0,22,6,0,23,0,29,30,0,30,59
01/03/2022,EWN,NC,ASO,EN,Federal Contract Tower,6,2,5,0,13,0,0,0,0,0,6,2,5,0,13,0,0,0,13
01/04/2022,EWN,NC,ASO,EN,Federal Contract Tower,7,7,10,0,24,0,3,41,0,44,7,10,51,0,68,44,0,44,112
01/05/2022,EWN,NC,ASO,EN,Federal Contract Tower,7,7,13,2,29,0,0,7,0,7,7,7,20,2,36,0,0,0,36
01/06/2022,EWN,NC,ASO,EN,Federal Contract Tower,7,12,13,0,32,0,2,33,2,37,7,14,46,2,69,74,0,74,143
01/07/2022,EWN,NC,ASO,EN,Federal Contract Tower,5,6,3,0,14,0,5,42,2,49,5,11,45,2,63,78,0,78,141
01/08/2022,EWN,NC,ASO,EN,Federal Contract Tower,6,2,14,0,22,0,1,37,0,38,6,3,51,0,60,94,0,94,154
01/09/2022,EWN,NC,ASO,EN,Federal Contract Tower,6,0,10,0,16,0,2,23,0,25,6,2,33,0,41,82,0,82,123
01/10/2022,EWN,NC,ASO,EN,Federal Contract Tower,7,2,7,0,16,0,2,41,0,43,7,4,48,0,59,64,0,64,123
01/11/2022,EWN,NC,ASO,EN,Federal Contract Tower,6,5,7,13,31,0,4,27,1,32,6,9,34,14,63,104,0,104,167
01/12/2022,EWN,NC,ASO,EN,Federal Contract Tower,7,9,19,8,43,0,4,39,2,45,7,13,58,10,88,46,0,46,134
01/13/2022,EWN,NC,ASO,EN,Federal Contract Tower,8,7,9,3,27,0,7,42,5,54,8,14,51,8,81,66,0,66,147
01/14/2022,EWN,NC,ASO,EN,Federal Contract Tower,8,4,1,0,13,0,3,46,6,55,8,7,47,6,68,66,0,66,134
01/15/2022,EWN,NC,ASO,EN,Federal Contract Tower,8,3,7,0,18,0,1,58,0,59,8,4,65,0,77,114,0,114,191
01/16/2022,EWN,NC,ASO,EN,Federal Contract Tower,0,0,0,0,0,0,0,0,0,0,0,0,0,0,0,0,0,0,0
01/17/2022,EWN,NC,ASO,EN,Federal Contract Tower,2,4,3,0,9,0,6,6,0,12,2,10,9,0,21,0,0,0,21
01/18/2022,EWN,NC,ASO,EN,Federal Contract Tower,191,126,242,43,602,0,84,982,64,1130,191,210,1224,107,1732,2068,6,2074,3806
01/19/2022,EWN,NC,ASO,EN,Federal Contract Tower,7,6,12,4,29,0,2,62,2,66,7,8,74,6,95,170,0,170,265
01/20/2022,EWN,NC,ASO,EN,Federal Contract Tower,7,7,9,0,23,0,1,24,16,41,7,8,33,16,64,78,0,78,142
01/21/2022,EWN,NC,ASO,EN,Federal Contract Tower,0,0,0,0,0,0,0,0,0,0,0,0,0,0,0,0,0,0,0
01/22/2022,EWN,NC,ASO,EN,Federal Contract Tower,2,1,4,0,7,0,1,6,0,7,2,2,10,0,14,8,0,8,22
01/23/2022,EWN,NC,ASO,EN,Federal Contract Tower,7,1,7,0,15,0,0,48,0,48,7,1,55,0,63,108,0,108,171
01/24/2022,EWN,NC,ASO,EN,Federal Contract Tower,8,3,8,1,20,0,5,45,0,50,8,8,53,1,70,94,4,98,168
01/25/2022,EWN,NC,ASO,EN,Federal Contract Tower,8,12,6,2,28,0,0,51,0,51,8,12,57,2,79,134,0,134,213
01/26/2022,EWN,NC,ASO,EN,Federal Contract Tower,6,4,9,2,21,0,2,52,1,55,6,6,61,3,76,100,0,100,176
01/27/2022,EWN,NC,ASO,EN,Federal Contract Tower,7,6,6,2,21,0,3,67,7,77,7,9,73,9,98,112,0,112,210
01/28/2022,EWN,NC,ASO,EN,Federal Contract Tower,8,5,13,6,32,0,5,41,9,55,8,10,54,15,87,126,2,128,215
01/29/2022,EWN,NC,ASO,EN,Federal Contract Tower,8,1,5,0,14,0,8,5,0,13,8,9,10,0,27,6,0,6,33
01/30/2022,EWN,NC,ASO,EN,Federal Contract Tower,6,0,21,0,27,0,0,26,10,36,6,0,47,10,63,84,0,84,147
01/31/2022,EWN,NC,ASO,EN,Federal Contract Tower,7,2,8,0,17,0,6,46,0,52,7,8,54,0,69,82,0,82,151
02/01/2022,EWN,NC,ASO,EN,Federal Contract Tower,8,8,20,2,38,0,0,42,3,45,8,8,62,5,83,74,6,80,163
02/02/2022,EWN,NC,ASO,EN,Federal Contract Tower,7,6,14,0,27,0,6,30,5,41,7,12,44,5,68,32,0,32,100
02/03/2022,EWN,NC,ASO,EN,Federal Contract Tower,8,6,14,3,31,0,1,41,0,42,8,7,55,3,73,48,0,48,121
02/04/2022,EWN,NC,ASO,EN,Federal Contract Tower,8,4,13,0,25,0,2,12,12,26,8,6,25,12,51,16,0,16,67
02/05/2022,EWN,NC,ASO,EN,Federal Contract Tower,6,2,3,2,13,0,4,31,11,46,6,6,34,13,59,52,0,52,111
02/06/2022,EWN,NC,ASO,EN,Federal Contract Tower,5,3,14,0,22,0,2,44,4,50,5,5,58,4,72,64,0,64,136
02/07/2022,EWN,NC,ASO,EN,Federal Contract Tower,7,2,8,0,17,0,0,0,0,0,7,2,8,0,17,0,0,0,17
02/08/2022,EWN,NC,ASO,EN,Federal Contract Tower,7,9,16,1,33,1,0,30,2,33,8,9,46,3,66,76,0,76,142
02/09/2022,EWN,NC,ASO,EN,Federal Contract Tower,5,3,15,8,31,0,1,57,0,58,5,4,72,8,89,114,0,114,203
02/10/2022,EWN,NC,ASO,EN,Federal Contract Tower,8,5,11,0,24,0,4,53,10,67,8,9,64,10,91,152,0,152,243
02/11/2022,EWN,NC,ASO,EN,Federal Contract Tower,8,6,7,0,21,0,8,64,10,82,8,14,71,10,103,142,26,168,271
02/12/2022,EWN,NC,ASO,EN,Federal Contract Tower,6,2,19,4,31,0,8,61,23,92,6,10,80,27,123,122,0,122,245
02/13/2022,EWN,NC,ASO,EN,Federal Contract Tower,6,4,9,0,19,0,3,9,7,19,6,7,18,7,38,12,0,12,50
02/14/2022,EWN,NC,ASO,EN,Federal Contract Tower,7,2,11,0,20,0,0,39,2,41,7,2,50,2,61,84,0,84,145
02/15/2022,EWN,NC,ASO,EN,Federal Contract Tower,4,6,17,2,29,0,2,45,4,51,4,8,62,6,80,78,0,78,158
02/16/2022,EWN,NC,ASO,EN,Federal Contract Tower,6,6,16,0,28,0,4,45,1,50,6,10,61,1,78,96,0,96,174
02/17/2022,EWN,NC,ASO,EN,Federal Contract Tower,7,9,14,4,34,0,3,53,11,67,7,12,67,15,101,122,0,122,223
02/18/2022,EWN,NC,ASO,EN,Federal Contract Tower,6,4,13,6,29,0,2,14,2,18,6,6,27,8,47,24,0,24,71
02/19/2022,EWN,NC,ASO,EN,Federal Contract Tower,6,3,7,0,16,0,6,31,0,37,6,9,38,0,53,32,0,32,85
02/20/2022,EWN,NC,ASO,EN,Federal Contract Tower,6,0,14,0,20,0,0,62,0,62,6,0,76,0,82,146,0,146,228
02/21/2022,EWN,NC,ASO,EN,Federal Contract Tower,7,2,8,0,17,0,5,47,0,52,7,7,55,0,69,134,0,134,203
02/22/2022,EWN,NC,ASO,EN,Federal Contract Tower,7,6,8,3,24,0,5,39,1,45,7,11,47,4,69,58,0,58,127
02/23/2022,EWN,NC,ASO,EN,Federal Contract Tower,6,6,3,0,15,0,8,48,2,58,6,14,51,2,73,120,0,120,193
02/24/2022,EWN,NC,ASO,EN,Federal Contract Tower,7,6,14,11,38,0,2,15,22,39,7,8,29,33,77,86,0,86,163
02/25/2022,EWN,NC,ASO,EN,Federal Contract Tower,8,6,6,0,20,0,1,20,15,36,8,7,26,15,56,32,0,32,88
02/26/2022,EWN,NC,ASO,EN,Federal Contract Tower,6,2,15,0,23,0,16,35,6,57,6,18,50,6,80,144,0,144,224
02/27/2022,EWN,NC,ASO,EN,Federal Contract Tower,5,0,6,0,11,0,0,0,0,0,5,0,6,0,11,0,0,0,11
02/28/2022,EWN,NC,ASO,EN,Federal Contract Tower,7,2,15,4,28,0,3,65,10,78,7,5,80,14,106,120,0,120,226
03/01/2022,EWN,NC,ASO,EN,Federal Contract Tower,6,8,9,4,27,0,4,52,0,56,6,12,61,4,83,142,0,142,225
03/02/2022,EWN,NC,ASO,EN,Federal Contract Tower,4,6,15,2,27,0,1,67,0,68,4,7,82,2,95,122,8,130,225
03/03/2022,EWN,NC,ASO,EN,Federal Contract Tower,4,5,12,0,21,0,4,68,6,78,4,9,80,6,99,116,0,116,215
03/04/2022,EWN,NC,ASO,EN,Federal Contract Tower,0,5,15,0,20,0,7,64,18,89,0,12,79,18,109,168,0,168,277
03/05/2022,EWN,NC,ASO,EN,Federal Contract Tower,2,2,8,3,15,0,7,47,18,72,2,9,55,21,87,108,0,108,195
03/06/2022,EWN,NC,ASO,EN,Federal Contract Tower,4,0,9,1,14,0,5,30,10,45,4,5,39,11,59,26,16,42,101
03/07/2022,EWN,NC,ASO,EN,Federal Contract Tower,4,2,14,0,20,0,3,37,6,46,4,5,51,6,66,10,0,10,76
03/08/2022,EWN,NC,ASO,EN,Federal Contract Tower,2,6,5,0,13,0,2,53,2,57,2,8,58,2,70,90,0,90,160
03/09/2022,EWN,NC,ASO,EN,Federal Contract Tower,2,6,2,0,10,0,0,2,4,6,2,6,4,4,16,0,0,0,16
03/10/2022,EWN,NC,ASO,EN,Federal Contract Tower,2,4,7,4,17,0,0,2,0,2,2,4,9,4,19,0,0,0,19
03/11/2022,EWN,NC,ASO,EN,Federal Contract Tower,2,5,12,3,22,0,1,0,0,1,2,6,12,3,23,0,0,0,23
03/12/2022,EWN,NC,ASO,EN,Federal Contract Tower,0,2,3,0,5,0,1,0,0,1,0,3,3,0,6,0,0,0,6
03/13/2022,EWN,NC,ASO,EN,Federal Contract Tower,4,0,19,0,23,0,0,45,3,48,4,0,64,3,71,158,0,158,229
03/14/2022,EWN,NC,ASO,EN,Federal Contract Tower,4,2,20,0,26,0,0,44,0,44,4,2,64,0,70,42,0,42,112
03/15/2022,EWN,NC,ASO,EN,Federal Contract Tower,2,6,6,0,14,0,4,56,0,60,2,10,62,0,74,94,0,94,168
03/16/2022,EWN,NC,ASO,EN,Federal Contract Tower,4,4,4,2,14,0,7,54,0,61,4,11,58,2,75,140,0,140,215
03/17/2022,EWN,NC,ASO,EN,Federal Contract Tower,0,7,7,0,14,0,4,26,4,34,0,11,33,4,48,46,0,46,94
03/18/2022,EWN,NC,ASO,EN,Federal Contract Tower,2,4,11,0,17,0,3,38,12,53,2,7,49,12,70,110,0,110,180
03/19/2022,EWN,NC,ASO,EN,Federal Contract Tower,0,7,6,0,13,0,11,32,7,50,0,18,38,7,63,52,0,52,115
03/20/2022,EWN,NC,ASO,EN,Federal Contract Tower,0,2,5,0,7,0,1,50,0,51,0,3,55,0,58,108,0,108,166
03/21/2022,EWN,NC,ASO,EN,Federal Contract Tower,2,2,6,0,10,0,0,55,1,56,2,2,61,1,66,118,0,118,184
03/22/2022,EWN,NC,ASO,EN,Federal Contract Tower,3,1,16,4,24,0,1,47,13,61,3,2,63,17,85,116,0,116,201
03/23/2022,EWN,NC,ASO,EN,Federal Contract Tower,4,4,13,7,28,0,4,20,8,32,4,8,33,15,60,50,0,50,110
03/24/2022,EWN,NC,ASO,EN,Federal Contract Tower,4,4,2,2,12,0,0,0,4,4,4,4,2,6,16,0,0,0,16
03/25/2022,EWN,NC,ASO,EN,Federal Contract Tower,0,7,6,0,13,0,5,36,4,45,0,12,42,4,58,56,0,56,114
03/26/2022,EWN,NC,ASO,EN,Federal Contract Tower,0,5,16,0,21,0,2,30,4,36,0,7,46,4,57,56,0,56,113
03/27/2022,EWN,NC,ASO,EN,Federal Contract Tower,1,0,11,0,12,0,8,40,2,50,1,8,51,2,62,40,0,40,102
03/28/2022,EWN,NC,ASO,EN,Federal Contract Tower,2,4,14,2,22,0,4,65,0,69,2,8,79,2,91,106,0,106,197
03/29/2022,EWN,NC,ASO,EN,Federal Contract Tower,2,6,9,2,19,0,3,68,3,74,2,9,77,5,93,112,0,112,205
03/30/2022,EWN,NC,ASO,EN,Federal Contract Tower,4,7,26,2,39,0,2,50,6,58,4,9,76,8,97,90,0,90,187
03/31/2022,EWN,NC,ASO,EN,Federal Contract Tower,0,6,3,0,9,0,2,2,3,7,0,8,5,3,16,0,0,0,16
04/01/2022,EWN,NC,ASO,EN,Federal Contract Tower,2,8,11,0,21,0,6,47,10,63,2,14,58,10,84,58,0,58,142
04/02/2022,EWN,NC,ASO,EN,Federal Contract Tower,2,2,22,0,26,0,7,58,9,74,2,9,80,9,100,86,0,86,186
04/03/2022,EWN,NC,ASO,EN,Federal Contract Tower,2,0,6,0,8,0,0,42,1,43,2,0,48,1,51,136,0,136,187
04/04/2022,EWN,NC,ASO,EN,Federal Contract Tower,2,4,15,2,23,0,2,49,0,51,2,6,64,2,74,82,0,82,156
04/05/2022,EWN,NC,ASO,EN,Federal Contract Tower,6,6,17,5,34,0,9,36,6,51,6,15,53,11,85,72,0,72,157
04/06/2022,EWN,NC,ASO,EN,Federal Contract Tower,8,6,13,0,27,0,10,47,2,59,8,16,60,2,86,76,0,76,162
04/07/2022,EWN,NC,ASO,EN,Federal Contract Tower,8,6,5,0,19,0,0,9,4,13,8,6,14,4,32,40,0,40,72
04/08/2022,EWN,NC,ASO,EN,Federal Contract Tower,7,8,24,0,39,0,4,64,9,77,7,12,88,9,116,146,0,146,262
04/09/2022,EWN,NC,ASO,EN,Federal Contract Tower,8,2,8,0,18,0,2,46,8,56,8,4,54,8,74,98,0,98,172
04/10/2022,EWN,NC,ASO,EN,Federal Contract Tower,7,1,8,0,16,0,2,41,4,47,7,3,49,4,63,52,0,52,115
04/11/2022,EWN,NC,ASO,EN,Federal Contract Tower,8,3,23,2,36,0,3,55,3,61,8,6,78,5,97,110,10,120,217
04/12/2022,EWN,NC,ASO,EN,Federal Contract Tower,7,6,18,0,31,0,4,57,1,62,7,10,75,1,93,106,0,106,199
04/13/2022,EWN,NC,ASO,EN,Federal Contract Tower,8,8,11,13,40,0,1,54,0,55,8,9,65,13,95,56,4,60,155
04/14/2022,EWN,NC,ASO,EN,Federal Contract Tower,9,6,14,0,29,0,3,42,6,51,9,9,56,6,80,42,0,42,122
04/15/2022,EWN,NC,ASO,EN,Federal Contract Tower,9,5,16,0,30,0,3,37,0,40,9,8,53,0,70,68,0,68,138
04/16/2022,EWN,NC,ASO,EN,Federal Contract Tower,8,2,7,0,17,0,3,35,0,38,8,5,42,0,55,98,0,98,153
04/17/2022,EWN,NC,ASO,EN,Federal Contract Tower,8,1,6,0,15,0,3,15,0,18,8,4,21,0,33,6,0,6,39
04/18/2022,EWN,NC,ASO,EN,Federal Contract Tower,7,3,15,0,25,0,0,1,0,1,7,3,16,0,26,0,0,0,26
04/19/2022,EWN,NC,ASO,EN,Federal Contract Tower,8,8,14,5,35,0,7,52,0,59,8,15,66,5,94,74,0,74,168
04/20/2022,EWN,NC,ASO,EN,Federal Contract Tower,8,7,19,3,37,0,0,40,3,43,8,7,59,6,80,110,0,110,190
04/21/2022,EWN,NC,ASO,EN,Federal Contract Tower,7,6,14,0,27,0,7,48,9,64,7,13,62,9,91,96,0,96,187
04/22/2022,EWN,NC,ASO,EN,Federal Contract Tower,8,9,13,2,32,0,11,54,4,69,8,20,67,6,101,154,0,154,255
04/23/2022,EWN,NC,ASO,EN,Federal Contract Tower,8,4,5,0,17,0,2,44,2,48,8,6,49,2,65,166,0,166,231
04/24/2022,EWN,NC,ASO,EN,Federal Contract Tower,8,0,7,0,15,0,1,35,0,36,8,1,42,0,51,50,0,50,101
04/25/2022,EWN,NC,ASO,EN,Federal Contract Tower,8,2,10,0,20,0,2,60,1,63,8,4,70,1,83,110,0,110,193
04/26/2022,EWN,NC,ASO,EN,Federal Contract Tower,10,6,9,0,25,0,8,48,5,61,10,14,57,5,86,132,6,138,224
04/27/2022,EWN,NC,ASO,EN,Federal Contract Tower,8,6,14,0,28,0,6,58,8,72,8,12,72,8,100,128,0,128,228
04/28/2022,EWN,NC,ASO,EN,Federal Contract Tower,8,8,17,0,33,0,2,52,8,62,8,10,69,8,95,106,0,106,201
04/29/2022,EWN,NC,ASO,EN,Federal Contract Tower,8,6,13,0,27,0,2,52,17,71,8,8,65,17,98,128,0,128,226
04/30/2022,EWN,NC,ASO,EN,Federal Contract Tower,8,2,10,0,20,0,3,41,12,56,8,5,51,12,76,154,0,154,230
05/01/2022,EWN,NC,ASO,EN,Federal Contract Tower,7,0,8,0,15,0,0,59,1,60,7,0,67,1,75,164,0,164,239
05/02/2022,EWN,NC,ASO,EN,Federal Contract Tower,7,2,11,2,22,0,0,40,2,42,7,2,51,4,64,84,0,84,148
05/03/2022,EWN,NC,ASO,EN,Federal Contract Tower,8,6,11,0,25,0,8,44,0,52,8,14,55,0,77,102,0,102,179
05/04/2022,EWN,NC,ASO,EN,Federal Contract Tower,7,6,5,0,18,0,10,40,2,52,7,16,45,2,70,102,0,102,172
05/05/2022,EWN,NC,ASO,EN,Federal Contract Tower,4,6,22,0,32,0,0,4,0,4,4,6,26,0,36,0,0,0,36
05/06/2022,EWN,NC,ASO,EN,Federal Contract Tower,7,8,7,0,22,0,3,28,4,35,7,11,35,4,57,58,0,58,115
05/07/2022,EWN,NC,ASO,EN,Federal Contract Tower,4,2,7,0,13,0,5,156,12,173,4,7,163,12,186,32,0,32,218
05/08/2022,EWN,NC,ASO,EN,Federal Contract Tower,4,0,4,2,10,0,0,4,0,4,4,0,8,2,14,0,0,0,14
05/09/2022,EWN,NC,ASO,EN,Federal Contract Tower,6,7,11,1,25,0,2,46,1,49,6,9,57,2,74,68,0,68,142
05/10/2022,EWN,NC,ASO,EN,Federal Contract Tower,3,10,19,0,32,0,3,26,3,32,3,13,45,3,64,12,0,12,76
05/11/2022,EWN,NC,ASO,EN,Federal Contract Tower,4,7,26,0,37,0,5,41,5,51,4,12,67,5,88,84,0,84,172
05/12/2022,EWN,NC,ASO,EN,Federal Contract Tower,6,7,12,0,25,0,0,9,0,9,6,7,21,0,34,40,0,40,74
05/13/2022,EWN,NC,ASO,EN,Federal Contract Tower,6,6,10,0,22,0,0,12,4,16,6,6,22,4,38,6,0,6,44
05/14/2022,EWN,NC,ASO,EN,Federal Contract Tower,3,4,19,2,28,0,6,101,2,109,3,10,120,4,137,70,0,70,207
05/15/2022,EWN,NC,ASO,EN,Federal Contract Tower,4,0,13,0,17,0,5,49,2,56,4,5,62,2,73,72,0,72,145
05/16/2022,EWN,NC,ASO,EN,Federal Contract Tower,6,3,13,0,22,0,3,40,0,43,6,6,53,0,65,32,0,32,97
05/17/2022,EWN,NC,ASO,EN,Federal Contract Tower,4,6,14,0,24,0,6,67,14,87,4,12,81,14,111,106,0,106,217
05/18/2022,EWN,NC,ASO,EN,Federal Contract Tower,4,5,15,0,24,0,7,72,14,93,4,12,87,14,117,166,0,166,283
05/19/2022,EWN,NC,ASO,EN,Federal Contract Tower,4,7,8,1,20,0,6,57,2,65,4,13,65,3,85,152,0,152,237
05/20/2022,EWN,NC,ASO,EN,Federal Contract Tower,4,7,16,4,31,0,1,50,3,54,4,8,66,7,85,74,0,74,159
05/21/2022,EWN,NC,ASO,EN,Federal Contract Tower,5,2,4,0,11,0,3,44,9,56,5,5,48,9,67,37,0,37,104
05/22/2022,EWN,NC,ASO,EN,Federal Contract Tower,6,2,12,1,21,0,3,34,11,48,6,5,46,12,69,58,0,58,127
05/23/2022,EWN,NC,ASO,EN,Federal Contract Tower,4,2,9,0,15,0,2,31,0,33,4,4,40,0,48,56,0,56,104
05/24/2022,EWN,NC,ASO,EN,Federal Contract Tower,3,7,4,0,14,0,0,5,0,5,3,7,9,0,19,2,0,2,21
05/25/2022,EWN,NC,ASO,EN,Federal Contract Tower,3,6,37,1,47,0,0,3,0,3,3,6,40,1,50,2,0,2,52
05/26/2022,EWN,NC,ASO,EN,Federal Contract Tower,5,6,19,1,31,0,2,24,0,26,5,8,43,1,57,46,0,46,103
05/27/2022,EWN,NC,ASO,EN,Federal Contract Tower,8,7,10,0,25,0,2,16,0,18,8,9,26,0,43,16,0,16,59
05/28/2022,EWN,NC,ASO,EN,Federal Contract Tower,4,5,5,0,14,0,3,43,0,46,4,8,48,0,60,28,0,28,88
05/29/2022,EWN,NC,ASO,EN,Federal Contract Tower,5,8,17,0,30,0,4,59,0,63,5,12,76,0,93,64,0,64,157
05/30/2022,EWN,NC,ASO,EN,Federal Contract Tower,6,1,8,0,15,0,3,54,0,57,6,4,62,0,72,98,0,98,170
05/31/2022,EWN,NC,ASO,EN,Federal Contract Tower,3,7,5,0,15,0,2,61,0,63,3,9,66,0,78,110,0,110,188
06/01/2022,EWN,NC,ASO,EN,Federal Contract Tower,4,3,23,0,30,0,8,77,0,85,4,11,100,0,115,82,0,82,197
06/02/2022,EWN,NC,ASO,EN,Federal Contract Tower,6,6,14,0,26,0,4,54,1,59,6,10,68,1,85,72,2,74,159
06/03/2022,EWN,NC,ASO,EN,Federal Contract Tower,7,9,5,2,23,0,0,34,16,50,7,9,39,18,73,18,0,18,91
06/04/2022,EWN,NC,ASO,EN,Federal Contract Tower,9,2,9,1,21,0,4,50,13,67,9,6,59,14,88,68,0,68,156
06/05/2022,EWN,NC,ASO,EN,Federal Contract Tower,5,1,10,0,16,0,5,35,14,54,5,6,45,14,70,20,0,20,90
06/06/2022,EWN,NC,ASO,EN,Federal Contract Tower,7,3,12,0,22,0,6,53,6,65,7,9,65,6,87,76,0,76,163
06/07/2022,EWN,NC,ASO,EN,Federal Contract Tower,7,6,10,0,23,0,1,66,6,73,7,7,76,6,96,174,0,174,270
06/08/2022,EWN,NC,ASO,EN,Federal Contract Tower,7,6,14,0,27,0,2,50,0,52,7,8,64,0,79,68,0,68,147
06/09/2022,EWN,NC,ASO,EN,Federal Contract Tower,7,6,13,0,26,0,4,46,6,56,7,10,59,6,82,8,0,8,90
06/10/2022,EWN,NC,ASO,EN,Federal Contract Tower,7,5,17,1,30,0,6,47,24,77,7,11,64,25,107,34,12,46,153
06/11/2022,EWN,NC,ASO,EN,Federal Contract Tower,12,4,12,2,30,0,2,49,20,71,12,6,61,22,101,96,0,96,197
06/12/2022,EWN,NC,ASO,EN,Federal Contract Tower,6,5,21,1,33,0,2,39,5,46,6,7,60,6,79,32,0,32,111
06/13/2022,EWN,NC,ASO,EN,Federal Contract Tower,7,2,15,9,33,0,8,48,1,57,7,10,63,10,90,52,20,72,162
06/14/2022,EWN,NC,ASO,EN,Federal Contract Tower,6,7,15,0,28,0,0,62,0,62,6,7,77,0,90,136,0,136,226
06/15/2022,EWN,NC,ASO,EN,Federal Contract Tower,7,11,21,2,41,0,6,77,0,83,7,17,98,2,124,108,0,108,232
06/16/2022,EWN,NC,ASO,EN,Federal Contract Tower,6,7,12,0,25,0,1,58,10,69,6,8,70,10,94,192,0,192,286
06/17/2022,EWN,NC,ASO,EN,Federal Contract Tower,3,8,20,0,31,0,2,80,0,82,3,10,100,0,113,128,0,128,241
06/18/2022,EWN,NC,ASO,EN,Federal Contract Tower,7,4,12,0,23,0,0,66,0,66,7,4,78,0,89,156,0,156,245
06/19/2022,EWN,NC,ASO,EN,Federal Contract Tower,8,4,30,0,42,0,3,36,1,40,8,7,66,1,82,82,0,82,164
06/20/2022,EWN,NC,ASO,EN,Federal Contract Tower,5,2,6,0,13,0,3,76,0,79,5,5,82,0,92,208,0,208,300
06/21/2022,EWN,NC,ASO,EN,Federal Contract Tower,6,4,11,1,22,0,5,86,3,94,6,9,97,4,116,206,0,206,322
06/22/2022,EWN,NC,ASO,EN,Federal Contract Tower,8,6,8,0,22,0,1,78,6,85,8,7,86,6,107,302,0,302,409
06/23/2022,EWN,NC,ASO,EN,Federal Contract Tower,5,5,17,6,33,0,2,71,2,75,5,7,88,8,108,266,0,266,374
06/24/2022,EWN,NC,ASO,EN,Federal Contract Tower,6,6,17,0,29,0,0,77,16,93,6,6,94,16,122,274,0,274,396
06/25/2022,EWN,NC,ASO,EN,Federal Contract Tower,7,2,3,0,12,0,11,96,13,120,7,13,99,13,132,208,0,208,340
06/26/2022,EWN,NC,ASO,EN,Federal Contract Tower,5,2,10,0,17,0,5,81,4,90,5,7,91,4,107,232,6,238,345
06/27/2022,EWN,NC,ASO,EN,Federal Contract Tower,4,3,1,0,8,0,4,67,2,73,4,7,68,2,81,226,0,226,307
06/28/2022,EWN,NC,ASO,EN,Federal Contract Tower,7,6,3,0,16,0,4,69,14,87,7,10,72,14,103,250,0,250,353
06/29/2022,EWN,NC,ASO,EN,Federal Contract Tower,5,6,10,7,28,0,2,79,10,91,5,8,89,17,119,322,0,322,441
06/30/2022,EWN,NC,ASO,EN,Federal Contract Tower,7,7,17,0,31,0,6,81,2,89,7,13,98,2,120,288,0,288,408
07/01/2022,EWN,NC,ASO,EN,Federal Contract Tower,7,6,7,0,20,0,7,43,0,50,7,13,50,0,70,228,0,228,298
07/02/2022,EWN,NC,ASO,EN,Federal Contract Tower,9,3,19,0,31,0,4,36,9,49,9,7,55,9,80,210,0,210,290
07/03/2022,EWN,NC,ASO,EN,Federal Contract Tower,5,2,3,0,10,0,3,42,3,48,5,5,45,3,58,144,0,144,202
07/04/2022,EWN,NC,ASO,EN,Federal Contract Tower,8,0,2,0,10,0,2,18,0,20,8,2,20,0,30,8,0,8,38
07/05/2022,EWN,NC,ASO,EN,Federal Contract Tower,4,3,22,0,29,0,0,71,0,71,4,3,93,0,100,236,0,236,336
07/06/2022,EWN,NC,ASO,EN,Federal Contract Tower,3,3,6,0,12,0,4,73,2,79,3,7,79,2,91,236,0,236,327
07/07/2022,EWN,NC,ASO,EN,Federal Contract Tower,6,6,13,4,29,0,6,56,0,62,6,12,69,4,91,194,0,194,285
07/08/2022,EWN,NC,ASO,EN,Federal Contract Tower,4,5,10,3,22,0,0,58,12,70,4,5,68,15,92,242,4,246,338
07/09/2022,EWN,NC,ASO,EN,Federal Contract Tower,7,3,7,0,17,0,3,18,10,31,7,6,25,10,48,56,0,56,104
07/10/2022,EWN,NC,ASO,EN,Federal Contract Tower,8,2,12,3,25,0,0,2,0,2,8,2,14,3,27,6,0,6,33
07/11/2022,EWN,NC,ASO,EN,Federal Contract Tower,7,2,35,0,44,0,2,39,0,41,7,4,74,0,85,96,0,96,181
07/12/2022,EWN,NC,ASO,EN,Federal Contract Tower,2,4,20,0,26,0,9,82,0,91,2,13,102,0,117,156,0,156,273
07/13/2022,EWN,NC,ASO,EN,Federal Contract Tower,2,8,17,0,27,0,0,74,0,74,2,8,91,0,101,116,0,116,217
07/14/2022,EWN,NC,ASO,EN,Federal Contract Tower,6,6,26,2,40,0,7,30,4,41,6,13,56,6,81,162,0,162,243
07/15/2022,EWN,NC,ASO,EN,Federal Contract Tower,7,6,21,4,38,0,3,27,11,41,7,9,48,15,79,42,0,42,121
07/16/2022,EWN,NC,ASO,EN,Federal Contract Tower,6,3,5,0,14,0,5,42,18,65,6,8,47,18,79,98,0,98,177
07/17/2022,EWN,NC,ASO,EN,Federal Contract Tower,6,7,21,0,34,0,4,51,0,55,6,11,72,0,89,44,0,44,133
07/18/2022,EWN,NC,ASO,EN,Federal Contract Tower,5,3,9,0,17,0,4,62,2,68,5,7,71,2,85,104,0,104,189
07/19/2022,EWN,NC,ASO,EN,Federal Contract Tower,6,12,14,3,35,0,0,74,9,83,6,12,88,12,118,136,0,136,254
07/20/2022,EWN,NC,ASO,EN,Federal Contract Tower,4,6,11,0,21,0,2,79,0,81,4,8,90,0,102,138,0,138,240
07/21/2022,EWN,NC,ASO,EN,Federal Contract Tower,6,6,13,5,30,0,3,66,0,69,6,9,79,5,99,128,0,128,227
07/22/2022,EWN,NC,ASO,EN,Federal Contract Tower,7,7,17,4,35,0,21,60,0,81,7,28,77,4,116,146,0,146,262
07/23/2022,EWN,NC,ASO,EN,Federal Contract Tower,7,4,13,0,24,0,4,73,1,78,7,8,86,1,102,146,0,146,248
07/24/2022,EWN,NC,ASO,EN,Federal Contract Tower,4,2,8,0,14,0,2,33,0,35,4,4,41,0,49,108,0,108,157
07/25/2022,EWN,NC,ASO,EN,Federal Contract Tower,4,2,11,4,21,0,3,72,2,77,4,5,83,6,98,142,0,142,240
07/26/2022,EWN,NC,ASO,EN,Federal Contract Tower,3,4,12,0,19,0,0,71,6,77,3,4,83,6,96,172,0,172,268
07/27/2022,EWN,NC,ASO,EN,Federal Contract Tower,5,4,18,2,29,0,6,74,4,84,5,10,92,6,113,154,4,158,271
07/28/2022,EWN,NC,ASO,EN,Federal Contract Tower,7,4,14,0,25,0,5,71,4,80,7,9,85,4,105,182,0,182,287
07/29/2022,EWN,NC,ASO,EN,Federal Contract Tower,9,7,10,0,26,0,5,72,16,93,9,12,82,16,119,114,24,138,257
07/30/2022,EWN,NC,ASO,EN,Federal Contract Tower,8,2,9,1,20,0,2,65,11,78,8,4,74,12,98,144,4,148,246
07/31/2022,EWN,NC,ASO,EN,Federal Contract Tower,4,2,11,0,17,0,0,5,0,5,4,2,16,0,22,18,0,18,40
08/01/2022,EWN,NC,ASO,EN,Federal Contract Tower,7,2,2,0,11,0,1,37,0,38,7,3,39,0,49,100,0,100,149
08/02/2022,EWN,NC,ASO,EN,Federal Contract Tower,5,4,21,0,30,0,3,80,2,85,5,7,101,2,115,264,0,264,379
08/03/2022,EWN,NC,ASO,EN,Federal Contract Tower,5,6,10,0,21,0,5,56,0,61,5,11,66,0,82,138,0,138,220
08/04/2022,EWN,NC,ASO,EN,Federal Contract Tower,9,8,14,0,31,0,6,49,3,58,9,14,63,3,89,92,0,92,181
08/05/2022,EWN,NC,ASO,EN,Federal Contract Tower,5,4,4,2,15,0,3,68,8,79,5,7,72,10,94,222,0,222,316
08/06/2022,EWN,NC,ASO,EN,Federal Contract Tower,8,2,8,0,18,0,4,54,5,63,8,6,62,5,81,122,0,122,203
08/07/2022,EWN,NC,ASO,EN,Federal Contract Tower,7,0,5,7,19,0,1,54,3,58,7,1,59,10,77,72,0,72,149
08/08/2022,EWN,NC,ASO,EN,Federal Contract Tower,4,2,5,3,14,0,2,69,0,71,4,4,74,3,85,146,0,146,231
08/09/2022,EWN,NC,ASO,EN,Federal Contract Tower,5,4,11,0,20,0,4,74,10,88,5,8,85,10,108,116,0,116,224
08/10/2022,EWN,NC,ASO,EN,Federal Contract Tower,6,6,8,0,20,0,0,56,20,76,6,6,64,20,96,152,2,154,250
08/11/2022,EWN,NC,ASO,EN,Federal Contract Tower,6,6,6,0,18,0,2,43,8,53,6,8,49,8,71,108,0,108,179
08/12/2022,EWN,NC,ASO,EN,Federal Contract Tower,4,6,19,5,34,0,0,10,2,12,4,6,29,7,46,8,0,8,54
08/13/2022,EWN,NC,ASO,EN,Federal Contract Tower,9,2,3,0,14,0,3,87,13,103,9,5,90,13,117,118,6,124,241
08/14/2022,EWN,NC,ASO,EN,Federal Contract Tower,7,3,5,0,15,0,2,41,2,45,7,5,46,2,60,8,0,8,68
08/15/2022,EWN,NC,ASO,EN,Federal Contract Tower,6,2,8,0,16,0,0,33,0,33,6,2,41,0,49,58,0,58,107
08/16/2022,EWN,NC,ASO,EN,Federal Contract Tower,3,6,14,0,23,0,0,44,0,44,3,6,58,0,67,56,0,56,123
08/17/2022,EWN,NC,ASO,EN,Federal Contract Tower,6,8,13,0,27,0,2,68,0,70,6,10,81,0,97,96,0,96,193
08/18/2022,EWN,NC,ASO,EN,Federal Contract Tower,6,9,12,0,27,0,3,60,8,71,6,12,72,8,98,78,0,78,176
08/19/2022,EWN,NC,ASO,EN,Federal Contract Tower,6,6,11,0,23,0,2,24,20,46,6,8,35,20,69,98,0,98,167
08/20/2022,EWN,NC,ASO,EN,Federal Contract Tower,6,2,12,0,20,0,8,41,16,65,6,10,53,16,85,84,0,84,169
08/21/2022,EWN,NC,ASO,EN,Federal Contract Tower,6,4,5,0,15,0,8,16,4,28,6,12,21,4,43,44,0,44,87
08/22/2022,EWN,NC,ASO,EN,Federal Contract Tower,5,2,17,0,24,0,1,14,1,16,5,3,31,1,40,44,0,44,84
08/23/2022,EWN,NC,ASO,EN,Federal Contract Tower,6,8,14,1,29,0,1,34,2,37,6,9,48,3,66,64,8,72,138
08/24/2022,EWN,NC,ASO,EN,Federal Contract Tower,6,7,13,0,26,0,3,46,0,49,6,10,59,0,75,92,0,92,167
08/25/2022,EWN,NC,ASO,EN,Federal Contract Tower,6,6,10,0,22,0,6,44,6,56,6,12,54,6,78,94,0,94,172
08/26/2022,EWN,NC,ASO,EN,Federal Contract Tower,6,7,20,2,35,0,2,50,21,73,6,9,70,23,108,102,0,102,210
08/27/2022,EWN,NC,ASO,EN,Federal Contract Tower,6,2,5,0,13,0,3,55,15,73,6,5,60,15,86,88,0,88,174
08/28/2022,EWN,NC,ASO,EN,Federal Contract Tower,6,0,7,4,17,0,1,23,11,35,6,1,30,15,52,28,0,28,80
08/29/2022,EWN,NC,ASO,EN,Federal Contract Tower,5,7,8,2,22,0,1,30,0,31,5,8,38,2,53,74,0,74,127
08/30/2022,EWN,NC,ASO,EN,Federal Contract Tower,6,5,16,0,27,0,2,55,9,66,6,7,71,9,93,132,0,132,225
08/31/2022,EWN,NC,ASO,EN,Federal Contract Tower,6,6,10,0,22,0,9,60,10,79,6,15,70,10,101,86,0,86,187
09/01/2022,EWN,NC,ASO,EN,Federal Contract Tower,4,7,15,0,26,0,2,52,12,66,4,9,67,12,92,94,0,94,186
09/02/2022,EWN,NC,ASO,EN,Federal Contract Tower,6,7,7,0,20,0,7,66,0,73,6,14,73,0,93,152,0,152,245
09/03/2022,EWN,NC,ASO,EN,Federal Contract Tower,5,2,5,0,12,0,6,33,0,39,5,8,38,0,51,56,0,56,107
09/04/2022,EWN,NC,ASO,EN,Federal Contract Tower,5,0,6,0,11,0,9,43,0,52,5,9,49,0,63,98,0,98,161
09/05/2022,EWN,NC,ASO,EN,Federal Contract Tower,6,0,8,0,14,0,9,35,0,44,6,9,43,0,58,84,0,84,142
09/06/2022,EWN,NC,ASO,EN,Federal Contract Tower,6,7,11,3,27,0,4,44,0,48,6,11,55,3,75,94,26,120,195
09/07/2022,EWN,NC,ASO,EN,Federal Contract Tower,5,9,19,3,36,0,4,23,0,27,5,13,42,3,63,34,0,34,97
09/08/2022,EWN,NC,ASO,EN,Federal Contract Tower,5,9,21,2,37,0,4,40,2,46,5,13,61,4,83,148,0,148,231
09/09/2022,EWN,NC,ASO,EN,Federal Contract Tower,5,6,37,2,50,0,2,43,14,59,5,8,80,16,109,54,0,54,163
09/10/2022,EWN,NC,ASO,EN,Federal Contract Tower,6,2,13,7,28,0,0,7,6,13,6,2,20,13,41,0,0,0,41
09/11/2022,EWN,NC,ASO,EN,Federal Contract Tower,6,0,9,0,15,0,0,11,6,17,6,0,20,6,32,18,0,18,50
09/12/2022,EWN,NC,ASO,EN,Federal Contract Tower,6,6,5,0,17,0,0,35,0,35,6,6,40,0,52,54,0,54,106
09/13/2022,EWN,NC,ASO,EN,Federal Contract Tower,6,8,16,2,32,0,6,54,0,60,6,14,70,2,92,100,0,100,192
09/14/2022,EWN,NC,ASO,EN,Federal Contract Tower,6,7,15,2,30,0,0,60,0,60,6,7,75,2,90,64,0,64,154
09/15/2022,EWN,NC,ASO,EN,Federal Contract Tower,7,14,19,2,42,0,5,55,0,60,7,19,74,2,102,120,0,120,222
09/16/2022,EWN,NC,ASO,EN,Federal Contract Tower,6,6,13,2,27,0,1,62,14,77,6,7,75,16,104,120,0,120,224
09/17/2022,EWN,NC,ASO,EN,Federal Contract Tower,5,2,12,0,19,0,4,45,2,51,5,6,57,2,70,122,0,122,192
09/18/2022,EWN,NC,ASO,EN,Federal Contract Tower,6,0,10,0,16,0,0,48,2,50,6,0,58,2,66,136,28,164,230
09/19/2022,EWN,NC,ASO,EN,Federal Contract Tower,6,2,9,2,19,0,6,51,5,62,6,8,60,7,81,122,0,122,203
09/20/2022,EWN,NC,ASO,EN,Federal Contract Tower,6,6,5,0,17,0,0,70,0,70,6,6,75,0,87,172,0,172,259
09/21/2022,EWN,NC,ASO,EN,Federal Contract Tower,6,6,12,1,25,0,1,57,3,61,6,7,69,4,86,118,8,126,212
09/22/2022,EWN,NC,ASO,EN,Federal Contract Tower,6,5,10,6,27,0,3,37,3,43,6,8,47,9,70,82,10,92,162
09/23/2022,EWN,NC,ASO,EN,Federal Contract Tower,6,6,0,0,12,0,5,36,17,58,6,11,36,17,70,46,0,46,116
09/24/2022,EWN,NC,ASO,EN,Federal Contract Tower,6,0,7,2,15,0,4,43,13,60,6,4,50,15,75,104,0,104,179
09/25/2022,EWN,NC,ASO,EN,Federal Contract Tower,6,0,3,0,9,0,3,45,2,50,6,3,48,2,59,66,0,66,125
09/26/2022,EWN,NC,ASO,EN,Federal Contract Tower,6,3,14,0,23,0,0,53,0,53,6,3,67,0,76,76,0,76,152
09/27/2022,EWN,NC,ASO,EN,Federal Contract Tower,6,11,10,1,28,0,1,56,7,64,6,12,66,8,92,78,10,88,180
09/28/2022,EWN,NC,ASO,EN,Federal Contract Tower,6,6,14,2,28,0,3,59,9,71,6,9,73,11,99,118,0,118,217
09/29/2022,EWN,NC,ASO,EN,Federal Contract Tower,6,11,11,0,28,0,3,6,2,11,6,14,17,2,39,0,0,0,39
09/30/2022,EWN,NC,ASO,EN,Federal Contract Tower,0,0,0,0,0,0,0,0,0,0,0,0,0,0,0,0,0,0,0
10/01/2022,EWN,NC,ASO,EN,Federal Contract Tower,3,1,7,0,11,0,1,10,0,11,3,2,17,0,22,20,0,20,42
10/02/2022,EWN,NC,ASO,EN,Federal Contract Tower,6,1,10,0,17,0,6,36,0,42,6,7,46,0,59,64,0,64,123
10/03/2022,EWN,NC,ASO,EN,Federal Contract Tower,6,3,12,0,21,0,0,4,0,4,6,3,16,0,25,0,0,0,25
10/04/2022,EWN,NC,ASO,EN,Federal Contract Tower,6,7,11,1,25,0,1,27,2,30,6,8,38,3,55,32,0,32,87
10/05/2022,EWN,NC,ASO,EN,Federal Contract Tower,6,7,7,0,20,0,1,51,0,52,6,8,58,0,72,62,0,62,134
10/06/2022,EWN,NC,ASO,EN,Federal Contract Tower,6,6,7,0,19,0,2,50,0,52,6,8,57,0,71,106,0,106,177
10/07/2022,EWN,NC,ASO,EN,Federal Contract Tower,6,4,10,0,20,0,4,52,0,56,6,8,62,0,76,82,0,82,158
10/08/2022,EWN,NC,ASO,EN,Federal Contract Tower,7,2,8,0,17,0,8,52,0,60,7,10,60,0,77,92,0,92,169
10/09/2022,EWN,NC,ASO,EN,Federal Contract Tower,6,2,15,0,23,0,2,65,0,67,6,4,80,0,90,20,0,20,110
10/10/2022,EWN,NC,ASO,EN,Federal Contract Tower,6,4,8,0,18,0,6,40,0,46,6,10,48,0,64,50,0,50,114
10/11/2022,EWN,NC,ASO,EN,Federal Contract Tower,8,6,16,0,30,0,8,67,4,79,8,14,83,4,109,102,0,102,211
10/12/2022,EWN,NC,ASO,EN,Federal Contract Tower,8,6,14,2,30,0,3,56,6,65,8,9,70,8,95,80,0,80,175
10/13/2022,EWN,NC,ASO,EN,Federal Contract Tower,6,6,16,0,28,0,5,21,0,26,6,11,37,0,54,24,0,24,78
10/14/2022,EWN,NC,ASO,EN,Federal Contract Tower,6,7,26,10,49,0,8,25,4,37,6,15,51,14,86,56,0,56,142
10/15/2022,EWN,NC,ASO,EN,Federal Contract Tower,9,3,6,0,18,0,8,48,22,78,9,11,54,22,96,28,0,28,124
10/16/2022,EWN,NC,ASO,EN,Federal Contract Tower,5,1,5,0,11,0,6,45,8,59,5,7,50,8,70,66,0,66,136
10/17/2022,EWN,NC,ASO,EN,Federal Contract Tower,6,2,9,1,18,0,3,27,1,31,6,5,36,2,49,36,0,36,85
10/18/2022,EWN,NC,ASO,EN,Federal Contract Tower,8,6,12,0,26,0,6,33,0,39,8,12,45,0,65,38,0,38,103
10/19/2022,EWN,NC,ASO,EN,Federal Contract Tower,8,6,10,0,24,0,0,30,2,32,8,6,40,2,56,52,8,60,116
10/20/2022,EWN,NC,ASO,EN,Federal Contract Tower,6,8,17,0,31,0,7,59,0,66,6,15,76,0,97,72,0,72,169
10/21/2022,EWN,NC,ASO,EN,Federal Contract Tower,6,6,16,0,28,0,5,60,20,85,6,11,76,20,113,84,0,84,197
10/22/2022,EWN,NC,ASO,EN,Federal Contract Tower,7,2,6,0,15,0,0,70,9,79,7,2,76,9,94,128,0,128,222
10/23/2022,EWN,NC,ASO,EN,Federal Contract Tower,6,0,11,2,19,0,0,13,0,13,6,0,24,2,32,8,0,8,40
10/24/2022,EWN,NC,ASO,EN,Federal Contract Tower,6,2,34,7,49,0,0,26,0,26,6,2,60,7,75,66,0,66,141
10/25/2022,EWN,NC,ASO,EN,Federal Contract Tower,7,7,12,4,30,0,0,2,0,2,7,7,14,4,32,0,0,0,32
10/26/2022,EWN,NC,ASO,EN,Federal Contract Tower,10,8,20,2,40,0,2,54,10,66,10,10,74,12,106,110,0,110,216
10/27/2022,EWN,NC,ASO,EN,Federal Contract Tower,5,6,29,0,40,0,3,41,0,44,5,9,70,0,84,118,0,118,202
10/28/2022,EWN,NC,ASO,EN,Federal Contract Tower,6,9,21,9,45,0,0,24,2,26,6,9,45,11,71,42,0,42,113
10/29/2022,EWN,NC,ASO,EN,Federal Contract Tower,5,2,7,7,21,0,4,9,0,13,5,6,16,7,34,6,0,6,40
10/30/2022,EWN,NC,ASO,EN,Federal Contract Tower,5,6,17,0,28,0,2,21,0,23,5,8,38,0,51,14,0,14,65
10/31/2022,EWN,NC,ASO,EN,Federal Contract Tower,3,2,14,0,19,0,0,48,0,48,3,2,62,0,67,122,0,122,189
11/01/2022,EWN,NC,ASO,EN,Federal Contract Tower,8,6,6,0,20,0,0,36,0,36,8,6,42,0,56,96,0,96,152
11/02/2022,EWN,NC,ASO,EN,Federal Contract Tower,9,7,17,6,39,0,12,54,0,66,9,19,71,6,105,92,0,92,197
11/03/2022,EWN,NC,ASO,EN,Federal Contract Tower,5,7,21,13,46,0,3,20,10,33,5,10,41,23,79,66,0,66,145
11/04/2022,EWN,NC,ASO,EN,Federal Contract Tower,5,7,25,4,41,0,0,45,9,54,5,7,70,13,95,94,4,98,193
11/05/2022,EWN,NC,ASO,EN,Federal Contract Tower,5,2,15,1,23,0,1,38,10,49,5,3,53,11,72,50,0,50,122
11/06/2022,EWN,NC,ASO,EN,Federal Contract Tower,5,0,7,0,12,0,4,49,4,57,5,4,56,4,69,126,0,126,195
11/07/2022,EWN,NC,ASO,EN,Federal Contract Tower,5,0,13,0,18,0,2,78,0,80,5,2,91,0,98,102,0,102,200
11/08/2022,EWN,NC,ASO,EN,Federal Contract Tower,5,7,13,4,29,0,3,10,10,23,5,10,23,14,52,0,0,0,52
11/09/2022,EWN,NC,ASO,EN,Federal Contract Tower,5,7,14,2,28,0,7,17,22,46,5,14,31,24,74,4,0,4,78
11/10/2022,EWN,NC,ASO,EN,Federal Contract Tower,5,5,11,5,26,0,3,13,15,31,5,8,24,20,57,32,4,36,93
11/11/2022,EWN,NC,ASO,EN,Federal Contract Tower,5,3,5,0,13,0,2,1,0,3,5,5,6,0,16,0,0,0,16
11/12/2022,EWN,NC,ASO,EN,Federal Contract Tower,5,5,7,0,17,0,3,22,0,25,5,8,29,0,42,50,0,50,92
11/13/2022,EWN,NC,ASO,EN,Federal Contract Tower,5,0,8,0,13,0,3,35,0,38,5,3,43,0,51,68,0,68,119
11/14/2022,EWN,NC,ASO,EN,Federal Contract Tower,5,0,11,0,16,0,5,61,0,66,5,5,72,0,82,114,0,114,196
11/15/2022,EWN,NC,ASO,EN,Federal Contract Tower,3,6,15,12,36,0,6,27,0,33,3,12,42,12,69,88,0,88,157
11/16/2022,EWN,NC,ASO,EN,Federal Contract Tower,7,7,15,6,35,0,2,40,4,46,7,9,55,10,81,120,0,120,201
11/17/2022,EWN,NC,ASO,EN,Federal Contract Tower,5,6,13,0,24,0,3,45,8,56,5,9,58,8,80,48,0,48,128
11/18/2022,EWN,NC,ASO,EN,Federal Contract Tower,5,8,16,0,29,0,4,63,22,89,5,12,79,22,118,128,12,140,258
11/19/2022,EWN,NC,ASO,EN,Federal Contract Tower,5,3,11,0,19,0,4,45,33,82,5,7,56,33,101,94,0,94,195
11/20/2022,EWN,NC,ASO,EN,Federal Contract Tower,5,0,8,0,13,0,2,38,5,45,5,2,46,5,58,102,0,102,160
11/21/2022,EWN,NC,ASO,EN,Federal Contract Tower,5,5,11,0,21,0,3,38,0,41,5,8,49,0,62,70,0,70,132
11/22/2022,EWN,NC,ASO,EN,Federal Contract Tower,5,10,15,3,33,0,3,48,30,81,5,13,63,33,114,78,0,78,192
11/23/2022,EWN,NC,ASO,EN,Federal Contract Tower,5,4,22,0,31,0,7,51,9,67,5,11,73,9,98,90,0,90,188
11/24/2022,EWN,NC,ASO,EN,Federal Contract Tower,2,0,1,0,3,0,5,8,0,13,2,5,9,0,16,8,0,8,24
11/25/2022,EWN,NC,ASO,EN,Federal Contract Tower,5,6,9,0,20,0,2,5,0,7,5,8,14,0,27,0,0,0,27
11/26/2022,EWN,NC,ASO,EN,Federal Contract Tower,5,4,9,0,18,0,6,91,0,97,5,10,100,0,115,90,0,90,205
11/27/2022,EWN,NC,ASO,EN,Federal Contract Tower,5,4,17,0,26,0,4,10,0,14,5,8,27,0,40,14,0,14,54
11/28/2022,EWN,NC,ASO,EN,Federal Contract Tower,5,3,9,0,17,0,10,49,4,63,5,13,58,4,80,50,0,50,130
11/29/2022,EWN,NC,ASO,EN,Federal Contract Tower,5,7,3,2,17,0,9,55,2,66,5,16,58,4,83,124,0,124,207
11/30/2022,EWN,NC,ASO,EN,Federal Contract Tower,5,6,4,0,15,0,0,13,0,13,5,6,17,0,28,24,0,24,52
12/01/2022,EWN,NC,ASO,EN,Federal Contract Tower,5,8,21,1,35,0,6,60,13,79,5,14,81,14,114,134,0,134,248
12/02/2022,EWN,NC,ASO,EN,Federal Contract Tower,5,6,27,1,39,0,9,33,4,46,5,15,60,5,85,94,0,94,179
12/03/2022,EWN,NC,ASO,EN,Federal Contract Tower,5,2,4,0,11,0,1,32,8,41,5,3,36,8,52,54,0,54,106
12/04/2022,EWN,NC,ASO,EN,Federal Contract Tower,5,0,7,0,12,0,7,31,8,46,5,7,38,8,58,68,0,68,126
12/05/2022,EWN,NC,ASO,EN,Federal Contract Tower,5,8,12,0,25,0,8,49,2,59,5,16,61,2,84,156,0,156,240
12/07/2022,EWN,NC,ASO,EN,Federal Contract Tower,5,9,21,0,35,0,4,57,0,61,5,13,78,0,96,180,14,194,290
12/08/2022,EWN,NC,ASO,EN,Federal Contract Tower,5,8,32,1,46,0,9,22,1,32,5,17,54,2,78,92,0,92,170
12/09/2022,EWN,NC,ASO,EN,Federal Contract Tower,5,8,10,1,24,0,4,39,5,48,5,12,49,6,72,116,32,148,220
12/10/2022,EWN,NC,ASO,EN,Federal Contract Tower,5,4,16,0,25,0,3,48,4,55,5,7,64,4,80,116,0,116,196
12/11/2022,EWN,NC,ASO,EN,Federal Contract Tower,5,2,5,1,13,0,6,31,2,39,5,8,36,3,52,148,0,148,200
12/12/2022,EWN,NC,ASO,EN,Federal Contract Tower,6,0,16,0,22,0,4,57,0,61,6,4,73,0,83,130,0,130,213
12/13/2022,EWN,NC,ASO,EN,Federal Contract Tower,4,6,10,0,20,0,3,59,1,63,4,9,69,1,83,116,0,116,199
12/14/2022,EWN,NC,ASO,EN,Federal Contract Tower,5,6,9,2,22,0,5,32,1,38,5,11,41,3,60,64,0,64,124
12/15/2022,EWN,NC,ASO,EN,Federal Contract Tower,9,8,6,2,25,0,0,2,0,2,9,8,8,2,27,20,0,20,47
12/16/2022,EWN,NC,ASO,EN,Federal Contract Tower,7,8,9,3,27,0,6,52,13,71,7,14,61,16,98,104,0,104,202
12/17/2022,EWN,NC,ASO,EN,Federal Contract Tower,7,2,8,0,17,0,9,46,15,70,7,11,54,15,87,74,0,74,161
12/18/2022,EWN,NC,ASO,EN,Federal Contract Tower,7,3,6,3,19,0,2,33,4,39,7,5,39,7,58,64,0,64,122
12/19/2022,EWN,NC,ASO,EN,Federal Contract Tower,8,9,2,0,19,0,5,61,0,66,8,14,63,0,85,212,0,212,297
12/20/2022,EWN,NC,ASO,EN,Federal Contract Tower,7,6,14,0,27,0,3,57,2,62,7,9,71,2,89,94,0,94,183
12/21/2022,EWN,NC,ASO,EN,Federal Contract Tower,7,6,5,0,18,0,9,56,0,65,7,15,61,0,83,216,0,216,299
12/22/2022,EWN,NC,ASO,EN,Federal Contract Tower,6,7,3,2,18,0,0,6,0,6,6,7,9,2,24,4,0,4,28
12/23/2022,EWN,NC,ASO,EN,Federal Contract Tower,7,6,2,0,15,0,1,0,0,1,7,7,2,0,16,0,0,0,16
12/24/2022,EWN,NC,ASO,EN,Federal Contract Tower,5,2,1,0,8,0,2,2,0,4,5,4,3,0,12,0,0,0,12
12/25/2022,EWN,NC,ASO,EN,Federal Contract Tower,6,0,0,0,6,0,2,1,0,3,6,2,1,0,9,0,0,0,9
12/26/2022,EWN,NC,ASO,EN,Federal Contract Tower,7,1,10,0,18,0,4,43,0,47,7,5,53,0,65,84,0,84,149
12/27/2022,EWN,NC,ASO,EN,Federal Contract Tower,7,6,4,0,17,0,3,59,4,66,7,9,63,4,83,110,0,110,193
12/28/2022,EWN,NC,ASO,EN,Federal Contract Tower,7,8,3,0,18,0,5,51,7,63,7,13,54,7,81,116,0,116,197
12/29/2022,EWN,NC,ASO,EN,Federal Contract Tower,7,6,4,0,17,0,6,42,22,70,7,12,46,22,87,66,0,66,153
12/30/2022,EWN,NC,ASO,EN,Federal Contract Tower,7,7,7,0,21,0,5,45,10,60,7,12,52,10,81,108,0,108,189
12/31/2022,EWN,NC,ASO,EN,Federal Contract Tower,6,7,2,0,15,0,0,2,0,2,6,7,4,0,17,12,0,12,29
01/01/2023,EWN,NC,ASO,EN,Federal Contract Tower,6,1,5,0,12,0,5,15,0,20,6,6,20,0,32,10,0,10,42
01/02/2023,EWN,NC,ASO,EN,Federal Contract Tower,7,5,9,0,21,0,4,37,0,41,7,9,46,0,62,116,0,116,178
01/03/2023,EWN,NC,ASO,EN,Federal Contract Tower,7,6,9,0,22,0,6,37,0,43,7,12,46,0,65,70,0,70,135
01/04/2023,EWN,NC,ASO,EN,Federal Contract Tower,7,6,8,0,21,0,3,0,0,3,7,9,8,0,24,0,0,0,24
01/05/2023,EWN,NC,ASO,EN,Federal Contract Tower,6,4,16,1,27,0,1,43,1,45,6,5,59,2,72,106,0,106,178
01/06/2023,EWN,NC,ASO,EN,Federal Contract Tower,6,7,6,0,19,0,1,68,8,77,6,8,74,8,96,148,8,156,252
01/07/2023,EWN,NC,ASO,EN,Federal Contract Tower,7,2,17,0,26,0,10,66,11,87,7,12,83,11,113,160,0,160,273
01/08/2023,EWN,NC,ASO,EN,Federal Contract Tower,7,0,10,0,17,0,5,43,10,58,7,5,53,10,75,94,0,94,169
01/09/2023,EWN,NC,ASO,EN,Federal Contract Tower,7,2,8,3,20,0,4,40,1,45,7,6,48,4,65,82,4,86,151
01/10/2023,EWN,NC,ASO,EN,Federal Contract Tower,6,6,9,0,21,0,7,55,2,64,6,13,64,2,85,182,0,182,267
01/11/2023,EWN,NC,ASO,EN,Federal Contract Tower,6,5,16,8,35,0,10,54,2,66,6,15,70,10,101,124,28,152,253
01/12/2023,EWN,NC,ASO,EN,Federal Contract Tower,5,6,14,0,25,0,4,26,5,35,5,10,40,5,60,56,0,56,116
01/13/2023,EWN,NC,ASO,EN,Federal Contract Tower,7,6,16,0,29,0,6,35,0,41,7,12,51,0,70,138,0,138,208
01/14/2023,EWN,NC,ASO,EN,Federal Contract Tower,4,2,2,0,8,0,7,8,0,15,4,9,10,0,23,4,0,4,27
01/15/2023,EWN,NC,ASO,EN,Federal Contract Tower,5,0,7,0,12,0,6,39,0,45,5,6,46,0,57,94,0,94,151
01/16/2023,EWN,NC,ASO,EN,Federal Contract Tower,6,3,21,0,30,0,3,78,0,81,6,6,99,0,111,126,0,126,237
01/17/2023,EWN,NC,ASO,EN,Federal Contract Tower,6,6,4,1,17,0,3,23,0,26,6,9,27,1,43,106,0,106,149
01/18/2023,EWN,NC,ASO,EN,Federal Contract Tower,6,6,8,0,20,0,7,43,1,51,6,13,51,1,71,110,0,110,181
01/19/2023,EWN,NC,ASO,EN,Federal Contract Tower,7,6,15,0,28,0,9,18,2,29,7,15,33,2,57,50,0,50,107
01/20/2023,EWN,NC,ASO,EN,Federal Contract Tower,7,6,14,0,27,0,5,37,22,64,7,11,51,22,91,61,16,77,168
01/21/2023,EWN,NC,ASO,EN,Federal Contract Tower,6,1,15,0,22,0,5,66,17,88,6,6,81,17,110,116,0,116,226
01/22/2023,EWN,NC,ASO,EN,Federal Contract Tower,9,0,6,3,18,0,0,2,0,2,9,0,8,3,20,0,0,0,20
01/23/2023,EWN,NC,ASO,EN,Federal Contract Tower,6,2,15,0,23,0,9,18,2,29,6,11,33,2,52,10,0,10,62
01/24/2023,EWN,NC,ASO,EN,Federal Contract Tower,6,6,21,2,35,0,8,51,0,59,6,14,72,2,94,48,0,48,142
01/25/2023,EWN,NC,ASO,EN,Federal Contract Tower,6,5,1,0,12,0,0,3,0,3,6,5,4,0,15,14,0,14,29
01/26/2023,EWN,NC,ASO,EN,Federal Contract Tower,7,6,6,3,22,0,8,37,1,46,7,14,43,4,68,108,0,108,176
01/27/2023,EWN,NC,ASO,EN,Federal Contract Tower,7,5,25,0,37,0,10,59,10,79,7,15,84,10,116,98,0,98,214
01/28/2023,EWN,NC,ASO,EN,Federal Contract Tower,6,4,5,0,15,0,5,63,5,73,6,9,68,5,88,126,0,126,214
01/29/2023,EWN,NC,ASO,EN,Federal Contract Tower,7,0,8,0,15,0,10,47,0,57,7,10,55,0,72,66,0,66,138
01/30/2023,EWN,NC,ASO,EN,Federal Contract Tower,6,6,10,0,22,0,0,0,0,0,6,6,10,0,22,0,0,0,22
01/31/2023,EWN,NC,ASO,EN,Federal Contract Tower,3,6,24,4,37,0,0,0,0,0,3,6,24,4,37,0,0,0,37
02/01/2023,EWN,NC,ASO,EN,Federal Contract Tower,7,4,11,4,26,0,0,1,0,1,7,4,12,4,27,0,0,0,27
02/02/2023,EWN,NC,ASO,EN,Federal Contract Tower,7,6,1,4,18,0,0,0,0,0,7,6,1,4,18,0,0,0,18
02/03/2023,EWN,NC,ASO,EN,Federal Contract Tower,9,6,5,1,21,0,4,29,12,45,9,10,34,13,66,56,0,56,122
02/04/2023,EWN,NC,ASO,EN,Federal Contract Tower,7,1,7,0,15,0,0,36,7,43,7,1,43,7,58,50,0,50,108
02/05/2023,EWN,NC,ASO,EN,Federal Contract Tower,7,0,4,2,13,0,1,22,3,26,7,1,26,5,39,112,0,112,151
02/06/2023,EWN,NC,ASO,EN,Federal Contract Tower,7,4,12,5,28,0,2,46,1,49,7,6,58,6,77,92,8,100,177
02/07/2023,EWN,NC,ASO,EN,Federal Contract Tower,8,7,2,4,21,0,5,48,5,58,8,12,50,9,79,180,3,183,262
02/08/2023,EWN,NC,ASO,EN,Federal Contract Tower,8,6,10,1,25,0,6,44,7,57,8,12,54,8,82,138,8,146,228
02/09/2023,EWN,NC,ASO,EN,Federal Contract Tower,7,6,20,0,33,0,7,37,2,46,7,13,57,2,79,98,0,98,177
02/10/2023,EWN,NC,ASO,EN,Federal Contract Tower,7,6,8,0,21,0,8,43,5,56,7,14,51,5,77,172,0,172,249
02/11/2023,EWN,NC,ASO,EN,Federal Contract Tower,7,2,8,0,17,0,7,51,1,59,7,9,59,1,76,112,0,112,188
02/12/2023,EWN,NC,ASO,EN,Federal Contract Tower,9,0,1,0,10,0,0,2,0,2,9,0,3,0,12,0,0,0,12
02/13/2023,EWN,NC,ASO,EN,Federal Contract Tower,7,3,9,0,19,0,6,37,2,45,7,9,46,2,64,96,0,96,160
02/14/2023,EWN,NC,ASO,EN,Federal Contract Tower,8,6,15,0,29,0,3,52,1,56,8,9,67,1,85,104,0,104,189
02/15/2023,EWN,NC,ASO,EN,Federal Contract Tower,8,11,12,0,31,0,14,55,6,75,8,25,67,6,106,92,0,92,198
02/16/2023,EWN,NC,ASO,EN,Federal Contract Tower,7,6,10,0,23,0,0,40,7,47,7,6,50,7,70,118,0,118,188
02/17/2023,EWN,NC,ASO,EN,Federal Contract Tower,7,5,3,0,15,0,8,3,2,13,7,13,6,2,28,0,0,0,28
02/18/2023,EWN,NC,ASO,EN,Federal Contract Tower,8,2,2,0,12,0,11,58,0,69,8,13,60,0,81,176,0,176,257
02/19/2023,EWN,NC,ASO,EN,Federal Contract Tower,7,0,10,0,17,0,2,68,0,70,7,2,78,0,87,230,0,230,317
02/20/2023,EWN,NC,ASO,EN,Federal Contract Tower,7,10,9,0,26,0,6,66,1,73,7,16,75,1,99,118,0,118,217
02/21/2023,EWN,NC,ASO,EN,Federal Contract Tower,7,10,9,0,26,0,3,54,6,63,7,13,63,6,89,70,0,70,159
02/22/2023,EWN,NC,ASO,EN,Federal Contract Tower,7,7,6,0,20,0,5,49,16,70,7,12,55,16,90,48,0,48,138
02/23/2023,EWN,NC,ASO,EN,Federal Contract Tower,10,10,7,0,27,0,4,15,3,22,10,14,22,3,49,16,0,16,65
02/24/2023,EWN,NC,ASO,EN,Federal Contract Tower,7,6,11,3,27,0,7,60,13,80,7,13,71,16,107,113,2,115,222
02/25/2023,EWN,NC,ASO,EN,Federal Contract Tower,9,4,17,8,38,0,1,0,0,1,9,5,17,8,39,0,0,0,39
02/26/2023,EWN,NC,ASO,EN,Federal Contract Tower,7,1,21,2,31,0,9,44,5,58,7,10,65,7,89,188,0,188,277
02/27/2023,EWN,NC,ASO,EN,Federal Contract Tower,7,3,12,3,25,0,5,46,4,55,7,8,58,7,80,84,0,84,164
02/28/2023,EWN,NC,ASO,EN,Federal Contract Tower,7,6,12,0,25,0,6,44,0,50,7,12,56,0,75,92,0,92,167
03/01/2023,EWN,NC,ASO,EN,Federal Contract Tower,5,8,20,0,33,0,8,31,0,39,5,16,51,0,72,70,0,70,142
03/02/2023,EWN,NC,ASO,EN,Federal Contract Tower,5,8,15,0,28,0,3,19,11,33,5,11,34,11,61,52,0,52,113
03/03/2023,EWN,NC,ASO,EN,Federal Contract Tower,5,4,6,2,17,0,4,31,20,55,5,8,37,22,72,86,10,96,168
03/04/2023,EWN,NC,ASO,EN,Federal Contract Tower,5,4,1,0,10,0,6,29,15,50,5,10,30,15,60,34,0,34,94
03/05/2023,EWN,NC,ASO,EN,Federal Contract Tower,5,0,11,0,16,0,6,68,2,76,5,6,79,2,92,116,0,116,208
03/06/2023,EWN,NC,ASO,EN,Federal Contract Tower,5,2,8,0,15,0,5,58,0,63,5,7,66,0,78,114,0,114,192
03/07/2023,EWN,NC,ASO,EN,Federal Contract Tower,7,6,8,0,21,0,5,37,1,43,7,11,45,1,64,36,0,36,100
03/08/2023,EWN,NC,ASO,EN,Federal Contract Tower,7,6,11,1,25,0,2,43,0,45,7,8,54,1,70,46,0,46,116
03/09/2023,EWN,NC,ASO,EN,Federal Contract Tower,6,5,15,2,28,0,0,71,2,73,6,5,86,4,101,196,0,196,297
03/10/2023,EWN,NC,ASO,EN,Federal Contract Tower,6,6,10,4,26,0,0,12,8,20,6,6,22,12,46,58,0,58,104
03/11/2023,EWN,NC,ASO,EN,Federal Contract Tower,7,4,2,0,13,0,11,40,11,62,7,15,42,11,75,92,0,92,167
03/12/2023,EWN,NC,ASO,EN,Federal Contract Tower,5,1,7,3,16,0,2,10,4,16,5,3,17,7,32,22,0,22,54
03/13/2023,EWN,NC,ASO,EN,Federal Contract Tower,6,3,16,1,26,0,2,6,2,10,6,5,22,3,36,14,0,14,50
03/14/2023,EWN,NC,ASO,EN,Federal Contract Tower,6,6,13,0,25,0,2,36,13,51,6,8,49,13,76,84,0,84,160
03/15/2023,EWN,NC,ASO,EN,Federal Contract Tower,5,8,7,0,20,0,4,34,2,40,5,12,41,2,60,58,0,58,118
03/16/2023,EWN,NC,ASO,EN,Federal Contract Tower,5,6,17,2,30,0,8,77,5,90,5,14,94,7,120,186,0,186,306
03/17/2023,EWN,NC,ASO,EN,Federal Contract Tower,4,8,7,0,19,0,0,46,2,48,4,8,53,2,67,74,0,74,141
03/18/2023,EWN,NC,ASO,EN,Federal Contract Tower,5,2,11,1,19,0,0,4,0,4,5,2,15,1,23,50,0,50,73
03/19/2023,EWN,NC,ASO,EN,Federal Contract Tower,5,0,8,0,13,0,7,87,0,94,5,7,95,0,107,164,0,164,271
03/20/2023,EWN,NC,ASO,EN,Federal Contract Tower,5,2,10,0,17,0,10,71,4,85,5,12,81,4,102,182,0,182,284
03/21/2023,EWN,NC,ASO,EN,Federal Contract Tower,7,5,14,6,32,0,14,65,11,90,7,19,79,17,122,144,0,144,266
03/22/2023,EWN,NC,ASO,EN,Federal Contract Tower,7,5,11,0,23,0,5,69,3,77,7,10,80,3,100,190,6,196,296
03/23/2023,EWN,NC,ASO,EN,Federal Contract Tower,5,7,9,0,21,0,12,19,4,35,5,19,28,4,56,42,0,42,98
03/24/2023,EWN,NC,ASO,EN,Federal Contract Tower,5,6,8,0,19,0,3,63,14,80,5,9,71,14,99,136,0,136,235
03/25/2023,EWN,NC,ASO,EN,Federal Contract Tower,5,2,0,2,9,0,4,45,9,58,5,6,45,11,67,86,0,86,153
03/26/2023,EWN,NC,ASO,EN,Federal Contract Tower,5,2,15,7,29,0,2,26,1,29,5,4,41,8,58,64,0,64,122
03/27/2023,EWN,NC,ASO,EN,Federal Contract Tower,5,4,7,0,16,0,2,54,0,56,5,6,61,0,72,172,0,172,244
03/28/2023,EWN,NC,ASO,EN,Federal Contract Tower,6,6,20,0,32,0,4,68,0,72,6,10,88,0,104,166,0,166,270
03/29/2023,EWN,NC,ASO,EN,Federal Contract Tower,5,6,20,6,37,0,1,64,0,65,5,7,84,6,102,178,2,180,282
03/30/2023,EWN,NC,ASO,EN,Federal Contract Tower,5,8,14,2,29,0,5,56,0,61,5,13,70,2,90,162,0,162,252
03/31/2023,EWN,NC,ASO,EN,Federal Contract Tower,5,6,12,2,25,0,5,43,5,53,5,11,55,7,78,52,0,52,130
04/01/2023,EWN,NC,ASO,EN,Federal Contract Tower,5,3,2,0,10,0,6,2,12,20,5,9,4,12,30,0,0,0,30
04/02/2023,EWN,NC,ASO,EN,Federal Contract Tower,5,0,19,0,24,0,11,58,5,74,5,11,77,5,98,134,0,134,232
04/03/2023,EWN,NC,ASO,EN,Federal Contract Tower,5,3,12,0,20,0,4,82,0,86,5,7,94,0,106,306,0,306,412
04/04/2023,EWN,NC,ASO,EN,Federal Contract Tower,7,7,11,4,29,0,5,68,2,75,7,12,79,6,104,194,0,194,298
04/05/2023,EWN,NC,ASO,EN,Federal Contract Tower,7,6,9,2,24,0,11,49,0,60,7,17,58,2,84,160,0,160,244
04/06/2023,EWN,NC,ASO,EN,Federal Contract Tower,4,9,19,0,32,0,7,48,5,60,4,16,67,5,92,102,6,108,200
04/07/2023,EWN,NC,ASO,EN,Federal Contract Tower,8,7,28,4,47,0,0,0,0,0,8,7,28,4,47,0,0,0,47
04/08/2023,EWN,NC,ASO,EN,Federal Contract Tower,7,4,5,4,20,0,0,0,0,0,7,4,5,4,20,0,0,0,20
04/09/2023,EWN,NC,ASO,EN,Federal Contract Tower,8,0,7,0,15,0,2,6,2,10,8,2,13,2,25,0,0,0,25
04/10/2023,EWN,NC,ASO,EN,Federal Contract Tower,8,2,16,0,26,0,15,74,0,89,8,17,90,0,115,162,0,162,277
04/11/2023,EWN,NC,ASO,EN,Federal Contract Tower,8,8,18,1,35,0,8,76,15,99,8,16,94,16,134,114,0,114,248
04/12/2023,EWN,NC,ASO,EN,Federal Contract Tower,8,5,17,0,30,0,12,81,9,102,8,17,98,9,132,148,0,148,280
04/13/2023,EWN,NC,ASO,EN,Federal Contract Tower,8,6,16,0,30,0,8,68,11,87,8,14,84,11,117,232,0,232,349
04/14/2023,EWN,NC,ASO,EN,Federal Contract Tower,8,7,23,0,38,0,2,18,5,25,8,9,41,5,63,84,0,84,147
04/15/2023,EWN,NC,ASO,EN,Federal Contract Tower,8,2,16,0,26,0,4,48,0,52,8,6,64,0,78,102,0,102,180
04/16/2023,EWN,NC,ASO,EN,Federal Contract Tower,8,0,13,0,21,0,4,41,0,45,8,4,54,0,66,120,0,120,186
04/17/2023,EWN,NC,ASO,EN,Federal Contract Tower,8,2,8,0,18,0,4,55,2,61,8,6,63,2,79,192,0,192,271
04/18/2023,EWN,NC,ASO,EN,Federal Contract Tower,8,6,21,2,37,0,11,65,6,82,8,17,86,8,119,86,2,88,207
04/19/2023,EWN,NC,ASO,EN,Federal Contract Tower,7,6,17,0,30,0,4,64,11,79,7,10,81,11,109,160,0,160,269
04/20/2023,EWN,NC,ASO,EN,Federal Contract Tower,8,6,25,1,40,0,26,57,15,98,8,32,82,16,138,118,10,128,266
04/21/2023,EWN,NC,ASO,EN,Federal Contract Tower,8,6,9,1,24,0,35,44,10,89,8,41,53,11,113,100,0,100,213
04/22/2023,EWN,NC,ASO,EN,Federal Contract Tower,7,5,2,1,15,0,27,4,2,33,7,32,6,3,48,4,0,4,52
04/23/2023,EWN,NC,ASO,EN,Federal Contract Tower,7,0,16,1,24,0,16,67,2,85,7,16,83,3,109,122,0,122,231
04/24/2023,EWN,NC,ASO,EN,Federal Contract Tower,8,2,9,0,19,0,8,61,1,70,8,10,70,1,89,214,0,214,303
04/25/2023,EWN,NC,ASO,EN,Federal Contract Tower,8,6,8,0,22,0,7,77,16,100,8,13,85,16,122,152,0,152,274
04/26/2023,EWN,NC,ASO,EN,Federal Contract Tower,9,6,9,0,24,0,6,39,6,51,9,12,48,6,75,114,0,114,189
04/27/2023,EWN,NC,ASO,EN,Federal Contract Tower,7,6,6,1,20,0,3,21,0,24,7,9,27,1,44,54,0,54,98
04/28/2023,EWN,NC,ASO,EN,Federal Contract Tower,7,6,3,4,20,0,6,19,4,29,7,12,22,8,49,8,0,8,57
04/29/2023,EWN,NC,ASO,EN,Federal Contract Tower,8,2,10,9,29,0,12,51,2,65,8,14,61,11,94,138,0,138,232
04/30/2023,EWN,NC,ASO,EN,Federal Contract Tower,8,2,4,1,15,0,0,2,4,6,8,2,6,5,21,0,0,0,21
05/01/2023,EWN,NC,ASO,EN,Federal Contract Tower,8,2,9,0,19,0,8,34,0,42,8,10,43,0,61,8,0,8,69
05/02/2023,EWN,NC,ASO,EN,Federal Contract Tower,8,5,8,0,21,0,6,33,6,45,8,11,41,6,66,108,0,108,174
05/03/2023,EWN,NC,ASO,EN,Federal Contract Tower,7,6,4,0,17,0,8,37,0,45,7,14,41,0,62,78,0,78,140
05/04/2023,EWN,NC,ASO,EN,Federal Contract Tower,7,4,12,0,23,0,9,57,4,70,7,13,69,4,93,100,0,100,193
05/05/2023,EWN,NC,ASO,EN,Federal Contract Tower,9,8,9,0,26,0,3,86,2,91,9,11,95,2,117,208,4,212,329
05/06/2023,EWN,NC,ASO,EN,Federal Contract Tower,8,2,6,0,16,0,6,47,0,53,8,8,53,0,69,42,0,42,111
05/07/2023,EWN,NC,ASO,EN,Federal Contract Tower,9,3,7,0,19,0,6,45,0,51,9,9,52,0,70,72,0,72,142
05/08/2023,EWN,NC,ASO,EN,Federal Contract Tower,9,2,12,2,25,0,1,46,0,47,9,3,58,2,72,178,4,182,254
05/09/2023,EWN,NC,ASO,EN,Federal Contract Tower,7,5,8,0,20,0,7,39,0,46,7,12,47,0,66,60,0,60,126
05/10/2023,EWN,NC,ASO,EN,Federal Contract Tower,9,7,13,0,29,0,6,63,0,69,9,13,76,0,98,158,0,158,256
05/11/2023,EWN,NC,ASO,EN,Federal Contract Tower,10,4,34,2,50,0,6,63,2,71,10,10,97,4,121,114,0,114,235
05/12/2023,EWN,NC,ASO,EN,Federal Contract Tower,9,5,16,0,30,0,9,56,4,69,9,14,72,4,99,96,2,98,197
05/13/2023,EWN,NC,ASO,EN,Federal Contract Tower,9,1,3,0,13,0,8,66,0,74,9,9,69,0,87,118,0,118,205
05/14/2023,EWN,NC,ASO,EN,Federal Contract Tower,9,0,8,0,17,0,3,20,0,23,9,3,28,0,40,102,0,102,142
05/15/2023,EWN,NC,ASO,EN,Federal Contract Tower,9,2,18,0,29,0,10,63,0,73,9,12,81,0,102,146,0,146,248
05/16/2023,EWN,NC,ASO,EN,Federal Contract Tower,7,5,13,1,26,0,8,29,1,38,7,13,42,2,64,54,2,56,120
05/17/2023,EWN,NC,ASO,EN,Federal Contract Tower,9,8,14,2,33,0,10,42,0,52,9,18,56,2,85,98,0,98,183
05/18/2023,EWN,NC,ASO,EN,Federal Contract Tower,10,3,13,0,26,0,9,42,0,51,10,12,55,0,77,8,0,8,85
05/19/2023,EWN,NC,ASO,EN,Federal Contract Tower,9,5,11,0,25,0,0,1,0,1,9,5,12,0,26,0,0,0,26
05/20/2023,EWN,NC,ASO,EN,Federal Contract Tower,9,2,18,13,42,0,4,16,0,20,9,6,34,13,62,58,0,58,120
05/21/2023,EWN,NC,ASO,EN,Federal Contract Tower,9,6,7,7,29,0,3,12,0,15,9,9,19,7,44,20,4,24,68
05/22/2023,EWN,NC,ASO,EN,Federal Contract Tower,9,5,8,0,22,0,3,57,4,64,9,8,65,4,86,218,0,218,304
05/23/2023,EWN,NC,ASO,EN,Federal Contract Tower,8,6,13,4,31,0,12,54,0,66,8,18,67,4,97,120,14,134,231
05/24/2023,EWN,NC,ASO,EN,Federal Contract Tower,9,5,14,0,28,0,5,39,0,44,9,10,53,0,72,110,0,110,182
05/25/2023,EWN,NC,ASO,EN,Federal Contract Tower,10,8,13,0,31,0,4,37,0,41,10,12,50,0,72,100,0,100,172
05/26/2023,EWN,NC,ASO,EN,Federal Contract Tower,9,6,10,0,25,0,13,20,0,33,9,19,30,0,58,85,0,85,143
05/27/2023,EWN,NC,ASO,EN,Federal Contract Tower,8,4,4,0,16,0,0,1,0,1,8,4,5,0,17,0,0,0,17
05/28/2023,EWN,NC,ASO,EN,Federal Contract Tower,9,0,6,2,17,0,1,5,0,6,9,1,11,2,23,28,0,28,51
05/29/2023,EWN,NC,ASO,EN,Federal Contract Tower,9,1,10,3,23,0,9,37,1,47,9,10,47,4,70,130,0,130,200
05/30/2023,EWN,NC,ASO,EN,Federal Contract Tower,8,3,17,0,28,0,6,26,0,32,8,9,43,0,60,120,0,120,180
05/31/2023,EWN,NC,ASO,EN,Federal Contract Tower,9,6,19,3,37,0,2,6,0,8,9,8,25,3,45,24,0,24,69
06/01/2023,EWN,NC,ASO,EN,Federal Contract Tower,7,8,20,2,37,0,2,26,0,28,7,10,46,2,65,142,0,142,207
06/02/2023,EWN,NC,ASO,EN,Federal Contract Tower,8,7,22,2,39,0,8,27,0,35,8,15,49,2,74,38,4,42,116
06/03/2023,EWN,NC,ASO,EN,Federal Contract Tower,10,3,24,0,37,0,9,31,0,40,10,12,55,0,77,28,0,28,105
06/04/2023,EWN,NC,ASO,EN,Federal Contract Tower,8,3,15,2,28,0,4,27,0,31,8,7,42,2,59,56,0,56,115
06/05/2023,EWN,NC,ASO,EN,Federal Contract Tower,8,3,9,0,20,0,3,96,4,103,8,6,105,4,123,186,12,198,321
06/06/2023,EWN,NC,ASO,EN,Federal Contract Tower,9,8,11,1,29,0,5,58,6,69,9,13,69,7,98,122,2,124,222
06/07/2023,EWN,NC,ASO,EN,Federal Contract Tower,9,13,35,5,62,0,4,23,4,31,9,17,58,9,93,60,0,60,153
06/08/2023,EWN,NC,ASO,EN,Federal Contract Tower,7,9,25,10,51,0,8,34,0,42,7,17,59,10,93,54,0,54,147
06/09/2023,EWN,NC,ASO,EN,Federal Contract Tower,8,7,18,0,33,0,5,47,10,62,8,12,65,10,95,80,0,80,175
06/10/2023,EWN,NC,ASO,EN,Federal Contract Tower,10,4,11,0,25,0,2,72,0,74,10,6,83,0,99,76,0,76,175
06/11/2023,EWN,NC,ASO,EN,Federal Contract Tower,8,0,9,0,17,0,4,59,6,69,8,4,68,6,86,102,0,102,188
06/12/2023,EWN,NC,ASO,EN,Federal Contract Tower,10,2,0,0,12,0,1,28,0,29,10,3,28,0,41,32,0,32,73
06/13/2023,EWN,NC,ASO,EN,Federal Contract Tower,9,7,18,0,34,0,10,76,8,94,9,17,94,8,128,136,0,136,264
06/14/2023,EWN,NC,ASO,EN,Federal Contract Tower,9,6,8,0,23,0,6,31,4,41,9,12,39,4,64,40,0,40,104
06/15/2023,EWN,NC,ASO,EN,Federal Contract Tower,8,9,11,2,30,0,6,78,4,88,8,15,89,6,118,140,0,140,258
06/16/2023,EWN,NC,ASO,EN,Federal Contract Tower,7,10,13,0,30,0,8,73,0,81,7,18,86,0,111,140,0,140,251
06/17/2023,EWN,NC,ASO,EN,Federal Contract Tower,10,2,8,0,20,0,5,57,4,66,10,7,65,4,86,106,0,106,192
06/18/2023,EWN,NC,ASO,EN,Federal Contract Tower,8,6,23,0,37,0,4,44,0,48,8,10,67,0,85,132,0,132,217
06/19/2023,EWN,NC,ASO,EN,Federal Contract Tower,11,2,12,1,26,0,6,53,4,63,11,8,65,5,89,232,0,232,321
06/20/2023,EWN,NC,ASO,EN,Federal Contract Tower,9,6,24,0,39,0,2,26,0,28,9,8,50,0,67,114,0,114,181
06/21/2023,EWN,NC,ASO,EN,Federal Contract Tower,8,8,22,0,38,0,0,9,0,9,8,8,31,0,47,32,0,32,79
06/22/2023,EWN,NC,ASO,EN,Federal Contract Tower,8,7,10,0,25,0,1,28,0,29,8,8,38,0,54,106,0,106,160
06/23/2023,EWN,NC,ASO,EN,Federal Contract Tower,8,6,11,3,28,0,0,34,6,40,8,6,45,9,68,86,12,98,166
06/24/2023,EWN,NC,ASO,EN,Federal Contract Tower,10,5,11,0,26,0,4,42,12,58,10,9,53,12,84,142,0,142,226
06/25/2023,EWN,NC,ASO,EN,Federal Contract Tower,10,3,5,0,18,0,4,54,4,62,10,7,59,4,80,82,0,82,162
06/26/2023,EWN,NC,ASO,EN,Federal Contract Tower,6,9,10,0,25,0,3,28,2,33,6,12,38,2,58,82,26,108,166
06/27/2023,EWN,NC,ASO,EN,Federal Contract Tower,9,7,7,0,23,0,6,56,0,62,9,13,63,0,85,182,0,182,267
06/28/2023,EWN,NC,ASO,EN,Federal Contract Tower,8,7,12,1,28,0,9,59,2,70,8,16,71,3,98,212,0,212,310
06/29/2023,EWN,NC,ASO,EN,Federal Contract Tower,8,9,8,1,26,0,4,58,2,64,8,13,66,3,90,106,0,106,196
06/30/2023,EWN,NC,ASO,EN,Federal Contract Tower,8,9,19,2,38,0,1,61,10,72,8,10,80,12,110,196,0,196,306
07/01/2023,EWN,NC,ASO,EN,Federal Contract Tower,10,2,11,0,23,0,7,40,10,57,10,9,51,10,80,130,0,130,210
07/02/2023,EWN,NC,ASO,EN,Federal Contract Tower,8,4,7,0,19,0,3,51,0,54,8,7,58,0,73,104,0,104,177
07/03/2023,EWN,NC,ASO,EN,Federal Contract Tower,9,2,4,0,15,0,2,50,0,52,9,4,54,0,67,90,0,90,157
07/04/2023,EWN,NC,ASO,EN,Federal Contract Tower,8,1,1,0,10,0,3,8,2,13,8,4,9,2,23,0,0,0,23
07/05/2023,EWN,NC,ASO,EN,Federal Contract Tower,9,5,6,0,20,0,1,24,0,25,9,6,30,0,45,24,0,24,69
07/06/2023,EWN,NC,ASO,EN,Federal Contract Tower,9,6,1,0,16,0,1,17,0,18,9,7,18,0,34,30,0,30,64
07/07/2023,EWN,NC,ASO,EN,Federal Contract Tower,8,6,7,0,21,0,7,64,3,74,8,13,71,3,95,98,0,98,193
07/08/2023,EWN,NC,ASO,EN,Federal Contract Tower,10,4,2,0,16,0,4,65,2,71,10,8,67,2,87,194,0,194,281
07/09/2023,EWN,NC,ASO,EN,Federal Contract Tower,12,2,0,0,14,0,2,33,2,37,12,4,33,2,51,92,0,92,143
07/10/2023,EWN,NC,ASO,EN,Federal Contract Tower,10,4,6,2,22,0,7,53,2,62,10,11,59,4,84,94,0,94,178
07/11/2023,EWN,NC,ASO,EN,Federal Contract Tower,10,7,11,0,28,0,6,64,0,70,10,13,75,0,98,96,0,96,194
07/12/2023,EWN,NC,ASO,EN,Federal Contract Tower,11,7,11,3,32,0,4,58,7,69,11,11,69,10,101,112,16,128,229
07/13/2023,EWN,NC,ASO,EN,Federal Contract Tower,10,8,19,0,37,0,7,50,4,61,10,15,69,4,98,48,0,48,146
07/14/2023,EWN,NC,ASO,EN,Federal Contract Tower,10,14,19,1,44,0,7,18,13,38,10,21,37,14,82,20,0,20,102
07/15/2023,EWN,NC,ASO,EN,Federal Contract Tower,11,2,11,0,24,0,4,31,9,44,11,6,42,9,68,48,6,54,122
07/16/2023,EWN,NC,ASO,EN,Federal Contract Tower,12,3,15,0,30,0,1,34,4,39,12,4,49,4,69,90,0,90,159
07/17/2023,EWN,NC,ASO,EN,Federal Contract Tower,7,3,3,0,13,0,10,66,0,76,7,13,69,0,89,114,0,114,203
07/18/2023,EWN,NC,ASO,EN,Federal Contract Tower,9,6,6,3,24,0,6,25,1,32,9,12,31,4,56,30,10,40,96
07/19/2023,EWN,NC,ASO,EN,Federal Contract Tower,10,6,11,1,28,0,6,34,4,44,10,12,45,5,72,28,0,28,100
07/20/2023,EWN,NC,ASO,EN,Federal Contract Tower,10,8,9,0,27,0,7,50,5,62,10,15,59,5,89,96,0,96,185
07/21/2023,EWN,NC,ASO,EN,Federal Contract Tower,10,8,16,1,35,0,6,61,0,67,10,14,77,1,102,76,0,76,178
07/22/2023,EWN,NC,ASO,EN,Federal Contract Tower,12,2,7,0,21,0,2,27,0,29,12,4,34,0,50,54,0,54,104
07/23/2023,EWN,NC,ASO,EN,Federal Contract Tower,9,0,5,0,14,0,6,25,0,31,9,6,30,0,45,102,0,102,147
07/24/2023,EWN,NC,ASO,EN,Federal Contract Tower,10,2,5,0,17,0,1,44,0,45,10,3,49,0,62,214,0,214,276
07/25/2023,EWN,NC,ASO,EN,Federal Contract Tower,8,6,4,0,18,0,9,61,6,76,8,15,65,6,94,154,0,154,248
07/26/2023,EWN,NC,ASO,EN,Federal Contract Tower,10,6,14,1,31,0,6,43,1,50,10,12,57,2,81,100,0,100,181
07/27/2023,EWN,NC,ASO,EN,Federal Contract Tower,10,8,8,0,26,0,4,57,0,61,10,12,65,0,87,56,0,56,143
07/28/2023,EWN,NC,ASO,EN,Federal Contract Tower,10,6,13,0,29,0,8,32,8,48,10,14,45,8,77,60,0,60,137
07/29/2023,EWN,NC,ASO,EN,Federal Contract Tower,11,2,2,2,17,0,3,13,2,18,11,5,15,4,35,28,0,28,63
07/30/2023,EWN,NC,ASO,EN,Federal Contract Tower,10,2,22,0,34,0,14,27,0,41,10,16,49,0,75,46,0,46,121
07/31/2023,EWN,NC,ASO,EN,Federal Contract Tower,10,2,7,0,19,0,4,38,0,42,10,6,45,0,61,60,0,60,121
08/01/2023,EWN,NC,ASO,EN,Federal Contract Tower,11,4,11,0,26,0,6,51,0,57,11,10,62,0,83,54,0,54,137
08/02/2023,EWN,NC,ASO,EN,Federal Contract Tower,10,6,17,0,33,0,5,54,0,59,10,11,71,0,92,62,0,62,154
08/03/2023,EWN,NC,ASO,EN,Federal Contract Tower,10,4,12,0,26,0,7,47,6,60,10,11,59,6,86,66,0,66,152
08/04/2023,EWN,NC,ASO,EN,Federal Contract Tower,7,4,0,12,23,0,2,16,6,24,7,6,16,18,47,62,0,62,109
08/05/2023,EWN,NC,ASO,EN,Federal Contract Tower,9,3,8,2,22,0,2,20,2,24,9,5,28,4,46,58,0,58,104
08/06/2023,EWN,NC,ASO,EN,Federal Contract Tower,9,2,19,0,30,0,5,49,0,54,9,7,68,0,84,132,0,132,216
08/07/2023,EWN,NC,ASO,EN,Federal Contract Tower,7,7,11,0,25,0,7,36,6,49,7,14,47,6,74,46,0,46,120
08/08/2023,EWN,NC,ASO,EN,Federal Contract Tower,9,9,12,0,30,0,6,41,1,48,9,15,53,1,78,52,0,52,130
08/09/2023,EWN,NC,ASO,EN,Federal Contract Tower,7,6,6,0,19,0,2,45,6,53,7,8,51,6,72,106,0,106,178
08/10/2023,EWN,NC,ASO,EN,Federal Contract Tower,8,6,4,0,18,0,7,21,6,34,8,13,25,6,52,28,0,28,80
08/11/2023,EWN,NC,ASO,EN,Federal Contract Tower,7,7,26,4,44,0,8,50,10,68,7,15,76,14,112,72,2,74,186
08/12/2023,EWN,NC,ASO,EN,Federal Contract Tower,9,3,6,0,18,0,7,45,17,69,9,10,51,17,87,78,0,78,165
08/13/2023,EWN,NC,ASO,EN,Federal Contract Tower,8,0,1,0,9,0,8,40,3,51,8,8,41,3,60,72,0,72,132
08/14/2023,EWN,NC,ASO,EN,Federal Contract Tower,7,3,11,0,21,0,3,43,3,49,7,6,54,3,70,58,0,58,128
08/15/2023,EWN,NC,ASO,EN,Federal Contract Tower,10,5,5,0,20,0,1,49,0,50,10,6,54,0,70,74,4,78,148
08/16/2023,EWN,NC,ASO,EN,Federal Contract Tower,9,6,7,0,22,0,4,33,0,37,9,10,40,0,59,26,0,26,85
08/17/2023,EWN,NC,ASO,EN,Federal Contract Tower,10,6,5,0,21,0,7,41,0,48,10,13,46,0,69,64,0,64,133
08/18/2023,EWN,NC,ASO,EN,Federal Contract Tower,11,9,9,0,29,0,28,65,0,93,11,37,74,0,122,68,0,68,190
08/19/2023,EWN,NC,ASO,EN,Federal Contract Tower,12,3,5,0,20,0,9,36,0,45,12,12,41,0,65,82,0,82,147
08/20/2023,EWN,NC,ASO,EN,Federal Contract Tower,9,0,5,0,14,0,10,40,0,50,9,10,45,0,64,100,0,100,164
08/21/2023,EWN,NC,ASO,EN,Federal Contract Tower,9,4,7,1,21,0,4,57,0,61,9,8,64,1,82,76,4,80,162
08/22/2023,EWN,NC,ASO,EN,Federal Contract Tower,11,7,12,2,32,0,4,57,0,61,11,11,69,2,93,48,0,48,141
08/23/2023,EWN,NC,ASO,EN,Federal Contract Tower,10,6,15,10,41,0,3,42,1,46,10,9,57,11,87,94,2,96,183
08/24/2023,EWN,NC,ASO,EN,Federal Contract Tower,10,6,15,2,33,0,4,71,1,76,10,10,86,3,109,118,14,132,241
08/25/2023,EWN,NC,ASO,EN,Federal Contract Tower,10,9,8,3,30,0,10,63,8,81,10,19,71,11,111,74,0,74,185
08/26/2023,EWN,NC,ASO,EN,Federal Contract Tower,12,2,6,1,21,0,0,44,5,49,12,2,50,6,70,104,0,104,174
08/27/2023,EWN,NC,ASO,EN,Federal Contract Tower,10,1,1,0,12,0,0,16,2,18,10,1,17,2,30,34,0,34,64
08/28/2023,EWN,NC,ASO,EN,Federal Contract Tower,10,2,11,0,23,0,0,37,0,37,10,2,48,0,60,46,0,46,106
08/29/2023,EWN,NC,ASO,EN,Federal Contract Tower,9,6,5,2,22,0,4,37,0,41,9,10,42,2,63,94,12,106,169
08/30/2023,EWN,NC,ASO,EN,Federal Contract Tower,10,6,11,0,27,0,3,32,0,35,10,9,43,0,62,56,0,56,118
08/31/2023,EWN,NC,ASO,EN,Federal Contract Tower,10,2,1,0,13,0,3,0,0,3,10,5,1,0,16,0,0,0,16
01/01/2020,EWN,NC,ASO,EN,Federal Contract Tower,7,2,1,0,10,0,2,23,0,25,7,4,24,0,35,32,0,32,67
01/02/2020,EWN,NC,ASO,EN,Federal Contract Tower,8,9,6,0,23,0,1,37,0,38,8,10,43,0,61,52,0,52,113
01/03/2020,EWN,NC,ASO,EN,Federal Contract Tower,10,10,7,2,29,0,0,25,0,25,10,10,32,2,54,50,0,50,104
01/04/2020,EWN,NC,ASO,EN,Federal Contract Tower,9,3,9,0,21,0,0,10,0,10,9,3,19,0,31,34,0,34,65
01/06/2020,EWN,NC,ASO,EN,Federal Contract Tower,10,5,9,0,24,0,0,57,0,57,10,5,66,0,81,130,0,130,211
01/07/2020,EWN,NC,ASO,EN,Federal Contract Tower,6,9,11,2,28,0,8,39,0,47,6,17,50,2,75,34,0,34,109
01/08/2020,EWN,NC,ASO,EN,Federal Contract Tower,9,10,11,1,31,0,2,15,0,17,9,12,26,1,48,10,0,10,58
01/09/2020,EWN,NC,ASO,EN,Federal Contract Tower,9,11,12,0,32,0,2,50,0,52,9,13,62,0,84,34,0,34,118
01/10/2020,EWN,NC,ASO,EN,Federal Contract Tower,10,12,9,4,35,0,0,44,0,44,10,12,53,4,79,32,0,32,111
01/11/2020,EWN,NC,ASO,EN,Federal Contract Tower,7,2,3,0,12,0,8,15,2,25,7,10,18,2,37,22,2,24,61
01/12/2020,EWN,NC,ASO,EN,Federal Contract Tower,8,6,5,0,19,0,0,16,0,16,8,6,21,0,35,10,0,10,45
01/13/2020,EWN,NC,ASO,EN,Federal Contract Tower,9,7,16,0,32,0,0,0,0,0,9,7,16,0,32,0,0,0,32
01/14/2020,EWN,NC,ASO,EN,Federal Contract Tower,10,7,8,2,27,0,0,8,0,8,10,7,16,2,35,2,0,2,37
01/15/2020,EWN,NC,ASO,EN,Federal Contract Tower,11,12,19,6,48,0,1,44,0,45,11,13,63,6,93,90,0,90,183
01/16/2020,EWN,NC,ASO,EN,Federal Contract Tower,9,10,12,2,33,0,1,44,2,47,9,11,56,4,80,40,0,40,120
01/17/2020,EWN,NC,ASO,EN,Federal Contract Tower,9,16,7,12,44,0,3,30,0,33,9,19,37,12,77,10,0,10,87
01/18/2020,EWN,NC,ASO,EN,Federal Contract Tower,7,3,2,0,12,0,6,37,0,43,7,9,39,0,55,50,0,50,105
01/19/2020,EWN,NC,ASO,EN,Federal Contract Tower,6,2,6,0,14,0,0,29,0,29,6,2,35,0,43,42,0,42,85
01/20/2020,EWN,NC,ASO,EN,Federal Contract Tower,11,6,6,0,23,0,2,54,2,58,11,8,60,2,81,58,0,58,139
01/21/2020,EWN,NC,ASO,EN,Federal Contract Tower,7,11,10,2,30,0,6,23,0,29,7,17,33,2,59,2,0,2,61
01/22/2020,EWN,NC,ASO,EN,Federal Contract Tower,9,10,19,0,38,0,0,35,2,37,9,10,54,2,75,28,0,28,103
01/23/2020,EWN,NC,ASO,EN,Federal Contract Tower,8,10,5,4,27,0,2,66,0,68,8,12,71,4,95,128,0,128,223
01/24/2020,EWN,NC,ASO,EN,Federal Contract Tower,9,10,5,0,24,0,7,38,2,47,9,17,43,2,71,60,0,60,131
01/25/2020,EWN,NC,ASO,EN,Federal Contract Tower,7,2,4,0,13,0,3,48,0,51,7,5,52,0,64,144,0,144,208
01/26/2020,EWN,NC,ASO,EN,Federal Contract Tower,9,3,9,0,21,0,4,55,1,60,9,7,64,1,81,14,0,14,95
01/27/2020,EWN,NC,ASO,EN,Federal Contract Tower,11,4,11,4,30,0,3,37,2,42,11,7,48,6,72,56,10,66,138
01/28/2020,EWN,NC,ASO,EN,Federal Contract Tower,6,10,3,0,19,0,2,46,2,50,6,12,49,2,69,90,0,90,159
01/29/2020,EWN,NC,ASO,EN,Federal Contract Tower,9,12,11,6,38,0,5,42,2,49,9,17,53,8,87,60,0,60,147
01/30/2020,EWN,NC,ASO,EN,Federal Contract Tower,9,16,6,0,31,0,5,48,0,53,9,21,54,0,84,76,0,76,160
01/31/2020,EWN,NC,ASO,EN,Federal Contract Tower,9,7,6,0,22,0,1,32,0,33,9,8,38,0,55,50,0,50,105
02/01/2020,EWN,NC,ASO,EN,Federal Contract Tower,9,2,2,0,13,0,0,0,0,0,9,2,2,0,13,0,0,0,13
02/02/2020,EWN,NC,ASO,EN,Federal Contract Tower,8,2,2,0,12,0,4,24,0,28,8,6,26,0,40,6,0,6,46
02/03/2020,EWN,NC,ASO,EN,Federal Contract Tower,9,6,2,2,19,0,3,34,0,37,9,9,36,2,56,58,0,58,114
02/04/2020,EWN,NC,ASO,EN,Federal Contract Tower,6,9,16,0,31,0,8,38,0,46,6,17,54,0,77,34,0,34,111
02/05/2020,EWN,NC,ASO,EN,Federal Contract Tower,8,10,4,2,24,0,0,31,0,31,8,10,35,2,55,60,0,60,115
02/06/2020,EWN,NC,ASO,EN,Federal Contract Tower,4,8,4,0,16,0,0,0,0,0,4,8,4,0,16,0,0,0,16
02/07/2020,EWN,NC,ASO,EN,Federal Contract Tower,13,9,3,0,25,0,0,3,1,4,13,9,6,1,29,0,2,2,31
02/08/2020,EWN,NC,ASO,EN,Federal Contract Tower,7,2,5,2,16,0,6,57,0,63,7,8,62,2,79,102,0,102,181
02/09/2020,EWN,NC,ASO,EN,Federal Contract Tower,11,3,3,7,24,0,0,75,0,75,11,3,78,7,99,94,0,94,193
02/10/2020,EWN,NC,ASO,EN,Federal Contract Tower,11,4,4,0,19,0,0,32,0,32,11,4,36,0,51,0,0,0,51
02/11/2020,EWN,NC,ASO,EN,Federal Contract Tower,7,9,8,0,24,0,3,6,0,9,7,12,14,0,33,6,0,6,39
02/12/2020,EWN,NC,ASO,EN,Federal Contract Tower,11,8,15,0,34,0,3,5,0,8,11,11,20,0,42,0,0,0,42
02/13/2020,EWN,NC,ASO,EN,Federal Contract Tower,8,10,6,8,32,0,0,4,2,6,8,10,10,10,38,0,0,0,38
02/14/2020,EWN,NC,ASO,EN,Federal Contract Tower,8,10,3,0,21,0,4,36,2,42,8,14,39,2,63,22,0,22,85
02/15/2020,EWN,NC,ASO,EN,Federal Contract Tower,8,2,5,0,15,0,4,59,0,63,8,6,64,0,78,28,0,28,106
02/16/2020,EWN,NC,ASO,EN,Federal Contract Tower,8,2,6,0,16,0,7,28,0,35,8,9,34,0,51,12,0,12,63
02/17/2020,EWN,NC,ASO,EN,Federal Contract Tower,9,7,11,0,27,0,0,43,0,43,9,7,54,0,70,54,0,54,124
02/18/2020,EWN,NC,ASO,EN,Federal Contract Tower,8,8,24,0,40,0,2,32,0,34,8,10,56,0,74,68,0,68,142
02/19/2020,EWN,NC,ASO,EN,Federal Contract Tower,6,12,8,2,28,0,3,6,0,9,6,15,14,2,37,52,0,52,89
02/20/2020,EWN,NC,ASO,EN,Federal Contract Tower,5,11,2,0,18,0,0,1,2,3,5,11,3,2,21,0,0,0,21
02/21/2020,EWN,NC,ASO,EN,Federal Contract Tower,7,11,13,2,33,0,3,6,0,9,7,14,19,2,42,6,6,12,54
02/22/2020,EWN,NC,ASO,EN,Federal Contract Tower,8,3,16,2,29,0,7,77,10,94,8,10,93,12,123,42,20,62,185
02/23/2020,EWN,NC,ASO,EN,Federal Contract Tower,6,6,5,0,17,0,0,62,0,62,6,6,67,0,79,64,0,64,143
02/24/2020,EWN,NC,ASO,EN,Federal Contract Tower,9,7,18,1,35,0,0,20,0,20,9,7,38,1,55,42,0,42,97
02/25/2020,EWN,NC,ASO,EN,Federal Contract Tower,7,13,17,18,55,0,0,10,0,10,7,13,27,18,65,0,0,0,65
02/26/2020,EWN,NC,ASO,EN,Federal Contract Tower,8,11,21,2,42,0,2,1,0,3,8,13,22,2,45,0,0,0,45
02/27/2020,EWN,NC,ASO,EN,Federal Contract Tower,9,10,10,2,31,0,0,46,0,46,9,10,56,2,77,0,0,0,77
02/28/2020,EWN,NC,ASO,EN,Federal Contract Tower,10,10,13,6,39,0,7,53,0,60,10,17,66,6,99,56,0,56,155
02/29/2020,EWN,NC,ASO,EN,Federal Contract Tower,11,4,7,0,22,0,7,66,0,73,11,11,73,0,95,14,2,16,111
03/01/2020,EWN,NC,ASO,EN,Federal Contract Tower,9,3,5,0,17,0,2,70,0,72,9,5,75,0,89,94,0,94,183
03/02/2020,EWN,NC,ASO,EN,Federal Contract Tower,9,6,10,2,27,0,0,63,1,64,9,6,73,3,91,20,2,22,113
03/03/2020,EWN,NC,ASO,EN,Federal Contract Tower,8,11,8,3,30,0,10,20,1,31,8,21,28,4,61,94,2,96,157
03/04/2020,EWN,NC,ASO,EN,Federal Contract Tower,8,9,20,2,39,0,3,64,0,67,8,12,84,2,106,44,0,44,150
03/05/2020,EWN,NC,ASO,EN,Federal Contract Tower,9,12,5,3,29,0,0,16,0,16,9,12,21,3,45,10,0,10,55
03/06/2020,EWN,NC,ASO,EN,Federal Contract Tower,10,12,13,0,35,0,1,13,3,17,10,13,26,3,52,6,12,18,70
03/07/2020,EWN,NC,ASO,EN,Federal Contract Tower,9,2,18,2,31,0,2,25,0,27,9,4,43,2,58,12,0,12,70
03/08/2020,EWN,NC,ASO,EN,Federal Contract Tower,8,4,7,0,19,0,1,63,0,64,8,5,70,0,83,64,0,64,147
03/09/2020,EWN,NC,ASO,EN,Federal Contract Tower,9,5,8,1,23,0,2,59,1,62,9,7,67,2,85,44,0,44,129
03/10/2020,EWN,NC,ASO,EN,Federal Contract Tower,8,10,8,0,26,0,4,53,0,57,8,14,61,0,83,56,0,56,139
03/11/2020,EWN,NC,ASO,EN,Federal Contract Tower,8,9,8,2,27,0,4,56,0,60,8,13,64,2,87,22,2,24,111
03/12/2020,EWN,NC,ASO,EN,Federal Contract Tower,8,11,9,2,30,0,6,68,0,74,8,17,77,2,104,28,0,28,132
03/13/2020,EWN,NC,ASO,EN,Federal Contract Tower,9,9,3,0,21,0,4,51,4,59,9,13,54,4,80,4,0,4,84
03/14/2020,EWN,NC,ASO,EN,Federal Contract Tower,9,4,1,0,14,0,2,61,0,63,9,6,62,0,77,60,0,60,137
03/15/2020,EWN,NC,ASO,EN,Federal Contract Tower,11,1,2,0,14,0,1,0,0,1,11,2,2,0,15,0,0,0,15
03/16/2020,EWN,NC,ASO,EN,Federal Contract Tower,9,6,3,0,18,0,3,48,0,51,9,9,51,0,69,20,0,20,89
03/17/2020,EWN,NC,ASO,EN,Federal Contract Tower,10,14,6,6,36,0,0,3,0,3,10,14,9,6,39,6,0,6,45
03/18/2020,EWN,NC,ASO,EN,Federal Contract Tower,7,11,10,0,28,0,3,36,0,39,7,14,46,0,67,48,10,58,125
03/19/2020,EWN,NC,ASO,EN,Federal Contract Tower,9,10,7,0,26,0,1,36,0,37,9,11,43,0,63,32,2,34,97
03/20/2020,EWN,NC,ASO,EN,Federal Contract Tower,11,8,8,2,29,0,0,72,0,72,11,8,80,2,101,72,0,72,173
03/21/2020,EWN,NC,ASO,EN,Federal Contract Tower,6,5,5,0,16,0,0,26,0,26,6,5,31,0,42,46,0,46,88
03/22/2020,EWN,NC,ASO,EN,Federal Contract Tower,8,1,9,0,18,0,0,15,0,15,8,1,24,0,33,38,0,38,71
03/23/2020,EWN,NC,ASO,EN,Federal Contract Tower,5,3,2,5,15,0,0,2,0,2,5,3,4,5,17,16,0,16,33
03/24/2020,EWN,NC,ASO,EN,Federal Contract Tower,4,11,31,2,48,0,0,29,0,29,4,11,60,2,77,30,0,30,107
03/25/2020,EWN,NC,ASO,EN,Federal Contract Tower,3,10,8,3,24,0,0,2,0,2,3,10,10,3,26,0,0,0,26
03/27/2020,EWN,NC,ASO,EN,Federal Contract Tower,5,7,7,4,23,0,2,52,16,70,5,9,59,20,93,34,4,38,131
03/28/2020,EWN,NC,ASO,EN,Federal Contract Tower,3,4,3,2,12,0,2,38,10,50,3,6,41,12,62,50,4,54,116
03/29/2020,EWN,NC,ASO,EN,Federal Contract Tower,4,2,8,0,14,0,0,35,4,39,4,2,43,4,53,38,0,38,91
03/30/2020,EWN,NC,ASO,EN,Federal Contract Tower,3,6,1,0,10,0,6,35,0,41,3,12,36,0,51,34,2,36,87
03/31/2020,EWN,NC,ASO,EN,Federal Contract Tower,3,7,16,0,26,0,1,24,0,25,3,8,40,0,51,10,0,10,61
04/01/2020,EWN,NC,ASO,EN,Federal Contract Tower,4,9,6,0,19,0,2,7,0,9,4,11,13,0,28,0,0,0,28
04/02/2020,EWN,NC,ASO,EN,Federal Contract Tower,4,8,2,0,14,0,51,43,0,94,4,59,45,0,108,40,28,68,176
04/03/2020,EWN,NC,ASO,EN,Federal Contract Tower,7,10,5,0,22,0,17,37,13,67,7,27,42,13,89,38,0,38,127
04/04/2020,EWN,NC,ASO,EN,Federal Contract Tower,3,3,1,6,13,0,36,67,34,137,3,39,68,40,150,60,0,60,210
04/05/2020,EWN,NC,ASO,EN,Federal Contract Tower,3,1,2,1,7,0,17,68,24,109,3,18,70,25,116,62,2,64,180
04/06/2020,EWN,NC,ASO,EN,Federal Contract Tower,3,5,3,0,11,0,0,72,0,72,3,5,75,0,83,50,0,50,133
04/07/2020,EWN,NC,ASO,EN,Federal Contract Tower,3,12,6,4,25,0,29,48,0,77,3,41,54,4,102,72,2,74,176
04/08/2020,EWN,NC,ASO,EN,Federal Contract Tower,6,6,9,0,21,0,53,67,0,120,6,59,76,0,141,72,0,72,213
04/09/2020,EWN,NC,ASO,EN,Federal Contract Tower,4,8,13,0,25,0,32,19,10,61,4,40,32,10,86,22,0,22,108
04/10/2020,EWN,NC,ASO,EN,Federal Contract Tower,5,7,3,0,15,0,1,18,8,27,5,8,21,8,42,8,2,10,52
04/11/2020,EWN,NC,ASO,EN,Federal Contract Tower,4,3,1,0,8,0,2,45,6,53,4,5,46,6,61,68,0,68,129
04/12/2020,EWN,NC,ASO,EN,Federal Contract Tower,2,2,8,0,12,0,3,12,0,15,2,5,20,0,27,20,0,20,47
04/13/2020,EWN,NC,ASO,EN,Federal Contract Tower,6,1,7,0,14,0,0,2,0,2,6,1,9,0,16,0,0,0,16
04/14/2020,EWN,NC,ASO,EN,Federal Contract Tower,3,6,7,0,16,0,1,58,0,59,3,7,65,0,75,162,0,162,237
04/15/2020,EWN,NC,ASO,EN,Federal Contract Tower,2,8,8,0,18,0,0,7,2,9,2,8,15,2,27,26,0,26,53
04/16/2020,EWN,NC,ASO,EN,Federal Contract Tower,2,10,3,0,15,0,1,56,10,67,2,11,59,10,82,80,0,80,162
04/17/2020,EWN,NC,ASO,EN,Federal Contract Tower,3,7,5,2,17,0,1,55,12,68,3,8,60,14,85,76,0,76,161
04/18/2020,EWN,NC,ASO,EN,Federal Contract Tower,4,3,15,4,26,0,0,15,14,29,4,3,30,18,55,44,2,46,101
04/19/2020,EWN,NC,ASO,EN,Federal Contract Tower,4,3,8,0,15,0,1,21,15,37,4,4,29,15,52,60,0,60,112
04/20/2020,EWN,NC,ASO,EN,Federal Contract Tower,3,5,7,0,15,0,0,2,2,4,3,5,9,2,19,14,0,14,33
04/21/2020,EWN,NC,ASO,EN,Federal Contract Tower,4,7,15,0,26,0,2,31,4,37,4,9,46,4,63,86,0,86,149
04/22/2020,EWN,NC,ASO,EN,Federal Contract Tower,2,8,8,0,18,0,0,85,4,89,2,8,93,4,107,190,0,190,297
04/23/2020,EWN,NC,ASO,EN,Federal Contract Tower,4,9,2,6,21,0,2,29,4,35,4,11,31,10,56,26,2,28,84
04/24/2020,EWN,NC,ASO,EN,Federal Contract Tower,4,9,15,4,32,0,9,18,14,41,4,18,33,18,73,26,14,40,113
04/25/2020,EWN,NC,ASO,EN,Federal Contract Tower,4,3,21,29,57,0,1,9,0,10,4,4,30,29,67,38,0,38,105
04/26/2020,EWN,NC,ASO,EN,Federal Contract Tower,3,1,1,2,7,0,4,18,1,23,3,5,19,3,30,6,0,6,36
04/27/2020,EWN,NC,ASO,EN,Federal Contract Tower,2,4,19,2,27,0,3,39,0,42,2,7,58,2,69,46,0,46,115
04/28/2020,EWN,NC,ASO,EN,Federal Contract Tower,3,9,26,3,41,0,1,76,7,84,3,10,102,10,125,128,0,128,253
04/29/2020,EWN,NC,ASO,EN,Federal Contract Tower,2,9,11,0,22,0,0,41,6,47,2,9,52,6,69,50,0,50,119
04/30/2020,EWN,NC,ASO,EN,Federal Contract Tower,2,11,0,0,13,0,1,2,2,5,2,12,2,2,18,0,0,0,18
05/01/2020,EWN,NC,ASO,EN,Federal Contract Tower,3,3,36,2,44,0,0,17,21,38,3,3,53,23,82,42,0,42,124
05/02/2020,EWN,NC,ASO,EN,Federal Contract Tower,3,3,9,1,16,0,8,38,22,68,3,11,47,23,84,60,0,60,144
05/03/2020,EWN,NC,ASO,EN,Federal Contract Tower,4,3,17,0,24,0,2,32,1,35,4,5,49,1,59,32,0,32,91
05/04/2020,EWN,NC,ASO,EN,Federal Contract Tower,2,6,5,2,15,0,2,38,1,41,2,8,43,3,56,46,0,46,102
05/05/2020,EWN,NC,ASO,EN,Federal Contract Tower,6,6,5,0,17,0,0,36,0,36,6,6,41,0,53,46,2,48,101
05/06/2020,EWN,NC,ASO,EN,Federal Contract Tower,4,17,14,0,35,0,9,32,4,45,4,26,46,4,80,72,0,72,152
05/07/2020,EWN,NC,ASO,EN,Federal Contract Tower,3,8,7,0,18,0,1,52,9,62,3,9,59,9,80,72,0,72,152
05/08/2020,EWN,NC,ASO,EN,Federal Contract Tower,5,5,4,0,14,0,12,32,12,56,5,17,36,12,70,29,2,31,101
05/09/2020,EWN,NC,ASO,EN,Federal Contract Tower,5,3,9,2,19,0,5,32,6,43,5,8,41,8,62,82,0,82,144
05/10/2020,EWN,NC,ASO,EN,Federal Contract Tower,4,2,2,3,11,0,0,26,0,26,4,2,28,3,37,34,0,34,71
05/11/2020,EWN,NC,ASO,EN,Federal Contract Tower,5,5,7,3,20,0,4,17,0,21,5,9,24,3,41,20,0,20,61
05/12/2020,EWN,NC,ASO,EN,Federal Contract Tower,3,4,29,4,40,0,2,66,4,72,3,6,95,8,112,76,0,76,188
05/13/2020,EWN,NC,ASO,EN,Federal Contract Tower,6,7,5,2,20,0,1,58,4,63,6,8,63,6,83,142,0,142,225
05/14/2020,EWN,NC,ASO,EN,Federal Contract Tower,4,9,14,4,31,0,4,56,4,64,4,13,70,8,95,120,0,120,215
05/15/2020,EWN,NC,ASO,EN,Federal Contract Tower,3,8,7,0,18,0,2,53,16,71,3,10,60,16,89,110,0,110,199
05/16/2020,EWN,NC,ASO,EN,Federal Contract Tower,4,4,11,3,22,0,2,41,23,66,4,6,52,26,88,22,0,22,110
05/17/2020,EWN,NC,ASO,EN,Federal Contract Tower,2,1,12,3,18,0,0,28,3,31,2,1,40,6,49,58,0,58,107
05/18/2020,EWN,NC,ASO,EN,Federal Contract Tower,4,3,3,6,16,0,0,6,0,6,4,3,9,6,22,18,0,18,40
05/19/2020,EWN,NC,ASO,EN,Federal Contract Tower,5,10,15,0,30,0,0,0,0,0,5,10,15,0,30,0,0,0,30
05/20/2020,EWN,NC,ASO,EN,Federal Contract Tower,3,8,11,0,22,0,0,0,0,0,3,8,11,0,22,0,0,0,22
05/21/2020,EWN,NC,ASO,EN,Federal Contract Tower,4,8,1,0,13,0,0,0,0,0,4,8,1,0,13,0,0,0,13
05/22/2020,EWN,NC,ASO,EN,Federal Contract Tower,5,7,6,0,18,0,0,32,8,40,5,7,38,8,58,38,2,40,98
05/23/2020,EWN,NC,ASO,EN,Federal Contract Tower,4,4,5,0,13,0,2,28,0,30,4,6,33,0,43,120,0,120,163
05/25/2020,EWN,NC,ASO,EN,Federal Contract Tower,3,3,24,0,30,0,0,41,0,41,3,3,65,0,71,54,0,54,125
05/26/2020,EWN,NC,ASO,EN,Federal Contract Tower,4,5,31,2,42,0,0,19,0,19,4,5,50,2,61,58,0,58,119
05/27/2020,EWN,NC,ASO,EN,Federal Contract Tower,4,9,16,0,29,0,2,27,0,29,4,11,43,0,58,54,2,56,114
05/28/2020,EWN,NC,ASO,EN,Federal Contract Tower,3,9,8,1,21,0,0,11,6,17,3,9,19,7,38,24,2,26,64
05/29/2020,EWN,NC,ASO,EN,Federal Contract Tower,5,7,5,6,23,0,0,0,4,4,5,7,5,10,27,0,0,0,27
05/30/2020,EWN,NC,ASO,EN,Federal Contract Tower,4,4,7,4,19,0,5,14,5,24,4,9,21,9,43,30,0,30,73
05/31/2020,EWN,NC,ASO,EN,Federal Contract Tower,4,3,22,2,31,0,1,46,1,48,4,4,68,3,79,78,0,78,157
06/01/2020,EWN,NC,ASO,EN,Federal Contract Tower,6,5,24,0,35,0,0,54,0,54,6,5,78,0,89,66,0,66,155
06/02/2020,EWN,NC,ASO,EN,Federal Contract Tower,4,9,28,0,41,0,0,54,4,58,4,9,82,4,99,78,0,78,177
06/03/2020,EWN,NC,ASO,EN,Federal Contract Tower,3,8,30,2,43,0,3,33,10,46,3,11,63,12,89,14,0,14,103
06/04/2020,EWN,NC,ASO,EN,Federal Contract Tower,4,8,44,4,60,0,4,46,0,50,4,12,90,4,110,56,0,56,166
06/05/2020,EWN,NC,ASO,EN,Federal Contract Tower,3,8,27,2,40,0,1,32,21,54,3,9,59,23,94,52,16,68,162
06/06/2020,EWN,NC,ASO,EN,Federal Contract Tower,4,4,14,9,31,0,3,8,10,21,4,7,22,19,52,34,2,36,88
06/07/2020,EWN,NC,ASO,EN,Federal Contract Tower,4,2,14,3,23,0,4,40,12,56,4,6,54,15,79,12,6,18,97
06/08/2020,EWN,NC,ASO,EN,Federal Contract Tower,3,5,27,0,35,0,0,48,0,48,3,5,75,0,83,42,0,42,125
06/09/2020,EWN,NC,ASO,EN,Federal Contract Tower,5,5,23,2,35,0,2,45,4,51,5,7,68,6,86,66,0,66,152
06/10/2020,EWN,NC,ASO,EN,Federal Contract Tower,4,7,15,7,33,0,4,34,4,42,4,11,49,11,75,48,0,48,123
06/11/2020,EWN,NC,ASO,EN,Federal Contract Tower,4,11,25,5,45,0,0,14,4,18,4,11,39,9,63,0,0,0,63
06/12/2020,EWN,NC,ASO,EN,Federal Contract Tower,4,9,5,12,30,0,0,0,2,2,4,9,5,14,32,0,0,0,32
06/13/2020,EWN,NC,ASO,EN,Federal Contract Tower,5,4,32,14,55,0,1,14,20,35,5,5,46,34,90,18,0,18,108
06/14/2020,EWN,NC,ASO,EN,Federal Contract Tower,4,3,8,0,15,0,3,15,1,19,4,6,23,1,34,34,0,34,68
06/15/2020,EWN,NC,ASO,EN,Federal Contract Tower,4,5,14,0,23,0,0,0,0,0,4,5,14,0,23,0,0,0,23
06/16/2020,EWN,NC,ASO,EN,Federal Contract Tower,3,9,16,0,28,0,0,0,0,0,3,9,16,0,28,0,0,0,28
06/17/2020,EWN,NC,ASO,EN,Federal Contract Tower,3,10,52,0,65,0,0,12,0,12,3,10,64,0,77,2,0,2,79
06/18/2020,EWN,NC,ASO,EN,Federal Contract Tower,4,10,23,4,41,0,5,43,10,58,4,15,66,14,99,38,0,38,137
06/19/2020,EWN,NC,ASO,EN,Federal Contract Tower,4,8,4,10,26,0,1,9,30,40,4,9,13,40,66,0,0,0,66
06/20/2020,EWN,NC,ASO,EN,Federal Contract Tower,3,5,23,2,33,0,3,15,56,74,3,8,38,58,107,50,0,50,157
06/21/2020,EWN,NC,ASO,EN,Federal Contract Tower,4,4,22,0,30,0,3,37,21,61,4,7,59,21,91,64,0,64,155
06/22/2020,EWN,NC,ASO,EN,Federal Contract Tower,3,6,11,2,22,0,0,33,4,37,3,6,44,6,59,8,0,8,67
06/23/2020,EWN,NC,ASO,EN,Federal Contract Tower,8,8,8,0,24,0,2,31,0,33,8,10,39,0,57,26,2,28,85
06/24/2020,EWN,NC,ASO,EN,Federal Contract Tower,3,8,26,0,37,0,4,53,4,61,3,12,79,4,98,72,0,72,170
06/25/2020,EWN,NC,ASO,EN,Federal Contract Tower,4,11,12,4,31,0,2,17,0,19,4,13,29,4,50,4,14,18,68
06/26/2020,EWN,NC,ASO,EN,Federal Contract Tower,3,10,31,0,44,0,2,61,14,77,3,12,92,14,121,38,0,38,159
06/27/2020,EWN,NC,ASO,EN,Federal Contract Tower,4,4,7,0,15,0,5,44,47,96,4,9,51,47,111,48,0,48,159
06/28/2020,EWN,NC,ASO,EN,Federal Contract Tower,3,5,13,2,23,0,5,34,17,56,3,10,47,19,79,34,0,34,113
06/29/2020,EWN,NC,ASO,EN,Federal Contract Tower,3,5,7,0,15,0,1,39,0,40,3,6,46,0,55,60,0,60,115
06/30/2020,EWN,NC,ASO,EN,Federal Contract Tower,4,8,5,2,19,0,1,34,16,51,4,9,39,18,70,32,0,32,102
07/01/2020,EWN,NC,ASO,EN,Federal Contract Tower,2,12,33,2,49,0,3,36,16,55,2,15,69,18,104,56,0,56,160
07/02/2020,EWN,NC,ASO,EN,Federal Contract Tower,4,11,39,8,62,0,0,36,8,44,4,11,75,16,106,34,0,34,140
07/03/2020,EWN,NC,ASO,EN,Federal Contract Tower,4,7,23,0,34,0,2,68,4,74,4,9,91,4,108,76,0,76,184
07/04/2020,EWN,NC,ASO,EN,Federal Contract Tower,4,2,12,0,18,0,6,14,0,20,4,8,26,0,38,40,0,40,78
07/05/2020,EWN,NC,ASO,EN,Federal Contract Tower,4,10,8,0,22,0,2,24,0,26,4,12,32,0,48,14,0,14,62
07/06/2020,EWN,NC,ASO,EN,Federal Contract Tower,4,4,17,0,25,0,0,54,0,54,4,4,71,0,79,52,0,52,131
07/07/2020,EWN,NC,ASO,EN,Federal Contract Tower,1,9,9,4,23,0,2,27,10,39,1,11,36,14,62,38,0,38,100
07/08/2020,EWN,NC,ASO,EN,Federal Contract Tower,2,9,34,2,47,0,0,18,0,18,2,9,52,2,65,34,0,34,99
07/09/2020,EWN,NC,ASO,EN,Federal Contract Tower,6,8,26,2,42,0,0,19,0,19,6,8,45,2,61,30,0,30,91
07/10/2020,EWN,NC,ASO,EN,Federal Contract Tower,8,6,29,0,43,0,3,51,16,70,8,9,80,16,113,54,0,54,167
07/11/2020,EWN,NC,ASO,EN,Federal Contract Tower,6,2,13,2,23,0,8,38,22,68,6,10,51,24,91,60,4,64,155
07/12/2020,EWN,NC,ASO,EN,Federal Contract Tower,6,2,20,0,28,0,2,41,4,47,6,4,61,4,75,54,0,54,129
07/13/2020,EWN,NC,ASO,EN,Federal Contract Tower,6,3,10,2,21,0,0,24,0,24,6,3,34,2,45,44,0,44,89
07/14/2020,EWN,NC,ASO,EN,Federal Contract Tower,2,6,30,0,38,0,2,42,4,48,2,8,72,4,86,70,6,76,162
07/15/2020,EWN,NC,ASO,EN,Federal Contract Tower,2,7,32,0,41,0,1,62,6,69,2,8,94,6,110,124,0,124,234
07/16/2020,EWN,NC,ASO,EN,Federal Contract Tower,6,8,23,4,41,0,2,54,1,57,6,10,77,5,98,58,0,58,156
07/17/2020,EWN,NC,ASO,EN,Federal Contract Tower,6,5,29,0,40,0,1,55,17,73,6,6,84,17,113,52,0,52,165
07/20/2020,EWN,NC,ASO,EN,Federal Contract Tower,5,3,25,0,33,0,0,51,0,51,5,3,76,0,84,120,2,122,206
07/21/2020,EWN,NC,ASO,EN,Federal Contract Tower,1,7,32,0,40,0,2,77,4,83,1,9,109,4,123,70,0,70,193
07/22/2020,EWN,NC,ASO,EN,Federal Contract Tower,2,6,9,6,23,0,6,58,0,64,2,12,67,6,87,90,2,92,179
07/23/2020,EWN,NC,ASO,EN,Federal Contract Tower,5,6,11,2,24,0,0,63,0,63,5,6,74,2,87,44,0,44,131
07/24/2020,EWN,NC,ASO,EN,Federal Contract Tower,7,6,11,0,24,0,3,36,4,43,7,9,47,4,67,92,0,92,159
07/25/2020,EWN,NC,ASO,EN,Federal Contract Tower,6,2,10,1,19,0,2,46,9,57,6,4,56,10,76,100,0,100,176
07/26/2020,EWN,NC,ASO,EN,Federal Contract Tower,6,1,16,0,23,0,1,47,2,50,6,2,63,2,73,68,0,68,141
07/27/2020,EWN,NC,ASO,EN,Federal Contract Tower,6,2,32,2,42,0,1,51,0,52,6,3,83,2,94,46,0,46,140
07/28/2020,EWN,NC,ASO,EN,Federal Contract Tower,2,12,11,0,25,0,2,18,0,20,2,14,29,0,45,44,0,44,89
07/29/2020,EWN,NC,ASO,EN,Federal Contract Tower,2,13,15,0,30,0,2,25,0,27,2,15,40,0,57,28,0,28,85
07/30/2020,EWN,NC,ASO,EN,Federal Contract Tower,6,4,17,0,27,0,3,43,4,50,6,7,60,4,77,84,0,84,161
07/31/2020,EWN,NC,ASO,EN,Federal Contract Tower,6,6,26,0,38,0,4,24,8,36,6,10,50,8,74,30,0,30,104
08/01/2020,EWN,NC,ASO,EN,Federal Contract Tower,6,2,13,0,21,0,1,28,0,29,6,3,41,0,50,82,0,82,132
08/02/2020,EWN,NC,ASO,EN,Federal Contract Tower,6,0,1,0,7,0,0,42,0,42,6,0,43,0,49,124,0,124,173
08/03/2020,EWN,NC,ASO,EN,Federal Contract Tower,3,2,4,0,9,0,1,3,0,4,3,3,7,0,13,0,0,0,13
08/04/2020,EWN,NC,ASO,EN,Federal Contract Tower,1,4,21,0,26,0,0,45,0,45,1,4,66,0,71,48,0,48,119
08/05/2020,EWN,NC,ASO,EN,Federal Contract Tower,2,6,16,0,24,0,4,45,0,49,2,10,61,0,73,106,0,106,179
08/06/2020,EWN,NC,ASO,EN,Federal Contract Tower,6,6,30,0,42,0,5,35,6,46,6,11,65,6,88,62,0,62,150
08/07/2020,EWN,NC,ASO,EN,Federal Contract Tower,5,8,29,0,42,0,2,42,6,50,5,10,71,6,92,50,10,60,152
08/08/2020,EWN,NC,ASO,EN,Federal Contract Tower,6,2,14,0,22,0,2,49,6,57,6,4,63,6,79,62,0,62,141
08/09/2020,EWN,NC,ASO,EN,Federal Contract Tower,6,1,23,1,31,0,1,50,1,52,6,2,73,2,83,66,0,66,149
08/10/2020,EWN,NC,ASO,EN,Federal Contract Tower,4,5,23,0,32,0,0,47,0,47,4,5,70,0,79,92,0,92,171
08/11/2020,EWN,NC,ASO,EN,Federal Contract Tower,2,6,16,0,24,0,2,38,0,40,2,8,54,0,64,60,0,60,124
08/12/2020,EWN,NC,ASO,EN,Federal Contract Tower,2,6,27,2,37,0,1,52,0,53,2,7,79,2,90,38,0,38,128
08/13/2020,EWN,NC,ASO,EN,Federal Contract Tower,6,7,13,0,26,0,0,13,6,19,6,7,26,6,45,8,0,8,53
08/14/2020,EWN,NC,ASO,EN,Federal Contract Tower,7,6,13,0,26,0,2,26,8,36,7,8,39,8,62,40,0,40,102
08/15/2020,EWN,NC,ASO,EN,Federal Contract Tower,6,4,3,3,16,0,0,10,1,11,6,4,13,4,27,12,0,12,39
08/16/2020,EWN,NC,ASO,EN,Federal Contract Tower,6,2,8,0,16,0,0,10,0,10,6,2,18,0,26,36,0,36,62
08/17/2020,EWN,NC,ASO,EN,Federal Contract Tower,6,2,48,0,56,0,5,28,0,33,6,7,76,0,89,62,0,62,151
08/18/2020,EWN,NC,ASO,EN,Federal Contract Tower,4,8,29,0,41,0,2,71,0,73,4,10,100,0,114,124,0,124,238
08/19/2020,EWN,NC,ASO,EN,Federal Contract Tower,4,10,10,0,24,0,3,32,0,35,4,13,42,0,59,48,0,48,107
08/20/2020,EWN,NC,ASO,EN,Federal Contract Tower,8,7,25,2,42,0,2,21,0,23,8,9,46,2,65,14,0,14,79
08/21/2020,EWN,NC,ASO,EN,Federal Contract Tower,8,8,32,0,48,0,2,34,4,40,8,10,66,4,88,66,0,66,154
08/22/2020,EWN,NC,ASO,EN,Federal Contract Tower,8,3,18,0,29,0,11,39,12,62,8,14,57,12,91,42,0,42,133
08/23/2020,EWN,NC,ASO,EN,Federal Contract Tower,8,0,9,0,17,0,2,40,3,45,8,2,49,3,62,98,0,98,160
08/24/2020,EWN,NC,ASO,EN,Federal Contract Tower,8,2,15,2,27,0,2,39,1,42,8,4,54,3,69,70,0,70,139
08/25/2020,EWN,NC,ASO,EN,Federal Contract Tower,4,8,19,2,33,0,0,46,0,46,4,8,65,2,79,92,0,92,171
08/26/2020,EWN,NC,ASO,EN,Federal Contract Tower,4,7,29,0,40,0,5,66,0,71,4,12,95,0,111,92,0,92,203
08/27/2020,EWN,NC,ASO,EN,Federal Contract Tower,8,8,13,1,30,0,3,57,1,61,8,11,70,2,91,106,0,106,197
08/28/2020,EWN,NC,ASO,EN,Federal Contract Tower,8,6,8,0,22,0,9,57,4,70,8,15,65,4,92,66,8,74,166
08/29/2020,EWN,NC,ASO,EN,Federal Contract Tower,8,2,3,0,13,0,0,16,2,18,8,2,19,2,31,18,0,18,49
08/30/2020,EWN,NC,ASO,EN,Federal Contract Tower,8,2,20,0,30,0,4,53,3,60,8,6,73,3,90,56,0,56,146
08/31/2020,EWN,NC,ASO,EN,Federal Contract Tower,7,4,5,0,16,0,0,28,0,28,7,4,33,0,44,38,0,38,82
09/01/2020,EWN,NC,ASO,EN,Federal Contract Tower,4,6,5,2,17,0,0,52,0,52,4,6,57,2,69,40,0,40,109
09/02/2020,EWN,NC,ASO,EN,Federal Contract Tower,4,6,12,2,24,0,2,69,2,73,4,8,81,4,97,150,4,154,251
09/03/2020,EWN,NC,ASO,EN,Federal Contract Tower,8,12,18,4,42,0,5,77,0,82,8,17,95,4,124,160,0,160,284
09/04/2020,EWN,NC,ASO,EN,Federal Contract Tower,8,7,9,0,24,0,8,58,2,68,8,15,67,2,92,104,0,104,196
09/05/2020,EWN,NC,ASO,EN,Federal Contract Tower,6,2,9,0,17,0,4,49,0,53,6,6,58,0,70,48,0,48,118
09/06/2020,EWN,NC,ASO,EN,Federal Contract Tower,6,0,25,0,31,0,10,49,0,59,6,10,74,0,90,58,0,58,148
09/07/2020,EWN,NC,ASO,EN,Federal Contract Tower,4,1,17,0,22,0,3,36,0,39,4,4,53,0,61,167,0,167,228
09/08/2020,EWN,NC,ASO,EN,Federal Contract Tower,4,3,9,0,16,0,0,2,0,2,4,3,11,0,18,6,0,6,24
09/09/2020,EWN,NC,ASO,EN,Federal Contract Tower,8,6,5,4,23,0,0,4,5,9,8,6,9,9,32,18,0,18,50
09/10/2020,EWN,NC,ASO,EN,Federal Contract Tower,8,7,3,3,21,0,2,1,3,6,8,9,4,6,27,0,0,0,27
09/11/2020,EWN,NC,ASO,EN,Federal Contract Tower,7,4,1,1,13,0,0,9,6,15,7,4,10,7,28,18,0,18,46
09/12/2020,EWN,NC,ASO,EN,Federal Contract Tower,8,2,4,4,18,0,5,5,0,10,8,7,9,4,28,18,0,18,46
09/13/2020,EWN,NC,ASO,EN,Federal Contract Tower,8,0,15,1,24,0,0,31,0,31,8,0,46,1,55,48,0,48,103
09/14/2020,EWN,NC,ASO,EN,Federal Contract Tower,8,2,16,0,26,0,2,33,0,35,8,4,49,0,61,52,0,52,113
09/15/2020,EWN,NC,ASO,EN,Federal Contract Tower,8,6,16,4,34,0,1,68,4,73,8,7,84,8,107,74,0,74,181
09/16/2020,EWN,NC,ASO,EN,Federal Contract Tower,7,8,11,0,26,0,5,77,16,98,7,13,88,16,124,94,0,94,218
09/17/2020,EWN,NC,ASO,EN,Federal Contract Tower,8,6,2,1,17,0,0,3,0,3,8,6,5,1,20,0,0,0,20
09/18/2020,EWN,NC,ASO,EN,Federal Contract Tower,7,9,9,12,37,0,2,0,0,2,7,11,9,12,39,0,0,0,39
09/19/2020,EWN,NC,ASO,EN,Federal Contract Tower,8,4,22,4,38,0,1,29,20,50,8,5,51,24,88,54,0,54,142
09/20/2020,EWN,NC,ASO,EN,Federal Contract Tower,8,2,5,0,15,0,3,53,8,64,8,5,58,8,79,98,0,98,177
09/21/2020,EWN,NC,ASO,EN,Federal Contract Tower,8,2,5,1,16,0,4,48,1,53,8,6,53,2,69,68,4,72,141
09/22/2020,EWN,NC,ASO,EN,Federal Contract Tower,8,17,17,3,45,0,3,83,0,86,8,20,100,3,131,130,0,130,261
09/23/2020,EWN,NC,ASO,EN,Federal Contract Tower,8,6,6,0,20,0,4,68,0,72,8,10,74,0,92,106,2,108,200
09/24/2020,EWN,NC,ASO,EN,Federal Contract Tower,9,5,19,0,33,0,2,67,1,70,9,7,86,1,103,118,0,118,221
09/25/2020,EWN,NC,ASO,EN,Federal Contract Tower,8,7,7,9,31,0,5,35,1,41,8,12,42,10,72,104,0,104,176
09/26/2020,EWN,NC,ASO,EN,Federal Contract Tower,8,2,9,0,19,0,4,23,2,29,8,6,32,2,48,96,0,96,144
09/27/2020,EWN,NC,ASO,EN,Federal Contract Tower,8,0,36,2,46,0,1,32,0,33,8,1,68,2,79,44,0,44,123
09/28/2020,EWN,NC,ASO,EN,Federal Contract Tower,8,3,30,2,43,0,0,65,3,68,8,3,95,5,111,126,0,126,237
09/29/2020,EWN,NC,ASO,EN,Federal Contract Tower,8,5,1,2,16,0,0,4,1,5,8,5,5,3,21,24,0,24,45
09/30/2020,EWN,NC,ASO,EN,Federal Contract Tower,8,6,7,0,21,0,3,75,1,79,8,9,82,1,100,134,0,134,234
10/01/2020,EWN,NC,ASO,EN,Federal Contract Tower,8,7,9,0,24,0,7,85,0,92,8,14,94,0,116,158,0,158,274
10/02/2020,EWN,NC,ASO,EN,Federal Contract Tower,8,4,7,1,20,0,3,49,25,77,8,7,56,26,97,88,0,88,185
10/03/2020,EWN,NC,ASO,EN,Federal Contract Tower,8,2,3,2,15,0,5,49,12,66,8,7,52,14,81,112,0,112,193
10/04/2020,EWN,NC,ASO,EN,Federal Contract Tower,8,1,11,1,21,0,2,4,1,7,8,3,15,2,28,0,0,0,28
10/05/2020,EWN,NC,ASO,EN,Federal Contract Tower,8,3,22,1,34,0,5,62,1,68,8,8,84,2,102,102,0,102,204
10/06/2020,EWN,NC,ASO,EN,Federal Contract Tower,8,8,19,1,36,0,1,80,4,85,8,9,99,5,121,148,0,148,269
10/07/2020,EWN,NC,ASO,EN,Federal Contract Tower,7,7,22,0,36,0,1,58,0,59,7,8,80,0,95,84,0,84,179
10/08/2020,EWN,NC,ASO,EN,Federal Contract Tower,8,6,8,0,22,0,5,79,8,92,8,11,87,8,114,142,0,142,256
10/09/2020,EWN,NC,ASO,EN,Federal Contract Tower,8,6,4,0,18,0,5,52,1,58,8,11,56,1,76,76,0,76,152
10/10/2020,EWN,NC,ASO,EN,Federal Contract Tower,6,3,3,0,12,0,4,33,4,41,6,7,36,4,53,66,0,66,119
10/11/2020,EWN,NC,ASO,EN,Federal Contract Tower,8,1,2,0,11,0,0,4,0,4,8,1,6,0,15,2,0,2,17
10/12/2020,EWN,NC,ASO,EN,Federal Contract Tower,8,2,5,0,15,0,0,32,0,32,8,2,37,0,47,90,0,90,137
10/13/2020,EWN,NC,ASO,EN,Federal Contract Tower,8,6,12,0,26,0,0,44,0,44,8,6,56,0,70,106,0,106,176
10/14/2020,EWN,NC,ASO,EN,Federal Contract Tower,8,6,18,4,36,0,0,62,0,62,8,6,80,4,98,130,0,130,228
10/15/2020,EWN,NC,ASO,EN,Federal Contract Tower,7,6,26,0,39,0,2,44,0,46,7,8,70,0,85,152,0,152,237
10/16/2020,EWN,NC,ASO,EN,Federal Contract Tower,8,5,17,4,34,0,0,15,0,15,8,5,32,4,49,28,0,28,77
10/17/2020,EWN,NC,ASO,EN,Federal Contract Tower,6,2,25,4,37,0,4,57,2,63,6,6,82,6,100,54,0,54,154
10/18/2020,EWN,NC,ASO,EN,Federal Contract Tower,8,0,14,3,25,0,0,46,8,54,8,0,60,11,79,66,0,66,145
10/19/2020,EWN,NC,ASO,EN,Federal Contract Tower,8,5,34,8,55,0,0,64,0,64,8,5,98,8,119,90,0,90,209
10/20/2020,EWN,NC,ASO,EN,Federal Contract Tower,8,6,30,2,46,0,2,34,0,36,8,8,64,2,82,42,0,42,124
10/21/2020,EWN,NC,ASO,EN,Federal Contract Tower,8,4,9,0,21,0,3,53,6,62,8,7,62,6,83,94,0,94,177
10/22/2020,EWN,NC,ASO,EN,Federal Contract Tower,9,6,9,9,33,0,2,58,0,60,9,8,67,9,93,96,0,96,189
10/23/2020,EWN,NC,ASO,EN,Federal Contract Tower,8,8,19,4,39,0,14,58,14,86,8,22,77,18,125,84,36,120,245
10/24/2020,EWN,NC,ASO,EN,Federal Contract Tower,6,2,11,0,19,0,2,57,20,79,6,4,68,20,98,24,0,24,122
10/25/2020,EWN,NC,ASO,EN,Federal Contract Tower,8,0,10,2,20,0,0,0,0,0,8,0,10,2,20,0,0,0,20
10/26/2020,EWN,NC,ASO,EN,Federal Contract Tower,8,2,15,1,26,0,0,19,0,19,8,2,34,1,45,76,0,76,121
10/27/2020,EWN,NC,ASO,EN,Federal Contract Tower,8,6,15,0,29,0,0,31,0,31,8,6,46,0,60,66,0,66,126
10/28/2020,EWN,NC,ASO,EN,Federal Contract Tower,8,6,8,0,22,0,2,57,0,59,8,8,65,0,81,124,0,124,205
10/29/2020,EWN,NC,ASO,EN,Federal Contract Tower,8,7,4,15,34,0,0,4,6,10,8,7,8,21,44,0,0,0,44
10/30/2020,EWN,NC,ASO,EN,Federal Contract Tower,8,6,6,3,23,0,10,24,21,55,8,16,30,24,78,76,6,82,160
10/31/2020,EWN,NC,ASO,EN,Federal Contract Tower,3,2,16,4,25,0,6,53,10,69,3,8,69,14,94,30,0,30,124
11/01/2020,EWN,NC,ASO,EN,Federal Contract Tower,6,0,4,1,11,0,4,7,7,18,6,4,11,8,29,0,6,6,35
11/02/2020,EWN,NC,ASO,EN,Federal Contract Tower,8,3,3,4,18,0,2,22,1,25,8,5,25,5,43,0,0,0,43
11/03/2020,EWN,NC,ASO,EN,Federal Contract Tower,8,5,24,0,37,0,4,26,0,30,8,9,50,0,67,0,0,0,67
11/04/2020,EWN,NC,ASO,EN,Federal Contract Tower,6,7,16,7,36,0,3,18,2,23,6,10,34,9,59,32,2,34,93
11/05/2020,EWN,NC,ASO,EN,Federal Contract Tower,8,6,10,3,27,0,10,37,4,51,8,16,47,7,78,38,10,48,126
11/06/2020,EWN,NC,ASO,EN,Federal Contract Tower,8,4,18,6,36,0,6,12,5,23,8,10,30,11,59,30,22,52,111
11/07/2020,EWN,NC,ASO,EN,Federal Contract Tower,8,4,9,0,21,0,3,34,6,43,8,7,43,6,64,46,0,46,110
11/08/2020,EWN,NC,ASO,EN,Federal Contract Tower,8,2,17,2,29,0,1,36,1,38,8,3,53,3,67,6,0,6,73
11/09/2020,EWN,NC,ASO,EN,Federal Contract Tower,8,2,17,0,27,0,0,35,0,35,8,2,52,0,62,102,0,102,164
11/10/2020,EWN,NC,ASO,EN,Federal Contract Tower,7,8,19,14,48,0,1,33,8,42,7,9,52,22,90,70,18,88,178
11/11/2020,EWN,NC,ASO,EN,Federal Contract Tower,6,6,16,14,42,0,0,20,25,45,6,6,36,39,87,20,0,20,107
11/12/2020,EWN,NC,ASO,EN,Federal Contract Tower,10,7,5,2,24,0,0,0,0,0,10,7,5,2,24,0,0,0,24
11/13/2020,EWN,NC,ASO,EN,Federal Contract Tower,8,6,9,12,35,0,0,0,4,4,8,6,9,16,39,0,0,0,39
11/14/2020,EWN,NC,ASO,EN,Federal Contract Tower,8,2,16,2,28,0,6,48,41,95,8,8,64,43,123,112,0,112,235
11/15/2020,EWN,NC,ASO,EN,Federal Contract Tower,8,2,6,1,17,0,0,19,19,38,8,2,25,20,55,46,0,46,101
11/16/2020,EWN,NC,ASO,EN,Federal Contract Tower,8,2,11,0,21,0,6,52,2,60,8,8,63,2,81,156,18,174,255
11/17/2020,EWN,NC,ASO,EN,Federal Contract Tower,5,7,7,0,19,0,3,38,0,41,5,10,45,0,60,126,0,126,186
11/18/2020,EWN,NC,ASO,EN,Federal Contract Tower,7,7,12,2,28,0,3,34,2,39,7,10,46,4,67,98,0,98,165
11/19/2020,EWN,NC,ASO,EN,Federal Contract Tower,9,4,6,0,19,0,3,55,2,60,9,7,61,2,79,84,0,84,163
11/20/2020,EWN,NC,ASO,EN,Federal Contract Tower,8,4,13,0,25,0,2,62,14,78,8,6,75,14,103,118,0,118,221
11/21/2020,EWN,NC,ASO,EN,Federal Contract Tower,8,2,3,0,13,0,4,55,15,74,8,6,58,15,87,144,0,144,231
11/22/2020,EWN,NC,ASO,EN,Federal Contract Tower,8,0,9,5,22,0,0,38,3,41,8,0,47,8,63,80,6,86,149
11/23/2020,EWN,NC,ASO,EN,Federal Contract Tower,6,2,30,5,43,0,1,32,1,34,6,3,62,6,77,40,0,40,117
11/24/2020,EWN,NC,ASO,EN,Federal Contract Tower,7,8,26,1,42,0,4,49,2,55,7,12,75,3,97,48,0,48,145
11/25/2020,EWN,NC,ASO,EN,Federal Contract Tower,8,4,11,0,23,0,4,43,0,47,8,8,54,0,70,82,0,82,152
11/26/2020,EWN,NC,ASO,EN,Federal Contract Tower,0,0,6,0,6,0,2,9,0,11,0,2,15,0,17,18,0,18,35
11/27/2020,EWN,NC,ASO,EN,Federal Contract Tower,6,8,4,0,18,0,5,14,0,19,6,13,18,0,37,40,0,40,77
11/28/2020,EWN,NC,ASO,EN,Federal Contract Tower,8,3,27,0,38,0,2,40,0,42,8,5,67,0,80,116,0,116,196
11/29/2020,EWN,NC,ASO,EN,Federal Contract Tower,8,3,11,0,22,0,2,34,0,36,8,5,45,0,58,36,0,36,94
11/30/2020,EWN,NC,ASO,EN,Federal Contract Tower,7,5,4,2,18,0,6,12,0,18,7,11,16,2,36,12,0,12,48
12/01/2020,EWN,NC,ASO,EN,Federal Contract Tower,9,7,15,0,31,0,1,27,0,28,9,8,42,0,59,78,0,78,137
12/02/2020,EWN,NC,ASO,EN,Federal Contract Tower,6,6,13,0,25,0,2,53,6,61,6,8,66,6,86,70,0,70,156
12/03/2020,EWN,NC,ASO,EN,Federal Contract Tower,8,6,10,2,26,0,2,53,0,55,8,8,63,2,81,66,0,66,147
12/04/2020,EWN,NC,ASO,EN,Federal Contract Tower,8,8,5,4,25,0,5,37,12,54,8,13,42,16,79,58,0,58,137
12/05/2020,EWN,NC,ASO,EN,Federal Contract Tower,8,2,2,0,12,0,2,61,20,83,8,4,63,20,95,46,0,46,141
12/06/2020,EWN,NC,ASO,EN,Federal Contract Tower,8,4,26,0,38,0,0,49,4,53,8,4,75,4,91,84,0,84,175
12/07/2020,EWN,NC,ASO,EN,Federal Contract Tower,8,3,11,0,22,0,0,5,0,5,8,3,16,0,27,40,0,40,67
12/08/2020,EWN,NC,ASO,EN,Federal Contract Tower,5,7,3,0,15,0,0,30,0,30,5,7,33,0,45,56,0,56,101
12/09/2020,EWN,NC,ASO,EN,Federal Contract Tower,6,6,13,2,27,0,0,37,2,39,6,6,50,4,66,84,0,84,150
12/10/2020,EWN,NC,ASO,EN,Federal Contract Tower,8,3,20,0,31,0,0,45,0,45,8,3,65,0,76,72,0,72,148
12/11/2020,EWN,NC,ASO,EN,Federal Contract Tower,8,8,4,2,22,0,11,38,11,60,8,19,42,13,82,78,0,78,160
12/12/2020,EWN,NC,ASO,EN,Federal Contract Tower,6,2,19,0,27,0,3,27,4,34,6,5,46,4,61,100,0,100,161
12/13/2020,EWN,NC,ASO,EN,Federal Contract Tower,7,0,14,0,21,0,0,20,8,28,7,0,34,8,49,32,0,32,81
12/14/2020,EWN,NC,ASO,EN,Federal Contract Tower,7,2,4,0,13,0,1,2,0,3,7,3,6,0,16,0,0,0,16
12/15/2020,EWN,NC,ASO,EN,Federal Contract Tower,5,16,18,0,39,0,0,43,4,47,5,16,61,4,86,48,0,48,134
12/16/2020,EWN,NC,ASO,EN,Federal Contract Tower,10,8,10,1,29,0,0,2,0,2,10,8,12,1,31,0,0,0,31
12/17/2020,EWN,NC,ASO,EN,Federal Contract Tower,6,7,11,12,36,0,1,12,1,14,6,8,23,13,50,30,0,30,80
12/18/2020,EWN,NC,ASO,EN,Federal Contract Tower,6,7,9,6,28,0,8,42,32,82,6,15,51,38,110,56,4,60,170
12/19/2020,EWN,NC,ASO,EN,Federal Contract Tower,6,1,4,2,13,0,4,55,29,88,6,5,59,31,101,88,0,88,189
12/20/2020,EWN,NC,ASO,EN,Federal Contract Tower,6,2,0,1,9,0,0,2,1,3,6,2,2,2,12,4,0,4,16
12/21/2020,EWN,NC,ASO,EN,Federal Contract Tower,8,2,7,2,19,0,0,11,0,11,8,2,18,2,30,44,0,44,74
12/22/2020,EWN,NC,ASO,EN,Federal Contract Tower,6,4,18,2,30,0,2,41,14,57,6,6,59,16,87,60,0,60,147
12/23/2020,EWN,NC,ASO,EN,Federal Contract Tower,5,17,8,2,32,0,6,55,2,63,5,23,63,4,95,108,0,108,203
12/24/2020,EWN,NC,ASO,EN,Federal Contract Tower,4,7,4,0,15,0,0,2,0,2,4,7,6,0,17,0,0,0,17
12/25/2020,EWN,NC,ASO,EN,Federal Contract Tower,4,0,2,0,6,0,2,1,0,3,4,2,3,0,9,0,0,0,9
12/26/2020,EWN,NC,ASO,EN,Federal Contract Tower,6,2,3,0,11,0,8,24,0,32,6,10,27,0,43,18,0,18,61
12/27/2020,EWN,NC,ASO,EN,Federal Contract Tower,6,1,7,0,14,0,0,44,0,44,6,1,51,0,58,94,0,94,152
12/28/2020,EWN,NC,ASO,EN,Federal Contract Tower,6,3,6,0,15,0,0,40,0,40,6,3,46,0,55,80,0,80,135
12/29/2020,EWN,NC,ASO,EN,Federal Contract Tower,6,8,9,5,28,0,1,38,2,41,6,9,47,7,69,86,0,86,155
12/30/2020,EWN,NC,ASO,EN,Federal Contract Tower,6,7,16,0,29,0,1,50,0,51,6,8,66,0,80,116,0,116,196
12/31/2020,EWN,NC,ASO,EN,Federal Contract Tower,4,5,0,0,9,0,0,4,0,4,4,5,4,0,13,6,0,6,19
01/01/2021,EWN,NC,ASO,EN,Federal Contract Tower,4,3,4,0,11,0,0,2,0,2,4,3,6,0,13,8,0,8,21
01/02/2021,EWN,NC,ASO,EN,Federal Contract Tower,5,2,11,0,18,0,0,0,0,0,5,2,11,0,18,0,0,0,18
01/03/2021,EWN,NC,ASO,EN,Federal Contract Tower,6,0,8,0,14,0,0,26,0,26,6,0,34,0,40,92,0,92,132
01/04/2021,EWN,NC,ASO,EN,Federal Contract Tower,6,2,12,4,24,0,2,37,0,39,6,4,49,4,63,80,0,80,143
01/05/2021,EWN,NC,ASO,EN,Federal Contract Tower,4,7,11,0,22,0,2,38,0,40,4,9,49,0,62,90,0,90,152
01/06/2021,EWN,NC,ASO,EN,Federal Contract Tower,4,6,22,2,34,0,2,37,0,39,4,8,59,2,73,44,0,44,117
01/07/2021,EWN,NC,ASO,EN,Federal Contract Tower,7,8,20,2,37,0,2,47,0,49,7,10,67,2,86,70,0,70,156
01/08/2021,EWN,NC,ASO,EN,Federal Contract Tower,6,5,7,7,25,0,0,1,1,2,6,5,8,8,27,0,0,0,27
01/09/2021,EWN,NC,ASO,EN,Federal Contract Tower,4,3,0,0,7,0,9,33,24,66,4,12,33,24,73,100,0,100,173
01/10/2021,EWN,NC,ASO,EN,Federal Contract Tower,6,0,2,0,8,0,6,51,8,65,6,6,53,8,73,98,0,98,171
01/11/2021,EWN,NC,ASO,EN,Federal Contract Tower,8,5,18,0,31,0,0,32,0,32,8,5,50,0,63,32,0,32,95
01/12/2021,EWN,NC,ASO,EN,Federal Contract Tower,3,4,11,2,20,0,0,2,0,2,3,4,13,2,22,12,0,12,34
01/13/2021,EWN,NC,ASO,EN,Federal Contract Tower,5,5,5,0,15,0,9,44,0,53,5,14,49,0,68,98,4,102,170
01/14/2021,EWN,NC,ASO,EN,Federal Contract Tower,5,8,6,0,19,0,0,24,0,24,5,8,30,0,43,72,0,72,115
01/15/2021,EWN,NC,ASO,EN,Federal Contract Tower,6,6,9,4,25,0,4,43,8,55,6,10,52,12,80,92,0,92,172
01/16/2021,EWN,NC,ASO,EN,Federal Contract Tower,4,3,1,0,8,0,3,23,5,31,4,6,24,5,39,36,0,36,75
01/17/2021,EWN,NC,ASO,EN,Federal Contract Tower,5,0,0,0,5,0,4,55,1,60,5,4,55,1,65,80,0,80,145
01/18/2021,EWN,NC,ASO,EN,Federal Contract Tower,6,3,8,1,18,0,0,40,1,41,6,3,48,2,59,68,0,68,127
01/19/2021,EWN,NC,ASO,EN,Federal Contract Tower,4,15,9,4,32,0,4,59,0,63,4,19,68,4,95,122,0,122,217
01/20/2021,EWN,NC,ASO,EN,Federal Contract Tower,4,7,6,0,17,0,0,49,0,49,4,7,55,0,66,40,0,40,106
01/21/2021,EWN,NC,ASO,EN,Federal Contract Tower,5,6,11,2,24,0,0,51,0,51,5,6,62,2,75,54,0,54,129
01/22/2021,EWN,NC,ASO,EN,Federal Contract Tower,6,5,10,2,23,0,6,57,13,76,6,11,67,15,99,62,0,62,161
01/23/2021,EWN,NC,ASO,EN,Federal Contract Tower,4,2,5,0,11,0,7,63,18,88,4,9,68,18,99,56,0,56,155
01/24/2021,EWN,NC,ASO,EN,Federal Contract Tower,6,0,12,0,18,0,4,52,5,61,6,4,64,5,79,42,0,42,121
01/25/2021,EWN,NC,ASO,EN,Federal Contract Tower,6,2,6,0,14,0,0,0,0,0,6,2,6,0,14,0,0,0,14
01/26/2021,EWN,NC,ASO,EN,Federal Contract Tower,4,7,4,0,15,0,0,0,0,0,4,7,4,0,15,0,0,0,15
01/27/2021,EWN,NC,ASO,EN,Federal Contract Tower,4,5,14,0,23,0,1,2,0,3,4,6,16,0,26,0,0,0,26
01/28/2021,EWN,NC,ASO,EN,Federal Contract Tower,3,6,8,0,17,0,4,4,0,8,3,10,12,0,25,0,28,28,53
01/29/2021,EWN,NC,ASO,EN,Federal Contract Tower,6,6,11,6,29,0,6,48,8,62,6,12,59,14,91,76,0,76,167
01/30/2021,EWN,NC,ASO,EN,Federal Contract Tower,4,2,3,2,11,0,3,62,10,75,4,5,65,12,86,118,10,128,214
01/31/2021,EWN,NC,ASO,EN,Federal Contract Tower,4,0,2,3,9,0,0,0,2,2,4,0,2,5,11,0,0,0,11
02/01/2021,EWN,NC,ASO,EN,Federal Contract Tower,6,2,0,4,12,0,0,0,0,0,6,2,0,4,12,0,0,0,12
02/02/2021,EWN,NC,ASO,EN,Federal Contract Tower,3,6,15,1,25,0,0,31,0,31,3,6,46,1,56,44,8,52,108
02/03/2021,EWN,NC,ASO,EN,Federal Contract Tower,4,6,10,0,20,0,4,45,0,49,4,10,55,0,69,90,0,90,159
02/04/2021,EWN,NC,ASO,EN,Federal Contract Tower,6,6,13,5,30,0,1,58,2,61,6,7,71,7,91,150,0,150,241
02/05/2021,EWN,NC,ASO,EN,Federal Contract Tower,6,6,6,7,25,0,0,4,0,4,6,6,10,7,29,4,0,4,33
02/06/2021,EWN,NC,ASO,EN,Federal Contract Tower,4,2,10,2,18,0,1,40,13,54,4,3,50,15,72,86,0,86,158
02/07/2021,EWN,NC,ASO,EN,Federal Contract Tower,6,0,3,4,13,0,0,5,0,5,6,0,8,4,18,0,0,0,18
02/08/2021,EWN,NC,ASO,EN,Federal Contract Tower,6,4,9,2,21,0,2,44,0,46,6,6,53,2,67,114,0,114,181
02/09/2021,EWN,NC,ASO,EN,Federal Contract Tower,4,6,17,4,31,0,0,40,0,40,4,6,57,4,71,140,0,140,211
02/10/2021,EWN,NC,ASO,EN,Federal Contract Tower,3,8,23,6,40,0,1,54,2,57,3,9,77,8,97,86,2,88,185
02/11/2021,EWN,NC,ASO,EN,Federal Contract Tower,6,6,10,2,24,0,0,0,0,0,6,6,10,2,24,0,0,0,24
02/12/2021,EWN,NC,ASO,EN,Federal Contract Tower,5,5,5,0,15,0,0,0,0,0,5,5,5,0,15,0,0,0,15
02/13/2021,EWN,NC,ASO,EN,Federal Contract Tower,4,2,2,0,8,0,0,0,0,0,4,2,2,0,8,0,0,0,8
02/14/2021,EWN,NC,ASO,EN,Federal Contract Tower,6,0,3,0,9,0,0,0,0,0,6,0,3,0,9,0,0,0,9
02/15/2021,EWN,NC,ASO,EN,Federal Contract Tower,5,1,2,0,8,0,0,0,0,0,5,1,2,0,8,0,0,0,8
02/16/2021,EWN,NC,ASO,EN,Federal Contract Tower,6,7,15,4,32,0,1,27,0,28,6,8,42,4,60,20,0,20,80
02/17/2021,EWN,NC,ASO,EN,Federal Contract Tower,4,7,26,0,37,0,3,66,2,71,4,10,92,2,108,120,0,120,228
02/18/2021,EWN,NC,ASO,EN,Federal Contract Tower,6,5,0,0,11,0,0,0,0,0,6,5,0,0,11,0,0,0,11
02/19/2021,EWN,NC,ASO,EN,Federal Contract Tower,6,6,4,6,22,0,0,0,0,0,6,6,4,6,22,0,0,0,22
02/20/2021,EWN,NC,ASO,EN,Federal Contract Tower,3,2,15,0,20,0,13,35,32,80,3,15,50,32,100,94,0,94,194
02/21/2021,EWN,NC,ASO,EN,Federal Contract Tower,3,6,16,2,27,0,2,42,14,58,3,8,58,16,85,102,0,102,187
02/22/2021,EWN,NC,ASO,EN,Federal Contract Tower,6,2,3,6,17,0,0,9,0,9,6,2,12,6,26,0,0,0,26
02/23/2021,EWN,NC,ASO,EN,Federal Contract Tower,4,5,18,4,31,0,0,56,0,56,4,5,74,4,87,70,0,70,157
02/24/2021,EWN,NC,ASO,EN,Federal Contract Tower,5,4,25,4,38,0,0,71,0,71,5,4,96,4,109,140,0,140,249
02/25/2021,EWN,NC,ASO,EN,Federal Contract Tower,6,8,12,4,30,0,5,64,6,75,6,13,76,10,105,142,0,142,247
02/26/2021,EWN,NC,ASO,EN,Federal Contract Tower,5,6,16,12,39,0,10,23,12,45,5,16,39,24,84,34,0,34,118
02/27/2021,EWN,NC,ASO,EN,Federal Contract Tower,4,2,5,0,11,0,2,25,20,47,4,4,30,20,58,56,0,56,114
02/28/2021,EWN,NC,ASO,EN,Federal Contract Tower,6,0,13,0,19,0,1,11,2,14,6,1,24,2,33,10,0,10,43
03/01/2021,EWN,NC,ASO,EN,Federal Contract Tower,6,2,6,0,14,0,0,17,0,17,6,2,23,0,31,50,0,50,81
03/02/2021,EWN,NC,ASO,EN,Federal Contract Tower,4,7,22,4,37,0,3,45,0,48,4,10,67,4,85,100,2,102,187
03/03/2021,EWN,NC,ASO,EN,Federal Contract Tower,4,6,17,4,31,0,1,33,0,34,4,7,50,4,65,62,0,62,127
03/04/2021,EWN,NC,ASO,EN,Federal Contract Tower,4,7,10,0,21,0,2,72,11,85,4,9,82,11,106,160,0,160,266
03/05/2021,EWN,NC,ASO,EN,Federal Contract Tower,4,8,13,0,25,0,1,36,21,58,4,9,49,21,83,36,0,36,119
03/06/2021,EWN,NC,ASO,EN,Federal Contract Tower,4,3,7,0,14,0,5,56,16,77,4,8,63,16,91,70,0,70,161
03/07/2021,EWN,NC,ASO,EN,Federal Contract Tower,3,1,20,0,24,0,1,51,3,55,3,2,71,3,79,58,0,58,137
03/08/2021,EWN,NC,ASO,EN,Federal Contract Tower,4,15,6,2,27,0,4,64,0,68,4,19,70,2,95,132,4,136,231
03/09/2021,EWN,NC,ASO,EN,Federal Contract Tower,3,4,18,0,25,0,5,50,4,59,3,9,68,4,84,80,0,80,164
03/10/2021,EWN,NC,ASO,EN,Federal Contract Tower,3,10,14,4,31,0,5,56,0,61,3,15,70,4,92,144,4,148,240
03/11/2021,EWN,NC,ASO,EN,Federal Contract Tower,3,14,12,4,33,0,6,54,6,66,3,20,66,10,99,78,0,78,177
03/12/2021,EWN,NC,ASO,EN,Federal Contract Tower,4,6,18,0,28,0,5,52,20,77,4,11,70,20,105,106,0,106,211
03/13/2021,EWN,NC,ASO,EN,Federal Contract Tower,4,4,7,0,15,0,5,15,14,34,4,9,22,14,49,46,0,46,95
03/14/2021,EWN,NC,ASO,EN,Federal Contract Tower,3,0,13,0,16,0,1,44,4,49,3,1,57,4,65,52,0,52,117
03/15/2021,EWN,NC,ASO,EN,Federal Contract Tower,4,2,15,2,23,0,2,35,2,39,4,4,50,4,62,132,0,132,194
03/16/2021,EWN,NC,ASO,EN,Federal Contract Tower,3,6,3,0,12,0,0,0,0,0,3,6,3,0,12,0,0,0,12
03/17/2021,EWN,NC,ASO,EN,Federal Contract Tower,3,6,30,3,42,0,0,1,0,1,3,6,31,3,43,0,0,0,43
03/18/2021,EWN,NC,ASO,EN,Federal Contract Tower,4,5,1,0,10,0,0,1,0,1,4,5,2,0,11,0,0,0,11
03/19/2021,EWN,NC,ASO,EN,Federal Contract Tower,3,6,5,7,21,0,1,1,0,2,3,7,6,7,23,0,2,2,25
03/20/2021,EWN,NC,ASO,EN,Federal Contract Tower,4,2,11,2,19,0,6,21,16,43,4,8,32,18,62,56,0,56,118
03/21/2021,EWN,NC,ASO,EN,Federal Contract Tower,3,0,6,0,9,0,10,12,6,28,3,10,18,6,37,2,0,2,39
03/22/2021,EWN,NC,ASO,EN,Federal Contract Tower,4,2,13,0,19,0,3,6,1,10,4,5,19,1,29,2,0,2,31
03/23/2021,EWN,NC,ASO,EN,Federal Contract Tower,3,4,19,2,28,0,0,1,2,3,3,4,20,4,31,2,0,2,33
03/24/2021,EWN,NC,ASO,EN,Federal Contract Tower,3,7,25,0,35,0,0,18,2,20,3,7,43,2,55,60,0,60,115
03/25/2021,EWN,NC,ASO,EN,Federal Contract Tower,4,5,16,0,25,0,0,49,0,49,4,5,65,0,74,126,0,126,200
03/26/2021,EWN,NC,ASO,EN,Federal Contract Tower,4,6,26,2,38,0,3,27,21,51,4,9,53,23,89,74,0,74,163
03/27/2021,EWN,NC,ASO,EN,Federal Contract Tower,6,2,15,0,23,0,0,38,22,60,6,2,53,22,83,114,0,114,197
03/28/2021,EWN,NC,ASO,EN,Federal Contract Tower,3,0,5,0,8,0,0,11,9,20,3,0,16,9,28,10,0,10,38
03/29/2021,EWN,NC,ASO,EN,Federal Contract Tower,4,4,30,0,38,0,0,72,4,76,4,4,102,4,114,174,0,174,288
03/30/2021,EWN,NC,ASO,EN,Federal Contract Tower,3,7,13,28,51,0,1,64,2,67,3,8,77,30,118,132,8,140,258
03/31/2021,EWN,NC,ASO,EN,Federal Contract Tower,3,6,7,0,16,0,0,22,0,22,3,6,29,0,38,66,0,66,104
04/01/2021,EWN,NC,ASO,EN,Federal Contract Tower,4,6,2,0,12,0,0,5,0,5,4,6,7,0,17,12,0,12,29
04/02/2021,EWN,NC,ASO,EN,Federal Contract Tower,8,6,17,0,31,0,2,25,0,27,8,8,42,0,58,28,0,28,86
04/03/2021,EWN,NC,ASO,EN,Federal Contract Tower,8,3,14,0,25,0,3,45,4,52,8,6,59,4,77,66,14,80,157
04/04/2021,EWN,NC,ASO,EN,Federal Contract Tower,9,1,6,0,16,0,4,34,0,38,9,5,40,0,54,48,0,48,102
04/05/2021,EWN,NC,ASO,EN,Federal Contract Tower,9,2,15,0,26,0,1,52,0,53,9,3,67,0,79,134,0,134,213
04/06/2021,EWN,NC,ASO,EN,Federal Contract Tower,9,6,19,0,34,0,2,58,0,60,9,8,77,0,94,102,0,102,196
04/07/2021,EWN,NC,ASO,EN,Federal Contract Tower,9,6,20,0,35,0,3,64,0,67,9,9,84,0,102,126,0,126,228
04/08/2021,EWN,NC,ASO,EN,Federal Contract Tower,9,5,6,0,20,0,6,69,2,77,9,11,75,2,97,58,0,58,155
04/09/2021,EWN,NC,ASO,EN,Federal Contract Tower,9,6,11,2,28,0,9,66,0,75,9,15,77,2,103,88,4,92,195
04/10/2021,EWN,NC,ASO,EN,Federal Contract Tower,8,3,11,0,22,0,4,38,1,43,8,7,49,1,65,122,0,122,187
04/11/2021,EWN,NC,ASO,EN,Federal Contract Tower,9,1,4,0,14,0,0,35,0,35,9,1,39,0,49,44,0,44,93
04/12/2021,EWN,NC,ASO,EN,Federal Contract Tower,9,2,12,0,23,0,14,89,0,103,9,16,101,0,126,104,0,104,230
04/13/2021,EWN,NC,ASO,EN,Federal Contract Tower,8,6,17,2,33,0,10,59,4,73,8,16,76,6,106,110,0,110,216
04/14/2021,EWN,NC,ASO,EN,Federal Contract Tower,7,22,7,2,38,0,51,64,4,119,7,73,71,6,157,104,0,104,261
04/15/2021,EWN,NC,ASO,EN,Federal Contract Tower,9,5,16,4,34,0,31,44,10,85,9,36,60,14,119,84,0,84,203
04/16/2021,EWN,NC,ASO,EN,Federal Contract Tower,9,18,17,0,44,0,23,47,9,79,9,41,64,9,123,86,0,86,209
04/17/2021,EWN,NC,ASO,EN,Federal Contract Tower,9,11,11,0,31,0,11,49,5,65,9,22,60,5,96,156,0,156,252
04/18/2021,EWN,NC,ASO,EN,Federal Contract Tower,9,0,8,0,17,0,4,42,2,48,9,4,50,2,65,28,0,28,93
04/19/2021,EWN,NC,ASO,EN,Federal Contract Tower,9,2,8,2,21,0,1,22,1,24,9,3,30,3,45,72,0,72,117
04/20/2021,EWN,NC,ASO,EN,Federal Contract Tower,8,4,12,4,28,0,1,44,5,50,8,5,56,9,78,52,0,52,130
04/21/2021,EWN,NC,ASO,EN,Federal Contract Tower,8,7,10,4,29,0,2,37,5,44,8,9,47,9,73,54,2,56,129
04/22/2021,EWN,NC,ASO,EN,Federal Contract Tower,9,6,17,0,32,0,5,61,4,70,9,11,78,4,102,100,0,100,202
04/23/2021,EWN,NC,ASO,EN,Federal Contract Tower,9,6,17,2,34,0,6,74,8,88,9,12,91,10,122,94,0,94,216
04/24/2021,EWN,NC,ASO,EN,Federal Contract Tower,9,4,2,2,17,0,0,24,8,32,9,4,26,10,49,4,0,4,53
04/25/2021,EWN,NC,ASO,EN,Federal Contract Tower,9,0,4,0,13,0,5,9,0,14,9,5,13,0,27,0,0,0,27
04/26/2021,EWN,NC,ASO,EN,Federal Contract Tower,8,2,18,2,30,0,2,58,4,64,8,4,76,6,94,110,0,110,204
04/27/2021,EWN,NC,ASO,EN,Federal Contract Tower,9,6,5,0,20,0,2,42,5,49,9,8,47,5,69,92,0,92,161
04/28/2021,EWN,NC,ASO,EN,Federal Contract Tower,9,6,14,2,31,0,3,47,1,51,9,9,61,3,82,94,0,94,176
04/29/2021,EWN,NC,ASO,EN,Federal Contract Tower,9,6,12,0,27,0,3,38,2,43,9,9,50,2,70,46,0,46,116
04/30/2021,EWN,NC,ASO,EN,Federal Contract Tower,9,9,3,2,23,0,4,29,4,37,9,13,32,6,60,24,0,24,84
05/01/2021,EWN,NC,ASO,EN,Federal Contract Tower,9,2,11,0,22,0,3,44,0,47,9,5,55,0,69,88,0,88,157
05/02/2021,EWN,NC,ASO,EN,Federal Contract Tower,9,4,24,0,37,0,0,48,0,48,9,4,72,0,85,68,0,68,153
05/03/2021,EWN,NC,ASO,EN,Federal Contract Tower,9,2,6,1,18,0,1,23,5,29,9,3,29,6,47,94,0,94,141
05/04/2021,EWN,NC,ASO,EN,Federal Contract Tower,8,8,15,0,31,0,3,50,16,69,8,11,65,16,100,28,0,28,128
05/05/2021,EWN,NC,ASO,EN,Federal Contract Tower,8,7,11,2,28,0,2,43,6,51,8,9,54,8,79,146,0,146,225
05/06/2021,EWN,NC,ASO,EN,Federal Contract Tower,9,5,12,1,27,0,1,49,10,60,9,6,61,11,87,166,10,176,263
05/07/2021,EWN,NC,ASO,EN,Federal Contract Tower,12,7,4,0,23,0,3,31,6,40,12,10,35,6,63,88,0,88,151
05/08/2021,EWN,NC,ASO,EN,Federal Contract Tower,9,2,11,0,22,0,7,39,6,52,9,9,50,6,74,52,0,52,126
05/09/2021,EWN,NC,ASO,EN,Federal Contract Tower,9,0,5,0,14,0,5,28,3,36,9,5,33,3,50,10,0,10,60
05/10/2021,EWN,NC,ASO,EN,Federal Contract Tower,9,3,1,6,19,0,2,28,0,30,9,5,29,6,49,82,0,82,131
05/11/2021,EWN,NC,ASO,EN,Federal Contract Tower,8,6,11,18,43,0,3,68,10,81,8,9,79,28,124,138,0,138,262
05/12/2021,EWN,NC,ASO,EN,Federal Contract Tower,9,11,10,11,41,0,0,10,0,10,9,11,20,11,51,20,0,20,71
05/13/2021,EWN,NC,ASO,EN,Federal Contract Tower,9,7,20,0,36,0,1,41,6,48,9,8,61,6,84,64,0,64,148
05/14/2021,EWN,NC,ASO,EN,Federal Contract Tower,8,4,13,2,27,0,3,68,11,82,8,7,81,13,109,90,0,90,199
05/15/2021,EWN,NC,ASO,EN,Federal Contract Tower,9,1,7,0,17,0,3,44,10,57,9,4,51,10,74,110,0,110,184
05/16/2021,EWN,NC,ASO,EN,Federal Contract Tower,9,3,10,0,22,0,0,35,2,37,9,3,45,2,59,50,0,50,109
05/17/2021,EWN,NC,ASO,EN,Federal Contract Tower,9,2,17,2,30,0,2,54,0,56,9,4,71,2,86,108,0,108,194
05/18/2021,EWN,NC,ASO,EN,Federal Contract Tower,9,6,17,4,36,0,6,69,2,77,9,12,86,6,113,62,0,62,175
05/19/2021,EWN,NC,ASO,EN,Federal Contract Tower,9,6,12,2,29,0,8,133,2,143,9,14,145,4,172,92,0,92,264
05/20/2021,EWN,NC,ASO,EN,Federal Contract Tower,8,9,23,2,42,0,3,149,0,152,8,12,172,2,194,132,0,132,326
05/21/2021,EWN,NC,ASO,EN,Federal Contract Tower,9,7,13,0,29,0,6,45,23,74,9,13,58,23,103,148,0,148,251
05/22/2021,EWN,NC,ASO,EN,Federal Contract Tower,11,4,4,0,19,0,6,40,30,76,11,10,44,30,95,246,0,246,341
05/23/2021,EWN,NC,ASO,EN,Federal Contract Tower,9,1,9,0,19,0,2,46,14,62,9,3,55,14,81,188,0,188,269
05/24/2021,EWN,NC,ASO,EN,Federal Contract Tower,9,5,2,4,20,0,3,24,0,27,9,8,26,4,47,40,0,40,87
05/25/2021,EWN,NC,ASO,EN,Federal Contract Tower,9,6,12,2,29,0,1,39,11,51,9,7,51,13,80,50,10,60,140
05/26/2021,EWN,NC,ASO,EN,Federal Contract Tower,9,8,19,2,38,0,5,65,4,74,9,13,84,6,112,68,0,68,180
05/27/2021,EWN,NC,ASO,EN,Federal Contract Tower,7,6,6,2,21,0,0,54,13,67,7,6,60,15,88,104,0,104,192
05/28/2021,EWN,NC,ASO,EN,Federal Contract Tower,9,6,13,0,28,0,2,41,32,75,9,8,54,32,103,66,0,66,169
05/29/2021,EWN,NC,ASO,EN,Federal Contract Tower,9,4,4,0,17,0,3,27,31,61,9,7,31,31,78,36,0,36,114
05/30/2021,EWN,NC,ASO,EN,Federal Contract Tower,8,2,5,6,21,0,3,2,0,5,8,5,7,6,26,0,0,0,26
05/31/2021,EWN,NC,ASO,EN,Federal Contract Tower,9,2,14,0,25,0,2,76,0,78,9,4,90,0,103,88,0,88,191
06/01/2021,EWN,NC,ASO,EN,Federal Contract Tower,9,3,16,1,29,0,4,60,0,64,9,7,76,1,93,132,0,132,225
06/02/2021,EWN,NC,ASO,EN,Federal Contract Tower,8,6,15,0,29,0,4,16,0,20,8,10,31,0,49,28,0,28,77
06/03/2021,EWN,NC,ASO,EN,Federal Contract Tower,11,7,7,0,25,0,0,8,0,8,11,7,15,0,33,10,0,10,43
06/04/2021,EWN,NC,ASO,EN,Federal Contract Tower,9,7,16,0,32,0,2,10,12,24,9,9,26,12,56,26,0,26,82
06/05/2021,EWN,NC,ASO,EN,Federal Contract Tower,8,4,19,2,33,0,19,43,6,68,8,23,62,8,101,120,0,120,221
06/06/2021,EWN,NC,ASO,EN,Federal Contract Tower,9,10,14,3,36,0,4,55,0,59,9,14,69,3,95,96,0,96,191
06/07/2021,EWN,NC,ASO,EN,Federal Contract Tower,9,2,7,2,20,0,0,6,0,6,9,2,13,2,26,12,0,12,38
06/08/2021,EWN,NC,ASO,EN,Federal Contract Tower,9,6,15,3,33,0,1,29,0,30,9,7,44,3,63,44,0,44,107
06/09/2021,EWN,NC,ASO,EN,Federal Contract Tower,9,9,19,0,37,0,2,40,11,53,9,11,59,11,90,114,0,114,204
06/10/2021,EWN,NC,ASO,EN,Federal Contract Tower,9,8,23,0,40,0,0,13,5,18,9,8,36,5,58,36,0,36,94
06/11/2021,EWN,NC,ASO,EN,Federal Contract Tower,8,8,16,0,32,0,3,37,23,63,8,11,53,23,95,106,0,106,201
06/12/2021,EWN,NC,ASO,EN,Federal Contract Tower,7,2,13,0,22,0,1,12,18,31,7,3,25,18,53,54,0,54,107
06/13/2021,EWN,NC,ASO,EN,Federal Contract Tower,7,6,35,22,70,0,0,14,0,14,7,6,49,22,84,20,0,20,104
06/14/2021,EWN,NC,ASO,EN,Federal Contract Tower,14,4,7,2,27,0,3,23,2,28,14,7,30,4,55,52,0,52,107
06/15/2021,EWN,NC,ASO,EN,Federal Contract Tower,9,6,10,4,29,0,4,57,6,67,9,10,67,10,96,106,0,106,202
06/16/2021,EWN,NC,ASO,EN,Federal Contract Tower,9,6,10,11,36,0,1,91,12,104,9,7,101,23,140,150,0,150,290
06/17/2021,EWN,NC,ASO,EN,Federal Contract Tower,9,6,13,4,32,0,2,85,11,98,9,8,98,15,130,130,0,130,260
06/18/2021,EWN,NC,ASO,EN,Federal Contract Tower,9,7,2,0,18,0,7,42,15,64,9,14,44,15,82,58,0,58,140
06/19/2021,EWN,NC,ASO,EN,Federal Contract Tower,8,3,4,0,15,0,5,62,4,71,8,8,66,4,86,84,0,84,170
06/20/2021,EWN,NC,ASO,EN,Federal Contract Tower,7,2,2,0,11,0,2,41,0,43,7,4,43,0,54,246,0,246,300
06/21/2021,EWN,NC,ASO,EN,Federal Contract Tower,9,2,17,2,30,0,3,52,6,61,9,5,69,8,91,154,0,154,245
06/22/2021,EWN,NC,ASO,EN,Federal Contract Tower,10,6,11,4,31,0,0,40,0,40,10,6,51,4,71,206,0,206,277
06/23/2021,EWN,NC,ASO,EN,Federal Contract Tower,9,6,8,4,27,0,2,87,2,91,9,8,95,6,118,318,0,318,436
06/24/2021,EWN,NC,ASO,EN,Federal Contract Tower,9,7,15,6,37,0,7,89,28,124,9,14,104,34,161,268,0,268,429
06/25/2021,EWN,NC,ASO,EN,Federal Contract Tower,11,5,17,12,45,0,0,44,15,59,11,5,61,27,104,162,0,162,266
06/26/2021,EWN,NC,ASO,EN,Federal Contract Tower,8,3,16,2,29,0,11,75,15,101,8,14,91,17,130,310,2,312,442
06/27/2021,EWN,NC,ASO,EN,Federal Contract Tower,7,2,6,1,16,0,4,83,4,91,7,6,89,5,107,328,0,328,435
06/28/2021,EWN,NC,ASO,EN,Federal Contract Tower,9,4,9,0,22,0,6,69,6,81,9,10,78,6,103,294,0,294,397
06/29/2021,EWN,NC,ASO,EN,Federal Contract Tower,9,4,9,0,22,0,0,87,2,89,9,4,96,2,111,350,6,356,467
06/30/2021,EWN,NC,ASO,EN,Federal Contract Tower,9,12,15,1,37,0,4,87,6,97,9,16,102,7,134,348,0,348,482
07/01/2021,EWN,NC,ASO,EN,Federal Contract Tower,9,9,7,8,33,0,2,55,2,59,9,11,62,10,92,338,0,338,430
07/02/2021,EWN,NC,ASO,EN,Federal Contract Tower,8,7,6,0,21,0,0,21,9,30,8,7,27,9,51,158,0,158,209
07/03/2021,EWN,NC,ASO,EN,Federal Contract Tower,8,3,10,0,21,0,0,82,0,82,8,3,92,0,103,278,0,278,381
07/04/2021,EWN,NC,ASO,EN,Federal Contract Tower,6,2,4,0,12,0,0,66,0,66,6,2,70,0,78,254,0,254,332
07/05/2021,EWN,NC,ASO,EN,Federal Contract Tower,9,0,10,2,21,0,5,88,0,93,9,5,98,2,114,302,0,302,416
07/06/2021,EWN,NC,ASO,EN,Federal Contract Tower,9,7,11,0,27,0,2,71,2,75,9,9,82,2,102,274,0,274,376
07/07/2021,EWN,NC,ASO,EN,Federal Contract Tower,9,6,14,0,29,0,4,55,5,64,9,10,69,5,93,254,1,255,348
07/08/2021,EWN,NC,ASO,EN,Federal Contract Tower,8,6,4,0,18,0,0,0,0,0,8,6,4,0,18,0,0,0,18
07/09/2021,EWN,NC,ASO,EN,Federal Contract Tower,11,7,17,2,37,0,5,47,10,62,11,12,64,12,99,176,8,184,283
07/10/2021,EWN,NC,ASO,EN,Federal Contract Tower,8,4,4,0,16,0,12,37,30,79,8,16,41,30,95,174,0,174,269
07/11/2021,EWN,NC,ASO,EN,Federal Contract Tower,8,7,13,0,28,0,0,50,10,60,8,7,63,10,88,206,0,206,294
07/12/2021,EWN,NC,ASO,EN,Federal Contract Tower,9,4,8,0,21,0,6,74,2,82,9,10,82,2,103,288,0,288,391
07/13/2021,EWN,NC,ASO,EN,Federal Contract Tower,9,11,13,0,33,0,2,67,6,75,9,13,80,6,108,250,30,280,388
07/14/2021,EWN,NC,ASO,EN,Federal Contract Tower,9,6,21,0,36,0,9,78,5,92,9,15,99,5,128,254,0,254,382
07/15/2021,EWN,NC,ASO,EN,Federal Contract Tower,11,6,5,0,22,0,4,59,9,72,11,10,64,9,94,122,0,122,216
07/16/2021,EWN,NC,ASO,EN,Federal Contract Tower,9,4,9,2,24,0,12,46,25,83,9,16,55,27,107,106,0,106,213
07/17/2021,EWN,NC,ASO,EN,Federal Contract Tower,8,5,9,6,28,0,1,127,10,138,8,6,136,16,166,164,0,164,330
07/18/2021,EWN,NC,ASO,EN,Federal Contract Tower,7,1,11,0,19,0,1,56,3,60,7,2,67,3,79,204,0,204,283
07/19/2021,EWN,NC,ASO,EN,Federal Contract Tower,9,3,4,1,17,0,0,8,0,8,9,3,12,1,25,4,0,4,29
07/20/2021,EWN,NC,ASO,EN,Federal Contract Tower,8,6,13,0,27,0,2,11,0,13,8,8,24,0,40,0,0,0,40
07/21/2021,EWN,NC,ASO,EN,Federal Contract Tower,9,7,16,0,32,0,5,86,0,91,9,12,102,0,123,230,0,230,353
07/22/2021,EWN,NC,ASO,EN,Federal Contract Tower,8,10,11,2,31,0,9,59,0,68,8,19,70,2,99,328,2,330,429
07/23/2021,EWN,NC,ASO,EN,Federal Contract Tower,9,6,15,0,30,0,8,42,23,73,9,14,57,23,103,18,0,18,121
07/24/2021,EWN,NC,ASO,EN,Federal Contract Tower,8,4,7,0,19,0,3,68,31,102,8,7,75,31,121,204,0,204,325
07/25/2021,EWN,NC,ASO,EN,Federal Contract Tower,7,2,8,0,17,0,3,74,14,91,7,5,82,14,108,190,0,190,298
07/26/2021,EWN,NC,ASO,EN,Federal Contract Tower,6,3,12,0,21,0,7,62,2,71,6,10,74,2,92,230,0,230,322
07/27/2021,EWN,NC,ASO,EN,Federal Contract Tower,9,10,8,2,29,0,3,37,7,47,9,13,45,9,76,154,0,154,230
07/28/2021,EWN,NC,ASO,EN,Federal Contract Tower,9,7,14,0,30,0,2,21,0,23,9,9,35,0,53,88,0,88,141
07/29/2021,EWN,NC,ASO,EN,Federal Contract Tower,9,4,7,2,22,0,3,68,5,76,9,7,75,7,98,196,0,196,294
07/30/2021,EWN,NC,ASO,EN,Federal Contract Tower,9,12,8,2,31,0,5,52,4,61,9,17,60,6,92,110,0,110,202
07/31/2021,EWN,NC,ASO,EN,Federal Contract Tower,8,4,18,3,33,0,12,15,8,35,8,16,33,11,68,88,0,88,156
08/01/2021,EWN,NC,ASO,EN,Federal Contract Tower,7,0,8,0,15,0,0,42,0,42,7,0,50,0,57,200,0,200,257
08/02/2021,EWN,NC,ASO,EN,Federal Contract Tower,11,2,14,6,33,0,0,11,2,13,11,2,25,8,46,56,0,56,102
08/03/2021,EWN,NC,ASO,EN,Federal Contract Tower,8,4,0,0,12,0,1,20,0,21,8,5,20,0,33,150,0,150,183
08/04/2021,EWN,NC,ASO,EN,Federal Contract Tower,9,10,1,0,20,0,0,0,0,0,9,10,1,0,20,0,0,0,20
08/05/2021,EWN,NC,ASO,EN,Federal Contract Tower,9,9,17,0,35,0,4,34,0,38,9,13,51,0,73,118,0,118,191
08/06/2021,EWN,NC,ASO,EN,Federal Contract Tower,9,9,28,2,48,0,2,34,2,38,9,11,62,4,86,68,0,68,154
08/07/2021,EWN,NC,ASO,EN,Federal Contract Tower,7,4,0,30,41,0,4,8,17,29,7,8,8,47,70,22,0,22,92
08/08/2021,EWN,NC,ASO,EN,Federal Contract Tower,8,0,21,0,29,0,4,69,1,74,8,4,90,1,103,94,0,94,197
08/09/2021,EWN,NC,ASO,EN,Federal Contract Tower,9,3,9,0,21,0,1,62,4,67,9,4,71,4,88,132,0,132,220
08/10/2021,EWN,NC,ASO,EN,Federal Contract Tower,9,6,8,6,29,0,4,57,18,79,9,10,65,24,108,96,0,96,204
08/11/2021,EWN,NC,ASO,EN,Federal Contract Tower,9,7,8,0,24,0,3,48,4,55,9,10,56,4,79,66,0,66,145
08/12/2021,EWN,NC,ASO,EN,Federal Contract Tower,9,6,6,6,27,0,0,42,8,50,9,6,48,14,77,86,0,86,163
08/13/2021,EWN,NC,ASO,EN,Federal Contract Tower,9,6,13,0,28,0,14,45,6,65,9,20,58,6,93,102,6,108,201
08/14/2021,EWN,NC,ASO,EN,Federal Contract Tower,8,2,7,0,17,0,5,27,9,41,8,7,34,9,58,118,0,118,176
08/15/2021,EWN,NC,ASO,EN,Federal Contract Tower,7,0,6,0,13,0,2,31,3,36,7,2,37,3,49,20,0,20,69
08/16/2021,EWN,NC,ASO,EN,Federal Contract Tower,9,2,7,1,19,0,0,40,0,40,9,2,47,1,59,44,0,44,103
08/17/2021,EWN,NC,ASO,EN,Federal Contract Tower,7,2,15,4,28,0,1,40,6,47,7,3,55,10,75,30,0,30,105
08/18/2021,EWN,NC,ASO,EN,Federal Contract Tower,7,8,12,2,29,0,1,25,3,29,7,9,37,5,58,16,0,16,74
08/19/2021,EWN,NC,ASO,EN,Federal Contract Tower,8,4,23,2,37,0,2,34,27,63,8,6,57,29,100,36,0,36,136
08/20/2021,EWN,NC,ASO,EN,Federal Contract Tower,8,4,4,7,23,0,0,15,24,39,8,4,19,31,62,36,8,44,106
08/21/2021,EWN,NC,ASO,EN,Federal Contract Tower,8,2,18,4,32,0,9,14,7,30,8,11,32,11,62,12,0,12,74
08/22/2021,EWN,NC,ASO,EN,Federal Contract Tower,8,1,9,0,18,0,2,21,2,25,8,3,30,2,43,22,0,22,65
08/23/2021,EWN,NC,ASO,EN,Federal Contract Tower,11,4,31,0,46,0,0,53,4,57,11,4,84,4,103,66,0,66,169
08/24/2021,EWN,NC,ASO,EN,Federal Contract Tower,7,10,15,1,33,0,3,47,1,51,7,13,62,2,84,110,0,110,194
08/25/2021,EWN,NC,ASO,EN,Federal Contract Tower,7,12,6,0,25,0,8,51,0,59,7,20,57,0,84,98,0,98,182
08/26/2021,EWN,NC,ASO,EN,Federal Contract Tower,8,6,16,2,32,0,5,60,1,66,8,11,76,3,98,72,2,74,172
08/27/2021,EWN,NC,ASO,EN,Federal Contract Tower,8,4,15,1,28,0,5,55,28,88,8,9,70,29,116,46,0,46,162
08/28/2021,EWN,NC,ASO,EN,Federal Contract Tower,7,4,11,0,22,0,5,44,31,80,7,9,55,31,102,64,6,70,172
08/29/2021,EWN,NC,ASO,EN,Federal Contract Tower,8,0,15,0,23,0,3,49,10,62,8,3,64,10,85,48,16,64,149
08/30/2021,EWN,NC,ASO,EN,Federal Contract Tower,7,2,15,1,25,0,2,49,3,54,7,4,64,4,79,108,0,108,187
08/31/2021,EWN,NC,ASO,EN,Federal Contract Tower,8,7,11,2,28,0,1,55,0,56,8,8,66,2,84,98,0,98,182
09/01/2021,EWN,NC,ASO,EN,Federal Contract Tower,6,4,12,0,22,0,5,22,2,29,6,9,34,2,51,20,2,22,73
09/02/2021,EWN,NC,ASO,EN,Federal Contract Tower,8,6,18,4,36,0,1,26,12,39,8,7,44,16,75,78,0,78,153
09/03/2021,EWN,NC,ASO,EN,Federal Contract Tower,8,5,11,2,26,0,5,50,8,63,8,10,61,10,89,102,0,102,191
09/04/2021,EWN,NC,ASO,EN,Federal Contract Tower,7,3,13,0,23,0,3,57,0,60,7,6,70,0,83,168,0,168,251
09/05/2021,EWN,NC,ASO,EN,Federal Contract Tower,6,0,10,0,16,0,1,48,2,51,6,1,58,2,67,102,0,102,169
09/06/2021,EWN,NC,ASO,EN,Federal Contract Tower,6,0,12,0,18,0,2,55,0,57,6,2,67,0,75,96,0,96,171
09/07/2021,EWN,NC,ASO,EN,Federal Contract Tower,7,4,22,0,33,0,6,48,6,60,7,10,70,6,93,104,0,104,197
09/08/2021,EWN,NC,ASO,EN,Federal Contract Tower,6,4,9,0,19,0,7,40,3,50,6,11,49,3,69,82,0,82,151
09/09/2021,EWN,NC,ASO,EN,Federal Contract Tower,8,4,6,2,20,0,0,11,0,11,8,4,17,2,31,40,0,40,71
09/10/2021,EWN,NC,ASO,EN,Federal Contract Tower,8,8,17,0,33,0,18,56,14,88,8,26,73,14,121,138,0,138,259
09/11/2021,EWN,NC,ASO,EN,Federal Contract Tower,6,5,4,0,15,0,7,38,15,60,6,12,42,15,75,114,0,114,189
09/12/2021,EWN,NC,ASO,EN,Federal Contract Tower,8,0,9,0,17,0,3,25,2,30,8,3,34,2,47,64,0,64,111
09/13/2021,EWN,NC,ASO,EN,Federal Contract Tower,7,4,16,0,27,0,0,53,4,57,7,4,69,4,84,82,0,82,166
09/14/2021,EWN,NC,ASO,EN,Federal Contract Tower,6,6,12,2,26,0,5,53,2,60,6,11,65,4,86,92,0,92,178
09/15/2021,EWN,NC,ASO,EN,Federal Contract Tower,6,4,16,2,28,0,3,63,6,72,6,7,79,8,100,90,6,96,196
09/16/2021,EWN,NC,ASO,EN,Federal Contract Tower,8,7,7,0,22,0,2,56,6,64,8,9,63,6,86,60,0,60,146
09/17/2021,EWN,NC,ASO,EN,Federal Contract Tower,8,6,7,5,26,0,1,6,6,13,8,7,13,11,39,18,2,20,59
09/18/2021,EWN,NC,ASO,EN,Federal Contract Tower,7,2,5,1,15,0,5,119,11,135,7,7,124,12,150,64,4,68,218
09/19/2021,EWN,NC,ASO,EN,Federal Contract Tower,8,2,9,0,19,0,6,52,0,58,8,8,61,0,77,236,0,236,313
09/20/2021,EWN,NC,ASO,EN,Federal Contract Tower,7,2,1,0,10,0,2,60,2,64,7,4,61,2,74,118,0,118,192
09/21/2021,EWN,NC,ASO,EN,Federal Contract Tower,6,4,12,4,26,0,2,28,4,34,6,6,40,8,60,32,0,32,92
09/22/2021,EWN,NC,ASO,EN,Federal Contract Tower,6,4,9,4,23,0,0,15,0,15,6,4,24,4,38,40,0,40,78
09/23/2021,EWN,NC,ASO,EN,Federal Contract Tower,8,6,12,0,26,0,5,21,0,26,8,11,33,0,52,36,0,36,88
09/24/2021,EWN,NC,ASO,EN,Federal Contract Tower,7,4,8,9,28,0,5,51,5,61,7,9,59,14,89,126,7,133,222
09/25/2021,EWN,NC,ASO,EN,Federal Contract Tower,8,2,7,0,17,0,7,38,4,49,8,9,45,4,66,56,0,56,122
09/26/2021,EWN,NC,ASO,EN,Federal Contract Tower,8,7,11,5,31,0,3,55,7,65,8,10,66,12,96,62,0,62,158
09/27/2021,EWN,NC,ASO,EN,Federal Contract Tower,8,2,16,1,27,0,2,51,5,58,8,4,67,6,85,94,0,94,179
09/28/2021,EWN,NC,ASO,EN,Federal Contract Tower,5,10,12,2,29,0,4,61,3,68,5,14,73,5,97,100,0,100,197
09/29/2021,EWN,NC,ASO,EN,Federal Contract Tower,7,2,14,3,26,0,6,53,3,62,7,8,67,6,88,56,6,62,150
09/30/2021,EWN,NC,ASO,EN,Federal Contract Tower,9,4,15,1,29,0,4,61,5,70,9,8,76,6,99,154,0,154,253
10/01/2021,EWN,NC,ASO,EN,Federal Contract Tower,8,6,6,2,22,0,3,39,20,62,8,9,45,22,84,132,0,132,216
10/02/2021,EWN,NC,ASO,EN,Federal Contract Tower,7,2,9,0,18,0,7,44,8,59,7,9,53,8,77,78,0,78,155
10/03/2021,EWN,NC,ASO,EN,Federal Contract Tower,7,6,6,2,21,0,3,34,1,38,7,9,40,3,59,42,0,42,101
10/04/2021,EWN,NC,ASO,EN,Federal Contract Tower,7,4,8,2,21,0,3,39,2,44,7,7,47,4,65,108,28,136,201
10/05/2021,EWN,NC,ASO,EN,Federal Contract Tower,6,10,5,2,23,0,1,58,0,59,6,11,63,2,82,178,0,178,260
10/06/2021,EWN,NC,ASO,EN,Federal Contract Tower,6,7,10,6,29,0,2,48,6,56,6,9,58,12,85,104,0,104,189
10/07/2021,EWN,NC,ASO,EN,Federal Contract Tower,7,9,26,22,64,0,0,7,0,7,7,9,33,22,71,18,0,18,89
10/08/2021,EWN,NC,ASO,EN,Federal Contract Tower,7,4,12,11,34,0,4,21,11,36,7,8,33,22,70,78,0,78,148
10/09/2021,EWN,NC,ASO,EN,Federal Contract Tower,10,2,11,4,27,0,0,1,0,1,10,2,12,4,28,0,0,0,28
10/10/2021,EWN,NC,ASO,EN,Federal Contract Tower,8,2,16,0,26,0,0,0,0,0,8,2,16,0,26,0,0,0,26
10/11/2021,EWN,NC,ASO,EN,Federal Contract Tower,8,7,36,0,51,0,6,20,0,26,8,13,56,0,77,24,0,24,101
10/12/2021,EWN,NC,ASO,EN,Federal Contract Tower,7,5,34,0,46,0,0,3,0,3,7,5,37,0,49,16,0,16,65
10/13/2021,EWN,NC,ASO,EN,Federal Contract Tower,8,4,21,0,33,0,2,29,11,42,8,6,50,11,75,138,0,138,213
10/14/2021,EWN,NC,ASO,EN,Federal Contract Tower,8,3,12,0,23,0,3,61,1,65,8,6,73,1,88,86,0,86,174
10/15/2021,EWN,NC,ASO,EN,Federal Contract Tower,8,4,28,6,46,0,5,64,21,90,8,9,92,27,136,182,0,182,318
10/16/2021,EWN,NC,ASO,EN,Federal Contract Tower,7,3,7,0,17,0,5,29,12,46,7,8,36,12,63,100,0,100,163
10/17/2021,EWN,NC,ASO,EN,Federal Contract Tower,8,1,12,0,21,0,0,32,4,36,8,1,44,4,57,28,0,28,85
10/18/2021,EWN,NC,ASO,EN,Federal Contract Tower,8,4,14,0,26,0,4,47,0,51,8,8,61,0,77,100,0,100,177
10/19/2021,EWN,NC,ASO,EN,Federal Contract Tower,7,5,20,0,32,0,7,56,12,75,7,12,76,12,107,126,0,126,233
10/20/2021,EWN,NC,ASO,EN,Federal Contract Tower,8,5,32,2,47,0,0,54,26,80,8,5,86,28,127,78,2,80,207
10/21/2021,EWN,NC,ASO,EN,Federal Contract Tower,8,5,7,4,24,0,7,80,23,110,8,12,87,27,134,202,0,202,336
10/22/2021,EWN,NC,ASO,EN,Federal Contract Tower,8,5,28,3,44,0,8,30,8,46,8,13,58,11,90,72,0,72,162
10/23/2021,EWN,NC,ASO,EN,Federal Contract Tower,7,2,25,2,36,0,3,33,17,53,7,5,58,19,89,56,0,56,145
10/24/2021,EWN,NC,ASO,EN,Federal Contract Tower,8,2,16,4,30,0,1,41,19,61,8,3,57,23,91,32,0,32,123
10/25/2021,EWN,NC,ASO,EN,Federal Contract Tower,8,2,15,1,26,0,7,45,20,72,8,9,60,21,98,150,0,150,248
10/26/2021,EWN,NC,ASO,EN,Federal Contract Tower,7,6,10,8,31,0,0,59,6,65,7,6,69,14,96,128,0,128,224
10/27/2021,EWN,NC,ASO,EN,Federal Contract Tower,8,6,13,0,27,0,4,48,0,52,8,10,61,0,79,124,0,124,203
10/28/2021,EWN,NC,ASO,EN,Federal Contract Tower,7,4,13,4,28,0,2,50,13,65,7,6,63,17,93,170,0,170,263
10/29/2021,EWN,NC,ASO,EN,Federal Contract Tower,9,6,9,0,24,0,5,13,31,49,9,11,22,31,73,38,0,38,111
10/30/2021,EWN,NC,ASO,EN,Federal Contract Tower,7,2,17,4,30,0,7,51,24,82,7,9,68,28,112,42,0,42,154
10/31/2021,EWN,NC,ASO,EN,Federal Contract Tower,8,0,13,0,21,0,0,14,0,14,8,0,27,0,35,16,0,16,51
11/01/2021,EWN,NC,ASO,EN,Federal Contract Tower,6,4,17,0,27,0,1,73,0,74,6,5,90,0,101,148,0,148,249
11/02/2021,EWN,NC,ASO,EN,Federal Contract Tower,8,6,6,0,20,0,2,62,10,74,8,8,68,10,94,140,0,140,234
11/03/2021,EWN,NC,ASO,EN,Federal Contract Tower,8,4,10,2,24,0,5,52,11,68,8,9,62,13,92,146,8,154,246
11/04/2021,EWN,NC,ASO,EN,Federal Contract Tower,8,5,7,7,27,0,0,36,7,43,8,5,43,14,70,116,8,124,194
11/05/2021,EWN,NC,ASO,EN,Federal Contract Tower,8,6,2,6,22,0,4,41,30,75,8,10,43,36,97,96,0,96,193
11/06/2021,EWN,NC,ASO,EN,Federal Contract Tower,8,2,3,9,22,0,0,12,12,24,8,2,15,21,46,58,0,58,104
11/07/2021,EWN,NC,ASO,EN,Federal Contract Tower,8,1,4,0,13,0,3,3,14,20,8,4,7,14,33,0,0,0,33
11/08/2021,EWN,NC,ASO,EN,Federal Contract Tower,8,2,9,0,19,0,1,60,1,62,8,3,69,1,81,118,0,118,199
11/09/2021,EWN,NC,ASO,EN,Federal Contract Tower,6,6,28,0,40,0,0,54,9,63,6,6,82,9,103,192,0,192,295
11/10/2021,EWN,NC,ASO,EN,Federal Contract Tower,7,4,10,0,21,0,3,53,24,80,7,7,63,24,101,98,0,98,199
11/11/2021,EWN,NC,ASO,EN,Federal Contract Tower,8,4,16,0,28,0,9,55,17,81,8,13,71,17,109,146,0,146,255
11/12/2021,EWN,NC,ASO,EN,Federal Contract Tower,8,5,9,4,26,0,3,23,0,26,8,8,32,4,52,82,0,82,134
11/13/2021,EWN,NC,ASO,EN,Federal Contract Tower,8,2,8,0,18,0,1,37,0,38,8,3,45,0,56,46,0,46,102
11/14/2021,EWN,NC,ASO,EN,Federal Contract Tower,10,1,17,0,28,0,0,45,0,45,10,1,62,0,73,32,0,32,105
11/15/2021,EWN,NC,ASO,EN,Federal Contract Tower,8,2,13,1,24,0,3,51,1,55,8,5,64,2,79,110,2,112,191
11/16/2021,EWN,NC,ASO,EN,Federal Contract Tower,6,7,20,4,37,0,1,60,2,63,6,8,80,6,100,130,0,130,230
11/17/2021,EWN,NC,ASO,EN,Federal Contract Tower,8,4,10,0,22,0,2,56,8,66,8,6,66,8,88,180,0,180,268
11/18/2021,EWN,NC,ASO,EN,Federal Contract Tower,8,4,20,0,32,0,1,50,2,53,8,5,70,2,85,130,0,130,215
11/19/2021,EWN,NC,ASO,EN,Federal Contract Tower,8,7,13,6,34,0,10,48,19,77,8,17,61,25,111,58,4,62,173
11/20/2021,EWN,NC,ASO,EN,Federal Contract Tower,8,3,6,6,23,0,11,49,15,75,8,14,55,21,98,96,0,96,194
11/21/2021,EWN,NC,ASO,EN,Federal Contract Tower,7,0,21,0,28,0,4,44,14,62,7,4,65,14,90,70,0,70,160
11/22/2021,EWN,NC,ASO,EN,Federal Contract Tower,9,2,8,4,23,0,0,7,1,8,9,2,15,5,31,40,0,40,71
11/23/2021,EWN,NC,ASO,EN,Federal Contract Tower,8,6,23,5,42,0,3,48,21,72,8,9,71,26,114,22,0,22,136
11/24/2021,EWN,NC,ASO,EN,Federal Contract Tower,8,6,17,0,31,0,1,72,8,81,8,7,89,8,112,136,0,136,248
11/25/2021,EWN,NC,ASO,EN,Federal Contract Tower,3,0,0,0,3,0,2,13,0,15,3,2,13,0,18,10,0,10,28
11/26/2021,EWN,NC,ASO,EN,Federal Contract Tower,9,6,8,0,23,0,6,28,0,34,9,12,36,0,57,36,0,36,93
11/27/2021,EWN,NC,ASO,EN,Federal Contract Tower,8,2,6,0,16,0,9,78,0,87,8,11,84,0,103,98,0,98,201
11/28/2021,EWN,NC,ASO,EN,Federal Contract Tower,7,1,21,0,29,0,0,46,0,46,7,1,67,0,75,28,0,28,103
11/29/2021,EWN,NC,ASO,EN,Federal Contract Tower,9,3,5,0,17,0,12,32,0,44,9,15,37,0,61,126,0,126,187
11/30/2021,EWN,NC,ASO,EN,Federal Contract Tower,9,6,18,0,33,0,3,55,6,64,9,9,73,6,97,122,0,122,219
12/01/2021,EWN,NC,ASO,EN,Federal Contract Tower,8,4,15,0,27,0,5,68,8,81,8,9,83,8,108,184,0,184,292
12/02/2021,EWN,NC,ASO,EN,Federal Contract Tower,8,7,17,0,32,0,12,52,0,64,8,19,69,0,96,144,0,144,240
12/03/2021,EWN,NC,ASO,EN,Federal Contract Tower,8,4,20,4,36,0,5,61,30,96,8,9,81,34,132,224,28,252,384
12/04/2021,EWN,NC,ASO,EN,Federal Contract Tower,13,2,13,2,30,0,6,48,24,78,13,8,61,26,108,112,4,116,224
12/05/2021,EWN,NC,ASO,EN,Federal Contract Tower,8,1,12,0,21,0,7,47,22,76,8,8,59,22,97,84,8,92,189
12/06/2021,EWN,NC,ASO,EN,Federal Contract Tower,9,5,20,5,39,0,2,39,12,53,9,7,59,17,92,148,6,154,246
12/07/2021,EWN,NC,ASO,EN,Federal Contract Tower,8,6,11,4,29,0,5,37,5,47,8,11,48,9,76,124,0,124,200
12/08/2021,EWN,NC,ASO,EN,Federal Contract Tower,7,5,7,0,19,0,0,0,0,0,7,5,7,0,19,0,0,0,19
12/09/2021,EWN,NC,ASO,EN,Federal Contract Tower,9,8,10,0,27,0,1,60,7,68,9,9,70,7,95,122,0,122,217
12/10/2021,EWN,NC,ASO,EN,Federal Contract Tower,10,6,13,1,30,0,2,28,5,35,10,8,41,6,65,74,0,74,139
12/11/2021,EWN,NC,ASO,EN,Federal Contract Tower,8,3,10,0,21,0,5,44,14,63,8,8,54,14,84,120,0,120,204
12/12/2021,EWN,NC,ASO,EN,Federal Contract Tower,8,0,19,0,27,0,6,42,3,51,8,6,61,3,78,116,0,116,194
12/14/2021,EWN,NC,ASO,EN,Federal Contract Tower,8,5,9,0,22,0,8,61,0,69,8,13,70,0,91,154,0,154,245
12/15/2021,EWN,NC,ASO,EN,Federal Contract Tower,8,4,7,3,22,0,6,28,6,40,8,10,35,9,62,104,0,104,166
12/16/2021,EWN,NC,ASO,EN,Federal Contract Tower,7,6,11,0,24,0,0,44,8,52,7,6,55,8,76,138,0,138,214
12/17/2021,EWN,NC,ASO,EN,Federal Contract Tower,6,6,14,0,26,0,3,33,16,52,6,9,47,16,78,90,0,90,168
12/18/2021,EWN,NC,ASO,EN,Federal Contract Tower,8,2,10,2,22,0,3,27,8,38,8,5,37,10,60,90,0,90,150
12/19/2021,EWN,NC,ASO,EN,Federal Contract Tower,9,0,1,1,11,0,1,0,0,1,9,1,1,1,12,0,0,0,12
12/20/2021,EWN,NC,ASO,EN,Federal Contract Tower,5,5,14,2,26,0,2,68,2,72,5,7,82,4,98,128,0,128,226
12/21/2021,EWN,NC,ASO,EN,Federal Contract Tower,8,6,8,0,22,0,3,25,9,37,8,9,33,9,59,110,0,110,169
12/22/2021,EWN,NC,ASO,EN,Federal Contract Tower,8,8,18,0,34,0,5,36,10,51,8,13,54,10,85,98,0,98,183
12/23/2021,EWN,NC,ASO,EN,Federal Contract Tower,6,6,11,2,25,0,0,57,8,65,6,6,68,10,90,48,0,48,138
12/24/2021,EWN,NC,ASO,EN,Federal Contract Tower,4,4,2,0,10,0,4,22,0,26,4,8,24,0,36,0,0,0,36
12/25/2021,EWN,NC,ASO,EN,Federal Contract Tower,8,0,1,0,9,0,2,0,0,2,8,2,1,0,11,0,0,0,11
12/26/2021,EWN,NC,ASO,EN,Federal Contract Tower,7,0,10,0,17,0,2,31,0,33,7,2,41,0,50,50,0,50,100
12/27/2021,EWN,NC,ASO,EN,Federal Contract Tower,8,3,13,0,24,0,1,50,0,51,8,4,63,0,75,104,0,104,179
12/28/2021,EWN,NC,ASO,EN,Federal Contract Tower,7,6,14,0,27,0,1,36,0,37,7,7,50,0,64,98,0,98,162
12/29/2021,EWN,NC,ASO,EN,Federal Contract Tower,7,4,10,0,21,0,6,31,12,49,7,10,41,12,70,52,0,52,122
12/30/2021,EWN,NC,ASO,EN,Federal Contract Tower,7,4,7,0,18,0,0,8,6,14,7,4,15,6,32,0,0,0,32
12/31/2021,EWN,NC,ASO,EN,Federal Contract Tower,4,4,18,0,26,0,0,39,0,39,4,4,57,0,65,90,0,90,155
01/01/2022,EWN,NC,ASO,EN,Federal Contract Tower,7,2,2,0,11,0,4,2,1,7,7,6,4,1,18,0,0,0,18
01/02/2022,EWN,NC,ASO,EN,Federal Contract Tower,6,0,1,0,7,0,0,22,0,22,6,0,23,0,29,30,0,30,59
01/03/2022,EWN,NC,ASO,EN,Federal Contract Tower,6,2,5,0,13,0,0,0,0,0,6,2,5,0,13,0,0,0,13
01/04/2022,EWN,NC,ASO,EN,Federal Contract Tower,7,7,10,0,24,0,3,41,0,44,7,10,51,0,68,44,0,44,112
01/05/2022,EWN,NC,ASO,EN,Federal Contract Tower,7,7,13,2,29,0,0,7,0,7,7,7,20,2,36,0,0,0,36
01/06/2022,EWN,NC,ASO,EN,Federal Contract Tower,7,12,13,0,32,0,2,33,2,37,7,14,46,2,69,74,0,74,143
01/07/2022,EWN,NC,ASO,EN,Federal Contract Tower,5,6,3,0,14,0,5,42,2,49,5,11,45,2,63,78,0,78,141
01/08/2022,EWN,NC,ASO,EN,Federal Contract Tower,6,2,14,0,22,0,1,37,0,38,6,3,51,0,60,94,0,94,154
01/09/2022,EWN,NC,ASO,EN,Federal Contract Tower,6,0,10,0,16,0,2,23,0,25,6,2,33,0,41,82,0,82,123
01/10/2022,EWN,NC,ASO,EN,Federal Contract Tower,7,2,7,0,16,0,2,41,0,43,7,4,48,0,59,64,0,64,123
01/11/2022,EWN,NC,ASO,EN,Federal Contract Tower,6,5,7,13,31,0,4,27,1,32,6,9,34,14,63,104,0,104,167
01/12/2022,EWN,NC,ASO,EN,Federal Contract Tower,7,9,19,8,43,0,4,39,2,45,7,13,58,10,88,46,0,46,134
01/13/2022,EWN,NC,ASO,EN,Federal Contract Tower,8,7,9,3,27,0,7,42,5,54,8,14,51,8,81,66,0,66,147
01/14/2022,EWN,NC,ASO,EN,Federal Contract Tower,8,4,1,0,13,0,3,46,6,55,8,7,47,6,68,66,0,66,134
01/15/2022,EWN,NC,ASO,EN,Federal Contract Tower,8,3,7,0,18,0,1,58,0,59,8,4,65,0,77,114,0,114,191
01/16/2022,EWN,NC,ASO,EN,Federal Contract Tower,0,0,0,0,0,0,0,0,0,0,0,0,0,0,0,0,0,0,0
01/17/2022,EWN,NC,ASO,EN,Federal Contract Tower,2,4,3,0,9,0,6,6,0,12,2,10,9,0,21,0,0,0,21
01/18/2022,EWN,NC,ASO,EN,Federal Contract Tower,191,126,242,43,602,0,84,982,64,1130,191,210,1224,107,1732,2068,6,2074,3806
01/19/2022,EWN,NC,ASO,EN,Federal Contract Tower,7,6,12,4,29,0,2,62,2,66,7,8,74,6,95,170,0,170,265
01/20/2022,EWN,NC,ASO,EN,Federal Contract Tower,7,7,9,0,23,0,1,24,16,41,7,8,33,16,64,78,0,78,142
01/21/2022,EWN,NC,ASO,EN,Federal Contract Tower,0,0,0,0,0,0,0,0,0,0,0,0,0,0,0,0,0,0,0
01/22/2022,EWN,NC,ASO,EN,Federal Contract Tower,2,1,4,0,7,0,1,6,0,7,2,2,10,0,14,8,0,8,22
01/23/2022,EWN,NC,ASO,EN,Federal Contract Tower,7,1,7,0,15,0,0,48,0,48,7,1,55,0,63,108,0,108,171
01/24/2022,EWN,NC,ASO,EN,Federal Contract Tower,8,3,8,1,20,0,5,45,0,50,8,8,53,1,70,94,4,98,168
01/25/2022,EWN,NC,ASO,EN,Federal Contract Tower,8,12,6,2,28,0,0,51,0,51,8,12,57,2,79,134,0,134,213
01/26/2022,EWN,NC,ASO,EN,Federal Contract Tower,6,4,9,2,21,0,2,52,1,55,6,6,61,3,76,100,0,100,176
01/27/2022,EWN,NC,ASO,EN,Federal Contract Tower,7,6,6,2,21,0,3,67,7,77,7,9,73,9,98,112,0,112,210
01/28/2022,EWN,NC,ASO,EN,Federal Contract Tower,8,5,13,6,32,0,5,41,9,55,8,10,54,15,87,126,2,128,215
01/29/2022,EWN,NC,ASO,EN,Federal Contract Tower,8,1,5,0,14,0,8,5,0,13,8,9,10,0,27,6,0,6,33
01/30/2022,EWN,NC,ASO,EN,Federal Contract Tower,6,0,21,0,27,0,0,26,10,36,6,0,47,10,63,84,0,84,147
01/31/2022,EWN,NC,ASO,EN,Federal Contract Tower,7,2,8,0,17,0,6,46,0,52,7,8,54,0,69,82,0,82,151
02/01/2022,EWN,NC,ASO,EN,Federal Contract Tower,8,8,20,2,38,0,0,42,3,45,8,8,62,5,83,74,6,80,163
02/02/2022,EWN,NC,ASO,EN,Federal Contract Tower,7,6,14,0,27,0,6,30,5,41,7,12,44,5,68,32,0,32,100
02/03/2022,EWN,NC,ASO,EN,Federal Contract Tower,8,6,14,3,31,0,1,41,0,42,8,7,55,3,73,48,0,48,121
02/04/2022,EWN,NC,ASO,EN,Federal Contract Tower,8,4,13,0,25,0,2,12,12,26,8,6,25,12,51,16,0,16,67
02/05/2022,EWN,NC,ASO,EN,Federal Contract Tower,6,2,3,2,13,0,4,31,11,46,6,6,34,13,59,52,0,52,111
02/06/2022,EWN,NC,ASO,EN,Federal Contract Tower,5,3,14,0,22,0,2,44,4,50,5,5,58,4,72,64,0,64,136
02/07/2022,EWN,NC,ASO,EN,Federal Contract Tower,7,2,8,0,17,0,0,0,0,0,7,2,8,0,17,0,0,0,17
02/08/2022,EWN,NC,ASO,EN,Federal Contract Tower,7,9,16,1,33,1,0,30,2,33,8,9,46,3,66,76,0,76,142
02/09/2022,EWN,NC,ASO,EN,Federal Contract Tower,5,3,15,8,31,0,1,57,0,58,5,4,72,8,89,114,0,114,203
02/10/2022,EWN,NC,ASO,EN,Federal Contract Tower,8,5,11,0,24,0,4,53,10,67,8,9,64,10,91,152,0,152,243
02/11/2022,EWN,NC,ASO,EN,Federal Contract Tower,8,6,7,0,21,0,8,64,10,82,8,14,71,10,103,142,26,168,271
02/12/2022,EWN,NC,ASO,EN,Federal Contract Tower,6,2,19,4,31,0,8,61,23,92,6,10,80,27,123,122,0,122,245
02/13/2022,EWN,NC,ASO,EN,Federal Contract Tower,6,4,9,0,19,0,3,9,7,19,6,7,18,7,38,12,0,12,50
02/14/2022,EWN,NC,ASO,EN,Federal Contract Tower,7,2,11,0,20,0,0,39,2,41,7,2,50,2,61,84,0,84,145
02/15/2022,EWN,NC,ASO,EN,Federal Contract Tower,4,6,17,2,29,0,2,45,4,51,4,8,62,6,80,78,0,78,158
02/16/2022,EWN,NC,ASO,EN,Federal Contract Tower,6,6,16,0,28,0,4,45,1,50,6,10,61,1,78,96,0,96,174
02/17/2022,EWN,NC,ASO,EN,Federal Contract Tower,7,9,14,4,34,0,3,53,11,67,7,12,67,15,101,122,0,122,223
02/18/2022,EWN,NC,ASO,EN,Federal Contract Tower,6,4,13,6,29,0,2,14,2,18,6,6,27,8,47,24,0,24,71
02/19/2022,EWN,NC,ASO,EN,Federal Contract Tower,6,3,7,0,16,0,6,31,0,37,6,9,38,0,53,32,0,32,85
02/20/2022,EWN,NC,ASO,EN,Federal Contract Tower,6,0,14,0,20,0,0,62,0,62,6,0,76,0,82,146,0,146,228
02/21/2022,EWN,NC,ASO,EN,Federal Contract Tower,7,2,8,0,17,0,5,47,0,52,7,7,55,0,69,134,0,134,203
02/22/2022,EWN,NC,ASO,EN,Federal Contract Tower,7,6,8,3,24,0,5,39,1,45,7,11,47,4,69,58,0,58,127
02/23/2022,EWN,NC,ASO,EN,Federal Contract Tower,6,6,3,0,15,0,8,48,2,58,6,14,51,2,73,120,0,120,193
02/24/2022,EWN,NC,ASO,EN,Federal Contract Tower,7,6,14,11,38,0,2,15,22,39,7,8,29,33,77,86,0,86,163
02/25/2022,EWN,NC,ASO,EN,Federal Contract Tower,8,6,6,0,20,0,1,20,15,36,8,7,26,15,56,32,0,32,88
02/26/2022,EWN,NC,ASO,EN,Federal Contract Tower,6,2,15,0,23,0,16,35,6,57,6,18,50,6,80,144,0,144,224
02/27/2022,EWN,NC,ASO,EN,Federal Contract Tower,5,0,6,0,11,0,0,0,0,0,5,0,6,0,11,0,0,0,11
02/28/2022,EWN,NC,ASO,EN,Federal Contract Tower,7,2,15,4,28,0,3,65,10,78,7,5,80,14,106,120,0,120,226
03/01/2022,EWN,NC,ASO,EN,Federal Contract Tower,6,8,9,4,27,0,4,52,0,56,6,12,61,4,83,142,0,142,225
03/02/2022,EWN,NC,ASO,EN,Federal Contract Tower,4,6,15,2,27,0,1,67,0,68,4,7,82,2,95,122,8,130,225
03/03/2022,EWN,NC,ASO,EN,Federal Contract Tower,4,5,12,0,21,0,4,68,6,78,4,9,80,6,99,116,0,116,215
03/04/2022,EWN,NC,ASO,EN,Federal Contract Tower,0,5,15,0,20,0,7,64,18,89,0,12,79,18,109,168,0,168,277
03/05/2022,EWN,NC,ASO,EN,Federal Contract Tower,2,2,8,3,15,0,7,47,18,72,2,9,55,21,87,108,0,108,195
03/06/2022,EWN,NC,ASO,EN,Federal Contract Tower,4,0,9,1,14,0,5,30,10,45,4,5,39,11,59,26,16,42,101
03/07/2022,EWN,NC,ASO,EN,Federal Contract Tower,4,2,14,0,20,0,3,37,6,46,4,5,51,6,66,10,0,10,76
03/08/2022,EWN,NC,ASO,EN,Federal Contract Tower,2,6,5,0,13,0,2,53,2,57,2,8,58,2,70,90,0,90,160
03/09/2022,EWN,NC,ASO,EN,Federal Contract Tower,2,6,2,0,10,0,0,2,4,6,2,6,4,4,16,0,0,0,16
03/10/2022,EWN,NC,ASO,EN,Federal Contract Tower,2,4,7,4,17,0,0,2,0,2,2,4,9,4,19,0,0,0,19
03/11/2022,EWN,NC,ASO,EN,Federal Contract Tower,2,5,12,3,22,0,1,0,0,1,2,6,12,3,23,0,0,0,23
03/12/2022,EWN,NC,ASO,EN,Federal Contract Tower,0,2,3,0,5,0,1,0,0,1,0,3,3,0,6,0,0,0,6
03/13/2022,EWN,NC,ASO,EN,Federal Contract Tower,4,0,19,0,23,0,0,45,3,48,4,0,64,3,71,158,0,158,229
03/14/2022,EWN,NC,ASO,EN,Federal Contract Tower,4,2,20,0,26,0,0,44,0,44,4,2,64,0,70,42,0,42,112
03/15/2022,EWN,NC,ASO,EN,Federal Contract Tower,2,6,6,0,14,0,4,56,0,60,2,10,62,0,74,94,0,94,168
03/16/2022,EWN,NC,ASO,EN,Federal Contract Tower,4,4,4,2,14,0,7,54,0,61,4,11,58,2,75,140,0,140,215
03/17/2022,EWN,NC,ASO,EN,Federal Contract Tower,0,7,7,0,14,0,4,26,4,34,0,11,33,4,48,46,0,46,94
03/18/2022,EWN,NC,ASO,EN,Federal Contract Tower,2,4,11,0,17,0,3,38,12,53,2,7,49,12,70,110,0,110,180
03/19/2022,EWN,NC,ASO,EN,Federal Contract Tower,0,7,6,0,13,0,11,32,7,50,0,18,38,7,63,52,0,52,115
03/20/2022,EWN,NC,ASO,EN,Federal Contract Tower,0,2,5,0,7,0,1,50,0,51,0,3,55,0,58,108,0,108,166
03/21/2022,EWN,NC,ASO,EN,Federal Contract Tower,2,2,6,0,10,0,0,55,1,56,2,2,61,1,66,118,0,118,184
03/22/2022,EWN,NC,ASO,EN,Federal Contract Tower,3,1,16,4,24,0,1,47,13,61,3,2,63,17,85,116,0,116,201
03/23/2022,EWN,NC,ASO,EN,Federal Contract Tower,4,4,13,7,28,0,4,20,8,32,4,8,33,15,60,50,0,50,110
03/24/2022,EWN,NC,ASO,EN,Federal Contract Tower,4,4,2,2,12,0,0,0,4,4,4,4,2,6,16,0,0,0,16
03/25/2022,EWN,NC,ASO,EN,Federal Contract Tower,0,7,6,0,13,0,5,36,4,45,0,12,42,4,58,56,0,56,114
03/26/2022,EWN,NC,ASO,EN,Federal Contract Tower,0,5,16,0,21,0,2,30,4,36,0,7,46,4,57,56,0,56,113
03/27/2022,EWN,NC,ASO,EN,Federal Contract Tower,1,0,11,0,12,0,8,40,2,50,1,8,51,2,62,40,0,40,102
03/28/2022,EWN,NC,ASO,EN,Federal Contract Tower,2,4,14,2,22,0,4,65,0,69,2,8,79,2,91,106,0,106,197
03/29/2022,EWN,NC,ASO,EN,Federal Contract Tower,2,6,9,2,19,0,3,68,3,74,2,9,77,5,93,112,0,112,205
03/30/2022,EWN,NC,ASO,EN,Federal Contract Tower,4,7,26,2,39,0,2,50,6,58,4,9,76,8,97,90,0,90,187
03/31/2022,EWN,NC,ASO,EN,Federal Contract Tower,0,6,3,0,9,0,2,2,3,7,0,8,5,3,16,0,0,0,16
04/01/2022,EWN,NC,ASO,EN,Federal Contract Tower,2,8,11,0,21,0,6,47,10,63,2,14,58,10,84,58,0,58,142
04/02/2022,EWN,NC,ASO,EN,Federal Contract Tower,2,2,22,0,26,0,7,58,9,74,2,9,80,9,100,86,0,86,186
04/03/2022,EWN,NC,ASO,EN,Federal Contract Tower,2,0,6,0,8,0,0,42,1,43,2,0,48,1,51,136,0,136,187
04/04/2022,EWN,NC,ASO,EN,Federal Contract Tower,2,4,15,2,23,0,2,49,0,51,2,6,64,2,74,82,0,82,156
04/05/2022,EWN,NC,ASO,EN,Federal Contract Tower,6,6,17,5,34,0,9,36,6,51,6,15,53,11,85,72,0,72,157
04/06/2022,EWN,NC,ASO,EN,Federal Contract Tower,8,6,13,0,27,0,10,47,2,59,8,16,60,2,86,76,0,76,162
04/07/2022,EWN,NC,ASO,EN,Federal Contract Tower,8,6,5,0,19,0,0,9,4,13,8,6,14,4,32,40,0,40,72
04/08/2022,EWN,NC,ASO,EN,Federal Contract Tower,7,8,24,0,39,0,4,64,9,77,7,12,88,9,116,146,0,146,262
04/09/2022,EWN,NC,ASO,EN,Federal Contract Tower,8,2,8,0,18,0,2,46,8,56,8,4,54,8,74,98,0,98,172
04/10/2022,EWN,NC,ASO,EN,Federal Contract Tower,7,1,8,0,16,0,2,41,4,47,7,3,49,4,63,52,0,52,115
04/11/2022,EWN,NC,ASO,EN,Federal Contract Tower,8,3,23,2,36,0,3,55,3,61,8,6,78,5,97,110,10,120,217
04/12/2022,EWN,NC,ASO,EN,Federal Contract Tower,7,6,18,0,31,0,4,57,1,62,7,10,75,1,93,106,0,106,199
04/13/2022,EWN,NC,ASO,EN,Federal Contract Tower,8,8,11,13,40,0,1,54,0,55,8,9,65,13,95,56,4,60,155
04/14/2022,EWN,NC,ASO,EN,Federal Contract Tower,9,6,14,0,29,0,3,42,6,51,9,9,56,6,80,42,0,42,122
04/15/2022,EWN,NC,ASO,EN,Federal Contract Tower,9,5,16,0,30,0,3,37,0,40,9,8,53,0,70,68,0,68,138
04/16/2022,EWN,NC,ASO,EN,Federal Contract Tower,8,2,7,0,17,0,3,35,0,38,8,5,42,0,55,98,0,98,153
04/17/2022,EWN,NC,ASO,EN,Federal Contract Tower,8,1,6,0,15,0,3,15,0,18,8,4,21,0,33,6,0,6,39
04/18/2022,EWN,NC,ASO,EN,Federal Contract Tower,7,3,15,0,25,0,0,1,0,1,7,3,16,0,26,0,0,0,26
04/19/2022,EWN,NC,ASO,EN,Federal Contract Tower,8,8,14,5,35,0,7,52,0,59,8,15,66,5,94,74,0,74,168
04/20/2022,EWN,NC,ASO,EN,Federal Contract Tower,8,7,19,3,37,0,0,40,3,43,8,7,59,6,80,110,0,110,190
04/21/2022,EWN,NC,ASO,EN,Federal Contract Tower,7,6,14,0,27,0,7,48,9,64,7,13,62,9,91,96,0,96,187
04/22/2022,EWN,NC,ASO,EN,Federal Contract Tower,8,9,13,2,32,0,11,54,4,69,8,20,67,6,101,154,0,154,255
04/23/2022,EWN,NC,ASO,EN,Federal Contract Tower,8,4,5,0,17,0,2,44,2,48,8,6,49,2,65,166,0,166,231
04/24/2022,EWN,NC,ASO,EN,Federal Contract Tower,8,0,7,0,15,0,1,35,0,36,8,1,42,0,51,50,0,50,101
04/25/2022,EWN,NC,ASO,EN,Federal Contract Tower,8,2,10,0,20,0,2,60,1,63,8,4,70,1,83,110,0,110,193
04/26/2022,EWN,NC,ASO,EN,Federal Contract Tower,10,6,9,0,25,0,8,48,5,61,10,14,57,5,86,132,6,138,224
04/27/2022,EWN,NC,ASO,EN,Federal Contract Tower,8,6,14,0,28,0,6,58,8,72,8,12,72,8,100,128,0,128,228
04/28/2022,EWN,NC,ASO,EN,Federal Contract Tower,8,8,17,0,33,0,2,52,8,62,8,10,69,8,95,106,0,106,201
04/29/2022,EWN,NC,ASO,EN,Federal Contract Tower,8,6,13,0,27,0,2,52,17,71,8,8,65,17,98,128,0,128,226
04/30/2022,EWN,NC,ASO,EN,Federal Contract Tower,8,2,10,0,20,0,3,41,12,56,8,5,51,12,76,154,0,154,230
05/01/2022,EWN,NC,ASO,EN,Federal Contract Tower,7,0,8,0,15,0,0,59,1,60,7,0,67,1,75,164,0,164,239
05/02/2022,EWN,NC,ASO,EN,Federal Contract Tower,7,2,11,2,22,0,0,40,2,42,7,2,51,4,64,84,0,84,148
05/03/2022,EWN,NC,ASO,EN,Federal Contract Tower,8,6,11,0,25,0,8,44,0,52,8,14,55,0,77,102,0,102,179
05/04/2022,EWN,NC,ASO,EN,Federal Contract Tower,7,6,5,0,18,0,10,40,2,52,7,16,45,2,70,102,0,102,172
05/05/2022,EWN,NC,ASO,EN,Federal Contract Tower,4,6,22,0,32,0,0,4,0,4,4,6,26,0,36,0,0,0,36
05/06/2022,EWN,NC,ASO,EN,Federal Contract Tower,7,8,7,0,22,0,3,28,4,35,7,11,35,4,57,58,0,58,115
05/07/2022,EWN,NC,ASO,EN,Federal Contract Tower,4,2,7,0,13,0,5,156,12,173,4,7,163,12,186,32,0,32,218
05/08/2022,EWN,NC,ASO,EN,Federal Contract Tower,4,0,4,2,10,0,0,4,0,4,4,0,8,2,14,0,0,0,14
05/09/2022,EWN,NC,ASO,EN,Federal Contract Tower,6,7,11,1,25,0,2,46,1,49,6,9,57,2,74,68,0,68,142
05/10/2022,EWN,NC,ASO,EN,Federal Contract Tower,3,10,19,0,32,0,3,26,3,32,3,13,45,3,64,12,0,12,76
05/11/2022,EWN,NC,ASO,EN,Federal Contract Tower,4,7,26,0,37,0,5,41,5,51,4,12,67,5,88,84,0,84,172
05/12/2022,EWN,NC,ASO,EN,Federal Contract Tower,6,7,12,0,25,0,0,9,0,9,6,7,21,0,34,40,0,40,74
05/13/2022,EWN,NC,ASO,EN,Federal Contract Tower,6,6,10,0,22,0,0,12,4,16,6,6,22,4,38,6,0,6,44
05/14/2022,EWN,NC,ASO,EN,Federal Contract Tower,3,4,19,2,28,0,6,101,2,109,3,10,120,4,137,70,0,70,207
05/15/2022,EWN,NC,ASO,EN,Federal Contract Tower,4,0,13,0,17,0,5,49,2,56,4,5,62,2,73,72,0,72,145
05/16/2022,EWN,NC,ASO,EN,Federal Contract Tower,6,3,13,0,22,0,3,40,0,43,6,6,53,0,65,32,0,32,97
05/17/2022,EWN,NC,ASO,EN,Federal Contract Tower,4,6,14,0,24,0,6,67,14,87,4,12,81,14,111,106,0,106,217
05/18/2022,EWN,NC,ASO,EN,Federal Contract Tower,4,5,15,0,24,0,7,72,14,93,4,12,87,14,117,166,0,166,283
05/19/2022,EWN,NC,ASO,EN,Federal Contract Tower,4,7,8,1,20,0,6,57,2,65,4,13,65,3,85,152,0,152,237
05/20/2022,EWN,NC,ASO,EN,Federal Contract Tower,4,7,16,4,31,0,1,50,3,54,4,8,66,7,85,74,0,74,159
05/21/2022,EWN,NC,ASO,EN,Federal Contract Tower,5,2,4,0,11,0,3,44,9,56,5,5,48,9,67,37,0,37,104
05/22/2022,EWN,NC,ASO,EN,Federal Contract Tower,6,2,12,1,21,0,3,34,11,48,6,5,46,12,69,58,0,58,127
05/23/2022,EWN,NC,ASO,EN,Federal Contract Tower,4,2,9,0,15,0,2,31,0,33,4,4,40,0,48,56,0,56,104
05/24/2022,EWN,NC,ASO,EN,Federal Contract Tower,3,7,4,0,14,0,0,5,0,5,3,7,9,0,19,2,0,2,21
05/25/2022,EWN,NC,ASO,EN,Federal Contract Tower,3,6,37,1,47,0,0,3,0,3,3,6,40,1,50,2,0,2,52
05/26/2022,EWN,NC,ASO,EN,Federal Contract Tower,5,6,19,1,31,0,2,24,0,26,5,8,43,1,57,46,0,46,103
05/27/2022,EWN,NC,ASO,EN,Federal Contract Tower,8,7,10,0,25,0,2,16,0,18,8,9,26,0,43,16,0,16,59
05/28/2022,EWN,NC,ASO,EN,Federal Contract Tower,4,5,5,0,14,0,3,43,0,46,4,8,48,0,60,28,0,28,88
05/29/2022,EWN,NC,ASO,EN,Federal Contract Tower,5,8,17,0,30,0,4,59,0,63,5,12,76,0,93,64,0,64,157
05/30/2022,EWN,NC,ASO,EN,Federal Contract Tower,6,1,8,0,15,0,3,54,0,57,6,4,62,0,72,98,0,98,170
05/31/2022,EWN,NC,ASO,EN,Federal Contract Tower,3,7,5,0,15,0,2,61,0,63,3,9,66,0,78,110,0,110,188
06/01/2022,EWN,NC,ASO,EN,Federal Contract Tower,4,3,23,0,30,0,8,77,0,85,4,11,100,0,115,82,0,82,197
06/02/2022,EWN,NC,ASO,EN,Federal Contract Tower,6,6,14,0,26,0,4,54,1,59,6,10,68,1,85,72,2,74,159
06/03/2022,EWN,NC,ASO,EN,Federal Contract Tower,7,9,5,2,23,0,0,34,16,50,7,9,39,18,73,18,0,18,91
06/04/2022,EWN,NC,ASO,EN,Federal Contract Tower,9,2,9,1,21,0,4,50,13,67,9,6,59,14,88,68,0,68,156
06/05/2022,EWN,NC,ASO,EN,Federal Contract Tower,5,1,10,0,16,0,5,35,14,54,5,6,45,14,70,20,0,20,90
06/06/2022,EWN,NC,ASO,EN,Federal Contract Tower,7,3,12,0,22,0,6,53,6,65,7,9,65,6,87,76,0,76,163
06/07/2022,EWN,NC,ASO,EN,Federal Contract Tower,7,6,10,0,23,0,1,66,6,73,7,7,76,6,96,174,0,174,270
06/08/2022,EWN,NC,ASO,EN,Federal Contract Tower,7,6,14,0,27,0,2,50,0,52,7,8,64,0,79,68,0,68,147
06/09/2022,EWN,NC,ASO,EN,Federal Contract Tower,7,6,13,0,26,0,4,46,6,56,7,10,59,6,82,8,0,8,90
06/10/2022,EWN,NC,ASO,EN,Federal Contract Tower,7,5,17,1,30,0,6,47,24,77,7,11,64,25,107,34,12,46,153
06/11/2022,EWN,NC,ASO,EN,Federal Contract Tower,12,4,12,2,30,0,2,49,20,71,12,6,61,22,101,96,0,96,197
06/12/2022,EWN,NC,ASO,EN,Federal Contract Tower,6,5,21,1,33,0,2,39,5,46,6,7,60,6,79,32,0,32,111
06/13/2022,EWN,NC,ASO,EN,Federal Contract Tower,7,2,15,9,33,0,8,48,1,57,7,10,63,10,90,52,20,72,162
06/14/2022,EWN,NC,ASO,EN,Federal Contract Tower,6,7,15,0,28,0,0,62,0,62,6,7,77,0,90,136,0,136,226
06/15/2022,EWN,NC,ASO,EN,Federal Contract Tower,7,11,21,2,41,0,6,77,0,83,7,17,98,2,124,108,0,108,232
06/16/2022,EWN,NC,ASO,EN,Federal Contract Tower,6,7,12,0,25,0,1,58,10,69,6,8,70,10,94,192,0,192,286
06/17/2022,EWN,NC,ASO,EN,Federal Contract Tower,3,8,20,0,31,0,2,80,0,82,3,10,100,0,113,128,0,128,241
06/18/2022,EWN,NC,ASO,EN,Federal Contract Tower,7,4,12,0,23,0,0,66,0,66,7,4,78,0,89,156,0,156,245
06/19/2022,EWN,NC,ASO,EN,Federal Contract Tower,8,4,30,0,42,0,3,36,1,40,8,7,66,1,82,82,0,82,164
06/20/2022,EWN,NC,ASO,EN,Federal Contract Tower,5,2,6,0,13,0,3,76,0,79,5,5,82,0,92,208,0,208,300
06/21/2022,EWN,NC,ASO,EN,Federal Contract Tower,6,4,11,1,22,0,5,86,3,94,6,9,97,4,116,206,0,206,322
06/22/2022,EWN,NC,ASO,EN,Federal Contract Tower,8,6,8,0,22,0,1,78,6,85,8,7,86,6,107,302,0,302,409
06/23/2022,EWN,NC,ASO,EN,Federal Contract Tower,5,5,17,6,33,0,2,71,2,75,5,7,88,8,108,266,0,266,374
06/24/2022,EWN,NC,ASO,EN,Federal Contract Tower,6,6,17,0,29,0,0,77,16,93,6,6,94,16,122,274,0,274,396
06/25/2022,EWN,NC,ASO,EN,Federal Contract Tower,7,2,3,0,12,0,11,96,13,120,7,13,99,13,132,208,0,208,340
06/26/2022,EWN,NC,ASO,EN,Federal Contract Tower,5,2,10,0,17,0,5,81,4,90,5,7,91,4,107,232,6,238,345
06/27/2022,EWN,NC,ASO,EN,Federal Contract Tower,4,3,1,0,8,0,4,67,2,73,4,7,68,2,81,226,0,226,307
06/28/2022,EWN,NC,ASO,EN,Federal Contract Tower,7,6,3,0,16,0,4,69,14,87,7,10,72,14,103,250,0,250,353
06/29/2022,EWN,NC,ASO,EN,Federal Contract Tower,5,6,10,7,28,0,2,79,10,91,5,8,89,17,119,322,0,322,441
06/30/2022,EWN,NC,ASO,EN,Federal Contract Tower,7,7,17,0,31,0,6,81,2,89,7,13,98,2,120,288,0,288,408
07/01/2022,EWN,NC,ASO,EN,Federal Contract Tower,7,6,7,0,20,0,7,43,0,50,7,13,50,0,70,228,0,228,298
07/02/2022,EWN,NC,ASO,EN,Federal Contract Tower,9,3,19,0,31,0,4,36,9,49,9,7,55,9,80,210,0,210,290
07/03/2022,EWN,NC,ASO,EN,Federal Contract Tower,5,2,3,0,10,0,3,42,3,48,5,5,45,3,58,144,0,144,202
07/04/2022,EWN,NC,ASO,EN,Federal Contract Tower,8,0,2,0,10,0,2,18,0,20,8,2,20,0,30,8,0,8,38
07/05/2022,EWN,NC,ASO,EN,Federal Contract Tower,4,3,22,0,29,0,0,71,0,71,4,3,93,0,100,236,0,236,336
07/06/2022,EWN,NC,ASO,EN,Federal Contract Tower,3,3,6,0,12,0,4,73,2,79,3,7,79,2,91,236,0,236,327
07/07/2022,EWN,NC,ASO,EN,Federal Contract Tower,6,6,13,4,29,0,6,56,0,62,6,12,69,4,91,194,0,194,285
07/08/2022,EWN,NC,ASO,EN,Federal Contract Tower,4,5,10,3,22,0,0,58,12,70,4,5,68,15,92,242,4,246,338
07/09/2022,EWN,NC,ASO,EN,Federal Contract Tower,7,3,7,0,17,0,3,18,10,31,7,6,25,10,48,56,0,56,104
07/10/2022,EWN,NC,ASO,EN,Federal Contract Tower,8,2,12,3,25,0,0,2,0,2,8,2,14,3,27,6,0,6,33
07/11/2022,EWN,NC,ASO,EN,Federal Contract Tower,7,2,35,0,44,0,2,39,0,41,7,4,74,0,85,96,0,96,181
07/12/2022,EWN,NC,ASO,EN,Federal Contract Tower,2,4,20,0,26,0,9,82,0,91,2,13,102,0,117,156,0,156,273
07/13/2022,EWN,NC,ASO,EN,Federal Contract Tower,2,8,17,0,27,0,0,74,0,74,2,8,91,0,101,116,0,116,217
07/14/2022,EWN,NC,ASO,EN,Federal Contract Tower,6,6,26,2,40,0,7,30,4,41,6,13,56,6,81,162,0,162,243
07/15/2022,EWN,NC,ASO,EN,Federal Contract Tower,7,6,21,4,38,0,3,27,11,41,7,9,48,15,79,42,0,42,121
07/16/2022,EWN,NC,ASO,EN,Federal Contract Tower,6,3,5,0,14,0,5,42,18,65,6,8,47,18,79,98,0,98,177
07/17/2022,EWN,NC,ASO,EN,Federal Contract Tower,6,7,21,0,34,0,4,51,0,55,6,11,72,0,89,44,0,44,133
07/18/2022,EWN,NC,ASO,EN,Federal Contract Tower,5,3,9,0,17,0,4,62,2,68,5,7,71,2,85,104,0,104,189
07/19/2022,EWN,NC,ASO,EN,Federal Contract Tower,6,12,14,3,35,0,0,74,9,83,6,12,88,12,118,136,0,136,254
07/20/2022,EWN,NC,ASO,EN,Federal Contract Tower,4,6,11,0,21,0,2,79,0,81,4,8,90,0,102,138,0,138,240
07/21/2022,EWN,NC,ASO,EN,Federal Contract Tower,6,6,13,5,30,0,3,66,0,69,6,9,79,5,99,128,0,128,227
07/22/2022,EWN,NC,ASO,EN,Federal Contract Tower,7,7,17,4,35,0,21,60,0,81,7,28,77,4,116,146,0,146,262
07/23/2022,EWN,NC,ASO,EN,Federal Contract Tower,7,4,13,0,24,0,4,73,1,78,7,8,86,1,102,146,0,146,248
07/24/2022,EWN,NC,ASO,EN,Federal Contract Tower,4,2,8,0,14,0,2,33,0,35,4,4,41,0,49,108,0,108,157
07/25/2022,EWN,NC,ASO,EN,Federal Contract Tower,4,2,11,4,21,0,3,72,2,77,4,5,83,6,98,142,0,142,240
07/26/2022,EWN,NC,ASO,EN,Federal Contract Tower,3,4,12,0,19,0,0,71,6,77,3,4,83,6,96,172,0,172,268
07/27/2022,EWN,NC,ASO,EN,Federal Contract Tower,5,4,18,2,29,0,6,74,4,84,5,10,92,6,113,154,4,158,271
07/28/2022,EWN,NC,ASO,EN,Federal Contract Tower,7,4,14,0,25,0,5,71,4,80,7,9,85,4,105,182,0,182,287
07/29/2022,EWN,NC,ASO,EN,Federal Contract Tower,9,7,10,0,26,0,5,72,16,93,9,12,82,16,119,114,24,138,257
07/30/2022,EWN,NC,ASO,EN,Federal Contract Tower,8,2,9,1,20,0,2,65,11,78,8,4,74,12,98,144,4,148,246
07/31/2022,EWN,NC,ASO,EN,Federal Contract Tower,4,2,11,0,17,0,0,5,0,5,4,2,16,0,22,18,0,18,40
08/01/2022,EWN,NC,ASO,EN,Federal Contract Tower,7,2,2,0,11,0,1,37,0,38,7,3,39,0,49,100,0,100,149
08/02/2022,EWN,NC,ASO,EN,Federal Contract Tower,5,4,21,0,30,0,3,80,2,85,5,7,101,2,115,264,0,264,379
08/03/2022,EWN,NC,ASO,EN,Federal Contract Tower,5,6,10,0,21,0,5,56,0,61,5,11,66,0,82,138,0,138,220
08/04/2022,EWN,NC,ASO,EN,Federal Contract Tower,9,8,14,0,31,0,6,49,3,58,9,14,63,3,89,92,0,92,181
08/05/2022,EWN,NC,ASO,EN,Federal Contract Tower,5,4,4,2,15,0,3,68,8,79,5,7,72,10,94,222,0,222,316
08/06/2022,EWN,NC,ASO,EN,Federal Contract Tower,8,2,8,0,18,0,4,54,5,63,8,6,62,5,81,122,0,122,203
08/07/2022,EWN,NC,ASO,EN,Federal Contract Tower,7,0,5,7,19,0,1,54,3,58,7,1,59,10,77,72,0,72,149
08/08/2022,EWN,NC,ASO,EN,Federal Contract Tower,4,2,5,3,14,0,2,69,0,71,4,4,74,3,85,146,0,146,231
08/09/2022,EWN,NC,ASO,EN,Federal Contract Tower,5,4,11,0,20,0,4,74,10,88,5,8,85,10,108,116,0,116,224
08/10/2022,EWN,NC,ASO,EN,Federal Contract Tower,6,6,8,0,20,0,0,56,20,76,6,6,64,20,96,152,2,154,250
08/11/2022,EWN,NC,ASO,EN,Federal Contract Tower,6,6,6,0,18,0,2,43,8,53,6,8,49,8,71,108,0,108,179
08/12/2022,EWN,NC,ASO,EN,Federal Contract Tower,4,6,19,5,34,0,0,10,2,12,4,6,29,7,46,8,0,8,54
08/13/2022,EWN,NC,ASO,EN,Federal Contract Tower,9,2,3,0,14,0,3,87,13,103,9,5,90,13,117,118,6,124,241
08/14/2022,EWN,NC,ASO,EN,Federal Contract Tower,7,3,5,0,15,0,2,41,2,45,7,5,46,2,60,8,0,8,68
08/15/2022,EWN,NC,ASO,EN,Federal Contract Tower,6,2,8,0,16,0,0,33,0,33,6,2,41,0,49,58,0,58,107
08/16/2022,EWN,NC,ASO,EN,Federal Contract Tower,3,6,14,0,23,0,0,44,0,44,3,6,58,0,67,56,0,56,123
08/17/2022,EWN,NC,ASO,EN,Federal Contract Tower,6,8,13,0,27,0,2,68,0,70,6,10,81,0,97,96,0,96,193
08/18/2022,EWN,NC,ASO,EN,Federal Contract Tower,6,9,12,0,27,0,3,60,8,71,6,12,72,8,98,78,0,78,176
08/19/2022,EWN,NC,ASO,EN,Federal Contract Tower,6,6,11,0,23,0,2,24,20,46,6,8,35,20,69,98,0,98,167
08/20/2022,EWN,NC,ASO,EN,Federal Contract Tower,6,2,12,0,20,0,8,41,16,65,6,10,53,16,85,84,0,84,169
08/21/2022,EWN,NC,ASO,EN,Federal Contract Tower,6,4,5,0,15,0,8,16,4,28,6,12,21,4,43,44,0,44,87
08/22/2022,EWN,NC,ASO,EN,Federal Contract Tower,5,2,17,0,24,0,1,14,1,16,5,3,31,1,40,44,0,44,84
08/23/2022,EWN,NC,ASO,EN,Federal Contract Tower,6,8,14,1,29,0,1,34,2,37,6,9,48,3,66,64,8,72,138
08/24/2022,EWN,NC,ASO,EN,Federal Contract Tower,6,7,13,0,26,0,3,46,0,49,6,10,59,0,75,92,0,92,167
08/25/2022,EWN,NC,ASO,EN,Federal Contract Tower,6,6,10,0,22,0,6,44,6,56,6,12,54,6,78,94,0,94,172
08/26/2022,EWN,NC,ASO,EN,Federal Contract Tower,6,7,20,2,35,0,2,50,21,73,6,9,70,23,108,102,0,102,210
08/27/2022,EWN,NC,ASO,EN,Federal Contract Tower,6,2,5,0,13,0,3,55,15,73,6,5,60,15,86,88,0,88,174
08/28/2022,EWN,NC,ASO,EN,Federal Contract Tower,6,0,7,4,17,0,1,23,11,35,6,1,30,15,52,28,0,28,80
08/29/2022,EWN,NC,ASO,EN,Federal Contract Tower,5,7,8,2,22,0,1,30,0,31,5,8,38,2,53,74,0,74,127
08/30/2022,EWN,NC,ASO,EN,Federal Contract Tower,6,5,16,0,27,0,2,55,9,66,6,7,71,9,93,132,0,132,225
08/31/2022,EWN,NC,ASO,EN,Federal Contract Tower,6,6,10,0,22,0,9,60,10,79,6,15,70,10,101,86,0,86,187
09/01/2022,EWN,NC,ASO,EN,Federal Contract Tower,4,7,15,0,26,0,2,52,12,66,4,9,67,12,92,94,0,94,186
09/02/2022,EWN,NC,ASO,EN,Federal Contract Tower,6,7,7,0,20,0,7,66,0,73,6,14,73,0,93,152,0,152,245
09/03/2022,EWN,NC,ASO,EN,Federal Contract Tower,5,2,5,0,12,0,6,33,0,39,5,8,38,0,51,56,0,56,107
09/04/2022,EWN,NC,ASO,EN,Federal Contract Tower,5,0,6,0,11,0,9,43,0,52,5,9,49,0,63,98,0,98,161
09/05/2022,EWN,NC,ASO,EN,Federal Contract Tower,6,0,8,0,14,0,9,35,0,44,6,9,43,0,58,84,0,84,142
09/06/2022,EWN,NC,ASO,EN,Federal Contract Tower,6,7,11,3,27,0,4,44,0,48,6,11,55,3,75,94,26,120,195
09/07/2022,EWN,NC,ASO,EN,Federal Contract Tower,5,9,19,3,36,0,4,23,0,27,5,13,42,3,63,34,0,34,97
09/08/2022,EWN,NC,ASO,EN,Federal Contract Tower,5,9,21,2,37,0,4,40,2,46,5,13,61,4,83,148,0,148,231
09/09/2022,EWN,NC,ASO,EN,Federal Contract Tower,5,6,37,2,50,0,2,43,14,59,5,8,80,16,109,54,0,54,163
09/10/2022,EWN,NC,ASO,EN,Federal Contract Tower,6,2,13,7,28,0,0,7,6,13,6,2,20,13,41,0,0,0,41
09/11/2022,EWN,NC,ASO,EN,Federal Contract Tower,6,0,9,0,15,0,0,11,6,17,6,0,20,6,32,18,0,18,50
09/12/2022,EWN,NC,ASO,EN,Federal Contract Tower,6,6,5,0,17,0,0,35,0,35,6,6,40,0,52,54,0,54,106
09/13/2022,EWN,NC,ASO,EN,Federal Contract Tower,6,8,16,2,32,0,6,54,0,60,6,14,70,2,92,100,0,100,192
09/14/2022,EWN,NC,ASO,EN,Federal Contract Tower,6,7,15,2,30,0,0,60,0,60,6,7,75,2,90,64,0,64,154
09/15/2022,EWN,NC,ASO,EN,Federal Contract Tower,7,14,19,2,42,0,5,55,0,60,7,19,74,2,102,120,0,120,222
09/16/2022,EWN,NC,ASO,EN,Federal Contract Tower,6,6,13,2,27,0,1,62,14,77,6,7,75,16,104,120,0,120,224
09/17/2022,EWN,NC,ASO,EN,Federal Contract Tower,5,2,12,0,19,0,4,45,2,51,5,6,57,2,70,122,0,122,192
09/18/2022,EWN,NC,ASO,EN,Federal Contract Tower,6,0,10,0,16,0,0,48,2,50,6,0,58,2,66,136,28,164,230
09/19/2022,EWN,NC,ASO,EN,Federal Contract Tower,6,2,9,2,19,0,6,51,5,62,6,8,60,7,81,122,0,122,203
09/20/2022,EWN,NC,ASO,EN,Federal Contract Tower,6,6,5,0,17,0,0,70,0,70,6,6,75,0,87,172,0,172,259
09/21/2022,EWN,NC,ASO,EN,Federal Contract Tower,6,6,12,1,25,0,1,57,3,61,6,7,69,4,86,118,8,126,212
09/22/2022,EWN,NC,ASO,EN,Federal Contract Tower,6,5,10,6,27,0,3,37,3,43,6,8,47,9,70,82,10,92,162
09/23/2022,EWN,NC,ASO,EN,Federal Contract Tower,6,6,0,0,12,0,5,36,17,58,6,11,36,17,70,46,0,46,116
09/24/2022,EWN,NC,ASO,EN,Federal Contract Tower,6,0,7,2,15,0,4,43,13,60,6,4,50,15,75,104,0,104,179
09/25/2022,EWN,NC,ASO,EN,Federal Contract Tower,6,0,3,0,9,0,3,45,2,50,6,3,48,2,59,66,0,66,125
09/26/2022,EWN,NC,ASO,EN,Federal Contract Tower,6,3,14,0,23,0,0,53,0,53,6,3,67,0,76,76,0,76,152
09/27/2022,EWN,NC,ASO,EN,Federal Contract Tower,6,11,10,1,28,0,1,56,7,64,6,12,66,8,92,78,10,88,180
09/28/2022,EWN,NC,ASO,EN,Federal Contract Tower,6,6,14,2,28,0,3,59,9,71,6,9,73,11,99,118,0,118,217
09/29/2022,EWN,NC,ASO,EN,Federal Contract Tower,6,11,11,0,28,0,3,6,2,11,6,14,17,2,39,0,0,0,39
09/30/2022,EWN,NC,ASO,EN,Federal Contract Tower,0,0,0,0,0,0,0,0,0,0,0,0,0,0,0,0,0,0,0
10/01/2022,EWN,NC,ASO,EN,Federal Contract Tower,3,1,7,0,11,0,1,10,0,11,3,2,17,0,22,20,0,20,42
10/02/2022,EWN,NC,ASO,EN,Federal Contract Tower,6,1,10,0,17,0,6,36,0,42,6,7,46,0,59,64,0,64,123
10/03/2022,EWN,NC,ASO,EN,Federal Contract Tower,6,3,12,0,21,0,0,4,0,4,6,3,16,0,25,0,0,0,25
10/04/2022,EWN,NC,ASO,EN,Federal Contract Tower,6,7,11,1,25,0,1,27,2,30,6,8,38,3,55,32,0,32,87
10/05/2022,EWN,NC,ASO,EN,Federal Contract Tower,6,7,7,0,20,0,1,51,0,52,6,8,58,0,72,62,0,62,134
10/06/2022,EWN,NC,ASO,EN,Federal Contract Tower,6,6,7,0,19,0,2,50,0,52,6,8,57,0,71,106,0,106,177
10/07/2022,EWN,NC,ASO,EN,Federal Contract Tower,6,4,10,0,20,0,4,52,0,56,6,8,62,0,76,82,0,82,158
10/08/2022,EWN,NC,ASO,EN,Federal Contract Tower,7,2,8,0,17,0,8,52,0,60,7,10,60,0,77,92,0,92,169
10/09/2022,EWN,NC,ASO,EN,Federal Contract Tower,6,2,15,0,23,0,2,65,0,67,6,4,80,0,90,20,0,20,110
10/10/2022,EWN,NC,ASO,EN,Federal Contract Tower,6,4,8,0,18,0,6,40,0,46,6,10,48,0,64,50,0,50,114
10/11/2022,EWN,NC,ASO,EN,Federal Contract Tower,8,6,16,0,30,0,8,67,4,79,8,14,83,4,109,102,0,102,211
10/12/2022,EWN,NC,ASO,EN,Federal Contract Tower,8,6,14,2,30,0,3,56,6,65,8,9,70,8,95,80,0,80,175
10/13/2022,EWN,NC,ASO,EN,Federal Contract Tower,6,6,16,0,28,0,5,21,0,26,6,11,37,0,54,24,0,24,78
10/14/2022,EWN,NC,ASO,EN,Federal Contract Tower,6,7,26,10,49,0,8,25,4,37,6,15,51,14,86,56,0,56,142
10/15/2022,EWN,NC,ASO,EN,Federal Contract Tower,9,3,6,0,18,0,8,48,22,78,9,11,54,22,96,28,0,28,124
10/16/2022,EWN,NC,ASO,EN,Federal Contract Tower,5,1,5,0,11,0,6,45,8,59,5,7,50,8,70,66,0,66,136
10/17/2022,EWN,NC,ASO,EN,Federal Contract Tower,6,2,9,1,18,0,3,27,1,31,6,5,36,2,49,36,0,36,85
10/18/2022,EWN,NC,ASO,EN,Federal Contract Tower,8,6,12,0,26,0,6,33,0,39,8,12,45,0,65,38,0,38,103
10/19/2022,EWN,NC,ASO,EN,Federal Contract Tower,8,6,10,0,24,0,0,30,2,32,8,6,40,2,56,52,8,60,116
10/20/2022,EWN,NC,ASO,EN,Federal Contract Tower,6,8,17,0,31,0,7,59,0,66,6,15,76,0,97,72,0,72,169
10/21/2022,EWN,NC,ASO,EN,Federal Contract Tower,6,6,16,0,28,0,5,60,20,85,6,11,76,20,113,84,0,84,197
10/22/2022,EWN,NC,ASO,EN,Federal Contract Tower,7,2,6,0,15,0,0,70,9,79,7,2,76,9,94,128,0,128,222
10/23/2022,EWN,NC,ASO,EN,Federal Contract Tower,6,0,11,2,19,0,0,13,0,13,6,0,24,2,32,8,0,8,40
10/24/2022,EWN,NC,ASO,EN,Federal Contract Tower,6,2,34,7,49,0,0,26,0,26,6,2,60,7,75,66,0,66,141
10/25/2022,EWN,NC,ASO,EN,Federal Contract Tower,7,7,12,4,30,0,0,2,0,2,7,7,14,4,32,0,0,0,32
10/26/2022,EWN,NC,ASO,EN,Federal Contract Tower,10,8,20,2,40,0,2,54,10,66,10,10,74,12,106,110,0,110,216
10/27/2022,EWN,NC,ASO,EN,Federal Contract Tower,5,6,29,0,40,0,3,41,0,44,5,9,70,0,84,118,0,118,202
10/28/2022,EWN,NC,ASO,EN,Federal Contract Tower,6,9,21,9,45,0,0,24,2,26,6,9,45,11,71,42,0,42,113
10/29/2022,EWN,NC,ASO,EN,Federal Contract Tower,5,2,7,7,21,0,4,9,0,13,5,6,16,7,34,6,0,6,40
10/30/2022,EWN,NC,ASO,EN,Federal Contract Tower,5,6,17,0,28,0,2,21,0,23,5,8,38,0,51,14,0,14,65
10/31/2022,EWN,NC,ASO,EN,Federal Contract Tower,3,2,14,0,19,0,0,48,0,48,3,2,62,0,67,122,0,122,189
11/01/2022,EWN,NC,ASO,EN,Federal Contract Tower,8,6,6,0,20,0,0,36,0,36,8,6,42,0,56,96,0,96,152
11/02/2022,EWN,NC,ASO,EN,Federal Contract Tower,9,7,17,6,39,0,12,54,0,66,9,19,71,6,105,92,0,92,197
11/03/2022,EWN,NC,ASO,EN,Federal Contract Tower,5,7,21,13,46,0,3,20,10,33,5,10,41,23,79,66,0,66,145
11/04/2022,EWN,NC,ASO,EN,Federal Contract Tower,5,7,25,4,41,0,0,45,9,54,5,7,70,13,95,94,4,98,193
11/05/2022,EWN,NC,ASO,EN,Federal Contract Tower,5,2,15,1,23,0,1,38,10,49,5,3,53,11,72,50,0,50,122
11/06/2022,EWN,NC,ASO,EN,Federal Contract Tower,5,0,7,0,12,0,4,49,4,57,5,4,56,4,69,126,0,126,195
11/07/2022,EWN,NC,ASO,EN,Federal Contract Tower,5,0,13,0,18,0,2,78,0,80,5,2,91,0,98,102,0,102,200
11/08/2022,EWN,NC,ASO,EN,Federal Contract Tower,5,7,13,4,29,0,3,10,10,23,5,10,23,14,52,0,0,0,52
11/09/2022,EWN,NC,ASO,EN,Federal Contract Tower,5,7,14,2,28,0,7,17,22,46,5,14,31,24,74,4,0,4,78
11/10/2022,EWN,NC,ASO,EN,Federal Contract Tower,5,5,11,5,26,0,3,13,15,31,5,8,24,20,57,32,4,36,93
11/11/2022,EWN,NC,ASO,EN,Federal Contract Tower,5,3,5,0,13,0,2,1,0,3,5,5,6,0,16,0,0,0,16
11/12/2022,EWN,NC,ASO,EN,Federal Contract Tower,5,5,7,0,17,0,3,22,0,25,5,8,29,0,42,50,0,50,92
11/13/2022,EWN,NC,ASO,EN,Federal Contract Tower,5,0,8,0,13,0,3,35,0,38,5,3,43,0,51,68,0,68,119
11/14/2022,EWN,NC,ASO,EN,Federal Contract Tower,5,0,11,0,16,0,5,61,0,66,5,5,72,0,82,114,0,114,196
11/15/2022,EWN,NC,ASO,EN,Federal Contract Tower,3,6,15,12,36,0,6,27,0,33,3,12,42,12,69,88,0,88,157
11/16/2022,EWN,NC,ASO,EN,Federal Contract Tower,7,7,15,6,35,0,2,40,4,46,7,9,55,10,81,120,0,120,201
11/17/2022,EWN,NC,ASO,EN,Federal Contract Tower,5,6,13,0,24,0,3,45,8,56,5,9,58,8,80,48,0,48,128
11/18/2022,EWN,NC,ASO,EN,Federal Contract Tower,5,8,16,0,29,0,4,63,22,89,5,12,79,22,118,128,12,140,258
11/19/2022,EWN,NC,ASO,EN,Federal Contract Tower,5,3,11,0,19,0,4,45,33,82,5,7,56,33,101,94,0,94,195
11/20/2022,EWN,NC,ASO,EN,Federal Contract Tower,5,0,8,0,13,0,2,38,5,45,5,2,46,5,58,102,0,102,160
11/21/2022,EWN,NC,ASO,EN,Federal Contract Tower,5,5,11,0,21,0,3,38,0,41,5,8,49,0,62,70,0,70,132
11/22/2022,EWN,NC,ASO,EN,Federal Contract Tower,5,10,15,3,33,0,3,48,30,81,5,13,63,33,114,78,0,78,192
11/23/2022,EWN,NC,ASO,EN,Federal Contract Tower,5,4,22,0,31,0,7,51,9,67,5,11,73,9,98,90,0,90,188
11/24/2022,EWN,NC,ASO,EN,Federal Contract Tower,2,0,1,0,3,0,5,8,0,13,2,5,9,0,16,8,0,8,24
11/25/2022,EWN,NC,ASO,EN,Federal Contract Tower,5,6,9,0,20,0,2,5,0,7,5,8,14,0,27,0,0,0,27
11/26/2022,EWN,NC,ASO,EN,Federal Contract Tower,5,4,9,0,18,0,6,91,0,97,5,10,100,0,115,90,0,90,205
11/27/2022,EWN,NC,ASO,EN,Federal Contract Tower,5,4,17,0,26,0,4,10,0,14,5,8,27,0,40,14,0,14,54
11/28/2022,EWN,NC,ASO,EN,Federal Contract Tower,5,3,9,0,17,0,10,49,4,63,5,13,58,4,80,50,0,50,130
11/29/2022,EWN,NC,ASO,EN,Federal Contract Tower,5,7,3,2,17,0,9,55,2,66,5,16,58,4,83,124,0,124,207
11/30/2022,EWN,NC,ASO,EN,Federal Contract Tower,5,6,4,0,15,0,0,13,0,13,5,6,17,0,28,24,0,24,52
12/01/2022,EWN,NC,ASO,EN,Federal Contract Tower,5,8,21,1,35,0,6,60,13,79,5,14,81,14,114,134,0,134,248
12/02/2022,EWN,NC,ASO,EN,Federal Contract Tower,5,6,27,1,39,0,9,33,4,46,5,15,60,5,85,94,0,94,179
12/03/2022,EWN,NC,ASO,EN,Federal Contract Tower,5,2,4,0,11,0,1,32,8,41,5,3,36,8,52,54,0,54,106
12/04/2022,EWN,NC,ASO,EN,Federal Contract Tower,5,0,7,0,12,0,7,31,8,46,5,7,38,8,58,68,0,68,126
12/05/2022,EWN,NC,ASO,EN,Federal Contract Tower,5,8,12,0,25,0,8,49,2,59,5,16,61,2,84,156,0,156,240
12/07/2022,EWN,NC,ASO,EN,Federal Contract Tower,5,9,21,0,35,0,4,57,0,61,5,13,78,0,96,180,14,194,290
12/08/2022,EWN,NC,ASO,EN,Federal Contract Tower,5,8,32,1,46,0,9,22,1,32,5,17,54,2,78,92,0,92,170
12/09/2022,EWN,NC,ASO,EN,Federal Contract Tower,5,8,10,1,24,0,4,39,5,48,5,12,49,6,72,116,32,148,220
12/10/2022,EWN,NC,ASO,EN,Federal Contract Tower,5,4,16,0,25,0,3,48,4,55,5,7,64,4,80,116,0,116,196
12/11/2022,EWN,NC,ASO,EN,Federal Contract Tower,5,2,5,1,13,0,6,31,2,39,5,8,36,3,52,148,0,148,200
12/12/2022,EWN,NC,ASO,EN,Federal Contract Tower,6,0,16,0,22,0,4,57,0,61,6,4,73,0,83,130,0,130,213
12/13/2022,EWN,NC,ASO,EN,Federal Contract Tower,4,6,10,0,20,0,3,59,1,63,4,9,69,1,83,116,0,116,199
12/14/2022,EWN,NC,ASO,EN,Federal Contract Tower,5,6,9,2,22,0,5,32,1,38,5,11,41,3,60,64,0,64,124
12/15/2022,EWN,NC,ASO,EN,Federal Contract Tower,9,8,6,2,25,0,0,2,0,2,9,8,8,2,27,20,0,20,47
12/16/2022,EWN,NC,ASO,EN,Federal Contract Tower,7,8,9,3,27,0,6,52,13,71,7,14,61,16,98,104,0,104,202
12/17/2022,EWN,NC,ASO,EN,Federal Contract Tower,7,2,8,0,17,0,9,46,15,70,7,11,54,15,87,74,0,74,161
12/18/2022,EWN,NC,ASO,EN,Federal Contract Tower,7,3,6,3,19,0,2,33,4,39,7,5,39,7,58,64,0,64,122
12/19/2022,EWN,NC,ASO,EN,Federal Contract Tower,8,9,2,0,19,0,5,61,0,66,8,14,63,0,85,212,0,212,297
12/20/2022,EWN,NC,ASO,EN,Federal Contract Tower,7,6,14,0,27,0,3,57,2,62,7,9,71,2,89,94,0,94,183
12/21/2022,EWN,NC,ASO,EN,Federal Contract Tower,7,6,5,0,18,0,9,56,0,65,7,15,61,0,83,216,0,216,299
12/22/2022,EWN,NC,ASO,EN,Federal Contract Tower,6,7,3,2,18,0,0,6,0,6,6,7,9,2,24,4,0,4,28
12/23/2022,EWN,NC,ASO,EN,Federal Contract Tower,7,6,2,0,15,0,1,0,0,1,7,7,2,0,16,0,0,0,16
12/24/2022,EWN,NC,ASO,EN,Federal Contract Tower,5,2,1,0,8,0,2,2,0,4,5,4,3,0,12,0,0,0,12
12/25/2022,EWN,NC,ASO,EN,Federal Contract Tower,6,0,0,0,6,0,2,1,0,3,6,2,1,0,9,0,0,0,9
12/26/2022,EWN,NC,ASO,EN,Federal Contract Tower,7,1,10,0,18,0,4,43,0,47,7,5,53,0,65,84,0,84,149
12/27/2022,EWN,NC,ASO,EN,Federal Contract Tower,7,6,4,0,17,0,3,59,4,66,7,9,63,4,83,110,0,110,193
12/28/2022,EWN,NC,ASO,EN,Federal Contract Tower,7,8,3,0,18,0,5,51,7,63,7,13,54,7,81,116,0,116,197
12/29/2022,EWN,NC,ASO,EN,Federal Contract Tower,7,6,4,0,17,0,6,42,22,70,7,12,46,22,87,66,0,66,153
12/30/2022,EWN,NC,ASO,EN,Federal Contract Tower,7,7,7,0,21,0,5,45,10,60,7,12,52,10,81,108,0,108,189
12/31/2022,EWN,NC,ASO,EN,Federal Contract Tower,6,7,2,0,15,0,0,2,0,2,6,7,4,0,17,12,0,12,29
01/01/2023,EWN,NC,ASO,EN,Federal Contract Tower,6,1,5,0,12,0,5,15,0,20,6,6,20,0,32,10,0,10,42
01/02/2023,EWN,NC,ASO,EN,Federal Contract Tower,7,5,9,0,21,0,4,37,0,41,7,9,46,0,62,116,0,116,178
01/03/2023,EWN,NC,ASO,EN,Federal Contract Tower,7,6,9,0,22,0,6,37,0,43,7,12,46,0,65,70,0,70,135
01/04/2023,EWN,NC,ASO,EN,Federal Contract Tower,7,6,8,0,21,0,3,0,0,3,7,9,8,0,24,0,0,0,24
01/05/2023,EWN,NC,ASO,EN,Federal Contract Tower,6,4,16,1,27,0,1,43,1,45,6,5,59,2,72,106,0,106,178
01/06/2023,EWN,NC,ASO,EN,Federal Contract Tower,6,7,6,0,19,0,1,68,8,77,6,8,74,8,96,148,8,156,252
01/07/2023,EWN,NC,ASO,EN,Federal Contract Tower,7,2,17,0,26,0,10,66,11,87,7,12,83,11,113,160,0,160,273
01/08/2023,EWN,NC,ASO,EN,Federal Contract Tower,7,0,10,0,17,0,5,43,10,58,7,5,53,10,75,94,0,94,169
01/09/2023,EWN,NC,ASO,EN,Federal Contract Tower,7,2,8,3,20,0,4,40,1,45,7,6,48,4,65,82,4,86,151
01/10/2023,EWN,NC,ASO,EN,Federal Contract Tower,6,6,9,0,21,0,7,55,2,64,6,13,64,2,85,182,0,182,267
01/11/2023,EWN,NC,ASO,EN,Federal Contract Tower,6,5,16,8,35,0,10,54,2,66,6,15,70,10,101,124,28,152,253
01/12/2023,EWN,NC,ASO,EN,Federal Contract Tower,5,6,14,0,25,0,4,26,5,35,5,10,40,5,60,56,0,56,116
01/13/2023,EWN,NC,ASO,EN,Federal Contract Tower,7,6,16,0,29,0,6,35,0,41,7,12,51,0,70,138,0,138,208
01/14/2023,EWN,NC,ASO,EN,Federal Contract Tower,4,2,2,0,8,0,7,8,0,15,4,9,10,0,23,4,0,4,27
01/15/2023,EWN,NC,ASO,EN,Federal Contract Tower,5,0,7,0,12,0,6,39,0,45,5,6,46,0,57,94,0,94,151
01/16/2023,EWN,NC,ASO,EN,Federal Contract Tower,6,3,21,0,30,0,3,78,0,81,6,6,99,0,111,126,0,126,237
01/17/2023,EWN,NC,ASO,EN,Federal Contract Tower,6,6,4,1,17,0,3,23,0,26,6,9,27,1,43,106,0,106,149
01/18/2023,EWN,NC,ASO,EN,Federal Contract Tower,6,6,8,0,20,0,7,43,1,51,6,13,51,1,71,110,0,110,181
01/19/2023,EWN,NC,ASO,EN,Federal Contract Tower,7,6,15,0,28,0,9,18,2,29,7,15,33,2,57,50,0,50,107
01/20/2023,EWN,NC,ASO,EN,Federal Contract Tower,7,6,14,0,27,0,5,37,22,64,7,11,51,22,91,61,16,77,168
01/21/2023,EWN,NC,ASO,EN,Federal Contract Tower,6,1,15,0,22,0,5,66,17,88,6,6,81,17,110,116,0,116,226
01/22/2023,EWN,NC,ASO,EN,Federal Contract Tower,9,0,6,3,18,0,0,2,0,2,9,0,8,3,20,0,0,0,20
01/23/2023,EWN,NC,ASO,EN,Federal Contract Tower,6,2,15,0,23,0,9,18,2,29,6,11,33,2,52,10,0,10,62
01/24/2023,EWN,NC,ASO,EN,Federal Contract Tower,6,6,21,2,35,0,8,51,0,59,6,14,72,2,94,48,0,48,142
01/25/2023,EWN,NC,ASO,EN,Federal Contract Tower,6,5,1,0,12,0,0,3,0,3,6,5,4,0,15,14,0,14,29
01/26/2023,EWN,NC,ASO,EN,Federal Contract Tower,7,6,6,3,22,0,8,37,1,46,7,14,43,4,68,108,0,108,176
01/27/2023,EWN,NC,ASO,EN,Federal Contract Tower,7,5,25,0,37,0,10,59,10,79,7,15,84,10,116,98,0,98,214
01/28/2023,EWN,NC,ASO,EN,Federal Contract Tower,6,4,5,0,15,0,5,63,5,73,6,9,68,5,88,126,0,126,214
01/29/2023,EWN,NC,ASO,EN,Federal Contract Tower,7,0,8,0,15,0,10,47,0,57,7,10,55,0,72,66,0,66,138
01/30/2023,EWN,NC,ASO,EN,Federal Contract Tower,6,6,10,0,22,0,0,0,0,0,6,6,10,0,22,0,0,0,22
01/31/2023,EWN,NC,ASO,EN,Federal Contract Tower,3,6,24,4,37,0,0,0,0,0,3,6,24,4,37,0,0,0,37
02/01/2023,EWN,NC,ASO,EN,Federal Contract Tower,7,4,11,4,26,0,0,1,0,1,7,4,12,4,27,0,0,0,27
02/02/2023,EWN,NC,ASO,EN,Federal Contract Tower,7,6,1,4,18,0,0,0,0,0,7,6,1,4,18,0,0,0,18
02/03/2023,EWN,NC,ASO,EN,Federal Contract Tower,9,6,5,1,21,0,4,29,12,45,9,10,34,13,66,56,0,56,122
02/04/2023,EWN,NC,ASO,EN,Federal Contract Tower,7,1,7,0,15,0,0,36,7,43,7,1,43,7,58,50,0,50,108
02/05/2023,EWN,NC,ASO,EN,Federal Contract Tower,7,0,4,2,13,0,1,22,3,26,7,1,26,5,39,112,0,112,151
02/06/2023,EWN,NC,ASO,EN,Federal Contract Tower,7,4,12,5,28,0,2,46,1,49,7,6,58,6,77,92,8,100,177
02/07/2023,EWN,NC,ASO,EN,Federal Contract Tower,8,7,2,4,21,0,5,48,5,58,8,12,50,9,79,180,3,183,262
02/08/2023,EWN,NC,ASO,EN,Federal Contract Tower,8,6,10,1,25,0,6,44,7,57,8,12,54,8,82,138,8,146,228
02/09/2023,EWN,NC,ASO,EN,Federal Contract Tower,7,6,20,0,33,0,7,37,2,46,7,13,57,2,79,98,0,98,177
02/10/2023,EWN,NC,ASO,EN,Federal Contract Tower,7,6,8,0,21,0,8,43,5,56,7,14,51,5,77,172,0,172,249
02/11/2023,EWN,NC,ASO,EN,Federal Contract Tower,7,2,8,0,17,0,7,51,1,59,7,9,59,1,76,112,0,112,188
02/12/2023,EWN,NC,ASO,EN,Federal Contract Tower,9,0,1,0,10,0,0,2,0,2,9,0,3,0,12,0,0,0,12
02/13/2023,EWN,NC,ASO,EN,Federal Contract Tower,7,3,9,0,19,0,6,37,2,45,7,9,46,2,64,96,0,96,160
02/14/2023,EWN,NC,ASO,EN,Federal Contract Tower,8,6,15,0,29,0,3,52,1,56,8,9,67,1,85,104,0,104,189
02/15/2023,EWN,NC,ASO,EN,Federal Contract Tower,8,11,12,0,31,0,14,55,6,75,8,25,67,6,106,92,0,92,198
02/16/2023,EWN,NC,ASO,EN,Federal Contract Tower,7,6,10,0,23,0,0,40,7,47,7,6,50,7,70,118,0,118,188
02/17/2023,EWN,NC,ASO,EN,Federal Contract Tower,7,5,3,0,15,0,8,3,2,13,7,13,6,2,28,0,0,0,28
02/18/2023,EWN,NC,ASO,EN,Federal Contract Tower,8,2,2,0,12,0,11,58,0,69,8,13,60,0,81,176,0,176,257
02/19/2023,EWN,NC,ASO,EN,Federal Contract Tower,7,0,10,0,17,0,2,68,0,70,7,2,78,0,87,230,0,230,317
02/20/2023,EWN,NC,ASO,EN,Federal Contract Tower,7,10,9,0,26,0,6,66,1,73,7,16,75,1,99,118,0,118,217
02/21/2023,EWN,NC,ASO,EN,Federal Contract Tower,7,10,9,0,26,0,3,54,6,63,7,13,63,6,89,70,0,70,159
02/22/2023,EWN,NC,ASO,EN,Federal Contract Tower,7,7,6,0,20,0,5,49,16,70,7,12,55,16,90,48,0,48,138
02/23/2023,EWN,NC,ASO,EN,Federal Contract Tower,10,10,7,0,27,0,4,15,3,22,10,14,22,3,49,16,0,16,65
02/24/2023,EWN,NC,ASO,EN,Federal Contract Tower,7,6,11,3,27,0,7,60,13,80,7,13,71,16,107,113,2,115,222
02/25/2023,EWN,NC,ASO,EN,Federal Contract Tower,9,4,17,8,38,0,1,0,0,1,9,5,17,8,39,0,0,0,39
02/26/2023,EWN,NC,ASO,EN,Federal Contract Tower,7,1,21,2,31,0,9,44,5,58,7,10,65,7,89,188,0,188,277
02/27/2023,EWN,NC,ASO,EN,Federal Contract Tower,7,3,12,3,25,0,5,46,4,55,7,8,58,7,80,84,0,84,164
02/28/2023,EWN,NC,ASO,EN,Federal Contract Tower,7,6,12,0,25,0,6,44,0,50,7,12,56,0,75,92,0,92,167
03/01/2023,EWN,NC,ASO,EN,Federal Contract Tower,5,8,20,0,33,0,8,31,0,39,5,16,51,0,72,70,0,70,142
03/02/2023,EWN,NC,ASO,EN,Federal Contract Tower,5,8,15,0,28,0,3,19,11,33,5,11,34,11,61,52,0,52,113
03/03/2023,EWN,NC,ASO,EN,Federal Contract Tower,5,4,6,2,17,0,4,31,20,55,5,8,37,22,72,86,10,96,168
03/04/2023,EWN,NC,ASO,EN,Federal Contract Tower,5,4,1,0,10,0,6,29,15,50,5,10,30,15,60,34,0,34,94
03/05/2023,EWN,NC,ASO,EN,Federal Contract Tower,5,0,11,0,16,0,6,68,2,76,5,6,79,2,92,116,0,116,208
03/06/2023,EWN,NC,ASO,EN,Federal Contract Tower,5,2,8,0,15,0,5,58,0,63,5,7,66,0,78,114,0,114,192
03/07/2023,EWN,NC,ASO,EN,Federal Contract Tower,7,6,8,0,21,0,5,37,1,43,7,11,45,1,64,36,0,36,100
03/08/2023,EWN,NC,ASO,EN,Federal Contract Tower,7,6,11,1,25,0,2,43,0,45,7,8,54,1,70,46,0,46,116
03/09/2023,EWN,NC,ASO,EN,Federal Contract Tower,6,5,15,2,28,0,0,71,2,73,6,5,86,4,101,196,0,196,297
03/10/2023,EWN,NC,ASO,EN,Federal Contract Tower,6,6,10,4,26,0,0,12,8,20,6,6,22,12,46,58,0,58,104
03/11/2023,EWN,NC,ASO,EN,Federal Contract Tower,7,4,2,0,13,0,11,40,11,62,7,15,42,11,75,92,0,92,167
03/12/2023,EWN,NC,ASO,EN,Federal Contract Tower,5,1,7,3,16,0,2,10,4,16,5,3,17,7,32,22,0,22,54
03/13/2023,EWN,NC,ASO,EN,Federal Contract Tower,6,3,16,1,26,0,2,6,2,10,6,5,22,3,36,14,0,14,50
03/14/2023,EWN,NC,ASO,EN,Federal Contract Tower,6,6,13,0,25,0,2,36,13,51,6,8,49,13,76,84,0,84,160
03/15/2023,EWN,NC,ASO,EN,Federal Contract Tower,5,8,7,0,20,0,4,34,2,40,5,12,41,2,60,58,0,58,118
03/16/2023,EWN,NC,ASO,EN,Federal Contract Tower,5,6,17,2,30,0,8,77,5,90,5,14,94,7,120,186,0,186,306
03/17/2023,EWN,NC,ASO,EN,Federal Contract Tower,4,8,7,0,19,0,0,46,2,48,4,8,53,2,67,74,0,74,141
03/18/2023,EWN,NC,ASO,EN,Federal Contract Tower,5,2,11,1,19,0,0,4,0,4,5,2,15,1,23,50,0,50,73
03/19/2023,EWN,NC,ASO,EN,Federal Contract Tower,5,0,8,0,13,0,7,87,0,94,5,7,95,0,107,164,0,164,271
03/20/2023,EWN,NC,ASO,EN,Federal Contract Tower,5,2,10,0,17,0,10,71,4,85,5,12,81,4,102,182,0,182,284
03/21/2023,EWN,NC,ASO,EN,Federal Contract Tower,7,5,14,6,32,0,14,65,11,90,7,19,79,17,122,144,0,144,266
03/22/2023,EWN,NC,ASO,EN,Federal Contract Tower,7,5,11,0,23,0,5,69,3,77,7,10,80,3,100,190,6,196,296
03/23/2023,EWN,NC,ASO,EN,Federal Contract Tower,5,7,9,0,21,0,12,19,4,35,5,19,28,4,56,42,0,42,98
03/24/2023,EWN,NC,ASO,EN,Federal Contract Tower,5,6,8,0,19,0,3,63,14,80,5,9,71,14,99,136,0,136,235
03/25/2023,EWN,NC,ASO,EN,Federal Contract Tower,5,2,0,2,9,0,4,45,9,58,5,6,45,11,67,86,0,86,153
03/26/2023,EWN,NC,ASO,EN,Federal Contract Tower,5,2,15,7,29,0,2,26,1,29,5,4,41,8,58,64,0,64,122
03/27/2023,EWN,NC,ASO,EN,Federal Contract Tower,5,4,7,0,16,0,2,54,0,56,5,6,61,0,72,172,0,172,244
03/28/2023,EWN,NC,ASO,EN,Federal Contract Tower,6,6,20,0,32,0,4,68,0,72,6,10,88,0,104,166,0,166,270
03/29/2023,EWN,NC,ASO,EN,Federal Contract Tower,5,6,20,6,37,0,1,64,0,65,5,7,84,6,102,178,2,180,282
03/30/2023,EWN,NC,ASO,EN,Federal Contract Tower,5,8,14,2,29,0,5,56,0,61,5,13,70,2,90,162,0,162,252
03/31/2023,EWN,NC,ASO,EN,Federal Contract Tower,5,6,12,2,25,0,5,43,5,53,5,11,55,7,78,52,0,52,130
04/01/2023,EWN,NC,ASO,EN,Federal Contract Tower,5,3,2,0,10,0,6,2,12,20,5,9,4,12,30,0,0,0,30
04/02/2023,EWN,NC,ASO,EN,Federal Contract Tower,5,0,19,0,24,0,11,58,5,74,5,11,77,5,98,134,0,134,232
04/03/2023,EWN,NC,ASO,EN,Federal Contract Tower,5,3,12,0,20,0,4,82,0,86,5,7,94,0,106,306,0,306,412
04/04/2023,EWN,NC,ASO,EN,Federal Contract Tower,7,7,11,4,29,0,5,68,2,75,7,12,79,6,104,194,0,194,298
04/05/2023,EWN,NC,ASO,EN,Federal Contract Tower,7,6,9,2,24,0,11,49,0,60,7,17,58,2,84,160,0,160,244
04/06/2023,EWN,NC,ASO,EN,Federal Contract Tower,4,9,19,0,32,0,7,48,5,60,4,16,67,5,92,102,6,108,200
04/07/2023,EWN,NC,ASO,EN,Federal Contract Tower,8,7,28,4,47,0,0,0,0,0,8,7,28,4,47,0,0,0,47
04/08/2023,EWN,NC,ASO,EN,Federal Contract Tower,7,4,5,4,20,0,0,0,0,0,7,4,5,4,20,0,0,0,20
04/09/2023,EWN,NC,ASO,EN,Federal Contract Tower,8,0,7,0,15,0,2,6,2,10,8,2,13,2,25,0,0,0,25
04/10/2023,EWN,NC,ASO,EN,Federal Contract Tower,8,2,16,0,26,0,15,74,0,89,8,17,90,0,115,162,0,162,277
04/11/2023,EWN,NC,ASO,EN,Federal Contract Tower,8,8,18,1,35,0,8,76,15,99,8,16,94,16,134,114,0,114,248
04/12/2023,EWN,NC,ASO,EN,Federal Contract Tower,8,5,17,0,30,0,12,81,9,102,8,17,98,9,132,148,0,148,280
04/13/2023,EWN,NC,ASO,EN,Federal Contract Tower,8,6,16,0,30,0,8,68,11,87,8,14,84,11,117,232,0,232,349
04/14/2023,EWN,NC,ASO,EN,Federal Contract Tower,8,7,23,0,38,0,2,18,5,25,8,9,41,5,63,84,0,84,147
04/15/2023,EWN,NC,ASO,EN,Federal Contract Tower,8,2,16,0,26,0,4,48,0,52,8,6,64,0,78,102,0,102,180
04/16/2023,EWN,NC,ASO,EN,Federal Contract Tower,8,0,13,0,21,0,4,41,0,45,8,4,54,0,66,120,0,120,186
04/17/2023,EWN,NC,ASO,EN,Federal Contract Tower,8,2,8,0,18,0,4,55,2,61,8,6,63,2,79,192,0,192,271
04/18/2023,EWN,NC,ASO,EN,Federal Contract Tower,8,6,21,2,37,0,11,65,6,82,8,17,86,8,119,86,2,88,207
04/19/2023,EWN,NC,ASO,EN,Federal Contract Tower,7,6,17,0,30,0,4,64,11,79,7,10,81,11,109,160,0,160,269
04/20/2023,EWN,NC,ASO,EN,Federal Contract Tower,8,6,25,1,40,0,26,57,15,98,8,32,82,16,138,118,10,128,266
04/21/2023,EWN,NC,ASO,EN,Federal Contract Tower,8,6,9,1,24,0,35,44,10,89,8,41,53,11,113,100,0,100,213
04/22/2023,EWN,NC,ASO,EN,Federal Contract Tower,7,5,2,1,15,0,27,4,2,33,7,32,6,3,48,4,0,4,52
04/23/2023,EWN,NC,ASO,EN,Federal Contract Tower,7,0,16,1,24,0,16,67,2,85,7,16,83,3,109,122,0,122,231
04/24/2023,EWN,NC,ASO,EN,Federal Contract Tower,8,2,9,0,19,0,8,61,1,70,8,10,70,1,89,214,0,214,303
04/25/2023,EWN,NC,ASO,EN,Federal Contract Tower,8,6,8,0,22,0,7,77,16,100,8,13,85,16,122,152,0,152,274
04/26/2023,EWN,NC,ASO,EN,Federal Contract Tower,9,6,9,0,24,0,6,39,6,51,9,12,48,6,75,114,0,114,189
04/27/2023,EWN,NC,ASO,EN,Federal Contract Tower,7,6,6,1,20,0,3,21,0,24,7,9,27,1,44,54,0,54,98
04/28/2023,EWN,NC,ASO,EN,Federal Contract Tower,7,6,3,4,20,0,6,19,4,29,7,12,22,8,49,8,0,8,57
04/29/2023,EWN,NC,ASO,EN,Federal Contract Tower,8,2,10,9,29,0,12,51,2,65,8,14,61,11,94,138,0,138,232
04/30/2023,EWN,NC,ASO,EN,Federal Contract Tower,8,2,4,1,15,0,0,2,4,6,8,2,6,5,21,0,0,0,21
05/01/2023,EWN,NC,ASO,EN,Federal Contract Tower,8,2,9,0,19,0,8,34,0,42,8,10,43,0,61,8,0,8,69
05/02/2023,EWN,NC,ASO,EN,Federal Contract Tower,8,5,8,0,21,0,6,33,6,45,8,11,41,6,66,108,0,108,174
05/03/2023,EWN,NC,ASO,EN,Federal Contract Tower,7,6,4,0,17,0,8,37,0,45,7,14,41,0,62,78,0,78,140
05/04/2023,EWN,NC,ASO,EN,Federal Contract Tower,7,4,12,0,23,0,9,57,4,70,7,13,69,4,93,100,0,100,193
05/05/2023,EWN,NC,ASO,EN,Federal Contract Tower,9,8,9,0,26,0,3,86,2,91,9,11,95,2,117,208,4,212,329
05/06/2023,EWN,NC,ASO,EN,Federal Contract Tower,8,2,6,0,16,0,6,47,0,53,8,8,53,0,69,42,0,42,111
05/07/2023,EWN,NC,ASO,EN,Federal Contract Tower,9,3,7,0,19,0,6,45,0,51,9,9,52,0,70,72,0,72,142
05/08/2023,EWN,NC,ASO,EN,Federal Contract Tower,9,2,12,2,25,0,1,46,0,47,9,3,58,2,72,178,4,182,254
05/09/2023,EWN,NC,ASO,EN,Federal Contract Tower,7,5,8,0,20,0,7,39,0,46,7,12,47,0,66,60,0,60,126
05/10/2023,EWN,NC,ASO,EN,Federal Contract Tower,9,7,13,0,29,0,6,63,0,69,9,13,76,0,98,158,0,158,256
05/11/2023,EWN,NC,ASO,EN,Federal Contract Tower,10,4,34,2,50,0,6,63,2,71,10,10,97,4,121,114,0,114,235
05/12/2023,EWN,NC,ASO,EN,Federal Contract Tower,9,5,16,0,30,0,9,56,4,69,9,14,72,4,99,96,2,98,197
05/13/2023,EWN,NC,ASO,EN,Federal Contract Tower,9,1,3,0,13,0,8,66,0,74,9,9,69,0,87,118,0,118,205
05/14/2023,EWN,NC,ASO,EN,Federal Contract Tower,9,0,8,0,17,0,3,20,0,23,9,3,28,0,40,102,0,102,142
05/15/2023,EWN,NC,ASO,EN,Federal Contract Tower,9,2,18,0,29,0,10,63,0,73,9,12,81,0,102,146,0,146,248
05/16/2023,EWN,NC,ASO,EN,Federal Contract Tower,7,5,13,1,26,0,8,29,1,38,7,13,42,2,64,54,2,56,120
05/17/2023,EWN,NC,ASO,EN,Federal Contract Tower,9,8,14,2,33,0,10,42,0,52,9,18,56,2,85,98,0,98,183
05/18/2023,EWN,NC,ASO,EN,Federal Contract Tower,10,3,13,0,26,0,9,42,0,51,10,12,55,0,77,8,0,8,85
05/19/2023,EWN,NC,ASO,EN,Federal Contract Tower,9,5,11,0,25,0,0,1,0,1,9,5,12,0,26,0,0,0,26
05/20/2023,EWN,NC,ASO,EN,Federal Contract Tower,9,2,18,13,42,0,4,16,0,20,9,6,34,13,62,58,0,58,120
05/21/2023,EWN,NC,ASO,EN,Federal Contract Tower,9,6,7,7,29,0,3,12,0,15,9,9,19,7,44,20,4,24,68
05/22/2023,EWN,NC,ASO,EN,Federal Contract Tower,9,5,8,0,22,0,3,57,4,64,9,8,65,4,86,218,0,218,304
05/23/2023,EWN,NC,ASO,EN,Federal Contract Tower,8,6,13,4,31,0,12,54,0,66,8,18,67,4,97,120,14,134,231
05/24/2023,EWN,NC,ASO,EN,Federal Contract Tower,9,5,14,0,28,0,5,39,0,44,9,10,53,0,72,110,0,110,182
05/25/2023,EWN,NC,ASO,EN,Federal Contract Tower,10,8,13,0,31,0,4,37,0,41,10,12,50,0,72,100,0,100,172
05/26/2023,EWN,NC,ASO,EN,Federal Contract Tower,9,6,10,0,25,0,13,20,0,33,9,19,30,0,58,85,0,85,143
05/27/2023,EWN,NC,ASO,EN,Federal Contract Tower,8,4,4,0,16,0,0,1,0,1,8,4,5,0,17,0,0,0,17
05/28/2023,EWN,NC,ASO,EN,Federal Contract Tower,9,0,6,2,17,0,1,5,0,6,9,1,11,2,23,28,0,28,51
05/29/2023,EWN,NC,ASO,EN,Federal Contract Tower,9,1,10,3,23,0,9,37,1,47,9,10,47,4,70,130,0,130,200
05/30/2023,EWN,NC,ASO,EN,Federal Contract Tower,8,3,17,0,28,0,6,26,0,32,8,9,43,0,60,120,0,120,180
05/31/2023,EWN,NC,ASO,EN,Federal Contract Tower,9,6,19,3,37,0,2,6,0,8,9,8,25,3,45,24,0,24,69
06/01/2023,EWN,NC,ASO,EN,Federal Contract Tower,7,8,20,2,37,0,2,26,0,28,7,10,46,2,65,142,0,142,207
06/02/2023,EWN,NC,ASO,EN,Federal Contract Tower,8,7,22,2,39,0,8,27,0,35,8,15,49,2,74,38,4,42,116
06/03/2023,EWN,NC,ASO,EN,Federal Contract Tower,10,3,24,0,37,0,9,31,0,40,10,12,55,0,77,28,0,28,105
06/04/2023,EWN,NC,ASO,EN,Federal Contract Tower,8,3,15,2,28,0,4,27,0,31,8,7,42,2,59,56,0,56,115
06/05/2023,EWN,NC,ASO,EN,Federal Contract Tower,8,3,9,0,20,0,3,96,4,103,8,6,105,4,123,186,12,198,321
06/06/2023,EWN,NC,ASO,EN,Federal Contract Tower,9,8,11,1,29,0,5,58,6,69,9,13,69,7,98,122,2,124,222
06/07/2023,EWN,NC,ASO,EN,Federal Contract Tower,9,13,35,5,62,0,4,23,4,31,9,17,58,9,93,60,0,60,153
06/08/2023,EWN,NC,ASO,EN,Federal Contract Tower,7,9,25,10,51,0,8,34,0,42,7,17,59,10,93,54,0,54,147
06/09/2023,EWN,NC,ASO,EN,Federal Contract Tower,8,7,18,0,33,0,5,47,10,62,8,12,65,10,95,80,0,80,175
06/10/2023,EWN,NC,ASO,EN,Federal Contract Tower,10,4,11,0,25,0,2,72,0,74,10,6,83,0,99,76,0,76,175
06/11/2023,EWN,NC,ASO,EN,Federal Contract Tower,8,0,9,0,17,0,4,59,6,69,8,4,68,6,86,102,0,102,188
06/12/2023,EWN,NC,ASO,EN,Federal Contract Tower,10,2,0,0,12,0,1,28,0,29,10,3,28,0,41,32,0,32,73
06/13/2023,EWN,NC,ASO,EN,Federal Contract Tower,9,7,18,0,34,0,10,76,8,94,9,17,94,8,128,136,0,136,264
06/14/2023,EWN,NC,ASO,EN,Federal Contract Tower,9,6,8,0,23,0,6,31,4,41,9,12,39,4,64,40,0,40,104
06/15/2023,EWN,NC,ASO,EN,Federal Contract Tower,8,9,11,2,30,0,6,78,4,88,8,15,89,6,118,140,0,140,258
06/16/2023,EWN,NC,ASO,EN,Federal Contract Tower,7,10,13,0,30,0,8,73,0,81,7,18,86,0,111,140,0,140,251
06/17/2023,EWN,NC,ASO,EN,Federal Contract Tower,10,2,8,0,20,0,5,57,4,66,10,7,65,4,86,106,0,106,192
06/18/2023,EWN,NC,ASO,EN,Federal Contract Tower,8,6,23,0,37,0,4,44,0,48,8,10,67,0,85,132,0,132,217
06/19/2023,EWN,NC,ASO,EN,Federal Contract Tower,11,2,12,1,26,0,6,53,4,63,11,8,65,5,89,232,0,232,321
06/20/2023,EWN,NC,ASO,EN,Federal Contract Tower,9,6,24,0,39,0,2,26,0,28,9,8,50,0,67,114,0,114,181
06/21/2023,EWN,NC,ASO,EN,Federal Contract Tower,8,8,22,0,38,0,0,9,0,9,8,8,31,0,47,32,0,32,79
06/22/2023,EWN,NC,ASO,EN,Federal Contract Tower,8,7,10,0,25,0,1,28,0,29,8,8,38,0,54,106,0,106,160
06/23/2023,EWN,NC,ASO,EN,Federal Contract Tower,8,6,11,3,28,0,0,34,6,40,8,6,45,9,68,86,12,98,166
06/24/2023,EWN,NC,ASO,EN,Federal Contract Tower,10,5,11,0,26,0,4,42,12,58,10,9,53,12,84,142,0,142,226
06/25/2023,EWN,NC,ASO,EN,Federal Contract Tower,10,3,5,0,18,0,4,54,4,62,10,7,59,4,80,82,0,82,162
06/26/2023,EWN,NC,ASO,EN,Federal Contract Tower,6,9,10,0,25,0,3,28,2,33,6,12,38,2,58,82,26,108,166
06/27/2023,EWN,NC,ASO,EN,Federal Contract Tower,9,7,7,0,23,0,6,56,0,62,9,13,63,0,85,182,0,182,267
06/28/2023,EWN,NC,ASO,EN,Federal Contract Tower,8,7,12,1,28,0,9,59,2,70,8,16,71,3,98,212,0,212,310
06/29/2023,EWN,NC,ASO,EN,Federal Contract Tower,8,9,8,1,26,0,4,58,2,64,8,13,66,3,90,106,0,106,196
06/30/2023,EWN,NC,ASO,EN,Federal Contract Tower,8,9,19,2,38,0,1,61,10,72,8,10,80,12,110,196,0,196,306
07/01/2023,EWN,NC,ASO,EN,Federal Contract Tower,10,2,11,0,23,0,7,40,10,57,10,9,51,10,80,130,0,130,210
07/02/2023,EWN,NC,ASO,EN,Federal Contract Tower,8,4,7,0,19,0,3,51,0,54,8,7,58,0,73,104,0,104,177
07/03/2023,EWN,NC,ASO,EN,Federal Contract Tower,9,2,4,0,15,0,2,50,0,52,9,4,54,0,67,90,0,90,157
07/04/2023,EWN,NC,ASO,EN,Federal Contract Tower,8,1,1,0,10,0,3,8,2,13,8,4,9,2,23,0,0,0,23
07/05/2023,EWN,NC,ASO,EN,Federal Contract Tower,9,5,6,0,20,0,1,24,0,25,9,6,30,0,45,24,0,24,69
07/06/2023,EWN,NC,ASO,EN,Federal Contract Tower,9,6,1,0,16,0,1,17,0,18,9,7,18,0,34,30,0,30,64
07/07/2023,EWN,NC,ASO,EN,Federal Contract Tower,8,6,7,0,21,0,7,64,3,74,8,13,71,3,95,98,0,98,193
07/08/2023,EWN,NC,ASO,EN,Federal Contract Tower,10,4,2,0,16,0,4,65,2,71,10,8,67,2,87,194,0,194,281
07/09/2023,EWN,NC,ASO,EN,Federal Contract Tower,12,2,0,0,14,0,2,33,2,37,12,4,33,2,51,92,0,92,143
07/10/2023,EWN,NC,ASO,EN,Federal Contract Tower,10,4,6,2,22,0,7,53,2,62,10,11,59,4,84,94,0,94,178
07/11/2023,EWN,NC,ASO,EN,Federal Contract Tower,10,7,11,0,28,0,6,64,0,70,10,13,75,0,98,96,0,96,194
07/12/2023,EWN,NC,ASO,EN,Federal Contract Tower,11,7,11,3,32,0,4,58,7,69,11,11,69,10,101,112,16,128,229
07/13/2023,EWN,NC,ASO,EN,Federal Contract Tower,10,8,19,0,37,0,7,50,4,61,10,15,69,4,98,48,0,48,146
07/14/2023,EWN,NC,ASO,EN,Federal Contract Tower,10,14,19,1,44,0,7,18,13,38,10,21,37,14,82,20,0,20,102
07/15/2023,EWN,NC,ASO,EN,Federal Contract Tower,11,2,11,0,24,0,4,31,9,44,11,6,42,9,68,48,6,54,122
07/16/2023,EWN,NC,ASO,EN,Federal Contract Tower,12,3,15,0,30,0,1,34,4,39,12,4,49,4,69,90,0,90,159
07/17/2023,EWN,NC,ASO,EN,Federal Contract Tower,7,3,3,0,13,0,10,66,0,76,7,13,69,0,89,114,0,114,203
07/18/2023,EWN,NC,ASO,EN,Federal Contract Tower,9,6,6,3,24,0,6,25,1,32,9,12,31,4,56,30,10,40,96
07/19/2023,EWN,NC,ASO,EN,Federal Contract Tower,10,6,11,1,28,0,6,34,4,44,10,12,45,5,72,28,0,28,100
07/20/2023,EWN,NC,ASO,EN,Federal Contract Tower,10,8,9,0,27,0,7,50,5,62,10,15,59,5,89,96,0,96,185
07/21/2023,EWN,NC,ASO,EN,Federal Contract Tower,10,8,16,1,35,0,6,61,0,67,10,14,77,1,102,76,0,76,178
07/22/2023,EWN,NC,ASO,EN,Federal Contract Tower,12,2,7,0,21,0,2,27,0,29,12,4,34,0,50,54,0,54,104
07/23/2023,EWN,NC,ASO,EN,Federal Contract Tower,9,0,5,0,14,0,6,25,0,31,9,6,30,0,45,102,0,102,147
07/24/2023,EWN,NC,ASO,EN,Federal Contract Tower,10,2,5,0,17,0,1,44,0,45,10,3,49,0,62,214,0,214,276
07/25/2023,EWN,NC,ASO,EN,Federal Contract Tower,8,6,4,0,18,0,9,61,6,76,8,15,65,6,94,154,0,154,248
07/26/2023,EWN,NC,ASO,EN,Federal Contract Tower,10,6,14,1,31,0,6,43,1,50,10,12,57,2,81,100,0,100,181
07/27/2023,EWN,NC,ASO,EN,Federal Contract Tower,10,8,8,0,26,0,4,57,0,61,10,12,65,0,87,56,0,56,143
07/28/2023,EWN,NC,ASO,EN,Federal Contract Tower,10,6,13,0,29,0,8,32,8,48,10,14,45,8,77,60,0,60,137
07/29/2023,EWN,NC,ASO,EN,Federal Contract Tower,11,2,2,2,17,0,3,13,2,18,11,5,15,4,35,28,0,28,63
07/30/2023,EWN,NC,ASO,EN,Federal Contract Tower,10,2,22,0,34,0,14,27,0,41,10,16,49,0,75,46,0,46,121
07/31/2023,EWN,NC,ASO,EN,Federal Contract Tower,10,2,7,0,19,0,4,38,0,42,10,6,45,0,61,60,0,60,121
08/01/2023,EWN,NC,ASO,EN,Federal Contract Tower,11,4,11,0,26,0,6,51,0,57,11,10,62,0,83,54,0,54,137
08/02/2023,EWN,NC,ASO,EN,Federal Contract Tower,10,6,17,0,33,0,5,54,0,59,10,11,71,0,92,62,0,62,154
08/03/2023,EWN,NC,ASO,EN,Federal Contract Tower,10,4,12,0,26,0,7,47,6,60,10,11,59,6,86,66,0,66,152
08/04/2023,EWN,NC,ASO,EN,Federal Contract Tower,7,4,0,12,23,0,2,16,6,24,7,6,16,18,47,62,0,62,109
08/05/2023,EWN,NC,ASO,EN,Federal Contract Tower,9,3,8,2,22,0,2,20,2,24,9,5,28,4,46,58,0,58,104
08/06/2023,EWN,NC,ASO,EN,Federal Contract Tower,9,2,19,0,30,0,5,49,0,54,9,7,68,0,84,132,0,132,216
08/07/2023,EWN,NC,ASO,EN,Federal Contract Tower,7,7,11,0,25,0,7,36,6,49,7,14,47,6,74,46,0,46,120
08/08/2023,EWN,NC,ASO,EN,Federal Contract Tower,9,9,12,0,30,0,6,41,1,48,9,15,53,1,78,52,0,52,130
08/09/2023,EWN,NC,ASO,EN,Federal Contract Tower,7,6,6,0,19,0,2,45,6,53,7,8,51,6,72,106,0,106,178
08/10/2023,EWN,NC,ASO,EN,Federal Contract Tower,8,6,4,0,18,0,7,21,6,34,8,13,25,6,52,28,0,28,80
08/11/2023,EWN,NC,ASO,EN,Federal Contract Tower,7,7,26,4,44,0,8,50,10,68,7,15,76,14,112,72,2,74,186
08/12/2023,EWN,NC,ASO,EN,Federal Contract Tower,9,3,6,0,18,0,7,45,17,69,9,10,51,17,87,78,0,78,165
08/13/2023,EWN,NC,ASO,EN,Federal Contract Tower,8,0,1,0,9,0,8,40,3,51,8,8,41,3,60,72,0,72,132
08/14/2023,EWN,NC,ASO,EN,Federal Contract Tower,7,3,11,0,21,0,3,43,3,49,7,6,54,3,70,58,0,58,128
08/15/2023,EWN,NC,ASO,EN,Federal Contract Tower,10,5,5,0,20,0,1,49,0,50,10,6,54,0,70,74,4,78,148
08/16/2023,EWN,NC,ASO,EN,Federal Contract Tower,9,6,7,0,22,0,4,33,0,37,9,10,40,0,59,26,0,26,85
08/17/2023,EWN,NC,ASO,EN,Federal Contract Tower,10,6,5,0,21,0,7,41,0,48,10,13,46,0,69,64,0,64,133
08/18/2023,EWN,NC,ASO,EN,Federal Contract Tower,11,9,9,0,29,0,28,65,0,93,11,37,74,0,122,68,0,68,190
08/19/2023,EWN,NC,ASO,EN,Federal Contract Tower,12,3,5,0,20,0,9,36,0,45,12,12,41,0,65,82,0,82,147
08/20/2023,EWN,NC,ASO,EN,Federal Contract Tower,9,0,5,0,14,0,10,40,0,50,9,10,45,0,64,100,0,100,164
08/21/2023,EWN,NC,ASO,EN,Federal Contract Tower,9,4,7,1,21,0,4,57,0,61,9,8,64,1,82,76,4,80,162
08/22/2023,EWN,NC,ASO,EN,Federal Contract Tower,11,7,12,2,32,0,4,57,0,61,11,11,69,2,93,48,0,48,141
08/23/2023,EWN,NC,ASO,EN,Federal Contract Tower,10,6,15,10,41,0,3,42,1,46,10,9,57,11,87,94,2,96,183
08/24/2023,EWN,NC,ASO,EN,Federal Contract Tower,10,6,15,2,33,0,4,71,1,76,10,10,86,3,109,118,14,132,241
08/25/2023,EWN,NC,ASO,EN,Federal Contract Tower,10,9,8,3,30,0,10,63,8,81,10,19,71,11,111,74,0,74,185
08/26/2023,EWN,NC,ASO,EN,Federal Contract Tower,12,2,6,1,21,0,0,44,5,49,12,2,50,6,70,104,0,104,174
08/27/2023,EWN,NC,ASO,EN,Federal Contract Tower,10,1,1,0,12,0,0,16,2,18,10,1,17,2,30,34,0,34,64
08/28/2023,EWN,NC,ASO,EN,Federal Contract Tower,10,2,11,0,23,0,0,37,0,37,10,2,48,0,60,46,0,46,106
08/29/2023,EWN,NC,ASO,EN,Federal Contract Tower,9,6,5,2,22,0,4,37,0,41,9,10,42,2,63,94,12,106,169
08/30/2023,EWN,NC,ASO,EN,Federal Contract Tower,10,6,11,0,27,0,3,32,0,35,10,9,43,0,62,56,0,56,118
08/31/2023,EWN,NC,ASO,EN,Federal Contract Tower,10,2,1,0,13,0,3,0,0,3,10,5,1,0,16,0,0,0,16
