01/01/2020,EWR,NJ,AEA,EN,Towers with Radar,869,213,4,0,1086,0,0,0,7,7,869,213,4,7,1093,0,0,0,1093
01/02/2020,EWR,NJ,AEA,EN,Towers with Radar,1001,261,8,0,1270,0,4,12,0,16,1001,265,20,0,1286,0,0,0,1286
01/03/2020,EWR,NJ,AEA,EN,Towers with Radar,992,265,13,0,1270,0,2,0,0,2,992,267,13,0,1272,0,0,0,1272
01/04/2020,EWR,NJ,AEA,EN,Towers with Radar,897,235,23,0,1155,0,0,1,0,1,897,235,24,0,1156,0,0,0,1156
01/05/2020,EWR,NJ,AEA,EN,Towers with Radar,952,260,15,0,1227,0,0,3,0,3,952,260,18,0,1230,0,0,0,1230
01/06/2020,EWR,NJ,AEA,EN,Towers with Radar,960,260,18,0,1238,0,0,15,0,15,960,260,33,0,1253,0,0,0,1253
01/07/2020,EWR,NJ,AEA,EN,Towers with Radar,997,268,14,0,1279,0,7,15,3,25,997,275,29,3,1304,0,0,0,1304
01/08/2020,EWR,NJ,AEA,EN,Towers with Radar,944,248,11,0,1203,0,4,11,4,19,944,252,22,4,1222,0,0,0,1222
01/09/2020,EWR,NJ,AEA,EN,Towers with Radar,1009,280,14,0,1303,0,4,26,1,31,1009,284,40,1,1334,0,0,0,1334
01/10/2020,EWR,NJ,AEA,EN,Towers with Radar,969,270,12,0,1251,0,4,15,0,19,969,274,27,0,1270,0,0,0,1270
01/11/2020,EWR,NJ,AEA,EN,Towers with Radar,750,161,5,0,916,0,2,0,2,4,750,163,5,2,920,0,0,0,920
01/12/2020,EWR,NJ,AEA,EN,Towers with Radar,917,229,4,0,1150,0,0,11,1,12,917,229,15,1,1162,0,0,0,1162
01/13/2020,EWR,NJ,AEA,EN,Towers with Radar,955,251,7,0,1213,0,0,22,6,28,955,251,29,6,1241,0,0,0,1241
01/14/2020,EWR,NJ,AEA,EN,Towers with Radar,988,271,13,0,1272,0,0,6,0,6,988,271,19,0,1278,0,0,0,1278
01/15/2020,EWR,NJ,AEA,EN,Towers with Radar,976,282,17,0,1275,0,2,31,0,33,976,284,48,0,1308,0,0,0,1308
01/16/2020,EWR,NJ,AEA,EN,Towers with Radar,985,256,17,0,1258,0,4,14,1,19,985,260,31,1,1277,0,0,0,1277
01/17/2020,EWR,NJ,AEA,EN,Towers with Radar,972,276,12,0,1260,0,8,31,2,41,972,284,43,2,1301,0,0,0,1301
01/18/2020,EWR,NJ,AEA,EN,Towers with Radar,707,119,6,0,832,0,0,0,2,2,707,119,6,2,834,0,0,0,834
01/19/2020,EWR,NJ,AEA,EN,Towers with Radar,873,228,10,0,1111,0,0,14,0,14,873,228,24,0,1125,0,0,0,1125
01/20/2020,EWR,NJ,AEA,EN,Towers with Radar,929,278,17,0,1224,0,2,15,0,17,929,280,32,0,1241,0,0,0,1241
01/21/2020,EWR,NJ,AEA,EN,Towers with Radar,972,291,6,0,1269,0,8,20,6,34,972,299,26,6,1303,0,0,0,1303
01/22/2020,EWR,NJ,AEA,EN,Towers with Radar,970,273,7,0,1250,0,4,8,0,12,970,277,15,0,1262,0,0,0,1262
01/23/2020,EWR,NJ,AEA,EN,Towers with Radar,1000,275,10,0,1285,0,6,29,0,35,1000,281,39,0,1320,0,0,0,1320
01/24/2020,EWR,NJ,AEA,EN,Towers with Radar,981,273,8,0,1262,0,4,22,0,26,981,277,30,0,1288,0,0,0,1288
01/25/2020,EWR,NJ,AEA,EN,Towers with Radar,758,161,5,0,924,0,0,1,0,1,758,161,6,0,925,0,0,0,925
01/26/2020,EWR,NJ,AEA,EN,Towers with Radar,919,233,8,0,1160,0,0,11,0,11,919,233,19,0,1171,0,0,0,1171
01/27/2020,EWR,NJ,AEA,EN,Towers with Radar,941,261,2,0,1204,0,6,10,2,18,941,267,12,2,1222,0,0,0,1222
01/28/2020,EWR,NJ,AEA,EN,Towers with Radar,973,281,7,0,1261,0,4,5,2,11,973,285,12,2,1272,0,0,0,1272
01/29/2020,EWR,NJ,AEA,EN,Towers with Radar,965,274,4,0,1243,0,9,14,0,23,965,283,18,0,1266,0,0,0,1266
01/30/2020,EWR,NJ,AEA,EN,Towers with Radar,995,275,14,0,1284,0,4,16,0,20,995,279,30,0,1304,0,0,0,1304
01/31/2020,EWR,NJ,AEA,EN,Towers with Radar,976,267,7,0,1250,0,4,13,0,17,976,271,20,0,1267,0,0,0,1267
02/01/2020,EWR,NJ,AEA,EN,Towers with Radar,752,175,14,0,941,0,0,2,0,2,752,175,16,0,943,0,0,0,943
02/02/2020,EWR,NJ,AEA,EN,Towers with Radar,890,231,4,0,1125,0,2,2,1,5,890,233,6,1,1130,0,0,0,1130
02/03/2020,EWR,NJ,AEA,EN,Towers with Radar,938,262,9,0,1209,0,4,14,0,18,938,266,23,0,1227,0,0,0,1227
02/04/2020,EWR,NJ,AEA,EN,Towers with Radar,969,274,7,0,1250,0,4,6,0,10,969,278,13,0,1260,0,0,0,1260
02/05/2020,EWR,NJ,AEA,EN,Towers with Radar,965,272,9,0,1246,0,6,13,0,19,965,278,22,0,1265,0,0,0,1265
02/06/2020,EWR,NJ,AEA,EN,Towers with Radar,936,242,10,0,1188,0,0,0,0,0,936,242,10,0,1188,0,0,0,1188
02/07/2020,EWR,NJ,AEA,EN,Towers with Radar,954,233,8,0,1195,0,0,0,0,0,954,233,8,0,1195,0,0,0,1195
02/08/2020,EWR,NJ,AEA,EN,Towers with Radar,782,171,0,0,953,0,3,4,0,7,782,174,4,0,960,0,0,0,960
02/09/2020,EWR,NJ,AEA,EN,Towers with Radar,881,245,9,0,1135,0,0,7,0,7,881,245,16,0,1142,0,0,0,1142
02/10/2020,EWR,NJ,AEA,EN,Towers with Radar,921,262,10,0,1193,0,0,11,0,11,921,262,21,0,1204,0,0,0,1204
02/11/2020,EWR,NJ,AEA,EN,Towers with Radar,991,289,14,0,1294,0,0,6,0,6,991,289,20,0,1300,0,0,0,1300
02/12/2020,EWR,NJ,AEA,EN,Towers with Radar,979,282,7,0,1268,0,6,17,3,26,979,288,24,3,1294,0,0,0,1294
02/13/2020,EWR,NJ,AEA,EN,Towers with Radar,993,239,20,0,1252,0,0,8,0,8,993,239,28,0,1260,0,0,0,1260
02/14/2020,EWR,NJ,AEA,EN,Towers with Radar,1027,245,6,0,1278,0,4,12,0,16,1027,249,18,0,1294,0,0,0,1294
02/15/2020,EWR,NJ,AEA,EN,Towers with Radar,845,204,6,0,1055,0,0,2,1,3,845,204,8,1,1058,0,0,0,1058
02/16/2020,EWR,NJ,AEA,EN,Towers with Radar,908,209,2,0,1119,0,0,2,0,2,908,209,4,0,1121,0,0,0,1121
02/17/2020,EWR,NJ,AEA,EN,Towers with Radar,995,228,17,0,1240,0,0,10,0,10,995,228,27,0,1250,0,0,0,1250
02/18/2020,EWR,NJ,AEA,EN,Towers with Radar,1009,244,15,0,1268,0,5,1,0,6,1009,249,16,0,1274,0,0,0,1274
02/19/2020,EWR,NJ,AEA,EN,Towers with Radar,1035,259,10,0,1304,0,7,20,2,29,1035,266,30,2,1333,0,0,0,1333
02/20/2020,EWR,NJ,AEA,EN,Towers with Radar,1024,241,24,0,1289,0,4,22,0,26,1024,245,46,0,1315,0,0,0,1315
02/21/2020,EWR,NJ,AEA,EN,Towers with Radar,1011,234,11,0,1256,0,4,12,0,16,1011,238,23,0,1272,0,0,0,1272
02/22/2020,EWR,NJ,AEA,EN,Towers with Radar,851,199,5,0,1055,0,2,1,1,4,851,201,6,1,1059,0,0,0,1059
02/23/2020,EWR,NJ,AEA,EN,Towers with Radar,954,209,12,0,1175,0,0,5,0,5,954,209,17,0,1180,0,0,0,1180
02/24/2020,EWR,NJ,AEA,EN,Towers with Radar,986,221,6,0,1213,0,0,12,2,14,986,221,18,2,1227,0,0,0,1227
02/25/2020,EWR,NJ,AEA,EN,Towers with Radar,1019,245,8,0,1272,0,6,2,0,8,1019,251,10,0,1280,0,0,0,1280
02/26/2020,EWR,NJ,AEA,EN,Towers with Radar,1006,230,13,0,1249,0,0,4,0,4,1006,230,17,0,1253,0,0,0,1253
02/27/2020,EWR,NJ,AEA,EN,Towers with Radar,1025,221,11,0,1257,0,6,17,0,23,1025,227,28,0,1280,0,0,0,1280
02/28/2020,EWR,NJ,AEA,EN,Towers with Radar,1033,247,11,0,1291,0,4,13,1,18,1033,251,24,1,1309,0,0,0,1309
02/29/2020,EWR,NJ,AEA,EN,Towers with Radar,850,198,6,0,1054,0,0,6,0,6,850,198,12,0,1060,0,0,0,1060
03/01/2020,EWR,NJ,AEA,EN,Towers with Radar,949,214,17,0,1180,0,0,2,0,2,949,214,19,0,1182,0,0,0,1182
03/02/2020,EWR,NJ,AEA,EN,Towers with Radar,991,222,16,0,1229,0,1,10,2,13,991,223,26,2,1242,0,0,0,1242
03/03/2020,EWR,NJ,AEA,EN,Towers with Radar,1029,237,11,0,1277,0,6,5,2,13,1029,243,16,2,1290,0,0,0,1290
03/04/2020,EWR,NJ,AEA,EN,Towers with Radar,1037,252,12,0,1301,0,6,6,2,14,1037,258,18,2,1315,0,0,0,1315
03/05/2020,EWR,NJ,AEA,EN,Towers with Radar,1067,224,14,0,1305,0,6,16,2,24,1067,230,30,2,1329,0,0,0,1329
03/06/2020,EWR,NJ,AEA,EN,Towers with Radar,1038,216,13,0,1267,0,6,8,0,14,1038,222,21,0,1281,0,0,0,1281
03/07/2020,EWR,NJ,AEA,EN,Towers with Radar,903,188,6,0,1097,0,4,2,2,8,903,192,8,2,1105,0,0,0,1105
03/08/2020,EWR,NJ,AEA,EN,Towers with Radar,985,201,10,0,1196,0,0,8,0,8,985,201,18,0,1204,0,0,0,1204
03/09/2020,EWR,NJ,AEA,EN,Towers with Radar,1015,206,7,1,1229,0,0,8,1,9,1015,206,15,2,1238,0,0,0,1238
03/10/2020,EWR,NJ,AEA,EN,Towers with Radar,1046,225,6,0,1277,0,4,4,0,8,1046,229,10,0,1285,0,0,0,1285
03/11/2020,EWR,NJ,AEA,EN,Towers with Radar,1055,227,12,0,1294,0,4,4,8,16,1055,231,16,8,1310,0,0,0,1310
03/12/2020,EWR,NJ,AEA,EN,Towers with Radar,1085,237,12,0,1334,0,2,8,0,10,1085,239,20,0,1344,0,0,0,1344
03/13/2020,EWR,NJ,AEA,EN,Towers with Radar,1041,222,13,0,1276,0,0,13,1,14,1041,222,26,1,1290,0,0,0,1290
03/14/2020,EWR,NJ,AEA,EN,Towers with Radar,910,186,4,0,1100,0,0,2,3,5,910,186,6,3,1105,0,0,0,1105
03/15/2020,EWR,NJ,AEA,EN,Towers with Radar,984,199,4,0,1187,0,0,2,0,2,984,199,6,0,1189,0,0,0,1189
03/16/2020,EWR,NJ,AEA,EN,Towers with Radar,978,201,4,0,1183,0,0,2,0,2,978,201,6,0,1185,0,0,0,1185
03/17/2020,EWR,NJ,AEA,EN,Towers with Radar,1001,222,4,0,1227,0,4,1,0,5,1001,226,5,0,1232,0,0,0,1232
03/18/2020,EWR,NJ,AEA,EN,Towers with Radar,959,212,7,0,1178,0,4,0,0,4,959,216,7,0,1182,0,0,0,1182
03/19/2020,EWR,NJ,AEA,EN,Towers with Radar,909,220,4,0,1133,0,0,0,0,0,909,220,4,0,1133,0,0,0,1133
03/20/2020,EWR,NJ,AEA,EN,Towers with Radar,859,206,5,0,1070,0,0,0,0,0,859,206,5,0,1070,0,0,0,1070
03/21/2020,EWR,NJ,AEA,EN,Towers with Radar,578,114,9,0,701,0,0,6,0,6,578,114,15,0,707,0,0,0,707
03/22/2020,EWR,NJ,AEA,EN,Towers with Radar,583,107,1,0,691,0,0,6,0,6,583,107,7,0,697,0,0,0,697
03/23/2020,EWR,NJ,AEA,EN,Towers with Radar,566,126,4,0,696,0,0,0,0,0,566,126,4,0,696,0,0,0,696
03/24/2020,EWR,NJ,AEA,EN,Towers with Radar,574,149,3,0,726,0,4,1,0,5,574,153,4,0,731,0,0,0,731
03/25/2020,EWR,NJ,AEA,EN,Towers with Radar,471,109,3,0,583,0,4,0,0,4,471,113,3,0,587,0,0,0,587
03/26/2020,EWR,NJ,AEA,EN,Towers with Radar,397,106,4,0,507,0,4,4,10,18,397,110,8,10,525,0,0,0,525
03/27/2020,EWR,NJ,AEA,EN,Towers with Radar,361,115,1,0,477,0,4,4,0,8,361,119,5,0,485,0,0,0,485
03/28/2020,EWR,NJ,AEA,EN,Towers with Radar,283,70,0,0,353,0,0,0,0,0,283,70,0,0,353,0,0,0,353
03/29/2020,EWR,NJ,AEA,EN,Towers with Radar,326,75,5,0,406,0,0,0,0,0,326,75,5,0,406,0,0,0,406
03/30/2020,EWR,NJ,AEA,EN,Towers with Radar,300,60,0,0,360,0,0,0,0,0,300,60,0,0,360,0,0,0,360
03/31/2020,EWR,NJ,AEA,EN,Towers with Radar,362,75,0,0,437,0,4,0,0,4,362,79,0,0,441,0,0,0,441
04/01/2020,EWR,NJ,AEA,EN,Towers with Radar,243,60,0,0,303,0,4,4,0,8,243,64,4,0,311,0,0,0,311
04/02/2020,EWR,NJ,AEA,EN,Towers with Radar,215,65,6,0,286,0,4,2,0,6,215,69,8,0,292,0,0,0,292
04/03/2020,EWR,NJ,AEA,EN,Towers with Radar,227,54,0,0,281,0,4,2,0,6,227,58,2,0,287,0,0,0,287
04/04/2020,EWR,NJ,AEA,EN,Towers with Radar,186,29,0,0,215,0,0,4,0,4,186,29,4,0,219,0,0,0,219
04/05/2020,EWR,NJ,AEA,EN,Towers with Radar,216,22,2,0,240,0,0,6,0,6,216,22,8,0,246,0,0,0,246
04/06/2020,EWR,NJ,AEA,EN,Towers with Radar,134,12,3,0,149,0,0,22,0,22,134,12,25,0,171,0,0,0,171
04/07/2020,EWR,NJ,AEA,EN,Towers with Radar,165,27,1,0,193,0,4,10,0,14,165,31,11,0,207,0,0,0,207
04/08/2020,EWR,NJ,AEA,EN,Towers with Radar,151,29,2,0,182,0,0,0,0,0,151,29,2,0,182,0,0,0,182
04/09/2020,EWR,NJ,AEA,EN,Towers with Radar,146,24,0,0,170,0,4,2,0,6,146,28,2,0,176,0,0,0,176
04/10/2020,EWR,NJ,AEA,EN,Towers with Radar,124,16,1,0,141,0,4,0,0,4,124,20,1,0,145,0,0,0,145
04/11/2020,EWR,NJ,AEA,EN,Towers with Radar,96,2,1,0,99,0,0,4,0,4,96,2,5,0,103,0,0,0,103
04/12/2020,EWR,NJ,AEA,EN,Towers with Radar,90,0,1,2,93,0,0,7,0,7,90,0,8,2,100,0,0,0,100
04/13/2020,EWR,NJ,AEA,EN,Towers with Radar,81,6,1,2,90,0,0,0,0,0,81,6,1,2,90,0,0,0,90
04/14/2020,EWR,NJ,AEA,EN,Towers with Radar,119,21,1,0,141,0,2,9,0,11,119,23,10,0,152,0,0,0,152
04/15/2020,EWR,NJ,AEA,EN,Towers with Radar,117,28,3,0,148,0,4,1,0,5,117,32,4,0,153,0,0,0,153
04/16/2020,EWR,NJ,AEA,EN,Towers with Radar,118,19,2,0,139,0,4,6,0,10,118,23,8,0,149,0,0,0,149
04/17/2020,EWR,NJ,AEA,EN,Towers with Radar,105,16,0,0,121,0,4,2,8,14,105,20,2,8,135,0,0,0,135
04/18/2020,EWR,NJ,AEA,EN,Towers with Radar,76,0,5,0,81,0,0,8,0,8,76,0,13,0,89,0,0,0,89
04/19/2020,EWR,NJ,AEA,EN,Towers with Radar,83,4,3,0,90,0,0,25,2,27,83,4,28,2,117,0,0,0,117
04/20/2020,EWR,NJ,AEA,EN,Towers with Radar,80,7,2,2,91,0,0,12,0,12,80,7,14,2,103,0,0,0,103
04/21/2020,EWR,NJ,AEA,EN,Towers with Radar,113,21,0,0,134,0,4,1,0,5,113,25,1,0,139,0,0,0,139
04/22/2020,EWR,NJ,AEA,EN,Towers with Radar,113,25,8,3,149,0,4,6,1,11,113,29,14,4,160,0,0,0,160
04/23/2020,EWR,NJ,AEA,EN,Towers with Radar,112,30,7,0,149,0,4,17,0,21,112,34,24,0,170,0,0,0,170
04/24/2020,EWR,NJ,AEA,EN,Towers with Radar,103,18,6,0,127,0,0,0,0,0,103,18,6,0,127,0,0,0,127
04/25/2020,EWR,NJ,AEA,EN,Towers with Radar,72,1,3,0,76,0,2,60,2,64,72,3,63,2,140,0,0,0,140
04/26/2020,EWR,NJ,AEA,EN,Towers with Radar,82,1,0,0,83,0,0,2,0,2,82,1,2,0,85,0,0,0,85
04/27/2020,EWR,NJ,AEA,EN,Towers with Radar,86,6,0,0,92,0,0,2,2,4,86,6,2,2,96,0,0,0,96
04/28/2020,EWR,NJ,AEA,EN,Towers with Radar,118,26,5,0,149,0,4,54,2,60,118,30,59,2,209,0,0,0,209
04/29/2020,EWR,NJ,AEA,EN,Towers with Radar,127,24,1,0,152,0,0,6,0,6,127,24,7,0,158,0,0,0,158
04/30/2020,EWR,NJ,AEA,EN,Towers with Radar,127,25,0,0,152,0,0,0,0,0,127,25,0,0,152,0,0,0,152
05/01/2020,EWR,NJ,AEA,EN,Towers with Radar,112,17,2,1,132,0,0,8,0,8,112,17,10,1,140,0,0,0,140
05/02/2020,EWR,NJ,AEA,EN,Towers with Radar,70,3,4,1,78,0,1,43,1,45,70,4,47,2,123,0,0,0,123
05/03/2020,EWR,NJ,AEA,EN,Towers with Radar,86,1,6,0,93,0,0,28,0,28,86,1,34,0,121,0,0,0,121
05/04/2020,EWR,NJ,AEA,EN,Towers with Radar,76,5,4,0,85,0,0,7,0,7,76,5,11,0,92,0,0,0,92
05/05/2020,EWR,NJ,AEA,EN,Towers with Radar,117,27,2,0,146,0,6,28,0,34,117,33,30,0,180,0,0,0,180
05/06/2020,EWR,NJ,AEA,EN,Towers with Radar,119,27,1,6,153,0,4,6,0,10,119,31,7,6,163,0,0,0,163
05/07/2020,EWR,NJ,AEA,EN,Towers with Radar,120,27,1,0,148,0,4,27,0,31,120,31,28,0,179,0,0,0,179
05/08/2020,EWR,NJ,AEA,EN,Towers with Radar,112,28,6,2,148,0,4,1,2,7,112,32,7,4,155,0,0,0,155
05/09/2020,EWR,NJ,AEA,EN,Towers with Radar,79,7,1,0,87,0,0,2,0,2,79,7,3,0,89,0,0,0,89
05/10/2020,EWR,NJ,AEA,EN,Towers with Radar,85,3,3,0,91,0,1,8,0,9,85,4,11,0,100,0,0,0,100
05/11/2020,EWR,NJ,AEA,EN,Towers with Radar,87,4,0,0,91,0,0,0,0,0,87,4,0,0,91,0,0,0,91
05/12/2020,EWR,NJ,AEA,EN,Towers with Radar,124,33,0,2,159,0,4,8,0,12,124,37,8,2,171,0,0,0,171
05/13/2020,EWR,NJ,AEA,EN,Towers with Radar,128,29,0,0,157,0,4,28,0,32,128,33,28,0,189,0,0,0,189
05/14/2020,EWR,NJ,AEA,EN,Towers with Radar,122,29,3,0,154,0,4,31,0,35,122,33,34,0,189,0,0,0,189
05/15/2020,EWR,NJ,AEA,EN,Towers with Radar,116,22,4,0,142,0,4,6,0,10,116,26,10,0,152,0,0,0,152
05/16/2020,EWR,NJ,AEA,EN,Towers with Radar,84,0,4,0,88,0,0,44,0,44,84,0,48,0,132,0,0,0,132
05/17/2020,EWR,NJ,AEA,EN,Towers with Radar,97,5,2,0,104,0,0,26,0,26,97,5,28,0,130,0,0,0,130
05/18/2020,EWR,NJ,AEA,EN,Towers with Radar,88,5,2,0,95,0,0,4,0,4,88,5,6,0,99,0,0,0,99
05/19/2020,EWR,NJ,AEA,EN,Towers with Radar,130,28,3,2,163,0,4,2,0,6,130,32,5,2,169,0,0,0,169
05/20/2020,EWR,NJ,AEA,EN,Towers with Radar,175,36,7,0,218,0,4,11,0,15,175,40,18,0,233,0,0,0,233
05/21/2020,EWR,NJ,AEA,EN,Towers with Radar,169,25,5,0,199,0,4,27,0,31,169,29,32,0,230,0,0,0,230
05/22/2020,EWR,NJ,AEA,EN,Towers with Radar,153,23,4,0,180,0,4,8,2,14,153,27,12,2,194,0,0,0,194
05/23/2020,EWR,NJ,AEA,EN,Towers with Radar,118,0,4,2,124,0,0,0,0,0,118,0,4,2,124,0,0,0,124
05/24/2020,EWR,NJ,AEA,EN,Towers with Radar,122,0,0,0,122,0,0,14,1,15,122,0,14,1,137,0,0,0,137
05/25/2020,EWR,NJ,AEA,EN,Towers with Radar,119,2,0,0,121,0,0,2,0,2,119,2,2,0,123,0,0,0,123
05/26/2020,EWR,NJ,AEA,EN,Towers with Radar,131,5,5,4,145,0,0,6,0,6,131,5,11,4,151,0,0,0,151
05/27/2020,EWR,NJ,AEA,EN,Towers with Radar,175,31,4,0,210,0,0,6,0,6,175,31,10,0,216,0,0,0,216
05/28/2020,EWR,NJ,AEA,EN,Towers with Radar,175,30,3,0,208,0,0,1,0,1,175,30,4,0,209,0,0,0,209
05/29/2020,EWR,NJ,AEA,EN,Towers with Radar,156,25,5,0,186,0,0,2,0,2,156,25,7,0,188,0,0,0,188
05/30/2020,EWR,NJ,AEA,EN,Towers with Radar,123,2,4,0,129,0,0,8,0,8,123,2,12,0,137,0,0,0,137
05/31/2020,EWR,NJ,AEA,EN,Towers with Radar,145,1,7,0,153,0,0,17,1,18,145,1,24,1,171,0,0,0,171
06/01/2020,EWR,NJ,AEA,EN,Towers with Radar,141,10,8,0,159,0,0,41,0,41,141,10,49,0,200,0,0,0,200
06/02/2020,EWR,NJ,AEA,EN,Towers with Radar,182,27,6,0,215,0,4,16,2,22,182,31,22,2,237,0,0,0,237
06/03/2020,EWR,NJ,AEA,EN,Towers with Radar,181,32,4,0,217,0,4,8,1,13,181,36,12,1,230,0,0,0,230
06/04/2020,EWR,NJ,AEA,EN,Towers with Radar,192,27,1,4,224,0,4,14,0,18,192,31,15,4,242,0,0,0,242
06/05/2020,EWR,NJ,AEA,EN,Towers with Radar,182,20,2,0,204,0,4,0,0,4,182,24,2,0,208,0,0,0,208
06/06/2020,EWR,NJ,AEA,EN,Towers with Radar,155,5,3,0,163,0,0,5,0,5,155,5,8,0,168,0,0,0,168
06/07/2020,EWR,NJ,AEA,EN,Towers with Radar,166,4,11,0,181,0,0,14,0,14,166,4,25,0,195,0,0,0,195
06/08/2020,EWR,NJ,AEA,EN,Towers with Radar,154,12,7,0,173,0,0,8,0,8,154,12,15,0,181,0,0,0,181
06/09/2020,EWR,NJ,AEA,EN,Towers with Radar,195,32,2,0,229,0,8,4,2,14,195,40,6,2,243,0,0,0,243
06/10/2020,EWR,NJ,AEA,EN,Towers with Radar,198,35,4,2,239,0,4,8,0,12,198,39,12,2,251,0,0,0,251
06/11/2020,EWR,NJ,AEA,EN,Towers with Radar,213,34,2,2,251,0,4,6,5,15,213,38,8,7,266,0,0,0,266
06/12/2020,EWR,NJ,AEA,EN,Towers with Radar,201,24,8,0,233,0,0,2,0,2,201,24,10,0,235,0,0,0,235
06/13/2020,EWR,NJ,AEA,EN,Towers with Radar,165,1,2,0,168,0,0,6,2,8,165,1,8,2,176,0,0,0,176
06/14/2020,EWR,NJ,AEA,EN,Towers with Radar,183,7,2,2,194,0,0,5,2,7,183,7,7,4,201,0,0,0,201
06/15/2020,EWR,NJ,AEA,EN,Towers with Radar,167,11,1,0,179,0,1,10,4,15,167,12,11,4,194,0,0,0,194
06/16/2020,EWR,NJ,AEA,EN,Towers with Radar,220,37,6,0,263,0,4,7,0,11,220,41,13,0,274,0,0,0,274
06/17/2020,EWR,NJ,AEA,EN,Towers with Radar,223,39,4,0,266,0,4,14,0,18,223,43,18,0,284,0,0,0,284
06/18/2020,EWR,NJ,AEA,EN,Towers with Radar,257,34,2,0,293,0,0,1,0,1,257,34,3,0,294,0,0,0,294
06/19/2020,EWR,NJ,AEA,EN,Towers with Radar,228,33,2,0,263,0,0,6,0,6,228,33,8,0,269,0,0,0,269
06/20/2020,EWR,NJ,AEA,EN,Towers with Radar,197,0,0,0,197,0,0,14,0,14,197,0,14,0,211,0,0,0,211
06/21/2020,EWR,NJ,AEA,EN,Towers with Radar,213,7,3,0,223,0,1,3,0,4,213,8,6,0,227,0,0,0,227
06/22/2020,EWR,NJ,AEA,EN,Towers with Radar,209,9,1,0,219,0,0,4,2,6,209,9,5,2,225,0,0,0,225
06/23/2020,EWR,NJ,AEA,EN,Towers with Radar,223,34,3,0,260,0,4,6,0,10,223,38,9,0,270,0,0,0,270
06/24/2020,EWR,NJ,AEA,EN,Towers with Radar,238,33,1,0,272,0,4,10,1,15,238,37,11,1,287,0,0,0,287
06/25/2020,EWR,NJ,AEA,EN,Towers with Radar,268,34,7,2,311,0,4,14,0,18,268,38,21,2,329,0,0,0,329
06/26/2020,EWR,NJ,AEA,EN,Towers with Radar,247,29,4,4,284,0,6,2,0,8,247,35,6,4,292,0,0,0,292
06/27/2020,EWR,NJ,AEA,EN,Towers with Radar,222,2,2,0,226,0,0,2,0,2,222,2,4,0,228,0,0,0,228
06/28/2020,EWR,NJ,AEA,EN,Towers with Radar,239,1,3,0,243,0,0,9,0,9,239,1,12,0,252,0,0,0,252
06/29/2020,EWR,NJ,AEA,EN,Towers with Radar,220,14,0,0,234,0,0,10,1,11,220,14,10,1,245,0,0,0,245
06/30/2020,EWR,NJ,AEA,EN,Towers with Radar,249,32,0,0,281,0,5,6,0,11,249,37,6,0,292,0,0,0,292
07/01/2020,EWR,NJ,AEA,EN,Towers with Radar,338,35,3,0,376,0,2,2,0,4,338,37,5,0,380,0,0,0,380
07/02/2020,EWR,NJ,AEA,EN,Towers with Radar,374,37,4,1,416,0,8,10,0,18,374,45,14,1,434,0,0,0,434
07/03/2020,EWR,NJ,AEA,EN,Towers with Radar,346,33,3,0,382,0,4,12,0,16,346,37,15,0,398,0,0,0,398
07/04/2020,EWR,NJ,AEA,EN,Towers with Radar,276,7,0,0,283,0,2,2,4,8,276,9,2,4,291,0,0,0,291
07/05/2020,EWR,NJ,AEA,EN,Towers with Radar,326,8,8,0,342,0,0,4,4,8,326,8,12,4,350,0,0,0,350
07/06/2020,EWR,NJ,AEA,EN,Towers with Radar,400,10,3,0,413,0,0,0,0,0,400,10,3,0,413,0,0,0,413
07/07/2020,EWR,NJ,AEA,EN,Towers with Radar,478,36,8,2,524,0,4,2,2,8,478,40,10,4,532,0,0,0,532
07/08/2020,EWR,NJ,AEA,EN,Towers with Radar,468,37,2,0,507,0,6,9,0,15,468,43,11,0,522,0,0,0,522
07/09/2020,EWR,NJ,AEA,EN,Towers with Radar,474,34,5,0,513,0,4,14,0,18,474,38,19,0,531,0,0,0,531
07/10/2020,EWR,NJ,AEA,EN,Towers with Radar,484,35,5,0,524,0,4,0,0,4,484,39,5,0,528,0,0,0,528
07/11/2020,EWR,NJ,AEA,EN,Towers with Radar,416,1,0,0,417,0,0,4,0,4,416,1,4,0,421,0,0,0,421
07/12/2020,EWR,NJ,AEA,EN,Towers with Radar,437,5,10,0,452,0,0,0,2,2,437,5,10,2,454,0,0,0,454
07/13/2020,EWR,NJ,AEA,EN,Towers with Radar,444,20,10,0,474,0,0,0,6,6,444,20,10,6,480,0,0,0,480
07/14/2020,EWR,NJ,AEA,EN,Towers with Radar,451,41,2,0,494,0,4,2,0,6,451,45,4,0,500,0,0,0,500
07/15/2020,EWR,NJ,AEA,EN,Towers with Radar,442,40,2,0,484,0,7,4,6,17,442,47,6,6,501,0,0,0,501
07/16/2020,EWR,NJ,AEA,EN,Towers with Radar,453,34,1,0,488,0,4,12,2,18,453,38,13,2,506,0,0,0,506
07/17/2020,EWR,NJ,AEA,EN,Towers with Radar,452,36,4,0,492,0,4,0,0,4,452,40,4,0,496,0,0,0,496
07/18/2020,EWR,NJ,AEA,EN,Towers with Radar,390,9,7,0,406,0,0,4,3,7,390,9,11,3,413,0,0,0,413
07/19/2020,EWR,NJ,AEA,EN,Towers with Radar,416,7,8,0,431,0,0,3,10,13,416,7,11,10,444,0,0,0,444
07/20/2020,EWR,NJ,AEA,EN,Towers with Radar,420,17,3,0,440,0,0,2,1,3,420,17,5,1,443,0,0,0,443
07/21/2020,EWR,NJ,AEA,EN,Towers with Radar,435,41,7,0,483,0,5,6,0,11,435,46,13,0,494,0,0,0,494
07/22/2020,EWR,NJ,AEA,EN,Towers with Radar,436,40,8,0,484,0,11,2,0,13,436,51,10,0,497,0,0,0,497
07/23/2020,EWR,NJ,AEA,EN,Towers with Radar,469,40,6,2,517,1,4,3,1,9,470,44,9,3,526,0,0,0,526
07/24/2020,EWR,NJ,AEA,EN,Towers with Radar,447,35,4,0,486,0,6,11,0,17,447,41,15,0,503,0,0,0,503
07/25/2020,EWR,NJ,AEA,EN,Towers with Radar,395,13,4,0,412,0,0,3,2,5,395,13,7,2,417,0,0,0,417
07/26/2020,EWR,NJ,AEA,EN,Towers with Radar,423,14,3,2,442,0,0,2,0,2,423,14,5,2,444,0,0,0,444
07/27/2020,EWR,NJ,AEA,EN,Towers with Radar,413,17,2,0,432,0,0,6,0,6,413,17,8,0,438,0,0,0,438
07/28/2020,EWR,NJ,AEA,EN,Towers with Radar,435,37,4,0,476,0,5,25,0,30,435,42,29,0,506,0,0,0,506
07/29/2020,EWR,NJ,AEA,EN,Towers with Radar,445,44,7,0,496,0,10,6,0,16,445,54,13,0,512,0,0,0,512
07/30/2020,EWR,NJ,AEA,EN,Towers with Radar,461,41,2,0,504,0,4,8,0,12,461,45,10,0,516,0,0,0,516
07/31/2020,EWR,NJ,AEA,EN,Towers with Radar,450,41,7,0,498,0,5,2,0,7,450,46,9,0,505,0,0,0,505
08/01/2020,EWR,NJ,AEA,EN,Towers with Radar,395,7,8,0,410,0,5,1,2,8,395,12,9,2,418,0,0,0,418
08/02/2020,EWR,NJ,AEA,EN,Towers with Radar,443,9,4,0,456,0,0,2,0,2,443,9,6,0,458,0,0,0,458
08/03/2020,EWR,NJ,AEA,EN,Towers with Radar,461,21,6,0,488,0,6,6,2,14,461,27,12,2,502,0,0,0,502
08/04/2020,EWR,NJ,AEA,EN,Towers with Radar,348,19,7,0,374,0,6,1,0,7,348,25,8,0,381,0,0,0,381
08/05/2020,EWR,NJ,AEA,EN,Towers with Radar,443,39,11,2,495,0,10,12,0,22,443,49,23,2,517,0,0,0,517
08/06/2020,EWR,NJ,AEA,EN,Towers with Radar,499,31,4,0,534,0,7,9,4,20,499,38,13,4,554,0,0,0,554
08/07/2020,EWR,NJ,AEA,EN,Towers with Radar,492,26,5,0,523,0,6,2,2,10,492,32,7,2,533,0,0,0,533
08/08/2020,EWR,NJ,AEA,EN,Towers with Radar,440,6,7,2,455,0,0,3,0,3,440,6,10,2,458,0,0,0,458
08/09/2020,EWR,NJ,AEA,EN,Towers with Radar,478,7,2,4,491,0,0,6,6,12,478,7,8,10,503,0,0,0,503
08/10/2020,EWR,NJ,AEA,EN,Towers with Radar,442,21,4,0,467,0,4,1,0,5,442,25,5,0,472,0,0,0,472
08/11/2020,EWR,NJ,AEA,EN,Towers with Radar,451,30,5,0,486,0,10,2,0,12,451,40,7,0,498,0,0,0,498
08/12/2020,EWR,NJ,AEA,EN,Towers with Radar,433,30,8,0,471,0,8,7,0,15,433,38,15,0,486,0,0,0,486
08/13/2020,EWR,NJ,AEA,EN,Towers with Radar,508,28,9,2,547,0,6,7,2,15,508,34,16,4,562,0,0,0,562
08/14/2020,EWR,NJ,AEA,EN,Towers with Radar,488,29,8,1,526,0,6,5,2,13,488,35,13,3,539,0,0,0,539
08/15/2020,EWR,NJ,AEA,EN,Towers with Radar,435,8,5,0,448,0,6,3,13,22,435,14,8,13,470,0,0,0,470
08/16/2020,EWR,NJ,AEA,EN,Towers with Radar,481,11,15,2,509,0,0,0,0,0,481,11,15,2,509,0,0,0,509
08/17/2020,EWR,NJ,AEA,EN,Towers with Radar,452,12,13,0,477,0,2,5,1,8,452,14,18,1,485,0,0,0,485
08/18/2020,EWR,NJ,AEA,EN,Towers with Radar,443,29,11,0,483,0,6,4,0,10,443,35,15,0,493,0,0,0,493
08/19/2020,EWR,NJ,AEA,EN,Towers with Radar,435,32,5,0,472,0,6,5,2,13,435,38,10,2,485,0,0,0,485
08/20/2020,EWR,NJ,AEA,EN,Towers with Radar,508,28,6,0,542,0,6,16,0,22,508,34,22,0,564,0,0,0,564
08/21/2020,EWR,NJ,AEA,EN,Towers with Radar,490,32,13,0,535,0,4,2,0,6,490,36,15,0,541,0,0,0,541
08/22/2020,EWR,NJ,AEA,EN,Towers with Radar,429,13,6,0,448,0,0,4,2,6,429,13,10,2,454,0,0,0,454
08/23/2020,EWR,NJ,AEA,EN,Towers with Radar,474,14,11,0,499,0,1,13,0,14,474,15,24,0,513,0,0,0,513
08/24/2020,EWR,NJ,AEA,EN,Towers with Radar,461,16,7,0,484,0,0,5,4,9,461,16,12,4,493,0,0,0,493
08/25/2020,EWR,NJ,AEA,EN,Towers with Radar,449,29,9,0,487,0,8,15,0,23,449,37,24,0,510,0,0,0,510
08/26/2020,EWR,NJ,AEA,EN,Towers with Radar,431,30,17,0,478,0,6,6,0,12,431,36,23,0,490,0,0,0,490
08/27/2020,EWR,NJ,AEA,EN,Towers with Radar,514,33,6,0,553,0,6,6,0,12,514,39,12,0,565,0,0,0,565
08/28/2020,EWR,NJ,AEA,EN,Towers with Radar,489,25,5,0,519,0,6,5,0,11,489,31,10,0,530,0,0,0,530
08/29/2020,EWR,NJ,AEA,EN,Towers with Radar,436,6,2,2,446,0,0,2,0,2,436,6,4,2,448,0,0,0,448
08/30/2020,EWR,NJ,AEA,EN,Towers with Radar,467,9,4,0,480,0,0,8,8,16,467,9,12,8,496,0,0,0,496
08/31/2020,EWR,NJ,AEA,EN,Towers with Radar,450,16,4,0,470,0,4,6,0,10,450,20,10,0,480,0,0,0,480
09/01/2020,EWR,NJ,AEA,EN,Towers with Radar,445,37,8,0,490,0,6,2,2,10,445,43,10,2,500,0,0,0,500
09/02/2020,EWR,NJ,AEA,EN,Towers with Radar,405,32,11,0,448,0,0,2,2,4,405,32,13,2,452,0,0,0,452
09/03/2020,EWR,NJ,AEA,EN,Towers with Radar,495,40,2,0,537,0,8,10,2,20,495,48,12,2,557,0,0,0,557
09/04/2020,EWR,NJ,AEA,EN,Towers with Radar,461,44,2,0,507,0,6,14,1,21,461,50,16,1,528,0,0,0,528
09/05/2020,EWR,NJ,AEA,EN,Towers with Radar,372,21,3,0,396,0,0,8,0,8,372,21,11,0,404,0,0,0,404
09/06/2020,EWR,NJ,AEA,EN,Towers with Radar,397,17,8,0,422,0,0,11,1,12,397,17,19,1,434,0,0,0,434
09/07/2020,EWR,NJ,AEA,EN,Towers with Radar,399,21,3,0,423,0,3,8,0,11,399,24,11,0,434,0,0,0,434
09/08/2020,EWR,NJ,AEA,EN,Towers with Radar,332,23,3,0,358,0,10,3,0,13,332,33,6,0,371,0,0,0,371
09/09/2020,EWR,NJ,AEA,EN,Towers with Radar,356,35,10,0,401,0,6,8,2,16,356,41,18,2,417,0,0,0,417
09/10/2020,EWR,NJ,AEA,EN,Towers with Radar,463,39,10,0,512,0,0,4,0,4,463,39,14,0,516,0,0,0,516
09/11/2020,EWR,NJ,AEA,EN,Towers with Radar,448,42,11,0,501,0,6,12,3,21,448,48,23,3,522,0,0,0,522
09/12/2020,EWR,NJ,AEA,EN,Towers with Radar,398,28,6,0,432,0,4,8,0,12,398,32,14,0,444,0,0,0,444
09/13/2020,EWR,NJ,AEA,EN,Towers with Radar,416,21,1,0,438,0,0,4,0,4,416,21,5,0,442,0,0,0,442
09/14/2020,EWR,NJ,AEA,EN,Towers with Radar,392,29,3,0,424,0,0,6,0,6,392,29,9,0,430,0,0,0,430
09/15/2020,EWR,NJ,AEA,EN,Towers with Radar,359,44,3,0,406,0,4,20,0,24,359,48,23,0,430,0,0,0,430
09/16/2020,EWR,NJ,AEA,EN,Towers with Radar,361,41,2,0,404,0,6,6,0,12,361,47,8,0,416,0,0,0,416
09/17/2020,EWR,NJ,AEA,EN,Towers with Radar,466,45,5,0,516,0,7,6,0,13,466,52,11,0,529,0,0,0,529
09/18/2020,EWR,NJ,AEA,EN,Towers with Radar,444,43,9,0,496,0,6,8,0,14,444,49,17,0,510,0,0,0,510
09/19/2020,EWR,NJ,AEA,EN,Towers with Radar,400,14,3,0,417,0,6,2,0,8,400,20,5,0,425,0,0,0,425
09/20/2020,EWR,NJ,AEA,EN,Towers with Radar,421,14,5,0,440,0,0,1,3,4,421,14,6,3,444,0,0,0,444
09/21/2020,EWR,NJ,AEA,EN,Towers with Radar,402,18,3,0,423,0,0,3,0,3,402,18,6,0,426,0,0,0,426
09/22/2020,EWR,NJ,AEA,EN,Towers with Radar,367,43,8,0,418,0,4,0,0,4,367,47,8,0,422,0,0,0,422
09/23/2020,EWR,NJ,AEA,EN,Towers with Radar,363,52,8,0,423,0,7,7,0,14,363,59,15,0,437,0,0,0,437
09/24/2020,EWR,NJ,AEA,EN,Towers with Radar,477,43,3,0,523,0,6,8,0,14,477,49,11,0,537,0,0,0,537
09/25/2020,EWR,NJ,AEA,EN,Towers with Radar,451,41,3,0,495,0,6,9,0,15,451,47,12,0,510,0,0,0,510
09/26/2020,EWR,NJ,AEA,EN,Towers with Radar,407,21,5,0,433,0,1,1,0,2,407,22,6,0,435,0,0,0,435
09/27/2020,EWR,NJ,AEA,EN,Towers with Radar,436,18,4,0,458,0,0,7,0,7,436,18,11,0,465,0,0,0,465
09/28/2020,EWR,NJ,AEA,EN,Towers with Radar,414,18,3,0,435,0,0,2,0,2,414,18,5,0,437,0,0,0,437
09/29/2020,EWR,NJ,AEA,EN,Towers with Radar,364,42,8,0,414,0,6,4,0,10,364,48,12,0,424,0,0,0,424
09/30/2020,EWR,NJ,AEA,EN,Towers with Radar,367,46,8,2,423,0,7,0,0,7,367,53,8,2,430,0,0,0,430
10/01/2020,EWR,NJ,AEA,EN,Towers with Radar,541,60,3,0,604,0,8,14,0,22,541,68,17,0,626,0,0,0,626
10/02/2020,EWR,NJ,AEA,EN,Towers with Radar,538,49,9,2,598,0,12,14,0,26,538,61,23,2,624,0,0,0,624
10/03/2020,EWR,NJ,AEA,EN,Towers with Radar,436,22,1,0,459,0,7,9,1,17,436,29,10,1,476,0,0,0,476
10/04/2020,EWR,NJ,AEA,EN,Towers with Radar,498,32,5,0,535,0,3,7,0,10,498,35,12,0,545,0,0,0,545
10/05/2020,EWR,NJ,AEA,EN,Towers with Radar,474,38,11,0,523,0,0,3,0,3,474,38,14,0,526,0,0,0,526
10/06/2020,EWR,NJ,AEA,EN,Towers with Radar,432,57,2,2,493,0,6,10,0,16,432,63,12,2,509,0,0,0,509
10/07/2020,EWR,NJ,AEA,EN,Towers with Radar,425,57,3,0,485,0,6,0,0,6,425,63,3,0,491,0,0,0,491
10/08/2020,EWR,NJ,AEA,EN,Towers with Radar,548,63,4,0,615,0,4,7,4,15,548,67,11,4,630,0,0,0,630
10/09/2020,EWR,NJ,AEA,EN,Towers with Radar,533,51,3,0,587,0,6,12,2,20,533,57,15,2,607,0,0,0,607
10/10/2020,EWR,NJ,AEA,EN,Towers with Radar,440,18,7,0,465,0,0,4,4,8,440,18,11,4,473,0,0,0,473
10/11/2020,EWR,NJ,AEA,EN,Towers with Radar,506,30,5,0,541,0,0,2,3,5,506,30,7,3,546,0,0,0,546
10/12/2020,EWR,NJ,AEA,EN,Towers with Radar,497,47,7,0,551,0,0,4,0,4,497,47,11,0,555,0,0,0,555
10/13/2020,EWR,NJ,AEA,EN,Towers with Radar,436,55,14,0,505,0,2,0,0,2,436,57,14,0,507,0,0,0,507
10/14/2020,EWR,NJ,AEA,EN,Towers with Radar,426,50,11,0,487,0,4,13,0,17,426,54,24,0,504,0,0,0,504
10/15/2020,EWR,NJ,AEA,EN,Towers with Radar,549,63,5,0,617,0,6,13,0,19,549,69,18,0,636,0,0,0,636
10/16/2020,EWR,NJ,AEA,EN,Towers with Radar,536,47,2,0,585,0,4,0,0,4,536,51,2,0,589,0,0,0,589
10/17/2020,EWR,NJ,AEA,EN,Towers with Radar,443,23,4,0,470,0,0,4,8,12,443,23,8,8,482,0,0,0,482
10/18/2020,EWR,NJ,AEA,EN,Towers with Radar,515,35,10,0,560,0,0,9,1,10,515,35,19,1,570,0,0,0,570
10/19/2020,EWR,NJ,AEA,EN,Towers with Radar,491,37,2,0,530,0,0,1,0,1,491,37,3,0,531,0,0,0,531
10/20/2020,EWR,NJ,AEA,EN,Towers with Radar,434,55,6,0,495,0,0,4,4,8,434,55,10,4,503,0,0,0,503
10/21/2020,EWR,NJ,AEA,EN,Towers with Radar,429,46,11,0,486,0,0,6,3,9,429,46,17,3,495,0,0,0,495
10/22/2020,EWR,NJ,AEA,EN,Towers with Radar,551,61,7,0,619,0,0,4,0,4,551,61,11,0,623,0,0,0,623
10/23/2020,EWR,NJ,AEA,EN,Towers with Radar,546,51,12,0,609,0,0,4,0,4,546,51,16,0,613,0,0,0,613
10/24/2020,EWR,NJ,AEA,EN,Towers with Radar,432,25,5,0,462,0,0,5,2,7,432,25,10,2,469,0,0,0,469
10/25/2020,EWR,NJ,AEA,EN,Towers with Radar,508,36,5,0,549,0,0,4,2,6,508,36,9,2,555,0,0,0,555
10/26/2020,EWR,NJ,AEA,EN,Towers with Radar,482,44,9,0,535,0,0,0,0,0,482,44,9,0,535,0,0,0,535
10/27/2020,EWR,NJ,AEA,EN,Towers with Radar,449,52,7,0,508,0,5,0,0,5,449,57,7,0,513,0,0,0,513
10/28/2020,EWR,NJ,AEA,EN,Towers with Radar,439,62,4,4,509,0,0,2,0,2,439,62,6,4,511,0,0,0,511
10/29/2020,EWR,NJ,AEA,EN,Towers with Radar,550,67,6,0,623,0,4,0,0,4,550,71,6,0,627,0,0,0,627
10/30/2020,EWR,NJ,AEA,EN,Towers with Radar,528,48,8,0,584,0,6,2,0,8,528,54,10,0,592,0,0,0,592
10/31/2020,EWR,NJ,AEA,EN,Towers with Radar,420,27,5,0,452,0,0,7,0,7,420,27,12,0,459,0,0,0,459
11/01/2020,EWR,NJ,AEA,EN,Towers with Radar,512,34,3,0,549,0,0,0,0,0,512,34,3,0,549,0,0,0,549
11/02/2020,EWR,NJ,AEA,EN,Towers with Radar,503,61,7,0,571,0,0,0,0,0,503,61,7,0,571,0,0,0,571
11/03/2020,EWR,NJ,AEA,EN,Towers with Radar,483,54,7,0,544,0,6,3,0,9,483,60,10,0,553,0,0,0,553
11/04/2020,EWR,NJ,AEA,EN,Towers with Radar,476,54,7,0,537,0,6,0,4,10,476,60,7,4,547,0,0,0,547
11/05/2020,EWR,NJ,AEA,EN,Towers with Radar,568,51,10,0,629,0,1,18,2,21,568,52,28,2,650,0,0,0,650
11/06/2020,EWR,NJ,AEA,EN,Towers with Radar,550,46,6,0,602,0,7,4,2,13,550,53,10,2,615,0,0,0,615
11/07/2020,EWR,NJ,AEA,EN,Towers with Radar,446,21,2,0,469,0,0,8,0,8,446,21,10,0,477,0,0,0,477
11/08/2020,EWR,NJ,AEA,EN,Towers with Radar,522,25,2,0,549,0,0,4,3,7,522,25,6,3,556,0,0,0,556
11/09/2020,EWR,NJ,AEA,EN,Towers with Radar,512,30,5,0,547,0,0,3,0,3,512,30,8,0,550,0,0,0,550
11/10/2020,EWR,NJ,AEA,EN,Towers with Radar,483,52,4,0,539,0,2,2,2,6,483,54,6,2,545,0,0,0,545
11/11/2020,EWR,NJ,AEA,EN,Towers with Radar,477,47,4,0,528,0,3,0,1,4,477,50,4,1,532,0,0,0,532
11/12/2020,EWR,NJ,AEA,EN,Towers with Radar,565,59,6,0,630,0,2,2,0,4,565,61,8,0,634,0,0,0,634
11/13/2020,EWR,NJ,AEA,EN,Towers with Radar,546,47,3,0,596,0,0,2,0,2,546,47,5,0,598,0,0,0,598
11/14/2020,EWR,NJ,AEA,EN,Towers with Radar,445,21,0,0,466,0,0,9,4,13,445,21,9,4,479,0,0,0,479
11/15/2020,EWR,NJ,AEA,EN,Towers with Radar,528,25,4,0,557,0,0,4,0,4,528,25,8,0,561,0,0,0,561
11/16/2020,EWR,NJ,AEA,EN,Towers with Radar,514,31,5,0,550,0,0,7,0,7,514,31,12,0,557,0,0,0,557
11/17/2020,EWR,NJ,AEA,EN,Towers with Radar,484,41,3,0,528,0,6,0,0,6,484,47,3,0,534,0,0,0,534
11/18/2020,EWR,NJ,AEA,EN,Towers with Radar,493,46,7,0,546,0,6,2,0,8,493,52,9,0,554,0,0,0,554
11/19/2020,EWR,NJ,AEA,EN,Towers with Radar,594,62,9,1,666,0,6,8,0,14,594,68,17,1,680,0,0,0,680
11/20/2020,EWR,NJ,AEA,EN,Towers with Radar,595,53,6,0,654,0,4,4,2,10,595,57,10,2,664,0,0,0,664
11/21/2020,EWR,NJ,AEA,EN,Towers with Radar,505,27,0,0,532,0,0,6,6,12,505,27,6,6,544,0,0,0,544
11/22/2020,EWR,NJ,AEA,EN,Towers with Radar,553,32,3,0,588,0,0,2,0,2,553,32,5,0,590,0,0,0,590
11/23/2020,EWR,NJ,AEA,EN,Towers with Radar,537,28,0,0,565,0,0,1,0,1,537,28,1,0,566,0,0,0,566
11/24/2020,EWR,NJ,AEA,EN,Towers with Radar,609,49,10,0,668,0,6,6,0,12,609,55,16,0,680,0,0,0,680
11/25/2020,EWR,NJ,AEA,EN,Towers with Radar,616,49,6,0,671,0,6,9,0,15,616,55,15,0,686,0,0,0,686
11/26/2020,EWR,NJ,AEA,EN,Towers with Radar,381,21,0,0,402,0,0,0,0,0,381,21,0,0,402,0,0,0,402
11/27/2020,EWR,NJ,AEA,EN,Towers with Radar,542,39,1,0,582,0,4,9,0,13,542,43,10,0,595,0,0,0,595
11/28/2020,EWR,NJ,AEA,EN,Towers with Radar,593,34,2,0,629,0,2,4,12,18,593,36,6,12,647,0,0,0,647
11/29/2020,EWR,NJ,AEA,EN,Towers with Radar,610,31,8,0,649,0,0,10,3,13,610,31,18,3,662,0,0,0,662
11/30/2020,EWR,NJ,AEA,EN,Towers with Radar,573,36,4,0,613,0,0,0,2,2,573,36,4,2,615,0,0,0,615
12/01/2020,EWR,NJ,AEA,EN,Towers with Radar,593,42,7,0,642,0,4,0,0,4,593,46,7,0,646,0,0,0,646
12/02/2020,EWR,NJ,AEA,EN,Towers with Radar,520,37,0,0,557,0,4,2,0,6,520,41,2,0,563,0,0,0,563
12/03/2020,EWR,NJ,AEA,EN,Towers with Radar,579,53,6,0,638,0,2,8,0,10,579,55,14,0,648,0,0,0,648
12/04/2020,EWR,NJ,AEA,EN,Towers with Radar,550,46,3,0,599,0,4,2,0,6,550,50,5,0,605,0,0,0,605
12/05/2020,EWR,NJ,AEA,EN,Towers with Radar,479,17,7,0,503,0,0,2,0,2,479,17,9,0,505,0,0,0,505
12/06/2020,EWR,NJ,AEA,EN,Towers with Radar,504,15,3,0,522,0,0,2,0,2,504,15,5,0,524,0,0,0,524
12/07/2020,EWR,NJ,AEA,EN,Towers with Radar,503,19,1,0,523,0,0,7,2,9,503,19,8,2,532,0,0,0,532
12/08/2020,EWR,NJ,AEA,EN,Towers with Radar,507,31,4,0,542,0,4,4,0,8,507,35,8,0,550,0,0,0,550
12/09/2020,EWR,NJ,AEA,EN,Towers with Radar,511,37,4,0,552,0,4,2,1,7,511,41,6,1,559,0,0,0,559
12/10/2020,EWR,NJ,AEA,EN,Towers with Radar,584,47,7,0,638,0,6,8,0,14,584,53,15,0,652,0,0,0,652
12/11/2020,EWR,NJ,AEA,EN,Towers with Radar,553,47,4,0,604,0,5,3,2,10,553,52,7,2,614,0,0,0,614
12/12/2020,EWR,NJ,AEA,EN,Towers with Radar,494,40,13,0,547,0,0,0,4,4,494,40,13,4,551,0,0,0,551
12/13/2020,EWR,NJ,AEA,EN,Towers with Radar,508,33,8,0,549,0,2,3,0,5,508,35,11,0,554,0,0,0,554
12/14/2020,EWR,NJ,AEA,EN,Towers with Radar,508,19,6,0,533,0,0,2,0,2,508,19,8,0,535,0,0,0,535
12/15/2020,EWR,NJ,AEA,EN,Towers with Radar,522,44,12,0,578,0,4,6,0,10,522,48,18,0,588,0,0,0,588
12/16/2020,EWR,NJ,AEA,EN,Towers with Radar,378,35,6,0,419,0,4,3,0,7,378,39,9,0,426,0,0,0,426
12/17/2020,EWR,NJ,AEA,EN,Towers with Radar,480,23,6,0,509,0,0,2,0,2,480,23,8,0,511,0,0,0,511
12/18/2020,EWR,NJ,AEA,EN,Towers with Radar,615,18,4,0,637,0,4,7,0,11,615,22,11,0,648,0,0,0,648
12/19/2020,EWR,NJ,AEA,EN,Towers with Radar,651,39,4,0,694,0,0,0,2,2,651,39,4,2,696,0,0,0,696
12/20/2020,EWR,NJ,AEA,EN,Towers with Radar,623,15,11,0,649,0,0,0,0,0,623,15,11,0,649,0,0,0,649
12/21/2020,EWR,NJ,AEA,EN,Towers with Radar,586,25,0,0,611,0,0,0,0,0,586,25,0,0,611,0,0,0,611
12/22/2020,EWR,NJ,AEA,EN,Towers with Radar,659,44,4,0,707,0,4,3,0,7,659,48,7,0,714,0,0,0,714
12/23/2020,EWR,NJ,AEA,EN,Towers with Radar,645,50,5,0,700,0,4,9,2,15,645,54,14,2,715,0,0,0,715
12/24/2020,EWR,NJ,AEA,EN,Towers with Radar,532,37,1,0,570,0,4,0,0,4,532,41,1,0,574,0,0,0,574
12/25/2020,EWR,NJ,AEA,EN,Towers with Radar,413,12,2,0,427,0,0,0,0,0,413,12,2,0,427,0,0,0,427
12/26/2020,EWR,NJ,AEA,EN,Towers with Radar,574,18,5,0,597,0,0,5,0,5,574,18,10,0,602,0,0,0,602
12/27/2020,EWR,NJ,AEA,EN,Towers with Radar,581,13,3,0,597,0,0,6,2,8,581,13,9,2,605,0,0,0,605
12/28/2020,EWR,NJ,AEA,EN,Towers with Radar,556,17,1,0,574,0,0,0,0,0,556,17,1,0,574,0,0,0,574
12/29/2020,EWR,NJ,AEA,EN,Towers with Radar,625,37,6,0,668,0,4,2,2,8,625,41,8,2,676,0,0,0,676
12/30/2020,EWR,NJ,AEA,EN,Towers with Radar,630,35,2,0,667,0,4,2,0,6,630,39,4,0,673,0,0,0,673
12/31/2020,EWR,NJ,AEA,EN,Towers with Radar,514,21,2,0,537,0,2,2,2,6,514,23,4,2,543,0,0,0,543
01/01/2021,EWR,NJ,AEA,EN,Towers with Radar,435,13,1,0,449,0,0,5,0,5,435,13,6,0,454,0,0,0,454
01/02/2021,EWR,NJ,AEA,EN,Towers with Radar,598,22,5,0,625,0,0,2,0,2,598,22,7,0,627,0,0,0,627
01/03/2021,EWR,NJ,AEA,EN,Towers with Radar,579,18,10,0,607,0,0,0,2,2,579,18,10,2,609,0,0,0,609
01/04/2021,EWR,NJ,AEA,EN,Towers with Radar,551,23,7,0,581,0,0,2,4,6,551,23,9,4,587,0,0,0,587
01/05/2021,EWR,NJ,AEA,EN,Towers with Radar,522,30,4,0,556,0,4,3,0,7,522,34,7,0,563,0,0,0,563
01/06/2021,EWR,NJ,AEA,EN,Towers with Radar,450,41,5,0,496,0,4,0,0,4,450,45,5,0,500,0,0,0,500
01/07/2021,EWR,NJ,AEA,EN,Towers with Radar,506,37,2,0,545,0,4,10,2,16,506,41,12,2,561,0,0,0,561
01/08/2021,EWR,NJ,AEA,EN,Towers with Radar,482,29,2,0,513,0,4,4,0,8,482,33,6,0,521,0,0,0,521
01/09/2021,EWR,NJ,AEA,EN,Towers with Radar,451,16,2,0,469,0,0,4,2,6,451,16,6,2,475,0,0,0,475
01/10/2021,EWR,NJ,AEA,EN,Towers with Radar,455,15,4,0,474,0,0,11,0,11,455,15,15,0,485,0,0,0,485
01/11/2021,EWR,NJ,AEA,EN,Towers with Radar,452,14,8,0,474,0,0,16,0,16,452,14,24,0,490,0,0,0,490
01/12/2021,EWR,NJ,AEA,EN,Towers with Radar,456,37,0,0,493,0,4,2,2,8,456,41,2,2,501,0,0,0,501
01/13/2021,EWR,NJ,AEA,EN,Towers with Radar,443,35,4,1,483,0,4,10,0,14,443,39,14,1,497,0,0,0,497
01/14/2021,EWR,NJ,AEA,EN,Towers with Radar,492,39,7,0,538,0,4,11,0,15,492,43,18,0,553,0,0,0,553
01/15/2021,EWR,NJ,AEA,EN,Towers with Radar,464,33,5,0,502,0,0,0,0,0,464,33,5,0,502,0,0,0,502
01/16/2021,EWR,NJ,AEA,EN,Towers with Radar,443,10,2,0,455,0,0,2,0,2,443,10,4,0,457,0,0,0,457
01/17/2021,EWR,NJ,AEA,EN,Towers with Radar,438,18,8,0,464,0,0,0,0,0,438,18,8,0,464,0,0,0,464
01/18/2021,EWR,NJ,AEA,EN,Towers with Radar,440,20,3,0,463,0,0,8,0,8,440,20,11,0,471,0,0,0,471
01/19/2021,EWR,NJ,AEA,EN,Towers with Radar,436,37,1,0,474,0,4,22,0,26,436,41,23,0,500,0,0,0,500
01/20/2021,EWR,NJ,AEA,EN,Towers with Radar,438,37,1,0,476,0,0,2,2,4,438,37,3,2,480,0,0,0,480
01/21/2021,EWR,NJ,AEA,EN,Towers with Radar,498,37,2,2,539,0,4,11,3,18,498,41,13,5,557,0,0,0,557
01/22/2021,EWR,NJ,AEA,EN,Towers with Radar,473,32,4,0,509,0,4,1,1,6,473,36,5,1,515,0,0,0,515
01/23/2021,EWR,NJ,AEA,EN,Towers with Radar,448,14,2,0,464,0,0,0,0,0,448,14,2,0,464,0,0,0,464
01/24/2021,EWR,NJ,AEA,EN,Towers with Radar,444,21,3,2,470,0,0,0,2,2,444,21,3,4,472,0,0,0,472
01/25/2021,EWR,NJ,AEA,EN,Towers with Radar,433,19,1,2,455,0,0,2,1,3,433,19,3,3,458,0,0,0,458
01/26/2021,EWR,NJ,AEA,EN,Towers with Radar,441,21,3,0,465,0,4,0,0,4,441,25,3,0,469,0,0,0,469
01/27/2021,EWR,NJ,AEA,EN,Towers with Radar,431,29,4,0,464,0,5,2,1,8,431,34,6,1,472,0,0,0,472
01/28/2021,EWR,NJ,AEA,EN,Towers with Radar,490,40,7,0,537,0,4,6,1,11,490,44,13,1,548,0,0,0,548
01/29/2021,EWR,NJ,AEA,EN,Towers with Radar,465,33,4,0,502,0,2,0,3,5,465,35,4,3,507,0,0,0,507
01/30/2021,EWR,NJ,AEA,EN,Towers with Radar,433,16,2,0,451,0,0,2,0,2,433,16,4,0,453,0,0,0,453
01/31/2021,EWR,NJ,AEA,EN,Towers with Radar,429,24,5,0,458,0,0,2,0,2,429,24,7,0,460,0,0,0,460
02/01/2021,EWR,NJ,AEA,EN,Towers with Radar,46,2,0,0,48,0,0,0,0,0,46,2,0,0,48,0,0,0,48
02/02/2021,EWR,NJ,AEA,EN,Towers with Radar,225,4,2,0,231,0,0,4,0,4,225,4,6,0,235,0,0,0,235
02/03/2021,EWR,NJ,AEA,EN,Towers with Radar,389,8,2,0,399,0,4,0,2,6,389,12,2,2,405,0,0,0,405
02/04/2021,EWR,NJ,AEA,EN,Towers with Radar,493,35,3,0,531,0,4,5,0,9,493,39,8,0,540,0,0,0,540
02/05/2021,EWR,NJ,AEA,EN,Towers with Radar,473,27,5,0,505,0,4,4,0,8,473,31,9,0,513,0,0,0,513
02/06/2021,EWR,NJ,AEA,EN,Towers with Radar,444,17,5,0,466,0,0,0,0,0,444,17,5,0,466,0,0,0,466
02/07/2021,EWR,NJ,AEA,EN,Towers with Radar,369,6,6,0,381,0,0,0,0,0,369,6,6,0,381,0,0,0,381
02/08/2021,EWR,NJ,AEA,EN,Towers with Radar,436,25,7,0,468,0,0,2,0,2,436,25,9,0,470,0,0,0,470
02/09/2021,EWR,NJ,AEA,EN,Towers with Radar,437,38,3,0,478,0,0,0,0,0,437,38,3,0,478,0,0,0,478
02/10/2021,EWR,NJ,AEA,EN,Towers with Radar,435,35,7,0,477,0,4,3,0,7,435,39,10,0,484,0,0,0,484
02/11/2021,EWR,NJ,AEA,EN,Towers with Radar,556,36,4,0,596,0,0,3,2,5,556,36,7,2,601,0,0,0,601
02/12/2021,EWR,NJ,AEA,EN,Towers with Radar,571,34,1,0,606,0,4,11,0,15,571,38,12,0,621,0,0,0,621
02/13/2021,EWR,NJ,AEA,EN,Towers with Radar,485,15,0,0,500,0,0,0,0,0,485,15,0,0,500,0,0,0,500
02/14/2021,EWR,NJ,AEA,EN,Towers with Radar,504,17,5,0,526,0,0,0,1,1,504,17,5,1,527,0,0,0,527
02/15/2021,EWR,NJ,AEA,EN,Towers with Radar,461,21,9,0,491,0,0,0,0,0,461,21,9,0,491,0,0,0,491
02/16/2021,EWR,NJ,AEA,EN,Towers with Radar,435,18,10,0,463,0,0,2,1,3,435,18,12,1,466,0,0,0,466
02/17/2021,EWR,NJ,AEA,EN,Towers with Radar,435,39,7,0,481,0,4,8,0,12,435,43,15,0,493,0,0,0,493
02/18/2021,EWR,NJ,AEA,EN,Towers with Radar,415,20,8,0,443,0,0,0,0,0,415,20,8,0,443,0,0,0,443
02/19/2021,EWR,NJ,AEA,EN,Towers with Radar,529,16,11,0,556,0,0,0,0,0,529,16,11,0,556,0,0,0,556
02/20/2021,EWR,NJ,AEA,EN,Towers with Radar,509,16,5,0,530,0,2,6,0,8,509,18,11,0,538,0,0,0,538
02/21/2021,EWR,NJ,AEA,EN,Towers with Radar,534,20,9,0,563,0,0,4,0,4,534,20,13,0,567,0,0,0,567
02/22/2021,EWR,NJ,AEA,EN,Towers with Radar,521,19,10,0,550,0,0,2,0,2,521,19,12,0,552,0,0,0,552
02/23/2021,EWR,NJ,AEA,EN,Towers with Radar,477,37,5,2,521,0,6,0,2,8,477,43,5,4,529,0,0,0,529
02/24/2021,EWR,NJ,AEA,EN,Towers with Radar,469,45,2,0,516,0,4,0,0,4,469,49,2,0,520,0,0,0,520
02/25/2021,EWR,NJ,AEA,EN,Towers with Radar,583,42,10,0,635,0,4,2,0,6,583,46,12,0,641,0,0,0,641
02/26/2021,EWR,NJ,AEA,EN,Towers with Radar,560,37,6,0,603,0,4,3,0,7,560,41,9,0,610,0,0,0,610
02/27/2021,EWR,NJ,AEA,EN,Towers with Radar,483,17,4,0,504,0,0,0,0,0,483,17,4,0,504,0,0,0,504
02/28/2021,EWR,NJ,AEA,EN,Towers with Radar,538,26,4,0,568,0,0,0,0,0,538,26,4,0,568,0,0,0,568
03/01/2021,EWR,NJ,AEA,EN,Towers with Radar,511,18,10,0,539,0,0,0,0,0,511,18,10,0,539,0,0,0,539
03/02/2021,EWR,NJ,AEA,EN,Towers with Radar,477,26,1,2,506,0,4,3,5,12,477,30,4,7,518,0,0,0,518
03/03/2021,EWR,NJ,AEA,EN,Towers with Radar,459,40,8,2,509,0,4,4,0,8,459,44,12,2,517,0,0,0,517
03/04/2021,EWR,NJ,AEA,EN,Towers with Radar,617,47,6,0,670,0,4,9,1,14,617,51,15,1,684,0,0,0,684
03/05/2021,EWR,NJ,AEA,EN,Towers with Radar,601,42,4,2,649,0,4,2,2,8,601,46,6,4,657,0,0,0,657
03/06/2021,EWR,NJ,AEA,EN,Towers with Radar,551,13,3,0,567,0,0,4,0,4,551,13,7,0,571,0,0,0,571
03/07/2021,EWR,NJ,AEA,EN,Towers with Radar,562,20,1,0,583,0,0,4,0,4,562,20,5,0,587,0,0,0,587
03/08/2021,EWR,NJ,AEA,EN,Towers with Radar,571,29,2,0,602,0,0,4,2,6,571,29,6,2,608,0,0,0,608
03/09/2021,EWR,NJ,AEA,EN,Towers with Radar,530,35,1,0,566,0,4,2,0,6,530,39,3,0,572,0,0,0,572
03/10/2021,EWR,NJ,AEA,EN,Towers with Radar,541,40,5,0,586,0,4,11,4,19,541,44,16,4,605,0,0,0,605
03/11/2021,EWR,NJ,AEA,EN,Towers with Radar,628,49,3,0,680,0,2,7,0,9,628,51,10,0,689,0,0,0,689
03/12/2021,EWR,NJ,AEA,EN,Towers with Radar,622,38,2,0,662,0,2,2,0,4,622,40,4,0,666,0,0,0,666
03/13/2021,EWR,NJ,AEA,EN,Towers with Radar,552,11,3,0,566,0,0,3,0,3,552,11,6,0,569,0,0,0,569
03/14/2021,EWR,NJ,AEA,EN,Towers with Radar,581,30,0,0,611,0,0,7,0,7,581,30,7,0,618,0,0,0,618
03/15/2021,EWR,NJ,AEA,EN,Towers with Radar,578,32,5,0,615,0,0,24,3,27,578,32,29,3,642,0,0,0,642
03/16/2021,EWR,NJ,AEA,EN,Towers with Radar,567,37,3,0,607,0,4,2,4,10,567,41,5,4,617,0,0,0,617
03/17/2021,EWR,NJ,AEA,EN,Towers with Radar,549,43,3,0,595,0,4,2,1,7,549,47,5,1,602,0,0,0,602
03/18/2021,EWR,NJ,AEA,EN,Towers with Radar,633,52,7,0,692,0,0,0,0,0,633,52,7,0,692,0,0,0,692
03/19/2021,EWR,NJ,AEA,EN,Towers with Radar,631,49,7,0,687,0,6,0,0,6,631,55,7,0,693,0,0,0,693
03/20/2021,EWR,NJ,AEA,EN,Towers with Radar,569,13,1,0,583,0,0,4,0,4,569,13,5,0,587,0,0,0,587
03/21/2021,EWR,NJ,AEA,EN,Towers with Radar,592,24,3,0,619,1,0,2,0,3,593,24,5,0,622,0,0,0,622
03/22/2021,EWR,NJ,AEA,EN,Towers with Radar,581,35,4,0,620,0,0,6,0,6,581,35,10,0,626,0,0,0,626
03/23/2021,EWR,NJ,AEA,EN,Towers with Radar,551,38,6,0,595,0,2,4,0,6,551,40,10,0,601,0,0,0,601
03/24/2021,EWR,NJ,AEA,EN,Towers with Radar,553,41,2,0,596,0,4,1,0,5,553,45,3,0,601,0,0,0,601
03/25/2021,EWR,NJ,AEA,EN,Towers with Radar,653,49,7,0,709,0,0,0,1,1,653,49,7,1,710,0,0,0,710
03/26/2021,EWR,NJ,AEA,EN,Towers with Radar,643,47,11,0,701,0,0,3,0,3,643,47,14,0,704,0,0,0,704
03/27/2021,EWR,NJ,AEA,EN,Towers with Radar,567,19,11,0,597,0,0,8,2,10,567,19,19,2,607,0,0,0,607
03/28/2021,EWR,NJ,AEA,EN,Towers with Radar,600,25,9,0,634,0,0,0,0,0,600,25,9,0,634,0,0,0,634
03/29/2021,EWR,NJ,AEA,EN,Towers with Radar,572,38,3,1,614,0,0,6,0,6,572,38,9,1,620,0,0,0,620
03/30/2021,EWR,NJ,AEA,EN,Towers with Radar,550,35,5,0,590,0,4,4,2,10,550,39,9,2,600,0,0,0,600
03/31/2021,EWR,NJ,AEA,EN,Towers with Radar,541,33,11,0,585,0,4,1,0,5,541,37,12,0,590,0,0,0,590
04/01/2021,EWR,NJ,AEA,EN,Towers with Radar,631,41,8,0,680,0,4,2,0,6,631,45,10,0,686,0,0,0,686
04/02/2021,EWR,NJ,AEA,EN,Towers with Radar,636,41,10,1,688,0,4,5,0,9,636,45,15,1,697,0,0,0,697
04/03/2021,EWR,NJ,AEA,EN,Towers with Radar,573,19,4,0,596,0,0,1,0,1,573,19,5,0,597,0,0,0,597
04/04/2021,EWR,NJ,AEA,EN,Towers with Radar,618,24,3,0,645,0,0,6,0,6,618,24,9,0,651,0,0,0,651
04/05/2021,EWR,NJ,AEA,EN,Towers with Radar,621,34,6,0,661,0,0,1,0,1,621,34,7,0,662,0,0,0,662
04/06/2021,EWR,NJ,AEA,EN,Towers with Radar,555,38,7,0,600,0,4,3,2,9,555,42,10,2,609,0,0,0,609
04/07/2021,EWR,NJ,AEA,EN,Towers with Radar,525,47,7,0,579,0,5,4,0,9,525,52,11,0,588,0,0,0,588
04/08/2021,EWR,NJ,AEA,EN,Towers with Radar,635,44,9,0,688,1,5,10,2,18,636,49,19,2,706,0,0,0,706
04/09/2021,EWR,NJ,AEA,EN,Towers with Radar,626,37,4,0,667,0,2,7,0,9,626,39,11,0,676,0,0,0,676
04/10/2021,EWR,NJ,AEA,EN,Towers with Radar,550,20,11,0,581,0,0,0,0,0,550,20,11,0,581,0,0,0,581
04/11/2021,EWR,NJ,AEA,EN,Towers with Radar,563,28,10,0,601,0,0,0,0,0,563,28,10,0,601,0,0,0,601
04/12/2021,EWR,NJ,AEA,EN,Towers with Radar,589,34,7,0,630,0,0,2,0,2,589,34,9,0,632,0,0,0,632
04/13/2021,EWR,NJ,AEA,EN,Towers with Radar,539,34,1,0,574,0,5,6,0,11,539,39,7,0,585,0,0,0,585
04/14/2021,EWR,NJ,AEA,EN,Towers with Radar,513,38,2,0,553,0,4,4,5,13,513,42,6,5,566,0,0,0,566
04/15/2021,EWR,NJ,AEA,EN,Towers with Radar,625,46,5,0,676,0,0,2,0,2,625,46,7,0,678,0,0,0,678
04/16/2021,EWR,NJ,AEA,EN,Towers with Radar,632,34,1,0,667,0,4,8,0,12,632,38,9,0,679,0,0,0,679
04/17/2021,EWR,NJ,AEA,EN,Towers with Radar,548,25,1,0,574,0,0,4,0,4,548,25,5,0,578,0,0,0,578
04/18/2021,EWR,NJ,AEA,EN,Towers with Radar,614,22,4,0,640,0,0,7,0,7,614,22,11,0,647,0,0,0,647
04/19/2021,EWR,NJ,AEA,EN,Towers with Radar,588,30,1,0,619,0,0,6,0,6,588,30,7,0,625,0,0,0,625
04/20/2021,EWR,NJ,AEA,EN,Towers with Radar,534,40,2,0,576,0,4,2,1,7,534,44,4,1,583,0,0,0,583
04/21/2021,EWR,NJ,AEA,EN,Towers with Radar,517,39,4,0,560,0,6,0,0,6,517,45,4,0,566,0,0,0,566
04/22/2021,EWR,NJ,AEA,EN,Towers with Radar,632,51,3,0,686,0,0,0,0,0,632,51,3,0,686,0,0,0,686
04/23/2021,EWR,NJ,AEA,EN,Towers with Radar,623,32,3,0,658,0,5,7,0,12,623,37,10,0,670,0,0,0,670
04/24/2021,EWR,NJ,AEA,EN,Towers with Radar,547,20,2,0,569,0,0,0,0,0,547,20,2,0,569,0,0,0,569
04/25/2021,EWR,NJ,AEA,EN,Towers with Radar,613,26,0,0,639,0,0,0,2,2,613,26,0,2,641,0,0,0,641
04/26/2021,EWR,NJ,AEA,EN,Towers with Radar,601,34,5,0,640,0,0,7,1,8,601,34,12,1,648,0,0,0,648
04/27/2021,EWR,NJ,AEA,EN,Towers with Radar,520,43,9,0,572,0,4,6,0,10,520,47,15,0,582,0,0,0,582
04/28/2021,EWR,NJ,AEA,EN,Towers with Radar,514,39,9,1,563,0,4,4,7,15,514,43,13,8,578,0,0,0,578
04/29/2021,EWR,NJ,AEA,EN,Towers with Radar,633,45,5,0,683,0,4,6,7,17,633,49,11,7,700,0,0,0,700
04/30/2021,EWR,NJ,AEA,EN,Towers with Radar,631,69,15,0,715,0,6,0,2,8,631,75,15,2,723,0,0,0,723
05/01/2021,EWR,NJ,AEA,EN,Towers with Radar,543,38,4,0,585,0,0,14,14,28,543,38,18,14,613,0,0,0,613
05/02/2021,EWR,NJ,AEA,EN,Towers with Radar,612,33,10,0,655,0,0,1,13,14,612,33,11,13,669,0,0,0,669
05/03/2021,EWR,NJ,AEA,EN,Towers with Radar,580,28,6,0,614,0,0,4,6,10,580,28,10,6,624,0,0,0,624
05/04/2021,EWR,NJ,AEA,EN,Towers with Radar,521,44,5,0,570,0,0,6,0,6,521,44,11,0,576,0,0,0,576
05/05/2021,EWR,NJ,AEA,EN,Towers with Radar,517,39,9,2,567,0,0,1,0,1,517,39,10,2,568,0,0,0,568
05/06/2021,EWR,NJ,AEA,EN,Towers with Radar,683,47,6,0,736,0,4,10,0,14,683,51,16,0,750,0,0,0,750
05/07/2021,EWR,NJ,AEA,EN,Towers with Radar,695,37,5,0,737,0,4,17,0,21,695,41,22,0,758,0,0,0,758
05/08/2021,EWR,NJ,AEA,EN,Towers with Radar,606,18,1,0,625,0,0,7,0,7,606,18,8,0,632,0,0,0,632
05/09/2021,EWR,NJ,AEA,EN,Towers with Radar,666,27,4,0,697,0,0,12,0,12,666,27,16,0,709,0,0,0,709
05/10/2021,EWR,NJ,AEA,EN,Towers with Radar,626,27,4,0,657,0,0,11,0,11,626,27,15,0,668,0,0,0,668
05/11/2021,EWR,NJ,AEA,EN,Towers with Radar,596,35,9,0,640,0,6,13,1,20,596,41,22,1,660,0,0,0,660
05/12/2021,EWR,NJ,AEA,EN,Towers with Radar,579,39,8,0,626,0,4,16,2,22,579,43,24,2,648,0,0,0,648
05/13/2021,EWR,NJ,AEA,EN,Towers with Radar,688,41,10,0,739,0,5,21,6,32,688,46,31,6,771,0,0,0,771
05/14/2021,EWR,NJ,AEA,EN,Towers with Radar,687,34,13,0,734,0,4,8,3,15,687,38,21,3,749,0,0,0,749
05/15/2021,EWR,NJ,AEA,EN,Towers with Radar,610,20,7,0,637,0,0,17,0,17,610,20,24,0,654,0,0,0,654
05/16/2021,EWR,NJ,AEA,EN,Towers with Radar,665,27,16,0,708,0,0,23,0,23,665,27,39,0,731,0,0,0,731
05/17/2021,EWR,NJ,AEA,EN,Towers with Radar,636,28,6,0,670,0,0,13,0,13,636,28,19,0,683,0,0,0,683
05/18/2021,EWR,NJ,AEA,EN,Towers with Radar,583,35,5,2,625,0,4,10,1,15,583,39,15,3,640,0,0,0,640
05/19/2021,EWR,NJ,AEA,EN,Towers with Radar,582,43,5,0,630,0,4,4,4,12,582,47,9,4,642,0,0,0,642
05/20/2021,EWR,NJ,AEA,EN,Towers with Radar,700,38,7,0,745,0,6,31,0,37,700,44,38,0,782,0,0,0,782
05/21/2021,EWR,NJ,AEA,EN,Towers with Radar,678,38,5,0,721,0,2,22,0,24,678,40,27,0,745,0,0,0,745
05/22/2021,EWR,NJ,AEA,EN,Towers with Radar,623,20,8,0,651,1,1,13,0,15,624,21,21,0,666,0,0,0,666
05/23/2021,EWR,NJ,AEA,EN,Towers with Radar,685,18,5,0,708,0,0,11,0,11,685,18,16,0,719,0,0,0,719
05/24/2021,EWR,NJ,AEA,EN,Towers with Radar,661,27,4,0,692,0,0,13,0,13,661,27,17,0,705,0,0,0,705
05/25/2021,EWR,NJ,AEA,EN,Towers with Radar,594,34,11,0,639,0,6,17,1,24,594,40,28,1,663,0,0,0,663
05/26/2021,EWR,NJ,AEA,EN,Towers with Radar,566,31,12,0,609,0,0,6,2,8,566,31,18,2,617,0,0,0,617
05/27/2021,EWR,NJ,AEA,EN,Towers with Radar,741,47,5,0,793,0,4,42,0,46,741,51,47,0,839,0,0,0,839
05/28/2021,EWR,NJ,AEA,EN,Towers with Radar,699,33,5,0,737,0,5,11,0,16,699,38,16,0,753,0,0,0,753
05/29/2021,EWR,NJ,AEA,EN,Towers with Radar,629,20,3,0,652,0,0,0,0,0,629,20,3,0,652,0,0,0,652
05/30/2021,EWR,NJ,AEA,EN,Towers with Radar,655,22,0,0,677,0,0,1,0,1,655,22,1,0,678,0,0,0,678
05/31/2021,EWR,NJ,AEA,EN,Towers with Radar,676,25,2,0,703,0,0,20,0,20,676,25,22,0,723,0,0,0,723
06/01/2021,EWR,NJ,AEA,EN,Towers with Radar,578,24,2,0,604,0,4,15,1,20,578,28,17,1,624,0,0,0,624
06/02/2021,EWR,NJ,AEA,EN,Towers with Radar,625,31,8,0,664,0,4,8,1,13,625,35,16,1,677,0,0,0,677
06/03/2021,EWR,NJ,AEA,EN,Towers with Radar,761,43,10,0,814,0,0,0,0,0,761,43,10,0,814,0,0,0,814
06/04/2021,EWR,NJ,AEA,EN,Towers with Radar,758,43,7,0,808,0,0,6,0,6,758,43,13,0,814,0,0,0,814
06/05/2021,EWR,NJ,AEA,EN,Towers with Radar,713,27,4,0,744,0,0,22,1,23,713,27,26,1,767,0,0,0,767
06/06/2021,EWR,NJ,AEA,EN,Towers with Radar,739,28,5,0,772,0,0,18,0,18,739,28,23,0,790,0,0,0,790
06/07/2021,EWR,NJ,AEA,EN,Towers with Radar,749,31,5,0,785,0,0,14,0,14,749,31,19,0,799,0,0,0,799
06/08/2021,EWR,NJ,AEA,EN,Towers with Radar,700,41,2,0,743,0,2,4,0,6,700,43,6,0,749,0,0,0,749
06/09/2021,EWR,NJ,AEA,EN,Towers with Radar,670,44,8,1,723,0,4,6,1,11,670,48,14,2,734,0,0,0,734
06/10/2021,EWR,NJ,AEA,EN,Towers with Radar,798,43,12,0,853,0,4,22,1,27,798,47,34,1,880,0,0,0,880
06/11/2021,EWR,NJ,AEA,EN,Towers with Radar,785,41,2,0,828,1,4,13,0,18,786,45,15,0,846,0,0,0,846
06/12/2021,EWR,NJ,AEA,EN,Towers with Radar,719,35,6,2,762,0,1,22,0,23,719,36,28,2,785,0,0,0,785
06/13/2021,EWR,NJ,AEA,EN,Towers with Radar,754,35,5,0,794,0,0,12,0,12,754,35,17,0,806,0,0,0,806
06/14/2021,EWR,NJ,AEA,EN,Towers with Radar,746,39,6,0,791,0,0,5,0,5,746,39,11,0,796,0,0,0,796
06/15/2021,EWR,NJ,AEA,EN,Towers with Radar,743,58,9,0,810,0,4,8,1,13,743,62,17,1,823,0,0,0,823
06/16/2021,EWR,NJ,AEA,EN,Towers with Radar,725,47,6,0,778,1,4,12,2,19,726,51,18,2,797,0,0,0,797
06/17/2021,EWR,NJ,AEA,EN,Towers with Radar,798,58,7,1,864,0,4,27,1,32,798,62,34,2,896,0,0,0,896
06/18/2021,EWR,NJ,AEA,EN,Towers with Radar,795,46,6,1,848,0,4,21,0,25,795,50,27,1,873,0,0,0,873
06/19/2021,EWR,NJ,AEA,EN,Towers with Radar,735,37,8,1,781,0,1,9,0,10,735,38,17,1,791,0,0,0,791
06/20/2021,EWR,NJ,AEA,EN,Towers with Radar,758,37,1,1,797,0,2,30,0,32,758,39,31,1,829,0,0,0,829
06/21/2021,EWR,NJ,AEA,EN,Towers with Radar,686,25,14,0,725,0,0,9,0,9,686,25,23,0,734,0,0,0,734
06/22/2021,EWR,NJ,AEA,EN,Towers with Radar,760,52,6,0,818,0,4,0,0,4,760,56,6,0,822,0,0,0,822
06/23/2021,EWR,NJ,AEA,EN,Towers with Radar,714,52,19,0,785,0,7,6,0,13,714,59,25,0,798,0,0,0,798
06/24/2021,EWR,NJ,AEA,EN,Towers with Radar,800,48,7,2,857,0,4,14,1,19,800,52,21,3,876,0,0,0,876
06/25/2021,EWR,NJ,AEA,EN,Towers with Radar,791,46,2,0,839,1,0,19,3,23,792,46,21,3,862,0,0,0,862
06/26/2021,EWR,NJ,AEA,EN,Towers with Radar,736,27,5,0,768,0,2,12,0,14,736,29,17,0,782,0,0,0,782
06/27/2021,EWR,NJ,AEA,EN,Towers with Radar,769,31,12,0,812,0,0,26,0,26,769,31,38,0,838,0,0,0,838
06/28/2021,EWR,NJ,AEA,EN,Towers with Radar,753,44,14,0,811,0,0,25,2,27,753,44,39,2,838,0,0,0,838
06/29/2021,EWR,NJ,AEA,EN,Towers with Radar,735,43,3,0,781,0,4,11,0,15,735,47,14,0,796,0,0,0,796
06/30/2021,EWR,NJ,AEA,EN,Towers with Radar,681,40,8,0,729,0,4,12,6,22,681,44,20,6,751,0,0,0,751
07/01/2021,EWR,NJ,AEA,EN,Towers with Radar,839,48,8,0,895,0,4,7,0,11,839,52,15,0,906,0,0,0,906
07/02/2021,EWR,NJ,AEA,EN,Towers with Radar,815,41,6,0,862,0,4,12,0,16,815,45,18,0,878,0,0,0,878
07/03/2021,EWR,NJ,AEA,EN,Towers with Radar,792,26,11,0,829,0,0,1,0,1,792,26,12,0,830,0,0,0,830
07/04/2021,EWR,NJ,AEA,EN,Towers with Radar,749,22,4,0,775,0,0,29,0,29,749,22,33,0,804,0,0,0,804
07/05/2021,EWR,NJ,AEA,EN,Towers with Radar,770,22,11,0,803,0,0,20,0,20,770,22,31,0,823,0,0,0,823
07/06/2021,EWR,NJ,AEA,EN,Towers with Radar,654,21,11,0,686,0,7,13,0,20,654,28,24,0,706,0,0,0,706
07/07/2021,EWR,NJ,AEA,EN,Towers with Radar,845,54,6,0,905,0,6,10,0,16,845,60,16,0,921,0,0,0,921
07/08/2021,EWR,NJ,AEA,EN,Towers with Radar,713,28,9,3,753,0,6,4,0,10,713,34,13,3,763,0,0,0,763
07/09/2021,EWR,NJ,AEA,EN,Towers with Radar,766,24,9,0,799,0,0,3,0,3,766,24,12,0,802,0,0,0,802
07/10/2021,EWR,NJ,AEA,EN,Towers with Radar,773,31,13,0,817,0,0,32,0,32,773,31,45,0,849,0,0,0,849
07/11/2021,EWR,NJ,AEA,EN,Towers with Radar,736,24,14,0,774,0,1,15,0,16,736,25,29,0,790,0,0,0,790
07/12/2021,EWR,NJ,AEA,EN,Towers with Radar,651,28,16,0,695,0,0,4,0,4,651,28,20,0,699,0,0,0,699
07/13/2021,EWR,NJ,AEA,EN,Towers with Radar,807,45,22,0,874,0,0,2,1,3,807,45,24,1,877,0,0,0,877
07/14/2021,EWR,NJ,AEA,EN,Towers with Radar,773,49,20,0,842,0,0,7,2,9,773,49,27,2,851,0,0,0,851
07/15/2021,EWR,NJ,AEA,EN,Towers with Radar,862,50,18,2,932,0,4,34,4,42,862,54,52,6,974,0,0,0,974
07/16/2021,EWR,NJ,AEA,EN,Towers with Radar,835,40,11,1,887,0,6,32,3,41,835,46,43,4,928,0,0,0,928
07/17/2021,EWR,NJ,AEA,EN,Towers with Radar,427,17,3,0,447,0,0,4,0,4,427,17,7,0,451,0,0,0,451
07/18/2021,EWR,NJ,AEA,EN,Towers with Radar,750,30,13,0,793,1,2,19,0,22,751,32,32,0,815,0,0,0,815
07/19/2021,EWR,NJ,AEA,EN,Towers with Radar,825,30,6,0,861,0,1,29,1,31,825,31,35,1,892,0,0,0,892
07/20/2021,EWR,NJ,AEA,EN,Towers with Radar,871,41,8,0,920,0,4,16,1,21,871,45,24,1,941,0,0,0,941
07/21/2021,EWR,NJ,AEA,EN,Towers with Radar,776,42,11,0,829,0,4,14,0,18,776,46,25,0,847,0,0,0,847
07/22/2021,EWR,NJ,AEA,EN,Towers with Radar,834,51,7,0,892,0,4,30,3,37,834,55,37,3,929,0,0,0,929
07/23/2021,EWR,NJ,AEA,EN,Towers with Radar,849,41,10,0,900,0,5,26,3,34,849,46,36,3,934,0,0,0,934
07/24/2021,EWR,NJ,AEA,EN,Towers with Radar,795,25,8,0,828,0,0,18,0,18,795,25,26,0,846,0,0,0,846
07/25/2021,EWR,NJ,AEA,EN,Towers with Radar,725,24,8,0,757,0,2,11,0,13,725,26,19,0,770,0,0,0,770
07/26/2021,EWR,NJ,AEA,EN,Towers with Radar,811,33,9,0,853,0,0,37,1,38,811,33,46,1,891,0,0,0,891
07/27/2021,EWR,NJ,AEA,EN,Towers with Radar,843,48,7,0,898,0,5,31,1,37,843,53,38,1,935,0,0,0,935
07/28/2021,EWR,NJ,AEA,EN,Towers with Radar,806,48,9,0,863,0,6,22,0,28,806,54,31,0,891,0,0,0,891
07/29/2021,EWR,NJ,AEA,EN,Towers with Radar,725,44,7,0,776,0,6,6,2,14,725,50,13,2,790,0,0,0,790
07/30/2021,EWR,NJ,AEA,EN,Towers with Radar,853,46,8,0,907,0,4,31,0,35,853,50,39,0,942,0,0,0,942
07/31/2021,EWR,NJ,AEA,EN,Towers with Radar,771,26,7,0,804,0,2,20,0,22,771,28,27,0,826,0,0,0,826
08/01/2021,EWR,NJ,AEA,EN,Towers with Radar,736,18,12,0,766,0,1,14,0,15,736,19,26,0,781,0,0,0,781
08/02/2021,EWR,NJ,AEA,EN,Towers with Radar,793,22,11,0,826,0,2,28,0,30,793,24,39,0,856,0,0,0,856
08/03/2021,EWR,NJ,AEA,EN,Towers with Radar,801,36,10,0,847,0,4,22,0,26,801,40,32,0,873,0,0,0,873
08/04/2021,EWR,NJ,AEA,EN,Towers with Radar,808,50,6,0,864,0,4,36,0,40,808,54,42,0,904,0,0,0,904
08/05/2021,EWR,NJ,AEA,EN,Towers with Radar,836,40,14,0,890,0,4,29,1,34,836,44,43,1,924,0,0,0,924
08/06/2021,EWR,NJ,AEA,EN,Towers with Radar,844,38,13,1,896,0,5,26,1,32,844,43,39,2,928,0,0,0,928
08/07/2021,EWR,NJ,AEA,EN,Towers with Radar,743,50,29,0,822,0,2,30,0,32,743,52,59,0,854,0,0,0,854
08/08/2021,EWR,NJ,AEA,EN,Towers with Radar,798,35,17,1,851,0,0,15,0,15,798,35,32,1,866,0,0,0,866
08/09/2021,EWR,NJ,AEA,EN,Towers with Radar,824,32,11,0,867,0,0,33,0,33,824,32,44,0,900,0,0,0,900
08/10/2021,EWR,NJ,AEA,EN,Towers with Radar,785,36,10,0,831,0,6,16,0,22,785,42,26,0,853,0,0,0,853
08/11/2021,EWR,NJ,AEA,EN,Towers with Radar,738,28,11,0,777,0,8,29,0,37,738,36,40,0,814,0,0,0,814
08/12/2021,EWR,NJ,AEA,EN,Towers with Radar,899,50,2,0,951,0,4,37,0,41,899,54,39,0,992,0,0,0,992
08/13/2021,EWR,NJ,AEA,EN,Towers with Radar,830,40,5,1,876,0,6,30,0,36,830,46,35,1,912,0,0,0,912
08/14/2021,EWR,NJ,AEA,EN,Towers with Radar,775,24,5,0,804,0,0,15,0,15,775,24,20,0,819,0,0,0,819
08/15/2021,EWR,NJ,AEA,EN,Towers with Radar,827,30,10,0,867,0,1,20,0,21,827,31,30,0,888,0,0,0,888
08/16/2021,EWR,NJ,AEA,EN,Towers with Radar,816,35,3,0,854,0,0,25,0,25,816,35,28,0,879,0,0,0,879
08/17/2021,EWR,NJ,AEA,EN,Towers with Radar,840,48,12,0,900,0,4,13,0,17,840,52,25,0,917,0,0,0,917
08/18/2021,EWR,NJ,AEA,EN,Towers with Radar,797,44,13,0,854,0,4,11,2,17,797,48,24,2,871,0,0,0,871
08/19/2021,EWR,NJ,AEA,EN,Towers with Radar,872,35,3,0,910,0,4,10,1,15,872,39,13,1,925,0,0,0,925
08/20/2021,EWR,NJ,AEA,EN,Towers with Radar,855,44,6,0,905,0,5,41,3,49,855,49,47,3,954,0,0,0,954
08/21/2021,EWR,NJ,AEA,EN,Towers with Radar,772,22,8,0,802,0,1,28,0,29,772,23,36,0,831,0,0,0,831
08/22/2021,EWR,NJ,AEA,EN,Towers with Radar,626,16,4,0,646,0,0,0,0,0,626,16,4,0,646,0,0,0,646
08/23/2021,EWR,NJ,AEA,EN,Towers with Radar,756,29,6,0,791,0,0,7,0,7,756,29,13,0,798,0,0,0,798
08/24/2021,EWR,NJ,AEA,EN,Towers with Radar,849,40,5,0,894,0,4,32,1,37,849,44,37,1,931,0,0,0,931
08/25/2021,EWR,NJ,AEA,EN,Towers with Radar,829,36,6,0,871,0,4,29,2,35,829,40,35,2,906,0,0,0,906
08/26/2021,EWR,NJ,AEA,EN,Towers with Radar,855,36,3,0,894,0,6,26,2,34,855,42,29,2,928,0,0,0,928
08/27/2021,EWR,NJ,AEA,EN,Towers with Radar,789,43,8,0,840,0,4,10,3,17,789,47,18,3,857,0,0,0,857
08/28/2021,EWR,NJ,AEA,EN,Towers with Radar,748,21,8,0,777,0,0,22,0,22,748,21,30,0,799,0,0,0,799
08/29/2021,EWR,NJ,AEA,EN,Towers with Radar,803,24,15,0,842,0,0,17,0,17,803,24,32,0,859,0,0,0,859
08/30/2021,EWR,NJ,AEA,EN,Towers with Radar,784,29,7,0,820,0,0,19,0,19,784,29,26,0,839,0,0,0,839
08/31/2021,EWR,NJ,AEA,EN,Towers with Radar,850,43,10,0,903,0,4,22,0,26,850,47,32,0,929,0,0,0,929
09/01/2021,EWR,NJ,AEA,EN,Towers with Radar,563,27,5,0,595,0,4,5,0,9,563,31,10,0,604,0,0,0,604
09/02/2021,EWR,NJ,AEA,EN,Towers with Radar,514,55,28,0,597,0,7,15,0,22,514,62,43,0,619,0,0,0,619
09/03/2021,EWR,NJ,AEA,EN,Towers with Radar,819,89,35,0,943,0,4,30,2,36,819,93,65,2,979,0,0,0,979
09/04/2021,EWR,NJ,AEA,EN,Towers with Radar,756,29,17,0,802,0,0,36,0,36,756,29,53,0,838,0,0,0,838
09/05/2021,EWR,NJ,AEA,EN,Towers with Radar,762,26,8,0,796,0,0,26,0,26,762,26,34,0,822,0,0,0,822
09/06/2021,EWR,NJ,AEA,EN,Towers with Radar,785,24,9,2,820,0,2,20,0,22,785,26,29,2,842,0,0,0,842
09/07/2021,EWR,NJ,AEA,EN,Towers with Radar,777,24,10,2,813,0,4,9,4,17,777,28,19,6,830,0,0,0,830
09/08/2021,EWR,NJ,AEA,EN,Towers with Radar,786,38,12,0,836,0,5,29,0,34,786,43,41,0,870,0,0,0,870
09/09/2021,EWR,NJ,AEA,EN,Towers with Radar,855,34,8,0,897,0,8,3,0,11,855,42,11,0,908,0,0,0,908
09/10/2021,EWR,NJ,AEA,EN,Towers with Radar,841,40,13,0,894,0,4,26,5,35,841,44,39,5,929,0,0,0,929
09/11/2021,EWR,NJ,AEA,EN,Towers with Radar,782,15,10,0,807,0,0,26,0,26,782,15,36,0,833,0,0,0,833
09/12/2021,EWR,NJ,AEA,EN,Towers with Radar,802,22,17,0,841,0,31,51,0,82,802,53,68,0,923,0,0,0,923
09/13/2021,EWR,NJ,AEA,EN,Towers with Radar,806,22,8,0,836,0,7,37,1,45,806,29,45,1,881,0,0,0,881
09/14/2021,EWR,NJ,AEA,EN,Towers with Radar,824,51,16,0,891,0,4,22,2,28,824,55,38,2,919,0,0,0,919
09/15/2021,EWR,NJ,AEA,EN,Towers with Radar,766,42,13,0,821,0,6,32,1,39,766,48,45,1,860,0,0,0,860
09/16/2021,EWR,NJ,AEA,EN,Towers with Radar,858,37,5,0,900,0,4,10,3,17,858,41,15,3,917,0,0,0,917
09/17/2021,EWR,NJ,AEA,EN,Towers with Radar,826,44,8,0,878,0,0,6,0,6,826,44,14,0,884,0,0,0,884
09/18/2021,EWR,NJ,AEA,EN,Towers with Radar,780,27,6,0,813,0,18,31,2,51,780,45,37,2,864,0,0,0,864
09/19/2021,EWR,NJ,AEA,EN,Towers with Radar,813,30,12,0,855,0,2,31,1,34,813,32,43,1,889,0,0,0,889
09/20/2021,EWR,NJ,AEA,EN,Towers with Radar,806,31,9,2,848,0,0,53,0,53,806,31,62,2,901,0,0,0,901
09/21/2021,EWR,NJ,AEA,EN,Towers with Radar,819,43,10,0,872,0,4,41,0,45,819,47,51,0,917,0,0,0,917
09/22/2021,EWR,NJ,AEA,EN,Towers with Radar,793,35,11,0,839,0,4,19,0,23,793,39,30,0,862,0,0,0,862
09/23/2021,EWR,NJ,AEA,EN,Towers with Radar,659,32,10,0,701,0,4,25,0,29,659,36,35,0,730,0,0,0,730
09/24/2021,EWR,NJ,AEA,EN,Towers with Radar,872,39,6,0,917,0,2,26,0,28,872,41,32,0,945,0,0,0,945
09/25/2021,EWR,NJ,AEA,EN,Towers with Radar,743,35,12,0,790,0,4,29,4,37,743,39,41,4,827,0,0,0,827
09/26/2021,EWR,NJ,AEA,EN,Towers with Radar,807,26,9,0,842,0,0,28,2,30,807,26,37,2,872,0,0,0,872
09/27/2021,EWR,NJ,AEA,EN,Towers with Radar,794,33,14,0,841,0,2,20,1,23,794,35,34,1,864,0,0,0,864
09/28/2021,EWR,NJ,AEA,EN,Towers with Radar,820,37,3,2,862,0,4,2,0,6,820,41,5,2,868,0,0,0,868
09/29/2021,EWR,NJ,AEA,EN,Towers with Radar,802,41,8,0,851,0,5,20,0,25,802,46,28,0,876,0,0,0,876
09/30/2021,EWR,NJ,AEA,EN,Towers with Radar,863,44,17,0,924,0,10,13,2,25,863,54,30,2,949,0,0,0,949
10/01/2021,EWR,NJ,AEA,EN,Towers with Radar,843,39,8,0,890,0,5,15,0,20,843,44,23,0,910,0,0,0,910
10/02/2021,EWR,NJ,AEA,EN,Towers with Radar,774,23,7,2,806,0,0,13,4,17,774,23,20,6,823,0,0,0,823
10/03/2021,EWR,NJ,AEA,EN,Towers with Radar,806,29,10,0,845,0,2,8,0,10,806,31,18,0,855,0,0,0,855
10/04/2021,EWR,NJ,AEA,EN,Towers with Radar,807,36,20,0,863,1,0,0,0,1,808,36,20,0,864,0,0,0,864
10/05/2021,EWR,NJ,AEA,EN,Towers with Radar,928,43,16,0,987,0,4,2,1,7,928,47,18,1,994,0,0,0,994
10/06/2021,EWR,NJ,AEA,EN,Towers with Radar,936,53,16,0,1005,0,4,19,0,23,936,57,35,0,1028,0,0,0,1028
10/07/2021,EWR,NJ,AEA,EN,Towers with Radar,987,45,16,2,1050,0,8,17,0,25,987,53,33,2,1075,0,0,0,1075
10/08/2021,EWR,NJ,AEA,EN,Towers with Radar,937,37,11,4,989,0,4,35,1,40,937,41,46,5,1029,0,0,0,1029
10/09/2021,EWR,NJ,AEA,EN,Towers with Radar,869,26,8,0,903,0,0,16,0,16,869,26,24,0,919,0,0,0,919
10/10/2021,EWR,NJ,AEA,EN,Towers with Radar,904,34,18,0,956,0,0,5,0,5,904,34,23,0,961,0,0,0,961
10/11/2021,EWR,NJ,AEA,EN,Towers with Radar,941,29,20,0,990,0,0,5,0,5,941,29,25,0,995,0,0,0,995
10/12/2021,EWR,NJ,AEA,EN,Towers with Radar,954,42,20,0,1016,0,4,3,1,8,954,46,23,1,1024,0,0,0,1024
10/13/2021,EWR,NJ,AEA,EN,Towers with Radar,908,41,17,0,966,0,0,15,2,17,908,41,32,2,983,0,0,0,983
10/14/2021,EWR,NJ,AEA,EN,Towers with Radar,975,39,15,0,1029,0,4,21,3,28,975,43,36,3,1057,0,0,0,1057
10/15/2021,EWR,NJ,AEA,EN,Towers with Radar,942,36,9,2,989,0,4,10,0,14,942,40,19,2,1003,0,0,0,1003
10/16/2021,EWR,NJ,AEA,EN,Towers with Radar,823,29,5,0,857,0,0,8,0,8,823,29,13,0,865,0,0,0,865
10/17/2021,EWR,NJ,AEA,EN,Towers with Radar,911,16,11,0,938,0,2,27,0,29,911,18,38,0,967,0,0,0,967
10/18/2021,EWR,NJ,AEA,EN,Towers with Radar,916,25,17,0,958,0,2,16,0,18,916,27,33,0,976,0,0,0,976
10/19/2021,EWR,NJ,AEA,EN,Towers with Radar,931,32,13,0,976,1,2,12,0,15,932,34,25,0,991,0,0,0,991
10/20/2021,EWR,NJ,AEA,EN,Towers with Radar,918,59,11,1,989,1,4,10,0,15,919,63,21,1,1004,0,0,0,1004
10/21/2021,EWR,NJ,AEA,EN,Towers with Radar,970,47,17,1,1035,0,7,14,0,21,970,54,31,1,1056,0,0,0,1056
10/22/2021,EWR,NJ,AEA,EN,Towers with Radar,939,41,6,2,988,0,4,15,1,20,939,45,21,3,1008,0,0,0,1008
10/23/2021,EWR,NJ,AEA,EN,Towers with Radar,846,30,7,0,883,0,1,29,2,32,846,31,36,2,915,0,0,0,915
10/24/2021,EWR,NJ,AEA,EN,Towers with Radar,902,31,14,4,951,0,0,19,3,22,902,31,33,7,973,0,0,0,973
10/25/2021,EWR,NJ,AEA,EN,Towers with Radar,840,22,6,7,875,0,1,27,0,28,840,23,33,7,903,0,0,0,903
10/26/2021,EWR,NJ,AEA,EN,Towers with Radar,908,38,8,2,956,0,0,0,0,0,908,38,8,2,956,0,0,0,956
10/27/2021,EWR,NJ,AEA,EN,Towers with Radar,920,39,12,0,971,0,4,10,0,14,920,43,22,0,985,0,0,0,985
10/28/2021,EWR,NJ,AEA,EN,Towers with Radar,968,49,20,0,1037,0,6,21,0,27,968,55,41,0,1064,0,0,0,1064
10/29/2021,EWR,NJ,AEA,EN,Towers with Radar,947,38,19,0,1004,0,6,5,1,12,947,44,24,1,1016,0,0,0,1016
10/30/2021,EWR,NJ,AEA,EN,Towers with Radar,816,19,14,0,849,0,4,6,0,10,816,23,20,0,859,0,0,0,859
10/31/2021,EWR,NJ,AEA,EN,Towers with Radar,934,4,8,1,947,0,0,8,1,9,934,4,16,2,956,0,0,0,956
11/01/2021,EWR,NJ,AEA,EN,Towers with Radar,1121,10,13,0,1144,0,1,12,0,13,1121,11,25,0,1157,0,0,0,1157
11/02/2021,EWR,NJ,AEA,EN,Towers with Radar,1179,31,9,0,1219,0,5,9,0,14,1179,36,18,0,1233,0,0,0,1233
11/03/2021,EWR,NJ,AEA,EN,Towers with Radar,1138,26,12,0,1176,0,4,16,0,20,1138,30,28,0,1196,0,0,0,1196
11/04/2021,EWR,NJ,AEA,EN,Towers with Radar,1227,35,16,0,1278,0,4,15,1,20,1227,39,31,1,1298,0,0,0,1298
11/05/2021,EWR,NJ,AEA,EN,Towers with Radar,1151,32,13,0,1196,0,7,11,1,19,1151,39,24,1,1215,0,0,0,1215
11/06/2021,EWR,NJ,AEA,EN,Towers with Radar,730,22,10,0,762,0,1,15,0,16,730,23,25,0,778,0,0,0,778
11/07/2021,EWR,NJ,AEA,EN,Towers with Radar,1013,19,20,0,1052,0,4,22,0,26,1013,23,42,0,1078,0,0,0,1078
11/08/2021,EWR,NJ,AEA,EN,Towers with Radar,1165,11,17,0,1193,0,1,13,2,16,1165,12,30,2,1209,0,0,0,1209
11/09/2021,EWR,NJ,AEA,EN,Towers with Radar,1176,27,8,0,1211,1,3,22,2,28,1177,30,30,2,1239,0,0,0,1239
11/10/2021,EWR,NJ,AEA,EN,Towers with Radar,1143,34,6,0,1183,0,10,11,4,25,1143,44,17,4,1208,0,0,0,1208
11/11/2021,EWR,NJ,AEA,EN,Towers with Radar,1207,35,18,0,1260,0,5,14,0,19,1207,40,32,0,1279,0,0,0,1279
11/12/2021,EWR,NJ,AEA,EN,Towers with Radar,1137,19,11,0,1167,0,4,2,0,6,1137,23,13,0,1173,0,0,0,1173
11/13/2021,EWR,NJ,AEA,EN,Towers with Radar,734,3,2,0,739,0,4,9,0,13,734,7,11,0,752,0,0,0,752
11/14/2021,EWR,NJ,AEA,EN,Towers with Radar,1008,15,18,0,1041,0,2,9,0,11,1008,17,27,0,1052,0,0,0,1052
11/15/2021,EWR,NJ,AEA,EN,Towers with Radar,1178,17,11,0,1206,0,0,11,0,11,1178,17,22,0,1217,0,0,0,1217
11/16/2021,EWR,NJ,AEA,EN,Towers with Radar,1178,28,12,0,1218,0,4,8,6,18,1178,32,20,6,1236,0,0,0,1236
11/17/2021,EWR,NJ,AEA,EN,Towers with Radar,1158,33,15,0,1206,0,7,14,0,21,1158,40,29,0,1227,0,0,0,1227
11/18/2021,EWR,NJ,AEA,EN,Towers with Radar,1213,33,17,0,1263,0,15,20,5,40,1213,48,37,5,1303,0,0,0,1303
11/19/2021,EWR,NJ,AEA,EN,Towers with Radar,1190,20,17,0,1227,0,6,34,2,42,1190,26,51,2,1269,0,0,0,1269
11/20/2021,EWR,NJ,AEA,EN,Towers with Radar,1021,9,7,0,1037,1,0,15,0,16,1022,9,22,0,1053,0,0,0,1053
11/21/2021,EWR,NJ,AEA,EN,Towers with Radar,1162,8,7,0,1177,0,0,14,0,14,1162,8,21,0,1191,0,0,0,1191
11/22/2021,EWR,NJ,AEA,EN,Towers with Radar,1199,10,10,0,1219,0,10,0,4,14,1199,20,10,4,1233,0,0,0,1233
11/23/2021,EWR,NJ,AEA,EN,Towers with Radar,1240,32,10,0,1282,0,8,23,3,34,1240,40,33,3,1316,0,0,0,1316
11/24/2021,EWR,NJ,AEA,EN,Towers with Radar,1247,26,9,0,1282,0,4,29,1,34,1247,30,38,1,1316,0,0,0,1316
11/25/2021,EWR,NJ,AEA,EN,Towers with Radar,804,3,1,0,808,0,2,15,0,17,804,5,16,0,825,0,0,0,825
11/26/2021,EWR,NJ,AEA,EN,Towers with Radar,1026,8,2,0,1036,0,9,9,0,18,1026,17,11,0,1054,0,0,0,1054
11/27/2021,EWR,NJ,AEA,EN,Towers with Radar,1039,12,7,2,1060,0,0,35,0,35,1039,12,42,2,1095,0,0,0,1095
11/28/2021,EWR,NJ,AEA,EN,Towers with Radar,1164,29,28,0,1221,0,12,7,0,19,1164,41,35,0,1240,0,0,0,1240
11/29/2021,EWR,NJ,AEA,EN,Towers with Radar,1211,21,9,0,1241,0,2,22,0,24,1211,23,31,0,1265,0,0,0,1265
11/30/2021,EWR,NJ,AEA,EN,Towers with Radar,1240,27,5,0,1272,0,4,14,0,18,1240,31,19,0,1290,0,0,0,1290
12/01/2021,EWR,NJ,AEA,EN,Towers with Radar,1202,35,16,0,1253,0,10,22,0,32,1202,45,38,0,1285,0,0,0,1285
12/02/2021,EWR,NJ,AEA,EN,Towers with Radar,1238,31,20,0,1289,0,9,24,0,33,1238,40,44,0,1322,0,0,0,1322
12/03/2021,EWR,NJ,AEA,EN,Towers with Radar,1204,43,9,0,1256,0,21,30,0,51,1204,64,39,0,1307,0,0,0,1307
12/04/2021,EWR,NJ,AEA,EN,Towers with Radar,774,14,9,0,797,0,1,31,0,32,774,15,40,0,829,0,0,0,829
12/05/2021,EWR,NJ,AEA,EN,Towers with Radar,1024,0,8,0,1032,0,6,10,2,18,1024,6,18,2,1050,0,0,0,1050
12/06/2021,EWR,NJ,AEA,EN,Towers with Radar,1118,11,14,0,1143,0,6,20,0,26,1118,17,34,0,1169,0,0,0,1169
12/07/2021,EWR,NJ,AEA,EN,Towers with Radar,1196,29,6,0,1231,0,10,9,0,19,1196,39,15,0,1250,0,0,0,1250
12/08/2021,EWR,NJ,AEA,EN,Towers with Radar,1090,32,24,0,1146,0,20,6,3,29,1090,52,30,3,1175,0,0,0,1175
12/09/2021,EWR,NJ,AEA,EN,Towers with Radar,1229,38,12,0,1279,0,11,35,2,48,1229,49,47,2,1327,0,0,0,1327
12/10/2021,EWR,NJ,AEA,EN,Towers with Radar,1169,34,8,0,1211,0,28,25,6,59,1169,62,33,6,1270,0,0,0,1270
12/11/2021,EWR,NJ,AEA,EN,Towers with Radar,744,37,17,6,804,0,0,0,2,2,744,37,17,8,806,0,0,0,806
12/12/2021,EWR,NJ,AEA,EN,Towers with Radar,1009,10,14,0,1033,0,12,15,2,29,1009,22,29,2,1062,0,0,0,1062
12/13/2021,EWR,NJ,AEA,EN,Towers with Radar,1152,15,9,1,1177,0,0,25,3,28,1152,15,34,4,1205,0,0,0,1205
12/14/2021,EWR,NJ,AEA,EN,Towers with Radar,1185,34,8,0,1227,0,6,13,0,19,1185,40,21,0,1246,0,0,0,1246
12/15/2021,EWR,NJ,AEA,EN,Towers with Radar,1136,40,12,0,1188,0,4,16,1,21,1136,44,28,1,1209,0,0,0,1209
12/16/2021,EWR,NJ,AEA,EN,Towers with Radar,1194,31,16,0,1241,0,6,26,2,34,1194,37,42,2,1275,0,0,0,1275
12/17/2021,EWR,NJ,AEA,EN,Towers with Radar,1255,41,7,0,1303,0,2,38,0,40,1255,43,45,0,1343,0,0,0,1343
12/18/2021,EWR,NJ,AEA,EN,Towers with Radar,848,25,5,0,878,0,2,3,0,5,848,27,8,0,883,0,0,0,883
12/19/2021,EWR,NJ,AEA,EN,Towers with Radar,1035,7,5,0,1047,0,0,30,0,30,1035,7,35,0,1077,0,0,0,1077
12/20/2021,EWR,NJ,AEA,EN,Towers with Radar,1197,17,6,0,1220,0,0,33,1,34,1197,17,39,1,1254,0,0,0,1254
12/21/2021,EWR,NJ,AEA,EN,Towers with Radar,1273,29,11,0,1313,0,11,6,4,21,1273,40,17,4,1334,0,0,0,1334
12/22/2021,EWR,NJ,AEA,EN,Towers with Radar,1268,29,3,0,1300,0,8,7,4,19,1268,37,10,4,1319,0,0,0,1319
12/23/2021,EWR,NJ,AEA,EN,Towers with Radar,1246,32,4,1,1283,0,12,30,3,45,1246,44,34,4,1328,0,0,0,1328
12/24/2021,EWR,NJ,AEA,EN,Towers with Radar,964,25,3,0,992,0,6,5,0,11,964,31,8,0,1003,0,0,0,1003
12/25/2021,EWR,NJ,AEA,EN,Towers with Radar,820,3,3,0,826,0,0,0,0,0,820,3,3,0,826,0,0,0,826
12/26/2021,EWR,NJ,AEA,EN,Towers with Radar,1034,11,3,0,1048,0,0,23,0,23,1034,11,26,0,1071,0,0,0,1071
12/27/2021,EWR,NJ,AEA,EN,Towers with Radar,1044,8,16,0,1068,0,1,17,3,21,1044,9,33,3,1089,0,0,0,1089
12/28/2021,EWR,NJ,AEA,EN,Towers with Radar,1134,6,1,0,1141,0,1,10,0,11,1134,7,11,0,1152,0,0,0,1152
12/29/2021,EWR,NJ,AEA,EN,Towers with Radar,1116,17,5,2,1140,0,4,0,0,4,1116,21,5,2,1144,0,0,0,1144
12/30/2021,EWR,NJ,AEA,EN,Towers with Radar,1056,24,7,0,1087,0,0,5,0,5,1056,24,12,0,1092,0,0,0,1092
12/31/2021,EWR,NJ,AEA,EN,Towers with Radar,899,21,1,0,921,0,4,8,0,12,899,25,9,0,933,0,0,0,933
01/01/2022,EWR,NJ,AEA,EN,Towers with Radar,863,9,5,0,877,0,0,0,0,0,863,9,5,0,877,0,0,0,877
01/02/2022,EWR,NJ,AEA,EN,Towers with Radar,1039,11,17,0,1067,0,0,15,0,15,1039,11,32,0,1082,0,0,0,1082
01/03/2022,EWR,NJ,AEA,EN,Towers with Radar,1026,18,7,0,1051,1,6,5,1,13,1027,24,12,1,1064,0,0,0,1064
01/04/2022,EWR,NJ,AEA,EN,Towers with Radar,1055,35,3,0,1093,0,6,14,2,22,1055,41,17,2,1115,0,0,0,1115
01/05/2022,EWR,NJ,AEA,EN,Towers with Radar,964,25,12,0,1001,0,4,5,0,9,964,29,17,0,1010,0,0,0,1010
01/06/2022,EWR,NJ,AEA,EN,Towers with Radar,990,30,4,0,1024,0,4,15,1,20,990,34,19,1,1044,0,0,0,1044
01/07/2022,EWR,NJ,AEA,EN,Towers with Radar,851,19,6,0,876,0,0,4,0,4,851,19,10,0,880,0,0,0,880
01/08/2022,EWR,NJ,AEA,EN,Towers with Radar,657,6,5,0,668,0,0,11,0,11,657,6,16,0,679,0,0,0,679
01/09/2022,EWR,NJ,AEA,EN,Towers with Radar,866,3,13,0,882,0,0,0,0,0,866,3,13,0,882,0,0,0,882
01/10/2022,EWR,NJ,AEA,EN,Towers with Radar,1020,12,1,0,1033,0,2,19,0,21,1020,14,20,0,1054,0,0,0,1054
01/11/2022,EWR,NJ,AEA,EN,Towers with Radar,972,19,7,0,998,0,4,10,0,14,972,23,17,0,1012,0,0,0,1012
01/12/2022,EWR,NJ,AEA,EN,Towers with Radar,988,23,5,0,1016,0,5,12,2,19,988,28,17,2,1035,0,0,0,1035
01/13/2022,EWR,NJ,AEA,EN,Towers with Radar,1042,28,8,0,1078,0,4,17,2,23,1042,32,25,2,1101,0,0,0,1101
01/14/2022,EWR,NJ,AEA,EN,Towers with Radar,1025,21,11,0,1057,0,15,11,3,29,1025,36,22,3,1086,0,0,0,1086
01/15/2022,EWR,NJ,AEA,EN,Towers with Radar,714,7,2,0,723,0,2,0,2,4,714,9,2,2,727,0,0,0,727
01/16/2022,EWR,NJ,AEA,EN,Towers with Radar,784,2,6,0,792,1,0,7,0,8,785,2,13,0,800,0,0,0,800
01/17/2022,EWR,NJ,AEA,EN,Towers with Radar,943,5,3,0,951,0,2,13,0,15,943,7,16,0,966,0,0,0,966
01/18/2022,EWR,NJ,AEA,EN,Towers with Radar,1031,20,5,0,1056,0,6,16,1,23,1031,26,21,1,1079,0,0,0,1079
01/19/2022,EWR,NJ,AEA,EN,Towers with Radar,1014,29,3,0,1046,0,6,12,1,19,1014,35,15,1,1065,0,0,0,1065
01/20/2022,EWR,NJ,AEA,EN,Towers with Radar,1016,15,11,2,1044,0,0,9,3,12,1016,15,20,5,1056,0,0,0,1056
01/21/2022,EWR,NJ,AEA,EN,Towers with Radar,1069,27,6,0,1102,0,8,12,0,20,1069,35,18,0,1122,0,0,0,1122
01/22/2022,EWR,NJ,AEA,EN,Towers with Radar,706,4,3,0,713,0,1,6,0,7,706,5,9,0,720,0,0,0,720
01/23/2022,EWR,NJ,AEA,EN,Towers with Radar,910,10,6,0,926,0,0,4,4,8,910,10,10,4,934,0,0,0,934
01/24/2022,EWR,NJ,AEA,EN,Towers with Radar,1026,17,8,0,1051,0,0,17,0,17,1026,17,25,0,1068,0,0,0,1068
01/25/2022,EWR,NJ,AEA,EN,Towers with Radar,1025,30,4,0,1059,0,6,6,3,15,1025,36,10,3,1074,0,0,0,1074
01/26/2022,EWR,NJ,AEA,EN,Towers with Radar,1017,29,6,0,1052,0,4,21,1,26,1017,33,27,1,1078,0,0,0,1078
01/27/2022,EWR,NJ,AEA,EN,Towers with Radar,1109,34,10,0,1153,0,6,21,1,28,1109,40,31,1,1181,0,0,0,1181
01/28/2022,EWR,NJ,AEA,EN,Towers with Radar,955,25,6,0,986,0,4,6,1,11,955,29,12,1,997,0,0,0,997
01/29/2022,EWR,NJ,AEA,EN,Towers with Radar,47,6,3,0,56,0,0,0,0,0,47,6,3,0,56,0,0,0,56
01/30/2022,EWR,NJ,AEA,EN,Towers with Radar,867,11,9,1,888,0,8,1,0,9,867,19,10,1,897,0,0,0,897
01/31/2022,EWR,NJ,AEA,EN,Towers with Radar,1033,18,9,0,1060,0,0,15,1,16,1033,18,24,1,1076,0,0,0,1076
02/01/2022,EWR,NJ,AEA,EN,Towers with Radar,1067,39,3,0,1109,0,6,19,2,27,1067,45,22,2,1136,0,0,0,1136
02/02/2022,EWR,NJ,AEA,EN,Towers with Radar,970,27,4,0,1001,0,2,17,1,20,970,29,21,1,1021,0,0,0,1021
02/03/2022,EWR,NJ,AEA,EN,Towers with Radar,881,25,5,0,911,0,0,0,0,0,881,25,5,0,911,0,0,0,911
02/04/2022,EWR,NJ,AEA,EN,Towers with Radar,694,15,7,0,716,0,0,0,0,0,694,15,7,0,716,0,0,0,716
02/05/2022,EWR,NJ,AEA,EN,Towers with Radar,661,10,7,0,678,0,1,17,0,18,661,11,24,0,696,0,0,0,696
02/06/2022,EWR,NJ,AEA,EN,Towers with Radar,926,4,12,0,942,0,0,9,2,11,926,4,21,2,953,0,0,0,953
02/07/2022,EWR,NJ,AEA,EN,Towers with Radar,1040,4,12,0,1056,0,4,0,0,4,1040,8,12,0,1060,0,0,0,1060
02/08/2022,EWR,NJ,AEA,EN,Towers with Radar,1047,37,2,0,1086,0,6,17,0,23,1047,43,19,0,1109,0,0,0,1109
02/09/2022,EWR,NJ,AEA,EN,Towers with Radar,1056,38,1,0,1095,0,6,6,0,12,1056,44,7,0,1107,0,0,0,1107
02/10/2022,EWR,NJ,AEA,EN,Towers with Radar,1092,36,5,1,1134,0,4,25,0,29,1092,40,30,1,1163,0,0,0,1163
02/11/2022,EWR,NJ,AEA,EN,Towers with Radar,1083,28,5,3,1119,0,11,23,0,34,1083,39,28,3,1153,0,0,0,1153
02/12/2022,EWR,NJ,AEA,EN,Towers with Radar,720,3,4,0,727,0,0,19,0,19,720,3,23,0,746,0,0,0,746
02/13/2022,EWR,NJ,AEA,EN,Towers with Radar,920,10,6,0,936,0,0,0,0,0,920,10,6,0,936,0,0,0,936
02/14/2022,EWR,NJ,AEA,EN,Towers with Radar,1084,14,5,0,1103,0,3,12,0,15,1084,17,17,0,1118,0,0,0,1118
02/15/2022,EWR,NJ,AEA,EN,Towers with Radar,1070,38,18,0,1126,0,4,16,0,20,1070,42,34,0,1146,0,0,0,1146
02/16/2022,EWR,NJ,AEA,EN,Towers with Radar,1074,39,7,0,1120,0,5,13,0,18,1074,44,20,0,1138,0,0,0,1138
02/17/2022,EWR,NJ,AEA,EN,Towers with Radar,1078,28,11,0,1117,0,8,18,0,26,1078,36,29,0,1143,0,0,0,1143
02/18/2022,EWR,NJ,AEA,EN,Towers with Radar,1159,10,7,0,1176,0,0,17,0,17,1159,10,24,0,1193,0,0,0,1193
02/19/2022,EWR,NJ,AEA,EN,Towers with Radar,786,7,0,0,793,0,0,13,0,13,786,7,13,0,806,0,0,0,806
02/20/2022,EWR,NJ,AEA,EN,Towers with Radar,972,16,5,0,993,0,0,14,0,14,972,16,19,0,1007,0,0,0,1007
02/21/2022,EWR,NJ,AEA,EN,Towers with Radar,1095,19,13,0,1127,0,2,13,0,15,1095,21,26,0,1142,0,0,0,1142
02/22/2022,EWR,NJ,AEA,EN,Towers with Radar,1055,42,11,0,1108,0,0,4,0,4,1055,42,15,0,1112,0,0,0,1112
02/23/2022,EWR,NJ,AEA,EN,Towers with Radar,1124,32,3,0,1159,0,6,21,1,28,1124,38,24,1,1187,0,0,0,1187
02/24/2022,EWR,NJ,AEA,EN,Towers with Radar,1083,24,6,0,1113,0,10,18,1,29,1083,34,24,1,1142,0,0,0,1142
02/25/2022,EWR,NJ,AEA,EN,Towers with Radar,943,14,8,0,965,0,0,11,0,11,943,14,19,0,976,0,0,0,976
02/26/2022,EWR,NJ,AEA,EN,Towers with Radar,770,10,9,0,789,0,1,7,0,8,770,11,16,0,797,0,0,0,797
02/27/2022,EWR,NJ,AEA,EN,Towers with Radar,1000,12,9,0,1021,0,0,14,0,14,1000,12,23,0,1035,0,0,0,1035
02/28/2022,EWR,NJ,AEA,EN,Towers with Radar,1098,12,9,0,1119,0,1,21,0,22,1098,13,30,0,1141,0,0,0,1141
03/01/2022,EWR,NJ,AEA,EN,Towers with Radar,1107,32,10,0,1149,0,5,17,0,22,1107,37,27,0,1171,0,0,0,1171
03/02/2022,EWR,NJ,AEA,EN,Towers with Radar,1084,28,7,0,1119,0,4,15,0,19,1084,32,22,0,1138,0,0,0,1138
03/03/2022,EWR,NJ,AEA,EN,Towers with Radar,1135,36,13,0,1184,0,6,28,4,38,1135,42,41,4,1222,0,0,0,1222
03/04/2022,EWR,NJ,AEA,EN,Towers with Radar,1114,34,12,0,1160,0,5,19,1,25,1114,39,31,1,1185,0,0,0,1185
03/05/2022,EWR,NJ,AEA,EN,Towers with Radar,740,5,2,0,747,0,1,5,0,6,740,6,7,0,753,0,0,0,753
03/06/2022,EWR,NJ,AEA,EN,Towers with Radar,986,1,4,0,991,0,0,6,0,6,986,1,10,0,997,0,0,0,997
03/07/2022,EWR,NJ,AEA,EN,Towers with Radar,1041,10,7,0,1058,0,0,9,0,9,1041,10,16,0,1067,0,0,0,1067
03/08/2022,EWR,NJ,AEA,EN,Towers with Radar,1140,39,14,0,1193,0,6,13,4,23,1140,45,27,4,1216,0,0,0,1216
03/09/2022,EWR,NJ,AEA,EN,Towers with Radar,1000,26,15,0,1041,0,0,0,0,0,1000,26,15,0,1041,0,0,0,1041
03/10/2022,EWR,NJ,AEA,EN,Towers with Radar,1154,34,8,0,1196,0,4,28,0,32,1154,38,36,0,1228,0,0,0,1228
03/11/2022,EWR,NJ,AEA,EN,Towers with Radar,1130,30,11,0,1171,0,4,23,2,29,1130,34,34,2,1200,0,0,0,1200
03/12/2022,EWR,NJ,AEA,EN,Towers with Radar,696,14,9,0,719,0,0,0,0,0,696,14,9,0,719,0,0,0,719
03/13/2022,EWR,NJ,AEA,EN,Towers with Radar,978,8,17,0,1003,0,0,15,0,15,978,8,32,0,1018,0,0,0,1018
03/14/2022,EWR,NJ,AEA,EN,Towers with Radar,1102,14,8,0,1124,0,0,21,0,21,1102,14,29,0,1145,0,0,0,1145
03/15/2022,EWR,NJ,AEA,EN,Towers with Radar,1109,38,5,0,1152,0,4,19,0,23,1109,42,24,0,1175,0,0,0,1175
03/16/2022,EWR,NJ,AEA,EN,Towers with Radar,1085,40,5,2,1132,0,4,22,2,28,1085,44,27,4,1160,0,0,0,1160
03/17/2022,EWR,NJ,AEA,EN,Towers with Radar,1117,34,12,0,1163,0,0,0,0,0,1117,34,12,0,1163,0,0,0,1163
03/18/2022,EWR,NJ,AEA,EN,Towers with Radar,1133,35,9,0,1177,0,1,27,5,33,1133,36,36,5,1210,0,0,0,1210
03/19/2022,EWR,NJ,AEA,EN,Towers with Radar,750,13,7,0,770,0,0,1,2,3,750,13,8,2,773,0,0,0,773
03/20/2022,EWR,NJ,AEA,EN,Towers with Radar,1017,14,7,0,1038,0,0,14,0,14,1017,14,21,0,1052,0,0,0,1052
03/21/2022,EWR,NJ,AEA,EN,Towers with Radar,1090,18,11,0,1119,0,0,31,0,31,1090,18,42,0,1150,0,0,0,1150
03/22/2022,EWR,NJ,AEA,EN,Towers with Radar,1107,33,9,2,1151,0,4,9,2,15,1107,37,18,4,1166,0,0,0,1166
03/23/2022,EWR,NJ,AEA,EN,Towers with Radar,1085,29,7,2,1123,0,6,15,0,21,1085,35,22,2,1144,0,0,0,1144
03/24/2022,EWR,NJ,AEA,EN,Towers with Radar,1100,29,3,0,1132,0,0,0,0,0,1100,29,3,0,1132,0,0,0,1132
03/25/2022,EWR,NJ,AEA,EN,Towers with Radar,1157,30,18,0,1205,0,4,39,0,43,1157,34,57,0,1248,0,0,0,1248
03/26/2022,EWR,NJ,AEA,EN,Towers with Radar,772,19,9,0,800,0,1,12,0,13,772,20,21,0,813,0,0,0,813
03/27/2022,EWR,NJ,AEA,EN,Towers with Radar,1026,6,12,0,1044,0,0,11,0,11,1026,6,23,0,1055,0,0,0,1055
03/28/2022,EWR,NJ,AEA,EN,Towers with Radar,1172,17,16,0,1205,0,0,29,0,29,1172,17,45,0,1234,0,0,0,1234
03/29/2022,EWR,NJ,AEA,EN,Towers with Radar,1187,31,12,0,1230,0,6,6,0,12,1187,37,18,0,1242,0,0,0,1242
03/30/2022,EWR,NJ,AEA,EN,Towers with Radar,1162,34,11,0,1207,0,8,17,0,25,1162,42,28,0,1232,0,0,0,1232
03/31/2022,EWR,NJ,AEA,EN,Towers with Radar,961,32,10,0,1003,0,0,13,0,13,961,32,23,0,1016,0,0,0,1016
04/01/2022,EWR,NJ,AEA,EN,Towers with Radar,1215,35,8,0,1258,0,5,36,0,41,1215,40,44,0,1299,0,0,0,1299
04/02/2022,EWR,NJ,AEA,EN,Towers with Radar,771,8,9,0,788,0,0,20,4,24,771,8,29,4,812,0,0,0,812
04/03/2022,EWR,NJ,AEA,EN,Towers with Radar,1016,6,10,0,1032,0,0,0,0,0,1016,6,10,0,1032,0,0,0,1032
04/04/2022,EWR,NJ,AEA,EN,Towers with Radar,1137,15,11,0,1163,0,10,16,0,26,1137,25,27,0,1189,0,0,0,1189
04/05/2022,EWR,NJ,AEA,EN,Towers with Radar,1172,37,10,0,1219,0,4,25,0,29,1172,41,35,0,1248,0,0,0,1248
04/06/2022,EWR,NJ,AEA,EN,Towers with Radar,1159,37,8,0,1204,0,0,2,0,2,1159,37,10,0,1206,0,0,0,1206
04/07/2022,EWR,NJ,AEA,EN,Towers with Radar,949,37,16,0,1002,0,0,0,0,0,949,37,16,0,1002,0,0,0,1002
04/08/2022,EWR,NJ,AEA,EN,Towers with Radar,1189,38,18,0,1245,0,6,34,0,40,1189,44,52,0,1285,0,0,0,1285
04/09/2022,EWR,NJ,AEA,EN,Towers with Radar,819,5,2,0,826,0,0,17,0,17,819,5,19,0,843,0,0,0,843
04/10/2022,EWR,NJ,AEA,EN,Towers with Radar,955,14,9,0,978,0,0,18,0,18,955,14,27,0,996,0,0,0,996
04/11/2022,EWR,NJ,AEA,EN,Towers with Radar,1176,20,7,0,1203,0,0,15,0,15,1176,20,22,0,1218,0,0,0,1218
04/12/2022,EWR,NJ,AEA,EN,Towers with Radar,1205,38,9,0,1252,0,14,11,1,26,1205,52,20,1,1278,0,0,0,1278
04/13/2022,EWR,NJ,AEA,EN,Towers with Radar,1175,30,10,0,1215,0,4,20,1,25,1175,34,30,1,1240,0,0,0,1240
04/14/2022,EWR,NJ,AEA,EN,Towers with Radar,1083,38,6,0,1127,0,11,30,0,41,1083,49,36,0,1168,0,0,0,1168
04/15/2022,EWR,NJ,AEA,EN,Towers with Radar,1211,23,15,0,1249,0,4,29,0,33,1211,27,44,0,1282,0,0,0,1282
04/16/2022,EWR,NJ,AEA,EN,Towers with Radar,846,5,5,0,856,0,2,16,0,18,846,7,21,0,874,0,0,0,874
04/17/2022,EWR,NJ,AEA,EN,Towers with Radar,1045,4,9,0,1058,0,0,33,0,33,1045,4,42,0,1091,0,0,0,1091
04/18/2022,EWR,NJ,AEA,EN,Towers with Radar,1168,17,11,0,1196,0,2,26,0,28,1168,19,37,0,1224,0,0,0,1224
04/19/2022,EWR,NJ,AEA,EN,Towers with Radar,1187,28,7,0,1222,0,4,6,0,10,1187,32,13,0,1232,0,0,0,1232
04/20/2022,EWR,NJ,AEA,EN,Towers with Radar,1210,35,10,1,1256,0,4,23,0,27,1210,39,33,1,1283,0,0,0,1283
04/21/2022,EWR,NJ,AEA,EN,Towers with Radar,1230,38,12,1,1281,0,18,18,0,36,1230,56,30,1,1317,0,0,0,1317
04/22/2022,EWR,NJ,AEA,EN,Towers with Radar,1243,28,12,0,1283,0,9,23,8,40,1243,37,35,8,1323,0,0,0,1323
04/23/2022,EWR,NJ,AEA,EN,Towers with Radar,836,14,7,0,857,0,4,10,0,14,836,18,17,0,871,0,0,0,871
04/24/2022,EWR,NJ,AEA,EN,Towers with Radar,1076,23,19,0,1118,0,0,22,4,26,1076,23,41,4,1144,0,0,0,1144
04/25/2022,EWR,NJ,AEA,EN,Towers with Radar,1199,21,13,0,1233,0,3,22,0,25,1199,24,35,0,1258,0,0,0,1258
04/26/2022,EWR,NJ,AEA,EN,Towers with Radar,1205,33,8,0,1246,0,6,7,0,13,1205,39,15,0,1259,0,0,0,1259
04/27/2022,EWR,NJ,AEA,EN,Towers with Radar,1207,31,18,0,1256,0,18,10,5,33,1207,49,28,5,1289,0,0,0,1289
04/28/2022,EWR,NJ,AEA,EN,Towers with Radar,1233,34,10,0,1277,0,4,20,1,25,1233,38,30,1,1302,0,0,0,1302
04/29/2022,EWR,NJ,AEA,EN,Towers with Radar,1224,25,10,0,1259,0,4,50,0,54,1224,29,60,0,1313,0,0,0,1313
04/30/2022,EWR,NJ,AEA,EN,Towers with Radar,1083,14,6,0,1103,0,0,13,2,15,1083,14,19,2,1118,0,0,0,1118
05/01/2022,EWR,NJ,AEA,EN,Towers with Radar,1159,5,16,0,1180,0,0,18,7,25,1159,5,34,7,1205,0,0,0,1205
05/02/2022,EWR,NJ,AEA,EN,Towers with Radar,1219,27,10,0,1256,0,0,2,0,2,1219,27,12,0,1258,0,0,0,1258
05/03/2022,EWR,NJ,AEA,EN,Towers with Radar,1291,39,15,0,1345,0,14,19,0,33,1291,53,34,0,1378,0,0,0,1378
05/04/2022,EWR,NJ,AEA,EN,Towers with Radar,1243,38,14,0,1295,0,0,0,0,0,1243,38,14,0,1295,0,0,0,1295
05/05/2022,EWR,NJ,AEA,EN,Towers with Radar,1273,39,11,0,1323,0,23,21,0,44,1273,62,32,0,1367,0,0,0,1367
05/06/2022,EWR,NJ,AEA,EN,Towers with Radar,1160,28,10,0,1198,0,4,7,0,11,1160,32,17,0,1209,0,0,0,1209
05/07/2022,EWR,NJ,AEA,EN,Towers with Radar,1027,6,9,0,1042,0,0,0,0,0,1027,6,9,0,1042,0,0,0,1042
05/08/2022,EWR,NJ,AEA,EN,Towers with Radar,1126,8,8,1,1143,0,2,16,0,18,1126,10,24,1,1161,0,0,0,1161
05/09/2022,EWR,NJ,AEA,EN,Towers with Radar,1241,19,26,0,1286,0,2,25,0,27,1241,21,51,0,1313,0,0,0,1313
05/10/2022,EWR,NJ,AEA,EN,Towers with Radar,1248,41,15,0,1304,0,18,12,3,33,1248,59,27,3,1337,0,0,0,1337
05/11/2022,EWR,NJ,AEA,EN,Towers with Radar,1228,45,15,0,1288,0,6,24,1,31,1228,51,39,1,1319,0,0,0,1319
05/12/2022,EWR,NJ,AEA,EN,Towers with Radar,1253,37,10,0,1300,0,16,13,1,30,1253,53,23,1,1330,0,0,0,1330
05/13/2022,EWR,NJ,AEA,EN,Towers with Radar,1139,36,19,0,1194,0,0,8,0,8,1139,36,27,0,1202,0,0,0,1202
05/14/2022,EWR,NJ,AEA,EN,Towers with Radar,1045,20,3,1,1069,0,0,2,0,2,1045,20,5,1,1071,0,0,0,1071
05/15/2022,EWR,NJ,AEA,EN,Towers with Radar,1102,26,14,1,1143,0,0,25,2,27,1102,26,39,3,1170,0,0,0,1170
05/16/2022,EWR,NJ,AEA,EN,Towers with Radar,918,15,7,0,940,0,1,7,0,8,918,16,14,0,948,0,0,0,948
05/17/2022,EWR,NJ,AEA,EN,Towers with Radar,1214,26,17,1,1258,0,22,11,0,33,1214,48,28,1,1291,0,0,0,1291
05/18/2022,EWR,NJ,AEA,EN,Towers with Radar,1236,32,18,0,1286,0,7,27,0,34,1236,39,45,0,1320,0,0,0,1320
05/19/2022,EWR,NJ,AEA,EN,Towers with Radar,1220,36,23,0,1279,0,12,2,0,14,1220,48,25,0,1293,0,0,0,1293
05/20/2022,EWR,NJ,AEA,EN,Towers with Radar,978,32,18,0,1028,0,3,26,0,29,978,35,44,0,1057,0,0,0,1057
05/21/2022,EWR,NJ,AEA,EN,Towers with Radar,991,12,18,0,1021,0,4,22,4,30,991,16,40,4,1051,0,0,0,1051
05/22/2022,EWR,NJ,AEA,EN,Towers with Radar,936,16,10,0,962,0,0,22,0,22,936,16,32,0,984,0,0,0,984
05/23/2022,EWR,NJ,AEA,EN,Towers with Radar,1141,27,6,0,1174,0,0,17,6,23,1141,27,23,6,1197,0,0,0,1197
05/24/2022,EWR,NJ,AEA,EN,Towers with Radar,1252,46,12,0,1310,0,20,11,0,31,1252,66,23,0,1341,0,0,0,1341
05/25/2022,EWR,NJ,AEA,EN,Towers with Radar,1228,39,12,0,1279,0,4,26,0,30,1228,43,38,0,1309,0,0,0,1309
05/26/2022,EWR,NJ,AEA,EN,Towers with Radar,1250,38,16,0,1304,0,19,14,2,35,1250,57,30,2,1339,0,0,0,1339
05/27/2022,EWR,NJ,AEA,EN,Towers with Radar,1011,18,14,0,1043,0,0,9,1,10,1011,18,23,1,1053,0,0,0,1053
05/28/2022,EWR,NJ,AEA,EN,Towers with Radar,975,13,6,2,996,0,2,8,5,15,975,15,14,7,1011,0,0,0,1011
05/29/2022,EWR,NJ,AEA,EN,Towers with Radar,1048,5,2,0,1055,0,22,33,4,59,1048,27,35,4,1114,0,0,0,1114
05/30/2022,EWR,NJ,AEA,EN,Towers with Radar,1229,8,23,0,1260,0,16,13,0,29,1229,24,36,0,1289,0,0,0,1289
05/31/2022,EWR,NJ,AEA,EN,Towers with Radar,1183,16,17,0,1216,0,21,6,0,27,1183,37,23,0,1243,0,0,0,1243
06/01/2022,EWR,NJ,AEA,EN,Towers with Radar,932,27,23,0,982,0,4,13,0,17,932,31,36,0,999,0,0,0,999
06/02/2022,EWR,NJ,AEA,EN,Towers with Radar,976,40,10,0,1026,0,15,2,0,17,976,55,12,0,1043,0,0,0,1043
06/03/2022,EWR,NJ,AEA,EN,Towers with Radar,1211,22,14,0,1247,0,2,27,0,29,1211,24,41,0,1276,0,0,0,1276
06/04/2022,EWR,NJ,AEA,EN,Towers with Radar,1015,10,7,0,1032,0,2,21,6,29,1015,12,28,6,1061,0,0,0,1061
06/05/2022,EWR,NJ,AEA,EN,Towers with Radar,1131,15,11,0,1157,0,1,26,0,27,1131,16,37,0,1184,0,0,0,1184
06/06/2022,EWR,NJ,AEA,EN,Towers with Radar,1207,21,16,0,1244,0,2,21,1,24,1207,23,37,1,1268,0,0,0,1268
06/07/2022,EWR,NJ,AEA,EN,Towers with Radar,1228,38,12,0,1278,0,4,23,1,28,1228,42,35,1,1306,0,0,0,1306
06/08/2022,EWR,NJ,AEA,EN,Towers with Radar,1164,25,19,0,1208,0,6,15,0,21,1164,31,34,0,1229,0,0,0,1229
06/09/2022,EWR,NJ,AEA,EN,Towers with Radar,1213,40,12,0,1265,0,6,25,0,31,1213,46,37,0,1296,0,0,0,1296
06/10/2022,EWR,NJ,AEA,EN,Towers with Radar,1224,23,20,0,1267,0,10,41,0,51,1224,33,61,0,1318,0,0,0,1318
06/11/2022,EWR,NJ,AEA,EN,Towers with Radar,1066,10,10,0,1086,0,2,17,4,23,1066,12,27,4,1109,0,0,0,1109
06/12/2022,EWR,NJ,AEA,EN,Towers with Radar,925,8,8,0,941,0,10,6,0,16,925,18,14,0,957,0,0,0,957
06/13/2022,EWR,NJ,AEA,EN,Towers with Radar,1151,19,11,0,1181,0,6,26,0,32,1151,25,37,0,1213,0,0,0,1213
06/14/2022,EWR,NJ,AEA,EN,Towers with Radar,1169,38,15,0,1222,0,13,23,0,36,1169,51,38,0,1258,0,0,0,1258
06/15/2022,EWR,NJ,AEA,EN,Towers with Radar,1174,35,9,0,1218,0,6,22,0,28,1174,41,31,0,1246,0,0,0,1246
06/16/2022,EWR,NJ,AEA,EN,Towers with Radar,769,32,13,0,814,0,15,12,0,27,769,47,25,0,841,0,0,0,841
06/17/2022,EWR,NJ,AEA,EN,Towers with Radar,1111,31,17,0,1159,0,6,45,0,51,1111,37,62,0,1210,0,0,0,1210
06/18/2022,EWR,NJ,AEA,EN,Towers with Radar,1052,12,17,0,1081,0,2,21,0,23,1052,14,38,0,1104,0,0,0,1104
06/19/2022,EWR,NJ,AEA,EN,Towers with Radar,1042,23,17,0,1082,0,6,24,2,32,1042,29,41,2,1114,0,0,0,1114
06/20/2022,EWR,NJ,AEA,EN,Towers with Radar,1144,22,13,0,1179,0,0,34,0,34,1144,22,47,0,1213,0,0,0,1213
06/21/2022,EWR,NJ,AEA,EN,Towers with Radar,1169,28,19,0,1216,0,18,14,0,32,1169,46,33,0,1248,0,0,0,1248
06/22/2022,EWR,NJ,AEA,EN,Towers with Radar,922,28,23,0,973,0,4,8,0,12,922,32,31,0,985,0,0,0,985
06/23/2022,EWR,NJ,AEA,EN,Towers with Radar,1173,41,24,0,1238,0,22,11,0,33,1173,63,35,0,1271,0,0,0,1271
06/24/2022,EWR,NJ,AEA,EN,Towers with Radar,1137,32,16,0,1185,0,0,42,2,44,1137,32,58,2,1229,0,0,0,1229
06/25/2022,EWR,NJ,AEA,EN,Towers with Radar,1005,20,13,0,1038,0,4,24,2,30,1005,24,37,2,1068,0,0,0,1068
06/26/2022,EWR,NJ,AEA,EN,Towers with Radar,1057,14,16,0,1087,0,2,28,0,30,1057,16,44,0,1117,0,0,0,1117
06/27/2022,EWR,NJ,AEA,EN,Towers with Radar,1032,29,15,0,1076,0,4,19,0,23,1032,33,34,0,1099,0,0,0,1099
06/28/2022,EWR,NJ,AEA,EN,Towers with Radar,1125,38,10,0,1173,0,13,19,2,34,1125,51,29,2,1207,0,0,0,1207
06/29/2022,EWR,NJ,AEA,EN,Towers with Radar,1113,26,17,0,1156,0,10,38,2,50,1113,36,55,2,1206,0,0,0,1206
06/30/2022,EWR,NJ,AEA,EN,Towers with Radar,1175,34,12,0,1221,0,15,19,1,35,1175,49,31,1,1256,0,0,0,1256
07/01/2022,EWR,NJ,AEA,EN,Towers with Radar,1061,37,23,0,1121,0,10,25,5,40,1061,47,48,5,1161,0,0,0,1161
07/02/2022,EWR,NJ,AEA,EN,Towers with Radar,955,11,13,0,979,0,2,6,2,10,955,13,19,2,989,0,0,0,989
07/03/2022,EWR,NJ,AEA,EN,Towers with Radar,1035,11,9,0,1055,0,2,26,0,28,1035,13,35,0,1083,0,0,0,1083
07/04/2022,EWR,NJ,AEA,EN,Towers with Radar,1057,3,8,0,1068,0,1,37,0,38,1057,4,45,0,1106,0,0,0,1106
07/05/2022,EWR,NJ,AEA,EN,Towers with Radar,1041,16,10,0,1067,0,12,24,0,36,1041,28,34,0,1103,0,0,0,1103
07/06/2022,EWR,NJ,AEA,EN,Towers with Radar,1128,32,5,0,1165,0,10,21,0,31,1128,42,26,0,1196,0,0,0,1196
07/07/2022,EWR,NJ,AEA,EN,Towers with Radar,1129,29,8,0,1166,0,12,27,1,40,1129,41,35,1,1206,0,0,0,1206
07/08/2022,EWR,NJ,AEA,EN,Towers with Radar,1110,36,18,0,1164,0,6,33,2,41,1110,42,51,2,1205,0,0,0,1205
07/09/2022,EWR,NJ,AEA,EN,Towers with Radar,992,50,32,0,1074,0,0,12,2,14,992,50,44,2,1088,0,0,0,1088
07/10/2022,EWR,NJ,AEA,EN,Towers with Radar,1077,40,25,0,1142,0,0,28,2,30,1077,40,53,2,1172,0,0,0,1172
07/11/2022,EWR,NJ,AEA,EN,Towers with Radar,1097,22,8,0,1127,1,7,30,2,40,1098,29,38,2,1167,0,0,0,1167
07/12/2022,EWR,NJ,AEA,EN,Towers with Radar,1045,26,11,0,1082,0,6,20,0,26,1045,32,31,0,1108,0,0,0,1108
07/13/2022,EWR,NJ,AEA,EN,Towers with Radar,1128,39,11,0,1178,0,24,21,0,45,1128,63,32,0,1223,0,0,0,1223
07/14/2022,EWR,NJ,AEA,EN,Towers with Radar,1142,34,11,0,1187,0,4,31,1,36,1142,38,42,1,1223,0,0,0,1223
07/15/2022,EWR,NJ,AEA,EN,Towers with Radar,1135,35,20,0,1190,0,10,36,3,49,1135,45,56,3,1239,0,0,0,1239
07/16/2022,EWR,NJ,AEA,EN,Towers with Radar,977,28,23,0,1028,0,1,21,0,22,977,29,44,0,1050,0,0,0,1050
07/17/2022,EWR,NJ,AEA,EN,Towers with Radar,1080,23,27,0,1130,0,2,21,2,25,1080,25,48,2,1155,0,0,0,1155
07/18/2022,EWR,NJ,AEA,EN,Towers with Radar,799,11,15,0,825,0,0,11,1,12,799,11,26,1,837,0,0,0,837
07/19/2022,EWR,NJ,AEA,EN,Towers with Radar,1162,41,15,0,1218,0,5,40,0,45,1162,46,55,0,1263,0,0,0,1263
07/20/2022,EWR,NJ,AEA,EN,Towers with Radar,1109,38,21,0,1168,0,4,40,2,46,1109,42,61,2,1214,0,0,0,1214
07/21/2022,EWR,NJ,AEA,EN,Towers with Radar,1117,34,9,0,1160,0,6,45,0,51,1117,40,54,0,1211,0,0,0,1211
07/22/2022,EWR,NJ,AEA,EN,Towers with Radar,1133,30,19,0,1182,0,12,19,0,31,1133,42,38,0,1213,0,0,0,1213
07/23/2022,EWR,NJ,AEA,EN,Towers with Radar,972,35,21,0,1028,0,2,16,0,18,972,37,37,0,1046,0,0,0,1046
07/24/2022,EWR,NJ,AEA,EN,Towers with Radar,1040,20,11,0,1071,0,4,32,0,36,1040,24,43,0,1107,0,0,0,1107
07/25/2022,EWR,NJ,AEA,EN,Towers with Radar,957,17,10,0,984,0,0,25,0,25,957,17,35,0,1009,0,0,0,1009
07/26/2022,EWR,NJ,AEA,EN,Towers with Radar,1099,35,3,0,1137,0,5,29,2,36,1099,40,32,2,1173,0,0,0,1173
07/27/2022,EWR,NJ,AEA,EN,Towers with Radar,1101,46,5,0,1152,1,4,35,0,40,1102,50,40,0,1192,0,0,0,1192
07/28/2022,EWR,NJ,AEA,EN,Towers with Radar,1036,40,10,0,1086,0,9,43,3,55,1036,49,53,3,1141,0,0,0,1141
07/29/2022,EWR,NJ,AEA,EN,Towers with Radar,1129,39,17,0,1185,0,5,50,0,55,1129,44,67,0,1240,0,0,0,1240
07/30/2022,EWR,NJ,AEA,EN,Towers with Radar,990,30,16,0,1036,0,2,22,2,26,990,32,38,2,1062,0,0,0,1062
07/31/2022,EWR,NJ,AEA,EN,Towers with Radar,1057,31,10,0,1098,0,2,27,0,29,1057,33,37,0,1127,0,0,0,1127
08/01/2022,EWR,NJ,AEA,EN,Towers with Radar,1123,27,8,0,1158,0,0,21,0,21,1123,27,29,0,1179,0,0,0,1179
08/02/2022,EWR,NJ,AEA,EN,Towers with Radar,1158,38,7,0,1203,0,5,51,4,60,1158,43,58,4,1263,0,0,0,1263
08/03/2022,EWR,NJ,AEA,EN,Towers with Radar,1122,41,6,0,1169,0,5,21,0,26,1122,46,27,0,1195,0,0,0,1195
08/04/2022,EWR,NJ,AEA,EN,Towers with Radar,919,27,7,0,953,0,7,41,1,49,919,34,48,1,1002,0,0,0,1002
08/05/2022,EWR,NJ,AEA,EN,Towers with Radar,902,43,11,0,956,0,4,31,0,35,902,47,42,0,991,0,0,0,991
08/06/2022,EWR,NJ,AEA,EN,Towers with Radar,881,32,24,0,937,0,5,30,0,35,881,37,54,0,972,0,0,0,972
08/07/2022,EWR,NJ,AEA,EN,Towers with Radar,935,11,13,0,959,0,0,22,0,22,935,11,35,0,981,0,0,0,981
08/08/2022,EWR,NJ,AEA,EN,Towers with Radar,1023,25,7,0,1055,0,2,38,0,40,1023,27,45,0,1095,0,0,0,1095
08/09/2022,EWR,NJ,AEA,EN,Towers with Radar,1026,29,7,0,1062,0,6,22,0,28,1026,35,29,0,1090,0,0,0,1090
08/10/2022,EWR,NJ,AEA,EN,Towers with Radar,1082,39,9,0,1130,0,6,28,0,34,1082,45,37,0,1164,0,0,0,1164
08/11/2022,EWR,NJ,AEA,EN,Towers with Radar,1125,38,15,0,1178,0,6,36,0,42,1125,44,51,0,1220,0,0,0,1220
08/12/2022,EWR,NJ,AEA,EN,Towers with Radar,1145,36,20,0,1201,0,4,29,0,33,1145,40,49,0,1234,0,0,0,1234
08/13/2022,EWR,NJ,AEA,EN,Towers with Radar,1003,31,33,0,1067,0,2,18,2,22,1003,33,51,2,1089,0,0,0,1089
08/14/2022,EWR,NJ,AEA,EN,Towers with Radar,1085,18,16,0,1119,0,1,40,0,41,1085,19,56,0,1160,0,0,0,1160
08/15/2022,EWR,NJ,AEA,EN,Towers with Radar,1117,24,17,0,1158,0,2,41,0,43,1117,26,58,0,1201,0,0,0,1201
08/16/2022,EWR,NJ,AEA,EN,Towers with Radar,1162,36,13,0,1211,0,4,41,0,45,1162,40,54,0,1256,0,0,0,1256
08/17/2022,EWR,NJ,AEA,EN,Towers with Radar,1105,32,11,0,1148,0,4,45,0,49,1105,36,56,0,1197,0,0,0,1197
08/18/2022,EWR,NJ,AEA,EN,Towers with Radar,1155,29,17,1,1202,0,4,50,2,56,1155,33,67,3,1258,0,0,0,1258
08/19/2022,EWR,NJ,AEA,EN,Towers with Radar,1141,28,8,1,1178,0,6,38,0,44,1141,34,46,1,1222,0,0,0,1222
08/20/2022,EWR,NJ,AEA,EN,Towers with Radar,1010,25,26,0,1061,0,3,30,0,33,1010,28,56,0,1094,0,0,0,1094
08/21/2022,EWR,NJ,AEA,EN,Towers with Radar,1062,20,16,0,1098,0,4,49,1,54,1062,24,65,1,1152,0,0,0,1152
08/22/2022,EWR,NJ,AEA,EN,Towers with Radar,721,12,6,0,739,1,4,5,0,10,722,16,11,0,749,0,0,0,749
08/23/2022,EWR,NJ,AEA,EN,Towers with Radar,1046,33,14,0,1093,0,0,36,0,36,1046,33,50,0,1129,0,0,0,1129
08/24/2022,EWR,NJ,AEA,EN,Towers with Radar,1139,35,10,0,1184,0,4,25,0,29,1139,39,35,0,1213,0,0,0,1213
08/25/2022,EWR,NJ,AEA,EN,Towers with Radar,1175,41,6,0,1222,0,20,23,2,45,1175,61,29,2,1267,0,0,0,1267
08/26/2022,EWR,NJ,AEA,EN,Towers with Radar,998,41,21,0,1060,1,4,36,0,41,999,45,57,0,1101,0,0,0,1101
08/27/2022,EWR,NJ,AEA,EN,Towers with Radar,986,46,20,0,1052,0,1,25,0,26,986,47,45,0,1078,0,0,0,1078
08/28/2022,EWR,NJ,AEA,EN,Towers with Radar,1084,23,16,0,1123,0,10,29,0,39,1084,33,45,0,1162,0,0,0,1162
08/29/2022,EWR,NJ,AEA,EN,Towers with Radar,1084,18,12,0,1114,0,18,17,0,35,1084,36,29,0,1149,0,0,0,1149
08/30/2022,EWR,NJ,AEA,EN,Towers with Radar,923,32,8,0,963,0,4,18,0,22,923,36,26,0,985,0,0,0,985
08/31/2022,EWR,NJ,AEA,EN,Towers with Radar,1155,38,13,0,1206,0,15,22,0,37,1155,53,35,0,1243,0,0,0,1243
09/01/2022,EWR,NJ,AEA,EN,Towers with Radar,1167,37,14,0,1218,0,23,23,0,46,1167,60,37,0,1264,0,0,0,1264
09/02/2022,EWR,NJ,AEA,EN,Towers with Radar,1141,33,4,0,1178,0,26,27,2,55,1141,59,31,2,1233,0,0,0,1233
09/03/2022,EWR,NJ,AEA,EN,Towers with Radar,981,5,4,0,990,0,1,25,0,26,981,6,29,0,1016,0,0,0,1016
09/04/2022,EWR,NJ,AEA,EN,Towers with Radar,1009,7,10,0,1026,0,5,14,0,19,1009,12,24,0,1045,0,0,0,1045
09/05/2022,EWR,NJ,AEA,EN,Towers with Radar,1090,9,14,0,1113,0,2,31,0,33,1090,11,45,0,1146,0,0,0,1146
09/06/2022,EWR,NJ,AEA,EN,Towers with Radar,1123,17,14,0,1154,0,4,0,0,4,1123,21,14,0,1158,0,0,0,1158
09/07/2022,EWR,NJ,AEA,EN,Towers with Radar,1104,43,23,0,1170,0,4,24,0,28,1104,47,47,0,1198,0,0,0,1198
09/08/2022,EWR,NJ,AEA,EN,Towers with Radar,1116,49,15,0,1180,0,5,56,0,61,1116,54,71,0,1241,0,0,0,1241
09/09/2022,EWR,NJ,AEA,EN,Towers with Radar,1113,36,15,0,1164,0,11,51,0,62,1113,47,66,0,1226,0,0,0,1226
09/10/2022,EWR,NJ,AEA,EN,Towers with Radar,954,17,4,0,975,0,15,28,0,43,954,32,32,0,1018,0,0,0,1018
09/11/2022,EWR,NJ,AEA,EN,Towers with Radar,1041,27,21,0,1089,0,11,19,2,32,1041,38,40,2,1121,0,0,0,1121
09/12/2022,EWR,NJ,AEA,EN,Towers with Radar,1051,29,16,0,1096,0,0,32,0,32,1051,29,48,0,1128,0,0,0,1128
09/13/2022,EWR,NJ,AEA,EN,Towers with Radar,1140,40,18,0,1198,0,6,28,0,34,1140,46,46,0,1232,0,0,0,1232
09/14/2022,EWR,NJ,AEA,EN,Towers with Radar,1104,45,18,2,1169,0,6,44,3,53,1104,51,62,5,1222,0,0,0,1222
09/15/2022,EWR,NJ,AEA,EN,Towers with Radar,1146,28,13,1,1188,0,8,49,0,57,1146,36,62,1,1245,0,0,0,1245
09/16/2022,EWR,NJ,AEA,EN,Towers with Radar,913,25,8,0,946,0,6,51,0,57,913,31,59,0,1003,0,0,0,1003
09/17/2022,EWR,NJ,AEA,EN,Towers with Radar,776,8,17,0,801,0,4,29,1,34,776,12,46,1,835,0,0,0,835
09/18/2022,EWR,NJ,AEA,EN,Towers with Radar,836,14,15,4,869,0,2,53,3,58,836,16,68,7,927,0,0,0,927
09/19/2022,EWR,NJ,AEA,EN,Towers with Radar,840,11,17,1,869,0,1,37,0,38,840,12,54,1,907,0,0,0,907
09/20/2022,EWR,NJ,AEA,EN,Towers with Radar,882,33,13,1,929,0,4,35,0,39,882,37,48,1,968,0,0,0,968
09/21/2022,EWR,NJ,AEA,EN,Towers with Radar,854,22,6,0,882,0,4,1,0,5,854,26,7,0,887,0,0,0,887
09/22/2022,EWR,NJ,AEA,EN,Towers with Radar,825,25,4,1,855,0,2,1,0,3,825,27,5,1,858,0,0,0,858
09/23/2022,EWR,NJ,AEA,EN,Towers with Radar,913,44,18,0,975,0,5,46,3,54,913,49,64,3,1029,0,0,0,1029
09/24/2022,EWR,NJ,AEA,EN,Towers with Radar,804,18,13,0,835,0,0,39,0,39,804,18,52,0,874,0,0,0,874
09/25/2022,EWR,NJ,AEA,EN,Towers with Radar,827,13,11,0,851,0,0,24,0,24,827,13,35,0,875,0,0,0,875
09/26/2022,EWR,NJ,AEA,EN,Towers with Radar,1100,20,6,0,1126,0,0,39,0,39,1100,20,45,0,1165,0,0,0,1165
09/27/2022,EWR,NJ,AEA,EN,Towers with Radar,1118,31,10,0,1159,0,6,37,1,44,1118,37,47,1,1203,0,0,0,1203
09/28/2022,EWR,NJ,AEA,EN,Towers with Radar,1029,36,10,0,1075,0,6,36,4,46,1029,42,46,4,1121,0,0,0,1121
09/29/2022,EWR,NJ,AEA,EN,Towers with Radar,1063,33,14,0,1110,0,4,37,0,41,1063,37,51,0,1151,0,0,0,1151
09/30/2022,EWR,NJ,AEA,EN,Towers with Radar,1059,28,14,0,1101,0,4,40,0,44,1059,32,54,0,1145,0,0,0,1145
10/01/2022,EWR,NJ,AEA,EN,Towers with Radar,954,13,15,0,982,0,0,1,0,1,954,13,16,0,983,0,0,0,983
10/02/2022,EWR,NJ,AEA,EN,Towers with Radar,1034,17,17,0,1068,0,0,4,0,4,1034,17,21,0,1072,0,0,0,1072
10/03/2022,EWR,NJ,AEA,EN,Towers with Radar,1093,28,7,0,1128,0,0,21,0,21,1093,28,28,0,1149,0,0,0,1149
10/04/2022,EWR,NJ,AEA,EN,Towers with Radar,1005,27,9,0,1041,0,4,0,0,4,1005,31,9,0,1045,0,0,0,1045
10/05/2022,EWR,NJ,AEA,EN,Towers with Radar,1126,33,14,0,1173,0,2,6,0,8,1126,35,20,0,1181,0,0,0,1181
10/06/2022,EWR,NJ,AEA,EN,Towers with Radar,1138,41,9,0,1188,0,6,34,0,40,1138,47,43,0,1228,0,0,0,1228
10/07/2022,EWR,NJ,AEA,EN,Towers with Radar,1102,35,11,0,1148,0,6,49,0,55,1102,41,60,0,1203,0,0,0,1203
10/08/2022,EWR,NJ,AEA,EN,Towers with Radar,981,10,26,0,1017,0,1,25,0,26,981,11,51,0,1043,0,0,0,1043
10/09/2022,EWR,NJ,AEA,EN,Towers with Radar,1038,26,48,1,1113,0,2,41,0,43,1038,28,89,1,1156,0,0,0,1156
10/10/2022,EWR,NJ,AEA,EN,Towers with Radar,1098,20,9,0,1127,0,2,37,0,39,1098,22,46,0,1166,0,0,0,1166
10/11/2022,EWR,NJ,AEA,EN,Towers with Radar,1104,46,12,0,1162,0,7,45,0,52,1104,53,57,0,1214,0,0,0,1214
10/12/2022,EWR,NJ,AEA,EN,Towers with Radar,1093,31,6,4,1134,0,4,28,0,32,1093,35,34,4,1166,0,0,0,1166
10/13/2022,EWR,NJ,AEA,EN,Towers with Radar,1071,36,13,0,1120,0,4,14,0,18,1071,40,27,0,1138,0,0,0,1138
10/14/2022,EWR,NJ,AEA,EN,Towers with Radar,1125,35,9,0,1169,0,9,39,0,48,1125,44,48,0,1217,0,0,0,1217
10/15/2022,EWR,NJ,AEA,EN,Towers with Radar,978,19,9,0,1006,0,0,22,0,22,978,19,31,0,1028,0,0,0,1028
10/16/2022,EWR,NJ,AEA,EN,Towers with Radar,1054,36,17,0,1107,0,1,37,0,38,1054,37,54,0,1145,0,0,0,1145
10/17/2022,EWR,NJ,AEA,EN,Towers with Radar,1083,19,7,0,1109,0,0,40,0,40,1083,19,47,0,1149,0,0,0,1149
10/18/2022,EWR,NJ,AEA,EN,Towers with Radar,1106,37,10,0,1153,0,6,33,0,39,1106,43,43,0,1192,0,0,0,1192
10/19/2022,EWR,NJ,AEA,EN,Towers with Radar,1094,38,17,0,1149,0,4,36,0,40,1094,42,53,0,1189,0,0,0,1189
10/20/2022,EWR,NJ,AEA,EN,Towers with Radar,1126,36,15,0,1177,1,4,44,0,49,1127,40,59,0,1226,0,0,0,1226
10/21/2022,EWR,NJ,AEA,EN,Towers with Radar,1111,34,7,0,1152,0,4,52,0,56,1111,38,59,0,1208,0,0,0,1208
10/22/2022,EWR,NJ,AEA,EN,Towers with Radar,971,17,22,0,1010,0,2,33,0,35,971,19,55,0,1045,0,0,0,1045
10/23/2022,EWR,NJ,AEA,EN,Towers with Radar,1057,15,21,0,1093,0,0,28,0,28,1057,15,49,0,1121,0,0,0,1121
10/24/2022,EWR,NJ,AEA,EN,Towers with Radar,1095,14,21,0,1130,0,0,0,0,0,1095,14,21,0,1130,0,0,0,1130
10/25/2022,EWR,NJ,AEA,EN,Towers with Radar,1095,34,16,0,1145,0,0,0,0,0,1095,34,16,0,1145,0,0,0,1145
10/26/2022,EWR,NJ,AEA,EN,Towers with Radar,1091,39,23,0,1153,0,0,19,0,19,1091,39,42,0,1172,0,0,0,1172
10/27/2022,EWR,NJ,AEA,EN,Towers with Radar,1124,32,10,0,1166,0,6,54,4,64,1124,38,64,4,1230,0,0,0,1230
10/28/2022,EWR,NJ,AEA,EN,Towers with Radar,1097,29,14,0,1140,0,4,56,0,60,1097,33,70,0,1200,0,0,0,1200
10/29/2022,EWR,NJ,AEA,EN,Towers with Radar,979,4,5,0,988,0,1,37,0,38,979,5,42,0,1026,0,0,0,1026
10/30/2022,EWR,NJ,AEA,EN,Towers with Radar,1094,13,9,0,1116,0,0,33,0,33,1094,13,42,0,1149,0,0,0,1149
10/31/2022,EWR,NJ,AEA,EN,Towers with Radar,1092,16,17,0,1125,0,4,21,0,25,1092,20,38,0,1150,0,0,0,1150
11/01/2022,EWR,NJ,AEA,EN,Towers with Radar,1135,35,11,0,1181,0,2,27,2,31,1135,37,38,2,1212,0,0,0,1212
11/02/2022,EWR,NJ,AEA,EN,Towers with Radar,1117,46,12,0,1175,0,4,39,0,43,1117,50,51,0,1218,0,0,0,1218
11/03/2022,EWR,NJ,AEA,EN,Towers with Radar,1155,47,15,0,1217,0,4,50,1,55,1155,51,65,1,1272,0,0,0,1272
11/04/2022,EWR,NJ,AEA,EN,Towers with Radar,1136,37,6,0,1179,0,1,52,0,53,1136,38,58,0,1232,0,0,0,1232
11/05/2022,EWR,NJ,AEA,EN,Towers with Radar,946,16,6,0,968,0,4,34,2,40,946,20,40,2,1008,0,0,0,1008
11/06/2022,EWR,NJ,AEA,EN,Towers with Radar,1122,16,13,0,1151,1,0,28,0,29,1123,16,41,0,1180,0,0,0,1180
11/07/2022,EWR,NJ,AEA,EN,Towers with Radar,1095,21,6,0,1122,0,3,41,0,44,1095,24,47,0,1166,0,0,0,1166
11/08/2022,EWR,NJ,AEA,EN,Towers with Radar,1128,45,13,1,1187,0,4,24,0,28,1128,49,37,1,1215,0,0,0,1215
11/09/2022,EWR,NJ,AEA,EN,Towers with Radar,1076,43,14,1,1134,0,4,31,0,35,1076,47,45,1,1169,0,0,0,1169
11/10/2022,EWR,NJ,AEA,EN,Towers with Radar,1108,39,13,0,1160,0,4,50,2,56,1108,43,63,2,1216,0,0,0,1216
11/11/2022,EWR,NJ,AEA,EN,Towers with Radar,1049,31,18,0,1098,0,4,8,0,12,1049,35,26,0,1110,0,0,0,1110
11/12/2022,EWR,NJ,AEA,EN,Towers with Radar,969,9,11,0,989,0,2,20,0,22,969,11,31,0,1011,0,0,0,1011
11/13/2022,EWR,NJ,AEA,EN,Towers with Radar,1103,20,20,0,1143,0,0,25,0,25,1103,20,45,0,1168,0,0,0,1168
11/14/2022,EWR,NJ,AEA,EN,Towers with Radar,1119,19,11,0,1149,0,4,39,2,45,1119,23,50,2,1194,0,0,0,1194
11/15/2022,EWR,NJ,AEA,EN,Towers with Radar,1132,37,19,0,1188,0,2,22,1,25,1132,39,41,1,1213,0,0,0,1213
11/16/2022,EWR,NJ,AEA,EN,Towers with Radar,1114,44,21,0,1179,0,0,22,0,22,1114,44,43,0,1201,0,0,0,1201
11/17/2022,EWR,NJ,AEA,EN,Towers with Radar,1150,39,10,0,1199,0,6,47,0,53,1150,45,57,0,1252,0,0,0,1252
11/18/2022,EWR,NJ,AEA,EN,Towers with Radar,1128,36,9,0,1173,0,4,50,0,54,1128,40,59,0,1227,0,0,0,1227
11/19/2022,EWR,NJ,AEA,EN,Towers with Radar,972,14,13,0,999,0,2,17,2,21,972,16,30,2,1020,0,0,0,1020
11/20/2022,EWR,NJ,AEA,EN,Towers with Radar,1117,17,14,0,1148,0,0,28,0,28,1117,17,42,0,1176,0,0,0,1176
11/21/2022,EWR,NJ,AEA,EN,Towers with Radar,1130,24,9,0,1163,0,4,28,0,32,1130,28,37,0,1195,0,0,0,1195
11/22/2022,EWR,NJ,AEA,EN,Towers with Radar,1163,41,22,0,1226,0,8,26,0,34,1163,49,48,0,1260,0,0,0,1260
11/23/2022,EWR,NJ,AEA,EN,Towers with Radar,1174,32,5,0,1211,0,6,40,0,46,1174,38,45,0,1257,0,0,0,1257
11/24/2022,EWR,NJ,AEA,EN,Towers with Radar,760,7,1,0,768,0,3,22,0,25,760,10,23,0,793,0,0,0,793
11/25/2022,EWR,NJ,AEA,EN,Towers with Radar,982,13,7,0,1002,0,6,17,0,23,982,19,24,0,1025,0,0,0,1025
11/26/2022,EWR,NJ,AEA,EN,Towers with Radar,1037,9,5,0,1051,0,4,29,0,33,1037,13,34,0,1084,0,0,0,1084
11/27/2022,EWR,NJ,AEA,EN,Towers with Radar,1089,20,16,0,1125,0,0,4,0,4,1089,20,20,0,1129,0,0,0,1129
11/28/2022,EWR,NJ,AEA,EN,Towers with Radar,1179,22,13,0,1214,0,0,34,0,34,1179,22,47,0,1248,0,0,0,1248
11/29/2022,EWR,NJ,AEA,EN,Towers with Radar,1133,35,11,0,1179,0,4,35,0,39,1133,39,46,0,1218,0,0,0,1218
11/30/2022,EWR,NJ,AEA,EN,Towers with Radar,1035,35,11,0,1081,0,4,7,0,11,1035,39,18,0,1092,0,0,0,1092
12/01/2022,EWR,NJ,AEA,EN,Towers with Radar,1181,43,14,0,1238,0,5,47,0,52,1181,48,61,0,1290,0,0,0,1290
12/02/2022,EWR,NJ,AEA,EN,Towers with Radar,1123,43,12,0,1178,0,8,53,0,61,1123,51,65,0,1239,0,0,0,1239
12/03/2022,EWR,NJ,AEA,EN,Towers with Radar,968,16,6,0,990,0,0,1,0,1,968,16,7,0,991,0,0,0,991
12/04/2022,EWR,NJ,AEA,EN,Towers with Radar,1109,20,8,0,1137,0,0,37,0,37,1109,20,45,0,1174,0,0,0,1174
12/05/2022,EWR,NJ,AEA,EN,Towers with Radar,1121,25,11,0,1157,0,0,52,0,52,1121,25,63,0,1209,0,0,0,1209
12/06/2022,EWR,NJ,AEA,EN,Towers with Radar,1140,42,21,0,1203,0,4,14,0,18,1140,46,35,0,1221,0,0,0,1221
12/07/2022,EWR,NJ,AEA,EN,Towers with Radar,1125,46,12,0,1183,0,0,0,0,0,1125,46,12,0,1183,0,0,0,1183
12/08/2022,EWR,NJ,AEA,EN,Towers with Radar,1156,51,18,0,1225,0,4,45,0,49,1156,55,63,0,1274,0,0,0,1274
12/09/2022,EWR,NJ,AEA,EN,Towers with Radar,1126,30,14,0,1170,0,6,48,0,54,1126,36,62,0,1224,0,0,0,1224
12/10/2022,EWR,NJ,AEA,EN,Towers with Radar,967,16,16,2,1001,0,0,25,0,25,967,16,41,2,1026,0,0,0,1026
12/11/2022,EWR,NJ,AEA,EN,Towers with Radar,1064,6,12,0,1082,0,0,2,0,2,1064,6,14,0,1084,0,0,0,1084
12/12/2022,EWR,NJ,AEA,EN,Towers with Radar,1129,18,16,0,1163,0,0,49,0,49,1129,18,65,0,1212,0,0,0,1212
12/13/2022,EWR,NJ,AEA,EN,Towers with Radar,1131,37,21,0,1189,0,4,32,0,36,1131,41,53,0,1225,0,0,0,1225
12/14/2022,EWR,NJ,AEA,EN,Towers with Radar,1130,31,21,0,1182,0,5,33,2,40,1130,36,54,2,1222,0,0,0,1222
12/15/2022,EWR,NJ,AEA,EN,Towers with Radar,1120,29,15,0,1164,0,4,10,0,14,1120,33,25,0,1178,0,0,0,1178
12/16/2022,EWR,NJ,AEA,EN,Towers with Radar,1181,36,31,0,1248,0,0,0,0,0,1181,36,31,0,1248,0,0,0,1248
12/17/2022,EWR,NJ,AEA,EN,Towers with Radar,1088,33,17,0,1138,0,2,37,0,39,1088,35,54,0,1177,0,0,0,1177
12/18/2022,EWR,NJ,AEA,EN,Towers with Radar,1088,19,11,0,1118,0,0,35,0,35,1088,19,46,0,1153,0,0,0,1153
12/19/2022,EWR,NJ,AEA,EN,Towers with Radar,1115,15,13,0,1143,1,1,42,0,44,1116,16,55,0,1187,0,0,0,1187
12/20/2022,EWR,NJ,AEA,EN,Towers with Radar,1162,38,7,0,1207,0,4,30,0,34,1162,42,37,0,1241,0,0,0,1241
12/21/2022,EWR,NJ,AEA,EN,Towers with Radar,1158,39,10,0,1207,0,4,24,2,30,1158,43,34,2,1237,0,0,0,1237
12/22/2022,EWR,NJ,AEA,EN,Towers with Radar,1144,29,5,0,1178,0,4,6,0,10,1144,33,11,0,1188,0,0,0,1188
12/23/2022,EWR,NJ,AEA,EN,Towers with Radar,942,6,7,0,955,0,1,0,0,1,942,7,7,0,956,0,0,0,956
12/24/2022,EWR,NJ,AEA,EN,Towers with Radar,766,13,8,0,787,2,3,8,0,13,768,16,16,0,800,0,0,0,800
12/25/2022,EWR,NJ,AEA,EN,Towers with Radar,832,5,1,0,838,0,0,13,0,13,832,5,14,0,851,0,0,0,851
12/26/2022,EWR,NJ,AEA,EN,Towers with Radar,975,9,6,0,990,0,0,30,0,30,975,9,36,0,1020,0,0,0,1020
12/27/2022,EWR,NJ,AEA,EN,Towers with Radar,1043,10,3,0,1056,0,2,25,0,27,1043,12,28,0,1083,0,0,0,1083
12/28/2022,EWR,NJ,AEA,EN,Towers with Radar,1133,26,4,0,1163,0,4,33,0,37,1133,30,37,0,1200,0,0,0,1200
12/29/2022,EWR,NJ,AEA,EN,Towers with Radar,1120,27,11,0,1158,0,2,32,1,35,1120,29,43,1,1193,0,0,0,1193
12/30/2022,EWR,NJ,AEA,EN,Towers with Radar,1100,18,6,0,1124,0,5,32,0,37,1100,23,38,0,1161,0,0,0,1161
12/31/2022,EWR,NJ,AEA,EN,Towers with Radar,968,17,10,1,996,0,0,0,0,0,968,17,10,1,996,0,0,0,996
01/01/2023,EWR,NJ,AEA,EN,Towers with Radar,1002,14,14,0,1030,0,0,35,0,35,1002,14,49,0,1065,0,0,0,1065
01/02/2023,EWR,NJ,AEA,EN,Towers with Radar,1013,19,20,0,1052,0,3,43,1,47,1013,22,63,1,1099,0,0,0,1099
01/03/2023,EWR,NJ,AEA,EN,Towers with Radar,1031,27,17,0,1075,0,0,0,0,0,1031,27,17,0,1075,0,0,0,1075
01/04/2023,EWR,NJ,AEA,EN,Towers with Radar,1080,43,12,0,1135,0,5,22,0,27,1080,48,34,0,1162,0,0,0,1162
01/05/2023,EWR,NJ,AEA,EN,Towers with Radar,1076,38,7,0,1121,0,0,1,0,1,1076,38,8,0,1122,0,0,0,1122
01/06/2023,EWR,NJ,AEA,EN,Towers with Radar,1065,25,6,0,1096,0,4,17,0,21,1065,29,23,0,1117,0,0,0,1117
01/07/2023,EWR,NJ,AEA,EN,Towers with Radar,965,18,8,0,991,0,0,25,0,25,965,18,33,0,1016,0,0,0,1016
01/08/2023,EWR,NJ,AEA,EN,Towers with Radar,1089,13,9,0,1111,0,0,19,0,19,1089,13,28,0,1130,0,0,0,1130
01/09/2023,EWR,NJ,AEA,EN,Towers with Radar,1107,10,5,2,1124,0,2,27,0,29,1107,12,32,2,1153,0,0,0,1153
01/10/2023,EWR,NJ,AEA,EN,Towers with Radar,1142,28,6,0,1176,0,5,19,0,24,1142,33,25,0,1200,0,0,0,1200
01/11/2023,EWR,NJ,AEA,EN,Towers with Radar,1026,37,11,0,1074,0,4,25,0,29,1026,41,36,0,1103,0,0,0,1103
01/12/2023,EWR,NJ,AEA,EN,Towers with Radar,1130,33,12,0,1175,0,4,1,0,5,1130,37,13,0,1180,0,0,0,1180
01/13/2023,EWR,NJ,AEA,EN,Towers with Radar,1128,25,6,0,1159,0,4,21,0,25,1128,29,27,0,1184,0,0,0,1184
01/14/2023,EWR,NJ,AEA,EN,Towers with Radar,996,15,5,0,1016,0,0,17,0,17,996,15,22,0,1033,0,0,0,1033
01/15/2023,EWR,NJ,AEA,EN,Towers with Radar,1078,7,8,0,1093,0,0,20,0,20,1078,7,28,0,1113,0,0,0,1113
01/16/2023,EWR,NJ,AEA,EN,Towers with Radar,1098,19,7,0,1124,0,2,27,0,29,1098,21,34,0,1153,0,0,0,1153
01/17/2023,EWR,NJ,AEA,EN,Towers with Radar,1109,31,6,0,1146,0,4,21,2,27,1109,35,27,2,1173,0,0,0,1173
01/18/2023,EWR,NJ,AEA,EN,Towers with Radar,1125,28,7,0,1160,0,5,23,0,28,1125,33,30,0,1188,0,0,0,1188
01/19/2023,EWR,NJ,AEA,EN,Towers with Radar,1112,31,12,0,1155,0,4,0,0,4,1112,35,12,0,1159,0,0,0,1159
01/20/2023,EWR,NJ,AEA,EN,Towers with Radar,1144,27,11,0,1182,0,4,29,0,33,1144,31,40,0,1215,0,0,0,1215
01/21/2023,EWR,NJ,AEA,EN,Towers with Radar,990,11,7,0,1008,0,1,14,0,15,990,12,21,0,1023,0,0,0,1023
01/22/2023,EWR,NJ,AEA,EN,Towers with Radar,1079,19,12,0,1110,0,0,4,0,4,1079,19,16,0,1114,0,0,0,1114
01/23/2023,EWR,NJ,AEA,EN,Towers with Radar,1108,19,8,0,1135,0,0,0,0,0,1108,19,8,0,1135,0,0,0,1135
01/24/2023,EWR,NJ,AEA,EN,Towers with Radar,1141,49,11,0,1201,0,4,25,0,29,1141,53,36,0,1230,0,0,0,1230
01/25/2023,EWR,NJ,AEA,EN,Towers with Radar,1094,29,23,0,1146,0,4,1,0,5,1094,33,24,0,1151,0,0,0,1151
01/26/2023,EWR,NJ,AEA,EN,Towers with Radar,1156,36,12,0,1204,0,5,25,0,30,1156,41,37,0,1234,0,0,0,1234
01/27/2023,EWR,NJ,AEA,EN,Towers with Radar,1142,20,5,0,1167,0,4,37,0,41,1142,24,42,0,1208,0,0,0,1208
01/28/2023,EWR,NJ,AEA,EN,Towers with Radar,1003,6,8,0,1017,0,1,21,1,23,1003,7,29,1,1040,0,0,0,1040
01/29/2023,EWR,NJ,AEA,EN,Towers with Radar,1104,14,9,0,1127,0,0,16,2,18,1104,14,25,2,1145,0,0,0,1145
01/30/2023,EWR,NJ,AEA,EN,Towers with Radar,1110,13,12,0,1135,0,0,29,0,29,1110,13,41,0,1164,0,0,0,1164
01/31/2023,EWR,NJ,AEA,EN,Towers with Radar,1112,29,8,0,1149,0,0,0,2,2,1112,29,8,2,1151,0,0,0,1151
02/01/2023,EWR,NJ,AEA,EN,Towers with Radar,1113,20,3,0,1136,0,7,21,2,30,1113,27,24,2,1166,0,0,0,1166
02/02/2023,EWR,NJ,AEA,EN,Towers with Radar,1142,31,11,0,1184,0,4,33,1,38,1142,35,44,1,1222,0,0,0,1222
02/03/2023,EWR,NJ,AEA,EN,Towers with Radar,1086,54,15,0,1155,0,4,23,1,28,1086,58,38,1,1183,0,0,0,1183
02/04/2023,EWR,NJ,AEA,EN,Towers with Radar,1026,7,2,0,1035,0,0,16,0,16,1026,7,18,0,1051,0,0,0,1051
02/05/2023,EWR,NJ,AEA,EN,Towers with Radar,1118,7,6,0,1131,0,2,25,0,27,1118,9,31,0,1158,0,0,0,1158
02/06/2023,EWR,NJ,AEA,EN,Towers with Radar,1124,18,9,0,1151,0,0,36,2,38,1124,18,45,2,1189,0,0,0,1189
02/07/2023,EWR,NJ,AEA,EN,Towers with Radar,1150,37,7,0,1194,0,6,28,0,34,1150,43,35,0,1228,0,0,0,1228
02/08/2023,EWR,NJ,AEA,EN,Towers with Radar,1153,37,2,0,1192,0,4,33,1,38,1153,41,35,1,1230,0,0,0,1230
02/09/2023,EWR,NJ,AEA,EN,Towers with Radar,1167,29,15,0,1211,0,4,30,0,34,1167,33,45,0,1245,0,0,0,1245
02/10/2023,EWR,NJ,AEA,EN,Towers with Radar,1168,28,9,0,1205,0,5,44,0,49,1168,33,53,0,1254,0,0,0,1254
02/11/2023,EWR,NJ,AEA,EN,Towers with Radar,1032,8,5,0,1045,0,2,19,0,21,1032,10,24,0,1066,0,0,0,1066
02/12/2023,EWR,NJ,AEA,EN,Towers with Radar,1133,7,7,0,1147,0,2,25,0,27,1133,9,32,0,1174,0,0,0,1174
02/13/2023,EWR,NJ,AEA,EN,Towers with Radar,1142,13,15,0,1170,0,2,33,0,35,1142,15,48,0,1205,0,0,0,1205
02/14/2023,EWR,NJ,AEA,EN,Towers with Radar,1173,32,5,0,1210,0,5,36,6,47,1173,37,41,6,1257,0,0,0,1257
02/15/2023,EWR,NJ,AEA,EN,Towers with Radar,1173,39,17,0,1229,0,9,34,0,43,1173,48,51,0,1272,0,0,0,1272
02/16/2023,EWR,NJ,AEA,EN,Towers with Radar,1170,42,12,0,1224,0,5,22,0,27,1170,47,34,0,1251,0,0,0,1251
02/17/2023,EWR,NJ,AEA,EN,Towers with Radar,1173,30,15,0,1218,0,4,13,0,17,1173,34,28,0,1235,0,0,0,1235
02/18/2023,EWR,NJ,AEA,EN,Towers with Radar,1074,8,6,0,1088,0,5,32,0,37,1074,13,38,0,1125,0,0,0,1125
02/19/2023,EWR,NJ,AEA,EN,Towers with Radar,1137,7,9,0,1153,0,0,29,0,29,1137,7,38,0,1182,0,0,0,1182
02/20/2023,EWR,NJ,AEA,EN,Towers with Radar,1159,11,14,0,1184,0,1,22,0,23,1159,12,36,0,1207,0,0,0,1207
02/21/2023,EWR,NJ,AEA,EN,Towers with Radar,1180,31,34,0,1245,1,4,17,0,22,1181,35,51,0,1267,0,0,0,1267
02/22/2023,EWR,NJ,AEA,EN,Towers with Radar,1131,32,8,0,1171,0,4,21,0,25,1131,36,29,0,1196,0,0,0,1196
02/23/2023,EWR,NJ,AEA,EN,Towers with Radar,1170,18,26,0,1214,0,0,4,0,4,1170,18,30,0,1218,0,0,0,1218
02/24/2023,EWR,NJ,AEA,EN,Towers with Radar,1186,27,10,0,1223,0,2,44,0,46,1186,29,54,0,1269,0,0,0,1269
02/25/2023,EWR,NJ,AEA,EN,Towers with Radar,1048,12,9,0,1069,0,0,24,0,24,1048,12,33,0,1093,0,0,0,1093
02/26/2023,EWR,NJ,AEA,EN,Towers with Radar,1167,14,10,0,1191,0,0,24,0,24,1167,14,34,0,1215,0,0,0,1215
02/27/2023,EWR,NJ,AEA,EN,Towers with Radar,1080,19,10,0,1109,0,0,23,0,23,1080,19,33,0,1132,0,0,0,1132
02/28/2023,EWR,NJ,AEA,EN,Towers with Radar,1161,20,17,0,1198,0,0,0,0,0,1161,20,17,0,1198,0,0,0,1198
03/01/2023,EWR,NJ,AEA,EN,Towers with Radar,1184,33,13,0,1230,0,4,27,0,31,1184,37,40,0,1261,0,0,0,1261
03/02/2023,EWR,NJ,AEA,EN,Towers with Radar,1188,32,10,0,1230,0,0,26,0,26,1188,32,36,0,1256,0,0,0,1256
03/03/2023,EWR,NJ,AEA,EN,Towers with Radar,1160,29,12,0,1201,0,5,23,2,30,1160,34,35,2,1231,0,0,0,1231
03/04/2023,EWR,NJ,AEA,EN,Towers with Radar,1055,10,4,0,1069,0,1,14,0,15,1055,11,18,0,1084,0,0,0,1084
03/05/2023,EWR,NJ,AEA,EN,Towers with Radar,1177,18,6,0,1201,0,0,29,0,29,1177,18,35,0,1230,0,0,0,1230
03/06/2023,EWR,NJ,AEA,EN,Towers with Radar,1195,11,5,0,1211,0,2,29,0,31,1195,13,34,0,1242,0,0,0,1242
03/07/2023,EWR,NJ,AEA,EN,Towers with Radar,1227,28,17,0,1272,0,4,14,0,18,1227,32,31,0,1290,0,0,0,1290
03/08/2023,EWR,NJ,AEA,EN,Towers with Radar,1202,36,9,0,1247,0,5,20,0,25,1202,41,29,0,1272,0,0,0,1272
03/09/2023,EWR,NJ,AEA,EN,Towers with Radar,1218,36,14,0,1268,0,5,45,0,50,1218,41,59,0,1318,0,0,0,1318
03/10/2023,EWR,NJ,AEA,EN,Towers with Radar,1176,35,5,0,1216,0,5,23,0,28,1176,40,28,0,1244,0,0,0,1244
03/11/2023,EWR,NJ,AEA,EN,Towers with Radar,1080,12,2,0,1094,0,1,2,0,3,1080,13,4,0,1097,0,0,0,1097
03/12/2023,EWR,NJ,AEA,EN,Towers with Radar,1172,6,7,0,1185,0,2,30,0,32,1172,8,37,0,1217,0,0,0,1217
03/13/2023,EWR,NJ,AEA,EN,Towers with Radar,1152,9,12,0,1173,0,0,0,0,0,1152,9,12,0,1173,0,0,0,1173
03/14/2023,EWR,NJ,AEA,EN,Towers with Radar,1100,19,15,2,1136,0,0,0,0,0,1100,19,15,2,1136,0,0,0,1136
03/15/2023,EWR,NJ,AEA,EN,Towers with Radar,1209,28,16,4,1257,0,5,30,0,35,1209,33,46,4,1292,0,0,0,1292
03/16/2023,EWR,NJ,AEA,EN,Towers with Radar,1239,38,15,0,1292,0,4,46,0,50,1239,42,61,0,1342,0,0,0,1342
03/17/2023,EWR,NJ,AEA,EN,Towers with Radar,1199,26,16,0,1241,0,7,37,6,50,1199,33,53,6,1291,0,0,0,1291
03/18/2023,EWR,NJ,AEA,EN,Towers with Radar,1094,21,7,0,1122,0,0,27,0,27,1094,21,34,0,1149,0,0,0,1149
03/19/2023,EWR,NJ,AEA,EN,Towers with Radar,1188,17,8,0,1213,0,0,23,2,25,1188,17,31,2,1238,0,0,0,1238
03/20/2023,EWR,NJ,AEA,EN,Towers with Radar,1202,23,19,0,1244,0,0,44,0,44,1202,23,63,0,1288,0,0,0,1288
03/21/2023,EWR,NJ,AEA,EN,Towers with Radar,1220,36,6,0,1262,0,4,54,0,58,1220,40,60,0,1320,0,0,0,1320
03/22/2023,EWR,NJ,AEA,EN,Towers with Radar,1206,36,4,0,1246,1,4,21,0,26,1207,40,25,0,1272,0,0,0,1272
03/23/2023,EWR,NJ,AEA,EN,Towers with Radar,1204,35,6,2,1247,0,0,16,0,16,1204,35,22,2,1263,0,0,0,1263
03/24/2023,EWR,NJ,AEA,EN,Towers with Radar,1212,29,11,0,1252,0,5,36,0,41,1212,34,47,0,1293,0,0,0,1293
03/25/2023,EWR,NJ,AEA,EN,Towers with Radar,1079,14,12,0,1105,0,0,0,0,0,1079,14,12,0,1105,0,0,0,1105
03/26/2023,EWR,NJ,AEA,EN,Towers with Radar,1193,11,5,0,1209,0,2,30,0,32,1193,13,35,0,1241,0,0,0,1241
03/27/2023,EWR,NJ,AEA,EN,Towers with Radar,1210,19,5,0,1234,0,2,37,0,39,1210,21,42,0,1273,0,0,0,1273
03/28/2023,EWR,NJ,AEA,EN,Towers with Radar,1235,34,10,0,1279,0,5,30,0,35,1235,39,40,0,1314,0,0,0,1314
03/29/2023,EWR,NJ,AEA,EN,Towers with Radar,1240,34,9,0,1283,0,4,25,0,29,1240,38,34,0,1312,0,0,0,1312
03/30/2023,EWR,NJ,AEA,EN,Towers with Radar,1259,41,18,0,1318,0,4,37,0,41,1259,45,55,0,1359,0,0,0,1359
03/31/2023,EWR,NJ,AEA,EN,Towers with Radar,1212,31,9,0,1252,0,5,39,0,44,1212,36,48,0,1296,0,0,0,1296
04/01/2023,EWR,NJ,AEA,EN,Towers with Radar,974,10,6,0,990,0,0,2,0,2,974,10,8,0,992,0,0,0,992
04/02/2023,EWR,NJ,AEA,EN,Towers with Radar,1201,20,7,0,1228,0,2,28,0,30,1201,22,35,0,1258,0,0,0,1258
04/03/2023,EWR,NJ,AEA,EN,Towers with Radar,1217,15,3,0,1235,0,2,20,0,22,1217,17,23,0,1257,0,0,0,1257
04/04/2023,EWR,NJ,AEA,EN,Towers with Radar,1241,32,2,0,1275,0,7,33,1,41,1241,39,35,1,1316,0,0,0,1316
04/05/2023,EWR,NJ,AEA,EN,Towers with Radar,1145,34,13,0,1192,0,0,0,0,0,1145,34,13,0,1192,0,0,0,1192
04/06/2023,EWR,NJ,AEA,EN,Towers with Radar,1242,25,7,0,1274,0,0,32,0,32,1242,25,39,0,1306,0,0,0,1306
04/07/2023,EWR,NJ,AEA,EN,Towers with Radar,1229,26,8,0,1263,0,4,60,0,64,1229,30,68,0,1327,0,0,0,1327
04/08/2023,EWR,NJ,AEA,EN,Towers with Radar,1092,7,9,0,1108,0,0,49,0,49,1092,7,58,0,1157,0,0,0,1157
04/09/2023,EWR,NJ,AEA,EN,Towers with Radar,1193,14,7,0,1214,0,1,41,0,42,1193,15,48,0,1256,0,0,0,1256
04/10/2023,EWR,NJ,AEA,EN,Towers with Radar,1201,15,13,0,1229,0,0,56,0,56,1201,15,69,0,1285,0,0,0,1285
04/11/2023,EWR,NJ,AEA,EN,Towers with Radar,1237,26,6,1,1270,1,4,27,1,33,1238,30,33,2,1303,0,0,0,1303
04/12/2023,EWR,NJ,AEA,EN,Towers with Radar,1227,39,6,1,1273,0,5,31,0,36,1227,44,37,1,1309,0,0,0,1309
04/13/2023,EWR,NJ,AEA,EN,Towers with Radar,1209,28,4,0,1241,0,4,44,2,50,1209,32,48,2,1291,0,0,0,1291
04/14/2023,EWR,NJ,AEA,EN,Towers with Radar,1221,38,15,0,1274,0,12,46,1,59,1221,50,61,1,1333,0,0,0,1333
04/15/2023,EWR,NJ,AEA,EN,Towers with Radar,780,9,12,0,801,0,2,25,0,27,780,11,37,0,828,0,0,0,828
04/16/2023,EWR,NJ,AEA,EN,Towers with Radar,1063,25,20,0,1108,0,2,12,0,14,1063,27,32,0,1122,0,0,0,1122
04/17/2023,EWR,NJ,AEA,EN,Towers with Radar,1217,37,19,0,1273,0,0,23,0,23,1217,37,42,0,1296,0,0,0,1296
04/18/2023,EWR,NJ,AEA,EN,Towers with Radar,1250,34,19,0,1303,0,4,33,0,37,1250,38,52,0,1340,0,0,0,1340
04/19/2023,EWR,NJ,AEA,EN,Towers with Radar,1224,33,10,2,1269,0,9,36,6,51,1224,42,46,8,1320,0,0,0,1320
04/20/2023,EWR,NJ,AEA,EN,Towers with Radar,1228,42,12,1,1283,0,4,46,0,50,1228,46,58,1,1333,0,0,0,1333
04/21/2023,EWR,NJ,AEA,EN,Towers with Radar,1224,37,9,1,1271,0,4,35,0,39,1224,41,44,1,1310,0,0,0,1310
04/22/2023,EWR,NJ,AEA,EN,Towers with Radar,844,7,9,0,860,0,0,4,0,4,844,7,13,0,864,0,0,0,864
04/23/2023,EWR,NJ,AEA,EN,Towers with Radar,1267,11,9,0,1287,0,0,33,0,33,1267,11,42,0,1320,0,0,0,1320
04/24/2023,EWR,NJ,AEA,EN,Towers with Radar,1210,18,8,0,1236,0,0,37,0,37,1210,18,45,0,1273,0,0,0,1273
04/25/2023,EWR,NJ,AEA,EN,Towers with Radar,1236,29,12,0,1277,1,5,37,0,43,1237,34,49,0,1320,0,0,0,1320
04/26/2023,EWR,NJ,AEA,EN,Towers with Radar,1229,34,13,0,1276,0,4,32,0,36,1229,38,45,0,1312,0,0,0,1312
04/27/2023,EWR,NJ,AEA,EN,Towers with Radar,1228,45,21,0,1294,0,7,50,0,57,1228,52,71,0,1351,0,0,0,1351
04/28/2023,EWR,NJ,AEA,EN,Towers with Radar,1230,28,13,0,1271,0,4,48,0,52,1230,32,61,0,1323,0,0,0,1323
04/29/2023,EWR,NJ,AEA,EN,Towers with Radar,1057,10,11,0,1078,0,0,0,0,0,1057,10,11,0,1078,0,0,0,1078
04/30/2023,EWR,NJ,AEA,EN,Towers with Radar,994,28,13,0,1035,0,0,0,0,0,994,28,13,0,1035,0,0,0,1035
05/01/2023,EWR,NJ,AEA,EN,Towers with Radar,1233,29,18,0,1280,0,0,58,0,58,1233,29,76,0,1338,0,0,0,1338
05/02/2023,EWR,NJ,AEA,EN,Towers with Radar,1261,42,9,0,1312,0,4,36,0,40,1261,46,45,0,1352,0,0,0,1352
05/03/2023,EWR,NJ,AEA,EN,Towers with Radar,1236,33,7,0,1276,0,4,37,0,41,1236,37,44,0,1317,0,0,0,1317
05/04/2023,EWR,NJ,AEA,EN,Towers with Radar,1254,40,12,0,1306,0,6,35,0,41,1254,46,47,0,1347,0,0,0,1347
05/05/2023,EWR,NJ,AEA,EN,Towers with Radar,1217,37,9,0,1263,0,7,46,0,53,1217,44,55,0,1316,0,0,0,1316
05/06/2023,EWR,NJ,AEA,EN,Towers with Radar,1123,15,8,0,1146,0,0,32,0,32,1123,15,40,0,1178,0,0,0,1178
05/07/2023,EWR,NJ,AEA,EN,Towers with Radar,1180,8,13,0,1201,0,0,30,0,30,1180,8,43,0,1231,0,0,0,1231
05/08/2023,EWR,NJ,AEA,EN,Towers with Radar,1218,17,9,0,1244,0,0,41,0,41,1218,17,50,0,1285,0,0,0,1285
05/09/2023,EWR,NJ,AEA,EN,Towers with Radar,1240,42,14,0,1296,0,4,47,0,51,1240,46,61,0,1347,0,0,0,1347
05/10/2023,EWR,NJ,AEA,EN,Towers with Radar,1251,51,22,0,1324,0,6,25,0,31,1251,57,47,0,1355,0,0,0,1355
05/11/2023,EWR,NJ,AEA,EN,Towers with Radar,1262,38,17,0,1317,0,5,46,0,51,1262,43,63,0,1368,0,0,0,1368
05/12/2023,EWR,NJ,AEA,EN,Towers with Radar,1232,30,7,0,1269,1,9,65,2,77,1233,39,72,2,1346,0,0,0,1346
05/13/2023,EWR,NJ,AEA,EN,Towers with Radar,1115,11,7,0,1133,0,0,15,0,15,1115,11,22,0,1148,0,0,0,1148
05/14/2023,EWR,NJ,AEA,EN,Towers with Radar,1195,14,12,0,1221,0,3,22,0,25,1195,17,34,0,1246,0,0,0,1246
05/15/2023,EWR,NJ,AEA,EN,Towers with Radar,1184,17,11,0,1212,0,0,38,0,38,1184,17,49,0,1250,0,0,0,1250
05/16/2023,EWR,NJ,AEA,EN,Towers with Radar,1214,42,10,0,1266,0,6,36,1,43,1214,48,46,1,1309,0,0,0,1309
05/17/2023,EWR,NJ,AEA,EN,Towers with Radar,1204,45,7,2,1258,0,4,52,0,56,1204,49,59,2,1314,0,0,0,1314
05/18/2023,EWR,NJ,AEA,EN,Towers with Radar,1218,41,13,0,1272,0,5,52,0,57,1218,46,65,0,1329,0,0,0,1329
05/19/2023,EWR,NJ,AEA,EN,Towers with Radar,1189,39,18,0,1246,0,4,65,0,69,1189,43,83,0,1315,0,0,0,1315
05/20/2023,EWR,NJ,AEA,EN,Towers with Radar,1082,9,22,0,1113,0,0,0,0,0,1082,9,22,0,1113,0,0,0,1113
05/21/2023,EWR,NJ,AEA,EN,Towers with Radar,1177,15,11,0,1203,0,1,32,0,33,1177,16,43,0,1236,0,0,0,1236
05/22/2023,EWR,NJ,AEA,EN,Towers with Radar,1200,26,13,2,1241,0,0,67,0,67,1200,26,80,2,1308,0,0,0,1308
05/23/2023,EWR,NJ,AEA,EN,Towers with Radar,1206,39,11,0,1256,0,4,29,0,33,1206,43,40,0,1289,0,0,0,1289
05/24/2023,EWR,NJ,AEA,EN,Towers with Radar,1200,37,3,0,1240,1,4,38,0,43,1201,41,41,0,1283,0,0,0,1283
05/25/2023,EWR,NJ,AEA,EN,Towers with Radar,1222,35,9,0,1266,0,6,60,1,67,1222,41,69,1,1333,0,0,0,1333
05/26/2023,EWR,NJ,AEA,EN,Towers with Radar,1203,35,18,0,1256,0,13,59,0,72,1203,48,77,0,1328,0,0,0,1328
05/27/2023,EWR,NJ,AEA,EN,Towers with Radar,1096,8,9,0,1113,0,2,38,0,40,1096,10,47,0,1153,0,0,0,1153
05/28/2023,EWR,NJ,AEA,EN,Towers with Radar,1134,10,5,0,1149,0,2,39,0,41,1134,12,44,0,1190,0,0,0,1190
05/29/2023,EWR,NJ,AEA,EN,Towers with Radar,1167,17,11,0,1195,0,2,37,0,39,1167,19,48,0,1234,0,0,0,1234
05/30/2023,EWR,NJ,AEA,EN,Towers with Radar,1187,20,19,0,1226,0,2,33,0,35,1187,22,52,0,1261,0,0,0,1261
05/31/2023,EWR,NJ,AEA,EN,Towers with Radar,1201,43,10,2,1256,0,0,42,0,42,1201,43,52,2,1298,0,0,0,1298
06/01/2023,EWR,NJ,AEA,EN,Towers with Radar,1235,42,21,0,1298,0,5,47,0,52,1235,47,68,0,1350,0,0,0,1350
06/02/2023,EWR,NJ,AEA,EN,Towers with Radar,1087,28,4,0,1119,0,4,39,0,43,1087,32,43,0,1162,0,0,0,1162
06/03/2023,EWR,NJ,AEA,EN,Towers with Radar,1110,11,5,0,1126,0,2,37,0,39,1110,13,42,0,1165,0,0,0,1165
06/04/2023,EWR,NJ,AEA,EN,Towers with Radar,1163,14,13,0,1190,0,0,43,0,43,1163,14,56,0,1233,0,0,0,1233
06/05/2023,EWR,NJ,AEA,EN,Towers with Radar,1185,25,14,0,1224,0,0,39,0,39,1185,25,53,0,1263,0,0,0,1263
06/06/2023,EWR,NJ,AEA,EN,Towers with Radar,1202,44,19,1,1266,0,5,39,0,44,1202,49,58,1,1310,0,0,0,1310
06/07/2023,EWR,NJ,AEA,EN,Towers with Radar,1166,34,17,0,1217,0,4,5,0,9,1166,38,22,0,1226,0,0,0,1226
06/08/2023,EWR,NJ,AEA,EN,Towers with Radar,1220,39,16,0,1275,1,4,28,0,33,1221,43,44,0,1308,0,0,0,1308
06/09/2023,EWR,NJ,AEA,EN,Towers with Radar,1207,29,12,0,1248,0,4,37,0,41,1207,33,49,0,1289,0,0,0,1289
06/10/2023,EWR,NJ,AEA,EN,Towers with Radar,1088,15,10,0,1113,0,0,46,1,47,1088,15,56,1,1160,0,0,0,1160
06/11/2023,EWR,NJ,AEA,EN,Towers with Radar,1152,15,6,0,1173,0,0,59,0,59,1152,15,65,0,1232,0,0,0,1232
06/12/2023,EWR,NJ,AEA,EN,Towers with Radar,1042,11,12,0,1065,0,0,24,0,24,1042,11,36,0,1089,0,0,0,1089
06/13/2023,EWR,NJ,AEA,EN,Towers with Radar,1232,33,16,0,1281,0,4,53,0,57,1232,37,69,0,1338,0,0,0,1338
06/14/2023,EWR,NJ,AEA,EN,Towers with Radar,1087,27,15,0,1129,0,5,12,0,17,1087,32,27,0,1146,0,0,0,1146
06/15/2023,EWR,NJ,AEA,EN,Towers with Radar,1219,32,11,0,1262,0,5,49,0,54,1219,37,60,0,1316,0,0,0,1316
06/16/2023,EWR,NJ,AEA,EN,Towers with Radar,1060,25,10,0,1095,0,6,26,0,32,1060,31,36,0,1127,0,0,0,1127
06/17/2023,EWR,NJ,AEA,EN,Towers with Radar,1082,16,7,0,1105,0,2,18,0,20,1082,18,25,0,1125,0,0,0,1125
06/18/2023,EWR,NJ,AEA,EN,Towers with Radar,1140,19,6,0,1165,0,0,20,0,20,1140,19,26,0,1185,0,0,0,1185
06/19/2023,EWR,NJ,AEA,EN,Towers with Radar,1164,12,9,0,1185,0,0,38,0,38,1164,12,47,0,1223,0,0,0,1223
06/20/2023,EWR,NJ,AEA,EN,Towers with Radar,1197,41,14,0,1252,0,2,32,0,34,1197,43,46,0,1286,0,0,0,1286
06/21/2023,EWR,NJ,AEA,EN,Towers with Radar,1192,40,13,0,1245,0,4,32,0,36,1192,44,45,0,1281,0,0,0,1281
06/22/2023,EWR,NJ,AEA,EN,Towers with Radar,1176,32,6,0,1214,0,4,2,0,6,1176,36,8,0,1220,0,0,0,1220
06/23/2023,EWR,NJ,AEA,EN,Towers with Radar,1142,33,20,0,1195,1,2,2,0,5,1143,35,22,0,1200,0,0,0,1200
06/24/2023,EWR,NJ,AEA,EN,Towers with Radar,927,14,12,0,953,0,0,11,0,11,927,14,23,0,964,0,0,0,964
06/25/2023,EWR,NJ,AEA,EN,Towers with Radar,832,18,10,0,860,0,0,19,0,19,832,18,29,0,879,0,0,0,879
06/26/2023,EWR,NJ,AEA,EN,Towers with Radar,591,12,9,0,612,0,1,10,0,11,591,13,19,0,623,0,0,0,623
06/27/2023,EWR,NJ,AEA,EN,Towers with Radar,739,25,24,2,790,0,4,17,0,21,739,29,41,2,811,0,0,0,811
06/28/2023,EWR,NJ,AEA,EN,Towers with Radar,1012,45,11,0,1068,0,4,26,2,32,1012,49,37,2,1100,0,0,0,1100
06/29/2023,EWR,NJ,AEA,EN,Towers with Radar,1090,38,24,0,1152,0,4,9,0,13,1090,42,33,0,1165,0,0,0,1165
06/30/2023,EWR,NJ,AEA,EN,Towers with Radar,1176,51,26,0,1253,0,4,42,0,46,1176,55,68,0,1299,0,0,0,1299
07/01/2023,EWR,NJ,AEA,EN,Towers with Radar,1069,15,14,0,1098,0,0,26,0,26,1069,15,40,0,1124,0,0,0,1124
07/02/2023,EWR,NJ,AEA,EN,Towers with Radar,933,20,4,0,957,1,2,23,0,26,934,22,27,0,983,0,0,0,983
07/03/2023,EWR,NJ,AEA,EN,Towers with Radar,1102,8,5,0,1115,0,0,29,0,29,1102,8,34,0,1144,0,0,0,1144
07/04/2023,EWR,NJ,AEA,EN,Towers with Radar,913,13,4,0,930,0,0,21,0,21,913,13,25,0,951,0,0,0,951
07/05/2023,EWR,NJ,AEA,EN,Towers with Radar,1197,20,5,0,1222,0,9,49,0,58,1197,29,54,0,1280,0,0,0,1280
07/06/2023,EWR,NJ,AEA,EN,Towers with Radar,1207,35,9,0,1251,0,4,41,0,45,1207,39,50,0,1296,0,0,0,1296
07/07/2023,EWR,NJ,AEA,EN,Towers with Radar,973,23,8,0,1004,0,4,43,0,47,973,27,51,0,1051,0,0,0,1051
07/08/2023,EWR,NJ,AEA,EN,Towers with Radar,1060,10,17,0,1087,0,2,27,0,29,1060,12,44,0,1116,0,0,0,1116
07/09/2023,EWR,NJ,AEA,EN,Towers with Radar,722,10,7,0,739,0,0,18,0,18,722,10,25,0,757,0,0,0,757
07/10/2023,EWR,NJ,AEA,EN,Towers with Radar,1080,20,21,0,1121,0,0,34,0,34,1080,20,55,0,1155,0,0,0,1155
07/11/2023,EWR,NJ,AEA,EN,Towers with Radar,1239,26,14,0,1279,0,6,29,2,37,1239,32,43,2,1316,0,0,0,1316
07/12/2023,EWR,NJ,AEA,EN,Towers with Radar,1217,41,21,0,1279,0,5,30,0,35,1217,46,51,0,1314,0,0,0,1314
07/13/2023,EWR,NJ,AEA,EN,Towers with Radar,1183,36,21,0,1240,0,5,42,0,47,1183,41,63,0,1287,0,0,0,1287
07/14/2023,EWR,NJ,AEA,EN,Towers with Radar,890,26,13,0,929,0,0,14,0,14,890,26,27,0,943,0,0,0,943
07/15/2023,EWR,NJ,AEA,EN,Towers with Radar,908,10,16,0,934,0,1,14,0,15,908,11,30,0,949,0,0,0,949
07/16/2023,EWR,NJ,AEA,EN,Towers with Radar,770,18,17,0,805,0,0,6,0,6,770,18,23,0,811,0,0,0,811
07/17/2023,EWR,NJ,AEA,EN,Towers with Radar,1171,15,29,0,1215,0,2,32,0,34,1171,17,61,0,1249,0,0,0,1249
07/18/2023,EWR,NJ,AEA,EN,Towers with Radar,1029,32,15,0,1076,0,4,14,0,18,1029,36,29,0,1094,0,0,0,1094
07/19/2023,EWR,NJ,AEA,EN,Towers with Radar,1123,41,27,0,1191,0,4,28,0,32,1123,45,55,0,1223,0,0,0,1223
07/20/2023,EWR,NJ,AEA,EN,Towers with Radar,1192,42,24,0,1258,0,4,46,0,50,1192,46,70,0,1308,0,0,0,1308
07/21/2023,EWR,NJ,AEA,EN,Towers with Radar,1111,29,26,0,1166,0,2,33,0,35,1111,31,59,0,1201,0,0,0,1201
07/22/2023,EWR,NJ,AEA,EN,Towers with Radar,1097,11,12,0,1120,1,2,32,3,38,1098,13,44,3,1158,0,0,0,1158
07/23/2023,EWR,NJ,AEA,EN,Towers with Radar,1134,15,13,0,1162,0,0,39,2,41,1134,15,52,2,1203,0,0,0,1203
07/24/2023,EWR,NJ,AEA,EN,Towers with Radar,1171,18,8,0,1197,0,0,43,2,45,1171,18,51,2,1242,0,0,0,1242
07/25/2023,EWR,NJ,AEA,EN,Towers with Radar,905,35,16,0,956,0,4,20,0,24,905,39,36,0,980,0,0,0,980
07/26/2023,EWR,NJ,AEA,EN,Towers with Radar,1174,46,20,0,1240,0,4,51,2,57,1174,50,71,2,1297,0,0,0,1297
07/27/2023,EWR,NJ,AEA,EN,Towers with Radar,1044,33,8,0,1085,0,4,51,0,55,1044,37,59,0,1140,0,0,0,1140
07/28/2023,EWR,NJ,AEA,EN,Towers with Radar,1146,42,19,0,1207,0,6,30,2,38,1146,48,49,2,1245,0,0,0,1245
07/29/2023,EWR,NJ,AEA,EN,Towers with Radar,920,24,12,0,956,0,0,24,0,24,920,24,36,0,980,0,0,0,980
07/30/2023,EWR,NJ,AEA,EN,Towers with Radar,1150,22,14,0,1186,0,0,30,0,30,1150,22,44,0,1216,0,0,0,1216
07/31/2023,EWR,NJ,AEA,EN,Towers with Radar,1162,12,18,0,1192,0,0,27,0,27,1162,12,45,0,1219,0,0,0,1219
08/01/2023,EWR,NJ,AEA,EN,Towers with Radar,1200,38,24,0,1262,0,6,25,0,31,1200,44,49,0,1293,0,0,0,1293
08/02/2023,EWR,NJ,AEA,EN,Towers with Radar,1196,50,9,0,1255,0,5,31,0,36,1196,55,40,0,1291,0,0,0,1291
08/03/2023,EWR,NJ,AEA,EN,Towers with Radar,1212,36,17,0,1265,0,6,41,1,48,1212,42,58,1,1313,0,0,0,1313
08/04/2023,EWR,NJ,AEA,EN,Towers with Radar,1146,31,19,0,1196,0,6,26,0,32,1146,37,45,0,1228,0,0,0,1228
08/05/2023,EWR,NJ,AEA,EN,Towers with Radar,1082,17,19,0,1118,0,2,23,0,25,1082,19,42,0,1143,0,0,0,1143
08/06/2023,EWR,NJ,AEA,EN,Towers with Radar,1127,30,17,0,1174,0,0,27,0,27,1127,30,44,0,1201,0,0,0,1201
08/07/2023,EWR,NJ,AEA,EN,Towers with Radar,946,26,15,0,987,0,1,16,0,17,946,27,31,0,1004,0,0,0,1004
08/08/2023,EWR,NJ,AEA,EN,Towers with Radar,1192,28,16,1,1237,0,4,28,0,32,1192,32,44,1,1269,0,0,0,1269
08/09/2023,EWR,NJ,AEA,EN,Towers with Radar,1185,28,8,0,1221,0,4,42,0,46,1185,32,50,0,1267,0,0,0,1267
08/10/2023,EWR,NJ,AEA,EN,Towers with Radar,1190,41,5,0,1236,0,6,32,0,38,1190,47,37,0,1274,0,0,0,1274
08/11/2023,EWR,NJ,AEA,EN,Towers with Radar,1176,28,19,0,1223,0,6,36,0,42,1176,34,55,0,1265,0,0,0,1265
08/12/2023,EWR,NJ,AEA,EN,Towers with Radar,1069,27,20,0,1116,0,0,28,0,28,1069,27,48,0,1144,0,0,0,1144
08/13/2023,EWR,NJ,AEA,EN,Towers with Radar,1145,13,6,0,1164,1,0,38,0,39,1146,13,44,0,1203,0,0,0,1203
08/14/2023,EWR,NJ,AEA,EN,Towers with Radar,1136,15,9,0,1160,0,3,36,0,39,1136,18,45,0,1199,0,0,0,1199
08/15/2023,EWR,NJ,AEA,EN,Towers with Radar,1192,25,8,0,1225,0,2,18,0,20,1192,27,26,0,1245,0,0,0,1245
08/16/2023,EWR,NJ,AEA,EN,Towers with Radar,1201,30,12,0,1243,0,4,34,1,39,1201,34,46,1,1282,0,0,0,1282
08/17/2023,EWR,NJ,AEA,EN,Towers with Radar,1194,24,23,0,1241,0,6,25,0,31,1194,30,48,0,1272,0,0,0,1272
08/18/2023,EWR,NJ,AEA,EN,Towers with Radar,1174,20,5,0,1199,0,4,41,1,46,1174,24,46,1,1245,0,0,0,1245
08/19/2023,EWR,NJ,AEA,EN,Towers with Radar,1094,9,2,0,1105,0,0,34,0,34,1094,9,36,0,1139,0,0,0,1139
08/20/2023,EWR,NJ,AEA,EN,Towers with Radar,1123,19,9,0,1151,0,0,24,0,24,1123,19,33,0,1175,0,0,0,1175
08/21/2023,EWR,NJ,AEA,EN,Towers with Radar,1157,14,7,0,1178,0,2,39,0,41,1157,16,46,0,1219,0,0,0,1219
08/22/2023,EWR,NJ,AEA,EN,Towers with Radar,1184,29,7,0,1220,0,4,39,0,43,1184,33,46,0,1263,0,0,0,1263
08/23/2023,EWR,NJ,AEA,EN,Towers with Radar,1177,36,5,0,1218,0,6,41,2,49,1177,42,46,2,1267,0,0,0,1267
08/24/2023,EWR,NJ,AEA,EN,Towers with Radar,1190,40,9,0,1239,0,6,28,0,34,1190,46,37,0,1273,0,0,0,1273
08/25/2023,EWR,NJ,AEA,EN,Towers with Radar,1174,29,9,0,1212,0,0,24,0,24,1174,29,33,0,1236,0,0,0,1236
08/26/2023,EWR,NJ,AEA,EN,Towers with Radar,1085,11,8,0,1104,0,0,23,0,23,1085,11,31,0,1127,0,0,0,1127
08/27/2023,EWR,NJ,AEA,EN,Towers with Radar,1134,21,6,0,1161,0,2,13,0,15,1134,23,19,0,1176,0,0,0,1176
08/28/2023,EWR,NJ,AEA,EN,Towers with Radar,1144,17,12,2,1175,0,0,31,0,31,1144,17,43,2,1206,0,0,0,1206
08/29/2023,EWR,NJ,AEA,EN,Towers with Radar,1181,32,18,0,1231,0,4,30,0,34,1181,36,48,0,1265,0,0,0,1265
08/30/2023,EWR,NJ,AEA,EN,Towers with Radar,1155,33,9,0,1197,0,0,35,0,35,1155,33,44,0,1232,0,0,0,1232
08/31/2023,EWR,NJ,AEA,EN,Towers with Radar,1188,38,10,0,1236,0,5,46,0,51,1188,43,56,0,1287,0,0,0,1287
01/01/2020,EWR,NJ,AEA,EN,Towers with Radar,869,213,4,0,1086,0,0,0,7,7,869,213,4,7,1093,0,0,0,1093
01/02/2020,EWR,NJ,AEA,EN,Towers with Radar,1001,261,8,0,1270,0,4,12,0,16,1001,265,20,0,1286,0,0,0,1286
01/03/2020,EWR,NJ,AEA,EN,Towers with Radar,992,265,13,0,1270,0,2,0,0,2,992,267,13,0,1272,0,0,0,1272
01/04/2020,EWR,NJ,AEA,EN,Towers with Radar,897,235,23,0,1155,0,0,1,0,1,897,235,24,0,1156,0,0,0,1156
01/05/2020,EWR,NJ,AEA,EN,Towers with Radar,952,260,15,0,1227,0,0,3,0,3,952,260,18,0,1230,0,0,0,1230
01/06/2020,EWR,NJ,AEA,EN,Towers with Radar,960,260,18,0,1238,0,0,15,0,15,960,260,33,0,1253,0,0,0,1253
01/07/2020,EWR,NJ,AEA,EN,Towers with Radar,997,268,14,0,1279,0,7,15,3,25,997,275,29,3,1304,0,0,0,1304
01/08/2020,EWR,NJ,AEA,EN,Towers with Radar,944,248,11,0,1203,0,4,11,4,19,944,252,22,4,1222,0,0,0,1222
01/09/2020,EWR,NJ,AEA,EN,Towers with Radar,1009,280,14,0,1303,0,4,26,1,31,1009,284,40,1,1334,0,0,0,1334
01/10/2020,EWR,NJ,AEA,EN,Towers with Radar,969,270,12,0,1251,0,4,15,0,19,969,274,27,0,1270,0,0,0,1270
01/11/2020,EWR,NJ,AEA,EN,Towers with Radar,750,161,5,0,916,0,2,0,2,4,750,163,5,2,920,0,0,0,920
01/12/2020,EWR,NJ,AEA,EN,Towers with Radar,917,229,4,0,1150,0,0,11,1,12,917,229,15,1,1162,0,0,0,1162
01/13/2020,EWR,NJ,AEA,EN,Towers with Radar,955,251,7,0,1213,0,0,22,6,28,955,251,29,6,1241,0,0,0,1241
01/14/2020,EWR,NJ,AEA,EN,Towers with Radar,988,271,13,0,1272,0,0,6,0,6,988,271,19,0,1278,0,0,0,1278
01/15/2020,EWR,NJ,AEA,EN,Towers with Radar,976,282,17,0,1275,0,2,31,0,33,976,284,48,0,1308,0,0,0,1308
01/16/2020,EWR,NJ,AEA,EN,Towers with Radar,985,256,17,0,1258,0,4,14,1,19,985,260,31,1,1277,0,0,0,1277
01/17/2020,EWR,NJ,AEA,EN,Towers with Radar,972,276,12,0,1260,0,8,31,2,41,972,284,43,2,1301,0,0,0,1301
01/18/2020,EWR,NJ,AEA,EN,Towers with Radar,707,119,6,0,832,0,0,0,2,2,707,119,6,2,834,0,0,0,834
01/19/2020,EWR,NJ,AEA,EN,Towers with Radar,873,228,10,0,1111,0,0,14,0,14,873,228,24,0,1125,0,0,0,1125
01/20/2020,EWR,NJ,AEA,EN,Towers with Radar,929,278,17,0,1224,0,2,15,0,17,929,280,32,0,1241,0,0,0,1241
01/21/2020,EWR,NJ,AEA,EN,Towers with Radar,972,291,6,0,1269,0,8,20,6,34,972,299,26,6,1303,0,0,0,1303
01/22/2020,EWR,NJ,AEA,EN,Towers with Radar,970,273,7,0,1250,0,4,8,0,12,970,277,15,0,1262,0,0,0,1262
01/23/2020,EWR,NJ,AEA,EN,Towers with Radar,1000,275,10,0,1285,0,6,29,0,35,1000,281,39,0,1320,0,0,0,1320
01/24/2020,EWR,NJ,AEA,EN,Towers with Radar,981,273,8,0,1262,0,4,22,0,26,981,277,30,0,1288,0,0,0,1288
01/25/2020,EWR,NJ,AEA,EN,Towers with Radar,758,161,5,0,924,0,0,1,0,1,758,161,6,0,925,0,0,0,925
01/26/2020,EWR,NJ,AEA,EN,Towers with Radar,919,233,8,0,1160,0,0,11,0,11,919,233,19,0,1171,0,0,0,1171
01/27/2020,EWR,NJ,AEA,EN,Towers with Radar,941,261,2,0,1204,0,6,10,2,18,941,267,12,2,1222,0,0,0,1222
01/28/2020,EWR,NJ,AEA,EN,Towers with Radar,973,281,7,0,1261,0,4,5,2,11,973,285,12,2,1272,0,0,0,1272
01/29/2020,EWR,NJ,AEA,EN,Towers with Radar,965,274,4,0,1243,0,9,14,0,23,965,283,18,0,1266,0,0,0,1266
01/30/2020,EWR,NJ,AEA,EN,Towers with Radar,995,275,14,0,1284,0,4,16,0,20,995,279,30,0,1304,0,0,0,1304
01/31/2020,EWR,NJ,AEA,EN,Towers with Radar,976,267,7,0,1250,0,4,13,0,17,976,271,20,0,1267,0,0,0,1267
02/01/2020,EWR,NJ,AEA,EN,Towers with Radar,752,175,14,0,941,0,0,2,0,2,752,175,16,0,943,0,0,0,943
02/02/2020,EWR,NJ,AEA,EN,Towers with Radar,890,231,4,0,1125,0,2,2,1,5,890,233,6,1,1130,0,0,0,1130
02/03/2020,EWR,NJ,AEA,EN,Towers with Radar,938,262,9,0,1209,0,4,14,0,18,938,266,23,0,1227,0,0,0,1227
02/04/2020,EWR,NJ,AEA,EN,Towers with Radar,969,274,7,0,1250,0,4,6,0,10,969,278,13,0,1260,0,0,0,1260
02/05/2020,EWR,NJ,AEA,EN,Towers with Radar,965,272,9,0,1246,0,6,13,0,19,965,278,22,0,1265,0,0,0,1265
02/06/2020,EWR,NJ,AEA,EN,Towers with Radar,936,242,10,0,1188,0,0,0,0,0,936,242,10,0,1188,0,0,0,1188
02/07/2020,EWR,NJ,AEA,EN,Towers with Radar,954,233,8,0,1195,0,0,0,0,0,954,233,8,0,1195,0,0,0,1195
02/08/2020,EWR,NJ,AEA,EN,Towers with Radar,782,171,0,0,953,0,3,4,0,7,782,174,4,0,960,0,0,0,960
02/09/2020,EWR,NJ,AEA,EN,Towers with Radar,881,245,9,0,1135,0,0,7,0,7,881,245,16,0,1142,0,0,0,1142
02/10/2020,EWR,NJ,AEA,EN,Towers with Radar,921,262,10,0,1193,0,0,11,0,11,921,262,21,0,1204,0,0,0,1204
02/11/2020,EWR,NJ,AEA,EN,Towers with Radar,991,289,14,0,1294,0,0,6,0,6,991,289,20,0,1300,0,0,0,1300
02/12/2020,EWR,NJ,AEA,EN,Towers with Radar,979,282,7,0,1268,0,6,17,3,26,979,288,24,3,1294,0,0,0,1294
02/13/2020,EWR,NJ,AEA,EN,Towers with Radar,993,239,20,0,1252,0,0,8,0,8,993,239,28,0,1260,0,0,0,1260
02/14/2020,EWR,NJ,AEA,EN,Towers with Radar,1027,245,6,0,1278,0,4,12,0,16,1027,249,18,0,1294,0,0,0,1294
02/15/2020,EWR,NJ,AEA,EN,Towers with Radar,845,204,6,0,1055,0,0,2,1,3,845,204,8,1,1058,0,0,0,1058
02/16/2020,EWR,NJ,AEA,EN,Towers with Radar,908,209,2,0,1119,0,0,2,0,2,908,209,4,0,1121,0,0,0,1121
02/17/2020,EWR,NJ,AEA,EN,Towers with Radar,995,228,17,0,1240,0,0,10,0,10,995,228,27,0,1250,0,0,0,1250
02/18/2020,EWR,NJ,AEA,EN,Towers with Radar,1009,244,15,0,1268,0,5,1,0,6,1009,249,16,0,1274,0,0,0,1274
02/19/2020,EWR,NJ,AEA,EN,Towers with Radar,1035,259,10,0,1304,0,7,20,2,29,1035,266,30,2,1333,0,0,0,1333
02/20/2020,EWR,NJ,AEA,EN,Towers with Radar,1024,241,24,0,1289,0,4,22,0,26,1024,245,46,0,1315,0,0,0,1315
02/21/2020,EWR,NJ,AEA,EN,Towers with Radar,1011,234,11,0,1256,0,4,12,0,16,1011,238,23,0,1272,0,0,0,1272
02/22/2020,EWR,NJ,AEA,EN,Towers with Radar,851,199,5,0,1055,0,2,1,1,4,851,201,6,1,1059,0,0,0,1059
02/23/2020,EWR,NJ,AEA,EN,Towers with Radar,954,209,12,0,1175,0,0,5,0,5,954,209,17,0,1180,0,0,0,1180
02/24/2020,EWR,NJ,AEA,EN,Towers with Radar,986,221,6,0,1213,0,0,12,2,14,986,221,18,2,1227,0,0,0,1227
02/25/2020,EWR,NJ,AEA,EN,Towers with Radar,1019,245,8,0,1272,0,6,2,0,8,1019,251,10,0,1280,0,0,0,1280
02/26/2020,EWR,NJ,AEA,EN,Towers with Radar,1006,230,13,0,1249,0,0,4,0,4,1006,230,17,0,1253,0,0,0,1253
02/27/2020,EWR,NJ,AEA,EN,Towers with Radar,1025,221,11,0,1257,0,6,17,0,23,1025,227,28,0,1280,0,0,0,1280
02/28/2020,EWR,NJ,AEA,EN,Towers with Radar,1033,247,11,0,1291,0,4,13,1,18,1033,251,24,1,1309,0,0,0,1309
02/29/2020,EWR,NJ,AEA,EN,Towers with Radar,850,198,6,0,1054,0,0,6,0,6,850,198,12,0,1060,0,0,0,1060
03/01/2020,EWR,NJ,AEA,EN,Towers with Radar,949,214,17,0,1180,0,0,2,0,2,949,214,19,0,1182,0,0,0,1182
03/02/2020,EWR,NJ,AEA,EN,Towers with Radar,991,222,16,0,1229,0,1,10,2,13,991,223,26,2,1242,0,0,0,1242
03/03/2020,EWR,NJ,AEA,EN,Towers with Radar,1029,237,11,0,1277,0,6,5,2,13,1029,243,16,2,1290,0,0,0,1290
03/04/2020,EWR,NJ,AEA,EN,Towers with Radar,1037,252,12,0,1301,0,6,6,2,14,1037,258,18,2,1315,0,0,0,1315
03/05/2020,EWR,NJ,AEA,EN,Towers with Radar,1067,224,14,0,1305,0,6,16,2,24,1067,230,30,2,1329,0,0,0,1329
03/06/2020,EWR,NJ,AEA,EN,Towers with Radar,1038,216,13,0,1267,0,6,8,0,14,1038,222,21,0,1281,0,0,0,1281
03/07/2020,EWR,NJ,AEA,EN,Towers with Radar,903,188,6,0,1097,0,4,2,2,8,903,192,8,2,1105,0,0,0,1105
03/08/2020,EWR,NJ,AEA,EN,Towers with Radar,985,201,10,0,1196,0,0,8,0,8,985,201,18,0,1204,0,0,0,1204
03/09/2020,EWR,NJ,AEA,EN,Towers with Radar,1015,206,7,1,1229,0,0,8,1,9,1015,206,15,2,1238,0,0,0,1238
03/10/2020,EWR,NJ,AEA,EN,Towers with Radar,1046,225,6,0,1277,0,4,4,0,8,1046,229,10,0,1285,0,0,0,1285
03/11/2020,EWR,NJ,AEA,EN,Towers with Radar,1055,227,12,0,1294,0,4,4,8,16,1055,231,16,8,1310,0,0,0,1310
03/12/2020,EWR,NJ,AEA,EN,Towers with Radar,1085,237,12,0,1334,0,2,8,0,10,1085,239,20,0,1344,0,0,0,1344
03/13/2020,EWR,NJ,AEA,EN,Towers with Radar,1041,222,13,0,1276,0,0,13,1,14,1041,222,26,1,1290,0,0,0,1290
03/14/2020,EWR,NJ,AEA,EN,Towers with Radar,910,186,4,0,1100,0,0,2,3,5,910,186,6,3,1105,0,0,0,1105
03/15/2020,EWR,NJ,AEA,EN,Towers with Radar,984,199,4,0,1187,0,0,2,0,2,984,199,6,0,1189,0,0,0,1189
03/16/2020,EWR,NJ,AEA,EN,Towers with Radar,978,201,4,0,1183,0,0,2,0,2,978,201,6,0,1185,0,0,0,1185
03/17/2020,EWR,NJ,AEA,EN,Towers with Radar,1001,222,4,0,1227,0,4,1,0,5,1001,226,5,0,1232,0,0,0,1232
03/18/2020,EWR,NJ,AEA,EN,Towers with Radar,959,212,7,0,1178,0,4,0,0,4,959,216,7,0,1182,0,0,0,1182
03/19/2020,EWR,NJ,AEA,EN,Towers with Radar,909,220,4,0,1133,0,0,0,0,0,909,220,4,0,1133,0,0,0,1133
03/20/2020,EWR,NJ,AEA,EN,Towers with Radar,859,206,5,0,1070,0,0,0,0,0,859,206,5,0,1070,0,0,0,1070
03/21/2020,EWR,NJ,AEA,EN,Towers with Radar,578,114,9,0,701,0,0,6,0,6,578,114,15,0,707,0,0,0,707
03/22/2020,EWR,NJ,AEA,EN,Towers with Radar,583,107,1,0,691,0,0,6,0,6,583,107,7,0,697,0,0,0,697
03/23/2020,EWR,NJ,AEA,EN,Towers with Radar,566,126,4,0,696,0,0,0,0,0,566,126,4,0,696,0,0,0,696
03/24/2020,EWR,NJ,AEA,EN,Towers with Radar,574,149,3,0,726,0,4,1,0,5,574,153,4,0,731,0,0,0,731
03/25/2020,EWR,NJ,AEA,EN,Towers with Radar,471,109,3,0,583,0,4,0,0,4,471,113,3,0,587,0,0,0,587
03/26/2020,EWR,NJ,AEA,EN,Towers with Radar,397,106,4,0,507,0,4,4,10,18,397,110,8,10,525,0,0,0,525
03/27/2020,EWR,NJ,AEA,EN,Towers with Radar,361,115,1,0,477,0,4,4,0,8,361,119,5,0,485,0,0,0,485
03/28/2020,EWR,NJ,AEA,EN,Towers with Radar,283,70,0,0,353,0,0,0,0,0,283,70,0,0,353,0,0,0,353
03/29/2020,EWR,NJ,AEA,EN,Towers with Radar,326,75,5,0,406,0,0,0,0,0,326,75,5,0,406,0,0,0,406
03/30/2020,EWR,NJ,AEA,EN,Towers with Radar,300,60,0,0,360,0,0,0,0,0,300,60,0,0,360,0,0,0,360
03/31/2020,EWR,NJ,AEA,EN,Towers with Radar,362,75,0,0,437,0,4,0,0,4,362,79,0,0,441,0,0,0,441
04/01/2020,EWR,NJ,AEA,EN,Towers with Radar,243,60,0,0,303,0,4,4,0,8,243,64,4,0,311,0,0,0,311
04/02/2020,EWR,NJ,AEA,EN,Towers with Radar,215,65,6,0,286,0,4,2,0,6,215,69,8,0,292,0,0,0,292
04/03/2020,EWR,NJ,AEA,EN,Towers with Radar,227,54,0,0,281,0,4,2,0,6,227,58,2,0,287,0,0,0,287
04/04/2020,EWR,NJ,AEA,EN,Towers with Radar,186,29,0,0,215,0,0,4,0,4,186,29,4,0,219,0,0,0,219
04/05/2020,EWR,NJ,AEA,EN,Towers with Radar,216,22,2,0,240,0,0,6,0,6,216,22,8,0,246,0,0,0,246
04/06/2020,EWR,NJ,AEA,EN,Towers with Radar,134,12,3,0,149,0,0,22,0,22,134,12,25,0,171,0,0,0,171
04/07/2020,EWR,NJ,AEA,EN,Towers with Radar,165,27,1,0,193,0,4,10,0,14,165,31,11,0,207,0,0,0,207
04/08/2020,EWR,NJ,AEA,EN,Towers with Radar,151,29,2,0,182,0,0,0,0,0,151,29,2,0,182,0,0,0,182
04/09/2020,EWR,NJ,AEA,EN,Towers with Radar,146,24,0,0,170,0,4,2,0,6,146,28,2,0,176,0,0,0,176
04/10/2020,EWR,NJ,AEA,EN,Towers with Radar,124,16,1,0,141,0,4,0,0,4,124,20,1,0,145,0,0,0,145
04/11/2020,EWR,NJ,AEA,EN,Towers with Radar,96,2,1,0,99,0,0,4,0,4,96,2,5,0,103,0,0,0,103
04/12/2020,EWR,NJ,AEA,EN,Towers with Radar,90,0,1,2,93,0,0,7,0,7,90,0,8,2,100,0,0,0,100
04/13/2020,EWR,NJ,AEA,EN,Towers with Radar,81,6,1,2,90,0,0,0,0,0,81,6,1,2,90,0,0,0,90
04/14/2020,EWR,NJ,AEA,EN,Towers with Radar,119,21,1,0,141,0,2,9,0,11,119,23,10,0,152,0,0,0,152
04/15/2020,EWR,NJ,AEA,EN,Towers with Radar,117,28,3,0,148,0,4,1,0,5,117,32,4,0,153,0,0,0,153
04/16/2020,EWR,NJ,AEA,EN,Towers with Radar,118,19,2,0,139,0,4,6,0,10,118,23,8,0,149,0,0,0,149
04/17/2020,EWR,NJ,AEA,EN,Towers with Radar,105,16,0,0,121,0,4,2,8,14,105,20,2,8,135,0,0,0,135
04/18/2020,EWR,NJ,AEA,EN,Towers with Radar,76,0,5,0,81,0,0,8,0,8,76,0,13,0,89,0,0,0,89
04/19/2020,EWR,NJ,AEA,EN,Towers with Radar,83,4,3,0,90,0,0,25,2,27,83,4,28,2,117,0,0,0,117
04/20/2020,EWR,NJ,AEA,EN,Towers with Radar,80,7,2,2,91,0,0,12,0,12,80,7,14,2,103,0,0,0,103
04/21/2020,EWR,NJ,AEA,EN,Towers with Radar,113,21,0,0,134,0,4,1,0,5,113,25,1,0,139,0,0,0,139
04/22/2020,EWR,NJ,AEA,EN,Towers with Radar,113,25,8,3,149,0,4,6,1,11,113,29,14,4,160,0,0,0,160
04/23/2020,EWR,NJ,AEA,EN,Towers with Radar,112,30,7,0,149,0,4,17,0,21,112,34,24,0,170,0,0,0,170
04/24/2020,EWR,NJ,AEA,EN,Towers with Radar,103,18,6,0,127,0,0,0,0,0,103,18,6,0,127,0,0,0,127
04/25/2020,EWR,NJ,AEA,EN,Towers with Radar,72,1,3,0,76,0,2,60,2,64,72,3,63,2,140,0,0,0,140
04/26/2020,EWR,NJ,AEA,EN,Towers with Radar,82,1,0,0,83,0,0,2,0,2,82,1,2,0,85,0,0,0,85
04/27/2020,EWR,NJ,AEA,EN,Towers with Radar,86,6,0,0,92,0,0,2,2,4,86,6,2,2,96,0,0,0,96
04/28/2020,EWR,NJ,AEA,EN,Towers with Radar,118,26,5,0,149,0,4,54,2,60,118,30,59,2,209,0,0,0,209
04/29/2020,EWR,NJ,AEA,EN,Towers with Radar,127,24,1,0,152,0,0,6,0,6,127,24,7,0,158,0,0,0,158
04/30/2020,EWR,NJ,AEA,EN,Towers with Radar,127,25,0,0,152,0,0,0,0,0,127,25,0,0,152,0,0,0,152
05/01/2020,EWR,NJ,AEA,EN,Towers with Radar,112,17,2,1,132,0,0,8,0,8,112,17,10,1,140,0,0,0,140
05/02/2020,EWR,NJ,AEA,EN,Towers with Radar,70,3,4,1,78,0,1,43,1,45,70,4,47,2,123,0,0,0,123
05/03/2020,EWR,NJ,AEA,EN,Towers with Radar,86,1,6,0,93,0,0,28,0,28,86,1,34,0,121,0,0,0,121
05/04/2020,EWR,NJ,AEA,EN,Towers with Radar,76,5,4,0,85,0,0,7,0,7,76,5,11,0,92,0,0,0,92
05/05/2020,EWR,NJ,AEA,EN,Towers with Radar,117,27,2,0,146,0,6,28,0,34,117,33,30,0,180,0,0,0,180
05/06/2020,EWR,NJ,AEA,EN,Towers with Radar,119,27,1,6,153,0,4,6,0,10,119,31,7,6,163,0,0,0,163
05/07/2020,EWR,NJ,AEA,EN,Towers with Radar,120,27,1,0,148,0,4,27,0,31,120,31,28,0,179,0,0,0,179
05/08/2020,EWR,NJ,AEA,EN,Towers with Radar,112,28,6,2,148,0,4,1,2,7,112,32,7,4,155,0,0,0,155
05/09/2020,EWR,NJ,AEA,EN,Towers with Radar,79,7,1,0,87,0,0,2,0,2,79,7,3,0,89,0,0,0,89
05/10/2020,EWR,NJ,AEA,EN,Towers with Radar,85,3,3,0,91,0,1,8,0,9,85,4,11,0,100,0,0,0,100
05/11/2020,EWR,NJ,AEA,EN,Towers with Radar,87,4,0,0,91,0,0,0,0,0,87,4,0,0,91,0,0,0,91
05/12/2020,EWR,NJ,AEA,EN,Towers with Radar,124,33,0,2,159,0,4,8,0,12,124,37,8,2,171,0,0,0,171
05/13/2020,EWR,NJ,AEA,EN,Towers with Radar,128,29,0,0,157,0,4,28,0,32,128,33,28,0,189,0,0,0,189
05/14/2020,EWR,NJ,AEA,EN,Towers with Radar,122,29,3,0,154,0,4,31,0,35,122,33,34,0,189,0,0,0,189
05/15/2020,EWR,NJ,AEA,EN,Towers with Radar,116,22,4,0,142,0,4,6,0,10,116,26,10,0,152,0,0,0,152
05/16/2020,EWR,NJ,AEA,EN,Towers with Radar,84,0,4,0,88,0,0,44,0,44,84,0,48,0,132,0,0,0,132
05/17/2020,EWR,NJ,AEA,EN,Towers with Radar,97,5,2,0,104,0,0,26,0,26,97,5,28,0,130,0,0,0,130
05/18/2020,EWR,NJ,AEA,EN,Towers with Radar,88,5,2,0,95,0,0,4,0,4,88,5,6,0,99,0,0,0,99
05/19/2020,EWR,NJ,AEA,EN,Towers with Radar,130,28,3,2,163,0,4,2,0,6,130,32,5,2,169,0,0,0,169
05/20/2020,EWR,NJ,AEA,EN,Towers with Radar,175,36,7,0,218,0,4,11,0,15,175,40,18,0,233,0,0,0,233
05/21/2020,EWR,NJ,AEA,EN,Towers with Radar,169,25,5,0,199,0,4,27,0,31,169,29,32,0,230,0,0,0,230
05/22/2020,EWR,NJ,AEA,EN,Towers with Radar,153,23,4,0,180,0,4,8,2,14,153,27,12,2,194,0,0,0,194
05/23/2020,EWR,NJ,AEA,EN,Towers with Radar,118,0,4,2,124,0,0,0,0,0,118,0,4,2,124,0,0,0,124
05/24/2020,EWR,NJ,AEA,EN,Towers with Radar,122,0,0,0,122,0,0,14,1,15,122,0,14,1,137,0,0,0,137
05/25/2020,EWR,NJ,AEA,EN,Towers with Radar,119,2,0,0,121,0,0,2,0,2,119,2,2,0,123,0,0,0,123
05/26/2020,EWR,NJ,AEA,EN,Towers with Radar,131,5,5,4,145,0,0,6,0,6,131,5,11,4,151,0,0,0,151
05/27/2020,EWR,NJ,AEA,EN,Towers with Radar,175,31,4,0,210,0,0,6,0,6,175,31,10,0,216,0,0,0,216
05/28/2020,EWR,NJ,AEA,EN,Towers with Radar,175,30,3,0,208,0,0,1,0,1,175,30,4,0,209,0,0,0,209
05/29/2020,EWR,NJ,AEA,EN,Towers with Radar,156,25,5,0,186,0,0,2,0,2,156,25,7,0,188,0,0,0,188
05/30/2020,EWR,NJ,AEA,EN,Towers with Radar,123,2,4,0,129,0,0,8,0,8,123,2,12,0,137,0,0,0,137
05/31/2020,EWR,NJ,AEA,EN,Towers with Radar,145,1,7,0,153,0,0,17,1,18,145,1,24,1,171,0,0,0,171
06/01/2020,EWR,NJ,AEA,EN,Towers with Radar,141,10,8,0,159,0,0,41,0,41,141,10,49,0,200,0,0,0,200
06/02/2020,EWR,NJ,AEA,EN,Towers with Radar,182,27,6,0,215,0,4,16,2,22,182,31,22,2,237,0,0,0,237
06/03/2020,EWR,NJ,AEA,EN,Towers with Radar,181,32,4,0,217,0,4,8,1,13,181,36,12,1,230,0,0,0,230
06/04/2020,EWR,NJ,AEA,EN,Towers with Radar,192,27,1,4,224,0,4,14,0,18,192,31,15,4,242,0,0,0,242
06/05/2020,EWR,NJ,AEA,EN,Towers with Radar,182,20,2,0,204,0,4,0,0,4,182,24,2,0,208,0,0,0,208
06/06/2020,EWR,NJ,AEA,EN,Towers with Radar,155,5,3,0,163,0,0,5,0,5,155,5,8,0,168,0,0,0,168
06/07/2020,EWR,NJ,AEA,EN,Towers with Radar,166,4,11,0,181,0,0,14,0,14,166,4,25,0,195,0,0,0,195
06/08/2020,EWR,NJ,AEA,EN,Towers with Radar,154,12,7,0,173,0,0,8,0,8,154,12,15,0,181,0,0,0,181
06/09/2020,EWR,NJ,AEA,EN,Towers with Radar,195,32,2,0,229,0,8,4,2,14,195,40,6,2,243,0,0,0,243
06/10/2020,EWR,NJ,AEA,EN,Towers with Radar,198,35,4,2,239,0,4,8,0,12,198,39,12,2,251,0,0,0,251
06/11/2020,EWR,NJ,AEA,EN,Towers with Radar,213,34,2,2,251,0,4,6,5,15,213,38,8,7,266,0,0,0,266
06/12/2020,EWR,NJ,AEA,EN,Towers with Radar,201,24,8,0,233,0,0,2,0,2,201,24,10,0,235,0,0,0,235
06/13/2020,EWR,NJ,AEA,EN,Towers with Radar,165,1,2,0,168,0,0,6,2,8,165,1,8,2,176,0,0,0,176
06/14/2020,EWR,NJ,AEA,EN,Towers with Radar,183,7,2,2,194,0,0,5,2,7,183,7,7,4,201,0,0,0,201
06/15/2020,EWR,NJ,AEA,EN,Towers with Radar,167,11,1,0,179,0,1,10,4,15,167,12,11,4,194,0,0,0,194
06/16/2020,EWR,NJ,AEA,EN,Towers with Radar,220,37,6,0,263,0,4,7,0,11,220,41,13,0,274,0,0,0,274
06/17/2020,EWR,NJ,AEA,EN,Towers with Radar,223,39,4,0,266,0,4,14,0,18,223,43,18,0,284,0,0,0,284
06/18/2020,EWR,NJ,AEA,EN,Towers with Radar,257,34,2,0,293,0,0,1,0,1,257,34,3,0,294,0,0,0,294
06/19/2020,EWR,NJ,AEA,EN,Towers with Radar,228,33,2,0,263,0,0,6,0,6,228,33,8,0,269,0,0,0,269
06/20/2020,EWR,NJ,AEA,EN,Towers with Radar,197,0,0,0,197,0,0,14,0,14,197,0,14,0,211,0,0,0,211
06/21/2020,EWR,NJ,AEA,EN,Towers with Radar,213,7,3,0,223,0,1,3,0,4,213,8,6,0,227,0,0,0,227
06/22/2020,EWR,NJ,AEA,EN,Towers with Radar,209,9,1,0,219,0,0,4,2,6,209,9,5,2,225,0,0,0,225
06/23/2020,EWR,NJ,AEA,EN,Towers with Radar,223,34,3,0,260,0,4,6,0,10,223,38,9,0,270,0,0,0,270
06/24/2020,EWR,NJ,AEA,EN,Towers with Radar,238,33,1,0,272,0,4,10,1,15,238,37,11,1,287,0,0,0,287
06/25/2020,EWR,NJ,AEA,EN,Towers with Radar,268,34,7,2,311,0,4,14,0,18,268,38,21,2,329,0,0,0,329
06/26/2020,EWR,NJ,AEA,EN,Towers with Radar,247,29,4,4,284,0,6,2,0,8,247,35,6,4,292,0,0,0,292
06/27/2020,EWR,NJ,AEA,EN,Towers with Radar,222,2,2,0,226,0,0,2,0,2,222,2,4,0,228,0,0,0,228
06/28/2020,EWR,NJ,AEA,EN,Towers with Radar,239,1,3,0,243,0,0,9,0,9,239,1,12,0,252,0,0,0,252
06/29/2020,EWR,NJ,AEA,EN,Towers with Radar,220,14,0,0,234,0,0,10,1,11,220,14,10,1,245,0,0,0,245
06/30/2020,EWR,NJ,AEA,EN,Towers with Radar,249,32,0,0,281,0,5,6,0,11,249,37,6,0,292,0,0,0,292
07/01/2020,EWR,NJ,AEA,EN,Towers with Radar,338,35,3,0,376,0,2,2,0,4,338,37,5,0,380,0,0,0,380
07/02/2020,EWR,NJ,AEA,EN,Towers with Radar,374,37,4,1,416,0,8,10,0,18,374,45,14,1,434,0,0,0,434
07/03/2020,EWR,NJ,AEA,EN,Towers with Radar,346,33,3,0,382,0,4,12,0,16,346,37,15,0,398,0,0,0,398
07/04/2020,EWR,NJ,AEA,EN,Towers with Radar,276,7,0,0,283,0,2,2,4,8,276,9,2,4,291,0,0,0,291
07/05/2020,EWR,NJ,AEA,EN,Towers with Radar,326,8,8,0,342,0,0,4,4,8,326,8,12,4,350,0,0,0,350
07/06/2020,EWR,NJ,AEA,EN,Towers with Radar,400,10,3,0,413,0,0,0,0,0,400,10,3,0,413,0,0,0,413
07/07/2020,EWR,NJ,AEA,EN,Towers with Radar,478,36,8,2,524,0,4,2,2,8,478,40,10,4,532,0,0,0,532
07/08/2020,EWR,NJ,AEA,EN,Towers with Radar,468,37,2,0,507,0,6,9,0,15,468,43,11,0,522,0,0,0,522
07/09/2020,EWR,NJ,AEA,EN,Towers with Radar,474,34,5,0,513,0,4,14,0,18,474,38,19,0,531,0,0,0,531
07/10/2020,EWR,NJ,AEA,EN,Towers with Radar,484,35,5,0,524,0,4,0,0,4,484,39,5,0,528,0,0,0,528
07/11/2020,EWR,NJ,AEA,EN,Towers with Radar,416,1,0,0,417,0,0,4,0,4,416,1,4,0,421,0,0,0,421
07/12/2020,EWR,NJ,AEA,EN,Towers with Radar,437,5,10,0,452,0,0,0,2,2,437,5,10,2,454,0,0,0,454
07/13/2020,EWR,NJ,AEA,EN,Towers with Radar,444,20,10,0,474,0,0,0,6,6,444,20,10,6,480,0,0,0,480
07/14/2020,EWR,NJ,AEA,EN,Towers with Radar,451,41,2,0,494,0,4,2,0,6,451,45,4,0,500,0,0,0,500
07/15/2020,EWR,NJ,AEA,EN,Towers with Radar,442,40,2,0,484,0,7,4,6,17,442,47,6,6,501,0,0,0,501
07/16/2020,EWR,NJ,AEA,EN,Towers with Radar,453,34,1,0,488,0,4,12,2,18,453,38,13,2,506,0,0,0,506
07/17/2020,EWR,NJ,AEA,EN,Towers with Radar,452,36,4,0,492,0,4,0,0,4,452,40,4,0,496,0,0,0,496
07/18/2020,EWR,NJ,AEA,EN,Towers with Radar,390,9,7,0,406,0,0,4,3,7,390,9,11,3,413,0,0,0,413
07/19/2020,EWR,NJ,AEA,EN,Towers with Radar,416,7,8,0,431,0,0,3,10,13,416,7,11,10,444,0,0,0,444
07/20/2020,EWR,NJ,AEA,EN,Towers with Radar,420,17,3,0,440,0,0,2,1,3,420,17,5,1,443,0,0,0,443
07/21/2020,EWR,NJ,AEA,EN,Towers with Radar,435,41,7,0,483,0,5,6,0,11,435,46,13,0,494,0,0,0,494
07/22/2020,EWR,NJ,AEA,EN,Towers with Radar,436,40,8,0,484,0,11,2,0,13,436,51,10,0,497,0,0,0,497
07/23/2020,EWR,NJ,AEA,EN,Towers with Radar,469,40,6,2,517,1,4,3,1,9,470,44,9,3,526,0,0,0,526
07/24/2020,EWR,NJ,AEA,EN,Towers with Radar,447,35,4,0,486,0,6,11,0,17,447,41,15,0,503,0,0,0,503
07/25/2020,EWR,NJ,AEA,EN,Towers with Radar,395,13,4,0,412,0,0,3,2,5,395,13,7,2,417,0,0,0,417
07/26/2020,EWR,NJ,AEA,EN,Towers with Radar,423,14,3,2,442,0,0,2,0,2,423,14,5,2,444,0,0,0,444
07/27/2020,EWR,NJ,AEA,EN,Towers with Radar,413,17,2,0,432,0,0,6,0,6,413,17,8,0,438,0,0,0,438
07/28/2020,EWR,NJ,AEA,EN,Towers with Radar,435,37,4,0,476,0,5,25,0,30,435,42,29,0,506,0,0,0,506
07/29/2020,EWR,NJ,AEA,EN,Towers with Radar,445,44,7,0,496,0,10,6,0,16,445,54,13,0,512,0,0,0,512
07/30/2020,EWR,NJ,AEA,EN,Towers with Radar,461,41,2,0,504,0,4,8,0,12,461,45,10,0,516,0,0,0,516
07/31/2020,EWR,NJ,AEA,EN,Towers with Radar,450,41,7,0,498,0,5,2,0,7,450,46,9,0,505,0,0,0,505
08/01/2020,EWR,NJ,AEA,EN,Towers with Radar,395,7,8,0,410,0,5,1,2,8,395,12,9,2,418,0,0,0,418
08/02/2020,EWR,NJ,AEA,EN,Towers with Radar,443,9,4,0,456,0,0,2,0,2,443,9,6,0,458,0,0,0,458
08/03/2020,EWR,NJ,AEA,EN,Towers with Radar,461,21,6,0,488,0,6,6,2,14,461,27,12,2,502,0,0,0,502
08/04/2020,EWR,NJ,AEA,EN,Towers with Radar,348,19,7,0,374,0,6,1,0,7,348,25,8,0,381,0,0,0,381
08/05/2020,EWR,NJ,AEA,EN,Towers with Radar,443,39,11,2,495,0,10,12,0,22,443,49,23,2,517,0,0,0,517
08/06/2020,EWR,NJ,AEA,EN,Towers with Radar,499,31,4,0,534,0,7,9,4,20,499,38,13,4,554,0,0,0,554
08/07/2020,EWR,NJ,AEA,EN,Towers with Radar,492,26,5,0,523,0,6,2,2,10,492,32,7,2,533,0,0,0,533
08/08/2020,EWR,NJ,AEA,EN,Towers with Radar,440,6,7,2,455,0,0,3,0,3,440,6,10,2,458,0,0,0,458
08/09/2020,EWR,NJ,AEA,EN,Towers with Radar,478,7,2,4,491,0,0,6,6,12,478,7,8,10,503,0,0,0,503
08/10/2020,EWR,NJ,AEA,EN,Towers with Radar,442,21,4,0,467,0,4,1,0,5,442,25,5,0,472,0,0,0,472
08/11/2020,EWR,NJ,AEA,EN,Towers with Radar,451,30,5,0,486,0,10,2,0,12,451,40,7,0,498,0,0,0,498
08/12/2020,EWR,NJ,AEA,EN,Towers with Radar,433,30,8,0,471,0,8,7,0,15,433,38,15,0,486,0,0,0,486
08/13/2020,EWR,NJ,AEA,EN,Towers with Radar,508,28,9,2,547,0,6,7,2,15,508,34,16,4,562,0,0,0,562
08/14/2020,EWR,NJ,AEA,EN,Towers with Radar,488,29,8,1,526,0,6,5,2,13,488,35,13,3,539,0,0,0,539
08/15/2020,EWR,NJ,AEA,EN,Towers with Radar,435,8,5,0,448,0,6,3,13,22,435,14,8,13,470,0,0,0,470
08/16/2020,EWR,NJ,AEA,EN,Towers with Radar,481,11,15,2,509,0,0,0,0,0,481,11,15,2,509,0,0,0,509
08/17/2020,EWR,NJ,AEA,EN,Towers with Radar,452,12,13,0,477,0,2,5,1,8,452,14,18,1,485,0,0,0,485
08/18/2020,EWR,NJ,AEA,EN,Towers with Radar,443,29,11,0,483,0,6,4,0,10,443,35,15,0,493,0,0,0,493
08/19/2020,EWR,NJ,AEA,EN,Towers with Radar,435,32,5,0,472,0,6,5,2,13,435,38,10,2,485,0,0,0,485
08/20/2020,EWR,NJ,AEA,EN,Towers with Radar,508,28,6,0,542,0,6,16,0,22,508,34,22,0,564,0,0,0,564
08/21/2020,EWR,NJ,AEA,EN,Towers with Radar,490,32,13,0,535,0,4,2,0,6,490,36,15,0,541,0,0,0,541
08/22/2020,EWR,NJ,AEA,EN,Towers with Radar,429,13,6,0,448,0,0,4,2,6,429,13,10,2,454,0,0,0,454
08/23/2020,EWR,NJ,AEA,EN,Towers with Radar,474,14,11,0,499,0,1,13,0,14,474,15,24,0,513,0,0,0,513
08/24/2020,EWR,NJ,AEA,EN,Towers with Radar,461,16,7,0,484,0,0,5,4,9,461,16,12,4,493,0,0,0,493
08/25/2020,EWR,NJ,AEA,EN,Towers with Radar,449,29,9,0,487,0,8,15,0,23,449,37,24,0,510,0,0,0,510
08/26/2020,EWR,NJ,AEA,EN,Towers with Radar,431,30,17,0,478,0,6,6,0,12,431,36,23,0,490,0,0,0,490
08/27/2020,EWR,NJ,AEA,EN,Towers with Radar,514,33,6,0,553,0,6,6,0,12,514,39,12,0,565,0,0,0,565
08/28/2020,EWR,NJ,AEA,EN,Towers with Radar,489,25,5,0,519,0,6,5,0,11,489,31,10,0,530,0,0,0,530
08/29/2020,EWR,NJ,AEA,EN,Towers with Radar,436,6,2,2,446,0,0,2,0,2,436,6,4,2,448,0,0,0,448
08/30/2020,EWR,NJ,AEA,EN,Towers with Radar,467,9,4,0,480,0,0,8,8,16,467,9,12,8,496,0,0,0,496
08/31/2020,EWR,NJ,AEA,EN,Towers with Radar,450,16,4,0,470,0,4,6,0,10,450,20,10,0,480,0,0,0,480
09/01/2020,EWR,NJ,AEA,EN,Towers with Radar,445,37,8,0,490,0,6,2,2,10,445,43,10,2,500,0,0,0,500
09/02/2020,EWR,NJ,AEA,EN,Towers with Radar,405,32,11,0,448,0,0,2,2,4,405,32,13,2,452,0,0,0,452
09/03/2020,EWR,NJ,AEA,EN,Towers with Radar,495,40,2,0,537,0,8,10,2,20,495,48,12,2,557,0,0,0,557
09/04/2020,EWR,NJ,AEA,EN,Towers with Radar,461,44,2,0,507,0,6,14,1,21,461,50,16,1,528,0,0,0,528
09/05/2020,EWR,NJ,AEA,EN,Towers with Radar,372,21,3,0,396,0,0,8,0,8,372,21,11,0,404,0,0,0,404
09/06/2020,EWR,NJ,AEA,EN,Towers with Radar,397,17,8,0,422,0,0,11,1,12,397,17,19,1,434,0,0,0,434
09/07/2020,EWR,NJ,AEA,EN,Towers with Radar,399,21,3,0,423,0,3,8,0,11,399,24,11,0,434,0,0,0,434
09/08/2020,EWR,NJ,AEA,EN,Towers with Radar,332,23,3,0,358,0,10,3,0,13,332,33,6,0,371,0,0,0,371
09/09/2020,EWR,NJ,AEA,EN,Towers with Radar,356,35,10,0,401,0,6,8,2,16,356,41,18,2,417,0,0,0,417
09/10/2020,EWR,NJ,AEA,EN,Towers with Radar,463,39,10,0,512,0,0,4,0,4,463,39,14,0,516,0,0,0,516
09/11/2020,EWR,NJ,AEA,EN,Towers with Radar,448,42,11,0,501,0,6,12,3,21,448,48,23,3,522,0,0,0,522
09/12/2020,EWR,NJ,AEA,EN,Towers with Radar,398,28,6,0,432,0,4,8,0,12,398,32,14,0,444,0,0,0,444
09/13/2020,EWR,NJ,AEA,EN,Towers with Radar,416,21,1,0,438,0,0,4,0,4,416,21,5,0,442,0,0,0,442
09/14/2020,EWR,NJ,AEA,EN,Towers with Radar,392,29,3,0,424,0,0,6,0,6,392,29,9,0,430,0,0,0,430
09/15/2020,EWR,NJ,AEA,EN,Towers with Radar,359,44,3,0,406,0,4,20,0,24,359,48,23,0,430,0,0,0,430
09/16/2020,EWR,NJ,AEA,EN,Towers with Radar,361,41,2,0,404,0,6,6,0,12,361,47,8,0,416,0,0,0,416
09/17/2020,EWR,NJ,AEA,EN,Towers with Radar,466,45,5,0,516,0,7,6,0,13,466,52,11,0,529,0,0,0,529
09/18/2020,EWR,NJ,AEA,EN,Towers with Radar,444,43,9,0,496,0,6,8,0,14,444,49,17,0,510,0,0,0,510
09/19/2020,EWR,NJ,AEA,EN,Towers with Radar,400,14,3,0,417,0,6,2,0,8,400,20,5,0,425,0,0,0,425
09/20/2020,EWR,NJ,AEA,EN,Towers with Radar,421,14,5,0,440,0,0,1,3,4,421,14,6,3,444,0,0,0,444
09/21/2020,EWR,NJ,AEA,EN,Towers with Radar,402,18,3,0,423,0,0,3,0,3,402,18,6,0,426,0,0,0,426
09/22/2020,EWR,NJ,AEA,EN,Towers with Radar,367,43,8,0,418,0,4,0,0,4,367,47,8,0,422,0,0,0,422
09/23/2020,EWR,NJ,AEA,EN,Towers with Radar,363,52,8,0,423,0,7,7,0,14,363,59,15,0,437,0,0,0,437
09/24/2020,EWR,NJ,AEA,EN,Towers with Radar,477,43,3,0,523,0,6,8,0,14,477,49,11,0,537,0,0,0,537
09/25/2020,EWR,NJ,AEA,EN,Towers with Radar,451,41,3,0,495,0,6,9,0,15,451,47,12,0,510,0,0,0,510
09/26/2020,EWR,NJ,AEA,EN,Towers with Radar,407,21,5,0,433,0,1,1,0,2,407,22,6,0,435,0,0,0,435
09/27/2020,EWR,NJ,AEA,EN,Towers with Radar,436,18,4,0,458,0,0,7,0,7,436,18,11,0,465,0,0,0,465
09/28/2020,EWR,NJ,AEA,EN,Towers with Radar,414,18,3,0,435,0,0,2,0,2,414,18,5,0,437,0,0,0,437
09/29/2020,EWR,NJ,AEA,EN,Towers with Radar,364,42,8,0,414,0,6,4,0,10,364,48,12,0,424,0,0,0,424
09/30/2020,EWR,NJ,AEA,EN,Towers with Radar,367,46,8,2,423,0,7,0,0,7,367,53,8,2,430,0,0,0,430
10/01/2020,EWR,NJ,AEA,EN,Towers with Radar,541,60,3,0,604,0,8,14,0,22,541,68,17,0,626,0,0,0,626
10/02/2020,EWR,NJ,AEA,EN,Towers with Radar,538,49,9,2,598,0,12,14,0,26,538,61,23,2,624,0,0,0,624
10/03/2020,EWR,NJ,AEA,EN,Towers with Radar,436,22,1,0,459,0,7,9,1,17,436,29,10,1,476,0,0,0,476
10/04/2020,EWR,NJ,AEA,EN,Towers with Radar,498,32,5,0,535,0,3,7,0,10,498,35,12,0,545,0,0,0,545
10/05/2020,EWR,NJ,AEA,EN,Towers with Radar,474,38,11,0,523,0,0,3,0,3,474,38,14,0,526,0,0,0,526
10/06/2020,EWR,NJ,AEA,EN,Towers with Radar,432,57,2,2,493,0,6,10,0,16,432,63,12,2,509,0,0,0,509
10/07/2020,EWR,NJ,AEA,EN,Towers with Radar,425,57,3,0,485,0,6,0,0,6,425,63,3,0,491,0,0,0,491
10/08/2020,EWR,NJ,AEA,EN,Towers with Radar,548,63,4,0,615,0,4,7,4,15,548,67,11,4,630,0,0,0,630
10/09/2020,EWR,NJ,AEA,EN,Towers with Radar,533,51,3,0,587,0,6,12,2,20,533,57,15,2,607,0,0,0,607
10/10/2020,EWR,NJ,AEA,EN,Towers with Radar,440,18,7,0,465,0,0,4,4,8,440,18,11,4,473,0,0,0,473
10/11/2020,EWR,NJ,AEA,EN,Towers with Radar,506,30,5,0,541,0,0,2,3,5,506,30,7,3,546,0,0,0,546
10/12/2020,EWR,NJ,AEA,EN,Towers with Radar,497,47,7,0,551,0,0,4,0,4,497,47,11,0,555,0,0,0,555
10/13/2020,EWR,NJ,AEA,EN,Towers with Radar,436,55,14,0,505,0,2,0,0,2,436,57,14,0,507,0,0,0,507
10/14/2020,EWR,NJ,AEA,EN,Towers with Radar,426,50,11,0,487,0,4,13,0,17,426,54,24,0,504,0,0,0,504
10/15/2020,EWR,NJ,AEA,EN,Towers with Radar,549,63,5,0,617,0,6,13,0,19,549,69,18,0,636,0,0,0,636
10/16/2020,EWR,NJ,AEA,EN,Towers with Radar,536,47,2,0,585,0,4,0,0,4,536,51,2,0,589,0,0,0,589
10/17/2020,EWR,NJ,AEA,EN,Towers with Radar,443,23,4,0,470,0,0,4,8,12,443,23,8,8,482,0,0,0,482
10/18/2020,EWR,NJ,AEA,EN,Towers with Radar,515,35,10,0,560,0,0,9,1,10,515,35,19,1,570,0,0,0,570
10/19/2020,EWR,NJ,AEA,EN,Towers with Radar,491,37,2,0,530,0,0,1,0,1,491,37,3,0,531,0,0,0,531
10/20/2020,EWR,NJ,AEA,EN,Towers with Radar,434,55,6,0,495,0,0,4,4,8,434,55,10,4,503,0,0,0,503
10/21/2020,EWR,NJ,AEA,EN,Towers with Radar,429,46,11,0,486,0,0,6,3,9,429,46,17,3,495,0,0,0,495
10/22/2020,EWR,NJ,AEA,EN,Towers with Radar,551,61,7,0,619,0,0,4,0,4,551,61,11,0,623,0,0,0,623
10/23/2020,EWR,NJ,AEA,EN,Towers with Radar,546,51,12,0,609,0,0,4,0,4,546,51,16,0,613,0,0,0,613
10/24/2020,EWR,NJ,AEA,EN,Towers with Radar,432,25,5,0,462,0,0,5,2,7,432,25,10,2,469,0,0,0,469
10/25/2020,EWR,NJ,AEA,EN,Towers with Radar,508,36,5,0,549,0,0,4,2,6,508,36,9,2,555,0,0,0,555
10/26/2020,EWR,NJ,AEA,EN,Towers with Radar,482,44,9,0,535,0,0,0,0,0,482,44,9,0,535,0,0,0,535
10/27/2020,EWR,NJ,AEA,EN,Towers with Radar,449,52,7,0,508,0,5,0,0,5,449,57,7,0,513,0,0,0,513
10/28/2020,EWR,NJ,AEA,EN,Towers with Radar,439,62,4,4,509,0,0,2,0,2,439,62,6,4,511,0,0,0,511
10/29/2020,EWR,NJ,AEA,EN,Towers with Radar,550,67,6,0,623,0,4,0,0,4,550,71,6,0,627,0,0,0,627
10/30/2020,EWR,NJ,AEA,EN,Towers with Radar,528,48,8,0,584,0,6,2,0,8,528,54,10,0,592,0,0,0,592
10/31/2020,EWR,NJ,AEA,EN,Towers with Radar,420,27,5,0,452,0,0,7,0,7,420,27,12,0,459,0,0,0,459
11/01/2020,EWR,NJ,AEA,EN,Towers with Radar,512,34,3,0,549,0,0,0,0,0,512,34,3,0,549,0,0,0,549
11/02/2020,EWR,NJ,AEA,EN,Towers with Radar,503,61,7,0,571,0,0,0,0,0,503,61,7,0,571,0,0,0,571
11/03/2020,EWR,NJ,AEA,EN,Towers with Radar,483,54,7,0,544,0,6,3,0,9,483,60,10,0,553,0,0,0,553
11/04/2020,EWR,NJ,AEA,EN,Towers with Radar,476,54,7,0,537,0,6,0,4,10,476,60,7,4,547,0,0,0,547
11/05/2020,EWR,NJ,AEA,EN,Towers with Radar,568,51,10,0,629,0,1,18,2,21,568,52,28,2,650,0,0,0,650
11/06/2020,EWR,NJ,AEA,EN,Towers with Radar,550,46,6,0,602,0,7,4,2,13,550,53,10,2,615,0,0,0,615
11/07/2020,EWR,NJ,AEA,EN,Towers with Radar,446,21,2,0,469,0,0,8,0,8,446,21,10,0,477,0,0,0,477
11/08/2020,EWR,NJ,AEA,EN,Towers with Radar,522,25,2,0,549,0,0,4,3,7,522,25,6,3,556,0,0,0,556
11/09/2020,EWR,NJ,AEA,EN,Towers with Radar,512,30,5,0,547,0,0,3,0,3,512,30,8,0,550,0,0,0,550
11/10/2020,EWR,NJ,AEA,EN,Towers with Radar,483,52,4,0,539,0,2,2,2,6,483,54,6,2,545,0,0,0,545
11/11/2020,EWR,NJ,AEA,EN,Towers with Radar,477,47,4,0,528,0,3,0,1,4,477,50,4,1,532,0,0,0,532
11/12/2020,EWR,NJ,AEA,EN,Towers with Radar,565,59,6,0,630,0,2,2,0,4,565,61,8,0,634,0,0,0,634
11/13/2020,EWR,NJ,AEA,EN,Towers with Radar,546,47,3,0,596,0,0,2,0,2,546,47,5,0,598,0,0,0,598
11/14/2020,EWR,NJ,AEA,EN,Towers with Radar,445,21,0,0,466,0,0,9,4,13,445,21,9,4,479,0,0,0,479
11/15/2020,EWR,NJ,AEA,EN,Towers with Radar,528,25,4,0,557,0,0,4,0,4,528,25,8,0,561,0,0,0,561
11/16/2020,EWR,NJ,AEA,EN,Towers with Radar,514,31,5,0,550,0,0,7,0,7,514,31,12,0,557,0,0,0,557
11/17/2020,EWR,NJ,AEA,EN,Towers with Radar,484,41,3,0,528,0,6,0,0,6,484,47,3,0,534,0,0,0,534
11/18/2020,EWR,NJ,AEA,EN,Towers with Radar,493,46,7,0,546,0,6,2,0,8,493,52,9,0,554,0,0,0,554
11/19/2020,EWR,NJ,AEA,EN,Towers with Radar,594,62,9,1,666,0,6,8,0,14,594,68,17,1,680,0,0,0,680
11/20/2020,EWR,NJ,AEA,EN,Towers with Radar,595,53,6,0,654,0,4,4,2,10,595,57,10,2,664,0,0,0,664
11/21/2020,EWR,NJ,AEA,EN,Towers with Radar,505,27,0,0,532,0,0,6,6,12,505,27,6,6,544,0,0,0,544
11/22/2020,EWR,NJ,AEA,EN,Towers with Radar,553,32,3,0,588,0,0,2,0,2,553,32,5,0,590,0,0,0,590
11/23/2020,EWR,NJ,AEA,EN,Towers with Radar,537,28,0,0,565,0,0,1,0,1,537,28,1,0,566,0,0,0,566
11/24/2020,EWR,NJ,AEA,EN,Towers with Radar,609,49,10,0,668,0,6,6,0,12,609,55,16,0,680,0,0,0,680
11/25/2020,EWR,NJ,AEA,EN,Towers with Radar,616,49,6,0,671,0,6,9,0,15,616,55,15,0,686,0,0,0,686
11/26/2020,EWR,NJ,AEA,EN,Towers with Radar,381,21,0,0,402,0,0,0,0,0,381,21,0,0,402,0,0,0,402
11/27/2020,EWR,NJ,AEA,EN,Towers with Radar,542,39,1,0,582,0,4,9,0,13,542,43,10,0,595,0,0,0,595
11/28/2020,EWR,NJ,AEA,EN,Towers with Radar,593,34,2,0,629,0,2,4,12,18,593,36,6,12,647,0,0,0,647
11/29/2020,EWR,NJ,AEA,EN,Towers with Radar,610,31,8,0,649,0,0,10,3,13,610,31,18,3,662,0,0,0,662
11/30/2020,EWR,NJ,AEA,EN,Towers with Radar,573,36,4,0,613,0,0,0,2,2,573,36,4,2,615,0,0,0,615
12/01/2020,EWR,NJ,AEA,EN,Towers with Radar,593,42,7,0,642,0,4,0,0,4,593,46,7,0,646,0,0,0,646
12/02/2020,EWR,NJ,AEA,EN,Towers with Radar,520,37,0,0,557,0,4,2,0,6,520,41,2,0,563,0,0,0,563
12/03/2020,EWR,NJ,AEA,EN,Towers with Radar,579,53,6,0,638,0,2,8,0,10,579,55,14,0,648,0,0,0,648
12/04/2020,EWR,NJ,AEA,EN,Towers with Radar,550,46,3,0,599,0,4,2,0,6,550,50,5,0,605,0,0,0,605
12/05/2020,EWR,NJ,AEA,EN,Towers with Radar,479,17,7,0,503,0,0,2,0,2,479,17,9,0,505,0,0,0,505
12/06/2020,EWR,NJ,AEA,EN,Towers with Radar,504,15,3,0,522,0,0,2,0,2,504,15,5,0,524,0,0,0,524
12/07/2020,EWR,NJ,AEA,EN,Towers with Radar,503,19,1,0,523,0,0,7,2,9,503,19,8,2,532,0,0,0,532
12/08/2020,EWR,NJ,AEA,EN,Towers with Radar,507,31,4,0,542,0,4,4,0,8,507,35,8,0,550,0,0,0,550
12/09/2020,EWR,NJ,AEA,EN,Towers with Radar,511,37,4,0,552,0,4,2,1,7,511,41,6,1,559,0,0,0,559
12/10/2020,EWR,NJ,AEA,EN,Towers with Radar,584,47,7,0,638,0,6,8,0,14,584,53,15,0,652,0,0,0,652
12/11/2020,EWR,NJ,AEA,EN,Towers with Radar,553,47,4,0,604,0,5,3,2,10,553,52,7,2,614,0,0,0,614
12/12/2020,EWR,NJ,AEA,EN,Towers with Radar,494,40,13,0,547,0,0,0,4,4,494,40,13,4,551,0,0,0,551
12/13/2020,EWR,NJ,AEA,EN,Towers with Radar,508,33,8,0,549,0,2,3,0,5,508,35,11,0,554,0,0,0,554
12/14/2020,EWR,NJ,AEA,EN,Towers with Radar,508,19,6,0,533,0,0,2,0,2,508,19,8,0,535,0,0,0,535
12/15/2020,EWR,NJ,AEA,EN,Towers with Radar,522,44,12,0,578,0,4,6,0,10,522,48,18,0,588,0,0,0,588
12/16/2020,EWR,NJ,AEA,EN,Towers with Radar,378,35,6,0,419,0,4,3,0,7,378,39,9,0,426,0,0,0,426
12/17/2020,EWR,NJ,AEA,EN,Towers with Radar,480,23,6,0,509,0,0,2,0,2,480,23,8,0,511,0,0,0,511
12/18/2020,EWR,NJ,AEA,EN,Towers with Radar,615,18,4,0,637,0,4,7,0,11,615,22,11,0,648,0,0,0,648
12/19/2020,EWR,NJ,AEA,EN,Towers with Radar,651,39,4,0,694,0,0,0,2,2,651,39,4,2,696,0,0,0,696
12/20/2020,EWR,NJ,AEA,EN,Towers with Radar,623,15,11,0,649,0,0,0,0,0,623,15,11,0,649,0,0,0,649
12/21/2020,EWR,NJ,AEA,EN,Towers with Radar,586,25,0,0,611,0,0,0,0,0,586,25,0,0,611,0,0,0,611
12/22/2020,EWR,NJ,AEA,EN,Towers with Radar,659,44,4,0,707,0,4,3,0,7,659,48,7,0,714,0,0,0,714
12/23/2020,EWR,NJ,AEA,EN,Towers with Radar,645,50,5,0,700,0,4,9,2,15,645,54,14,2,715,0,0,0,715
12/24/2020,EWR,NJ,AEA,EN,Towers with Radar,532,37,1,0,570,0,4,0,0,4,532,41,1,0,574,0,0,0,574
12/25/2020,EWR,NJ,AEA,EN,Towers with Radar,413,12,2,0,427,0,0,0,0,0,413,12,2,0,427,0,0,0,427
12/26/2020,EWR,NJ,AEA,EN,Towers with Radar,574,18,5,0,597,0,0,5,0,5,574,18,10,0,602,0,0,0,602
12/27/2020,EWR,NJ,AEA,EN,Towers with Radar,581,13,3,0,597,0,0,6,2,8,581,13,9,2,605,0,0,0,605
12/28/2020,EWR,NJ,AEA,EN,Towers with Radar,556,17,1,0,574,0,0,0,0,0,556,17,1,0,574,0,0,0,574
12/29/2020,EWR,NJ,AEA,EN,Towers with Radar,625,37,6,0,668,0,4,2,2,8,625,41,8,2,676,0,0,0,676
12/30/2020,EWR,NJ,AEA,EN,Towers with Radar,630,35,2,0,667,0,4,2,0,6,630,39,4,0,673,0,0,0,673
12/31/2020,EWR,NJ,AEA,EN,Towers with Radar,514,21,2,0,537,0,2,2,2,6,514,23,4,2,543,0,0,0,543
01/01/2021,EWR,NJ,AEA,EN,Towers with Radar,435,13,1,0,449,0,0,5,0,5,435,13,6,0,454,0,0,0,454
01/02/2021,EWR,NJ,AEA,EN,Towers with Radar,598,22,5,0,625,0,0,2,0,2,598,22,7,0,627,0,0,0,627
01/03/2021,EWR,NJ,AEA,EN,Towers with Radar,579,18,10,0,607,0,0,0,2,2,579,18,10,2,609,0,0,0,609
01/04/2021,EWR,NJ,AEA,EN,Towers with Radar,551,23,7,0,581,0,0,2,4,6,551,23,9,4,587,0,0,0,587
01/05/2021,EWR,NJ,AEA,EN,Towers with Radar,522,30,4,0,556,0,4,3,0,7,522,34,7,0,563,0,0,0,563
01/06/2021,EWR,NJ,AEA,EN,Towers with Radar,450,41,5,0,496,0,4,0,0,4,450,45,5,0,500,0,0,0,500
01/07/2021,EWR,NJ,AEA,EN,Towers with Radar,506,37,2,0,545,0,4,10,2,16,506,41,12,2,561,0,0,0,561
01/08/2021,EWR,NJ,AEA,EN,Towers with Radar,482,29,2,0,513,0,4,4,0,8,482,33,6,0,521,0,0,0,521
01/09/2021,EWR,NJ,AEA,EN,Towers with Radar,451,16,2,0,469,0,0,4,2,6,451,16,6,2,475,0,0,0,475
01/10/2021,EWR,NJ,AEA,EN,Towers with Radar,455,15,4,0,474,0,0,11,0,11,455,15,15,0,485,0,0,0,485
01/11/2021,EWR,NJ,AEA,EN,Towers with Radar,452,14,8,0,474,0,0,16,0,16,452,14,24,0,490,0,0,0,490
01/12/2021,EWR,NJ,AEA,EN,Towers with Radar,456,37,0,0,493,0,4,2,2,8,456,41,2,2,501,0,0,0,501
01/13/2021,EWR,NJ,AEA,EN,Towers with Radar,443,35,4,1,483,0,4,10,0,14,443,39,14,1,497,0,0,0,497
01/14/2021,EWR,NJ,AEA,EN,Towers with Radar,492,39,7,0,538,0,4,11,0,15,492,43,18,0,553,0,0,0,553
01/15/2021,EWR,NJ,AEA,EN,Towers with Radar,464,33,5,0,502,0,0,0,0,0,464,33,5,0,502,0,0,0,502
01/16/2021,EWR,NJ,AEA,EN,Towers with Radar,443,10,2,0,455,0,0,2,0,2,443,10,4,0,457,0,0,0,457
01/17/2021,EWR,NJ,AEA,EN,Towers with Radar,438,18,8,0,464,0,0,0,0,0,438,18,8,0,464,0,0,0,464
01/18/2021,EWR,NJ,AEA,EN,Towers with Radar,440,20,3,0,463,0,0,8,0,8,440,20,11,0,471,0,0,0,471
01/19/2021,EWR,NJ,AEA,EN,Towers with Radar,436,37,1,0,474,0,4,22,0,26,436,41,23,0,500,0,0,0,500
01/20/2021,EWR,NJ,AEA,EN,Towers with Radar,438,37,1,0,476,0,0,2,2,4,438,37,3,2,480,0,0,0,480
01/21/2021,EWR,NJ,AEA,EN,Towers with Radar,498,37,2,2,539,0,4,11,3,18,498,41,13,5,557,0,0,0,557
01/22/2021,EWR,NJ,AEA,EN,Towers with Radar,473,32,4,0,509,0,4,1,1,6,473,36,5,1,515,0,0,0,515
01/23/2021,EWR,NJ,AEA,EN,Towers with Radar,448,14,2,0,464,0,0,0,0,0,448,14,2,0,464,0,0,0,464
01/24/2021,EWR,NJ,AEA,EN,Towers with Radar,444,21,3,2,470,0,0,0,2,2,444,21,3,4,472,0,0,0,472
01/25/2021,EWR,NJ,AEA,EN,Towers with Radar,433,19,1,2,455,0,0,2,1,3,433,19,3,3,458,0,0,0,458
01/26/2021,EWR,NJ,AEA,EN,Towers with Radar,441,21,3,0,465,0,4,0,0,4,441,25,3,0,469,0,0,0,469
01/27/2021,EWR,NJ,AEA,EN,Towers with Radar,431,29,4,0,464,0,5,2,1,8,431,34,6,1,472,0,0,0,472
01/28/2021,EWR,NJ,AEA,EN,Towers with Radar,490,40,7,0,537,0,4,6,1,11,490,44,13,1,548,0,0,0,548
01/29/2021,EWR,NJ,AEA,EN,Towers with Radar,465,33,4,0,502,0,2,0,3,5,465,35,4,3,507,0,0,0,507
01/30/2021,EWR,NJ,AEA,EN,Towers with Radar,433,16,2,0,451,0,0,2,0,2,433,16,4,0,453,0,0,0,453
01/31/2021,EWR,NJ,AEA,EN,Towers with Radar,429,24,5,0,458,0,0,2,0,2,429,24,7,0,460,0,0,0,460
02/01/2021,EWR,NJ,AEA,EN,Towers with Radar,46,2,0,0,48,0,0,0,0,0,46,2,0,0,48,0,0,0,48
02/02/2021,EWR,NJ,AEA,EN,Towers with Radar,225,4,2,0,231,0,0,4,0,4,225,4,6,0,235,0,0,0,235
02/03/2021,EWR,NJ,AEA,EN,Towers with Radar,389,8,2,0,399,0,4,0,2,6,389,12,2,2,405,0,0,0,405
02/04/2021,EWR,NJ,AEA,EN,Towers with Radar,493,35,3,0,531,0,4,5,0,9,493,39,8,0,540,0,0,0,540
02/05/2021,EWR,NJ,AEA,EN,Towers with Radar,473,27,5,0,505,0,4,4,0,8,473,31,9,0,513,0,0,0,513
02/06/2021,EWR,NJ,AEA,EN,Towers with Radar,444,17,5,0,466,0,0,0,0,0,444,17,5,0,466,0,0,0,466
02/07/2021,EWR,NJ,AEA,EN,Towers with Radar,369,6,6,0,381,0,0,0,0,0,369,6,6,0,381,0,0,0,381
02/08/2021,EWR,NJ,AEA,EN,Towers with Radar,436,25,7,0,468,0,0,2,0,2,436,25,9,0,470,0,0,0,470
02/09/2021,EWR,NJ,AEA,EN,Towers with Radar,437,38,3,0,478,0,0,0,0,0,437,38,3,0,478,0,0,0,478
02/10/2021,EWR,NJ,AEA,EN,Towers with Radar,435,35,7,0,477,0,4,3,0,7,435,39,10,0,484,0,0,0,484
02/11/2021,EWR,NJ,AEA,EN,Towers with Radar,556,36,4,0,596,0,0,3,2,5,556,36,7,2,601,0,0,0,601
02/12/2021,EWR,NJ,AEA,EN,Towers with Radar,571,34,1,0,606,0,4,11,0,15,571,38,12,0,621,0,0,0,621
02/13/2021,EWR,NJ,AEA,EN,Towers with Radar,485,15,0,0,500,0,0,0,0,0,485,15,0,0,500,0,0,0,500
02/14/2021,EWR,NJ,AEA,EN,Towers with Radar,504,17,5,0,526,0,0,0,1,1,504,17,5,1,527,0,0,0,527
02/15/2021,EWR,NJ,AEA,EN,Towers with Radar,461,21,9,0,491,0,0,0,0,0,461,21,9,0,491,0,0,0,491
02/16/2021,EWR,NJ,AEA,EN,Towers with Radar,435,18,10,0,463,0,0,2,1,3,435,18,12,1,466,0,0,0,466
02/17/2021,EWR,NJ,AEA,EN,Towers with Radar,435,39,7,0,481,0,4,8,0,12,435,43,15,0,493,0,0,0,493
02/18/2021,EWR,NJ,AEA,EN,Towers with Radar,415,20,8,0,443,0,0,0,0,0,415,20,8,0,443,0,0,0,443
02/19/2021,EWR,NJ,AEA,EN,Towers with Radar,529,16,11,0,556,0,0,0,0,0,529,16,11,0,556,0,0,0,556
02/20/2021,EWR,NJ,AEA,EN,Towers with Radar,509,16,5,0,530,0,2,6,0,8,509,18,11,0,538,0,0,0,538
02/21/2021,EWR,NJ,AEA,EN,Towers with Radar,534,20,9,0,563,0,0,4,0,4,534,20,13,0,567,0,0,0,567
02/22/2021,EWR,NJ,AEA,EN,Towers with Radar,521,19,10,0,550,0,0,2,0,2,521,19,12,0,552,0,0,0,552
02/23/2021,EWR,NJ,AEA,EN,Towers with Radar,477,37,5,2,521,0,6,0,2,8,477,43,5,4,529,0,0,0,529
02/24/2021,EWR,NJ,AEA,EN,Towers with Radar,469,45,2,0,516,0,4,0,0,4,469,49,2,0,520,0,0,0,520
02/25/2021,EWR,NJ,AEA,EN,Towers with Radar,583,42,10,0,635,0,4,2,0,6,583,46,12,0,641,0,0,0,641
02/26/2021,EWR,NJ,AEA,EN,Towers with Radar,560,37,6,0,603,0,4,3,0,7,560,41,9,0,610,0,0,0,610
02/27/2021,EWR,NJ,AEA,EN,Towers with Radar,483,17,4,0,504,0,0,0,0,0,483,17,4,0,504,0,0,0,504
02/28/2021,EWR,NJ,AEA,EN,Towers with Radar,538,26,4,0,568,0,0,0,0,0,538,26,4,0,568,0,0,0,568
03/01/2021,EWR,NJ,AEA,EN,Towers with Radar,511,18,10,0,539,0,0,0,0,0,511,18,10,0,539,0,0,0,539
03/02/2021,EWR,NJ,AEA,EN,Towers with Radar,477,26,1,2,506,0,4,3,5,12,477,30,4,7,518,0,0,0,518
03/03/2021,EWR,NJ,AEA,EN,Towers with Radar,459,40,8,2,509,0,4,4,0,8,459,44,12,2,517,0,0,0,517
03/04/2021,EWR,NJ,AEA,EN,Towers with Radar,617,47,6,0,670,0,4,9,1,14,617,51,15,1,684,0,0,0,684
03/05/2021,EWR,NJ,AEA,EN,Towers with Radar,601,42,4,2,649,0,4,2,2,8,601,46,6,4,657,0,0,0,657
03/06/2021,EWR,NJ,AEA,EN,Towers with Radar,551,13,3,0,567,0,0,4,0,4,551,13,7,0,571,0,0,0,571
03/07/2021,EWR,NJ,AEA,EN,Towers with Radar,562,20,1,0,583,0,0,4,0,4,562,20,5,0,587,0,0,0,587
03/08/2021,EWR,NJ,AEA,EN,Towers with Radar,571,29,2,0,602,0,0,4,2,6,571,29,6,2,608,0,0,0,608
03/09/2021,EWR,NJ,AEA,EN,Towers with Radar,530,35,1,0,566,0,4,2,0,6,530,39,3,0,572,0,0,0,572
03/10/2021,EWR,NJ,AEA,EN,Towers with Radar,541,40,5,0,586,0,4,11,4,19,541,44,16,4,605,0,0,0,605
03/11/2021,EWR,NJ,AEA,EN,Towers with Radar,628,49,3,0,680,0,2,7,0,9,628,51,10,0,689,0,0,0,689
03/12/2021,EWR,NJ,AEA,EN,Towers with Radar,622,38,2,0,662,0,2,2,0,4,622,40,4,0,666,0,0,0,666
03/13/2021,EWR,NJ,AEA,EN,Towers with Radar,552,11,3,0,566,0,0,3,0,3,552,11,6,0,569,0,0,0,569
03/14/2021,EWR,NJ,AEA,EN,Towers with Radar,581,30,0,0,611,0,0,7,0,7,581,30,7,0,618,0,0,0,618
03/15/2021,EWR,NJ,AEA,EN,Towers with Radar,578,32,5,0,615,0,0,24,3,27,578,32,29,3,642,0,0,0,642
03/16/2021,EWR,NJ,AEA,EN,Towers with Radar,567,37,3,0,607,0,4,2,4,10,567,41,5,4,617,0,0,0,617
03/17/2021,EWR,NJ,AEA,EN,Towers with Radar,549,43,3,0,595,0,4,2,1,7,549,47,5,1,602,0,0,0,602
03/18/2021,EWR,NJ,AEA,EN,Towers with Radar,633,52,7,0,692,0,0,0,0,0,633,52,7,0,692,0,0,0,692
03/19/2021,EWR,NJ,AEA,EN,Towers with Radar,631,49,7,0,687,0,6,0,0,6,631,55,7,0,693,0,0,0,693
03/20/2021,EWR,NJ,AEA,EN,Towers with Radar,569,13,1,0,583,0,0,4,0,4,569,13,5,0,587,0,0,0,587
03/21/2021,EWR,NJ,AEA,EN,Towers with Radar,592,24,3,0,619,1,0,2,0,3,593,24,5,0,622,0,0,0,622
03/22/2021,EWR,NJ,AEA,EN,Towers with Radar,581,35,4,0,620,0,0,6,0,6,581,35,10,0,626,0,0,0,626
03/23/2021,EWR,NJ,AEA,EN,Towers with Radar,551,38,6,0,595,0,2,4,0,6,551,40,10,0,601,0,0,0,601
03/24/2021,EWR,NJ,AEA,EN,Towers with Radar,553,41,2,0,596,0,4,1,0,5,553,45,3,0,601,0,0,0,601
03/25/2021,EWR,NJ,AEA,EN,Towers with Radar,653,49,7,0,709,0,0,0,1,1,653,49,7,1,710,0,0,0,710
03/26/2021,EWR,NJ,AEA,EN,Towers with Radar,643,47,11,0,701,0,0,3,0,3,643,47,14,0,704,0,0,0,704
03/27/2021,EWR,NJ,AEA,EN,Towers with Radar,567,19,11,0,597,0,0,8,2,10,567,19,19,2,607,0,0,0,607
03/28/2021,EWR,NJ,AEA,EN,Towers with Radar,600,25,9,0,634,0,0,0,0,0,600,25,9,0,634,0,0,0,634
03/29/2021,EWR,NJ,AEA,EN,Towers with Radar,572,38,3,1,614,0,0,6,0,6,572,38,9,1,620,0,0,0,620
03/30/2021,EWR,NJ,AEA,EN,Towers with Radar,550,35,5,0,590,0,4,4,2,10,550,39,9,2,600,0,0,0,600
03/31/2021,EWR,NJ,AEA,EN,Towers with Radar,541,33,11,0,585,0,4,1,0,5,541,37,12,0,590,0,0,0,590
04/01/2021,EWR,NJ,AEA,EN,Towers with Radar,631,41,8,0,680,0,4,2,0,6,631,45,10,0,686,0,0,0,686
04/02/2021,EWR,NJ,AEA,EN,Towers with Radar,636,41,10,1,688,0,4,5,0,9,636,45,15,1,697,0,0,0,697
04/03/2021,EWR,NJ,AEA,EN,Towers with Radar,573,19,4,0,596,0,0,1,0,1,573,19,5,0,597,0,0,0,597
04/04/2021,EWR,NJ,AEA,EN,Towers with Radar,618,24,3,0,645,0,0,6,0,6,618,24,9,0,651,0,0,0,651
04/05/2021,EWR,NJ,AEA,EN,Towers with Radar,621,34,6,0,661,0,0,1,0,1,621,34,7,0,662,0,0,0,662
04/06/2021,EWR,NJ,AEA,EN,Towers with Radar,555,38,7,0,600,0,4,3,2,9,555,42,10,2,609,0,0,0,609
04/07/2021,EWR,NJ,AEA,EN,Towers with Radar,525,47,7,0,579,0,5,4,0,9,525,52,11,0,588,0,0,0,588
04/08/2021,EWR,NJ,AEA,EN,Towers with Radar,635,44,9,0,688,1,5,10,2,18,636,49,19,2,706,0,0,0,706
04/09/2021,EWR,NJ,AEA,EN,Towers with Radar,626,37,4,0,667,0,2,7,0,9,626,39,11,0,676,0,0,0,676
04/10/2021,EWR,NJ,AEA,EN,Towers with Radar,550,20,11,0,581,0,0,0,0,0,550,20,11,0,581,0,0,0,581
04/11/2021,EWR,NJ,AEA,EN,Towers with Radar,563,28,10,0,601,0,0,0,0,0,563,28,10,0,601,0,0,0,601
04/12/2021,EWR,NJ,AEA,EN,Towers with Radar,589,34,7,0,630,0,0,2,0,2,589,34,9,0,632,0,0,0,632
04/13/2021,EWR,NJ,AEA,EN,Towers with Radar,539,34,1,0,574,0,5,6,0,11,539,39,7,0,585,0,0,0,585
04/14/2021,EWR,NJ,AEA,EN,Towers with Radar,513,38,2,0,553,0,4,4,5,13,513,42,6,5,566,0,0,0,566
04/15/2021,EWR,NJ,AEA,EN,Towers with Radar,625,46,5,0,676,0,0,2,0,2,625,46,7,0,678,0,0,0,678
04/16/2021,EWR,NJ,AEA,EN,Towers with Radar,632,34,1,0,667,0,4,8,0,12,632,38,9,0,679,0,0,0,679
04/17/2021,EWR,NJ,AEA,EN,Towers with Radar,548,25,1,0,574,0,0,4,0,4,548,25,5,0,578,0,0,0,578
04/18/2021,EWR,NJ,AEA,EN,Towers with Radar,614,22,4,0,640,0,0,7,0,7,614,22,11,0,647,0,0,0,647
04/19/2021,EWR,NJ,AEA,EN,Towers with Radar,588,30,1,0,619,0,0,6,0,6,588,30,7,0,625,0,0,0,625
04/20/2021,EWR,NJ,AEA,EN,Towers with Radar,534,40,2,0,576,0,4,2,1,7,534,44,4,1,583,0,0,0,583
04/21/2021,EWR,NJ,AEA,EN,Towers with Radar,517,39,4,0,560,0,6,0,0,6,517,45,4,0,566,0,0,0,566
04/22/2021,EWR,NJ,AEA,EN,Towers with Radar,632,51,3,0,686,0,0,0,0,0,632,51,3,0,686,0,0,0,686
04/23/2021,EWR,NJ,AEA,EN,Towers with Radar,623,32,3,0,658,0,5,7,0,12,623,37,10,0,670,0,0,0,670
04/24/2021,EWR,NJ,AEA,EN,Towers with Radar,547,20,2,0,569,0,0,0,0,0,547,20,2,0,569,0,0,0,569
04/25/2021,EWR,NJ,AEA,EN,Towers with Radar,613,26,0,0,639,0,0,0,2,2,613,26,0,2,641,0,0,0,641
04/26/2021,EWR,NJ,AEA,EN,Towers with Radar,601,34,5,0,640,0,0,7,1,8,601,34,12,1,648,0,0,0,648
04/27/2021,EWR,NJ,AEA,EN,Towers with Radar,520,43,9,0,572,0,4,6,0,10,520,47,15,0,582,0,0,0,582
04/28/2021,EWR,NJ,AEA,EN,Towers with Radar,514,39,9,1,563,0,4,4,7,15,514,43,13,8,578,0,0,0,578
04/29/2021,EWR,NJ,AEA,EN,Towers with Radar,633,45,5,0,683,0,4,6,7,17,633,49,11,7,700,0,0,0,700
04/30/2021,EWR,NJ,AEA,EN,Towers with Radar,631,69,15,0,715,0,6,0,2,8,631,75,15,2,723,0,0,0,723
05/01/2021,EWR,NJ,AEA,EN,Towers with Radar,543,38,4,0,585,0,0,14,14,28,543,38,18,14,613,0,0,0,613
05/02/2021,EWR,NJ,AEA,EN,Towers with Radar,612,33,10,0,655,0,0,1,13,14,612,33,11,13,669,0,0,0,669
05/03/2021,EWR,NJ,AEA,EN,Towers with Radar,580,28,6,0,614,0,0,4,6,10,580,28,10,6,624,0,0,0,624
05/04/2021,EWR,NJ,AEA,EN,Towers with Radar,521,44,5,0,570,0,0,6,0,6,521,44,11,0,576,0,0,0,576
05/05/2021,EWR,NJ,AEA,EN,Towers with Radar,517,39,9,2,567,0,0,1,0,1,517,39,10,2,568,0,0,0,568
05/06/2021,EWR,NJ,AEA,EN,Towers with Radar,683,47,6,0,736,0,4,10,0,14,683,51,16,0,750,0,0,0,750
05/07/2021,EWR,NJ,AEA,EN,Towers with Radar,695,37,5,0,737,0,4,17,0,21,695,41,22,0,758,0,0,0,758
05/08/2021,EWR,NJ,AEA,EN,Towers with Radar,606,18,1,0,625,0,0,7,0,7,606,18,8,0,632,0,0,0,632
05/09/2021,EWR,NJ,AEA,EN,Towers with Radar,666,27,4,0,697,0,0,12,0,12,666,27,16,0,709,0,0,0,709
05/10/2021,EWR,NJ,AEA,EN,Towers with Radar,626,27,4,0,657,0,0,11,0,11,626,27,15,0,668,0,0,0,668
05/11/2021,EWR,NJ,AEA,EN,Towers with Radar,596,35,9,0,640,0,6,13,1,20,596,41,22,1,660,0,0,0,660
05/12/2021,EWR,NJ,AEA,EN,Towers with Radar,579,39,8,0,626,0,4,16,2,22,579,43,24,2,648,0,0,0,648
05/13/2021,EWR,NJ,AEA,EN,Towers with Radar,688,41,10,0,739,0,5,21,6,32,688,46,31,6,771,0,0,0,771
05/14/2021,EWR,NJ,AEA,EN,Towers with Radar,687,34,13,0,734,0,4,8,3,15,687,38,21,3,749,0,0,0,749
05/15/2021,EWR,NJ,AEA,EN,Towers with Radar,610,20,7,0,637,0,0,17,0,17,610,20,24,0,654,0,0,0,654
05/16/2021,EWR,NJ,AEA,EN,Towers with Radar,665,27,16,0,708,0,0,23,0,23,665,27,39,0,731,0,0,0,731
05/17/2021,EWR,NJ,AEA,EN,Towers with Radar,636,28,6,0,670,0,0,13,0,13,636,28,19,0,683,0,0,0,683
05/18/2021,EWR,NJ,AEA,EN,Towers with Radar,583,35,5,2,625,0,4,10,1,15,583,39,15,3,640,0,0,0,640
05/19/2021,EWR,NJ,AEA,EN,Towers with Radar,582,43,5,0,630,0,4,4,4,12,582,47,9,4,642,0,0,0,642
05/20/2021,EWR,NJ,AEA,EN,Towers with Radar,700,38,7,0,745,0,6,31,0,37,700,44,38,0,782,0,0,0,782
05/21/2021,EWR,NJ,AEA,EN,Towers with Radar,678,38,5,0,721,0,2,22,0,24,678,40,27,0,745,0,0,0,745
05/22/2021,EWR,NJ,AEA,EN,Towers with Radar,623,20,8,0,651,1,1,13,0,15,624,21,21,0,666,0,0,0,666
05/23/2021,EWR,NJ,AEA,EN,Towers with Radar,685,18,5,0,708,0,0,11,0,11,685,18,16,0,719,0,0,0,719
05/24/2021,EWR,NJ,AEA,EN,Towers with Radar,661,27,4,0,692,0,0,13,0,13,661,27,17,0,705,0,0,0,705
05/25/2021,EWR,NJ,AEA,EN,Towers with Radar,594,34,11,0,639,0,6,17,1,24,594,40,28,1,663,0,0,0,663
05/26/2021,EWR,NJ,AEA,EN,Towers with Radar,566,31,12,0,609,0,0,6,2,8,566,31,18,2,617,0,0,0,617
05/27/2021,EWR,NJ,AEA,EN,Towers with Radar,741,47,5,0,793,0,4,42,0,46,741,51,47,0,839,0,0,0,839
05/28/2021,EWR,NJ,AEA,EN,Towers with Radar,699,33,5,0,737,0,5,11,0,16,699,38,16,0,753,0,0,0,753
05/29/2021,EWR,NJ,AEA,EN,Towers with Radar,629,20,3,0,652,0,0,0,0,0,629,20,3,0,652,0,0,0,652
05/30/2021,EWR,NJ,AEA,EN,Towers with Radar,655,22,0,0,677,0,0,1,0,1,655,22,1,0,678,0,0,0,678
05/31/2021,EWR,NJ,AEA,EN,Towers with Radar,676,25,2,0,703,0,0,20,0,20,676,25,22,0,723,0,0,0,723
06/01/2021,EWR,NJ,AEA,EN,Towers with Radar,578,24,2,0,604,0,4,15,1,20,578,28,17,1,624,0,0,0,624
06/02/2021,EWR,NJ,AEA,EN,Towers with Radar,625,31,8,0,664,0,4,8,1,13,625,35,16,1,677,0,0,0,677
06/03/2021,EWR,NJ,AEA,EN,Towers with Radar,761,43,10,0,814,0,0,0,0,0,761,43,10,0,814,0,0,0,814
06/04/2021,EWR,NJ,AEA,EN,Towers with Radar,758,43,7,0,808,0,0,6,0,6,758,43,13,0,814,0,0,0,814
06/05/2021,EWR,NJ,AEA,EN,Towers with Radar,713,27,4,0,744,0,0,22,1,23,713,27,26,1,767,0,0,0,767
06/06/2021,EWR,NJ,AEA,EN,Towers with Radar,739,28,5,0,772,0,0,18,0,18,739,28,23,0,790,0,0,0,790
06/07/2021,EWR,NJ,AEA,EN,Towers with Radar,749,31,5,0,785,0,0,14,0,14,749,31,19,0,799,0,0,0,799
06/08/2021,EWR,NJ,AEA,EN,Towers with Radar,700,41,2,0,743,0,2,4,0,6,700,43,6,0,749,0,0,0,749
06/09/2021,EWR,NJ,AEA,EN,Towers with Radar,670,44,8,1,723,0,4,6,1,11,670,48,14,2,734,0,0,0,734
06/10/2021,EWR,NJ,AEA,EN,Towers with Radar,798,43,12,0,853,0,4,22,1,27,798,47,34,1,880,0,0,0,880
06/11/2021,EWR,NJ,AEA,EN,Towers with Radar,785,41,2,0,828,1,4,13,0,18,786,45,15,0,846,0,0,0,846
06/12/2021,EWR,NJ,AEA,EN,Towers with Radar,719,35,6,2,762,0,1,22,0,23,719,36,28,2,785,0,0,0,785
06/13/2021,EWR,NJ,AEA,EN,Towers with Radar,754,35,5,0,794,0,0,12,0,12,754,35,17,0,806,0,0,0,806
06/14/2021,EWR,NJ,AEA,EN,Towers with Radar,746,39,6,0,791,0,0,5,0,5,746,39,11,0,796,0,0,0,796
06/15/2021,EWR,NJ,AEA,EN,Towers with Radar,743,58,9,0,810,0,4,8,1,13,743,62,17,1,823,0,0,0,823
06/16/2021,EWR,NJ,AEA,EN,Towers with Radar,725,47,6,0,778,1,4,12,2,19,726,51,18,2,797,0,0,0,797
06/17/2021,EWR,NJ,AEA,EN,Towers with Radar,798,58,7,1,864,0,4,27,1,32,798,62,34,2,896,0,0,0,896
06/18/2021,EWR,NJ,AEA,EN,Towers with Radar,795,46,6,1,848,0,4,21,0,25,795,50,27,1,873,0,0,0,873
06/19/2021,EWR,NJ,AEA,EN,Towers with Radar,735,37,8,1,781,0,1,9,0,10,735,38,17,1,791,0,0,0,791
06/20/2021,EWR,NJ,AEA,EN,Towers with Radar,758,37,1,1,797,0,2,30,0,32,758,39,31,1,829,0,0,0,829
06/21/2021,EWR,NJ,AEA,EN,Towers with Radar,686,25,14,0,725,0,0,9,0,9,686,25,23,0,734,0,0,0,734
06/22/2021,EWR,NJ,AEA,EN,Towers with Radar,760,52,6,0,818,0,4,0,0,4,760,56,6,0,822,0,0,0,822
06/23/2021,EWR,NJ,AEA,EN,Towers with Radar,714,52,19,0,785,0,7,6,0,13,714,59,25,0,798,0,0,0,798
06/24/2021,EWR,NJ,AEA,EN,Towers with Radar,800,48,7,2,857,0,4,14,1,19,800,52,21,3,876,0,0,0,876
06/25/2021,EWR,NJ,AEA,EN,Towers with Radar,791,46,2,0,839,1,0,19,3,23,792,46,21,3,862,0,0,0,862
06/26/2021,EWR,NJ,AEA,EN,Towers with Radar,736,27,5,0,768,0,2,12,0,14,736,29,17,0,782,0,0,0,782
06/27/2021,EWR,NJ,AEA,EN,Towers with Radar,769,31,12,0,812,0,0,26,0,26,769,31,38,0,838,0,0,0,838
06/28/2021,EWR,NJ,AEA,EN,Towers with Radar,753,44,14,0,811,0,0,25,2,27,753,44,39,2,838,0,0,0,838
06/29/2021,EWR,NJ,AEA,EN,Towers with Radar,735,43,3,0,781,0,4,11,0,15,735,47,14,0,796,0,0,0,796
06/30/2021,EWR,NJ,AEA,EN,Towers with Radar,681,40,8,0,729,0,4,12,6,22,681,44,20,6,751,0,0,0,751
07/01/2021,EWR,NJ,AEA,EN,Towers with Radar,839,48,8,0,895,0,4,7,0,11,839,52,15,0,906,0,0,0,906
07/02/2021,EWR,NJ,AEA,EN,Towers with Radar,815,41,6,0,862,0,4,12,0,16,815,45,18,0,878,0,0,0,878
07/03/2021,EWR,NJ,AEA,EN,Towers with Radar,792,26,11,0,829,0,0,1,0,1,792,26,12,0,830,0,0,0,830
07/04/2021,EWR,NJ,AEA,EN,Towers with Radar,749,22,4,0,775,0,0,29,0,29,749,22,33,0,804,0,0,0,804
07/05/2021,EWR,NJ,AEA,EN,Towers with Radar,770,22,11,0,803,0,0,20,0,20,770,22,31,0,823,0,0,0,823
07/06/2021,EWR,NJ,AEA,EN,Towers with Radar,654,21,11,0,686,0,7,13,0,20,654,28,24,0,706,0,0,0,706
07/07/2021,EWR,NJ,AEA,EN,Towers with Radar,845,54,6,0,905,0,6,10,0,16,845,60,16,0,921,0,0,0,921
07/08/2021,EWR,NJ,AEA,EN,Towers with Radar,713,28,9,3,753,0,6,4,0,10,713,34,13,3,763,0,0,0,763
07/09/2021,EWR,NJ,AEA,EN,Towers with Radar,766,24,9,0,799,0,0,3,0,3,766,24,12,0,802,0,0,0,802
07/10/2021,EWR,NJ,AEA,EN,Towers with Radar,773,31,13,0,817,0,0,32,0,32,773,31,45,0,849,0,0,0,849
07/11/2021,EWR,NJ,AEA,EN,Towers with Radar,736,24,14,0,774,0,1,15,0,16,736,25,29,0,790,0,0,0,790
07/12/2021,EWR,NJ,AEA,EN,Towers with Radar,651,28,16,0,695,0,0,4,0,4,651,28,20,0,699,0,0,0,699
07/13/2021,EWR,NJ,AEA,EN,Towers with Radar,807,45,22,0,874,0,0,2,1,3,807,45,24,1,877,0,0,0,877
07/14/2021,EWR,NJ,AEA,EN,Towers with Radar,773,49,20,0,842,0,0,7,2,9,773,49,27,2,851,0,0,0,851
07/15/2021,EWR,NJ,AEA,EN,Towers with Radar,862,50,18,2,932,0,4,34,4,42,862,54,52,6,974,0,0,0,974
07/16/2021,EWR,NJ,AEA,EN,Towers with Radar,835,40,11,1,887,0,6,32,3,41,835,46,43,4,928,0,0,0,928
07/17/2021,EWR,NJ,AEA,EN,Towers with Radar,427,17,3,0,447,0,0,4,0,4,427,17,7,0,451,0,0,0,451
07/18/2021,EWR,NJ,AEA,EN,Towers with Radar,750,30,13,0,793,1,2,19,0,22,751,32,32,0,815,0,0,0,815
07/19/2021,EWR,NJ,AEA,EN,Towers with Radar,825,30,6,0,861,0,1,29,1,31,825,31,35,1,892,0,0,0,892
07/20/2021,EWR,NJ,AEA,EN,Towers with Radar,871,41,8,0,920,0,4,16,1,21,871,45,24,1,941,0,0,0,941
07/21/2021,EWR,NJ,AEA,EN,Towers with Radar,776,42,11,0,829,0,4,14,0,18,776,46,25,0,847,0,0,0,847
07/22/2021,EWR,NJ,AEA,EN,Towers with Radar,834,51,7,0,892,0,4,30,3,37,834,55,37,3,929,0,0,0,929
07/23/2021,EWR,NJ,AEA,EN,Towers with Radar,849,41,10,0,900,0,5,26,3,34,849,46,36,3,934,0,0,0,934
07/24/2021,EWR,NJ,AEA,EN,Towers with Radar,795,25,8,0,828,0,0,18,0,18,795,25,26,0,846,0,0,0,846
07/25/2021,EWR,NJ,AEA,EN,Towers with Radar,725,24,8,0,757,0,2,11,0,13,725,26,19,0,770,0,0,0,770
07/26/2021,EWR,NJ,AEA,EN,Towers with Radar,811,33,9,0,853,0,0,37,1,38,811,33,46,1,891,0,0,0,891
07/27/2021,EWR,NJ,AEA,EN,Towers with Radar,843,48,7,0,898,0,5,31,1,37,843,53,38,1,935,0,0,0,935
07/28/2021,EWR,NJ,AEA,EN,Towers with Radar,806,48,9,0,863,0,6,22,0,28,806,54,31,0,891,0,0,0,891
07/29/2021,EWR,NJ,AEA,EN,Towers with Radar,725,44,7,0,776,0,6,6,2,14,725,50,13,2,790,0,0,0,790
07/30/2021,EWR,NJ,AEA,EN,Towers with Radar,853,46,8,0,907,0,4,31,0,35,853,50,39,0,942,0,0,0,942
07/31/2021,EWR,NJ,AEA,EN,Towers with Radar,771,26,7,0,804,0,2,20,0,22,771,28,27,0,826,0,0,0,826
08/01/2021,EWR,NJ,AEA,EN,Towers with Radar,736,18,12,0,766,0,1,14,0,15,736,19,26,0,781,0,0,0,781
08/02/2021,EWR,NJ,AEA,EN,Towers with Radar,793,22,11,0,826,0,2,28,0,30,793,24,39,0,856,0,0,0,856
08/03/2021,EWR,NJ,AEA,EN,Towers with Radar,801,36,10,0,847,0,4,22,0,26,801,40,32,0,873,0,0,0,873
08/04/2021,EWR,NJ,AEA,EN,Towers with Radar,808,50,6,0,864,0,4,36,0,40,808,54,42,0,904,0,0,0,904
08/05/2021,EWR,NJ,AEA,EN,Towers with Radar,836,40,14,0,890,0,4,29,1,34,836,44,43,1,924,0,0,0,924
08/06/2021,EWR,NJ,AEA,EN,Towers with Radar,844,38,13,1,896,0,5,26,1,32,844,43,39,2,928,0,0,0,928
08/07/2021,EWR,NJ,AEA,EN,Towers with Radar,743,50,29,0,822,0,2,30,0,32,743,52,59,0,854,0,0,0,854
08/08/2021,EWR,NJ,AEA,EN,Towers with Radar,798,35,17,1,851,0,0,15,0,15,798,35,32,1,866,0,0,0,866
08/09/2021,EWR,NJ,AEA,EN,Towers with Radar,824,32,11,0,867,0,0,33,0,33,824,32,44,0,900,0,0,0,900
08/10/2021,EWR,NJ,AEA,EN,Towers with Radar,785,36,10,0,831,0,6,16,0,22,785,42,26,0,853,0,0,0,853
08/11/2021,EWR,NJ,AEA,EN,Towers with Radar,738,28,11,0,777,0,8,29,0,37,738,36,40,0,814,0,0,0,814
08/12/2021,EWR,NJ,AEA,EN,Towers with Radar,899,50,2,0,951,0,4,37,0,41,899,54,39,0,992,0,0,0,992
08/13/2021,EWR,NJ,AEA,EN,Towers with Radar,830,40,5,1,876,0,6,30,0,36,830,46,35,1,912,0,0,0,912
08/14/2021,EWR,NJ,AEA,EN,Towers with Radar,775,24,5,0,804,0,0,15,0,15,775,24,20,0,819,0,0,0,819
08/15/2021,EWR,NJ,AEA,EN,Towers with Radar,827,30,10,0,867,0,1,20,0,21,827,31,30,0,888,0,0,0,888
08/16/2021,EWR,NJ,AEA,EN,Towers with Radar,816,35,3,0,854,0,0,25,0,25,816,35,28,0,879,0,0,0,879
08/17/2021,EWR,NJ,AEA,EN,Towers with Radar,840,48,12,0,900,0,4,13,0,17,840,52,25,0,917,0,0,0,917
08/18/2021,EWR,NJ,AEA,EN,Towers with Radar,797,44,13,0,854,0,4,11,2,17,797,48,24,2,871,0,0,0,871
08/19/2021,EWR,NJ,AEA,EN,Towers with Radar,872,35,3,0,910,0,4,10,1,15,872,39,13,1,925,0,0,0,925
08/20/2021,EWR,NJ,AEA,EN,Towers with Radar,855,44,6,0,905,0,5,41,3,49,855,49,47,3,954,0,0,0,954
08/21/2021,EWR,NJ,AEA,EN,Towers with Radar,772,22,8,0,802,0,1,28,0,29,772,23,36,0,831,0,0,0,831
08/22/2021,EWR,NJ,AEA,EN,Towers with Radar,626,16,4,0,646,0,0,0,0,0,626,16,4,0,646,0,0,0,646
08/23/2021,EWR,NJ,AEA,EN,Towers with Radar,756,29,6,0,791,0,0,7,0,7,756,29,13,0,798,0,0,0,798
08/24/2021,EWR,NJ,AEA,EN,Towers with Radar,849,40,5,0,894,0,4,32,1,37,849,44,37,1,931,0,0,0,931
08/25/2021,EWR,NJ,AEA,EN,Towers with Radar,829,36,6,0,871,0,4,29,2,35,829,40,35,2,906,0,0,0,906
08/26/2021,EWR,NJ,AEA,EN,Towers with Radar,855,36,3,0,894,0,6,26,2,34,855,42,29,2,928,0,0,0,928
08/27/2021,EWR,NJ,AEA,EN,Towers with Radar,789,43,8,0,840,0,4,10,3,17,789,47,18,3,857,0,0,0,857
08/28/2021,EWR,NJ,AEA,EN,Towers with Radar,748,21,8,0,777,0,0,22,0,22,748,21,30,0,799,0,0,0,799
08/29/2021,EWR,NJ,AEA,EN,Towers with Radar,803,24,15,0,842,0,0,17,0,17,803,24,32,0,859,0,0,0,859
08/30/2021,EWR,NJ,AEA,EN,Towers with Radar,784,29,7,0,820,0,0,19,0,19,784,29,26,0,839,0,0,0,839
08/31/2021,EWR,NJ,AEA,EN,Towers with Radar,850,43,10,0,903,0,4,22,0,26,850,47,32,0,929,0,0,0,929
09/01/2021,EWR,NJ,AEA,EN,Towers with Radar,563,27,5,0,595,0,4,5,0,9,563,31,10,0,604,0,0,0,604
09/02/2021,EWR,NJ,AEA,EN,Towers with Radar,514,55,28,0,597,0,7,15,0,22,514,62,43,0,619,0,0,0,619
09/03/2021,EWR,NJ,AEA,EN,Towers with Radar,819,89,35,0,943,0,4,30,2,36,819,93,65,2,979,0,0,0,979
09/04/2021,EWR,NJ,AEA,EN,Towers with Radar,756,29,17,0,802,0,0,36,0,36,756,29,53,0,838,0,0,0,838
09/05/2021,EWR,NJ,AEA,EN,Towers with Radar,762,26,8,0,796,0,0,26,0,26,762,26,34,0,822,0,0,0,822
09/06/2021,EWR,NJ,AEA,EN,Towers with Radar,785,24,9,2,820,0,2,20,0,22,785,26,29,2,842,0,0,0,842
09/07/2021,EWR,NJ,AEA,EN,Towers with Radar,777,24,10,2,813,0,4,9,4,17,777,28,19,6,830,0,0,0,830
09/08/2021,EWR,NJ,AEA,EN,Towers with Radar,786,38,12,0,836,0,5,29,0,34,786,43,41,0,870,0,0,0,870
09/09/2021,EWR,NJ,AEA,EN,Towers with Radar,855,34,8,0,897,0,8,3,0,11,855,42,11,0,908,0,0,0,908
09/10/2021,EWR,NJ,AEA,EN,Towers with Radar,841,40,13,0,894,0,4,26,5,35,841,44,39,5,929,0,0,0,929
09/11/2021,EWR,NJ,AEA,EN,Towers with Radar,782,15,10,0,807,0,0,26,0,26,782,15,36,0,833,0,0,0,833
09/12/2021,EWR,NJ,AEA,EN,Towers with Radar,802,22,17,0,841,0,31,51,0,82,802,53,68,0,923,0,0,0,923
09/13/2021,EWR,NJ,AEA,EN,Towers with Radar,806,22,8,0,836,0,7,37,1,45,806,29,45,1,881,0,0,0,881
09/14/2021,EWR,NJ,AEA,EN,Towers with Radar,824,51,16,0,891,0,4,22,2,28,824,55,38,2,919,0,0,0,919
09/15/2021,EWR,NJ,AEA,EN,Towers with Radar,766,42,13,0,821,0,6,32,1,39,766,48,45,1,860,0,0,0,860
09/16/2021,EWR,NJ,AEA,EN,Towers with Radar,858,37,5,0,900,0,4,10,3,17,858,41,15,3,917,0,0,0,917
09/17/2021,EWR,NJ,AEA,EN,Towers with Radar,826,44,8,0,878,0,0,6,0,6,826,44,14,0,884,0,0,0,884
09/18/2021,EWR,NJ,AEA,EN,Towers with Radar,780,27,6,0,813,0,18,31,2,51,780,45,37,2,864,0,0,0,864
09/19/2021,EWR,NJ,AEA,EN,Towers with Radar,813,30,12,0,855,0,2,31,1,34,813,32,43,1,889,0,0,0,889
09/20/2021,EWR,NJ,AEA,EN,Towers with Radar,806,31,9,2,848,0,0,53,0,53,806,31,62,2,901,0,0,0,901
09/21/2021,EWR,NJ,AEA,EN,Towers with Radar,819,43,10,0,872,0,4,41,0,45,819,47,51,0,917,0,0,0,917
09/22/2021,EWR,NJ,AEA,EN,Towers with Radar,793,35,11,0,839,0,4,19,0,23,793,39,30,0,862,0,0,0,862
09/23/2021,EWR,NJ,AEA,EN,Towers with Radar,659,32,10,0,701,0,4,25,0,29,659,36,35,0,730,0,0,0,730
09/24/2021,EWR,NJ,AEA,EN,Towers with Radar,872,39,6,0,917,0,2,26,0,28,872,41,32,0,945,0,0,0,945
09/25/2021,EWR,NJ,AEA,EN,Towers with Radar,743,35,12,0,790,0,4,29,4,37,743,39,41,4,827,0,0,0,827
09/26/2021,EWR,NJ,AEA,EN,Towers with Radar,807,26,9,0,842,0,0,28,2,30,807,26,37,2,872,0,0,0,872
09/27/2021,EWR,NJ,AEA,EN,Towers with Radar,794,33,14,0,841,0,2,20,1,23,794,35,34,1,864,0,0,0,864
09/28/2021,EWR,NJ,AEA,EN,Towers with Radar,820,37,3,2,862,0,4,2,0,6,820,41,5,2,868,0,0,0,868
09/29/2021,EWR,NJ,AEA,EN,Towers with Radar,802,41,8,0,851,0,5,20,0,25,802,46,28,0,876,0,0,0,876
09/30/2021,EWR,NJ,AEA,EN,Towers with Radar,863,44,17,0,924,0,10,13,2,25,863,54,30,2,949,0,0,0,949
10/01/2021,EWR,NJ,AEA,EN,Towers with Radar,843,39,8,0,890,0,5,15,0,20,843,44,23,0,910,0,0,0,910
10/02/2021,EWR,NJ,AEA,EN,Towers with Radar,774,23,7,2,806,0,0,13,4,17,774,23,20,6,823,0,0,0,823
10/03/2021,EWR,NJ,AEA,EN,Towers with Radar,806,29,10,0,845,0,2,8,0,10,806,31,18,0,855,0,0,0,855
10/04/2021,EWR,NJ,AEA,EN,Towers with Radar,807,36,20,0,863,1,0,0,0,1,808,36,20,0,864,0,0,0,864
10/05/2021,EWR,NJ,AEA,EN,Towers with Radar,928,43,16,0,987,0,4,2,1,7,928,47,18,1,994,0,0,0,994
10/06/2021,EWR,NJ,AEA,EN,Towers with Radar,936,53,16,0,1005,0,4,19,0,23,936,57,35,0,1028,0,0,0,1028
10/07/2021,EWR,NJ,AEA,EN,Towers with Radar,987,45,16,2,1050,0,8,17,0,25,987,53,33,2,1075,0,0,0,1075
10/08/2021,EWR,NJ,AEA,EN,Towers with Radar,937,37,11,4,989,0,4,35,1,40,937,41,46,5,1029,0,0,0,1029
10/09/2021,EWR,NJ,AEA,EN,Towers with Radar,869,26,8,0,903,0,0,16,0,16,869,26,24,0,919,0,0,0,919
10/10/2021,EWR,NJ,AEA,EN,Towers with Radar,904,34,18,0,956,0,0,5,0,5,904,34,23,0,961,0,0,0,961
10/11/2021,EWR,NJ,AEA,EN,Towers with Radar,941,29,20,0,990,0,0,5,0,5,941,29,25,0,995,0,0,0,995
10/12/2021,EWR,NJ,AEA,EN,Towers with Radar,954,42,20,0,1016,0,4,3,1,8,954,46,23,1,1024,0,0,0,1024
10/13/2021,EWR,NJ,AEA,EN,Towers with Radar,908,41,17,0,966,0,0,15,2,17,908,41,32,2,983,0,0,0,983
10/14/2021,EWR,NJ,AEA,EN,Towers with Radar,975,39,15,0,1029,0,4,21,3,28,975,43,36,3,1057,0,0,0,1057
10/15/2021,EWR,NJ,AEA,EN,Towers with Radar,942,36,9,2,989,0,4,10,0,14,942,40,19,2,1003,0,0,0,1003
10/16/2021,EWR,NJ,AEA,EN,Towers with Radar,823,29,5,0,857,0,0,8,0,8,823,29,13,0,865,0,0,0,865
10/17/2021,EWR,NJ,AEA,EN,Towers with Radar,911,16,11,0,938,0,2,27,0,29,911,18,38,0,967,0,0,0,967
10/18/2021,EWR,NJ,AEA,EN,Towers with Radar,916,25,17,0,958,0,2,16,0,18,916,27,33,0,976,0,0,0,976
10/19/2021,EWR,NJ,AEA,EN,Towers with Radar,931,32,13,0,976,1,2,12,0,15,932,34,25,0,991,0,0,0,991
10/20/2021,EWR,NJ,AEA,EN,Towers with Radar,918,59,11,1,989,1,4,10,0,15,919,63,21,1,1004,0,0,0,1004
10/21/2021,EWR,NJ,AEA,EN,Towers with Radar,970,47,17,1,1035,0,7,14,0,21,970,54,31,1,1056,0,0,0,1056
10/22/2021,EWR,NJ,AEA,EN,Towers with Radar,939,41,6,2,988,0,4,15,1,20,939,45,21,3,1008,0,0,0,1008
10/23/2021,EWR,NJ,AEA,EN,Towers with Radar,846,30,7,0,883,0,1,29,2,32,846,31,36,2,915,0,0,0,915
10/24/2021,EWR,NJ,AEA,EN,Towers with Radar,902,31,14,4,951,0,0,19,3,22,902,31,33,7,973,0,0,0,973
10/25/2021,EWR,NJ,AEA,EN,Towers with Radar,840,22,6,7,875,0,1,27,0,28,840,23,33,7,903,0,0,0,903
10/26/2021,EWR,NJ,AEA,EN,Towers with Radar,908,38,8,2,956,0,0,0,0,0,908,38,8,2,956,0,0,0,956
10/27/2021,EWR,NJ,AEA,EN,Towers with Radar,920,39,12,0,971,0,4,10,0,14,920,43,22,0,985,0,0,0,985
10/28/2021,EWR,NJ,AEA,EN,Towers with Radar,968,49,20,0,1037,0,6,21,0,27,968,55,41,0,1064,0,0,0,1064
10/29/2021,EWR,NJ,AEA,EN,Towers with Radar,947,38,19,0,1004,0,6,5,1,12,947,44,24,1,1016,0,0,0,1016
10/30/2021,EWR,NJ,AEA,EN,Towers with Radar,816,19,14,0,849,0,4,6,0,10,816,23,20,0,859,0,0,0,859
10/31/2021,EWR,NJ,AEA,EN,Towers with Radar,934,4,8,1,947,0,0,8,1,9,934,4,16,2,956,0,0,0,956
11/01/2021,EWR,NJ,AEA,EN,Towers with Radar,1121,10,13,0,1144,0,1,12,0,13,1121,11,25,0,1157,0,0,0,1157
11/02/2021,EWR,NJ,AEA,EN,Towers with Radar,1179,31,9,0,1219,0,5,9,0,14,1179,36,18,0,1233,0,0,0,1233
11/03/2021,EWR,NJ,AEA,EN,Towers with Radar,1138,26,12,0,1176,0,4,16,0,20,1138,30,28,0,1196,0,0,0,1196
11/04/2021,EWR,NJ,AEA,EN,Towers with Radar,1227,35,16,0,1278,0,4,15,1,20,1227,39,31,1,1298,0,0,0,1298
11/05/2021,EWR,NJ,AEA,EN,Towers with Radar,1151,32,13,0,1196,0,7,11,1,19,1151,39,24,1,1215,0,0,0,1215
11/06/2021,EWR,NJ,AEA,EN,Towers with Radar,730,22,10,0,762,0,1,15,0,16,730,23,25,0,778,0,0,0,778
11/07/2021,EWR,NJ,AEA,EN,Towers with Radar,1013,19,20,0,1052,0,4,22,0,26,1013,23,42,0,1078,0,0,0,1078
11/08/2021,EWR,NJ,AEA,EN,Towers with Radar,1165,11,17,0,1193,0,1,13,2,16,1165,12,30,2,1209,0,0,0,1209
11/09/2021,EWR,NJ,AEA,EN,Towers with Radar,1176,27,8,0,1211,1,3,22,2,28,1177,30,30,2,1239,0,0,0,1239
11/10/2021,EWR,NJ,AEA,EN,Towers with Radar,1143,34,6,0,1183,0,10,11,4,25,1143,44,17,4,1208,0,0,0,1208
11/11/2021,EWR,NJ,AEA,EN,Towers with Radar,1207,35,18,0,1260,0,5,14,0,19,1207,40,32,0,1279,0,0,0,1279
11/12/2021,EWR,NJ,AEA,EN,Towers with Radar,1137,19,11,0,1167,0,4,2,0,6,1137,23,13,0,1173,0,0,0,1173
11/13/2021,EWR,NJ,AEA,EN,Towers with Radar,734,3,2,0,739,0,4,9,0,13,734,7,11,0,752,0,0,0,752
11/14/2021,EWR,NJ,AEA,EN,Towers with Radar,1008,15,18,0,1041,0,2,9,0,11,1008,17,27,0,1052,0,0,0,1052
11/15/2021,EWR,NJ,AEA,EN,Towers with Radar,1178,17,11,0,1206,0,0,11,0,11,1178,17,22,0,1217,0,0,0,1217
11/16/2021,EWR,NJ,AEA,EN,Towers with Radar,1178,28,12,0,1218,0,4,8,6,18,1178,32,20,6,1236,0,0,0,1236
11/17/2021,EWR,NJ,AEA,EN,Towers with Radar,1158,33,15,0,1206,0,7,14,0,21,1158,40,29,0,1227,0,0,0,1227
11/18/2021,EWR,NJ,AEA,EN,Towers with Radar,1213,33,17,0,1263,0,15,20,5,40,1213,48,37,5,1303,0,0,0,1303
11/19/2021,EWR,NJ,AEA,EN,Towers with Radar,1190,20,17,0,1227,0,6,34,2,42,1190,26,51,2,1269,0,0,0,1269
11/20/2021,EWR,NJ,AEA,EN,Towers with Radar,1021,9,7,0,1037,1,0,15,0,16,1022,9,22,0,1053,0,0,0,1053
11/21/2021,EWR,NJ,AEA,EN,Towers with Radar,1162,8,7,0,1177,0,0,14,0,14,1162,8,21,0,1191,0,0,0,1191
11/22/2021,EWR,NJ,AEA,EN,Towers with Radar,1199,10,10,0,1219,0,10,0,4,14,1199,20,10,4,1233,0,0,0,1233
11/23/2021,EWR,NJ,AEA,EN,Towers with Radar,1240,32,10,0,1282,0,8,23,3,34,1240,40,33,3,1316,0,0,0,1316
11/24/2021,EWR,NJ,AEA,EN,Towers with Radar,1247,26,9,0,1282,0,4,29,1,34,1247,30,38,1,1316,0,0,0,1316
11/25/2021,EWR,NJ,AEA,EN,Towers with Radar,804,3,1,0,808,0,2,15,0,17,804,5,16,0,825,0,0,0,825
11/26/2021,EWR,NJ,AEA,EN,Towers with Radar,1026,8,2,0,1036,0,9,9,0,18,1026,17,11,0,1054,0,0,0,1054
11/27/2021,EWR,NJ,AEA,EN,Towers with Radar,1039,12,7,2,1060,0,0,35,0,35,1039,12,42,2,1095,0,0,0,1095
11/28/2021,EWR,NJ,AEA,EN,Towers with Radar,1164,29,28,0,1221,0,12,7,0,19,1164,41,35,0,1240,0,0,0,1240
11/29/2021,EWR,NJ,AEA,EN,Towers with Radar,1211,21,9,0,1241,0,2,22,0,24,1211,23,31,0,1265,0,0,0,1265
11/30/2021,EWR,NJ,AEA,EN,Towers with Radar,1240,27,5,0,1272,0,4,14,0,18,1240,31,19,0,1290,0,0,0,1290
12/01/2021,EWR,NJ,AEA,EN,Towers with Radar,1202,35,16,0,1253,0,10,22,0,32,1202,45,38,0,1285,0,0,0,1285
12/02/2021,EWR,NJ,AEA,EN,Towers with Radar,1238,31,20,0,1289,0,9,24,0,33,1238,40,44,0,1322,0,0,0,1322
12/03/2021,EWR,NJ,AEA,EN,Towers with Radar,1204,43,9,0,1256,0,21,30,0,51,1204,64,39,0,1307,0,0,0,1307
12/04/2021,EWR,NJ,AEA,EN,Towers with Radar,774,14,9,0,797,0,1,31,0,32,774,15,40,0,829,0,0,0,829
12/05/2021,EWR,NJ,AEA,EN,Towers with Radar,1024,0,8,0,1032,0,6,10,2,18,1024,6,18,2,1050,0,0,0,1050
12/06/2021,EWR,NJ,AEA,EN,Towers with Radar,1118,11,14,0,1143,0,6,20,0,26,1118,17,34,0,1169,0,0,0,1169
12/07/2021,EWR,NJ,AEA,EN,Towers with Radar,1196,29,6,0,1231,0,10,9,0,19,1196,39,15,0,1250,0,0,0,1250
12/08/2021,EWR,NJ,AEA,EN,Towers with Radar,1090,32,24,0,1146,0,20,6,3,29,1090,52,30,3,1175,0,0,0,1175
12/09/2021,EWR,NJ,AEA,EN,Towers with Radar,1229,38,12,0,1279,0,11,35,2,48,1229,49,47,2,1327,0,0,0,1327
12/10/2021,EWR,NJ,AEA,EN,Towers with Radar,1169,34,8,0,1211,0,28,25,6,59,1169,62,33,6,1270,0,0,0,1270
12/11/2021,EWR,NJ,AEA,EN,Towers with Radar,744,37,17,6,804,0,0,0,2,2,744,37,17,8,806,0,0,0,806
12/12/2021,EWR,NJ,AEA,EN,Towers with Radar,1009,10,14,0,1033,0,12,15,2,29,1009,22,29,2,1062,0,0,0,1062
12/13/2021,EWR,NJ,AEA,EN,Towers with Radar,1152,15,9,1,1177,0,0,25,3,28,1152,15,34,4,1205,0,0,0,1205
12/14/2021,EWR,NJ,AEA,EN,Towers with Radar,1185,34,8,0,1227,0,6,13,0,19,1185,40,21,0,1246,0,0,0,1246
12/15/2021,EWR,NJ,AEA,EN,Towers with Radar,1136,40,12,0,1188,0,4,16,1,21,1136,44,28,1,1209,0,0,0,1209
12/16/2021,EWR,NJ,AEA,EN,Towers with Radar,1194,31,16,0,1241,0,6,26,2,34,1194,37,42,2,1275,0,0,0,1275
12/17/2021,EWR,NJ,AEA,EN,Towers with Radar,1255,41,7,0,1303,0,2,38,0,40,1255,43,45,0,1343,0,0,0,1343
12/18/2021,EWR,NJ,AEA,EN,Towers with Radar,848,25,5,0,878,0,2,3,0,5,848,27,8,0,883,0,0,0,883
12/19/2021,EWR,NJ,AEA,EN,Towers with Radar,1035,7,5,0,1047,0,0,30,0,30,1035,7,35,0,1077,0,0,0,1077
12/20/2021,EWR,NJ,AEA,EN,Towers with Radar,1197,17,6,0,1220,0,0,33,1,34,1197,17,39,1,1254,0,0,0,1254
12/21/2021,EWR,NJ,AEA,EN,Towers with Radar,1273,29,11,0,1313,0,11,6,4,21,1273,40,17,4,1334,0,0,0,1334
12/22/2021,EWR,NJ,AEA,EN,Towers with Radar,1268,29,3,0,1300,0,8,7,4,19,1268,37,10,4,1319,0,0,0,1319
12/23/2021,EWR,NJ,AEA,EN,Towers with Radar,1246,32,4,1,1283,0,12,30,3,45,1246,44,34,4,1328,0,0,0,1328
12/24/2021,EWR,NJ,AEA,EN,Towers with Radar,964,25,3,0,992,0,6,5,0,11,964,31,8,0,1003,0,0,0,1003
12/25/2021,EWR,NJ,AEA,EN,Towers with Radar,820,3,3,0,826,0,0,0,0,0,820,3,3,0,826,0,0,0,826
12/26/2021,EWR,NJ,AEA,EN,Towers with Radar,1034,11,3,0,1048,0,0,23,0,23,1034,11,26,0,1071,0,0,0,1071
12/27/2021,EWR,NJ,AEA,EN,Towers with Radar,1044,8,16,0,1068,0,1,17,3,21,1044,9,33,3,1089,0,0,0,1089
12/28/2021,EWR,NJ,AEA,EN,Towers with Radar,1134,6,1,0,1141,0,1,10,0,11,1134,7,11,0,1152,0,0,0,1152
12/29/2021,EWR,NJ,AEA,EN,Towers with Radar,1116,17,5,2,1140,0,4,0,0,4,1116,21,5,2,1144,0,0,0,1144
12/30/2021,EWR,NJ,AEA,EN,Towers with Radar,1056,24,7,0,1087,0,0,5,0,5,1056,24,12,0,1092,0,0,0,1092
12/31/2021,EWR,NJ,AEA,EN,Towers with Radar,899,21,1,0,921,0,4,8,0,12,899,25,9,0,933,0,0,0,933
01/01/2022,EWR,NJ,AEA,EN,Towers with Radar,863,9,5,0,877,0,0,0,0,0,863,9,5,0,877,0,0,0,877
01/02/2022,EWR,NJ,AEA,EN,Towers with Radar,1039,11,17,0,1067,0,0,15,0,15,1039,11,32,0,1082,0,0,0,1082
01/03/2022,EWR,NJ,AEA,EN,Towers with Radar,1026,18,7,0,1051,1,6,5,1,13,1027,24,12,1,1064,0,0,0,1064
01/04/2022,EWR,NJ,AEA,EN,Towers with Radar,1055,35,3,0,1093,0,6,14,2,22,1055,41,17,2,1115,0,0,0,1115
01/05/2022,EWR,NJ,AEA,EN,Towers with Radar,964,25,12,0,1001,0,4,5,0,9,964,29,17,0,1010,0,0,0,1010
01/06/2022,EWR,NJ,AEA,EN,Towers with Radar,990,30,4,0,1024,0,4,15,1,20,990,34,19,1,1044,0,0,0,1044
01/07/2022,EWR,NJ,AEA,EN,Towers with Radar,851,19,6,0,876,0,0,4,0,4,851,19,10,0,880,0,0,0,880
01/08/2022,EWR,NJ,AEA,EN,Towers with Radar,657,6,5,0,668,0,0,11,0,11,657,6,16,0,679,0,0,0,679
01/09/2022,EWR,NJ,AEA,EN,Towers with Radar,866,3,13,0,882,0,0,0,0,0,866,3,13,0,882,0,0,0,882
01/10/2022,EWR,NJ,AEA,EN,Towers with Radar,1020,12,1,0,1033,0,2,19,0,21,1020,14,20,0,1054,0,0,0,1054
01/11/2022,EWR,NJ,AEA,EN,Towers with Radar,972,19,7,0,998,0,4,10,0,14,972,23,17,0,1012,0,0,0,1012
01/12/2022,EWR,NJ,AEA,EN,Towers with Radar,988,23,5,0,1016,0,5,12,2,19,988,28,17,2,1035,0,0,0,1035
01/13/2022,EWR,NJ,AEA,EN,Towers with Radar,1042,28,8,0,1078,0,4,17,2,23,1042,32,25,2,1101,0,0,0,1101
01/14/2022,EWR,NJ,AEA,EN,Towers with Radar,1025,21,11,0,1057,0,15,11,3,29,1025,36,22,3,1086,0,0,0,1086
01/15/2022,EWR,NJ,AEA,EN,Towers with Radar,714,7,2,0,723,0,2,0,2,4,714,9,2,2,727,0,0,0,727
01/16/2022,EWR,NJ,AEA,EN,Towers with Radar,784,2,6,0,792,1,0,7,0,8,785,2,13,0,800,0,0,0,800
01/17/2022,EWR,NJ,AEA,EN,Towers with Radar,943,5,3,0,951,0,2,13,0,15,943,7,16,0,966,0,0,0,966
01/18/2022,EWR,NJ,AEA,EN,Towers with Radar,1031,20,5,0,1056,0,6,16,1,23,1031,26,21,1,1079,0,0,0,1079
01/19/2022,EWR,NJ,AEA,EN,Towers with Radar,1014,29,3,0,1046,0,6,12,1,19,1014,35,15,1,1065,0,0,0,1065
01/20/2022,EWR,NJ,AEA,EN,Towers with Radar,1016,15,11,2,1044,0,0,9,3,12,1016,15,20,5,1056,0,0,0,1056
01/21/2022,EWR,NJ,AEA,EN,Towers with Radar,1069,27,6,0,1102,0,8,12,0,20,1069,35,18,0,1122,0,0,0,1122
01/22/2022,EWR,NJ,AEA,EN,Towers with Radar,706,4,3,0,713,0,1,6,0,7,706,5,9,0,720,0,0,0,720
01/23/2022,EWR,NJ,AEA,EN,Towers with Radar,910,10,6,0,926,0,0,4,4,8,910,10,10,4,934,0,0,0,934
01/24/2022,EWR,NJ,AEA,EN,Towers with Radar,1026,17,8,0,1051,0,0,17,0,17,1026,17,25,0,1068,0,0,0,1068
01/25/2022,EWR,NJ,AEA,EN,Towers with Radar,1025,30,4,0,1059,0,6,6,3,15,1025,36,10,3,1074,0,0,0,1074
01/26/2022,EWR,NJ,AEA,EN,Towers with Radar,1017,29,6,0,1052,0,4,21,1,26,1017,33,27,1,1078,0,0,0,1078
01/27/2022,EWR,NJ,AEA,EN,Towers with Radar,1109,34,10,0,1153,0,6,21,1,28,1109,40,31,1,1181,0,0,0,1181
01/28/2022,EWR,NJ,AEA,EN,Towers with Radar,955,25,6,0,986,0,4,6,1,11,955,29,12,1,997,0,0,0,997
01/29/2022,EWR,NJ,AEA,EN,Towers with Radar,47,6,3,0,56,0,0,0,0,0,47,6,3,0,56,0,0,0,56
01/30/2022,EWR,NJ,AEA,EN,Towers with Radar,867,11,9,1,888,0,8,1,0,9,867,19,10,1,897,0,0,0,897
01/31/2022,EWR,NJ,AEA,EN,Towers with Radar,1033,18,9,0,1060,0,0,15,1,16,1033,18,24,1,1076,0,0,0,1076
02/01/2022,EWR,NJ,AEA,EN,Towers with Radar,1067,39,3,0,1109,0,6,19,2,27,1067,45,22,2,1136,0,0,0,1136
02/02/2022,EWR,NJ,AEA,EN,Towers with Radar,970,27,4,0,1001,0,2,17,1,20,970,29,21,1,1021,0,0,0,1021
02/03/2022,EWR,NJ,AEA,EN,Towers with Radar,881,25,5,0,911,0,0,0,0,0,881,25,5,0,911,0,0,0,911
02/04/2022,EWR,NJ,AEA,EN,Towers with Radar,694,15,7,0,716,0,0,0,0,0,694,15,7,0,716,0,0,0,716
02/05/2022,EWR,NJ,AEA,EN,Towers with Radar,661,10,7,0,678,0,1,17,0,18,661,11,24,0,696,0,0,0,696
02/06/2022,EWR,NJ,AEA,EN,Towers with Radar,926,4,12,0,942,0,0,9,2,11,926,4,21,2,953,0,0,0,953
02/07/2022,EWR,NJ,AEA,EN,Towers with Radar,1040,4,12,0,1056,0,4,0,0,4,1040,8,12,0,1060,0,0,0,1060
02/08/2022,EWR,NJ,AEA,EN,Towers with Radar,1047,37,2,0,1086,0,6,17,0,23,1047,43,19,0,1109,0,0,0,1109
02/09/2022,EWR,NJ,AEA,EN,Towers with Radar,1056,38,1,0,1095,0,6,6,0,12,1056,44,7,0,1107,0,0,0,1107
02/10/2022,EWR,NJ,AEA,EN,Towers with Radar,1092,36,5,1,1134,0,4,25,0,29,1092,40,30,1,1163,0,0,0,1163
02/11/2022,EWR,NJ,AEA,EN,Towers with Radar,1083,28,5,3,1119,0,11,23,0,34,1083,39,28,3,1153,0,0,0,1153
02/12/2022,EWR,NJ,AEA,EN,Towers with Radar,720,3,4,0,727,0,0,19,0,19,720,3,23,0,746,0,0,0,746
02/13/2022,EWR,NJ,AEA,EN,Towers with Radar,920,10,6,0,936,0,0,0,0,0,920,10,6,0,936,0,0,0,936
02/14/2022,EWR,NJ,AEA,EN,Towers with Radar,1084,14,5,0,1103,0,3,12,0,15,1084,17,17,0,1118,0,0,0,1118
02/15/2022,EWR,NJ,AEA,EN,Towers with Radar,1070,38,18,0,1126,0,4,16,0,20,1070,42,34,0,1146,0,0,0,1146
02/16/2022,EWR,NJ,AEA,EN,Towers with Radar,1074,39,7,0,1120,0,5,13,0,18,1074,44,20,0,1138,0,0,0,1138
02/17/2022,EWR,NJ,AEA,EN,Towers with Radar,1078,28,11,0,1117,0,8,18,0,26,1078,36,29,0,1143,0,0,0,1143
02/18/2022,EWR,NJ,AEA,EN,Towers with Radar,1159,10,7,0,1176,0,0,17,0,17,1159,10,24,0,1193,0,0,0,1193
02/19/2022,EWR,NJ,AEA,EN,Towers with Radar,786,7,0,0,793,0,0,13,0,13,786,7,13,0,806,0,0,0,806
02/20/2022,EWR,NJ,AEA,EN,Towers with Radar,972,16,5,0,993,0,0,14,0,14,972,16,19,0,1007,0,0,0,1007
02/21/2022,EWR,NJ,AEA,EN,Towers with Radar,1095,19,13,0,1127,0,2,13,0,15,1095,21,26,0,1142,0,0,0,1142
02/22/2022,EWR,NJ,AEA,EN,Towers with Radar,1055,42,11,0,1108,0,0,4,0,4,1055,42,15,0,1112,0,0,0,1112
02/23/2022,EWR,NJ,AEA,EN,Towers with Radar,1124,32,3,0,1159,0,6,21,1,28,1124,38,24,1,1187,0,0,0,1187
02/24/2022,EWR,NJ,AEA,EN,Towers with Radar,1083,24,6,0,1113,0,10,18,1,29,1083,34,24,1,1142,0,0,0,1142
02/25/2022,EWR,NJ,AEA,EN,Towers with Radar,943,14,8,0,965,0,0,11,0,11,943,14,19,0,976,0,0,0,976
02/26/2022,EWR,NJ,AEA,EN,Towers with Radar,770,10,9,0,789,0,1,7,0,8,770,11,16,0,797,0,0,0,797
02/27/2022,EWR,NJ,AEA,EN,Towers with Radar,1000,12,9,0,1021,0,0,14,0,14,1000,12,23,0,1035,0,0,0,1035
02/28/2022,EWR,NJ,AEA,EN,Towers with Radar,1098,12,9,0,1119,0,1,21,0,22,1098,13,30,0,1141,0,0,0,1141
03/01/2022,EWR,NJ,AEA,EN,Towers with Radar,1107,32,10,0,1149,0,5,17,0,22,1107,37,27,0,1171,0,0,0,1171
03/02/2022,EWR,NJ,AEA,EN,Towers with Radar,1084,28,7,0,1119,0,4,15,0,19,1084,32,22,0,1138,0,0,0,1138
03/03/2022,EWR,NJ,AEA,EN,Towers with Radar,1135,36,13,0,1184,0,6,28,4,38,1135,42,41,4,1222,0,0,0,1222
03/04/2022,EWR,NJ,AEA,EN,Towers with Radar,1114,34,12,0,1160,0,5,19,1,25,1114,39,31,1,1185,0,0,0,1185
03/05/2022,EWR,NJ,AEA,EN,Towers with Radar,740,5,2,0,747,0,1,5,0,6,740,6,7,0,753,0,0,0,753
03/06/2022,EWR,NJ,AEA,EN,Towers with Radar,986,1,4,0,991,0,0,6,0,6,986,1,10,0,997,0,0,0,997
03/07/2022,EWR,NJ,AEA,EN,Towers with Radar,1041,10,7,0,1058,0,0,9,0,9,1041,10,16,0,1067,0,0,0,1067
03/08/2022,EWR,NJ,AEA,EN,Towers with Radar,1140,39,14,0,1193,0,6,13,4,23,1140,45,27,4,1216,0,0,0,1216
03/09/2022,EWR,NJ,AEA,EN,Towers with Radar,1000,26,15,0,1041,0,0,0,0,0,1000,26,15,0,1041,0,0,0,1041
03/10/2022,EWR,NJ,AEA,EN,Towers with Radar,1154,34,8,0,1196,0,4,28,0,32,1154,38,36,0,1228,0,0,0,1228
03/11/2022,EWR,NJ,AEA,EN,Towers with Radar,1130,30,11,0,1171,0,4,23,2,29,1130,34,34,2,1200,0,0,0,1200
03/12/2022,EWR,NJ,AEA,EN,Towers with Radar,696,14,9,0,719,0,0,0,0,0,696,14,9,0,719,0,0,0,719
03/13/2022,EWR,NJ,AEA,EN,Towers with Radar,978,8,17,0,1003,0,0,15,0,15,978,8,32,0,1018,0,0,0,1018
03/14/2022,EWR,NJ,AEA,EN,Towers with Radar,1102,14,8,0,1124,0,0,21,0,21,1102,14,29,0,1145,0,0,0,1145
03/15/2022,EWR,NJ,AEA,EN,Towers with Radar,1109,38,5,0,1152,0,4,19,0,23,1109,42,24,0,1175,0,0,0,1175
03/16/2022,EWR,NJ,AEA,EN,Towers with Radar,1085,40,5,2,1132,0,4,22,2,28,1085,44,27,4,1160,0,0,0,1160
03/17/2022,EWR,NJ,AEA,EN,Towers with Radar,1117,34,12,0,1163,0,0,0,0,0,1117,34,12,0,1163,0,0,0,1163
03/18/2022,EWR,NJ,AEA,EN,Towers with Radar,1133,35,9,0,1177,0,1,27,5,33,1133,36,36,5,1210,0,0,0,1210
03/19/2022,EWR,NJ,AEA,EN,Towers with Radar,750,13,7,0,770,0,0,1,2,3,750,13,8,2,773,0,0,0,773
03/20/2022,EWR,NJ,AEA,EN,Towers with Radar,1017,14,7,0,1038,0,0,14,0,14,1017,14,21,0,1052,0,0,0,1052
03/21/2022,EWR,NJ,AEA,EN,Towers with Radar,1090,18,11,0,1119,0,0,31,0,31,1090,18,42,0,1150,0,0,0,1150
03/22/2022,EWR,NJ,AEA,EN,Towers with Radar,1107,33,9,2,1151,0,4,9,2,15,1107,37,18,4,1166,0,0,0,1166
03/23/2022,EWR,NJ,AEA,EN,Towers with Radar,1085,29,7,2,1123,0,6,15,0,21,1085,35,22,2,1144,0,0,0,1144
03/24/2022,EWR,NJ,AEA,EN,Towers with Radar,1100,29,3,0,1132,0,0,0,0,0,1100,29,3,0,1132,0,0,0,1132
03/25/2022,EWR,NJ,AEA,EN,Towers with Radar,1157,30,18,0,1205,0,4,39,0,43,1157,34,57,0,1248,0,0,0,1248
03/26/2022,EWR,NJ,AEA,EN,Towers with Radar,772,19,9,0,800,0,1,12,0,13,772,20,21,0,813,0,0,0,813
03/27/2022,EWR,NJ,AEA,EN,Towers with Radar,1026,6,12,0,1044,0,0,11,0,11,1026,6,23,0,1055,0,0,0,1055
03/28/2022,EWR,NJ,AEA,EN,Towers with Radar,1172,17,16,0,1205,0,0,29,0,29,1172,17,45,0,1234,0,0,0,1234
03/29/2022,EWR,NJ,AEA,EN,Towers with Radar,1187,31,12,0,1230,0,6,6,0,12,1187,37,18,0,1242,0,0,0,1242
03/30/2022,EWR,NJ,AEA,EN,Towers with Radar,1162,34,11,0,1207,0,8,17,0,25,1162,42,28,0,1232,0,0,0,1232
03/31/2022,EWR,NJ,AEA,EN,Towers with Radar,961,32,10,0,1003,0,0,13,0,13,961,32,23,0,1016,0,0,0,1016
04/01/2022,EWR,NJ,AEA,EN,Towers with Radar,1215,35,8,0,1258,0,5,36,0,41,1215,40,44,0,1299,0,0,0,1299
04/02/2022,EWR,NJ,AEA,EN,Towers with Radar,771,8,9,0,788,0,0,20,4,24,771,8,29,4,812,0,0,0,812
04/03/2022,EWR,NJ,AEA,EN,Towers with Radar,1016,6,10,0,1032,0,0,0,0,0,1016,6,10,0,1032,0,0,0,1032
04/04/2022,EWR,NJ,AEA,EN,Towers with Radar,1137,15,11,0,1163,0,10,16,0,26,1137,25,27,0,1189,0,0,0,1189
04/05/2022,EWR,NJ,AEA,EN,Towers with Radar,1172,37,10,0,1219,0,4,25,0,29,1172,41,35,0,1248,0,0,0,1248
04/06/2022,EWR,NJ,AEA,EN,Towers with Radar,1159,37,8,0,1204,0,0,2,0,2,1159,37,10,0,1206,0,0,0,1206
04/07/2022,EWR,NJ,AEA,EN,Towers with Radar,949,37,16,0,1002,0,0,0,0,0,949,37,16,0,1002,0,0,0,1002
04/08/2022,EWR,NJ,AEA,EN,Towers with Radar,1189,38,18,0,1245,0,6,34,0,40,1189,44,52,0,1285,0,0,0,1285
04/09/2022,EWR,NJ,AEA,EN,Towers with Radar,819,5,2,0,826,0,0,17,0,17,819,5,19,0,843,0,0,0,843
04/10/2022,EWR,NJ,AEA,EN,Towers with Radar,955,14,9,0,978,0,0,18,0,18,955,14,27,0,996,0,0,0,996
04/11/2022,EWR,NJ,AEA,EN,Towers with Radar,1176,20,7,0,1203,0,0,15,0,15,1176,20,22,0,1218,0,0,0,1218
04/12/2022,EWR,NJ,AEA,EN,Towers with Radar,1205,38,9,0,1252,0,14,11,1,26,1205,52,20,1,1278,0,0,0,1278
04/13/2022,EWR,NJ,AEA,EN,Towers with Radar,1175,30,10,0,1215,0,4,20,1,25,1175,34,30,1,1240,0,0,0,1240
04/14/2022,EWR,NJ,AEA,EN,Towers with Radar,1083,38,6,0,1127,0,11,30,0,41,1083,49,36,0,1168,0,0,0,1168
04/15/2022,EWR,NJ,AEA,EN,Towers with Radar,1211,23,15,0,1249,0,4,29,0,33,1211,27,44,0,1282,0,0,0,1282
04/16/2022,EWR,NJ,AEA,EN,Towers with Radar,846,5,5,0,856,0,2,16,0,18,846,7,21,0,874,0,0,0,874
04/17/2022,EWR,NJ,AEA,EN,Towers with Radar,1045,4,9,0,1058,0,0,33,0,33,1045,4,42,0,1091,0,0,0,1091
04/18/2022,EWR,NJ,AEA,EN,Towers with Radar,1168,17,11,0,1196,0,2,26,0,28,1168,19,37,0,1224,0,0,0,1224
04/19/2022,EWR,NJ,AEA,EN,Towers with Radar,1187,28,7,0,1222,0,4,6,0,10,1187,32,13,0,1232,0,0,0,1232
04/20/2022,EWR,NJ,AEA,EN,Towers with Radar,1210,35,10,1,1256,0,4,23,0,27,1210,39,33,1,1283,0,0,0,1283
04/21/2022,EWR,NJ,AEA,EN,Towers with Radar,1230,38,12,1,1281,0,18,18,0,36,1230,56,30,1,1317,0,0,0,1317
04/22/2022,EWR,NJ,AEA,EN,Towers with Radar,1243,28,12,0,1283,0,9,23,8,40,1243,37,35,8,1323,0,0,0,1323
04/23/2022,EWR,NJ,AEA,EN,Towers with Radar,836,14,7,0,857,0,4,10,0,14,836,18,17,0,871,0,0,0,871
04/24/2022,EWR,NJ,AEA,EN,Towers with Radar,1076,23,19,0,1118,0,0,22,4,26,1076,23,41,4,1144,0,0,0,1144
04/25/2022,EWR,NJ,AEA,EN,Towers with Radar,1199,21,13,0,1233,0,3,22,0,25,1199,24,35,0,1258,0,0,0,1258
04/26/2022,EWR,NJ,AEA,EN,Towers with Radar,1205,33,8,0,1246,0,6,7,0,13,1205,39,15,0,1259,0,0,0,1259
04/27/2022,EWR,NJ,AEA,EN,Towers with Radar,1207,31,18,0,1256,0,18,10,5,33,1207,49,28,5,1289,0,0,0,1289
04/28/2022,EWR,NJ,AEA,EN,Towers with Radar,1233,34,10,0,1277,0,4,20,1,25,1233,38,30,1,1302,0,0,0,1302
04/29/2022,EWR,NJ,AEA,EN,Towers with Radar,1224,25,10,0,1259,0,4,50,0,54,1224,29,60,0,1313,0,0,0,1313
04/30/2022,EWR,NJ,AEA,EN,Towers with Radar,1083,14,6,0,1103,0,0,13,2,15,1083,14,19,2,1118,0,0,0,1118
05/01/2022,EWR,NJ,AEA,EN,Towers with Radar,1159,5,16,0,1180,0,0,18,7,25,1159,5,34,7,1205,0,0,0,1205
05/02/2022,EWR,NJ,AEA,EN,Towers with Radar,1219,27,10,0,1256,0,0,2,0,2,1219,27,12,0,1258,0,0,0,1258
05/03/2022,EWR,NJ,AEA,EN,Towers with Radar,1291,39,15,0,1345,0,14,19,0,33,1291,53,34,0,1378,0,0,0,1378
05/04/2022,EWR,NJ,AEA,EN,Towers with Radar,1243,38,14,0,1295,0,0,0,0,0,1243,38,14,0,1295,0,0,0,1295
05/05/2022,EWR,NJ,AEA,EN,Towers with Radar,1273,39,11,0,1323,0,23,21,0,44,1273,62,32,0,1367,0,0,0,1367
05/06/2022,EWR,NJ,AEA,EN,Towers with Radar,1160,28,10,0,1198,0,4,7,0,11,1160,32,17,0,1209,0,0,0,1209
05/07/2022,EWR,NJ,AEA,EN,Towers with Radar,1027,6,9,0,1042,0,0,0,0,0,1027,6,9,0,1042,0,0,0,1042
05/08/2022,EWR,NJ,AEA,EN,Towers with Radar,1126,8,8,1,1143,0,2,16,0,18,1126,10,24,1,1161,0,0,0,1161
05/09/2022,EWR,NJ,AEA,EN,Towers with Radar,1241,19,26,0,1286,0,2,25,0,27,1241,21,51,0,1313,0,0,0,1313
05/10/2022,EWR,NJ,AEA,EN,Towers with Radar,1248,41,15,0,1304,0,18,12,3,33,1248,59,27,3,1337,0,0,0,1337
05/11/2022,EWR,NJ,AEA,EN,Towers with Radar,1228,45,15,0,1288,0,6,24,1,31,1228,51,39,1,1319,0,0,0,1319
05/12/2022,EWR,NJ,AEA,EN,Towers with Radar,1253,37,10,0,1300,0,16,13,1,30,1253,53,23,1,1330,0,0,0,1330
05/13/2022,EWR,NJ,AEA,EN,Towers with Radar,1139,36,19,0,1194,0,0,8,0,8,1139,36,27,0,1202,0,0,0,1202
05/14/2022,EWR,NJ,AEA,EN,Towers with Radar,1045,20,3,1,1069,0,0,2,0,2,1045,20,5,1,1071,0,0,0,1071
05/15/2022,EWR,NJ,AEA,EN,Towers with Radar,1102,26,14,1,1143,0,0,25,2,27,1102,26,39,3,1170,0,0,0,1170
05/16/2022,EWR,NJ,AEA,EN,Towers with Radar,918,15,7,0,940,0,1,7,0,8,918,16,14,0,948,0,0,0,948
05/17/2022,EWR,NJ,AEA,EN,Towers with Radar,1214,26,17,1,1258,0,22,11,0,33,1214,48,28,1,1291,0,0,0,1291
05/18/2022,EWR,NJ,AEA,EN,Towers with Radar,1236,32,18,0,1286,0,7,27,0,34,1236,39,45,0,1320,0,0,0,1320
05/19/2022,EWR,NJ,AEA,EN,Towers with Radar,1220,36,23,0,1279,0,12,2,0,14,1220,48,25,0,1293,0,0,0,1293
05/20/2022,EWR,NJ,AEA,EN,Towers with Radar,978,32,18,0,1028,0,3,26,0,29,978,35,44,0,1057,0,0,0,1057
05/21/2022,EWR,NJ,AEA,EN,Towers with Radar,991,12,18,0,1021,0,4,22,4,30,991,16,40,4,1051,0,0,0,1051
05/22/2022,EWR,NJ,AEA,EN,Towers with Radar,936,16,10,0,962,0,0,22,0,22,936,16,32,0,984,0,0,0,984
05/23/2022,EWR,NJ,AEA,EN,Towers with Radar,1141,27,6,0,1174,0,0,17,6,23,1141,27,23,6,1197,0,0,0,1197
05/24/2022,EWR,NJ,AEA,EN,Towers with Radar,1252,46,12,0,1310,0,20,11,0,31,1252,66,23,0,1341,0,0,0,1341
05/25/2022,EWR,NJ,AEA,EN,Towers with Radar,1228,39,12,0,1279,0,4,26,0,30,1228,43,38,0,1309,0,0,0,1309
05/26/2022,EWR,NJ,AEA,EN,Towers with Radar,1250,38,16,0,1304,0,19,14,2,35,1250,57,30,2,1339,0,0,0,1339
05/27/2022,EWR,NJ,AEA,EN,Towers with Radar,1011,18,14,0,1043,0,0,9,1,10,1011,18,23,1,1053,0,0,0,1053
05/28/2022,EWR,NJ,AEA,EN,Towers with Radar,975,13,6,2,996,0,2,8,5,15,975,15,14,7,1011,0,0,0,1011
05/29/2022,EWR,NJ,AEA,EN,Towers with Radar,1048,5,2,0,1055,0,22,33,4,59,1048,27,35,4,1114,0,0,0,1114
05/30/2022,EWR,NJ,AEA,EN,Towers with Radar,1229,8,23,0,1260,0,16,13,0,29,1229,24,36,0,1289,0,0,0,1289
05/31/2022,EWR,NJ,AEA,EN,Towers with Radar,1183,16,17,0,1216,0,21,6,0,27,1183,37,23,0,1243,0,0,0,1243
06/01/2022,EWR,NJ,AEA,EN,Towers with Radar,932,27,23,0,982,0,4,13,0,17,932,31,36,0,999,0,0,0,999
06/02/2022,EWR,NJ,AEA,EN,Towers with Radar,976,40,10,0,1026,0,15,2,0,17,976,55,12,0,1043,0,0,0,1043
06/03/2022,EWR,NJ,AEA,EN,Towers with Radar,1211,22,14,0,1247,0,2,27,0,29,1211,24,41,0,1276,0,0,0,1276
06/04/2022,EWR,NJ,AEA,EN,Towers with Radar,1015,10,7,0,1032,0,2,21,6,29,1015,12,28,6,1061,0,0,0,1061
06/05/2022,EWR,NJ,AEA,EN,Towers with Radar,1131,15,11,0,1157,0,1,26,0,27,1131,16,37,0,1184,0,0,0,1184
06/06/2022,EWR,NJ,AEA,EN,Towers with Radar,1207,21,16,0,1244,0,2,21,1,24,1207,23,37,1,1268,0,0,0,1268
06/07/2022,EWR,NJ,AEA,EN,Towers with Radar,1228,38,12,0,1278,0,4,23,1,28,1228,42,35,1,1306,0,0,0,1306
06/08/2022,EWR,NJ,AEA,EN,Towers with Radar,1164,25,19,0,1208,0,6,15,0,21,1164,31,34,0,1229,0,0,0,1229
06/09/2022,EWR,NJ,AEA,EN,Towers with Radar,1213,40,12,0,1265,0,6,25,0,31,1213,46,37,0,1296,0,0,0,1296
06/10/2022,EWR,NJ,AEA,EN,Towers with Radar,1224,23,20,0,1267,0,10,41,0,51,1224,33,61,0,1318,0,0,0,1318
06/11/2022,EWR,NJ,AEA,EN,Towers with Radar,1066,10,10,0,1086,0,2,17,4,23,1066,12,27,4,1109,0,0,0,1109
06/12/2022,EWR,NJ,AEA,EN,Towers with Radar,925,8,8,0,941,0,10,6,0,16,925,18,14,0,957,0,0,0,957
06/13/2022,EWR,NJ,AEA,EN,Towers with Radar,1151,19,11,0,1181,0,6,26,0,32,1151,25,37,0,1213,0,0,0,1213
06/14/2022,EWR,NJ,AEA,EN,Towers with Radar,1169,38,15,0,1222,0,13,23,0,36,1169,51,38,0,1258,0,0,0,1258
06/15/2022,EWR,NJ,AEA,EN,Towers with Radar,1174,35,9,0,1218,0,6,22,0,28,1174,41,31,0,1246,0,0,0,1246
06/16/2022,EWR,NJ,AEA,EN,Towers with Radar,769,32,13,0,814,0,15,12,0,27,769,47,25,0,841,0,0,0,841
06/17/2022,EWR,NJ,AEA,EN,Towers with Radar,1111,31,17,0,1159,0,6,45,0,51,1111,37,62,0,1210,0,0,0,1210
06/18/2022,EWR,NJ,AEA,EN,Towers with Radar,1052,12,17,0,1081,0,2,21,0,23,1052,14,38,0,1104,0,0,0,1104
06/19/2022,EWR,NJ,AEA,EN,Towers with Radar,1042,23,17,0,1082,0,6,24,2,32,1042,29,41,2,1114,0,0,0,1114
06/20/2022,EWR,NJ,AEA,EN,Towers with Radar,1144,22,13,0,1179,0,0,34,0,34,1144,22,47,0,1213,0,0,0,1213
06/21/2022,EWR,NJ,AEA,EN,Towers with Radar,1169,28,19,0,1216,0,18,14,0,32,1169,46,33,0,1248,0,0,0,1248
06/22/2022,EWR,NJ,AEA,EN,Towers with Radar,922,28,23,0,973,0,4,8,0,12,922,32,31,0,985,0,0,0,985
06/23/2022,EWR,NJ,AEA,EN,Towers with Radar,1173,41,24,0,1238,0,22,11,0,33,1173,63,35,0,1271,0,0,0,1271
06/24/2022,EWR,NJ,AEA,EN,Towers with Radar,1137,32,16,0,1185,0,0,42,2,44,1137,32,58,2,1229,0,0,0,1229
06/25/2022,EWR,NJ,AEA,EN,Towers with Radar,1005,20,13,0,1038,0,4,24,2,30,1005,24,37,2,1068,0,0,0,1068
06/26/2022,EWR,NJ,AEA,EN,Towers with Radar,1057,14,16,0,1087,0,2,28,0,30,1057,16,44,0,1117,0,0,0,1117
06/27/2022,EWR,NJ,AEA,EN,Towers with Radar,1032,29,15,0,1076,0,4,19,0,23,1032,33,34,0,1099,0,0,0,1099
06/28/2022,EWR,NJ,AEA,EN,Towers with Radar,1125,38,10,0,1173,0,13,19,2,34,1125,51,29,2,1207,0,0,0,1207
06/29/2022,EWR,NJ,AEA,EN,Towers with Radar,1113,26,17,0,1156,0,10,38,2,50,1113,36,55,2,1206,0,0,0,1206
06/30/2022,EWR,NJ,AEA,EN,Towers with Radar,1175,34,12,0,1221,0,15,19,1,35,1175,49,31,1,1256,0,0,0,1256
07/01/2022,EWR,NJ,AEA,EN,Towers with Radar,1061,37,23,0,1121,0,10,25,5,40,1061,47,48,5,1161,0,0,0,1161
07/02/2022,EWR,NJ,AEA,EN,Towers with Radar,955,11,13,0,979,0,2,6,2,10,955,13,19,2,989,0,0,0,989
07/03/2022,EWR,NJ,AEA,EN,Towers with Radar,1035,11,9,0,1055,0,2,26,0,28,1035,13,35,0,1083,0,0,0,1083
07/04/2022,EWR,NJ,AEA,EN,Towers with Radar,1057,3,8,0,1068,0,1,37,0,38,1057,4,45,0,1106,0,0,0,1106
07/05/2022,EWR,NJ,AEA,EN,Towers with Radar,1041,16,10,0,1067,0,12,24,0,36,1041,28,34,0,1103,0,0,0,1103
07/06/2022,EWR,NJ,AEA,EN,Towers with Radar,1128,32,5,0,1165,0,10,21,0,31,1128,42,26,0,1196,0,0,0,1196
07/07/2022,EWR,NJ,AEA,EN,Towers with Radar,1129,29,8,0,1166,0,12,27,1,40,1129,41,35,1,1206,0,0,0,1206
07/08/2022,EWR,NJ,AEA,EN,Towers with Radar,1110,36,18,0,1164,0,6,33,2,41,1110,42,51,2,1205,0,0,0,1205
07/09/2022,EWR,NJ,AEA,EN,Towers with Radar,992,50,32,0,1074,0,0,12,2,14,992,50,44,2,1088,0,0,0,1088
07/10/2022,EWR,NJ,AEA,EN,Towers with Radar,1077,40,25,0,1142,0,0,28,2,30,1077,40,53,2,1172,0,0,0,1172
07/11/2022,EWR,NJ,AEA,EN,Towers with Radar,1097,22,8,0,1127,1,7,30,2,40,1098,29,38,2,1167,0,0,0,1167
07/12/2022,EWR,NJ,AEA,EN,Towers with Radar,1045,26,11,0,1082,0,6,20,0,26,1045,32,31,0,1108,0,0,0,1108
07/13/2022,EWR,NJ,AEA,EN,Towers with Radar,1128,39,11,0,1178,0,24,21,0,45,1128,63,32,0,1223,0,0,0,1223
07/14/2022,EWR,NJ,AEA,EN,Towers with Radar,1142,34,11,0,1187,0,4,31,1,36,1142,38,42,1,1223,0,0,0,1223
07/15/2022,EWR,NJ,AEA,EN,Towers with Radar,1135,35,20,0,1190,0,10,36,3,49,1135,45,56,3,1239,0,0,0,1239
07/16/2022,EWR,NJ,AEA,EN,Towers with Radar,977,28,23,0,1028,0,1,21,0,22,977,29,44,0,1050,0,0,0,1050
07/17/2022,EWR,NJ,AEA,EN,Towers with Radar,1080,23,27,0,1130,0,2,21,2,25,1080,25,48,2,1155,0,0,0,1155
07/18/2022,EWR,NJ,AEA,EN,Towers with Radar,799,11,15,0,825,0,0,11,1,12,799,11,26,1,837,0,0,0,837
07/19/2022,EWR,NJ,AEA,EN,Towers with Radar,1162,41,15,0,1218,0,5,40,0,45,1162,46,55,0,1263,0,0,0,1263
07/20/2022,EWR,NJ,AEA,EN,Towers with Radar,1109,38,21,0,1168,0,4,40,2,46,1109,42,61,2,1214,0,0,0,1214
07/21/2022,EWR,NJ,AEA,EN,Towers with Radar,1117,34,9,0,1160,0,6,45,0,51,1117,40,54,0,1211,0,0,0,1211
07/22/2022,EWR,NJ,AEA,EN,Towers with Radar,1133,30,19,0,1182,0,12,19,0,31,1133,42,38,0,1213,0,0,0,1213
07/23/2022,EWR,NJ,AEA,EN,Towers with Radar,972,35,21,0,1028,0,2,16,0,18,972,37,37,0,1046,0,0,0,1046
07/24/2022,EWR,NJ,AEA,EN,Towers with Radar,1040,20,11,0,1071,0,4,32,0,36,1040,24,43,0,1107,0,0,0,1107
07/25/2022,EWR,NJ,AEA,EN,Towers with Radar,957,17,10,0,984,0,0,25,0,25,957,17,35,0,1009,0,0,0,1009
07/26/2022,EWR,NJ,AEA,EN,Towers with Radar,1099,35,3,0,1137,0,5,29,2,36,1099,40,32,2,1173,0,0,0,1173
07/27/2022,EWR,NJ,AEA,EN,Towers with Radar,1101,46,5,0,1152,1,4,35,0,40,1102,50,40,0,1192,0,0,0,1192
07/28/2022,EWR,NJ,AEA,EN,Towers with Radar,1036,40,10,0,1086,0,9,43,3,55,1036,49,53,3,1141,0,0,0,1141
07/29/2022,EWR,NJ,AEA,EN,Towers with Radar,1129,39,17,0,1185,0,5,50,0,55,1129,44,67,0,1240,0,0,0,1240
07/30/2022,EWR,NJ,AEA,EN,Towers with Radar,990,30,16,0,1036,0,2,22,2,26,990,32,38,2,1062,0,0,0,1062
07/31/2022,EWR,NJ,AEA,EN,Towers with Radar,1057,31,10,0,1098,0,2,27,0,29,1057,33,37,0,1127,0,0,0,1127
08/01/2022,EWR,NJ,AEA,EN,Towers with Radar,1123,27,8,0,1158,0,0,21,0,21,1123,27,29,0,1179,0,0,0,1179
08/02/2022,EWR,NJ,AEA,EN,Towers with Radar,1158,38,7,0,1203,0,5,51,4,60,1158,43,58,4,1263,0,0,0,1263
08/03/2022,EWR,NJ,AEA,EN,Towers with Radar,1122,41,6,0,1169,0,5,21,0,26,1122,46,27,0,1195,0,0,0,1195
08/04/2022,EWR,NJ,AEA,EN,Towers with Radar,919,27,7,0,953,0,7,41,1,49,919,34,48,1,1002,0,0,0,1002
08/05/2022,EWR,NJ,AEA,EN,Towers with Radar,902,43,11,0,956,0,4,31,0,35,902,47,42,0,991,0,0,0,991
08/06/2022,EWR,NJ,AEA,EN,Towers with Radar,881,32,24,0,937,0,5,30,0,35,881,37,54,0,972,0,0,0,972
08/07/2022,EWR,NJ,AEA,EN,Towers with Radar,935,11,13,0,959,0,0,22,0,22,935,11,35,0,981,0,0,0,981
08/08/2022,EWR,NJ,AEA,EN,Towers with Radar,1023,25,7,0,1055,0,2,38,0,40,1023,27,45,0,1095,0,0,0,1095
08/09/2022,EWR,NJ,AEA,EN,Towers with Radar,1026,29,7,0,1062,0,6,22,0,28,1026,35,29,0,1090,0,0,0,1090
08/10/2022,EWR,NJ,AEA,EN,Towers with Radar,1082,39,9,0,1130,0,6,28,0,34,1082,45,37,0,1164,0,0,0,1164
08/11/2022,EWR,NJ,AEA,EN,Towers with Radar,1125,38,15,0,1178,0,6,36,0,42,1125,44,51,0,1220,0,0,0,1220
08/12/2022,EWR,NJ,AEA,EN,Towers with Radar,1145,36,20,0,1201,0,4,29,0,33,1145,40,49,0,1234,0,0,0,1234
08/13/2022,EWR,NJ,AEA,EN,Towers with Radar,1003,31,33,0,1067,0,2,18,2,22,1003,33,51,2,1089,0,0,0,1089
08/14/2022,EWR,NJ,AEA,EN,Towers with Radar,1085,18,16,0,1119,0,1,40,0,41,1085,19,56,0,1160,0,0,0,1160
08/15/2022,EWR,NJ,AEA,EN,Towers with Radar,1117,24,17,0,1158,0,2,41,0,43,1117,26,58,0,1201,0,0,0,1201
08/16/2022,EWR,NJ,AEA,EN,Towers with Radar,1162,36,13,0,1211,0,4,41,0,45,1162,40,54,0,1256,0,0,0,1256
08/17/2022,EWR,NJ,AEA,EN,Towers with Radar,1105,32,11,0,1148,0,4,45,0,49,1105,36,56,0,1197,0,0,0,1197
08/18/2022,EWR,NJ,AEA,EN,Towers with Radar,1155,29,17,1,1202,0,4,50,2,56,1155,33,67,3,1258,0,0,0,1258
08/19/2022,EWR,NJ,AEA,EN,Towers with Radar,1141,28,8,1,1178,0,6,38,0,44,1141,34,46,1,1222,0,0,0,1222
08/20/2022,EWR,NJ,AEA,EN,Towers with Radar,1010,25,26,0,1061,0,3,30,0,33,1010,28,56,0,1094,0,0,0,1094
08/21/2022,EWR,NJ,AEA,EN,Towers with Radar,1062,20,16,0,1098,0,4,49,1,54,1062,24,65,1,1152,0,0,0,1152
08/22/2022,EWR,NJ,AEA,EN,Towers with Radar,721,12,6,0,739,1,4,5,0,10,722,16,11,0,749,0,0,0,749
08/23/2022,EWR,NJ,AEA,EN,Towers with Radar,1046,33,14,0,1093,0,0,36,0,36,1046,33,50,0,1129,0,0,0,1129
08/24/2022,EWR,NJ,AEA,EN,Towers with Radar,1139,35,10,0,1184,0,4,25,0,29,1139,39,35,0,1213,0,0,0,1213
08/25/2022,EWR,NJ,AEA,EN,Towers with Radar,1175,41,6,0,1222,0,20,23,2,45,1175,61,29,2,1267,0,0,0,1267
08/26/2022,EWR,NJ,AEA,EN,Towers with Radar,998,41,21,0,1060,1,4,36,0,41,999,45,57,0,1101,0,0,0,1101
08/27/2022,EWR,NJ,AEA,EN,Towers with Radar,986,46,20,0,1052,0,1,25,0,26,986,47,45,0,1078,0,0,0,1078
08/28/2022,EWR,NJ,AEA,EN,Towers with Radar,1084,23,16,0,1123,0,10,29,0,39,1084,33,45,0,1162,0,0,0,1162
08/29/2022,EWR,NJ,AEA,EN,Towers with Radar,1084,18,12,0,1114,0,18,17,0,35,1084,36,29,0,1149,0,0,0,1149
08/30/2022,EWR,NJ,AEA,EN,Towers with Radar,923,32,8,0,963,0,4,18,0,22,923,36,26,0,985,0,0,0,985
08/31/2022,EWR,NJ,AEA,EN,Towers with Radar,1155,38,13,0,1206,0,15,22,0,37,1155,53,35,0,1243,0,0,0,1243
09/01/2022,EWR,NJ,AEA,EN,Towers with Radar,1167,37,14,0,1218,0,23,23,0,46,1167,60,37,0,1264,0,0,0,1264
09/02/2022,EWR,NJ,AEA,EN,Towers with Radar,1141,33,4,0,1178,0,26,27,2,55,1141,59,31,2,1233,0,0,0,1233
09/03/2022,EWR,NJ,AEA,EN,Towers with Radar,981,5,4,0,990,0,1,25,0,26,981,6,29,0,1016,0,0,0,1016
09/04/2022,EWR,NJ,AEA,EN,Towers with Radar,1009,7,10,0,1026,0,5,14,0,19,1009,12,24,0,1045,0,0,0,1045
09/05/2022,EWR,NJ,AEA,EN,Towers with Radar,1090,9,14,0,1113,0,2,31,0,33,1090,11,45,0,1146,0,0,0,1146
09/06/2022,EWR,NJ,AEA,EN,Towers with Radar,1123,17,14,0,1154,0,4,0,0,4,1123,21,14,0,1158,0,0,0,1158
09/07/2022,EWR,NJ,AEA,EN,Towers with Radar,1104,43,23,0,1170,0,4,24,0,28,1104,47,47,0,1198,0,0,0,1198
09/08/2022,EWR,NJ,AEA,EN,Towers with Radar,1116,49,15,0,1180,0,5,56,0,61,1116,54,71,0,1241,0,0,0,1241
09/09/2022,EWR,NJ,AEA,EN,Towers with Radar,1113,36,15,0,1164,0,11,51,0,62,1113,47,66,0,1226,0,0,0,1226
09/10/2022,EWR,NJ,AEA,EN,Towers with Radar,954,17,4,0,975,0,15,28,0,43,954,32,32,0,1018,0,0,0,1018
09/11/2022,EWR,NJ,AEA,EN,Towers with Radar,1041,27,21,0,1089,0,11,19,2,32,1041,38,40,2,1121,0,0,0,1121
09/12/2022,EWR,NJ,AEA,EN,Towers with Radar,1051,29,16,0,1096,0,0,32,0,32,1051,29,48,0,1128,0,0,0,1128
09/13/2022,EWR,NJ,AEA,EN,Towers with Radar,1140,40,18,0,1198,0,6,28,0,34,1140,46,46,0,1232,0,0,0,1232
09/14/2022,EWR,NJ,AEA,EN,Towers with Radar,1104,45,18,2,1169,0,6,44,3,53,1104,51,62,5,1222,0,0,0,1222
09/15/2022,EWR,NJ,AEA,EN,Towers with Radar,1146,28,13,1,1188,0,8,49,0,57,1146,36,62,1,1245,0,0,0,1245
09/16/2022,EWR,NJ,AEA,EN,Towers with Radar,913,25,8,0,946,0,6,51,0,57,913,31,59,0,1003,0,0,0,1003
09/17/2022,EWR,NJ,AEA,EN,Towers with Radar,776,8,17,0,801,0,4,29,1,34,776,12,46,1,835,0,0,0,835
09/18/2022,EWR,NJ,AEA,EN,Towers with Radar,836,14,15,4,869,0,2,53,3,58,836,16,68,7,927,0,0,0,927
09/19/2022,EWR,NJ,AEA,EN,Towers with Radar,840,11,17,1,869,0,1,37,0,38,840,12,54,1,907,0,0,0,907
09/20/2022,EWR,NJ,AEA,EN,Towers with Radar,882,33,13,1,929,0,4,35,0,39,882,37,48,1,968,0,0,0,968
09/21/2022,EWR,NJ,AEA,EN,Towers with Radar,854,22,6,0,882,0,4,1,0,5,854,26,7,0,887,0,0,0,887
09/22/2022,EWR,NJ,AEA,EN,Towers with Radar,825,25,4,1,855,0,2,1,0,3,825,27,5,1,858,0,0,0,858
09/23/2022,EWR,NJ,AEA,EN,Towers with Radar,913,44,18,0,975,0,5,46,3,54,913,49,64,3,1029,0,0,0,1029
09/24/2022,EWR,NJ,AEA,EN,Towers with Radar,804,18,13,0,835,0,0,39,0,39,804,18,52,0,874,0,0,0,874
09/25/2022,EWR,NJ,AEA,EN,Towers with Radar,827,13,11,0,851,0,0,24,0,24,827,13,35,0,875,0,0,0,875
09/26/2022,EWR,NJ,AEA,EN,Towers with Radar,1100,20,6,0,1126,0,0,39,0,39,1100,20,45,0,1165,0,0,0,1165
09/27/2022,EWR,NJ,AEA,EN,Towers with Radar,1118,31,10,0,1159,0,6,37,1,44,1118,37,47,1,1203,0,0,0,1203
09/28/2022,EWR,NJ,AEA,EN,Towers with Radar,1029,36,10,0,1075,0,6,36,4,46,1029,42,46,4,1121,0,0,0,1121
09/29/2022,EWR,NJ,AEA,EN,Towers with Radar,1063,33,14,0,1110,0,4,37,0,41,1063,37,51,0,1151,0,0,0,1151
09/30/2022,EWR,NJ,AEA,EN,Towers with Radar,1059,28,14,0,1101,0,4,40,0,44,1059,32,54,0,1145,0,0,0,1145
10/01/2022,EWR,NJ,AEA,EN,Towers with Radar,954,13,15,0,982,0,0,1,0,1,954,13,16,0,983,0,0,0,983
10/02/2022,EWR,NJ,AEA,EN,Towers with Radar,1034,17,17,0,1068,0,0,4,0,4,1034,17,21,0,1072,0,0,0,1072
10/03/2022,EWR,NJ,AEA,EN,Towers with Radar,1093,28,7,0,1128,0,0,21,0,21,1093,28,28,0,1149,0,0,0,1149
10/04/2022,EWR,NJ,AEA,EN,Towers with Radar,1005,27,9,0,1041,0,4,0,0,4,1005,31,9,0,1045,0,0,0,1045
10/05/2022,EWR,NJ,AEA,EN,Towers with Radar,1126,33,14,0,1173,0,2,6,0,8,1126,35,20,0,1181,0,0,0,1181
10/06/2022,EWR,NJ,AEA,EN,Towers with Radar,1138,41,9,0,1188,0,6,34,0,40,1138,47,43,0,1228,0,0,0,1228
10/07/2022,EWR,NJ,AEA,EN,Towers with Radar,1102,35,11,0,1148,0,6,49,0,55,1102,41,60,0,1203,0,0,0,1203
10/08/2022,EWR,NJ,AEA,EN,Towers with Radar,981,10,26,0,1017,0,1,25,0,26,981,11,51,0,1043,0,0,0,1043
10/09/2022,EWR,NJ,AEA,EN,Towers with Radar,1038,26,48,1,1113,0,2,41,0,43,1038,28,89,1,1156,0,0,0,1156
10/10/2022,EWR,NJ,AEA,EN,Towers with Radar,1098,20,9,0,1127,0,2,37,0,39,1098,22,46,0,1166,0,0,0,1166
10/11/2022,EWR,NJ,AEA,EN,Towers with Radar,1104,46,12,0,1162,0,7,45,0,52,1104,53,57,0,1214,0,0,0,1214
10/12/2022,EWR,NJ,AEA,EN,Towers with Radar,1093,31,6,4,1134,0,4,28,0,32,1093,35,34,4,1166,0,0,0,1166
10/13/2022,EWR,NJ,AEA,EN,Towers with Radar,1071,36,13,0,1120,0,4,14,0,18,1071,40,27,0,1138,0,0,0,1138
10/14/2022,EWR,NJ,AEA,EN,Towers with Radar,1125,35,9,0,1169,0,9,39,0,48,1125,44,48,0,1217,0,0,0,1217
10/15/2022,EWR,NJ,AEA,EN,Towers with Radar,978,19,9,0,1006,0,0,22,0,22,978,19,31,0,1028,0,0,0,1028
10/16/2022,EWR,NJ,AEA,EN,Towers with Radar,1054,36,17,0,1107,0,1,37,0,38,1054,37,54,0,1145,0,0,0,1145
10/17/2022,EWR,NJ,AEA,EN,Towers with Radar,1083,19,7,0,1109,0,0,40,0,40,1083,19,47,0,1149,0,0,0,1149
10/18/2022,EWR,NJ,AEA,EN,Towers with Radar,1106,37,10,0,1153,0,6,33,0,39,1106,43,43,0,1192,0,0,0,1192
10/19/2022,EWR,NJ,AEA,EN,Towers with Radar,1094,38,17,0,1149,0,4,36,0,40,1094,42,53,0,1189,0,0,0,1189
10/20/2022,EWR,NJ,AEA,EN,Towers with Radar,1126,36,15,0,1177,1,4,44,0,49,1127,40,59,0,1226,0,0,0,1226
10/21/2022,EWR,NJ,AEA,EN,Towers with Radar,1111,34,7,0,1152,0,4,52,0,56,1111,38,59,0,1208,0,0,0,1208
10/22/2022,EWR,NJ,AEA,EN,Towers with Radar,971,17,22,0,1010,0,2,33,0,35,971,19,55,0,1045,0,0,0,1045
10/23/2022,EWR,NJ,AEA,EN,Towers with Radar,1057,15,21,0,1093,0,0,28,0,28,1057,15,49,0,1121,0,0,0,1121
10/24/2022,EWR,NJ,AEA,EN,Towers with Radar,1095,14,21,0,1130,0,0,0,0,0,1095,14,21,0,1130,0,0,0,1130
10/25/2022,EWR,NJ,AEA,EN,Towers with Radar,1095,34,16,0,1145,0,0,0,0,0,1095,34,16,0,1145,0,0,0,1145
10/26/2022,EWR,NJ,AEA,EN,Towers with Radar,1091,39,23,0,1153,0,0,19,0,19,1091,39,42,0,1172,0,0,0,1172
10/27/2022,EWR,NJ,AEA,EN,Towers with Radar,1124,32,10,0,1166,0,6,54,4,64,1124,38,64,4,1230,0,0,0,1230
10/28/2022,EWR,NJ,AEA,EN,Towers with Radar,1097,29,14,0,1140,0,4,56,0,60,1097,33,70,0,1200,0,0,0,1200
10/29/2022,EWR,NJ,AEA,EN,Towers with Radar,979,4,5,0,988,0,1,37,0,38,979,5,42,0,1026,0,0,0,1026
10/30/2022,EWR,NJ,AEA,EN,Towers with Radar,1094,13,9,0,1116,0,0,33,0,33,1094,13,42,0,1149,0,0,0,1149
10/31/2022,EWR,NJ,AEA,EN,Towers with Radar,1092,16,17,0,1125,0,4,21,0,25,1092,20,38,0,1150,0,0,0,1150
11/01/2022,EWR,NJ,AEA,EN,Towers with Radar,1135,35,11,0,1181,0,2,27,2,31,1135,37,38,2,1212,0,0,0,1212
11/02/2022,EWR,NJ,AEA,EN,Towers with Radar,1117,46,12,0,1175,0,4,39,0,43,1117,50,51,0,1218,0,0,0,1218
11/03/2022,EWR,NJ,AEA,EN,Towers with Radar,1155,47,15,0,1217,0,4,50,1,55,1155,51,65,1,1272,0,0,0,1272
11/04/2022,EWR,NJ,AEA,EN,Towers with Radar,1136,37,6,0,1179,0,1,52,0,53,1136,38,58,0,1232,0,0,0,1232
11/05/2022,EWR,NJ,AEA,EN,Towers with Radar,946,16,6,0,968,0,4,34,2,40,946,20,40,2,1008,0,0,0,1008
11/06/2022,EWR,NJ,AEA,EN,Towers with Radar,1122,16,13,0,1151,1,0,28,0,29,1123,16,41,0,1180,0,0,0,1180
11/07/2022,EWR,NJ,AEA,EN,Towers with Radar,1095,21,6,0,1122,0,3,41,0,44,1095,24,47,0,1166,0,0,0,1166
11/08/2022,EWR,NJ,AEA,EN,Towers with Radar,1128,45,13,1,1187,0,4,24,0,28,1128,49,37,1,1215,0,0,0,1215
11/09/2022,EWR,NJ,AEA,EN,Towers with Radar,1076,43,14,1,1134,0,4,31,0,35,1076,47,45,1,1169,0,0,0,1169
11/10/2022,EWR,NJ,AEA,EN,Towers with Radar,1108,39,13,0,1160,0,4,50,2,56,1108,43,63,2,1216,0,0,0,1216
11/11/2022,EWR,NJ,AEA,EN,Towers with Radar,1049,31,18,0,1098,0,4,8,0,12,1049,35,26,0,1110,0,0,0,1110
11/12/2022,EWR,NJ,AEA,EN,Towers with Radar,969,9,11,0,989,0,2,20,0,22,969,11,31,0,1011,0,0,0,1011
11/13/2022,EWR,NJ,AEA,EN,Towers with Radar,1103,20,20,0,1143,0,0,25,0,25,1103,20,45,0,1168,0,0,0,1168
11/14/2022,EWR,NJ,AEA,EN,Towers with Radar,1119,19,11,0,1149,0,4,39,2,45,1119,23,50,2,1194,0,0,0,1194
11/15/2022,EWR,NJ,AEA,EN,Towers with Radar,1132,37,19,0,1188,0,2,22,1,25,1132,39,41,1,1213,0,0,0,1213
11/16/2022,EWR,NJ,AEA,EN,Towers with Radar,1114,44,21,0,1179,0,0,22,0,22,1114,44,43,0,1201,0,0,0,1201
11/17/2022,EWR,NJ,AEA,EN,Towers with Radar,1150,39,10,0,1199,0,6,47,0,53,1150,45,57,0,1252,0,0,0,1252
11/18/2022,EWR,NJ,AEA,EN,Towers with Radar,1128,36,9,0,1173,0,4,50,0,54,1128,40,59,0,1227,0,0,0,1227
11/19/2022,EWR,NJ,AEA,EN,Towers with Radar,972,14,13,0,999,0,2,17,2,21,972,16,30,2,1020,0,0,0,1020
11/20/2022,EWR,NJ,AEA,EN,Towers with Radar,1117,17,14,0,1148,0,0,28,0,28,1117,17,42,0,1176,0,0,0,1176
11/21/2022,EWR,NJ,AEA,EN,Towers with Radar,1130,24,9,0,1163,0,4,28,0,32,1130,28,37,0,1195,0,0,0,1195
11/22/2022,EWR,NJ,AEA,EN,Towers with Radar,1163,41,22,0,1226,0,8,26,0,34,1163,49,48,0,1260,0,0,0,1260
11/23/2022,EWR,NJ,AEA,EN,Towers with Radar,1174,32,5,0,1211,0,6,40,0,46,1174,38,45,0,1257,0,0,0,1257
11/24/2022,EWR,NJ,AEA,EN,Towers with Radar,760,7,1,0,768,0,3,22,0,25,760,10,23,0,793,0,0,0,793
11/25/2022,EWR,NJ,AEA,EN,Towers with Radar,982,13,7,0,1002,0,6,17,0,23,982,19,24,0,1025,0,0,0,1025
11/26/2022,EWR,NJ,AEA,EN,Towers with Radar,1037,9,5,0,1051,0,4,29,0,33,1037,13,34,0,1084,0,0,0,1084
11/27/2022,EWR,NJ,AEA,EN,Towers with Radar,1089,20,16,0,1125,0,0,4,0,4,1089,20,20,0,1129,0,0,0,1129
11/28/2022,EWR,NJ,AEA,EN,Towers with Radar,1179,22,13,0,1214,0,0,34,0,34,1179,22,47,0,1248,0,0,0,1248
11/29/2022,EWR,NJ,AEA,EN,Towers with Radar,1133,35,11,0,1179,0,4,35,0,39,1133,39,46,0,1218,0,0,0,1218
11/30/2022,EWR,NJ,AEA,EN,Towers with Radar,1035,35,11,0,1081,0,4,7,0,11,1035,39,18,0,1092,0,0,0,1092
12/01/2022,EWR,NJ,AEA,EN,Towers with Radar,1181,43,14,0,1238,0,5,47,0,52,1181,48,61,0,1290,0,0,0,1290
12/02/2022,EWR,NJ,AEA,EN,Towers with Radar,1123,43,12,0,1178,0,8,53,0,61,1123,51,65,0,1239,0,0,0,1239
12/03/2022,EWR,NJ,AEA,EN,Towers with Radar,968,16,6,0,990,0,0,1,0,1,968,16,7,0,991,0,0,0,991
12/04/2022,EWR,NJ,AEA,EN,Towers with Radar,1109,20,8,0,1137,0,0,37,0,37,1109,20,45,0,1174,0,0,0,1174
12/05/2022,EWR,NJ,AEA,EN,Towers with Radar,1121,25,11,0,1157,0,0,52,0,52,1121,25,63,0,1209,0,0,0,1209
12/06/2022,EWR,NJ,AEA,EN,Towers with Radar,1140,42,21,0,1203,0,4,14,0,18,1140,46,35,0,1221,0,0,0,1221
12/07/2022,EWR,NJ,AEA,EN,Towers with Radar,1125,46,12,0,1183,0,0,0,0,0,1125,46,12,0,1183,0,0,0,1183
12/08/2022,EWR,NJ,AEA,EN,Towers with Radar,1156,51,18,0,1225,0,4,45,0,49,1156,55,63,0,1274,0,0,0,1274
12/09/2022,EWR,NJ,AEA,EN,Towers with Radar,1126,30,14,0,1170,0,6,48,0,54,1126,36,62,0,1224,0,0,0,1224
12/10/2022,EWR,NJ,AEA,EN,Towers with Radar,967,16,16,2,1001,0,0,25,0,25,967,16,41,2,1026,0,0,0,1026
12/11/2022,EWR,NJ,AEA,EN,Towers with Radar,1064,6,12,0,1082,0,0,2,0,2,1064,6,14,0,1084,0,0,0,1084
12/12/2022,EWR,NJ,AEA,EN,Towers with Radar,1129,18,16,0,1163,0,0,49,0,49,1129,18,65,0,1212,0,0,0,1212
12/13/2022,EWR,NJ,AEA,EN,Towers with Radar,1131,37,21,0,1189,0,4,32,0,36,1131,41,53,0,1225,0,0,0,1225
12/14/2022,EWR,NJ,AEA,EN,Towers with Radar,1130,31,21,0,1182,0,5,33,2,40,1130,36,54,2,1222,0,0,0,1222
12/15/2022,EWR,NJ,AEA,EN,Towers with Radar,1120,29,15,0,1164,0,4,10,0,14,1120,33,25,0,1178,0,0,0,1178
12/16/2022,EWR,NJ,AEA,EN,Towers with Radar,1181,36,31,0,1248,0,0,0,0,0,1181,36,31,0,1248,0,0,0,1248
12/17/2022,EWR,NJ,AEA,EN,Towers with Radar,1088,33,17,0,1138,0,2,37,0,39,1088,35,54,0,1177,0,0,0,1177
12/18/2022,EWR,NJ,AEA,EN,Towers with Radar,1088,19,11,0,1118,0,0,35,0,35,1088,19,46,0,1153,0,0,0,1153
12/19/2022,EWR,NJ,AEA,EN,Towers with Radar,1115,15,13,0,1143,1,1,42,0,44,1116,16,55,0,1187,0,0,0,1187
12/20/2022,EWR,NJ,AEA,EN,Towers with Radar,1162,38,7,0,1207,0,4,30,0,34,1162,42,37,0,1241,0,0,0,1241
12/21/2022,EWR,NJ,AEA,EN,Towers with Radar,1158,39,10,0,1207,0,4,24,2,30,1158,43,34,2,1237,0,0,0,1237
12/22/2022,EWR,NJ,AEA,EN,Towers with Radar,1144,29,5,0,1178,0,4,6,0,10,1144,33,11,0,1188,0,0,0,1188
12/23/2022,EWR,NJ,AEA,EN,Towers with Radar,942,6,7,0,955,0,1,0,0,1,942,7,7,0,956,0,0,0,956
12/24/2022,EWR,NJ,AEA,EN,Towers with Radar,766,13,8,0,787,2,3,8,0,13,768,16,16,0,800,0,0,0,800
12/25/2022,EWR,NJ,AEA,EN,Towers with Radar,832,5,1,0,838,0,0,13,0,13,832,5,14,0,851,0,0,0,851
12/26/2022,EWR,NJ,AEA,EN,Towers with Radar,975,9,6,0,990,0,0,30,0,30,975,9,36,0,1020,0,0,0,1020
12/27/2022,EWR,NJ,AEA,EN,Towers with Radar,1043,10,3,0,1056,0,2,25,0,27,1043,12,28,0,1083,0,0,0,1083
12/28/2022,EWR,NJ,AEA,EN,Towers with Radar,1133,26,4,0,1163,0,4,33,0,37,1133,30,37,0,1200,0,0,0,1200
12/29/2022,EWR,NJ,AEA,EN,Towers with Radar,1120,27,11,0,1158,0,2,32,1,35,1120,29,43,1,1193,0,0,0,1193
12/30/2022,EWR,NJ,AEA,EN,Towers with Radar,1100,18,6,0,1124,0,5,32,0,37,1100,23,38,0,1161,0,0,0,1161
12/31/2022,EWR,NJ,AEA,EN,Towers with Radar,968,17,10,1,996,0,0,0,0,0,968,17,10,1,996,0,0,0,996
01/01/2023,EWR,NJ,AEA,EN,Towers with Radar,1002,14,14,0,1030,0,0,35,0,35,1002,14,49,0,1065,0,0,0,1065
01/02/2023,EWR,NJ,AEA,EN,Towers with Radar,1013,19,20,0,1052,0,3,43,1,47,1013,22,63,1,1099,0,0,0,1099
01/03/2023,EWR,NJ,AEA,EN,Towers with Radar,1031,27,17,0,1075,0,0,0,0,0,1031,27,17,0,1075,0,0,0,1075
01/04/2023,EWR,NJ,AEA,EN,Towers with Radar,1080,43,12,0,1135,0,5,22,0,27,1080,48,34,0,1162,0,0,0,1162
01/05/2023,EWR,NJ,AEA,EN,Towers with Radar,1076,38,7,0,1121,0,0,1,0,1,1076,38,8,0,1122,0,0,0,1122
01/06/2023,EWR,NJ,AEA,EN,Towers with Radar,1065,25,6,0,1096,0,4,17,0,21,1065,29,23,0,1117,0,0,0,1117
01/07/2023,EWR,NJ,AEA,EN,Towers with Radar,965,18,8,0,991,0,0,25,0,25,965,18,33,0,1016,0,0,0,1016
01/08/2023,EWR,NJ,AEA,EN,Towers with Radar,1089,13,9,0,1111,0,0,19,0,19,1089,13,28,0,1130,0,0,0,1130
01/09/2023,EWR,NJ,AEA,EN,Towers with Radar,1107,10,5,2,1124,0,2,27,0,29,1107,12,32,2,1153,0,0,0,1153
01/10/2023,EWR,NJ,AEA,EN,Towers with Radar,1142,28,6,0,1176,0,5,19,0,24,1142,33,25,0,1200,0,0,0,1200
01/11/2023,EWR,NJ,AEA,EN,Towers with Radar,1026,37,11,0,1074,0,4,25,0,29,1026,41,36,0,1103,0,0,0,1103
01/12/2023,EWR,NJ,AEA,EN,Towers with Radar,1130,33,12,0,1175,0,4,1,0,5,1130,37,13,0,1180,0,0,0,1180
01/13/2023,EWR,NJ,AEA,EN,Towers with Radar,1128,25,6,0,1159,0,4,21,0,25,1128,29,27,0,1184,0,0,0,1184
01/14/2023,EWR,NJ,AEA,EN,Towers with Radar,996,15,5,0,1016,0,0,17,0,17,996,15,22,0,1033,0,0,0,1033
01/15/2023,EWR,NJ,AEA,EN,Towers with Radar,1078,7,8,0,1093,0,0,20,0,20,1078,7,28,0,1113,0,0,0,1113
01/16/2023,EWR,NJ,AEA,EN,Towers with Radar,1098,19,7,0,1124,0,2,27,0,29,1098,21,34,0,1153,0,0,0,1153
01/17/2023,EWR,NJ,AEA,EN,Towers with Radar,1109,31,6,0,1146,0,4,21,2,27,1109,35,27,2,1173,0,0,0,1173
01/18/2023,EWR,NJ,AEA,EN,Towers with Radar,1125,28,7,0,1160,0,5,23,0,28,1125,33,30,0,1188,0,0,0,1188
01/19/2023,EWR,NJ,AEA,EN,Towers with Radar,1112,31,12,0,1155,0,4,0,0,4,1112,35,12,0,1159,0,0,0,1159
01/20/2023,EWR,NJ,AEA,EN,Towers with Radar,1144,27,11,0,1182,0,4,29,0,33,1144,31,40,0,1215,0,0,0,1215
01/21/2023,EWR,NJ,AEA,EN,Towers with Radar,990,11,7,0,1008,0,1,14,0,15,990,12,21,0,1023,0,0,0,1023
01/22/2023,EWR,NJ,AEA,EN,Towers with Radar,1079,19,12,0,1110,0,0,4,0,4,1079,19,16,0,1114,0,0,0,1114
01/23/2023,EWR,NJ,AEA,EN,Towers with Radar,1108,19,8,0,1135,0,0,0,0,0,1108,19,8,0,1135,0,0,0,1135
01/24/2023,EWR,NJ,AEA,EN,Towers with Radar,1141,49,11,0,1201,0,4,25,0,29,1141,53,36,0,1230,0,0,0,1230
01/25/2023,EWR,NJ,AEA,EN,Towers with Radar,1094,29,23,0,1146,0,4,1,0,5,1094,33,24,0,1151,0,0,0,1151
01/26/2023,EWR,NJ,AEA,EN,Towers with Radar,1156,36,12,0,1204,0,5,25,0,30,1156,41,37,0,1234,0,0,0,1234
01/27/2023,EWR,NJ,AEA,EN,Towers with Radar,1142,20,5,0,1167,0,4,37,0,41,1142,24,42,0,1208,0,0,0,1208
01/28/2023,EWR,NJ,AEA,EN,Towers with Radar,1003,6,8,0,1017,0,1,21,1,23,1003,7,29,1,1040,0,0,0,1040
01/29/2023,EWR,NJ,AEA,EN,Towers with Radar,1104,14,9,0,1127,0,0,16,2,18,1104,14,25,2,1145,0,0,0,1145
01/30/2023,EWR,NJ,AEA,EN,Towers with Radar,1110,13,12,0,1135,0,0,29,0,29,1110,13,41,0,1164,0,0,0,1164
01/31/2023,EWR,NJ,AEA,EN,Towers with Radar,1112,29,8,0,1149,0,0,0,2,2,1112,29,8,2,1151,0,0,0,1151
02/01/2023,EWR,NJ,AEA,EN,Towers with Radar,1113,20,3,0,1136,0,7,21,2,30,1113,27,24,2,1166,0,0,0,1166
02/02/2023,EWR,NJ,AEA,EN,Towers with Radar,1142,31,11,0,1184,0,4,33,1,38,1142,35,44,1,1222,0,0,0,1222
02/03/2023,EWR,NJ,AEA,EN,Towers with Radar,1086,54,15,0,1155,0,4,23,1,28,1086,58,38,1,1183,0,0,0,1183
02/04/2023,EWR,NJ,AEA,EN,Towers with Radar,1026,7,2,0,1035,0,0,16,0,16,1026,7,18,0,1051,0,0,0,1051
02/05/2023,EWR,NJ,AEA,EN,Towers with Radar,1118,7,6,0,1131,0,2,25,0,27,1118,9,31,0,1158,0,0,0,1158
02/06/2023,EWR,NJ,AEA,EN,Towers with Radar,1124,18,9,0,1151,0,0,36,2,38,1124,18,45,2,1189,0,0,0,1189
02/07/2023,EWR,NJ,AEA,EN,Towers with Radar,1150,37,7,0,1194,0,6,28,0,34,1150,43,35,0,1228,0,0,0,1228
02/08/2023,EWR,NJ,AEA,EN,Towers with Radar,1153,37,2,0,1192,0,4,33,1,38,1153,41,35,1,1230,0,0,0,1230
02/09/2023,EWR,NJ,AEA,EN,Towers with Radar,1167,29,15,0,1211,0,4,30,0,34,1167,33,45,0,1245,0,0,0,1245
02/10/2023,EWR,NJ,AEA,EN,Towers with Radar,1168,28,9,0,1205,0,5,44,0,49,1168,33,53,0,1254,0,0,0,1254
02/11/2023,EWR,NJ,AEA,EN,Towers with Radar,1032,8,5,0,1045,0,2,19,0,21,1032,10,24,0,1066,0,0,0,1066
02/12/2023,EWR,NJ,AEA,EN,Towers with Radar,1133,7,7,0,1147,0,2,25,0,27,1133,9,32,0,1174,0,0,0,1174
02/13/2023,EWR,NJ,AEA,EN,Towers with Radar,1142,13,15,0,1170,0,2,33,0,35,1142,15,48,0,1205,0,0,0,1205
02/14/2023,EWR,NJ,AEA,EN,Towers with Radar,1173,32,5,0,1210,0,5,36,6,47,1173,37,41,6,1257,0,0,0,1257
02/15/2023,EWR,NJ,AEA,EN,Towers with Radar,1173,39,17,0,1229,0,9,34,0,43,1173,48,51,0,1272,0,0,0,1272
02/16/2023,EWR,NJ,AEA,EN,Towers with Radar,1170,42,12,0,1224,0,5,22,0,27,1170,47,34,0,1251,0,0,0,1251
02/17/2023,EWR,NJ,AEA,EN,Towers with Radar,1173,30,15,0,1218,0,4,13,0,17,1173,34,28,0,1235,0,0,0,1235
02/18/2023,EWR,NJ,AEA,EN,Towers with Radar,1074,8,6,0,1088,0,5,32,0,37,1074,13,38,0,1125,0,0,0,1125
02/19/2023,EWR,NJ,AEA,EN,Towers with Radar,1137,7,9,0,1153,0,0,29,0,29,1137,7,38,0,1182,0,0,0,1182
02/20/2023,EWR,NJ,AEA,EN,Towers with Radar,1159,11,14,0,1184,0,1,22,0,23,1159,12,36,0,1207,0,0,0,1207
02/21/2023,EWR,NJ,AEA,EN,Towers with Radar,1180,31,34,0,1245,1,4,17,0,22,1181,35,51,0,1267,0,0,0,1267
02/22/2023,EWR,NJ,AEA,EN,Towers with Radar,1131,32,8,0,1171,0,4,21,0,25,1131,36,29,0,1196,0,0,0,1196
02/23/2023,EWR,NJ,AEA,EN,Towers with Radar,1170,18,26,0,1214,0,0,4,0,4,1170,18,30,0,1218,0,0,0,1218
02/24/2023,EWR,NJ,AEA,EN,Towers with Radar,1186,27,10,0,1223,0,2,44,0,46,1186,29,54,0,1269,0,0,0,1269
02/25/2023,EWR,NJ,AEA,EN,Towers with Radar,1048,12,9,0,1069,0,0,24,0,24,1048,12,33,0,1093,0,0,0,1093
02/26/2023,EWR,NJ,AEA,EN,Towers with Radar,1167,14,10,0,1191,0,0,24,0,24,1167,14,34,0,1215,0,0,0,1215
02/27/2023,EWR,NJ,AEA,EN,Towers with Radar,1080,19,10,0,1109,0,0,23,0,23,1080,19,33,0,1132,0,0,0,1132
02/28/2023,EWR,NJ,AEA,EN,Towers with Radar,1161,20,17,0,1198,0,0,0,0,0,1161,20,17,0,1198,0,0,0,1198
03/01/2023,EWR,NJ,AEA,EN,Towers with Radar,1184,33,13,0,1230,0,4,27,0,31,1184,37,40,0,1261,0,0,0,1261
03/02/2023,EWR,NJ,AEA,EN,Towers with Radar,1188,32,10,0,1230,0,0,26,0,26,1188,32,36,0,1256,0,0,0,1256
03/03/2023,EWR,NJ,AEA,EN,Towers with Radar,1160,29,12,0,1201,0,5,23,2,30,1160,34,35,2,1231,0,0,0,1231
03/04/2023,EWR,NJ,AEA,EN,Towers with Radar,1055,10,4,0,1069,0,1,14,0,15,1055,11,18,0,1084,0,0,0,1084
03/05/2023,EWR,NJ,AEA,EN,Towers with Radar,1177,18,6,0,1201,0,0,29,0,29,1177,18,35,0,1230,0,0,0,1230
03/06/2023,EWR,NJ,AEA,EN,Towers with Radar,1195,11,5,0,1211,0,2,29,0,31,1195,13,34,0,1242,0,0,0,1242
03/07/2023,EWR,NJ,AEA,EN,Towers with Radar,1227,28,17,0,1272,0,4,14,0,18,1227,32,31,0,1290,0,0,0,1290
03/08/2023,EWR,NJ,AEA,EN,Towers with Radar,1202,36,9,0,1247,0,5,20,0,25,1202,41,29,0,1272,0,0,0,1272
03/09/2023,EWR,NJ,AEA,EN,Towers with Radar,1218,36,14,0,1268,0,5,45,0,50,1218,41,59,0,1318,0,0,0,1318
03/10/2023,EWR,NJ,AEA,EN,Towers with Radar,1176,35,5,0,1216,0,5,23,0,28,1176,40,28,0,1244,0,0,0,1244
03/11/2023,EWR,NJ,AEA,EN,Towers with Radar,1080,12,2,0,1094,0,1,2,0,3,1080,13,4,0,1097,0,0,0,1097
03/12/2023,EWR,NJ,AEA,EN,Towers with Radar,1172,6,7,0,1185,0,2,30,0,32,1172,8,37,0,1217,0,0,0,1217
03/13/2023,EWR,NJ,AEA,EN,Towers with Radar,1152,9,12,0,1173,0,0,0,0,0,1152,9,12,0,1173,0,0,0,1173
03/14/2023,EWR,NJ,AEA,EN,Towers with Radar,1100,19,15,2,1136,0,0,0,0,0,1100,19,15,2,1136,0,0,0,1136
03/15/2023,EWR,NJ,AEA,EN,Towers with Radar,1209,28,16,4,1257,0,5,30,0,35,1209,33,46,4,1292,0,0,0,1292
03/16/2023,EWR,NJ,AEA,EN,Towers with Radar,1239,38,15,0,1292,0,4,46,0,50,1239,42,61,0,1342,0,0,0,1342
03/17/2023,EWR,NJ,AEA,EN,Towers with Radar,1199,26,16,0,1241,0,7,37,6,50,1199,33,53,6,1291,0,0,0,1291
03/18/2023,EWR,NJ,AEA,EN,Towers with Radar,1094,21,7,0,1122,0,0,27,0,27,1094,21,34,0,1149,0,0,0,1149
03/19/2023,EWR,NJ,AEA,EN,Towers with Radar,1188,17,8,0,1213,0,0,23,2,25,1188,17,31,2,1238,0,0,0,1238
03/20/2023,EWR,NJ,AEA,EN,Towers with Radar,1202,23,19,0,1244,0,0,44,0,44,1202,23,63,0,1288,0,0,0,1288
03/21/2023,EWR,NJ,AEA,EN,Towers with Radar,1220,36,6,0,1262,0,4,54,0,58,1220,40,60,0,1320,0,0,0,1320
03/22/2023,EWR,NJ,AEA,EN,Towers with Radar,1206,36,4,0,1246,1,4,21,0,26,1207,40,25,0,1272,0,0,0,1272
03/23/2023,EWR,NJ,AEA,EN,Towers with Radar,1204,35,6,2,1247,0,0,16,0,16,1204,35,22,2,1263,0,0,0,1263
03/24/2023,EWR,NJ,AEA,EN,Towers with Radar,1212,29,11,0,1252,0,5,36,0,41,1212,34,47,0,1293,0,0,0,1293
03/25/2023,EWR,NJ,AEA,EN,Towers with Radar,1079,14,12,0,1105,0,0,0,0,0,1079,14,12,0,1105,0,0,0,1105
03/26/2023,EWR,NJ,AEA,EN,Towers with Radar,1193,11,5,0,1209,0,2,30,0,32,1193,13,35,0,1241,0,0,0,1241
03/27/2023,EWR,NJ,AEA,EN,Towers with Radar,1210,19,5,0,1234,0,2,37,0,39,1210,21,42,0,1273,0,0,0,1273
03/28/2023,EWR,NJ,AEA,EN,Towers with Radar,1235,34,10,0,1279,0,5,30,0,35,1235,39,40,0,1314,0,0,0,1314
03/29/2023,EWR,NJ,AEA,EN,Towers with Radar,1240,34,9,0,1283,0,4,25,0,29,1240,38,34,0,1312,0,0,0,1312
03/30/2023,EWR,NJ,AEA,EN,Towers with Radar,1259,41,18,0,1318,0,4,37,0,41,1259,45,55,0,1359,0,0,0,1359
03/31/2023,EWR,NJ,AEA,EN,Towers with Radar,1212,31,9,0,1252,0,5,39,0,44,1212,36,48,0,1296,0,0,0,1296
04/01/2023,EWR,NJ,AEA,EN,Towers with Radar,974,10,6,0,990,0,0,2,0,2,974,10,8,0,992,0,0,0,992
04/02/2023,EWR,NJ,AEA,EN,Towers with Radar,1201,20,7,0,1228,0,2,28,0,30,1201,22,35,0,1258,0,0,0,1258
04/03/2023,EWR,NJ,AEA,EN,Towers with Radar,1217,15,3,0,1235,0,2,20,0,22,1217,17,23,0,1257,0,0,0,1257
04/04/2023,EWR,NJ,AEA,EN,Towers with Radar,1241,32,2,0,1275,0,7,33,1,41,1241,39,35,1,1316,0,0,0,1316
04/05/2023,EWR,NJ,AEA,EN,Towers with Radar,1145,34,13,0,1192,0,0,0,0,0,1145,34,13,0,1192,0,0,0,1192
04/06/2023,EWR,NJ,AEA,EN,Towers with Radar,1242,25,7,0,1274,0,0,32,0,32,1242,25,39,0,1306,0,0,0,1306
04/07/2023,EWR,NJ,AEA,EN,Towers with Radar,1229,26,8,0,1263,0,4,60,0,64,1229,30,68,0,1327,0,0,0,1327
04/08/2023,EWR,NJ,AEA,EN,Towers with Radar,1092,7,9,0,1108,0,0,49,0,49,1092,7,58,0,1157,0,0,0,1157
04/09/2023,EWR,NJ,AEA,EN,Towers with Radar,1193,14,7,0,1214,0,1,41,0,42,1193,15,48,0,1256,0,0,0,1256
04/10/2023,EWR,NJ,AEA,EN,Towers with Radar,1201,15,13,0,1229,0,0,56,0,56,1201,15,69,0,1285,0,0,0,1285
04/11/2023,EWR,NJ,AEA,EN,Towers with Radar,1237,26,6,1,1270,1,4,27,1,33,1238,30,33,2,1303,0,0,0,1303
04/12/2023,EWR,NJ,AEA,EN,Towers with Radar,1227,39,6,1,1273,0,5,31,0,36,1227,44,37,1,1309,0,0,0,1309
04/13/2023,EWR,NJ,AEA,EN,Towers with Radar,1209,28,4,0,1241,0,4,44,2,50,1209,32,48,2,1291,0,0,0,1291
04/14/2023,EWR,NJ,AEA,EN,Towers with Radar,1221,38,15,0,1274,0,12,46,1,59,1221,50,61,1,1333,0,0,0,1333
04/15/2023,EWR,NJ,AEA,EN,Towers with Radar,780,9,12,0,801,0,2,25,0,27,780,11,37,0,828,0,0,0,828
04/16/2023,EWR,NJ,AEA,EN,Towers with Radar,1063,25,20,0,1108,0,2,12,0,14,1063,27,32,0,1122,0,0,0,1122
04/17/2023,EWR,NJ,AEA,EN,Towers with Radar,1217,37,19,0,1273,0,0,23,0,23,1217,37,42,0,1296,0,0,0,1296
04/18/2023,EWR,NJ,AEA,EN,Towers with Radar,1250,34,19,0,1303,0,4,33,0,37,1250,38,52,0,1340,0,0,0,1340
04/19/2023,EWR,NJ,AEA,EN,Towers with Radar,1224,33,10,2,1269,0,9,36,6,51,1224,42,46,8,1320,0,0,0,1320
04/20/2023,EWR,NJ,AEA,EN,Towers with Radar,1228,42,12,1,1283,0,4,46,0,50,1228,46,58,1,1333,0,0,0,1333
04/21/2023,EWR,NJ,AEA,EN,Towers with Radar,1224,37,9,1,1271,0,4,35,0,39,1224,41,44,1,1310,0,0,0,1310
04/22/2023,EWR,NJ,AEA,EN,Towers with Radar,844,7,9,0,860,0,0,4,0,4,844,7,13,0,864,0,0,0,864
04/23/2023,EWR,NJ,AEA,EN,Towers with Radar,1267,11,9,0,1287,0,0,33,0,33,1267,11,42,0,1320,0,0,0,1320
04/24/2023,EWR,NJ,AEA,EN,Towers with Radar,1210,18,8,0,1236,0,0,37,0,37,1210,18,45,0,1273,0,0,0,1273
04/25/2023,EWR,NJ,AEA,EN,Towers with Radar,1236,29,12,0,1277,1,5,37,0,43,1237,34,49,0,1320,0,0,0,1320
04/26/2023,EWR,NJ,AEA,EN,Towers with Radar,1229,34,13,0,1276,0,4,32,0,36,1229,38,45,0,1312,0,0,0,1312
04/27/2023,EWR,NJ,AEA,EN,Towers with Radar,1228,45,21,0,1294,0,7,50,0,57,1228,52,71,0,1351,0,0,0,1351
04/28/2023,EWR,NJ,AEA,EN,Towers with Radar,1230,28,13,0,1271,0,4,48,0,52,1230,32,61,0,1323,0,0,0,1323
04/29/2023,EWR,NJ,AEA,EN,Towers with Radar,1057,10,11,0,1078,0,0,0,0,0,1057,10,11,0,1078,0,0,0,1078
04/30/2023,EWR,NJ,AEA,EN,Towers with Radar,994,28,13,0,1035,0,0,0,0,0,994,28,13,0,1035,0,0,0,1035
05/01/2023,EWR,NJ,AEA,EN,Towers with Radar,1233,29,18,0,1280,0,0,58,0,58,1233,29,76,0,1338,0,0,0,1338
05/02/2023,EWR,NJ,AEA,EN,Towers with Radar,1261,42,9,0,1312,0,4,36,0,40,1261,46,45,0,1352,0,0,0,1352
05/03/2023,EWR,NJ,AEA,EN,Towers with Radar,1236,33,7,0,1276,0,4,37,0,41,1236,37,44,0,1317,0,0,0,1317
05/04/2023,EWR,NJ,AEA,EN,Towers with Radar,1254,40,12,0,1306,0,6,35,0,41,1254,46,47,0,1347,0,0,0,1347
05/05/2023,EWR,NJ,AEA,EN,Towers with Radar,1217,37,9,0,1263,0,7,46,0,53,1217,44,55,0,1316,0,0,0,1316
05/06/2023,EWR,NJ,AEA,EN,Towers with Radar,1123,15,8,0,1146,0,0,32,0,32,1123,15,40,0,1178,0,0,0,1178
05/07/2023,EWR,NJ,AEA,EN,Towers with Radar,1180,8,13,0,1201,0,0,30,0,30,1180,8,43,0,1231,0,0,0,1231
05/08/2023,EWR,NJ,AEA,EN,Towers with Radar,1218,17,9,0,1244,0,0,41,0,41,1218,17,50,0,1285,0,0,0,1285
05/09/2023,EWR,NJ,AEA,EN,Towers with Radar,1240,42,14,0,1296,0,4,47,0,51,1240,46,61,0,1347,0,0,0,1347
05/10/2023,EWR,NJ,AEA,EN,Towers with Radar,1251,51,22,0,1324,0,6,25,0,31,1251,57,47,0,1355,0,0,0,1355
05/11/2023,EWR,NJ,AEA,EN,Towers with Radar,1262,38,17,0,1317,0,5,46,0,51,1262,43,63,0,1368,0,0,0,1368
05/12/2023,EWR,NJ,AEA,EN,Towers with Radar,1232,30,7,0,1269,1,9,65,2,77,1233,39,72,2,1346,0,0,0,1346
05/13/2023,EWR,NJ,AEA,EN,Towers with Radar,1115,11,7,0,1133,0,0,15,0,15,1115,11,22,0,1148,0,0,0,1148
05/14/2023,EWR,NJ,AEA,EN,Towers with Radar,1195,14,12,0,1221,0,3,22,0,25,1195,17,34,0,1246,0,0,0,1246
05/15/2023,EWR,NJ,AEA,EN,Towers with Radar,1184,17,11,0,1212,0,0,38,0,38,1184,17,49,0,1250,0,0,0,1250
05/16/2023,EWR,NJ,AEA,EN,Towers with Radar,1214,42,10,0,1266,0,6,36,1,43,1214,48,46,1,1309,0,0,0,1309
05/17/2023,EWR,NJ,AEA,EN,Towers with Radar,1204,45,7,2,1258,0,4,52,0,56,1204,49,59,2,1314,0,0,0,1314
05/18/2023,EWR,NJ,AEA,EN,Towers with Radar,1218,41,13,0,1272,0,5,52,0,57,1218,46,65,0,1329,0,0,0,1329
05/19/2023,EWR,NJ,AEA,EN,Towers with Radar,1189,39,18,0,1246,0,4,65,0,69,1189,43,83,0,1315,0,0,0,1315
05/20/2023,EWR,NJ,AEA,EN,Towers with Radar,1082,9,22,0,1113,0,0,0,0,0,1082,9,22,0,1113,0,0,0,1113
05/21/2023,EWR,NJ,AEA,EN,Towers with Radar,1177,15,11,0,1203,0,1,32,0,33,1177,16,43,0,1236,0,0,0,1236
05/22/2023,EWR,NJ,AEA,EN,Towers with Radar,1200,26,13,2,1241,0,0,67,0,67,1200,26,80,2,1308,0,0,0,1308
05/23/2023,EWR,NJ,AEA,EN,Towers with Radar,1206,39,11,0,1256,0,4,29,0,33,1206,43,40,0,1289,0,0,0,1289
05/24/2023,EWR,NJ,AEA,EN,Towers with Radar,1200,37,3,0,1240,1,4,38,0,43,1201,41,41,0,1283,0,0,0,1283
05/25/2023,EWR,NJ,AEA,EN,Towers with Radar,1222,35,9,0,1266,0,6,60,1,67,1222,41,69,1,1333,0,0,0,1333
05/26/2023,EWR,NJ,AEA,EN,Towers with Radar,1203,35,18,0,1256,0,13,59,0,72,1203,48,77,0,1328,0,0,0,1328
05/27/2023,EWR,NJ,AEA,EN,Towers with Radar,1096,8,9,0,1113,0,2,38,0,40,1096,10,47,0,1153,0,0,0,1153
05/28/2023,EWR,NJ,AEA,EN,Towers with Radar,1134,10,5,0,1149,0,2,39,0,41,1134,12,44,0,1190,0,0,0,1190
05/29/2023,EWR,NJ,AEA,EN,Towers with Radar,1167,17,11,0,1195,0,2,37,0,39,1167,19,48,0,1234,0,0,0,1234
05/30/2023,EWR,NJ,AEA,EN,Towers with Radar,1187,20,19,0,1226,0,2,33,0,35,1187,22,52,0,1261,0,0,0,1261
05/31/2023,EWR,NJ,AEA,EN,Towers with Radar,1201,43,10,2,1256,0,0,42,0,42,1201,43,52,2,1298,0,0,0,1298
06/01/2023,EWR,NJ,AEA,EN,Towers with Radar,1235,42,21,0,1298,0,5,47,0,52,1235,47,68,0,1350,0,0,0,1350
06/02/2023,EWR,NJ,AEA,EN,Towers with Radar,1087,28,4,0,1119,0,4,39,0,43,1087,32,43,0,1162,0,0,0,1162
06/03/2023,EWR,NJ,AEA,EN,Towers with Radar,1110,11,5,0,1126,0,2,37,0,39,1110,13,42,0,1165,0,0,0,1165
06/04/2023,EWR,NJ,AEA,EN,Towers with Radar,1163,14,13,0,1190,0,0,43,0,43,1163,14,56,0,1233,0,0,0,1233
06/05/2023,EWR,NJ,AEA,EN,Towers with Radar,1185,25,14,0,1224,0,0,39,0,39,1185,25,53,0,1263,0,0,0,1263
06/06/2023,EWR,NJ,AEA,EN,Towers with Radar,1202,44,19,1,1266,0,5,39,0,44,1202,49,58,1,1310,0,0,0,1310
06/07/2023,EWR,NJ,AEA,EN,Towers with Radar,1166,34,17,0,1217,0,4,5,0,9,1166,38,22,0,1226,0,0,0,1226
06/08/2023,EWR,NJ,AEA,EN,Towers with Radar,1220,39,16,0,1275,1,4,28,0,33,1221,43,44,0,1308,0,0,0,1308
06/09/2023,EWR,NJ,AEA,EN,Towers with Radar,1207,29,12,0,1248,0,4,37,0,41,1207,33,49,0,1289,0,0,0,1289
06/10/2023,EWR,NJ,AEA,EN,Towers with Radar,1088,15,10,0,1113,0,0,46,1,47,1088,15,56,1,1160,0,0,0,1160
06/11/2023,EWR,NJ,AEA,EN,Towers with Radar,1152,15,6,0,1173,0,0,59,0,59,1152,15,65,0,1232,0,0,0,1232
06/12/2023,EWR,NJ,AEA,EN,Towers with Radar,1042,11,12,0,1065,0,0,24,0,24,1042,11,36,0,1089,0,0,0,1089
06/13/2023,EWR,NJ,AEA,EN,Towers with Radar,1232,33,16,0,1281,0,4,53,0,57,1232,37,69,0,1338,0,0,0,1338
06/14/2023,EWR,NJ,AEA,EN,Towers with Radar,1087,27,15,0,1129,0,5,12,0,17,1087,32,27,0,1146,0,0,0,1146
06/15/2023,EWR,NJ,AEA,EN,Towers with Radar,1219,32,11,0,1262,0,5,49,0,54,1219,37,60,0,1316,0,0,0,1316
06/16/2023,EWR,NJ,AEA,EN,Towers with Radar,1060,25,10,0,1095,0,6,26,0,32,1060,31,36,0,1127,0,0,0,1127
06/17/2023,EWR,NJ,AEA,EN,Towers with Radar,1082,16,7,0,1105,0,2,18,0,20,1082,18,25,0,1125,0,0,0,1125
06/18/2023,EWR,NJ,AEA,EN,Towers with Radar,1140,19,6,0,1165,0,0,20,0,20,1140,19,26,0,1185,0,0,0,1185
06/19/2023,EWR,NJ,AEA,EN,Towers with Radar,1164,12,9,0,1185,0,0,38,0,38,1164,12,47,0,1223,0,0,0,1223
06/20/2023,EWR,NJ,AEA,EN,Towers with Radar,1197,41,14,0,1252,0,2,32,0,34,1197,43,46,0,1286,0,0,0,1286
06/21/2023,EWR,NJ,AEA,EN,Towers with Radar,1192,40,13,0,1245,0,4,32,0,36,1192,44,45,0,1281,0,0,0,1281
06/22/2023,EWR,NJ,AEA,EN,Towers with Radar,1176,32,6,0,1214,0,4,2,0,6,1176,36,8,0,1220,0,0,0,1220
06/23/2023,EWR,NJ,AEA,EN,Towers with Radar,1142,33,20,0,1195,1,2,2,0,5,1143,35,22,0,1200,0,0,0,1200
06/24/2023,EWR,NJ,AEA,EN,Towers with Radar,927,14,12,0,953,0,0,11,0,11,927,14,23,0,964,0,0,0,964
06/25/2023,EWR,NJ,AEA,EN,Towers with Radar,832,18,10,0,860,0,0,19,0,19,832,18,29,0,879,0,0,0,879
06/26/2023,EWR,NJ,AEA,EN,Towers with Radar,591,12,9,0,612,0,1,10,0,11,591,13,19,0,623,0,0,0,623
06/27/2023,EWR,NJ,AEA,EN,Towers with Radar,739,25,24,2,790,0,4,17,0,21,739,29,41,2,811,0,0,0,811
06/28/2023,EWR,NJ,AEA,EN,Towers with Radar,1012,45,11,0,1068,0,4,26,2,32,1012,49,37,2,1100,0,0,0,1100
06/29/2023,EWR,NJ,AEA,EN,Towers with Radar,1090,38,24,0,1152,0,4,9,0,13,1090,42,33,0,1165,0,0,0,1165
06/30/2023,EWR,NJ,AEA,EN,Towers with Radar,1176,51,26,0,1253,0,4,42,0,46,1176,55,68,0,1299,0,0,0,1299
07/01/2023,EWR,NJ,AEA,EN,Towers with Radar,1069,15,14,0,1098,0,0,26,0,26,1069,15,40,0,1124,0,0,0,1124
07/02/2023,EWR,NJ,AEA,EN,Towers with Radar,933,20,4,0,957,1,2,23,0,26,934,22,27,0,983,0,0,0,983
07/03/2023,EWR,NJ,AEA,EN,Towers with Radar,1102,8,5,0,1115,0,0,29,0,29,1102,8,34,0,1144,0,0,0,1144
07/04/2023,EWR,NJ,AEA,EN,Towers with Radar,913,13,4,0,930,0,0,21,0,21,913,13,25,0,951,0,0,0,951
07/05/2023,EWR,NJ,AEA,EN,Towers with Radar,1197,20,5,0,1222,0,9,49,0,58,1197,29,54,0,1280,0,0,0,1280
07/06/2023,EWR,NJ,AEA,EN,Towers with Radar,1207,35,9,0,1251,0,4,41,0,45,1207,39,50,0,1296,0,0,0,1296
07/07/2023,EWR,NJ,AEA,EN,Towers with Radar,973,23,8,0,1004,0,4,43,0,47,973,27,51,0,1051,0,0,0,1051
07/08/2023,EWR,NJ,AEA,EN,Towers with Radar,1060,10,17,0,1087,0,2,27,0,29,1060,12,44,0,1116,0,0,0,1116
07/09/2023,EWR,NJ,AEA,EN,Towers with Radar,722,10,7,0,739,0,0,18,0,18,722,10,25,0,757,0,0,0,757
07/10/2023,EWR,NJ,AEA,EN,Towers with Radar,1080,20,21,0,1121,0,0,34,0,34,1080,20,55,0,1155,0,0,0,1155
07/11/2023,EWR,NJ,AEA,EN,Towers with Radar,1239,26,14,0,1279,0,6,29,2,37,1239,32,43,2,1316,0,0,0,1316
07/12/2023,EWR,NJ,AEA,EN,Towers with Radar,1217,41,21,0,1279,0,5,30,0,35,1217,46,51,0,1314,0,0,0,1314
07/13/2023,EWR,NJ,AEA,EN,Towers with Radar,1183,36,21,0,1240,0,5,42,0,47,1183,41,63,0,1287,0,0,0,1287
07/14/2023,EWR,NJ,AEA,EN,Towers with Radar,890,26,13,0,929,0,0,14,0,14,890,26,27,0,943,0,0,0,943
07/15/2023,EWR,NJ,AEA,EN,Towers with Radar,908,10,16,0,934,0,1,14,0,15,908,11,30,0,949,0,0,0,949
07/16/2023,EWR,NJ,AEA,EN,Towers with Radar,770,18,17,0,805,0,0,6,0,6,770,18,23,0,811,0,0,0,811
07/17/2023,EWR,NJ,AEA,EN,Towers with Radar,1171,15,29,0,1215,0,2,32,0,34,1171,17,61,0,1249,0,0,0,1249
07/18/2023,EWR,NJ,AEA,EN,Towers with Radar,1029,32,15,0,1076,0,4,14,0,18,1029,36,29,0,1094,0,0,0,1094
07/19/2023,EWR,NJ,AEA,EN,Towers with Radar,1123,41,27,0,1191,0,4,28,0,32,1123,45,55,0,1223,0,0,0,1223
07/20/2023,EWR,NJ,AEA,EN,Towers with Radar,1192,42,24,0,1258,0,4,46,0,50,1192,46,70,0,1308,0,0,0,1308
07/21/2023,EWR,NJ,AEA,EN,Towers with Radar,1111,29,26,0,1166,0,2,33,0,35,1111,31,59,0,1201,0,0,0,1201
07/22/2023,EWR,NJ,AEA,EN,Towers with Radar,1097,11,12,0,1120,1,2,32,3,38,1098,13,44,3,1158,0,0,0,1158
07/23/2023,EWR,NJ,AEA,EN,Towers with Radar,1134,15,13,0,1162,0,0,39,2,41,1134,15,52,2,1203,0,0,0,1203
07/24/2023,EWR,NJ,AEA,EN,Towers with Radar,1171,18,8,0,1197,0,0,43,2,45,1171,18,51,2,1242,0,0,0,1242
07/25/2023,EWR,NJ,AEA,EN,Towers with Radar,905,35,16,0,956,0,4,20,0,24,905,39,36,0,980,0,0,0,980
07/26/2023,EWR,NJ,AEA,EN,Towers with Radar,1174,46,20,0,1240,0,4,51,2,57,1174,50,71,2,1297,0,0,0,1297
07/27/2023,EWR,NJ,AEA,EN,Towers with Radar,1044,33,8,0,1085,0,4,51,0,55,1044,37,59,0,1140,0,0,0,1140
07/28/2023,EWR,NJ,AEA,EN,Towers with Radar,1146,42,19,0,1207,0,6,30,2,38,1146,48,49,2,1245,0,0,0,1245
07/29/2023,EWR,NJ,AEA,EN,Towers with Radar,920,24,12,0,956,0,0,24,0,24,920,24,36,0,980,0,0,0,980
07/30/2023,EWR,NJ,AEA,EN,Towers with Radar,1150,22,14,0,1186,0,0,30,0,30,1150,22,44,0,1216,0,0,0,1216
07/31/2023,EWR,NJ,AEA,EN,Towers with Radar,1162,12,18,0,1192,0,0,27,0,27,1162,12,45,0,1219,0,0,0,1219
08/01/2023,EWR,NJ,AEA,EN,Towers with Radar,1200,38,24,0,1262,0,6,25,0,31,1200,44,49,0,1293,0,0,0,1293
08/02/2023,EWR,NJ,AEA,EN,Towers with Radar,1196,50,9,0,1255,0,5,31,0,36,1196,55,40,0,1291,0,0,0,1291
08/03/2023,EWR,NJ,AEA,EN,Towers with Radar,1212,36,17,0,1265,0,6,41,1,48,1212,42,58,1,1313,0,0,0,1313
08/04/2023,EWR,NJ,AEA,EN,Towers with Radar,1146,31,19,0,1196,0,6,26,0,32,1146,37,45,0,1228,0,0,0,1228
08/05/2023,EWR,NJ,AEA,EN,Towers with Radar,1082,17,19,0,1118,0,2,23,0,25,1082,19,42,0,1143,0,0,0,1143
08/06/2023,EWR,NJ,AEA,EN,Towers with Radar,1127,30,17,0,1174,0,0,27,0,27,1127,30,44,0,1201,0,0,0,1201
08/07/2023,EWR,NJ,AEA,EN,Towers with Radar,946,26,15,0,987,0,1,16,0,17,946,27,31,0,1004,0,0,0,1004
08/08/2023,EWR,NJ,AEA,EN,Towers with Radar,1192,28,16,1,1237,0,4,28,0,32,1192,32,44,1,1269,0,0,0,1269
08/09/2023,EWR,NJ,AEA,EN,Towers with Radar,1185,28,8,0,1221,0,4,42,0,46,1185,32,50,0,1267,0,0,0,1267
08/10/2023,EWR,NJ,AEA,EN,Towers with Radar,1190,41,5,0,1236,0,6,32,0,38,1190,47,37,0,1274,0,0,0,1274
08/11/2023,EWR,NJ,AEA,EN,Towers with Radar,1176,28,19,0,1223,0,6,36,0,42,1176,34,55,0,1265,0,0,0,1265
08/12/2023,EWR,NJ,AEA,EN,Towers with Radar,1069,27,20,0,1116,0,0,28,0,28,1069,27,48,0,1144,0,0,0,1144
08/13/2023,EWR,NJ,AEA,EN,Towers with Radar,1145,13,6,0,1164,1,0,38,0,39,1146,13,44,0,1203,0,0,0,1203
08/14/2023,EWR,NJ,AEA,EN,Towers with Radar,1136,15,9,0,1160,0,3,36,0,39,1136,18,45,0,1199,0,0,0,1199
08/15/2023,EWR,NJ,AEA,EN,Towers with Radar,1192,25,8,0,1225,0,2,18,0,20,1192,27,26,0,1245,0,0,0,1245
08/16/2023,EWR,NJ,AEA,EN,Towers with Radar,1201,30,12,0,1243,0,4,34,1,39,1201,34,46,1,1282,0,0,0,1282
08/17/2023,EWR,NJ,AEA,EN,Towers with Radar,1194,24,23,0,1241,0,6,25,0,31,1194,30,48,0,1272,0,0,0,1272
08/18/2023,EWR,NJ,AEA,EN,Towers with Radar,1174,20,5,0,1199,0,4,41,1,46,1174,24,46,1,1245,0,0,0,1245
08/19/2023,EWR,NJ,AEA,EN,Towers with Radar,1094,9,2,0,1105,0,0,34,0,34,1094,9,36,0,1139,0,0,0,1139
08/20/2023,EWR,NJ,AEA,EN,Towers with Radar,1123,19,9,0,1151,0,0,24,0,24,1123,19,33,0,1175,0,0,0,1175
08/21/2023,EWR,NJ,AEA,EN,Towers with Radar,1157,14,7,0,1178,0,2,39,0,41,1157,16,46,0,1219,0,0,0,1219
08/22/2023,EWR,NJ,AEA,EN,Towers with Radar,1184,29,7,0,1220,0,4,39,0,43,1184,33,46,0,1263,0,0,0,1263
08/23/2023,EWR,NJ,AEA,EN,Towers with Radar,1177,36,5,0,1218,0,6,41,2,49,1177,42,46,2,1267,0,0,0,1267
08/24/2023,EWR,NJ,AEA,EN,Towers with Radar,1190,40,9,0,1239,0,6,28,0,34,1190,46,37,0,1273,0,0,0,1273
08/25/2023,EWR,NJ,AEA,EN,Towers with Radar,1174,29,9,0,1212,0,0,24,0,24,1174,29,33,0,1236,0,0,0,1236
08/26/2023,EWR,NJ,AEA,EN,Towers with Radar,1085,11,8,0,1104,0,0,23,0,23,1085,11,31,0,1127,0,0,0,1127
08/27/2023,EWR,NJ,AEA,EN,Towers with Radar,1134,21,6,0,1161,0,2,13,0,15,1134,23,19,0,1176,0,0,0,1176
08/28/2023,EWR,NJ,AEA,EN,Towers with Radar,1144,17,12,2,1175,0,0,31,0,31,1144,17,43,2,1206,0,0,0,1206
08/29/2023,EWR,NJ,AEA,EN,Towers with Radar,1181,32,18,0,1231,0,4,30,0,34,1181,36,48,0,1265,0,0,0,1265
08/30/2023,EWR,NJ,AEA,EN,Towers with Radar,1155,33,9,0,1197,0,0,35,0,35,1155,33,44,0,1232,0,0,0,1232
08/31/2023,EWR,NJ,AEA,EN,Towers with Radar,1188,38,10,0,1236,0,5,46,0,51,1188,43,56,0,1287,0,0,0,1287
