01/01/2020,EYW,FL,ASO,ES,Federal Contract Tower,51,20,28,0,99,0,10,86,0,96,51,30,114,0,195,20,0,20,215
01/02/2020,EYW,FL,ASO,ES,Federal Contract Tower,60,24,47,2,133,0,6,81,0,87,60,30,128,2,220,0,0,0,220
01/03/2020,EYW,FL,ASO,ES,Federal Contract Tower,60,22,45,2,129,0,16,83,0,99,60,38,128,2,228,0,0,0,228
01/04/2020,EYW,FL,ASO,ES,Federal Contract Tower,64,10,33,0,107,0,6,77,0,83,64,16,110,0,190,6,0,6,196
01/05/2020,EYW,FL,ASO,ES,Federal Contract Tower,66,14,34,0,114,0,5,45,1,51,66,19,79,1,165,0,0,0,165
01/07/2020,EYW,FL,ASO,ES,Federal Contract Tower,49,15,37,2,103,0,0,84,0,84,49,15,121,2,187,10,0,10,197
01/08/2020,EYW,FL,ASO,ES,Federal Contract Tower,49,10,31,3,93,0,2,67,8,77,49,12,98,11,170,10,0,10,180
01/09/2020,EYW,FL,ASO,ES,Federal Contract Tower,57,8,30,1,96,0,3,18,0,21,57,11,48,1,117,10,4,14,131
01/10/2020,EYW,FL,ASO,ES,Federal Contract Tower,60,21,39,3,123,0,8,13,2,23,60,29,52,5,146,0,2,2,148
01/11/2020,EYW,FL,ASO,ES,Federal Contract Tower,64,8,29,2,103,0,2,53,0,55,64,10,82,2,158,2,0,2,160
01/12/2020,EYW,FL,ASO,ES,Federal Contract Tower,64,17,60,2,143,0,11,41,1,53,64,28,101,3,196,2,0,2,198
01/13/2020,EYW,FL,ASO,ES,Federal Contract Tower,59,9,32,0,100,0,1,50,0,51,59,10,82,0,151,0,0,0,151
01/14/2020,EYW,FL,ASO,ES,Federal Contract Tower,50,15,23,0,88,0,5,66,0,71,50,20,89,0,159,8,2,10,169
01/15/2020,EYW,FL,ASO,ES,Federal Contract Tower,51,18,32,2,103,0,10,54,0,64,51,28,86,2,167,16,2,18,185
01/16/2020,EYW,FL,ASO,ES,Federal Contract Tower,56,21,25,0,102,0,5,72,2,79,56,26,97,2,181,0,0,0,181
01/17/2020,EYW,FL,ASO,ES,Federal Contract Tower,59,21,47,0,127,0,2,66,0,68,59,23,113,0,195,0,0,0,195
01/18/2020,EYW,FL,ASO,ES,Federal Contract Tower,66,15,39,0,120,0,4,65,0,69,66,19,104,0,189,2,0,2,191
01/19/2020,EYW,FL,ASO,ES,Federal Contract Tower,61,17,45,0,123,0,3,90,0,93,61,20,135,0,216,14,0,14,230
01/20/2020,EYW,FL,ASO,ES,Federal Contract Tower,60,16,37,0,113,0,1,56,0,57,60,17,93,0,170,0,0,0,170
01/21/2020,EYW,FL,ASO,ES,Federal Contract Tower,51,18,22,0,91,0,6,15,0,21,51,24,37,0,112,0,0,0,112
01/22/2020,EYW,FL,ASO,ES,Federal Contract Tower,51,9,16,0,76,0,1,18,6,25,51,10,34,6,101,4,2,6,107
01/23/2020,EYW,FL,ASO,ES,Federal Contract Tower,58,10,30,0,98,0,3,41,0,44,58,13,71,0,142,0,0,0,142
01/24/2020,EYW,FL,ASO,ES,Federal Contract Tower,59,18,48,0,125,0,2,44,0,46,59,20,92,0,171,0,0,0,171
01/25/2020,EYW,FL,ASO,ES,Federal Contract Tower,68,12,30,0,110,0,3,75,0,78,68,15,105,0,188,6,0,6,194
01/26/2020,EYW,FL,ASO,ES,Federal Contract Tower,63,12,60,0,135,0,1,116,0,117,63,13,176,0,252,6,0,6,258
01/27/2020,EYW,FL,ASO,ES,Federal Contract Tower,59,9,21,0,89,0,2,41,2,45,59,11,62,2,134,2,0,2,136
01/28/2020,EYW,FL,ASO,ES,Federal Contract Tower,51,13,22,0,86,0,4,40,0,44,51,17,62,0,130,6,0,6,136
01/29/2020,EYW,FL,ASO,ES,Federal Contract Tower,48,22,26,0,96,0,7,61,0,68,48,29,87,0,164,38,0,38,202
01/30/2020,EYW,FL,ASO,ES,Federal Contract Tower,61,24,32,1,118,0,10,61,11,82,61,34,93,12,200,4,0,4,204
01/31/2020,EYW,FL,ASO,ES,Federal Contract Tower,58,18,37,0,113,0,5,71,0,76,58,23,108,0,189,0,0,0,189
02/01/2020,EYW,FL,ASO,ES,Federal Contract Tower,69,11,15,0,95,0,2,12,0,14,69,13,27,0,109,0,0,0,109
02/02/2020,EYW,FL,ASO,ES,Federal Contract Tower,62,14,35,0,111,0,3,75,0,78,62,17,110,0,189,0,0,0,189
02/03/2020,EYW,FL,ASO,ES,Federal Contract Tower,59,16,28,0,103,0,3,47,0,50,59,19,75,0,153,0,0,0,153
02/04/2020,EYW,FL,ASO,ES,Federal Contract Tower,50,12,23,2,87,0,0,55,4,59,50,12,78,6,146,0,0,0,146
02/05/2020,EYW,FL,ASO,ES,Federal Contract Tower,50,10,21,0,81,0,7,36,0,43,50,17,57,0,124,8,0,8,132
02/06/2020,EYW,FL,ASO,ES,Federal Contract Tower,52,15,26,0,93,0,11,30,0,41,52,26,56,0,134,6,0,6,140
02/07/2020,EYW,FL,ASO,ES,Federal Contract Tower,58,15,28,0,101,0,8,21,0,29,58,23,49,0,130,2,0,2,132
02/08/2020,EYW,FL,ASO,ES,Federal Contract Tower,67,9,32,0,108,0,2,45,1,48,67,11,77,1,156,0,0,0,156
02/09/2020,EYW,FL,ASO,ES,Federal Contract Tower,59,14,37,0,110,0,0,72,0,72,59,14,109,0,182,0,0,0,182
02/10/2020,EYW,FL,ASO,ES,Federal Contract Tower,59,11,21,4,95,0,2,22,0,24,59,13,43,4,119,0,0,0,119
02/11/2020,EYW,FL,ASO,ES,Federal Contract Tower,51,15,19,4,89,0,2,43,2,47,51,17,62,6,136,4,0,4,140
02/12/2020,EYW,FL,ASO,ES,Federal Contract Tower,51,20,50,0,121,0,2,64,1,67,51,22,114,1,188,10,0,10,198
02/13/2020,EYW,FL,ASO,ES,Federal Contract Tower,63,23,55,2,143,0,11,96,1,108,63,34,151,3,251,2,0,2,253
02/14/2020,EYW,FL,ASO,ES,Federal Contract Tower,62,21,44,0,127,0,7,75,0,82,62,28,119,0,209,0,2,2,211
02/15/2020,EYW,FL,ASO,ES,Federal Contract Tower,75,17,58,0,150,0,3,72,0,75,75,20,130,0,225,2,0,2,227
02/16/2020,EYW,FL,ASO,ES,Federal Contract Tower,66,16,63,0,145,0,7,89,0,96,66,23,152,0,241,4,0,4,245
02/17/2020,EYW,FL,ASO,ES,Federal Contract Tower,60,14,43,1,118,0,5,68,0,73,60,19,111,1,191,8,0,8,199
02/18/2020,EYW,FL,ASO,ES,Federal Contract Tower,58,22,42,2,124,0,0,75,1,76,58,22,117,3,200,0,0,0,200
02/19/2020,EYW,FL,ASO,ES,Federal Contract Tower,59,17,73,2,151,0,8,90,0,98,59,25,163,2,249,0,0,0,249
02/20/2020,EYW,FL,ASO,ES,Federal Contract Tower,59,22,41,0,122,0,7,60,0,67,59,29,101,0,189,0,0,0,189
02/21/2020,EYW,FL,ASO,ES,Federal Contract Tower,63,22,44,0,129,0,2,32,0,34,63,24,76,0,163,0,0,0,163
02/22/2020,EYW,FL,ASO,ES,Federal Contract Tower,75,16,32,0,123,0,3,41,0,44,75,19,73,0,167,2,0,2,169
02/23/2020,EYW,FL,ASO,ES,Federal Contract Tower,65,13,39,0,117,0,4,75,0,79,65,17,114,0,196,4,0,4,200
02/24/2020,EYW,FL,ASO,ES,Federal Contract Tower,64,7,33,1,105,0,6,54,0,60,64,13,87,1,165,2,2,4,169
02/25/2020,EYW,FL,ASO,ES,Federal Contract Tower,62,11,22,0,95,0,1,66,0,67,62,12,88,0,162,2,2,4,166
02/26/2020,EYW,FL,ASO,ES,Federal Contract Tower,57,14,16,0,87,0,2,52,0,54,57,16,68,0,141,12,14,26,167
02/27/2020,EYW,FL,ASO,ES,Federal Contract Tower,62,13,28,0,103,0,3,19,0,22,62,16,47,0,125,10,0,10,135
02/28/2020,EYW,FL,ASO,ES,Federal Contract Tower,63,15,52,0,130,0,4,53,0,57,63,19,105,0,187,0,0,0,187
02/29/2020,EYW,FL,ASO,ES,Federal Contract Tower,73,12,40,0,125,0,1,88,0,89,73,13,128,0,214,0,0,0,214
03/01/2020,EYW,FL,ASO,ES,Federal Contract Tower,64,16,63,0,143,0,1,86,1,88,64,17,149,1,231,6,0,6,237
03/02/2020,EYW,FL,ASO,ES,Federal Contract Tower,61,14,40,2,117,0,6,37,1,44,61,20,77,3,161,0,0,0,161
03/03/2020,EYW,FL,ASO,ES,Federal Contract Tower,64,13,37,0,114,0,5,54,1,60,64,18,91,1,174,0,0,0,174
03/04/2020,EYW,FL,ASO,ES,Federal Contract Tower,59,12,28,2,101,0,2,50,9,61,59,14,78,11,162,0,0,0,162
03/05/2020,EYW,FL,ASO,ES,Federal Contract Tower,65,12,38,0,115,0,0,62,2,64,65,12,100,2,179,8,0,8,187
03/06/2020,EYW,FL,ASO,ES,Federal Contract Tower,63,17,43,0,123,0,4,35,0,39,63,21,78,0,162,0,0,0,162
03/07/2020,EYW,FL,ASO,ES,Federal Contract Tower,78,13,25,2,118,0,0,50,6,56,78,13,75,8,174,0,0,0,174
03/08/2020,EYW,FL,ASO,ES,Federal Contract Tower,62,13,74,0,149,0,3,43,0,46,62,16,117,0,195,2,0,2,197
03/09/2020,EYW,FL,ASO,ES,Federal Contract Tower,61,8,19,0,88,0,1,19,0,20,61,9,38,0,108,2,0,2,110
03/10/2020,EYW,FL,ASO,ES,Federal Contract Tower,60,10,23,0,93,0,3,57,0,60,60,13,80,0,153,18,0,18,171
03/11/2020,EYW,FL,ASO,ES,Federal Contract Tower,59,9,28,0,96,0,5,61,6,72,59,14,89,6,168,0,0,0,168
03/12/2020,EYW,FL,ASO,ES,Federal Contract Tower,63,13,42,0,118,0,3,63,5,71,63,16,105,5,189,2,0,2,191
03/14/2020,EYW,FL,ASO,ES,Federal Contract Tower,76,16,72,2,166,0,1,98,0,99,76,17,170,2,265,2,0,2,267
03/15/2020,EYW,FL,ASO,ES,Federal Contract Tower,64,12,56,0,132,0,2,75,0,77,64,14,131,0,209,0,0,0,209
03/16/2020,EYW,FL,ASO,ES,Federal Contract Tower,62,12,41,0,115,0,0,52,0,52,62,12,93,0,167,2,0,2,169
03/17/2020,EYW,FL,ASO,ES,Federal Contract Tower,62,22,39,0,123,0,0,28,0,28,62,22,67,0,151,14,0,14,165
03/18/2020,EYW,FL,ASO,ES,Federal Contract Tower,61,13,17,0,91,0,0,34,0,34,61,13,51,0,125,8,0,8,133
03/19/2020,EYW,FL,ASO,ES,Federal Contract Tower,62,18,18,0,98,0,0,21,1,22,62,18,39,1,120,0,0,0,120
03/20/2020,EYW,FL,ASO,ES,Federal Contract Tower,61,22,17,0,100,0,2,10,5,17,61,24,27,5,117,4,4,8,125
03/21/2020,EYW,FL,ASO,ES,Federal Contract Tower,70,12,24,0,106,0,0,21,0,21,70,12,45,0,127,0,0,0,127
03/22/2020,EYW,FL,ASO,ES,Federal Contract Tower,53,7,21,0,81,0,1,20,0,21,53,8,41,0,102,0,0,0,102
03/23/2020,EYW,FL,ASO,ES,Federal Contract Tower,36,3,19,0,58,0,0,9,0,9,36,3,28,0,67,0,0,0,67
03/24/2020,EYW,FL,ASO,ES,Federal Contract Tower,37,11,13,0,61,0,0,10,0,10,37,11,23,0,71,26,0,26,97
03/25/2020,EYW,FL,ASO,ES,Federal Contract Tower,18,10,8,0,36,0,0,4,0,4,18,10,12,0,40,8,0,8,48
03/26/2020,EYW,FL,ASO,ES,Federal Contract Tower,16,6,9,0,31,0,0,5,0,5,16,6,14,0,36,2,0,2,38
03/27/2020,EYW,FL,ASO,ES,Federal Contract Tower,28,6,11,0,45,0,0,12,0,12,28,6,23,0,57,32,0,32,89
03/28/2020,EYW,FL,ASO,ES,Federal Contract Tower,30,5,11,0,46,0,0,9,0,9,30,5,20,0,55,12,0,12,67
03/29/2020,EYW,FL,ASO,ES,Federal Contract Tower,23,2,4,0,29,0,1,11,0,12,23,3,15,0,41,0,0,0,41
03/30/2020,EYW,FL,ASO,ES,Federal Contract Tower,16,4,13,0,33,0,0,9,0,9,16,4,22,0,42,6,0,6,48
03/31/2020,EYW,FL,ASO,ES,Federal Contract Tower,14,4,3,0,21,0,0,8,0,8,14,4,11,0,29,0,0,0,29
04/01/2020,EYW,FL,ASO,ES,Federal Contract Tower,22,10,0,0,32,0,0,0,0,0,22,10,0,0,32,0,0,0,32
04/02/2020,EYW,FL,ASO,ES,Federal Contract Tower,20,9,5,0,34,0,0,21,2,23,20,9,26,2,57,40,0,40,97
04/03/2020,EYW,FL,ASO,ES,Federal Contract Tower,18,4,3,0,25,0,2,11,0,13,18,6,14,0,38,6,0,6,44
04/04/2020,EYW,FL,ASO,ES,Federal Contract Tower,20,11,1,0,32,0,0,20,0,20,20,11,21,0,52,4,0,4,56
04/05/2020,EYW,FL,ASO,ES,Federal Contract Tower,12,8,11,0,31,0,0,18,0,18,12,8,29,0,49,4,0,4,53
04/06/2020,EYW,FL,ASO,ES,Federal Contract Tower,20,3,6,0,29,0,0,6,0,6,20,3,12,0,35,14,0,14,49
04/07/2020,EYW,FL,ASO,ES,Federal Contract Tower,14,10,15,0,39,0,0,10,0,10,14,10,25,0,49,2,0,2,51
04/08/2020,EYW,FL,ASO,ES,Federal Contract Tower,22,14,10,0,46,0,2,24,0,26,22,16,34,0,72,0,0,0,72
04/09/2020,EYW,FL,ASO,ES,Federal Contract Tower,18,4,10,0,32,0,0,8,0,8,18,4,18,0,40,4,0,4,44
04/10/2020,EYW,FL,ASO,ES,Federal Contract Tower,17,8,7,0,32,0,0,7,0,7,17,8,14,0,39,4,0,4,43
04/11/2020,EYW,FL,ASO,ES,Federal Contract Tower,12,3,11,0,26,0,0,17,0,17,12,3,28,0,43,10,0,10,53
04/12/2020,EYW,FL,ASO,ES,Federal Contract Tower,10,4,5,0,19,0,0,1,0,1,10,4,6,0,20,0,0,0,20
04/13/2020,EYW,FL,ASO,ES,Federal Contract Tower,19,3,13,0,35,0,0,8,0,8,19,3,21,0,43,10,0,10,53
04/14/2020,EYW,FL,ASO,ES,Federal Contract Tower,8,7,16,0,31,0,0,7,0,7,8,7,23,0,38,0,0,0,38
04/15/2020,EYW,FL,ASO,ES,Federal Contract Tower,15,7,9,0,31,0,0,7,2,9,15,7,16,2,40,0,0,0,40
04/16/2020,EYW,FL,ASO,ES,Federal Contract Tower,13,5,11,0,29,0,0,12,0,12,13,5,23,0,41,8,0,8,49
04/17/2020,EYW,FL,ASO,ES,Federal Contract Tower,16,5,14,0,35,0,0,7,0,7,16,5,21,0,42,26,0,26,68
04/18/2020,EYW,FL,ASO,ES,Federal Contract Tower,12,7,12,0,31,0,0,27,0,27,12,7,39,0,58,20,0,20,78
04/19/2020,EYW,FL,ASO,ES,Federal Contract Tower,12,0,22,0,34,0,0,17,0,17,12,0,39,0,51,2,0,2,53
04/20/2020,EYW,FL,ASO,ES,Federal Contract Tower,13,4,6,0,23,0,0,7,0,7,13,4,13,0,30,8,0,8,38
04/21/2020,EYW,FL,ASO,ES,Federal Contract Tower,11,5,4,0,20,0,0,9,0,9,11,5,13,0,29,2,0,2,31
04/22/2020,EYW,FL,ASO,ES,Federal Contract Tower,16,11,18,0,45,0,2,14,0,16,16,13,32,0,61,4,0,4,65
04/23/2020,EYW,FL,ASO,ES,Federal Contract Tower,16,4,7,0,27,0,0,9,2,11,16,4,16,2,38,0,0,0,38
04/24/2020,EYW,FL,ASO,ES,Federal Contract Tower,16,7,4,0,27,0,0,12,0,12,16,7,16,0,39,18,0,18,57
04/28/2020,EYW,FL,ASO,ES,Federal Contract Tower,8,7,16,0,31,0,0,18,2,20,8,7,34,2,51,2,2,4,55
04/29/2020,EYW,FL,ASO,ES,Federal Contract Tower,13,7,9,0,29,0,0,28,0,28,13,7,37,0,57,20,2,22,79
04/30/2020,EYW,FL,ASO,ES,Federal Contract Tower,14,11,7,0,32,0,4,8,0,12,14,15,15,0,44,0,0,0,44
05/01/2020,EYW,FL,ASO,ES,Federal Contract Tower,20,8,13,0,41,0,0,11,0,11,20,8,24,0,52,6,0,6,58
05/05/2020,EYW,FL,ASO,ES,Federal Contract Tower,10,8,11,0,29,0,0,22,0,22,10,8,33,0,51,4,0,4,55
05/06/2020,EYW,FL,ASO,ES,Federal Contract Tower,12,8,15,0,35,0,0,18,2,20,12,8,33,2,55,10,0,10,65
05/07/2020,EYW,FL,ASO,ES,Federal Contract Tower,10,10,9,0,29,0,1,16,0,17,10,11,25,0,46,4,0,4,50
05/08/2020,EYW,FL,ASO,ES,Federal Contract Tower,10,12,16,2,40,0,1,26,0,27,10,13,42,2,67,20,0,20,87
05/09/2020,EYW,FL,ASO,ES,Federal Contract Tower,8,7,26,0,41,0,2,50,0,52,8,9,76,0,93,28,0,28,121
05/10/2020,EYW,FL,ASO,ES,Federal Contract Tower,10,3,1,0,14,0,0,0,0,0,10,3,1,0,14,0,0,0,14
05/11/2020,EYW,FL,ASO,ES,Federal Contract Tower,12,10,6,0,28,0,0,3,0,3,12,10,9,0,31,0,0,0,31
05/12/2020,EYW,FL,ASO,ES,Federal Contract Tower,5,7,9,0,21,0,6,6,0,12,5,13,15,0,33,0,0,0,33
05/13/2020,EYW,FL,ASO,ES,Federal Contract Tower,9,10,4,0,23,0,0,2,0,2,9,10,6,0,25,6,0,6,31
05/14/2020,EYW,FL,ASO,ES,Federal Contract Tower,12,7,10,0,29,0,0,0,0,0,12,7,10,0,29,0,0,0,29
05/15/2020,EYW,FL,ASO,ES,Federal Contract Tower,12,21,11,0,44,0,0,2,0,2,12,21,13,0,46,0,0,0,46
05/16/2020,EYW,FL,ASO,ES,Federal Contract Tower,6,5,27,0,38,0,0,40,0,40,6,5,67,0,78,2,0,2,80
05/17/2020,EYW,FL,ASO,ES,Federal Contract Tower,10,5,18,0,33,0,1,17,0,18,10,6,35,0,51,40,0,40,91
05/18/2020,EYW,FL,ASO,ES,Federal Contract Tower,12,8,11,0,31,0,1,4,0,5,12,9,15,0,36,2,0,2,38
05/19/2020,EYW,FL,ASO,ES,Federal Contract Tower,5,9,19,0,33,0,1,7,0,8,5,10,26,0,41,8,0,8,49
05/20/2020,EYW,FL,ASO,ES,Federal Contract Tower,8,12,5,2,27,0,2,9,0,11,8,14,14,2,38,2,2,4,42
05/21/2020,EYW,FL,ASO,ES,Federal Contract Tower,12,13,24,0,49,0,4,16,0,20,12,17,40,0,69,2,2,4,73
05/22/2020,EYW,FL,ASO,ES,Federal Contract Tower,14,7,28,0,49,0,0,16,0,16,14,7,44,0,65,16,0,16,81
05/23/2020,EYW,FL,ASO,ES,Federal Contract Tower,8,3,11,2,24,0,1,15,0,16,8,4,26,2,40,2,0,2,42
05/24/2020,EYW,FL,ASO,ES,Federal Contract Tower,11,1,12,0,24,0,0,0,0,0,11,1,12,0,24,0,0,0,24
05/25/2020,EYW,FL,ASO,ES,Federal Contract Tower,13,1,5,0,19,0,0,1,0,1,13,1,6,0,20,2,0,2,22
05/26/2020,EYW,FL,ASO,ES,Federal Contract Tower,7,4,24,0,35,0,3,7,0,10,7,7,31,0,45,8,0,8,53
05/27/2020,EYW,FL,ASO,ES,Federal Contract Tower,12,9,13,0,34,0,2,17,0,19,12,11,30,0,53,2,0,2,55
05/28/2020,EYW,FL,ASO,ES,Federal Contract Tower,10,10,9,0,29,0,1,26,0,27,10,11,35,0,56,12,0,12,68
05/29/2020,EYW,FL,ASO,ES,Federal Contract Tower,10,9,23,0,42,0,0,13,0,13,10,9,36,0,55,2,0,2,57
05/30/2020,EYW,FL,ASO,ES,Federal Contract Tower,6,4,12,0,22,0,1,21,0,22,6,5,33,0,44,2,0,2,46
05/31/2020,EYW,FL,ASO,ES,Federal Contract Tower,10,5,13,0,28,0,0,39,0,39,10,5,52,0,67,6,0,6,73
06/01/2020,EYW,FL,ASO,ES,Federal Contract Tower,11,15,44,0,70,0,0,21,0,21,11,15,65,0,91,12,0,12,103
06/02/2020,EYW,FL,ASO,ES,Federal Contract Tower,9,10,30,0,49,0,6,6,0,12,9,16,36,0,61,10,0,10,71
06/03/2020,EYW,FL,ASO,ES,Federal Contract Tower,13,13,28,0,54,0,2,5,0,7,13,15,33,0,61,0,0,0,61
06/04/2020,EYW,FL,ASO,ES,Federal Contract Tower,16,13,27,0,56,0,0,7,0,7,16,13,34,0,63,0,0,0,63
06/05/2020,EYW,FL,ASO,ES,Federal Contract Tower,18,12,35,2,67,0,2,35,0,37,18,14,70,2,104,32,6,38,142
06/06/2020,EYW,FL,ASO,ES,Federal Contract Tower,16,7,17,0,40,0,1,20,0,21,16,8,37,0,61,8,0,8,69
06/07/2020,EYW,FL,ASO,ES,Federal Contract Tower,17,10,35,0,62,0,3,33,0,36,17,13,68,0,98,10,0,10,108
06/08/2020,EYW,FL,ASO,ES,Federal Contract Tower,17,7,24,0,48,0,6,32,0,38,17,13,56,0,86,22,2,24,110
06/09/2020,EYW,FL,ASO,ES,Federal Contract Tower,15,11,25,0,51,0,2,34,0,36,15,13,59,0,87,34,0,34,121
06/10/2020,EYW,FL,ASO,ES,Federal Contract Tower,16,14,30,0,60,0,3,25,0,28,16,17,55,0,88,12,0,12,100
06/11/2020,EYW,FL,ASO,ES,Federal Contract Tower,16,19,48,0,83,0,4,17,0,21,16,23,65,0,104,8,0,8,112
06/12/2020,EYW,FL,ASO,ES,Federal Contract Tower,19,19,63,0,101,0,6,61,0,67,19,25,124,0,168,22,0,22,190
06/13/2020,EYW,FL,ASO,ES,Federal Contract Tower,17,10,33,0,60,0,0,55,0,55,17,10,88,0,115,20,0,20,135
06/14/2020,EYW,FL,ASO,ES,Federal Contract Tower,19,16,54,0,89,0,6,63,0,69,19,22,117,0,158,12,0,12,170
06/15/2020,EYW,FL,ASO,ES,Federal Contract Tower,23,15,33,0,71,0,2,37,4,43,23,17,70,4,114,14,0,14,128
06/16/2020,EYW,FL,ASO,ES,Federal Contract Tower,19,15,30,2,66,0,1,29,0,30,19,16,59,2,96,2,0,2,98
06/17/2020,EYW,FL,ASO,ES,Federal Contract Tower,16,10,23,0,49,0,0,27,0,27,16,10,50,0,76,20,0,20,96
06/18/2020,EYW,FL,ASO,ES,Federal Contract Tower,25,13,38,0,76,0,1,31,0,32,25,14,69,0,108,0,0,0,108
06/19/2020,EYW,FL,ASO,ES,Federal Contract Tower,24,18,35,0,77,0,2,57,2,61,24,20,92,2,138,34,2,36,174
06/20/2020,EYW,FL,ASO,ES,Federal Contract Tower,27,9,29,0,65,0,3,81,0,84,27,12,110,0,149,10,0,10,159
06/21/2020,EYW,FL,ASO,ES,Federal Contract Tower,28,8,44,2,82,0,4,57,0,61,28,12,101,2,143,18,0,18,161
06/22/2020,EYW,FL,ASO,ES,Federal Contract Tower,24,11,29,0,64,0,0,47,0,47,24,11,76,0,111,54,0,54,165
06/23/2020,EYW,FL,ASO,ES,Federal Contract Tower,19,21,31,1,72,0,0,55,1,56,19,21,86,2,128,34,0,34,162
06/24/2020,EYW,FL,ASO,ES,Federal Contract Tower,19,11,26,0,56,0,1,55,0,56,19,12,81,0,112,40,0,40,152
06/25/2020,EYW,FL,ASO,ES,Federal Contract Tower,29,12,36,0,77,0,11,52,2,65,29,23,88,2,142,12,0,12,154
06/26/2020,EYW,FL,ASO,ES,Federal Contract Tower,27,9,43,0,79,0,6,55,0,61,27,15,98,0,140,0,0,0,140
06/27/2020,EYW,FL,ASO,ES,Federal Contract Tower,30,9,24,4,67,0,0,71,0,71,30,9,95,4,138,46,0,46,184
06/28/2020,EYW,FL,ASO,ES,Federal Contract Tower,28,9,43,0,80,0,4,94,0,98,28,13,137,0,178,30,0,30,208
06/29/2020,EYW,FL,ASO,ES,Federal Contract Tower,28,4,30,4,66,0,1,49,0,50,28,5,79,4,116,22,0,22,138
06/30/2020,EYW,FL,ASO,ES,Federal Contract Tower,24,11,32,0,67,0,0,44,0,44,24,11,76,0,111,24,0,24,135
07/01/2020,EYW,FL,ASO,ES,Federal Contract Tower,32,10,21,1,64,0,2,53,0,55,32,12,74,1,119,32,2,34,153
07/02/2020,EYW,FL,ASO,ES,Federal Contract Tower,37,9,42,0,88,0,0,55,0,55,37,9,97,0,143,2,0,2,145
07/03/2020,EYW,FL,ASO,ES,Federal Contract Tower,33,12,29,0,74,0,10,50,0,60,33,22,79,0,134,30,0,30,164
07/04/2020,EYW,FL,ASO,ES,Federal Contract Tower,25,1,18,0,44,0,0,51,0,51,25,1,69,0,95,14,0,14,109
07/05/2020,EYW,FL,ASO,ES,Federal Contract Tower,38,7,51,0,96,0,0,67,0,67,38,7,118,0,163,10,0,10,173
07/06/2020,EYW,FL,ASO,ES,Federal Contract Tower,34,6,24,5,69,0,4,43,1,48,34,10,67,6,117,12,0,12,129
07/07/2020,EYW,FL,ASO,ES,Federal Contract Tower,26,9,15,1,51,0,0,42,0,42,26,9,57,1,93,10,0,10,103
07/08/2020,EYW,FL,ASO,ES,Federal Contract Tower,26,10,23,0,59,0,2,50,1,53,26,12,73,1,112,22,0,22,134
07/09/2020,EYW,FL,ASO,ES,Federal Contract Tower,33,14,17,0,64,0,4,54,0,58,33,18,71,0,122,36,0,36,158
07/10/2020,EYW,FL,ASO,ES,Federal Contract Tower,31,16,26,0,73,1,15,48,0,64,32,31,74,0,137,4,4,8,145
07/11/2020,EYW,FL,ASO,ES,Federal Contract Tower,40,8,23,0,71,0,2,43,0,45,40,10,66,0,116,0,0,0,116
07/12/2020,EYW,FL,ASO,ES,Federal Contract Tower,34,5,22,0,61,0,8,47,0,55,34,13,69,0,116,0,0,0,116
07/13/2020,EYW,FL,ASO,ES,Federal Contract Tower,37,8,22,0,67,0,2,39,0,41,37,10,61,0,108,4,0,4,112
07/16/2020,EYW,FL,ASO,ES,Federal Contract Tower,33,13,21,0,67,0,0,29,2,31,33,13,50,2,98,2,0,2,100
07/17/2020,EYW,FL,ASO,ES,Federal Contract Tower,35,4,19,0,58,0,3,43,0,46,35,7,62,0,104,0,0,0,104
07/18/2020,EYW,FL,ASO,ES,Federal Contract Tower,39,4,16,0,59,0,6,22,0,28,39,10,38,0,87,0,0,0,87
07/19/2020,EYW,FL,ASO,ES,Federal Contract Tower,34,1,24,0,59,0,0,44,0,44,34,1,68,0,103,8,0,8,111
07/20/2020,EYW,FL,ASO,ES,Federal Contract Tower,35,8,19,6,68,0,9,33,0,42,35,17,52,6,110,0,0,0,110
07/21/2020,EYW,FL,ASO,ES,Federal Contract Tower,18,8,21,0,47,0,4,1,0,5,18,12,22,0,52,0,0,0,52
07/22/2020,EYW,FL,ASO,ES,Federal Contract Tower,25,10,13,0,48,0,2,13,0,15,25,12,26,0,63,32,0,32,95
07/23/2020,EYW,FL,ASO,ES,Federal Contract Tower,34,6,20,0,60,0,0,8,0,8,34,6,28,0,68,0,0,0,68
07/24/2020,EYW,FL,ASO,ES,Federal Contract Tower,33,15,26,4,78,0,3,52,0,55,33,18,78,4,133,0,0,0,133
07/25/2020,EYW,FL,ASO,ES,Federal Contract Tower,36,12,26,0,74,0,0,53,0,53,36,12,79,0,127,0,0,0,127
07/26/2020,EYW,FL,ASO,ES,Federal Contract Tower,34,8,33,0,75,0,0,73,0,73,34,8,106,0,148,12,0,12,160
07/27/2020,EYW,FL,ASO,ES,Federal Contract Tower,38,9,24,0,71,0,2,55,0,57,38,11,79,0,128,0,0,0,128
07/28/2020,EYW,FL,ASO,ES,Federal Contract Tower,18,14,38,0,70,0,0,76,0,76,18,14,114,0,146,0,0,0,146
07/29/2020,EYW,FL,ASO,ES,Federal Contract Tower,24,16,16,2,58,0,3,34,0,37,24,19,50,2,95,0,0,0,95
07/30/2020,EYW,FL,ASO,ES,Federal Contract Tower,29,16,26,2,73,0,5,48,0,53,29,21,74,2,126,8,0,8,134
07/31/2020,EYW,FL,ASO,ES,Federal Contract Tower,31,17,59,0,107,0,5,72,0,77,31,22,131,0,184,0,0,0,184
08/01/2020,EYW,FL,ASO,ES,Federal Contract Tower,34,2,15,0,51,0,0,34,1,35,34,2,49,1,86,0,0,0,86
08/02/2020,EYW,FL,ASO,ES,Federal Contract Tower,34,4,27,1,66,0,3,30,0,33,34,7,57,1,99,0,0,0,99
08/03/2020,EYW,FL,ASO,ES,Federal Contract Tower,34,11,38,0,83,0,4,30,1,35,34,15,68,1,118,18,0,18,136
08/04/2020,EYW,FL,ASO,ES,Federal Contract Tower,19,8,17,1,45,0,0,29,0,29,19,8,46,1,74,10,0,10,84
08/05/2020,EYW,FL,ASO,ES,Federal Contract Tower,23,10,15,0,48,0,0,48,1,49,23,10,63,1,97,0,0,0,97
08/06/2020,EYW,FL,ASO,ES,Federal Contract Tower,31,10,28,0,69,0,3,58,0,61,31,13,86,0,130,0,0,0,130
08/07/2020,EYW,FL,ASO,ES,Federal Contract Tower,30,18,44,0,92,0,1,52,0,53,30,19,96,0,145,2,0,2,147
08/08/2020,EYW,FL,ASO,ES,Federal Contract Tower,34,8,33,2,77,0,3,65,0,68,34,11,98,2,145,2,4,6,151
08/09/2020,EYW,FL,ASO,ES,Federal Contract Tower,32,5,41,0,78,0,0,94,0,94,32,5,135,0,172,14,0,14,186
08/10/2020,EYW,FL,ASO,ES,Federal Contract Tower,33,18,24,2,77,0,0,42,0,42,33,18,66,2,119,4,0,4,123
08/11/2020,EYW,FL,ASO,ES,Federal Contract Tower,18,8,21,0,47,0,0,46,0,46,18,8,67,0,93,10,0,10,103
08/12/2020,EYW,FL,ASO,ES,Federal Contract Tower,24,9,30,1,64,0,0,40,1,41,24,9,70,2,105,0,0,0,105
08/13/2020,EYW,FL,ASO,ES,Federal Contract Tower,32,11,32,0,75,0,4,58,0,62,32,15,90,0,137,0,0,0,137
08/14/2020,EYW,FL,ASO,ES,Federal Contract Tower,30,12,38,0,80,1,7,51,0,59,31,19,89,0,139,6,0,6,145
08/15/2020,EYW,FL,ASO,ES,Federal Contract Tower,32,12,28,2,74,0,0,82,0,82,32,12,110,2,156,0,0,0,156
08/16/2020,EYW,FL,ASO,ES,Federal Contract Tower,32,8,28,0,68,0,1,102,0,103,32,9,130,0,171,2,0,2,173
08/17/2020,EYW,FL,ASO,ES,Federal Contract Tower,28,6,16,0,50,0,0,44,0,44,28,6,60,0,94,14,0,14,108
08/18/2020,EYW,FL,ASO,ES,Federal Contract Tower,17,13,13,0,43,0,2,56,2,60,17,15,69,2,103,2,0,2,105
08/19/2020,EYW,FL,ASO,ES,Federal Contract Tower,23,22,15,0,60,0,0,50,2,52,23,22,65,2,112,42,0,42,154
08/20/2020,EYW,FL,ASO,ES,Federal Contract Tower,34,15,32,0,81,0,0,45,0,45,34,15,77,0,126,14,0,14,140
08/21/2020,EYW,FL,ASO,ES,Federal Contract Tower,30,15,20,0,65,0,0,57,0,57,30,15,77,0,122,26,0,26,148
08/22/2020,EYW,FL,ASO,ES,Federal Contract Tower,34,8,25,4,71,0,0,44,0,44,34,8,69,4,115,0,0,0,115
08/23/2020,EYW,FL,ASO,ES,Federal Contract Tower,34,13,25,0,72,0,3,23,0,26,34,16,48,0,98,0,0,0,98
08/24/2020,EYW,FL,ASO,ES,Federal Contract Tower,32,0,0,0,32,0,0,2,0,2,32,0,2,0,34,0,0,0,34
08/25/2020,EYW,FL,ASO,ES,Federal Contract Tower,16,8,9,0,33,0,0,8,0,8,16,8,17,0,41,0,0,0,41
08/26/2020,EYW,FL,ASO,ES,Federal Contract Tower,22,5,16,0,43,0,4,23,0,27,22,9,39,0,70,0,0,0,70
08/27/2020,EYW,FL,ASO,ES,Federal Contract Tower,34,11,21,0,66,0,2,64,0,66,34,13,85,0,132,4,0,4,136
08/28/2020,EYW,FL,ASO,ES,Federal Contract Tower,29,8,20,2,59,0,0,61,0,61,29,8,81,2,120,2,0,2,122
08/29/2020,EYW,FL,ASO,ES,Federal Contract Tower,33,11,17,3,64,0,0,68,2,70,33,11,85,5,134,0,0,0,134
08/30/2020,EYW,FL,ASO,ES,Federal Contract Tower,35,5,36,0,76,0,2,67,0,69,35,7,103,0,145,0,0,0,145
08/31/2020,EYW,FL,ASO,ES,Federal Contract Tower,32,6,18,2,58,0,0,28,0,28,32,6,46,2,86,4,0,4,90
09/01/2020,EYW,FL,ASO,ES,Federal Contract Tower,14,16,22,0,52,0,3,25,0,28,14,19,47,0,80,4,0,4,84
09/02/2020,EYW,FL,ASO,ES,Federal Contract Tower,19,8,11,2,40,0,0,29,0,29,19,8,40,2,69,0,0,0,69
09/03/2020,EYW,FL,ASO,ES,Federal Contract Tower,34,11,25,0,70,0,2,42,0,44,34,13,67,0,114,10,0,10,124
09/04/2020,EYW,FL,ASO,ES,Federal Contract Tower,34,11,36,0,81,0,4,49,0,53,34,15,85,0,134,2,0,2,136
09/05/2020,EYW,FL,ASO,ES,Federal Contract Tower,32,8,12,0,52,0,0,80,0,80,32,8,92,0,132,0,2,2,134
09/06/2020,EYW,FL,ASO,ES,Federal Contract Tower,32,5,16,0,53,0,0,34,0,34,32,5,50,0,87,0,0,0,87
09/07/2020,EYW,FL,ASO,ES,Federal Contract Tower,34,9,49,0,92,0,2,68,0,70,34,11,117,0,162,0,0,0,162
09/08/2020,EYW,FL,ASO,ES,Federal Contract Tower,16,6,27,0,49,0,0,19,0,19,16,6,46,0,68,12,0,12,80
09/09/2020,EYW,FL,ASO,ES,Federal Contract Tower,20,11,9,0,40,0,0,39,0,39,20,11,48,0,79,4,0,4,83
09/10/2020,EYW,FL,ASO,ES,Federal Contract Tower,32,13,19,2,66,0,4,40,2,46,32,17,59,4,112,0,0,0,112
09/11/2020,EYW,FL,ASO,ES,Federal Contract Tower,31,10,24,0,65,0,3,46,0,49,31,13,70,0,114,2,0,2,116
09/12/2020,EYW,FL,ASO,ES,Federal Contract Tower,29,8,8,0,45,0,0,1,0,1,29,8,9,0,46,0,0,0,46
09/13/2020,EYW,FL,ASO,ES,Federal Contract Tower,32,3,29,4,68,0,3,24,2,29,32,6,53,6,97,0,4,4,101
09/14/2020,EYW,FL,ASO,ES,Federal Contract Tower,31,11,5,0,47,0,0,30,0,30,31,11,35,0,77,6,0,6,83
09/15/2020,EYW,FL,ASO,ES,Federal Contract Tower,12,10,12,2,36,0,0,31,4,35,12,10,43,6,71,30,0,30,101
09/16/2020,EYW,FL,ASO,ES,Federal Contract Tower,20,10,9,0,39,0,0,24,0,24,20,10,33,0,63,4,0,4,67
09/17/2020,EYW,FL,ASO,ES,Federal Contract Tower,32,11,25,0,68,0,0,47,0,47,32,11,72,0,115,10,0,10,125
09/18/2020,EYW,FL,ASO,ES,Federal Contract Tower,28,16,30,0,74,0,0,52,0,52,28,16,82,0,126,0,0,0,126
09/19/2020,EYW,FL,ASO,ES,Federal Contract Tower,28,5,19,0,52,0,6,87,0,93,28,11,106,0,145,4,0,4,149
09/20/2020,EYW,FL,ASO,ES,Federal Contract Tower,33,8,40,0,81,0,2,70,0,72,33,10,110,0,153,22,0,22,175
09/21/2020,EYW,FL,ASO,ES,Federal Contract Tower,30,11,20,0,61,0,2,13,0,15,30,13,33,0,76,0,0,0,76
09/22/2020,EYW,FL,ASO,ES,Federal Contract Tower,12,10,26,0,48,0,2,28,0,30,12,12,54,0,78,2,0,2,80
09/23/2020,EYW,FL,ASO,ES,Federal Contract Tower,20,14,28,0,62,0,2,35,0,37,20,16,63,0,99,4,2,6,105
09/24/2020,EYW,FL,ASO,ES,Federal Contract Tower,31,16,28,1,76,0,0,21,0,21,31,16,49,1,97,4,0,4,101
09/25/2020,EYW,FL,ASO,ES,Federal Contract Tower,30,13,30,1,74,0,5,36,0,41,30,18,66,1,115,0,0,0,115
09/26/2020,EYW,FL,ASO,ES,Federal Contract Tower,27,10,21,0,58,0,2,56,0,58,27,12,77,0,116,8,0,8,124
09/27/2020,EYW,FL,ASO,ES,Federal Contract Tower,34,13,39,1,87,0,2,53,0,55,34,15,92,1,142,2,0,2,144
09/28/2020,EYW,FL,ASO,ES,Federal Contract Tower,30,12,30,0,72,0,2,40,0,42,30,14,70,0,114,2,0,2,116
09/29/2020,EYW,FL,ASO,ES,Federal Contract Tower,12,10,20,0,42,0,0,36,0,36,12,10,56,0,78,10,0,10,88
09/30/2020,EYW,FL,ASO,ES,Federal Contract Tower,20,10,18,0,48,0,0,22,0,22,20,10,40,0,70,0,0,0,70
10/01/2020,EYW,FL,ASO,ES,Federal Contract Tower,35,9,32,0,76,0,0,39,0,39,35,9,71,0,115,22,0,22,137
10/02/2020,EYW,FL,ASO,ES,Federal Contract Tower,34,16,18,0,68,0,0,16,0,16,34,16,34,0,84,6,0,6,90
10/03/2020,EYW,FL,ASO,ES,Federal Contract Tower,30,7,16,0,53,0,0,11,0,11,30,7,27,0,64,0,0,0,64
10/04/2020,EYW,FL,ASO,ES,Federal Contract Tower,40,8,34,0,82,0,2,29,0,31,40,10,63,0,113,0,0,0,113
10/05/2020,EYW,FL,ASO,ES,Federal Contract Tower,34,6,15,0,55,0,1,38,0,39,34,7,53,0,94,0,0,0,94
10/06/2020,EYW,FL,ASO,ES,Federal Contract Tower,16,10,21,0,47,0,1,24,0,25,16,11,45,0,72,0,0,0,72
10/07/2020,EYW,FL,ASO,ES,Federal Contract Tower,25,9,18,0,52,0,3,24,0,27,25,12,42,0,79,0,0,0,79
10/08/2020,EYW,FL,ASO,ES,Federal Contract Tower,39,11,24,4,78,0,1,54,0,55,39,12,78,4,133,20,0,20,153
10/09/2020,EYW,FL,ASO,ES,Federal Contract Tower,41,16,32,2,91,0,5,61,0,66,41,21,93,2,157,4,0,4,161
10/10/2020,EYW,FL,ASO,ES,Federal Contract Tower,35,7,39,0,81,0,2,100,0,102,35,9,139,0,183,4,0,4,187
10/11/2020,EYW,FL,ASO,ES,Federal Contract Tower,43,10,44,0,97,0,2,83,0,85,43,12,127,0,182,0,0,0,182
10/12/2020,EYW,FL,ASO,ES,Federal Contract Tower,36,10,31,0,77,0,2,48,0,50,36,12,79,0,127,0,4,4,131
10/13/2020,EYW,FL,ASO,ES,Federal Contract Tower,21,9,24,0,54,0,2,41,0,43,21,11,65,0,97,0,0,0,97
10/14/2020,EYW,FL,ASO,ES,Federal Contract Tower,26,14,33,0,73,0,1,65,0,66,26,15,98,0,139,4,0,4,143
10/15/2020,EYW,FL,ASO,ES,Federal Contract Tower,39,18,18,1,76,0,1,25,1,27,39,19,43,2,103,0,0,0,103
10/16/2020,EYW,FL,ASO,ES,Federal Contract Tower,41,17,28,0,86,0,2,40,2,44,41,19,68,2,130,6,0,6,136
10/17/2020,EYW,FL,ASO,ES,Federal Contract Tower,35,9,22,0,66,0,3,53,0,56,35,12,75,0,122,4,0,4,126
10/18/2020,EYW,FL,ASO,ES,Federal Contract Tower,43,11,21,0,75,0,1,51,0,52,43,12,72,0,127,12,0,12,139
10/19/2020,EYW,FL,ASO,ES,Federal Contract Tower,36,5,20,2,63,0,1,6,0,7,36,6,26,2,70,0,0,0,70
10/20/2020,EYW,FL,ASO,ES,Federal Contract Tower,18,10,34,0,62,0,4,1,0,5,18,14,35,0,67,0,0,0,67
10/21/2020,EYW,FL,ASO,ES,Federal Contract Tower,30,12,29,0,71,0,4,21,0,25,30,16,50,0,96,14,0,14,110
10/22/2020,EYW,FL,ASO,ES,Federal Contract Tower,39,15,42,2,98,0,2,20,1,23,39,17,62,3,121,6,0,6,127
10/23/2020,EYW,FL,ASO,ES,Federal Contract Tower,39,12,21,2,74,0,0,47,0,47,39,12,68,2,121,2,1,3,124
10/24/2020,EYW,FL,ASO,ES,Federal Contract Tower,32,8,23,0,63,0,3,58,0,61,32,11,81,0,124,30,0,30,154
10/25/2020,EYW,FL,ASO,ES,Federal Contract Tower,43,11,45,0,99,0,6,48,0,54,43,17,93,0,153,14,0,14,167
10/26/2020,EYW,FL,ASO,ES,Federal Contract Tower,36,6,26,0,68,0,1,41,0,42,36,7,67,0,110,22,0,22,132
10/27/2020,EYW,FL,ASO,ES,Federal Contract Tower,17,12,29,0,58,0,4,29,0,33,17,16,58,0,91,8,0,8,99
10/28/2020,EYW,FL,ASO,ES,Federal Contract Tower,26,8,31,0,65,0,2,35,0,37,26,10,66,0,102,0,0,0,102
10/29/2020,EYW,FL,ASO,ES,Federal Contract Tower,41,18,25,0,84,0,0,60,2,62,41,18,85,2,146,2,0,2,148
10/30/2020,EYW,FL,ASO,ES,Federal Contract Tower,38,15,41,0,94,0,4,39,0,43,38,19,80,0,137,0,0,0,137
10/31/2020,EYW,FL,ASO,ES,Federal Contract Tower,27,5,43,2,77,0,1,52,0,53,27,6,95,2,130,0,0,0,130
11/01/2020,EYW,FL,ASO,ES,Federal Contract Tower,41,15,52,0,108,0,0,76,0,76,41,15,128,0,184,0,0,0,184
11/02/2020,EYW,FL,ASO,ES,Federal Contract Tower,38,10,13,0,61,0,5,4,0,9,38,15,17,0,70,2,0,2,72
11/03/2020,EYW,FL,ASO,ES,Federal Contract Tower,18,10,12,2,42,0,0,8,0,8,18,10,20,2,50,0,0,0,50
11/04/2020,EYW,FL,ASO,ES,Federal Contract Tower,32,14,27,2,75,0,0,22,0,22,32,14,49,2,97,2,0,2,99
11/05/2020,EYW,FL,ASO,ES,Federal Contract Tower,47,15,31,1,94,0,6,34,0,40,47,21,65,1,134,10,0,10,144
11/06/2020,EYW,FL,ASO,ES,Federal Contract Tower,48,15,17,0,80,0,7,32,0,39,48,22,49,0,119,2,0,2,121
11/07/2020,EYW,FL,ASO,ES,Federal Contract Tower,45,12,9,0,66,0,5,4,0,9,45,17,13,0,75,0,0,0,75
11/08/2020,EYW,FL,ASO,ES,Federal Contract Tower,8,4,8,0,20,0,0,1,0,1,8,4,9,0,21,0,0,0,21
11/09/2020,EYW,FL,ASO,ES,Federal Contract Tower,10,4,2,0,16,0,0,2,0,2,10,4,4,0,18,0,0,0,18
11/10/2020,EYW,FL,ASO,ES,Federal Contract Tower,21,9,5,0,35,0,3,11,1,15,21,12,16,1,50,4,0,4,54
11/11/2020,EYW,FL,ASO,ES,Federal Contract Tower,32,7,9,0,48,0,0,3,0,3,32,7,12,0,51,0,0,0,51
11/12/2020,EYW,FL,ASO,ES,Federal Contract Tower,49,11,24,2,86,0,6,32,1,39,49,17,56,3,125,4,2,6,131
11/13/2020,EYW,FL,ASO,ES,Federal Contract Tower,52,17,46,0,115,0,0,47,0,47,52,17,93,0,162,2,0,2,164
11/14/2020,EYW,FL,ASO,ES,Federal Contract Tower,46,12,34,2,94,0,6,63,0,69,46,18,97,2,163,12,0,12,175
11/15/2020,EYW,FL,ASO,ES,Federal Contract Tower,53,19,33,0,105,0,2,80,2,84,53,21,113,2,189,12,0,12,201
11/16/2020,EYW,FL,ASO,ES,Federal Contract Tower,49,6,28,0,83,0,0,53,0,53,49,6,81,0,136,2,0,2,138
11/17/2020,EYW,FL,ASO,ES,Federal Contract Tower,23,12,27,3,65,0,0,32,1,33,23,12,59,4,98,0,2,2,100
11/18/2020,EYW,FL,ASO,ES,Federal Contract Tower,37,13,17,0,67,0,0,21,0,21,37,13,38,0,88,10,0,10,98
11/19/2020,EYW,FL,ASO,ES,Federal Contract Tower,54,14,30,0,98,0,1,20,0,21,54,15,50,0,119,2,0,2,121
11/20/2020,EYW,FL,ASO,ES,Federal Contract Tower,55,13,37,0,105,0,4,38,0,42,55,17,75,0,147,0,0,0,147
11/21/2020,EYW,FL,ASO,ES,Federal Contract Tower,49,12,36,0,97,0,7,47,0,54,49,19,83,0,151,0,0,0,151
11/22/2020,EYW,FL,ASO,ES,Federal Contract Tower,55,14,36,0,105,0,4,59,0,63,55,18,95,0,168,6,0,6,174
11/23/2020,EYW,FL,ASO,ES,Federal Contract Tower,44,10,35,0,89,0,2,41,0,43,44,12,76,0,132,4,0,4,136
11/24/2020,EYW,FL,ASO,ES,Federal Contract Tower,37,16,28,0,81,0,0,59,0,59,37,16,87,0,140,10,0,10,150
11/25/2020,EYW,FL,ASO,ES,Federal Contract Tower,45,25,32,0,102,0,8,51,0,59,45,33,83,0,161,0,0,0,161
11/26/2020,EYW,FL,ASO,ES,Federal Contract Tower,29,11,7,0,47,0,5,58,0,63,29,16,65,0,110,6,0,6,116
11/27/2020,EYW,FL,ASO,ES,Federal Contract Tower,44,15,29,0,88,0,9,77,0,86,44,24,106,0,174,5,0,5,179
11/28/2020,EYW,FL,ASO,ES,Federal Contract Tower,48,13,37,0,98,0,1,77,0,78,48,14,114,0,176,0,0,0,176
11/29/2020,EYW,FL,ASO,ES,Federal Contract Tower,56,16,57,0,129,0,0,106,0,106,56,16,163,0,235,0,0,0,235
11/30/2020,EYW,FL,ASO,ES,Federal Contract Tower,53,21,32,0,106,0,0,12,0,12,53,21,44,0,118,0,0,0,118
12/01/2020,EYW,FL,ASO,ES,Federal Contract Tower,27,11,16,0,54,0,1,21,0,22,27,12,37,0,76,8,0,8,84
12/02/2020,EYW,FL,ASO,ES,Federal Contract Tower,39,20,18,0,77,0,1,37,0,38,39,21,55,0,115,0,0,0,115
12/03/2020,EYW,FL,ASO,ES,Federal Contract Tower,54,17,46,0,117,0,2,55,5,62,54,19,101,5,179,0,0,0,179
12/04/2020,EYW,FL,ASO,ES,Federal Contract Tower,53,13,21,0,87,0,3,52,0,55,53,16,73,0,142,10,0,10,152
12/05/2020,EYW,FL,ASO,ES,Federal Contract Tower,44,14,34,0,92,0,0,60,0,60,44,14,94,0,152,4,0,4,156
12/07/2020,EYW,FL,ASO,ES,Federal Contract Tower,48,11,14,0,73,0,3,7,0,10,48,14,21,0,83,0,0,0,83
12/08/2020,EYW,FL,ASO,ES,Federal Contract Tower,24,18,22,0,64,0,3,19,0,22,24,21,41,0,86,4,2,6,92
12/09/2020,EYW,FL,ASO,ES,Federal Contract Tower,39,12,13,0,64,0,2,61,0,63,39,14,74,0,127,84,2,86,213
12/10/2020,EYW,FL,ASO,ES,Federal Contract Tower,51,18,27,0,96,0,4,53,0,57,51,22,80,0,153,6,0,6,159
12/11/2020,EYW,FL,ASO,ES,Federal Contract Tower,54,16,52,0,122,0,3,76,0,79,54,19,128,0,201,4,2,6,207
12/12/2020,EYW,FL,ASO,ES,Federal Contract Tower,50,10,24,0,84,0,0,56,0,56,50,10,80,0,140,2,0,2,142
12/13/2020,EYW,FL,ASO,ES,Federal Contract Tower,53,18,47,2,120,0,2,81,0,83,53,20,128,2,203,0,0,0,203
12/14/2020,EYW,FL,ASO,ES,Federal Contract Tower,50,14,30,4,98,0,0,31,0,31,50,14,61,4,129,12,0,12,141
12/15/2020,EYW,FL,ASO,ES,Federal Contract Tower,24,16,24,1,65,0,0,40,2,42,24,16,64,3,107,6,0,6,113
12/16/2020,EYW,FL,ASO,ES,Federal Contract Tower,39,11,26,0,76,0,4,27,4,35,39,15,53,4,111,4,0,4,115
12/17/2020,EYW,FL,ASO,ES,Federal Contract Tower,57,7,23,0,87,0,3,36,0,39,57,10,59,0,126,4,0,4,130
12/18/2020,EYW,FL,ASO,ES,Federal Contract Tower,67,12,36,0,115,0,4,59,0,63,67,16,95,0,178,2,5,7,185
12/19/2020,EYW,FL,ASO,ES,Federal Contract Tower,71,17,35,0,123,0,1,87,2,90,71,18,122,2,213,2,0,2,215
12/20/2020,EYW,FL,ASO,ES,Federal Contract Tower,69,10,38,1,118,0,4,63,0,67,69,14,101,1,185,14,0,14,199
12/21/2020,EYW,FL,ASO,ES,Federal Contract Tower,70,6,24,0,100,0,2,57,2,61,70,8,81,2,161,2,0,2,163
12/22/2020,EYW,FL,ASO,ES,Federal Contract Tower,69,16,23,2,110,0,0,69,0,69,69,16,92,2,179,10,0,10,189
12/23/2020,EYW,FL,ASO,ES,Federal Contract Tower,64,25,37,2,128,0,2,90,1,93,64,27,127,3,221,0,0,0,221
12/24/2020,EYW,FL,ASO,ES,Federal Contract Tower,47,13,12,0,72,0,1,59,0,60,47,14,71,0,132,10,0,10,142
12/25/2020,EYW,FL,ASO,ES,Federal Contract Tower,43,8,4,0,55,0,0,12,0,12,43,8,16,0,67,2,0,2,69
12/26/2020,EYW,FL,ASO,ES,Federal Contract Tower,67,40,76,0,183,0,2,107,0,109,67,42,183,0,292,0,0,0,292
12/27/2020,EYW,FL,ASO,ES,Federal Contract Tower,75,19,71,0,165,0,2,131,0,133,75,21,202,0,298,0,0,0,298
12/28/2020,EYW,FL,ASO,ES,Federal Contract Tower,67,12,56,0,135,0,2,71,0,73,67,14,127,0,208,4,0,4,212
12/29/2020,EYW,FL,ASO,ES,Federal Contract Tower,68,22,55,0,145,0,3,85,0,88,68,25,140,0,233,8,0,8,241
12/30/2020,EYW,FL,ASO,ES,Federal Contract Tower,63,15,78,0,156,0,3,64,0,67,63,18,142,0,223,0,0,0,223
12/31/2020,EYW,FL,ASO,ES,Federal Contract Tower,50,14,37,0,101,0,5,49,3,57,50,19,86,3,158,0,0,0,158
01/01/2021,EYW,FL,ASO,ES,Federal Contract Tower,60,19,40,0,119,0,1,55,0,56,60,20,95,0,175,0,0,0,175
01/02/2021,EYW,FL,ASO,ES,Federal Contract Tower,69,21,73,0,163,0,2,75,0,77,69,23,148,0,240,4,0,4,244
01/03/2021,EYW,FL,ASO,ES,Federal Contract Tower,73,26,88,0,187,0,4,70,2,76,73,30,158,2,263,18,4,22,285
01/04/2021,EYW,FL,ASO,ES,Federal Contract Tower,59,19,45,0,123,0,4,51,0,55,59,23,96,0,178,6,0,6,184
01/05/2021,EYW,FL,ASO,ES,Federal Contract Tower,50,17,35,0,102,0,0,79,0,79,50,17,114,0,181,2,0,2,183
01/06/2021,EYW,FL,ASO,ES,Federal Contract Tower,43,20,32,0,95,0,2,60,0,62,43,22,92,0,157,4,0,4,161
01/07/2021,EYW,FL,ASO,ES,Federal Contract Tower,60,16,33,0,109,0,0,45,0,45,60,16,78,0,154,4,0,4,158
01/08/2021,EYW,FL,ASO,ES,Federal Contract Tower,67,22,29,2,120,0,5,56,0,61,67,27,85,2,181,0,0,0,181
01/09/2021,EYW,FL,ASO,ES,Federal Contract Tower,58,22,40,0,120,1,2,62,0,65,59,24,102,0,185,6,0,6,191
01/10/2021,EYW,FL,ASO,ES,Federal Contract Tower,77,12,42,1,132,0,5,62,0,67,77,17,104,1,199,2,0,2,201
01/11/2021,EYW,FL,ASO,ES,Federal Contract Tower,58,17,32,0,107,0,2,42,1,45,58,19,74,1,152,18,0,18,170
01/12/2021,EYW,FL,ASO,ES,Federal Contract Tower,40,11,26,0,77,0,4,37,0,41,40,15,63,0,118,28,0,28,146
01/13/2021,EYW,FL,ASO,ES,Federal Contract Tower,42,19,32,2,95,0,3,32,0,35,42,22,64,2,130,6,0,6,136
01/14/2021,EYW,FL,ASO,ES,Federal Contract Tower,68,22,51,0,141,0,2,22,0,24,68,24,73,0,165,0,0,0,165
01/15/2021,EYW,FL,ASO,ES,Federal Contract Tower,62,21,33,1,117,0,9,79,1,89,62,30,112,2,206,36,6,42,248
01/16/2021,EYW,FL,ASO,ES,Federal Contract Tower,57,11,38,0,106,0,1,61,0,62,57,12,99,0,168,0,0,0,168
01/17/2021,EYW,FL,ASO,ES,Federal Contract Tower,60,20,40,2,122,0,0,109,0,109,60,20,149,2,231,8,0,8,239
01/18/2021,EYW,FL,ASO,ES,Federal Contract Tower,63,17,58,0,138,0,6,52,0,58,63,23,110,0,196,8,0,8,204
01/19/2021,EYW,FL,ASO,ES,Federal Contract Tower,45,13,35,0,93,0,2,41,0,43,45,15,76,0,136,0,0,0,136
01/20/2021,EYW,FL,ASO,ES,Federal Contract Tower,51,15,23,0,89,0,9,46,0,55,51,24,69,0,144,12,0,12,156
01/21/2021,EYW,FL,ASO,ES,Federal Contract Tower,60,22,27,1,110,0,6,55,5,66,60,28,82,6,176,16,0,16,192
01/22/2021,EYW,FL,ASO,ES,Federal Contract Tower,62,21,60,0,143,0,2,98,0,100,62,23,158,0,243,0,0,0,243
01/23/2021,EYW,FL,ASO,ES,Federal Contract Tower,58,12,38,2,110,0,1,75,0,76,58,13,113,2,186,8,0,8,194
01/24/2021,EYW,FL,ASO,ES,Federal Contract Tower,67,3,51,0,121,0,3,89,1,93,67,6,140,1,214,2,0,2,216
01/25/2021,EYW,FL,ASO,ES,Federal Contract Tower,60,7,49,0,116,0,4,43,0,47,60,11,92,0,163,0,0,0,163
01/26/2021,EYW,FL,ASO,ES,Federal Contract Tower,44,12,33,4,93,0,2,49,3,54,44,14,82,7,147,6,0,6,153
01/27/2021,EYW,FL,ASO,ES,Federal Contract Tower,46,10,27,1,84,0,6,50,8,64,46,16,77,9,148,24,0,24,172
01/28/2021,EYW,FL,ASO,ES,Federal Contract Tower,67,19,38,1,125,0,6,25,5,36,67,25,63,6,161,2,0,2,163
01/29/2021,EYW,FL,ASO,ES,Federal Contract Tower,58,21,43,1,123,1,9,79,0,89,59,30,122,1,212,0,4,4,216
01/30/2021,EYW,FL,ASO,ES,Federal Contract Tower,56,9,38,1,104,0,0,91,0,91,56,9,129,1,195,2,0,2,197
01/31/2021,EYW,FL,ASO,ES,Federal Contract Tower,67,20,81,0,168,0,2,107,0,109,67,22,188,0,277,0,0,0,277
02/01/2021,EYW,FL,ASO,ES,Federal Contract Tower,55,16,32,2,105,0,0,7,0,7,55,16,39,2,112,2,0,2,114
02/02/2021,EYW,FL,ASO,ES,Federal Contract Tower,40,14,22,0,76,0,3,9,0,12,40,17,31,0,88,0,0,0,88
02/03/2021,EYW,FL,ASO,ES,Federal Contract Tower,44,16,32,0,92,0,2,55,0,57,44,18,87,0,149,0,0,0,149
02/04/2021,EYW,FL,ASO,ES,Federal Contract Tower,59,19,42,0,120,0,6,70,0,76,59,25,112,0,196,40,0,40,236
02/05/2021,EYW,FL,ASO,ES,Federal Contract Tower,57,11,60,0,128,0,2,82,0,84,57,13,142,0,212,4,0,4,216
02/06/2021,EYW,FL,ASO,ES,Federal Contract Tower,59,6,55,0,120,0,4,66,0,70,59,10,121,0,190,14,0,14,204
02/07/2021,EYW,FL,ASO,ES,Federal Contract Tower,59,25,51,0,135,0,0,37,0,37,59,25,88,0,172,0,0,0,172
02/08/2021,EYW,FL,ASO,ES,Federal Contract Tower,62,15,56,2,135,0,1,45,0,46,62,16,101,2,181,20,0,20,201
02/09/2021,EYW,FL,ASO,ES,Federal Contract Tower,43,16,36,0,95,0,5,62,0,67,43,21,98,0,162,0,0,0,162
02/10/2021,EYW,FL,ASO,ES,Federal Contract Tower,58,26,36,1,121,0,5,77,3,85,58,31,113,4,206,0,0,0,206
02/11/2021,EYW,FL,ASO,ES,Federal Contract Tower,68,31,54,1,154,0,7,85,0,92,68,38,139,1,246,0,0,0,246
02/12/2021,EYW,FL,ASO,ES,Federal Contract Tower,66,20,85,4,175,0,2,60,0,62,66,22,145,4,237,0,0,0,237
02/13/2021,EYW,FL,ASO,ES,Federal Contract Tower,65,26,48,0,139,0,5,86,0,91,65,31,134,0,230,10,0,10,240
02/14/2021,EYW,FL,ASO,ES,Federal Contract Tower,71,17,57,0,145,0,11,116,0,127,71,28,173,0,272,2,0,2,274
02/15/2021,EYW,FL,ASO,ES,Federal Contract Tower,63,21,66,0,150,0,2,88,0,90,63,23,154,0,240,0,0,0,240
02/16/2021,EYW,FL,ASO,ES,Federal Contract Tower,45,14,39,0,98,0,0,19,0,19,45,14,58,0,117,6,0,6,123
02/17/2021,EYW,FL,ASO,ES,Federal Contract Tower,43,18,58,0,119,0,8,93,0,101,43,26,151,0,220,0,0,0,220
02/18/2021,EYW,FL,ASO,ES,Federal Contract Tower,59,20,50,1,130,0,8,100,0,108,59,28,150,1,238,30,0,30,268
02/20/2021,EYW,FL,ASO,ES,Federal Contract Tower,66,20,58,7,151,0,2,65,0,67,66,22,123,7,218,0,0,0,218
02/21/2021,EYW,FL,ASO,ES,Federal Contract Tower,72,17,63,0,152,0,3,69,0,72,72,20,132,0,224,0,0,0,224
02/22/2021,EYW,FL,ASO,ES,Federal Contract Tower,67,19,50,0,136,0,3,32,0,35,67,22,82,0,171,0,0,0,171
02/23/2021,EYW,FL,ASO,ES,Federal Contract Tower,49,19,32,0,100,0,5,57,0,62,49,24,89,0,162,18,0,18,180
02/24/2021,EYW,FL,ASO,ES,Federal Contract Tower,48,24,41,2,115,0,8,79,0,87,48,32,120,2,202,8,0,8,210
02/25/2021,EYW,FL,ASO,ES,Federal Contract Tower,71,37,54,0,162,0,8,106,0,114,71,45,160,0,276,28,0,28,304
02/26/2021,EYW,FL,ASO,ES,Federal Contract Tower,66,23,62,0,151,0,1,123,0,124,66,24,185,0,275,2,1,3,278
02/27/2021,EYW,FL,ASO,ES,Federal Contract Tower,66,22,60,1,149,0,3,141,7,151,66,25,201,8,300,14,0,14,314
02/28/2021,EYW,FL,ASO,ES,Federal Contract Tower,71,41,98,1,211,0,2,130,0,132,71,43,228,1,343,8,0,8,351
03/01/2021,EYW,FL,ASO,ES,Federal Contract Tower,66,20,38,2,126,0,1,56,7,64,66,21,94,9,190,18,0,18,208
03/02/2021,EYW,FL,ASO,ES,Federal Contract Tower,48,12,44,3,107,0,0,45,11,56,48,12,89,14,163,38,0,38,201
03/03/2021,EYW,FL,ASO,ES,Federal Contract Tower,54,20,41,1,116,0,14,57,3,74,54,34,98,4,190,20,0,20,210
03/04/2021,EYW,FL,ASO,ES,Federal Contract Tower,72,20,49,0,141,0,10,72,1,83,72,30,121,1,224,0,0,0,224
03/05/2021,EYW,FL,ASO,ES,Federal Contract Tower,71,24,61,8,164,0,1,109,0,110,71,25,170,8,274,0,0,0,274
03/06/2021,EYW,FL,ASO,ES,Federal Contract Tower,79,19,41,0,139,0,2,77,2,81,79,21,118,2,220,0,0,0,220
03/07/2021,EYW,FL,ASO,ES,Federal Contract Tower,81,32,79,0,192,0,6,104,2,112,81,38,183,2,304,0,0,0,304
03/08/2021,EYW,FL,ASO,ES,Federal Contract Tower,77,23,39,2,141,0,1,25,2,28,77,24,64,4,169,0,0,0,169
03/09/2021,EYW,FL,ASO,ES,Federal Contract Tower,63,13,25,1,102,0,2,19,2,23,63,15,44,3,125,0,0,0,125
03/10/2021,EYW,FL,ASO,ES,Federal Contract Tower,62,13,29,0,104,0,11,57,0,68,62,24,86,0,172,2,0,2,174
03/11/2021,EYW,FL,ASO,ES,Federal Contract Tower,81,12,43,0,136,0,1,63,0,64,81,13,106,0,200,8,0,8,208
03/12/2021,EYW,FL,ASO,ES,Federal Contract Tower,77,18,57,0,152,0,0,77,0,77,77,18,134,0,229,0,0,0,229
03/13/2021,EYW,FL,ASO,ES,Federal Contract Tower,85,23,60,2,170,0,1,80,0,81,85,24,140,2,251,8,0,8,259
03/14/2021,EYW,FL,ASO,ES,Federal Contract Tower,81,14,71,0,166,0,5,134,0,139,81,19,205,0,305,0,0,0,305
03/15/2021,EYW,FL,ASO,ES,Federal Contract Tower,71,24,29,0,124,0,2,60,0,62,71,26,89,0,186,10,0,10,196
03/16/2021,EYW,FL,ASO,ES,Federal Contract Tower,65,19,34,0,118,0,1,68,0,69,65,20,102,0,187,32,0,32,219
03/17/2021,EYW,FL,ASO,ES,Federal Contract Tower,62,21,40,0,123,0,7,98,3,108,62,28,138,3,231,0,0,0,231
03/18/2021,EYW,FL,ASO,ES,Federal Contract Tower,74,30,45,0,149,0,2,71,0,73,74,32,116,0,222,10,0,10,232
03/19/2021,EYW,FL,ASO,ES,Federal Contract Tower,74,22,57,0,153,0,2,44,0,46,74,24,101,0,199,0,0,0,199
03/20/2021,EYW,FL,ASO,ES,Federal Contract Tower,80,26,62,0,168,0,4,89,0,93,80,30,151,0,261,0,0,0,261
03/21/2021,EYW,FL,ASO,ES,Federal Contract Tower,85,16,62,0,163,0,3,71,0,74,85,19,133,0,237,0,0,0,237
03/22/2021,EYW,FL,ASO,ES,Federal Contract Tower,72,22,37,2,133,0,9,49,0,58,72,31,86,2,191,0,0,0,191
03/23/2021,EYW,FL,ASO,ES,Federal Contract Tower,61,24,25,1,111,0,4,68,0,72,61,28,93,1,183,16,0,16,199
03/24/2021,EYW,FL,ASO,ES,Federal Contract Tower,62,25,42,0,129,0,10,94,0,104,62,35,136,0,233,0,0,0,233
03/25/2021,EYW,FL,ASO,ES,Federal Contract Tower,82,25,49,0,156,0,7,85,0,92,82,32,134,0,248,0,0,0,248
03/26/2021,EYW,FL,ASO,ES,Federal Contract Tower,76,19,66,2,163,0,4,84,0,88,76,23,150,2,251,36,8,44,295
03/27/2021,EYW,FL,ASO,ES,Federal Contract Tower,81,22,60,2,165,0,4,98,0,102,81,26,158,2,267,0,0,0,267
03/28/2021,EYW,FL,ASO,ES,Federal Contract Tower,81,24,74,0,179,0,4,123,0,127,81,28,197,0,306,0,0,0,306
03/29/2021,EYW,FL,ASO,ES,Federal Contract Tower,72,22,43,0,137,0,2,69,0,71,72,24,112,0,208,20,0,20,228
03/30/2021,EYW,FL,ASO,ES,Federal Contract Tower,63,13,15,2,93,0,6,55,0,61,63,19,70,2,154,32,0,32,186
03/31/2021,EYW,FL,ASO,ES,Federal Contract Tower,71,26,40,0,137,0,5,72,0,77,71,31,112,0,214,4,0,4,218
04/01/2021,EYW,FL,ASO,ES,Federal Contract Tower,72,29,39,0,140,0,7,65,0,72,72,36,104,0,212,2,0,2,214
04/02/2021,EYW,FL,ASO,ES,Federal Contract Tower,77,23,31,0,131,0,2,23,0,25,77,25,54,0,156,0,0,0,156
04/03/2021,EYW,FL,ASO,ES,Federal Contract Tower,80,17,50,0,147,0,2,37,0,39,80,19,87,0,186,0,0,0,186
04/04/2021,EYW,FL,ASO,ES,Federal Contract Tower,85,20,43,0,148,0,2,47,2,51,85,22,90,2,199,0,0,0,199
04/05/2021,EYW,FL,ASO,ES,Federal Contract Tower,78,21,39,0,138,0,3,67,0,70,78,24,106,0,208,0,0,0,208
04/06/2021,EYW,FL,ASO,ES,Federal Contract Tower,64,15,37,0,116,0,5,43,3,51,64,20,80,3,167,16,0,16,183
04/07/2021,EYW,FL,ASO,ES,Federal Contract Tower,68,31,40,0,139,0,9,78,0,87,68,40,118,0,226,24,0,24,250
04/08/2021,EYW,FL,ASO,ES,Federal Contract Tower,72,19,34,0,125,0,6,82,0,88,72,25,116,0,213,4,0,4,217
04/09/2021,EYW,FL,ASO,ES,Federal Contract Tower,85,20,35,0,140,0,2,106,1,109,85,22,141,1,249,2,0,2,251
04/10/2021,EYW,FL,ASO,ES,Federal Contract Tower,80,23,49,0,152,0,4,78,0,82,80,27,127,0,234,0,0,0,234
04/11/2021,EYW,FL,ASO,ES,Federal Contract Tower,36,25,45,0,106,0,4,70,0,74,36,29,115,0,180,18,0,18,198
04/12/2021,EYW,FL,ASO,ES,Federal Contract Tower,87,30,47,0,164,0,4,41,1,46,87,34,88,1,210,26,0,26,236
04/13/2021,EYW,FL,ASO,ES,Federal Contract Tower,68,11,30,0,109,0,4,65,2,71,68,15,95,2,180,26,2,28,208
04/14/2021,EYW,FL,ASO,ES,Federal Contract Tower,67,19,43,0,129,0,1,79,0,80,67,20,122,0,209,6,0,6,215
04/15/2021,EYW,FL,ASO,ES,Federal Contract Tower,80,27,55,1,163,0,7,79,3,89,80,34,134,4,252,16,0,16,268
04/16/2021,EYW,FL,ASO,ES,Federal Contract Tower,79,18,61,0,158,0,4,78,2,84,79,22,139,2,242,0,0,0,242
04/17/2021,EYW,FL,ASO,ES,Federal Contract Tower,77,13,42,0,132,0,4,87,0,91,77,17,129,0,223,0,8,8,231
04/18/2021,EYW,FL,ASO,ES,Federal Contract Tower,88,26,74,0,188,0,5,97,0,102,88,31,171,0,290,6,0,6,296
04/19/2021,EYW,FL,ASO,ES,Federal Contract Tower,80,24,38,0,142,0,4,36,0,40,80,28,74,0,182,0,0,0,182
04/20/2021,EYW,FL,ASO,ES,Federal Contract Tower,71,14,37,0,122,0,0,30,0,30,71,14,67,0,152,18,0,18,170
04/21/2021,EYW,FL,ASO,ES,Federal Contract Tower,68,10,36,1,115,0,6,37,0,43,68,16,73,1,158,16,0,16,174
04/22/2021,EYW,FL,ASO,ES,Federal Contract Tower,84,28,40,0,152,0,6,111,0,117,84,34,151,0,269,24,0,24,293
04/23/2021,EYW,FL,ASO,ES,Federal Contract Tower,81,21,44,0,146,0,6,100,0,106,81,27,144,0,252,4,0,4,256
04/24/2021,EYW,FL,ASO,ES,Federal Contract Tower,78,16,35,0,129,0,3,92,0,95,78,19,127,0,224,4,0,4,228
04/25/2021,EYW,FL,ASO,ES,Federal Contract Tower,85,25,58,0,168,0,3,121,0,124,85,28,179,0,292,12,0,12,304
04/26/2021,EYW,FL,ASO,ES,Federal Contract Tower,78,30,31,0,139,0,6,65,0,71,78,36,96,0,210,2,0,2,212
04/27/2021,EYW,FL,ASO,ES,Federal Contract Tower,65,25,28,0,118,0,6,51,0,57,65,31,79,0,175,18,0,18,193
04/28/2021,EYW,FL,ASO,ES,Federal Contract Tower,66,22,42,0,130,0,1,85,2,88,66,23,127,2,218,2,0,2,220
04/29/2021,EYW,FL,ASO,ES,Federal Contract Tower,82,28,25,0,135,0,0,78,0,78,82,28,103,0,213,0,0,0,213
04/30/2021,EYW,FL,ASO,ES,Federal Contract Tower,77,20,41,4,142,0,2,84,0,86,77,22,125,4,228,2,0,2,230
05/01/2021,EYW,FL,ASO,ES,Federal Contract Tower,78,27,34,0,139,0,2,104,0,106,78,29,138,0,245,0,0,0,245
05/02/2021,EYW,FL,ASO,ES,Federal Contract Tower,85,32,82,0,199,0,5,87,0,92,85,37,169,0,291,0,0,0,291
05/03/2021,EYW,FL,ASO,ES,Federal Contract Tower,74,11,38,0,123,0,0,62,0,62,74,11,100,0,185,22,0,22,207
05/04/2021,EYW,FL,ASO,ES,Federal Contract Tower,65,14,40,1,120,0,1,71,1,73,65,15,111,2,193,22,0,22,215
05/05/2021,EYW,FL,ASO,ES,Federal Contract Tower,70,22,46,0,138,0,8,77,0,85,70,30,123,0,223,8,0,8,231
05/06/2021,EYW,FL,ASO,ES,Federal Contract Tower,74,21,62,0,157,0,0,84,0,84,74,21,146,0,241,72,0,72,313
05/07/2021,EYW,FL,ASO,ES,Federal Contract Tower,77,22,39,2,140,0,1,76,0,77,77,23,115,2,217,0,0,0,217
05/08/2021,EYW,FL,ASO,ES,Federal Contract Tower,75,22,35,0,132,0,1,103,0,104,75,23,138,0,236,18,0,18,254
05/09/2021,EYW,FL,ASO,ES,Federal Contract Tower,78,16,48,0,142,0,7,102,0,109,78,23,150,0,251,0,0,0,251
05/10/2021,EYW,FL,ASO,ES,Federal Contract Tower,72,23,46,0,141,0,4,69,0,73,72,27,115,0,214,0,0,0,214
05/11/2021,EYW,FL,ASO,ES,Federal Contract Tower,64,14,31,0,109,0,6,63,0,69,64,20,94,0,178,52,0,52,230
05/12/2021,EYW,FL,ASO,ES,Federal Contract Tower,67,28,30,0,125,0,1,46,0,47,67,29,76,0,172,0,0,0,172
05/13/2021,EYW,FL,ASO,ES,Federal Contract Tower,78,16,46,0,140,0,11,65,0,76,78,27,111,0,216,4,0,4,220
05/14/2021,EYW,FL,ASO,ES,Federal Contract Tower,75,17,47,3,142,0,2,69,0,71,75,19,116,3,213,8,2,10,223
05/15/2021,EYW,FL,ASO,ES,Federal Contract Tower,74,25,38,0,137,0,5,78,0,83,74,30,116,0,220,0,0,0,220
05/16/2021,EYW,FL,ASO,ES,Federal Contract Tower,67,11,48,2,128,0,4,109,0,113,67,15,157,2,241,0,0,0,241
05/17/2021,EYW,FL,ASO,ES,Federal Contract Tower,74,14,36,2,126,0,2,79,2,83,74,16,115,4,209,0,0,0,209
05/18/2021,EYW,FL,ASO,ES,Federal Contract Tower,68,8,16,4,96,0,5,67,0,72,68,13,83,4,168,16,0,16,184
05/19/2021,EYW,FL,ASO,ES,Federal Contract Tower,67,16,27,0,110,0,9,12,0,21,67,25,39,0,131,0,0,0,131
05/20/2021,EYW,FL,ASO,ES,Federal Contract Tower,77,14,32,0,123,0,4,16,2,22,77,18,48,2,145,0,0,0,145
05/21/2021,EYW,FL,ASO,ES,Federal Contract Tower,75,13,32,1,121,0,10,26,1,37,75,23,58,2,158,0,0,0,158
05/22/2021,EYW,FL,ASO,ES,Federal Contract Tower,75,8,23,0,106,0,6,87,0,93,75,14,110,0,199,0,0,0,199
05/23/2021,EYW,FL,ASO,ES,Federal Contract Tower,80,14,44,0,138,0,6,106,0,112,80,20,150,0,250,2,0,2,252
05/24/2021,EYW,FL,ASO,ES,Federal Contract Tower,71,13,44,2,130,0,2,49,3,54,71,15,93,5,184,24,0,24,208
05/25/2021,EYW,FL,ASO,ES,Federal Contract Tower,67,16,35,0,118,0,0,77,4,81,67,16,112,4,199,24,0,24,223
05/26/2021,EYW,FL,ASO,ES,Federal Contract Tower,68,17,27,0,112,0,1,117,0,118,68,18,144,0,230,20,16,36,266
05/27/2021,EYW,FL,ASO,ES,Federal Contract Tower,76,12,51,0,139,0,0,72,6,78,76,12,123,6,217,30,0,30,247
05/28/2021,EYW,FL,ASO,ES,Federal Contract Tower,83,21,62,0,166,0,1,104,4,109,83,22,166,4,275,4,0,4,279
05/29/2021,EYW,FL,ASO,ES,Federal Contract Tower,76,4,16,1,97,0,4,83,0,87,76,8,99,1,184,40,0,40,224
05/30/2021,EYW,FL,ASO,ES,Federal Contract Tower,82,13,22,2,119,0,2,91,0,93,82,15,113,2,212,40,0,40,252
05/31/2021,EYW,FL,ASO,ES,Federal Contract Tower,74,9,52,1,136,0,10,76,0,86,74,19,128,1,222,6,0,6,228
06/01/2021,EYW,FL,ASO,ES,Federal Contract Tower,69,7,26,1,103,0,4,58,0,62,69,11,84,1,165,36,4,40,205
06/02/2021,EYW,FL,ASO,ES,Federal Contract Tower,71,11,36,0,118,0,1,39,0,40,71,12,75,0,158,2,0,2,160
06/03/2021,EYW,FL,ASO,ES,Federal Contract Tower,73,14,27,0,114,0,1,48,2,51,73,15,75,2,165,0,0,0,165
06/04/2021,EYW,FL,ASO,ES,Federal Contract Tower,79,28,33,0,140,0,2,81,0,83,79,30,114,0,223,0,0,0,223
06/05/2021,EYW,FL,ASO,ES,Federal Contract Tower,73,13,31,0,117,0,0,85,0,85,73,13,116,0,202,8,2,10,212
06/06/2021,EYW,FL,ASO,ES,Federal Contract Tower,76,21,41,0,138,0,1,96,2,99,76,22,137,2,237,4,0,4,241
06/07/2021,EYW,FL,ASO,ES,Federal Contract Tower,76,15,28,0,119,0,4,50,0,54,76,19,78,0,173,30,0,30,203
06/08/2021,EYW,FL,ASO,ES,Federal Contract Tower,68,10,22,6,106,0,2,63,0,65,68,12,85,6,171,2,0,2,173
06/09/2021,EYW,FL,ASO,ES,Federal Contract Tower,71,18,25,1,115,0,5,58,0,63,71,23,83,1,178,6,0,6,184
06/10/2021,EYW,FL,ASO,ES,Federal Contract Tower,80,20,33,0,133,0,3,80,3,86,80,23,113,3,219,32,0,32,251
06/11/2021,EYW,FL,ASO,ES,Federal Contract Tower,77,26,30,0,133,0,4,62,0,66,77,30,92,0,199,28,0,28,227
06/12/2021,EYW,FL,ASO,ES,Federal Contract Tower,74,13,29,0,116,0,2,69,2,73,74,15,98,2,189,16,0,16,205
06/13/2021,EYW,FL,ASO,ES,Federal Contract Tower,79,20,43,0,142,0,2,67,0,69,79,22,110,0,211,14,0,14,225
06/14/2021,EYW,FL,ASO,ES,Federal Contract Tower,77,10,32,2,121,0,3,53,0,56,77,13,85,2,177,0,0,0,177
06/15/2021,EYW,FL,ASO,ES,Federal Contract Tower,74,10,35,0,119,0,0,67,3,70,74,10,102,3,189,0,0,0,189
06/16/2021,EYW,FL,ASO,ES,Federal Contract Tower,75,21,24,0,120,0,6,19,0,25,75,27,43,0,145,0,0,0,145
06/17/2021,EYW,FL,ASO,ES,Federal Contract Tower,81,22,28,0,131,0,9,24,0,33,81,31,52,0,164,24,0,24,188
06/18/2021,EYW,FL,ASO,ES,Federal Contract Tower,76,15,45,0,136,0,2,72,0,74,76,17,117,0,210,0,0,0,210
06/19/2021,EYW,FL,ASO,ES,Federal Contract Tower,78,10,32,0,120,0,3,66,2,71,78,13,98,2,191,0,0,0,191
06/20/2021,EYW,FL,ASO,ES,Federal Contract Tower,78,16,33,0,127,0,2,70,0,72,78,18,103,0,199,0,0,0,199
06/21/2021,EYW,FL,ASO,ES,Federal Contract Tower,67,11,22,3,103,0,0,54,0,54,67,11,76,3,157,42,0,42,199
06/22/2021,EYW,FL,ASO,ES,Federal Contract Tower,73,10,31,2,116,0,1,60,0,61,73,11,91,2,177,18,0,18,195
06/23/2021,EYW,FL,ASO,ES,Federal Contract Tower,77,11,20,1,109,0,2,44,0,46,77,13,64,1,155,0,0,0,155
06/24/2021,EYW,FL,ASO,ES,Federal Contract Tower,75,11,41,0,127,0,1,37,2,40,75,12,78,2,167,4,0,4,171
06/25/2021,EYW,FL,ASO,ES,Federal Contract Tower,77,15,38,0,130,0,5,29,0,34,77,20,67,0,164,8,0,8,172
06/26/2021,EYW,FL,ASO,ES,Federal Contract Tower,77,16,28,2,123,0,1,45,0,46,77,17,73,2,169,18,0,18,187
06/27/2021,EYW,FL,ASO,ES,Federal Contract Tower,81,14,40,2,137,0,4,69,1,74,81,18,109,3,211,0,0,0,211
06/28/2021,EYW,FL,ASO,ES,Federal Contract Tower,75,10,18,0,103,0,6,30,3,39,75,16,48,3,142,0,0,0,142
06/29/2021,EYW,FL,ASO,ES,Federal Contract Tower,73,13,7,0,93,0,7,10,1,18,73,20,17,1,111,0,0,0,111
06/30/2021,EYW,FL,ASO,ES,Federal Contract Tower,74,10,20,0,104,0,1,41,0,42,74,11,61,0,146,0,0,0,146
07/01/2021,EYW,FL,ASO,ES,Federal Contract Tower,76,18,38,0,132,0,2,31,0,33,76,20,69,0,165,12,0,12,177
07/02/2021,EYW,FL,ASO,ES,Federal Contract Tower,75,18,51,0,144,0,4,40,0,44,75,22,91,0,188,10,0,10,198
07/03/2021,EYW,FL,ASO,ES,Federal Contract Tower,75,14,29,0,118,0,0,43,0,43,75,14,72,0,161,14,0,14,175
07/04/2021,EYW,FL,ASO,ES,Federal Contract Tower,74,10,29,0,113,0,2,41,0,43,74,12,70,0,156,8,0,8,164
07/05/2021,EYW,FL,ASO,ES,Federal Contract Tower,64,7,27,0,98,0,0,6,0,6,64,7,33,0,104,0,0,0,104
07/07/2021,EYW,FL,ASO,ES,Federal Contract Tower,67,12,12,0,91,0,1,25,1,27,67,13,37,1,118,2,0,2,120
07/08/2021,EYW,FL,ASO,ES,Federal Contract Tower,75,19,21,0,115,0,0,36,0,36,75,19,57,0,151,24,0,24,175
07/09/2021,EYW,FL,ASO,ES,Federal Contract Tower,69,22,31,0,122,0,2,63,0,65,69,24,94,0,187,0,0,0,187
07/10/2021,EYW,FL,ASO,ES,Federal Contract Tower,71,9,23,0,103,0,1,27,0,28,71,10,50,0,131,0,0,0,131
07/11/2021,EYW,FL,ASO,ES,Federal Contract Tower,75,7,44,0,126,0,10,25,0,35,75,17,69,0,161,0,2,2,163
07/12/2021,EYW,FL,ASO,ES,Federal Contract Tower,65,19,21,0,105,0,5,18,0,23,65,24,39,0,128,0,0,0,128
07/13/2021,EYW,FL,ASO,ES,Federal Contract Tower,66,12,17,2,97,0,2,25,0,27,66,14,42,2,124,0,0,0,124
07/14/2021,EYW,FL,ASO,ES,Federal Contract Tower,68,12,25,0,105,0,4,37,0,41,68,16,62,0,146,0,0,0,146
07/15/2021,EYW,FL,ASO,ES,Federal Contract Tower,73,14,38,0,125,0,7,28,0,35,73,21,66,0,160,0,0,0,160
07/16/2021,EYW,FL,ASO,ES,Federal Contract Tower,62,16,43,1,122,0,4,64,8,76,62,20,107,9,198,2,0,2,200
07/17/2021,EYW,FL,ASO,ES,Federal Contract Tower,70,16,39,4,129,0,0,65,0,65,70,16,104,4,194,2,0,2,196
07/18/2021,EYW,FL,ASO,ES,Federal Contract Tower,72,5,39,3,119,0,2,74,0,76,72,7,113,3,195,0,0,0,195
07/19/2021,EYW,FL,ASO,ES,Federal Contract Tower,67,10,22,1,100,0,2,61,0,63,67,12,83,1,163,0,0,0,163
07/20/2021,EYW,FL,ASO,ES,Federal Contract Tower,65,20,34,0,119,0,6,28,0,34,65,26,62,0,153,0,0,0,153
07/21/2021,EYW,FL,ASO,ES,Federal Contract Tower,69,20,16,0,105,0,0,54,0,54,69,20,70,0,159,14,0,14,173
07/22/2021,EYW,FL,ASO,ES,Federal Contract Tower,74,8,25,0,107,0,0,56,0,56,74,8,81,0,163,2,0,2,165
07/23/2021,EYW,FL,ASO,ES,Federal Contract Tower,70,22,47,0,139,0,5,69,0,74,70,27,116,0,213,2,0,2,215
07/24/2021,EYW,FL,ASO,ES,Federal Contract Tower,73,11,32,0,116,0,2,59,0,61,73,13,91,0,177,2,0,2,179
07/25/2021,EYW,FL,ASO,ES,Federal Contract Tower,76,12,47,0,135,0,1,68,0,69,76,13,115,0,204,16,0,16,220
07/26/2021,EYW,FL,ASO,ES,Federal Contract Tower,65,14,18,0,97,0,4,44,0,48,65,18,62,0,145,6,0,6,151
07/27/2021,EYW,FL,ASO,ES,Federal Contract Tower,63,23,37,0,123,0,0,68,0,68,63,23,105,0,191,4,0,4,195
07/28/2021,EYW,FL,ASO,ES,Federal Contract Tower,71,12,28,0,111,0,6,41,0,47,71,18,69,0,158,6,0,6,164
07/29/2021,EYW,FL,ASO,ES,Federal Contract Tower,71,11,23,0,105,0,0,55,0,55,71,11,78,0,160,2,0,2,162
07/30/2021,EYW,FL,ASO,ES,Federal Contract Tower,65,12,38,0,115,0,3,79,0,82,65,15,117,0,197,0,0,0,197
07/31/2021,EYW,FL,ASO,ES,Federal Contract Tower,71,16,66,0,153,0,8,91,0,99,71,24,157,0,252,0,0,0,252
08/01/2021,EYW,FL,ASO,ES,Federal Contract Tower,71,14,59,0,144,0,6,102,0,108,71,20,161,0,252,0,0,0,252
08/02/2021,EYW,FL,ASO,ES,Federal Contract Tower,65,4,15,0,84,0,7,44,2,53,65,11,59,2,137,0,0,0,137
08/03/2021,EYW,FL,ASO,ES,Federal Contract Tower,62,15,27,0,104,0,1,38,0,39,62,16,65,0,143,0,0,0,143
08/04/2021,EYW,FL,ASO,ES,Federal Contract Tower,69,16,36,0,121,0,2,35,2,39,69,18,71,2,160,6,0,6,166
08/05/2021,EYW,FL,ASO,ES,Federal Contract Tower,72,13,52,0,137,0,3,30,0,33,72,16,82,0,170,0,0,0,170
08/06/2021,EYW,FL,ASO,ES,Federal Contract Tower,65,10,33,0,108,0,3,33,0,36,65,13,66,0,144,6,0,6,150
08/07/2021,EYW,FL,ASO,ES,Federal Contract Tower,69,8,36,0,113,0,0,48,0,48,69,8,84,0,161,0,0,0,161
08/08/2021,EYW,FL,ASO,ES,Federal Contract Tower,68,16,56,0,140,0,3,58,0,61,68,19,114,0,201,4,0,4,205
08/09/2021,EYW,FL,ASO,ES,Federal Contract Tower,68,11,27,0,106,0,1,32,0,33,68,12,59,0,139,10,0,10,149
08/10/2021,EYW,FL,ASO,ES,Federal Contract Tower,63,10,25,0,98,0,0,33,0,33,63,10,58,0,131,0,0,0,131
08/11/2021,EYW,FL,ASO,ES,Federal Contract Tower,67,15,16,0,98,0,0,53,4,57,67,15,69,4,155,2,0,2,157
08/12/2021,EYW,FL,ASO,ES,Federal Contract Tower,70,10,18,0,98,0,1,47,0,48,70,11,65,0,146,0,0,0,146
08/13/2021,EYW,FL,ASO,ES,Federal Contract Tower,69,9,26,0,104,0,2,15,0,17,69,11,41,0,121,0,0,0,121
08/14/2021,EYW,FL,ASO,ES,Federal Contract Tower,35,3,0,0,38,0,0,0,0,0,35,3,0,0,38,0,0,0,38
08/15/2021,EYW,FL,ASO,ES,Federal Contract Tower,71,5,17,0,93,0,4,13,0,17,71,9,30,0,110,0,0,0,110
08/16/2021,EYW,FL,ASO,ES,Federal Contract Tower,66,9,19,0,94,0,2,47,0,49,66,11,66,0,143,0,0,0,143
08/17/2021,EYW,FL,ASO,ES,Federal Contract Tower,51,12,23,0,86,0,2,52,0,54,51,14,75,0,140,0,0,0,140
08/18/2021,EYW,FL,ASO,ES,Federal Contract Tower,49,8,36,0,93,0,0,45,0,45,49,8,81,0,138,0,0,0,138
08/19/2021,EYW,FL,ASO,ES,Federal Contract Tower,59,14,29,0,102,0,2,65,0,67,59,16,94,0,169,0,4,4,173
08/20/2021,EYW,FL,ASO,ES,Federal Contract Tower,55,9,26,0,90,0,0,62,0,62,55,9,88,0,152,0,0,0,152
08/21/2021,EYW,FL,ASO,ES,Federal Contract Tower,56,12,26,0,94,0,0,31,0,31,56,12,57,0,125,0,0,0,125
08/22/2021,EYW,FL,ASO,ES,Federal Contract Tower,59,10,39,0,108,0,5,62,0,67,59,15,101,0,175,0,0,0,175
08/23/2021,EYW,FL,ASO,ES,Federal Contract Tower,51,7,19,0,77,0,0,51,0,51,51,7,70,0,128,0,0,0,128
08/24/2021,EYW,FL,ASO,ES,Federal Contract Tower,50,6,6,0,62,0,2,42,2,46,50,8,48,2,108,0,0,0,108
08/25/2021,EYW,FL,ASO,ES,Federal Contract Tower,49,8,20,0,77,0,0,29,2,31,49,8,49,2,108,0,0,0,108
08/26/2021,EYW,FL,ASO,ES,Federal Contract Tower,59,17,23,0,99,0,3,66,0,69,59,20,89,0,168,2,0,2,170
08/27/2021,EYW,FL,ASO,ES,Federal Contract Tower,58,13,28,2,101,0,0,47,0,47,58,13,75,2,148,0,0,0,148
08/28/2021,EYW,FL,ASO,ES,Federal Contract Tower,54,7,11,0,72,0,0,15,0,15,54,7,26,0,87,2,0,2,89
08/29/2021,EYW,FL,ASO,ES,Federal Contract Tower,59,7,31,0,97,0,7,47,1,55,59,14,78,1,152,0,0,0,152
08/30/2021,EYW,FL,ASO,ES,Federal Contract Tower,55,6,15,0,76,0,2,37,5,44,55,8,52,5,120,8,0,8,128
08/31/2021,EYW,FL,ASO,ES,Federal Contract Tower,49,11,17,0,77,0,1,50,0,51,49,12,67,0,128,0,0,0,128
09/01/2021,EYW,FL,ASO,ES,Federal Contract Tower,49,7,13,0,69,0,4,24,0,28,49,11,37,0,97,2,0,2,99
09/02/2021,EYW,FL,ASO,ES,Federal Contract Tower,55,11,28,0,94,0,7,16,0,23,55,18,44,0,117,2,0,2,119
09/03/2021,EYW,FL,ASO,ES,Federal Contract Tower,58,9,36,0,103,0,0,70,0,70,58,9,106,0,173,0,0,0,173
09/04/2021,EYW,FL,ASO,ES,Federal Contract Tower,59,5,18,0,82,0,0,73,0,73,59,5,91,0,155,0,0,0,155
09/05/2021,EYW,FL,ASO,ES,Federal Contract Tower,60,3,38,0,101,0,0,88,0,88,60,3,126,0,189,0,0,0,189
09/06/2021,EYW,FL,ASO,ES,Federal Contract Tower,56,9,50,0,115,0,3,49,0,52,56,12,99,0,167,0,0,0,167
09/07/2021,EYW,FL,ASO,ES,Federal Contract Tower,48,6,23,0,77,0,5,41,0,46,48,11,64,0,123,6,0,6,129
09/08/2021,EYW,FL,ASO,ES,Federal Contract Tower,35,13,22,0,70,0,0,36,0,36,35,13,58,0,106,4,0,4,110
09/09/2021,EYW,FL,ASO,ES,Federal Contract Tower,51,10,21,0,82,0,4,28,0,32,51,14,49,0,114,6,0,6,120
09/10/2021,EYW,FL,ASO,ES,Federal Contract Tower,49,4,28,0,81,0,1,47,0,48,49,5,75,0,129,0,0,0,129
09/11/2021,EYW,FL,ASO,ES,Federal Contract Tower,48,8,22,0,78,0,1,65,0,66,48,9,87,0,144,2,0,2,146
09/12/2021,EYW,FL,ASO,ES,Federal Contract Tower,50,7,33,0,90,0,1,44,0,45,50,8,77,0,135,0,0,0,135
09/13/2021,EYW,FL,ASO,ES,Federal Contract Tower,42,5,5,0,52,0,3,29,0,32,42,8,34,0,84,0,0,0,84
09/14/2021,EYW,FL,ASO,ES,Federal Contract Tower,36,4,7,0,47,0,6,29,0,35,36,10,36,0,82,0,0,0,82
09/15/2021,EYW,FL,ASO,ES,Federal Contract Tower,40,5,19,0,64,0,1,32,0,33,40,6,51,0,97,2,0,2,99
09/16/2021,EYW,FL,ASO,ES,Federal Contract Tower,49,10,14,0,73,0,13,47,0,60,49,23,61,0,133,52,0,52,185
09/17/2021,EYW,FL,ASO,ES,Federal Contract Tower,48,17,34,0,99,0,18,78,0,96,48,35,112,0,195,0,0,0,195
09/19/2021,EYW,FL,ASO,ES,Federal Contract Tower,51,12,45,0,108,0,0,47,0,47,51,12,92,0,155,2,0,2,157
09/20/2021,EYW,FL,ASO,ES,Federal Contract Tower,45,9,17,0,71,0,2,20,0,22,45,11,37,0,93,0,0,0,93
09/21/2021,EYW,FL,ASO,ES,Federal Contract Tower,36,6,10,0,52,0,3,28,0,31,36,9,38,0,83,0,0,0,83
09/23/2021,EYW,FL,ASO,ES,Federal Contract Tower,52,14,29,0,95,0,4,55,0,59,52,18,84,0,154,6,0,6,160
09/24/2021,EYW,FL,ASO,ES,Federal Contract Tower,49,11,37,0,97,0,0,82,0,82,49,11,119,0,179,4,0,4,183
09/25/2021,EYW,FL,ASO,ES,Federal Contract Tower,46,4,25,0,75,0,1,78,0,79,46,5,103,0,154,0,0,0,154
09/26/2021,EYW,FL,ASO,ES,Federal Contract Tower,50,9,42,0,101,0,7,83,0,90,50,16,125,0,191,0,0,0,191
09/27/2021,EYW,FL,ASO,ES,Federal Contract Tower,45,10,22,0,77,0,4,47,0,51,45,14,69,0,128,0,0,0,128
09/28/2021,EYW,FL,ASO,ES,Federal Contract Tower,37,8,9,0,54,0,7,31,2,40,37,15,40,2,94,0,0,0,94
09/29/2021,EYW,FL,ASO,ES,Federal Contract Tower,37,16,15,0,68,0,5,43,0,48,37,21,58,0,116,2,0,2,118
09/30/2021,EYW,FL,ASO,ES,Federal Contract Tower,45,18,32,0,95,0,8,53,0,61,45,26,85,0,156,0,0,0,156
10/01/2021,EYW,FL,ASO,ES,Federal Contract Tower,47,16,32,0,95,0,7,39,0,46,47,23,71,0,141,4,0,4,145
10/02/2021,EYW,FL,ASO,ES,Federal Contract Tower,48,7,26,0,81,0,2,63,0,65,48,9,89,0,146,2,0,2,148
10/03/2021,EYW,FL,ASO,ES,Federal Contract Tower,50,19,28,0,97,0,7,62,2,71,50,26,90,2,168,4,0,4,172
10/04/2021,EYW,FL,ASO,ES,Federal Contract Tower,42,4,33,0,79,0,2,47,0,49,42,6,80,0,128,6,0,6,134
10/05/2021,EYW,FL,ASO,ES,Federal Contract Tower,38,8,23,0,69,0,2,38,2,42,38,10,61,2,111,8,0,8,119
10/06/2021,EYW,FL,ASO,ES,Federal Contract Tower,41,14,19,0,74,0,0,34,0,34,41,14,53,0,108,2,0,2,110
10/07/2021,EYW,FL,ASO,ES,Federal Contract Tower,50,6,37,0,93,0,0,59,0,59,50,6,96,0,152,4,0,4,156
10/08/2021,EYW,FL,ASO,ES,Federal Contract Tower,45,11,47,0,103,0,12,63,0,75,45,23,110,0,178,2,0,2,180
10/09/2021,EYW,FL,ASO,ES,Federal Contract Tower,46,21,22,0,89,0,6,74,0,80,46,27,96,0,169,0,0,0,169
10/10/2021,EYW,FL,ASO,ES,Federal Contract Tower,51,9,45,0,105,0,3,62,0,65,51,12,107,0,170,2,0,2,172
10/11/2021,EYW,FL,ASO,ES,Federal Contract Tower,47,13,23,0,83,0,8,39,1,48,47,21,62,1,131,0,0,0,131
10/12/2021,EYW,FL,ASO,ES,Federal Contract Tower,41,10,15,0,66,0,2,48,0,50,41,12,63,0,116,0,0,0,116
10/13/2021,EYW,FL,ASO,ES,Federal Contract Tower,42,13,34,0,89,0,7,30,0,37,42,20,64,0,126,10,0,10,136
10/14/2021,EYW,FL,ASO,ES,Federal Contract Tower,51,11,38,0,100,0,2,59,0,61,51,13,97,0,161,0,0,0,161
10/15/2021,EYW,FL,ASO,ES,Federal Contract Tower,49,10,32,2,93,0,7,89,0,96,49,17,121,2,189,58,0,58,247
10/16/2021,EYW,FL,ASO,ES,Federal Contract Tower,47,4,19,0,70,0,0,48,0,48,47,4,67,0,118,0,0,0,118
10/17/2021,EYW,FL,ASO,ES,Federal Contract Tower,51,7,51,1,110,0,4,86,0,90,51,11,137,1,200,0,0,0,200
10/18/2021,EYW,FL,ASO,ES,Federal Contract Tower,48,14,27,0,89,0,3,36,0,39,48,17,63,0,128,0,0,0,128
10/20/2021,EYW,FL,ASO,ES,Federal Contract Tower,42,8,26,0,76,0,13,44,0,57,42,21,70,0,133,0,0,0,133
10/21/2021,EYW,FL,ASO,ES,Federal Contract Tower,49,15,22,0,86,0,18,66,6,90,49,33,88,6,176,4,0,4,180
10/22/2021,EYW,FL,ASO,ES,Federal Contract Tower,47,22,35,0,104,0,5,46,0,51,47,27,81,0,155,4,0,4,159
10/23/2021,EYW,FL,ASO,ES,Federal Contract Tower,46,12,28,2,88,0,2,48,0,50,46,14,76,2,138,0,0,0,138
10/24/2021,EYW,FL,ASO,ES,Federal Contract Tower,48,11,36,0,95,0,2,47,0,49,48,13,83,0,144,20,0,20,164
10/25/2021,EYW,FL,ASO,ES,Federal Contract Tower,46,11,26,0,83,0,16,3,0,19,46,27,29,0,102,0,0,0,102
10/26/2021,EYW,FL,ASO,ES,Federal Contract Tower,41,17,19,0,77,0,7,36,0,43,41,24,55,0,120,18,0,18,138
10/27/2021,EYW,FL,ASO,ES,Federal Contract Tower,50,12,38,8,108,0,11,70,0,81,50,23,108,8,189,0,0,0,189
10/28/2021,EYW,FL,ASO,ES,Federal Contract Tower,47,15,41,0,103,0,10,53,0,63,47,25,94,0,166,0,0,0,166
10/29/2021,EYW,FL,ASO,ES,Federal Contract Tower,50,16,31,0,97,0,0,64,0,64,50,16,95,0,161,12,0,12,173
10/30/2021,EYW,FL,ASO,ES,Federal Contract Tower,44,3,32,0,79,0,2,75,0,77,44,5,107,0,156,2,0,2,158
10/31/2021,EYW,FL,ASO,ES,Federal Contract Tower,53,17,57,2,129,0,9,94,2,105,53,26,151,4,234,22,0,22,256
11/01/2021,EYW,FL,ASO,ES,Federal Contract Tower,48,17,27,0,92,0,11,67,0,78,48,28,94,0,170,4,0,4,174
11/02/2021,EYW,FL,ASO,ES,Federal Contract Tower,43,10,27,0,80,0,2,39,0,41,43,12,66,0,121,0,0,0,121
11/03/2021,EYW,FL,ASO,ES,Federal Contract Tower,49,14,25,0,88,0,3,32,4,39,49,17,57,4,127,0,0,0,127
11/04/2021,EYW,FL,ASO,ES,Federal Contract Tower,59,19,43,0,121,0,11,36,0,47,59,30,79,0,168,0,0,0,168
11/05/2021,EYW,FL,ASO,ES,Federal Contract Tower,59,19,27,0,105,0,3,10,1,14,59,22,37,1,119,8,0,8,127
11/06/2021,EYW,FL,ASO,ES,Federal Contract Tower,57,6,23,0,86,0,0,19,0,19,57,6,42,0,105,10,0,10,115
11/07/2021,EYW,FL,ASO,ES,Federal Contract Tower,57,11,41,0,109,0,3,68,0,71,57,14,109,0,180,4,0,4,184
11/08/2021,EYW,FL,ASO,ES,Federal Contract Tower,62,12,28,0,102,0,3,47,0,50,62,15,75,0,152,0,0,0,152
11/09/2021,EYW,FL,ASO,ES,Federal Contract Tower,44,13,41,0,98,0,4,90,0,94,44,17,131,0,192,0,0,0,192
11/10/2021,EYW,FL,ASO,ES,Federal Contract Tower,51,15,57,0,123,0,1,74,0,75,51,16,131,0,198,8,0,8,206
11/11/2021,EYW,FL,ASO,ES,Federal Contract Tower,54,31,46,0,131,0,3,64,0,67,54,34,110,0,198,4,0,4,202
11/12/2021,EYW,FL,ASO,ES,Federal Contract Tower,50,26,37,0,113,0,2,67,0,69,50,28,104,0,182,0,0,0,182
11/13/2021,EYW,FL,ASO,ES,Federal Contract Tower,55,15,43,0,113,0,5,88,0,93,55,20,131,0,206,0,0,0,206
11/14/2021,EYW,FL,ASO,ES,Federal Contract Tower,57,28,67,0,152,0,4,109,0,113,57,32,176,0,265,0,0,0,265
11/15/2021,EYW,FL,ASO,ES,Federal Contract Tower,54,26,54,1,135,0,8,77,2,87,54,34,131,3,222,0,0,0,222
11/16/2021,EYW,FL,ASO,ES,Federal Contract Tower,46,12,33,2,93,0,2,47,0,49,46,14,80,2,142,0,0,0,142
11/17/2021,EYW,FL,ASO,ES,Federal Contract Tower,45,16,25,0,86,0,15,57,6,78,45,31,82,6,164,4,0,4,168
11/18/2021,EYW,FL,ASO,ES,Federal Contract Tower,58,13,16,0,87,0,1,9,2,12,58,14,25,2,99,0,0,0,99
11/19/2021,EYW,FL,ASO,ES,Federal Contract Tower,69,28,58,1,156,0,4,29,0,33,69,32,87,1,189,0,0,0,189
11/20/2021,EYW,FL,ASO,ES,Federal Contract Tower,57,16,42,2,117,0,4,53,1,58,57,20,95,3,175,0,0,0,175
11/21/2021,EYW,FL,ASO,ES,Federal Contract Tower,58,10,54,3,125,1,5,64,0,70,59,15,118,3,195,0,0,0,195
11/22/2021,EYW,FL,ASO,ES,Federal Contract Tower,59,11,42,0,112,0,10,26,2,38,59,21,68,2,150,0,0,0,150
11/23/2021,EYW,FL,ASO,ES,Federal Contract Tower,47,21,27,1,96,0,1,44,1,46,47,22,71,2,142,0,0,0,142
11/24/2021,EYW,FL,ASO,ES,Federal Contract Tower,57,14,32,2,105,0,12,78,0,90,57,26,110,2,195,0,0,0,195
11/25/2021,EYW,FL,ASO,ES,Federal Contract Tower,42,2,22,0,66,0,1,62,0,63,42,3,84,0,129,0,0,0,129
11/26/2021,EYW,FL,ASO,ES,Federal Contract Tower,58,11,38,0,107,0,9,45,2,56,58,20,83,2,163,0,0,0,163
11/27/2021,EYW,FL,ASO,ES,Federal Contract Tower,61,7,40,1,109,0,7,82,7,96,61,14,122,8,205,0,0,0,205
11/28/2021,EYW,FL,ASO,ES,Federal Contract Tower,59,18,51,5,133,0,3,60,3,66,59,21,111,8,199,0,0,0,199
11/29/2021,EYW,FL,ASO,ES,Federal Contract Tower,60,21,39,2,122,0,1,52,1,54,60,22,91,3,176,0,0,0,176
11/30/2021,EYW,FL,ASO,ES,Federal Contract Tower,45,16,31,2,94,0,8,66,2,76,45,24,97,4,170,0,0,0,170
12/01/2021,EYW,FL,ASO,ES,Federal Contract Tower,52,9,19,1,81,0,5,39,0,44,52,14,58,1,125,6,0,6,131
12/02/2021,EYW,FL,ASO,ES,Federal Contract Tower,60,13,38,2,113,0,8,48,0,56,60,21,86,2,169,0,0,0,169
12/03/2021,EYW,FL,ASO,ES,Federal Contract Tower,65,7,32,0,104,0,6,66,0,72,65,13,98,0,176,6,0,6,182
12/04/2021,EYW,FL,ASO,ES,Federal Contract Tower,62,11,30,0,103,0,4,49,1,54,62,15,79,1,157,0,0,0,157
12/05/2021,EYW,FL,ASO,ES,Federal Contract Tower,60,18,49,0,127,0,1,55,0,56,60,19,104,0,183,0,0,0,183
12/06/2021,EYW,FL,ASO,ES,Federal Contract Tower,59,28,26,0,113,0,2,28,0,30,59,30,54,0,143,0,0,0,143
12/07/2021,EYW,FL,ASO,ES,Federal Contract Tower,45,15,35,0,95,0,4,32,1,37,45,19,67,1,132,0,0,0,132
12/08/2021,EYW,FL,ASO,ES,Federal Contract Tower,49,19,29,0,97,0,8,38,0,46,49,27,67,0,143,0,0,0,143
12/09/2021,EYW,FL,ASO,ES,Federal Contract Tower,58,26,28,2,114,0,7,43,0,50,58,33,71,2,164,2,0,2,166
12/10/2021,EYW,FL,ASO,ES,Federal Contract Tower,60,14,46,0,120,0,5,56,0,61,60,19,102,0,181,0,0,0,181
12/11/2021,EYW,FL,ASO,ES,Federal Contract Tower,59,16,22,1,98,0,2,45,0,47,59,18,67,1,145,0,0,0,145
12/12/2021,EYW,FL,ASO,ES,Federal Contract Tower,65,12,39,0,116,0,3,113,0,116,65,15,152,0,232,0,0,0,232
12/13/2021,EYW,FL,ASO,ES,Federal Contract Tower,61,9,31,2,103,0,4,56,0,60,61,13,87,2,163,0,0,0,163
12/14/2021,EYW,FL,ASO,ES,Federal Contract Tower,48,6,18,0,72,0,3,47,0,50,48,9,65,0,122,4,0,4,126
12/15/2021,EYW,FL,ASO,ES,Federal Contract Tower,49,14,21,1,85,0,7,51,4,62,49,21,72,5,147,0,0,0,147
12/16/2021,EYW,FL,ASO,ES,Federal Contract Tower,59,15,40,0,114,0,3,68,0,71,59,18,108,0,185,2,0,2,187
12/17/2021,EYW,FL,ASO,ES,Federal Contract Tower,62,19,34,0,115,0,13,46,0,59,62,32,80,0,174,0,0,0,174
12/18/2021,EYW,FL,ASO,ES,Federal Contract Tower,75,10,38,0,123,0,0,62,0,62,75,10,100,0,185,8,0,8,193
12/19/2021,EYW,FL,ASO,ES,Federal Contract Tower,69,13,41,0,123,0,1,85,0,86,69,14,126,0,209,0,0,0,209
12/20/2021,EYW,FL,ASO,ES,Federal Contract Tower,63,13,30,0,106,0,4,68,2,74,63,17,98,2,180,10,0,10,190
12/21/2021,EYW,FL,ASO,ES,Federal Contract Tower,64,12,13,0,89,0,2,8,0,10,64,14,21,0,99,0,0,0,99
12/22/2021,EYW,FL,ASO,ES,Federal Contract Tower,66,14,32,1,113,0,1,44,0,45,66,15,76,1,158,10,0,10,168
12/23/2021,EYW,FL,ASO,ES,Federal Contract Tower,74,10,33,0,117,0,5,77,2,84,74,15,110,2,201,0,0,0,201
12/24/2021,EYW,FL,ASO,ES,Federal Contract Tower,57,13,13,0,83,0,2,76,0,78,57,15,89,0,161,3,0,3,164
12/25/2021,EYW,FL,ASO,ES,Federal Contract Tower,68,7,15,0,90,0,0,24,0,24,68,7,39,0,114,0,0,0,114
12/26/2021,EYW,FL,ASO,ES,Federal Contract Tower,70,25,81,0,176,0,2,71,0,73,70,27,152,0,249,16,0,16,265
12/27/2021,EYW,FL,ASO,ES,Federal Contract Tower,63,20,67,0,150,0,6,94,0,100,63,26,161,0,250,2,0,2,252
12/28/2021,EYW,FL,ASO,ES,Federal Contract Tower,65,25,48,4,142,0,12,67,0,79,65,37,115,4,221,6,0,6,227
12/29/2021,EYW,FL,ASO,ES,Federal Contract Tower,65,24,61,2,152,0,10,107,0,117,65,34,168,2,269,0,0,0,269
12/30/2021,EYW,FL,ASO,ES,Federal Contract Tower,69,24,78,0,171,0,7,154,0,161,69,31,232,0,332,0,0,0,332
12/31/2021,EYW,FL,ASO,ES,Federal Contract Tower,56,17,52,0,125,0,8,129,0,137,56,25,181,0,262,2,0,2,264
01/01/2022,EYW,FL,ASO,ES,Federal Contract Tower,56,21,68,0,145,0,6,97,0,103,56,27,165,0,248,0,0,0,248
01/02/2022,EYW,FL,ASO,ES,Federal Contract Tower,63,20,100,0,183,0,6,104,0,110,63,26,204,0,293,0,0,0,293
01/03/2022,EYW,FL,ASO,ES,Federal Contract Tower,59,30,63,0,152,0,6,22,2,30,59,36,85,2,182,0,0,0,182
01/04/2022,EYW,FL,ASO,ES,Federal Contract Tower,54,13,41,6,114,0,3,26,0,29,54,16,67,6,143,0,0,0,143
01/05/2022,EYW,FL,ASO,ES,Federal Contract Tower,57,12,31,0,100,0,8,60,0,68,57,20,91,0,168,4,0,4,172
01/06/2022,EYW,FL,ASO,ES,Federal Contract Tower,63,9,32,2,106,0,1,47,0,48,63,10,79,2,154,0,0,0,154
01/07/2022,EYW,FL,ASO,ES,Federal Contract Tower,57,17,41,0,115,0,7,91,0,98,57,24,132,0,213,0,0,0,213
01/08/2022,EYW,FL,ASO,ES,Federal Contract Tower,66,8,28,0,102,0,4,55,0,59,66,12,83,0,161,2,0,2,163
01/09/2022,EYW,FL,ASO,ES,Federal Contract Tower,62,15,56,0,133,0,4,61,0,65,62,19,117,0,198,0,0,0,198
01/10/2022,EYW,FL,ASO,ES,Federal Contract Tower,60,13,46,2,121,0,5,30,2,37,60,18,76,4,158,0,0,0,158
01/11/2022,EYW,FL,ASO,ES,Federal Contract Tower,51,21,28,0,100,0,3,12,0,15,51,24,40,0,115,0,0,0,115
01/12/2022,EYW,FL,ASO,ES,Federal Contract Tower,59,10,16,0,85,0,5,31,0,36,59,15,47,0,121,0,0,0,121
01/13/2022,EYW,FL,ASO,ES,Federal Contract Tower,65,18,44,0,127,0,4,36,0,40,65,22,80,0,167,0,0,0,167
01/14/2022,EYW,FL,ASO,ES,Federal Contract Tower,63,19,66,0,148,0,7,55,0,62,63,26,121,0,210,0,0,0,210
01/15/2022,EYW,FL,ASO,ES,Federal Contract Tower,66,18,42,0,126,0,0,132,0,132,66,18,174,0,258,0,0,0,258
01/16/2022,EYW,FL,ASO,ES,Federal Contract Tower,50,10,22,0,82,0,0,4,4,8,50,10,26,4,90,0,0,0,90
01/17/2022,EYW,FL,ASO,ES,Federal Contract Tower,55,15,69,0,139,0,6,54,0,60,55,21,123,0,199,0,0,0,199
01/18/2022,EYW,FL,ASO,ES,Federal Contract Tower,53,21,38,2,114,0,8,73,1,82,53,29,111,3,196,0,0,0,196
01/19/2022,EYW,FL,ASO,ES,Federal Contract Tower,57,12,29,0,98,0,5,80,0,85,57,17,109,0,183,0,0,0,183
01/20/2022,EYW,FL,ASO,ES,Federal Contract Tower,54,18,45,2,119,0,9,53,2,64,54,27,98,4,183,0,0,0,183
01/21/2022,EYW,FL,ASO,ES,Federal Contract Tower,61,23,41,1,126,0,6,71,0,77,61,29,112,1,203,0,0,0,203
01/22/2022,EYW,FL,ASO,ES,Federal Contract Tower,63,18,44,0,125,0,4,44,0,48,63,22,88,0,173,0,0,0,173
01/23/2022,EYW,FL,ASO,ES,Federal Contract Tower,67,32,59,0,158,0,3,51,0,54,67,35,110,0,212,0,0,0,212
01/24/2022,EYW,FL,ASO,ES,Federal Contract Tower,60,21,31,0,112,0,5,80,0,85,60,26,111,0,197,0,0,0,197
01/25/2022,EYW,FL,ASO,ES,Federal Contract Tower,52,18,32,0,102,0,13,51,0,64,52,31,83,0,166,0,0,0,166
01/26/2022,EYW,FL,ASO,ES,Federal Contract Tower,56,12,40,0,108,0,7,26,0,33,56,19,66,0,141,0,0,0,141
01/27/2022,EYW,FL,ASO,ES,Federal Contract Tower,61,21,70,0,152,0,5,7,0,12,61,26,77,0,164,0,0,0,164
01/28/2022,EYW,FL,ASO,ES,Federal Contract Tower,57,21,43,0,121,0,0,52,0,52,57,21,95,0,173,0,0,0,173
01/29/2022,EYW,FL,ASO,ES,Federal Contract Tower,36,16,14,0,66,0,2,11,0,13,36,18,25,0,79,0,0,0,79
01/30/2022,EYW,FL,ASO,ES,Federal Contract Tower,62,26,59,0,147,0,6,117,6,129,62,32,176,6,276,2,0,2,278
01/31/2022,EYW,FL,ASO,ES,Federal Contract Tower,59,22,34,2,117,0,1,83,10,94,59,23,117,12,211,0,0,0,211
02/01/2022,EYW,FL,ASO,ES,Federal Contract Tower,50,22,26,0,98,0,5,42,2,49,50,27,68,2,147,0,0,0,147
02/02/2022,EYW,FL,ASO,ES,Federal Contract Tower,55,12,35,0,102,0,0,53,0,53,55,12,88,0,155,0,0,0,155
02/03/2022,EYW,FL,ASO,ES,Federal Contract Tower,59,14,29,1,103,0,6,80,0,86,59,20,109,1,189,0,0,0,189
02/04/2022,EYW,FL,ASO,ES,Federal Contract Tower,38,19,54,0,111,0,8,73,0,81,38,27,127,0,192,0,0,0,192
02/05/2022,EYW,FL,ASO,ES,Federal Contract Tower,60,25,49,1,135,0,4,88,0,92,60,29,137,1,227,0,0,0,227
02/06/2022,EYW,FL,ASO,ES,Federal Contract Tower,53,23,67,0,143,0,5,62,0,67,53,28,129,0,210,0,0,0,210
02/07/2022,EYW,FL,ASO,ES,Federal Contract Tower,60,23,40,0,123,0,1,55,0,56,60,24,95,0,179,0,0,0,179
02/08/2022,EYW,FL,ASO,ES,Federal Contract Tower,51,12,45,1,109,0,2,29,0,31,51,14,74,1,140,4,0,4,144
02/09/2022,EYW,FL,ASO,ES,Federal Contract Tower,57,16,39,1,113,0,4,8,0,12,57,20,47,1,125,0,0,0,125
02/10/2022,EYW,FL,ASO,ES,Federal Contract Tower,58,17,28,0,103,0,1,79,0,80,58,18,107,0,183,0,0,0,183
02/11/2022,EYW,FL,ASO,ES,Federal Contract Tower,60,35,58,2,155,0,5,89,0,94,60,40,147,2,249,0,0,0,249
02/12/2022,EYW,FL,ASO,ES,Federal Contract Tower,62,14,51,0,127,0,2,86,0,88,62,16,137,0,215,0,0,0,215
02/13/2022,EYW,FL,ASO,ES,Federal Contract Tower,67,18,42,0,127,0,6,32,0,38,67,24,74,0,165,0,0,0,165
02/14/2022,EYW,FL,ASO,ES,Federal Contract Tower,58,12,43,0,113,0,3,39,0,42,58,15,82,0,155,0,0,0,155
02/15/2022,EYW,FL,ASO,ES,Federal Contract Tower,51,16,46,2,115,0,1,41,0,42,51,17,87,2,157,0,0,0,157
02/16/2022,EYW,FL,ASO,ES,Federal Contract Tower,57,26,58,0,141,0,4,35,0,39,57,30,93,0,180,0,0,0,180
02/17/2022,EYW,FL,ASO,ES,Federal Contract Tower,64,19,53,0,136,0,9,98,0,107,64,28,151,0,243,0,0,0,243
02/18/2022,EYW,FL,ASO,ES,Federal Contract Tower,61,33,66,0,160,0,4,132,0,136,61,37,198,0,296,8,0,8,304
02/19/2022,EYW,FL,ASO,ES,Federal Contract Tower,61,25,67,0,153,0,0,28,0,28,61,25,95,0,181,0,0,0,181
02/20/2022,EYW,FL,ASO,ES,Federal Contract Tower,70,18,66,1,155,0,8,106,1,115,70,26,172,2,270,0,0,0,270
02/21/2022,EYW,FL,ASO,ES,Federal Contract Tower,62,33,56,0,151,0,20,126,0,146,62,53,182,0,297,0,0,0,297
02/22/2022,EYW,FL,ASO,ES,Federal Contract Tower,56,21,44,7,128,0,1,72,1,74,56,22,116,8,202,8,0,8,210
02/23/2022,EYW,FL,ASO,ES,Federal Contract Tower,60,17,40,2,119,0,0,76,0,76,60,17,116,2,195,6,0,6,201
02/24/2022,EYW,FL,ASO,ES,Federal Contract Tower,64,23,51,1,139,0,5,89,1,95,64,28,140,2,234,6,0,6,240
02/25/2022,EYW,FL,ASO,ES,Federal Contract Tower,57,37,57,2,153,0,12,99,0,111,57,49,156,2,264,2,0,2,266
02/26/2022,EYW,FL,ASO,ES,Federal Contract Tower,65,20,34,0,119,0,2,83,0,85,65,22,117,0,204,8,0,8,212
02/27/2022,EYW,FL,ASO,ES,Federal Contract Tower,61,26,58,0,145,0,1,58,0,59,61,27,116,0,204,2,0,2,206
02/28/2022,EYW,FL,ASO,ES,Federal Contract Tower,55,17,31,0,103,0,3,58,0,61,55,20,89,0,164,0,0,0,164
03/01/2022,EYW,FL,ASO,ES,Federal Contract Tower,54,17,43,0,114,0,7,80,0,87,54,24,123,0,201,12,0,12,213
03/02/2022,EYW,FL,ASO,ES,Federal Contract Tower,61,23,39,0,123,0,2,53,0,55,61,25,92,0,178,2,0,2,180
03/03/2022,EYW,FL,ASO,ES,Federal Contract Tower,62,17,43,0,122,0,3,69,2,74,62,20,112,2,196,2,4,6,202
03/04/2022,EYW,FL,ASO,ES,Federal Contract Tower,61,37,34,0,132,0,2,93,0,95,61,39,127,0,227,0,0,0,227
03/05/2022,EYW,FL,ASO,ES,Federal Contract Tower,68,25,80,0,173,0,3,61,0,64,68,28,141,0,237,34,0,34,271
03/06/2022,EYW,FL,ASO,ES,Federal Contract Tower,66,19,73,0,158,0,4,62,0,66,66,23,135,0,224,0,0,0,224
03/07/2022,EYW,FL,ASO,ES,Federal Contract Tower,62,16,38,2,118,0,5,67,0,72,62,21,105,2,190,0,0,0,190
03/08/2022,EYW,FL,ASO,ES,Federal Contract Tower,57,22,26,1,106,0,0,58,2,60,57,22,84,3,166,0,0,0,166
03/09/2022,EYW,FL,ASO,ES,Federal Contract Tower,62,18,26,1,107,0,3,50,0,53,62,21,76,1,160,0,0,0,160
03/10/2022,EYW,FL,ASO,ES,Federal Contract Tower,68,24,59,0,151,0,1,84,0,85,68,25,143,0,236,6,0,6,242
03/11/2022,EYW,FL,ASO,ES,Federal Contract Tower,65,36,76,0,177,0,3,103,2,108,65,39,179,2,285,2,0,2,287
03/12/2022,EYW,FL,ASO,ES,Federal Contract Tower,49,20,28,0,97,0,6,19,2,27,49,26,47,2,124,0,0,0,124
03/13/2022,EYW,FL,ASO,ES,Federal Contract Tower,66,22,68,0,156,0,16,27,0,43,66,38,95,0,199,0,0,0,199
03/14/2022,EYW,FL,ASO,ES,Federal Contract Tower,63,26,41,1,131,0,8,51,1,60,63,34,92,2,191,0,0,0,191
03/15/2022,EYW,FL,ASO,ES,Federal Contract Tower,59,17,32,2,110,0,4,61,0,65,59,21,93,2,175,14,0,14,189
03/16/2022,EYW,FL,ASO,ES,Federal Contract Tower,65,13,37,0,115,0,5,50,0,55,65,18,87,0,170,0,0,0,170
03/17/2022,EYW,FL,ASO,ES,Federal Contract Tower,64,16,62,1,143,0,1,72,0,73,64,17,134,1,216,4,0,4,220
03/18/2022,EYW,FL,ASO,ES,Federal Contract Tower,62,14,67,0,143,0,1,123,0,124,62,15,190,0,267,8,0,8,275
03/19/2022,EYW,FL,ASO,ES,Federal Contract Tower,67,27,62,0,156,0,2,115,0,117,67,29,177,0,273,0,0,0,273
03/20/2022,EYW,FL,ASO,ES,Federal Contract Tower,66,24,70,0,160,0,6,105,0,111,66,30,175,0,271,0,0,0,271
03/21/2022,EYW,FL,ASO,ES,Federal Contract Tower,68,21,35,0,124,0,3,46,0,49,68,24,81,0,173,0,0,0,173
03/22/2022,EYW,FL,ASO,ES,Federal Contract Tower,56,18,51,1,126,0,1,50,0,51,56,19,101,1,177,0,0,0,177
03/23/2022,EYW,FL,ASO,ES,Federal Contract Tower,63,24,32,1,120,0,1,47,0,48,63,25,79,1,168,0,0,0,168
03/24/2022,EYW,FL,ASO,ES,Federal Contract Tower,64,15,34,0,113,0,2,45,0,47,64,17,79,0,160,0,0,0,160
03/25/2022,EYW,FL,ASO,ES,Federal Contract Tower,67,24,51,1,143,0,1,36,0,37,67,25,87,1,180,0,0,0,180
03/26/2022,EYW,FL,ASO,ES,Federal Contract Tower,73,21,41,0,135,0,4,79,0,83,73,25,120,0,218,0,0,0,218
03/27/2022,EYW,FL,ASO,ES,Federal Contract Tower,67,22,57,0,146,0,14,79,0,93,67,36,136,0,239,0,0,0,239
03/28/2022,EYW,FL,ASO,ES,Federal Contract Tower,61,13,46,0,120,0,4,70,0,74,61,17,116,0,194,0,0,0,194
03/29/2022,EYW,FL,ASO,ES,Federal Contract Tower,57,20,37,4,118,0,10,74,2,86,57,30,111,6,204,0,0,0,204
03/30/2022,EYW,FL,ASO,ES,Federal Contract Tower,62,21,22,1,106,0,3,30,0,33,62,24,52,1,139,0,0,0,139
03/31/2022,EYW,FL,ASO,ES,Federal Contract Tower,58,25,52,0,135,0,4,47,0,51,58,29,99,0,186,0,0,0,186
04/01/2022,EYW,FL,ASO,ES,Federal Contract Tower,57,33,46,4,140,0,3,80,4,87,57,36,126,8,227,8,0,8,235
04/02/2022,EYW,FL,ASO,ES,Federal Contract Tower,59,21,37,1,118,0,0,53,6,59,59,21,90,7,177,0,0,0,177
04/03/2022,EYW,FL,ASO,ES,Federal Contract Tower,63,25,67,2,157,0,9,76,0,85,63,34,143,2,242,2,0,2,244
04/04/2022,EYW,FL,ASO,ES,Federal Contract Tower,58,19,41,0,118,0,3,51,1,55,58,22,92,1,173,0,0,0,173
04/05/2022,EYW,FL,ASO,ES,Federal Contract Tower,49,18,24,0,91,0,3,45,1,49,49,21,69,1,140,2,0,2,142
04/06/2022,EYW,FL,ASO,ES,Federal Contract Tower,58,24,57,0,139,0,1,68,0,69,58,25,125,0,208,2,0,2,210
04/07/2022,EYW,FL,ASO,ES,Federal Contract Tower,57,23,48,0,128,0,1,58,0,59,57,24,106,0,187,4,0,4,191
04/08/2022,EYW,FL,ASO,ES,Federal Contract Tower,59,22,46,0,127,0,2,52,0,54,59,24,98,0,181,0,0,0,181
04/09/2022,EYW,FL,ASO,ES,Federal Contract Tower,51,16,48,0,115,0,2,57,0,59,51,18,105,0,174,0,0,0,174
04/10/2022,EYW,FL,ASO,ES,Federal Contract Tower,61,33,73,0,167,0,5,73,0,78,61,38,146,0,245,0,0,0,245
04/11/2022,EYW,FL,ASO,ES,Federal Contract Tower,57,13,28,0,98,0,7,43,0,50,57,20,71,0,148,2,0,2,150
04/12/2022,EYW,FL,ASO,ES,Federal Contract Tower,49,20,27,0,96,0,6,69,0,75,49,26,96,0,171,20,0,20,191
04/13/2022,EYW,FL,ASO,ES,Federal Contract Tower,56,21,40,2,119,0,2,59,0,61,56,23,99,2,180,18,0,18,198
04/14/2022,EYW,FL,ASO,ES,Federal Contract Tower,59,23,44,0,126,0,4,54,0,58,59,27,98,0,184,6,0,6,190
04/15/2022,EYW,FL,ASO,ES,Federal Contract Tower,64,21,43,0,128,0,1,48,0,49,64,22,91,0,177,12,0,12,189
04/16/2022,EYW,FL,ASO,ES,Federal Contract Tower,55,15,36,0,106,0,0,71,0,71,55,15,107,0,177,0,0,0,177
04/17/2022,EYW,FL,ASO,ES,Federal Contract Tower,56,5,25,0,86,0,3,53,0,56,56,8,78,0,142,0,0,0,142
04/18/2022,EYW,FL,ASO,ES,Federal Contract Tower,53,14,35,0,102,0,3,70,0,73,53,17,105,0,175,0,0,0,175
04/19/2022,EYW,FL,ASO,ES,Federal Contract Tower,48,15,24,1,88,0,3,63,1,67,48,18,87,2,155,0,0,0,155
04/20/2022,EYW,FL,ASO,ES,Federal Contract Tower,57,17,29,0,103,0,5,63,0,68,57,22,92,0,171,16,0,16,187
04/21/2022,EYW,FL,ASO,ES,Federal Contract Tower,60,23,49,3,135,0,6,70,0,76,60,29,119,3,211,0,0,0,211
04/22/2022,EYW,FL,ASO,ES,Federal Contract Tower,56,17,46,0,119,0,4,39,0,43,56,21,85,0,162,0,0,0,162
04/23/2022,EYW,FL,ASO,ES,Federal Contract Tower,58,20,31,0,109,0,6,58,0,64,58,26,89,0,173,0,0,0,173
04/24/2022,EYW,FL,ASO,ES,Federal Contract Tower,56,20,47,1,124,0,4,117,0,121,56,24,164,1,245,4,0,4,249
04/25/2022,EYW,FL,ASO,ES,Federal Contract Tower,55,19,31,4,109,0,4,54,0,58,55,23,85,4,167,44,0,44,211
04/26/2022,EYW,FL,ASO,ES,Federal Contract Tower,50,15,30,2,97,0,1,45,2,48,50,16,75,4,145,0,0,0,145
04/27/2022,EYW,FL,ASO,ES,Federal Contract Tower,57,20,30,1,108,0,3,55,2,60,57,23,85,3,168,2,0,2,170
04/28/2022,EYW,FL,ASO,ES,Federal Contract Tower,62,23,31,1,117,0,4,65,0,69,62,27,96,1,186,20,0,20,206
04/29/2022,EYW,FL,ASO,ES,Federal Contract Tower,57,30,55,2,144,0,16,56,5,77,57,46,111,7,221,0,0,0,221
04/30/2022,EYW,FL,ASO,ES,Federal Contract Tower,59,10,34,0,103,0,5,44,0,49,59,15,78,0,152,2,0,2,154
05/01/2022,EYW,FL,ASO,ES,Federal Contract Tower,59,13,50,1,123,0,3,68,1,72,59,16,118,2,195,18,0,18,213
05/02/2022,EYW,FL,ASO,ES,Federal Contract Tower,49,16,36,0,101,0,2,35,4,41,49,18,71,4,142,4,0,4,146
05/03/2022,EYW,FL,ASO,ES,Federal Contract Tower,45,13,23,0,81,0,0,35,2,37,45,13,58,2,118,18,0,18,136
05/04/2022,EYW,FL,ASO,ES,Federal Contract Tower,54,30,36,0,120,0,5,65,0,70,54,35,101,0,190,0,0,0,190
05/05/2022,EYW,FL,ASO,ES,Federal Contract Tower,59,21,34,0,114,0,2,67,0,69,59,23,101,0,183,0,0,0,183
05/06/2022,EYW,FL,ASO,ES,Federal Contract Tower,54,16,41,0,111,0,2,80,0,82,54,18,121,0,193,10,0,10,203
05/07/2022,EYW,FL,ASO,ES,Federal Contract Tower,51,18,31,0,100,0,1,57,0,58,51,19,88,0,158,0,0,0,158
05/08/2022,EYW,FL,ASO,ES,Federal Contract Tower,58,16,51,0,125,0,4,76,0,80,58,20,127,0,205,0,0,0,205
05/09/2022,EYW,FL,ASO,ES,Federal Contract Tower,54,12,38,2,106,0,6,59,0,65,54,18,97,2,171,0,0,0,171
05/10/2022,EYW,FL,ASO,ES,Federal Contract Tower,50,24,34,0,108,0,3,63,0,66,50,27,97,0,174,0,0,0,174
05/11/2022,EYW,FL,ASO,ES,Federal Contract Tower,54,14,28,2,98,0,8,53,5,66,54,22,81,7,164,14,0,14,178
05/12/2022,EYW,FL,ASO,ES,Federal Contract Tower,57,18,28,0,103,0,3,41,11,55,57,21,69,11,158,0,0,0,158
05/13/2022,EYW,FL,ASO,ES,Federal Contract Tower,55,10,39,3,107,0,6,80,2,88,55,16,119,5,195,2,1,3,198
05/14/2022,EYW,FL,ASO,ES,Federal Contract Tower,53,16,27,0,96,0,3,53,0,56,53,19,80,0,152,2,0,2,154
05/15/2022,EYW,FL,ASO,ES,Federal Contract Tower,61,18,48,0,127,0,2,76,0,78,61,20,124,0,205,6,0,6,211
05/16/2022,EYW,FL,ASO,ES,Federal Contract Tower,52,18,25,0,95,0,1,46,0,47,52,19,71,0,142,10,0,10,152
05/17/2022,EYW,FL,ASO,ES,Federal Contract Tower,46,11,28,3,88,0,5,53,0,58,46,16,81,3,146,2,0,2,148
05/18/2022,EYW,FL,ASO,ES,Federal Contract Tower,52,19,25,1,97,0,0,57,0,57,52,19,82,1,154,0,0,0,154
05/19/2022,EYW,FL,ASO,ES,Federal Contract Tower,60,13,41,0,114,0,0,43,0,43,60,13,84,0,157,0,0,0,157
05/20/2022,EYW,FL,ASO,ES,Federal Contract Tower,52,13,33,0,98,0,1,45,0,46,52,14,78,0,144,2,0,2,146
05/21/2022,EYW,FL,ASO,ES,Federal Contract Tower,55,13,24,0,92,0,3,39,0,42,55,16,63,0,134,4,0,4,138
05/22/2022,EYW,FL,ASO,ES,Federal Contract Tower,59,15,41,0,115,0,2,72,0,74,59,17,113,0,189,0,0,0,189
05/23/2022,EYW,FL,ASO,ES,Federal Contract Tower,52,8,16,1,77,0,5,43,0,48,52,13,59,1,125,10,0,10,135
05/24/2022,EYW,FL,ASO,ES,Federal Contract Tower,46,16,24,2,88,0,2,54,1,57,46,18,78,3,145,0,0,0,145
05/25/2022,EYW,FL,ASO,ES,Federal Contract Tower,53,14,29,0,96,0,0,42,0,42,53,14,71,0,138,0,0,0,138
05/26/2022,EYW,FL,ASO,ES,Federal Contract Tower,57,18,37,4,116,0,0,74,0,74,57,18,111,4,190,12,0,12,202
05/27/2022,EYW,FL,ASO,ES,Federal Contract Tower,51,20,55,0,126,0,2,72,0,74,51,22,127,0,200,2,0,2,202
05/28/2022,EYW,FL,ASO,ES,Federal Contract Tower,53,7,22,0,82,0,0,70,0,70,53,7,92,0,152,0,0,0,152
05/29/2022,EYW,FL,ASO,ES,Federal Contract Tower,54,11,17,0,82,0,0,25,0,25,54,11,42,0,107,0,0,0,107
05/30/2022,EYW,FL,ASO,ES,Federal Contract Tower,53,13,42,0,108,0,4,56,0,60,53,17,98,0,168,42,0,42,210
05/31/2022,EYW,FL,ASO,ES,Federal Contract Tower,50,4,49,0,103,0,2,48,0,50,50,6,97,0,153,18,0,18,171
06/01/2022,EYW,FL,ASO,ES,Federal Contract Tower,48,8,30,0,86,0,2,55,0,57,48,10,85,0,143,0,0,0,143
06/02/2022,EYW,FL,ASO,ES,Federal Contract Tower,53,14,28,0,95,0,1,26,0,27,53,15,54,0,122,0,0,0,122
06/03/2022,EYW,FL,ASO,ES,Federal Contract Tower,10,5,13,0,28,0,0,0,0,0,10,5,13,0,28,0,0,0,28
06/04/2022,EYW,FL,ASO,ES,Federal Contract Tower,28,2,20,0,50,0,3,4,0,7,28,5,24,0,57,0,0,0,57
06/05/2022,EYW,FL,ASO,ES,Federal Contract Tower,57,14,32,0,103,0,1,77,0,78,57,15,109,0,181,0,0,0,181
06/06/2022,EYW,FL,ASO,ES,Federal Contract Tower,51,18,15,0,84,0,1,46,0,47,51,19,61,0,131,16,0,16,147
06/07/2022,EYW,FL,ASO,ES,Federal Contract Tower,42,20,16,0,78,0,2,15,0,17,42,22,31,0,95,0,0,0,95
06/08/2022,EYW,FL,ASO,ES,Federal Contract Tower,48,9,23,0,80,0,2,54,0,56,48,11,77,0,136,0,0,0,136
06/09/2022,EYW,FL,ASO,ES,Federal Contract Tower,52,20,32,0,104,0,2,55,0,57,52,22,87,0,161,2,0,2,163
06/10/2022,EYW,FL,ASO,ES,Federal Contract Tower,50,26,33,0,109,0,5,74,0,79,50,31,107,0,188,2,0,2,190
06/11/2022,EYW,FL,ASO,ES,Federal Contract Tower,55,10,30,0,95,0,0,70,0,70,55,10,100,0,165,0,0,0,165
06/12/2022,EYW,FL,ASO,ES,Federal Contract Tower,56,12,49,0,117,0,1,73,2,76,56,13,122,2,193,0,0,0,193
06/13/2022,EYW,FL,ASO,ES,Federal Contract Tower,51,9,32,1,93,0,3,48,0,51,51,12,80,1,144,0,0,0,144
06/14/2022,EYW,FL,ASO,ES,Federal Contract Tower,39,14,14,0,67,0,2,49,0,51,39,16,63,0,118,0,0,0,118
06/15/2022,EYW,FL,ASO,ES,Federal Contract Tower,42,20,30,0,92,0,3,46,0,49,42,23,76,0,141,0,0,0,141
06/16/2022,EYW,FL,ASO,ES,Federal Contract Tower,46,12,43,0,101,0,5,74,0,79,46,17,117,0,180,0,0,0,180
06/17/2022,EYW,FL,ASO,ES,Federal Contract Tower,45,19,40,0,104,0,0,69,2,71,45,19,109,2,175,0,0,0,175
06/18/2022,EYW,FL,ASO,ES,Federal Contract Tower,59,4,32,0,95,0,1,50,1,52,59,5,82,1,147,10,0,10,157
06/19/2022,EYW,FL,ASO,ES,Federal Contract Tower,52,8,41,0,101,0,11,56,10,77,52,19,97,10,178,4,0,4,182
06/20/2022,EYW,FL,ASO,ES,Federal Contract Tower,48,6,21,0,75,0,3,62,41,106,48,9,83,41,181,2,0,2,183
06/21/2022,EYW,FL,ASO,ES,Federal Contract Tower,43,13,25,3,84,0,3,40,5,48,43,16,65,8,132,0,0,0,132
06/22/2022,EYW,FL,ASO,ES,Federal Contract Tower,47,12,26,0,85,0,3,29,0,32,47,15,55,0,117,0,0,0,117
06/23/2022,EYW,FL,ASO,ES,Federal Contract Tower,51,11,34,0,96,0,1,59,2,62,51,12,93,2,158,0,0,0,158
06/24/2022,EYW,FL,ASO,ES,Federal Contract Tower,50,13,37,0,100,0,4,68,0,72,50,17,105,0,172,18,0,18,190
06/25/2022,EYW,FL,ASO,ES,Federal Contract Tower,54,6,24,0,84,0,0,58,0,58,54,6,82,0,142,0,0,0,142
06/26/2022,EYW,FL,ASO,ES,Federal Contract Tower,51,7,40,0,98,0,3,41,0,44,51,10,81,0,142,0,0,0,142
06/27/2022,EYW,FL,ASO,ES,Federal Contract Tower,46,17,19,0,82,0,1,41,0,42,46,18,60,0,124,10,0,10,134
06/28/2022,EYW,FL,ASO,ES,Federal Contract Tower,41,7,26,0,74,0,7,38,0,45,41,14,64,0,119,0,0,0,119
06/29/2022,EYW,FL,ASO,ES,Federal Contract Tower,45,16,15,0,76,0,4,54,0,58,45,20,69,0,134,12,0,12,146
06/30/2022,EYW,FL,ASO,ES,Federal Contract Tower,52,10,46,0,108,0,4,52,0,56,52,14,98,0,164,0,0,0,164
07/01/2022,EYW,FL,ASO,ES,Federal Contract Tower,45,14,33,0,92,0,8,76,0,84,45,22,109,0,176,10,0,10,186
07/02/2022,EYW,FL,ASO,ES,Federal Contract Tower,58,12,16,0,86,0,0,64,0,64,58,12,80,0,150,0,0,0,150
07/03/2022,EYW,FL,ASO,ES,Federal Contract Tower,50,12,20,0,82,0,2,72,0,74,50,14,92,0,156,18,0,18,174
07/04/2022,EYW,FL,ASO,ES,Federal Contract Tower,46,4,18,0,68,0,3,64,0,67,46,7,82,0,135,12,0,12,147
07/05/2022,EYW,FL,ASO,ES,Federal Contract Tower,39,11,42,0,92,0,0,40,0,40,39,11,82,0,132,16,0,16,148
07/06/2022,EYW,FL,ASO,ES,Federal Contract Tower,43,13,12,0,68,0,2,33,4,39,43,15,45,4,107,4,0,4,111
07/07/2022,EYW,FL,ASO,ES,Federal Contract Tower,53,14,22,0,89,0,2,60,0,62,53,16,82,0,151,12,0,12,163
07/08/2022,EYW,FL,ASO,ES,Federal Contract Tower,50,13,22,0,85,0,2,74,0,76,50,15,96,0,161,2,0,2,163
07/09/2022,EYW,FL,ASO,ES,Federal Contract Tower,57,7,15,0,79,0,0,47,0,47,57,7,62,0,126,0,0,0,126
07/10/2022,EYW,FL,ASO,ES,Federal Contract Tower,51,5,25,0,81,0,5,65,0,70,51,10,90,0,151,2,0,2,153
07/11/2022,EYW,FL,ASO,ES,Federal Contract Tower,50,11,25,0,86,0,3,39,0,42,50,14,64,0,128,0,0,0,128
07/12/2022,EYW,FL,ASO,ES,Federal Contract Tower,39,20,13,0,72,0,2,26,2,30,39,22,39,2,102,0,0,0,102
07/13/2022,EYW,FL,ASO,ES,Federal Contract Tower,43,10,21,0,74,0,0,34,0,34,43,10,55,0,108,4,0,4,112
07/14/2022,EYW,FL,ASO,ES,Federal Contract Tower,52,15,30,0,97,0,3,45,0,48,52,18,75,0,145,2,0,2,147
07/15/2022,EYW,FL,ASO,ES,Federal Contract Tower,52,8,24,0,84,0,3,48,0,51,52,11,72,0,135,0,0,0,135
07/16/2022,EYW,FL,ASO,ES,Federal Contract Tower,55,5,19,0,79,0,5,40,0,45,55,10,59,0,124,0,0,0,124
07/17/2022,EYW,FL,ASO,ES,Federal Contract Tower,53,9,47,0,109,0,4,57,0,61,53,13,104,0,170,0,0,0,170
07/18/2022,EYW,FL,ASO,ES,Federal Contract Tower,48,3,22,0,73,0,2,41,6,49,48,5,63,6,122,0,0,0,122
07/19/2022,EYW,FL,ASO,ES,Federal Contract Tower,39,9,16,0,64,0,4,73,0,77,39,13,89,0,141,38,0,38,179
07/20/2022,EYW,FL,ASO,ES,Federal Contract Tower,43,17,22,0,82,0,2,54,0,56,43,19,76,0,138,0,0,0,138
07/21/2022,EYW,FL,ASO,ES,Federal Contract Tower,52,12,12,0,76,0,3,56,2,61,52,15,68,2,137,22,0,22,159
07/22/2022,EYW,FL,ASO,ES,Federal Contract Tower,48,17,40,0,105,0,0,72,0,72,48,17,112,0,177,4,0,4,181
07/23/2022,EYW,FL,ASO,ES,Federal Contract Tower,53,8,32,0,93,0,1,80,0,81,53,9,112,0,174,16,4,20,194
07/24/2022,EYW,FL,ASO,ES,Federal Contract Tower,50,17,50,1,118,0,0,68,0,68,50,17,118,1,186,0,0,0,186
07/25/2022,EYW,FL,ASO,ES,Federal Contract Tower,49,11,48,2,110,0,4,68,2,74,49,15,116,4,184,8,0,8,192
07/26/2022,EYW,FL,ASO,ES,Federal Contract Tower,37,6,37,0,80,0,2,30,1,33,37,8,67,1,113,6,0,6,119
07/27/2022,EYW,FL,ASO,ES,Federal Contract Tower,43,19,26,0,88,0,3,54,1,58,43,22,80,1,146,62,0,62,208
07/28/2022,EYW,FL,ASO,ES,Federal Contract Tower,52,16,37,1,106,0,0,46,0,46,52,16,83,1,152,2,0,2,154
07/29/2022,EYW,FL,ASO,ES,Federal Contract Tower,50,10,58,1,119,0,2,70,1,73,50,12,128,2,192,0,0,0,192
07/30/2022,EYW,FL,ASO,ES,Federal Contract Tower,56,19,42,0,117,0,1,51,0,52,56,20,93,0,169,0,0,0,169
07/31/2022,EYW,FL,ASO,ES,Federal Contract Tower,52,10,35,0,97,0,2,67,0,69,52,12,102,0,166,0,0,0,166
08/01/2022,EYW,FL,ASO,ES,Federal Contract Tower,46,8,25,0,79,0,5,26,0,31,46,13,51,0,110,0,0,0,110
08/02/2022,EYW,FL,ASO,ES,Federal Contract Tower,36,12,18,0,66,0,1,64,0,65,36,13,82,0,131,0,0,0,131
08/03/2022,EYW,FL,ASO,ES,Federal Contract Tower,41,11,19,0,71,0,2,49,0,51,41,13,68,0,122,20,0,20,142
08/04/2022,EYW,FL,ASO,ES,Federal Contract Tower,47,21,38,0,106,0,5,88,0,93,47,26,126,0,199,12,0,12,211
08/05/2022,EYW,FL,ASO,ES,Federal Contract Tower,40,21,30,0,91,0,0,68,1,69,40,21,98,1,160,12,0,12,172
08/06/2022,EYW,FL,ASO,ES,Federal Contract Tower,55,5,32,0,92,0,0,66,0,66,55,5,98,0,158,14,0,14,172
08/07/2022,EYW,FL,ASO,ES,Federal Contract Tower,49,10,38,0,97,0,7,70,1,78,49,17,108,1,175,14,0,14,189
08/08/2022,EYW,FL,ASO,ES,Federal Contract Tower,45,7,36,0,88,0,3,39,0,42,45,10,75,0,130,20,0,20,150
08/09/2022,EYW,FL,ASO,ES,Federal Contract Tower,35,15,14,0,64,0,4,20,0,24,35,19,34,0,88,12,0,12,100
08/10/2022,EYW,FL,ASO,ES,Federal Contract Tower,39,20,18,0,77,0,4,66,0,70,39,24,84,0,147,28,0,28,175
08/11/2022,EYW,FL,ASO,ES,Federal Contract Tower,46,15,35,0,96,0,0,66,0,66,46,15,101,0,162,4,0,4,166
08/12/2022,EYW,FL,ASO,ES,Federal Contract Tower,46,14,35,0,95,0,2,60,0,62,46,16,95,0,157,0,0,0,157
08/13/2022,EYW,FL,ASO,ES,Federal Contract Tower,50,10,18,0,78,0,4,71,0,75,50,14,89,0,153,16,0,16,169
08/14/2022,EYW,FL,ASO,ES,Federal Contract Tower,48,10,41,0,99,0,6,71,0,77,48,16,112,0,176,8,0,8,184
08/15/2022,EYW,FL,ASO,ES,Federal Contract Tower,24,6,18,0,48,0,9,47,0,56,24,15,65,0,104,0,0,0,104
08/16/2022,EYW,FL,ASO,ES,Federal Contract Tower,38,11,19,0,68,0,1,55,0,56,38,12,74,0,124,20,0,20,144
08/17/2022,EYW,FL,ASO,ES,Federal Contract Tower,39,15,36,0,90,0,2,56,0,58,39,17,92,0,148,0,0,0,148
08/18/2022,EYW,FL,ASO,ES,Federal Contract Tower,45,19,33,1,98,0,2,53,2,57,45,21,86,3,155,50,0,50,205
08/19/2022,EYW,FL,ASO,ES,Federal Contract Tower,42,10,27,0,79,0,2,71,0,73,42,12,98,0,152,18,0,18,170
08/20/2022,EYW,FL,ASO,ES,Federal Contract Tower,38,11,22,0,71,0,0,72,0,72,38,11,94,0,143,18,0,18,161
08/21/2022,EYW,FL,ASO,ES,Federal Contract Tower,46,9,34,0,89,0,4,71,2,77,46,13,105,2,166,16,0,16,182
08/22/2022,EYW,FL,ASO,ES,Federal Contract Tower,38,9,44,0,91,0,0,41,0,41,38,9,85,0,132,6,0,6,138
08/23/2022,EYW,FL,ASO,ES,Federal Contract Tower,36,12,25,0,73,0,2,20,0,22,36,14,45,0,95,12,0,12,107
08/24/2022,EYW,FL,ASO,ES,Federal Contract Tower,35,12,20,0,67,0,0,36,1,37,35,12,56,1,104,48,0,48,152
08/25/2022,EYW,FL,ASO,ES,Federal Contract Tower,45,15,24,0,84,0,0,55,0,55,45,15,79,0,139,18,0,18,157
08/26/2022,EYW,FL,ASO,ES,Federal Contract Tower,43,13,37,0,93,0,2,45,0,47,43,15,82,0,140,8,0,8,148
08/27/2022,EYW,FL,ASO,ES,Federal Contract Tower,38,9,24,0,71,0,0,48,0,48,38,9,72,0,119,0,0,0,119
08/28/2022,EYW,FL,ASO,ES,Federal Contract Tower,45,7,32,0,84,0,3,42,0,45,45,10,74,0,129,6,0,6,135
08/29/2022,EYW,FL,ASO,ES,Federal Contract Tower,40,4,16,0,60,0,1,22,1,24,40,5,38,1,84,44,0,44,128
08/30/2022,EYW,FL,ASO,ES,Federal Contract Tower,33,12,20,0,65,0,0,37,1,38,33,12,57,1,103,44,0,44,147
08/31/2022,EYW,FL,ASO,ES,Federal Contract Tower,35,10,19,0,64,0,0,26,0,26,35,10,45,0,90,50,0,50,140
09/01/2022,EYW,FL,ASO,ES,Federal Contract Tower,42,11,28,0,81,0,2,50,0,52,42,13,78,0,133,0,0,0,133
09/02/2022,EYW,FL,ASO,ES,Federal Contract Tower,39,13,34,1,87,0,2,43,0,45,39,15,77,1,132,0,0,0,132
09/03/2022,EYW,FL,ASO,ES,Federal Contract Tower,37,2,13,1,53,0,0,72,0,72,37,2,85,1,125,6,0,6,131
09/04/2022,EYW,FL,ASO,ES,Federal Contract Tower,42,3,18,0,63,0,2,61,0,63,42,5,79,0,126,34,0,34,160
09/05/2022,EYW,FL,ASO,ES,Federal Contract Tower,42,4,52,0,98,0,8,81,0,89,42,12,133,0,187,2,0,2,189
09/06/2022,EYW,FL,ASO,ES,Federal Contract Tower,34,6,13,0,53,0,6,30,0,36,34,12,43,0,89,0,0,0,89
09/07/2022,EYW,FL,ASO,ES,Federal Contract Tower,33,4,23,0,60,0,0,59,0,59,33,4,82,0,119,10,0,10,129
09/08/2022,EYW,FL,ASO,ES,Federal Contract Tower,42,6,18,0,66,0,1,35,1,37,42,7,53,1,103,46,0,46,149
09/09/2022,EYW,FL,ASO,ES,Federal Contract Tower,42,8,18,0,68,0,4,41,0,45,42,12,59,0,113,2,2,4,117
09/10/2022,EYW,FL,ASO,ES,Federal Contract Tower,36,3,12,0,51,0,2,46,0,48,36,5,58,0,99,2,0,2,101
09/11/2022,EYW,FL,ASO,ES,Federal Contract Tower,44,5,23,0,72,0,2,48,0,50,44,7,71,0,122,0,0,0,122
09/12/2022,EYW,FL,ASO,ES,Federal Contract Tower,38,7,15,0,60,0,0,36,0,36,38,7,51,0,96,16,0,16,112
09/13/2022,EYW,FL,ASO,ES,Federal Contract Tower,29,8,12,0,49,0,2,34,0,36,29,10,46,0,85,12,0,12,97
09/14/2022,EYW,FL,ASO,ES,Federal Contract Tower,36,11,13,0,60,0,3,36,0,39,36,14,49,0,99,8,0,8,107
09/15/2022,EYW,FL,ASO,ES,Federal Contract Tower,43,18,21,0,82,0,1,45,0,46,43,19,66,0,128,12,0,12,140
09/16/2022,EYW,FL,ASO,ES,Federal Contract Tower,41,16,23,0,80,0,5,34,0,39,41,21,57,0,119,0,0,0,119
09/17/2022,EYW,FL,ASO,ES,Federal Contract Tower,34,8,14,0,56,0,2,24,0,26,34,10,38,0,82,0,0,0,82
09/18/2022,EYW,FL,ASO,ES,Federal Contract Tower,45,1,30,0,76,0,2,43,0,45,45,3,73,0,121,0,0,0,121
09/19/2022,EYW,FL,ASO,ES,Federal Contract Tower,38,15,27,0,80,0,3,23,0,26,38,18,50,0,106,4,0,4,110
09/20/2022,EYW,FL,ASO,ES,Federal Contract Tower,32,11,16,0,59,0,0,35,1,36,32,11,51,1,95,64,0,64,159
09/21/2022,EYW,FL,ASO,ES,Federal Contract Tower,32,13,15,2,62,0,3,38,0,41,32,16,53,2,103,20,0,20,123
09/22/2022,EYW,FL,ASO,ES,Federal Contract Tower,43,20,26,1,90,0,5,75,3,83,43,25,101,4,173,8,0,8,181
09/23/2022,EYW,FL,ASO,ES,Federal Contract Tower,42,10,24,0,76,0,0,59,1,60,42,10,83,1,136,12,0,12,148
09/24/2022,EYW,FL,ASO,ES,Federal Contract Tower,38,9,27,0,74,0,4,55,0,59,38,13,82,0,133,6,0,6,139
09/25/2022,EYW,FL,ASO,ES,Federal Contract Tower,44,11,27,0,82,0,0,33,2,35,44,11,60,2,117,0,0,0,117
09/26/2022,EYW,FL,ASO,ES,Federal Contract Tower,40,6,11,2,59,0,5,21,0,26,40,11,32,2,85,0,0,0,85
09/27/2022,EYW,FL,ASO,ES,Federal Contract Tower,0,0,0,0,0,0,0,0,0,0,0,0,0,0,0,0,0,0,0
09/28/2022,EYW,FL,ASO,ES,Federal Contract Tower,0,0,0,0,0,0,0,0,0,0,0,0,0,0,0,0,0,0,0
09/29/2022,EYW,FL,ASO,ES,Federal Contract Tower,28,4,1,0,33,0,0,6,0,6,28,4,7,0,39,0,0,0,39
09/30/2022,EYW,FL,ASO,ES,Federal Contract Tower,34,8,15,0,57,0,2,13,0,15,34,10,28,0,72,2,0,2,74
10/01/2022,EYW,FL,ASO,ES,Federal Contract Tower,40,9,6,0,55,0,1,27,0,28,40,10,33,0,83,10,0,10,93
10/02/2022,EYW,FL,ASO,ES,Federal Contract Tower,35,6,16,0,57,0,0,35,0,35,35,6,51,0,92,8,0,8,100
10/03/2022,EYW,FL,ASO,ES,Federal Contract Tower,39,7,11,0,57,0,1,34,0,35,39,8,45,0,92,6,0,6,98
10/04/2022,EYW,FL,ASO,ES,Federal Contract Tower,32,11,13,1,57,0,1,48,5,54,32,12,61,6,111,6,0,6,117
10/05/2022,EYW,FL,ASO,ES,Federal Contract Tower,35,11,12,1,59,0,1,34,0,35,35,12,46,1,94,16,0,16,110
10/06/2022,EYW,FL,ASO,ES,Federal Contract Tower,42,15,22,0,79,0,0,35,0,35,42,15,57,0,114,22,0,22,136
10/07/2022,EYW,FL,ASO,ES,Federal Contract Tower,44,18,23,0,85,0,3,38,0,41,44,21,61,0,126,0,0,0,126
10/08/2022,EYW,FL,ASO,ES,Federal Contract Tower,44,5,7,0,56,0,0,31,0,31,44,5,38,0,87,0,0,0,87
10/09/2022,EYW,FL,ASO,ES,Federal Contract Tower,46,9,30,1,86,0,2,33,0,35,46,11,63,1,121,2,0,2,123
10/10/2022,EYW,FL,ASO,ES,Federal Contract Tower,39,4,29,0,72,0,4,47,0,51,39,8,76,0,123,24,0,24,147
10/11/2022,EYW,FL,ASO,ES,Federal Contract Tower,35,17,21,0,73,0,0,21,0,21,35,17,42,0,94,2,0,2,96
10/12/2022,EYW,FL,ASO,ES,Federal Contract Tower,35,19,22,0,76,0,1,30,0,31,35,20,52,0,107,6,0,6,113
10/13/2022,EYW,FL,ASO,ES,Federal Contract Tower,49,11,22,0,82,0,0,21,0,21,49,11,43,0,103,6,0,6,109
10/14/2022,EYW,FL,ASO,ES,Federal Contract Tower,43,16,36,0,95,0,4,42,0,46,43,20,78,0,141,0,0,0,141
10/15/2022,EYW,FL,ASO,ES,Federal Contract Tower,46,9,27,0,82,0,0,50,0,50,46,9,77,0,132,6,0,6,138
10/16/2022,EYW,FL,ASO,ES,Federal Contract Tower,47,6,58,0,111,0,2,49,0,51,47,8,107,0,162,0,0,0,162
10/17/2022,EYW,FL,ASO,ES,Federal Contract Tower,36,14,26,0,76,0,3,29,0,32,36,17,55,0,108,18,0,18,126
10/18/2022,EYW,FL,ASO,ES,Federal Contract Tower,33,13,25,3,74,0,2,44,2,48,33,15,69,5,122,4,0,4,126
10/19/2022,EYW,FL,ASO,ES,Federal Contract Tower,34,14,19,0,67,0,1,25,0,26,34,15,44,0,93,4,0,4,97
10/20/2022,EYW,FL,ASO,ES,Federal Contract Tower,44,10,28,0,82,0,6,43,0,49,44,16,71,0,131,0,0,0,131
10/21/2022,EYW,FL,ASO,ES,Federal Contract Tower,42,19,22,0,83,0,3,42,0,45,42,22,64,0,128,2,0,2,130
10/22/2022,EYW,FL,ASO,ES,Federal Contract Tower,43,18,15,0,76,0,2,42,0,44,43,20,57,0,120,0,0,0,120
10/23/2022,EYW,FL,ASO,ES,Federal Contract Tower,44,7,39,2,92,0,3,62,0,65,44,10,101,2,157,0,0,0,157
10/24/2022,EYW,FL,ASO,ES,Federal Contract Tower,39,11,16,0,66,0,0,48,0,48,39,11,64,0,114,10,0,10,124
10/25/2022,EYW,FL,ASO,ES,Federal Contract Tower,32,19,22,0,73,0,0,47,0,47,32,19,69,0,120,6,0,6,126
10/26/2022,EYW,FL,ASO,ES,Federal Contract Tower,36,27,36,0,99,0,0,68,0,68,36,27,104,0,167,18,0,18,185
10/27/2022,EYW,FL,ASO,ES,Federal Contract Tower,45,18,37,0,100,0,3,43,0,46,45,21,80,0,146,0,0,0,146
10/28/2022,EYW,FL,ASO,ES,Federal Contract Tower,43,16,32,0,91,0,5,61,4,70,43,21,93,4,161,2,0,2,163
10/29/2022,EYW,FL,ASO,ES,Federal Contract Tower,43,15,34,0,92,0,0,94,2,96,43,15,128,2,188,44,0,44,232
10/30/2022,EYW,FL,ASO,ES,Federal Contract Tower,50,27,49,0,126,0,6,67,1,74,50,33,116,1,200,2,0,2,202
10/31/2022,EYW,FL,ASO,ES,Federal Contract Tower,40,11,26,0,77,0,1,44,0,45,40,12,70,0,122,20,0,20,142
11/01/2022,EYW,FL,ASO,ES,Federal Contract Tower,33,13,19,0,65,0,7,37,0,44,33,20,56,0,109,18,0,18,127
11/02/2022,EYW,FL,ASO,ES,Federal Contract Tower,37,13,26,0,76,0,2,61,0,63,37,15,87,0,139,12,0,12,151
11/03/2022,EYW,FL,ASO,ES,Federal Contract Tower,53,14,40,0,107,0,2,37,3,42,53,16,77,3,149,0,0,0,149
11/04/2022,EYW,FL,ASO,ES,Federal Contract Tower,50,25,17,0,92,0,2,40,1,43,50,27,57,1,135,0,2,2,137
11/05/2022,EYW,FL,ASO,ES,Federal Contract Tower,55,8,12,0,75,0,2,49,0,51,55,10,61,0,126,0,0,0,126
11/06/2022,EYW,FL,ASO,ES,Federal Contract Tower,56,13,43,1,113,0,7,73,0,80,56,20,116,1,193,8,0,8,201
11/07/2022,EYW,FL,ASO,ES,Federal Contract Tower,48,17,30,0,95,0,2,60,0,62,48,19,90,0,157,28,0,28,185
11/08/2022,EYW,FL,ASO,ES,Federal Contract Tower,40,21,44,0,105,0,0,37,0,37,40,21,81,0,142,0,0,0,142
11/09/2022,EYW,FL,ASO,ES,Federal Contract Tower,32,6,27,2,67,0,6,18,0,24,32,12,45,2,91,0,0,0,91
11/10/2022,EYW,FL,ASO,ES,Federal Contract Tower,43,10,29,0,82,0,1,40,0,41,43,11,69,0,123,0,0,0,123
11/11/2022,EYW,FL,ASO,ES,Federal Contract Tower,50,14,42,0,106,0,7,96,2,105,50,21,138,2,211,18,0,18,229
11/13/2022,EYW,FL,ASO,ES,Federal Contract Tower,55,29,70,0,154,0,9,115,2,126,55,38,185,2,280,0,0,0,280
11/14/2022,EYW,FL,ASO,ES,Federal Contract Tower,48,22,41,0,111,0,8,70,0,78,48,30,111,0,189,4,0,4,193
11/15/2022,EYW,FL,ASO,ES,Federal Contract Tower,42,15,16,0,73,0,14,57,0,71,42,29,73,0,144,10,0,10,154
11/16/2022,EYW,FL,ASO,ES,Federal Contract Tower,42,5,16,0,63,0,1,32,0,33,42,6,48,0,96,16,0,16,112
11/17/2022,EYW,FL,ASO,ES,Federal Contract Tower,50,11,33,0,94,0,5,34,2,41,50,16,67,2,135,0,0,0,135
11/18/2022,EYW,FL,ASO,ES,Federal Contract Tower,55,14,35,0,104,0,6,64,0,70,55,20,99,0,174,0,0,0,174
11/19/2022,EYW,FL,ASO,ES,Federal Contract Tower,50,14,38,0,102,0,1,62,0,63,50,15,100,0,165,0,0,0,165
11/20/2022,EYW,FL,ASO,ES,Federal Contract Tower,48,13,31,0,92,0,2,28,0,30,48,15,59,0,122,4,0,4,126
11/21/2022,EYW,FL,ASO,ES,Federal Contract Tower,52,11,28,0,91,0,5,15,0,20,52,16,43,0,111,0,0,0,111
11/22/2022,EYW,FL,ASO,ES,Federal Contract Tower,49,19,48,0,116,0,7,31,0,38,49,26,79,0,154,2,0,2,156
11/23/2022,EYW,FL,ASO,ES,Federal Contract Tower,51,13,36,0,100,0,6,53,0,59,51,19,89,0,159,4,0,4,163
11/24/2022,EYW,FL,ASO,ES,Federal Contract Tower,36,1,10,0,47,0,2,34,0,36,36,3,44,0,83,2,0,2,85
11/25/2022,EYW,FL,ASO,ES,Federal Contract Tower,43,11,36,0,90,0,0,74,2,76,43,11,110,2,166,0,0,0,166
11/26/2022,EYW,FL,ASO,ES,Federal Contract Tower,53,11,41,0,105,0,2,70,0,72,53,13,111,0,177,0,0,0,177
11/27/2022,EYW,FL,ASO,ES,Federal Contract Tower,60,10,39,0,109,0,4,51,0,55,60,14,90,0,164,0,0,0,164
11/28/2022,EYW,FL,ASO,ES,Federal Contract Tower,48,1,22,0,71,0,2,47,0,49,48,3,69,0,120,0,0,0,120
11/29/2022,EYW,FL,ASO,ES,Federal Contract Tower,40,7,19,2,68,0,5,49,2,56,40,12,68,4,124,2,0,2,126
11/30/2022,EYW,FL,ASO,ES,Federal Contract Tower,44,11,24,0,79,0,6,44,0,50,44,17,68,0,129,2,0,2,131
12/01/2022,EYW,FL,ASO,ES,Federal Contract Tower,52,11,37,1,101,0,3,56,1,60,52,14,93,2,161,8,0,8,169
12/02/2022,EYW,FL,ASO,ES,Federal Contract Tower,54,16,39,0,109,0,2,55,3,60,54,18,94,3,169,4,0,4,173
12/03/2022,EYW,FL,ASO,ES,Federal Contract Tower,56,11,21,1,89,0,4,59,0,63,56,15,80,1,152,6,0,6,158
12/04/2022,EYW,FL,ASO,ES,Federal Contract Tower,53,14,34,0,101,0,7,43,2,52,53,21,77,2,153,12,0,12,165
12/05/2022,EYW,FL,ASO,ES,Federal Contract Tower,48,18,31,1,98,0,6,50,0,56,48,24,81,1,154,2,0,2,156
12/06/2022,EYW,FL,ASO,ES,Federal Contract Tower,40,9,17,0,66,0,3,37,1,41,40,12,54,1,107,0,0,0,107
12/07/2022,EYW,FL,ASO,ES,Federal Contract Tower,45,21,21,1,88,0,4,68,3,75,45,25,89,4,163,6,0,6,169
12/08/2022,EYW,FL,ASO,ES,Federal Contract Tower,53,10,27,2,92,0,6,51,2,59,53,16,78,4,151,2,0,2,153
12/09/2022,EYW,FL,ASO,ES,Federal Contract Tower,55,10,27,2,94,0,5,63,3,71,55,15,90,5,165,0,0,0,165
12/10/2022,EYW,FL,ASO,ES,Federal Contract Tower,55,20,20,1,96,0,1,56,2,59,55,21,76,3,155,2,0,2,157
12/11/2022,EYW,FL,ASO,ES,Federal Contract Tower,57,11,35,4,107,0,6,86,0,92,57,17,121,4,199,6,0,6,205
12/12/2022,EYW,FL,ASO,ES,Federal Contract Tower,49,8,28,0,85,0,0,53,1,54,49,8,81,1,139,16,0,16,155
12/13/2022,EYW,FL,ASO,ES,Federal Contract Tower,40,9,34,0,83,0,3,59,0,62,40,12,93,0,145,10,0,10,155
12/14/2022,EYW,FL,ASO,ES,Federal Contract Tower,43,11,29,0,83,0,4,59,0,63,43,15,88,0,146,14,0,14,160
12/15/2022,EYW,FL,ASO,ES,Federal Contract Tower,64,13,25,0,102,0,4,59,4,67,64,17,84,4,169,15,0,15,184
12/16/2022,EYW,FL,ASO,ES,Federal Contract Tower,63,13,48,0,124,0,3,40,0,43,63,16,88,0,167,4,0,4,171
12/17/2022,EYW,FL,ASO,ES,Federal Contract Tower,62,13,25,0,100,0,2,27,0,29,62,15,52,0,129,0,0,0,129
12/18/2022,EYW,FL,ASO,ES,Federal Contract Tower,66,10,45,1,122,0,1,52,0,53,66,11,97,1,175,0,0,0,175
12/19/2022,EYW,FL,ASO,ES,Federal Contract Tower,60,16,25,3,104,0,4,51,2,57,60,20,76,5,161,2,0,2,163
12/20/2022,EYW,FL,ASO,ES,Federal Contract Tower,49,14,15,0,78,0,0,35,1,36,49,14,50,1,114,0,0,0,114
12/21/2022,EYW,FL,ASO,ES,Federal Contract Tower,56,15,35,0,106,0,2,50,1,53,56,17,85,1,159,2,0,2,161
12/22/2022,EYW,FL,ASO,ES,Federal Contract Tower,56,18,18,0,92,0,5,56,0,61,56,23,74,0,153,8,0,8,161
12/23/2022,EYW,FL,ASO,ES,Federal Contract Tower,54,6,6,0,66,0,6,5,0,11,54,12,11,0,77,0,0,0,77
12/24/2022,EYW,FL,ASO,ES,Federal Contract Tower,46,3,15,0,64,0,9,31,0,40,46,12,46,0,104,0,0,0,104
12/25/2022,EYW,FL,ASO,ES,Federal Contract Tower,55,5,4,0,64,0,0,18,0,18,55,5,22,0,82,0,0,0,82
12/26/2022,EYW,FL,ASO,ES,Federal Contract Tower,60,14,37,0,111,0,3,31,2,36,60,17,68,2,147,0,0,0,147
12/27/2022,EYW,FL,ASO,ES,Federal Contract Tower,57,18,65,0,140,0,3,53,0,56,57,21,118,0,196,0,0,0,196
12/28/2022,EYW,FL,ASO,ES,Federal Contract Tower,57,23,57,2,139,0,10,105,8,123,57,33,162,10,262,0,0,0,262
12/29/2022,EYW,FL,ASO,ES,Federal Contract Tower,64,23,52,0,139,0,13,92,0,105,64,36,144,0,244,4,0,4,248
12/30/2022,EYW,FL,ASO,ES,Federal Contract Tower,59,12,57,0,128,0,7,92,0,99,59,19,149,0,227,2,0,2,229
12/31/2022,EYW,FL,ASO,ES,Federal Contract Tower,55,13,38,0,106,0,11,92,0,103,55,24,130,0,209,2,0,2,211
01/01/2023,EYW,FL,ASO,ES,Federal Contract Tower,57,19,41,0,117,0,6,75,0,81,57,25,116,0,198,0,0,0,198
01/02/2023,EYW,FL,ASO,ES,Federal Contract Tower,56,34,98,0,188,0,13,109,0,122,56,47,207,0,310,0,0,0,310
01/03/2023,EYW,FL,ASO,ES,Federal Contract Tower,52,15,47,2,116,0,27,57,1,85,52,42,104,3,201,8,0,8,209
01/04/2023,EYW,FL,ASO,ES,Federal Contract Tower,36,28,25,3,92,0,12,36,2,50,36,40,61,5,142,8,0,8,150
01/05/2023,EYW,FL,ASO,ES,Federal Contract Tower,57,23,28,0,108,0,6,42,3,51,57,29,70,3,159,0,0,0,159
01/06/2023,EYW,FL,ASO,ES,Federal Contract Tower,59,24,49,0,132,0,8,50,0,58,59,32,99,0,190,4,0,4,194
01/07/2023,EYW,FL,ASO,ES,Federal Contract Tower,65,14,29,0,108,0,2,65,0,67,65,16,94,0,175,0,0,0,175
01/08/2023,EYW,FL,ASO,ES,Federal Contract Tower,60,22,49,0,131,0,2,82,1,85,60,24,131,1,216,8,0,8,224
01/09/2023,EYW,FL,ASO,ES,Federal Contract Tower,55,13,24,2,94,0,0,41,4,45,55,13,65,6,139,0,0,0,139
01/10/2023,EYW,FL,ASO,ES,Federal Contract Tower,46,13,24,0,83,0,1,64,3,68,46,14,88,3,151,2,0,2,153
01/11/2023,EYW,FL,ASO,ES,Federal Contract Tower,39,17,24,2,82,0,3,76,3,82,39,20,100,5,164,4,0,4,168
01/12/2023,EYW,FL,ASO,ES,Federal Contract Tower,51,16,37,0,104,0,6,70,7,83,51,22,107,7,187,22,0,22,209
01/13/2023,EYW,FL,ASO,ES,Federal Contract Tower,51,20,48,0,119,0,3,17,6,26,51,23,65,6,145,0,0,0,145
01/14/2023,EYW,FL,ASO,ES,Federal Contract Tower,56,18,29,0,103,0,10,27,8,45,56,28,56,8,148,0,0,0,148
01/15/2023,EYW,FL,ASO,ES,Federal Contract Tower,50,25,61,0,136,0,6,78,7,91,50,31,139,7,227,6,0,6,233
01/16/2023,EYW,FL,ASO,ES,Federal Contract Tower,52,22,62,2,138,0,3,79,3,85,52,25,141,5,223,0,0,0,223
01/17/2023,EYW,FL,ASO,ES,Federal Contract Tower,38,14,24,3,79,0,2,66,2,70,38,16,90,5,149,2,0,2,151
01/18/2023,EYW,FL,ASO,ES,Federal Contract Tower,46,16,28,0,90,0,4,74,1,79,46,20,102,1,169,2,0,2,171
01/19/2023,EYW,FL,ASO,ES,Federal Contract Tower,56,13,25,0,94,0,0,66,4,70,56,13,91,4,164,0,0,0,164
01/20/2023,EYW,FL,ASO,ES,Federal Contract Tower,53,13,52,0,118,0,2,79,7,88,53,15,131,7,206,2,0,2,208
01/21/2023,EYW,FL,ASO,ES,Federal Contract Tower,57,13,23,0,93,0,3,100,3,106,57,16,123,3,199,0,0,0,199
01/22/2023,EYW,FL,ASO,ES,Federal Contract Tower,55,21,46,0,122,0,10,92,3,105,55,31,138,3,227,0,0,0,227
01/23/2023,EYW,FL,ASO,ES,Federal Contract Tower,48,11,49,0,108,0,2,44,2,48,48,13,93,2,156,0,0,0,156
01/24/2023,EYW,FL,ASO,ES,Federal Contract Tower,42,16,37,3,98,0,2,78,1,81,42,18,115,4,179,8,0,8,187
01/25/2023,EYW,FL,ASO,ES,Federal Contract Tower,43,14,26,0,83,0,20,51,3,74,43,34,77,3,157,6,0,6,163
01/26/2023,EYW,FL,ASO,ES,Federal Contract Tower,50,22,53,0,125,0,1,17,0,18,50,23,70,0,143,2,0,2,145
01/27/2023,EYW,FL,ASO,ES,Federal Contract Tower,53,13,40,0,106,0,8,25,0,33,53,21,65,0,139,0,0,0,139
01/28/2023,EYW,FL,ASO,ES,Federal Contract Tower,56,12,39,0,107,0,3,21,0,24,56,15,60,0,131,0,0,0,131
01/29/2023,EYW,FL,ASO,ES,Federal Contract Tower,55,15,60,1,131,0,4,70,2,76,55,19,130,3,207,14,0,14,221
01/30/2023,EYW,FL,ASO,ES,Federal Contract Tower,51,15,28,1,95,0,6,53,0,59,51,21,81,1,154,12,0,12,166
01/31/2023,EYW,FL,ASO,ES,Federal Contract Tower,42,23,23,0,88,0,2,66,0,68,42,25,89,0,156,2,0,2,158
02/01/2023,EYW,FL,ASO,ES,Federal Contract Tower,42,15,38,1,96,0,4,68,5,77,42,19,106,6,173,8,0,8,181
02/02/2023,EYW,FL,ASO,ES,Federal Contract Tower,54,17,46,0,117,0,5,57,0,62,54,22,103,0,179,0,0,0,179
02/03/2023,EYW,FL,ASO,ES,Federal Contract Tower,56,21,43,0,120,0,4,62,4,70,56,25,105,4,190,0,0,0,190
02/04/2023,EYW,FL,ASO,ES,Federal Contract Tower,59,20,28,0,107,0,0,9,0,9,59,20,37,0,116,0,0,0,116
02/05/2023,EYW,FL,ASO,ES,Federal Contract Tower,55,13,51,0,119,0,5,74,0,79,55,18,125,0,198,8,0,8,206
02/06/2023,EYW,FL,ASO,ES,Federal Contract Tower,48,16,32,7,103,0,2,59,1,62,48,18,91,8,165,8,0,8,173
02/07/2023,EYW,FL,ASO,ES,Federal Contract Tower,43,14,18,2,77,0,4,59,0,63,43,18,77,2,140,8,0,8,148
02/08/2023,EYW,FL,ASO,ES,Federal Contract Tower,47,17,33,8,105,0,5,77,0,82,47,22,110,8,187,6,0,6,193
02/09/2023,EYW,FL,ASO,ES,Federal Contract Tower,57,12,52,0,121,0,6,80,0,86,57,18,132,0,207,6,0,6,213
02/10/2023,EYW,FL,ASO,ES,Federal Contract Tower,54,31,56,0,141,0,6,87,0,93,54,37,143,0,234,0,0,0,234
02/11/2023,EYW,FL,ASO,ES,Federal Contract Tower,64,20,29,0,113,0,8,70,2,80,64,28,99,2,193,0,0,0,193
02/12/2023,EYW,FL,ASO,ES,Federal Contract Tower,58,25,68,2,153,0,2,52,4,58,58,27,120,6,211,0,0,0,211
02/13/2023,EYW,FL,ASO,ES,Federal Contract Tower,55,16,38,0,109,0,7,47,0,54,55,23,85,0,163,0,0,0,163
02/14/2023,EYW,FL,ASO,ES,Federal Contract Tower,43,14,32,0,89,0,2,78,4,84,43,16,110,4,173,14,0,14,187
02/15/2023,EYW,FL,ASO,ES,Federal Contract Tower,51,22,40,0,113,0,8,71,0,79,51,30,111,0,192,14,0,14,206
02/16/2023,EYW,FL,ASO,ES,Federal Contract Tower,61,22,46,0,129,0,5,68,0,73,61,27,114,0,202,2,0,2,204
02/17/2023,EYW,FL,ASO,ES,Federal Contract Tower,55,18,64,0,137,0,7,80,0,87,55,25,144,0,224,2,0,2,226
02/18/2023,EYW,FL,ASO,ES,Federal Contract Tower,66,21,41,0,128,0,9,57,0,66,66,30,98,0,194,4,0,4,198
02/19/2023,EYW,FL,ASO,ES,Federal Contract Tower,64,16,74,0,154,0,2,108,0,110,64,18,182,0,264,16,0,16,280
02/20/2023,EYW,FL,ASO,ES,Federal Contract Tower,57,20,56,0,133,0,7,90,0,97,57,27,146,0,230,6,0,6,236
02/21/2023,EYW,FL,ASO,ES,Federal Contract Tower,52,22,38,0,112,0,3,81,0,84,52,25,119,0,196,16,0,16,212
02/22/2023,EYW,FL,ASO,ES,Federal Contract Tower,55,21,37,0,113,0,6,68,0,74,55,27,105,0,187,20,0,20,207
02/23/2023,EYW,FL,ASO,ES,Federal Contract Tower,56,19,34,0,109,0,10,73,0,83,56,29,107,0,192,0,0,0,192
02/24/2023,EYW,FL,ASO,ES,Federal Contract Tower,53,23,50,0,126,0,3,72,0,75,53,26,122,0,201,2,0,2,203
02/25/2023,EYW,FL,ASO,ES,Federal Contract Tower,63,18,31,0,112,0,7,80,0,87,63,25,111,0,199,24,0,24,223
02/26/2023,EYW,FL,ASO,ES,Federal Contract Tower,58,21,53,0,132,0,2,86,0,88,58,23,139,0,220,0,0,0,220
02/27/2023,EYW,FL,ASO,ES,Federal Contract Tower,53,16,28,0,97,0,2,67,0,69,53,18,95,0,166,6,0,6,172
02/28/2023,EYW,FL,ASO,ES,Federal Contract Tower,47,16,22,0,85,0,0,87,0,87,47,16,109,0,172,8,0,8,180
03/01/2023,EYW,FL,ASO,ES,Federal Contract Tower,52,22,40,0,114,0,3,73,1,77,52,25,113,1,191,10,0,10,201
03/02/2023,EYW,FL,ASO,ES,Federal Contract Tower,60,27,36,0,123,0,5,62,5,72,60,32,98,5,195,0,0,0,195
03/03/2023,EYW,FL,ASO,ES,Federal Contract Tower,60,16,37,0,113,0,9,51,2,62,60,25,88,2,175,0,0,0,175
03/04/2023,EYW,FL,ASO,ES,Federal Contract Tower,62,17,41,0,120,0,4,78,2,84,62,21,119,2,204,0,0,0,204
03/05/2023,EYW,FL,ASO,ES,Federal Contract Tower,65,19,61,0,145,0,5,86,0,91,65,24,147,0,236,2,0,2,238
03/06/2023,EYW,FL,ASO,ES,Federal Contract Tower,58,12,22,0,92,0,5,77,0,82,58,17,99,0,174,22,0,22,196
03/07/2023,EYW,FL,ASO,ES,Federal Contract Tower,51,17,21,0,89,0,1,72,0,73,51,18,93,0,162,2,0,2,164
03/08/2023,EYW,FL,ASO,ES,Federal Contract Tower,57,14,22,5,98,0,6,53,0,59,57,20,75,5,157,12,0,12,169
03/09/2023,EYW,FL,ASO,ES,Federal Contract Tower,63,22,29,0,114,0,4,62,12,78,63,26,91,12,192,12,0,12,204
03/10/2023,EYW,FL,ASO,ES,Federal Contract Tower,63,13,60,0,136,0,8,67,4,79,63,21,127,4,215,0,0,0,215
03/11/2023,EYW,FL,ASO,ES,Federal Contract Tower,63,16,46,0,125,0,0,82,0,82,63,16,128,0,207,0,0,0,207
03/12/2023,EYW,FL,ASO,ES,Federal Contract Tower,64,22,85,0,171,0,5,94,0,99,64,27,179,0,270,6,0,6,276
03/13/2023,EYW,FL,ASO,ES,Federal Contract Tower,58,20,26,1,105,0,0,28,3,31,58,20,54,4,136,2,0,2,138
03/14/2023,EYW,FL,ASO,ES,Federal Contract Tower,57,25,30,1,113,0,2,69,0,71,57,27,99,1,184,4,0,4,188
03/15/2023,EYW,FL,ASO,ES,Federal Contract Tower,57,13,33,0,103,0,1,17,0,18,57,14,50,0,121,0,0,0,121
03/16/2023,EYW,FL,ASO,ES,Federal Contract Tower,60,28,55,0,143,0,8,61,0,69,60,36,116,0,212,2,0,2,214
03/17/2023,EYW,FL,ASO,ES,Federal Contract Tower,64,24,52,1,141,0,1,74,0,75,64,25,126,1,216,0,0,0,216
03/18/2023,EYW,FL,ASO,ES,Federal Contract Tower,63,24,43,0,130,0,4,74,0,78,63,28,117,0,208,0,4,4,212
03/19/2023,EYW,FL,ASO,ES,Federal Contract Tower,65,15,55,0,135,0,9,33,0,42,65,24,88,0,177,2,0,2,179
03/20/2023,EYW,FL,ASO,ES,Federal Contract Tower,57,9,19,2,87,0,5,19,4,28,57,14,38,6,115,2,0,2,117
03/21/2023,EYW,FL,ASO,ES,Federal Contract Tower,52,15,28,0,95,0,2,79,0,81,52,17,107,0,176,36,0,36,212
03/22/2023,EYW,FL,ASO,ES,Federal Contract Tower,58,15,30,0,103,0,4,99,2,105,58,19,129,2,208,4,0,4,212
03/23/2023,EYW,FL,ASO,ES,Federal Contract Tower,61,21,48,0,130,0,2,70,4,76,61,23,118,4,206,6,0,6,212
03/24/2023,EYW,FL,ASO,ES,Federal Contract Tower,65,22,51,0,138,0,9,87,1,97,65,31,138,1,235,2,0,2,237
03/25/2023,EYW,FL,ASO,ES,Federal Contract Tower,63,18,40,0,121,0,8,80,5,93,63,26,120,5,214,6,0,6,220
03/26/2023,EYW,FL,ASO,ES,Federal Contract Tower,61,12,41,3,117,0,4,78,0,82,61,16,119,3,199,6,0,6,205
03/27/2023,EYW,FL,ASO,ES,Federal Contract Tower,59,11,40,0,110,0,1,86,0,87,59,12,126,0,197,14,0,14,211
03/28/2023,EYW,FL,ASO,ES,Federal Contract Tower,49,10,15,0,74,0,2,79,1,82,49,12,94,1,156,32,0,32,188
03/29/2023,EYW,FL,ASO,ES,Federal Contract Tower,54,19,37,0,110,0,13,52,0,65,54,32,89,0,175,20,0,20,195
03/30/2023,EYW,FL,ASO,ES,Federal Contract Tower,63,26,51,0,140,0,6,66,0,72,63,32,117,0,212,20,0,20,232
03/31/2023,EYW,FL,ASO,ES,Federal Contract Tower,62,26,49,0,137,0,11,56,2,69,62,37,105,2,206,0,0,0,206
04/01/2023,EYW,FL,ASO,ES,Federal Contract Tower,63,25,50,0,138,0,11,105,0,116,63,36,155,0,254,8,0,8,262
04/02/2023,EYW,FL,ASO,ES,Federal Contract Tower,71,17,78,0,166,0,7,112,0,119,71,24,190,0,285,2,2,4,289
04/03/2023,EYW,FL,ASO,ES,Federal Contract Tower,58,27,31,0,116,0,2,78,0,80,58,29,109,0,196,10,0,10,206
04/04/2023,EYW,FL,ASO,ES,Federal Contract Tower,56,16,23,4,99,0,0,68,3,71,56,16,91,7,170,20,0,20,190
04/05/2023,EYW,FL,ASO,ES,Federal Contract Tower,57,16,30,0,103,0,1,51,0,52,57,17,81,0,155,12,0,12,167
04/06/2023,EYW,FL,ASO,ES,Federal Contract Tower,56,18,27,3,104,0,4,62,2,68,56,22,89,5,172,30,2,32,204
04/07/2023,EYW,FL,ASO,ES,Federal Contract Tower,61,19,34,0,114,0,11,69,0,80,61,30,103,0,194,8,0,8,202
04/08/2023,EYW,FL,ASO,ES,Federal Contract Tower,60,14,37,0,111,0,4,72,3,79,60,18,109,3,190,0,2,2,192
04/09/2023,EYW,FL,ASO,ES,Federal Contract Tower,63,10,36,0,109,0,1,90,2,93,63,11,126,2,202,14,4,18,220
04/10/2023,EYW,FL,ASO,ES,Federal Contract Tower,60,27,42,2,131,0,5,58,0,63,60,32,100,2,194,0,0,0,194
04/11/2023,EYW,FL,ASO,ES,Federal Contract Tower,56,14,32,0,102,0,0,24,0,24,56,14,56,0,126,0,0,0,126
04/12/2023,EYW,FL,ASO,ES,Federal Contract Tower,52,24,42,0,118,0,0,56,0,56,52,24,98,0,174,0,0,0,174
04/13/2023,EYW,FL,ASO,ES,Federal Contract Tower,61,21,43,0,125,0,2,29,0,31,61,23,72,0,156,0,0,0,156
04/14/2023,EYW,FL,ASO,ES,Federal Contract Tower,64,17,53,0,134,0,5,49,0,54,64,22,102,0,188,0,0,0,188
04/15/2023,EYW,FL,ASO,ES,Federal Contract Tower,60,20,42,2,124,0,5,53,0,58,60,25,95,2,182,0,0,0,182
04/16/2023,EYW,FL,ASO,ES,Federal Contract Tower,63,22,74,0,159,0,3,61,0,64,63,25,135,0,223,0,0,0,223
04/17/2023,EYW,FL,ASO,ES,Federal Contract Tower,39,12,13,0,64,0,2,11,0,13,39,14,24,0,77,0,0,0,77
04/18/2023,EYW,FL,ASO,ES,Federal Contract Tower,55,20,20,0,95,0,4,56,1,61,55,24,76,1,156,4,0,4,160
04/19/2023,EYW,FL,ASO,ES,Federal Contract Tower,56,25,36,0,117,0,4,54,0,58,56,29,90,0,175,22,0,22,197
04/20/2023,EYW,FL,ASO,ES,Federal Contract Tower,54,21,32,0,107,0,10,57,0,67,54,31,89,0,174,0,0,0,174
04/21/2023,EYW,FL,ASO,ES,Federal Contract Tower,59,23,33,4,119,0,6,76,1,83,59,29,109,5,202,24,0,24,226
04/22/2023,EYW,FL,ASO,ES,Federal Contract Tower,67,13,27,3,110,0,3,70,0,73,67,16,97,3,183,0,0,0,183
04/23/2023,EYW,FL,ASO,ES,Federal Contract Tower,63,18,54,0,135,0,5,83,2,90,63,23,137,2,225,0,0,0,225
04/24/2023,EYW,FL,ASO,ES,Federal Contract Tower,56,14,31,0,101,0,1,55,0,56,56,15,86,0,157,22,0,22,179
04/25/2023,EYW,FL,ASO,ES,Federal Contract Tower,52,10,33,0,95,0,0,42,0,42,52,10,75,0,137,56,0,56,193
04/26/2023,EYW,FL,ASO,ES,Federal Contract Tower,55,16,26,2,99,2,6,39,0,47,57,22,65,2,146,0,0,0,146
04/27/2023,EYW,FL,ASO,ES,Federal Contract Tower,56,14,32,0,102,0,0,67,2,69,56,14,99,2,171,58,2,60,231
04/28/2023,EYW,FL,ASO,ES,Federal Contract Tower,58,20,41,0,119,0,6,82,0,88,58,26,123,0,207,2,0,2,209
04/29/2023,EYW,FL,ASO,ES,Federal Contract Tower,58,16,27,0,101,0,1,55,0,56,58,17,82,0,157,2,0,2,159
04/30/2023,EYW,FL,ASO,ES,Federal Contract Tower,57,8,30,0,95,0,2,13,6,21,57,10,43,6,116,0,0,0,116
05/01/2023,EYW,FL,ASO,ES,Federal Contract Tower,57,14,28,0,99,0,4,50,0,54,57,18,78,0,153,0,0,0,153
05/02/2023,EYW,FL,ASO,ES,Federal Contract Tower,53,17,23,0,93,0,9,64,2,75,53,26,87,2,168,20,0,20,188
05/03/2023,EYW,FL,ASO,ES,Federal Contract Tower,56,20,32,0,108,0,7,63,0,70,56,27,95,0,178,8,0,8,186
05/04/2023,EYW,FL,ASO,ES,Federal Contract Tower,59,16,35,0,110,0,15,96,0,111,59,31,131,0,221,20,0,20,241
05/05/2023,EYW,FL,ASO,ES,Federal Contract Tower,46,18,36,0,100,0,5,55,1,61,46,23,91,1,161,4,0,4,165
05/06/2023,EYW,FL,ASO,ES,Federal Contract Tower,45,12,24,0,81,0,0,61,0,61,45,12,85,0,142,4,0,4,146
05/07/2023,EYW,FL,ASO,ES,Federal Contract Tower,50,21,36,0,107,0,2,66,0,68,50,23,102,0,175,2,0,2,177
05/08/2023,EYW,FL,ASO,ES,Federal Contract Tower,45,12,28,0,85,0,2,58,2,62,45,14,86,2,147,42,0,42,189
05/09/2023,EYW,FL,ASO,ES,Federal Contract Tower,39,16,23,0,78,0,2,48,2,52,39,18,71,2,130,24,0,24,154
05/10/2023,EYW,FL,ASO,ES,Federal Contract Tower,44,14,34,0,92,0,4,74,0,78,44,18,108,0,170,18,0,18,188
05/11/2023,EYW,FL,ASO,ES,Federal Contract Tower,46,15,27,0,88,0,0,64,0,64,46,15,91,0,152,12,0,12,164
05/12/2023,EYW,FL,ASO,ES,Federal Contract Tower,46,15,34,0,95,0,2,61,0,63,46,17,95,0,158,16,0,16,174
05/13/2023,EYW,FL,ASO,ES,Federal Contract Tower,41,19,26,4,90,0,3,63,0,66,41,22,89,4,156,0,0,0,156
05/14/2023,EYW,FL,ASO,ES,Federal Contract Tower,48,5,41,0,94,0,2,70,0,72,48,7,111,0,166,14,0,14,180
05/15/2023,EYW,FL,ASO,ES,Federal Contract Tower,44,18,30,0,92,0,4,68,0,72,44,22,98,0,164,2,0,2,166
05/16/2023,EYW,FL,ASO,ES,Federal Contract Tower,38,6,16,0,60,0,3,56,0,59,38,9,72,0,119,18,0,18,137
05/17/2023,EYW,FL,ASO,ES,Federal Contract Tower,40,16,34,0,90,0,2,56,0,58,40,18,90,0,148,6,0,6,154
05/18/2023,EYW,FL,ASO,ES,Federal Contract Tower,42,20,32,0,94,0,1,59,0,60,42,21,91,0,154,0,0,0,154
05/19/2023,EYW,FL,ASO,ES,Federal Contract Tower,35,11,31,0,77,0,7,37,1,45,35,18,68,1,122,2,0,2,124
05/21/2023,EYW,FL,ASO,ES,Federal Contract Tower,45,12,29,0,86,0,4,71,0,75,45,16,100,0,161,6,0,6,167
05/22/2023,EYW,FL,ASO,ES,Federal Contract Tower,39,17,21,2,79,0,2,55,0,57,39,19,76,2,136,0,0,0,136
05/23/2023,EYW,FL,ASO,ES,Federal Contract Tower,39,14,22,0,75,0,0,74,0,74,39,14,96,0,149,10,2,12,161
05/24/2023,EYW,FL,ASO,ES,Federal Contract Tower,38,15,18,0,71,0,1,17,2,20,38,16,35,2,91,0,0,0,91
05/25/2023,EYW,FL,ASO,ES,Federal Contract Tower,45,19,30,1,95,0,4,63,0,67,45,23,93,1,162,18,0,18,180
05/26/2023,EYW,FL,ASO,ES,Federal Contract Tower,42,13,35,0,90,0,4,51,1,56,42,17,86,1,146,2,0,2,148
05/27/2023,EYW,FL,ASO,ES,Federal Contract Tower,40,12,28,0,80,0,4,57,0,61,40,16,85,0,141,0,2,2,143
05/28/2023,EYW,FL,ASO,ES,Federal Contract Tower,48,10,25,0,83,0,0,77,0,77,48,10,102,0,160,8,0,8,168
05/29/2023,EYW,FL,ASO,ES,Federal Contract Tower,41,14,49,0,104,0,3,74,0,77,41,17,123,0,181,0,0,0,181
05/30/2023,EYW,FL,ASO,ES,Federal Contract Tower,37,13,32,0,82,0,5,58,4,67,37,18,90,4,149,4,0,4,153
05/31/2023,EYW,FL,ASO,ES,Federal Contract Tower,40,19,20,0,79,0,2,52,0,54,40,21,72,0,133,14,0,14,147
06/01/2023,EYW,FL,ASO,ES,Federal Contract Tower,47,13,29,0,89,0,4,64,0,68,47,17,93,0,157,18,0,18,175
06/02/2023,EYW,FL,ASO,ES,Federal Contract Tower,42,28,35,0,105,0,1,39,0,40,42,29,74,0,145,6,0,6,151
06/03/2023,EYW,FL,ASO,ES,Federal Contract Tower,40,11,18,0,69,0,2,51,0,53,40,13,69,0,122,0,0,0,122
06/04/2023,EYW,FL,ASO,ES,Federal Contract Tower,45,10,13,0,68,0,7,57,2,66,45,17,70,2,134,14,0,14,148
06/05/2023,EYW,FL,ASO,ES,Federal Contract Tower,41,6,31,0,78,0,5,54,0,59,41,11,85,0,137,4,0,4,141
06/06/2023,EYW,FL,ASO,ES,Federal Contract Tower,36,10,16,0,62,0,1,44,0,45,36,11,60,0,107,0,0,0,107
06/07/2023,EYW,FL,ASO,ES,Federal Contract Tower,38,7,21,0,66,0,5,50,0,55,38,12,71,0,121,14,0,14,135
06/08/2023,EYW,FL,ASO,ES,Federal Contract Tower,39,16,27,4,86,0,6,39,0,45,39,22,66,4,131,18,0,18,149
06/09/2023,EYW,FL,ASO,ES,Federal Contract Tower,41,12,32,0,85,0,2,63,1,66,41,14,95,1,151,20,0,20,171
06/10/2023,EYW,FL,ASO,ES,Federal Contract Tower,40,17,28,0,85,0,2,84,1,87,40,19,112,1,172,2,0,2,174
06/11/2023,EYW,FL,ASO,ES,Federal Contract Tower,43,18,31,0,92,0,0,71,0,71,43,18,102,0,163,2,0,2,165
06/12/2023,EYW,FL,ASO,ES,Federal Contract Tower,39,11,24,1,75,0,3,49,2,54,39,14,73,3,129,0,0,0,129
06/13/2023,EYW,FL,ASO,ES,Federal Contract Tower,38,5,22,0,65,0,0,53,1,54,38,5,75,1,119,4,0,4,123
06/14/2023,EYW,FL,ASO,ES,Federal Contract Tower,35,18,15,2,70,0,2,50,0,52,35,20,65,2,122,2,0,2,124
06/15/2023,EYW,FL,ASO,ES,Federal Contract Tower,41,17,23,0,81,0,0,45,0,45,41,17,68,0,126,12,0,12,138
06/16/2023,EYW,FL,ASO,ES,Federal Contract Tower,38,14,47,0,99,0,5,53,0,58,38,19,100,0,157,16,0,16,173
06/17/2023,EYW,FL,ASO,ES,Federal Contract Tower,34,19,20,0,73,0,0,57,0,57,34,19,77,0,130,0,0,0,130
06/18/2023,EYW,FL,ASO,ES,Federal Contract Tower,42,10,40,0,92,0,4,51,0,55,42,14,91,0,147,6,0,6,153
06/19/2023,EYW,FL,ASO,ES,Federal Contract Tower,38,5,24,0,67,0,2,50,0,52,38,7,74,0,119,2,0,2,121
06/20/2023,EYW,FL,ASO,ES,Federal Contract Tower,31,8,18,0,57,0,1,51,0,52,31,9,69,0,109,22,0,22,131
06/21/2023,EYW,FL,ASO,ES,Federal Contract Tower,32,9,19,0,60,0,2,56,4,62,32,11,75,4,122,24,0,24,146
06/22/2023,EYW,FL,ASO,ES,Federal Contract Tower,45,14,20,0,79,0,3,58,0,61,45,17,78,0,140,0,0,0,140
06/23/2023,EYW,FL,ASO,ES,Federal Contract Tower,40,9,24,0,73,0,4,73,0,77,40,13,97,0,150,12,0,12,162
06/24/2023,EYW,FL,ASO,ES,Federal Contract Tower,35,5,15,0,55,0,1,58,0,59,35,6,73,0,114,4,0,4,118
06/25/2023,EYW,FL,ASO,ES,Federal Contract Tower,42,15,38,0,95,0,4,56,0,60,42,19,94,0,155,0,0,0,155
06/26/2023,EYW,FL,ASO,ES,Federal Contract Tower,38,4,25,0,67,0,9,38,0,47,38,13,63,0,114,0,0,0,114
06/27/2023,EYW,FL,ASO,ES,Federal Contract Tower,36,12,20,0,68,0,6,61,0,67,36,18,81,0,135,16,0,16,151
06/28/2023,EYW,FL,ASO,ES,Federal Contract Tower,38,10,19,0,67,0,2,65,0,67,38,12,84,0,134,58,0,58,192
06/29/2023,EYW,FL,ASO,ES,Federal Contract Tower,37,16,37,0,90,0,4,46,0,50,37,20,83,0,140,10,0,10,150
06/30/2023,EYW,FL,ASO,ES,Federal Contract Tower,41,17,39,0,97,0,12,54,2,68,41,29,93,2,165,6,0,6,171
07/01/2023,EYW,FL,ASO,ES,Federal Contract Tower,36,11,21,0,68,0,0,51,0,51,36,11,72,0,119,0,0,0,119
07/02/2023,EYW,FL,ASO,ES,Federal Contract Tower,42,7,12,0,61,0,2,61,0,63,42,9,73,0,124,6,0,6,130
07/03/2023,EYW,FL,ASO,ES,Federal Contract Tower,42,14,33,0,89,0,7,65,6,78,42,21,98,6,167,0,0,0,167
07/04/2023,EYW,FL,ASO,ES,Federal Contract Tower,31,3,10,0,44,0,0,60,2,62,31,3,70,2,106,0,0,0,106
07/05/2023,EYW,FL,ASO,ES,Federal Contract Tower,36,12,37,0,85,0,2,74,0,76,36,14,111,0,161,12,0,12,173
07/06/2023,EYW,FL,ASO,ES,Federal Contract Tower,42,12,28,0,82,0,0,61,0,61,42,12,89,0,143,20,0,20,163
07/07/2023,EYW,FL,ASO,ES,Federal Contract Tower,40,16,31,1,88,0,4,61,0,65,40,20,92,1,153,2,0,2,155
07/08/2023,EYW,FL,ASO,ES,Federal Contract Tower,43,11,11,0,65,0,0,52,1,53,43,11,63,1,118,0,0,0,118
07/09/2023,EYW,FL,ASO,ES,Federal Contract Tower,48,4,37,0,89,0,2,76,0,78,48,6,113,0,167,4,0,4,171
07/10/2023,EYW,FL,ASO,ES,Federal Contract Tower,37,14,22,0,73,0,0,47,0,47,37,14,69,0,120,0,0,0,120
07/11/2023,EYW,FL,ASO,ES,Federal Contract Tower,33,18,22,0,73,0,3,50,2,55,33,21,72,2,128,14,0,14,142
07/12/2023,EYW,FL,ASO,ES,Federal Contract Tower,36,9,14,0,59,0,0,63,0,63,36,9,77,0,122,8,0,8,130
07/13/2023,EYW,FL,ASO,ES,Federal Contract Tower,44,19,35,2,100,0,4,51,0,55,44,23,86,2,155,0,0,0,155
07/14/2023,EYW,FL,ASO,ES,Federal Contract Tower,41,17,25,0,83,0,6,59,0,65,41,23,84,0,148,0,0,0,148
07/15/2023,EYW,FL,ASO,ES,Federal Contract Tower,39,10,22,0,71,0,5,61,0,66,39,15,83,0,137,0,0,0,137
07/16/2023,EYW,FL,ASO,ES,Federal Contract Tower,38,11,38,0,87,0,13,88,0,101,38,24,126,0,188,10,0,10,198
07/17/2023,EYW,FL,ASO,ES,Federal Contract Tower,40,16,23,4,83,0,2,64,0,66,40,18,87,4,149,0,0,0,149
07/18/2023,EYW,FL,ASO,ES,Federal Contract Tower,36,9,23,0,68,0,0,34,2,36,36,9,57,2,104,12,0,12,116
07/19/2023,EYW,FL,ASO,ES,Federal Contract Tower,38,11,16,0,65,0,3,37,0,40,38,14,53,0,105,0,0,0,105
07/20/2023,EYW,FL,ASO,ES,Federal Contract Tower,43,12,24,0,79,0,1,84,0,85,43,13,108,0,164,50,0,50,214
07/21/2023,EYW,FL,ASO,ES,Federal Contract Tower,41,13,44,0,98,0,3,85,0,88,41,16,129,0,186,6,0,6,192
07/22/2023,EYW,FL,ASO,ES,Federal Contract Tower,37,9,30,0,76,0,5,77,4,86,37,14,107,4,162,2,0,2,164
07/23/2023,EYW,FL,ASO,ES,Federal Contract Tower,42,10,41,0,93,0,1,86,1,88,42,11,127,1,181,2,0,2,183
07/24/2023,EYW,FL,ASO,ES,Federal Contract Tower,40,19,24,0,83,0,3,59,0,62,40,22,83,0,145,4,0,4,149
07/25/2023,EYW,FL,ASO,ES,Federal Contract Tower,39,15,44,0,98,0,0,68,0,68,39,15,112,0,166,24,0,24,190
07/26/2023,EYW,FL,ASO,ES,Federal Contract Tower,39,15,21,0,75,0,0,54,2,56,39,15,75,2,131,14,0,14,145
07/27/2023,EYW,FL,ASO,ES,Federal Contract Tower,42,13,24,0,79,0,1,47,6,54,42,14,71,6,133,4,0,4,137
07/28/2023,EYW,FL,ASO,ES,Federal Contract Tower,40,15,52,0,107,0,1,78,0,79,40,16,130,0,186,0,2,2,188
07/29/2023,EYW,FL,ASO,ES,Federal Contract Tower,41,13,42,0,96,0,4,73,0,77,41,17,115,0,173,0,0,0,173
07/30/2023,EYW,FL,ASO,ES,Federal Contract Tower,44,19,40,0,103,0,2,65,0,67,44,21,105,0,170,14,0,14,184
07/31/2023,EYW,FL,ASO,ES,Federal Contract Tower,40,8,17,0,65,0,3,58,0,61,40,11,75,0,126,0,0,0,126
08/01/2023,EYW,FL,ASO,ES,Federal Contract Tower,37,18,18,0,73,0,0,49,2,51,37,18,67,2,124,0,0,0,124
08/02/2023,EYW,FL,ASO,ES,Federal Contract Tower,38,11,31,0,80,0,0,45,7,52,38,11,76,7,132,0,0,0,132
08/03/2023,EYW,FL,ASO,ES,Federal Contract Tower,43,10,17,1,71,0,1,75,5,81,43,11,92,6,152,6,0,6,158
08/04/2023,EYW,FL,ASO,ES,Federal Contract Tower,38,13,35,1,87,0,3,63,1,67,38,16,98,2,154,4,0,4,158
08/05/2023,EYW,FL,ASO,ES,Federal Contract Tower,38,10,20,0,68,0,3,83,0,86,38,13,103,0,154,0,0,0,154
08/06/2023,EYW,FL,ASO,ES,Federal Contract Tower,42,16,33,0,91,0,3,80,4,87,42,19,113,4,178,0,0,0,178
08/07/2023,EYW,FL,ASO,ES,Federal Contract Tower,39,10,33,0,82,0,2,44,2,48,39,12,77,2,130,0,2,2,132
08/08/2023,EYW,FL,ASO,ES,Federal Contract Tower,37,10,22,0,69,0,2,66,0,68,37,12,88,0,137,2,0,2,139
08/09/2023,EYW,FL,ASO,ES,Federal Contract Tower,38,16,19,0,73,0,2,46,1,49,38,18,65,1,122,12,0,12,134
08/10/2023,EYW,FL,ASO,ES,Federal Contract Tower,42,13,20,0,75,0,9,59,0,68,42,22,79,0,143,12,0,12,155
08/11/2023,EYW,FL,ASO,ES,Federal Contract Tower,40,18,28,0,86,0,1,48,1,50,40,19,76,1,136,0,0,0,136
08/12/2023,EYW,FL,ASO,ES,Federal Contract Tower,36,12,25,0,73,0,0,43,2,45,36,12,68,2,118,2,0,2,120
08/13/2023,EYW,FL,ASO,ES,Federal Contract Tower,41,8,32,0,81,0,1,67,0,68,41,9,99,0,149,6,0,6,155
08/14/2023,EYW,FL,ASO,ES,Federal Contract Tower,36,12,19,0,67,0,1,58,1,60,36,13,77,1,127,10,0,10,137
08/15/2023,EYW,FL,ASO,ES,Federal Contract Tower,29,12,22,0,63,0,4,30,0,34,29,16,52,0,97,4,0,4,101
08/16/2023,EYW,FL,ASO,ES,Federal Contract Tower,29,17,10,0,56,0,0,66,0,66,29,17,76,0,122,2,0,2,124
08/17/2023,EYW,FL,ASO,ES,Federal Contract Tower,36,8,27,0,71,0,0,46,1,47,36,8,73,1,118,2,0,2,120
08/18/2023,EYW,FL,ASO,ES,Federal Contract Tower,36,9,22,0,67,0,0,53,0,53,36,9,75,0,120,10,0,10,130
08/19/2023,EYW,FL,ASO,ES,Federal Contract Tower,30,9,11,0,50,0,2,50,0,52,30,11,61,0,102,10,0,10,112
08/20/2023,EYW,FL,ASO,ES,Federal Contract Tower,39,5,34,0,78,0,0,10,0,10,39,5,44,0,88,0,0,0,88
08/21/2023,EYW,FL,ASO,ES,Federal Contract Tower,34,11,23,1,69,0,1,39,0,40,34,12,62,1,109,0,0,0,109
08/22/2023,EYW,FL,ASO,ES,Federal Contract Tower,30,8,14,0,52,0,1,34,0,35,30,9,48,0,87,66,0,66,153
08/23/2023,EYW,FL,ASO,ES,Federal Contract Tower,28,10,22,1,61,0,2,44,2,48,28,12,66,3,109,4,2,6,115
08/24/2023,EYW,FL,ASO,ES,Federal Contract Tower,37,10,22,0,69,0,4,50,1,55,37,14,72,1,124,22,0,22,146
08/25/2023,EYW,FL,ASO,ES,Federal Contract Tower,36,11,25,0,72,0,2,59,0,61,36,13,84,0,133,0,0,0,133
08/26/2023,EYW,FL,ASO,ES,Federal Contract Tower,31,6,29,1,67,0,0,47,0,47,31,6,76,1,114,6,0,6,120
08/27/2023,EYW,FL,ASO,ES,Federal Contract Tower,42,3,27,0,72,0,2,51,0,53,42,5,78,0,125,2,0,2,127
08/28/2023,EYW,FL,ASO,ES,Federal Contract Tower,35,5,14,0,54,0,0,25,0,25,35,5,39,0,79,0,0,0,79
08/29/2023,EYW,FL,ASO,ES,Federal Contract Tower,7,0,1,0,8,0,0,0,0,0,7,0,1,0,8,0,0,0,8
08/30/2023,EYW,FL,ASO,ES,Federal Contract Tower,29,3,4,0,36,0,0,8,0,8,29,3,12,0,44,0,0,0,44
08/31/2023,EYW,FL,ASO,ES,Federal Contract Tower,38,16,29,0,83,0,3,51,0,54,38,19,80,0,137,6,0,6,143
01/01/2020,EYW,FL,ASO,ES,Federal Contract Tower,51,20,28,0,99,0,10,86,0,96,51,30,114,0,195,20,0,20,215
01/02/2020,EYW,FL,ASO,ES,Federal Contract Tower,60,24,47,2,133,0,6,81,0,87,60,30,128,2,220,0,0,0,220
01/03/2020,EYW,FL,ASO,ES,Federal Contract Tower,60,22,45,2,129,0,16,83,0,99,60,38,128,2,228,0,0,0,228
01/04/2020,EYW,FL,ASO,ES,Federal Contract Tower,64,10,33,0,107,0,6,77,0,83,64,16,110,0,190,6,0,6,196
01/05/2020,EYW,FL,ASO,ES,Federal Contract Tower,66,14,34,0,114,0,5,45,1,51,66,19,79,1,165,0,0,0,165
01/07/2020,EYW,FL,ASO,ES,Federal Contract Tower,49,15,37,2,103,0,0,84,0,84,49,15,121,2,187,10,0,10,197
01/08/2020,EYW,FL,ASO,ES,Federal Contract Tower,49,10,31,3,93,0,2,67,8,77,49,12,98,11,170,10,0,10,180
01/09/2020,EYW,FL,ASO,ES,Federal Contract Tower,57,8,30,1,96,0,3,18,0,21,57,11,48,1,117,10,4,14,131
01/10/2020,EYW,FL,ASO,ES,Federal Contract Tower,60,21,39,3,123,0,8,13,2,23,60,29,52,5,146,0,2,2,148
01/11/2020,EYW,FL,ASO,ES,Federal Contract Tower,64,8,29,2,103,0,2,53,0,55,64,10,82,2,158,2,0,2,160
01/12/2020,EYW,FL,ASO,ES,Federal Contract Tower,64,17,60,2,143,0,11,41,1,53,64,28,101,3,196,2,0,2,198
01/13/2020,EYW,FL,ASO,ES,Federal Contract Tower,59,9,32,0,100,0,1,50,0,51,59,10,82,0,151,0,0,0,151
01/14/2020,EYW,FL,ASO,ES,Federal Contract Tower,50,15,23,0,88,0,5,66,0,71,50,20,89,0,159,8,2,10,169
01/15/2020,EYW,FL,ASO,ES,Federal Contract Tower,51,18,32,2,103,0,10,54,0,64,51,28,86,2,167,16,2,18,185
01/16/2020,EYW,FL,ASO,ES,Federal Contract Tower,56,21,25,0,102,0,5,72,2,79,56,26,97,2,181,0,0,0,181
01/17/2020,EYW,FL,ASO,ES,Federal Contract Tower,59,21,47,0,127,0,2,66,0,68,59,23,113,0,195,0,0,0,195
01/18/2020,EYW,FL,ASO,ES,Federal Contract Tower,66,15,39,0,120,0,4,65,0,69,66,19,104,0,189,2,0,2,191
01/19/2020,EYW,FL,ASO,ES,Federal Contract Tower,61,17,45,0,123,0,3,90,0,93,61,20,135,0,216,14,0,14,230
01/20/2020,EYW,FL,ASO,ES,Federal Contract Tower,60,16,37,0,113,0,1,56,0,57,60,17,93,0,170,0,0,0,170
01/21/2020,EYW,FL,ASO,ES,Federal Contract Tower,51,18,22,0,91,0,6,15,0,21,51,24,37,0,112,0,0,0,112
01/22/2020,EYW,FL,ASO,ES,Federal Contract Tower,51,9,16,0,76,0,1,18,6,25,51,10,34,6,101,4,2,6,107
01/23/2020,EYW,FL,ASO,ES,Federal Contract Tower,58,10,30,0,98,0,3,41,0,44,58,13,71,0,142,0,0,0,142
01/24/2020,EYW,FL,ASO,ES,Federal Contract Tower,59,18,48,0,125,0,2,44,0,46,59,20,92,0,171,0,0,0,171
01/25/2020,EYW,FL,ASO,ES,Federal Contract Tower,68,12,30,0,110,0,3,75,0,78,68,15,105,0,188,6,0,6,194
01/26/2020,EYW,FL,ASO,ES,Federal Contract Tower,63,12,60,0,135,0,1,116,0,117,63,13,176,0,252,6,0,6,258
01/27/2020,EYW,FL,ASO,ES,Federal Contract Tower,59,9,21,0,89,0,2,41,2,45,59,11,62,2,134,2,0,2,136
01/28/2020,EYW,FL,ASO,ES,Federal Contract Tower,51,13,22,0,86,0,4,40,0,44,51,17,62,0,130,6,0,6,136
01/29/2020,EYW,FL,ASO,ES,Federal Contract Tower,48,22,26,0,96,0,7,61,0,68,48,29,87,0,164,38,0,38,202
01/30/2020,EYW,FL,ASO,ES,Federal Contract Tower,61,24,32,1,118,0,10,61,11,82,61,34,93,12,200,4,0,4,204
01/31/2020,EYW,FL,ASO,ES,Federal Contract Tower,58,18,37,0,113,0,5,71,0,76,58,23,108,0,189,0,0,0,189
02/01/2020,EYW,FL,ASO,ES,Federal Contract Tower,69,11,15,0,95,0,2,12,0,14,69,13,27,0,109,0,0,0,109
02/02/2020,EYW,FL,ASO,ES,Federal Contract Tower,62,14,35,0,111,0,3,75,0,78,62,17,110,0,189,0,0,0,189
02/03/2020,EYW,FL,ASO,ES,Federal Contract Tower,59,16,28,0,103,0,3,47,0,50,59,19,75,0,153,0,0,0,153
02/04/2020,EYW,FL,ASO,ES,Federal Contract Tower,50,12,23,2,87,0,0,55,4,59,50,12,78,6,146,0,0,0,146
02/05/2020,EYW,FL,ASO,ES,Federal Contract Tower,50,10,21,0,81,0,7,36,0,43,50,17,57,0,124,8,0,8,132
02/06/2020,EYW,FL,ASO,ES,Federal Contract Tower,52,15,26,0,93,0,11,30,0,41,52,26,56,0,134,6,0,6,140
02/07/2020,EYW,FL,ASO,ES,Federal Contract Tower,58,15,28,0,101,0,8,21,0,29,58,23,49,0,130,2,0,2,132
02/08/2020,EYW,FL,ASO,ES,Federal Contract Tower,67,9,32,0,108,0,2,45,1,48,67,11,77,1,156,0,0,0,156
02/09/2020,EYW,FL,ASO,ES,Federal Contract Tower,59,14,37,0,110,0,0,72,0,72,59,14,109,0,182,0,0,0,182
02/10/2020,EYW,FL,ASO,ES,Federal Contract Tower,59,11,21,4,95,0,2,22,0,24,59,13,43,4,119,0,0,0,119
02/11/2020,EYW,FL,ASO,ES,Federal Contract Tower,51,15,19,4,89,0,2,43,2,47,51,17,62,6,136,4,0,4,140
02/12/2020,EYW,FL,ASO,ES,Federal Contract Tower,51,20,50,0,121,0,2,64,1,67,51,22,114,1,188,10,0,10,198
02/13/2020,EYW,FL,ASO,ES,Federal Contract Tower,63,23,55,2,143,0,11,96,1,108,63,34,151,3,251,2,0,2,253
02/14/2020,EYW,FL,ASO,ES,Federal Contract Tower,62,21,44,0,127,0,7,75,0,82,62,28,119,0,209,0,2,2,211
02/15/2020,EYW,FL,ASO,ES,Federal Contract Tower,75,17,58,0,150,0,3,72,0,75,75,20,130,0,225,2,0,2,227
02/16/2020,EYW,FL,ASO,ES,Federal Contract Tower,66,16,63,0,145,0,7,89,0,96,66,23,152,0,241,4,0,4,245
02/17/2020,EYW,FL,ASO,ES,Federal Contract Tower,60,14,43,1,118,0,5,68,0,73,60,19,111,1,191,8,0,8,199
02/18/2020,EYW,FL,ASO,ES,Federal Contract Tower,58,22,42,2,124,0,0,75,1,76,58,22,117,3,200,0,0,0,200
02/19/2020,EYW,FL,ASO,ES,Federal Contract Tower,59,17,73,2,151,0,8,90,0,98,59,25,163,2,249,0,0,0,249
02/20/2020,EYW,FL,ASO,ES,Federal Contract Tower,59,22,41,0,122,0,7,60,0,67,59,29,101,0,189,0,0,0,189
02/21/2020,EYW,FL,ASO,ES,Federal Contract Tower,63,22,44,0,129,0,2,32,0,34,63,24,76,0,163,0,0,0,163
02/22/2020,EYW,FL,ASO,ES,Federal Contract Tower,75,16,32,0,123,0,3,41,0,44,75,19,73,0,167,2,0,2,169
02/23/2020,EYW,FL,ASO,ES,Federal Contract Tower,65,13,39,0,117,0,4,75,0,79,65,17,114,0,196,4,0,4,200
02/24/2020,EYW,FL,ASO,ES,Federal Contract Tower,64,7,33,1,105,0,6,54,0,60,64,13,87,1,165,2,2,4,169
02/25/2020,EYW,FL,ASO,ES,Federal Contract Tower,62,11,22,0,95,0,1,66,0,67,62,12,88,0,162,2,2,4,166
02/26/2020,EYW,FL,ASO,ES,Federal Contract Tower,57,14,16,0,87,0,2,52,0,54,57,16,68,0,141,12,14,26,167
02/27/2020,EYW,FL,ASO,ES,Federal Contract Tower,62,13,28,0,103,0,3,19,0,22,62,16,47,0,125,10,0,10,135
02/28/2020,EYW,FL,ASO,ES,Federal Contract Tower,63,15,52,0,130,0,4,53,0,57,63,19,105,0,187,0,0,0,187
02/29/2020,EYW,FL,ASO,ES,Federal Contract Tower,73,12,40,0,125,0,1,88,0,89,73,13,128,0,214,0,0,0,214
03/01/2020,EYW,FL,ASO,ES,Federal Contract Tower,64,16,63,0,143,0,1,86,1,88,64,17,149,1,231,6,0,6,237
03/02/2020,EYW,FL,ASO,ES,Federal Contract Tower,61,14,40,2,117,0,6,37,1,44,61,20,77,3,161,0,0,0,161
03/03/2020,EYW,FL,ASO,ES,Federal Contract Tower,64,13,37,0,114,0,5,54,1,60,64,18,91,1,174,0,0,0,174
03/04/2020,EYW,FL,ASO,ES,Federal Contract Tower,59,12,28,2,101,0,2,50,9,61,59,14,78,11,162,0,0,0,162
03/05/2020,EYW,FL,ASO,ES,Federal Contract Tower,65,12,38,0,115,0,0,62,2,64,65,12,100,2,179,8,0,8,187
03/06/2020,EYW,FL,ASO,ES,Federal Contract Tower,63,17,43,0,123,0,4,35,0,39,63,21,78,0,162,0,0,0,162
03/07/2020,EYW,FL,ASO,ES,Federal Contract Tower,78,13,25,2,118,0,0,50,6,56,78,13,75,8,174,0,0,0,174
03/08/2020,EYW,FL,ASO,ES,Federal Contract Tower,62,13,74,0,149,0,3,43,0,46,62,16,117,0,195,2,0,2,197
03/09/2020,EYW,FL,ASO,ES,Federal Contract Tower,61,8,19,0,88,0,1,19,0,20,61,9,38,0,108,2,0,2,110
03/10/2020,EYW,FL,ASO,ES,Federal Contract Tower,60,10,23,0,93,0,3,57,0,60,60,13,80,0,153,18,0,18,171
03/11/2020,EYW,FL,ASO,ES,Federal Contract Tower,59,9,28,0,96,0,5,61,6,72,59,14,89,6,168,0,0,0,168
03/12/2020,EYW,FL,ASO,ES,Federal Contract Tower,63,13,42,0,118,0,3,63,5,71,63,16,105,5,189,2,0,2,191
03/14/2020,EYW,FL,ASO,ES,Federal Contract Tower,76,16,72,2,166,0,1,98,0,99,76,17,170,2,265,2,0,2,267
03/15/2020,EYW,FL,ASO,ES,Federal Contract Tower,64,12,56,0,132,0,2,75,0,77,64,14,131,0,209,0,0,0,209
03/16/2020,EYW,FL,ASO,ES,Federal Contract Tower,62,12,41,0,115,0,0,52,0,52,62,12,93,0,167,2,0,2,169
03/17/2020,EYW,FL,ASO,ES,Federal Contract Tower,62,22,39,0,123,0,0,28,0,28,62,22,67,0,151,14,0,14,165
03/18/2020,EYW,FL,ASO,ES,Federal Contract Tower,61,13,17,0,91,0,0,34,0,34,61,13,51,0,125,8,0,8,133
03/19/2020,EYW,FL,ASO,ES,Federal Contract Tower,62,18,18,0,98,0,0,21,1,22,62,18,39,1,120,0,0,0,120
03/20/2020,EYW,FL,ASO,ES,Federal Contract Tower,61,22,17,0,100,0,2,10,5,17,61,24,27,5,117,4,4,8,125
03/21/2020,EYW,FL,ASO,ES,Federal Contract Tower,70,12,24,0,106,0,0,21,0,21,70,12,45,0,127,0,0,0,127
03/22/2020,EYW,FL,ASO,ES,Federal Contract Tower,53,7,21,0,81,0,1,20,0,21,53,8,41,0,102,0,0,0,102
03/23/2020,EYW,FL,ASO,ES,Federal Contract Tower,36,3,19,0,58,0,0,9,0,9,36,3,28,0,67,0,0,0,67
03/24/2020,EYW,FL,ASO,ES,Federal Contract Tower,37,11,13,0,61,0,0,10,0,10,37,11,23,0,71,26,0,26,97
03/25/2020,EYW,FL,ASO,ES,Federal Contract Tower,18,10,8,0,36,0,0,4,0,4,18,10,12,0,40,8,0,8,48
03/26/2020,EYW,FL,ASO,ES,Federal Contract Tower,16,6,9,0,31,0,0,5,0,5,16,6,14,0,36,2,0,2,38
03/27/2020,EYW,FL,ASO,ES,Federal Contract Tower,28,6,11,0,45,0,0,12,0,12,28,6,23,0,57,32,0,32,89
03/28/2020,EYW,FL,ASO,ES,Federal Contract Tower,30,5,11,0,46,0,0,9,0,9,30,5,20,0,55,12,0,12,67
03/29/2020,EYW,FL,ASO,ES,Federal Contract Tower,23,2,4,0,29,0,1,11,0,12,23,3,15,0,41,0,0,0,41
03/30/2020,EYW,FL,ASO,ES,Federal Contract Tower,16,4,13,0,33,0,0,9,0,9,16,4,22,0,42,6,0,6,48
03/31/2020,EYW,FL,ASO,ES,Federal Contract Tower,14,4,3,0,21,0,0,8,0,8,14,4,11,0,29,0,0,0,29
04/01/2020,EYW,FL,ASO,ES,Federal Contract Tower,22,10,0,0,32,0,0,0,0,0,22,10,0,0,32,0,0,0,32
04/02/2020,EYW,FL,ASO,ES,Federal Contract Tower,20,9,5,0,34,0,0,21,2,23,20,9,26,2,57,40,0,40,97
04/03/2020,EYW,FL,ASO,ES,Federal Contract Tower,18,4,3,0,25,0,2,11,0,13,18,6,14,0,38,6,0,6,44
04/04/2020,EYW,FL,ASO,ES,Federal Contract Tower,20,11,1,0,32,0,0,20,0,20,20,11,21,0,52,4,0,4,56
04/05/2020,EYW,FL,ASO,ES,Federal Contract Tower,12,8,11,0,31,0,0,18,0,18,12,8,29,0,49,4,0,4,53
04/06/2020,EYW,FL,ASO,ES,Federal Contract Tower,20,3,6,0,29,0,0,6,0,6,20,3,12,0,35,14,0,14,49
04/07/2020,EYW,FL,ASO,ES,Federal Contract Tower,14,10,15,0,39,0,0,10,0,10,14,10,25,0,49,2,0,2,51
04/08/2020,EYW,FL,ASO,ES,Federal Contract Tower,22,14,10,0,46,0,2,24,0,26,22,16,34,0,72,0,0,0,72
04/09/2020,EYW,FL,ASO,ES,Federal Contract Tower,18,4,10,0,32,0,0,8,0,8,18,4,18,0,40,4,0,4,44
04/10/2020,EYW,FL,ASO,ES,Federal Contract Tower,17,8,7,0,32,0,0,7,0,7,17,8,14,0,39,4,0,4,43
04/11/2020,EYW,FL,ASO,ES,Federal Contract Tower,12,3,11,0,26,0,0,17,0,17,12,3,28,0,43,10,0,10,53
04/12/2020,EYW,FL,ASO,ES,Federal Contract Tower,10,4,5,0,19,0,0,1,0,1,10,4,6,0,20,0,0,0,20
04/13/2020,EYW,FL,ASO,ES,Federal Contract Tower,19,3,13,0,35,0,0,8,0,8,19,3,21,0,43,10,0,10,53
04/14/2020,EYW,FL,ASO,ES,Federal Contract Tower,8,7,16,0,31,0,0,7,0,7,8,7,23,0,38,0,0,0,38
04/15/2020,EYW,FL,ASO,ES,Federal Contract Tower,15,7,9,0,31,0,0,7,2,9,15,7,16,2,40,0,0,0,40
04/16/2020,EYW,FL,ASO,ES,Federal Contract Tower,13,5,11,0,29,0,0,12,0,12,13,5,23,0,41,8,0,8,49
04/17/2020,EYW,FL,ASO,ES,Federal Contract Tower,16,5,14,0,35,0,0,7,0,7,16,5,21,0,42,26,0,26,68
04/18/2020,EYW,FL,ASO,ES,Federal Contract Tower,12,7,12,0,31,0,0,27,0,27,12,7,39,0,58,20,0,20,78
04/19/2020,EYW,FL,ASO,ES,Federal Contract Tower,12,0,22,0,34,0,0,17,0,17,12,0,39,0,51,2,0,2,53
04/20/2020,EYW,FL,ASO,ES,Federal Contract Tower,13,4,6,0,23,0,0,7,0,7,13,4,13,0,30,8,0,8,38
04/21/2020,EYW,FL,ASO,ES,Federal Contract Tower,11,5,4,0,20,0,0,9,0,9,11,5,13,0,29,2,0,2,31
04/22/2020,EYW,FL,ASO,ES,Federal Contract Tower,16,11,18,0,45,0,2,14,0,16,16,13,32,0,61,4,0,4,65
04/23/2020,EYW,FL,ASO,ES,Federal Contract Tower,16,4,7,0,27,0,0,9,2,11,16,4,16,2,38,0,0,0,38
04/24/2020,EYW,FL,ASO,ES,Federal Contract Tower,16,7,4,0,27,0,0,12,0,12,16,7,16,0,39,18,0,18,57
04/28/2020,EYW,FL,ASO,ES,Federal Contract Tower,8,7,16,0,31,0,0,18,2,20,8,7,34,2,51,2,2,4,55
04/29/2020,EYW,FL,ASO,ES,Federal Contract Tower,13,7,9,0,29,0,0,28,0,28,13,7,37,0,57,20,2,22,79
04/30/2020,EYW,FL,ASO,ES,Federal Contract Tower,14,11,7,0,32,0,4,8,0,12,14,15,15,0,44,0,0,0,44
05/01/2020,EYW,FL,ASO,ES,Federal Contract Tower,20,8,13,0,41,0,0,11,0,11,20,8,24,0,52,6,0,6,58
05/05/2020,EYW,FL,ASO,ES,Federal Contract Tower,10,8,11,0,29,0,0,22,0,22,10,8,33,0,51,4,0,4,55
05/06/2020,EYW,FL,ASO,ES,Federal Contract Tower,12,8,15,0,35,0,0,18,2,20,12,8,33,2,55,10,0,10,65
05/07/2020,EYW,FL,ASO,ES,Federal Contract Tower,10,10,9,0,29,0,1,16,0,17,10,11,25,0,46,4,0,4,50
05/08/2020,EYW,FL,ASO,ES,Federal Contract Tower,10,12,16,2,40,0,1,26,0,27,10,13,42,2,67,20,0,20,87
05/09/2020,EYW,FL,ASO,ES,Federal Contract Tower,8,7,26,0,41,0,2,50,0,52,8,9,76,0,93,28,0,28,121
05/10/2020,EYW,FL,ASO,ES,Federal Contract Tower,10,3,1,0,14,0,0,0,0,0,10,3,1,0,14,0,0,0,14
05/11/2020,EYW,FL,ASO,ES,Federal Contract Tower,12,10,6,0,28,0,0,3,0,3,12,10,9,0,31,0,0,0,31
05/12/2020,EYW,FL,ASO,ES,Federal Contract Tower,5,7,9,0,21,0,6,6,0,12,5,13,15,0,33,0,0,0,33
05/13/2020,EYW,FL,ASO,ES,Federal Contract Tower,9,10,4,0,23,0,0,2,0,2,9,10,6,0,25,6,0,6,31
05/14/2020,EYW,FL,ASO,ES,Federal Contract Tower,12,7,10,0,29,0,0,0,0,0,12,7,10,0,29,0,0,0,29
05/15/2020,EYW,FL,ASO,ES,Federal Contract Tower,12,21,11,0,44,0,0,2,0,2,12,21,13,0,46,0,0,0,46
05/16/2020,EYW,FL,ASO,ES,Federal Contract Tower,6,5,27,0,38,0,0,40,0,40,6,5,67,0,78,2,0,2,80
05/17/2020,EYW,FL,ASO,ES,Federal Contract Tower,10,5,18,0,33,0,1,17,0,18,10,6,35,0,51,40,0,40,91
05/18/2020,EYW,FL,ASO,ES,Federal Contract Tower,12,8,11,0,31,0,1,4,0,5,12,9,15,0,36,2,0,2,38
05/19/2020,EYW,FL,ASO,ES,Federal Contract Tower,5,9,19,0,33,0,1,7,0,8,5,10,26,0,41,8,0,8,49
05/20/2020,EYW,FL,ASO,ES,Federal Contract Tower,8,12,5,2,27,0,2,9,0,11,8,14,14,2,38,2,2,4,42
05/21/2020,EYW,FL,ASO,ES,Federal Contract Tower,12,13,24,0,49,0,4,16,0,20,12,17,40,0,69,2,2,4,73
05/22/2020,EYW,FL,ASO,ES,Federal Contract Tower,14,7,28,0,49,0,0,16,0,16,14,7,44,0,65,16,0,16,81
05/23/2020,EYW,FL,ASO,ES,Federal Contract Tower,8,3,11,2,24,0,1,15,0,16,8,4,26,2,40,2,0,2,42
05/24/2020,EYW,FL,ASO,ES,Federal Contract Tower,11,1,12,0,24,0,0,0,0,0,11,1,12,0,24,0,0,0,24
05/25/2020,EYW,FL,ASO,ES,Federal Contract Tower,13,1,5,0,19,0,0,1,0,1,13,1,6,0,20,2,0,2,22
05/26/2020,EYW,FL,ASO,ES,Federal Contract Tower,7,4,24,0,35,0,3,7,0,10,7,7,31,0,45,8,0,8,53
05/27/2020,EYW,FL,ASO,ES,Federal Contract Tower,12,9,13,0,34,0,2,17,0,19,12,11,30,0,53,2,0,2,55
05/28/2020,EYW,FL,ASO,ES,Federal Contract Tower,10,10,9,0,29,0,1,26,0,27,10,11,35,0,56,12,0,12,68
05/29/2020,EYW,FL,ASO,ES,Federal Contract Tower,10,9,23,0,42,0,0,13,0,13,10,9,36,0,55,2,0,2,57
05/30/2020,EYW,FL,ASO,ES,Federal Contract Tower,6,4,12,0,22,0,1,21,0,22,6,5,33,0,44,2,0,2,46
05/31/2020,EYW,FL,ASO,ES,Federal Contract Tower,10,5,13,0,28,0,0,39,0,39,10,5,52,0,67,6,0,6,73
06/01/2020,EYW,FL,ASO,ES,Federal Contract Tower,11,15,44,0,70,0,0,21,0,21,11,15,65,0,91,12,0,12,103
06/02/2020,EYW,FL,ASO,ES,Federal Contract Tower,9,10,30,0,49,0,6,6,0,12,9,16,36,0,61,10,0,10,71
06/03/2020,EYW,FL,ASO,ES,Federal Contract Tower,13,13,28,0,54,0,2,5,0,7,13,15,33,0,61,0,0,0,61
06/04/2020,EYW,FL,ASO,ES,Federal Contract Tower,16,13,27,0,56,0,0,7,0,7,16,13,34,0,63,0,0,0,63
06/05/2020,EYW,FL,ASO,ES,Federal Contract Tower,18,12,35,2,67,0,2,35,0,37,18,14,70,2,104,32,6,38,142
06/06/2020,EYW,FL,ASO,ES,Federal Contract Tower,16,7,17,0,40,0,1,20,0,21,16,8,37,0,61,8,0,8,69
06/07/2020,EYW,FL,ASO,ES,Federal Contract Tower,17,10,35,0,62,0,3,33,0,36,17,13,68,0,98,10,0,10,108
06/08/2020,EYW,FL,ASO,ES,Federal Contract Tower,17,7,24,0,48,0,6,32,0,38,17,13,56,0,86,22,2,24,110
06/09/2020,EYW,FL,ASO,ES,Federal Contract Tower,15,11,25,0,51,0,2,34,0,36,15,13,59,0,87,34,0,34,121
06/10/2020,EYW,FL,ASO,ES,Federal Contract Tower,16,14,30,0,60,0,3,25,0,28,16,17,55,0,88,12,0,12,100
06/11/2020,EYW,FL,ASO,ES,Federal Contract Tower,16,19,48,0,83,0,4,17,0,21,16,23,65,0,104,8,0,8,112
06/12/2020,EYW,FL,ASO,ES,Federal Contract Tower,19,19,63,0,101,0,6,61,0,67,19,25,124,0,168,22,0,22,190
06/13/2020,EYW,FL,ASO,ES,Federal Contract Tower,17,10,33,0,60,0,0,55,0,55,17,10,88,0,115,20,0,20,135
06/14/2020,EYW,FL,ASO,ES,Federal Contract Tower,19,16,54,0,89,0,6,63,0,69,19,22,117,0,158,12,0,12,170
06/15/2020,EYW,FL,ASO,ES,Federal Contract Tower,23,15,33,0,71,0,2,37,4,43,23,17,70,4,114,14,0,14,128
06/16/2020,EYW,FL,ASO,ES,Federal Contract Tower,19,15,30,2,66,0,1,29,0,30,19,16,59,2,96,2,0,2,98
06/17/2020,EYW,FL,ASO,ES,Federal Contract Tower,16,10,23,0,49,0,0,27,0,27,16,10,50,0,76,20,0,20,96
06/18/2020,EYW,FL,ASO,ES,Federal Contract Tower,25,13,38,0,76,0,1,31,0,32,25,14,69,0,108,0,0,0,108
06/19/2020,EYW,FL,ASO,ES,Federal Contract Tower,24,18,35,0,77,0,2,57,2,61,24,20,92,2,138,34,2,36,174
06/20/2020,EYW,FL,ASO,ES,Federal Contract Tower,27,9,29,0,65,0,3,81,0,84,27,12,110,0,149,10,0,10,159
06/21/2020,EYW,FL,ASO,ES,Federal Contract Tower,28,8,44,2,82,0,4,57,0,61,28,12,101,2,143,18,0,18,161
06/22/2020,EYW,FL,ASO,ES,Federal Contract Tower,24,11,29,0,64,0,0,47,0,47,24,11,76,0,111,54,0,54,165
06/23/2020,EYW,FL,ASO,ES,Federal Contract Tower,19,21,31,1,72,0,0,55,1,56,19,21,86,2,128,34,0,34,162
06/24/2020,EYW,FL,ASO,ES,Federal Contract Tower,19,11,26,0,56,0,1,55,0,56,19,12,81,0,112,40,0,40,152
06/25/2020,EYW,FL,ASO,ES,Federal Contract Tower,29,12,36,0,77,0,11,52,2,65,29,23,88,2,142,12,0,12,154
06/26/2020,EYW,FL,ASO,ES,Federal Contract Tower,27,9,43,0,79,0,6,55,0,61,27,15,98,0,140,0,0,0,140
06/27/2020,EYW,FL,ASO,ES,Federal Contract Tower,30,9,24,4,67,0,0,71,0,71,30,9,95,4,138,46,0,46,184
06/28/2020,EYW,FL,ASO,ES,Federal Contract Tower,28,9,43,0,80,0,4,94,0,98,28,13,137,0,178,30,0,30,208
06/29/2020,EYW,FL,ASO,ES,Federal Contract Tower,28,4,30,4,66,0,1,49,0,50,28,5,79,4,116,22,0,22,138
06/30/2020,EYW,FL,ASO,ES,Federal Contract Tower,24,11,32,0,67,0,0,44,0,44,24,11,76,0,111,24,0,24,135
07/01/2020,EYW,FL,ASO,ES,Federal Contract Tower,32,10,21,1,64,0,2,53,0,55,32,12,74,1,119,32,2,34,153
07/02/2020,EYW,FL,ASO,ES,Federal Contract Tower,37,9,42,0,88,0,0,55,0,55,37,9,97,0,143,2,0,2,145
07/03/2020,EYW,FL,ASO,ES,Federal Contract Tower,33,12,29,0,74,0,10,50,0,60,33,22,79,0,134,30,0,30,164
07/04/2020,EYW,FL,ASO,ES,Federal Contract Tower,25,1,18,0,44,0,0,51,0,51,25,1,69,0,95,14,0,14,109
07/05/2020,EYW,FL,ASO,ES,Federal Contract Tower,38,7,51,0,96,0,0,67,0,67,38,7,118,0,163,10,0,10,173
07/06/2020,EYW,FL,ASO,ES,Federal Contract Tower,34,6,24,5,69,0,4,43,1,48,34,10,67,6,117,12,0,12,129
07/07/2020,EYW,FL,ASO,ES,Federal Contract Tower,26,9,15,1,51,0,0,42,0,42,26,9,57,1,93,10,0,10,103
07/08/2020,EYW,FL,ASO,ES,Federal Contract Tower,26,10,23,0,59,0,2,50,1,53,26,12,73,1,112,22,0,22,134
07/09/2020,EYW,FL,ASO,ES,Federal Contract Tower,33,14,17,0,64,0,4,54,0,58,33,18,71,0,122,36,0,36,158
07/10/2020,EYW,FL,ASO,ES,Federal Contract Tower,31,16,26,0,73,1,15,48,0,64,32,31,74,0,137,4,4,8,145
07/11/2020,EYW,FL,ASO,ES,Federal Contract Tower,40,8,23,0,71,0,2,43,0,45,40,10,66,0,116,0,0,0,116
07/12/2020,EYW,FL,ASO,ES,Federal Contract Tower,34,5,22,0,61,0,8,47,0,55,34,13,69,0,116,0,0,0,116
07/13/2020,EYW,FL,ASO,ES,Federal Contract Tower,37,8,22,0,67,0,2,39,0,41,37,10,61,0,108,4,0,4,112
07/16/2020,EYW,FL,ASO,ES,Federal Contract Tower,33,13,21,0,67,0,0,29,2,31,33,13,50,2,98,2,0,2,100
07/17/2020,EYW,FL,ASO,ES,Federal Contract Tower,35,4,19,0,58,0,3,43,0,46,35,7,62,0,104,0,0,0,104
07/18/2020,EYW,FL,ASO,ES,Federal Contract Tower,39,4,16,0,59,0,6,22,0,28,39,10,38,0,87,0,0,0,87
07/19/2020,EYW,FL,ASO,ES,Federal Contract Tower,34,1,24,0,59,0,0,44,0,44,34,1,68,0,103,8,0,8,111
07/20/2020,EYW,FL,ASO,ES,Federal Contract Tower,35,8,19,6,68,0,9,33,0,42,35,17,52,6,110,0,0,0,110
07/21/2020,EYW,FL,ASO,ES,Federal Contract Tower,18,8,21,0,47,0,4,1,0,5,18,12,22,0,52,0,0,0,52
07/22/2020,EYW,FL,ASO,ES,Federal Contract Tower,25,10,13,0,48,0,2,13,0,15,25,12,26,0,63,32,0,32,95
07/23/2020,EYW,FL,ASO,ES,Federal Contract Tower,34,6,20,0,60,0,0,8,0,8,34,6,28,0,68,0,0,0,68
07/24/2020,EYW,FL,ASO,ES,Federal Contract Tower,33,15,26,4,78,0,3,52,0,55,33,18,78,4,133,0,0,0,133
07/25/2020,EYW,FL,ASO,ES,Federal Contract Tower,36,12,26,0,74,0,0,53,0,53,36,12,79,0,127,0,0,0,127
07/26/2020,EYW,FL,ASO,ES,Federal Contract Tower,34,8,33,0,75,0,0,73,0,73,34,8,106,0,148,12,0,12,160
07/27/2020,EYW,FL,ASO,ES,Federal Contract Tower,38,9,24,0,71,0,2,55,0,57,38,11,79,0,128,0,0,0,128
07/28/2020,EYW,FL,ASO,ES,Federal Contract Tower,18,14,38,0,70,0,0,76,0,76,18,14,114,0,146,0,0,0,146
07/29/2020,EYW,FL,ASO,ES,Federal Contract Tower,24,16,16,2,58,0,3,34,0,37,24,19,50,2,95,0,0,0,95
07/30/2020,EYW,FL,ASO,ES,Federal Contract Tower,29,16,26,2,73,0,5,48,0,53,29,21,74,2,126,8,0,8,134
07/31/2020,EYW,FL,ASO,ES,Federal Contract Tower,31,17,59,0,107,0,5,72,0,77,31,22,131,0,184,0,0,0,184
08/01/2020,EYW,FL,ASO,ES,Federal Contract Tower,34,2,15,0,51,0,0,34,1,35,34,2,49,1,86,0,0,0,86
08/02/2020,EYW,FL,ASO,ES,Federal Contract Tower,34,4,27,1,66,0,3,30,0,33,34,7,57,1,99,0,0,0,99
08/03/2020,EYW,FL,ASO,ES,Federal Contract Tower,34,11,38,0,83,0,4,30,1,35,34,15,68,1,118,18,0,18,136
08/04/2020,EYW,FL,ASO,ES,Federal Contract Tower,19,8,17,1,45,0,0,29,0,29,19,8,46,1,74,10,0,10,84
08/05/2020,EYW,FL,ASO,ES,Federal Contract Tower,23,10,15,0,48,0,0,48,1,49,23,10,63,1,97,0,0,0,97
08/06/2020,EYW,FL,ASO,ES,Federal Contract Tower,31,10,28,0,69,0,3,58,0,61,31,13,86,0,130,0,0,0,130
08/07/2020,EYW,FL,ASO,ES,Federal Contract Tower,30,18,44,0,92,0,1,52,0,53,30,19,96,0,145,2,0,2,147
08/08/2020,EYW,FL,ASO,ES,Federal Contract Tower,34,8,33,2,77,0,3,65,0,68,34,11,98,2,145,2,4,6,151
08/09/2020,EYW,FL,ASO,ES,Federal Contract Tower,32,5,41,0,78,0,0,94,0,94,32,5,135,0,172,14,0,14,186
08/10/2020,EYW,FL,ASO,ES,Federal Contract Tower,33,18,24,2,77,0,0,42,0,42,33,18,66,2,119,4,0,4,123
08/11/2020,EYW,FL,ASO,ES,Federal Contract Tower,18,8,21,0,47,0,0,46,0,46,18,8,67,0,93,10,0,10,103
08/12/2020,EYW,FL,ASO,ES,Federal Contract Tower,24,9,30,1,64,0,0,40,1,41,24,9,70,2,105,0,0,0,105
08/13/2020,EYW,FL,ASO,ES,Federal Contract Tower,32,11,32,0,75,0,4,58,0,62,32,15,90,0,137,0,0,0,137
08/14/2020,EYW,FL,ASO,ES,Federal Contract Tower,30,12,38,0,80,1,7,51,0,59,31,19,89,0,139,6,0,6,145
08/15/2020,EYW,FL,ASO,ES,Federal Contract Tower,32,12,28,2,74,0,0,82,0,82,32,12,110,2,156,0,0,0,156
08/16/2020,EYW,FL,ASO,ES,Federal Contract Tower,32,8,28,0,68,0,1,102,0,103,32,9,130,0,171,2,0,2,173
08/17/2020,EYW,FL,ASO,ES,Federal Contract Tower,28,6,16,0,50,0,0,44,0,44,28,6,60,0,94,14,0,14,108
08/18/2020,EYW,FL,ASO,ES,Federal Contract Tower,17,13,13,0,43,0,2,56,2,60,17,15,69,2,103,2,0,2,105
08/19/2020,EYW,FL,ASO,ES,Federal Contract Tower,23,22,15,0,60,0,0,50,2,52,23,22,65,2,112,42,0,42,154
08/20/2020,EYW,FL,ASO,ES,Federal Contract Tower,34,15,32,0,81,0,0,45,0,45,34,15,77,0,126,14,0,14,140
08/21/2020,EYW,FL,ASO,ES,Federal Contract Tower,30,15,20,0,65,0,0,57,0,57,30,15,77,0,122,26,0,26,148
08/22/2020,EYW,FL,ASO,ES,Federal Contract Tower,34,8,25,4,71,0,0,44,0,44,34,8,69,4,115,0,0,0,115
08/23/2020,EYW,FL,ASO,ES,Federal Contract Tower,34,13,25,0,72,0,3,23,0,26,34,16,48,0,98,0,0,0,98
08/24/2020,EYW,FL,ASO,ES,Federal Contract Tower,32,0,0,0,32,0,0,2,0,2,32,0,2,0,34,0,0,0,34
08/25/2020,EYW,FL,ASO,ES,Federal Contract Tower,16,8,9,0,33,0,0,8,0,8,16,8,17,0,41,0,0,0,41
08/26/2020,EYW,FL,ASO,ES,Federal Contract Tower,22,5,16,0,43,0,4,23,0,27,22,9,39,0,70,0,0,0,70
08/27/2020,EYW,FL,ASO,ES,Federal Contract Tower,34,11,21,0,66,0,2,64,0,66,34,13,85,0,132,4,0,4,136
08/28/2020,EYW,FL,ASO,ES,Federal Contract Tower,29,8,20,2,59,0,0,61,0,61,29,8,81,2,120,2,0,2,122
08/29/2020,EYW,FL,ASO,ES,Federal Contract Tower,33,11,17,3,64,0,0,68,2,70,33,11,85,5,134,0,0,0,134
08/30/2020,EYW,FL,ASO,ES,Federal Contract Tower,35,5,36,0,76,0,2,67,0,69,35,7,103,0,145,0,0,0,145
08/31/2020,EYW,FL,ASO,ES,Federal Contract Tower,32,6,18,2,58,0,0,28,0,28,32,6,46,2,86,4,0,4,90
09/01/2020,EYW,FL,ASO,ES,Federal Contract Tower,14,16,22,0,52,0,3,25,0,28,14,19,47,0,80,4,0,4,84
09/02/2020,EYW,FL,ASO,ES,Federal Contract Tower,19,8,11,2,40,0,0,29,0,29,19,8,40,2,69,0,0,0,69
09/03/2020,EYW,FL,ASO,ES,Federal Contract Tower,34,11,25,0,70,0,2,42,0,44,34,13,67,0,114,10,0,10,124
09/04/2020,EYW,FL,ASO,ES,Federal Contract Tower,34,11,36,0,81,0,4,49,0,53,34,15,85,0,134,2,0,2,136
09/05/2020,EYW,FL,ASO,ES,Federal Contract Tower,32,8,12,0,52,0,0,80,0,80,32,8,92,0,132,0,2,2,134
09/06/2020,EYW,FL,ASO,ES,Federal Contract Tower,32,5,16,0,53,0,0,34,0,34,32,5,50,0,87,0,0,0,87
09/07/2020,EYW,FL,ASO,ES,Federal Contract Tower,34,9,49,0,92,0,2,68,0,70,34,11,117,0,162,0,0,0,162
09/08/2020,EYW,FL,ASO,ES,Federal Contract Tower,16,6,27,0,49,0,0,19,0,19,16,6,46,0,68,12,0,12,80
09/09/2020,EYW,FL,ASO,ES,Federal Contract Tower,20,11,9,0,40,0,0,39,0,39,20,11,48,0,79,4,0,4,83
09/10/2020,EYW,FL,ASO,ES,Federal Contract Tower,32,13,19,2,66,0,4,40,2,46,32,17,59,4,112,0,0,0,112
09/11/2020,EYW,FL,ASO,ES,Federal Contract Tower,31,10,24,0,65,0,3,46,0,49,31,13,70,0,114,2,0,2,116
09/12/2020,EYW,FL,ASO,ES,Federal Contract Tower,29,8,8,0,45,0,0,1,0,1,29,8,9,0,46,0,0,0,46
09/13/2020,EYW,FL,ASO,ES,Federal Contract Tower,32,3,29,4,68,0,3,24,2,29,32,6,53,6,97,0,4,4,101
09/14/2020,EYW,FL,ASO,ES,Federal Contract Tower,31,11,5,0,47,0,0,30,0,30,31,11,35,0,77,6,0,6,83
09/15/2020,EYW,FL,ASO,ES,Federal Contract Tower,12,10,12,2,36,0,0,31,4,35,12,10,43,6,71,30,0,30,101
09/16/2020,EYW,FL,ASO,ES,Federal Contract Tower,20,10,9,0,39,0,0,24,0,24,20,10,33,0,63,4,0,4,67
09/17/2020,EYW,FL,ASO,ES,Federal Contract Tower,32,11,25,0,68,0,0,47,0,47,32,11,72,0,115,10,0,10,125
09/18/2020,EYW,FL,ASO,ES,Federal Contract Tower,28,16,30,0,74,0,0,52,0,52,28,16,82,0,126,0,0,0,126
09/19/2020,EYW,FL,ASO,ES,Federal Contract Tower,28,5,19,0,52,0,6,87,0,93,28,11,106,0,145,4,0,4,149
09/20/2020,EYW,FL,ASO,ES,Federal Contract Tower,33,8,40,0,81,0,2,70,0,72,33,10,110,0,153,22,0,22,175
09/21/2020,EYW,FL,ASO,ES,Federal Contract Tower,30,11,20,0,61,0,2,13,0,15,30,13,33,0,76,0,0,0,76
09/22/2020,EYW,FL,ASO,ES,Federal Contract Tower,12,10,26,0,48,0,2,28,0,30,12,12,54,0,78,2,0,2,80
09/23/2020,EYW,FL,ASO,ES,Federal Contract Tower,20,14,28,0,62,0,2,35,0,37,20,16,63,0,99,4,2,6,105
09/24/2020,EYW,FL,ASO,ES,Federal Contract Tower,31,16,28,1,76,0,0,21,0,21,31,16,49,1,97,4,0,4,101
09/25/2020,EYW,FL,ASO,ES,Federal Contract Tower,30,13,30,1,74,0,5,36,0,41,30,18,66,1,115,0,0,0,115
09/26/2020,EYW,FL,ASO,ES,Federal Contract Tower,27,10,21,0,58,0,2,56,0,58,27,12,77,0,116,8,0,8,124
09/27/2020,EYW,FL,ASO,ES,Federal Contract Tower,34,13,39,1,87,0,2,53,0,55,34,15,92,1,142,2,0,2,144
09/28/2020,EYW,FL,ASO,ES,Federal Contract Tower,30,12,30,0,72,0,2,40,0,42,30,14,70,0,114,2,0,2,116
09/29/2020,EYW,FL,ASO,ES,Federal Contract Tower,12,10,20,0,42,0,0,36,0,36,12,10,56,0,78,10,0,10,88
09/30/2020,EYW,FL,ASO,ES,Federal Contract Tower,20,10,18,0,48,0,0,22,0,22,20,10,40,0,70,0,0,0,70
10/01/2020,EYW,FL,ASO,ES,Federal Contract Tower,35,9,32,0,76,0,0,39,0,39,35,9,71,0,115,22,0,22,137
10/02/2020,EYW,FL,ASO,ES,Federal Contract Tower,34,16,18,0,68,0,0,16,0,16,34,16,34,0,84,6,0,6,90
10/03/2020,EYW,FL,ASO,ES,Federal Contract Tower,30,7,16,0,53,0,0,11,0,11,30,7,27,0,64,0,0,0,64
10/04/2020,EYW,FL,ASO,ES,Federal Contract Tower,40,8,34,0,82,0,2,29,0,31,40,10,63,0,113,0,0,0,113
10/05/2020,EYW,FL,ASO,ES,Federal Contract Tower,34,6,15,0,55,0,1,38,0,39,34,7,53,0,94,0,0,0,94
10/06/2020,EYW,FL,ASO,ES,Federal Contract Tower,16,10,21,0,47,0,1,24,0,25,16,11,45,0,72,0,0,0,72
10/07/2020,EYW,FL,ASO,ES,Federal Contract Tower,25,9,18,0,52,0,3,24,0,27,25,12,42,0,79,0,0,0,79
10/08/2020,EYW,FL,ASO,ES,Federal Contract Tower,39,11,24,4,78,0,1,54,0,55,39,12,78,4,133,20,0,20,153
10/09/2020,EYW,FL,ASO,ES,Federal Contract Tower,41,16,32,2,91,0,5,61,0,66,41,21,93,2,157,4,0,4,161
10/10/2020,EYW,FL,ASO,ES,Federal Contract Tower,35,7,39,0,81,0,2,100,0,102,35,9,139,0,183,4,0,4,187
10/11/2020,EYW,FL,ASO,ES,Federal Contract Tower,43,10,44,0,97,0,2,83,0,85,43,12,127,0,182,0,0,0,182
10/12/2020,EYW,FL,ASO,ES,Federal Contract Tower,36,10,31,0,77,0,2,48,0,50,36,12,79,0,127,0,4,4,131
10/13/2020,EYW,FL,ASO,ES,Federal Contract Tower,21,9,24,0,54,0,2,41,0,43,21,11,65,0,97,0,0,0,97
10/14/2020,EYW,FL,ASO,ES,Federal Contract Tower,26,14,33,0,73,0,1,65,0,66,26,15,98,0,139,4,0,4,143
10/15/2020,EYW,FL,ASO,ES,Federal Contract Tower,39,18,18,1,76,0,1,25,1,27,39,19,43,2,103,0,0,0,103
10/16/2020,EYW,FL,ASO,ES,Federal Contract Tower,41,17,28,0,86,0,2,40,2,44,41,19,68,2,130,6,0,6,136
10/17/2020,EYW,FL,ASO,ES,Federal Contract Tower,35,9,22,0,66,0,3,53,0,56,35,12,75,0,122,4,0,4,126
10/18/2020,EYW,FL,ASO,ES,Federal Contract Tower,43,11,21,0,75,0,1,51,0,52,43,12,72,0,127,12,0,12,139
10/19/2020,EYW,FL,ASO,ES,Federal Contract Tower,36,5,20,2,63,0,1,6,0,7,36,6,26,2,70,0,0,0,70
10/20/2020,EYW,FL,ASO,ES,Federal Contract Tower,18,10,34,0,62,0,4,1,0,5,18,14,35,0,67,0,0,0,67
10/21/2020,EYW,FL,ASO,ES,Federal Contract Tower,30,12,29,0,71,0,4,21,0,25,30,16,50,0,96,14,0,14,110
10/22/2020,EYW,FL,ASO,ES,Federal Contract Tower,39,15,42,2,98,0,2,20,1,23,39,17,62,3,121,6,0,6,127
10/23/2020,EYW,FL,ASO,ES,Federal Contract Tower,39,12,21,2,74,0,0,47,0,47,39,12,68,2,121,2,1,3,124
10/24/2020,EYW,FL,ASO,ES,Federal Contract Tower,32,8,23,0,63,0,3,58,0,61,32,11,81,0,124,30,0,30,154
10/25/2020,EYW,FL,ASO,ES,Federal Contract Tower,43,11,45,0,99,0,6,48,0,54,43,17,93,0,153,14,0,14,167
10/26/2020,EYW,FL,ASO,ES,Federal Contract Tower,36,6,26,0,68,0,1,41,0,42,36,7,67,0,110,22,0,22,132
10/27/2020,EYW,FL,ASO,ES,Federal Contract Tower,17,12,29,0,58,0,4,29,0,33,17,16,58,0,91,8,0,8,99
10/28/2020,EYW,FL,ASO,ES,Federal Contract Tower,26,8,31,0,65,0,2,35,0,37,26,10,66,0,102,0,0,0,102
10/29/2020,EYW,FL,ASO,ES,Federal Contract Tower,41,18,25,0,84,0,0,60,2,62,41,18,85,2,146,2,0,2,148
10/30/2020,EYW,FL,ASO,ES,Federal Contract Tower,38,15,41,0,94,0,4,39,0,43,38,19,80,0,137,0,0,0,137
10/31/2020,EYW,FL,ASO,ES,Federal Contract Tower,27,5,43,2,77,0,1,52,0,53,27,6,95,2,130,0,0,0,130
11/01/2020,EYW,FL,ASO,ES,Federal Contract Tower,41,15,52,0,108,0,0,76,0,76,41,15,128,0,184,0,0,0,184
11/02/2020,EYW,FL,ASO,ES,Federal Contract Tower,38,10,13,0,61,0,5,4,0,9,38,15,17,0,70,2,0,2,72
11/03/2020,EYW,FL,ASO,ES,Federal Contract Tower,18,10,12,2,42,0,0,8,0,8,18,10,20,2,50,0,0,0,50
11/04/2020,EYW,FL,ASO,ES,Federal Contract Tower,32,14,27,2,75,0,0,22,0,22,32,14,49,2,97,2,0,2,99
11/05/2020,EYW,FL,ASO,ES,Federal Contract Tower,47,15,31,1,94,0,6,34,0,40,47,21,65,1,134,10,0,10,144
11/06/2020,EYW,FL,ASO,ES,Federal Contract Tower,48,15,17,0,80,0,7,32,0,39,48,22,49,0,119,2,0,2,121
11/07/2020,EYW,FL,ASO,ES,Federal Contract Tower,45,12,9,0,66,0,5,4,0,9,45,17,13,0,75,0,0,0,75
11/08/2020,EYW,FL,ASO,ES,Federal Contract Tower,8,4,8,0,20,0,0,1,0,1,8,4,9,0,21,0,0,0,21
11/09/2020,EYW,FL,ASO,ES,Federal Contract Tower,10,4,2,0,16,0,0,2,0,2,10,4,4,0,18,0,0,0,18
11/10/2020,EYW,FL,ASO,ES,Federal Contract Tower,21,9,5,0,35,0,3,11,1,15,21,12,16,1,50,4,0,4,54
11/11/2020,EYW,FL,ASO,ES,Federal Contract Tower,32,7,9,0,48,0,0,3,0,3,32,7,12,0,51,0,0,0,51
11/12/2020,EYW,FL,ASO,ES,Federal Contract Tower,49,11,24,2,86,0,6,32,1,39,49,17,56,3,125,4,2,6,131
11/13/2020,EYW,FL,ASO,ES,Federal Contract Tower,52,17,46,0,115,0,0,47,0,47,52,17,93,0,162,2,0,2,164
11/14/2020,EYW,FL,ASO,ES,Federal Contract Tower,46,12,34,2,94,0,6,63,0,69,46,18,97,2,163,12,0,12,175
11/15/2020,EYW,FL,ASO,ES,Federal Contract Tower,53,19,33,0,105,0,2,80,2,84,53,21,113,2,189,12,0,12,201
11/16/2020,EYW,FL,ASO,ES,Federal Contract Tower,49,6,28,0,83,0,0,53,0,53,49,6,81,0,136,2,0,2,138
11/17/2020,EYW,FL,ASO,ES,Federal Contract Tower,23,12,27,3,65,0,0,32,1,33,23,12,59,4,98,0,2,2,100
11/18/2020,EYW,FL,ASO,ES,Federal Contract Tower,37,13,17,0,67,0,0,21,0,21,37,13,38,0,88,10,0,10,98
11/19/2020,EYW,FL,ASO,ES,Federal Contract Tower,54,14,30,0,98,0,1,20,0,21,54,15,50,0,119,2,0,2,121
11/20/2020,EYW,FL,ASO,ES,Federal Contract Tower,55,13,37,0,105,0,4,38,0,42,55,17,75,0,147,0,0,0,147
11/21/2020,EYW,FL,ASO,ES,Federal Contract Tower,49,12,36,0,97,0,7,47,0,54,49,19,83,0,151,0,0,0,151
11/22/2020,EYW,FL,ASO,ES,Federal Contract Tower,55,14,36,0,105,0,4,59,0,63,55,18,95,0,168,6,0,6,174
11/23/2020,EYW,FL,ASO,ES,Federal Contract Tower,44,10,35,0,89,0,2,41,0,43,44,12,76,0,132,4,0,4,136
11/24/2020,EYW,FL,ASO,ES,Federal Contract Tower,37,16,28,0,81,0,0,59,0,59,37,16,87,0,140,10,0,10,150
11/25/2020,EYW,FL,ASO,ES,Federal Contract Tower,45,25,32,0,102,0,8,51,0,59,45,33,83,0,161,0,0,0,161
11/26/2020,EYW,FL,ASO,ES,Federal Contract Tower,29,11,7,0,47,0,5,58,0,63,29,16,65,0,110,6,0,6,116
11/27/2020,EYW,FL,ASO,ES,Federal Contract Tower,44,15,29,0,88,0,9,77,0,86,44,24,106,0,174,5,0,5,179
11/28/2020,EYW,FL,ASO,ES,Federal Contract Tower,48,13,37,0,98,0,1,77,0,78,48,14,114,0,176,0,0,0,176
11/29/2020,EYW,FL,ASO,ES,Federal Contract Tower,56,16,57,0,129,0,0,106,0,106,56,16,163,0,235,0,0,0,235
11/30/2020,EYW,FL,ASO,ES,Federal Contract Tower,53,21,32,0,106,0,0,12,0,12,53,21,44,0,118,0,0,0,118
12/01/2020,EYW,FL,ASO,ES,Federal Contract Tower,27,11,16,0,54,0,1,21,0,22,27,12,37,0,76,8,0,8,84
12/02/2020,EYW,FL,ASO,ES,Federal Contract Tower,39,20,18,0,77,0,1,37,0,38,39,21,55,0,115,0,0,0,115
12/03/2020,EYW,FL,ASO,ES,Federal Contract Tower,54,17,46,0,117,0,2,55,5,62,54,19,101,5,179,0,0,0,179
12/04/2020,EYW,FL,ASO,ES,Federal Contract Tower,53,13,21,0,87,0,3,52,0,55,53,16,73,0,142,10,0,10,152
12/05/2020,EYW,FL,ASO,ES,Federal Contract Tower,44,14,34,0,92,0,0,60,0,60,44,14,94,0,152,4,0,4,156
12/07/2020,EYW,FL,ASO,ES,Federal Contract Tower,48,11,14,0,73,0,3,7,0,10,48,14,21,0,83,0,0,0,83
12/08/2020,EYW,FL,ASO,ES,Federal Contract Tower,24,18,22,0,64,0,3,19,0,22,24,21,41,0,86,4,2,6,92
12/09/2020,EYW,FL,ASO,ES,Federal Contract Tower,39,12,13,0,64,0,2,61,0,63,39,14,74,0,127,84,2,86,213
12/10/2020,EYW,FL,ASO,ES,Federal Contract Tower,51,18,27,0,96,0,4,53,0,57,51,22,80,0,153,6,0,6,159
12/11/2020,EYW,FL,ASO,ES,Federal Contract Tower,54,16,52,0,122,0,3,76,0,79,54,19,128,0,201,4,2,6,207
12/12/2020,EYW,FL,ASO,ES,Federal Contract Tower,50,10,24,0,84,0,0,56,0,56,50,10,80,0,140,2,0,2,142
12/13/2020,EYW,FL,ASO,ES,Federal Contract Tower,53,18,47,2,120,0,2,81,0,83,53,20,128,2,203,0,0,0,203
12/14/2020,EYW,FL,ASO,ES,Federal Contract Tower,50,14,30,4,98,0,0,31,0,31,50,14,61,4,129,12,0,12,141
12/15/2020,EYW,FL,ASO,ES,Federal Contract Tower,24,16,24,1,65,0,0,40,2,42,24,16,64,3,107,6,0,6,113
12/16/2020,EYW,FL,ASO,ES,Federal Contract Tower,39,11,26,0,76,0,4,27,4,35,39,15,53,4,111,4,0,4,115
12/17/2020,EYW,FL,ASO,ES,Federal Contract Tower,57,7,23,0,87,0,3,36,0,39,57,10,59,0,126,4,0,4,130
12/18/2020,EYW,FL,ASO,ES,Federal Contract Tower,67,12,36,0,115,0,4,59,0,63,67,16,95,0,178,2,5,7,185
12/19/2020,EYW,FL,ASO,ES,Federal Contract Tower,71,17,35,0,123,0,1,87,2,90,71,18,122,2,213,2,0,2,215
12/20/2020,EYW,FL,ASO,ES,Federal Contract Tower,69,10,38,1,118,0,4,63,0,67,69,14,101,1,185,14,0,14,199
12/21/2020,EYW,FL,ASO,ES,Federal Contract Tower,70,6,24,0,100,0,2,57,2,61,70,8,81,2,161,2,0,2,163
12/22/2020,EYW,FL,ASO,ES,Federal Contract Tower,69,16,23,2,110,0,0,69,0,69,69,16,92,2,179,10,0,10,189
12/23/2020,EYW,FL,ASO,ES,Federal Contract Tower,64,25,37,2,128,0,2,90,1,93,64,27,127,3,221,0,0,0,221
12/24/2020,EYW,FL,ASO,ES,Federal Contract Tower,47,13,12,0,72,0,1,59,0,60,47,14,71,0,132,10,0,10,142
12/25/2020,EYW,FL,ASO,ES,Federal Contract Tower,43,8,4,0,55,0,0,12,0,12,43,8,16,0,67,2,0,2,69
12/26/2020,EYW,FL,ASO,ES,Federal Contract Tower,67,40,76,0,183,0,2,107,0,109,67,42,183,0,292,0,0,0,292
12/27/2020,EYW,FL,ASO,ES,Federal Contract Tower,75,19,71,0,165,0,2,131,0,133,75,21,202,0,298,0,0,0,298
12/28/2020,EYW,FL,ASO,ES,Federal Contract Tower,67,12,56,0,135,0,2,71,0,73,67,14,127,0,208,4,0,4,212
12/29/2020,EYW,FL,ASO,ES,Federal Contract Tower,68,22,55,0,145,0,3,85,0,88,68,25,140,0,233,8,0,8,241
12/30/2020,EYW,FL,ASO,ES,Federal Contract Tower,63,15,78,0,156,0,3,64,0,67,63,18,142,0,223,0,0,0,223
12/31/2020,EYW,FL,ASO,ES,Federal Contract Tower,50,14,37,0,101,0,5,49,3,57,50,19,86,3,158,0,0,0,158
01/01/2021,EYW,FL,ASO,ES,Federal Contract Tower,60,19,40,0,119,0,1,55,0,56,60,20,95,0,175,0,0,0,175
01/02/2021,EYW,FL,ASO,ES,Federal Contract Tower,69,21,73,0,163,0,2,75,0,77,69,23,148,0,240,4,0,4,244
01/03/2021,EYW,FL,ASO,ES,Federal Contract Tower,73,26,88,0,187,0,4,70,2,76,73,30,158,2,263,18,4,22,285
01/04/2021,EYW,FL,ASO,ES,Federal Contract Tower,59,19,45,0,123,0,4,51,0,55,59,23,96,0,178,6,0,6,184
01/05/2021,EYW,FL,ASO,ES,Federal Contract Tower,50,17,35,0,102,0,0,79,0,79,50,17,114,0,181,2,0,2,183
01/06/2021,EYW,FL,ASO,ES,Federal Contract Tower,43,20,32,0,95,0,2,60,0,62,43,22,92,0,157,4,0,4,161
01/07/2021,EYW,FL,ASO,ES,Federal Contract Tower,60,16,33,0,109,0,0,45,0,45,60,16,78,0,154,4,0,4,158
01/08/2021,EYW,FL,ASO,ES,Federal Contract Tower,67,22,29,2,120,0,5,56,0,61,67,27,85,2,181,0,0,0,181
01/09/2021,EYW,FL,ASO,ES,Federal Contract Tower,58,22,40,0,120,1,2,62,0,65,59,24,102,0,185,6,0,6,191
01/10/2021,EYW,FL,ASO,ES,Federal Contract Tower,77,12,42,1,132,0,5,62,0,67,77,17,104,1,199,2,0,2,201
01/11/2021,EYW,FL,ASO,ES,Federal Contract Tower,58,17,32,0,107,0,2,42,1,45,58,19,74,1,152,18,0,18,170
01/12/2021,EYW,FL,ASO,ES,Federal Contract Tower,40,11,26,0,77,0,4,37,0,41,40,15,63,0,118,28,0,28,146
01/13/2021,EYW,FL,ASO,ES,Federal Contract Tower,42,19,32,2,95,0,3,32,0,35,42,22,64,2,130,6,0,6,136
01/14/2021,EYW,FL,ASO,ES,Federal Contract Tower,68,22,51,0,141,0,2,22,0,24,68,24,73,0,165,0,0,0,165
01/15/2021,EYW,FL,ASO,ES,Federal Contract Tower,62,21,33,1,117,0,9,79,1,89,62,30,112,2,206,36,6,42,248
01/16/2021,EYW,FL,ASO,ES,Federal Contract Tower,57,11,38,0,106,0,1,61,0,62,57,12,99,0,168,0,0,0,168
01/17/2021,EYW,FL,ASO,ES,Federal Contract Tower,60,20,40,2,122,0,0,109,0,109,60,20,149,2,231,8,0,8,239
01/18/2021,EYW,FL,ASO,ES,Federal Contract Tower,63,17,58,0,138,0,6,52,0,58,63,23,110,0,196,8,0,8,204
01/19/2021,EYW,FL,ASO,ES,Federal Contract Tower,45,13,35,0,93,0,2,41,0,43,45,15,76,0,136,0,0,0,136
01/20/2021,EYW,FL,ASO,ES,Federal Contract Tower,51,15,23,0,89,0,9,46,0,55,51,24,69,0,144,12,0,12,156
01/21/2021,EYW,FL,ASO,ES,Federal Contract Tower,60,22,27,1,110,0,6,55,5,66,60,28,82,6,176,16,0,16,192
01/22/2021,EYW,FL,ASO,ES,Federal Contract Tower,62,21,60,0,143,0,2,98,0,100,62,23,158,0,243,0,0,0,243
01/23/2021,EYW,FL,ASO,ES,Federal Contract Tower,58,12,38,2,110,0,1,75,0,76,58,13,113,2,186,8,0,8,194
01/24/2021,EYW,FL,ASO,ES,Federal Contract Tower,67,3,51,0,121,0,3,89,1,93,67,6,140,1,214,2,0,2,216
01/25/2021,EYW,FL,ASO,ES,Federal Contract Tower,60,7,49,0,116,0,4,43,0,47,60,11,92,0,163,0,0,0,163
01/26/2021,EYW,FL,ASO,ES,Federal Contract Tower,44,12,33,4,93,0,2,49,3,54,44,14,82,7,147,6,0,6,153
01/27/2021,EYW,FL,ASO,ES,Federal Contract Tower,46,10,27,1,84,0,6,50,8,64,46,16,77,9,148,24,0,24,172
01/28/2021,EYW,FL,ASO,ES,Federal Contract Tower,67,19,38,1,125,0,6,25,5,36,67,25,63,6,161,2,0,2,163
01/29/2021,EYW,FL,ASO,ES,Federal Contract Tower,58,21,43,1,123,1,9,79,0,89,59,30,122,1,212,0,4,4,216
01/30/2021,EYW,FL,ASO,ES,Federal Contract Tower,56,9,38,1,104,0,0,91,0,91,56,9,129,1,195,2,0,2,197
01/31/2021,EYW,FL,ASO,ES,Federal Contract Tower,67,20,81,0,168,0,2,107,0,109,67,22,188,0,277,0,0,0,277
02/01/2021,EYW,FL,ASO,ES,Federal Contract Tower,55,16,32,2,105,0,0,7,0,7,55,16,39,2,112,2,0,2,114
02/02/2021,EYW,FL,ASO,ES,Federal Contract Tower,40,14,22,0,76,0,3,9,0,12,40,17,31,0,88,0,0,0,88
02/03/2021,EYW,FL,ASO,ES,Federal Contract Tower,44,16,32,0,92,0,2,55,0,57,44,18,87,0,149,0,0,0,149
02/04/2021,EYW,FL,ASO,ES,Federal Contract Tower,59,19,42,0,120,0,6,70,0,76,59,25,112,0,196,40,0,40,236
02/05/2021,EYW,FL,ASO,ES,Federal Contract Tower,57,11,60,0,128,0,2,82,0,84,57,13,142,0,212,4,0,4,216
02/06/2021,EYW,FL,ASO,ES,Federal Contract Tower,59,6,55,0,120,0,4,66,0,70,59,10,121,0,190,14,0,14,204
02/07/2021,EYW,FL,ASO,ES,Federal Contract Tower,59,25,51,0,135,0,0,37,0,37,59,25,88,0,172,0,0,0,172
02/08/2021,EYW,FL,ASO,ES,Federal Contract Tower,62,15,56,2,135,0,1,45,0,46,62,16,101,2,181,20,0,20,201
02/09/2021,EYW,FL,ASO,ES,Federal Contract Tower,43,16,36,0,95,0,5,62,0,67,43,21,98,0,162,0,0,0,162
02/10/2021,EYW,FL,ASO,ES,Federal Contract Tower,58,26,36,1,121,0,5,77,3,85,58,31,113,4,206,0,0,0,206
02/11/2021,EYW,FL,ASO,ES,Federal Contract Tower,68,31,54,1,154,0,7,85,0,92,68,38,139,1,246,0,0,0,246
02/12/2021,EYW,FL,ASO,ES,Federal Contract Tower,66,20,85,4,175,0,2,60,0,62,66,22,145,4,237,0,0,0,237
02/13/2021,EYW,FL,ASO,ES,Federal Contract Tower,65,26,48,0,139,0,5,86,0,91,65,31,134,0,230,10,0,10,240
02/14/2021,EYW,FL,ASO,ES,Federal Contract Tower,71,17,57,0,145,0,11,116,0,127,71,28,173,0,272,2,0,2,274
02/15/2021,EYW,FL,ASO,ES,Federal Contract Tower,63,21,66,0,150,0,2,88,0,90,63,23,154,0,240,0,0,0,240
02/16/2021,EYW,FL,ASO,ES,Federal Contract Tower,45,14,39,0,98,0,0,19,0,19,45,14,58,0,117,6,0,6,123
02/17/2021,EYW,FL,ASO,ES,Federal Contract Tower,43,18,58,0,119,0,8,93,0,101,43,26,151,0,220,0,0,0,220
02/18/2021,EYW,FL,ASO,ES,Federal Contract Tower,59,20,50,1,130,0,8,100,0,108,59,28,150,1,238,30,0,30,268
02/20/2021,EYW,FL,ASO,ES,Federal Contract Tower,66,20,58,7,151,0,2,65,0,67,66,22,123,7,218,0,0,0,218
02/21/2021,EYW,FL,ASO,ES,Federal Contract Tower,72,17,63,0,152,0,3,69,0,72,72,20,132,0,224,0,0,0,224
02/22/2021,EYW,FL,ASO,ES,Federal Contract Tower,67,19,50,0,136,0,3,32,0,35,67,22,82,0,171,0,0,0,171
02/23/2021,EYW,FL,ASO,ES,Federal Contract Tower,49,19,32,0,100,0,5,57,0,62,49,24,89,0,162,18,0,18,180
02/24/2021,EYW,FL,ASO,ES,Federal Contract Tower,48,24,41,2,115,0,8,79,0,87,48,32,120,2,202,8,0,8,210
02/25/2021,EYW,FL,ASO,ES,Federal Contract Tower,71,37,54,0,162,0,8,106,0,114,71,45,160,0,276,28,0,28,304
02/26/2021,EYW,FL,ASO,ES,Federal Contract Tower,66,23,62,0,151,0,1,123,0,124,66,24,185,0,275,2,1,3,278
02/27/2021,EYW,FL,ASO,ES,Federal Contract Tower,66,22,60,1,149,0,3,141,7,151,66,25,201,8,300,14,0,14,314
02/28/2021,EYW,FL,ASO,ES,Federal Contract Tower,71,41,98,1,211,0,2,130,0,132,71,43,228,1,343,8,0,8,351
03/01/2021,EYW,FL,ASO,ES,Federal Contract Tower,66,20,38,2,126,0,1,56,7,64,66,21,94,9,190,18,0,18,208
03/02/2021,EYW,FL,ASO,ES,Federal Contract Tower,48,12,44,3,107,0,0,45,11,56,48,12,89,14,163,38,0,38,201
03/03/2021,EYW,FL,ASO,ES,Federal Contract Tower,54,20,41,1,116,0,14,57,3,74,54,34,98,4,190,20,0,20,210
03/04/2021,EYW,FL,ASO,ES,Federal Contract Tower,72,20,49,0,141,0,10,72,1,83,72,30,121,1,224,0,0,0,224
03/05/2021,EYW,FL,ASO,ES,Federal Contract Tower,71,24,61,8,164,0,1,109,0,110,71,25,170,8,274,0,0,0,274
03/06/2021,EYW,FL,ASO,ES,Federal Contract Tower,79,19,41,0,139,0,2,77,2,81,79,21,118,2,220,0,0,0,220
03/07/2021,EYW,FL,ASO,ES,Federal Contract Tower,81,32,79,0,192,0,6,104,2,112,81,38,183,2,304,0,0,0,304
03/08/2021,EYW,FL,ASO,ES,Federal Contract Tower,77,23,39,2,141,0,1,25,2,28,77,24,64,4,169,0,0,0,169
03/09/2021,EYW,FL,ASO,ES,Federal Contract Tower,63,13,25,1,102,0,2,19,2,23,63,15,44,3,125,0,0,0,125
03/10/2021,EYW,FL,ASO,ES,Federal Contract Tower,62,13,29,0,104,0,11,57,0,68,62,24,86,0,172,2,0,2,174
03/11/2021,EYW,FL,ASO,ES,Federal Contract Tower,81,12,43,0,136,0,1,63,0,64,81,13,106,0,200,8,0,8,208
03/12/2021,EYW,FL,ASO,ES,Federal Contract Tower,77,18,57,0,152,0,0,77,0,77,77,18,134,0,229,0,0,0,229
03/13/2021,EYW,FL,ASO,ES,Federal Contract Tower,85,23,60,2,170,0,1,80,0,81,85,24,140,2,251,8,0,8,259
03/14/2021,EYW,FL,ASO,ES,Federal Contract Tower,81,14,71,0,166,0,5,134,0,139,81,19,205,0,305,0,0,0,305
03/15/2021,EYW,FL,ASO,ES,Federal Contract Tower,71,24,29,0,124,0,2,60,0,62,71,26,89,0,186,10,0,10,196
03/16/2021,EYW,FL,ASO,ES,Federal Contract Tower,65,19,34,0,118,0,1,68,0,69,65,20,102,0,187,32,0,32,219
03/17/2021,EYW,FL,ASO,ES,Federal Contract Tower,62,21,40,0,123,0,7,98,3,108,62,28,138,3,231,0,0,0,231
03/18/2021,EYW,FL,ASO,ES,Federal Contract Tower,74,30,45,0,149,0,2,71,0,73,74,32,116,0,222,10,0,10,232
03/19/2021,EYW,FL,ASO,ES,Federal Contract Tower,74,22,57,0,153,0,2,44,0,46,74,24,101,0,199,0,0,0,199
03/20/2021,EYW,FL,ASO,ES,Federal Contract Tower,80,26,62,0,168,0,4,89,0,93,80,30,151,0,261,0,0,0,261
03/21/2021,EYW,FL,ASO,ES,Federal Contract Tower,85,16,62,0,163,0,3,71,0,74,85,19,133,0,237,0,0,0,237
03/22/2021,EYW,FL,ASO,ES,Federal Contract Tower,72,22,37,2,133,0,9,49,0,58,72,31,86,2,191,0,0,0,191
03/23/2021,EYW,FL,ASO,ES,Federal Contract Tower,61,24,25,1,111,0,4,68,0,72,61,28,93,1,183,16,0,16,199
03/24/2021,EYW,FL,ASO,ES,Federal Contract Tower,62,25,42,0,129,0,10,94,0,104,62,35,136,0,233,0,0,0,233
03/25/2021,EYW,FL,ASO,ES,Federal Contract Tower,82,25,49,0,156,0,7,85,0,92,82,32,134,0,248,0,0,0,248
03/26/2021,EYW,FL,ASO,ES,Federal Contract Tower,76,19,66,2,163,0,4,84,0,88,76,23,150,2,251,36,8,44,295
03/27/2021,EYW,FL,ASO,ES,Federal Contract Tower,81,22,60,2,165,0,4,98,0,102,81,26,158,2,267,0,0,0,267
03/28/2021,EYW,FL,ASO,ES,Federal Contract Tower,81,24,74,0,179,0,4,123,0,127,81,28,197,0,306,0,0,0,306
03/29/2021,EYW,FL,ASO,ES,Federal Contract Tower,72,22,43,0,137,0,2,69,0,71,72,24,112,0,208,20,0,20,228
03/30/2021,EYW,FL,ASO,ES,Federal Contract Tower,63,13,15,2,93,0,6,55,0,61,63,19,70,2,154,32,0,32,186
03/31/2021,EYW,FL,ASO,ES,Federal Contract Tower,71,26,40,0,137,0,5,72,0,77,71,31,112,0,214,4,0,4,218
04/01/2021,EYW,FL,ASO,ES,Federal Contract Tower,72,29,39,0,140,0,7,65,0,72,72,36,104,0,212,2,0,2,214
04/02/2021,EYW,FL,ASO,ES,Federal Contract Tower,77,23,31,0,131,0,2,23,0,25,77,25,54,0,156,0,0,0,156
04/03/2021,EYW,FL,ASO,ES,Federal Contract Tower,80,17,50,0,147,0,2,37,0,39,80,19,87,0,186,0,0,0,186
04/04/2021,EYW,FL,ASO,ES,Federal Contract Tower,85,20,43,0,148,0,2,47,2,51,85,22,90,2,199,0,0,0,199
04/05/2021,EYW,FL,ASO,ES,Federal Contract Tower,78,21,39,0,138,0,3,67,0,70,78,24,106,0,208,0,0,0,208
04/06/2021,EYW,FL,ASO,ES,Federal Contract Tower,64,15,37,0,116,0,5,43,3,51,64,20,80,3,167,16,0,16,183
04/07/2021,EYW,FL,ASO,ES,Federal Contract Tower,68,31,40,0,139,0,9,78,0,87,68,40,118,0,226,24,0,24,250
04/08/2021,EYW,FL,ASO,ES,Federal Contract Tower,72,19,34,0,125,0,6,82,0,88,72,25,116,0,213,4,0,4,217
04/09/2021,EYW,FL,ASO,ES,Federal Contract Tower,85,20,35,0,140,0,2,106,1,109,85,22,141,1,249,2,0,2,251
04/10/2021,EYW,FL,ASO,ES,Federal Contract Tower,80,23,49,0,152,0,4,78,0,82,80,27,127,0,234,0,0,0,234
04/11/2021,EYW,FL,ASO,ES,Federal Contract Tower,36,25,45,0,106,0,4,70,0,74,36,29,115,0,180,18,0,18,198
04/12/2021,EYW,FL,ASO,ES,Federal Contract Tower,87,30,47,0,164,0,4,41,1,46,87,34,88,1,210,26,0,26,236
04/13/2021,EYW,FL,ASO,ES,Federal Contract Tower,68,11,30,0,109,0,4,65,2,71,68,15,95,2,180,26,2,28,208
04/14/2021,EYW,FL,ASO,ES,Federal Contract Tower,67,19,43,0,129,0,1,79,0,80,67,20,122,0,209,6,0,6,215
04/15/2021,EYW,FL,ASO,ES,Federal Contract Tower,80,27,55,1,163,0,7,79,3,89,80,34,134,4,252,16,0,16,268
04/16/2021,EYW,FL,ASO,ES,Federal Contract Tower,79,18,61,0,158,0,4,78,2,84,79,22,139,2,242,0,0,0,242
04/17/2021,EYW,FL,ASO,ES,Federal Contract Tower,77,13,42,0,132,0,4,87,0,91,77,17,129,0,223,0,8,8,231
04/18/2021,EYW,FL,ASO,ES,Federal Contract Tower,88,26,74,0,188,0,5,97,0,102,88,31,171,0,290,6,0,6,296
04/19/2021,EYW,FL,ASO,ES,Federal Contract Tower,80,24,38,0,142,0,4,36,0,40,80,28,74,0,182,0,0,0,182
04/20/2021,EYW,FL,ASO,ES,Federal Contract Tower,71,14,37,0,122,0,0,30,0,30,71,14,67,0,152,18,0,18,170
04/21/2021,EYW,FL,ASO,ES,Federal Contract Tower,68,10,36,1,115,0,6,37,0,43,68,16,73,1,158,16,0,16,174
04/22/2021,EYW,FL,ASO,ES,Federal Contract Tower,84,28,40,0,152,0,6,111,0,117,84,34,151,0,269,24,0,24,293
04/23/2021,EYW,FL,ASO,ES,Federal Contract Tower,81,21,44,0,146,0,6,100,0,106,81,27,144,0,252,4,0,4,256
04/24/2021,EYW,FL,ASO,ES,Federal Contract Tower,78,16,35,0,129,0,3,92,0,95,78,19,127,0,224,4,0,4,228
04/25/2021,EYW,FL,ASO,ES,Federal Contract Tower,85,25,58,0,168,0,3,121,0,124,85,28,179,0,292,12,0,12,304
04/26/2021,EYW,FL,ASO,ES,Federal Contract Tower,78,30,31,0,139,0,6,65,0,71,78,36,96,0,210,2,0,2,212
04/27/2021,EYW,FL,ASO,ES,Federal Contract Tower,65,25,28,0,118,0,6,51,0,57,65,31,79,0,175,18,0,18,193
04/28/2021,EYW,FL,ASO,ES,Federal Contract Tower,66,22,42,0,130,0,1,85,2,88,66,23,127,2,218,2,0,2,220
04/29/2021,EYW,FL,ASO,ES,Federal Contract Tower,82,28,25,0,135,0,0,78,0,78,82,28,103,0,213,0,0,0,213
04/30/2021,EYW,FL,ASO,ES,Federal Contract Tower,77,20,41,4,142,0,2,84,0,86,77,22,125,4,228,2,0,2,230
05/01/2021,EYW,FL,ASO,ES,Federal Contract Tower,78,27,34,0,139,0,2,104,0,106,78,29,138,0,245,0,0,0,245
05/02/2021,EYW,FL,ASO,ES,Federal Contract Tower,85,32,82,0,199,0,5,87,0,92,85,37,169,0,291,0,0,0,291
05/03/2021,EYW,FL,ASO,ES,Federal Contract Tower,74,11,38,0,123,0,0,62,0,62,74,11,100,0,185,22,0,22,207
05/04/2021,EYW,FL,ASO,ES,Federal Contract Tower,65,14,40,1,120,0,1,71,1,73,65,15,111,2,193,22,0,22,215
05/05/2021,EYW,FL,ASO,ES,Federal Contract Tower,70,22,46,0,138,0,8,77,0,85,70,30,123,0,223,8,0,8,231
05/06/2021,EYW,FL,ASO,ES,Federal Contract Tower,74,21,62,0,157,0,0,84,0,84,74,21,146,0,241,72,0,72,313
05/07/2021,EYW,FL,ASO,ES,Federal Contract Tower,77,22,39,2,140,0,1,76,0,77,77,23,115,2,217,0,0,0,217
05/08/2021,EYW,FL,ASO,ES,Federal Contract Tower,75,22,35,0,132,0,1,103,0,104,75,23,138,0,236,18,0,18,254
05/09/2021,EYW,FL,ASO,ES,Federal Contract Tower,78,16,48,0,142,0,7,102,0,109,78,23,150,0,251,0,0,0,251
05/10/2021,EYW,FL,ASO,ES,Federal Contract Tower,72,23,46,0,141,0,4,69,0,73,72,27,115,0,214,0,0,0,214
05/11/2021,EYW,FL,ASO,ES,Federal Contract Tower,64,14,31,0,109,0,6,63,0,69,64,20,94,0,178,52,0,52,230
05/12/2021,EYW,FL,ASO,ES,Federal Contract Tower,67,28,30,0,125,0,1,46,0,47,67,29,76,0,172,0,0,0,172
05/13/2021,EYW,FL,ASO,ES,Federal Contract Tower,78,16,46,0,140,0,11,65,0,76,78,27,111,0,216,4,0,4,220
05/14/2021,EYW,FL,ASO,ES,Federal Contract Tower,75,17,47,3,142,0,2,69,0,71,75,19,116,3,213,8,2,10,223
05/15/2021,EYW,FL,ASO,ES,Federal Contract Tower,74,25,38,0,137,0,5,78,0,83,74,30,116,0,220,0,0,0,220
05/16/2021,EYW,FL,ASO,ES,Federal Contract Tower,67,11,48,2,128,0,4,109,0,113,67,15,157,2,241,0,0,0,241
05/17/2021,EYW,FL,ASO,ES,Federal Contract Tower,74,14,36,2,126,0,2,79,2,83,74,16,115,4,209,0,0,0,209
05/18/2021,EYW,FL,ASO,ES,Federal Contract Tower,68,8,16,4,96,0,5,67,0,72,68,13,83,4,168,16,0,16,184
05/19/2021,EYW,FL,ASO,ES,Federal Contract Tower,67,16,27,0,110,0,9,12,0,21,67,25,39,0,131,0,0,0,131
05/20/2021,EYW,FL,ASO,ES,Federal Contract Tower,77,14,32,0,123,0,4,16,2,22,77,18,48,2,145,0,0,0,145
05/21/2021,EYW,FL,ASO,ES,Federal Contract Tower,75,13,32,1,121,0,10,26,1,37,75,23,58,2,158,0,0,0,158
05/22/2021,EYW,FL,ASO,ES,Federal Contract Tower,75,8,23,0,106,0,6,87,0,93,75,14,110,0,199,0,0,0,199
05/23/2021,EYW,FL,ASO,ES,Federal Contract Tower,80,14,44,0,138,0,6,106,0,112,80,20,150,0,250,2,0,2,252
05/24/2021,EYW,FL,ASO,ES,Federal Contract Tower,71,13,44,2,130,0,2,49,3,54,71,15,93,5,184,24,0,24,208
05/25/2021,EYW,FL,ASO,ES,Federal Contract Tower,67,16,35,0,118,0,0,77,4,81,67,16,112,4,199,24,0,24,223
05/26/2021,EYW,FL,ASO,ES,Federal Contract Tower,68,17,27,0,112,0,1,117,0,118,68,18,144,0,230,20,16,36,266
05/27/2021,EYW,FL,ASO,ES,Federal Contract Tower,76,12,51,0,139,0,0,72,6,78,76,12,123,6,217,30,0,30,247
05/28/2021,EYW,FL,ASO,ES,Federal Contract Tower,83,21,62,0,166,0,1,104,4,109,83,22,166,4,275,4,0,4,279
05/29/2021,EYW,FL,ASO,ES,Federal Contract Tower,76,4,16,1,97,0,4,83,0,87,76,8,99,1,184,40,0,40,224
05/30/2021,EYW,FL,ASO,ES,Federal Contract Tower,82,13,22,2,119,0,2,91,0,93,82,15,113,2,212,40,0,40,252
05/31/2021,EYW,FL,ASO,ES,Federal Contract Tower,74,9,52,1,136,0,10,76,0,86,74,19,128,1,222,6,0,6,228
06/01/2021,EYW,FL,ASO,ES,Federal Contract Tower,69,7,26,1,103,0,4,58,0,62,69,11,84,1,165,36,4,40,205
06/02/2021,EYW,FL,ASO,ES,Federal Contract Tower,71,11,36,0,118,0,1,39,0,40,71,12,75,0,158,2,0,2,160
06/03/2021,EYW,FL,ASO,ES,Federal Contract Tower,73,14,27,0,114,0,1,48,2,51,73,15,75,2,165,0,0,0,165
06/04/2021,EYW,FL,ASO,ES,Federal Contract Tower,79,28,33,0,140,0,2,81,0,83,79,30,114,0,223,0,0,0,223
06/05/2021,EYW,FL,ASO,ES,Federal Contract Tower,73,13,31,0,117,0,0,85,0,85,73,13,116,0,202,8,2,10,212
06/06/2021,EYW,FL,ASO,ES,Federal Contract Tower,76,21,41,0,138,0,1,96,2,99,76,22,137,2,237,4,0,4,241
06/07/2021,EYW,FL,ASO,ES,Federal Contract Tower,76,15,28,0,119,0,4,50,0,54,76,19,78,0,173,30,0,30,203
06/08/2021,EYW,FL,ASO,ES,Federal Contract Tower,68,10,22,6,106,0,2,63,0,65,68,12,85,6,171,2,0,2,173
06/09/2021,EYW,FL,ASO,ES,Federal Contract Tower,71,18,25,1,115,0,5,58,0,63,71,23,83,1,178,6,0,6,184
06/10/2021,EYW,FL,ASO,ES,Federal Contract Tower,80,20,33,0,133,0,3,80,3,86,80,23,113,3,219,32,0,32,251
06/11/2021,EYW,FL,ASO,ES,Federal Contract Tower,77,26,30,0,133,0,4,62,0,66,77,30,92,0,199,28,0,28,227
06/12/2021,EYW,FL,ASO,ES,Federal Contract Tower,74,13,29,0,116,0,2,69,2,73,74,15,98,2,189,16,0,16,205
06/13/2021,EYW,FL,ASO,ES,Federal Contract Tower,79,20,43,0,142,0,2,67,0,69,79,22,110,0,211,14,0,14,225
06/14/2021,EYW,FL,ASO,ES,Federal Contract Tower,77,10,32,2,121,0,3,53,0,56,77,13,85,2,177,0,0,0,177
06/15/2021,EYW,FL,ASO,ES,Federal Contract Tower,74,10,35,0,119,0,0,67,3,70,74,10,102,3,189,0,0,0,189
06/16/2021,EYW,FL,ASO,ES,Federal Contract Tower,75,21,24,0,120,0,6,19,0,25,75,27,43,0,145,0,0,0,145
06/17/2021,EYW,FL,ASO,ES,Federal Contract Tower,81,22,28,0,131,0,9,24,0,33,81,31,52,0,164,24,0,24,188
06/18/2021,EYW,FL,ASO,ES,Federal Contract Tower,76,15,45,0,136,0,2,72,0,74,76,17,117,0,210,0,0,0,210
06/19/2021,EYW,FL,ASO,ES,Federal Contract Tower,78,10,32,0,120,0,3,66,2,71,78,13,98,2,191,0,0,0,191
06/20/2021,EYW,FL,ASO,ES,Federal Contract Tower,78,16,33,0,127,0,2,70,0,72,78,18,103,0,199,0,0,0,199
06/21/2021,EYW,FL,ASO,ES,Federal Contract Tower,67,11,22,3,103,0,0,54,0,54,67,11,76,3,157,42,0,42,199
06/22/2021,EYW,FL,ASO,ES,Federal Contract Tower,73,10,31,2,116,0,1,60,0,61,73,11,91,2,177,18,0,18,195
06/23/2021,EYW,FL,ASO,ES,Federal Contract Tower,77,11,20,1,109,0,2,44,0,46,77,13,64,1,155,0,0,0,155
06/24/2021,EYW,FL,ASO,ES,Federal Contract Tower,75,11,41,0,127,0,1,37,2,40,75,12,78,2,167,4,0,4,171
06/25/2021,EYW,FL,ASO,ES,Federal Contract Tower,77,15,38,0,130,0,5,29,0,34,77,20,67,0,164,8,0,8,172
06/26/2021,EYW,FL,ASO,ES,Federal Contract Tower,77,16,28,2,123,0,1,45,0,46,77,17,73,2,169,18,0,18,187
06/27/2021,EYW,FL,ASO,ES,Federal Contract Tower,81,14,40,2,137,0,4,69,1,74,81,18,109,3,211,0,0,0,211
06/28/2021,EYW,FL,ASO,ES,Federal Contract Tower,75,10,18,0,103,0,6,30,3,39,75,16,48,3,142,0,0,0,142
06/29/2021,EYW,FL,ASO,ES,Federal Contract Tower,73,13,7,0,93,0,7,10,1,18,73,20,17,1,111,0,0,0,111
06/30/2021,EYW,FL,ASO,ES,Federal Contract Tower,74,10,20,0,104,0,1,41,0,42,74,11,61,0,146,0,0,0,146
07/01/2021,EYW,FL,ASO,ES,Federal Contract Tower,76,18,38,0,132,0,2,31,0,33,76,20,69,0,165,12,0,12,177
07/02/2021,EYW,FL,ASO,ES,Federal Contract Tower,75,18,51,0,144,0,4,40,0,44,75,22,91,0,188,10,0,10,198
07/03/2021,EYW,FL,ASO,ES,Federal Contract Tower,75,14,29,0,118,0,0,43,0,43,75,14,72,0,161,14,0,14,175
07/04/2021,EYW,FL,ASO,ES,Federal Contract Tower,74,10,29,0,113,0,2,41,0,43,74,12,70,0,156,8,0,8,164
07/05/2021,EYW,FL,ASO,ES,Federal Contract Tower,64,7,27,0,98,0,0,6,0,6,64,7,33,0,104,0,0,0,104
07/07/2021,EYW,FL,ASO,ES,Federal Contract Tower,67,12,12,0,91,0,1,25,1,27,67,13,37,1,118,2,0,2,120
07/08/2021,EYW,FL,ASO,ES,Federal Contract Tower,75,19,21,0,115,0,0,36,0,36,75,19,57,0,151,24,0,24,175
07/09/2021,EYW,FL,ASO,ES,Federal Contract Tower,69,22,31,0,122,0,2,63,0,65,69,24,94,0,187,0,0,0,187
07/10/2021,EYW,FL,ASO,ES,Federal Contract Tower,71,9,23,0,103,0,1,27,0,28,71,10,50,0,131,0,0,0,131
07/11/2021,EYW,FL,ASO,ES,Federal Contract Tower,75,7,44,0,126,0,10,25,0,35,75,17,69,0,161,0,2,2,163
07/12/2021,EYW,FL,ASO,ES,Federal Contract Tower,65,19,21,0,105,0,5,18,0,23,65,24,39,0,128,0,0,0,128
07/13/2021,EYW,FL,ASO,ES,Federal Contract Tower,66,12,17,2,97,0,2,25,0,27,66,14,42,2,124,0,0,0,124
07/14/2021,EYW,FL,ASO,ES,Federal Contract Tower,68,12,25,0,105,0,4,37,0,41,68,16,62,0,146,0,0,0,146
07/15/2021,EYW,FL,ASO,ES,Federal Contract Tower,73,14,38,0,125,0,7,28,0,35,73,21,66,0,160,0,0,0,160
07/16/2021,EYW,FL,ASO,ES,Federal Contract Tower,62,16,43,1,122,0,4,64,8,76,62,20,107,9,198,2,0,2,200
07/17/2021,EYW,FL,ASO,ES,Federal Contract Tower,70,16,39,4,129,0,0,65,0,65,70,16,104,4,194,2,0,2,196
07/18/2021,EYW,FL,ASO,ES,Federal Contract Tower,72,5,39,3,119,0,2,74,0,76,72,7,113,3,195,0,0,0,195
07/19/2021,EYW,FL,ASO,ES,Federal Contract Tower,67,10,22,1,100,0,2,61,0,63,67,12,83,1,163,0,0,0,163
07/20/2021,EYW,FL,ASO,ES,Federal Contract Tower,65,20,34,0,119,0,6,28,0,34,65,26,62,0,153,0,0,0,153
07/21/2021,EYW,FL,ASO,ES,Federal Contract Tower,69,20,16,0,105,0,0,54,0,54,69,20,70,0,159,14,0,14,173
07/22/2021,EYW,FL,ASO,ES,Federal Contract Tower,74,8,25,0,107,0,0,56,0,56,74,8,81,0,163,2,0,2,165
07/23/2021,EYW,FL,ASO,ES,Federal Contract Tower,70,22,47,0,139,0,5,69,0,74,70,27,116,0,213,2,0,2,215
07/24/2021,EYW,FL,ASO,ES,Federal Contract Tower,73,11,32,0,116,0,2,59,0,61,73,13,91,0,177,2,0,2,179
07/25/2021,EYW,FL,ASO,ES,Federal Contract Tower,76,12,47,0,135,0,1,68,0,69,76,13,115,0,204,16,0,16,220
07/26/2021,EYW,FL,ASO,ES,Federal Contract Tower,65,14,18,0,97,0,4,44,0,48,65,18,62,0,145,6,0,6,151
07/27/2021,EYW,FL,ASO,ES,Federal Contract Tower,63,23,37,0,123,0,0,68,0,68,63,23,105,0,191,4,0,4,195
07/28/2021,EYW,FL,ASO,ES,Federal Contract Tower,71,12,28,0,111,0,6,41,0,47,71,18,69,0,158,6,0,6,164
07/29/2021,EYW,FL,ASO,ES,Federal Contract Tower,71,11,23,0,105,0,0,55,0,55,71,11,78,0,160,2,0,2,162
07/30/2021,EYW,FL,ASO,ES,Federal Contract Tower,65,12,38,0,115,0,3,79,0,82,65,15,117,0,197,0,0,0,197
07/31/2021,EYW,FL,ASO,ES,Federal Contract Tower,71,16,66,0,153,0,8,91,0,99,71,24,157,0,252,0,0,0,252
08/01/2021,EYW,FL,ASO,ES,Federal Contract Tower,71,14,59,0,144,0,6,102,0,108,71,20,161,0,252,0,0,0,252
08/02/2021,EYW,FL,ASO,ES,Federal Contract Tower,65,4,15,0,84,0,7,44,2,53,65,11,59,2,137,0,0,0,137
08/03/2021,EYW,FL,ASO,ES,Federal Contract Tower,62,15,27,0,104,0,1,38,0,39,62,16,65,0,143,0,0,0,143
08/04/2021,EYW,FL,ASO,ES,Federal Contract Tower,69,16,36,0,121,0,2,35,2,39,69,18,71,2,160,6,0,6,166
08/05/2021,EYW,FL,ASO,ES,Federal Contract Tower,72,13,52,0,137,0,3,30,0,33,72,16,82,0,170,0,0,0,170
08/06/2021,EYW,FL,ASO,ES,Federal Contract Tower,65,10,33,0,108,0,3,33,0,36,65,13,66,0,144,6,0,6,150
08/07/2021,EYW,FL,ASO,ES,Federal Contract Tower,69,8,36,0,113,0,0,48,0,48,69,8,84,0,161,0,0,0,161
08/08/2021,EYW,FL,ASO,ES,Federal Contract Tower,68,16,56,0,140,0,3,58,0,61,68,19,114,0,201,4,0,4,205
08/09/2021,EYW,FL,ASO,ES,Federal Contract Tower,68,11,27,0,106,0,1,32,0,33,68,12,59,0,139,10,0,10,149
08/10/2021,EYW,FL,ASO,ES,Federal Contract Tower,63,10,25,0,98,0,0,33,0,33,63,10,58,0,131,0,0,0,131
08/11/2021,EYW,FL,ASO,ES,Federal Contract Tower,67,15,16,0,98,0,0,53,4,57,67,15,69,4,155,2,0,2,157
08/12/2021,EYW,FL,ASO,ES,Federal Contract Tower,70,10,18,0,98,0,1,47,0,48,70,11,65,0,146,0,0,0,146
08/13/2021,EYW,FL,ASO,ES,Federal Contract Tower,69,9,26,0,104,0,2,15,0,17,69,11,41,0,121,0,0,0,121
08/14/2021,EYW,FL,ASO,ES,Federal Contract Tower,35,3,0,0,38,0,0,0,0,0,35,3,0,0,38,0,0,0,38
08/15/2021,EYW,FL,ASO,ES,Federal Contract Tower,71,5,17,0,93,0,4,13,0,17,71,9,30,0,110,0,0,0,110
08/16/2021,EYW,FL,ASO,ES,Federal Contract Tower,66,9,19,0,94,0,2,47,0,49,66,11,66,0,143,0,0,0,143
08/17/2021,EYW,FL,ASO,ES,Federal Contract Tower,51,12,23,0,86,0,2,52,0,54,51,14,75,0,140,0,0,0,140
08/18/2021,EYW,FL,ASO,ES,Federal Contract Tower,49,8,36,0,93,0,0,45,0,45,49,8,81,0,138,0,0,0,138
08/19/2021,EYW,FL,ASO,ES,Federal Contract Tower,59,14,29,0,102,0,2,65,0,67,59,16,94,0,169,0,4,4,173
08/20/2021,EYW,FL,ASO,ES,Federal Contract Tower,55,9,26,0,90,0,0,62,0,62,55,9,88,0,152,0,0,0,152
08/21/2021,EYW,FL,ASO,ES,Federal Contract Tower,56,12,26,0,94,0,0,31,0,31,56,12,57,0,125,0,0,0,125
08/22/2021,EYW,FL,ASO,ES,Federal Contract Tower,59,10,39,0,108,0,5,62,0,67,59,15,101,0,175,0,0,0,175
08/23/2021,EYW,FL,ASO,ES,Federal Contract Tower,51,7,19,0,77,0,0,51,0,51,51,7,70,0,128,0,0,0,128
08/24/2021,EYW,FL,ASO,ES,Federal Contract Tower,50,6,6,0,62,0,2,42,2,46,50,8,48,2,108,0,0,0,108
08/25/2021,EYW,FL,ASO,ES,Federal Contract Tower,49,8,20,0,77,0,0,29,2,31,49,8,49,2,108,0,0,0,108
08/26/2021,EYW,FL,ASO,ES,Federal Contract Tower,59,17,23,0,99,0,3,66,0,69,59,20,89,0,168,2,0,2,170
08/27/2021,EYW,FL,ASO,ES,Federal Contract Tower,58,13,28,2,101,0,0,47,0,47,58,13,75,2,148,0,0,0,148
08/28/2021,EYW,FL,ASO,ES,Federal Contract Tower,54,7,11,0,72,0,0,15,0,15,54,7,26,0,87,2,0,2,89
08/29/2021,EYW,FL,ASO,ES,Federal Contract Tower,59,7,31,0,97,0,7,47,1,55,59,14,78,1,152,0,0,0,152
08/30/2021,EYW,FL,ASO,ES,Federal Contract Tower,55,6,15,0,76,0,2,37,5,44,55,8,52,5,120,8,0,8,128
08/31/2021,EYW,FL,ASO,ES,Federal Contract Tower,49,11,17,0,77,0,1,50,0,51,49,12,67,0,128,0,0,0,128
09/01/2021,EYW,FL,ASO,ES,Federal Contract Tower,49,7,13,0,69,0,4,24,0,28,49,11,37,0,97,2,0,2,99
09/02/2021,EYW,FL,ASO,ES,Federal Contract Tower,55,11,28,0,94,0,7,16,0,23,55,18,44,0,117,2,0,2,119
09/03/2021,EYW,FL,ASO,ES,Federal Contract Tower,58,9,36,0,103,0,0,70,0,70,58,9,106,0,173,0,0,0,173
09/04/2021,EYW,FL,ASO,ES,Federal Contract Tower,59,5,18,0,82,0,0,73,0,73,59,5,91,0,155,0,0,0,155
09/05/2021,EYW,FL,ASO,ES,Federal Contract Tower,60,3,38,0,101,0,0,88,0,88,60,3,126,0,189,0,0,0,189
09/06/2021,EYW,FL,ASO,ES,Federal Contract Tower,56,9,50,0,115,0,3,49,0,52,56,12,99,0,167,0,0,0,167
09/07/2021,EYW,FL,ASO,ES,Federal Contract Tower,48,6,23,0,77,0,5,41,0,46,48,11,64,0,123,6,0,6,129
09/08/2021,EYW,FL,ASO,ES,Federal Contract Tower,35,13,22,0,70,0,0,36,0,36,35,13,58,0,106,4,0,4,110
09/09/2021,EYW,FL,ASO,ES,Federal Contract Tower,51,10,21,0,82,0,4,28,0,32,51,14,49,0,114,6,0,6,120
09/10/2021,EYW,FL,ASO,ES,Federal Contract Tower,49,4,28,0,81,0,1,47,0,48,49,5,75,0,129,0,0,0,129
09/11/2021,EYW,FL,ASO,ES,Federal Contract Tower,48,8,22,0,78,0,1,65,0,66,48,9,87,0,144,2,0,2,146
09/12/2021,EYW,FL,ASO,ES,Federal Contract Tower,50,7,33,0,90,0,1,44,0,45,50,8,77,0,135,0,0,0,135
09/13/2021,EYW,FL,ASO,ES,Federal Contract Tower,42,5,5,0,52,0,3,29,0,32,42,8,34,0,84,0,0,0,84
09/14/2021,EYW,FL,ASO,ES,Federal Contract Tower,36,4,7,0,47,0,6,29,0,35,36,10,36,0,82,0,0,0,82
09/15/2021,EYW,FL,ASO,ES,Federal Contract Tower,40,5,19,0,64,0,1,32,0,33,40,6,51,0,97,2,0,2,99
09/16/2021,EYW,FL,ASO,ES,Federal Contract Tower,49,10,14,0,73,0,13,47,0,60,49,23,61,0,133,52,0,52,185
09/17/2021,EYW,FL,ASO,ES,Federal Contract Tower,48,17,34,0,99,0,18,78,0,96,48,35,112,0,195,0,0,0,195
09/19/2021,EYW,FL,ASO,ES,Federal Contract Tower,51,12,45,0,108,0,0,47,0,47,51,12,92,0,155,2,0,2,157
09/20/2021,EYW,FL,ASO,ES,Federal Contract Tower,45,9,17,0,71,0,2,20,0,22,45,11,37,0,93,0,0,0,93
09/21/2021,EYW,FL,ASO,ES,Federal Contract Tower,36,6,10,0,52,0,3,28,0,31,36,9,38,0,83,0,0,0,83
09/23/2021,EYW,FL,ASO,ES,Federal Contract Tower,52,14,29,0,95,0,4,55,0,59,52,18,84,0,154,6,0,6,160
09/24/2021,EYW,FL,ASO,ES,Federal Contract Tower,49,11,37,0,97,0,0,82,0,82,49,11,119,0,179,4,0,4,183
09/25/2021,EYW,FL,ASO,ES,Federal Contract Tower,46,4,25,0,75,0,1,78,0,79,46,5,103,0,154,0,0,0,154
09/26/2021,EYW,FL,ASO,ES,Federal Contract Tower,50,9,42,0,101,0,7,83,0,90,50,16,125,0,191,0,0,0,191
09/27/2021,EYW,FL,ASO,ES,Federal Contract Tower,45,10,22,0,77,0,4,47,0,51,45,14,69,0,128,0,0,0,128
09/28/2021,EYW,FL,ASO,ES,Federal Contract Tower,37,8,9,0,54,0,7,31,2,40,37,15,40,2,94,0,0,0,94
09/29/2021,EYW,FL,ASO,ES,Federal Contract Tower,37,16,15,0,68,0,5,43,0,48,37,21,58,0,116,2,0,2,118
09/30/2021,EYW,FL,ASO,ES,Federal Contract Tower,45,18,32,0,95,0,8,53,0,61,45,26,85,0,156,0,0,0,156
10/01/2021,EYW,FL,ASO,ES,Federal Contract Tower,47,16,32,0,95,0,7,39,0,46,47,23,71,0,141,4,0,4,145
10/02/2021,EYW,FL,ASO,ES,Federal Contract Tower,48,7,26,0,81,0,2,63,0,65,48,9,89,0,146,2,0,2,148
10/03/2021,EYW,FL,ASO,ES,Federal Contract Tower,50,19,28,0,97,0,7,62,2,71,50,26,90,2,168,4,0,4,172
10/04/2021,EYW,FL,ASO,ES,Federal Contract Tower,42,4,33,0,79,0,2,47,0,49,42,6,80,0,128,6,0,6,134
10/05/2021,EYW,FL,ASO,ES,Federal Contract Tower,38,8,23,0,69,0,2,38,2,42,38,10,61,2,111,8,0,8,119
10/06/2021,EYW,FL,ASO,ES,Federal Contract Tower,41,14,19,0,74,0,0,34,0,34,41,14,53,0,108,2,0,2,110
10/07/2021,EYW,FL,ASO,ES,Federal Contract Tower,50,6,37,0,93,0,0,59,0,59,50,6,96,0,152,4,0,4,156
10/08/2021,EYW,FL,ASO,ES,Federal Contract Tower,45,11,47,0,103,0,12,63,0,75,45,23,110,0,178,2,0,2,180
10/09/2021,EYW,FL,ASO,ES,Federal Contract Tower,46,21,22,0,89,0,6,74,0,80,46,27,96,0,169,0,0,0,169
10/10/2021,EYW,FL,ASO,ES,Federal Contract Tower,51,9,45,0,105,0,3,62,0,65,51,12,107,0,170,2,0,2,172
10/11/2021,EYW,FL,ASO,ES,Federal Contract Tower,47,13,23,0,83,0,8,39,1,48,47,21,62,1,131,0,0,0,131
10/12/2021,EYW,FL,ASO,ES,Federal Contract Tower,41,10,15,0,66,0,2,48,0,50,41,12,63,0,116,0,0,0,116
10/13/2021,EYW,FL,ASO,ES,Federal Contract Tower,42,13,34,0,89,0,7,30,0,37,42,20,64,0,126,10,0,10,136
10/14/2021,EYW,FL,ASO,ES,Federal Contract Tower,51,11,38,0,100,0,2,59,0,61,51,13,97,0,161,0,0,0,161
10/15/2021,EYW,FL,ASO,ES,Federal Contract Tower,49,10,32,2,93,0,7,89,0,96,49,17,121,2,189,58,0,58,247
10/16/2021,EYW,FL,ASO,ES,Federal Contract Tower,47,4,19,0,70,0,0,48,0,48,47,4,67,0,118,0,0,0,118
10/17/2021,EYW,FL,ASO,ES,Federal Contract Tower,51,7,51,1,110,0,4,86,0,90,51,11,137,1,200,0,0,0,200
10/18/2021,EYW,FL,ASO,ES,Federal Contract Tower,48,14,27,0,89,0,3,36,0,39,48,17,63,0,128,0,0,0,128
10/20/2021,EYW,FL,ASO,ES,Federal Contract Tower,42,8,26,0,76,0,13,44,0,57,42,21,70,0,133,0,0,0,133
10/21/2021,EYW,FL,ASO,ES,Federal Contract Tower,49,15,22,0,86,0,18,66,6,90,49,33,88,6,176,4,0,4,180
10/22/2021,EYW,FL,ASO,ES,Federal Contract Tower,47,22,35,0,104,0,5,46,0,51,47,27,81,0,155,4,0,4,159
10/23/2021,EYW,FL,ASO,ES,Federal Contract Tower,46,12,28,2,88,0,2,48,0,50,46,14,76,2,138,0,0,0,138
10/24/2021,EYW,FL,ASO,ES,Federal Contract Tower,48,11,36,0,95,0,2,47,0,49,48,13,83,0,144,20,0,20,164
10/25/2021,EYW,FL,ASO,ES,Federal Contract Tower,46,11,26,0,83,0,16,3,0,19,46,27,29,0,102,0,0,0,102
10/26/2021,EYW,FL,ASO,ES,Federal Contract Tower,41,17,19,0,77,0,7,36,0,43,41,24,55,0,120,18,0,18,138
10/27/2021,EYW,FL,ASO,ES,Federal Contract Tower,50,12,38,8,108,0,11,70,0,81,50,23,108,8,189,0,0,0,189
10/28/2021,EYW,FL,ASO,ES,Federal Contract Tower,47,15,41,0,103,0,10,53,0,63,47,25,94,0,166,0,0,0,166
10/29/2021,EYW,FL,ASO,ES,Federal Contract Tower,50,16,31,0,97,0,0,64,0,64,50,16,95,0,161,12,0,12,173
10/30/2021,EYW,FL,ASO,ES,Federal Contract Tower,44,3,32,0,79,0,2,75,0,77,44,5,107,0,156,2,0,2,158
10/31/2021,EYW,FL,ASO,ES,Federal Contract Tower,53,17,57,2,129,0,9,94,2,105,53,26,151,4,234,22,0,22,256
11/01/2021,EYW,FL,ASO,ES,Federal Contract Tower,48,17,27,0,92,0,11,67,0,78,48,28,94,0,170,4,0,4,174
11/02/2021,EYW,FL,ASO,ES,Federal Contract Tower,43,10,27,0,80,0,2,39,0,41,43,12,66,0,121,0,0,0,121
11/03/2021,EYW,FL,ASO,ES,Federal Contract Tower,49,14,25,0,88,0,3,32,4,39,49,17,57,4,127,0,0,0,127
11/04/2021,EYW,FL,ASO,ES,Federal Contract Tower,59,19,43,0,121,0,11,36,0,47,59,30,79,0,168,0,0,0,168
11/05/2021,EYW,FL,ASO,ES,Federal Contract Tower,59,19,27,0,105,0,3,10,1,14,59,22,37,1,119,8,0,8,127
11/06/2021,EYW,FL,ASO,ES,Federal Contract Tower,57,6,23,0,86,0,0,19,0,19,57,6,42,0,105,10,0,10,115
11/07/2021,EYW,FL,ASO,ES,Federal Contract Tower,57,11,41,0,109,0,3,68,0,71,57,14,109,0,180,4,0,4,184
11/08/2021,EYW,FL,ASO,ES,Federal Contract Tower,62,12,28,0,102,0,3,47,0,50,62,15,75,0,152,0,0,0,152
11/09/2021,EYW,FL,ASO,ES,Federal Contract Tower,44,13,41,0,98,0,4,90,0,94,44,17,131,0,192,0,0,0,192
11/10/2021,EYW,FL,ASO,ES,Federal Contract Tower,51,15,57,0,123,0,1,74,0,75,51,16,131,0,198,8,0,8,206
11/11/2021,EYW,FL,ASO,ES,Federal Contract Tower,54,31,46,0,131,0,3,64,0,67,54,34,110,0,198,4,0,4,202
11/12/2021,EYW,FL,ASO,ES,Federal Contract Tower,50,26,37,0,113,0,2,67,0,69,50,28,104,0,182,0,0,0,182
11/13/2021,EYW,FL,ASO,ES,Federal Contract Tower,55,15,43,0,113,0,5,88,0,93,55,20,131,0,206,0,0,0,206
11/14/2021,EYW,FL,ASO,ES,Federal Contract Tower,57,28,67,0,152,0,4,109,0,113,57,32,176,0,265,0,0,0,265
11/15/2021,EYW,FL,ASO,ES,Federal Contract Tower,54,26,54,1,135,0,8,77,2,87,54,34,131,3,222,0,0,0,222
11/16/2021,EYW,FL,ASO,ES,Federal Contract Tower,46,12,33,2,93,0,2,47,0,49,46,14,80,2,142,0,0,0,142
11/17/2021,EYW,FL,ASO,ES,Federal Contract Tower,45,16,25,0,86,0,15,57,6,78,45,31,82,6,164,4,0,4,168
11/18/2021,EYW,FL,ASO,ES,Federal Contract Tower,58,13,16,0,87,0,1,9,2,12,58,14,25,2,99,0,0,0,99
11/19/2021,EYW,FL,ASO,ES,Federal Contract Tower,69,28,58,1,156,0,4,29,0,33,69,32,87,1,189,0,0,0,189
11/20/2021,EYW,FL,ASO,ES,Federal Contract Tower,57,16,42,2,117,0,4,53,1,58,57,20,95,3,175,0,0,0,175
11/21/2021,EYW,FL,ASO,ES,Federal Contract Tower,58,10,54,3,125,1,5,64,0,70,59,15,118,3,195,0,0,0,195
11/22/2021,EYW,FL,ASO,ES,Federal Contract Tower,59,11,42,0,112,0,10,26,2,38,59,21,68,2,150,0,0,0,150
11/23/2021,EYW,FL,ASO,ES,Federal Contract Tower,47,21,27,1,96,0,1,44,1,46,47,22,71,2,142,0,0,0,142
11/24/2021,EYW,FL,ASO,ES,Federal Contract Tower,57,14,32,2,105,0,12,78,0,90,57,26,110,2,195,0,0,0,195
11/25/2021,EYW,FL,ASO,ES,Federal Contract Tower,42,2,22,0,66,0,1,62,0,63,42,3,84,0,129,0,0,0,129
11/26/2021,EYW,FL,ASO,ES,Federal Contract Tower,58,11,38,0,107,0,9,45,2,56,58,20,83,2,163,0,0,0,163
11/27/2021,EYW,FL,ASO,ES,Federal Contract Tower,61,7,40,1,109,0,7,82,7,96,61,14,122,8,205,0,0,0,205
11/28/2021,EYW,FL,ASO,ES,Federal Contract Tower,59,18,51,5,133,0,3,60,3,66,59,21,111,8,199,0,0,0,199
11/29/2021,EYW,FL,ASO,ES,Federal Contract Tower,60,21,39,2,122,0,1,52,1,54,60,22,91,3,176,0,0,0,176
11/30/2021,EYW,FL,ASO,ES,Federal Contract Tower,45,16,31,2,94,0,8,66,2,76,45,24,97,4,170,0,0,0,170
12/01/2021,EYW,FL,ASO,ES,Federal Contract Tower,52,9,19,1,81,0,5,39,0,44,52,14,58,1,125,6,0,6,131
12/02/2021,EYW,FL,ASO,ES,Federal Contract Tower,60,13,38,2,113,0,8,48,0,56,60,21,86,2,169,0,0,0,169
12/03/2021,EYW,FL,ASO,ES,Federal Contract Tower,65,7,32,0,104,0,6,66,0,72,65,13,98,0,176,6,0,6,182
12/04/2021,EYW,FL,ASO,ES,Federal Contract Tower,62,11,30,0,103,0,4,49,1,54,62,15,79,1,157,0,0,0,157
12/05/2021,EYW,FL,ASO,ES,Federal Contract Tower,60,18,49,0,127,0,1,55,0,56,60,19,104,0,183,0,0,0,183
12/06/2021,EYW,FL,ASO,ES,Federal Contract Tower,59,28,26,0,113,0,2,28,0,30,59,30,54,0,143,0,0,0,143
12/07/2021,EYW,FL,ASO,ES,Federal Contract Tower,45,15,35,0,95,0,4,32,1,37,45,19,67,1,132,0,0,0,132
12/08/2021,EYW,FL,ASO,ES,Federal Contract Tower,49,19,29,0,97,0,8,38,0,46,49,27,67,0,143,0,0,0,143
12/09/2021,EYW,FL,ASO,ES,Federal Contract Tower,58,26,28,2,114,0,7,43,0,50,58,33,71,2,164,2,0,2,166
12/10/2021,EYW,FL,ASO,ES,Federal Contract Tower,60,14,46,0,120,0,5,56,0,61,60,19,102,0,181,0,0,0,181
12/11/2021,EYW,FL,ASO,ES,Federal Contract Tower,59,16,22,1,98,0,2,45,0,47,59,18,67,1,145,0,0,0,145
12/12/2021,EYW,FL,ASO,ES,Federal Contract Tower,65,12,39,0,116,0,3,113,0,116,65,15,152,0,232,0,0,0,232
12/13/2021,EYW,FL,ASO,ES,Federal Contract Tower,61,9,31,2,103,0,4,56,0,60,61,13,87,2,163,0,0,0,163
12/14/2021,EYW,FL,ASO,ES,Federal Contract Tower,48,6,18,0,72,0,3,47,0,50,48,9,65,0,122,4,0,4,126
12/15/2021,EYW,FL,ASO,ES,Federal Contract Tower,49,14,21,1,85,0,7,51,4,62,49,21,72,5,147,0,0,0,147
12/16/2021,EYW,FL,ASO,ES,Federal Contract Tower,59,15,40,0,114,0,3,68,0,71,59,18,108,0,185,2,0,2,187
12/17/2021,EYW,FL,ASO,ES,Federal Contract Tower,62,19,34,0,115,0,13,46,0,59,62,32,80,0,174,0,0,0,174
12/18/2021,EYW,FL,ASO,ES,Federal Contract Tower,75,10,38,0,123,0,0,62,0,62,75,10,100,0,185,8,0,8,193
12/19/2021,EYW,FL,ASO,ES,Federal Contract Tower,69,13,41,0,123,0,1,85,0,86,69,14,126,0,209,0,0,0,209
12/20/2021,EYW,FL,ASO,ES,Federal Contract Tower,63,13,30,0,106,0,4,68,2,74,63,17,98,2,180,10,0,10,190
12/21/2021,EYW,FL,ASO,ES,Federal Contract Tower,64,12,13,0,89,0,2,8,0,10,64,14,21,0,99,0,0,0,99
12/22/2021,EYW,FL,ASO,ES,Federal Contract Tower,66,14,32,1,113,0,1,44,0,45,66,15,76,1,158,10,0,10,168
12/23/2021,EYW,FL,ASO,ES,Federal Contract Tower,74,10,33,0,117,0,5,77,2,84,74,15,110,2,201,0,0,0,201
12/24/2021,EYW,FL,ASO,ES,Federal Contract Tower,57,13,13,0,83,0,2,76,0,78,57,15,89,0,161,3,0,3,164
12/25/2021,EYW,FL,ASO,ES,Federal Contract Tower,68,7,15,0,90,0,0,24,0,24,68,7,39,0,114,0,0,0,114
12/26/2021,EYW,FL,ASO,ES,Federal Contract Tower,70,25,81,0,176,0,2,71,0,73,70,27,152,0,249,16,0,16,265
12/27/2021,EYW,FL,ASO,ES,Federal Contract Tower,63,20,67,0,150,0,6,94,0,100,63,26,161,0,250,2,0,2,252
12/28/2021,EYW,FL,ASO,ES,Federal Contract Tower,65,25,48,4,142,0,12,67,0,79,65,37,115,4,221,6,0,6,227
12/29/2021,EYW,FL,ASO,ES,Federal Contract Tower,65,24,61,2,152,0,10,107,0,117,65,34,168,2,269,0,0,0,269
12/30/2021,EYW,FL,ASO,ES,Federal Contract Tower,69,24,78,0,171,0,7,154,0,161,69,31,232,0,332,0,0,0,332
12/31/2021,EYW,FL,ASO,ES,Federal Contract Tower,56,17,52,0,125,0,8,129,0,137,56,25,181,0,262,2,0,2,264
01/01/2022,EYW,FL,ASO,ES,Federal Contract Tower,56,21,68,0,145,0,6,97,0,103,56,27,165,0,248,0,0,0,248
01/02/2022,EYW,FL,ASO,ES,Federal Contract Tower,63,20,100,0,183,0,6,104,0,110,63,26,204,0,293,0,0,0,293
01/03/2022,EYW,FL,ASO,ES,Federal Contract Tower,59,30,63,0,152,0,6,22,2,30,59,36,85,2,182,0,0,0,182
01/04/2022,EYW,FL,ASO,ES,Federal Contract Tower,54,13,41,6,114,0,3,26,0,29,54,16,67,6,143,0,0,0,143
01/05/2022,EYW,FL,ASO,ES,Federal Contract Tower,57,12,31,0,100,0,8,60,0,68,57,20,91,0,168,4,0,4,172
01/06/2022,EYW,FL,ASO,ES,Federal Contract Tower,63,9,32,2,106,0,1,47,0,48,63,10,79,2,154,0,0,0,154
01/07/2022,EYW,FL,ASO,ES,Federal Contract Tower,57,17,41,0,115,0,7,91,0,98,57,24,132,0,213,0,0,0,213
01/08/2022,EYW,FL,ASO,ES,Federal Contract Tower,66,8,28,0,102,0,4,55,0,59,66,12,83,0,161,2,0,2,163
01/09/2022,EYW,FL,ASO,ES,Federal Contract Tower,62,15,56,0,133,0,4,61,0,65,62,19,117,0,198,0,0,0,198
01/10/2022,EYW,FL,ASO,ES,Federal Contract Tower,60,13,46,2,121,0,5,30,2,37,60,18,76,4,158,0,0,0,158
01/11/2022,EYW,FL,ASO,ES,Federal Contract Tower,51,21,28,0,100,0,3,12,0,15,51,24,40,0,115,0,0,0,115
01/12/2022,EYW,FL,ASO,ES,Federal Contract Tower,59,10,16,0,85,0,5,31,0,36,59,15,47,0,121,0,0,0,121
01/13/2022,EYW,FL,ASO,ES,Federal Contract Tower,65,18,44,0,127,0,4,36,0,40,65,22,80,0,167,0,0,0,167
01/14/2022,EYW,FL,ASO,ES,Federal Contract Tower,63,19,66,0,148,0,7,55,0,62,63,26,121,0,210,0,0,0,210
01/15/2022,EYW,FL,ASO,ES,Federal Contract Tower,66,18,42,0,126,0,0,132,0,132,66,18,174,0,258,0,0,0,258
01/16/2022,EYW,FL,ASO,ES,Federal Contract Tower,50,10,22,0,82,0,0,4,4,8,50,10,26,4,90,0,0,0,90
01/17/2022,EYW,FL,ASO,ES,Federal Contract Tower,55,15,69,0,139,0,6,54,0,60,55,21,123,0,199,0,0,0,199
01/18/2022,EYW,FL,ASO,ES,Federal Contract Tower,53,21,38,2,114,0,8,73,1,82,53,29,111,3,196,0,0,0,196
01/19/2022,EYW,FL,ASO,ES,Federal Contract Tower,57,12,29,0,98,0,5,80,0,85,57,17,109,0,183,0,0,0,183
01/20/2022,EYW,FL,ASO,ES,Federal Contract Tower,54,18,45,2,119,0,9,53,2,64,54,27,98,4,183,0,0,0,183
01/21/2022,EYW,FL,ASO,ES,Federal Contract Tower,61,23,41,1,126,0,6,71,0,77,61,29,112,1,203,0,0,0,203
01/22/2022,EYW,FL,ASO,ES,Federal Contract Tower,63,18,44,0,125,0,4,44,0,48,63,22,88,0,173,0,0,0,173
01/23/2022,EYW,FL,ASO,ES,Federal Contract Tower,67,32,59,0,158,0,3,51,0,54,67,35,110,0,212,0,0,0,212
01/24/2022,EYW,FL,ASO,ES,Federal Contract Tower,60,21,31,0,112,0,5,80,0,85,60,26,111,0,197,0,0,0,197
01/25/2022,EYW,FL,ASO,ES,Federal Contract Tower,52,18,32,0,102,0,13,51,0,64,52,31,83,0,166,0,0,0,166
01/26/2022,EYW,FL,ASO,ES,Federal Contract Tower,56,12,40,0,108,0,7,26,0,33,56,19,66,0,141,0,0,0,141
01/27/2022,EYW,FL,ASO,ES,Federal Contract Tower,61,21,70,0,152,0,5,7,0,12,61,26,77,0,164,0,0,0,164
01/28/2022,EYW,FL,ASO,ES,Federal Contract Tower,57,21,43,0,121,0,0,52,0,52,57,21,95,0,173,0,0,0,173
01/29/2022,EYW,FL,ASO,ES,Federal Contract Tower,36,16,14,0,66,0,2,11,0,13,36,18,25,0,79,0,0,0,79
01/30/2022,EYW,FL,ASO,ES,Federal Contract Tower,62,26,59,0,147,0,6,117,6,129,62,32,176,6,276,2,0,2,278
01/31/2022,EYW,FL,ASO,ES,Federal Contract Tower,59,22,34,2,117,0,1,83,10,94,59,23,117,12,211,0,0,0,211
02/01/2022,EYW,FL,ASO,ES,Federal Contract Tower,50,22,26,0,98,0,5,42,2,49,50,27,68,2,147,0,0,0,147
02/02/2022,EYW,FL,ASO,ES,Federal Contract Tower,55,12,35,0,102,0,0,53,0,53,55,12,88,0,155,0,0,0,155
02/03/2022,EYW,FL,ASO,ES,Federal Contract Tower,59,14,29,1,103,0,6,80,0,86,59,20,109,1,189,0,0,0,189
02/04/2022,EYW,FL,ASO,ES,Federal Contract Tower,38,19,54,0,111,0,8,73,0,81,38,27,127,0,192,0,0,0,192
02/05/2022,EYW,FL,ASO,ES,Federal Contract Tower,60,25,49,1,135,0,4,88,0,92,60,29,137,1,227,0,0,0,227
02/06/2022,EYW,FL,ASO,ES,Federal Contract Tower,53,23,67,0,143,0,5,62,0,67,53,28,129,0,210,0,0,0,210
02/07/2022,EYW,FL,ASO,ES,Federal Contract Tower,60,23,40,0,123,0,1,55,0,56,60,24,95,0,179,0,0,0,179
02/08/2022,EYW,FL,ASO,ES,Federal Contract Tower,51,12,45,1,109,0,2,29,0,31,51,14,74,1,140,4,0,4,144
02/09/2022,EYW,FL,ASO,ES,Federal Contract Tower,57,16,39,1,113,0,4,8,0,12,57,20,47,1,125,0,0,0,125
02/10/2022,EYW,FL,ASO,ES,Federal Contract Tower,58,17,28,0,103,0,1,79,0,80,58,18,107,0,183,0,0,0,183
02/11/2022,EYW,FL,ASO,ES,Federal Contract Tower,60,35,58,2,155,0,5,89,0,94,60,40,147,2,249,0,0,0,249
02/12/2022,EYW,FL,ASO,ES,Federal Contract Tower,62,14,51,0,127,0,2,86,0,88,62,16,137,0,215,0,0,0,215
02/13/2022,EYW,FL,ASO,ES,Federal Contract Tower,67,18,42,0,127,0,6,32,0,38,67,24,74,0,165,0,0,0,165
02/14/2022,EYW,FL,ASO,ES,Federal Contract Tower,58,12,43,0,113,0,3,39,0,42,58,15,82,0,155,0,0,0,155
02/15/2022,EYW,FL,ASO,ES,Federal Contract Tower,51,16,46,2,115,0,1,41,0,42,51,17,87,2,157,0,0,0,157
02/16/2022,EYW,FL,ASO,ES,Federal Contract Tower,57,26,58,0,141,0,4,35,0,39,57,30,93,0,180,0,0,0,180
02/17/2022,EYW,FL,ASO,ES,Federal Contract Tower,64,19,53,0,136,0,9,98,0,107,64,28,151,0,243,0,0,0,243
02/18/2022,EYW,FL,ASO,ES,Federal Contract Tower,61,33,66,0,160,0,4,132,0,136,61,37,198,0,296,8,0,8,304
02/19/2022,EYW,FL,ASO,ES,Federal Contract Tower,61,25,67,0,153,0,0,28,0,28,61,25,95,0,181,0,0,0,181
02/20/2022,EYW,FL,ASO,ES,Federal Contract Tower,70,18,66,1,155,0,8,106,1,115,70,26,172,2,270,0,0,0,270
02/21/2022,EYW,FL,ASO,ES,Federal Contract Tower,62,33,56,0,151,0,20,126,0,146,62,53,182,0,297,0,0,0,297
02/22/2022,EYW,FL,ASO,ES,Federal Contract Tower,56,21,44,7,128,0,1,72,1,74,56,22,116,8,202,8,0,8,210
02/23/2022,EYW,FL,ASO,ES,Federal Contract Tower,60,17,40,2,119,0,0,76,0,76,60,17,116,2,195,6,0,6,201
02/24/2022,EYW,FL,ASO,ES,Federal Contract Tower,64,23,51,1,139,0,5,89,1,95,64,28,140,2,234,6,0,6,240
02/25/2022,EYW,FL,ASO,ES,Federal Contract Tower,57,37,57,2,153,0,12,99,0,111,57,49,156,2,264,2,0,2,266
02/26/2022,EYW,FL,ASO,ES,Federal Contract Tower,65,20,34,0,119,0,2,83,0,85,65,22,117,0,204,8,0,8,212
02/27/2022,EYW,FL,ASO,ES,Federal Contract Tower,61,26,58,0,145,0,1,58,0,59,61,27,116,0,204,2,0,2,206
02/28/2022,EYW,FL,ASO,ES,Federal Contract Tower,55,17,31,0,103,0,3,58,0,61,55,20,89,0,164,0,0,0,164
03/01/2022,EYW,FL,ASO,ES,Federal Contract Tower,54,17,43,0,114,0,7,80,0,87,54,24,123,0,201,12,0,12,213
03/02/2022,EYW,FL,ASO,ES,Federal Contract Tower,61,23,39,0,123,0,2,53,0,55,61,25,92,0,178,2,0,2,180
03/03/2022,EYW,FL,ASO,ES,Federal Contract Tower,62,17,43,0,122,0,3,69,2,74,62,20,112,2,196,2,4,6,202
03/04/2022,EYW,FL,ASO,ES,Federal Contract Tower,61,37,34,0,132,0,2,93,0,95,61,39,127,0,227,0,0,0,227
03/05/2022,EYW,FL,ASO,ES,Federal Contract Tower,68,25,80,0,173,0,3,61,0,64,68,28,141,0,237,34,0,34,271
03/06/2022,EYW,FL,ASO,ES,Federal Contract Tower,66,19,73,0,158,0,4,62,0,66,66,23,135,0,224,0,0,0,224
03/07/2022,EYW,FL,ASO,ES,Federal Contract Tower,62,16,38,2,118,0,5,67,0,72,62,21,105,2,190,0,0,0,190
03/08/2022,EYW,FL,ASO,ES,Federal Contract Tower,57,22,26,1,106,0,0,58,2,60,57,22,84,3,166,0,0,0,166
03/09/2022,EYW,FL,ASO,ES,Federal Contract Tower,62,18,26,1,107,0,3,50,0,53,62,21,76,1,160,0,0,0,160
03/10/2022,EYW,FL,ASO,ES,Federal Contract Tower,68,24,59,0,151,0,1,84,0,85,68,25,143,0,236,6,0,6,242
03/11/2022,EYW,FL,ASO,ES,Federal Contract Tower,65,36,76,0,177,0,3,103,2,108,65,39,179,2,285,2,0,2,287
03/12/2022,EYW,FL,ASO,ES,Federal Contract Tower,49,20,28,0,97,0,6,19,2,27,49,26,47,2,124,0,0,0,124
03/13/2022,EYW,FL,ASO,ES,Federal Contract Tower,66,22,68,0,156,0,16,27,0,43,66,38,95,0,199,0,0,0,199
03/14/2022,EYW,FL,ASO,ES,Federal Contract Tower,63,26,41,1,131,0,8,51,1,60,63,34,92,2,191,0,0,0,191
03/15/2022,EYW,FL,ASO,ES,Federal Contract Tower,59,17,32,2,110,0,4,61,0,65,59,21,93,2,175,14,0,14,189
03/16/2022,EYW,FL,ASO,ES,Federal Contract Tower,65,13,37,0,115,0,5,50,0,55,65,18,87,0,170,0,0,0,170
03/17/2022,EYW,FL,ASO,ES,Federal Contract Tower,64,16,62,1,143,0,1,72,0,73,64,17,134,1,216,4,0,4,220
03/18/2022,EYW,FL,ASO,ES,Federal Contract Tower,62,14,67,0,143,0,1,123,0,124,62,15,190,0,267,8,0,8,275
03/19/2022,EYW,FL,ASO,ES,Federal Contract Tower,67,27,62,0,156,0,2,115,0,117,67,29,177,0,273,0,0,0,273
03/20/2022,EYW,FL,ASO,ES,Federal Contract Tower,66,24,70,0,160,0,6,105,0,111,66,30,175,0,271,0,0,0,271
03/21/2022,EYW,FL,ASO,ES,Federal Contract Tower,68,21,35,0,124,0,3,46,0,49,68,24,81,0,173,0,0,0,173
03/22/2022,EYW,FL,ASO,ES,Federal Contract Tower,56,18,51,1,126,0,1,50,0,51,56,19,101,1,177,0,0,0,177
03/23/2022,EYW,FL,ASO,ES,Federal Contract Tower,63,24,32,1,120,0,1,47,0,48,63,25,79,1,168,0,0,0,168
03/24/2022,EYW,FL,ASO,ES,Federal Contract Tower,64,15,34,0,113,0,2,45,0,47,64,17,79,0,160,0,0,0,160
03/25/2022,EYW,FL,ASO,ES,Federal Contract Tower,67,24,51,1,143,0,1,36,0,37,67,25,87,1,180,0,0,0,180
03/26/2022,EYW,FL,ASO,ES,Federal Contract Tower,73,21,41,0,135,0,4,79,0,83,73,25,120,0,218,0,0,0,218
03/27/2022,EYW,FL,ASO,ES,Federal Contract Tower,67,22,57,0,146,0,14,79,0,93,67,36,136,0,239,0,0,0,239
03/28/2022,EYW,FL,ASO,ES,Federal Contract Tower,61,13,46,0,120,0,4,70,0,74,61,17,116,0,194,0,0,0,194
03/29/2022,EYW,FL,ASO,ES,Federal Contract Tower,57,20,37,4,118,0,10,74,2,86,57,30,111,6,204,0,0,0,204
03/30/2022,EYW,FL,ASO,ES,Federal Contract Tower,62,21,22,1,106,0,3,30,0,33,62,24,52,1,139,0,0,0,139
03/31/2022,EYW,FL,ASO,ES,Federal Contract Tower,58,25,52,0,135,0,4,47,0,51,58,29,99,0,186,0,0,0,186
04/01/2022,EYW,FL,ASO,ES,Federal Contract Tower,57,33,46,4,140,0,3,80,4,87,57,36,126,8,227,8,0,8,235
04/02/2022,EYW,FL,ASO,ES,Federal Contract Tower,59,21,37,1,118,0,0,53,6,59,59,21,90,7,177,0,0,0,177
04/03/2022,EYW,FL,ASO,ES,Federal Contract Tower,63,25,67,2,157,0,9,76,0,85,63,34,143,2,242,2,0,2,244
04/04/2022,EYW,FL,ASO,ES,Federal Contract Tower,58,19,41,0,118,0,3,51,1,55,58,22,92,1,173,0,0,0,173
04/05/2022,EYW,FL,ASO,ES,Federal Contract Tower,49,18,24,0,91,0,3,45,1,49,49,21,69,1,140,2,0,2,142
04/06/2022,EYW,FL,ASO,ES,Federal Contract Tower,58,24,57,0,139,0,1,68,0,69,58,25,125,0,208,2,0,2,210
04/07/2022,EYW,FL,ASO,ES,Federal Contract Tower,57,23,48,0,128,0,1,58,0,59,57,24,106,0,187,4,0,4,191
04/08/2022,EYW,FL,ASO,ES,Federal Contract Tower,59,22,46,0,127,0,2,52,0,54,59,24,98,0,181,0,0,0,181
04/09/2022,EYW,FL,ASO,ES,Federal Contract Tower,51,16,48,0,115,0,2,57,0,59,51,18,105,0,174,0,0,0,174
04/10/2022,EYW,FL,ASO,ES,Federal Contract Tower,61,33,73,0,167,0,5,73,0,78,61,38,146,0,245,0,0,0,245
04/11/2022,EYW,FL,ASO,ES,Federal Contract Tower,57,13,28,0,98,0,7,43,0,50,57,20,71,0,148,2,0,2,150
04/12/2022,EYW,FL,ASO,ES,Federal Contract Tower,49,20,27,0,96,0,6,69,0,75,49,26,96,0,171,20,0,20,191
04/13/2022,EYW,FL,ASO,ES,Federal Contract Tower,56,21,40,2,119,0,2,59,0,61,56,23,99,2,180,18,0,18,198
04/14/2022,EYW,FL,ASO,ES,Federal Contract Tower,59,23,44,0,126,0,4,54,0,58,59,27,98,0,184,6,0,6,190
04/15/2022,EYW,FL,ASO,ES,Federal Contract Tower,64,21,43,0,128,0,1,48,0,49,64,22,91,0,177,12,0,12,189
04/16/2022,EYW,FL,ASO,ES,Federal Contract Tower,55,15,36,0,106,0,0,71,0,71,55,15,107,0,177,0,0,0,177
04/17/2022,EYW,FL,ASO,ES,Federal Contract Tower,56,5,25,0,86,0,3,53,0,56,56,8,78,0,142,0,0,0,142
04/18/2022,EYW,FL,ASO,ES,Federal Contract Tower,53,14,35,0,102,0,3,70,0,73,53,17,105,0,175,0,0,0,175
04/19/2022,EYW,FL,ASO,ES,Federal Contract Tower,48,15,24,1,88,0,3,63,1,67,48,18,87,2,155,0,0,0,155
04/20/2022,EYW,FL,ASO,ES,Federal Contract Tower,57,17,29,0,103,0,5,63,0,68,57,22,92,0,171,16,0,16,187
04/21/2022,EYW,FL,ASO,ES,Federal Contract Tower,60,23,49,3,135,0,6,70,0,76,60,29,119,3,211,0,0,0,211
04/22/2022,EYW,FL,ASO,ES,Federal Contract Tower,56,17,46,0,119,0,4,39,0,43,56,21,85,0,162,0,0,0,162
04/23/2022,EYW,FL,ASO,ES,Federal Contract Tower,58,20,31,0,109,0,6,58,0,64,58,26,89,0,173,0,0,0,173
04/24/2022,EYW,FL,ASO,ES,Federal Contract Tower,56,20,47,1,124,0,4,117,0,121,56,24,164,1,245,4,0,4,249
04/25/2022,EYW,FL,ASO,ES,Federal Contract Tower,55,19,31,4,109,0,4,54,0,58,55,23,85,4,167,44,0,44,211
04/26/2022,EYW,FL,ASO,ES,Federal Contract Tower,50,15,30,2,97,0,1,45,2,48,50,16,75,4,145,0,0,0,145
04/27/2022,EYW,FL,ASO,ES,Federal Contract Tower,57,20,30,1,108,0,3,55,2,60,57,23,85,3,168,2,0,2,170
04/28/2022,EYW,FL,ASO,ES,Federal Contract Tower,62,23,31,1,117,0,4,65,0,69,62,27,96,1,186,20,0,20,206
04/29/2022,EYW,FL,ASO,ES,Federal Contract Tower,57,30,55,2,144,0,16,56,5,77,57,46,111,7,221,0,0,0,221
04/30/2022,EYW,FL,ASO,ES,Federal Contract Tower,59,10,34,0,103,0,5,44,0,49,59,15,78,0,152,2,0,2,154
05/01/2022,EYW,FL,ASO,ES,Federal Contract Tower,59,13,50,1,123,0,3,68,1,72,59,16,118,2,195,18,0,18,213
05/02/2022,EYW,FL,ASO,ES,Federal Contract Tower,49,16,36,0,101,0,2,35,4,41,49,18,71,4,142,4,0,4,146
05/03/2022,EYW,FL,ASO,ES,Federal Contract Tower,45,13,23,0,81,0,0,35,2,37,45,13,58,2,118,18,0,18,136
05/04/2022,EYW,FL,ASO,ES,Federal Contract Tower,54,30,36,0,120,0,5,65,0,70,54,35,101,0,190,0,0,0,190
05/05/2022,EYW,FL,ASO,ES,Federal Contract Tower,59,21,34,0,114,0,2,67,0,69,59,23,101,0,183,0,0,0,183
05/06/2022,EYW,FL,ASO,ES,Federal Contract Tower,54,16,41,0,111,0,2,80,0,82,54,18,121,0,193,10,0,10,203
05/07/2022,EYW,FL,ASO,ES,Federal Contract Tower,51,18,31,0,100,0,1,57,0,58,51,19,88,0,158,0,0,0,158
05/08/2022,EYW,FL,ASO,ES,Federal Contract Tower,58,16,51,0,125,0,4,76,0,80,58,20,127,0,205,0,0,0,205
05/09/2022,EYW,FL,ASO,ES,Federal Contract Tower,54,12,38,2,106,0,6,59,0,65,54,18,97,2,171,0,0,0,171
05/10/2022,EYW,FL,ASO,ES,Federal Contract Tower,50,24,34,0,108,0,3,63,0,66,50,27,97,0,174,0,0,0,174
05/11/2022,EYW,FL,ASO,ES,Federal Contract Tower,54,14,28,2,98,0,8,53,5,66,54,22,81,7,164,14,0,14,178
05/12/2022,EYW,FL,ASO,ES,Federal Contract Tower,57,18,28,0,103,0,3,41,11,55,57,21,69,11,158,0,0,0,158
05/13/2022,EYW,FL,ASO,ES,Federal Contract Tower,55,10,39,3,107,0,6,80,2,88,55,16,119,5,195,2,1,3,198
05/14/2022,EYW,FL,ASO,ES,Federal Contract Tower,53,16,27,0,96,0,3,53,0,56,53,19,80,0,152,2,0,2,154
05/15/2022,EYW,FL,ASO,ES,Federal Contract Tower,61,18,48,0,127,0,2,76,0,78,61,20,124,0,205,6,0,6,211
05/16/2022,EYW,FL,ASO,ES,Federal Contract Tower,52,18,25,0,95,0,1,46,0,47,52,19,71,0,142,10,0,10,152
05/17/2022,EYW,FL,ASO,ES,Federal Contract Tower,46,11,28,3,88,0,5,53,0,58,46,16,81,3,146,2,0,2,148
05/18/2022,EYW,FL,ASO,ES,Federal Contract Tower,52,19,25,1,97,0,0,57,0,57,52,19,82,1,154,0,0,0,154
05/19/2022,EYW,FL,ASO,ES,Federal Contract Tower,60,13,41,0,114,0,0,43,0,43,60,13,84,0,157,0,0,0,157
05/20/2022,EYW,FL,ASO,ES,Federal Contract Tower,52,13,33,0,98,0,1,45,0,46,52,14,78,0,144,2,0,2,146
05/21/2022,EYW,FL,ASO,ES,Federal Contract Tower,55,13,24,0,92,0,3,39,0,42,55,16,63,0,134,4,0,4,138
05/22/2022,EYW,FL,ASO,ES,Federal Contract Tower,59,15,41,0,115,0,2,72,0,74,59,17,113,0,189,0,0,0,189
05/23/2022,EYW,FL,ASO,ES,Federal Contract Tower,52,8,16,1,77,0,5,43,0,48,52,13,59,1,125,10,0,10,135
05/24/2022,EYW,FL,ASO,ES,Federal Contract Tower,46,16,24,2,88,0,2,54,1,57,46,18,78,3,145,0,0,0,145
05/25/2022,EYW,FL,ASO,ES,Federal Contract Tower,53,14,29,0,96,0,0,42,0,42,53,14,71,0,138,0,0,0,138
05/26/2022,EYW,FL,ASO,ES,Federal Contract Tower,57,18,37,4,116,0,0,74,0,74,57,18,111,4,190,12,0,12,202
05/27/2022,EYW,FL,ASO,ES,Federal Contract Tower,51,20,55,0,126,0,2,72,0,74,51,22,127,0,200,2,0,2,202
05/28/2022,EYW,FL,ASO,ES,Federal Contract Tower,53,7,22,0,82,0,0,70,0,70,53,7,92,0,152,0,0,0,152
05/29/2022,EYW,FL,ASO,ES,Federal Contract Tower,54,11,17,0,82,0,0,25,0,25,54,11,42,0,107,0,0,0,107
05/30/2022,EYW,FL,ASO,ES,Federal Contract Tower,53,13,42,0,108,0,4,56,0,60,53,17,98,0,168,42,0,42,210
05/31/2022,EYW,FL,ASO,ES,Federal Contract Tower,50,4,49,0,103,0,2,48,0,50,50,6,97,0,153,18,0,18,171
06/01/2022,EYW,FL,ASO,ES,Federal Contract Tower,48,8,30,0,86,0,2,55,0,57,48,10,85,0,143,0,0,0,143
06/02/2022,EYW,FL,ASO,ES,Federal Contract Tower,53,14,28,0,95,0,1,26,0,27,53,15,54,0,122,0,0,0,122
06/03/2022,EYW,FL,ASO,ES,Federal Contract Tower,10,5,13,0,28,0,0,0,0,0,10,5,13,0,28,0,0,0,28
06/04/2022,EYW,FL,ASO,ES,Federal Contract Tower,28,2,20,0,50,0,3,4,0,7,28,5,24,0,57,0,0,0,57
06/05/2022,EYW,FL,ASO,ES,Federal Contract Tower,57,14,32,0,103,0,1,77,0,78,57,15,109,0,181,0,0,0,181
06/06/2022,EYW,FL,ASO,ES,Federal Contract Tower,51,18,15,0,84,0,1,46,0,47,51,19,61,0,131,16,0,16,147
06/07/2022,EYW,FL,ASO,ES,Federal Contract Tower,42,20,16,0,78,0,2,15,0,17,42,22,31,0,95,0,0,0,95
06/08/2022,EYW,FL,ASO,ES,Federal Contract Tower,48,9,23,0,80,0,2,54,0,56,48,11,77,0,136,0,0,0,136
06/09/2022,EYW,FL,ASO,ES,Federal Contract Tower,52,20,32,0,104,0,2,55,0,57,52,22,87,0,161,2,0,2,163
06/10/2022,EYW,FL,ASO,ES,Federal Contract Tower,50,26,33,0,109,0,5,74,0,79,50,31,107,0,188,2,0,2,190
06/11/2022,EYW,FL,ASO,ES,Federal Contract Tower,55,10,30,0,95,0,0,70,0,70,55,10,100,0,165,0,0,0,165
06/12/2022,EYW,FL,ASO,ES,Federal Contract Tower,56,12,49,0,117,0,1,73,2,76,56,13,122,2,193,0,0,0,193
06/13/2022,EYW,FL,ASO,ES,Federal Contract Tower,51,9,32,1,93,0,3,48,0,51,51,12,80,1,144,0,0,0,144
06/14/2022,EYW,FL,ASO,ES,Federal Contract Tower,39,14,14,0,67,0,2,49,0,51,39,16,63,0,118,0,0,0,118
06/15/2022,EYW,FL,ASO,ES,Federal Contract Tower,42,20,30,0,92,0,3,46,0,49,42,23,76,0,141,0,0,0,141
06/16/2022,EYW,FL,ASO,ES,Federal Contract Tower,46,12,43,0,101,0,5,74,0,79,46,17,117,0,180,0,0,0,180
06/17/2022,EYW,FL,ASO,ES,Federal Contract Tower,45,19,40,0,104,0,0,69,2,71,45,19,109,2,175,0,0,0,175
06/18/2022,EYW,FL,ASO,ES,Federal Contract Tower,59,4,32,0,95,0,1,50,1,52,59,5,82,1,147,10,0,10,157
06/19/2022,EYW,FL,ASO,ES,Federal Contract Tower,52,8,41,0,101,0,11,56,10,77,52,19,97,10,178,4,0,4,182
06/20/2022,EYW,FL,ASO,ES,Federal Contract Tower,48,6,21,0,75,0,3,62,41,106,48,9,83,41,181,2,0,2,183
06/21/2022,EYW,FL,ASO,ES,Federal Contract Tower,43,13,25,3,84,0,3,40,5,48,43,16,65,8,132,0,0,0,132
06/22/2022,EYW,FL,ASO,ES,Federal Contract Tower,47,12,26,0,85,0,3,29,0,32,47,15,55,0,117,0,0,0,117
06/23/2022,EYW,FL,ASO,ES,Federal Contract Tower,51,11,34,0,96,0,1,59,2,62,51,12,93,2,158,0,0,0,158
06/24/2022,EYW,FL,ASO,ES,Federal Contract Tower,50,13,37,0,100,0,4,68,0,72,50,17,105,0,172,18,0,18,190
06/25/2022,EYW,FL,ASO,ES,Federal Contract Tower,54,6,24,0,84,0,0,58,0,58,54,6,82,0,142,0,0,0,142
06/26/2022,EYW,FL,ASO,ES,Federal Contract Tower,51,7,40,0,98,0,3,41,0,44,51,10,81,0,142,0,0,0,142
06/27/2022,EYW,FL,ASO,ES,Federal Contract Tower,46,17,19,0,82,0,1,41,0,42,46,18,60,0,124,10,0,10,134
06/28/2022,EYW,FL,ASO,ES,Federal Contract Tower,41,7,26,0,74,0,7,38,0,45,41,14,64,0,119,0,0,0,119
06/29/2022,EYW,FL,ASO,ES,Federal Contract Tower,45,16,15,0,76,0,4,54,0,58,45,20,69,0,134,12,0,12,146
06/30/2022,EYW,FL,ASO,ES,Federal Contract Tower,52,10,46,0,108,0,4,52,0,56,52,14,98,0,164,0,0,0,164
07/01/2022,EYW,FL,ASO,ES,Federal Contract Tower,45,14,33,0,92,0,8,76,0,84,45,22,109,0,176,10,0,10,186
07/02/2022,EYW,FL,ASO,ES,Federal Contract Tower,58,12,16,0,86,0,0,64,0,64,58,12,80,0,150,0,0,0,150
07/03/2022,EYW,FL,ASO,ES,Federal Contract Tower,50,12,20,0,82,0,2,72,0,74,50,14,92,0,156,18,0,18,174
07/04/2022,EYW,FL,ASO,ES,Federal Contract Tower,46,4,18,0,68,0,3,64,0,67,46,7,82,0,135,12,0,12,147
07/05/2022,EYW,FL,ASO,ES,Federal Contract Tower,39,11,42,0,92,0,0,40,0,40,39,11,82,0,132,16,0,16,148
07/06/2022,EYW,FL,ASO,ES,Federal Contract Tower,43,13,12,0,68,0,2,33,4,39,43,15,45,4,107,4,0,4,111
07/07/2022,EYW,FL,ASO,ES,Federal Contract Tower,53,14,22,0,89,0,2,60,0,62,53,16,82,0,151,12,0,12,163
07/08/2022,EYW,FL,ASO,ES,Federal Contract Tower,50,13,22,0,85,0,2,74,0,76,50,15,96,0,161,2,0,2,163
07/09/2022,EYW,FL,ASO,ES,Federal Contract Tower,57,7,15,0,79,0,0,47,0,47,57,7,62,0,126,0,0,0,126
07/10/2022,EYW,FL,ASO,ES,Federal Contract Tower,51,5,25,0,81,0,5,65,0,70,51,10,90,0,151,2,0,2,153
07/11/2022,EYW,FL,ASO,ES,Federal Contract Tower,50,11,25,0,86,0,3,39,0,42,50,14,64,0,128,0,0,0,128
07/12/2022,EYW,FL,ASO,ES,Federal Contract Tower,39,20,13,0,72,0,2,26,2,30,39,22,39,2,102,0,0,0,102
07/13/2022,EYW,FL,ASO,ES,Federal Contract Tower,43,10,21,0,74,0,0,34,0,34,43,10,55,0,108,4,0,4,112
07/14/2022,EYW,FL,ASO,ES,Federal Contract Tower,52,15,30,0,97,0,3,45,0,48,52,18,75,0,145,2,0,2,147
07/15/2022,EYW,FL,ASO,ES,Federal Contract Tower,52,8,24,0,84,0,3,48,0,51,52,11,72,0,135,0,0,0,135
07/16/2022,EYW,FL,ASO,ES,Federal Contract Tower,55,5,19,0,79,0,5,40,0,45,55,10,59,0,124,0,0,0,124
07/17/2022,EYW,FL,ASO,ES,Federal Contract Tower,53,9,47,0,109,0,4,57,0,61,53,13,104,0,170,0,0,0,170
07/18/2022,EYW,FL,ASO,ES,Federal Contract Tower,48,3,22,0,73,0,2,41,6,49,48,5,63,6,122,0,0,0,122
07/19/2022,EYW,FL,ASO,ES,Federal Contract Tower,39,9,16,0,64,0,4,73,0,77,39,13,89,0,141,38,0,38,179
07/20/2022,EYW,FL,ASO,ES,Federal Contract Tower,43,17,22,0,82,0,2,54,0,56,43,19,76,0,138,0,0,0,138
07/21/2022,EYW,FL,ASO,ES,Federal Contract Tower,52,12,12,0,76,0,3,56,2,61,52,15,68,2,137,22,0,22,159
07/22/2022,EYW,FL,ASO,ES,Federal Contract Tower,48,17,40,0,105,0,0,72,0,72,48,17,112,0,177,4,0,4,181
07/23/2022,EYW,FL,ASO,ES,Federal Contract Tower,53,8,32,0,93,0,1,80,0,81,53,9,112,0,174,16,4,20,194
07/24/2022,EYW,FL,ASO,ES,Federal Contract Tower,50,17,50,1,118,0,0,68,0,68,50,17,118,1,186,0,0,0,186
07/25/2022,EYW,FL,ASO,ES,Federal Contract Tower,49,11,48,2,110,0,4,68,2,74,49,15,116,4,184,8,0,8,192
07/26/2022,EYW,FL,ASO,ES,Federal Contract Tower,37,6,37,0,80,0,2,30,1,33,37,8,67,1,113,6,0,6,119
07/27/2022,EYW,FL,ASO,ES,Federal Contract Tower,43,19,26,0,88,0,3,54,1,58,43,22,80,1,146,62,0,62,208
07/28/2022,EYW,FL,ASO,ES,Federal Contract Tower,52,16,37,1,106,0,0,46,0,46,52,16,83,1,152,2,0,2,154
07/29/2022,EYW,FL,ASO,ES,Federal Contract Tower,50,10,58,1,119,0,2,70,1,73,50,12,128,2,192,0,0,0,192
07/30/2022,EYW,FL,ASO,ES,Federal Contract Tower,56,19,42,0,117,0,1,51,0,52,56,20,93,0,169,0,0,0,169
07/31/2022,EYW,FL,ASO,ES,Federal Contract Tower,52,10,35,0,97,0,2,67,0,69,52,12,102,0,166,0,0,0,166
08/01/2022,EYW,FL,ASO,ES,Federal Contract Tower,46,8,25,0,79,0,5,26,0,31,46,13,51,0,110,0,0,0,110
08/02/2022,EYW,FL,ASO,ES,Federal Contract Tower,36,12,18,0,66,0,1,64,0,65,36,13,82,0,131,0,0,0,131
08/03/2022,EYW,FL,ASO,ES,Federal Contract Tower,41,11,19,0,71,0,2,49,0,51,41,13,68,0,122,20,0,20,142
08/04/2022,EYW,FL,ASO,ES,Federal Contract Tower,47,21,38,0,106,0,5,88,0,93,47,26,126,0,199,12,0,12,211
08/05/2022,EYW,FL,ASO,ES,Federal Contract Tower,40,21,30,0,91,0,0,68,1,69,40,21,98,1,160,12,0,12,172
08/06/2022,EYW,FL,ASO,ES,Federal Contract Tower,55,5,32,0,92,0,0,66,0,66,55,5,98,0,158,14,0,14,172
08/07/2022,EYW,FL,ASO,ES,Federal Contract Tower,49,10,38,0,97,0,7,70,1,78,49,17,108,1,175,14,0,14,189
08/08/2022,EYW,FL,ASO,ES,Federal Contract Tower,45,7,36,0,88,0,3,39,0,42,45,10,75,0,130,20,0,20,150
08/09/2022,EYW,FL,ASO,ES,Federal Contract Tower,35,15,14,0,64,0,4,20,0,24,35,19,34,0,88,12,0,12,100
08/10/2022,EYW,FL,ASO,ES,Federal Contract Tower,39,20,18,0,77,0,4,66,0,70,39,24,84,0,147,28,0,28,175
08/11/2022,EYW,FL,ASO,ES,Federal Contract Tower,46,15,35,0,96,0,0,66,0,66,46,15,101,0,162,4,0,4,166
08/12/2022,EYW,FL,ASO,ES,Federal Contract Tower,46,14,35,0,95,0,2,60,0,62,46,16,95,0,157,0,0,0,157
08/13/2022,EYW,FL,ASO,ES,Federal Contract Tower,50,10,18,0,78,0,4,71,0,75,50,14,89,0,153,16,0,16,169
08/14/2022,EYW,FL,ASO,ES,Federal Contract Tower,48,10,41,0,99,0,6,71,0,77,48,16,112,0,176,8,0,8,184
08/15/2022,EYW,FL,ASO,ES,Federal Contract Tower,24,6,18,0,48,0,9,47,0,56,24,15,65,0,104,0,0,0,104
08/16/2022,EYW,FL,ASO,ES,Federal Contract Tower,38,11,19,0,68,0,1,55,0,56,38,12,74,0,124,20,0,20,144
08/17/2022,EYW,FL,ASO,ES,Federal Contract Tower,39,15,36,0,90,0,2,56,0,58,39,17,92,0,148,0,0,0,148
08/18/2022,EYW,FL,ASO,ES,Federal Contract Tower,45,19,33,1,98,0,2,53,2,57,45,21,86,3,155,50,0,50,205
08/19/2022,EYW,FL,ASO,ES,Federal Contract Tower,42,10,27,0,79,0,2,71,0,73,42,12,98,0,152,18,0,18,170
08/20/2022,EYW,FL,ASO,ES,Federal Contract Tower,38,11,22,0,71,0,0,72,0,72,38,11,94,0,143,18,0,18,161
08/21/2022,EYW,FL,ASO,ES,Federal Contract Tower,46,9,34,0,89,0,4,71,2,77,46,13,105,2,166,16,0,16,182
08/22/2022,EYW,FL,ASO,ES,Federal Contract Tower,38,9,44,0,91,0,0,41,0,41,38,9,85,0,132,6,0,6,138
08/23/2022,EYW,FL,ASO,ES,Federal Contract Tower,36,12,25,0,73,0,2,20,0,22,36,14,45,0,95,12,0,12,107
08/24/2022,EYW,FL,ASO,ES,Federal Contract Tower,35,12,20,0,67,0,0,36,1,37,35,12,56,1,104,48,0,48,152
08/25/2022,EYW,FL,ASO,ES,Federal Contract Tower,45,15,24,0,84,0,0,55,0,55,45,15,79,0,139,18,0,18,157
08/26/2022,EYW,FL,ASO,ES,Federal Contract Tower,43,13,37,0,93,0,2,45,0,47,43,15,82,0,140,8,0,8,148
08/27/2022,EYW,FL,ASO,ES,Federal Contract Tower,38,9,24,0,71,0,0,48,0,48,38,9,72,0,119,0,0,0,119
08/28/2022,EYW,FL,ASO,ES,Federal Contract Tower,45,7,32,0,84,0,3,42,0,45,45,10,74,0,129,6,0,6,135
08/29/2022,EYW,FL,ASO,ES,Federal Contract Tower,40,4,16,0,60,0,1,22,1,24,40,5,38,1,84,44,0,44,128
08/30/2022,EYW,FL,ASO,ES,Federal Contract Tower,33,12,20,0,65,0,0,37,1,38,33,12,57,1,103,44,0,44,147
08/31/2022,EYW,FL,ASO,ES,Federal Contract Tower,35,10,19,0,64,0,0,26,0,26,35,10,45,0,90,50,0,50,140
09/01/2022,EYW,FL,ASO,ES,Federal Contract Tower,42,11,28,0,81,0,2,50,0,52,42,13,78,0,133,0,0,0,133
09/02/2022,EYW,FL,ASO,ES,Federal Contract Tower,39,13,34,1,87,0,2,43,0,45,39,15,77,1,132,0,0,0,132
09/03/2022,EYW,FL,ASO,ES,Federal Contract Tower,37,2,13,1,53,0,0,72,0,72,37,2,85,1,125,6,0,6,131
09/04/2022,EYW,FL,ASO,ES,Federal Contract Tower,42,3,18,0,63,0,2,61,0,63,42,5,79,0,126,34,0,34,160
09/05/2022,EYW,FL,ASO,ES,Federal Contract Tower,42,4,52,0,98,0,8,81,0,89,42,12,133,0,187,2,0,2,189
09/06/2022,EYW,FL,ASO,ES,Federal Contract Tower,34,6,13,0,53,0,6,30,0,36,34,12,43,0,89,0,0,0,89
09/07/2022,EYW,FL,ASO,ES,Federal Contract Tower,33,4,23,0,60,0,0,59,0,59,33,4,82,0,119,10,0,10,129
09/08/2022,EYW,FL,ASO,ES,Federal Contract Tower,42,6,18,0,66,0,1,35,1,37,42,7,53,1,103,46,0,46,149
09/09/2022,EYW,FL,ASO,ES,Federal Contract Tower,42,8,18,0,68,0,4,41,0,45,42,12,59,0,113,2,2,4,117
09/10/2022,EYW,FL,ASO,ES,Federal Contract Tower,36,3,12,0,51,0,2,46,0,48,36,5,58,0,99,2,0,2,101
09/11/2022,EYW,FL,ASO,ES,Federal Contract Tower,44,5,23,0,72,0,2,48,0,50,44,7,71,0,122,0,0,0,122
09/12/2022,EYW,FL,ASO,ES,Federal Contract Tower,38,7,15,0,60,0,0,36,0,36,38,7,51,0,96,16,0,16,112
09/13/2022,EYW,FL,ASO,ES,Federal Contract Tower,29,8,12,0,49,0,2,34,0,36,29,10,46,0,85,12,0,12,97
09/14/2022,EYW,FL,ASO,ES,Federal Contract Tower,36,11,13,0,60,0,3,36,0,39,36,14,49,0,99,8,0,8,107
09/15/2022,EYW,FL,ASO,ES,Federal Contract Tower,43,18,21,0,82,0,1,45,0,46,43,19,66,0,128,12,0,12,140
09/16/2022,EYW,FL,ASO,ES,Federal Contract Tower,41,16,23,0,80,0,5,34,0,39,41,21,57,0,119,0,0,0,119
09/17/2022,EYW,FL,ASO,ES,Federal Contract Tower,34,8,14,0,56,0,2,24,0,26,34,10,38,0,82,0,0,0,82
09/18/2022,EYW,FL,ASO,ES,Federal Contract Tower,45,1,30,0,76,0,2,43,0,45,45,3,73,0,121,0,0,0,121
09/19/2022,EYW,FL,ASO,ES,Federal Contract Tower,38,15,27,0,80,0,3,23,0,26,38,18,50,0,106,4,0,4,110
09/20/2022,EYW,FL,ASO,ES,Federal Contract Tower,32,11,16,0,59,0,0,35,1,36,32,11,51,1,95,64,0,64,159
09/21/2022,EYW,FL,ASO,ES,Federal Contract Tower,32,13,15,2,62,0,3,38,0,41,32,16,53,2,103,20,0,20,123
09/22/2022,EYW,FL,ASO,ES,Federal Contract Tower,43,20,26,1,90,0,5,75,3,83,43,25,101,4,173,8,0,8,181
09/23/2022,EYW,FL,ASO,ES,Federal Contract Tower,42,10,24,0,76,0,0,59,1,60,42,10,83,1,136,12,0,12,148
09/24/2022,EYW,FL,ASO,ES,Federal Contract Tower,38,9,27,0,74,0,4,55,0,59,38,13,82,0,133,6,0,6,139
09/25/2022,EYW,FL,ASO,ES,Federal Contract Tower,44,11,27,0,82,0,0,33,2,35,44,11,60,2,117,0,0,0,117
09/26/2022,EYW,FL,ASO,ES,Federal Contract Tower,40,6,11,2,59,0,5,21,0,26,40,11,32,2,85,0,0,0,85
09/27/2022,EYW,FL,ASO,ES,Federal Contract Tower,0,0,0,0,0,0,0,0,0,0,0,0,0,0,0,0,0,0,0
09/28/2022,EYW,FL,ASO,ES,Federal Contract Tower,0,0,0,0,0,0,0,0,0,0,0,0,0,0,0,0,0,0,0
09/29/2022,EYW,FL,ASO,ES,Federal Contract Tower,28,4,1,0,33,0,0,6,0,6,28,4,7,0,39,0,0,0,39
09/30/2022,EYW,FL,ASO,ES,Federal Contract Tower,34,8,15,0,57,0,2,13,0,15,34,10,28,0,72,2,0,2,74
10/01/2022,EYW,FL,ASO,ES,Federal Contract Tower,40,9,6,0,55,0,1,27,0,28,40,10,33,0,83,10,0,10,93
10/02/2022,EYW,FL,ASO,ES,Federal Contract Tower,35,6,16,0,57,0,0,35,0,35,35,6,51,0,92,8,0,8,100
10/03/2022,EYW,FL,ASO,ES,Federal Contract Tower,39,7,11,0,57,0,1,34,0,35,39,8,45,0,92,6,0,6,98
10/04/2022,EYW,FL,ASO,ES,Federal Contract Tower,32,11,13,1,57,0,1,48,5,54,32,12,61,6,111,6,0,6,117
10/05/2022,EYW,FL,ASO,ES,Federal Contract Tower,35,11,12,1,59,0,1,34,0,35,35,12,46,1,94,16,0,16,110
10/06/2022,EYW,FL,ASO,ES,Federal Contract Tower,42,15,22,0,79,0,0,35,0,35,42,15,57,0,114,22,0,22,136
10/07/2022,EYW,FL,ASO,ES,Federal Contract Tower,44,18,23,0,85,0,3,38,0,41,44,21,61,0,126,0,0,0,126
10/08/2022,EYW,FL,ASO,ES,Federal Contract Tower,44,5,7,0,56,0,0,31,0,31,44,5,38,0,87,0,0,0,87
10/09/2022,EYW,FL,ASO,ES,Federal Contract Tower,46,9,30,1,86,0,2,33,0,35,46,11,63,1,121,2,0,2,123
10/10/2022,EYW,FL,ASO,ES,Federal Contract Tower,39,4,29,0,72,0,4,47,0,51,39,8,76,0,123,24,0,24,147
10/11/2022,EYW,FL,ASO,ES,Federal Contract Tower,35,17,21,0,73,0,0,21,0,21,35,17,42,0,94,2,0,2,96
10/12/2022,EYW,FL,ASO,ES,Federal Contract Tower,35,19,22,0,76,0,1,30,0,31,35,20,52,0,107,6,0,6,113
10/13/2022,EYW,FL,ASO,ES,Federal Contract Tower,49,11,22,0,82,0,0,21,0,21,49,11,43,0,103,6,0,6,109
10/14/2022,EYW,FL,ASO,ES,Federal Contract Tower,43,16,36,0,95,0,4,42,0,46,43,20,78,0,141,0,0,0,141
10/15/2022,EYW,FL,ASO,ES,Federal Contract Tower,46,9,27,0,82,0,0,50,0,50,46,9,77,0,132,6,0,6,138
10/16/2022,EYW,FL,ASO,ES,Federal Contract Tower,47,6,58,0,111,0,2,49,0,51,47,8,107,0,162,0,0,0,162
10/17/2022,EYW,FL,ASO,ES,Federal Contract Tower,36,14,26,0,76,0,3,29,0,32,36,17,55,0,108,18,0,18,126
10/18/2022,EYW,FL,ASO,ES,Federal Contract Tower,33,13,25,3,74,0,2,44,2,48,33,15,69,5,122,4,0,4,126
10/19/2022,EYW,FL,ASO,ES,Federal Contract Tower,34,14,19,0,67,0,1,25,0,26,34,15,44,0,93,4,0,4,97
10/20/2022,EYW,FL,ASO,ES,Federal Contract Tower,44,10,28,0,82,0,6,43,0,49,44,16,71,0,131,0,0,0,131
10/21/2022,EYW,FL,ASO,ES,Federal Contract Tower,42,19,22,0,83,0,3,42,0,45,42,22,64,0,128,2,0,2,130
10/22/2022,EYW,FL,ASO,ES,Federal Contract Tower,43,18,15,0,76,0,2,42,0,44,43,20,57,0,120,0,0,0,120
10/23/2022,EYW,FL,ASO,ES,Federal Contract Tower,44,7,39,2,92,0,3,62,0,65,44,10,101,2,157,0,0,0,157
10/24/2022,EYW,FL,ASO,ES,Federal Contract Tower,39,11,16,0,66,0,0,48,0,48,39,11,64,0,114,10,0,10,124
10/25/2022,EYW,FL,ASO,ES,Federal Contract Tower,32,19,22,0,73,0,0,47,0,47,32,19,69,0,120,6,0,6,126
10/26/2022,EYW,FL,ASO,ES,Federal Contract Tower,36,27,36,0,99,0,0,68,0,68,36,27,104,0,167,18,0,18,185
10/27/2022,EYW,FL,ASO,ES,Federal Contract Tower,45,18,37,0,100,0,3,43,0,46,45,21,80,0,146,0,0,0,146
10/28/2022,EYW,FL,ASO,ES,Federal Contract Tower,43,16,32,0,91,0,5,61,4,70,43,21,93,4,161,2,0,2,163
10/29/2022,EYW,FL,ASO,ES,Federal Contract Tower,43,15,34,0,92,0,0,94,2,96,43,15,128,2,188,44,0,44,232
10/30/2022,EYW,FL,ASO,ES,Federal Contract Tower,50,27,49,0,126,0,6,67,1,74,50,33,116,1,200,2,0,2,202
10/31/2022,EYW,FL,ASO,ES,Federal Contract Tower,40,11,26,0,77,0,1,44,0,45,40,12,70,0,122,20,0,20,142
11/01/2022,EYW,FL,ASO,ES,Federal Contract Tower,33,13,19,0,65,0,7,37,0,44,33,20,56,0,109,18,0,18,127
11/02/2022,EYW,FL,ASO,ES,Federal Contract Tower,37,13,26,0,76,0,2,61,0,63,37,15,87,0,139,12,0,12,151
11/03/2022,EYW,FL,ASO,ES,Federal Contract Tower,53,14,40,0,107,0,2,37,3,42,53,16,77,3,149,0,0,0,149
11/04/2022,EYW,FL,ASO,ES,Federal Contract Tower,50,25,17,0,92,0,2,40,1,43,50,27,57,1,135,0,2,2,137
11/05/2022,EYW,FL,ASO,ES,Federal Contract Tower,55,8,12,0,75,0,2,49,0,51,55,10,61,0,126,0,0,0,126
11/06/2022,EYW,FL,ASO,ES,Federal Contract Tower,56,13,43,1,113,0,7,73,0,80,56,20,116,1,193,8,0,8,201
11/07/2022,EYW,FL,ASO,ES,Federal Contract Tower,48,17,30,0,95,0,2,60,0,62,48,19,90,0,157,28,0,28,185
11/08/2022,EYW,FL,ASO,ES,Federal Contract Tower,40,21,44,0,105,0,0,37,0,37,40,21,81,0,142,0,0,0,142
11/09/2022,EYW,FL,ASO,ES,Federal Contract Tower,32,6,27,2,67,0,6,18,0,24,32,12,45,2,91,0,0,0,91
11/10/2022,EYW,FL,ASO,ES,Federal Contract Tower,43,10,29,0,82,0,1,40,0,41,43,11,69,0,123,0,0,0,123
11/11/2022,EYW,FL,ASO,ES,Federal Contract Tower,50,14,42,0,106,0,7,96,2,105,50,21,138,2,211,18,0,18,229
11/13/2022,EYW,FL,ASO,ES,Federal Contract Tower,55,29,70,0,154,0,9,115,2,126,55,38,185,2,280,0,0,0,280
11/14/2022,EYW,FL,ASO,ES,Federal Contract Tower,48,22,41,0,111,0,8,70,0,78,48,30,111,0,189,4,0,4,193
11/15/2022,EYW,FL,ASO,ES,Federal Contract Tower,42,15,16,0,73,0,14,57,0,71,42,29,73,0,144,10,0,10,154
11/16/2022,EYW,FL,ASO,ES,Federal Contract Tower,42,5,16,0,63,0,1,32,0,33,42,6,48,0,96,16,0,16,112
11/17/2022,EYW,FL,ASO,ES,Federal Contract Tower,50,11,33,0,94,0,5,34,2,41,50,16,67,2,135,0,0,0,135
11/18/2022,EYW,FL,ASO,ES,Federal Contract Tower,55,14,35,0,104,0,6,64,0,70,55,20,99,0,174,0,0,0,174
11/19/2022,EYW,FL,ASO,ES,Federal Contract Tower,50,14,38,0,102,0,1,62,0,63,50,15,100,0,165,0,0,0,165
11/20/2022,EYW,FL,ASO,ES,Federal Contract Tower,48,13,31,0,92,0,2,28,0,30,48,15,59,0,122,4,0,4,126
11/21/2022,EYW,FL,ASO,ES,Federal Contract Tower,52,11,28,0,91,0,5,15,0,20,52,16,43,0,111,0,0,0,111
11/22/2022,EYW,FL,ASO,ES,Federal Contract Tower,49,19,48,0,116,0,7,31,0,38,49,26,79,0,154,2,0,2,156
11/23/2022,EYW,FL,ASO,ES,Federal Contract Tower,51,13,36,0,100,0,6,53,0,59,51,19,89,0,159,4,0,4,163
11/24/2022,EYW,FL,ASO,ES,Federal Contract Tower,36,1,10,0,47,0,2,34,0,36,36,3,44,0,83,2,0,2,85
11/25/2022,EYW,FL,ASO,ES,Federal Contract Tower,43,11,36,0,90,0,0,74,2,76,43,11,110,2,166,0,0,0,166
11/26/2022,EYW,FL,ASO,ES,Federal Contract Tower,53,11,41,0,105,0,2,70,0,72,53,13,111,0,177,0,0,0,177
11/27/2022,EYW,FL,ASO,ES,Federal Contract Tower,60,10,39,0,109,0,4,51,0,55,60,14,90,0,164,0,0,0,164
11/28/2022,EYW,FL,ASO,ES,Federal Contract Tower,48,1,22,0,71,0,2,47,0,49,48,3,69,0,120,0,0,0,120
11/29/2022,EYW,FL,ASO,ES,Federal Contract Tower,40,7,19,2,68,0,5,49,2,56,40,12,68,4,124,2,0,2,126
11/30/2022,EYW,FL,ASO,ES,Federal Contract Tower,44,11,24,0,79,0,6,44,0,50,44,17,68,0,129,2,0,2,131
12/01/2022,EYW,FL,ASO,ES,Federal Contract Tower,52,11,37,1,101,0,3,56,1,60,52,14,93,2,161,8,0,8,169
12/02/2022,EYW,FL,ASO,ES,Federal Contract Tower,54,16,39,0,109,0,2,55,3,60,54,18,94,3,169,4,0,4,173
12/03/2022,EYW,FL,ASO,ES,Federal Contract Tower,56,11,21,1,89,0,4,59,0,63,56,15,80,1,152,6,0,6,158
12/04/2022,EYW,FL,ASO,ES,Federal Contract Tower,53,14,34,0,101,0,7,43,2,52,53,21,77,2,153,12,0,12,165
12/05/2022,EYW,FL,ASO,ES,Federal Contract Tower,48,18,31,1,98,0,6,50,0,56,48,24,81,1,154,2,0,2,156
12/06/2022,EYW,FL,ASO,ES,Federal Contract Tower,40,9,17,0,66,0,3,37,1,41,40,12,54,1,107,0,0,0,107
12/07/2022,EYW,FL,ASO,ES,Federal Contract Tower,45,21,21,1,88,0,4,68,3,75,45,25,89,4,163,6,0,6,169
12/08/2022,EYW,FL,ASO,ES,Federal Contract Tower,53,10,27,2,92,0,6,51,2,59,53,16,78,4,151,2,0,2,153
12/09/2022,EYW,FL,ASO,ES,Federal Contract Tower,55,10,27,2,94,0,5,63,3,71,55,15,90,5,165,0,0,0,165
12/10/2022,EYW,FL,ASO,ES,Federal Contract Tower,55,20,20,1,96,0,1,56,2,59,55,21,76,3,155,2,0,2,157
12/11/2022,EYW,FL,ASO,ES,Federal Contract Tower,57,11,35,4,107,0,6,86,0,92,57,17,121,4,199,6,0,6,205
12/12/2022,EYW,FL,ASO,ES,Federal Contract Tower,49,8,28,0,85,0,0,53,1,54,49,8,81,1,139,16,0,16,155
12/13/2022,EYW,FL,ASO,ES,Federal Contract Tower,40,9,34,0,83,0,3,59,0,62,40,12,93,0,145,10,0,10,155
12/14/2022,EYW,FL,ASO,ES,Federal Contract Tower,43,11,29,0,83,0,4,59,0,63,43,15,88,0,146,14,0,14,160
12/15/2022,EYW,FL,ASO,ES,Federal Contract Tower,64,13,25,0,102,0,4,59,4,67,64,17,84,4,169,15,0,15,184
12/16/2022,EYW,FL,ASO,ES,Federal Contract Tower,63,13,48,0,124,0,3,40,0,43,63,16,88,0,167,4,0,4,171
12/17/2022,EYW,FL,ASO,ES,Federal Contract Tower,62,13,25,0,100,0,2,27,0,29,62,15,52,0,129,0,0,0,129
12/18/2022,EYW,FL,ASO,ES,Federal Contract Tower,66,10,45,1,122,0,1,52,0,53,66,11,97,1,175,0,0,0,175
12/19/2022,EYW,FL,ASO,ES,Federal Contract Tower,60,16,25,3,104,0,4,51,2,57,60,20,76,5,161,2,0,2,163
12/20/2022,EYW,FL,ASO,ES,Federal Contract Tower,49,14,15,0,78,0,0,35,1,36,49,14,50,1,114,0,0,0,114
12/21/2022,EYW,FL,ASO,ES,Federal Contract Tower,56,15,35,0,106,0,2,50,1,53,56,17,85,1,159,2,0,2,161
12/22/2022,EYW,FL,ASO,ES,Federal Contract Tower,56,18,18,0,92,0,5,56,0,61,56,23,74,0,153,8,0,8,161
12/23/2022,EYW,FL,ASO,ES,Federal Contract Tower,54,6,6,0,66,0,6,5,0,11,54,12,11,0,77,0,0,0,77
12/24/2022,EYW,FL,ASO,ES,Federal Contract Tower,46,3,15,0,64,0,9,31,0,40,46,12,46,0,104,0,0,0,104
12/25/2022,EYW,FL,ASO,ES,Federal Contract Tower,55,5,4,0,64,0,0,18,0,18,55,5,22,0,82,0,0,0,82
12/26/2022,EYW,FL,ASO,ES,Federal Contract Tower,60,14,37,0,111,0,3,31,2,36,60,17,68,2,147,0,0,0,147
12/27/2022,EYW,FL,ASO,ES,Federal Contract Tower,57,18,65,0,140,0,3,53,0,56,57,21,118,0,196,0,0,0,196
12/28/2022,EYW,FL,ASO,ES,Federal Contract Tower,57,23,57,2,139,0,10,105,8,123,57,33,162,10,262,0,0,0,262
12/29/2022,EYW,FL,ASO,ES,Federal Contract Tower,64,23,52,0,139,0,13,92,0,105,64,36,144,0,244,4,0,4,248
12/30/2022,EYW,FL,ASO,ES,Federal Contract Tower,59,12,57,0,128,0,7,92,0,99,59,19,149,0,227,2,0,2,229
12/31/2022,EYW,FL,ASO,ES,Federal Contract Tower,55,13,38,0,106,0,11,92,0,103,55,24,130,0,209,2,0,2,211
01/01/2023,EYW,FL,ASO,ES,Federal Contract Tower,57,19,41,0,117,0,6,75,0,81,57,25,116,0,198,0,0,0,198
01/02/2023,EYW,FL,ASO,ES,Federal Contract Tower,56,34,98,0,188,0,13,109,0,122,56,47,207,0,310,0,0,0,310
01/03/2023,EYW,FL,ASO,ES,Federal Contract Tower,52,15,47,2,116,0,27,57,1,85,52,42,104,3,201,8,0,8,209
01/04/2023,EYW,FL,ASO,ES,Federal Contract Tower,36,28,25,3,92,0,12,36,2,50,36,40,61,5,142,8,0,8,150
01/05/2023,EYW,FL,ASO,ES,Federal Contract Tower,57,23,28,0,108,0,6,42,3,51,57,29,70,3,159,0,0,0,159
01/06/2023,EYW,FL,ASO,ES,Federal Contract Tower,59,24,49,0,132,0,8,50,0,58,59,32,99,0,190,4,0,4,194
01/07/2023,EYW,FL,ASO,ES,Federal Contract Tower,65,14,29,0,108,0,2,65,0,67,65,16,94,0,175,0,0,0,175
01/08/2023,EYW,FL,ASO,ES,Federal Contract Tower,60,22,49,0,131,0,2,82,1,85,60,24,131,1,216,8,0,8,224
01/09/2023,EYW,FL,ASO,ES,Federal Contract Tower,55,13,24,2,94,0,0,41,4,45,55,13,65,6,139,0,0,0,139
01/10/2023,EYW,FL,ASO,ES,Federal Contract Tower,46,13,24,0,83,0,1,64,3,68,46,14,88,3,151,2,0,2,153
01/11/2023,EYW,FL,ASO,ES,Federal Contract Tower,39,17,24,2,82,0,3,76,3,82,39,20,100,5,164,4,0,4,168
01/12/2023,EYW,FL,ASO,ES,Federal Contract Tower,51,16,37,0,104,0,6,70,7,83,51,22,107,7,187,22,0,22,209
01/13/2023,EYW,FL,ASO,ES,Federal Contract Tower,51,20,48,0,119,0,3,17,6,26,51,23,65,6,145,0,0,0,145
01/14/2023,EYW,FL,ASO,ES,Federal Contract Tower,56,18,29,0,103,0,10,27,8,45,56,28,56,8,148,0,0,0,148
01/15/2023,EYW,FL,ASO,ES,Federal Contract Tower,50,25,61,0,136,0,6,78,7,91,50,31,139,7,227,6,0,6,233
01/16/2023,EYW,FL,ASO,ES,Federal Contract Tower,52,22,62,2,138,0,3,79,3,85,52,25,141,5,223,0,0,0,223
01/17/2023,EYW,FL,ASO,ES,Federal Contract Tower,38,14,24,3,79,0,2,66,2,70,38,16,90,5,149,2,0,2,151
01/18/2023,EYW,FL,ASO,ES,Federal Contract Tower,46,16,28,0,90,0,4,74,1,79,46,20,102,1,169,2,0,2,171
01/19/2023,EYW,FL,ASO,ES,Federal Contract Tower,56,13,25,0,94,0,0,66,4,70,56,13,91,4,164,0,0,0,164
01/20/2023,EYW,FL,ASO,ES,Federal Contract Tower,53,13,52,0,118,0,2,79,7,88,53,15,131,7,206,2,0,2,208
01/21/2023,EYW,FL,ASO,ES,Federal Contract Tower,57,13,23,0,93,0,3,100,3,106,57,16,123,3,199,0,0,0,199
01/22/2023,EYW,FL,ASO,ES,Federal Contract Tower,55,21,46,0,122,0,10,92,3,105,55,31,138,3,227,0,0,0,227
01/23/2023,EYW,FL,ASO,ES,Federal Contract Tower,48,11,49,0,108,0,2,44,2,48,48,13,93,2,156,0,0,0,156
01/24/2023,EYW,FL,ASO,ES,Federal Contract Tower,42,16,37,3,98,0,2,78,1,81,42,18,115,4,179,8,0,8,187
01/25/2023,EYW,FL,ASO,ES,Federal Contract Tower,43,14,26,0,83,0,20,51,3,74,43,34,77,3,157,6,0,6,163
01/26/2023,EYW,FL,ASO,ES,Federal Contract Tower,50,22,53,0,125,0,1,17,0,18,50,23,70,0,143,2,0,2,145
01/27/2023,EYW,FL,ASO,ES,Federal Contract Tower,53,13,40,0,106,0,8,25,0,33,53,21,65,0,139,0,0,0,139
01/28/2023,EYW,FL,ASO,ES,Federal Contract Tower,56,12,39,0,107,0,3,21,0,24,56,15,60,0,131,0,0,0,131
01/29/2023,EYW,FL,ASO,ES,Federal Contract Tower,55,15,60,1,131,0,4,70,2,76,55,19,130,3,207,14,0,14,221
01/30/2023,EYW,FL,ASO,ES,Federal Contract Tower,51,15,28,1,95,0,6,53,0,59,51,21,81,1,154,12,0,12,166
01/31/2023,EYW,FL,ASO,ES,Federal Contract Tower,42,23,23,0,88,0,2,66,0,68,42,25,89,0,156,2,0,2,158
02/01/2023,EYW,FL,ASO,ES,Federal Contract Tower,42,15,38,1,96,0,4,68,5,77,42,19,106,6,173,8,0,8,181
02/02/2023,EYW,FL,ASO,ES,Federal Contract Tower,54,17,46,0,117,0,5,57,0,62,54,22,103,0,179,0,0,0,179
02/03/2023,EYW,FL,ASO,ES,Federal Contract Tower,56,21,43,0,120,0,4,62,4,70,56,25,105,4,190,0,0,0,190
02/04/2023,EYW,FL,ASO,ES,Federal Contract Tower,59,20,28,0,107,0,0,9,0,9,59,20,37,0,116,0,0,0,116
02/05/2023,EYW,FL,ASO,ES,Federal Contract Tower,55,13,51,0,119,0,5,74,0,79,55,18,125,0,198,8,0,8,206
02/06/2023,EYW,FL,ASO,ES,Federal Contract Tower,48,16,32,7,103,0,2,59,1,62,48,18,91,8,165,8,0,8,173
02/07/2023,EYW,FL,ASO,ES,Federal Contract Tower,43,14,18,2,77,0,4,59,0,63,43,18,77,2,140,8,0,8,148
02/08/2023,EYW,FL,ASO,ES,Federal Contract Tower,47,17,33,8,105,0,5,77,0,82,47,22,110,8,187,6,0,6,193
02/09/2023,EYW,FL,ASO,ES,Federal Contract Tower,57,12,52,0,121,0,6,80,0,86,57,18,132,0,207,6,0,6,213
02/10/2023,EYW,FL,ASO,ES,Federal Contract Tower,54,31,56,0,141,0,6,87,0,93,54,37,143,0,234,0,0,0,234
02/11/2023,EYW,FL,ASO,ES,Federal Contract Tower,64,20,29,0,113,0,8,70,2,80,64,28,99,2,193,0,0,0,193
02/12/2023,EYW,FL,ASO,ES,Federal Contract Tower,58,25,68,2,153,0,2,52,4,58,58,27,120,6,211,0,0,0,211
02/13/2023,EYW,FL,ASO,ES,Federal Contract Tower,55,16,38,0,109,0,7,47,0,54,55,23,85,0,163,0,0,0,163
02/14/2023,EYW,FL,ASO,ES,Federal Contract Tower,43,14,32,0,89,0,2,78,4,84,43,16,110,4,173,14,0,14,187
02/15/2023,EYW,FL,ASO,ES,Federal Contract Tower,51,22,40,0,113,0,8,71,0,79,51,30,111,0,192,14,0,14,206
02/16/2023,EYW,FL,ASO,ES,Federal Contract Tower,61,22,46,0,129,0,5,68,0,73,61,27,114,0,202,2,0,2,204
02/17/2023,EYW,FL,ASO,ES,Federal Contract Tower,55,18,64,0,137,0,7,80,0,87,55,25,144,0,224,2,0,2,226
02/18/2023,EYW,FL,ASO,ES,Federal Contract Tower,66,21,41,0,128,0,9,57,0,66,66,30,98,0,194,4,0,4,198
02/19/2023,EYW,FL,ASO,ES,Federal Contract Tower,64,16,74,0,154,0,2,108,0,110,64,18,182,0,264,16,0,16,280
02/20/2023,EYW,FL,ASO,ES,Federal Contract Tower,57,20,56,0,133,0,7,90,0,97,57,27,146,0,230,6,0,6,236
02/21/2023,EYW,FL,ASO,ES,Federal Contract Tower,52,22,38,0,112,0,3,81,0,84,52,25,119,0,196,16,0,16,212
02/22/2023,EYW,FL,ASO,ES,Federal Contract Tower,55,21,37,0,113,0,6,68,0,74,55,27,105,0,187,20,0,20,207
02/23/2023,EYW,FL,ASO,ES,Federal Contract Tower,56,19,34,0,109,0,10,73,0,83,56,29,107,0,192,0,0,0,192
02/24/2023,EYW,FL,ASO,ES,Federal Contract Tower,53,23,50,0,126,0,3,72,0,75,53,26,122,0,201,2,0,2,203
02/25/2023,EYW,FL,ASO,ES,Federal Contract Tower,63,18,31,0,112,0,7,80,0,87,63,25,111,0,199,24,0,24,223
02/26/2023,EYW,FL,ASO,ES,Federal Contract Tower,58,21,53,0,132,0,2,86,0,88,58,23,139,0,220,0,0,0,220
02/27/2023,EYW,FL,ASO,ES,Federal Contract Tower,53,16,28,0,97,0,2,67,0,69,53,18,95,0,166,6,0,6,172
02/28/2023,EYW,FL,ASO,ES,Federal Contract Tower,47,16,22,0,85,0,0,87,0,87,47,16,109,0,172,8,0,8,180
03/01/2023,EYW,FL,ASO,ES,Federal Contract Tower,52,22,40,0,114,0,3,73,1,77,52,25,113,1,191,10,0,10,201
03/02/2023,EYW,FL,ASO,ES,Federal Contract Tower,60,27,36,0,123,0,5,62,5,72,60,32,98,5,195,0,0,0,195
03/03/2023,EYW,FL,ASO,ES,Federal Contract Tower,60,16,37,0,113,0,9,51,2,62,60,25,88,2,175,0,0,0,175
03/04/2023,EYW,FL,ASO,ES,Federal Contract Tower,62,17,41,0,120,0,4,78,2,84,62,21,119,2,204,0,0,0,204
03/05/2023,EYW,FL,ASO,ES,Federal Contract Tower,65,19,61,0,145,0,5,86,0,91,65,24,147,0,236,2,0,2,238
03/06/2023,EYW,FL,ASO,ES,Federal Contract Tower,58,12,22,0,92,0,5,77,0,82,58,17,99,0,174,22,0,22,196
03/07/2023,EYW,FL,ASO,ES,Federal Contract Tower,51,17,21,0,89,0,1,72,0,73,51,18,93,0,162,2,0,2,164
03/08/2023,EYW,FL,ASO,ES,Federal Contract Tower,57,14,22,5,98,0,6,53,0,59,57,20,75,5,157,12,0,12,169
03/09/2023,EYW,FL,ASO,ES,Federal Contract Tower,63,22,29,0,114,0,4,62,12,78,63,26,91,12,192,12,0,12,204
03/10/2023,EYW,FL,ASO,ES,Federal Contract Tower,63,13,60,0,136,0,8,67,4,79,63,21,127,4,215,0,0,0,215
03/11/2023,EYW,FL,ASO,ES,Federal Contract Tower,63,16,46,0,125,0,0,82,0,82,63,16,128,0,207,0,0,0,207
03/12/2023,EYW,FL,ASO,ES,Federal Contract Tower,64,22,85,0,171,0,5,94,0,99,64,27,179,0,270,6,0,6,276
03/13/2023,EYW,FL,ASO,ES,Federal Contract Tower,58,20,26,1,105,0,0,28,3,31,58,20,54,4,136,2,0,2,138
03/14/2023,EYW,FL,ASO,ES,Federal Contract Tower,57,25,30,1,113,0,2,69,0,71,57,27,99,1,184,4,0,4,188
03/15/2023,EYW,FL,ASO,ES,Federal Contract Tower,57,13,33,0,103,0,1,17,0,18,57,14,50,0,121,0,0,0,121
03/16/2023,EYW,FL,ASO,ES,Federal Contract Tower,60,28,55,0,143,0,8,61,0,69,60,36,116,0,212,2,0,2,214
03/17/2023,EYW,FL,ASO,ES,Federal Contract Tower,64,24,52,1,141,0,1,74,0,75,64,25,126,1,216,0,0,0,216
03/18/2023,EYW,FL,ASO,ES,Federal Contract Tower,63,24,43,0,130,0,4,74,0,78,63,28,117,0,208,0,4,4,212
03/19/2023,EYW,FL,ASO,ES,Federal Contract Tower,65,15,55,0,135,0,9,33,0,42,65,24,88,0,177,2,0,2,179
03/20/2023,EYW,FL,ASO,ES,Federal Contract Tower,57,9,19,2,87,0,5,19,4,28,57,14,38,6,115,2,0,2,117
03/21/2023,EYW,FL,ASO,ES,Federal Contract Tower,52,15,28,0,95,0,2,79,0,81,52,17,107,0,176,36,0,36,212
03/22/2023,EYW,FL,ASO,ES,Federal Contract Tower,58,15,30,0,103,0,4,99,2,105,58,19,129,2,208,4,0,4,212
03/23/2023,EYW,FL,ASO,ES,Federal Contract Tower,61,21,48,0,130,0,2,70,4,76,61,23,118,4,206,6,0,6,212
03/24/2023,EYW,FL,ASO,ES,Federal Contract Tower,65,22,51,0,138,0,9,87,1,97,65,31,138,1,235,2,0,2,237
03/25/2023,EYW,FL,ASO,ES,Federal Contract Tower,63,18,40,0,121,0,8,80,5,93,63,26,120,5,214,6,0,6,220
03/26/2023,EYW,FL,ASO,ES,Federal Contract Tower,61,12,41,3,117,0,4,78,0,82,61,16,119,3,199,6,0,6,205
03/27/2023,EYW,FL,ASO,ES,Federal Contract Tower,59,11,40,0,110,0,1,86,0,87,59,12,126,0,197,14,0,14,211
03/28/2023,EYW,FL,ASO,ES,Federal Contract Tower,49,10,15,0,74,0,2,79,1,82,49,12,94,1,156,32,0,32,188
03/29/2023,EYW,FL,ASO,ES,Federal Contract Tower,54,19,37,0,110,0,13,52,0,65,54,32,89,0,175,20,0,20,195
03/30/2023,EYW,FL,ASO,ES,Federal Contract Tower,63,26,51,0,140,0,6,66,0,72,63,32,117,0,212,20,0,20,232
03/31/2023,EYW,FL,ASO,ES,Federal Contract Tower,62,26,49,0,137,0,11,56,2,69,62,37,105,2,206,0,0,0,206
04/01/2023,EYW,FL,ASO,ES,Federal Contract Tower,63,25,50,0,138,0,11,105,0,116,63,36,155,0,254,8,0,8,262
04/02/2023,EYW,FL,ASO,ES,Federal Contract Tower,71,17,78,0,166,0,7,112,0,119,71,24,190,0,285,2,2,4,289
04/03/2023,EYW,FL,ASO,ES,Federal Contract Tower,58,27,31,0,116,0,2,78,0,80,58,29,109,0,196,10,0,10,206
04/04/2023,EYW,FL,ASO,ES,Federal Contract Tower,56,16,23,4,99,0,0,68,3,71,56,16,91,7,170,20,0,20,190
04/05/2023,EYW,FL,ASO,ES,Federal Contract Tower,57,16,30,0,103,0,1,51,0,52,57,17,81,0,155,12,0,12,167
04/06/2023,EYW,FL,ASO,ES,Federal Contract Tower,56,18,27,3,104,0,4,62,2,68,56,22,89,5,172,30,2,32,204
04/07/2023,EYW,FL,ASO,ES,Federal Contract Tower,61,19,34,0,114,0,11,69,0,80,61,30,103,0,194,8,0,8,202
04/08/2023,EYW,FL,ASO,ES,Federal Contract Tower,60,14,37,0,111,0,4,72,3,79,60,18,109,3,190,0,2,2,192
04/09/2023,EYW,FL,ASO,ES,Federal Contract Tower,63,10,36,0,109,0,1,90,2,93,63,11,126,2,202,14,4,18,220
04/10/2023,EYW,FL,ASO,ES,Federal Contract Tower,60,27,42,2,131,0,5,58,0,63,60,32,100,2,194,0,0,0,194
04/11/2023,EYW,FL,ASO,ES,Federal Contract Tower,56,14,32,0,102,0,0,24,0,24,56,14,56,0,126,0,0,0,126
04/12/2023,EYW,FL,ASO,ES,Federal Contract Tower,52,24,42,0,118,0,0,56,0,56,52,24,98,0,174,0,0,0,174
04/13/2023,EYW,FL,ASO,ES,Federal Contract Tower,61,21,43,0,125,0,2,29,0,31,61,23,72,0,156,0,0,0,156
04/14/2023,EYW,FL,ASO,ES,Federal Contract Tower,64,17,53,0,134,0,5,49,0,54,64,22,102,0,188,0,0,0,188
04/15/2023,EYW,FL,ASO,ES,Federal Contract Tower,60,20,42,2,124,0,5,53,0,58,60,25,95,2,182,0,0,0,182
04/16/2023,EYW,FL,ASO,ES,Federal Contract Tower,63,22,74,0,159,0,3,61,0,64,63,25,135,0,223,0,0,0,223
04/17/2023,EYW,FL,ASO,ES,Federal Contract Tower,39,12,13,0,64,0,2,11,0,13,39,14,24,0,77,0,0,0,77
04/18/2023,EYW,FL,ASO,ES,Federal Contract Tower,55,20,20,0,95,0,4,56,1,61,55,24,76,1,156,4,0,4,160
04/19/2023,EYW,FL,ASO,ES,Federal Contract Tower,56,25,36,0,117,0,4,54,0,58,56,29,90,0,175,22,0,22,197
04/20/2023,EYW,FL,ASO,ES,Federal Contract Tower,54,21,32,0,107,0,10,57,0,67,54,31,89,0,174,0,0,0,174
04/21/2023,EYW,FL,ASO,ES,Federal Contract Tower,59,23,33,4,119,0,6,76,1,83,59,29,109,5,202,24,0,24,226
04/22/2023,EYW,FL,ASO,ES,Federal Contract Tower,67,13,27,3,110,0,3,70,0,73,67,16,97,3,183,0,0,0,183
04/23/2023,EYW,FL,ASO,ES,Federal Contract Tower,63,18,54,0,135,0,5,83,2,90,63,23,137,2,225,0,0,0,225
04/24/2023,EYW,FL,ASO,ES,Federal Contract Tower,56,14,31,0,101,0,1,55,0,56,56,15,86,0,157,22,0,22,179
04/25/2023,EYW,FL,ASO,ES,Federal Contract Tower,52,10,33,0,95,0,0,42,0,42,52,10,75,0,137,56,0,56,193
04/26/2023,EYW,FL,ASO,ES,Federal Contract Tower,55,16,26,2,99,2,6,39,0,47,57,22,65,2,146,0,0,0,146
04/27/2023,EYW,FL,ASO,ES,Federal Contract Tower,56,14,32,0,102,0,0,67,2,69,56,14,99,2,171,58,2,60,231
04/28/2023,EYW,FL,ASO,ES,Federal Contract Tower,58,20,41,0,119,0,6,82,0,88,58,26,123,0,207,2,0,2,209
04/29/2023,EYW,FL,ASO,ES,Federal Contract Tower,58,16,27,0,101,0,1,55,0,56,58,17,82,0,157,2,0,2,159
04/30/2023,EYW,FL,ASO,ES,Federal Contract Tower,57,8,30,0,95,0,2,13,6,21,57,10,43,6,116,0,0,0,116
05/01/2023,EYW,FL,ASO,ES,Federal Contract Tower,57,14,28,0,99,0,4,50,0,54,57,18,78,0,153,0,0,0,153
05/02/2023,EYW,FL,ASO,ES,Federal Contract Tower,53,17,23,0,93,0,9,64,2,75,53,26,87,2,168,20,0,20,188
05/03/2023,EYW,FL,ASO,ES,Federal Contract Tower,56,20,32,0,108,0,7,63,0,70,56,27,95,0,178,8,0,8,186
05/04/2023,EYW,FL,ASO,ES,Federal Contract Tower,59,16,35,0,110,0,15,96,0,111,59,31,131,0,221,20,0,20,241
05/05/2023,EYW,FL,ASO,ES,Federal Contract Tower,46,18,36,0,100,0,5,55,1,61,46,23,91,1,161,4,0,4,165
05/06/2023,EYW,FL,ASO,ES,Federal Contract Tower,45,12,24,0,81,0,0,61,0,61,45,12,85,0,142,4,0,4,146
05/07/2023,EYW,FL,ASO,ES,Federal Contract Tower,50,21,36,0,107,0,2,66,0,68,50,23,102,0,175,2,0,2,177
05/08/2023,EYW,FL,ASO,ES,Federal Contract Tower,45,12,28,0,85,0,2,58,2,62,45,14,86,2,147,42,0,42,189
05/09/2023,EYW,FL,ASO,ES,Federal Contract Tower,39,16,23,0,78,0,2,48,2,52,39,18,71,2,130,24,0,24,154
05/10/2023,EYW,FL,ASO,ES,Federal Contract Tower,44,14,34,0,92,0,4,74,0,78,44,18,108,0,170,18,0,18,188
05/11/2023,EYW,FL,ASO,ES,Federal Contract Tower,46,15,27,0,88,0,0,64,0,64,46,15,91,0,152,12,0,12,164
05/12/2023,EYW,FL,ASO,ES,Federal Contract Tower,46,15,34,0,95,0,2,61,0,63,46,17,95,0,158,16,0,16,174
05/13/2023,EYW,FL,ASO,ES,Federal Contract Tower,41,19,26,4,90,0,3,63,0,66,41,22,89,4,156,0,0,0,156
05/14/2023,EYW,FL,ASO,ES,Federal Contract Tower,48,5,41,0,94,0,2,70,0,72,48,7,111,0,166,14,0,14,180
05/15/2023,EYW,FL,ASO,ES,Federal Contract Tower,44,18,30,0,92,0,4,68,0,72,44,22,98,0,164,2,0,2,166
05/16/2023,EYW,FL,ASO,ES,Federal Contract Tower,38,6,16,0,60,0,3,56,0,59,38,9,72,0,119,18,0,18,137
05/17/2023,EYW,FL,ASO,ES,Federal Contract Tower,40,16,34,0,90,0,2,56,0,58,40,18,90,0,148,6,0,6,154
05/18/2023,EYW,FL,ASO,ES,Federal Contract Tower,42,20,32,0,94,0,1,59,0,60,42,21,91,0,154,0,0,0,154
05/19/2023,EYW,FL,ASO,ES,Federal Contract Tower,35,11,31,0,77,0,7,37,1,45,35,18,68,1,122,2,0,2,124
05/21/2023,EYW,FL,ASO,ES,Federal Contract Tower,45,12,29,0,86,0,4,71,0,75,45,16,100,0,161,6,0,6,167
05/22/2023,EYW,FL,ASO,ES,Federal Contract Tower,39,17,21,2,79,0,2,55,0,57,39,19,76,2,136,0,0,0,136
05/23/2023,EYW,FL,ASO,ES,Federal Contract Tower,39,14,22,0,75,0,0,74,0,74,39,14,96,0,149,10,2,12,161
05/24/2023,EYW,FL,ASO,ES,Federal Contract Tower,38,15,18,0,71,0,1,17,2,20,38,16,35,2,91,0,0,0,91
05/25/2023,EYW,FL,ASO,ES,Federal Contract Tower,45,19,30,1,95,0,4,63,0,67,45,23,93,1,162,18,0,18,180
05/26/2023,EYW,FL,ASO,ES,Federal Contract Tower,42,13,35,0,90,0,4,51,1,56,42,17,86,1,146,2,0,2,148
05/27/2023,EYW,FL,ASO,ES,Federal Contract Tower,40,12,28,0,80,0,4,57,0,61,40,16,85,0,141,0,2,2,143
05/28/2023,EYW,FL,ASO,ES,Federal Contract Tower,48,10,25,0,83,0,0,77,0,77,48,10,102,0,160,8,0,8,168
05/29/2023,EYW,FL,ASO,ES,Federal Contract Tower,41,14,49,0,104,0,3,74,0,77,41,17,123,0,181,0,0,0,181
05/30/2023,EYW,FL,ASO,ES,Federal Contract Tower,37,13,32,0,82,0,5,58,4,67,37,18,90,4,149,4,0,4,153
05/31/2023,EYW,FL,ASO,ES,Federal Contract Tower,40,19,20,0,79,0,2,52,0,54,40,21,72,0,133,14,0,14,147
06/01/2023,EYW,FL,ASO,ES,Federal Contract Tower,47,13,29,0,89,0,4,64,0,68,47,17,93,0,157,18,0,18,175
06/02/2023,EYW,FL,ASO,ES,Federal Contract Tower,42,28,35,0,105,0,1,39,0,40,42,29,74,0,145,6,0,6,151
06/03/2023,EYW,FL,ASO,ES,Federal Contract Tower,40,11,18,0,69,0,2,51,0,53,40,13,69,0,122,0,0,0,122
06/04/2023,EYW,FL,ASO,ES,Federal Contract Tower,45,10,13,0,68,0,7,57,2,66,45,17,70,2,134,14,0,14,148
06/05/2023,EYW,FL,ASO,ES,Federal Contract Tower,41,6,31,0,78,0,5,54,0,59,41,11,85,0,137,4,0,4,141
06/06/2023,EYW,FL,ASO,ES,Federal Contract Tower,36,10,16,0,62,0,1,44,0,45,36,11,60,0,107,0,0,0,107
06/07/2023,EYW,FL,ASO,ES,Federal Contract Tower,38,7,21,0,66,0,5,50,0,55,38,12,71,0,121,14,0,14,135
06/08/2023,EYW,FL,ASO,ES,Federal Contract Tower,39,16,27,4,86,0,6,39,0,45,39,22,66,4,131,18,0,18,149
06/09/2023,EYW,FL,ASO,ES,Federal Contract Tower,41,12,32,0,85,0,2,63,1,66,41,14,95,1,151,20,0,20,171
06/10/2023,EYW,FL,ASO,ES,Federal Contract Tower,40,17,28,0,85,0,2,84,1,87,40,19,112,1,172,2,0,2,174
06/11/2023,EYW,FL,ASO,ES,Federal Contract Tower,43,18,31,0,92,0,0,71,0,71,43,18,102,0,163,2,0,2,165
06/12/2023,EYW,FL,ASO,ES,Federal Contract Tower,39,11,24,1,75,0,3,49,2,54,39,14,73,3,129,0,0,0,129
06/13/2023,EYW,FL,ASO,ES,Federal Contract Tower,38,5,22,0,65,0,0,53,1,54,38,5,75,1,119,4,0,4,123
06/14/2023,EYW,FL,ASO,ES,Federal Contract Tower,35,18,15,2,70,0,2,50,0,52,35,20,65,2,122,2,0,2,124
06/15/2023,EYW,FL,ASO,ES,Federal Contract Tower,41,17,23,0,81,0,0,45,0,45,41,17,68,0,126,12,0,12,138
06/16/2023,EYW,FL,ASO,ES,Federal Contract Tower,38,14,47,0,99,0,5,53,0,58,38,19,100,0,157,16,0,16,173
06/17/2023,EYW,FL,ASO,ES,Federal Contract Tower,34,19,20,0,73,0,0,57,0,57,34,19,77,0,130,0,0,0,130
06/18/2023,EYW,FL,ASO,ES,Federal Contract Tower,42,10,40,0,92,0,4,51,0,55,42,14,91,0,147,6,0,6,153
06/19/2023,EYW,FL,ASO,ES,Federal Contract Tower,38,5,24,0,67,0,2,50,0,52,38,7,74,0,119,2,0,2,121
06/20/2023,EYW,FL,ASO,ES,Federal Contract Tower,31,8,18,0,57,0,1,51,0,52,31,9,69,0,109,22,0,22,131
06/21/2023,EYW,FL,ASO,ES,Federal Contract Tower,32,9,19,0,60,0,2,56,4,62,32,11,75,4,122,24,0,24,146
06/22/2023,EYW,FL,ASO,ES,Federal Contract Tower,45,14,20,0,79,0,3,58,0,61,45,17,78,0,140,0,0,0,140
06/23/2023,EYW,FL,ASO,ES,Federal Contract Tower,40,9,24,0,73,0,4,73,0,77,40,13,97,0,150,12,0,12,162
06/24/2023,EYW,FL,ASO,ES,Federal Contract Tower,35,5,15,0,55,0,1,58,0,59,35,6,73,0,114,4,0,4,118
06/25/2023,EYW,FL,ASO,ES,Federal Contract Tower,42,15,38,0,95,0,4,56,0,60,42,19,94,0,155,0,0,0,155
06/26/2023,EYW,FL,ASO,ES,Federal Contract Tower,38,4,25,0,67,0,9,38,0,47,38,13,63,0,114,0,0,0,114
06/27/2023,EYW,FL,ASO,ES,Federal Contract Tower,36,12,20,0,68,0,6,61,0,67,36,18,81,0,135,16,0,16,151
06/28/2023,EYW,FL,ASO,ES,Federal Contract Tower,38,10,19,0,67,0,2,65,0,67,38,12,84,0,134,58,0,58,192
06/29/2023,EYW,FL,ASO,ES,Federal Contract Tower,37,16,37,0,90,0,4,46,0,50,37,20,83,0,140,10,0,10,150
06/30/2023,EYW,FL,ASO,ES,Federal Contract Tower,41,17,39,0,97,0,12,54,2,68,41,29,93,2,165,6,0,6,171
07/01/2023,EYW,FL,ASO,ES,Federal Contract Tower,36,11,21,0,68,0,0,51,0,51,36,11,72,0,119,0,0,0,119
07/02/2023,EYW,FL,ASO,ES,Federal Contract Tower,42,7,12,0,61,0,2,61,0,63,42,9,73,0,124,6,0,6,130
07/03/2023,EYW,FL,ASO,ES,Federal Contract Tower,42,14,33,0,89,0,7,65,6,78,42,21,98,6,167,0,0,0,167
07/04/2023,EYW,FL,ASO,ES,Federal Contract Tower,31,3,10,0,44,0,0,60,2,62,31,3,70,2,106,0,0,0,106
07/05/2023,EYW,FL,ASO,ES,Federal Contract Tower,36,12,37,0,85,0,2,74,0,76,36,14,111,0,161,12,0,12,173
07/06/2023,EYW,FL,ASO,ES,Federal Contract Tower,42,12,28,0,82,0,0,61,0,61,42,12,89,0,143,20,0,20,163
07/07/2023,EYW,FL,ASO,ES,Federal Contract Tower,40,16,31,1,88,0,4,61,0,65,40,20,92,1,153,2,0,2,155
07/08/2023,EYW,FL,ASO,ES,Federal Contract Tower,43,11,11,0,65,0,0,52,1,53,43,11,63,1,118,0,0,0,118
07/09/2023,EYW,FL,ASO,ES,Federal Contract Tower,48,4,37,0,89,0,2,76,0,78,48,6,113,0,167,4,0,4,171
07/10/2023,EYW,FL,ASO,ES,Federal Contract Tower,37,14,22,0,73,0,0,47,0,47,37,14,69,0,120,0,0,0,120
07/11/2023,EYW,FL,ASO,ES,Federal Contract Tower,33,18,22,0,73,0,3,50,2,55,33,21,72,2,128,14,0,14,142
07/12/2023,EYW,FL,ASO,ES,Federal Contract Tower,36,9,14,0,59,0,0,63,0,63,36,9,77,0,122,8,0,8,130
07/13/2023,EYW,FL,ASO,ES,Federal Contract Tower,44,19,35,2,100,0,4,51,0,55,44,23,86,2,155,0,0,0,155
07/14/2023,EYW,FL,ASO,ES,Federal Contract Tower,41,17,25,0,83,0,6,59,0,65,41,23,84,0,148,0,0,0,148
07/15/2023,EYW,FL,ASO,ES,Federal Contract Tower,39,10,22,0,71,0,5,61,0,66,39,15,83,0,137,0,0,0,137
07/16/2023,EYW,FL,ASO,ES,Federal Contract Tower,38,11,38,0,87,0,13,88,0,101,38,24,126,0,188,10,0,10,198
07/17/2023,EYW,FL,ASO,ES,Federal Contract Tower,40,16,23,4,83,0,2,64,0,66,40,18,87,4,149,0,0,0,149
07/18/2023,EYW,FL,ASO,ES,Federal Contract Tower,36,9,23,0,68,0,0,34,2,36,36,9,57,2,104,12,0,12,116
07/19/2023,EYW,FL,ASO,ES,Federal Contract Tower,38,11,16,0,65,0,3,37,0,40,38,14,53,0,105,0,0,0,105
07/20/2023,EYW,FL,ASO,ES,Federal Contract Tower,43,12,24,0,79,0,1,84,0,85,43,13,108,0,164,50,0,50,214
07/21/2023,EYW,FL,ASO,ES,Federal Contract Tower,41,13,44,0,98,0,3,85,0,88,41,16,129,0,186,6,0,6,192
07/22/2023,EYW,FL,ASO,ES,Federal Contract Tower,37,9,30,0,76,0,5,77,4,86,37,14,107,4,162,2,0,2,164
07/23/2023,EYW,FL,ASO,ES,Federal Contract Tower,42,10,41,0,93,0,1,86,1,88,42,11,127,1,181,2,0,2,183
07/24/2023,EYW,FL,ASO,ES,Federal Contract Tower,40,19,24,0,83,0,3,59,0,62,40,22,83,0,145,4,0,4,149
07/25/2023,EYW,FL,ASO,ES,Federal Contract Tower,39,15,44,0,98,0,0,68,0,68,39,15,112,0,166,24,0,24,190
07/26/2023,EYW,FL,ASO,ES,Federal Contract Tower,39,15,21,0,75,0,0,54,2,56,39,15,75,2,131,14,0,14,145
07/27/2023,EYW,FL,ASO,ES,Federal Contract Tower,42,13,24,0,79,0,1,47,6,54,42,14,71,6,133,4,0,4,137
07/28/2023,EYW,FL,ASO,ES,Federal Contract Tower,40,15,52,0,107,0,1,78,0,79,40,16,130,0,186,0,2,2,188
07/29/2023,EYW,FL,ASO,ES,Federal Contract Tower,41,13,42,0,96,0,4,73,0,77,41,17,115,0,173,0,0,0,173
07/30/2023,EYW,FL,ASO,ES,Federal Contract Tower,44,19,40,0,103,0,2,65,0,67,44,21,105,0,170,14,0,14,184
07/31/2023,EYW,FL,ASO,ES,Federal Contract Tower,40,8,17,0,65,0,3,58,0,61,40,11,75,0,126,0,0,0,126
08/01/2023,EYW,FL,ASO,ES,Federal Contract Tower,37,18,18,0,73,0,0,49,2,51,37,18,67,2,124,0,0,0,124
08/02/2023,EYW,FL,ASO,ES,Federal Contract Tower,38,11,31,0,80,0,0,45,7,52,38,11,76,7,132,0,0,0,132
08/03/2023,EYW,FL,ASO,ES,Federal Contract Tower,43,10,17,1,71,0,1,75,5,81,43,11,92,6,152,6,0,6,158
08/04/2023,EYW,FL,ASO,ES,Federal Contract Tower,38,13,35,1,87,0,3,63,1,67,38,16,98,2,154,4,0,4,158
08/05/2023,EYW,FL,ASO,ES,Federal Contract Tower,38,10,20,0,68,0,3,83,0,86,38,13,103,0,154,0,0,0,154
08/06/2023,EYW,FL,ASO,ES,Federal Contract Tower,42,16,33,0,91,0,3,80,4,87,42,19,113,4,178,0,0,0,178
08/07/2023,EYW,FL,ASO,ES,Federal Contract Tower,39,10,33,0,82,0,2,44,2,48,39,12,77,2,130,0,2,2,132
08/08/2023,EYW,FL,ASO,ES,Federal Contract Tower,37,10,22,0,69,0,2,66,0,68,37,12,88,0,137,2,0,2,139
08/09/2023,EYW,FL,ASO,ES,Federal Contract Tower,38,16,19,0,73,0,2,46,1,49,38,18,65,1,122,12,0,12,134
08/10/2023,EYW,FL,ASO,ES,Federal Contract Tower,42,13,20,0,75,0,9,59,0,68,42,22,79,0,143,12,0,12,155
08/11/2023,EYW,FL,ASO,ES,Federal Contract Tower,40,18,28,0,86,0,1,48,1,50,40,19,76,1,136,0,0,0,136
08/12/2023,EYW,FL,ASO,ES,Federal Contract Tower,36,12,25,0,73,0,0,43,2,45,36,12,68,2,118,2,0,2,120
08/13/2023,EYW,FL,ASO,ES,Federal Contract Tower,41,8,32,0,81,0,1,67,0,68,41,9,99,0,149,6,0,6,155
08/14/2023,EYW,FL,ASO,ES,Federal Contract Tower,36,12,19,0,67,0,1,58,1,60,36,13,77,1,127,10,0,10,137
08/15/2023,EYW,FL,ASO,ES,Federal Contract Tower,29,12,22,0,63,0,4,30,0,34,29,16,52,0,97,4,0,4,101
08/16/2023,EYW,FL,ASO,ES,Federal Contract Tower,29,17,10,0,56,0,0,66,0,66,29,17,76,0,122,2,0,2,124
08/17/2023,EYW,FL,ASO,ES,Federal Contract Tower,36,8,27,0,71,0,0,46,1,47,36,8,73,1,118,2,0,2,120
08/18/2023,EYW,FL,ASO,ES,Federal Contract Tower,36,9,22,0,67,0,0,53,0,53,36,9,75,0,120,10,0,10,130
08/19/2023,EYW,FL,ASO,ES,Federal Contract Tower,30,9,11,0,50,0,2,50,0,52,30,11,61,0,102,10,0,10,112
08/20/2023,EYW,FL,ASO,ES,Federal Contract Tower,39,5,34,0,78,0,0,10,0,10,39,5,44,0,88,0,0,0,88
08/21/2023,EYW,FL,ASO,ES,Federal Contract Tower,34,11,23,1,69,0,1,39,0,40,34,12,62,1,109,0,0,0,109
08/22/2023,EYW,FL,ASO,ES,Federal Contract Tower,30,8,14,0,52,0,1,34,0,35,30,9,48,0,87,66,0,66,153
08/23/2023,EYW,FL,ASO,ES,Federal Contract Tower,28,10,22,1,61,0,2,44,2,48,28,12,66,3,109,4,2,6,115
08/24/2023,EYW,FL,ASO,ES,Federal Contract Tower,37,10,22,0,69,0,4,50,1,55,37,14,72,1,124,22,0,22,146
08/25/2023,EYW,FL,ASO,ES,Federal Contract Tower,36,11,25,0,72,0,2,59,0,61,36,13,84,0,133,0,0,0,133
08/26/2023,EYW,FL,ASO,ES,Federal Contract Tower,31,6,29,1,67,0,0,47,0,47,31,6,76,1,114,6,0,6,120
08/27/2023,EYW,FL,ASO,ES,Federal Contract Tower,42,3,27,0,72,0,2,51,0,53,42,5,78,0,125,2,0,2,127
08/28/2023,EYW,FL,ASO,ES,Federal Contract Tower,35,5,14,0,54,0,0,25,0,25,35,5,39,0,79,0,0,0,79
08/29/2023,EYW,FL,ASO,ES,Federal Contract Tower,7,0,1,0,8,0,0,0,0,0,7,0,1,0,8,0,0,0,8
08/30/2023,EYW,FL,ASO,ES,Federal Contract Tower,29,3,4,0,36,0,0,8,0,8,29,3,12,0,44,0,0,0,44
08/31/2023,EYW,FL,ASO,ES,Federal Contract Tower,38,16,29,0,83,0,3,51,0,54,38,19,80,0,137,6,0,6,143
