01/01/2020,FAI,AK,AAL,WE,Combined TRACON& Tower with Radar,25,8,12,2,47,0,0,12,0,12,25,8,24,2,59,60,0,60,119
01/02/2020,FAI,AK,AAL,WE,Combined TRACON& Tower with Radar,28,25,6,5,64,0,40,34,5,79,28,65,40,10,143,0,0,0,143
01/03/2020,FAI,AK,AAL,WE,Combined TRACON& Tower with Radar,31,20,10,2,63,0,44,39,4,87,31,64,49,6,150,16,0,16,166
01/04/2020,FAI,AK,AAL,WE,Combined TRACON& Tower with Radar,20,14,2,0,36,0,20,13,0,33,20,34,15,0,69,0,0,0,69
01/05/2020,FAI,AK,AAL,WE,Combined TRACON& Tower with Radar,24,20,7,0,51,0,16,12,0,28,24,36,19,0,79,2,0,2,81
01/06/2020,FAI,AK,AAL,WE,Combined TRACON& Tower with Radar,30,12,4,9,55,0,49,11,2,62,30,61,15,11,117,0,0,0,117
01/07/2020,FAI,AK,AAL,WE,Combined TRACON& Tower with Radar,32,50,12,4,98,0,32,6,2,40,32,82,18,6,138,4,0,4,142
01/08/2020,FAI,AK,AAL,WE,Combined TRACON& Tower with Radar,23,51,17,0,91,0,9,4,0,13,23,60,21,0,104,0,0,0,104
01/09/2020,FAI,AK,AAL,WE,Combined TRACON& Tower with Radar,25,40,11,2,78,0,27,5,0,32,25,67,16,2,110,0,0,0,110
01/10/2020,FAI,AK,AAL,WE,Combined TRACON& Tower with Radar,26,15,6,1,48,0,39,16,7,62,26,54,22,8,110,6,0,6,116
01/11/2020,FAI,AK,AAL,WE,Combined TRACON& Tower with Radar,24,13,5,0,42,0,22,15,2,39,24,35,20,2,81,8,0,8,89
01/12/2020,FAI,AK,AAL,WE,Combined TRACON& Tower with Radar,22,10,4,0,36,0,22,12,2,36,22,32,16,2,72,6,0,6,78
01/13/2020,FAI,AK,AAL,WE,Combined TRACON& Tower with Radar,26,51,23,9,109,0,13,16,1,30,26,64,39,10,139,22,2,24,163
01/14/2020,FAI,AK,AAL,WE,Combined TRACON& Tower with Radar,30,54,20,0,104,0,13,25,0,38,30,67,45,0,142,14,0,14,156
01/15/2020,FAI,AK,AAL,WE,Combined TRACON& Tower with Radar,30,42,10,2,84,0,43,52,3,98,30,85,62,5,182,102,2,104,286
01/16/2020,FAI,AK,AAL,WE,Combined TRACON& Tower with Radar,31,22,8,1,62,0,52,36,1,89,31,74,44,2,151,16,2,18,169
01/17/2020,FAI,AK,AAL,WE,Combined TRACON& Tower with Radar,27,18,3,1,49,0,54,37,5,96,27,72,40,6,145,4,0,4,149
01/18/2020,FAI,AK,AAL,WE,Combined TRACON& Tower with Radar,23,6,2,0,31,0,28,19,0,47,23,34,21,0,78,12,0,12,90
01/19/2020,FAI,AK,AAL,WE,Combined TRACON& Tower with Radar,22,14,2,2,40,0,34,16,4,54,22,48,18,6,94,2,0,2,96
01/20/2020,FAI,AK,AAL,WE,Combined TRACON& Tower with Radar,24,20,3,0,47,0,47,34,0,81,24,67,37,0,128,8,0,8,136
01/21/2020,FAI,AK,AAL,WE,Combined TRACON& Tower with Radar,29,27,12,4,72,0,43,33,7,83,29,70,45,11,155,6,1,7,162
01/22/2020,FAI,AK,AAL,WE,Combined TRACON& Tower with Radar,33,40,12,8,93,0,47,55,3,105,33,87,67,11,198,27,8,35,233
01/23/2020,FAI,AK,AAL,WE,Combined TRACON& Tower with Radar,28,32,12,6,78,0,30,18,0,48,28,62,30,6,126,16,1,17,143
01/24/2020,FAI,AK,AAL,WE,Combined TRACON& Tower with Radar,34,40,19,4,97,0,23,2,2,27,34,63,21,6,124,6,0,6,130
01/25/2020,FAI,AK,AAL,WE,Combined TRACON& Tower with Radar,24,16,3,0,43,0,27,48,0,75,24,43,51,0,118,24,1,25,143
01/26/2020,FAI,AK,AAL,WE,Combined TRACON& Tower with Radar,21,35,12,1,69,0,2,1,2,5,21,37,13,3,74,0,0,0,74
01/27/2020,FAI,AK,AAL,WE,Combined TRACON& Tower with Radar,23,31,10,3,67,0,43,10,4,57,23,74,20,7,124,12,0,12,136
01/28/2020,FAI,AK,AAL,WE,Combined TRACON& Tower with Radar,28,21,4,0,53,0,42,31,2,75,28,63,35,2,128,2,0,2,130
01/29/2020,FAI,AK,AAL,WE,Combined TRACON& Tower with Radar,25,29,8,4,66,0,41,19,4,64,25,70,27,8,130,12,0,12,142
01/30/2020,FAI,AK,AAL,WE,Combined TRACON& Tower with Radar,32,29,13,4,78,0,53,36,0,89,32,82,49,4,167,14,3,17,184
01/31/2020,FAI,AK,AAL,WE,Combined TRACON& Tower with Radar,27,54,18,4,103,0,19,12,0,31,27,73,30,4,134,3,0,3,137
02/01/2020,FAI,AK,AAL,WE,Combined TRACON& Tower with Radar,25,10,5,0,40,0,25,33,0,58,25,35,38,0,98,2,0,2,100
02/02/2020,FAI,AK,AAL,WE,Combined TRACON& Tower with Radar,24,15,6,0,45,0,28,23,2,53,24,43,29,2,98,0,0,0,98
02/03/2020,FAI,AK,AAL,WE,Combined TRACON& Tower with Radar,26,34,5,6,71,0,42,76,4,122,26,76,81,10,193,74,0,74,267
02/04/2020,FAI,AK,AAL,WE,Combined TRACON& Tower with Radar,27,65,17,7,116,0,8,22,0,30,27,73,39,7,146,6,0,6,152
02/05/2020,FAI,AK,AAL,WE,Combined TRACON& Tower with Radar,28,33,4,7,72,0,56,49,2,107,28,89,53,9,179,62,12,74,253
02/06/2020,FAI,AK,AAL,WE,Combined TRACON& Tower with Radar,29,61,13,4,107,0,12,1,0,13,29,73,14,4,120,0,0,0,120
02/07/2020,FAI,AK,AAL,WE,Combined TRACON& Tower with Radar,27,33,15,2,77,0,37,41,3,81,27,70,56,5,158,94,0,94,252
02/08/2020,FAI,AK,AAL,WE,Combined TRACON& Tower with Radar,24,17,15,1,57,0,22,58,1,81,24,39,73,2,138,98,0,98,236
02/09/2020,FAI,AK,AAL,WE,Combined TRACON& Tower with Radar,22,38,16,5,81,0,6,13,2,21,22,44,29,7,102,22,0,22,124
02/10/2020,FAI,AK,AAL,WE,Combined TRACON& Tower with Radar,26,32,7,1,66,0,50,26,0,76,26,82,33,1,142,0,0,0,142
02/11/2020,FAI,AK,AAL,WE,Combined TRACON& Tower with Radar,31,23,4,6,64,0,57,52,0,109,31,80,56,6,173,30,0,30,203
02/12/2020,FAI,AK,AAL,WE,Combined TRACON& Tower with Radar,29,25,7,3,64,0,58,37,3,98,29,83,44,6,162,46,0,46,208
02/13/2020,FAI,AK,AAL,WE,Combined TRACON& Tower with Radar,28,23,2,4,57,0,43,22,0,65,28,66,24,4,122,6,0,6,128
02/14/2020,FAI,AK,AAL,WE,Combined TRACON& Tower with Radar,22,18,2,0,42,0,48,29,2,79,22,66,31,2,121,4,0,4,125
02/15/2020,FAI,AK,AAL,WE,Combined TRACON& Tower with Radar,23,14,1,0,38,0,20,22,0,42,23,34,23,0,80,0,0,0,80
02/16/2020,FAI,AK,AAL,WE,Combined TRACON& Tower with Radar,22,13,9,1,45,0,24,36,3,63,22,37,45,4,108,22,0,22,130
02/17/2020,FAI,AK,AAL,WE,Combined TRACON& Tower with Radar,25,28,4,1,58,0,32,76,2,110,25,60,80,3,168,98,0,98,266
02/18/2020,FAI,AK,AAL,WE,Combined TRACON& Tower with Radar,23,28,3,2,56,0,32,54,4,90,23,60,57,6,146,122,6,128,274
02/19/2020,FAI,AK,AAL,WE,Combined TRACON& Tower with Radar,32,48,10,0,90,0,31,32,0,63,32,79,42,0,153,58,0,58,211
02/20/2020,FAI,AK,AAL,WE,Combined TRACON& Tower with Radar,30,34,13,2,79,0,51,69,0,120,30,85,82,2,199,74,0,74,273
02/21/2020,FAI,AK,AAL,WE,Combined TRACON& Tower with Radar,25,40,8,0,73,0,36,71,2,109,25,76,79,2,182,136,0,136,318
02/22/2020,FAI,AK,AAL,WE,Combined TRACON& Tower with Radar,26,25,3,0,54,0,17,47,0,64,26,42,50,0,118,152,0,152,270
02/23/2020,FAI,AK,AAL,WE,Combined TRACON& Tower with Radar,22,8,4,0,34,0,28,46,2,76,22,36,50,2,110,84,0,84,194
02/24/2020,FAI,AK,AAL,WE,Combined TRACON& Tower with Radar,26,24,6,0,56,0,51,51,4,106,26,75,57,4,162,38,0,38,200
02/25/2020,FAI,AK,AAL,WE,Combined TRACON& Tower with Radar,27,23,6,0,56,0,42,60,5,107,27,65,66,5,163,52,0,52,215
02/26/2020,FAI,AK,AAL,WE,Combined TRACON& Tower with Radar,27,30,11,12,80,0,53,55,1,109,27,83,66,13,189,60,0,60,249
02/27/2020,FAI,AK,AAL,WE,Combined TRACON& Tower with Radar,31,25,8,4,68,0,51,69,2,122,31,76,77,6,190,46,0,46,236
02/28/2020,FAI,AK,AAL,WE,Combined TRACON& Tower with Radar,26,22,5,0,53,0,48,64,0,112,26,70,69,0,165,18,0,18,183
02/29/2020,FAI,AK,AAL,WE,Combined TRACON& Tower with Radar,22,16,9,0,47,0,29,57,1,87,22,45,66,1,134,127,0,127,261
03/01/2020,FAI,AK,AAL,WE,Combined TRACON& Tower with Radar,20,37,6,6,69,0,3,7,0,10,20,40,13,6,79,18,0,18,97
03/02/2020,FAI,AK,AAL,WE,Combined TRACON& Tower with Radar,29,33,13,13,88,0,42,38,1,81,29,75,51,14,169,10,0,10,179
03/03/2020,FAI,AK,AAL,WE,Combined TRACON& Tower with Radar,29,33,6,13,81,0,48,39,0,87,29,81,45,13,168,22,0,22,190
03/04/2020,FAI,AK,AAL,WE,Combined TRACON& Tower with Radar,30,23,6,9,68,0,52,50,0,102,30,75,56,9,170,34,0,34,204
03/05/2020,FAI,AK,AAL,WE,Combined TRACON& Tower with Radar,28,20,7,12,67,0,47,65,0,112,28,67,72,12,179,30,0,30,209
03/06/2020,FAI,AK,AAL,WE,Combined TRACON& Tower with Radar,30,28,3,6,67,0,48,83,0,131,30,76,86,6,198,98,0,98,296
03/07/2020,FAI,AK,AAL,WE,Combined TRACON& Tower with Radar,24,19,8,7,58,0,15,40,0,55,24,34,48,7,113,180,0,180,293
03/08/2020,FAI,AK,AAL,WE,Combined TRACON& Tower with Radar,23,16,8,7,54,0,20,71,0,91,23,36,79,7,145,118,0,118,263
03/09/2020,FAI,AK,AAL,WE,Combined TRACON& Tower with Radar,25,32,11,12,80,0,36,49,0,85,25,68,60,12,165,148,0,148,313
03/10/2020,FAI,AK,AAL,WE,Combined TRACON& Tower with Radar,27,22,14,19,82,0,48,97,0,145,27,70,111,19,227,123,0,123,350
03/11/2020,FAI,AK,AAL,WE,Combined TRACON& Tower with Radar,38,44,3,2,87,0,62,101,1,164,38,106,104,3,251,100,2,102,353
03/12/2020,FAI,AK,AAL,WE,Combined TRACON& Tower with Radar,49,47,11,2,109,0,78,103,1,182,49,125,114,3,291,58,0,58,349
03/13/2020,FAI,AK,AAL,WE,Combined TRACON& Tower with Radar,24,14,11,1,50,0,49,111,0,160,24,63,122,1,210,109,0,109,319
03/14/2020,FAI,AK,AAL,WE,Combined TRACON& Tower with Radar,27,15,6,0,48,0,19,60,0,79,27,34,66,0,127,117,0,117,244
03/15/2020,FAI,AK,AAL,WE,Combined TRACON& Tower with Radar,21,21,4,0,46,0,15,64,0,79,21,36,68,0,125,62,0,62,187
03/16/2020,FAI,AK,AAL,WE,Combined TRACON& Tower with Radar,24,46,13,0,83,0,20,40,0,60,24,66,53,0,143,80,0,80,223
03/17/2020,FAI,AK,AAL,WE,Combined TRACON& Tower with Radar,27,33,12,3,75,0,45,91,4,140,27,78,103,7,215,116,2,118,333
03/18/2020,FAI,AK,AAL,WE,Combined TRACON& Tower with Radar,26,60,14,1,101,0,16,18,0,34,26,76,32,1,135,8,0,8,143
03/19/2020,FAI,AK,AAL,WE,Combined TRACON& Tower with Radar,28,28,3,4,63,0,31,53,8,92,28,59,56,12,155,70,1,71,226
03/20/2020,FAI,AK,AAL,WE,Combined TRACON& Tower with Radar,26,37,13,0,76,0,20,10,0,30,26,57,23,0,106,14,0,14,120
03/21/2020,FAI,AK,AAL,WE,Combined TRACON& Tower with Radar,27,35,5,2,69,0,2,0,0,2,27,37,5,2,71,0,0,0,71
03/22/2020,FAI,AK,AAL,WE,Combined TRACON& Tower with Radar,20,10,2,0,32,0,16,2,0,18,20,26,4,0,50,0,0,0,50
03/23/2020,FAI,AK,AAL,WE,Combined TRACON& Tower with Radar,25,25,5,0,55,0,2,3,0,5,25,27,8,0,60,2,3,5,65
03/24/2020,FAI,AK,AAL,WE,Combined TRACON& Tower with Radar,30,30,22,0,82,0,9,5,0,14,30,39,27,0,96,0,0,0,96
03/25/2020,FAI,AK,AAL,WE,Combined TRACON& Tower with Radar,29,36,8,0,73,0,8,20,0,28,29,44,28,0,101,2,0,2,103
03/26/2020,FAI,AK,AAL,WE,Combined TRACON& Tower with Radar,32,20,3,1,56,0,29,30,4,63,32,49,33,5,119,34,0,34,153
03/27/2020,FAI,AK,AAL,WE,Combined TRACON& Tower with Radar,27,10,8,1,46,0,25,60,4,89,27,35,68,5,135,0,28,28,163
03/28/2020,FAI,AK,AAL,WE,Combined TRACON& Tower with Radar,17,10,5,0,32,0,22,28,2,52,17,32,33,2,84,16,0,16,100
03/29/2020,FAI,AK,AAL,WE,Combined TRACON& Tower with Radar,15,5,2,0,22,0,3,33,2,38,15,8,35,2,60,64,0,64,124
03/30/2020,FAI,AK,AAL,WE,Combined TRACON& Tower with Radar,20,6,9,2,37,0,33,78,4,115,20,39,87,6,152,42,0,42,194
03/31/2020,FAI,AK,AAL,WE,Combined TRACON& Tower with Radar,20,21,4,1,46,0,37,69,7,113,20,58,73,8,159,67,0,67,226
04/01/2020,FAI,AK,AAL,WE,Combined TRACON& Tower with Radar,13,15,5,0,33,0,50,93,2,145,13,65,98,2,178,162,0,162,340
04/02/2020,FAI,AK,AAL,WE,Combined TRACON& Tower with Radar,12,25,7,1,45,0,24,47,0,71,12,49,54,1,116,94,5,99,215
04/03/2020,FAI,AK,AAL,WE,Combined TRACON& Tower with Radar,12,26,8,0,46,0,7,7,2,16,12,33,15,2,62,25,1,26,88
04/04/2020,FAI,AK,AAL,WE,Combined TRACON& Tower with Radar,9,15,0,0,24,0,0,1,0,1,9,15,1,0,25,0,0,0,25
04/05/2020,FAI,AK,AAL,WE,Combined TRACON& Tower with Radar,8,6,3,0,17,0,1,1,0,2,8,7,4,0,19,0,0,0,19
04/06/2020,FAI,AK,AAL,WE,Combined TRACON& Tower with Radar,7,21,11,0,39,0,3,0,0,3,7,24,11,0,42,0,0,0,42
04/07/2020,FAI,AK,AAL,WE,Combined TRACON& Tower with Radar,9,10,6,0,25,0,24,69,2,95,9,34,75,2,120,56,0,56,176
04/08/2020,FAI,AK,AAL,WE,Combined TRACON& Tower with Radar,6,16,8,0,30,0,27,87,1,115,6,43,95,1,145,87,2,89,234
04/09/2020,FAI,AK,AAL,WE,Combined TRACON& Tower with Radar,12,7,2,1,22,0,31,80,0,111,12,38,82,1,133,42,0,42,175
04/10/2020,FAI,AK,AAL,WE,Combined TRACON& Tower with Radar,9,25,15,0,49,0,0,0,0,0,9,25,15,0,49,0,0,0,49
04/11/2020,FAI,AK,AAL,WE,Combined TRACON& Tower with Radar,9,6,11,0,26,0,16,98,0,114,9,22,109,0,140,92,0,92,232
04/12/2020,FAI,AK,AAL,WE,Combined TRACON& Tower with Radar,8,2,8,8,26,0,0,55,0,55,8,2,63,8,81,68,0,68,149
04/13/2020,FAI,AK,AAL,WE,Combined TRACON& Tower with Radar,10,12,12,2,36,0,6,6,0,12,10,18,18,2,48,0,0,0,48
04/14/2020,FAI,AK,AAL,WE,Combined TRACON& Tower with Radar,16,14,12,8,50,0,26,92,1,119,16,40,104,9,169,84,0,84,253
04/15/2020,FAI,AK,AAL,WE,Combined TRACON& Tower with Radar,12,11,8,0,31,0,29,77,7,113,12,40,85,7,144,100,5,105,249
04/16/2020,FAI,AK,AAL,WE,Combined TRACON& Tower with Radar,18,24,15,2,59,0,18,18,3,39,18,42,33,5,98,1,0,1,99
04/17/2020,FAI,AK,AAL,WE,Combined TRACON& Tower with Radar,10,23,12,0,45,0,30,41,2,73,10,53,53,2,118,38,0,38,156
04/18/2020,FAI,AK,AAL,WE,Combined TRACON& Tower with Radar,9,15,3,1,28,0,8,10,0,18,9,23,13,1,46,14,0,14,60
04/19/2020,FAI,AK,AAL,WE,Combined TRACON& Tower with Radar,9,1,8,0,18,0,0,26,0,26,9,1,34,0,44,40,1,41,85
04/20/2020,FAI,AK,AAL,WE,Combined TRACON& Tower with Radar,12,30,16,8,66,0,2,6,0,8,12,32,22,8,74,28,8,36,110
04/21/2020,FAI,AK,AAL,WE,Combined TRACON& Tower with Radar,13,37,6,16,72,0,13,7,2,22,13,50,13,18,94,48,4,52,146
04/22/2020,FAI,AK,AAL,WE,Combined TRACON& Tower with Radar,12,17,11,12,52,0,44,73,0,117,12,61,84,12,169,82,22,104,273
04/23/2020,FAI,AK,AAL,WE,Combined TRACON& Tower with Radar,15,11,13,14,53,0,30,92,8,130,15,41,105,22,183,60,31,91,274
04/24/2020,FAI,AK,AAL,WE,Combined TRACON& Tower with Radar,15,10,7,12,44,0,32,69,0,101,15,42,76,12,145,60,0,60,205
04/25/2020,FAI,AK,AAL,WE,Combined TRACON& Tower with Radar,8,7,11,4,30,0,21,95,0,116,8,28,106,4,146,116,0,116,262
04/26/2020,FAI,AK,AAL,WE,Combined TRACON& Tower with Radar,8,2,2,4,16,0,1,105,0,106,8,3,107,4,122,105,0,105,227
04/27/2020,FAI,AK,AAL,WE,Combined TRACON& Tower with Radar,12,5,10,5,32,0,31,88,6,125,12,36,98,11,157,70,0,70,227
04/28/2020,FAI,AK,AAL,WE,Combined TRACON& Tower with Radar,13,9,7,8,37,0,27,94,4,125,13,36,101,12,162,73,0,73,235
04/29/2020,FAI,AK,AAL,WE,Combined TRACON& Tower with Radar,12,10,14,8,44,0,42,55,7,104,12,52,69,15,148,59,3,62,210
04/30/2020,FAI,AK,AAL,WE,Combined TRACON& Tower with Radar,15,15,7,5,42,0,33,87,1,121,15,48,94,6,163,172,8,180,343
05/01/2020,FAI,AK,AAL,WE,Combined TRACON& Tower with Radar,12,5,12,2,31,0,33,138,3,174,12,38,150,5,205,172,0,172,377
05/02/2020,FAI,AK,AAL,WE,Combined TRACON& Tower with Radar,14,5,6,0,25,0,24,111,1,136,14,29,117,1,161,234,0,234,395
05/03/2020,FAI,AK,AAL,WE,Combined TRACON& Tower with Radar,10,5,2,0,17,0,4,63,2,69,10,9,65,2,86,82,0,82,168
05/04/2020,FAI,AK,AAL,WE,Combined TRACON& Tower with Radar,11,5,12,3,31,0,40,100,3,143,11,45,112,6,174,155,0,155,329
05/05/2020,FAI,AK,AAL,WE,Combined TRACON& Tower with Radar,12,14,15,2,43,0,30,129,1,160,12,44,144,3,203,188,0,188,391
05/06/2020,FAI,AK,AAL,WE,Combined TRACON& Tower with Radar,11,7,10,4,32,0,30,142,5,177,11,37,152,9,209,276,0,276,485
05/07/2020,FAI,AK,AAL,WE,Combined TRACON& Tower with Radar,18,12,12,10,52,0,43,121,1,165,18,55,133,11,217,242,0,242,459
05/08/2020,FAI,AK,AAL,WE,Combined TRACON& Tower with Radar,13,9,8,0,30,0,46,67,0,113,13,55,75,0,143,159,0,159,302
05/09/2020,FAI,AK,AAL,WE,Combined TRACON& Tower with Radar,10,10,9,3,32,0,28,131,0,159,10,38,140,3,191,294,0,294,485
05/10/2020,FAI,AK,AAL,WE,Combined TRACON& Tower with Radar,8,5,12,0,25,0,1,103,0,104,8,6,115,0,129,126,0,126,255
05/11/2020,FAI,AK,AAL,WE,Combined TRACON& Tower with Radar,13,3,16,2,34,0,36,118,3,157,13,39,134,5,191,194,1,195,386
05/12/2020,FAI,AK,AAL,WE,Combined TRACON& Tower with Radar,12,13,19,2,46,0,18,63,2,83,12,31,82,4,129,174,1,175,304
05/13/2020,FAI,AK,AAL,WE,Combined TRACON& Tower with Radar,16,10,16,0,42,0,20,65,1,86,16,30,81,1,128,64,0,64,192
05/14/2020,FAI,AK,AAL,WE,Combined TRACON& Tower with Radar,19,12,8,4,43,0,32,69,3,104,19,44,77,7,147,130,0,130,277
05/15/2020,FAI,AK,AAL,WE,Combined TRACON& Tower with Radar,14,11,21,1,47,0,38,191,1,230,14,49,212,2,277,214,0,214,491
05/16/2020,FAI,AK,AAL,WE,Combined TRACON& Tower with Radar,9,6,12,0,27,1,18,128,0,147,10,24,140,0,174,213,0,213,387
05/17/2020,FAI,AK,AAL,WE,Combined TRACON& Tower with Radar,8,5,7,2,22,0,10,184,0,194,8,15,191,2,216,310,0,310,526
05/18/2020,FAI,AK,AAL,WE,Combined TRACON& Tower with Radar,10,8,9,0,27,0,31,82,2,115,10,39,91,2,142,176,0,176,318
05/19/2020,FAI,AK,AAL,WE,Combined TRACON& Tower with Radar,15,19,12,0,46,0,35,120,3,158,15,54,132,3,204,256,5,261,465
05/20/2020,FAI,AK,AAL,WE,Combined TRACON& Tower with Radar,16,14,14,4,48,0,45,139,5,189,16,59,153,9,237,306,7,313,550
05/21/2020,FAI,AK,AAL,WE,Combined TRACON& Tower with Radar,20,15,13,3,51,0,38,177,0,215,20,53,190,3,266,265,0,265,531
05/22/2020,FAI,AK,AAL,WE,Combined TRACON& Tower with Radar,15,15,18,1,49,0,42,143,2,187,15,57,161,3,236,270,0,270,506
05/23/2020,FAI,AK,AAL,WE,Combined TRACON& Tower with Radar,12,9,4,1,26,0,23,161,0,184,12,32,165,1,210,246,0,246,456
05/24/2020,FAI,AK,AAL,WE,Combined TRACON& Tower with Radar,8,11,9,0,28,0,3,116,0,119,8,14,125,0,147,188,0,188,335
05/25/2020,FAI,AK,AAL,WE,Combined TRACON& Tower with Radar,8,3,4,0,15,0,2,30,1,33,8,5,34,1,48,36,0,36,84
05/26/2020,FAI,AK,AAL,WE,Combined TRACON& Tower with Radar,13,18,9,0,40,0,30,123,4,157,13,48,132,4,197,172,0,172,369
05/27/2020,FAI,AK,AAL,WE,Combined TRACON& Tower with Radar,12,15,25,0,52,0,36,126,3,165,12,51,151,3,217,258,0,258,475
05/28/2020,FAI,AK,AAL,WE,Combined TRACON& Tower with Radar,21,18,5,2,46,0,39,124,1,164,21,57,129,3,210,260,0,260,470
05/29/2020,FAI,AK,AAL,WE,Combined TRACON& Tower with Radar,15,16,24,0,55,0,41,143,2,186,15,57,167,2,241,240,0,240,481
05/30/2020,FAI,AK,AAL,WE,Combined TRACON& Tower with Radar,11,9,12,0,32,0,25,97,0,122,11,34,109,0,154,169,0,169,323
05/31/2020,FAI,AK,AAL,WE,Combined TRACON& Tower with Radar,8,0,5,0,13,0,5,140,2,147,8,5,145,2,160,120,0,120,280
06/01/2020,FAI,AK,AAL,WE,Combined TRACON& Tower with Radar,16,8,13,1,38,0,48,169,1,218,16,56,182,2,256,196,0,196,452
06/02/2020,FAI,AK,AAL,WE,Combined TRACON& Tower with Radar,17,4,15,0,36,0,32,133,1,166,17,36,148,1,202,182,0,182,384
06/03/2020,FAI,AK,AAL,WE,Combined TRACON& Tower with Radar,19,16,24,0,59,0,37,91,1,129,19,53,115,1,188,144,0,144,332
06/04/2020,FAI,AK,AAL,WE,Combined TRACON& Tower with Radar,20,20,21,0,61,0,32,105,0,137,20,52,126,0,198,229,0,229,427
06/05/2020,FAI,AK,AAL,WE,Combined TRACON& Tower with Radar,14,10,17,0,41,2,62,123,0,187,16,72,140,0,228,230,0,230,458
06/06/2020,FAI,AK,AAL,WE,Combined TRACON& Tower with Radar,14,6,9,0,29,4,34,166,0,204,18,40,175,0,233,186,0,186,419
06/07/2020,FAI,AK,AAL,WE,Combined TRACON& Tower with Radar,12,2,14,1,29,0,17,150,0,167,12,19,164,1,196,320,0,320,516
06/08/2020,FAI,AK,AAL,WE,Combined TRACON& Tower with Radar,18,4,12,3,37,0,45,120,1,166,18,49,132,4,203,214,0,214,417
06/09/2020,FAI,AK,AAL,WE,Combined TRACON& Tower with Radar,16,17,15,4,52,0,47,115,16,178,16,64,130,20,230,230,0,230,460
06/10/2020,FAI,AK,AAL,WE,Combined TRACON& Tower with Radar,14,21,10,2,47,0,57,160,14,231,14,78,170,16,278,329,0,329,607
06/11/2020,FAI,AK,AAL,WE,Combined TRACON& Tower with Radar,19,16,9,1,45,0,51,130,15,196,19,67,139,16,241,362,1,363,604
06/12/2020,FAI,AK,AAL,WE,Combined TRACON& Tower with Radar,18,13,16,2,49,7,48,161,10,226,25,61,177,12,275,128,0,128,403
06/13/2020,FAI,AK,AAL,WE,Combined TRACON& Tower with Radar,12,5,17,1,35,0,40,203,0,243,12,45,220,1,278,348,0,348,626
06/14/2020,FAI,AK,AAL,WE,Combined TRACON& Tower with Radar,12,10,15,1,38,2,11,91,0,104,14,21,106,1,142,202,0,202,344
06/15/2020,FAI,AK,AAL,WE,Combined TRACON& Tower with Radar,14,9,15,2,40,3,42,100,2,147,17,51,115,4,187,76,0,76,263
06/16/2020,FAI,AK,AAL,WE,Combined TRACON& Tower with Radar,18,8,11,3,40,0,36,121,2,159,18,44,132,5,199,244,0,244,443
06/17/2020,FAI,AK,AAL,WE,Combined TRACON& Tower with Radar,13,12,12,0,37,0,42,156,6,204,13,54,168,6,241,240,6,246,487
06/18/2020,FAI,AK,AAL,WE,Combined TRACON& Tower with Radar,20,12,9,1,42,4,54,131,12,201,24,66,140,13,243,222,4,226,469
06/19/2020,FAI,AK,AAL,WE,Combined TRACON& Tower with Radar,18,49,28,0,95,0,11,54,0,65,18,60,82,0,160,142,0,142,302
06/20/2020,FAI,AK,AAL,WE,Combined TRACON& Tower with Radar,12,2,18,0,32,0,29,107,0,136,12,31,125,0,168,187,0,187,355
06/21/2020,FAI,AK,AAL,WE,Combined TRACON& Tower with Radar,12,9,19,0,40,0,0,22,0,22,12,9,41,0,62,28,0,28,90
06/22/2020,FAI,AK,AAL,WE,Combined TRACON& Tower with Radar,17,35,21,6,79,0,10,11,0,21,17,45,32,6,100,4,0,4,104
06/23/2020,FAI,AK,AAL,WE,Combined TRACON& Tower with Radar,17,39,26,2,84,0,9,39,0,48,17,48,65,2,132,34,0,34,166
06/24/2020,FAI,AK,AAL,WE,Combined TRACON& Tower with Radar,15,18,21,4,58,0,29,99,8,136,15,47,120,12,194,166,2,168,362
06/25/2020,FAI,AK,AAL,WE,Combined TRACON& Tower with Radar,21,19,24,4,68,0,49,171,3,223,21,68,195,7,291,288,0,288,579
06/26/2020,FAI,AK,AAL,WE,Combined TRACON& Tower with Radar,19,6,12,1,38,2,46,180,5,233,21,52,192,6,271,192,0,192,463
06/27/2020,FAI,AK,AAL,WE,Combined TRACON& Tower with Radar,15,6,24,3,48,0,36,202,5,243,15,42,226,8,291,253,1,254,545
06/28/2020,FAI,AK,AAL,WE,Combined TRACON& Tower with Radar,12,9,6,0,27,0,0,121,0,121,12,9,127,0,148,160,0,160,308
06/29/2020,FAI,AK,AAL,WE,Combined TRACON& Tower with Radar,16,15,16,3,50,0,31,100,8,139,16,46,116,11,189,116,2,118,307
06/30/2020,FAI,AK,AAL,WE,Combined TRACON& Tower with Radar,18,17,16,2,53,0,42,175,0,217,18,59,191,2,270,151,2,153,423
07/01/2020,FAI,AK,AAL,WE,Combined TRACON& Tower with Radar,19,15,23,8,65,0,50,211,0,261,19,65,234,8,326,381,6,387,713
07/02/2020,FAI,AK,AAL,WE,Combined TRACON& Tower with Radar,20,16,14,4,54,0,55,115,1,171,20,71,129,5,225,228,0,228,453
07/03/2020,FAI,AK,AAL,WE,Combined TRACON& Tower with Radar,22,14,12,3,51,0,49,163,5,217,22,63,175,8,268,152,0,152,420
07/04/2020,FAI,AK,AAL,WE,Combined TRACON& Tower with Radar,12,0,14,4,30,0,2,136,0,138,12,2,150,4,168,90,0,90,258
07/05/2020,FAI,AK,AAL,WE,Combined TRACON& Tower with Radar,12,2,4,4,22,2,8,138,0,148,14,10,142,4,170,195,0,195,365
07/06/2020,FAI,AK,AAL,WE,Combined TRACON& Tower with Radar,12,7,13,12,44,1,49,138,1,189,13,56,151,13,233,126,0,126,359
07/07/2020,FAI,AK,AAL,WE,Combined TRACON& Tower with Radar,17,13,13,11,54,0,29,124,3,156,17,42,137,14,210,102,18,120,330
07/08/2020,FAI,AK,AAL,WE,Combined TRACON& Tower with Radar,16,49,19,0,84,0,19,84,3,106,16,68,103,3,190,152,0,152,342
07/09/2020,FAI,AK,AAL,WE,Combined TRACON& Tower with Radar,23,22,27,6,78,0,33,56,1,90,23,55,83,7,168,132,0,132,300
07/10/2020,FAI,AK,AAL,WE,Combined TRACON& Tower with Radar,15,7,24,5,51,0,48,108,2,158,15,55,132,7,209,177,2,179,388
07/11/2020,FAI,AK,AAL,WE,Combined TRACON& Tower with Radar,13,10,17,0,40,0,26,166,0,192,13,36,183,0,232,221,0,221,453
07/12/2020,FAI,AK,AAL,WE,Combined TRACON& Tower with Radar,12,8,15,0,35,0,8,143,0,151,12,16,158,0,186,194,0,194,380
07/13/2020,FAI,AK,AAL,WE,Combined TRACON& Tower with Radar,16,38,18,8,80,0,21,56,0,77,16,59,74,8,157,100,0,100,257
07/14/2020,FAI,AK,AAL,WE,Combined TRACON& Tower with Radar,18,10,7,12,47,0,43,134,0,177,18,53,141,12,224,144,0,144,368
07/15/2020,FAI,AK,AAL,WE,Combined TRACON& Tower with Radar,25,21,11,10,67,1,45,156,7,209,26,66,167,17,276,170,0,170,446
07/16/2020,FAI,AK,AAL,WE,Combined TRACON& Tower with Radar,18,29,16,3,66,0,28,111,2,141,18,57,127,5,207,160,0,160,367
07/17/2020,FAI,AK,AAL,WE,Combined TRACON& Tower with Radar,15,25,17,5,62,0,31,115,0,146,15,56,132,5,208,230,0,230,438
07/18/2020,FAI,AK,AAL,WE,Combined TRACON& Tower with Radar,13,18,7,0,38,0,19,70,0,89,13,37,77,0,127,118,0,118,245
07/19/2020,FAI,AK,AAL,WE,Combined TRACON& Tower with Radar,12,4,2,0,18,0,6,116,2,124,12,10,118,2,142,200,0,200,342
07/20/2020,FAI,AK,AAL,WE,Combined TRACON& Tower with Radar,15,8,15,8,46,0,48,118,1,167,15,56,133,9,213,143,0,143,356
07/21/2020,FAI,AK,AAL,WE,Combined TRACON& Tower with Radar,18,46,23,6,93,0,3,23,0,26,18,49,46,6,119,28,0,28,147
07/22/2020,FAI,AK,AAL,WE,Combined TRACON& Tower with Radar,13,30,31,1,75,0,35,98,1,134,13,65,129,2,209,124,2,126,335
07/23/2020,FAI,AK,AAL,WE,Combined TRACON& Tower with Radar,19,23,15,19,76,2,38,148,2,190,21,61,163,21,266,154,4,158,424
07/24/2020,FAI,AK,AAL,WE,Combined TRACON& Tower with Radar,15,25,19,4,63,0,37,116,0,153,15,62,135,4,216,138,0,138,354
07/25/2020,FAI,AK,AAL,WE,Combined TRACON& Tower with Radar,12,13,16,0,41,0,13,102,1,116,12,26,118,1,157,176,0,176,333
07/26/2020,FAI,AK,AAL,WE,Combined TRACON& Tower with Radar,14,4,6,0,24,0,20,143,0,163,14,24,149,0,187,222,0,222,409
07/27/2020,FAI,AK,AAL,WE,Combined TRACON& Tower with Radar,16,27,22,14,79,0,27,60,1,88,16,54,82,15,167,67,16,83,250
07/28/2020,FAI,AK,AAL,WE,Combined TRACON& Tower with Radar,18,30,14,9,71,0,40,96,4,140,18,70,110,13,211,170,14,184,395
07/29/2020,FAI,AK,AAL,WE,Combined TRACON& Tower with Radar,16,16,29,1,62,0,34,176,0,210,16,50,205,1,272,108,0,108,380
07/30/2020,FAI,AK,AAL,WE,Combined TRACON& Tower with Radar,18,15,13,7,53,0,50,176,2,228,18,65,189,9,281,150,0,150,431
07/31/2020,FAI,AK,AAL,WE,Combined TRACON& Tower with Radar,13,9,22,3,47,0,52,232,1,285,13,61,254,4,332,194,4,198,530
08/01/2020,FAI,AK,AAL,WE,Combined TRACON& Tower with Radar,16,6,11,0,33,0,29,199,1,229,16,35,210,1,262,198,0,198,460
08/02/2020,FAI,AK,AAL,WE,Combined TRACON& Tower with Radar,15,16,8,0,39,2,14,83,0,99,17,30,91,0,138,164,0,164,302
08/03/2020,FAI,AK,AAL,WE,Combined TRACON& Tower with Radar,17,39,22,4,82,0,14,45,1,60,17,53,67,5,142,36,0,36,178
08/04/2020,FAI,AK,AAL,WE,Combined TRACON& Tower with Radar,22,31,27,7,87,0,32,149,0,181,22,63,176,7,268,86,2,88,356
08/05/2020,FAI,AK,AAL,WE,Combined TRACON& Tower with Radar,17,17,18,0,52,0,47,178,0,225,17,64,196,0,277,168,0,168,445
08/06/2020,FAI,AK,AAL,WE,Combined TRACON& Tower with Radar,23,10,19,7,59,0,66,196,0,262,23,76,215,7,321,150,0,150,471
08/07/2020,FAI,AK,AAL,WE,Combined TRACON& Tower with Radar,21,8,17,2,48,0,61,195,1,257,21,69,212,3,305,186,0,186,491
08/08/2020,FAI,AK,AAL,WE,Combined TRACON& Tower with Radar,20,3,5,1,29,0,41,195,0,236,20,44,200,1,265,78,0,78,343
08/09/2020,FAI,AK,AAL,WE,Combined TRACON& Tower with Radar,18,5,6,0,29,0,41,147,1,189,18,46,153,1,218,80,0,80,298
08/10/2020,FAI,AK,AAL,WE,Combined TRACON& Tower with Radar,18,17,20,1,56,0,47,127,2,176,18,64,147,3,232,65,3,68,300
08/11/2020,FAI,AK,AAL,WE,Combined TRACON& Tower with Radar,20,21,21,15,77,0,39,104,6,149,20,60,125,21,226,80,8,88,314
08/12/2020,FAI,AK,AAL,WE,Combined TRACON& Tower with Radar,21,34,33,9,97,0,29,95,3,127,21,63,128,12,224,88,0,88,312
08/13/2020,FAI,AK,AAL,WE,Combined TRACON& Tower with Radar,25,43,15,9,92,0,29,135,1,165,25,72,150,10,257,108,18,126,383
08/14/2020,FAI,AK,AAL,WE,Combined TRACON& Tower with Radar,19,13,24,4,60,0,53,230,2,285,19,66,254,6,345,148,0,148,493
08/15/2020,FAI,AK,AAL,WE,Combined TRACON& Tower with Radar,16,11,14,0,41,0,49,195,1,245,16,60,209,1,286,286,0,286,572
08/16/2020,FAI,AK,AAL,WE,Combined TRACON& Tower with Radar,16,7,15,0,38,0,27,215,0,242,16,34,230,0,280,138,0,138,418
08/17/2020,FAI,AK,AAL,WE,Combined TRACON& Tower with Radar,18,2,10,4,34,0,50,158,14,222,18,52,168,18,256,104,0,104,360
08/18/2020,FAI,AK,AAL,WE,Combined TRACON& Tower with Radar,18,15,10,18,61,0,54,192,8,254,18,69,202,26,315,162,2,164,479
08/19/2020,FAI,AK,AAL,WE,Combined TRACON& Tower with Radar,18,11,15,3,47,0,62,167,13,242,18,73,182,16,289,290,2,292,581
08/20/2020,FAI,AK,AAL,WE,Combined TRACON& Tower with Radar,22,11,22,6,61,0,63,163,2,228,22,74,185,8,289,176,0,176,465
08/21/2020,FAI,AK,AAL,WE,Combined TRACON& Tower with Radar,19,27,22,6,74,0,43,173,14,230,19,70,195,20,304,126,0,126,430
08/22/2020,FAI,AK,AAL,WE,Combined TRACON& Tower with Radar,17,9,16,2,44,1,34,176,0,211,18,43,192,2,255,166,0,166,421
08/23/2020,FAI,AK,AAL,WE,Combined TRACON& Tower with Radar,17,5,16,1,39,0,22,156,0,178,17,27,172,1,217,118,0,118,335
08/24/2020,FAI,AK,AAL,WE,Combined TRACON& Tower with Radar,20,28,29,0,77,0,28,64,2,94,20,56,93,2,171,90,0,90,261
08/25/2020,FAI,AK,AAL,WE,Combined TRACON& Tower with Radar,21,46,22,4,93,0,22,72,0,94,21,68,94,4,187,34,1,35,222
08/26/2020,FAI,AK,AAL,WE,Combined TRACON& Tower with Radar,16,28,41,1,86,0,33,68,0,101,16,61,109,1,187,108,0,108,295
08/27/2020,FAI,AK,AAL,WE,Combined TRACON& Tower with Radar,28,12,16,4,60,0,45,140,0,185,28,57,156,4,245,174,1,175,420
08/28/2020,FAI,AK,AAL,WE,Combined TRACON& Tower with Radar,24,28,21,0,73,0,37,126,0,163,24,65,147,0,236,42,0,42,278
08/29/2020,FAI,AK,AAL,WE,Combined TRACON& Tower with Radar,17,19,16,1,53,0,36,180,0,216,17,55,196,1,269,190,0,190,459
08/30/2020,FAI,AK,AAL,WE,Combined TRACON& Tower with Radar,15,9,11,2,37,0,45,147,0,192,15,54,158,2,229,164,0,164,393
08/31/2020,FAI,AK,AAL,WE,Combined TRACON& Tower with Radar,22,15,17,1,55,0,50,167,0,217,22,65,184,1,272,104,0,104,376
09/01/2020,FAI,AK,AAL,WE,Combined TRACON& Tower with Radar,18,26,25,4,73,0,28,86,0,114,18,54,111,4,187,118,0,118,305
09/02/2020,FAI,AK,AAL,WE,Combined TRACON& Tower with Radar,23,18,23,13,77,0,46,127,1,174,23,64,150,14,251,192,8,200,451
09/03/2020,FAI,AK,AAL,WE,Combined TRACON& Tower with Radar,21,11,13,6,51,0,62,130,2,194,21,73,143,8,245,209,0,209,454
09/04/2020,FAI,AK,AAL,WE,Combined TRACON& Tower with Radar,23,39,32,0,94,0,26,71,1,98,23,65,103,1,192,28,0,28,220
09/05/2020,FAI,AK,AAL,WE,Combined TRACON& Tower with Radar,15,29,29,0,73,0,18,65,1,84,15,47,94,1,157,26,0,26,183
09/06/2020,FAI,AK,AAL,WE,Combined TRACON& Tower with Radar,16,7,16,0,39,0,25,223,3,251,16,32,239,3,290,119,0,119,409
09/07/2020,FAI,AK,AAL,WE,Combined TRACON& Tower with Radar,17,6,5,0,28,0,7,130,0,137,17,13,135,0,165,140,0,140,305
09/08/2020,FAI,AK,AAL,WE,Combined TRACON& Tower with Radar,19,31,22,2,74,0,46,109,0,155,19,77,131,2,229,116,3,119,348
09/09/2020,FAI,AK,AAL,WE,Combined TRACON& Tower with Radar,20,48,23,0,91,0,24,53,2,79,20,72,76,2,170,60,0,60,230
09/10/2020,FAI,AK,AAL,WE,Combined TRACON& Tower with Radar,18,30,30,9,87,0,33,116,3,152,18,63,146,12,239,22,10,32,271
09/11/2020,FAI,AK,AAL,WE,Combined TRACON& Tower with Radar,19,34,26,4,83,0,47,165,1,213,19,81,191,5,296,132,0,132,428
09/12/2020,FAI,AK,AAL,WE,Combined TRACON& Tower with Radar,16,8,16,2,42,0,50,193,0,243,16,58,209,2,285,262,0,262,547
09/13/2020,FAI,AK,AAL,WE,Combined TRACON& Tower with Radar,16,5,8,2,31,0,32,220,2,254,16,37,228,4,285,278,0,278,563
09/14/2020,FAI,AK,AAL,WE,Combined TRACON& Tower with Radar,18,8,19,10,55,0,54,196,6,256,18,62,215,16,311,109,2,111,422
09/15/2020,FAI,AK,AAL,WE,Combined TRACON& Tower with Radar,19,11,22,5,57,0,44,176,4,224,19,55,198,9,281,172,0,172,453
09/16/2020,FAI,AK,AAL,WE,Combined TRACON& Tower with Radar,18,28,28,9,83,0,56,192,8,256,18,84,220,17,339,155,10,165,504
09/17/2020,FAI,AK,AAL,WE,Combined TRACON& Tower with Radar,20,17,18,9,64,0,50,135,4,189,20,67,153,13,253,158,12,170,423
09/18/2020,FAI,AK,AAL,WE,Combined TRACON& Tower with Radar,19,22,16,6,63,0,53,161,2,216,19,75,177,8,279,110,4,114,393
09/19/2020,FAI,AK,AAL,WE,Combined TRACON& Tower with Radar,16,15,19,1,51,0,54,145,1,200,16,69,164,2,251,118,0,118,369
09/20/2020,FAI,AK,AAL,WE,Combined TRACON& Tower with Radar,16,13,19,5,53,0,23,186,0,209,16,36,205,5,262,124,0,124,386
09/21/2020,FAI,AK,AAL,WE,Combined TRACON& Tower with Radar,18,9,24,10,61,0,49,223,0,272,18,58,247,10,333,190,8,198,531
09/22/2020,FAI,AK,AAL,WE,Combined TRACON& Tower with Radar,22,16,17,3,58,0,52,218,0,270,22,68,235,3,328,260,2,262,590
09/23/2020,FAI,AK,AAL,WE,Combined TRACON& Tower with Radar,18,15,24,7,64,0,39,109,1,149,18,54,133,8,213,101,3,104,317
09/24/2020,FAI,AK,AAL,WE,Combined TRACON& Tower with Radar,17,38,27,15,97,0,21,28,1,50,17,59,55,16,147,0,8,8,155
09/25/2020,FAI,AK,AAL,WE,Combined TRACON& Tower with Radar,20,28,28,4,80,0,26,84,0,110,20,54,112,4,190,92,0,92,282
09/26/2020,FAI,AK,AAL,WE,Combined TRACON& Tower with Radar,15,17,11,0,43,0,55,145,1,201,15,72,156,1,244,166,0,166,410
09/27/2020,FAI,AK,AAL,WE,Combined TRACON& Tower with Radar,19,5,10,0,34,0,9,143,0,152,19,14,153,0,186,64,8,72,258
09/28/2020,FAI,AK,AAL,WE,Combined TRACON& Tower with Radar,18,9,7,4,38,0,39,101,4,144,18,48,108,8,182,156,2,158,340
09/29/2020,FAI,AK,AAL,WE,Combined TRACON& Tower with Radar,19,13,22,10,64,0,39,101,8,148,19,52,123,18,212,192,1,193,405
09/30/2020,FAI,AK,AAL,WE,Combined TRACON& Tower with Radar,19,16,20,10,65,1,44,76,5,126,20,60,96,15,191,124,18,142,333
10/01/2020,FAI,AK,AAL,WE,Combined TRACON& Tower with Radar,20,10,16,10,56,0,37,109,3,149,20,47,125,13,205,192,0,192,397
10/02/2020,FAI,AK,AAL,WE,Combined TRACON& Tower with Radar,21,15,10,5,51,0,38,78,1,117,21,53,88,6,168,54,0,54,222
10/03/2020,FAI,AK,AAL,WE,Combined TRACON& Tower with Radar,15,14,11,1,41,0,33,123,0,156,15,47,134,1,197,180,0,180,377
10/04/2020,FAI,AK,AAL,WE,Combined TRACON& Tower with Radar,16,5,13,2,36,0,2,173,3,178,16,7,186,5,214,228,0,228,442
10/05/2020,FAI,AK,AAL,WE,Combined TRACON& Tower with Radar,18,9,11,4,42,0,33,102,0,135,18,42,113,4,177,136,2,138,315
10/06/2020,FAI,AK,AAL,WE,Combined TRACON& Tower with Radar,16,44,10,0,70,0,1,4,0,5,16,45,14,0,75,4,0,4,79
10/07/2020,FAI,AK,AAL,WE,Combined TRACON& Tower with Radar,18,21,11,5,55,0,40,108,8,156,18,61,119,13,211,140,0,140,351
10/08/2020,FAI,AK,AAL,WE,Combined TRACON& Tower with Radar,23,16,9,8,56,0,36,129,1,166,23,52,138,9,222,108,1,109,331
10/09/2020,FAI,AK,AAL,WE,Combined TRACON& Tower with Radar,24,16,11,2,53,0,43,109,0,152,24,59,120,2,205,146,0,146,351
10/10/2020,FAI,AK,AAL,WE,Combined TRACON& Tower with Radar,14,5,12,0,31,0,30,152,0,182,14,35,164,0,213,94,0,94,307
10/11/2020,FAI,AK,AAL,WE,Combined TRACON& Tower with Radar,20,4,8,0,32,0,2,74,0,76,20,6,82,0,108,78,1,79,187
10/12/2020,FAI,AK,AAL,WE,Combined TRACON& Tower with Radar,22,8,7,1,38,0,40,74,0,114,22,48,81,1,152,77,0,77,229
10/13/2020,FAI,AK,AAL,WE,Combined TRACON& Tower with Radar,19,12,10,9,50,0,40,59,0,99,19,52,69,9,149,110,6,116,265
10/14/2020,FAI,AK,AAL,WE,Combined TRACON& Tower with Radar,21,27,23,7,78,0,35,38,1,74,21,62,61,8,152,70,6,76,228
10/15/2020,FAI,AK,AAL,WE,Combined TRACON& Tower with Radar,21,30,25,16,92,0,14,38,1,53,21,44,63,17,145,76,2,78,223
10/16/2020,FAI,AK,AAL,WE,Combined TRACON& Tower with Radar,19,8,15,2,44,0,50,86,10,146,19,58,101,12,190,80,0,80,270
10/17/2020,FAI,AK,AAL,WE,Combined TRACON& Tower with Radar,15,1,4,3,23,0,23,70,6,99,15,24,74,9,122,130,0,130,252
10/18/2020,FAI,AK,AAL,WE,Combined TRACON& Tower with Radar,16,5,12,1,34,0,10,65,6,81,16,15,77,7,115,64,0,64,179
10/19/2020,FAI,AK,AAL,WE,Combined TRACON& Tower with Radar,18,30,17,4,69,0,5,3,0,8,18,35,20,4,77,0,0,0,77
10/20/2020,FAI,AK,AAL,WE,Combined TRACON& Tower with Radar,20,22,12,2,56,0,41,13,1,55,20,63,25,3,111,14,0,14,125
10/21/2020,FAI,AK,AAL,WE,Combined TRACON& Tower with Radar,16,23,9,4,52,0,2,4,0,6,16,25,13,4,58,0,0,0,58
10/22/2020,FAI,AK,AAL,WE,Combined TRACON& Tower with Radar,24,19,13,14,70,0,57,88,2,147,24,76,101,16,217,100,0,100,317
10/23/2020,FAI,AK,AAL,WE,Combined TRACON& Tower with Radar,19,13,9,4,45,0,59,78,10,147,19,72,87,14,192,114,0,114,306
10/24/2020,FAI,AK,AAL,WE,Combined TRACON& Tower with Radar,15,13,6,0,34,0,22,90,0,112,15,35,96,0,146,150,0,150,296
10/25/2020,FAI,AK,AAL,WE,Combined TRACON& Tower with Radar,16,11,11,1,39,0,3,61,0,64,16,14,72,1,103,96,0,96,199
10/26/2020,FAI,AK,AAL,WE,Combined TRACON& Tower with Radar,20,27,12,0,59,0,2,2,0,4,20,29,14,0,63,0,0,0,63
10/27/2020,FAI,AK,AAL,WE,Combined TRACON& Tower with Radar,18,42,20,6,86,0,18,5,0,23,18,60,25,6,109,4,1,5,114
10/28/2020,FAI,AK,AAL,WE,Combined TRACON& Tower with Radar,21,41,20,4,86,0,26,12,0,38,21,67,32,4,124,8,0,8,132
10/29/2020,FAI,AK,AAL,WE,Combined TRACON& Tower with Radar,23,48,23,8,102,0,11,17,0,28,23,59,40,8,130,18,0,18,148
10/30/2020,FAI,AK,AAL,WE,Combined TRACON& Tower with Radar,20,36,34,2,92,0,17,28,0,45,20,53,62,2,137,60,0,60,197
10/31/2020,FAI,AK,AAL,WE,Combined TRACON& Tower with Radar,15,34,2,0,51,0,7,2,0,9,15,41,4,0,60,12,0,12,72
11/01/2020,FAI,AK,AAL,WE,Combined TRACON& Tower with Radar,18,13,16,0,47,0,11,42,0,53,18,24,58,0,100,28,0,28,128
11/02/2020,FAI,AK,AAL,WE,Combined TRACON& Tower with Radar,22,28,11,4,65,0,24,20,0,44,22,52,31,4,109,34,0,34,143
11/03/2020,FAI,AK,AAL,WE,Combined TRACON& Tower with Radar,17,7,8,6,38,0,39,44,4,87,17,46,52,10,125,26,4,30,155
11/04/2020,FAI,AK,AAL,WE,Combined TRACON& Tower with Radar,20,21,7,3,51,0,43,50,0,93,20,64,57,3,144,2,0,2,146
11/05/2020,FAI,AK,AAL,WE,Combined TRACON& Tower with Radar,18,9,12,7,46,0,40,56,14,110,18,49,68,21,156,44,0,44,200
11/06/2020,FAI,AK,AAL,WE,Combined TRACON& Tower with Radar,18,24,11,0,53,0,2,10,0,12,18,26,21,0,65,30,0,30,95
11/07/2020,FAI,AK,AAL,WE,Combined TRACON& Tower with Radar,15,14,0,0,29,0,26,2,0,28,15,40,2,0,57,0,0,0,57
11/08/2020,FAI,AK,AAL,WE,Combined TRACON& Tower with Radar,16,6,2,0,24,0,6,0,0,6,16,12,2,0,30,0,0,0,30
11/09/2020,FAI,AK,AAL,WE,Combined TRACON& Tower with Radar,21,35,14,2,72,0,14,9,0,23,21,49,23,2,95,3,1,4,99
11/10/2020,FAI,AK,AAL,WE,Combined TRACON& Tower with Radar,20,39,14,6,79,0,23,11,2,36,20,62,25,8,115,10,3,13,128
11/11/2020,FAI,AK,AAL,WE,Combined TRACON& Tower with Radar,19,20,11,0,50,0,30,82,0,112,19,50,93,0,162,58,0,58,220
11/12/2020,FAI,AK,AAL,WE,Combined TRACON& Tower with Radar,19,23,14,7,63,0,30,55,2,87,19,53,69,9,150,88,0,88,238
11/13/2020,FAI,AK,AAL,WE,Combined TRACON& Tower with Radar,21,32,17,0,70,0,26,45,1,72,21,58,62,1,142,40,6,46,188
11/14/2020,FAI,AK,AAL,WE,Combined TRACON& Tower with Radar,14,14,4,0,32,0,19,38,0,57,14,33,42,0,89,92,0,92,181
11/15/2020,FAI,AK,AAL,WE,Combined TRACON& Tower with Radar,16,8,0,0,24,0,9,17,0,26,16,17,17,0,50,34,0,34,84
11/16/2020,FAI,AK,AAL,WE,Combined TRACON& Tower with Radar,20,16,18,3,57,0,36,46,0,82,20,52,64,3,139,32,2,34,173
11/17/2020,FAI,AK,AAL,WE,Combined TRACON& Tower with Radar,16,15,9,5,45,0,39,59,7,105,16,54,68,12,150,30,0,30,180
11/18/2020,FAI,AK,AAL,WE,Combined TRACON& Tower with Radar,19,19,12,9,59,0,32,74,11,117,19,51,86,20,176,36,0,36,212
11/19/2020,FAI,AK,AAL,WE,Combined TRACON& Tower with Radar,20,18,15,8,61,0,36,62,3,101,20,54,77,11,162,38,2,40,202
11/20/2020,FAI,AK,AAL,WE,Combined TRACON& Tower with Radar,17,13,10,0,40,0,51,69,0,120,17,64,79,0,160,44,0,44,204
11/21/2020,FAI,AK,AAL,WE,Combined TRACON& Tower with Radar,19,11,4,0,34,0,30,43,0,73,19,41,47,0,107,50,0,50,157
11/22/2020,FAI,AK,AAL,WE,Combined TRACON& Tower with Radar,17,5,8,0,30,0,11,61,0,72,17,16,69,0,102,68,0,68,170
11/23/2020,FAI,AK,AAL,WE,Combined TRACON& Tower with Radar,22,4,7,5,38,0,40,57,5,102,22,44,64,10,140,28,10,38,178
11/24/2020,FAI,AK,AAL,WE,Combined TRACON& Tower with Radar,18,28,17,5,68,0,31,60,2,93,18,59,77,7,161,30,8,38,199
11/25/2020,FAI,AK,AAL,WE,Combined TRACON& Tower with Radar,20,25,8,1,54,0,54,59,1,114,20,79,67,2,168,54,3,57,225
11/26/2020,FAI,AK,AAL,WE,Combined TRACON& Tower with Radar,12,8,0,4,24,0,2,4,0,6,12,10,4,4,30,2,0,2,32
11/27/2020,FAI,AK,AAL,WE,Combined TRACON& Tower with Radar,18,13,7,0,38,0,34,41,0,75,18,47,48,0,113,34,0,34,147
11/28/2020,FAI,AK,AAL,WE,Combined TRACON& Tower with Radar,21,9,8,0,38,0,25,43,0,68,21,34,51,0,106,72,0,72,178
11/29/2020,FAI,AK,AAL,WE,Combined TRACON& Tower with Radar,19,4,2,0,25,0,3,25,0,28,19,7,27,0,53,16,0,16,69
11/30/2020,FAI,AK,AAL,WE,Combined TRACON& Tower with Radar,20,19,7,7,53,0,49,35,2,86,20,68,42,9,139,40,0,40,179
12/01/2020,FAI,AK,AAL,WE,Combined TRACON& Tower with Radar,24,16,5,7,52,0,36,27,6,69,24,52,32,13,121,42,0,42,163
12/02/2020,FAI,AK,AAL,WE,Combined TRACON& Tower with Radar,22,27,6,13,68,0,25,43,3,71,22,52,49,16,139,40,0,40,179
12/03/2020,FAI,AK,AAL,WE,Combined TRACON& Tower with Radar,17,35,14,13,79,0,22,13,4,39,17,57,27,17,118,16,4,20,138
12/04/2020,FAI,AK,AAL,WE,Combined TRACON& Tower with Radar,20,26,17,6,69,0,48,31,0,79,20,74,48,6,148,6,0,6,154
12/05/2020,FAI,AK,AAL,WE,Combined TRACON& Tower with Radar,18,30,5,0,53,0,10,40,1,51,18,40,45,1,104,53,2,55,159
12/06/2020,FAI,AK,AAL,WE,Combined TRACON& Tower with Radar,17,6,2,4,29,0,13,47,0,60,17,19,49,4,89,36,0,36,125
12/07/2020,FAI,AK,AAL,WE,Combined TRACON& Tower with Radar,20,16,11,9,56,0,40,32,8,80,20,56,43,17,136,50,6,56,192
12/08/2020,FAI,AK,AAL,WE,Combined TRACON& Tower with Radar,20,32,13,8,73,0,30,13,0,43,20,62,26,8,116,38,4,42,158
12/09/2020,FAI,AK,AAL,WE,Combined TRACON& Tower with Radar,18,37,20,6,81,0,39,60,2,101,18,76,80,8,182,40,0,40,222
12/10/2020,FAI,AK,AAL,WE,Combined TRACON& Tower with Radar,18,30,22,7,77,0,17,13,0,30,18,47,35,7,107,32,0,32,139
12/11/2020,FAI,AK,AAL,WE,Combined TRACON& Tower with Radar,21,14,15,5,55,0,41,41,2,84,21,55,56,7,139,12,0,12,151
12/12/2020,FAI,AK,AAL,WE,Combined TRACON& Tower with Radar,18,8,5,0,31,0,24,27,0,51,18,32,32,0,82,12,0,12,94
12/13/2020,FAI,AK,AAL,WE,Combined TRACON& Tower with Radar,17,5,2,1,25,0,20,36,0,56,17,25,38,1,81,68,1,69,150
12/14/2020,FAI,AK,AAL,WE,Combined TRACON& Tower with Radar,17,27,16,1,61,0,17,10,0,27,17,44,26,1,88,0,0,0,88
12/15/2020,FAI,AK,AAL,WE,Combined TRACON& Tower with Radar,20,23,12,14,69,0,36,53,1,90,20,59,65,15,159,29,12,41,200
12/16/2020,FAI,AK,AAL,WE,Combined TRACON& Tower with Radar,22,32,13,6,73,0,41,38,5,84,22,73,51,11,157,66,0,66,223
12/17/2020,FAI,AK,AAL,WE,Combined TRACON& Tower with Radar,18,18,13,11,60,0,38,26,8,72,18,56,39,19,132,22,4,26,158
12/18/2020,FAI,AK,AAL,WE,Combined TRACON& Tower with Radar,18,23,14,2,57,0,42,40,1,83,18,65,54,3,140,2,0,2,142
12/19/2020,FAI,AK,AAL,WE,Combined TRACON& Tower with Radar,24,19,9,0,52,0,27,36,0,63,24,46,45,0,115,12,0,12,127
12/20/2020,FAI,AK,AAL,WE,Combined TRACON& Tower with Radar,16,20,0,0,36,0,16,17,0,33,16,36,17,0,69,14,0,14,83
12/21/2020,FAI,AK,AAL,WE,Combined TRACON& Tower with Radar,17,14,12,5,48,0,43,30,12,85,17,57,42,17,133,48,4,52,185
12/22/2020,FAI,AK,AAL,WE,Combined TRACON& Tower with Radar,20,22,12,0,54,0,41,35,7,83,20,63,47,7,137,14,1,15,152
12/23/2020,FAI,AK,AAL,WE,Combined TRACON& Tower with Radar,20,54,14,5,93,0,13,14,5,32,20,67,28,10,125,18,0,18,143
12/24/2020,FAI,AK,AAL,WE,Combined TRACON& Tower with Radar,16,17,19,4,56,0,26,72,4,102,16,43,91,8,158,58,0,58,216
12/25/2020,FAI,AK,AAL,WE,Combined TRACON& Tower with Radar,12,3,2,0,17,0,0,9,0,9,12,3,11,0,26,0,0,0,26
12/26/2020,FAI,AK,AAL,WE,Combined TRACON& Tower with Radar,17,7,7,0,31,0,16,50,0,66,17,23,57,0,97,40,0,40,137
12/27/2020,FAI,AK,AAL,WE,Combined TRACON& Tower with Radar,16,5,5,0,26,0,2,49,0,51,16,7,54,0,77,36,0,36,113
12/28/2020,FAI,AK,AAL,WE,Combined TRACON& Tower with Radar,18,8,8,6,40,0,33,33,1,67,18,41,41,7,107,24,0,24,131
12/29/2020,FAI,AK,AAL,WE,Combined TRACON& Tower with Radar,18,24,16,13,71,0,32,51,1,84,18,56,67,14,155,54,0,54,209
12/30/2020,FAI,AK,AAL,WE,Combined TRACON& Tower with Radar,20,21,15,6,62,0,27,39,0,66,20,48,54,6,128,36,2,38,166
12/31/2020,FAI,AK,AAL,WE,Combined TRACON& Tower with Radar,15,14,11,2,42,0,27,49,0,76,15,41,60,2,118,62,0,62,180
01/01/2021,FAI,AK,AAL,WE,Combined TRACON& Tower with Radar,15,8,6,0,29,0,1,32,0,33,15,9,38,0,62,6,0,6,68
01/02/2021,FAI,AK,AAL,WE,Combined TRACON& Tower with Radar,14,23,4,0,41,0,22,13,0,35,14,45,17,0,76,30,0,30,106
01/03/2021,FAI,AK,AAL,WE,Combined TRACON& Tower with Radar,18,8,6,0,32,0,7,14,0,21,18,15,20,0,53,48,0,48,101
01/04/2021,FAI,AK,AAL,WE,Combined TRACON& Tower with Radar,18,24,12,2,56,0,37,17,2,56,18,61,29,4,112,2,0,2,114
01/05/2021,FAI,AK,AAL,WE,Combined TRACON& Tower with Radar,19,15,9,9,52,0,28,38,2,68,19,43,47,11,120,12,0,12,132
01/06/2021,FAI,AK,AAL,WE,Combined TRACON& Tower with Radar,20,27,21,3,71,0,39,32,0,71,20,66,53,3,142,24,4,28,170
01/07/2021,FAI,AK,AAL,WE,Combined TRACON& Tower with Radar,20,13,10,6,49,0,34,44,2,80,20,47,54,8,129,42,6,48,177
01/08/2021,FAI,AK,AAL,WE,Combined TRACON& Tower with Radar,16,21,11,4,52,0,46,47,2,95,16,67,58,6,147,28,14,42,189
01/09/2021,FAI,AK,AAL,WE,Combined TRACON& Tower with Radar,18,9,15,0,42,0,29,54,0,83,18,38,69,0,125,114,0,114,239
01/10/2021,FAI,AK,AAL,WE,Combined TRACON& Tower with Radar,14,5,2,0,21,0,13,53,0,66,14,18,55,0,87,116,0,116,203
01/11/2021,FAI,AK,AAL,WE,Combined TRACON& Tower with Radar,17,14,11,13,55,0,33,27,3,63,17,47,38,16,118,42,14,56,174
01/12/2021,FAI,AK,AAL,WE,Combined TRACON& Tower with Radar,17,20,15,10,62,0,44,32,6,82,17,64,47,16,144,32,4,36,180
01/13/2021,FAI,AK,AAL,WE,Combined TRACON& Tower with Radar,18,26,24,13,81,0,52,44,6,102,18,78,68,19,183,70,0,70,253
01/14/2021,FAI,AK,AAL,WE,Combined TRACON& Tower with Radar,22,12,15,10,59,0,31,53,7,91,22,43,68,17,150,58,0,58,208
01/15/2021,FAI,AK,AAL,WE,Combined TRACON& Tower with Radar,18,15,13,0,46,0,35,47,0,82,18,50,60,0,128,40,0,40,168
01/16/2021,FAI,AK,AAL,WE,Combined TRACON& Tower with Radar,18,8,19,0,45,0,26,76,1,103,18,34,95,1,148,32,0,32,180
01/17/2021,FAI,AK,AAL,WE,Combined TRACON& Tower with Radar,16,6,13,0,35,0,12,84,0,96,16,18,97,0,131,44,0,44,175
01/18/2021,FAI,AK,AAL,WE,Combined TRACON& Tower with Radar,22,13,7,0,42,0,34,29,0,63,22,47,36,0,105,112,0,112,217
01/19/2021,FAI,AK,AAL,WE,Combined TRACON& Tower with Radar,17,39,35,4,95,0,16,20,1,37,17,55,55,5,132,28,10,38,170
01/20/2021,FAI,AK,AAL,WE,Combined TRACON& Tower with Radar,21,23,19,4,67,0,38,70,0,108,21,61,89,4,175,52,2,54,229
01/21/2021,FAI,AK,AAL,WE,Combined TRACON& Tower with Radar,19,21,14,10,64,0,45,54,1,100,19,66,68,11,164,38,16,54,218
01/22/2021,FAI,AK,AAL,WE,Combined TRACON& Tower with Radar,21,15,15,5,56,0,37,69,7,113,21,52,84,12,169,84,0,84,253
01/23/2021,FAI,AK,AAL,WE,Combined TRACON& Tower with Radar,18,16,9,2,45,0,26,80,0,106,18,42,89,2,151,113,8,121,272
01/24/2021,FAI,AK,AAL,WE,Combined TRACON& Tower with Radar,15,16,3,0,34,0,1,1,0,2,15,17,4,0,36,0,0,0,36
01/25/2021,FAI,AK,AAL,WE,Combined TRACON& Tower with Radar,17,10,8,13,48,0,44,55,2,101,17,54,63,15,149,32,4,36,185
01/26/2021,FAI,AK,AAL,WE,Combined TRACON& Tower with Radar,18,32,12,5,67,0,24,22,0,46,18,56,34,5,113,2,0,2,115
01/27/2021,FAI,AK,AAL,WE,Combined TRACON& Tower with Radar,19,16,8,3,46,0,43,44,2,89,19,59,52,5,135,20,0,20,155
01/28/2021,FAI,AK,AAL,WE,Combined TRACON& Tower with Radar,19,16,17,8,60,0,32,54,14,100,19,48,71,22,160,30,0,30,190
01/29/2021,FAI,AK,AAL,WE,Combined TRACON& Tower with Radar,23,9,17,2,51,0,30,59,0,89,23,39,76,2,140,84,0,84,224
01/30/2021,FAI,AK,AAL,WE,Combined TRACON& Tower with Radar,17,18,3,0,38,0,14,13,0,27,17,32,16,0,65,46,0,46,111
01/31/2021,FAI,AK,AAL,WE,Combined TRACON& Tower with Radar,17,8,7,0,32,0,7,13,0,20,17,15,20,0,52,20,0,20,72
02/01/2021,FAI,AK,AAL,WE,Combined TRACON& Tower with Radar,17,2,8,2,29,0,42,39,0,81,17,44,47,2,110,17,0,17,127
02/02/2021,FAI,AK,AAL,WE,Combined TRACON& Tower with Radar,18,16,6,2,42,0,40,25,1,66,18,56,31,3,108,4,0,4,112
02/03/2021,FAI,AK,AAL,WE,Combined TRACON& Tower with Radar,17,35,20,0,72,0,17,11,0,28,17,52,31,0,100,0,0,0,100
02/04/2021,FAI,AK,AAL,WE,Combined TRACON& Tower with Radar,18,16,8,2,44,0,41,34,0,75,18,57,42,2,119,6,0,6,125
02/05/2021,FAI,AK,AAL,WE,Combined TRACON& Tower with Radar,18,13,12,2,45,0,31,36,0,67,18,44,48,2,112,6,0,6,118
02/06/2021,FAI,AK,AAL,WE,Combined TRACON& Tower with Radar,16,28,1,0,45,0,3,0,0,3,16,31,1,0,48,0,0,0,48
02/07/2021,FAI,AK,AAL,WE,Combined TRACON& Tower with Radar,17,5,5,1,28,0,6,26,3,35,17,11,31,4,63,6,0,6,69
02/08/2021,FAI,AK,AAL,WE,Combined TRACON& Tower with Radar,21,13,4,0,38,0,40,35,0,75,21,53,39,0,113,0,0,0,113
02/09/2021,FAI,AK,AAL,WE,Combined TRACON& Tower with Radar,18,14,8,4,44,0,35,23,0,58,18,49,31,4,102,0,0,0,102
02/10/2021,FAI,AK,AAL,WE,Combined TRACON& Tower with Radar,20,17,12,3,52,0,37,56,3,96,20,54,68,6,148,30,0,30,178
02/11/2021,FAI,AK,AAL,WE,Combined TRACON& Tower with Radar,25,13,15,9,62,0,31,56,0,87,25,44,71,9,149,72,0,72,221
02/12/2021,FAI,AK,AAL,WE,Combined TRACON& Tower with Radar,18,14,22,3,57,0,38,93,4,135,18,52,115,7,192,64,0,64,256
02/13/2021,FAI,AK,AAL,WE,Combined TRACON& Tower with Radar,13,12,18,2,45,0,20,82,4,106,13,32,100,6,151,30,0,30,181
02/14/2021,FAI,AK,AAL,WE,Combined TRACON& Tower with Radar,14,11,9,1,35,0,0,71,0,71,14,11,80,1,106,90,0,90,196
02/15/2021,FAI,AK,AAL,WE,Combined TRACON& Tower with Radar,19,12,22,0,53,0,43,58,2,103,19,55,80,2,156,102,0,102,258
02/16/2021,FAI,AK,AAL,WE,Combined TRACON& Tower with Radar,18,29,23,2,72,0,2,12,0,14,18,31,35,2,86,0,0,0,86
02/17/2021,FAI,AK,AAL,WE,Combined TRACON& Tower with Radar,18,17,21,2,58,0,43,50,0,93,18,60,71,2,151,54,0,54,205
02/18/2021,FAI,AK,AAL,WE,Combined TRACON& Tower with Radar,22,33,18,8,81,0,12,2,2,16,22,45,20,10,97,0,4,4,101
02/19/2021,FAI,AK,AAL,WE,Combined TRACON& Tower with Radar,19,26,24,6,75,0,28,16,0,44,19,54,40,6,119,6,2,8,127
02/20/2021,FAI,AK,AAL,WE,Combined TRACON& Tower with Radar,20,8,2,0,30,0,22,20,0,42,20,30,22,0,72,64,0,64,136
02/21/2021,FAI,AK,AAL,WE,Combined TRACON& Tower with Radar,15,7,6,0,28,0,6,28,0,34,15,13,34,0,62,28,0,28,90
02/22/2021,FAI,AK,AAL,WE,Combined TRACON& Tower with Radar,22,9,3,2,36,0,40,27,0,67,22,49,30,2,103,31,0,31,134
02/23/2021,FAI,AK,AAL,WE,Combined TRACON& Tower with Radar,18,15,11,3,47,0,35,26,0,61,18,50,37,3,108,26,0,26,134
02/24/2021,FAI,AK,AAL,WE,Combined TRACON& Tower with Radar,20,27,20,7,74,0,30,15,7,52,20,57,35,14,126,95,2,97,223
02/25/2021,FAI,AK,AAL,WE,Combined TRACON& Tower with Radar,20,25,18,9,72,0,15,12,1,28,20,40,30,10,100,12,0,12,112
02/26/2021,FAI,AK,AAL,WE,Combined TRACON& Tower with Radar,20,43,22,0,85,0,9,6,0,15,20,52,28,0,100,10,2,12,112
02/27/2021,FAI,AK,AAL,WE,Combined TRACON& Tower with Radar,15,18,9,0,42,0,16,22,0,38,15,34,31,0,80,24,0,24,104
02/28/2021,FAI,AK,AAL,WE,Combined TRACON& Tower with Radar,15,13,4,0,32,0,3,9,0,12,15,16,13,0,44,0,0,0,44
03/01/2021,FAI,AK,AAL,WE,Combined TRACON& Tower with Radar,20,32,19,6,77,0,21,8,0,29,20,53,27,6,106,2,0,2,108
03/02/2021,FAI,AK,AAL,WE,Combined TRACON& Tower with Radar,21,23,13,5,62,0,33,56,2,91,21,56,69,7,153,90,0,90,243
03/03/2021,FAI,AK,AAL,WE,Combined TRACON& Tower with Radar,18,29,19,4,70,0,37,42,2,81,18,66,61,6,151,118,0,118,269
03/04/2021,FAI,AK,AAL,WE,Combined TRACON& Tower with Radar,23,14,21,6,64,0,42,113,5,160,23,56,134,11,224,136,0,136,360
03/05/2021,FAI,AK,AAL,WE,Combined TRACON& Tower with Radar,20,14,15,0,49,0,43,64,0,107,20,57,79,0,156,102,0,102,258
03/06/2021,FAI,AK,AAL,WE,Combined TRACON& Tower with Radar,17,4,13,0,34,0,20,53,0,73,17,24,66,0,107,96,0,96,203
03/07/2021,FAI,AK,AAL,WE,Combined TRACON& Tower with Radar,16,5,11,0,32,0,2,52,0,54,16,7,63,0,86,103,0,103,189
03/08/2021,FAI,AK,AAL,WE,Combined TRACON& Tower with Radar,14,6,9,2,31,0,56,93,0,149,14,62,102,2,180,110,1,111,291
03/09/2021,FAI,AK,AAL,WE,Combined TRACON& Tower with Radar,20,31,19,7,77,0,30,35,0,65,20,61,54,7,142,122,0,122,264
03/10/2021,FAI,AK,AAL,WE,Combined TRACON& Tower with Radar,20,43,15,1,79,0,1,0,0,1,20,44,15,1,80,0,0,0,80
03/11/2021,FAI,AK,AAL,WE,Combined TRACON& Tower with Radar,23,14,22,15,74,0,36,31,5,72,23,50,53,20,146,48,16,64,210
03/12/2021,FAI,AK,AAL,WE,Combined TRACON& Tower with Radar,17,14,14,1,46,0,44,65,1,110,17,58,79,2,156,20,0,20,176
03/13/2021,FAI,AK,AAL,WE,Combined TRACON& Tower with Radar,17,10,9,1,37,0,29,64,0,93,17,39,73,1,130,50,0,50,180
03/14/2021,FAI,AK,AAL,WE,Combined TRACON& Tower with Radar,16,6,16,0,38,0,17,80,0,97,16,23,96,0,135,98,3,101,236
03/15/2021,FAI,AK,AAL,WE,Combined TRACON& Tower with Radar,17,11,9,2,39,0,50,52,0,102,17,61,61,2,141,114,0,114,255
03/16/2021,FAI,AK,AAL,WE,Combined TRACON& Tower with Radar,21,28,30,5,84,0,45,53,2,100,21,73,83,7,184,116,0,116,300
03/17/2021,FAI,AK,AAL,WE,Combined TRACON& Tower with Radar,18,27,19,5,69,0,47,60,4,111,18,74,79,9,180,82,6,88,268
03/18/2021,FAI,AK,AAL,WE,Combined TRACON& Tower with Radar,22,11,11,6,50,0,67,49,4,120,22,78,60,10,170,117,10,127,297
03/19/2021,FAI,AK,AAL,WE,Combined TRACON& Tower with Radar,21,22,17,2,62,0,51,107,0,158,21,73,124,2,220,128,0,128,348
03/20/2021,FAI,AK,AAL,WE,Combined TRACON& Tower with Radar,18,7,13,0,38,0,25,96,0,121,18,32,109,0,159,136,0,136,295
03/21/2021,FAI,AK,AAL,WE,Combined TRACON& Tower with Radar,18,6,13,0,37,0,10,144,0,154,18,16,157,0,191,236,0,236,427
03/22/2021,FAI,AK,AAL,WE,Combined TRACON& Tower with Radar,19,16,13,4,52,0,43,92,6,141,19,59,105,10,193,78,4,82,275
03/23/2021,FAI,AK,AAL,WE,Combined TRACON& Tower with Radar,21,21,29,6,77,0,30,42,0,72,21,51,71,6,149,60,4,64,213
03/24/2021,FAI,AK,AAL,WE,Combined TRACON& Tower with Radar,22,60,24,0,106,0,7,6,0,13,22,67,30,0,119,72,0,72,191
03/25/2021,FAI,AK,AAL,WE,Combined TRACON& Tower with Radar,26,51,26,8,111,0,20,6,2,28,26,71,32,10,139,0,2,2,141
03/26/2021,FAI,AK,AAL,WE,Combined TRACON& Tower with Radar,21,35,31,4,91,0,33,29,0,62,21,68,60,4,153,70,0,70,223
03/27/2021,FAI,AK,AAL,WE,Combined TRACON& Tower with Radar,23,18,12,0,53,0,22,64,0,86,23,40,76,0,139,60,0,60,199
03/28/2021,FAI,AK,AAL,WE,Combined TRACON& Tower with Radar,20,6,5,0,31,0,7,100,0,107,20,13,105,0,138,118,0,118,256
03/29/2021,FAI,AK,AAL,WE,Combined TRACON& Tower with Radar,25,29,12,1,67,0,23,15,0,38,25,52,27,1,105,36,0,36,141
03/30/2021,FAI,AK,AAL,WE,Combined TRACON& Tower with Radar,26,27,22,6,81,0,40,38,4,82,26,67,60,10,163,136,4,140,303
03/31/2021,FAI,AK,AAL,WE,Combined TRACON& Tower with Radar,23,44,22,4,93,0,24,23,2,49,23,68,45,6,142,90,0,90,232
04/01/2021,FAI,AK,AAL,WE,Combined TRACON& Tower with Radar,26,25,17,4,72,0,37,34,2,73,26,62,51,6,145,28,1,29,174
04/02/2021,FAI,AK,AAL,WE,Combined TRACON& Tower with Radar,23,24,20,6,73,0,43,48,0,91,23,67,68,6,164,36,4,40,204
04/03/2021,FAI,AK,AAL,WE,Combined TRACON& Tower with Radar,19,33,0,0,52,0,0,0,0,0,19,33,0,0,52,0,0,0,52
04/04/2021,FAI,AK,AAL,WE,Combined TRACON& Tower with Radar,19,5,7,0,31,0,0,0,0,0,19,5,7,0,31,0,0,0,31
04/05/2021,FAI,AK,AAL,WE,Combined TRACON& Tower with Radar,25,35,21,2,83,0,30,9,2,41,25,65,30,4,124,0,0,0,124
04/06/2021,FAI,AK,AAL,WE,Combined TRACON& Tower with Radar,24,11,9,10,54,0,48,84,0,132,24,59,93,10,186,108,0,108,294
04/07/2021,FAI,AK,AAL,WE,Combined TRACON& Tower with Radar,24,16,19,1,60,0,59,99,1,159,24,75,118,2,219,114,0,114,333
04/08/2021,FAI,AK,AAL,WE,Combined TRACON& Tower with Radar,30,17,11,2,60,0,37,46,2,85,30,54,57,4,145,52,0,52,197
04/09/2021,FAI,AK,AAL,WE,Combined TRACON& Tower with Radar,23,11,21,2,57,0,44,64,0,108,23,55,85,2,165,66,0,66,231
04/10/2021,FAI,AK,AAL,WE,Combined TRACON& Tower with Radar,23,3,12,0,38,0,26,76,1,103,23,29,88,1,141,96,0,96,237
04/11/2021,FAI,AK,AAL,WE,Combined TRACON& Tower with Radar,21,4,13,1,39,0,6,47,1,54,21,10,60,2,93,130,6,136,229
04/12/2021,FAI,AK,AAL,WE,Combined TRACON& Tower with Radar,25,9,20,0,54,0,42,93,0,135,25,51,113,0,189,186,2,188,377
04/13/2021,FAI,AK,AAL,WE,Combined TRACON& Tower with Radar,24,15,22,7,68,0,35,92,1,128,24,50,114,8,196,203,2,205,401
04/14/2021,FAI,AK,AAL,WE,Combined TRACON& Tower with Radar,25,18,25,1,69,0,47,69,9,125,25,65,94,10,194,110,4,114,308
04/15/2021,FAI,AK,AAL,WE,Combined TRACON& Tower with Radar,28,18,11,8,65,0,45,94,18,157,28,63,105,26,222,181,16,197,419
04/16/2021,FAI,AK,AAL,WE,Combined TRACON& Tower with Radar,24,8,14,1,47,0,53,100,2,155,24,61,114,3,202,134,0,134,336
04/17/2021,FAI,AK,AAL,WE,Combined TRACON& Tower with Radar,19,9,7,0,35,0,24,125,0,149,19,33,132,0,184,186,0,186,370
04/18/2021,FAI,AK,AAL,WE,Combined TRACON& Tower with Radar,24,9,4,0,37,0,5,97,2,104,24,14,101,2,141,96,0,96,237
04/19/2021,FAI,AK,AAL,WE,Combined TRACON& Tower with Radar,22,3,11,2,38,0,48,83,3,134,22,51,94,5,172,213,2,215,387
04/20/2021,FAI,AK,AAL,WE,Combined TRACON& Tower with Radar,24,8,14,7,53,0,38,57,1,96,24,46,71,8,149,48,0,48,197
04/21/2021,FAI,AK,AAL,WE,Combined TRACON& Tower with Radar,24,23,16,8,71,0,51,84,3,138,24,74,100,11,209,126,5,131,340
04/22/2021,FAI,AK,AAL,WE,Combined TRACON& Tower with Radar,29,16,13,10,68,0,58,113,5,176,29,74,126,15,244,220,5,225,469
04/23/2021,FAI,AK,AAL,WE,Combined TRACON& Tower with Radar,28,12,14,0,54,0,50,90,11,151,28,62,104,11,205,108,0,108,313
04/24/2021,FAI,AK,AAL,WE,Combined TRACON& Tower with Radar,20,9,9,2,40,0,24,86,0,110,20,33,95,2,150,224,0,224,374
04/25/2021,FAI,AK,AAL,WE,Combined TRACON& Tower with Radar,20,10,9,1,40,0,9,94,0,103,20,19,103,1,143,224,0,224,367
04/26/2021,FAI,AK,AAL,WE,Combined TRACON& Tower with Radar,24,14,13,8,59,0,46,65,16,127,24,60,78,24,186,156,6,162,348
04/27/2021,FAI,AK,AAL,WE,Combined TRACON& Tower with Radar,26,16,11,7,60,0,45,87,11,143,26,61,98,18,203,148,18,166,369
04/28/2021,FAI,AK,AAL,WE,Combined TRACON& Tower with Radar,26,27,11,5,69,0,45,111,9,165,26,72,122,14,234,220,14,234,468
04/29/2021,FAI,AK,AAL,WE,Combined TRACON& Tower with Radar,30,23,22,7,82,0,41,81,7,129,30,64,103,14,211,296,10,306,517
04/30/2021,FAI,AK,AAL,WE,Combined TRACON& Tower with Radar,23,27,20,4,74,0,33,44,6,83,23,60,64,10,157,22,6,28,185
05/01/2021,FAI,AK,AAL,WE,Combined TRACON& Tower with Radar,22,8,12,0,42,0,26,115,0,141,22,34,127,0,183,262,0,262,445
05/02/2021,FAI,AK,AAL,WE,Combined TRACON& Tower with Radar,22,0,9,1,32,0,2,91,3,96,22,2,100,4,128,232,0,232,360
05/03/2021,FAI,AK,AAL,WE,Combined TRACON& Tower with Radar,23,9,6,4,42,0,57,60,3,120,23,66,66,7,162,108,0,108,270
05/04/2021,FAI,AK,AAL,WE,Combined TRACON& Tower with Radar,26,11,20,18,75,0,44,96,9,149,26,55,116,27,224,274,4,278,502
05/05/2021,FAI,AK,AAL,WE,Combined TRACON& Tower with Radar,31,28,18,16,93,0,49,107,8,164,31,77,125,24,257,248,16,264,521
05/06/2021,FAI,AK,AAL,WE,Combined TRACON& Tower with Radar,37,17,13,9,76,0,54,108,8,170,37,71,121,17,246,138,0,138,384
05/07/2021,FAI,AK,AAL,WE,Combined TRACON& Tower with Radar,34,17,14,2,67,0,48,103,6,157,34,65,117,8,224,246,0,246,470
05/08/2021,FAI,AK,AAL,WE,Combined TRACON& Tower with Radar,30,6,3,3,42,0,36,149,1,186,30,42,152,4,228,226,0,226,454
05/09/2021,FAI,AK,AAL,WE,Combined TRACON& Tower with Radar,30,4,12,8,54,0,12,97,0,109,30,16,109,8,163,84,0,84,247
05/10/2021,FAI,AK,AAL,WE,Combined TRACON& Tower with Radar,32,9,18,8,67,1,53,160,4,218,33,62,178,12,285,222,6,228,513
05/11/2021,FAI,AK,AAL,WE,Combined TRACON& Tower with Radar,31,14,27,10,82,0,75,92,6,173,31,89,119,16,255,225,2,227,482
05/12/2021,FAI,AK,AAL,WE,Combined TRACON& Tower with Radar,30,28,18,2,78,0,60,115,5,180,30,88,133,7,258,186,18,204,462
05/13/2021,FAI,AK,AAL,WE,Combined TRACON& Tower with Radar,38,14,16,9,77,0,44,140,3,187,38,58,156,12,264,246,0,246,510
05/14/2021,FAI,AK,AAL,WE,Combined TRACON& Tower with Radar,36,15,11,4,66,0,54,131,1,186,36,69,142,5,252,176,2,178,430
05/15/2021,FAI,AK,AAL,WE,Combined TRACON& Tower with Radar,32,14,10,2,58,0,37,100,1,138,32,51,110,3,196,160,2,162,358
05/16/2021,FAI,AK,AAL,WE,Combined TRACON& Tower with Radar,33,17,6,0,56,0,16,71,0,87,33,33,77,0,143,235,0,235,378
05/17/2021,FAI,AK,AAL,WE,Combined TRACON& Tower with Radar,31,7,20,5,63,0,53,75,2,130,31,60,95,7,193,40,2,42,235
05/18/2021,FAI,AK,AAL,WE,Combined TRACON& Tower with Radar,30,13,23,14,80,0,56,97,3,156,30,69,120,17,236,227,6,233,469
05/19/2021,FAI,AK,AAL,WE,Combined TRACON& Tower with Radar,31,29,20,10,90,1,68,125,10,204,32,97,145,20,294,274,4,278,572
05/20/2021,FAI,AK,AAL,WE,Combined TRACON& Tower with Radar,48,7,14,9,78,0,58,119,8,185,48,65,133,17,263,130,4,134,397
05/21/2021,FAI,AK,AAL,WE,Combined TRACON& Tower with Radar,38,10,23,1,72,1,53,102,0,156,39,63,125,1,228,152,0,152,380
05/22/2021,FAI,AK,AAL,WE,Combined TRACON& Tower with Radar,37,22,20,0,79,0,15,51,2,68,37,37,71,2,147,216,0,216,363
05/23/2021,FAI,AK,AAL,WE,Combined TRACON& Tower with Radar,36,8,7,0,51,0,14,180,0,194,36,22,187,0,245,214,0,214,459
05/24/2021,FAI,AK,AAL,WE,Combined TRACON& Tower with Radar,38,12,19,2,71,0,59,102,4,165,38,71,121,6,236,136,3,139,375
05/25/2021,FAI,AK,AAL,WE,Combined TRACON& Tower with Radar,36,16,19,8,79,0,64,137,5,206,36,80,156,13,285,274,2,276,561
05/26/2021,FAI,AK,AAL,WE,Combined TRACON& Tower with Radar,36,22,20,4,82,0,68,182,1,251,36,90,202,5,333,194,14,208,541
05/27/2021,FAI,AK,AAL,WE,Combined TRACON& Tower with Radar,40,21,14,3,78,0,60,84,1,145,40,81,98,4,223,78,0,78,301
05/28/2021,FAI,AK,AAL,WE,Combined TRACON& Tower with Radar,38,27,17,2,84,0,52,83,2,137,38,79,100,4,221,62,0,62,283
05/29/2021,FAI,AK,AAL,WE,Combined TRACON& Tower with Radar,37,7,7,1,52,0,46,69,1,116,37,53,76,2,168,54,0,54,222
05/30/2021,FAI,AK,AAL,WE,Combined TRACON& Tower with Radar,34,10,6,2,52,0,16,126,0,142,34,26,132,2,194,143,0,143,337
05/31/2021,FAI,AK,AAL,WE,Combined TRACON& Tower with Radar,36,5,27,0,68,0,18,167,0,185,36,23,194,0,253,141,0,141,394
06/01/2021,FAI,AK,AAL,WE,Combined TRACON& Tower with Radar,39,21,17,10,87,1,49,55,8,113,40,70,72,18,200,113,2,115,315
06/02/2021,FAI,AK,AAL,WE,Combined TRACON& Tower with Radar,34,23,22,13,92,0,69,161,4,234,34,92,183,17,326,184,12,196,522
06/03/2021,FAI,AK,AAL,WE,Combined TRACON& Tower with Radar,46,22,17,3,88,0,60,145,3,208,46,82,162,6,296,230,0,230,526
06/04/2021,FAI,AK,AAL,WE,Combined TRACON& Tower with Radar,46,19,16,14,95,0,55,133,0,188,46,74,149,14,283,108,8,116,399
06/05/2021,FAI,AK,AAL,WE,Combined TRACON& Tower with Radar,41,9,8,0,58,0,38,144,0,182,41,47,152,0,240,168,0,168,408
06/06/2021,FAI,AK,AAL,WE,Combined TRACON& Tower with Radar,47,3,7,0,57,0,26,161,0,187,47,29,168,0,244,126,0,126,370
06/07/2021,FAI,AK,AAL,WE,Combined TRACON& Tower with Radar,41,7,12,1,61,0,66,124,5,195,41,73,136,6,256,62,12,74,330
06/08/2021,FAI,AK,AAL,WE,Combined TRACON& Tower with Radar,43,26,23,11,103,0,53,122,1,176,43,79,145,12,279,136,6,142,421
06/09/2021,FAI,AK,AAL,WE,Combined TRACON& Tower with Radar,45,19,18,8,90,0,65,112,14,191,45,84,130,22,281,78,2,80,361
06/10/2021,FAI,AK,AAL,WE,Combined TRACON& Tower with Radar,43,22,34,12,111,1,53,173,8,235,44,75,207,20,346,249,6,255,601
06/11/2021,FAI,AK,AAL,WE,Combined TRACON& Tower with Radar,47,11,21,0,79,0,60,166,4,230,47,71,187,4,309,165,4,169,478
06/12/2021,FAI,AK,AAL,WE,Combined TRACON& Tower with Radar,40,6,8,0,54,0,49,192,0,241,40,55,200,0,295,157,0,157,452
06/13/2021,FAI,AK,AAL,WE,Combined TRACON& Tower with Radar,42,8,13,0,63,0,40,168,2,210,42,48,181,2,273,226,0,226,499
06/14/2021,FAI,AK,AAL,WE,Combined TRACON& Tower with Radar,37,26,22,3,88,3,87,198,5,293,40,113,220,8,381,79,0,79,460
06/15/2021,FAI,AK,AAL,WE,Combined TRACON& Tower with Radar,43,14,32,5,94,3,79,207,6,295,46,93,239,11,389,182,0,182,571
06/16/2021,FAI,AK,AAL,WE,Combined TRACON& Tower with Radar,42,16,26,3,87,0,69,132,3,204,42,85,158,6,291,58,0,58,349
06/17/2021,FAI,AK,AAL,WE,Combined TRACON& Tower with Radar,49,32,42,4,127,0,53,112,8,173,49,85,154,12,300,172,6,178,478
06/18/2021,FAI,AK,AAL,WE,Combined TRACON& Tower with Radar,44,8,21,0,73,0,73,209,2,284,44,81,230,2,357,156,0,156,513
06/19/2021,FAI,AK,AAL,WE,Combined TRACON& Tower with Radar,46,7,13,1,67,0,44,119,6,169,46,51,132,7,236,118,0,118,354
06/20/2021,FAI,AK,AAL,WE,Combined TRACON& Tower with Radar,45,8,16,0,69,3,28,151,1,183,48,36,167,1,252,128,0,128,380
06/21/2021,FAI,AK,AAL,WE,Combined TRACON& Tower with Radar,43,12,11,1,67,1,72,104,7,184,44,84,115,8,251,112,0,112,363
06/22/2021,FAI,AK,AAL,WE,Combined TRACON& Tower with Radar,48,9,27,1,85,0,65,132,6,203,48,74,159,7,288,161,0,161,449
06/23/2021,FAI,AK,AAL,WE,Combined TRACON& Tower with Radar,46,17,20,5,88,0,66,188,10,264,46,83,208,15,352,136,6,142,494
06/24/2021,FAI,AK,AAL,WE,Combined TRACON& Tower with Radar,50,16,21,18,105,0,61,106,0,167,50,77,127,18,272,104,0,104,376
06/25/2021,FAI,AK,AAL,WE,Combined TRACON& Tower with Radar,50,19,21,0,90,0,59,141,2,202,50,78,162,2,292,124,0,124,416
06/26/2021,FAI,AK,AAL,WE,Combined TRACON& Tower with Radar,47,10,6,0,63,0,55,177,3,235,47,65,183,3,298,124,0,124,422
06/27/2021,FAI,AK,AAL,WE,Combined TRACON& Tower with Radar,42,7,7,0,56,1,30,117,1,149,43,37,124,1,205,94,13,107,312
06/28/2021,FAI,AK,AAL,WE,Combined TRACON& Tower with Radar,36,19,25,4,84,1,65,169,6,241,37,84,194,10,325,132,2,134,459
06/29/2021,FAI,AK,AAL,WE,Combined TRACON& Tower with Radar,39,28,24,9,100,0,55,189,4,248,39,83,213,13,348,75,10,85,433
06/30/2021,FAI,AK,AAL,WE,Combined TRACON& Tower with Radar,44,22,34,1,101,0,59,222,1,282,44,81,256,2,383,302,0,302,685
07/01/2021,FAI,AK,AAL,WE,Combined TRACON& Tower with Radar,43,15,26,6,90,0,77,151,7,235,43,92,177,13,325,188,0,188,513
07/02/2021,FAI,AK,AAL,WE,Combined TRACON& Tower with Radar,48,20,16,2,86,0,63,154,2,219,48,83,170,4,305,110,2,112,417
07/03/2021,FAI,AK,AAL,WE,Combined TRACON& Tower with Radar,47,7,7,0,61,0,47,159,2,208,47,54,166,2,269,198,1,199,468
07/04/2021,FAI,AK,AAL,WE,Combined TRACON& Tower with Radar,42,8,9,0,59,1,24,117,2,144,43,32,126,2,203,139,2,141,344
07/05/2021,FAI,AK,AAL,WE,Combined TRACON& Tower with Radar,44,40,23,0,107,0,29,77,0,106,44,69,100,0,213,58,0,58,271
07/06/2021,FAI,AK,AAL,WE,Combined TRACON& Tower with Radar,44,31,28,8,111,0,47,98,3,148,44,78,126,11,259,110,8,118,377
07/07/2021,FAI,AK,AAL,WE,Combined TRACON& Tower with Radar,46,49,34,2,131,0,35,108,4,147,46,84,142,6,278,176,0,176,454
07/08/2021,FAI,AK,AAL,WE,Combined TRACON& Tower with Radar,45,28,23,10,106,0,36,118,11,165,45,64,141,21,271,114,0,114,385
07/09/2021,FAI,AK,AAL,WE,Combined TRACON& Tower with Radar,45,22,18,4,89,0,51,192,6,249,45,73,210,10,338,195,0,195,533
07/10/2021,FAI,AK,AAL,WE,Combined TRACON& Tower with Radar,42,2,12,0,56,0,86,238,3,327,42,88,250,3,383,154,0,154,537
07/11/2021,FAI,AK,AAL,WE,Combined TRACON& Tower with Radar,40,3,11,0,54,0,19,152,4,175,40,22,163,4,229,164,0,164,393
07/12/2021,FAI,AK,AAL,WE,Combined TRACON& Tower with Radar,42,9,19,1,71,0,69,152,3,224,42,78,171,4,295,70,0,70,365
07/13/2021,FAI,AK,AAL,WE,Combined TRACON& Tower with Radar,44,14,22,3,83,0,62,146,6,214,44,76,168,9,297,100,0,100,397
07/14/2021,FAI,AK,AAL,WE,Combined TRACON& Tower with Radar,43,32,30,3,108,0,46,104,4,154,43,78,134,7,262,146,2,148,410
07/15/2021,FAI,AK,AAL,WE,Combined TRACON& Tower with Radar,46,20,25,4,95,0,53,170,0,223,46,73,195,4,318,158,0,158,476
07/16/2021,FAI,AK,AAL,WE,Combined TRACON& Tower with Radar,45,14,17,6,82,0,55,178,0,233,45,69,195,6,315,152,1,153,468
07/17/2021,FAI,AK,AAL,WE,Combined TRACON& Tower with Radar,42,13,11,4,70,0,47,156,0,203,42,60,167,4,273,157,0,157,430
07/18/2021,FAI,AK,AAL,WE,Combined TRACON& Tower with Radar,35,9,13,1,58,0,19,139,1,159,35,28,152,2,217,169,2,171,388
07/19/2021,FAI,AK,AAL,WE,Combined TRACON& Tower with Radar,51,10,20,0,81,0,60,128,4,192,51,70,148,4,273,120,0,120,393
07/20/2021,FAI,AK,AAL,WE,Combined TRACON& Tower with Radar,45,13,10,13,81,0,66,89,4,159,45,79,99,17,240,182,6,188,428
07/21/2021,FAI,AK,AAL,WE,Combined TRACON& Tower with Radar,42,22,24,6,94,0,66,182,4,252,42,88,206,10,346,256,12,268,614
07/22/2021,FAI,AK,AAL,WE,Combined TRACON& Tower with Radar,49,22,38,9,118,1,56,165,13,235,50,78,203,22,353,78,6,84,437
07/23/2021,FAI,AK,AAL,WE,Combined TRACON& Tower with Radar,47,22,15,2,86,0,52,119,1,172,47,74,134,3,258,211,0,211,469
07/24/2021,FAI,AK,AAL,WE,Combined TRACON& Tower with Radar,45,13,23,1,82,0,29,88,0,117,45,42,111,1,199,55,0,55,254
07/25/2021,FAI,AK,AAL,WE,Combined TRACON& Tower with Radar,49,7,7,4,67,0,30,176,1,207,49,37,183,5,274,174,0,174,448
07/26/2021,FAI,AK,AAL,WE,Combined TRACON& Tower with Radar,47,15,16,4,82,0,61,141,10,212,47,76,157,14,294,88,0,88,382
07/27/2021,FAI,AK,AAL,WE,Combined TRACON& Tower with Radar,45,31,33,5,114,0,39,98,8,145,45,70,131,13,259,134,0,134,393
07/28/2021,FAI,AK,AAL,WE,Combined TRACON& Tower with Radar,42,53,33,2,130,0,27,51,0,78,42,80,84,2,208,72,0,72,280
07/29/2021,FAI,AK,AAL,WE,Combined TRACON& Tower with Radar,46,27,30,10,113,0,57,182,0,239,46,84,212,10,352,218,7,225,577
07/30/2021,FAI,AK,AAL,WE,Combined TRACON& Tower with Radar,47,32,24,0,103,0,52,242,3,297,47,84,266,3,400,220,0,220,620
07/31/2021,FAI,AK,AAL,WE,Combined TRACON& Tower with Radar,40,23,19,0,82,0,43,148,4,195,40,66,167,4,277,100,0,100,377
08/01/2021,FAI,AK,AAL,WE,Combined TRACON& Tower with Radar,46,24,16,0,86,0,12,155,2,169,46,36,171,2,255,121,0,121,376
08/02/2021,FAI,AK,AAL,WE,Combined TRACON& Tower with Radar,42,7,15,0,64,0,72,147,5,224,42,79,162,5,288,89,0,89,377
08/03/2021,FAI,AK,AAL,WE,Combined TRACON& Tower with Radar,42,17,30,5,94,0,75,151,0,226,42,92,181,5,320,89,0,89,409
08/04/2021,FAI,AK,AAL,WE,Combined TRACON& Tower with Radar,41,24,33,2,100,0,83,181,2,266,41,107,214,4,366,114,0,114,480
08/05/2021,FAI,AK,AAL,WE,Combined TRACON& Tower with Radar,45,14,17,9,85,0,67,170,14,251,45,81,187,23,336,142,24,166,502
08/06/2021,FAI,AK,AAL,WE,Combined TRACON& Tower with Radar,43,50,43,4,140,0,32,63,0,95,43,82,106,4,235,50,0,50,285
08/07/2021,FAI,AK,AAL,WE,Combined TRACON& Tower with Radar,40,34,22,0,96,0,37,54,0,91,40,71,76,0,187,60,0,60,247
08/08/2021,FAI,AK,AAL,WE,Combined TRACON& Tower with Radar,38,14,14,0,66,0,48,118,0,166,38,62,132,0,232,68,1,69,301
08/09/2021,FAI,AK,AAL,WE,Combined TRACON& Tower with Radar,39,41,29,5,114,0,42,42,0,84,39,83,71,5,198,22,4,26,224
08/10/2021,FAI,AK,AAL,WE,Combined TRACON& Tower with Radar,39,33,42,1,115,0,49,68,1,118,39,82,110,2,233,152,0,152,385
08/11/2021,FAI,AK,AAL,WE,Combined TRACON& Tower with Radar,39,34,30,3,106,0,62,109,5,176,39,96,139,8,282,126,0,126,408
08/12/2021,FAI,AK,AAL,WE,Combined TRACON& Tower with Radar,44,26,23,3,96,0,54,121,0,175,44,80,144,3,271,116,0,116,387
08/13/2021,FAI,AK,AAL,WE,Combined TRACON& Tower with Radar,44,21,19,3,87,0,58,116,0,174,44,79,135,3,261,128,0,128,389
08/14/2021,FAI,AK,AAL,WE,Combined TRACON& Tower with Radar,45,17,20,1,83,1,33,189,0,223,46,50,209,1,306,184,0,184,490
08/15/2021,FAI,AK,AAL,WE,Combined TRACON& Tower with Radar,38,23,23,0,84,0,5,12,0,17,38,28,35,0,101,25,1,26,127
08/16/2021,FAI,AK,AAL,WE,Combined TRACON& Tower with Radar,42,60,32,0,134,0,15,15,0,30,42,75,47,0,164,0,0,0,164
08/17/2021,FAI,AK,AAL,WE,Combined TRACON& Tower with Radar,41,42,52,2,137,0,27,61,2,90,41,69,113,4,227,26,24,50,277
08/18/2021,FAI,AK,AAL,WE,Combined TRACON& Tower with Radar,43,38,40,0,121,0,44,191,6,241,43,82,231,6,362,162,0,162,524
08/19/2021,FAI,AK,AAL,WE,Combined TRACON& Tower with Radar,42,19,27,0,88,0,61,117,5,183,42,80,144,5,271,120,0,120,391
08/20/2021,FAI,AK,AAL,WE,Combined TRACON& Tower with Radar,40,56,28,1,125,0,19,20,2,41,40,75,48,3,166,12,2,14,180
08/21/2021,FAI,AK,AAL,WE,Combined TRACON& Tower with Radar,40,28,23,1,92,0,33,79,0,112,40,61,102,1,204,104,0,104,308
08/22/2021,FAI,AK,AAL,WE,Combined TRACON& Tower with Radar,38,5,10,0,53,0,32,180,1,213,38,37,190,1,266,232,0,232,498
08/23/2021,FAI,AK,AAL,WE,Combined TRACON& Tower with Radar,40,44,31,4,119,0,29,53,1,83,40,73,84,5,202,19,0,19,221
08/24/2021,FAI,AK,AAL,WE,Combined TRACON& Tower with Radar,40,50,31,14,135,0,19,33,2,54,40,69,64,16,189,38,4,42,231
08/25/2021,FAI,AK,AAL,WE,Combined TRACON& Tower with Radar,38,50,31,6,125,0,30,51,4,85,38,80,82,10,210,66,24,90,300
08/26/2021,FAI,AK,AAL,WE,Combined TRACON& Tower with Radar,40,28,33,8,109,0,53,110,6,169,40,81,143,14,278,88,0,88,366
08/27/2021,FAI,AK,AAL,WE,Combined TRACON& Tower with Radar,42,63,58,2,165,0,21,30,0,51,42,84,88,2,216,60,0,60,276
08/28/2021,FAI,AK,AAL,WE,Combined TRACON& Tower with Radar,38,8,40,0,86,0,47,262,0,309,38,55,302,0,395,162,0,162,557
08/29/2021,FAI,AK,AAL,WE,Combined TRACON& Tower with Radar,38,18,14,0,70,0,28,164,0,192,38,46,178,0,262,211,0,211,473
08/30/2021,FAI,AK,AAL,WE,Combined TRACON& Tower with Radar,41,40,50,3,134,0,37,98,1,136,41,77,148,4,270,112,1,113,383
08/31/2021,FAI,AK,AAL,WE,Combined TRACON& Tower with Radar,40,30,33,3,106,1,65,250,1,317,41,95,283,4,423,276,0,276,699
09/01/2021,FAI,AK,AAL,WE,Combined TRACON& Tower with Radar,40,20,19,7,86,1,65,187,2,255,41,85,206,9,341,212,6,218,559
09/02/2021,FAI,AK,AAL,WE,Combined TRACON& Tower with Radar,43,28,25,7,103,0,60,147,5,212,43,88,172,12,315,97,6,103,418
09/03/2021,FAI,AK,AAL,WE,Combined TRACON& Tower with Radar,40,30,12,1,83,0,69,197,1,267,40,99,209,2,350,138,0,138,488
09/04/2021,FAI,AK,AAL,WE,Combined TRACON& Tower with Radar,38,25,14,0,77,0,45,91,2,138,38,70,105,2,215,112,0,112,327
09/05/2021,FAI,AK,AAL,WE,Combined TRACON& Tower with Radar,38,37,8,0,83,0,14,38,0,52,38,51,46,0,135,54,0,54,189
09/06/2021,FAI,AK,AAL,WE,Combined TRACON& Tower with Radar,38,8,15,1,62,0,46,192,0,238,38,54,207,1,300,190,0,190,490
09/07/2021,FAI,AK,AAL,WE,Combined TRACON& Tower with Radar,36,17,36,8,97,0,59,180,6,245,36,76,216,14,342,285,0,285,627
09/08/2021,FAI,AK,AAL,WE,Combined TRACON& Tower with Radar,34,17,35,2,88,0,71,198,5,274,34,88,233,7,362,197,2,199,561
09/09/2021,FAI,AK,AAL,WE,Combined TRACON& Tower with Radar,37,14,28,6,85,0,63,202,2,267,37,77,230,8,352,118,0,118,470
09/10/2021,FAI,AK,AAL,WE,Combined TRACON& Tower with Radar,36,16,15,5,72,0,66,252,0,318,36,82,267,5,390,174,0,174,564
09/11/2021,FAI,AK,AAL,WE,Combined TRACON& Tower with Radar,36,11,20,1,68,0,55,253,2,310,36,66,273,3,378,92,0,92,470
09/12/2021,FAI,AK,AAL,WE,Combined TRACON& Tower with Radar,34,6,8,0,48,0,35,194,4,233,34,41,202,4,281,91,0,91,372
09/13/2021,FAI,AK,AAL,WE,Combined TRACON& Tower with Radar,34,14,27,3,78,0,61,123,0,184,34,75,150,3,262,100,0,100,362
09/14/2021,FAI,AK,AAL,WE,Combined TRACON& Tower with Radar,32,30,29,16,107,0,53,154,6,213,32,83,183,22,320,97,2,99,419
09/15/2021,FAI,AK,AAL,WE,Combined TRACON& Tower with Radar,35,24,22,11,92,0,56,187,0,243,35,80,209,11,335,128,2,130,465
09/16/2021,FAI,AK,AAL,WE,Combined TRACON& Tower with Radar,37,19,28,11,95,0,54,169,7,230,37,73,197,18,325,106,10,116,441
09/17/2021,FAI,AK,AAL,WE,Combined TRACON& Tower with Radar,36,14,28,4,82,0,50,145,4,199,36,64,173,8,281,93,0,93,374
09/18/2021,FAI,AK,AAL,WE,Combined TRACON& Tower with Radar,33,7,13,1,54,0,40,137,2,179,33,47,150,3,233,58,1,59,292
09/19/2021,FAI,AK,AAL,WE,Combined TRACON& Tower with Radar,33,4,18,1,56,0,25,110,0,135,33,29,128,1,191,85,2,87,278
09/20/2021,FAI,AK,AAL,WE,Combined TRACON& Tower with Radar,34,12,20,7,73,0,39,76,1,116,34,51,96,8,189,46,5,51,240
09/21/2021,FAI,AK,AAL,WE,Combined TRACON& Tower with Radar,33,20,20,15,88,0,39,111,5,155,33,59,131,20,243,102,4,106,349
09/22/2021,FAI,AK,AAL,WE,Combined TRACON& Tower with Radar,34,23,30,10,97,0,51,174,2,227,34,74,204,12,324,111,2,113,437
09/23/2021,FAI,AK,AAL,WE,Combined TRACON& Tower with Radar,36,20,27,3,86,0,60,145,3,208,36,80,172,6,294,92,2,94,388
09/24/2021,FAI,AK,AAL,WE,Combined TRACON& Tower with Radar,32,42,29,0,103,0,5,5,0,10,32,47,34,0,113,0,0,0,113
09/25/2021,FAI,AK,AAL,WE,Combined TRACON& Tower with Radar,32,24,28,0,84,0,15,59,0,74,32,39,87,0,158,64,0,64,222
09/26/2021,FAI,AK,AAL,WE,Combined TRACON& Tower with Radar,31,8,13,2,54,0,44,101,0,145,31,52,114,2,199,86,0,86,285
09/27/2021,FAI,AK,AAL,WE,Combined TRACON& Tower with Radar,35,34,16,3,88,0,47,72,5,124,35,81,88,8,212,106,19,125,337
09/28/2021,FAI,AK,AAL,WE,Combined TRACON& Tower with Radar,32,25,12,2,71,0,43,108,1,152,32,68,120,3,223,104,0,104,327
09/29/2021,FAI,AK,AAL,WE,Combined TRACON& Tower with Radar,31,39,23,0,93,0,28,68,0,96,31,67,91,0,189,93,0,93,282
09/30/2021,FAI,AK,AAL,WE,Combined TRACON& Tower with Radar,36,23,8,13,80,0,36,128,16,180,36,59,136,29,260,135,58,193,453
10/01/2021,FAI,AK,AAL,WE,Combined TRACON& Tower with Radar,36,45,19,2,102,0,17,27,0,44,36,62,46,2,146,74,12,86,232
10/02/2021,FAI,AK,AAL,WE,Combined TRACON& Tower with Radar,32,18,4,0,54,0,0,0,0,0,32,18,4,0,54,0,0,0,54
10/03/2021,FAI,AK,AAL,WE,Combined TRACON& Tower with Radar,34,10,25,0,69,0,1,8,0,9,34,11,33,0,78,0,0,0,78
10/04/2021,FAI,AK,AAL,WE,Combined TRACON& Tower with Radar,36,21,16,0,73,0,40,54,0,94,36,61,70,0,167,38,0,38,205
10/05/2021,FAI,AK,AAL,WE,Combined TRACON& Tower with Radar,35,17,12,3,67,0,47,76,1,124,35,64,88,4,191,173,1,174,365
10/06/2021,FAI,AK,AAL,WE,Combined TRACON& Tower with Radar,29,23,23,0,75,0,45,49,0,94,29,68,72,0,169,54,0,54,223
10/07/2021,FAI,AK,AAL,WE,Combined TRACON& Tower with Radar,31,52,26,2,111,0,0,1,0,1,31,52,27,2,112,12,0,12,124
10/08/2021,FAI,AK,AAL,WE,Combined TRACON& Tower with Radar,29,27,13,0,69,0,40,48,0,88,29,67,61,0,157,146,2,148,305
10/09/2021,FAI,AK,AAL,WE,Combined TRACON& Tower with Radar,26,13,15,0,54,0,25,59,0,84,26,38,74,0,138,214,0,214,352
10/10/2021,FAI,AK,AAL,WE,Combined TRACON& Tower with Radar,22,17,17,0,56,0,0,2,0,2,22,17,19,0,58,6,0,6,64
10/11/2021,FAI,AK,AAL,WE,Combined TRACON& Tower with Radar,26,14,17,1,58,0,42,80,2,124,26,56,97,3,182,248,0,248,430
10/12/2021,FAI,AK,AAL,WE,Combined TRACON& Tower with Radar,26,23,20,8,77,0,48,38,3,89,26,71,58,11,166,78,34,112,278
10/13/2021,FAI,AK,AAL,WE,Combined TRACON& Tower with Radar,24,24,17,13,78,0,46,50,1,97,24,70,67,14,175,89,12,101,276
10/14/2021,FAI,AK,AAL,WE,Combined TRACON& Tower with Radar,24,20,22,10,76,0,36,43,0,79,24,56,65,10,155,98,0,98,253
10/15/2021,FAI,AK,AAL,WE,Combined TRACON& Tower with Radar,23,33,19,0,75,0,37,49,0,86,23,70,68,0,161,146,0,146,307
10/16/2021,FAI,AK,AAL,WE,Combined TRACON& Tower with Radar,24,25,5,0,54,0,7,22,0,29,24,32,27,0,83,14,0,14,97
10/17/2021,FAI,AK,AAL,WE,Combined TRACON& Tower with Radar,23,13,6,0,42,0,12,88,1,101,23,25,94,1,143,114,0,114,257
10/18/2021,FAI,AK,AAL,WE,Combined TRACON& Tower with Radar,23,7,13,8,51,0,52,59,4,115,23,59,72,12,166,0,4,4,170
10/19/2021,FAI,AK,AAL,WE,Combined TRACON& Tower with Radar,27,14,13,8,62,0,46,40,6,92,27,60,53,14,154,68,16,84,238
10/20/2021,FAI,AK,AAL,WE,Combined TRACON& Tower with Radar,26,14,14,5,59,0,58,94,16,168,26,72,108,21,227,126,26,152,379
10/21/2021,FAI,AK,AAL,WE,Combined TRACON& Tower with Radar,24,16,15,13,68,0,47,41,12,100,24,63,56,25,168,16,0,16,184
10/22/2021,FAI,AK,AAL,WE,Combined TRACON& Tower with Radar,30,12,14,6,62,0,41,70,3,114,30,53,84,9,176,116,0,116,292
10/23/2021,FAI,AK,AAL,WE,Combined TRACON& Tower with Radar,22,7,9,1,39,0,25,115,5,145,22,32,124,6,184,192,0,192,376
10/24/2021,FAI,AK,AAL,WE,Combined TRACON& Tower with Radar,22,30,9,0,61,0,4,2,0,6,22,34,11,0,67,0,0,0,67
10/25/2021,FAI,AK,AAL,WE,Combined TRACON& Tower with Radar,24,50,9,9,92,0,9,8,0,17,24,59,17,9,109,50,0,50,159
10/26/2021,FAI,AK,AAL,WE,Combined TRACON& Tower with Radar,24,38,28,3,93,0,10,12,1,23,24,48,40,4,116,10,0,10,126
10/27/2021,FAI,AK,AAL,WE,Combined TRACON& Tower with Radar,30,50,30,0,110,0,16,22,0,38,30,66,52,0,148,4,0,4,152
10/28/2021,FAI,AK,AAL,WE,Combined TRACON& Tower with Radar,27,44,36,18,125,0,22,37,0,59,27,66,73,18,184,41,10,51,235
10/29/2021,FAI,AK,AAL,WE,Combined TRACON& Tower with Radar,24,49,23,1,97,0,3,8,0,11,24,52,31,1,108,0,0,0,108
10/30/2021,FAI,AK,AAL,WE,Combined TRACON& Tower with Radar,26,11,9,0,46,0,35,50,0,85,26,46,59,0,131,106,0,106,237
10/31/2021,FAI,AK,AAL,WE,Combined TRACON& Tower with Radar,25,8,9,4,46,0,24,17,0,41,25,32,26,4,87,68,0,68,155
11/01/2021,FAI,AK,AAL,WE,Combined TRACON& Tower with Radar,28,33,16,11,88,0,37,19,1,57,28,70,35,12,145,81,9,90,235
11/02/2021,FAI,AK,AAL,WE,Combined TRACON& Tower with Radar,27,24,14,11,76,0,35,34,1,70,27,59,48,12,146,50,8,58,204
11/03/2021,FAI,AK,AAL,WE,Combined TRACON& Tower with Radar,28,48,29,0,105,0,29,11,4,44,28,77,40,4,149,5,0,5,154
11/04/2021,FAI,AK,AAL,WE,Combined TRACON& Tower with Radar,27,20,19,6,72,0,41,49,5,95,27,61,68,11,167,42,0,42,209
11/05/2021,FAI,AK,AAL,WE,Combined TRACON& Tower with Radar,31,11,11,5,58,0,60,45,2,107,31,71,56,7,165,66,2,68,233
11/06/2021,FAI,AK,AAL,WE,Combined TRACON& Tower with Radar,27,29,22,2,80,0,8,17,0,25,27,37,39,2,105,19,0,19,124
11/07/2021,FAI,AK,AAL,WE,Combined TRACON& Tower with Radar,25,24,4,0,53,0,0,2,0,2,25,24,6,0,55,2,0,2,57
11/08/2021,FAI,AK,AAL,WE,Combined TRACON& Tower with Radar,25,14,13,10,62,0,46,53,0,99,25,60,66,10,161,58,2,60,221
11/09/2021,FAI,AK,AAL,WE,Combined TRACON& Tower with Radar,24,20,22,6,72,0,33,50,2,85,24,53,72,8,157,66,4,70,227
11/10/2021,FAI,AK,AAL,WE,Combined TRACON& Tower with Radar,28,21,12,8,69,0,53,39,3,95,28,74,51,11,164,42,0,42,206
11/11/2021,FAI,AK,AAL,WE,Combined TRACON& Tower with Radar,25,28,25,8,86,0,21,22,2,45,25,49,47,10,131,10,0,10,141
11/12/2021,FAI,AK,AAL,WE,Combined TRACON& Tower with Radar,26,25,15,0,66,0,27,26,0,53,26,52,41,0,119,2,0,2,121
11/13/2021,FAI,AK,AAL,WE,Combined TRACON& Tower with Radar,28,7,6,2,43,0,33,72,3,108,28,40,78,5,151,156,1,157,308
11/14/2021,FAI,AK,AAL,WE,Combined TRACON& Tower with Radar,22,16,7,0,45,0,3,3,0,6,22,19,10,0,51,26,0,26,77
11/15/2021,FAI,AK,AAL,WE,Combined TRACON& Tower with Radar,25,33,17,2,77,0,23,11,0,34,25,56,28,2,111,3,1,4,115
11/16/2021,FAI,AK,AAL,WE,Combined TRACON& Tower with Radar,26,42,26,1,95,0,26,8,0,34,26,68,34,1,129,1,8,9,138
11/17/2021,FAI,AK,AAL,WE,Combined TRACON& Tower with Radar,29,38,23,10,100,0,20,4,0,24,29,58,27,10,124,48,13,61,185
11/18/2021,FAI,AK,AAL,WE,Combined TRACON& Tower with Radar,26,29,26,11,92,0,27,19,15,61,26,56,45,26,153,66,8,74,227
11/19/2021,FAI,AK,AAL,WE,Combined TRACON& Tower with Radar,25,19,9,4,57,0,49,49,0,98,25,68,58,4,155,19,2,21,176
11/20/2021,FAI,AK,AAL,WE,Combined TRACON& Tower with Radar,25,13,9,0,47,0,30,33,0,63,25,43,42,0,110,22,0,22,132
11/21/2021,FAI,AK,AAL,WE,Combined TRACON& Tower with Radar,26,6,3,0,35,0,18,8,0,26,26,24,11,0,61,2,0,2,63
11/22/2021,FAI,AK,AAL,WE,Combined TRACON& Tower with Radar,28,18,16,10,72,0,44,31,1,76,28,62,47,11,148,46,6,52,200
11/23/2021,FAI,AK,AAL,WE,Combined TRACON& Tower with Radar,25,16,16,12,69,0,49,42,1,92,25,65,58,13,161,20,2,22,183
11/24/2021,FAI,AK,AAL,WE,Combined TRACON& Tower with Radar,26,23,16,3,68,0,63,34,0,97,26,86,50,3,165,26,0,26,191
11/25/2021,FAI,AK,AAL,WE,Combined TRACON& Tower with Radar,13,2,0,4,19,1,1,9,0,11,14,3,9,4,30,6,2,8,38
11/26/2021,FAI,AK,AAL,WE,Combined TRACON& Tower with Radar,26,23,19,0,68,0,23,17,2,42,26,46,36,2,110,0,0,0,110
11/27/2021,FAI,AK,AAL,WE,Combined TRACON& Tower with Radar,27,7,11,0,45,0,18,21,0,39,27,25,32,0,84,4,0,4,88
11/28/2021,FAI,AK,AAL,WE,Combined TRACON& Tower with Radar,25,10,7,0,42,0,2,21,1,24,25,12,28,1,66,0,0,0,66
11/29/2021,FAI,AK,AAL,WE,Combined TRACON& Tower with Radar,29,9,7,7,52,0,51,24,2,77,29,60,31,9,129,3,1,4,133
11/30/2021,FAI,AK,AAL,WE,Combined TRACON& Tower with Radar,23,15,16,13,67,0,49,44,6,99,23,64,60,19,166,38,2,40,206
12/01/2021,FAI,AK,AAL,WE,Combined TRACON& Tower with Radar,20,51,20,0,91,0,18,3,4,25,20,69,23,4,116,0,0,0,116
12/02/2021,FAI,AK,AAL,WE,Combined TRACON& Tower with Radar,29,22,11,5,67,0,49,30,6,85,29,71,41,11,152,36,16,52,204
12/03/2021,FAI,AK,AAL,WE,Combined TRACON& Tower with Radar,29,22,9,0,60,0,50,16,0,66,29,72,25,0,126,0,0,0,126
12/04/2021,FAI,AK,AAL,WE,Combined TRACON& Tower with Radar,22,13,10,0,45,0,30,9,0,39,22,43,19,0,84,8,0,8,92
12/05/2021,FAI,AK,AAL,WE,Combined TRACON& Tower with Radar,26,8,6,0,40,0,10,37,0,47,26,18,43,0,87,90,0,90,177
12/06/2021,FAI,AK,AAL,WE,Combined TRACON& Tower with Radar,26,12,10,11,59,1,33,55,11,100,27,45,65,22,159,65,9,74,233
12/07/2021,FAI,AK,AAL,WE,Combined TRACON& Tower with Radar,27,57,22,2,108,0,4,2,0,6,27,61,24,2,114,0,0,0,114
12/08/2021,FAI,AK,AAL,WE,Combined TRACON& Tower with Radar,29,38,16,12,95,0,30,32,10,72,29,68,48,22,167,84,5,89,256
12/09/2021,FAI,AK,AAL,WE,Combined TRACON& Tower with Radar,26,23,10,6,65,0,34,30,7,71,26,57,40,13,136,18,8,26,162
12/10/2021,FAI,AK,AAL,WE,Combined TRACON& Tower with Radar,28,51,22,2,103,0,16,8,0,24,28,67,30,2,127,0,0,0,127
12/11/2021,FAI,AK,AAL,WE,Combined TRACON& Tower with Radar,24,35,22,2,83,0,20,8,0,28,24,55,30,2,111,0,0,0,111
12/12/2021,FAI,AK,AAL,WE,Combined TRACON& Tower with Radar,24,18,7,1,50,0,4,12,0,16,24,22,19,1,66,1,0,1,67
12/13/2021,FAI,AK,AAL,WE,Combined TRACON& Tower with Radar,25,15,21,4,65,0,34,19,0,53,25,49,40,4,118,0,0,0,118
12/14/2021,FAI,AK,AAL,WE,Combined TRACON& Tower with Radar,25,32,17,2,76,0,36,14,0,50,25,68,31,2,126,0,0,0,126
12/15/2021,FAI,AK,AAL,WE,Combined TRACON& Tower with Radar,21,25,20,3,69,0,44,17,9,70,21,69,37,12,139,4,0,4,143
12/16/2021,FAI,AK,AAL,WE,Combined TRACON& Tower with Radar,29,47,24,3,103,0,21,9,1,31,29,68,33,4,134,22,0,22,156
12/17/2021,FAI,AK,AAL,WE,Combined TRACON& Tower with Radar,26,58,25,4,113,0,9,2,0,11,26,67,27,4,124,0,0,0,124
12/18/2021,FAI,AK,AAL,WE,Combined TRACON& Tower with Radar,27,44,14,0,85,0,5,3,0,8,27,49,17,0,93,42,0,42,135
12/19/2021,FAI,AK,AAL,WE,Combined TRACON& Tower with Radar,24,8,3,0,35,0,0,2,0,2,24,8,5,0,37,0,0,0,37
12/20/2021,FAI,AK,AAL,WE,Combined TRACON& Tower with Radar,27,32,16,0,75,0,11,8,0,19,27,43,24,0,94,50,0,50,144
12/21/2021,FAI,AK,AAL,WE,Combined TRACON& Tower with Radar,28,27,9,6,70,0,58,41,0,99,28,85,50,6,169,8,0,8,177
12/22/2021,FAI,AK,AAL,WE,Combined TRACON& Tower with Radar,27,20,8,2,57,0,52,52,0,104,27,72,60,2,161,64,1,65,226
12/23/2021,FAI,AK,AAL,WE,Combined TRACON& Tower with Radar,29,21,18,4,72,0,37,11,0,48,29,58,29,4,120,28,0,28,148
12/24/2021,FAI,AK,AAL,WE,Combined TRACON& Tower with Radar,25,9,3,1,38,0,31,22,1,54,25,40,25,2,92,20,0,20,112
12/25/2021,FAI,AK,AAL,WE,Combined TRACON& Tower with Radar,18,12,0,0,30,0,0,0,0,0,18,12,0,0,30,0,0,0,30
12/26/2021,FAI,AK,AAL,WE,Combined TRACON& Tower with Radar,20,0,0,0,20,0,0,0,0,0,20,0,0,0,20,0,0,0,20
12/27/2021,FAI,AK,AAL,WE,Combined TRACON& Tower with Radar,15,11,3,0,29,0,1,3,0,4,15,12,6,0,33,0,0,0,33
12/28/2021,FAI,AK,AAL,WE,Combined TRACON& Tower with Radar,18,12,12,0,42,0,0,0,0,0,18,12,12,0,42,0,0,0,42
12/29/2021,FAI,AK,AAL,WE,Combined TRACON& Tower with Radar,13,6,2,0,21,0,0,0,0,0,13,6,2,0,21,0,0,0,21
12/30/2021,FAI,AK,AAL,WE,Combined TRACON& Tower with Radar,24,28,16,0,68,0,31,15,1,47,24,59,31,1,115,0,0,0,115
12/31/2021,FAI,AK,AAL,WE,Combined TRACON& Tower with Radar,16,18,5,0,39,0,32,30,0,62,16,50,35,0,101,12,0,12,113
01/01/2022,FAI,AK,AAL,WE,Combined TRACON& Tower with Radar,22,6,2,0,30,0,4,14,0,18,22,10,16,0,48,6,0,6,54
01/02/2022,FAI,AK,AAL,WE,Combined TRACON& Tower with Radar,32,5,3,0,40,0,10,12,4,26,32,15,15,4,66,1,3,4,70
01/03/2022,FAI,AK,AAL,WE,Combined TRACON& Tower with Radar,24,9,13,0,46,0,43,19,2,64,24,52,32,2,110,2,0,2,112
01/04/2022,FAI,AK,AAL,WE,Combined TRACON& Tower with Radar,21,17,7,2,47,0,49,28,2,79,21,66,35,4,126,2,0,2,128
01/05/2022,FAI,AK,AAL,WE,Combined TRACON& Tower with Radar,20,24,9,0,53,0,48,18,0,66,20,72,27,0,119,0,0,0,119
01/06/2022,FAI,AK,AAL,WE,Combined TRACON& Tower with Radar,22,16,11,7,56,0,39,27,3,69,22,55,38,10,125,1,4,5,130
01/07/2022,FAI,AK,AAL,WE,Combined TRACON& Tower with Radar,21,11,9,0,41,0,41,19,0,60,21,52,28,0,101,1,0,1,102
01/08/2022,FAI,AK,AAL,WE,Combined TRACON& Tower with Radar,21,4,3,0,28,0,24,11,0,35,21,28,14,0,63,6,0,6,69
01/09/2022,FAI,AK,AAL,WE,Combined TRACON& Tower with Radar,20,6,1,0,27,0,6,5,0,11,20,12,6,0,38,0,0,0,38
01/10/2022,FAI,AK,AAL,WE,Combined TRACON& Tower with Radar,27,9,14,19,69,0,48,17,10,75,27,57,31,29,144,12,26,38,182
01/11/2022,FAI,AK,AAL,WE,Combined TRACON& Tower with Radar,25,23,25,4,77,0,29,26,0,55,25,52,51,4,132,38,0,38,170
01/12/2022,FAI,AK,AAL,WE,Combined TRACON& Tower with Radar,25,30,18,6,79,0,35,48,5,88,25,65,66,11,167,48,12,60,227
01/13/2022,FAI,AK,AAL,WE,Combined TRACON& Tower with Radar,24,18,14,5,61,0,47,44,0,91,24,65,58,5,152,32,0,32,184
01/14/2022,FAI,AK,AAL,WE,Combined TRACON& Tower with Radar,22,17,22,0,61,0,40,113,4,157,22,57,135,4,218,26,0,26,244
01/15/2022,FAI,AK,AAL,WE,Combined TRACON& Tower with Radar,22,4,6,0,32,0,37,46,0,83,22,41,52,0,115,95,0,95,210
01/16/2022,FAI,AK,AAL,WE,Combined TRACON& Tower with Radar,24,14,1,0,39,0,8,11,0,19,24,22,12,0,58,14,0,14,72
01/17/2022,FAI,AK,AAL,WE,Combined TRACON& Tower with Radar,22,27,18,1,68,0,43,29,0,72,22,70,47,1,140,22,2,24,164
01/18/2022,FAI,AK,AAL,WE,Combined TRACON& Tower with Radar,22,18,18,7,65,0,42,27,9,78,22,60,45,16,143,94,0,94,237
01/19/2022,FAI,AK,AAL,WE,Combined TRACON& Tower with Radar,25,21,12,10,68,0,50,40,11,101,25,71,52,21,169,36,0,36,205
01/20/2022,FAI,AK,AAL,WE,Combined TRACON& Tower with Radar,25,11,16,14,66,0,55,32,10,97,25,66,48,24,163,66,0,66,229
01/21/2022,FAI,AK,AAL,WE,Combined TRACON& Tower with Radar,25,16,21,2,64,0,49,56,0,105,25,65,77,2,169,60,2,62,231
01/22/2022,FAI,AK,AAL,WE,Combined TRACON& Tower with Radar,22,8,9,4,43,0,27,60,6,93,22,35,69,10,136,68,2,70,206
01/23/2022,FAI,AK,AAL,WE,Combined TRACON& Tower with Radar,22,11,1,0,34,0,15,58,0,73,22,26,59,0,107,104,0,104,211
01/24/2022,FAI,AK,AAL,WE,Combined TRACON& Tower with Radar,28,17,13,8,66,0,51,47,6,104,28,68,60,14,170,57,0,57,227
01/25/2022,FAI,AK,AAL,WE,Combined TRACON& Tower with Radar,27,26,23,17,93,2,20,14,5,41,29,46,37,22,134,64,4,68,202
01/26/2022,FAI,AK,AAL,WE,Combined TRACON& Tower with Radar,25,20,12,4,61,0,46,43,10,99,25,66,55,14,160,116,14,130,290
01/27/2022,FAI,AK,AAL,WE,Combined TRACON& Tower with Radar,25,19,10,9,63,0,33,40,1,74,25,52,50,10,137,1,64,65,202
01/28/2022,FAI,AK,AAL,WE,Combined TRACON& Tower with Radar,27,20,14,2,63,0,38,38,0,76,27,58,52,2,139,40,0,40,179
01/29/2022,FAI,AK,AAL,WE,Combined TRACON& Tower with Radar,25,9,6,0,40,0,20,48,0,68,25,29,54,0,108,71,0,71,179
01/30/2022,FAI,AK,AAL,WE,Combined TRACON& Tower with Radar,24,4,7,0,35,0,12,19,0,31,24,16,26,0,66,0,0,0,66
01/31/2022,FAI,AK,AAL,WE,Combined TRACON& Tower with Radar,28,8,8,2,46,0,42,23,4,69,28,50,31,6,115,6,37,43,158
02/01/2022,FAI,AK,AAL,WE,Combined TRACON& Tower with Radar,24,13,12,4,53,0,32,18,2,52,24,45,30,6,105,0,2,2,107
02/02/2022,FAI,AK,AAL,WE,Combined TRACON& Tower with Radar,23,22,9,5,59,0,45,28,0,73,23,67,37,5,132,12,4,16,148
02/03/2022,FAI,AK,AAL,WE,Combined TRACON& Tower with Radar,23,12,12,5,52,0,40,30,11,81,23,52,42,16,133,25,0,25,158
02/04/2022,FAI,AK,AAL,WE,Combined TRACON& Tower with Radar,23,13,18,0,54,0,43,39,2,84,23,56,57,2,138,12,0,12,150
02/05/2022,FAI,AK,AAL,WE,Combined TRACON& Tower with Radar,21,10,14,0,45,0,25,39,0,64,21,35,53,0,109,48,0,48,157
02/06/2022,FAI,AK,AAL,WE,Combined TRACON& Tower with Radar,22,7,4,0,33,0,16,22,0,38,22,23,26,0,71,8,0,8,79
02/07/2022,FAI,AK,AAL,WE,Combined TRACON& Tower with Radar,23,27,14,7,71,0,34,21,3,58,23,61,35,10,129,14,14,28,157
02/08/2022,FAI,AK,AAL,WE,Combined TRACON& Tower with Radar,24,19,10,4,57,0,38,32,9,79,24,57,42,13,136,22,0,22,158
02/09/2022,FAI,AK,AAL,WE,Combined TRACON& Tower with Radar,24,51,15,10,100,0,11,8,0,19,24,62,23,10,119,0,0,0,119
02/10/2022,FAI,AK,AAL,WE,Combined TRACON& Tower with Radar,26,20,17,13,76,0,39,40,6,85,26,59,57,19,161,0,2,2,163
02/11/2022,FAI,AK,AAL,WE,Combined TRACON& Tower with Radar,26,14,15,1,56,0,55,56,2,113,26,69,71,3,169,10,1,11,180
02/12/2022,FAI,AK,AAL,WE,Combined TRACON& Tower with Radar,20,5,13,0,38,0,17,44,0,61,20,22,57,0,99,58,1,59,158
02/13/2022,FAI,AK,AAL,WE,Combined TRACON& Tower with Radar,23,16,8,0,47,0,3,9,0,12,23,19,17,0,59,2,1,3,62
02/14/2022,FAI,AK,AAL,WE,Combined TRACON& Tower with Radar,23,7,12,10,52,0,36,42,6,84,23,43,54,16,136,8,6,14,150
02/15/2022,FAI,AK,AAL,WE,Combined TRACON& Tower with Radar,24,26,16,13,79,0,42,13,4,59,24,68,29,17,138,12,2,14,152
02/16/2022,FAI,AK,AAL,WE,Combined TRACON& Tower with Radar,29,33,16,5,83,0,33,18,3,54,29,66,34,8,137,16,6,22,159
02/17/2022,FAI,AK,AAL,WE,Combined TRACON& Tower with Radar,29,13,18,4,64,0,45,30,0,75,29,58,48,4,139,4,2,6,145
02/18/2022,FAI,AK,AAL,WE,Combined TRACON& Tower with Radar,27,44,14,0,85,0,6,0,0,6,27,50,14,0,91,0,0,0,91
02/19/2022,FAI,AK,AAL,WE,Combined TRACON& Tower with Radar,26,5,11,0,42,0,36,80,0,116,26,41,91,0,158,98,0,98,256
02/20/2022,FAI,AK,AAL,WE,Combined TRACON& Tower with Radar,28,8,1,1,38,0,9,66,0,75,28,17,67,1,113,88,1,89,202
02/21/2022,FAI,AK,AAL,WE,Combined TRACON& Tower with Radar,28,21,17,0,66,0,39,22,0,61,28,60,39,0,127,51,0,51,178
02/22/2022,FAI,AK,AAL,WE,Combined TRACON& Tower with Radar,28,35,31,4,98,0,9,0,0,9,28,44,31,4,107,0,8,8,115
02/23/2022,FAI,AK,AAL,WE,Combined TRACON& Tower with Radar,31,31,21,2,85,0,42,60,6,108,31,73,81,8,193,14,15,29,222
02/24/2022,FAI,AK,AAL,WE,Combined TRACON& Tower with Radar,28,15,13,22,78,0,58,52,13,123,28,73,65,35,201,52,40,92,293
02/25/2022,FAI,AK,AAL,WE,Combined TRACON& Tower with Radar,28,17,14,1,60,0,51,82,2,135,28,68,96,3,195,61,0,61,256
02/26/2022,FAI,AK,AAL,WE,Combined TRACON& Tower with Radar,29,7,12,0,48,0,20,71,1,92,29,27,83,1,140,89,0,89,229
02/27/2022,FAI,AK,AAL,WE,Combined TRACON& Tower with Radar,25,20,17,0,62,0,10,5,0,15,25,30,22,0,77,0,0,0,77
02/28/2022,FAI,AK,AAL,WE,Combined TRACON& Tower with Radar,30,29,18,7,84,0,19,12,2,33,30,48,30,9,117,0,0,0,117
03/01/2022,FAI,AK,AAL,WE,Combined TRACON& Tower with Radar,30,36,18,15,99,0,27,39,6,72,30,63,57,21,171,86,12,98,269
03/02/2022,FAI,AK,AAL,WE,Combined TRACON& Tower with Radar,28,24,19,7,78,0,45,56,3,104,28,69,75,10,182,6,8,14,196
03/03/2022,FAI,AK,AAL,WE,Combined TRACON& Tower with Radar,32,19,16,6,73,0,51,56,6,113,32,70,72,12,186,52,2,54,240
03/04/2022,FAI,AK,AAL,WE,Combined TRACON& Tower with Radar,27,14,12,8,61,1,49,52,6,108,28,63,64,14,169,98,12,110,279
03/05/2022,FAI,AK,AAL,WE,Combined TRACON& Tower with Radar,27,7,8,3,45,0,37,48,2,87,27,44,56,5,132,58,2,60,192
03/06/2022,FAI,AK,AAL,WE,Combined TRACON& Tower with Radar,27,15,9,4,55,0,10,25,1,36,27,25,34,5,91,80,6,86,177
03/07/2022,FAI,AK,AAL,WE,Combined TRACON& Tower with Radar,29,7,12,5,53,0,57,75,5,137,29,64,87,10,190,6,46,52,242
03/08/2022,FAI,AK,AAL,WE,Combined TRACON& Tower with Radar,26,11,15,13,65,0,52,84,4,140,26,63,99,17,205,68,10,78,283
03/09/2022,FAI,AK,AAL,WE,Combined TRACON& Tower with Radar,29,57,20,4,110,0,4,2,0,6,29,61,22,4,116,0,2,2,118
03/10/2022,FAI,AK,AAL,WE,Combined TRACON& Tower with Radar,28,19,19,8,74,0,36,30,1,67,28,55,49,9,141,16,3,19,160
03/11/2022,FAI,AK,AAL,WE,Combined TRACON& Tower with Radar,31,14,12,6,63,0,57,97,2,156,31,71,109,8,219,46,20,66,285
03/12/2022,FAI,AK,AAL,WE,Combined TRACON& Tower with Radar,27,8,5,6,46,0,25,50,8,83,27,33,55,14,129,72,9,81,210
03/13/2022,FAI,AK,AAL,WE,Combined TRACON& Tower with Radar,24,1,4,0,29,0,17,51,2,70,24,18,55,2,99,122,6,128,227
03/14/2022,FAI,AK,AAL,WE,Combined TRACON& Tower with Radar,27,7,13,6,53,0,53,49,5,107,27,60,62,11,160,0,1,1,161
03/15/2022,FAI,AK,AAL,WE,Combined TRACON& Tower with Radar,26,23,15,6,70,0,47,54,3,104,26,70,69,9,174,42,13,55,229
03/16/2022,FAI,AK,AAL,WE,Combined TRACON& Tower with Radar,27,18,13,4,62,0,59,73,0,132,27,77,86,4,194,47,2,49,243
03/17/2022,FAI,AK,AAL,WE,Combined TRACON& Tower with Radar,27,14,11,6,58,0,47,54,3,104,27,61,65,9,162,130,13,143,305
03/18/2022,FAI,AK,AAL,WE,Combined TRACON& Tower with Radar,28,14,26,5,73,0,44,95,4,143,28,58,121,9,216,76,4,80,296
03/19/2022,FAI,AK,AAL,WE,Combined TRACON& Tower with Radar,26,10,15,0,51,0,32,58,0,90,26,42,73,0,141,65,0,65,206
03/20/2022,FAI,AK,AAL,WE,Combined TRACON& Tower with Radar,26,11,10,3,50,0,12,53,5,70,26,23,63,8,120,63,14,77,197
03/21/2022,FAI,AK,AAL,WE,Combined TRACON& Tower with Radar,26,13,15,6,60,0,53,89,0,142,26,66,104,6,202,0,0,0,202
03/22/2022,FAI,AK,AAL,WE,Combined TRACON& Tower with Radar,26,20,10,23,79,0,47,58,0,105,26,67,68,23,184,94,23,117,301
03/23/2022,FAI,AK,AAL,WE,Combined TRACON& Tower with Radar,24,22,12,5,63,0,48,69,10,127,24,70,81,15,190,92,10,102,292
03/24/2022,FAI,AK,AAL,WE,Combined TRACON& Tower with Radar,27,19,13,5,64,0,56,105,2,163,27,75,118,7,227,98,2,100,327
03/25/2022,FAI,AK,AAL,WE,Combined TRACON& Tower with Radar,24,14,9,7,54,0,46,119,1,166,24,60,128,8,220,124,8,132,352
03/26/2022,FAI,AK,AAL,WE,Combined TRACON& Tower with Radar,22,10,7,2,41,0,44,140,0,184,22,54,147,2,225,194,2,196,421
03/27/2022,FAI,AK,AAL,WE,Combined TRACON& Tower with Radar,22,3,10,0,35,0,15,94,0,109,22,18,104,0,144,208,0,208,352
03/28/2022,FAI,AK,AAL,WE,Combined TRACON& Tower with Radar,24,15,12,14,65,0,50,60,7,117,24,65,72,21,182,86,4,90,272
03/29/2022,FAI,AK,AAL,WE,Combined TRACON& Tower with Radar,26,27,16,2,71,0,44,57,10,111,26,71,73,12,182,16,6,22,204
03/30/2022,FAI,AK,AAL,WE,Combined TRACON& Tower with Radar,25,22,26,4,77,0,49,65,2,116,25,71,91,6,193,74,10,84,277
03/31/2022,FAI,AK,AAL,WE,Combined TRACON& Tower with Radar,25,18,14,15,72,0,66,66,2,134,25,84,80,17,206,86,26,112,318
04/01/2022,FAI,AK,AAL,WE,Combined TRACON& Tower with Radar,19,18,21,2,60,0,59,78,2,139,19,77,99,4,199,56,0,56,255
04/02/2022,FAI,AK,AAL,WE,Combined TRACON& Tower with Radar,22,7,9,1,39,0,30,26,0,56,22,37,35,1,95,68,0,68,163
04/03/2022,FAI,AK,AAL,WE,Combined TRACON& Tower with Radar,22,10,9,1,42,0,22,81,1,104,22,32,90,2,146,124,0,124,270
04/04/2022,FAI,AK,AAL,WE,Combined TRACON& Tower with Radar,22,18,14,4,58,0,42,47,10,99,22,60,61,14,157,78,2,80,237
04/05/2022,FAI,AK,AAL,WE,Combined TRACON& Tower with Radar,24,23,17,9,73,0,30,55,3,88,24,53,72,12,161,34,2,36,197
04/06/2022,FAI,AK,AAL,WE,Combined TRACON& Tower with Radar,24,23,17,6,70,0,33,50,3,86,24,56,67,9,156,114,6,120,276
04/07/2022,FAI,AK,AAL,WE,Combined TRACON& Tower with Radar,26,13,20,5,64,0,54,76,11,141,26,67,96,16,205,144,4,148,353
04/08/2022,FAI,AK,AAL,WE,Combined TRACON& Tower with Radar,26,24,17,4,71,0,35,45,2,82,26,59,62,6,153,24,2,26,179
04/09/2022,FAI,AK,AAL,WE,Combined TRACON& Tower with Radar,24,11,9,0,44,0,40,112,2,154,24,51,121,2,198,203,0,203,401
04/10/2022,FAI,AK,AAL,WE,Combined TRACON& Tower with Radar,24,23,2,0,49,0,11,53,0,64,24,34,55,0,113,108,0,108,221
04/11/2022,FAI,AK,AAL,WE,Combined TRACON& Tower with Radar,25,11,14,6,56,0,46,95,0,141,25,57,109,6,197,172,2,174,371
04/12/2022,FAI,AK,AAL,WE,Combined TRACON& Tower with Radar,31,21,14,8,74,0,30,67,1,98,31,51,81,9,172,0,0,0,172
04/13/2022,FAI,AK,AAL,WE,Combined TRACON& Tower with Radar,26,23,12,7,68,0,50,89,1,140,26,73,101,8,208,148,2,150,358
04/14/2022,FAI,AK,AAL,WE,Combined TRACON& Tower with Radar,26,16,23,10,75,0,52,83,5,140,26,68,106,15,215,138,4,142,357
04/15/2022,FAI,AK,AAL,WE,Combined TRACON& Tower with Radar,26,17,18,0,61,0,58,86,3,147,26,75,104,3,208,103,0,103,311
04/16/2022,FAI,AK,AAL,WE,Combined TRACON& Tower with Radar,22,13,27,0,62,0,34,96,0,130,22,47,123,0,192,166,0,166,358
04/17/2022,FAI,AK,AAL,WE,Combined TRACON& Tower with Radar,22,5,5,3,35,0,9,76,1,86,22,14,81,4,121,162,0,162,283
04/18/2022,FAI,AK,AAL,WE,Combined TRACON& Tower with Radar,26,14,11,8,59,0,54,54,2,110,26,68,65,10,169,16,4,20,189
04/19/2022,FAI,AK,AAL,WE,Combined TRACON& Tower with Radar,25,12,16,5,58,0,48,82,5,135,25,60,98,10,193,80,10,90,283
04/20/2022,FAI,AK,AAL,WE,Combined TRACON& Tower with Radar,26,19,15,12,72,0,62,67,2,131,26,81,82,14,203,154,0,154,357
04/21/2022,FAI,AK,AAL,WE,Combined TRACON& Tower with Radar,31,17,18,11,77,0,52,59,10,121,31,69,77,21,198,112,2,114,312
04/22/2022,FAI,AK,AAL,WE,Combined TRACON& Tower with Radar,26,24,14,8,72,1,58,92,7,158,27,82,106,15,230,92,16,108,338
04/23/2022,FAI,AK,AAL,WE,Combined TRACON& Tower with Radar,24,8,14,1,47,0,29,95,2,126,24,37,109,3,173,236,0,236,409
04/24/2022,FAI,AK,AAL,WE,Combined TRACON& Tower with Radar,25,1,7,1,34,0,15,105,0,120,25,16,112,1,154,148,0,148,302
04/25/2022,FAI,AK,AAL,WE,Combined TRACON& Tower with Radar,25,12,10,5,52,0,58,61,0,119,25,70,71,5,171,142,10,152,323
04/26/2022,FAI,AK,AAL,WE,Combined TRACON& Tower with Radar,28,22,18,8,76,0,44,54,5,103,28,66,72,13,179,112,4,116,295
04/27/2022,FAI,AK,AAL,WE,Combined TRACON& Tower with Radar,26,21,12,8,67,0,50,58,2,110,26,71,70,10,177,92,10,102,279
04/28/2022,FAI,AK,AAL,WE,Combined TRACON& Tower with Radar,24,15,17,16,72,0,43,57,4,104,24,58,74,20,176,208,12,220,396
04/29/2022,FAI,AK,AAL,WE,Combined TRACON& Tower with Radar,26,25,15,4,70,0,51,65,3,119,26,76,80,7,189,234,10,244,433
04/30/2022,FAI,AK,AAL,WE,Combined TRACON& Tower with Radar,23,9,6,1,39,0,24,51,0,75,23,33,57,1,114,150,1,151,265
05/01/2022,FAI,AK,AAL,WE,Combined TRACON& Tower with Radar,23,8,7,3,41,0,13,76,2,91,23,21,83,5,132,256,0,256,388
05/02/2022,FAI,AK,AAL,WE,Combined TRACON& Tower with Radar,25,11,14,5,55,0,52,55,3,110,25,63,69,8,165,114,8,122,287
05/03/2022,FAI,AK,AAL,WE,Combined TRACON& Tower with Radar,28,15,16,5,64,0,53,54,2,109,28,68,70,7,173,140,0,140,313
05/04/2022,FAI,AK,AAL,WE,Combined TRACON& Tower with Radar,24,19,19,7,69,0,48,62,10,120,24,67,81,17,189,116,5,121,310
05/05/2022,FAI,AK,AAL,WE,Combined TRACON& Tower with Radar,30,23,20,6,79,0,54,44,9,107,30,77,64,15,186,124,10,134,320
05/06/2022,FAI,AK,AAL,WE,Combined TRACON& Tower with Radar,28,10,15,10,63,0,56,64,0,120,28,66,79,10,183,202,6,208,391
05/07/2022,FAI,AK,AAL,WE,Combined TRACON& Tower with Radar,23,17,7,0,47,0,28,65,2,95,23,45,72,2,142,99,0,99,241
05/08/2022,FAI,AK,AAL,WE,Combined TRACON& Tower with Radar,30,5,3,0,38,0,17,50,2,69,30,22,53,2,107,160,0,160,267
05/09/2022,FAI,AK,AAL,WE,Combined TRACON& Tower with Radar,31,50,19,7,107,0,7,6,0,13,31,57,25,7,120,2,0,2,122
05/10/2022,FAI,AK,AAL,WE,Combined TRACON& Tower with Radar,26,50,29,7,112,0,20,41,6,67,26,70,70,13,179,30,10,40,219
05/11/2022,FAI,AK,AAL,WE,Combined TRACON& Tower with Radar,25,29,26,4,84,0,66,116,7,189,25,95,142,11,273,240,12,252,525
05/12/2022,FAI,AK,AAL,WE,Combined TRACON& Tower with Radar,31,46,13,8,98,0,13,18,0,31,31,59,31,8,129,56,0,56,185
05/13/2022,FAI,AK,AAL,WE,Combined TRACON& Tower with Radar,31,35,25,5,96,0,32,53,0,85,31,67,78,5,181,152,0,152,333
05/14/2022,FAI,AK,AAL,WE,Combined TRACON& Tower with Radar,28,4,10,1,43,0,34,111,0,145,28,38,121,1,188,330,0,330,518
05/15/2022,FAI,AK,AAL,WE,Combined TRACON& Tower with Radar,24,11,14,0,49,0,21,117,0,138,24,32,131,0,187,217,0,217,404
05/16/2022,FAI,AK,AAL,WE,Combined TRACON& Tower with Radar,29,15,22,0,66,1,47,88,0,136,30,62,110,0,202,170,0,170,372
05/17/2022,FAI,AK,AAL,WE,Combined TRACON& Tower with Radar,30,12,28,1,71,0,58,92,5,155,30,70,120,6,226,104,2,106,332
05/18/2022,FAI,AK,AAL,WE,Combined TRACON& Tower with Radar,29,25,15,17,86,0,44,115,13,172,29,69,130,30,258,212,32,244,502
05/19/2022,FAI,AK,AAL,WE,Combined TRACON& Tower with Radar,28,16,22,7,73,0,46,142,12,200,28,62,164,19,273,120,2,122,395
05/20/2022,FAI,AK,AAL,WE,Combined TRACON& Tower with Radar,36,24,20,0,80,0,62,143,4,209,36,86,163,4,289,151,0,151,440
05/21/2022,FAI,AK,AAL,WE,Combined TRACON& Tower with Radar,30,4,20,0,54,0,42,130,3,175,30,46,150,3,229,250,1,251,480
05/22/2022,FAI,AK,AAL,WE,Combined TRACON& Tower with Radar,34,5,21,0,60,0,21,102,0,123,34,26,123,0,183,144,0,144,327
05/23/2022,FAI,AK,AAL,WE,Combined TRACON& Tower with Radar,33,21,21,0,75,0,67,105,0,172,33,88,126,0,247,127,0,127,374
05/24/2022,FAI,AK,AAL,WE,Combined TRACON& Tower with Radar,38,25,26,3,92,0,50,128,8,186,38,75,154,11,278,90,0,90,368
05/25/2022,FAI,AK,AAL,WE,Combined TRACON& Tower with Radar,39,21,27,9,96,0,59,105,10,174,39,80,132,19,270,145,8,153,423
05/26/2022,FAI,AK,AAL,WE,Combined TRACON& Tower with Radar,39,22,28,6,95,0,60,116,3,179,39,82,144,9,274,134,0,134,408
05/27/2022,FAI,AK,AAL,WE,Combined TRACON& Tower with Radar,36,21,22,3,82,0,69,150,4,223,36,90,172,7,305,160,0,160,465
05/28/2022,FAI,AK,AAL,WE,Combined TRACON& Tower with Radar,35,13,15,3,66,0,49,164,0,213,35,62,179,3,279,286,2,288,567
05/29/2022,FAI,AK,AAL,WE,Combined TRACON& Tower with Radar,39,10,15,4,68,0,33,114,0,147,39,43,129,4,215,191,1,192,407
05/30/2022,FAI,AK,AAL,WE,Combined TRACON& Tower with Radar,39,6,11,6,62,0,26,143,0,169,39,32,154,6,231,196,0,196,427
05/31/2022,FAI,AK,AAL,WE,Combined TRACON& Tower with Radar,36,16,21,11,84,0,75,129,8,212,36,91,150,19,296,158,0,158,454
06/01/2022,FAI,AK,AAL,WE,Combined TRACON& Tower with Radar,41,28,21,4,94,0,74,125,2,201,41,102,146,6,295,106,4,110,405
06/02/2022,FAI,AK,AAL,WE,Combined TRACON& Tower with Radar,40,12,14,6,72,0,65,164,4,233,40,77,178,10,305,142,0,142,447
06/03/2022,FAI,AK,AAL,WE,Combined TRACON& Tower with Radar,37,18,15,3,73,0,76,150,2,228,37,94,165,5,301,203,0,203,504
06/04/2022,FAI,AK,AAL,WE,Combined TRACON& Tower with Radar,39,12,17,2,70,0,45,195,4,244,39,57,212,6,314,238,0,238,552
06/05/2022,FAI,AK,AAL,WE,Combined TRACON& Tower with Radar,40,13,4,3,60,0,42,130,3,175,40,55,134,6,235,154,0,154,389
06/06/2022,FAI,AK,AAL,WE,Combined TRACON& Tower with Radar,39,11,16,6,72,0,64,132,2,198,39,75,148,8,270,117,12,129,399
06/07/2022,FAI,AK,AAL,WE,Combined TRACON& Tower with Radar,40,24,16,6,86,0,70,138,8,216,40,94,154,14,302,54,0,54,356
06/08/2022,FAI,AK,AAL,WE,Combined TRACON& Tower with Radar,39,24,16,14,93,0,66,133,2,201,39,90,149,16,294,81,10,91,385
06/09/2022,FAI,AK,AAL,WE,Combined TRACON& Tower with Radar,41,16,25,14,96,0,62,113,1,176,41,78,138,15,272,161,4,165,437
06/10/2022,FAI,AK,AAL,WE,Combined TRACON& Tower with Radar,41,21,21,6,89,0,52,141,2,195,41,73,162,8,284,188,0,188,472
06/11/2022,FAI,AK,AAL,WE,Combined TRACON& Tower with Radar,41,10,19,0,70,0,50,118,4,172,41,60,137,4,242,136,0,136,378
06/12/2022,FAI,AK,AAL,WE,Combined TRACON& Tower with Radar,42,11,12,0,65,0,23,117,0,140,42,34,129,0,205,153,0,153,358
06/13/2022,FAI,AK,AAL,WE,Combined TRACON& Tower with Radar,44,39,30,3,116,0,41,75,3,119,44,80,105,6,235,18,0,18,253
06/14/2022,FAI,AK,AAL,WE,Combined TRACON& Tower with Radar,40,21,19,8,88,0,63,90,4,157,40,84,109,12,245,150,16,166,411
06/15/2022,FAI,AK,AAL,WE,Combined TRACON& Tower with Radar,44,34,30,4,112,1,77,141,10,229,45,111,171,14,341,155,0,155,496
06/16/2022,FAI,AK,AAL,WE,Combined TRACON& Tower with Radar,38,30,16,6,90,2,74,158,13,247,40,104,174,19,337,294,12,306,643
06/17/2022,FAI,AK,AAL,WE,Combined TRACON& Tower with Radar,35,24,24,1,84,0,81,187,5,273,35,105,211,6,357,184,0,184,541
06/18/2022,FAI,AK,AAL,WE,Combined TRACON& Tower with Radar,33,16,20,0,69,0,48,137,0,185,33,64,157,0,254,106,0,106,360
06/19/2022,FAI,AK,AAL,WE,Combined TRACON& Tower with Radar,34,8,8,0,50,0,53,128,4,185,34,61,136,4,235,135,0,135,370
06/20/2022,FAI,AK,AAL,WE,Combined TRACON& Tower with Radar,36,22,23,3,84,0,55,103,3,161,36,77,126,6,245,74,0,74,319
06/21/2022,FAI,AK,AAL,WE,Combined TRACON& Tower with Radar,36,30,23,8,97,2,78,136,2,218,38,108,159,10,315,154,3,157,472
06/22/2022,FAI,AK,AAL,WE,Combined TRACON& Tower with Radar,38,23,20,11,92,0,85,173,2,260,38,108,193,13,352,154,0,154,506
06/23/2022,FAI,AK,AAL,WE,Combined TRACON& Tower with Radar,42,23,23,8,96,0,56,131,5,192,42,79,154,13,288,94,2,96,384
06/24/2022,FAI,AK,AAL,WE,Combined TRACON& Tower with Radar,38,22,27,0,87,0,87,155,1,243,38,109,182,1,330,165,0,165,495
06/25/2022,FAI,AK,AAL,WE,Combined TRACON& Tower with Radar,33,16,24,0,73,0,42,84,0,126,33,58,108,0,199,16,0,16,215
06/26/2022,FAI,AK,AAL,WE,Combined TRACON& Tower with Radar,34,15,18,0,67,1,15,82,2,100,35,30,100,2,167,54,0,54,221
06/27/2022,FAI,AK,AAL,WE,Combined TRACON& Tower with Radar,35,66,41,6,148,0,10,51,0,61,35,76,92,6,209,0,0,0,209
06/28/2022,FAI,AK,AAL,WE,Combined TRACON& Tower with Radar,40,68,43,10,161,0,5,23,0,28,40,73,66,10,189,4,0,4,193
06/29/2022,FAI,AK,AAL,WE,Combined TRACON& Tower with Radar,39,36,39,2,116,0,62,87,3,152,39,98,126,5,268,88,0,88,356
06/30/2022,FAI,AK,AAL,WE,Combined TRACON& Tower with Radar,39,79,45,15,178,8,8,61,0,77,47,87,106,15,255,0,1,1,256
07/01/2022,FAI,AK,AAL,WE,Combined TRACON& Tower with Radar,36,32,32,5,105,11,73,122,3,209,47,105,154,8,314,106,0,106,420
07/02/2022,FAI,AK,AAL,WE,Combined TRACON& Tower with Radar,34,32,30,4,100,5,19,59,2,85,39,51,89,6,185,54,0,54,239
07/03/2022,FAI,AK,AAL,WE,Combined TRACON& Tower with Radar,37,20,11,7,75,0,15,32,0,47,37,35,43,7,122,8,0,8,130
07/04/2022,FAI,AK,AAL,WE,Combined TRACON& Tower with Radar,34,19,13,1,67,7,24,55,7,93,41,43,68,8,160,72,0,72,232
07/05/2022,FAI,AK,AAL,WE,Combined TRACON& Tower with Radar,33,60,57,5,155,0,21,18,1,40,33,81,75,6,195,0,0,0,195
07/06/2022,FAI,AK,AAL,WE,Combined TRACON& Tower with Radar,37,72,51,9,169,11,41,68,3,123,48,113,119,12,292,42,0,42,334
07/07/2022,FAI,AK,AAL,WE,Combined TRACON& Tower with Radar,44,38,24,8,114,1,77,175,24,277,45,115,199,32,391,263,0,263,654
07/08/2022,FAI,AK,AAL,WE,Combined TRACON& Tower with Radar,33,24,22,11,90,2,91,191,4,288,35,115,213,15,378,116,4,120,498
07/09/2022,FAI,AK,AAL,WE,Combined TRACON& Tower with Radar,34,28,41,1,104,0,18,33,0,51,34,46,74,1,155,20,0,20,175
07/10/2022,FAI,AK,AAL,WE,Combined TRACON& Tower with Radar,35,26,31,1,93,1,15,23,0,39,36,41,54,1,132,22,0,22,154
07/11/2022,FAI,AK,AAL,WE,Combined TRACON& Tower with Radar,38,58,43,5,144,6,20,45,0,71,44,78,88,5,215,0,0,0,215
07/12/2022,FAI,AK,AAL,WE,Combined TRACON& Tower with Radar,39,33,27,9,108,17,60,109,6,192,56,93,136,15,300,224,2,226,526
07/13/2022,FAI,AK,AAL,WE,Combined TRACON& Tower with Radar,41,47,33,11,132,0,54,105,9,168,41,101,138,20,300,96,5,101,401
07/14/2022,FAI,AK,AAL,WE,Combined TRACON& Tower with Radar,47,20,26,7,100,5,75,219,5,304,52,95,245,12,404,132,4,136,540
07/15/2022,FAI,AK,AAL,WE,Combined TRACON& Tower with Radar,37,24,30,2,93,1,52,165,3,221,38,76,195,5,314,170,2,172,486
07/16/2022,FAI,AK,AAL,WE,Combined TRACON& Tower with Radar,32,20,13,0,65,0,15,93,2,110,32,35,106,2,175,286,0,286,461
07/17/2022,FAI,AK,AAL,WE,Combined TRACON& Tower with Radar,37,12,19,2,70,0,18,150,0,168,37,30,169,2,238,222,0,222,460
07/18/2022,FAI,AK,AAL,WE,Combined TRACON& Tower with Radar,35,34,25,11,105,0,37,98,2,137,35,71,123,13,242,225,4,229,471
07/19/2022,FAI,AK,AAL,WE,Combined TRACON& Tower with Radar,37,54,38,10,139,0,42,68,7,117,37,96,106,17,256,189,0,189,445
07/20/2022,FAI,AK,AAL,WE,Combined TRACON& Tower with Radar,38,25,34,13,110,0,69,207,4,280,38,94,241,17,390,143,0,143,533
07/21/2022,FAI,AK,AAL,WE,Combined TRACON& Tower with Radar,39,25,22,5,91,0,60,173,4,237,39,85,195,9,328,252,0,252,580
07/22/2022,FAI,AK,AAL,WE,Combined TRACON& Tower with Radar,38,40,22,0,100,0,37,104,2,143,38,77,126,2,243,100,0,100,343
07/23/2022,FAI,AK,AAL,WE,Combined TRACON& Tower with Radar,34,11,23,3,71,0,48,183,1,232,34,59,206,4,303,222,0,222,525
07/24/2022,FAI,AK,AAL,WE,Combined TRACON& Tower with Radar,35,5,18,4,62,0,38,186,3,227,35,43,204,7,289,122,44,166,455
07/25/2022,FAI,AK,AAL,WE,Combined TRACON& Tower with Radar,41,17,14,17,89,0,60,108,8,176,41,77,122,25,265,82,0,82,347
07/26/2022,FAI,AK,AAL,WE,Combined TRACON& Tower with Radar,35,21,17,10,83,0,37,66,8,111,35,58,83,18,194,49,5,54,248
07/27/2022,FAI,AK,AAL,WE,Combined TRACON& Tower with Radar,39,43,30,13,125,0,41,130,2,173,39,84,160,15,298,104,0,104,402
07/28/2022,FAI,AK,AAL,WE,Combined TRACON& Tower with Radar,40,22,17,2,81,0,64,186,0,250,40,86,203,2,331,114,0,114,445
07/29/2022,FAI,AK,AAL,WE,Combined TRACON& Tower with Radar,37,20,22,1,80,0,57,195,1,253,37,77,217,2,333,171,0,171,504
07/30/2022,FAI,AK,AAL,WE,Combined TRACON& Tower with Radar,31,10,15,1,57,0,31,182,5,218,31,41,197,6,275,221,0,221,496
07/31/2022,FAI,AK,AAL,WE,Combined TRACON& Tower with Radar,32,8,9,0,49,0,24,147,0,171,32,32,156,0,220,142,0,142,362
08/01/2022,FAI,AK,AAL,WE,Combined TRACON& Tower with Radar,37,17,16,2,72,0,62,93,3,158,37,79,109,5,230,78,0,78,308
08/02/2022,FAI,AK,AAL,WE,Combined TRACON& Tower with Radar,37,28,12,8,85,0,62,92,3,157,37,90,104,11,242,221,0,221,463
08/03/2022,FAI,AK,AAL,WE,Combined TRACON& Tower with Radar,40,27,25,8,100,0,67,159,5,231,40,94,184,13,331,188,2,190,521
08/04/2022,FAI,AK,AAL,WE,Combined TRACON& Tower with Radar,38,14,16,5,73,0,65,173,1,239,38,79,189,6,312,88,0,88,400
08/05/2022,FAI,AK,AAL,WE,Combined TRACON& Tower with Radar,33,62,32,0,127,0,20,48,0,68,33,82,80,0,195,64,0,64,259
08/06/2022,FAI,AK,AAL,WE,Combined TRACON& Tower with Radar,33,30,28,0,91,0,31,59,5,95,33,61,87,5,186,139,0,139,325
08/07/2022,FAI,AK,AAL,WE,Combined TRACON& Tower with Radar,36,16,33,0,85,0,27,174,0,201,36,43,207,0,286,168,0,168,454
08/08/2022,FAI,AK,AAL,WE,Combined TRACON& Tower with Radar,34,31,32,2,99,0,49,62,0,111,34,80,94,2,210,72,0,72,282
08/09/2022,FAI,AK,AAL,WE,Combined TRACON& Tower with Radar,35,30,35,8,108,0,49,75,2,126,35,79,110,10,234,142,0,142,376
08/10/2022,FAI,AK,AAL,WE,Combined TRACON& Tower with Radar,36,30,22,3,91,0,86,216,2,304,36,116,238,5,395,170,0,170,565
08/11/2022,FAI,AK,AAL,WE,Combined TRACON& Tower with Radar,38,22,20,3,83,0,65,186,7,258,38,87,206,10,341,166,2,168,509
08/12/2022,FAI,AK,AAL,WE,Combined TRACON& Tower with Radar,37,32,24,3,96,0,77,193,0,270,37,109,217,3,366,134,0,134,500
08/13/2022,FAI,AK,AAL,WE,Combined TRACON& Tower with Radar,33,9,21,3,66,0,42,164,0,206,33,51,185,3,272,194,0,194,466
08/14/2022,FAI,AK,AAL,WE,Combined TRACON& Tower with Radar,37,9,21,5,72,0,23,161,5,189,37,32,182,10,261,178,0,178,439
08/15/2022,FAI,AK,AAL,WE,Combined TRACON& Tower with Radar,40,19,19,5,83,0,55,124,0,179,40,74,143,5,262,61,0,61,323
08/16/2022,FAI,AK,AAL,WE,Combined TRACON& Tower with Radar,34,24,20,4,82,0,58,150,4,212,34,82,170,8,294,120,0,120,414
08/17/2022,FAI,AK,AAL,WE,Combined TRACON& Tower with Radar,38,23,17,19,97,0,61,128,12,201,38,84,145,31,298,186,12,198,496
08/18/2022,FAI,AK,AAL,WE,Combined TRACON& Tower with Radar,44,28,21,7,100,0,57,143,9,209,44,85,164,16,309,156,0,156,465
08/19/2022,FAI,AK,AAL,WE,Combined TRACON& Tower with Radar,38,37,28,16,119,0,53,161,8,222,38,90,189,24,341,110,2,112,453
08/20/2022,FAI,AK,AAL,WE,Combined TRACON& Tower with Radar,33,10,20,6,69,0,46,175,0,221,33,56,195,6,290,200,0,200,490
08/21/2022,FAI,AK,AAL,WE,Combined TRACON& Tower with Radar,35,11,14,2,62,0,28,183,0,211,35,39,197,2,273,164,0,164,437
08/22/2022,FAI,AK,AAL,WE,Combined TRACON& Tower with Radar,39,16,24,6,85,0,56,148,4,208,39,72,172,10,293,88,0,88,381
08/23/2022,FAI,AK,AAL,WE,Combined TRACON& Tower with Radar,39,22,24,10,95,0,51,109,5,165,39,73,133,15,260,126,20,146,406
08/24/2022,FAI,AK,AAL,WE,Combined TRACON& Tower with Radar,36,22,26,15,99,0,57,192,5,254,36,79,218,20,353,135,16,151,504
08/25/2022,FAI,AK,AAL,WE,Combined TRACON& Tower with Radar,40,22,28,12,102,0,50,158,7,215,40,72,186,19,317,180,8,188,505
08/26/2022,FAI,AK,AAL,WE,Combined TRACON& Tower with Radar,35,16,22,3,76,0,54,108,2,164,35,70,130,5,240,76,6,82,322
08/27/2022,FAI,AK,AAL,WE,Combined TRACON& Tower with Radar,33,17,27,2,79,0,34,90,2,126,33,51,117,4,205,92,0,92,297
08/28/2022,FAI,AK,AAL,WE,Combined TRACON& Tower with Radar,36,10,13,0,59,0,31,143,1,175,36,41,156,1,234,110,0,110,344
08/29/2022,FAI,AK,AAL,WE,Combined TRACON& Tower with Radar,34,22,29,5,90,0,50,153,5,208,34,72,182,10,298,56,4,60,358
08/30/2022,FAI,AK,AAL,WE,Combined TRACON& Tower with Radar,38,42,31,26,137,0,47,108,12,167,38,89,139,38,304,76,12,88,392
08/31/2022,FAI,AK,AAL,WE,Combined TRACON& Tower with Radar,40,27,20,5,92,0,78,152,4,234,40,105,172,9,326,90,10,100,426
09/01/2022,FAI,AK,AAL,WE,Combined TRACON& Tower with Radar,40,23,26,10,99,0,64,98,14,176,40,87,124,24,275,50,12,62,337
09/02/2022,FAI,AK,AAL,WE,Combined TRACON& Tower with Radar,40,22,27,3,92,0,48,192,6,246,40,70,219,9,338,91,0,91,429
09/03/2022,FAI,AK,AAL,WE,Combined TRACON& Tower with Radar,32,19,15,2,68,0,36,122,5,163,32,55,137,7,231,134,0,134,365
09/04/2022,FAI,AK,AAL,WE,Combined TRACON& Tower with Radar,34,9,15,4,62,0,25,86,1,112,34,34,101,5,174,64,0,64,238
09/05/2022,FAI,AK,AAL,WE,Combined TRACON& Tower with Radar,36,4,26,5,71,0,18,197,9,224,36,22,223,14,295,142,0,142,437
09/06/2022,FAI,AK,AAL,WE,Combined TRACON& Tower with Radar,30,11,18,11,70,0,62,158,7,227,30,73,176,18,297,132,4,136,433
09/07/2022,FAI,AK,AAL,WE,Combined TRACON& Tower with Radar,28,38,37,10,113,0,42,154,1,197,28,80,191,11,310,92,6,98,408
09/08/2022,FAI,AK,AAL,WE,Combined TRACON& Tower with Radar,31,15,15,13,74,0,85,83,3,171,31,100,98,16,245,66,8,74,319
09/09/2022,FAI,AK,AAL,WE,Combined TRACON& Tower with Radar,25,34,21,14,94,0,53,65,2,120,25,87,86,16,214,8,6,14,228
09/10/2022,FAI,AK,AAL,WE,Combined TRACON& Tower with Radar,25,23,20,1,69,0,35,143,0,178,25,58,163,1,247,92,0,92,339
09/11/2022,FAI,AK,AAL,WE,Combined TRACON& Tower with Radar,26,6,18,1,51,0,39,222,1,262,26,45,240,2,313,156,0,156,469
09/12/2022,FAI,AK,AAL,WE,Combined TRACON& Tower with Radar,25,19,14,11,69,0,57,183,1,241,25,76,197,12,310,92,0,92,402
09/13/2022,FAI,AK,AAL,WE,Combined TRACON& Tower with Radar,31,24,28,17,100,0,66,173,12,251,31,90,201,29,351,144,2,146,497
09/14/2022,FAI,AK,AAL,WE,Combined TRACON& Tower with Radar,24,62,45,9,140,0,15,5,0,20,24,77,50,9,160,14,0,14,174
09/15/2022,FAI,AK,AAL,WE,Combined TRACON& Tower with Radar,26,33,38,7,104,0,49,135,8,192,26,82,173,15,296,100,0,100,396
09/16/2022,FAI,AK,AAL,WE,Combined TRACON& Tower with Radar,30,26,25,0,81,0,37,163,3,203,30,63,188,3,284,162,1,163,447
09/17/2022,FAI,AK,AAL,WE,Combined TRACON& Tower with Radar,28,5,15,2,50,0,34,104,3,141,28,39,119,5,191,93,0,93,284
09/18/2022,FAI,AK,AAL,WE,Combined TRACON& Tower with Radar,24,9,17,4,54,0,24,188,3,215,24,33,205,7,269,125,0,125,394
09/19/2022,FAI,AK,AAL,WE,Combined TRACON& Tower with Radar,28,13,22,6,69,0,69,146,5,220,28,82,168,11,289,60,0,60,349
09/20/2022,FAI,AK,AAL,WE,Combined TRACON& Tower with Radar,28,29,31,17,105,0,41,90,3,134,28,70,121,20,239,148,22,170,409
09/21/2022,FAI,AK,AAL,WE,Combined TRACON& Tower with Radar,25,34,16,5,80,0,61,105,5,171,25,95,121,10,251,90,2,92,343
09/22/2022,FAI,AK,AAL,WE,Combined TRACON& Tower with Radar,25,56,28,4,113,1,21,55,2,79,26,77,83,6,192,21,0,21,213
09/23/2022,FAI,AK,AAL,WE,Combined TRACON& Tower with Radar,32,21,18,10,81,0,61,173,2,236,32,82,191,12,317,108,4,112,429
09/24/2022,FAI,AK,AAL,WE,Combined TRACON& Tower with Radar,24,16,10,1,51,0,32,146,1,179,24,48,156,2,230,90,0,90,320
09/25/2022,FAI,AK,AAL,WE,Combined TRACON& Tower with Radar,24,8,25,2,59,0,29,150,1,180,24,37,175,3,239,112,0,112,351
09/26/2022,FAI,AK,AAL,WE,Combined TRACON& Tower with Radar,27,14,10,4,55,0,72,73,1,146,27,86,83,5,201,104,0,104,305
09/27/2022,FAI,AK,AAL,WE,Combined TRACON& Tower with Radar,31,49,34,5,119,0,36,25,4,65,31,85,59,9,184,0,0,0,184
09/28/2022,FAI,AK,AAL,WE,Combined TRACON& Tower with Radar,25,25,21,0,71,0,63,112,1,176,25,88,133,1,247,102,22,124,371
09/29/2022,FAI,AK,AAL,WE,Combined TRACON& Tower with Radar,27,17,17,5,66,0,44,147,5,196,27,61,164,10,262,220,5,225,487
09/30/2022,FAI,AK,AAL,WE,Combined TRACON& Tower with Radar,27,33,18,1,79,0,48,151,1,200,27,81,169,2,279,228,0,228,507
10/01/2022,FAI,AK,AAL,WE,Combined TRACON& Tower with Radar,25,15,19,17,76,0,32,83,0,115,25,47,102,17,191,80,16,96,287
10/02/2022,FAI,AK,AAL,WE,Combined TRACON& Tower with Radar,21,15,15,0,51,0,13,50,0,63,21,28,65,0,114,114,0,114,228
10/03/2022,FAI,AK,AAL,WE,Combined TRACON& Tower with Radar,26,26,26,9,87,0,44,110,2,156,26,70,136,11,243,122,4,126,369
10/04/2022,FAI,AK,AAL,WE,Combined TRACON& Tower with Radar,26,13,16,11,66,0,44,128,4,176,26,57,144,15,242,104,0,104,346
10/05/2022,FAI,AK,AAL,WE,Combined TRACON& Tower with Radar,20,24,13,6,63,0,56,112,8,176,20,80,125,14,239,146,6,152,391
10/06/2022,FAI,AK,AAL,WE,Combined TRACON& Tower with Radar,22,21,14,14,71,0,50,78,2,130,22,71,92,16,201,162,0,162,363
10/07/2022,FAI,AK,AAL,WE,Combined TRACON& Tower with Radar,27,30,17,0,74,0,32,45,0,77,27,62,62,0,151,110,0,110,261
10/08/2022,FAI,AK,AAL,WE,Combined TRACON& Tower with Radar,19,11,8,0,38,0,25,52,0,77,19,36,60,0,115,222,0,222,337
10/09/2022,FAI,AK,AAL,WE,Combined TRACON& Tower with Radar,23,20,0,0,43,0,1,0,0,1,23,21,0,0,44,6,0,6,50
10/10/2022,FAI,AK,AAL,WE,Combined TRACON& Tower with Radar,22,18,28,0,68,0,41,66,0,107,22,59,94,0,175,35,0,35,210
10/11/2022,FAI,AK,AAL,WE,Combined TRACON& Tower with Radar,26,38,18,11,93,0,49,30,0,79,26,87,48,11,172,42,0,42,214
10/12/2022,FAI,AK,AAL,WE,Combined TRACON& Tower with Radar,23,36,25,20,104,0,31,34,2,67,23,67,59,22,171,66,6,72,243
10/13/2022,FAI,AK,AAL,WE,Combined TRACON& Tower with Radar,26,31,10,7,74,0,39,60,5,104,26,70,70,12,178,82,8,90,268
10/14/2022,FAI,AK,AAL,WE,Combined TRACON& Tower with Radar,22,14,22,5,63,0,63,100,1,164,22,77,122,6,227,118,0,118,345
10/15/2022,FAI,AK,AAL,WE,Combined TRACON& Tower with Radar,23,13,8,2,46,0,24,63,2,89,23,37,71,4,135,92,0,92,227
10/16/2022,FAI,AK,AAL,WE,Combined TRACON& Tower with Radar,25,4,3,0,32,0,4,76,0,80,25,8,79,0,112,176,0,176,288
10/17/2022,FAI,AK,AAL,WE,Combined TRACON& Tower with Radar,26,15,17,11,69,0,46,66,8,120,26,61,83,19,189,118,1,119,308
10/18/2022,FAI,AK,AAL,WE,Combined TRACON& Tower with Radar,23,21,15,8,67,0,42,57,6,105,23,63,72,14,172,108,22,130,302
10/19/2022,FAI,AK,AAL,WE,Combined TRACON& Tower with Radar,22,43,22,2,89,0,5,3,0,8,22,48,25,2,97,2,2,4,101
10/20/2022,FAI,AK,AAL,WE,Combined TRACON& Tower with Radar,27,27,18,14,86,0,40,43,3,86,27,67,61,17,172,122,12,134,306
10/21/2022,FAI,AK,AAL,WE,Combined TRACON& Tower with Radar,25,51,17,0,93,0,5,1,0,6,25,56,18,0,99,0,1,1,100
10/22/2022,FAI,AK,AAL,WE,Combined TRACON& Tower with Radar,26,36,14,1,77,0,3,2,0,5,26,39,16,1,82,0,0,0,82
10/23/2022,FAI,AK,AAL,WE,Combined TRACON& Tower with Radar,24,10,6,3,43,0,1,2,0,3,24,11,8,3,46,0,0,0,46
10/24/2022,FAI,AK,AAL,WE,Combined TRACON& Tower with Radar,26,18,25,1,70,0,54,70,0,124,26,72,95,1,194,111,0,111,305
10/25/2022,FAI,AK,AAL,WE,Combined TRACON& Tower with Radar,24,23,18,5,70,0,53,77,6,136,24,76,95,11,206,80,2,82,288
10/26/2022,FAI,AK,AAL,WE,Combined TRACON& Tower with Radar,21,24,12,7,64,0,62,68,5,135,21,86,80,12,199,103,0,103,302
10/27/2022,FAI,AK,AAL,WE,Combined TRACON& Tower with Radar,24,23,20,13,80,0,43,68,4,115,24,66,88,17,195,64,8,72,267
10/28/2022,FAI,AK,AAL,WE,Combined TRACON& Tower with Radar,28,19,15,2,64,0,52,72,0,124,28,71,87,2,188,98,2,100,288
10/29/2022,FAI,AK,AAL,WE,Combined TRACON& Tower with Radar,20,4,7,0,31,0,24,63,2,89,20,28,70,2,120,100,0,100,220
10/30/2022,FAI,AK,AAL,WE,Combined TRACON& Tower with Radar,24,11,3,1,39,0,14,20,2,36,24,25,23,3,75,62,0,62,137
10/31/2022,FAI,AK,AAL,WE,Combined TRACON& Tower with Radar,20,13,11,2,46,0,49,25,2,76,20,62,36,4,122,114,0,114,236
11/01/2022,FAI,AK,AAL,WE,Combined TRACON& Tower with Radar,23,22,17,9,71,0,39,17,4,60,23,61,34,13,131,12,0,12,143
11/02/2022,FAI,AK,AAL,WE,Combined TRACON& Tower with Radar,30,32,16,2,80,0,51,33,0,84,30,83,49,2,164,54,4,58,222
11/03/2022,FAI,AK,AAL,WE,Combined TRACON& Tower with Radar,25,41,30,8,104,0,17,3,0,20,25,58,33,8,124,0,0,0,124
11/04/2022,FAI,AK,AAL,WE,Combined TRACON& Tower with Radar,25,35,19,2,81,0,30,16,0,46,25,65,35,2,127,0,0,0,127
11/05/2022,FAI,AK,AAL,WE,Combined TRACON& Tower with Radar,21,6,7,1,35,0,35,56,0,91,21,41,63,1,126,134,0,134,260
11/06/2022,FAI,AK,AAL,WE,Combined TRACON& Tower with Radar,24,6,4,4,38,0,10,48,0,58,24,16,52,4,96,112,3,115,211
11/07/2022,FAI,AK,AAL,WE,Combined TRACON& Tower with Radar,22,12,11,3,48,0,54,37,0,91,22,66,48,3,139,54,0,54,193
11/08/2022,FAI,AK,AAL,WE,Combined TRACON& Tower with Radar,25,32,10,4,71,0,43,26,2,71,25,75,36,6,142,44,4,48,190
11/09/2022,FAI,AK,AAL,WE,Combined TRACON& Tower with Radar,22,31,12,5,70,0,33,27,6,66,22,64,39,11,136,67,1,68,204
11/10/2022,FAI,AK,AAL,WE,Combined TRACON& Tower with Radar,24,35,17,5,81,0,15,2,0,17,24,50,19,5,98,0,0,0,98
11/11/2022,FAI,AK,AAL,WE,Combined TRACON& Tower with Radar,26,12,15,2,55,0,44,59,0,103,26,56,74,2,158,41,0,41,199
11/12/2022,FAI,AK,AAL,WE,Combined TRACON& Tower with Radar,21,10,6,0,37,0,25,65,0,90,21,35,71,0,127,156,0,156,283
11/13/2022,FAI,AK,AAL,WE,Combined TRACON& Tower with Radar,25,15,5,0,45,0,8,54,1,63,25,23,59,1,108,118,0,118,226
11/14/2022,FAI,AK,AAL,WE,Combined TRACON& Tower with Radar,23,41,21,2,87,0,12,0,0,12,23,53,21,2,99,0,0,0,99
11/15/2022,FAI,AK,AAL,WE,Combined TRACON& Tower with Radar,24,44,24,15,107,0,30,32,0,62,24,74,56,15,169,30,4,34,203
11/16/2022,FAI,AK,AAL,WE,Combined TRACON& Tower with Radar,25,26,13,6,70,0,64,60,0,124,25,90,73,6,194,56,2,58,252
11/17/2022,FAI,AK,AAL,WE,Combined TRACON& Tower with Radar,26,23,17,12,78,0,56,55,8,119,26,79,72,20,197,94,2,96,293
11/18/2022,FAI,AK,AAL,WE,Combined TRACON& Tower with Radar,25,20,11,2,58,0,49,63,0,112,25,69,74,2,170,28,1,29,199
11/19/2022,FAI,AK,AAL,WE,Combined TRACON& Tower with Radar,28,10,4,0,42,0,22,82,0,104,28,32,86,0,146,128,0,128,274
11/20/2022,FAI,AK,AAL,WE,Combined TRACON& Tower with Radar,27,10,10,0,47,0,19,63,0,82,27,29,73,0,129,132,0,132,261
11/21/2022,FAI,AK,AAL,WE,Combined TRACON& Tower with Radar,28,15,15,12,70,0,45,32,0,77,28,60,47,12,147,26,24,50,197
11/22/2022,FAI,AK,AAL,WE,Combined TRACON& Tower with Radar,30,28,21,18,97,0,47,27,12,86,30,75,48,30,183,12,4,16,199
11/23/2022,FAI,AK,AAL,WE,Combined TRACON& Tower with Radar,30,58,20,0,108,0,7,0,0,7,30,65,20,0,115,0,0,0,115
11/24/2022,FAI,AK,AAL,WE,Combined TRACON& Tower with Radar,18,12,3,0,33,0,0,0,0,0,18,12,3,0,33,0,0,0,33
11/25/2022,FAI,AK,AAL,WE,Combined TRACON& Tower with Radar,25,46,19,0,90,1,12,8,0,21,26,58,27,0,111,4,0,4,115
11/26/2022,FAI,AK,AAL,WE,Combined TRACON& Tower with Radar,28,23,13,0,64,0,12,4,0,16,28,35,17,0,80,23,0,23,103
11/27/2022,FAI,AK,AAL,WE,Combined TRACON& Tower with Radar,29,6,10,0,45,0,5,12,0,17,29,11,22,0,62,32,0,32,94
11/28/2022,FAI,AK,AAL,WE,Combined TRACON& Tower with Radar,28,15,15,16,74,0,56,68,3,127,28,71,83,19,201,56,2,58,259
11/29/2022,FAI,AK,AAL,WE,Combined TRACON& Tower with Radar,26,25,11,9,71,0,75,47,14,136,26,100,58,23,207,20,8,28,235
11/30/2022,FAI,AK,AAL,WE,Combined TRACON& Tower with Radar,21,28,15,2,66,0,23,23,0,46,21,51,38,2,112,2,2,4,116
12/01/2022,FAI,AK,AAL,WE,Combined TRACON& Tower with Radar,24,24,28,4,80,0,53,30,6,89,24,77,58,10,169,40,0,40,209
12/02/2022,FAI,AK,AAL,WE,Combined TRACON& Tower with Radar,24,28,7,8,67,0,7,6,0,13,24,35,13,8,80,0,0,0,80
12/03/2022,FAI,AK,AAL,WE,Combined TRACON& Tower with Radar,22,20,15,0,57,0,14,10,0,24,22,34,25,0,81,12,0,12,93
12/04/2022,FAI,AK,AAL,WE,Combined TRACON& Tower with Radar,24,9,13,2,48,0,45,52,0,97,24,54,65,2,145,114,0,114,259
12/05/2022,FAI,AK,AAL,WE,Combined TRACON& Tower with Radar,26,40,17,8,91,0,31,21,3,55,26,71,38,11,146,36,2,38,184
12/06/2022,FAI,AK,AAL,WE,Combined TRACON& Tower with Radar,25,42,25,9,101,0,29,17,0,46,25,71,42,9,147,30,0,30,177
12/07/2022,FAI,AK,AAL,WE,Combined TRACON& Tower with Radar,27,42,27,1,97,0,25,2,1,28,27,67,29,2,125,14,4,18,143
12/08/2022,FAI,AK,AAL,WE,Combined TRACON& Tower with Radar,29,49,32,6,116,0,15,2,2,19,29,64,34,8,135,28,2,30,165
12/09/2022,FAI,AK,AAL,WE,Combined TRACON& Tower with Radar,25,42,19,2,88,0,24,22,2,48,25,66,41,4,136,170,0,170,306
12/10/2022,FAI,AK,AAL,WE,Combined TRACON& Tower with Radar,25,6,7,0,38,0,27,25,0,52,25,33,32,0,90,0,0,0,90
12/11/2022,FAI,AK,AAL,WE,Combined TRACON& Tower with Radar,20,11,2,0,33,0,15,24,0,39,20,26,26,0,72,70,0,70,142
12/12/2022,FAI,AK,AAL,WE,Combined TRACON& Tower with Radar,26,35,28,0,89,0,13,4,0,17,26,48,32,0,106,2,0,2,108
12/13/2022,FAI,AK,AAL,WE,Combined TRACON& Tower with Radar,30,26,20,5,81,0,56,37,4,97,30,82,57,9,178,6,10,16,194
12/14/2022,FAI,AK,AAL,WE,Combined TRACON& Tower with Radar,22,26,19,2,69,0,52,47,43,142,22,78,66,45,211,1,0,1,212
12/15/2022,FAI,AK,AAL,WE,Combined TRACON& Tower with Radar,26,43,39,4,112,0,30,8,0,38,26,73,47,4,150,0,0,0,150
12/16/2022,FAI,AK,AAL,WE,Combined TRACON& Tower with Radar,33,18,14,0,65,0,52,42,0,94,33,70,56,0,159,2,12,14,173
12/17/2022,FAI,AK,AAL,WE,Combined TRACON& Tower with Radar,28,7,10,0,45,0,30,19,0,49,28,37,29,0,94,2,0,2,96
12/18/2022,FAI,AK,AAL,WE,Combined TRACON& Tower with Radar,30,10,4,0,44,0,24,2,0,26,30,34,6,0,70,0,0,0,70
12/19/2022,FAI,AK,AAL,WE,Combined TRACON& Tower with Radar,30,9,12,6,57,0,51,26,0,77,30,60,38,6,134,6,1,7,141
12/20/2022,FAI,AK,AAL,WE,Combined TRACON& Tower with Radar,24,35,13,4,76,0,35,12,0,47,24,70,25,4,123,0,0,0,123
12/21/2022,FAI,AK,AAL,WE,Combined TRACON& Tower with Radar,34,20,8,8,70,0,57,21,0,78,34,77,29,8,148,0,0,0,148
12/22/2022,FAI,AK,AAL,WE,Combined TRACON& Tower with Radar,30,18,11,7,66,0,46,23,1,70,30,64,34,8,136,6,7,13,149
12/23/2022,FAI,AK,AAL,WE,Combined TRACON& Tower with Radar,29,6,14,0,49,0,48,23,0,71,29,54,37,0,120,14,0,14,134
12/24/2022,FAI,AK,AAL,WE,Combined TRACON& Tower with Radar,21,9,3,0,33,0,5,5,0,10,21,14,8,0,43,0,0,0,43
12/25/2022,FAI,AK,AAL,WE,Combined TRACON& Tower with Radar,26,6,1,0,33,0,2,4,0,6,26,8,5,0,39,8,0,8,47
12/26/2022,FAI,AK,AAL,WE,Combined TRACON& Tower with Radar,26,15,6,0,47,0,36,18,1,55,26,51,24,1,102,24,0,24,126
12/27/2022,FAI,AK,AAL,WE,Combined TRACON& Tower with Radar,25,39,12,6,82,0,27,33,0,60,25,66,45,6,142,36,0,36,178
12/28/2022,FAI,AK,AAL,WE,Combined TRACON& Tower with Radar,30,29,12,3,74,0,45,40,4,89,30,74,52,7,163,24,2,26,189
12/29/2022,FAI,AK,AAL,WE,Combined TRACON& Tower with Radar,30,24,13,0,67,0,47,61,8,116,30,71,74,8,183,98,4,102,285
12/30/2022,FAI,AK,AAL,WE,Combined TRACON& Tower with Radar,28,19,12,2,61,0,41,59,5,105,28,60,71,7,166,52,0,52,218
12/31/2022,FAI,AK,AAL,WE,Combined TRACON& Tower with Radar,27,8,8,0,43,0,8,32,0,40,27,16,40,0,83,6,0,6,89
01/01/2023,FAI,AK,AAL,WE,Combined TRACON& Tower with Radar,29,10,9,0,48,0,0,32,0,32,29,10,41,0,80,82,0,82,162
01/02/2023,FAI,AK,AAL,WE,Combined TRACON& Tower with Radar,33,14,10,0,57,0,45,50,0,95,33,59,60,0,152,78,0,78,230
01/03/2023,FAI,AK,AAL,WE,Combined TRACON& Tower with Radar,24,20,18,4,66,0,47,39,0,86,24,67,57,4,152,17,0,17,169
01/04/2023,FAI,AK,AAL,WE,Combined TRACON& Tower with Radar,32,28,17,22,99,0,45,38,7,90,32,73,55,29,189,18,52,70,259
01/05/2023,FAI,AK,AAL,WE,Combined TRACON& Tower with Radar,32,21,12,9,74,0,43,55,4,102,32,64,67,13,176,65,6,71,247
01/06/2023,FAI,AK,AAL,WE,Combined TRACON& Tower with Radar,32,20,10,7,69,1,46,30,5,82,33,66,40,12,151,22,0,22,173
01/07/2023,FAI,AK,AAL,WE,Combined TRACON& Tower with Radar,27,22,10,2,61,0,14,18,0,32,27,36,28,2,93,56,2,58,151
01/08/2023,FAI,AK,AAL,WE,Combined TRACON& Tower with Radar,28,20,8,0,56,0,9,11,0,20,28,29,19,0,76,1,0,1,77
01/09/2023,FAI,AK,AAL,WE,Combined TRACON& Tower with Radar,27,18,12,13,70,0,38,27,23,88,27,56,39,36,158,8,22,30,188
01/10/2023,FAI,AK,AAL,WE,Combined TRACON& Tower with Radar,26,18,14,9,67,0,37,46,0,83,26,55,60,9,150,26,0,26,176
01/11/2023,FAI,AK,AAL,WE,Combined TRACON& Tower with Radar,26,19,12,10,67,0,56,41,3,100,26,75,53,13,167,44,6,50,217
01/12/2023,FAI,AK,AAL,WE,Combined TRACON& Tower with Radar,30,22,22,3,77,0,44,48,5,97,30,66,70,8,174,40,2,42,216
01/13/2023,FAI,AK,AAL,WE,Combined TRACON& Tower with Radar,27,18,11,2,58,0,36,46,0,82,27,54,57,2,140,36,0,36,176
01/14/2023,FAI,AK,AAL,WE,Combined TRACON& Tower with Radar,20,7,9,0,36,0,27,54,2,83,20,34,63,2,119,114,0,114,233
01/15/2023,FAI,AK,AAL,WE,Combined TRACON& Tower with Radar,27,4,0,0,31,0,12,36,0,48,27,16,36,0,79,100,0,100,179
01/16/2023,FAI,AK,AAL,WE,Combined TRACON& Tower with Radar,28,13,17,0,58,0,35,54,0,89,28,48,71,0,147,48,0,48,195
01/17/2023,FAI,AK,AAL,WE,Combined TRACON& Tower with Radar,25,19,13,10,67,0,39,37,7,83,25,58,50,17,150,20,0,20,170
01/18/2023,FAI,AK,AAL,WE,Combined TRACON& Tower with Radar,25,29,18,25,97,0,51,38,2,91,25,80,56,27,188,12,8,20,208
01/19/2023,FAI,AK,AAL,WE,Combined TRACON& Tower with Radar,25,21,18,13,77,0,44,34,3,81,25,65,52,16,158,48,12,60,218
01/20/2023,FAI,AK,AAL,WE,Combined TRACON& Tower with Radar,30,16,15,4,65,0,46,63,0,109,30,62,78,4,174,37,0,37,211
01/21/2023,FAI,AK,AAL,WE,Combined TRACON& Tower with Radar,21,18,9,0,48,0,9,3,0,12,21,27,12,0,60,0,0,0,60
01/22/2023,FAI,AK,AAL,WE,Combined TRACON& Tower with Radar,24,20,5,0,49,0,15,14,0,29,24,35,19,0,78,8,0,8,86
01/23/2023,FAI,AK,AAL,WE,Combined TRACON& Tower with Radar,33,39,21,4,97,0,8,1,0,9,33,47,22,4,106,0,0,0,106
01/24/2023,FAI,AK,AAL,WE,Combined TRACON& Tower with Radar,22,32,25,8,87,0,30,16,5,51,22,62,41,13,138,14,0,14,152
01/25/2023,FAI,AK,AAL,WE,Combined TRACON& Tower with Radar,28,28,12,8,76,0,28,32,4,64,28,56,44,12,140,47,8,55,195
01/26/2023,FAI,AK,AAL,WE,Combined TRACON& Tower with Radar,28,22,18,14,82,0,41,28,8,77,28,63,46,22,159,60,2,62,221
01/27/2023,FAI,AK,AAL,WE,Combined TRACON& Tower with Radar,29,14,15,0,58,0,41,70,1,112,29,55,85,1,170,78,1,79,249
01/28/2023,FAI,AK,AAL,WE,Combined TRACON& Tower with Radar,21,22,16,2,61,0,7,13,0,20,21,29,29,2,81,46,0,46,127
01/29/2023,FAI,AK,AAL,WE,Combined TRACON& Tower with Radar,24,16,11,0,51,0,2,5,0,7,24,18,16,0,58,21,1,22,80
01/30/2023,FAI,AK,AAL,WE,Combined TRACON& Tower with Radar,32,31,20,0,83,0,11,12,0,23,32,42,32,0,106,4,0,4,110
01/31/2023,FAI,AK,AAL,WE,Combined TRACON& Tower with Radar,24,30,34,1,89,1,30,29,0,60,25,60,63,1,149,64,0,64,213
02/01/2023,FAI,AK,AAL,WE,Combined TRACON& Tower with Radar,26,37,25,4,92,0,31,27,1,59,26,68,52,5,151,34,0,34,185
02/02/2023,FAI,AK,AAL,WE,Combined TRACON& Tower with Radar,28,34,34,12,108,0,20,5,0,25,28,54,39,12,133,1,0,1,134
02/03/2023,FAI,AK,AAL,WE,Combined TRACON& Tower with Radar,32,18,24,4,78,0,45,37,0,82,32,63,61,4,160,6,0,6,166
02/04/2023,FAI,AK,AAL,WE,Combined TRACON& Tower with Radar,21,8,9,0,38,0,19,37,0,56,21,27,46,0,94,24,0,24,118
02/05/2023,FAI,AK,AAL,WE,Combined TRACON& Tower with Radar,23,7,12,0,42,0,12,53,2,67,23,19,65,2,109,56,0,56,165
02/06/2023,FAI,AK,AAL,WE,Combined TRACON& Tower with Radar,27,11,17,7,62,0,49,58,2,109,27,60,75,9,171,40,14,54,225
02/07/2023,FAI,AK,AAL,WE,Combined TRACON& Tower with Radar,23,23,18,3,67,0,38,44,2,84,23,61,62,5,151,28,5,33,184
02/08/2023,FAI,AK,AAL,WE,Combined TRACON& Tower with Radar,26,44,32,6,108,0,18,8,0,26,26,62,40,6,134,20,2,22,156
02/09/2023,FAI,AK,AAL,WE,Combined TRACON& Tower with Radar,26,22,20,8,76,0,56,54,4,114,26,78,74,12,190,50,5,55,245
02/10/2023,FAI,AK,AAL,WE,Combined TRACON& Tower with Radar,29,23,13,2,67,0,32,47,0,79,29,55,60,2,146,66,0,66,212
02/11/2023,FAI,AK,AAL,WE,Combined TRACON& Tower with Radar,21,9,17,0,47,0,18,52,0,70,21,27,69,0,117,68,0,68,185
02/12/2023,FAI,AK,AAL,WE,Combined TRACON& Tower with Radar,24,11,4,0,39,0,10,9,0,19,24,21,13,0,58,18,0,18,76
02/13/2023,FAI,AK,AAL,WE,Combined TRACON& Tower with Radar,26,15,19,4,64,0,38,30,0,68,26,53,49,4,132,62,2,64,196
02/14/2023,FAI,AK,AAL,WE,Combined TRACON& Tower with Radar,26,20,16,9,71,0,46,65,9,120,26,66,81,18,191,104,0,104,295
02/15/2023,FAI,AK,AAL,WE,Combined TRACON& Tower with Radar,29,19,20,4,72,0,59,37,2,98,29,78,57,6,170,20,1,21,191
02/16/2023,FAI,AK,AAL,WE,Combined TRACON& Tower with Radar,27,29,27,5,88,0,37,32,1,70,27,66,59,6,158,23,2,25,183
02/17/2023,FAI,AK,AAL,WE,Combined TRACON& Tower with Radar,30,21,17,2,70,0,49,60,0,109,30,70,77,2,179,102,0,102,281
02/18/2023,FAI,AK,AAL,WE,Combined TRACON& Tower with Radar,22,7,13,4,46,0,33,73,0,106,22,40,86,4,152,120,0,120,272
02/19/2023,FAI,AK,AAL,WE,Combined TRACON& Tower with Radar,24,21,9,0,54,0,8,1,0,9,24,29,10,0,63,0,0,0,63
02/20/2023,FAI,AK,AAL,WE,Combined TRACON& Tower with Radar,32,33,23,2,90,0,19,3,0,22,32,52,26,2,112,2,0,2,114
02/21/2023,FAI,AK,AAL,WE,Combined TRACON& Tower with Radar,27,21,25,5,78,0,50,28,0,78,27,71,53,5,156,76,0,76,232
02/22/2023,FAI,AK,AAL,WE,Combined TRACON& Tower with Radar,25,23,21,1,70,0,46,35,3,84,25,69,56,4,154,76,4,80,234
02/23/2023,FAI,AK,AAL,WE,Combined TRACON& Tower with Radar,25,21,13,0,59,0,0,0,0,0,25,21,13,0,59,0,0,0,59
02/24/2023,FAI,AK,AAL,WE,Combined TRACON& Tower with Radar,32,35,28,2,97,0,42,13,0,55,32,77,41,2,152,44,0,44,196
02/25/2023,FAI,AK,AAL,WE,Combined TRACON& Tower with Radar,24,14,14,0,52,0,19,15,0,34,24,33,29,0,86,80,0,80,166
02/26/2023,FAI,AK,AAL,WE,Combined TRACON& Tower with Radar,25,10,6,0,41,0,11,40,0,51,25,21,46,0,92,96,0,96,188
02/27/2023,FAI,AK,AAL,WE,Combined TRACON& Tower with Radar,28,10,20,0,58,0,55,51,2,108,28,65,71,2,166,15,0,15,181
02/28/2023,FAI,AK,AAL,WE,Combined TRACON& Tower with Radar,23,28,27,8,86,0,31,14,4,49,23,59,41,12,135,28,2,30,165
03/01/2023,FAI,AK,AAL,WE,Combined TRACON& Tower with Radar,30,25,21,6,82,0,64,45,3,112,30,89,66,9,194,52,1,53,247
03/02/2023,FAI,AK,AAL,WE,Combined TRACON& Tower with Radar,27,30,25,4,86,0,26,9,0,35,27,56,34,4,121,0,0,0,121
03/03/2023,FAI,AK,AAL,WE,Combined TRACON& Tower with Radar,30,19,17,0,66,0,54,55,2,111,30,73,72,2,177,38,0,38,215
03/04/2023,FAI,AK,AAL,WE,Combined TRACON& Tower with Radar,22,9,11,0,42,0,28,52,0,80,22,37,63,0,122,52,0,52,174
03/05/2023,FAI,AK,AAL,WE,Combined TRACON& Tower with Radar,27,16,3,0,46,0,22,63,0,85,27,38,66,0,131,94,0,94,225
03/06/2023,FAI,AK,AAL,WE,Combined TRACON& Tower with Radar,28,13,19,6,66,0,56,60,4,120,28,69,79,10,186,90,0,90,276
03/07/2023,FAI,AK,AAL,WE,Combined TRACON& Tower with Radar,32,14,15,16,77,0,58,118,5,181,32,72,133,21,258,120,8,128,386
03/08/2023,FAI,AK,AAL,WE,Combined TRACON& Tower with Radar,31,49,17,6,103,0,25,47,0,72,31,74,64,6,175,42,0,42,217
03/09/2023,FAI,AK,AAL,WE,Combined TRACON& Tower with Radar,28,52,26,10,116,0,17,7,0,24,28,69,33,10,140,0,0,0,140
03/10/2023,FAI,AK,AAL,WE,Combined TRACON& Tower with Radar,29,23,21,4,77,0,53,92,4,149,29,76,113,8,226,77,1,78,304
03/11/2023,FAI,AK,AAL,WE,Combined TRACON& Tower with Radar,22,11,10,0,43,0,30,94,2,126,22,41,104,2,169,179,0,179,348
03/12/2023,FAI,AK,AAL,WE,Combined TRACON& Tower with Radar,24,12,14,0,50,0,11,5,0,16,24,23,19,0,66,22,0,22,88
03/13/2023,FAI,AK,AAL,WE,Combined TRACON& Tower with Radar,30,7,14,8,59,0,56,84,2,142,30,63,98,10,201,100,4,104,305
03/14/2023,FAI,AK,AAL,WE,Combined TRACON& Tower with Radar,25,13,16,3,57,0,48,66,0,114,25,61,82,3,171,48,0,48,219
03/15/2023,FAI,AK,AAL,WE,Combined TRACON& Tower with Radar,28,15,16,25,84,0,48,68,3,119,28,63,84,28,203,80,8,88,291
03/16/2023,FAI,AK,AAL,WE,Combined TRACON& Tower with Radar,28,13,12,6,59,1,44,80,2,127,29,57,92,8,186,99,0,99,285
03/17/2023,FAI,AK,AAL,WE,Combined TRACON& Tower with Radar,26,13,13,1,53,1,48,90,0,139,27,61,103,1,192,96,2,98,290
03/18/2023,FAI,AK,AAL,WE,Combined TRACON& Tower with Radar,23,3,14,0,40,0,24,91,1,116,23,27,105,1,156,139,0,139,295
03/19/2023,FAI,AK,AAL,WE,Combined TRACON& Tower with Radar,26,5,10,0,41,0,14,84,0,98,26,19,94,0,139,226,0,226,365
03/20/2023,FAI,AK,AAL,WE,Combined TRACON& Tower with Radar,27,6,21,7,61,0,65,101,1,167,27,71,122,8,228,78,0,78,306
03/21/2023,FAI,AK,AAL,WE,Combined TRACON& Tower with Radar,27,16,15,14,72,0,58,72,0,130,27,74,87,14,202,72,10,82,284
03/22/2023,FAI,AK,AAL,WE,Combined TRACON& Tower with Radar,29,27,25,14,95,0,68,78,5,151,29,95,103,19,246,91,0,91,337
03/23/2023,FAI,AK,AAL,WE,Combined TRACON& Tower with Radar,24,26,17,12,79,0,49,59,3,111,24,75,76,15,190,48,20,68,258
03/24/2023,FAI,AK,AAL,WE,Combined TRACON& Tower with Radar,24,40,25,2,91,0,43,13,0,56,24,83,38,2,147,24,0,24,171
03/25/2023,FAI,AK,AAL,WE,Combined TRACON& Tower with Radar,22,3,13,6,44,0,26,99,3,128,22,29,112,9,172,169,2,171,343
03/26/2023,FAI,AK,AAL,WE,Combined TRACON& Tower with Radar,24,3,3,1,31,0,10,57,4,71,24,13,60,5,102,88,0,88,190
03/27/2023,FAI,AK,AAL,WE,Combined TRACON& Tower with Radar,24,24,20,5,73,0,19,21,1,41,24,43,41,6,114,38,0,38,152
03/28/2023,FAI,AK,AAL,WE,Combined TRACON& Tower with Radar,26,14,17,9,66,0,53,52,0,105,26,67,69,9,171,15,3,18,189
03/29/2023,FAI,AK,AAL,WE,Combined TRACON& Tower with Radar,22,20,15,7,64,0,58,100,0,158,22,78,115,7,222,63,0,63,285
03/30/2023,FAI,AK,AAL,WE,Combined TRACON& Tower with Radar,29,18,19,23,89,0,54,93,7,154,29,72,112,30,243,78,16,94,337
03/31/2023,FAI,AK,AAL,WE,Combined TRACON& Tower with Radar,25,28,25,4,82,0,46,51,0,97,25,74,76,4,179,150,0,150,329
04/01/2023,FAI,AK,AAL,WE,Combined TRACON& Tower with Radar,21,5,13,0,39,0,20,70,0,90,21,25,83,0,129,118,0,118,247
04/02/2023,FAI,AK,AAL,WE,Combined TRACON& Tower with Radar,24,14,5,0,43,0,14,6,0,20,24,28,11,0,63,0,0,0,63
04/03/2023,FAI,AK,AAL,WE,Combined TRACON& Tower with Radar,25,13,13,1,52,0,53,89,0,142,25,66,102,1,194,67,0,67,261
04/04/2023,FAI,AK,AAL,WE,Combined TRACON& Tower with Radar,29,33,19,12,93,0,28,32,0,60,29,61,51,12,153,18,2,20,173
04/05/2023,FAI,AK,AAL,WE,Combined TRACON& Tower with Radar,27,51,17,9,104,0,21,20,0,41,27,72,37,9,145,12,2,14,159
04/06/2023,FAI,AK,AAL,WE,Combined TRACON& Tower with Radar,26,28,17,6,77,0,45,44,0,89,26,73,61,6,166,20,0,20,186
04/07/2023,FAI,AK,AAL,WE,Combined TRACON& Tower with Radar,25,18,18,3,64,0,53,128,1,182,25,71,146,4,246,110,0,110,356
04/08/2023,FAI,AK,AAL,WE,Combined TRACON& Tower with Radar,25,11,8,1,45,0,20,53,0,73,25,31,61,1,118,121,0,121,239
04/09/2023,FAI,AK,AAL,WE,Combined TRACON& Tower with Radar,27,5,2,1,35,0,1,16,0,17,27,6,18,1,52,60,0,60,112
04/10/2023,FAI,AK,AAL,WE,Combined TRACON& Tower with Radar,24,13,19,4,60,0,44,75,0,119,24,57,94,4,179,69,2,71,250
04/11/2023,FAI,AK,AAL,WE,Combined TRACON& Tower with Radar,26,30,29,4,89,0,30,39,0,69,26,60,68,4,158,56,0,56,214
04/12/2023,FAI,AK,AAL,WE,Combined TRACON& Tower with Radar,23,65,29,0,117,0,9,6,0,15,23,74,35,0,132,0,0,0,132
04/13/2023,FAI,AK,AAL,WE,Combined TRACON& Tower with Radar,22,18,24,13,77,0,46,73,9,128,22,64,97,22,205,80,4,84,289
04/14/2023,FAI,AK,AAL,WE,Combined TRACON& Tower with Radar,19,15,13,1,48,0,53,97,1,151,19,68,110,2,199,124,0,124,323
04/15/2023,FAI,AK,AAL,WE,Combined TRACON& Tower with Radar,21,12,23,1,57,0,21,134,1,156,21,33,157,2,213,210,0,210,423
04/16/2023,FAI,AK,AAL,WE,Combined TRACON& Tower with Radar,24,9,5,0,38,0,2,47,0,49,24,11,52,0,87,117,0,117,204
04/17/2023,FAI,AK,AAL,WE,Combined TRACON& Tower with Radar,25,30,18,4,77,0,40,34,0,74,25,70,52,4,151,85,4,89,240
04/18/2023,FAI,AK,AAL,WE,Combined TRACON& Tower with Radar,26,16,21,16,79,0,34,55,3,92,26,50,76,19,171,32,20,52,223
04/19/2023,FAI,AK,AAL,WE,Combined TRACON& Tower with Radar,22,22,27,8,79,0,51,121,14,186,22,73,148,22,265,138,0,138,403
04/20/2023,FAI,AK,AAL,WE,Combined TRACON& Tower with Radar,25,14,15,7,61,0,35,116,2,153,25,49,131,9,214,138,0,138,352
04/21/2023,FAI,AK,AAL,WE,Combined TRACON& Tower with Radar,25,22,17,2,66,0,40,79,4,123,25,62,96,6,189,84,0,84,273
04/22/2023,FAI,AK,AAL,WE,Combined TRACON& Tower with Radar,20,12,5,0,37,0,22,9,0,31,20,34,14,0,68,30,0,30,98
04/23/2023,FAI,AK,AAL,WE,Combined TRACON& Tower with Radar,24,8,5,0,37,0,14,3,0,17,24,22,8,0,54,8,0,8,62
04/24/2023,FAI,AK,AAL,WE,Combined TRACON& Tower with Radar,24,8,6,6,44,0,48,48,4,100,24,56,54,10,144,46,6,52,196
04/25/2023,FAI,AK,AAL,WE,Combined TRACON& Tower with Radar,30,17,12,7,66,0,51,56,3,110,30,68,68,10,176,43,2,45,221
04/26/2023,FAI,AK,AAL,WE,Combined TRACON& Tower with Radar,23,20,11,8,62,0,50,79,8,137,23,70,90,16,199,104,0,104,303
04/27/2023,FAI,AK,AAL,WE,Combined TRACON& Tower with Radar,27,25,16,17,85,0,68,95,16,179,27,93,111,33,264,94,4,98,362
04/28/2023,FAI,AK,AAL,WE,Combined TRACON& Tower with Radar,27,17,23,1,68,0,54,82,2,138,27,71,105,3,206,58,2,60,266
04/29/2023,FAI,AK,AAL,WE,Combined TRACON& Tower with Radar,20,13,12,0,45,0,20,70,0,90,20,33,82,0,135,114,0,114,249
04/30/2023,FAI,AK,AAL,WE,Combined TRACON& Tower with Radar,25,10,19,2,56,0,8,24,0,32,25,18,43,2,88,66,0,66,154
05/01/2023,FAI,AK,AAL,WE,Combined TRACON& Tower with Radar,25,10,13,10,58,0,58,66,1,125,25,68,79,11,183,20,0,20,203
05/02/2023,FAI,AK,AAL,WE,Combined TRACON& Tower with Radar,29,13,12,9,63,0,51,64,0,115,29,64,76,9,178,82,4,86,264
05/03/2023,FAI,AK,AAL,WE,Combined TRACON& Tower with Radar,26,28,9,16,79,0,60,79,1,140,26,88,88,17,219,106,0,106,325
05/04/2023,FAI,AK,AAL,WE,Combined TRACON& Tower with Radar,26,19,19,10,74,0,47,89,4,140,26,66,108,14,214,50,0,50,264
05/05/2023,FAI,AK,AAL,WE,Combined TRACON& Tower with Radar,23,18,27,8,76,0,63,87,4,154,23,81,114,12,230,56,0,56,286
05/06/2023,FAI,AK,AAL,WE,Combined TRACON& Tower with Radar,26,6,9,7,48,0,24,61,8,93,26,30,70,15,141,204,8,212,353
05/07/2023,FAI,AK,AAL,WE,Combined TRACON& Tower with Radar,25,6,9,0,40,0,4,70,0,74,25,10,79,0,114,148,0,148,262
05/08/2023,FAI,AK,AAL,WE,Combined TRACON& Tower with Radar,29,8,21,15,73,0,54,59,11,124,29,62,80,26,197,104,12,116,313
05/09/2023,FAI,AK,AAL,WE,Combined TRACON& Tower with Radar,27,14,18,6,65,0,55,90,0,145,27,69,108,6,210,212,0,212,422
05/10/2023,FAI,AK,AAL,WE,Combined TRACON& Tower with Radar,27,24,18,8,77,0,77,93,7,177,27,101,111,15,254,142,10,152,406
05/11/2023,FAI,AK,AAL,WE,Combined TRACON& Tower with Radar,27,16,18,5,66,0,45,100,5,150,27,61,118,10,216,241,2,243,459
05/12/2023,FAI,AK,AAL,WE,Combined TRACON& Tower with Radar,32,19,22,6,79,1,64,111,6,182,33,83,133,12,261,233,0,233,494
05/13/2023,FAI,AK,AAL,WE,Combined TRACON& Tower with Radar,24,13,7,12,56,0,30,107,1,138,24,43,114,13,194,170,0,170,364
05/14/2023,FAI,AK,AAL,WE,Combined TRACON& Tower with Radar,25,5,3,1,34,0,10,83,4,97,25,15,86,5,131,117,0,117,248
05/15/2023,FAI,AK,AAL,WE,Combined TRACON& Tower with Radar,24,12,19,6,61,0,47,60,16,123,24,59,79,22,184,72,10,82,266
05/16/2023,FAI,AK,AAL,WE,Combined TRACON& Tower with Radar,31,6,19,9,65,0,52,89,1,142,31,58,108,10,207,109,2,111,318
05/17/2023,FAI,AK,AAL,WE,Combined TRACON& Tower with Radar,33,20,32,7,92,0,57,136,7,200,33,77,168,14,292,214,0,214,506
05/18/2023,FAI,AK,AAL,WE,Combined TRACON& Tower with Radar,29,14,21,8,72,0,56,87,12,155,29,70,108,20,227,92,0,92,319
05/19/2023,FAI,AK,AAL,WE,Combined TRACON& Tower with Radar,25,10,22,3,60,0,61,143,6,210,25,71,165,9,270,188,1,189,459
05/20/2023,FAI,AK,AAL,WE,Combined TRACON& Tower with Radar,30,2,15,3,50,0,55,123,4,182,30,57,138,7,232,126,2,128,360
05/21/2023,FAI,AK,AAL,WE,Combined TRACON& Tower with Radar,32,5,14,3,54,0,6,117,5,128,32,11,131,8,182,182,0,182,364
05/22/2023,FAI,AK,AAL,WE,Combined TRACON& Tower with Radar,31,12,16,2,61,0,50,127,10,187,31,62,143,12,248,162,0,162,410
05/23/2023,FAI,AK,AAL,WE,Combined TRACON& Tower with Radar,33,23,26,6,88,0,39,129,4,172,33,62,155,10,260,167,0,167,427
05/24/2023,FAI,AK,AAL,WE,Combined TRACON& Tower with Radar,33,26,14,18,91,0,62,128,3,193,33,88,142,21,284,277,0,277,561
05/25/2023,FAI,AK,AAL,WE,Combined TRACON& Tower with Radar,38,15,12,26,91,1,63,112,9,185,39,78,124,35,276,149,12,161,437
05/26/2023,FAI,AK,AAL,WE,Combined TRACON& Tower with Radar,33,27,28,7,95,0,46,68,2,116,33,73,96,9,211,44,0,44,255
05/27/2023,FAI,AK,AAL,WE,Combined TRACON& Tower with Radar,32,9,13,6,60,0,29,134,0,163,32,38,147,6,223,215,0,215,438
05/28/2023,FAI,AK,AAL,WE,Combined TRACON& Tower with Radar,33,8,6,0,47,0,18,75,2,95,33,26,81,2,142,152,0,152,294
05/29/2023,FAI,AK,AAL,WE,Combined TRACON& Tower with Radar,36,12,37,0,85,0,2,16,0,18,36,14,53,0,103,4,0,4,107
05/30/2023,FAI,AK,AAL,WE,Combined TRACON& Tower with Radar,34,51,30,14,129,0,16,10,0,26,34,67,40,14,155,22,0,22,177
05/31/2023,FAI,AK,AAL,WE,Combined TRACON& Tower with Radar,36,17,17,5,75,1,53,58,14,126,37,70,75,19,201,14,0,14,215
06/01/2023,FAI,AK,AAL,WE,Combined TRACON& Tower with Radar,37,23,27,12,99,0,49,73,1,123,37,72,100,13,222,52,0,52,274
06/02/2023,FAI,AK,AAL,WE,Combined TRACON& Tower with Radar,33,57,28,7,125,0,28,51,3,82,33,85,79,10,207,63,3,66,273
06/03/2023,FAI,AK,AAL,WE,Combined TRACON& Tower with Radar,31,13,13,0,57,0,34,159,2,195,31,47,172,2,252,208,0,208,460
06/04/2023,FAI,AK,AAL,WE,Combined TRACON& Tower with Radar,36,14,17,1,68,0,16,122,0,138,36,30,139,1,206,178,0,178,384
06/05/2023,FAI,AK,AAL,WE,Combined TRACON& Tower with Radar,37,11,19,9,76,0,79,164,4,247,37,90,183,13,323,0,88,88,411
06/06/2023,FAI,AK,AAL,WE,Combined TRACON& Tower with Radar,41,20,17,9,87,1,74,189,7,271,42,94,206,16,358,162,4,166,524
06/07/2023,FAI,AK,AAL,WE,Combined TRACON& Tower with Radar,39,16,18,7,80,0,85,158,4,247,39,101,176,11,327,114,0,114,441
06/08/2023,FAI,AK,AAL,WE,Combined TRACON& Tower with Radar,38,30,16,8,92,0,62,151,2,215,38,92,167,10,307,214,0,214,521
06/09/2023,FAI,AK,AAL,WE,Combined TRACON& Tower with Radar,38,26,20,3,87,0,77,134,0,211,38,103,154,3,298,102,0,102,400
06/10/2023,FAI,AK,AAL,WE,Combined TRACON& Tower with Radar,32,13,12,3,60,0,44,159,0,203,32,57,171,3,263,215,1,216,479
06/11/2023,FAI,AK,AAL,WE,Combined TRACON& Tower with Radar,36,20,5,2,63,0,30,89,0,119,36,50,94,2,182,104,0,104,286
06/12/2023,FAI,AK,AAL,WE,Combined TRACON& Tower with Radar,36,13,19,4,72,8,69,134,2,213,44,82,153,6,285,70,0,70,355
06/13/2023,FAI,AK,AAL,WE,Combined TRACON& Tower with Radar,40,19,36,7,102,0,57,133,13,203,40,76,169,20,305,91,0,91,396
06/14/2023,FAI,AK,AAL,WE,Combined TRACON& Tower with Radar,38,30,32,3,103,0,55,118,6,179,38,85,150,9,282,200,1,201,483
06/15/2023,FAI,AK,AAL,WE,Combined TRACON& Tower with Radar,40,21,31,4,96,0,75,177,2,254,40,96,208,6,350,162,0,162,512
06/16/2023,FAI,AK,AAL,WE,Combined TRACON& Tower with Radar,39,19,17,3,78,0,70,157,0,227,39,89,174,3,305,229,0,229,534
06/17/2023,FAI,AK,AAL,WE,Combined TRACON& Tower with Radar,31,5,23,0,59,0,32,125,1,158,31,37,148,1,217,74,0,74,291
06/18/2023,FAI,AK,AAL,WE,Combined TRACON& Tower with Radar,36,7,5,0,48,0,29,105,0,134,36,36,110,0,182,120,0,120,302
06/19/2023,FAI,AK,AAL,WE,Combined TRACON& Tower with Radar,40,14,23,2,79,0,58,140,4,202,40,72,163,6,281,84,0,84,365
06/20/2023,FAI,AK,AAL,WE,Combined TRACON& Tower with Radar,41,41,39,4,125,2,57,79,4,142,43,98,118,8,267,188,20,208,475
06/21/2023,FAI,AK,AAL,WE,Combined TRACON& Tower with Radar,41,38,39,2,120,0,63,123,7,193,41,101,162,9,313,150,0,150,463
06/22/2023,FAI,AK,AAL,WE,Combined TRACON& Tower with Radar,42,31,24,3,100,0,68,101,9,178,42,99,125,12,278,98,2,100,378
06/23/2023,FAI,AK,AAL,WE,Combined TRACON& Tower with Radar,41,27,22,2,92,1,68,184,1,254,42,95,206,3,346,184,4,188,534
06/24/2023,FAI,AK,AAL,WE,Combined TRACON& Tower with Radar,32,0,12,3,47,0,39,128,0,167,32,39,140,3,214,180,0,180,394
06/25/2023,FAI,AK,AAL,WE,Combined TRACON& Tower with Radar,34,11,10,0,55,0,25,112,0,137,34,36,122,0,192,67,0,67,259
06/26/2023,FAI,AK,AAL,WE,Combined TRACON& Tower with Radar,42,18,20,1,81,2,72,151,3,228,44,90,171,4,309,222,0,222,531
06/27/2023,FAI,AK,AAL,WE,Combined TRACON& Tower with Radar,36,15,21,5,77,1,86,126,2,215,37,101,147,7,292,212,0,212,504
06/28/2023,FAI,AK,AAL,WE,Combined TRACON& Tower with Radar,39,25,13,14,91,0,71,163,6,240,39,96,176,20,331,240,2,242,573
06/29/2023,FAI,AK,AAL,WE,Combined TRACON& Tower with Radar,41,60,50,8,159,0,29,41,0,70,41,89,91,8,229,11,2,13,242
06/30/2023,FAI,AK,AAL,WE,Combined TRACON& Tower with Radar,39,31,16,0,86,0,72,149,3,224,39,103,165,3,310,177,0,177,487
07/01/2023,FAI,AK,AAL,WE,Combined TRACON& Tower with Radar,28,11,13,0,52,0,48,158,3,209,28,59,171,3,261,144,0,144,405
07/02/2023,FAI,AK,AAL,WE,Combined TRACON& Tower with Radar,35,12,10,1,58,0,34,135,6,175,35,46,145,7,233,119,0,119,352
07/03/2023,FAI,AK,AAL,WE,Combined TRACON& Tower with Radar,33,18,17,2,70,0,58,132,0,190,33,76,149,2,260,146,0,146,406
07/04/2023,FAI,AK,AAL,WE,Combined TRACON& Tower with Radar,34,17,4,3,58,0,27,88,0,115,34,44,92,3,173,70,0,70,243
07/05/2023,FAI,AK,AAL,WE,Combined TRACON& Tower with Radar,34,22,23,4,83,0,60,172,2,234,34,82,195,6,317,104,0,104,421
07/06/2023,FAI,AK,AAL,WE,Combined TRACON& Tower with Radar,43,21,18,9,91,0,50,114,1,165,43,71,132,10,256,220,0,220,476
07/07/2023,FAI,AK,AAL,WE,Combined TRACON& Tower with Radar,41,23,27,0,91,1,59,74,2,136,42,82,101,2,227,50,0,50,277
07/08/2023,FAI,AK,AAL,WE,Combined TRACON& Tower with Radar,32,13,11,2,58,0,27,113,3,143,32,40,124,5,201,116,0,116,317
07/09/2023,FAI,AK,AAL,WE,Combined TRACON& Tower with Radar,36,6,12,2,56,0,34,165,0,199,36,40,177,2,255,204,0,204,459
07/10/2023,FAI,AK,AAL,WE,Combined TRACON& Tower with Radar,36,13,15,6,70,0,70,137,2,209,36,83,152,8,279,92,2,94,373
07/11/2023,FAI,AK,AAL,WE,Combined TRACON& Tower with Radar,39,23,19,11,92,2,73,118,1,194,41,96,137,12,286,191,4,195,481
07/12/2023,FAI,AK,AAL,WE,Combined TRACON& Tower with Radar,37,40,21,8,106,0,51,103,5,159,37,91,124,13,265,158,2,160,425
07/13/2023,FAI,AK,AAL,WE,Combined TRACON& Tower with Radar,48,17,20,7,92,0,59,159,3,221,48,76,179,10,313,158,1,159,472
07/14/2023,FAI,AK,AAL,WE,Combined TRACON& Tower with Radar,38,27,16,6,87,0,60,104,2,166,38,87,120,8,253,160,0,160,413
07/15/2023,FAI,AK,AAL,WE,Combined TRACON& Tower with Radar,31,14,14,1,60,0,35,47,0,82,31,49,61,1,142,32,0,32,174
07/16/2023,FAI,AK,AAL,WE,Combined TRACON& Tower with Radar,38,16,7,0,61,0,14,117,2,133,38,30,124,2,194,212,0,212,406
07/17/2023,FAI,AK,AAL,WE,Combined TRACON& Tower with Radar,41,21,20,7,89,2,66,129,0,197,43,87,149,7,286,162,0,162,448
07/18/2023,FAI,AK,AAL,WE,Combined TRACON& Tower with Radar,37,32,17,11,97,0,64,131,3,198,37,96,148,14,295,220,0,220,515
07/19/2023,FAI,AK,AAL,WE,Combined TRACON& Tower with Radar,40,38,22,8,108,0,67,133,4,204,40,105,155,12,312,199,2,201,513
07/20/2023,FAI,AK,AAL,WE,Combined TRACON& Tower with Radar,50,58,32,12,152,0,36,74,1,111,50,94,106,13,263,157,0,157,420
07/21/2023,FAI,AK,AAL,WE,Combined TRACON& Tower with Radar,40,23,29,5,97,1,60,170,8,239,41,83,199,13,336,164,1,165,501
07/22/2023,FAI,AK,AAL,WE,Combined TRACON& Tower with Radar,32,8,24,2,66,0,53,158,7,218,32,61,182,9,284,170,0,170,454
07/23/2023,FAI,AK,AAL,WE,Combined TRACON& Tower with Radar,42,5,13,1,61,0,26,138,10,174,42,31,151,11,235,246,0,246,481
07/24/2023,FAI,AK,AAL,WE,Combined TRACON& Tower with Radar,44,9,24,5,82,5,80,100,1,186,49,89,124,6,268,72,0,72,340
07/25/2023,FAI,AK,AAL,WE,Combined TRACON& Tower with Radar,42,11,16,15,84,8,72,129,5,214,50,83,145,20,298,182,1,183,481
07/26/2023,FAI,AK,AAL,WE,Combined TRACON& Tower with Radar,41,25,25,18,109,14,79,196,2,291,55,104,221,20,400,141,1,142,542
07/27/2023,FAI,AK,AAL,WE,Combined TRACON& Tower with Radar,46,14,21,26,107,12,68,187,2,269,58,82,208,28,376,134,6,140,516
07/28/2023,FAI,AK,AAL,WE,Combined TRACON& Tower with Radar,39,16,34,1,90,13,75,157,5,250,52,91,191,6,340,238,0,238,578
07/29/2023,FAI,AK,AAL,WE,Combined TRACON& Tower with Radar,34,9,22,0,65,17,51,111,5,184,51,60,133,5,249,90,0,90,339
07/30/2023,FAI,AK,AAL,WE,Combined TRACON& Tower with Radar,40,19,12,1,72,4,36,143,2,185,44,55,155,3,257,212,0,212,469
07/31/2023,FAI,AK,AAL,WE,Combined TRACON& Tower with Radar,44,18,35,2,99,0,72,160,0,232,44,90,195,2,331,138,2,140,471
08/01/2023,FAI,AK,AAL,WE,Combined TRACON& Tower with Radar,43,27,35,4,109,26,88,186,15,315,69,115,221,19,424,180,0,180,604
08/02/2023,FAI,AK,AAL,WE,Combined TRACON& Tower with Radar,41,16,38,8,103,21,84,173,6,284,62,100,211,14,387,215,2,217,604
08/03/2023,FAI,AK,AAL,WE,Combined TRACON& Tower with Radar,47,18,24,6,95,21,98,154,2,275,68,116,178,8,370,182,2,184,554
08/04/2023,FAI,AK,AAL,WE,Combined TRACON& Tower with Radar,41,20,31,5,97,26,103,176,8,313,67,123,207,13,410,236,0,236,646
08/05/2023,FAI,AK,AAL,WE,Combined TRACON& Tower with Radar,33,32,25,1,91,3,63,129,3,198,36,95,154,4,289,136,0,136,425
08/06/2023,FAI,AK,AAL,WE,Combined TRACON& Tower with Radar,43,37,16,5,101,3,10,36,0,49,46,47,52,5,150,46,0,46,196
08/07/2023,FAI,AK,AAL,WE,Combined TRACON& Tower with Radar,49,70,44,1,164,1,18,41,3,63,50,88,85,4,227,36,0,36,263
08/08/2023,FAI,AK,AAL,WE,Combined TRACON& Tower with Radar,46,57,53,16,172,0,35,55,15,105,46,92,108,31,277,94,0,94,371
08/09/2023,FAI,AK,AAL,WE,Combined TRACON& Tower with Radar,46,84,41,5,176,10,14,47,1,72,56,98,88,6,248,20,0,20,268
08/10/2023,FAI,AK,AAL,WE,Combined TRACON& Tower with Radar,50,31,31,0,112,1,17,20,0,38,51,48,51,0,150,6,0,6,156
08/11/2023,FAI,AK,AAL,WE,Combined TRACON& Tower with Radar,42,31,34,0,107,0,73,115,1,189,42,104,149,1,296,194,0,194,490
08/12/2023,FAI,AK,AAL,WE,Combined TRACON& Tower with Radar,33,20,29,4,86,0,49,79,2,130,33,69,108,6,216,28,2,30,246
08/13/2023,FAI,AK,AAL,WE,Combined TRACON& Tower with Radar,45,9,7,2,63,0,39,149,2,190,45,48,156,4,253,136,0,136,389
08/14/2023,FAI,AK,AAL,WE,Combined TRACON& Tower with Radar,41,13,31,8,93,6,83,120,6,215,47,96,151,14,308,139,6,145,453
08/15/2023,FAI,AK,AAL,WE,Combined TRACON& Tower with Radar,42,28,27,8,105,4,68,183,3,258,46,96,210,11,363,194,4,198,561
08/16/2023,FAI,AK,AAL,WE,Combined TRACON& Tower with Radar,40,30,17,13,100,1,69,137,4,211,41,99,154,17,311,146,4,150,461
08/17/2023,FAI,AK,AAL,WE,Combined TRACON& Tower with Radar,50,44,68,8,170,0,34,64,6,104,50,78,132,14,274,51,2,53,327
08/18/2023,FAI,AK,AAL,WE,Combined TRACON& Tower with Radar,40,58,43,6,147,0,22,75,2,99,40,80,118,8,246,84,0,84,330
08/19/2023,FAI,AK,AAL,WE,Combined TRACON& Tower with Radar,34,23,40,4,101,0,18,128,2,148,34,41,168,6,249,78,0,78,327
08/20/2023,FAI,AK,AAL,WE,Combined TRACON& Tower with Radar,43,34,22,0,99,0,8,31,0,39,43,42,53,0,138,10,0,10,148
08/21/2023,FAI,AK,AAL,WE,Combined TRACON& Tower with Radar,43,65,38,2,148,0,29,45,0,74,43,94,83,2,222,32,0,32,254
08/22/2023,FAI,AK,AAL,WE,Combined TRACON& Tower with Radar,45,49,48,14,156,0,40,132,3,175,45,89,180,17,331,128,0,128,459
08/23/2023,FAI,AK,AAL,WE,Combined TRACON& Tower with Radar,41,35,44,3,123,0,67,139,3,209,41,102,183,6,332,98,0,98,430
08/24/2023,FAI,AK,AAL,WE,Combined TRACON& Tower with Radar,47,39,37,11,134,0,49,128,1,178,47,88,165,12,312,132,0,132,444
08/25/2023,FAI,AK,AAL,WE,Combined TRACON& Tower with Radar,44,38,29,0,111,0,45,101,0,146,44,83,130,0,257,97,0,97,354
08/26/2023,FAI,AK,AAL,WE,Combined TRACON& Tower with Radar,36,10,16,0,62,0,34,139,1,174,36,44,155,1,236,156,0,156,392
08/27/2023,FAI,AK,AAL,WE,Combined TRACON& Tower with Radar,45,15,6,0,66,0,16,101,2,119,45,31,107,2,185,69,0,69,254
08/28/2023,FAI,AK,AAL,WE,Combined TRACON& Tower with Radar,42,10,27,1,80,0,64,168,1,233,42,74,195,2,313,178,0,178,491
08/29/2023,FAI,AK,AAL,WE,Combined TRACON& Tower with Radar,42,22,23,11,98,0,61,173,8,242,42,83,196,19,340,112,0,112,452
08/30/2023,FAI,AK,AAL,WE,Combined TRACON& Tower with Radar,40,62,40,16,158,0,35,59,2,96,40,97,99,18,254,26,3,29,283
08/31/2023,FAI,AK,AAL,WE,Combined TRACON& Tower with Radar,53,21,26,10,110,0,92,170,9,271,53,113,196,19,381,114,3,117,498
01/01/2020,FAI,AK,AAL,WE,Combined TRACON& Tower with Radar,25,8,12,2,47,0,0,12,0,12,25,8,24,2,59,60,0,60,119
01/02/2020,FAI,AK,AAL,WE,Combined TRACON& Tower with Radar,28,25,6,5,64,0,40,34,5,79,28,65,40,10,143,0,0,0,143
01/03/2020,FAI,AK,AAL,WE,Combined TRACON& Tower with Radar,31,20,10,2,63,0,44,39,4,87,31,64,49,6,150,16,0,16,166
01/04/2020,FAI,AK,AAL,WE,Combined TRACON& Tower with Radar,20,14,2,0,36,0,20,13,0,33,20,34,15,0,69,0,0,0,69
01/05/2020,FAI,AK,AAL,WE,Combined TRACON& Tower with Radar,24,20,7,0,51,0,16,12,0,28,24,36,19,0,79,2,0,2,81
01/06/2020,FAI,AK,AAL,WE,Combined TRACON& Tower with Radar,30,12,4,9,55,0,49,11,2,62,30,61,15,11,117,0,0,0,117
01/07/2020,FAI,AK,AAL,WE,Combined TRACON& Tower with Radar,32,50,12,4,98,0,32,6,2,40,32,82,18,6,138,4,0,4,142
01/08/2020,FAI,AK,AAL,WE,Combined TRACON& Tower with Radar,23,51,17,0,91,0,9,4,0,13,23,60,21,0,104,0,0,0,104
01/09/2020,FAI,AK,AAL,WE,Combined TRACON& Tower with Radar,25,40,11,2,78,0,27,5,0,32,25,67,16,2,110,0,0,0,110
01/10/2020,FAI,AK,AAL,WE,Combined TRACON& Tower with Radar,26,15,6,1,48,0,39,16,7,62,26,54,22,8,110,6,0,6,116
01/11/2020,FAI,AK,AAL,WE,Combined TRACON& Tower with Radar,24,13,5,0,42,0,22,15,2,39,24,35,20,2,81,8,0,8,89
01/12/2020,FAI,AK,AAL,WE,Combined TRACON& Tower with Radar,22,10,4,0,36,0,22,12,2,36,22,32,16,2,72,6,0,6,78
01/13/2020,FAI,AK,AAL,WE,Combined TRACON& Tower with Radar,26,51,23,9,109,0,13,16,1,30,26,64,39,10,139,22,2,24,163
01/14/2020,FAI,AK,AAL,WE,Combined TRACON& Tower with Radar,30,54,20,0,104,0,13,25,0,38,30,67,45,0,142,14,0,14,156
01/15/2020,FAI,AK,AAL,WE,Combined TRACON& Tower with Radar,30,42,10,2,84,0,43,52,3,98,30,85,62,5,182,102,2,104,286
01/16/2020,FAI,AK,AAL,WE,Combined TRACON& Tower with Radar,31,22,8,1,62,0,52,36,1,89,31,74,44,2,151,16,2,18,169
01/17/2020,FAI,AK,AAL,WE,Combined TRACON& Tower with Radar,27,18,3,1,49,0,54,37,5,96,27,72,40,6,145,4,0,4,149
01/18/2020,FAI,AK,AAL,WE,Combined TRACON& Tower with Radar,23,6,2,0,31,0,28,19,0,47,23,34,21,0,78,12,0,12,90
01/19/2020,FAI,AK,AAL,WE,Combined TRACON& Tower with Radar,22,14,2,2,40,0,34,16,4,54,22,48,18,6,94,2,0,2,96
01/20/2020,FAI,AK,AAL,WE,Combined TRACON& Tower with Radar,24,20,3,0,47,0,47,34,0,81,24,67,37,0,128,8,0,8,136
01/21/2020,FAI,AK,AAL,WE,Combined TRACON& Tower with Radar,29,27,12,4,72,0,43,33,7,83,29,70,45,11,155,6,1,7,162
01/22/2020,FAI,AK,AAL,WE,Combined TRACON& Tower with Radar,33,40,12,8,93,0,47,55,3,105,33,87,67,11,198,27,8,35,233
01/23/2020,FAI,AK,AAL,WE,Combined TRACON& Tower with Radar,28,32,12,6,78,0,30,18,0,48,28,62,30,6,126,16,1,17,143
01/24/2020,FAI,AK,AAL,WE,Combined TRACON& Tower with Radar,34,40,19,4,97,0,23,2,2,27,34,63,21,6,124,6,0,6,130
01/25/2020,FAI,AK,AAL,WE,Combined TRACON& Tower with Radar,24,16,3,0,43,0,27,48,0,75,24,43,51,0,118,24,1,25,143
01/26/2020,FAI,AK,AAL,WE,Combined TRACON& Tower with Radar,21,35,12,1,69,0,2,1,2,5,21,37,13,3,74,0,0,0,74
01/27/2020,FAI,AK,AAL,WE,Combined TRACON& Tower with Radar,23,31,10,3,67,0,43,10,4,57,23,74,20,7,124,12,0,12,136
01/28/2020,FAI,AK,AAL,WE,Combined TRACON& Tower with Radar,28,21,4,0,53,0,42,31,2,75,28,63,35,2,128,2,0,2,130
01/29/2020,FAI,AK,AAL,WE,Combined TRACON& Tower with Radar,25,29,8,4,66,0,41,19,4,64,25,70,27,8,130,12,0,12,142
01/30/2020,FAI,AK,AAL,WE,Combined TRACON& Tower with Radar,32,29,13,4,78,0,53,36,0,89,32,82,49,4,167,14,3,17,184
01/31/2020,FAI,AK,AAL,WE,Combined TRACON& Tower with Radar,27,54,18,4,103,0,19,12,0,31,27,73,30,4,134,3,0,3,137
02/01/2020,FAI,AK,AAL,WE,Combined TRACON& Tower with Radar,25,10,5,0,40,0,25,33,0,58,25,35,38,0,98,2,0,2,100
02/02/2020,FAI,AK,AAL,WE,Combined TRACON& Tower with Radar,24,15,6,0,45,0,28,23,2,53,24,43,29,2,98,0,0,0,98
02/03/2020,FAI,AK,AAL,WE,Combined TRACON& Tower with Radar,26,34,5,6,71,0,42,76,4,122,26,76,81,10,193,74,0,74,267
02/04/2020,FAI,AK,AAL,WE,Combined TRACON& Tower with Radar,27,65,17,7,116,0,8,22,0,30,27,73,39,7,146,6,0,6,152
02/05/2020,FAI,AK,AAL,WE,Combined TRACON& Tower with Radar,28,33,4,7,72,0,56,49,2,107,28,89,53,9,179,62,12,74,253
02/06/2020,FAI,AK,AAL,WE,Combined TRACON& Tower with Radar,29,61,13,4,107,0,12,1,0,13,29,73,14,4,120,0,0,0,120
02/07/2020,FAI,AK,AAL,WE,Combined TRACON& Tower with Radar,27,33,15,2,77,0,37,41,3,81,27,70,56,5,158,94,0,94,252
02/08/2020,FAI,AK,AAL,WE,Combined TRACON& Tower with Radar,24,17,15,1,57,0,22,58,1,81,24,39,73,2,138,98,0,98,236
02/09/2020,FAI,AK,AAL,WE,Combined TRACON& Tower with Radar,22,38,16,5,81,0,6,13,2,21,22,44,29,7,102,22,0,22,124
02/10/2020,FAI,AK,AAL,WE,Combined TRACON& Tower with Radar,26,32,7,1,66,0,50,26,0,76,26,82,33,1,142,0,0,0,142
02/11/2020,FAI,AK,AAL,WE,Combined TRACON& Tower with Radar,31,23,4,6,64,0,57,52,0,109,31,80,56,6,173,30,0,30,203
02/12/2020,FAI,AK,AAL,WE,Combined TRACON& Tower with Radar,29,25,7,3,64,0,58,37,3,98,29,83,44,6,162,46,0,46,208
02/13/2020,FAI,AK,AAL,WE,Combined TRACON& Tower with Radar,28,23,2,4,57,0,43,22,0,65,28,66,24,4,122,6,0,6,128
02/14/2020,FAI,AK,AAL,WE,Combined TRACON& Tower with Radar,22,18,2,0,42,0,48,29,2,79,22,66,31,2,121,4,0,4,125
02/15/2020,FAI,AK,AAL,WE,Combined TRACON& Tower with Radar,23,14,1,0,38,0,20,22,0,42,23,34,23,0,80,0,0,0,80
02/16/2020,FAI,AK,AAL,WE,Combined TRACON& Tower with Radar,22,13,9,1,45,0,24,36,3,63,22,37,45,4,108,22,0,22,130
02/17/2020,FAI,AK,AAL,WE,Combined TRACON& Tower with Radar,25,28,4,1,58,0,32,76,2,110,25,60,80,3,168,98,0,98,266
02/18/2020,FAI,AK,AAL,WE,Combined TRACON& Tower with Radar,23,28,3,2,56,0,32,54,4,90,23,60,57,6,146,122,6,128,274
02/19/2020,FAI,AK,AAL,WE,Combined TRACON& Tower with Radar,32,48,10,0,90,0,31,32,0,63,32,79,42,0,153,58,0,58,211
02/20/2020,FAI,AK,AAL,WE,Combined TRACON& Tower with Radar,30,34,13,2,79,0,51,69,0,120,30,85,82,2,199,74,0,74,273
02/21/2020,FAI,AK,AAL,WE,Combined TRACON& Tower with Radar,25,40,8,0,73,0,36,71,2,109,25,76,79,2,182,136,0,136,318
02/22/2020,FAI,AK,AAL,WE,Combined TRACON& Tower with Radar,26,25,3,0,54,0,17,47,0,64,26,42,50,0,118,152,0,152,270
02/23/2020,FAI,AK,AAL,WE,Combined TRACON& Tower with Radar,22,8,4,0,34,0,28,46,2,76,22,36,50,2,110,84,0,84,194
02/24/2020,FAI,AK,AAL,WE,Combined TRACON& Tower with Radar,26,24,6,0,56,0,51,51,4,106,26,75,57,4,162,38,0,38,200
02/25/2020,FAI,AK,AAL,WE,Combined TRACON& Tower with Radar,27,23,6,0,56,0,42,60,5,107,27,65,66,5,163,52,0,52,215
02/26/2020,FAI,AK,AAL,WE,Combined TRACON& Tower with Radar,27,30,11,12,80,0,53,55,1,109,27,83,66,13,189,60,0,60,249
02/27/2020,FAI,AK,AAL,WE,Combined TRACON& Tower with Radar,31,25,8,4,68,0,51,69,2,122,31,76,77,6,190,46,0,46,236
02/28/2020,FAI,AK,AAL,WE,Combined TRACON& Tower with Radar,26,22,5,0,53,0,48,64,0,112,26,70,69,0,165,18,0,18,183
02/29/2020,FAI,AK,AAL,WE,Combined TRACON& Tower with Radar,22,16,9,0,47,0,29,57,1,87,22,45,66,1,134,127,0,127,261
03/01/2020,FAI,AK,AAL,WE,Combined TRACON& Tower with Radar,20,37,6,6,69,0,3,7,0,10,20,40,13,6,79,18,0,18,97
03/02/2020,FAI,AK,AAL,WE,Combined TRACON& Tower with Radar,29,33,13,13,88,0,42,38,1,81,29,75,51,14,169,10,0,10,179
03/03/2020,FAI,AK,AAL,WE,Combined TRACON& Tower with Radar,29,33,6,13,81,0,48,39,0,87,29,81,45,13,168,22,0,22,190
03/04/2020,FAI,AK,AAL,WE,Combined TRACON& Tower with Radar,30,23,6,9,68,0,52,50,0,102,30,75,56,9,170,34,0,34,204
03/05/2020,FAI,AK,AAL,WE,Combined TRACON& Tower with Radar,28,20,7,12,67,0,47,65,0,112,28,67,72,12,179,30,0,30,209
03/06/2020,FAI,AK,AAL,WE,Combined TRACON& Tower with Radar,30,28,3,6,67,0,48,83,0,131,30,76,86,6,198,98,0,98,296
03/07/2020,FAI,AK,AAL,WE,Combined TRACON& Tower with Radar,24,19,8,7,58,0,15,40,0,55,24,34,48,7,113,180,0,180,293
03/08/2020,FAI,AK,AAL,WE,Combined TRACON& Tower with Radar,23,16,8,7,54,0,20,71,0,91,23,36,79,7,145,118,0,118,263
03/09/2020,FAI,AK,AAL,WE,Combined TRACON& Tower with Radar,25,32,11,12,80,0,36,49,0,85,25,68,60,12,165,148,0,148,313
03/10/2020,FAI,AK,AAL,WE,Combined TRACON& Tower with Radar,27,22,14,19,82,0,48,97,0,145,27,70,111,19,227,123,0,123,350
03/11/2020,FAI,AK,AAL,WE,Combined TRACON& Tower with Radar,38,44,3,2,87,0,62,101,1,164,38,106,104,3,251,100,2,102,353
03/12/2020,FAI,AK,AAL,WE,Combined TRACON& Tower with Radar,49,47,11,2,109,0,78,103,1,182,49,125,114,3,291,58,0,58,349
03/13/2020,FAI,AK,AAL,WE,Combined TRACON& Tower with Radar,24,14,11,1,50,0,49,111,0,160,24,63,122,1,210,109,0,109,319
03/14/2020,FAI,AK,AAL,WE,Combined TRACON& Tower with Radar,27,15,6,0,48,0,19,60,0,79,27,34,66,0,127,117,0,117,244
03/15/2020,FAI,AK,AAL,WE,Combined TRACON& Tower with Radar,21,21,4,0,46,0,15,64,0,79,21,36,68,0,125,62,0,62,187
03/16/2020,FAI,AK,AAL,WE,Combined TRACON& Tower with Radar,24,46,13,0,83,0,20,40,0,60,24,66,53,0,143,80,0,80,223
03/17/2020,FAI,AK,AAL,WE,Combined TRACON& Tower with Radar,27,33,12,3,75,0,45,91,4,140,27,78,103,7,215,116,2,118,333
03/18/2020,FAI,AK,AAL,WE,Combined TRACON& Tower with Radar,26,60,14,1,101,0,16,18,0,34,26,76,32,1,135,8,0,8,143
03/19/2020,FAI,AK,AAL,WE,Combined TRACON& Tower with Radar,28,28,3,4,63,0,31,53,8,92,28,59,56,12,155,70,1,71,226
03/20/2020,FAI,AK,AAL,WE,Combined TRACON& Tower with Radar,26,37,13,0,76,0,20,10,0,30,26,57,23,0,106,14,0,14,120
03/21/2020,FAI,AK,AAL,WE,Combined TRACON& Tower with Radar,27,35,5,2,69,0,2,0,0,2,27,37,5,2,71,0,0,0,71
03/22/2020,FAI,AK,AAL,WE,Combined TRACON& Tower with Radar,20,10,2,0,32,0,16,2,0,18,20,26,4,0,50,0,0,0,50
03/23/2020,FAI,AK,AAL,WE,Combined TRACON& Tower with Radar,25,25,5,0,55,0,2,3,0,5,25,27,8,0,60,2,3,5,65
03/24/2020,FAI,AK,AAL,WE,Combined TRACON& Tower with Radar,30,30,22,0,82,0,9,5,0,14,30,39,27,0,96,0,0,0,96
03/25/2020,FAI,AK,AAL,WE,Combined TRACON& Tower with Radar,29,36,8,0,73,0,8,20,0,28,29,44,28,0,101,2,0,2,103
03/26/2020,FAI,AK,AAL,WE,Combined TRACON& Tower with Radar,32,20,3,1,56,0,29,30,4,63,32,49,33,5,119,34,0,34,153
03/27/2020,FAI,AK,AAL,WE,Combined TRACON& Tower with Radar,27,10,8,1,46,0,25,60,4,89,27,35,68,5,135,0,28,28,163
03/28/2020,FAI,AK,AAL,WE,Combined TRACON& Tower with Radar,17,10,5,0,32,0,22,28,2,52,17,32,33,2,84,16,0,16,100
03/29/2020,FAI,AK,AAL,WE,Combined TRACON& Tower with Radar,15,5,2,0,22,0,3,33,2,38,15,8,35,2,60,64,0,64,124
03/30/2020,FAI,AK,AAL,WE,Combined TRACON& Tower with Radar,20,6,9,2,37,0,33,78,4,115,20,39,87,6,152,42,0,42,194
03/31/2020,FAI,AK,AAL,WE,Combined TRACON& Tower with Radar,20,21,4,1,46,0,37,69,7,113,20,58,73,8,159,67,0,67,226
04/01/2020,FAI,AK,AAL,WE,Combined TRACON& Tower with Radar,13,15,5,0,33,0,50,93,2,145,13,65,98,2,178,162,0,162,340
04/02/2020,FAI,AK,AAL,WE,Combined TRACON& Tower with Radar,12,25,7,1,45,0,24,47,0,71,12,49,54,1,116,94,5,99,215
04/03/2020,FAI,AK,AAL,WE,Combined TRACON& Tower with Radar,12,26,8,0,46,0,7,7,2,16,12,33,15,2,62,25,1,26,88
04/04/2020,FAI,AK,AAL,WE,Combined TRACON& Tower with Radar,9,15,0,0,24,0,0,1,0,1,9,15,1,0,25,0,0,0,25
04/05/2020,FAI,AK,AAL,WE,Combined TRACON& Tower with Radar,8,6,3,0,17,0,1,1,0,2,8,7,4,0,19,0,0,0,19
04/06/2020,FAI,AK,AAL,WE,Combined TRACON& Tower with Radar,7,21,11,0,39,0,3,0,0,3,7,24,11,0,42,0,0,0,42
04/07/2020,FAI,AK,AAL,WE,Combined TRACON& Tower with Radar,9,10,6,0,25,0,24,69,2,95,9,34,75,2,120,56,0,56,176
04/08/2020,FAI,AK,AAL,WE,Combined TRACON& Tower with Radar,6,16,8,0,30,0,27,87,1,115,6,43,95,1,145,87,2,89,234
04/09/2020,FAI,AK,AAL,WE,Combined TRACON& Tower with Radar,12,7,2,1,22,0,31,80,0,111,12,38,82,1,133,42,0,42,175
04/10/2020,FAI,AK,AAL,WE,Combined TRACON& Tower with Radar,9,25,15,0,49,0,0,0,0,0,9,25,15,0,49,0,0,0,49
04/11/2020,FAI,AK,AAL,WE,Combined TRACON& Tower with Radar,9,6,11,0,26,0,16,98,0,114,9,22,109,0,140,92,0,92,232
04/12/2020,FAI,AK,AAL,WE,Combined TRACON& Tower with Radar,8,2,8,8,26,0,0,55,0,55,8,2,63,8,81,68,0,68,149
04/13/2020,FAI,AK,AAL,WE,Combined TRACON& Tower with Radar,10,12,12,2,36,0,6,6,0,12,10,18,18,2,48,0,0,0,48
04/14/2020,FAI,AK,AAL,WE,Combined TRACON& Tower with Radar,16,14,12,8,50,0,26,92,1,119,16,40,104,9,169,84,0,84,253
04/15/2020,FAI,AK,AAL,WE,Combined TRACON& Tower with Radar,12,11,8,0,31,0,29,77,7,113,12,40,85,7,144,100,5,105,249
04/16/2020,FAI,AK,AAL,WE,Combined TRACON& Tower with Radar,18,24,15,2,59,0,18,18,3,39,18,42,33,5,98,1,0,1,99
04/17/2020,FAI,AK,AAL,WE,Combined TRACON& Tower with Radar,10,23,12,0,45,0,30,41,2,73,10,53,53,2,118,38,0,38,156
04/18/2020,FAI,AK,AAL,WE,Combined TRACON& Tower with Radar,9,15,3,1,28,0,8,10,0,18,9,23,13,1,46,14,0,14,60
04/19/2020,FAI,AK,AAL,WE,Combined TRACON& Tower with Radar,9,1,8,0,18,0,0,26,0,26,9,1,34,0,44,40,1,41,85
04/20/2020,FAI,AK,AAL,WE,Combined TRACON& Tower with Radar,12,30,16,8,66,0,2,6,0,8,12,32,22,8,74,28,8,36,110
04/21/2020,FAI,AK,AAL,WE,Combined TRACON& Tower with Radar,13,37,6,16,72,0,13,7,2,22,13,50,13,18,94,48,4,52,146
04/22/2020,FAI,AK,AAL,WE,Combined TRACON& Tower with Radar,12,17,11,12,52,0,44,73,0,117,12,61,84,12,169,82,22,104,273
04/23/2020,FAI,AK,AAL,WE,Combined TRACON& Tower with Radar,15,11,13,14,53,0,30,92,8,130,15,41,105,22,183,60,31,91,274
04/24/2020,FAI,AK,AAL,WE,Combined TRACON& Tower with Radar,15,10,7,12,44,0,32,69,0,101,15,42,76,12,145,60,0,60,205
04/25/2020,FAI,AK,AAL,WE,Combined TRACON& Tower with Radar,8,7,11,4,30,0,21,95,0,116,8,28,106,4,146,116,0,116,262
04/26/2020,FAI,AK,AAL,WE,Combined TRACON& Tower with Radar,8,2,2,4,16,0,1,105,0,106,8,3,107,4,122,105,0,105,227
04/27/2020,FAI,AK,AAL,WE,Combined TRACON& Tower with Radar,12,5,10,5,32,0,31,88,6,125,12,36,98,11,157,70,0,70,227
04/28/2020,FAI,AK,AAL,WE,Combined TRACON& Tower with Radar,13,9,7,8,37,0,27,94,4,125,13,36,101,12,162,73,0,73,235
04/29/2020,FAI,AK,AAL,WE,Combined TRACON& Tower with Radar,12,10,14,8,44,0,42,55,7,104,12,52,69,15,148,59,3,62,210
04/30/2020,FAI,AK,AAL,WE,Combined TRACON& Tower with Radar,15,15,7,5,42,0,33,87,1,121,15,48,94,6,163,172,8,180,343
05/01/2020,FAI,AK,AAL,WE,Combined TRACON& Tower with Radar,12,5,12,2,31,0,33,138,3,174,12,38,150,5,205,172,0,172,377
05/02/2020,FAI,AK,AAL,WE,Combined TRACON& Tower with Radar,14,5,6,0,25,0,24,111,1,136,14,29,117,1,161,234,0,234,395
05/03/2020,FAI,AK,AAL,WE,Combined TRACON& Tower with Radar,10,5,2,0,17,0,4,63,2,69,10,9,65,2,86,82,0,82,168
05/04/2020,FAI,AK,AAL,WE,Combined TRACON& Tower with Radar,11,5,12,3,31,0,40,100,3,143,11,45,112,6,174,155,0,155,329
05/05/2020,FAI,AK,AAL,WE,Combined TRACON& Tower with Radar,12,14,15,2,43,0,30,129,1,160,12,44,144,3,203,188,0,188,391
05/06/2020,FAI,AK,AAL,WE,Combined TRACON& Tower with Radar,11,7,10,4,32,0,30,142,5,177,11,37,152,9,209,276,0,276,485
05/07/2020,FAI,AK,AAL,WE,Combined TRACON& Tower with Radar,18,12,12,10,52,0,43,121,1,165,18,55,133,11,217,242,0,242,459
05/08/2020,FAI,AK,AAL,WE,Combined TRACON& Tower with Radar,13,9,8,0,30,0,46,67,0,113,13,55,75,0,143,159,0,159,302
05/09/2020,FAI,AK,AAL,WE,Combined TRACON& Tower with Radar,10,10,9,3,32,0,28,131,0,159,10,38,140,3,191,294,0,294,485
05/10/2020,FAI,AK,AAL,WE,Combined TRACON& Tower with Radar,8,5,12,0,25,0,1,103,0,104,8,6,115,0,129,126,0,126,255
05/11/2020,FAI,AK,AAL,WE,Combined TRACON& Tower with Radar,13,3,16,2,34,0,36,118,3,157,13,39,134,5,191,194,1,195,386
05/12/2020,FAI,AK,AAL,WE,Combined TRACON& Tower with Radar,12,13,19,2,46,0,18,63,2,83,12,31,82,4,129,174,1,175,304
05/13/2020,FAI,AK,AAL,WE,Combined TRACON& Tower with Radar,16,10,16,0,42,0,20,65,1,86,16,30,81,1,128,64,0,64,192
05/14/2020,FAI,AK,AAL,WE,Combined TRACON& Tower with Radar,19,12,8,4,43,0,32,69,3,104,19,44,77,7,147,130,0,130,277
05/15/2020,FAI,AK,AAL,WE,Combined TRACON& Tower with Radar,14,11,21,1,47,0,38,191,1,230,14,49,212,2,277,214,0,214,491
05/16/2020,FAI,AK,AAL,WE,Combined TRACON& Tower with Radar,9,6,12,0,27,1,18,128,0,147,10,24,140,0,174,213,0,213,387
05/17/2020,FAI,AK,AAL,WE,Combined TRACON& Tower with Radar,8,5,7,2,22,0,10,184,0,194,8,15,191,2,216,310,0,310,526
05/18/2020,FAI,AK,AAL,WE,Combined TRACON& Tower with Radar,10,8,9,0,27,0,31,82,2,115,10,39,91,2,142,176,0,176,318
05/19/2020,FAI,AK,AAL,WE,Combined TRACON& Tower with Radar,15,19,12,0,46,0,35,120,3,158,15,54,132,3,204,256,5,261,465
05/20/2020,FAI,AK,AAL,WE,Combined TRACON& Tower with Radar,16,14,14,4,48,0,45,139,5,189,16,59,153,9,237,306,7,313,550
05/21/2020,FAI,AK,AAL,WE,Combined TRACON& Tower with Radar,20,15,13,3,51,0,38,177,0,215,20,53,190,3,266,265,0,265,531
05/22/2020,FAI,AK,AAL,WE,Combined TRACON& Tower with Radar,15,15,18,1,49,0,42,143,2,187,15,57,161,3,236,270,0,270,506
05/23/2020,FAI,AK,AAL,WE,Combined TRACON& Tower with Radar,12,9,4,1,26,0,23,161,0,184,12,32,165,1,210,246,0,246,456
05/24/2020,FAI,AK,AAL,WE,Combined TRACON& Tower with Radar,8,11,9,0,28,0,3,116,0,119,8,14,125,0,147,188,0,188,335
05/25/2020,FAI,AK,AAL,WE,Combined TRACON& Tower with Radar,8,3,4,0,15,0,2,30,1,33,8,5,34,1,48,36,0,36,84
05/26/2020,FAI,AK,AAL,WE,Combined TRACON& Tower with Radar,13,18,9,0,40,0,30,123,4,157,13,48,132,4,197,172,0,172,369
05/27/2020,FAI,AK,AAL,WE,Combined TRACON& Tower with Radar,12,15,25,0,52,0,36,126,3,165,12,51,151,3,217,258,0,258,475
05/28/2020,FAI,AK,AAL,WE,Combined TRACON& Tower with Radar,21,18,5,2,46,0,39,124,1,164,21,57,129,3,210,260,0,260,470
05/29/2020,FAI,AK,AAL,WE,Combined TRACON& Tower with Radar,15,16,24,0,55,0,41,143,2,186,15,57,167,2,241,240,0,240,481
05/30/2020,FAI,AK,AAL,WE,Combined TRACON& Tower with Radar,11,9,12,0,32,0,25,97,0,122,11,34,109,0,154,169,0,169,323
05/31/2020,FAI,AK,AAL,WE,Combined TRACON& Tower with Radar,8,0,5,0,13,0,5,140,2,147,8,5,145,2,160,120,0,120,280
06/01/2020,FAI,AK,AAL,WE,Combined TRACON& Tower with Radar,16,8,13,1,38,0,48,169,1,218,16,56,182,2,256,196,0,196,452
06/02/2020,FAI,AK,AAL,WE,Combined TRACON& Tower with Radar,17,4,15,0,36,0,32,133,1,166,17,36,148,1,202,182,0,182,384
06/03/2020,FAI,AK,AAL,WE,Combined TRACON& Tower with Radar,19,16,24,0,59,0,37,91,1,129,19,53,115,1,188,144,0,144,332
06/04/2020,FAI,AK,AAL,WE,Combined TRACON& Tower with Radar,20,20,21,0,61,0,32,105,0,137,20,52,126,0,198,229,0,229,427
06/05/2020,FAI,AK,AAL,WE,Combined TRACON& Tower with Radar,14,10,17,0,41,2,62,123,0,187,16,72,140,0,228,230,0,230,458
06/06/2020,FAI,AK,AAL,WE,Combined TRACON& Tower with Radar,14,6,9,0,29,4,34,166,0,204,18,40,175,0,233,186,0,186,419
06/07/2020,FAI,AK,AAL,WE,Combined TRACON& Tower with Radar,12,2,14,1,29,0,17,150,0,167,12,19,164,1,196,320,0,320,516
06/08/2020,FAI,AK,AAL,WE,Combined TRACON& Tower with Radar,18,4,12,3,37,0,45,120,1,166,18,49,132,4,203,214,0,214,417
06/09/2020,FAI,AK,AAL,WE,Combined TRACON& Tower with Radar,16,17,15,4,52,0,47,115,16,178,16,64,130,20,230,230,0,230,460
06/10/2020,FAI,AK,AAL,WE,Combined TRACON& Tower with Radar,14,21,10,2,47,0,57,160,14,231,14,78,170,16,278,329,0,329,607
06/11/2020,FAI,AK,AAL,WE,Combined TRACON& Tower with Radar,19,16,9,1,45,0,51,130,15,196,19,67,139,16,241,362,1,363,604
06/12/2020,FAI,AK,AAL,WE,Combined TRACON& Tower with Radar,18,13,16,2,49,7,48,161,10,226,25,61,177,12,275,128,0,128,403
06/13/2020,FAI,AK,AAL,WE,Combined TRACON& Tower with Radar,12,5,17,1,35,0,40,203,0,243,12,45,220,1,278,348,0,348,626
06/14/2020,FAI,AK,AAL,WE,Combined TRACON& Tower with Radar,12,10,15,1,38,2,11,91,0,104,14,21,106,1,142,202,0,202,344
06/15/2020,FAI,AK,AAL,WE,Combined TRACON& Tower with Radar,14,9,15,2,40,3,42,100,2,147,17,51,115,4,187,76,0,76,263
06/16/2020,FAI,AK,AAL,WE,Combined TRACON& Tower with Radar,18,8,11,3,40,0,36,121,2,159,18,44,132,5,199,244,0,244,443
06/17/2020,FAI,AK,AAL,WE,Combined TRACON& Tower with Radar,13,12,12,0,37,0,42,156,6,204,13,54,168,6,241,240,6,246,487
06/18/2020,FAI,AK,AAL,WE,Combined TRACON& Tower with Radar,20,12,9,1,42,4,54,131,12,201,24,66,140,13,243,222,4,226,469
06/19/2020,FAI,AK,AAL,WE,Combined TRACON& Tower with Radar,18,49,28,0,95,0,11,54,0,65,18,60,82,0,160,142,0,142,302
06/20/2020,FAI,AK,AAL,WE,Combined TRACON& Tower with Radar,12,2,18,0,32,0,29,107,0,136,12,31,125,0,168,187,0,187,355
06/21/2020,FAI,AK,AAL,WE,Combined TRACON& Tower with Radar,12,9,19,0,40,0,0,22,0,22,12,9,41,0,62,28,0,28,90
06/22/2020,FAI,AK,AAL,WE,Combined TRACON& Tower with Radar,17,35,21,6,79,0,10,11,0,21,17,45,32,6,100,4,0,4,104
06/23/2020,FAI,AK,AAL,WE,Combined TRACON& Tower with Radar,17,39,26,2,84,0,9,39,0,48,17,48,65,2,132,34,0,34,166
06/24/2020,FAI,AK,AAL,WE,Combined TRACON& Tower with Radar,15,18,21,4,58,0,29,99,8,136,15,47,120,12,194,166,2,168,362
06/25/2020,FAI,AK,AAL,WE,Combined TRACON& Tower with Radar,21,19,24,4,68,0,49,171,3,223,21,68,195,7,291,288,0,288,579
06/26/2020,FAI,AK,AAL,WE,Combined TRACON& Tower with Radar,19,6,12,1,38,2,46,180,5,233,21,52,192,6,271,192,0,192,463
06/27/2020,FAI,AK,AAL,WE,Combined TRACON& Tower with Radar,15,6,24,3,48,0,36,202,5,243,15,42,226,8,291,253,1,254,545
06/28/2020,FAI,AK,AAL,WE,Combined TRACON& Tower with Radar,12,9,6,0,27,0,0,121,0,121,12,9,127,0,148,160,0,160,308
06/29/2020,FAI,AK,AAL,WE,Combined TRACON& Tower with Radar,16,15,16,3,50,0,31,100,8,139,16,46,116,11,189,116,2,118,307
06/30/2020,FAI,AK,AAL,WE,Combined TRACON& Tower with Radar,18,17,16,2,53,0,42,175,0,217,18,59,191,2,270,151,2,153,423
07/01/2020,FAI,AK,AAL,WE,Combined TRACON& Tower with Radar,19,15,23,8,65,0,50,211,0,261,19,65,234,8,326,381,6,387,713
07/02/2020,FAI,AK,AAL,WE,Combined TRACON& Tower with Radar,20,16,14,4,54,0,55,115,1,171,20,71,129,5,225,228,0,228,453
07/03/2020,FAI,AK,AAL,WE,Combined TRACON& Tower with Radar,22,14,12,3,51,0,49,163,5,217,22,63,175,8,268,152,0,152,420
07/04/2020,FAI,AK,AAL,WE,Combined TRACON& Tower with Radar,12,0,14,4,30,0,2,136,0,138,12,2,150,4,168,90,0,90,258
07/05/2020,FAI,AK,AAL,WE,Combined TRACON& Tower with Radar,12,2,4,4,22,2,8,138,0,148,14,10,142,4,170,195,0,195,365
07/06/2020,FAI,AK,AAL,WE,Combined TRACON& Tower with Radar,12,7,13,12,44,1,49,138,1,189,13,56,151,13,233,126,0,126,359
07/07/2020,FAI,AK,AAL,WE,Combined TRACON& Tower with Radar,17,13,13,11,54,0,29,124,3,156,17,42,137,14,210,102,18,120,330
07/08/2020,FAI,AK,AAL,WE,Combined TRACON& Tower with Radar,16,49,19,0,84,0,19,84,3,106,16,68,103,3,190,152,0,152,342
07/09/2020,FAI,AK,AAL,WE,Combined TRACON& Tower with Radar,23,22,27,6,78,0,33,56,1,90,23,55,83,7,168,132,0,132,300
07/10/2020,FAI,AK,AAL,WE,Combined TRACON& Tower with Radar,15,7,24,5,51,0,48,108,2,158,15,55,132,7,209,177,2,179,388
07/11/2020,FAI,AK,AAL,WE,Combined TRACON& Tower with Radar,13,10,17,0,40,0,26,166,0,192,13,36,183,0,232,221,0,221,453
07/12/2020,FAI,AK,AAL,WE,Combined TRACON& Tower with Radar,12,8,15,0,35,0,8,143,0,151,12,16,158,0,186,194,0,194,380
07/13/2020,FAI,AK,AAL,WE,Combined TRACON& Tower with Radar,16,38,18,8,80,0,21,56,0,77,16,59,74,8,157,100,0,100,257
07/14/2020,FAI,AK,AAL,WE,Combined TRACON& Tower with Radar,18,10,7,12,47,0,43,134,0,177,18,53,141,12,224,144,0,144,368
07/15/2020,FAI,AK,AAL,WE,Combined TRACON& Tower with Radar,25,21,11,10,67,1,45,156,7,209,26,66,167,17,276,170,0,170,446
07/16/2020,FAI,AK,AAL,WE,Combined TRACON& Tower with Radar,18,29,16,3,66,0,28,111,2,141,18,57,127,5,207,160,0,160,367
07/17/2020,FAI,AK,AAL,WE,Combined TRACON& Tower with Radar,15,25,17,5,62,0,31,115,0,146,15,56,132,5,208,230,0,230,438
07/18/2020,FAI,AK,AAL,WE,Combined TRACON& Tower with Radar,13,18,7,0,38,0,19,70,0,89,13,37,77,0,127,118,0,118,245
07/19/2020,FAI,AK,AAL,WE,Combined TRACON& Tower with Radar,12,4,2,0,18,0,6,116,2,124,12,10,118,2,142,200,0,200,342
07/20/2020,FAI,AK,AAL,WE,Combined TRACON& Tower with Radar,15,8,15,8,46,0,48,118,1,167,15,56,133,9,213,143,0,143,356
07/21/2020,FAI,AK,AAL,WE,Combined TRACON& Tower with Radar,18,46,23,6,93,0,3,23,0,26,18,49,46,6,119,28,0,28,147
07/22/2020,FAI,AK,AAL,WE,Combined TRACON& Tower with Radar,13,30,31,1,75,0,35,98,1,134,13,65,129,2,209,124,2,126,335
07/23/2020,FAI,AK,AAL,WE,Combined TRACON& Tower with Radar,19,23,15,19,76,2,38,148,2,190,21,61,163,21,266,154,4,158,424
07/24/2020,FAI,AK,AAL,WE,Combined TRACON& Tower with Radar,15,25,19,4,63,0,37,116,0,153,15,62,135,4,216,138,0,138,354
07/25/2020,FAI,AK,AAL,WE,Combined TRACON& Tower with Radar,12,13,16,0,41,0,13,102,1,116,12,26,118,1,157,176,0,176,333
07/26/2020,FAI,AK,AAL,WE,Combined TRACON& Tower with Radar,14,4,6,0,24,0,20,143,0,163,14,24,149,0,187,222,0,222,409
07/27/2020,FAI,AK,AAL,WE,Combined TRACON& Tower with Radar,16,27,22,14,79,0,27,60,1,88,16,54,82,15,167,67,16,83,250
07/28/2020,FAI,AK,AAL,WE,Combined TRACON& Tower with Radar,18,30,14,9,71,0,40,96,4,140,18,70,110,13,211,170,14,184,395
07/29/2020,FAI,AK,AAL,WE,Combined TRACON& Tower with Radar,16,16,29,1,62,0,34,176,0,210,16,50,205,1,272,108,0,108,380
07/30/2020,FAI,AK,AAL,WE,Combined TRACON& Tower with Radar,18,15,13,7,53,0,50,176,2,228,18,65,189,9,281,150,0,150,431
07/31/2020,FAI,AK,AAL,WE,Combined TRACON& Tower with Radar,13,9,22,3,47,0,52,232,1,285,13,61,254,4,332,194,4,198,530
08/01/2020,FAI,AK,AAL,WE,Combined TRACON& Tower with Radar,16,6,11,0,33,0,29,199,1,229,16,35,210,1,262,198,0,198,460
08/02/2020,FAI,AK,AAL,WE,Combined TRACON& Tower with Radar,15,16,8,0,39,2,14,83,0,99,17,30,91,0,138,164,0,164,302
08/03/2020,FAI,AK,AAL,WE,Combined TRACON& Tower with Radar,17,39,22,4,82,0,14,45,1,60,17,53,67,5,142,36,0,36,178
08/04/2020,FAI,AK,AAL,WE,Combined TRACON& Tower with Radar,22,31,27,7,87,0,32,149,0,181,22,63,176,7,268,86,2,88,356
08/05/2020,FAI,AK,AAL,WE,Combined TRACON& Tower with Radar,17,17,18,0,52,0,47,178,0,225,17,64,196,0,277,168,0,168,445
08/06/2020,FAI,AK,AAL,WE,Combined TRACON& Tower with Radar,23,10,19,7,59,0,66,196,0,262,23,76,215,7,321,150,0,150,471
08/07/2020,FAI,AK,AAL,WE,Combined TRACON& Tower with Radar,21,8,17,2,48,0,61,195,1,257,21,69,212,3,305,186,0,186,491
08/08/2020,FAI,AK,AAL,WE,Combined TRACON& Tower with Radar,20,3,5,1,29,0,41,195,0,236,20,44,200,1,265,78,0,78,343
08/09/2020,FAI,AK,AAL,WE,Combined TRACON& Tower with Radar,18,5,6,0,29,0,41,147,1,189,18,46,153,1,218,80,0,80,298
08/10/2020,FAI,AK,AAL,WE,Combined TRACON& Tower with Radar,18,17,20,1,56,0,47,127,2,176,18,64,147,3,232,65,3,68,300
08/11/2020,FAI,AK,AAL,WE,Combined TRACON& Tower with Radar,20,21,21,15,77,0,39,104,6,149,20,60,125,21,226,80,8,88,314
08/12/2020,FAI,AK,AAL,WE,Combined TRACON& Tower with Radar,21,34,33,9,97,0,29,95,3,127,21,63,128,12,224,88,0,88,312
08/13/2020,FAI,AK,AAL,WE,Combined TRACON& Tower with Radar,25,43,15,9,92,0,29,135,1,165,25,72,150,10,257,108,18,126,383
08/14/2020,FAI,AK,AAL,WE,Combined TRACON& Tower with Radar,19,13,24,4,60,0,53,230,2,285,19,66,254,6,345,148,0,148,493
08/15/2020,FAI,AK,AAL,WE,Combined TRACON& Tower with Radar,16,11,14,0,41,0,49,195,1,245,16,60,209,1,286,286,0,286,572
08/16/2020,FAI,AK,AAL,WE,Combined TRACON& Tower with Radar,16,7,15,0,38,0,27,215,0,242,16,34,230,0,280,138,0,138,418
08/17/2020,FAI,AK,AAL,WE,Combined TRACON& Tower with Radar,18,2,10,4,34,0,50,158,14,222,18,52,168,18,256,104,0,104,360
08/18/2020,FAI,AK,AAL,WE,Combined TRACON& Tower with Radar,18,15,10,18,61,0,54,192,8,254,18,69,202,26,315,162,2,164,479
08/19/2020,FAI,AK,AAL,WE,Combined TRACON& Tower with Radar,18,11,15,3,47,0,62,167,13,242,18,73,182,16,289,290,2,292,581
08/20/2020,FAI,AK,AAL,WE,Combined TRACON& Tower with Radar,22,11,22,6,61,0,63,163,2,228,22,74,185,8,289,176,0,176,465
08/21/2020,FAI,AK,AAL,WE,Combined TRACON& Tower with Radar,19,27,22,6,74,0,43,173,14,230,19,70,195,20,304,126,0,126,430
08/22/2020,FAI,AK,AAL,WE,Combined TRACON& Tower with Radar,17,9,16,2,44,1,34,176,0,211,18,43,192,2,255,166,0,166,421
08/23/2020,FAI,AK,AAL,WE,Combined TRACON& Tower with Radar,17,5,16,1,39,0,22,156,0,178,17,27,172,1,217,118,0,118,335
08/24/2020,FAI,AK,AAL,WE,Combined TRACON& Tower with Radar,20,28,29,0,77,0,28,64,2,94,20,56,93,2,171,90,0,90,261
08/25/2020,FAI,AK,AAL,WE,Combined TRACON& Tower with Radar,21,46,22,4,93,0,22,72,0,94,21,68,94,4,187,34,1,35,222
08/26/2020,FAI,AK,AAL,WE,Combined TRACON& Tower with Radar,16,28,41,1,86,0,33,68,0,101,16,61,109,1,187,108,0,108,295
08/27/2020,FAI,AK,AAL,WE,Combined TRACON& Tower with Radar,28,12,16,4,60,0,45,140,0,185,28,57,156,4,245,174,1,175,420
08/28/2020,FAI,AK,AAL,WE,Combined TRACON& Tower with Radar,24,28,21,0,73,0,37,126,0,163,24,65,147,0,236,42,0,42,278
08/29/2020,FAI,AK,AAL,WE,Combined TRACON& Tower with Radar,17,19,16,1,53,0,36,180,0,216,17,55,196,1,269,190,0,190,459
08/30/2020,FAI,AK,AAL,WE,Combined TRACON& Tower with Radar,15,9,11,2,37,0,45,147,0,192,15,54,158,2,229,164,0,164,393
08/31/2020,FAI,AK,AAL,WE,Combined TRACON& Tower with Radar,22,15,17,1,55,0,50,167,0,217,22,65,184,1,272,104,0,104,376
09/01/2020,FAI,AK,AAL,WE,Combined TRACON& Tower with Radar,18,26,25,4,73,0,28,86,0,114,18,54,111,4,187,118,0,118,305
09/02/2020,FAI,AK,AAL,WE,Combined TRACON& Tower with Radar,23,18,23,13,77,0,46,127,1,174,23,64,150,14,251,192,8,200,451
09/03/2020,FAI,AK,AAL,WE,Combined TRACON& Tower with Radar,21,11,13,6,51,0,62,130,2,194,21,73,143,8,245,209,0,209,454
09/04/2020,FAI,AK,AAL,WE,Combined TRACON& Tower with Radar,23,39,32,0,94,0,26,71,1,98,23,65,103,1,192,28,0,28,220
09/05/2020,FAI,AK,AAL,WE,Combined TRACON& Tower with Radar,15,29,29,0,73,0,18,65,1,84,15,47,94,1,157,26,0,26,183
09/06/2020,FAI,AK,AAL,WE,Combined TRACON& Tower with Radar,16,7,16,0,39,0,25,223,3,251,16,32,239,3,290,119,0,119,409
09/07/2020,FAI,AK,AAL,WE,Combined TRACON& Tower with Radar,17,6,5,0,28,0,7,130,0,137,17,13,135,0,165,140,0,140,305
09/08/2020,FAI,AK,AAL,WE,Combined TRACON& Tower with Radar,19,31,22,2,74,0,46,109,0,155,19,77,131,2,229,116,3,119,348
09/09/2020,FAI,AK,AAL,WE,Combined TRACON& Tower with Radar,20,48,23,0,91,0,24,53,2,79,20,72,76,2,170,60,0,60,230
09/10/2020,FAI,AK,AAL,WE,Combined TRACON& Tower with Radar,18,30,30,9,87,0,33,116,3,152,18,63,146,12,239,22,10,32,271
09/11/2020,FAI,AK,AAL,WE,Combined TRACON& Tower with Radar,19,34,26,4,83,0,47,165,1,213,19,81,191,5,296,132,0,132,428
09/12/2020,FAI,AK,AAL,WE,Combined TRACON& Tower with Radar,16,8,16,2,42,0,50,193,0,243,16,58,209,2,285,262,0,262,547
09/13/2020,FAI,AK,AAL,WE,Combined TRACON& Tower with Radar,16,5,8,2,31,0,32,220,2,254,16,37,228,4,285,278,0,278,563
09/14/2020,FAI,AK,AAL,WE,Combined TRACON& Tower with Radar,18,8,19,10,55,0,54,196,6,256,18,62,215,16,311,109,2,111,422
09/15/2020,FAI,AK,AAL,WE,Combined TRACON& Tower with Radar,19,11,22,5,57,0,44,176,4,224,19,55,198,9,281,172,0,172,453
09/16/2020,FAI,AK,AAL,WE,Combined TRACON& Tower with Radar,18,28,28,9,83,0,56,192,8,256,18,84,220,17,339,155,10,165,504
09/17/2020,FAI,AK,AAL,WE,Combined TRACON& Tower with Radar,20,17,18,9,64,0,50,135,4,189,20,67,153,13,253,158,12,170,423
09/18/2020,FAI,AK,AAL,WE,Combined TRACON& Tower with Radar,19,22,16,6,63,0,53,161,2,216,19,75,177,8,279,110,4,114,393
09/19/2020,FAI,AK,AAL,WE,Combined TRACON& Tower with Radar,16,15,19,1,51,0,54,145,1,200,16,69,164,2,251,118,0,118,369
09/20/2020,FAI,AK,AAL,WE,Combined TRACON& Tower with Radar,16,13,19,5,53,0,23,186,0,209,16,36,205,5,262,124,0,124,386
09/21/2020,FAI,AK,AAL,WE,Combined TRACON& Tower with Radar,18,9,24,10,61,0,49,223,0,272,18,58,247,10,333,190,8,198,531
09/22/2020,FAI,AK,AAL,WE,Combined TRACON& Tower with Radar,22,16,17,3,58,0,52,218,0,270,22,68,235,3,328,260,2,262,590
09/23/2020,FAI,AK,AAL,WE,Combined TRACON& Tower with Radar,18,15,24,7,64,0,39,109,1,149,18,54,133,8,213,101,3,104,317
09/24/2020,FAI,AK,AAL,WE,Combined TRACON& Tower with Radar,17,38,27,15,97,0,21,28,1,50,17,59,55,16,147,0,8,8,155
09/25/2020,FAI,AK,AAL,WE,Combined TRACON& Tower with Radar,20,28,28,4,80,0,26,84,0,110,20,54,112,4,190,92,0,92,282
09/26/2020,FAI,AK,AAL,WE,Combined TRACON& Tower with Radar,15,17,11,0,43,0,55,145,1,201,15,72,156,1,244,166,0,166,410
09/27/2020,FAI,AK,AAL,WE,Combined TRACON& Tower with Radar,19,5,10,0,34,0,9,143,0,152,19,14,153,0,186,64,8,72,258
09/28/2020,FAI,AK,AAL,WE,Combined TRACON& Tower with Radar,18,9,7,4,38,0,39,101,4,144,18,48,108,8,182,156,2,158,340
09/29/2020,FAI,AK,AAL,WE,Combined TRACON& Tower with Radar,19,13,22,10,64,0,39,101,8,148,19,52,123,18,212,192,1,193,405
09/30/2020,FAI,AK,AAL,WE,Combined TRACON& Tower with Radar,19,16,20,10,65,1,44,76,5,126,20,60,96,15,191,124,18,142,333
10/01/2020,FAI,AK,AAL,WE,Combined TRACON& Tower with Radar,20,10,16,10,56,0,37,109,3,149,20,47,125,13,205,192,0,192,397
10/02/2020,FAI,AK,AAL,WE,Combined TRACON& Tower with Radar,21,15,10,5,51,0,38,78,1,117,21,53,88,6,168,54,0,54,222
10/03/2020,FAI,AK,AAL,WE,Combined TRACON& Tower with Radar,15,14,11,1,41,0,33,123,0,156,15,47,134,1,197,180,0,180,377
10/04/2020,FAI,AK,AAL,WE,Combined TRACON& Tower with Radar,16,5,13,2,36,0,2,173,3,178,16,7,186,5,214,228,0,228,442
10/05/2020,FAI,AK,AAL,WE,Combined TRACON& Tower with Radar,18,9,11,4,42,0,33,102,0,135,18,42,113,4,177,136,2,138,315
10/06/2020,FAI,AK,AAL,WE,Combined TRACON& Tower with Radar,16,44,10,0,70,0,1,4,0,5,16,45,14,0,75,4,0,4,79
10/07/2020,FAI,AK,AAL,WE,Combined TRACON& Tower with Radar,18,21,11,5,55,0,40,108,8,156,18,61,119,13,211,140,0,140,351
10/08/2020,FAI,AK,AAL,WE,Combined TRACON& Tower with Radar,23,16,9,8,56,0,36,129,1,166,23,52,138,9,222,108,1,109,331
10/09/2020,FAI,AK,AAL,WE,Combined TRACON& Tower with Radar,24,16,11,2,53,0,43,109,0,152,24,59,120,2,205,146,0,146,351
10/10/2020,FAI,AK,AAL,WE,Combined TRACON& Tower with Radar,14,5,12,0,31,0,30,152,0,182,14,35,164,0,213,94,0,94,307
10/11/2020,FAI,AK,AAL,WE,Combined TRACON& Tower with Radar,20,4,8,0,32,0,2,74,0,76,20,6,82,0,108,78,1,79,187
10/12/2020,FAI,AK,AAL,WE,Combined TRACON& Tower with Radar,22,8,7,1,38,0,40,74,0,114,22,48,81,1,152,77,0,77,229
10/13/2020,FAI,AK,AAL,WE,Combined TRACON& Tower with Radar,19,12,10,9,50,0,40,59,0,99,19,52,69,9,149,110,6,116,265
10/14/2020,FAI,AK,AAL,WE,Combined TRACON& Tower with Radar,21,27,23,7,78,0,35,38,1,74,21,62,61,8,152,70,6,76,228
10/15/2020,FAI,AK,AAL,WE,Combined TRACON& Tower with Radar,21,30,25,16,92,0,14,38,1,53,21,44,63,17,145,76,2,78,223
10/16/2020,FAI,AK,AAL,WE,Combined TRACON& Tower with Radar,19,8,15,2,44,0,50,86,10,146,19,58,101,12,190,80,0,80,270
10/17/2020,FAI,AK,AAL,WE,Combined TRACON& Tower with Radar,15,1,4,3,23,0,23,70,6,99,15,24,74,9,122,130,0,130,252
10/18/2020,FAI,AK,AAL,WE,Combined TRACON& Tower with Radar,16,5,12,1,34,0,10,65,6,81,16,15,77,7,115,64,0,64,179
10/19/2020,FAI,AK,AAL,WE,Combined TRACON& Tower with Radar,18,30,17,4,69,0,5,3,0,8,18,35,20,4,77,0,0,0,77
10/20/2020,FAI,AK,AAL,WE,Combined TRACON& Tower with Radar,20,22,12,2,56,0,41,13,1,55,20,63,25,3,111,14,0,14,125
10/21/2020,FAI,AK,AAL,WE,Combined TRACON& Tower with Radar,16,23,9,4,52,0,2,4,0,6,16,25,13,4,58,0,0,0,58
10/22/2020,FAI,AK,AAL,WE,Combined TRACON& Tower with Radar,24,19,13,14,70,0,57,88,2,147,24,76,101,16,217,100,0,100,317
10/23/2020,FAI,AK,AAL,WE,Combined TRACON& Tower with Radar,19,13,9,4,45,0,59,78,10,147,19,72,87,14,192,114,0,114,306
10/24/2020,FAI,AK,AAL,WE,Combined TRACON& Tower with Radar,15,13,6,0,34,0,22,90,0,112,15,35,96,0,146,150,0,150,296
10/25/2020,FAI,AK,AAL,WE,Combined TRACON& Tower with Radar,16,11,11,1,39,0,3,61,0,64,16,14,72,1,103,96,0,96,199
10/26/2020,FAI,AK,AAL,WE,Combined TRACON& Tower with Radar,20,27,12,0,59,0,2,2,0,4,20,29,14,0,63,0,0,0,63
10/27/2020,FAI,AK,AAL,WE,Combined TRACON& Tower with Radar,18,42,20,6,86,0,18,5,0,23,18,60,25,6,109,4,1,5,114
10/28/2020,FAI,AK,AAL,WE,Combined TRACON& Tower with Radar,21,41,20,4,86,0,26,12,0,38,21,67,32,4,124,8,0,8,132
10/29/2020,FAI,AK,AAL,WE,Combined TRACON& Tower with Radar,23,48,23,8,102,0,11,17,0,28,23,59,40,8,130,18,0,18,148
10/30/2020,FAI,AK,AAL,WE,Combined TRACON& Tower with Radar,20,36,34,2,92,0,17,28,0,45,20,53,62,2,137,60,0,60,197
10/31/2020,FAI,AK,AAL,WE,Combined TRACON& Tower with Radar,15,34,2,0,51,0,7,2,0,9,15,41,4,0,60,12,0,12,72
11/01/2020,FAI,AK,AAL,WE,Combined TRACON& Tower with Radar,18,13,16,0,47,0,11,42,0,53,18,24,58,0,100,28,0,28,128
11/02/2020,FAI,AK,AAL,WE,Combined TRACON& Tower with Radar,22,28,11,4,65,0,24,20,0,44,22,52,31,4,109,34,0,34,143
11/03/2020,FAI,AK,AAL,WE,Combined TRACON& Tower with Radar,17,7,8,6,38,0,39,44,4,87,17,46,52,10,125,26,4,30,155
11/04/2020,FAI,AK,AAL,WE,Combined TRACON& Tower with Radar,20,21,7,3,51,0,43,50,0,93,20,64,57,3,144,2,0,2,146
11/05/2020,FAI,AK,AAL,WE,Combined TRACON& Tower with Radar,18,9,12,7,46,0,40,56,14,110,18,49,68,21,156,44,0,44,200
11/06/2020,FAI,AK,AAL,WE,Combined TRACON& Tower with Radar,18,24,11,0,53,0,2,10,0,12,18,26,21,0,65,30,0,30,95
11/07/2020,FAI,AK,AAL,WE,Combined TRACON& Tower with Radar,15,14,0,0,29,0,26,2,0,28,15,40,2,0,57,0,0,0,57
11/08/2020,FAI,AK,AAL,WE,Combined TRACON& Tower with Radar,16,6,2,0,24,0,6,0,0,6,16,12,2,0,30,0,0,0,30
11/09/2020,FAI,AK,AAL,WE,Combined TRACON& Tower with Radar,21,35,14,2,72,0,14,9,0,23,21,49,23,2,95,3,1,4,99
11/10/2020,FAI,AK,AAL,WE,Combined TRACON& Tower with Radar,20,39,14,6,79,0,23,11,2,36,20,62,25,8,115,10,3,13,128
11/11/2020,FAI,AK,AAL,WE,Combined TRACON& Tower with Radar,19,20,11,0,50,0,30,82,0,112,19,50,93,0,162,58,0,58,220
11/12/2020,FAI,AK,AAL,WE,Combined TRACON& Tower with Radar,19,23,14,7,63,0,30,55,2,87,19,53,69,9,150,88,0,88,238
11/13/2020,FAI,AK,AAL,WE,Combined TRACON& Tower with Radar,21,32,17,0,70,0,26,45,1,72,21,58,62,1,142,40,6,46,188
11/14/2020,FAI,AK,AAL,WE,Combined TRACON& Tower with Radar,14,14,4,0,32,0,19,38,0,57,14,33,42,0,89,92,0,92,181
11/15/2020,FAI,AK,AAL,WE,Combined TRACON& Tower with Radar,16,8,0,0,24,0,9,17,0,26,16,17,17,0,50,34,0,34,84
11/16/2020,FAI,AK,AAL,WE,Combined TRACON& Tower with Radar,20,16,18,3,57,0,36,46,0,82,20,52,64,3,139,32,2,34,173
11/17/2020,FAI,AK,AAL,WE,Combined TRACON& Tower with Radar,16,15,9,5,45,0,39,59,7,105,16,54,68,12,150,30,0,30,180
11/18/2020,FAI,AK,AAL,WE,Combined TRACON& Tower with Radar,19,19,12,9,59,0,32,74,11,117,19,51,86,20,176,36,0,36,212
11/19/2020,FAI,AK,AAL,WE,Combined TRACON& Tower with Radar,20,18,15,8,61,0,36,62,3,101,20,54,77,11,162,38,2,40,202
11/20/2020,FAI,AK,AAL,WE,Combined TRACON& Tower with Radar,17,13,10,0,40,0,51,69,0,120,17,64,79,0,160,44,0,44,204
11/21/2020,FAI,AK,AAL,WE,Combined TRACON& Tower with Radar,19,11,4,0,34,0,30,43,0,73,19,41,47,0,107,50,0,50,157
11/22/2020,FAI,AK,AAL,WE,Combined TRACON& Tower with Radar,17,5,8,0,30,0,11,61,0,72,17,16,69,0,102,68,0,68,170
11/23/2020,FAI,AK,AAL,WE,Combined TRACON& Tower with Radar,22,4,7,5,38,0,40,57,5,102,22,44,64,10,140,28,10,38,178
11/24/2020,FAI,AK,AAL,WE,Combined TRACON& Tower with Radar,18,28,17,5,68,0,31,60,2,93,18,59,77,7,161,30,8,38,199
11/25/2020,FAI,AK,AAL,WE,Combined TRACON& Tower with Radar,20,25,8,1,54,0,54,59,1,114,20,79,67,2,168,54,3,57,225
11/26/2020,FAI,AK,AAL,WE,Combined TRACON& Tower with Radar,12,8,0,4,24,0,2,4,0,6,12,10,4,4,30,2,0,2,32
11/27/2020,FAI,AK,AAL,WE,Combined TRACON& Tower with Radar,18,13,7,0,38,0,34,41,0,75,18,47,48,0,113,34,0,34,147
11/28/2020,FAI,AK,AAL,WE,Combined TRACON& Tower with Radar,21,9,8,0,38,0,25,43,0,68,21,34,51,0,106,72,0,72,178
11/29/2020,FAI,AK,AAL,WE,Combined TRACON& Tower with Radar,19,4,2,0,25,0,3,25,0,28,19,7,27,0,53,16,0,16,69
11/30/2020,FAI,AK,AAL,WE,Combined TRACON& Tower with Radar,20,19,7,7,53,0,49,35,2,86,20,68,42,9,139,40,0,40,179
12/01/2020,FAI,AK,AAL,WE,Combined TRACON& Tower with Radar,24,16,5,7,52,0,36,27,6,69,24,52,32,13,121,42,0,42,163
12/02/2020,FAI,AK,AAL,WE,Combined TRACON& Tower with Radar,22,27,6,13,68,0,25,43,3,71,22,52,49,16,139,40,0,40,179
12/03/2020,FAI,AK,AAL,WE,Combined TRACON& Tower with Radar,17,35,14,13,79,0,22,13,4,39,17,57,27,17,118,16,4,20,138
12/04/2020,FAI,AK,AAL,WE,Combined TRACON& Tower with Radar,20,26,17,6,69,0,48,31,0,79,20,74,48,6,148,6,0,6,154
12/05/2020,FAI,AK,AAL,WE,Combined TRACON& Tower with Radar,18,30,5,0,53,0,10,40,1,51,18,40,45,1,104,53,2,55,159
12/06/2020,FAI,AK,AAL,WE,Combined TRACON& Tower with Radar,17,6,2,4,29,0,13,47,0,60,17,19,49,4,89,36,0,36,125
12/07/2020,FAI,AK,AAL,WE,Combined TRACON& Tower with Radar,20,16,11,9,56,0,40,32,8,80,20,56,43,17,136,50,6,56,192
12/08/2020,FAI,AK,AAL,WE,Combined TRACON& Tower with Radar,20,32,13,8,73,0,30,13,0,43,20,62,26,8,116,38,4,42,158
12/09/2020,FAI,AK,AAL,WE,Combined TRACON& Tower with Radar,18,37,20,6,81,0,39,60,2,101,18,76,80,8,182,40,0,40,222
12/10/2020,FAI,AK,AAL,WE,Combined TRACON& Tower with Radar,18,30,22,7,77,0,17,13,0,30,18,47,35,7,107,32,0,32,139
12/11/2020,FAI,AK,AAL,WE,Combined TRACON& Tower with Radar,21,14,15,5,55,0,41,41,2,84,21,55,56,7,139,12,0,12,151
12/12/2020,FAI,AK,AAL,WE,Combined TRACON& Tower with Radar,18,8,5,0,31,0,24,27,0,51,18,32,32,0,82,12,0,12,94
12/13/2020,FAI,AK,AAL,WE,Combined TRACON& Tower with Radar,17,5,2,1,25,0,20,36,0,56,17,25,38,1,81,68,1,69,150
12/14/2020,FAI,AK,AAL,WE,Combined TRACON& Tower with Radar,17,27,16,1,61,0,17,10,0,27,17,44,26,1,88,0,0,0,88
12/15/2020,FAI,AK,AAL,WE,Combined TRACON& Tower with Radar,20,23,12,14,69,0,36,53,1,90,20,59,65,15,159,29,12,41,200
12/16/2020,FAI,AK,AAL,WE,Combined TRACON& Tower with Radar,22,32,13,6,73,0,41,38,5,84,22,73,51,11,157,66,0,66,223
12/17/2020,FAI,AK,AAL,WE,Combined TRACON& Tower with Radar,18,18,13,11,60,0,38,26,8,72,18,56,39,19,132,22,4,26,158
12/18/2020,FAI,AK,AAL,WE,Combined TRACON& Tower with Radar,18,23,14,2,57,0,42,40,1,83,18,65,54,3,140,2,0,2,142
12/19/2020,FAI,AK,AAL,WE,Combined TRACON& Tower with Radar,24,19,9,0,52,0,27,36,0,63,24,46,45,0,115,12,0,12,127
12/20/2020,FAI,AK,AAL,WE,Combined TRACON& Tower with Radar,16,20,0,0,36,0,16,17,0,33,16,36,17,0,69,14,0,14,83
12/21/2020,FAI,AK,AAL,WE,Combined TRACON& Tower with Radar,17,14,12,5,48,0,43,30,12,85,17,57,42,17,133,48,4,52,185
12/22/2020,FAI,AK,AAL,WE,Combined TRACON& Tower with Radar,20,22,12,0,54,0,41,35,7,83,20,63,47,7,137,14,1,15,152
12/23/2020,FAI,AK,AAL,WE,Combined TRACON& Tower with Radar,20,54,14,5,93,0,13,14,5,32,20,67,28,10,125,18,0,18,143
12/24/2020,FAI,AK,AAL,WE,Combined TRACON& Tower with Radar,16,17,19,4,56,0,26,72,4,102,16,43,91,8,158,58,0,58,216
12/25/2020,FAI,AK,AAL,WE,Combined TRACON& Tower with Radar,12,3,2,0,17,0,0,9,0,9,12,3,11,0,26,0,0,0,26
12/26/2020,FAI,AK,AAL,WE,Combined TRACON& Tower with Radar,17,7,7,0,31,0,16,50,0,66,17,23,57,0,97,40,0,40,137
12/27/2020,FAI,AK,AAL,WE,Combined TRACON& Tower with Radar,16,5,5,0,26,0,2,49,0,51,16,7,54,0,77,36,0,36,113
12/28/2020,FAI,AK,AAL,WE,Combined TRACON& Tower with Radar,18,8,8,6,40,0,33,33,1,67,18,41,41,7,107,24,0,24,131
12/29/2020,FAI,AK,AAL,WE,Combined TRACON& Tower with Radar,18,24,16,13,71,0,32,51,1,84,18,56,67,14,155,54,0,54,209
12/30/2020,FAI,AK,AAL,WE,Combined TRACON& Tower with Radar,20,21,15,6,62,0,27,39,0,66,20,48,54,6,128,36,2,38,166
12/31/2020,FAI,AK,AAL,WE,Combined TRACON& Tower with Radar,15,14,11,2,42,0,27,49,0,76,15,41,60,2,118,62,0,62,180
01/01/2021,FAI,AK,AAL,WE,Combined TRACON& Tower with Radar,15,8,6,0,29,0,1,32,0,33,15,9,38,0,62,6,0,6,68
01/02/2021,FAI,AK,AAL,WE,Combined TRACON& Tower with Radar,14,23,4,0,41,0,22,13,0,35,14,45,17,0,76,30,0,30,106
01/03/2021,FAI,AK,AAL,WE,Combined TRACON& Tower with Radar,18,8,6,0,32,0,7,14,0,21,18,15,20,0,53,48,0,48,101
01/04/2021,FAI,AK,AAL,WE,Combined TRACON& Tower with Radar,18,24,12,2,56,0,37,17,2,56,18,61,29,4,112,2,0,2,114
01/05/2021,FAI,AK,AAL,WE,Combined TRACON& Tower with Radar,19,15,9,9,52,0,28,38,2,68,19,43,47,11,120,12,0,12,132
01/06/2021,FAI,AK,AAL,WE,Combined TRACON& Tower with Radar,20,27,21,3,71,0,39,32,0,71,20,66,53,3,142,24,4,28,170
01/07/2021,FAI,AK,AAL,WE,Combined TRACON& Tower with Radar,20,13,10,6,49,0,34,44,2,80,20,47,54,8,129,42,6,48,177
01/08/2021,FAI,AK,AAL,WE,Combined TRACON& Tower with Radar,16,21,11,4,52,0,46,47,2,95,16,67,58,6,147,28,14,42,189
01/09/2021,FAI,AK,AAL,WE,Combined TRACON& Tower with Radar,18,9,15,0,42,0,29,54,0,83,18,38,69,0,125,114,0,114,239
01/10/2021,FAI,AK,AAL,WE,Combined TRACON& Tower with Radar,14,5,2,0,21,0,13,53,0,66,14,18,55,0,87,116,0,116,203
01/11/2021,FAI,AK,AAL,WE,Combined TRACON& Tower with Radar,17,14,11,13,55,0,33,27,3,63,17,47,38,16,118,42,14,56,174
01/12/2021,FAI,AK,AAL,WE,Combined TRACON& Tower with Radar,17,20,15,10,62,0,44,32,6,82,17,64,47,16,144,32,4,36,180
01/13/2021,FAI,AK,AAL,WE,Combined TRACON& Tower with Radar,18,26,24,13,81,0,52,44,6,102,18,78,68,19,183,70,0,70,253
01/14/2021,FAI,AK,AAL,WE,Combined TRACON& Tower with Radar,22,12,15,10,59,0,31,53,7,91,22,43,68,17,150,58,0,58,208
01/15/2021,FAI,AK,AAL,WE,Combined TRACON& Tower with Radar,18,15,13,0,46,0,35,47,0,82,18,50,60,0,128,40,0,40,168
01/16/2021,FAI,AK,AAL,WE,Combined TRACON& Tower with Radar,18,8,19,0,45,0,26,76,1,103,18,34,95,1,148,32,0,32,180
01/17/2021,FAI,AK,AAL,WE,Combined TRACON& Tower with Radar,16,6,13,0,35,0,12,84,0,96,16,18,97,0,131,44,0,44,175
01/18/2021,FAI,AK,AAL,WE,Combined TRACON& Tower with Radar,22,13,7,0,42,0,34,29,0,63,22,47,36,0,105,112,0,112,217
01/19/2021,FAI,AK,AAL,WE,Combined TRACON& Tower with Radar,17,39,35,4,95,0,16,20,1,37,17,55,55,5,132,28,10,38,170
01/20/2021,FAI,AK,AAL,WE,Combined TRACON& Tower with Radar,21,23,19,4,67,0,38,70,0,108,21,61,89,4,175,52,2,54,229
01/21/2021,FAI,AK,AAL,WE,Combined TRACON& Tower with Radar,19,21,14,10,64,0,45,54,1,100,19,66,68,11,164,38,16,54,218
01/22/2021,FAI,AK,AAL,WE,Combined TRACON& Tower with Radar,21,15,15,5,56,0,37,69,7,113,21,52,84,12,169,84,0,84,253
01/23/2021,FAI,AK,AAL,WE,Combined TRACON& Tower with Radar,18,16,9,2,45,0,26,80,0,106,18,42,89,2,151,113,8,121,272
01/24/2021,FAI,AK,AAL,WE,Combined TRACON& Tower with Radar,15,16,3,0,34,0,1,1,0,2,15,17,4,0,36,0,0,0,36
01/25/2021,FAI,AK,AAL,WE,Combined TRACON& Tower with Radar,17,10,8,13,48,0,44,55,2,101,17,54,63,15,149,32,4,36,185
01/26/2021,FAI,AK,AAL,WE,Combined TRACON& Tower with Radar,18,32,12,5,67,0,24,22,0,46,18,56,34,5,113,2,0,2,115
01/27/2021,FAI,AK,AAL,WE,Combined TRACON& Tower with Radar,19,16,8,3,46,0,43,44,2,89,19,59,52,5,135,20,0,20,155
01/28/2021,FAI,AK,AAL,WE,Combined TRACON& Tower with Radar,19,16,17,8,60,0,32,54,14,100,19,48,71,22,160,30,0,30,190
01/29/2021,FAI,AK,AAL,WE,Combined TRACON& Tower with Radar,23,9,17,2,51,0,30,59,0,89,23,39,76,2,140,84,0,84,224
01/30/2021,FAI,AK,AAL,WE,Combined TRACON& Tower with Radar,17,18,3,0,38,0,14,13,0,27,17,32,16,0,65,46,0,46,111
01/31/2021,FAI,AK,AAL,WE,Combined TRACON& Tower with Radar,17,8,7,0,32,0,7,13,0,20,17,15,20,0,52,20,0,20,72
02/01/2021,FAI,AK,AAL,WE,Combined TRACON& Tower with Radar,17,2,8,2,29,0,42,39,0,81,17,44,47,2,110,17,0,17,127
02/02/2021,FAI,AK,AAL,WE,Combined TRACON& Tower with Radar,18,16,6,2,42,0,40,25,1,66,18,56,31,3,108,4,0,4,112
02/03/2021,FAI,AK,AAL,WE,Combined TRACON& Tower with Radar,17,35,20,0,72,0,17,11,0,28,17,52,31,0,100,0,0,0,100
02/04/2021,FAI,AK,AAL,WE,Combined TRACON& Tower with Radar,18,16,8,2,44,0,41,34,0,75,18,57,42,2,119,6,0,6,125
02/05/2021,FAI,AK,AAL,WE,Combined TRACON& Tower with Radar,18,13,12,2,45,0,31,36,0,67,18,44,48,2,112,6,0,6,118
02/06/2021,FAI,AK,AAL,WE,Combined TRACON& Tower with Radar,16,28,1,0,45,0,3,0,0,3,16,31,1,0,48,0,0,0,48
02/07/2021,FAI,AK,AAL,WE,Combined TRACON& Tower with Radar,17,5,5,1,28,0,6,26,3,35,17,11,31,4,63,6,0,6,69
02/08/2021,FAI,AK,AAL,WE,Combined TRACON& Tower with Radar,21,13,4,0,38,0,40,35,0,75,21,53,39,0,113,0,0,0,113
02/09/2021,FAI,AK,AAL,WE,Combined TRACON& Tower with Radar,18,14,8,4,44,0,35,23,0,58,18,49,31,4,102,0,0,0,102
02/10/2021,FAI,AK,AAL,WE,Combined TRACON& Tower with Radar,20,17,12,3,52,0,37,56,3,96,20,54,68,6,148,30,0,30,178
02/11/2021,FAI,AK,AAL,WE,Combined TRACON& Tower with Radar,25,13,15,9,62,0,31,56,0,87,25,44,71,9,149,72,0,72,221
02/12/2021,FAI,AK,AAL,WE,Combined TRACON& Tower with Radar,18,14,22,3,57,0,38,93,4,135,18,52,115,7,192,64,0,64,256
02/13/2021,FAI,AK,AAL,WE,Combined TRACON& Tower with Radar,13,12,18,2,45,0,20,82,4,106,13,32,100,6,151,30,0,30,181
02/14/2021,FAI,AK,AAL,WE,Combined TRACON& Tower with Radar,14,11,9,1,35,0,0,71,0,71,14,11,80,1,106,90,0,90,196
02/15/2021,FAI,AK,AAL,WE,Combined TRACON& Tower with Radar,19,12,22,0,53,0,43,58,2,103,19,55,80,2,156,102,0,102,258
02/16/2021,FAI,AK,AAL,WE,Combined TRACON& Tower with Radar,18,29,23,2,72,0,2,12,0,14,18,31,35,2,86,0,0,0,86
02/17/2021,FAI,AK,AAL,WE,Combined TRACON& Tower with Radar,18,17,21,2,58,0,43,50,0,93,18,60,71,2,151,54,0,54,205
02/18/2021,FAI,AK,AAL,WE,Combined TRACON& Tower with Radar,22,33,18,8,81,0,12,2,2,16,22,45,20,10,97,0,4,4,101
02/19/2021,FAI,AK,AAL,WE,Combined TRACON& Tower with Radar,19,26,24,6,75,0,28,16,0,44,19,54,40,6,119,6,2,8,127
02/20/2021,FAI,AK,AAL,WE,Combined TRACON& Tower with Radar,20,8,2,0,30,0,22,20,0,42,20,30,22,0,72,64,0,64,136
02/21/2021,FAI,AK,AAL,WE,Combined TRACON& Tower with Radar,15,7,6,0,28,0,6,28,0,34,15,13,34,0,62,28,0,28,90
02/22/2021,FAI,AK,AAL,WE,Combined TRACON& Tower with Radar,22,9,3,2,36,0,40,27,0,67,22,49,30,2,103,31,0,31,134
02/23/2021,FAI,AK,AAL,WE,Combined TRACON& Tower with Radar,18,15,11,3,47,0,35,26,0,61,18,50,37,3,108,26,0,26,134
02/24/2021,FAI,AK,AAL,WE,Combined TRACON& Tower with Radar,20,27,20,7,74,0,30,15,7,52,20,57,35,14,126,95,2,97,223
02/25/2021,FAI,AK,AAL,WE,Combined TRACON& Tower with Radar,20,25,18,9,72,0,15,12,1,28,20,40,30,10,100,12,0,12,112
02/26/2021,FAI,AK,AAL,WE,Combined TRACON& Tower with Radar,20,43,22,0,85,0,9,6,0,15,20,52,28,0,100,10,2,12,112
02/27/2021,FAI,AK,AAL,WE,Combined TRACON& Tower with Radar,15,18,9,0,42,0,16,22,0,38,15,34,31,0,80,24,0,24,104
02/28/2021,FAI,AK,AAL,WE,Combined TRACON& Tower with Radar,15,13,4,0,32,0,3,9,0,12,15,16,13,0,44,0,0,0,44
03/01/2021,FAI,AK,AAL,WE,Combined TRACON& Tower with Radar,20,32,19,6,77,0,21,8,0,29,20,53,27,6,106,2,0,2,108
03/02/2021,FAI,AK,AAL,WE,Combined TRACON& Tower with Radar,21,23,13,5,62,0,33,56,2,91,21,56,69,7,153,90,0,90,243
03/03/2021,FAI,AK,AAL,WE,Combined TRACON& Tower with Radar,18,29,19,4,70,0,37,42,2,81,18,66,61,6,151,118,0,118,269
03/04/2021,FAI,AK,AAL,WE,Combined TRACON& Tower with Radar,23,14,21,6,64,0,42,113,5,160,23,56,134,11,224,136,0,136,360
03/05/2021,FAI,AK,AAL,WE,Combined TRACON& Tower with Radar,20,14,15,0,49,0,43,64,0,107,20,57,79,0,156,102,0,102,258
03/06/2021,FAI,AK,AAL,WE,Combined TRACON& Tower with Radar,17,4,13,0,34,0,20,53,0,73,17,24,66,0,107,96,0,96,203
03/07/2021,FAI,AK,AAL,WE,Combined TRACON& Tower with Radar,16,5,11,0,32,0,2,52,0,54,16,7,63,0,86,103,0,103,189
03/08/2021,FAI,AK,AAL,WE,Combined TRACON& Tower with Radar,14,6,9,2,31,0,56,93,0,149,14,62,102,2,180,110,1,111,291
03/09/2021,FAI,AK,AAL,WE,Combined TRACON& Tower with Radar,20,31,19,7,77,0,30,35,0,65,20,61,54,7,142,122,0,122,264
03/10/2021,FAI,AK,AAL,WE,Combined TRACON& Tower with Radar,20,43,15,1,79,0,1,0,0,1,20,44,15,1,80,0,0,0,80
03/11/2021,FAI,AK,AAL,WE,Combined TRACON& Tower with Radar,23,14,22,15,74,0,36,31,5,72,23,50,53,20,146,48,16,64,210
03/12/2021,FAI,AK,AAL,WE,Combined TRACON& Tower with Radar,17,14,14,1,46,0,44,65,1,110,17,58,79,2,156,20,0,20,176
03/13/2021,FAI,AK,AAL,WE,Combined TRACON& Tower with Radar,17,10,9,1,37,0,29,64,0,93,17,39,73,1,130,50,0,50,180
03/14/2021,FAI,AK,AAL,WE,Combined TRACON& Tower with Radar,16,6,16,0,38,0,17,80,0,97,16,23,96,0,135,98,3,101,236
03/15/2021,FAI,AK,AAL,WE,Combined TRACON& Tower with Radar,17,11,9,2,39,0,50,52,0,102,17,61,61,2,141,114,0,114,255
03/16/2021,FAI,AK,AAL,WE,Combined TRACON& Tower with Radar,21,28,30,5,84,0,45,53,2,100,21,73,83,7,184,116,0,116,300
03/17/2021,FAI,AK,AAL,WE,Combined TRACON& Tower with Radar,18,27,19,5,69,0,47,60,4,111,18,74,79,9,180,82,6,88,268
03/18/2021,FAI,AK,AAL,WE,Combined TRACON& Tower with Radar,22,11,11,6,50,0,67,49,4,120,22,78,60,10,170,117,10,127,297
03/19/2021,FAI,AK,AAL,WE,Combined TRACON& Tower with Radar,21,22,17,2,62,0,51,107,0,158,21,73,124,2,220,128,0,128,348
03/20/2021,FAI,AK,AAL,WE,Combined TRACON& Tower with Radar,18,7,13,0,38,0,25,96,0,121,18,32,109,0,159,136,0,136,295
03/21/2021,FAI,AK,AAL,WE,Combined TRACON& Tower with Radar,18,6,13,0,37,0,10,144,0,154,18,16,157,0,191,236,0,236,427
03/22/2021,FAI,AK,AAL,WE,Combined TRACON& Tower with Radar,19,16,13,4,52,0,43,92,6,141,19,59,105,10,193,78,4,82,275
03/23/2021,FAI,AK,AAL,WE,Combined TRACON& Tower with Radar,21,21,29,6,77,0,30,42,0,72,21,51,71,6,149,60,4,64,213
03/24/2021,FAI,AK,AAL,WE,Combined TRACON& Tower with Radar,22,60,24,0,106,0,7,6,0,13,22,67,30,0,119,72,0,72,191
03/25/2021,FAI,AK,AAL,WE,Combined TRACON& Tower with Radar,26,51,26,8,111,0,20,6,2,28,26,71,32,10,139,0,2,2,141
03/26/2021,FAI,AK,AAL,WE,Combined TRACON& Tower with Radar,21,35,31,4,91,0,33,29,0,62,21,68,60,4,153,70,0,70,223
03/27/2021,FAI,AK,AAL,WE,Combined TRACON& Tower with Radar,23,18,12,0,53,0,22,64,0,86,23,40,76,0,139,60,0,60,199
03/28/2021,FAI,AK,AAL,WE,Combined TRACON& Tower with Radar,20,6,5,0,31,0,7,100,0,107,20,13,105,0,138,118,0,118,256
03/29/2021,FAI,AK,AAL,WE,Combined TRACON& Tower with Radar,25,29,12,1,67,0,23,15,0,38,25,52,27,1,105,36,0,36,141
03/30/2021,FAI,AK,AAL,WE,Combined TRACON& Tower with Radar,26,27,22,6,81,0,40,38,4,82,26,67,60,10,163,136,4,140,303
03/31/2021,FAI,AK,AAL,WE,Combined TRACON& Tower with Radar,23,44,22,4,93,0,24,23,2,49,23,68,45,6,142,90,0,90,232
04/01/2021,FAI,AK,AAL,WE,Combined TRACON& Tower with Radar,26,25,17,4,72,0,37,34,2,73,26,62,51,6,145,28,1,29,174
04/02/2021,FAI,AK,AAL,WE,Combined TRACON& Tower with Radar,23,24,20,6,73,0,43,48,0,91,23,67,68,6,164,36,4,40,204
04/03/2021,FAI,AK,AAL,WE,Combined TRACON& Tower with Radar,19,33,0,0,52,0,0,0,0,0,19,33,0,0,52,0,0,0,52
04/04/2021,FAI,AK,AAL,WE,Combined TRACON& Tower with Radar,19,5,7,0,31,0,0,0,0,0,19,5,7,0,31,0,0,0,31
04/05/2021,FAI,AK,AAL,WE,Combined TRACON& Tower with Radar,25,35,21,2,83,0,30,9,2,41,25,65,30,4,124,0,0,0,124
04/06/2021,FAI,AK,AAL,WE,Combined TRACON& Tower with Radar,24,11,9,10,54,0,48,84,0,132,24,59,93,10,186,108,0,108,294
04/07/2021,FAI,AK,AAL,WE,Combined TRACON& Tower with Radar,24,16,19,1,60,0,59,99,1,159,24,75,118,2,219,114,0,114,333
04/08/2021,FAI,AK,AAL,WE,Combined TRACON& Tower with Radar,30,17,11,2,60,0,37,46,2,85,30,54,57,4,145,52,0,52,197
04/09/2021,FAI,AK,AAL,WE,Combined TRACON& Tower with Radar,23,11,21,2,57,0,44,64,0,108,23,55,85,2,165,66,0,66,231
04/10/2021,FAI,AK,AAL,WE,Combined TRACON& Tower with Radar,23,3,12,0,38,0,26,76,1,103,23,29,88,1,141,96,0,96,237
04/11/2021,FAI,AK,AAL,WE,Combined TRACON& Tower with Radar,21,4,13,1,39,0,6,47,1,54,21,10,60,2,93,130,6,136,229
04/12/2021,FAI,AK,AAL,WE,Combined TRACON& Tower with Radar,25,9,20,0,54,0,42,93,0,135,25,51,113,0,189,186,2,188,377
04/13/2021,FAI,AK,AAL,WE,Combined TRACON& Tower with Radar,24,15,22,7,68,0,35,92,1,128,24,50,114,8,196,203,2,205,401
04/14/2021,FAI,AK,AAL,WE,Combined TRACON& Tower with Radar,25,18,25,1,69,0,47,69,9,125,25,65,94,10,194,110,4,114,308
04/15/2021,FAI,AK,AAL,WE,Combined TRACON& Tower with Radar,28,18,11,8,65,0,45,94,18,157,28,63,105,26,222,181,16,197,419
04/16/2021,FAI,AK,AAL,WE,Combined TRACON& Tower with Radar,24,8,14,1,47,0,53,100,2,155,24,61,114,3,202,134,0,134,336
04/17/2021,FAI,AK,AAL,WE,Combined TRACON& Tower with Radar,19,9,7,0,35,0,24,125,0,149,19,33,132,0,184,186,0,186,370
04/18/2021,FAI,AK,AAL,WE,Combined TRACON& Tower with Radar,24,9,4,0,37,0,5,97,2,104,24,14,101,2,141,96,0,96,237
04/19/2021,FAI,AK,AAL,WE,Combined TRACON& Tower with Radar,22,3,11,2,38,0,48,83,3,134,22,51,94,5,172,213,2,215,387
04/20/2021,FAI,AK,AAL,WE,Combined TRACON& Tower with Radar,24,8,14,7,53,0,38,57,1,96,24,46,71,8,149,48,0,48,197
04/21/2021,FAI,AK,AAL,WE,Combined TRACON& Tower with Radar,24,23,16,8,71,0,51,84,3,138,24,74,100,11,209,126,5,131,340
04/22/2021,FAI,AK,AAL,WE,Combined TRACON& Tower with Radar,29,16,13,10,68,0,58,113,5,176,29,74,126,15,244,220,5,225,469
04/23/2021,FAI,AK,AAL,WE,Combined TRACON& Tower with Radar,28,12,14,0,54,0,50,90,11,151,28,62,104,11,205,108,0,108,313
04/24/2021,FAI,AK,AAL,WE,Combined TRACON& Tower with Radar,20,9,9,2,40,0,24,86,0,110,20,33,95,2,150,224,0,224,374
04/25/2021,FAI,AK,AAL,WE,Combined TRACON& Tower with Radar,20,10,9,1,40,0,9,94,0,103,20,19,103,1,143,224,0,224,367
04/26/2021,FAI,AK,AAL,WE,Combined TRACON& Tower with Radar,24,14,13,8,59,0,46,65,16,127,24,60,78,24,186,156,6,162,348
04/27/2021,FAI,AK,AAL,WE,Combined TRACON& Tower with Radar,26,16,11,7,60,0,45,87,11,143,26,61,98,18,203,148,18,166,369
04/28/2021,FAI,AK,AAL,WE,Combined TRACON& Tower with Radar,26,27,11,5,69,0,45,111,9,165,26,72,122,14,234,220,14,234,468
04/29/2021,FAI,AK,AAL,WE,Combined TRACON& Tower with Radar,30,23,22,7,82,0,41,81,7,129,30,64,103,14,211,296,10,306,517
04/30/2021,FAI,AK,AAL,WE,Combined TRACON& Tower with Radar,23,27,20,4,74,0,33,44,6,83,23,60,64,10,157,22,6,28,185
05/01/2021,FAI,AK,AAL,WE,Combined TRACON& Tower with Radar,22,8,12,0,42,0,26,115,0,141,22,34,127,0,183,262,0,262,445
05/02/2021,FAI,AK,AAL,WE,Combined TRACON& Tower with Radar,22,0,9,1,32,0,2,91,3,96,22,2,100,4,128,232,0,232,360
05/03/2021,FAI,AK,AAL,WE,Combined TRACON& Tower with Radar,23,9,6,4,42,0,57,60,3,120,23,66,66,7,162,108,0,108,270
05/04/2021,FAI,AK,AAL,WE,Combined TRACON& Tower with Radar,26,11,20,18,75,0,44,96,9,149,26,55,116,27,224,274,4,278,502
05/05/2021,FAI,AK,AAL,WE,Combined TRACON& Tower with Radar,31,28,18,16,93,0,49,107,8,164,31,77,125,24,257,248,16,264,521
05/06/2021,FAI,AK,AAL,WE,Combined TRACON& Tower with Radar,37,17,13,9,76,0,54,108,8,170,37,71,121,17,246,138,0,138,384
05/07/2021,FAI,AK,AAL,WE,Combined TRACON& Tower with Radar,34,17,14,2,67,0,48,103,6,157,34,65,117,8,224,246,0,246,470
05/08/2021,FAI,AK,AAL,WE,Combined TRACON& Tower with Radar,30,6,3,3,42,0,36,149,1,186,30,42,152,4,228,226,0,226,454
05/09/2021,FAI,AK,AAL,WE,Combined TRACON& Tower with Radar,30,4,12,8,54,0,12,97,0,109,30,16,109,8,163,84,0,84,247
05/10/2021,FAI,AK,AAL,WE,Combined TRACON& Tower with Radar,32,9,18,8,67,1,53,160,4,218,33,62,178,12,285,222,6,228,513
05/11/2021,FAI,AK,AAL,WE,Combined TRACON& Tower with Radar,31,14,27,10,82,0,75,92,6,173,31,89,119,16,255,225,2,227,482
05/12/2021,FAI,AK,AAL,WE,Combined TRACON& Tower with Radar,30,28,18,2,78,0,60,115,5,180,30,88,133,7,258,186,18,204,462
05/13/2021,FAI,AK,AAL,WE,Combined TRACON& Tower with Radar,38,14,16,9,77,0,44,140,3,187,38,58,156,12,264,246,0,246,510
05/14/2021,FAI,AK,AAL,WE,Combined TRACON& Tower with Radar,36,15,11,4,66,0,54,131,1,186,36,69,142,5,252,176,2,178,430
05/15/2021,FAI,AK,AAL,WE,Combined TRACON& Tower with Radar,32,14,10,2,58,0,37,100,1,138,32,51,110,3,196,160,2,162,358
05/16/2021,FAI,AK,AAL,WE,Combined TRACON& Tower with Radar,33,17,6,0,56,0,16,71,0,87,33,33,77,0,143,235,0,235,378
05/17/2021,FAI,AK,AAL,WE,Combined TRACON& Tower with Radar,31,7,20,5,63,0,53,75,2,130,31,60,95,7,193,40,2,42,235
05/18/2021,FAI,AK,AAL,WE,Combined TRACON& Tower with Radar,30,13,23,14,80,0,56,97,3,156,30,69,120,17,236,227,6,233,469
05/19/2021,FAI,AK,AAL,WE,Combined TRACON& Tower with Radar,31,29,20,10,90,1,68,125,10,204,32,97,145,20,294,274,4,278,572
05/20/2021,FAI,AK,AAL,WE,Combined TRACON& Tower with Radar,48,7,14,9,78,0,58,119,8,185,48,65,133,17,263,130,4,134,397
05/21/2021,FAI,AK,AAL,WE,Combined TRACON& Tower with Radar,38,10,23,1,72,1,53,102,0,156,39,63,125,1,228,152,0,152,380
05/22/2021,FAI,AK,AAL,WE,Combined TRACON& Tower with Radar,37,22,20,0,79,0,15,51,2,68,37,37,71,2,147,216,0,216,363
05/23/2021,FAI,AK,AAL,WE,Combined TRACON& Tower with Radar,36,8,7,0,51,0,14,180,0,194,36,22,187,0,245,214,0,214,459
05/24/2021,FAI,AK,AAL,WE,Combined TRACON& Tower with Radar,38,12,19,2,71,0,59,102,4,165,38,71,121,6,236,136,3,139,375
05/25/2021,FAI,AK,AAL,WE,Combined TRACON& Tower with Radar,36,16,19,8,79,0,64,137,5,206,36,80,156,13,285,274,2,276,561
05/26/2021,FAI,AK,AAL,WE,Combined TRACON& Tower with Radar,36,22,20,4,82,0,68,182,1,251,36,90,202,5,333,194,14,208,541
05/27/2021,FAI,AK,AAL,WE,Combined TRACON& Tower with Radar,40,21,14,3,78,0,60,84,1,145,40,81,98,4,223,78,0,78,301
05/28/2021,FAI,AK,AAL,WE,Combined TRACON& Tower with Radar,38,27,17,2,84,0,52,83,2,137,38,79,100,4,221,62,0,62,283
05/29/2021,FAI,AK,AAL,WE,Combined TRACON& Tower with Radar,37,7,7,1,52,0,46,69,1,116,37,53,76,2,168,54,0,54,222
05/30/2021,FAI,AK,AAL,WE,Combined TRACON& Tower with Radar,34,10,6,2,52,0,16,126,0,142,34,26,132,2,194,143,0,143,337
05/31/2021,FAI,AK,AAL,WE,Combined TRACON& Tower with Radar,36,5,27,0,68,0,18,167,0,185,36,23,194,0,253,141,0,141,394
06/01/2021,FAI,AK,AAL,WE,Combined TRACON& Tower with Radar,39,21,17,10,87,1,49,55,8,113,40,70,72,18,200,113,2,115,315
06/02/2021,FAI,AK,AAL,WE,Combined TRACON& Tower with Radar,34,23,22,13,92,0,69,161,4,234,34,92,183,17,326,184,12,196,522
06/03/2021,FAI,AK,AAL,WE,Combined TRACON& Tower with Radar,46,22,17,3,88,0,60,145,3,208,46,82,162,6,296,230,0,230,526
06/04/2021,FAI,AK,AAL,WE,Combined TRACON& Tower with Radar,46,19,16,14,95,0,55,133,0,188,46,74,149,14,283,108,8,116,399
06/05/2021,FAI,AK,AAL,WE,Combined TRACON& Tower with Radar,41,9,8,0,58,0,38,144,0,182,41,47,152,0,240,168,0,168,408
06/06/2021,FAI,AK,AAL,WE,Combined TRACON& Tower with Radar,47,3,7,0,57,0,26,161,0,187,47,29,168,0,244,126,0,126,370
06/07/2021,FAI,AK,AAL,WE,Combined TRACON& Tower with Radar,41,7,12,1,61,0,66,124,5,195,41,73,136,6,256,62,12,74,330
06/08/2021,FAI,AK,AAL,WE,Combined TRACON& Tower with Radar,43,26,23,11,103,0,53,122,1,176,43,79,145,12,279,136,6,142,421
06/09/2021,FAI,AK,AAL,WE,Combined TRACON& Tower with Radar,45,19,18,8,90,0,65,112,14,191,45,84,130,22,281,78,2,80,361
06/10/2021,FAI,AK,AAL,WE,Combined TRACON& Tower with Radar,43,22,34,12,111,1,53,173,8,235,44,75,207,20,346,249,6,255,601
06/11/2021,FAI,AK,AAL,WE,Combined TRACON& Tower with Radar,47,11,21,0,79,0,60,166,4,230,47,71,187,4,309,165,4,169,478
06/12/2021,FAI,AK,AAL,WE,Combined TRACON& Tower with Radar,40,6,8,0,54,0,49,192,0,241,40,55,200,0,295,157,0,157,452
06/13/2021,FAI,AK,AAL,WE,Combined TRACON& Tower with Radar,42,8,13,0,63,0,40,168,2,210,42,48,181,2,273,226,0,226,499
06/14/2021,FAI,AK,AAL,WE,Combined TRACON& Tower with Radar,37,26,22,3,88,3,87,198,5,293,40,113,220,8,381,79,0,79,460
06/15/2021,FAI,AK,AAL,WE,Combined TRACON& Tower with Radar,43,14,32,5,94,3,79,207,6,295,46,93,239,11,389,182,0,182,571
06/16/2021,FAI,AK,AAL,WE,Combined TRACON& Tower with Radar,42,16,26,3,87,0,69,132,3,204,42,85,158,6,291,58,0,58,349
06/17/2021,FAI,AK,AAL,WE,Combined TRACON& Tower with Radar,49,32,42,4,127,0,53,112,8,173,49,85,154,12,300,172,6,178,478
06/18/2021,FAI,AK,AAL,WE,Combined TRACON& Tower with Radar,44,8,21,0,73,0,73,209,2,284,44,81,230,2,357,156,0,156,513
06/19/2021,FAI,AK,AAL,WE,Combined TRACON& Tower with Radar,46,7,13,1,67,0,44,119,6,169,46,51,132,7,236,118,0,118,354
06/20/2021,FAI,AK,AAL,WE,Combined TRACON& Tower with Radar,45,8,16,0,69,3,28,151,1,183,48,36,167,1,252,128,0,128,380
06/21/2021,FAI,AK,AAL,WE,Combined TRACON& Tower with Radar,43,12,11,1,67,1,72,104,7,184,44,84,115,8,251,112,0,112,363
06/22/2021,FAI,AK,AAL,WE,Combined TRACON& Tower with Radar,48,9,27,1,85,0,65,132,6,203,48,74,159,7,288,161,0,161,449
06/23/2021,FAI,AK,AAL,WE,Combined TRACON& Tower with Radar,46,17,20,5,88,0,66,188,10,264,46,83,208,15,352,136,6,142,494
06/24/2021,FAI,AK,AAL,WE,Combined TRACON& Tower with Radar,50,16,21,18,105,0,61,106,0,167,50,77,127,18,272,104,0,104,376
06/25/2021,FAI,AK,AAL,WE,Combined TRACON& Tower with Radar,50,19,21,0,90,0,59,141,2,202,50,78,162,2,292,124,0,124,416
06/26/2021,FAI,AK,AAL,WE,Combined TRACON& Tower with Radar,47,10,6,0,63,0,55,177,3,235,47,65,183,3,298,124,0,124,422
06/27/2021,FAI,AK,AAL,WE,Combined TRACON& Tower with Radar,42,7,7,0,56,1,30,117,1,149,43,37,124,1,205,94,13,107,312
06/28/2021,FAI,AK,AAL,WE,Combined TRACON& Tower with Radar,36,19,25,4,84,1,65,169,6,241,37,84,194,10,325,132,2,134,459
06/29/2021,FAI,AK,AAL,WE,Combined TRACON& Tower with Radar,39,28,24,9,100,0,55,189,4,248,39,83,213,13,348,75,10,85,433
06/30/2021,FAI,AK,AAL,WE,Combined TRACON& Tower with Radar,44,22,34,1,101,0,59,222,1,282,44,81,256,2,383,302,0,302,685
07/01/2021,FAI,AK,AAL,WE,Combined TRACON& Tower with Radar,43,15,26,6,90,0,77,151,7,235,43,92,177,13,325,188,0,188,513
07/02/2021,FAI,AK,AAL,WE,Combined TRACON& Tower with Radar,48,20,16,2,86,0,63,154,2,219,48,83,170,4,305,110,2,112,417
07/03/2021,FAI,AK,AAL,WE,Combined TRACON& Tower with Radar,47,7,7,0,61,0,47,159,2,208,47,54,166,2,269,198,1,199,468
07/04/2021,FAI,AK,AAL,WE,Combined TRACON& Tower with Radar,42,8,9,0,59,1,24,117,2,144,43,32,126,2,203,139,2,141,344
07/05/2021,FAI,AK,AAL,WE,Combined TRACON& Tower with Radar,44,40,23,0,107,0,29,77,0,106,44,69,100,0,213,58,0,58,271
07/06/2021,FAI,AK,AAL,WE,Combined TRACON& Tower with Radar,44,31,28,8,111,0,47,98,3,148,44,78,126,11,259,110,8,118,377
07/07/2021,FAI,AK,AAL,WE,Combined TRACON& Tower with Radar,46,49,34,2,131,0,35,108,4,147,46,84,142,6,278,176,0,176,454
07/08/2021,FAI,AK,AAL,WE,Combined TRACON& Tower with Radar,45,28,23,10,106,0,36,118,11,165,45,64,141,21,271,114,0,114,385
07/09/2021,FAI,AK,AAL,WE,Combined TRACON& Tower with Radar,45,22,18,4,89,0,51,192,6,249,45,73,210,10,338,195,0,195,533
07/10/2021,FAI,AK,AAL,WE,Combined TRACON& Tower with Radar,42,2,12,0,56,0,86,238,3,327,42,88,250,3,383,154,0,154,537
07/11/2021,FAI,AK,AAL,WE,Combined TRACON& Tower with Radar,40,3,11,0,54,0,19,152,4,175,40,22,163,4,229,164,0,164,393
07/12/2021,FAI,AK,AAL,WE,Combined TRACON& Tower with Radar,42,9,19,1,71,0,69,152,3,224,42,78,171,4,295,70,0,70,365
07/13/2021,FAI,AK,AAL,WE,Combined TRACON& Tower with Radar,44,14,22,3,83,0,62,146,6,214,44,76,168,9,297,100,0,100,397
07/14/2021,FAI,AK,AAL,WE,Combined TRACON& Tower with Radar,43,32,30,3,108,0,46,104,4,154,43,78,134,7,262,146,2,148,410
07/15/2021,FAI,AK,AAL,WE,Combined TRACON& Tower with Radar,46,20,25,4,95,0,53,170,0,223,46,73,195,4,318,158,0,158,476
07/16/2021,FAI,AK,AAL,WE,Combined TRACON& Tower with Radar,45,14,17,6,82,0,55,178,0,233,45,69,195,6,315,152,1,153,468
07/17/2021,FAI,AK,AAL,WE,Combined TRACON& Tower with Radar,42,13,11,4,70,0,47,156,0,203,42,60,167,4,273,157,0,157,430
07/18/2021,FAI,AK,AAL,WE,Combined TRACON& Tower with Radar,35,9,13,1,58,0,19,139,1,159,35,28,152,2,217,169,2,171,388
07/19/2021,FAI,AK,AAL,WE,Combined TRACON& Tower with Radar,51,10,20,0,81,0,60,128,4,192,51,70,148,4,273,120,0,120,393
07/20/2021,FAI,AK,AAL,WE,Combined TRACON& Tower with Radar,45,13,10,13,81,0,66,89,4,159,45,79,99,17,240,182,6,188,428
07/21/2021,FAI,AK,AAL,WE,Combined TRACON& Tower with Radar,42,22,24,6,94,0,66,182,4,252,42,88,206,10,346,256,12,268,614
07/22/2021,FAI,AK,AAL,WE,Combined TRACON& Tower with Radar,49,22,38,9,118,1,56,165,13,235,50,78,203,22,353,78,6,84,437
07/23/2021,FAI,AK,AAL,WE,Combined TRACON& Tower with Radar,47,22,15,2,86,0,52,119,1,172,47,74,134,3,258,211,0,211,469
07/24/2021,FAI,AK,AAL,WE,Combined TRACON& Tower with Radar,45,13,23,1,82,0,29,88,0,117,45,42,111,1,199,55,0,55,254
07/25/2021,FAI,AK,AAL,WE,Combined TRACON& Tower with Radar,49,7,7,4,67,0,30,176,1,207,49,37,183,5,274,174,0,174,448
07/26/2021,FAI,AK,AAL,WE,Combined TRACON& Tower with Radar,47,15,16,4,82,0,61,141,10,212,47,76,157,14,294,88,0,88,382
07/27/2021,FAI,AK,AAL,WE,Combined TRACON& Tower with Radar,45,31,33,5,114,0,39,98,8,145,45,70,131,13,259,134,0,134,393
07/28/2021,FAI,AK,AAL,WE,Combined TRACON& Tower with Radar,42,53,33,2,130,0,27,51,0,78,42,80,84,2,208,72,0,72,280
07/29/2021,FAI,AK,AAL,WE,Combined TRACON& Tower with Radar,46,27,30,10,113,0,57,182,0,239,46,84,212,10,352,218,7,225,577
07/30/2021,FAI,AK,AAL,WE,Combined TRACON& Tower with Radar,47,32,24,0,103,0,52,242,3,297,47,84,266,3,400,220,0,220,620
07/31/2021,FAI,AK,AAL,WE,Combined TRACON& Tower with Radar,40,23,19,0,82,0,43,148,4,195,40,66,167,4,277,100,0,100,377
08/01/2021,FAI,AK,AAL,WE,Combined TRACON& Tower with Radar,46,24,16,0,86,0,12,155,2,169,46,36,171,2,255,121,0,121,376
08/02/2021,FAI,AK,AAL,WE,Combined TRACON& Tower with Radar,42,7,15,0,64,0,72,147,5,224,42,79,162,5,288,89,0,89,377
08/03/2021,FAI,AK,AAL,WE,Combined TRACON& Tower with Radar,42,17,30,5,94,0,75,151,0,226,42,92,181,5,320,89,0,89,409
08/04/2021,FAI,AK,AAL,WE,Combined TRACON& Tower with Radar,41,24,33,2,100,0,83,181,2,266,41,107,214,4,366,114,0,114,480
08/05/2021,FAI,AK,AAL,WE,Combined TRACON& Tower with Radar,45,14,17,9,85,0,67,170,14,251,45,81,187,23,336,142,24,166,502
08/06/2021,FAI,AK,AAL,WE,Combined TRACON& Tower with Radar,43,50,43,4,140,0,32,63,0,95,43,82,106,4,235,50,0,50,285
08/07/2021,FAI,AK,AAL,WE,Combined TRACON& Tower with Radar,40,34,22,0,96,0,37,54,0,91,40,71,76,0,187,60,0,60,247
08/08/2021,FAI,AK,AAL,WE,Combined TRACON& Tower with Radar,38,14,14,0,66,0,48,118,0,166,38,62,132,0,232,68,1,69,301
08/09/2021,FAI,AK,AAL,WE,Combined TRACON& Tower with Radar,39,41,29,5,114,0,42,42,0,84,39,83,71,5,198,22,4,26,224
08/10/2021,FAI,AK,AAL,WE,Combined TRACON& Tower with Radar,39,33,42,1,115,0,49,68,1,118,39,82,110,2,233,152,0,152,385
08/11/2021,FAI,AK,AAL,WE,Combined TRACON& Tower with Radar,39,34,30,3,106,0,62,109,5,176,39,96,139,8,282,126,0,126,408
08/12/2021,FAI,AK,AAL,WE,Combined TRACON& Tower with Radar,44,26,23,3,96,0,54,121,0,175,44,80,144,3,271,116,0,116,387
08/13/2021,FAI,AK,AAL,WE,Combined TRACON& Tower with Radar,44,21,19,3,87,0,58,116,0,174,44,79,135,3,261,128,0,128,389
08/14/2021,FAI,AK,AAL,WE,Combined TRACON& Tower with Radar,45,17,20,1,83,1,33,189,0,223,46,50,209,1,306,184,0,184,490
08/15/2021,FAI,AK,AAL,WE,Combined TRACON& Tower with Radar,38,23,23,0,84,0,5,12,0,17,38,28,35,0,101,25,1,26,127
08/16/2021,FAI,AK,AAL,WE,Combined TRACON& Tower with Radar,42,60,32,0,134,0,15,15,0,30,42,75,47,0,164,0,0,0,164
08/17/2021,FAI,AK,AAL,WE,Combined TRACON& Tower with Radar,41,42,52,2,137,0,27,61,2,90,41,69,113,4,227,26,24,50,277
08/18/2021,FAI,AK,AAL,WE,Combined TRACON& Tower with Radar,43,38,40,0,121,0,44,191,6,241,43,82,231,6,362,162,0,162,524
08/19/2021,FAI,AK,AAL,WE,Combined TRACON& Tower with Radar,42,19,27,0,88,0,61,117,5,183,42,80,144,5,271,120,0,120,391
08/20/2021,FAI,AK,AAL,WE,Combined TRACON& Tower with Radar,40,56,28,1,125,0,19,20,2,41,40,75,48,3,166,12,2,14,180
08/21/2021,FAI,AK,AAL,WE,Combined TRACON& Tower with Radar,40,28,23,1,92,0,33,79,0,112,40,61,102,1,204,104,0,104,308
08/22/2021,FAI,AK,AAL,WE,Combined TRACON& Tower with Radar,38,5,10,0,53,0,32,180,1,213,38,37,190,1,266,232,0,232,498
08/23/2021,FAI,AK,AAL,WE,Combined TRACON& Tower with Radar,40,44,31,4,119,0,29,53,1,83,40,73,84,5,202,19,0,19,221
08/24/2021,FAI,AK,AAL,WE,Combined TRACON& Tower with Radar,40,50,31,14,135,0,19,33,2,54,40,69,64,16,189,38,4,42,231
08/25/2021,FAI,AK,AAL,WE,Combined TRACON& Tower with Radar,38,50,31,6,125,0,30,51,4,85,38,80,82,10,210,66,24,90,300
08/26/2021,FAI,AK,AAL,WE,Combined TRACON& Tower with Radar,40,28,33,8,109,0,53,110,6,169,40,81,143,14,278,88,0,88,366
08/27/2021,FAI,AK,AAL,WE,Combined TRACON& Tower with Radar,42,63,58,2,165,0,21,30,0,51,42,84,88,2,216,60,0,60,276
08/28/2021,FAI,AK,AAL,WE,Combined TRACON& Tower with Radar,38,8,40,0,86,0,47,262,0,309,38,55,302,0,395,162,0,162,557
08/29/2021,FAI,AK,AAL,WE,Combined TRACON& Tower with Radar,38,18,14,0,70,0,28,164,0,192,38,46,178,0,262,211,0,211,473
08/30/2021,FAI,AK,AAL,WE,Combined TRACON& Tower with Radar,41,40,50,3,134,0,37,98,1,136,41,77,148,4,270,112,1,113,383
08/31/2021,FAI,AK,AAL,WE,Combined TRACON& Tower with Radar,40,30,33,3,106,1,65,250,1,317,41,95,283,4,423,276,0,276,699
09/01/2021,FAI,AK,AAL,WE,Combined TRACON& Tower with Radar,40,20,19,7,86,1,65,187,2,255,41,85,206,9,341,212,6,218,559
09/02/2021,FAI,AK,AAL,WE,Combined TRACON& Tower with Radar,43,28,25,7,103,0,60,147,5,212,43,88,172,12,315,97,6,103,418
09/03/2021,FAI,AK,AAL,WE,Combined TRACON& Tower with Radar,40,30,12,1,83,0,69,197,1,267,40,99,209,2,350,138,0,138,488
09/04/2021,FAI,AK,AAL,WE,Combined TRACON& Tower with Radar,38,25,14,0,77,0,45,91,2,138,38,70,105,2,215,112,0,112,327
09/05/2021,FAI,AK,AAL,WE,Combined TRACON& Tower with Radar,38,37,8,0,83,0,14,38,0,52,38,51,46,0,135,54,0,54,189
09/06/2021,FAI,AK,AAL,WE,Combined TRACON& Tower with Radar,38,8,15,1,62,0,46,192,0,238,38,54,207,1,300,190,0,190,490
09/07/2021,FAI,AK,AAL,WE,Combined TRACON& Tower with Radar,36,17,36,8,97,0,59,180,6,245,36,76,216,14,342,285,0,285,627
09/08/2021,FAI,AK,AAL,WE,Combined TRACON& Tower with Radar,34,17,35,2,88,0,71,198,5,274,34,88,233,7,362,197,2,199,561
09/09/2021,FAI,AK,AAL,WE,Combined TRACON& Tower with Radar,37,14,28,6,85,0,63,202,2,267,37,77,230,8,352,118,0,118,470
09/10/2021,FAI,AK,AAL,WE,Combined TRACON& Tower with Radar,36,16,15,5,72,0,66,252,0,318,36,82,267,5,390,174,0,174,564
09/11/2021,FAI,AK,AAL,WE,Combined TRACON& Tower with Radar,36,11,20,1,68,0,55,253,2,310,36,66,273,3,378,92,0,92,470
09/12/2021,FAI,AK,AAL,WE,Combined TRACON& Tower with Radar,34,6,8,0,48,0,35,194,4,233,34,41,202,4,281,91,0,91,372
09/13/2021,FAI,AK,AAL,WE,Combined TRACON& Tower with Radar,34,14,27,3,78,0,61,123,0,184,34,75,150,3,262,100,0,100,362
09/14/2021,FAI,AK,AAL,WE,Combined TRACON& Tower with Radar,32,30,29,16,107,0,53,154,6,213,32,83,183,22,320,97,2,99,419
09/15/2021,FAI,AK,AAL,WE,Combined TRACON& Tower with Radar,35,24,22,11,92,0,56,187,0,243,35,80,209,11,335,128,2,130,465
09/16/2021,FAI,AK,AAL,WE,Combined TRACON& Tower with Radar,37,19,28,11,95,0,54,169,7,230,37,73,197,18,325,106,10,116,441
09/17/2021,FAI,AK,AAL,WE,Combined TRACON& Tower with Radar,36,14,28,4,82,0,50,145,4,199,36,64,173,8,281,93,0,93,374
09/18/2021,FAI,AK,AAL,WE,Combined TRACON& Tower with Radar,33,7,13,1,54,0,40,137,2,179,33,47,150,3,233,58,1,59,292
09/19/2021,FAI,AK,AAL,WE,Combined TRACON& Tower with Radar,33,4,18,1,56,0,25,110,0,135,33,29,128,1,191,85,2,87,278
09/20/2021,FAI,AK,AAL,WE,Combined TRACON& Tower with Radar,34,12,20,7,73,0,39,76,1,116,34,51,96,8,189,46,5,51,240
09/21/2021,FAI,AK,AAL,WE,Combined TRACON& Tower with Radar,33,20,20,15,88,0,39,111,5,155,33,59,131,20,243,102,4,106,349
09/22/2021,FAI,AK,AAL,WE,Combined TRACON& Tower with Radar,34,23,30,10,97,0,51,174,2,227,34,74,204,12,324,111,2,113,437
09/23/2021,FAI,AK,AAL,WE,Combined TRACON& Tower with Radar,36,20,27,3,86,0,60,145,3,208,36,80,172,6,294,92,2,94,388
09/24/2021,FAI,AK,AAL,WE,Combined TRACON& Tower with Radar,32,42,29,0,103,0,5,5,0,10,32,47,34,0,113,0,0,0,113
09/25/2021,FAI,AK,AAL,WE,Combined TRACON& Tower with Radar,32,24,28,0,84,0,15,59,0,74,32,39,87,0,158,64,0,64,222
09/26/2021,FAI,AK,AAL,WE,Combined TRACON& Tower with Radar,31,8,13,2,54,0,44,101,0,145,31,52,114,2,199,86,0,86,285
09/27/2021,FAI,AK,AAL,WE,Combined TRACON& Tower with Radar,35,34,16,3,88,0,47,72,5,124,35,81,88,8,212,106,19,125,337
09/28/2021,FAI,AK,AAL,WE,Combined TRACON& Tower with Radar,32,25,12,2,71,0,43,108,1,152,32,68,120,3,223,104,0,104,327
09/29/2021,FAI,AK,AAL,WE,Combined TRACON& Tower with Radar,31,39,23,0,93,0,28,68,0,96,31,67,91,0,189,93,0,93,282
09/30/2021,FAI,AK,AAL,WE,Combined TRACON& Tower with Radar,36,23,8,13,80,0,36,128,16,180,36,59,136,29,260,135,58,193,453
10/01/2021,FAI,AK,AAL,WE,Combined TRACON& Tower with Radar,36,45,19,2,102,0,17,27,0,44,36,62,46,2,146,74,12,86,232
10/02/2021,FAI,AK,AAL,WE,Combined TRACON& Tower with Radar,32,18,4,0,54,0,0,0,0,0,32,18,4,0,54,0,0,0,54
10/03/2021,FAI,AK,AAL,WE,Combined TRACON& Tower with Radar,34,10,25,0,69,0,1,8,0,9,34,11,33,0,78,0,0,0,78
10/04/2021,FAI,AK,AAL,WE,Combined TRACON& Tower with Radar,36,21,16,0,73,0,40,54,0,94,36,61,70,0,167,38,0,38,205
10/05/2021,FAI,AK,AAL,WE,Combined TRACON& Tower with Radar,35,17,12,3,67,0,47,76,1,124,35,64,88,4,191,173,1,174,365
10/06/2021,FAI,AK,AAL,WE,Combined TRACON& Tower with Radar,29,23,23,0,75,0,45,49,0,94,29,68,72,0,169,54,0,54,223
10/07/2021,FAI,AK,AAL,WE,Combined TRACON& Tower with Radar,31,52,26,2,111,0,0,1,0,1,31,52,27,2,112,12,0,12,124
10/08/2021,FAI,AK,AAL,WE,Combined TRACON& Tower with Radar,29,27,13,0,69,0,40,48,0,88,29,67,61,0,157,146,2,148,305
10/09/2021,FAI,AK,AAL,WE,Combined TRACON& Tower with Radar,26,13,15,0,54,0,25,59,0,84,26,38,74,0,138,214,0,214,352
10/10/2021,FAI,AK,AAL,WE,Combined TRACON& Tower with Radar,22,17,17,0,56,0,0,2,0,2,22,17,19,0,58,6,0,6,64
10/11/2021,FAI,AK,AAL,WE,Combined TRACON& Tower with Radar,26,14,17,1,58,0,42,80,2,124,26,56,97,3,182,248,0,248,430
10/12/2021,FAI,AK,AAL,WE,Combined TRACON& Tower with Radar,26,23,20,8,77,0,48,38,3,89,26,71,58,11,166,78,34,112,278
10/13/2021,FAI,AK,AAL,WE,Combined TRACON& Tower with Radar,24,24,17,13,78,0,46,50,1,97,24,70,67,14,175,89,12,101,276
10/14/2021,FAI,AK,AAL,WE,Combined TRACON& Tower with Radar,24,20,22,10,76,0,36,43,0,79,24,56,65,10,155,98,0,98,253
10/15/2021,FAI,AK,AAL,WE,Combined TRACON& Tower with Radar,23,33,19,0,75,0,37,49,0,86,23,70,68,0,161,146,0,146,307
10/16/2021,FAI,AK,AAL,WE,Combined TRACON& Tower with Radar,24,25,5,0,54,0,7,22,0,29,24,32,27,0,83,14,0,14,97
10/17/2021,FAI,AK,AAL,WE,Combined TRACON& Tower with Radar,23,13,6,0,42,0,12,88,1,101,23,25,94,1,143,114,0,114,257
10/18/2021,FAI,AK,AAL,WE,Combined TRACON& Tower with Radar,23,7,13,8,51,0,52,59,4,115,23,59,72,12,166,0,4,4,170
10/19/2021,FAI,AK,AAL,WE,Combined TRACON& Tower with Radar,27,14,13,8,62,0,46,40,6,92,27,60,53,14,154,68,16,84,238
10/20/2021,FAI,AK,AAL,WE,Combined TRACON& Tower with Radar,26,14,14,5,59,0,58,94,16,168,26,72,108,21,227,126,26,152,379
10/21/2021,FAI,AK,AAL,WE,Combined TRACON& Tower with Radar,24,16,15,13,68,0,47,41,12,100,24,63,56,25,168,16,0,16,184
10/22/2021,FAI,AK,AAL,WE,Combined TRACON& Tower with Radar,30,12,14,6,62,0,41,70,3,114,30,53,84,9,176,116,0,116,292
10/23/2021,FAI,AK,AAL,WE,Combined TRACON& Tower with Radar,22,7,9,1,39,0,25,115,5,145,22,32,124,6,184,192,0,192,376
10/24/2021,FAI,AK,AAL,WE,Combined TRACON& Tower with Radar,22,30,9,0,61,0,4,2,0,6,22,34,11,0,67,0,0,0,67
10/25/2021,FAI,AK,AAL,WE,Combined TRACON& Tower with Radar,24,50,9,9,92,0,9,8,0,17,24,59,17,9,109,50,0,50,159
10/26/2021,FAI,AK,AAL,WE,Combined TRACON& Tower with Radar,24,38,28,3,93,0,10,12,1,23,24,48,40,4,116,10,0,10,126
10/27/2021,FAI,AK,AAL,WE,Combined TRACON& Tower with Radar,30,50,30,0,110,0,16,22,0,38,30,66,52,0,148,4,0,4,152
10/28/2021,FAI,AK,AAL,WE,Combined TRACON& Tower with Radar,27,44,36,18,125,0,22,37,0,59,27,66,73,18,184,41,10,51,235
10/29/2021,FAI,AK,AAL,WE,Combined TRACON& Tower with Radar,24,49,23,1,97,0,3,8,0,11,24,52,31,1,108,0,0,0,108
10/30/2021,FAI,AK,AAL,WE,Combined TRACON& Tower with Radar,26,11,9,0,46,0,35,50,0,85,26,46,59,0,131,106,0,106,237
10/31/2021,FAI,AK,AAL,WE,Combined TRACON& Tower with Radar,25,8,9,4,46,0,24,17,0,41,25,32,26,4,87,68,0,68,155
11/01/2021,FAI,AK,AAL,WE,Combined TRACON& Tower with Radar,28,33,16,11,88,0,37,19,1,57,28,70,35,12,145,81,9,90,235
11/02/2021,FAI,AK,AAL,WE,Combined TRACON& Tower with Radar,27,24,14,11,76,0,35,34,1,70,27,59,48,12,146,50,8,58,204
11/03/2021,FAI,AK,AAL,WE,Combined TRACON& Tower with Radar,28,48,29,0,105,0,29,11,4,44,28,77,40,4,149,5,0,5,154
11/04/2021,FAI,AK,AAL,WE,Combined TRACON& Tower with Radar,27,20,19,6,72,0,41,49,5,95,27,61,68,11,167,42,0,42,209
11/05/2021,FAI,AK,AAL,WE,Combined TRACON& Tower with Radar,31,11,11,5,58,0,60,45,2,107,31,71,56,7,165,66,2,68,233
11/06/2021,FAI,AK,AAL,WE,Combined TRACON& Tower with Radar,27,29,22,2,80,0,8,17,0,25,27,37,39,2,105,19,0,19,124
11/07/2021,FAI,AK,AAL,WE,Combined TRACON& Tower with Radar,25,24,4,0,53,0,0,2,0,2,25,24,6,0,55,2,0,2,57
11/08/2021,FAI,AK,AAL,WE,Combined TRACON& Tower with Radar,25,14,13,10,62,0,46,53,0,99,25,60,66,10,161,58,2,60,221
11/09/2021,FAI,AK,AAL,WE,Combined TRACON& Tower with Radar,24,20,22,6,72,0,33,50,2,85,24,53,72,8,157,66,4,70,227
11/10/2021,FAI,AK,AAL,WE,Combined TRACON& Tower with Radar,28,21,12,8,69,0,53,39,3,95,28,74,51,11,164,42,0,42,206
11/11/2021,FAI,AK,AAL,WE,Combined TRACON& Tower with Radar,25,28,25,8,86,0,21,22,2,45,25,49,47,10,131,10,0,10,141
11/12/2021,FAI,AK,AAL,WE,Combined TRACON& Tower with Radar,26,25,15,0,66,0,27,26,0,53,26,52,41,0,119,2,0,2,121
11/13/2021,FAI,AK,AAL,WE,Combined TRACON& Tower with Radar,28,7,6,2,43,0,33,72,3,108,28,40,78,5,151,156,1,157,308
11/14/2021,FAI,AK,AAL,WE,Combined TRACON& Tower with Radar,22,16,7,0,45,0,3,3,0,6,22,19,10,0,51,26,0,26,77
11/15/2021,FAI,AK,AAL,WE,Combined TRACON& Tower with Radar,25,33,17,2,77,0,23,11,0,34,25,56,28,2,111,3,1,4,115
11/16/2021,FAI,AK,AAL,WE,Combined TRACON& Tower with Radar,26,42,26,1,95,0,26,8,0,34,26,68,34,1,129,1,8,9,138
11/17/2021,FAI,AK,AAL,WE,Combined TRACON& Tower with Radar,29,38,23,10,100,0,20,4,0,24,29,58,27,10,124,48,13,61,185
11/18/2021,FAI,AK,AAL,WE,Combined TRACON& Tower with Radar,26,29,26,11,92,0,27,19,15,61,26,56,45,26,153,66,8,74,227
11/19/2021,FAI,AK,AAL,WE,Combined TRACON& Tower with Radar,25,19,9,4,57,0,49,49,0,98,25,68,58,4,155,19,2,21,176
11/20/2021,FAI,AK,AAL,WE,Combined TRACON& Tower with Radar,25,13,9,0,47,0,30,33,0,63,25,43,42,0,110,22,0,22,132
11/21/2021,FAI,AK,AAL,WE,Combined TRACON& Tower with Radar,26,6,3,0,35,0,18,8,0,26,26,24,11,0,61,2,0,2,63
11/22/2021,FAI,AK,AAL,WE,Combined TRACON& Tower with Radar,28,18,16,10,72,0,44,31,1,76,28,62,47,11,148,46,6,52,200
11/23/2021,FAI,AK,AAL,WE,Combined TRACON& Tower with Radar,25,16,16,12,69,0,49,42,1,92,25,65,58,13,161,20,2,22,183
11/24/2021,FAI,AK,AAL,WE,Combined TRACON& Tower with Radar,26,23,16,3,68,0,63,34,0,97,26,86,50,3,165,26,0,26,191
11/25/2021,FAI,AK,AAL,WE,Combined TRACON& Tower with Radar,13,2,0,4,19,1,1,9,0,11,14,3,9,4,30,6,2,8,38
11/26/2021,FAI,AK,AAL,WE,Combined TRACON& Tower with Radar,26,23,19,0,68,0,23,17,2,42,26,46,36,2,110,0,0,0,110
11/27/2021,FAI,AK,AAL,WE,Combined TRACON& Tower with Radar,27,7,11,0,45,0,18,21,0,39,27,25,32,0,84,4,0,4,88
11/28/2021,FAI,AK,AAL,WE,Combined TRACON& Tower with Radar,25,10,7,0,42,0,2,21,1,24,25,12,28,1,66,0,0,0,66
11/29/2021,FAI,AK,AAL,WE,Combined TRACON& Tower with Radar,29,9,7,7,52,0,51,24,2,77,29,60,31,9,129,3,1,4,133
11/30/2021,FAI,AK,AAL,WE,Combined TRACON& Tower with Radar,23,15,16,13,67,0,49,44,6,99,23,64,60,19,166,38,2,40,206
12/01/2021,FAI,AK,AAL,WE,Combined TRACON& Tower with Radar,20,51,20,0,91,0,18,3,4,25,20,69,23,4,116,0,0,0,116
12/02/2021,FAI,AK,AAL,WE,Combined TRACON& Tower with Radar,29,22,11,5,67,0,49,30,6,85,29,71,41,11,152,36,16,52,204
12/03/2021,FAI,AK,AAL,WE,Combined TRACON& Tower with Radar,29,22,9,0,60,0,50,16,0,66,29,72,25,0,126,0,0,0,126
12/04/2021,FAI,AK,AAL,WE,Combined TRACON& Tower with Radar,22,13,10,0,45,0,30,9,0,39,22,43,19,0,84,8,0,8,92
12/05/2021,FAI,AK,AAL,WE,Combined TRACON& Tower with Radar,26,8,6,0,40,0,10,37,0,47,26,18,43,0,87,90,0,90,177
12/06/2021,FAI,AK,AAL,WE,Combined TRACON& Tower with Radar,26,12,10,11,59,1,33,55,11,100,27,45,65,22,159,65,9,74,233
12/07/2021,FAI,AK,AAL,WE,Combined TRACON& Tower with Radar,27,57,22,2,108,0,4,2,0,6,27,61,24,2,114,0,0,0,114
12/08/2021,FAI,AK,AAL,WE,Combined TRACON& Tower with Radar,29,38,16,12,95,0,30,32,10,72,29,68,48,22,167,84,5,89,256
12/09/2021,FAI,AK,AAL,WE,Combined TRACON& Tower with Radar,26,23,10,6,65,0,34,30,7,71,26,57,40,13,136,18,8,26,162
12/10/2021,FAI,AK,AAL,WE,Combined TRACON& Tower with Radar,28,51,22,2,103,0,16,8,0,24,28,67,30,2,127,0,0,0,127
12/11/2021,FAI,AK,AAL,WE,Combined TRACON& Tower with Radar,24,35,22,2,83,0,20,8,0,28,24,55,30,2,111,0,0,0,111
12/12/2021,FAI,AK,AAL,WE,Combined TRACON& Tower with Radar,24,18,7,1,50,0,4,12,0,16,24,22,19,1,66,1,0,1,67
12/13/2021,FAI,AK,AAL,WE,Combined TRACON& Tower with Radar,25,15,21,4,65,0,34,19,0,53,25,49,40,4,118,0,0,0,118
12/14/2021,FAI,AK,AAL,WE,Combined TRACON& Tower with Radar,25,32,17,2,76,0,36,14,0,50,25,68,31,2,126,0,0,0,126
12/15/2021,FAI,AK,AAL,WE,Combined TRACON& Tower with Radar,21,25,20,3,69,0,44,17,9,70,21,69,37,12,139,4,0,4,143
12/16/2021,FAI,AK,AAL,WE,Combined TRACON& Tower with Radar,29,47,24,3,103,0,21,9,1,31,29,68,33,4,134,22,0,22,156
12/17/2021,FAI,AK,AAL,WE,Combined TRACON& Tower with Radar,26,58,25,4,113,0,9,2,0,11,26,67,27,4,124,0,0,0,124
12/18/2021,FAI,AK,AAL,WE,Combined TRACON& Tower with Radar,27,44,14,0,85,0,5,3,0,8,27,49,17,0,93,42,0,42,135
12/19/2021,FAI,AK,AAL,WE,Combined TRACON& Tower with Radar,24,8,3,0,35,0,0,2,0,2,24,8,5,0,37,0,0,0,37
12/20/2021,FAI,AK,AAL,WE,Combined TRACON& Tower with Radar,27,32,16,0,75,0,11,8,0,19,27,43,24,0,94,50,0,50,144
12/21/2021,FAI,AK,AAL,WE,Combined TRACON& Tower with Radar,28,27,9,6,70,0,58,41,0,99,28,85,50,6,169,8,0,8,177
12/22/2021,FAI,AK,AAL,WE,Combined TRACON& Tower with Radar,27,20,8,2,57,0,52,52,0,104,27,72,60,2,161,64,1,65,226
12/23/2021,FAI,AK,AAL,WE,Combined TRACON& Tower with Radar,29,21,18,4,72,0,37,11,0,48,29,58,29,4,120,28,0,28,148
12/24/2021,FAI,AK,AAL,WE,Combined TRACON& Tower with Radar,25,9,3,1,38,0,31,22,1,54,25,40,25,2,92,20,0,20,112
12/25/2021,FAI,AK,AAL,WE,Combined TRACON& Tower with Radar,18,12,0,0,30,0,0,0,0,0,18,12,0,0,30,0,0,0,30
12/26/2021,FAI,AK,AAL,WE,Combined TRACON& Tower with Radar,20,0,0,0,20,0,0,0,0,0,20,0,0,0,20,0,0,0,20
12/27/2021,FAI,AK,AAL,WE,Combined TRACON& Tower with Radar,15,11,3,0,29,0,1,3,0,4,15,12,6,0,33,0,0,0,33
12/28/2021,FAI,AK,AAL,WE,Combined TRACON& Tower with Radar,18,12,12,0,42,0,0,0,0,0,18,12,12,0,42,0,0,0,42
12/29/2021,FAI,AK,AAL,WE,Combined TRACON& Tower with Radar,13,6,2,0,21,0,0,0,0,0,13,6,2,0,21,0,0,0,21
12/30/2021,FAI,AK,AAL,WE,Combined TRACON& Tower with Radar,24,28,16,0,68,0,31,15,1,47,24,59,31,1,115,0,0,0,115
12/31/2021,FAI,AK,AAL,WE,Combined TRACON& Tower with Radar,16,18,5,0,39,0,32,30,0,62,16,50,35,0,101,12,0,12,113
01/01/2022,FAI,AK,AAL,WE,Combined TRACON& Tower with Radar,22,6,2,0,30,0,4,14,0,18,22,10,16,0,48,6,0,6,54
01/02/2022,FAI,AK,AAL,WE,Combined TRACON& Tower with Radar,32,5,3,0,40,0,10,12,4,26,32,15,15,4,66,1,3,4,70
01/03/2022,FAI,AK,AAL,WE,Combined TRACON& Tower with Radar,24,9,13,0,46,0,43,19,2,64,24,52,32,2,110,2,0,2,112
01/04/2022,FAI,AK,AAL,WE,Combined TRACON& Tower with Radar,21,17,7,2,47,0,49,28,2,79,21,66,35,4,126,2,0,2,128
01/05/2022,FAI,AK,AAL,WE,Combined TRACON& Tower with Radar,20,24,9,0,53,0,48,18,0,66,20,72,27,0,119,0,0,0,119
01/06/2022,FAI,AK,AAL,WE,Combined TRACON& Tower with Radar,22,16,11,7,56,0,39,27,3,69,22,55,38,10,125,1,4,5,130
01/07/2022,FAI,AK,AAL,WE,Combined TRACON& Tower with Radar,21,11,9,0,41,0,41,19,0,60,21,52,28,0,101,1,0,1,102
01/08/2022,FAI,AK,AAL,WE,Combined TRACON& Tower with Radar,21,4,3,0,28,0,24,11,0,35,21,28,14,0,63,6,0,6,69
01/09/2022,FAI,AK,AAL,WE,Combined TRACON& Tower with Radar,20,6,1,0,27,0,6,5,0,11,20,12,6,0,38,0,0,0,38
01/10/2022,FAI,AK,AAL,WE,Combined TRACON& Tower with Radar,27,9,14,19,69,0,48,17,10,75,27,57,31,29,144,12,26,38,182
01/11/2022,FAI,AK,AAL,WE,Combined TRACON& Tower with Radar,25,23,25,4,77,0,29,26,0,55,25,52,51,4,132,38,0,38,170
01/12/2022,FAI,AK,AAL,WE,Combined TRACON& Tower with Radar,25,30,18,6,79,0,35,48,5,88,25,65,66,11,167,48,12,60,227
01/13/2022,FAI,AK,AAL,WE,Combined TRACON& Tower with Radar,24,18,14,5,61,0,47,44,0,91,24,65,58,5,152,32,0,32,184
01/14/2022,FAI,AK,AAL,WE,Combined TRACON& Tower with Radar,22,17,22,0,61,0,40,113,4,157,22,57,135,4,218,26,0,26,244
01/15/2022,FAI,AK,AAL,WE,Combined TRACON& Tower with Radar,22,4,6,0,32,0,37,46,0,83,22,41,52,0,115,95,0,95,210
01/16/2022,FAI,AK,AAL,WE,Combined TRACON& Tower with Radar,24,14,1,0,39,0,8,11,0,19,24,22,12,0,58,14,0,14,72
01/17/2022,FAI,AK,AAL,WE,Combined TRACON& Tower with Radar,22,27,18,1,68,0,43,29,0,72,22,70,47,1,140,22,2,24,164
01/18/2022,FAI,AK,AAL,WE,Combined TRACON& Tower with Radar,22,18,18,7,65,0,42,27,9,78,22,60,45,16,143,94,0,94,237
01/19/2022,FAI,AK,AAL,WE,Combined TRACON& Tower with Radar,25,21,12,10,68,0,50,40,11,101,25,71,52,21,169,36,0,36,205
01/20/2022,FAI,AK,AAL,WE,Combined TRACON& Tower with Radar,25,11,16,14,66,0,55,32,10,97,25,66,48,24,163,66,0,66,229
01/21/2022,FAI,AK,AAL,WE,Combined TRACON& Tower with Radar,25,16,21,2,64,0,49,56,0,105,25,65,77,2,169,60,2,62,231
01/22/2022,FAI,AK,AAL,WE,Combined TRACON& Tower with Radar,22,8,9,4,43,0,27,60,6,93,22,35,69,10,136,68,2,70,206
01/23/2022,FAI,AK,AAL,WE,Combined TRACON& Tower with Radar,22,11,1,0,34,0,15,58,0,73,22,26,59,0,107,104,0,104,211
01/24/2022,FAI,AK,AAL,WE,Combined TRACON& Tower with Radar,28,17,13,8,66,0,51,47,6,104,28,68,60,14,170,57,0,57,227
01/25/2022,FAI,AK,AAL,WE,Combined TRACON& Tower with Radar,27,26,23,17,93,2,20,14,5,41,29,46,37,22,134,64,4,68,202
01/26/2022,FAI,AK,AAL,WE,Combined TRACON& Tower with Radar,25,20,12,4,61,0,46,43,10,99,25,66,55,14,160,116,14,130,290
01/27/2022,FAI,AK,AAL,WE,Combined TRACON& Tower with Radar,25,19,10,9,63,0,33,40,1,74,25,52,50,10,137,1,64,65,202
01/28/2022,FAI,AK,AAL,WE,Combined TRACON& Tower with Radar,27,20,14,2,63,0,38,38,0,76,27,58,52,2,139,40,0,40,179
01/29/2022,FAI,AK,AAL,WE,Combined TRACON& Tower with Radar,25,9,6,0,40,0,20,48,0,68,25,29,54,0,108,71,0,71,179
01/30/2022,FAI,AK,AAL,WE,Combined TRACON& Tower with Radar,24,4,7,0,35,0,12,19,0,31,24,16,26,0,66,0,0,0,66
01/31/2022,FAI,AK,AAL,WE,Combined TRACON& Tower with Radar,28,8,8,2,46,0,42,23,4,69,28,50,31,6,115,6,37,43,158
02/01/2022,FAI,AK,AAL,WE,Combined TRACON& Tower with Radar,24,13,12,4,53,0,32,18,2,52,24,45,30,6,105,0,2,2,107
02/02/2022,FAI,AK,AAL,WE,Combined TRACON& Tower with Radar,23,22,9,5,59,0,45,28,0,73,23,67,37,5,132,12,4,16,148
02/03/2022,FAI,AK,AAL,WE,Combined TRACON& Tower with Radar,23,12,12,5,52,0,40,30,11,81,23,52,42,16,133,25,0,25,158
02/04/2022,FAI,AK,AAL,WE,Combined TRACON& Tower with Radar,23,13,18,0,54,0,43,39,2,84,23,56,57,2,138,12,0,12,150
02/05/2022,FAI,AK,AAL,WE,Combined TRACON& Tower with Radar,21,10,14,0,45,0,25,39,0,64,21,35,53,0,109,48,0,48,157
02/06/2022,FAI,AK,AAL,WE,Combined TRACON& Tower with Radar,22,7,4,0,33,0,16,22,0,38,22,23,26,0,71,8,0,8,79
02/07/2022,FAI,AK,AAL,WE,Combined TRACON& Tower with Radar,23,27,14,7,71,0,34,21,3,58,23,61,35,10,129,14,14,28,157
02/08/2022,FAI,AK,AAL,WE,Combined TRACON& Tower with Radar,24,19,10,4,57,0,38,32,9,79,24,57,42,13,136,22,0,22,158
02/09/2022,FAI,AK,AAL,WE,Combined TRACON& Tower with Radar,24,51,15,10,100,0,11,8,0,19,24,62,23,10,119,0,0,0,119
02/10/2022,FAI,AK,AAL,WE,Combined TRACON& Tower with Radar,26,20,17,13,76,0,39,40,6,85,26,59,57,19,161,0,2,2,163
02/11/2022,FAI,AK,AAL,WE,Combined TRACON& Tower with Radar,26,14,15,1,56,0,55,56,2,113,26,69,71,3,169,10,1,11,180
02/12/2022,FAI,AK,AAL,WE,Combined TRACON& Tower with Radar,20,5,13,0,38,0,17,44,0,61,20,22,57,0,99,58,1,59,158
02/13/2022,FAI,AK,AAL,WE,Combined TRACON& Tower with Radar,23,16,8,0,47,0,3,9,0,12,23,19,17,0,59,2,1,3,62
02/14/2022,FAI,AK,AAL,WE,Combined TRACON& Tower with Radar,23,7,12,10,52,0,36,42,6,84,23,43,54,16,136,8,6,14,150
02/15/2022,FAI,AK,AAL,WE,Combined TRACON& Tower with Radar,24,26,16,13,79,0,42,13,4,59,24,68,29,17,138,12,2,14,152
02/16/2022,FAI,AK,AAL,WE,Combined TRACON& Tower with Radar,29,33,16,5,83,0,33,18,3,54,29,66,34,8,137,16,6,22,159
02/17/2022,FAI,AK,AAL,WE,Combined TRACON& Tower with Radar,29,13,18,4,64,0,45,30,0,75,29,58,48,4,139,4,2,6,145
02/18/2022,FAI,AK,AAL,WE,Combined TRACON& Tower with Radar,27,44,14,0,85,0,6,0,0,6,27,50,14,0,91,0,0,0,91
02/19/2022,FAI,AK,AAL,WE,Combined TRACON& Tower with Radar,26,5,11,0,42,0,36,80,0,116,26,41,91,0,158,98,0,98,256
02/20/2022,FAI,AK,AAL,WE,Combined TRACON& Tower with Radar,28,8,1,1,38,0,9,66,0,75,28,17,67,1,113,88,1,89,202
02/21/2022,FAI,AK,AAL,WE,Combined TRACON& Tower with Radar,28,21,17,0,66,0,39,22,0,61,28,60,39,0,127,51,0,51,178
02/22/2022,FAI,AK,AAL,WE,Combined TRACON& Tower with Radar,28,35,31,4,98,0,9,0,0,9,28,44,31,4,107,0,8,8,115
02/23/2022,FAI,AK,AAL,WE,Combined TRACON& Tower with Radar,31,31,21,2,85,0,42,60,6,108,31,73,81,8,193,14,15,29,222
02/24/2022,FAI,AK,AAL,WE,Combined TRACON& Tower with Radar,28,15,13,22,78,0,58,52,13,123,28,73,65,35,201,52,40,92,293
02/25/2022,FAI,AK,AAL,WE,Combined TRACON& Tower with Radar,28,17,14,1,60,0,51,82,2,135,28,68,96,3,195,61,0,61,256
02/26/2022,FAI,AK,AAL,WE,Combined TRACON& Tower with Radar,29,7,12,0,48,0,20,71,1,92,29,27,83,1,140,89,0,89,229
02/27/2022,FAI,AK,AAL,WE,Combined TRACON& Tower with Radar,25,20,17,0,62,0,10,5,0,15,25,30,22,0,77,0,0,0,77
02/28/2022,FAI,AK,AAL,WE,Combined TRACON& Tower with Radar,30,29,18,7,84,0,19,12,2,33,30,48,30,9,117,0,0,0,117
03/01/2022,FAI,AK,AAL,WE,Combined TRACON& Tower with Radar,30,36,18,15,99,0,27,39,6,72,30,63,57,21,171,86,12,98,269
03/02/2022,FAI,AK,AAL,WE,Combined TRACON& Tower with Radar,28,24,19,7,78,0,45,56,3,104,28,69,75,10,182,6,8,14,196
03/03/2022,FAI,AK,AAL,WE,Combined TRACON& Tower with Radar,32,19,16,6,73,0,51,56,6,113,32,70,72,12,186,52,2,54,240
03/04/2022,FAI,AK,AAL,WE,Combined TRACON& Tower with Radar,27,14,12,8,61,1,49,52,6,108,28,63,64,14,169,98,12,110,279
03/05/2022,FAI,AK,AAL,WE,Combined TRACON& Tower with Radar,27,7,8,3,45,0,37,48,2,87,27,44,56,5,132,58,2,60,192
03/06/2022,FAI,AK,AAL,WE,Combined TRACON& Tower with Radar,27,15,9,4,55,0,10,25,1,36,27,25,34,5,91,80,6,86,177
03/07/2022,FAI,AK,AAL,WE,Combined TRACON& Tower with Radar,29,7,12,5,53,0,57,75,5,137,29,64,87,10,190,6,46,52,242
03/08/2022,FAI,AK,AAL,WE,Combined TRACON& Tower with Radar,26,11,15,13,65,0,52,84,4,140,26,63,99,17,205,68,10,78,283
03/09/2022,FAI,AK,AAL,WE,Combined TRACON& Tower with Radar,29,57,20,4,110,0,4,2,0,6,29,61,22,4,116,0,2,2,118
03/10/2022,FAI,AK,AAL,WE,Combined TRACON& Tower with Radar,28,19,19,8,74,0,36,30,1,67,28,55,49,9,141,16,3,19,160
03/11/2022,FAI,AK,AAL,WE,Combined TRACON& Tower with Radar,31,14,12,6,63,0,57,97,2,156,31,71,109,8,219,46,20,66,285
03/12/2022,FAI,AK,AAL,WE,Combined TRACON& Tower with Radar,27,8,5,6,46,0,25,50,8,83,27,33,55,14,129,72,9,81,210
03/13/2022,FAI,AK,AAL,WE,Combined TRACON& Tower with Radar,24,1,4,0,29,0,17,51,2,70,24,18,55,2,99,122,6,128,227
03/14/2022,FAI,AK,AAL,WE,Combined TRACON& Tower with Radar,27,7,13,6,53,0,53,49,5,107,27,60,62,11,160,0,1,1,161
03/15/2022,FAI,AK,AAL,WE,Combined TRACON& Tower with Radar,26,23,15,6,70,0,47,54,3,104,26,70,69,9,174,42,13,55,229
03/16/2022,FAI,AK,AAL,WE,Combined TRACON& Tower with Radar,27,18,13,4,62,0,59,73,0,132,27,77,86,4,194,47,2,49,243
03/17/2022,FAI,AK,AAL,WE,Combined TRACON& Tower with Radar,27,14,11,6,58,0,47,54,3,104,27,61,65,9,162,130,13,143,305
03/18/2022,FAI,AK,AAL,WE,Combined TRACON& Tower with Radar,28,14,26,5,73,0,44,95,4,143,28,58,121,9,216,76,4,80,296
03/19/2022,FAI,AK,AAL,WE,Combined TRACON& Tower with Radar,26,10,15,0,51,0,32,58,0,90,26,42,73,0,141,65,0,65,206
03/20/2022,FAI,AK,AAL,WE,Combined TRACON& Tower with Radar,26,11,10,3,50,0,12,53,5,70,26,23,63,8,120,63,14,77,197
03/21/2022,FAI,AK,AAL,WE,Combined TRACON& Tower with Radar,26,13,15,6,60,0,53,89,0,142,26,66,104,6,202,0,0,0,202
03/22/2022,FAI,AK,AAL,WE,Combined TRACON& Tower with Radar,26,20,10,23,79,0,47,58,0,105,26,67,68,23,184,94,23,117,301
03/23/2022,FAI,AK,AAL,WE,Combined TRACON& Tower with Radar,24,22,12,5,63,0,48,69,10,127,24,70,81,15,190,92,10,102,292
03/24/2022,FAI,AK,AAL,WE,Combined TRACON& Tower with Radar,27,19,13,5,64,0,56,105,2,163,27,75,118,7,227,98,2,100,327
03/25/2022,FAI,AK,AAL,WE,Combined TRACON& Tower with Radar,24,14,9,7,54,0,46,119,1,166,24,60,128,8,220,124,8,132,352
03/26/2022,FAI,AK,AAL,WE,Combined TRACON& Tower with Radar,22,10,7,2,41,0,44,140,0,184,22,54,147,2,225,194,2,196,421
03/27/2022,FAI,AK,AAL,WE,Combined TRACON& Tower with Radar,22,3,10,0,35,0,15,94,0,109,22,18,104,0,144,208,0,208,352
03/28/2022,FAI,AK,AAL,WE,Combined TRACON& Tower with Radar,24,15,12,14,65,0,50,60,7,117,24,65,72,21,182,86,4,90,272
03/29/2022,FAI,AK,AAL,WE,Combined TRACON& Tower with Radar,26,27,16,2,71,0,44,57,10,111,26,71,73,12,182,16,6,22,204
03/30/2022,FAI,AK,AAL,WE,Combined TRACON& Tower with Radar,25,22,26,4,77,0,49,65,2,116,25,71,91,6,193,74,10,84,277
03/31/2022,FAI,AK,AAL,WE,Combined TRACON& Tower with Radar,25,18,14,15,72,0,66,66,2,134,25,84,80,17,206,86,26,112,318
04/01/2022,FAI,AK,AAL,WE,Combined TRACON& Tower with Radar,19,18,21,2,60,0,59,78,2,139,19,77,99,4,199,56,0,56,255
04/02/2022,FAI,AK,AAL,WE,Combined TRACON& Tower with Radar,22,7,9,1,39,0,30,26,0,56,22,37,35,1,95,68,0,68,163
04/03/2022,FAI,AK,AAL,WE,Combined TRACON& Tower with Radar,22,10,9,1,42,0,22,81,1,104,22,32,90,2,146,124,0,124,270
04/04/2022,FAI,AK,AAL,WE,Combined TRACON& Tower with Radar,22,18,14,4,58,0,42,47,10,99,22,60,61,14,157,78,2,80,237
04/05/2022,FAI,AK,AAL,WE,Combined TRACON& Tower with Radar,24,23,17,9,73,0,30,55,3,88,24,53,72,12,161,34,2,36,197
04/06/2022,FAI,AK,AAL,WE,Combined TRACON& Tower with Radar,24,23,17,6,70,0,33,50,3,86,24,56,67,9,156,114,6,120,276
04/07/2022,FAI,AK,AAL,WE,Combined TRACON& Tower with Radar,26,13,20,5,64,0,54,76,11,141,26,67,96,16,205,144,4,148,353
04/08/2022,FAI,AK,AAL,WE,Combined TRACON& Tower with Radar,26,24,17,4,71,0,35,45,2,82,26,59,62,6,153,24,2,26,179
04/09/2022,FAI,AK,AAL,WE,Combined TRACON& Tower with Radar,24,11,9,0,44,0,40,112,2,154,24,51,121,2,198,203,0,203,401
04/10/2022,FAI,AK,AAL,WE,Combined TRACON& Tower with Radar,24,23,2,0,49,0,11,53,0,64,24,34,55,0,113,108,0,108,221
04/11/2022,FAI,AK,AAL,WE,Combined TRACON& Tower with Radar,25,11,14,6,56,0,46,95,0,141,25,57,109,6,197,172,2,174,371
04/12/2022,FAI,AK,AAL,WE,Combined TRACON& Tower with Radar,31,21,14,8,74,0,30,67,1,98,31,51,81,9,172,0,0,0,172
04/13/2022,FAI,AK,AAL,WE,Combined TRACON& Tower with Radar,26,23,12,7,68,0,50,89,1,140,26,73,101,8,208,148,2,150,358
04/14/2022,FAI,AK,AAL,WE,Combined TRACON& Tower with Radar,26,16,23,10,75,0,52,83,5,140,26,68,106,15,215,138,4,142,357
04/15/2022,FAI,AK,AAL,WE,Combined TRACON& Tower with Radar,26,17,18,0,61,0,58,86,3,147,26,75,104,3,208,103,0,103,311
04/16/2022,FAI,AK,AAL,WE,Combined TRACON& Tower with Radar,22,13,27,0,62,0,34,96,0,130,22,47,123,0,192,166,0,166,358
04/17/2022,FAI,AK,AAL,WE,Combined TRACON& Tower with Radar,22,5,5,3,35,0,9,76,1,86,22,14,81,4,121,162,0,162,283
04/18/2022,FAI,AK,AAL,WE,Combined TRACON& Tower with Radar,26,14,11,8,59,0,54,54,2,110,26,68,65,10,169,16,4,20,189
04/19/2022,FAI,AK,AAL,WE,Combined TRACON& Tower with Radar,25,12,16,5,58,0,48,82,5,135,25,60,98,10,193,80,10,90,283
04/20/2022,FAI,AK,AAL,WE,Combined TRACON& Tower with Radar,26,19,15,12,72,0,62,67,2,131,26,81,82,14,203,154,0,154,357
04/21/2022,FAI,AK,AAL,WE,Combined TRACON& Tower with Radar,31,17,18,11,77,0,52,59,10,121,31,69,77,21,198,112,2,114,312
04/22/2022,FAI,AK,AAL,WE,Combined TRACON& Tower with Radar,26,24,14,8,72,1,58,92,7,158,27,82,106,15,230,92,16,108,338
04/23/2022,FAI,AK,AAL,WE,Combined TRACON& Tower with Radar,24,8,14,1,47,0,29,95,2,126,24,37,109,3,173,236,0,236,409
04/24/2022,FAI,AK,AAL,WE,Combined TRACON& Tower with Radar,25,1,7,1,34,0,15,105,0,120,25,16,112,1,154,148,0,148,302
04/25/2022,FAI,AK,AAL,WE,Combined TRACON& Tower with Radar,25,12,10,5,52,0,58,61,0,119,25,70,71,5,171,142,10,152,323
04/26/2022,FAI,AK,AAL,WE,Combined TRACON& Tower with Radar,28,22,18,8,76,0,44,54,5,103,28,66,72,13,179,112,4,116,295
04/27/2022,FAI,AK,AAL,WE,Combined TRACON& Tower with Radar,26,21,12,8,67,0,50,58,2,110,26,71,70,10,177,92,10,102,279
04/28/2022,FAI,AK,AAL,WE,Combined TRACON& Tower with Radar,24,15,17,16,72,0,43,57,4,104,24,58,74,20,176,208,12,220,396
04/29/2022,FAI,AK,AAL,WE,Combined TRACON& Tower with Radar,26,25,15,4,70,0,51,65,3,119,26,76,80,7,189,234,10,244,433
04/30/2022,FAI,AK,AAL,WE,Combined TRACON& Tower with Radar,23,9,6,1,39,0,24,51,0,75,23,33,57,1,114,150,1,151,265
05/01/2022,FAI,AK,AAL,WE,Combined TRACON& Tower with Radar,23,8,7,3,41,0,13,76,2,91,23,21,83,5,132,256,0,256,388
05/02/2022,FAI,AK,AAL,WE,Combined TRACON& Tower with Radar,25,11,14,5,55,0,52,55,3,110,25,63,69,8,165,114,8,122,287
05/03/2022,FAI,AK,AAL,WE,Combined TRACON& Tower with Radar,28,15,16,5,64,0,53,54,2,109,28,68,70,7,173,140,0,140,313
05/04/2022,FAI,AK,AAL,WE,Combined TRACON& Tower with Radar,24,19,19,7,69,0,48,62,10,120,24,67,81,17,189,116,5,121,310
05/05/2022,FAI,AK,AAL,WE,Combined TRACON& Tower with Radar,30,23,20,6,79,0,54,44,9,107,30,77,64,15,186,124,10,134,320
05/06/2022,FAI,AK,AAL,WE,Combined TRACON& Tower with Radar,28,10,15,10,63,0,56,64,0,120,28,66,79,10,183,202,6,208,391
05/07/2022,FAI,AK,AAL,WE,Combined TRACON& Tower with Radar,23,17,7,0,47,0,28,65,2,95,23,45,72,2,142,99,0,99,241
05/08/2022,FAI,AK,AAL,WE,Combined TRACON& Tower with Radar,30,5,3,0,38,0,17,50,2,69,30,22,53,2,107,160,0,160,267
05/09/2022,FAI,AK,AAL,WE,Combined TRACON& Tower with Radar,31,50,19,7,107,0,7,6,0,13,31,57,25,7,120,2,0,2,122
05/10/2022,FAI,AK,AAL,WE,Combined TRACON& Tower with Radar,26,50,29,7,112,0,20,41,6,67,26,70,70,13,179,30,10,40,219
05/11/2022,FAI,AK,AAL,WE,Combined TRACON& Tower with Radar,25,29,26,4,84,0,66,116,7,189,25,95,142,11,273,240,12,252,525
05/12/2022,FAI,AK,AAL,WE,Combined TRACON& Tower with Radar,31,46,13,8,98,0,13,18,0,31,31,59,31,8,129,56,0,56,185
05/13/2022,FAI,AK,AAL,WE,Combined TRACON& Tower with Radar,31,35,25,5,96,0,32,53,0,85,31,67,78,5,181,152,0,152,333
05/14/2022,FAI,AK,AAL,WE,Combined TRACON& Tower with Radar,28,4,10,1,43,0,34,111,0,145,28,38,121,1,188,330,0,330,518
05/15/2022,FAI,AK,AAL,WE,Combined TRACON& Tower with Radar,24,11,14,0,49,0,21,117,0,138,24,32,131,0,187,217,0,217,404
05/16/2022,FAI,AK,AAL,WE,Combined TRACON& Tower with Radar,29,15,22,0,66,1,47,88,0,136,30,62,110,0,202,170,0,170,372
05/17/2022,FAI,AK,AAL,WE,Combined TRACON& Tower with Radar,30,12,28,1,71,0,58,92,5,155,30,70,120,6,226,104,2,106,332
05/18/2022,FAI,AK,AAL,WE,Combined TRACON& Tower with Radar,29,25,15,17,86,0,44,115,13,172,29,69,130,30,258,212,32,244,502
05/19/2022,FAI,AK,AAL,WE,Combined TRACON& Tower with Radar,28,16,22,7,73,0,46,142,12,200,28,62,164,19,273,120,2,122,395
05/20/2022,FAI,AK,AAL,WE,Combined TRACON& Tower with Radar,36,24,20,0,80,0,62,143,4,209,36,86,163,4,289,151,0,151,440
05/21/2022,FAI,AK,AAL,WE,Combined TRACON& Tower with Radar,30,4,20,0,54,0,42,130,3,175,30,46,150,3,229,250,1,251,480
05/22/2022,FAI,AK,AAL,WE,Combined TRACON& Tower with Radar,34,5,21,0,60,0,21,102,0,123,34,26,123,0,183,144,0,144,327
05/23/2022,FAI,AK,AAL,WE,Combined TRACON& Tower with Radar,33,21,21,0,75,0,67,105,0,172,33,88,126,0,247,127,0,127,374
05/24/2022,FAI,AK,AAL,WE,Combined TRACON& Tower with Radar,38,25,26,3,92,0,50,128,8,186,38,75,154,11,278,90,0,90,368
05/25/2022,FAI,AK,AAL,WE,Combined TRACON& Tower with Radar,39,21,27,9,96,0,59,105,10,174,39,80,132,19,270,145,8,153,423
05/26/2022,FAI,AK,AAL,WE,Combined TRACON& Tower with Radar,39,22,28,6,95,0,60,116,3,179,39,82,144,9,274,134,0,134,408
05/27/2022,FAI,AK,AAL,WE,Combined TRACON& Tower with Radar,36,21,22,3,82,0,69,150,4,223,36,90,172,7,305,160,0,160,465
05/28/2022,FAI,AK,AAL,WE,Combined TRACON& Tower with Radar,35,13,15,3,66,0,49,164,0,213,35,62,179,3,279,286,2,288,567
05/29/2022,FAI,AK,AAL,WE,Combined TRACON& Tower with Radar,39,10,15,4,68,0,33,114,0,147,39,43,129,4,215,191,1,192,407
05/30/2022,FAI,AK,AAL,WE,Combined TRACON& Tower with Radar,39,6,11,6,62,0,26,143,0,169,39,32,154,6,231,196,0,196,427
05/31/2022,FAI,AK,AAL,WE,Combined TRACON& Tower with Radar,36,16,21,11,84,0,75,129,8,212,36,91,150,19,296,158,0,158,454
06/01/2022,FAI,AK,AAL,WE,Combined TRACON& Tower with Radar,41,28,21,4,94,0,74,125,2,201,41,102,146,6,295,106,4,110,405
06/02/2022,FAI,AK,AAL,WE,Combined TRACON& Tower with Radar,40,12,14,6,72,0,65,164,4,233,40,77,178,10,305,142,0,142,447
06/03/2022,FAI,AK,AAL,WE,Combined TRACON& Tower with Radar,37,18,15,3,73,0,76,150,2,228,37,94,165,5,301,203,0,203,504
06/04/2022,FAI,AK,AAL,WE,Combined TRACON& Tower with Radar,39,12,17,2,70,0,45,195,4,244,39,57,212,6,314,238,0,238,552
06/05/2022,FAI,AK,AAL,WE,Combined TRACON& Tower with Radar,40,13,4,3,60,0,42,130,3,175,40,55,134,6,235,154,0,154,389
06/06/2022,FAI,AK,AAL,WE,Combined TRACON& Tower with Radar,39,11,16,6,72,0,64,132,2,198,39,75,148,8,270,117,12,129,399
06/07/2022,FAI,AK,AAL,WE,Combined TRACON& Tower with Radar,40,24,16,6,86,0,70,138,8,216,40,94,154,14,302,54,0,54,356
06/08/2022,FAI,AK,AAL,WE,Combined TRACON& Tower with Radar,39,24,16,14,93,0,66,133,2,201,39,90,149,16,294,81,10,91,385
06/09/2022,FAI,AK,AAL,WE,Combined TRACON& Tower with Radar,41,16,25,14,96,0,62,113,1,176,41,78,138,15,272,161,4,165,437
06/10/2022,FAI,AK,AAL,WE,Combined TRACON& Tower with Radar,41,21,21,6,89,0,52,141,2,195,41,73,162,8,284,188,0,188,472
06/11/2022,FAI,AK,AAL,WE,Combined TRACON& Tower with Radar,41,10,19,0,70,0,50,118,4,172,41,60,137,4,242,136,0,136,378
06/12/2022,FAI,AK,AAL,WE,Combined TRACON& Tower with Radar,42,11,12,0,65,0,23,117,0,140,42,34,129,0,205,153,0,153,358
06/13/2022,FAI,AK,AAL,WE,Combined TRACON& Tower with Radar,44,39,30,3,116,0,41,75,3,119,44,80,105,6,235,18,0,18,253
06/14/2022,FAI,AK,AAL,WE,Combined TRACON& Tower with Radar,40,21,19,8,88,0,63,90,4,157,40,84,109,12,245,150,16,166,411
06/15/2022,FAI,AK,AAL,WE,Combined TRACON& Tower with Radar,44,34,30,4,112,1,77,141,10,229,45,111,171,14,341,155,0,155,496
06/16/2022,FAI,AK,AAL,WE,Combined TRACON& Tower with Radar,38,30,16,6,90,2,74,158,13,247,40,104,174,19,337,294,12,306,643
06/17/2022,FAI,AK,AAL,WE,Combined TRACON& Tower with Radar,35,24,24,1,84,0,81,187,5,273,35,105,211,6,357,184,0,184,541
06/18/2022,FAI,AK,AAL,WE,Combined TRACON& Tower with Radar,33,16,20,0,69,0,48,137,0,185,33,64,157,0,254,106,0,106,360
06/19/2022,FAI,AK,AAL,WE,Combined TRACON& Tower with Radar,34,8,8,0,50,0,53,128,4,185,34,61,136,4,235,135,0,135,370
06/20/2022,FAI,AK,AAL,WE,Combined TRACON& Tower with Radar,36,22,23,3,84,0,55,103,3,161,36,77,126,6,245,74,0,74,319
06/21/2022,FAI,AK,AAL,WE,Combined TRACON& Tower with Radar,36,30,23,8,97,2,78,136,2,218,38,108,159,10,315,154,3,157,472
06/22/2022,FAI,AK,AAL,WE,Combined TRACON& Tower with Radar,38,23,20,11,92,0,85,173,2,260,38,108,193,13,352,154,0,154,506
06/23/2022,FAI,AK,AAL,WE,Combined TRACON& Tower with Radar,42,23,23,8,96,0,56,131,5,192,42,79,154,13,288,94,2,96,384
06/24/2022,FAI,AK,AAL,WE,Combined TRACON& Tower with Radar,38,22,27,0,87,0,87,155,1,243,38,109,182,1,330,165,0,165,495
06/25/2022,FAI,AK,AAL,WE,Combined TRACON& Tower with Radar,33,16,24,0,73,0,42,84,0,126,33,58,108,0,199,16,0,16,215
06/26/2022,FAI,AK,AAL,WE,Combined TRACON& Tower with Radar,34,15,18,0,67,1,15,82,2,100,35,30,100,2,167,54,0,54,221
06/27/2022,FAI,AK,AAL,WE,Combined TRACON& Tower with Radar,35,66,41,6,148,0,10,51,0,61,35,76,92,6,209,0,0,0,209
06/28/2022,FAI,AK,AAL,WE,Combined TRACON& Tower with Radar,40,68,43,10,161,0,5,23,0,28,40,73,66,10,189,4,0,4,193
06/29/2022,FAI,AK,AAL,WE,Combined TRACON& Tower with Radar,39,36,39,2,116,0,62,87,3,152,39,98,126,5,268,88,0,88,356
06/30/2022,FAI,AK,AAL,WE,Combined TRACON& Tower with Radar,39,79,45,15,178,8,8,61,0,77,47,87,106,15,255,0,1,1,256
07/01/2022,FAI,AK,AAL,WE,Combined TRACON& Tower with Radar,36,32,32,5,105,11,73,122,3,209,47,105,154,8,314,106,0,106,420
07/02/2022,FAI,AK,AAL,WE,Combined TRACON& Tower with Radar,34,32,30,4,100,5,19,59,2,85,39,51,89,6,185,54,0,54,239
07/03/2022,FAI,AK,AAL,WE,Combined TRACON& Tower with Radar,37,20,11,7,75,0,15,32,0,47,37,35,43,7,122,8,0,8,130
07/04/2022,FAI,AK,AAL,WE,Combined TRACON& Tower with Radar,34,19,13,1,67,7,24,55,7,93,41,43,68,8,160,72,0,72,232
07/05/2022,FAI,AK,AAL,WE,Combined TRACON& Tower with Radar,33,60,57,5,155,0,21,18,1,40,33,81,75,6,195,0,0,0,195
07/06/2022,FAI,AK,AAL,WE,Combined TRACON& Tower with Radar,37,72,51,9,169,11,41,68,3,123,48,113,119,12,292,42,0,42,334
07/07/2022,FAI,AK,AAL,WE,Combined TRACON& Tower with Radar,44,38,24,8,114,1,77,175,24,277,45,115,199,32,391,263,0,263,654
07/08/2022,FAI,AK,AAL,WE,Combined TRACON& Tower with Radar,33,24,22,11,90,2,91,191,4,288,35,115,213,15,378,116,4,120,498
07/09/2022,FAI,AK,AAL,WE,Combined TRACON& Tower with Radar,34,28,41,1,104,0,18,33,0,51,34,46,74,1,155,20,0,20,175
07/10/2022,FAI,AK,AAL,WE,Combined TRACON& Tower with Radar,35,26,31,1,93,1,15,23,0,39,36,41,54,1,132,22,0,22,154
07/11/2022,FAI,AK,AAL,WE,Combined TRACON& Tower with Radar,38,58,43,5,144,6,20,45,0,71,44,78,88,5,215,0,0,0,215
07/12/2022,FAI,AK,AAL,WE,Combined TRACON& Tower with Radar,39,33,27,9,108,17,60,109,6,192,56,93,136,15,300,224,2,226,526
07/13/2022,FAI,AK,AAL,WE,Combined TRACON& Tower with Radar,41,47,33,11,132,0,54,105,9,168,41,101,138,20,300,96,5,101,401
07/14/2022,FAI,AK,AAL,WE,Combined TRACON& Tower with Radar,47,20,26,7,100,5,75,219,5,304,52,95,245,12,404,132,4,136,540
07/15/2022,FAI,AK,AAL,WE,Combined TRACON& Tower with Radar,37,24,30,2,93,1,52,165,3,221,38,76,195,5,314,170,2,172,486
07/16/2022,FAI,AK,AAL,WE,Combined TRACON& Tower with Radar,32,20,13,0,65,0,15,93,2,110,32,35,106,2,175,286,0,286,461
07/17/2022,FAI,AK,AAL,WE,Combined TRACON& Tower with Radar,37,12,19,2,70,0,18,150,0,168,37,30,169,2,238,222,0,222,460
07/18/2022,FAI,AK,AAL,WE,Combined TRACON& Tower with Radar,35,34,25,11,105,0,37,98,2,137,35,71,123,13,242,225,4,229,471
07/19/2022,FAI,AK,AAL,WE,Combined TRACON& Tower with Radar,37,54,38,10,139,0,42,68,7,117,37,96,106,17,256,189,0,189,445
07/20/2022,FAI,AK,AAL,WE,Combined TRACON& Tower with Radar,38,25,34,13,110,0,69,207,4,280,38,94,241,17,390,143,0,143,533
07/21/2022,FAI,AK,AAL,WE,Combined TRACON& Tower with Radar,39,25,22,5,91,0,60,173,4,237,39,85,195,9,328,252,0,252,580
07/22/2022,FAI,AK,AAL,WE,Combined TRACON& Tower with Radar,38,40,22,0,100,0,37,104,2,143,38,77,126,2,243,100,0,100,343
07/23/2022,FAI,AK,AAL,WE,Combined TRACON& Tower with Radar,34,11,23,3,71,0,48,183,1,232,34,59,206,4,303,222,0,222,525
07/24/2022,FAI,AK,AAL,WE,Combined TRACON& Tower with Radar,35,5,18,4,62,0,38,186,3,227,35,43,204,7,289,122,44,166,455
07/25/2022,FAI,AK,AAL,WE,Combined TRACON& Tower with Radar,41,17,14,17,89,0,60,108,8,176,41,77,122,25,265,82,0,82,347
07/26/2022,FAI,AK,AAL,WE,Combined TRACON& Tower with Radar,35,21,17,10,83,0,37,66,8,111,35,58,83,18,194,49,5,54,248
07/27/2022,FAI,AK,AAL,WE,Combined TRACON& Tower with Radar,39,43,30,13,125,0,41,130,2,173,39,84,160,15,298,104,0,104,402
07/28/2022,FAI,AK,AAL,WE,Combined TRACON& Tower with Radar,40,22,17,2,81,0,64,186,0,250,40,86,203,2,331,114,0,114,445
07/29/2022,FAI,AK,AAL,WE,Combined TRACON& Tower with Radar,37,20,22,1,80,0,57,195,1,253,37,77,217,2,333,171,0,171,504
07/30/2022,FAI,AK,AAL,WE,Combined TRACON& Tower with Radar,31,10,15,1,57,0,31,182,5,218,31,41,197,6,275,221,0,221,496
07/31/2022,FAI,AK,AAL,WE,Combined TRACON& Tower with Radar,32,8,9,0,49,0,24,147,0,171,32,32,156,0,220,142,0,142,362
08/01/2022,FAI,AK,AAL,WE,Combined TRACON& Tower with Radar,37,17,16,2,72,0,62,93,3,158,37,79,109,5,230,78,0,78,308
08/02/2022,FAI,AK,AAL,WE,Combined TRACON& Tower with Radar,37,28,12,8,85,0,62,92,3,157,37,90,104,11,242,221,0,221,463
08/03/2022,FAI,AK,AAL,WE,Combined TRACON& Tower with Radar,40,27,25,8,100,0,67,159,5,231,40,94,184,13,331,188,2,190,521
08/04/2022,FAI,AK,AAL,WE,Combined TRACON& Tower with Radar,38,14,16,5,73,0,65,173,1,239,38,79,189,6,312,88,0,88,400
08/05/2022,FAI,AK,AAL,WE,Combined TRACON& Tower with Radar,33,62,32,0,127,0,20,48,0,68,33,82,80,0,195,64,0,64,259
08/06/2022,FAI,AK,AAL,WE,Combined TRACON& Tower with Radar,33,30,28,0,91,0,31,59,5,95,33,61,87,5,186,139,0,139,325
08/07/2022,FAI,AK,AAL,WE,Combined TRACON& Tower with Radar,36,16,33,0,85,0,27,174,0,201,36,43,207,0,286,168,0,168,454
08/08/2022,FAI,AK,AAL,WE,Combined TRACON& Tower with Radar,34,31,32,2,99,0,49,62,0,111,34,80,94,2,210,72,0,72,282
08/09/2022,FAI,AK,AAL,WE,Combined TRACON& Tower with Radar,35,30,35,8,108,0,49,75,2,126,35,79,110,10,234,142,0,142,376
08/10/2022,FAI,AK,AAL,WE,Combined TRACON& Tower with Radar,36,30,22,3,91,0,86,216,2,304,36,116,238,5,395,170,0,170,565
08/11/2022,FAI,AK,AAL,WE,Combined TRACON& Tower with Radar,38,22,20,3,83,0,65,186,7,258,38,87,206,10,341,166,2,168,509
08/12/2022,FAI,AK,AAL,WE,Combined TRACON& Tower with Radar,37,32,24,3,96,0,77,193,0,270,37,109,217,3,366,134,0,134,500
08/13/2022,FAI,AK,AAL,WE,Combined TRACON& Tower with Radar,33,9,21,3,66,0,42,164,0,206,33,51,185,3,272,194,0,194,466
08/14/2022,FAI,AK,AAL,WE,Combined TRACON& Tower with Radar,37,9,21,5,72,0,23,161,5,189,37,32,182,10,261,178,0,178,439
08/15/2022,FAI,AK,AAL,WE,Combined TRACON& Tower with Radar,40,19,19,5,83,0,55,124,0,179,40,74,143,5,262,61,0,61,323
08/16/2022,FAI,AK,AAL,WE,Combined TRACON& Tower with Radar,34,24,20,4,82,0,58,150,4,212,34,82,170,8,294,120,0,120,414
08/17/2022,FAI,AK,AAL,WE,Combined TRACON& Tower with Radar,38,23,17,19,97,0,61,128,12,201,38,84,145,31,298,186,12,198,496
08/18/2022,FAI,AK,AAL,WE,Combined TRACON& Tower with Radar,44,28,21,7,100,0,57,143,9,209,44,85,164,16,309,156,0,156,465
08/19/2022,FAI,AK,AAL,WE,Combined TRACON& Tower with Radar,38,37,28,16,119,0,53,161,8,222,38,90,189,24,341,110,2,112,453
08/20/2022,FAI,AK,AAL,WE,Combined TRACON& Tower with Radar,33,10,20,6,69,0,46,175,0,221,33,56,195,6,290,200,0,200,490
08/21/2022,FAI,AK,AAL,WE,Combined TRACON& Tower with Radar,35,11,14,2,62,0,28,183,0,211,35,39,197,2,273,164,0,164,437
08/22/2022,FAI,AK,AAL,WE,Combined TRACON& Tower with Radar,39,16,24,6,85,0,56,148,4,208,39,72,172,10,293,88,0,88,381
08/23/2022,FAI,AK,AAL,WE,Combined TRACON& Tower with Radar,39,22,24,10,95,0,51,109,5,165,39,73,133,15,260,126,20,146,406
08/24/2022,FAI,AK,AAL,WE,Combined TRACON& Tower with Radar,36,22,26,15,99,0,57,192,5,254,36,79,218,20,353,135,16,151,504
08/25/2022,FAI,AK,AAL,WE,Combined TRACON& Tower with Radar,40,22,28,12,102,0,50,158,7,215,40,72,186,19,317,180,8,188,505
08/26/2022,FAI,AK,AAL,WE,Combined TRACON& Tower with Radar,35,16,22,3,76,0,54,108,2,164,35,70,130,5,240,76,6,82,322
08/27/2022,FAI,AK,AAL,WE,Combined TRACON& Tower with Radar,33,17,27,2,79,0,34,90,2,126,33,51,117,4,205,92,0,92,297
08/28/2022,FAI,AK,AAL,WE,Combined TRACON& Tower with Radar,36,10,13,0,59,0,31,143,1,175,36,41,156,1,234,110,0,110,344
08/29/2022,FAI,AK,AAL,WE,Combined TRACON& Tower with Radar,34,22,29,5,90,0,50,153,5,208,34,72,182,10,298,56,4,60,358
08/30/2022,FAI,AK,AAL,WE,Combined TRACON& Tower with Radar,38,42,31,26,137,0,47,108,12,167,38,89,139,38,304,76,12,88,392
08/31/2022,FAI,AK,AAL,WE,Combined TRACON& Tower with Radar,40,27,20,5,92,0,78,152,4,234,40,105,172,9,326,90,10,100,426
09/01/2022,FAI,AK,AAL,WE,Combined TRACON& Tower with Radar,40,23,26,10,99,0,64,98,14,176,40,87,124,24,275,50,12,62,337
09/02/2022,FAI,AK,AAL,WE,Combined TRACON& Tower with Radar,40,22,27,3,92,0,48,192,6,246,40,70,219,9,338,91,0,91,429
09/03/2022,FAI,AK,AAL,WE,Combined TRACON& Tower with Radar,32,19,15,2,68,0,36,122,5,163,32,55,137,7,231,134,0,134,365
09/04/2022,FAI,AK,AAL,WE,Combined TRACON& Tower with Radar,34,9,15,4,62,0,25,86,1,112,34,34,101,5,174,64,0,64,238
09/05/2022,FAI,AK,AAL,WE,Combined TRACON& Tower with Radar,36,4,26,5,71,0,18,197,9,224,36,22,223,14,295,142,0,142,437
09/06/2022,FAI,AK,AAL,WE,Combined TRACON& Tower with Radar,30,11,18,11,70,0,62,158,7,227,30,73,176,18,297,132,4,136,433
09/07/2022,FAI,AK,AAL,WE,Combined TRACON& Tower with Radar,28,38,37,10,113,0,42,154,1,197,28,80,191,11,310,92,6,98,408
09/08/2022,FAI,AK,AAL,WE,Combined TRACON& Tower with Radar,31,15,15,13,74,0,85,83,3,171,31,100,98,16,245,66,8,74,319
09/09/2022,FAI,AK,AAL,WE,Combined TRACON& Tower with Radar,25,34,21,14,94,0,53,65,2,120,25,87,86,16,214,8,6,14,228
09/10/2022,FAI,AK,AAL,WE,Combined TRACON& Tower with Radar,25,23,20,1,69,0,35,143,0,178,25,58,163,1,247,92,0,92,339
09/11/2022,FAI,AK,AAL,WE,Combined TRACON& Tower with Radar,26,6,18,1,51,0,39,222,1,262,26,45,240,2,313,156,0,156,469
09/12/2022,FAI,AK,AAL,WE,Combined TRACON& Tower with Radar,25,19,14,11,69,0,57,183,1,241,25,76,197,12,310,92,0,92,402
09/13/2022,FAI,AK,AAL,WE,Combined TRACON& Tower with Radar,31,24,28,17,100,0,66,173,12,251,31,90,201,29,351,144,2,146,497
09/14/2022,FAI,AK,AAL,WE,Combined TRACON& Tower with Radar,24,62,45,9,140,0,15,5,0,20,24,77,50,9,160,14,0,14,174
09/15/2022,FAI,AK,AAL,WE,Combined TRACON& Tower with Radar,26,33,38,7,104,0,49,135,8,192,26,82,173,15,296,100,0,100,396
09/16/2022,FAI,AK,AAL,WE,Combined TRACON& Tower with Radar,30,26,25,0,81,0,37,163,3,203,30,63,188,3,284,162,1,163,447
09/17/2022,FAI,AK,AAL,WE,Combined TRACON& Tower with Radar,28,5,15,2,50,0,34,104,3,141,28,39,119,5,191,93,0,93,284
09/18/2022,FAI,AK,AAL,WE,Combined TRACON& Tower with Radar,24,9,17,4,54,0,24,188,3,215,24,33,205,7,269,125,0,125,394
09/19/2022,FAI,AK,AAL,WE,Combined TRACON& Tower with Radar,28,13,22,6,69,0,69,146,5,220,28,82,168,11,289,60,0,60,349
09/20/2022,FAI,AK,AAL,WE,Combined TRACON& Tower with Radar,28,29,31,17,105,0,41,90,3,134,28,70,121,20,239,148,22,170,409
09/21/2022,FAI,AK,AAL,WE,Combined TRACON& Tower with Radar,25,34,16,5,80,0,61,105,5,171,25,95,121,10,251,90,2,92,343
09/22/2022,FAI,AK,AAL,WE,Combined TRACON& Tower with Radar,25,56,28,4,113,1,21,55,2,79,26,77,83,6,192,21,0,21,213
09/23/2022,FAI,AK,AAL,WE,Combined TRACON& Tower with Radar,32,21,18,10,81,0,61,173,2,236,32,82,191,12,317,108,4,112,429
09/24/2022,FAI,AK,AAL,WE,Combined TRACON& Tower with Radar,24,16,10,1,51,0,32,146,1,179,24,48,156,2,230,90,0,90,320
09/25/2022,FAI,AK,AAL,WE,Combined TRACON& Tower with Radar,24,8,25,2,59,0,29,150,1,180,24,37,175,3,239,112,0,112,351
09/26/2022,FAI,AK,AAL,WE,Combined TRACON& Tower with Radar,27,14,10,4,55,0,72,73,1,146,27,86,83,5,201,104,0,104,305
09/27/2022,FAI,AK,AAL,WE,Combined TRACON& Tower with Radar,31,49,34,5,119,0,36,25,4,65,31,85,59,9,184,0,0,0,184
09/28/2022,FAI,AK,AAL,WE,Combined TRACON& Tower with Radar,25,25,21,0,71,0,63,112,1,176,25,88,133,1,247,102,22,124,371
09/29/2022,FAI,AK,AAL,WE,Combined TRACON& Tower with Radar,27,17,17,5,66,0,44,147,5,196,27,61,164,10,262,220,5,225,487
09/30/2022,FAI,AK,AAL,WE,Combined TRACON& Tower with Radar,27,33,18,1,79,0,48,151,1,200,27,81,169,2,279,228,0,228,507
10/01/2022,FAI,AK,AAL,WE,Combined TRACON& Tower with Radar,25,15,19,17,76,0,32,83,0,115,25,47,102,17,191,80,16,96,287
10/02/2022,FAI,AK,AAL,WE,Combined TRACON& Tower with Radar,21,15,15,0,51,0,13,50,0,63,21,28,65,0,114,114,0,114,228
10/03/2022,FAI,AK,AAL,WE,Combined TRACON& Tower with Radar,26,26,26,9,87,0,44,110,2,156,26,70,136,11,243,122,4,126,369
10/04/2022,FAI,AK,AAL,WE,Combined TRACON& Tower with Radar,26,13,16,11,66,0,44,128,4,176,26,57,144,15,242,104,0,104,346
10/05/2022,FAI,AK,AAL,WE,Combined TRACON& Tower with Radar,20,24,13,6,63,0,56,112,8,176,20,80,125,14,239,146,6,152,391
10/06/2022,FAI,AK,AAL,WE,Combined TRACON& Tower with Radar,22,21,14,14,71,0,50,78,2,130,22,71,92,16,201,162,0,162,363
10/07/2022,FAI,AK,AAL,WE,Combined TRACON& Tower with Radar,27,30,17,0,74,0,32,45,0,77,27,62,62,0,151,110,0,110,261
10/08/2022,FAI,AK,AAL,WE,Combined TRACON& Tower with Radar,19,11,8,0,38,0,25,52,0,77,19,36,60,0,115,222,0,222,337
10/09/2022,FAI,AK,AAL,WE,Combined TRACON& Tower with Radar,23,20,0,0,43,0,1,0,0,1,23,21,0,0,44,6,0,6,50
10/10/2022,FAI,AK,AAL,WE,Combined TRACON& Tower with Radar,22,18,28,0,68,0,41,66,0,107,22,59,94,0,175,35,0,35,210
10/11/2022,FAI,AK,AAL,WE,Combined TRACON& Tower with Radar,26,38,18,11,93,0,49,30,0,79,26,87,48,11,172,42,0,42,214
10/12/2022,FAI,AK,AAL,WE,Combined TRACON& Tower with Radar,23,36,25,20,104,0,31,34,2,67,23,67,59,22,171,66,6,72,243
10/13/2022,FAI,AK,AAL,WE,Combined TRACON& Tower with Radar,26,31,10,7,74,0,39,60,5,104,26,70,70,12,178,82,8,90,268
10/14/2022,FAI,AK,AAL,WE,Combined TRACON& Tower with Radar,22,14,22,5,63,0,63,100,1,164,22,77,122,6,227,118,0,118,345
10/15/2022,FAI,AK,AAL,WE,Combined TRACON& Tower with Radar,23,13,8,2,46,0,24,63,2,89,23,37,71,4,135,92,0,92,227
10/16/2022,FAI,AK,AAL,WE,Combined TRACON& Tower with Radar,25,4,3,0,32,0,4,76,0,80,25,8,79,0,112,176,0,176,288
10/17/2022,FAI,AK,AAL,WE,Combined TRACON& Tower with Radar,26,15,17,11,69,0,46,66,8,120,26,61,83,19,189,118,1,119,308
10/18/2022,FAI,AK,AAL,WE,Combined TRACON& Tower with Radar,23,21,15,8,67,0,42,57,6,105,23,63,72,14,172,108,22,130,302
10/19/2022,FAI,AK,AAL,WE,Combined TRACON& Tower with Radar,22,43,22,2,89,0,5,3,0,8,22,48,25,2,97,2,2,4,101
10/20/2022,FAI,AK,AAL,WE,Combined TRACON& Tower with Radar,27,27,18,14,86,0,40,43,3,86,27,67,61,17,172,122,12,134,306
10/21/2022,FAI,AK,AAL,WE,Combined TRACON& Tower with Radar,25,51,17,0,93,0,5,1,0,6,25,56,18,0,99,0,1,1,100
10/22/2022,FAI,AK,AAL,WE,Combined TRACON& Tower with Radar,26,36,14,1,77,0,3,2,0,5,26,39,16,1,82,0,0,0,82
10/23/2022,FAI,AK,AAL,WE,Combined TRACON& Tower with Radar,24,10,6,3,43,0,1,2,0,3,24,11,8,3,46,0,0,0,46
10/24/2022,FAI,AK,AAL,WE,Combined TRACON& Tower with Radar,26,18,25,1,70,0,54,70,0,124,26,72,95,1,194,111,0,111,305
10/25/2022,FAI,AK,AAL,WE,Combined TRACON& Tower with Radar,24,23,18,5,70,0,53,77,6,136,24,76,95,11,206,80,2,82,288
10/26/2022,FAI,AK,AAL,WE,Combined TRACON& Tower with Radar,21,24,12,7,64,0,62,68,5,135,21,86,80,12,199,103,0,103,302
10/27/2022,FAI,AK,AAL,WE,Combined TRACON& Tower with Radar,24,23,20,13,80,0,43,68,4,115,24,66,88,17,195,64,8,72,267
10/28/2022,FAI,AK,AAL,WE,Combined TRACON& Tower with Radar,28,19,15,2,64,0,52,72,0,124,28,71,87,2,188,98,2,100,288
10/29/2022,FAI,AK,AAL,WE,Combined TRACON& Tower with Radar,20,4,7,0,31,0,24,63,2,89,20,28,70,2,120,100,0,100,220
10/30/2022,FAI,AK,AAL,WE,Combined TRACON& Tower with Radar,24,11,3,1,39,0,14,20,2,36,24,25,23,3,75,62,0,62,137
10/31/2022,FAI,AK,AAL,WE,Combined TRACON& Tower with Radar,20,13,11,2,46,0,49,25,2,76,20,62,36,4,122,114,0,114,236
11/01/2022,FAI,AK,AAL,WE,Combined TRACON& Tower with Radar,23,22,17,9,71,0,39,17,4,60,23,61,34,13,131,12,0,12,143
11/02/2022,FAI,AK,AAL,WE,Combined TRACON& Tower with Radar,30,32,16,2,80,0,51,33,0,84,30,83,49,2,164,54,4,58,222
11/03/2022,FAI,AK,AAL,WE,Combined TRACON& Tower with Radar,25,41,30,8,104,0,17,3,0,20,25,58,33,8,124,0,0,0,124
11/04/2022,FAI,AK,AAL,WE,Combined TRACON& Tower with Radar,25,35,19,2,81,0,30,16,0,46,25,65,35,2,127,0,0,0,127
11/05/2022,FAI,AK,AAL,WE,Combined TRACON& Tower with Radar,21,6,7,1,35,0,35,56,0,91,21,41,63,1,126,134,0,134,260
11/06/2022,FAI,AK,AAL,WE,Combined TRACON& Tower with Radar,24,6,4,4,38,0,10,48,0,58,24,16,52,4,96,112,3,115,211
11/07/2022,FAI,AK,AAL,WE,Combined TRACON& Tower with Radar,22,12,11,3,48,0,54,37,0,91,22,66,48,3,139,54,0,54,193
11/08/2022,FAI,AK,AAL,WE,Combined TRACON& Tower with Radar,25,32,10,4,71,0,43,26,2,71,25,75,36,6,142,44,4,48,190
11/09/2022,FAI,AK,AAL,WE,Combined TRACON& Tower with Radar,22,31,12,5,70,0,33,27,6,66,22,64,39,11,136,67,1,68,204
11/10/2022,FAI,AK,AAL,WE,Combined TRACON& Tower with Radar,24,35,17,5,81,0,15,2,0,17,24,50,19,5,98,0,0,0,98
11/11/2022,FAI,AK,AAL,WE,Combined TRACON& Tower with Radar,26,12,15,2,55,0,44,59,0,103,26,56,74,2,158,41,0,41,199
11/12/2022,FAI,AK,AAL,WE,Combined TRACON& Tower with Radar,21,10,6,0,37,0,25,65,0,90,21,35,71,0,127,156,0,156,283
11/13/2022,FAI,AK,AAL,WE,Combined TRACON& Tower with Radar,25,15,5,0,45,0,8,54,1,63,25,23,59,1,108,118,0,118,226
11/14/2022,FAI,AK,AAL,WE,Combined TRACON& Tower with Radar,23,41,21,2,87,0,12,0,0,12,23,53,21,2,99,0,0,0,99
11/15/2022,FAI,AK,AAL,WE,Combined TRACON& Tower with Radar,24,44,24,15,107,0,30,32,0,62,24,74,56,15,169,30,4,34,203
11/16/2022,FAI,AK,AAL,WE,Combined TRACON& Tower with Radar,25,26,13,6,70,0,64,60,0,124,25,90,73,6,194,56,2,58,252
11/17/2022,FAI,AK,AAL,WE,Combined TRACON& Tower with Radar,26,23,17,12,78,0,56,55,8,119,26,79,72,20,197,94,2,96,293
11/18/2022,FAI,AK,AAL,WE,Combined TRACON& Tower with Radar,25,20,11,2,58,0,49,63,0,112,25,69,74,2,170,28,1,29,199
11/19/2022,FAI,AK,AAL,WE,Combined TRACON& Tower with Radar,28,10,4,0,42,0,22,82,0,104,28,32,86,0,146,128,0,128,274
11/20/2022,FAI,AK,AAL,WE,Combined TRACON& Tower with Radar,27,10,10,0,47,0,19,63,0,82,27,29,73,0,129,132,0,132,261
11/21/2022,FAI,AK,AAL,WE,Combined TRACON& Tower with Radar,28,15,15,12,70,0,45,32,0,77,28,60,47,12,147,26,24,50,197
11/22/2022,FAI,AK,AAL,WE,Combined TRACON& Tower with Radar,30,28,21,18,97,0,47,27,12,86,30,75,48,30,183,12,4,16,199
11/23/2022,FAI,AK,AAL,WE,Combined TRACON& Tower with Radar,30,58,20,0,108,0,7,0,0,7,30,65,20,0,115,0,0,0,115
11/24/2022,FAI,AK,AAL,WE,Combined TRACON& Tower with Radar,18,12,3,0,33,0,0,0,0,0,18,12,3,0,33,0,0,0,33
11/25/2022,FAI,AK,AAL,WE,Combined TRACON& Tower with Radar,25,46,19,0,90,1,12,8,0,21,26,58,27,0,111,4,0,4,115
11/26/2022,FAI,AK,AAL,WE,Combined TRACON& Tower with Radar,28,23,13,0,64,0,12,4,0,16,28,35,17,0,80,23,0,23,103
11/27/2022,FAI,AK,AAL,WE,Combined TRACON& Tower with Radar,29,6,10,0,45,0,5,12,0,17,29,11,22,0,62,32,0,32,94
11/28/2022,FAI,AK,AAL,WE,Combined TRACON& Tower with Radar,28,15,15,16,74,0,56,68,3,127,28,71,83,19,201,56,2,58,259
11/29/2022,FAI,AK,AAL,WE,Combined TRACON& Tower with Radar,26,25,11,9,71,0,75,47,14,136,26,100,58,23,207,20,8,28,235
11/30/2022,FAI,AK,AAL,WE,Combined TRACON& Tower with Radar,21,28,15,2,66,0,23,23,0,46,21,51,38,2,112,2,2,4,116
12/01/2022,FAI,AK,AAL,WE,Combined TRACON& Tower with Radar,24,24,28,4,80,0,53,30,6,89,24,77,58,10,169,40,0,40,209
12/02/2022,FAI,AK,AAL,WE,Combined TRACON& Tower with Radar,24,28,7,8,67,0,7,6,0,13,24,35,13,8,80,0,0,0,80
12/03/2022,FAI,AK,AAL,WE,Combined TRACON& Tower with Radar,22,20,15,0,57,0,14,10,0,24,22,34,25,0,81,12,0,12,93
12/04/2022,FAI,AK,AAL,WE,Combined TRACON& Tower with Radar,24,9,13,2,48,0,45,52,0,97,24,54,65,2,145,114,0,114,259
12/05/2022,FAI,AK,AAL,WE,Combined TRACON& Tower with Radar,26,40,17,8,91,0,31,21,3,55,26,71,38,11,146,36,2,38,184
12/06/2022,FAI,AK,AAL,WE,Combined TRACON& Tower with Radar,25,42,25,9,101,0,29,17,0,46,25,71,42,9,147,30,0,30,177
12/07/2022,FAI,AK,AAL,WE,Combined TRACON& Tower with Radar,27,42,27,1,97,0,25,2,1,28,27,67,29,2,125,14,4,18,143
12/08/2022,FAI,AK,AAL,WE,Combined TRACON& Tower with Radar,29,49,32,6,116,0,15,2,2,19,29,64,34,8,135,28,2,30,165
12/09/2022,FAI,AK,AAL,WE,Combined TRACON& Tower with Radar,25,42,19,2,88,0,24,22,2,48,25,66,41,4,136,170,0,170,306
12/10/2022,FAI,AK,AAL,WE,Combined TRACON& Tower with Radar,25,6,7,0,38,0,27,25,0,52,25,33,32,0,90,0,0,0,90
12/11/2022,FAI,AK,AAL,WE,Combined TRACON& Tower with Radar,20,11,2,0,33,0,15,24,0,39,20,26,26,0,72,70,0,70,142
12/12/2022,FAI,AK,AAL,WE,Combined TRACON& Tower with Radar,26,35,28,0,89,0,13,4,0,17,26,48,32,0,106,2,0,2,108
12/13/2022,FAI,AK,AAL,WE,Combined TRACON& Tower with Radar,30,26,20,5,81,0,56,37,4,97,30,82,57,9,178,6,10,16,194
12/14/2022,FAI,AK,AAL,WE,Combined TRACON& Tower with Radar,22,26,19,2,69,0,52,47,43,142,22,78,66,45,211,1,0,1,212
12/15/2022,FAI,AK,AAL,WE,Combined TRACON& Tower with Radar,26,43,39,4,112,0,30,8,0,38,26,73,47,4,150,0,0,0,150
12/16/2022,FAI,AK,AAL,WE,Combined TRACON& Tower with Radar,33,18,14,0,65,0,52,42,0,94,33,70,56,0,159,2,12,14,173
12/17/2022,FAI,AK,AAL,WE,Combined TRACON& Tower with Radar,28,7,10,0,45,0,30,19,0,49,28,37,29,0,94,2,0,2,96
12/18/2022,FAI,AK,AAL,WE,Combined TRACON& Tower with Radar,30,10,4,0,44,0,24,2,0,26,30,34,6,0,70,0,0,0,70
12/19/2022,FAI,AK,AAL,WE,Combined TRACON& Tower with Radar,30,9,12,6,57,0,51,26,0,77,30,60,38,6,134,6,1,7,141
12/20/2022,FAI,AK,AAL,WE,Combined TRACON& Tower with Radar,24,35,13,4,76,0,35,12,0,47,24,70,25,4,123,0,0,0,123
12/21/2022,FAI,AK,AAL,WE,Combined TRACON& Tower with Radar,34,20,8,8,70,0,57,21,0,78,34,77,29,8,148,0,0,0,148
12/22/2022,FAI,AK,AAL,WE,Combined TRACON& Tower with Radar,30,18,11,7,66,0,46,23,1,70,30,64,34,8,136,6,7,13,149
12/23/2022,FAI,AK,AAL,WE,Combined TRACON& Tower with Radar,29,6,14,0,49,0,48,23,0,71,29,54,37,0,120,14,0,14,134
12/24/2022,FAI,AK,AAL,WE,Combined TRACON& Tower with Radar,21,9,3,0,33,0,5,5,0,10,21,14,8,0,43,0,0,0,43
12/25/2022,FAI,AK,AAL,WE,Combined TRACON& Tower with Radar,26,6,1,0,33,0,2,4,0,6,26,8,5,0,39,8,0,8,47
12/26/2022,FAI,AK,AAL,WE,Combined TRACON& Tower with Radar,26,15,6,0,47,0,36,18,1,55,26,51,24,1,102,24,0,24,126
12/27/2022,FAI,AK,AAL,WE,Combined TRACON& Tower with Radar,25,39,12,6,82,0,27,33,0,60,25,66,45,6,142,36,0,36,178
12/28/2022,FAI,AK,AAL,WE,Combined TRACON& Tower with Radar,30,29,12,3,74,0,45,40,4,89,30,74,52,7,163,24,2,26,189
12/29/2022,FAI,AK,AAL,WE,Combined TRACON& Tower with Radar,30,24,13,0,67,0,47,61,8,116,30,71,74,8,183,98,4,102,285
12/30/2022,FAI,AK,AAL,WE,Combined TRACON& Tower with Radar,28,19,12,2,61,0,41,59,5,105,28,60,71,7,166,52,0,52,218
12/31/2022,FAI,AK,AAL,WE,Combined TRACON& Tower with Radar,27,8,8,0,43,0,8,32,0,40,27,16,40,0,83,6,0,6,89
01/01/2023,FAI,AK,AAL,WE,Combined TRACON& Tower with Radar,29,10,9,0,48,0,0,32,0,32,29,10,41,0,80,82,0,82,162
01/02/2023,FAI,AK,AAL,WE,Combined TRACON& Tower with Radar,33,14,10,0,57,0,45,50,0,95,33,59,60,0,152,78,0,78,230
01/03/2023,FAI,AK,AAL,WE,Combined TRACON& Tower with Radar,24,20,18,4,66,0,47,39,0,86,24,67,57,4,152,17,0,17,169
01/04/2023,FAI,AK,AAL,WE,Combined TRACON& Tower with Radar,32,28,17,22,99,0,45,38,7,90,32,73,55,29,189,18,52,70,259
01/05/2023,FAI,AK,AAL,WE,Combined TRACON& Tower with Radar,32,21,12,9,74,0,43,55,4,102,32,64,67,13,176,65,6,71,247
01/06/2023,FAI,AK,AAL,WE,Combined TRACON& Tower with Radar,32,20,10,7,69,1,46,30,5,82,33,66,40,12,151,22,0,22,173
01/07/2023,FAI,AK,AAL,WE,Combined TRACON& Tower with Radar,27,22,10,2,61,0,14,18,0,32,27,36,28,2,93,56,2,58,151
01/08/2023,FAI,AK,AAL,WE,Combined TRACON& Tower with Radar,28,20,8,0,56,0,9,11,0,20,28,29,19,0,76,1,0,1,77
01/09/2023,FAI,AK,AAL,WE,Combined TRACON& Tower with Radar,27,18,12,13,70,0,38,27,23,88,27,56,39,36,158,8,22,30,188
01/10/2023,FAI,AK,AAL,WE,Combined TRACON& Tower with Radar,26,18,14,9,67,0,37,46,0,83,26,55,60,9,150,26,0,26,176
01/11/2023,FAI,AK,AAL,WE,Combined TRACON& Tower with Radar,26,19,12,10,67,0,56,41,3,100,26,75,53,13,167,44,6,50,217
01/12/2023,FAI,AK,AAL,WE,Combined TRACON& Tower with Radar,30,22,22,3,77,0,44,48,5,97,30,66,70,8,174,40,2,42,216
01/13/2023,FAI,AK,AAL,WE,Combined TRACON& Tower with Radar,27,18,11,2,58,0,36,46,0,82,27,54,57,2,140,36,0,36,176
01/14/2023,FAI,AK,AAL,WE,Combined TRACON& Tower with Radar,20,7,9,0,36,0,27,54,2,83,20,34,63,2,119,114,0,114,233
01/15/2023,FAI,AK,AAL,WE,Combined TRACON& Tower with Radar,27,4,0,0,31,0,12,36,0,48,27,16,36,0,79,100,0,100,179
01/16/2023,FAI,AK,AAL,WE,Combined TRACON& Tower with Radar,28,13,17,0,58,0,35,54,0,89,28,48,71,0,147,48,0,48,195
01/17/2023,FAI,AK,AAL,WE,Combined TRACON& Tower with Radar,25,19,13,10,67,0,39,37,7,83,25,58,50,17,150,20,0,20,170
01/18/2023,FAI,AK,AAL,WE,Combined TRACON& Tower with Radar,25,29,18,25,97,0,51,38,2,91,25,80,56,27,188,12,8,20,208
01/19/2023,FAI,AK,AAL,WE,Combined TRACON& Tower with Radar,25,21,18,13,77,0,44,34,3,81,25,65,52,16,158,48,12,60,218
01/20/2023,FAI,AK,AAL,WE,Combined TRACON& Tower with Radar,30,16,15,4,65,0,46,63,0,109,30,62,78,4,174,37,0,37,211
01/21/2023,FAI,AK,AAL,WE,Combined TRACON& Tower with Radar,21,18,9,0,48,0,9,3,0,12,21,27,12,0,60,0,0,0,60
01/22/2023,FAI,AK,AAL,WE,Combined TRACON& Tower with Radar,24,20,5,0,49,0,15,14,0,29,24,35,19,0,78,8,0,8,86
01/23/2023,FAI,AK,AAL,WE,Combined TRACON& Tower with Radar,33,39,21,4,97,0,8,1,0,9,33,47,22,4,106,0,0,0,106
01/24/2023,FAI,AK,AAL,WE,Combined TRACON& Tower with Radar,22,32,25,8,87,0,30,16,5,51,22,62,41,13,138,14,0,14,152
01/25/2023,FAI,AK,AAL,WE,Combined TRACON& Tower with Radar,28,28,12,8,76,0,28,32,4,64,28,56,44,12,140,47,8,55,195
01/26/2023,FAI,AK,AAL,WE,Combined TRACON& Tower with Radar,28,22,18,14,82,0,41,28,8,77,28,63,46,22,159,60,2,62,221
01/27/2023,FAI,AK,AAL,WE,Combined TRACON& Tower with Radar,29,14,15,0,58,0,41,70,1,112,29,55,85,1,170,78,1,79,249
01/28/2023,FAI,AK,AAL,WE,Combined TRACON& Tower with Radar,21,22,16,2,61,0,7,13,0,20,21,29,29,2,81,46,0,46,127
01/29/2023,FAI,AK,AAL,WE,Combined TRACON& Tower with Radar,24,16,11,0,51,0,2,5,0,7,24,18,16,0,58,21,1,22,80
01/30/2023,FAI,AK,AAL,WE,Combined TRACON& Tower with Radar,32,31,20,0,83,0,11,12,0,23,32,42,32,0,106,4,0,4,110
01/31/2023,FAI,AK,AAL,WE,Combined TRACON& Tower with Radar,24,30,34,1,89,1,30,29,0,60,25,60,63,1,149,64,0,64,213
02/01/2023,FAI,AK,AAL,WE,Combined TRACON& Tower with Radar,26,37,25,4,92,0,31,27,1,59,26,68,52,5,151,34,0,34,185
02/02/2023,FAI,AK,AAL,WE,Combined TRACON& Tower with Radar,28,34,34,12,108,0,20,5,0,25,28,54,39,12,133,1,0,1,134
02/03/2023,FAI,AK,AAL,WE,Combined TRACON& Tower with Radar,32,18,24,4,78,0,45,37,0,82,32,63,61,4,160,6,0,6,166
02/04/2023,FAI,AK,AAL,WE,Combined TRACON& Tower with Radar,21,8,9,0,38,0,19,37,0,56,21,27,46,0,94,24,0,24,118
02/05/2023,FAI,AK,AAL,WE,Combined TRACON& Tower with Radar,23,7,12,0,42,0,12,53,2,67,23,19,65,2,109,56,0,56,165
02/06/2023,FAI,AK,AAL,WE,Combined TRACON& Tower with Radar,27,11,17,7,62,0,49,58,2,109,27,60,75,9,171,40,14,54,225
02/07/2023,FAI,AK,AAL,WE,Combined TRACON& Tower with Radar,23,23,18,3,67,0,38,44,2,84,23,61,62,5,151,28,5,33,184
02/08/2023,FAI,AK,AAL,WE,Combined TRACON& Tower with Radar,26,44,32,6,108,0,18,8,0,26,26,62,40,6,134,20,2,22,156
02/09/2023,FAI,AK,AAL,WE,Combined TRACON& Tower with Radar,26,22,20,8,76,0,56,54,4,114,26,78,74,12,190,50,5,55,245
02/10/2023,FAI,AK,AAL,WE,Combined TRACON& Tower with Radar,29,23,13,2,67,0,32,47,0,79,29,55,60,2,146,66,0,66,212
02/11/2023,FAI,AK,AAL,WE,Combined TRACON& Tower with Radar,21,9,17,0,47,0,18,52,0,70,21,27,69,0,117,68,0,68,185
02/12/2023,FAI,AK,AAL,WE,Combined TRACON& Tower with Radar,24,11,4,0,39,0,10,9,0,19,24,21,13,0,58,18,0,18,76
02/13/2023,FAI,AK,AAL,WE,Combined TRACON& Tower with Radar,26,15,19,4,64,0,38,30,0,68,26,53,49,4,132,62,2,64,196
02/14/2023,FAI,AK,AAL,WE,Combined TRACON& Tower with Radar,26,20,16,9,71,0,46,65,9,120,26,66,81,18,191,104,0,104,295
02/15/2023,FAI,AK,AAL,WE,Combined TRACON& Tower with Radar,29,19,20,4,72,0,59,37,2,98,29,78,57,6,170,20,1,21,191
02/16/2023,FAI,AK,AAL,WE,Combined TRACON& Tower with Radar,27,29,27,5,88,0,37,32,1,70,27,66,59,6,158,23,2,25,183
02/17/2023,FAI,AK,AAL,WE,Combined TRACON& Tower with Radar,30,21,17,2,70,0,49,60,0,109,30,70,77,2,179,102,0,102,281
02/18/2023,FAI,AK,AAL,WE,Combined TRACON& Tower with Radar,22,7,13,4,46,0,33,73,0,106,22,40,86,4,152,120,0,120,272
02/19/2023,FAI,AK,AAL,WE,Combined TRACON& Tower with Radar,24,21,9,0,54,0,8,1,0,9,24,29,10,0,63,0,0,0,63
02/20/2023,FAI,AK,AAL,WE,Combined TRACON& Tower with Radar,32,33,23,2,90,0,19,3,0,22,32,52,26,2,112,2,0,2,114
02/21/2023,FAI,AK,AAL,WE,Combined TRACON& Tower with Radar,27,21,25,5,78,0,50,28,0,78,27,71,53,5,156,76,0,76,232
02/22/2023,FAI,AK,AAL,WE,Combined TRACON& Tower with Radar,25,23,21,1,70,0,46,35,3,84,25,69,56,4,154,76,4,80,234
02/23/2023,FAI,AK,AAL,WE,Combined TRACON& Tower with Radar,25,21,13,0,59,0,0,0,0,0,25,21,13,0,59,0,0,0,59
02/24/2023,FAI,AK,AAL,WE,Combined TRACON& Tower with Radar,32,35,28,2,97,0,42,13,0,55,32,77,41,2,152,44,0,44,196
02/25/2023,FAI,AK,AAL,WE,Combined TRACON& Tower with Radar,24,14,14,0,52,0,19,15,0,34,24,33,29,0,86,80,0,80,166
02/26/2023,FAI,AK,AAL,WE,Combined TRACON& Tower with Radar,25,10,6,0,41,0,11,40,0,51,25,21,46,0,92,96,0,96,188
02/27/2023,FAI,AK,AAL,WE,Combined TRACON& Tower with Radar,28,10,20,0,58,0,55,51,2,108,28,65,71,2,166,15,0,15,181
02/28/2023,FAI,AK,AAL,WE,Combined TRACON& Tower with Radar,23,28,27,8,86,0,31,14,4,49,23,59,41,12,135,28,2,30,165
03/01/2023,FAI,AK,AAL,WE,Combined TRACON& Tower with Radar,30,25,21,6,82,0,64,45,3,112,30,89,66,9,194,52,1,53,247
03/02/2023,FAI,AK,AAL,WE,Combined TRACON& Tower with Radar,27,30,25,4,86,0,26,9,0,35,27,56,34,4,121,0,0,0,121
03/03/2023,FAI,AK,AAL,WE,Combined TRACON& Tower with Radar,30,19,17,0,66,0,54,55,2,111,30,73,72,2,177,38,0,38,215
03/04/2023,FAI,AK,AAL,WE,Combined TRACON& Tower with Radar,22,9,11,0,42,0,28,52,0,80,22,37,63,0,122,52,0,52,174
03/05/2023,FAI,AK,AAL,WE,Combined TRACON& Tower with Radar,27,16,3,0,46,0,22,63,0,85,27,38,66,0,131,94,0,94,225
03/06/2023,FAI,AK,AAL,WE,Combined TRACON& Tower with Radar,28,13,19,6,66,0,56,60,4,120,28,69,79,10,186,90,0,90,276
03/07/2023,FAI,AK,AAL,WE,Combined TRACON& Tower with Radar,32,14,15,16,77,0,58,118,5,181,32,72,133,21,258,120,8,128,386
03/08/2023,FAI,AK,AAL,WE,Combined TRACON& Tower with Radar,31,49,17,6,103,0,25,47,0,72,31,74,64,6,175,42,0,42,217
03/09/2023,FAI,AK,AAL,WE,Combined TRACON& Tower with Radar,28,52,26,10,116,0,17,7,0,24,28,69,33,10,140,0,0,0,140
03/10/2023,FAI,AK,AAL,WE,Combined TRACON& Tower with Radar,29,23,21,4,77,0,53,92,4,149,29,76,113,8,226,77,1,78,304
03/11/2023,FAI,AK,AAL,WE,Combined TRACON& Tower with Radar,22,11,10,0,43,0,30,94,2,126,22,41,104,2,169,179,0,179,348
03/12/2023,FAI,AK,AAL,WE,Combined TRACON& Tower with Radar,24,12,14,0,50,0,11,5,0,16,24,23,19,0,66,22,0,22,88
03/13/2023,FAI,AK,AAL,WE,Combined TRACON& Tower with Radar,30,7,14,8,59,0,56,84,2,142,30,63,98,10,201,100,4,104,305
03/14/2023,FAI,AK,AAL,WE,Combined TRACON& Tower with Radar,25,13,16,3,57,0,48,66,0,114,25,61,82,3,171,48,0,48,219
03/15/2023,FAI,AK,AAL,WE,Combined TRACON& Tower with Radar,28,15,16,25,84,0,48,68,3,119,28,63,84,28,203,80,8,88,291
03/16/2023,FAI,AK,AAL,WE,Combined TRACON& Tower with Radar,28,13,12,6,59,1,44,80,2,127,29,57,92,8,186,99,0,99,285
03/17/2023,FAI,AK,AAL,WE,Combined TRACON& Tower with Radar,26,13,13,1,53,1,48,90,0,139,27,61,103,1,192,96,2,98,290
03/18/2023,FAI,AK,AAL,WE,Combined TRACON& Tower with Radar,23,3,14,0,40,0,24,91,1,116,23,27,105,1,156,139,0,139,295
03/19/2023,FAI,AK,AAL,WE,Combined TRACON& Tower with Radar,26,5,10,0,41,0,14,84,0,98,26,19,94,0,139,226,0,226,365
03/20/2023,FAI,AK,AAL,WE,Combined TRACON& Tower with Radar,27,6,21,7,61,0,65,101,1,167,27,71,122,8,228,78,0,78,306
03/21/2023,FAI,AK,AAL,WE,Combined TRACON& Tower with Radar,27,16,15,14,72,0,58,72,0,130,27,74,87,14,202,72,10,82,284
03/22/2023,FAI,AK,AAL,WE,Combined TRACON& Tower with Radar,29,27,25,14,95,0,68,78,5,151,29,95,103,19,246,91,0,91,337
03/23/2023,FAI,AK,AAL,WE,Combined TRACON& Tower with Radar,24,26,17,12,79,0,49,59,3,111,24,75,76,15,190,48,20,68,258
03/24/2023,FAI,AK,AAL,WE,Combined TRACON& Tower with Radar,24,40,25,2,91,0,43,13,0,56,24,83,38,2,147,24,0,24,171
03/25/2023,FAI,AK,AAL,WE,Combined TRACON& Tower with Radar,22,3,13,6,44,0,26,99,3,128,22,29,112,9,172,169,2,171,343
03/26/2023,FAI,AK,AAL,WE,Combined TRACON& Tower with Radar,24,3,3,1,31,0,10,57,4,71,24,13,60,5,102,88,0,88,190
03/27/2023,FAI,AK,AAL,WE,Combined TRACON& Tower with Radar,24,24,20,5,73,0,19,21,1,41,24,43,41,6,114,38,0,38,152
03/28/2023,FAI,AK,AAL,WE,Combined TRACON& Tower with Radar,26,14,17,9,66,0,53,52,0,105,26,67,69,9,171,15,3,18,189
03/29/2023,FAI,AK,AAL,WE,Combined TRACON& Tower with Radar,22,20,15,7,64,0,58,100,0,158,22,78,115,7,222,63,0,63,285
03/30/2023,FAI,AK,AAL,WE,Combined TRACON& Tower with Radar,29,18,19,23,89,0,54,93,7,154,29,72,112,30,243,78,16,94,337
03/31/2023,FAI,AK,AAL,WE,Combined TRACON& Tower with Radar,25,28,25,4,82,0,46,51,0,97,25,74,76,4,179,150,0,150,329
04/01/2023,FAI,AK,AAL,WE,Combined TRACON& Tower with Radar,21,5,13,0,39,0,20,70,0,90,21,25,83,0,129,118,0,118,247
04/02/2023,FAI,AK,AAL,WE,Combined TRACON& Tower with Radar,24,14,5,0,43,0,14,6,0,20,24,28,11,0,63,0,0,0,63
04/03/2023,FAI,AK,AAL,WE,Combined TRACON& Tower with Radar,25,13,13,1,52,0,53,89,0,142,25,66,102,1,194,67,0,67,261
04/04/2023,FAI,AK,AAL,WE,Combined TRACON& Tower with Radar,29,33,19,12,93,0,28,32,0,60,29,61,51,12,153,18,2,20,173
04/05/2023,FAI,AK,AAL,WE,Combined TRACON& Tower with Radar,27,51,17,9,104,0,21,20,0,41,27,72,37,9,145,12,2,14,159
04/06/2023,FAI,AK,AAL,WE,Combined TRACON& Tower with Radar,26,28,17,6,77,0,45,44,0,89,26,73,61,6,166,20,0,20,186
04/07/2023,FAI,AK,AAL,WE,Combined TRACON& Tower with Radar,25,18,18,3,64,0,53,128,1,182,25,71,146,4,246,110,0,110,356
04/08/2023,FAI,AK,AAL,WE,Combined TRACON& Tower with Radar,25,11,8,1,45,0,20,53,0,73,25,31,61,1,118,121,0,121,239
04/09/2023,FAI,AK,AAL,WE,Combined TRACON& Tower with Radar,27,5,2,1,35,0,1,16,0,17,27,6,18,1,52,60,0,60,112
04/10/2023,FAI,AK,AAL,WE,Combined TRACON& Tower with Radar,24,13,19,4,60,0,44,75,0,119,24,57,94,4,179,69,2,71,250
04/11/2023,FAI,AK,AAL,WE,Combined TRACON& Tower with Radar,26,30,29,4,89,0,30,39,0,69,26,60,68,4,158,56,0,56,214
04/12/2023,FAI,AK,AAL,WE,Combined TRACON& Tower with Radar,23,65,29,0,117,0,9,6,0,15,23,74,35,0,132,0,0,0,132
04/13/2023,FAI,AK,AAL,WE,Combined TRACON& Tower with Radar,22,18,24,13,77,0,46,73,9,128,22,64,97,22,205,80,4,84,289
04/14/2023,FAI,AK,AAL,WE,Combined TRACON& Tower with Radar,19,15,13,1,48,0,53,97,1,151,19,68,110,2,199,124,0,124,323
04/15/2023,FAI,AK,AAL,WE,Combined TRACON& Tower with Radar,21,12,23,1,57,0,21,134,1,156,21,33,157,2,213,210,0,210,423
04/16/2023,FAI,AK,AAL,WE,Combined TRACON& Tower with Radar,24,9,5,0,38,0,2,47,0,49,24,11,52,0,87,117,0,117,204
04/17/2023,FAI,AK,AAL,WE,Combined TRACON& Tower with Radar,25,30,18,4,77,0,40,34,0,74,25,70,52,4,151,85,4,89,240
04/18/2023,FAI,AK,AAL,WE,Combined TRACON& Tower with Radar,26,16,21,16,79,0,34,55,3,92,26,50,76,19,171,32,20,52,223
04/19/2023,FAI,AK,AAL,WE,Combined TRACON& Tower with Radar,22,22,27,8,79,0,51,121,14,186,22,73,148,22,265,138,0,138,403
04/20/2023,FAI,AK,AAL,WE,Combined TRACON& Tower with Radar,25,14,15,7,61,0,35,116,2,153,25,49,131,9,214,138,0,138,352
04/21/2023,FAI,AK,AAL,WE,Combined TRACON& Tower with Radar,25,22,17,2,66,0,40,79,4,123,25,62,96,6,189,84,0,84,273
04/22/2023,FAI,AK,AAL,WE,Combined TRACON& Tower with Radar,20,12,5,0,37,0,22,9,0,31,20,34,14,0,68,30,0,30,98
04/23/2023,FAI,AK,AAL,WE,Combined TRACON& Tower with Radar,24,8,5,0,37,0,14,3,0,17,24,22,8,0,54,8,0,8,62
04/24/2023,FAI,AK,AAL,WE,Combined TRACON& Tower with Radar,24,8,6,6,44,0,48,48,4,100,24,56,54,10,144,46,6,52,196
04/25/2023,FAI,AK,AAL,WE,Combined TRACON& Tower with Radar,30,17,12,7,66,0,51,56,3,110,30,68,68,10,176,43,2,45,221
04/26/2023,FAI,AK,AAL,WE,Combined TRACON& Tower with Radar,23,20,11,8,62,0,50,79,8,137,23,70,90,16,199,104,0,104,303
04/27/2023,FAI,AK,AAL,WE,Combined TRACON& Tower with Radar,27,25,16,17,85,0,68,95,16,179,27,93,111,33,264,94,4,98,362
04/28/2023,FAI,AK,AAL,WE,Combined TRACON& Tower with Radar,27,17,23,1,68,0,54,82,2,138,27,71,105,3,206,58,2,60,266
04/29/2023,FAI,AK,AAL,WE,Combined TRACON& Tower with Radar,20,13,12,0,45,0,20,70,0,90,20,33,82,0,135,114,0,114,249
04/30/2023,FAI,AK,AAL,WE,Combined TRACON& Tower with Radar,25,10,19,2,56,0,8,24,0,32,25,18,43,2,88,66,0,66,154
05/01/2023,FAI,AK,AAL,WE,Combined TRACON& Tower with Radar,25,10,13,10,58,0,58,66,1,125,25,68,79,11,183,20,0,20,203
05/02/2023,FAI,AK,AAL,WE,Combined TRACON& Tower with Radar,29,13,12,9,63,0,51,64,0,115,29,64,76,9,178,82,4,86,264
05/03/2023,FAI,AK,AAL,WE,Combined TRACON& Tower with Radar,26,28,9,16,79,0,60,79,1,140,26,88,88,17,219,106,0,106,325
05/04/2023,FAI,AK,AAL,WE,Combined TRACON& Tower with Radar,26,19,19,10,74,0,47,89,4,140,26,66,108,14,214,50,0,50,264
05/05/2023,FAI,AK,AAL,WE,Combined TRACON& Tower with Radar,23,18,27,8,76,0,63,87,4,154,23,81,114,12,230,56,0,56,286
05/06/2023,FAI,AK,AAL,WE,Combined TRACON& Tower with Radar,26,6,9,7,48,0,24,61,8,93,26,30,70,15,141,204,8,212,353
05/07/2023,FAI,AK,AAL,WE,Combined TRACON& Tower with Radar,25,6,9,0,40,0,4,70,0,74,25,10,79,0,114,148,0,148,262
05/08/2023,FAI,AK,AAL,WE,Combined TRACON& Tower with Radar,29,8,21,15,73,0,54,59,11,124,29,62,80,26,197,104,12,116,313
05/09/2023,FAI,AK,AAL,WE,Combined TRACON& Tower with Radar,27,14,18,6,65,0,55,90,0,145,27,69,108,6,210,212,0,212,422
05/10/2023,FAI,AK,AAL,WE,Combined TRACON& Tower with Radar,27,24,18,8,77,0,77,93,7,177,27,101,111,15,254,142,10,152,406
05/11/2023,FAI,AK,AAL,WE,Combined TRACON& Tower with Radar,27,16,18,5,66,0,45,100,5,150,27,61,118,10,216,241,2,243,459
05/12/2023,FAI,AK,AAL,WE,Combined TRACON& Tower with Radar,32,19,22,6,79,1,64,111,6,182,33,83,133,12,261,233,0,233,494
05/13/2023,FAI,AK,AAL,WE,Combined TRACON& Tower with Radar,24,13,7,12,56,0,30,107,1,138,24,43,114,13,194,170,0,170,364
05/14/2023,FAI,AK,AAL,WE,Combined TRACON& Tower with Radar,25,5,3,1,34,0,10,83,4,97,25,15,86,5,131,117,0,117,248
05/15/2023,FAI,AK,AAL,WE,Combined TRACON& Tower with Radar,24,12,19,6,61,0,47,60,16,123,24,59,79,22,184,72,10,82,266
05/16/2023,FAI,AK,AAL,WE,Combined TRACON& Tower with Radar,31,6,19,9,65,0,52,89,1,142,31,58,108,10,207,109,2,111,318
05/17/2023,FAI,AK,AAL,WE,Combined TRACON& Tower with Radar,33,20,32,7,92,0,57,136,7,200,33,77,168,14,292,214,0,214,506
05/18/2023,FAI,AK,AAL,WE,Combined TRACON& Tower with Radar,29,14,21,8,72,0,56,87,12,155,29,70,108,20,227,92,0,92,319
05/19/2023,FAI,AK,AAL,WE,Combined TRACON& Tower with Radar,25,10,22,3,60,0,61,143,6,210,25,71,165,9,270,188,1,189,459
05/20/2023,FAI,AK,AAL,WE,Combined TRACON& Tower with Radar,30,2,15,3,50,0,55,123,4,182,30,57,138,7,232,126,2,128,360
05/21/2023,FAI,AK,AAL,WE,Combined TRACON& Tower with Radar,32,5,14,3,54,0,6,117,5,128,32,11,131,8,182,182,0,182,364
05/22/2023,FAI,AK,AAL,WE,Combined TRACON& Tower with Radar,31,12,16,2,61,0,50,127,10,187,31,62,143,12,248,162,0,162,410
05/23/2023,FAI,AK,AAL,WE,Combined TRACON& Tower with Radar,33,23,26,6,88,0,39,129,4,172,33,62,155,10,260,167,0,167,427
05/24/2023,FAI,AK,AAL,WE,Combined TRACON& Tower with Radar,33,26,14,18,91,0,62,128,3,193,33,88,142,21,284,277,0,277,561
05/25/2023,FAI,AK,AAL,WE,Combined TRACON& Tower with Radar,38,15,12,26,91,1,63,112,9,185,39,78,124,35,276,149,12,161,437
05/26/2023,FAI,AK,AAL,WE,Combined TRACON& Tower with Radar,33,27,28,7,95,0,46,68,2,116,33,73,96,9,211,44,0,44,255
05/27/2023,FAI,AK,AAL,WE,Combined TRACON& Tower with Radar,32,9,13,6,60,0,29,134,0,163,32,38,147,6,223,215,0,215,438
05/28/2023,FAI,AK,AAL,WE,Combined TRACON& Tower with Radar,33,8,6,0,47,0,18,75,2,95,33,26,81,2,142,152,0,152,294
05/29/2023,FAI,AK,AAL,WE,Combined TRACON& Tower with Radar,36,12,37,0,85,0,2,16,0,18,36,14,53,0,103,4,0,4,107
05/30/2023,FAI,AK,AAL,WE,Combined TRACON& Tower with Radar,34,51,30,14,129,0,16,10,0,26,34,67,40,14,155,22,0,22,177
05/31/2023,FAI,AK,AAL,WE,Combined TRACON& Tower with Radar,36,17,17,5,75,1,53,58,14,126,37,70,75,19,201,14,0,14,215
06/01/2023,FAI,AK,AAL,WE,Combined TRACON& Tower with Radar,37,23,27,12,99,0,49,73,1,123,37,72,100,13,222,52,0,52,274
06/02/2023,FAI,AK,AAL,WE,Combined TRACON& Tower with Radar,33,57,28,7,125,0,28,51,3,82,33,85,79,10,207,63,3,66,273
06/03/2023,FAI,AK,AAL,WE,Combined TRACON& Tower with Radar,31,13,13,0,57,0,34,159,2,195,31,47,172,2,252,208,0,208,460
06/04/2023,FAI,AK,AAL,WE,Combined TRACON& Tower with Radar,36,14,17,1,68,0,16,122,0,138,36,30,139,1,206,178,0,178,384
06/05/2023,FAI,AK,AAL,WE,Combined TRACON& Tower with Radar,37,11,19,9,76,0,79,164,4,247,37,90,183,13,323,0,88,88,411
06/06/2023,FAI,AK,AAL,WE,Combined TRACON& Tower with Radar,41,20,17,9,87,1,74,189,7,271,42,94,206,16,358,162,4,166,524
06/07/2023,FAI,AK,AAL,WE,Combined TRACON& Tower with Radar,39,16,18,7,80,0,85,158,4,247,39,101,176,11,327,114,0,114,441
06/08/2023,FAI,AK,AAL,WE,Combined TRACON& Tower with Radar,38,30,16,8,92,0,62,151,2,215,38,92,167,10,307,214,0,214,521
06/09/2023,FAI,AK,AAL,WE,Combined TRACON& Tower with Radar,38,26,20,3,87,0,77,134,0,211,38,103,154,3,298,102,0,102,400
06/10/2023,FAI,AK,AAL,WE,Combined TRACON& Tower with Radar,32,13,12,3,60,0,44,159,0,203,32,57,171,3,263,215,1,216,479
06/11/2023,FAI,AK,AAL,WE,Combined TRACON& Tower with Radar,36,20,5,2,63,0,30,89,0,119,36,50,94,2,182,104,0,104,286
06/12/2023,FAI,AK,AAL,WE,Combined TRACON& Tower with Radar,36,13,19,4,72,8,69,134,2,213,44,82,153,6,285,70,0,70,355
06/13/2023,FAI,AK,AAL,WE,Combined TRACON& Tower with Radar,40,19,36,7,102,0,57,133,13,203,40,76,169,20,305,91,0,91,396
06/14/2023,FAI,AK,AAL,WE,Combined TRACON& Tower with Radar,38,30,32,3,103,0,55,118,6,179,38,85,150,9,282,200,1,201,483
06/15/2023,FAI,AK,AAL,WE,Combined TRACON& Tower with Radar,40,21,31,4,96,0,75,177,2,254,40,96,208,6,350,162,0,162,512
06/16/2023,FAI,AK,AAL,WE,Combined TRACON& Tower with Radar,39,19,17,3,78,0,70,157,0,227,39,89,174,3,305,229,0,229,534
06/17/2023,FAI,AK,AAL,WE,Combined TRACON& Tower with Radar,31,5,23,0,59,0,32,125,1,158,31,37,148,1,217,74,0,74,291
06/18/2023,FAI,AK,AAL,WE,Combined TRACON& Tower with Radar,36,7,5,0,48,0,29,105,0,134,36,36,110,0,182,120,0,120,302
06/19/2023,FAI,AK,AAL,WE,Combined TRACON& Tower with Radar,40,14,23,2,79,0,58,140,4,202,40,72,163,6,281,84,0,84,365
06/20/2023,FAI,AK,AAL,WE,Combined TRACON& Tower with Radar,41,41,39,4,125,2,57,79,4,142,43,98,118,8,267,188,20,208,475
06/21/2023,FAI,AK,AAL,WE,Combined TRACON& Tower with Radar,41,38,39,2,120,0,63,123,7,193,41,101,162,9,313,150,0,150,463
06/22/2023,FAI,AK,AAL,WE,Combined TRACON& Tower with Radar,42,31,24,3,100,0,68,101,9,178,42,99,125,12,278,98,2,100,378
06/23/2023,FAI,AK,AAL,WE,Combined TRACON& Tower with Radar,41,27,22,2,92,1,68,184,1,254,42,95,206,3,346,184,4,188,534
06/24/2023,FAI,AK,AAL,WE,Combined TRACON& Tower with Radar,32,0,12,3,47,0,39,128,0,167,32,39,140,3,214,180,0,180,394
06/25/2023,FAI,AK,AAL,WE,Combined TRACON& Tower with Radar,34,11,10,0,55,0,25,112,0,137,34,36,122,0,192,67,0,67,259
06/26/2023,FAI,AK,AAL,WE,Combined TRACON& Tower with Radar,42,18,20,1,81,2,72,151,3,228,44,90,171,4,309,222,0,222,531
06/27/2023,FAI,AK,AAL,WE,Combined TRACON& Tower with Radar,36,15,21,5,77,1,86,126,2,215,37,101,147,7,292,212,0,212,504
06/28/2023,FAI,AK,AAL,WE,Combined TRACON& Tower with Radar,39,25,13,14,91,0,71,163,6,240,39,96,176,20,331,240,2,242,573
06/29/2023,FAI,AK,AAL,WE,Combined TRACON& Tower with Radar,41,60,50,8,159,0,29,41,0,70,41,89,91,8,229,11,2,13,242
06/30/2023,FAI,AK,AAL,WE,Combined TRACON& Tower with Radar,39,31,16,0,86,0,72,149,3,224,39,103,165,3,310,177,0,177,487
07/01/2023,FAI,AK,AAL,WE,Combined TRACON& Tower with Radar,28,11,13,0,52,0,48,158,3,209,28,59,171,3,261,144,0,144,405
07/02/2023,FAI,AK,AAL,WE,Combined TRACON& Tower with Radar,35,12,10,1,58,0,34,135,6,175,35,46,145,7,233,119,0,119,352
07/03/2023,FAI,AK,AAL,WE,Combined TRACON& Tower with Radar,33,18,17,2,70,0,58,132,0,190,33,76,149,2,260,146,0,146,406
07/04/2023,FAI,AK,AAL,WE,Combined TRACON& Tower with Radar,34,17,4,3,58,0,27,88,0,115,34,44,92,3,173,70,0,70,243
07/05/2023,FAI,AK,AAL,WE,Combined TRACON& Tower with Radar,34,22,23,4,83,0,60,172,2,234,34,82,195,6,317,104,0,104,421
07/06/2023,FAI,AK,AAL,WE,Combined TRACON& Tower with Radar,43,21,18,9,91,0,50,114,1,165,43,71,132,10,256,220,0,220,476
07/07/2023,FAI,AK,AAL,WE,Combined TRACON& Tower with Radar,41,23,27,0,91,1,59,74,2,136,42,82,101,2,227,50,0,50,277
07/08/2023,FAI,AK,AAL,WE,Combined TRACON& Tower with Radar,32,13,11,2,58,0,27,113,3,143,32,40,124,5,201,116,0,116,317
07/09/2023,FAI,AK,AAL,WE,Combined TRACON& Tower with Radar,36,6,12,2,56,0,34,165,0,199,36,40,177,2,255,204,0,204,459
07/10/2023,FAI,AK,AAL,WE,Combined TRACON& Tower with Radar,36,13,15,6,70,0,70,137,2,209,36,83,152,8,279,92,2,94,373
07/11/2023,FAI,AK,AAL,WE,Combined TRACON& Tower with Radar,39,23,19,11,92,2,73,118,1,194,41,96,137,12,286,191,4,195,481
07/12/2023,FAI,AK,AAL,WE,Combined TRACON& Tower with Radar,37,40,21,8,106,0,51,103,5,159,37,91,124,13,265,158,2,160,425
07/13/2023,FAI,AK,AAL,WE,Combined TRACON& Tower with Radar,48,17,20,7,92,0,59,159,3,221,48,76,179,10,313,158,1,159,472
07/14/2023,FAI,AK,AAL,WE,Combined TRACON& Tower with Radar,38,27,16,6,87,0,60,104,2,166,38,87,120,8,253,160,0,160,413
07/15/2023,FAI,AK,AAL,WE,Combined TRACON& Tower with Radar,31,14,14,1,60,0,35,47,0,82,31,49,61,1,142,32,0,32,174
07/16/2023,FAI,AK,AAL,WE,Combined TRACON& Tower with Radar,38,16,7,0,61,0,14,117,2,133,38,30,124,2,194,212,0,212,406
07/17/2023,FAI,AK,AAL,WE,Combined TRACON& Tower with Radar,41,21,20,7,89,2,66,129,0,197,43,87,149,7,286,162,0,162,448
07/18/2023,FAI,AK,AAL,WE,Combined TRACON& Tower with Radar,37,32,17,11,97,0,64,131,3,198,37,96,148,14,295,220,0,220,515
07/19/2023,FAI,AK,AAL,WE,Combined TRACON& Tower with Radar,40,38,22,8,108,0,67,133,4,204,40,105,155,12,312,199,2,201,513
07/20/2023,FAI,AK,AAL,WE,Combined TRACON& Tower with Radar,50,58,32,12,152,0,36,74,1,111,50,94,106,13,263,157,0,157,420
07/21/2023,FAI,AK,AAL,WE,Combined TRACON& Tower with Radar,40,23,29,5,97,1,60,170,8,239,41,83,199,13,336,164,1,165,501
07/22/2023,FAI,AK,AAL,WE,Combined TRACON& Tower with Radar,32,8,24,2,66,0,53,158,7,218,32,61,182,9,284,170,0,170,454
07/23/2023,FAI,AK,AAL,WE,Combined TRACON& Tower with Radar,42,5,13,1,61,0,26,138,10,174,42,31,151,11,235,246,0,246,481
07/24/2023,FAI,AK,AAL,WE,Combined TRACON& Tower with Radar,44,9,24,5,82,5,80,100,1,186,49,89,124,6,268,72,0,72,340
07/25/2023,FAI,AK,AAL,WE,Combined TRACON& Tower with Radar,42,11,16,15,84,8,72,129,5,214,50,83,145,20,298,182,1,183,481
07/26/2023,FAI,AK,AAL,WE,Combined TRACON& Tower with Radar,41,25,25,18,109,14,79,196,2,291,55,104,221,20,400,141,1,142,542
07/27/2023,FAI,AK,AAL,WE,Combined TRACON& Tower with Radar,46,14,21,26,107,12,68,187,2,269,58,82,208,28,376,134,6,140,516
07/28/2023,FAI,AK,AAL,WE,Combined TRACON& Tower with Radar,39,16,34,1,90,13,75,157,5,250,52,91,191,6,340,238,0,238,578
07/29/2023,FAI,AK,AAL,WE,Combined TRACON& Tower with Radar,34,9,22,0,65,17,51,111,5,184,51,60,133,5,249,90,0,90,339
07/30/2023,FAI,AK,AAL,WE,Combined TRACON& Tower with Radar,40,19,12,1,72,4,36,143,2,185,44,55,155,3,257,212,0,212,469
07/31/2023,FAI,AK,AAL,WE,Combined TRACON& Tower with Radar,44,18,35,2,99,0,72,160,0,232,44,90,195,2,331,138,2,140,471
08/01/2023,FAI,AK,AAL,WE,Combined TRACON& Tower with Radar,43,27,35,4,109,26,88,186,15,315,69,115,221,19,424,180,0,180,604
08/02/2023,FAI,AK,AAL,WE,Combined TRACON& Tower with Radar,41,16,38,8,103,21,84,173,6,284,62,100,211,14,387,215,2,217,604
08/03/2023,FAI,AK,AAL,WE,Combined TRACON& Tower with Radar,47,18,24,6,95,21,98,154,2,275,68,116,178,8,370,182,2,184,554
08/04/2023,FAI,AK,AAL,WE,Combined TRACON& Tower with Radar,41,20,31,5,97,26,103,176,8,313,67,123,207,13,410,236,0,236,646
08/05/2023,FAI,AK,AAL,WE,Combined TRACON& Tower with Radar,33,32,25,1,91,3,63,129,3,198,36,95,154,4,289,136,0,136,425
08/06/2023,FAI,AK,AAL,WE,Combined TRACON& Tower with Radar,43,37,16,5,101,3,10,36,0,49,46,47,52,5,150,46,0,46,196
08/07/2023,FAI,AK,AAL,WE,Combined TRACON& Tower with Radar,49,70,44,1,164,1,18,41,3,63,50,88,85,4,227,36,0,36,263
08/08/2023,FAI,AK,AAL,WE,Combined TRACON& Tower with Radar,46,57,53,16,172,0,35,55,15,105,46,92,108,31,277,94,0,94,371
08/09/2023,FAI,AK,AAL,WE,Combined TRACON& Tower with Radar,46,84,41,5,176,10,14,47,1,72,56,98,88,6,248,20,0,20,268
08/10/2023,FAI,AK,AAL,WE,Combined TRACON& Tower with Radar,50,31,31,0,112,1,17,20,0,38,51,48,51,0,150,6,0,6,156
08/11/2023,FAI,AK,AAL,WE,Combined TRACON& Tower with Radar,42,31,34,0,107,0,73,115,1,189,42,104,149,1,296,194,0,194,490
08/12/2023,FAI,AK,AAL,WE,Combined TRACON& Tower with Radar,33,20,29,4,86,0,49,79,2,130,33,69,108,6,216,28,2,30,246
08/13/2023,FAI,AK,AAL,WE,Combined TRACON& Tower with Radar,45,9,7,2,63,0,39,149,2,190,45,48,156,4,253,136,0,136,389
08/14/2023,FAI,AK,AAL,WE,Combined TRACON& Tower with Radar,41,13,31,8,93,6,83,120,6,215,47,96,151,14,308,139,6,145,453
08/15/2023,FAI,AK,AAL,WE,Combined TRACON& Tower with Radar,42,28,27,8,105,4,68,183,3,258,46,96,210,11,363,194,4,198,561
08/16/2023,FAI,AK,AAL,WE,Combined TRACON& Tower with Radar,40,30,17,13,100,1,69,137,4,211,41,99,154,17,311,146,4,150,461
08/17/2023,FAI,AK,AAL,WE,Combined TRACON& Tower with Radar,50,44,68,8,170,0,34,64,6,104,50,78,132,14,274,51,2,53,327
08/18/2023,FAI,AK,AAL,WE,Combined TRACON& Tower with Radar,40,58,43,6,147,0,22,75,2,99,40,80,118,8,246,84,0,84,330
08/19/2023,FAI,AK,AAL,WE,Combined TRACON& Tower with Radar,34,23,40,4,101,0,18,128,2,148,34,41,168,6,249,78,0,78,327
08/20/2023,FAI,AK,AAL,WE,Combined TRACON& Tower with Radar,43,34,22,0,99,0,8,31,0,39,43,42,53,0,138,10,0,10,148
08/21/2023,FAI,AK,AAL,WE,Combined TRACON& Tower with Radar,43,65,38,2,148,0,29,45,0,74,43,94,83,2,222,32,0,32,254
08/22/2023,FAI,AK,AAL,WE,Combined TRACON& Tower with Radar,45,49,48,14,156,0,40,132,3,175,45,89,180,17,331,128,0,128,459
08/23/2023,FAI,AK,AAL,WE,Combined TRACON& Tower with Radar,41,35,44,3,123,0,67,139,3,209,41,102,183,6,332,98,0,98,430
08/24/2023,FAI,AK,AAL,WE,Combined TRACON& Tower with Radar,47,39,37,11,134,0,49,128,1,178,47,88,165,12,312,132,0,132,444
08/25/2023,FAI,AK,AAL,WE,Combined TRACON& Tower with Radar,44,38,29,0,111,0,45,101,0,146,44,83,130,0,257,97,0,97,354
08/26/2023,FAI,AK,AAL,WE,Combined TRACON& Tower with Radar,36,10,16,0,62,0,34,139,1,174,36,44,155,1,236,156,0,156,392
08/27/2023,FAI,AK,AAL,WE,Combined TRACON& Tower with Radar,45,15,6,0,66,0,16,101,2,119,45,31,107,2,185,69,0,69,254
08/28/2023,FAI,AK,AAL,WE,Combined TRACON& Tower with Radar,42,10,27,1,80,0,64,168,1,233,42,74,195,2,313,178,0,178,491
08/29/2023,FAI,AK,AAL,WE,Combined TRACON& Tower with Radar,42,22,23,11,98,0,61,173,8,242,42,83,196,19,340,112,0,112,452
08/30/2023,FAI,AK,AAL,WE,Combined TRACON& Tower with Radar,40,62,40,16,158,0,35,59,2,96,40,97,99,18,254,26,3,29,283
08/31/2023,FAI,AK,AAL,WE,Combined TRACON& Tower with Radar,53,21,26,10,110,0,92,170,9,271,53,113,196,19,381,114,3,117,498
