01/01/2020,FAR,ND,AGL,CE,Combined TRACON& Tower with Radar,22,16,11,0,49,0,0,0,0,0,22,16,11,0,49,0,0,0,49
01/02/2020,FAR,ND,AGL,CE,Combined TRACON& Tower with Radar,43,62,25,0,130,0,3,6,8,17,43,65,31,8,147,24,4,28,175
01/03/2020,FAR,ND,AGL,CE,Combined TRACON& Tower with Radar,38,64,27,8,137,0,1,2,0,3,38,65,29,8,140,1,9,10,150
01/04/2020,FAR,ND,AGL,CE,Combined TRACON& Tower with Radar,32,36,23,0,91,0,4,36,12,52,32,40,59,12,143,68,56,124,267
01/05/2020,FAR,ND,AGL,CE,Combined TRACON& Tower with Radar,34,17,25,0,76,0,5,10,0,15,34,22,35,0,91,8,0,8,99
01/06/2020,FAR,ND,AGL,CE,Combined TRACON& Tower with Radar,32,60,39,2,133,0,1,20,1,22,32,61,59,3,155,58,0,58,213
01/07/2020,FAR,ND,AGL,CE,Combined TRACON& Tower with Radar,33,72,45,0,150,0,3,36,0,39,33,75,81,0,189,60,0,60,249
01/08/2020,FAR,ND,AGL,CE,Combined TRACON& Tower with Radar,37,76,34,0,147,0,4,5,4,13,37,80,39,4,160,16,24,40,200
01/09/2020,FAR,ND,AGL,CE,Combined TRACON& Tower with Radar,36,70,26,4,136,0,2,3,2,7,36,72,29,6,143,8,26,34,177
01/10/2020,FAR,ND,AGL,CE,Combined TRACON& Tower with Radar,33,77,37,5,152,0,12,34,4,50,33,89,71,9,202,82,0,82,284
01/11/2020,FAR,ND,AGL,CE,Combined TRACON& Tower with Radar,26,56,19,1,102,0,5,10,1,16,26,61,29,2,118,25,0,25,143
01/12/2020,FAR,ND,AGL,CE,Combined TRACON& Tower with Radar,33,35,30,0,98,0,5,16,1,22,33,40,46,1,120,56,0,56,176
01/13/2020,FAR,ND,AGL,CE,Combined TRACON& Tower with Radar,30,44,22,0,96,0,0,1,0,1,30,44,23,0,97,1,27,28,125
01/14/2020,FAR,ND,AGL,CE,Combined TRACON& Tower with Radar,35,88,26,1,150,0,8,18,1,27,35,96,44,2,177,122,3,125,302
01/15/2020,FAR,ND,AGL,CE,Combined TRACON& Tower with Radar,30,80,40,0,150,0,12,9,0,21,30,92,49,0,171,70,0,70,241
01/16/2020,FAR,ND,AGL,CE,Combined TRACON& Tower with Radar,38,104,49,0,191,0,12,15,0,27,38,116,64,0,218,74,0,74,292
01/17/2020,FAR,ND,AGL,CE,Combined TRACON& Tower with Radar,13,31,13,0,57,0,0,0,0,0,13,31,13,0,57,0,0,0,57
01/18/2020,FAR,ND,AGL,CE,Combined TRACON& Tower with Radar,23,9,6,0,38,0,0,0,0,0,23,9,6,0,38,0,0,0,38
01/19/2020,FAR,ND,AGL,CE,Combined TRACON& Tower with Radar,24,28,24,0,76,0,0,5,0,5,24,28,29,0,81,11,0,11,92
01/20/2020,FAR,ND,AGL,CE,Combined TRACON& Tower with Radar,30,67,37,0,134,0,11,24,0,35,30,78,61,0,169,171,1,172,341
01/21/2020,FAR,ND,AGL,CE,Combined TRACON& Tower with Radar,32,94,38,2,166,0,10,8,0,18,32,104,46,2,184,8,1,9,193
01/22/2020,FAR,ND,AGL,CE,Combined TRACON& Tower with Radar,34,75,44,4,157,0,5,35,4,44,34,80,79,8,201,102,44,146,347
01/23/2020,FAR,ND,AGL,CE,Combined TRACON& Tower with Radar,36,71,38,2,147,0,0,0,2,2,36,71,38,4,149,28,0,28,177
01/24/2020,FAR,ND,AGL,CE,Combined TRACON& Tower with Radar,32,71,17,12,132,0,0,5,0,5,32,71,22,12,137,37,0,37,174
01/25/2020,FAR,ND,AGL,CE,Combined TRACON& Tower with Radar,28,36,17,0,81,0,1,3,0,4,28,37,20,0,85,64,0,64,149
01/26/2020,FAR,ND,AGL,CE,Combined TRACON& Tower with Radar,31,26,20,0,77,0,0,0,0,0,31,26,20,0,77,6,0,6,83
01/27/2020,FAR,ND,AGL,CE,Combined TRACON& Tower with Radar,29,43,36,0,108,0,0,0,0,0,29,43,36,0,108,2,1,3,111
01/28/2020,FAR,ND,AGL,CE,Combined TRACON& Tower with Radar,32,80,39,9,160,0,0,3,0,3,32,80,42,9,163,8,0,8,171
01/29/2020,FAR,ND,AGL,CE,Combined TRACON& Tower with Radar,31,64,24,0,119,0,2,0,0,2,31,66,24,0,121,1,0,1,122
01/30/2020,FAR,ND,AGL,CE,Combined TRACON& Tower with Radar,37,65,20,4,126,0,0,0,0,0,37,65,20,4,126,0,0,0,126
01/31/2020,FAR,ND,AGL,CE,Combined TRACON& Tower with Radar,35,60,22,0,117,0,0,0,0,0,35,60,22,0,117,6,0,6,123
02/01/2020,FAR,ND,AGL,CE,Combined TRACON& Tower with Radar,27,41,15,2,85,0,13,18,0,31,27,54,33,2,116,54,0,54,170
02/02/2020,FAR,ND,AGL,CE,Combined TRACON& Tower with Radar,27,24,16,0,67,0,0,12,0,12,27,24,28,0,79,27,0,27,106
02/03/2020,FAR,ND,AGL,CE,Combined TRACON& Tower with Radar,28,61,34,0,123,0,8,37,2,47,28,69,71,2,170,108,0,108,278
02/04/2020,FAR,ND,AGL,CE,Combined TRACON& Tower with Radar,34,94,30,2,160,0,15,36,2,53,34,109,66,4,213,78,4,82,295
02/05/2020,FAR,ND,AGL,CE,Combined TRACON& Tower with Radar,34,81,29,2,146,0,12,18,2,32,34,93,47,4,178,73,6,79,257
02/06/2020,FAR,ND,AGL,CE,Combined TRACON& Tower with Radar,34,80,37,0,151,0,0,0,0,0,34,80,37,0,151,3,0,3,154
02/07/2020,FAR,ND,AGL,CE,Combined TRACON& Tower with Radar,36,75,36,0,147,0,10,24,2,36,36,85,60,2,183,62,1,63,246
02/08/2020,FAR,ND,AGL,CE,Combined TRACON& Tower with Radar,28,46,16,0,90,0,0,9,0,9,28,46,25,0,99,94,4,98,197
02/09/2020,FAR,ND,AGL,CE,Combined TRACON& Tower with Radar,25,27,19,1,72,0,4,20,3,27,25,31,39,4,99,110,0,110,209
02/10/2020,FAR,ND,AGL,CE,Combined TRACON& Tower with Radar,32,50,21,2,105,0,0,22,0,22,32,50,43,2,127,56,0,56,183
02/11/2020,FAR,ND,AGL,CE,Combined TRACON& Tower with Radar,35,92,56,0,183,0,11,20,0,31,35,103,76,0,214,53,0,53,267
02/12/2020,FAR,ND,AGL,CE,Combined TRACON& Tower with Radar,31,54,11,0,96,0,0,0,0,0,31,54,11,0,96,0,0,0,96
02/13/2020,FAR,ND,AGL,CE,Combined TRACON& Tower with Radar,33,98,38,1,170,0,14,12,5,31,33,112,50,6,201,27,0,27,228
02/14/2020,FAR,ND,AGL,CE,Combined TRACON& Tower with Radar,29,80,24,2,135,0,5,6,0,11,29,85,30,2,146,1,0,1,147
02/15/2020,FAR,ND,AGL,CE,Combined TRACON& Tower with Radar,27,44,27,2,100,0,19,40,0,59,27,63,67,2,159,127,1,128,287
02/16/2020,FAR,ND,AGL,CE,Combined TRACON& Tower with Radar,28,32,12,0,72,0,4,16,0,20,28,36,28,0,92,36,0,36,128
02/17/2020,FAR,ND,AGL,CE,Combined TRACON& Tower with Radar,28,54,41,0,123,0,6,11,0,17,28,60,52,0,140,59,0,59,199
02/18/2020,FAR,ND,AGL,CE,Combined TRACON& Tower with Radar,29,86,40,2,157,0,6,18,0,24,29,92,58,2,181,46,0,46,227
02/19/2020,FAR,ND,AGL,CE,Combined TRACON& Tower with Radar,33,82,35,0,150,0,10,17,9,36,33,92,52,9,186,80,0,80,266
02/20/2020,FAR,ND,AGL,CE,Combined TRACON& Tower with Radar,36,82,28,0,146,0,19,40,3,62,36,101,68,3,208,115,0,115,323
02/21/2020,FAR,ND,AGL,CE,Combined TRACON& Tower with Radar,25,84,29,0,138,0,21,34,2,57,25,105,63,2,195,101,0,101,296
02/22/2020,FAR,ND,AGL,CE,Combined TRACON& Tower with Radar,33,43,17,0,93,0,24,41,0,65,33,67,58,0,158,138,0,138,296
02/23/2020,FAR,ND,AGL,CE,Combined TRACON& Tower with Radar,26,41,30,0,97,0,4,31,0,35,26,45,61,0,132,18,0,18,150
02/24/2020,FAR,ND,AGL,CE,Combined TRACON& Tower with Radar,24,65,28,0,117,0,4,21,0,25,24,69,49,0,142,80,0,80,222
02/25/2020,FAR,ND,AGL,CE,Combined TRACON& Tower with Radar,28,93,22,0,143,0,14,19,0,33,28,107,41,0,176,18,0,18,194
02/26/2020,FAR,ND,AGL,CE,Combined TRACON& Tower with Radar,32,70,32,0,134,0,7,21,2,30,32,77,53,2,164,35,2,37,201
02/27/2020,FAR,ND,AGL,CE,Combined TRACON& Tower with Radar,34,70,49,0,153,0,1,20,0,21,34,71,69,0,174,29,0,29,203
02/28/2020,FAR,ND,AGL,CE,Combined TRACON& Tower with Radar,31,79,39,0,149,0,0,28,1,29,31,79,67,1,178,36,0,36,214
02/29/2020,FAR,ND,AGL,CE,Combined TRACON& Tower with Radar,28,52,15,0,95,0,9,14,0,23,28,61,29,0,118,39,1,40,158
03/01/2020,FAR,ND,AGL,CE,Combined TRACON& Tower with Radar,30,28,15,2,75,0,2,12,0,14,30,30,27,2,89,8,0,8,97
03/02/2020,FAR,ND,AGL,CE,Combined TRACON& Tower with Radar,24,61,39,0,124,0,2,18,0,20,24,63,57,0,144,6,0,6,150
03/03/2020,FAR,ND,AGL,CE,Combined TRACON& Tower with Radar,26,74,42,0,142,0,1,16,0,17,26,75,58,0,159,24,0,24,183
03/04/2020,FAR,ND,AGL,CE,Combined TRACON& Tower with Radar,30,73,51,1,155,0,0,23,1,24,30,73,74,2,179,31,0,31,210
03/05/2020,FAR,ND,AGL,CE,Combined TRACON& Tower with Radar,33,97,37,0,167,0,16,13,2,31,33,113,50,2,198,95,0,95,293
03/06/2020,FAR,ND,AGL,CE,Combined TRACON& Tower with Radar,29,77,28,3,137,0,3,33,1,37,29,80,61,4,174,45,3,48,222
03/07/2020,FAR,ND,AGL,CE,Combined TRACON& Tower with Radar,31,60,30,2,123,0,17,40,2,59,31,77,70,4,182,101,8,109,291
03/08/2020,FAR,ND,AGL,CE,Combined TRACON& Tower with Radar,29,30,19,0,78,0,1,7,0,8,29,31,26,0,86,9,0,9,95
03/09/2020,FAR,ND,AGL,CE,Combined TRACON& Tower with Radar,24,67,47,0,138,0,12,13,2,27,24,79,60,2,165,84,0,84,249
03/10/2020,FAR,ND,AGL,CE,Combined TRACON& Tower with Radar,33,86,38,3,160,0,23,30,1,54,33,109,68,4,214,138,0,138,352
03/11/2020,FAR,ND,AGL,CE,Combined TRACON& Tower with Radar,32,90,26,23,171,0,21,26,17,64,32,111,52,40,235,74,100,174,409
03/12/2020,FAR,ND,AGL,CE,Combined TRACON& Tower with Radar,36,77,36,10,159,0,7,16,4,27,36,84,52,14,186,66,14,80,266
03/13/2020,FAR,ND,AGL,CE,Combined TRACON& Tower with Radar,29,76,47,4,156,0,0,10,0,10,29,76,57,4,166,0,0,0,166
03/14/2020,FAR,ND,AGL,CE,Combined TRACON& Tower with Radar,31,52,22,0,105,0,14,22,0,36,31,66,44,0,141,100,0,100,241
03/15/2020,FAR,ND,AGL,CE,Combined TRACON& Tower with Radar,29,30,19,0,78,0,1,16,0,17,29,31,35,0,95,1,0,1,96
03/16/2020,FAR,ND,AGL,CE,Combined TRACON& Tower with Radar,27,51,19,7,104,0,0,11,0,11,27,51,30,7,115,29,9,38,153
03/17/2020,FAR,ND,AGL,CE,Combined TRACON& Tower with Radar,36,76,26,0,138,0,1,40,4,45,36,77,66,4,183,80,0,80,263
03/18/2020,FAR,ND,AGL,CE,Combined TRACON& Tower with Radar,33,68,14,0,115,0,0,0,0,0,33,68,14,0,115,0,0,0,115
03/19/2020,FAR,ND,AGL,CE,Combined TRACON& Tower with Radar,31,79,14,5,129,0,0,0,5,5,31,79,14,10,134,4,34,38,172
03/20/2020,FAR,ND,AGL,CE,Combined TRACON& Tower with Radar,26,67,23,0,116,0,0,45,0,45,26,67,68,0,161,95,0,95,256
03/21/2020,FAR,ND,AGL,CE,Combined TRACON& Tower with Radar,27,40,10,0,77,0,2,24,0,26,27,42,34,0,103,58,0,58,161
03/22/2020,FAR,ND,AGL,CE,Combined TRACON& Tower with Radar,26,30,8,0,64,0,0,17,0,17,26,30,25,0,81,75,0,75,156
03/23/2020,FAR,ND,AGL,CE,Combined TRACON& Tower with Radar,18,41,34,0,93,0,0,21,0,21,18,41,55,0,114,95,0,95,209
03/24/2020,FAR,ND,AGL,CE,Combined TRACON& Tower with Radar,25,57,17,0,99,0,0,0,0,0,25,57,17,0,99,0,0,0,99
03/25/2020,FAR,ND,AGL,CE,Combined TRACON& Tower with Radar,19,58,17,0,94,0,1,0,4,5,19,59,17,4,99,0,0,0,99
03/26/2020,FAR,ND,AGL,CE,Combined TRACON& Tower with Radar,21,50,21,4,96,0,0,26,9,35,21,50,47,13,131,104,16,120,251
03/27/2020,FAR,ND,AGL,CE,Combined TRACON& Tower with Radar,20,48,23,0,91,0,1,19,1,21,20,49,42,1,112,72,0,72,184
03/28/2020,FAR,ND,AGL,CE,Combined TRACON& Tower with Radar,19,34,13,0,66,0,0,31,0,31,19,34,44,0,97,60,0,60,157
03/29/2020,FAR,ND,AGL,CE,Combined TRACON& Tower with Radar,13,15,12,0,40,0,1,27,0,28,13,16,39,0,68,13,0,13,81
03/30/2020,FAR,ND,AGL,CE,Combined TRACON& Tower with Radar,13,26,12,0,51,0,2,29,0,31,13,28,41,0,82,28,0,28,110
03/31/2020,FAR,ND,AGL,CE,Combined TRACON& Tower with Radar,26,50,15,0,91,0,0,26,0,26,26,50,41,0,117,24,20,44,161
04/01/2020,FAR,ND,AGL,CE,Combined TRACON& Tower with Radar,19,53,10,0,82,0,2,3,0,5,19,55,13,0,87,0,0,0,87
04/02/2020,FAR,ND,AGL,CE,Combined TRACON& Tower with Radar,16,21,2,0,39,0,0,0,0,0,16,21,2,0,39,0,1,1,40
04/03/2020,FAR,ND,AGL,CE,Combined TRACON& Tower with Radar,11,49,4,0,64,0,0,3,2,5,11,49,7,2,69,0,2,2,71
04/04/2020,FAR,ND,AGL,CE,Combined TRACON& Tower with Radar,12,25,9,2,48,0,2,26,0,28,12,27,35,2,76,74,0,74,150
04/05/2020,FAR,ND,AGL,CE,Combined TRACON& Tower with Radar,5,10,7,0,22,0,1,22,0,23,5,11,29,0,45,13,0,13,58
04/06/2020,FAR,ND,AGL,CE,Combined TRACON& Tower with Radar,11,35,23,0,69,0,0,10,0,10,11,35,33,0,79,4,0,4,83
04/07/2020,FAR,ND,AGL,CE,Combined TRACON& Tower with Radar,15,58,16,2,91,0,5,22,0,27,15,63,38,2,118,24,0,24,142
04/08/2020,FAR,ND,AGL,CE,Combined TRACON& Tower with Radar,15,52,16,0,83,0,4,6,4,14,15,56,22,4,97,5,30,35,132
04/09/2020,FAR,ND,AGL,CE,Combined TRACON& Tower with Radar,14,54,14,1,83,0,0,13,5,18,14,54,27,6,101,34,0,34,135
04/10/2020,FAR,ND,AGL,CE,Combined TRACON& Tower with Radar,12,52,15,3,82,0,4,20,1,25,12,56,35,4,107,82,2,84,191
04/11/2020,FAR,ND,AGL,CE,Combined TRACON& Tower with Radar,9,31,12,0,52,0,2,12,0,14,9,33,24,0,66,34,0,34,100
04/12/2020,FAR,ND,AGL,CE,Combined TRACON& Tower with Radar,7,13,6,0,26,0,2,3,0,5,7,15,9,0,31,0,0,0,31
04/13/2020,FAR,ND,AGL,CE,Combined TRACON& Tower with Radar,8,30,4,0,42,0,1,6,0,7,8,31,10,0,49,6,0,6,55
04/14/2020,FAR,ND,AGL,CE,Combined TRACON& Tower with Radar,15,50,15,0,80,0,2,4,2,8,15,52,19,2,88,30,15,45,133
04/15/2020,FAR,ND,AGL,CE,Combined TRACON& Tower with Radar,15,38,12,7,72,0,3,25,1,29,15,41,37,8,101,68,18,86,187
04/16/2020,FAR,ND,AGL,CE,Combined TRACON& Tower with Radar,14,48,23,2,87,0,7,28,2,37,14,55,51,4,124,73,8,81,205
04/17/2020,FAR,ND,AGL,CE,Combined TRACON& Tower with Radar,10,49,13,4,76,0,0,29,1,30,10,49,42,5,106,18,10,28,134
04/18/2020,FAR,ND,AGL,CE,Combined TRACON& Tower with Radar,10,16,15,0,41,0,0,7,0,7,10,16,22,0,48,13,1,14,62
04/19/2020,FAR,ND,AGL,CE,Combined TRACON& Tower with Radar,7,4,13,0,24,0,4,15,0,19,7,8,28,0,43,36,0,36,79
04/20/2020,FAR,ND,AGL,CE,Combined TRACON& Tower with Radar,8,33,28,0,69,0,2,4,0,6,8,35,32,0,75,2,0,2,77
04/21/2020,FAR,ND,AGL,CE,Combined TRACON& Tower with Radar,19,46,13,0,78,0,0,12,0,12,19,46,25,0,90,70,0,70,160
04/22/2020,FAR,ND,AGL,CE,Combined TRACON& Tower with Radar,14,44,37,2,97,0,5,49,0,54,14,49,86,2,151,102,9,111,262
04/23/2020,FAR,ND,AGL,CE,Combined TRACON& Tower with Radar,14,44,15,3,76,0,4,14,11,29,14,48,29,14,105,32,37,69,174
04/24/2020,FAR,ND,AGL,CE,Combined TRACON& Tower with Radar,10,44,20,1,75,0,0,61,1,62,10,44,81,2,137,83,4,87,224
04/25/2020,FAR,ND,AGL,CE,Combined TRACON& Tower with Radar,9,28,22,0,59,0,1,27,0,28,9,29,49,0,87,134,0,134,221
04/26/2020,FAR,ND,AGL,CE,Combined TRACON& Tower with Radar,9,8,11,0,28,0,0,38,0,38,9,8,49,0,66,46,0,46,112
04/27/2020,FAR,ND,AGL,CE,Combined TRACON& Tower with Radar,9,32,11,0,52,0,1,29,0,30,9,33,40,0,82,64,0,64,146
04/28/2020,FAR,ND,AGL,CE,Combined TRACON& Tower with Radar,18,53,20,14,105,0,3,24,3,30,18,56,44,17,135,38,52,90,225
04/29/2020,FAR,ND,AGL,CE,Combined TRACON& Tower with Radar,16,47,29,13,105,0,2,41,0,43,16,49,70,13,148,0,0,0,148
04/30/2020,FAR,ND,AGL,CE,Combined TRACON& Tower with Radar,15,44,28,4,91,0,0,52,4,56,15,44,80,8,147,54,0,54,201
05/01/2020,FAR,ND,AGL,CE,Combined TRACON& Tower with Radar,12,47,31,2,92,0,0,19,0,19,12,47,50,2,111,24,32,56,167
05/02/2020,FAR,ND,AGL,CE,Combined TRACON& Tower with Radar,11,25,9,0,45,0,0,18,0,18,11,25,27,0,63,18,0,18,81
05/03/2020,FAR,ND,AGL,CE,Combined TRACON& Tower with Radar,10,8,15,0,33,0,0,29,0,29,10,8,44,0,62,38,0,38,100
05/04/2020,FAR,ND,AGL,CE,Combined TRACON& Tower with Radar,12,28,8,0,48,0,2,10,0,12,12,30,18,0,60,10,0,10,70
05/05/2020,FAR,ND,AGL,CE,Combined TRACON& Tower with Radar,18,46,22,0,86,0,0,0,0,0,18,46,22,0,86,5,1,6,92
05/06/2020,FAR,ND,AGL,CE,Combined TRACON& Tower with Radar,18,46,34,5,103,0,2,50,0,52,18,48,84,5,155,90,4,94,249
05/07/2020,FAR,ND,AGL,CE,Combined TRACON& Tower with Radar,21,45,37,3,106,0,5,34,3,42,21,50,71,6,148,15,2,17,165
05/08/2020,FAR,ND,AGL,CE,Combined TRACON& Tower with Radar,14,51,21,1,87,0,2,51,1,54,14,53,72,2,141,48,25,73,214
05/09/2020,FAR,ND,AGL,CE,Combined TRACON& Tower with Radar,12,28,11,0,51,0,0,2,0,2,12,28,13,0,53,12,0,12,65
05/10/2020,FAR,ND,AGL,CE,Combined TRACON& Tower with Radar,10,6,7,0,23,0,0,2,0,2,10,6,9,0,25,0,0,0,25
05/11/2020,FAR,ND,AGL,CE,Combined TRACON& Tower with Radar,10,29,23,1,63,0,0,44,1,45,10,29,67,2,108,66,0,66,174
05/12/2020,FAR,ND,AGL,CE,Combined TRACON& Tower with Radar,18,43,25,4,90,0,0,54,0,54,18,43,79,4,144,152,0,152,296
05/13/2020,FAR,ND,AGL,CE,Combined TRACON& Tower with Radar,18,43,19,0,80,0,0,4,0,4,18,43,23,0,84,20,0,20,104
05/14/2020,FAR,ND,AGL,CE,Combined TRACON& Tower with Radar,18,42,41,2,103,0,3,23,4,30,18,45,64,6,133,42,10,52,185
05/15/2020,FAR,ND,AGL,CE,Combined TRACON& Tower with Radar,16,44,21,4,85,0,0,45,0,45,16,44,66,4,130,30,2,32,162
05/16/2020,FAR,ND,AGL,CE,Combined TRACON& Tower with Radar,13,24,9,0,46,0,0,25,0,25,13,24,34,0,71,34,0,34,105
05/17/2020,FAR,ND,AGL,CE,Combined TRACON& Tower with Radar,10,6,13,0,29,0,2,18,0,20,10,8,31,0,49,44,0,44,93
05/18/2020,FAR,ND,AGL,CE,Combined TRACON& Tower with Radar,11,35,21,0,67,0,4,29,2,35,11,39,50,2,102,51,0,51,153
05/19/2020,FAR,ND,AGL,CE,Combined TRACON& Tower with Radar,20,46,35,3,104,0,0,45,1,46,20,46,80,4,150,65,0,65,215
05/20/2020,FAR,ND,AGL,CE,Combined TRACON& Tower with Radar,19,49,57,2,127,0,2,9,4,15,19,51,66,6,142,56,24,80,222
05/21/2020,FAR,ND,AGL,CE,Combined TRACON& Tower with Radar,18,44,50,2,114,0,1,19,6,26,18,45,69,8,140,24,0,24,164
05/22/2020,FAR,ND,AGL,CE,Combined TRACON& Tower with Radar,18,48,41,2,109,0,1,10,3,14,18,49,51,5,123,31,8,39,162
05/23/2020,FAR,ND,AGL,CE,Combined TRACON& Tower with Radar,13,24,27,0,64,0,5,16,0,21,13,29,43,0,85,6,0,6,91
05/24/2020,FAR,ND,AGL,CE,Combined TRACON& Tower with Radar,10,7,17,2,36,0,0,4,0,4,10,7,21,2,40,4,0,4,44
05/25/2020,FAR,ND,AGL,CE,Combined TRACON& Tower with Radar,12,9,34,0,55,0,2,26,0,28,12,11,60,0,83,21,0,21,104
05/26/2020,FAR,ND,AGL,CE,Combined TRACON& Tower with Radar,9,33,49,0,91,0,3,31,1,35,9,36,80,1,126,72,33,105,231
05/27/2020,FAR,ND,AGL,CE,Combined TRACON& Tower with Radar,17,46,34,8,105,0,0,29,1,30,17,46,63,9,135,108,6,114,249
05/28/2020,FAR,ND,AGL,CE,Combined TRACON& Tower with Radar,19,43,30,2,94,0,2,23,4,29,19,45,53,6,123,6,0,6,129
05/29/2020,FAR,ND,AGL,CE,Combined TRACON& Tower with Radar,18,46,29,4,97,0,0,47,2,49,18,46,76,6,146,60,0,60,206
05/30/2020,FAR,ND,AGL,CE,Combined TRACON& Tower with Radar,13,22,20,0,55,0,1,48,0,49,13,23,68,0,104,124,0,124,228
05/31/2020,FAR,ND,AGL,CE,Combined TRACON& Tower with Radar,9,4,15,0,28,0,1,23,0,24,9,5,38,0,52,28,0,28,80
06/01/2020,FAR,ND,AGL,CE,Combined TRACON& Tower with Radar,16,35,30,0,81,0,1,31,0,32,16,36,61,0,113,54,0,54,167
06/02/2020,FAR,ND,AGL,CE,Combined TRACON& Tower with Radar,18,47,29,6,100,0,6,28,4,38,18,53,57,10,138,52,10,62,200
06/03/2020,FAR,ND,AGL,CE,Combined TRACON& Tower with Radar,18,46,39,3,106,0,7,47,1,55,18,53,86,4,161,76,18,94,255
06/04/2020,FAR,ND,AGL,CE,Combined TRACON& Tower with Radar,20,47,30,17,114,0,4,27,11,42,20,51,57,28,156,50,28,78,234
06/05/2020,FAR,ND,AGL,CE,Combined TRACON& Tower with Radar,20,43,23,18,104,0,0,35,8,43,20,43,58,26,147,15,27,42,189
06/06/2020,FAR,ND,AGL,CE,Combined TRACON& Tower with Radar,18,17,3,0,38,0,0,9,0,9,18,17,12,0,47,8,0,8,55
06/07/2020,FAR,ND,AGL,CE,Combined TRACON& Tower with Radar,12,6,13,0,31,0,1,8,0,9,12,7,21,0,40,0,0,0,40
06/08/2020,FAR,ND,AGL,CE,Combined TRACON& Tower with Radar,15,28,22,0,65,0,0,29,0,29,15,28,51,0,94,38,0,38,132
06/09/2020,FAR,ND,AGL,CE,Combined TRACON& Tower with Radar,20,44,38,0,102,0,1,13,2,16,20,45,51,2,118,52,0,52,170
06/10/2020,FAR,ND,AGL,CE,Combined TRACON& Tower with Radar,20,44,35,6,105,0,2,47,4,53,20,46,82,10,158,40,8,48,206
06/11/2020,FAR,ND,AGL,CE,Combined TRACON& Tower with Radar,20,47,51,4,122,0,7,92,13,112,20,54,143,17,234,81,17,98,332
06/12/2020,FAR,ND,AGL,CE,Combined TRACON& Tower with Radar,21,45,33,4,103,0,2,76,4,82,21,47,109,8,185,170,12,182,367
06/13/2020,FAR,ND,AGL,CE,Combined TRACON& Tower with Radar,13,26,20,0,59,0,0,23,0,23,13,26,43,0,82,28,0,28,110
06/14/2020,FAR,ND,AGL,CE,Combined TRACON& Tower with Radar,13,7,11,0,31,0,11,2,0,13,13,18,13,0,44,0,0,0,44
06/15/2020,FAR,ND,AGL,CE,Combined TRACON& Tower with Radar,17,24,36,0,77,0,3,26,0,29,17,27,62,0,106,43,0,43,149
06/16/2020,FAR,ND,AGL,CE,Combined TRACON& Tower with Radar,20,49,18,2,89,0,2,9,3,14,20,51,27,5,103,20,0,20,123
06/17/2020,FAR,ND,AGL,CE,Combined TRACON& Tower with Radar,22,43,31,2,98,0,0,12,2,14,22,43,43,4,112,0,2,2,114
06/18/2020,FAR,ND,AGL,CE,Combined TRACON& Tower with Radar,20,57,27,2,106,0,1,31,7,39,20,58,58,9,145,120,0,120,265
06/19/2020,FAR,ND,AGL,CE,Combined TRACON& Tower with Radar,20,46,20,0,86,0,5,68,0,73,20,51,88,0,159,112,1,113,272
06/20/2020,FAR,ND,AGL,CE,Combined TRACON& Tower with Radar,13,21,15,0,49,0,8,10,0,18,13,29,25,0,67,48,0,48,115
06/21/2020,FAR,ND,AGL,CE,Combined TRACON& Tower with Radar,12,9,17,0,38,0,0,30,0,30,12,9,47,0,68,24,0,24,92
06/22/2020,FAR,ND,AGL,CE,Combined TRACON& Tower with Radar,13,38,42,0,93,0,7,50,0,57,13,45,92,0,150,0,0,0,150
06/23/2020,FAR,ND,AGL,CE,Combined TRACON& Tower with Radar,20,52,37,5,114,0,9,72,5,86,20,61,109,10,200,155,15,170,370
06/24/2020,FAR,ND,AGL,CE,Combined TRACON& Tower with Radar,22,50,48,2,122,0,13,65,9,87,22,63,113,11,209,111,6,117,326
06/25/2020,FAR,ND,AGL,CE,Combined TRACON& Tower with Radar,20,52,52,1,125,0,8,28,11,47,20,60,80,12,172,46,2,48,220
06/26/2020,FAR,ND,AGL,CE,Combined TRACON& Tower with Radar,20,53,24,3,100,0,7,34,4,45,20,60,58,7,145,81,16,97,242
06/27/2020,FAR,ND,AGL,CE,Combined TRACON& Tower with Radar,15,25,18,0,58,0,8,36,0,44,15,33,54,0,102,56,0,56,158
06/28/2020,FAR,ND,AGL,CE,Combined TRACON& Tower with Radar,14,13,25,0,52,0,2,12,0,14,14,15,37,0,66,6,0,6,72
06/29/2020,FAR,ND,AGL,CE,Combined TRACON& Tower with Radar,14,36,58,1,109,0,11,28,1,40,14,47,86,2,149,74,0,74,223
06/30/2020,FAR,ND,AGL,CE,Combined TRACON& Tower with Radar,23,54,34,4,115,0,6,23,2,31,23,60,57,6,146,70,34,104,250
07/01/2020,FAR,ND,AGL,CE,Combined TRACON& Tower with Radar,26,61,45,4,136,0,0,58,8,66,26,61,103,12,202,115,4,119,321
07/02/2020,FAR,ND,AGL,CE,Combined TRACON& Tower with Radar,23,44,28,4,99,0,6,38,4,48,23,50,66,8,147,44,2,46,193
07/03/2020,FAR,ND,AGL,CE,Combined TRACON& Tower with Radar,22,42,28,0,92,0,6,44,0,50,22,48,72,0,142,60,0,60,202
07/04/2020,FAR,ND,AGL,CE,Combined TRACON& Tower with Radar,8,10,9,0,27,0,0,6,0,6,8,10,15,0,33,42,0,42,75
07/05/2020,FAR,ND,AGL,CE,Combined TRACON& Tower with Radar,17,12,13,0,42,0,2,10,0,12,17,14,23,0,54,14,0,14,68
07/06/2020,FAR,ND,AGL,CE,Combined TRACON& Tower with Radar,14,40,32,0,86,0,4,33,0,37,14,44,65,0,123,28,0,28,151
07/07/2020,FAR,ND,AGL,CE,Combined TRACON& Tower with Radar,24,46,38,17,125,0,3,50,5,58,24,49,88,22,183,84,28,112,295
07/08/2020,FAR,ND,AGL,CE,Combined TRACON& Tower with Radar,24,49,46,13,132,0,2,42,9,53,24,51,88,22,185,96,78,174,359
07/09/2020,FAR,ND,AGL,CE,Combined TRACON& Tower with Radar,24,48,33,5,110,0,5,38,8,51,24,53,71,13,161,44,10,54,215
07/10/2020,FAR,ND,AGL,CE,Combined TRACON& Tower with Radar,24,49,28,2,103,0,3,34,6,43,24,52,62,8,146,50,16,66,212
07/11/2020,FAR,ND,AGL,CE,Combined TRACON& Tower with Radar,17,26,11,0,54,0,4,22,0,26,17,30,33,0,80,19,0,19,99
07/12/2020,FAR,ND,AGL,CE,Combined TRACON& Tower with Radar,20,12,20,0,52,0,1,43,0,44,20,13,63,0,96,4,0,4,100
07/13/2020,FAR,ND,AGL,CE,Combined TRACON& Tower with Radar,18,36,24,0,78,0,9,23,0,32,18,45,47,0,110,18,0,18,128
07/14/2020,FAR,ND,AGL,CE,Combined TRACON& Tower with Radar,20,68,46,4,138,0,3,39,0,42,20,71,85,4,180,64,4,68,248
07/15/2020,FAR,ND,AGL,CE,Combined TRACON& Tower with Radar,23,61,51,0,135,0,8,26,12,46,23,69,77,12,181,32,20,52,233
07/16/2020,FAR,ND,AGL,CE,Combined TRACON& Tower with Radar,22,56,52,3,133,0,7,42,9,58,22,63,94,12,191,84,8,92,283
07/17/2020,FAR,ND,AGL,CE,Combined TRACON& Tower with Radar,19,42,30,11,102,0,5,43,10,58,19,47,73,21,160,75,26,101,261
07/18/2020,FAR,ND,AGL,CE,Combined TRACON& Tower with Radar,22,35,12,0,69,0,0,18,1,19,22,35,30,1,88,68,0,68,156
07/19/2020,FAR,ND,AGL,CE,Combined TRACON& Tower with Radar,20,16,20,0,56,0,0,20,0,20,20,16,40,0,76,11,0,11,87
07/20/2020,FAR,ND,AGL,CE,Combined TRACON& Tower with Radar,19,38,34,0,91,0,1,35,0,36,19,39,69,0,127,60,0,60,187
07/21/2020,FAR,ND,AGL,CE,Combined TRACON& Tower with Radar,22,49,56,0,127,0,7,26,1,34,22,56,82,1,161,26,0,26,187
07/22/2020,FAR,ND,AGL,CE,Combined TRACON& Tower with Radar,21,55,51,4,131,0,6,78,6,90,21,61,129,10,221,83,2,85,306
07/23/2020,FAR,ND,AGL,CE,Combined TRACON& Tower with Radar,24,54,42,3,123,0,4,34,11,49,24,58,76,14,172,31,4,35,207
07/24/2020,FAR,ND,AGL,CE,Combined TRACON& Tower with Radar,26,57,25,3,111,0,1,18,1,20,26,58,43,4,131,10,0,10,141
07/25/2020,FAR,ND,AGL,CE,Combined TRACON& Tower with Radar,19,26,29,0,74,0,0,16,0,16,19,26,45,0,90,40,0,40,130
07/26/2020,FAR,ND,AGL,CE,Combined TRACON& Tower with Radar,22,17,32,0,71,0,0,32,0,32,22,17,64,0,103,48,0,48,151
07/27/2020,FAR,ND,AGL,CE,Combined TRACON& Tower with Radar,18,36,21,4,79,0,4,37,2,43,18,40,58,6,122,28,0,28,150
07/28/2020,FAR,ND,AGL,CE,Combined TRACON& Tower with Radar,24,53,39,0,116,0,6,35,2,43,24,59,74,2,159,88,0,88,247
07/29/2020,FAR,ND,AGL,CE,Combined TRACON& Tower with Radar,25,49,31,7,112,0,9,63,10,82,25,58,94,17,194,124,4,128,322
07/30/2020,FAR,ND,AGL,CE,Combined TRACON& Tower with Radar,24,54,38,2,118,0,1,62,2,65,24,55,100,4,183,178,8,186,369
07/31/2020,FAR,ND,AGL,CE,Combined TRACON& Tower with Radar,27,54,27,0,108,0,3,42,0,45,27,57,69,0,153,86,0,86,239
08/01/2020,FAR,ND,AGL,CE,Combined TRACON& Tower with Radar,21,30,18,1,70,0,1,28,0,29,21,31,46,1,99,20,0,20,119
08/02/2020,FAR,ND,AGL,CE,Combined TRACON& Tower with Radar,24,15,30,0,69,0,5,20,0,25,24,20,50,0,94,2,0,2,96
08/03/2020,FAR,ND,AGL,CE,Combined TRACON& Tower with Radar,25,37,46,0,108,0,2,34,0,36,25,39,80,0,144,94,0,94,238
08/04/2020,FAR,ND,AGL,CE,Combined TRACON& Tower with Radar,27,57,27,1,112,0,2,28,3,33,27,59,55,4,145,56,0,56,201
08/05/2020,FAR,ND,AGL,CE,Combined TRACON& Tower with Radar,28,57,51,1,137,0,6,27,3,36,28,63,78,4,173,59,0,59,232
08/06/2020,FAR,ND,AGL,CE,Combined TRACON& Tower with Radar,26,57,37,4,124,0,4,32,4,40,26,61,69,8,164,80,0,80,244
08/07/2020,FAR,ND,AGL,CE,Combined TRACON& Tower with Radar,26,56,23,5,110,0,0,16,0,16,26,56,39,5,126,76,0,76,202
08/08/2020,FAR,ND,AGL,CE,Combined TRACON& Tower with Radar,23,40,5,0,68,0,3,14,3,20,23,43,19,3,88,52,0,52,140
08/09/2020,FAR,ND,AGL,CE,Combined TRACON& Tower with Radar,22,20,20,0,62,0,1,12,0,13,22,21,32,0,75,29,0,29,104
08/10/2020,FAR,ND,AGL,CE,Combined TRACON& Tower with Radar,22,38,25,0,85,0,4,31,0,35,22,42,56,0,120,70,0,70,190
08/11/2020,FAR,ND,AGL,CE,Combined TRACON& Tower with Radar,28,57,46,3,134,0,1,49,1,51,28,58,95,4,185,50,4,54,239
08/12/2020,FAR,ND,AGL,CE,Combined TRACON& Tower with Radar,27,58,64,7,156,0,3,29,1,33,27,61,93,8,189,34,4,38,227
08/13/2020,FAR,ND,AGL,CE,Combined TRACON& Tower with Radar,28,51,27,12,118,0,0,15,0,15,28,51,42,12,133,25,12,37,170
08/14/2020,FAR,ND,AGL,CE,Combined TRACON& Tower with Radar,28,55,20,0,103,0,1,0,0,1,28,56,20,0,104,0,0,0,104
08/15/2020,FAR,ND,AGL,CE,Combined TRACON& Tower with Radar,21,31,17,4,73,0,7,30,0,37,21,38,47,4,110,14,12,26,136
08/16/2020,FAR,ND,AGL,CE,Combined TRACON& Tower with Radar,22,18,22,2,64,0,3,14,0,17,22,21,36,2,81,8,0,8,89
08/17/2020,FAR,ND,AGL,CE,Combined TRACON& Tower with Radar,23,43,41,5,112,0,0,46,1,47,23,43,87,6,159,145,28,173,332
08/18/2020,FAR,ND,AGL,CE,Combined TRACON& Tower with Radar,32,69,33,2,136,0,7,32,2,41,32,76,65,4,177,80,0,80,257
08/19/2020,FAR,ND,AGL,CE,Combined TRACON& Tower with Radar,25,54,41,2,122,0,4,29,1,34,25,58,70,3,156,56,6,62,218
08/20/2020,FAR,ND,AGL,CE,Combined TRACON& Tower with Radar,28,69,44,2,143,0,5,19,1,25,28,74,63,3,168,98,0,98,266
08/21/2020,FAR,ND,AGL,CE,Combined TRACON& Tower with Radar,24,70,33,0,127,0,6,26,0,32,24,76,59,0,159,62,0,62,221
08/22/2020,FAR,ND,AGL,CE,Combined TRACON& Tower with Radar,17,43,22,0,82,0,6,29,0,35,17,49,51,0,117,10,0,10,127
08/23/2020,FAR,ND,AGL,CE,Combined TRACON& Tower with Radar,22,16,26,0,64,0,0,22,1,23,22,16,48,1,87,50,0,50,137
08/24/2020,FAR,ND,AGL,CE,Combined TRACON& Tower with Radar,21,58,27,0,106,0,4,32,0,36,21,62,59,0,142,40,0,40,182
08/25/2020,FAR,ND,AGL,CE,Combined TRACON& Tower with Radar,26,69,29,1,125,0,2,51,1,54,26,71,80,2,179,26,0,26,205
08/26/2020,FAR,ND,AGL,CE,Combined TRACON& Tower with Radar,24,64,54,2,144,0,8,28,3,39,24,72,82,5,183,58,22,80,263
08/27/2020,FAR,ND,AGL,CE,Combined TRACON& Tower with Radar,26,60,36,0,122,0,5,42,8,55,26,65,78,8,177,114,30,144,321
08/28/2020,FAR,ND,AGL,CE,Combined TRACON& Tower with Radar,24,70,48,2,144,0,1,16,0,17,24,71,64,2,161,34,4,38,199
08/29/2020,FAR,ND,AGL,CE,Combined TRACON& Tower with Radar,17,38,12,3,70,0,11,42,1,54,17,49,54,4,124,88,1,89,213
08/30/2020,FAR,ND,AGL,CE,Combined TRACON& Tower with Radar,18,23,13,0,54,0,0,11,0,11,18,23,24,0,65,6,0,6,71
08/31/2020,FAR,ND,AGL,CE,Combined TRACON& Tower with Radar,20,44,34,0,98,0,1,48,2,51,20,45,82,2,149,32,0,32,181
09/01/2020,FAR,ND,AGL,CE,Combined TRACON& Tower with Radar,29,60,49,1,139,0,1,28,2,31,29,61,77,3,170,44,0,44,214
09/02/2020,FAR,ND,AGL,CE,Combined TRACON& Tower with Radar,26,52,32,3,113,0,3,52,2,57,26,55,84,5,170,70,34,104,274
09/03/2020,FAR,ND,AGL,CE,Combined TRACON& Tower with Radar,28,70,39,2,139,0,22,25,10,57,28,92,64,12,196,6,0,6,202
09/04/2020,FAR,ND,AGL,CE,Combined TRACON& Tower with Radar,27,61,46,0,134,0,17,46,4,67,27,78,92,4,201,57,30,87,288
09/05/2020,FAR,ND,AGL,CE,Combined TRACON& Tower with Radar,18,25,12,0,55,0,7,19,0,26,18,32,31,0,81,16,0,16,97
09/06/2020,FAR,ND,AGL,CE,Combined TRACON& Tower with Radar,20,12,10,0,42,0,3,6,0,9,20,15,16,0,51,0,0,0,51
09/07/2020,FAR,ND,AGL,CE,Combined TRACON& Tower with Radar,18,29,16,0,63,0,8,16,0,24,18,37,32,0,87,0,0,0,87
09/08/2020,FAR,ND,AGL,CE,Combined TRACON& Tower with Radar,19,56,26,0,101,0,9,31,2,42,19,65,57,2,143,94,0,94,237
09/09/2020,FAR,ND,AGL,CE,Combined TRACON& Tower with Radar,25,63,42,3,133,0,2,34,3,39,25,65,76,6,172,110,0,110,282
09/10/2020,FAR,ND,AGL,CE,Combined TRACON& Tower with Radar,30,57,32,7,126,0,10,65,15,90,30,67,97,22,216,42,0,42,258
09/11/2020,FAR,ND,AGL,CE,Combined TRACON& Tower with Radar,28,62,20,2,112,0,6,27,4,37,28,68,47,6,149,110,6,116,265
09/12/2020,FAR,ND,AGL,CE,Combined TRACON& Tower with Radar,24,39,25,2,90,0,2,11,4,17,24,41,36,6,107,2,0,2,109
09/13/2020,FAR,ND,AGL,CE,Combined TRACON& Tower with Radar,26,16,19,2,63,0,5,24,0,29,26,21,43,2,92,16,0,16,108
09/14/2020,FAR,ND,AGL,CE,Combined TRACON& Tower with Radar,25,39,27,7,98,0,8,35,3,46,25,47,62,10,144,52,0,52,196
09/15/2020,FAR,ND,AGL,CE,Combined TRACON& Tower with Radar,27,68,46,10,151,0,14,35,3,52,27,82,81,13,203,188,0,188,391
09/16/2020,FAR,ND,AGL,CE,Combined TRACON& Tower with Radar,29,59,53,3,144,0,10,28,0,38,29,69,81,3,182,84,0,84,266
09/17/2020,FAR,ND,AGL,CE,Combined TRACON& Tower with Radar,30,75,61,4,170,0,12,58,9,79,30,87,119,13,249,150,0,150,399
09/18/2020,FAR,ND,AGL,CE,Combined TRACON& Tower with Radar,27,65,36,5,133,0,3,44,7,54,27,68,80,12,187,50,12,62,249
09/19/2020,FAR,ND,AGL,CE,Combined TRACON& Tower with Radar,20,36,9,5,70,0,10,41,6,57,20,46,50,11,127,32,1,33,160
09/20/2020,FAR,ND,AGL,CE,Combined TRACON& Tower with Radar,26,16,18,0,60,0,9,17,6,32,26,25,35,6,92,0,0,0,92
09/21/2020,FAR,ND,AGL,CE,Combined TRACON& Tower with Radar,23,42,30,1,96,0,7,16,1,24,23,49,46,2,120,45,0,45,165
09/22/2020,FAR,ND,AGL,CE,Combined TRACON& Tower with Radar,28,66,39,9,142,0,2,48,3,53,28,68,87,12,195,56,0,56,251
09/23/2020,FAR,ND,AGL,CE,Combined TRACON& Tower with Radar,26,59,39,2,126,0,8,51,3,62,26,67,90,5,188,28,0,28,216
09/24/2020,FAR,ND,AGL,CE,Combined TRACON& Tower with Radar,29,58,40,3,130,0,4,24,3,31,29,62,64,6,161,40,4,44,205
09/25/2020,FAR,ND,AGL,CE,Combined TRACON& Tower with Radar,30,69,38,2,139,0,1,41,3,45,30,70,79,5,184,61,0,61,245
09/26/2020,FAR,ND,AGL,CE,Combined TRACON& Tower with Radar,21,34,19,0,74,0,11,13,0,24,21,45,32,0,98,28,0,28,126
09/27/2020,FAR,ND,AGL,CE,Combined TRACON& Tower with Radar,24,20,24,0,68,0,3,11,0,14,24,23,35,0,82,8,10,18,100
09/28/2020,FAR,ND,AGL,CE,Combined TRACON& Tower with Radar,23,58,27,0,108,0,2,16,0,18,23,60,43,0,126,28,0,28,154
09/29/2020,FAR,ND,AGL,CE,Combined TRACON& Tower with Radar,28,67,37,7,139,0,19,33,1,53,28,86,70,8,192,95,4,99,291
09/30/2020,FAR,ND,AGL,CE,Combined TRACON& Tower with Radar,26,67,48,2,143,0,3,17,3,23,26,70,65,5,166,13,8,21,187
10/01/2020,FAR,ND,AGL,CE,Combined TRACON& Tower with Radar,29,59,48,8,144,0,9,29,3,41,29,68,77,11,185,82,30,112,297
10/02/2020,FAR,ND,AGL,CE,Combined TRACON& Tower with Radar,29,90,30,3,152,0,16,57,7,80,29,106,87,10,232,42,20,62,294
10/03/2020,FAR,ND,AGL,CE,Combined TRACON& Tower with Radar,24,42,9,2,77,0,15,32,0,47,24,57,41,2,124,87,2,89,213
10/04/2020,FAR,ND,AGL,CE,Combined TRACON& Tower with Radar,24,28,23,0,75,0,11,27,0,38,24,39,50,0,113,12,0,12,125
10/05/2020,FAR,ND,AGL,CE,Combined TRACON& Tower with Radar,27,49,35,0,111,0,11,27,0,38,27,60,62,0,149,20,0,20,169
10/06/2020,FAR,ND,AGL,CE,Combined TRACON& Tower with Radar,30,79,25,2,136,0,10,24,1,35,30,89,49,3,171,66,22,88,259
10/07/2020,FAR,ND,AGL,CE,Combined TRACON& Tower with Radar,26,81,38,4,149,0,12,73,0,85,26,93,111,4,234,51,1,52,286
10/08/2020,FAR,ND,AGL,CE,Combined TRACON& Tower with Radar,30,61,45,13,149,0,11,33,9,53,30,72,78,22,202,52,8,60,262
10/09/2020,FAR,ND,AGL,CE,Combined TRACON& Tower with Radar,26,70,35,3,134,0,7,82,0,89,26,77,117,3,223,72,1,73,296
10/10/2020,FAR,ND,AGL,CE,Combined TRACON& Tower with Radar,23,40,10,0,73,0,12,50,0,62,23,52,60,0,135,86,0,86,221
10/11/2020,FAR,ND,AGL,CE,Combined TRACON& Tower with Radar,27,20,21,0,68,0,1,6,0,7,27,21,27,0,75,0,1,1,76
10/12/2020,FAR,ND,AGL,CE,Combined TRACON& Tower with Radar,25,48,30,0,103,0,8,38,0,46,25,56,68,0,149,116,0,116,265
10/13/2020,FAR,ND,AGL,CE,Combined TRACON& Tower with Radar,28,68,27,0,123,0,14,17,0,31,28,82,44,0,154,87,1,88,242
10/14/2020,FAR,ND,AGL,CE,Combined TRACON& Tower with Radar,28,72,40,0,140,0,1,15,6,22,28,73,55,6,162,24,0,24,186
10/15/2020,FAR,ND,AGL,CE,Combined TRACON& Tower with Radar,30,82,38,0,150,0,12,36,19,67,30,94,74,19,217,70,26,96,313
10/16/2020,FAR,ND,AGL,CE,Combined TRACON& Tower with Radar,26,85,31,4,146,0,16,53,2,71,26,101,84,6,217,95,0,95,312
10/17/2020,FAR,ND,AGL,CE,Combined TRACON& Tower with Radar,23,37,22,2,84,0,11,7,0,18,23,48,29,2,102,42,0,42,144
10/18/2020,FAR,ND,AGL,CE,Combined TRACON& Tower with Radar,26,22,20,0,68,0,2,33,0,35,26,24,53,0,103,50,0,50,153
10/19/2020,FAR,ND,AGL,CE,Combined TRACON& Tower with Radar,29,46,31,0,106,0,4,30,0,34,29,50,61,0,140,116,0,116,256
10/20/2020,FAR,ND,AGL,CE,Combined TRACON& Tower with Radar,28,72,29,1,130,0,0,1,0,1,28,72,30,1,131,4,0,4,135
10/21/2020,FAR,ND,AGL,CE,Combined TRACON& Tower with Radar,29,68,66,1,164,0,5,45,4,54,29,73,111,5,218,138,32,170,388
10/22/2020,FAR,ND,AGL,CE,Combined TRACON& Tower with Radar,30,75,27,0,132,0,0,1,0,1,30,75,28,0,133,0,0,0,133
10/23/2020,FAR,ND,AGL,CE,Combined TRACON& Tower with Radar,26,85,46,5,162,0,4,21,0,25,26,89,67,5,187,33,0,33,220
10/24/2020,FAR,ND,AGL,CE,Combined TRACON& Tower with Radar,27,38,26,0,91,0,3,11,0,14,27,41,37,0,105,6,0,6,111
10/25/2020,FAR,ND,AGL,CE,Combined TRACON& Tower with Radar,22,11,11,0,44,0,0,21,0,21,22,11,32,0,65,22,0,22,87
10/26/2020,FAR,ND,AGL,CE,Combined TRACON& Tower with Radar,25,49,42,2,118,0,16,45,5,66,25,65,87,7,184,87,0,87,271
10/27/2020,FAR,ND,AGL,CE,Combined TRACON& Tower with Radar,30,73,31,2,136,0,7,24,1,32,30,80,55,3,168,34,0,34,202
10/28/2020,FAR,ND,AGL,CE,Combined TRACON& Tower with Radar,28,66,33,0,127,0,2,24,0,26,28,68,57,0,153,25,16,41,194
10/29/2020,FAR,ND,AGL,CE,Combined TRACON& Tower with Radar,28,76,45,0,149,0,2,33,8,43,28,78,78,8,192,136,12,148,340
10/30/2020,FAR,ND,AGL,CE,Combined TRACON& Tower with Radar,26,74,39,4,143,0,4,17,4,25,26,78,56,8,168,25,2,27,195
10/31/2020,FAR,ND,AGL,CE,Combined TRACON& Tower with Radar,20,25,14,0,59,0,2,4,0,6,20,27,18,0,65,12,0,12,77
11/01/2020,FAR,ND,AGL,CE,Combined TRACON& Tower with Radar,23,21,39,5,88,0,8,31,3,42,23,29,70,8,130,50,3,53,183
11/02/2020,FAR,ND,AGL,CE,Combined TRACON& Tower with Radar,24,60,22,4,110,0,8,39,5,52,24,68,61,9,162,53,0,53,215
11/03/2020,FAR,ND,AGL,CE,Combined TRACON& Tower with Radar,26,77,21,7,131,0,14,52,7,73,26,91,73,14,204,66,4,70,274
11/04/2020,FAR,ND,AGL,CE,Combined TRACON& Tower with Radar,25,71,29,3,128,0,14,47,7,68,25,85,76,10,196,92,2,94,290
11/05/2020,FAR,ND,AGL,CE,Combined TRACON& Tower with Radar,30,85,49,7,171,0,22,49,13,84,30,107,98,20,255,94,4,98,353
11/06/2020,FAR,ND,AGL,CE,Combined TRACON& Tower with Radar,28,82,30,2,142,0,9,42,4,55,28,91,72,6,197,149,0,149,346
11/07/2020,FAR,ND,AGL,CE,Combined TRACON& Tower with Radar,25,41,24,1,91,0,5,33,0,38,25,46,57,1,129,33,0,33,162
11/08/2020,FAR,ND,AGL,CE,Combined TRACON& Tower with Radar,28,28,11,4,71,0,8,5,1,14,28,36,16,5,85,1,0,1,86
11/09/2020,FAR,ND,AGL,CE,Combined TRACON& Tower with Radar,21,48,30,20,119,0,7,11,0,18,21,55,41,20,137,46,72,118,255
11/10/2020,FAR,ND,AGL,CE,Combined TRACON& Tower with Radar,29,66,22,3,120,0,17,26,5,48,29,83,48,8,168,98,0,98,266
11/11/2020,FAR,ND,AGL,CE,Combined TRACON& Tower with Radar,27,74,44,0,145,0,4,38,0,42,27,78,82,0,187,140,0,140,327
11/12/2020,FAR,ND,AGL,CE,Combined TRACON& Tower with Radar,30,80,26,0,136,0,3,28,4,35,30,83,54,4,171,65,0,65,236
11/13/2020,FAR,ND,AGL,CE,Combined TRACON& Tower with Radar,29,67,25,1,122,0,5,43,1,49,29,72,68,2,171,43,0,43,214
11/14/2020,FAR,ND,AGL,CE,Combined TRACON& Tower with Radar,25,53,16,1,95,0,12,29,1,42,25,65,45,2,137,101,0,101,238
11/15/2020,FAR,ND,AGL,CE,Combined TRACON& Tower with Radar,28,27,23,0,78,0,2,8,0,10,28,29,31,0,88,9,0,9,97
11/16/2020,FAR,ND,AGL,CE,Combined TRACON& Tower with Radar,23,52,29,0,104,0,10,26,0,36,23,62,55,0,140,49,0,49,189
11/17/2020,FAR,ND,AGL,CE,Combined TRACON& Tower with Radar,29,64,40,1,134,0,8,39,3,50,29,72,79,4,184,62,0,62,246
11/18/2020,FAR,ND,AGL,CE,Combined TRACON& Tower with Radar,26,68,40,6,140,0,8,27,4,39,26,76,67,10,179,54,10,64,243
11/19/2020,FAR,ND,AGL,CE,Combined TRACON& Tower with Radar,30,83,31,0,144,0,0,5,0,5,30,83,36,0,149,20,2,22,171
11/20/2020,FAR,ND,AGL,CE,Combined TRACON& Tower with Radar,32,65,30,2,129,0,7,26,1,34,32,72,56,3,163,111,0,111,274
11/21/2020,FAR,ND,AGL,CE,Combined TRACON& Tower with Radar,25,38,18,1,82,0,10,25,1,36,25,48,43,2,118,51,0,51,169
11/22/2020,FAR,ND,AGL,CE,Combined TRACON& Tower with Radar,32,27,17,0,76,0,1,18,0,19,32,28,35,0,95,32,0,32,127
11/23/2020,FAR,ND,AGL,CE,Combined TRACON& Tower with Radar,27,45,20,12,104,0,12,18,0,30,27,57,38,12,134,80,22,102,236
11/24/2020,FAR,ND,AGL,CE,Combined TRACON& Tower with Radar,37,70,12,0,119,0,0,0,0,0,37,70,12,0,119,0,0,0,119
11/25/2020,FAR,ND,AGL,CE,Combined TRACON& Tower with Radar,38,68,30,16,152,0,0,4,0,4,38,68,34,16,156,24,0,24,180
11/26/2020,FAR,ND,AGL,CE,Combined TRACON& Tower with Radar,14,12,9,0,35,0,0,13,0,13,14,12,22,0,48,21,0,21,69
11/27/2020,FAR,ND,AGL,CE,Combined TRACON& Tower with Radar,27,66,20,2,115,0,12,24,0,36,27,78,44,2,151,64,0,64,215
11/28/2020,FAR,ND,AGL,CE,Combined TRACON& Tower with Radar,29,50,14,0,93,1,4,37,0,42,30,54,51,0,135,65,0,65,200
11/29/2020,FAR,ND,AGL,CE,Combined TRACON& Tower with Radar,32,19,31,0,82,0,7,21,0,28,32,26,52,0,110,23,0,23,133
11/30/2020,FAR,ND,AGL,CE,Combined TRACON& Tower with Radar,28,60,39,3,130,0,23,48,1,72,28,83,87,4,202,75,6,81,283
12/01/2020,FAR,ND,AGL,CE,Combined TRACON& Tower with Radar,35,68,45,4,152,0,14,51,2,67,35,82,96,6,219,112,4,116,335
12/02/2020,FAR,ND,AGL,CE,Combined TRACON& Tower with Radar,26,64,42,0,132,0,4,22,4,30,26,68,64,4,162,72,0,72,234
12/03/2020,FAR,ND,AGL,CE,Combined TRACON& Tower with Radar,37,85,45,3,170,0,10,50,1,61,37,95,95,4,231,86,8,94,325
12/04/2020,FAR,ND,AGL,CE,Combined TRACON& Tower with Radar,29,92,37,1,159,0,15,60,0,75,29,107,97,1,234,123,0,123,357
12/05/2020,FAR,ND,AGL,CE,Combined TRACON& Tower with Radar,22,34,19,4,79,0,2,63,4,69,22,36,82,8,148,98,2,100,248
12/06/2020,FAR,ND,AGL,CE,Combined TRACON& Tower with Radar,30,18,26,0,74,0,6,36,2,44,30,24,62,2,118,26,7,33,151
12/07/2020,FAR,ND,AGL,CE,Combined TRACON& Tower with Radar,25,62,32,5,124,0,15,60,0,75,25,77,92,5,199,166,18,184,383
12/08/2020,FAR,ND,AGL,CE,Combined TRACON& Tower with Radar,29,74,46,9,158,0,9,50,5,64,29,83,96,14,222,60,16,76,298
12/09/2020,FAR,ND,AGL,CE,Combined TRACON& Tower with Radar,28,66,39,4,137,0,8,55,2,65,28,74,94,6,202,175,8,183,385
12/10/2020,FAR,ND,AGL,CE,Combined TRACON& Tower with Radar,33,64,29,0,126,0,2,2,8,12,33,66,31,8,138,74,4,78,216
12/11/2020,FAR,ND,AGL,CE,Combined TRACON& Tower with Radar,29,68,13,0,110,0,0,0,0,0,29,68,13,0,110,0,0,0,110
12/12/2020,FAR,ND,AGL,CE,Combined TRACON& Tower with Radar,22,38,11,0,71,0,0,0,0,0,22,38,11,0,71,0,0,0,71
12/13/2020,FAR,ND,AGL,CE,Combined TRACON& Tower with Radar,26,18,11,0,55,0,0,1,2,3,26,18,12,2,58,8,4,12,70
12/14/2020,FAR,ND,AGL,CE,Combined TRACON& Tower with Radar,28,43,37,1,109,0,7,27,5,39,28,50,64,6,148,104,1,105,253
12/15/2020,FAR,ND,AGL,CE,Combined TRACON& Tower with Radar,30,62,45,2,139,0,12,23,0,35,30,74,68,2,174,72,0,72,246
12/16/2020,FAR,ND,AGL,CE,Combined TRACON& Tower with Radar,29,62,40,0,131,0,3,29,4,36,29,65,69,4,167,66,0,66,233
12/17/2020,FAR,ND,AGL,CE,Combined TRACON& Tower with Radar,37,63,33,0,133,0,1,18,10,29,37,64,51,10,162,20,2,22,184
12/18/2020,FAR,ND,AGL,CE,Combined TRACON& Tower with Radar,29,66,35,0,130,0,0,12,2,14,29,66,47,2,144,50,0,50,194
12/19/2020,FAR,ND,AGL,CE,Combined TRACON& Tower with Radar,27,47,28,0,102,0,5,38,0,43,27,52,66,0,145,94,0,94,239
12/20/2020,FAR,ND,AGL,CE,Combined TRACON& Tower with Radar,26,33,15,0,74,0,0,24,0,24,26,33,39,0,98,102,0,102,200
12/21/2020,FAR,ND,AGL,CE,Combined TRACON& Tower with Radar,27,48,30,4,109,0,0,24,0,24,27,48,54,4,133,49,0,49,182
12/22/2020,FAR,ND,AGL,CE,Combined TRACON& Tower with Radar,36,66,23,1,126,0,1,20,9,30,36,67,43,10,156,66,0,66,222
12/23/2020,FAR,ND,AGL,CE,Combined TRACON& Tower with Radar,18,16,3,0,37,0,0,0,1,1,18,16,3,1,38,0,0,0,38
12/24/2020,FAR,ND,AGL,CE,Combined TRACON& Tower with Radar,30,60,11,0,101,0,3,2,0,5,30,63,13,0,106,0,0,0,106
12/25/2020,FAR,ND,AGL,CE,Combined TRACON& Tower with Radar,6,20,6,0,32,0,0,2,0,2,6,20,8,0,34,0,0,0,34
12/26/2020,FAR,ND,AGL,CE,Combined TRACON& Tower with Radar,22,35,26,0,83,0,0,22,0,22,22,35,48,0,105,23,0,23,128
12/27/2020,FAR,ND,AGL,CE,Combined TRACON& Tower with Radar,24,27,22,0,73,0,0,2,1,3,24,27,24,1,76,0,0,0,76
12/28/2020,FAR,ND,AGL,CE,Combined TRACON& Tower with Radar,21,39,18,2,80,0,0,39,0,39,21,39,57,2,119,44,0,44,163
12/29/2020,FAR,ND,AGL,CE,Combined TRACON& Tower with Radar,28,65,9,0,102,0,2,9,0,11,28,67,18,0,113,23,10,33,146
12/30/2020,FAR,ND,AGL,CE,Combined TRACON& Tower with Radar,30,63,20,0,113,0,1,30,9,40,30,64,50,9,153,74,12,86,239
12/31/2020,FAR,ND,AGL,CE,Combined TRACON& Tower with Radar,24,67,19,1,111,0,6,37,7,50,24,73,56,8,161,58,30,88,249
01/01/2021,FAR,ND,AGL,CE,Combined TRACON& Tower with Radar,14,28,4,0,46,0,0,0,0,0,14,28,4,0,46,0,0,0,46
01/02/2021,FAR,ND,AGL,CE,Combined TRACON& Tower with Radar,21,32,28,0,81,0,0,26,0,26,21,32,54,0,107,26,0,26,133
01/03/2021,FAR,ND,AGL,CE,Combined TRACON& Tower with Radar,24,21,27,0,72,0,2,42,0,44,24,23,69,0,116,42,10,52,168
01/04/2021,FAR,ND,AGL,CE,Combined TRACON& Tower with Radar,23,46,29,7,105,0,2,45,3,50,23,48,74,10,155,61,4,65,220
01/05/2021,FAR,ND,AGL,CE,Combined TRACON& Tower with Radar,31,60,28,1,120,0,0,29,11,40,31,60,57,12,160,55,24,79,239
01/06/2021,FAR,ND,AGL,CE,Combined TRACON& Tower with Radar,26,63,36,7,132,0,0,41,8,49,26,63,77,15,181,94,54,148,329
01/07/2021,FAR,ND,AGL,CE,Combined TRACON& Tower with Radar,30,55,23,9,117,0,0,0,0,0,30,55,23,9,117,0,0,0,117
01/08/2021,FAR,ND,AGL,CE,Combined TRACON& Tower with Radar,30,53,12,0,95,0,0,0,0,0,30,53,12,0,95,0,0,0,95
01/09/2021,FAR,ND,AGL,CE,Combined TRACON& Tower with Radar,22,32,4,0,58,0,0,0,0,0,22,32,4,0,58,0,0,0,58
01/10/2021,FAR,ND,AGL,CE,Combined TRACON& Tower with Radar,27,15,26,2,70,0,2,27,8,37,27,17,53,10,107,44,18,62,169
01/11/2021,FAR,ND,AGL,CE,Combined TRACON& Tower with Radar,24,41,55,4,124,0,0,45,1,46,24,41,100,5,170,121,0,121,291
01/12/2021,FAR,ND,AGL,CE,Combined TRACON& Tower with Radar,27,74,49,7,157,0,11,45,2,58,27,85,94,9,215,110,2,112,327
01/13/2021,FAR,ND,AGL,CE,Combined TRACON& Tower with Radar,26,68,41,3,138,0,7,43,4,54,26,75,84,7,192,76,4,80,272
01/14/2021,FAR,ND,AGL,CE,Combined TRACON& Tower with Radar,32,30,29,6,97,0,1,2,0,3,32,31,31,6,100,0,0,0,100
01/15/2021,FAR,ND,AGL,CE,Combined TRACON& Tower with Radar,32,55,15,0,102,0,0,0,0,0,32,55,15,0,102,0,0,0,102
01/16/2021,FAR,ND,AGL,CE,Combined TRACON& Tower with Radar,23,27,11,0,61,0,0,8,0,8,23,27,19,0,69,14,0,14,83
01/17/2021,FAR,ND,AGL,CE,Combined TRACON& Tower with Radar,24,14,14,0,52,0,0,2,0,2,24,14,16,0,54,2,0,2,56
01/18/2021,FAR,ND,AGL,CE,Combined TRACON& Tower with Radar,26,43,31,0,100,0,0,1,0,1,26,43,32,0,101,12,0,12,113
01/19/2021,FAR,ND,AGL,CE,Combined TRACON& Tower with Radar,27,71,20,0,118,0,4,18,2,24,27,75,38,2,142,51,0,51,193
01/20/2021,FAR,ND,AGL,CE,Combined TRACON& Tower with Radar,26,46,38,0,110,0,0,16,6,22,26,46,54,6,132,16,0,16,148
01/21/2021,FAR,ND,AGL,CE,Combined TRACON& Tower with Radar,34,61,37,12,144,0,6,22,4,32,34,67,59,16,176,40,48,88,264
01/22/2021,FAR,ND,AGL,CE,Combined TRACON& Tower with Radar,30,53,35,0,118,0,2,21,2,25,30,55,56,2,143,104,2,106,249
01/23/2021,FAR,ND,AGL,CE,Combined TRACON& Tower with Radar,22,31,13,0,66,0,2,7,0,9,22,33,20,0,75,32,0,32,107
01/24/2021,FAR,ND,AGL,CE,Combined TRACON& Tower with Radar,29,17,22,0,68,0,10,47,2,59,29,27,69,2,127,85,2,87,214
01/25/2021,FAR,ND,AGL,CE,Combined TRACON& Tower with Radar,25,42,29,1,97,0,3,38,5,46,25,45,67,6,143,113,0,113,256
01/26/2021,FAR,ND,AGL,CE,Combined TRACON& Tower with Radar,26,61,35,0,122,0,2,2,0,4,26,63,37,0,126,18,0,18,144
01/27/2021,FAR,ND,AGL,CE,Combined TRACON& Tower with Radar,26,59,37,0,122,0,2,23,2,27,26,61,60,2,149,91,0,91,240
01/28/2021,FAR,ND,AGL,CE,Combined TRACON& Tower with Radar,34,53,23,0,110,0,6,10,5,21,34,59,33,5,131,11,16,27,158
01/29/2021,FAR,ND,AGL,CE,Combined TRACON& Tower with Radar,31,66,29,0,126,0,0,0,0,0,31,66,29,0,126,0,0,0,126
01/30/2021,FAR,ND,AGL,CE,Combined TRACON& Tower with Radar,22,26,10,0,58,0,0,0,0,0,22,26,10,0,58,0,0,0,58
01/31/2021,FAR,ND,AGL,CE,Combined TRACON& Tower with Radar,29,17,12,0,58,0,0,12,0,12,29,17,24,0,70,40,0,40,110
02/01/2021,FAR,ND,AGL,CE,Combined TRACON& Tower with Radar,26,35,18,0,79,0,0,4,0,4,26,35,22,0,83,10,0,10,93
02/02/2021,FAR,ND,AGL,CE,Combined TRACON& Tower with Radar,26,63,26,0,115,0,0,0,0,0,26,63,26,0,115,2,0,2,117
02/03/2021,FAR,ND,AGL,CE,Combined TRACON& Tower with Radar,26,57,20,0,103,0,0,0,0,0,26,57,20,0,103,2,1,3,106
02/04/2021,FAR,ND,AGL,CE,Combined TRACON& Tower with Radar,35,50,30,0,115,0,0,11,2,13,35,50,41,2,128,2,4,6,134
02/05/2021,FAR,ND,AGL,CE,Combined TRACON& Tower with Radar,31,54,39,0,124,0,0,18,0,18,31,54,57,0,142,20,0,20,162
02/06/2021,FAR,ND,AGL,CE,Combined TRACON& Tower with Radar,22,22,9,0,53,0,2,24,1,27,22,24,33,1,80,26,0,26,106
02/07/2021,FAR,ND,AGL,CE,Combined TRACON& Tower with Radar,27,28,11,0,66,0,1,20,1,22,27,29,31,1,88,9,0,9,97
02/08/2021,FAR,ND,AGL,CE,Combined TRACON& Tower with Radar,23,41,36,2,102,0,6,18,2,26,23,47,54,4,128,61,4,65,193
02/09/2021,FAR,ND,AGL,CE,Combined TRACON& Tower with Radar,30,67,33,0,130,0,18,27,0,45,30,85,60,0,175,47,6,53,228
02/10/2021,FAR,ND,AGL,CE,Combined TRACON& Tower with Radar,30,63,41,6,140,0,8,25,4,37,30,71,66,10,177,71,10,81,258
02/11/2021,FAR,ND,AGL,CE,Combined TRACON& Tower with Radar,32,47,40,9,128,0,3,14,0,17,32,50,54,9,145,42,32,74,219
02/12/2021,FAR,ND,AGL,CE,Combined TRACON& Tower with Radar,32,64,26,0,122,0,5,16,0,21,32,69,42,0,143,85,0,85,228
02/13/2021,FAR,ND,AGL,CE,Combined TRACON& Tower with Radar,34,37,14,0,85,0,0,3,0,3,34,37,17,0,88,64,1,65,153
02/14/2021,FAR,ND,AGL,CE,Combined TRACON& Tower with Radar,29,12,22,0,63,0,2,18,0,20,29,14,40,0,83,38,0,38,121
02/15/2021,FAR,ND,AGL,CE,Combined TRACON& Tower with Radar,20,57,34,0,111,0,8,10,0,18,20,65,44,0,129,44,0,44,173
02/16/2021,FAR,ND,AGL,CE,Combined TRACON& Tower with Radar,21,66,26,0,113,0,14,23,6,43,21,80,49,6,156,138,0,138,294
02/17/2021,FAR,ND,AGL,CE,Combined TRACON& Tower with Radar,24,46,51,0,121,0,0,3,0,3,24,46,54,0,124,44,22,66,190
02/18/2021,FAR,ND,AGL,CE,Combined TRACON& Tower with Radar,30,59,37,6,132,0,2,16,4,22,30,61,53,10,154,6,5,11,165
02/19/2021,FAR,ND,AGL,CE,Combined TRACON& Tower with Radar,28,66,28,4,126,0,10,41,7,58,28,76,69,11,184,130,2,132,316
02/20/2021,FAR,ND,AGL,CE,Combined TRACON& Tower with Radar,28,35,22,1,86,0,4,43,7,54,28,39,65,8,140,103,0,103,243
02/21/2021,FAR,ND,AGL,CE,Combined TRACON& Tower with Radar,34,16,32,0,82,0,3,48,3,54,34,19,80,3,136,116,13,129,265
02/22/2021,FAR,ND,AGL,CE,Combined TRACON& Tower with Radar,29,35,22,0,86,0,4,19,2,25,29,39,41,2,111,86,0,86,197
02/23/2021,FAR,ND,AGL,CE,Combined TRACON& Tower with Radar,30,74,21,0,125,0,4,15,2,21,30,78,36,2,146,110,0,110,256
02/24/2021,FAR,ND,AGL,CE,Combined TRACON& Tower with Radar,30,65,59,0,154,0,0,25,6,31,30,65,84,6,185,80,30,110,295
02/25/2021,FAR,ND,AGL,CE,Combined TRACON& Tower with Radar,39,69,32,5,145,0,9,43,7,59,39,78,75,12,204,101,4,105,309
02/26/2021,FAR,ND,AGL,CE,Combined TRACON& Tower with Radar,35,64,29,4,132,0,7,32,0,39,35,71,61,4,171,134,15,149,320
02/27/2021,FAR,ND,AGL,CE,Combined TRACON& Tower with Radar,29,30,22,0,81,0,0,0,0,0,29,30,22,0,81,0,0,0,81
02/28/2021,FAR,ND,AGL,CE,Combined TRACON& Tower with Radar,32,23,20,0,75,0,9,53,5,67,32,32,73,5,142,58,0,58,200
03/01/2021,FAR,ND,AGL,CE,Combined TRACON& Tower with Radar,31,50,23,0,104,0,8,23,0,31,31,58,46,0,135,151,0,151,286
03/02/2021,FAR,ND,AGL,CE,Combined TRACON& Tower with Radar,32,77,33,2,144,0,9,48,2,59,32,86,81,4,203,124,0,124,327
03/03/2021,FAR,ND,AGL,CE,Combined TRACON& Tower with Radar,37,68,38,2,145,0,10,35,4,49,37,78,73,6,194,200,2,202,396
03/04/2021,FAR,ND,AGL,CE,Combined TRACON& Tower with Radar,38,78,46,2,164,0,20,42,13,75,38,98,88,15,239,188,4,192,431
03/05/2021,FAR,ND,AGL,CE,Combined TRACON& Tower with Radar,33,61,45,11,150,0,10,55,3,68,33,71,100,14,218,56,34,90,308
03/06/2021,FAR,ND,AGL,CE,Combined TRACON& Tower with Radar,29,31,22,0,82,0,6,39,0,45,29,37,61,0,127,52,0,52,179
03/07/2021,FAR,ND,AGL,CE,Combined TRACON& Tower with Radar,36,24,20,4,84,0,6,39,0,45,36,30,59,4,129,20,0,20,149
03/08/2021,FAR,ND,AGL,CE,Combined TRACON& Tower with Radar,28,54,33,0,115,0,12,37,1,50,28,66,70,1,165,105,1,106,271
03/09/2021,FAR,ND,AGL,CE,Combined TRACON& Tower with Radar,39,57,38,0,134,0,7,22,0,29,39,64,60,0,163,14,0,14,177
03/10/2021,FAR,ND,AGL,CE,Combined TRACON& Tower with Radar,34,64,36,2,136,0,0,0,0,0,34,64,36,2,136,2,0,2,138
03/11/2021,FAR,ND,AGL,CE,Combined TRACON& Tower with Radar,42,65,61,0,168,0,14,41,5,60,42,79,102,5,228,123,0,123,351
03/12/2021,FAR,ND,AGL,CE,Combined TRACON& Tower with Radar,33,70,44,7,154,0,9,49,2,60,33,79,93,9,214,144,0,144,358
03/13/2021,FAR,ND,AGL,CE,Combined TRACON& Tower with Radar,28,44,24,0,96,0,10,21,0,31,28,54,45,0,127,113,9,122,249
03/14/2021,FAR,ND,AGL,CE,Combined TRACON& Tower with Radar,32,12,18,0,62,0,4,17,3,24,32,16,35,3,86,75,0,75,161
03/15/2021,FAR,ND,AGL,CE,Combined TRACON& Tower with Radar,30,31,33,0,94,0,0,9,0,9,30,31,42,0,103,19,0,19,122
03/16/2021,FAR,ND,AGL,CE,Combined TRACON& Tower with Radar,40,58,23,2,123,0,0,1,0,1,40,58,24,2,124,51,0,51,175
03/17/2021,FAR,ND,AGL,CE,Combined TRACON& Tower with Radar,33,64,42,0,139,0,0,20,0,20,33,64,62,0,159,62,0,62,221
03/18/2021,FAR,ND,AGL,CE,Combined TRACON& Tower with Radar,41,62,47,3,153,0,23,39,7,69,41,85,86,10,222,115,1,116,338
03/19/2021,FAR,ND,AGL,CE,Combined TRACON& Tower with Radar,34,55,25,4,118,0,16,20,4,40,34,71,45,8,158,64,12,76,234
03/20/2021,FAR,ND,AGL,CE,Combined TRACON& Tower with Radar,34,30,20,0,84,0,6,12,0,18,34,36,32,0,102,8,0,8,110
03/21/2021,FAR,ND,AGL,CE,Combined TRACON& Tower with Radar,42,9,21,0,72,0,2,16,0,18,42,11,37,0,90,23,1,24,114
03/22/2021,FAR,ND,AGL,CE,Combined TRACON& Tower with Radar,30,39,35,0,104,0,17,45,5,67,30,56,80,5,171,150,0,150,321
03/23/2021,FAR,ND,AGL,CE,Combined TRACON& Tower with Radar,37,64,32,4,137,0,2,43,5,50,37,66,75,9,187,154,2,156,343
03/24/2021,FAR,ND,AGL,CE,Combined TRACON& Tower with Radar,32,70,41,18,161,0,16,28,10,54,32,86,69,28,215,74,90,164,379
03/25/2021,FAR,ND,AGL,CE,Combined TRACON& Tower with Radar,41,68,37,15,161,0,8,49,5,62,41,76,86,20,223,141,26,167,390
03/26/2021,FAR,ND,AGL,CE,Combined TRACON& Tower with Radar,38,62,28,5,133,0,2,22,0,24,38,64,50,5,157,76,0,76,233
03/27/2021,FAR,ND,AGL,CE,Combined TRACON& Tower with Radar,29,36,25,0,90,0,6,12,0,18,29,42,37,0,108,30,0,30,138
03/28/2021,FAR,ND,AGL,CE,Combined TRACON& Tower with Radar,39,16,29,1,85,0,4,45,3,52,39,20,74,4,137,35,0,35,172
03/29/2021,FAR,ND,AGL,CE,Combined TRACON& Tower with Radar,25,26,15,0,66,0,5,3,0,8,25,31,18,0,74,28,0,28,102
03/30/2021,FAR,ND,AGL,CE,Combined TRACON& Tower with Radar,42,70,20,0,132,0,0,1,0,1,42,70,21,0,133,4,0,4,137
03/31/2021,FAR,ND,AGL,CE,Combined TRACON& Tower with Radar,36,75,54,9,174,0,20,52,11,83,36,95,106,20,257,122,40,162,419
04/01/2021,FAR,ND,AGL,CE,Combined TRACON& Tower with Radar,43,77,42,1,163,0,10,46,4,60,43,87,88,5,223,105,0,105,328
04/02/2021,FAR,ND,AGL,CE,Combined TRACON& Tower with Radar,36,67,26,0,129,0,26,20,0,46,36,93,46,0,175,51,1,52,227
04/03/2021,FAR,ND,AGL,CE,Combined TRACON& Tower with Radar,32,30,15,0,77,0,13,67,1,81,32,43,82,1,158,48,0,48,206
04/04/2021,FAR,ND,AGL,CE,Combined TRACON& Tower with Radar,41,14,25,0,80,0,1,13,0,14,41,15,38,0,94,0,0,0,94
04/05/2021,FAR,ND,AGL,CE,Combined TRACON& Tower with Radar,31,52,59,0,142,0,14,40,2,56,31,66,99,2,198,85,0,85,283
04/06/2021,FAR,ND,AGL,CE,Combined TRACON& Tower with Radar,36,70,31,0,137,0,19,17,0,36,36,89,48,0,173,94,1,95,268
04/07/2021,FAR,ND,AGL,CE,Combined TRACON& Tower with Radar,34,67,48,0,149,0,6,9,0,15,34,73,57,0,164,4,0,4,168
04/08/2021,FAR,ND,AGL,CE,Combined TRACON& Tower with Radar,42,65,53,0,160,0,0,0,0,0,42,65,53,0,160,5,0,5,165
04/09/2021,FAR,ND,AGL,CE,Combined TRACON& Tower with Radar,39,62,52,9,162,0,6,7,0,13,39,68,59,9,175,56,6,62,237
04/10/2021,FAR,ND,AGL,CE,Combined TRACON& Tower with Radar,34,41,33,3,111,0,12,48,2,62,34,53,81,5,173,113,0,113,286
04/11/2021,FAR,ND,AGL,CE,Combined TRACON& Tower with Radar,33,26,32,2,93,0,8,23,3,34,33,34,55,5,127,68,0,68,195
04/12/2021,FAR,ND,AGL,CE,Combined TRACON& Tower with Radar,32,40,17,2,91,0,0,0,0,0,32,40,17,2,91,3,0,3,94
04/13/2021,FAR,ND,AGL,CE,Combined TRACON& Tower with Radar,32,72,40,0,144,0,0,0,0,0,32,72,40,0,144,2,0,2,146
04/14/2021,FAR,ND,AGL,CE,Combined TRACON& Tower with Radar,30,54,50,2,136,0,2,4,0,6,30,56,54,2,142,6,0,6,148
04/15/2021,FAR,ND,AGL,CE,Combined TRACON& Tower with Radar,38,66,59,0,163,0,2,4,7,13,38,68,63,7,176,16,0,16,192
04/16/2021,FAR,ND,AGL,CE,Combined TRACON& Tower with Radar,35,60,36,0,131,0,11,58,2,71,35,71,94,2,202,106,0,106,308
04/17/2021,FAR,ND,AGL,CE,Combined TRACON& Tower with Radar,25,47,22,0,94,0,16,57,0,73,25,63,79,0,167,60,0,60,227
04/18/2021,FAR,ND,AGL,CE,Combined TRACON& Tower with Radar,29,17,28,0,74,0,2,15,0,17,29,19,43,0,91,9,3,12,103
04/19/2021,FAR,ND,AGL,CE,Combined TRACON& Tower with Radar,33,50,36,0,119,0,26,27,2,55,33,76,63,2,174,89,7,96,270
04/20/2021,FAR,ND,AGL,CE,Combined TRACON& Tower with Radar,35,71,39,0,145,0,12,48,0,60,35,83,87,0,205,119,0,119,324
04/21/2021,FAR,ND,AGL,CE,Combined TRACON& Tower with Radar,32,52,42,3,129,0,30,53,5,88,32,82,95,8,217,112,0,112,329
04/22/2021,FAR,ND,AGL,CE,Combined TRACON& Tower with Radar,38,92,43,0,173,0,26,57,10,93,38,118,100,10,266,106,19,125,391
04/23/2021,FAR,ND,AGL,CE,Combined TRACON& Tower with Radar,35,56,26,2,119,0,2,5,0,7,35,58,31,2,126,57,20,77,203
04/24/2021,FAR,ND,AGL,CE,Combined TRACON& Tower with Radar,30,38,23,0,91,0,20,65,0,85,30,58,88,0,176,131,0,131,307
04/25/2021,FAR,ND,AGL,CE,Combined TRACON& Tower with Radar,30,15,26,0,71,0,1,6,0,7,30,16,32,0,78,4,0,4,82
04/26/2021,FAR,ND,AGL,CE,Combined TRACON& Tower with Radar,31,47,55,2,135,0,0,8,2,10,31,47,63,4,145,145,20,165,310
04/27/2021,FAR,ND,AGL,CE,Combined TRACON& Tower with Radar,34,70,39,7,150,0,17,54,14,85,34,87,93,21,235,153,28,181,416
04/28/2021,FAR,ND,AGL,CE,Combined TRACON& Tower with Radar,34,70,75,3,182,0,0,45,8,53,34,70,120,11,235,120,0,120,355
04/29/2021,FAR,ND,AGL,CE,Combined TRACON& Tower with Radar,37,54,42,0,133,0,12,32,7,51,37,66,74,7,184,48,0,48,232
04/30/2021,FAR,ND,AGL,CE,Combined TRACON& Tower with Radar,38,72,41,2,153,0,16,56,1,73,38,88,97,3,226,106,1,107,333
05/01/2021,FAR,ND,AGL,CE,Combined TRACON& Tower with Radar,24,44,25,2,95,0,11,46,6,63,24,55,71,8,158,82,6,88,246
05/02/2021,FAR,ND,AGL,CE,Combined TRACON& Tower with Radar,30,19,33,3,85,0,2,33,2,37,30,21,66,5,122,62,2,64,186
05/03/2021,FAR,ND,AGL,CE,Combined TRACON& Tower with Radar,34,38,38,3,113,0,14,3,0,17,34,52,41,3,130,29,0,29,159
05/04/2021,FAR,ND,AGL,CE,Combined TRACON& Tower with Radar,32,90,39,5,166,0,31,70,4,105,32,121,109,9,271,60,6,66,337
05/05/2021,FAR,ND,AGL,CE,Combined TRACON& Tower with Radar,30,58,44,1,133,0,8,29,6,43,30,66,73,7,176,82,2,84,260
05/06/2021,FAR,ND,AGL,CE,Combined TRACON& Tower with Radar,34,72,46,1,153,0,20,39,13,72,34,92,85,14,225,39,6,45,270
05/07/2021,FAR,ND,AGL,CE,Combined TRACON& Tower with Radar,37,74,36,4,151,0,14,44,6,64,37,88,80,10,215,108,8,116,331
05/08/2021,FAR,ND,AGL,CE,Combined TRACON& Tower with Radar,30,48,25,2,105,0,10,54,0,64,30,58,79,2,169,70,0,70,239
05/09/2021,FAR,ND,AGL,CE,Combined TRACON& Tower with Radar,32,10,22,0,64,0,6,24,0,30,32,16,46,0,94,89,0,89,183
05/10/2021,FAR,ND,AGL,CE,Combined TRACON& Tower with Radar,35,47,49,2,133,0,7,57,2,66,35,54,106,4,199,46,0,46,245
05/11/2021,FAR,ND,AGL,CE,Combined TRACON& Tower with Radar,35,60,48,1,144,0,7,47,3,57,35,67,95,4,201,111,18,129,330
05/12/2021,FAR,ND,AGL,CE,Combined TRACON& Tower with Radar,34,84,58,1,177,0,9,45,7,61,34,93,103,8,238,104,18,122,360
05/13/2021,FAR,ND,AGL,CE,Combined TRACON& Tower with Radar,36,57,64,3,160,0,10,39,3,52,36,67,103,6,212,32,0,32,244
05/14/2021,FAR,ND,AGL,CE,Combined TRACON& Tower with Radar,37,67,51,1,156,0,7,38,5,50,37,74,89,6,206,78,24,102,308
05/15/2021,FAR,ND,AGL,CE,Combined TRACON& Tower with Radar,29,38,16,4,87,0,15,45,4,64,29,53,61,8,151,74,0,74,225
05/16/2021,FAR,ND,AGL,CE,Combined TRACON& Tower with Radar,32,15,15,0,62,0,1,32,1,34,32,16,47,1,96,41,0,41,137
05/17/2021,FAR,ND,AGL,CE,Combined TRACON& Tower with Radar,37,68,37,0,142,0,5,43,2,50,37,73,80,2,192,86,0,86,278
05/18/2021,FAR,ND,AGL,CE,Combined TRACON& Tower with Radar,37,84,36,3,160,0,2,24,1,27,37,86,60,4,187,49,2,51,238
05/19/2021,FAR,ND,AGL,CE,Combined TRACON& Tower with Radar,37,56,58,7,158,0,3,33,1,37,37,59,91,8,195,82,44,126,321
05/20/2021,FAR,ND,AGL,CE,Combined TRACON& Tower with Radar,36,51,48,0,135,0,1,10,0,11,36,52,58,0,146,10,0,10,156
05/21/2021,FAR,ND,AGL,CE,Combined TRACON& Tower with Radar,38,72,52,2,164,0,2,25,2,29,38,74,77,4,193,24,16,40,233
05/22/2021,FAR,ND,AGL,CE,Combined TRACON& Tower with Radar,30,37,18,0,85,0,0,3,0,3,30,37,21,0,88,1,0,1,89
05/23/2021,FAR,ND,AGL,CE,Combined TRACON& Tower with Radar,32,18,31,0,81,0,0,2,0,2,32,18,33,0,83,10,0,10,93
05/24/2021,FAR,ND,AGL,CE,Combined TRACON& Tower with Radar,36,48,40,0,124,0,5,20,3,28,36,53,60,3,152,20,1,21,173
05/25/2021,FAR,ND,AGL,CE,Combined TRACON& Tower with Radar,35,62,35,2,134,0,5,11,2,18,35,67,46,4,152,10,6,16,168
05/26/2021,FAR,ND,AGL,CE,Combined TRACON& Tower with Radar,36,53,61,6,156,0,7,34,2,43,36,60,95,8,199,134,21,155,354
05/27/2021,FAR,ND,AGL,CE,Combined TRACON& Tower with Radar,36,64,37,0,137,0,19,31,2,52,36,83,68,2,189,149,0,149,338
05/28/2021,FAR,ND,AGL,CE,Combined TRACON& Tower with Radar,38,84,39,3,164,0,12,44,3,59,38,96,83,6,223,104,4,108,331
05/29/2021,FAR,ND,AGL,CE,Combined TRACON& Tower with Radar,27,26,16,0,69,0,6,8,1,15,27,32,24,1,84,11,2,13,97
05/30/2021,FAR,ND,AGL,CE,Combined TRACON& Tower with Radar,26,6,13,0,45,0,3,16,2,21,26,9,29,2,66,64,0,64,130
05/31/2021,FAR,ND,AGL,CE,Combined TRACON& Tower with Radar,30,25,19,0,74,0,10,56,0,66,30,35,75,0,140,74,0,74,214
06/01/2021,FAR,ND,AGL,CE,Combined TRACON& Tower with Radar,32,54,48,0,134,0,13,50,4,67,32,67,98,4,201,133,0,133,334
06/02/2021,FAR,ND,AGL,CE,Combined TRACON& Tower with Radar,42,66,40,4,152,0,33,51,5,89,42,99,91,9,241,230,6,236,477
06/03/2021,FAR,ND,AGL,CE,Combined TRACON& Tower with Radar,38,77,28,3,146,0,14,40,6,60,38,91,68,9,206,81,2,83,289
06/04/2021,FAR,ND,AGL,CE,Combined TRACON& Tower with Radar,36,62,33,3,134,0,6,42,5,53,36,68,75,8,187,82,0,82,269
06/05/2021,FAR,ND,AGL,CE,Combined TRACON& Tower with Radar,27,42,15,0,84,0,10,25,2,37,27,52,40,2,121,22,0,22,143
06/06/2021,FAR,ND,AGL,CE,Combined TRACON& Tower with Radar,26,19,25,2,72,0,4,20,4,28,26,23,45,6,100,27,0,27,127
06/07/2021,FAR,ND,AGL,CE,Combined TRACON& Tower with Radar,36,56,37,7,136,0,6,35,1,42,36,62,72,8,178,136,0,136,314
06/08/2021,FAR,ND,AGL,CE,Combined TRACON& Tower with Radar,35,64,58,16,173,0,21,30,5,56,35,85,88,21,229,67,32,99,328
06/09/2021,FAR,ND,AGL,CE,Combined TRACON& Tower with Radar,39,71,67,11,188,0,11,55,5,71,39,82,122,16,259,63,0,63,322
06/10/2021,FAR,ND,AGL,CE,Combined TRACON& Tower with Radar,35,71,66,8,180,0,21,34,11,66,35,92,100,19,246,98,2,100,346
06/11/2021,FAR,ND,AGL,CE,Combined TRACON& Tower with Radar,36,59,29,2,126,0,8,20,2,30,36,67,49,4,156,22,0,22,178
06/12/2021,FAR,ND,AGL,CE,Combined TRACON& Tower with Radar,29,49,19,0,97,0,18,55,12,85,29,67,74,12,182,116,0,116,298
06/13/2021,FAR,ND,AGL,CE,Combined TRACON& Tower with Radar,28,22,33,0,83,0,2,43,4,49,28,24,76,4,132,108,0,108,240
06/14/2021,FAR,ND,AGL,CE,Combined TRACON& Tower with Radar,33,45,42,5,125,0,4,55,1,60,33,49,97,6,185,135,0,135,320
06/15/2021,FAR,ND,AGL,CE,Combined TRACON& Tower with Radar,36,66,48,3,153,0,30,59,3,92,36,96,107,6,245,279,10,289,534
06/16/2021,FAR,ND,AGL,CE,Combined TRACON& Tower with Radar,36,66,58,0,160,0,16,32,0,48,36,82,90,0,208,128,0,128,336
06/17/2021,FAR,ND,AGL,CE,Combined TRACON& Tower with Radar,36,60,73,3,172,0,29,71,14,114,36,89,144,17,286,197,0,197,483
06/18/2021,FAR,ND,AGL,CE,Combined TRACON& Tower with Radar,38,72,42,4,156,0,4,66,0,70,38,76,108,4,226,87,0,87,313
06/19/2021,FAR,ND,AGL,CE,Combined TRACON& Tower with Radar,33,30,29,0,92,0,11,70,2,83,33,41,99,2,175,169,0,169,344
06/20/2021,FAR,ND,AGL,CE,Combined TRACON& Tower with Radar,30,20,35,0,85,0,2,1,0,3,30,22,36,0,88,22,0,22,110
06/21/2021,FAR,ND,AGL,CE,Combined TRACON& Tower with Radar,33,46,36,0,115,0,6,33,2,41,33,52,69,2,156,109,1,110,266
06/22/2021,FAR,ND,AGL,CE,Combined TRACON& Tower with Radar,36,76,48,5,165,0,18,48,2,68,36,94,96,7,233,205,0,205,438
06/23/2021,FAR,ND,AGL,CE,Combined TRACON& Tower with Radar,39,55,56,2,152,0,6,39,3,48,39,61,95,5,200,102,0,102,302
06/24/2021,FAR,ND,AGL,CE,Combined TRACON& Tower with Radar,35,80,40,6,161,0,16,66,6,88,35,96,106,12,249,162,20,182,431
06/25/2021,FAR,ND,AGL,CE,Combined TRACON& Tower with Radar,36,76,47,1,160,0,10,33,0,43,36,86,80,1,203,144,0,144,347
06/26/2021,FAR,ND,AGL,CE,Combined TRACON& Tower with Radar,30,42,33,0,105,0,4,14,0,18,30,46,47,0,123,10,1,11,134
06/27/2021,FAR,ND,AGL,CE,Combined TRACON& Tower with Radar,27,17,26,0,70,0,6,27,0,33,27,23,53,0,103,43,0,43,146
06/28/2021,FAR,ND,AGL,CE,Combined TRACON& Tower with Radar,34,43,62,0,139,0,3,34,5,42,34,46,96,5,181,144,0,144,325
06/29/2021,FAR,ND,AGL,CE,Combined TRACON& Tower with Radar,37,74,38,5,154,0,14,70,9,93,37,88,108,14,247,186,36,222,469
06/30/2021,FAR,ND,AGL,CE,Combined TRACON& Tower with Radar,38,76,50,5,169,0,22,66,3,91,38,98,116,8,260,226,18,244,504
07/01/2021,FAR,ND,AGL,CE,Combined TRACON& Tower with Radar,35,78,40,2,155,0,18,70,11,99,35,96,110,13,254,151,0,151,405
07/02/2021,FAR,ND,AGL,CE,Combined TRACON& Tower with Radar,32,71,46,2,151,0,5,70,4,79,32,76,116,6,230,141,6,147,377
07/03/2021,FAR,ND,AGL,CE,Combined TRACON& Tower with Radar,31,44,20,0,95,0,2,39,2,43,31,46,59,2,138,52,1,53,191
07/04/2021,FAR,ND,AGL,CE,Combined TRACON& Tower with Radar,25,14,10,0,49,0,4,17,0,21,25,18,27,0,70,38,0,38,108
07/05/2021,FAR,ND,AGL,CE,Combined TRACON& Tower with Radar,27,25,27,0,79,0,0,52,2,54,27,25,79,2,133,79,0,79,212
07/06/2021,FAR,ND,AGL,CE,Combined TRACON& Tower with Radar,28,72,41,9,150,0,4,14,0,18,28,76,55,9,168,134,24,158,326
07/07/2021,FAR,ND,AGL,CE,Combined TRACON& Tower with Radar,40,94,46,8,188,0,10,42,0,52,40,104,88,8,240,251,2,253,493
07/08/2021,FAR,ND,AGL,CE,Combined TRACON& Tower with Radar,35,85,36,6,162,0,10,42,6,58,35,95,78,12,220,190,4,194,414
07/09/2021,FAR,ND,AGL,CE,Combined TRACON& Tower with Radar,37,83,33,0,153,0,8,41,6,55,37,91,74,6,208,129,32,161,369
07/10/2021,FAR,ND,AGL,CE,Combined TRACON& Tower with Radar,32,56,26,0,114,0,8,45,1,54,32,64,71,1,168,275,0,275,443
07/11/2021,FAR,ND,AGL,CE,Combined TRACON& Tower with Radar,31,25,14,0,70,0,5,36,2,43,31,30,50,2,113,78,0,78,191
07/12/2021,FAR,ND,AGL,CE,Combined TRACON& Tower with Radar,31,57,53,0,141,0,12,44,0,56,31,69,97,0,197,228,0,228,425
07/13/2021,FAR,ND,AGL,CE,Combined TRACON& Tower with Radar,36,82,46,5,169,0,14,72,3,89,36,96,118,8,258,221,10,231,489
07/14/2021,FAR,ND,AGL,CE,Combined TRACON& Tower with Radar,38,64,56,0,158,0,17,42,2,61,38,81,98,2,219,280,36,316,535
07/15/2021,FAR,ND,AGL,CE,Combined TRACON& Tower with Radar,33,64,54,7,158,0,11,49,8,68,33,75,103,15,226,209,6,215,441
07/16/2021,FAR,ND,AGL,CE,Combined TRACON& Tower with Radar,34,64,53,1,152,0,22,44,5,71,34,86,97,6,223,140,4,144,367
07/17/2021,FAR,ND,AGL,CE,Combined TRACON& Tower with Radar,33,52,29,0,114,0,6,38,2,46,33,58,67,2,160,85,1,86,246
07/18/2021,FAR,ND,AGL,CE,Combined TRACON& Tower with Radar,29,17,31,0,77,0,3,21,2,26,29,20,52,2,103,38,1,39,142
07/19/2021,FAR,ND,AGL,CE,Combined TRACON& Tower with Radar,31,39,62,4,136,0,3,35,0,38,31,42,97,4,174,77,0,77,251
07/20/2021,FAR,ND,AGL,CE,Combined TRACON& Tower with Radar,33,83,62,1,179,0,0,33,2,35,33,83,95,3,214,226,2,228,442
07/21/2021,FAR,ND,AGL,CE,Combined TRACON& Tower with Radar,39,64,80,10,193,0,17,36,5,58,39,81,116,15,251,146,6,152,403
07/22/2021,FAR,ND,AGL,CE,Combined TRACON& Tower with Radar,34,66,46,4,150,0,8,57,1,66,34,74,103,5,216,166,22,188,404
07/23/2021,FAR,ND,AGL,CE,Combined TRACON& Tower with Radar,35,71,28,2,136,0,6,34,10,50,35,77,62,12,186,80,6,86,272
07/24/2021,FAR,ND,AGL,CE,Combined TRACON& Tower with Radar,33,38,10,0,81,0,5,41,5,51,33,43,51,5,132,58,0,58,190
07/25/2021,FAR,ND,AGL,CE,Combined TRACON& Tower with Radar,30,19,25,3,77,0,13,44,0,57,30,32,69,3,134,81,0,81,215
07/26/2021,FAR,ND,AGL,CE,Combined TRACON& Tower with Radar,32,60,38,4,134,0,8,60,2,70,32,68,98,6,204,161,2,163,367
07/27/2021,FAR,ND,AGL,CE,Combined TRACON& Tower with Radar,36,78,41,9,164,0,16,37,4,57,36,94,78,13,221,152,2,154,375
07/28/2021,FAR,ND,AGL,CE,Combined TRACON& Tower with Radar,40,72,54,0,166,0,12,44,0,56,40,84,98,0,222,128,12,140,362
07/29/2021,FAR,ND,AGL,CE,Combined TRACON& Tower with Radar,32,67,78,4,181,0,4,10,4,18,32,71,88,8,199,60,0,60,259
07/30/2021,FAR,ND,AGL,CE,Combined TRACON& Tower with Radar,37,74,62,1,174,0,0,4,0,4,37,74,66,1,178,39,1,40,218
07/31/2021,FAR,ND,AGL,CE,Combined TRACON& Tower with Radar,34,41,24,0,99,0,4,16,0,20,34,45,40,0,119,49,0,49,168
08/01/2021,FAR,ND,AGL,CE,Combined TRACON& Tower with Radar,28,19,25,0,72,0,6,25,0,31,28,25,50,0,103,46,0,46,149
08/02/2021,FAR,ND,AGL,CE,Combined TRACON& Tower with Radar,29,60,71,1,161,0,2,39,2,43,29,62,110,3,204,155,0,155,359
08/03/2021,FAR,ND,AGL,CE,Combined TRACON& Tower with Radar,32,81,52,5,170,0,5,48,10,63,32,86,100,15,233,158,4,162,395
08/04/2021,FAR,ND,AGL,CE,Combined TRACON& Tower with Radar,37,70,43,6,156,0,11,50,6,67,37,81,93,12,223,186,4,190,413
08/05/2021,FAR,ND,AGL,CE,Combined TRACON& Tower with Radar,33,87,51,2,173,0,13,22,8,43,33,100,73,10,216,54,0,54,270
08/06/2021,FAR,ND,AGL,CE,Combined TRACON& Tower with Radar,31,64,34,7,136,0,3,21,6,30,31,67,55,13,166,55,0,55,221
08/07/2021,FAR,ND,AGL,CE,Combined TRACON& Tower with Radar,32,47,19,0,98,0,1,11,0,12,32,48,30,0,110,26,0,26,136
08/08/2021,FAR,ND,AGL,CE,Combined TRACON& Tower with Radar,29,23,29,2,83,0,5,28,2,35,29,28,57,4,118,56,0,56,174
08/09/2021,FAR,ND,AGL,CE,Combined TRACON& Tower with Radar,27,46,37,0,110,0,9,27,0,36,27,55,64,0,146,115,0,115,261
08/10/2021,FAR,ND,AGL,CE,Combined TRACON& Tower with Radar,29,80,51,8,168,0,21,48,0,69,29,101,99,8,237,114,2,116,353
08/11/2021,FAR,ND,AGL,CE,Combined TRACON& Tower with Radar,35,83,68,3,189,0,11,52,5,68,35,94,120,8,257,128,1,129,386
08/12/2021,FAR,ND,AGL,CE,Combined TRACON& Tower with Radar,27,84,42,4,157,0,9,34,8,51,27,93,76,12,208,29,10,39,247
08/13/2021,FAR,ND,AGL,CE,Combined TRACON& Tower with Radar,34,78,30,4,146,0,11,40,3,54,34,89,70,7,200,160,18,178,378
08/14/2021,FAR,ND,AGL,CE,Combined TRACON& Tower with Radar,29,43,36,0,108,0,15,24,0,39,29,58,60,0,147,43,1,44,191
08/15/2021,FAR,ND,AGL,CE,Combined TRACON& Tower with Radar,24,20,20,0,64,0,3,19,0,22,24,23,39,0,86,20,0,20,106
08/16/2021,FAR,ND,AGL,CE,Combined TRACON& Tower with Radar,28,54,39,0,121,0,2,35,0,37,28,56,74,0,158,115,0,115,273
08/17/2021,FAR,ND,AGL,CE,Combined TRACON& Tower with Radar,26,62,55,2,145,0,15,30,0,45,26,77,85,2,190,115,16,131,321
08/18/2021,FAR,ND,AGL,CE,Combined TRACON& Tower with Radar,31,73,43,2,149,0,10,25,3,38,31,83,68,5,187,38,0,38,225
08/19/2021,FAR,ND,AGL,CE,Combined TRACON& Tower with Radar,30,65,55,10,160,0,13,35,10,58,30,78,90,20,218,85,0,85,303
08/20/2021,FAR,ND,AGL,CE,Combined TRACON& Tower with Radar,30,62,29,2,123,0,1,5,1,7,30,63,34,3,130,26,1,27,157
08/21/2021,FAR,ND,AGL,CE,Combined TRACON& Tower with Radar,23,39,21,1,84,0,14,33,0,47,23,53,54,1,131,94,0,94,225
08/22/2021,FAR,ND,AGL,CE,Combined TRACON& Tower with Radar,27,18,7,0,52,0,3,12,0,15,27,21,19,0,67,4,0,4,71
08/23/2021,FAR,ND,AGL,CE,Combined TRACON& Tower with Radar,26,51,36,0,113,0,11,69,0,80,26,62,105,0,193,195,0,195,388
08/24/2021,FAR,ND,AGL,CE,Combined TRACON& Tower with Radar,31,70,48,2,151,0,5,50,7,62,31,75,98,9,213,170,6,176,389
08/25/2021,FAR,ND,AGL,CE,Combined TRACON& Tower with Radar,32,68,54,3,157,0,10,53,3,66,32,78,107,6,223,118,4,122,345
08/26/2021,FAR,ND,AGL,CE,Combined TRACON& Tower with Radar,31,62,44,2,139,0,0,14,0,14,31,62,58,2,153,36,7,43,196
08/27/2021,FAR,ND,AGL,CE,Combined TRACON& Tower with Radar,29,73,40,0,142,0,2,5,4,11,29,75,45,4,153,16,0,16,169
08/28/2021,FAR,ND,AGL,CE,Combined TRACON& Tower with Radar,28,36,21,0,85,0,6,0,2,8,28,42,21,2,93,0,8,8,101
08/29/2021,FAR,ND,AGL,CE,Combined TRACON& Tower with Radar,29,20,36,0,85,0,4,22,2,28,29,24,58,2,113,55,0,55,168
08/30/2021,FAR,ND,AGL,CE,Combined TRACON& Tower with Radar,28,46,51,2,127,0,5,58,0,63,28,51,109,2,190,128,0,128,318
08/31/2021,FAR,ND,AGL,CE,Combined TRACON& Tower with Radar,33,67,41,9,150,0,8,52,2,62,33,75,93,11,212,110,6,116,328
09/01/2021,FAR,ND,AGL,CE,Combined TRACON& Tower with Radar,34,85,56,5,180,0,2,57,3,62,34,87,113,8,242,115,4,119,361
09/02/2021,FAR,ND,AGL,CE,Combined TRACON& Tower with Radar,32,69,35,0,136,0,1,0,0,1,32,70,35,0,137,0,0,0,137
09/03/2021,FAR,ND,AGL,CE,Combined TRACON& Tower with Radar,32,89,83,0,204,0,8,24,0,32,32,97,107,0,236,41,1,42,278
09/04/2021,FAR,ND,AGL,CE,Combined TRACON& Tower with Radar,27,40,37,0,104,0,21,49,0,70,27,61,86,0,174,167,0,167,341
09/05/2021,FAR,ND,AGL,CE,Combined TRACON& Tower with Radar,24,18,16,0,58,0,16,33,0,49,24,34,49,0,107,54,0,54,161
09/06/2021,FAR,ND,AGL,CE,Combined TRACON& Tower with Radar,22,37,29,0,88,0,11,41,0,52,22,48,70,0,140,14,1,15,155
09/07/2021,FAR,ND,AGL,CE,Combined TRACON& Tower with Radar,23,54,41,0,118,0,6,32,0,38,23,60,73,0,156,41,0,41,197
09/08/2021,FAR,ND,AGL,CE,Combined TRACON& Tower with Radar,34,72,51,5,162,0,13,68,1,82,34,85,119,6,244,170,0,170,414
09/09/2021,FAR,ND,AGL,CE,Combined TRACON& Tower with Radar,36,67,56,8,167,0,9,81,5,95,36,76,137,13,262,250,0,250,512
09/10/2021,FAR,ND,AGL,CE,Combined TRACON& Tower with Radar,33,60,45,4,142,0,17,86,7,110,33,77,131,11,252,192,0,192,444
09/11/2021,FAR,ND,AGL,CE,Combined TRACON& Tower with Radar,30,38,44,0,112,0,14,51,8,73,30,52,95,8,185,180,14,194,379
09/12/2021,FAR,ND,AGL,CE,Combined TRACON& Tower with Radar,27,21,31,4,83,0,20,52,2,74,27,41,83,6,157,41,6,47,204
09/13/2021,FAR,ND,AGL,CE,Combined TRACON& Tower with Radar,28,50,50,0,128,0,2,21,0,23,28,52,71,0,151,37,0,37,188
09/14/2021,FAR,ND,AGL,CE,Combined TRACON& Tower with Radar,30,78,48,9,165,0,12,45,3,60,30,90,93,12,225,92,13,105,330
09/15/2021,FAR,ND,AGL,CE,Combined TRACON& Tower with Radar,27,58,27,2,114,0,9,32,4,45,27,67,59,6,159,130,14,144,303
09/16/2021,FAR,ND,AGL,CE,Combined TRACON& Tower with Radar,36,75,65,4,180,0,22,39,5,66,36,97,104,9,246,46,24,70,316
09/17/2021,FAR,ND,AGL,CE,Combined TRACON& Tower with Radar,35,69,37,5,146,0,18,39,1,58,35,87,76,6,204,48,4,52,256
09/18/2021,FAR,ND,AGL,CE,Combined TRACON& Tower with Radar,28,32,28,0,88,0,13,25,0,38,28,45,53,0,126,21,0,21,147
09/19/2021,FAR,ND,AGL,CE,Combined TRACON& Tower with Radar,30,26,22,0,78,0,10,21,0,31,30,36,43,0,109,38,0,38,147
09/20/2021,FAR,ND,AGL,CE,Combined TRACON& Tower with Radar,31,53,70,0,154,0,8,13,0,21,31,61,83,0,175,68,0,68,243
09/21/2021,FAR,ND,AGL,CE,Combined TRACON& Tower with Radar,31,70,61,8,170,0,8,68,0,76,31,78,129,8,246,156,8,164,410
09/22/2021,FAR,ND,AGL,CE,Combined TRACON& Tower with Radar,34,67,57,3,161,0,18,47,3,68,34,85,104,6,229,162,0,162,391
09/23/2021,FAR,ND,AGL,CE,Combined TRACON& Tower with Radar,35,76,80,4,195,0,16,53,11,80,35,92,133,15,275,252,1,253,528
09/24/2021,FAR,ND,AGL,CE,Combined TRACON& Tower with Radar,32,62,56,7,157,0,17,41,1,59,32,79,97,8,216,164,0,164,380
09/25/2021,FAR,ND,AGL,CE,Combined TRACON& Tower with Radar,27,48,37,0,112,0,19,55,0,74,27,67,92,0,186,129,0,129,315
09/26/2021,FAR,ND,AGL,CE,Combined TRACON& Tower with Radar,28,28,33,0,89,0,9,40,0,49,28,37,73,0,138,60,0,60,198
09/27/2021,FAR,ND,AGL,CE,Combined TRACON& Tower with Radar,30,57,48,0,135,0,9,42,2,53,30,66,90,2,188,102,0,102,290
09/28/2021,FAR,ND,AGL,CE,Combined TRACON& Tower with Radar,30,85,54,4,173,0,5,52,10,67,30,90,106,14,240,72,6,78,318
09/29/2021,FAR,ND,AGL,CE,Combined TRACON& Tower with Radar,32,84,44,8,168,0,12,38,4,54,32,96,82,12,222,105,10,115,337
09/30/2021,FAR,ND,AGL,CE,Combined TRACON& Tower with Radar,41,82,53,2,178,0,12,48,2,62,41,94,101,4,240,101,4,105,345
10/01/2021,FAR,ND,AGL,CE,Combined TRACON& Tower with Radar,34,71,66,0,171,0,3,19,0,22,34,74,85,0,193,189,0,189,382
10/02/2021,FAR,ND,AGL,CE,Combined TRACON& Tower with Radar,28,42,26,0,96,0,10,39,0,49,28,52,65,0,145,133,0,133,278
10/03/2021,FAR,ND,AGL,CE,Combined TRACON& Tower with Radar,28,23,37,2,90,0,6,33,2,41,28,29,70,4,131,46,0,46,177
10/04/2021,FAR,ND,AGL,CE,Combined TRACON& Tower with Radar,31,64,45,0,140,0,9,56,0,65,31,73,101,0,205,207,0,207,412
10/05/2021,FAR,ND,AGL,CE,Combined TRACON& Tower with Radar,32,69,31,3,135,0,13,50,3,66,32,82,81,6,201,166,6,172,373
10/06/2021,FAR,ND,AGL,CE,Combined TRACON& Tower with Radar,34,77,65,7,183,0,5,33,6,44,34,82,98,13,227,38,26,64,291
10/07/2021,FAR,ND,AGL,CE,Combined TRACON& Tower with Radar,39,69,43,14,165,0,19,24,16,59,39,88,67,30,224,144,14,158,382
10/08/2021,FAR,ND,AGL,CE,Combined TRACON& Tower with Radar,37,75,62,0,174,0,2,45,0,47,37,77,107,0,221,175,0,175,396
10/09/2021,FAR,ND,AGL,CE,Combined TRACON& Tower with Radar,33,33,22,0,88,0,0,8,0,8,33,33,30,0,96,4,0,4,100
10/10/2021,FAR,ND,AGL,CE,Combined TRACON& Tower with Radar,34,25,59,0,118,0,0,1,0,1,34,25,60,0,119,8,0,8,127
10/11/2021,FAR,ND,AGL,CE,Combined TRACON& Tower with Radar,31,47,41,2,121,0,4,50,0,54,31,51,91,2,175,108,0,108,283
10/12/2021,FAR,ND,AGL,CE,Combined TRACON& Tower with Radar,35,71,37,2,145,0,19,48,5,72,35,90,85,7,217,123,2,125,342
10/13/2021,FAR,ND,AGL,CE,Combined TRACON& Tower with Radar,34,62,38,0,134,0,1,0,0,1,34,63,38,0,135,0,1,1,136
10/14/2021,FAR,ND,AGL,CE,Combined TRACON& Tower with Radar,35,59,51,5,150,0,2,9,3,14,35,61,60,8,164,8,0,8,172
10/15/2021,FAR,ND,AGL,CE,Combined TRACON& Tower with Radar,37,63,45,0,145,0,17,35,2,54,37,80,80,2,199,192,1,193,392
10/16/2021,FAR,ND,AGL,CE,Combined TRACON& Tower with Radar,31,46,21,0,98,0,11,37,0,48,31,57,58,0,146,54,0,54,200
10/17/2021,FAR,ND,AGL,CE,Combined TRACON& Tower with Radar,29,22,32,0,83,0,7,40,0,47,29,29,72,0,130,108,0,108,238
10/18/2021,FAR,ND,AGL,CE,Combined TRACON& Tower with Radar,34,60,53,2,149,0,18,47,1,66,34,78,100,3,215,75,0,75,290
10/19/2021,FAR,ND,AGL,CE,Combined TRACON& Tower with Radar,35,57,50,0,142,0,1,5,1,7,35,58,55,1,149,22,0,22,171
10/20/2021,FAR,ND,AGL,CE,Combined TRACON& Tower with Radar,38,57,53,13,161,0,2,22,3,27,38,59,75,16,188,27,23,50,238
10/21/2021,FAR,ND,AGL,CE,Combined TRACON& Tower with Radar,32,71,56,3,162,0,9,79,5,93,32,80,135,8,255,216,9,225,480
10/22/2021,FAR,ND,AGL,CE,Combined TRACON& Tower with Radar,36,65,36,3,140,0,6,57,11,74,36,71,93,14,214,109,0,109,323
10/23/2021,FAR,ND,AGL,CE,Combined TRACON& Tower with Radar,31,34,15,0,80,0,10,37,12,59,31,44,52,12,139,166,0,166,305
10/24/2021,FAR,ND,AGL,CE,Combined TRACON& Tower with Radar,33,20,41,2,96,0,0,27,0,27,33,20,68,2,123,69,0,69,192
10/25/2021,FAR,ND,AGL,CE,Combined TRACON& Tower with Radar,32,61,58,0,151,0,16,35,0,51,32,77,93,0,202,140,0,140,342
10/26/2021,FAR,ND,AGL,CE,Combined TRACON& Tower with Radar,36,53,46,0,135,0,8,12,0,20,36,61,58,0,155,7,0,7,162
10/27/2021,FAR,ND,AGL,CE,Combined TRACON& Tower with Radar,34,63,54,0,151,0,2,0,0,2,34,65,54,0,153,0,0,0,153
10/28/2021,FAR,ND,AGL,CE,Combined TRACON& Tower with Radar,34,83,54,19,190,0,13,38,10,61,34,96,92,29,251,148,60,208,459
10/29/2021,FAR,ND,AGL,CE,Combined TRACON& Tower with Radar,38,71,59,1,169,0,23,56,1,80,38,94,115,2,249,318,0,318,567
10/30/2021,FAR,ND,AGL,CE,Combined TRACON& Tower with Radar,32,36,31,0,99,0,8,8,0,16,32,44,39,0,115,10,0,10,125
10/31/2021,FAR,ND,AGL,CE,Combined TRACON& Tower with Radar,31,22,39,0,92,0,9,16,0,25,31,31,55,0,117,32,0,32,149
11/01/2021,FAR,ND,AGL,CE,Combined TRACON& Tower with Radar,31,41,35,0,107,0,6,33,3,42,31,47,68,3,149,117,0,117,266
11/02/2021,FAR,ND,AGL,CE,Combined TRACON& Tower with Radar,32,82,60,0,174,0,11,42,2,55,32,93,102,2,229,176,0,176,405
11/03/2021,FAR,ND,AGL,CE,Combined TRACON& Tower with Radar,32,101,56,5,194,0,14,57,3,74,32,115,113,8,268,186,4,190,458
11/04/2021,FAR,ND,AGL,CE,Combined TRACON& Tower with Radar,34,83,51,4,172,0,28,53,4,85,34,111,104,8,257,198,5,203,460
11/05/2021,FAR,ND,AGL,CE,Combined TRACON& Tower with Radar,34,77,35,0,146,0,5,15,4,24,34,82,50,4,170,44,30,74,244
11/06/2021,FAR,ND,AGL,CE,Combined TRACON& Tower with Radar,27,43,31,2,103,0,14,43,2,59,27,57,74,4,162,159,0,159,321
11/07/2021,FAR,ND,AGL,CE,Combined TRACON& Tower with Radar,31,22,24,0,77,0,9,43,0,52,31,31,67,0,129,29,0,29,158
11/08/2021,FAR,ND,AGL,CE,Combined TRACON& Tower with Radar,32,69,51,2,154,0,17,22,3,42,32,86,73,5,196,71,0,71,267
11/09/2021,FAR,ND,AGL,CE,Combined TRACON& Tower with Radar,33,91,58,3,185,0,29,56,5,90,33,120,114,8,275,108,8,116,391
11/10/2021,FAR,ND,AGL,CE,Combined TRACON& Tower with Radar,34,61,45,0,140,0,4,6,1,11,34,65,51,1,151,70,1,71,222
11/11/2021,FAR,ND,AGL,CE,Combined TRACON& Tower with Radar,37,69,50,0,156,0,0,2,0,2,37,69,52,0,158,0,1,1,159
11/12/2021,FAR,ND,AGL,CE,Combined TRACON& Tower with Radar,35,68,22,0,125,0,0,0,0,0,35,68,22,0,125,0,0,0,125
11/13/2021,FAR,ND,AGL,CE,Combined TRACON& Tower with Radar,28,36,12,0,76,0,0,0,0,0,28,36,12,0,76,0,0,0,76
11/14/2021,FAR,ND,AGL,CE,Combined TRACON& Tower with Radar,32,28,26,1,87,0,1,1,2,4,32,29,27,3,91,0,0,0,91
11/15/2021,FAR,ND,AGL,CE,Combined TRACON& Tower with Radar,27,42,38,0,107,0,4,30,0,34,27,46,68,0,141,128,0,128,269
11/16/2021,FAR,ND,AGL,CE,Combined TRACON& Tower with Radar,29,66,38,0,133,0,0,16,3,19,29,66,54,3,152,32,2,34,186
11/17/2021,FAR,ND,AGL,CE,Combined TRACON& Tower with Radar,32,55,44,0,131,0,0,6,0,6,32,55,50,0,137,0,0,0,137
11/18/2021,FAR,ND,AGL,CE,Combined TRACON& Tower with Radar,38,82,55,7,182,0,24,37,11,72,38,106,92,18,254,126,32,158,412
11/19/2021,FAR,ND,AGL,CE,Combined TRACON& Tower with Radar,34,131,40,6,211,0,15,46,3,64,34,146,86,9,275,86,0,86,361
11/20/2021,FAR,ND,AGL,CE,Combined TRACON& Tower with Radar,29,69,27,0,125,0,19,64,1,84,29,88,91,1,209,128,0,128,337
11/21/2021,FAR,ND,AGL,CE,Combined TRACON& Tower with Radar,34,25,39,0,98,0,7,31,0,38,34,32,70,0,136,13,0,13,149
11/22/2021,FAR,ND,AGL,CE,Combined TRACON& Tower with Radar,32,76,54,3,165,0,15,41,1,57,32,91,95,4,222,124,2,126,348
11/23/2021,FAR,ND,AGL,CE,Combined TRACON& Tower with Radar,40,96,69,6,211,0,29,71,8,108,40,125,140,14,319,270,8,278,597
11/24/2021,FAR,ND,AGL,CE,Combined TRACON& Tower with Radar,40,77,44,0,161,0,3,3,0,6,40,80,47,0,167,12,0,12,179
11/25/2021,FAR,ND,AGL,CE,Combined TRACON& Tower with Radar,19,14,10,0,43,0,7,8,0,15,19,21,18,0,58,28,0,28,86
11/26/2021,FAR,ND,AGL,CE,Combined TRACON& Tower with Radar,28,77,21,0,126,0,13,27,0,40,28,90,48,0,166,80,0,80,246
11/27/2021,FAR,ND,AGL,CE,Combined TRACON& Tower with Radar,30,42,15,0,87,0,11,31,0,42,30,53,46,0,129,46,0,46,175
11/28/2021,FAR,ND,AGL,CE,Combined TRACON& Tower with Radar,33,27,22,0,82,0,12,42,0,54,33,39,64,0,136,81,0,81,217
11/29/2021,FAR,ND,AGL,CE,Combined TRACON& Tower with Radar,33,64,33,0,130,0,32,50,0,82,33,96,83,0,212,203,0,203,415
11/30/2021,FAR,ND,AGL,CE,Combined TRACON& Tower with Radar,35,89,20,4,148,0,5,19,4,28,35,94,39,8,176,97,5,102,278
12/01/2021,FAR,ND,AGL,CE,Combined TRACON& Tower with Radar,35,85,39,0,159,0,22,38,4,64,35,107,77,4,223,132,0,132,355
12/02/2021,FAR,ND,AGL,CE,Combined TRACON& Tower with Radar,47,54,50,2,153,0,1,19,13,33,47,55,69,15,186,14,16,30,216
12/03/2021,FAR,ND,AGL,CE,Combined TRACON& Tower with Radar,41,80,61,4,186,0,25,18,4,47,41,105,79,8,233,64,10,74,307
12/04/2021,FAR,ND,AGL,CE,Combined TRACON& Tower with Radar,25,43,23,0,91,0,15,54,8,77,25,58,77,8,168,50,16,66,234
12/05/2021,FAR,ND,AGL,CE,Combined TRACON& Tower with Radar,37,16,20,0,73,0,0,0,0,0,37,16,20,0,73,0,0,0,73
12/06/2021,FAR,ND,AGL,CE,Combined TRACON& Tower with Radar,35,70,61,0,166,0,22,23,0,45,35,92,84,0,211,106,0,106,317
12/07/2021,FAR,ND,AGL,CE,Combined TRACON& Tower with Radar,32,70,52,5,159,0,10,31,2,43,32,80,83,7,202,67,18,85,287
12/08/2021,FAR,ND,AGL,CE,Combined TRACON& Tower with Radar,34,65,53,0,152,0,1,12,0,13,34,66,65,0,165,43,0,43,208
12/09/2021,FAR,ND,AGL,CE,Combined TRACON& Tower with Radar,46,82,58,16,202,0,17,35,15,67,46,99,93,31,269,98,12,110,379
12/10/2021,FAR,ND,AGL,CE,Combined TRACON& Tower with Radar,48,83,35,4,170,0,34,31,3,68,48,117,66,7,238,114,22,136,374
12/11/2021,FAR,ND,AGL,CE,Combined TRACON& Tower with Radar,25,64,25,1,115,0,20,40,0,60,25,84,65,1,175,80,0,80,255
12/12/2021,FAR,ND,AGL,CE,Combined TRACON& Tower with Radar,34,25,40,0,99,0,10,46,0,56,34,35,86,0,155,68,0,68,223
12/13/2021,FAR,ND,AGL,CE,Combined TRACON& Tower with Radar,39,64,57,2,162,0,23,53,0,76,39,87,110,2,238,138,2,140,378
12/14/2021,FAR,ND,AGL,CE,Combined TRACON& Tower with Radar,34,92,66,2,194,0,11,23,2,36,34,103,89,4,230,48,0,48,278
12/15/2021,FAR,ND,AGL,CE,Combined TRACON& Tower with Radar,30,31,15,0,76,0,0,0,0,0,30,31,15,0,76,0,0,0,76
12/16/2021,FAR,ND,AGL,CE,Combined TRACON& Tower with Radar,37,76,67,4,184,0,0,18,9,27,37,76,85,13,211,24,0,24,235
12/17/2021,FAR,ND,AGL,CE,Combined TRACON& Tower with Radar,39,74,43,0,156,0,6,28,0,34,39,80,71,0,190,50,0,50,240
12/18/2021,FAR,ND,AGL,CE,Combined TRACON& Tower with Radar,34,52,21,0,107,0,17,24,0,41,34,69,45,0,148,156,0,156,304
12/19/2021,FAR,ND,AGL,CE,Combined TRACON& Tower with Radar,38,16,20,0,74,0,2,6,0,8,38,18,26,0,82,30,0,30,112
12/20/2021,FAR,ND,AGL,CE,Combined TRACON& Tower with Radar,35,45,44,0,124,0,9,34,0,43,35,54,78,0,167,82,0,82,249
12/21/2021,FAR,ND,AGL,CE,Combined TRACON& Tower with Radar,38,82,38,5,163,0,6,21,3,30,38,88,59,8,193,40,16,56,249
12/22/2021,FAR,ND,AGL,CE,Combined TRACON& Tower with Radar,41,73,45,6,165,0,11,34,8,53,41,84,79,14,218,60,6,66,284
12/23/2021,FAR,ND,AGL,CE,Combined TRACON& Tower with Radar,39,61,35,0,135,0,2,30,0,32,39,63,65,0,167,73,0,73,240
12/24/2021,FAR,ND,AGL,CE,Combined TRACON& Tower with Radar,31,48,7,0,86,0,1,11,0,12,31,49,18,0,98,40,0,40,138
12/25/2021,FAR,ND,AGL,CE,Combined TRACON& Tower with Radar,17,21,2,0,40,0,0,0,0,0,17,21,2,0,40,0,0,0,40
12/26/2021,FAR,ND,AGL,CE,Combined TRACON& Tower with Radar,28,17,27,0,72,0,3,1,0,4,28,20,28,0,76,0,0,0,76
12/27/2021,FAR,ND,AGL,CE,Combined TRACON& Tower with Radar,10,28,11,0,49,0,2,1,0,3,10,30,12,0,52,0,0,0,52
12/28/2021,FAR,ND,AGL,CE,Combined TRACON& Tower with Radar,28,68,26,0,122,0,1,3,0,4,28,69,29,0,126,2,0,2,128
12/29/2021,FAR,ND,AGL,CE,Combined TRACON& Tower with Radar,37,57,33,2,129,0,4,20,0,24,37,61,53,2,153,36,0,36,189
12/30/2021,FAR,ND,AGL,CE,Combined TRACON& Tower with Radar,37,59,28,0,124,0,2,12,6,20,37,61,40,6,144,36,0,36,180
12/31/2021,FAR,ND,AGL,CE,Combined TRACON& Tower with Radar,27,45,5,0,77,0,0,10,0,10,27,45,15,0,87,4,0,4,91
01/01/2022,FAR,ND,AGL,CE,Combined TRACON& Tower with Radar,8,16,21,0,45,0,0,8,0,8,8,16,29,0,53,0,2,2,55
01/02/2022,FAR,ND,AGL,CE,Combined TRACON& Tower with Radar,25,14,29,0,68,0,2,12,0,14,25,16,41,0,82,28,0,28,110
01/03/2022,FAR,ND,AGL,CE,Combined TRACON& Tower with Radar,27,43,38,0,108,0,3,16,0,19,27,46,54,0,127,80,0,80,207
01/04/2022,FAR,ND,AGL,CE,Combined TRACON& Tower with Radar,21,44,27,0,92,0,0,8,0,8,21,44,35,0,100,68,1,69,169
01/05/2022,FAR,ND,AGL,CE,Combined TRACON& Tower with Radar,27,40,26,0,93,0,0,0,0,0,27,40,26,0,93,0,0,0,93
01/06/2022,FAR,ND,AGL,CE,Combined TRACON& Tower with Radar,37,56,48,3,144,0,4,12,1,17,37,60,60,4,161,14,0,14,175
01/07/2022,FAR,ND,AGL,CE,Combined TRACON& Tower with Radar,43,39,43,0,125,0,1,6,0,7,43,40,49,0,132,10,0,10,142
01/08/2022,FAR,ND,AGL,CE,Combined TRACON& Tower with Radar,32,30,24,0,86,0,0,8,0,8,32,30,32,0,94,38,0,38,132
01/09/2022,FAR,ND,AGL,CE,Combined TRACON& Tower with Radar,34,23,36,4,97,0,0,10,2,12,34,23,46,6,109,3,0,3,112
01/10/2022,FAR,ND,AGL,CE,Combined TRACON& Tower with Radar,32,59,45,0,136,0,9,49,0,58,32,68,94,0,194,100,0,100,294
01/11/2022,FAR,ND,AGL,CE,Combined TRACON& Tower with Radar,31,63,48,1,143,0,11,49,15,75,31,74,97,16,218,146,32,178,396
01/12/2022,FAR,ND,AGL,CE,Combined TRACON& Tower with Radar,33,57,53,1,144,0,5,37,5,47,33,62,90,6,191,106,0,106,297
01/13/2022,FAR,ND,AGL,CE,Combined TRACON& Tower with Radar,34,52,39,4,129,0,0,4,6,10,34,52,43,10,139,16,0,16,155
01/14/2022,FAR,ND,AGL,CE,Combined TRACON& Tower with Radar,35,56,17,0,108,0,6,4,0,10,35,62,21,0,118,30,0,30,148
01/15/2022,FAR,ND,AGL,CE,Combined TRACON& Tower with Radar,23,33,22,0,78,0,10,26,0,36,23,43,48,0,114,58,0,58,172
01/16/2022,FAR,ND,AGL,CE,Combined TRACON& Tower with Radar,33,16,29,0,78,0,4,11,0,15,33,20,40,0,93,4,0,4,97
01/17/2022,FAR,ND,AGL,CE,Combined TRACON& Tower with Radar,32,41,42,0,115,0,6,38,0,44,32,47,80,0,159,128,0,128,287
01/18/2022,FAR,ND,AGL,CE,Combined TRACON& Tower with Radar,30,47,42,1,120,0,0,4,1,5,30,47,46,2,125,0,0,0,125
01/19/2022,FAR,ND,AGL,CE,Combined TRACON& Tower with Radar,30,62,42,10,144,0,14,27,4,45,30,76,69,14,189,50,28,78,267
01/20/2022,FAR,ND,AGL,CE,Combined TRACON& Tower with Radar,40,63,49,2,154,0,18,21,2,41,40,81,70,4,195,26,0,26,221
01/21/2022,FAR,ND,AGL,CE,Combined TRACON& Tower with Radar,38,53,26,0,117,0,2,1,0,3,38,55,27,0,120,4,3,7,127
01/22/2022,FAR,ND,AGL,CE,Combined TRACON& Tower with Radar,23,31,24,0,78,0,3,4,0,7,23,34,28,0,85,68,0,68,153
01/23/2022,FAR,ND,AGL,CE,Combined TRACON& Tower with Radar,39,18,23,0,80,0,1,0,0,1,39,19,23,0,81,0,0,0,81
01/24/2022,FAR,ND,AGL,CE,Combined TRACON& Tower with Radar,34,35,60,2,131,0,3,32,0,35,34,38,92,2,166,44,22,66,232
01/25/2022,FAR,ND,AGL,CE,Combined TRACON& Tower with Radar,30,74,32,2,138,0,23,32,2,57,30,97,64,4,195,58,4,62,257
01/26/2022,FAR,ND,AGL,CE,Combined TRACON& Tower with Radar,30,49,49,0,128,0,4,26,6,36,30,53,75,6,164,20,18,38,202
01/27/2022,FAR,ND,AGL,CE,Combined TRACON& Tower with Radar,39,70,49,4,162,0,18,34,2,54,39,88,83,6,216,59,2,61,277
01/28/2022,FAR,ND,AGL,CE,Combined TRACON& Tower with Radar,37,59,52,4,152,0,2,40,2,44,37,61,92,6,196,95,4,99,295
01/29/2022,FAR,ND,AGL,CE,Combined TRACON& Tower with Radar,26,28,26,0,80,0,10,33,0,43,26,38,59,0,123,116,0,116,239
01/30/2022,FAR,ND,AGL,CE,Combined TRACON& Tower with Radar,36,10,23,0,69,0,0,26,0,26,36,10,49,0,95,114,0,114,209
01/31/2022,FAR,ND,AGL,CE,Combined TRACON& Tower with Radar,32,36,36,0,104,0,6,32,0,38,32,42,68,0,142,64,0,64,206
02/01/2022,FAR,ND,AGL,CE,Combined TRACON& Tower with Radar,27,43,36,0,106,0,0,0,0,0,27,43,36,0,106,1,0,1,107
02/02/2022,FAR,ND,AGL,CE,Combined TRACON& Tower with Radar,27,61,54,5,147,0,28,33,9,70,27,89,87,14,217,88,3,91,308
02/03/2022,FAR,ND,AGL,CE,Combined TRACON& Tower with Radar,28,53,60,1,142,0,6,24,8,38,28,59,84,9,180,10,18,28,208
02/04/2022,FAR,ND,AGL,CE,Combined TRACON& Tower with Radar,33,91,52,2,178,0,16,16,2,34,33,107,68,4,212,51,0,51,263
02/05/2022,FAR,ND,AGL,CE,Combined TRACON& Tower with Radar,25,38,19,0,82,0,0,2,0,2,25,38,21,0,84,30,0,30,114
02/06/2022,FAR,ND,AGL,CE,Combined TRACON& Tower with Radar,35,25,18,2,80,0,2,13,2,17,35,27,31,4,97,66,2,68,165
02/07/2022,FAR,ND,AGL,CE,Combined TRACON& Tower with Radar,35,50,45,4,134,0,17,43,0,60,35,67,88,4,194,116,0,116,310
02/08/2022,FAR,ND,AGL,CE,Combined TRACON& Tower with Radar,35,68,46,2,151,0,4,18,5,27,35,72,64,7,178,48,14,62,240
02/09/2022,FAR,ND,AGL,CE,Combined TRACON& Tower with Radar,33,62,42,0,137,0,0,7,2,9,33,62,49,2,146,22,0,22,168
02/10/2022,FAR,ND,AGL,CE,Combined TRACON& Tower with Radar,37,45,25,0,107,0,2,10,0,12,37,47,35,0,119,8,0,8,127
02/11/2022,FAR,ND,AGL,CE,Combined TRACON& Tower with Radar,31,37,26,0,94,0,1,0,0,1,31,38,26,0,95,0,0,0,95
02/12/2022,FAR,ND,AGL,CE,Combined TRACON& Tower with Radar,23,45,31,5,104,0,13,31,6,50,23,58,62,11,154,71,0,71,225
02/13/2022,FAR,ND,AGL,CE,Combined TRACON& Tower with Radar,31,17,17,0,65,0,0,7,0,7,31,17,24,0,72,7,0,7,79
02/14/2022,FAR,ND,AGL,CE,Combined TRACON& Tower with Radar,34,72,39,4,149,0,32,51,0,83,34,104,90,4,232,102,0,102,334
02/15/2022,FAR,ND,AGL,CE,Combined TRACON& Tower with Radar,35,66,55,3,159,0,0,17,1,18,35,66,72,4,177,38,0,38,215
02/16/2022,FAR,ND,AGL,CE,Combined TRACON& Tower with Radar,38,61,68,10,177,0,0,38,9,47,38,61,106,19,224,12,35,47,271
02/17/2022,FAR,ND,AGL,CE,Combined TRACON& Tower with Radar,38,100,53,2,193,0,13,43,5,61,38,113,96,7,254,44,14,58,312
02/18/2022,FAR,ND,AGL,CE,Combined TRACON& Tower with Radar,33,32,19,0,84,0,1,1,0,2,33,33,20,0,86,0,0,0,86
02/19/2022,FAR,ND,AGL,CE,Combined TRACON& Tower with Radar,29,42,19,0,90,0,0,9,0,9,29,42,28,0,99,28,0,28,127
02/20/2022,FAR,ND,AGL,CE,Combined TRACON& Tower with Radar,31,14,23,0,68,0,0,1,0,1,31,14,24,0,69,0,0,0,69
02/21/2022,FAR,ND,AGL,CE,Combined TRACON& Tower with Radar,17,10,15,0,42,0,0,0,0,0,17,10,15,0,42,0,0,0,42
02/22/2022,FAR,ND,AGL,CE,Combined TRACON& Tower with Radar,29,45,30,0,104,0,0,0,0,0,29,45,30,0,104,0,0,0,104
02/23/2022,FAR,ND,AGL,CE,Combined TRACON& Tower with Radar,39,100,46,0,185,0,42,17,2,61,39,142,63,2,246,85,4,89,335
02/24/2022,FAR,ND,AGL,CE,Combined TRACON& Tower with Radar,39,76,53,8,176,0,26,29,18,73,39,102,82,26,249,68,4,72,321
02/25/2022,FAR,ND,AGL,CE,Combined TRACON& Tower with Radar,38,97,39,3,177,0,19,21,4,44,38,116,60,7,221,52,5,57,278
02/26/2022,FAR,ND,AGL,CE,Combined TRACON& Tower with Radar,34,54,26,0,114,0,30,38,2,70,34,84,64,2,184,117,0,117,301
02/27/2022,FAR,ND,AGL,CE,Combined TRACON& Tower with Radar,33,24,20,0,77,0,15,31,0,46,33,39,51,0,123,55,0,55,178
02/28/2022,FAR,ND,AGL,CE,Combined TRACON& Tower with Radar,34,45,41,0,120,0,6,29,2,37,34,51,70,2,157,75,16,91,248
03/01/2022,FAR,ND,AGL,CE,Combined TRACON& Tower with Radar,33,67,32,0,132,0,13,22,0,35,33,80,54,0,167,50,26,76,243
03/02/2022,FAR,ND,AGL,CE,Combined TRACON& Tower with Radar,35,72,75,2,184,0,24,34,4,62,35,96,109,6,246,121,2,123,369
03/03/2022,FAR,ND,AGL,CE,Combined TRACON& Tower with Radar,37,86,40,6,169,0,14,56,12,82,37,100,96,18,251,96,3,99,350
03/04/2022,FAR,ND,AGL,CE,Combined TRACON& Tower with Radar,39,61,52,1,153,0,25,44,13,82,39,86,96,14,235,74,31,105,340
03/05/2022,FAR,ND,AGL,CE,Combined TRACON& Tower with Radar,34,33,14,0,81,0,13,19,0,32,34,46,33,0,113,53,0,53,166
03/06/2022,FAR,ND,AGL,CE,Combined TRACON& Tower with Radar,33,11,19,0,63,0,4,0,1,5,33,15,19,1,68,0,0,0,68
03/07/2022,FAR,ND,AGL,CE,Combined TRACON& Tower with Radar,32,52,83,1,168,0,21,34,0,55,32,73,117,1,223,97,0,97,320
03/08/2022,FAR,ND,AGL,CE,Combined TRACON& Tower with Radar,35,61,65,5,166,0,13,13,0,26,35,74,78,5,192,49,25,74,266
03/09/2022,FAR,ND,AGL,CE,Combined TRACON& Tower with Radar,37,59,60,4,160,0,8,30,6,44,37,67,90,10,204,83,0,83,287
03/10/2022,FAR,ND,AGL,CE,Combined TRACON& Tower with Radar,41,57,52,3,153,0,10,32,7,49,41,67,84,10,202,72,4,76,278
03/11/2022,FAR,ND,AGL,CE,Combined TRACON& Tower with Radar,39,54,55,0,148,0,0,7,2,9,39,54,62,2,157,2,0,2,159
03/12/2022,FAR,ND,AGL,CE,Combined TRACON& Tower with Radar,32,34,19,0,85,0,3,15,0,18,32,37,34,0,103,24,0,24,127
03/13/2022,FAR,ND,AGL,CE,Combined TRACON& Tower with Radar,35,15,33,0,83,0,6,25,0,31,35,21,58,0,114,32,0,32,146
03/14/2022,FAR,ND,AGL,CE,Combined TRACON& Tower with Radar,31,60,48,0,139,0,29,54,0,83,31,89,102,0,222,124,0,124,346
03/15/2022,FAR,ND,AGL,CE,Combined TRACON& Tower with Radar,37,76,51,3,167,0,18,56,8,82,37,94,107,11,249,61,4,65,314
03/16/2022,FAR,ND,AGL,CE,Combined TRACON& Tower with Radar,37,78,58,2,175,0,18,50,4,72,37,96,108,6,247,88,4,92,339
03/17/2022,FAR,ND,AGL,CE,Combined TRACON& Tower with Radar,41,71,77,11,200,0,10,50,9,69,41,81,127,20,269,96,11,107,376
03/18/2022,FAR,ND,AGL,CE,Combined TRACON& Tower with Radar,35,65,63,0,163,0,6,29,2,37,35,71,92,2,200,95,23,118,318
03/19/2022,FAR,ND,AGL,CE,Combined TRACON& Tower with Radar,31,46,24,0,101,0,17,25,0,42,31,63,49,0,143,67,0,67,210
03/20/2022,FAR,ND,AGL,CE,Combined TRACON& Tower with Radar,33,21,32,0,86,0,0,29,0,29,33,21,61,0,115,34,0,34,149
03/21/2022,FAR,ND,AGL,CE,Combined TRACON& Tower with Radar,33,52,60,0,145,0,8,29,0,37,33,60,89,0,182,68,0,68,250
03/22/2022,FAR,ND,AGL,CE,Combined TRACON& Tower with Radar,31,71,36,9,147,0,18,25,7,50,31,89,61,16,197,64,13,77,274
03/23/2022,FAR,ND,AGL,CE,Combined TRACON& Tower with Radar,39,57,47,12,155,0,2,3,0,5,39,59,50,12,160,0,35,35,195
03/24/2022,FAR,ND,AGL,CE,Combined TRACON& Tower with Radar,37,65,64,6,172,0,16,24,16,56,37,81,88,22,228,97,10,107,335
03/25/2022,FAR,ND,AGL,CE,Combined TRACON& Tower with Radar,38,55,43,0,136,0,6,0,4,10,38,61,43,4,146,0,0,0,146
03/26/2022,FAR,ND,AGL,CE,Combined TRACON& Tower with Radar,32,52,20,0,104,0,32,15,0,47,32,84,35,0,151,33,0,33,184
03/27/2022,FAR,ND,AGL,CE,Combined TRACON& Tower with Radar,32,22,24,0,78,0,11,48,0,59,32,33,72,0,137,90,0,90,227
03/28/2022,FAR,ND,AGL,CE,Combined TRACON& Tower with Radar,29,62,49,0,140,0,14,30,0,44,29,76,79,0,184,28,0,28,212
03/29/2022,FAR,ND,AGL,CE,Combined TRACON& Tower with Radar,29,59,17,1,106,0,6,19,4,29,29,65,36,5,135,50,0,50,185
03/30/2022,FAR,ND,AGL,CE,Combined TRACON& Tower with Radar,37,60,26,0,123,0,0,0,0,0,37,60,26,0,123,0,0,0,123
03/31/2022,FAR,ND,AGL,CE,Combined TRACON& Tower with Radar,35,61,64,4,164,0,1,31,11,43,35,62,95,15,207,51,16,67,274
04/01/2022,FAR,ND,AGL,CE,Combined TRACON& Tower with Radar,30,83,47,2,162,0,21,50,10,81,30,104,97,12,243,61,21,82,325
04/02/2022,FAR,ND,AGL,CE,Combined TRACON& Tower with Radar,28,32,24,4,88,0,15,42,2,59,28,47,66,6,147,66,0,66,213
04/03/2022,FAR,ND,AGL,CE,Combined TRACON& Tower with Radar,32,15,25,0,72,0,4,9,0,13,32,19,34,0,85,93,0,93,178
04/04/2022,FAR,ND,AGL,CE,Combined TRACON& Tower with Radar,26,53,50,2,131,0,24,29,0,53,26,77,79,2,184,55,0,55,239
04/05/2022,FAR,ND,AGL,CE,Combined TRACON& Tower with Radar,30,73,36,2,141,0,2,2,1,5,30,75,38,3,146,12,0,12,158
04/06/2022,FAR,ND,AGL,CE,Combined TRACON& Tower with Radar,31,58,33,0,122,0,0,0,0,0,31,58,33,0,122,0,0,0,122
04/07/2022,FAR,ND,AGL,CE,Combined TRACON& Tower with Radar,31,65,37,1,134,0,0,1,1,2,31,65,38,2,136,0,0,0,136
04/08/2022,FAR,ND,AGL,CE,Combined TRACON& Tower with Radar,23,78,42,3,146,0,34,60,6,100,23,112,102,9,246,105,13,118,364
04/09/2022,FAR,ND,AGL,CE,Combined TRACON& Tower with Radar,23,48,22,0,93,0,42,34,0,76,23,90,56,0,169,106,0,106,275
04/10/2022,FAR,ND,AGL,CE,Combined TRACON& Tower with Radar,27,23,16,0,66,0,0,1,0,1,27,23,17,0,67,0,0,0,67
04/11/2022,FAR,ND,AGL,CE,Combined TRACON& Tower with Radar,22,56,43,0,121,0,22,51,0,73,22,78,94,0,194,156,0,156,350
04/12/2022,FAR,ND,AGL,CE,Combined TRACON& Tower with Radar,29,49,44,0,122,0,1,6,0,7,29,50,50,0,129,0,0,0,129
04/13/2022,FAR,ND,AGL,CE,Combined TRACON& Tower with Radar,30,29,25,0,84,0,1,1,0,2,30,30,26,0,86,0,0,0,86
04/14/2022,FAR,ND,AGL,CE,Combined TRACON& Tower with Radar,30,33,24,0,87,0,2,0,0,2,30,35,24,0,89,0,0,0,89
04/15/2022,FAR,ND,AGL,CE,Combined TRACON& Tower with Radar,25,61,39,4,129,0,1,21,0,22,25,62,60,4,151,38,0,38,189
04/16/2022,FAR,ND,AGL,CE,Combined TRACON& Tower with Radar,25,38,8,0,71,0,4,43,1,48,25,42,51,1,119,69,0,69,188
04/17/2022,FAR,ND,AGL,CE,Combined TRACON& Tower with Radar,24,17,6,0,47,0,2,0,0,2,24,19,6,0,49,0,0,0,49
04/18/2022,FAR,ND,AGL,CE,Combined TRACON& Tower with Radar,23,61,81,0,165,0,26,32,0,58,23,87,113,0,223,100,0,100,323
04/19/2022,FAR,ND,AGL,CE,Combined TRACON& Tower with Radar,28,74,59,1,162,0,19,28,0,47,28,93,87,1,209,28,26,54,263
04/20/2022,FAR,ND,AGL,CE,Combined TRACON& Tower with Radar,31,88,61,8,188,0,15,19,1,35,31,103,80,9,223,78,12,90,313
04/21/2022,FAR,ND,AGL,CE,Combined TRACON& Tower with Radar,35,83,54,3,175,0,17,55,9,81,35,100,109,12,256,104,0,104,360
04/22/2022,FAR,ND,AGL,CE,Combined TRACON& Tower with Radar,24,61,30,3,118,0,0,2,0,2,24,61,32,3,120,0,0,0,120
04/23/2022,FAR,ND,AGL,CE,Combined TRACON& Tower with Radar,24,26,7,0,57,0,1,0,0,1,24,27,7,0,58,0,0,0,58
04/24/2022,FAR,ND,AGL,CE,Combined TRACON& Tower with Radar,24,17,31,0,72,0,2,0,0,2,24,19,31,0,74,0,0,0,74
04/25/2022,FAR,ND,AGL,CE,Combined TRACON& Tower with Radar,27,44,26,0,97,0,4,2,0,6,27,48,28,0,103,33,0,33,136
04/26/2022,FAR,ND,AGL,CE,Combined TRACON& Tower with Radar,30,66,83,3,182,0,18,34,2,54,30,84,117,5,236,201,6,207,443
04/27/2022,FAR,ND,AGL,CE,Combined TRACON& Tower with Radar,30,100,47,11,188,0,25,60,2,87,30,125,107,13,275,127,6,133,408
04/28/2022,FAR,ND,AGL,CE,Combined TRACON& Tower with Radar,31,75,70,9,185,0,21,49,9,79,31,96,119,18,264,85,6,91,355
04/29/2022,FAR,ND,AGL,CE,Combined TRACON& Tower with Radar,31,66,50,0,147,0,0,0,0,0,31,66,50,0,147,0,0,0,147
04/30/2022,FAR,ND,AGL,CE,Combined TRACON& Tower with Radar,24,34,22,0,80,0,0,0,0,0,24,34,22,0,80,0,0,0,80
05/01/2022,FAR,ND,AGL,CE,Combined TRACON& Tower with Radar,26,19,24,1,70,0,0,0,0,0,26,19,24,1,70,0,0,0,70
05/02/2022,FAR,ND,AGL,CE,Combined TRACON& Tower with Radar,25,47,54,3,129,0,3,10,0,13,25,50,64,3,142,155,0,155,297
05/03/2022,FAR,ND,AGL,CE,Combined TRACON& Tower with Radar,31,69,41,1,142,0,20,85,1,106,31,89,126,2,248,208,2,210,458
05/04/2022,FAR,ND,AGL,CE,Combined TRACON& Tower with Radar,28,80,58,1,167,0,43,56,1,100,28,123,114,2,267,189,0,189,456
05/05/2022,FAR,ND,AGL,CE,Combined TRACON& Tower with Radar,32,85,60,9,186,0,24,64,8,96,32,109,124,17,282,124,10,134,416
05/06/2022,FAR,ND,AGL,CE,Combined TRACON& Tower with Radar,24,53,56,0,133,0,4,52,2,58,24,57,108,2,191,150,0,150,341
05/07/2022,FAR,ND,AGL,CE,Combined TRACON& Tower with Radar,23,38,23,0,84,0,7,19,0,26,23,45,42,0,110,4,0,4,114
05/08/2022,FAR,ND,AGL,CE,Combined TRACON& Tower with Radar,23,26,36,1,86,0,0,2,0,2,23,26,38,1,88,0,0,0,88
05/09/2022,FAR,ND,AGL,CE,Combined TRACON& Tower with Radar,25,39,22,1,87,0,4,1,0,5,25,43,23,1,92,0,0,0,92
05/10/2022,FAR,ND,AGL,CE,Combined TRACON& Tower with Radar,28,84,66,1,179,0,11,53,1,65,28,95,119,2,244,183,0,183,427
05/11/2022,FAR,ND,AGL,CE,Combined TRACON& Tower with Radar,25,69,42,0,136,0,10,45,2,57,25,79,87,2,193,139,0,139,332
05/12/2022,FAR,ND,AGL,CE,Combined TRACON& Tower with Radar,31,60,28,0,119,0,2,0,0,2,31,62,28,0,121,12,0,12,133
05/13/2022,FAR,ND,AGL,CE,Combined TRACON& Tower with Radar,25,60,27,2,114,0,2,7,1,10,25,62,34,3,124,0,0,0,124
05/14/2022,FAR,ND,AGL,CE,Combined TRACON& Tower with Radar,23,42,16,2,83,0,3,29,4,36,23,45,45,6,119,53,0,53,172
05/15/2022,FAR,ND,AGL,CE,Combined TRACON& Tower with Radar,27,32,26,0,85,0,8,39,4,51,27,40,65,4,136,34,0,34,170
05/16/2022,FAR,ND,AGL,CE,Combined TRACON& Tower with Radar,25,68,40,0,133,0,26,60,8,94,25,94,100,8,227,173,0,173,400
05/17/2022,FAR,ND,AGL,CE,Combined TRACON& Tower with Radar,31,83,45,3,162,0,7,46,9,62,31,90,91,12,224,80,0,80,304
05/18/2022,FAR,ND,AGL,CE,Combined TRACON& Tower with Radar,25,83,47,0,155,0,6,20,0,26,25,89,67,0,181,22,0,22,203
05/19/2022,FAR,ND,AGL,CE,Combined TRACON& Tower with Radar,32,105,83,0,220,0,3,14,4,21,32,108,97,4,241,78,0,78,319
05/20/2022,FAR,ND,AGL,CE,Combined TRACON& Tower with Radar,26,64,62,2,154,0,3,19,0,22,26,67,81,2,176,99,0,99,275
05/21/2022,FAR,ND,AGL,CE,Combined TRACON& Tower with Radar,22,32,45,0,99,0,10,58,0,68,22,42,103,0,167,104,0,104,271
05/22/2022,FAR,ND,AGL,CE,Combined TRACON& Tower with Radar,30,28,17,0,75,0,12,49,0,61,30,40,66,0,136,199,0,199,335
05/23/2022,FAR,ND,AGL,CE,Combined TRACON& Tower with Radar,25,50,45,2,122,0,14,52,2,68,25,64,97,4,190,121,0,121,311
05/24/2022,FAR,ND,AGL,CE,Combined TRACON& Tower with Radar,30,100,61,5,196,0,19,74,5,98,30,119,135,10,294,169,5,174,468
05/25/2022,FAR,ND,AGL,CE,Combined TRACON& Tower with Radar,26,88,54,17,185,0,30,36,5,71,26,118,90,22,256,182,53,235,491
05/26/2022,FAR,ND,AGL,CE,Combined TRACON& Tower with Radar,32,91,65,4,192,0,43,57,14,114,32,134,122,18,306,147,27,174,480
05/27/2022,FAR,ND,AGL,CE,Combined TRACON& Tower with Radar,28,78,47,2,155,0,10,46,0,56,28,88,93,2,211,98,0,98,309
05/28/2022,FAR,ND,AGL,CE,Combined TRACON& Tower with Radar,23,60,17,0,100,0,19,23,0,42,23,79,40,0,142,47,0,47,189
05/29/2022,FAR,ND,AGL,CE,Combined TRACON& Tower with Radar,21,27,22,0,70,0,4,3,0,7,21,31,25,0,77,0,0,0,77
05/30/2022,FAR,ND,AGL,CE,Combined TRACON& Tower with Radar,21,22,8,2,53,0,2,2,0,4,21,24,10,2,57,0,0,0,57
05/31/2022,FAR,ND,AGL,CE,Combined TRACON& Tower with Radar,24,60,30,1,115,0,14,12,1,27,24,74,42,2,142,38,0,38,180
06/01/2022,FAR,ND,AGL,CE,Combined TRACON& Tower with Radar,28,101,69,15,213,0,21,61,5,87,28,122,130,20,300,120,11,131,431
06/02/2022,FAR,ND,AGL,CE,Combined TRACON& Tower with Radar,30,91,42,6,169,0,32,59,10,101,30,123,101,16,270,76,9,85,355
06/03/2022,FAR,ND,AGL,CE,Combined TRACON& Tower with Radar,27,106,30,0,163,0,7,48,4,59,27,113,78,4,222,112,0,112,334
06/04/2022,FAR,ND,AGL,CE,Combined TRACON& Tower with Radar,21,61,21,4,107,0,23,45,5,73,21,84,66,9,180,110,6,116,296
06/05/2022,FAR,ND,AGL,CE,Combined TRACON& Tower with Radar,26,38,28,4,96,0,14,39,0,53,26,52,67,4,149,6,4,10,159
06/06/2022,FAR,ND,AGL,CE,Combined TRACON& Tower with Radar,27,59,36,0,122,0,14,57,0,71,27,73,93,0,193,43,0,43,236
06/07/2022,FAR,ND,AGL,CE,Combined TRACON& Tower with Radar,33,77,32,1,143,0,24,57,1,82,33,101,89,2,225,111,30,141,366
06/08/2022,FAR,ND,AGL,CE,Combined TRACON& Tower with Radar,30,81,45,2,158,0,28,31,2,61,30,109,76,4,219,32,0,32,251
06/09/2022,FAR,ND,AGL,CE,Combined TRACON& Tower with Radar,29,99,44,8,180,0,19,22,4,45,29,118,66,12,225,46,8,54,279
06/10/2022,FAR,ND,AGL,CE,Combined TRACON& Tower with Radar,30,92,28,4,154,0,13,31,1,45,30,105,59,5,199,32,0,32,231
06/11/2022,FAR,ND,AGL,CE,Combined TRACON& Tower with Radar,21,51,15,0,87,0,14,12,3,29,21,65,27,3,116,61,0,61,177
06/12/2022,FAR,ND,AGL,CE,Combined TRACON& Tower with Radar,27,27,46,4,104,0,13,28,0,41,27,40,74,4,145,0,0,0,145
06/13/2022,FAR,ND,AGL,CE,Combined TRACON& Tower with Radar,27,52,39,0,118,0,6,4,2,12,27,58,43,2,130,6,0,6,136
06/14/2022,FAR,ND,AGL,CE,Combined TRACON& Tower with Radar,32,72,76,0,180,0,20,18,2,40,32,92,94,2,220,47,0,47,267
06/15/2022,FAR,ND,AGL,CE,Combined TRACON& Tower with Radar,32,68,70,3,173,0,10,42,1,53,32,78,112,4,226,48,2,50,276
06/16/2022,FAR,ND,AGL,CE,Combined TRACON& Tower with Radar,30,73,76,5,184,0,25,24,4,53,30,98,100,9,237,47,0,47,284
06/17/2022,FAR,ND,AGL,CE,Combined TRACON& Tower with Radar,30,113,43,1,187,0,18,56,1,75,30,131,99,2,262,100,0,100,362
06/18/2022,FAR,ND,AGL,CE,Combined TRACON& Tower with Radar,22,38,13,0,73,0,12,10,1,23,22,50,23,1,96,0,0,0,96
06/19/2022,FAR,ND,AGL,CE,Combined TRACON& Tower with Radar,25,22,19,0,66,0,13,9,1,23,25,35,28,1,89,4,0,4,93
06/20/2022,FAR,ND,AGL,CE,Combined TRACON& Tower with Radar,30,68,49,0,147,0,14,28,0,42,30,82,77,0,189,40,0,40,229
06/21/2022,FAR,ND,AGL,CE,Combined TRACON& Tower with Radar,28,70,56,0,154,0,5,44,0,49,28,75,100,0,203,53,0,53,256
06/22/2022,FAR,ND,AGL,CE,Combined TRACON& Tower with Radar,31,78,50,5,164,0,23,44,1,68,31,101,94,6,232,138,6,144,376
06/23/2022,FAR,ND,AGL,CE,Combined TRACON& Tower with Radar,33,103,63,6,205,0,23,57,7,87,33,126,120,13,292,61,0,61,353
06/24/2022,FAR,ND,AGL,CE,Combined TRACON& Tower with Radar,27,66,46,0,139,0,4,5,0,9,27,70,51,0,148,0,0,0,148
06/25/2022,FAR,ND,AGL,CE,Combined TRACON& Tower with Radar,28,52,35,0,115,0,10,20,1,31,28,62,55,1,146,28,0,28,174
06/26/2022,FAR,ND,AGL,CE,Combined TRACON& Tower with Radar,26,37,28,0,91,0,7,11,0,18,26,44,39,0,109,0,0,0,109
06/27/2022,FAR,ND,AGL,CE,Combined TRACON& Tower with Radar,26,76,40,0,142,0,21,60,0,81,26,97,100,0,223,76,0,76,299
06/28/2022,FAR,ND,AGL,CE,Combined TRACON& Tower with Radar,33,97,40,2,172,0,30,49,2,81,33,127,89,4,253,194,0,194,447
06/29/2022,FAR,ND,AGL,CE,Combined TRACON& Tower with Radar,32,87,39,0,158,0,25,40,0,65,32,112,79,0,223,55,0,55,278
06/30/2022,FAR,ND,AGL,CE,Combined TRACON& Tower with Radar,31,84,46,6,167,0,21,62,13,96,31,105,108,19,263,83,2,85,348
07/01/2022,FAR,ND,AGL,CE,Combined TRACON& Tower with Radar,32,89,46,0,167,0,20,52,0,72,32,109,98,0,239,86,0,86,325
07/02/2022,FAR,ND,AGL,CE,Combined TRACON& Tower with Radar,29,37,22,0,88,0,7,32,0,39,29,44,54,0,127,40,0,40,167
07/03/2022,FAR,ND,AGL,CE,Combined TRACON& Tower with Radar,24,18,23,0,65,0,11,22,0,33,24,29,45,0,98,22,0,22,120
07/04/2022,FAR,ND,AGL,CE,Combined TRACON& Tower with Radar,22,26,10,0,58,0,11,8,0,19,22,37,18,0,77,0,0,0,77
07/05/2022,FAR,ND,AGL,CE,Combined TRACON& Tower with Radar,24,53,41,5,123,0,8,13,0,21,24,61,54,5,144,20,4,24,168
07/06/2022,FAR,ND,AGL,CE,Combined TRACON& Tower with Radar,33,70,61,4,168,0,10,40,4,54,33,80,101,8,222,93,2,95,317
07/07/2022,FAR,ND,AGL,CE,Combined TRACON& Tower with Radar,28,80,35,4,147,0,21,34,9,64,28,101,69,13,211,127,4,131,342
07/08/2022,FAR,ND,AGL,CE,Combined TRACON& Tower with Radar,33,80,23,3,139,0,22,75,2,99,33,102,98,5,238,148,2,150,388
07/09/2022,FAR,ND,AGL,CE,Combined TRACON& Tower with Radar,29,39,13,0,81,0,12,54,0,66,29,51,67,0,147,118,0,118,265
07/10/2022,FAR,ND,AGL,CE,Combined TRACON& Tower with Radar,26,13,27,0,66,0,0,20,0,20,26,13,47,0,86,36,0,36,122
07/11/2022,FAR,ND,AGL,CE,Combined TRACON& Tower with Radar,29,49,38,2,118,0,13,28,0,41,29,62,66,2,159,40,0,40,199
07/12/2022,FAR,ND,AGL,CE,Combined TRACON& Tower with Radar,28,68,62,16,174,0,42,35,0,77,28,110,97,16,251,150,13,163,414
07/13/2022,FAR,ND,AGL,CE,Combined TRACON& Tower with Radar,34,89,41,7,171,0,29,56,3,88,34,118,97,10,259,162,22,184,443
07/14/2022,FAR,ND,AGL,CE,Combined TRACON& Tower with Radar,29,64,69,4,166,0,8,39,15,62,29,72,108,19,228,34,6,40,268
07/15/2022,FAR,ND,AGL,CE,Combined TRACON& Tower with Radar,30,96,49,3,178,0,19,71,0,90,30,115,120,3,268,115,0,115,383
07/16/2022,FAR,ND,AGL,CE,Combined TRACON& Tower with Radar,28,29,31,0,88,0,6,43,0,49,28,35,74,0,137,75,0,75,212
07/17/2022,FAR,ND,AGL,CE,Combined TRACON& Tower with Radar,25,18,38,0,81,0,5,28,0,33,25,23,66,0,114,64,0,64,178
07/18/2022,FAR,ND,AGL,CE,Combined TRACON& Tower with Radar,29,67,55,0,151,0,9,30,1,40,29,76,85,1,191,47,0,47,238
07/19/2022,FAR,ND,AGL,CE,Combined TRACON& Tower with Radar,31,61,44,2,138,0,11,11,1,23,31,72,55,3,161,10,0,10,171
07/20/2022,FAR,ND,AGL,CE,Combined TRACON& Tower with Radar,31,77,56,2,166,0,41,54,2,97,31,118,110,4,263,88,4,92,355
07/21/2022,FAR,ND,AGL,CE,Combined TRACON& Tower with Radar,35,78,65,2,180,0,23,59,11,93,35,101,124,13,273,69,0,69,342
07/22/2022,FAR,ND,AGL,CE,Combined TRACON& Tower with Radar,30,59,36,1,126,0,18,65,3,86,30,77,101,4,212,130,15,145,357
07/23/2022,FAR,ND,AGL,CE,Combined TRACON& Tower with Radar,28,29,21,0,78,0,11,25,0,36,28,40,46,0,114,65,0,65,179
07/24/2022,FAR,ND,AGL,CE,Combined TRACON& Tower with Radar,23,22,32,0,77,0,2,52,0,54,23,24,84,0,131,53,0,53,184
07/25/2022,FAR,ND,AGL,CE,Combined TRACON& Tower with Radar,31,56,57,3,147,0,22,61,2,85,31,78,118,5,232,115,2,117,349
07/26/2022,FAR,ND,AGL,CE,Combined TRACON& Tower with Radar,28,78,39,0,145,0,19,36,0,55,28,97,75,0,200,103,0,103,303
07/27/2022,FAR,ND,AGL,CE,Combined TRACON& Tower with Radar,32,62,59,2,155,0,56,68,2,126,32,118,127,4,281,94,0,94,375
07/28/2022,FAR,ND,AGL,CE,Combined TRACON& Tower with Radar,29,67,36,3,135,0,28,60,15,103,29,95,96,18,238,141,0,141,379
07/29/2022,FAR,ND,AGL,CE,Combined TRACON& Tower with Radar,29,75,47,4,155,0,24,62,1,87,29,99,109,5,242,137,22,159,401
07/30/2022,FAR,ND,AGL,CE,Combined TRACON& Tower with Radar,27,35,26,0,88,0,7,49,0,56,27,42,75,0,144,116,0,116,260
07/31/2022,FAR,ND,AGL,CE,Combined TRACON& Tower with Radar,26,11,34,0,71,0,6,24,1,31,26,17,58,1,102,62,0,62,164
08/01/2022,FAR,ND,AGL,CE,Combined TRACON& Tower with Radar,28,57,49,0,134,0,12,75,1,88,28,69,124,1,222,140,0,140,362
08/02/2022,FAR,ND,AGL,CE,Combined TRACON& Tower with Radar,30,83,39,4,156,0,6,33,0,39,30,89,72,4,195,44,6,50,245
08/03/2022,FAR,ND,AGL,CE,Combined TRACON& Tower with Radar,33,69,59,3,164,0,6,34,1,41,33,75,93,4,205,67,0,67,272
08/04/2022,FAR,ND,AGL,CE,Combined TRACON& Tower with Radar,31,76,54,2,163,0,10,49,11,70,31,86,103,13,233,16,0,16,249
08/05/2022,FAR,ND,AGL,CE,Combined TRACON& Tower with Radar,32,71,37,0,140,0,15,26,0,41,32,86,63,0,181,10,0,10,191
08/06/2022,FAR,ND,AGL,CE,Combined TRACON& Tower with Radar,27,35,21,1,84,0,11,38,1,50,27,46,59,2,134,69,0,69,203
08/07/2022,FAR,ND,AGL,CE,Combined TRACON& Tower with Radar,27,19,31,0,77,0,6,33,0,39,27,25,64,0,116,20,21,41,157
08/08/2022,FAR,ND,AGL,CE,Combined TRACON& Tower with Radar,27,64,45,1,137,0,30,52,0,82,27,94,97,1,219,101,0,101,320
08/09/2022,FAR,ND,AGL,CE,Combined TRACON& Tower with Radar,30,75,56,6,167,0,26,98,1,125,30,101,154,7,292,56,2,58,350
08/10/2022,FAR,ND,AGL,CE,Combined TRACON& Tower with Radar,30,84,61,10,185,0,14,63,4,81,30,98,124,14,266,101,8,109,375
08/11/2022,FAR,ND,AGL,CE,Combined TRACON& Tower with Radar,30,82,47,4,163,0,19,70,12,101,30,101,117,16,264,65,0,65,329
08/12/2022,FAR,ND,AGL,CE,Combined TRACON& Tower with Radar,29,91,42,4,166,0,2,20,0,22,29,93,62,4,188,23,0,23,211
08/13/2022,FAR,ND,AGL,CE,Combined TRACON& Tower with Radar,28,52,46,0,126,0,4,15,0,19,28,56,61,0,145,24,0,24,169
08/14/2022,FAR,ND,AGL,CE,Combined TRACON& Tower with Radar,27,22,31,0,80,0,6,55,0,61,27,28,86,0,141,82,0,82,223
08/15/2022,FAR,ND,AGL,CE,Combined TRACON& Tower with Radar,26,58,78,4,166,0,8,41,0,49,26,66,119,4,215,57,0,57,272
08/16/2022,FAR,ND,AGL,CE,Combined TRACON& Tower with Radar,30,91,54,3,178,0,2,41,2,45,30,93,95,5,223,82,0,82,305
08/17/2022,FAR,ND,AGL,CE,Combined TRACON& Tower with Radar,27,77,74,16,194,0,22,42,2,66,27,99,116,18,260,181,4,185,445
08/18/2022,FAR,ND,AGL,CE,Combined TRACON& Tower with Radar,30,75,49,0,154,0,0,4,0,4,30,75,53,0,158,44,0,44,202
08/19/2022,FAR,ND,AGL,CE,Combined TRACON& Tower with Radar,27,72,46,3,148,0,2,3,2,7,27,74,49,5,155,8,0,8,163
08/20/2022,FAR,ND,AGL,CE,Combined TRACON& Tower with Radar,24,48,11,0,83,0,6,21,4,31,24,54,32,4,114,36,0,36,150
08/21/2022,FAR,ND,AGL,CE,Combined TRACON& Tower with Radar,23,18,20,0,61,0,0,44,1,45,23,18,64,1,106,64,0,64,170
08/22/2022,FAR,ND,AGL,CE,Combined TRACON& Tower with Radar,24,48,43,0,115,0,15,38,0,53,24,63,81,0,168,133,0,133,301
08/23/2022,FAR,ND,AGL,CE,Combined TRACON& Tower with Radar,30,87,53,5,175,0,7,59,2,68,30,94,112,7,243,64,16,80,323
08/24/2022,FAR,ND,AGL,CE,Combined TRACON& Tower with Radar,26,73,90,2,191,0,6,8,0,14,26,79,98,2,205,38,0,38,243
08/25/2022,FAR,ND,AGL,CE,Combined TRACON& Tower with Radar,30,96,77,7,210,0,19,68,18,105,30,115,145,25,315,70,4,74,389
08/26/2022,FAR,ND,AGL,CE,Combined TRACON& Tower with Radar,24,109,66,6,205,0,6,36,2,44,24,115,102,8,249,42,4,46,295
08/27/2022,FAR,ND,AGL,CE,Combined TRACON& Tower with Radar,26,65,34,0,125,0,2,18,0,20,26,67,52,0,145,49,0,49,194
08/28/2022,FAR,ND,AGL,CE,Combined TRACON& Tower with Radar,22,25,37,0,84,0,2,2,0,4,22,27,39,0,88,36,0,36,124
08/29/2022,FAR,ND,AGL,CE,Combined TRACON& Tower with Radar,24,57,44,1,126,0,24,24,1,49,24,81,68,2,175,84,0,84,259
08/30/2022,FAR,ND,AGL,CE,Combined TRACON& Tower with Radar,25,101,51,4,181,0,16,59,2,77,25,117,110,6,258,138,8,146,404
08/31/2022,FAR,ND,AGL,CE,Combined TRACON& Tower with Radar,25,84,55,2,166,0,22,60,2,84,25,106,115,4,250,148,14,162,412
09/01/2022,FAR,ND,AGL,CE,Combined TRACON& Tower with Radar,28,113,49,2,192,0,10,50,8,68,28,123,99,10,260,124,0,124,384
09/02/2022,FAR,ND,AGL,CE,Combined TRACON& Tower with Radar,25,84,47,1,157,0,21,37,1,59,25,105,84,2,216,50,6,56,272
09/03/2022,FAR,ND,AGL,CE,Combined TRACON& Tower with Radar,22,43,25,1,91,0,11,49,1,61,22,54,74,2,152,33,0,33,185
09/04/2022,FAR,ND,AGL,CE,Combined TRACON& Tower with Radar,19,28,16,0,63,0,3,29,0,32,19,31,45,0,95,10,0,10,105
09/05/2022,FAR,ND,AGL,CE,Combined TRACON& Tower with Radar,19,39,17,0,75,0,12,26,1,39,19,51,43,1,114,18,0,18,132
09/06/2022,FAR,ND,AGL,CE,Combined TRACON& Tower with Radar,18,48,26,0,92,0,6,48,0,54,18,54,74,0,146,142,0,142,288
09/07/2022,FAR,ND,AGL,CE,Combined TRACON& Tower with Radar,23,91,41,2,157,0,19,58,4,81,23,110,99,6,238,99,6,105,343
09/08/2022,FAR,ND,AGL,CE,Combined TRACON& Tower with Radar,26,86,49,2,163,0,26,35,8,69,26,112,84,10,232,16,12,28,260
09/09/2022,FAR,ND,AGL,CE,Combined TRACON& Tower with Radar,22,98,30,3,153,0,27,47,9,83,22,125,77,12,236,155,0,155,391
09/10/2022,FAR,ND,AGL,CE,Combined TRACON& Tower with Radar,23,58,33,4,118,0,14,45,7,66,23,72,78,11,184,53,0,53,237
09/11/2022,FAR,ND,AGL,CE,Combined TRACON& Tower with Radar,22,42,22,2,88,0,4,41,7,52,22,46,63,9,140,68,0,68,208
09/12/2022,FAR,ND,AGL,CE,Combined TRACON& Tower with Radar,23,84,50,3,160,0,14,40,7,61,23,98,90,10,221,70,26,96,317
09/13/2022,FAR,ND,AGL,CE,Combined TRACON& Tower with Radar,26,96,45,2,169,0,23,61,0,84,26,119,106,2,253,94,26,120,373
09/14/2022,FAR,ND,AGL,CE,Combined TRACON& Tower with Radar,26,107,56,7,196,0,16,38,2,56,26,123,94,9,252,52,0,52,304
09/15/2022,FAR,ND,AGL,CE,Combined TRACON& Tower with Radar,30,85,69,6,190,0,7,23,8,38,30,92,92,14,228,32,0,32,260
09/16/2022,FAR,ND,AGL,CE,Combined TRACON& Tower with Radar,26,91,72,1,190,0,1,4,0,5,26,92,76,1,195,12,0,12,207
09/17/2022,FAR,ND,AGL,CE,Combined TRACON& Tower with Radar,21,72,26,0,119,0,4,16,0,20,21,76,42,0,139,20,0,20,159
09/18/2022,FAR,ND,AGL,CE,Combined TRACON& Tower with Radar,27,38,32,0,97,0,8,44,0,52,27,46,76,0,149,85,0,85,234
09/19/2022,FAR,ND,AGL,CE,Combined TRACON& Tower with Radar,21,62,58,0,141,0,14,29,2,45,21,76,87,2,186,27,0,27,213
09/20/2022,FAR,ND,AGL,CE,Combined TRACON& Tower with Radar,29,86,53,1,169,0,16,55,0,71,29,102,108,1,240,71,0,71,311
09/21/2022,FAR,ND,AGL,CE,Combined TRACON& Tower with Radar,28,95,75,1,199,0,6,57,3,66,28,101,132,4,265,28,18,46,311
09/22/2022,FAR,ND,AGL,CE,Combined TRACON& Tower with Radar,26,96,56,2,180,0,23,70,11,104,26,119,126,13,284,107,0,107,391
09/23/2022,FAR,ND,AGL,CE,Combined TRACON& Tower with Radar,24,67,43,0,134,0,4,15,0,19,24,71,58,0,153,8,2,10,163
09/24/2022,FAR,ND,AGL,CE,Combined TRACON& Tower with Radar,21,68,33,0,122,0,13,31,0,44,21,81,64,0,166,62,0,62,228
09/25/2022,FAR,ND,AGL,CE,Combined TRACON& Tower with Radar,23,23,14,0,60,0,9,24,0,33,23,32,38,0,93,6,0,6,99
09/26/2022,FAR,ND,AGL,CE,Combined TRACON& Tower with Radar,22,114,36,3,175,0,12,72,4,88,22,126,108,7,263,62,0,62,325
09/27/2022,FAR,ND,AGL,CE,Combined TRACON& Tower with Radar,26,75,34,0,135,0,2,82,2,86,26,77,116,2,221,92,0,92,313
09/28/2022,FAR,ND,AGL,CE,Combined TRACON& Tower with Radar,26,136,60,3,225,0,21,41,3,65,26,157,101,6,290,50,0,50,340
09/29/2022,FAR,ND,AGL,CE,Combined TRACON& Tower with Radar,27,104,43,3,177,0,13,18,2,33,27,117,61,5,210,29,0,29,239
09/30/2022,FAR,ND,AGL,CE,Combined TRACON& Tower with Radar,32,109,70,1,212,0,18,58,0,76,32,127,128,1,288,86,23,109,397
10/01/2022,FAR,ND,AGL,CE,Combined TRACON& Tower with Radar,25,48,30,0,103,0,15,33,0,48,25,63,63,0,151,138,0,138,289
10/02/2022,FAR,ND,AGL,CE,Combined TRACON& Tower with Radar,29,27,26,0,82,0,2,19,0,21,29,29,45,0,103,32,0,32,135
10/03/2022,FAR,ND,AGL,CE,Combined TRACON& Tower with Radar,25,109,53,0,187,0,12,51,0,63,25,121,104,0,250,108,0,108,358
10/04/2022,FAR,ND,AGL,CE,Combined TRACON& Tower with Radar,33,84,47,0,164,0,8,33,0,41,33,92,80,0,205,99,0,99,304
10/05/2022,FAR,ND,AGL,CE,Combined TRACON& Tower with Radar,28,85,64,4,181,0,10,39,6,55,28,95,103,10,236,20,0,20,256
10/06/2022,FAR,ND,AGL,CE,Combined TRACON& Tower with Radar,33,64,56,6,159,0,16,26,4,46,33,80,82,10,205,16,5,21,226
10/07/2022,FAR,ND,AGL,CE,Combined TRACON& Tower with Radar,37,77,41,0,155,0,19,52,3,74,37,96,93,3,229,67,0,67,296
10/08/2022,FAR,ND,AGL,CE,Combined TRACON& Tower with Radar,29,55,24,0,108,0,19,33,2,54,29,74,57,2,162,39,0,39,201
10/09/2022,FAR,ND,AGL,CE,Combined TRACON& Tower with Radar,31,40,37,0,108,0,18,33,2,53,31,58,70,2,161,48,1,49,210
10/10/2022,FAR,ND,AGL,CE,Combined TRACON& Tower with Radar,33,70,42,0,145,0,18,38,0,56,33,88,80,0,201,82,0,82,283
10/11/2022,FAR,ND,AGL,CE,Combined TRACON& Tower with Radar,32,78,57,0,167,0,16,46,0,62,32,94,103,0,229,60,0,60,289
10/12/2022,FAR,ND,AGL,CE,Combined TRACON& Tower with Radar,32,60,42,0,134,0,10,14,2,26,32,70,56,2,160,36,0,36,196
10/13/2022,FAR,ND,AGL,CE,Combined TRACON& Tower with Radar,35,64,48,0,147,0,6,19,4,29,35,70,67,4,176,50,0,50,226
10/14/2022,FAR,ND,AGL,CE,Combined TRACON& Tower with Radar,35,67,31,0,133,0,2,4,0,6,35,69,35,0,139,0,0,0,139
10/15/2022,FAR,ND,AGL,CE,Combined TRACON& Tower with Radar,27,31,27,0,85,0,6,15,0,21,27,37,42,0,106,80,0,80,186
10/16/2022,FAR,ND,AGL,CE,Combined TRACON& Tower with Radar,31,11,18,0,60,0,2,9,0,11,31,13,27,0,71,4,0,4,75
10/17/2022,FAR,ND,AGL,CE,Combined TRACON& Tower with Radar,36,62,54,2,154,0,32,40,0,72,36,94,94,2,226,74,4,78,304
10/18/2022,FAR,ND,AGL,CE,Combined TRACON& Tower with Radar,37,106,43,4,190,0,14,40,4,58,37,120,83,8,248,91,0,91,339
10/19/2022,FAR,ND,AGL,CE,Combined TRACON& Tower with Radar,36,92,59,4,191,0,19,30,6,55,36,111,89,10,246,86,6,92,338
10/20/2022,FAR,ND,AGL,CE,Combined TRACON& Tower with Radar,36,83,59,3,181,0,32,55,10,97,36,115,114,13,278,167,4,171,449
10/21/2022,FAR,ND,AGL,CE,Combined TRACON& Tower with Radar,35,71,42,0,148,0,28,34,3,65,35,99,76,3,213,58,0,58,271
10/22/2022,FAR,ND,AGL,CE,Combined TRACON& Tower with Radar,27,43,28,0,98,0,8,35,0,43,27,51,63,0,141,70,0,70,211
10/23/2022,FAR,ND,AGL,CE,Combined TRACON& Tower with Radar,31,20,40,4,95,0,21,20,1,42,31,41,60,5,137,20,0,20,157
10/24/2022,FAR,ND,AGL,CE,Combined TRACON& Tower with Radar,32,37,36,2,107,0,0,6,0,6,32,37,42,2,113,0,0,0,113
10/25/2022,FAR,ND,AGL,CE,Combined TRACON& Tower with Radar,34,51,48,2,135,0,12,35,4,51,34,63,83,6,186,105,0,105,291
10/26/2022,FAR,ND,AGL,CE,Combined TRACON& Tower with Radar,32,64,48,0,144,0,19,47,4,70,32,83,95,4,214,181,2,183,397
10/27/2022,FAR,ND,AGL,CE,Combined TRACON& Tower with Radar,36,70,67,2,175,0,26,29,2,57,36,96,96,4,232,88,0,88,320
10/28/2022,FAR,ND,AGL,CE,Combined TRACON& Tower with Radar,35,76,52,0,163,0,23,47,7,77,35,99,99,7,240,127,0,127,367
10/29/2022,FAR,ND,AGL,CE,Combined TRACON& Tower with Radar,28,47,31,0,106,0,18,28,2,48,28,65,59,2,154,97,0,97,251
10/30/2022,FAR,ND,AGL,CE,Combined TRACON& Tower with Radar,33,17,36,0,86,0,2,46,1,49,33,19,82,1,135,98,0,98,233
10/31/2022,FAR,ND,AGL,CE,Combined TRACON& Tower with Radar,32,40,28,0,100,0,18,34,0,52,32,58,62,0,152,122,0,122,274
11/01/2022,FAR,ND,AGL,CE,Combined TRACON& Tower with Radar,36,74,46,4,160,0,18,59,2,79,36,92,105,6,239,36,0,36,275
11/02/2022,FAR,ND,AGL,CE,Combined TRACON& Tower with Radar,34,74,63,0,171,0,23,14,0,37,34,97,77,0,208,38,0,38,246
11/03/2022,FAR,ND,AGL,CE,Combined TRACON& Tower with Radar,36,58,65,4,163,0,12,25,2,39,36,70,90,6,202,97,0,97,299
11/04/2022,FAR,ND,AGL,CE,Combined TRACON& Tower with Radar,38,74,45,1,158,0,33,39,5,77,38,107,84,6,235,102,2,104,339
11/05/2022,FAR,ND,AGL,CE,Combined TRACON& Tower with Radar,29,34,22,3,88,0,19,43,5,67,29,53,65,8,155,69,20,89,244
11/06/2022,FAR,ND,AGL,CE,Combined TRACON& Tower with Radar,29,18,15,0,62,0,2,3,0,5,29,20,18,0,67,0,0,0,67
11/07/2022,FAR,ND,AGL,CE,Combined TRACON& Tower with Radar,30,39,44,0,113,0,4,31,0,35,30,43,75,0,148,66,0,66,214
11/08/2022,FAR,ND,AGL,CE,Combined TRACON& Tower with Radar,37,65,34,1,137,0,0,0,0,0,37,65,34,1,137,0,0,0,137
11/09/2022,FAR,ND,AGL,CE,Combined TRACON& Tower with Radar,34,55,36,0,125,0,0,0,0,0,34,55,36,0,125,0,0,0,125
11/10/2022,FAR,ND,AGL,CE,Combined TRACON& Tower with Radar,21,4,9,0,34,0,0,0,0,0,21,4,9,0,34,0,0,0,34
11/11/2022,FAR,ND,AGL,CE,Combined TRACON& Tower with Radar,36,51,26,0,113,0,2,0,0,2,36,53,26,0,115,0,0,0,115
11/12/2022,FAR,ND,AGL,CE,Combined TRACON& Tower with Radar,32,38,26,0,96,0,0,1,0,1,32,38,27,0,97,28,0,28,125
11/13/2022,FAR,ND,AGL,CE,Combined TRACON& Tower with Radar,39,16,22,0,77,0,0,5,0,5,39,16,27,0,82,26,0,26,108
11/14/2022,FAR,ND,AGL,CE,Combined TRACON& Tower with Radar,31,59,29,0,119,0,0,3,0,3,31,59,32,0,122,0,0,0,122
11/15/2022,FAR,ND,AGL,CE,Combined TRACON& Tower with Radar,42,75,33,1,151,0,0,2,0,2,42,75,35,1,153,0,0,0,153
11/16/2022,FAR,ND,AGL,CE,Combined TRACON& Tower with Radar,34,62,40,8,144,0,0,25,5,30,34,62,65,13,174,94,6,100,274
11/17/2022,FAR,ND,AGL,CE,Combined TRACON& Tower with Radar,41,61,53,0,155,0,0,3,0,3,41,61,56,0,158,0,0,0,158
11/18/2022,FAR,ND,AGL,CE,Combined TRACON& Tower with Radar,34,67,38,2,141,0,4,22,2,28,34,71,60,4,169,22,12,34,203
11/19/2022,FAR,ND,AGL,CE,Combined TRACON& Tower with Radar,30,41,18,0,89,0,4,16,0,20,30,45,34,0,109,80,0,80,189
11/20/2022,FAR,ND,AGL,CE,Combined TRACON& Tower with Radar,37,25,27,1,90,0,8,31,0,39,37,33,58,1,129,52,0,52,181
11/21/2022,FAR,ND,AGL,CE,Combined TRACON& Tower with Radar,32,39,38,0,109,0,0,7,3,10,32,39,45,3,119,14,0,14,133
11/22/2022,FAR,ND,AGL,CE,Combined TRACON& Tower with Radar,43,91,64,0,198,0,39,51,10,100,43,130,115,10,298,125,12,137,435
11/23/2022,FAR,ND,AGL,CE,Combined TRACON& Tower with Radar,42,63,47,6,158,0,14,40,4,58,42,77,87,10,216,91,26,117,333
11/24/2022,FAR,ND,AGL,CE,Combined TRACON& Tower with Radar,17,7,11,0,35,0,1,2,0,3,17,8,13,0,38,4,0,4,42
11/25/2022,FAR,ND,AGL,CE,Combined TRACON& Tower with Radar,30,64,17,0,111,0,9,31,0,40,30,73,48,0,151,75,0,75,226
11/26/2022,FAR,ND,AGL,CE,Combined TRACON& Tower with Radar,36,43,23,0,102,0,14,19,0,33,36,57,42,0,135,12,0,12,147
11/27/2022,FAR,ND,AGL,CE,Combined TRACON& Tower with Radar,40,21,28,0,89,0,13,29,0,42,40,34,57,0,131,106,0,106,237
11/28/2022,FAR,ND,AGL,CE,Combined TRACON& Tower with Radar,34,43,38,3,118,0,18,25,2,45,34,61,63,5,163,77,0,77,240
11/29/2022,FAR,ND,AGL,CE,Combined TRACON& Tower with Radar,46,62,45,0,153,0,6,21,8,35,46,68,66,8,188,34,0,34,222
11/30/2022,FAR,ND,AGL,CE,Combined TRACON& Tower with Radar,38,72,42,4,156,0,26,45,4,75,38,98,87,8,231,89,6,95,326
12/01/2022,FAR,ND,AGL,CE,Combined TRACON& Tower with Radar,44,78,50,4,176,0,58,37,14,109,44,136,87,18,285,65,7,72,357
12/02/2022,FAR,ND,AGL,CE,Combined TRACON& Tower with Radar,40,67,32,0,139,0,0,0,0,0,40,67,32,0,139,0,0,0,139
12/03/2022,FAR,ND,AGL,CE,Combined TRACON& Tower with Radar,31,52,18,0,101,0,44,28,0,72,31,96,46,0,173,114,0,114,287
12/04/2022,FAR,ND,AGL,CE,Combined TRACON& Tower with Radar,40,22,31,0,93,0,18,19,0,37,40,40,50,0,130,24,0,24,154
12/05/2022,FAR,ND,AGL,CE,Combined TRACON& Tower with Radar,32,48,37,1,118,0,27,19,1,47,32,75,56,2,165,84,0,84,249
12/06/2022,FAR,ND,AGL,CE,Combined TRACON& Tower with Radar,38,62,30,0,130,0,2,3,0,5,38,64,33,0,135,0,0,0,135
12/07/2022,FAR,ND,AGL,CE,Combined TRACON& Tower with Radar,35,69,50,18,172,0,54,48,4,106,35,123,98,22,278,109,24,133,411
12/08/2022,FAR,ND,AGL,CE,Combined TRACON& Tower with Radar,48,59,57,3,167,0,4,31,11,46,48,63,88,14,213,97,8,105,318
12/09/2022,FAR,ND,AGL,CE,Combined TRACON& Tower with Radar,36,66,31,4,137,1,0,0,0,1,37,66,31,4,138,0,0,0,138
12/10/2022,FAR,ND,AGL,CE,Combined TRACON& Tower with Radar,28,44,22,0,94,0,0,1,0,1,28,44,23,0,95,0,0,0,95
12/11/2022,FAR,ND,AGL,CE,Combined TRACON& Tower with Radar,38,22,13,0,73,0,0,15,2,17,38,22,28,2,90,54,0,54,144
12/12/2022,FAR,ND,AGL,CE,Combined TRACON& Tower with Radar,29,51,44,0,124,0,0,0,0,0,29,51,44,0,124,0,0,0,124
12/13/2022,FAR,ND,AGL,CE,Combined TRACON& Tower with Radar,22,43,12,0,77,0,0,0,0,0,22,43,12,0,77,0,0,0,77
12/14/2022,FAR,ND,AGL,CE,Combined TRACON& Tower with Radar,37,40,21,0,98,0,0,0,0,0,37,40,21,0,98,0,0,0,98
12/15/2022,FAR,ND,AGL,CE,Combined TRACON& Tower with Radar,26,36,10,0,72,0,0,0,0,0,26,36,10,0,72,0,0,0,72
12/16/2022,FAR,ND,AGL,CE,Combined TRACON& Tower with Radar,43,51,23,0,117,0,0,0,0,0,43,51,23,0,117,0,0,0,117
12/17/2022,FAR,ND,AGL,CE,Combined TRACON& Tower with Radar,35,58,22,0,115,0,0,1,0,1,35,58,23,0,116,0,0,0,116
12/18/2022,FAR,ND,AGL,CE,Combined TRACON& Tower with Radar,35,21,12,0,68,0,6,17,0,23,35,27,29,0,91,24,0,24,115
12/19/2022,FAR,ND,AGL,CE,Combined TRACON& Tower with Radar,33,46,24,0,103,0,4,0,0,4,33,50,24,0,107,0,0,0,107
12/20/2022,FAR,ND,AGL,CE,Combined TRACON& Tower with Radar,41,75,40,0,156,0,14,7,0,21,41,89,47,0,177,18,0,18,195
12/21/2022,FAR,ND,AGL,CE,Combined TRACON& Tower with Radar,38,74,35,0,147,0,0,0,0,0,38,74,35,0,147,0,0,0,147
12/22/2022,FAR,ND,AGL,CE,Combined TRACON& Tower with Radar,37,44,24,0,105,0,0,1,0,1,37,44,25,0,106,0,0,0,106
12/23/2022,FAR,ND,AGL,CE,Combined TRACON& Tower with Radar,12,26,17,0,55,0,0,0,0,0,12,26,17,0,55,0,0,0,55
12/24/2022,FAR,ND,AGL,CE,Combined TRACON& Tower with Radar,23,24,8,0,55,0,3,3,0,6,23,27,11,0,61,0,0,0,61
12/25/2022,FAR,ND,AGL,CE,Combined TRACON& Tower with Radar,21,15,4,0,40,0,0,0,0,0,21,15,4,0,40,0,0,0,40
12/26/2022,FAR,ND,AGL,CE,Combined TRACON& Tower with Radar,29,20,32,0,81,0,4,8,0,12,29,24,40,0,93,0,0,0,93
12/27/2022,FAR,ND,AGL,CE,Combined TRACON& Tower with Radar,35,61,24,3,123,0,10,11,0,21,35,71,35,3,144,12,0,12,156
12/28/2022,FAR,ND,AGL,CE,Combined TRACON& Tower with Radar,35,61,41,2,139,0,4,16,0,20,35,65,57,2,159,38,0,38,197
12/29/2022,FAR,ND,AGL,CE,Combined TRACON& Tower with Radar,44,71,28,2,145,0,0,2,8,10,44,71,30,10,155,12,0,12,167
12/30/2022,FAR,ND,AGL,CE,Combined TRACON& Tower with Radar,34,72,25,0,131,0,0,1,0,1,34,72,26,0,132,10,0,10,142
12/31/2022,FAR,ND,AGL,CE,Combined TRACON& Tower with Radar,29,31,9,0,69,0,0,0,0,0,29,31,9,0,69,0,0,0,69
01/01/2023,FAR,ND,AGL,CE,Combined TRACON& Tower with Radar,23,25,20,0,68,0,0,0,0,0,23,25,20,0,68,0,0,0,68
01/02/2023,FAR,ND,AGL,CE,Combined TRACON& Tower with Radar,30,28,11,0,69,0,0,6,0,6,30,28,17,0,75,50,0,50,125
01/03/2023,FAR,ND,AGL,CE,Combined TRACON& Tower with Radar,35,34,10,0,79,0,0,1,0,1,35,34,11,0,80,0,0,0,80
01/04/2023,FAR,ND,AGL,CE,Combined TRACON& Tower with Radar,35,61,26,0,122,0,4,27,0,31,35,65,53,0,153,58,0,58,211
01/05/2023,FAR,ND,AGL,CE,Combined TRACON& Tower with Radar,43,64,27,0,134,0,1,22,6,29,43,65,49,6,163,7,6,13,176
01/06/2023,FAR,ND,AGL,CE,Combined TRACON& Tower with Radar,35,73,33,0,141,0,0,5,0,5,35,73,38,0,146,0,0,0,146
01/07/2023,FAR,ND,AGL,CE,Combined TRACON& Tower with Radar,30,38,15,0,83,0,3,6,2,11,30,41,21,2,94,36,4,40,134
01/08/2023,FAR,ND,AGL,CE,Combined TRACON& Tower with Radar,38,32,33,0,103,0,5,36,4,45,38,37,69,4,148,90,4,94,242
01/09/2023,FAR,ND,AGL,CE,Combined TRACON& Tower with Radar,31,40,21,0,92,0,0,0,0,0,31,40,21,0,92,0,0,0,92
01/10/2023,FAR,ND,AGL,CE,Combined TRACON& Tower with Radar,36,51,37,0,124,0,0,0,0,0,36,51,37,0,124,0,0,0,124
01/11/2023,FAR,ND,AGL,CE,Combined TRACON& Tower with Radar,32,55,35,0,122,0,0,0,0,0,32,55,35,0,122,0,0,0,122
01/12/2023,FAR,ND,AGL,CE,Combined TRACON& Tower with Radar,41,45,39,2,127,0,0,1,0,1,41,45,40,2,128,0,0,0,128
01/13/2023,FAR,ND,AGL,CE,Combined TRACON& Tower with Radar,33,51,29,0,113,0,0,19,2,21,33,51,48,2,134,14,7,21,155
01/14/2023,FAR,ND,AGL,CE,Combined TRACON& Tower with Radar,28,33,30,0,91,0,4,40,0,44,28,37,70,0,135,47,0,47,182
01/15/2023,FAR,ND,AGL,CE,Combined TRACON& Tower with Radar,33,16,16,0,65,0,0,28,0,28,33,16,44,0,93,12,0,12,105
01/16/2023,FAR,ND,AGL,CE,Combined TRACON& Tower with Radar,31,28,23,0,82,0,0,0,0,0,31,28,23,0,82,0,0,0,82
01/17/2023,FAR,ND,AGL,CE,Combined TRACON& Tower with Radar,33,50,21,0,104,0,0,6,0,6,33,50,27,0,110,42,0,42,152
01/18/2023,FAR,ND,AGL,CE,Combined TRACON& Tower with Radar,31,66,51,10,158,0,0,1,2,3,31,66,52,12,161,28,10,38,199
01/19/2023,FAR,ND,AGL,CE,Combined TRACON& Tower with Radar,40,63,51,5,159,0,0,7,8,15,40,63,58,13,174,26,22,48,222
01/20/2023,FAR,ND,AGL,CE,Combined TRACON& Tower with Radar,32,60,38,0,130,0,0,0,0,0,32,60,38,0,130,0,0,0,130
01/21/2023,FAR,ND,AGL,CE,Combined TRACON& Tower with Radar,29,42,21,0,92,0,14,46,0,60,29,56,67,0,152,91,0,91,243
01/22/2023,FAR,ND,AGL,CE,Combined TRACON& Tower with Radar,32,18,15,0,65,0,2,32,0,34,32,20,47,0,99,89,0,89,188
01/23/2023,FAR,ND,AGL,CE,Combined TRACON& Tower with Radar,30,42,28,0,100,0,0,29,2,31,30,42,57,2,131,76,0,76,207
01/24/2023,FAR,ND,AGL,CE,Combined TRACON& Tower with Radar,37,74,36,0,147,0,1,6,0,7,37,75,42,0,154,30,0,30,184
01/25/2023,FAR,ND,AGL,CE,Combined TRACON& Tower with Radar,32,61,47,8,148,0,5,34,4,43,32,66,81,12,191,77,18,95,286
01/26/2023,FAR,ND,AGL,CE,Combined TRACON& Tower with Radar,38,81,45,8,172,0,3,12,2,17,38,84,57,10,189,72,0,72,261
01/27/2023,FAR,ND,AGL,CE,Combined TRACON& Tower with Radar,31,64,23,0,118,0,10,15,3,28,31,74,38,3,146,46,0,46,192
01/28/2023,FAR,ND,AGL,CE,Combined TRACON& Tower with Radar,29,41,19,0,89,0,47,26,0,73,29,88,45,0,162,133,0,133,295
01/29/2023,FAR,ND,AGL,CE,Combined TRACON& Tower with Radar,33,13,20,0,66,0,15,14,0,29,33,28,34,0,95,118,0,118,213
01/30/2023,FAR,ND,AGL,CE,Combined TRACON& Tower with Radar,30,56,34,2,122,0,35,20,0,55,30,91,54,2,177,120,0,120,297
01/31/2023,FAR,ND,AGL,CE,Combined TRACON& Tower with Radar,23,56,43,2,124,0,16,30,2,48,23,72,73,4,172,101,0,101,273
02/01/2023,FAR,ND,AGL,CE,Combined TRACON& Tower with Radar,23,48,54,0,125,0,17,34,0,51,23,65,88,0,176,30,0,30,206
02/02/2023,FAR,ND,AGL,CE,Combined TRACON& Tower with Radar,32,61,52,0,145,0,21,22,2,45,32,82,74,2,190,40,0,40,230
02/03/2023,FAR,ND,AGL,CE,Combined TRACON& Tower with Radar,36,47,27,2,112,0,8,15,3,26,36,55,42,5,138,16,0,16,154
02/04/2023,FAR,ND,AGL,CE,Combined TRACON& Tower with Radar,32,37,17,2,88,0,21,38,0,59,32,58,55,2,147,101,0,101,248
02/05/2023,FAR,ND,AGL,CE,Combined TRACON& Tower with Radar,37,19,22,1,79,0,0,10,0,10,37,19,32,1,89,79,0,79,168
02/06/2023,FAR,ND,AGL,CE,Combined TRACON& Tower with Radar,37,43,30,1,111,0,6,7,2,15,37,49,37,3,126,30,0,30,156
02/07/2023,FAR,ND,AGL,CE,Combined TRACON& Tower with Radar,40,76,39,0,155,0,17,57,0,74,40,93,96,0,229,200,0,200,429
02/08/2023,FAR,ND,AGL,CE,Combined TRACON& Tower with Radar,36,71,60,3,170,0,18,43,0,61,36,89,103,3,231,137,8,145,376
02/09/2023,FAR,ND,AGL,CE,Combined TRACON& Tower with Radar,44,58,37,6,145,0,7,8,9,24,44,65,45,15,169,16,0,16,185
02/10/2023,FAR,ND,AGL,CE,Combined TRACON& Tower with Radar,37,75,36,0,148,0,37,53,4,94,37,112,89,4,242,159,0,159,401
02/11/2023,FAR,ND,AGL,CE,Combined TRACON& Tower with Radar,36,46,32,0,114,0,21,48,2,71,36,67,80,2,185,37,0,37,222
02/12/2023,FAR,ND,AGL,CE,Combined TRACON& Tower with Radar,41,15,23,0,79,0,11,26,0,37,41,26,49,0,116,82,0,82,198
02/13/2023,FAR,ND,AGL,CE,Combined TRACON& Tower with Radar,36,47,32,0,115,0,19,46,0,65,36,66,78,0,180,121,0,121,301
02/14/2023,FAR,ND,AGL,CE,Combined TRACON& Tower with Radar,37,48,26,0,111,0,8,1,0,9,37,56,27,0,120,20,0,20,140
02/15/2023,FAR,ND,AGL,CE,Combined TRACON& Tower with Radar,42,46,16,5,109,0,18,12,2,32,42,64,28,7,141,37,10,47,188
02/16/2023,FAR,ND,AGL,CE,Combined TRACON& Tower with Radar,46,64,34,2,146,0,26,29,4,59,46,90,63,6,205,100,0,100,305
02/17/2023,FAR,ND,AGL,CE,Combined TRACON& Tower with Radar,40,65,36,0,141,0,26,22,2,50,40,91,58,2,191,67,0,67,258
02/18/2023,FAR,ND,AGL,CE,Combined TRACON& Tower with Radar,38,36,18,0,92,0,25,23,0,48,38,61,41,0,140,72,0,72,212
02/19/2023,FAR,ND,AGL,CE,Combined TRACON& Tower with Radar,39,17,28,0,84,0,19,19,0,38,39,36,47,0,122,56,0,56,178
02/20/2023,FAR,ND,AGL,CE,Combined TRACON& Tower with Radar,40,29,13,0,82,0,0,0,0,0,40,29,13,0,82,0,0,0,82
02/21/2023,FAR,ND,AGL,CE,Combined TRACON& Tower with Radar,33,69,27,0,129,0,0,13,0,13,33,69,40,0,142,15,0,15,157
02/22/2023,FAR,ND,AGL,CE,Combined TRACON& Tower with Radar,34,44,26,0,104,0,0,0,0,0,34,44,26,0,104,0,0,0,104
02/23/2023,FAR,ND,AGL,CE,Combined TRACON& Tower with Radar,37,43,17,0,97,0,0,0,0,0,37,43,17,0,97,0,0,0,97
02/24/2023,FAR,ND,AGL,CE,Combined TRACON& Tower with Radar,39,50,26,0,115,0,18,24,0,42,39,68,50,0,157,80,0,80,237
02/25/2023,FAR,ND,AGL,CE,Combined TRACON& Tower with Radar,38,50,40,0,128,0,35,36,0,71,38,85,76,0,199,78,0,78,277
02/26/2023,FAR,ND,AGL,CE,Combined TRACON& Tower with Radar,42,22,21,0,85,0,14,38,0,52,42,36,59,0,137,4,0,4,141
02/27/2023,FAR,ND,AGL,CE,Combined TRACON& Tower with Radar,39,36,37,0,112,0,2,18,0,20,39,38,55,0,132,12,0,12,144
02/28/2023,FAR,ND,AGL,CE,Combined TRACON& Tower with Radar,40,59,42,3,144,0,8,49,2,59,40,67,91,5,203,109,0,109,312
03/01/2023,FAR,ND,AGL,CE,Combined TRACON& Tower with Radar,41,35,7,0,83,0,5,1,0,6,41,40,8,0,89,4,0,4,93
03/02/2023,FAR,ND,AGL,CE,Combined TRACON& Tower with Radar,44,56,36,3,139,0,0,1,6,7,44,56,37,9,146,1,0,1,147
03/03/2023,FAR,ND,AGL,CE,Combined TRACON& Tower with Radar,40,52,22,0,114,0,18,53,0,71,40,70,75,0,185,202,0,202,387
03/04/2023,FAR,ND,AGL,CE,Combined TRACON& Tower with Radar,37,52,33,2,124,0,26,54,0,80,37,78,87,2,204,154,0,154,358
03/05/2023,FAR,ND,AGL,CE,Combined TRACON& Tower with Radar,39,12,13,0,64,0,2,4,0,6,39,14,17,0,70,38,0,38,108
03/06/2023,FAR,ND,AGL,CE,Combined TRACON& Tower with Radar,39,70,26,0,135,0,20,15,0,35,39,90,41,0,170,53,0,53,223
03/07/2023,FAR,ND,AGL,CE,Combined TRACON& Tower with Radar,42,53,39,7,141,0,5,49,0,54,42,58,88,7,195,42,10,52,247
03/08/2023,FAR,ND,AGL,CE,Combined TRACON& Tower with Radar,41,59,34,0,134,0,0,0,0,0,41,59,34,0,134,0,0,0,134
03/09/2023,FAR,ND,AGL,CE,Combined TRACON& Tower with Radar,47,54,29,0,130,0,0,2,0,2,47,54,31,0,132,0,0,0,132
03/10/2023,FAR,ND,AGL,CE,Combined TRACON& Tower with Radar,38,62,37,2,139,0,3,13,2,18,38,65,50,4,157,20,0,20,177
03/11/2023,FAR,ND,AGL,CE,Combined TRACON& Tower with Radar,23,8,13,0,44,0,0,0,0,0,23,8,13,0,44,0,0,0,44
03/12/2023,FAR,ND,AGL,CE,Combined TRACON& Tower with Radar,42,20,26,0,88,0,2,0,0,2,42,22,26,0,90,0,0,0,90
03/13/2023,FAR,ND,AGL,CE,Combined TRACON& Tower with Radar,40,37,38,2,117,0,29,58,2,89,40,66,96,4,206,126,0,126,332
03/14/2023,FAR,ND,AGL,CE,Combined TRACON& Tower with Radar,42,43,38,0,123,0,7,10,2,19,42,50,48,2,142,6,0,6,148
03/15/2023,FAR,ND,AGL,CE,Combined TRACON& Tower with Radar,43,60,45,0,148,0,4,32,0,36,43,64,77,0,184,41,34,75,259
03/16/2023,FAR,ND,AGL,CE,Combined TRACON& Tower with Radar,44,54,50,7,155,0,0,4,5,9,44,54,54,12,164,10,6,16,180
03/17/2023,FAR,ND,AGL,CE,Combined TRACON& Tower with Radar,39,40,27,0,106,0,0,3,0,3,39,40,30,0,109,0,0,0,109
03/18/2023,FAR,ND,AGL,CE,Combined TRACON& Tower with Radar,39,45,21,0,105,0,17,9,0,26,39,62,30,0,131,33,0,33,164
03/19/2023,FAR,ND,AGL,CE,Combined TRACON& Tower with Radar,42,25,31,0,98,0,10,38,0,48,42,35,69,0,146,42,0,42,188
03/20/2023,FAR,ND,AGL,CE,Combined TRACON& Tower with Radar,39,42,33,0,114,0,28,48,2,78,39,70,81,2,192,119,36,155,347
03/21/2023,FAR,ND,AGL,CE,Combined TRACON& Tower with Radar,39,67,27,0,133,1,4,17,2,24,40,71,44,2,157,36,39,75,232
03/22/2023,FAR,ND,AGL,CE,Combined TRACON& Tower with Radar,42,59,38,2,141,0,8,11,0,19,42,67,49,2,160,14,0,14,174
03/23/2023,FAR,ND,AGL,CE,Combined TRACON& Tower with Radar,47,68,74,1,190,0,7,31,7,45,47,75,105,8,235,47,10,57,292
03/24/2023,FAR,ND,AGL,CE,Combined TRACON& Tower with Radar,42,43,39,0,124,0,8,30,2,40,42,51,69,2,164,43,0,43,207
03/25/2023,FAR,ND,AGL,CE,Combined TRACON& Tower with Radar,36,28,19,0,83,0,20,25,0,45,36,48,44,0,128,52,0,52,180
03/26/2023,FAR,ND,AGL,CE,Combined TRACON& Tower with Radar,43,25,28,4,100,0,20,50,0,70,43,45,78,4,170,126,0,126,296
03/27/2023,FAR,ND,AGL,CE,Combined TRACON& Tower with Radar,37,47,48,0,132,0,25,16,0,41,37,72,64,0,173,61,0,61,234
03/28/2023,FAR,ND,AGL,CE,Combined TRACON& Tower with Radar,44,66,33,0,143,0,37,16,0,53,44,103,49,0,196,71,0,71,267
03/29/2023,FAR,ND,AGL,CE,Combined TRACON& Tower with Radar,44,60,45,0,149,0,37,65,4,106,44,97,110,4,255,131,4,135,390
03/30/2023,FAR,ND,AGL,CE,Combined TRACON& Tower with Radar,48,46,33,2,129,0,5,31,8,44,48,51,64,10,173,58,6,64,237
03/31/2023,FAR,ND,AGL,CE,Combined TRACON& Tower with Radar,46,40,32,0,118,0,9,4,0,13,46,49,36,0,131,24,22,46,177
04/01/2023,FAR,ND,AGL,CE,Combined TRACON& Tower with Radar,37,46,29,0,112,0,25,70,2,97,37,71,99,2,209,108,0,108,317
04/02/2023,FAR,ND,AGL,CE,Combined TRACON& Tower with Radar,36,7,21,0,64,0,0,27,4,31,36,7,48,4,95,64,0,64,159
04/03/2023,FAR,ND,AGL,CE,Combined TRACON& Tower with Radar,37,39,37,0,113,0,0,0,0,0,37,39,37,0,113,0,0,0,113
04/04/2023,FAR,ND,AGL,CE,Combined TRACON& Tower with Radar,22,30,17,0,69,0,0,0,0,0,22,30,17,0,69,0,0,0,69
04/05/2023,FAR,ND,AGL,CE,Combined TRACON& Tower with Radar,28,19,9,0,56,0,0,0,0,0,28,19,9,0,56,0,0,0,56
04/06/2023,FAR,ND,AGL,CE,Combined TRACON& Tower with Radar,42,53,50,0,145,0,6,53,4,63,42,59,103,4,208,53,6,59,267
04/07/2023,FAR,ND,AGL,CE,Combined TRACON& Tower with Radar,39,47,40,0,126,0,2,38,0,40,39,49,78,0,166,35,0,35,201
04/08/2023,FAR,ND,AGL,CE,Combined TRACON& Tower with Radar,35,40,32,0,107,0,12,37,0,49,35,52,69,0,156,79,0,79,235
04/09/2023,FAR,ND,AGL,CE,Combined TRACON& Tower with Radar,36,9,16,0,61,0,0,16,0,16,36,9,32,0,77,10,0,10,87
04/10/2023,FAR,ND,AGL,CE,Combined TRACON& Tower with Radar,38,55,48,0,141,0,39,44,0,83,38,94,92,0,224,74,0,74,298
04/11/2023,FAR,ND,AGL,CE,Combined TRACON& Tower with Radar,42,87,59,0,188,0,42,59,10,111,42,129,118,10,299,58,5,63,362
04/12/2023,FAR,ND,AGL,CE,Combined TRACON& Tower with Radar,40,66,61,2,169,0,52,77,4,133,40,118,138,6,302,117,6,123,425
04/13/2023,FAR,ND,AGL,CE,Combined TRACON& Tower with Radar,44,57,49,1,151,0,23,59,7,89,44,80,108,8,240,62,9,71,311
04/14/2023,FAR,ND,AGL,CE,Combined TRACON& Tower with Radar,38,56,47,0,141,0,0,2,0,2,38,56,49,0,143,0,0,0,143
04/15/2023,FAR,ND,AGL,CE,Combined TRACON& Tower with Radar,36,31,22,1,90,0,0,0,1,1,36,31,22,2,91,0,0,0,91
04/16/2023,FAR,ND,AGL,CE,Combined TRACON& Tower with Radar,38,7,17,1,63,0,5,4,1,10,38,12,21,2,73,6,0,6,79
04/17/2023,FAR,ND,AGL,CE,Combined TRACON& Tower with Radar,38,47,38,1,124,0,10,47,0,57,38,57,85,1,181,85,0,85,266
04/18/2023,FAR,ND,AGL,CE,Combined TRACON& Tower with Radar,42,66,33,3,144,0,29,55,5,89,42,95,88,8,233,54,6,60,293
04/19/2023,FAR,ND,AGL,CE,Combined TRACON& Tower with Radar,41,48,45,5,139,0,2,9,0,11,41,50,54,5,150,0,8,8,158
04/20/2023,FAR,ND,AGL,CE,Combined TRACON& Tower with Radar,44,59,33,3,139,0,0,0,0,0,44,59,33,3,139,0,0,0,139
04/21/2023,FAR,ND,AGL,CE,Combined TRACON& Tower with Radar,38,53,31,0,122,0,0,0,0,0,38,53,31,0,122,0,0,0,122
04/22/2023,FAR,ND,AGL,CE,Combined TRACON& Tower with Radar,39,29,11,0,79,0,3,25,4,32,39,32,36,4,111,37,0,37,148
04/23/2023,FAR,ND,AGL,CE,Combined TRACON& Tower with Radar,37,15,29,0,81,0,9,63,0,72,37,24,92,0,153,116,0,116,269
04/24/2023,FAR,ND,AGL,CE,Combined TRACON& Tower with Radar,37,45,32,2,116,0,37,49,4,90,37,82,81,6,206,92,10,102,308
04/25/2023,FAR,ND,AGL,CE,Combined TRACON& Tower with Radar,41,65,50,4,160,0,25,75,4,104,41,90,125,8,264,197,28,225,489
04/26/2023,FAR,ND,AGL,CE,Combined TRACON& Tower with Radar,39,58,62,0,159,0,10,30,4,44,39,68,92,4,203,2,15,17,220
04/27/2023,FAR,ND,AGL,CE,Combined TRACON& Tower with Radar,43,55,62,0,160,0,0,18,4,22,43,55,80,4,182,53,19,72,254
04/28/2023,FAR,ND,AGL,CE,Combined TRACON& Tower with Radar,39,50,38,0,127,0,13,32,6,51,39,63,70,6,178,110,0,110,288
04/29/2023,FAR,ND,AGL,CE,Combined TRACON& Tower with Radar,36,28,25,0,89,0,3,18,0,21,36,31,43,0,110,19,0,19,129
04/30/2023,FAR,ND,AGL,CE,Combined TRACON& Tower with Radar,39,16,20,0,75,0,1,18,0,19,39,17,38,0,94,12,0,12,106
05/01/2023,FAR,ND,AGL,CE,Combined TRACON& Tower with Radar,37,43,39,0,119,0,10,16,0,26,37,53,55,0,145,44,0,44,189
05/02/2023,FAR,ND,AGL,CE,Combined TRACON& Tower with Radar,43,72,31,0,146,0,23,57,4,84,43,95,88,4,230,92,7,99,329
05/03/2023,FAR,ND,AGL,CE,Combined TRACON& Tower with Radar,41,57,67,2,167,0,6,69,5,80,41,63,136,7,247,129,4,133,380
05/04/2023,FAR,ND,AGL,CE,Combined TRACON& Tower with Radar,40,78,53,0,171,0,32,76,2,110,40,110,129,2,281,90,20,110,391
05/05/2023,FAR,ND,AGL,CE,Combined TRACON& Tower with Radar,35,75,39,0,149,0,35,42,4,81,35,110,81,4,230,121,12,133,363
05/06/2023,FAR,ND,AGL,CE,Combined TRACON& Tower with Radar,40,37,14,0,91,0,0,5,0,5,40,37,19,0,96,39,0,39,135
05/07/2023,FAR,ND,AGL,CE,Combined TRACON& Tower with Radar,38,28,24,0,90,0,0,0,0,0,38,28,24,0,90,0,0,0,90
05/08/2023,FAR,ND,AGL,CE,Combined TRACON& Tower with Radar,37,65,39,1,142,0,2,14,0,16,37,67,53,1,158,63,0,63,221
05/09/2023,FAR,ND,AGL,CE,Combined TRACON& Tower with Radar,42,51,43,2,138,0,4,36,4,44,42,55,79,6,182,48,12,60,242
05/10/2023,FAR,ND,AGL,CE,Combined TRACON& Tower with Radar,39,76,54,10,179,0,28,64,2,94,39,104,118,12,273,89,30,119,392
05/11/2023,FAR,ND,AGL,CE,Combined TRACON& Tower with Radar,46,67,61,4,178,0,12,56,2,70,46,79,117,6,248,191,34,225,473
05/12/2023,FAR,ND,AGL,CE,Combined TRACON& Tower with Radar,38,54,56,1,149,0,12,35,2,49,38,66,91,3,198,72,4,76,274
05/13/2023,FAR,ND,AGL,CE,Combined TRACON& Tower with Radar,40,44,20,2,106,0,6,9,1,16,40,50,29,3,122,32,0,32,154
05/14/2023,FAR,ND,AGL,CE,Combined TRACON& Tower with Radar,38,22,24,0,84,0,6,65,1,72,38,28,89,1,156,86,0,86,242
05/15/2023,FAR,ND,AGL,CE,Combined TRACON& Tower with Radar,37,43,52,0,132,0,22,66,2,90,37,65,118,2,222,163,0,163,385
05/16/2023,FAR,ND,AGL,CE,Combined TRACON& Tower with Radar,44,50,41,1,136,0,14,58,7,79,44,64,99,8,215,126,0,126,341
05/17/2023,FAR,ND,AGL,CE,Combined TRACON& Tower with Radar,39,66,54,1,160,0,2,54,6,62,39,68,108,7,222,171,4,175,397
05/18/2023,FAR,ND,AGL,CE,Combined TRACON& Tower with Radar,43,68,56,4,171,0,0,24,8,32,43,68,80,12,203,22,0,22,225
05/19/2023,FAR,ND,AGL,CE,Combined TRACON& Tower with Radar,36,58,63,0,157,0,12,22,4,38,36,70,85,4,195,34,4,38,233
05/20/2023,FAR,ND,AGL,CE,Combined TRACON& Tower with Radar,37,34,28,2,101,0,12,38,5,55,37,46,66,7,156,37,4,41,197
05/21/2023,FAR,ND,AGL,CE,Combined TRACON& Tower with Radar,38,14,20,0,72,0,20,30,4,54,38,34,50,4,126,55,6,61,187
05/22/2023,FAR,ND,AGL,CE,Combined TRACON& Tower with Radar,35,55,35,0,125,0,10,49,2,61,35,65,84,2,186,90,0,90,276
05/23/2023,FAR,ND,AGL,CE,Combined TRACON& Tower with Radar,44,48,47,5,144,0,3,29,3,35,44,51,76,8,179,110,15,125,304
05/24/2023,FAR,ND,AGL,CE,Combined TRACON& Tower with Radar,38,70,67,2,177,0,38,42,2,82,38,108,109,4,259,118,0,118,377
05/25/2023,FAR,ND,AGL,CE,Combined TRACON& Tower with Radar,42,61,74,0,177,0,6,33,2,41,42,67,107,2,218,1,0,1,219
05/26/2023,FAR,ND,AGL,CE,Combined TRACON& Tower with Radar,37,66,54,0,157,0,9,41,1,51,37,75,95,1,208,38,0,38,246
05/27/2023,FAR,ND,AGL,CE,Combined TRACON& Tower with Radar,35,28,13,0,76,0,3,18,0,21,35,31,31,0,97,28,0,28,125
05/28/2023,FAR,ND,AGL,CE,Combined TRACON& Tower with Radar,35,19,14,0,68,0,6,22,0,28,35,25,36,0,96,26,0,26,122
05/29/2023,FAR,ND,AGL,CE,Combined TRACON& Tower with Radar,32,13,23,0,68,0,1,25,0,26,32,14,48,0,94,22,0,22,116
05/30/2023,FAR,ND,AGL,CE,Combined TRACON& Tower with Radar,37,56,44,0,137,0,4,63,4,71,37,60,107,4,208,117,0,117,325
05/31/2023,FAR,ND,AGL,CE,Combined TRACON& Tower with Radar,38,55,41,0,134,0,5,36,4,45,38,60,77,4,179,60,28,88,267
06/01/2023,FAR,ND,AGL,CE,Combined TRACON& Tower with Radar,40,81,54,0,175,0,16,38,4,58,40,97,92,4,233,167,8,175,408
06/02/2023,FAR,ND,AGL,CE,Combined TRACON& Tower with Radar,32,68,41,0,141,0,4,38,6,48,32,72,79,6,189,59,2,61,250
06/03/2023,FAR,ND,AGL,CE,Combined TRACON& Tower with Radar,31,49,24,0,104,0,6,30,0,36,31,55,54,0,140,38,0,38,178
06/04/2023,FAR,ND,AGL,CE,Combined TRACON& Tower with Radar,34,13,32,0,79,0,2,23,0,25,34,15,55,0,104,51,0,51,155
06/05/2023,FAR,ND,AGL,CE,Combined TRACON& Tower with Radar,30,45,44,4,123,0,8,44,0,52,30,53,88,4,175,75,0,75,250
06/06/2023,FAR,ND,AGL,CE,Combined TRACON& Tower with Radar,41,69,65,0,175,0,16,46,4,66,41,85,111,4,241,87,2,89,330
06/07/2023,FAR,ND,AGL,CE,Combined TRACON& Tower with Radar,35,55,47,2,139,0,12,30,4,46,35,67,77,6,185,34,0,34,219
06/08/2023,FAR,ND,AGL,CE,Combined TRACON& Tower with Radar,41,83,73,2,199,0,4,53,6,63,41,87,126,8,262,59,0,59,321
06/09/2023,FAR,ND,AGL,CE,Combined TRACON& Tower with Radar,34,67,35,0,136,0,0,23,6,29,34,67,58,6,165,6,8,14,179
06/10/2023,FAR,ND,AGL,CE,Combined TRACON& Tower with Radar,31,41,19,0,91,0,0,6,3,9,31,41,25,3,100,14,0,14,114
06/11/2023,FAR,ND,AGL,CE,Combined TRACON& Tower with Radar,34,14,28,0,76,0,0,39,5,44,34,14,67,5,120,52,4,56,176
06/12/2023,FAR,ND,AGL,CE,Combined TRACON& Tower with Radar,30,46,43,0,119,0,2,47,0,49,30,48,90,0,168,65,0,65,233
06/13/2023,FAR,ND,AGL,CE,Combined TRACON& Tower with Radar,39,81,57,0,177,0,41,60,6,107,39,122,117,6,284,78,0,78,362
06/14/2023,FAR,ND,AGL,CE,Combined TRACON& Tower with Radar,34,83,43,4,164,0,0,9,4,13,34,83,52,8,177,40,4,44,221
06/15/2023,FAR,ND,AGL,CE,Combined TRACON& Tower with Radar,37,94,69,0,200,0,16,66,8,90,37,110,135,8,290,80,0,80,370
06/16/2023,FAR,ND,AGL,CE,Combined TRACON& Tower with Radar,33,73,42,0,148,0,14,81,2,97,33,87,123,2,245,102,6,108,353
06/17/2023,FAR,ND,AGL,CE,Combined TRACON& Tower with Radar,33,41,28,0,102,0,3,12,0,15,33,44,40,0,117,30,0,30,147
06/18/2023,FAR,ND,AGL,CE,Combined TRACON& Tower with Radar,33,11,34,0,78,0,0,27,0,27,33,11,61,0,105,6,0,6,111
06/19/2023,FAR,ND,AGL,CE,Combined TRACON& Tower with Radar,31,51,52,4,138,0,21,29,0,50,31,72,81,4,188,36,0,36,224
06/20/2023,FAR,ND,AGL,CE,Combined TRACON& Tower with Radar,41,48,43,0,132,0,31,38,4,73,41,79,81,4,205,55,0,55,260
06/21/2023,FAR,ND,AGL,CE,Combined TRACON& Tower with Radar,32,60,69,2,163,0,2,48,0,50,32,62,117,2,213,51,28,79,292
06/22/2023,FAR,ND,AGL,CE,Combined TRACON& Tower with Radar,37,63,66,2,168,0,2,29,6,37,37,65,95,8,205,86,4,90,295
06/23/2023,FAR,ND,AGL,CE,Combined TRACON& Tower with Radar,33,59,26,0,118,0,3,17,0,20,33,62,43,0,138,30,0,30,168
06/24/2023,FAR,ND,AGL,CE,Combined TRACON& Tower with Radar,31,20,21,0,72,0,0,1,0,1,31,20,22,0,73,0,0,0,73
06/25/2023,FAR,ND,AGL,CE,Combined TRACON& Tower with Radar,33,21,17,0,71,0,1,7,0,8,33,22,24,0,79,4,0,4,83
06/26/2023,FAR,ND,AGL,CE,Combined TRACON& Tower with Radar,32,61,55,0,148,0,11,85,0,96,32,72,140,0,244,79,0,79,323
06/27/2023,FAR,ND,AGL,CE,Combined TRACON& Tower with Radar,38,91,49,0,178,0,17,45,10,72,38,108,94,10,250,100,6,106,356
06/28/2023,FAR,ND,AGL,CE,Combined TRACON& Tower with Radar,36,75,73,2,186,0,4,35,5,44,36,79,108,7,230,42,8,50,280
06/29/2023,FAR,ND,AGL,CE,Combined TRACON& Tower with Radar,34,95,35,4,168,0,27,83,14,124,34,122,118,18,292,106,4,110,402
06/30/2023,FAR,ND,AGL,CE,Combined TRACON& Tower with Radar,35,98,38,1,172,0,19,61,3,83,35,117,99,4,255,56,0,56,311
07/01/2023,FAR,ND,AGL,CE,Combined TRACON& Tower with Radar,31,19,19,0,69,0,0,25,0,25,31,19,44,0,94,22,0,22,116
07/02/2023,FAR,ND,AGL,CE,Combined TRACON& Tower with Radar,31,10,19,0,60,0,0,24,0,24,31,10,43,0,84,18,0,18,102
07/03/2023,FAR,ND,AGL,CE,Combined TRACON& Tower with Radar,29,29,10,0,68,0,0,28,0,28,29,29,38,0,96,32,0,32,128
07/04/2023,FAR,ND,AGL,CE,Combined TRACON& Tower with Radar,27,7,5,0,39,0,3,14,0,17,27,10,19,0,56,6,0,6,62
07/05/2023,FAR,ND,AGL,CE,Combined TRACON& Tower with Radar,36,54,37,0,127,0,2,40,0,42,36,56,77,0,169,57,0,57,226
07/06/2023,FAR,ND,AGL,CE,Combined TRACON& Tower with Radar,39,75,61,3,178,0,6,43,5,54,39,81,104,8,232,100,0,100,332
07/07/2023,FAR,ND,AGL,CE,Combined TRACON& Tower with Radar,35,76,19,0,130,0,7,28,4,39,35,83,47,4,169,18,2,20,189
07/08/2023,FAR,ND,AGL,CE,Combined TRACON& Tower with Radar,33,42,33,2,110,0,5,31,0,36,33,47,64,2,146,23,0,23,169
07/09/2023,FAR,ND,AGL,CE,Combined TRACON& Tower with Radar,35,8,31,0,74,0,0,29,0,29,35,8,60,0,103,26,0,26,129
07/10/2023,FAR,ND,AGL,CE,Combined TRACON& Tower with Radar,35,64,31,0,130,0,14,57,0,71,35,78,88,0,201,55,0,55,256
07/11/2023,FAR,ND,AGL,CE,Combined TRACON& Tower with Radar,41,89,48,1,179,0,30,48,5,83,41,119,96,6,262,166,0,166,428
07/12/2023,FAR,ND,AGL,CE,Combined TRACON& Tower with Radar,39,66,65,1,171,0,15,47,3,65,39,81,112,4,236,154,6,160,396
07/13/2023,FAR,ND,AGL,CE,Combined TRACON& Tower with Radar,44,70,41,1,156,0,4,59,9,72,44,74,100,10,228,74,4,78,306
07/14/2023,FAR,ND,AGL,CE,Combined TRACON& Tower with Radar,40,51,34,1,126,0,7,65,5,77,40,58,99,6,203,99,0,99,302
07/15/2023,FAR,ND,AGL,CE,Combined TRACON& Tower with Radar,36,44,26,2,108,0,10,36,4,50,36,54,62,6,158,42,0,42,200
07/16/2023,FAR,ND,AGL,CE,Combined TRACON& Tower with Radar,37,11,26,0,74,0,4,27,0,31,37,15,53,0,105,18,0,18,123
07/17/2023,FAR,ND,AGL,CE,Combined TRACON& Tower with Radar,35,41,57,0,133,0,4,52,0,56,35,45,109,0,189,112,0,112,301
07/18/2023,FAR,ND,AGL,CE,Combined TRACON& Tower with Radar,42,60,63,0,165,0,5,46,2,53,42,65,109,2,218,65,34,99,317
07/19/2023,FAR,ND,AGL,CE,Combined TRACON& Tower with Radar,42,69,75,2,188,0,27,36,2,65,42,96,111,4,253,107,19,126,379
07/20/2023,FAR,ND,AGL,CE,Combined TRACON& Tower with Radar,41,80,62,3,186,0,17,51,9,77,41,97,113,12,263,68,2,70,333
07/21/2023,FAR,ND,AGL,CE,Combined TRACON& Tower with Radar,37,65,48,3,153,0,23,69,3,95,37,88,117,6,248,82,2,84,332
07/22/2023,FAR,ND,AGL,CE,Combined TRACON& Tower with Radar,38,31,35,0,104,0,16,31,0,47,38,47,66,0,151,44,0,44,195
07/23/2023,FAR,ND,AGL,CE,Combined TRACON& Tower with Radar,35,12,44,2,93,0,0,40,0,40,35,12,84,2,133,27,0,27,160
07/24/2023,FAR,ND,AGL,CE,Combined TRACON& Tower with Radar,36,31,42,0,109,0,18,49,0,67,36,49,91,0,176,139,0,139,315
07/25/2023,FAR,ND,AGL,CE,Combined TRACON& Tower with Radar,43,59,53,2,157,0,6,35,4,45,43,65,88,6,202,87,0,87,289
07/26/2023,FAR,ND,AGL,CE,Combined TRACON& Tower with Radar,37,49,66,6,158,0,12,51,4,67,37,61,117,10,225,120,4,124,349
07/27/2023,FAR,ND,AGL,CE,Combined TRACON& Tower with Radar,43,62,54,0,159,0,8,54,12,74,43,70,108,12,233,56,16,72,305
07/28/2023,FAR,ND,AGL,CE,Combined TRACON& Tower with Radar,36,60,41,2,139,0,7,33,0,40,36,67,74,2,179,68,8,76,255
07/29/2023,FAR,ND,AGL,CE,Combined TRACON& Tower with Radar,40,25,18,0,83,0,6,32,0,38,40,31,50,0,121,24,0,24,145
07/30/2023,FAR,ND,AGL,CE,Combined TRACON& Tower with Radar,37,9,36,0,82,0,3,34,0,37,37,12,70,0,119,32,0,32,151
07/31/2023,FAR,ND,AGL,CE,Combined TRACON& Tower with Radar,34,33,59,0,126,0,5,60,2,67,34,38,119,2,193,116,0,116,309
08/01/2023,FAR,ND,AGL,CE,Combined TRACON& Tower with Radar,38,31,44,1,114,0,13,36,2,51,38,44,80,3,165,90,10,100,265
08/02/2023,FAR,ND,AGL,CE,Combined TRACON& Tower with Radar,43,63,60,0,166,0,17,65,4,86,43,80,125,4,252,118,2,120,372
08/03/2023,FAR,ND,AGL,CE,Combined TRACON& Tower with Radar,42,58,63,0,163,0,11,51,14,76,42,69,114,14,239,57,0,57,296
08/04/2023,FAR,ND,AGL,CE,Combined TRACON& Tower with Radar,38,53,48,0,139,0,8,40,4,52,38,61,88,4,191,44,14,58,249
08/05/2023,FAR,ND,AGL,CE,Combined TRACON& Tower with Radar,35,23,28,0,86,0,4,16,2,22,35,27,44,2,108,4,0,4,112
08/06/2023,FAR,ND,AGL,CE,Combined TRACON& Tower with Radar,36,18,45,0,99,0,2,18,2,22,36,20,63,2,121,19,0,19,140
08/07/2023,FAR,ND,AGL,CE,Combined TRACON& Tower with Radar,35,40,67,3,145,0,16,58,7,81,35,56,125,10,226,146,0,146,372
08/08/2023,FAR,ND,AGL,CE,Combined TRACON& Tower with Radar,42,56,53,2,153,0,6,47,4,57,42,62,100,6,210,138,0,138,348
08/09/2023,FAR,ND,AGL,CE,Combined TRACON& Tower with Radar,38,49,66,0,153,0,18,63,2,83,38,67,129,2,236,133,1,134,370
08/10/2023,FAR,ND,AGL,CE,Combined TRACON& Tower with Radar,41,58,53,3,155,0,5,30,3,38,41,63,83,6,193,115,16,131,324
08/11/2023,FAR,ND,AGL,CE,Combined TRACON& Tower with Radar,41,62,55,2,160,0,2,31,1,34,41,64,86,3,194,59,24,83,277
08/12/2023,FAR,ND,AGL,CE,Combined TRACON& Tower with Radar,37,49,29,0,115,0,7,23,1,31,37,56,52,1,146,58,0,58,204
08/13/2023,FAR,ND,AGL,CE,Combined TRACON& Tower with Radar,39,7,26,0,72,0,0,3,0,3,39,7,29,0,75,2,0,2,77
08/14/2023,FAR,ND,AGL,CE,Combined TRACON& Tower with Radar,36,59,36,2,133,0,53,55,4,112,36,112,91,6,245,201,2,203,448
08/15/2023,FAR,ND,AGL,CE,Combined TRACON& Tower with Radar,47,67,54,0,168,0,15,64,2,81,47,82,118,2,249,115,2,117,366
08/16/2023,FAR,ND,AGL,CE,Combined TRACON& Tower with Radar,38,59,50,2,149,0,1,49,6,56,38,60,99,8,205,109,0,109,314
08/17/2023,FAR,ND,AGL,CE,Combined TRACON& Tower with Radar,44,81,77,0,202,0,18,66,12,96,44,99,143,12,298,150,5,155,453
08/18/2023,FAR,ND,AGL,CE,Combined TRACON& Tower with Radar,37,46,38,0,121,0,8,26,2,36,37,54,64,2,157,12,0,12,169
08/19/2023,FAR,ND,AGL,CE,Combined TRACON& Tower with Radar,33,55,28,0,116,0,7,28,6,41,33,62,56,6,157,50,26,76,233
08/20/2023,FAR,ND,AGL,CE,Combined TRACON& Tower with Radar,38,30,37,0,105,0,1,33,6,40,38,31,70,6,145,52,0,52,197
08/21/2023,FAR,ND,AGL,CE,Combined TRACON& Tower with Radar,37,42,48,2,129,0,24,52,0,76,37,66,100,2,205,125,0,125,330
08/22/2023,FAR,ND,AGL,CE,Combined TRACON& Tower with Radar,44,50,78,0,172,0,5,17,2,24,44,55,95,2,196,122,22,144,340
08/23/2023,FAR,ND,AGL,CE,Combined TRACON& Tower with Radar,42,61,58,0,161,0,0,21,0,21,42,61,79,0,182,93,0,93,275
08/24/2023,FAR,ND,AGL,CE,Combined TRACON& Tower with Radar,46,61,92,1,200,0,8,22,13,43,46,69,114,14,243,130,0,130,373
08/25/2023,FAR,ND,AGL,CE,Combined TRACON& Tower with Radar,40,65,37,5,147,0,19,38,3,60,40,84,75,8,207,113,12,125,332
08/26/2023,FAR,ND,AGL,CE,Combined TRACON& Tower with Radar,36,36,31,0,103,0,6,40,0,46,36,42,71,0,149,151,0,151,300
08/27/2023,FAR,ND,AGL,CE,Combined TRACON& Tower with Radar,39,16,22,0,77,0,3,24,0,27,39,19,46,0,104,69,0,69,173
08/28/2023,FAR,ND,AGL,CE,Combined TRACON& Tower with Radar,33,42,39,0,114,0,16,51,0,67,33,58,90,0,181,178,0,178,359
08/29/2023,FAR,ND,AGL,CE,Combined TRACON& Tower with Radar,49,58,58,3,168,0,16,44,2,62,49,74,102,5,230,76,2,78,308
08/30/2023,FAR,ND,AGL,CE,Combined TRACON& Tower with Radar,43,66,49,4,162,0,13,47,5,65,43,79,96,9,227,107,10,117,344
08/31/2023,FAR,ND,AGL,CE,Combined TRACON& Tower with Radar,42,49,59,2,152,0,8,17,6,31,42,57,76,8,183,14,0,14,197
01/01/2020,FAR,ND,AGL,CE,Combined TRACON& Tower with Radar,22,16,11,0,49,0,0,0,0,0,22,16,11,0,49,0,0,0,49
01/02/2020,FAR,ND,AGL,CE,Combined TRACON& Tower with Radar,43,62,25,0,130,0,3,6,8,17,43,65,31,8,147,24,4,28,175
01/03/2020,FAR,ND,AGL,CE,Combined TRACON& Tower with Radar,38,64,27,8,137,0,1,2,0,3,38,65,29,8,140,1,9,10,150
01/04/2020,FAR,ND,AGL,CE,Combined TRACON& Tower with Radar,32,36,23,0,91,0,4,36,12,52,32,40,59,12,143,68,56,124,267
01/05/2020,FAR,ND,AGL,CE,Combined TRACON& Tower with Radar,34,17,25,0,76,0,5,10,0,15,34,22,35,0,91,8,0,8,99
01/06/2020,FAR,ND,AGL,CE,Combined TRACON& Tower with Radar,32,60,39,2,133,0,1,20,1,22,32,61,59,3,155,58,0,58,213
01/07/2020,FAR,ND,AGL,CE,Combined TRACON& Tower with Radar,33,72,45,0,150,0,3,36,0,39,33,75,81,0,189,60,0,60,249
01/08/2020,FAR,ND,AGL,CE,Combined TRACON& Tower with Radar,37,76,34,0,147,0,4,5,4,13,37,80,39,4,160,16,24,40,200
01/09/2020,FAR,ND,AGL,CE,Combined TRACON& Tower with Radar,36,70,26,4,136,0,2,3,2,7,36,72,29,6,143,8,26,34,177
01/10/2020,FAR,ND,AGL,CE,Combined TRACON& Tower with Radar,33,77,37,5,152,0,12,34,4,50,33,89,71,9,202,82,0,82,284
01/11/2020,FAR,ND,AGL,CE,Combined TRACON& Tower with Radar,26,56,19,1,102,0,5,10,1,16,26,61,29,2,118,25,0,25,143
01/12/2020,FAR,ND,AGL,CE,Combined TRACON& Tower with Radar,33,35,30,0,98,0,5,16,1,22,33,40,46,1,120,56,0,56,176
01/13/2020,FAR,ND,AGL,CE,Combined TRACON& Tower with Radar,30,44,22,0,96,0,0,1,0,1,30,44,23,0,97,1,27,28,125
01/14/2020,FAR,ND,AGL,CE,Combined TRACON& Tower with Radar,35,88,26,1,150,0,8,18,1,27,35,96,44,2,177,122,3,125,302
01/15/2020,FAR,ND,AGL,CE,Combined TRACON& Tower with Radar,30,80,40,0,150,0,12,9,0,21,30,92,49,0,171,70,0,70,241
01/16/2020,FAR,ND,AGL,CE,Combined TRACON& Tower with Radar,38,104,49,0,191,0,12,15,0,27,38,116,64,0,218,74,0,74,292
01/17/2020,FAR,ND,AGL,CE,Combined TRACON& Tower with Radar,13,31,13,0,57,0,0,0,0,0,13,31,13,0,57,0,0,0,57
01/18/2020,FAR,ND,AGL,CE,Combined TRACON& Tower with Radar,23,9,6,0,38,0,0,0,0,0,23,9,6,0,38,0,0,0,38
01/19/2020,FAR,ND,AGL,CE,Combined TRACON& Tower with Radar,24,28,24,0,76,0,0,5,0,5,24,28,29,0,81,11,0,11,92
01/20/2020,FAR,ND,AGL,CE,Combined TRACON& Tower with Radar,30,67,37,0,134,0,11,24,0,35,30,78,61,0,169,171,1,172,341
01/21/2020,FAR,ND,AGL,CE,Combined TRACON& Tower with Radar,32,94,38,2,166,0,10,8,0,18,32,104,46,2,184,8,1,9,193
01/22/2020,FAR,ND,AGL,CE,Combined TRACON& Tower with Radar,34,75,44,4,157,0,5,35,4,44,34,80,79,8,201,102,44,146,347
01/23/2020,FAR,ND,AGL,CE,Combined TRACON& Tower with Radar,36,71,38,2,147,0,0,0,2,2,36,71,38,4,149,28,0,28,177
01/24/2020,FAR,ND,AGL,CE,Combined TRACON& Tower with Radar,32,71,17,12,132,0,0,5,0,5,32,71,22,12,137,37,0,37,174
01/25/2020,FAR,ND,AGL,CE,Combined TRACON& Tower with Radar,28,36,17,0,81,0,1,3,0,4,28,37,20,0,85,64,0,64,149
01/26/2020,FAR,ND,AGL,CE,Combined TRACON& Tower with Radar,31,26,20,0,77,0,0,0,0,0,31,26,20,0,77,6,0,6,83
01/27/2020,FAR,ND,AGL,CE,Combined TRACON& Tower with Radar,29,43,36,0,108,0,0,0,0,0,29,43,36,0,108,2,1,3,111
01/28/2020,FAR,ND,AGL,CE,Combined TRACON& Tower with Radar,32,80,39,9,160,0,0,3,0,3,32,80,42,9,163,8,0,8,171
01/29/2020,FAR,ND,AGL,CE,Combined TRACON& Tower with Radar,31,64,24,0,119,0,2,0,0,2,31,66,24,0,121,1,0,1,122
01/30/2020,FAR,ND,AGL,CE,Combined TRACON& Tower with Radar,37,65,20,4,126,0,0,0,0,0,37,65,20,4,126,0,0,0,126
01/31/2020,FAR,ND,AGL,CE,Combined TRACON& Tower with Radar,35,60,22,0,117,0,0,0,0,0,35,60,22,0,117,6,0,6,123
02/01/2020,FAR,ND,AGL,CE,Combined TRACON& Tower with Radar,27,41,15,2,85,0,13,18,0,31,27,54,33,2,116,54,0,54,170
02/02/2020,FAR,ND,AGL,CE,Combined TRACON& Tower with Radar,27,24,16,0,67,0,0,12,0,12,27,24,28,0,79,27,0,27,106
02/03/2020,FAR,ND,AGL,CE,Combined TRACON& Tower with Radar,28,61,34,0,123,0,8,37,2,47,28,69,71,2,170,108,0,108,278
02/04/2020,FAR,ND,AGL,CE,Combined TRACON& Tower with Radar,34,94,30,2,160,0,15,36,2,53,34,109,66,4,213,78,4,82,295
02/05/2020,FAR,ND,AGL,CE,Combined TRACON& Tower with Radar,34,81,29,2,146,0,12,18,2,32,34,93,47,4,178,73,6,79,257
02/06/2020,FAR,ND,AGL,CE,Combined TRACON& Tower with Radar,34,80,37,0,151,0,0,0,0,0,34,80,37,0,151,3,0,3,154
02/07/2020,FAR,ND,AGL,CE,Combined TRACON& Tower with Radar,36,75,36,0,147,0,10,24,2,36,36,85,60,2,183,62,1,63,246
02/08/2020,FAR,ND,AGL,CE,Combined TRACON& Tower with Radar,28,46,16,0,90,0,0,9,0,9,28,46,25,0,99,94,4,98,197
02/09/2020,FAR,ND,AGL,CE,Combined TRACON& Tower with Radar,25,27,19,1,72,0,4,20,3,27,25,31,39,4,99,110,0,110,209
02/10/2020,FAR,ND,AGL,CE,Combined TRACON& Tower with Radar,32,50,21,2,105,0,0,22,0,22,32,50,43,2,127,56,0,56,183
02/11/2020,FAR,ND,AGL,CE,Combined TRACON& Tower with Radar,35,92,56,0,183,0,11,20,0,31,35,103,76,0,214,53,0,53,267
02/12/2020,FAR,ND,AGL,CE,Combined TRACON& Tower with Radar,31,54,11,0,96,0,0,0,0,0,31,54,11,0,96,0,0,0,96
02/13/2020,FAR,ND,AGL,CE,Combined TRACON& Tower with Radar,33,98,38,1,170,0,14,12,5,31,33,112,50,6,201,27,0,27,228
02/14/2020,FAR,ND,AGL,CE,Combined TRACON& Tower with Radar,29,80,24,2,135,0,5,6,0,11,29,85,30,2,146,1,0,1,147
02/15/2020,FAR,ND,AGL,CE,Combined TRACON& Tower with Radar,27,44,27,2,100,0,19,40,0,59,27,63,67,2,159,127,1,128,287
02/16/2020,FAR,ND,AGL,CE,Combined TRACON& Tower with Radar,28,32,12,0,72,0,4,16,0,20,28,36,28,0,92,36,0,36,128
02/17/2020,FAR,ND,AGL,CE,Combined TRACON& Tower with Radar,28,54,41,0,123,0,6,11,0,17,28,60,52,0,140,59,0,59,199
02/18/2020,FAR,ND,AGL,CE,Combined TRACON& Tower with Radar,29,86,40,2,157,0,6,18,0,24,29,92,58,2,181,46,0,46,227
02/19/2020,FAR,ND,AGL,CE,Combined TRACON& Tower with Radar,33,82,35,0,150,0,10,17,9,36,33,92,52,9,186,80,0,80,266
02/20/2020,FAR,ND,AGL,CE,Combined TRACON& Tower with Radar,36,82,28,0,146,0,19,40,3,62,36,101,68,3,208,115,0,115,323
02/21/2020,FAR,ND,AGL,CE,Combined TRACON& Tower with Radar,25,84,29,0,138,0,21,34,2,57,25,105,63,2,195,101,0,101,296
02/22/2020,FAR,ND,AGL,CE,Combined TRACON& Tower with Radar,33,43,17,0,93,0,24,41,0,65,33,67,58,0,158,138,0,138,296
02/23/2020,FAR,ND,AGL,CE,Combined TRACON& Tower with Radar,26,41,30,0,97,0,4,31,0,35,26,45,61,0,132,18,0,18,150
02/24/2020,FAR,ND,AGL,CE,Combined TRACON& Tower with Radar,24,65,28,0,117,0,4,21,0,25,24,69,49,0,142,80,0,80,222
02/25/2020,FAR,ND,AGL,CE,Combined TRACON& Tower with Radar,28,93,22,0,143,0,14,19,0,33,28,107,41,0,176,18,0,18,194
02/26/2020,FAR,ND,AGL,CE,Combined TRACON& Tower with Radar,32,70,32,0,134,0,7,21,2,30,32,77,53,2,164,35,2,37,201
02/27/2020,FAR,ND,AGL,CE,Combined TRACON& Tower with Radar,34,70,49,0,153,0,1,20,0,21,34,71,69,0,174,29,0,29,203
02/28/2020,FAR,ND,AGL,CE,Combined TRACON& Tower with Radar,31,79,39,0,149,0,0,28,1,29,31,79,67,1,178,36,0,36,214
02/29/2020,FAR,ND,AGL,CE,Combined TRACON& Tower with Radar,28,52,15,0,95,0,9,14,0,23,28,61,29,0,118,39,1,40,158
03/01/2020,FAR,ND,AGL,CE,Combined TRACON& Tower with Radar,30,28,15,2,75,0,2,12,0,14,30,30,27,2,89,8,0,8,97
03/02/2020,FAR,ND,AGL,CE,Combined TRACON& Tower with Radar,24,61,39,0,124,0,2,18,0,20,24,63,57,0,144,6,0,6,150
03/03/2020,FAR,ND,AGL,CE,Combined TRACON& Tower with Radar,26,74,42,0,142,0,1,16,0,17,26,75,58,0,159,24,0,24,183
03/04/2020,FAR,ND,AGL,CE,Combined TRACON& Tower with Radar,30,73,51,1,155,0,0,23,1,24,30,73,74,2,179,31,0,31,210
03/05/2020,FAR,ND,AGL,CE,Combined TRACON& Tower with Radar,33,97,37,0,167,0,16,13,2,31,33,113,50,2,198,95,0,95,293
03/06/2020,FAR,ND,AGL,CE,Combined TRACON& Tower with Radar,29,77,28,3,137,0,3,33,1,37,29,80,61,4,174,45,3,48,222
03/07/2020,FAR,ND,AGL,CE,Combined TRACON& Tower with Radar,31,60,30,2,123,0,17,40,2,59,31,77,70,4,182,101,8,109,291
03/08/2020,FAR,ND,AGL,CE,Combined TRACON& Tower with Radar,29,30,19,0,78,0,1,7,0,8,29,31,26,0,86,9,0,9,95
03/09/2020,FAR,ND,AGL,CE,Combined TRACON& Tower with Radar,24,67,47,0,138,0,12,13,2,27,24,79,60,2,165,84,0,84,249
03/10/2020,FAR,ND,AGL,CE,Combined TRACON& Tower with Radar,33,86,38,3,160,0,23,30,1,54,33,109,68,4,214,138,0,138,352
03/11/2020,FAR,ND,AGL,CE,Combined TRACON& Tower with Radar,32,90,26,23,171,0,21,26,17,64,32,111,52,40,235,74,100,174,409
03/12/2020,FAR,ND,AGL,CE,Combined TRACON& Tower with Radar,36,77,36,10,159,0,7,16,4,27,36,84,52,14,186,66,14,80,266
03/13/2020,FAR,ND,AGL,CE,Combined TRACON& Tower with Radar,29,76,47,4,156,0,0,10,0,10,29,76,57,4,166,0,0,0,166
03/14/2020,FAR,ND,AGL,CE,Combined TRACON& Tower with Radar,31,52,22,0,105,0,14,22,0,36,31,66,44,0,141,100,0,100,241
03/15/2020,FAR,ND,AGL,CE,Combined TRACON& Tower with Radar,29,30,19,0,78,0,1,16,0,17,29,31,35,0,95,1,0,1,96
03/16/2020,FAR,ND,AGL,CE,Combined TRACON& Tower with Radar,27,51,19,7,104,0,0,11,0,11,27,51,30,7,115,29,9,38,153
03/17/2020,FAR,ND,AGL,CE,Combined TRACON& Tower with Radar,36,76,26,0,138,0,1,40,4,45,36,77,66,4,183,80,0,80,263
03/18/2020,FAR,ND,AGL,CE,Combined TRACON& Tower with Radar,33,68,14,0,115,0,0,0,0,0,33,68,14,0,115,0,0,0,115
03/19/2020,FAR,ND,AGL,CE,Combined TRACON& Tower with Radar,31,79,14,5,129,0,0,0,5,5,31,79,14,10,134,4,34,38,172
03/20/2020,FAR,ND,AGL,CE,Combined TRACON& Tower with Radar,26,67,23,0,116,0,0,45,0,45,26,67,68,0,161,95,0,95,256
03/21/2020,FAR,ND,AGL,CE,Combined TRACON& Tower with Radar,27,40,10,0,77,0,2,24,0,26,27,42,34,0,103,58,0,58,161
03/22/2020,FAR,ND,AGL,CE,Combined TRACON& Tower with Radar,26,30,8,0,64,0,0,17,0,17,26,30,25,0,81,75,0,75,156
03/23/2020,FAR,ND,AGL,CE,Combined TRACON& Tower with Radar,18,41,34,0,93,0,0,21,0,21,18,41,55,0,114,95,0,95,209
03/24/2020,FAR,ND,AGL,CE,Combined TRACON& Tower with Radar,25,57,17,0,99,0,0,0,0,0,25,57,17,0,99,0,0,0,99
03/25/2020,FAR,ND,AGL,CE,Combined TRACON& Tower with Radar,19,58,17,0,94,0,1,0,4,5,19,59,17,4,99,0,0,0,99
03/26/2020,FAR,ND,AGL,CE,Combined TRACON& Tower with Radar,21,50,21,4,96,0,0,26,9,35,21,50,47,13,131,104,16,120,251
03/27/2020,FAR,ND,AGL,CE,Combined TRACON& Tower with Radar,20,48,23,0,91,0,1,19,1,21,20,49,42,1,112,72,0,72,184
03/28/2020,FAR,ND,AGL,CE,Combined TRACON& Tower with Radar,19,34,13,0,66,0,0,31,0,31,19,34,44,0,97,60,0,60,157
03/29/2020,FAR,ND,AGL,CE,Combined TRACON& Tower with Radar,13,15,12,0,40,0,1,27,0,28,13,16,39,0,68,13,0,13,81
03/30/2020,FAR,ND,AGL,CE,Combined TRACON& Tower with Radar,13,26,12,0,51,0,2,29,0,31,13,28,41,0,82,28,0,28,110
03/31/2020,FAR,ND,AGL,CE,Combined TRACON& Tower with Radar,26,50,15,0,91,0,0,26,0,26,26,50,41,0,117,24,20,44,161
04/01/2020,FAR,ND,AGL,CE,Combined TRACON& Tower with Radar,19,53,10,0,82,0,2,3,0,5,19,55,13,0,87,0,0,0,87
04/02/2020,FAR,ND,AGL,CE,Combined TRACON& Tower with Radar,16,21,2,0,39,0,0,0,0,0,16,21,2,0,39,0,1,1,40
04/03/2020,FAR,ND,AGL,CE,Combined TRACON& Tower with Radar,11,49,4,0,64,0,0,3,2,5,11,49,7,2,69,0,2,2,71
04/04/2020,FAR,ND,AGL,CE,Combined TRACON& Tower with Radar,12,25,9,2,48,0,2,26,0,28,12,27,35,2,76,74,0,74,150
04/05/2020,FAR,ND,AGL,CE,Combined TRACON& Tower with Radar,5,10,7,0,22,0,1,22,0,23,5,11,29,0,45,13,0,13,58
04/06/2020,FAR,ND,AGL,CE,Combined TRACON& Tower with Radar,11,35,23,0,69,0,0,10,0,10,11,35,33,0,79,4,0,4,83
04/07/2020,FAR,ND,AGL,CE,Combined TRACON& Tower with Radar,15,58,16,2,91,0,5,22,0,27,15,63,38,2,118,24,0,24,142
04/08/2020,FAR,ND,AGL,CE,Combined TRACON& Tower with Radar,15,52,16,0,83,0,4,6,4,14,15,56,22,4,97,5,30,35,132
04/09/2020,FAR,ND,AGL,CE,Combined TRACON& Tower with Radar,14,54,14,1,83,0,0,13,5,18,14,54,27,6,101,34,0,34,135
04/10/2020,FAR,ND,AGL,CE,Combined TRACON& Tower with Radar,12,52,15,3,82,0,4,20,1,25,12,56,35,4,107,82,2,84,191
04/11/2020,FAR,ND,AGL,CE,Combined TRACON& Tower with Radar,9,31,12,0,52,0,2,12,0,14,9,33,24,0,66,34,0,34,100
04/12/2020,FAR,ND,AGL,CE,Combined TRACON& Tower with Radar,7,13,6,0,26,0,2,3,0,5,7,15,9,0,31,0,0,0,31
04/13/2020,FAR,ND,AGL,CE,Combined TRACON& Tower with Radar,8,30,4,0,42,0,1,6,0,7,8,31,10,0,49,6,0,6,55
04/14/2020,FAR,ND,AGL,CE,Combined TRACON& Tower with Radar,15,50,15,0,80,0,2,4,2,8,15,52,19,2,88,30,15,45,133
04/15/2020,FAR,ND,AGL,CE,Combined TRACON& Tower with Radar,15,38,12,7,72,0,3,25,1,29,15,41,37,8,101,68,18,86,187
04/16/2020,FAR,ND,AGL,CE,Combined TRACON& Tower with Radar,14,48,23,2,87,0,7,28,2,37,14,55,51,4,124,73,8,81,205
04/17/2020,FAR,ND,AGL,CE,Combined TRACON& Tower with Radar,10,49,13,4,76,0,0,29,1,30,10,49,42,5,106,18,10,28,134
04/18/2020,FAR,ND,AGL,CE,Combined TRACON& Tower with Radar,10,16,15,0,41,0,0,7,0,7,10,16,22,0,48,13,1,14,62
04/19/2020,FAR,ND,AGL,CE,Combined TRACON& Tower with Radar,7,4,13,0,24,0,4,15,0,19,7,8,28,0,43,36,0,36,79
04/20/2020,FAR,ND,AGL,CE,Combined TRACON& Tower with Radar,8,33,28,0,69,0,2,4,0,6,8,35,32,0,75,2,0,2,77
04/21/2020,FAR,ND,AGL,CE,Combined TRACON& Tower with Radar,19,46,13,0,78,0,0,12,0,12,19,46,25,0,90,70,0,70,160
04/22/2020,FAR,ND,AGL,CE,Combined TRACON& Tower with Radar,14,44,37,2,97,0,5,49,0,54,14,49,86,2,151,102,9,111,262
04/23/2020,FAR,ND,AGL,CE,Combined TRACON& Tower with Radar,14,44,15,3,76,0,4,14,11,29,14,48,29,14,105,32,37,69,174
04/24/2020,FAR,ND,AGL,CE,Combined TRACON& Tower with Radar,10,44,20,1,75,0,0,61,1,62,10,44,81,2,137,83,4,87,224
04/25/2020,FAR,ND,AGL,CE,Combined TRACON& Tower with Radar,9,28,22,0,59,0,1,27,0,28,9,29,49,0,87,134,0,134,221
04/26/2020,FAR,ND,AGL,CE,Combined TRACON& Tower with Radar,9,8,11,0,28,0,0,38,0,38,9,8,49,0,66,46,0,46,112
04/27/2020,FAR,ND,AGL,CE,Combined TRACON& Tower with Radar,9,32,11,0,52,0,1,29,0,30,9,33,40,0,82,64,0,64,146
04/28/2020,FAR,ND,AGL,CE,Combined TRACON& Tower with Radar,18,53,20,14,105,0,3,24,3,30,18,56,44,17,135,38,52,90,225
04/29/2020,FAR,ND,AGL,CE,Combined TRACON& Tower with Radar,16,47,29,13,105,0,2,41,0,43,16,49,70,13,148,0,0,0,148
04/30/2020,FAR,ND,AGL,CE,Combined TRACON& Tower with Radar,15,44,28,4,91,0,0,52,4,56,15,44,80,8,147,54,0,54,201
05/01/2020,FAR,ND,AGL,CE,Combined TRACON& Tower with Radar,12,47,31,2,92,0,0,19,0,19,12,47,50,2,111,24,32,56,167
05/02/2020,FAR,ND,AGL,CE,Combined TRACON& Tower with Radar,11,25,9,0,45,0,0,18,0,18,11,25,27,0,63,18,0,18,81
05/03/2020,FAR,ND,AGL,CE,Combined TRACON& Tower with Radar,10,8,15,0,33,0,0,29,0,29,10,8,44,0,62,38,0,38,100
05/04/2020,FAR,ND,AGL,CE,Combined TRACON& Tower with Radar,12,28,8,0,48,0,2,10,0,12,12,30,18,0,60,10,0,10,70
05/05/2020,FAR,ND,AGL,CE,Combined TRACON& Tower with Radar,18,46,22,0,86,0,0,0,0,0,18,46,22,0,86,5,1,6,92
05/06/2020,FAR,ND,AGL,CE,Combined TRACON& Tower with Radar,18,46,34,5,103,0,2,50,0,52,18,48,84,5,155,90,4,94,249
05/07/2020,FAR,ND,AGL,CE,Combined TRACON& Tower with Radar,21,45,37,3,106,0,5,34,3,42,21,50,71,6,148,15,2,17,165
05/08/2020,FAR,ND,AGL,CE,Combined TRACON& Tower with Radar,14,51,21,1,87,0,2,51,1,54,14,53,72,2,141,48,25,73,214
05/09/2020,FAR,ND,AGL,CE,Combined TRACON& Tower with Radar,12,28,11,0,51,0,0,2,0,2,12,28,13,0,53,12,0,12,65
05/10/2020,FAR,ND,AGL,CE,Combined TRACON& Tower with Radar,10,6,7,0,23,0,0,2,0,2,10,6,9,0,25,0,0,0,25
05/11/2020,FAR,ND,AGL,CE,Combined TRACON& Tower with Radar,10,29,23,1,63,0,0,44,1,45,10,29,67,2,108,66,0,66,174
05/12/2020,FAR,ND,AGL,CE,Combined TRACON& Tower with Radar,18,43,25,4,90,0,0,54,0,54,18,43,79,4,144,152,0,152,296
05/13/2020,FAR,ND,AGL,CE,Combined TRACON& Tower with Radar,18,43,19,0,80,0,0,4,0,4,18,43,23,0,84,20,0,20,104
05/14/2020,FAR,ND,AGL,CE,Combined TRACON& Tower with Radar,18,42,41,2,103,0,3,23,4,30,18,45,64,6,133,42,10,52,185
05/15/2020,FAR,ND,AGL,CE,Combined TRACON& Tower with Radar,16,44,21,4,85,0,0,45,0,45,16,44,66,4,130,30,2,32,162
05/16/2020,FAR,ND,AGL,CE,Combined TRACON& Tower with Radar,13,24,9,0,46,0,0,25,0,25,13,24,34,0,71,34,0,34,105
05/17/2020,FAR,ND,AGL,CE,Combined TRACON& Tower with Radar,10,6,13,0,29,0,2,18,0,20,10,8,31,0,49,44,0,44,93
05/18/2020,FAR,ND,AGL,CE,Combined TRACON& Tower with Radar,11,35,21,0,67,0,4,29,2,35,11,39,50,2,102,51,0,51,153
05/19/2020,FAR,ND,AGL,CE,Combined TRACON& Tower with Radar,20,46,35,3,104,0,0,45,1,46,20,46,80,4,150,65,0,65,215
05/20/2020,FAR,ND,AGL,CE,Combined TRACON& Tower with Radar,19,49,57,2,127,0,2,9,4,15,19,51,66,6,142,56,24,80,222
05/21/2020,FAR,ND,AGL,CE,Combined TRACON& Tower with Radar,18,44,50,2,114,0,1,19,6,26,18,45,69,8,140,24,0,24,164
05/22/2020,FAR,ND,AGL,CE,Combined TRACON& Tower with Radar,18,48,41,2,109,0,1,10,3,14,18,49,51,5,123,31,8,39,162
05/23/2020,FAR,ND,AGL,CE,Combined TRACON& Tower with Radar,13,24,27,0,64,0,5,16,0,21,13,29,43,0,85,6,0,6,91
05/24/2020,FAR,ND,AGL,CE,Combined TRACON& Tower with Radar,10,7,17,2,36,0,0,4,0,4,10,7,21,2,40,4,0,4,44
05/25/2020,FAR,ND,AGL,CE,Combined TRACON& Tower with Radar,12,9,34,0,55,0,2,26,0,28,12,11,60,0,83,21,0,21,104
05/26/2020,FAR,ND,AGL,CE,Combined TRACON& Tower with Radar,9,33,49,0,91,0,3,31,1,35,9,36,80,1,126,72,33,105,231
05/27/2020,FAR,ND,AGL,CE,Combined TRACON& Tower with Radar,17,46,34,8,105,0,0,29,1,30,17,46,63,9,135,108,6,114,249
05/28/2020,FAR,ND,AGL,CE,Combined TRACON& Tower with Radar,19,43,30,2,94,0,2,23,4,29,19,45,53,6,123,6,0,6,129
05/29/2020,FAR,ND,AGL,CE,Combined TRACON& Tower with Radar,18,46,29,4,97,0,0,47,2,49,18,46,76,6,146,60,0,60,206
05/30/2020,FAR,ND,AGL,CE,Combined TRACON& Tower with Radar,13,22,20,0,55,0,1,48,0,49,13,23,68,0,104,124,0,124,228
05/31/2020,FAR,ND,AGL,CE,Combined TRACON& Tower with Radar,9,4,15,0,28,0,1,23,0,24,9,5,38,0,52,28,0,28,80
06/01/2020,FAR,ND,AGL,CE,Combined TRACON& Tower with Radar,16,35,30,0,81,0,1,31,0,32,16,36,61,0,113,54,0,54,167
06/02/2020,FAR,ND,AGL,CE,Combined TRACON& Tower with Radar,18,47,29,6,100,0,6,28,4,38,18,53,57,10,138,52,10,62,200
06/03/2020,FAR,ND,AGL,CE,Combined TRACON& Tower with Radar,18,46,39,3,106,0,7,47,1,55,18,53,86,4,161,76,18,94,255
06/04/2020,FAR,ND,AGL,CE,Combined TRACON& Tower with Radar,20,47,30,17,114,0,4,27,11,42,20,51,57,28,156,50,28,78,234
06/05/2020,FAR,ND,AGL,CE,Combined TRACON& Tower with Radar,20,43,23,18,104,0,0,35,8,43,20,43,58,26,147,15,27,42,189
06/06/2020,FAR,ND,AGL,CE,Combined TRACON& Tower with Radar,18,17,3,0,38,0,0,9,0,9,18,17,12,0,47,8,0,8,55
06/07/2020,FAR,ND,AGL,CE,Combined TRACON& Tower with Radar,12,6,13,0,31,0,1,8,0,9,12,7,21,0,40,0,0,0,40
06/08/2020,FAR,ND,AGL,CE,Combined TRACON& Tower with Radar,15,28,22,0,65,0,0,29,0,29,15,28,51,0,94,38,0,38,132
06/09/2020,FAR,ND,AGL,CE,Combined TRACON& Tower with Radar,20,44,38,0,102,0,1,13,2,16,20,45,51,2,118,52,0,52,170
06/10/2020,FAR,ND,AGL,CE,Combined TRACON& Tower with Radar,20,44,35,6,105,0,2,47,4,53,20,46,82,10,158,40,8,48,206
06/11/2020,FAR,ND,AGL,CE,Combined TRACON& Tower with Radar,20,47,51,4,122,0,7,92,13,112,20,54,143,17,234,81,17,98,332
06/12/2020,FAR,ND,AGL,CE,Combined TRACON& Tower with Radar,21,45,33,4,103,0,2,76,4,82,21,47,109,8,185,170,12,182,367
06/13/2020,FAR,ND,AGL,CE,Combined TRACON& Tower with Radar,13,26,20,0,59,0,0,23,0,23,13,26,43,0,82,28,0,28,110
06/14/2020,FAR,ND,AGL,CE,Combined TRACON& Tower with Radar,13,7,11,0,31,0,11,2,0,13,13,18,13,0,44,0,0,0,44
06/15/2020,FAR,ND,AGL,CE,Combined TRACON& Tower with Radar,17,24,36,0,77,0,3,26,0,29,17,27,62,0,106,43,0,43,149
06/16/2020,FAR,ND,AGL,CE,Combined TRACON& Tower with Radar,20,49,18,2,89,0,2,9,3,14,20,51,27,5,103,20,0,20,123
06/17/2020,FAR,ND,AGL,CE,Combined TRACON& Tower with Radar,22,43,31,2,98,0,0,12,2,14,22,43,43,4,112,0,2,2,114
06/18/2020,FAR,ND,AGL,CE,Combined TRACON& Tower with Radar,20,57,27,2,106,0,1,31,7,39,20,58,58,9,145,120,0,120,265
06/19/2020,FAR,ND,AGL,CE,Combined TRACON& Tower with Radar,20,46,20,0,86,0,5,68,0,73,20,51,88,0,159,112,1,113,272
06/20/2020,FAR,ND,AGL,CE,Combined TRACON& Tower with Radar,13,21,15,0,49,0,8,10,0,18,13,29,25,0,67,48,0,48,115
06/21/2020,FAR,ND,AGL,CE,Combined TRACON& Tower with Radar,12,9,17,0,38,0,0,30,0,30,12,9,47,0,68,24,0,24,92
06/22/2020,FAR,ND,AGL,CE,Combined TRACON& Tower with Radar,13,38,42,0,93,0,7,50,0,57,13,45,92,0,150,0,0,0,150
06/23/2020,FAR,ND,AGL,CE,Combined TRACON& Tower with Radar,20,52,37,5,114,0,9,72,5,86,20,61,109,10,200,155,15,170,370
06/24/2020,FAR,ND,AGL,CE,Combined TRACON& Tower with Radar,22,50,48,2,122,0,13,65,9,87,22,63,113,11,209,111,6,117,326
06/25/2020,FAR,ND,AGL,CE,Combined TRACON& Tower with Radar,20,52,52,1,125,0,8,28,11,47,20,60,80,12,172,46,2,48,220
06/26/2020,FAR,ND,AGL,CE,Combined TRACON& Tower with Radar,20,53,24,3,100,0,7,34,4,45,20,60,58,7,145,81,16,97,242
06/27/2020,FAR,ND,AGL,CE,Combined TRACON& Tower with Radar,15,25,18,0,58,0,8,36,0,44,15,33,54,0,102,56,0,56,158
06/28/2020,FAR,ND,AGL,CE,Combined TRACON& Tower with Radar,14,13,25,0,52,0,2,12,0,14,14,15,37,0,66,6,0,6,72
06/29/2020,FAR,ND,AGL,CE,Combined TRACON& Tower with Radar,14,36,58,1,109,0,11,28,1,40,14,47,86,2,149,74,0,74,223
06/30/2020,FAR,ND,AGL,CE,Combined TRACON& Tower with Radar,23,54,34,4,115,0,6,23,2,31,23,60,57,6,146,70,34,104,250
07/01/2020,FAR,ND,AGL,CE,Combined TRACON& Tower with Radar,26,61,45,4,136,0,0,58,8,66,26,61,103,12,202,115,4,119,321
07/02/2020,FAR,ND,AGL,CE,Combined TRACON& Tower with Radar,23,44,28,4,99,0,6,38,4,48,23,50,66,8,147,44,2,46,193
07/03/2020,FAR,ND,AGL,CE,Combined TRACON& Tower with Radar,22,42,28,0,92,0,6,44,0,50,22,48,72,0,142,60,0,60,202
07/04/2020,FAR,ND,AGL,CE,Combined TRACON& Tower with Radar,8,10,9,0,27,0,0,6,0,6,8,10,15,0,33,42,0,42,75
07/05/2020,FAR,ND,AGL,CE,Combined TRACON& Tower with Radar,17,12,13,0,42,0,2,10,0,12,17,14,23,0,54,14,0,14,68
07/06/2020,FAR,ND,AGL,CE,Combined TRACON& Tower with Radar,14,40,32,0,86,0,4,33,0,37,14,44,65,0,123,28,0,28,151
07/07/2020,FAR,ND,AGL,CE,Combined TRACON& Tower with Radar,24,46,38,17,125,0,3,50,5,58,24,49,88,22,183,84,28,112,295
07/08/2020,FAR,ND,AGL,CE,Combined TRACON& Tower with Radar,24,49,46,13,132,0,2,42,9,53,24,51,88,22,185,96,78,174,359
07/09/2020,FAR,ND,AGL,CE,Combined TRACON& Tower with Radar,24,48,33,5,110,0,5,38,8,51,24,53,71,13,161,44,10,54,215
07/10/2020,FAR,ND,AGL,CE,Combined TRACON& Tower with Radar,24,49,28,2,103,0,3,34,6,43,24,52,62,8,146,50,16,66,212
07/11/2020,FAR,ND,AGL,CE,Combined TRACON& Tower with Radar,17,26,11,0,54,0,4,22,0,26,17,30,33,0,80,19,0,19,99
07/12/2020,FAR,ND,AGL,CE,Combined TRACON& Tower with Radar,20,12,20,0,52,0,1,43,0,44,20,13,63,0,96,4,0,4,100
07/13/2020,FAR,ND,AGL,CE,Combined TRACON& Tower with Radar,18,36,24,0,78,0,9,23,0,32,18,45,47,0,110,18,0,18,128
07/14/2020,FAR,ND,AGL,CE,Combined TRACON& Tower with Radar,20,68,46,4,138,0,3,39,0,42,20,71,85,4,180,64,4,68,248
07/15/2020,FAR,ND,AGL,CE,Combined TRACON& Tower with Radar,23,61,51,0,135,0,8,26,12,46,23,69,77,12,181,32,20,52,233
07/16/2020,FAR,ND,AGL,CE,Combined TRACON& Tower with Radar,22,56,52,3,133,0,7,42,9,58,22,63,94,12,191,84,8,92,283
07/17/2020,FAR,ND,AGL,CE,Combined TRACON& Tower with Radar,19,42,30,11,102,0,5,43,10,58,19,47,73,21,160,75,26,101,261
07/18/2020,FAR,ND,AGL,CE,Combined TRACON& Tower with Radar,22,35,12,0,69,0,0,18,1,19,22,35,30,1,88,68,0,68,156
07/19/2020,FAR,ND,AGL,CE,Combined TRACON& Tower with Radar,20,16,20,0,56,0,0,20,0,20,20,16,40,0,76,11,0,11,87
07/20/2020,FAR,ND,AGL,CE,Combined TRACON& Tower with Radar,19,38,34,0,91,0,1,35,0,36,19,39,69,0,127,60,0,60,187
07/21/2020,FAR,ND,AGL,CE,Combined TRACON& Tower with Radar,22,49,56,0,127,0,7,26,1,34,22,56,82,1,161,26,0,26,187
07/22/2020,FAR,ND,AGL,CE,Combined TRACON& Tower with Radar,21,55,51,4,131,0,6,78,6,90,21,61,129,10,221,83,2,85,306
07/23/2020,FAR,ND,AGL,CE,Combined TRACON& Tower with Radar,24,54,42,3,123,0,4,34,11,49,24,58,76,14,172,31,4,35,207
07/24/2020,FAR,ND,AGL,CE,Combined TRACON& Tower with Radar,26,57,25,3,111,0,1,18,1,20,26,58,43,4,131,10,0,10,141
07/25/2020,FAR,ND,AGL,CE,Combined TRACON& Tower with Radar,19,26,29,0,74,0,0,16,0,16,19,26,45,0,90,40,0,40,130
07/26/2020,FAR,ND,AGL,CE,Combined TRACON& Tower with Radar,22,17,32,0,71,0,0,32,0,32,22,17,64,0,103,48,0,48,151
07/27/2020,FAR,ND,AGL,CE,Combined TRACON& Tower with Radar,18,36,21,4,79,0,4,37,2,43,18,40,58,6,122,28,0,28,150
07/28/2020,FAR,ND,AGL,CE,Combined TRACON& Tower with Radar,24,53,39,0,116,0,6,35,2,43,24,59,74,2,159,88,0,88,247
07/29/2020,FAR,ND,AGL,CE,Combined TRACON& Tower with Radar,25,49,31,7,112,0,9,63,10,82,25,58,94,17,194,124,4,128,322
07/30/2020,FAR,ND,AGL,CE,Combined TRACON& Tower with Radar,24,54,38,2,118,0,1,62,2,65,24,55,100,4,183,178,8,186,369
07/31/2020,FAR,ND,AGL,CE,Combined TRACON& Tower with Radar,27,54,27,0,108,0,3,42,0,45,27,57,69,0,153,86,0,86,239
08/01/2020,FAR,ND,AGL,CE,Combined TRACON& Tower with Radar,21,30,18,1,70,0,1,28,0,29,21,31,46,1,99,20,0,20,119
08/02/2020,FAR,ND,AGL,CE,Combined TRACON& Tower with Radar,24,15,30,0,69,0,5,20,0,25,24,20,50,0,94,2,0,2,96
08/03/2020,FAR,ND,AGL,CE,Combined TRACON& Tower with Radar,25,37,46,0,108,0,2,34,0,36,25,39,80,0,144,94,0,94,238
08/04/2020,FAR,ND,AGL,CE,Combined TRACON& Tower with Radar,27,57,27,1,112,0,2,28,3,33,27,59,55,4,145,56,0,56,201
08/05/2020,FAR,ND,AGL,CE,Combined TRACON& Tower with Radar,28,57,51,1,137,0,6,27,3,36,28,63,78,4,173,59,0,59,232
08/06/2020,FAR,ND,AGL,CE,Combined TRACON& Tower with Radar,26,57,37,4,124,0,4,32,4,40,26,61,69,8,164,80,0,80,244
08/07/2020,FAR,ND,AGL,CE,Combined TRACON& Tower with Radar,26,56,23,5,110,0,0,16,0,16,26,56,39,5,126,76,0,76,202
08/08/2020,FAR,ND,AGL,CE,Combined TRACON& Tower with Radar,23,40,5,0,68,0,3,14,3,20,23,43,19,3,88,52,0,52,140
08/09/2020,FAR,ND,AGL,CE,Combined TRACON& Tower with Radar,22,20,20,0,62,0,1,12,0,13,22,21,32,0,75,29,0,29,104
08/10/2020,FAR,ND,AGL,CE,Combined TRACON& Tower with Radar,22,38,25,0,85,0,4,31,0,35,22,42,56,0,120,70,0,70,190
08/11/2020,FAR,ND,AGL,CE,Combined TRACON& Tower with Radar,28,57,46,3,134,0,1,49,1,51,28,58,95,4,185,50,4,54,239
08/12/2020,FAR,ND,AGL,CE,Combined TRACON& Tower with Radar,27,58,64,7,156,0,3,29,1,33,27,61,93,8,189,34,4,38,227
08/13/2020,FAR,ND,AGL,CE,Combined TRACON& Tower with Radar,28,51,27,12,118,0,0,15,0,15,28,51,42,12,133,25,12,37,170
08/14/2020,FAR,ND,AGL,CE,Combined TRACON& Tower with Radar,28,55,20,0,103,0,1,0,0,1,28,56,20,0,104,0,0,0,104
08/15/2020,FAR,ND,AGL,CE,Combined TRACON& Tower with Radar,21,31,17,4,73,0,7,30,0,37,21,38,47,4,110,14,12,26,136
08/16/2020,FAR,ND,AGL,CE,Combined TRACON& Tower with Radar,22,18,22,2,64,0,3,14,0,17,22,21,36,2,81,8,0,8,89
08/17/2020,FAR,ND,AGL,CE,Combined TRACON& Tower with Radar,23,43,41,5,112,0,0,46,1,47,23,43,87,6,159,145,28,173,332
08/18/2020,FAR,ND,AGL,CE,Combined TRACON& Tower with Radar,32,69,33,2,136,0,7,32,2,41,32,76,65,4,177,80,0,80,257
08/19/2020,FAR,ND,AGL,CE,Combined TRACON& Tower with Radar,25,54,41,2,122,0,4,29,1,34,25,58,70,3,156,56,6,62,218
08/20/2020,FAR,ND,AGL,CE,Combined TRACON& Tower with Radar,28,69,44,2,143,0,5,19,1,25,28,74,63,3,168,98,0,98,266
08/21/2020,FAR,ND,AGL,CE,Combined TRACON& Tower with Radar,24,70,33,0,127,0,6,26,0,32,24,76,59,0,159,62,0,62,221
08/22/2020,FAR,ND,AGL,CE,Combined TRACON& Tower with Radar,17,43,22,0,82,0,6,29,0,35,17,49,51,0,117,10,0,10,127
08/23/2020,FAR,ND,AGL,CE,Combined TRACON& Tower with Radar,22,16,26,0,64,0,0,22,1,23,22,16,48,1,87,50,0,50,137
08/24/2020,FAR,ND,AGL,CE,Combined TRACON& Tower with Radar,21,58,27,0,106,0,4,32,0,36,21,62,59,0,142,40,0,40,182
08/25/2020,FAR,ND,AGL,CE,Combined TRACON& Tower with Radar,26,69,29,1,125,0,2,51,1,54,26,71,80,2,179,26,0,26,205
08/26/2020,FAR,ND,AGL,CE,Combined TRACON& Tower with Radar,24,64,54,2,144,0,8,28,3,39,24,72,82,5,183,58,22,80,263
08/27/2020,FAR,ND,AGL,CE,Combined TRACON& Tower with Radar,26,60,36,0,122,0,5,42,8,55,26,65,78,8,177,114,30,144,321
08/28/2020,FAR,ND,AGL,CE,Combined TRACON& Tower with Radar,24,70,48,2,144,0,1,16,0,17,24,71,64,2,161,34,4,38,199
08/29/2020,FAR,ND,AGL,CE,Combined TRACON& Tower with Radar,17,38,12,3,70,0,11,42,1,54,17,49,54,4,124,88,1,89,213
08/30/2020,FAR,ND,AGL,CE,Combined TRACON& Tower with Radar,18,23,13,0,54,0,0,11,0,11,18,23,24,0,65,6,0,6,71
08/31/2020,FAR,ND,AGL,CE,Combined TRACON& Tower with Radar,20,44,34,0,98,0,1,48,2,51,20,45,82,2,149,32,0,32,181
09/01/2020,FAR,ND,AGL,CE,Combined TRACON& Tower with Radar,29,60,49,1,139,0,1,28,2,31,29,61,77,3,170,44,0,44,214
09/02/2020,FAR,ND,AGL,CE,Combined TRACON& Tower with Radar,26,52,32,3,113,0,3,52,2,57,26,55,84,5,170,70,34,104,274
09/03/2020,FAR,ND,AGL,CE,Combined TRACON& Tower with Radar,28,70,39,2,139,0,22,25,10,57,28,92,64,12,196,6,0,6,202
09/04/2020,FAR,ND,AGL,CE,Combined TRACON& Tower with Radar,27,61,46,0,134,0,17,46,4,67,27,78,92,4,201,57,30,87,288
09/05/2020,FAR,ND,AGL,CE,Combined TRACON& Tower with Radar,18,25,12,0,55,0,7,19,0,26,18,32,31,0,81,16,0,16,97
09/06/2020,FAR,ND,AGL,CE,Combined TRACON& Tower with Radar,20,12,10,0,42,0,3,6,0,9,20,15,16,0,51,0,0,0,51
09/07/2020,FAR,ND,AGL,CE,Combined TRACON& Tower with Radar,18,29,16,0,63,0,8,16,0,24,18,37,32,0,87,0,0,0,87
09/08/2020,FAR,ND,AGL,CE,Combined TRACON& Tower with Radar,19,56,26,0,101,0,9,31,2,42,19,65,57,2,143,94,0,94,237
09/09/2020,FAR,ND,AGL,CE,Combined TRACON& Tower with Radar,25,63,42,3,133,0,2,34,3,39,25,65,76,6,172,110,0,110,282
09/10/2020,FAR,ND,AGL,CE,Combined TRACON& Tower with Radar,30,57,32,7,126,0,10,65,15,90,30,67,97,22,216,42,0,42,258
09/11/2020,FAR,ND,AGL,CE,Combined TRACON& Tower with Radar,28,62,20,2,112,0,6,27,4,37,28,68,47,6,149,110,6,116,265
09/12/2020,FAR,ND,AGL,CE,Combined TRACON& Tower with Radar,24,39,25,2,90,0,2,11,4,17,24,41,36,6,107,2,0,2,109
09/13/2020,FAR,ND,AGL,CE,Combined TRACON& Tower with Radar,26,16,19,2,63,0,5,24,0,29,26,21,43,2,92,16,0,16,108
09/14/2020,FAR,ND,AGL,CE,Combined TRACON& Tower with Radar,25,39,27,7,98,0,8,35,3,46,25,47,62,10,144,52,0,52,196
09/15/2020,FAR,ND,AGL,CE,Combined TRACON& Tower with Radar,27,68,46,10,151,0,14,35,3,52,27,82,81,13,203,188,0,188,391
09/16/2020,FAR,ND,AGL,CE,Combined TRACON& Tower with Radar,29,59,53,3,144,0,10,28,0,38,29,69,81,3,182,84,0,84,266
09/17/2020,FAR,ND,AGL,CE,Combined TRACON& Tower with Radar,30,75,61,4,170,0,12,58,9,79,30,87,119,13,249,150,0,150,399
09/18/2020,FAR,ND,AGL,CE,Combined TRACON& Tower with Radar,27,65,36,5,133,0,3,44,7,54,27,68,80,12,187,50,12,62,249
09/19/2020,FAR,ND,AGL,CE,Combined TRACON& Tower with Radar,20,36,9,5,70,0,10,41,6,57,20,46,50,11,127,32,1,33,160
09/20/2020,FAR,ND,AGL,CE,Combined TRACON& Tower with Radar,26,16,18,0,60,0,9,17,6,32,26,25,35,6,92,0,0,0,92
09/21/2020,FAR,ND,AGL,CE,Combined TRACON& Tower with Radar,23,42,30,1,96,0,7,16,1,24,23,49,46,2,120,45,0,45,165
09/22/2020,FAR,ND,AGL,CE,Combined TRACON& Tower with Radar,28,66,39,9,142,0,2,48,3,53,28,68,87,12,195,56,0,56,251
09/23/2020,FAR,ND,AGL,CE,Combined TRACON& Tower with Radar,26,59,39,2,126,0,8,51,3,62,26,67,90,5,188,28,0,28,216
09/24/2020,FAR,ND,AGL,CE,Combined TRACON& Tower with Radar,29,58,40,3,130,0,4,24,3,31,29,62,64,6,161,40,4,44,205
09/25/2020,FAR,ND,AGL,CE,Combined TRACON& Tower with Radar,30,69,38,2,139,0,1,41,3,45,30,70,79,5,184,61,0,61,245
09/26/2020,FAR,ND,AGL,CE,Combined TRACON& Tower with Radar,21,34,19,0,74,0,11,13,0,24,21,45,32,0,98,28,0,28,126
09/27/2020,FAR,ND,AGL,CE,Combined TRACON& Tower with Radar,24,20,24,0,68,0,3,11,0,14,24,23,35,0,82,8,10,18,100
09/28/2020,FAR,ND,AGL,CE,Combined TRACON& Tower with Radar,23,58,27,0,108,0,2,16,0,18,23,60,43,0,126,28,0,28,154
09/29/2020,FAR,ND,AGL,CE,Combined TRACON& Tower with Radar,28,67,37,7,139,0,19,33,1,53,28,86,70,8,192,95,4,99,291
09/30/2020,FAR,ND,AGL,CE,Combined TRACON& Tower with Radar,26,67,48,2,143,0,3,17,3,23,26,70,65,5,166,13,8,21,187
10/01/2020,FAR,ND,AGL,CE,Combined TRACON& Tower with Radar,29,59,48,8,144,0,9,29,3,41,29,68,77,11,185,82,30,112,297
10/02/2020,FAR,ND,AGL,CE,Combined TRACON& Tower with Radar,29,90,30,3,152,0,16,57,7,80,29,106,87,10,232,42,20,62,294
10/03/2020,FAR,ND,AGL,CE,Combined TRACON& Tower with Radar,24,42,9,2,77,0,15,32,0,47,24,57,41,2,124,87,2,89,213
10/04/2020,FAR,ND,AGL,CE,Combined TRACON& Tower with Radar,24,28,23,0,75,0,11,27,0,38,24,39,50,0,113,12,0,12,125
10/05/2020,FAR,ND,AGL,CE,Combined TRACON& Tower with Radar,27,49,35,0,111,0,11,27,0,38,27,60,62,0,149,20,0,20,169
10/06/2020,FAR,ND,AGL,CE,Combined TRACON& Tower with Radar,30,79,25,2,136,0,10,24,1,35,30,89,49,3,171,66,22,88,259
10/07/2020,FAR,ND,AGL,CE,Combined TRACON& Tower with Radar,26,81,38,4,149,0,12,73,0,85,26,93,111,4,234,51,1,52,286
10/08/2020,FAR,ND,AGL,CE,Combined TRACON& Tower with Radar,30,61,45,13,149,0,11,33,9,53,30,72,78,22,202,52,8,60,262
10/09/2020,FAR,ND,AGL,CE,Combined TRACON& Tower with Radar,26,70,35,3,134,0,7,82,0,89,26,77,117,3,223,72,1,73,296
10/10/2020,FAR,ND,AGL,CE,Combined TRACON& Tower with Radar,23,40,10,0,73,0,12,50,0,62,23,52,60,0,135,86,0,86,221
10/11/2020,FAR,ND,AGL,CE,Combined TRACON& Tower with Radar,27,20,21,0,68,0,1,6,0,7,27,21,27,0,75,0,1,1,76
10/12/2020,FAR,ND,AGL,CE,Combined TRACON& Tower with Radar,25,48,30,0,103,0,8,38,0,46,25,56,68,0,149,116,0,116,265
10/13/2020,FAR,ND,AGL,CE,Combined TRACON& Tower with Radar,28,68,27,0,123,0,14,17,0,31,28,82,44,0,154,87,1,88,242
10/14/2020,FAR,ND,AGL,CE,Combined TRACON& Tower with Radar,28,72,40,0,140,0,1,15,6,22,28,73,55,6,162,24,0,24,186
10/15/2020,FAR,ND,AGL,CE,Combined TRACON& Tower with Radar,30,82,38,0,150,0,12,36,19,67,30,94,74,19,217,70,26,96,313
10/16/2020,FAR,ND,AGL,CE,Combined TRACON& Tower with Radar,26,85,31,4,146,0,16,53,2,71,26,101,84,6,217,95,0,95,312
10/17/2020,FAR,ND,AGL,CE,Combined TRACON& Tower with Radar,23,37,22,2,84,0,11,7,0,18,23,48,29,2,102,42,0,42,144
10/18/2020,FAR,ND,AGL,CE,Combined TRACON& Tower with Radar,26,22,20,0,68,0,2,33,0,35,26,24,53,0,103,50,0,50,153
10/19/2020,FAR,ND,AGL,CE,Combined TRACON& Tower with Radar,29,46,31,0,106,0,4,30,0,34,29,50,61,0,140,116,0,116,256
10/20/2020,FAR,ND,AGL,CE,Combined TRACON& Tower with Radar,28,72,29,1,130,0,0,1,0,1,28,72,30,1,131,4,0,4,135
10/21/2020,FAR,ND,AGL,CE,Combined TRACON& Tower with Radar,29,68,66,1,164,0,5,45,4,54,29,73,111,5,218,138,32,170,388
10/22/2020,FAR,ND,AGL,CE,Combined TRACON& Tower with Radar,30,75,27,0,132,0,0,1,0,1,30,75,28,0,133,0,0,0,133
10/23/2020,FAR,ND,AGL,CE,Combined TRACON& Tower with Radar,26,85,46,5,162,0,4,21,0,25,26,89,67,5,187,33,0,33,220
10/24/2020,FAR,ND,AGL,CE,Combined TRACON& Tower with Radar,27,38,26,0,91,0,3,11,0,14,27,41,37,0,105,6,0,6,111
10/25/2020,FAR,ND,AGL,CE,Combined TRACON& Tower with Radar,22,11,11,0,44,0,0,21,0,21,22,11,32,0,65,22,0,22,87
10/26/2020,FAR,ND,AGL,CE,Combined TRACON& Tower with Radar,25,49,42,2,118,0,16,45,5,66,25,65,87,7,184,87,0,87,271
10/27/2020,FAR,ND,AGL,CE,Combined TRACON& Tower with Radar,30,73,31,2,136,0,7,24,1,32,30,80,55,3,168,34,0,34,202
10/28/2020,FAR,ND,AGL,CE,Combined TRACON& Tower with Radar,28,66,33,0,127,0,2,24,0,26,28,68,57,0,153,25,16,41,194
10/29/2020,FAR,ND,AGL,CE,Combined TRACON& Tower with Radar,28,76,45,0,149,0,2,33,8,43,28,78,78,8,192,136,12,148,340
10/30/2020,FAR,ND,AGL,CE,Combined TRACON& Tower with Radar,26,74,39,4,143,0,4,17,4,25,26,78,56,8,168,25,2,27,195
10/31/2020,FAR,ND,AGL,CE,Combined TRACON& Tower with Radar,20,25,14,0,59,0,2,4,0,6,20,27,18,0,65,12,0,12,77
11/01/2020,FAR,ND,AGL,CE,Combined TRACON& Tower with Radar,23,21,39,5,88,0,8,31,3,42,23,29,70,8,130,50,3,53,183
11/02/2020,FAR,ND,AGL,CE,Combined TRACON& Tower with Radar,24,60,22,4,110,0,8,39,5,52,24,68,61,9,162,53,0,53,215
11/03/2020,FAR,ND,AGL,CE,Combined TRACON& Tower with Radar,26,77,21,7,131,0,14,52,7,73,26,91,73,14,204,66,4,70,274
11/04/2020,FAR,ND,AGL,CE,Combined TRACON& Tower with Radar,25,71,29,3,128,0,14,47,7,68,25,85,76,10,196,92,2,94,290
11/05/2020,FAR,ND,AGL,CE,Combined TRACON& Tower with Radar,30,85,49,7,171,0,22,49,13,84,30,107,98,20,255,94,4,98,353
11/06/2020,FAR,ND,AGL,CE,Combined TRACON& Tower with Radar,28,82,30,2,142,0,9,42,4,55,28,91,72,6,197,149,0,149,346
11/07/2020,FAR,ND,AGL,CE,Combined TRACON& Tower with Radar,25,41,24,1,91,0,5,33,0,38,25,46,57,1,129,33,0,33,162
11/08/2020,FAR,ND,AGL,CE,Combined TRACON& Tower with Radar,28,28,11,4,71,0,8,5,1,14,28,36,16,5,85,1,0,1,86
11/09/2020,FAR,ND,AGL,CE,Combined TRACON& Tower with Radar,21,48,30,20,119,0,7,11,0,18,21,55,41,20,137,46,72,118,255
11/10/2020,FAR,ND,AGL,CE,Combined TRACON& Tower with Radar,29,66,22,3,120,0,17,26,5,48,29,83,48,8,168,98,0,98,266
11/11/2020,FAR,ND,AGL,CE,Combined TRACON& Tower with Radar,27,74,44,0,145,0,4,38,0,42,27,78,82,0,187,140,0,140,327
11/12/2020,FAR,ND,AGL,CE,Combined TRACON& Tower with Radar,30,80,26,0,136,0,3,28,4,35,30,83,54,4,171,65,0,65,236
11/13/2020,FAR,ND,AGL,CE,Combined TRACON& Tower with Radar,29,67,25,1,122,0,5,43,1,49,29,72,68,2,171,43,0,43,214
11/14/2020,FAR,ND,AGL,CE,Combined TRACON& Tower with Radar,25,53,16,1,95,0,12,29,1,42,25,65,45,2,137,101,0,101,238
11/15/2020,FAR,ND,AGL,CE,Combined TRACON& Tower with Radar,28,27,23,0,78,0,2,8,0,10,28,29,31,0,88,9,0,9,97
11/16/2020,FAR,ND,AGL,CE,Combined TRACON& Tower with Radar,23,52,29,0,104,0,10,26,0,36,23,62,55,0,140,49,0,49,189
11/17/2020,FAR,ND,AGL,CE,Combined TRACON& Tower with Radar,29,64,40,1,134,0,8,39,3,50,29,72,79,4,184,62,0,62,246
11/18/2020,FAR,ND,AGL,CE,Combined TRACON& Tower with Radar,26,68,40,6,140,0,8,27,4,39,26,76,67,10,179,54,10,64,243
11/19/2020,FAR,ND,AGL,CE,Combined TRACON& Tower with Radar,30,83,31,0,144,0,0,5,0,5,30,83,36,0,149,20,2,22,171
11/20/2020,FAR,ND,AGL,CE,Combined TRACON& Tower with Radar,32,65,30,2,129,0,7,26,1,34,32,72,56,3,163,111,0,111,274
11/21/2020,FAR,ND,AGL,CE,Combined TRACON& Tower with Radar,25,38,18,1,82,0,10,25,1,36,25,48,43,2,118,51,0,51,169
11/22/2020,FAR,ND,AGL,CE,Combined TRACON& Tower with Radar,32,27,17,0,76,0,1,18,0,19,32,28,35,0,95,32,0,32,127
11/23/2020,FAR,ND,AGL,CE,Combined TRACON& Tower with Radar,27,45,20,12,104,0,12,18,0,30,27,57,38,12,134,80,22,102,236
11/24/2020,FAR,ND,AGL,CE,Combined TRACON& Tower with Radar,37,70,12,0,119,0,0,0,0,0,37,70,12,0,119,0,0,0,119
11/25/2020,FAR,ND,AGL,CE,Combined TRACON& Tower with Radar,38,68,30,16,152,0,0,4,0,4,38,68,34,16,156,24,0,24,180
11/26/2020,FAR,ND,AGL,CE,Combined TRACON& Tower with Radar,14,12,9,0,35,0,0,13,0,13,14,12,22,0,48,21,0,21,69
11/27/2020,FAR,ND,AGL,CE,Combined TRACON& Tower with Radar,27,66,20,2,115,0,12,24,0,36,27,78,44,2,151,64,0,64,215
11/28/2020,FAR,ND,AGL,CE,Combined TRACON& Tower with Radar,29,50,14,0,93,1,4,37,0,42,30,54,51,0,135,65,0,65,200
11/29/2020,FAR,ND,AGL,CE,Combined TRACON& Tower with Radar,32,19,31,0,82,0,7,21,0,28,32,26,52,0,110,23,0,23,133
11/30/2020,FAR,ND,AGL,CE,Combined TRACON& Tower with Radar,28,60,39,3,130,0,23,48,1,72,28,83,87,4,202,75,6,81,283
12/01/2020,FAR,ND,AGL,CE,Combined TRACON& Tower with Radar,35,68,45,4,152,0,14,51,2,67,35,82,96,6,219,112,4,116,335
12/02/2020,FAR,ND,AGL,CE,Combined TRACON& Tower with Radar,26,64,42,0,132,0,4,22,4,30,26,68,64,4,162,72,0,72,234
12/03/2020,FAR,ND,AGL,CE,Combined TRACON& Tower with Radar,37,85,45,3,170,0,10,50,1,61,37,95,95,4,231,86,8,94,325
12/04/2020,FAR,ND,AGL,CE,Combined TRACON& Tower with Radar,29,92,37,1,159,0,15,60,0,75,29,107,97,1,234,123,0,123,357
12/05/2020,FAR,ND,AGL,CE,Combined TRACON& Tower with Radar,22,34,19,4,79,0,2,63,4,69,22,36,82,8,148,98,2,100,248
12/06/2020,FAR,ND,AGL,CE,Combined TRACON& Tower with Radar,30,18,26,0,74,0,6,36,2,44,30,24,62,2,118,26,7,33,151
12/07/2020,FAR,ND,AGL,CE,Combined TRACON& Tower with Radar,25,62,32,5,124,0,15,60,0,75,25,77,92,5,199,166,18,184,383
12/08/2020,FAR,ND,AGL,CE,Combined TRACON& Tower with Radar,29,74,46,9,158,0,9,50,5,64,29,83,96,14,222,60,16,76,298
12/09/2020,FAR,ND,AGL,CE,Combined TRACON& Tower with Radar,28,66,39,4,137,0,8,55,2,65,28,74,94,6,202,175,8,183,385
12/10/2020,FAR,ND,AGL,CE,Combined TRACON& Tower with Radar,33,64,29,0,126,0,2,2,8,12,33,66,31,8,138,74,4,78,216
12/11/2020,FAR,ND,AGL,CE,Combined TRACON& Tower with Radar,29,68,13,0,110,0,0,0,0,0,29,68,13,0,110,0,0,0,110
12/12/2020,FAR,ND,AGL,CE,Combined TRACON& Tower with Radar,22,38,11,0,71,0,0,0,0,0,22,38,11,0,71,0,0,0,71
12/13/2020,FAR,ND,AGL,CE,Combined TRACON& Tower with Radar,26,18,11,0,55,0,0,1,2,3,26,18,12,2,58,8,4,12,70
12/14/2020,FAR,ND,AGL,CE,Combined TRACON& Tower with Radar,28,43,37,1,109,0,7,27,5,39,28,50,64,6,148,104,1,105,253
12/15/2020,FAR,ND,AGL,CE,Combined TRACON& Tower with Radar,30,62,45,2,139,0,12,23,0,35,30,74,68,2,174,72,0,72,246
12/16/2020,FAR,ND,AGL,CE,Combined TRACON& Tower with Radar,29,62,40,0,131,0,3,29,4,36,29,65,69,4,167,66,0,66,233
12/17/2020,FAR,ND,AGL,CE,Combined TRACON& Tower with Radar,37,63,33,0,133,0,1,18,10,29,37,64,51,10,162,20,2,22,184
12/18/2020,FAR,ND,AGL,CE,Combined TRACON& Tower with Radar,29,66,35,0,130,0,0,12,2,14,29,66,47,2,144,50,0,50,194
12/19/2020,FAR,ND,AGL,CE,Combined TRACON& Tower with Radar,27,47,28,0,102,0,5,38,0,43,27,52,66,0,145,94,0,94,239
12/20/2020,FAR,ND,AGL,CE,Combined TRACON& Tower with Radar,26,33,15,0,74,0,0,24,0,24,26,33,39,0,98,102,0,102,200
12/21/2020,FAR,ND,AGL,CE,Combined TRACON& Tower with Radar,27,48,30,4,109,0,0,24,0,24,27,48,54,4,133,49,0,49,182
12/22/2020,FAR,ND,AGL,CE,Combined TRACON& Tower with Radar,36,66,23,1,126,0,1,20,9,30,36,67,43,10,156,66,0,66,222
12/23/2020,FAR,ND,AGL,CE,Combined TRACON& Tower with Radar,18,16,3,0,37,0,0,0,1,1,18,16,3,1,38,0,0,0,38
12/24/2020,FAR,ND,AGL,CE,Combined TRACON& Tower with Radar,30,60,11,0,101,0,3,2,0,5,30,63,13,0,106,0,0,0,106
12/25/2020,FAR,ND,AGL,CE,Combined TRACON& Tower with Radar,6,20,6,0,32,0,0,2,0,2,6,20,8,0,34,0,0,0,34
12/26/2020,FAR,ND,AGL,CE,Combined TRACON& Tower with Radar,22,35,26,0,83,0,0,22,0,22,22,35,48,0,105,23,0,23,128
12/27/2020,FAR,ND,AGL,CE,Combined TRACON& Tower with Radar,24,27,22,0,73,0,0,2,1,3,24,27,24,1,76,0,0,0,76
12/28/2020,FAR,ND,AGL,CE,Combined TRACON& Tower with Radar,21,39,18,2,80,0,0,39,0,39,21,39,57,2,119,44,0,44,163
12/29/2020,FAR,ND,AGL,CE,Combined TRACON& Tower with Radar,28,65,9,0,102,0,2,9,0,11,28,67,18,0,113,23,10,33,146
12/30/2020,FAR,ND,AGL,CE,Combined TRACON& Tower with Radar,30,63,20,0,113,0,1,30,9,40,30,64,50,9,153,74,12,86,239
12/31/2020,FAR,ND,AGL,CE,Combined TRACON& Tower with Radar,24,67,19,1,111,0,6,37,7,50,24,73,56,8,161,58,30,88,249
01/01/2021,FAR,ND,AGL,CE,Combined TRACON& Tower with Radar,14,28,4,0,46,0,0,0,0,0,14,28,4,0,46,0,0,0,46
01/02/2021,FAR,ND,AGL,CE,Combined TRACON& Tower with Radar,21,32,28,0,81,0,0,26,0,26,21,32,54,0,107,26,0,26,133
01/03/2021,FAR,ND,AGL,CE,Combined TRACON& Tower with Radar,24,21,27,0,72,0,2,42,0,44,24,23,69,0,116,42,10,52,168
01/04/2021,FAR,ND,AGL,CE,Combined TRACON& Tower with Radar,23,46,29,7,105,0,2,45,3,50,23,48,74,10,155,61,4,65,220
01/05/2021,FAR,ND,AGL,CE,Combined TRACON& Tower with Radar,31,60,28,1,120,0,0,29,11,40,31,60,57,12,160,55,24,79,239
01/06/2021,FAR,ND,AGL,CE,Combined TRACON& Tower with Radar,26,63,36,7,132,0,0,41,8,49,26,63,77,15,181,94,54,148,329
01/07/2021,FAR,ND,AGL,CE,Combined TRACON& Tower with Radar,30,55,23,9,117,0,0,0,0,0,30,55,23,9,117,0,0,0,117
01/08/2021,FAR,ND,AGL,CE,Combined TRACON& Tower with Radar,30,53,12,0,95,0,0,0,0,0,30,53,12,0,95,0,0,0,95
01/09/2021,FAR,ND,AGL,CE,Combined TRACON& Tower with Radar,22,32,4,0,58,0,0,0,0,0,22,32,4,0,58,0,0,0,58
01/10/2021,FAR,ND,AGL,CE,Combined TRACON& Tower with Radar,27,15,26,2,70,0,2,27,8,37,27,17,53,10,107,44,18,62,169
01/11/2021,FAR,ND,AGL,CE,Combined TRACON& Tower with Radar,24,41,55,4,124,0,0,45,1,46,24,41,100,5,170,121,0,121,291
01/12/2021,FAR,ND,AGL,CE,Combined TRACON& Tower with Radar,27,74,49,7,157,0,11,45,2,58,27,85,94,9,215,110,2,112,327
01/13/2021,FAR,ND,AGL,CE,Combined TRACON& Tower with Radar,26,68,41,3,138,0,7,43,4,54,26,75,84,7,192,76,4,80,272
01/14/2021,FAR,ND,AGL,CE,Combined TRACON& Tower with Radar,32,30,29,6,97,0,1,2,0,3,32,31,31,6,100,0,0,0,100
01/15/2021,FAR,ND,AGL,CE,Combined TRACON& Tower with Radar,32,55,15,0,102,0,0,0,0,0,32,55,15,0,102,0,0,0,102
01/16/2021,FAR,ND,AGL,CE,Combined TRACON& Tower with Radar,23,27,11,0,61,0,0,8,0,8,23,27,19,0,69,14,0,14,83
01/17/2021,FAR,ND,AGL,CE,Combined TRACON& Tower with Radar,24,14,14,0,52,0,0,2,0,2,24,14,16,0,54,2,0,2,56
01/18/2021,FAR,ND,AGL,CE,Combined TRACON& Tower with Radar,26,43,31,0,100,0,0,1,0,1,26,43,32,0,101,12,0,12,113
01/19/2021,FAR,ND,AGL,CE,Combined TRACON& Tower with Radar,27,71,20,0,118,0,4,18,2,24,27,75,38,2,142,51,0,51,193
01/20/2021,FAR,ND,AGL,CE,Combined TRACON& Tower with Radar,26,46,38,0,110,0,0,16,6,22,26,46,54,6,132,16,0,16,148
01/21/2021,FAR,ND,AGL,CE,Combined TRACON& Tower with Radar,34,61,37,12,144,0,6,22,4,32,34,67,59,16,176,40,48,88,264
01/22/2021,FAR,ND,AGL,CE,Combined TRACON& Tower with Radar,30,53,35,0,118,0,2,21,2,25,30,55,56,2,143,104,2,106,249
01/23/2021,FAR,ND,AGL,CE,Combined TRACON& Tower with Radar,22,31,13,0,66,0,2,7,0,9,22,33,20,0,75,32,0,32,107
01/24/2021,FAR,ND,AGL,CE,Combined TRACON& Tower with Radar,29,17,22,0,68,0,10,47,2,59,29,27,69,2,127,85,2,87,214
01/25/2021,FAR,ND,AGL,CE,Combined TRACON& Tower with Radar,25,42,29,1,97,0,3,38,5,46,25,45,67,6,143,113,0,113,256
01/26/2021,FAR,ND,AGL,CE,Combined TRACON& Tower with Radar,26,61,35,0,122,0,2,2,0,4,26,63,37,0,126,18,0,18,144
01/27/2021,FAR,ND,AGL,CE,Combined TRACON& Tower with Radar,26,59,37,0,122,0,2,23,2,27,26,61,60,2,149,91,0,91,240
01/28/2021,FAR,ND,AGL,CE,Combined TRACON& Tower with Radar,34,53,23,0,110,0,6,10,5,21,34,59,33,5,131,11,16,27,158
01/29/2021,FAR,ND,AGL,CE,Combined TRACON& Tower with Radar,31,66,29,0,126,0,0,0,0,0,31,66,29,0,126,0,0,0,126
01/30/2021,FAR,ND,AGL,CE,Combined TRACON& Tower with Radar,22,26,10,0,58,0,0,0,0,0,22,26,10,0,58,0,0,0,58
01/31/2021,FAR,ND,AGL,CE,Combined TRACON& Tower with Radar,29,17,12,0,58,0,0,12,0,12,29,17,24,0,70,40,0,40,110
02/01/2021,FAR,ND,AGL,CE,Combined TRACON& Tower with Radar,26,35,18,0,79,0,0,4,0,4,26,35,22,0,83,10,0,10,93
02/02/2021,FAR,ND,AGL,CE,Combined TRACON& Tower with Radar,26,63,26,0,115,0,0,0,0,0,26,63,26,0,115,2,0,2,117
02/03/2021,FAR,ND,AGL,CE,Combined TRACON& Tower with Radar,26,57,20,0,103,0,0,0,0,0,26,57,20,0,103,2,1,3,106
02/04/2021,FAR,ND,AGL,CE,Combined TRACON& Tower with Radar,35,50,30,0,115,0,0,11,2,13,35,50,41,2,128,2,4,6,134
02/05/2021,FAR,ND,AGL,CE,Combined TRACON& Tower with Radar,31,54,39,0,124,0,0,18,0,18,31,54,57,0,142,20,0,20,162
02/06/2021,FAR,ND,AGL,CE,Combined TRACON& Tower with Radar,22,22,9,0,53,0,2,24,1,27,22,24,33,1,80,26,0,26,106
02/07/2021,FAR,ND,AGL,CE,Combined TRACON& Tower with Radar,27,28,11,0,66,0,1,20,1,22,27,29,31,1,88,9,0,9,97
02/08/2021,FAR,ND,AGL,CE,Combined TRACON& Tower with Radar,23,41,36,2,102,0,6,18,2,26,23,47,54,4,128,61,4,65,193
02/09/2021,FAR,ND,AGL,CE,Combined TRACON& Tower with Radar,30,67,33,0,130,0,18,27,0,45,30,85,60,0,175,47,6,53,228
02/10/2021,FAR,ND,AGL,CE,Combined TRACON& Tower with Radar,30,63,41,6,140,0,8,25,4,37,30,71,66,10,177,71,10,81,258
02/11/2021,FAR,ND,AGL,CE,Combined TRACON& Tower with Radar,32,47,40,9,128,0,3,14,0,17,32,50,54,9,145,42,32,74,219
02/12/2021,FAR,ND,AGL,CE,Combined TRACON& Tower with Radar,32,64,26,0,122,0,5,16,0,21,32,69,42,0,143,85,0,85,228
02/13/2021,FAR,ND,AGL,CE,Combined TRACON& Tower with Radar,34,37,14,0,85,0,0,3,0,3,34,37,17,0,88,64,1,65,153
02/14/2021,FAR,ND,AGL,CE,Combined TRACON& Tower with Radar,29,12,22,0,63,0,2,18,0,20,29,14,40,0,83,38,0,38,121
02/15/2021,FAR,ND,AGL,CE,Combined TRACON& Tower with Radar,20,57,34,0,111,0,8,10,0,18,20,65,44,0,129,44,0,44,173
02/16/2021,FAR,ND,AGL,CE,Combined TRACON& Tower with Radar,21,66,26,0,113,0,14,23,6,43,21,80,49,6,156,138,0,138,294
02/17/2021,FAR,ND,AGL,CE,Combined TRACON& Tower with Radar,24,46,51,0,121,0,0,3,0,3,24,46,54,0,124,44,22,66,190
02/18/2021,FAR,ND,AGL,CE,Combined TRACON& Tower with Radar,30,59,37,6,132,0,2,16,4,22,30,61,53,10,154,6,5,11,165
02/19/2021,FAR,ND,AGL,CE,Combined TRACON& Tower with Radar,28,66,28,4,126,0,10,41,7,58,28,76,69,11,184,130,2,132,316
02/20/2021,FAR,ND,AGL,CE,Combined TRACON& Tower with Radar,28,35,22,1,86,0,4,43,7,54,28,39,65,8,140,103,0,103,243
02/21/2021,FAR,ND,AGL,CE,Combined TRACON& Tower with Radar,34,16,32,0,82,0,3,48,3,54,34,19,80,3,136,116,13,129,265
02/22/2021,FAR,ND,AGL,CE,Combined TRACON& Tower with Radar,29,35,22,0,86,0,4,19,2,25,29,39,41,2,111,86,0,86,197
02/23/2021,FAR,ND,AGL,CE,Combined TRACON& Tower with Radar,30,74,21,0,125,0,4,15,2,21,30,78,36,2,146,110,0,110,256
02/24/2021,FAR,ND,AGL,CE,Combined TRACON& Tower with Radar,30,65,59,0,154,0,0,25,6,31,30,65,84,6,185,80,30,110,295
02/25/2021,FAR,ND,AGL,CE,Combined TRACON& Tower with Radar,39,69,32,5,145,0,9,43,7,59,39,78,75,12,204,101,4,105,309
02/26/2021,FAR,ND,AGL,CE,Combined TRACON& Tower with Radar,35,64,29,4,132,0,7,32,0,39,35,71,61,4,171,134,15,149,320
02/27/2021,FAR,ND,AGL,CE,Combined TRACON& Tower with Radar,29,30,22,0,81,0,0,0,0,0,29,30,22,0,81,0,0,0,81
02/28/2021,FAR,ND,AGL,CE,Combined TRACON& Tower with Radar,32,23,20,0,75,0,9,53,5,67,32,32,73,5,142,58,0,58,200
03/01/2021,FAR,ND,AGL,CE,Combined TRACON& Tower with Radar,31,50,23,0,104,0,8,23,0,31,31,58,46,0,135,151,0,151,286
03/02/2021,FAR,ND,AGL,CE,Combined TRACON& Tower with Radar,32,77,33,2,144,0,9,48,2,59,32,86,81,4,203,124,0,124,327
03/03/2021,FAR,ND,AGL,CE,Combined TRACON& Tower with Radar,37,68,38,2,145,0,10,35,4,49,37,78,73,6,194,200,2,202,396
03/04/2021,FAR,ND,AGL,CE,Combined TRACON& Tower with Radar,38,78,46,2,164,0,20,42,13,75,38,98,88,15,239,188,4,192,431
03/05/2021,FAR,ND,AGL,CE,Combined TRACON& Tower with Radar,33,61,45,11,150,0,10,55,3,68,33,71,100,14,218,56,34,90,308
03/06/2021,FAR,ND,AGL,CE,Combined TRACON& Tower with Radar,29,31,22,0,82,0,6,39,0,45,29,37,61,0,127,52,0,52,179
03/07/2021,FAR,ND,AGL,CE,Combined TRACON& Tower with Radar,36,24,20,4,84,0,6,39,0,45,36,30,59,4,129,20,0,20,149
03/08/2021,FAR,ND,AGL,CE,Combined TRACON& Tower with Radar,28,54,33,0,115,0,12,37,1,50,28,66,70,1,165,105,1,106,271
03/09/2021,FAR,ND,AGL,CE,Combined TRACON& Tower with Radar,39,57,38,0,134,0,7,22,0,29,39,64,60,0,163,14,0,14,177
03/10/2021,FAR,ND,AGL,CE,Combined TRACON& Tower with Radar,34,64,36,2,136,0,0,0,0,0,34,64,36,2,136,2,0,2,138
03/11/2021,FAR,ND,AGL,CE,Combined TRACON& Tower with Radar,42,65,61,0,168,0,14,41,5,60,42,79,102,5,228,123,0,123,351
03/12/2021,FAR,ND,AGL,CE,Combined TRACON& Tower with Radar,33,70,44,7,154,0,9,49,2,60,33,79,93,9,214,144,0,144,358
03/13/2021,FAR,ND,AGL,CE,Combined TRACON& Tower with Radar,28,44,24,0,96,0,10,21,0,31,28,54,45,0,127,113,9,122,249
03/14/2021,FAR,ND,AGL,CE,Combined TRACON& Tower with Radar,32,12,18,0,62,0,4,17,3,24,32,16,35,3,86,75,0,75,161
03/15/2021,FAR,ND,AGL,CE,Combined TRACON& Tower with Radar,30,31,33,0,94,0,0,9,0,9,30,31,42,0,103,19,0,19,122
03/16/2021,FAR,ND,AGL,CE,Combined TRACON& Tower with Radar,40,58,23,2,123,0,0,1,0,1,40,58,24,2,124,51,0,51,175
03/17/2021,FAR,ND,AGL,CE,Combined TRACON& Tower with Radar,33,64,42,0,139,0,0,20,0,20,33,64,62,0,159,62,0,62,221
03/18/2021,FAR,ND,AGL,CE,Combined TRACON& Tower with Radar,41,62,47,3,153,0,23,39,7,69,41,85,86,10,222,115,1,116,338
03/19/2021,FAR,ND,AGL,CE,Combined TRACON& Tower with Radar,34,55,25,4,118,0,16,20,4,40,34,71,45,8,158,64,12,76,234
03/20/2021,FAR,ND,AGL,CE,Combined TRACON& Tower with Radar,34,30,20,0,84,0,6,12,0,18,34,36,32,0,102,8,0,8,110
03/21/2021,FAR,ND,AGL,CE,Combined TRACON& Tower with Radar,42,9,21,0,72,0,2,16,0,18,42,11,37,0,90,23,1,24,114
03/22/2021,FAR,ND,AGL,CE,Combined TRACON& Tower with Radar,30,39,35,0,104,0,17,45,5,67,30,56,80,5,171,150,0,150,321
03/23/2021,FAR,ND,AGL,CE,Combined TRACON& Tower with Radar,37,64,32,4,137,0,2,43,5,50,37,66,75,9,187,154,2,156,343
03/24/2021,FAR,ND,AGL,CE,Combined TRACON& Tower with Radar,32,70,41,18,161,0,16,28,10,54,32,86,69,28,215,74,90,164,379
03/25/2021,FAR,ND,AGL,CE,Combined TRACON& Tower with Radar,41,68,37,15,161,0,8,49,5,62,41,76,86,20,223,141,26,167,390
03/26/2021,FAR,ND,AGL,CE,Combined TRACON& Tower with Radar,38,62,28,5,133,0,2,22,0,24,38,64,50,5,157,76,0,76,233
03/27/2021,FAR,ND,AGL,CE,Combined TRACON& Tower with Radar,29,36,25,0,90,0,6,12,0,18,29,42,37,0,108,30,0,30,138
03/28/2021,FAR,ND,AGL,CE,Combined TRACON& Tower with Radar,39,16,29,1,85,0,4,45,3,52,39,20,74,4,137,35,0,35,172
03/29/2021,FAR,ND,AGL,CE,Combined TRACON& Tower with Radar,25,26,15,0,66,0,5,3,0,8,25,31,18,0,74,28,0,28,102
03/30/2021,FAR,ND,AGL,CE,Combined TRACON& Tower with Radar,42,70,20,0,132,0,0,1,0,1,42,70,21,0,133,4,0,4,137
03/31/2021,FAR,ND,AGL,CE,Combined TRACON& Tower with Radar,36,75,54,9,174,0,20,52,11,83,36,95,106,20,257,122,40,162,419
04/01/2021,FAR,ND,AGL,CE,Combined TRACON& Tower with Radar,43,77,42,1,163,0,10,46,4,60,43,87,88,5,223,105,0,105,328
04/02/2021,FAR,ND,AGL,CE,Combined TRACON& Tower with Radar,36,67,26,0,129,0,26,20,0,46,36,93,46,0,175,51,1,52,227
04/03/2021,FAR,ND,AGL,CE,Combined TRACON& Tower with Radar,32,30,15,0,77,0,13,67,1,81,32,43,82,1,158,48,0,48,206
04/04/2021,FAR,ND,AGL,CE,Combined TRACON& Tower with Radar,41,14,25,0,80,0,1,13,0,14,41,15,38,0,94,0,0,0,94
04/05/2021,FAR,ND,AGL,CE,Combined TRACON& Tower with Radar,31,52,59,0,142,0,14,40,2,56,31,66,99,2,198,85,0,85,283
04/06/2021,FAR,ND,AGL,CE,Combined TRACON& Tower with Radar,36,70,31,0,137,0,19,17,0,36,36,89,48,0,173,94,1,95,268
04/07/2021,FAR,ND,AGL,CE,Combined TRACON& Tower with Radar,34,67,48,0,149,0,6,9,0,15,34,73,57,0,164,4,0,4,168
04/08/2021,FAR,ND,AGL,CE,Combined TRACON& Tower with Radar,42,65,53,0,160,0,0,0,0,0,42,65,53,0,160,5,0,5,165
04/09/2021,FAR,ND,AGL,CE,Combined TRACON& Tower with Radar,39,62,52,9,162,0,6,7,0,13,39,68,59,9,175,56,6,62,237
04/10/2021,FAR,ND,AGL,CE,Combined TRACON& Tower with Radar,34,41,33,3,111,0,12,48,2,62,34,53,81,5,173,113,0,113,286
04/11/2021,FAR,ND,AGL,CE,Combined TRACON& Tower with Radar,33,26,32,2,93,0,8,23,3,34,33,34,55,5,127,68,0,68,195
04/12/2021,FAR,ND,AGL,CE,Combined TRACON& Tower with Radar,32,40,17,2,91,0,0,0,0,0,32,40,17,2,91,3,0,3,94
04/13/2021,FAR,ND,AGL,CE,Combined TRACON& Tower with Radar,32,72,40,0,144,0,0,0,0,0,32,72,40,0,144,2,0,2,146
04/14/2021,FAR,ND,AGL,CE,Combined TRACON& Tower with Radar,30,54,50,2,136,0,2,4,0,6,30,56,54,2,142,6,0,6,148
04/15/2021,FAR,ND,AGL,CE,Combined TRACON& Tower with Radar,38,66,59,0,163,0,2,4,7,13,38,68,63,7,176,16,0,16,192
04/16/2021,FAR,ND,AGL,CE,Combined TRACON& Tower with Radar,35,60,36,0,131,0,11,58,2,71,35,71,94,2,202,106,0,106,308
04/17/2021,FAR,ND,AGL,CE,Combined TRACON& Tower with Radar,25,47,22,0,94,0,16,57,0,73,25,63,79,0,167,60,0,60,227
04/18/2021,FAR,ND,AGL,CE,Combined TRACON& Tower with Radar,29,17,28,0,74,0,2,15,0,17,29,19,43,0,91,9,3,12,103
04/19/2021,FAR,ND,AGL,CE,Combined TRACON& Tower with Radar,33,50,36,0,119,0,26,27,2,55,33,76,63,2,174,89,7,96,270
04/20/2021,FAR,ND,AGL,CE,Combined TRACON& Tower with Radar,35,71,39,0,145,0,12,48,0,60,35,83,87,0,205,119,0,119,324
04/21/2021,FAR,ND,AGL,CE,Combined TRACON& Tower with Radar,32,52,42,3,129,0,30,53,5,88,32,82,95,8,217,112,0,112,329
04/22/2021,FAR,ND,AGL,CE,Combined TRACON& Tower with Radar,38,92,43,0,173,0,26,57,10,93,38,118,100,10,266,106,19,125,391
04/23/2021,FAR,ND,AGL,CE,Combined TRACON& Tower with Radar,35,56,26,2,119,0,2,5,0,7,35,58,31,2,126,57,20,77,203
04/24/2021,FAR,ND,AGL,CE,Combined TRACON& Tower with Radar,30,38,23,0,91,0,20,65,0,85,30,58,88,0,176,131,0,131,307
04/25/2021,FAR,ND,AGL,CE,Combined TRACON& Tower with Radar,30,15,26,0,71,0,1,6,0,7,30,16,32,0,78,4,0,4,82
04/26/2021,FAR,ND,AGL,CE,Combined TRACON& Tower with Radar,31,47,55,2,135,0,0,8,2,10,31,47,63,4,145,145,20,165,310
04/27/2021,FAR,ND,AGL,CE,Combined TRACON& Tower with Radar,34,70,39,7,150,0,17,54,14,85,34,87,93,21,235,153,28,181,416
04/28/2021,FAR,ND,AGL,CE,Combined TRACON& Tower with Radar,34,70,75,3,182,0,0,45,8,53,34,70,120,11,235,120,0,120,355
04/29/2021,FAR,ND,AGL,CE,Combined TRACON& Tower with Radar,37,54,42,0,133,0,12,32,7,51,37,66,74,7,184,48,0,48,232
04/30/2021,FAR,ND,AGL,CE,Combined TRACON& Tower with Radar,38,72,41,2,153,0,16,56,1,73,38,88,97,3,226,106,1,107,333
05/01/2021,FAR,ND,AGL,CE,Combined TRACON& Tower with Radar,24,44,25,2,95,0,11,46,6,63,24,55,71,8,158,82,6,88,246
05/02/2021,FAR,ND,AGL,CE,Combined TRACON& Tower with Radar,30,19,33,3,85,0,2,33,2,37,30,21,66,5,122,62,2,64,186
05/03/2021,FAR,ND,AGL,CE,Combined TRACON& Tower with Radar,34,38,38,3,113,0,14,3,0,17,34,52,41,3,130,29,0,29,159
05/04/2021,FAR,ND,AGL,CE,Combined TRACON& Tower with Radar,32,90,39,5,166,0,31,70,4,105,32,121,109,9,271,60,6,66,337
05/05/2021,FAR,ND,AGL,CE,Combined TRACON& Tower with Radar,30,58,44,1,133,0,8,29,6,43,30,66,73,7,176,82,2,84,260
05/06/2021,FAR,ND,AGL,CE,Combined TRACON& Tower with Radar,34,72,46,1,153,0,20,39,13,72,34,92,85,14,225,39,6,45,270
05/07/2021,FAR,ND,AGL,CE,Combined TRACON& Tower with Radar,37,74,36,4,151,0,14,44,6,64,37,88,80,10,215,108,8,116,331
05/08/2021,FAR,ND,AGL,CE,Combined TRACON& Tower with Radar,30,48,25,2,105,0,10,54,0,64,30,58,79,2,169,70,0,70,239
05/09/2021,FAR,ND,AGL,CE,Combined TRACON& Tower with Radar,32,10,22,0,64,0,6,24,0,30,32,16,46,0,94,89,0,89,183
05/10/2021,FAR,ND,AGL,CE,Combined TRACON& Tower with Radar,35,47,49,2,133,0,7,57,2,66,35,54,106,4,199,46,0,46,245
05/11/2021,FAR,ND,AGL,CE,Combined TRACON& Tower with Radar,35,60,48,1,144,0,7,47,3,57,35,67,95,4,201,111,18,129,330
05/12/2021,FAR,ND,AGL,CE,Combined TRACON& Tower with Radar,34,84,58,1,177,0,9,45,7,61,34,93,103,8,238,104,18,122,360
05/13/2021,FAR,ND,AGL,CE,Combined TRACON& Tower with Radar,36,57,64,3,160,0,10,39,3,52,36,67,103,6,212,32,0,32,244
05/14/2021,FAR,ND,AGL,CE,Combined TRACON& Tower with Radar,37,67,51,1,156,0,7,38,5,50,37,74,89,6,206,78,24,102,308
05/15/2021,FAR,ND,AGL,CE,Combined TRACON& Tower with Radar,29,38,16,4,87,0,15,45,4,64,29,53,61,8,151,74,0,74,225
05/16/2021,FAR,ND,AGL,CE,Combined TRACON& Tower with Radar,32,15,15,0,62,0,1,32,1,34,32,16,47,1,96,41,0,41,137
05/17/2021,FAR,ND,AGL,CE,Combined TRACON& Tower with Radar,37,68,37,0,142,0,5,43,2,50,37,73,80,2,192,86,0,86,278
05/18/2021,FAR,ND,AGL,CE,Combined TRACON& Tower with Radar,37,84,36,3,160,0,2,24,1,27,37,86,60,4,187,49,2,51,238
05/19/2021,FAR,ND,AGL,CE,Combined TRACON& Tower with Radar,37,56,58,7,158,0,3,33,1,37,37,59,91,8,195,82,44,126,321
05/20/2021,FAR,ND,AGL,CE,Combined TRACON& Tower with Radar,36,51,48,0,135,0,1,10,0,11,36,52,58,0,146,10,0,10,156
05/21/2021,FAR,ND,AGL,CE,Combined TRACON& Tower with Radar,38,72,52,2,164,0,2,25,2,29,38,74,77,4,193,24,16,40,233
05/22/2021,FAR,ND,AGL,CE,Combined TRACON& Tower with Radar,30,37,18,0,85,0,0,3,0,3,30,37,21,0,88,1,0,1,89
05/23/2021,FAR,ND,AGL,CE,Combined TRACON& Tower with Radar,32,18,31,0,81,0,0,2,0,2,32,18,33,0,83,10,0,10,93
05/24/2021,FAR,ND,AGL,CE,Combined TRACON& Tower with Radar,36,48,40,0,124,0,5,20,3,28,36,53,60,3,152,20,1,21,173
05/25/2021,FAR,ND,AGL,CE,Combined TRACON& Tower with Radar,35,62,35,2,134,0,5,11,2,18,35,67,46,4,152,10,6,16,168
05/26/2021,FAR,ND,AGL,CE,Combined TRACON& Tower with Radar,36,53,61,6,156,0,7,34,2,43,36,60,95,8,199,134,21,155,354
05/27/2021,FAR,ND,AGL,CE,Combined TRACON& Tower with Radar,36,64,37,0,137,0,19,31,2,52,36,83,68,2,189,149,0,149,338
05/28/2021,FAR,ND,AGL,CE,Combined TRACON& Tower with Radar,38,84,39,3,164,0,12,44,3,59,38,96,83,6,223,104,4,108,331
05/29/2021,FAR,ND,AGL,CE,Combined TRACON& Tower with Radar,27,26,16,0,69,0,6,8,1,15,27,32,24,1,84,11,2,13,97
05/30/2021,FAR,ND,AGL,CE,Combined TRACON& Tower with Radar,26,6,13,0,45,0,3,16,2,21,26,9,29,2,66,64,0,64,130
05/31/2021,FAR,ND,AGL,CE,Combined TRACON& Tower with Radar,30,25,19,0,74,0,10,56,0,66,30,35,75,0,140,74,0,74,214
06/01/2021,FAR,ND,AGL,CE,Combined TRACON& Tower with Radar,32,54,48,0,134,0,13,50,4,67,32,67,98,4,201,133,0,133,334
06/02/2021,FAR,ND,AGL,CE,Combined TRACON& Tower with Radar,42,66,40,4,152,0,33,51,5,89,42,99,91,9,241,230,6,236,477
06/03/2021,FAR,ND,AGL,CE,Combined TRACON& Tower with Radar,38,77,28,3,146,0,14,40,6,60,38,91,68,9,206,81,2,83,289
06/04/2021,FAR,ND,AGL,CE,Combined TRACON& Tower with Radar,36,62,33,3,134,0,6,42,5,53,36,68,75,8,187,82,0,82,269
06/05/2021,FAR,ND,AGL,CE,Combined TRACON& Tower with Radar,27,42,15,0,84,0,10,25,2,37,27,52,40,2,121,22,0,22,143
06/06/2021,FAR,ND,AGL,CE,Combined TRACON& Tower with Radar,26,19,25,2,72,0,4,20,4,28,26,23,45,6,100,27,0,27,127
06/07/2021,FAR,ND,AGL,CE,Combined TRACON& Tower with Radar,36,56,37,7,136,0,6,35,1,42,36,62,72,8,178,136,0,136,314
06/08/2021,FAR,ND,AGL,CE,Combined TRACON& Tower with Radar,35,64,58,16,173,0,21,30,5,56,35,85,88,21,229,67,32,99,328
06/09/2021,FAR,ND,AGL,CE,Combined TRACON& Tower with Radar,39,71,67,11,188,0,11,55,5,71,39,82,122,16,259,63,0,63,322
06/10/2021,FAR,ND,AGL,CE,Combined TRACON& Tower with Radar,35,71,66,8,180,0,21,34,11,66,35,92,100,19,246,98,2,100,346
06/11/2021,FAR,ND,AGL,CE,Combined TRACON& Tower with Radar,36,59,29,2,126,0,8,20,2,30,36,67,49,4,156,22,0,22,178
06/12/2021,FAR,ND,AGL,CE,Combined TRACON& Tower with Radar,29,49,19,0,97,0,18,55,12,85,29,67,74,12,182,116,0,116,298
06/13/2021,FAR,ND,AGL,CE,Combined TRACON& Tower with Radar,28,22,33,0,83,0,2,43,4,49,28,24,76,4,132,108,0,108,240
06/14/2021,FAR,ND,AGL,CE,Combined TRACON& Tower with Radar,33,45,42,5,125,0,4,55,1,60,33,49,97,6,185,135,0,135,320
06/15/2021,FAR,ND,AGL,CE,Combined TRACON& Tower with Radar,36,66,48,3,153,0,30,59,3,92,36,96,107,6,245,279,10,289,534
06/16/2021,FAR,ND,AGL,CE,Combined TRACON& Tower with Radar,36,66,58,0,160,0,16,32,0,48,36,82,90,0,208,128,0,128,336
06/17/2021,FAR,ND,AGL,CE,Combined TRACON& Tower with Radar,36,60,73,3,172,0,29,71,14,114,36,89,144,17,286,197,0,197,483
06/18/2021,FAR,ND,AGL,CE,Combined TRACON& Tower with Radar,38,72,42,4,156,0,4,66,0,70,38,76,108,4,226,87,0,87,313
06/19/2021,FAR,ND,AGL,CE,Combined TRACON& Tower with Radar,33,30,29,0,92,0,11,70,2,83,33,41,99,2,175,169,0,169,344
06/20/2021,FAR,ND,AGL,CE,Combined TRACON& Tower with Radar,30,20,35,0,85,0,2,1,0,3,30,22,36,0,88,22,0,22,110
06/21/2021,FAR,ND,AGL,CE,Combined TRACON& Tower with Radar,33,46,36,0,115,0,6,33,2,41,33,52,69,2,156,109,1,110,266
06/22/2021,FAR,ND,AGL,CE,Combined TRACON& Tower with Radar,36,76,48,5,165,0,18,48,2,68,36,94,96,7,233,205,0,205,438
06/23/2021,FAR,ND,AGL,CE,Combined TRACON& Tower with Radar,39,55,56,2,152,0,6,39,3,48,39,61,95,5,200,102,0,102,302
06/24/2021,FAR,ND,AGL,CE,Combined TRACON& Tower with Radar,35,80,40,6,161,0,16,66,6,88,35,96,106,12,249,162,20,182,431
06/25/2021,FAR,ND,AGL,CE,Combined TRACON& Tower with Radar,36,76,47,1,160,0,10,33,0,43,36,86,80,1,203,144,0,144,347
06/26/2021,FAR,ND,AGL,CE,Combined TRACON& Tower with Radar,30,42,33,0,105,0,4,14,0,18,30,46,47,0,123,10,1,11,134
06/27/2021,FAR,ND,AGL,CE,Combined TRACON& Tower with Radar,27,17,26,0,70,0,6,27,0,33,27,23,53,0,103,43,0,43,146
06/28/2021,FAR,ND,AGL,CE,Combined TRACON& Tower with Radar,34,43,62,0,139,0,3,34,5,42,34,46,96,5,181,144,0,144,325
06/29/2021,FAR,ND,AGL,CE,Combined TRACON& Tower with Radar,37,74,38,5,154,0,14,70,9,93,37,88,108,14,247,186,36,222,469
06/30/2021,FAR,ND,AGL,CE,Combined TRACON& Tower with Radar,38,76,50,5,169,0,22,66,3,91,38,98,116,8,260,226,18,244,504
07/01/2021,FAR,ND,AGL,CE,Combined TRACON& Tower with Radar,35,78,40,2,155,0,18,70,11,99,35,96,110,13,254,151,0,151,405
07/02/2021,FAR,ND,AGL,CE,Combined TRACON& Tower with Radar,32,71,46,2,151,0,5,70,4,79,32,76,116,6,230,141,6,147,377
07/03/2021,FAR,ND,AGL,CE,Combined TRACON& Tower with Radar,31,44,20,0,95,0,2,39,2,43,31,46,59,2,138,52,1,53,191
07/04/2021,FAR,ND,AGL,CE,Combined TRACON& Tower with Radar,25,14,10,0,49,0,4,17,0,21,25,18,27,0,70,38,0,38,108
07/05/2021,FAR,ND,AGL,CE,Combined TRACON& Tower with Radar,27,25,27,0,79,0,0,52,2,54,27,25,79,2,133,79,0,79,212
07/06/2021,FAR,ND,AGL,CE,Combined TRACON& Tower with Radar,28,72,41,9,150,0,4,14,0,18,28,76,55,9,168,134,24,158,326
07/07/2021,FAR,ND,AGL,CE,Combined TRACON& Tower with Radar,40,94,46,8,188,0,10,42,0,52,40,104,88,8,240,251,2,253,493
07/08/2021,FAR,ND,AGL,CE,Combined TRACON& Tower with Radar,35,85,36,6,162,0,10,42,6,58,35,95,78,12,220,190,4,194,414
07/09/2021,FAR,ND,AGL,CE,Combined TRACON& Tower with Radar,37,83,33,0,153,0,8,41,6,55,37,91,74,6,208,129,32,161,369
07/10/2021,FAR,ND,AGL,CE,Combined TRACON& Tower with Radar,32,56,26,0,114,0,8,45,1,54,32,64,71,1,168,275,0,275,443
07/11/2021,FAR,ND,AGL,CE,Combined TRACON& Tower with Radar,31,25,14,0,70,0,5,36,2,43,31,30,50,2,113,78,0,78,191
07/12/2021,FAR,ND,AGL,CE,Combined TRACON& Tower with Radar,31,57,53,0,141,0,12,44,0,56,31,69,97,0,197,228,0,228,425
07/13/2021,FAR,ND,AGL,CE,Combined TRACON& Tower with Radar,36,82,46,5,169,0,14,72,3,89,36,96,118,8,258,221,10,231,489
07/14/2021,FAR,ND,AGL,CE,Combined TRACON& Tower with Radar,38,64,56,0,158,0,17,42,2,61,38,81,98,2,219,280,36,316,535
07/15/2021,FAR,ND,AGL,CE,Combined TRACON& Tower with Radar,33,64,54,7,158,0,11,49,8,68,33,75,103,15,226,209,6,215,441
07/16/2021,FAR,ND,AGL,CE,Combined TRACON& Tower with Radar,34,64,53,1,152,0,22,44,5,71,34,86,97,6,223,140,4,144,367
07/17/2021,FAR,ND,AGL,CE,Combined TRACON& Tower with Radar,33,52,29,0,114,0,6,38,2,46,33,58,67,2,160,85,1,86,246
07/18/2021,FAR,ND,AGL,CE,Combined TRACON& Tower with Radar,29,17,31,0,77,0,3,21,2,26,29,20,52,2,103,38,1,39,142
07/19/2021,FAR,ND,AGL,CE,Combined TRACON& Tower with Radar,31,39,62,4,136,0,3,35,0,38,31,42,97,4,174,77,0,77,251
07/20/2021,FAR,ND,AGL,CE,Combined TRACON& Tower with Radar,33,83,62,1,179,0,0,33,2,35,33,83,95,3,214,226,2,228,442
07/21/2021,FAR,ND,AGL,CE,Combined TRACON& Tower with Radar,39,64,80,10,193,0,17,36,5,58,39,81,116,15,251,146,6,152,403
07/22/2021,FAR,ND,AGL,CE,Combined TRACON& Tower with Radar,34,66,46,4,150,0,8,57,1,66,34,74,103,5,216,166,22,188,404
07/23/2021,FAR,ND,AGL,CE,Combined TRACON& Tower with Radar,35,71,28,2,136,0,6,34,10,50,35,77,62,12,186,80,6,86,272
07/24/2021,FAR,ND,AGL,CE,Combined TRACON& Tower with Radar,33,38,10,0,81,0,5,41,5,51,33,43,51,5,132,58,0,58,190
07/25/2021,FAR,ND,AGL,CE,Combined TRACON& Tower with Radar,30,19,25,3,77,0,13,44,0,57,30,32,69,3,134,81,0,81,215
07/26/2021,FAR,ND,AGL,CE,Combined TRACON& Tower with Radar,32,60,38,4,134,0,8,60,2,70,32,68,98,6,204,161,2,163,367
07/27/2021,FAR,ND,AGL,CE,Combined TRACON& Tower with Radar,36,78,41,9,164,0,16,37,4,57,36,94,78,13,221,152,2,154,375
07/28/2021,FAR,ND,AGL,CE,Combined TRACON& Tower with Radar,40,72,54,0,166,0,12,44,0,56,40,84,98,0,222,128,12,140,362
07/29/2021,FAR,ND,AGL,CE,Combined TRACON& Tower with Radar,32,67,78,4,181,0,4,10,4,18,32,71,88,8,199,60,0,60,259
07/30/2021,FAR,ND,AGL,CE,Combined TRACON& Tower with Radar,37,74,62,1,174,0,0,4,0,4,37,74,66,1,178,39,1,40,218
07/31/2021,FAR,ND,AGL,CE,Combined TRACON& Tower with Radar,34,41,24,0,99,0,4,16,0,20,34,45,40,0,119,49,0,49,168
08/01/2021,FAR,ND,AGL,CE,Combined TRACON& Tower with Radar,28,19,25,0,72,0,6,25,0,31,28,25,50,0,103,46,0,46,149
08/02/2021,FAR,ND,AGL,CE,Combined TRACON& Tower with Radar,29,60,71,1,161,0,2,39,2,43,29,62,110,3,204,155,0,155,359
08/03/2021,FAR,ND,AGL,CE,Combined TRACON& Tower with Radar,32,81,52,5,170,0,5,48,10,63,32,86,100,15,233,158,4,162,395
08/04/2021,FAR,ND,AGL,CE,Combined TRACON& Tower with Radar,37,70,43,6,156,0,11,50,6,67,37,81,93,12,223,186,4,190,413
08/05/2021,FAR,ND,AGL,CE,Combined TRACON& Tower with Radar,33,87,51,2,173,0,13,22,8,43,33,100,73,10,216,54,0,54,270
08/06/2021,FAR,ND,AGL,CE,Combined TRACON& Tower with Radar,31,64,34,7,136,0,3,21,6,30,31,67,55,13,166,55,0,55,221
08/07/2021,FAR,ND,AGL,CE,Combined TRACON& Tower with Radar,32,47,19,0,98,0,1,11,0,12,32,48,30,0,110,26,0,26,136
08/08/2021,FAR,ND,AGL,CE,Combined TRACON& Tower with Radar,29,23,29,2,83,0,5,28,2,35,29,28,57,4,118,56,0,56,174
08/09/2021,FAR,ND,AGL,CE,Combined TRACON& Tower with Radar,27,46,37,0,110,0,9,27,0,36,27,55,64,0,146,115,0,115,261
08/10/2021,FAR,ND,AGL,CE,Combined TRACON& Tower with Radar,29,80,51,8,168,0,21,48,0,69,29,101,99,8,237,114,2,116,353
08/11/2021,FAR,ND,AGL,CE,Combined TRACON& Tower with Radar,35,83,68,3,189,0,11,52,5,68,35,94,120,8,257,128,1,129,386
08/12/2021,FAR,ND,AGL,CE,Combined TRACON& Tower with Radar,27,84,42,4,157,0,9,34,8,51,27,93,76,12,208,29,10,39,247
08/13/2021,FAR,ND,AGL,CE,Combined TRACON& Tower with Radar,34,78,30,4,146,0,11,40,3,54,34,89,70,7,200,160,18,178,378
08/14/2021,FAR,ND,AGL,CE,Combined TRACON& Tower with Radar,29,43,36,0,108,0,15,24,0,39,29,58,60,0,147,43,1,44,191
08/15/2021,FAR,ND,AGL,CE,Combined TRACON& Tower with Radar,24,20,20,0,64,0,3,19,0,22,24,23,39,0,86,20,0,20,106
08/16/2021,FAR,ND,AGL,CE,Combined TRACON& Tower with Radar,28,54,39,0,121,0,2,35,0,37,28,56,74,0,158,115,0,115,273
08/17/2021,FAR,ND,AGL,CE,Combined TRACON& Tower with Radar,26,62,55,2,145,0,15,30,0,45,26,77,85,2,190,115,16,131,321
08/18/2021,FAR,ND,AGL,CE,Combined TRACON& Tower with Radar,31,73,43,2,149,0,10,25,3,38,31,83,68,5,187,38,0,38,225
08/19/2021,FAR,ND,AGL,CE,Combined TRACON& Tower with Radar,30,65,55,10,160,0,13,35,10,58,30,78,90,20,218,85,0,85,303
08/20/2021,FAR,ND,AGL,CE,Combined TRACON& Tower with Radar,30,62,29,2,123,0,1,5,1,7,30,63,34,3,130,26,1,27,157
08/21/2021,FAR,ND,AGL,CE,Combined TRACON& Tower with Radar,23,39,21,1,84,0,14,33,0,47,23,53,54,1,131,94,0,94,225
08/22/2021,FAR,ND,AGL,CE,Combined TRACON& Tower with Radar,27,18,7,0,52,0,3,12,0,15,27,21,19,0,67,4,0,4,71
08/23/2021,FAR,ND,AGL,CE,Combined TRACON& Tower with Radar,26,51,36,0,113,0,11,69,0,80,26,62,105,0,193,195,0,195,388
08/24/2021,FAR,ND,AGL,CE,Combined TRACON& Tower with Radar,31,70,48,2,151,0,5,50,7,62,31,75,98,9,213,170,6,176,389
08/25/2021,FAR,ND,AGL,CE,Combined TRACON& Tower with Radar,32,68,54,3,157,0,10,53,3,66,32,78,107,6,223,118,4,122,345
08/26/2021,FAR,ND,AGL,CE,Combined TRACON& Tower with Radar,31,62,44,2,139,0,0,14,0,14,31,62,58,2,153,36,7,43,196
08/27/2021,FAR,ND,AGL,CE,Combined TRACON& Tower with Radar,29,73,40,0,142,0,2,5,4,11,29,75,45,4,153,16,0,16,169
08/28/2021,FAR,ND,AGL,CE,Combined TRACON& Tower with Radar,28,36,21,0,85,0,6,0,2,8,28,42,21,2,93,0,8,8,101
08/29/2021,FAR,ND,AGL,CE,Combined TRACON& Tower with Radar,29,20,36,0,85,0,4,22,2,28,29,24,58,2,113,55,0,55,168
08/30/2021,FAR,ND,AGL,CE,Combined TRACON& Tower with Radar,28,46,51,2,127,0,5,58,0,63,28,51,109,2,190,128,0,128,318
08/31/2021,FAR,ND,AGL,CE,Combined TRACON& Tower with Radar,33,67,41,9,150,0,8,52,2,62,33,75,93,11,212,110,6,116,328
09/01/2021,FAR,ND,AGL,CE,Combined TRACON& Tower with Radar,34,85,56,5,180,0,2,57,3,62,34,87,113,8,242,115,4,119,361
09/02/2021,FAR,ND,AGL,CE,Combined TRACON& Tower with Radar,32,69,35,0,136,0,1,0,0,1,32,70,35,0,137,0,0,0,137
09/03/2021,FAR,ND,AGL,CE,Combined TRACON& Tower with Radar,32,89,83,0,204,0,8,24,0,32,32,97,107,0,236,41,1,42,278
09/04/2021,FAR,ND,AGL,CE,Combined TRACON& Tower with Radar,27,40,37,0,104,0,21,49,0,70,27,61,86,0,174,167,0,167,341
09/05/2021,FAR,ND,AGL,CE,Combined TRACON& Tower with Radar,24,18,16,0,58,0,16,33,0,49,24,34,49,0,107,54,0,54,161
09/06/2021,FAR,ND,AGL,CE,Combined TRACON& Tower with Radar,22,37,29,0,88,0,11,41,0,52,22,48,70,0,140,14,1,15,155
09/07/2021,FAR,ND,AGL,CE,Combined TRACON& Tower with Radar,23,54,41,0,118,0,6,32,0,38,23,60,73,0,156,41,0,41,197
09/08/2021,FAR,ND,AGL,CE,Combined TRACON& Tower with Radar,34,72,51,5,162,0,13,68,1,82,34,85,119,6,244,170,0,170,414
09/09/2021,FAR,ND,AGL,CE,Combined TRACON& Tower with Radar,36,67,56,8,167,0,9,81,5,95,36,76,137,13,262,250,0,250,512
09/10/2021,FAR,ND,AGL,CE,Combined TRACON& Tower with Radar,33,60,45,4,142,0,17,86,7,110,33,77,131,11,252,192,0,192,444
09/11/2021,FAR,ND,AGL,CE,Combined TRACON& Tower with Radar,30,38,44,0,112,0,14,51,8,73,30,52,95,8,185,180,14,194,379
09/12/2021,FAR,ND,AGL,CE,Combined TRACON& Tower with Radar,27,21,31,4,83,0,20,52,2,74,27,41,83,6,157,41,6,47,204
09/13/2021,FAR,ND,AGL,CE,Combined TRACON& Tower with Radar,28,50,50,0,128,0,2,21,0,23,28,52,71,0,151,37,0,37,188
09/14/2021,FAR,ND,AGL,CE,Combined TRACON& Tower with Radar,30,78,48,9,165,0,12,45,3,60,30,90,93,12,225,92,13,105,330
09/15/2021,FAR,ND,AGL,CE,Combined TRACON& Tower with Radar,27,58,27,2,114,0,9,32,4,45,27,67,59,6,159,130,14,144,303
09/16/2021,FAR,ND,AGL,CE,Combined TRACON& Tower with Radar,36,75,65,4,180,0,22,39,5,66,36,97,104,9,246,46,24,70,316
09/17/2021,FAR,ND,AGL,CE,Combined TRACON& Tower with Radar,35,69,37,5,146,0,18,39,1,58,35,87,76,6,204,48,4,52,256
09/18/2021,FAR,ND,AGL,CE,Combined TRACON& Tower with Radar,28,32,28,0,88,0,13,25,0,38,28,45,53,0,126,21,0,21,147
09/19/2021,FAR,ND,AGL,CE,Combined TRACON& Tower with Radar,30,26,22,0,78,0,10,21,0,31,30,36,43,0,109,38,0,38,147
09/20/2021,FAR,ND,AGL,CE,Combined TRACON& Tower with Radar,31,53,70,0,154,0,8,13,0,21,31,61,83,0,175,68,0,68,243
09/21/2021,FAR,ND,AGL,CE,Combined TRACON& Tower with Radar,31,70,61,8,170,0,8,68,0,76,31,78,129,8,246,156,8,164,410
09/22/2021,FAR,ND,AGL,CE,Combined TRACON& Tower with Radar,34,67,57,3,161,0,18,47,3,68,34,85,104,6,229,162,0,162,391
09/23/2021,FAR,ND,AGL,CE,Combined TRACON& Tower with Radar,35,76,80,4,195,0,16,53,11,80,35,92,133,15,275,252,1,253,528
09/24/2021,FAR,ND,AGL,CE,Combined TRACON& Tower with Radar,32,62,56,7,157,0,17,41,1,59,32,79,97,8,216,164,0,164,380
09/25/2021,FAR,ND,AGL,CE,Combined TRACON& Tower with Radar,27,48,37,0,112,0,19,55,0,74,27,67,92,0,186,129,0,129,315
09/26/2021,FAR,ND,AGL,CE,Combined TRACON& Tower with Radar,28,28,33,0,89,0,9,40,0,49,28,37,73,0,138,60,0,60,198
09/27/2021,FAR,ND,AGL,CE,Combined TRACON& Tower with Radar,30,57,48,0,135,0,9,42,2,53,30,66,90,2,188,102,0,102,290
09/28/2021,FAR,ND,AGL,CE,Combined TRACON& Tower with Radar,30,85,54,4,173,0,5,52,10,67,30,90,106,14,240,72,6,78,318
09/29/2021,FAR,ND,AGL,CE,Combined TRACON& Tower with Radar,32,84,44,8,168,0,12,38,4,54,32,96,82,12,222,105,10,115,337
09/30/2021,FAR,ND,AGL,CE,Combined TRACON& Tower with Radar,41,82,53,2,178,0,12,48,2,62,41,94,101,4,240,101,4,105,345
10/01/2021,FAR,ND,AGL,CE,Combined TRACON& Tower with Radar,34,71,66,0,171,0,3,19,0,22,34,74,85,0,193,189,0,189,382
10/02/2021,FAR,ND,AGL,CE,Combined TRACON& Tower with Radar,28,42,26,0,96,0,10,39,0,49,28,52,65,0,145,133,0,133,278
10/03/2021,FAR,ND,AGL,CE,Combined TRACON& Tower with Radar,28,23,37,2,90,0,6,33,2,41,28,29,70,4,131,46,0,46,177
10/04/2021,FAR,ND,AGL,CE,Combined TRACON& Tower with Radar,31,64,45,0,140,0,9,56,0,65,31,73,101,0,205,207,0,207,412
10/05/2021,FAR,ND,AGL,CE,Combined TRACON& Tower with Radar,32,69,31,3,135,0,13,50,3,66,32,82,81,6,201,166,6,172,373
10/06/2021,FAR,ND,AGL,CE,Combined TRACON& Tower with Radar,34,77,65,7,183,0,5,33,6,44,34,82,98,13,227,38,26,64,291
10/07/2021,FAR,ND,AGL,CE,Combined TRACON& Tower with Radar,39,69,43,14,165,0,19,24,16,59,39,88,67,30,224,144,14,158,382
10/08/2021,FAR,ND,AGL,CE,Combined TRACON& Tower with Radar,37,75,62,0,174,0,2,45,0,47,37,77,107,0,221,175,0,175,396
10/09/2021,FAR,ND,AGL,CE,Combined TRACON& Tower with Radar,33,33,22,0,88,0,0,8,0,8,33,33,30,0,96,4,0,4,100
10/10/2021,FAR,ND,AGL,CE,Combined TRACON& Tower with Radar,34,25,59,0,118,0,0,1,0,1,34,25,60,0,119,8,0,8,127
10/11/2021,FAR,ND,AGL,CE,Combined TRACON& Tower with Radar,31,47,41,2,121,0,4,50,0,54,31,51,91,2,175,108,0,108,283
10/12/2021,FAR,ND,AGL,CE,Combined TRACON& Tower with Radar,35,71,37,2,145,0,19,48,5,72,35,90,85,7,217,123,2,125,342
10/13/2021,FAR,ND,AGL,CE,Combined TRACON& Tower with Radar,34,62,38,0,134,0,1,0,0,1,34,63,38,0,135,0,1,1,136
10/14/2021,FAR,ND,AGL,CE,Combined TRACON& Tower with Radar,35,59,51,5,150,0,2,9,3,14,35,61,60,8,164,8,0,8,172
10/15/2021,FAR,ND,AGL,CE,Combined TRACON& Tower with Radar,37,63,45,0,145,0,17,35,2,54,37,80,80,2,199,192,1,193,392
10/16/2021,FAR,ND,AGL,CE,Combined TRACON& Tower with Radar,31,46,21,0,98,0,11,37,0,48,31,57,58,0,146,54,0,54,200
10/17/2021,FAR,ND,AGL,CE,Combined TRACON& Tower with Radar,29,22,32,0,83,0,7,40,0,47,29,29,72,0,130,108,0,108,238
10/18/2021,FAR,ND,AGL,CE,Combined TRACON& Tower with Radar,34,60,53,2,149,0,18,47,1,66,34,78,100,3,215,75,0,75,290
10/19/2021,FAR,ND,AGL,CE,Combined TRACON& Tower with Radar,35,57,50,0,142,0,1,5,1,7,35,58,55,1,149,22,0,22,171
10/20/2021,FAR,ND,AGL,CE,Combined TRACON& Tower with Radar,38,57,53,13,161,0,2,22,3,27,38,59,75,16,188,27,23,50,238
10/21/2021,FAR,ND,AGL,CE,Combined TRACON& Tower with Radar,32,71,56,3,162,0,9,79,5,93,32,80,135,8,255,216,9,225,480
10/22/2021,FAR,ND,AGL,CE,Combined TRACON& Tower with Radar,36,65,36,3,140,0,6,57,11,74,36,71,93,14,214,109,0,109,323
10/23/2021,FAR,ND,AGL,CE,Combined TRACON& Tower with Radar,31,34,15,0,80,0,10,37,12,59,31,44,52,12,139,166,0,166,305
10/24/2021,FAR,ND,AGL,CE,Combined TRACON& Tower with Radar,33,20,41,2,96,0,0,27,0,27,33,20,68,2,123,69,0,69,192
10/25/2021,FAR,ND,AGL,CE,Combined TRACON& Tower with Radar,32,61,58,0,151,0,16,35,0,51,32,77,93,0,202,140,0,140,342
10/26/2021,FAR,ND,AGL,CE,Combined TRACON& Tower with Radar,36,53,46,0,135,0,8,12,0,20,36,61,58,0,155,7,0,7,162
10/27/2021,FAR,ND,AGL,CE,Combined TRACON& Tower with Radar,34,63,54,0,151,0,2,0,0,2,34,65,54,0,153,0,0,0,153
10/28/2021,FAR,ND,AGL,CE,Combined TRACON& Tower with Radar,34,83,54,19,190,0,13,38,10,61,34,96,92,29,251,148,60,208,459
10/29/2021,FAR,ND,AGL,CE,Combined TRACON& Tower with Radar,38,71,59,1,169,0,23,56,1,80,38,94,115,2,249,318,0,318,567
10/30/2021,FAR,ND,AGL,CE,Combined TRACON& Tower with Radar,32,36,31,0,99,0,8,8,0,16,32,44,39,0,115,10,0,10,125
10/31/2021,FAR,ND,AGL,CE,Combined TRACON& Tower with Radar,31,22,39,0,92,0,9,16,0,25,31,31,55,0,117,32,0,32,149
11/01/2021,FAR,ND,AGL,CE,Combined TRACON& Tower with Radar,31,41,35,0,107,0,6,33,3,42,31,47,68,3,149,117,0,117,266
11/02/2021,FAR,ND,AGL,CE,Combined TRACON& Tower with Radar,32,82,60,0,174,0,11,42,2,55,32,93,102,2,229,176,0,176,405
11/03/2021,FAR,ND,AGL,CE,Combined TRACON& Tower with Radar,32,101,56,5,194,0,14,57,3,74,32,115,113,8,268,186,4,190,458
11/04/2021,FAR,ND,AGL,CE,Combined TRACON& Tower with Radar,34,83,51,4,172,0,28,53,4,85,34,111,104,8,257,198,5,203,460
11/05/2021,FAR,ND,AGL,CE,Combined TRACON& Tower with Radar,34,77,35,0,146,0,5,15,4,24,34,82,50,4,170,44,30,74,244
11/06/2021,FAR,ND,AGL,CE,Combined TRACON& Tower with Radar,27,43,31,2,103,0,14,43,2,59,27,57,74,4,162,159,0,159,321
11/07/2021,FAR,ND,AGL,CE,Combined TRACON& Tower with Radar,31,22,24,0,77,0,9,43,0,52,31,31,67,0,129,29,0,29,158
11/08/2021,FAR,ND,AGL,CE,Combined TRACON& Tower with Radar,32,69,51,2,154,0,17,22,3,42,32,86,73,5,196,71,0,71,267
11/09/2021,FAR,ND,AGL,CE,Combined TRACON& Tower with Radar,33,91,58,3,185,0,29,56,5,90,33,120,114,8,275,108,8,116,391
11/10/2021,FAR,ND,AGL,CE,Combined TRACON& Tower with Radar,34,61,45,0,140,0,4,6,1,11,34,65,51,1,151,70,1,71,222
11/11/2021,FAR,ND,AGL,CE,Combined TRACON& Tower with Radar,37,69,50,0,156,0,0,2,0,2,37,69,52,0,158,0,1,1,159
11/12/2021,FAR,ND,AGL,CE,Combined TRACON& Tower with Radar,35,68,22,0,125,0,0,0,0,0,35,68,22,0,125,0,0,0,125
11/13/2021,FAR,ND,AGL,CE,Combined TRACON& Tower with Radar,28,36,12,0,76,0,0,0,0,0,28,36,12,0,76,0,0,0,76
11/14/2021,FAR,ND,AGL,CE,Combined TRACON& Tower with Radar,32,28,26,1,87,0,1,1,2,4,32,29,27,3,91,0,0,0,91
11/15/2021,FAR,ND,AGL,CE,Combined TRACON& Tower with Radar,27,42,38,0,107,0,4,30,0,34,27,46,68,0,141,128,0,128,269
11/16/2021,FAR,ND,AGL,CE,Combined TRACON& Tower with Radar,29,66,38,0,133,0,0,16,3,19,29,66,54,3,152,32,2,34,186
11/17/2021,FAR,ND,AGL,CE,Combined TRACON& Tower with Radar,32,55,44,0,131,0,0,6,0,6,32,55,50,0,137,0,0,0,137
11/18/2021,FAR,ND,AGL,CE,Combined TRACON& Tower with Radar,38,82,55,7,182,0,24,37,11,72,38,106,92,18,254,126,32,158,412
11/19/2021,FAR,ND,AGL,CE,Combined TRACON& Tower with Radar,34,131,40,6,211,0,15,46,3,64,34,146,86,9,275,86,0,86,361
11/20/2021,FAR,ND,AGL,CE,Combined TRACON& Tower with Radar,29,69,27,0,125,0,19,64,1,84,29,88,91,1,209,128,0,128,337
11/21/2021,FAR,ND,AGL,CE,Combined TRACON& Tower with Radar,34,25,39,0,98,0,7,31,0,38,34,32,70,0,136,13,0,13,149
11/22/2021,FAR,ND,AGL,CE,Combined TRACON& Tower with Radar,32,76,54,3,165,0,15,41,1,57,32,91,95,4,222,124,2,126,348
11/23/2021,FAR,ND,AGL,CE,Combined TRACON& Tower with Radar,40,96,69,6,211,0,29,71,8,108,40,125,140,14,319,270,8,278,597
11/24/2021,FAR,ND,AGL,CE,Combined TRACON& Tower with Radar,40,77,44,0,161,0,3,3,0,6,40,80,47,0,167,12,0,12,179
11/25/2021,FAR,ND,AGL,CE,Combined TRACON& Tower with Radar,19,14,10,0,43,0,7,8,0,15,19,21,18,0,58,28,0,28,86
11/26/2021,FAR,ND,AGL,CE,Combined TRACON& Tower with Radar,28,77,21,0,126,0,13,27,0,40,28,90,48,0,166,80,0,80,246
11/27/2021,FAR,ND,AGL,CE,Combined TRACON& Tower with Radar,30,42,15,0,87,0,11,31,0,42,30,53,46,0,129,46,0,46,175
11/28/2021,FAR,ND,AGL,CE,Combined TRACON& Tower with Radar,33,27,22,0,82,0,12,42,0,54,33,39,64,0,136,81,0,81,217
11/29/2021,FAR,ND,AGL,CE,Combined TRACON& Tower with Radar,33,64,33,0,130,0,32,50,0,82,33,96,83,0,212,203,0,203,415
11/30/2021,FAR,ND,AGL,CE,Combined TRACON& Tower with Radar,35,89,20,4,148,0,5,19,4,28,35,94,39,8,176,97,5,102,278
12/01/2021,FAR,ND,AGL,CE,Combined TRACON& Tower with Radar,35,85,39,0,159,0,22,38,4,64,35,107,77,4,223,132,0,132,355
12/02/2021,FAR,ND,AGL,CE,Combined TRACON& Tower with Radar,47,54,50,2,153,0,1,19,13,33,47,55,69,15,186,14,16,30,216
12/03/2021,FAR,ND,AGL,CE,Combined TRACON& Tower with Radar,41,80,61,4,186,0,25,18,4,47,41,105,79,8,233,64,10,74,307
12/04/2021,FAR,ND,AGL,CE,Combined TRACON& Tower with Radar,25,43,23,0,91,0,15,54,8,77,25,58,77,8,168,50,16,66,234
12/05/2021,FAR,ND,AGL,CE,Combined TRACON& Tower with Radar,37,16,20,0,73,0,0,0,0,0,37,16,20,0,73,0,0,0,73
12/06/2021,FAR,ND,AGL,CE,Combined TRACON& Tower with Radar,35,70,61,0,166,0,22,23,0,45,35,92,84,0,211,106,0,106,317
12/07/2021,FAR,ND,AGL,CE,Combined TRACON& Tower with Radar,32,70,52,5,159,0,10,31,2,43,32,80,83,7,202,67,18,85,287
12/08/2021,FAR,ND,AGL,CE,Combined TRACON& Tower with Radar,34,65,53,0,152,0,1,12,0,13,34,66,65,0,165,43,0,43,208
12/09/2021,FAR,ND,AGL,CE,Combined TRACON& Tower with Radar,46,82,58,16,202,0,17,35,15,67,46,99,93,31,269,98,12,110,379
12/10/2021,FAR,ND,AGL,CE,Combined TRACON& Tower with Radar,48,83,35,4,170,0,34,31,3,68,48,117,66,7,238,114,22,136,374
12/11/2021,FAR,ND,AGL,CE,Combined TRACON& Tower with Radar,25,64,25,1,115,0,20,40,0,60,25,84,65,1,175,80,0,80,255
12/12/2021,FAR,ND,AGL,CE,Combined TRACON& Tower with Radar,34,25,40,0,99,0,10,46,0,56,34,35,86,0,155,68,0,68,223
12/13/2021,FAR,ND,AGL,CE,Combined TRACON& Tower with Radar,39,64,57,2,162,0,23,53,0,76,39,87,110,2,238,138,2,140,378
12/14/2021,FAR,ND,AGL,CE,Combined TRACON& Tower with Radar,34,92,66,2,194,0,11,23,2,36,34,103,89,4,230,48,0,48,278
12/15/2021,FAR,ND,AGL,CE,Combined TRACON& Tower with Radar,30,31,15,0,76,0,0,0,0,0,30,31,15,0,76,0,0,0,76
12/16/2021,FAR,ND,AGL,CE,Combined TRACON& Tower with Radar,37,76,67,4,184,0,0,18,9,27,37,76,85,13,211,24,0,24,235
12/17/2021,FAR,ND,AGL,CE,Combined TRACON& Tower with Radar,39,74,43,0,156,0,6,28,0,34,39,80,71,0,190,50,0,50,240
12/18/2021,FAR,ND,AGL,CE,Combined TRACON& Tower with Radar,34,52,21,0,107,0,17,24,0,41,34,69,45,0,148,156,0,156,304
12/19/2021,FAR,ND,AGL,CE,Combined TRACON& Tower with Radar,38,16,20,0,74,0,2,6,0,8,38,18,26,0,82,30,0,30,112
12/20/2021,FAR,ND,AGL,CE,Combined TRACON& Tower with Radar,35,45,44,0,124,0,9,34,0,43,35,54,78,0,167,82,0,82,249
12/21/2021,FAR,ND,AGL,CE,Combined TRACON& Tower with Radar,38,82,38,5,163,0,6,21,3,30,38,88,59,8,193,40,16,56,249
12/22/2021,FAR,ND,AGL,CE,Combined TRACON& Tower with Radar,41,73,45,6,165,0,11,34,8,53,41,84,79,14,218,60,6,66,284
12/23/2021,FAR,ND,AGL,CE,Combined TRACON& Tower with Radar,39,61,35,0,135,0,2,30,0,32,39,63,65,0,167,73,0,73,240
12/24/2021,FAR,ND,AGL,CE,Combined TRACON& Tower with Radar,31,48,7,0,86,0,1,11,0,12,31,49,18,0,98,40,0,40,138
12/25/2021,FAR,ND,AGL,CE,Combined TRACON& Tower with Radar,17,21,2,0,40,0,0,0,0,0,17,21,2,0,40,0,0,0,40
12/26/2021,FAR,ND,AGL,CE,Combined TRACON& Tower with Radar,28,17,27,0,72,0,3,1,0,4,28,20,28,0,76,0,0,0,76
12/27/2021,FAR,ND,AGL,CE,Combined TRACON& Tower with Radar,10,28,11,0,49,0,2,1,0,3,10,30,12,0,52,0,0,0,52
12/28/2021,FAR,ND,AGL,CE,Combined TRACON& Tower with Radar,28,68,26,0,122,0,1,3,0,4,28,69,29,0,126,2,0,2,128
12/29/2021,FAR,ND,AGL,CE,Combined TRACON& Tower with Radar,37,57,33,2,129,0,4,20,0,24,37,61,53,2,153,36,0,36,189
12/30/2021,FAR,ND,AGL,CE,Combined TRACON& Tower with Radar,37,59,28,0,124,0,2,12,6,20,37,61,40,6,144,36,0,36,180
12/31/2021,FAR,ND,AGL,CE,Combined TRACON& Tower with Radar,27,45,5,0,77,0,0,10,0,10,27,45,15,0,87,4,0,4,91
01/01/2022,FAR,ND,AGL,CE,Combined TRACON& Tower with Radar,8,16,21,0,45,0,0,8,0,8,8,16,29,0,53,0,2,2,55
01/02/2022,FAR,ND,AGL,CE,Combined TRACON& Tower with Radar,25,14,29,0,68,0,2,12,0,14,25,16,41,0,82,28,0,28,110
01/03/2022,FAR,ND,AGL,CE,Combined TRACON& Tower with Radar,27,43,38,0,108,0,3,16,0,19,27,46,54,0,127,80,0,80,207
01/04/2022,FAR,ND,AGL,CE,Combined TRACON& Tower with Radar,21,44,27,0,92,0,0,8,0,8,21,44,35,0,100,68,1,69,169
01/05/2022,FAR,ND,AGL,CE,Combined TRACON& Tower with Radar,27,40,26,0,93,0,0,0,0,0,27,40,26,0,93,0,0,0,93
01/06/2022,FAR,ND,AGL,CE,Combined TRACON& Tower with Radar,37,56,48,3,144,0,4,12,1,17,37,60,60,4,161,14,0,14,175
01/07/2022,FAR,ND,AGL,CE,Combined TRACON& Tower with Radar,43,39,43,0,125,0,1,6,0,7,43,40,49,0,132,10,0,10,142
01/08/2022,FAR,ND,AGL,CE,Combined TRACON& Tower with Radar,32,30,24,0,86,0,0,8,0,8,32,30,32,0,94,38,0,38,132
01/09/2022,FAR,ND,AGL,CE,Combined TRACON& Tower with Radar,34,23,36,4,97,0,0,10,2,12,34,23,46,6,109,3,0,3,112
01/10/2022,FAR,ND,AGL,CE,Combined TRACON& Tower with Radar,32,59,45,0,136,0,9,49,0,58,32,68,94,0,194,100,0,100,294
01/11/2022,FAR,ND,AGL,CE,Combined TRACON& Tower with Radar,31,63,48,1,143,0,11,49,15,75,31,74,97,16,218,146,32,178,396
01/12/2022,FAR,ND,AGL,CE,Combined TRACON& Tower with Radar,33,57,53,1,144,0,5,37,5,47,33,62,90,6,191,106,0,106,297
01/13/2022,FAR,ND,AGL,CE,Combined TRACON& Tower with Radar,34,52,39,4,129,0,0,4,6,10,34,52,43,10,139,16,0,16,155
01/14/2022,FAR,ND,AGL,CE,Combined TRACON& Tower with Radar,35,56,17,0,108,0,6,4,0,10,35,62,21,0,118,30,0,30,148
01/15/2022,FAR,ND,AGL,CE,Combined TRACON& Tower with Radar,23,33,22,0,78,0,10,26,0,36,23,43,48,0,114,58,0,58,172
01/16/2022,FAR,ND,AGL,CE,Combined TRACON& Tower with Radar,33,16,29,0,78,0,4,11,0,15,33,20,40,0,93,4,0,4,97
01/17/2022,FAR,ND,AGL,CE,Combined TRACON& Tower with Radar,32,41,42,0,115,0,6,38,0,44,32,47,80,0,159,128,0,128,287
01/18/2022,FAR,ND,AGL,CE,Combined TRACON& Tower with Radar,30,47,42,1,120,0,0,4,1,5,30,47,46,2,125,0,0,0,125
01/19/2022,FAR,ND,AGL,CE,Combined TRACON& Tower with Radar,30,62,42,10,144,0,14,27,4,45,30,76,69,14,189,50,28,78,267
01/20/2022,FAR,ND,AGL,CE,Combined TRACON& Tower with Radar,40,63,49,2,154,0,18,21,2,41,40,81,70,4,195,26,0,26,221
01/21/2022,FAR,ND,AGL,CE,Combined TRACON& Tower with Radar,38,53,26,0,117,0,2,1,0,3,38,55,27,0,120,4,3,7,127
01/22/2022,FAR,ND,AGL,CE,Combined TRACON& Tower with Radar,23,31,24,0,78,0,3,4,0,7,23,34,28,0,85,68,0,68,153
01/23/2022,FAR,ND,AGL,CE,Combined TRACON& Tower with Radar,39,18,23,0,80,0,1,0,0,1,39,19,23,0,81,0,0,0,81
01/24/2022,FAR,ND,AGL,CE,Combined TRACON& Tower with Radar,34,35,60,2,131,0,3,32,0,35,34,38,92,2,166,44,22,66,232
01/25/2022,FAR,ND,AGL,CE,Combined TRACON& Tower with Radar,30,74,32,2,138,0,23,32,2,57,30,97,64,4,195,58,4,62,257
01/26/2022,FAR,ND,AGL,CE,Combined TRACON& Tower with Radar,30,49,49,0,128,0,4,26,6,36,30,53,75,6,164,20,18,38,202
01/27/2022,FAR,ND,AGL,CE,Combined TRACON& Tower with Radar,39,70,49,4,162,0,18,34,2,54,39,88,83,6,216,59,2,61,277
01/28/2022,FAR,ND,AGL,CE,Combined TRACON& Tower with Radar,37,59,52,4,152,0,2,40,2,44,37,61,92,6,196,95,4,99,295
01/29/2022,FAR,ND,AGL,CE,Combined TRACON& Tower with Radar,26,28,26,0,80,0,10,33,0,43,26,38,59,0,123,116,0,116,239
01/30/2022,FAR,ND,AGL,CE,Combined TRACON& Tower with Radar,36,10,23,0,69,0,0,26,0,26,36,10,49,0,95,114,0,114,209
01/31/2022,FAR,ND,AGL,CE,Combined TRACON& Tower with Radar,32,36,36,0,104,0,6,32,0,38,32,42,68,0,142,64,0,64,206
02/01/2022,FAR,ND,AGL,CE,Combined TRACON& Tower with Radar,27,43,36,0,106,0,0,0,0,0,27,43,36,0,106,1,0,1,107
02/02/2022,FAR,ND,AGL,CE,Combined TRACON& Tower with Radar,27,61,54,5,147,0,28,33,9,70,27,89,87,14,217,88,3,91,308
02/03/2022,FAR,ND,AGL,CE,Combined TRACON& Tower with Radar,28,53,60,1,142,0,6,24,8,38,28,59,84,9,180,10,18,28,208
02/04/2022,FAR,ND,AGL,CE,Combined TRACON& Tower with Radar,33,91,52,2,178,0,16,16,2,34,33,107,68,4,212,51,0,51,263
02/05/2022,FAR,ND,AGL,CE,Combined TRACON& Tower with Radar,25,38,19,0,82,0,0,2,0,2,25,38,21,0,84,30,0,30,114
02/06/2022,FAR,ND,AGL,CE,Combined TRACON& Tower with Radar,35,25,18,2,80,0,2,13,2,17,35,27,31,4,97,66,2,68,165
02/07/2022,FAR,ND,AGL,CE,Combined TRACON& Tower with Radar,35,50,45,4,134,0,17,43,0,60,35,67,88,4,194,116,0,116,310
02/08/2022,FAR,ND,AGL,CE,Combined TRACON& Tower with Radar,35,68,46,2,151,0,4,18,5,27,35,72,64,7,178,48,14,62,240
02/09/2022,FAR,ND,AGL,CE,Combined TRACON& Tower with Radar,33,62,42,0,137,0,0,7,2,9,33,62,49,2,146,22,0,22,168
02/10/2022,FAR,ND,AGL,CE,Combined TRACON& Tower with Radar,37,45,25,0,107,0,2,10,0,12,37,47,35,0,119,8,0,8,127
02/11/2022,FAR,ND,AGL,CE,Combined TRACON& Tower with Radar,31,37,26,0,94,0,1,0,0,1,31,38,26,0,95,0,0,0,95
02/12/2022,FAR,ND,AGL,CE,Combined TRACON& Tower with Radar,23,45,31,5,104,0,13,31,6,50,23,58,62,11,154,71,0,71,225
02/13/2022,FAR,ND,AGL,CE,Combined TRACON& Tower with Radar,31,17,17,0,65,0,0,7,0,7,31,17,24,0,72,7,0,7,79
02/14/2022,FAR,ND,AGL,CE,Combined TRACON& Tower with Radar,34,72,39,4,149,0,32,51,0,83,34,104,90,4,232,102,0,102,334
02/15/2022,FAR,ND,AGL,CE,Combined TRACON& Tower with Radar,35,66,55,3,159,0,0,17,1,18,35,66,72,4,177,38,0,38,215
02/16/2022,FAR,ND,AGL,CE,Combined TRACON& Tower with Radar,38,61,68,10,177,0,0,38,9,47,38,61,106,19,224,12,35,47,271
02/17/2022,FAR,ND,AGL,CE,Combined TRACON& Tower with Radar,38,100,53,2,193,0,13,43,5,61,38,113,96,7,254,44,14,58,312
02/18/2022,FAR,ND,AGL,CE,Combined TRACON& Tower with Radar,33,32,19,0,84,0,1,1,0,2,33,33,20,0,86,0,0,0,86
02/19/2022,FAR,ND,AGL,CE,Combined TRACON& Tower with Radar,29,42,19,0,90,0,0,9,0,9,29,42,28,0,99,28,0,28,127
02/20/2022,FAR,ND,AGL,CE,Combined TRACON& Tower with Radar,31,14,23,0,68,0,0,1,0,1,31,14,24,0,69,0,0,0,69
02/21/2022,FAR,ND,AGL,CE,Combined TRACON& Tower with Radar,17,10,15,0,42,0,0,0,0,0,17,10,15,0,42,0,0,0,42
02/22/2022,FAR,ND,AGL,CE,Combined TRACON& Tower with Radar,29,45,30,0,104,0,0,0,0,0,29,45,30,0,104,0,0,0,104
02/23/2022,FAR,ND,AGL,CE,Combined TRACON& Tower with Radar,39,100,46,0,185,0,42,17,2,61,39,142,63,2,246,85,4,89,335
02/24/2022,FAR,ND,AGL,CE,Combined TRACON& Tower with Radar,39,76,53,8,176,0,26,29,18,73,39,102,82,26,249,68,4,72,321
02/25/2022,FAR,ND,AGL,CE,Combined TRACON& Tower with Radar,38,97,39,3,177,0,19,21,4,44,38,116,60,7,221,52,5,57,278
02/26/2022,FAR,ND,AGL,CE,Combined TRACON& Tower with Radar,34,54,26,0,114,0,30,38,2,70,34,84,64,2,184,117,0,117,301
02/27/2022,FAR,ND,AGL,CE,Combined TRACON& Tower with Radar,33,24,20,0,77,0,15,31,0,46,33,39,51,0,123,55,0,55,178
02/28/2022,FAR,ND,AGL,CE,Combined TRACON& Tower with Radar,34,45,41,0,120,0,6,29,2,37,34,51,70,2,157,75,16,91,248
03/01/2022,FAR,ND,AGL,CE,Combined TRACON& Tower with Radar,33,67,32,0,132,0,13,22,0,35,33,80,54,0,167,50,26,76,243
03/02/2022,FAR,ND,AGL,CE,Combined TRACON& Tower with Radar,35,72,75,2,184,0,24,34,4,62,35,96,109,6,246,121,2,123,369
03/03/2022,FAR,ND,AGL,CE,Combined TRACON& Tower with Radar,37,86,40,6,169,0,14,56,12,82,37,100,96,18,251,96,3,99,350
03/04/2022,FAR,ND,AGL,CE,Combined TRACON& Tower with Radar,39,61,52,1,153,0,25,44,13,82,39,86,96,14,235,74,31,105,340
03/05/2022,FAR,ND,AGL,CE,Combined TRACON& Tower with Radar,34,33,14,0,81,0,13,19,0,32,34,46,33,0,113,53,0,53,166
03/06/2022,FAR,ND,AGL,CE,Combined TRACON& Tower with Radar,33,11,19,0,63,0,4,0,1,5,33,15,19,1,68,0,0,0,68
03/07/2022,FAR,ND,AGL,CE,Combined TRACON& Tower with Radar,32,52,83,1,168,0,21,34,0,55,32,73,117,1,223,97,0,97,320
03/08/2022,FAR,ND,AGL,CE,Combined TRACON& Tower with Radar,35,61,65,5,166,0,13,13,0,26,35,74,78,5,192,49,25,74,266
03/09/2022,FAR,ND,AGL,CE,Combined TRACON& Tower with Radar,37,59,60,4,160,0,8,30,6,44,37,67,90,10,204,83,0,83,287
03/10/2022,FAR,ND,AGL,CE,Combined TRACON& Tower with Radar,41,57,52,3,153,0,10,32,7,49,41,67,84,10,202,72,4,76,278
03/11/2022,FAR,ND,AGL,CE,Combined TRACON& Tower with Radar,39,54,55,0,148,0,0,7,2,9,39,54,62,2,157,2,0,2,159
03/12/2022,FAR,ND,AGL,CE,Combined TRACON& Tower with Radar,32,34,19,0,85,0,3,15,0,18,32,37,34,0,103,24,0,24,127
03/13/2022,FAR,ND,AGL,CE,Combined TRACON& Tower with Radar,35,15,33,0,83,0,6,25,0,31,35,21,58,0,114,32,0,32,146
03/14/2022,FAR,ND,AGL,CE,Combined TRACON& Tower with Radar,31,60,48,0,139,0,29,54,0,83,31,89,102,0,222,124,0,124,346
03/15/2022,FAR,ND,AGL,CE,Combined TRACON& Tower with Radar,37,76,51,3,167,0,18,56,8,82,37,94,107,11,249,61,4,65,314
03/16/2022,FAR,ND,AGL,CE,Combined TRACON& Tower with Radar,37,78,58,2,175,0,18,50,4,72,37,96,108,6,247,88,4,92,339
03/17/2022,FAR,ND,AGL,CE,Combined TRACON& Tower with Radar,41,71,77,11,200,0,10,50,9,69,41,81,127,20,269,96,11,107,376
03/18/2022,FAR,ND,AGL,CE,Combined TRACON& Tower with Radar,35,65,63,0,163,0,6,29,2,37,35,71,92,2,200,95,23,118,318
03/19/2022,FAR,ND,AGL,CE,Combined TRACON& Tower with Radar,31,46,24,0,101,0,17,25,0,42,31,63,49,0,143,67,0,67,210
03/20/2022,FAR,ND,AGL,CE,Combined TRACON& Tower with Radar,33,21,32,0,86,0,0,29,0,29,33,21,61,0,115,34,0,34,149
03/21/2022,FAR,ND,AGL,CE,Combined TRACON& Tower with Radar,33,52,60,0,145,0,8,29,0,37,33,60,89,0,182,68,0,68,250
03/22/2022,FAR,ND,AGL,CE,Combined TRACON& Tower with Radar,31,71,36,9,147,0,18,25,7,50,31,89,61,16,197,64,13,77,274
03/23/2022,FAR,ND,AGL,CE,Combined TRACON& Tower with Radar,39,57,47,12,155,0,2,3,0,5,39,59,50,12,160,0,35,35,195
03/24/2022,FAR,ND,AGL,CE,Combined TRACON& Tower with Radar,37,65,64,6,172,0,16,24,16,56,37,81,88,22,228,97,10,107,335
03/25/2022,FAR,ND,AGL,CE,Combined TRACON& Tower with Radar,38,55,43,0,136,0,6,0,4,10,38,61,43,4,146,0,0,0,146
03/26/2022,FAR,ND,AGL,CE,Combined TRACON& Tower with Radar,32,52,20,0,104,0,32,15,0,47,32,84,35,0,151,33,0,33,184
03/27/2022,FAR,ND,AGL,CE,Combined TRACON& Tower with Radar,32,22,24,0,78,0,11,48,0,59,32,33,72,0,137,90,0,90,227
03/28/2022,FAR,ND,AGL,CE,Combined TRACON& Tower with Radar,29,62,49,0,140,0,14,30,0,44,29,76,79,0,184,28,0,28,212
03/29/2022,FAR,ND,AGL,CE,Combined TRACON& Tower with Radar,29,59,17,1,106,0,6,19,4,29,29,65,36,5,135,50,0,50,185
03/30/2022,FAR,ND,AGL,CE,Combined TRACON& Tower with Radar,37,60,26,0,123,0,0,0,0,0,37,60,26,0,123,0,0,0,123
03/31/2022,FAR,ND,AGL,CE,Combined TRACON& Tower with Radar,35,61,64,4,164,0,1,31,11,43,35,62,95,15,207,51,16,67,274
04/01/2022,FAR,ND,AGL,CE,Combined TRACON& Tower with Radar,30,83,47,2,162,0,21,50,10,81,30,104,97,12,243,61,21,82,325
04/02/2022,FAR,ND,AGL,CE,Combined TRACON& Tower with Radar,28,32,24,4,88,0,15,42,2,59,28,47,66,6,147,66,0,66,213
04/03/2022,FAR,ND,AGL,CE,Combined TRACON& Tower with Radar,32,15,25,0,72,0,4,9,0,13,32,19,34,0,85,93,0,93,178
04/04/2022,FAR,ND,AGL,CE,Combined TRACON& Tower with Radar,26,53,50,2,131,0,24,29,0,53,26,77,79,2,184,55,0,55,239
04/05/2022,FAR,ND,AGL,CE,Combined TRACON& Tower with Radar,30,73,36,2,141,0,2,2,1,5,30,75,38,3,146,12,0,12,158
04/06/2022,FAR,ND,AGL,CE,Combined TRACON& Tower with Radar,31,58,33,0,122,0,0,0,0,0,31,58,33,0,122,0,0,0,122
04/07/2022,FAR,ND,AGL,CE,Combined TRACON& Tower with Radar,31,65,37,1,134,0,0,1,1,2,31,65,38,2,136,0,0,0,136
04/08/2022,FAR,ND,AGL,CE,Combined TRACON& Tower with Radar,23,78,42,3,146,0,34,60,6,100,23,112,102,9,246,105,13,118,364
04/09/2022,FAR,ND,AGL,CE,Combined TRACON& Tower with Radar,23,48,22,0,93,0,42,34,0,76,23,90,56,0,169,106,0,106,275
04/10/2022,FAR,ND,AGL,CE,Combined TRACON& Tower with Radar,27,23,16,0,66,0,0,1,0,1,27,23,17,0,67,0,0,0,67
04/11/2022,FAR,ND,AGL,CE,Combined TRACON& Tower with Radar,22,56,43,0,121,0,22,51,0,73,22,78,94,0,194,156,0,156,350
04/12/2022,FAR,ND,AGL,CE,Combined TRACON& Tower with Radar,29,49,44,0,122,0,1,6,0,7,29,50,50,0,129,0,0,0,129
04/13/2022,FAR,ND,AGL,CE,Combined TRACON& Tower with Radar,30,29,25,0,84,0,1,1,0,2,30,30,26,0,86,0,0,0,86
04/14/2022,FAR,ND,AGL,CE,Combined TRACON& Tower with Radar,30,33,24,0,87,0,2,0,0,2,30,35,24,0,89,0,0,0,89
04/15/2022,FAR,ND,AGL,CE,Combined TRACON& Tower with Radar,25,61,39,4,129,0,1,21,0,22,25,62,60,4,151,38,0,38,189
04/16/2022,FAR,ND,AGL,CE,Combined TRACON& Tower with Radar,25,38,8,0,71,0,4,43,1,48,25,42,51,1,119,69,0,69,188
04/17/2022,FAR,ND,AGL,CE,Combined TRACON& Tower with Radar,24,17,6,0,47,0,2,0,0,2,24,19,6,0,49,0,0,0,49
04/18/2022,FAR,ND,AGL,CE,Combined TRACON& Tower with Radar,23,61,81,0,165,0,26,32,0,58,23,87,113,0,223,100,0,100,323
04/19/2022,FAR,ND,AGL,CE,Combined TRACON& Tower with Radar,28,74,59,1,162,0,19,28,0,47,28,93,87,1,209,28,26,54,263
04/20/2022,FAR,ND,AGL,CE,Combined TRACON& Tower with Radar,31,88,61,8,188,0,15,19,1,35,31,103,80,9,223,78,12,90,313
04/21/2022,FAR,ND,AGL,CE,Combined TRACON& Tower with Radar,35,83,54,3,175,0,17,55,9,81,35,100,109,12,256,104,0,104,360
04/22/2022,FAR,ND,AGL,CE,Combined TRACON& Tower with Radar,24,61,30,3,118,0,0,2,0,2,24,61,32,3,120,0,0,0,120
04/23/2022,FAR,ND,AGL,CE,Combined TRACON& Tower with Radar,24,26,7,0,57,0,1,0,0,1,24,27,7,0,58,0,0,0,58
04/24/2022,FAR,ND,AGL,CE,Combined TRACON& Tower with Radar,24,17,31,0,72,0,2,0,0,2,24,19,31,0,74,0,0,0,74
04/25/2022,FAR,ND,AGL,CE,Combined TRACON& Tower with Radar,27,44,26,0,97,0,4,2,0,6,27,48,28,0,103,33,0,33,136
04/26/2022,FAR,ND,AGL,CE,Combined TRACON& Tower with Radar,30,66,83,3,182,0,18,34,2,54,30,84,117,5,236,201,6,207,443
04/27/2022,FAR,ND,AGL,CE,Combined TRACON& Tower with Radar,30,100,47,11,188,0,25,60,2,87,30,125,107,13,275,127,6,133,408
04/28/2022,FAR,ND,AGL,CE,Combined TRACON& Tower with Radar,31,75,70,9,185,0,21,49,9,79,31,96,119,18,264,85,6,91,355
04/29/2022,FAR,ND,AGL,CE,Combined TRACON& Tower with Radar,31,66,50,0,147,0,0,0,0,0,31,66,50,0,147,0,0,0,147
04/30/2022,FAR,ND,AGL,CE,Combined TRACON& Tower with Radar,24,34,22,0,80,0,0,0,0,0,24,34,22,0,80,0,0,0,80
05/01/2022,FAR,ND,AGL,CE,Combined TRACON& Tower with Radar,26,19,24,1,70,0,0,0,0,0,26,19,24,1,70,0,0,0,70
05/02/2022,FAR,ND,AGL,CE,Combined TRACON& Tower with Radar,25,47,54,3,129,0,3,10,0,13,25,50,64,3,142,155,0,155,297
05/03/2022,FAR,ND,AGL,CE,Combined TRACON& Tower with Radar,31,69,41,1,142,0,20,85,1,106,31,89,126,2,248,208,2,210,458
05/04/2022,FAR,ND,AGL,CE,Combined TRACON& Tower with Radar,28,80,58,1,167,0,43,56,1,100,28,123,114,2,267,189,0,189,456
05/05/2022,FAR,ND,AGL,CE,Combined TRACON& Tower with Radar,32,85,60,9,186,0,24,64,8,96,32,109,124,17,282,124,10,134,416
05/06/2022,FAR,ND,AGL,CE,Combined TRACON& Tower with Radar,24,53,56,0,133,0,4,52,2,58,24,57,108,2,191,150,0,150,341
05/07/2022,FAR,ND,AGL,CE,Combined TRACON& Tower with Radar,23,38,23,0,84,0,7,19,0,26,23,45,42,0,110,4,0,4,114
05/08/2022,FAR,ND,AGL,CE,Combined TRACON& Tower with Radar,23,26,36,1,86,0,0,2,0,2,23,26,38,1,88,0,0,0,88
05/09/2022,FAR,ND,AGL,CE,Combined TRACON& Tower with Radar,25,39,22,1,87,0,4,1,0,5,25,43,23,1,92,0,0,0,92
05/10/2022,FAR,ND,AGL,CE,Combined TRACON& Tower with Radar,28,84,66,1,179,0,11,53,1,65,28,95,119,2,244,183,0,183,427
05/11/2022,FAR,ND,AGL,CE,Combined TRACON& Tower with Radar,25,69,42,0,136,0,10,45,2,57,25,79,87,2,193,139,0,139,332
05/12/2022,FAR,ND,AGL,CE,Combined TRACON& Tower with Radar,31,60,28,0,119,0,2,0,0,2,31,62,28,0,121,12,0,12,133
05/13/2022,FAR,ND,AGL,CE,Combined TRACON& Tower with Radar,25,60,27,2,114,0,2,7,1,10,25,62,34,3,124,0,0,0,124
05/14/2022,FAR,ND,AGL,CE,Combined TRACON& Tower with Radar,23,42,16,2,83,0,3,29,4,36,23,45,45,6,119,53,0,53,172
05/15/2022,FAR,ND,AGL,CE,Combined TRACON& Tower with Radar,27,32,26,0,85,0,8,39,4,51,27,40,65,4,136,34,0,34,170
05/16/2022,FAR,ND,AGL,CE,Combined TRACON& Tower with Radar,25,68,40,0,133,0,26,60,8,94,25,94,100,8,227,173,0,173,400
05/17/2022,FAR,ND,AGL,CE,Combined TRACON& Tower with Radar,31,83,45,3,162,0,7,46,9,62,31,90,91,12,224,80,0,80,304
05/18/2022,FAR,ND,AGL,CE,Combined TRACON& Tower with Radar,25,83,47,0,155,0,6,20,0,26,25,89,67,0,181,22,0,22,203
05/19/2022,FAR,ND,AGL,CE,Combined TRACON& Tower with Radar,32,105,83,0,220,0,3,14,4,21,32,108,97,4,241,78,0,78,319
05/20/2022,FAR,ND,AGL,CE,Combined TRACON& Tower with Radar,26,64,62,2,154,0,3,19,0,22,26,67,81,2,176,99,0,99,275
05/21/2022,FAR,ND,AGL,CE,Combined TRACON& Tower with Radar,22,32,45,0,99,0,10,58,0,68,22,42,103,0,167,104,0,104,271
05/22/2022,FAR,ND,AGL,CE,Combined TRACON& Tower with Radar,30,28,17,0,75,0,12,49,0,61,30,40,66,0,136,199,0,199,335
05/23/2022,FAR,ND,AGL,CE,Combined TRACON& Tower with Radar,25,50,45,2,122,0,14,52,2,68,25,64,97,4,190,121,0,121,311
05/24/2022,FAR,ND,AGL,CE,Combined TRACON& Tower with Radar,30,100,61,5,196,0,19,74,5,98,30,119,135,10,294,169,5,174,468
05/25/2022,FAR,ND,AGL,CE,Combined TRACON& Tower with Radar,26,88,54,17,185,0,30,36,5,71,26,118,90,22,256,182,53,235,491
05/26/2022,FAR,ND,AGL,CE,Combined TRACON& Tower with Radar,32,91,65,4,192,0,43,57,14,114,32,134,122,18,306,147,27,174,480
05/27/2022,FAR,ND,AGL,CE,Combined TRACON& Tower with Radar,28,78,47,2,155,0,10,46,0,56,28,88,93,2,211,98,0,98,309
05/28/2022,FAR,ND,AGL,CE,Combined TRACON& Tower with Radar,23,60,17,0,100,0,19,23,0,42,23,79,40,0,142,47,0,47,189
05/29/2022,FAR,ND,AGL,CE,Combined TRACON& Tower with Radar,21,27,22,0,70,0,4,3,0,7,21,31,25,0,77,0,0,0,77
05/30/2022,FAR,ND,AGL,CE,Combined TRACON& Tower with Radar,21,22,8,2,53,0,2,2,0,4,21,24,10,2,57,0,0,0,57
05/31/2022,FAR,ND,AGL,CE,Combined TRACON& Tower with Radar,24,60,30,1,115,0,14,12,1,27,24,74,42,2,142,38,0,38,180
06/01/2022,FAR,ND,AGL,CE,Combined TRACON& Tower with Radar,28,101,69,15,213,0,21,61,5,87,28,122,130,20,300,120,11,131,431
06/02/2022,FAR,ND,AGL,CE,Combined TRACON& Tower with Radar,30,91,42,6,169,0,32,59,10,101,30,123,101,16,270,76,9,85,355
06/03/2022,FAR,ND,AGL,CE,Combined TRACON& Tower with Radar,27,106,30,0,163,0,7,48,4,59,27,113,78,4,222,112,0,112,334
06/04/2022,FAR,ND,AGL,CE,Combined TRACON& Tower with Radar,21,61,21,4,107,0,23,45,5,73,21,84,66,9,180,110,6,116,296
06/05/2022,FAR,ND,AGL,CE,Combined TRACON& Tower with Radar,26,38,28,4,96,0,14,39,0,53,26,52,67,4,149,6,4,10,159
06/06/2022,FAR,ND,AGL,CE,Combined TRACON& Tower with Radar,27,59,36,0,122,0,14,57,0,71,27,73,93,0,193,43,0,43,236
06/07/2022,FAR,ND,AGL,CE,Combined TRACON& Tower with Radar,33,77,32,1,143,0,24,57,1,82,33,101,89,2,225,111,30,141,366
06/08/2022,FAR,ND,AGL,CE,Combined TRACON& Tower with Radar,30,81,45,2,158,0,28,31,2,61,30,109,76,4,219,32,0,32,251
06/09/2022,FAR,ND,AGL,CE,Combined TRACON& Tower with Radar,29,99,44,8,180,0,19,22,4,45,29,118,66,12,225,46,8,54,279
06/10/2022,FAR,ND,AGL,CE,Combined TRACON& Tower with Radar,30,92,28,4,154,0,13,31,1,45,30,105,59,5,199,32,0,32,231
06/11/2022,FAR,ND,AGL,CE,Combined TRACON& Tower with Radar,21,51,15,0,87,0,14,12,3,29,21,65,27,3,116,61,0,61,177
06/12/2022,FAR,ND,AGL,CE,Combined TRACON& Tower with Radar,27,27,46,4,104,0,13,28,0,41,27,40,74,4,145,0,0,0,145
06/13/2022,FAR,ND,AGL,CE,Combined TRACON& Tower with Radar,27,52,39,0,118,0,6,4,2,12,27,58,43,2,130,6,0,6,136
06/14/2022,FAR,ND,AGL,CE,Combined TRACON& Tower with Radar,32,72,76,0,180,0,20,18,2,40,32,92,94,2,220,47,0,47,267
06/15/2022,FAR,ND,AGL,CE,Combined TRACON& Tower with Radar,32,68,70,3,173,0,10,42,1,53,32,78,112,4,226,48,2,50,276
06/16/2022,FAR,ND,AGL,CE,Combined TRACON& Tower with Radar,30,73,76,5,184,0,25,24,4,53,30,98,100,9,237,47,0,47,284
06/17/2022,FAR,ND,AGL,CE,Combined TRACON& Tower with Radar,30,113,43,1,187,0,18,56,1,75,30,131,99,2,262,100,0,100,362
06/18/2022,FAR,ND,AGL,CE,Combined TRACON& Tower with Radar,22,38,13,0,73,0,12,10,1,23,22,50,23,1,96,0,0,0,96
06/19/2022,FAR,ND,AGL,CE,Combined TRACON& Tower with Radar,25,22,19,0,66,0,13,9,1,23,25,35,28,1,89,4,0,4,93
06/20/2022,FAR,ND,AGL,CE,Combined TRACON& Tower with Radar,30,68,49,0,147,0,14,28,0,42,30,82,77,0,189,40,0,40,229
06/21/2022,FAR,ND,AGL,CE,Combined TRACON& Tower with Radar,28,70,56,0,154,0,5,44,0,49,28,75,100,0,203,53,0,53,256
06/22/2022,FAR,ND,AGL,CE,Combined TRACON& Tower with Radar,31,78,50,5,164,0,23,44,1,68,31,101,94,6,232,138,6,144,376
06/23/2022,FAR,ND,AGL,CE,Combined TRACON& Tower with Radar,33,103,63,6,205,0,23,57,7,87,33,126,120,13,292,61,0,61,353
06/24/2022,FAR,ND,AGL,CE,Combined TRACON& Tower with Radar,27,66,46,0,139,0,4,5,0,9,27,70,51,0,148,0,0,0,148
06/25/2022,FAR,ND,AGL,CE,Combined TRACON& Tower with Radar,28,52,35,0,115,0,10,20,1,31,28,62,55,1,146,28,0,28,174
06/26/2022,FAR,ND,AGL,CE,Combined TRACON& Tower with Radar,26,37,28,0,91,0,7,11,0,18,26,44,39,0,109,0,0,0,109
06/27/2022,FAR,ND,AGL,CE,Combined TRACON& Tower with Radar,26,76,40,0,142,0,21,60,0,81,26,97,100,0,223,76,0,76,299
06/28/2022,FAR,ND,AGL,CE,Combined TRACON& Tower with Radar,33,97,40,2,172,0,30,49,2,81,33,127,89,4,253,194,0,194,447
06/29/2022,FAR,ND,AGL,CE,Combined TRACON& Tower with Radar,32,87,39,0,158,0,25,40,0,65,32,112,79,0,223,55,0,55,278
06/30/2022,FAR,ND,AGL,CE,Combined TRACON& Tower with Radar,31,84,46,6,167,0,21,62,13,96,31,105,108,19,263,83,2,85,348
07/01/2022,FAR,ND,AGL,CE,Combined TRACON& Tower with Radar,32,89,46,0,167,0,20,52,0,72,32,109,98,0,239,86,0,86,325
07/02/2022,FAR,ND,AGL,CE,Combined TRACON& Tower with Radar,29,37,22,0,88,0,7,32,0,39,29,44,54,0,127,40,0,40,167
07/03/2022,FAR,ND,AGL,CE,Combined TRACON& Tower with Radar,24,18,23,0,65,0,11,22,0,33,24,29,45,0,98,22,0,22,120
07/04/2022,FAR,ND,AGL,CE,Combined TRACON& Tower with Radar,22,26,10,0,58,0,11,8,0,19,22,37,18,0,77,0,0,0,77
07/05/2022,FAR,ND,AGL,CE,Combined TRACON& Tower with Radar,24,53,41,5,123,0,8,13,0,21,24,61,54,5,144,20,4,24,168
07/06/2022,FAR,ND,AGL,CE,Combined TRACON& Tower with Radar,33,70,61,4,168,0,10,40,4,54,33,80,101,8,222,93,2,95,317
07/07/2022,FAR,ND,AGL,CE,Combined TRACON& Tower with Radar,28,80,35,4,147,0,21,34,9,64,28,101,69,13,211,127,4,131,342
07/08/2022,FAR,ND,AGL,CE,Combined TRACON& Tower with Radar,33,80,23,3,139,0,22,75,2,99,33,102,98,5,238,148,2,150,388
07/09/2022,FAR,ND,AGL,CE,Combined TRACON& Tower with Radar,29,39,13,0,81,0,12,54,0,66,29,51,67,0,147,118,0,118,265
07/10/2022,FAR,ND,AGL,CE,Combined TRACON& Tower with Radar,26,13,27,0,66,0,0,20,0,20,26,13,47,0,86,36,0,36,122
07/11/2022,FAR,ND,AGL,CE,Combined TRACON& Tower with Radar,29,49,38,2,118,0,13,28,0,41,29,62,66,2,159,40,0,40,199
07/12/2022,FAR,ND,AGL,CE,Combined TRACON& Tower with Radar,28,68,62,16,174,0,42,35,0,77,28,110,97,16,251,150,13,163,414
07/13/2022,FAR,ND,AGL,CE,Combined TRACON& Tower with Radar,34,89,41,7,171,0,29,56,3,88,34,118,97,10,259,162,22,184,443
07/14/2022,FAR,ND,AGL,CE,Combined TRACON& Tower with Radar,29,64,69,4,166,0,8,39,15,62,29,72,108,19,228,34,6,40,268
07/15/2022,FAR,ND,AGL,CE,Combined TRACON& Tower with Radar,30,96,49,3,178,0,19,71,0,90,30,115,120,3,268,115,0,115,383
07/16/2022,FAR,ND,AGL,CE,Combined TRACON& Tower with Radar,28,29,31,0,88,0,6,43,0,49,28,35,74,0,137,75,0,75,212
07/17/2022,FAR,ND,AGL,CE,Combined TRACON& Tower with Radar,25,18,38,0,81,0,5,28,0,33,25,23,66,0,114,64,0,64,178
07/18/2022,FAR,ND,AGL,CE,Combined TRACON& Tower with Radar,29,67,55,0,151,0,9,30,1,40,29,76,85,1,191,47,0,47,238
07/19/2022,FAR,ND,AGL,CE,Combined TRACON& Tower with Radar,31,61,44,2,138,0,11,11,1,23,31,72,55,3,161,10,0,10,171
07/20/2022,FAR,ND,AGL,CE,Combined TRACON& Tower with Radar,31,77,56,2,166,0,41,54,2,97,31,118,110,4,263,88,4,92,355
07/21/2022,FAR,ND,AGL,CE,Combined TRACON& Tower with Radar,35,78,65,2,180,0,23,59,11,93,35,101,124,13,273,69,0,69,342
07/22/2022,FAR,ND,AGL,CE,Combined TRACON& Tower with Radar,30,59,36,1,126,0,18,65,3,86,30,77,101,4,212,130,15,145,357
07/23/2022,FAR,ND,AGL,CE,Combined TRACON& Tower with Radar,28,29,21,0,78,0,11,25,0,36,28,40,46,0,114,65,0,65,179
07/24/2022,FAR,ND,AGL,CE,Combined TRACON& Tower with Radar,23,22,32,0,77,0,2,52,0,54,23,24,84,0,131,53,0,53,184
07/25/2022,FAR,ND,AGL,CE,Combined TRACON& Tower with Radar,31,56,57,3,147,0,22,61,2,85,31,78,118,5,232,115,2,117,349
07/26/2022,FAR,ND,AGL,CE,Combined TRACON& Tower with Radar,28,78,39,0,145,0,19,36,0,55,28,97,75,0,200,103,0,103,303
07/27/2022,FAR,ND,AGL,CE,Combined TRACON& Tower with Radar,32,62,59,2,155,0,56,68,2,126,32,118,127,4,281,94,0,94,375
07/28/2022,FAR,ND,AGL,CE,Combined TRACON& Tower with Radar,29,67,36,3,135,0,28,60,15,103,29,95,96,18,238,141,0,141,379
07/29/2022,FAR,ND,AGL,CE,Combined TRACON& Tower with Radar,29,75,47,4,155,0,24,62,1,87,29,99,109,5,242,137,22,159,401
07/30/2022,FAR,ND,AGL,CE,Combined TRACON& Tower with Radar,27,35,26,0,88,0,7,49,0,56,27,42,75,0,144,116,0,116,260
07/31/2022,FAR,ND,AGL,CE,Combined TRACON& Tower with Radar,26,11,34,0,71,0,6,24,1,31,26,17,58,1,102,62,0,62,164
08/01/2022,FAR,ND,AGL,CE,Combined TRACON& Tower with Radar,28,57,49,0,134,0,12,75,1,88,28,69,124,1,222,140,0,140,362
08/02/2022,FAR,ND,AGL,CE,Combined TRACON& Tower with Radar,30,83,39,4,156,0,6,33,0,39,30,89,72,4,195,44,6,50,245
08/03/2022,FAR,ND,AGL,CE,Combined TRACON& Tower with Radar,33,69,59,3,164,0,6,34,1,41,33,75,93,4,205,67,0,67,272
08/04/2022,FAR,ND,AGL,CE,Combined TRACON& Tower with Radar,31,76,54,2,163,0,10,49,11,70,31,86,103,13,233,16,0,16,249
08/05/2022,FAR,ND,AGL,CE,Combined TRACON& Tower with Radar,32,71,37,0,140,0,15,26,0,41,32,86,63,0,181,10,0,10,191
08/06/2022,FAR,ND,AGL,CE,Combined TRACON& Tower with Radar,27,35,21,1,84,0,11,38,1,50,27,46,59,2,134,69,0,69,203
08/07/2022,FAR,ND,AGL,CE,Combined TRACON& Tower with Radar,27,19,31,0,77,0,6,33,0,39,27,25,64,0,116,20,21,41,157
08/08/2022,FAR,ND,AGL,CE,Combined TRACON& Tower with Radar,27,64,45,1,137,0,30,52,0,82,27,94,97,1,219,101,0,101,320
08/09/2022,FAR,ND,AGL,CE,Combined TRACON& Tower with Radar,30,75,56,6,167,0,26,98,1,125,30,101,154,7,292,56,2,58,350
08/10/2022,FAR,ND,AGL,CE,Combined TRACON& Tower with Radar,30,84,61,10,185,0,14,63,4,81,30,98,124,14,266,101,8,109,375
08/11/2022,FAR,ND,AGL,CE,Combined TRACON& Tower with Radar,30,82,47,4,163,0,19,70,12,101,30,101,117,16,264,65,0,65,329
08/12/2022,FAR,ND,AGL,CE,Combined TRACON& Tower with Radar,29,91,42,4,166,0,2,20,0,22,29,93,62,4,188,23,0,23,211
08/13/2022,FAR,ND,AGL,CE,Combined TRACON& Tower with Radar,28,52,46,0,126,0,4,15,0,19,28,56,61,0,145,24,0,24,169
08/14/2022,FAR,ND,AGL,CE,Combined TRACON& Tower with Radar,27,22,31,0,80,0,6,55,0,61,27,28,86,0,141,82,0,82,223
08/15/2022,FAR,ND,AGL,CE,Combined TRACON& Tower with Radar,26,58,78,4,166,0,8,41,0,49,26,66,119,4,215,57,0,57,272
08/16/2022,FAR,ND,AGL,CE,Combined TRACON& Tower with Radar,30,91,54,3,178,0,2,41,2,45,30,93,95,5,223,82,0,82,305
08/17/2022,FAR,ND,AGL,CE,Combined TRACON& Tower with Radar,27,77,74,16,194,0,22,42,2,66,27,99,116,18,260,181,4,185,445
08/18/2022,FAR,ND,AGL,CE,Combined TRACON& Tower with Radar,30,75,49,0,154,0,0,4,0,4,30,75,53,0,158,44,0,44,202
08/19/2022,FAR,ND,AGL,CE,Combined TRACON& Tower with Radar,27,72,46,3,148,0,2,3,2,7,27,74,49,5,155,8,0,8,163
08/20/2022,FAR,ND,AGL,CE,Combined TRACON& Tower with Radar,24,48,11,0,83,0,6,21,4,31,24,54,32,4,114,36,0,36,150
08/21/2022,FAR,ND,AGL,CE,Combined TRACON& Tower with Radar,23,18,20,0,61,0,0,44,1,45,23,18,64,1,106,64,0,64,170
08/22/2022,FAR,ND,AGL,CE,Combined TRACON& Tower with Radar,24,48,43,0,115,0,15,38,0,53,24,63,81,0,168,133,0,133,301
08/23/2022,FAR,ND,AGL,CE,Combined TRACON& Tower with Radar,30,87,53,5,175,0,7,59,2,68,30,94,112,7,243,64,16,80,323
08/24/2022,FAR,ND,AGL,CE,Combined TRACON& Tower with Radar,26,73,90,2,191,0,6,8,0,14,26,79,98,2,205,38,0,38,243
08/25/2022,FAR,ND,AGL,CE,Combined TRACON& Tower with Radar,30,96,77,7,210,0,19,68,18,105,30,115,145,25,315,70,4,74,389
08/26/2022,FAR,ND,AGL,CE,Combined TRACON& Tower with Radar,24,109,66,6,205,0,6,36,2,44,24,115,102,8,249,42,4,46,295
08/27/2022,FAR,ND,AGL,CE,Combined TRACON& Tower with Radar,26,65,34,0,125,0,2,18,0,20,26,67,52,0,145,49,0,49,194
08/28/2022,FAR,ND,AGL,CE,Combined TRACON& Tower with Radar,22,25,37,0,84,0,2,2,0,4,22,27,39,0,88,36,0,36,124
08/29/2022,FAR,ND,AGL,CE,Combined TRACON& Tower with Radar,24,57,44,1,126,0,24,24,1,49,24,81,68,2,175,84,0,84,259
08/30/2022,FAR,ND,AGL,CE,Combined TRACON& Tower with Radar,25,101,51,4,181,0,16,59,2,77,25,117,110,6,258,138,8,146,404
08/31/2022,FAR,ND,AGL,CE,Combined TRACON& Tower with Radar,25,84,55,2,166,0,22,60,2,84,25,106,115,4,250,148,14,162,412
09/01/2022,FAR,ND,AGL,CE,Combined TRACON& Tower with Radar,28,113,49,2,192,0,10,50,8,68,28,123,99,10,260,124,0,124,384
09/02/2022,FAR,ND,AGL,CE,Combined TRACON& Tower with Radar,25,84,47,1,157,0,21,37,1,59,25,105,84,2,216,50,6,56,272
09/03/2022,FAR,ND,AGL,CE,Combined TRACON& Tower with Radar,22,43,25,1,91,0,11,49,1,61,22,54,74,2,152,33,0,33,185
09/04/2022,FAR,ND,AGL,CE,Combined TRACON& Tower with Radar,19,28,16,0,63,0,3,29,0,32,19,31,45,0,95,10,0,10,105
09/05/2022,FAR,ND,AGL,CE,Combined TRACON& Tower with Radar,19,39,17,0,75,0,12,26,1,39,19,51,43,1,114,18,0,18,132
09/06/2022,FAR,ND,AGL,CE,Combined TRACON& Tower with Radar,18,48,26,0,92,0,6,48,0,54,18,54,74,0,146,142,0,142,288
09/07/2022,FAR,ND,AGL,CE,Combined TRACON& Tower with Radar,23,91,41,2,157,0,19,58,4,81,23,110,99,6,238,99,6,105,343
09/08/2022,FAR,ND,AGL,CE,Combined TRACON& Tower with Radar,26,86,49,2,163,0,26,35,8,69,26,112,84,10,232,16,12,28,260
09/09/2022,FAR,ND,AGL,CE,Combined TRACON& Tower with Radar,22,98,30,3,153,0,27,47,9,83,22,125,77,12,236,155,0,155,391
09/10/2022,FAR,ND,AGL,CE,Combined TRACON& Tower with Radar,23,58,33,4,118,0,14,45,7,66,23,72,78,11,184,53,0,53,237
09/11/2022,FAR,ND,AGL,CE,Combined TRACON& Tower with Radar,22,42,22,2,88,0,4,41,7,52,22,46,63,9,140,68,0,68,208
09/12/2022,FAR,ND,AGL,CE,Combined TRACON& Tower with Radar,23,84,50,3,160,0,14,40,7,61,23,98,90,10,221,70,26,96,317
09/13/2022,FAR,ND,AGL,CE,Combined TRACON& Tower with Radar,26,96,45,2,169,0,23,61,0,84,26,119,106,2,253,94,26,120,373
09/14/2022,FAR,ND,AGL,CE,Combined TRACON& Tower with Radar,26,107,56,7,196,0,16,38,2,56,26,123,94,9,252,52,0,52,304
09/15/2022,FAR,ND,AGL,CE,Combined TRACON& Tower with Radar,30,85,69,6,190,0,7,23,8,38,30,92,92,14,228,32,0,32,260
09/16/2022,FAR,ND,AGL,CE,Combined TRACON& Tower with Radar,26,91,72,1,190,0,1,4,0,5,26,92,76,1,195,12,0,12,207
09/17/2022,FAR,ND,AGL,CE,Combined TRACON& Tower with Radar,21,72,26,0,119,0,4,16,0,20,21,76,42,0,139,20,0,20,159
09/18/2022,FAR,ND,AGL,CE,Combined TRACON& Tower with Radar,27,38,32,0,97,0,8,44,0,52,27,46,76,0,149,85,0,85,234
09/19/2022,FAR,ND,AGL,CE,Combined TRACON& Tower with Radar,21,62,58,0,141,0,14,29,2,45,21,76,87,2,186,27,0,27,213
09/20/2022,FAR,ND,AGL,CE,Combined TRACON& Tower with Radar,29,86,53,1,169,0,16,55,0,71,29,102,108,1,240,71,0,71,311
09/21/2022,FAR,ND,AGL,CE,Combined TRACON& Tower with Radar,28,95,75,1,199,0,6,57,3,66,28,101,132,4,265,28,18,46,311
09/22/2022,FAR,ND,AGL,CE,Combined TRACON& Tower with Radar,26,96,56,2,180,0,23,70,11,104,26,119,126,13,284,107,0,107,391
09/23/2022,FAR,ND,AGL,CE,Combined TRACON& Tower with Radar,24,67,43,0,134,0,4,15,0,19,24,71,58,0,153,8,2,10,163
09/24/2022,FAR,ND,AGL,CE,Combined TRACON& Tower with Radar,21,68,33,0,122,0,13,31,0,44,21,81,64,0,166,62,0,62,228
09/25/2022,FAR,ND,AGL,CE,Combined TRACON& Tower with Radar,23,23,14,0,60,0,9,24,0,33,23,32,38,0,93,6,0,6,99
09/26/2022,FAR,ND,AGL,CE,Combined TRACON& Tower with Radar,22,114,36,3,175,0,12,72,4,88,22,126,108,7,263,62,0,62,325
09/27/2022,FAR,ND,AGL,CE,Combined TRACON& Tower with Radar,26,75,34,0,135,0,2,82,2,86,26,77,116,2,221,92,0,92,313
09/28/2022,FAR,ND,AGL,CE,Combined TRACON& Tower with Radar,26,136,60,3,225,0,21,41,3,65,26,157,101,6,290,50,0,50,340
09/29/2022,FAR,ND,AGL,CE,Combined TRACON& Tower with Radar,27,104,43,3,177,0,13,18,2,33,27,117,61,5,210,29,0,29,239
09/30/2022,FAR,ND,AGL,CE,Combined TRACON& Tower with Radar,32,109,70,1,212,0,18,58,0,76,32,127,128,1,288,86,23,109,397
10/01/2022,FAR,ND,AGL,CE,Combined TRACON& Tower with Radar,25,48,30,0,103,0,15,33,0,48,25,63,63,0,151,138,0,138,289
10/02/2022,FAR,ND,AGL,CE,Combined TRACON& Tower with Radar,29,27,26,0,82,0,2,19,0,21,29,29,45,0,103,32,0,32,135
10/03/2022,FAR,ND,AGL,CE,Combined TRACON& Tower with Radar,25,109,53,0,187,0,12,51,0,63,25,121,104,0,250,108,0,108,358
10/04/2022,FAR,ND,AGL,CE,Combined TRACON& Tower with Radar,33,84,47,0,164,0,8,33,0,41,33,92,80,0,205,99,0,99,304
10/05/2022,FAR,ND,AGL,CE,Combined TRACON& Tower with Radar,28,85,64,4,181,0,10,39,6,55,28,95,103,10,236,20,0,20,256
10/06/2022,FAR,ND,AGL,CE,Combined TRACON& Tower with Radar,33,64,56,6,159,0,16,26,4,46,33,80,82,10,205,16,5,21,226
10/07/2022,FAR,ND,AGL,CE,Combined TRACON& Tower with Radar,37,77,41,0,155,0,19,52,3,74,37,96,93,3,229,67,0,67,296
10/08/2022,FAR,ND,AGL,CE,Combined TRACON& Tower with Radar,29,55,24,0,108,0,19,33,2,54,29,74,57,2,162,39,0,39,201
10/09/2022,FAR,ND,AGL,CE,Combined TRACON& Tower with Radar,31,40,37,0,108,0,18,33,2,53,31,58,70,2,161,48,1,49,210
10/10/2022,FAR,ND,AGL,CE,Combined TRACON& Tower with Radar,33,70,42,0,145,0,18,38,0,56,33,88,80,0,201,82,0,82,283
10/11/2022,FAR,ND,AGL,CE,Combined TRACON& Tower with Radar,32,78,57,0,167,0,16,46,0,62,32,94,103,0,229,60,0,60,289
10/12/2022,FAR,ND,AGL,CE,Combined TRACON& Tower with Radar,32,60,42,0,134,0,10,14,2,26,32,70,56,2,160,36,0,36,196
10/13/2022,FAR,ND,AGL,CE,Combined TRACON& Tower with Radar,35,64,48,0,147,0,6,19,4,29,35,70,67,4,176,50,0,50,226
10/14/2022,FAR,ND,AGL,CE,Combined TRACON& Tower with Radar,35,67,31,0,133,0,2,4,0,6,35,69,35,0,139,0,0,0,139
10/15/2022,FAR,ND,AGL,CE,Combined TRACON& Tower with Radar,27,31,27,0,85,0,6,15,0,21,27,37,42,0,106,80,0,80,186
10/16/2022,FAR,ND,AGL,CE,Combined TRACON& Tower with Radar,31,11,18,0,60,0,2,9,0,11,31,13,27,0,71,4,0,4,75
10/17/2022,FAR,ND,AGL,CE,Combined TRACON& Tower with Radar,36,62,54,2,154,0,32,40,0,72,36,94,94,2,226,74,4,78,304
10/18/2022,FAR,ND,AGL,CE,Combined TRACON& Tower with Radar,37,106,43,4,190,0,14,40,4,58,37,120,83,8,248,91,0,91,339
10/19/2022,FAR,ND,AGL,CE,Combined TRACON& Tower with Radar,36,92,59,4,191,0,19,30,6,55,36,111,89,10,246,86,6,92,338
10/20/2022,FAR,ND,AGL,CE,Combined TRACON& Tower with Radar,36,83,59,3,181,0,32,55,10,97,36,115,114,13,278,167,4,171,449
10/21/2022,FAR,ND,AGL,CE,Combined TRACON& Tower with Radar,35,71,42,0,148,0,28,34,3,65,35,99,76,3,213,58,0,58,271
10/22/2022,FAR,ND,AGL,CE,Combined TRACON& Tower with Radar,27,43,28,0,98,0,8,35,0,43,27,51,63,0,141,70,0,70,211
10/23/2022,FAR,ND,AGL,CE,Combined TRACON& Tower with Radar,31,20,40,4,95,0,21,20,1,42,31,41,60,5,137,20,0,20,157
10/24/2022,FAR,ND,AGL,CE,Combined TRACON& Tower with Radar,32,37,36,2,107,0,0,6,0,6,32,37,42,2,113,0,0,0,113
10/25/2022,FAR,ND,AGL,CE,Combined TRACON& Tower with Radar,34,51,48,2,135,0,12,35,4,51,34,63,83,6,186,105,0,105,291
10/26/2022,FAR,ND,AGL,CE,Combined TRACON& Tower with Radar,32,64,48,0,144,0,19,47,4,70,32,83,95,4,214,181,2,183,397
10/27/2022,FAR,ND,AGL,CE,Combined TRACON& Tower with Radar,36,70,67,2,175,0,26,29,2,57,36,96,96,4,232,88,0,88,320
10/28/2022,FAR,ND,AGL,CE,Combined TRACON& Tower with Radar,35,76,52,0,163,0,23,47,7,77,35,99,99,7,240,127,0,127,367
10/29/2022,FAR,ND,AGL,CE,Combined TRACON& Tower with Radar,28,47,31,0,106,0,18,28,2,48,28,65,59,2,154,97,0,97,251
10/30/2022,FAR,ND,AGL,CE,Combined TRACON& Tower with Radar,33,17,36,0,86,0,2,46,1,49,33,19,82,1,135,98,0,98,233
10/31/2022,FAR,ND,AGL,CE,Combined TRACON& Tower with Radar,32,40,28,0,100,0,18,34,0,52,32,58,62,0,152,122,0,122,274
11/01/2022,FAR,ND,AGL,CE,Combined TRACON& Tower with Radar,36,74,46,4,160,0,18,59,2,79,36,92,105,6,239,36,0,36,275
11/02/2022,FAR,ND,AGL,CE,Combined TRACON& Tower with Radar,34,74,63,0,171,0,23,14,0,37,34,97,77,0,208,38,0,38,246
11/03/2022,FAR,ND,AGL,CE,Combined TRACON& Tower with Radar,36,58,65,4,163,0,12,25,2,39,36,70,90,6,202,97,0,97,299
11/04/2022,FAR,ND,AGL,CE,Combined TRACON& Tower with Radar,38,74,45,1,158,0,33,39,5,77,38,107,84,6,235,102,2,104,339
11/05/2022,FAR,ND,AGL,CE,Combined TRACON& Tower with Radar,29,34,22,3,88,0,19,43,5,67,29,53,65,8,155,69,20,89,244
11/06/2022,FAR,ND,AGL,CE,Combined TRACON& Tower with Radar,29,18,15,0,62,0,2,3,0,5,29,20,18,0,67,0,0,0,67
11/07/2022,FAR,ND,AGL,CE,Combined TRACON& Tower with Radar,30,39,44,0,113,0,4,31,0,35,30,43,75,0,148,66,0,66,214
11/08/2022,FAR,ND,AGL,CE,Combined TRACON& Tower with Radar,37,65,34,1,137,0,0,0,0,0,37,65,34,1,137,0,0,0,137
11/09/2022,FAR,ND,AGL,CE,Combined TRACON& Tower with Radar,34,55,36,0,125,0,0,0,0,0,34,55,36,0,125,0,0,0,125
11/10/2022,FAR,ND,AGL,CE,Combined TRACON& Tower with Radar,21,4,9,0,34,0,0,0,0,0,21,4,9,0,34,0,0,0,34
11/11/2022,FAR,ND,AGL,CE,Combined TRACON& Tower with Radar,36,51,26,0,113,0,2,0,0,2,36,53,26,0,115,0,0,0,115
11/12/2022,FAR,ND,AGL,CE,Combined TRACON& Tower with Radar,32,38,26,0,96,0,0,1,0,1,32,38,27,0,97,28,0,28,125
11/13/2022,FAR,ND,AGL,CE,Combined TRACON& Tower with Radar,39,16,22,0,77,0,0,5,0,5,39,16,27,0,82,26,0,26,108
11/14/2022,FAR,ND,AGL,CE,Combined TRACON& Tower with Radar,31,59,29,0,119,0,0,3,0,3,31,59,32,0,122,0,0,0,122
11/15/2022,FAR,ND,AGL,CE,Combined TRACON& Tower with Radar,42,75,33,1,151,0,0,2,0,2,42,75,35,1,153,0,0,0,153
11/16/2022,FAR,ND,AGL,CE,Combined TRACON& Tower with Radar,34,62,40,8,144,0,0,25,5,30,34,62,65,13,174,94,6,100,274
11/17/2022,FAR,ND,AGL,CE,Combined TRACON& Tower with Radar,41,61,53,0,155,0,0,3,0,3,41,61,56,0,158,0,0,0,158
11/18/2022,FAR,ND,AGL,CE,Combined TRACON& Tower with Radar,34,67,38,2,141,0,4,22,2,28,34,71,60,4,169,22,12,34,203
11/19/2022,FAR,ND,AGL,CE,Combined TRACON& Tower with Radar,30,41,18,0,89,0,4,16,0,20,30,45,34,0,109,80,0,80,189
11/20/2022,FAR,ND,AGL,CE,Combined TRACON& Tower with Radar,37,25,27,1,90,0,8,31,0,39,37,33,58,1,129,52,0,52,181
11/21/2022,FAR,ND,AGL,CE,Combined TRACON& Tower with Radar,32,39,38,0,109,0,0,7,3,10,32,39,45,3,119,14,0,14,133
11/22/2022,FAR,ND,AGL,CE,Combined TRACON& Tower with Radar,43,91,64,0,198,0,39,51,10,100,43,130,115,10,298,125,12,137,435
11/23/2022,FAR,ND,AGL,CE,Combined TRACON& Tower with Radar,42,63,47,6,158,0,14,40,4,58,42,77,87,10,216,91,26,117,333
11/24/2022,FAR,ND,AGL,CE,Combined TRACON& Tower with Radar,17,7,11,0,35,0,1,2,0,3,17,8,13,0,38,4,0,4,42
11/25/2022,FAR,ND,AGL,CE,Combined TRACON& Tower with Radar,30,64,17,0,111,0,9,31,0,40,30,73,48,0,151,75,0,75,226
11/26/2022,FAR,ND,AGL,CE,Combined TRACON& Tower with Radar,36,43,23,0,102,0,14,19,0,33,36,57,42,0,135,12,0,12,147
11/27/2022,FAR,ND,AGL,CE,Combined TRACON& Tower with Radar,40,21,28,0,89,0,13,29,0,42,40,34,57,0,131,106,0,106,237
11/28/2022,FAR,ND,AGL,CE,Combined TRACON& Tower with Radar,34,43,38,3,118,0,18,25,2,45,34,61,63,5,163,77,0,77,240
11/29/2022,FAR,ND,AGL,CE,Combined TRACON& Tower with Radar,46,62,45,0,153,0,6,21,8,35,46,68,66,8,188,34,0,34,222
11/30/2022,FAR,ND,AGL,CE,Combined TRACON& Tower with Radar,38,72,42,4,156,0,26,45,4,75,38,98,87,8,231,89,6,95,326
12/01/2022,FAR,ND,AGL,CE,Combined TRACON& Tower with Radar,44,78,50,4,176,0,58,37,14,109,44,136,87,18,285,65,7,72,357
12/02/2022,FAR,ND,AGL,CE,Combined TRACON& Tower with Radar,40,67,32,0,139,0,0,0,0,0,40,67,32,0,139,0,0,0,139
12/03/2022,FAR,ND,AGL,CE,Combined TRACON& Tower with Radar,31,52,18,0,101,0,44,28,0,72,31,96,46,0,173,114,0,114,287
12/04/2022,FAR,ND,AGL,CE,Combined TRACON& Tower with Radar,40,22,31,0,93,0,18,19,0,37,40,40,50,0,130,24,0,24,154
12/05/2022,FAR,ND,AGL,CE,Combined TRACON& Tower with Radar,32,48,37,1,118,0,27,19,1,47,32,75,56,2,165,84,0,84,249
12/06/2022,FAR,ND,AGL,CE,Combined TRACON& Tower with Radar,38,62,30,0,130,0,2,3,0,5,38,64,33,0,135,0,0,0,135
12/07/2022,FAR,ND,AGL,CE,Combined TRACON& Tower with Radar,35,69,50,18,172,0,54,48,4,106,35,123,98,22,278,109,24,133,411
12/08/2022,FAR,ND,AGL,CE,Combined TRACON& Tower with Radar,48,59,57,3,167,0,4,31,11,46,48,63,88,14,213,97,8,105,318
12/09/2022,FAR,ND,AGL,CE,Combined TRACON& Tower with Radar,36,66,31,4,137,1,0,0,0,1,37,66,31,4,138,0,0,0,138
12/10/2022,FAR,ND,AGL,CE,Combined TRACON& Tower with Radar,28,44,22,0,94,0,0,1,0,1,28,44,23,0,95,0,0,0,95
12/11/2022,FAR,ND,AGL,CE,Combined TRACON& Tower with Radar,38,22,13,0,73,0,0,15,2,17,38,22,28,2,90,54,0,54,144
12/12/2022,FAR,ND,AGL,CE,Combined TRACON& Tower with Radar,29,51,44,0,124,0,0,0,0,0,29,51,44,0,124,0,0,0,124
12/13/2022,FAR,ND,AGL,CE,Combined TRACON& Tower with Radar,22,43,12,0,77,0,0,0,0,0,22,43,12,0,77,0,0,0,77
12/14/2022,FAR,ND,AGL,CE,Combined TRACON& Tower with Radar,37,40,21,0,98,0,0,0,0,0,37,40,21,0,98,0,0,0,98
12/15/2022,FAR,ND,AGL,CE,Combined TRACON& Tower with Radar,26,36,10,0,72,0,0,0,0,0,26,36,10,0,72,0,0,0,72
12/16/2022,FAR,ND,AGL,CE,Combined TRACON& Tower with Radar,43,51,23,0,117,0,0,0,0,0,43,51,23,0,117,0,0,0,117
12/17/2022,FAR,ND,AGL,CE,Combined TRACON& Tower with Radar,35,58,22,0,115,0,0,1,0,1,35,58,23,0,116,0,0,0,116
12/18/2022,FAR,ND,AGL,CE,Combined TRACON& Tower with Radar,35,21,12,0,68,0,6,17,0,23,35,27,29,0,91,24,0,24,115
12/19/2022,FAR,ND,AGL,CE,Combined TRACON& Tower with Radar,33,46,24,0,103,0,4,0,0,4,33,50,24,0,107,0,0,0,107
12/20/2022,FAR,ND,AGL,CE,Combined TRACON& Tower with Radar,41,75,40,0,156,0,14,7,0,21,41,89,47,0,177,18,0,18,195
12/21/2022,FAR,ND,AGL,CE,Combined TRACON& Tower with Radar,38,74,35,0,147,0,0,0,0,0,38,74,35,0,147,0,0,0,147
12/22/2022,FAR,ND,AGL,CE,Combined TRACON& Tower with Radar,37,44,24,0,105,0,0,1,0,1,37,44,25,0,106,0,0,0,106
12/23/2022,FAR,ND,AGL,CE,Combined TRACON& Tower with Radar,12,26,17,0,55,0,0,0,0,0,12,26,17,0,55,0,0,0,55
12/24/2022,FAR,ND,AGL,CE,Combined TRACON& Tower with Radar,23,24,8,0,55,0,3,3,0,6,23,27,11,0,61,0,0,0,61
12/25/2022,FAR,ND,AGL,CE,Combined TRACON& Tower with Radar,21,15,4,0,40,0,0,0,0,0,21,15,4,0,40,0,0,0,40
12/26/2022,FAR,ND,AGL,CE,Combined TRACON& Tower with Radar,29,20,32,0,81,0,4,8,0,12,29,24,40,0,93,0,0,0,93
12/27/2022,FAR,ND,AGL,CE,Combined TRACON& Tower with Radar,35,61,24,3,123,0,10,11,0,21,35,71,35,3,144,12,0,12,156
12/28/2022,FAR,ND,AGL,CE,Combined TRACON& Tower with Radar,35,61,41,2,139,0,4,16,0,20,35,65,57,2,159,38,0,38,197
12/29/2022,FAR,ND,AGL,CE,Combined TRACON& Tower with Radar,44,71,28,2,145,0,0,2,8,10,44,71,30,10,155,12,0,12,167
12/30/2022,FAR,ND,AGL,CE,Combined TRACON& Tower with Radar,34,72,25,0,131,0,0,1,0,1,34,72,26,0,132,10,0,10,142
12/31/2022,FAR,ND,AGL,CE,Combined TRACON& Tower with Radar,29,31,9,0,69,0,0,0,0,0,29,31,9,0,69,0,0,0,69
01/01/2023,FAR,ND,AGL,CE,Combined TRACON& Tower with Radar,23,25,20,0,68,0,0,0,0,0,23,25,20,0,68,0,0,0,68
01/02/2023,FAR,ND,AGL,CE,Combined TRACON& Tower with Radar,30,28,11,0,69,0,0,6,0,6,30,28,17,0,75,50,0,50,125
01/03/2023,FAR,ND,AGL,CE,Combined TRACON& Tower with Radar,35,34,10,0,79,0,0,1,0,1,35,34,11,0,80,0,0,0,80
01/04/2023,FAR,ND,AGL,CE,Combined TRACON& Tower with Radar,35,61,26,0,122,0,4,27,0,31,35,65,53,0,153,58,0,58,211
01/05/2023,FAR,ND,AGL,CE,Combined TRACON& Tower with Radar,43,64,27,0,134,0,1,22,6,29,43,65,49,6,163,7,6,13,176
01/06/2023,FAR,ND,AGL,CE,Combined TRACON& Tower with Radar,35,73,33,0,141,0,0,5,0,5,35,73,38,0,146,0,0,0,146
01/07/2023,FAR,ND,AGL,CE,Combined TRACON& Tower with Radar,30,38,15,0,83,0,3,6,2,11,30,41,21,2,94,36,4,40,134
01/08/2023,FAR,ND,AGL,CE,Combined TRACON& Tower with Radar,38,32,33,0,103,0,5,36,4,45,38,37,69,4,148,90,4,94,242
01/09/2023,FAR,ND,AGL,CE,Combined TRACON& Tower with Radar,31,40,21,0,92,0,0,0,0,0,31,40,21,0,92,0,0,0,92
01/10/2023,FAR,ND,AGL,CE,Combined TRACON& Tower with Radar,36,51,37,0,124,0,0,0,0,0,36,51,37,0,124,0,0,0,124
01/11/2023,FAR,ND,AGL,CE,Combined TRACON& Tower with Radar,32,55,35,0,122,0,0,0,0,0,32,55,35,0,122,0,0,0,122
01/12/2023,FAR,ND,AGL,CE,Combined TRACON& Tower with Radar,41,45,39,2,127,0,0,1,0,1,41,45,40,2,128,0,0,0,128
01/13/2023,FAR,ND,AGL,CE,Combined TRACON& Tower with Radar,33,51,29,0,113,0,0,19,2,21,33,51,48,2,134,14,7,21,155
01/14/2023,FAR,ND,AGL,CE,Combined TRACON& Tower with Radar,28,33,30,0,91,0,4,40,0,44,28,37,70,0,135,47,0,47,182
01/15/2023,FAR,ND,AGL,CE,Combined TRACON& Tower with Radar,33,16,16,0,65,0,0,28,0,28,33,16,44,0,93,12,0,12,105
01/16/2023,FAR,ND,AGL,CE,Combined TRACON& Tower with Radar,31,28,23,0,82,0,0,0,0,0,31,28,23,0,82,0,0,0,82
01/17/2023,FAR,ND,AGL,CE,Combined TRACON& Tower with Radar,33,50,21,0,104,0,0,6,0,6,33,50,27,0,110,42,0,42,152
01/18/2023,FAR,ND,AGL,CE,Combined TRACON& Tower with Radar,31,66,51,10,158,0,0,1,2,3,31,66,52,12,161,28,10,38,199
01/19/2023,FAR,ND,AGL,CE,Combined TRACON& Tower with Radar,40,63,51,5,159,0,0,7,8,15,40,63,58,13,174,26,22,48,222
01/20/2023,FAR,ND,AGL,CE,Combined TRACON& Tower with Radar,32,60,38,0,130,0,0,0,0,0,32,60,38,0,130,0,0,0,130
01/21/2023,FAR,ND,AGL,CE,Combined TRACON& Tower with Radar,29,42,21,0,92,0,14,46,0,60,29,56,67,0,152,91,0,91,243
01/22/2023,FAR,ND,AGL,CE,Combined TRACON& Tower with Radar,32,18,15,0,65,0,2,32,0,34,32,20,47,0,99,89,0,89,188
01/23/2023,FAR,ND,AGL,CE,Combined TRACON& Tower with Radar,30,42,28,0,100,0,0,29,2,31,30,42,57,2,131,76,0,76,207
01/24/2023,FAR,ND,AGL,CE,Combined TRACON& Tower with Radar,37,74,36,0,147,0,1,6,0,7,37,75,42,0,154,30,0,30,184
01/25/2023,FAR,ND,AGL,CE,Combined TRACON& Tower with Radar,32,61,47,8,148,0,5,34,4,43,32,66,81,12,191,77,18,95,286
01/26/2023,FAR,ND,AGL,CE,Combined TRACON& Tower with Radar,38,81,45,8,172,0,3,12,2,17,38,84,57,10,189,72,0,72,261
01/27/2023,FAR,ND,AGL,CE,Combined TRACON& Tower with Radar,31,64,23,0,118,0,10,15,3,28,31,74,38,3,146,46,0,46,192
01/28/2023,FAR,ND,AGL,CE,Combined TRACON& Tower with Radar,29,41,19,0,89,0,47,26,0,73,29,88,45,0,162,133,0,133,295
01/29/2023,FAR,ND,AGL,CE,Combined TRACON& Tower with Radar,33,13,20,0,66,0,15,14,0,29,33,28,34,0,95,118,0,118,213
01/30/2023,FAR,ND,AGL,CE,Combined TRACON& Tower with Radar,30,56,34,2,122,0,35,20,0,55,30,91,54,2,177,120,0,120,297
01/31/2023,FAR,ND,AGL,CE,Combined TRACON& Tower with Radar,23,56,43,2,124,0,16,30,2,48,23,72,73,4,172,101,0,101,273
02/01/2023,FAR,ND,AGL,CE,Combined TRACON& Tower with Radar,23,48,54,0,125,0,17,34,0,51,23,65,88,0,176,30,0,30,206
02/02/2023,FAR,ND,AGL,CE,Combined TRACON& Tower with Radar,32,61,52,0,145,0,21,22,2,45,32,82,74,2,190,40,0,40,230
02/03/2023,FAR,ND,AGL,CE,Combined TRACON& Tower with Radar,36,47,27,2,112,0,8,15,3,26,36,55,42,5,138,16,0,16,154
02/04/2023,FAR,ND,AGL,CE,Combined TRACON& Tower with Radar,32,37,17,2,88,0,21,38,0,59,32,58,55,2,147,101,0,101,248
02/05/2023,FAR,ND,AGL,CE,Combined TRACON& Tower with Radar,37,19,22,1,79,0,0,10,0,10,37,19,32,1,89,79,0,79,168
02/06/2023,FAR,ND,AGL,CE,Combined TRACON& Tower with Radar,37,43,30,1,111,0,6,7,2,15,37,49,37,3,126,30,0,30,156
02/07/2023,FAR,ND,AGL,CE,Combined TRACON& Tower with Radar,40,76,39,0,155,0,17,57,0,74,40,93,96,0,229,200,0,200,429
02/08/2023,FAR,ND,AGL,CE,Combined TRACON& Tower with Radar,36,71,60,3,170,0,18,43,0,61,36,89,103,3,231,137,8,145,376
02/09/2023,FAR,ND,AGL,CE,Combined TRACON& Tower with Radar,44,58,37,6,145,0,7,8,9,24,44,65,45,15,169,16,0,16,185
02/10/2023,FAR,ND,AGL,CE,Combined TRACON& Tower with Radar,37,75,36,0,148,0,37,53,4,94,37,112,89,4,242,159,0,159,401
02/11/2023,FAR,ND,AGL,CE,Combined TRACON& Tower with Radar,36,46,32,0,114,0,21,48,2,71,36,67,80,2,185,37,0,37,222
02/12/2023,FAR,ND,AGL,CE,Combined TRACON& Tower with Radar,41,15,23,0,79,0,11,26,0,37,41,26,49,0,116,82,0,82,198
02/13/2023,FAR,ND,AGL,CE,Combined TRACON& Tower with Radar,36,47,32,0,115,0,19,46,0,65,36,66,78,0,180,121,0,121,301
02/14/2023,FAR,ND,AGL,CE,Combined TRACON& Tower with Radar,37,48,26,0,111,0,8,1,0,9,37,56,27,0,120,20,0,20,140
02/15/2023,FAR,ND,AGL,CE,Combined TRACON& Tower with Radar,42,46,16,5,109,0,18,12,2,32,42,64,28,7,141,37,10,47,188
02/16/2023,FAR,ND,AGL,CE,Combined TRACON& Tower with Radar,46,64,34,2,146,0,26,29,4,59,46,90,63,6,205,100,0,100,305
02/17/2023,FAR,ND,AGL,CE,Combined TRACON& Tower with Radar,40,65,36,0,141,0,26,22,2,50,40,91,58,2,191,67,0,67,258
02/18/2023,FAR,ND,AGL,CE,Combined TRACON& Tower with Radar,38,36,18,0,92,0,25,23,0,48,38,61,41,0,140,72,0,72,212
02/19/2023,FAR,ND,AGL,CE,Combined TRACON& Tower with Radar,39,17,28,0,84,0,19,19,0,38,39,36,47,0,122,56,0,56,178
02/20/2023,FAR,ND,AGL,CE,Combined TRACON& Tower with Radar,40,29,13,0,82,0,0,0,0,0,40,29,13,0,82,0,0,0,82
02/21/2023,FAR,ND,AGL,CE,Combined TRACON& Tower with Radar,33,69,27,0,129,0,0,13,0,13,33,69,40,0,142,15,0,15,157
02/22/2023,FAR,ND,AGL,CE,Combined TRACON& Tower with Radar,34,44,26,0,104,0,0,0,0,0,34,44,26,0,104,0,0,0,104
02/23/2023,FAR,ND,AGL,CE,Combined TRACON& Tower with Radar,37,43,17,0,97,0,0,0,0,0,37,43,17,0,97,0,0,0,97
02/24/2023,FAR,ND,AGL,CE,Combined TRACON& Tower with Radar,39,50,26,0,115,0,18,24,0,42,39,68,50,0,157,80,0,80,237
02/25/2023,FAR,ND,AGL,CE,Combined TRACON& Tower with Radar,38,50,40,0,128,0,35,36,0,71,38,85,76,0,199,78,0,78,277
02/26/2023,FAR,ND,AGL,CE,Combined TRACON& Tower with Radar,42,22,21,0,85,0,14,38,0,52,42,36,59,0,137,4,0,4,141
02/27/2023,FAR,ND,AGL,CE,Combined TRACON& Tower with Radar,39,36,37,0,112,0,2,18,0,20,39,38,55,0,132,12,0,12,144
02/28/2023,FAR,ND,AGL,CE,Combined TRACON& Tower with Radar,40,59,42,3,144,0,8,49,2,59,40,67,91,5,203,109,0,109,312
03/01/2023,FAR,ND,AGL,CE,Combined TRACON& Tower with Radar,41,35,7,0,83,0,5,1,0,6,41,40,8,0,89,4,0,4,93
03/02/2023,FAR,ND,AGL,CE,Combined TRACON& Tower with Radar,44,56,36,3,139,0,0,1,6,7,44,56,37,9,146,1,0,1,147
03/03/2023,FAR,ND,AGL,CE,Combined TRACON& Tower with Radar,40,52,22,0,114,0,18,53,0,71,40,70,75,0,185,202,0,202,387
03/04/2023,FAR,ND,AGL,CE,Combined TRACON& Tower with Radar,37,52,33,2,124,0,26,54,0,80,37,78,87,2,204,154,0,154,358
03/05/2023,FAR,ND,AGL,CE,Combined TRACON& Tower with Radar,39,12,13,0,64,0,2,4,0,6,39,14,17,0,70,38,0,38,108
03/06/2023,FAR,ND,AGL,CE,Combined TRACON& Tower with Radar,39,70,26,0,135,0,20,15,0,35,39,90,41,0,170,53,0,53,223
03/07/2023,FAR,ND,AGL,CE,Combined TRACON& Tower with Radar,42,53,39,7,141,0,5,49,0,54,42,58,88,7,195,42,10,52,247
03/08/2023,FAR,ND,AGL,CE,Combined TRACON& Tower with Radar,41,59,34,0,134,0,0,0,0,0,41,59,34,0,134,0,0,0,134
03/09/2023,FAR,ND,AGL,CE,Combined TRACON& Tower with Radar,47,54,29,0,130,0,0,2,0,2,47,54,31,0,132,0,0,0,132
03/10/2023,FAR,ND,AGL,CE,Combined TRACON& Tower with Radar,38,62,37,2,139,0,3,13,2,18,38,65,50,4,157,20,0,20,177
03/11/2023,FAR,ND,AGL,CE,Combined TRACON& Tower with Radar,23,8,13,0,44,0,0,0,0,0,23,8,13,0,44,0,0,0,44
03/12/2023,FAR,ND,AGL,CE,Combined TRACON& Tower with Radar,42,20,26,0,88,0,2,0,0,2,42,22,26,0,90,0,0,0,90
03/13/2023,FAR,ND,AGL,CE,Combined TRACON& Tower with Radar,40,37,38,2,117,0,29,58,2,89,40,66,96,4,206,126,0,126,332
03/14/2023,FAR,ND,AGL,CE,Combined TRACON& Tower with Radar,42,43,38,0,123,0,7,10,2,19,42,50,48,2,142,6,0,6,148
03/15/2023,FAR,ND,AGL,CE,Combined TRACON& Tower with Radar,43,60,45,0,148,0,4,32,0,36,43,64,77,0,184,41,34,75,259
03/16/2023,FAR,ND,AGL,CE,Combined TRACON& Tower with Radar,44,54,50,7,155,0,0,4,5,9,44,54,54,12,164,10,6,16,180
03/17/2023,FAR,ND,AGL,CE,Combined TRACON& Tower with Radar,39,40,27,0,106,0,0,3,0,3,39,40,30,0,109,0,0,0,109
03/18/2023,FAR,ND,AGL,CE,Combined TRACON& Tower with Radar,39,45,21,0,105,0,17,9,0,26,39,62,30,0,131,33,0,33,164
03/19/2023,FAR,ND,AGL,CE,Combined TRACON& Tower with Radar,42,25,31,0,98,0,10,38,0,48,42,35,69,0,146,42,0,42,188
03/20/2023,FAR,ND,AGL,CE,Combined TRACON& Tower with Radar,39,42,33,0,114,0,28,48,2,78,39,70,81,2,192,119,36,155,347
03/21/2023,FAR,ND,AGL,CE,Combined TRACON& Tower with Radar,39,67,27,0,133,1,4,17,2,24,40,71,44,2,157,36,39,75,232
03/22/2023,FAR,ND,AGL,CE,Combined TRACON& Tower with Radar,42,59,38,2,141,0,8,11,0,19,42,67,49,2,160,14,0,14,174
03/23/2023,FAR,ND,AGL,CE,Combined TRACON& Tower with Radar,47,68,74,1,190,0,7,31,7,45,47,75,105,8,235,47,10,57,292
03/24/2023,FAR,ND,AGL,CE,Combined TRACON& Tower with Radar,42,43,39,0,124,0,8,30,2,40,42,51,69,2,164,43,0,43,207
03/25/2023,FAR,ND,AGL,CE,Combined TRACON& Tower with Radar,36,28,19,0,83,0,20,25,0,45,36,48,44,0,128,52,0,52,180
03/26/2023,FAR,ND,AGL,CE,Combined TRACON& Tower with Radar,43,25,28,4,100,0,20,50,0,70,43,45,78,4,170,126,0,126,296
03/27/2023,FAR,ND,AGL,CE,Combined TRACON& Tower with Radar,37,47,48,0,132,0,25,16,0,41,37,72,64,0,173,61,0,61,234
03/28/2023,FAR,ND,AGL,CE,Combined TRACON& Tower with Radar,44,66,33,0,143,0,37,16,0,53,44,103,49,0,196,71,0,71,267
03/29/2023,FAR,ND,AGL,CE,Combined TRACON& Tower with Radar,44,60,45,0,149,0,37,65,4,106,44,97,110,4,255,131,4,135,390
03/30/2023,FAR,ND,AGL,CE,Combined TRACON& Tower with Radar,48,46,33,2,129,0,5,31,8,44,48,51,64,10,173,58,6,64,237
03/31/2023,FAR,ND,AGL,CE,Combined TRACON& Tower with Radar,46,40,32,0,118,0,9,4,0,13,46,49,36,0,131,24,22,46,177
04/01/2023,FAR,ND,AGL,CE,Combined TRACON& Tower with Radar,37,46,29,0,112,0,25,70,2,97,37,71,99,2,209,108,0,108,317
04/02/2023,FAR,ND,AGL,CE,Combined TRACON& Tower with Radar,36,7,21,0,64,0,0,27,4,31,36,7,48,4,95,64,0,64,159
04/03/2023,FAR,ND,AGL,CE,Combined TRACON& Tower with Radar,37,39,37,0,113,0,0,0,0,0,37,39,37,0,113,0,0,0,113
04/04/2023,FAR,ND,AGL,CE,Combined TRACON& Tower with Radar,22,30,17,0,69,0,0,0,0,0,22,30,17,0,69,0,0,0,69
04/05/2023,FAR,ND,AGL,CE,Combined TRACON& Tower with Radar,28,19,9,0,56,0,0,0,0,0,28,19,9,0,56,0,0,0,56
04/06/2023,FAR,ND,AGL,CE,Combined TRACON& Tower with Radar,42,53,50,0,145,0,6,53,4,63,42,59,103,4,208,53,6,59,267
04/07/2023,FAR,ND,AGL,CE,Combined TRACON& Tower with Radar,39,47,40,0,126,0,2,38,0,40,39,49,78,0,166,35,0,35,201
04/08/2023,FAR,ND,AGL,CE,Combined TRACON& Tower with Radar,35,40,32,0,107,0,12,37,0,49,35,52,69,0,156,79,0,79,235
04/09/2023,FAR,ND,AGL,CE,Combined TRACON& Tower with Radar,36,9,16,0,61,0,0,16,0,16,36,9,32,0,77,10,0,10,87
04/10/2023,FAR,ND,AGL,CE,Combined TRACON& Tower with Radar,38,55,48,0,141,0,39,44,0,83,38,94,92,0,224,74,0,74,298
04/11/2023,FAR,ND,AGL,CE,Combined TRACON& Tower with Radar,42,87,59,0,188,0,42,59,10,111,42,129,118,10,299,58,5,63,362
04/12/2023,FAR,ND,AGL,CE,Combined TRACON& Tower with Radar,40,66,61,2,169,0,52,77,4,133,40,118,138,6,302,117,6,123,425
04/13/2023,FAR,ND,AGL,CE,Combined TRACON& Tower with Radar,44,57,49,1,151,0,23,59,7,89,44,80,108,8,240,62,9,71,311
04/14/2023,FAR,ND,AGL,CE,Combined TRACON& Tower with Radar,38,56,47,0,141,0,0,2,0,2,38,56,49,0,143,0,0,0,143
04/15/2023,FAR,ND,AGL,CE,Combined TRACON& Tower with Radar,36,31,22,1,90,0,0,0,1,1,36,31,22,2,91,0,0,0,91
04/16/2023,FAR,ND,AGL,CE,Combined TRACON& Tower with Radar,38,7,17,1,63,0,5,4,1,10,38,12,21,2,73,6,0,6,79
04/17/2023,FAR,ND,AGL,CE,Combined TRACON& Tower with Radar,38,47,38,1,124,0,10,47,0,57,38,57,85,1,181,85,0,85,266
04/18/2023,FAR,ND,AGL,CE,Combined TRACON& Tower with Radar,42,66,33,3,144,0,29,55,5,89,42,95,88,8,233,54,6,60,293
04/19/2023,FAR,ND,AGL,CE,Combined TRACON& Tower with Radar,41,48,45,5,139,0,2,9,0,11,41,50,54,5,150,0,8,8,158
04/20/2023,FAR,ND,AGL,CE,Combined TRACON& Tower with Radar,44,59,33,3,139,0,0,0,0,0,44,59,33,3,139,0,0,0,139
04/21/2023,FAR,ND,AGL,CE,Combined TRACON& Tower with Radar,38,53,31,0,122,0,0,0,0,0,38,53,31,0,122,0,0,0,122
04/22/2023,FAR,ND,AGL,CE,Combined TRACON& Tower with Radar,39,29,11,0,79,0,3,25,4,32,39,32,36,4,111,37,0,37,148
04/23/2023,FAR,ND,AGL,CE,Combined TRACON& Tower with Radar,37,15,29,0,81,0,9,63,0,72,37,24,92,0,153,116,0,116,269
04/24/2023,FAR,ND,AGL,CE,Combined TRACON& Tower with Radar,37,45,32,2,116,0,37,49,4,90,37,82,81,6,206,92,10,102,308
04/25/2023,FAR,ND,AGL,CE,Combined TRACON& Tower with Radar,41,65,50,4,160,0,25,75,4,104,41,90,125,8,264,197,28,225,489
04/26/2023,FAR,ND,AGL,CE,Combined TRACON& Tower with Radar,39,58,62,0,159,0,10,30,4,44,39,68,92,4,203,2,15,17,220
04/27/2023,FAR,ND,AGL,CE,Combined TRACON& Tower with Radar,43,55,62,0,160,0,0,18,4,22,43,55,80,4,182,53,19,72,254
04/28/2023,FAR,ND,AGL,CE,Combined TRACON& Tower with Radar,39,50,38,0,127,0,13,32,6,51,39,63,70,6,178,110,0,110,288
04/29/2023,FAR,ND,AGL,CE,Combined TRACON& Tower with Radar,36,28,25,0,89,0,3,18,0,21,36,31,43,0,110,19,0,19,129
04/30/2023,FAR,ND,AGL,CE,Combined TRACON& Tower with Radar,39,16,20,0,75,0,1,18,0,19,39,17,38,0,94,12,0,12,106
05/01/2023,FAR,ND,AGL,CE,Combined TRACON& Tower with Radar,37,43,39,0,119,0,10,16,0,26,37,53,55,0,145,44,0,44,189
05/02/2023,FAR,ND,AGL,CE,Combined TRACON& Tower with Radar,43,72,31,0,146,0,23,57,4,84,43,95,88,4,230,92,7,99,329
05/03/2023,FAR,ND,AGL,CE,Combined TRACON& Tower with Radar,41,57,67,2,167,0,6,69,5,80,41,63,136,7,247,129,4,133,380
05/04/2023,FAR,ND,AGL,CE,Combined TRACON& Tower with Radar,40,78,53,0,171,0,32,76,2,110,40,110,129,2,281,90,20,110,391
05/05/2023,FAR,ND,AGL,CE,Combined TRACON& Tower with Radar,35,75,39,0,149,0,35,42,4,81,35,110,81,4,230,121,12,133,363
05/06/2023,FAR,ND,AGL,CE,Combined TRACON& Tower with Radar,40,37,14,0,91,0,0,5,0,5,40,37,19,0,96,39,0,39,135
05/07/2023,FAR,ND,AGL,CE,Combined TRACON& Tower with Radar,38,28,24,0,90,0,0,0,0,0,38,28,24,0,90,0,0,0,90
05/08/2023,FAR,ND,AGL,CE,Combined TRACON& Tower with Radar,37,65,39,1,142,0,2,14,0,16,37,67,53,1,158,63,0,63,221
05/09/2023,FAR,ND,AGL,CE,Combined TRACON& Tower with Radar,42,51,43,2,138,0,4,36,4,44,42,55,79,6,182,48,12,60,242
05/10/2023,FAR,ND,AGL,CE,Combined TRACON& Tower with Radar,39,76,54,10,179,0,28,64,2,94,39,104,118,12,273,89,30,119,392
05/11/2023,FAR,ND,AGL,CE,Combined TRACON& Tower with Radar,46,67,61,4,178,0,12,56,2,70,46,79,117,6,248,191,34,225,473
05/12/2023,FAR,ND,AGL,CE,Combined TRACON& Tower with Radar,38,54,56,1,149,0,12,35,2,49,38,66,91,3,198,72,4,76,274
05/13/2023,FAR,ND,AGL,CE,Combined TRACON& Tower with Radar,40,44,20,2,106,0,6,9,1,16,40,50,29,3,122,32,0,32,154
05/14/2023,FAR,ND,AGL,CE,Combined TRACON& Tower with Radar,38,22,24,0,84,0,6,65,1,72,38,28,89,1,156,86,0,86,242
05/15/2023,FAR,ND,AGL,CE,Combined TRACON& Tower with Radar,37,43,52,0,132,0,22,66,2,90,37,65,118,2,222,163,0,163,385
05/16/2023,FAR,ND,AGL,CE,Combined TRACON& Tower with Radar,44,50,41,1,136,0,14,58,7,79,44,64,99,8,215,126,0,126,341
05/17/2023,FAR,ND,AGL,CE,Combined TRACON& Tower with Radar,39,66,54,1,160,0,2,54,6,62,39,68,108,7,222,171,4,175,397
05/18/2023,FAR,ND,AGL,CE,Combined TRACON& Tower with Radar,43,68,56,4,171,0,0,24,8,32,43,68,80,12,203,22,0,22,225
05/19/2023,FAR,ND,AGL,CE,Combined TRACON& Tower with Radar,36,58,63,0,157,0,12,22,4,38,36,70,85,4,195,34,4,38,233
05/20/2023,FAR,ND,AGL,CE,Combined TRACON& Tower with Radar,37,34,28,2,101,0,12,38,5,55,37,46,66,7,156,37,4,41,197
05/21/2023,FAR,ND,AGL,CE,Combined TRACON& Tower with Radar,38,14,20,0,72,0,20,30,4,54,38,34,50,4,126,55,6,61,187
05/22/2023,FAR,ND,AGL,CE,Combined TRACON& Tower with Radar,35,55,35,0,125,0,10,49,2,61,35,65,84,2,186,90,0,90,276
05/23/2023,FAR,ND,AGL,CE,Combined TRACON& Tower with Radar,44,48,47,5,144,0,3,29,3,35,44,51,76,8,179,110,15,125,304
05/24/2023,FAR,ND,AGL,CE,Combined TRACON& Tower with Radar,38,70,67,2,177,0,38,42,2,82,38,108,109,4,259,118,0,118,377
05/25/2023,FAR,ND,AGL,CE,Combined TRACON& Tower with Radar,42,61,74,0,177,0,6,33,2,41,42,67,107,2,218,1,0,1,219
05/26/2023,FAR,ND,AGL,CE,Combined TRACON& Tower with Radar,37,66,54,0,157,0,9,41,1,51,37,75,95,1,208,38,0,38,246
05/27/2023,FAR,ND,AGL,CE,Combined TRACON& Tower with Radar,35,28,13,0,76,0,3,18,0,21,35,31,31,0,97,28,0,28,125
05/28/2023,FAR,ND,AGL,CE,Combined TRACON& Tower with Radar,35,19,14,0,68,0,6,22,0,28,35,25,36,0,96,26,0,26,122
05/29/2023,FAR,ND,AGL,CE,Combined TRACON& Tower with Radar,32,13,23,0,68,0,1,25,0,26,32,14,48,0,94,22,0,22,116
05/30/2023,FAR,ND,AGL,CE,Combined TRACON& Tower with Radar,37,56,44,0,137,0,4,63,4,71,37,60,107,4,208,117,0,117,325
05/31/2023,FAR,ND,AGL,CE,Combined TRACON& Tower with Radar,38,55,41,0,134,0,5,36,4,45,38,60,77,4,179,60,28,88,267
06/01/2023,FAR,ND,AGL,CE,Combined TRACON& Tower with Radar,40,81,54,0,175,0,16,38,4,58,40,97,92,4,233,167,8,175,408
06/02/2023,FAR,ND,AGL,CE,Combined TRACON& Tower with Radar,32,68,41,0,141,0,4,38,6,48,32,72,79,6,189,59,2,61,250
06/03/2023,FAR,ND,AGL,CE,Combined TRACON& Tower with Radar,31,49,24,0,104,0,6,30,0,36,31,55,54,0,140,38,0,38,178
06/04/2023,FAR,ND,AGL,CE,Combined TRACON& Tower with Radar,34,13,32,0,79,0,2,23,0,25,34,15,55,0,104,51,0,51,155
06/05/2023,FAR,ND,AGL,CE,Combined TRACON& Tower with Radar,30,45,44,4,123,0,8,44,0,52,30,53,88,4,175,75,0,75,250
06/06/2023,FAR,ND,AGL,CE,Combined TRACON& Tower with Radar,41,69,65,0,175,0,16,46,4,66,41,85,111,4,241,87,2,89,330
06/07/2023,FAR,ND,AGL,CE,Combined TRACON& Tower with Radar,35,55,47,2,139,0,12,30,4,46,35,67,77,6,185,34,0,34,219
06/08/2023,FAR,ND,AGL,CE,Combined TRACON& Tower with Radar,41,83,73,2,199,0,4,53,6,63,41,87,126,8,262,59,0,59,321
06/09/2023,FAR,ND,AGL,CE,Combined TRACON& Tower with Radar,34,67,35,0,136,0,0,23,6,29,34,67,58,6,165,6,8,14,179
06/10/2023,FAR,ND,AGL,CE,Combined TRACON& Tower with Radar,31,41,19,0,91,0,0,6,3,9,31,41,25,3,100,14,0,14,114
06/11/2023,FAR,ND,AGL,CE,Combined TRACON& Tower with Radar,34,14,28,0,76,0,0,39,5,44,34,14,67,5,120,52,4,56,176
06/12/2023,FAR,ND,AGL,CE,Combined TRACON& Tower with Radar,30,46,43,0,119,0,2,47,0,49,30,48,90,0,168,65,0,65,233
06/13/2023,FAR,ND,AGL,CE,Combined TRACON& Tower with Radar,39,81,57,0,177,0,41,60,6,107,39,122,117,6,284,78,0,78,362
06/14/2023,FAR,ND,AGL,CE,Combined TRACON& Tower with Radar,34,83,43,4,164,0,0,9,4,13,34,83,52,8,177,40,4,44,221
06/15/2023,FAR,ND,AGL,CE,Combined TRACON& Tower with Radar,37,94,69,0,200,0,16,66,8,90,37,110,135,8,290,80,0,80,370
06/16/2023,FAR,ND,AGL,CE,Combined TRACON& Tower with Radar,33,73,42,0,148,0,14,81,2,97,33,87,123,2,245,102,6,108,353
06/17/2023,FAR,ND,AGL,CE,Combined TRACON& Tower with Radar,33,41,28,0,102,0,3,12,0,15,33,44,40,0,117,30,0,30,147
06/18/2023,FAR,ND,AGL,CE,Combined TRACON& Tower with Radar,33,11,34,0,78,0,0,27,0,27,33,11,61,0,105,6,0,6,111
06/19/2023,FAR,ND,AGL,CE,Combined TRACON& Tower with Radar,31,51,52,4,138,0,21,29,0,50,31,72,81,4,188,36,0,36,224
06/20/2023,FAR,ND,AGL,CE,Combined TRACON& Tower with Radar,41,48,43,0,132,0,31,38,4,73,41,79,81,4,205,55,0,55,260
06/21/2023,FAR,ND,AGL,CE,Combined TRACON& Tower with Radar,32,60,69,2,163,0,2,48,0,50,32,62,117,2,213,51,28,79,292
06/22/2023,FAR,ND,AGL,CE,Combined TRACON& Tower with Radar,37,63,66,2,168,0,2,29,6,37,37,65,95,8,205,86,4,90,295
06/23/2023,FAR,ND,AGL,CE,Combined TRACON& Tower with Radar,33,59,26,0,118,0,3,17,0,20,33,62,43,0,138,30,0,30,168
06/24/2023,FAR,ND,AGL,CE,Combined TRACON& Tower with Radar,31,20,21,0,72,0,0,1,0,1,31,20,22,0,73,0,0,0,73
06/25/2023,FAR,ND,AGL,CE,Combined TRACON& Tower with Radar,33,21,17,0,71,0,1,7,0,8,33,22,24,0,79,4,0,4,83
06/26/2023,FAR,ND,AGL,CE,Combined TRACON& Tower with Radar,32,61,55,0,148,0,11,85,0,96,32,72,140,0,244,79,0,79,323
06/27/2023,FAR,ND,AGL,CE,Combined TRACON& Tower with Radar,38,91,49,0,178,0,17,45,10,72,38,108,94,10,250,100,6,106,356
06/28/2023,FAR,ND,AGL,CE,Combined TRACON& Tower with Radar,36,75,73,2,186,0,4,35,5,44,36,79,108,7,230,42,8,50,280
06/29/2023,FAR,ND,AGL,CE,Combined TRACON& Tower with Radar,34,95,35,4,168,0,27,83,14,124,34,122,118,18,292,106,4,110,402
06/30/2023,FAR,ND,AGL,CE,Combined TRACON& Tower with Radar,35,98,38,1,172,0,19,61,3,83,35,117,99,4,255,56,0,56,311
07/01/2023,FAR,ND,AGL,CE,Combined TRACON& Tower with Radar,31,19,19,0,69,0,0,25,0,25,31,19,44,0,94,22,0,22,116
07/02/2023,FAR,ND,AGL,CE,Combined TRACON& Tower with Radar,31,10,19,0,60,0,0,24,0,24,31,10,43,0,84,18,0,18,102
07/03/2023,FAR,ND,AGL,CE,Combined TRACON& Tower with Radar,29,29,10,0,68,0,0,28,0,28,29,29,38,0,96,32,0,32,128
07/04/2023,FAR,ND,AGL,CE,Combined TRACON& Tower with Radar,27,7,5,0,39,0,3,14,0,17,27,10,19,0,56,6,0,6,62
07/05/2023,FAR,ND,AGL,CE,Combined TRACON& Tower with Radar,36,54,37,0,127,0,2,40,0,42,36,56,77,0,169,57,0,57,226
07/06/2023,FAR,ND,AGL,CE,Combined TRACON& Tower with Radar,39,75,61,3,178,0,6,43,5,54,39,81,104,8,232,100,0,100,332
07/07/2023,FAR,ND,AGL,CE,Combined TRACON& Tower with Radar,35,76,19,0,130,0,7,28,4,39,35,83,47,4,169,18,2,20,189
07/08/2023,FAR,ND,AGL,CE,Combined TRACON& Tower with Radar,33,42,33,2,110,0,5,31,0,36,33,47,64,2,146,23,0,23,169
07/09/2023,FAR,ND,AGL,CE,Combined TRACON& Tower with Radar,35,8,31,0,74,0,0,29,0,29,35,8,60,0,103,26,0,26,129
07/10/2023,FAR,ND,AGL,CE,Combined TRACON& Tower with Radar,35,64,31,0,130,0,14,57,0,71,35,78,88,0,201,55,0,55,256
07/11/2023,FAR,ND,AGL,CE,Combined TRACON& Tower with Radar,41,89,48,1,179,0,30,48,5,83,41,119,96,6,262,166,0,166,428
07/12/2023,FAR,ND,AGL,CE,Combined TRACON& Tower with Radar,39,66,65,1,171,0,15,47,3,65,39,81,112,4,236,154,6,160,396
07/13/2023,FAR,ND,AGL,CE,Combined TRACON& Tower with Radar,44,70,41,1,156,0,4,59,9,72,44,74,100,10,228,74,4,78,306
07/14/2023,FAR,ND,AGL,CE,Combined TRACON& Tower with Radar,40,51,34,1,126,0,7,65,5,77,40,58,99,6,203,99,0,99,302
07/15/2023,FAR,ND,AGL,CE,Combined TRACON& Tower with Radar,36,44,26,2,108,0,10,36,4,50,36,54,62,6,158,42,0,42,200
07/16/2023,FAR,ND,AGL,CE,Combined TRACON& Tower with Radar,37,11,26,0,74,0,4,27,0,31,37,15,53,0,105,18,0,18,123
07/17/2023,FAR,ND,AGL,CE,Combined TRACON& Tower with Radar,35,41,57,0,133,0,4,52,0,56,35,45,109,0,189,112,0,112,301
07/18/2023,FAR,ND,AGL,CE,Combined TRACON& Tower with Radar,42,60,63,0,165,0,5,46,2,53,42,65,109,2,218,65,34,99,317
07/19/2023,FAR,ND,AGL,CE,Combined TRACON& Tower with Radar,42,69,75,2,188,0,27,36,2,65,42,96,111,4,253,107,19,126,379
07/20/2023,FAR,ND,AGL,CE,Combined TRACON& Tower with Radar,41,80,62,3,186,0,17,51,9,77,41,97,113,12,263,68,2,70,333
07/21/2023,FAR,ND,AGL,CE,Combined TRACON& Tower with Radar,37,65,48,3,153,0,23,69,3,95,37,88,117,6,248,82,2,84,332
07/22/2023,FAR,ND,AGL,CE,Combined TRACON& Tower with Radar,38,31,35,0,104,0,16,31,0,47,38,47,66,0,151,44,0,44,195
07/23/2023,FAR,ND,AGL,CE,Combined TRACON& Tower with Radar,35,12,44,2,93,0,0,40,0,40,35,12,84,2,133,27,0,27,160
07/24/2023,FAR,ND,AGL,CE,Combined TRACON& Tower with Radar,36,31,42,0,109,0,18,49,0,67,36,49,91,0,176,139,0,139,315
07/25/2023,FAR,ND,AGL,CE,Combined TRACON& Tower with Radar,43,59,53,2,157,0,6,35,4,45,43,65,88,6,202,87,0,87,289
07/26/2023,FAR,ND,AGL,CE,Combined TRACON& Tower with Radar,37,49,66,6,158,0,12,51,4,67,37,61,117,10,225,120,4,124,349
07/27/2023,FAR,ND,AGL,CE,Combined TRACON& Tower with Radar,43,62,54,0,159,0,8,54,12,74,43,70,108,12,233,56,16,72,305
07/28/2023,FAR,ND,AGL,CE,Combined TRACON& Tower with Radar,36,60,41,2,139,0,7,33,0,40,36,67,74,2,179,68,8,76,255
07/29/2023,FAR,ND,AGL,CE,Combined TRACON& Tower with Radar,40,25,18,0,83,0,6,32,0,38,40,31,50,0,121,24,0,24,145
07/30/2023,FAR,ND,AGL,CE,Combined TRACON& Tower with Radar,37,9,36,0,82,0,3,34,0,37,37,12,70,0,119,32,0,32,151
07/31/2023,FAR,ND,AGL,CE,Combined TRACON& Tower with Radar,34,33,59,0,126,0,5,60,2,67,34,38,119,2,193,116,0,116,309
08/01/2023,FAR,ND,AGL,CE,Combined TRACON& Tower with Radar,38,31,44,1,114,0,13,36,2,51,38,44,80,3,165,90,10,100,265
08/02/2023,FAR,ND,AGL,CE,Combined TRACON& Tower with Radar,43,63,60,0,166,0,17,65,4,86,43,80,125,4,252,118,2,120,372
08/03/2023,FAR,ND,AGL,CE,Combined TRACON& Tower with Radar,42,58,63,0,163,0,11,51,14,76,42,69,114,14,239,57,0,57,296
08/04/2023,FAR,ND,AGL,CE,Combined TRACON& Tower with Radar,38,53,48,0,139,0,8,40,4,52,38,61,88,4,191,44,14,58,249
08/05/2023,FAR,ND,AGL,CE,Combined TRACON& Tower with Radar,35,23,28,0,86,0,4,16,2,22,35,27,44,2,108,4,0,4,112
08/06/2023,FAR,ND,AGL,CE,Combined TRACON& Tower with Radar,36,18,45,0,99,0,2,18,2,22,36,20,63,2,121,19,0,19,140
08/07/2023,FAR,ND,AGL,CE,Combined TRACON& Tower with Radar,35,40,67,3,145,0,16,58,7,81,35,56,125,10,226,146,0,146,372
08/08/2023,FAR,ND,AGL,CE,Combined TRACON& Tower with Radar,42,56,53,2,153,0,6,47,4,57,42,62,100,6,210,138,0,138,348
08/09/2023,FAR,ND,AGL,CE,Combined TRACON& Tower with Radar,38,49,66,0,153,0,18,63,2,83,38,67,129,2,236,133,1,134,370
08/10/2023,FAR,ND,AGL,CE,Combined TRACON& Tower with Radar,41,58,53,3,155,0,5,30,3,38,41,63,83,6,193,115,16,131,324
08/11/2023,FAR,ND,AGL,CE,Combined TRACON& Tower with Radar,41,62,55,2,160,0,2,31,1,34,41,64,86,3,194,59,24,83,277
08/12/2023,FAR,ND,AGL,CE,Combined TRACON& Tower with Radar,37,49,29,0,115,0,7,23,1,31,37,56,52,1,146,58,0,58,204
08/13/2023,FAR,ND,AGL,CE,Combined TRACON& Tower with Radar,39,7,26,0,72,0,0,3,0,3,39,7,29,0,75,2,0,2,77
08/14/2023,FAR,ND,AGL,CE,Combined TRACON& Tower with Radar,36,59,36,2,133,0,53,55,4,112,36,112,91,6,245,201,2,203,448
08/15/2023,FAR,ND,AGL,CE,Combined TRACON& Tower with Radar,47,67,54,0,168,0,15,64,2,81,47,82,118,2,249,115,2,117,366
08/16/2023,FAR,ND,AGL,CE,Combined TRACON& Tower with Radar,38,59,50,2,149,0,1,49,6,56,38,60,99,8,205,109,0,109,314
08/17/2023,FAR,ND,AGL,CE,Combined TRACON& Tower with Radar,44,81,77,0,202,0,18,66,12,96,44,99,143,12,298,150,5,155,453
08/18/2023,FAR,ND,AGL,CE,Combined TRACON& Tower with Radar,37,46,38,0,121,0,8,26,2,36,37,54,64,2,157,12,0,12,169
08/19/2023,FAR,ND,AGL,CE,Combined TRACON& Tower with Radar,33,55,28,0,116,0,7,28,6,41,33,62,56,6,157,50,26,76,233
08/20/2023,FAR,ND,AGL,CE,Combined TRACON& Tower with Radar,38,30,37,0,105,0,1,33,6,40,38,31,70,6,145,52,0,52,197
08/21/2023,FAR,ND,AGL,CE,Combined TRACON& Tower with Radar,37,42,48,2,129,0,24,52,0,76,37,66,100,2,205,125,0,125,330
08/22/2023,FAR,ND,AGL,CE,Combined TRACON& Tower with Radar,44,50,78,0,172,0,5,17,2,24,44,55,95,2,196,122,22,144,340
08/23/2023,FAR,ND,AGL,CE,Combined TRACON& Tower with Radar,42,61,58,0,161,0,0,21,0,21,42,61,79,0,182,93,0,93,275
08/24/2023,FAR,ND,AGL,CE,Combined TRACON& Tower with Radar,46,61,92,1,200,0,8,22,13,43,46,69,114,14,243,130,0,130,373
08/25/2023,FAR,ND,AGL,CE,Combined TRACON& Tower with Radar,40,65,37,5,147,0,19,38,3,60,40,84,75,8,207,113,12,125,332
08/26/2023,FAR,ND,AGL,CE,Combined TRACON& Tower with Radar,36,36,31,0,103,0,6,40,0,46,36,42,71,0,149,151,0,151,300
08/27/2023,FAR,ND,AGL,CE,Combined TRACON& Tower with Radar,39,16,22,0,77,0,3,24,0,27,39,19,46,0,104,69,0,69,173
08/28/2023,FAR,ND,AGL,CE,Combined TRACON& Tower with Radar,33,42,39,0,114,0,16,51,0,67,33,58,90,0,181,178,0,178,359
08/29/2023,FAR,ND,AGL,CE,Combined TRACON& Tower with Radar,49,58,58,3,168,0,16,44,2,62,49,74,102,5,230,76,2,78,308
08/30/2023,FAR,ND,AGL,CE,Combined TRACON& Tower with Radar,43,66,49,4,162,0,13,47,5,65,43,79,96,9,227,107,10,117,344
08/31/2023,FAR,ND,AGL,CE,Combined TRACON& Tower with Radar,42,49,59,2,152,0,8,17,6,31,42,57,76,8,183,14,0,14,197
