01/01/2020,FAT,CA,AWP,WE,Combined TRACON& Tower with Radar,57,20,16,0,93,0,5,37,0,42,57,25,53,0,135,11,0,11,146
01/02/2020,FAT,CA,AWP,WE,Combined TRACON& Tower with Radar,67,26,31,7,131,0,2,36,2,40,67,28,67,9,171,16,0,16,187
01/03/2020,FAT,CA,AWP,WE,Combined TRACON& Tower with Radar,69,22,22,9,122,0,6,59,6,71,69,28,81,15,193,12,0,12,205
01/04/2020,FAT,CA,AWP,WE,Combined TRACON& Tower with Radar,63,20,25,1,109,0,9,53,4,66,63,29,78,5,175,4,0,4,179
01/05/2020,FAT,CA,AWP,WE,Combined TRACON& Tower with Radar,60,21,34,16,131,0,2,23,1,26,60,23,57,17,157,10,0,10,167
01/06/2020,FAT,CA,AWP,WE,Combined TRACON& Tower with Radar,68,26,29,5,128,0,4,33,2,39,68,30,62,7,167,26,0,26,193
01/07/2020,FAT,CA,AWP,WE,Combined TRACON& Tower with Radar,58,25,30,3,116,0,0,1,0,1,58,25,31,3,117,0,0,0,117
01/08/2020,FAT,CA,AWP,WE,Combined TRACON& Tower with Radar,56,27,45,0,128,0,1,9,0,10,56,28,54,0,138,0,18,18,156
01/09/2020,FAT,CA,AWP,WE,Combined TRACON& Tower with Radar,67,21,34,6,128,0,4,29,3,36,67,25,63,9,164,4,0,4,168
01/10/2020,FAT,CA,AWP,WE,Combined TRACON& Tower with Radar,64,30,31,0,125,0,1,54,0,55,64,31,85,0,180,78,0,78,258
01/11/2020,FAT,CA,AWP,WE,Combined TRACON& Tower with Radar,49,16,18,1,84,0,5,64,3,72,49,21,82,4,156,54,4,58,214
01/12/2020,FAT,CA,AWP,WE,Combined TRACON& Tower with Radar,54,19,17,0,90,0,2,44,0,46,54,21,61,0,136,22,0,22,158
01/13/2020,FAT,CA,AWP,WE,Combined TRACON& Tower with Radar,64,25,34,0,123,0,4,50,0,54,64,29,84,0,177,12,0,12,189
01/14/2020,FAT,CA,AWP,WE,Combined TRACON& Tower with Radar,61,26,37,3,127,0,4,55,4,63,61,30,92,7,190,48,0,48,238
01/15/2020,FAT,CA,AWP,WE,Combined TRACON& Tower with Radar,59,22,41,15,137,0,5,79,8,92,59,27,120,23,229,12,14,26,255
01/16/2020,FAT,CA,AWP,WE,Combined TRACON& Tower with Radar,69,23,35,0,127,1,1,23,5,30,70,24,58,5,157,16,6,22,179
01/17/2020,FAT,CA,AWP,WE,Combined TRACON& Tower with Radar,61,28,35,2,126,0,6,59,3,68,61,34,94,5,194,64,0,64,258
01/18/2020,FAT,CA,AWP,WE,Combined TRACON& Tower with Radar,49,22,34,3,108,0,4,50,1,55,49,26,84,4,163,8,0,8,171
01/19/2020,FAT,CA,AWP,WE,Combined TRACON& Tower with Radar,52,18,40,1,111,0,1,31,0,32,52,19,71,1,143,2,0,2,145
01/20/2020,FAT,CA,AWP,WE,Combined TRACON& Tower with Radar,60,28,31,0,119,0,2,39,0,41,60,30,70,0,160,26,0,26,186
01/21/2020,FAT,CA,AWP,WE,Combined TRACON& Tower with Radar,60,25,41,1,127,0,6,67,6,79,60,31,108,7,206,54,22,76,282
01/22/2020,FAT,CA,AWP,WE,Combined TRACON& Tower with Radar,57,24,58,10,149,0,7,58,6,71,57,31,116,16,220,96,24,120,340
01/23/2020,FAT,CA,AWP,WE,Combined TRACON& Tower with Radar,69,29,46,1,145,0,7,47,10,64,69,36,93,11,209,12,22,34,243
01/24/2020,FAT,CA,AWP,WE,Combined TRACON& Tower with Radar,60,23,42,14,139,0,4,24,12,40,60,27,66,26,179,20,10,30,209
01/25/2020,FAT,CA,AWP,WE,Combined TRACON& Tower with Radar,50,16,21,1,88,0,2,39,2,43,50,18,60,3,131,50,0,50,181
01/26/2020,FAT,CA,AWP,WE,Combined TRACON& Tower with Radar,51,19,19,4,93,0,2,31,7,40,51,21,50,11,133,0,0,0,133
01/27/2020,FAT,CA,AWP,WE,Combined TRACON& Tower with Radar,65,27,20,4,116,0,8,41,2,51,65,35,61,6,167,0,0,0,167
01/28/2020,FAT,CA,AWP,WE,Combined TRACON& Tower with Radar,56,27,34,7,124,0,2,54,8,64,56,29,88,15,188,14,0,14,202
01/29/2020,FAT,CA,AWP,WE,Combined TRACON& Tower with Radar,55,32,41,12,140,0,3,38,1,42,55,35,79,13,182,94,6,100,282
01/30/2020,FAT,CA,AWP,WE,Combined TRACON& Tower with Radar,60,31,36,11,138,0,6,76,4,86,60,37,112,15,224,44,0,44,268
01/31/2020,FAT,CA,AWP,WE,Combined TRACON& Tower with Radar,61,26,38,9,134,0,3,71,2,76,61,29,109,11,210,42,18,60,270
02/01/2020,FAT,CA,AWP,WE,Combined TRACON& Tower with Radar,51,21,18,2,92,0,10,64,0,74,51,31,82,2,166,58,0,58,224
02/02/2020,FAT,CA,AWP,WE,Combined TRACON& Tower with Radar,51,23,15,2,91,0,5,27,0,32,51,28,42,2,123,12,0,12,135
02/03/2020,FAT,CA,AWP,WE,Combined TRACON& Tower with Radar,62,22,39,9,132,0,3,52,7,62,62,25,91,16,194,50,6,56,250
02/04/2020,FAT,CA,AWP,WE,Combined TRACON& Tower with Radar,56,24,20,10,110,0,1,75,3,79,56,25,95,13,189,88,28,116,305
02/05/2020,FAT,CA,AWP,WE,Combined TRACON& Tower with Radar,55,20,23,8,106,0,8,94,6,108,55,28,117,14,214,60,10,70,284
02/06/2020,FAT,CA,AWP,WE,Combined TRACON& Tower with Radar,60,20,15,20,115,0,7,97,11,115,60,27,112,31,230,78,28,106,336
02/07/2020,FAT,CA,AWP,WE,Combined TRACON& Tower with Radar,65,23,27,4,119,0,2,79,14,95,65,25,106,18,214,58,8,66,280
02/08/2020,FAT,CA,AWP,WE,Combined TRACON& Tower with Radar,49,21,30,12,112,0,8,76,13,97,49,29,106,25,209,8,8,16,225
02/09/2020,FAT,CA,AWP,WE,Combined TRACON& Tower with Radar,55,20,21,8,104,0,3,43,6,52,55,23,64,14,156,2,18,20,176
02/10/2020,FAT,CA,AWP,WE,Combined TRACON& Tower with Radar,61,25,26,0,112,0,1,75,3,79,61,26,101,3,191,62,0,62,253
02/11/2020,FAT,CA,AWP,WE,Combined TRACON& Tower with Radar,56,21,27,10,114,0,7,86,11,104,56,28,113,21,218,90,48,138,356
02/12/2020,FAT,CA,AWP,WE,Combined TRACON& Tower with Radar,54,24,30,9,117,0,4,98,3,105,54,28,128,12,222,30,0,30,252
02/13/2020,FAT,CA,AWP,WE,Combined TRACON& Tower with Radar,62,30,31,6,129,0,4,90,19,113,62,34,121,25,242,18,18,36,278
02/14/2020,FAT,CA,AWP,WE,Combined TRACON& Tower with Radar,62,29,17,4,112,1,8,80,4,93,63,37,97,8,205,42,16,58,263
02/15/2020,FAT,CA,AWP,WE,Combined TRACON& Tower with Radar,47,23,18,0,88,0,16,77,0,93,47,39,95,0,181,16,0,16,197
02/16/2020,FAT,CA,AWP,WE,Combined TRACON& Tower with Radar,46,21,19,0,86,0,18,70,0,88,46,39,89,0,174,16,0,16,190
02/17/2020,FAT,CA,AWP,WE,Combined TRACON& Tower with Radar,65,26,17,0,108,0,1,79,0,80,65,27,96,0,188,80,0,80,268
02/18/2020,FAT,CA,AWP,WE,Combined TRACON& Tower with Radar,59,32,21,14,126,0,7,84,6,97,59,39,105,20,223,68,2,70,293
02/19/2020,FAT,CA,AWP,WE,Combined TRACON& Tower with Radar,56,27,26,9,118,0,10,88,6,104,56,37,114,15,222,52,0,52,274
02/20/2020,FAT,CA,AWP,WE,Combined TRACON& Tower with Radar,58,27,26,4,115,0,9,111,8,128,58,36,137,12,243,38,0,38,281
02/21/2020,FAT,CA,AWP,WE,Combined TRACON& Tower with Radar,62,30,13,3,108,0,9,85,9,103,62,39,98,12,211,42,2,44,255
02/22/2020,FAT,CA,AWP,WE,Combined TRACON& Tower with Radar,51,27,14,0,92,0,4,54,2,60,51,31,68,2,152,102,0,102,254
02/23/2020,FAT,CA,AWP,WE,Combined TRACON& Tower with Radar,52,25,16,0,93,0,4,51,0,55,52,29,67,0,148,22,0,22,170
02/24/2020,FAT,CA,AWP,WE,Combined TRACON& Tower with Radar,59,26,22,2,109,0,4,86,8,98,59,30,108,10,207,48,2,50,257
02/25/2020,FAT,CA,AWP,WE,Combined TRACON& Tower with Radar,57,29,25,5,116,0,9,61,13,83,57,38,86,18,199,24,20,44,243
02/26/2020,FAT,CA,AWP,WE,Combined TRACON& Tower with Radar,58,29,34,17,138,0,4,108,28,140,58,33,142,45,278,24,22,46,324
02/27/2020,FAT,CA,AWP,WE,Combined TRACON& Tower with Radar,58,30,22,6,116,0,2,99,10,111,58,32,121,16,227,108,16,124,351
02/28/2020,FAT,CA,AWP,WE,Combined TRACON& Tower with Radar,63,27,23,7,120,0,4,97,12,113,63,31,120,19,233,36,20,56,289
02/29/2020,FAT,CA,AWP,WE,Combined TRACON& Tower with Radar,47,23,24,1,95,0,10,75,0,85,47,33,99,1,180,22,0,22,202
03/01/2020,FAT,CA,AWP,WE,Combined TRACON& Tower with Radar,48,21,16,5,90,0,6,40,0,46,48,27,56,5,136,36,28,64,200
03/02/2020,FAT,CA,AWP,WE,Combined TRACON& Tower with Radar,61,29,12,12,114,0,9,86,12,107,61,38,98,24,221,22,38,60,281
03/03/2020,FAT,CA,AWP,WE,Combined TRACON& Tower with Radar,57,28,26,9,120,0,8,114,9,131,57,36,140,18,251,36,6,42,293
03/04/2020,FAT,CA,AWP,WE,Combined TRACON& Tower with Radar,55,34,25,12,126,0,9,102,10,121,55,43,127,22,247,30,0,30,277
03/05/2020,FAT,CA,AWP,WE,Combined TRACON& Tower with Radar,58,34,22,0,114,0,5,93,3,101,58,39,115,3,215,64,0,64,279
03/06/2020,FAT,CA,AWP,WE,Combined TRACON& Tower with Radar,62,33,21,8,124,0,6,86,10,102,62,39,107,18,226,38,8,46,272
03/07/2020,FAT,CA,AWP,WE,Combined TRACON& Tower with Radar,47,32,20,4,103,0,11,45,0,56,47,43,65,4,159,28,0,28,187
03/08/2020,FAT,CA,AWP,WE,Combined TRACON& Tower with Radar,49,28,24,5,106,0,4,44,1,49,49,32,68,6,155,6,0,6,161
03/09/2020,FAT,CA,AWP,WE,Combined TRACON& Tower with Radar,59,28,22,3,112,0,5,87,2,94,59,33,109,5,206,24,0,24,230
03/10/2020,FAT,CA,AWP,WE,Combined TRACON& Tower with Radar,59,34,37,2,132,0,10,41,7,58,59,44,78,9,190,58,10,68,258
03/11/2020,FAT,CA,AWP,WE,Combined TRACON& Tower with Radar,62,34,59,10,165,0,3,54,10,67,62,37,113,20,232,0,0,0,232
03/12/2020,FAT,CA,AWP,WE,Combined TRACON& Tower with Radar,57,33,21,4,115,0,7,92,8,107,57,40,113,12,222,20,0,20,242
03/13/2020,FAT,CA,AWP,WE,Combined TRACON& Tower with Radar,58,27,28,2,115,0,5,66,7,78,58,32,94,9,193,34,0,34,227
03/14/2020,FAT,CA,AWP,WE,Combined TRACON& Tower with Radar,48,24,24,0,96,0,9,33,0,42,48,33,57,0,138,0,14,14,152
03/15/2020,FAT,CA,AWP,WE,Combined TRACON& Tower with Radar,53,27,24,0,104,0,3,10,0,13,53,30,34,0,117,0,0,0,117
03/16/2020,FAT,CA,AWP,WE,Combined TRACON& Tower with Radar,58,27,17,21,123,0,2,3,1,6,58,29,20,22,129,16,2,18,147
03/17/2020,FAT,CA,AWP,WE,Combined TRACON& Tower with Radar,58,27,22,8,115,0,3,48,8,59,58,30,70,16,174,50,0,50,224
03/18/2020,FAT,CA,AWP,WE,Combined TRACON& Tower with Radar,55,23,21,24,123,0,7,71,2,80,55,30,92,26,203,20,14,34,237
03/19/2020,FAT,CA,AWP,WE,Combined TRACON& Tower with Radar,54,26,10,0,90,0,0,22,0,22,54,26,32,0,112,0,0,0,112
03/20/2020,FAT,CA,AWP,WE,Combined TRACON& Tower with Radar,53,31,22,0,106,0,6,43,0,49,53,37,65,0,155,22,0,22,177
03/21/2020,FAT,CA,AWP,WE,Combined TRACON& Tower with Radar,45,20,8,0,73,0,7,31,0,38,45,27,39,0,111,8,0,8,119
03/22/2020,FAT,CA,AWP,WE,Combined TRACON& Tower with Radar,47,22,8,0,77,0,0,25,0,25,47,22,33,0,102,34,0,34,136
03/23/2020,FAT,CA,AWP,WE,Combined TRACON& Tower with Radar,43,18,13,8,82,0,1,11,8,20,43,19,24,16,102,6,10,16,118
03/24/2020,FAT,CA,AWP,WE,Combined TRACON& Tower with Radar,42,23,10,9,84,0,3,20,8,31,42,26,30,17,115,22,0,22,137
03/25/2020,FAT,CA,AWP,WE,Combined TRACON& Tower with Radar,40,20,12,2,74,0,1,25,5,31,40,21,37,7,105,2,0,2,107
03/26/2020,FAT,CA,AWP,WE,Combined TRACON& Tower with Radar,41,17,19,2,79,0,4,39,2,45,41,21,58,4,124,0,0,0,124
03/27/2020,FAT,CA,AWP,WE,Combined TRACON& Tower with Radar,35,19,6,6,66,0,2,49,3,54,35,21,55,9,120,0,0,0,120
03/28/2020,FAT,CA,AWP,WE,Combined TRACON& Tower with Radar,31,15,10,0,56,0,4,24,4,32,31,19,34,4,88,38,0,38,126
03/29/2020,FAT,CA,AWP,WE,Combined TRACON& Tower with Radar,27,14,21,3,65,0,4,15,0,19,27,18,36,3,84,0,0,0,84
03/30/2020,FAT,CA,AWP,WE,Combined TRACON& Tower with Radar,27,19,11,4,61,0,10,32,5,47,27,29,43,9,108,0,0,0,108
03/31/2020,FAT,CA,AWP,WE,Combined TRACON& Tower with Radar,35,27,8,6,76,0,6,40,3,49,35,33,48,9,125,0,0,0,125
04/01/2020,FAT,CA,AWP,WE,Combined TRACON& Tower with Radar,26,11,11,2,50,0,10,33,9,52,26,21,44,11,102,10,6,16,118
04/02/2020,FAT,CA,AWP,WE,Combined TRACON& Tower with Radar,31,7,15,7,60,0,5,43,4,52,31,12,58,11,112,26,0,26,138
04/03/2020,FAT,CA,AWP,WE,Combined TRACON& Tower with Radar,26,13,6,7,52,0,3,52,7,62,26,16,58,14,114,0,26,26,140
04/04/2020,FAT,CA,AWP,WE,Combined TRACON& Tower with Radar,26,10,5,8,49,0,12,29,4,45,26,22,34,12,94,4,0,4,98
04/05/2020,FAT,CA,AWP,WE,Combined TRACON& Tower with Radar,23,12,20,7,62,0,4,0,3,7,23,16,20,10,69,0,4,4,73
04/06/2020,FAT,CA,AWP,WE,Combined TRACON& Tower with Radar,27,16,8,0,51,0,1,17,3,21,27,17,25,3,72,0,32,32,104
04/07/2020,FAT,CA,AWP,WE,Combined TRACON& Tower with Radar,28,19,28,17,92,0,3,31,7,41,28,22,59,24,133,38,24,62,195
04/08/2020,FAT,CA,AWP,WE,Combined TRACON& Tower with Radar,29,12,21,3,65,0,1,20,2,23,29,13,41,5,88,62,4,66,154
04/09/2020,FAT,CA,AWP,WE,Combined TRACON& Tower with Radar,35,15,8,0,58,0,1,27,0,28,35,16,35,0,86,0,0,0,86
04/10/2020,FAT,CA,AWP,WE,Combined TRACON& Tower with Radar,25,9,11,6,51,0,8,43,2,53,25,17,54,8,104,4,28,32,136
04/11/2020,FAT,CA,AWP,WE,Combined TRACON& Tower with Radar,20,7,21,0,48,0,6,34,0,40,20,13,55,0,88,18,0,18,106
04/12/2020,FAT,CA,AWP,WE,Combined TRACON& Tower with Radar,14,1,7,0,22,0,4,31,0,35,14,5,38,0,57,18,0,18,75
04/13/2020,FAT,CA,AWP,WE,Combined TRACON& Tower with Radar,24,4,12,6,46,0,7,34,1,42,24,11,46,7,88,0,0,0,88
04/14/2020,FAT,CA,AWP,WE,Combined TRACON& Tower with Radar,21,7,4,27,59,0,6,42,12,60,21,13,46,39,119,0,26,26,145
04/15/2020,FAT,CA,AWP,WE,Combined TRACON& Tower with Radar,20,6,6,18,50,0,2,58,11,71,20,8,64,29,121,0,0,0,121
04/16/2020,FAT,CA,AWP,WE,Combined TRACON& Tower with Radar,20,7,16,18,61,0,5,42,24,71,20,12,58,42,132,30,70,100,232
04/17/2020,FAT,CA,AWP,WE,Combined TRACON& Tower with Radar,22,6,11,3,42,0,3,28,10,41,22,9,39,13,83,0,0,0,83
04/18/2020,FAT,CA,AWP,WE,Combined TRACON& Tower with Radar,17,8,22,0,47,0,7,33,0,40,17,15,55,0,87,4,0,4,91
04/19/2020,FAT,CA,AWP,WE,Combined TRACON& Tower with Radar,16,4,12,0,32,0,6,34,2,42,16,10,46,2,74,0,0,0,74
04/20/2020,FAT,CA,AWP,WE,Combined TRACON& Tower with Radar,18,4,9,5,36,0,2,21,4,27,18,6,30,9,63,10,20,30,93
04/21/2020,FAT,CA,AWP,WE,Combined TRACON& Tower with Radar,19,6,16,12,53,0,7,49,6,62,19,13,65,18,115,18,0,18,133
04/22/2020,FAT,CA,AWP,WE,Combined TRACON& Tower with Radar,21,7,11,15,54,0,6,67,5,78,21,13,78,20,132,42,32,74,206
04/23/2020,FAT,CA,AWP,WE,Combined TRACON& Tower with Radar,20,7,11,2,40,0,6,77,4,87,20,13,88,6,127,66,10,76,203
04/24/2020,FAT,CA,AWP,WE,Combined TRACON& Tower with Radar,19,7,22,0,48,0,10,81,0,91,19,17,103,0,139,28,0,28,167
04/25/2020,FAT,CA,AWP,WE,Combined TRACON& Tower with Radar,15,4,8,3,30,0,16,54,7,77,15,20,62,10,107,12,10,22,129
04/26/2020,FAT,CA,AWP,WE,Combined TRACON& Tower with Radar,14,4,20,0,38,0,6,57,0,63,14,10,77,0,101,14,0,14,115
04/27/2020,FAT,CA,AWP,WE,Combined TRACON& Tower with Radar,19,4,11,18,52,0,6,51,8,65,19,10,62,26,117,14,12,26,143
04/28/2020,FAT,CA,AWP,WE,Combined TRACON& Tower with Radar,18,7,26,8,59,0,8,50,7,65,18,15,76,15,124,4,8,12,136
04/29/2020,FAT,CA,AWP,WE,Combined TRACON& Tower with Radar,19,5,26,0,50,0,11,76,7,94,19,16,102,7,144,6,0,6,150
04/30/2020,FAT,CA,AWP,WE,Combined TRACON& Tower with Radar,19,5,19,3,46,0,13,56,3,72,19,18,75,6,118,0,0,0,118
05/01/2020,FAT,CA,AWP,WE,Combined TRACON& Tower with Radar,25,7,13,12,57,0,9,54,10,73,25,16,67,22,130,0,0,0,130
05/02/2020,FAT,CA,AWP,WE,Combined TRACON& Tower with Radar,12,9,12,5,38,0,10,69,19,98,12,19,81,24,136,16,0,16,152
05/03/2020,FAT,CA,AWP,WE,Combined TRACON& Tower with Radar,20,7,15,6,48,0,1,54,3,58,20,8,69,9,106,6,0,6,112
05/04/2020,FAT,CA,AWP,WE,Combined TRACON& Tower with Radar,17,7,13,0,37,0,3,57,1,61,17,10,70,1,98,28,0,28,126
05/05/2020,FAT,CA,AWP,WE,Combined TRACON& Tower with Radar,19,8,16,3,46,0,4,57,7,68,19,12,73,10,114,12,10,22,136
05/06/2020,FAT,CA,AWP,WE,Combined TRACON& Tower with Radar,15,15,11,9,50,0,6,64,3,73,15,21,75,12,123,36,0,36,159
05/07/2020,FAT,CA,AWP,WE,Combined TRACON& Tower with Radar,21,8,11,11,51,0,7,63,14,84,21,15,74,25,135,26,46,72,207
05/08/2020,FAT,CA,AWP,WE,Combined TRACON& Tower with Radar,18,9,11,10,48,0,8,90,7,105,18,17,101,17,153,22,6,28,181
05/09/2020,FAT,CA,AWP,WE,Combined TRACON& Tower with Radar,16,8,13,0,37,0,9,44,0,53,16,17,57,0,90,44,6,50,140
05/10/2020,FAT,CA,AWP,WE,Combined TRACON& Tower with Radar,13,10,8,0,31,0,3,44,0,47,13,13,52,0,78,12,0,12,90
05/11/2020,FAT,CA,AWP,WE,Combined TRACON& Tower with Radar,19,11,20,0,50,0,5,51,2,58,19,16,71,2,108,18,22,40,148
05/12/2020,FAT,CA,AWP,WE,Combined TRACON& Tower with Radar,16,12,20,11,59,0,7,58,3,68,16,19,78,14,127,12,0,12,139
05/13/2020,FAT,CA,AWP,WE,Combined TRACON& Tower with Radar,16,15,19,1,51,0,3,48,7,58,16,18,67,8,109,0,0,0,109
05/14/2020,FAT,CA,AWP,WE,Combined TRACON& Tower with Radar,22,18,16,9,65,0,9,56,12,77,22,27,72,21,142,10,0,10,152
05/15/2020,FAT,CA,AWP,WE,Combined TRACON& Tower with Radar,16,13,18,7,54,0,4,81,8,93,16,17,99,15,147,32,0,32,179
05/16/2020,FAT,CA,AWP,WE,Combined TRACON& Tower with Radar,14,11,15,0,40,0,6,58,0,64,14,17,73,0,104,0,0,0,104
05/17/2020,FAT,CA,AWP,WE,Combined TRACON& Tower with Radar,14,10,17,0,41,0,1,54,0,55,14,11,71,0,96,0,0,0,96
05/18/2020,FAT,CA,AWP,WE,Combined TRACON& Tower with Radar,14,11,7,0,32,0,3,16,0,19,14,14,23,0,51,30,0,30,81
05/19/2020,FAT,CA,AWP,WE,Combined TRACON& Tower with Radar,18,15,31,25,89,0,4,69,15,88,18,19,100,40,177,22,50,72,249
05/20/2020,FAT,CA,AWP,WE,Combined TRACON& Tower with Radar,19,10,28,1,58,0,3,82,3,88,19,13,110,4,146,48,16,64,210
05/21/2020,FAT,CA,AWP,WE,Combined TRACON& Tower with Radar,25,12,19,17,73,0,7,68,15,90,25,19,87,32,163,0,0,0,163
05/22/2020,FAT,CA,AWP,WE,Combined TRACON& Tower with Radar,20,11,25,3,59,0,4,65,0,69,20,15,90,3,128,0,0,0,128
05/23/2020,FAT,CA,AWP,WE,Combined TRACON& Tower with Radar,14,8,25,0,47,0,8,70,2,80,14,16,95,2,127,0,0,0,127
05/24/2020,FAT,CA,AWP,WE,Combined TRACON& Tower with Radar,15,9,14,0,38,0,8,65,0,73,15,17,79,0,111,0,0,0,111
05/25/2020,FAT,CA,AWP,WE,Combined TRACON& Tower with Radar,15,11,13,0,39,0,8,63,0,71,15,19,76,0,110,0,0,0,110
05/26/2020,FAT,CA,AWP,WE,Combined TRACON& Tower with Radar,15,8,15,14,52,0,3,68,10,81,15,11,83,24,133,0,0,0,133
05/27/2020,FAT,CA,AWP,WE,Combined TRACON& Tower with Radar,20,11,22,10,63,0,6,71,5,82,20,17,93,15,145,0,0,0,145
05/28/2020,FAT,CA,AWP,WE,Combined TRACON& Tower with Radar,23,8,21,6,58,0,3,73,9,85,23,11,94,15,143,0,0,0,143
05/29/2020,FAT,CA,AWP,WE,Combined TRACON& Tower with Radar,18,12,27,7,64,0,4,66,6,76,18,16,93,13,140,0,0,0,140
05/30/2020,FAT,CA,AWP,WE,Combined TRACON& Tower with Radar,12,12,17,1,42,0,8,57,1,66,12,20,74,2,108,0,0,0,108
05/31/2020,FAT,CA,AWP,WE,Combined TRACON& Tower with Radar,14,8,16,0,38,0,4,72,3,79,14,12,88,3,117,0,0,0,117
06/01/2020,FAT,CA,AWP,WE,Combined TRACON& Tower with Radar,19,10,20,1,50,0,7,53,16,76,19,17,73,17,126,0,2,2,128
06/02/2020,FAT,CA,AWP,WE,Combined TRACON& Tower with Radar,21,11,11,8,51,0,6,55,8,69,21,17,66,16,120,50,0,50,170
06/03/2020,FAT,CA,AWP,WE,Combined TRACON& Tower with Radar,22,9,11,3,45,0,6,74,18,98,22,15,85,21,143,28,0,28,171
06/04/2020,FAT,CA,AWP,WE,Combined TRACON& Tower with Radar,31,8,9,11,59,0,4,56,17,77,31,12,65,28,136,36,2,38,174
06/05/2020,FAT,CA,AWP,WE,Combined TRACON& Tower with Radar,27,10,22,15,74,0,10,73,3,86,27,20,95,18,160,22,12,34,194
06/06/2020,FAT,CA,AWP,WE,Combined TRACON& Tower with Radar,22,10,12,9,53,0,15,55,13,83,22,25,67,22,136,88,2,90,226
06/07/2020,FAT,CA,AWP,WE,Combined TRACON& Tower with Radar,22,8,15,0,45,0,1,37,8,46,22,9,52,8,91,0,0,0,91
06/08/2020,FAT,CA,AWP,WE,Combined TRACON& Tower with Radar,24,5,15,5,49,0,3,54,11,68,24,8,69,16,117,22,0,22,139
06/09/2020,FAT,CA,AWP,WE,Combined TRACON& Tower with Radar,25,6,17,12,60,0,7,90,9,106,25,13,107,21,166,30,10,40,206
06/10/2020,FAT,CA,AWP,WE,Combined TRACON& Tower with Radar,26,6,24,6,62,0,15,73,22,110,26,21,97,28,172,10,0,10,182
06/11/2020,FAT,CA,AWP,WE,Combined TRACON& Tower with Radar,35,16,22,6,79,0,8,86,16,110,35,24,108,22,189,28,0,28,217
06/12/2020,FAT,CA,AWP,WE,Combined TRACON& Tower with Radar,27,5,28,17,77,3,15,85,29,132,30,20,113,46,209,4,0,4,213
06/13/2020,FAT,CA,AWP,WE,Combined TRACON& Tower with Radar,23,10,26,0,59,0,15,72,2,89,23,25,98,2,148,24,0,24,172
06/14/2020,FAT,CA,AWP,WE,Combined TRACON& Tower with Radar,21,17,22,0,60,0,8,66,0,74,21,25,88,0,134,32,0,32,166
06/15/2020,FAT,CA,AWP,WE,Combined TRACON& Tower with Radar,23,8,17,7,55,0,5,65,2,72,23,13,82,9,127,0,0,0,127
06/16/2020,FAT,CA,AWP,WE,Combined TRACON& Tower with Radar,25,9,47,8,89,1,14,93,8,116,26,23,140,16,205,12,0,12,217
06/17/2020,FAT,CA,AWP,WE,Combined TRACON& Tower with Radar,27,7,20,6,60,0,11,60,14,85,27,18,80,20,145,30,0,30,175
06/18/2020,FAT,CA,AWP,WE,Combined TRACON& Tower with Radar,29,16,17,15,77,0,9,78,19,106,29,25,95,34,183,46,44,90,273
06/19/2020,FAT,CA,AWP,WE,Combined TRACON& Tower with Radar,27,5,37,3,72,0,9,85,16,110,27,14,122,19,182,20,20,40,222
06/20/2020,FAT,CA,AWP,WE,Combined TRACON& Tower with Radar,23,8,19,2,52,1,14,48,3,66,24,22,67,5,118,44,0,44,162
06/21/2020,FAT,CA,AWP,WE,Combined TRACON& Tower with Radar,21,15,23,0,59,0,8,49,8,65,21,23,72,8,124,40,0,40,164
06/22/2020,FAT,CA,AWP,WE,Combined TRACON& Tower with Radar,24,8,21,2,55,0,7,46,12,65,24,15,67,14,120,12,10,22,142
06/23/2020,FAT,CA,AWP,WE,Combined TRACON& Tower with Radar,25,8,24,11,68,2,7,81,36,126,27,15,105,47,194,18,12,30,224
06/24/2020,FAT,CA,AWP,WE,Combined TRACON& Tower with Radar,26,10,26,7,69,0,7,79,5,91,26,17,105,12,160,36,4,40,200
06/25/2020,FAT,CA,AWP,WE,Combined TRACON& Tower with Radar,29,10,12,4,55,0,12,85,16,113,29,22,97,20,168,46,8,54,222
06/26/2020,FAT,CA,AWP,WE,Combined TRACON& Tower with Radar,28,8,18,2,56,0,10,76,16,102,28,18,94,18,158,24,2,26,184
06/27/2020,FAT,CA,AWP,WE,Combined TRACON& Tower with Radar,22,13,20,0,55,0,9,63,0,72,22,22,83,0,127,0,0,0,127
06/28/2020,FAT,CA,AWP,WE,Combined TRACON& Tower with Radar,22,11,12,0,45,0,6,50,3,59,22,17,62,3,104,22,0,22,126
06/29/2020,FAT,CA,AWP,WE,Combined TRACON& Tower with Radar,25,8,21,20,74,0,9,59,11,79,25,17,80,31,153,0,0,0,153
06/30/2020,FAT,CA,AWP,WE,Combined TRACON& Tower with Radar,25,6,18,13,62,0,7,79,18,104,25,13,97,31,166,34,20,54,220
07/01/2020,FAT,CA,AWP,WE,Combined TRACON& Tower with Radar,27,11,28,8,74,0,7,83,16,106,27,18,111,24,180,14,20,34,214
07/02/2020,FAT,CA,AWP,WE,Combined TRACON& Tower with Radar,41,14,38,7,100,0,7,86,5,98,41,21,124,12,198,30,38,68,266
07/03/2020,FAT,CA,AWP,WE,Combined TRACON& Tower with Radar,34,4,18,0,56,0,7,77,4,88,34,11,95,4,144,22,10,32,176
07/04/2020,FAT,CA,AWP,WE,Combined TRACON& Tower with Radar,26,8,11,0,45,0,5,40,0,45,26,13,51,0,90,18,0,18,108
07/05/2020,FAT,CA,AWP,WE,Combined TRACON& Tower with Radar,32,11,25,0,68,0,6,74,19,99,32,17,99,19,167,40,0,40,207
07/06/2020,FAT,CA,AWP,WE,Combined TRACON& Tower with Radar,34,14,13,10,71,0,5,64,19,88,34,19,77,29,159,116,0,116,275
07/07/2020,FAT,CA,AWP,WE,Combined TRACON& Tower with Radar,36,11,28,14,89,0,7,66,16,89,36,18,94,30,178,0,0,0,178
07/08/2020,FAT,CA,AWP,WE,Combined TRACON& Tower with Radar,36,14,15,34,99,0,9,74,12,95,36,23,89,46,194,0,0,0,194
07/09/2020,FAT,CA,AWP,WE,Combined TRACON& Tower with Radar,45,12,18,33,108,0,7,86,12,105,45,19,104,45,213,0,6,6,219
07/10/2020,FAT,CA,AWP,WE,Combined TRACON& Tower with Radar,40,15,25,11,91,0,6,83,10,99,40,21,108,21,190,12,0,12,202
07/11/2020,FAT,CA,AWP,WE,Combined TRACON& Tower with Radar,31,13,18,0,62,0,11,84,23,118,31,24,102,23,180,0,0,0,180
07/12/2020,FAT,CA,AWP,WE,Combined TRACON& Tower with Radar,36,14,19,0,69,0,4,72,5,81,36,18,91,5,150,14,0,14,164
07/13/2020,FAT,CA,AWP,WE,Combined TRACON& Tower with Radar,38,8,30,25,101,0,4,60,10,74,38,12,90,35,175,40,8,48,223
07/14/2020,FAT,CA,AWP,WE,Combined TRACON& Tower with Radar,37,12,21,6,76,0,9,78,19,106,37,21,99,25,182,4,20,24,206
07/15/2020,FAT,CA,AWP,WE,Combined TRACON& Tower with Radar,37,9,18,5,69,0,9,86,29,124,37,18,104,34,193,68,4,72,265
07/16/2020,FAT,CA,AWP,WE,Combined TRACON& Tower with Radar,45,17,18,7,87,0,5,80,25,110,45,22,98,32,197,12,6,18,215
07/17/2020,FAT,CA,AWP,WE,Combined TRACON& Tower with Radar,38,12,33,5,88,1,4,89,3,97,39,16,122,8,185,2,0,2,187
07/18/2020,FAT,CA,AWP,WE,Combined TRACON& Tower with Radar,33,11,21,0,65,0,12,55,7,74,33,23,76,7,139,32,0,32,171
07/19/2020,FAT,CA,AWP,WE,Combined TRACON& Tower with Radar,35,9,14,0,58,1,5,67,4,77,36,14,81,4,135,6,0,6,141
07/20/2020,FAT,CA,AWP,WE,Combined TRACON& Tower with Radar,37,10,23,0,70,0,7,76,17,100,37,17,99,17,170,34,4,38,208
07/21/2020,FAT,CA,AWP,WE,Combined TRACON& Tower with Radar,36,10,24,6,76,0,9,69,17,95,36,19,93,23,171,22,0,22,193
07/22/2020,FAT,CA,AWP,WE,Combined TRACON& Tower with Radar,37,13,19,8,77,0,6,97,65,168,37,19,116,73,245,8,0,8,253
07/23/2020,FAT,CA,AWP,WE,Combined TRACON& Tower with Radar,41,14,20,6,81,0,5,113,8,126,41,19,133,14,207,22,0,22,229
07/24/2020,FAT,CA,AWP,WE,Combined TRACON& Tower with Radar,39,18,26,1,84,0,4,94,12,110,39,22,120,13,194,36,0,36,230
07/25/2020,FAT,CA,AWP,WE,Combined TRACON& Tower with Radar,33,14,16,0,63,0,17,69,2,88,33,31,85,2,151,30,0,30,181
07/26/2020,FAT,CA,AWP,WE,Combined TRACON& Tower with Radar,35,17,15,0,67,0,10,69,3,82,35,27,84,3,149,0,0,0,149
07/27/2020,FAT,CA,AWP,WE,Combined TRACON& Tower with Radar,37,11,12,7,67,0,3,62,5,70,37,14,74,12,137,0,0,0,137
07/28/2020,FAT,CA,AWP,WE,Combined TRACON& Tower with Radar,36,10,23,21,90,0,5,78,27,110,36,15,101,48,200,38,8,46,246
07/29/2020,FAT,CA,AWP,WE,Combined TRACON& Tower with Radar,34,15,19,4,72,0,6,87,16,109,34,21,106,20,181,10,0,10,191
07/30/2020,FAT,CA,AWP,WE,Combined TRACON& Tower with Radar,46,12,17,11,86,0,7,67,13,87,46,19,84,24,173,0,0,0,173
07/31/2020,FAT,CA,AWP,WE,Combined TRACON& Tower with Radar,44,21,13,6,84,0,12,68,11,91,44,33,81,17,175,0,0,0,175
08/01/2020,FAT,CA,AWP,WE,Combined TRACON& Tower with Radar,35,15,21,4,75,0,15,61,8,84,35,30,82,12,159,14,0,14,173
08/02/2020,FAT,CA,AWP,WE,Combined TRACON& Tower with Radar,36,11,22,0,69,0,6,58,1,65,36,17,80,1,134,26,0,26,160
08/03/2020,FAT,CA,AWP,WE,Combined TRACON& Tower with Radar,41,15,24,2,82,0,8,70,39,117,41,23,94,41,199,28,0,28,227
08/04/2020,FAT,CA,AWP,WE,Combined TRACON& Tower with Radar,34,21,9,13,77,0,4,89,11,104,34,25,98,24,181,66,10,76,257
08/05/2020,FAT,CA,AWP,WE,Combined TRACON& Tower with Radar,39,21,24,11,95,0,5,99,77,181,39,26,123,88,276,16,8,24,300
08/06/2020,FAT,CA,AWP,WE,Combined TRACON& Tower with Radar,42,18,24,10,94,3,9,104,29,145,45,27,128,39,239,6,0,6,245
08/07/2020,FAT,CA,AWP,WE,Combined TRACON& Tower with Radar,45,14,22,1,82,1,12,110,13,136,46,26,132,14,218,52,0,52,270
08/08/2020,FAT,CA,AWP,WE,Combined TRACON& Tower with Radar,36,10,13,0,59,0,14,70,1,85,36,24,83,1,144,10,0,10,154
08/09/2020,FAT,CA,AWP,WE,Combined TRACON& Tower with Radar,36,15,27,0,78,0,3,57,2,62,36,18,84,2,140,0,0,0,140
08/10/2020,FAT,CA,AWP,WE,Combined TRACON& Tower with Radar,37,14,17,2,70,0,5,62,1,68,37,19,79,3,138,6,0,6,144
08/11/2020,FAT,CA,AWP,WE,Combined TRACON& Tower with Radar,36,21,22,9,88,0,6,80,25,111,36,27,102,34,199,28,16,44,243
08/12/2020,FAT,CA,AWP,WE,Combined TRACON& Tower with Radar,37,14,25,19,95,0,7,95,12,114,37,21,120,31,209,36,16,52,261
08/13/2020,FAT,CA,AWP,WE,Combined TRACON& Tower with Radar,40,11,18,13,82,0,11,96,16,123,40,22,114,29,205,62,6,68,273
08/14/2020,FAT,CA,AWP,WE,Combined TRACON& Tower with Radar,40,15,26,2,83,0,14,68,6,88,40,29,94,8,171,18,0,18,189
08/15/2020,FAT,CA,AWP,WE,Combined TRACON& Tower with Radar,34,15,21,1,71,0,14,58,9,81,34,29,79,10,152,30,0,30,182
08/16/2020,FAT,CA,AWP,WE,Combined TRACON& Tower with Radar,36,22,23,1,82,1,10,48,13,72,37,32,71,14,154,0,0,0,154
08/17/2020,FAT,CA,AWP,WE,Combined TRACON& Tower with Radar,39,13,9,2,63,1,6,59,6,72,40,19,68,8,135,0,0,0,135
08/18/2020,FAT,CA,AWP,WE,Combined TRACON& Tower with Radar,32,10,14,17,73,1,10,57,20,88,33,20,71,37,161,30,22,52,213
08/19/2020,FAT,CA,AWP,WE,Combined TRACON& Tower with Radar,37,13,16,14,80,0,7,43,14,64,37,20,59,28,144,0,0,0,144
08/20/2020,FAT,CA,AWP,WE,Combined TRACON& Tower with Radar,39,21,27,13,100,0,1,36,9,46,39,22,63,22,146,0,0,0,146
08/21/2020,FAT,CA,AWP,WE,Combined TRACON& Tower with Radar,40,13,43,19,115,0,2,6,2,10,40,15,49,21,125,0,0,0,125
08/22/2020,FAT,CA,AWP,WE,Combined TRACON& Tower with Radar,29,22,20,7,78,0,0,0,1,1,29,22,20,8,79,0,0,0,79
08/23/2020,FAT,CA,AWP,WE,Combined TRACON& Tower with Radar,33,14,32,4,83,0,1,0,0,1,33,15,32,4,84,0,0,0,84
08/24/2020,FAT,CA,AWP,WE,Combined TRACON& Tower with Radar,38,18,32,24,112,0,1,6,0,7,38,19,38,24,119,0,0,0,119
08/25/2020,FAT,CA,AWP,WE,Combined TRACON& Tower with Radar,31,20,25,15,91,0,1,40,14,55,31,21,65,29,146,4,30,34,180
08/26/2020,FAT,CA,AWP,WE,Combined TRACON& Tower with Radar,35,26,24,7,92,0,3,36,10,49,35,29,60,17,141,0,0,0,141
08/27/2020,FAT,CA,AWP,WE,Combined TRACON& Tower with Radar,41,17,28,7,93,0,7,67,10,84,41,24,95,17,177,0,0,0,177
08/28/2020,FAT,CA,AWP,WE,Combined TRACON& Tower with Radar,39,19,28,7,93,0,6,72,27,105,39,25,100,34,198,20,0,20,218
08/29/2020,FAT,CA,AWP,WE,Combined TRACON& Tower with Radar,29,16,28,0,73,0,8,55,5,68,29,24,83,5,141,0,0,0,141
08/30/2020,FAT,CA,AWP,WE,Combined TRACON& Tower with Radar,33,12,15,3,63,0,10,62,10,82,33,22,77,13,145,0,0,0,145
08/31/2020,FAT,CA,AWP,WE,Combined TRACON& Tower with Radar,37,22,15,8,82,0,6,50,16,72,37,28,65,24,154,36,20,56,210
09/01/2020,FAT,CA,AWP,WE,Combined TRACON& Tower with Radar,39,11,24,23,97,0,3,63,8,74,39,14,87,31,171,46,20,66,237
09/02/2020,FAT,CA,AWP,WE,Combined TRACON& Tower with Radar,38,16,26,21,101,0,2,66,20,88,38,18,92,41,189,0,10,10,199
09/03/2020,FAT,CA,AWP,WE,Combined TRACON& Tower with Radar,43,13,26,10,92,0,7,78,13,98,43,20,104,23,190,4,12,16,206
09/04/2020,FAT,CA,AWP,WE,Combined TRACON& Tower with Radar,43,12,21,4,80,0,7,80,16,103,43,19,101,20,183,106,0,106,289
09/05/2020,FAT,CA,AWP,WE,Combined TRACON& Tower with Radar,31,7,30,1,69,1,10,54,95,160,32,17,84,96,229,1,0,1,230
09/06/2020,FAT,CA,AWP,WE,Combined TRACON& Tower with Radar,33,10,13,0,56,0,9,37,16,62,33,19,50,16,118,2,0,2,120
09/07/2020,FAT,CA,AWP,WE,Combined TRACON& Tower with Radar,41,20,28,11,100,0,5,50,52,107,41,25,78,63,207,0,0,0,207
09/08/2020,FAT,CA,AWP,WE,Combined TRACON& Tower with Radar,34,12,26,6,78,0,3,38,41,82,34,15,64,47,160,36,0,36,196
09/09/2020,FAT,CA,AWP,WE,Combined TRACON& Tower with Radar,44,22,32,17,115,1,2,38,101,142,45,24,70,118,257,8,0,8,265
09/10/2020,FAT,CA,AWP,WE,Combined TRACON& Tower with Radar,49,14,32,13,108,0,2,38,20,60,49,16,70,33,168,40,2,42,210
09/11/2020,FAT,CA,AWP,WE,Combined TRACON& Tower with Radar,48,16,32,14,110,0,3,37,14,54,48,19,69,28,164,16,24,40,204
09/12/2020,FAT,CA,AWP,WE,Combined TRACON& Tower with Radar,37,17,27,24,105,0,1,22,8,31,37,18,49,32,136,0,0,0,136
09/13/2020,FAT,CA,AWP,WE,Combined TRACON& Tower with Radar,41,10,47,35,133,0,0,1,1,2,41,10,48,36,135,0,0,0,135
09/14/2020,FAT,CA,AWP,WE,Combined TRACON& Tower with Radar,47,14,41,23,125,0,0,1,1,2,47,14,42,24,127,0,0,0,127
09/15/2020,FAT,CA,AWP,WE,Combined TRACON& Tower with Radar,38,12,75,24,149,0,0,7,1,8,38,12,82,25,157,0,0,0,157
09/16/2020,FAT,CA,AWP,WE,Combined TRACON& Tower with Radar,43,12,52,24,131,0,0,2,1,3,43,12,54,25,134,0,0,0,134
09/17/2020,FAT,CA,AWP,WE,Combined TRACON& Tower with Radar,47,15,40,21,123,0,2,24,5,31,47,17,64,26,154,2,0,2,156
09/18/2020,FAT,CA,AWP,WE,Combined TRACON& Tower with Radar,45,12,34,10,101,2,10,61,13,86,47,22,95,23,187,40,0,40,227
09/19/2020,FAT,CA,AWP,WE,Combined TRACON& Tower with Radar,39,14,20,0,73,0,13,85,15,113,39,27,105,15,186,40,0,40,226
09/20/2020,FAT,CA,AWP,WE,Combined TRACON& Tower with Radar,41,14,29,1,85,0,6,76,20,102,41,20,105,21,187,24,0,24,211
09/21/2020,FAT,CA,AWP,WE,Combined TRACON& Tower with Radar,47,13,22,5,87,0,7,77,31,115,47,20,99,36,202,24,0,24,226
09/22/2020,FAT,CA,AWP,WE,Combined TRACON& Tower with Radar,39,17,31,8,95,0,11,73,56,140,39,28,104,64,235,18,4,22,257
09/23/2020,FAT,CA,AWP,WE,Combined TRACON& Tower with Radar,45,14,20,8,87,0,10,106,19,135,45,24,126,27,222,66,0,66,288
09/24/2020,FAT,CA,AWP,WE,Combined TRACON& Tower with Radar,48,10,18,12,88,0,4,93,20,117,48,14,111,32,205,8,0,8,213
09/25/2020,FAT,CA,AWP,WE,Combined TRACON& Tower with Radar,47,10,14,7,78,0,13,89,23,125,47,23,103,30,203,30,0,30,233
09/26/2020,FAT,CA,AWP,WE,Combined TRACON& Tower with Radar,36,9,28,4,77,0,6,85,14,105,36,15,113,18,182,10,0,10,192
09/27/2020,FAT,CA,AWP,WE,Combined TRACON& Tower with Radar,44,8,19,2,73,1,0,59,16,76,45,8,78,18,149,0,0,0,149
09/28/2020,FAT,CA,AWP,WE,Combined TRACON& Tower with Radar,45,8,20,2,75,0,6,64,13,83,45,14,84,15,158,26,0,26,184
09/29/2020,FAT,CA,AWP,WE,Combined TRACON& Tower with Radar,37,7,17,11,72,0,5,72,14,91,37,12,89,25,163,10,0,10,173
09/30/2020,FAT,CA,AWP,WE,Combined TRACON& Tower with Radar,45,17,26,10,98,0,9,68,8,85,45,26,94,18,183,0,0,0,183
10/01/2020,FAT,CA,AWP,WE,Combined TRACON& Tower with Radar,48,18,28,20,114,0,8,69,18,95,48,26,97,38,209,24,4,28,237
10/02/2020,FAT,CA,AWP,WE,Combined TRACON& Tower with Radar,46,19,25,6,96,0,5,46,10,61,46,24,71,16,157,4,0,4,161
10/03/2020,FAT,CA,AWP,WE,Combined TRACON& Tower with Radar,39,25,21,8,93,0,3,24,3,30,39,28,45,11,123,6,0,6,129
10/04/2020,FAT,CA,AWP,WE,Combined TRACON& Tower with Radar,45,21,13,3,82,0,5,27,2,34,45,26,40,5,116,40,0,40,156
10/05/2020,FAT,CA,AWP,WE,Combined TRACON& Tower with Radar,61,16,15,4,96,0,1,40,4,45,61,17,55,8,141,16,0,16,157
10/06/2020,FAT,CA,AWP,WE,Combined TRACON& Tower with Radar,41,14,33,13,101,0,2,42,7,51,41,16,75,20,152,0,4,4,156
10/07/2020,FAT,CA,AWP,WE,Combined TRACON& Tower with Radar,43,12,30,19,104,0,5,45,6,56,43,17,75,25,160,0,0,0,160
10/08/2020,FAT,CA,AWP,WE,Combined TRACON& Tower with Radar,48,18,26,15,107,0,5,69,9,83,48,23,95,24,190,0,4,4,194
10/09/2020,FAT,CA,AWP,WE,Combined TRACON& Tower with Radar,48,19,27,2,96,0,8,114,10,132,48,27,141,12,228,22,0,22,250
10/10/2020,FAT,CA,AWP,WE,Combined TRACON& Tower with Radar,38,13,26,0,77,0,12,71,11,94,38,25,97,11,171,10,0,10,181
10/11/2020,FAT,CA,AWP,WE,Combined TRACON& Tower with Radar,44,15,16,0,75,0,12,80,3,95,44,27,96,3,170,22,0,22,192
10/12/2020,FAT,CA,AWP,WE,Combined TRACON& Tower with Radar,48,13,17,0,78,0,8,87,6,101,48,21,104,6,179,30,0,30,209
10/13/2020,FAT,CA,AWP,WE,Combined TRACON& Tower with Radar,42,12,13,12,79,0,7,92,11,110,42,19,105,23,189,36,0,36,225
10/14/2020,FAT,CA,AWP,WE,Combined TRACON& Tower with Radar,46,15,14,13,88,0,7,115,11,133,46,22,129,24,221,16,6,22,243
10/15/2020,FAT,CA,AWP,WE,Combined TRACON& Tower with Radar,45,19,18,12,94,0,4,122,7,133,45,23,140,19,227,20,8,28,255
10/16/2020,FAT,CA,AWP,WE,Combined TRACON& Tower with Radar,49,16,36,8,109,0,3,106,10,119,49,19,142,18,228,8,0,8,236
10/17/2020,FAT,CA,AWP,WE,Combined TRACON& Tower with Radar,37,16,19,0,72,0,7,91,11,109,37,23,110,11,181,8,0,8,189
10/18/2020,FAT,CA,AWP,WE,Combined TRACON& Tower with Radar,42,15,30,0,87,0,4,87,10,101,42,19,117,10,188,38,0,38,226
10/19/2020,FAT,CA,AWP,WE,Combined TRACON& Tower with Radar,47,18,16,2,83,0,5,83,7,95,47,23,99,9,178,0,6,6,184
10/20/2020,FAT,CA,AWP,WE,Combined TRACON& Tower with Radar,44,12,37,11,104,0,3,105,12,120,44,15,142,23,224,4,6,10,234
10/21/2020,FAT,CA,AWP,WE,Combined TRACON& Tower with Radar,44,12,25,27,108,0,3,88,11,102,44,15,113,38,210,12,34,46,256
10/22/2020,FAT,CA,AWP,WE,Combined TRACON& Tower with Radar,45,15,35,17,112,0,6,91,17,114,45,21,126,34,226,14,20,34,260
10/23/2020,FAT,CA,AWP,WE,Combined TRACON& Tower with Radar,48,20,34,6,108,0,6,120,12,138,48,26,154,18,246,14,6,20,266
10/24/2020,FAT,CA,AWP,WE,Combined TRACON& Tower with Radar,42,22,19,0,83,0,10,67,6,83,42,32,86,6,166,24,0,24,190
10/25/2020,FAT,CA,AWP,WE,Combined TRACON& Tower with Radar,43,14,24,2,83,0,5,61,4,70,43,19,85,6,153,12,0,12,165
10/26/2020,FAT,CA,AWP,WE,Combined TRACON& Tower with Radar,47,20,25,2,94,0,3,57,3,63,47,23,82,5,157,0,0,0,157
10/27/2020,FAT,CA,AWP,WE,Combined TRACON& Tower with Radar,45,8,8,4,65,0,6,95,23,124,45,14,103,27,189,8,26,34,223
10/28/2020,FAT,CA,AWP,WE,Combined TRACON& Tower with Radar,45,13,38,8,104,0,10,93,11,114,45,23,131,19,218,0,0,0,218
10/29/2020,FAT,CA,AWP,WE,Combined TRACON& Tower with Radar,47,22,24,4,97,0,15,98,11,124,47,37,122,15,221,0,0,0,221
10/30/2020,FAT,CA,AWP,WE,Combined TRACON& Tower with Radar,49,19,25,6,99,0,17,103,10,130,49,36,128,16,229,56,0,56,285
10/31/2020,FAT,CA,AWP,WE,Combined TRACON& Tower with Radar,33,16,20,3,72,0,13,59,1,73,33,29,79,4,145,80,0,80,225
11/01/2020,FAT,CA,AWP,WE,Combined TRACON& Tower with Radar,39,19,19,0,77,0,5,75,2,82,39,24,94,2,159,34,0,34,193
11/02/2020,FAT,CA,AWP,WE,Combined TRACON& Tower with Radar,51,16,25,4,96,0,5,78,5,88,51,21,103,9,184,40,0,40,224
11/03/2020,FAT,CA,AWP,WE,Combined TRACON& Tower with Radar,39,11,19,9,78,0,10,71,5,86,39,21,90,14,164,32,8,40,204
11/04/2020,FAT,CA,AWP,WE,Combined TRACON& Tower with Radar,37,21,20,2,80,0,9,89,3,101,37,30,109,5,181,4,0,4,185
11/05/2020,FAT,CA,AWP,WE,Combined TRACON& Tower with Radar,45,22,23,5,95,0,7,105,10,122,45,29,128,15,217,8,0,8,225
11/06/2020,FAT,CA,AWP,WE,Combined TRACON& Tower with Radar,42,18,16,3,79,0,6,57,2,65,42,24,73,5,144,8,0,8,152
11/07/2020,FAT,CA,AWP,WE,Combined TRACON& Tower with Radar,38,14,20,3,75,0,2,18,1,21,38,16,38,4,96,8,0,8,104
11/08/2020,FAT,CA,AWP,WE,Combined TRACON& Tower with Radar,38,15,11,3,67,0,1,21,1,23,38,16,32,4,90,36,0,36,126
11/09/2020,FAT,CA,AWP,WE,Combined TRACON& Tower with Radar,45,20,21,2,88,0,4,88,2,94,45,24,109,4,182,30,0,30,212
11/10/2020,FAT,CA,AWP,WE,Combined TRACON& Tower with Radar,38,13,19,8,78,0,10,106,8,124,38,23,125,16,202,48,0,48,250
11/11/2020,FAT,CA,AWP,WE,Combined TRACON& Tower with Radar,41,18,22,3,84,0,7,80,0,87,41,25,102,3,171,98,0,98,269
11/12/2020,FAT,CA,AWP,WE,Combined TRACON& Tower with Radar,46,14,16,3,79,0,10,86,6,102,46,24,102,9,181,124,2,126,307
11/13/2020,FAT,CA,AWP,WE,Combined TRACON& Tower with Radar,50,21,26,0,97,0,6,76,3,85,50,27,102,3,182,124,0,124,306
11/14/2020,FAT,CA,AWP,WE,Combined TRACON& Tower with Radar,44,19,13,5,81,0,7,72,2,81,44,26,85,7,162,68,0,68,230
11/15/2020,FAT,CA,AWP,WE,Combined TRACON& Tower with Radar,41,19,27,1,88,0,6,50,4,60,41,25,77,5,148,0,0,0,148
11/16/2020,FAT,CA,AWP,WE,Combined TRACON& Tower with Radar,49,24,17,0,90,0,12,59,1,72,49,36,76,1,162,0,0,0,162
11/17/2020,FAT,CA,AWP,WE,Combined TRACON& Tower with Radar,40,13,20,7,80,0,4,75,9,88,40,17,95,16,168,68,12,80,248
11/18/2020,FAT,CA,AWP,WE,Combined TRACON& Tower with Radar,42,19,41,13,115,0,2,48,3,53,42,21,89,16,168,58,8,66,234
11/19/2020,FAT,CA,AWP,WE,Combined TRACON& Tower with Radar,46,14,22,9,91,0,10,95,11,116,46,24,117,20,207,82,8,90,297
11/20/2020,FAT,CA,AWP,WE,Combined TRACON& Tower with Radar,47,12,16,6,81,0,7,85,4,96,47,19,101,10,177,96,4,100,277
11/21/2020,FAT,CA,AWP,WE,Combined TRACON& Tower with Radar,43,14,14,2,73,0,6,83,4,93,43,20,97,6,166,78,12,90,256
11/22/2020,FAT,CA,AWP,WE,Combined TRACON& Tower with Radar,42,19,22,0,83,0,4,54,2,60,42,23,76,2,143,12,0,12,155
11/23/2020,FAT,CA,AWP,WE,Combined TRACON& Tower with Radar,49,11,21,6,87,0,7,74,11,92,49,18,95,17,179,108,6,114,293
11/24/2020,FAT,CA,AWP,WE,Combined TRACON& Tower with Radar,50,22,20,7,99,0,5,80,11,96,50,27,100,18,195,58,0,58,253
11/25/2020,FAT,CA,AWP,WE,Combined TRACON& Tower with Radar,49,21,19,4,93,0,2,63,2,67,49,23,82,6,160,40,0,40,200
11/26/2020,FAT,CA,AWP,WE,Combined TRACON& Tower with Radar,30,11,1,0,42,0,3,27,0,30,30,14,28,0,72,12,0,12,84
11/27/2020,FAT,CA,AWP,WE,Combined TRACON& Tower with Radar,48,19,19,0,86,0,1,59,0,60,48,20,78,0,146,4,0,4,150
11/28/2020,FAT,CA,AWP,WE,Combined TRACON& Tower with Radar,45,17,25,0,87,0,4,55,0,59,45,21,80,0,146,0,0,0,146
11/29/2020,FAT,CA,AWP,WE,Combined TRACON& Tower with Radar,43,28,24,0,95,0,1,50,0,51,43,29,74,0,146,0,0,0,146
11/30/2020,FAT,CA,AWP,WE,Combined TRACON& Tower with Radar,52,23,14,8,97,0,5,52,12,69,52,28,66,20,166,64,0,64,230
12/01/2020,FAT,CA,AWP,WE,Combined TRACON& Tower with Radar,50,22,15,11,98,0,5,72,9,86,50,27,87,20,184,68,4,72,256
12/02/2020,FAT,CA,AWP,WE,Combined TRACON& Tower with Radar,45,19,26,16,106,0,2,71,7,80,45,21,97,23,186,48,4,52,238
12/03/2020,FAT,CA,AWP,WE,Combined TRACON& Tower with Radar,49,19,28,4,100,0,5,67,13,85,49,24,95,17,185,118,0,118,303
12/04/2020,FAT,CA,AWP,WE,Combined TRACON& Tower with Radar,50,18,22,7,97,0,7,75,7,89,50,25,97,14,186,18,4,22,208
12/05/2020,FAT,CA,AWP,WE,Combined TRACON& Tower with Radar,39,14,25,11,89,0,9,68,12,89,39,23,93,23,178,60,12,72,250
12/06/2020,FAT,CA,AWP,WE,Combined TRACON& Tower with Radar,42,20,16,0,78,0,5,63,1,69,42,25,79,1,147,42,0,42,189
12/07/2020,FAT,CA,AWP,WE,Combined TRACON& Tower with Radar,48,14,11,0,73,0,5,64,3,72,48,19,75,3,145,82,20,102,247
12/08/2020,FAT,CA,AWP,WE,Combined TRACON& Tower with Radar,45,15,9,11,80,0,3,65,11,79,45,18,74,22,159,0,0,0,159
12/09/2020,FAT,CA,AWP,WE,Combined TRACON& Tower with Radar,48,10,22,17,97,0,6,74,10,90,48,16,96,27,187,70,2,72,259
12/10/2020,FAT,CA,AWP,WE,Combined TRACON& Tower with Radar,52,17,24,7,100,0,5,87,9,101,52,22,111,16,201,58,0,58,259
12/11/2020,FAT,CA,AWP,WE,Combined TRACON& Tower with Radar,57,15,23,4,99,0,7,73,20,100,57,22,96,24,199,106,18,124,323
12/12/2020,FAT,CA,AWP,WE,Combined TRACON& Tower with Radar,42,14,19,3,78,0,2,8,0,10,42,16,27,3,88,0,0,0,88
12/13/2020,FAT,CA,AWP,WE,Combined TRACON& Tower with Radar,46,18,22,13,99,0,0,18,0,18,46,18,40,13,117,14,0,14,131
12/14/2020,FAT,CA,AWP,WE,Combined TRACON& Tower with Radar,50,27,38,28,143,0,7,42,3,52,50,34,80,31,195,26,0,26,221
12/15/2020,FAT,CA,AWP,WE,Combined TRACON& Tower with Radar,46,20,15,11,92,0,5,71,6,82,46,25,86,17,174,12,6,18,192
12/16/2020,FAT,CA,AWP,WE,Combined TRACON& Tower with Radar,46,16,22,20,104,0,4,81,7,92,46,20,103,27,196,50,0,50,246
12/17/2020,FAT,CA,AWP,WE,Combined TRACON& Tower with Radar,57,17,49,21,144,0,6,49,6,61,57,23,98,27,205,30,8,38,243
12/18/2020,FAT,CA,AWP,WE,Combined TRACON& Tower with Radar,57,12,43,10,122,0,6,33,2,41,57,18,76,12,163,0,0,0,163
12/19/2020,FAT,CA,AWP,WE,Combined TRACON& Tower with Radar,54,15,22,2,93,0,1,26,1,28,54,16,48,3,121,56,0,56,177
12/20/2020,FAT,CA,AWP,WE,Combined TRACON& Tower with Radar,38,11,20,0,69,0,0,2,0,2,38,11,22,0,71,0,0,0,71
12/21/2020,FAT,CA,AWP,WE,Combined TRACON& Tower with Radar,41,18,35,5,99,0,0,8,0,8,41,18,43,5,107,14,0,14,121
12/22/2020,FAT,CA,AWP,WE,Combined TRACON& Tower with Radar,56,16,25,9,106,0,0,0,0,0,56,16,25,9,106,0,0,0,106
12/23/2020,FAT,CA,AWP,WE,Combined TRACON& Tower with Radar,57,23,42,8,130,0,2,26,0,28,57,25,68,8,158,12,0,12,170
12/24/2020,FAT,CA,AWP,WE,Combined TRACON& Tower with Radar,41,11,16,0,68,0,4,28,0,32,41,15,44,0,100,4,0,4,104
12/25/2020,FAT,CA,AWP,WE,Combined TRACON& Tower with Radar,30,12,4,0,46,0,2,14,0,16,30,14,18,0,62,0,0,0,62
12/26/2020,FAT,CA,AWP,WE,Combined TRACON& Tower with Radar,50,16,19,0,85,0,4,25,0,29,50,20,44,0,114,0,0,0,114
12/27/2020,FAT,CA,AWP,WE,Combined TRACON& Tower with Radar,48,19,18,0,85,0,2,43,0,45,48,21,61,0,130,22,0,22,152
12/28/2020,FAT,CA,AWP,WE,Combined TRACON& Tower with Radar,54,15,20,2,91,1,10,50,2,63,55,25,70,4,154,0,0,0,154
12/29/2020,FAT,CA,AWP,WE,Combined TRACON& Tower with Radar,53,15,16,10,94,0,12,82,3,97,53,27,98,13,191,44,8,52,243
12/30/2020,FAT,CA,AWP,WE,Combined TRACON& Tower with Radar,63,19,24,10,116,0,3,61,0,64,63,22,85,10,180,70,0,70,250
12/31/2020,FAT,CA,AWP,WE,Combined TRACON& Tower with Radar,42,20,32,0,94,0,0,13,0,13,42,20,45,0,107,14,0,14,121
01/01/2021,FAT,CA,AWP,WE,Combined TRACON& Tower with Radar,43,16,20,0,79,0,3,38,0,41,43,19,58,0,120,42,0,42,162
01/02/2021,FAT,CA,AWP,WE,Combined TRACON& Tower with Radar,52,14,22,0,88,0,7,76,0,83,52,21,98,0,171,16,0,16,187
01/03/2021,FAT,CA,AWP,WE,Combined TRACON& Tower with Radar,54,15,10,0,79,0,4,41,0,45,54,19,51,0,124,0,0,0,124
01/04/2021,FAT,CA,AWP,WE,Combined TRACON& Tower with Radar,55,13,27,7,102,0,6,43,4,53,55,19,70,11,155,0,0,0,155
01/05/2021,FAT,CA,AWP,WE,Combined TRACON& Tower with Radar,40,14,23,4,81,0,4,56,5,65,40,18,79,9,146,32,0,32,178
01/06/2021,FAT,CA,AWP,WE,Combined TRACON& Tower with Radar,44,22,27,20,113,0,6,30,2,38,44,28,57,22,151,20,0,20,171
01/07/2021,FAT,CA,AWP,WE,Combined TRACON& Tower with Radar,40,12,33,6,91,0,1,18,1,20,40,13,51,7,111,0,0,0,111
01/08/2021,FAT,CA,AWP,WE,Combined TRACON& Tower with Radar,44,19,21,9,93,0,0,13,2,15,44,19,34,11,108,28,0,28,136
01/09/2021,FAT,CA,AWP,WE,Combined TRACON& Tower with Radar,34,14,31,10,89,0,0,9,0,9,34,14,40,10,98,0,0,0,98
01/10/2021,FAT,CA,AWP,WE,Combined TRACON& Tower with Radar,42,16,10,0,68,0,3,46,0,49,42,19,56,0,117,16,0,16,133
01/11/2021,FAT,CA,AWP,WE,Combined TRACON& Tower with Radar,42,17,23,2,84,0,4,40,7,51,42,21,63,9,135,6,4,10,145
01/12/2021,FAT,CA,AWP,WE,Combined TRACON& Tower with Radar,40,14,39,8,101,0,3,49,13,65,40,17,88,21,166,12,22,34,200
01/13/2021,FAT,CA,AWP,WE,Combined TRACON& Tower with Radar,38,18,34,21,111,0,1,55,9,65,38,19,89,30,176,14,14,28,204
01/14/2021,FAT,CA,AWP,WE,Combined TRACON& Tower with Radar,48,17,23,25,113,0,1,69,9,79,48,18,92,34,192,20,22,42,234
01/15/2021,FAT,CA,AWP,WE,Combined TRACON& Tower with Radar,42,16,35,3,96,0,2,75,4,81,42,18,110,7,177,0,0,0,177
01/16/2021,FAT,CA,AWP,WE,Combined TRACON& Tower with Radar,34,14,28,1,77,0,5,34,1,40,34,19,62,2,117,0,0,0,117
01/17/2021,FAT,CA,AWP,WE,Combined TRACON& Tower with Radar,41,12,20,0,73,0,2,46,0,48,41,14,66,0,121,4,0,4,125
01/18/2021,FAT,CA,AWP,WE,Combined TRACON& Tower with Radar,41,18,12,2,73,0,13,57,0,70,41,31,69,2,143,28,0,28,171
01/19/2021,FAT,CA,AWP,WE,Combined TRACON& Tower with Radar,39,9,11,15,74,0,3,56,12,71,39,12,67,27,145,14,12,26,171
01/20/2021,FAT,CA,AWP,WE,Combined TRACON& Tower with Radar,39,9,23,18,89,0,10,95,8,113,39,19,118,26,202,40,36,76,278
01/21/2021,FAT,CA,AWP,WE,Combined TRACON& Tower with Radar,48,17,27,5,97,0,9,89,10,108,48,26,116,15,205,30,28,58,263
01/22/2021,FAT,CA,AWP,WE,Combined TRACON& Tower with Radar,43,20,30,7,100,0,6,37,5,48,43,26,67,12,148,18,0,18,166
01/23/2021,FAT,CA,AWP,WE,Combined TRACON& Tower with Radar,33,20,21,0,74,0,7,39,4,50,33,27,60,4,124,10,0,10,134
01/24/2021,FAT,CA,AWP,WE,Combined TRACON& Tower with Radar,42,14,32,0,88,0,10,21,0,31,42,24,53,0,119,0,0,0,119
01/25/2021,FAT,CA,AWP,WE,Combined TRACON& Tower with Radar,42,19,27,8,96,0,5,41,3,49,42,24,68,11,145,0,0,0,145
01/26/2021,FAT,CA,AWP,WE,Combined TRACON& Tower with Radar,40,18,25,11,94,0,3,95,7,105,40,21,120,18,199,30,6,36,235
01/27/2021,FAT,CA,AWP,WE,Combined TRACON& Tower with Radar,40,20,16,0,76,0,4,17,0,21,40,24,33,0,97,6,0,6,103
01/28/2021,FAT,CA,AWP,WE,Combined TRACON& Tower with Radar,47,23,33,11,114,0,0,4,0,4,47,23,37,11,118,0,8,8,126
01/29/2021,FAT,CA,AWP,WE,Combined TRACON& Tower with Radar,43,14,20,7,84,0,2,55,1,58,43,16,75,8,142,38,0,38,180
01/30/2021,FAT,CA,AWP,WE,Combined TRACON& Tower with Radar,31,13,28,0,72,0,7,72,0,79,31,20,100,0,151,22,0,22,173
01/31/2021,FAT,CA,AWP,WE,Combined TRACON& Tower with Radar,43,15,26,0,84,0,1,57,0,58,43,16,83,0,142,24,0,24,166
02/01/2021,FAT,CA,AWP,WE,Combined TRACON& Tower with Radar,41,19,35,16,111,0,3,72,18,93,41,22,107,34,204,40,16,56,260
02/02/2021,FAT,CA,AWP,WE,Combined TRACON& Tower with Radar,40,10,26,22,98,0,9,55,10,74,40,19,81,32,172,6,0,6,178
02/03/2021,FAT,CA,AWP,WE,Combined TRACON& Tower with Radar,40,14,39,16,109,0,9,74,18,101,40,23,113,34,210,30,16,46,256
02/04/2021,FAT,CA,AWP,WE,Combined TRACON& Tower with Radar,47,15,33,16,111,0,6,60,8,74,47,21,93,24,185,50,22,72,257
02/05/2021,FAT,CA,AWP,WE,Combined TRACON& Tower with Radar,43,19,21,25,108,0,6,114,13,133,43,25,135,38,241,0,0,0,241
02/06/2021,FAT,CA,AWP,WE,Combined TRACON& Tower with Radar,34,12,20,10,76,0,10,81,12,103,34,22,101,22,179,32,0,32,211
02/07/2021,FAT,CA,AWP,WE,Combined TRACON& Tower with Radar,43,12,18,0,73,0,3,81,0,84,43,15,99,0,157,42,0,42,199
02/08/2021,FAT,CA,AWP,WE,Combined TRACON& Tower with Radar,39,19,20,0,78,0,4,73,1,78,39,23,93,1,156,34,0,34,190
02/09/2021,FAT,CA,AWP,WE,Combined TRACON& Tower with Radar,41,12,27,22,102,0,4,64,11,79,41,16,91,33,181,112,2,114,295
02/10/2021,FAT,CA,AWP,WE,Combined TRACON& Tower with Radar,42,14,27,15,98,0,2,98,17,117,42,16,125,32,215,38,0,38,253
02/11/2021,FAT,CA,AWP,WE,Combined TRACON& Tower with Radar,52,16,31,11,110,0,5,72,5,82,52,21,103,16,192,44,0,44,236
02/12/2021,FAT,CA,AWP,WE,Combined TRACON& Tower with Radar,49,13,34,8,104,0,2,55,0,57,49,15,89,8,161,28,0,28,189
02/13/2021,FAT,CA,AWP,WE,Combined TRACON& Tower with Radar,29,13,16,0,58,0,7,28,0,35,29,20,44,0,93,36,0,36,129
02/14/2021,FAT,CA,AWP,WE,Combined TRACON& Tower with Radar,30,13,17,0,60,0,2,41,0,43,30,15,58,0,103,0,0,0,103
02/15/2021,FAT,CA,AWP,WE,Combined TRACON& Tower with Radar,42,20,39,0,101,0,4,44,0,48,42,24,83,0,149,0,0,0,149
02/16/2021,FAT,CA,AWP,WE,Combined TRACON& Tower with Radar,39,14,27,10,90,0,4,72,4,80,39,18,99,14,170,44,0,44,214
02/17/2021,FAT,CA,AWP,WE,Combined TRACON& Tower with Radar,41,13,16,14,84,0,3,73,5,81,41,16,89,19,165,74,4,78,243
02/18/2021,FAT,CA,AWP,WE,Combined TRACON& Tower with Radar,48,17,39,9,113,0,1,98,4,103,48,18,137,13,216,38,6,44,260
02/19/2021,FAT,CA,AWP,WE,Combined TRACON& Tower with Radar,50,17,19,14,100,0,2,75,13,90,50,19,94,27,190,30,2,32,222
02/20/2021,FAT,CA,AWP,WE,Combined TRACON& Tower with Radar,37,21,15,2,75,0,8,39,2,49,37,29,54,4,124,6,0,6,130
02/21/2021,FAT,CA,AWP,WE,Combined TRACON& Tower with Radar,41,17,13,1,72,0,4,56,2,62,41,21,69,3,134,44,0,44,178
02/22/2021,FAT,CA,AWP,WE,Combined TRACON& Tower with Radar,45,14,14,0,73,0,2,97,3,102,45,16,111,3,175,36,0,36,211
02/23/2021,FAT,CA,AWP,WE,Combined TRACON& Tower with Radar,41,16,27,22,106,0,5,78,12,95,41,21,105,34,201,0,0,0,201
02/24/2021,FAT,CA,AWP,WE,Combined TRACON& Tower with Radar,43,12,29,10,94,0,8,66,6,80,43,20,95,16,174,0,0,0,174
02/25/2021,FAT,CA,AWP,WE,Combined TRACON& Tower with Radar,50,18,24,7,99,0,9,96,10,115,50,27,120,17,214,20,0,20,234
02/26/2021,FAT,CA,AWP,WE,Combined TRACON& Tower with Radar,47,15,17,2,81,0,3,97,5,105,47,18,114,7,186,34,0,34,220
02/27/2021,FAT,CA,AWP,WE,Combined TRACON& Tower with Radar,41,14,19,1,75,0,9,68,2,79,41,23,87,3,154,4,0,4,158
02/28/2021,FAT,CA,AWP,WE,Combined TRACON& Tower with Radar,40,14,25,1,80,0,8,87,0,95,40,22,112,1,175,64,0,64,239
03/01/2021,FAT,CA,AWP,WE,Combined TRACON& Tower with Radar,45,14,30,8,97,0,7,63,4,74,45,21,93,12,171,52,0,52,223
03/02/2021,FAT,CA,AWP,WE,Combined TRACON& Tower with Radar,45,16,17,10,88,0,5,84,19,108,45,21,101,29,196,28,0,28,224
03/03/2021,FAT,CA,AWP,WE,Combined TRACON& Tower with Radar,41,17,15,4,77,0,6,81,15,102,41,23,96,19,179,54,34,88,267
03/04/2021,FAT,CA,AWP,WE,Combined TRACON& Tower with Radar,49,22,36,1,108,0,4,90,4,98,49,26,126,5,206,32,12,44,250
03/05/2021,FAT,CA,AWP,WE,Combined TRACON& Tower with Radar,48,19,27,12,106,0,9,91,3,103,48,28,118,15,209,66,8,74,283
03/06/2021,FAT,CA,AWP,WE,Combined TRACON& Tower with Radar,44,17,18,10,89,0,7,39,10,56,44,24,57,20,145,8,12,20,165
03/07/2021,FAT,CA,AWP,WE,Combined TRACON& Tower with Radar,40,18,14,5,77,0,6,74,4,84,40,24,88,9,161,22,0,22,183
03/08/2021,FAT,CA,AWP,WE,Combined TRACON& Tower with Radar,46,17,21,17,101,0,2,56,16,74,46,19,77,33,175,20,0,20,195
03/09/2021,FAT,CA,AWP,WE,Combined TRACON& Tower with Radar,46,19,18,4,87,0,10,83,9,102,46,29,101,13,189,24,14,38,227
03/10/2021,FAT,CA,AWP,WE,Combined TRACON& Tower with Radar,42,20,23,15,100,0,1,29,9,39,42,21,52,24,139,14,6,20,159
03/11/2021,FAT,CA,AWP,WE,Combined TRACON& Tower with Radar,50,28,35,10,123,0,4,63,2,69,50,32,98,12,192,72,6,78,270
03/12/2021,FAT,CA,AWP,WE,Combined TRACON& Tower with Radar,50,20,28,2,100,0,3,97,7,107,50,23,125,9,207,54,0,54,261
03/13/2021,FAT,CA,AWP,WE,Combined TRACON& Tower with Radar,40,27,14,1,82,0,18,81,6,105,40,45,95,7,187,30,4,34,221
03/14/2021,FAT,CA,AWP,WE,Combined TRACON& Tower with Radar,43,22,32,1,98,0,6,70,8,84,43,28,102,9,182,8,0,8,190
03/15/2021,FAT,CA,AWP,WE,Combined TRACON& Tower with Radar,47,24,36,5,112,0,2,39,2,43,47,26,75,7,155,0,0,0,155
03/16/2021,FAT,CA,AWP,WE,Combined TRACON& Tower with Radar,45,16,18,8,87,0,8,75,15,98,45,24,93,23,185,86,10,96,281
03/17/2021,FAT,CA,AWP,WE,Combined TRACON& Tower with Radar,42,16,26,10,94,0,9,88,6,103,42,25,114,16,197,0,0,0,197
03/18/2021,FAT,CA,AWP,WE,Combined TRACON& Tower with Radar,47,15,33,15,110,0,8,73,18,99,47,23,106,33,209,22,2,24,233
03/19/2021,FAT,CA,AWP,WE,Combined TRACON& Tower with Radar,52,23,47,10,132,0,2,24,3,29,52,25,71,13,161,28,0,28,189
03/20/2021,FAT,CA,AWP,WE,Combined TRACON& Tower with Radar,43,18,17,0,78,0,11,70,0,81,43,29,87,0,159,82,0,82,241
03/21/2021,FAT,CA,AWP,WE,Combined TRACON& Tower with Radar,46,18,20,3,87,0,7,100,3,110,46,25,120,6,197,18,0,18,215
03/22/2021,FAT,CA,AWP,WE,Combined TRACON& Tower with Radar,47,15,18,7,87,0,6,75,7,88,47,21,93,14,175,30,6,36,211
03/23/2021,FAT,CA,AWP,WE,Combined TRACON& Tower with Radar,46,14,21,10,91,0,6,74,4,84,46,20,95,14,175,20,8,28,203
03/24/2021,FAT,CA,AWP,WE,Combined TRACON& Tower with Radar,48,22,22,12,104,0,6,94,9,109,48,28,116,21,213,40,34,74,287
03/25/2021,FAT,CA,AWP,WE,Combined TRACON& Tower with Radar,48,21,38,8,115,0,9,120,18,147,48,30,158,26,262,78,0,78,340
03/26/2021,FAT,CA,AWP,WE,Combined TRACON& Tower with Radar,54,19,31,11,115,0,10,110,7,127,54,29,141,18,242,20,10,30,272
03/27/2021,FAT,CA,AWP,WE,Combined TRACON& Tower with Radar,43,16,16,2,77,0,11,92,1,104,43,27,108,3,181,64,0,64,245
03/28/2021,FAT,CA,AWP,WE,Combined TRACON& Tower with Radar,47,14,25,0,86,0,6,82,1,89,47,20,107,1,175,48,0,48,223
03/29/2021,FAT,CA,AWP,WE,Combined TRACON& Tower with Radar,50,20,17,17,104,0,9,93,8,110,50,29,110,25,214,72,6,78,292
03/30/2021,FAT,CA,AWP,WE,Combined TRACON& Tower with Radar,47,19,23,23,112,0,15,84,15,114,47,34,107,38,226,64,26,90,316
03/31/2021,FAT,CA,AWP,WE,Combined TRACON& Tower with Radar,46,15,31,15,107,0,7,104,6,117,46,22,135,21,224,26,0,26,250
04/01/2021,FAT,CA,AWP,WE,Combined TRACON& Tower with Radar,48,16,20,15,99,0,12,125,17,154,48,28,145,32,253,64,0,64,317
04/02/2021,FAT,CA,AWP,WE,Combined TRACON& Tower with Radar,55,14,34,1,104,0,11,98,3,112,55,25,132,4,216,58,0,58,274
04/03/2021,FAT,CA,AWP,WE,Combined TRACON& Tower with Radar,44,19,10,0,73,0,7,76,0,83,44,26,86,0,156,0,0,0,156
04/04/2021,FAT,CA,AWP,WE,Combined TRACON& Tower with Radar,51,19,17,0,87,0,3,58,0,61,51,22,75,0,148,10,0,10,158
04/05/2021,FAT,CA,AWP,WE,Combined TRACON& Tower with Radar,56,19,17,5,97,0,9,110,9,128,56,28,127,14,225,0,18,18,243
04/06/2021,FAT,CA,AWP,WE,Combined TRACON& Tower with Radar,53,11,20,22,106,0,11,93,15,119,53,22,113,37,225,66,18,84,309
04/07/2021,FAT,CA,AWP,WE,Combined TRACON& Tower with Radar,54,13,20,9,96,0,7,98,10,115,54,20,118,19,211,20,0,20,231
04/08/2021,FAT,CA,AWP,WE,Combined TRACON& Tower with Radar,60,16,27,12,115,0,7,108,7,122,60,23,135,19,237,60,10,70,307
04/09/2021,FAT,CA,AWP,WE,Combined TRACON& Tower with Radar,57,16,28,10,111,0,11,136,7,154,57,27,164,17,265,84,0,84,349
04/10/2021,FAT,CA,AWP,WE,Combined TRACON& Tower with Radar,50,17,13,8,88,0,15,66,5,86,50,32,79,13,174,46,10,56,230
04/11/2021,FAT,CA,AWP,WE,Combined TRACON& Tower with Radar,53,12,17,0,82,0,7,78,0,85,53,19,95,0,167,58,0,58,225
04/12/2021,FAT,CA,AWP,WE,Combined TRACON& Tower with Radar,56,18,16,0,90,0,14,82,4,100,56,32,98,4,190,118,0,118,308
04/13/2021,FAT,CA,AWP,WE,Combined TRACON& Tower with Radar,53,14,17,8,92,0,6,68,8,82,53,20,85,16,174,14,20,34,208
04/14/2021,FAT,CA,AWP,WE,Combined TRACON& Tower with Radar,50,17,33,5,105,0,5,77,4,86,50,22,110,9,191,2,0,2,193
04/15/2021,FAT,CA,AWP,WE,Combined TRACON& Tower with Radar,58,16,20,9,103,0,7,124,5,136,58,23,144,14,239,0,2,2,241
04/16/2021,FAT,CA,AWP,WE,Combined TRACON& Tower with Radar,57,17,22,8,104,0,10,82,1,93,57,27,104,9,197,0,0,0,197
04/17/2021,FAT,CA,AWP,WE,Combined TRACON& Tower with Radar,51,17,18,0,86,0,7,73,1,81,51,24,91,1,167,0,0,0,167
04/18/2021,FAT,CA,AWP,WE,Combined TRACON& Tower with Radar,53,13,17,0,83,0,6,68,0,74,53,19,85,0,157,10,0,10,167
04/19/2021,FAT,CA,AWP,WE,Combined TRACON& Tower with Radar,53,19,25,4,101,0,3,102,11,116,53,22,127,15,217,42,0,42,259
04/20/2021,FAT,CA,AWP,WE,Combined TRACON& Tower with Radar,53,14,26,20,113,0,10,123,16,149,53,24,149,36,262,34,0,34,296
04/21/2021,FAT,CA,AWP,WE,Combined TRACON& Tower with Radar,52,9,36,7,104,0,5,103,11,119,52,14,139,18,223,52,10,62,285
04/22/2021,FAT,CA,AWP,WE,Combined TRACON& Tower with Radar,60,22,45,3,130,0,15,107,9,131,60,37,152,12,261,66,18,84,345
04/23/2021,FAT,CA,AWP,WE,Combined TRACON& Tower with Radar,58,20,23,11,112,0,10,90,6,106,58,30,113,17,218,22,10,32,250
04/24/2021,FAT,CA,AWP,WE,Combined TRACON& Tower with Radar,49,17,15,9,90,0,13,68,3,84,49,30,83,12,174,0,0,0,174
04/25/2021,FAT,CA,AWP,WE,Combined TRACON& Tower with Radar,60,21,34,5,120,0,5,18,1,24,60,26,52,6,144,10,0,10,154
04/26/2021,FAT,CA,AWP,WE,Combined TRACON& Tower with Radar,62,13,25,3,103,0,1,65,0,66,62,14,90,3,169,0,0,0,169
04/27/2021,FAT,CA,AWP,WE,Combined TRACON& Tower with Radar,62,11,32,1,106,0,6,117,6,129,62,17,149,7,235,0,0,0,235
04/28/2021,FAT,CA,AWP,WE,Combined TRACON& Tower with Radar,58,14,24,4,100,0,5,110,8,123,58,19,134,12,223,38,6,44,267
04/29/2021,FAT,CA,AWP,WE,Combined TRACON& Tower with Radar,65,17,23,3,108,0,7,118,7,132,65,24,141,10,240,36,8,44,284
04/30/2021,FAT,CA,AWP,WE,Combined TRACON& Tower with Radar,68,15,21,10,114,0,6,106,8,120,68,21,127,18,234,28,10,38,272
05/01/2021,FAT,CA,AWP,WE,Combined TRACON& Tower with Radar,59,15,27,2,103,0,15,76,1,92,59,30,103,3,195,0,10,10,205
05/02/2021,FAT,CA,AWP,WE,Combined TRACON& Tower with Radar,62,13,21,0,96,0,3,74,0,77,62,16,95,0,173,0,0,0,173
05/03/2021,FAT,CA,AWP,WE,Combined TRACON& Tower with Radar,64,15,19,0,98,0,4,71,4,79,64,19,90,4,177,14,0,14,191
05/04/2021,FAT,CA,AWP,WE,Combined TRACON& Tower with Radar,63,11,29,8,111,0,7,98,16,121,63,18,127,24,232,0,0,0,232
05/05/2021,FAT,CA,AWP,WE,Combined TRACON& Tower with Radar,60,9,20,11,100,0,6,94,7,107,60,15,114,18,207,0,0,0,207
05/06/2021,FAT,CA,AWP,WE,Combined TRACON& Tower with Radar,78,18,13,10,119,0,6,107,15,128,78,24,120,25,247,0,0,0,247
05/07/2021,FAT,CA,AWP,WE,Combined TRACON& Tower with Radar,76,13,19,1,109,0,5,86,10,101,76,18,105,11,210,80,0,80,290
05/08/2021,FAT,CA,AWP,WE,Combined TRACON& Tower with Radar,65,12,15,0,92,0,9,65,3,77,65,21,80,3,169,30,8,38,207
05/09/2021,FAT,CA,AWP,WE,Combined TRACON& Tower with Radar,68,15,9,0,92,0,6,60,1,67,68,21,69,1,159,18,0,18,177
05/10/2021,FAT,CA,AWP,WE,Combined TRACON& Tower with Radar,73,16,16,4,109,2,4,83,3,92,75,20,99,7,201,20,44,64,265
05/11/2021,FAT,CA,AWP,WE,Combined TRACON& Tower with Radar,64,10,26,8,108,0,12,85,4,101,64,22,111,12,209,70,6,76,285
05/12/2021,FAT,CA,AWP,WE,Combined TRACON& Tower with Radar,67,17,42,7,133,0,11,94,4,109,67,28,136,11,242,48,12,60,302
05/13/2021,FAT,CA,AWP,WE,Combined TRACON& Tower with Radar,76,13,15,0,104,0,8,96,6,110,76,21,111,6,214,36,6,42,256
05/14/2021,FAT,CA,AWP,WE,Combined TRACON& Tower with Radar,71,11,33,8,123,1,2,90,15,108,72,13,123,23,231,104,12,116,347
05/15/2021,FAT,CA,AWP,WE,Combined TRACON& Tower with Radar,70,16,18,0,104,0,10,62,0,72,70,26,80,0,176,16,0,16,192
05/16/2021,FAT,CA,AWP,WE,Combined TRACON& Tower with Radar,66,21,27,0,114,0,3,66,2,71,66,24,93,2,185,43,0,43,228
05/17/2021,FAT,CA,AWP,WE,Combined TRACON& Tower with Radar,74,18,27,7,126,0,5,73,4,82,74,23,100,11,208,36,12,48,256
05/18/2021,FAT,CA,AWP,WE,Combined TRACON& Tower with Radar,71,18,30,10,129,0,8,77,12,97,71,26,107,22,226,72,8,80,306
05/19/2021,FAT,CA,AWP,WE,Combined TRACON& Tower with Radar,70,13,30,9,122,0,3,76,11,90,70,16,106,20,212,32,20,52,264
05/20/2021,FAT,CA,AWP,WE,Combined TRACON& Tower with Radar,81,18,10,10,119,0,8,75,10,93,81,26,85,20,212,24,4,28,240
05/21/2021,FAT,CA,AWP,WE,Combined TRACON& Tower with Radar,75,18,22,2,117,0,4,83,22,109,75,22,105,24,226,52,2,54,280
05/22/2021,FAT,CA,AWP,WE,Combined TRACON& Tower with Radar,72,11,16,0,99,0,10,58,1,69,72,21,74,1,168,0,0,0,168
05/23/2021,FAT,CA,AWP,WE,Combined TRACON& Tower with Radar,68,14,23,0,105,0,4,93,2,99,68,18,116,2,204,38,0,38,242
05/24/2021,FAT,CA,AWP,WE,Combined TRACON& Tower with Radar,73,18,18,0,109,0,5,96,5,106,73,23,114,5,215,26,0,26,241
05/25/2021,FAT,CA,AWP,WE,Combined TRACON& Tower with Radar,72,10,27,13,122,0,3,76,11,90,72,13,103,24,212,0,0,0,212
05/26/2021,FAT,CA,AWP,WE,Combined TRACON& Tower with Radar,70,14,23,4,111,0,7,94,8,109,70,21,117,12,220,17,14,31,251
05/27/2021,FAT,CA,AWP,WE,Combined TRACON& Tower with Radar,80,13,20,12,125,0,7,131,17,155,80,20,151,29,280,42,2,44,324
05/28/2021,FAT,CA,AWP,WE,Combined TRACON& Tower with Radar,74,15,33,2,124,0,7,109,5,121,74,22,142,7,245,52,0,52,297
05/29/2021,FAT,CA,AWP,WE,Combined TRACON& Tower with Radar,72,18,14,0,104,0,8,80,1,89,72,26,94,1,193,32,0,32,225
05/30/2021,FAT,CA,AWP,WE,Combined TRACON& Tower with Radar,71,19,9,0,99,0,7,53,1,61,71,26,62,1,160,0,0,0,160
05/31/2021,FAT,CA,AWP,WE,Combined TRACON& Tower with Radar,71,14,16,0,101,0,11,78,44,133,71,25,94,44,234,22,0,22,256
06/01/2021,FAT,CA,AWP,WE,Combined TRACON& Tower with Radar,72,19,33,17,141,0,4,64,12,80,72,23,97,29,221,60,14,74,295
06/02/2021,FAT,CA,AWP,WE,Combined TRACON& Tower with Radar,69,16,13,14,112,0,6,75,12,93,69,22,88,26,205,60,18,78,283
06/03/2021,FAT,CA,AWP,WE,Combined TRACON& Tower with Radar,74,22,10,8,114,0,3,80,18,101,74,25,90,26,215,42,0,42,257
06/04/2021,FAT,CA,AWP,WE,Combined TRACON& Tower with Radar,75,30,28,11,144,0,4,96,10,110,75,34,124,21,254,2,0,2,256
06/05/2021,FAT,CA,AWP,WE,Combined TRACON& Tower with Radar,72,22,12,7,113,0,6,50,6,62,72,28,62,13,175,46,2,48,223
06/06/2021,FAT,CA,AWP,WE,Combined TRACON& Tower with Radar,66,22,25,0,113,0,8,68,34,110,66,30,93,34,223,8,0,8,231
06/07/2021,FAT,CA,AWP,WE,Combined TRACON& Tower with Radar,71,27,17,9,124,0,6,66,7,79,71,33,83,16,203,28,4,32,235
06/08/2021,FAT,CA,AWP,WE,Combined TRACON& Tower with Radar,76,23,19,5,123,0,4,86,7,97,76,27,105,12,220,14,12,26,246
06/09/2021,FAT,CA,AWP,WE,Combined TRACON& Tower with Radar,74,25,23,7,129,0,13,95,20,128,74,38,118,27,257,62,14,76,333
06/10/2021,FAT,CA,AWP,WE,Combined TRACON& Tower with Radar,78,25,25,11,139,0,6,107,19,132,78,31,132,30,271,20,10,30,301
06/11/2021,FAT,CA,AWP,WE,Combined TRACON& Tower with Radar,78,23,43,6,150,0,2,111,5,118,78,25,154,11,268,16,0,16,284
06/12/2021,FAT,CA,AWP,WE,Combined TRACON& Tower with Radar,70,26,23,1,120,0,22,97,11,130,70,48,120,12,250,18,0,18,268
06/13/2021,FAT,CA,AWP,WE,Combined TRACON& Tower with Radar,64,18,22,0,104,0,7,71,7,85,64,25,93,7,189,0,0,0,189
06/14/2021,FAT,CA,AWP,WE,Combined TRACON& Tower with Radar,80,24,19,13,136,0,4,75,15,94,80,28,94,28,230,24,12,36,266
06/15/2021,FAT,CA,AWP,WE,Combined TRACON& Tower with Radar,71,25,20,14,130,0,8,92,16,116,71,33,112,30,246,2,22,24,270
06/16/2021,FAT,CA,AWP,WE,Combined TRACON& Tower with Radar,75,19,29,12,135,0,7,111,23,141,75,26,140,35,276,10,0,10,286
06/17/2021,FAT,CA,AWP,WE,Combined TRACON& Tower with Radar,75,25,23,5,128,0,7,113,14,134,75,32,136,19,262,12,0,12,274
06/18/2021,FAT,CA,AWP,WE,Combined TRACON& Tower with Radar,75,30,37,2,144,1,24,122,15,162,76,54,159,17,306,14,0,14,320
06/19/2021,FAT,CA,AWP,WE,Combined TRACON& Tower with Radar,68,24,27,6,125,0,11,68,14,93,68,35,95,20,218,8,8,16,234
06/20/2021,FAT,CA,AWP,WE,Combined TRACON& Tower with Radar,67,21,13,1,102,0,5,54,14,73,67,26,67,15,175,44,12,56,231
06/21/2021,FAT,CA,AWP,WE,Combined TRACON& Tower with Radar,75,25,26,10,136,1,9,91,13,114,76,34,117,23,250,6,12,18,268
06/22/2021,FAT,CA,AWP,WE,Combined TRACON& Tower with Radar,72,18,24,5,119,3,13,95,20,131,75,31,119,25,250,66,0,66,316
06/23/2021,FAT,CA,AWP,WE,Combined TRACON& Tower with Radar,74,19,26,21,140,1,10,96,17,124,75,29,122,38,264,0,0,0,264
06/24/2021,FAT,CA,AWP,WE,Combined TRACON& Tower with Radar,78,18,40,8,144,0,5,107,19,131,78,23,147,27,275,40,12,52,327
06/25/2021,FAT,CA,AWP,WE,Combined TRACON& Tower with Radar,74,18,22,5,119,0,7,95,12,114,74,25,117,17,233,20,6,26,259
06/26/2021,FAT,CA,AWP,WE,Combined TRACON& Tower with Radar,69,19,11,2,101,0,11,70,9,90,69,30,81,11,191,0,0,0,191
06/27/2021,FAT,CA,AWP,WE,Combined TRACON& Tower with Radar,69,22,35,1,127,0,2,83,10,95,69,24,118,11,222,22,0,22,244
06/28/2021,FAT,CA,AWP,WE,Combined TRACON& Tower with Radar,74,21,31,14,140,1,11,98,15,125,75,32,129,29,265,67,4,71,336
06/29/2021,FAT,CA,AWP,WE,Combined TRACON& Tower with Radar,74,23,27,25,149,0,8,94,58,160,74,31,121,83,309,28,34,62,371
06/30/2021,FAT,CA,AWP,WE,Combined TRACON& Tower with Radar,77,22,31,10,140,0,2,109,30,141,77,24,140,40,281,34,4,38,319
07/01/2021,FAT,CA,AWP,WE,Combined TRACON& Tower with Radar,77,24,37,12,150,0,7,111,13,131,77,31,148,25,281,0,0,0,281
07/02/2021,FAT,CA,AWP,WE,Combined TRACON& Tower with Radar,76,31,26,4,137,0,5,96,6,107,76,36,122,10,244,42,0,42,286
07/03/2021,FAT,CA,AWP,WE,Combined TRACON& Tower with Radar,67,19,17,0,103,0,8,69,7,84,67,27,86,7,187,14,0,14,201
07/04/2021,FAT,CA,AWP,WE,Combined TRACON& Tower with Radar,63,20,5,1,89,0,8,41,21,70,63,28,46,22,159,4,0,4,163
07/05/2021,FAT,CA,AWP,WE,Combined TRACON& Tower with Radar,72,26,23,0,121,0,3,93,7,103,72,29,116,7,224,0,0,0,224
07/06/2021,FAT,CA,AWP,WE,Combined TRACON& Tower with Radar,72,27,17,10,126,2,12,99,11,124,74,39,116,21,250,0,0,0,250
07/07/2021,FAT,CA,AWP,WE,Combined TRACON& Tower with Radar,78,25,19,10,132,0,10,102,11,123,78,35,121,21,255,42,28,70,325
07/08/2021,FAT,CA,AWP,WE,Combined TRACON& Tower with Radar,82,26,21,10,139,0,11,95,7,113,82,37,116,17,252,14,0,14,266
07/09/2021,FAT,CA,AWP,WE,Combined TRACON& Tower with Radar,80,40,22,6,148,0,7,90,1,98,80,47,112,7,246,42,0,42,288
07/10/2021,FAT,CA,AWP,WE,Combined TRACON& Tower with Radar,67,28,13,1,109,0,12,59,5,76,67,40,72,6,185,8,12,20,205
07/11/2021,FAT,CA,AWP,WE,Combined TRACON& Tower with Radar,64,29,19,2,114,0,8,71,99,178,64,37,90,101,292,12,0,12,304
07/12/2021,FAT,CA,AWP,WE,Combined TRACON& Tower with Radar,76,20,14,4,114,0,2,122,47,171,76,22,136,51,285,60,0,60,345
07/13/2021,FAT,CA,AWP,WE,Combined TRACON& Tower with Radar,80,20,18,12,130,0,8,106,94,208,80,28,124,106,338,36,14,50,388
07/14/2021,FAT,CA,AWP,WE,Combined TRACON& Tower with Radar,76,24,30,20,150,0,8,101,43,152,76,32,131,63,302,20,42,62,364
07/15/2021,FAT,CA,AWP,WE,Combined TRACON& Tower with Radar,80,21,38,8,147,0,8,108,35,151,80,29,146,43,298,2,2,4,302
07/16/2021,FAT,CA,AWP,WE,Combined TRACON& Tower with Radar,80,26,27,10,143,0,7,104,18,129,80,33,131,28,272,12,12,24,296
07/17/2021,FAT,CA,AWP,WE,Combined TRACON& Tower with Radar,71,30,27,4,132,0,11,70,6,87,71,41,97,10,219,22,24,46,265
07/18/2021,FAT,CA,AWP,WE,Combined TRACON& Tower with Radar,70,26,35,0,131,0,7,59,2,68,70,33,94,2,199,20,0,20,219
07/19/2021,FAT,CA,AWP,WE,Combined TRACON& Tower with Radar,81,22,11,5,119,0,8,83,18,109,81,30,94,23,228,14,4,18,246
07/20/2021,FAT,CA,AWP,WE,Combined TRACON& Tower with Radar,78,19,15,11,123,0,11,85,11,107,78,30,100,22,230,28,6,34,264
07/21/2021,FAT,CA,AWP,WE,Combined TRACON& Tower with Radar,76,24,19,9,128,0,7,89,13,109,76,31,108,22,237,22,0,22,259
07/22/2021,FAT,CA,AWP,WE,Combined TRACON& Tower with Radar,79,24,26,17,146,0,7,101,13,121,79,31,127,30,267,0,0,0,267
07/23/2021,FAT,CA,AWP,WE,Combined TRACON& Tower with Radar,77,28,34,6,145,0,4,84,8,96,77,32,118,14,241,2,0,2,243
07/24/2021,FAT,CA,AWP,WE,Combined TRACON& Tower with Radar,67,25,14,0,106,0,12,65,3,80,67,37,79,3,186,30,0,30,216
07/25/2021,FAT,CA,AWP,WE,Combined TRACON& Tower with Radar,73,23,33,0,129,0,8,78,5,91,73,31,111,5,220,12,0,12,232
07/26/2021,FAT,CA,AWP,WE,Combined TRACON& Tower with Radar,82,26,26,9,143,0,6,83,6,95,82,32,109,15,238,28,4,32,270
07/27/2021,FAT,CA,AWP,WE,Combined TRACON& Tower with Radar,73,20,22,18,133,0,3,74,25,102,73,23,96,43,235,12,64,76,311
07/28/2021,FAT,CA,AWP,WE,Combined TRACON& Tower with Radar,75,21,21,5,122,0,3,82,10,95,75,24,103,15,217,10,0,10,227
07/29/2021,FAT,CA,AWP,WE,Combined TRACON& Tower with Radar,74,16,38,16,144,0,2,77,9,88,74,18,115,25,232,0,0,0,232
07/30/2021,FAT,CA,AWP,WE,Combined TRACON& Tower with Radar,72,23,23,3,121,0,5,87,8,100,72,28,110,11,221,54,0,54,275
07/31/2021,FAT,CA,AWP,WE,Combined TRACON& Tower with Radar,69,19,21,1,110,0,12,71,4,87,69,31,92,5,197,44,0,44,241
08/01/2021,FAT,CA,AWP,WE,Combined TRACON& Tower with Radar,67,23,24,0,114,0,6,69,7,82,67,29,93,7,196,16,0,16,212
08/02/2021,FAT,CA,AWP,WE,Combined TRACON& Tower with Radar,73,20,12,5,110,0,6,88,15,109,73,26,100,20,219,2,2,4,223
08/03/2021,FAT,CA,AWP,WE,Combined TRACON& Tower with Radar,73,19,19,8,119,0,7,99,13,119,73,26,118,21,238,22,0,22,260
08/04/2021,FAT,CA,AWP,WE,Combined TRACON& Tower with Radar,78,22,27,6,133,1,7,104,8,120,79,29,131,14,253,24,20,44,297
08/05/2021,FAT,CA,AWP,WE,Combined TRACON& Tower with Radar,76,26,24,0,126,0,2,106,3,111,76,28,130,3,237,10,0,10,247
08/06/2021,FAT,CA,AWP,WE,Combined TRACON& Tower with Radar,75,27,35,8,145,0,4,93,11,108,75,31,128,19,253,22,12,34,287
08/07/2021,FAT,CA,AWP,WE,Combined TRACON& Tower with Radar,65,30,29,2,126,0,11,30,6,47,65,41,59,8,173,12,0,12,185
08/08/2021,FAT,CA,AWP,WE,Combined TRACON& Tower with Radar,70,29,31,5,135,0,7,35,2,44,70,36,66,7,179,46,0,46,225
08/09/2021,FAT,CA,AWP,WE,Combined TRACON& Tower with Radar,73,26,22,8,129,0,10,92,4,106,73,36,114,12,235,24,12,36,271
08/10/2021,FAT,CA,AWP,WE,Combined TRACON& Tower with Radar,76,26,19,8,129,0,4,112,8,124,76,30,131,16,253,54,8,62,315
08/11/2021,FAT,CA,AWP,WE,Combined TRACON& Tower with Radar,81,23,39,1,144,0,10,109,5,124,81,33,148,6,268,22,6,28,296
08/12/2021,FAT,CA,AWP,WE,Combined TRACON& Tower with Radar,79,24,30,11,144,0,4,91,8,103,79,28,121,19,247,34,4,38,285
08/13/2021,FAT,CA,AWP,WE,Combined TRACON& Tower with Radar,74,25,27,4,130,0,6,90,3,99,74,31,117,7,229,18,16,34,263
08/14/2021,FAT,CA,AWP,WE,Combined TRACON& Tower with Radar,65,22,18,0,105,0,7,70,5,82,65,29,88,5,187,6,0,6,193
08/15/2021,FAT,CA,AWP,WE,Combined TRACON& Tower with Radar,68,22,32,0,122,0,10,72,19,101,68,32,104,19,223,0,0,0,223
08/16/2021,FAT,CA,AWP,WE,Combined TRACON& Tower with Radar,81,21,37,5,144,0,4,69,10,83,81,25,106,15,227,20,30,50,277
08/17/2021,FAT,CA,AWP,WE,Combined TRACON& Tower with Radar,69,24,28,6,127,0,6,82,17,105,69,30,110,23,232,0,0,0,232
08/18/2021,FAT,CA,AWP,WE,Combined TRACON& Tower with Radar,77,23,26,10,136,0,9,85,18,112,77,32,111,28,248,18,14,32,280
08/19/2021,FAT,CA,AWP,WE,Combined TRACON& Tower with Radar,81,28,36,19,164,0,6,56,6,68,81,34,92,25,232,0,20,20,252
08/20/2021,FAT,CA,AWP,WE,Combined TRACON& Tower with Radar,72,33,51,0,156,0,4,55,15,74,72,37,106,15,230,8,0,8,238
08/21/2021,FAT,CA,AWP,WE,Combined TRACON& Tower with Radar,63,33,34,1,131,1,11,47,5,64,64,44,81,6,195,38,0,38,233
08/22/2021,FAT,CA,AWP,WE,Combined TRACON& Tower with Radar,62,35,27,0,124,0,7,51,7,65,62,42,78,7,189,28,0,28,217
08/23/2021,FAT,CA,AWP,WE,Combined TRACON& Tower with Radar,79,28,23,6,136,0,5,87,6,98,79,33,110,12,234,22,4,26,260
08/24/2021,FAT,CA,AWP,WE,Combined TRACON& Tower with Radar,69,22,23,8,122,0,9,90,14,113,69,31,113,22,235,12,0,12,247
08/25/2021,FAT,CA,AWP,WE,Combined TRACON& Tower with Radar,72,30,28,16,146,0,3,109,23,135,72,33,137,39,281,18,14,32,313
08/26/2021,FAT,CA,AWP,WE,Combined TRACON& Tower with Radar,77,29,18,3,127,0,5,90,16,111,77,34,108,19,238,26,0,26,264
08/27/2021,FAT,CA,AWP,WE,Combined TRACON& Tower with Radar,79,27,19,5,130,0,8,82,13,103,79,35,101,18,233,0,0,0,233
08/28/2021,FAT,CA,AWP,WE,Combined TRACON& Tower with Radar,64,25,16,3,108,0,8,57,10,75,64,33,73,13,183,8,0,8,191
08/29/2021,FAT,CA,AWP,WE,Combined TRACON& Tower with Radar,63,23,30,0,116,0,6,48,12,66,63,29,78,12,182,12,0,12,194
08/30/2021,FAT,CA,AWP,WE,Combined TRACON& Tower with Radar,74,25,12,0,111,0,3,66,16,85,74,28,78,16,196,0,12,12,208
08/31/2021,FAT,CA,AWP,WE,Combined TRACON& Tower with Radar,70,24,22,4,120,0,11,81,9,101,70,35,103,13,221,0,26,26,247
09/01/2021,FAT,CA,AWP,WE,Combined TRACON& Tower with Radar,75,23,37,9,144,0,11,91,16,118,75,34,128,25,262,48,6,54,316
09/02/2021,FAT,CA,AWP,WE,Combined TRACON& Tower with Radar,76,32,29,4,141,0,8,91,6,105,76,40,120,10,246,26,4,30,276
09/03/2021,FAT,CA,AWP,WE,Combined TRACON& Tower with Radar,80,28,27,2,137,0,8,116,2,126,80,36,143,4,263,20,0,20,283
09/04/2021,FAT,CA,AWP,WE,Combined TRACON& Tower with Radar,65,26,18,0,109,0,12,75,2,89,65,38,93,2,198,22,0,22,220
09/05/2021,FAT,CA,AWP,WE,Combined TRACON& Tower with Radar,57,25,16,0,98,0,3,52,2,57,57,28,68,2,155,24,0,24,179
09/06/2021,FAT,CA,AWP,WE,Combined TRACON& Tower with Radar,75,29,29,0,133,0,12,96,2,110,75,41,125,2,243,34,0,34,277
09/07/2021,FAT,CA,AWP,WE,Combined TRACON& Tower with Radar,69,23,19,8,119,0,5,100,22,127,69,28,119,30,246,22,0,22,268
09/08/2021,FAT,CA,AWP,WE,Combined TRACON& Tower with Radar,73,31,23,2,129,0,8,91,10,109,73,39,114,12,238,24,0,24,262
09/09/2021,FAT,CA,AWP,WE,Combined TRACON& Tower with Radar,73,27,38,7,145,0,11,73,16,100,73,38,111,23,245,8,16,24,269
09/10/2021,FAT,CA,AWP,WE,Combined TRACON& Tower with Radar,79,26,26,11,142,0,8,104,19,131,79,34,130,30,273,26,10,36,309
09/11/2021,FAT,CA,AWP,WE,Combined TRACON& Tower with Radar,61,18,17,1,97,0,7,82,30,119,61,25,99,31,216,30,10,40,256
09/12/2021,FAT,CA,AWP,WE,Combined TRACON& Tower with Radar,63,35,23,0,121,0,8,85,13,106,63,43,108,13,227,38,0,38,265
09/13/2021,FAT,CA,AWP,WE,Combined TRACON& Tower with Radar,76,28,24,10,138,0,6,96,21,123,76,34,120,31,261,0,14,14,275
09/14/2021,FAT,CA,AWP,WE,Combined TRACON& Tower with Radar,69,21,20,8,118,0,11,86,17,114,69,32,106,25,232,18,16,34,266
09/15/2021,FAT,CA,AWP,WE,Combined TRACON& Tower with Radar,66,22,29,35,152,0,8,105,43,156,66,30,134,78,308,12,40,52,360
09/16/2021,FAT,CA,AWP,WE,Combined TRACON& Tower with Radar,72,36,27,12,147,1,4,106,11,122,73,40,133,23,269,0,20,20,289
09/17/2021,FAT,CA,AWP,WE,Combined TRACON& Tower with Radar,72,33,24,7,136,0,8,130,2,140,72,41,154,9,276,40,0,40,316
09/18/2021,FAT,CA,AWP,WE,Combined TRACON& Tower with Radar,61,23,23,2,109,0,14,69,6,89,61,37,92,8,198,2,0,2,200
09/19/2021,FAT,CA,AWP,WE,Combined TRACON& Tower with Radar,62,28,29,1,120,0,6,65,8,79,62,34,94,9,199,8,0,8,207
09/20/2021,FAT,CA,AWP,WE,Combined TRACON& Tower with Radar,74,22,19,6,121,0,4,99,7,110,74,26,118,13,231,12,0,12,243
09/21/2021,FAT,CA,AWP,WE,Combined TRACON& Tower with Radar,67,21,27,1,116,0,4,91,11,106,67,25,118,12,222,20,0,20,242
09/22/2021,FAT,CA,AWP,WE,Combined TRACON& Tower with Radar,68,19,29,16,132,1,2,60,7,70,69,21,89,23,202,0,0,0,202
09/23/2021,FAT,CA,AWP,WE,Combined TRACON& Tower with Radar,71,25,19,4,119,2,5,100,11,118,73,30,119,15,237,6,0,6,243
09/24/2021,FAT,CA,AWP,WE,Combined TRACON& Tower with Radar,78,25,35,2,140,0,8,83,9,100,78,33,118,11,240,46,0,46,286
09/25/2021,FAT,CA,AWP,WE,Combined TRACON& Tower with Radar,60,24,26,2,112,0,7,31,6,44,60,31,57,8,156,4,0,4,160
09/26/2021,FAT,CA,AWP,WE,Combined TRACON& Tower with Radar,63,26,40,2,131,0,1,65,5,71,63,27,105,7,202,46,0,46,248
09/27/2021,FAT,CA,AWP,WE,Combined TRACON& Tower with Radar,74,20,24,10,128,0,6,72,9,87,74,26,96,19,215,58,0,58,273
09/28/2021,FAT,CA,AWP,WE,Combined TRACON& Tower with Radar,68,21,19,6,114,0,6,88,11,105,68,27,107,17,219,10,6,16,235
09/29/2021,FAT,CA,AWP,WE,Combined TRACON& Tower with Radar,68,20,26,9,123,0,4,99,8,111,68,24,125,17,234,36,0,36,270
09/30/2021,FAT,CA,AWP,WE,Combined TRACON& Tower with Radar,70,22,11,6,109,0,11,91,20,122,70,33,102,26,231,78,8,86,317
10/01/2021,FAT,CA,AWP,WE,Combined TRACON& Tower with Radar,79,20,36,3,138,0,7,75,6,88,79,27,111,9,226,40,0,40,266
10/02/2021,FAT,CA,AWP,WE,Combined TRACON& Tower with Radar,59,20,14,1,94,0,6,47,6,59,59,26,61,7,153,10,0,10,163
10/03/2021,FAT,CA,AWP,WE,Combined TRACON& Tower with Radar,63,22,59,2,146,0,0,18,1,19,63,22,77,3,165,0,0,0,165
10/04/2021,FAT,CA,AWP,WE,Combined TRACON& Tower with Radar,80,25,44,3,152,0,4,14,3,21,80,29,58,6,173,10,0,10,183
10/05/2021,FAT,CA,AWP,WE,Combined TRACON& Tower with Radar,68,20,35,7,130,0,3,31,2,36,68,23,66,9,166,32,0,32,198
10/06/2021,FAT,CA,AWP,WE,Combined TRACON& Tower with Radar,67,16,28,4,115,0,6,81,4,91,67,22,109,8,206,54,16,70,276
10/07/2021,FAT,CA,AWP,WE,Combined TRACON& Tower with Radar,73,21,38,8,140,0,4,113,13,130,73,25,151,21,270,60,0,60,330
10/08/2021,FAT,CA,AWP,WE,Combined TRACON& Tower with Radar,70,22,27,0,119,0,8,77,0,85,70,30,104,0,204,56,0,56,260
10/09/2021,FAT,CA,AWP,WE,Combined TRACON& Tower with Radar,54,20,43,1,118,0,13,120,5,138,54,33,163,6,256,26,0,26,282
10/10/2021,FAT,CA,AWP,WE,Combined TRACON& Tower with Radar,55,17,26,0,98,0,4,107,8,119,55,21,133,8,217,70,0,70,287
10/11/2021,FAT,CA,AWP,WE,Combined TRACON& Tower with Radar,67,17,29,0,113,0,0,36,4,40,67,17,65,4,153,34,0,34,187
10/12/2021,FAT,CA,AWP,WE,Combined TRACON& Tower with Radar,67,19,15,7,108,0,5,103,8,116,67,24,118,15,224,38,12,50,274
10/13/2021,FAT,CA,AWP,WE,Combined TRACON& Tower with Radar,67,16,24,6,113,0,6,97,12,115,67,22,121,18,228,110,2,112,340
10/14/2021,FAT,CA,AWP,WE,Combined TRACON& Tower with Radar,71,19,30,10,130,0,14,98,12,124,71,33,128,22,254,38,0,38,292
10/15/2021,FAT,CA,AWP,WE,Combined TRACON& Tower with Radar,72,23,33,0,128,0,7,121,11,139,72,30,154,11,267,144,26,170,437
10/16/2021,FAT,CA,AWP,WE,Combined TRACON& Tower with Radar,58,17,30,0,105,0,9,87,12,108,58,26,117,12,213,0,0,0,213
10/17/2021,FAT,CA,AWP,WE,Combined TRACON& Tower with Radar,63,16,28,0,107,0,5,85,15,105,63,21,113,15,212,38,0,38,250
10/18/2021,FAT,CA,AWP,WE,Combined TRACON& Tower with Radar,75,17,25,11,128,0,11,87,9,107,75,28,112,20,235,50,0,50,285
10/19/2021,FAT,CA,AWP,WE,Combined TRACON& Tower with Radar,69,27,18,10,124,0,7,76,20,103,69,34,94,30,227,70,28,98,325
10/20/2021,FAT,CA,AWP,WE,Combined TRACON& Tower with Radar,69,16,30,18,133,1,7,95,17,120,70,23,125,35,253,94,28,122,375
10/21/2021,FAT,CA,AWP,WE,Combined TRACON& Tower with Radar,63,16,50,19,148,0,7,105,17,129,63,23,155,36,277,42,10,52,329
10/22/2021,FAT,CA,AWP,WE,Combined TRACON& Tower with Radar,66,16,34,5,121,0,7,76,13,96,66,23,110,18,217,58,0,58,275
10/23/2021,FAT,CA,AWP,WE,Combined TRACON& Tower with Radar,54,17,24,1,96,0,13,51,2,66,54,30,75,3,162,0,0,0,162
10/24/2021,FAT,CA,AWP,WE,Combined TRACON& Tower with Radar,67,17,22,3,109,0,9,52,2,63,67,26,74,5,172,30,0,30,202
10/25/2021,FAT,CA,AWP,WE,Combined TRACON& Tower with Radar,74,20,27,0,121,0,1,16,4,21,74,21,43,4,142,6,0,6,148
10/26/2021,FAT,CA,AWP,WE,Combined TRACON& Tower with Radar,64,26,19,1,110,0,12,79,10,101,64,38,98,11,211,62,0,62,273
10/27/2021,FAT,CA,AWP,WE,Combined TRACON& Tower with Radar,66,14,27,0,107,0,6,117,0,123,66,20,144,0,230,96,0,96,326
10/28/2021,FAT,CA,AWP,WE,Combined TRACON& Tower with Radar,75,20,24,5,124,0,7,99,6,112,75,27,123,11,236,76,18,94,330
10/29/2021,FAT,CA,AWP,WE,Combined TRACON& Tower with Radar,71,17,53,5,146,0,3,58,5,66,71,20,111,10,212,56,4,60,272
10/30/2021,FAT,CA,AWP,WE,Combined TRACON& Tower with Radar,51,21,11,0,83,0,4,49,1,54,51,25,60,1,137,18,0,18,155
10/31/2021,FAT,CA,AWP,WE,Combined TRACON& Tower with Radar,52,22,20,2,96,0,9,63,0,72,52,31,83,2,168,20,2,22,190
11/01/2021,FAT,CA,AWP,WE,Combined TRACON& Tower with Radar,64,28,37,1,130,0,3,30,3,36,64,31,67,4,166,0,0,0,166
11/02/2021,FAT,CA,AWP,WE,Combined TRACON& Tower with Radar,56,28,20,9,113,0,4,87,6,97,56,32,107,15,210,86,12,98,308
11/03/2021,FAT,CA,AWP,WE,Combined TRACON& Tower with Radar,60,21,28,8,117,0,11,77,2,90,60,32,105,10,207,38,0,38,245
11/04/2021,FAT,CA,AWP,WE,Combined TRACON& Tower with Radar,63,23,39,5,130,0,3,93,3,99,63,26,132,8,229,62,0,62,291
11/05/2021,FAT,CA,AWP,WE,Combined TRACON& Tower with Radar,64,18,37,10,129,0,3,116,11,130,64,21,153,21,259,114,12,126,385
11/06/2021,FAT,CA,AWP,WE,Combined TRACON& Tower with Radar,47,24,31,3,105,0,11,91,8,110,47,35,122,11,215,0,0,0,215
11/07/2021,FAT,CA,AWP,WE,Combined TRACON& Tower with Radar,58,28,22,1,109,0,6,55,1,62,58,34,77,2,171,56,0,56,227
11/08/2021,FAT,CA,AWP,WE,Combined TRACON& Tower with Radar,63,21,29,2,115,0,4,85,1,90,63,25,114,3,205,26,22,48,253
11/09/2021,FAT,CA,AWP,WE,Combined TRACON& Tower with Radar,56,30,27,22,135,0,7,50,11,68,56,37,77,33,203,78,30,108,311
11/10/2021,FAT,CA,AWP,WE,Combined TRACON& Tower with Radar,62,27,40,6,135,0,7,44,0,51,62,34,84,6,186,14,0,14,200
11/11/2021,FAT,CA,AWP,WE,Combined TRACON& Tower with Radar,68,25,46,0,139,0,6,41,0,47,68,31,87,0,186,58,0,58,244
11/12/2021,FAT,CA,AWP,WE,Combined TRACON& Tower with Radar,66,25,33,0,124,0,3,63,3,69,66,28,96,3,193,102,0,102,295
11/13/2021,FAT,CA,AWP,WE,Combined TRACON& Tower with Radar,48,30,44,0,122,0,1,3,0,4,48,31,47,0,126,0,0,0,126
11/14/2021,FAT,CA,AWP,WE,Combined TRACON& Tower with Radar,58,23,54,0,135,0,1,19,0,20,58,24,73,0,155,16,0,16,171
11/15/2021,FAT,CA,AWP,WE,Combined TRACON& Tower with Radar,61,30,59,3,153,0,4,15,0,19,61,34,74,3,172,0,0,0,172
11/16/2021,FAT,CA,AWP,WE,Combined TRACON& Tower with Radar,59,27,47,6,139,0,2,15,1,18,59,29,62,7,157,22,0,22,179
11/17/2021,FAT,CA,AWP,WE,Combined TRACON& Tower with Radar,62,21,34,4,121,0,8,57,1,66,62,29,91,5,187,54,0,54,241
11/18/2021,FAT,CA,AWP,WE,Combined TRACON& Tower with Radar,69,27,42,9,147,0,2,35,3,40,69,29,77,12,187,16,0,16,203
11/19/2021,FAT,CA,AWP,WE,Combined TRACON& Tower with Radar,67,26,41,5,139,0,4,22,0,26,67,30,63,5,165,0,0,0,165
11/20/2021,FAT,CA,AWP,WE,Combined TRACON& Tower with Radar,52,21,44,2,119,0,5,14,0,19,52,26,58,2,138,14,0,14,152
11/21/2021,FAT,CA,AWP,WE,Combined TRACON& Tower with Radar,57,28,22,0,107,0,2,43,0,45,57,30,65,0,152,52,0,52,204
11/22/2021,FAT,CA,AWP,WE,Combined TRACON& Tower with Radar,66,22,35,9,132,0,0,29,1,30,66,22,64,10,162,6,2,8,170
11/23/2021,FAT,CA,AWP,WE,Combined TRACON& Tower with Radar,72,19,39,3,133,0,4,36,3,43,72,23,75,6,176,0,0,0,176
11/24/2021,FAT,CA,AWP,WE,Combined TRACON& Tower with Radar,72,22,41,0,135,0,3,49,1,53,72,25,90,1,188,34,0,34,222
11/25/2021,FAT,CA,AWP,WE,Combined TRACON& Tower with Radar,39,22,6,0,67,0,0,13,0,13,39,22,19,0,80,16,0,16,96
11/26/2021,FAT,CA,AWP,WE,Combined TRACON& Tower with Radar,55,23,14,0,92,0,7,64,0,71,55,30,78,0,163,78,0,78,241
11/27/2021,FAT,CA,AWP,WE,Combined TRACON& Tower with Radar,60,27,27,1,115,0,8,79,7,94,60,35,106,8,209,94,6,100,309
11/28/2021,FAT,CA,AWP,WE,Combined TRACON& Tower with Radar,65,19,24,0,108,0,3,67,2,72,65,22,91,2,180,10,0,10,190
11/29/2021,FAT,CA,AWP,WE,Combined TRACON& Tower with Radar,73,27,24,7,131,0,2,81,7,90,73,29,105,14,221,24,10,34,255
11/30/2021,FAT,CA,AWP,WE,Combined TRACON& Tower with Radar,67,19,17,2,105,0,4,78,3,85,67,23,95,5,190,74,14,88,278
12/01/2021,FAT,CA,AWP,WE,Combined TRACON& Tower with Radar,61,21,17,2,101,0,2,81,2,85,61,23,98,4,186,64,0,64,250
12/02/2021,FAT,CA,AWP,WE,Combined TRACON& Tower with Radar,65,20,36,13,134,0,6,68,19,93,65,26,104,32,227,72,16,88,315
12/03/2021,FAT,CA,AWP,WE,Combined TRACON& Tower with Radar,61,25,29,10,125,0,6,74,4,84,61,31,103,14,209,52,4,56,265
12/04/2021,FAT,CA,AWP,WE,Combined TRACON& Tower with Radar,47,14,31,1,93,0,0,23,1,24,47,14,54,2,117,0,0,0,117
12/05/2021,FAT,CA,AWP,WE,Combined TRACON& Tower with Radar,50,23,49,0,122,0,0,1,0,1,50,23,50,0,123,16,0,16,139
12/06/2021,FAT,CA,AWP,WE,Combined TRACON& Tower with Radar,61,23,44,4,132,0,0,1,0,1,61,23,45,4,133,0,4,4,137
12/07/2021,FAT,CA,AWP,WE,Combined TRACON& Tower with Radar,60,21,49,16,146,0,3,31,2,36,60,24,80,18,182,98,18,116,298
12/08/2021,FAT,CA,AWP,WE,Combined TRACON& Tower with Radar,59,21,40,0,120,0,4,36,3,43,59,25,76,3,163,0,0,0,163
12/09/2021,FAT,CA,AWP,WE,Combined TRACON& Tower with Radar,67,24,38,4,133,0,1,28,5,34,67,25,66,9,167,28,0,28,195
12/10/2021,FAT,CA,AWP,WE,Combined TRACON& Tower with Radar,65,21,40,2,128,0,4,59,4,67,65,25,99,6,195,46,0,46,241
12/11/2021,FAT,CA,AWP,WE,Combined TRACON& Tower with Radar,46,23,18,0,87,0,5,74,2,81,46,28,92,2,168,64,0,64,232
12/12/2021,FAT,CA,AWP,WE,Combined TRACON& Tower with Radar,57,31,33,0,121,0,1,52,2,55,57,32,85,2,176,0,0,0,176
12/13/2021,FAT,CA,AWP,WE,Combined TRACON& Tower with Radar,59,23,18,2,102,0,0,8,2,10,59,23,26,4,112,0,0,0,112
12/14/2021,FAT,CA,AWP,WE,Combined TRACON& Tower with Radar,68,16,12,5,101,0,0,15,0,15,68,16,27,5,116,0,0,0,116
12/15/2021,FAT,CA,AWP,WE,Combined TRACON& Tower with Radar,62,23,26,10,121,0,6,81,12,99,62,29,107,22,220,50,0,50,270
12/16/2021,FAT,CA,AWP,WE,Combined TRACON& Tower with Radar,64,24,38,14,140,0,4,27,6,37,64,28,65,20,177,20,0,20,197
12/17/2021,FAT,CA,AWP,WE,Combined TRACON& Tower with Radar,65,31,59,1,156,0,1,24,2,27,65,32,83,3,183,12,0,12,195
12/18/2021,FAT,CA,AWP,WE,Combined TRACON& Tower with Radar,58,21,29,0,108,0,3,40,0,43,58,24,69,0,151,0,0,0,151
12/19/2021,FAT,CA,AWP,WE,Combined TRACON& Tower with Radar,57,27,24,0,108,0,2,37,1,40,57,29,61,1,148,0,0,0,148
12/20/2021,FAT,CA,AWP,WE,Combined TRACON& Tower with Radar,61,20,39,2,122,0,0,1,0,1,61,20,40,2,123,0,0,0,123
12/21/2021,FAT,CA,AWP,WE,Combined TRACON& Tower with Radar,62,15,34,3,114,0,2,27,6,35,62,17,61,9,149,0,0,0,149
12/22/2021,FAT,CA,AWP,WE,Combined TRACON& Tower with Radar,66,21,36,3,126,0,1,21,3,25,66,22,57,6,151,0,0,0,151
12/23/2021,FAT,CA,AWP,WE,Combined TRACON& Tower with Radar,70,24,31,0,125,0,0,11,0,11,70,24,42,0,136,28,0,28,164
12/24/2021,FAT,CA,AWP,WE,Combined TRACON& Tower with Radar,52,16,14,0,82,0,1,21,2,24,52,17,35,2,106,0,0,0,106
12/25/2021,FAT,CA,AWP,WE,Combined TRACON& Tower with Radar,39,19,2,0,60,0,1,9,0,10,39,20,11,0,70,0,0,0,70
12/26/2021,FAT,CA,AWP,WE,Combined TRACON& Tower with Radar,49,18,44,2,113,0,8,52,2,62,49,26,96,4,175,26,0,26,201
12/27/2021,FAT,CA,AWP,WE,Combined TRACON& Tower with Radar,55,18,38,3,114,0,0,5,0,5,55,18,43,3,119,8,0,8,127
12/28/2021,FAT,CA,AWP,WE,Combined TRACON& Tower with Radar,58,26,32,1,117,0,3,20,2,25,58,29,52,3,142,68,0,68,210
12/29/2021,FAT,CA,AWP,WE,Combined TRACON& Tower with Radar,55,20,19,4,98,0,2,15,0,17,55,22,34,4,115,0,0,0,115
12/30/2021,FAT,CA,AWP,WE,Combined TRACON& Tower with Radar,63,20,37,2,122,0,3,35,0,38,63,23,72,2,160,0,0,0,160
12/31/2021,FAT,CA,AWP,WE,Combined TRACON& Tower with Radar,48,17,30,0,95,0,4,13,0,17,48,21,43,0,112,30,0,30,142
01/01/2022,FAT,CA,AWP,WE,Combined TRACON& Tower with Radar,38,14,14,0,66,0,5,29,0,34,38,19,43,0,100,16,0,16,116
01/02/2022,FAT,CA,AWP,WE,Combined TRACON& Tower with Radar,55,22,30,0,107,0,8,63,0,71,55,30,93,0,178,0,0,0,178
01/03/2022,FAT,CA,AWP,WE,Combined TRACON& Tower with Radar,56,20,25,0,101,0,4,53,1,58,56,24,78,1,159,30,0,30,189
01/04/2022,FAT,CA,AWP,WE,Combined TRACON& Tower with Radar,52,17,18,7,94,0,1,71,11,83,52,18,89,18,177,0,0,0,177
01/05/2022,FAT,CA,AWP,WE,Combined TRACON& Tower with Radar,49,19,44,17,129,0,3,47,3,53,49,22,91,20,182,38,0,38,220
01/06/2022,FAT,CA,AWP,WE,Combined TRACON& Tower with Radar,63,19,27,13,122,0,3,78,11,92,63,22,105,24,214,10,0,10,224
01/07/2022,FAT,CA,AWP,WE,Combined TRACON& Tower with Radar,57,17,35,4,113,0,1,26,5,32,57,18,61,9,145,4,0,4,149
01/08/2022,FAT,CA,AWP,WE,Combined TRACON& Tower with Radar,39,23,24,8,94,0,1,8,0,9,39,24,32,8,103,18,0,18,121
01/09/2022,FAT,CA,AWP,WE,Combined TRACON& Tower with Radar,48,12,23,1,84,0,2,52,4,58,48,14,75,5,142,4,16,20,162
01/10/2022,FAT,CA,AWP,WE,Combined TRACON& Tower with Radar,54,19,23,2,98,0,3,41,2,46,54,22,64,4,144,0,0,0,144
01/11/2022,FAT,CA,AWP,WE,Combined TRACON& Tower with Radar,52,18,20,20,110,0,1,53,6,60,52,19,73,26,170,0,0,0,170
01/12/2022,FAT,CA,AWP,WE,Combined TRACON& Tower with Radar,47,31,30,7,115,0,1,33,6,40,47,32,63,13,155,22,0,22,177
01/13/2022,FAT,CA,AWP,WE,Combined TRACON& Tower with Radar,66,17,11,17,111,0,2,63,9,74,66,19,74,26,185,20,0,20,205
01/14/2022,FAT,CA,AWP,WE,Combined TRACON& Tower with Radar,46,21,29,1,97,0,0,5,1,6,46,21,34,2,103,0,0,0,103
01/15/2022,FAT,CA,AWP,WE,Combined TRACON& Tower with Radar,38,28,27,1,94,0,0,6,0,6,38,28,33,1,100,0,0,0,100
01/16/2022,FAT,CA,AWP,WE,Combined TRACON& Tower with Radar,52,19,24,1,96,0,1,23,0,24,52,20,47,1,120,8,0,8,128
01/17/2022,FAT,CA,AWP,WE,Combined TRACON& Tower with Radar,55,28,15,5,103,1,4,57,3,65,56,32,72,8,168,18,0,18,186
01/18/2022,FAT,CA,AWP,WE,Combined TRACON& Tower with Radar,54,19,30,13,116,0,5,67,7,79,54,24,97,20,195,30,6,36,231
01/19/2022,FAT,CA,AWP,WE,Combined TRACON& Tower with Radar,51,20,32,16,119,0,8,55,9,72,51,28,87,25,191,26,16,42,233
01/20/2022,FAT,CA,AWP,WE,Combined TRACON& Tower with Radar,61,24,33,25,143,0,4,70,15,89,61,28,103,40,232,6,6,12,244
01/21/2022,FAT,CA,AWP,WE,Combined TRACON& Tower with Radar,54,26,59,2,141,0,0,10,0,10,54,26,69,2,151,0,0,0,151
01/22/2022,FAT,CA,AWP,WE,Combined TRACON& Tower with Radar,39,25,15,0,79,0,5,44,1,50,39,30,59,1,129,24,0,24,153
01/23/2022,FAT,CA,AWP,WE,Combined TRACON& Tower with Radar,52,19,24,1,96,0,5,81,0,86,52,24,105,1,182,12,0,12,194
01/24/2022,FAT,CA,AWP,WE,Combined TRACON& Tower with Radar,55,23,24,6,108,0,2,69,1,72,55,25,93,7,180,5,10,15,195
01/25/2022,FAT,CA,AWP,WE,Combined TRACON& Tower with Radar,50,16,21,2,89,0,5,74,2,81,50,21,95,4,170,0,0,0,170
01/26/2022,FAT,CA,AWP,WE,Combined TRACON& Tower with Radar,46,20,19,25,110,0,4,76,31,111,46,24,95,56,221,16,36,52,273
01/27/2022,FAT,CA,AWP,WE,Combined TRACON& Tower with Radar,63,23,31,4,121,0,7,97,10,114,63,30,128,14,235,14,0,14,249
01/28/2022,FAT,CA,AWP,WE,Combined TRACON& Tower with Radar,58,22,30,3,113,0,7,107,6,120,58,29,137,9,233,24,0,24,257
01/29/2022,FAT,CA,AWP,WE,Combined TRACON& Tower with Radar,43,16,15,0,74,0,5,67,0,72,43,21,82,0,146,30,0,30,176
01/30/2022,FAT,CA,AWP,WE,Combined TRACON& Tower with Radar,52,16,20,0,88,0,5,65,0,70,52,21,85,0,158,10,0,10,168
01/31/2022,FAT,CA,AWP,WE,Combined TRACON& Tower with Radar,53,22,17,19,111,0,4,66,12,82,53,26,83,31,193,10,18,28,221
02/01/2022,FAT,CA,AWP,WE,Combined TRACON& Tower with Radar,50,18,31,15,114,0,8,57,5,70,50,26,88,20,184,0,0,0,184
02/02/2022,FAT,CA,AWP,WE,Combined TRACON& Tower with Radar,45,23,19,15,102,0,5,61,12,78,45,28,80,27,180,104,18,122,302
02/03/2022,FAT,CA,AWP,WE,Combined TRACON& Tower with Radar,53,18,9,8,88,0,7,75,10,92,53,25,84,18,180,60,14,74,254
02/04/2022,FAT,CA,AWP,WE,Combined TRACON& Tower with Radar,51,18,19,10,98,0,4,79,8,91,51,22,98,18,189,56,8,64,253
02/05/2022,FAT,CA,AWP,WE,Combined TRACON& Tower with Radar,41,13,13,9,76,0,10,68,0,78,41,23,81,9,154,46,6,52,206
02/06/2022,FAT,CA,AWP,WE,Combined TRACON& Tower with Radar,54,22,6,1,83,0,2,69,5,76,54,24,75,6,159,48,0,48,207
02/07/2022,FAT,CA,AWP,WE,Combined TRACON& Tower with Radar,61,17,24,22,124,0,5,88,22,115,61,22,112,44,239,16,22,38,277
02/08/2022,FAT,CA,AWP,WE,Combined TRACON& Tower with Radar,52,12,23,9,96,0,7,111,5,123,52,19,134,14,219,32,6,38,257
02/09/2022,FAT,CA,AWP,WE,Combined TRACON& Tower with Radar,53,19,28,6,106,0,9,100,8,117,53,28,128,14,223,24,26,50,273
02/10/2022,FAT,CA,AWP,WE,Combined TRACON& Tower with Radar,61,18,28,8,115,0,4,91,4,99,61,22,119,12,214,18,20,38,252
02/11/2022,FAT,CA,AWP,WE,Combined TRACON& Tower with Radar,60,21,25,6,112,0,2,111,4,117,60,23,136,10,229,38,4,42,271
02/12/2022,FAT,CA,AWP,WE,Combined TRACON& Tower with Radar,49,22,20,0,91,0,8,71,2,81,49,30,91,2,172,50,0,50,222
02/13/2022,FAT,CA,AWP,WE,Combined TRACON& Tower with Radar,57,20,16,2,95,0,4,67,2,73,57,24,83,4,168,38,0,38,206
02/14/2022,FAT,CA,AWP,WE,Combined TRACON& Tower with Radar,61,20,20,7,108,0,5,80,4,89,61,25,100,11,197,12,4,16,213
02/15/2022,FAT,CA,AWP,WE,Combined TRACON& Tower with Radar,54,20,25,8,107,0,5,76,10,91,54,25,101,18,198,6,16,22,220
02/16/2022,FAT,CA,AWP,WE,Combined TRACON& Tower with Radar,55,15,15,22,107,0,11,76,10,97,55,26,91,32,204,24,18,42,246
02/17/2022,FAT,CA,AWP,WE,Combined TRACON& Tower with Radar,65,19,29,9,122,0,5,105,4,114,65,24,134,13,236,32,20,52,288
02/18/2022,FAT,CA,AWP,WE,Combined TRACON& Tower with Radar,58,16,18,6,98,0,4,122,15,141,58,20,140,21,239,46,12,58,297
02/19/2022,FAT,CA,AWP,WE,Combined TRACON& Tower with Radar,45,31,14,0,90,0,19,77,2,98,45,50,91,2,188,52,0,52,240
02/20/2022,FAT,CA,AWP,WE,Combined TRACON& Tower with Radar,57,24,19,0,100,0,1,48,0,49,57,25,67,0,149,16,0,16,165
02/21/2022,FAT,CA,AWP,WE,Combined TRACON& Tower with Radar,61,20,26,2,109,0,4,89,4,97,61,24,115,6,206,68,0,68,274
02/22/2022,FAT,CA,AWP,WE,Combined TRACON& Tower with Radar,54,19,27,10,110,0,5,41,0,46,54,24,68,10,156,36,0,36,192
02/23/2022,FAT,CA,AWP,WE,Combined TRACON& Tower with Radar,51,15,32,5,103,0,8,52,12,72,51,23,84,17,175,6,6,12,187
02/24/2022,FAT,CA,AWP,WE,Combined TRACON& Tower with Radar,59,18,24,11,112,0,5,86,13,104,59,23,110,24,216,24,24,48,264
02/25/2022,FAT,CA,AWP,WE,Combined TRACON& Tower with Radar,55,21,28,6,110,0,3,111,13,127,55,24,139,19,237,40,6,46,283
02/26/2022,FAT,CA,AWP,WE,Combined TRACON& Tower with Radar,44,18,16,0,78,0,4,91,6,101,44,22,107,6,179,40,0,40,219
02/27/2022,FAT,CA,AWP,WE,Combined TRACON& Tower with Radar,55,18,15,14,102,0,4,83,2,89,55,22,98,16,191,50,14,64,255
02/28/2022,FAT,CA,AWP,WE,Combined TRACON& Tower with Radar,57,20,13,7,97,0,4,81,7,92,57,24,94,14,189,4,16,20,209
03/01/2022,FAT,CA,AWP,WE,Combined TRACON& Tower with Radar,55,14,25,10,104,0,4,100,6,110,55,18,125,16,214,56,32,88,302
03/02/2022,FAT,CA,AWP,WE,Combined TRACON& Tower with Radar,57,24,25,25,131,0,7,84,12,103,57,31,109,37,234,26,12,38,272
03/03/2022,FAT,CA,AWP,WE,Combined TRACON& Tower with Radar,62,13,21,0,96,0,12,87,6,105,62,25,108,6,201,64,14,78,279
03/04/2022,FAT,CA,AWP,WE,Combined TRACON& Tower with Radar,55,22,37,11,125,0,0,21,5,26,55,22,58,16,151,0,0,0,151
03/05/2022,FAT,CA,AWP,WE,Combined TRACON& Tower with Radar,43,15,15,18,91,0,8,39,6,53,43,23,54,24,144,8,22,30,174
03/06/2022,FAT,CA,AWP,WE,Combined TRACON& Tower with Radar,56,13,18,17,104,0,7,64,3,74,56,20,82,20,178,42,2,44,222
03/07/2022,FAT,CA,AWP,WE,Combined TRACON& Tower with Radar,56,15,24,3,98,0,7,83,6,96,56,22,107,9,194,46,12,58,252
03/08/2022,FAT,CA,AWP,WE,Combined TRACON& Tower with Radar,54,13,11,4,82,0,6,85,7,98,54,19,96,11,180,18,0,18,198
03/09/2022,FAT,CA,AWP,WE,Combined TRACON& Tower with Radar,51,17,20,18,106,0,9,109,9,127,51,26,129,27,233,16,32,48,281
03/10/2022,FAT,CA,AWP,WE,Combined TRACON& Tower with Radar,63,12,39,10,124,0,10,95,5,110,63,22,134,15,234,38,18,56,290
03/11/2022,FAT,CA,AWP,WE,Combined TRACON& Tower with Radar,58,16,30,9,113,0,2,106,12,120,58,18,136,21,233,34,10,44,277
03/12/2022,FAT,CA,AWP,WE,Combined TRACON& Tower with Radar,46,14,16,0,76,0,8,61,8,77,46,22,77,8,153,46,4,50,203
03/13/2022,FAT,CA,AWP,WE,Combined TRACON& Tower with Radar,50,14,31,6,101,0,1,91,1,93,50,15,122,7,194,70,22,92,286
03/14/2022,FAT,CA,AWP,WE,Combined TRACON& Tower with Radar,59,13,16,5,93,0,8,108,11,127,59,21,124,16,220,36,16,52,272
03/15/2022,FAT,CA,AWP,WE,Combined TRACON& Tower with Radar,53,13,36,11,113,0,8,76,14,98,53,21,112,25,211,0,18,18,229
03/16/2022,FAT,CA,AWP,WE,Combined TRACON& Tower with Radar,54,16,26,7,103,0,8,73,9,90,54,24,99,16,193,34,0,34,227
03/17/2022,FAT,CA,AWP,WE,Combined TRACON& Tower with Radar,63,11,21,16,111,0,4,101,9,114,63,15,122,25,225,40,12,52,277
03/18/2022,FAT,CA,AWP,WE,Combined TRACON& Tower with Radar,53,15,20,12,100,0,6,110,11,127,53,21,130,23,227,12,38,50,277
03/19/2022,FAT,CA,AWP,WE,Combined TRACON& Tower with Radar,46,14,23,2,85,0,5,55,0,60,46,19,78,2,145,6,0,6,151
03/20/2022,FAT,CA,AWP,WE,Combined TRACON& Tower with Radar,52,13,32,0,97,0,3,58,2,63,52,16,90,2,160,6,10,16,176
03/21/2022,FAT,CA,AWP,WE,Combined TRACON& Tower with Radar,56,15,10,17,98,0,7,79,4,90,56,22,89,21,188,84,22,106,294
03/22/2022,FAT,CA,AWP,WE,Combined TRACON& Tower with Radar,52,12,21,13,98,0,5,118,12,135,52,17,139,25,233,56,4,60,293
03/23/2022,FAT,CA,AWP,WE,Combined TRACON& Tower with Radar,53,12,23,4,92,0,6,111,14,131,53,18,134,18,223,40,0,40,263
03/24/2022,FAT,CA,AWP,WE,Combined TRACON& Tower with Radar,62,16,21,8,107,0,16,120,10,146,62,32,141,18,253,44,0,44,297
03/25/2022,FAT,CA,AWP,WE,Combined TRACON& Tower with Radar,54,16,30,3,103,1,9,120,14,144,55,25,150,17,247,36,4,40,287
03/26/2022,FAT,CA,AWP,WE,Combined TRACON& Tower with Radar,44,12,16,8,80,0,16,73,2,91,44,28,89,10,171,15,0,15,186
03/27/2022,FAT,CA,AWP,WE,Combined TRACON& Tower with Radar,55,16,10,2,83,0,12,72,0,84,55,28,82,2,167,28,16,44,211
03/28/2022,FAT,CA,AWP,WE,Combined TRACON& Tower with Radar,53,17,16,17,103,0,2,12,7,21,53,19,28,24,124,50,14,64,188
03/29/2022,FAT,CA,AWP,WE,Combined TRACON& Tower with Radar,59,20,27,9,115,0,3,29,5,37,59,23,56,14,152,62,0,62,214
03/30/2022,FAT,CA,AWP,WE,Combined TRACON& Tower with Radar,52,18,36,12,118,0,8,107,19,134,52,26,143,31,252,124,24,148,400
03/31/2022,FAT,CA,AWP,WE,Combined TRACON& Tower with Radar,62,15,36,12,125,0,6,84,9,99,62,21,120,21,224,0,0,0,224
04/01/2022,FAT,CA,AWP,WE,Combined TRACON& Tower with Radar,54,18,18,2,92,0,5,124,8,137,54,23,142,10,229,46,16,62,291
04/02/2022,FAT,CA,AWP,WE,Combined TRACON& Tower with Radar,48,18,21,2,89,0,6,53,0,59,48,24,74,2,148,22,0,22,170
04/03/2022,FAT,CA,AWP,WE,Combined TRACON& Tower with Radar,56,15,23,2,96,0,11,73,0,84,56,26,96,2,180,0,0,0,180
04/04/2022,FAT,CA,AWP,WE,Combined TRACON& Tower with Radar,57,16,24,0,97,0,4,100,3,107,57,20,124,3,204,46,0,46,250
04/05/2022,FAT,CA,AWP,WE,Combined TRACON& Tower with Radar,57,14,16,2,89,0,6,106,6,118,57,20,122,8,207,40,0,40,247
04/06/2022,FAT,CA,AWP,WE,Combined TRACON& Tower with Radar,57,19,19,8,103,0,8,98,4,110,57,27,117,12,213,92,0,92,305
04/07/2022,FAT,CA,AWP,WE,Combined TRACON& Tower with Radar,68,15,14,12,109,0,11,107,15,133,68,26,121,27,242,64,14,78,320
04/08/2022,FAT,CA,AWP,WE,Combined TRACON& Tower with Radar,60,14,16,6,96,0,7,95,7,109,60,21,111,13,205,34,0,34,239
04/09/2022,FAT,CA,AWP,WE,Combined TRACON& Tower with Radar,50,16,11,0,77,0,5,54,0,59,50,21,65,0,136,14,0,14,150
04/10/2022,FAT,CA,AWP,WE,Combined TRACON& Tower with Radar,62,12,13,3,90,0,11,55,3,69,62,23,68,6,159,24,0,24,183
04/11/2022,FAT,CA,AWP,WE,Combined TRACON& Tower with Radar,59,14,40,1,114,0,6,43,2,51,59,20,83,3,165,28,0,28,193
04/12/2022,FAT,CA,AWP,WE,Combined TRACON& Tower with Radar,60,14,15,5,94,0,9,85,1,95,60,23,100,6,189,58,4,62,251
04/13/2022,FAT,CA,AWP,WE,Combined TRACON& Tower with Radar,57,13,20,6,96,0,9,72,2,83,57,22,92,8,179,56,0,56,235
04/14/2022,FAT,CA,AWP,WE,Combined TRACON& Tower with Radar,65,20,26,5,116,0,8,81,12,101,65,28,107,17,217,26,0,26,243
04/15/2022,FAT,CA,AWP,WE,Combined TRACON& Tower with Radar,62,12,24,1,99,0,4,83,14,101,62,16,107,15,200,2,8,10,210
04/16/2022,FAT,CA,AWP,WE,Combined TRACON& Tower with Radar,53,16,24,0,93,0,10,30,1,41,53,26,54,1,134,22,0,22,156
04/17/2022,FAT,CA,AWP,WE,Combined TRACON& Tower with Radar,58,16,8,0,82,0,7,58,0,65,58,23,66,0,147,16,0,16,163
04/18/2022,FAT,CA,AWP,WE,Combined TRACON& Tower with Radar,60,16,24,5,105,0,2,85,5,92,60,18,109,10,197,20,0,20,217
04/19/2022,FAT,CA,AWP,WE,Combined TRACON& Tower with Radar,59,17,25,7,108,0,5,100,6,111,59,22,125,13,219,32,0,32,251
04/20/2022,FAT,CA,AWP,WE,Combined TRACON& Tower with Radar,60,21,39,1,121,0,4,130,7,141,60,25,169,8,262,34,16,50,312
04/21/2022,FAT,CA,AWP,WE,Combined TRACON& Tower with Radar,63,23,42,0,128,0,6,51,1,58,63,29,93,1,186,34,0,34,220
04/22/2022,FAT,CA,AWP,WE,Combined TRACON& Tower with Radar,63,15,19,4,101,0,4,64,4,72,63,19,83,8,173,86,4,90,263
04/23/2022,FAT,CA,AWP,WE,Combined TRACON& Tower with Radar,52,12,16,4,84,0,6,96,4,106,52,18,112,8,190,86,6,92,282
04/24/2022,FAT,CA,AWP,WE,Combined TRACON& Tower with Radar,55,10,20,1,86,0,5,76,3,84,55,15,96,4,170,2,8,10,180
04/25/2022,FAT,CA,AWP,WE,Combined TRACON& Tower with Radar,58,16,18,2,94,0,4,107,3,114,58,20,125,5,208,18,14,32,240
04/26/2022,FAT,CA,AWP,WE,Combined TRACON& Tower with Radar,57,13,15,2,87,0,7,104,4,115,57,20,119,6,202,38,0,38,240
04/27/2022,FAT,CA,AWP,WE,Combined TRACON& Tower with Radar,58,20,16,8,102,0,14,93,10,117,58,34,109,18,219,14,16,30,249
04/28/2022,FAT,CA,AWP,WE,Combined TRACON& Tower with Radar,64,13,25,12,114,0,7,86,17,110,64,20,111,29,224,26,0,26,250
04/29/2022,FAT,CA,AWP,WE,Combined TRACON& Tower with Radar,62,21,26,9,118,0,1,96,0,97,62,22,122,9,215,32,0,32,247
04/30/2022,FAT,CA,AWP,WE,Combined TRACON& Tower with Radar,53,15,13,4,85,0,6,62,3,71,53,21,75,7,156,52,16,68,224
05/01/2022,FAT,CA,AWP,WE,Combined TRACON& Tower with Radar,59,18,19,2,98,0,3,78,1,82,59,21,97,3,180,6,0,6,186
05/02/2022,FAT,CA,AWP,WE,Combined TRACON& Tower with Radar,59,12,18,6,95,0,8,71,5,84,59,20,89,11,179,14,0,14,193
05/03/2022,FAT,CA,AWP,WE,Combined TRACON& Tower with Radar,57,11,26,1,95,0,12,89,4,105,57,23,115,5,200,56,0,56,256
05/04/2022,FAT,CA,AWP,WE,Combined TRACON& Tower with Radar,55,16,18,8,97,0,6,100,14,120,55,22,118,22,217,44,16,60,277
05/05/2022,FAT,CA,AWP,WE,Combined TRACON& Tower with Radar,64,19,21,8,112,0,7,100,17,124,64,26,121,25,236,34,2,36,272
05/06/2022,FAT,CA,AWP,WE,Combined TRACON& Tower with Radar,59,14,15,7,95,0,3,80,20,103,59,17,95,27,198,20,18,38,236
05/07/2022,FAT,CA,AWP,WE,Combined TRACON& Tower with Radar,49,16,23,2,90,0,12,72,1,85,49,28,95,3,175,40,0,40,215
05/08/2022,FAT,CA,AWP,WE,Combined TRACON& Tower with Radar,57,14,15,5,91,0,3,41,4,48,57,17,56,9,139,0,0,0,139
05/09/2022,FAT,CA,AWP,WE,Combined TRACON& Tower with Radar,60,14,22,11,107,0,2,71,7,80,60,16,93,18,187,32,0,32,219
05/10/2022,FAT,CA,AWP,WE,Combined TRACON& Tower with Radar,57,15,12,10,94,0,14,73,6,93,57,29,85,16,187,6,4,10,197
05/11/2022,FAT,CA,AWP,WE,Combined TRACON& Tower with Radar,57,14,22,6,99,0,16,112,18,146,57,30,134,24,245,40,8,48,293
05/12/2022,FAT,CA,AWP,WE,Combined TRACON& Tower with Radar,67,16,40,17,140,0,6,105,13,124,67,22,145,30,264,58,22,80,344
05/13/2022,FAT,CA,AWP,WE,Combined TRACON& Tower with Radar,60,14,21,5,100,0,5,106,5,116,60,19,127,10,216,24,8,32,248
05/14/2022,FAT,CA,AWP,WE,Combined TRACON& Tower with Radar,49,18,22,9,98,0,4,91,9,104,49,22,113,18,202,18,8,26,228
05/15/2022,FAT,CA,AWP,WE,Combined TRACON& Tower with Radar,57,17,17,3,94,0,6,75,4,85,57,23,92,7,179,20,0,20,199
05/16/2022,FAT,CA,AWP,WE,Combined TRACON& Tower with Radar,60,18,10,7,95,0,7,94,5,106,60,25,104,12,201,36,4,40,241
05/17/2022,FAT,CA,AWP,WE,Combined TRACON& Tower with Radar,57,18,11,8,94,0,8,95,9,112,57,26,106,17,206,42,4,46,252
05/18/2022,FAT,CA,AWP,WE,Combined TRACON& Tower with Radar,61,17,19,9,106,0,7,91,14,112,61,24,110,23,218,12,0,12,230
05/19/2022,FAT,CA,AWP,WE,Combined TRACON& Tower with Radar,67,16,39,8,130,0,5,108,10,123,67,21,147,18,253,34,0,34,287
05/20/2022,FAT,CA,AWP,WE,Combined TRACON& Tower with Radar,57,25,35,8,125,0,3,70,15,88,57,28,105,23,213,32,0,32,245
05/21/2022,FAT,CA,AWP,WE,Combined TRACON& Tower with Radar,49,14,25,1,89,0,8,82,18,108,49,22,107,19,197,54,0,54,251
05/22/2022,FAT,CA,AWP,WE,Combined TRACON& Tower with Radar,59,14,22,1,96,0,5,74,1,80,59,19,96,2,176,32,0,32,208
05/23/2022,FAT,CA,AWP,WE,Combined TRACON& Tower with Radar,58,12,20,0,90,0,4,84,2,90,58,16,104,2,180,46,0,46,226
05/24/2022,FAT,CA,AWP,WE,Combined TRACON& Tower with Radar,54,19,25,7,105,0,6,102,2,110,54,25,127,9,215,34,10,44,259
05/25/2022,FAT,CA,AWP,WE,Combined TRACON& Tower with Radar,58,13,34,10,115,0,9,103,6,118,58,22,137,16,233,36,0,36,269
05/26/2022,FAT,CA,AWP,WE,Combined TRACON& Tower with Radar,64,14,35,13,126,0,8,96,4,108,64,22,131,17,234,0,0,0,234
05/27/2022,FAT,CA,AWP,WE,Combined TRACON& Tower with Radar,62,14,26,3,105,0,6,81,4,91,62,20,107,7,196,24,12,36,232
05/28/2022,FAT,CA,AWP,WE,Combined TRACON& Tower with Radar,53,20,13,0,86,0,11,56,8,75,53,31,69,8,161,32,0,32,193
05/29/2022,FAT,CA,AWP,WE,Combined TRACON& Tower with Radar,56,16,25,0,97,0,5,44,15,64,56,21,69,15,161,22,0,22,183
05/30/2022,FAT,CA,AWP,WE,Combined TRACON& Tower with Radar,54,14,23,2,93,0,6,68,1,75,54,20,91,3,168,14,0,14,182
05/31/2022,FAT,CA,AWP,WE,Combined TRACON& Tower with Radar,63,11,17,5,96,0,11,115,6,132,63,22,132,11,228,38,0,38,266
06/01/2022,FAT,CA,AWP,WE,Combined TRACON& Tower with Radar,56,11,20,12,99,0,9,93,7,109,56,20,113,19,208,12,20,32,240
06/02/2022,FAT,CA,AWP,WE,Combined TRACON& Tower with Radar,64,16,27,6,113,0,11,97,6,114,64,27,124,12,227,48,0,48,275
06/03/2022,FAT,CA,AWP,WE,Combined TRACON& Tower with Radar,58,17,21,7,103,0,3,104,20,127,58,20,125,27,230,42,26,68,298
06/04/2022,FAT,CA,AWP,WE,Combined TRACON& Tower with Radar,60,13,21,18,112,0,9,69,10,88,60,22,90,28,200,16,12,28,228
06/05/2022,FAT,CA,AWP,WE,Combined TRACON& Tower with Radar,59,20,32,1,112,0,16,74,10,100,59,36,106,11,212,10,0,10,222
06/06/2022,FAT,CA,AWP,WE,Combined TRACON& Tower with Radar,63,14,18,0,95,0,7,74,9,90,63,21,92,9,185,16,4,20,205
06/07/2022,FAT,CA,AWP,WE,Combined TRACON& Tower with Radar,62,18,26,7,113,0,7,116,17,140,62,25,142,24,253,52,24,76,329
06/08/2022,FAT,CA,AWP,WE,Combined TRACON& Tower with Radar,63,23,24,7,117,0,13,89,5,107,63,36,113,12,224,36,14,50,274
06/09/2022,FAT,CA,AWP,WE,Combined TRACON& Tower with Radar,70,22,21,7,120,0,5,91,10,106,70,27,112,17,226,62,8,70,296
06/10/2022,FAT,CA,AWP,WE,Combined TRACON& Tower with Radar,66,17,20,9,112,0,13,104,23,140,66,30,124,32,252,34,0,34,286
06/11/2022,FAT,CA,AWP,WE,Combined TRACON& Tower with Radar,62,19,20,0,101,0,16,87,0,103,62,35,107,0,204,60,0,60,264
06/12/2022,FAT,CA,AWP,WE,Combined TRACON& Tower with Radar,59,18,22,2,101,0,9,77,7,93,59,27,99,9,194,28,0,28,222
06/13/2022,FAT,CA,AWP,WE,Combined TRACON& Tower with Radar,66,8,21,7,102,0,6,78,13,97,66,14,99,20,199,46,22,68,267
06/14/2022,FAT,CA,AWP,WE,Combined TRACON& Tower with Radar,64,18,18,9,109,0,13,104,17,134,64,31,122,26,243,90,2,92,335
06/15/2022,FAT,CA,AWP,WE,Combined TRACON& Tower with Radar,66,15,23,6,110,0,11,104,18,133,66,26,127,24,243,20,12,32,275
06/16/2022,FAT,CA,AWP,WE,Combined TRACON& Tower with Radar,69,17,26,10,122,0,9,89,12,110,69,26,115,22,232,34,0,34,266
06/17/2022,FAT,CA,AWP,WE,Combined TRACON& Tower with Radar,67,16,21,4,108,0,8,93,7,108,67,24,114,11,216,22,0,22,238
06/18/2022,FAT,CA,AWP,WE,Combined TRACON& Tower with Radar,58,16,21,3,98,0,18,105,0,123,58,34,126,3,221,30,12,42,263
06/19/2022,FAT,CA,AWP,WE,Combined TRACON& Tower with Radar,63,20,16,5,104,0,4,61,7,72,63,24,77,12,176,38,0,38,214
06/20/2022,FAT,CA,AWP,WE,Combined TRACON& Tower with Radar,72,14,23,0,109,1,7,80,7,95,73,21,103,7,204,42,0,42,246
06/21/2022,FAT,CA,AWP,WE,Combined TRACON& Tower with Radar,68,14,18,6,106,0,10,111,8,129,68,24,129,14,235,30,8,38,273
06/22/2022,FAT,CA,AWP,WE,Combined TRACON& Tower with Radar,63,21,17,7,108,0,4,46,14,64,63,25,63,21,172,0,0,0,172
06/23/2022,FAT,CA,AWP,WE,Combined TRACON& Tower with Radar,72,23,16,5,116,0,7,116,24,147,72,30,132,29,263,0,0,0,263
06/24/2022,FAT,CA,AWP,WE,Combined TRACON& Tower with Radar,68,14,17,9,108,0,7,78,9,94,68,21,95,18,202,48,2,50,252
06/25/2022,FAT,CA,AWP,WE,Combined TRACON& Tower with Radar,58,15,11,0,84,0,11,55,3,69,58,26,66,3,153,1,0,1,154
06/26/2022,FAT,CA,AWP,WE,Combined TRACON& Tower with Radar,59,19,24,1,103,0,2,65,3,70,59,21,89,4,173,0,0,0,173
06/27/2022,FAT,CA,AWP,WE,Combined TRACON& Tower with Radar,65,21,25,4,115,0,6,84,3,93,65,27,109,7,208,0,0,0,208
06/28/2022,FAT,CA,AWP,WE,Combined TRACON& Tower with Radar,64,19,19,15,117,0,13,95,14,122,64,32,114,29,239,0,0,0,239
06/29/2022,FAT,CA,AWP,WE,Combined TRACON& Tower with Radar,62,18,26,25,131,0,5,100,7,112,62,23,126,32,243,40,12,52,295
06/30/2022,FAT,CA,AWP,WE,Combined TRACON& Tower with Radar,66,20,26,16,128,0,8,83,17,108,66,28,109,33,236,42,8,50,286
07/01/2022,FAT,CA,AWP,WE,Combined TRACON& Tower with Radar,67,17,28,2,114,0,7,105,17,129,67,24,133,19,243,80,0,80,323
07/02/2022,FAT,CA,AWP,WE,Combined TRACON& Tower with Radar,57,17,16,0,90,0,10,52,3,65,57,27,68,3,155,10,0,10,165
07/03/2022,FAT,CA,AWP,WE,Combined TRACON& Tower with Radar,64,14,11,0,89,0,6,47,8,61,64,20,58,8,150,0,0,0,150
07/04/2022,FAT,CA,AWP,WE,Combined TRACON& Tower with Radar,59,17,9,0,85,0,2,48,6,56,59,19,57,6,141,40,0,40,181
07/05/2022,FAT,CA,AWP,WE,Combined TRACON& Tower with Radar,65,15,20,9,109,0,11,86,17,114,65,26,106,26,223,42,24,66,289
07/06/2022,FAT,CA,AWP,WE,Combined TRACON& Tower with Radar,64,16,23,15,118,0,10,109,22,141,64,26,132,37,259,76,20,96,355
07/07/2022,FAT,CA,AWP,WE,Combined TRACON& Tower with Radar,72,18,18,9,117,2,7,115,38,162,74,25,133,47,279,24,0,24,303
07/08/2022,FAT,CA,AWP,WE,Combined TRACON& Tower with Radar,69,14,27,2,112,6,10,88,85,189,75,24,115,87,301,0,0,0,301
07/09/2022,FAT,CA,AWP,WE,Combined TRACON& Tower with Radar,54,20,18,0,92,0,9,66,15,90,54,29,84,15,182,12,0,12,194
07/10/2022,FAT,CA,AWP,WE,Combined TRACON& Tower with Radar,71,14,13,0,98,0,5,88,12,105,71,19,101,12,203,6,0,6,209
07/11/2022,FAT,CA,AWP,WE,Combined TRACON& Tower with Radar,64,20,15,17,116,0,5,81,21,107,64,25,96,38,223,18,32,50,273
07/12/2022,FAT,CA,AWP,WE,Combined TRACON& Tower with Radar,67,18,34,5,124,1,5,88,30,124,68,23,122,35,248,28,0,28,276
07/13/2022,FAT,CA,AWP,WE,Combined TRACON& Tower with Radar,60,17,19,17,113,2,11,113,29,155,62,28,132,46,268,18,0,18,286
07/14/2022,FAT,CA,AWP,WE,Combined TRACON& Tower with Radar,68,16,24,12,120,1,14,108,49,172,69,30,132,61,292,54,38,92,384
07/15/2022,FAT,CA,AWP,WE,Combined TRACON& Tower with Radar,65,14,15,6,100,0,14,87,8,109,65,28,102,14,209,42,8,50,259
07/16/2022,FAT,CA,AWP,WE,Combined TRACON& Tower with Radar,60,14,10,4,88,0,9,60,9,78,60,23,70,13,166,8,0,8,174
07/17/2022,FAT,CA,AWP,WE,Combined TRACON& Tower with Radar,61,18,12,0,91,0,5,64,5,74,61,23,76,5,165,12,0,12,177
07/18/2022,FAT,CA,AWP,WE,Combined TRACON& Tower with Radar,68,12,19,5,104,0,6,76,25,107,68,18,95,30,211,22,4,26,237
07/19/2022,FAT,CA,AWP,WE,Combined TRACON& Tower with Radar,66,14,9,12,101,0,11,81,12,104,66,25,90,24,205,18,0,18,223
07/20/2022,FAT,CA,AWP,WE,Combined TRACON& Tower with Radar,60,19,25,9,113,1,7,100,14,122,61,26,125,23,235,20,8,28,263
07/21/2022,FAT,CA,AWP,WE,Combined TRACON& Tower with Radar,72,21,27,10,130,2,2,114,21,139,74,23,141,31,269,0,0,0,269
07/22/2022,FAT,CA,AWP,WE,Combined TRACON& Tower with Radar,69,13,23,3,108,1,7,113,60,181,70,20,136,63,289,16,18,34,323
07/23/2022,FAT,CA,AWP,WE,Combined TRACON& Tower with Radar,57,17,19,0,93,1,4,89,73,167,58,21,108,73,260,24,0,24,284
07/24/2022,FAT,CA,AWP,WE,Combined TRACON& Tower with Radar,58,15,20,1,94,1,7,90,64,162,59,22,110,65,256,60,0,60,316
07/25/2022,FAT,CA,AWP,WE,Combined TRACON& Tower with Radar,64,14,17,16,111,0,9,90,50,149,64,23,107,66,260,30,10,40,300
07/26/2022,FAT,CA,AWP,WE,Combined TRACON& Tower with Radar,63,17,18,18,116,0,7,89,13,109,63,24,107,31,225,50,0,50,275
07/27/2022,FAT,CA,AWP,WE,Combined TRACON& Tower with Radar,63,21,24,6,114,0,10,89,7,106,63,31,113,13,220,64,0,64,284
07/28/2022,FAT,CA,AWP,WE,Combined TRACON& Tower with Radar,67,21,23,8,119,0,6,77,7,90,67,27,100,15,209,24,0,24,233
07/29/2022,FAT,CA,AWP,WE,Combined TRACON& Tower with Radar,66,21,21,6,114,0,7,66,10,83,66,28,87,16,197,52,0,52,249
07/30/2022,FAT,CA,AWP,WE,Combined TRACON& Tower with Radar,56,19,18,0,93,0,8,89,11,108,56,27,107,11,201,42,12,54,255
07/31/2022,FAT,CA,AWP,WE,Combined TRACON& Tower with Radar,60,24,26,0,110,0,8,69,28,105,60,32,95,28,215,34,0,34,249
08/01/2022,FAT,CA,AWP,WE,Combined TRACON& Tower with Radar,64,17,22,22,125,0,6,65,16,87,64,23,87,38,212,48,8,56,268
08/02/2022,FAT,CA,AWP,WE,Combined TRACON& Tower with Radar,67,11,17,0,95,1,2,81,14,98,68,13,98,14,193,44,0,44,237
08/03/2022,FAT,CA,AWP,WE,Combined TRACON& Tower with Radar,60,15,10,20,105,0,8,82,15,105,60,23,92,35,210,46,22,68,278
08/04/2022,FAT,CA,AWP,WE,Combined TRACON& Tower with Radar,67,23,23,9,122,0,5,87,24,116,67,28,110,33,238,40,14,54,292
08/05/2022,FAT,CA,AWP,WE,Combined TRACON& Tower with Radar,68,25,15,5,113,0,9,59,7,75,68,34,74,12,188,48,0,48,236
08/06/2022,FAT,CA,AWP,WE,Combined TRACON& Tower with Radar,55,16,16,3,90,1,7,77,5,90,56,23,93,8,180,28,0,28,208
08/07/2022,FAT,CA,AWP,WE,Combined TRACON& Tower with Radar,57,21,13,3,94,0,1,81,5,87,57,22,94,8,181,2,0,2,183
08/08/2022,FAT,CA,AWP,WE,Combined TRACON& Tower with Radar,64,19,17,5,105,0,6,61,4,71,64,25,78,9,176,24,0,24,200
08/09/2022,FAT,CA,AWP,WE,Combined TRACON& Tower with Radar,63,23,25,8,119,0,9,95,6,110,63,32,120,14,229,56,0,56,285
08/10/2022,FAT,CA,AWP,WE,Combined TRACON& Tower with Radar,61,20,29,17,127,0,3,100,16,119,61,23,129,33,246,72,38,110,356
08/11/2022,FAT,CA,AWP,WE,Combined TRACON& Tower with Radar,65,22,27,20,134,0,4,76,20,100,65,26,103,40,234,44,8,52,286
08/12/2022,FAT,CA,AWP,WE,Combined TRACON& Tower with Radar,70,19,22,7,118,0,5,104,20,129,70,24,126,27,247,94,0,94,341
08/13/2022,FAT,CA,AWP,WE,Combined TRACON& Tower with Radar,55,23,11,0,89,0,4,69,0,73,55,27,80,0,162,16,0,16,178
08/14/2022,FAT,CA,AWP,WE,Combined TRACON& Tower with Radar,56,20,19,1,96,0,7,84,8,99,56,27,103,9,195,0,0,0,195
08/15/2022,FAT,CA,AWP,WE,Combined TRACON& Tower with Radar,64,12,25,5,106,0,3,68,15,86,64,15,93,20,192,40,4,44,236
08/16/2022,FAT,CA,AWP,WE,Combined TRACON& Tower with Radar,63,12,31,13,119,0,5,92,16,113,63,17,123,29,232,28,6,34,266
08/17/2022,FAT,CA,AWP,WE,Combined TRACON& Tower with Radar,58,18,28,11,115,0,4,95,8,107,58,22,123,19,222,18,18,36,258
08/18/2022,FAT,CA,AWP,WE,Combined TRACON& Tower with Radar,65,17,22,16,120,0,4,99,23,126,65,21,121,39,246,68,36,104,350
08/19/2022,FAT,CA,AWP,WE,Combined TRACON& Tower with Radar,67,16,31,11,125,0,4,95,5,104,67,20,126,16,229,38,0,38,267
08/20/2022,FAT,CA,AWP,WE,Combined TRACON& Tower with Radar,59,16,13,0,88,0,4,75,0,79,59,20,88,0,167,38,0,38,205
08/21/2022,FAT,CA,AWP,WE,Combined TRACON& Tower with Radar,55,18,17,1,91,0,6,73,0,79,55,24,90,1,170,22,0,22,192
08/22/2022,FAT,CA,AWP,WE,Combined TRACON& Tower with Radar,65,22,20,2,109,0,5,92,13,110,65,27,112,15,219,38,0,38,257
08/23/2022,FAT,CA,AWP,WE,Combined TRACON& Tower with Radar,61,14,17,16,108,0,5,99,22,126,61,19,116,38,234,16,4,20,254
08/24/2022,FAT,CA,AWP,WE,Combined TRACON& Tower with Radar,59,13,15,14,101,0,5,108,24,137,59,18,123,38,238,22,6,28,266
08/25/2022,FAT,CA,AWP,WE,Combined TRACON& Tower with Radar,69,15,23,14,121,0,7,120,31,158,69,22,143,45,279,56,28,84,363
08/26/2022,FAT,CA,AWP,WE,Combined TRACON& Tower with Radar,66,16,26,4,112,0,5,113,10,128,66,21,139,14,240,44,10,54,294
08/27/2022,FAT,CA,AWP,WE,Combined TRACON& Tower with Radar,54,12,13,2,81,0,14,78,1,93,54,26,91,3,174,16,0,16,190
08/28/2022,FAT,CA,AWP,WE,Combined TRACON& Tower with Radar,61,15,17,0,93,0,4,85,4,93,61,19,102,4,186,12,0,12,198
08/29/2022,FAT,CA,AWP,WE,Combined TRACON& Tower with Radar,64,18,17,3,102,0,1,107,6,114,64,19,124,9,216,0,0,0,216
08/30/2022,FAT,CA,AWP,WE,Combined TRACON& Tower with Radar,61,14,18,9,102,0,4,131,13,148,61,18,149,22,250,36,16,52,302
08/31/2022,FAT,CA,AWP,WE,Combined TRACON& Tower with Radar,57,21,24,20,122,0,2,107,15,124,57,23,131,35,246,52,22,74,320
09/01/2022,FAT,CA,AWP,WE,Combined TRACON& Tower with Radar,68,30,36,10,144,0,5,121,10,136,68,35,157,20,280,26,16,42,322
09/02/2022,FAT,CA,AWP,WE,Combined TRACON& Tower with Radar,67,16,24,14,121,1,6,98,41,146,68,22,122,55,267,0,0,0,267
09/03/2022,FAT,CA,AWP,WE,Combined TRACON& Tower with Radar,52,17,19,0,88,0,13,76,16,105,52,30,95,16,193,20,0,20,213
09/04/2022,FAT,CA,AWP,WE,Combined TRACON& Tower with Radar,49,19,15,0,83,0,5,55,12,72,49,24,70,12,155,26,0,26,181
09/05/2022,FAT,CA,AWP,WE,Combined TRACON& Tower with Radar,62,20,21,3,106,0,11,81,16,108,62,31,102,19,214,6,0,6,220
09/06/2022,FAT,CA,AWP,WE,Combined TRACON& Tower with Radar,59,15,21,7,102,0,3,73,77,153,59,18,94,84,255,0,0,0,255
09/07/2022,FAT,CA,AWP,WE,Combined TRACON& Tower with Radar,55,18,26,19,118,0,7,94,81,182,55,25,120,100,300,20,8,28,328
09/08/2022,FAT,CA,AWP,WE,Combined TRACON& Tower with Radar,60,23,17,15,115,0,6,113,19,138,60,29,130,34,253,26,30,56,309
09/09/2022,FAT,CA,AWP,WE,Combined TRACON& Tower with Radar,63,19,17,7,106,0,3,69,18,90,63,22,86,25,196,8,6,14,210
09/10/2022,FAT,CA,AWP,WE,Combined TRACON& Tower with Radar,58,22,19,9,108,0,12,65,8,85,58,34,84,17,193,28,0,28,221
09/11/2022,FAT,CA,AWP,WE,Combined TRACON& Tower with Radar,55,26,19,3,103,0,2,64,7,73,55,28,83,10,176,8,0,8,184
09/12/2022,FAT,CA,AWP,WE,Combined TRACON& Tower with Radar,63,20,26,3,112,0,12,94,5,111,63,32,120,8,223,30,2,32,255
09/13/2022,FAT,CA,AWP,WE,Combined TRACON& Tower with Radar,57,23,18,9,107,0,4,122,17,143,57,27,140,26,250,74,12,86,336
09/14/2022,FAT,CA,AWP,WE,Combined TRACON& Tower with Radar,57,24,28,6,115,0,2,105,16,123,57,26,133,22,238,72,6,78,316
09/15/2022,FAT,CA,AWP,WE,Combined TRACON& Tower with Radar,59,20,23,11,113,0,7,110,13,130,59,27,133,24,243,8,16,24,267
09/16/2022,FAT,CA,AWP,WE,Combined TRACON& Tower with Radar,60,16,26,7,109,0,6,116,9,131,60,22,142,16,240,38,8,46,286
09/17/2022,FAT,CA,AWP,WE,Combined TRACON& Tower with Radar,50,20,17,0,87,0,7,78,9,94,50,27,95,9,181,0,0,0,181
09/18/2022,FAT,CA,AWP,WE,Combined TRACON& Tower with Radar,55,24,32,0,111,0,3,55,0,58,55,27,87,0,169,26,0,26,195
09/19/2022,FAT,CA,AWP,WE,Combined TRACON& Tower with Radar,60,16,31,1,108,0,4,60,2,66,60,20,91,3,174,36,2,38,212
09/20/2022,FAT,CA,AWP,WE,Combined TRACON& Tower with Radar,55,23,22,5,105,0,7,91,3,101,55,30,113,8,206,34,35,69,275
09/21/2022,FAT,CA,AWP,WE,Combined TRACON& Tower with Radar,57,19,37,20,133,0,8,102,14,124,57,27,139,34,257,0,0,0,257
09/22/2022,FAT,CA,AWP,WE,Combined TRACON& Tower with Radar,58,29,15,11,113,0,7,102,9,118,58,36,117,20,231,14,18,32,263
09/23/2022,FAT,CA,AWP,WE,Combined TRACON& Tower with Radar,60,21,27,2,110,0,5,106,8,119,60,26,133,10,229,34,0,34,263
09/24/2022,FAT,CA,AWP,WE,Combined TRACON& Tower with Radar,51,20,16,2,89,0,8,110,2,120,51,28,126,4,209,40,0,40,249
09/25/2022,FAT,CA,AWP,WE,Combined TRACON& Tower with Radar,54,19,19,1,93,0,3,84,7,94,54,22,103,8,187,0,0,0,187
09/26/2022,FAT,CA,AWP,WE,Combined TRACON& Tower with Radar,61,20,27,1,109,0,3,83,3,89,61,23,110,4,198,0,0,0,198
09/27/2022,FAT,CA,AWP,WE,Combined TRACON& Tower with Radar,55,15,31,14,115,0,3,112,11,126,55,18,143,25,241,72,8,80,321
09/28/2022,FAT,CA,AWP,WE,Combined TRACON& Tower with Radar,54,16,19,14,103,0,5,84,7,96,54,21,103,21,199,88,42,130,329
09/29/2022,FAT,CA,AWP,WE,Combined TRACON& Tower with Radar,62,19,33,15,129,0,2,105,7,114,62,21,138,22,243,48,2,50,293
09/30/2022,FAT,CA,AWP,WE,Combined TRACON& Tower with Radar,60,15,30,3,108,0,3,105,10,118,60,18,135,13,226,40,0,40,266
10/01/2022,FAT,CA,AWP,WE,Combined TRACON& Tower with Radar,51,20,21,3,95,0,9,109,2,120,51,29,130,5,215,52,0,52,267
10/02/2022,FAT,CA,AWP,WE,Combined TRACON& Tower with Radar,57,18,27,0,102,0,8,89,6,103,57,26,116,6,205,4,0,4,209
10/03/2022,FAT,CA,AWP,WE,Combined TRACON& Tower with Radar,61,21,32,6,120,0,5,82,6,93,61,26,114,12,213,22,6,28,241
10/04/2022,FAT,CA,AWP,WE,Combined TRACON& Tower with Radar,54,22,27,5,108,0,9,95,2,106,54,31,122,7,214,44,0,44,258
10/05/2022,FAT,CA,AWP,WE,Combined TRACON& Tower with Radar,57,24,20,4,105,0,6,83,4,93,57,30,103,8,198,32,12,44,242
10/06/2022,FAT,CA,AWP,WE,Combined TRACON& Tower with Radar,54,23,22,7,106,0,6,99,9,114,54,29,121,16,220,70,18,88,308
10/07/2022,FAT,CA,AWP,WE,Combined TRACON& Tower with Radar,55,19,42,8,124,0,11,100,8,119,55,30,142,16,243,26,14,40,283
10/08/2022,FAT,CA,AWP,WE,Combined TRACON& Tower with Radar,47,22,20,1,90,0,6,69,2,77,47,28,89,3,167,38,0,38,205
10/09/2022,FAT,CA,AWP,WE,Combined TRACON& Tower with Radar,51,18,21,2,92,0,5,58,9,72,51,23,79,11,164,0,0,0,164
10/10/2022,FAT,CA,AWP,WE,Combined TRACON& Tower with Radar,54,20,21,2,97,0,5,55,4,64,54,25,76,6,161,42,2,44,205
10/11/2022,FAT,CA,AWP,WE,Combined TRACON& Tower with Radar,52,23,33,6,114,0,4,109,21,134,52,27,142,27,248,78,22,100,348
10/12/2022,FAT,CA,AWP,WE,Combined TRACON& Tower with Radar,53,19,30,18,120,0,7,103,4,114,53,26,133,22,234,50,34,84,318
10/13/2022,FAT,CA,AWP,WE,Combined TRACON& Tower with Radar,60,20,47,5,132,0,7,90,10,107,60,27,137,15,239,76,4,80,319
10/14/2022,FAT,CA,AWP,WE,Combined TRACON& Tower with Radar,56,26,30,2,114,0,8,83,7,98,56,34,113,9,212,36,0,36,248
10/15/2022,FAT,CA,AWP,WE,Combined TRACON& Tower with Radar,45,29,39,5,118,0,8,91,3,102,45,37,130,8,220,20,0,20,240
10/16/2022,FAT,CA,AWP,WE,Combined TRACON& Tower with Radar,50,24,35,0,109,0,5,85,5,95,50,29,120,5,204,6,0,6,210
10/17/2022,FAT,CA,AWP,WE,Combined TRACON& Tower with Radar,56,19,23,7,105,0,9,76,2,87,56,28,99,9,192,54,0,54,246
10/18/2022,FAT,CA,AWP,WE,Combined TRACON& Tower with Radar,51,20,23,18,112,0,8,82,14,104,51,28,105,32,216,94,2,96,312
10/19/2022,FAT,CA,AWP,WE,Combined TRACON& Tower with Radar,53,21,24,5,103,0,13,76,3,92,53,34,100,8,195,0,0,0,195
10/20/2022,FAT,CA,AWP,WE,Combined TRACON& Tower with Radar,54,20,27,15,116,1,7,88,11,107,55,27,115,26,223,56,0,56,279
10/21/2022,FAT,CA,AWP,WE,Combined TRACON& Tower with Radar,56,17,32,4,109,0,10,86,12,108,56,27,118,16,217,62,0,62,279
10/22/2022,FAT,CA,AWP,WE,Combined TRACON& Tower with Radar,48,23,31,1,103,0,12,52,0,64,48,35,83,1,167,60,4,64,231
10/23/2022,FAT,CA,AWP,WE,Combined TRACON& Tower with Radar,49,18,29,1,97,1,9,61,8,79,50,27,90,9,176,0,0,0,176
10/24/2022,FAT,CA,AWP,WE,Combined TRACON& Tower with Radar,53,23,20,0,96,0,4,85,0,89,53,27,105,0,185,58,0,58,243
10/25/2022,FAT,CA,AWP,WE,Combined TRACON& Tower with Radar,50,26,33,8,117,0,4,92,5,101,50,30,125,13,218,34,4,38,256
10/26/2022,FAT,CA,AWP,WE,Combined TRACON& Tower with Radar,51,28,20,9,108,0,6,80,4,90,51,34,100,13,198,98,0,98,296
10/27/2022,FAT,CA,AWP,WE,Combined TRACON& Tower with Radar,55,20,23,9,107,0,3,101,17,121,55,23,124,26,228,44,4,48,276
10/28/2022,FAT,CA,AWP,WE,Combined TRACON& Tower with Radar,53,16,21,7,97,0,5,104,9,118,53,21,125,16,215,90,8,98,313
10/29/2022,FAT,CA,AWP,WE,Combined TRACON& Tower with Radar,46,18,13,2,79,0,5,59,3,67,46,23,72,5,146,0,0,0,146
10/30/2022,FAT,CA,AWP,WE,Combined TRACON& Tower with Radar,47,16,26,2,91,0,3,66,0,69,47,19,92,2,160,24,0,24,184
10/31/2022,FAT,CA,AWP,WE,Combined TRACON& Tower with Radar,46,15,17,14,92,0,3,74,7,84,46,18,91,21,176,72,4,76,252
11/01/2022,FAT,CA,AWP,WE,Combined TRACON& Tower with Radar,50,21,31,3,105,0,2,46,3,51,50,23,77,6,156,48,2,50,206
11/02/2022,FAT,CA,AWP,WE,Combined TRACON& Tower with Radar,50,18,42,8,118,0,4,70,12,86,50,22,112,20,204,68,18,86,290
11/03/2022,FAT,CA,AWP,WE,Combined TRACON& Tower with Radar,54,20,28,17,119,0,7,68,7,82,54,27,96,24,201,8,10,18,219
11/04/2022,FAT,CA,AWP,WE,Combined TRACON& Tower with Radar,50,19,31,4,104,0,4,83,6,93,50,23,114,10,197,42,0,42,239
11/05/2022,FAT,CA,AWP,WE,Combined TRACON& Tower with Radar,45,15,29,5,94,0,11,55,10,76,45,26,84,15,170,62,0,62,232
11/06/2022,FAT,CA,AWP,WE,Combined TRACON& Tower with Radar,45,20,46,0,111,0,4,28,0,32,45,24,74,0,143,18,0,18,161
11/07/2022,FAT,CA,AWP,WE,Combined TRACON& Tower with Radar,51,17,40,4,112,0,3,3,3,9,51,20,43,7,121,12,0,12,133
11/08/2022,FAT,CA,AWP,WE,Combined TRACON& Tower with Radar,49,13,33,13,108,0,3,13,1,17,49,16,46,14,125,48,4,52,177
11/09/2022,FAT,CA,AWP,WE,Combined TRACON& Tower with Radar,48,19,42,30,139,0,3,62,32,97,48,22,104,62,236,84,26,110,346
11/10/2022,FAT,CA,AWP,WE,Combined TRACON& Tower with Radar,56,22,39,7,124,0,4,92,12,108,56,26,131,19,232,60,16,76,308
11/11/2022,FAT,CA,AWP,WE,Combined TRACON& Tower with Radar,52,21,25,2,100,0,3,85,9,97,52,24,110,11,197,78,6,84,281
11/12/2022,FAT,CA,AWP,WE,Combined TRACON& Tower with Radar,46,19,35,1,101,0,5,78,0,83,46,24,113,1,184,26,0,26,210
11/13/2022,FAT,CA,AWP,WE,Combined TRACON& Tower with Radar,47,22,46,4,119,0,8,68,0,76,47,30,114,4,195,36,0,36,231
11/14/2022,FAT,CA,AWP,WE,Combined TRACON& Tower with Radar,54,16,30,1,101,0,5,105,2,112,54,21,135,3,213,64,0,64,277
11/15/2022,FAT,CA,AWP,WE,Combined TRACON& Tower with Radar,52,19,23,5,99,0,5,114,4,123,52,24,137,9,222,38,8,46,268
11/16/2022,FAT,CA,AWP,WE,Combined TRACON& Tower with Radar,50,19,36,30,135,0,8,116,23,147,50,27,152,53,282,42,24,66,348
11/17/2022,FAT,CA,AWP,WE,Combined TRACON& Tower with Radar,50,16,40,3,109,0,9,92,6,107,50,25,132,9,216,26,0,26,242
11/18/2022,FAT,CA,AWP,WE,Combined TRACON& Tower with Radar,60,15,45,11,131,0,11,115,4,130,60,26,160,15,261,110,10,120,381
11/19/2022,FAT,CA,AWP,WE,Combined TRACON& Tower with Radar,45,15,33,2,95,0,10,49,5,64,45,25,82,7,159,16,0,16,175
11/20/2022,FAT,CA,AWP,WE,Combined TRACON& Tower with Radar,53,16,27,0,96,0,13,61,3,77,53,29,88,3,173,26,0,26,199
11/21/2022,FAT,CA,AWP,WE,Combined TRACON& Tower with Radar,56,15,14,24,109,0,5,56,19,80,56,20,70,43,189,44,40,84,273
11/22/2022,FAT,CA,AWP,WE,Combined TRACON& Tower with Radar,57,15,21,6,99,0,12,100,11,123,57,27,121,17,222,48,12,60,282
11/23/2022,FAT,CA,AWP,WE,Combined TRACON& Tower with Radar,53,18,24,3,98,0,9,90,5,104,53,27,114,8,202,0,0,0,202
11/24/2022,FAT,CA,AWP,WE,Combined TRACON& Tower with Radar,36,11,5,0,52,0,0,24,2,26,36,11,29,2,78,66,2,68,146
11/25/2022,FAT,CA,AWP,WE,Combined TRACON& Tower with Radar,52,23,14,0,89,0,3,75,0,78,52,26,89,0,167,10,0,10,177
11/26/2022,FAT,CA,AWP,WE,Combined TRACON& Tower with Radar,48,15,24,0,87,0,8,63,4,75,48,23,87,4,162,0,0,0,162
11/27/2022,FAT,CA,AWP,WE,Combined TRACON& Tower with Radar,53,12,17,0,82,0,1,59,0,60,53,13,76,0,142,6,0,6,148
11/28/2022,FAT,CA,AWP,WE,Combined TRACON& Tower with Radar,58,19,13,13,103,0,1,74,9,84,58,20,87,22,187,66,0,66,253
11/29/2022,FAT,CA,AWP,WE,Combined TRACON& Tower with Radar,52,17,26,7,102,0,9,91,7,107,52,26,117,14,209,8,0,8,217
11/30/2022,FAT,CA,AWP,WE,Combined TRACON& Tower with Radar,49,12,35,14,110,0,9,102,18,129,49,21,137,32,239,90,22,112,351
12/01/2022,FAT,CA,AWP,WE,Combined TRACON& Tower with Radar,54,15,48,13,130,0,3,24,6,33,54,18,72,19,163,14,2,16,179
12/02/2022,FAT,CA,AWP,WE,Combined TRACON& Tower with Radar,58,20,51,21,150,0,6,91,12,109,58,26,142,33,259,22,12,34,293
12/03/2022,FAT,CA,AWP,WE,Combined TRACON& Tower with Radar,40,21,25,5,91,0,2,11,3,16,40,23,36,8,107,0,0,0,107
12/04/2022,FAT,CA,AWP,WE,Combined TRACON& Tower with Radar,49,24,56,0,129,0,0,35,0,35,49,24,91,0,164,18,14,32,196
12/05/2022,FAT,CA,AWP,WE,Combined TRACON& Tower with Radar,57,18,38,2,115,0,8,64,2,74,57,26,102,4,189,36,2,38,227
12/06/2022,FAT,CA,AWP,WE,Combined TRACON& Tower with Radar,48,16,32,21,117,0,8,87,7,102,48,24,119,28,219,0,0,0,219
12/07/2022,FAT,CA,AWP,WE,Combined TRACON& Tower with Radar,47,24,33,10,114,0,1,56,0,57,47,25,89,10,171,0,0,0,171
12/08/2022,FAT,CA,AWP,WE,Combined TRACON& Tower with Radar,57,21,32,15,125,0,4,89,4,97,57,25,121,19,222,62,6,68,290
12/09/2022,FAT,CA,AWP,WE,Combined TRACON& Tower with Radar,56,15,40,6,117,0,7,85,2,94,56,22,125,8,211,72,14,86,297
12/10/2022,FAT,CA,AWP,WE,Combined TRACON& Tower with Radar,38,17,27,0,82,0,0,21,0,21,38,17,48,0,103,12,0,12,115
12/11/2022,FAT,CA,AWP,WE,Combined TRACON& Tower with Radar,49,23,33,0,105,0,2,24,0,26,49,25,57,0,131,8,0,8,139
12/12/2022,FAT,CA,AWP,WE,Combined TRACON& Tower with Radar,58,29,38,10,135,0,4,67,3,74,58,33,105,13,209,50,0,50,259
12/13/2022,FAT,CA,AWP,WE,Combined TRACON& Tower with Radar,48,16,43,19,126,0,6,83,11,100,48,22,126,30,226,16,8,24,250
12/14/2022,FAT,CA,AWP,WE,Combined TRACON& Tower with Radar,46,12,33,26,117,0,8,93,18,119,46,20,126,44,236,0,0,0,236
12/15/2022,FAT,CA,AWP,WE,Combined TRACON& Tower with Radar,58,16,42,13,129,0,10,87,7,104,58,26,129,20,233,48,18,66,299
12/16/2022,FAT,CA,AWP,WE,Combined TRACON& Tower with Radar,58,13,35,5,111,0,6,82,1,89,58,19,117,6,200,18,0,18,218
12/17/2022,FAT,CA,AWP,WE,Combined TRACON& Tower with Radar,50,12,31,1,94,0,0,39,0,39,50,12,70,1,133,16,0,16,149
12/18/2022,FAT,CA,AWP,WE,Combined TRACON& Tower with Radar,58,14,44,0,116,0,0,0,0,0,58,14,44,0,116,0,0,0,116
12/19/2022,FAT,CA,AWP,WE,Combined TRACON& Tower with Radar,58,16,57,5,136,0,0,17,0,17,58,16,74,5,153,14,0,14,167
12/20/2022,FAT,CA,AWP,WE,Combined TRACON& Tower with Radar,54,26,46,13,139,0,0,17,3,20,54,26,63,16,159,0,0,0,159
12/21/2022,FAT,CA,AWP,WE,Combined TRACON& Tower with Radar,55,18,67,12,152,0,0,3,0,3,55,18,70,12,155,0,0,0,155
12/22/2022,FAT,CA,AWP,WE,Combined TRACON& Tower with Radar,58,17,65,6,146,0,0,21,0,21,58,17,86,6,167,18,14,32,199
12/23/2022,FAT,CA,AWP,WE,Combined TRACON& Tower with Radar,49,24,58,0,131,0,1,14,0,15,49,25,72,0,146,18,0,18,164
12/24/2022,FAT,CA,AWP,WE,Combined TRACON& Tower with Radar,35,14,33,0,82,0,0,1,0,1,35,14,34,0,83,0,0,0,83
12/25/2022,FAT,CA,AWP,WE,Combined TRACON& Tower with Radar,39,9,5,0,53,0,0,1,0,1,39,9,6,0,54,0,0,0,54
12/26/2022,FAT,CA,AWP,WE,Combined TRACON& Tower with Radar,48,20,51,0,119,0,0,13,0,13,48,20,64,0,132,0,0,0,132
12/27/2022,FAT,CA,AWP,WE,Combined TRACON& Tower with Radar,53,15,35,0,103,0,0,1,0,1,53,15,36,0,104,18,0,18,122
12/28/2022,FAT,CA,AWP,WE,Combined TRACON& Tower with Radar,59,21,33,2,115,0,5,70,5,80,59,26,103,7,195,0,0,0,195
12/29/2022,FAT,CA,AWP,WE,Combined TRACON& Tower with Radar,57,19,38,13,127,0,2,15,0,17,57,21,53,13,144,2,0,2,146
12/30/2022,FAT,CA,AWP,WE,Combined TRACON& Tower with Radar,60,18,46,0,124,0,7,18,0,25,60,25,64,0,149,0,0,0,149
12/31/2022,FAT,CA,AWP,WE,Combined TRACON& Tower with Radar,54,11,21,0,86,0,4,4,0,8,54,15,25,0,94,0,0,0,94
01/01/2023,FAT,CA,AWP,WE,Combined TRACON& Tower with Radar,47,14,18,0,79,0,4,37,0,41,47,18,55,0,120,0,0,0,120
01/02/2023,FAT,CA,AWP,WE,Combined TRACON& Tower with Radar,59,15,27,0,101,0,5,44,0,49,59,20,71,0,150,8,0,8,158
01/03/2023,FAT,CA,AWP,WE,Combined TRACON& Tower with Radar,58,15,32,7,112,0,5,78,2,85,58,20,110,9,197,20,0,20,217
01/04/2023,FAT,CA,AWP,WE,Combined TRACON& Tower with Radar,56,15,23,4,98,0,7,52,3,62,56,22,75,7,160,38,0,38,198
01/05/2023,FAT,CA,AWP,WE,Combined TRACON& Tower with Radar,61,19,27,8,115,0,2,17,2,21,61,21,44,10,136,10,0,10,146
01/06/2023,FAT,CA,AWP,WE,Combined TRACON& Tower with Radar,56,19,24,2,101,0,2,110,1,113,56,21,134,3,214,58,0,58,272
01/07/2023,FAT,CA,AWP,WE,Combined TRACON& Tower with Radar,46,13,13,10,82,0,3,66,9,78,46,16,79,19,160,8,8,16,176
01/08/2023,FAT,CA,AWP,WE,Combined TRACON& Tower with Radar,55,15,25,0,95,0,1,22,3,26,55,16,47,3,121,8,0,8,129
01/09/2023,FAT,CA,AWP,WE,Combined TRACON& Tower with Radar,56,19,16,4,95,0,0,2,0,2,56,19,18,4,97,0,0,0,97
01/10/2023,FAT,CA,AWP,WE,Combined TRACON& Tower with Radar,53,16,20,2,91,0,3,28,12,43,53,19,48,14,134,16,10,26,160
01/11/2023,FAT,CA,AWP,WE,Combined TRACON& Tower with Radar,48,18,31,8,105,0,3,72,5,80,48,21,103,13,185,72,24,96,281
01/12/2023,FAT,CA,AWP,WE,Combined TRACON& Tower with Radar,57,19,45,13,134,0,9,111,7,127,57,28,156,20,261,24,0,24,285
01/13/2023,FAT,CA,AWP,WE,Combined TRACON& Tower with Radar,58,17,29,18,122,0,4,66,11,81,58,21,95,29,203,24,20,44,247
01/14/2023,FAT,CA,AWP,WE,Combined TRACON& Tower with Radar,38,18,11,0,67,0,5,10,0,15,38,23,21,0,82,0,0,0,82
01/15/2023,FAT,CA,AWP,WE,Combined TRACON& Tower with Radar,39,13,20,1,73,0,1,34,0,35,39,14,54,1,108,6,0,6,114
01/16/2023,FAT,CA,AWP,WE,Combined TRACON& Tower with Radar,56,14,28,0,98,0,3,13,0,16,56,17,41,0,114,44,0,44,158
01/17/2023,FAT,CA,AWP,WE,Combined TRACON& Tower with Radar,52,23,34,18,127,1,4,43,0,48,53,27,77,18,175,48,8,56,231
01/18/2023,FAT,CA,AWP,WE,Combined TRACON& Tower with Radar,46,12,30,23,111,0,10,124,15,149,46,22,154,38,260,84,20,104,364
01/19/2023,FAT,CA,AWP,WE,Combined TRACON& Tower with Radar,60,15,51,10,136,0,3,54,4,61,60,18,105,14,197,28,0,28,225
01/20/2023,FAT,CA,AWP,WE,Combined TRACON& Tower with Radar,54,22,23,4,103,0,3,87,5,95,54,25,110,9,198,34,0,34,232
01/21/2023,FAT,CA,AWP,WE,Combined TRACON& Tower with Radar,42,20,11,0,73,0,5,100,1,106,42,25,111,1,179,52,0,52,231
01/22/2023,FAT,CA,AWP,WE,Combined TRACON& Tower with Radar,43,16,20,0,79,0,1,37,3,41,43,17,57,3,120,100,0,100,220
01/23/2023,FAT,CA,AWP,WE,Combined TRACON& Tower with Radar,54,19,24,0,97,0,1,73,1,75,54,20,97,1,172,10,0,10,182
01/24/2023,FAT,CA,AWP,WE,Combined TRACON& Tower with Radar,56,16,35,14,121,0,3,89,14,106,56,19,124,28,227,36,26,62,289
01/25/2023,FAT,CA,AWP,WE,Combined TRACON& Tower with Radar,47,16,35,9,107,0,2,107,7,116,47,18,142,16,223,42,0,42,265
01/26/2023,FAT,CA,AWP,WE,Combined TRACON& Tower with Radar,57,23,32,1,113,0,2,109,3,114,57,25,141,4,227,70,2,72,299
01/27/2023,FAT,CA,AWP,WE,Combined TRACON& Tower with Radar,55,17,25,6,103,0,3,112,9,124,55,20,137,15,227,56,6,62,289
01/28/2023,FAT,CA,AWP,WE,Combined TRACON& Tower with Radar,39,15,21,0,75,0,5,59,2,66,39,20,80,2,141,6,0,6,147
01/29/2023,FAT,CA,AWP,WE,Combined TRACON& Tower with Radar,46,19,17,0,82,0,0,19,0,19,46,19,36,0,101,6,0,6,107
01/30/2023,FAT,CA,AWP,WE,Combined TRACON& Tower with Radar,50,24,18,4,96,0,7,79,3,89,50,31,97,7,185,0,0,0,185
01/31/2023,FAT,CA,AWP,WE,Combined TRACON& Tower with Radar,44,24,24,5,97,0,3,68,6,77,44,27,92,11,174,0,0,0,174
02/01/2023,FAT,CA,AWP,WE,Combined TRACON& Tower with Radar,44,18,17,9,88,0,3,100,8,111,44,21,117,17,199,88,22,110,309
02/02/2023,FAT,CA,AWP,WE,Combined TRACON& Tower with Radar,50,21,28,10,109,0,6,133,3,142,50,27,161,13,251,58,4,62,313
02/03/2023,FAT,CA,AWP,WE,Combined TRACON& Tower with Radar,52,18,32,6,108,0,2,92,4,98,52,20,124,10,206,54,0,54,260
02/04/2023,FAT,CA,AWP,WE,Combined TRACON& Tower with Radar,46,15,24,1,86,0,5,68,7,80,46,20,92,8,166,68,72,140,306
02/05/2023,FAT,CA,AWP,WE,Combined TRACON& Tower with Radar,45,15,30,1,91,0,1,30,4,35,45,16,60,5,126,38,0,38,164
02/06/2023,FAT,CA,AWP,WE,Combined TRACON& Tower with Radar,52,12,33,0,97,0,3,27,2,32,52,15,60,2,129,64,8,72,201
02/07/2023,FAT,CA,AWP,WE,Combined TRACON& Tower with Radar,51,17,29,5,102,0,3,88,12,103,51,20,117,17,205,64,12,76,281
02/08/2023,FAT,CA,AWP,WE,Combined TRACON& Tower with Radar,47,18,23,7,95,0,4,115,5,124,47,22,138,12,219,96,2,98,317
02/09/2023,FAT,CA,AWP,WE,Combined TRACON& Tower with Radar,57,28,27,8,120,0,6,131,3,140,57,34,158,11,260,60,6,66,326
02/10/2023,FAT,CA,AWP,WE,Combined TRACON& Tower with Radar,56,20,26,7,109,0,4,100,6,110,56,24,126,13,219,48,4,52,271
02/11/2023,FAT,CA,AWP,WE,Combined TRACON& Tower with Radar,45,16,30,0,91,0,3,53,0,56,45,19,83,0,147,58,0,58,205
02/12/2023,FAT,CA,AWP,WE,Combined TRACON& Tower with Radar,45,11,10,0,66,0,10,65,0,75,45,21,75,0,141,24,0,24,165
02/13/2023,FAT,CA,AWP,WE,Combined TRACON& Tower with Radar,52,14,17,3,86,0,6,108,13,127,52,20,125,16,213,54,0,54,267
02/14/2023,FAT,CA,AWP,WE,Combined TRACON& Tower with Radar,56,16,19,6,97,0,5,67,6,78,56,21,86,12,175,72,26,98,273
02/15/2023,FAT,CA,AWP,WE,Combined TRACON& Tower with Radar,52,13,20,9,94,0,12,112,13,137,52,25,132,22,231,20,14,34,265
02/16/2023,FAT,CA,AWP,WE,Combined TRACON& Tower with Radar,58,25,31,13,127,0,8,92,8,108,58,33,123,21,235,30,74,104,339
02/17/2023,FAT,CA,AWP,WE,Combined TRACON& Tower with Radar,56,18,28,8,110,0,1,109,4,114,56,19,137,12,224,54,0,54,278
02/18/2023,FAT,CA,AWP,WE,Combined TRACON& Tower with Radar,45,15,21,0,81,0,3,66,0,69,45,18,87,0,150,20,0,20,170
02/19/2023,FAT,CA,AWP,WE,Combined TRACON& Tower with Radar,45,19,19,0,83,0,2,59,0,61,45,21,78,0,144,24,0,24,168
02/20/2023,FAT,CA,AWP,WE,Combined TRACON& Tower with Radar,58,14,13,1,86,0,2,111,0,113,58,16,124,1,199,100,0,100,299
02/21/2023,FAT,CA,AWP,WE,Combined TRACON& Tower with Radar,58,13,11,10,92,0,5,83,7,95,58,18,94,17,187,34,0,34,221
02/22/2023,FAT,CA,AWP,WE,Combined TRACON& Tower with Radar,50,15,15,11,91,1,3,52,5,61,51,18,67,16,152,52,52,104,256
02/23/2023,FAT,CA,AWP,WE,Combined TRACON& Tower with Radar,57,18,29,14,118,0,4,34,10,48,57,22,63,24,166,104,24,128,294
02/24/2023,FAT,CA,AWP,WE,Combined TRACON& Tower with Radar,57,15,26,9,107,0,0,6,1,7,57,15,32,10,114,0,0,0,114
02/25/2023,FAT,CA,AWP,WE,Combined TRACON& Tower with Radar,48,17,13,0,78,0,1,7,0,8,48,18,20,0,86,0,0,0,86
02/26/2023,FAT,CA,AWP,WE,Combined TRACON& Tower with Radar,49,13,26,0,88,0,2,33,0,35,49,15,59,0,123,62,0,62,185
02/27/2023,FAT,CA,AWP,WE,Combined TRACON& Tower with Radar,55,13,28,21,117,0,1,22,0,23,55,14,50,21,140,30,6,36,176
02/28/2023,FAT,CA,AWP,WE,Combined TRACON& Tower with Radar,53,10,36,4,103,0,3,44,0,47,53,13,80,4,150,66,10,76,226
03/01/2023,FAT,CA,AWP,WE,Combined TRACON& Tower with Radar,51,17,36,1,105,0,10,53,4,67,51,27,89,5,172,18,2,20,192
03/02/2023,FAT,CA,AWP,WE,Combined TRACON& Tower with Radar,57,14,36,4,111,0,9,146,6,161,57,23,182,10,272,46,38,84,356
03/03/2023,FAT,CA,AWP,WE,Combined TRACON& Tower with Radar,59,14,43,10,126,0,10,136,24,170,59,24,179,34,296,100,22,122,418
03/04/2023,FAT,CA,AWP,WE,Combined TRACON& Tower with Radar,48,11,16,6,81,0,6,39,2,47,48,17,55,8,128,20,2,22,150
03/05/2023,FAT,CA,AWP,WE,Combined TRACON& Tower with Radar,54,12,37,0,103,0,5,22,0,27,54,17,59,0,130,44,0,44,174
03/06/2023,FAT,CA,AWP,WE,Combined TRACON& Tower with Radar,55,16,27,0,98,0,2,81,2,85,55,18,108,2,183,144,0,144,327
03/07/2023,FAT,CA,AWP,WE,Combined TRACON& Tower with Radar,52,17,18,6,93,0,5,78,7,90,52,22,96,13,183,118,8,126,309
03/08/2023,FAT,CA,AWP,WE,Combined TRACON& Tower with Radar,51,20,39,0,110,0,3,100,4,107,51,23,139,4,217,82,2,84,301
03/09/2023,FAT,CA,AWP,WE,Combined TRACON& Tower with Radar,70,18,25,0,113,0,5,51,0,56,70,23,76,0,169,104,0,104,273
03/10/2023,FAT,CA,AWP,WE,Combined TRACON& Tower with Radar,59,16,17,2,94,0,4,8,0,12,59,20,25,2,106,0,0,0,106
03/11/2023,FAT,CA,AWP,WE,Combined TRACON& Tower with Radar,49,21,28,0,98,0,2,19,0,21,49,23,47,0,119,0,0,0,119
03/12/2023,FAT,CA,AWP,WE,Combined TRACON& Tower with Radar,52,17,22,3,94,1,1,33,0,35,53,18,55,3,129,56,0,56,185
03/13/2023,FAT,CA,AWP,WE,Combined TRACON& Tower with Radar,53,22,20,7,102,0,5,78,12,95,53,27,98,19,197,224,62,286,483
03/14/2023,FAT,CA,AWP,WE,Combined TRACON& Tower with Radar,58,17,27,0,102,0,2,15,0,17,58,19,42,0,119,22,0,22,141
03/15/2023,FAT,CA,AWP,WE,Combined TRACON& Tower with Radar,48,22,28,7,105,0,4,78,5,87,48,26,106,12,192,74,12,86,278
03/16/2023,FAT,CA,AWP,WE,Combined TRACON& Tower with Radar,58,13,33,14,118,0,16,107,9,132,58,29,140,23,250,70,20,90,340
03/17/2023,FAT,CA,AWP,WE,Combined TRACON& Tower with Radar,60,17,30,10,117,0,8,104,6,118,60,25,134,16,235,6,20,26,261
03/18/2023,FAT,CA,AWP,WE,Combined TRACON& Tower with Radar,52,18,17,3,90,0,10,93,3,106,52,28,110,6,196,54,0,54,250
03/19/2023,FAT,CA,AWP,WE,Combined TRACON& Tower with Radar,52,13,38,0,103,0,2,21,4,27,52,15,59,4,130,12,16,28,158
03/20/2023,FAT,CA,AWP,WE,Combined TRACON& Tower with Radar,56,17,34,1,108,0,8,65,8,81,56,25,99,9,189,80,6,86,275
03/21/2023,FAT,CA,AWP,WE,Combined TRACON& Tower with Radar,66,13,14,11,104,0,0,15,1,16,66,13,29,12,120,18,8,26,146
03/22/2023,FAT,CA,AWP,WE,Combined TRACON& Tower with Radar,54,14,26,8,102,0,1,49,7,57,54,15,75,15,159,0,22,22,181
03/23/2023,FAT,CA,AWP,WE,Combined TRACON& Tower with Radar,58,28,31,4,121,0,11,46,10,67,58,39,77,14,188,40,22,62,250
03/24/2023,FAT,CA,AWP,WE,Combined TRACON& Tower with Radar,57,25,16,3,101,0,12,89,10,111,57,37,105,13,212,54,10,64,276
03/25/2023,FAT,CA,AWP,WE,Combined TRACON& Tower with Radar,47,31,16,0,94,0,13,68,1,82,47,44,84,1,176,36,0,36,212
03/26/2023,FAT,CA,AWP,WE,Combined TRACON& Tower with Radar,51,18,13,0,82,0,7,78,0,85,51,25,91,0,167,28,0,28,195
03/27/2023,FAT,CA,AWP,WE,Combined TRACON& Tower with Radar,53,20,17,13,103,0,14,90,7,111,53,34,107,20,214,94,14,108,322
03/28/2023,FAT,CA,AWP,WE,Combined TRACON& Tower with Radar,61,15,14,3,93,0,3,43,17,63,61,18,57,20,156,14,0,14,170
03/29/2023,FAT,CA,AWP,WE,Combined TRACON& Tower with Radar,54,16,32,3,105,0,9,39,13,61,54,25,71,16,166,50,32,82,248
03/30/2023,FAT,CA,AWP,WE,Combined TRACON& Tower with Radar,60,24,45,7,136,0,12,57,12,81,60,36,102,19,217,56,14,70,287
03/31/2023,FAT,CA,AWP,WE,Combined TRACON& Tower with Radar,58,20,34,5,117,0,8,118,8,134,58,28,152,13,251,50,20,70,321
04/01/2023,FAT,CA,AWP,WE,Combined TRACON& Tower with Radar,49,25,19,1,94,0,8,74,0,82,49,33,93,1,176,66,0,66,242
04/02/2023,FAT,CA,AWP,WE,Combined TRACON& Tower with Radar,53,18,16,6,93,0,7,61,5,73,53,25,77,11,166,36,0,36,202
04/03/2023,FAT,CA,AWP,WE,Combined TRACON& Tower with Radar,56,20,16,1,93,0,3,49,5,57,56,23,65,6,150,12,2,14,164
04/04/2023,FAT,CA,AWP,WE,Combined TRACON& Tower with Radar,55,17,19,4,95,0,11,112,10,133,55,28,131,14,228,38,24,62,290
04/05/2023,FAT,CA,AWP,WE,Combined TRACON& Tower with Radar,56,22,19,4,101,0,12,123,5,140,56,34,142,9,241,24,10,34,275
04/06/2023,FAT,CA,AWP,WE,Combined TRACON& Tower with Radar,60,20,23,3,106,0,13,95,7,115,60,33,118,10,221,58,8,66,287
04/07/2023,FAT,CA,AWP,WE,Combined TRACON& Tower with Radar,60,19,22,5,106,0,12,84,4,100,60,31,106,9,206,44,0,44,250
04/08/2023,FAT,CA,AWP,WE,Combined TRACON& Tower with Radar,51,20,18,0,89,0,12,45,0,57,51,32,63,0,146,44,0,44,190
04/09/2023,FAT,CA,AWP,WE,Combined TRACON& Tower with Radar,51,20,9,1,81,0,15,42,0,57,51,35,51,1,138,0,0,0,138
04/10/2023,FAT,CA,AWP,WE,Combined TRACON& Tower with Radar,60,25,22,3,110,0,14,80,5,99,60,39,102,8,209,64,0,64,273
04/11/2023,FAT,CA,AWP,WE,Combined TRACON& Tower with Radar,52,19,21,25,117,0,14,77,14,105,52,33,98,39,222,74,14,88,310
04/12/2023,FAT,CA,AWP,WE,Combined TRACON& Tower with Radar,59,22,14,22,117,0,14,95,23,132,59,36,109,45,249,104,32,136,385
04/13/2023,FAT,CA,AWP,WE,Combined TRACON& Tower with Radar,58,20,21,5,104,0,14,116,9,139,58,34,137,14,243,38,0,38,281
04/14/2023,FAT,CA,AWP,WE,Combined TRACON& Tower with Radar,61,27,13,8,109,0,13,89,7,109,61,40,102,15,218,74,28,102,320
04/15/2023,FAT,CA,AWP,WE,Combined TRACON& Tower with Radar,51,22,15,0,88,0,16,86,0,102,51,38,101,0,190,14,0,14,204
04/16/2023,FAT,CA,AWP,WE,Combined TRACON& Tower with Radar,53,20,27,0,100,0,14,79,0,93,53,34,106,0,193,26,0,26,219
04/17/2023,FAT,CA,AWP,WE,Combined TRACON& Tower with Radar,58,26,18,16,118,0,14,62,7,83,58,40,80,23,201,38,26,64,265
04/18/2023,FAT,CA,AWP,WE,Combined TRACON& Tower with Radar,54,17,21,31,123,0,14,84,10,108,54,31,105,41,231,76,12,88,319
04/19/2023,FAT,CA,AWP,WE,Combined TRACON& Tower with Radar,58,15,21,0,94,0,14,112,11,137,58,29,133,11,231,30,2,32,263
04/20/2023,FAT,CA,AWP,WE,Combined TRACON& Tower with Radar,57,24,22,20,123,0,11,113,11,135,57,35,135,31,258,100,28,128,386
04/21/2023,FAT,CA,AWP,WE,Combined TRACON& Tower with Radar,60,23,35,5,123,0,14,100,3,117,60,37,135,8,240,60,8,68,308
04/22/2023,FAT,CA,AWP,WE,Combined TRACON& Tower with Radar,48,28,11,3,90,0,8,70,8,86,48,36,81,11,176,6,0,6,182
04/23/2023,FAT,CA,AWP,WE,Combined TRACON& Tower with Radar,54,28,24,1,107,0,4,72,1,77,54,32,96,2,184,22,0,22,206
04/24/2023,FAT,CA,AWP,WE,Combined TRACON& Tower with Radar,57,25,28,1,111,0,9,80,3,92,57,34,108,4,203,28,18,46,249
04/25/2023,FAT,CA,AWP,WE,Combined TRACON& Tower with Radar,53,23,28,10,114,0,21,117,9,147,53,44,145,19,261,64,20,84,345
04/26/2023,FAT,CA,AWP,WE,Combined TRACON& Tower with Radar,56,13,13,8,90,0,18,107,24,149,56,31,120,32,239,132,42,174,413
04/27/2023,FAT,CA,AWP,WE,Combined TRACON& Tower with Radar,60,20,26,3,109,0,18,108,7,133,60,38,134,10,242,104,2,106,348
04/28/2023,FAT,CA,AWP,WE,Combined TRACON& Tower with Radar,58,23,29,7,117,0,10,118,2,130,58,33,147,9,247,92,0,92,339
04/29/2023,FAT,CA,AWP,WE,Combined TRACON& Tower with Radar,49,28,9,0,86,0,13,68,2,83,49,41,77,2,169,80,0,80,249
04/30/2023,FAT,CA,AWP,WE,Combined TRACON& Tower with Radar,52,26,20,0,98,0,10,61,0,71,52,36,81,0,169,22,0,22,191
05/01/2023,FAT,CA,AWP,WE,Combined TRACON& Tower with Radar,59,24,35,0,118,0,9,66,1,76,59,33,101,1,194,104,0,104,298
05/02/2023,FAT,CA,AWP,WE,Combined TRACON& Tower with Radar,57,15,20,6,98,0,6,42,3,51,57,21,62,9,149,64,0,64,213
05/03/2023,FAT,CA,AWP,WE,Combined TRACON& Tower with Radar,59,25,22,2,108,0,8,73,0,81,59,33,95,2,189,86,0,86,275
05/04/2023,FAT,CA,AWP,WE,Combined TRACON& Tower with Radar,60,15,29,3,107,0,8,56,0,64,60,23,85,3,171,108,0,108,279
05/05/2023,FAT,CA,AWP,WE,Combined TRACON& Tower with Radar,67,25,26,0,118,0,14,91,0,105,67,39,117,0,223,100,0,100,323
05/06/2023,FAT,CA,AWP,WE,Combined TRACON& Tower with Radar,54,11,10,1,76,0,10,63,5,78,54,21,73,6,154,22,0,22,176
05/07/2023,FAT,CA,AWP,WE,Combined TRACON& Tower with Radar,54,18,24,1,97,0,23,71,8,102,54,41,95,9,199,10,0,10,209
05/08/2023,FAT,CA,AWP,WE,Combined TRACON& Tower with Radar,66,14,36,1,117,0,15,85,0,100,66,29,121,1,217,62,16,78,295
05/09/2023,FAT,CA,AWP,WE,Combined TRACON& Tower with Radar,60,17,14,6,97,0,15,95,6,116,60,32,109,12,213,28,0,28,241
05/10/2023,FAT,CA,AWP,WE,Combined TRACON& Tower with Radar,62,20,17,3,102,0,10,98,0,108,62,30,115,3,210,48,0,48,258
05/11/2023,FAT,CA,AWP,WE,Combined TRACON& Tower with Radar,65,20,14,9,108,0,18,104,3,125,65,38,118,12,233,80,2,82,315
05/12/2023,FAT,CA,AWP,WE,Combined TRACON& Tower with Radar,64,20,29,2,115,0,8,111,2,121,64,28,140,4,236,42,0,42,278
05/13/2023,FAT,CA,AWP,WE,Combined TRACON& Tower with Radar,56,17,6,2,81,0,16,70,0,86,56,33,76,2,167,34,0,34,201
05/14/2023,FAT,CA,AWP,WE,Combined TRACON& Tower with Radar,57,20,9,7,93,0,11,55,0,66,57,31,64,7,159,8,0,8,167
05/15/2023,FAT,CA,AWP,WE,Combined TRACON& Tower with Radar,67,12,24,1,104,0,12,89,6,107,67,24,113,7,211,48,0,48,259
05/16/2023,FAT,CA,AWP,WE,Combined TRACON& Tower with Radar,61,26,14,6,107,0,17,99,9,125,61,43,113,15,232,12,0,12,244
05/17/2023,FAT,CA,AWP,WE,Combined TRACON& Tower with Radar,66,15,18,4,103,0,14,93,2,109,66,29,111,6,212,46,0,46,258
05/18/2023,FAT,CA,AWP,WE,Combined TRACON& Tower with Radar,67,15,16,14,112,0,15,112,21,148,67,30,128,35,260,14,20,34,294
05/19/2023,FAT,CA,AWP,WE,Combined TRACON& Tower with Radar,68,20,19,2,109,0,26,92,8,126,68,46,111,10,235,46,0,46,281
05/20/2023,FAT,CA,AWP,WE,Combined TRACON& Tower with Radar,53,21,27,2,103,1,10,88,2,101,54,31,115,4,204,50,0,50,254
05/21/2023,FAT,CA,AWP,WE,Combined TRACON& Tower with Radar,59,13,13,0,85,0,21,68,3,92,59,34,81,3,177,6,0,6,183
05/22/2023,FAT,CA,AWP,WE,Combined TRACON& Tower with Radar,66,16,27,6,115,0,15,99,2,116,66,31,126,8,231,24,0,24,255
05/23/2023,FAT,CA,AWP,WE,Combined TRACON& Tower with Radar,57,20,20,1,98,0,11,98,11,120,57,31,118,12,218,84,0,84,302
05/24/2023,FAT,CA,AWP,WE,Combined TRACON& Tower with Radar,66,22,36,16,140,0,13,93,19,125,66,35,129,35,265,52,28,80,345
05/25/2023,FAT,CA,AWP,WE,Combined TRACON& Tower with Radar,68,20,40,8,136,0,15,117,10,142,68,35,157,18,278,102,6,108,386
05/26/2023,FAT,CA,AWP,WE,Combined TRACON& Tower with Radar,71,28,26,17,142,0,14,113,5,132,71,42,139,22,274,74,14,88,362
05/27/2023,FAT,CA,AWP,WE,Combined TRACON& Tower with Radar,51,21,14,0,86,0,9,66,0,75,51,30,80,0,161,54,0,54,215
05/28/2023,FAT,CA,AWP,WE,Combined TRACON& Tower with Radar,56,16,7,0,79,0,12,56,1,69,56,28,63,1,148,16,0,16,164
05/29/2023,FAT,CA,AWP,WE,Combined TRACON& Tower with Radar,65,16,15,3,99,0,4,67,1,72,65,20,82,4,171,40,0,40,211
05/30/2023,FAT,CA,AWP,WE,Combined TRACON& Tower with Radar,55,13,29,11,108,0,11,90,15,116,55,24,119,26,224,46,16,62,286
05/31/2023,FAT,CA,AWP,WE,Combined TRACON& Tower with Radar,63,18,31,6,118,0,14,86,11,111,63,32,117,17,229,88,18,106,335
06/01/2023,FAT,CA,AWP,WE,Combined TRACON& Tower with Radar,67,18,37,7,129,0,19,113,18,150,67,37,150,25,279,96,12,108,387
06/02/2023,FAT,CA,AWP,WE,Combined TRACON& Tower with Radar,74,15,19,4,112,0,15,107,11,133,74,30,126,15,245,82,0,82,327
06/03/2023,FAT,CA,AWP,WE,Combined TRACON& Tower with Radar,71,10,15,8,104,0,17,93,14,124,71,27,108,22,228,24,2,26,254
06/04/2023,FAT,CA,AWP,WE,Combined TRACON& Tower with Radar,70,11,29,0,110,0,19,57,1,77,70,30,86,1,187,14,0,14,201
06/05/2023,FAT,CA,AWP,WE,Combined TRACON& Tower with Radar,78,10,24,1,113,0,5,78,7,90,78,15,102,8,203,6,0,6,209
06/06/2023,FAT,CA,AWP,WE,Combined TRACON& Tower with Radar,67,20,35,16,138,0,12,72,12,96,67,32,107,28,234,50,10,60,294
06/07/2023,FAT,CA,AWP,WE,Combined TRACON& Tower with Radar,73,20,40,12,145,0,8,69,9,86,73,28,109,21,231,46,0,46,277
06/08/2023,FAT,CA,AWP,WE,Combined TRACON& Tower with Radar,77,11,31,7,126,0,11,130,7,148,77,22,161,14,274,8,8,16,290
06/09/2023,FAT,CA,AWP,WE,Combined TRACON& Tower with Radar,77,15,22,6,120,0,21,102,8,131,77,36,124,14,251,56,4,60,311
06/10/2023,FAT,CA,AWP,WE,Combined TRACON& Tower with Radar,67,11,29,0,107,0,17,70,5,92,67,28,99,5,199,58,0,58,257
06/11/2023,FAT,CA,AWP,WE,Combined TRACON& Tower with Radar,72,18,27,2,119,0,8,65,1,74,72,26,92,3,193,8,0,8,201
06/12/2023,FAT,CA,AWP,WE,Combined TRACON& Tower with Radar,79,6,24,6,115,0,13,80,8,101,79,19,104,14,216,0,0,0,216
06/13/2023,FAT,CA,AWP,WE,Combined TRACON& Tower with Radar,67,13,17,13,110,0,13,96,11,120,67,26,113,24,230,24,10,34,264
06/14/2023,FAT,CA,AWP,WE,Combined TRACON& Tower with Radar,77,16,28,16,137,0,23,82,21,126,77,39,110,37,263,26,48,74,337
06/15/2023,FAT,CA,AWP,WE,Combined TRACON& Tower with Radar,78,15,36,10,139,0,15,93,10,118,78,30,129,20,257,52,14,66,323
06/16/2023,FAT,CA,AWP,WE,Combined TRACON& Tower with Radar,83,18,14,8,123,0,20,82,6,108,83,38,96,14,231,38,26,64,295
06/17/2023,FAT,CA,AWP,WE,Combined TRACON& Tower with Radar,64,13,25,1,103,0,30,94,15,139,64,43,119,16,242,18,0,18,260
06/18/2023,FAT,CA,AWP,WE,Combined TRACON& Tower with Radar,73,15,11,0,99,0,11,58,5,74,73,26,69,5,173,12,0,12,185
06/19/2023,FAT,CA,AWP,WE,Combined TRACON& Tower with Radar,80,10,24,0,114,0,11,76,7,94,80,21,100,7,208,72,0,72,280
06/20/2023,FAT,CA,AWP,WE,Combined TRACON& Tower with Radar,73,21,17,8,119,0,15,103,10,128,73,36,120,18,247,48,0,48,295
06/21/2023,FAT,CA,AWP,WE,Combined TRACON& Tower with Radar,72,20,28,10,130,0,19,116,10,145,72,39,144,20,275,48,6,54,329
06/22/2023,FAT,CA,AWP,WE,Combined TRACON& Tower with Radar,79,17,29,1,126,0,16,104,3,123,79,33,133,4,249,50,2,52,301
06/23/2023,FAT,CA,AWP,WE,Combined TRACON& Tower with Radar,78,29,17,8,132,0,20,90,9,119,78,49,107,17,251,24,12,36,287
06/24/2023,FAT,CA,AWP,WE,Combined TRACON& Tower with Radar,65,22,10,0,97,0,14,65,10,89,65,36,75,10,186,6,0,6,192
06/25/2023,FAT,CA,AWP,WE,Combined TRACON& Tower with Radar,68,25,31,0,124,0,13,77,1,91,68,38,108,1,215,18,0,18,233
06/26/2023,FAT,CA,AWP,WE,Combined TRACON& Tower with Radar,78,20,11,4,113,0,14,71,4,89,78,34,82,8,202,30,0,30,232
06/27/2023,FAT,CA,AWP,WE,Combined TRACON& Tower with Radar,69,16,24,19,128,0,13,94,35,142,69,29,118,54,270,0,0,0,270
06/28/2023,FAT,CA,AWP,WE,Combined TRACON& Tower with Radar,74,13,35,7,129,0,12,117,16,145,74,25,152,23,274,0,0,0,274
06/29/2023,FAT,CA,AWP,WE,Combined TRACON& Tower with Radar,74,14,35,8,131,0,13,110,6,129,74,27,145,14,260,0,0,0,260
06/30/2023,FAT,CA,AWP,WE,Combined TRACON& Tower with Radar,82,19,17,5,123,0,10,85,16,111,82,29,102,21,234,0,0,0,234
07/01/2023,FAT,CA,AWP,WE,Combined TRACON& Tower with Radar,73,7,16,0,96,0,25,54,8,87,73,32,70,8,183,16,0,16,199
07/02/2023,FAT,CA,AWP,WE,Combined TRACON& Tower with Radar,70,14,6,0,90,0,13,41,0,54,70,27,47,0,144,30,0,30,174
07/03/2023,FAT,CA,AWP,WE,Combined TRACON& Tower with Radar,73,9,13,0,95,0,9,81,26,116,73,18,94,26,211,13,0,13,224
07/04/2023,FAT,CA,AWP,WE,Combined TRACON& Tower with Radar,55,10,7,0,72,0,14,45,2,61,55,24,52,2,133,23,0,23,156
07/05/2023,FAT,CA,AWP,WE,Combined TRACON& Tower with Radar,74,14,15,5,108,0,8,82,6,96,74,22,97,11,204,96,0,96,300
07/06/2023,FAT,CA,AWP,WE,Combined TRACON& Tower with Radar,83,16,38,6,143,0,13,74,8,95,83,29,112,14,238,58,4,62,300
07/07/2023,FAT,CA,AWP,WE,Combined TRACON& Tower with Radar,83,21,28,2,134,0,14,104,14,132,83,35,132,16,266,26,0,26,292
07/08/2023,FAT,CA,AWP,WE,Combined TRACON& Tower with Radar,69,17,37,1,124,0,11,70,6,87,69,28,107,7,211,52,0,52,263
07/09/2023,FAT,CA,AWP,WE,Combined TRACON& Tower with Radar,72,22,20,0,114,0,11,55,3,69,72,33,75,3,183,2,0,2,185
07/10/2023,FAT,CA,AWP,WE,Combined TRACON& Tower with Radar,78,23,14,15,130,0,16,79,14,109,78,39,93,29,239,40,20,60,299
07/11/2023,FAT,CA,AWP,WE,Combined TRACON& Tower with Radar,73,19,19,6,117,0,14,76,19,109,73,33,95,25,226,68,12,80,306
07/12/2023,FAT,CA,AWP,WE,Combined TRACON& Tower with Radar,75,20,12,7,114,0,8,96,13,117,75,28,108,20,231,48,6,54,285
07/13/2023,FAT,CA,AWP,WE,Combined TRACON& Tower with Radar,85,15,16,5,121,0,17,87,23,127,85,32,103,28,248,40,6,46,294
07/14/2023,FAT,CA,AWP,WE,Combined TRACON& Tower with Radar,79,26,20,6,131,0,16,93,15,124,79,42,113,21,255,48,0,48,303
07/15/2023,FAT,CA,AWP,WE,Combined TRACON& Tower with Radar,69,9,14,0,92,0,8,54,8,70,69,17,68,8,162,8,0,8,170
07/16/2023,FAT,CA,AWP,WE,Combined TRACON& Tower with Radar,70,13,20,0,103,0,9,56,2,67,70,22,76,2,170,16,0,16,186
07/17/2023,FAT,CA,AWP,WE,Combined TRACON& Tower with Radar,77,20,13,1,111,0,6,79,9,94,77,26,92,10,205,6,18,24,229
07/18/2023,FAT,CA,AWP,WE,Combined TRACON& Tower with Radar,75,10,13,20,118,0,4,88,21,113,75,14,101,41,231,10,18,28,259
07/19/2023,FAT,CA,AWP,WE,Combined TRACON& Tower with Radar,78,14,21,11,124,0,10,114,11,135,78,24,135,22,259,18,12,30,289
07/20/2023,FAT,CA,AWP,WE,Combined TRACON& Tower with Radar,81,23,10,8,122,0,8,99,15,122,81,31,109,23,244,42,6,48,292
07/21/2023,FAT,CA,AWP,WE,Combined TRACON& Tower with Radar,82,16,21,7,126,0,9,91,14,114,82,25,112,21,240,8,0,8,248
07/22/2023,FAT,CA,AWP,WE,Combined TRACON& Tower with Radar,68,14,17,0,99,0,16,67,9,92,68,30,84,9,191,52,10,62,253
07/23/2023,FAT,CA,AWP,WE,Combined TRACON& Tower with Radar,71,13,21,2,107,0,8,58,9,75,71,21,79,11,182,42,0,42,224
07/24/2023,FAT,CA,AWP,WE,Combined TRACON& Tower with Radar,77,16,10,10,113,0,13,66,12,91,77,29,76,22,204,50,12,62,266
07/25/2023,FAT,CA,AWP,WE,Combined TRACON& Tower with Radar,74,15,24,12,125,0,11,93,24,128,74,26,117,36,253,22,0,22,275
07/26/2023,FAT,CA,AWP,WE,Combined TRACON& Tower with Radar,77,10,17,9,113,0,19,81,4,104,77,29,98,13,217,24,0,24,241
07/27/2023,FAT,CA,AWP,WE,Combined TRACON& Tower with Radar,81,18,28,7,134,0,15,96,12,123,81,33,124,19,257,64,0,64,321
07/28/2023,FAT,CA,AWP,WE,Combined TRACON& Tower with Radar,81,16,18,4,119,0,21,111,10,142,81,37,129,14,261,48,0,48,309
07/29/2023,FAT,CA,AWP,WE,Combined TRACON& Tower with Radar,73,14,12,0,99,0,9,86,16,111,73,23,98,16,210,18,0,18,228
07/30/2023,FAT,CA,AWP,WE,Combined TRACON& Tower with Radar,71,12,22,1,106,0,6,88,7,101,71,18,110,8,207,46,0,46,253
07/31/2023,FAT,CA,AWP,WE,Combined TRACON& Tower with Radar,79,9,17,6,111,0,6,81,12,99,79,15,98,18,210,54,12,66,276
08/01/2023,FAT,CA,AWP,WE,Combined TRACON& Tower with Radar,77,11,14,6,108,0,12,94,17,123,77,23,108,23,231,52,14,66,297
08/02/2023,FAT,CA,AWP,WE,Combined TRACON& Tower with Radar,82,5,16,3,106,0,15,92,10,117,82,20,108,13,223,42,8,50,273
08/03/2023,FAT,CA,AWP,WE,Combined TRACON& Tower with Radar,83,14,36,11,144,0,13,123,13,149,83,27,159,24,293,24,0,24,317
08/04/2023,FAT,CA,AWP,WE,Combined TRACON& Tower with Radar,87,9,16,10,122,0,9,95,3,107,87,18,111,13,229,64,0,64,293
08/05/2023,FAT,CA,AWP,WE,Combined TRACON& Tower with Radar,70,7,18,5,100,0,10,53,15,78,70,17,71,20,178,36,0,36,214
08/06/2023,FAT,CA,AWP,WE,Combined TRACON& Tower with Radar,73,9,17,2,101,0,13,70,7,90,73,22,87,9,191,18,18,36,227
08/07/2023,FAT,CA,AWP,WE,Combined TRACON& Tower with Radar,82,16,14,12,124,0,11,82,13,106,82,27,96,25,230,44,24,68,298
08/08/2023,FAT,CA,AWP,WE,Combined TRACON& Tower with Radar,80,12,18,12,122,0,13,105,10,128,80,25,123,22,250,42,20,62,312
08/09/2023,FAT,CA,AWP,WE,Combined TRACON& Tower with Radar,80,9,21,3,113,0,14,106,13,133,80,23,127,16,246,26,4,30,276
08/10/2023,FAT,CA,AWP,WE,Combined TRACON& Tower with Radar,80,13,18,5,116,1,25,94,27,147,81,38,112,32,263,34,2,36,299
08/11/2023,FAT,CA,AWP,WE,Combined TRACON& Tower with Radar,89,14,22,3,128,0,13,81,6,100,89,27,103,9,228,24,0,24,252
08/12/2023,FAT,CA,AWP,WE,Combined TRACON& Tower with Radar,73,19,13,0,105,0,23,75,2,100,73,42,88,2,205,34,0,34,239
08/13/2023,FAT,CA,AWP,WE,Combined TRACON& Tower with Radar,76,21,18,0,115,0,17,66,4,87,76,38,84,4,202,32,0,32,234
08/14/2023,FAT,CA,AWP,WE,Combined TRACON& Tower with Radar,85,5,12,6,108,0,12,70,7,89,85,17,82,13,197,16,0,16,213
08/15/2023,FAT,CA,AWP,WE,Combined TRACON& Tower with Radar,76,16,20,12,124,0,16,125,11,152,76,32,145,23,276,28,28,56,332
08/16/2023,FAT,CA,AWP,WE,Combined TRACON& Tower with Radar,82,7,26,5,120,0,11,104,15,130,82,18,130,20,250,16,0,16,266
08/17/2023,FAT,CA,AWP,WE,Combined TRACON& Tower with Radar,84,9,30,6,129,1,23,100,7,131,85,32,130,13,260,50,0,50,310
08/18/2023,FAT,CA,AWP,WE,Combined TRACON& Tower with Radar,89,23,27,5,144,0,16,111,10,137,89,39,138,15,281,46,2,48,329
08/19/2023,FAT,CA,AWP,WE,Combined TRACON& Tower with Radar,71,11,20,0,102,0,12,85,4,101,71,23,105,4,203,30,0,30,233
08/20/2023,FAT,CA,AWP,WE,Combined TRACON& Tower with Radar,77,8,5,5,95,0,6,26,6,38,77,14,31,11,133,28,0,28,161
08/21/2023,FAT,CA,AWP,WE,Combined TRACON& Tower with Radar,77,8,18,3,106,0,6,45,3,54,77,14,63,6,160,60,0,60,220
08/22/2023,FAT,CA,AWP,WE,Combined TRACON& Tower with Radar,78,15,22,6,121,0,9,98,7,114,78,24,120,13,235,40,0,40,275
08/23/2023,FAT,CA,AWP,WE,Combined TRACON& Tower with Radar,78,12,23,6,119,0,15,105,4,124,78,27,128,10,243,38,0,38,281
08/24/2023,FAT,CA,AWP,WE,Combined TRACON& Tower with Radar,83,12,20,1,116,0,9,105,12,126,83,21,125,13,242,26,0,26,268
08/25/2023,FAT,CA,AWP,WE,Combined TRACON& Tower with Radar,87,13,20,2,122,0,17,90,3,110,87,30,110,5,232,72,0,72,304
08/26/2023,FAT,CA,AWP,WE,Combined TRACON& Tower with Radar,76,6,14,0,96,0,20,76,4,100,76,26,90,4,196,26,0,26,222
08/27/2023,FAT,CA,AWP,WE,Combined TRACON& Tower with Radar,79,14,19,0,112,0,16,64,4,84,79,30,83,4,196,71,0,71,267
08/28/2023,FAT,CA,AWP,WE,Combined TRACON& Tower with Radar,82,11,9,9,111,0,15,82,9,106,82,26,91,18,217,36,0,36,253
08/29/2023,FAT,CA,AWP,WE,Combined TRACON& Tower with Radar,73,14,22,7,116,0,7,85,10,102,73,21,107,17,218,52,10,62,280
08/30/2023,FAT,CA,AWP,WE,Combined TRACON& Tower with Radar,78,13,35,2,128,0,12,85,7,104,78,25,120,9,232,82,0,82,314
08/31/2023,FAT,CA,AWP,WE,Combined TRACON& Tower with Radar,80,7,25,8,120,0,12,121,14,147,80,19,146,22,267,16,18,34,301
01/01/2020,FAT,CA,AWP,WE,Combined TRACON& Tower with Radar,57,20,16,0,93,0,5,37,0,42,57,25,53,0,135,11,0,11,146
01/02/2020,FAT,CA,AWP,WE,Combined TRACON& Tower with Radar,67,26,31,7,131,0,2,36,2,40,67,28,67,9,171,16,0,16,187
01/03/2020,FAT,CA,AWP,WE,Combined TRACON& Tower with Radar,69,22,22,9,122,0,6,59,6,71,69,28,81,15,193,12,0,12,205
01/04/2020,FAT,CA,AWP,WE,Combined TRACON& Tower with Radar,63,20,25,1,109,0,9,53,4,66,63,29,78,5,175,4,0,4,179
01/05/2020,FAT,CA,AWP,WE,Combined TRACON& Tower with Radar,60,21,34,16,131,0,2,23,1,26,60,23,57,17,157,10,0,10,167
01/06/2020,FAT,CA,AWP,WE,Combined TRACON& Tower with Radar,68,26,29,5,128,0,4,33,2,39,68,30,62,7,167,26,0,26,193
01/07/2020,FAT,CA,AWP,WE,Combined TRACON& Tower with Radar,58,25,30,3,116,0,0,1,0,1,58,25,31,3,117,0,0,0,117
01/08/2020,FAT,CA,AWP,WE,Combined TRACON& Tower with Radar,56,27,45,0,128,0,1,9,0,10,56,28,54,0,138,0,18,18,156
01/09/2020,FAT,CA,AWP,WE,Combined TRACON& Tower with Radar,67,21,34,6,128,0,4,29,3,36,67,25,63,9,164,4,0,4,168
01/10/2020,FAT,CA,AWP,WE,Combined TRACON& Tower with Radar,64,30,31,0,125,0,1,54,0,55,64,31,85,0,180,78,0,78,258
01/11/2020,FAT,CA,AWP,WE,Combined TRACON& Tower with Radar,49,16,18,1,84,0,5,64,3,72,49,21,82,4,156,54,4,58,214
01/12/2020,FAT,CA,AWP,WE,Combined TRACON& Tower with Radar,54,19,17,0,90,0,2,44,0,46,54,21,61,0,136,22,0,22,158
01/13/2020,FAT,CA,AWP,WE,Combined TRACON& Tower with Radar,64,25,34,0,123,0,4,50,0,54,64,29,84,0,177,12,0,12,189
01/14/2020,FAT,CA,AWP,WE,Combined TRACON& Tower with Radar,61,26,37,3,127,0,4,55,4,63,61,30,92,7,190,48,0,48,238
01/15/2020,FAT,CA,AWP,WE,Combined TRACON& Tower with Radar,59,22,41,15,137,0,5,79,8,92,59,27,120,23,229,12,14,26,255
01/16/2020,FAT,CA,AWP,WE,Combined TRACON& Tower with Radar,69,23,35,0,127,1,1,23,5,30,70,24,58,5,157,16,6,22,179
01/17/2020,FAT,CA,AWP,WE,Combined TRACON& Tower with Radar,61,28,35,2,126,0,6,59,3,68,61,34,94,5,194,64,0,64,258
01/18/2020,FAT,CA,AWP,WE,Combined TRACON& Tower with Radar,49,22,34,3,108,0,4,50,1,55,49,26,84,4,163,8,0,8,171
01/19/2020,FAT,CA,AWP,WE,Combined TRACON& Tower with Radar,52,18,40,1,111,0,1,31,0,32,52,19,71,1,143,2,0,2,145
01/20/2020,FAT,CA,AWP,WE,Combined TRACON& Tower with Radar,60,28,31,0,119,0,2,39,0,41,60,30,70,0,160,26,0,26,186
01/21/2020,FAT,CA,AWP,WE,Combined TRACON& Tower with Radar,60,25,41,1,127,0,6,67,6,79,60,31,108,7,206,54,22,76,282
01/22/2020,FAT,CA,AWP,WE,Combined TRACON& Tower with Radar,57,24,58,10,149,0,7,58,6,71,57,31,116,16,220,96,24,120,340
01/23/2020,FAT,CA,AWP,WE,Combined TRACON& Tower with Radar,69,29,46,1,145,0,7,47,10,64,69,36,93,11,209,12,22,34,243
01/24/2020,FAT,CA,AWP,WE,Combined TRACON& Tower with Radar,60,23,42,14,139,0,4,24,12,40,60,27,66,26,179,20,10,30,209
01/25/2020,FAT,CA,AWP,WE,Combined TRACON& Tower with Radar,50,16,21,1,88,0,2,39,2,43,50,18,60,3,131,50,0,50,181
01/26/2020,FAT,CA,AWP,WE,Combined TRACON& Tower with Radar,51,19,19,4,93,0,2,31,7,40,51,21,50,11,133,0,0,0,133
01/27/2020,FAT,CA,AWP,WE,Combined TRACON& Tower with Radar,65,27,20,4,116,0,8,41,2,51,65,35,61,6,167,0,0,0,167
01/28/2020,FAT,CA,AWP,WE,Combined TRACON& Tower with Radar,56,27,34,7,124,0,2,54,8,64,56,29,88,15,188,14,0,14,202
01/29/2020,FAT,CA,AWP,WE,Combined TRACON& Tower with Radar,55,32,41,12,140,0,3,38,1,42,55,35,79,13,182,94,6,100,282
01/30/2020,FAT,CA,AWP,WE,Combined TRACON& Tower with Radar,60,31,36,11,138,0,6,76,4,86,60,37,112,15,224,44,0,44,268
01/31/2020,FAT,CA,AWP,WE,Combined TRACON& Tower with Radar,61,26,38,9,134,0,3,71,2,76,61,29,109,11,210,42,18,60,270
02/01/2020,FAT,CA,AWP,WE,Combined TRACON& Tower with Radar,51,21,18,2,92,0,10,64,0,74,51,31,82,2,166,58,0,58,224
02/02/2020,FAT,CA,AWP,WE,Combined TRACON& Tower with Radar,51,23,15,2,91,0,5,27,0,32,51,28,42,2,123,12,0,12,135
02/03/2020,FAT,CA,AWP,WE,Combined TRACON& Tower with Radar,62,22,39,9,132,0,3,52,7,62,62,25,91,16,194,50,6,56,250
02/04/2020,FAT,CA,AWP,WE,Combined TRACON& Tower with Radar,56,24,20,10,110,0,1,75,3,79,56,25,95,13,189,88,28,116,305
02/05/2020,FAT,CA,AWP,WE,Combined TRACON& Tower with Radar,55,20,23,8,106,0,8,94,6,108,55,28,117,14,214,60,10,70,284
02/06/2020,FAT,CA,AWP,WE,Combined TRACON& Tower with Radar,60,20,15,20,115,0,7,97,11,115,60,27,112,31,230,78,28,106,336
02/07/2020,FAT,CA,AWP,WE,Combined TRACON& Tower with Radar,65,23,27,4,119,0,2,79,14,95,65,25,106,18,214,58,8,66,280
02/08/2020,FAT,CA,AWP,WE,Combined TRACON& Tower with Radar,49,21,30,12,112,0,8,76,13,97,49,29,106,25,209,8,8,16,225
02/09/2020,FAT,CA,AWP,WE,Combined TRACON& Tower with Radar,55,20,21,8,104,0,3,43,6,52,55,23,64,14,156,2,18,20,176
02/10/2020,FAT,CA,AWP,WE,Combined TRACON& Tower with Radar,61,25,26,0,112,0,1,75,3,79,61,26,101,3,191,62,0,62,253
02/11/2020,FAT,CA,AWP,WE,Combined TRACON& Tower with Radar,56,21,27,10,114,0,7,86,11,104,56,28,113,21,218,90,48,138,356
02/12/2020,FAT,CA,AWP,WE,Combined TRACON& Tower with Radar,54,24,30,9,117,0,4,98,3,105,54,28,128,12,222,30,0,30,252
02/13/2020,FAT,CA,AWP,WE,Combined TRACON& Tower with Radar,62,30,31,6,129,0,4,90,19,113,62,34,121,25,242,18,18,36,278
02/14/2020,FAT,CA,AWP,WE,Combined TRACON& Tower with Radar,62,29,17,4,112,1,8,80,4,93,63,37,97,8,205,42,16,58,263
02/15/2020,FAT,CA,AWP,WE,Combined TRACON& Tower with Radar,47,23,18,0,88,0,16,77,0,93,47,39,95,0,181,16,0,16,197
02/16/2020,FAT,CA,AWP,WE,Combined TRACON& Tower with Radar,46,21,19,0,86,0,18,70,0,88,46,39,89,0,174,16,0,16,190
02/17/2020,FAT,CA,AWP,WE,Combined TRACON& Tower with Radar,65,26,17,0,108,0,1,79,0,80,65,27,96,0,188,80,0,80,268
02/18/2020,FAT,CA,AWP,WE,Combined TRACON& Tower with Radar,59,32,21,14,126,0,7,84,6,97,59,39,105,20,223,68,2,70,293
02/19/2020,FAT,CA,AWP,WE,Combined TRACON& Tower with Radar,56,27,26,9,118,0,10,88,6,104,56,37,114,15,222,52,0,52,274
02/20/2020,FAT,CA,AWP,WE,Combined TRACON& Tower with Radar,58,27,26,4,115,0,9,111,8,128,58,36,137,12,243,38,0,38,281
02/21/2020,FAT,CA,AWP,WE,Combined TRACON& Tower with Radar,62,30,13,3,108,0,9,85,9,103,62,39,98,12,211,42,2,44,255
02/22/2020,FAT,CA,AWP,WE,Combined TRACON& Tower with Radar,51,27,14,0,92,0,4,54,2,60,51,31,68,2,152,102,0,102,254
02/23/2020,FAT,CA,AWP,WE,Combined TRACON& Tower with Radar,52,25,16,0,93,0,4,51,0,55,52,29,67,0,148,22,0,22,170
02/24/2020,FAT,CA,AWP,WE,Combined TRACON& Tower with Radar,59,26,22,2,109,0,4,86,8,98,59,30,108,10,207,48,2,50,257
02/25/2020,FAT,CA,AWP,WE,Combined TRACON& Tower with Radar,57,29,25,5,116,0,9,61,13,83,57,38,86,18,199,24,20,44,243
02/26/2020,FAT,CA,AWP,WE,Combined TRACON& Tower with Radar,58,29,34,17,138,0,4,108,28,140,58,33,142,45,278,24,22,46,324
02/27/2020,FAT,CA,AWP,WE,Combined TRACON& Tower with Radar,58,30,22,6,116,0,2,99,10,111,58,32,121,16,227,108,16,124,351
02/28/2020,FAT,CA,AWP,WE,Combined TRACON& Tower with Radar,63,27,23,7,120,0,4,97,12,113,63,31,120,19,233,36,20,56,289
02/29/2020,FAT,CA,AWP,WE,Combined TRACON& Tower with Radar,47,23,24,1,95,0,10,75,0,85,47,33,99,1,180,22,0,22,202
03/01/2020,FAT,CA,AWP,WE,Combined TRACON& Tower with Radar,48,21,16,5,90,0,6,40,0,46,48,27,56,5,136,36,28,64,200
03/02/2020,FAT,CA,AWP,WE,Combined TRACON& Tower with Radar,61,29,12,12,114,0,9,86,12,107,61,38,98,24,221,22,38,60,281
03/03/2020,FAT,CA,AWP,WE,Combined TRACON& Tower with Radar,57,28,26,9,120,0,8,114,9,131,57,36,140,18,251,36,6,42,293
03/04/2020,FAT,CA,AWP,WE,Combined TRACON& Tower with Radar,55,34,25,12,126,0,9,102,10,121,55,43,127,22,247,30,0,30,277
03/05/2020,FAT,CA,AWP,WE,Combined TRACON& Tower with Radar,58,34,22,0,114,0,5,93,3,101,58,39,115,3,215,64,0,64,279
03/06/2020,FAT,CA,AWP,WE,Combined TRACON& Tower with Radar,62,33,21,8,124,0,6,86,10,102,62,39,107,18,226,38,8,46,272
03/07/2020,FAT,CA,AWP,WE,Combined TRACON& Tower with Radar,47,32,20,4,103,0,11,45,0,56,47,43,65,4,159,28,0,28,187
03/08/2020,FAT,CA,AWP,WE,Combined TRACON& Tower with Radar,49,28,24,5,106,0,4,44,1,49,49,32,68,6,155,6,0,6,161
03/09/2020,FAT,CA,AWP,WE,Combined TRACON& Tower with Radar,59,28,22,3,112,0,5,87,2,94,59,33,109,5,206,24,0,24,230
03/10/2020,FAT,CA,AWP,WE,Combined TRACON& Tower with Radar,59,34,37,2,132,0,10,41,7,58,59,44,78,9,190,58,10,68,258
03/11/2020,FAT,CA,AWP,WE,Combined TRACON& Tower with Radar,62,34,59,10,165,0,3,54,10,67,62,37,113,20,232,0,0,0,232
03/12/2020,FAT,CA,AWP,WE,Combined TRACON& Tower with Radar,57,33,21,4,115,0,7,92,8,107,57,40,113,12,222,20,0,20,242
03/13/2020,FAT,CA,AWP,WE,Combined TRACON& Tower with Radar,58,27,28,2,115,0,5,66,7,78,58,32,94,9,193,34,0,34,227
03/14/2020,FAT,CA,AWP,WE,Combined TRACON& Tower with Radar,48,24,24,0,96,0,9,33,0,42,48,33,57,0,138,0,14,14,152
03/15/2020,FAT,CA,AWP,WE,Combined TRACON& Tower with Radar,53,27,24,0,104,0,3,10,0,13,53,30,34,0,117,0,0,0,117
03/16/2020,FAT,CA,AWP,WE,Combined TRACON& Tower with Radar,58,27,17,21,123,0,2,3,1,6,58,29,20,22,129,16,2,18,147
03/17/2020,FAT,CA,AWP,WE,Combined TRACON& Tower with Radar,58,27,22,8,115,0,3,48,8,59,58,30,70,16,174,50,0,50,224
03/18/2020,FAT,CA,AWP,WE,Combined TRACON& Tower with Radar,55,23,21,24,123,0,7,71,2,80,55,30,92,26,203,20,14,34,237
03/19/2020,FAT,CA,AWP,WE,Combined TRACON& Tower with Radar,54,26,10,0,90,0,0,22,0,22,54,26,32,0,112,0,0,0,112
03/20/2020,FAT,CA,AWP,WE,Combined TRACON& Tower with Radar,53,31,22,0,106,0,6,43,0,49,53,37,65,0,155,22,0,22,177
03/21/2020,FAT,CA,AWP,WE,Combined TRACON& Tower with Radar,45,20,8,0,73,0,7,31,0,38,45,27,39,0,111,8,0,8,119
03/22/2020,FAT,CA,AWP,WE,Combined TRACON& Tower with Radar,47,22,8,0,77,0,0,25,0,25,47,22,33,0,102,34,0,34,136
03/23/2020,FAT,CA,AWP,WE,Combined TRACON& Tower with Radar,43,18,13,8,82,0,1,11,8,20,43,19,24,16,102,6,10,16,118
03/24/2020,FAT,CA,AWP,WE,Combined TRACON& Tower with Radar,42,23,10,9,84,0,3,20,8,31,42,26,30,17,115,22,0,22,137
03/25/2020,FAT,CA,AWP,WE,Combined TRACON& Tower with Radar,40,20,12,2,74,0,1,25,5,31,40,21,37,7,105,2,0,2,107
03/26/2020,FAT,CA,AWP,WE,Combined TRACON& Tower with Radar,41,17,19,2,79,0,4,39,2,45,41,21,58,4,124,0,0,0,124
03/27/2020,FAT,CA,AWP,WE,Combined TRACON& Tower with Radar,35,19,6,6,66,0,2,49,3,54,35,21,55,9,120,0,0,0,120
03/28/2020,FAT,CA,AWP,WE,Combined TRACON& Tower with Radar,31,15,10,0,56,0,4,24,4,32,31,19,34,4,88,38,0,38,126
03/29/2020,FAT,CA,AWP,WE,Combined TRACON& Tower with Radar,27,14,21,3,65,0,4,15,0,19,27,18,36,3,84,0,0,0,84
03/30/2020,FAT,CA,AWP,WE,Combined TRACON& Tower with Radar,27,19,11,4,61,0,10,32,5,47,27,29,43,9,108,0,0,0,108
03/31/2020,FAT,CA,AWP,WE,Combined TRACON& Tower with Radar,35,27,8,6,76,0,6,40,3,49,35,33,48,9,125,0,0,0,125
04/01/2020,FAT,CA,AWP,WE,Combined TRACON& Tower with Radar,26,11,11,2,50,0,10,33,9,52,26,21,44,11,102,10,6,16,118
04/02/2020,FAT,CA,AWP,WE,Combined TRACON& Tower with Radar,31,7,15,7,60,0,5,43,4,52,31,12,58,11,112,26,0,26,138
04/03/2020,FAT,CA,AWP,WE,Combined TRACON& Tower with Radar,26,13,6,7,52,0,3,52,7,62,26,16,58,14,114,0,26,26,140
04/04/2020,FAT,CA,AWP,WE,Combined TRACON& Tower with Radar,26,10,5,8,49,0,12,29,4,45,26,22,34,12,94,4,0,4,98
04/05/2020,FAT,CA,AWP,WE,Combined TRACON& Tower with Radar,23,12,20,7,62,0,4,0,3,7,23,16,20,10,69,0,4,4,73
04/06/2020,FAT,CA,AWP,WE,Combined TRACON& Tower with Radar,27,16,8,0,51,0,1,17,3,21,27,17,25,3,72,0,32,32,104
04/07/2020,FAT,CA,AWP,WE,Combined TRACON& Tower with Radar,28,19,28,17,92,0,3,31,7,41,28,22,59,24,133,38,24,62,195
04/08/2020,FAT,CA,AWP,WE,Combined TRACON& Tower with Radar,29,12,21,3,65,0,1,20,2,23,29,13,41,5,88,62,4,66,154
04/09/2020,FAT,CA,AWP,WE,Combined TRACON& Tower with Radar,35,15,8,0,58,0,1,27,0,28,35,16,35,0,86,0,0,0,86
04/10/2020,FAT,CA,AWP,WE,Combined TRACON& Tower with Radar,25,9,11,6,51,0,8,43,2,53,25,17,54,8,104,4,28,32,136
04/11/2020,FAT,CA,AWP,WE,Combined TRACON& Tower with Radar,20,7,21,0,48,0,6,34,0,40,20,13,55,0,88,18,0,18,106
04/12/2020,FAT,CA,AWP,WE,Combined TRACON& Tower with Radar,14,1,7,0,22,0,4,31,0,35,14,5,38,0,57,18,0,18,75
04/13/2020,FAT,CA,AWP,WE,Combined TRACON& Tower with Radar,24,4,12,6,46,0,7,34,1,42,24,11,46,7,88,0,0,0,88
04/14/2020,FAT,CA,AWP,WE,Combined TRACON& Tower with Radar,21,7,4,27,59,0,6,42,12,60,21,13,46,39,119,0,26,26,145
04/15/2020,FAT,CA,AWP,WE,Combined TRACON& Tower with Radar,20,6,6,18,50,0,2,58,11,71,20,8,64,29,121,0,0,0,121
04/16/2020,FAT,CA,AWP,WE,Combined TRACON& Tower with Radar,20,7,16,18,61,0,5,42,24,71,20,12,58,42,132,30,70,100,232
04/17/2020,FAT,CA,AWP,WE,Combined TRACON& Tower with Radar,22,6,11,3,42,0,3,28,10,41,22,9,39,13,83,0,0,0,83
04/18/2020,FAT,CA,AWP,WE,Combined TRACON& Tower with Radar,17,8,22,0,47,0,7,33,0,40,17,15,55,0,87,4,0,4,91
04/19/2020,FAT,CA,AWP,WE,Combined TRACON& Tower with Radar,16,4,12,0,32,0,6,34,2,42,16,10,46,2,74,0,0,0,74
04/20/2020,FAT,CA,AWP,WE,Combined TRACON& Tower with Radar,18,4,9,5,36,0,2,21,4,27,18,6,30,9,63,10,20,30,93
04/21/2020,FAT,CA,AWP,WE,Combined TRACON& Tower with Radar,19,6,16,12,53,0,7,49,6,62,19,13,65,18,115,18,0,18,133
04/22/2020,FAT,CA,AWP,WE,Combined TRACON& Tower with Radar,21,7,11,15,54,0,6,67,5,78,21,13,78,20,132,42,32,74,206
04/23/2020,FAT,CA,AWP,WE,Combined TRACON& Tower with Radar,20,7,11,2,40,0,6,77,4,87,20,13,88,6,127,66,10,76,203
04/24/2020,FAT,CA,AWP,WE,Combined TRACON& Tower with Radar,19,7,22,0,48,0,10,81,0,91,19,17,103,0,139,28,0,28,167
04/25/2020,FAT,CA,AWP,WE,Combined TRACON& Tower with Radar,15,4,8,3,30,0,16,54,7,77,15,20,62,10,107,12,10,22,129
04/26/2020,FAT,CA,AWP,WE,Combined TRACON& Tower with Radar,14,4,20,0,38,0,6,57,0,63,14,10,77,0,101,14,0,14,115
04/27/2020,FAT,CA,AWP,WE,Combined TRACON& Tower with Radar,19,4,11,18,52,0,6,51,8,65,19,10,62,26,117,14,12,26,143
04/28/2020,FAT,CA,AWP,WE,Combined TRACON& Tower with Radar,18,7,26,8,59,0,8,50,7,65,18,15,76,15,124,4,8,12,136
04/29/2020,FAT,CA,AWP,WE,Combined TRACON& Tower with Radar,19,5,26,0,50,0,11,76,7,94,19,16,102,7,144,6,0,6,150
04/30/2020,FAT,CA,AWP,WE,Combined TRACON& Tower with Radar,19,5,19,3,46,0,13,56,3,72,19,18,75,6,118,0,0,0,118
05/01/2020,FAT,CA,AWP,WE,Combined TRACON& Tower with Radar,25,7,13,12,57,0,9,54,10,73,25,16,67,22,130,0,0,0,130
05/02/2020,FAT,CA,AWP,WE,Combined TRACON& Tower with Radar,12,9,12,5,38,0,10,69,19,98,12,19,81,24,136,16,0,16,152
05/03/2020,FAT,CA,AWP,WE,Combined TRACON& Tower with Radar,20,7,15,6,48,0,1,54,3,58,20,8,69,9,106,6,0,6,112
05/04/2020,FAT,CA,AWP,WE,Combined TRACON& Tower with Radar,17,7,13,0,37,0,3,57,1,61,17,10,70,1,98,28,0,28,126
05/05/2020,FAT,CA,AWP,WE,Combined TRACON& Tower with Radar,19,8,16,3,46,0,4,57,7,68,19,12,73,10,114,12,10,22,136
05/06/2020,FAT,CA,AWP,WE,Combined TRACON& Tower with Radar,15,15,11,9,50,0,6,64,3,73,15,21,75,12,123,36,0,36,159
05/07/2020,FAT,CA,AWP,WE,Combined TRACON& Tower with Radar,21,8,11,11,51,0,7,63,14,84,21,15,74,25,135,26,46,72,207
05/08/2020,FAT,CA,AWP,WE,Combined TRACON& Tower with Radar,18,9,11,10,48,0,8,90,7,105,18,17,101,17,153,22,6,28,181
05/09/2020,FAT,CA,AWP,WE,Combined TRACON& Tower with Radar,16,8,13,0,37,0,9,44,0,53,16,17,57,0,90,44,6,50,140
05/10/2020,FAT,CA,AWP,WE,Combined TRACON& Tower with Radar,13,10,8,0,31,0,3,44,0,47,13,13,52,0,78,12,0,12,90
05/11/2020,FAT,CA,AWP,WE,Combined TRACON& Tower with Radar,19,11,20,0,50,0,5,51,2,58,19,16,71,2,108,18,22,40,148
05/12/2020,FAT,CA,AWP,WE,Combined TRACON& Tower with Radar,16,12,20,11,59,0,7,58,3,68,16,19,78,14,127,12,0,12,139
05/13/2020,FAT,CA,AWP,WE,Combined TRACON& Tower with Radar,16,15,19,1,51,0,3,48,7,58,16,18,67,8,109,0,0,0,109
05/14/2020,FAT,CA,AWP,WE,Combined TRACON& Tower with Radar,22,18,16,9,65,0,9,56,12,77,22,27,72,21,142,10,0,10,152
05/15/2020,FAT,CA,AWP,WE,Combined TRACON& Tower with Radar,16,13,18,7,54,0,4,81,8,93,16,17,99,15,147,32,0,32,179
05/16/2020,FAT,CA,AWP,WE,Combined TRACON& Tower with Radar,14,11,15,0,40,0,6,58,0,64,14,17,73,0,104,0,0,0,104
05/17/2020,FAT,CA,AWP,WE,Combined TRACON& Tower with Radar,14,10,17,0,41,0,1,54,0,55,14,11,71,0,96,0,0,0,96
05/18/2020,FAT,CA,AWP,WE,Combined TRACON& Tower with Radar,14,11,7,0,32,0,3,16,0,19,14,14,23,0,51,30,0,30,81
05/19/2020,FAT,CA,AWP,WE,Combined TRACON& Tower with Radar,18,15,31,25,89,0,4,69,15,88,18,19,100,40,177,22,50,72,249
05/20/2020,FAT,CA,AWP,WE,Combined TRACON& Tower with Radar,19,10,28,1,58,0,3,82,3,88,19,13,110,4,146,48,16,64,210
05/21/2020,FAT,CA,AWP,WE,Combined TRACON& Tower with Radar,25,12,19,17,73,0,7,68,15,90,25,19,87,32,163,0,0,0,163
05/22/2020,FAT,CA,AWP,WE,Combined TRACON& Tower with Radar,20,11,25,3,59,0,4,65,0,69,20,15,90,3,128,0,0,0,128
05/23/2020,FAT,CA,AWP,WE,Combined TRACON& Tower with Radar,14,8,25,0,47,0,8,70,2,80,14,16,95,2,127,0,0,0,127
05/24/2020,FAT,CA,AWP,WE,Combined TRACON& Tower with Radar,15,9,14,0,38,0,8,65,0,73,15,17,79,0,111,0,0,0,111
05/25/2020,FAT,CA,AWP,WE,Combined TRACON& Tower with Radar,15,11,13,0,39,0,8,63,0,71,15,19,76,0,110,0,0,0,110
05/26/2020,FAT,CA,AWP,WE,Combined TRACON& Tower with Radar,15,8,15,14,52,0,3,68,10,81,15,11,83,24,133,0,0,0,133
05/27/2020,FAT,CA,AWP,WE,Combined TRACON& Tower with Radar,20,11,22,10,63,0,6,71,5,82,20,17,93,15,145,0,0,0,145
05/28/2020,FAT,CA,AWP,WE,Combined TRACON& Tower with Radar,23,8,21,6,58,0,3,73,9,85,23,11,94,15,143,0,0,0,143
05/29/2020,FAT,CA,AWP,WE,Combined TRACON& Tower with Radar,18,12,27,7,64,0,4,66,6,76,18,16,93,13,140,0,0,0,140
05/30/2020,FAT,CA,AWP,WE,Combined TRACON& Tower with Radar,12,12,17,1,42,0,8,57,1,66,12,20,74,2,108,0,0,0,108
05/31/2020,FAT,CA,AWP,WE,Combined TRACON& Tower with Radar,14,8,16,0,38,0,4,72,3,79,14,12,88,3,117,0,0,0,117
06/01/2020,FAT,CA,AWP,WE,Combined TRACON& Tower with Radar,19,10,20,1,50,0,7,53,16,76,19,17,73,17,126,0,2,2,128
06/02/2020,FAT,CA,AWP,WE,Combined TRACON& Tower with Radar,21,11,11,8,51,0,6,55,8,69,21,17,66,16,120,50,0,50,170
06/03/2020,FAT,CA,AWP,WE,Combined TRACON& Tower with Radar,22,9,11,3,45,0,6,74,18,98,22,15,85,21,143,28,0,28,171
06/04/2020,FAT,CA,AWP,WE,Combined TRACON& Tower with Radar,31,8,9,11,59,0,4,56,17,77,31,12,65,28,136,36,2,38,174
06/05/2020,FAT,CA,AWP,WE,Combined TRACON& Tower with Radar,27,10,22,15,74,0,10,73,3,86,27,20,95,18,160,22,12,34,194
06/06/2020,FAT,CA,AWP,WE,Combined TRACON& Tower with Radar,22,10,12,9,53,0,15,55,13,83,22,25,67,22,136,88,2,90,226
06/07/2020,FAT,CA,AWP,WE,Combined TRACON& Tower with Radar,22,8,15,0,45,0,1,37,8,46,22,9,52,8,91,0,0,0,91
06/08/2020,FAT,CA,AWP,WE,Combined TRACON& Tower with Radar,24,5,15,5,49,0,3,54,11,68,24,8,69,16,117,22,0,22,139
06/09/2020,FAT,CA,AWP,WE,Combined TRACON& Tower with Radar,25,6,17,12,60,0,7,90,9,106,25,13,107,21,166,30,10,40,206
06/10/2020,FAT,CA,AWP,WE,Combined TRACON& Tower with Radar,26,6,24,6,62,0,15,73,22,110,26,21,97,28,172,10,0,10,182
06/11/2020,FAT,CA,AWP,WE,Combined TRACON& Tower with Radar,35,16,22,6,79,0,8,86,16,110,35,24,108,22,189,28,0,28,217
06/12/2020,FAT,CA,AWP,WE,Combined TRACON& Tower with Radar,27,5,28,17,77,3,15,85,29,132,30,20,113,46,209,4,0,4,213
06/13/2020,FAT,CA,AWP,WE,Combined TRACON& Tower with Radar,23,10,26,0,59,0,15,72,2,89,23,25,98,2,148,24,0,24,172
06/14/2020,FAT,CA,AWP,WE,Combined TRACON& Tower with Radar,21,17,22,0,60,0,8,66,0,74,21,25,88,0,134,32,0,32,166
06/15/2020,FAT,CA,AWP,WE,Combined TRACON& Tower with Radar,23,8,17,7,55,0,5,65,2,72,23,13,82,9,127,0,0,0,127
06/16/2020,FAT,CA,AWP,WE,Combined TRACON& Tower with Radar,25,9,47,8,89,1,14,93,8,116,26,23,140,16,205,12,0,12,217
06/17/2020,FAT,CA,AWP,WE,Combined TRACON& Tower with Radar,27,7,20,6,60,0,11,60,14,85,27,18,80,20,145,30,0,30,175
06/18/2020,FAT,CA,AWP,WE,Combined TRACON& Tower with Radar,29,16,17,15,77,0,9,78,19,106,29,25,95,34,183,46,44,90,273
06/19/2020,FAT,CA,AWP,WE,Combined TRACON& Tower with Radar,27,5,37,3,72,0,9,85,16,110,27,14,122,19,182,20,20,40,222
06/20/2020,FAT,CA,AWP,WE,Combined TRACON& Tower with Radar,23,8,19,2,52,1,14,48,3,66,24,22,67,5,118,44,0,44,162
06/21/2020,FAT,CA,AWP,WE,Combined TRACON& Tower with Radar,21,15,23,0,59,0,8,49,8,65,21,23,72,8,124,40,0,40,164
06/22/2020,FAT,CA,AWP,WE,Combined TRACON& Tower with Radar,24,8,21,2,55,0,7,46,12,65,24,15,67,14,120,12,10,22,142
06/23/2020,FAT,CA,AWP,WE,Combined TRACON& Tower with Radar,25,8,24,11,68,2,7,81,36,126,27,15,105,47,194,18,12,30,224
06/24/2020,FAT,CA,AWP,WE,Combined TRACON& Tower with Radar,26,10,26,7,69,0,7,79,5,91,26,17,105,12,160,36,4,40,200
06/25/2020,FAT,CA,AWP,WE,Combined TRACON& Tower with Radar,29,10,12,4,55,0,12,85,16,113,29,22,97,20,168,46,8,54,222
06/26/2020,FAT,CA,AWP,WE,Combined TRACON& Tower with Radar,28,8,18,2,56,0,10,76,16,102,28,18,94,18,158,24,2,26,184
06/27/2020,FAT,CA,AWP,WE,Combined TRACON& Tower with Radar,22,13,20,0,55,0,9,63,0,72,22,22,83,0,127,0,0,0,127
06/28/2020,FAT,CA,AWP,WE,Combined TRACON& Tower with Radar,22,11,12,0,45,0,6,50,3,59,22,17,62,3,104,22,0,22,126
06/29/2020,FAT,CA,AWP,WE,Combined TRACON& Tower with Radar,25,8,21,20,74,0,9,59,11,79,25,17,80,31,153,0,0,0,153
06/30/2020,FAT,CA,AWP,WE,Combined TRACON& Tower with Radar,25,6,18,13,62,0,7,79,18,104,25,13,97,31,166,34,20,54,220
07/01/2020,FAT,CA,AWP,WE,Combined TRACON& Tower with Radar,27,11,28,8,74,0,7,83,16,106,27,18,111,24,180,14,20,34,214
07/02/2020,FAT,CA,AWP,WE,Combined TRACON& Tower with Radar,41,14,38,7,100,0,7,86,5,98,41,21,124,12,198,30,38,68,266
07/03/2020,FAT,CA,AWP,WE,Combined TRACON& Tower with Radar,34,4,18,0,56,0,7,77,4,88,34,11,95,4,144,22,10,32,176
07/04/2020,FAT,CA,AWP,WE,Combined TRACON& Tower with Radar,26,8,11,0,45,0,5,40,0,45,26,13,51,0,90,18,0,18,108
07/05/2020,FAT,CA,AWP,WE,Combined TRACON& Tower with Radar,32,11,25,0,68,0,6,74,19,99,32,17,99,19,167,40,0,40,207
07/06/2020,FAT,CA,AWP,WE,Combined TRACON& Tower with Radar,34,14,13,10,71,0,5,64,19,88,34,19,77,29,159,116,0,116,275
07/07/2020,FAT,CA,AWP,WE,Combined TRACON& Tower with Radar,36,11,28,14,89,0,7,66,16,89,36,18,94,30,178,0,0,0,178
07/08/2020,FAT,CA,AWP,WE,Combined TRACON& Tower with Radar,36,14,15,34,99,0,9,74,12,95,36,23,89,46,194,0,0,0,194
07/09/2020,FAT,CA,AWP,WE,Combined TRACON& Tower with Radar,45,12,18,33,108,0,7,86,12,105,45,19,104,45,213,0,6,6,219
07/10/2020,FAT,CA,AWP,WE,Combined TRACON& Tower with Radar,40,15,25,11,91,0,6,83,10,99,40,21,108,21,190,12,0,12,202
07/11/2020,FAT,CA,AWP,WE,Combined TRACON& Tower with Radar,31,13,18,0,62,0,11,84,23,118,31,24,102,23,180,0,0,0,180
07/12/2020,FAT,CA,AWP,WE,Combined TRACON& Tower with Radar,36,14,19,0,69,0,4,72,5,81,36,18,91,5,150,14,0,14,164
07/13/2020,FAT,CA,AWP,WE,Combined TRACON& Tower with Radar,38,8,30,25,101,0,4,60,10,74,38,12,90,35,175,40,8,48,223
07/14/2020,FAT,CA,AWP,WE,Combined TRACON& Tower with Radar,37,12,21,6,76,0,9,78,19,106,37,21,99,25,182,4,20,24,206
07/15/2020,FAT,CA,AWP,WE,Combined TRACON& Tower with Radar,37,9,18,5,69,0,9,86,29,124,37,18,104,34,193,68,4,72,265
07/16/2020,FAT,CA,AWP,WE,Combined TRACON& Tower with Radar,45,17,18,7,87,0,5,80,25,110,45,22,98,32,197,12,6,18,215
07/17/2020,FAT,CA,AWP,WE,Combined TRACON& Tower with Radar,38,12,33,5,88,1,4,89,3,97,39,16,122,8,185,2,0,2,187
07/18/2020,FAT,CA,AWP,WE,Combined TRACON& Tower with Radar,33,11,21,0,65,0,12,55,7,74,33,23,76,7,139,32,0,32,171
07/19/2020,FAT,CA,AWP,WE,Combined TRACON& Tower with Radar,35,9,14,0,58,1,5,67,4,77,36,14,81,4,135,6,0,6,141
07/20/2020,FAT,CA,AWP,WE,Combined TRACON& Tower with Radar,37,10,23,0,70,0,7,76,17,100,37,17,99,17,170,34,4,38,208
07/21/2020,FAT,CA,AWP,WE,Combined TRACON& Tower with Radar,36,10,24,6,76,0,9,69,17,95,36,19,93,23,171,22,0,22,193
07/22/2020,FAT,CA,AWP,WE,Combined TRACON& Tower with Radar,37,13,19,8,77,0,6,97,65,168,37,19,116,73,245,8,0,8,253
07/23/2020,FAT,CA,AWP,WE,Combined TRACON& Tower with Radar,41,14,20,6,81,0,5,113,8,126,41,19,133,14,207,22,0,22,229
07/24/2020,FAT,CA,AWP,WE,Combined TRACON& Tower with Radar,39,18,26,1,84,0,4,94,12,110,39,22,120,13,194,36,0,36,230
07/25/2020,FAT,CA,AWP,WE,Combined TRACON& Tower with Radar,33,14,16,0,63,0,17,69,2,88,33,31,85,2,151,30,0,30,181
07/26/2020,FAT,CA,AWP,WE,Combined TRACON& Tower with Radar,35,17,15,0,67,0,10,69,3,82,35,27,84,3,149,0,0,0,149
07/27/2020,FAT,CA,AWP,WE,Combined TRACON& Tower with Radar,37,11,12,7,67,0,3,62,5,70,37,14,74,12,137,0,0,0,137
07/28/2020,FAT,CA,AWP,WE,Combined TRACON& Tower with Radar,36,10,23,21,90,0,5,78,27,110,36,15,101,48,200,38,8,46,246
07/29/2020,FAT,CA,AWP,WE,Combined TRACON& Tower with Radar,34,15,19,4,72,0,6,87,16,109,34,21,106,20,181,10,0,10,191
07/30/2020,FAT,CA,AWP,WE,Combined TRACON& Tower with Radar,46,12,17,11,86,0,7,67,13,87,46,19,84,24,173,0,0,0,173
07/31/2020,FAT,CA,AWP,WE,Combined TRACON& Tower with Radar,44,21,13,6,84,0,12,68,11,91,44,33,81,17,175,0,0,0,175
08/01/2020,FAT,CA,AWP,WE,Combined TRACON& Tower with Radar,35,15,21,4,75,0,15,61,8,84,35,30,82,12,159,14,0,14,173
08/02/2020,FAT,CA,AWP,WE,Combined TRACON& Tower with Radar,36,11,22,0,69,0,6,58,1,65,36,17,80,1,134,26,0,26,160
08/03/2020,FAT,CA,AWP,WE,Combined TRACON& Tower with Radar,41,15,24,2,82,0,8,70,39,117,41,23,94,41,199,28,0,28,227
08/04/2020,FAT,CA,AWP,WE,Combined TRACON& Tower with Radar,34,21,9,13,77,0,4,89,11,104,34,25,98,24,181,66,10,76,257
08/05/2020,FAT,CA,AWP,WE,Combined TRACON& Tower with Radar,39,21,24,11,95,0,5,99,77,181,39,26,123,88,276,16,8,24,300
08/06/2020,FAT,CA,AWP,WE,Combined TRACON& Tower with Radar,42,18,24,10,94,3,9,104,29,145,45,27,128,39,239,6,0,6,245
08/07/2020,FAT,CA,AWP,WE,Combined TRACON& Tower with Radar,45,14,22,1,82,1,12,110,13,136,46,26,132,14,218,52,0,52,270
08/08/2020,FAT,CA,AWP,WE,Combined TRACON& Tower with Radar,36,10,13,0,59,0,14,70,1,85,36,24,83,1,144,10,0,10,154
08/09/2020,FAT,CA,AWP,WE,Combined TRACON& Tower with Radar,36,15,27,0,78,0,3,57,2,62,36,18,84,2,140,0,0,0,140
08/10/2020,FAT,CA,AWP,WE,Combined TRACON& Tower with Radar,37,14,17,2,70,0,5,62,1,68,37,19,79,3,138,6,0,6,144
08/11/2020,FAT,CA,AWP,WE,Combined TRACON& Tower with Radar,36,21,22,9,88,0,6,80,25,111,36,27,102,34,199,28,16,44,243
08/12/2020,FAT,CA,AWP,WE,Combined TRACON& Tower with Radar,37,14,25,19,95,0,7,95,12,114,37,21,120,31,209,36,16,52,261
08/13/2020,FAT,CA,AWP,WE,Combined TRACON& Tower with Radar,40,11,18,13,82,0,11,96,16,123,40,22,114,29,205,62,6,68,273
08/14/2020,FAT,CA,AWP,WE,Combined TRACON& Tower with Radar,40,15,26,2,83,0,14,68,6,88,40,29,94,8,171,18,0,18,189
08/15/2020,FAT,CA,AWP,WE,Combined TRACON& Tower with Radar,34,15,21,1,71,0,14,58,9,81,34,29,79,10,152,30,0,30,182
08/16/2020,FAT,CA,AWP,WE,Combined TRACON& Tower with Radar,36,22,23,1,82,1,10,48,13,72,37,32,71,14,154,0,0,0,154
08/17/2020,FAT,CA,AWP,WE,Combined TRACON& Tower with Radar,39,13,9,2,63,1,6,59,6,72,40,19,68,8,135,0,0,0,135
08/18/2020,FAT,CA,AWP,WE,Combined TRACON& Tower with Radar,32,10,14,17,73,1,10,57,20,88,33,20,71,37,161,30,22,52,213
08/19/2020,FAT,CA,AWP,WE,Combined TRACON& Tower with Radar,37,13,16,14,80,0,7,43,14,64,37,20,59,28,144,0,0,0,144
08/20/2020,FAT,CA,AWP,WE,Combined TRACON& Tower with Radar,39,21,27,13,100,0,1,36,9,46,39,22,63,22,146,0,0,0,146
08/21/2020,FAT,CA,AWP,WE,Combined TRACON& Tower with Radar,40,13,43,19,115,0,2,6,2,10,40,15,49,21,125,0,0,0,125
08/22/2020,FAT,CA,AWP,WE,Combined TRACON& Tower with Radar,29,22,20,7,78,0,0,0,1,1,29,22,20,8,79,0,0,0,79
08/23/2020,FAT,CA,AWP,WE,Combined TRACON& Tower with Radar,33,14,32,4,83,0,1,0,0,1,33,15,32,4,84,0,0,0,84
08/24/2020,FAT,CA,AWP,WE,Combined TRACON& Tower with Radar,38,18,32,24,112,0,1,6,0,7,38,19,38,24,119,0,0,0,119
08/25/2020,FAT,CA,AWP,WE,Combined TRACON& Tower with Radar,31,20,25,15,91,0,1,40,14,55,31,21,65,29,146,4,30,34,180
08/26/2020,FAT,CA,AWP,WE,Combined TRACON& Tower with Radar,35,26,24,7,92,0,3,36,10,49,35,29,60,17,141,0,0,0,141
08/27/2020,FAT,CA,AWP,WE,Combined TRACON& Tower with Radar,41,17,28,7,93,0,7,67,10,84,41,24,95,17,177,0,0,0,177
08/28/2020,FAT,CA,AWP,WE,Combined TRACON& Tower with Radar,39,19,28,7,93,0,6,72,27,105,39,25,100,34,198,20,0,20,218
08/29/2020,FAT,CA,AWP,WE,Combined TRACON& Tower with Radar,29,16,28,0,73,0,8,55,5,68,29,24,83,5,141,0,0,0,141
08/30/2020,FAT,CA,AWP,WE,Combined TRACON& Tower with Radar,33,12,15,3,63,0,10,62,10,82,33,22,77,13,145,0,0,0,145
08/31/2020,FAT,CA,AWP,WE,Combined TRACON& Tower with Radar,37,22,15,8,82,0,6,50,16,72,37,28,65,24,154,36,20,56,210
09/01/2020,FAT,CA,AWP,WE,Combined TRACON& Tower with Radar,39,11,24,23,97,0,3,63,8,74,39,14,87,31,171,46,20,66,237
09/02/2020,FAT,CA,AWP,WE,Combined TRACON& Tower with Radar,38,16,26,21,101,0,2,66,20,88,38,18,92,41,189,0,10,10,199
09/03/2020,FAT,CA,AWP,WE,Combined TRACON& Tower with Radar,43,13,26,10,92,0,7,78,13,98,43,20,104,23,190,4,12,16,206
09/04/2020,FAT,CA,AWP,WE,Combined TRACON& Tower with Radar,43,12,21,4,80,0,7,80,16,103,43,19,101,20,183,106,0,106,289
09/05/2020,FAT,CA,AWP,WE,Combined TRACON& Tower with Radar,31,7,30,1,69,1,10,54,95,160,32,17,84,96,229,1,0,1,230
09/06/2020,FAT,CA,AWP,WE,Combined TRACON& Tower with Radar,33,10,13,0,56,0,9,37,16,62,33,19,50,16,118,2,0,2,120
09/07/2020,FAT,CA,AWP,WE,Combined TRACON& Tower with Radar,41,20,28,11,100,0,5,50,52,107,41,25,78,63,207,0,0,0,207
09/08/2020,FAT,CA,AWP,WE,Combined TRACON& Tower with Radar,34,12,26,6,78,0,3,38,41,82,34,15,64,47,160,36,0,36,196
09/09/2020,FAT,CA,AWP,WE,Combined TRACON& Tower with Radar,44,22,32,17,115,1,2,38,101,142,45,24,70,118,257,8,0,8,265
09/10/2020,FAT,CA,AWP,WE,Combined TRACON& Tower with Radar,49,14,32,13,108,0,2,38,20,60,49,16,70,33,168,40,2,42,210
09/11/2020,FAT,CA,AWP,WE,Combined TRACON& Tower with Radar,48,16,32,14,110,0,3,37,14,54,48,19,69,28,164,16,24,40,204
09/12/2020,FAT,CA,AWP,WE,Combined TRACON& Tower with Radar,37,17,27,24,105,0,1,22,8,31,37,18,49,32,136,0,0,0,136
09/13/2020,FAT,CA,AWP,WE,Combined TRACON& Tower with Radar,41,10,47,35,133,0,0,1,1,2,41,10,48,36,135,0,0,0,135
09/14/2020,FAT,CA,AWP,WE,Combined TRACON& Tower with Radar,47,14,41,23,125,0,0,1,1,2,47,14,42,24,127,0,0,0,127
09/15/2020,FAT,CA,AWP,WE,Combined TRACON& Tower with Radar,38,12,75,24,149,0,0,7,1,8,38,12,82,25,157,0,0,0,157
09/16/2020,FAT,CA,AWP,WE,Combined TRACON& Tower with Radar,43,12,52,24,131,0,0,2,1,3,43,12,54,25,134,0,0,0,134
09/17/2020,FAT,CA,AWP,WE,Combined TRACON& Tower with Radar,47,15,40,21,123,0,2,24,5,31,47,17,64,26,154,2,0,2,156
09/18/2020,FAT,CA,AWP,WE,Combined TRACON& Tower with Radar,45,12,34,10,101,2,10,61,13,86,47,22,95,23,187,40,0,40,227
09/19/2020,FAT,CA,AWP,WE,Combined TRACON& Tower with Radar,39,14,20,0,73,0,13,85,15,113,39,27,105,15,186,40,0,40,226
09/20/2020,FAT,CA,AWP,WE,Combined TRACON& Tower with Radar,41,14,29,1,85,0,6,76,20,102,41,20,105,21,187,24,0,24,211
09/21/2020,FAT,CA,AWP,WE,Combined TRACON& Tower with Radar,47,13,22,5,87,0,7,77,31,115,47,20,99,36,202,24,0,24,226
09/22/2020,FAT,CA,AWP,WE,Combined TRACON& Tower with Radar,39,17,31,8,95,0,11,73,56,140,39,28,104,64,235,18,4,22,257
09/23/2020,FAT,CA,AWP,WE,Combined TRACON& Tower with Radar,45,14,20,8,87,0,10,106,19,135,45,24,126,27,222,66,0,66,288
09/24/2020,FAT,CA,AWP,WE,Combined TRACON& Tower with Radar,48,10,18,12,88,0,4,93,20,117,48,14,111,32,205,8,0,8,213
09/25/2020,FAT,CA,AWP,WE,Combined TRACON& Tower with Radar,47,10,14,7,78,0,13,89,23,125,47,23,103,30,203,30,0,30,233
09/26/2020,FAT,CA,AWP,WE,Combined TRACON& Tower with Radar,36,9,28,4,77,0,6,85,14,105,36,15,113,18,182,10,0,10,192
09/27/2020,FAT,CA,AWP,WE,Combined TRACON& Tower with Radar,44,8,19,2,73,1,0,59,16,76,45,8,78,18,149,0,0,0,149
09/28/2020,FAT,CA,AWP,WE,Combined TRACON& Tower with Radar,45,8,20,2,75,0,6,64,13,83,45,14,84,15,158,26,0,26,184
09/29/2020,FAT,CA,AWP,WE,Combined TRACON& Tower with Radar,37,7,17,11,72,0,5,72,14,91,37,12,89,25,163,10,0,10,173
09/30/2020,FAT,CA,AWP,WE,Combined TRACON& Tower with Radar,45,17,26,10,98,0,9,68,8,85,45,26,94,18,183,0,0,0,183
10/01/2020,FAT,CA,AWP,WE,Combined TRACON& Tower with Radar,48,18,28,20,114,0,8,69,18,95,48,26,97,38,209,24,4,28,237
10/02/2020,FAT,CA,AWP,WE,Combined TRACON& Tower with Radar,46,19,25,6,96,0,5,46,10,61,46,24,71,16,157,4,0,4,161
10/03/2020,FAT,CA,AWP,WE,Combined TRACON& Tower with Radar,39,25,21,8,93,0,3,24,3,30,39,28,45,11,123,6,0,6,129
10/04/2020,FAT,CA,AWP,WE,Combined TRACON& Tower with Radar,45,21,13,3,82,0,5,27,2,34,45,26,40,5,116,40,0,40,156
10/05/2020,FAT,CA,AWP,WE,Combined TRACON& Tower with Radar,61,16,15,4,96,0,1,40,4,45,61,17,55,8,141,16,0,16,157
10/06/2020,FAT,CA,AWP,WE,Combined TRACON& Tower with Radar,41,14,33,13,101,0,2,42,7,51,41,16,75,20,152,0,4,4,156
10/07/2020,FAT,CA,AWP,WE,Combined TRACON& Tower with Radar,43,12,30,19,104,0,5,45,6,56,43,17,75,25,160,0,0,0,160
10/08/2020,FAT,CA,AWP,WE,Combined TRACON& Tower with Radar,48,18,26,15,107,0,5,69,9,83,48,23,95,24,190,0,4,4,194
10/09/2020,FAT,CA,AWP,WE,Combined TRACON& Tower with Radar,48,19,27,2,96,0,8,114,10,132,48,27,141,12,228,22,0,22,250
10/10/2020,FAT,CA,AWP,WE,Combined TRACON& Tower with Radar,38,13,26,0,77,0,12,71,11,94,38,25,97,11,171,10,0,10,181
10/11/2020,FAT,CA,AWP,WE,Combined TRACON& Tower with Radar,44,15,16,0,75,0,12,80,3,95,44,27,96,3,170,22,0,22,192
10/12/2020,FAT,CA,AWP,WE,Combined TRACON& Tower with Radar,48,13,17,0,78,0,8,87,6,101,48,21,104,6,179,30,0,30,209
10/13/2020,FAT,CA,AWP,WE,Combined TRACON& Tower with Radar,42,12,13,12,79,0,7,92,11,110,42,19,105,23,189,36,0,36,225
10/14/2020,FAT,CA,AWP,WE,Combined TRACON& Tower with Radar,46,15,14,13,88,0,7,115,11,133,46,22,129,24,221,16,6,22,243
10/15/2020,FAT,CA,AWP,WE,Combined TRACON& Tower with Radar,45,19,18,12,94,0,4,122,7,133,45,23,140,19,227,20,8,28,255
10/16/2020,FAT,CA,AWP,WE,Combined TRACON& Tower with Radar,49,16,36,8,109,0,3,106,10,119,49,19,142,18,228,8,0,8,236
10/17/2020,FAT,CA,AWP,WE,Combined TRACON& Tower with Radar,37,16,19,0,72,0,7,91,11,109,37,23,110,11,181,8,0,8,189
10/18/2020,FAT,CA,AWP,WE,Combined TRACON& Tower with Radar,42,15,30,0,87,0,4,87,10,101,42,19,117,10,188,38,0,38,226
10/19/2020,FAT,CA,AWP,WE,Combined TRACON& Tower with Radar,47,18,16,2,83,0,5,83,7,95,47,23,99,9,178,0,6,6,184
10/20/2020,FAT,CA,AWP,WE,Combined TRACON& Tower with Radar,44,12,37,11,104,0,3,105,12,120,44,15,142,23,224,4,6,10,234
10/21/2020,FAT,CA,AWP,WE,Combined TRACON& Tower with Radar,44,12,25,27,108,0,3,88,11,102,44,15,113,38,210,12,34,46,256
10/22/2020,FAT,CA,AWP,WE,Combined TRACON& Tower with Radar,45,15,35,17,112,0,6,91,17,114,45,21,126,34,226,14,20,34,260
10/23/2020,FAT,CA,AWP,WE,Combined TRACON& Tower with Radar,48,20,34,6,108,0,6,120,12,138,48,26,154,18,246,14,6,20,266
10/24/2020,FAT,CA,AWP,WE,Combined TRACON& Tower with Radar,42,22,19,0,83,0,10,67,6,83,42,32,86,6,166,24,0,24,190
10/25/2020,FAT,CA,AWP,WE,Combined TRACON& Tower with Radar,43,14,24,2,83,0,5,61,4,70,43,19,85,6,153,12,0,12,165
10/26/2020,FAT,CA,AWP,WE,Combined TRACON& Tower with Radar,47,20,25,2,94,0,3,57,3,63,47,23,82,5,157,0,0,0,157
10/27/2020,FAT,CA,AWP,WE,Combined TRACON& Tower with Radar,45,8,8,4,65,0,6,95,23,124,45,14,103,27,189,8,26,34,223
10/28/2020,FAT,CA,AWP,WE,Combined TRACON& Tower with Radar,45,13,38,8,104,0,10,93,11,114,45,23,131,19,218,0,0,0,218
10/29/2020,FAT,CA,AWP,WE,Combined TRACON& Tower with Radar,47,22,24,4,97,0,15,98,11,124,47,37,122,15,221,0,0,0,221
10/30/2020,FAT,CA,AWP,WE,Combined TRACON& Tower with Radar,49,19,25,6,99,0,17,103,10,130,49,36,128,16,229,56,0,56,285
10/31/2020,FAT,CA,AWP,WE,Combined TRACON& Tower with Radar,33,16,20,3,72,0,13,59,1,73,33,29,79,4,145,80,0,80,225
11/01/2020,FAT,CA,AWP,WE,Combined TRACON& Tower with Radar,39,19,19,0,77,0,5,75,2,82,39,24,94,2,159,34,0,34,193
11/02/2020,FAT,CA,AWP,WE,Combined TRACON& Tower with Radar,51,16,25,4,96,0,5,78,5,88,51,21,103,9,184,40,0,40,224
11/03/2020,FAT,CA,AWP,WE,Combined TRACON& Tower with Radar,39,11,19,9,78,0,10,71,5,86,39,21,90,14,164,32,8,40,204
11/04/2020,FAT,CA,AWP,WE,Combined TRACON& Tower with Radar,37,21,20,2,80,0,9,89,3,101,37,30,109,5,181,4,0,4,185
11/05/2020,FAT,CA,AWP,WE,Combined TRACON& Tower with Radar,45,22,23,5,95,0,7,105,10,122,45,29,128,15,217,8,0,8,225
11/06/2020,FAT,CA,AWP,WE,Combined TRACON& Tower with Radar,42,18,16,3,79,0,6,57,2,65,42,24,73,5,144,8,0,8,152
11/07/2020,FAT,CA,AWP,WE,Combined TRACON& Tower with Radar,38,14,20,3,75,0,2,18,1,21,38,16,38,4,96,8,0,8,104
11/08/2020,FAT,CA,AWP,WE,Combined TRACON& Tower with Radar,38,15,11,3,67,0,1,21,1,23,38,16,32,4,90,36,0,36,126
11/09/2020,FAT,CA,AWP,WE,Combined TRACON& Tower with Radar,45,20,21,2,88,0,4,88,2,94,45,24,109,4,182,30,0,30,212
11/10/2020,FAT,CA,AWP,WE,Combined TRACON& Tower with Radar,38,13,19,8,78,0,10,106,8,124,38,23,125,16,202,48,0,48,250
11/11/2020,FAT,CA,AWP,WE,Combined TRACON& Tower with Radar,41,18,22,3,84,0,7,80,0,87,41,25,102,3,171,98,0,98,269
11/12/2020,FAT,CA,AWP,WE,Combined TRACON& Tower with Radar,46,14,16,3,79,0,10,86,6,102,46,24,102,9,181,124,2,126,307
11/13/2020,FAT,CA,AWP,WE,Combined TRACON& Tower with Radar,50,21,26,0,97,0,6,76,3,85,50,27,102,3,182,124,0,124,306
11/14/2020,FAT,CA,AWP,WE,Combined TRACON& Tower with Radar,44,19,13,5,81,0,7,72,2,81,44,26,85,7,162,68,0,68,230
11/15/2020,FAT,CA,AWP,WE,Combined TRACON& Tower with Radar,41,19,27,1,88,0,6,50,4,60,41,25,77,5,148,0,0,0,148
11/16/2020,FAT,CA,AWP,WE,Combined TRACON& Tower with Radar,49,24,17,0,90,0,12,59,1,72,49,36,76,1,162,0,0,0,162
11/17/2020,FAT,CA,AWP,WE,Combined TRACON& Tower with Radar,40,13,20,7,80,0,4,75,9,88,40,17,95,16,168,68,12,80,248
11/18/2020,FAT,CA,AWP,WE,Combined TRACON& Tower with Radar,42,19,41,13,115,0,2,48,3,53,42,21,89,16,168,58,8,66,234
11/19/2020,FAT,CA,AWP,WE,Combined TRACON& Tower with Radar,46,14,22,9,91,0,10,95,11,116,46,24,117,20,207,82,8,90,297
11/20/2020,FAT,CA,AWP,WE,Combined TRACON& Tower with Radar,47,12,16,6,81,0,7,85,4,96,47,19,101,10,177,96,4,100,277
11/21/2020,FAT,CA,AWP,WE,Combined TRACON& Tower with Radar,43,14,14,2,73,0,6,83,4,93,43,20,97,6,166,78,12,90,256
11/22/2020,FAT,CA,AWP,WE,Combined TRACON& Tower with Radar,42,19,22,0,83,0,4,54,2,60,42,23,76,2,143,12,0,12,155
11/23/2020,FAT,CA,AWP,WE,Combined TRACON& Tower with Radar,49,11,21,6,87,0,7,74,11,92,49,18,95,17,179,108,6,114,293
11/24/2020,FAT,CA,AWP,WE,Combined TRACON& Tower with Radar,50,22,20,7,99,0,5,80,11,96,50,27,100,18,195,58,0,58,253
11/25/2020,FAT,CA,AWP,WE,Combined TRACON& Tower with Radar,49,21,19,4,93,0,2,63,2,67,49,23,82,6,160,40,0,40,200
11/26/2020,FAT,CA,AWP,WE,Combined TRACON& Tower with Radar,30,11,1,0,42,0,3,27,0,30,30,14,28,0,72,12,0,12,84
11/27/2020,FAT,CA,AWP,WE,Combined TRACON& Tower with Radar,48,19,19,0,86,0,1,59,0,60,48,20,78,0,146,4,0,4,150
11/28/2020,FAT,CA,AWP,WE,Combined TRACON& Tower with Radar,45,17,25,0,87,0,4,55,0,59,45,21,80,0,146,0,0,0,146
11/29/2020,FAT,CA,AWP,WE,Combined TRACON& Tower with Radar,43,28,24,0,95,0,1,50,0,51,43,29,74,0,146,0,0,0,146
11/30/2020,FAT,CA,AWP,WE,Combined TRACON& Tower with Radar,52,23,14,8,97,0,5,52,12,69,52,28,66,20,166,64,0,64,230
12/01/2020,FAT,CA,AWP,WE,Combined TRACON& Tower with Radar,50,22,15,11,98,0,5,72,9,86,50,27,87,20,184,68,4,72,256
12/02/2020,FAT,CA,AWP,WE,Combined TRACON& Tower with Radar,45,19,26,16,106,0,2,71,7,80,45,21,97,23,186,48,4,52,238
12/03/2020,FAT,CA,AWP,WE,Combined TRACON& Tower with Radar,49,19,28,4,100,0,5,67,13,85,49,24,95,17,185,118,0,118,303
12/04/2020,FAT,CA,AWP,WE,Combined TRACON& Tower with Radar,50,18,22,7,97,0,7,75,7,89,50,25,97,14,186,18,4,22,208
12/05/2020,FAT,CA,AWP,WE,Combined TRACON& Tower with Radar,39,14,25,11,89,0,9,68,12,89,39,23,93,23,178,60,12,72,250
12/06/2020,FAT,CA,AWP,WE,Combined TRACON& Tower with Radar,42,20,16,0,78,0,5,63,1,69,42,25,79,1,147,42,0,42,189
12/07/2020,FAT,CA,AWP,WE,Combined TRACON& Tower with Radar,48,14,11,0,73,0,5,64,3,72,48,19,75,3,145,82,20,102,247
12/08/2020,FAT,CA,AWP,WE,Combined TRACON& Tower with Radar,45,15,9,11,80,0,3,65,11,79,45,18,74,22,159,0,0,0,159
12/09/2020,FAT,CA,AWP,WE,Combined TRACON& Tower with Radar,48,10,22,17,97,0,6,74,10,90,48,16,96,27,187,70,2,72,259
12/10/2020,FAT,CA,AWP,WE,Combined TRACON& Tower with Radar,52,17,24,7,100,0,5,87,9,101,52,22,111,16,201,58,0,58,259
12/11/2020,FAT,CA,AWP,WE,Combined TRACON& Tower with Radar,57,15,23,4,99,0,7,73,20,100,57,22,96,24,199,106,18,124,323
12/12/2020,FAT,CA,AWP,WE,Combined TRACON& Tower with Radar,42,14,19,3,78,0,2,8,0,10,42,16,27,3,88,0,0,0,88
12/13/2020,FAT,CA,AWP,WE,Combined TRACON& Tower with Radar,46,18,22,13,99,0,0,18,0,18,46,18,40,13,117,14,0,14,131
12/14/2020,FAT,CA,AWP,WE,Combined TRACON& Tower with Radar,50,27,38,28,143,0,7,42,3,52,50,34,80,31,195,26,0,26,221
12/15/2020,FAT,CA,AWP,WE,Combined TRACON& Tower with Radar,46,20,15,11,92,0,5,71,6,82,46,25,86,17,174,12,6,18,192
12/16/2020,FAT,CA,AWP,WE,Combined TRACON& Tower with Radar,46,16,22,20,104,0,4,81,7,92,46,20,103,27,196,50,0,50,246
12/17/2020,FAT,CA,AWP,WE,Combined TRACON& Tower with Radar,57,17,49,21,144,0,6,49,6,61,57,23,98,27,205,30,8,38,243
12/18/2020,FAT,CA,AWP,WE,Combined TRACON& Tower with Radar,57,12,43,10,122,0,6,33,2,41,57,18,76,12,163,0,0,0,163
12/19/2020,FAT,CA,AWP,WE,Combined TRACON& Tower with Radar,54,15,22,2,93,0,1,26,1,28,54,16,48,3,121,56,0,56,177
12/20/2020,FAT,CA,AWP,WE,Combined TRACON& Tower with Radar,38,11,20,0,69,0,0,2,0,2,38,11,22,0,71,0,0,0,71
12/21/2020,FAT,CA,AWP,WE,Combined TRACON& Tower with Radar,41,18,35,5,99,0,0,8,0,8,41,18,43,5,107,14,0,14,121
12/22/2020,FAT,CA,AWP,WE,Combined TRACON& Tower with Radar,56,16,25,9,106,0,0,0,0,0,56,16,25,9,106,0,0,0,106
12/23/2020,FAT,CA,AWP,WE,Combined TRACON& Tower with Radar,57,23,42,8,130,0,2,26,0,28,57,25,68,8,158,12,0,12,170
12/24/2020,FAT,CA,AWP,WE,Combined TRACON& Tower with Radar,41,11,16,0,68,0,4,28,0,32,41,15,44,0,100,4,0,4,104
12/25/2020,FAT,CA,AWP,WE,Combined TRACON& Tower with Radar,30,12,4,0,46,0,2,14,0,16,30,14,18,0,62,0,0,0,62
12/26/2020,FAT,CA,AWP,WE,Combined TRACON& Tower with Radar,50,16,19,0,85,0,4,25,0,29,50,20,44,0,114,0,0,0,114
12/27/2020,FAT,CA,AWP,WE,Combined TRACON& Tower with Radar,48,19,18,0,85,0,2,43,0,45,48,21,61,0,130,22,0,22,152
12/28/2020,FAT,CA,AWP,WE,Combined TRACON& Tower with Radar,54,15,20,2,91,1,10,50,2,63,55,25,70,4,154,0,0,0,154
12/29/2020,FAT,CA,AWP,WE,Combined TRACON& Tower with Radar,53,15,16,10,94,0,12,82,3,97,53,27,98,13,191,44,8,52,243
12/30/2020,FAT,CA,AWP,WE,Combined TRACON& Tower with Radar,63,19,24,10,116,0,3,61,0,64,63,22,85,10,180,70,0,70,250
12/31/2020,FAT,CA,AWP,WE,Combined TRACON& Tower with Radar,42,20,32,0,94,0,0,13,0,13,42,20,45,0,107,14,0,14,121
01/01/2021,FAT,CA,AWP,WE,Combined TRACON& Tower with Radar,43,16,20,0,79,0,3,38,0,41,43,19,58,0,120,42,0,42,162
01/02/2021,FAT,CA,AWP,WE,Combined TRACON& Tower with Radar,52,14,22,0,88,0,7,76,0,83,52,21,98,0,171,16,0,16,187
01/03/2021,FAT,CA,AWP,WE,Combined TRACON& Tower with Radar,54,15,10,0,79,0,4,41,0,45,54,19,51,0,124,0,0,0,124
01/04/2021,FAT,CA,AWP,WE,Combined TRACON& Tower with Radar,55,13,27,7,102,0,6,43,4,53,55,19,70,11,155,0,0,0,155
01/05/2021,FAT,CA,AWP,WE,Combined TRACON& Tower with Radar,40,14,23,4,81,0,4,56,5,65,40,18,79,9,146,32,0,32,178
01/06/2021,FAT,CA,AWP,WE,Combined TRACON& Tower with Radar,44,22,27,20,113,0,6,30,2,38,44,28,57,22,151,20,0,20,171
01/07/2021,FAT,CA,AWP,WE,Combined TRACON& Tower with Radar,40,12,33,6,91,0,1,18,1,20,40,13,51,7,111,0,0,0,111
01/08/2021,FAT,CA,AWP,WE,Combined TRACON& Tower with Radar,44,19,21,9,93,0,0,13,2,15,44,19,34,11,108,28,0,28,136
01/09/2021,FAT,CA,AWP,WE,Combined TRACON& Tower with Radar,34,14,31,10,89,0,0,9,0,9,34,14,40,10,98,0,0,0,98
01/10/2021,FAT,CA,AWP,WE,Combined TRACON& Tower with Radar,42,16,10,0,68,0,3,46,0,49,42,19,56,0,117,16,0,16,133
01/11/2021,FAT,CA,AWP,WE,Combined TRACON& Tower with Radar,42,17,23,2,84,0,4,40,7,51,42,21,63,9,135,6,4,10,145
01/12/2021,FAT,CA,AWP,WE,Combined TRACON& Tower with Radar,40,14,39,8,101,0,3,49,13,65,40,17,88,21,166,12,22,34,200
01/13/2021,FAT,CA,AWP,WE,Combined TRACON& Tower with Radar,38,18,34,21,111,0,1,55,9,65,38,19,89,30,176,14,14,28,204
01/14/2021,FAT,CA,AWP,WE,Combined TRACON& Tower with Radar,48,17,23,25,113,0,1,69,9,79,48,18,92,34,192,20,22,42,234
01/15/2021,FAT,CA,AWP,WE,Combined TRACON& Tower with Radar,42,16,35,3,96,0,2,75,4,81,42,18,110,7,177,0,0,0,177
01/16/2021,FAT,CA,AWP,WE,Combined TRACON& Tower with Radar,34,14,28,1,77,0,5,34,1,40,34,19,62,2,117,0,0,0,117
01/17/2021,FAT,CA,AWP,WE,Combined TRACON& Tower with Radar,41,12,20,0,73,0,2,46,0,48,41,14,66,0,121,4,0,4,125
01/18/2021,FAT,CA,AWP,WE,Combined TRACON& Tower with Radar,41,18,12,2,73,0,13,57,0,70,41,31,69,2,143,28,0,28,171
01/19/2021,FAT,CA,AWP,WE,Combined TRACON& Tower with Radar,39,9,11,15,74,0,3,56,12,71,39,12,67,27,145,14,12,26,171
01/20/2021,FAT,CA,AWP,WE,Combined TRACON& Tower with Radar,39,9,23,18,89,0,10,95,8,113,39,19,118,26,202,40,36,76,278
01/21/2021,FAT,CA,AWP,WE,Combined TRACON& Tower with Radar,48,17,27,5,97,0,9,89,10,108,48,26,116,15,205,30,28,58,263
01/22/2021,FAT,CA,AWP,WE,Combined TRACON& Tower with Radar,43,20,30,7,100,0,6,37,5,48,43,26,67,12,148,18,0,18,166
01/23/2021,FAT,CA,AWP,WE,Combined TRACON& Tower with Radar,33,20,21,0,74,0,7,39,4,50,33,27,60,4,124,10,0,10,134
01/24/2021,FAT,CA,AWP,WE,Combined TRACON& Tower with Radar,42,14,32,0,88,0,10,21,0,31,42,24,53,0,119,0,0,0,119
01/25/2021,FAT,CA,AWP,WE,Combined TRACON& Tower with Radar,42,19,27,8,96,0,5,41,3,49,42,24,68,11,145,0,0,0,145
01/26/2021,FAT,CA,AWP,WE,Combined TRACON& Tower with Radar,40,18,25,11,94,0,3,95,7,105,40,21,120,18,199,30,6,36,235
01/27/2021,FAT,CA,AWP,WE,Combined TRACON& Tower with Radar,40,20,16,0,76,0,4,17,0,21,40,24,33,0,97,6,0,6,103
01/28/2021,FAT,CA,AWP,WE,Combined TRACON& Tower with Radar,47,23,33,11,114,0,0,4,0,4,47,23,37,11,118,0,8,8,126
01/29/2021,FAT,CA,AWP,WE,Combined TRACON& Tower with Radar,43,14,20,7,84,0,2,55,1,58,43,16,75,8,142,38,0,38,180
01/30/2021,FAT,CA,AWP,WE,Combined TRACON& Tower with Radar,31,13,28,0,72,0,7,72,0,79,31,20,100,0,151,22,0,22,173
01/31/2021,FAT,CA,AWP,WE,Combined TRACON& Tower with Radar,43,15,26,0,84,0,1,57,0,58,43,16,83,0,142,24,0,24,166
02/01/2021,FAT,CA,AWP,WE,Combined TRACON& Tower with Radar,41,19,35,16,111,0,3,72,18,93,41,22,107,34,204,40,16,56,260
02/02/2021,FAT,CA,AWP,WE,Combined TRACON& Tower with Radar,40,10,26,22,98,0,9,55,10,74,40,19,81,32,172,6,0,6,178
02/03/2021,FAT,CA,AWP,WE,Combined TRACON& Tower with Radar,40,14,39,16,109,0,9,74,18,101,40,23,113,34,210,30,16,46,256
02/04/2021,FAT,CA,AWP,WE,Combined TRACON& Tower with Radar,47,15,33,16,111,0,6,60,8,74,47,21,93,24,185,50,22,72,257
02/05/2021,FAT,CA,AWP,WE,Combined TRACON& Tower with Radar,43,19,21,25,108,0,6,114,13,133,43,25,135,38,241,0,0,0,241
02/06/2021,FAT,CA,AWP,WE,Combined TRACON& Tower with Radar,34,12,20,10,76,0,10,81,12,103,34,22,101,22,179,32,0,32,211
02/07/2021,FAT,CA,AWP,WE,Combined TRACON& Tower with Radar,43,12,18,0,73,0,3,81,0,84,43,15,99,0,157,42,0,42,199
02/08/2021,FAT,CA,AWP,WE,Combined TRACON& Tower with Radar,39,19,20,0,78,0,4,73,1,78,39,23,93,1,156,34,0,34,190
02/09/2021,FAT,CA,AWP,WE,Combined TRACON& Tower with Radar,41,12,27,22,102,0,4,64,11,79,41,16,91,33,181,112,2,114,295
02/10/2021,FAT,CA,AWP,WE,Combined TRACON& Tower with Radar,42,14,27,15,98,0,2,98,17,117,42,16,125,32,215,38,0,38,253
02/11/2021,FAT,CA,AWP,WE,Combined TRACON& Tower with Radar,52,16,31,11,110,0,5,72,5,82,52,21,103,16,192,44,0,44,236
02/12/2021,FAT,CA,AWP,WE,Combined TRACON& Tower with Radar,49,13,34,8,104,0,2,55,0,57,49,15,89,8,161,28,0,28,189
02/13/2021,FAT,CA,AWP,WE,Combined TRACON& Tower with Radar,29,13,16,0,58,0,7,28,0,35,29,20,44,0,93,36,0,36,129
02/14/2021,FAT,CA,AWP,WE,Combined TRACON& Tower with Radar,30,13,17,0,60,0,2,41,0,43,30,15,58,0,103,0,0,0,103
02/15/2021,FAT,CA,AWP,WE,Combined TRACON& Tower with Radar,42,20,39,0,101,0,4,44,0,48,42,24,83,0,149,0,0,0,149
02/16/2021,FAT,CA,AWP,WE,Combined TRACON& Tower with Radar,39,14,27,10,90,0,4,72,4,80,39,18,99,14,170,44,0,44,214
02/17/2021,FAT,CA,AWP,WE,Combined TRACON& Tower with Radar,41,13,16,14,84,0,3,73,5,81,41,16,89,19,165,74,4,78,243
02/18/2021,FAT,CA,AWP,WE,Combined TRACON& Tower with Radar,48,17,39,9,113,0,1,98,4,103,48,18,137,13,216,38,6,44,260
02/19/2021,FAT,CA,AWP,WE,Combined TRACON& Tower with Radar,50,17,19,14,100,0,2,75,13,90,50,19,94,27,190,30,2,32,222
02/20/2021,FAT,CA,AWP,WE,Combined TRACON& Tower with Radar,37,21,15,2,75,0,8,39,2,49,37,29,54,4,124,6,0,6,130
02/21/2021,FAT,CA,AWP,WE,Combined TRACON& Tower with Radar,41,17,13,1,72,0,4,56,2,62,41,21,69,3,134,44,0,44,178
02/22/2021,FAT,CA,AWP,WE,Combined TRACON& Tower with Radar,45,14,14,0,73,0,2,97,3,102,45,16,111,3,175,36,0,36,211
02/23/2021,FAT,CA,AWP,WE,Combined TRACON& Tower with Radar,41,16,27,22,106,0,5,78,12,95,41,21,105,34,201,0,0,0,201
02/24/2021,FAT,CA,AWP,WE,Combined TRACON& Tower with Radar,43,12,29,10,94,0,8,66,6,80,43,20,95,16,174,0,0,0,174
02/25/2021,FAT,CA,AWP,WE,Combined TRACON& Tower with Radar,50,18,24,7,99,0,9,96,10,115,50,27,120,17,214,20,0,20,234
02/26/2021,FAT,CA,AWP,WE,Combined TRACON& Tower with Radar,47,15,17,2,81,0,3,97,5,105,47,18,114,7,186,34,0,34,220
02/27/2021,FAT,CA,AWP,WE,Combined TRACON& Tower with Radar,41,14,19,1,75,0,9,68,2,79,41,23,87,3,154,4,0,4,158
02/28/2021,FAT,CA,AWP,WE,Combined TRACON& Tower with Radar,40,14,25,1,80,0,8,87,0,95,40,22,112,1,175,64,0,64,239
03/01/2021,FAT,CA,AWP,WE,Combined TRACON& Tower with Radar,45,14,30,8,97,0,7,63,4,74,45,21,93,12,171,52,0,52,223
03/02/2021,FAT,CA,AWP,WE,Combined TRACON& Tower with Radar,45,16,17,10,88,0,5,84,19,108,45,21,101,29,196,28,0,28,224
03/03/2021,FAT,CA,AWP,WE,Combined TRACON& Tower with Radar,41,17,15,4,77,0,6,81,15,102,41,23,96,19,179,54,34,88,267
03/04/2021,FAT,CA,AWP,WE,Combined TRACON& Tower with Radar,49,22,36,1,108,0,4,90,4,98,49,26,126,5,206,32,12,44,250
03/05/2021,FAT,CA,AWP,WE,Combined TRACON& Tower with Radar,48,19,27,12,106,0,9,91,3,103,48,28,118,15,209,66,8,74,283
03/06/2021,FAT,CA,AWP,WE,Combined TRACON& Tower with Radar,44,17,18,10,89,0,7,39,10,56,44,24,57,20,145,8,12,20,165
03/07/2021,FAT,CA,AWP,WE,Combined TRACON& Tower with Radar,40,18,14,5,77,0,6,74,4,84,40,24,88,9,161,22,0,22,183
03/08/2021,FAT,CA,AWP,WE,Combined TRACON& Tower with Radar,46,17,21,17,101,0,2,56,16,74,46,19,77,33,175,20,0,20,195
03/09/2021,FAT,CA,AWP,WE,Combined TRACON& Tower with Radar,46,19,18,4,87,0,10,83,9,102,46,29,101,13,189,24,14,38,227
03/10/2021,FAT,CA,AWP,WE,Combined TRACON& Tower with Radar,42,20,23,15,100,0,1,29,9,39,42,21,52,24,139,14,6,20,159
03/11/2021,FAT,CA,AWP,WE,Combined TRACON& Tower with Radar,50,28,35,10,123,0,4,63,2,69,50,32,98,12,192,72,6,78,270
03/12/2021,FAT,CA,AWP,WE,Combined TRACON& Tower with Radar,50,20,28,2,100,0,3,97,7,107,50,23,125,9,207,54,0,54,261
03/13/2021,FAT,CA,AWP,WE,Combined TRACON& Tower with Radar,40,27,14,1,82,0,18,81,6,105,40,45,95,7,187,30,4,34,221
03/14/2021,FAT,CA,AWP,WE,Combined TRACON& Tower with Radar,43,22,32,1,98,0,6,70,8,84,43,28,102,9,182,8,0,8,190
03/15/2021,FAT,CA,AWP,WE,Combined TRACON& Tower with Radar,47,24,36,5,112,0,2,39,2,43,47,26,75,7,155,0,0,0,155
03/16/2021,FAT,CA,AWP,WE,Combined TRACON& Tower with Radar,45,16,18,8,87,0,8,75,15,98,45,24,93,23,185,86,10,96,281
03/17/2021,FAT,CA,AWP,WE,Combined TRACON& Tower with Radar,42,16,26,10,94,0,9,88,6,103,42,25,114,16,197,0,0,0,197
03/18/2021,FAT,CA,AWP,WE,Combined TRACON& Tower with Radar,47,15,33,15,110,0,8,73,18,99,47,23,106,33,209,22,2,24,233
03/19/2021,FAT,CA,AWP,WE,Combined TRACON& Tower with Radar,52,23,47,10,132,0,2,24,3,29,52,25,71,13,161,28,0,28,189
03/20/2021,FAT,CA,AWP,WE,Combined TRACON& Tower with Radar,43,18,17,0,78,0,11,70,0,81,43,29,87,0,159,82,0,82,241
03/21/2021,FAT,CA,AWP,WE,Combined TRACON& Tower with Radar,46,18,20,3,87,0,7,100,3,110,46,25,120,6,197,18,0,18,215
03/22/2021,FAT,CA,AWP,WE,Combined TRACON& Tower with Radar,47,15,18,7,87,0,6,75,7,88,47,21,93,14,175,30,6,36,211
03/23/2021,FAT,CA,AWP,WE,Combined TRACON& Tower with Radar,46,14,21,10,91,0,6,74,4,84,46,20,95,14,175,20,8,28,203
03/24/2021,FAT,CA,AWP,WE,Combined TRACON& Tower with Radar,48,22,22,12,104,0,6,94,9,109,48,28,116,21,213,40,34,74,287
03/25/2021,FAT,CA,AWP,WE,Combined TRACON& Tower with Radar,48,21,38,8,115,0,9,120,18,147,48,30,158,26,262,78,0,78,340
03/26/2021,FAT,CA,AWP,WE,Combined TRACON& Tower with Radar,54,19,31,11,115,0,10,110,7,127,54,29,141,18,242,20,10,30,272
03/27/2021,FAT,CA,AWP,WE,Combined TRACON& Tower with Radar,43,16,16,2,77,0,11,92,1,104,43,27,108,3,181,64,0,64,245
03/28/2021,FAT,CA,AWP,WE,Combined TRACON& Tower with Radar,47,14,25,0,86,0,6,82,1,89,47,20,107,1,175,48,0,48,223
03/29/2021,FAT,CA,AWP,WE,Combined TRACON& Tower with Radar,50,20,17,17,104,0,9,93,8,110,50,29,110,25,214,72,6,78,292
03/30/2021,FAT,CA,AWP,WE,Combined TRACON& Tower with Radar,47,19,23,23,112,0,15,84,15,114,47,34,107,38,226,64,26,90,316
03/31/2021,FAT,CA,AWP,WE,Combined TRACON& Tower with Radar,46,15,31,15,107,0,7,104,6,117,46,22,135,21,224,26,0,26,250
04/01/2021,FAT,CA,AWP,WE,Combined TRACON& Tower with Radar,48,16,20,15,99,0,12,125,17,154,48,28,145,32,253,64,0,64,317
04/02/2021,FAT,CA,AWP,WE,Combined TRACON& Tower with Radar,55,14,34,1,104,0,11,98,3,112,55,25,132,4,216,58,0,58,274
04/03/2021,FAT,CA,AWP,WE,Combined TRACON& Tower with Radar,44,19,10,0,73,0,7,76,0,83,44,26,86,0,156,0,0,0,156
04/04/2021,FAT,CA,AWP,WE,Combined TRACON& Tower with Radar,51,19,17,0,87,0,3,58,0,61,51,22,75,0,148,10,0,10,158
04/05/2021,FAT,CA,AWP,WE,Combined TRACON& Tower with Radar,56,19,17,5,97,0,9,110,9,128,56,28,127,14,225,0,18,18,243
04/06/2021,FAT,CA,AWP,WE,Combined TRACON& Tower with Radar,53,11,20,22,106,0,11,93,15,119,53,22,113,37,225,66,18,84,309
04/07/2021,FAT,CA,AWP,WE,Combined TRACON& Tower with Radar,54,13,20,9,96,0,7,98,10,115,54,20,118,19,211,20,0,20,231
04/08/2021,FAT,CA,AWP,WE,Combined TRACON& Tower with Radar,60,16,27,12,115,0,7,108,7,122,60,23,135,19,237,60,10,70,307
04/09/2021,FAT,CA,AWP,WE,Combined TRACON& Tower with Radar,57,16,28,10,111,0,11,136,7,154,57,27,164,17,265,84,0,84,349
04/10/2021,FAT,CA,AWP,WE,Combined TRACON& Tower with Radar,50,17,13,8,88,0,15,66,5,86,50,32,79,13,174,46,10,56,230
04/11/2021,FAT,CA,AWP,WE,Combined TRACON& Tower with Radar,53,12,17,0,82,0,7,78,0,85,53,19,95,0,167,58,0,58,225
04/12/2021,FAT,CA,AWP,WE,Combined TRACON& Tower with Radar,56,18,16,0,90,0,14,82,4,100,56,32,98,4,190,118,0,118,308
04/13/2021,FAT,CA,AWP,WE,Combined TRACON& Tower with Radar,53,14,17,8,92,0,6,68,8,82,53,20,85,16,174,14,20,34,208
04/14/2021,FAT,CA,AWP,WE,Combined TRACON& Tower with Radar,50,17,33,5,105,0,5,77,4,86,50,22,110,9,191,2,0,2,193
04/15/2021,FAT,CA,AWP,WE,Combined TRACON& Tower with Radar,58,16,20,9,103,0,7,124,5,136,58,23,144,14,239,0,2,2,241
04/16/2021,FAT,CA,AWP,WE,Combined TRACON& Tower with Radar,57,17,22,8,104,0,10,82,1,93,57,27,104,9,197,0,0,0,197
04/17/2021,FAT,CA,AWP,WE,Combined TRACON& Tower with Radar,51,17,18,0,86,0,7,73,1,81,51,24,91,1,167,0,0,0,167
04/18/2021,FAT,CA,AWP,WE,Combined TRACON& Tower with Radar,53,13,17,0,83,0,6,68,0,74,53,19,85,0,157,10,0,10,167
04/19/2021,FAT,CA,AWP,WE,Combined TRACON& Tower with Radar,53,19,25,4,101,0,3,102,11,116,53,22,127,15,217,42,0,42,259
04/20/2021,FAT,CA,AWP,WE,Combined TRACON& Tower with Radar,53,14,26,20,113,0,10,123,16,149,53,24,149,36,262,34,0,34,296
04/21/2021,FAT,CA,AWP,WE,Combined TRACON& Tower with Radar,52,9,36,7,104,0,5,103,11,119,52,14,139,18,223,52,10,62,285
04/22/2021,FAT,CA,AWP,WE,Combined TRACON& Tower with Radar,60,22,45,3,130,0,15,107,9,131,60,37,152,12,261,66,18,84,345
04/23/2021,FAT,CA,AWP,WE,Combined TRACON& Tower with Radar,58,20,23,11,112,0,10,90,6,106,58,30,113,17,218,22,10,32,250
04/24/2021,FAT,CA,AWP,WE,Combined TRACON& Tower with Radar,49,17,15,9,90,0,13,68,3,84,49,30,83,12,174,0,0,0,174
04/25/2021,FAT,CA,AWP,WE,Combined TRACON& Tower with Radar,60,21,34,5,120,0,5,18,1,24,60,26,52,6,144,10,0,10,154
04/26/2021,FAT,CA,AWP,WE,Combined TRACON& Tower with Radar,62,13,25,3,103,0,1,65,0,66,62,14,90,3,169,0,0,0,169
04/27/2021,FAT,CA,AWP,WE,Combined TRACON& Tower with Radar,62,11,32,1,106,0,6,117,6,129,62,17,149,7,235,0,0,0,235
04/28/2021,FAT,CA,AWP,WE,Combined TRACON& Tower with Radar,58,14,24,4,100,0,5,110,8,123,58,19,134,12,223,38,6,44,267
04/29/2021,FAT,CA,AWP,WE,Combined TRACON& Tower with Radar,65,17,23,3,108,0,7,118,7,132,65,24,141,10,240,36,8,44,284
04/30/2021,FAT,CA,AWP,WE,Combined TRACON& Tower with Radar,68,15,21,10,114,0,6,106,8,120,68,21,127,18,234,28,10,38,272
05/01/2021,FAT,CA,AWP,WE,Combined TRACON& Tower with Radar,59,15,27,2,103,0,15,76,1,92,59,30,103,3,195,0,10,10,205
05/02/2021,FAT,CA,AWP,WE,Combined TRACON& Tower with Radar,62,13,21,0,96,0,3,74,0,77,62,16,95,0,173,0,0,0,173
05/03/2021,FAT,CA,AWP,WE,Combined TRACON& Tower with Radar,64,15,19,0,98,0,4,71,4,79,64,19,90,4,177,14,0,14,191
05/04/2021,FAT,CA,AWP,WE,Combined TRACON& Tower with Radar,63,11,29,8,111,0,7,98,16,121,63,18,127,24,232,0,0,0,232
05/05/2021,FAT,CA,AWP,WE,Combined TRACON& Tower with Radar,60,9,20,11,100,0,6,94,7,107,60,15,114,18,207,0,0,0,207
05/06/2021,FAT,CA,AWP,WE,Combined TRACON& Tower with Radar,78,18,13,10,119,0,6,107,15,128,78,24,120,25,247,0,0,0,247
05/07/2021,FAT,CA,AWP,WE,Combined TRACON& Tower with Radar,76,13,19,1,109,0,5,86,10,101,76,18,105,11,210,80,0,80,290
05/08/2021,FAT,CA,AWP,WE,Combined TRACON& Tower with Radar,65,12,15,0,92,0,9,65,3,77,65,21,80,3,169,30,8,38,207
05/09/2021,FAT,CA,AWP,WE,Combined TRACON& Tower with Radar,68,15,9,0,92,0,6,60,1,67,68,21,69,1,159,18,0,18,177
05/10/2021,FAT,CA,AWP,WE,Combined TRACON& Tower with Radar,73,16,16,4,109,2,4,83,3,92,75,20,99,7,201,20,44,64,265
05/11/2021,FAT,CA,AWP,WE,Combined TRACON& Tower with Radar,64,10,26,8,108,0,12,85,4,101,64,22,111,12,209,70,6,76,285
05/12/2021,FAT,CA,AWP,WE,Combined TRACON& Tower with Radar,67,17,42,7,133,0,11,94,4,109,67,28,136,11,242,48,12,60,302
05/13/2021,FAT,CA,AWP,WE,Combined TRACON& Tower with Radar,76,13,15,0,104,0,8,96,6,110,76,21,111,6,214,36,6,42,256
05/14/2021,FAT,CA,AWP,WE,Combined TRACON& Tower with Radar,71,11,33,8,123,1,2,90,15,108,72,13,123,23,231,104,12,116,347
05/15/2021,FAT,CA,AWP,WE,Combined TRACON& Tower with Radar,70,16,18,0,104,0,10,62,0,72,70,26,80,0,176,16,0,16,192
05/16/2021,FAT,CA,AWP,WE,Combined TRACON& Tower with Radar,66,21,27,0,114,0,3,66,2,71,66,24,93,2,185,43,0,43,228
05/17/2021,FAT,CA,AWP,WE,Combined TRACON& Tower with Radar,74,18,27,7,126,0,5,73,4,82,74,23,100,11,208,36,12,48,256
05/18/2021,FAT,CA,AWP,WE,Combined TRACON& Tower with Radar,71,18,30,10,129,0,8,77,12,97,71,26,107,22,226,72,8,80,306
05/19/2021,FAT,CA,AWP,WE,Combined TRACON& Tower with Radar,70,13,30,9,122,0,3,76,11,90,70,16,106,20,212,32,20,52,264
05/20/2021,FAT,CA,AWP,WE,Combined TRACON& Tower with Radar,81,18,10,10,119,0,8,75,10,93,81,26,85,20,212,24,4,28,240
05/21/2021,FAT,CA,AWP,WE,Combined TRACON& Tower with Radar,75,18,22,2,117,0,4,83,22,109,75,22,105,24,226,52,2,54,280
05/22/2021,FAT,CA,AWP,WE,Combined TRACON& Tower with Radar,72,11,16,0,99,0,10,58,1,69,72,21,74,1,168,0,0,0,168
05/23/2021,FAT,CA,AWP,WE,Combined TRACON& Tower with Radar,68,14,23,0,105,0,4,93,2,99,68,18,116,2,204,38,0,38,242
05/24/2021,FAT,CA,AWP,WE,Combined TRACON& Tower with Radar,73,18,18,0,109,0,5,96,5,106,73,23,114,5,215,26,0,26,241
05/25/2021,FAT,CA,AWP,WE,Combined TRACON& Tower with Radar,72,10,27,13,122,0,3,76,11,90,72,13,103,24,212,0,0,0,212
05/26/2021,FAT,CA,AWP,WE,Combined TRACON& Tower with Radar,70,14,23,4,111,0,7,94,8,109,70,21,117,12,220,17,14,31,251
05/27/2021,FAT,CA,AWP,WE,Combined TRACON& Tower with Radar,80,13,20,12,125,0,7,131,17,155,80,20,151,29,280,42,2,44,324
05/28/2021,FAT,CA,AWP,WE,Combined TRACON& Tower with Radar,74,15,33,2,124,0,7,109,5,121,74,22,142,7,245,52,0,52,297
05/29/2021,FAT,CA,AWP,WE,Combined TRACON& Tower with Radar,72,18,14,0,104,0,8,80,1,89,72,26,94,1,193,32,0,32,225
05/30/2021,FAT,CA,AWP,WE,Combined TRACON& Tower with Radar,71,19,9,0,99,0,7,53,1,61,71,26,62,1,160,0,0,0,160
05/31/2021,FAT,CA,AWP,WE,Combined TRACON& Tower with Radar,71,14,16,0,101,0,11,78,44,133,71,25,94,44,234,22,0,22,256
06/01/2021,FAT,CA,AWP,WE,Combined TRACON& Tower with Radar,72,19,33,17,141,0,4,64,12,80,72,23,97,29,221,60,14,74,295
06/02/2021,FAT,CA,AWP,WE,Combined TRACON& Tower with Radar,69,16,13,14,112,0,6,75,12,93,69,22,88,26,205,60,18,78,283
06/03/2021,FAT,CA,AWP,WE,Combined TRACON& Tower with Radar,74,22,10,8,114,0,3,80,18,101,74,25,90,26,215,42,0,42,257
06/04/2021,FAT,CA,AWP,WE,Combined TRACON& Tower with Radar,75,30,28,11,144,0,4,96,10,110,75,34,124,21,254,2,0,2,256
06/05/2021,FAT,CA,AWP,WE,Combined TRACON& Tower with Radar,72,22,12,7,113,0,6,50,6,62,72,28,62,13,175,46,2,48,223
06/06/2021,FAT,CA,AWP,WE,Combined TRACON& Tower with Radar,66,22,25,0,113,0,8,68,34,110,66,30,93,34,223,8,0,8,231
06/07/2021,FAT,CA,AWP,WE,Combined TRACON& Tower with Radar,71,27,17,9,124,0,6,66,7,79,71,33,83,16,203,28,4,32,235
06/08/2021,FAT,CA,AWP,WE,Combined TRACON& Tower with Radar,76,23,19,5,123,0,4,86,7,97,76,27,105,12,220,14,12,26,246
06/09/2021,FAT,CA,AWP,WE,Combined TRACON& Tower with Radar,74,25,23,7,129,0,13,95,20,128,74,38,118,27,257,62,14,76,333
06/10/2021,FAT,CA,AWP,WE,Combined TRACON& Tower with Radar,78,25,25,11,139,0,6,107,19,132,78,31,132,30,271,20,10,30,301
06/11/2021,FAT,CA,AWP,WE,Combined TRACON& Tower with Radar,78,23,43,6,150,0,2,111,5,118,78,25,154,11,268,16,0,16,284
06/12/2021,FAT,CA,AWP,WE,Combined TRACON& Tower with Radar,70,26,23,1,120,0,22,97,11,130,70,48,120,12,250,18,0,18,268
06/13/2021,FAT,CA,AWP,WE,Combined TRACON& Tower with Radar,64,18,22,0,104,0,7,71,7,85,64,25,93,7,189,0,0,0,189
06/14/2021,FAT,CA,AWP,WE,Combined TRACON& Tower with Radar,80,24,19,13,136,0,4,75,15,94,80,28,94,28,230,24,12,36,266
06/15/2021,FAT,CA,AWP,WE,Combined TRACON& Tower with Radar,71,25,20,14,130,0,8,92,16,116,71,33,112,30,246,2,22,24,270
06/16/2021,FAT,CA,AWP,WE,Combined TRACON& Tower with Radar,75,19,29,12,135,0,7,111,23,141,75,26,140,35,276,10,0,10,286
06/17/2021,FAT,CA,AWP,WE,Combined TRACON& Tower with Radar,75,25,23,5,128,0,7,113,14,134,75,32,136,19,262,12,0,12,274
06/18/2021,FAT,CA,AWP,WE,Combined TRACON& Tower with Radar,75,30,37,2,144,1,24,122,15,162,76,54,159,17,306,14,0,14,320
06/19/2021,FAT,CA,AWP,WE,Combined TRACON& Tower with Radar,68,24,27,6,125,0,11,68,14,93,68,35,95,20,218,8,8,16,234
06/20/2021,FAT,CA,AWP,WE,Combined TRACON& Tower with Radar,67,21,13,1,102,0,5,54,14,73,67,26,67,15,175,44,12,56,231
06/21/2021,FAT,CA,AWP,WE,Combined TRACON& Tower with Radar,75,25,26,10,136,1,9,91,13,114,76,34,117,23,250,6,12,18,268
06/22/2021,FAT,CA,AWP,WE,Combined TRACON& Tower with Radar,72,18,24,5,119,3,13,95,20,131,75,31,119,25,250,66,0,66,316
06/23/2021,FAT,CA,AWP,WE,Combined TRACON& Tower with Radar,74,19,26,21,140,1,10,96,17,124,75,29,122,38,264,0,0,0,264
06/24/2021,FAT,CA,AWP,WE,Combined TRACON& Tower with Radar,78,18,40,8,144,0,5,107,19,131,78,23,147,27,275,40,12,52,327
06/25/2021,FAT,CA,AWP,WE,Combined TRACON& Tower with Radar,74,18,22,5,119,0,7,95,12,114,74,25,117,17,233,20,6,26,259
06/26/2021,FAT,CA,AWP,WE,Combined TRACON& Tower with Radar,69,19,11,2,101,0,11,70,9,90,69,30,81,11,191,0,0,0,191
06/27/2021,FAT,CA,AWP,WE,Combined TRACON& Tower with Radar,69,22,35,1,127,0,2,83,10,95,69,24,118,11,222,22,0,22,244
06/28/2021,FAT,CA,AWP,WE,Combined TRACON& Tower with Radar,74,21,31,14,140,1,11,98,15,125,75,32,129,29,265,67,4,71,336
06/29/2021,FAT,CA,AWP,WE,Combined TRACON& Tower with Radar,74,23,27,25,149,0,8,94,58,160,74,31,121,83,309,28,34,62,371
06/30/2021,FAT,CA,AWP,WE,Combined TRACON& Tower with Radar,77,22,31,10,140,0,2,109,30,141,77,24,140,40,281,34,4,38,319
07/01/2021,FAT,CA,AWP,WE,Combined TRACON& Tower with Radar,77,24,37,12,150,0,7,111,13,131,77,31,148,25,281,0,0,0,281
07/02/2021,FAT,CA,AWP,WE,Combined TRACON& Tower with Radar,76,31,26,4,137,0,5,96,6,107,76,36,122,10,244,42,0,42,286
07/03/2021,FAT,CA,AWP,WE,Combined TRACON& Tower with Radar,67,19,17,0,103,0,8,69,7,84,67,27,86,7,187,14,0,14,201
07/04/2021,FAT,CA,AWP,WE,Combined TRACON& Tower with Radar,63,20,5,1,89,0,8,41,21,70,63,28,46,22,159,4,0,4,163
07/05/2021,FAT,CA,AWP,WE,Combined TRACON& Tower with Radar,72,26,23,0,121,0,3,93,7,103,72,29,116,7,224,0,0,0,224
07/06/2021,FAT,CA,AWP,WE,Combined TRACON& Tower with Radar,72,27,17,10,126,2,12,99,11,124,74,39,116,21,250,0,0,0,250
07/07/2021,FAT,CA,AWP,WE,Combined TRACON& Tower with Radar,78,25,19,10,132,0,10,102,11,123,78,35,121,21,255,42,28,70,325
07/08/2021,FAT,CA,AWP,WE,Combined TRACON& Tower with Radar,82,26,21,10,139,0,11,95,7,113,82,37,116,17,252,14,0,14,266
07/09/2021,FAT,CA,AWP,WE,Combined TRACON& Tower with Radar,80,40,22,6,148,0,7,90,1,98,80,47,112,7,246,42,0,42,288
07/10/2021,FAT,CA,AWP,WE,Combined TRACON& Tower with Radar,67,28,13,1,109,0,12,59,5,76,67,40,72,6,185,8,12,20,205
07/11/2021,FAT,CA,AWP,WE,Combined TRACON& Tower with Radar,64,29,19,2,114,0,8,71,99,178,64,37,90,101,292,12,0,12,304
07/12/2021,FAT,CA,AWP,WE,Combined TRACON& Tower with Radar,76,20,14,4,114,0,2,122,47,171,76,22,136,51,285,60,0,60,345
07/13/2021,FAT,CA,AWP,WE,Combined TRACON& Tower with Radar,80,20,18,12,130,0,8,106,94,208,80,28,124,106,338,36,14,50,388
07/14/2021,FAT,CA,AWP,WE,Combined TRACON& Tower with Radar,76,24,30,20,150,0,8,101,43,152,76,32,131,63,302,20,42,62,364
07/15/2021,FAT,CA,AWP,WE,Combined TRACON& Tower with Radar,80,21,38,8,147,0,8,108,35,151,80,29,146,43,298,2,2,4,302
07/16/2021,FAT,CA,AWP,WE,Combined TRACON& Tower with Radar,80,26,27,10,143,0,7,104,18,129,80,33,131,28,272,12,12,24,296
07/17/2021,FAT,CA,AWP,WE,Combined TRACON& Tower with Radar,71,30,27,4,132,0,11,70,6,87,71,41,97,10,219,22,24,46,265
07/18/2021,FAT,CA,AWP,WE,Combined TRACON& Tower with Radar,70,26,35,0,131,0,7,59,2,68,70,33,94,2,199,20,0,20,219
07/19/2021,FAT,CA,AWP,WE,Combined TRACON& Tower with Radar,81,22,11,5,119,0,8,83,18,109,81,30,94,23,228,14,4,18,246
07/20/2021,FAT,CA,AWP,WE,Combined TRACON& Tower with Radar,78,19,15,11,123,0,11,85,11,107,78,30,100,22,230,28,6,34,264
07/21/2021,FAT,CA,AWP,WE,Combined TRACON& Tower with Radar,76,24,19,9,128,0,7,89,13,109,76,31,108,22,237,22,0,22,259
07/22/2021,FAT,CA,AWP,WE,Combined TRACON& Tower with Radar,79,24,26,17,146,0,7,101,13,121,79,31,127,30,267,0,0,0,267
07/23/2021,FAT,CA,AWP,WE,Combined TRACON& Tower with Radar,77,28,34,6,145,0,4,84,8,96,77,32,118,14,241,2,0,2,243
07/24/2021,FAT,CA,AWP,WE,Combined TRACON& Tower with Radar,67,25,14,0,106,0,12,65,3,80,67,37,79,3,186,30,0,30,216
07/25/2021,FAT,CA,AWP,WE,Combined TRACON& Tower with Radar,73,23,33,0,129,0,8,78,5,91,73,31,111,5,220,12,0,12,232
07/26/2021,FAT,CA,AWP,WE,Combined TRACON& Tower with Radar,82,26,26,9,143,0,6,83,6,95,82,32,109,15,238,28,4,32,270
07/27/2021,FAT,CA,AWP,WE,Combined TRACON& Tower with Radar,73,20,22,18,133,0,3,74,25,102,73,23,96,43,235,12,64,76,311
07/28/2021,FAT,CA,AWP,WE,Combined TRACON& Tower with Radar,75,21,21,5,122,0,3,82,10,95,75,24,103,15,217,10,0,10,227
07/29/2021,FAT,CA,AWP,WE,Combined TRACON& Tower with Radar,74,16,38,16,144,0,2,77,9,88,74,18,115,25,232,0,0,0,232
07/30/2021,FAT,CA,AWP,WE,Combined TRACON& Tower with Radar,72,23,23,3,121,0,5,87,8,100,72,28,110,11,221,54,0,54,275
07/31/2021,FAT,CA,AWP,WE,Combined TRACON& Tower with Radar,69,19,21,1,110,0,12,71,4,87,69,31,92,5,197,44,0,44,241
08/01/2021,FAT,CA,AWP,WE,Combined TRACON& Tower with Radar,67,23,24,0,114,0,6,69,7,82,67,29,93,7,196,16,0,16,212
08/02/2021,FAT,CA,AWP,WE,Combined TRACON& Tower with Radar,73,20,12,5,110,0,6,88,15,109,73,26,100,20,219,2,2,4,223
08/03/2021,FAT,CA,AWP,WE,Combined TRACON& Tower with Radar,73,19,19,8,119,0,7,99,13,119,73,26,118,21,238,22,0,22,260
08/04/2021,FAT,CA,AWP,WE,Combined TRACON& Tower with Radar,78,22,27,6,133,1,7,104,8,120,79,29,131,14,253,24,20,44,297
08/05/2021,FAT,CA,AWP,WE,Combined TRACON& Tower with Radar,76,26,24,0,126,0,2,106,3,111,76,28,130,3,237,10,0,10,247
08/06/2021,FAT,CA,AWP,WE,Combined TRACON& Tower with Radar,75,27,35,8,145,0,4,93,11,108,75,31,128,19,253,22,12,34,287
08/07/2021,FAT,CA,AWP,WE,Combined TRACON& Tower with Radar,65,30,29,2,126,0,11,30,6,47,65,41,59,8,173,12,0,12,185
08/08/2021,FAT,CA,AWP,WE,Combined TRACON& Tower with Radar,70,29,31,5,135,0,7,35,2,44,70,36,66,7,179,46,0,46,225
08/09/2021,FAT,CA,AWP,WE,Combined TRACON& Tower with Radar,73,26,22,8,129,0,10,92,4,106,73,36,114,12,235,24,12,36,271
08/10/2021,FAT,CA,AWP,WE,Combined TRACON& Tower with Radar,76,26,19,8,129,0,4,112,8,124,76,30,131,16,253,54,8,62,315
08/11/2021,FAT,CA,AWP,WE,Combined TRACON& Tower with Radar,81,23,39,1,144,0,10,109,5,124,81,33,148,6,268,22,6,28,296
08/12/2021,FAT,CA,AWP,WE,Combined TRACON& Tower with Radar,79,24,30,11,144,0,4,91,8,103,79,28,121,19,247,34,4,38,285
08/13/2021,FAT,CA,AWP,WE,Combined TRACON& Tower with Radar,74,25,27,4,130,0,6,90,3,99,74,31,117,7,229,18,16,34,263
08/14/2021,FAT,CA,AWP,WE,Combined TRACON& Tower with Radar,65,22,18,0,105,0,7,70,5,82,65,29,88,5,187,6,0,6,193
08/15/2021,FAT,CA,AWP,WE,Combined TRACON& Tower with Radar,68,22,32,0,122,0,10,72,19,101,68,32,104,19,223,0,0,0,223
08/16/2021,FAT,CA,AWP,WE,Combined TRACON& Tower with Radar,81,21,37,5,144,0,4,69,10,83,81,25,106,15,227,20,30,50,277
08/17/2021,FAT,CA,AWP,WE,Combined TRACON& Tower with Radar,69,24,28,6,127,0,6,82,17,105,69,30,110,23,232,0,0,0,232
08/18/2021,FAT,CA,AWP,WE,Combined TRACON& Tower with Radar,77,23,26,10,136,0,9,85,18,112,77,32,111,28,248,18,14,32,280
08/19/2021,FAT,CA,AWP,WE,Combined TRACON& Tower with Radar,81,28,36,19,164,0,6,56,6,68,81,34,92,25,232,0,20,20,252
08/20/2021,FAT,CA,AWP,WE,Combined TRACON& Tower with Radar,72,33,51,0,156,0,4,55,15,74,72,37,106,15,230,8,0,8,238
08/21/2021,FAT,CA,AWP,WE,Combined TRACON& Tower with Radar,63,33,34,1,131,1,11,47,5,64,64,44,81,6,195,38,0,38,233
08/22/2021,FAT,CA,AWP,WE,Combined TRACON& Tower with Radar,62,35,27,0,124,0,7,51,7,65,62,42,78,7,189,28,0,28,217
08/23/2021,FAT,CA,AWP,WE,Combined TRACON& Tower with Radar,79,28,23,6,136,0,5,87,6,98,79,33,110,12,234,22,4,26,260
08/24/2021,FAT,CA,AWP,WE,Combined TRACON& Tower with Radar,69,22,23,8,122,0,9,90,14,113,69,31,113,22,235,12,0,12,247
08/25/2021,FAT,CA,AWP,WE,Combined TRACON& Tower with Radar,72,30,28,16,146,0,3,109,23,135,72,33,137,39,281,18,14,32,313
08/26/2021,FAT,CA,AWP,WE,Combined TRACON& Tower with Radar,77,29,18,3,127,0,5,90,16,111,77,34,108,19,238,26,0,26,264
08/27/2021,FAT,CA,AWP,WE,Combined TRACON& Tower with Radar,79,27,19,5,130,0,8,82,13,103,79,35,101,18,233,0,0,0,233
08/28/2021,FAT,CA,AWP,WE,Combined TRACON& Tower with Radar,64,25,16,3,108,0,8,57,10,75,64,33,73,13,183,8,0,8,191
08/29/2021,FAT,CA,AWP,WE,Combined TRACON& Tower with Radar,63,23,30,0,116,0,6,48,12,66,63,29,78,12,182,12,0,12,194
08/30/2021,FAT,CA,AWP,WE,Combined TRACON& Tower with Radar,74,25,12,0,111,0,3,66,16,85,74,28,78,16,196,0,12,12,208
08/31/2021,FAT,CA,AWP,WE,Combined TRACON& Tower with Radar,70,24,22,4,120,0,11,81,9,101,70,35,103,13,221,0,26,26,247
09/01/2021,FAT,CA,AWP,WE,Combined TRACON& Tower with Radar,75,23,37,9,144,0,11,91,16,118,75,34,128,25,262,48,6,54,316
09/02/2021,FAT,CA,AWP,WE,Combined TRACON& Tower with Radar,76,32,29,4,141,0,8,91,6,105,76,40,120,10,246,26,4,30,276
09/03/2021,FAT,CA,AWP,WE,Combined TRACON& Tower with Radar,80,28,27,2,137,0,8,116,2,126,80,36,143,4,263,20,0,20,283
09/04/2021,FAT,CA,AWP,WE,Combined TRACON& Tower with Radar,65,26,18,0,109,0,12,75,2,89,65,38,93,2,198,22,0,22,220
09/05/2021,FAT,CA,AWP,WE,Combined TRACON& Tower with Radar,57,25,16,0,98,0,3,52,2,57,57,28,68,2,155,24,0,24,179
09/06/2021,FAT,CA,AWP,WE,Combined TRACON& Tower with Radar,75,29,29,0,133,0,12,96,2,110,75,41,125,2,243,34,0,34,277
09/07/2021,FAT,CA,AWP,WE,Combined TRACON& Tower with Radar,69,23,19,8,119,0,5,100,22,127,69,28,119,30,246,22,0,22,268
09/08/2021,FAT,CA,AWP,WE,Combined TRACON& Tower with Radar,73,31,23,2,129,0,8,91,10,109,73,39,114,12,238,24,0,24,262
09/09/2021,FAT,CA,AWP,WE,Combined TRACON& Tower with Radar,73,27,38,7,145,0,11,73,16,100,73,38,111,23,245,8,16,24,269
09/10/2021,FAT,CA,AWP,WE,Combined TRACON& Tower with Radar,79,26,26,11,142,0,8,104,19,131,79,34,130,30,273,26,10,36,309
09/11/2021,FAT,CA,AWP,WE,Combined TRACON& Tower with Radar,61,18,17,1,97,0,7,82,30,119,61,25,99,31,216,30,10,40,256
09/12/2021,FAT,CA,AWP,WE,Combined TRACON& Tower with Radar,63,35,23,0,121,0,8,85,13,106,63,43,108,13,227,38,0,38,265
09/13/2021,FAT,CA,AWP,WE,Combined TRACON& Tower with Radar,76,28,24,10,138,0,6,96,21,123,76,34,120,31,261,0,14,14,275
09/14/2021,FAT,CA,AWP,WE,Combined TRACON& Tower with Radar,69,21,20,8,118,0,11,86,17,114,69,32,106,25,232,18,16,34,266
09/15/2021,FAT,CA,AWP,WE,Combined TRACON& Tower with Radar,66,22,29,35,152,0,8,105,43,156,66,30,134,78,308,12,40,52,360
09/16/2021,FAT,CA,AWP,WE,Combined TRACON& Tower with Radar,72,36,27,12,147,1,4,106,11,122,73,40,133,23,269,0,20,20,289
09/17/2021,FAT,CA,AWP,WE,Combined TRACON& Tower with Radar,72,33,24,7,136,0,8,130,2,140,72,41,154,9,276,40,0,40,316
09/18/2021,FAT,CA,AWP,WE,Combined TRACON& Tower with Radar,61,23,23,2,109,0,14,69,6,89,61,37,92,8,198,2,0,2,200
09/19/2021,FAT,CA,AWP,WE,Combined TRACON& Tower with Radar,62,28,29,1,120,0,6,65,8,79,62,34,94,9,199,8,0,8,207
09/20/2021,FAT,CA,AWP,WE,Combined TRACON& Tower with Radar,74,22,19,6,121,0,4,99,7,110,74,26,118,13,231,12,0,12,243
09/21/2021,FAT,CA,AWP,WE,Combined TRACON& Tower with Radar,67,21,27,1,116,0,4,91,11,106,67,25,118,12,222,20,0,20,242
09/22/2021,FAT,CA,AWP,WE,Combined TRACON& Tower with Radar,68,19,29,16,132,1,2,60,7,70,69,21,89,23,202,0,0,0,202
09/23/2021,FAT,CA,AWP,WE,Combined TRACON& Tower with Radar,71,25,19,4,119,2,5,100,11,118,73,30,119,15,237,6,0,6,243
09/24/2021,FAT,CA,AWP,WE,Combined TRACON& Tower with Radar,78,25,35,2,140,0,8,83,9,100,78,33,118,11,240,46,0,46,286
09/25/2021,FAT,CA,AWP,WE,Combined TRACON& Tower with Radar,60,24,26,2,112,0,7,31,6,44,60,31,57,8,156,4,0,4,160
09/26/2021,FAT,CA,AWP,WE,Combined TRACON& Tower with Radar,63,26,40,2,131,0,1,65,5,71,63,27,105,7,202,46,0,46,248
09/27/2021,FAT,CA,AWP,WE,Combined TRACON& Tower with Radar,74,20,24,10,128,0,6,72,9,87,74,26,96,19,215,58,0,58,273
09/28/2021,FAT,CA,AWP,WE,Combined TRACON& Tower with Radar,68,21,19,6,114,0,6,88,11,105,68,27,107,17,219,10,6,16,235
09/29/2021,FAT,CA,AWP,WE,Combined TRACON& Tower with Radar,68,20,26,9,123,0,4,99,8,111,68,24,125,17,234,36,0,36,270
09/30/2021,FAT,CA,AWP,WE,Combined TRACON& Tower with Radar,70,22,11,6,109,0,11,91,20,122,70,33,102,26,231,78,8,86,317
10/01/2021,FAT,CA,AWP,WE,Combined TRACON& Tower with Radar,79,20,36,3,138,0,7,75,6,88,79,27,111,9,226,40,0,40,266
10/02/2021,FAT,CA,AWP,WE,Combined TRACON& Tower with Radar,59,20,14,1,94,0,6,47,6,59,59,26,61,7,153,10,0,10,163
10/03/2021,FAT,CA,AWP,WE,Combined TRACON& Tower with Radar,63,22,59,2,146,0,0,18,1,19,63,22,77,3,165,0,0,0,165
10/04/2021,FAT,CA,AWP,WE,Combined TRACON& Tower with Radar,80,25,44,3,152,0,4,14,3,21,80,29,58,6,173,10,0,10,183
10/05/2021,FAT,CA,AWP,WE,Combined TRACON& Tower with Radar,68,20,35,7,130,0,3,31,2,36,68,23,66,9,166,32,0,32,198
10/06/2021,FAT,CA,AWP,WE,Combined TRACON& Tower with Radar,67,16,28,4,115,0,6,81,4,91,67,22,109,8,206,54,16,70,276
10/07/2021,FAT,CA,AWP,WE,Combined TRACON& Tower with Radar,73,21,38,8,140,0,4,113,13,130,73,25,151,21,270,60,0,60,330
10/08/2021,FAT,CA,AWP,WE,Combined TRACON& Tower with Radar,70,22,27,0,119,0,8,77,0,85,70,30,104,0,204,56,0,56,260
10/09/2021,FAT,CA,AWP,WE,Combined TRACON& Tower with Radar,54,20,43,1,118,0,13,120,5,138,54,33,163,6,256,26,0,26,282
10/10/2021,FAT,CA,AWP,WE,Combined TRACON& Tower with Radar,55,17,26,0,98,0,4,107,8,119,55,21,133,8,217,70,0,70,287
10/11/2021,FAT,CA,AWP,WE,Combined TRACON& Tower with Radar,67,17,29,0,113,0,0,36,4,40,67,17,65,4,153,34,0,34,187
10/12/2021,FAT,CA,AWP,WE,Combined TRACON& Tower with Radar,67,19,15,7,108,0,5,103,8,116,67,24,118,15,224,38,12,50,274
10/13/2021,FAT,CA,AWP,WE,Combined TRACON& Tower with Radar,67,16,24,6,113,0,6,97,12,115,67,22,121,18,228,110,2,112,340
10/14/2021,FAT,CA,AWP,WE,Combined TRACON& Tower with Radar,71,19,30,10,130,0,14,98,12,124,71,33,128,22,254,38,0,38,292
10/15/2021,FAT,CA,AWP,WE,Combined TRACON& Tower with Radar,72,23,33,0,128,0,7,121,11,139,72,30,154,11,267,144,26,170,437
10/16/2021,FAT,CA,AWP,WE,Combined TRACON& Tower with Radar,58,17,30,0,105,0,9,87,12,108,58,26,117,12,213,0,0,0,213
10/17/2021,FAT,CA,AWP,WE,Combined TRACON& Tower with Radar,63,16,28,0,107,0,5,85,15,105,63,21,113,15,212,38,0,38,250
10/18/2021,FAT,CA,AWP,WE,Combined TRACON& Tower with Radar,75,17,25,11,128,0,11,87,9,107,75,28,112,20,235,50,0,50,285
10/19/2021,FAT,CA,AWP,WE,Combined TRACON& Tower with Radar,69,27,18,10,124,0,7,76,20,103,69,34,94,30,227,70,28,98,325
10/20/2021,FAT,CA,AWP,WE,Combined TRACON& Tower with Radar,69,16,30,18,133,1,7,95,17,120,70,23,125,35,253,94,28,122,375
10/21/2021,FAT,CA,AWP,WE,Combined TRACON& Tower with Radar,63,16,50,19,148,0,7,105,17,129,63,23,155,36,277,42,10,52,329
10/22/2021,FAT,CA,AWP,WE,Combined TRACON& Tower with Radar,66,16,34,5,121,0,7,76,13,96,66,23,110,18,217,58,0,58,275
10/23/2021,FAT,CA,AWP,WE,Combined TRACON& Tower with Radar,54,17,24,1,96,0,13,51,2,66,54,30,75,3,162,0,0,0,162
10/24/2021,FAT,CA,AWP,WE,Combined TRACON& Tower with Radar,67,17,22,3,109,0,9,52,2,63,67,26,74,5,172,30,0,30,202
10/25/2021,FAT,CA,AWP,WE,Combined TRACON& Tower with Radar,74,20,27,0,121,0,1,16,4,21,74,21,43,4,142,6,0,6,148
10/26/2021,FAT,CA,AWP,WE,Combined TRACON& Tower with Radar,64,26,19,1,110,0,12,79,10,101,64,38,98,11,211,62,0,62,273
10/27/2021,FAT,CA,AWP,WE,Combined TRACON& Tower with Radar,66,14,27,0,107,0,6,117,0,123,66,20,144,0,230,96,0,96,326
10/28/2021,FAT,CA,AWP,WE,Combined TRACON& Tower with Radar,75,20,24,5,124,0,7,99,6,112,75,27,123,11,236,76,18,94,330
10/29/2021,FAT,CA,AWP,WE,Combined TRACON& Tower with Radar,71,17,53,5,146,0,3,58,5,66,71,20,111,10,212,56,4,60,272
10/30/2021,FAT,CA,AWP,WE,Combined TRACON& Tower with Radar,51,21,11,0,83,0,4,49,1,54,51,25,60,1,137,18,0,18,155
10/31/2021,FAT,CA,AWP,WE,Combined TRACON& Tower with Radar,52,22,20,2,96,0,9,63,0,72,52,31,83,2,168,20,2,22,190
11/01/2021,FAT,CA,AWP,WE,Combined TRACON& Tower with Radar,64,28,37,1,130,0,3,30,3,36,64,31,67,4,166,0,0,0,166
11/02/2021,FAT,CA,AWP,WE,Combined TRACON& Tower with Radar,56,28,20,9,113,0,4,87,6,97,56,32,107,15,210,86,12,98,308
11/03/2021,FAT,CA,AWP,WE,Combined TRACON& Tower with Radar,60,21,28,8,117,0,11,77,2,90,60,32,105,10,207,38,0,38,245
11/04/2021,FAT,CA,AWP,WE,Combined TRACON& Tower with Radar,63,23,39,5,130,0,3,93,3,99,63,26,132,8,229,62,0,62,291
11/05/2021,FAT,CA,AWP,WE,Combined TRACON& Tower with Radar,64,18,37,10,129,0,3,116,11,130,64,21,153,21,259,114,12,126,385
11/06/2021,FAT,CA,AWP,WE,Combined TRACON& Tower with Radar,47,24,31,3,105,0,11,91,8,110,47,35,122,11,215,0,0,0,215
11/07/2021,FAT,CA,AWP,WE,Combined TRACON& Tower with Radar,58,28,22,1,109,0,6,55,1,62,58,34,77,2,171,56,0,56,227
11/08/2021,FAT,CA,AWP,WE,Combined TRACON& Tower with Radar,63,21,29,2,115,0,4,85,1,90,63,25,114,3,205,26,22,48,253
11/09/2021,FAT,CA,AWP,WE,Combined TRACON& Tower with Radar,56,30,27,22,135,0,7,50,11,68,56,37,77,33,203,78,30,108,311
11/10/2021,FAT,CA,AWP,WE,Combined TRACON& Tower with Radar,62,27,40,6,135,0,7,44,0,51,62,34,84,6,186,14,0,14,200
11/11/2021,FAT,CA,AWP,WE,Combined TRACON& Tower with Radar,68,25,46,0,139,0,6,41,0,47,68,31,87,0,186,58,0,58,244
11/12/2021,FAT,CA,AWP,WE,Combined TRACON& Tower with Radar,66,25,33,0,124,0,3,63,3,69,66,28,96,3,193,102,0,102,295
11/13/2021,FAT,CA,AWP,WE,Combined TRACON& Tower with Radar,48,30,44,0,122,0,1,3,0,4,48,31,47,0,126,0,0,0,126
11/14/2021,FAT,CA,AWP,WE,Combined TRACON& Tower with Radar,58,23,54,0,135,0,1,19,0,20,58,24,73,0,155,16,0,16,171
11/15/2021,FAT,CA,AWP,WE,Combined TRACON& Tower with Radar,61,30,59,3,153,0,4,15,0,19,61,34,74,3,172,0,0,0,172
11/16/2021,FAT,CA,AWP,WE,Combined TRACON& Tower with Radar,59,27,47,6,139,0,2,15,1,18,59,29,62,7,157,22,0,22,179
11/17/2021,FAT,CA,AWP,WE,Combined TRACON& Tower with Radar,62,21,34,4,121,0,8,57,1,66,62,29,91,5,187,54,0,54,241
11/18/2021,FAT,CA,AWP,WE,Combined TRACON& Tower with Radar,69,27,42,9,147,0,2,35,3,40,69,29,77,12,187,16,0,16,203
11/19/2021,FAT,CA,AWP,WE,Combined TRACON& Tower with Radar,67,26,41,5,139,0,4,22,0,26,67,30,63,5,165,0,0,0,165
11/20/2021,FAT,CA,AWP,WE,Combined TRACON& Tower with Radar,52,21,44,2,119,0,5,14,0,19,52,26,58,2,138,14,0,14,152
11/21/2021,FAT,CA,AWP,WE,Combined TRACON& Tower with Radar,57,28,22,0,107,0,2,43,0,45,57,30,65,0,152,52,0,52,204
11/22/2021,FAT,CA,AWP,WE,Combined TRACON& Tower with Radar,66,22,35,9,132,0,0,29,1,30,66,22,64,10,162,6,2,8,170
11/23/2021,FAT,CA,AWP,WE,Combined TRACON& Tower with Radar,72,19,39,3,133,0,4,36,3,43,72,23,75,6,176,0,0,0,176
11/24/2021,FAT,CA,AWP,WE,Combined TRACON& Tower with Radar,72,22,41,0,135,0,3,49,1,53,72,25,90,1,188,34,0,34,222
11/25/2021,FAT,CA,AWP,WE,Combined TRACON& Tower with Radar,39,22,6,0,67,0,0,13,0,13,39,22,19,0,80,16,0,16,96
11/26/2021,FAT,CA,AWP,WE,Combined TRACON& Tower with Radar,55,23,14,0,92,0,7,64,0,71,55,30,78,0,163,78,0,78,241
11/27/2021,FAT,CA,AWP,WE,Combined TRACON& Tower with Radar,60,27,27,1,115,0,8,79,7,94,60,35,106,8,209,94,6,100,309
11/28/2021,FAT,CA,AWP,WE,Combined TRACON& Tower with Radar,65,19,24,0,108,0,3,67,2,72,65,22,91,2,180,10,0,10,190
11/29/2021,FAT,CA,AWP,WE,Combined TRACON& Tower with Radar,73,27,24,7,131,0,2,81,7,90,73,29,105,14,221,24,10,34,255
11/30/2021,FAT,CA,AWP,WE,Combined TRACON& Tower with Radar,67,19,17,2,105,0,4,78,3,85,67,23,95,5,190,74,14,88,278
12/01/2021,FAT,CA,AWP,WE,Combined TRACON& Tower with Radar,61,21,17,2,101,0,2,81,2,85,61,23,98,4,186,64,0,64,250
12/02/2021,FAT,CA,AWP,WE,Combined TRACON& Tower with Radar,65,20,36,13,134,0,6,68,19,93,65,26,104,32,227,72,16,88,315
12/03/2021,FAT,CA,AWP,WE,Combined TRACON& Tower with Radar,61,25,29,10,125,0,6,74,4,84,61,31,103,14,209,52,4,56,265
12/04/2021,FAT,CA,AWP,WE,Combined TRACON& Tower with Radar,47,14,31,1,93,0,0,23,1,24,47,14,54,2,117,0,0,0,117
12/05/2021,FAT,CA,AWP,WE,Combined TRACON& Tower with Radar,50,23,49,0,122,0,0,1,0,1,50,23,50,0,123,16,0,16,139
12/06/2021,FAT,CA,AWP,WE,Combined TRACON& Tower with Radar,61,23,44,4,132,0,0,1,0,1,61,23,45,4,133,0,4,4,137
12/07/2021,FAT,CA,AWP,WE,Combined TRACON& Tower with Radar,60,21,49,16,146,0,3,31,2,36,60,24,80,18,182,98,18,116,298
12/08/2021,FAT,CA,AWP,WE,Combined TRACON& Tower with Radar,59,21,40,0,120,0,4,36,3,43,59,25,76,3,163,0,0,0,163
12/09/2021,FAT,CA,AWP,WE,Combined TRACON& Tower with Radar,67,24,38,4,133,0,1,28,5,34,67,25,66,9,167,28,0,28,195
12/10/2021,FAT,CA,AWP,WE,Combined TRACON& Tower with Radar,65,21,40,2,128,0,4,59,4,67,65,25,99,6,195,46,0,46,241
12/11/2021,FAT,CA,AWP,WE,Combined TRACON& Tower with Radar,46,23,18,0,87,0,5,74,2,81,46,28,92,2,168,64,0,64,232
12/12/2021,FAT,CA,AWP,WE,Combined TRACON& Tower with Radar,57,31,33,0,121,0,1,52,2,55,57,32,85,2,176,0,0,0,176
12/13/2021,FAT,CA,AWP,WE,Combined TRACON& Tower with Radar,59,23,18,2,102,0,0,8,2,10,59,23,26,4,112,0,0,0,112
12/14/2021,FAT,CA,AWP,WE,Combined TRACON& Tower with Radar,68,16,12,5,101,0,0,15,0,15,68,16,27,5,116,0,0,0,116
12/15/2021,FAT,CA,AWP,WE,Combined TRACON& Tower with Radar,62,23,26,10,121,0,6,81,12,99,62,29,107,22,220,50,0,50,270
12/16/2021,FAT,CA,AWP,WE,Combined TRACON& Tower with Radar,64,24,38,14,140,0,4,27,6,37,64,28,65,20,177,20,0,20,197
12/17/2021,FAT,CA,AWP,WE,Combined TRACON& Tower with Radar,65,31,59,1,156,0,1,24,2,27,65,32,83,3,183,12,0,12,195
12/18/2021,FAT,CA,AWP,WE,Combined TRACON& Tower with Radar,58,21,29,0,108,0,3,40,0,43,58,24,69,0,151,0,0,0,151
12/19/2021,FAT,CA,AWP,WE,Combined TRACON& Tower with Radar,57,27,24,0,108,0,2,37,1,40,57,29,61,1,148,0,0,0,148
12/20/2021,FAT,CA,AWP,WE,Combined TRACON& Tower with Radar,61,20,39,2,122,0,0,1,0,1,61,20,40,2,123,0,0,0,123
12/21/2021,FAT,CA,AWP,WE,Combined TRACON& Tower with Radar,62,15,34,3,114,0,2,27,6,35,62,17,61,9,149,0,0,0,149
12/22/2021,FAT,CA,AWP,WE,Combined TRACON& Tower with Radar,66,21,36,3,126,0,1,21,3,25,66,22,57,6,151,0,0,0,151
12/23/2021,FAT,CA,AWP,WE,Combined TRACON& Tower with Radar,70,24,31,0,125,0,0,11,0,11,70,24,42,0,136,28,0,28,164
12/24/2021,FAT,CA,AWP,WE,Combined TRACON& Tower with Radar,52,16,14,0,82,0,1,21,2,24,52,17,35,2,106,0,0,0,106
12/25/2021,FAT,CA,AWP,WE,Combined TRACON& Tower with Radar,39,19,2,0,60,0,1,9,0,10,39,20,11,0,70,0,0,0,70
12/26/2021,FAT,CA,AWP,WE,Combined TRACON& Tower with Radar,49,18,44,2,113,0,8,52,2,62,49,26,96,4,175,26,0,26,201
12/27/2021,FAT,CA,AWP,WE,Combined TRACON& Tower with Radar,55,18,38,3,114,0,0,5,0,5,55,18,43,3,119,8,0,8,127
12/28/2021,FAT,CA,AWP,WE,Combined TRACON& Tower with Radar,58,26,32,1,117,0,3,20,2,25,58,29,52,3,142,68,0,68,210
12/29/2021,FAT,CA,AWP,WE,Combined TRACON& Tower with Radar,55,20,19,4,98,0,2,15,0,17,55,22,34,4,115,0,0,0,115
12/30/2021,FAT,CA,AWP,WE,Combined TRACON& Tower with Radar,63,20,37,2,122,0,3,35,0,38,63,23,72,2,160,0,0,0,160
12/31/2021,FAT,CA,AWP,WE,Combined TRACON& Tower with Radar,48,17,30,0,95,0,4,13,0,17,48,21,43,0,112,30,0,30,142
01/01/2022,FAT,CA,AWP,WE,Combined TRACON& Tower with Radar,38,14,14,0,66,0,5,29,0,34,38,19,43,0,100,16,0,16,116
01/02/2022,FAT,CA,AWP,WE,Combined TRACON& Tower with Radar,55,22,30,0,107,0,8,63,0,71,55,30,93,0,178,0,0,0,178
01/03/2022,FAT,CA,AWP,WE,Combined TRACON& Tower with Radar,56,20,25,0,101,0,4,53,1,58,56,24,78,1,159,30,0,30,189
01/04/2022,FAT,CA,AWP,WE,Combined TRACON& Tower with Radar,52,17,18,7,94,0,1,71,11,83,52,18,89,18,177,0,0,0,177
01/05/2022,FAT,CA,AWP,WE,Combined TRACON& Tower with Radar,49,19,44,17,129,0,3,47,3,53,49,22,91,20,182,38,0,38,220
01/06/2022,FAT,CA,AWP,WE,Combined TRACON& Tower with Radar,63,19,27,13,122,0,3,78,11,92,63,22,105,24,214,10,0,10,224
01/07/2022,FAT,CA,AWP,WE,Combined TRACON& Tower with Radar,57,17,35,4,113,0,1,26,5,32,57,18,61,9,145,4,0,4,149
01/08/2022,FAT,CA,AWP,WE,Combined TRACON& Tower with Radar,39,23,24,8,94,0,1,8,0,9,39,24,32,8,103,18,0,18,121
01/09/2022,FAT,CA,AWP,WE,Combined TRACON& Tower with Radar,48,12,23,1,84,0,2,52,4,58,48,14,75,5,142,4,16,20,162
01/10/2022,FAT,CA,AWP,WE,Combined TRACON& Tower with Radar,54,19,23,2,98,0,3,41,2,46,54,22,64,4,144,0,0,0,144
01/11/2022,FAT,CA,AWP,WE,Combined TRACON& Tower with Radar,52,18,20,20,110,0,1,53,6,60,52,19,73,26,170,0,0,0,170
01/12/2022,FAT,CA,AWP,WE,Combined TRACON& Tower with Radar,47,31,30,7,115,0,1,33,6,40,47,32,63,13,155,22,0,22,177
01/13/2022,FAT,CA,AWP,WE,Combined TRACON& Tower with Radar,66,17,11,17,111,0,2,63,9,74,66,19,74,26,185,20,0,20,205
01/14/2022,FAT,CA,AWP,WE,Combined TRACON& Tower with Radar,46,21,29,1,97,0,0,5,1,6,46,21,34,2,103,0,0,0,103
01/15/2022,FAT,CA,AWP,WE,Combined TRACON& Tower with Radar,38,28,27,1,94,0,0,6,0,6,38,28,33,1,100,0,0,0,100
01/16/2022,FAT,CA,AWP,WE,Combined TRACON& Tower with Radar,52,19,24,1,96,0,1,23,0,24,52,20,47,1,120,8,0,8,128
01/17/2022,FAT,CA,AWP,WE,Combined TRACON& Tower with Radar,55,28,15,5,103,1,4,57,3,65,56,32,72,8,168,18,0,18,186
01/18/2022,FAT,CA,AWP,WE,Combined TRACON& Tower with Radar,54,19,30,13,116,0,5,67,7,79,54,24,97,20,195,30,6,36,231
01/19/2022,FAT,CA,AWP,WE,Combined TRACON& Tower with Radar,51,20,32,16,119,0,8,55,9,72,51,28,87,25,191,26,16,42,233
01/20/2022,FAT,CA,AWP,WE,Combined TRACON& Tower with Radar,61,24,33,25,143,0,4,70,15,89,61,28,103,40,232,6,6,12,244
01/21/2022,FAT,CA,AWP,WE,Combined TRACON& Tower with Radar,54,26,59,2,141,0,0,10,0,10,54,26,69,2,151,0,0,0,151
01/22/2022,FAT,CA,AWP,WE,Combined TRACON& Tower with Radar,39,25,15,0,79,0,5,44,1,50,39,30,59,1,129,24,0,24,153
01/23/2022,FAT,CA,AWP,WE,Combined TRACON& Tower with Radar,52,19,24,1,96,0,5,81,0,86,52,24,105,1,182,12,0,12,194
01/24/2022,FAT,CA,AWP,WE,Combined TRACON& Tower with Radar,55,23,24,6,108,0,2,69,1,72,55,25,93,7,180,5,10,15,195
01/25/2022,FAT,CA,AWP,WE,Combined TRACON& Tower with Radar,50,16,21,2,89,0,5,74,2,81,50,21,95,4,170,0,0,0,170
01/26/2022,FAT,CA,AWP,WE,Combined TRACON& Tower with Radar,46,20,19,25,110,0,4,76,31,111,46,24,95,56,221,16,36,52,273
01/27/2022,FAT,CA,AWP,WE,Combined TRACON& Tower with Radar,63,23,31,4,121,0,7,97,10,114,63,30,128,14,235,14,0,14,249
01/28/2022,FAT,CA,AWP,WE,Combined TRACON& Tower with Radar,58,22,30,3,113,0,7,107,6,120,58,29,137,9,233,24,0,24,257
01/29/2022,FAT,CA,AWP,WE,Combined TRACON& Tower with Radar,43,16,15,0,74,0,5,67,0,72,43,21,82,0,146,30,0,30,176
01/30/2022,FAT,CA,AWP,WE,Combined TRACON& Tower with Radar,52,16,20,0,88,0,5,65,0,70,52,21,85,0,158,10,0,10,168
01/31/2022,FAT,CA,AWP,WE,Combined TRACON& Tower with Radar,53,22,17,19,111,0,4,66,12,82,53,26,83,31,193,10,18,28,221
02/01/2022,FAT,CA,AWP,WE,Combined TRACON& Tower with Radar,50,18,31,15,114,0,8,57,5,70,50,26,88,20,184,0,0,0,184
02/02/2022,FAT,CA,AWP,WE,Combined TRACON& Tower with Radar,45,23,19,15,102,0,5,61,12,78,45,28,80,27,180,104,18,122,302
02/03/2022,FAT,CA,AWP,WE,Combined TRACON& Tower with Radar,53,18,9,8,88,0,7,75,10,92,53,25,84,18,180,60,14,74,254
02/04/2022,FAT,CA,AWP,WE,Combined TRACON& Tower with Radar,51,18,19,10,98,0,4,79,8,91,51,22,98,18,189,56,8,64,253
02/05/2022,FAT,CA,AWP,WE,Combined TRACON& Tower with Radar,41,13,13,9,76,0,10,68,0,78,41,23,81,9,154,46,6,52,206
02/06/2022,FAT,CA,AWP,WE,Combined TRACON& Tower with Radar,54,22,6,1,83,0,2,69,5,76,54,24,75,6,159,48,0,48,207
02/07/2022,FAT,CA,AWP,WE,Combined TRACON& Tower with Radar,61,17,24,22,124,0,5,88,22,115,61,22,112,44,239,16,22,38,277
02/08/2022,FAT,CA,AWP,WE,Combined TRACON& Tower with Radar,52,12,23,9,96,0,7,111,5,123,52,19,134,14,219,32,6,38,257
02/09/2022,FAT,CA,AWP,WE,Combined TRACON& Tower with Radar,53,19,28,6,106,0,9,100,8,117,53,28,128,14,223,24,26,50,273
02/10/2022,FAT,CA,AWP,WE,Combined TRACON& Tower with Radar,61,18,28,8,115,0,4,91,4,99,61,22,119,12,214,18,20,38,252
02/11/2022,FAT,CA,AWP,WE,Combined TRACON& Tower with Radar,60,21,25,6,112,0,2,111,4,117,60,23,136,10,229,38,4,42,271
02/12/2022,FAT,CA,AWP,WE,Combined TRACON& Tower with Radar,49,22,20,0,91,0,8,71,2,81,49,30,91,2,172,50,0,50,222
02/13/2022,FAT,CA,AWP,WE,Combined TRACON& Tower with Radar,57,20,16,2,95,0,4,67,2,73,57,24,83,4,168,38,0,38,206
02/14/2022,FAT,CA,AWP,WE,Combined TRACON& Tower with Radar,61,20,20,7,108,0,5,80,4,89,61,25,100,11,197,12,4,16,213
02/15/2022,FAT,CA,AWP,WE,Combined TRACON& Tower with Radar,54,20,25,8,107,0,5,76,10,91,54,25,101,18,198,6,16,22,220
02/16/2022,FAT,CA,AWP,WE,Combined TRACON& Tower with Radar,55,15,15,22,107,0,11,76,10,97,55,26,91,32,204,24,18,42,246
02/17/2022,FAT,CA,AWP,WE,Combined TRACON& Tower with Radar,65,19,29,9,122,0,5,105,4,114,65,24,134,13,236,32,20,52,288
02/18/2022,FAT,CA,AWP,WE,Combined TRACON& Tower with Radar,58,16,18,6,98,0,4,122,15,141,58,20,140,21,239,46,12,58,297
02/19/2022,FAT,CA,AWP,WE,Combined TRACON& Tower with Radar,45,31,14,0,90,0,19,77,2,98,45,50,91,2,188,52,0,52,240
02/20/2022,FAT,CA,AWP,WE,Combined TRACON& Tower with Radar,57,24,19,0,100,0,1,48,0,49,57,25,67,0,149,16,0,16,165
02/21/2022,FAT,CA,AWP,WE,Combined TRACON& Tower with Radar,61,20,26,2,109,0,4,89,4,97,61,24,115,6,206,68,0,68,274
02/22/2022,FAT,CA,AWP,WE,Combined TRACON& Tower with Radar,54,19,27,10,110,0,5,41,0,46,54,24,68,10,156,36,0,36,192
02/23/2022,FAT,CA,AWP,WE,Combined TRACON& Tower with Radar,51,15,32,5,103,0,8,52,12,72,51,23,84,17,175,6,6,12,187
02/24/2022,FAT,CA,AWP,WE,Combined TRACON& Tower with Radar,59,18,24,11,112,0,5,86,13,104,59,23,110,24,216,24,24,48,264
02/25/2022,FAT,CA,AWP,WE,Combined TRACON& Tower with Radar,55,21,28,6,110,0,3,111,13,127,55,24,139,19,237,40,6,46,283
02/26/2022,FAT,CA,AWP,WE,Combined TRACON& Tower with Radar,44,18,16,0,78,0,4,91,6,101,44,22,107,6,179,40,0,40,219
02/27/2022,FAT,CA,AWP,WE,Combined TRACON& Tower with Radar,55,18,15,14,102,0,4,83,2,89,55,22,98,16,191,50,14,64,255
02/28/2022,FAT,CA,AWP,WE,Combined TRACON& Tower with Radar,57,20,13,7,97,0,4,81,7,92,57,24,94,14,189,4,16,20,209
03/01/2022,FAT,CA,AWP,WE,Combined TRACON& Tower with Radar,55,14,25,10,104,0,4,100,6,110,55,18,125,16,214,56,32,88,302
03/02/2022,FAT,CA,AWP,WE,Combined TRACON& Tower with Radar,57,24,25,25,131,0,7,84,12,103,57,31,109,37,234,26,12,38,272
03/03/2022,FAT,CA,AWP,WE,Combined TRACON& Tower with Radar,62,13,21,0,96,0,12,87,6,105,62,25,108,6,201,64,14,78,279
03/04/2022,FAT,CA,AWP,WE,Combined TRACON& Tower with Radar,55,22,37,11,125,0,0,21,5,26,55,22,58,16,151,0,0,0,151
03/05/2022,FAT,CA,AWP,WE,Combined TRACON& Tower with Radar,43,15,15,18,91,0,8,39,6,53,43,23,54,24,144,8,22,30,174
03/06/2022,FAT,CA,AWP,WE,Combined TRACON& Tower with Radar,56,13,18,17,104,0,7,64,3,74,56,20,82,20,178,42,2,44,222
03/07/2022,FAT,CA,AWP,WE,Combined TRACON& Tower with Radar,56,15,24,3,98,0,7,83,6,96,56,22,107,9,194,46,12,58,252
03/08/2022,FAT,CA,AWP,WE,Combined TRACON& Tower with Radar,54,13,11,4,82,0,6,85,7,98,54,19,96,11,180,18,0,18,198
03/09/2022,FAT,CA,AWP,WE,Combined TRACON& Tower with Radar,51,17,20,18,106,0,9,109,9,127,51,26,129,27,233,16,32,48,281
03/10/2022,FAT,CA,AWP,WE,Combined TRACON& Tower with Radar,63,12,39,10,124,0,10,95,5,110,63,22,134,15,234,38,18,56,290
03/11/2022,FAT,CA,AWP,WE,Combined TRACON& Tower with Radar,58,16,30,9,113,0,2,106,12,120,58,18,136,21,233,34,10,44,277
03/12/2022,FAT,CA,AWP,WE,Combined TRACON& Tower with Radar,46,14,16,0,76,0,8,61,8,77,46,22,77,8,153,46,4,50,203
03/13/2022,FAT,CA,AWP,WE,Combined TRACON& Tower with Radar,50,14,31,6,101,0,1,91,1,93,50,15,122,7,194,70,22,92,286
03/14/2022,FAT,CA,AWP,WE,Combined TRACON& Tower with Radar,59,13,16,5,93,0,8,108,11,127,59,21,124,16,220,36,16,52,272
03/15/2022,FAT,CA,AWP,WE,Combined TRACON& Tower with Radar,53,13,36,11,113,0,8,76,14,98,53,21,112,25,211,0,18,18,229
03/16/2022,FAT,CA,AWP,WE,Combined TRACON& Tower with Radar,54,16,26,7,103,0,8,73,9,90,54,24,99,16,193,34,0,34,227
03/17/2022,FAT,CA,AWP,WE,Combined TRACON& Tower with Radar,63,11,21,16,111,0,4,101,9,114,63,15,122,25,225,40,12,52,277
03/18/2022,FAT,CA,AWP,WE,Combined TRACON& Tower with Radar,53,15,20,12,100,0,6,110,11,127,53,21,130,23,227,12,38,50,277
03/19/2022,FAT,CA,AWP,WE,Combined TRACON& Tower with Radar,46,14,23,2,85,0,5,55,0,60,46,19,78,2,145,6,0,6,151
03/20/2022,FAT,CA,AWP,WE,Combined TRACON& Tower with Radar,52,13,32,0,97,0,3,58,2,63,52,16,90,2,160,6,10,16,176
03/21/2022,FAT,CA,AWP,WE,Combined TRACON& Tower with Radar,56,15,10,17,98,0,7,79,4,90,56,22,89,21,188,84,22,106,294
03/22/2022,FAT,CA,AWP,WE,Combined TRACON& Tower with Radar,52,12,21,13,98,0,5,118,12,135,52,17,139,25,233,56,4,60,293
03/23/2022,FAT,CA,AWP,WE,Combined TRACON& Tower with Radar,53,12,23,4,92,0,6,111,14,131,53,18,134,18,223,40,0,40,263
03/24/2022,FAT,CA,AWP,WE,Combined TRACON& Tower with Radar,62,16,21,8,107,0,16,120,10,146,62,32,141,18,253,44,0,44,297
03/25/2022,FAT,CA,AWP,WE,Combined TRACON& Tower with Radar,54,16,30,3,103,1,9,120,14,144,55,25,150,17,247,36,4,40,287
03/26/2022,FAT,CA,AWP,WE,Combined TRACON& Tower with Radar,44,12,16,8,80,0,16,73,2,91,44,28,89,10,171,15,0,15,186
03/27/2022,FAT,CA,AWP,WE,Combined TRACON& Tower with Radar,55,16,10,2,83,0,12,72,0,84,55,28,82,2,167,28,16,44,211
03/28/2022,FAT,CA,AWP,WE,Combined TRACON& Tower with Radar,53,17,16,17,103,0,2,12,7,21,53,19,28,24,124,50,14,64,188
03/29/2022,FAT,CA,AWP,WE,Combined TRACON& Tower with Radar,59,20,27,9,115,0,3,29,5,37,59,23,56,14,152,62,0,62,214
03/30/2022,FAT,CA,AWP,WE,Combined TRACON& Tower with Radar,52,18,36,12,118,0,8,107,19,134,52,26,143,31,252,124,24,148,400
03/31/2022,FAT,CA,AWP,WE,Combined TRACON& Tower with Radar,62,15,36,12,125,0,6,84,9,99,62,21,120,21,224,0,0,0,224
04/01/2022,FAT,CA,AWP,WE,Combined TRACON& Tower with Radar,54,18,18,2,92,0,5,124,8,137,54,23,142,10,229,46,16,62,291
04/02/2022,FAT,CA,AWP,WE,Combined TRACON& Tower with Radar,48,18,21,2,89,0,6,53,0,59,48,24,74,2,148,22,0,22,170
04/03/2022,FAT,CA,AWP,WE,Combined TRACON& Tower with Radar,56,15,23,2,96,0,11,73,0,84,56,26,96,2,180,0,0,0,180
04/04/2022,FAT,CA,AWP,WE,Combined TRACON& Tower with Radar,57,16,24,0,97,0,4,100,3,107,57,20,124,3,204,46,0,46,250
04/05/2022,FAT,CA,AWP,WE,Combined TRACON& Tower with Radar,57,14,16,2,89,0,6,106,6,118,57,20,122,8,207,40,0,40,247
04/06/2022,FAT,CA,AWP,WE,Combined TRACON& Tower with Radar,57,19,19,8,103,0,8,98,4,110,57,27,117,12,213,92,0,92,305
04/07/2022,FAT,CA,AWP,WE,Combined TRACON& Tower with Radar,68,15,14,12,109,0,11,107,15,133,68,26,121,27,242,64,14,78,320
04/08/2022,FAT,CA,AWP,WE,Combined TRACON& Tower with Radar,60,14,16,6,96,0,7,95,7,109,60,21,111,13,205,34,0,34,239
04/09/2022,FAT,CA,AWP,WE,Combined TRACON& Tower with Radar,50,16,11,0,77,0,5,54,0,59,50,21,65,0,136,14,0,14,150
04/10/2022,FAT,CA,AWP,WE,Combined TRACON& Tower with Radar,62,12,13,3,90,0,11,55,3,69,62,23,68,6,159,24,0,24,183
04/11/2022,FAT,CA,AWP,WE,Combined TRACON& Tower with Radar,59,14,40,1,114,0,6,43,2,51,59,20,83,3,165,28,0,28,193
04/12/2022,FAT,CA,AWP,WE,Combined TRACON& Tower with Radar,60,14,15,5,94,0,9,85,1,95,60,23,100,6,189,58,4,62,251
04/13/2022,FAT,CA,AWP,WE,Combined TRACON& Tower with Radar,57,13,20,6,96,0,9,72,2,83,57,22,92,8,179,56,0,56,235
04/14/2022,FAT,CA,AWP,WE,Combined TRACON& Tower with Radar,65,20,26,5,116,0,8,81,12,101,65,28,107,17,217,26,0,26,243
04/15/2022,FAT,CA,AWP,WE,Combined TRACON& Tower with Radar,62,12,24,1,99,0,4,83,14,101,62,16,107,15,200,2,8,10,210
04/16/2022,FAT,CA,AWP,WE,Combined TRACON& Tower with Radar,53,16,24,0,93,0,10,30,1,41,53,26,54,1,134,22,0,22,156
04/17/2022,FAT,CA,AWP,WE,Combined TRACON& Tower with Radar,58,16,8,0,82,0,7,58,0,65,58,23,66,0,147,16,0,16,163
04/18/2022,FAT,CA,AWP,WE,Combined TRACON& Tower with Radar,60,16,24,5,105,0,2,85,5,92,60,18,109,10,197,20,0,20,217
04/19/2022,FAT,CA,AWP,WE,Combined TRACON& Tower with Radar,59,17,25,7,108,0,5,100,6,111,59,22,125,13,219,32,0,32,251
04/20/2022,FAT,CA,AWP,WE,Combined TRACON& Tower with Radar,60,21,39,1,121,0,4,130,7,141,60,25,169,8,262,34,16,50,312
04/21/2022,FAT,CA,AWP,WE,Combined TRACON& Tower with Radar,63,23,42,0,128,0,6,51,1,58,63,29,93,1,186,34,0,34,220
04/22/2022,FAT,CA,AWP,WE,Combined TRACON& Tower with Radar,63,15,19,4,101,0,4,64,4,72,63,19,83,8,173,86,4,90,263
04/23/2022,FAT,CA,AWP,WE,Combined TRACON& Tower with Radar,52,12,16,4,84,0,6,96,4,106,52,18,112,8,190,86,6,92,282
04/24/2022,FAT,CA,AWP,WE,Combined TRACON& Tower with Radar,55,10,20,1,86,0,5,76,3,84,55,15,96,4,170,2,8,10,180
04/25/2022,FAT,CA,AWP,WE,Combined TRACON& Tower with Radar,58,16,18,2,94,0,4,107,3,114,58,20,125,5,208,18,14,32,240
04/26/2022,FAT,CA,AWP,WE,Combined TRACON& Tower with Radar,57,13,15,2,87,0,7,104,4,115,57,20,119,6,202,38,0,38,240
04/27/2022,FAT,CA,AWP,WE,Combined TRACON& Tower with Radar,58,20,16,8,102,0,14,93,10,117,58,34,109,18,219,14,16,30,249
04/28/2022,FAT,CA,AWP,WE,Combined TRACON& Tower with Radar,64,13,25,12,114,0,7,86,17,110,64,20,111,29,224,26,0,26,250
04/29/2022,FAT,CA,AWP,WE,Combined TRACON& Tower with Radar,62,21,26,9,118,0,1,96,0,97,62,22,122,9,215,32,0,32,247
04/30/2022,FAT,CA,AWP,WE,Combined TRACON& Tower with Radar,53,15,13,4,85,0,6,62,3,71,53,21,75,7,156,52,16,68,224
05/01/2022,FAT,CA,AWP,WE,Combined TRACON& Tower with Radar,59,18,19,2,98,0,3,78,1,82,59,21,97,3,180,6,0,6,186
05/02/2022,FAT,CA,AWP,WE,Combined TRACON& Tower with Radar,59,12,18,6,95,0,8,71,5,84,59,20,89,11,179,14,0,14,193
05/03/2022,FAT,CA,AWP,WE,Combined TRACON& Tower with Radar,57,11,26,1,95,0,12,89,4,105,57,23,115,5,200,56,0,56,256
05/04/2022,FAT,CA,AWP,WE,Combined TRACON& Tower with Radar,55,16,18,8,97,0,6,100,14,120,55,22,118,22,217,44,16,60,277
05/05/2022,FAT,CA,AWP,WE,Combined TRACON& Tower with Radar,64,19,21,8,112,0,7,100,17,124,64,26,121,25,236,34,2,36,272
05/06/2022,FAT,CA,AWP,WE,Combined TRACON& Tower with Radar,59,14,15,7,95,0,3,80,20,103,59,17,95,27,198,20,18,38,236
05/07/2022,FAT,CA,AWP,WE,Combined TRACON& Tower with Radar,49,16,23,2,90,0,12,72,1,85,49,28,95,3,175,40,0,40,215
05/08/2022,FAT,CA,AWP,WE,Combined TRACON& Tower with Radar,57,14,15,5,91,0,3,41,4,48,57,17,56,9,139,0,0,0,139
05/09/2022,FAT,CA,AWP,WE,Combined TRACON& Tower with Radar,60,14,22,11,107,0,2,71,7,80,60,16,93,18,187,32,0,32,219
05/10/2022,FAT,CA,AWP,WE,Combined TRACON& Tower with Radar,57,15,12,10,94,0,14,73,6,93,57,29,85,16,187,6,4,10,197
05/11/2022,FAT,CA,AWP,WE,Combined TRACON& Tower with Radar,57,14,22,6,99,0,16,112,18,146,57,30,134,24,245,40,8,48,293
05/12/2022,FAT,CA,AWP,WE,Combined TRACON& Tower with Radar,67,16,40,17,140,0,6,105,13,124,67,22,145,30,264,58,22,80,344
05/13/2022,FAT,CA,AWP,WE,Combined TRACON& Tower with Radar,60,14,21,5,100,0,5,106,5,116,60,19,127,10,216,24,8,32,248
05/14/2022,FAT,CA,AWP,WE,Combined TRACON& Tower with Radar,49,18,22,9,98,0,4,91,9,104,49,22,113,18,202,18,8,26,228
05/15/2022,FAT,CA,AWP,WE,Combined TRACON& Tower with Radar,57,17,17,3,94,0,6,75,4,85,57,23,92,7,179,20,0,20,199
05/16/2022,FAT,CA,AWP,WE,Combined TRACON& Tower with Radar,60,18,10,7,95,0,7,94,5,106,60,25,104,12,201,36,4,40,241
05/17/2022,FAT,CA,AWP,WE,Combined TRACON& Tower with Radar,57,18,11,8,94,0,8,95,9,112,57,26,106,17,206,42,4,46,252
05/18/2022,FAT,CA,AWP,WE,Combined TRACON& Tower with Radar,61,17,19,9,106,0,7,91,14,112,61,24,110,23,218,12,0,12,230
05/19/2022,FAT,CA,AWP,WE,Combined TRACON& Tower with Radar,67,16,39,8,130,0,5,108,10,123,67,21,147,18,253,34,0,34,287
05/20/2022,FAT,CA,AWP,WE,Combined TRACON& Tower with Radar,57,25,35,8,125,0,3,70,15,88,57,28,105,23,213,32,0,32,245
05/21/2022,FAT,CA,AWP,WE,Combined TRACON& Tower with Radar,49,14,25,1,89,0,8,82,18,108,49,22,107,19,197,54,0,54,251
05/22/2022,FAT,CA,AWP,WE,Combined TRACON& Tower with Radar,59,14,22,1,96,0,5,74,1,80,59,19,96,2,176,32,0,32,208
05/23/2022,FAT,CA,AWP,WE,Combined TRACON& Tower with Radar,58,12,20,0,90,0,4,84,2,90,58,16,104,2,180,46,0,46,226
05/24/2022,FAT,CA,AWP,WE,Combined TRACON& Tower with Radar,54,19,25,7,105,0,6,102,2,110,54,25,127,9,215,34,10,44,259
05/25/2022,FAT,CA,AWP,WE,Combined TRACON& Tower with Radar,58,13,34,10,115,0,9,103,6,118,58,22,137,16,233,36,0,36,269
05/26/2022,FAT,CA,AWP,WE,Combined TRACON& Tower with Radar,64,14,35,13,126,0,8,96,4,108,64,22,131,17,234,0,0,0,234
05/27/2022,FAT,CA,AWP,WE,Combined TRACON& Tower with Radar,62,14,26,3,105,0,6,81,4,91,62,20,107,7,196,24,12,36,232
05/28/2022,FAT,CA,AWP,WE,Combined TRACON& Tower with Radar,53,20,13,0,86,0,11,56,8,75,53,31,69,8,161,32,0,32,193
05/29/2022,FAT,CA,AWP,WE,Combined TRACON& Tower with Radar,56,16,25,0,97,0,5,44,15,64,56,21,69,15,161,22,0,22,183
05/30/2022,FAT,CA,AWP,WE,Combined TRACON& Tower with Radar,54,14,23,2,93,0,6,68,1,75,54,20,91,3,168,14,0,14,182
05/31/2022,FAT,CA,AWP,WE,Combined TRACON& Tower with Radar,63,11,17,5,96,0,11,115,6,132,63,22,132,11,228,38,0,38,266
06/01/2022,FAT,CA,AWP,WE,Combined TRACON& Tower with Radar,56,11,20,12,99,0,9,93,7,109,56,20,113,19,208,12,20,32,240
06/02/2022,FAT,CA,AWP,WE,Combined TRACON& Tower with Radar,64,16,27,6,113,0,11,97,6,114,64,27,124,12,227,48,0,48,275
06/03/2022,FAT,CA,AWP,WE,Combined TRACON& Tower with Radar,58,17,21,7,103,0,3,104,20,127,58,20,125,27,230,42,26,68,298
06/04/2022,FAT,CA,AWP,WE,Combined TRACON& Tower with Radar,60,13,21,18,112,0,9,69,10,88,60,22,90,28,200,16,12,28,228
06/05/2022,FAT,CA,AWP,WE,Combined TRACON& Tower with Radar,59,20,32,1,112,0,16,74,10,100,59,36,106,11,212,10,0,10,222
06/06/2022,FAT,CA,AWP,WE,Combined TRACON& Tower with Radar,63,14,18,0,95,0,7,74,9,90,63,21,92,9,185,16,4,20,205
06/07/2022,FAT,CA,AWP,WE,Combined TRACON& Tower with Radar,62,18,26,7,113,0,7,116,17,140,62,25,142,24,253,52,24,76,329
06/08/2022,FAT,CA,AWP,WE,Combined TRACON& Tower with Radar,63,23,24,7,117,0,13,89,5,107,63,36,113,12,224,36,14,50,274
06/09/2022,FAT,CA,AWP,WE,Combined TRACON& Tower with Radar,70,22,21,7,120,0,5,91,10,106,70,27,112,17,226,62,8,70,296
06/10/2022,FAT,CA,AWP,WE,Combined TRACON& Tower with Radar,66,17,20,9,112,0,13,104,23,140,66,30,124,32,252,34,0,34,286
06/11/2022,FAT,CA,AWP,WE,Combined TRACON& Tower with Radar,62,19,20,0,101,0,16,87,0,103,62,35,107,0,204,60,0,60,264
06/12/2022,FAT,CA,AWP,WE,Combined TRACON& Tower with Radar,59,18,22,2,101,0,9,77,7,93,59,27,99,9,194,28,0,28,222
06/13/2022,FAT,CA,AWP,WE,Combined TRACON& Tower with Radar,66,8,21,7,102,0,6,78,13,97,66,14,99,20,199,46,22,68,267
06/14/2022,FAT,CA,AWP,WE,Combined TRACON& Tower with Radar,64,18,18,9,109,0,13,104,17,134,64,31,122,26,243,90,2,92,335
06/15/2022,FAT,CA,AWP,WE,Combined TRACON& Tower with Radar,66,15,23,6,110,0,11,104,18,133,66,26,127,24,243,20,12,32,275
06/16/2022,FAT,CA,AWP,WE,Combined TRACON& Tower with Radar,69,17,26,10,122,0,9,89,12,110,69,26,115,22,232,34,0,34,266
06/17/2022,FAT,CA,AWP,WE,Combined TRACON& Tower with Radar,67,16,21,4,108,0,8,93,7,108,67,24,114,11,216,22,0,22,238
06/18/2022,FAT,CA,AWP,WE,Combined TRACON& Tower with Radar,58,16,21,3,98,0,18,105,0,123,58,34,126,3,221,30,12,42,263
06/19/2022,FAT,CA,AWP,WE,Combined TRACON& Tower with Radar,63,20,16,5,104,0,4,61,7,72,63,24,77,12,176,38,0,38,214
06/20/2022,FAT,CA,AWP,WE,Combined TRACON& Tower with Radar,72,14,23,0,109,1,7,80,7,95,73,21,103,7,204,42,0,42,246
06/21/2022,FAT,CA,AWP,WE,Combined TRACON& Tower with Radar,68,14,18,6,106,0,10,111,8,129,68,24,129,14,235,30,8,38,273
06/22/2022,FAT,CA,AWP,WE,Combined TRACON& Tower with Radar,63,21,17,7,108,0,4,46,14,64,63,25,63,21,172,0,0,0,172
06/23/2022,FAT,CA,AWP,WE,Combined TRACON& Tower with Radar,72,23,16,5,116,0,7,116,24,147,72,30,132,29,263,0,0,0,263
06/24/2022,FAT,CA,AWP,WE,Combined TRACON& Tower with Radar,68,14,17,9,108,0,7,78,9,94,68,21,95,18,202,48,2,50,252
06/25/2022,FAT,CA,AWP,WE,Combined TRACON& Tower with Radar,58,15,11,0,84,0,11,55,3,69,58,26,66,3,153,1,0,1,154
06/26/2022,FAT,CA,AWP,WE,Combined TRACON& Tower with Radar,59,19,24,1,103,0,2,65,3,70,59,21,89,4,173,0,0,0,173
06/27/2022,FAT,CA,AWP,WE,Combined TRACON& Tower with Radar,65,21,25,4,115,0,6,84,3,93,65,27,109,7,208,0,0,0,208
06/28/2022,FAT,CA,AWP,WE,Combined TRACON& Tower with Radar,64,19,19,15,117,0,13,95,14,122,64,32,114,29,239,0,0,0,239
06/29/2022,FAT,CA,AWP,WE,Combined TRACON& Tower with Radar,62,18,26,25,131,0,5,100,7,112,62,23,126,32,243,40,12,52,295
06/30/2022,FAT,CA,AWP,WE,Combined TRACON& Tower with Radar,66,20,26,16,128,0,8,83,17,108,66,28,109,33,236,42,8,50,286
07/01/2022,FAT,CA,AWP,WE,Combined TRACON& Tower with Radar,67,17,28,2,114,0,7,105,17,129,67,24,133,19,243,80,0,80,323
07/02/2022,FAT,CA,AWP,WE,Combined TRACON& Tower with Radar,57,17,16,0,90,0,10,52,3,65,57,27,68,3,155,10,0,10,165
07/03/2022,FAT,CA,AWP,WE,Combined TRACON& Tower with Radar,64,14,11,0,89,0,6,47,8,61,64,20,58,8,150,0,0,0,150
07/04/2022,FAT,CA,AWP,WE,Combined TRACON& Tower with Radar,59,17,9,0,85,0,2,48,6,56,59,19,57,6,141,40,0,40,181
07/05/2022,FAT,CA,AWP,WE,Combined TRACON& Tower with Radar,65,15,20,9,109,0,11,86,17,114,65,26,106,26,223,42,24,66,289
07/06/2022,FAT,CA,AWP,WE,Combined TRACON& Tower with Radar,64,16,23,15,118,0,10,109,22,141,64,26,132,37,259,76,20,96,355
07/07/2022,FAT,CA,AWP,WE,Combined TRACON& Tower with Radar,72,18,18,9,117,2,7,115,38,162,74,25,133,47,279,24,0,24,303
07/08/2022,FAT,CA,AWP,WE,Combined TRACON& Tower with Radar,69,14,27,2,112,6,10,88,85,189,75,24,115,87,301,0,0,0,301
07/09/2022,FAT,CA,AWP,WE,Combined TRACON& Tower with Radar,54,20,18,0,92,0,9,66,15,90,54,29,84,15,182,12,0,12,194
07/10/2022,FAT,CA,AWP,WE,Combined TRACON& Tower with Radar,71,14,13,0,98,0,5,88,12,105,71,19,101,12,203,6,0,6,209
07/11/2022,FAT,CA,AWP,WE,Combined TRACON& Tower with Radar,64,20,15,17,116,0,5,81,21,107,64,25,96,38,223,18,32,50,273
07/12/2022,FAT,CA,AWP,WE,Combined TRACON& Tower with Radar,67,18,34,5,124,1,5,88,30,124,68,23,122,35,248,28,0,28,276
07/13/2022,FAT,CA,AWP,WE,Combined TRACON& Tower with Radar,60,17,19,17,113,2,11,113,29,155,62,28,132,46,268,18,0,18,286
07/14/2022,FAT,CA,AWP,WE,Combined TRACON& Tower with Radar,68,16,24,12,120,1,14,108,49,172,69,30,132,61,292,54,38,92,384
07/15/2022,FAT,CA,AWP,WE,Combined TRACON& Tower with Radar,65,14,15,6,100,0,14,87,8,109,65,28,102,14,209,42,8,50,259
07/16/2022,FAT,CA,AWP,WE,Combined TRACON& Tower with Radar,60,14,10,4,88,0,9,60,9,78,60,23,70,13,166,8,0,8,174
07/17/2022,FAT,CA,AWP,WE,Combined TRACON& Tower with Radar,61,18,12,0,91,0,5,64,5,74,61,23,76,5,165,12,0,12,177
07/18/2022,FAT,CA,AWP,WE,Combined TRACON& Tower with Radar,68,12,19,5,104,0,6,76,25,107,68,18,95,30,211,22,4,26,237
07/19/2022,FAT,CA,AWP,WE,Combined TRACON& Tower with Radar,66,14,9,12,101,0,11,81,12,104,66,25,90,24,205,18,0,18,223
07/20/2022,FAT,CA,AWP,WE,Combined TRACON& Tower with Radar,60,19,25,9,113,1,7,100,14,122,61,26,125,23,235,20,8,28,263
07/21/2022,FAT,CA,AWP,WE,Combined TRACON& Tower with Radar,72,21,27,10,130,2,2,114,21,139,74,23,141,31,269,0,0,0,269
07/22/2022,FAT,CA,AWP,WE,Combined TRACON& Tower with Radar,69,13,23,3,108,1,7,113,60,181,70,20,136,63,289,16,18,34,323
07/23/2022,FAT,CA,AWP,WE,Combined TRACON& Tower with Radar,57,17,19,0,93,1,4,89,73,167,58,21,108,73,260,24,0,24,284
07/24/2022,FAT,CA,AWP,WE,Combined TRACON& Tower with Radar,58,15,20,1,94,1,7,90,64,162,59,22,110,65,256,60,0,60,316
07/25/2022,FAT,CA,AWP,WE,Combined TRACON& Tower with Radar,64,14,17,16,111,0,9,90,50,149,64,23,107,66,260,30,10,40,300
07/26/2022,FAT,CA,AWP,WE,Combined TRACON& Tower with Radar,63,17,18,18,116,0,7,89,13,109,63,24,107,31,225,50,0,50,275
07/27/2022,FAT,CA,AWP,WE,Combined TRACON& Tower with Radar,63,21,24,6,114,0,10,89,7,106,63,31,113,13,220,64,0,64,284
07/28/2022,FAT,CA,AWP,WE,Combined TRACON& Tower with Radar,67,21,23,8,119,0,6,77,7,90,67,27,100,15,209,24,0,24,233
07/29/2022,FAT,CA,AWP,WE,Combined TRACON& Tower with Radar,66,21,21,6,114,0,7,66,10,83,66,28,87,16,197,52,0,52,249
07/30/2022,FAT,CA,AWP,WE,Combined TRACON& Tower with Radar,56,19,18,0,93,0,8,89,11,108,56,27,107,11,201,42,12,54,255
07/31/2022,FAT,CA,AWP,WE,Combined TRACON& Tower with Radar,60,24,26,0,110,0,8,69,28,105,60,32,95,28,215,34,0,34,249
08/01/2022,FAT,CA,AWP,WE,Combined TRACON& Tower with Radar,64,17,22,22,125,0,6,65,16,87,64,23,87,38,212,48,8,56,268
08/02/2022,FAT,CA,AWP,WE,Combined TRACON& Tower with Radar,67,11,17,0,95,1,2,81,14,98,68,13,98,14,193,44,0,44,237
08/03/2022,FAT,CA,AWP,WE,Combined TRACON& Tower with Radar,60,15,10,20,105,0,8,82,15,105,60,23,92,35,210,46,22,68,278
08/04/2022,FAT,CA,AWP,WE,Combined TRACON& Tower with Radar,67,23,23,9,122,0,5,87,24,116,67,28,110,33,238,40,14,54,292
08/05/2022,FAT,CA,AWP,WE,Combined TRACON& Tower with Radar,68,25,15,5,113,0,9,59,7,75,68,34,74,12,188,48,0,48,236
08/06/2022,FAT,CA,AWP,WE,Combined TRACON& Tower with Radar,55,16,16,3,90,1,7,77,5,90,56,23,93,8,180,28,0,28,208
08/07/2022,FAT,CA,AWP,WE,Combined TRACON& Tower with Radar,57,21,13,3,94,0,1,81,5,87,57,22,94,8,181,2,0,2,183
08/08/2022,FAT,CA,AWP,WE,Combined TRACON& Tower with Radar,64,19,17,5,105,0,6,61,4,71,64,25,78,9,176,24,0,24,200
08/09/2022,FAT,CA,AWP,WE,Combined TRACON& Tower with Radar,63,23,25,8,119,0,9,95,6,110,63,32,120,14,229,56,0,56,285
08/10/2022,FAT,CA,AWP,WE,Combined TRACON& Tower with Radar,61,20,29,17,127,0,3,100,16,119,61,23,129,33,246,72,38,110,356
08/11/2022,FAT,CA,AWP,WE,Combined TRACON& Tower with Radar,65,22,27,20,134,0,4,76,20,100,65,26,103,40,234,44,8,52,286
08/12/2022,FAT,CA,AWP,WE,Combined TRACON& Tower with Radar,70,19,22,7,118,0,5,104,20,129,70,24,126,27,247,94,0,94,341
08/13/2022,FAT,CA,AWP,WE,Combined TRACON& Tower with Radar,55,23,11,0,89,0,4,69,0,73,55,27,80,0,162,16,0,16,178
08/14/2022,FAT,CA,AWP,WE,Combined TRACON& Tower with Radar,56,20,19,1,96,0,7,84,8,99,56,27,103,9,195,0,0,0,195
08/15/2022,FAT,CA,AWP,WE,Combined TRACON& Tower with Radar,64,12,25,5,106,0,3,68,15,86,64,15,93,20,192,40,4,44,236
08/16/2022,FAT,CA,AWP,WE,Combined TRACON& Tower with Radar,63,12,31,13,119,0,5,92,16,113,63,17,123,29,232,28,6,34,266
08/17/2022,FAT,CA,AWP,WE,Combined TRACON& Tower with Radar,58,18,28,11,115,0,4,95,8,107,58,22,123,19,222,18,18,36,258
08/18/2022,FAT,CA,AWP,WE,Combined TRACON& Tower with Radar,65,17,22,16,120,0,4,99,23,126,65,21,121,39,246,68,36,104,350
08/19/2022,FAT,CA,AWP,WE,Combined TRACON& Tower with Radar,67,16,31,11,125,0,4,95,5,104,67,20,126,16,229,38,0,38,267
08/20/2022,FAT,CA,AWP,WE,Combined TRACON& Tower with Radar,59,16,13,0,88,0,4,75,0,79,59,20,88,0,167,38,0,38,205
08/21/2022,FAT,CA,AWP,WE,Combined TRACON& Tower with Radar,55,18,17,1,91,0,6,73,0,79,55,24,90,1,170,22,0,22,192
08/22/2022,FAT,CA,AWP,WE,Combined TRACON& Tower with Radar,65,22,20,2,109,0,5,92,13,110,65,27,112,15,219,38,0,38,257
08/23/2022,FAT,CA,AWP,WE,Combined TRACON& Tower with Radar,61,14,17,16,108,0,5,99,22,126,61,19,116,38,234,16,4,20,254
08/24/2022,FAT,CA,AWP,WE,Combined TRACON& Tower with Radar,59,13,15,14,101,0,5,108,24,137,59,18,123,38,238,22,6,28,266
08/25/2022,FAT,CA,AWP,WE,Combined TRACON& Tower with Radar,69,15,23,14,121,0,7,120,31,158,69,22,143,45,279,56,28,84,363
08/26/2022,FAT,CA,AWP,WE,Combined TRACON& Tower with Radar,66,16,26,4,112,0,5,113,10,128,66,21,139,14,240,44,10,54,294
08/27/2022,FAT,CA,AWP,WE,Combined TRACON& Tower with Radar,54,12,13,2,81,0,14,78,1,93,54,26,91,3,174,16,0,16,190
08/28/2022,FAT,CA,AWP,WE,Combined TRACON& Tower with Radar,61,15,17,0,93,0,4,85,4,93,61,19,102,4,186,12,0,12,198
08/29/2022,FAT,CA,AWP,WE,Combined TRACON& Tower with Radar,64,18,17,3,102,0,1,107,6,114,64,19,124,9,216,0,0,0,216
08/30/2022,FAT,CA,AWP,WE,Combined TRACON& Tower with Radar,61,14,18,9,102,0,4,131,13,148,61,18,149,22,250,36,16,52,302
08/31/2022,FAT,CA,AWP,WE,Combined TRACON& Tower with Radar,57,21,24,20,122,0,2,107,15,124,57,23,131,35,246,52,22,74,320
09/01/2022,FAT,CA,AWP,WE,Combined TRACON& Tower with Radar,68,30,36,10,144,0,5,121,10,136,68,35,157,20,280,26,16,42,322
09/02/2022,FAT,CA,AWP,WE,Combined TRACON& Tower with Radar,67,16,24,14,121,1,6,98,41,146,68,22,122,55,267,0,0,0,267
09/03/2022,FAT,CA,AWP,WE,Combined TRACON& Tower with Radar,52,17,19,0,88,0,13,76,16,105,52,30,95,16,193,20,0,20,213
09/04/2022,FAT,CA,AWP,WE,Combined TRACON& Tower with Radar,49,19,15,0,83,0,5,55,12,72,49,24,70,12,155,26,0,26,181
09/05/2022,FAT,CA,AWP,WE,Combined TRACON& Tower with Radar,62,20,21,3,106,0,11,81,16,108,62,31,102,19,214,6,0,6,220
09/06/2022,FAT,CA,AWP,WE,Combined TRACON& Tower with Radar,59,15,21,7,102,0,3,73,77,153,59,18,94,84,255,0,0,0,255
09/07/2022,FAT,CA,AWP,WE,Combined TRACON& Tower with Radar,55,18,26,19,118,0,7,94,81,182,55,25,120,100,300,20,8,28,328
09/08/2022,FAT,CA,AWP,WE,Combined TRACON& Tower with Radar,60,23,17,15,115,0,6,113,19,138,60,29,130,34,253,26,30,56,309
09/09/2022,FAT,CA,AWP,WE,Combined TRACON& Tower with Radar,63,19,17,7,106,0,3,69,18,90,63,22,86,25,196,8,6,14,210
09/10/2022,FAT,CA,AWP,WE,Combined TRACON& Tower with Radar,58,22,19,9,108,0,12,65,8,85,58,34,84,17,193,28,0,28,221
09/11/2022,FAT,CA,AWP,WE,Combined TRACON& Tower with Radar,55,26,19,3,103,0,2,64,7,73,55,28,83,10,176,8,0,8,184
09/12/2022,FAT,CA,AWP,WE,Combined TRACON& Tower with Radar,63,20,26,3,112,0,12,94,5,111,63,32,120,8,223,30,2,32,255
09/13/2022,FAT,CA,AWP,WE,Combined TRACON& Tower with Radar,57,23,18,9,107,0,4,122,17,143,57,27,140,26,250,74,12,86,336
09/14/2022,FAT,CA,AWP,WE,Combined TRACON& Tower with Radar,57,24,28,6,115,0,2,105,16,123,57,26,133,22,238,72,6,78,316
09/15/2022,FAT,CA,AWP,WE,Combined TRACON& Tower with Radar,59,20,23,11,113,0,7,110,13,130,59,27,133,24,243,8,16,24,267
09/16/2022,FAT,CA,AWP,WE,Combined TRACON& Tower with Radar,60,16,26,7,109,0,6,116,9,131,60,22,142,16,240,38,8,46,286
09/17/2022,FAT,CA,AWP,WE,Combined TRACON& Tower with Radar,50,20,17,0,87,0,7,78,9,94,50,27,95,9,181,0,0,0,181
09/18/2022,FAT,CA,AWP,WE,Combined TRACON& Tower with Radar,55,24,32,0,111,0,3,55,0,58,55,27,87,0,169,26,0,26,195
09/19/2022,FAT,CA,AWP,WE,Combined TRACON& Tower with Radar,60,16,31,1,108,0,4,60,2,66,60,20,91,3,174,36,2,38,212
09/20/2022,FAT,CA,AWP,WE,Combined TRACON& Tower with Radar,55,23,22,5,105,0,7,91,3,101,55,30,113,8,206,34,35,69,275
09/21/2022,FAT,CA,AWP,WE,Combined TRACON& Tower with Radar,57,19,37,20,133,0,8,102,14,124,57,27,139,34,257,0,0,0,257
09/22/2022,FAT,CA,AWP,WE,Combined TRACON& Tower with Radar,58,29,15,11,113,0,7,102,9,118,58,36,117,20,231,14,18,32,263
09/23/2022,FAT,CA,AWP,WE,Combined TRACON& Tower with Radar,60,21,27,2,110,0,5,106,8,119,60,26,133,10,229,34,0,34,263
09/24/2022,FAT,CA,AWP,WE,Combined TRACON& Tower with Radar,51,20,16,2,89,0,8,110,2,120,51,28,126,4,209,40,0,40,249
09/25/2022,FAT,CA,AWP,WE,Combined TRACON& Tower with Radar,54,19,19,1,93,0,3,84,7,94,54,22,103,8,187,0,0,0,187
09/26/2022,FAT,CA,AWP,WE,Combined TRACON& Tower with Radar,61,20,27,1,109,0,3,83,3,89,61,23,110,4,198,0,0,0,198
09/27/2022,FAT,CA,AWP,WE,Combined TRACON& Tower with Radar,55,15,31,14,115,0,3,112,11,126,55,18,143,25,241,72,8,80,321
09/28/2022,FAT,CA,AWP,WE,Combined TRACON& Tower with Radar,54,16,19,14,103,0,5,84,7,96,54,21,103,21,199,88,42,130,329
09/29/2022,FAT,CA,AWP,WE,Combined TRACON& Tower with Radar,62,19,33,15,129,0,2,105,7,114,62,21,138,22,243,48,2,50,293
09/30/2022,FAT,CA,AWP,WE,Combined TRACON& Tower with Radar,60,15,30,3,108,0,3,105,10,118,60,18,135,13,226,40,0,40,266
10/01/2022,FAT,CA,AWP,WE,Combined TRACON& Tower with Radar,51,20,21,3,95,0,9,109,2,120,51,29,130,5,215,52,0,52,267
10/02/2022,FAT,CA,AWP,WE,Combined TRACON& Tower with Radar,57,18,27,0,102,0,8,89,6,103,57,26,116,6,205,4,0,4,209
10/03/2022,FAT,CA,AWP,WE,Combined TRACON& Tower with Radar,61,21,32,6,120,0,5,82,6,93,61,26,114,12,213,22,6,28,241
10/04/2022,FAT,CA,AWP,WE,Combined TRACON& Tower with Radar,54,22,27,5,108,0,9,95,2,106,54,31,122,7,214,44,0,44,258
10/05/2022,FAT,CA,AWP,WE,Combined TRACON& Tower with Radar,57,24,20,4,105,0,6,83,4,93,57,30,103,8,198,32,12,44,242
10/06/2022,FAT,CA,AWP,WE,Combined TRACON& Tower with Radar,54,23,22,7,106,0,6,99,9,114,54,29,121,16,220,70,18,88,308
10/07/2022,FAT,CA,AWP,WE,Combined TRACON& Tower with Radar,55,19,42,8,124,0,11,100,8,119,55,30,142,16,243,26,14,40,283
10/08/2022,FAT,CA,AWP,WE,Combined TRACON& Tower with Radar,47,22,20,1,90,0,6,69,2,77,47,28,89,3,167,38,0,38,205
10/09/2022,FAT,CA,AWP,WE,Combined TRACON& Tower with Radar,51,18,21,2,92,0,5,58,9,72,51,23,79,11,164,0,0,0,164
10/10/2022,FAT,CA,AWP,WE,Combined TRACON& Tower with Radar,54,20,21,2,97,0,5,55,4,64,54,25,76,6,161,42,2,44,205
10/11/2022,FAT,CA,AWP,WE,Combined TRACON& Tower with Radar,52,23,33,6,114,0,4,109,21,134,52,27,142,27,248,78,22,100,348
10/12/2022,FAT,CA,AWP,WE,Combined TRACON& Tower with Radar,53,19,30,18,120,0,7,103,4,114,53,26,133,22,234,50,34,84,318
10/13/2022,FAT,CA,AWP,WE,Combined TRACON& Tower with Radar,60,20,47,5,132,0,7,90,10,107,60,27,137,15,239,76,4,80,319
10/14/2022,FAT,CA,AWP,WE,Combined TRACON& Tower with Radar,56,26,30,2,114,0,8,83,7,98,56,34,113,9,212,36,0,36,248
10/15/2022,FAT,CA,AWP,WE,Combined TRACON& Tower with Radar,45,29,39,5,118,0,8,91,3,102,45,37,130,8,220,20,0,20,240
10/16/2022,FAT,CA,AWP,WE,Combined TRACON& Tower with Radar,50,24,35,0,109,0,5,85,5,95,50,29,120,5,204,6,0,6,210
10/17/2022,FAT,CA,AWP,WE,Combined TRACON& Tower with Radar,56,19,23,7,105,0,9,76,2,87,56,28,99,9,192,54,0,54,246
10/18/2022,FAT,CA,AWP,WE,Combined TRACON& Tower with Radar,51,20,23,18,112,0,8,82,14,104,51,28,105,32,216,94,2,96,312
10/19/2022,FAT,CA,AWP,WE,Combined TRACON& Tower with Radar,53,21,24,5,103,0,13,76,3,92,53,34,100,8,195,0,0,0,195
10/20/2022,FAT,CA,AWP,WE,Combined TRACON& Tower with Radar,54,20,27,15,116,1,7,88,11,107,55,27,115,26,223,56,0,56,279
10/21/2022,FAT,CA,AWP,WE,Combined TRACON& Tower with Radar,56,17,32,4,109,0,10,86,12,108,56,27,118,16,217,62,0,62,279
10/22/2022,FAT,CA,AWP,WE,Combined TRACON& Tower with Radar,48,23,31,1,103,0,12,52,0,64,48,35,83,1,167,60,4,64,231
10/23/2022,FAT,CA,AWP,WE,Combined TRACON& Tower with Radar,49,18,29,1,97,1,9,61,8,79,50,27,90,9,176,0,0,0,176
10/24/2022,FAT,CA,AWP,WE,Combined TRACON& Tower with Radar,53,23,20,0,96,0,4,85,0,89,53,27,105,0,185,58,0,58,243
10/25/2022,FAT,CA,AWP,WE,Combined TRACON& Tower with Radar,50,26,33,8,117,0,4,92,5,101,50,30,125,13,218,34,4,38,256
10/26/2022,FAT,CA,AWP,WE,Combined TRACON& Tower with Radar,51,28,20,9,108,0,6,80,4,90,51,34,100,13,198,98,0,98,296
10/27/2022,FAT,CA,AWP,WE,Combined TRACON& Tower with Radar,55,20,23,9,107,0,3,101,17,121,55,23,124,26,228,44,4,48,276
10/28/2022,FAT,CA,AWP,WE,Combined TRACON& Tower with Radar,53,16,21,7,97,0,5,104,9,118,53,21,125,16,215,90,8,98,313
10/29/2022,FAT,CA,AWP,WE,Combined TRACON& Tower with Radar,46,18,13,2,79,0,5,59,3,67,46,23,72,5,146,0,0,0,146
10/30/2022,FAT,CA,AWP,WE,Combined TRACON& Tower with Radar,47,16,26,2,91,0,3,66,0,69,47,19,92,2,160,24,0,24,184
10/31/2022,FAT,CA,AWP,WE,Combined TRACON& Tower with Radar,46,15,17,14,92,0,3,74,7,84,46,18,91,21,176,72,4,76,252
11/01/2022,FAT,CA,AWP,WE,Combined TRACON& Tower with Radar,50,21,31,3,105,0,2,46,3,51,50,23,77,6,156,48,2,50,206
11/02/2022,FAT,CA,AWP,WE,Combined TRACON& Tower with Radar,50,18,42,8,118,0,4,70,12,86,50,22,112,20,204,68,18,86,290
11/03/2022,FAT,CA,AWP,WE,Combined TRACON& Tower with Radar,54,20,28,17,119,0,7,68,7,82,54,27,96,24,201,8,10,18,219
11/04/2022,FAT,CA,AWP,WE,Combined TRACON& Tower with Radar,50,19,31,4,104,0,4,83,6,93,50,23,114,10,197,42,0,42,239
11/05/2022,FAT,CA,AWP,WE,Combined TRACON& Tower with Radar,45,15,29,5,94,0,11,55,10,76,45,26,84,15,170,62,0,62,232
11/06/2022,FAT,CA,AWP,WE,Combined TRACON& Tower with Radar,45,20,46,0,111,0,4,28,0,32,45,24,74,0,143,18,0,18,161
11/07/2022,FAT,CA,AWP,WE,Combined TRACON& Tower with Radar,51,17,40,4,112,0,3,3,3,9,51,20,43,7,121,12,0,12,133
11/08/2022,FAT,CA,AWP,WE,Combined TRACON& Tower with Radar,49,13,33,13,108,0,3,13,1,17,49,16,46,14,125,48,4,52,177
11/09/2022,FAT,CA,AWP,WE,Combined TRACON& Tower with Radar,48,19,42,30,139,0,3,62,32,97,48,22,104,62,236,84,26,110,346
11/10/2022,FAT,CA,AWP,WE,Combined TRACON& Tower with Radar,56,22,39,7,124,0,4,92,12,108,56,26,131,19,232,60,16,76,308
11/11/2022,FAT,CA,AWP,WE,Combined TRACON& Tower with Radar,52,21,25,2,100,0,3,85,9,97,52,24,110,11,197,78,6,84,281
11/12/2022,FAT,CA,AWP,WE,Combined TRACON& Tower with Radar,46,19,35,1,101,0,5,78,0,83,46,24,113,1,184,26,0,26,210
11/13/2022,FAT,CA,AWP,WE,Combined TRACON& Tower with Radar,47,22,46,4,119,0,8,68,0,76,47,30,114,4,195,36,0,36,231
11/14/2022,FAT,CA,AWP,WE,Combined TRACON& Tower with Radar,54,16,30,1,101,0,5,105,2,112,54,21,135,3,213,64,0,64,277
11/15/2022,FAT,CA,AWP,WE,Combined TRACON& Tower with Radar,52,19,23,5,99,0,5,114,4,123,52,24,137,9,222,38,8,46,268
11/16/2022,FAT,CA,AWP,WE,Combined TRACON& Tower with Radar,50,19,36,30,135,0,8,116,23,147,50,27,152,53,282,42,24,66,348
11/17/2022,FAT,CA,AWP,WE,Combined TRACON& Tower with Radar,50,16,40,3,109,0,9,92,6,107,50,25,132,9,216,26,0,26,242
11/18/2022,FAT,CA,AWP,WE,Combined TRACON& Tower with Radar,60,15,45,11,131,0,11,115,4,130,60,26,160,15,261,110,10,120,381
11/19/2022,FAT,CA,AWP,WE,Combined TRACON& Tower with Radar,45,15,33,2,95,0,10,49,5,64,45,25,82,7,159,16,0,16,175
11/20/2022,FAT,CA,AWP,WE,Combined TRACON& Tower with Radar,53,16,27,0,96,0,13,61,3,77,53,29,88,3,173,26,0,26,199
11/21/2022,FAT,CA,AWP,WE,Combined TRACON& Tower with Radar,56,15,14,24,109,0,5,56,19,80,56,20,70,43,189,44,40,84,273
11/22/2022,FAT,CA,AWP,WE,Combined TRACON& Tower with Radar,57,15,21,6,99,0,12,100,11,123,57,27,121,17,222,48,12,60,282
11/23/2022,FAT,CA,AWP,WE,Combined TRACON& Tower with Radar,53,18,24,3,98,0,9,90,5,104,53,27,114,8,202,0,0,0,202
11/24/2022,FAT,CA,AWP,WE,Combined TRACON& Tower with Radar,36,11,5,0,52,0,0,24,2,26,36,11,29,2,78,66,2,68,146
11/25/2022,FAT,CA,AWP,WE,Combined TRACON& Tower with Radar,52,23,14,0,89,0,3,75,0,78,52,26,89,0,167,10,0,10,177
11/26/2022,FAT,CA,AWP,WE,Combined TRACON& Tower with Radar,48,15,24,0,87,0,8,63,4,75,48,23,87,4,162,0,0,0,162
11/27/2022,FAT,CA,AWP,WE,Combined TRACON& Tower with Radar,53,12,17,0,82,0,1,59,0,60,53,13,76,0,142,6,0,6,148
11/28/2022,FAT,CA,AWP,WE,Combined TRACON& Tower with Radar,58,19,13,13,103,0,1,74,9,84,58,20,87,22,187,66,0,66,253
11/29/2022,FAT,CA,AWP,WE,Combined TRACON& Tower with Radar,52,17,26,7,102,0,9,91,7,107,52,26,117,14,209,8,0,8,217
11/30/2022,FAT,CA,AWP,WE,Combined TRACON& Tower with Radar,49,12,35,14,110,0,9,102,18,129,49,21,137,32,239,90,22,112,351
12/01/2022,FAT,CA,AWP,WE,Combined TRACON& Tower with Radar,54,15,48,13,130,0,3,24,6,33,54,18,72,19,163,14,2,16,179
12/02/2022,FAT,CA,AWP,WE,Combined TRACON& Tower with Radar,58,20,51,21,150,0,6,91,12,109,58,26,142,33,259,22,12,34,293
12/03/2022,FAT,CA,AWP,WE,Combined TRACON& Tower with Radar,40,21,25,5,91,0,2,11,3,16,40,23,36,8,107,0,0,0,107
12/04/2022,FAT,CA,AWP,WE,Combined TRACON& Tower with Radar,49,24,56,0,129,0,0,35,0,35,49,24,91,0,164,18,14,32,196
12/05/2022,FAT,CA,AWP,WE,Combined TRACON& Tower with Radar,57,18,38,2,115,0,8,64,2,74,57,26,102,4,189,36,2,38,227
12/06/2022,FAT,CA,AWP,WE,Combined TRACON& Tower with Radar,48,16,32,21,117,0,8,87,7,102,48,24,119,28,219,0,0,0,219
12/07/2022,FAT,CA,AWP,WE,Combined TRACON& Tower with Radar,47,24,33,10,114,0,1,56,0,57,47,25,89,10,171,0,0,0,171
12/08/2022,FAT,CA,AWP,WE,Combined TRACON& Tower with Radar,57,21,32,15,125,0,4,89,4,97,57,25,121,19,222,62,6,68,290
12/09/2022,FAT,CA,AWP,WE,Combined TRACON& Tower with Radar,56,15,40,6,117,0,7,85,2,94,56,22,125,8,211,72,14,86,297
12/10/2022,FAT,CA,AWP,WE,Combined TRACON& Tower with Radar,38,17,27,0,82,0,0,21,0,21,38,17,48,0,103,12,0,12,115
12/11/2022,FAT,CA,AWP,WE,Combined TRACON& Tower with Radar,49,23,33,0,105,0,2,24,0,26,49,25,57,0,131,8,0,8,139
12/12/2022,FAT,CA,AWP,WE,Combined TRACON& Tower with Radar,58,29,38,10,135,0,4,67,3,74,58,33,105,13,209,50,0,50,259
12/13/2022,FAT,CA,AWP,WE,Combined TRACON& Tower with Radar,48,16,43,19,126,0,6,83,11,100,48,22,126,30,226,16,8,24,250
12/14/2022,FAT,CA,AWP,WE,Combined TRACON& Tower with Radar,46,12,33,26,117,0,8,93,18,119,46,20,126,44,236,0,0,0,236
12/15/2022,FAT,CA,AWP,WE,Combined TRACON& Tower with Radar,58,16,42,13,129,0,10,87,7,104,58,26,129,20,233,48,18,66,299
12/16/2022,FAT,CA,AWP,WE,Combined TRACON& Tower with Radar,58,13,35,5,111,0,6,82,1,89,58,19,117,6,200,18,0,18,218
12/17/2022,FAT,CA,AWP,WE,Combined TRACON& Tower with Radar,50,12,31,1,94,0,0,39,0,39,50,12,70,1,133,16,0,16,149
12/18/2022,FAT,CA,AWP,WE,Combined TRACON& Tower with Radar,58,14,44,0,116,0,0,0,0,0,58,14,44,0,116,0,0,0,116
12/19/2022,FAT,CA,AWP,WE,Combined TRACON& Tower with Radar,58,16,57,5,136,0,0,17,0,17,58,16,74,5,153,14,0,14,167
12/20/2022,FAT,CA,AWP,WE,Combined TRACON& Tower with Radar,54,26,46,13,139,0,0,17,3,20,54,26,63,16,159,0,0,0,159
12/21/2022,FAT,CA,AWP,WE,Combined TRACON& Tower with Radar,55,18,67,12,152,0,0,3,0,3,55,18,70,12,155,0,0,0,155
12/22/2022,FAT,CA,AWP,WE,Combined TRACON& Tower with Radar,58,17,65,6,146,0,0,21,0,21,58,17,86,6,167,18,14,32,199
12/23/2022,FAT,CA,AWP,WE,Combined TRACON& Tower with Radar,49,24,58,0,131,0,1,14,0,15,49,25,72,0,146,18,0,18,164
12/24/2022,FAT,CA,AWP,WE,Combined TRACON& Tower with Radar,35,14,33,0,82,0,0,1,0,1,35,14,34,0,83,0,0,0,83
12/25/2022,FAT,CA,AWP,WE,Combined TRACON& Tower with Radar,39,9,5,0,53,0,0,1,0,1,39,9,6,0,54,0,0,0,54
12/26/2022,FAT,CA,AWP,WE,Combined TRACON& Tower with Radar,48,20,51,0,119,0,0,13,0,13,48,20,64,0,132,0,0,0,132
12/27/2022,FAT,CA,AWP,WE,Combined TRACON& Tower with Radar,53,15,35,0,103,0,0,1,0,1,53,15,36,0,104,18,0,18,122
12/28/2022,FAT,CA,AWP,WE,Combined TRACON& Tower with Radar,59,21,33,2,115,0,5,70,5,80,59,26,103,7,195,0,0,0,195
12/29/2022,FAT,CA,AWP,WE,Combined TRACON& Tower with Radar,57,19,38,13,127,0,2,15,0,17,57,21,53,13,144,2,0,2,146
12/30/2022,FAT,CA,AWP,WE,Combined TRACON& Tower with Radar,60,18,46,0,124,0,7,18,0,25,60,25,64,0,149,0,0,0,149
12/31/2022,FAT,CA,AWP,WE,Combined TRACON& Tower with Radar,54,11,21,0,86,0,4,4,0,8,54,15,25,0,94,0,0,0,94
01/01/2023,FAT,CA,AWP,WE,Combined TRACON& Tower with Radar,47,14,18,0,79,0,4,37,0,41,47,18,55,0,120,0,0,0,120
01/02/2023,FAT,CA,AWP,WE,Combined TRACON& Tower with Radar,59,15,27,0,101,0,5,44,0,49,59,20,71,0,150,8,0,8,158
01/03/2023,FAT,CA,AWP,WE,Combined TRACON& Tower with Radar,58,15,32,7,112,0,5,78,2,85,58,20,110,9,197,20,0,20,217
01/04/2023,FAT,CA,AWP,WE,Combined TRACON& Tower with Radar,56,15,23,4,98,0,7,52,3,62,56,22,75,7,160,38,0,38,198
01/05/2023,FAT,CA,AWP,WE,Combined TRACON& Tower with Radar,61,19,27,8,115,0,2,17,2,21,61,21,44,10,136,10,0,10,146
01/06/2023,FAT,CA,AWP,WE,Combined TRACON& Tower with Radar,56,19,24,2,101,0,2,110,1,113,56,21,134,3,214,58,0,58,272
01/07/2023,FAT,CA,AWP,WE,Combined TRACON& Tower with Radar,46,13,13,10,82,0,3,66,9,78,46,16,79,19,160,8,8,16,176
01/08/2023,FAT,CA,AWP,WE,Combined TRACON& Tower with Radar,55,15,25,0,95,0,1,22,3,26,55,16,47,3,121,8,0,8,129
01/09/2023,FAT,CA,AWP,WE,Combined TRACON& Tower with Radar,56,19,16,4,95,0,0,2,0,2,56,19,18,4,97,0,0,0,97
01/10/2023,FAT,CA,AWP,WE,Combined TRACON& Tower with Radar,53,16,20,2,91,0,3,28,12,43,53,19,48,14,134,16,10,26,160
01/11/2023,FAT,CA,AWP,WE,Combined TRACON& Tower with Radar,48,18,31,8,105,0,3,72,5,80,48,21,103,13,185,72,24,96,281
01/12/2023,FAT,CA,AWP,WE,Combined TRACON& Tower with Radar,57,19,45,13,134,0,9,111,7,127,57,28,156,20,261,24,0,24,285
01/13/2023,FAT,CA,AWP,WE,Combined TRACON& Tower with Radar,58,17,29,18,122,0,4,66,11,81,58,21,95,29,203,24,20,44,247
01/14/2023,FAT,CA,AWP,WE,Combined TRACON& Tower with Radar,38,18,11,0,67,0,5,10,0,15,38,23,21,0,82,0,0,0,82
01/15/2023,FAT,CA,AWP,WE,Combined TRACON& Tower with Radar,39,13,20,1,73,0,1,34,0,35,39,14,54,1,108,6,0,6,114
01/16/2023,FAT,CA,AWP,WE,Combined TRACON& Tower with Radar,56,14,28,0,98,0,3,13,0,16,56,17,41,0,114,44,0,44,158
01/17/2023,FAT,CA,AWP,WE,Combined TRACON& Tower with Radar,52,23,34,18,127,1,4,43,0,48,53,27,77,18,175,48,8,56,231
01/18/2023,FAT,CA,AWP,WE,Combined TRACON& Tower with Radar,46,12,30,23,111,0,10,124,15,149,46,22,154,38,260,84,20,104,364
01/19/2023,FAT,CA,AWP,WE,Combined TRACON& Tower with Radar,60,15,51,10,136,0,3,54,4,61,60,18,105,14,197,28,0,28,225
01/20/2023,FAT,CA,AWP,WE,Combined TRACON& Tower with Radar,54,22,23,4,103,0,3,87,5,95,54,25,110,9,198,34,0,34,232
01/21/2023,FAT,CA,AWP,WE,Combined TRACON& Tower with Radar,42,20,11,0,73,0,5,100,1,106,42,25,111,1,179,52,0,52,231
01/22/2023,FAT,CA,AWP,WE,Combined TRACON& Tower with Radar,43,16,20,0,79,0,1,37,3,41,43,17,57,3,120,100,0,100,220
01/23/2023,FAT,CA,AWP,WE,Combined TRACON& Tower with Radar,54,19,24,0,97,0,1,73,1,75,54,20,97,1,172,10,0,10,182
01/24/2023,FAT,CA,AWP,WE,Combined TRACON& Tower with Radar,56,16,35,14,121,0,3,89,14,106,56,19,124,28,227,36,26,62,289
01/25/2023,FAT,CA,AWP,WE,Combined TRACON& Tower with Radar,47,16,35,9,107,0,2,107,7,116,47,18,142,16,223,42,0,42,265
01/26/2023,FAT,CA,AWP,WE,Combined TRACON& Tower with Radar,57,23,32,1,113,0,2,109,3,114,57,25,141,4,227,70,2,72,299
01/27/2023,FAT,CA,AWP,WE,Combined TRACON& Tower with Radar,55,17,25,6,103,0,3,112,9,124,55,20,137,15,227,56,6,62,289
01/28/2023,FAT,CA,AWP,WE,Combined TRACON& Tower with Radar,39,15,21,0,75,0,5,59,2,66,39,20,80,2,141,6,0,6,147
01/29/2023,FAT,CA,AWP,WE,Combined TRACON& Tower with Radar,46,19,17,0,82,0,0,19,0,19,46,19,36,0,101,6,0,6,107
01/30/2023,FAT,CA,AWP,WE,Combined TRACON& Tower with Radar,50,24,18,4,96,0,7,79,3,89,50,31,97,7,185,0,0,0,185
01/31/2023,FAT,CA,AWP,WE,Combined TRACON& Tower with Radar,44,24,24,5,97,0,3,68,6,77,44,27,92,11,174,0,0,0,174
02/01/2023,FAT,CA,AWP,WE,Combined TRACON& Tower with Radar,44,18,17,9,88,0,3,100,8,111,44,21,117,17,199,88,22,110,309
02/02/2023,FAT,CA,AWP,WE,Combined TRACON& Tower with Radar,50,21,28,10,109,0,6,133,3,142,50,27,161,13,251,58,4,62,313
02/03/2023,FAT,CA,AWP,WE,Combined TRACON& Tower with Radar,52,18,32,6,108,0,2,92,4,98,52,20,124,10,206,54,0,54,260
02/04/2023,FAT,CA,AWP,WE,Combined TRACON& Tower with Radar,46,15,24,1,86,0,5,68,7,80,46,20,92,8,166,68,72,140,306
02/05/2023,FAT,CA,AWP,WE,Combined TRACON& Tower with Radar,45,15,30,1,91,0,1,30,4,35,45,16,60,5,126,38,0,38,164
02/06/2023,FAT,CA,AWP,WE,Combined TRACON& Tower with Radar,52,12,33,0,97,0,3,27,2,32,52,15,60,2,129,64,8,72,201
02/07/2023,FAT,CA,AWP,WE,Combined TRACON& Tower with Radar,51,17,29,5,102,0,3,88,12,103,51,20,117,17,205,64,12,76,281
02/08/2023,FAT,CA,AWP,WE,Combined TRACON& Tower with Radar,47,18,23,7,95,0,4,115,5,124,47,22,138,12,219,96,2,98,317
02/09/2023,FAT,CA,AWP,WE,Combined TRACON& Tower with Radar,57,28,27,8,120,0,6,131,3,140,57,34,158,11,260,60,6,66,326
02/10/2023,FAT,CA,AWP,WE,Combined TRACON& Tower with Radar,56,20,26,7,109,0,4,100,6,110,56,24,126,13,219,48,4,52,271
02/11/2023,FAT,CA,AWP,WE,Combined TRACON& Tower with Radar,45,16,30,0,91,0,3,53,0,56,45,19,83,0,147,58,0,58,205
02/12/2023,FAT,CA,AWP,WE,Combined TRACON& Tower with Radar,45,11,10,0,66,0,10,65,0,75,45,21,75,0,141,24,0,24,165
02/13/2023,FAT,CA,AWP,WE,Combined TRACON& Tower with Radar,52,14,17,3,86,0,6,108,13,127,52,20,125,16,213,54,0,54,267
02/14/2023,FAT,CA,AWP,WE,Combined TRACON& Tower with Radar,56,16,19,6,97,0,5,67,6,78,56,21,86,12,175,72,26,98,273
02/15/2023,FAT,CA,AWP,WE,Combined TRACON& Tower with Radar,52,13,20,9,94,0,12,112,13,137,52,25,132,22,231,20,14,34,265
02/16/2023,FAT,CA,AWP,WE,Combined TRACON& Tower with Radar,58,25,31,13,127,0,8,92,8,108,58,33,123,21,235,30,74,104,339
02/17/2023,FAT,CA,AWP,WE,Combined TRACON& Tower with Radar,56,18,28,8,110,0,1,109,4,114,56,19,137,12,224,54,0,54,278
02/18/2023,FAT,CA,AWP,WE,Combined TRACON& Tower with Radar,45,15,21,0,81,0,3,66,0,69,45,18,87,0,150,20,0,20,170
02/19/2023,FAT,CA,AWP,WE,Combined TRACON& Tower with Radar,45,19,19,0,83,0,2,59,0,61,45,21,78,0,144,24,0,24,168
02/20/2023,FAT,CA,AWP,WE,Combined TRACON& Tower with Radar,58,14,13,1,86,0,2,111,0,113,58,16,124,1,199,100,0,100,299
02/21/2023,FAT,CA,AWP,WE,Combined TRACON& Tower with Radar,58,13,11,10,92,0,5,83,7,95,58,18,94,17,187,34,0,34,221
02/22/2023,FAT,CA,AWP,WE,Combined TRACON& Tower with Radar,50,15,15,11,91,1,3,52,5,61,51,18,67,16,152,52,52,104,256
02/23/2023,FAT,CA,AWP,WE,Combined TRACON& Tower with Radar,57,18,29,14,118,0,4,34,10,48,57,22,63,24,166,104,24,128,294
02/24/2023,FAT,CA,AWP,WE,Combined TRACON& Tower with Radar,57,15,26,9,107,0,0,6,1,7,57,15,32,10,114,0,0,0,114
02/25/2023,FAT,CA,AWP,WE,Combined TRACON& Tower with Radar,48,17,13,0,78,0,1,7,0,8,48,18,20,0,86,0,0,0,86
02/26/2023,FAT,CA,AWP,WE,Combined TRACON& Tower with Radar,49,13,26,0,88,0,2,33,0,35,49,15,59,0,123,62,0,62,185
02/27/2023,FAT,CA,AWP,WE,Combined TRACON& Tower with Radar,55,13,28,21,117,0,1,22,0,23,55,14,50,21,140,30,6,36,176
02/28/2023,FAT,CA,AWP,WE,Combined TRACON& Tower with Radar,53,10,36,4,103,0,3,44,0,47,53,13,80,4,150,66,10,76,226
03/01/2023,FAT,CA,AWP,WE,Combined TRACON& Tower with Radar,51,17,36,1,105,0,10,53,4,67,51,27,89,5,172,18,2,20,192
03/02/2023,FAT,CA,AWP,WE,Combined TRACON& Tower with Radar,57,14,36,4,111,0,9,146,6,161,57,23,182,10,272,46,38,84,356
03/03/2023,FAT,CA,AWP,WE,Combined TRACON& Tower with Radar,59,14,43,10,126,0,10,136,24,170,59,24,179,34,296,100,22,122,418
03/04/2023,FAT,CA,AWP,WE,Combined TRACON& Tower with Radar,48,11,16,6,81,0,6,39,2,47,48,17,55,8,128,20,2,22,150
03/05/2023,FAT,CA,AWP,WE,Combined TRACON& Tower with Radar,54,12,37,0,103,0,5,22,0,27,54,17,59,0,130,44,0,44,174
03/06/2023,FAT,CA,AWP,WE,Combined TRACON& Tower with Radar,55,16,27,0,98,0,2,81,2,85,55,18,108,2,183,144,0,144,327
03/07/2023,FAT,CA,AWP,WE,Combined TRACON& Tower with Radar,52,17,18,6,93,0,5,78,7,90,52,22,96,13,183,118,8,126,309
03/08/2023,FAT,CA,AWP,WE,Combined TRACON& Tower with Radar,51,20,39,0,110,0,3,100,4,107,51,23,139,4,217,82,2,84,301
03/09/2023,FAT,CA,AWP,WE,Combined TRACON& Tower with Radar,70,18,25,0,113,0,5,51,0,56,70,23,76,0,169,104,0,104,273
03/10/2023,FAT,CA,AWP,WE,Combined TRACON& Tower with Radar,59,16,17,2,94,0,4,8,0,12,59,20,25,2,106,0,0,0,106
03/11/2023,FAT,CA,AWP,WE,Combined TRACON& Tower with Radar,49,21,28,0,98,0,2,19,0,21,49,23,47,0,119,0,0,0,119
03/12/2023,FAT,CA,AWP,WE,Combined TRACON& Tower with Radar,52,17,22,3,94,1,1,33,0,35,53,18,55,3,129,56,0,56,185
03/13/2023,FAT,CA,AWP,WE,Combined TRACON& Tower with Radar,53,22,20,7,102,0,5,78,12,95,53,27,98,19,197,224,62,286,483
03/14/2023,FAT,CA,AWP,WE,Combined TRACON& Tower with Radar,58,17,27,0,102,0,2,15,0,17,58,19,42,0,119,22,0,22,141
03/15/2023,FAT,CA,AWP,WE,Combined TRACON& Tower with Radar,48,22,28,7,105,0,4,78,5,87,48,26,106,12,192,74,12,86,278
03/16/2023,FAT,CA,AWP,WE,Combined TRACON& Tower with Radar,58,13,33,14,118,0,16,107,9,132,58,29,140,23,250,70,20,90,340
03/17/2023,FAT,CA,AWP,WE,Combined TRACON& Tower with Radar,60,17,30,10,117,0,8,104,6,118,60,25,134,16,235,6,20,26,261
03/18/2023,FAT,CA,AWP,WE,Combined TRACON& Tower with Radar,52,18,17,3,90,0,10,93,3,106,52,28,110,6,196,54,0,54,250
03/19/2023,FAT,CA,AWP,WE,Combined TRACON& Tower with Radar,52,13,38,0,103,0,2,21,4,27,52,15,59,4,130,12,16,28,158
03/20/2023,FAT,CA,AWP,WE,Combined TRACON& Tower with Radar,56,17,34,1,108,0,8,65,8,81,56,25,99,9,189,80,6,86,275
03/21/2023,FAT,CA,AWP,WE,Combined TRACON& Tower with Radar,66,13,14,11,104,0,0,15,1,16,66,13,29,12,120,18,8,26,146
03/22/2023,FAT,CA,AWP,WE,Combined TRACON& Tower with Radar,54,14,26,8,102,0,1,49,7,57,54,15,75,15,159,0,22,22,181
03/23/2023,FAT,CA,AWP,WE,Combined TRACON& Tower with Radar,58,28,31,4,121,0,11,46,10,67,58,39,77,14,188,40,22,62,250
03/24/2023,FAT,CA,AWP,WE,Combined TRACON& Tower with Radar,57,25,16,3,101,0,12,89,10,111,57,37,105,13,212,54,10,64,276
03/25/2023,FAT,CA,AWP,WE,Combined TRACON& Tower with Radar,47,31,16,0,94,0,13,68,1,82,47,44,84,1,176,36,0,36,212
03/26/2023,FAT,CA,AWP,WE,Combined TRACON& Tower with Radar,51,18,13,0,82,0,7,78,0,85,51,25,91,0,167,28,0,28,195
03/27/2023,FAT,CA,AWP,WE,Combined TRACON& Tower with Radar,53,20,17,13,103,0,14,90,7,111,53,34,107,20,214,94,14,108,322
03/28/2023,FAT,CA,AWP,WE,Combined TRACON& Tower with Radar,61,15,14,3,93,0,3,43,17,63,61,18,57,20,156,14,0,14,170
03/29/2023,FAT,CA,AWP,WE,Combined TRACON& Tower with Radar,54,16,32,3,105,0,9,39,13,61,54,25,71,16,166,50,32,82,248
03/30/2023,FAT,CA,AWP,WE,Combined TRACON& Tower with Radar,60,24,45,7,136,0,12,57,12,81,60,36,102,19,217,56,14,70,287
03/31/2023,FAT,CA,AWP,WE,Combined TRACON& Tower with Radar,58,20,34,5,117,0,8,118,8,134,58,28,152,13,251,50,20,70,321
04/01/2023,FAT,CA,AWP,WE,Combined TRACON& Tower with Radar,49,25,19,1,94,0,8,74,0,82,49,33,93,1,176,66,0,66,242
04/02/2023,FAT,CA,AWP,WE,Combined TRACON& Tower with Radar,53,18,16,6,93,0,7,61,5,73,53,25,77,11,166,36,0,36,202
04/03/2023,FAT,CA,AWP,WE,Combined TRACON& Tower with Radar,56,20,16,1,93,0,3,49,5,57,56,23,65,6,150,12,2,14,164
04/04/2023,FAT,CA,AWP,WE,Combined TRACON& Tower with Radar,55,17,19,4,95,0,11,112,10,133,55,28,131,14,228,38,24,62,290
04/05/2023,FAT,CA,AWP,WE,Combined TRACON& Tower with Radar,56,22,19,4,101,0,12,123,5,140,56,34,142,9,241,24,10,34,275
04/06/2023,FAT,CA,AWP,WE,Combined TRACON& Tower with Radar,60,20,23,3,106,0,13,95,7,115,60,33,118,10,221,58,8,66,287
04/07/2023,FAT,CA,AWP,WE,Combined TRACON& Tower with Radar,60,19,22,5,106,0,12,84,4,100,60,31,106,9,206,44,0,44,250
04/08/2023,FAT,CA,AWP,WE,Combined TRACON& Tower with Radar,51,20,18,0,89,0,12,45,0,57,51,32,63,0,146,44,0,44,190
04/09/2023,FAT,CA,AWP,WE,Combined TRACON& Tower with Radar,51,20,9,1,81,0,15,42,0,57,51,35,51,1,138,0,0,0,138
04/10/2023,FAT,CA,AWP,WE,Combined TRACON& Tower with Radar,60,25,22,3,110,0,14,80,5,99,60,39,102,8,209,64,0,64,273
04/11/2023,FAT,CA,AWP,WE,Combined TRACON& Tower with Radar,52,19,21,25,117,0,14,77,14,105,52,33,98,39,222,74,14,88,310
04/12/2023,FAT,CA,AWP,WE,Combined TRACON& Tower with Radar,59,22,14,22,117,0,14,95,23,132,59,36,109,45,249,104,32,136,385
04/13/2023,FAT,CA,AWP,WE,Combined TRACON& Tower with Radar,58,20,21,5,104,0,14,116,9,139,58,34,137,14,243,38,0,38,281
04/14/2023,FAT,CA,AWP,WE,Combined TRACON& Tower with Radar,61,27,13,8,109,0,13,89,7,109,61,40,102,15,218,74,28,102,320
04/15/2023,FAT,CA,AWP,WE,Combined TRACON& Tower with Radar,51,22,15,0,88,0,16,86,0,102,51,38,101,0,190,14,0,14,204
04/16/2023,FAT,CA,AWP,WE,Combined TRACON& Tower with Radar,53,20,27,0,100,0,14,79,0,93,53,34,106,0,193,26,0,26,219
04/17/2023,FAT,CA,AWP,WE,Combined TRACON& Tower with Radar,58,26,18,16,118,0,14,62,7,83,58,40,80,23,201,38,26,64,265
04/18/2023,FAT,CA,AWP,WE,Combined TRACON& Tower with Radar,54,17,21,31,123,0,14,84,10,108,54,31,105,41,231,76,12,88,319
04/19/2023,FAT,CA,AWP,WE,Combined TRACON& Tower with Radar,58,15,21,0,94,0,14,112,11,137,58,29,133,11,231,30,2,32,263
04/20/2023,FAT,CA,AWP,WE,Combined TRACON& Tower with Radar,57,24,22,20,123,0,11,113,11,135,57,35,135,31,258,100,28,128,386
04/21/2023,FAT,CA,AWP,WE,Combined TRACON& Tower with Radar,60,23,35,5,123,0,14,100,3,117,60,37,135,8,240,60,8,68,308
04/22/2023,FAT,CA,AWP,WE,Combined TRACON& Tower with Radar,48,28,11,3,90,0,8,70,8,86,48,36,81,11,176,6,0,6,182
04/23/2023,FAT,CA,AWP,WE,Combined TRACON& Tower with Radar,54,28,24,1,107,0,4,72,1,77,54,32,96,2,184,22,0,22,206
04/24/2023,FAT,CA,AWP,WE,Combined TRACON& Tower with Radar,57,25,28,1,111,0,9,80,3,92,57,34,108,4,203,28,18,46,249
04/25/2023,FAT,CA,AWP,WE,Combined TRACON& Tower with Radar,53,23,28,10,114,0,21,117,9,147,53,44,145,19,261,64,20,84,345
04/26/2023,FAT,CA,AWP,WE,Combined TRACON& Tower with Radar,56,13,13,8,90,0,18,107,24,149,56,31,120,32,239,132,42,174,413
04/27/2023,FAT,CA,AWP,WE,Combined TRACON& Tower with Radar,60,20,26,3,109,0,18,108,7,133,60,38,134,10,242,104,2,106,348
04/28/2023,FAT,CA,AWP,WE,Combined TRACON& Tower with Radar,58,23,29,7,117,0,10,118,2,130,58,33,147,9,247,92,0,92,339
04/29/2023,FAT,CA,AWP,WE,Combined TRACON& Tower with Radar,49,28,9,0,86,0,13,68,2,83,49,41,77,2,169,80,0,80,249
04/30/2023,FAT,CA,AWP,WE,Combined TRACON& Tower with Radar,52,26,20,0,98,0,10,61,0,71,52,36,81,0,169,22,0,22,191
05/01/2023,FAT,CA,AWP,WE,Combined TRACON& Tower with Radar,59,24,35,0,118,0,9,66,1,76,59,33,101,1,194,104,0,104,298
05/02/2023,FAT,CA,AWP,WE,Combined TRACON& Tower with Radar,57,15,20,6,98,0,6,42,3,51,57,21,62,9,149,64,0,64,213
05/03/2023,FAT,CA,AWP,WE,Combined TRACON& Tower with Radar,59,25,22,2,108,0,8,73,0,81,59,33,95,2,189,86,0,86,275
05/04/2023,FAT,CA,AWP,WE,Combined TRACON& Tower with Radar,60,15,29,3,107,0,8,56,0,64,60,23,85,3,171,108,0,108,279
05/05/2023,FAT,CA,AWP,WE,Combined TRACON& Tower with Radar,67,25,26,0,118,0,14,91,0,105,67,39,117,0,223,100,0,100,323
05/06/2023,FAT,CA,AWP,WE,Combined TRACON& Tower with Radar,54,11,10,1,76,0,10,63,5,78,54,21,73,6,154,22,0,22,176
05/07/2023,FAT,CA,AWP,WE,Combined TRACON& Tower with Radar,54,18,24,1,97,0,23,71,8,102,54,41,95,9,199,10,0,10,209
05/08/2023,FAT,CA,AWP,WE,Combined TRACON& Tower with Radar,66,14,36,1,117,0,15,85,0,100,66,29,121,1,217,62,16,78,295
05/09/2023,FAT,CA,AWP,WE,Combined TRACON& Tower with Radar,60,17,14,6,97,0,15,95,6,116,60,32,109,12,213,28,0,28,241
05/10/2023,FAT,CA,AWP,WE,Combined TRACON& Tower with Radar,62,20,17,3,102,0,10,98,0,108,62,30,115,3,210,48,0,48,258
05/11/2023,FAT,CA,AWP,WE,Combined TRACON& Tower with Radar,65,20,14,9,108,0,18,104,3,125,65,38,118,12,233,80,2,82,315
05/12/2023,FAT,CA,AWP,WE,Combined TRACON& Tower with Radar,64,20,29,2,115,0,8,111,2,121,64,28,140,4,236,42,0,42,278
05/13/2023,FAT,CA,AWP,WE,Combined TRACON& Tower with Radar,56,17,6,2,81,0,16,70,0,86,56,33,76,2,167,34,0,34,201
05/14/2023,FAT,CA,AWP,WE,Combined TRACON& Tower with Radar,57,20,9,7,93,0,11,55,0,66,57,31,64,7,159,8,0,8,167
05/15/2023,FAT,CA,AWP,WE,Combined TRACON& Tower with Radar,67,12,24,1,104,0,12,89,6,107,67,24,113,7,211,48,0,48,259
05/16/2023,FAT,CA,AWP,WE,Combined TRACON& Tower with Radar,61,26,14,6,107,0,17,99,9,125,61,43,113,15,232,12,0,12,244
05/17/2023,FAT,CA,AWP,WE,Combined TRACON& Tower with Radar,66,15,18,4,103,0,14,93,2,109,66,29,111,6,212,46,0,46,258
05/18/2023,FAT,CA,AWP,WE,Combined TRACON& Tower with Radar,67,15,16,14,112,0,15,112,21,148,67,30,128,35,260,14,20,34,294
05/19/2023,FAT,CA,AWP,WE,Combined TRACON& Tower with Radar,68,20,19,2,109,0,26,92,8,126,68,46,111,10,235,46,0,46,281
05/20/2023,FAT,CA,AWP,WE,Combined TRACON& Tower with Radar,53,21,27,2,103,1,10,88,2,101,54,31,115,4,204,50,0,50,254
05/21/2023,FAT,CA,AWP,WE,Combined TRACON& Tower with Radar,59,13,13,0,85,0,21,68,3,92,59,34,81,3,177,6,0,6,183
05/22/2023,FAT,CA,AWP,WE,Combined TRACON& Tower with Radar,66,16,27,6,115,0,15,99,2,116,66,31,126,8,231,24,0,24,255
05/23/2023,FAT,CA,AWP,WE,Combined TRACON& Tower with Radar,57,20,20,1,98,0,11,98,11,120,57,31,118,12,218,84,0,84,302
05/24/2023,FAT,CA,AWP,WE,Combined TRACON& Tower with Radar,66,22,36,16,140,0,13,93,19,125,66,35,129,35,265,52,28,80,345
05/25/2023,FAT,CA,AWP,WE,Combined TRACON& Tower with Radar,68,20,40,8,136,0,15,117,10,142,68,35,157,18,278,102,6,108,386
05/26/2023,FAT,CA,AWP,WE,Combined TRACON& Tower with Radar,71,28,26,17,142,0,14,113,5,132,71,42,139,22,274,74,14,88,362
05/27/2023,FAT,CA,AWP,WE,Combined TRACON& Tower with Radar,51,21,14,0,86,0,9,66,0,75,51,30,80,0,161,54,0,54,215
05/28/2023,FAT,CA,AWP,WE,Combined TRACON& Tower with Radar,56,16,7,0,79,0,12,56,1,69,56,28,63,1,148,16,0,16,164
05/29/2023,FAT,CA,AWP,WE,Combined TRACON& Tower with Radar,65,16,15,3,99,0,4,67,1,72,65,20,82,4,171,40,0,40,211
05/30/2023,FAT,CA,AWP,WE,Combined TRACON& Tower with Radar,55,13,29,11,108,0,11,90,15,116,55,24,119,26,224,46,16,62,286
05/31/2023,FAT,CA,AWP,WE,Combined TRACON& Tower with Radar,63,18,31,6,118,0,14,86,11,111,63,32,117,17,229,88,18,106,335
06/01/2023,FAT,CA,AWP,WE,Combined TRACON& Tower with Radar,67,18,37,7,129,0,19,113,18,150,67,37,150,25,279,96,12,108,387
06/02/2023,FAT,CA,AWP,WE,Combined TRACON& Tower with Radar,74,15,19,4,112,0,15,107,11,133,74,30,126,15,245,82,0,82,327
06/03/2023,FAT,CA,AWP,WE,Combined TRACON& Tower with Radar,71,10,15,8,104,0,17,93,14,124,71,27,108,22,228,24,2,26,254
06/04/2023,FAT,CA,AWP,WE,Combined TRACON& Tower with Radar,70,11,29,0,110,0,19,57,1,77,70,30,86,1,187,14,0,14,201
06/05/2023,FAT,CA,AWP,WE,Combined TRACON& Tower with Radar,78,10,24,1,113,0,5,78,7,90,78,15,102,8,203,6,0,6,209
06/06/2023,FAT,CA,AWP,WE,Combined TRACON& Tower with Radar,67,20,35,16,138,0,12,72,12,96,67,32,107,28,234,50,10,60,294
06/07/2023,FAT,CA,AWP,WE,Combined TRACON& Tower with Radar,73,20,40,12,145,0,8,69,9,86,73,28,109,21,231,46,0,46,277
06/08/2023,FAT,CA,AWP,WE,Combined TRACON& Tower with Radar,77,11,31,7,126,0,11,130,7,148,77,22,161,14,274,8,8,16,290
06/09/2023,FAT,CA,AWP,WE,Combined TRACON& Tower with Radar,77,15,22,6,120,0,21,102,8,131,77,36,124,14,251,56,4,60,311
06/10/2023,FAT,CA,AWP,WE,Combined TRACON& Tower with Radar,67,11,29,0,107,0,17,70,5,92,67,28,99,5,199,58,0,58,257
06/11/2023,FAT,CA,AWP,WE,Combined TRACON& Tower with Radar,72,18,27,2,119,0,8,65,1,74,72,26,92,3,193,8,0,8,201
06/12/2023,FAT,CA,AWP,WE,Combined TRACON& Tower with Radar,79,6,24,6,115,0,13,80,8,101,79,19,104,14,216,0,0,0,216
06/13/2023,FAT,CA,AWP,WE,Combined TRACON& Tower with Radar,67,13,17,13,110,0,13,96,11,120,67,26,113,24,230,24,10,34,264
06/14/2023,FAT,CA,AWP,WE,Combined TRACON& Tower with Radar,77,16,28,16,137,0,23,82,21,126,77,39,110,37,263,26,48,74,337
06/15/2023,FAT,CA,AWP,WE,Combined TRACON& Tower with Radar,78,15,36,10,139,0,15,93,10,118,78,30,129,20,257,52,14,66,323
06/16/2023,FAT,CA,AWP,WE,Combined TRACON& Tower with Radar,83,18,14,8,123,0,20,82,6,108,83,38,96,14,231,38,26,64,295
06/17/2023,FAT,CA,AWP,WE,Combined TRACON& Tower with Radar,64,13,25,1,103,0,30,94,15,139,64,43,119,16,242,18,0,18,260
06/18/2023,FAT,CA,AWP,WE,Combined TRACON& Tower with Radar,73,15,11,0,99,0,11,58,5,74,73,26,69,5,173,12,0,12,185
06/19/2023,FAT,CA,AWP,WE,Combined TRACON& Tower with Radar,80,10,24,0,114,0,11,76,7,94,80,21,100,7,208,72,0,72,280
06/20/2023,FAT,CA,AWP,WE,Combined TRACON& Tower with Radar,73,21,17,8,119,0,15,103,10,128,73,36,120,18,247,48,0,48,295
06/21/2023,FAT,CA,AWP,WE,Combined TRACON& Tower with Radar,72,20,28,10,130,0,19,116,10,145,72,39,144,20,275,48,6,54,329
06/22/2023,FAT,CA,AWP,WE,Combined TRACON& Tower with Radar,79,17,29,1,126,0,16,104,3,123,79,33,133,4,249,50,2,52,301
06/23/2023,FAT,CA,AWP,WE,Combined TRACON& Tower with Radar,78,29,17,8,132,0,20,90,9,119,78,49,107,17,251,24,12,36,287
06/24/2023,FAT,CA,AWP,WE,Combined TRACON& Tower with Radar,65,22,10,0,97,0,14,65,10,89,65,36,75,10,186,6,0,6,192
06/25/2023,FAT,CA,AWP,WE,Combined TRACON& Tower with Radar,68,25,31,0,124,0,13,77,1,91,68,38,108,1,215,18,0,18,233
06/26/2023,FAT,CA,AWP,WE,Combined TRACON& Tower with Radar,78,20,11,4,113,0,14,71,4,89,78,34,82,8,202,30,0,30,232
06/27/2023,FAT,CA,AWP,WE,Combined TRACON& Tower with Radar,69,16,24,19,128,0,13,94,35,142,69,29,118,54,270,0,0,0,270
06/28/2023,FAT,CA,AWP,WE,Combined TRACON& Tower with Radar,74,13,35,7,129,0,12,117,16,145,74,25,152,23,274,0,0,0,274
06/29/2023,FAT,CA,AWP,WE,Combined TRACON& Tower with Radar,74,14,35,8,131,0,13,110,6,129,74,27,145,14,260,0,0,0,260
06/30/2023,FAT,CA,AWP,WE,Combined TRACON& Tower with Radar,82,19,17,5,123,0,10,85,16,111,82,29,102,21,234,0,0,0,234
07/01/2023,FAT,CA,AWP,WE,Combined TRACON& Tower with Radar,73,7,16,0,96,0,25,54,8,87,73,32,70,8,183,16,0,16,199
07/02/2023,FAT,CA,AWP,WE,Combined TRACON& Tower with Radar,70,14,6,0,90,0,13,41,0,54,70,27,47,0,144,30,0,30,174
07/03/2023,FAT,CA,AWP,WE,Combined TRACON& Tower with Radar,73,9,13,0,95,0,9,81,26,116,73,18,94,26,211,13,0,13,224
07/04/2023,FAT,CA,AWP,WE,Combined TRACON& Tower with Radar,55,10,7,0,72,0,14,45,2,61,55,24,52,2,133,23,0,23,156
07/05/2023,FAT,CA,AWP,WE,Combined TRACON& Tower with Radar,74,14,15,5,108,0,8,82,6,96,74,22,97,11,204,96,0,96,300
07/06/2023,FAT,CA,AWP,WE,Combined TRACON& Tower with Radar,83,16,38,6,143,0,13,74,8,95,83,29,112,14,238,58,4,62,300
07/07/2023,FAT,CA,AWP,WE,Combined TRACON& Tower with Radar,83,21,28,2,134,0,14,104,14,132,83,35,132,16,266,26,0,26,292
07/08/2023,FAT,CA,AWP,WE,Combined TRACON& Tower with Radar,69,17,37,1,124,0,11,70,6,87,69,28,107,7,211,52,0,52,263
07/09/2023,FAT,CA,AWP,WE,Combined TRACON& Tower with Radar,72,22,20,0,114,0,11,55,3,69,72,33,75,3,183,2,0,2,185
07/10/2023,FAT,CA,AWP,WE,Combined TRACON& Tower with Radar,78,23,14,15,130,0,16,79,14,109,78,39,93,29,239,40,20,60,299
07/11/2023,FAT,CA,AWP,WE,Combined TRACON& Tower with Radar,73,19,19,6,117,0,14,76,19,109,73,33,95,25,226,68,12,80,306
07/12/2023,FAT,CA,AWP,WE,Combined TRACON& Tower with Radar,75,20,12,7,114,0,8,96,13,117,75,28,108,20,231,48,6,54,285
07/13/2023,FAT,CA,AWP,WE,Combined TRACON& Tower with Radar,85,15,16,5,121,0,17,87,23,127,85,32,103,28,248,40,6,46,294
07/14/2023,FAT,CA,AWP,WE,Combined TRACON& Tower with Radar,79,26,20,6,131,0,16,93,15,124,79,42,113,21,255,48,0,48,303
07/15/2023,FAT,CA,AWP,WE,Combined TRACON& Tower with Radar,69,9,14,0,92,0,8,54,8,70,69,17,68,8,162,8,0,8,170
07/16/2023,FAT,CA,AWP,WE,Combined TRACON& Tower with Radar,70,13,20,0,103,0,9,56,2,67,70,22,76,2,170,16,0,16,186
07/17/2023,FAT,CA,AWP,WE,Combined TRACON& Tower with Radar,77,20,13,1,111,0,6,79,9,94,77,26,92,10,205,6,18,24,229
07/18/2023,FAT,CA,AWP,WE,Combined TRACON& Tower with Radar,75,10,13,20,118,0,4,88,21,113,75,14,101,41,231,10,18,28,259
07/19/2023,FAT,CA,AWP,WE,Combined TRACON& Tower with Radar,78,14,21,11,124,0,10,114,11,135,78,24,135,22,259,18,12,30,289
07/20/2023,FAT,CA,AWP,WE,Combined TRACON& Tower with Radar,81,23,10,8,122,0,8,99,15,122,81,31,109,23,244,42,6,48,292
07/21/2023,FAT,CA,AWP,WE,Combined TRACON& Tower with Radar,82,16,21,7,126,0,9,91,14,114,82,25,112,21,240,8,0,8,248
07/22/2023,FAT,CA,AWP,WE,Combined TRACON& Tower with Radar,68,14,17,0,99,0,16,67,9,92,68,30,84,9,191,52,10,62,253
07/23/2023,FAT,CA,AWP,WE,Combined TRACON& Tower with Radar,71,13,21,2,107,0,8,58,9,75,71,21,79,11,182,42,0,42,224
07/24/2023,FAT,CA,AWP,WE,Combined TRACON& Tower with Radar,77,16,10,10,113,0,13,66,12,91,77,29,76,22,204,50,12,62,266
07/25/2023,FAT,CA,AWP,WE,Combined TRACON& Tower with Radar,74,15,24,12,125,0,11,93,24,128,74,26,117,36,253,22,0,22,275
07/26/2023,FAT,CA,AWP,WE,Combined TRACON& Tower with Radar,77,10,17,9,113,0,19,81,4,104,77,29,98,13,217,24,0,24,241
07/27/2023,FAT,CA,AWP,WE,Combined TRACON& Tower with Radar,81,18,28,7,134,0,15,96,12,123,81,33,124,19,257,64,0,64,321
07/28/2023,FAT,CA,AWP,WE,Combined TRACON& Tower with Radar,81,16,18,4,119,0,21,111,10,142,81,37,129,14,261,48,0,48,309
07/29/2023,FAT,CA,AWP,WE,Combined TRACON& Tower with Radar,73,14,12,0,99,0,9,86,16,111,73,23,98,16,210,18,0,18,228
07/30/2023,FAT,CA,AWP,WE,Combined TRACON& Tower with Radar,71,12,22,1,106,0,6,88,7,101,71,18,110,8,207,46,0,46,253
07/31/2023,FAT,CA,AWP,WE,Combined TRACON& Tower with Radar,79,9,17,6,111,0,6,81,12,99,79,15,98,18,210,54,12,66,276
08/01/2023,FAT,CA,AWP,WE,Combined TRACON& Tower with Radar,77,11,14,6,108,0,12,94,17,123,77,23,108,23,231,52,14,66,297
08/02/2023,FAT,CA,AWP,WE,Combined TRACON& Tower with Radar,82,5,16,3,106,0,15,92,10,117,82,20,108,13,223,42,8,50,273
08/03/2023,FAT,CA,AWP,WE,Combined TRACON& Tower with Radar,83,14,36,11,144,0,13,123,13,149,83,27,159,24,293,24,0,24,317
08/04/2023,FAT,CA,AWP,WE,Combined TRACON& Tower with Radar,87,9,16,10,122,0,9,95,3,107,87,18,111,13,229,64,0,64,293
08/05/2023,FAT,CA,AWP,WE,Combined TRACON& Tower with Radar,70,7,18,5,100,0,10,53,15,78,70,17,71,20,178,36,0,36,214
08/06/2023,FAT,CA,AWP,WE,Combined TRACON& Tower with Radar,73,9,17,2,101,0,13,70,7,90,73,22,87,9,191,18,18,36,227
08/07/2023,FAT,CA,AWP,WE,Combined TRACON& Tower with Radar,82,16,14,12,124,0,11,82,13,106,82,27,96,25,230,44,24,68,298
08/08/2023,FAT,CA,AWP,WE,Combined TRACON& Tower with Radar,80,12,18,12,122,0,13,105,10,128,80,25,123,22,250,42,20,62,312
08/09/2023,FAT,CA,AWP,WE,Combined TRACON& Tower with Radar,80,9,21,3,113,0,14,106,13,133,80,23,127,16,246,26,4,30,276
08/10/2023,FAT,CA,AWP,WE,Combined TRACON& Tower with Radar,80,13,18,5,116,1,25,94,27,147,81,38,112,32,263,34,2,36,299
08/11/2023,FAT,CA,AWP,WE,Combined TRACON& Tower with Radar,89,14,22,3,128,0,13,81,6,100,89,27,103,9,228,24,0,24,252
08/12/2023,FAT,CA,AWP,WE,Combined TRACON& Tower with Radar,73,19,13,0,105,0,23,75,2,100,73,42,88,2,205,34,0,34,239
08/13/2023,FAT,CA,AWP,WE,Combined TRACON& Tower with Radar,76,21,18,0,115,0,17,66,4,87,76,38,84,4,202,32,0,32,234
08/14/2023,FAT,CA,AWP,WE,Combined TRACON& Tower with Radar,85,5,12,6,108,0,12,70,7,89,85,17,82,13,197,16,0,16,213
08/15/2023,FAT,CA,AWP,WE,Combined TRACON& Tower with Radar,76,16,20,12,124,0,16,125,11,152,76,32,145,23,276,28,28,56,332
08/16/2023,FAT,CA,AWP,WE,Combined TRACON& Tower with Radar,82,7,26,5,120,0,11,104,15,130,82,18,130,20,250,16,0,16,266
08/17/2023,FAT,CA,AWP,WE,Combined TRACON& Tower with Radar,84,9,30,6,129,1,23,100,7,131,85,32,130,13,260,50,0,50,310
08/18/2023,FAT,CA,AWP,WE,Combined TRACON& Tower with Radar,89,23,27,5,144,0,16,111,10,137,89,39,138,15,281,46,2,48,329
08/19/2023,FAT,CA,AWP,WE,Combined TRACON& Tower with Radar,71,11,20,0,102,0,12,85,4,101,71,23,105,4,203,30,0,30,233
08/20/2023,FAT,CA,AWP,WE,Combined TRACON& Tower with Radar,77,8,5,5,95,0,6,26,6,38,77,14,31,11,133,28,0,28,161
08/21/2023,FAT,CA,AWP,WE,Combined TRACON& Tower with Radar,77,8,18,3,106,0,6,45,3,54,77,14,63,6,160,60,0,60,220
08/22/2023,FAT,CA,AWP,WE,Combined TRACON& Tower with Radar,78,15,22,6,121,0,9,98,7,114,78,24,120,13,235,40,0,40,275
08/23/2023,FAT,CA,AWP,WE,Combined TRACON& Tower with Radar,78,12,23,6,119,0,15,105,4,124,78,27,128,10,243,38,0,38,281
08/24/2023,FAT,CA,AWP,WE,Combined TRACON& Tower with Radar,83,12,20,1,116,0,9,105,12,126,83,21,125,13,242,26,0,26,268
08/25/2023,FAT,CA,AWP,WE,Combined TRACON& Tower with Radar,87,13,20,2,122,0,17,90,3,110,87,30,110,5,232,72,0,72,304
08/26/2023,FAT,CA,AWP,WE,Combined TRACON& Tower with Radar,76,6,14,0,96,0,20,76,4,100,76,26,90,4,196,26,0,26,222
08/27/2023,FAT,CA,AWP,WE,Combined TRACON& Tower with Radar,79,14,19,0,112,0,16,64,4,84,79,30,83,4,196,71,0,71,267
08/28/2023,FAT,CA,AWP,WE,Combined TRACON& Tower with Radar,82,11,9,9,111,0,15,82,9,106,82,26,91,18,217,36,0,36,253
08/29/2023,FAT,CA,AWP,WE,Combined TRACON& Tower with Radar,73,14,22,7,116,0,7,85,10,102,73,21,107,17,218,52,10,62,280
08/30/2023,FAT,CA,AWP,WE,Combined TRACON& Tower with Radar,78,13,35,2,128,0,12,85,7,104,78,25,120,9,232,82,0,82,314
08/31/2023,FAT,CA,AWP,WE,Combined TRACON& Tower with Radar,80,7,25,8,120,0,12,121,14,147,80,19,146,22,267,16,18,34,301
