01/01/2020,FAY,NC,ASO,EN,Combined TRACON& Tower with Radar,11,4,15,0,30,0,0,13,0,13,11,4,28,0,43,14,0,14,57
01/02/2020,FAY,NC,ASO,EN,Combined TRACON& Tower with Radar,15,10,8,0,33,0,0,18,0,18,15,10,26,0,51,0,0,0,51
01/03/2020,FAY,NC,ASO,EN,Combined TRACON& Tower with Radar,13,8,19,6,46,0,0,2,0,2,13,8,21,6,48,0,0,0,48
01/04/2020,FAY,NC,ASO,EN,Combined TRACON& Tower with Radar,14,10,10,0,34,0,0,1,0,1,14,10,11,0,35,0,0,0,35
01/05/2020,FAY,NC,ASO,EN,Combined TRACON& Tower with Radar,15,9,13,0,37,0,0,20,0,20,15,9,33,0,57,6,0,6,63
01/06/2020,FAY,NC,ASO,EN,Combined TRACON& Tower with Radar,14,11,17,5,47,0,0,27,1,28,14,11,44,6,75,22,0,22,97
01/07/2020,FAY,NC,ASO,EN,Combined TRACON& Tower with Radar,14,9,10,9,42,0,0,6,1,7,14,9,16,10,49,10,0,10,59
01/08/2020,FAY,NC,ASO,EN,Combined TRACON& Tower with Radar,16,8,19,14,57,0,0,21,4,25,16,8,40,18,82,0,20,20,102
01/09/2020,FAY,NC,ASO,EN,Combined TRACON& Tower with Radar,16,8,25,22,71,0,0,22,0,22,16,8,47,22,93,0,0,0,93
01/10/2020,FAY,NC,ASO,EN,Combined TRACON& Tower with Radar,16,8,9,23,56,0,0,13,0,13,16,8,22,23,69,4,0,4,73
01/11/2020,FAY,NC,ASO,EN,Combined TRACON& Tower with Radar,13,7,0,0,20,0,0,7,0,7,13,7,7,0,27,0,0,0,27
01/12/2020,FAY,NC,ASO,EN,Combined TRACON& Tower with Radar,16,6,6,0,28,0,0,2,1,3,16,6,8,1,31,12,0,12,43
01/13/2020,FAY,NC,ASO,EN,Combined TRACON& Tower with Radar,16,8,13,5,42,0,0,0,0,0,16,8,13,5,42,0,0,0,42
01/14/2020,FAY,NC,ASO,EN,Combined TRACON& Tower with Radar,15,7,14,31,67,0,0,8,3,11,15,7,22,34,78,16,6,22,100
01/15/2020,FAY,NC,ASO,EN,Combined TRACON& Tower with Radar,16,10,16,31,73,0,0,10,6,16,16,10,26,37,89,0,8,8,97
01/16/2020,FAY,NC,ASO,EN,Combined TRACON& Tower with Radar,16,9,25,14,64,0,0,18,4,22,16,9,43,18,86,12,0,12,98
01/17/2020,FAY,NC,ASO,EN,Combined TRACON& Tower with Radar,16,9,15,21,61,0,0,35,0,35,16,9,50,21,96,40,14,54,150
01/18/2020,FAY,NC,ASO,EN,Combined TRACON& Tower with Radar,12,5,13,0,30,0,0,19,0,19,12,5,32,0,49,10,0,10,59
01/19/2020,FAY,NC,ASO,EN,Combined TRACON& Tower with Radar,14,6,7,0,27,0,0,11,0,11,14,6,18,0,38,10,0,10,48
01/20/2020,FAY,NC,ASO,EN,Combined TRACON& Tower with Radar,13,8,18,2,41,0,0,45,0,45,13,8,63,2,86,50,0,50,136
01/21/2020,FAY,NC,ASO,EN,Combined TRACON& Tower with Radar,14,10,20,0,44,0,0,16,0,16,14,10,36,0,60,0,0,0,60
01/22/2020,FAY,NC,ASO,EN,Combined TRACON& Tower with Radar,16,8,22,11,57,0,0,17,6,23,16,8,39,17,80,24,18,42,122
01/23/2020,FAY,NC,ASO,EN,Combined TRACON& Tower with Radar,16,8,31,23,78,0,0,28,2,30,16,8,59,25,108,36,29,65,173
01/24/2020,FAY,NC,ASO,EN,Combined TRACON& Tower with Radar,18,8,28,4,58,0,0,15,0,15,18,8,43,4,73,34,0,34,107
01/25/2020,FAY,NC,ASO,EN,Combined TRACON& Tower with Radar,14,6,13,2,35,0,1,27,0,28,14,7,40,2,63,16,10,26,89
01/26/2020,FAY,NC,ASO,EN,Combined TRACON& Tower with Radar,18,6,8,6,38,0,1,26,0,27,18,7,34,6,65,30,10,40,105
01/27/2020,FAY,NC,ASO,EN,Combined TRACON& Tower with Radar,16,10,10,22,58,0,0,14,2,16,16,10,24,24,74,4,30,34,108
01/28/2020,FAY,NC,ASO,EN,Combined TRACON& Tower with Radar,14,8,16,6,44,0,1,23,2,26,14,9,39,8,70,14,0,14,84
01/29/2020,FAY,NC,ASO,EN,Combined TRACON& Tower with Radar,16,9,15,19,59,0,1,20,4,25,16,10,35,23,84,18,12,30,114
01/30/2020,FAY,NC,ASO,EN,Combined TRACON& Tower with Radar,16,9,29,12,66,0,0,26,2,28,16,9,55,14,94,22,0,22,116
01/31/2020,FAY,NC,ASO,EN,Combined TRACON& Tower with Radar,16,10,22,6,54,0,1,11,3,15,16,11,33,9,69,14,0,14,83
02/01/2020,FAY,NC,ASO,EN,Combined TRACON& Tower with Radar,14,6,6,0,26,0,0,0,0,0,14,6,6,0,26,18,0,18,44
02/02/2020,FAY,NC,ASO,EN,Combined TRACON& Tower with Radar,15,7,15,0,37,0,2,22,0,24,15,9,37,0,61,28,0,28,89
02/03/2020,FAY,NC,ASO,EN,Combined TRACON& Tower with Radar,19,9,13,0,41,0,0,19,0,19,19,9,32,0,60,24,0,24,84
02/04/2020,FAY,NC,ASO,EN,Combined TRACON& Tower with Radar,14,8,19,10,51,0,1,31,0,32,14,9,50,10,83,20,0,20,103
02/05/2020,FAY,NC,ASO,EN,Combined TRACON& Tower with Radar,16,10,17,6,49,0,0,7,0,7,16,10,24,6,56,24,2,26,82
02/06/2020,FAY,NC,ASO,EN,Combined TRACON& Tower with Radar,17,8,8,2,35,0,0,0,0,0,17,8,8,2,35,0,0,0,35
02/07/2020,FAY,NC,ASO,EN,Combined TRACON& Tower with Radar,19,12,4,0,35,0,0,1,0,1,19,12,5,0,36,0,0,0,36
02/08/2020,FAY,NC,ASO,EN,Combined TRACON& Tower with Radar,16,6,6,0,28,0,0,25,0,25,16,6,31,0,53,6,0,6,59
02/09/2020,FAY,NC,ASO,EN,Combined TRACON& Tower with Radar,16,6,9,0,31,0,1,38,0,39,16,7,47,0,70,14,0,14,84
02/10/2020,FAY,NC,ASO,EN,Combined TRACON& Tower with Radar,16,8,26,8,58,0,1,21,5,27,16,9,47,13,85,10,28,38,123
02/11/2020,FAY,NC,ASO,EN,Combined TRACON& Tower with Radar,14,8,18,10,50,0,0,0,0,0,14,8,18,10,50,2,36,38,88
02/12/2020,FAY,NC,ASO,EN,Combined TRACON& Tower with Radar,15,8,29,2,54,0,0,1,0,1,15,8,30,2,55,52,4,56,111
02/13/2020,FAY,NC,ASO,EN,Combined TRACON& Tower with Radar,11,10,13,4,38,0,0,0,0,0,11,10,13,4,38,0,0,0,38
02/14/2020,FAY,NC,ASO,EN,Combined TRACON& Tower with Radar,15,8,12,6,41,0,0,23,0,23,15,8,35,6,64,0,0,0,64
02/15/2020,FAY,NC,ASO,EN,Combined TRACON& Tower with Radar,14,5,11,2,32,11,0,44,0,55,25,5,55,2,87,0,0,0,87
02/16/2020,FAY,NC,ASO,EN,Combined TRACON& Tower with Radar,14,5,13,0,32,0,0,21,2,23,14,5,34,2,55,50,0,50,105
02/17/2020,FAY,NC,ASO,EN,Combined TRACON& Tower with Radar,14,8,23,0,45,0,0,24,0,24,14,8,47,0,69,0,0,0,69
02/18/2020,FAY,NC,ASO,EN,Combined TRACON& Tower with Radar,14,8,28,14,64,0,0,3,0,3,14,8,31,14,67,12,10,22,89
02/19/2020,FAY,NC,ASO,EN,Combined TRACON& Tower with Radar,13,8,16,14,51,0,0,0,0,0,13,8,16,14,51,0,0,0,51
02/20/2020,FAY,NC,ASO,EN,Combined TRACON& Tower with Radar,10,9,5,14,38,0,0,3,0,3,10,9,8,14,41,0,4,4,45
02/21/2020,FAY,NC,ASO,EN,Combined TRACON& Tower with Radar,14,8,11,10,43,0,0,10,2,12,14,8,21,12,55,0,6,6,61
02/22/2020,FAY,NC,ASO,EN,Combined TRACON& Tower with Radar,12,9,15,0,36,0,0,32,0,32,12,9,47,0,68,16,0,16,84
02/23/2020,FAY,NC,ASO,EN,Combined TRACON& Tower with Radar,17,6,13,0,36,0,0,20,0,20,17,6,33,0,56,28,0,28,84
02/24/2020,FAY,NC,ASO,EN,Combined TRACON& Tower with Radar,14,10,23,0,47,0,0,9,0,9,14,10,32,0,56,16,0,16,72
02/25/2020,FAY,NC,ASO,EN,Combined TRACON& Tower with Radar,14,8,29,8,59,0,0,0,0,0,14,8,29,8,59,0,0,0,59
02/26/2020,FAY,NC,ASO,EN,Combined TRACON& Tower with Radar,13,9,15,10,47,0,2,0,0,2,13,11,15,10,49,0,0,0,49
02/27/2020,FAY,NC,ASO,EN,Combined TRACON& Tower with Radar,15,9,10,14,48,0,0,8,3,11,15,9,18,17,59,0,0,0,59
02/28/2020,FAY,NC,ASO,EN,Combined TRACON& Tower with Radar,13,8,12,10,43,0,0,18,2,20,13,8,30,12,63,44,0,44,107
02/29/2020,FAY,NC,ASO,EN,Combined TRACON& Tower with Radar,15,10,11,0,36,0,0,25,1,26,15,10,36,1,62,18,0,18,80
03/01/2020,FAY,NC,ASO,EN,Combined TRACON& Tower with Radar,13,6,7,2,28,0,0,36,0,36,13,6,43,2,64,84,0,84,148
03/02/2020,FAY,NC,ASO,EN,Combined TRACON& Tower with Radar,15,9,25,11,60,0,0,23,0,23,15,9,48,11,83,20,0,20,103
03/03/2020,FAY,NC,ASO,EN,Combined TRACON& Tower with Radar,14,9,11,18,52,0,0,2,0,2,14,9,13,18,54,2,4,6,60
03/04/2020,FAY,NC,ASO,EN,Combined TRACON& Tower with Radar,14,8,12,29,63,0,0,24,2,26,14,8,36,31,89,44,14,58,147
03/05/2020,FAY,NC,ASO,EN,Combined TRACON& Tower with Radar,14,8,12,14,48,0,0,1,0,1,14,8,13,14,49,0,2,2,51
03/06/2020,FAY,NC,ASO,EN,Combined TRACON& Tower with Radar,14,9,11,1,35,0,0,2,3,5,14,9,13,4,40,0,14,14,54
03/07/2020,FAY,NC,ASO,EN,Combined TRACON& Tower with Radar,14,6,3,0,23,0,0,12,0,12,14,6,15,0,35,31,0,31,66
03/08/2020,FAY,NC,ASO,EN,Combined TRACON& Tower with Radar,14,6,11,0,31,0,1,36,0,37,14,7,47,0,68,48,0,48,116
03/09/2020,FAY,NC,ASO,EN,Combined TRACON& Tower with Radar,13,11,15,7,46,0,0,31,0,31,13,11,46,7,77,18,12,30,107
03/10/2020,FAY,NC,ASO,EN,Combined TRACON& Tower with Radar,14,8,14,4,40,0,0,8,0,8,14,8,22,4,48,4,0,4,52
03/11/2020,FAY,NC,ASO,EN,Combined TRACON& Tower with Radar,14,8,12,6,40,0,0,16,2,18,14,8,28,8,58,8,5,13,71
03/12/2020,FAY,NC,ASO,EN,Combined TRACON& Tower with Radar,14,8,7,9,38,0,0,27,2,29,14,8,34,11,67,20,0,20,87
03/13/2020,FAY,NC,ASO,EN,Combined TRACON& Tower with Radar,14,8,9,2,33,0,2,19,0,21,14,10,28,2,54,0,0,0,54
03/14/2020,FAY,NC,ASO,EN,Combined TRACON& Tower with Radar,14,7,10,1,32,0,0,40,1,41,14,7,50,2,73,20,0,20,93
03/15/2020,FAY,NC,ASO,EN,Combined TRACON& Tower with Radar,14,11,2,0,27,0,0,3,0,3,14,11,5,0,30,0,0,0,30
03/16/2020,FAY,NC,ASO,EN,Combined TRACON& Tower with Radar,14,11,12,10,47,0,0,12,0,12,14,11,24,10,59,40,0,40,99
03/17/2020,FAY,NC,ASO,EN,Combined TRACON& Tower with Radar,14,8,8,0,30,0,0,0,0,0,14,8,8,0,30,0,0,0,30
03/18/2020,FAY,NC,ASO,EN,Combined TRACON& Tower with Radar,14,8,17,14,53,0,2,12,1,15,14,10,29,15,68,6,0,6,74
03/19/2020,FAY,NC,ASO,EN,Combined TRACON& Tower with Radar,14,8,11,12,45,0,0,14,1,15,14,8,25,13,60,0,0,0,60
03/20/2020,FAY,NC,ASO,EN,Combined TRACON& Tower with Radar,14,6,4,7,31,0,0,15,0,15,14,6,19,7,46,0,4,4,50
03/21/2020,FAY,NC,ASO,EN,Combined TRACON& Tower with Radar,12,7,9,0,28,0,1,9,0,10,12,8,18,0,38,6,0,6,44
03/22/2020,FAY,NC,ASO,EN,Combined TRACON& Tower with Radar,14,8,9,11,42,0,1,10,0,11,14,9,19,11,53,32,0,32,85
03/23/2020,FAY,NC,ASO,EN,Combined TRACON& Tower with Radar,12,6,11,4,33,0,0,0,0,0,12,6,11,4,33,0,0,0,33
03/24/2020,FAY,NC,ASO,EN,Combined TRACON& Tower with Radar,5,8,1,9,23,0,0,0,0,0,5,8,1,9,23,0,12,12,35
03/25/2020,FAY,NC,ASO,EN,Combined TRACON& Tower with Radar,5,4,15,3,27,0,0,4,0,4,5,4,19,3,31,14,0,14,45
03/26/2020,FAY,NC,ASO,EN,Combined TRACON& Tower with Radar,5,4,19,2,30,0,0,24,0,24,5,4,43,2,54,30,0,30,84
03/27/2020,FAY,NC,ASO,EN,Combined TRACON& Tower with Radar,9,7,8,0,24,0,0,26,0,26,9,7,34,0,50,80,0,80,130
03/28/2020,FAY,NC,ASO,EN,Combined TRACON& Tower with Radar,5,7,1,0,13,0,0,16,0,16,5,7,17,0,29,8,0,8,37
03/29/2020,FAY,NC,ASO,EN,Combined TRACON& Tower with Radar,9,10,2,0,21,0,0,10,0,10,9,10,12,0,31,18,0,18,49
03/30/2020,FAY,NC,ASO,EN,Combined TRACON& Tower with Radar,6,4,13,0,23,0,0,22,0,22,6,4,35,0,45,14,0,14,59
03/31/2020,FAY,NC,ASO,EN,Combined TRACON& Tower with Radar,5,3,8,5,21,0,0,8,1,9,5,3,16,6,30,8,18,26,56
04/01/2020,FAY,NC,ASO,EN,Combined TRACON& Tower with Radar,4,5,5,3,17,0,0,5,0,5,4,5,10,3,22,16,0,16,38
04/02/2020,FAY,NC,ASO,EN,Combined TRACON& Tower with Radar,4,3,2,1,10,0,0,2,1,3,4,3,4,2,13,0,0,0,13
04/03/2020,FAY,NC,ASO,EN,Combined TRACON& Tower with Radar,8,4,4,0,16,0,0,15,0,15,8,4,19,0,31,6,0,6,37
04/04/2020,FAY,NC,ASO,EN,Combined TRACON& Tower with Radar,3,4,3,0,10,0,0,28,0,28,3,4,31,0,38,20,0,20,58
04/05/2020,FAY,NC,ASO,EN,Combined TRACON& Tower with Radar,3,4,8,0,15,0,0,32,0,32,3,4,40,0,47,43,0,43,90
04/06/2020,FAY,NC,ASO,EN,Combined TRACON& Tower with Radar,4,7,4,3,18,0,0,11,3,14,4,7,15,6,32,2,2,4,36
04/07/2020,FAY,NC,ASO,EN,Combined TRACON& Tower with Radar,4,5,6,0,15,0,0,18,0,18,4,5,24,0,33,14,0,14,47
04/08/2020,FAY,NC,ASO,EN,Combined TRACON& Tower with Radar,4,4,7,1,16,0,0,12,1,13,4,4,19,2,29,0,0,0,29
04/09/2020,FAY,NC,ASO,EN,Combined TRACON& Tower with Radar,4,4,16,2,26,0,0,9,0,9,4,4,25,2,35,24,10,34,69
04/10/2020,FAY,NC,ASO,EN,Combined TRACON& Tower with Radar,6,4,5,0,15,0,0,6,0,6,6,4,11,0,21,0,0,0,21
04/11/2020,FAY,NC,ASO,EN,Combined TRACON& Tower with Radar,4,4,3,0,11,0,0,17,0,17,4,4,20,0,28,0,0,0,28
04/12/2020,FAY,NC,ASO,EN,Combined TRACON& Tower with Radar,3,6,0,0,9,0,0,4,0,4,3,6,4,0,13,0,0,0,13
04/13/2020,FAY,NC,ASO,EN,Combined TRACON& Tower with Radar,3,8,0,1,12,0,0,0,1,1,3,8,0,2,13,0,0,0,13
04/14/2020,FAY,NC,ASO,EN,Combined TRACON& Tower with Radar,6,4,29,2,41,0,0,25,0,25,6,4,54,2,66,28,0,28,94
04/15/2020,FAY,NC,ASO,EN,Combined TRACON& Tower with Radar,4,4,8,2,18,0,0,6,0,6,4,4,14,2,24,0,0,0,24
04/16/2020,FAY,NC,ASO,EN,Combined TRACON& Tower with Radar,4,4,10,3,21,0,0,8,1,9,4,4,18,4,30,30,0,30,60
04/17/2020,FAY,NC,ASO,EN,Combined TRACON& Tower with Radar,4,6,6,2,18,0,0,17,0,17,4,6,23,2,35,0,0,0,35
04/18/2020,FAY,NC,ASO,EN,Combined TRACON& Tower with Radar,2,5,0,0,7,0,0,6,0,6,2,5,6,0,13,0,0,0,13
04/19/2020,FAY,NC,ASO,EN,Combined TRACON& Tower with Radar,4,6,11,0,21,0,0,10,0,10,4,6,21,0,31,21,0,21,52
04/20/2020,FAY,NC,ASO,EN,Combined TRACON& Tower with Radar,4,4,5,2,15,0,0,4,0,4,4,4,9,2,19,0,0,0,19
04/21/2020,FAY,NC,ASO,EN,Combined TRACON& Tower with Radar,4,4,18,7,33,0,0,16,2,18,4,4,34,9,51,50,6,56,107
04/22/2020,FAY,NC,ASO,EN,Combined TRACON& Tower with Radar,4,4,13,10,31,0,0,25,2,27,4,4,38,12,58,0,0,0,58
04/23/2020,FAY,NC,ASO,EN,Combined TRACON& Tower with Radar,4,4,3,6,17,0,0,3,0,3,4,4,6,6,20,18,4,22,42
04/24/2020,FAY,NC,ASO,EN,Combined TRACON& Tower with Radar,4,4,2,2,12,0,0,8,0,8,4,4,10,2,20,0,0,0,20
04/25/2020,FAY,NC,ASO,EN,Combined TRACON& Tower with Radar,3,4,13,9,29,0,0,1,0,1,3,4,14,9,30,0,54,54,84
04/26/2020,FAY,NC,ASO,EN,Combined TRACON& Tower with Radar,5,2,5,0,12,0,0,15,0,15,5,2,20,0,27,22,0,22,49
04/27/2020,FAY,NC,ASO,EN,Combined TRACON& Tower with Radar,4,2,15,4,25,0,0,18,0,18,4,2,33,4,43,8,0,8,51
04/28/2020,FAY,NC,ASO,EN,Combined TRACON& Tower with Radar,4,4,23,8,39,0,0,23,2,25,4,4,46,10,64,36,4,40,104
04/29/2020,FAY,NC,ASO,EN,Combined TRACON& Tower with Radar,4,3,11,1,19,0,0,9,1,10,4,3,20,2,29,6,0,6,35
04/30/2020,FAY,NC,ASO,EN,Combined TRACON& Tower with Radar,4,4,16,3,27,0,0,7,1,8,4,4,23,4,35,0,0,0,35
05/01/2020,FAY,NC,ASO,EN,Combined TRACON& Tower with Radar,4,4,10,1,19,0,0,20,1,21,4,4,30,2,40,14,0,14,54
05/02/2020,FAY,NC,ASO,EN,Combined TRACON& Tower with Radar,4,4,13,0,21,0,0,31,0,31,4,4,44,0,52,20,0,20,72
05/03/2020,FAY,NC,ASO,EN,Combined TRACON& Tower with Radar,5,4,14,0,23,0,0,24,0,24,5,4,38,0,47,24,0,24,71
05/04/2020,FAY,NC,ASO,EN,Combined TRACON& Tower with Radar,4,4,10,5,23,0,0,32,5,37,4,4,42,10,60,28,0,28,88
05/05/2020,FAY,NC,ASO,EN,Combined TRACON& Tower with Radar,4,4,13,8,29,0,0,11,0,11,4,4,24,8,40,16,0,16,56
05/06/2020,FAY,NC,ASO,EN,Combined TRACON& Tower with Radar,4,7,3,15,29,0,0,11,0,11,4,7,14,15,40,4,14,18,58
05/07/2020,FAY,NC,ASO,EN,Combined TRACON& Tower with Radar,3,4,23,14,44,0,0,28,2,30,3,4,51,16,74,38,14,52,126
05/08/2020,FAY,NC,ASO,EN,Combined TRACON& Tower with Radar,4,4,8,12,28,0,0,6,0,6,4,4,14,12,34,10,0,10,44
05/09/2020,FAY,NC,ASO,EN,Combined TRACON& Tower with Radar,6,4,7,0,17,0,0,20,0,20,6,4,27,0,37,20,0,20,57
05/10/2020,FAY,NC,ASO,EN,Combined TRACON& Tower with Radar,4,4,15,0,23,0,2,24,0,26,4,6,39,0,49,14,0,14,63
05/11/2020,FAY,NC,ASO,EN,Combined TRACON& Tower with Radar,4,4,6,15,29,0,0,13,0,13,4,4,19,15,42,32,6,38,80
05/12/2020,FAY,NC,ASO,EN,Combined TRACON& Tower with Radar,4,6,20,12,42,0,0,20,2,22,4,6,40,14,64,36,0,36,100
05/13/2020,FAY,NC,ASO,EN,Combined TRACON& Tower with Radar,4,4,19,8,35,0,0,19,5,24,4,4,38,13,59,10,4,14,73
05/14/2020,FAY,NC,ASO,EN,Combined TRACON& Tower with Radar,5,3,15,15,38,0,0,22,0,22,5,3,37,15,60,74,0,74,134
05/15/2020,FAY,NC,ASO,EN,Combined TRACON& Tower with Radar,7,1,12,9,29,0,0,34,0,34,7,1,46,9,63,10,0,10,73
05/16/2020,FAY,NC,ASO,EN,Combined TRACON& Tower with Radar,6,4,20,4,34,0,0,38,0,38,6,4,58,4,72,54,0,54,126
05/17/2020,FAY,NC,ASO,EN,Combined TRACON& Tower with Radar,4,4,23,1,32,0,0,14,0,14,4,4,37,1,46,42,0,42,88
05/18/2020,FAY,NC,ASO,EN,Combined TRACON& Tower with Radar,4,2,29,2,37,0,0,7,0,7,4,2,36,2,44,12,0,12,56
05/19/2020,FAY,NC,ASO,EN,Combined TRACON& Tower with Radar,4,4,8,6,22,0,0,0,0,0,4,4,8,6,22,0,0,0,22
05/20/2020,FAY,NC,ASO,EN,Combined TRACON& Tower with Radar,4,4,18,0,26,0,0,0,0,0,4,4,18,0,26,0,0,0,26
05/21/2020,FAY,NC,ASO,EN,Combined TRACON& Tower with Radar,4,4,15,9,32,0,0,0,0,0,4,4,15,9,32,0,0,0,32
05/22/2020,FAY,NC,ASO,EN,Combined TRACON& Tower with Radar,4,6,18,12,40,0,0,20,0,20,4,6,38,12,60,16,0,16,76
05/23/2020,FAY,NC,ASO,EN,Combined TRACON& Tower with Radar,4,5,6,0,15,0,0,10,0,10,4,5,16,0,25,0,0,0,25
05/24/2020,FAY,NC,ASO,EN,Combined TRACON& Tower with Radar,4,4,6,0,14,0,0,11,0,11,4,4,17,0,25,26,0,26,51
05/25/2020,FAY,NC,ASO,EN,Combined TRACON& Tower with Radar,4,4,17,0,25,0,0,19,0,19,4,4,36,0,44,2,0,2,46
05/26/2020,FAY,NC,ASO,EN,Combined TRACON& Tower with Radar,4,4,24,7,39,0,0,9,1,10,4,4,33,8,49,40,2,42,91
05/27/2020,FAY,NC,ASO,EN,Combined TRACON& Tower with Radar,4,4,9,4,21,0,0,0,0,0,4,4,9,4,21,0,0,0,21
05/28/2020,FAY,NC,ASO,EN,Combined TRACON& Tower with Radar,4,6,19,11,40,0,0,5,1,6,4,6,24,12,46,40,20,60,106
05/29/2020,FAY,NC,ASO,EN,Combined TRACON& Tower with Radar,4,4,7,2,17,0,0,2,0,2,4,4,9,2,19,0,6,6,25
05/30/2020,FAY,NC,ASO,EN,Combined TRACON& Tower with Radar,4,4,14,1,23,0,0,15,0,15,4,4,29,1,38,14,16,30,68
05/31/2020,FAY,NC,ASO,EN,Combined TRACON& Tower with Radar,4,4,11,0,19,0,0,22,0,22,4,4,33,0,41,12,0,12,53
06/01/2020,FAY,NC,ASO,EN,Combined TRACON& Tower with Radar,4,4,14,13,35,0,0,32,3,35,4,4,46,16,70,30,12,42,112
06/02/2020,FAY,NC,ASO,EN,Combined TRACON& Tower with Radar,7,1,20,4,32,0,2,37,0,39,7,3,57,4,71,12,0,12,83
06/03/2020,FAY,NC,ASO,EN,Combined TRACON& Tower with Radar,8,1,15,15,39,0,0,24,2,26,8,1,39,17,65,8,14,22,87
06/04/2020,FAY,NC,ASO,EN,Combined TRACON& Tower with Radar,8,0,17,16,41,0,0,41,2,43,8,0,58,18,84,16,22,38,122
06/05/2020,FAY,NC,ASO,EN,Combined TRACON& Tower with Radar,9,2,7,0,18,0,0,5,0,5,9,2,12,0,23,28,0,28,51
06/06/2020,FAY,NC,ASO,EN,Combined TRACON& Tower with Radar,9,2,9,0,20,0,0,35,0,35,9,2,44,0,55,40,0,40,95
06/07/2020,FAY,NC,ASO,EN,Combined TRACON& Tower with Radar,8,0,10,0,18,0,0,14,0,14,8,0,24,0,32,14,0,14,46
06/08/2020,FAY,NC,ASO,EN,Combined TRACON& Tower with Radar,8,0,28,9,45,0,0,11,0,11,8,0,39,9,56,26,0,26,82
06/09/2020,FAY,NC,ASO,EN,Combined TRACON& Tower with Radar,8,0,19,1,28,0,0,10,1,11,8,0,29,2,39,0,0,0,39
06/10/2020,FAY,NC,ASO,EN,Combined TRACON& Tower with Radar,8,0,33,10,51,0,0,14,0,14,8,0,47,10,65,4,0,4,69
06/11/2020,FAY,NC,ASO,EN,Combined TRACON& Tower with Radar,10,2,4,2,18,0,0,0,0,0,10,2,4,2,18,0,0,0,18
06/12/2020,FAY,NC,ASO,EN,Combined TRACON& Tower with Radar,8,0,29,9,46,0,0,18,0,18,8,0,47,9,64,14,0,14,78
06/13/2020,FAY,NC,ASO,EN,Combined TRACON& Tower with Radar,8,0,24,2,34,0,0,35,2,37,8,0,59,4,71,24,0,24,95
06/14/2020,FAY,NC,ASO,EN,Combined TRACON& Tower with Radar,8,2,16,0,26,0,0,23,0,23,8,2,39,0,49,80,0,80,129
06/15/2020,FAY,NC,ASO,EN,Combined TRACON& Tower with Radar,8,1,0,0,9,0,0,0,0,0,8,1,0,0,9,0,0,0,9
06/16/2020,FAY,NC,ASO,EN,Combined TRACON& Tower with Radar,10,1,5,2,18,0,0,0,0,0,10,1,5,2,18,0,0,0,18
06/17/2020,FAY,NC,ASO,EN,Combined TRACON& Tower with Radar,8,0,20,12,40,0,0,6,4,10,8,0,26,16,50,40,32,72,122
06/18/2020,FAY,NC,ASO,EN,Combined TRACON& Tower with Radar,10,2,29,6,47,0,0,25,0,25,10,2,54,6,72,30,0,30,102
06/19/2020,FAY,NC,ASO,EN,Combined TRACON& Tower with Radar,10,0,22,4,36,0,0,20,0,20,10,0,42,4,56,8,0,8,64
06/20/2020,FAY,NC,ASO,EN,Combined TRACON& Tower with Radar,10,3,8,0,21,0,3,15,0,18,10,6,23,0,39,68,0,68,107
06/21/2020,FAY,NC,ASO,EN,Combined TRACON& Tower with Radar,10,2,19,0,31,0,0,34,0,34,10,2,53,0,65,88,0,88,153
06/22/2020,FAY,NC,ASO,EN,Combined TRACON& Tower with Radar,10,2,18,10,40,0,1,21,0,22,10,3,39,10,62,23,0,23,85
06/23/2020,FAY,NC,ASO,EN,Combined TRACON& Tower with Radar,10,0,18,5,33,0,0,18,3,21,10,0,36,8,54,2,4,6,60
06/24/2020,FAY,NC,ASO,EN,Combined TRACON& Tower with Radar,10,1,15,15,41,0,0,22,4,26,10,1,37,19,67,12,24,36,103
06/25/2020,FAY,NC,ASO,EN,Combined TRACON& Tower with Radar,10,1,25,9,45,0,0,5,0,5,10,1,30,9,50,16,0,16,66
06/26/2020,FAY,NC,ASO,EN,Combined TRACON& Tower with Radar,10,0,19,5,34,0,0,42,1,43,10,0,61,6,77,22,18,40,117
06/27/2020,FAY,NC,ASO,EN,Combined TRACON& Tower with Radar,12,0,8,0,20,0,0,36,0,36,12,0,44,0,56,64,0,64,120
06/28/2020,FAY,NC,ASO,EN,Combined TRACON& Tower with Radar,10,2,16,2,30,0,0,29,0,29,10,2,45,2,59,48,0,48,107
06/29/2020,FAY,NC,ASO,EN,Combined TRACON& Tower with Radar,10,0,26,12,48,0,0,30,1,31,10,0,56,13,79,62,0,62,141
06/30/2020,FAY,NC,ASO,EN,Combined TRACON& Tower with Radar,12,2,12,0,26,0,0,19,0,19,12,2,31,0,45,26,0,26,71
07/01/2020,FAY,NC,ASO,EN,Combined TRACON& Tower with Radar,10,0,15,10,35,0,0,15,3,18,10,0,30,13,53,40,16,56,109
07/02/2020,FAY,NC,ASO,EN,Combined TRACON& Tower with Radar,10,4,19,5,38,0,0,21,0,21,10,4,40,5,59,36,0,36,95
07/03/2020,FAY,NC,ASO,EN,Combined TRACON& Tower with Radar,10,0,15,0,25,0,0,29,0,29,10,0,44,0,54,58,0,58,112
07/04/2020,FAY,NC,ASO,EN,Combined TRACON& Tower with Radar,8,0,10,0,18,0,0,15,0,15,8,0,25,0,33,22,0,22,55
07/05/2020,FAY,NC,ASO,EN,Combined TRACON& Tower with Radar,10,4,14,0,28,0,0,24,0,24,10,4,38,0,52,32,0,32,84
07/06/2020,FAY,NC,ASO,EN,Combined TRACON& Tower with Radar,10,0,15,0,25,0,0,25,0,25,10,0,40,0,50,42,0,42,92
07/07/2020,FAY,NC,ASO,EN,Combined TRACON& Tower with Radar,10,1,28,10,49,0,0,10,0,10,10,1,38,10,59,0,0,0,59
07/08/2020,FAY,NC,ASO,EN,Combined TRACON& Tower with Radar,12,0,17,15,44,0,0,10,0,10,12,0,27,15,54,0,0,0,54
07/09/2020,FAY,NC,ASO,EN,Combined TRACON& Tower with Radar,12,6,16,22,56,0,0,11,0,11,12,6,27,22,67,24,26,50,117
07/10/2020,FAY,NC,ASO,EN,Combined TRACON& Tower with Radar,14,5,28,9,56,0,0,35,1,36,14,5,63,10,92,52,18,70,162
07/11/2020,FAY,NC,ASO,EN,Combined TRACON& Tower with Radar,12,2,6,0,20,0,0,37,0,37,12,2,43,0,57,51,0,51,108
07/12/2020,FAY,NC,ASO,EN,Combined TRACON& Tower with Radar,12,2,17,2,33,0,0,29,0,29,12,2,46,2,62,36,0,36,98
07/13/2020,FAY,NC,ASO,EN,Combined TRACON& Tower with Radar,12,3,8,19,42,0,0,19,6,25,12,3,27,25,67,8,24,32,99
07/14/2020,FAY,NC,ASO,EN,Combined TRACON& Tower with Radar,12,1,19,6,38,0,0,43,0,43,12,1,62,6,81,22,0,22,103
07/15/2020,FAY,NC,ASO,EN,Combined TRACON& Tower with Radar,12,6,10,13,41,0,0,19,4,23,12,6,29,17,64,38,22,60,124
07/16/2020,FAY,NC,ASO,EN,Combined TRACON& Tower with Radar,12,2,9,12,35,0,1,20,1,22,12,3,29,13,57,30,6,36,93
07/17/2020,FAY,NC,ASO,EN,Combined TRACON& Tower with Radar,14,2,25,7,48,0,0,34,1,35,14,2,59,8,83,60,10,70,153
07/18/2020,FAY,NC,ASO,EN,Combined TRACON& Tower with Radar,12,7,6,0,25,0,5,14,2,21,12,12,20,2,46,14,0,14,60
07/19/2020,FAY,NC,ASO,EN,Combined TRACON& Tower with Radar,12,11,16,0,39,0,5,27,0,32,12,16,43,0,71,40,0,40,111
07/20/2020,FAY,NC,ASO,EN,Combined TRACON& Tower with Radar,12,2,13,15,42,0,0,19,1,20,12,2,32,16,62,12,16,28,90
07/21/2020,FAY,NC,ASO,EN,Combined TRACON& Tower with Radar,12,0,13,16,41,0,0,33,8,41,12,0,46,24,82,16,22,38,120
07/22/2020,FAY,NC,ASO,EN,Combined TRACON& Tower with Radar,12,3,15,10,40,0,3,16,2,21,12,6,31,12,61,48,0,48,109
07/23/2020,FAY,NC,ASO,EN,Combined TRACON& Tower with Radar,12,2,11,11,36,0,0,17,3,20,12,2,28,14,56,38,2,40,96
07/24/2020,FAY,NC,ASO,EN,Combined TRACON& Tower with Radar,15,2,15,10,42,0,0,11,0,11,15,2,26,10,53,78,0,78,131
07/25/2020,FAY,NC,ASO,EN,Combined TRACON& Tower with Radar,14,7,14,0,35,0,3,30,0,33,14,10,44,0,68,36,0,36,104
07/26/2020,FAY,NC,ASO,EN,Combined TRACON& Tower with Radar,14,4,14,0,32,0,1,30,0,31,14,5,44,0,63,56,0,56,119
07/27/2020,FAY,NC,ASO,EN,Combined TRACON& Tower with Radar,16,2,16,8,42,0,0,32,2,34,16,2,48,10,76,76,10,86,162
07/28/2020,FAY,NC,ASO,EN,Combined TRACON& Tower with Radar,14,0,17,22,53,0,0,9,0,9,14,0,26,22,62,72,22,94,156
07/29/2020,FAY,NC,ASO,EN,Combined TRACON& Tower with Radar,14,2,9,4,29,0,0,18,0,18,14,2,27,4,47,46,0,46,93
07/30/2020,FAY,NC,ASO,EN,Combined TRACON& Tower with Radar,13,7,17,4,41,0,3,15,1,19,13,10,32,5,60,42,0,42,102
07/31/2020,FAY,NC,ASO,EN,Combined TRACON& Tower with Radar,14,2,11,3,30,0,0,16,3,19,14,2,27,6,49,20,0,20,69
08/01/2020,FAY,NC,ASO,EN,Combined TRACON& Tower with Radar,14,3,6,0,23,0,1,20,0,21,14,4,26,0,44,32,0,32,76
08/02/2020,FAY,NC,ASO,EN,Combined TRACON& Tower with Radar,16,4,27,0,47,0,0,28,0,28,16,4,55,0,75,74,0,74,149
08/03/2020,FAY,NC,ASO,EN,Combined TRACON& Tower with Radar,13,2,4,6,25,0,0,5,0,5,13,2,9,6,30,8,0,8,38
08/04/2020,FAY,NC,ASO,EN,Combined TRACON& Tower with Radar,13,0,12,4,29,0,0,22,0,22,13,0,34,4,51,36,8,44,95
08/05/2020,FAY,NC,ASO,EN,Combined TRACON& Tower with Radar,14,4,16,24,58,0,1,10,0,11,14,5,26,24,69,22,4,26,95
08/06/2020,FAY,NC,ASO,EN,Combined TRACON& Tower with Radar,14,2,23,11,50,0,0,19,3,22,14,2,42,14,72,24,46,70,142
08/07/2020,FAY,NC,ASO,EN,Combined TRACON& Tower with Radar,14,2,20,3,39,0,0,3,1,4,14,2,23,4,43,0,0,0,43
08/08/2020,FAY,NC,ASO,EN,Combined TRACON& Tower with Radar,14,2,13,0,29,0,2,24,0,26,14,4,37,0,55,22,0,22,77
08/09/2020,FAY,NC,ASO,EN,Combined TRACON& Tower with Radar,14,2,7,2,25,0,0,6,0,6,14,2,13,2,31,20,0,20,51
08/10/2020,FAY,NC,ASO,EN,Combined TRACON& Tower with Radar,14,2,17,6,39,0,0,16,0,16,14,2,33,6,55,46,20,66,121
08/11/2020,FAY,NC,ASO,EN,Combined TRACON& Tower with Radar,14,0,15,11,40,0,0,21,9,30,14,0,36,20,70,41,16,57,127
08/12/2020,FAY,NC,ASO,EN,Combined TRACON& Tower with Radar,14,0,21,5,40,0,1,35,1,37,14,1,56,6,77,136,0,136,213
08/13/2020,FAY,NC,ASO,EN,Combined TRACON& Tower with Radar,14,2,22,13,51,0,0,22,0,22,14,2,44,13,73,94,9,103,176
08/14/2020,FAY,NC,ASO,EN,Combined TRACON& Tower with Radar,14,2,11,1,28,0,0,10,1,11,14,2,21,2,39,12,6,18,57
08/15/2020,FAY,NC,ASO,EN,Combined TRACON& Tower with Radar,14,2,14,1,31,0,0,8,1,9,14,2,22,2,40,16,0,16,56
08/16/2020,FAY,NC,ASO,EN,Combined TRACON& Tower with Radar,14,2,14,0,30,0,0,11,0,11,14,2,25,0,41,38,0,38,79
08/17/2020,FAY,NC,ASO,EN,Combined TRACON& Tower with Radar,14,2,15,4,35,0,0,22,0,22,14,2,37,4,57,32,0,32,89
08/18/2020,FAY,NC,ASO,EN,Combined TRACON& Tower with Radar,14,1,12,7,34,0,1,38,8,47,14,2,50,15,81,52,12,64,145
08/19/2020,FAY,NC,ASO,EN,Combined TRACON& Tower with Radar,14,1,22,2,39,0,0,18,1,19,14,1,40,3,58,16,8,24,82
08/20/2020,FAY,NC,ASO,EN,Combined TRACON& Tower with Radar,14,2,16,1,33,0,0,12,1,13,14,2,28,2,46,38,0,38,84
08/21/2020,FAY,NC,ASO,EN,Combined TRACON& Tower with Radar,14,4,15,2,35,0,0,2,0,2,14,4,17,2,37,0,0,0,37
08/22/2020,FAY,NC,ASO,EN,Combined TRACON& Tower with Radar,14,2,19,4,39,0,0,20,0,20,14,2,39,4,59,34,0,34,93
08/23/2020,FAY,NC,ASO,EN,Combined TRACON& Tower with Radar,14,4,14,0,32,0,0,29,0,29,14,4,43,0,61,54,0,54,115
08/24/2020,FAY,NC,ASO,EN,Combined TRACON& Tower with Radar,14,2,12,2,30,0,0,7,0,7,14,2,19,2,37,44,0,44,81
08/25/2020,FAY,NC,ASO,EN,Combined TRACON& Tower with Radar,14,0,26,18,58,0,0,32,1,33,14,0,58,19,91,56,2,58,149
08/26/2020,FAY,NC,ASO,EN,Combined TRACON& Tower with Radar,14,2,17,14,47,0,0,30,0,30,14,2,47,14,77,34,10,44,121
08/27/2020,FAY,NC,ASO,EN,Combined TRACON& Tower with Radar,14,4,21,8,47,0,0,23,0,23,14,4,44,8,70,50,0,50,120
08/28/2020,FAY,NC,ASO,EN,Combined TRACON& Tower with Radar,16,2,16,3,37,0,0,40,0,40,16,2,56,3,77,46,0,46,123
08/29/2020,FAY,NC,ASO,EN,Combined TRACON& Tower with Radar,14,2,8,0,24,0,0,7,0,7,14,2,15,0,31,12,0,12,43
08/30/2020,FAY,NC,ASO,EN,Combined TRACON& Tower with Radar,12,2,14,6,34,0,0,37,0,37,12,2,51,6,71,138,0,138,209
08/31/2020,FAY,NC,ASO,EN,Combined TRACON& Tower with Radar,16,2,21,8,47,0,1,11,1,13,16,3,32,9,60,34,0,34,94
09/01/2020,FAY,NC,ASO,EN,Combined TRACON& Tower with Radar,14,0,28,8,50,0,0,19,0,19,14,0,47,8,69,32,0,32,101
09/02/2020,FAY,NC,ASO,EN,Combined TRACON& Tower with Radar,14,2,16,4,36,0,0,17,1,18,14,2,33,5,54,68,0,68,122
09/03/2020,FAY,NC,ASO,EN,Combined TRACON& Tower with Radar,14,4,34,20,72,0,0,36,1,37,14,4,70,21,109,74,10,84,193
09/04/2020,FAY,NC,ASO,EN,Combined TRACON& Tower with Radar,14,3,19,5,41,0,0,35,1,36,14,3,54,6,77,32,6,38,115
09/05/2020,FAY,NC,ASO,EN,Combined TRACON& Tower with Radar,14,4,9,0,27,0,0,11,0,11,14,4,20,0,38,8,0,8,46
09/06/2020,FAY,NC,ASO,EN,Combined TRACON& Tower with Radar,13,1,10,0,24,0,0,26,0,26,13,1,36,0,50,64,0,64,114
09/07/2020,FAY,NC,ASO,EN,Combined TRACON& Tower with Radar,13,2,19,0,34,0,0,40,0,40,13,2,59,0,74,82,0,82,156
09/08/2020,FAY,NC,ASO,EN,Combined TRACON& Tower with Radar,14,0,25,2,41,0,0,18,0,18,14,0,43,2,59,38,0,38,97
09/09/2020,FAY,NC,ASO,EN,Combined TRACON& Tower with Radar,16,0,8,12,36,0,0,0,0,0,16,0,8,12,36,0,0,0,36
09/10/2020,FAY,NC,ASO,EN,Combined TRACON& Tower with Radar,16,0,22,2,40,0,0,9,0,9,16,0,31,2,49,30,0,30,79
09/11/2020,FAY,NC,ASO,EN,Combined TRACON& Tower with Radar,16,1,20,4,41,0,0,6,0,6,16,1,26,4,47,58,0,58,105
09/12/2020,FAY,NC,ASO,EN,Combined TRACON& Tower with Radar,16,0,15,2,33,0,0,1,0,1,16,0,16,2,34,6,0,6,40
09/13/2020,FAY,NC,ASO,EN,Combined TRACON& Tower with Radar,16,1,25,0,42,0,0,23,0,23,16,1,48,0,65,56,0,56,121
09/14/2020,FAY,NC,ASO,EN,Combined TRACON& Tower with Radar,16,0,25,7,48,0,0,19,1,20,16,0,44,8,68,56,0,56,124
09/15/2020,FAY,NC,ASO,EN,Combined TRACON& Tower with Radar,16,0,6,8,30,0,0,23,1,24,16,0,29,9,54,30,0,30,84
09/16/2020,FAY,NC,ASO,EN,Combined TRACON& Tower with Radar,16,0,15,4,35,0,0,15,0,15,16,0,30,4,50,12,0,12,62
09/17/2020,FAY,NC,ASO,EN,Combined TRACON& Tower with Radar,16,0,7,0,23,0,0,0,0,0,16,0,7,0,23,0,0,0,23
09/18/2020,FAY,NC,ASO,EN,Combined TRACON& Tower with Radar,14,1,14,6,35,0,0,0,2,2,14,1,14,8,37,0,0,0,37
09/19/2020,FAY,NC,ASO,EN,Combined TRACON& Tower with Radar,16,0,9,3,28,0,0,8,0,8,16,0,17,3,36,24,0,24,60
09/20/2020,FAY,NC,ASO,EN,Combined TRACON& Tower with Radar,16,0,22,8,46,0,0,21,0,21,16,0,43,8,67,22,0,22,89
09/21/2020,FAY,NC,ASO,EN,Combined TRACON& Tower with Radar,16,1,11,2,30,0,0,40,4,44,16,1,51,6,74,48,12,60,134
09/22/2020,FAY,NC,ASO,EN,Combined TRACON& Tower with Radar,16,1,24,10,51,0,0,43,1,44,16,1,67,11,95,38,10,48,143
09/23/2020,FAY,NC,ASO,EN,Combined TRACON& Tower with Radar,16,1,18,13,48,0,1,45,0,46,16,2,63,13,94,56,0,56,150
09/24/2020,FAY,NC,ASO,EN,Combined TRACON& Tower with Radar,15,3,14,10,42,0,0,25,0,25,15,3,39,10,67,42,0,42,109
09/25/2020,FAY,NC,ASO,EN,Combined TRACON& Tower with Radar,18,0,6,9,33,0,0,0,0,0,18,0,6,9,33,0,0,0,33
09/26/2020,FAY,NC,ASO,EN,Combined TRACON& Tower with Radar,16,0,9,0,25,0,2,14,0,16,16,2,23,0,41,44,0,44,85
09/27/2020,FAY,NC,ASO,EN,Combined TRACON& Tower with Radar,16,1,13,5,35,0,0,17,1,18,16,1,30,6,53,14,0,14,67
09/28/2020,FAY,NC,ASO,EN,Combined TRACON& Tower with Radar,18,1,12,10,41,0,0,15,0,15,18,1,27,10,56,8,12,20,76
09/29/2020,FAY,NC,ASO,EN,Combined TRACON& Tower with Radar,14,0,20,2,36,0,2,4,0,6,14,2,24,2,42,16,0,16,58
09/30/2020,FAY,NC,ASO,EN,Combined TRACON& Tower with Radar,17,2,12,4,35,0,1,38,0,39,17,3,50,4,74,86,0,86,160
10/01/2020,FAY,NC,ASO,EN,Combined TRACON& Tower with Radar,17,2,18,4,41,0,0,32,1,33,17,2,50,5,74,68,0,68,142
10/02/2020,FAY,NC,ASO,EN,Combined TRACON& Tower with Radar,16,0,16,0,32,0,0,37,0,37,16,0,53,0,69,28,0,28,97
10/03/2020,FAY,NC,ASO,EN,Combined TRACON& Tower with Radar,16,2,11,0,29,0,0,32,0,32,16,2,43,0,61,14,0,14,75
10/04/2020,FAY,NC,ASO,EN,Combined TRACON& Tower with Radar,16,1,10,0,27,0,0,17,0,17,16,1,27,0,44,70,0,70,114
10/05/2020,FAY,NC,ASO,EN,Combined TRACON& Tower with Radar,16,3,18,8,45,0,0,30,5,35,16,3,48,13,80,54,14,68,148
10/06/2020,FAY,NC,ASO,EN,Combined TRACON& Tower with Radar,16,2,14,3,35,0,0,23,1,24,16,2,37,4,59,10,0,10,69
10/07/2020,FAY,NC,ASO,EN,Combined TRACON& Tower with Radar,14,0,19,4,37,0,0,13,0,13,14,0,32,4,50,32,0,32,82
10/08/2020,FAY,NC,ASO,EN,Combined TRACON& Tower with Radar,16,0,23,15,54,0,2,18,2,22,16,2,41,17,76,20,14,34,110
10/09/2020,FAY,NC,ASO,EN,Combined TRACON& Tower with Radar,16,0,30,0,46,0,0,17,0,17,16,0,47,0,63,58,0,58,121
10/10/2020,FAY,NC,ASO,EN,Combined TRACON& Tower with Radar,16,0,8,0,24,0,0,8,0,8,16,0,16,0,32,44,0,44,76
10/11/2020,FAY,NC,ASO,EN,Combined TRACON& Tower with Radar,16,1,9,0,26,0,0,0,0,0,16,1,9,0,26,0,0,0,26
10/12/2020,FAY,NC,ASO,EN,Combined TRACON& Tower with Radar,16,1,17,0,34,0,0,4,0,4,16,1,21,0,38,12,0,12,50
10/13/2020,FAY,NC,ASO,EN,Combined TRACON& Tower with Radar,14,0,15,4,33,0,0,27,0,27,14,0,42,4,60,48,0,48,108
10/14/2020,FAY,NC,ASO,EN,Combined TRACON& Tower with Radar,14,3,14,5,36,0,0,21,1,22,14,3,35,6,58,46,0,46,104
10/15/2020,FAY,NC,ASO,EN,Combined TRACON& Tower with Radar,16,1,19,10,46,0,0,35,0,35,16,1,54,10,81,28,0,28,109
10/16/2020,FAY,NC,ASO,EN,Combined TRACON& Tower with Radar,16,0,6,8,30,0,0,1,0,1,16,0,7,8,31,0,0,0,31
10/17/2020,FAY,NC,ASO,EN,Combined TRACON& Tower with Radar,16,0,16,1,33,0,2,31,0,33,16,2,47,1,66,48,0,48,114
10/18/2020,FAY,NC,ASO,EN,Combined TRACON& Tower with Radar,16,2,13,3,34,0,0,48,0,48,16,2,61,3,82,22,0,22,104
10/19/2020,FAY,NC,ASO,EN,Combined TRACON& Tower with Radar,16,0,19,2,37,0,0,11,0,11,16,0,30,2,48,28,0,28,76
10/20/2020,FAY,NC,ASO,EN,Combined TRACON& Tower with Radar,14,0,16,19,49,0,0,21,0,21,14,0,37,19,70,26,18,44,114
10/21/2020,FAY,NC,ASO,EN,Combined TRACON& Tower with Radar,14,0,9,4,27,0,0,11,0,11,14,0,20,4,38,32,0,32,70
10/22/2020,FAY,NC,ASO,EN,Combined TRACON& Tower with Radar,16,0,17,11,44,0,0,29,0,29,16,0,46,11,73,50,6,56,129
10/23/2020,FAY,NC,ASO,EN,Combined TRACON& Tower with Radar,16,1,14,3,34,0,0,41,4,45,16,1,55,7,79,70,0,70,149
10/24/2020,FAY,NC,ASO,EN,Combined TRACON& Tower with Radar,14,3,7,5,29,0,0,29,4,33,14,3,36,9,62,24,0,24,86
10/25/2020,FAY,NC,ASO,EN,Combined TRACON& Tower with Radar,14,2,11,2,29,0,0,0,0,0,14,2,11,2,29,0,0,0,29
10/26/2020,FAY,NC,ASO,EN,Combined TRACON& Tower with Radar,14,1,15,4,34,0,0,11,2,13,14,1,26,6,47,44,14,58,105
10/27/2020,FAY,NC,ASO,EN,Combined TRACON& Tower with Radar,12,2,12,6,32,0,0,21,4,25,12,2,33,10,57,44,14,58,115
10/28/2020,FAY,NC,ASO,EN,Combined TRACON& Tower with Radar,12,0,27,6,45,0,0,16,4,20,12,0,43,10,65,82,0,82,147
10/29/2020,FAY,NC,ASO,EN,Combined TRACON& Tower with Radar,14,2,4,0,20,0,0,0,5,5,14,2,4,5,25,0,0,0,25
10/30/2020,FAY,NC,ASO,EN,Combined TRACON& Tower with Radar,14,1,14,0,29,0,1,13,2,16,14,2,27,2,45,0,0,0,45
10/31/2020,FAY,NC,ASO,EN,Combined TRACON& Tower with Radar,11,0,10,0,21,0,2,50,1,53,11,2,60,1,74,32,0,32,106
11/01/2020,FAY,NC,ASO,EN,Combined TRACON& Tower with Radar,11,2,12,1,26,0,0,4,0,4,11,2,16,1,30,24,0,24,54
11/02/2020,FAY,NC,ASO,EN,Combined TRACON& Tower with Radar,14,1,13,8,36,0,0,17,4,21,14,1,30,12,57,18,4,22,79
11/03/2020,FAY,NC,ASO,EN,Combined TRACON& Tower with Radar,12,0,10,0,22,0,0,23,0,23,12,0,33,0,45,42,0,42,87
11/04/2020,FAY,NC,ASO,EN,Combined TRACON& Tower with Radar,12,0,11,12,35,0,0,24,0,24,12,0,35,12,59,48,0,48,107
11/05/2020,FAY,NC,ASO,EN,Combined TRACON& Tower with Radar,14,0,20,5,39,0,0,28,1,29,14,0,48,6,68,108,0,108,176
11/06/2020,FAY,NC,ASO,EN,Combined TRACON& Tower with Radar,14,1,17,2,34,0,0,20,0,20,14,1,37,2,54,42,0,42,96
11/07/2020,FAY,NC,ASO,EN,Combined TRACON& Tower with Radar,14,0,13,0,27,0,0,37,0,37,14,0,50,0,64,38,0,38,102
11/08/2020,FAY,NC,ASO,EN,Combined TRACON& Tower with Radar,16,0,14,0,30,0,0,29,0,29,16,0,43,0,59,74,0,74,133
11/09/2020,FAY,NC,ASO,EN,Combined TRACON& Tower with Radar,15,0,26,9,50,0,0,5,0,5,15,0,31,9,55,2,0,2,57
11/10/2020,FAY,NC,ASO,EN,Combined TRACON& Tower with Radar,15,0,16,22,53,0,0,25,0,25,15,0,41,22,78,56,16,72,150
11/11/2020,FAY,NC,ASO,EN,Combined TRACON& Tower with Radar,14,1,12,0,27,0,0,0,0,0,14,1,12,0,27,0,0,0,27
11/12/2020,FAY,NC,ASO,EN,Combined TRACON& Tower with Radar,16,2,5,4,27,0,0,0,0,0,16,2,5,4,27,0,0,0,27
11/13/2020,FAY,NC,ASO,EN,Combined TRACON& Tower with Radar,16,3,22,5,46,0,0,9,3,12,16,3,31,8,58,48,0,48,106
11/14/2020,FAY,NC,ASO,EN,Combined TRACON& Tower with Radar,16,1,17,0,34,0,0,54,0,54,16,1,71,0,88,83,0,83,171
11/15/2020,FAY,NC,ASO,EN,Combined TRACON& Tower with Radar,16,2,17,1,36,0,0,19,1,20,16,2,36,2,56,2,0,2,58
11/16/2020,FAY,NC,ASO,EN,Combined TRACON& Tower with Radar,16,2,23,9,50,0,2,14,3,19,16,4,37,12,69,20,4,24,93
11/17/2020,FAY,NC,ASO,EN,Combined TRACON& Tower with Radar,14,6,17,18,55,0,7,13,1,21,14,13,30,19,76,2,0,2,78
11/18/2020,FAY,NC,ASO,EN,Combined TRACON& Tower with Radar,13,1,15,19,48,0,0,26,3,29,13,1,41,22,77,32,6,38,115
11/19/2020,FAY,NC,ASO,EN,Combined TRACON& Tower with Radar,16,0,32,8,56,0,0,35,3,38,16,0,67,11,94,116,2,118,212
11/20/2020,FAY,NC,ASO,EN,Combined TRACON& Tower with Radar,20,1,15,10,46,0,0,26,0,26,20,1,41,10,72,44,0,44,116
11/21/2020,FAY,NC,ASO,EN,Combined TRACON& Tower with Radar,18,1,12,0,31,0,0,57,1,58,18,1,69,1,89,144,0,144,233
11/22/2020,FAY,NC,ASO,EN,Combined TRACON& Tower with Radar,20,0,22,2,44,0,0,37,0,37,20,0,59,2,81,50,0,50,131
11/23/2020,FAY,NC,ASO,EN,Combined TRACON& Tower with Radar,16,0,7,7,30,0,0,18,1,19,16,0,25,8,49,48,0,48,97
11/24/2020,FAY,NC,ASO,EN,Combined TRACON& Tower with Radar,20,0,17,4,41,0,1,36,3,40,20,1,53,7,81,78,0,78,159
11/25/2020,FAY,NC,ASO,EN,Combined TRACON& Tower with Radar,20,0,16,0,36,0,0,18,0,18,20,0,34,0,54,77,2,79,133
11/26/2020,FAY,NC,ASO,EN,Combined TRACON& Tower with Radar,6,0,0,0,6,0,0,1,0,1,6,0,1,0,7,0,0,0,7
11/27/2020,FAY,NC,ASO,EN,Combined TRACON& Tower with Radar,18,1,5,0,24,0,0,16,0,16,18,1,21,0,40,60,0,60,100
11/28/2020,FAY,NC,ASO,EN,Combined TRACON& Tower with Radar,19,1,13,0,33,0,0,26,0,26,19,1,39,0,59,40,0,40,99
11/29/2020,FAY,NC,ASO,EN,Combined TRACON& Tower with Radar,23,0,22,2,47,0,2,17,0,19,23,2,39,2,66,94,0,94,160
11/30/2020,FAY,NC,ASO,EN,Combined TRACON& Tower with Radar,22,0,9,6,37,0,0,0,0,0,22,0,9,6,37,4,0,4,41
12/01/2020,FAY,NC,ASO,EN,Combined TRACON& Tower with Radar,18,10,6,8,42,0,0,11,2,13,18,10,17,10,55,0,10,10,65
12/02/2020,FAY,NC,ASO,EN,Combined TRACON& Tower with Radar,12,0,2,18,32,0,0,24,4,28,12,0,26,22,60,16,18,34,94
12/03/2020,FAY,NC,ASO,EN,Combined TRACON& Tower with Radar,16,0,13,6,35,0,0,22,0,22,16,0,35,6,57,34,0,34,91
12/04/2020,FAY,NC,ASO,EN,Combined TRACON& Tower with Radar,16,2,18,19,55,0,0,25,2,27,16,2,43,21,82,4,36,40,122
12/05/2020,FAY,NC,ASO,EN,Combined TRACON& Tower with Radar,12,2,9,0,23,0,0,12,0,12,12,2,21,0,35,12,0,12,47
12/06/2020,FAY,NC,ASO,EN,Combined TRACON& Tower with Radar,16,0,10,0,26,0,0,11,0,11,16,0,21,0,37,10,0,10,47
12/07/2020,FAY,NC,ASO,EN,Combined TRACON& Tower with Radar,16,1,4,14,35,0,0,0,0,0,16,1,4,14,35,0,0,0,35
12/08/2020,FAY,NC,ASO,EN,Combined TRACON& Tower with Radar,12,4,13,10,39,0,2,18,8,28,12,6,31,18,67,22,24,46,113
12/09/2020,FAY,NC,ASO,EN,Combined TRACON& Tower with Radar,12,2,16,7,37,0,0,26,3,29,12,2,42,10,66,26,14,40,106
12/10/2020,FAY,NC,ASO,EN,Combined TRACON& Tower with Radar,16,3,18,17,54,0,1,19,4,24,16,4,37,21,78,42,6,48,126
12/11/2020,FAY,NC,ASO,EN,Combined TRACON& Tower with Radar,16,2,19,3,40,0,0,28,1,29,16,2,47,4,69,28,0,28,97
12/12/2020,FAY,NC,ASO,EN,Combined TRACON& Tower with Radar,12,0,16,0,28,0,0,31,0,31,12,0,47,0,59,38,0,38,97
12/13/2020,FAY,NC,ASO,EN,Combined TRACON& Tower with Radar,16,0,19,0,35,0,0,10,0,10,16,0,29,0,45,40,0,40,85
12/14/2020,FAY,NC,ASO,EN,Combined TRACON& Tower with Radar,22,0,2,12,36,0,0,0,3,3,22,0,2,15,39,0,0,0,39
12/15/2020,FAY,NC,ASO,EN,Combined TRACON& Tower with Radar,12,0,21,16,49,0,0,20,0,20,12,0,41,16,69,48,16,64,133
12/16/2020,FAY,NC,ASO,EN,Combined TRACON& Tower with Radar,12,2,10,0,24,0,0,0,0,0,12,2,10,0,24,0,0,0,24
12/17/2020,FAY,NC,ASO,EN,Combined TRACON& Tower with Radar,18,5,14,18,55,0,1,15,2,18,18,6,29,20,73,20,44,64,137
12/18/2020,FAY,NC,ASO,EN,Combined TRACON& Tower with Radar,18,0,36,9,63,0,0,29,3,32,18,0,65,12,95,25,6,31,126
12/19/2020,FAY,NC,ASO,EN,Combined TRACON& Tower with Radar,18,2,8,0,28,0,0,30,0,30,18,2,38,0,58,55,0,55,113
12/20/2020,FAY,NC,ASO,EN,Combined TRACON& Tower with Radar,18,5,9,0,32,0,0,0,0,0,18,5,9,0,32,0,0,0,32
12/21/2020,FAY,NC,ASO,EN,Combined TRACON& Tower with Radar,18,1,13,0,32,0,0,18,0,18,18,1,31,0,50,34,0,34,84
12/22/2020,FAY,NC,ASO,EN,Combined TRACON& Tower with Radar,16,0,14,2,32,0,0,28,0,28,16,0,42,2,60,80,0,80,140
12/23/2020,FAY,NC,ASO,EN,Combined TRACON& Tower with Radar,20,2,32,0,54,0,0,29,0,29,20,2,61,0,83,74,0,74,157
12/24/2020,FAY,NC,ASO,EN,Combined TRACON& Tower with Radar,14,0,6,0,20,0,0,2,0,2,14,0,8,0,22,0,0,0,22
12/25/2020,FAY,NC,ASO,EN,Combined TRACON& Tower with Radar,10,2,0,0,12,0,0,0,0,0,10,2,0,0,12,0,0,0,12
12/26/2020,FAY,NC,ASO,EN,Combined TRACON& Tower with Radar,16,3,11,0,30,0,3,23,0,26,16,6,34,0,56,63,0,63,119
12/27/2020,FAY,NC,ASO,EN,Combined TRACON& Tower with Radar,17,0,14,0,31,0,1,27,0,28,17,1,41,0,59,103,0,103,162
12/28/2020,FAY,NC,ASO,EN,Combined TRACON& Tower with Radar,19,0,6,2,27,0,0,10,0,10,19,0,16,2,37,24,0,24,61
12/29/2020,FAY,NC,ASO,EN,Combined TRACON& Tower with Radar,18,0,9,6,33,0,1,23,0,24,18,1,32,6,57,0,0,0,57
12/30/2020,FAY,NC,ASO,EN,Combined TRACON& Tower with Radar,18,0,12,0,30,0,0,20,0,20,18,0,32,0,50,0,0,0,50
12/31/2020,FAY,NC,ASO,EN,Combined TRACON& Tower with Radar,14,2,9,0,25,0,0,0,0,0,14,2,9,0,25,0,0,0,25
01/01/2021,FAY,NC,ASO,EN,Combined TRACON& Tower with Radar,12,0,3,0,15,0,0,0,0,0,12,0,3,0,15,0,0,0,15
01/02/2021,FAY,NC,ASO,EN,Combined TRACON& Tower with Radar,18,1,12,2,33,0,0,8,0,8,18,1,20,2,41,32,0,32,73
01/03/2021,FAY,NC,ASO,EN,Combined TRACON& Tower with Radar,18,1,14,0,33,0,0,6,0,6,18,1,20,0,39,40,0,40,79
01/04/2021,FAY,NC,ASO,EN,Combined TRACON& Tower with Radar,18,0,9,0,27,0,0,27,0,27,18,0,36,0,54,63,0,63,117
01/05/2021,FAY,NC,ASO,EN,Combined TRACON& Tower with Radar,13,0,5,10,28,0,0,7,0,7,13,0,12,10,35,26,0,26,61
01/06/2021,FAY,NC,ASO,EN,Combined TRACON& Tower with Radar,14,4,14,14,46,0,5,31,1,37,14,9,45,15,83,46,4,50,133
01/07/2021,FAY,NC,ASO,EN,Combined TRACON& Tower with Radar,18,0,12,10,40,0,0,28,1,29,18,0,40,11,69,28,4,32,101
01/08/2021,FAY,NC,ASO,EN,Combined TRACON& Tower with Radar,17,0,6,2,25,0,0,1,0,1,17,0,7,2,26,0,0,0,26
01/09/2021,FAY,NC,ASO,EN,Combined TRACON& Tower with Radar,15,0,4,4,23,0,0,39,0,39,15,0,43,4,62,36,0,36,98
01/10/2021,FAY,NC,ASO,EN,Combined TRACON& Tower with Radar,18,0,20,2,40,0,0,54,0,54,18,0,74,2,94,34,0,34,128
01/11/2021,FAY,NC,ASO,EN,Combined TRACON& Tower with Radar,18,1,11,13,43,0,0,10,1,11,18,1,21,14,54,30,14,44,98
01/12/2021,FAY,NC,ASO,EN,Combined TRACON& Tower with Radar,14,0,13,11,38,0,0,6,1,7,14,0,19,12,45,46,8,54,99
01/13/2021,FAY,NC,ASO,EN,Combined TRACON& Tower with Radar,14,2,10,10,36,0,1,15,4,20,14,3,25,14,56,20,24,44,100
01/14/2021,FAY,NC,ASO,EN,Combined TRACON& Tower with Radar,18,1,21,20,60,0,2,23,1,26,18,3,44,21,86,46,8,54,140
01/15/2021,FAY,NC,ASO,EN,Combined TRACON& Tower with Radar,18,2,17,4,41,0,0,13,0,13,18,2,30,4,54,26,0,26,80
01/16/2021,FAY,NC,ASO,EN,Combined TRACON& Tower with Radar,16,0,1,0,17,0,0,6,0,6,16,0,7,0,23,0,0,0,23
01/17/2021,FAY,NC,ASO,EN,Combined TRACON& Tower with Radar,16,1,11,0,28,0,0,22,0,22,16,1,33,0,50,40,0,40,90
01/18/2021,FAY,NC,ASO,EN,Combined TRACON& Tower with Radar,18,0,4,0,22,0,0,20,0,20,18,0,24,0,42,54,0,54,96
01/19/2021,FAY,NC,ASO,EN,Combined TRACON& Tower with Radar,14,3,14,14,45,0,0,25,1,26,14,3,39,15,71,40,0,40,111
01/20/2021,FAY,NC,ASO,EN,Combined TRACON& Tower with Radar,14,1,16,5,36,0,0,23,4,27,14,1,39,9,63,62,0,62,125
01/21/2021,FAY,NC,ASO,EN,Combined TRACON& Tower with Radar,18,1,19,13,51,0,4,22,0,26,18,5,41,13,77,58,0,58,135
01/22/2021,FAY,NC,ASO,EN,Combined TRACON& Tower with Radar,18,0,17,10,45,0,0,38,2,40,18,0,55,12,85,64,8,72,157
01/23/2021,FAY,NC,ASO,EN,Combined TRACON& Tower with Radar,14,0,1,0,15,0,0,27,0,27,14,0,28,0,42,0,0,0,42
01/24/2021,FAY,NC,ASO,EN,Combined TRACON& Tower with Radar,18,1,10,0,29,0,0,38,0,38,18,1,48,0,67,92,0,92,159
01/25/2021,FAY,NC,ASO,EN,Combined TRACON& Tower with Radar,16,3,8,0,27,0,0,0,0,0,16,3,8,0,27,0,0,0,27
01/26/2021,FAY,NC,ASO,EN,Combined TRACON& Tower with Radar,14,3,17,15,49,0,0,0,0,0,14,3,17,15,49,0,0,0,49
01/27/2021,FAY,NC,ASO,EN,Combined TRACON& Tower with Radar,14,0,10,20,44,0,0,2,0,2,14,0,12,20,46,2,0,2,48
01/28/2021,FAY,NC,ASO,EN,Combined TRACON& Tower with Radar,14,0,25,7,46,0,0,4,1,5,14,0,29,8,51,6,17,23,74
01/29/2021,FAY,NC,ASO,EN,Combined TRACON& Tower with Radar,18,4,27,0,49,0,5,44,0,49,18,9,71,0,98,52,0,52,150
01/30/2021,FAY,NC,ASO,EN,Combined TRACON& Tower with Radar,14,0,9,6,29,0,6,40,0,46,14,6,49,6,75,8,0,8,83
01/31/2021,FAY,NC,ASO,EN,Combined TRACON& Tower with Radar,20,0,5,0,25,0,0,0,0,0,20,0,5,0,25,0,0,0,25
02/01/2021,FAY,NC,ASO,EN,Combined TRACON& Tower with Radar,20,0,3,4,27,0,0,2,1,3,20,0,5,5,30,0,8,8,38
02/02/2021,FAY,NC,ASO,EN,Combined TRACON& Tower with Radar,14,0,16,2,32,0,0,19,0,19,14,0,35,2,51,22,0,22,73
02/03/2021,FAY,NC,ASO,EN,Combined TRACON& Tower with Radar,11,0,15,0,26,0,0,13,0,13,11,0,28,0,39,16,0,16,55
02/04/2021,FAY,NC,ASO,EN,Combined TRACON& Tower with Radar,18,0,14,10,42,0,0,29,2,31,18,0,43,12,73,32,8,40,113
02/05/2021,FAY,NC,ASO,EN,Combined TRACON& Tower with Radar,18,2,10,10,40,0,0,4,0,4,18,2,14,10,44,0,0,0,44
02/06/2021,FAY,NC,ASO,EN,Combined TRACON& Tower with Radar,16,0,12,0,28,0,0,32,0,32,16,0,44,0,60,48,0,48,108
02/07/2021,FAY,NC,ASO,EN,Combined TRACON& Tower with Radar,16,0,13,0,29,0,0,3,0,3,16,0,16,0,32,0,0,0,32
02/08/2021,FAY,NC,ASO,EN,Combined TRACON& Tower with Radar,18,0,15,9,42,0,1,31,4,36,18,1,46,13,78,73,24,97,175
02/09/2021,FAY,NC,ASO,EN,Combined TRACON& Tower with Radar,14,0,24,3,41,0,0,20,1,21,14,0,44,4,62,54,0,54,116
02/10/2021,FAY,NC,ASO,EN,Combined TRACON& Tower with Radar,14,0,28,8,50,0,0,12,1,13,14,0,40,9,63,85,22,107,170
02/11/2021,FAY,NC,ASO,EN,Combined TRACON& Tower with Radar,19,0,19,7,45,0,0,0,0,0,19,0,19,7,45,0,0,0,45
02/12/2021,FAY,NC,ASO,EN,Combined TRACON& Tower with Radar,19,0,8,0,27,0,0,0,0,0,19,0,8,0,27,0,0,0,27
02/13/2021,FAY,NC,ASO,EN,Combined TRACON& Tower with Radar,14,0,3,0,17,0,0,0,0,0,14,0,3,0,17,0,0,0,17
02/14/2021,FAY,NC,ASO,EN,Combined TRACON& Tower with Radar,16,2,6,0,24,0,0,0,0,0,16,2,6,0,24,0,0,0,24
02/15/2021,FAY,NC,ASO,EN,Combined TRACON& Tower with Radar,18,2,1,0,21,0,0,0,0,0,18,2,1,0,21,0,0,0,21
02/16/2021,FAY,NC,ASO,EN,Combined TRACON& Tower with Radar,14,0,17,1,32,0,0,9,1,10,14,0,26,2,42,22,0,22,64
02/17/2021,FAY,NC,ASO,EN,Combined TRACON& Tower with Radar,14,0,17,0,31,0,0,39,0,39,14,0,56,0,70,100,0,100,170
02/18/2021,FAY,NC,ASO,EN,Combined TRACON& Tower with Radar,18,0,1,0,19,0,0,0,0,0,18,0,1,0,19,0,0,0,19
02/19/2021,FAY,NC,ASO,EN,Combined TRACON& Tower with Radar,18,1,20,0,39,0,1,0,0,1,18,2,20,0,40,6,0,6,46
02/20/2021,FAY,NC,ASO,EN,Combined TRACON& Tower with Radar,14,2,13,0,29,0,0,45,0,45,14,2,58,0,74,24,0,24,98
02/21/2021,FAY,NC,ASO,EN,Combined TRACON& Tower with Radar,18,0,21,0,39,0,2,46,0,48,18,2,67,0,87,44,0,44,131
02/22/2021,FAY,NC,ASO,EN,Combined TRACON& Tower with Radar,18,0,5,8,31,0,0,1,0,1,18,0,6,8,32,0,16,16,48
02/23/2021,FAY,NC,ASO,EN,Combined TRACON& Tower with Radar,14,4,18,4,40,0,0,50,0,50,14,4,68,4,90,42,0,42,132
02/24/2021,FAY,NC,ASO,EN,Combined TRACON& Tower with Radar,14,0,12,14,40,0,0,48,0,48,14,0,60,14,88,41,18,59,147
02/25/2021,FAY,NC,ASO,EN,Combined TRACON& Tower with Radar,20,2,10,6,38,0,0,39,0,39,20,2,49,6,77,68,0,68,145
02/26/2021,FAY,NC,ASO,EN,Combined TRACON& Tower with Radar,18,0,17,4,39,0,0,10,0,10,18,0,27,4,49,68,0,68,117
02/27/2021,FAY,NC,ASO,EN,Combined TRACON& Tower with Radar,14,0,8,0,22,0,1,11,0,12,14,1,19,0,34,28,0,28,62
02/28/2021,FAY,NC,ASO,EN,Combined TRACON& Tower with Radar,20,0,13,4,37,0,0,0,0,0,20,0,13,4,37,0,0,0,37
03/01/2021,FAY,NC,ASO,EN,Combined TRACON& Tower with Radar,18,0,21,6,45,0,0,2,0,2,18,0,23,6,47,0,0,0,47
03/02/2021,FAY,NC,ASO,EN,Combined TRACON& Tower with Radar,14,0,23,21,58,0,0,27,1,28,14,0,50,22,86,90,22,112,198
03/03/2021,FAY,NC,ASO,EN,Combined TRACON& Tower with Radar,14,4,7,13,38,0,1,13,1,15,14,5,20,14,53,56,48,104,157
03/04/2021,FAY,NC,ASO,EN,Combined TRACON& Tower with Radar,21,1,24,8,54,0,3,36,1,40,21,4,60,9,94,58,1,59,153
03/05/2021,FAY,NC,ASO,EN,Combined TRACON& Tower with Radar,22,2,5,14,43,0,0,21,7,28,22,2,26,21,71,92,22,114,185
03/06/2021,FAY,NC,ASO,EN,Combined TRACON& Tower with Radar,20,1,20,0,41,0,0,40,0,40,20,1,60,0,81,88,0,88,169
03/07/2021,FAY,NC,ASO,EN,Combined TRACON& Tower with Radar,20,0,14,0,34,0,0,31,0,31,20,0,45,0,65,42,0,42,107
03/08/2021,FAY,NC,ASO,EN,Combined TRACON& Tower with Radar,24,0,17,17,58,0,0,18,10,28,24,0,35,27,86,18,62,80,166
03/09/2021,FAY,NC,ASO,EN,Combined TRACON& Tower with Radar,18,0,14,5,37,0,0,40,1,41,18,0,54,6,78,34,0,34,112
03/10/2021,FAY,NC,ASO,EN,Combined TRACON& Tower with Radar,20,2,18,14,54,0,2,32,0,34,20,4,50,14,88,41,12,53,141
03/11/2021,FAY,NC,ASO,EN,Combined TRACON& Tower with Radar,24,2,17,27,70,0,0,38,1,39,24,2,55,28,109,28,16,44,153
03/12/2021,FAY,NC,ASO,EN,Combined TRACON& Tower with Radar,22,0,23,4,49,0,1,34,0,35,22,1,57,4,84,4,0,4,88
03/13/2021,FAY,NC,ASO,EN,Combined TRACON& Tower with Radar,20,0,18,0,38,0,3,44,1,48,20,3,62,1,86,92,0,92,178
03/14/2021,FAY,NC,ASO,EN,Combined TRACON& Tower with Radar,20,1,17,0,38,0,2,24,0,26,20,3,41,0,64,40,0,40,104
03/15/2021,FAY,NC,ASO,EN,Combined TRACON& Tower with Radar,22,0,18,9,49,0,0,22,1,23,22,0,40,10,72,6,2,8,80
03/16/2021,FAY,NC,ASO,EN,Combined TRACON& Tower with Radar,18,0,10,2,30,0,0,0,0,0,18,0,10,2,30,0,0,0,30
03/17/2021,FAY,NC,ASO,EN,Combined TRACON& Tower with Radar,17,6,13,41,77,0,0,1,0,1,17,6,14,41,78,0,4,4,82
03/18/2021,FAY,NC,ASO,EN,Combined TRACON& Tower with Radar,24,2,6,0,32,0,0,0,0,0,24,2,6,0,32,0,0,0,32
03/19/2021,FAY,NC,ASO,EN,Combined TRACON& Tower with Radar,23,0,16,18,57,0,0,0,0,0,23,0,16,18,57,0,12,12,69
03/20/2021,FAY,NC,ASO,EN,Combined TRACON& Tower with Radar,20,0,19,0,39,0,0,25,0,25,20,0,44,0,64,30,0,30,94
03/21/2021,FAY,NC,ASO,EN,Combined TRACON& Tower with Radar,22,3,8,2,35,0,1,14,0,15,22,4,22,2,50,22,0,22,72
03/22/2021,FAY,NC,ASO,EN,Combined TRACON& Tower with Radar,22,3,13,29,67,0,0,21,3,24,22,3,34,32,91,34,26,60,151
03/23/2021,FAY,NC,ASO,EN,Combined TRACON& Tower with Radar,18,2,25,25,70,0,0,2,0,2,18,2,27,25,72,0,8,8,80
03/24/2021,FAY,NC,ASO,EN,Combined TRACON& Tower with Radar,18,2,17,11,48,0,0,14,0,14,18,2,31,11,62,40,0,40,102
03/25/2021,FAY,NC,ASO,EN,Combined TRACON& Tower with Radar,22,2,17,9,50,0,3,19,4,26,22,5,36,13,76,56,4,60,136
03/26/2021,FAY,NC,ASO,EN,Combined TRACON& Tower with Radar,22,0,12,5,39,0,0,4,0,4,22,0,16,5,43,12,0,12,55
03/27/2021,FAY,NC,ASO,EN,Combined TRACON& Tower with Radar,20,0,7,1,28,0,0,20,0,20,20,0,27,1,48,12,0,12,60
03/28/2021,FAY,NC,ASO,EN,Combined TRACON& Tower with Radar,19,0,2,0,21,0,0,0,0,0,19,0,2,0,21,0,0,0,21
03/29/2021,FAY,NC,ASO,EN,Combined TRACON& Tower with Radar,23,4,15,13,55,0,1,28,1,30,23,5,43,14,85,28,30,58,143
03/30/2021,FAY,NC,ASO,EN,Combined TRACON& Tower with Radar,18,0,26,7,51,0,0,25,1,26,18,0,51,8,77,20,0,20,97
03/31/2021,FAY,NC,ASO,EN,Combined TRACON& Tower with Radar,18,1,12,0,31,0,0,7,0,7,18,1,19,0,38,46,0,46,84
04/01/2021,FAY,NC,ASO,EN,Combined TRACON& Tower with Radar,22,0,24,0,46,0,0,7,0,7,22,0,31,0,53,0,0,0,53
04/02/2021,FAY,NC,ASO,EN,Combined TRACON& Tower with Radar,22,2,19,0,43,0,0,29,0,29,22,2,48,0,72,0,0,0,72
04/03/2021,FAY,NC,ASO,EN,Combined TRACON& Tower with Radar,22,2,16,0,40,0,1,34,0,35,22,3,50,0,75,34,0,34,109
04/04/2021,FAY,NC,ASO,EN,Combined TRACON& Tower with Radar,20,0,6,0,26,0,0,31,0,31,20,0,37,0,57,42,0,42,99
04/05/2021,FAY,NC,ASO,EN,Combined TRACON& Tower with Radar,23,0,22,0,45,0,1,34,0,35,23,1,56,0,80,46,0,46,126
04/06/2021,FAY,NC,ASO,EN,Combined TRACON& Tower with Radar,19,0,22,16,57,0,1,24,4,29,19,1,46,20,86,6,26,32,118
04/07/2021,FAY,NC,ASO,EN,Combined TRACON& Tower with Radar,20,0,28,3,51,0,0,47,1,48,20,0,75,4,99,86,0,86,185
04/08/2021,FAY,NC,ASO,EN,Combined TRACON& Tower with Radar,22,0,16,23,61,0,0,36,1,37,22,0,52,24,98,62,0,62,160
04/09/2021,FAY,NC,ASO,EN,Combined TRACON& Tower with Radar,22,0,14,12,48,0,2,23,1,26,22,2,37,13,74,10,0,10,84
04/10/2021,FAY,NC,ASO,EN,Combined TRACON& Tower with Radar,20,0,10,2,32,0,0,23,0,23,20,0,33,2,55,44,0,44,99
04/11/2021,FAY,NC,ASO,EN,Combined TRACON& Tower with Radar,20,2,3,0,25,0,0,10,0,10,20,2,13,0,35,16,0,16,51
04/12/2021,FAY,NC,ASO,EN,Combined TRACON& Tower with Radar,22,0,13,11,46,0,1,21,5,27,22,1,34,16,73,18,26,44,117
04/13/2021,FAY,NC,ASO,EN,Combined TRACON& Tower with Radar,20,1,12,13,46,0,0,34,6,40,20,1,46,19,86,66,4,70,156
04/14/2021,FAY,NC,ASO,EN,Combined TRACON& Tower with Radar,24,3,11,10,48,0,4,22,0,26,24,7,33,10,74,26,0,26,100
04/15/2021,FAY,NC,ASO,EN,Combined TRACON& Tower with Radar,22,0,27,4,53,0,1,21,1,23,22,1,48,5,76,70,6,76,152
04/16/2021,FAY,NC,ASO,EN,Combined TRACON& Tower with Radar,24,7,20,2,53,0,1,44,0,45,24,8,64,2,98,64,0,64,162
04/17/2021,FAY,NC,ASO,EN,Combined TRACON& Tower with Radar,20,0,19,3,42,0,1,47,1,49,20,1,66,4,91,92,0,92,183
04/18/2021,FAY,NC,ASO,EN,Combined TRACON& Tower with Radar,21,0,11,0,32,0,0,23,0,23,21,0,34,0,55,154,0,154,209
04/19/2021,FAY,NC,ASO,EN,Combined TRACON& Tower with Radar,26,2,17,11,56,0,2,20,1,23,26,4,37,12,79,28,10,38,117
04/20/2021,FAY,NC,ASO,EN,Combined TRACON& Tower with Radar,20,2,16,3,41,0,2,29,2,33,20,4,45,5,74,60,8,68,142
04/21/2021,FAY,NC,ASO,EN,Combined TRACON& Tower with Radar,22,0,16,6,44,0,0,8,0,8,22,0,24,6,52,12,0,12,64
04/22/2021,FAY,NC,ASO,EN,Combined TRACON& Tower with Radar,22,2,20,11,55,0,2,17,3,22,22,4,37,14,77,12,0,12,89
04/23/2021,FAY,NC,ASO,EN,Combined TRACON& Tower with Radar,22,4,10,2,38,0,0,37,0,37,22,4,47,2,75,64,0,64,139
04/24/2021,FAY,NC,ASO,EN,Combined TRACON& Tower with Radar,20,0,13,0,33,0,0,10,0,10,20,0,23,0,43,42,0,42,85
04/25/2021,FAY,NC,ASO,EN,Combined TRACON& Tower with Radar,20,2,10,0,32,0,0,12,0,12,20,2,22,0,44,43,0,43,87
04/26/2021,FAY,NC,ASO,EN,Combined TRACON& Tower with Radar,22,0,16,7,45,0,2,39,0,41,22,2,55,7,86,18,4,22,108
04/27/2021,FAY,NC,ASO,EN,Combined TRACON& Tower with Radar,20,0,17,8,45,0,0,30,1,31,20,0,47,9,76,69,4,73,149
04/28/2021,FAY,NC,ASO,EN,Combined TRACON& Tower with Radar,22,0,20,10,52,0,0,25,6,31,22,0,45,16,83,56,6,62,145
04/29/2021,FAY,NC,ASO,EN,Combined TRACON& Tower with Radar,22,2,17,3,44,0,1,7,2,10,22,3,24,5,54,66,6,72,126
04/30/2021,FAY,NC,ASO,EN,Combined TRACON& Tower with Radar,22,0,13,0,35,0,0,15,2,17,22,0,28,2,52,0,0,0,52
05/01/2021,FAY,NC,ASO,EN,Combined TRACON& Tower with Radar,20,0,10,0,30,0,0,54,0,54,20,0,64,0,84,122,0,122,206
05/02/2021,FAY,NC,ASO,EN,Combined TRACON& Tower with Radar,20,2,10,0,32,0,0,47,0,47,20,2,57,0,79,92,0,92,171
05/03/2021,FAY,NC,ASO,EN,Combined TRACON& Tower with Radar,22,1,10,2,35,0,0,0,0,0,22,1,10,2,35,10,0,10,45
05/04/2021,FAY,NC,ASO,EN,Combined TRACON& Tower with Radar,23,4,9,4,40,0,0,4,0,4,23,4,13,4,44,26,0,26,70
05/05/2021,FAY,NC,ASO,EN,Combined TRACON& Tower with Radar,21,3,15,12,51,0,0,19,2,21,21,3,34,14,72,42,0,42,114
05/06/2021,FAY,NC,ASO,EN,Combined TRACON& Tower with Radar,19,6,20,9,54,0,0,31,1,32,19,6,51,10,86,68,0,68,154
05/07/2021,FAY,NC,ASO,EN,Combined TRACON& Tower with Radar,19,7,15,4,45,0,0,10,0,10,19,7,25,4,55,0,0,0,55
05/08/2021,FAY,NC,ASO,EN,Combined TRACON& Tower with Radar,19,2,12,2,35,0,0,16,0,16,19,2,28,2,51,10,0,10,61
05/09/2021,FAY,NC,ASO,EN,Combined TRACON& Tower with Radar,17,4,7,4,32,0,0,11,4,15,17,4,18,8,47,39,0,39,86
05/10/2021,FAY,NC,ASO,EN,Combined TRACON& Tower with Radar,20,2,9,0,31,0,0,2,0,2,20,2,11,0,33,0,0,0,33
05/11/2021,FAY,NC,ASO,EN,Combined TRACON& Tower with Radar,19,4,18,3,44,0,0,13,3,16,19,4,31,6,60,56,4,60,120
05/12/2021,FAY,NC,ASO,EN,Combined TRACON& Tower with Radar,20,4,18,2,44,0,0,6,0,6,20,4,24,2,50,0,0,0,50
05/13/2021,FAY,NC,ASO,EN,Combined TRACON& Tower with Radar,20,7,24,5,56,0,2,25,2,29,20,9,49,7,85,36,0,36,121
05/14/2021,FAY,NC,ASO,EN,Combined TRACON& Tower with Radar,20,5,20,4,49,0,0,24,0,24,20,5,44,4,73,18,0,18,91
05/15/2021,FAY,NC,ASO,EN,Combined TRACON& Tower with Radar,18,4,16,0,38,0,0,46,0,46,18,4,62,0,84,62,0,62,146
05/16/2021,FAY,NC,ASO,EN,Combined TRACON& Tower with Radar,17,5,19,0,41,0,0,33,0,33,17,5,52,0,74,74,0,74,148
05/17/2021,FAY,NC,ASO,EN,Combined TRACON& Tower with Radar,21,4,15,6,46,0,0,14,0,14,21,4,29,6,60,8,0,8,68
05/18/2021,FAY,NC,ASO,EN,Combined TRACON& Tower with Radar,17,4,16,2,39,0,0,36,0,36,17,4,52,2,75,70,0,70,145
05/19/2021,FAY,NC,ASO,EN,Combined TRACON& Tower with Radar,21,4,27,6,58,0,0,35,0,35,21,4,62,6,93,14,8,22,115
05/20/2021,FAY,NC,ASO,EN,Combined TRACON& Tower with Radar,22,2,14,4,42,0,0,23,0,23,22,2,37,4,65,80,6,86,151
05/21/2021,FAY,NC,ASO,EN,Combined TRACON& Tower with Radar,20,2,16,0,38,0,0,26,2,28,20,2,42,2,66,64,0,64,130
05/22/2021,FAY,NC,ASO,EN,Combined TRACON& Tower with Radar,18,2,9,0,29,0,2,30,0,32,18,4,39,0,61,122,0,122,183
05/23/2021,FAY,NC,ASO,EN,Combined TRACON& Tower with Radar,20,2,17,0,39,0,0,34,0,34,20,2,51,0,73,118,0,118,191
05/24/2021,FAY,NC,ASO,EN,Combined TRACON& Tower with Radar,19,2,12,11,44,0,0,12,0,12,19,2,24,11,56,22,0,22,78
05/25/2021,FAY,NC,ASO,EN,Combined TRACON& Tower with Radar,18,4,26,2,50,0,0,8,0,8,18,4,34,2,58,44,0,44,102
05/26/2021,FAY,NC,ASO,EN,Combined TRACON& Tower with Radar,20,2,26,9,57,0,0,44,1,45,20,2,70,10,102,82,10,92,194
05/27/2021,FAY,NC,ASO,EN,Combined TRACON& Tower with Radar,20,3,28,9,60,0,0,41,1,42,20,3,69,10,102,76,6,82,184
05/28/2021,FAY,NC,ASO,EN,Combined TRACON& Tower with Radar,21,4,6,0,31,0,0,8,0,8,21,4,14,0,39,20,0,20,59
05/29/2021,FAY,NC,ASO,EN,Combined TRACON& Tower with Radar,18,5,4,0,27,0,0,16,0,16,18,5,20,0,43,40,0,40,83
05/30/2021,FAY,NC,ASO,EN,Combined TRACON& Tower with Radar,16,2,2,1,21,0,0,5,1,6,16,2,7,2,27,54,0,54,81
05/31/2021,FAY,NC,ASO,EN,Combined TRACON& Tower with Radar,19,4,10,0,33,0,0,36,0,36,19,4,46,0,69,18,0,18,87
06/01/2021,FAY,NC,ASO,EN,Combined TRACON& Tower with Radar,21,3,13,23,60,0,1,20,3,24,21,4,33,26,84,32,22,54,138
06/02/2021,FAY,NC,ASO,EN,Combined TRACON& Tower with Radar,18,7,19,5,49,0,0,1,0,1,18,7,20,5,50,6,0,6,56
06/03/2021,FAY,NC,ASO,EN,Combined TRACON& Tower with Radar,23,0,15,2,40,0,0,0,0,0,23,0,15,2,40,0,4,4,44
06/04/2021,FAY,NC,ASO,EN,Combined TRACON& Tower with Radar,23,1,9,13,46,0,1,11,2,14,23,2,20,15,60,66,2,68,128
06/05/2021,FAY,NC,ASO,EN,Combined TRACON& Tower with Radar,17,2,17,0,36,0,0,34,0,34,17,2,51,0,70,44,0,44,114
06/06/2021,FAY,NC,ASO,EN,Combined TRACON& Tower with Radar,19,3,10,2,34,0,0,13,0,13,19,3,23,2,47,64,0,64,111
06/07/2021,FAY,NC,ASO,EN,Combined TRACON& Tower with Radar,23,0,14,15,52,0,0,9,3,12,23,0,23,18,64,66,20,86,150
06/08/2021,FAY,NC,ASO,EN,Combined TRACON& Tower with Radar,23,2,13,5,43,0,0,8,1,9,23,2,21,6,52,56,0,56,108
06/09/2021,FAY,NC,ASO,EN,Combined TRACON& Tower with Radar,22,1,31,24,78,0,0,15,2,17,22,1,46,26,95,8,38,46,141
06/10/2021,FAY,NC,ASO,EN,Combined TRACON& Tower with Radar,22,0,27,10,59,0,0,3,2,5,22,0,30,12,64,4,0,4,68
06/11/2021,FAY,NC,ASO,EN,Combined TRACON& Tower with Radar,22,0,6,11,39,0,0,14,2,16,22,0,20,13,55,38,6,44,99
06/12/2021,FAY,NC,ASO,EN,Combined TRACON& Tower with Radar,16,3,8,1,28,0,0,11,0,11,16,3,19,1,39,6,0,6,45
06/13/2021,FAY,NC,ASO,EN,Combined TRACON& Tower with Radar,24,3,23,0,50,0,0,41,0,41,24,3,64,0,91,119,0,119,210
06/14/2021,FAY,NC,ASO,EN,Combined TRACON& Tower with Radar,22,0,19,18,59,0,4,26,2,32,22,4,45,20,91,20,14,34,125
06/15/2021,FAY,NC,ASO,EN,Combined TRACON& Tower with Radar,22,3,15,32,72,0,2,34,9,45,22,5,49,41,117,22,30,52,169
06/16/2021,FAY,NC,ASO,EN,Combined TRACON& Tower with Radar,22,1,26,22,71,0,0,22,7,29,22,1,48,29,100,20,16,36,136
06/17/2021,FAY,NC,ASO,EN,Combined TRACON& Tower with Radar,24,3,40,10,77,0,1,25,6,32,24,4,65,16,109,40,2,42,151
06/18/2021,FAY,NC,ASO,EN,Combined TRACON& Tower with Radar,21,0,11,2,34,0,0,30,0,30,21,0,41,2,64,64,0,64,128
06/19/2021,FAY,NC,ASO,EN,Combined TRACON& Tower with Radar,19,3,11,2,35,0,0,28,0,28,19,3,39,2,63,18,0,18,81
06/20/2021,FAY,NC,ASO,EN,Combined TRACON& Tower with Radar,23,2,9,1,35,0,0,0,0,0,23,2,9,1,35,0,0,0,35
06/21/2021,FAY,NC,ASO,EN,Combined TRACON& Tower with Radar,25,3,24,6,58,0,2,16,0,18,25,5,40,6,76,24,0,24,100
06/22/2021,FAY,NC,ASO,EN,Combined TRACON& Tower with Radar,21,3,18,11,53,0,0,4,1,5,21,3,22,12,58,0,8,8,66
06/23/2021,FAY,NC,ASO,EN,Combined TRACON& Tower with Radar,23,0,32,29,84,0,0,26,5,31,23,0,58,34,115,74,0,74,189
06/24/2021,FAY,NC,ASO,EN,Combined TRACON& Tower with Radar,24,2,18,17,61,0,2,24,9,35,24,4,42,26,96,86,30,116,212
06/25/2021,FAY,NC,ASO,EN,Combined TRACON& Tower with Radar,22,3,24,2,51,0,0,2,0,2,22,3,26,2,53,0,0,0,53
06/26/2021,FAY,NC,ASO,EN,Combined TRACON& Tower with Radar,18,4,5,8,35,0,0,9,0,9,18,4,14,8,44,42,0,42,86
06/27/2021,FAY,NC,ASO,EN,Combined TRACON& Tower with Radar,21,5,16,4,46,0,0,29,0,29,21,5,45,4,75,46,0,46,121
06/28/2021,FAY,NC,ASO,EN,Combined TRACON& Tower with Radar,22,1,16,14,53,0,1,8,2,11,22,2,24,16,64,0,0,0,64
06/29/2021,FAY,NC,ASO,EN,Combined TRACON& Tower with Radar,23,0,27,23,73,0,0,12,0,12,23,0,39,23,85,9,4,13,98
06/30/2021,FAY,NC,ASO,EN,Combined TRACON& Tower with Radar,21,2,21,7,51,0,1,29,2,32,21,3,50,9,83,62,0,62,145
07/01/2021,FAY,NC,ASO,EN,Combined TRACON& Tower with Radar,21,4,26,16,67,0,0,24,1,25,21,4,50,17,92,56,0,56,148
07/02/2021,FAY,NC,ASO,EN,Combined TRACON& Tower with Radar,26,1,10,0,37,0,1,3,0,4,26,2,13,0,41,12,0,12,53
07/03/2021,FAY,NC,ASO,EN,Combined TRACON& Tower with Radar,18,4,10,0,32,0,0,37,0,37,18,4,47,0,69,106,0,106,175
07/04/2021,FAY,NC,ASO,EN,Combined TRACON& Tower with Radar,16,0,5,2,23,0,0,10,1,11,16,0,15,3,34,28,0,28,62
07/05/2021,FAY,NC,ASO,EN,Combined TRACON& Tower with Radar,22,4,13,0,39,0,0,16,1,17,22,4,29,1,56,36,0,36,92
07/06/2021,FAY,NC,ASO,EN,Combined TRACON& Tower with Radar,22,2,19,13,56,0,3,19,2,24,22,5,38,15,80,24,12,36,116
07/07/2021,FAY,NC,ASO,EN,Combined TRACON& Tower with Radar,22,0,21,14,57,0,0,10,6,16,22,0,31,20,73,34,9,43,116
07/08/2021,FAY,NC,ASO,EN,Combined TRACON& Tower with Radar,18,0,10,5,33,0,0,3,1,4,18,0,13,6,37,0,4,4,41
07/09/2021,FAY,NC,ASO,EN,Combined TRACON& Tower with Radar,22,4,26,20,72,0,0,19,0,19,22,4,45,20,91,26,14,40,131
07/10/2021,FAY,NC,ASO,EN,Combined TRACON& Tower with Radar,18,5,15,0,38,0,0,14,0,14,18,5,29,0,52,26,0,26,78
07/11/2021,FAY,NC,ASO,EN,Combined TRACON& Tower with Radar,22,4,15,2,43,0,0,10,0,10,22,4,25,2,53,18,0,18,71
07/12/2021,FAY,NC,ASO,EN,Combined TRACON& Tower with Radar,21,1,23,7,52,0,0,13,4,17,21,1,36,11,69,10,12,22,91
07/13/2021,FAY,NC,ASO,EN,Combined TRACON& Tower with Radar,22,0,21,9,52,0,0,14,2,16,22,0,35,11,68,14,16,30,98
07/14/2021,FAY,NC,ASO,EN,Combined TRACON& Tower with Radar,24,0,30,18,72,0,1,27,4,32,24,1,57,22,104,58,14,72,176
07/15/2021,FAY,NC,ASO,EN,Combined TRACON& Tower with Radar,22,2,19,6,49,0,1,21,3,25,22,3,40,9,74,4,0,4,78
07/16/2021,FAY,NC,ASO,EN,Combined TRACON& Tower with Radar,23,4,10,9,46,0,0,25,5,30,23,4,35,14,76,26,16,42,118
07/17/2021,FAY,NC,ASO,EN,Combined TRACON& Tower with Radar,17,3,13,0,33,0,3,24,0,27,17,6,37,0,60,44,0,44,104
07/18/2021,FAY,NC,ASO,EN,Combined TRACON& Tower with Radar,20,3,16,4,43,0,1,11,0,12,20,4,27,4,55,38,0,38,93
07/19/2021,FAY,NC,ASO,EN,Combined TRACON& Tower with Radar,23,0,12,9,44,0,0,0,4,4,23,0,12,13,48,0,0,0,48
07/20/2021,FAY,NC,ASO,EN,Combined TRACON& Tower with Radar,21,5,21,17,64,0,0,27,2,29,21,5,48,19,93,64,4,68,161
07/21/2021,FAY,NC,ASO,EN,Combined TRACON& Tower with Radar,23,3,26,10,62,0,6,29,1,36,23,9,55,11,98,88,0,88,186
07/22/2021,FAY,NC,ASO,EN,Combined TRACON& Tower with Radar,23,8,14,10,55,0,0,27,0,27,23,8,41,10,82,94,8,102,184
07/23/2021,FAY,NC,ASO,EN,Combined TRACON& Tower with Radar,24,4,21,18,67,0,0,20,4,24,24,4,41,22,91,12,24,36,127
07/24/2021,FAY,NC,ASO,EN,Combined TRACON& Tower with Radar,18,3,19,4,44,0,2,27,1,30,18,5,46,5,74,45,6,51,125
07/25/2021,FAY,NC,ASO,EN,Combined TRACON& Tower with Radar,21,4,11,8,44,0,3,20,0,23,21,7,31,8,67,52,0,52,119
07/26/2021,FAY,NC,ASO,EN,Combined TRACON& Tower with Radar,22,4,18,4,48,0,0,15,2,17,22,4,33,6,65,8,0,8,73
07/27/2021,FAY,NC,ASO,EN,Combined TRACON& Tower with Radar,22,5,24,10,61,0,3,20,3,26,22,8,44,13,87,10,12,22,109
07/28/2021,FAY,NC,ASO,EN,Combined TRACON& Tower with Radar,23,3,19,6,51,0,2,10,5,17,23,5,29,11,68,20,10,30,98
07/29/2021,FAY,NC,ASO,EN,Combined TRACON& Tower with Radar,22,1,31,3,57,0,4,29,4,37,22,5,60,7,94,70,0,70,164
07/30/2021,FAY,NC,ASO,EN,Combined TRACON& Tower with Radar,22,2,21,3,48,0,0,20,5,25,22,2,41,8,73,18,2,20,93
07/31/2021,FAY,NC,ASO,EN,Combined TRACON& Tower with Radar,18,4,14,0,36,0,0,24,0,24,18,4,38,0,60,26,0,26,86
08/01/2021,FAY,NC,ASO,EN,Combined TRACON& Tower with Radar,19,1,14,0,34,0,0,3,0,3,19,1,17,0,37,16,0,16,53
08/02/2021,FAY,NC,ASO,EN,Combined TRACON& Tower with Radar,22,3,15,11,51,0,0,26,1,27,22,3,41,12,78,18,0,18,96
08/03/2021,FAY,NC,ASO,EN,Combined TRACON& Tower with Radar,19,3,22,7,51,0,0,0,0,0,19,3,22,7,51,0,0,0,51
08/04/2021,FAY,NC,ASO,EN,Combined TRACON& Tower with Radar,20,1,17,16,54,0,0,6,1,7,20,1,23,17,61,4,0,4,65
08/05/2021,FAY,NC,ASO,EN,Combined TRACON& Tower with Radar,22,9,29,16,76,0,4,21,1,26,22,13,50,17,102,66,0,66,168
08/06/2021,FAY,NC,ASO,EN,Combined TRACON& Tower with Radar,20,0,18,9,47,0,1,15,0,16,20,1,33,9,63,18,6,24,87
08/07/2021,FAY,NC,ASO,EN,Combined TRACON& Tower with Radar,18,2,9,3,32,0,0,1,0,1,18,2,10,3,33,0,0,0,33
08/08/2021,FAY,NC,ASO,EN,Combined TRACON& Tower with Radar,20,0,20,2,42,0,0,20,2,22,20,0,40,4,64,46,0,46,110
08/09/2021,FAY,NC,ASO,EN,Combined TRACON& Tower with Radar,20,3,12,16,51,0,2,24,5,31,20,5,36,21,82,26,5,31,113
08/10/2021,FAY,NC,ASO,EN,Combined TRACON& Tower with Radar,20,5,8,11,44,0,1,17,2,20,20,6,25,13,64,18,4,22,86
08/11/2021,FAY,NC,ASO,EN,Combined TRACON& Tower with Radar,20,0,16,22,58,0,0,30,6,36,20,0,46,28,94,98,0,98,192
08/12/2021,FAY,NC,ASO,EN,Combined TRACON& Tower with Radar,26,2,12,29,69,0,0,34,8,42,26,2,46,37,111,92,20,112,223
08/13/2021,FAY,NC,ASO,EN,Combined TRACON& Tower with Radar,18,0,9,14,41,0,0,41,4,45,18,0,50,18,86,122,0,122,208
08/14/2021,FAY,NC,ASO,EN,Combined TRACON& Tower with Radar,18,2,12,6,38,0,1,31,0,32,18,3,43,6,70,36,0,36,106
08/15/2021,FAY,NC,ASO,EN,Combined TRACON& Tower with Radar,21,0,4,1,26,0,0,10,0,10,21,0,14,1,36,40,0,40,76
08/16/2021,FAY,NC,ASO,EN,Combined TRACON& Tower with Radar,18,0,14,5,37,0,2,11,1,14,18,2,25,6,51,12,0,12,63
08/17/2021,FAY,NC,ASO,EN,Combined TRACON& Tower with Radar,18,2,6,32,58,0,0,3,2,5,18,2,9,34,63,0,6,6,69
08/18/2021,FAY,NC,ASO,EN,Combined TRACON& Tower with Radar,17,0,11,14,42,0,1,3,1,5,17,1,14,15,47,8,19,27,74
08/19/2021,FAY,NC,ASO,EN,Combined TRACON& Tower with Radar,23,0,23,13,59,0,5,20,13,38,23,5,43,26,97,24,12,36,133
08/20/2021,FAY,NC,ASO,EN,Combined TRACON& Tower with Radar,22,0,14,2,38,0,0,7,0,7,22,0,21,2,45,108,4,112,157
08/21/2021,FAY,NC,ASO,EN,Combined TRACON& Tower with Radar,20,1,19,8,48,0,0,12,8,20,20,1,31,16,68,20,0,20,88
08/22/2021,FAY,NC,ASO,EN,Combined TRACON& Tower with Radar,21,0,9,2,32,0,0,19,0,19,21,0,28,2,51,44,0,44,95
08/23/2021,FAY,NC,ASO,EN,Combined TRACON& Tower with Radar,18,0,16,6,40,0,1,18,3,22,18,1,34,9,62,47,0,47,109
08/24/2021,FAY,NC,ASO,EN,Combined TRACON& Tower with Radar,17,0,20,11,48,0,3,39,8,50,17,3,59,19,98,78,0,78,176
08/25/2021,FAY,NC,ASO,EN,Combined TRACON& Tower with Radar,17,0,16,12,45,0,2,25,13,40,17,2,41,25,85,40,8,48,133
08/26/2021,FAY,NC,ASO,EN,Combined TRACON& Tower with Radar,22,4,34,12,72,0,3,41,9,53,22,7,75,21,125,68,12,80,205
08/27/2021,FAY,NC,ASO,EN,Combined TRACON& Tower with Radar,20,0,22,10,52,0,3,33,6,42,20,3,55,16,94,74,0,74,168
08/28/2021,FAY,NC,ASO,EN,Combined TRACON& Tower with Radar,18,0,14,1,33,0,2,40,0,42,18,2,54,1,75,58,0,58,133
08/29/2021,FAY,NC,ASO,EN,Combined TRACON& Tower with Radar,21,1,16,1,39,0,0,22,0,22,21,1,38,1,61,36,0,36,97
08/30/2021,FAY,NC,ASO,EN,Combined TRACON& Tower with Radar,19,8,20,12,59,0,1,16,5,22,19,9,36,17,81,12,24,36,117
08/31/2021,FAY,NC,ASO,EN,Combined TRACON& Tower with Radar,15,1,15,17,48,0,1,26,7,34,15,2,41,24,82,66,8,74,156
09/01/2021,FAY,NC,ASO,EN,Combined TRACON& Tower with Radar,18,0,10,12,40,0,1,3,4,8,18,1,13,16,48,0,2,2,50
09/02/2021,FAY,NC,ASO,EN,Combined TRACON& Tower with Radar,21,0,26,18,65,0,1,26,3,30,21,1,52,21,95,84,4,88,183
09/03/2021,FAY,NC,ASO,EN,Combined TRACON& Tower with Radar,20,0,12,4,36,0,0,22,0,22,20,0,34,4,58,84,0,84,142
09/04/2021,FAY,NC,ASO,EN,Combined TRACON& Tower with Radar,16,0,7,1,24,0,0,35,0,35,16,0,42,1,59,94,0,94,153
09/05/2021,FAY,NC,ASO,EN,Combined TRACON& Tower with Radar,16,0,10,0,26,0,2,15,0,17,16,2,25,0,43,32,0,32,75
09/06/2021,FAY,NC,ASO,EN,Combined TRACON& Tower with Radar,16,0,14,2,32,0,1,18,0,19,16,1,32,2,51,54,0,54,105
09/07/2021,FAY,NC,ASO,EN,Combined TRACON& Tower with Radar,20,0,28,25,73,0,0,15,6,21,20,0,43,31,94,34,18,52,146
09/08/2021,FAY,NC,ASO,EN,Combined TRACON& Tower with Radar,16,0,19,21,56,0,0,10,4,14,16,0,29,25,70,38,44,82,152
09/09/2021,FAY,NC,ASO,EN,Combined TRACON& Tower with Radar,20,2,12,10,44,0,0,4,2,6,20,2,16,12,50,2,0,2,52
09/10/2021,FAY,NC,ASO,EN,Combined TRACON& Tower with Radar,19,2,17,13,51,0,0,35,9,44,19,2,52,22,95,76,0,76,171
09/11/2021,FAY,NC,ASO,EN,Combined TRACON& Tower with Radar,17,4,21,2,44,0,1,40,0,41,17,5,61,2,85,50,0,50,135
09/12/2021,FAY,NC,ASO,EN,Combined TRACON& Tower with Radar,22,0,16,6,44,0,3,19,0,22,22,3,35,6,66,14,0,14,80
09/13/2021,FAY,NC,ASO,EN,Combined TRACON& Tower with Radar,17,3,25,19,64,0,3,36,5,44,17,6,61,24,108,36,18,54,162
09/14/2021,FAY,NC,ASO,EN,Combined TRACON& Tower with Radar,16,2,18,17,53,0,3,27,2,32,16,5,45,19,85,34,0,34,119
09/15/2021,FAY,NC,ASO,EN,Combined TRACON& Tower with Radar,16,2,7,13,38,0,0,8,8,16,16,2,15,21,54,22,4,26,80
09/16/2021,FAY,NC,ASO,EN,Combined TRACON& Tower with Radar,22,4,16,20,62,0,5,16,2,23,22,9,32,22,85,44,8,52,137
09/17/2021,FAY,NC,ASO,EN,Combined TRACON& Tower with Radar,20,0,30,8,58,0,0,9,2,11,20,0,39,10,69,10,0,10,79
09/18/2021,FAY,NC,ASO,EN,Combined TRACON& Tower with Radar,18,1,15,0,34,0,0,20,4,24,18,1,35,4,58,40,0,40,98
09/19/2021,FAY,NC,ASO,EN,Combined TRACON& Tower with Radar,20,1,11,5,37,0,0,22,0,22,20,1,33,5,59,24,10,34,93
09/20/2021,FAY,NC,ASO,EN,Combined TRACON& Tower with Radar,18,0,17,9,44,0,2,11,3,16,18,2,28,12,60,46,0,46,106
09/21/2021,FAY,NC,ASO,EN,Combined TRACON& Tower with Radar,18,0,21,23,62,0,0,0,0,0,18,0,21,23,62,0,0,0,62
09/22/2021,FAY,NC,ASO,EN,Combined TRACON& Tower with Radar,18,2,16,12,48,0,0,0,0,0,18,2,16,12,48,0,0,0,48
09/23/2021,FAY,NC,ASO,EN,Combined TRACON& Tower with Radar,22,4,41,25,92,0,2,35,19,56,22,6,76,44,148,34,40,74,222
09/24/2021,FAY,NC,ASO,EN,Combined TRACON& Tower with Radar,20,0,16,27,63,0,1,43,2,46,20,1,59,29,109,46,18,64,173
09/25/2021,FAY,NC,ASO,EN,Combined TRACON& Tower with Radar,17,4,8,0,29,0,2,22,0,24,17,6,30,0,53,44,0,44,97
09/26/2021,FAY,NC,ASO,EN,Combined TRACON& Tower with Radar,21,0,18,8,47,0,0,22,0,22,21,0,40,8,69,18,0,18,87
09/27/2021,FAY,NC,ASO,EN,Combined TRACON& Tower with Radar,18,3,18,16,55,0,0,42,2,44,18,3,60,18,99,44,32,76,175
09/28/2021,FAY,NC,ASO,EN,Combined TRACON& Tower with Radar,18,2,26,15,61,0,2,32,9,43,18,4,58,24,104,78,6,84,188
09/29/2021,FAY,NC,ASO,EN,Combined TRACON& Tower with Radar,18,2,25,9,54,0,2,22,4,28,18,4,47,13,82,42,0,42,124
09/30/2021,FAY,NC,ASO,EN,Combined TRACON& Tower with Radar,19,0,17,16,52,0,0,18,5,23,19,0,35,21,75,66,6,72,147
10/01/2021,FAY,NC,ASO,EN,Combined TRACON& Tower with Radar,20,0,11,8,39,0,0,34,0,34,20,0,45,8,73,120,0,120,193
10/02/2021,FAY,NC,ASO,EN,Combined TRACON& Tower with Radar,17,0,11,0,28,0,0,37,0,37,17,0,48,0,65,26,0,26,91
10/03/2021,FAY,NC,ASO,EN,Combined TRACON& Tower with Radar,20,3,15,2,40,0,1,18,0,19,20,4,33,2,59,16,0,16,75
10/04/2021,FAY,NC,ASO,EN,Combined TRACON& Tower with Radar,18,6,10,6,40,0,1,10,2,13,18,7,20,8,53,32,0,32,85
10/05/2021,FAY,NC,ASO,EN,Combined TRACON& Tower with Radar,14,0,24,0,38,0,0,17,2,19,14,0,41,2,57,24,0,24,81
10/06/2021,FAY,NC,ASO,EN,Combined TRACON& Tower with Radar,14,2,22,5,43,0,3,20,4,27,14,5,42,9,70,52,8,60,130
10/07/2021,FAY,NC,ASO,EN,Combined TRACON& Tower with Radar,18,2,32,8,60,0,0,0,0,0,18,2,32,8,60,0,2,2,62
10/08/2021,FAY,NC,ASO,EN,Combined TRACON& Tower with Radar,20,3,31,5,59,0,0,4,0,4,20,3,35,5,63,34,0,34,97
10/09/2021,FAY,NC,ASO,EN,Combined TRACON& Tower with Radar,16,1,12,0,29,0,0,0,0,0,16,1,12,0,29,0,0,0,29
10/10/2021,FAY,NC,ASO,EN,Combined TRACON& Tower with Radar,24,3,11,3,41,0,0,6,0,6,24,3,17,3,47,8,0,8,55
10/11/2021,FAY,NC,ASO,EN,Combined TRACON& Tower with Radar,18,2,27,1,48,0,0,11,0,11,18,2,38,1,59,52,0,52,111
10/12/2021,FAY,NC,ASO,EN,Combined TRACON& Tower with Radar,16,2,24,13,55,0,0,14,0,14,16,2,38,13,69,42,0,42,111
10/13/2021,FAY,NC,ASO,EN,Combined TRACON& Tower with Radar,18,0,22,18,58,0,0,29,4,33,18,0,51,22,91,56,10,66,157
10/14/2021,FAY,NC,ASO,EN,Combined TRACON& Tower with Radar,18,2,27,13,60,0,2,25,4,31,18,4,52,17,91,30,10,40,131
10/15/2021,FAY,NC,ASO,EN,Combined TRACON& Tower with Radar,18,4,10,4,36,0,0,27,5,32,18,4,37,9,68,54,0,54,122
10/16/2021,FAY,NC,ASO,EN,Combined TRACON& Tower with Radar,21,2,14,0,37,0,0,20,0,20,21,2,34,0,57,66,0,66,123
10/17/2021,FAY,NC,ASO,EN,Combined TRACON& Tower with Radar,19,8,20,2,49,0,1,16,0,17,19,9,36,2,66,4,0,4,70
10/18/2021,FAY,NC,ASO,EN,Combined TRACON& Tower with Radar,20,0,21,5,46,0,0,19,2,21,20,0,40,7,67,20,6,26,93
10/19/2021,FAY,NC,ASO,EN,Combined TRACON& Tower with Radar,20,0,21,3,44,0,0,26,2,28,20,0,47,5,72,60,0,60,132
10/20/2021,FAY,NC,ASO,EN,Combined TRACON& Tower with Radar,18,4,12,2,36,0,1,43,4,48,18,5,55,6,84,90,12,102,186
10/21/2021,FAY,NC,ASO,EN,Combined TRACON& Tower with Radar,17,1,23,6,47,0,0,35,3,38,17,1,58,9,85,52,0,52,137
10/22/2021,FAY,NC,ASO,EN,Combined TRACON& Tower with Radar,18,0,21,10,49,0,1,24,5,30,18,1,45,15,79,30,6,36,115
10/23/2021,FAY,NC,ASO,EN,Combined TRACON& Tower with Radar,17,0,19,2,38,0,2,24,3,29,17,2,43,5,67,20,0,20,87
10/24/2021,FAY,NC,ASO,EN,Combined TRACON& Tower with Radar,19,2,12,2,35,0,0,17,0,17,19,2,29,2,52,8,0,8,60
10/25/2021,FAY,NC,ASO,EN,Combined TRACON& Tower with Radar,17,4,12,25,58,0,0,7,0,7,17,4,19,25,65,30,16,46,111
10/26/2021,FAY,NC,ASO,EN,Combined TRACON& Tower with Radar,17,4,10,7,38,0,0,19,0,19,17,4,29,7,57,6,0,6,63
10/27/2021,FAY,NC,ASO,EN,Combined TRACON& Tower with Radar,18,0,15,9,42,0,0,36,2,38,18,0,51,11,80,42,14,56,136
10/28/2021,FAY,NC,ASO,EN,Combined TRACON& Tower with Radar,18,2,6,2,28,0,0,10,0,10,18,2,16,2,38,4,0,4,42
10/29/2021,FAY,NC,ASO,EN,Combined TRACON& Tower with Radar,19,0,14,4,37,0,0,14,0,14,19,0,28,4,51,32,0,32,83
10/30/2021,FAY,NC,ASO,EN,Combined TRACON& Tower with Radar,16,2,10,8,36,0,0,27,0,27,16,2,37,8,63,62,0,62,125
10/31/2021,FAY,NC,ASO,EN,Combined TRACON& Tower with Radar,19,1,21,2,43,0,0,34,0,34,19,1,55,2,77,54,0,54,131
11/01/2021,FAY,NC,ASO,EN,Combined TRACON& Tower with Radar,18,2,20,12,52,0,2,38,1,41,18,4,58,13,93,40,2,42,135
11/02/2021,FAY,NC,ASO,EN,Combined TRACON& Tower with Radar,8,6,17,10,41,0,5,21,2,28,8,11,38,12,69,40,0,40,109
11/03/2021,FAY,NC,ASO,EN,Combined TRACON& Tower with Radar,10,8,23,15,56,0,2,26,5,33,10,10,49,20,89,56,24,80,169
11/04/2021,FAY,NC,ASO,EN,Combined TRACON& Tower with Radar,10,9,23,15,57,0,0,8,2,10,10,9,31,17,67,18,0,18,85
11/05/2021,FAY,NC,ASO,EN,Combined TRACON& Tower with Radar,10,12,15,2,39,0,0,20,0,20,10,12,35,2,59,36,0,36,95
11/06/2021,FAY,NC,ASO,EN,Combined TRACON& Tower with Radar,8,8,2,2,20,0,0,4,0,4,8,8,6,2,24,0,0,0,24
11/07/2021,FAY,NC,ASO,EN,Combined TRACON& Tower with Radar,10,6,10,2,28,0,0,6,0,6,10,6,16,2,34,0,0,0,34
11/08/2021,FAY,NC,ASO,EN,Combined TRACON& Tower with Radar,10,9,15,14,48,0,0,14,2,16,10,9,29,16,64,20,0,20,84
11/09/2021,FAY,NC,ASO,EN,Combined TRACON& Tower with Radar,8,12,20,9,49,0,0,34,3,37,8,12,54,12,86,0,24,24,110
11/10/2021,FAY,NC,ASO,EN,Combined TRACON& Tower with Radar,9,6,28,25,68,0,0,25,10,35,9,6,53,35,103,14,24,38,141
11/11/2021,FAY,NC,ASO,EN,Combined TRACON& Tower with Radar,10,8,24,2,44,0,0,27,0,27,10,8,51,2,71,48,0,48,119
11/12/2021,FAY,NC,ASO,EN,Combined TRACON& Tower with Radar,11,13,13,6,43,0,0,36,0,36,11,13,49,6,79,68,8,76,155
11/13/2021,FAY,NC,ASO,EN,Combined TRACON& Tower with Radar,8,9,16,0,33,0,2,31,0,33,8,11,47,0,66,44,0,44,110
11/14/2021,FAY,NC,ASO,EN,Combined TRACON& Tower with Radar,10,7,21,1,39,0,0,49,0,49,10,7,70,1,88,53,0,53,141
11/15/2021,FAY,NC,ASO,EN,Combined TRACON& Tower with Radar,10,8,23,18,59,0,0,21,7,28,10,8,44,25,87,10,10,20,107
11/16/2021,FAY,NC,ASO,EN,Combined TRACON& Tower with Radar,8,6,35,13,62,0,0,34,5,39,8,6,69,18,101,28,38,66,167
11/17/2021,FAY,NC,ASO,EN,Combined TRACON& Tower with Radar,12,9,27,5,53,0,0,36,0,36,12,9,63,5,89,40,20,60,149
11/18/2021,FAY,NC,ASO,EN,Combined TRACON& Tower with Radar,12,8,25,11,56,0,0,27,0,27,12,8,52,11,83,44,14,58,141
11/19/2021,FAY,NC,ASO,EN,Combined TRACON& Tower with Radar,12,6,22,9,49,0,0,34,1,35,12,6,56,10,84,0,10,10,94
11/20/2021,FAY,NC,ASO,EN,Combined TRACON& Tower with Radar,11,6,15,1,33,0,1,35,0,36,11,7,50,1,69,80,0,80,149
11/21/2021,FAY,NC,ASO,EN,Combined TRACON& Tower with Radar,13,4,17,0,34,0,0,37,0,37,13,4,54,0,71,64,0,64,135
11/22/2021,FAY,NC,ASO,EN,Combined TRACON& Tower with Radar,11,9,3,0,23,0,0,2,2,4,11,9,5,2,27,0,0,0,27
11/23/2021,FAY,NC,ASO,EN,Combined TRACON& Tower with Radar,13,9,13,3,38,0,1,34,1,36,13,10,47,4,74,34,0,34,108
11/24/2021,FAY,NC,ASO,EN,Combined TRACON& Tower with Radar,12,8,12,3,35,0,0,21,1,22,12,8,33,4,57,22,0,22,79
11/25/2021,FAY,NC,ASO,EN,Combined TRACON& Tower with Radar,8,4,2,0,14,0,0,0,0,0,8,4,2,0,14,0,0,0,14
11/26/2021,FAY,NC,ASO,EN,Combined TRACON& Tower with Radar,12,5,6,0,23,0,0,9,0,9,12,5,15,0,32,8,0,8,40
11/27/2021,FAY,NC,ASO,EN,Combined TRACON& Tower with Radar,12,8,15,0,35,0,0,23,0,23,12,8,38,0,58,4,0,4,62
11/28/2021,FAY,NC,ASO,EN,Combined TRACON& Tower with Radar,12,14,22,0,48,0,2,37,0,39,12,16,59,0,87,20,0,20,107
11/29/2021,FAY,NC,ASO,EN,Combined TRACON& Tower with Radar,11,6,19,7,43,0,0,20,2,22,11,6,39,9,65,22,4,26,91
11/30/2021,FAY,NC,ASO,EN,Combined TRACON& Tower with Radar,12,7,14,3,36,0,0,16,1,17,12,7,30,4,53,0,0,0,53
12/01/2021,FAY,NC,ASO,EN,Combined TRACON& Tower with Radar,10,6,16,0,32,0,0,37,0,37,10,6,53,0,69,58,0,58,127
12/02/2021,FAY,NC,ASO,EN,Combined TRACON& Tower with Radar,11,8,17,0,36,0,0,41,0,41,11,8,58,0,77,62,0,62,139
12/03/2021,FAY,NC,ASO,EN,Combined TRACON& Tower with Radar,10,9,18,14,51,0,1,38,0,39,10,10,56,14,90,28,0,28,118
12/04/2021,FAY,NC,ASO,EN,Combined TRACON& Tower with Radar,8,10,16,0,34,0,0,29,2,31,8,10,45,2,65,20,0,20,85
12/05/2021,FAY,NC,ASO,EN,Combined TRACON& Tower with Radar,10,6,19,1,36,0,0,24,1,25,10,6,43,2,61,64,0,64,125
12/06/2021,FAY,NC,ASO,EN,Combined TRACON& Tower with Radar,8,14,13,12,47,0,0,9,4,13,8,14,22,16,60,0,22,22,82
12/07/2021,FAY,NC,ASO,EN,Combined TRACON& Tower with Radar,8,6,16,10,40,0,0,13,0,13,8,6,29,10,53,22,16,38,91
12/08/2021,FAY,NC,ASO,EN,Combined TRACON& Tower with Radar,9,6,6,4,25,0,0,3,1,4,9,6,9,5,29,0,0,0,29
12/09/2021,FAY,NC,ASO,EN,Combined TRACON& Tower with Radar,8,8,20,5,41,0,0,27,3,30,8,8,47,8,71,44,8,52,123
12/10/2021,FAY,NC,ASO,EN,Combined TRACON& Tower with Radar,13,8,23,8,52,0,0,19,1,20,13,8,42,9,72,38,14,52,124
12/11/2021,FAY,NC,ASO,EN,Combined TRACON& Tower with Radar,8,11,9,0,28,0,0,0,0,0,8,11,9,0,28,0,0,0,28
12/12/2021,FAY,NC,ASO,EN,Combined TRACON& Tower with Radar,10,7,16,0,33,0,2,29,0,31,10,9,45,0,64,18,0,18,82
12/13/2021,FAY,NC,ASO,EN,Combined TRACON& Tower with Radar,8,10,13,8,39,0,1,30,0,31,8,11,43,8,70,34,0,34,104
12/14/2021,FAY,NC,ASO,EN,Combined TRACON& Tower with Radar,8,6,18,13,45,0,0,8,6,14,8,6,26,19,59,6,14,20,79
12/15/2021,FAY,NC,ASO,EN,Combined TRACON& Tower with Radar,11,6,11,2,30,0,0,35,2,37,11,6,46,4,67,38,12,50,117
12/16/2021,FAY,NC,ASO,EN,Combined TRACON& Tower with Radar,13,4,27,7,51,0,0,27,1,28,13,4,54,8,79,22,6,28,107
12/17/2021,FAY,NC,ASO,EN,Combined TRACON& Tower with Radar,9,8,31,12,60,0,0,2,0,2,9,8,33,12,62,0,0,0,62
12/18/2021,FAY,NC,ASO,EN,Combined TRACON& Tower with Radar,13,4,6,2,25,0,0,1,0,1,13,4,7,2,26,0,0,0,26
12/19/2021,FAY,NC,ASO,EN,Combined TRACON& Tower with Radar,14,8,9,4,35,0,0,0,0,0,14,8,9,4,35,0,0,0,35
12/20/2021,FAY,NC,ASO,EN,Combined TRACON& Tower with Radar,11,6,16,10,43,0,2,25,1,28,11,8,41,11,71,50,0,50,121
12/21/2021,FAY,NC,ASO,EN,Combined TRACON& Tower with Radar,12,5,1,1,19,0,0,0,0,0,12,5,1,1,19,0,0,0,19
12/22/2021,FAY,NC,ASO,EN,Combined TRACON& Tower with Radar,13,9,18,4,44,0,4,20,0,24,13,13,38,4,68,12,6,18,86
12/23/2021,FAY,NC,ASO,EN,Combined TRACON& Tower with Radar,11,4,11,0,26,0,0,23,0,23,11,4,34,0,49,4,0,4,53
12/24/2021,FAY,NC,ASO,EN,Combined TRACON& Tower with Radar,9,4,2,0,15,0,1,8,0,9,9,5,10,0,24,0,0,0,24
12/25/2021,FAY,NC,ASO,EN,Combined TRACON& Tower with Radar,8,4,2,0,14,0,0,1,0,1,8,4,3,0,15,0,0,0,15
12/26/2021,FAY,NC,ASO,EN,Combined TRACON& Tower with Radar,12,4,10,0,26,0,0,16,0,16,12,4,26,0,42,6,0,6,48
12/27/2021,FAY,NC,ASO,EN,Combined TRACON& Tower with Radar,9,5,12,2,28,0,1,15,0,16,9,6,27,2,44,0,0,0,44
12/28/2021,FAY,NC,ASO,EN,Combined TRACON& Tower with Radar,12,7,8,6,33,0,0,8,0,8,12,7,16,6,41,0,0,0,41
12/29/2021,FAY,NC,ASO,EN,Combined TRACON& Tower with Radar,12,8,9,5,34,0,0,9,4,13,12,8,18,9,47,0,0,0,47
12/30/2021,FAY,NC,ASO,EN,Combined TRACON& Tower with Radar,12,4,14,0,30,0,0,0,0,0,12,4,14,0,30,0,0,0,30
12/31/2021,FAY,NC,ASO,EN,Combined TRACON& Tower with Radar,7,5,8,0,20,0,1,18,0,19,7,6,26,0,39,68,0,68,107
01/01/2022,FAY,NC,ASO,EN,Combined TRACON& Tower with Radar,11,4,2,0,17,0,0,2,0,2,11,4,4,0,19,0,0,0,19
01/02/2022,FAY,NC,ASO,EN,Combined TRACON& Tower with Radar,10,4,4,0,18,0,0,5,0,5,10,4,9,0,23,18,0,18,41
01/03/2022,FAY,NC,ASO,EN,Combined TRACON& Tower with Radar,11,8,2,0,21,0,1,1,0,2,11,9,3,0,23,0,0,0,23
01/04/2022,FAY,NC,ASO,EN,Combined TRACON& Tower with Radar,12,4,21,2,39,0,1,28,2,31,12,5,49,4,70,22,0,22,92
01/05/2022,FAY,NC,ASO,EN,Combined TRACON& Tower with Radar,11,9,23,2,45,0,0,11,0,11,11,9,34,2,56,6,0,6,62
01/06/2022,FAY,NC,ASO,EN,Combined TRACON& Tower with Radar,12,6,22,6,46,0,0,40,0,40,12,6,62,6,86,20,0,20,106
01/07/2022,FAY,NC,ASO,EN,Combined TRACON& Tower with Radar,12,6,18,6,42,0,0,22,0,22,12,6,40,6,64,63,0,63,127
01/08/2022,FAY,NC,ASO,EN,Combined TRACON& Tower with Radar,11,2,12,0,25,0,2,32,0,34,11,4,44,0,59,28,0,28,87
01/09/2022,FAY,NC,ASO,EN,Combined TRACON& Tower with Radar,11,6,4,0,21,0,0,18,0,18,11,6,22,0,39,14,0,14,53
01/10/2022,FAY,NC,ASO,EN,Combined TRACON& Tower with Radar,12,6,12,5,35,0,0,13,0,13,12,6,25,5,48,34,2,36,84
01/11/2022,FAY,NC,ASO,EN,Combined TRACON& Tower with Radar,10,4,11,14,39,0,0,16,0,16,10,4,27,14,55,16,0,16,71
01/12/2022,FAY,NC,ASO,EN,Combined TRACON& Tower with Radar,9,6,7,11,33,0,0,33,1,34,9,6,40,12,67,56,0,56,123
01/13/2022,FAY,NC,ASO,EN,Combined TRACON& Tower with Radar,10,6,13,5,34,0,0,28,2,30,10,6,41,7,64,72,10,82,146
01/14/2022,FAY,NC,ASO,EN,Combined TRACON& Tower with Radar,12,7,11,5,35,0,0,33,1,34,12,7,44,6,69,38,0,38,107
01/15/2022,FAY,NC,ASO,EN,Combined TRACON& Tower with Radar,9,2,3,10,24,0,0,26,0,26,9,2,29,10,50,60,0,60,110
01/16/2022,FAY,NC,ASO,EN,Combined TRACON& Tower with Radar,2,0,2,0,4,0,0,0,0,0,2,0,2,0,4,0,0,0,4
01/17/2022,FAY,NC,ASO,EN,Combined TRACON& Tower with Radar,8,0,5,0,13,0,0,1,0,1,8,0,6,0,14,0,0,0,14
01/18/2022,FAY,NC,ASO,EN,Combined TRACON& Tower with Radar,11,6,16,13,46,0,1,36,0,37,11,7,52,13,83,86,6,92,175
01/19/2022,FAY,NC,ASO,EN,Combined TRACON& Tower with Radar,11,10,23,21,65,0,3,41,1,45,11,13,64,22,110,82,15,97,207
01/20/2022,FAY,NC,ASO,EN,Combined TRACON& Tower with Radar,11,7,13,4,35,0,0,11,0,11,11,7,24,4,46,6,0,6,52
01/21/2022,FAY,NC,ASO,EN,Combined TRACON& Tower with Radar,3,2,0,0,5,0,0,1,0,1,3,2,1,0,6,0,0,0,6
01/22/2022,FAY,NC,ASO,EN,Combined TRACON& Tower with Radar,4,0,2,0,6,0,0,1,0,1,4,0,3,0,7,0,0,0,7
01/23/2022,FAY,NC,ASO,EN,Combined TRACON& Tower with Radar,13,9,10,0,32,0,0,19,0,19,13,9,29,0,51,40,0,40,91
01/24/2022,FAY,NC,ASO,EN,Combined TRACON& Tower with Radar,10,6,21,5,42,0,0,31,1,32,10,6,52,6,74,30,0,30,104
01/25/2022,FAY,NC,ASO,EN,Combined TRACON& Tower with Radar,11,4,18,5,38,0,0,22,1,23,11,4,40,6,61,44,0,44,105
01/26/2022,FAY,NC,ASO,EN,Combined TRACON& Tower with Radar,11,6,13,9,39,0,0,15,2,17,11,6,28,11,56,52,0,52,108
01/27/2022,FAY,NC,ASO,EN,Combined TRACON& Tower with Radar,12,6,17,8,43,0,1,30,4,35,12,7,47,12,78,36,0,36,114
01/28/2022,FAY,NC,ASO,EN,Combined TRACON& Tower with Radar,12,6,13,0,31,0,0,18,2,20,12,6,31,2,51,18,0,18,69
01/29/2022,FAY,NC,ASO,EN,Combined TRACON& Tower with Radar,11,4,7,0,22,0,0,0,0,0,11,4,7,0,22,0,0,0,22
01/30/2022,FAY,NC,ASO,EN,Combined TRACON& Tower with Radar,10,7,7,0,24,0,0,35,1,36,10,7,42,1,60,48,0,48,108
01/31/2022,FAY,NC,ASO,EN,Combined TRACON& Tower with Radar,11,7,21,24,63,0,2,26,8,36,11,9,47,32,99,36,14,50,149
02/01/2022,FAY,NC,ASO,EN,Combined TRACON& Tower with Radar,11,3,17,4,35,0,0,27,0,27,11,3,44,4,62,56,0,56,118
02/02/2022,FAY,NC,ASO,EN,Combined TRACON& Tower with Radar,11,4,19,8,42,0,0,35,2,37,11,4,54,10,79,42,12,54,133
02/03/2022,FAY,NC,ASO,EN,Combined TRACON& Tower with Radar,8,6,26,8,48,0,0,10,0,10,8,6,36,8,58,8,0,8,66
02/04/2022,FAY,NC,ASO,EN,Combined TRACON& Tower with Radar,8,8,6,2,24,0,0,1,0,1,8,8,7,2,25,0,0,0,25
02/05/2022,FAY,NC,ASO,EN,Combined TRACON& Tower with Radar,11,8,7,6,32,0,0,18,0,18,11,8,25,6,50,32,0,32,82
02/06/2022,FAY,NC,ASO,EN,Combined TRACON& Tower with Radar,8,10,16,1,35,0,0,23,0,23,8,10,39,1,58,8,0,8,66
02/07/2022,FAY,NC,ASO,EN,Combined TRACON& Tower with Radar,8,8,4,0,20,0,0,0,0,0,8,8,4,0,20,0,0,0,20
02/08/2022,FAY,NC,ASO,EN,Combined TRACON& Tower with Radar,10,7,21,12,50,0,2,20,0,22,10,9,41,12,72,10,20,30,102
02/09/2022,FAY,NC,ASO,EN,Combined TRACON& Tower with Radar,9,8,14,7,38,0,1,37,1,39,9,9,51,8,77,38,4,42,119
02/10/2022,FAY,NC,ASO,EN,Combined TRACON& Tower with Radar,10,8,18,14,50,0,0,33,4,37,10,8,51,18,87,46,30,76,163
02/11/2022,FAY,NC,ASO,EN,Combined TRACON& Tower with Radar,12,12,9,4,37,0,0,24,2,26,12,12,33,6,63,74,6,80,143
02/12/2022,FAY,NC,ASO,EN,Combined TRACON& Tower with Radar,9,6,5,0,20,0,0,32,1,33,9,6,37,1,53,12,0,12,65
02/13/2022,FAY,NC,ASO,EN,Combined TRACON& Tower with Radar,8,10,2,0,20,0,0,0,0,0,8,10,2,0,20,0,0,0,20
02/14/2022,FAY,NC,ASO,EN,Combined TRACON& Tower with Radar,13,8,10,13,44,0,1,12,2,15,13,9,22,15,59,34,18,52,111
02/15/2022,FAY,NC,ASO,EN,Combined TRACON& Tower with Radar,8,6,24,0,38,0,2,28,2,32,8,8,52,2,70,28,3,31,101
02/16/2022,FAY,NC,ASO,EN,Combined TRACON& Tower with Radar,10,14,19,15,58,0,3,21,0,24,10,17,40,15,82,38,10,48,130
02/17/2022,FAY,NC,ASO,EN,Combined TRACON& Tower with Radar,11,8,17,12,48,0,1,17,2,20,11,9,34,14,68,30,0,30,98
02/18/2022,FAY,NC,ASO,EN,Combined TRACON& Tower with Radar,6,8,16,0,30,0,0,9,0,9,6,8,25,0,39,0,0,0,39
02/19/2022,FAY,NC,ASO,EN,Combined TRACON& Tower with Radar,10,6,16,0,32,0,0,27,1,28,10,6,43,1,60,60,0,60,120
02/20/2022,FAY,NC,ASO,EN,Combined TRACON& Tower with Radar,8,7,19,0,34,0,0,32,0,32,8,7,51,0,66,64,0,64,130
02/21/2022,FAY,NC,ASO,EN,Combined TRACON& Tower with Radar,9,8,15,0,32,0,1,18,0,19,9,9,33,0,51,30,0,30,81
02/22/2022,FAY,NC,ASO,EN,Combined TRACON& Tower with Radar,9,6,22,12,49,0,1,6,0,7,9,7,28,12,56,12,20,32,88
02/23/2022,FAY,NC,ASO,EN,Combined TRACON& Tower with Radar,8,8,32,12,60,0,0,14,1,15,8,8,46,13,75,64,0,64,139
02/24/2022,FAY,NC,ASO,EN,Combined TRACON& Tower with Radar,8,12,25,21,66,0,0,0,0,0,8,12,25,21,66,0,12,12,78
02/25/2022,FAY,NC,ASO,EN,Combined TRACON& Tower with Radar,8,6,23,0,37,0,0,2,0,2,8,6,25,0,39,0,0,0,39
02/26/2022,FAY,NC,ASO,EN,Combined TRACON& Tower with Radar,10,6,22,0,38,0,1,30,0,31,10,7,52,0,69,22,0,22,91
02/27/2022,FAY,NC,ASO,EN,Combined TRACON& Tower with Radar,11,8,12,0,31,0,0,0,0,0,11,8,12,0,31,0,0,0,31
02/28/2022,FAY,NC,ASO,EN,Combined TRACON& Tower with Radar,10,8,16,13,47,0,0,19,2,21,10,8,35,15,68,13,6,19,87
03/01/2022,FAY,NC,ASO,EN,Combined TRACON& Tower with Radar,9,6,10,5,30,0,0,31,0,31,9,6,41,5,61,40,0,40,101
03/02/2022,FAY,NC,ASO,EN,Combined TRACON& Tower with Radar,8,7,15,4,34,0,1,28,0,29,8,8,43,4,63,54,0,54,117
03/03/2022,FAY,NC,ASO,EN,Combined TRACON& Tower with Radar,9,8,13,0,30,0,1,18,5,24,9,9,31,5,54,20,8,28,82
03/04/2022,FAY,NC,ASO,EN,Combined TRACON& Tower with Radar,8,9,21,0,38,0,0,25,0,25,8,9,46,0,63,16,0,16,79
03/05/2022,FAY,NC,ASO,EN,Combined TRACON& Tower with Radar,8,7,38,0,53,0,0,17,2,19,8,7,55,2,72,6,0,6,78
03/06/2022,FAY,NC,ASO,EN,Combined TRACON& Tower with Radar,9,7,14,0,30,0,0,12,0,12,9,7,26,0,42,0,0,0,42
03/07/2022,FAY,NC,ASO,EN,Combined TRACON& Tower with Radar,8,8,10,8,34,0,0,6,0,6,8,8,16,8,40,2,2,4,44
03/08/2022,FAY,NC,ASO,EN,Combined TRACON& Tower with Radar,6,4,14,1,25,0,1,18,0,19,6,5,32,1,44,46,22,68,112
03/09/2022,FAY,NC,ASO,EN,Combined TRACON& Tower with Radar,6,6,20,4,36,0,0,0,0,0,6,6,20,4,36,0,4,4,40
03/10/2022,FAY,NC,ASO,EN,Combined TRACON& Tower with Radar,8,8,31,11,58,0,0,1,0,1,8,8,32,11,59,0,0,0,59
03/11/2022,FAY,NC,ASO,EN,Combined TRACON& Tower with Radar,8,10,41,11,70,0,0,2,0,2,8,10,43,11,72,0,0,0,72
03/12/2022,FAY,NC,ASO,EN,Combined TRACON& Tower with Radar,7,6,1,0,14,0,0,0,0,0,7,6,1,0,14,0,0,0,14
03/13/2022,FAY,NC,ASO,EN,Combined TRACON& Tower with Radar,6,8,13,0,27,0,0,38,0,38,6,8,51,0,65,36,0,36,101
03/14/2022,FAY,NC,ASO,EN,Combined TRACON& Tower with Radar,9,9,17,13,48,0,0,33,2,35,9,9,50,15,83,36,8,44,127
03/15/2022,FAY,NC,ASO,EN,Combined TRACON& Tower with Radar,6,7,17,6,36,0,0,28,0,28,6,7,45,6,64,30,14,44,108
03/16/2022,FAY,NC,ASO,EN,Combined TRACON& Tower with Radar,6,4,16,6,32,0,0,10,0,10,6,4,26,6,42,4,0,4,46
03/17/2022,FAY,NC,ASO,EN,Combined TRACON& Tower with Radar,8,12,38,4,62,0,0,3,1,4,8,12,41,5,66,16,4,20,86
03/18/2022,FAY,NC,ASO,EN,Combined TRACON& Tower with Radar,8,10,6,12,36,0,0,24,0,24,8,10,30,12,60,52,16,68,128
03/19/2022,FAY,NC,ASO,EN,Combined TRACON& Tower with Radar,8,6,1,2,17,0,0,3,2,5,8,6,4,4,22,10,2,12,34
03/20/2022,FAY,NC,ASO,EN,Combined TRACON& Tower with Radar,8,16,7,1,32,0,0,16,0,16,8,16,23,1,48,4,0,4,52
03/21/2022,FAY,NC,ASO,EN,Combined TRACON& Tower with Radar,6,11,25,3,45,0,0,29,1,30,6,11,54,4,75,48,0,48,123
03/22/2022,FAY,NC,ASO,EN,Combined TRACON& Tower with Radar,6,5,18,8,37,0,0,32,1,33,6,5,50,9,70,55,12,67,137
03/23/2022,FAY,NC,ASO,EN,Combined TRACON& Tower with Radar,6,5,11,5,27,0,0,1,1,2,6,5,12,6,29,0,0,0,29
03/24/2022,FAY,NC,ASO,EN,Combined TRACON& Tower with Radar,8,9,12,2,31,0,0,3,0,3,8,9,15,2,34,0,0,0,34
03/25/2022,FAY,NC,ASO,EN,Combined TRACON& Tower with Radar,8,8,15,4,35,0,4,13,0,17,8,12,28,4,52,0,0,0,52
03/26/2022,FAY,NC,ASO,EN,Combined TRACON& Tower with Radar,12,6,5,0,23,0,0,7,1,8,12,6,12,1,31,12,0,12,43
03/27/2022,FAY,NC,ASO,EN,Combined TRACON& Tower with Radar,10,6,7,0,23,0,2,21,0,23,10,8,28,0,46,22,0,22,68
03/28/2022,FAY,NC,ASO,EN,Combined TRACON& Tower with Radar,8,8,17,5,38,0,2,30,3,35,8,10,47,8,73,30,0,30,103
03/29/2022,FAY,NC,ASO,EN,Combined TRACON& Tower with Radar,10,4,17,6,37,0,0,30,5,35,10,4,47,11,72,46,14,60,132
03/30/2022,FAY,NC,ASO,EN,Combined TRACON& Tower with Radar,6,6,17,11,40,0,3,4,1,8,6,9,21,12,48,12,24,36,84
03/31/2022,FAY,NC,ASO,EN,Combined TRACON& Tower with Radar,8,10,9,13,40,0,0,0,0,0,8,10,9,13,40,0,10,10,50
04/01/2022,FAY,NC,ASO,EN,Combined TRACON& Tower with Radar,10,8,24,5,47,0,2,24,3,29,10,10,48,8,76,10,0,10,86
04/02/2022,FAY,NC,ASO,EN,Combined TRACON& Tower with Radar,8,6,14,0,28,0,0,36,0,36,8,6,50,0,64,120,0,120,184
04/03/2022,FAY,NC,ASO,EN,Combined TRACON& Tower with Radar,10,8,6,0,24,0,0,13,0,13,10,8,19,0,37,32,0,32,69
04/04/2022,FAY,NC,ASO,EN,Combined TRACON& Tower with Radar,10,6,19,8,43,0,0,30,2,32,10,6,49,10,75,20,8,28,103
04/05/2022,FAY,NC,ASO,EN,Combined TRACON& Tower with Radar,11,3,21,2,37,0,0,5,3,8,11,3,26,5,45,0,0,0,45
04/06/2022,FAY,NC,ASO,EN,Combined TRACON& Tower with Radar,12,5,30,16,63,0,0,10,5,15,12,5,40,21,78,32,12,44,122
04/07/2022,FAY,NC,ASO,EN,Combined TRACON& Tower with Radar,12,5,26,8,51,0,0,2,1,3,12,5,28,9,54,0,5,5,59
04/08/2022,FAY,NC,ASO,EN,Combined TRACON& Tower with Radar,12,6,19,6,43,0,0,20,0,20,12,6,39,6,63,22,0,22,85
04/09/2022,FAY,NC,ASO,EN,Combined TRACON& Tower with Radar,9,4,11,0,24,0,1,15,0,16,9,5,26,0,40,16,0,16,56
04/10/2022,FAY,NC,ASO,EN,Combined TRACON& Tower with Radar,13,4,7,0,24,0,0,10,0,10,13,4,17,0,34,12,0,12,46
04/11/2022,FAY,NC,ASO,EN,Combined TRACON& Tower with Radar,11,6,18,6,41,0,1,33,8,42,11,7,51,14,83,42,0,42,125
04/12/2022,FAY,NC,ASO,EN,Combined TRACON& Tower with Radar,12,4,10,16,42,0,0,21,3,24,12,4,31,19,66,12,8,20,86
04/13/2022,FAY,NC,ASO,EN,Combined TRACON& Tower with Radar,13,4,18,11,46,0,0,18,2,20,13,4,36,13,66,22,0,22,88
04/14/2022,FAY,NC,ASO,EN,Combined TRACON& Tower with Radar,12,6,16,15,49,0,0,7,0,7,12,6,23,15,56,0,8,8,64
04/15/2022,FAY,NC,ASO,EN,Combined TRACON& Tower with Radar,14,6,9,3,32,0,0,22,5,27,14,6,31,8,59,14,0,14,73
04/16/2022,FAY,NC,ASO,EN,Combined TRACON& Tower with Radar,10,6,20,1,37,0,0,9,0,9,10,6,29,1,46,38,0,38,84
04/17/2022,FAY,NC,ASO,EN,Combined TRACON& Tower with Radar,14,2,5,0,21,0,0,13,0,13,14,2,18,0,34,38,0,38,72
04/18/2022,FAY,NC,ASO,EN,Combined TRACON& Tower with Radar,16,6,20,6,48,0,0,0,0,0,16,6,20,6,48,0,0,0,48
04/19/2022,FAY,NC,ASO,EN,Combined TRACON& Tower with Radar,12,5,13,10,40,0,0,11,1,12,12,5,24,11,52,8,0,8,60
04/20/2022,FAY,NC,ASO,EN,Combined TRACON& Tower with Radar,12,8,16,9,45,0,1,19,0,20,12,9,35,9,65,8,0,8,73
04/21/2022,FAY,NC,ASO,EN,Combined TRACON& Tower with Radar,12,4,27,6,49,0,1,22,3,26,12,5,49,9,75,102,24,126,201
04/22/2022,FAY,NC,ASO,EN,Combined TRACON& Tower with Radar,12,5,12,0,29,0,1,21,0,22,12,6,33,0,51,58,0,58,109
04/23/2022,FAY,NC,ASO,EN,Combined TRACON& Tower with Radar,11,9,19,2,41,0,1,33,0,34,11,10,52,2,75,58,0,58,133
04/24/2022,FAY,NC,ASO,EN,Combined TRACON& Tower with Radar,12,5,13,0,30,0,1,25,0,26,12,6,38,0,56,50,0,50,106
04/25/2022,FAY,NC,ASO,EN,Combined TRACON& Tower with Radar,13,7,19,3,42,0,2,25,3,30,13,9,44,6,72,26,6,32,104
04/26/2022,FAY,NC,ASO,EN,Combined TRACON& Tower with Radar,12,9,10,2,33,0,0,6,0,6,12,9,16,2,39,12,0,12,51
04/27/2022,FAY,NC,ASO,EN,Combined TRACON& Tower with Radar,12,4,14,0,30,0,2,21,3,26,12,6,35,3,56,34,0,34,90
04/28/2022,FAY,NC,ASO,EN,Combined TRACON& Tower with Radar,12,4,13,3,32,0,2,17,4,23,12,6,30,7,55,15,0,15,70
04/29/2022,FAY,NC,ASO,EN,Combined TRACON& Tower with Radar,12,4,11,10,37,0,0,33,1,34,12,4,44,11,71,68,12,80,151
04/30/2022,FAY,NC,ASO,EN,Combined TRACON& Tower with Radar,12,2,6,0,20,0,4,19,0,23,12,6,25,0,43,32,0,32,75
05/01/2022,FAY,NC,ASO,EN,Combined TRACON& Tower with Radar,11,4,9,0,24,0,0,23,0,23,11,4,32,0,47,28,0,28,75
05/02/2022,FAY,NC,ASO,EN,Combined TRACON& Tower with Radar,12,4,24,6,46,0,0,19,1,20,12,4,43,7,66,42,12,54,120
05/03/2022,FAY,NC,ASO,EN,Combined TRACON& Tower with Radar,13,4,17,2,36,0,0,30,3,33,13,4,47,5,69,8,2,10,79
05/04/2022,FAY,NC,ASO,EN,Combined TRACON& Tower with Radar,12,8,20,8,48,0,0,6,0,6,12,8,26,8,54,48,0,48,102
05/05/2022,FAY,NC,ASO,EN,Combined TRACON& Tower with Radar,10,11,47,2,70,0,0,5,2,7,10,11,52,4,77,2,4,6,83
05/06/2022,FAY,NC,ASO,EN,Combined TRACON& Tower with Radar,9,9,30,2,50,0,0,6,0,6,9,9,36,2,56,4,0,4,60
05/07/2022,FAY,NC,ASO,EN,Combined TRACON& Tower with Radar,13,4,4,0,21,0,0,9,0,9,13,4,13,0,30,18,0,18,48
05/08/2022,FAY,NC,ASO,EN,Combined TRACON& Tower with Radar,10,12,8,0,30,0,0,0,0,0,10,12,8,0,30,0,0,0,30
05/09/2022,FAY,NC,ASO,EN,Combined TRACON& Tower with Radar,10,12,14,8,44,0,0,22,0,22,10,12,36,8,66,32,2,34,100
05/10/2022,FAY,NC,ASO,EN,Combined TRACON& Tower with Radar,8,11,26,17,62,0,0,19,3,22,8,11,45,20,84,16,8,24,108
05/11/2022,FAY,NC,ASO,EN,Combined TRACON& Tower with Radar,10,6,8,1,25,0,0,15,1,16,10,6,23,2,41,10,6,16,57
05/12/2022,FAY,NC,ASO,EN,Combined TRACON& Tower with Radar,8,12,39,23,82,0,0,0,0,0,8,12,39,23,82,0,10,10,92
05/13/2022,FAY,NC,ASO,EN,Combined TRACON& Tower with Radar,9,10,17,15,51,0,0,0,0,0,9,10,17,15,51,6,6,12,63
05/14/2022,FAY,NC,ASO,EN,Combined TRACON& Tower with Radar,11,6,21,2,40,0,0,3,0,3,11,6,24,2,43,0,0,0,43
05/15/2022,FAY,NC,ASO,EN,Combined TRACON& Tower with Radar,10,10,14,0,34,0,2,32,0,34,10,12,46,0,68,58,0,58,126
05/16/2022,FAY,NC,ASO,EN,Combined TRACON& Tower with Radar,9,10,26,0,45,0,0,13,0,13,9,10,39,0,58,0,0,0,58
05/17/2022,FAY,NC,ASO,EN,Combined TRACON& Tower with Radar,9,9,21,5,44,0,0,52,2,54,9,9,73,7,98,30,10,40,138
05/18/2022,FAY,NC,ASO,EN,Combined TRACON& Tower with Radar,12,4,9,0,25,0,0,42,0,42,12,4,51,0,67,84,0,84,151
05/19/2022,FAY,NC,ASO,EN,Combined TRACON& Tower with Radar,10,10,9,10,39,0,0,11,1,12,10,10,20,11,51,4,0,4,55
05/20/2022,FAY,NC,ASO,EN,Combined TRACON& Tower with Radar,11,9,10,6,36,0,2,29,0,31,11,11,39,6,67,46,10,56,123
05/21/2022,FAY,NC,ASO,EN,Combined TRACON& Tower with Radar,11,6,3,2,22,0,0,27,0,27,11,6,30,2,49,32,0,32,81
05/22/2022,FAY,NC,ASO,EN,Combined TRACON& Tower with Radar,11,11,9,0,31,0,2,16,0,18,11,13,25,0,49,20,0,20,69
05/23/2022,FAY,NC,ASO,EN,Combined TRACON& Tower with Radar,9,10,19,10,48,0,0,6,0,6,9,10,25,10,54,20,2,22,76
05/24/2022,FAY,NC,ASO,EN,Combined TRACON& Tower with Radar,8,13,25,4,50,0,0,2,0,2,8,13,27,4,52,44,2,46,98
05/25/2022,FAY,NC,ASO,EN,Combined TRACON& Tower with Radar,10,8,57,18,93,0,0,14,2,16,10,8,71,20,109,48,20,68,177
05/26/2022,FAY,NC,ASO,EN,Combined TRACON& Tower with Radar,9,12,32,8,61,0,0,17,0,17,9,12,49,8,78,18,0,18,96
05/27/2022,FAY,NC,ASO,EN,Combined TRACON& Tower with Radar,10,10,10,0,30,0,0,0,0,0,10,10,10,0,30,0,0,0,30
05/28/2022,FAY,NC,ASO,EN,Combined TRACON& Tower with Radar,8,6,8,0,22,0,0,45,0,45,8,6,53,0,67,84,0,84,151
05/29/2022,FAY,NC,ASO,EN,Combined TRACON& Tower with Radar,9,6,19,0,34,0,2,33,0,35,9,8,52,0,69,100,0,100,169
05/30/2022,FAY,NC,ASO,EN,Combined TRACON& Tower with Radar,10,12,25,0,47,0,0,57,0,57,10,12,82,0,104,106,0,106,210
05/31/2022,FAY,NC,ASO,EN,Combined TRACON& Tower with Radar,8,8,10,1,27,0,1,27,1,29,8,9,37,2,56,42,0,42,98
06/01/2022,FAY,NC,ASO,EN,Combined TRACON& Tower with Radar,8,6,8,4,26,0,0,27,0,27,8,6,35,4,53,62,0,62,115
06/02/2022,FAY,NC,ASO,EN,Combined TRACON& Tower with Radar,11,13,11,5,40,0,0,24,0,24,11,13,35,5,64,30,6,36,100
06/03/2022,FAY,NC,ASO,EN,Combined TRACON& Tower with Radar,9,10,17,3,39,0,2,18,0,20,9,12,35,3,59,34,2,36,95
06/04/2022,FAY,NC,ASO,EN,Combined TRACON& Tower with Radar,9,11,14,0,34,0,0,24,0,24,9,11,38,0,58,32,0,32,90
06/05/2022,FAY,NC,ASO,EN,Combined TRACON& Tower with Radar,9,10,10,0,29,0,0,18,0,18,9,10,28,0,47,6,0,6,53
06/06/2022,FAY,NC,ASO,EN,Combined TRACON& Tower with Radar,12,8,14,4,38,0,0,27,0,27,12,8,41,4,65,42,0,42,107
06/07/2022,FAY,NC,ASO,EN,Combined TRACON& Tower with Radar,10,12,22,2,46,0,0,24,0,24,10,12,46,2,70,54,0,54,124
06/08/2022,FAY,NC,ASO,EN,Combined TRACON& Tower with Radar,10,8,13,2,33,0,0,13,0,13,10,8,26,2,46,12,0,12,58
06/09/2022,FAY,NC,ASO,EN,Combined TRACON& Tower with Radar,11,9,18,0,38,0,0,26,3,29,11,9,44,3,67,28,0,28,95
06/10/2022,FAY,NC,ASO,EN,Combined TRACON& Tower with Radar,12,11,16,3,42,0,0,16,1,17,12,11,32,4,59,74,0,74,133
06/11/2022,FAY,NC,ASO,EN,Combined TRACON& Tower with Radar,9,8,7,0,24,0,0,12,0,12,9,8,19,0,36,6,0,6,42
06/12/2022,FAY,NC,ASO,EN,Combined TRACON& Tower with Radar,11,8,10,0,29,0,0,3,0,3,11,8,13,0,32,20,0,20,52
06/13/2022,FAY,NC,ASO,EN,Combined TRACON& Tower with Radar,13,10,16,5,44,0,0,21,0,21,13,10,37,5,65,26,4,30,95
06/14/2022,FAY,NC,ASO,EN,Combined TRACON& Tower with Radar,10,11,26,9,56,0,0,26,0,26,10,11,52,9,82,60,0,60,142
06/15/2022,FAY,NC,ASO,EN,Combined TRACON& Tower with Radar,10,12,9,1,32,0,0,34,5,39,10,12,43,6,71,50,38,88,159
06/16/2022,FAY,NC,ASO,EN,Combined TRACON& Tower with Radar,11,6,19,2,38,0,0,21,2,23,11,6,40,4,61,18,6,24,85
06/17/2022,FAY,NC,ASO,EN,Combined TRACON& Tower with Radar,9,11,10,0,30,0,0,35,0,35,9,11,45,0,65,41,0,41,106
06/18/2022,FAY,NC,ASO,EN,Combined TRACON& Tower with Radar,8,8,5,0,21,0,0,12,0,12,8,8,17,0,33,14,0,14,47
06/19/2022,FAY,NC,ASO,EN,Combined TRACON& Tower with Radar,11,8,10,0,29,0,0,22,0,22,11,8,32,0,51,56,0,56,107
06/20/2022,FAY,NC,ASO,EN,Combined TRACON& Tower with Radar,11,12,26,0,49,0,0,37,1,38,11,12,63,1,87,22,0,22,109
06/21/2022,FAY,NC,ASO,EN,Combined TRACON& Tower with Radar,10,8,13,3,34,0,0,28,1,29,10,8,41,4,63,52,8,60,123
06/22/2022,FAY,NC,ASO,EN,Combined TRACON& Tower with Radar,10,8,18,0,36,0,0,22,1,23,10,8,40,1,59,34,2,36,95
06/23/2022,FAY,NC,ASO,EN,Combined TRACON& Tower with Radar,12,8,20,6,46,0,0,42,2,44,12,8,62,8,90,34,10,44,134
06/24/2022,FAY,NC,ASO,EN,Combined TRACON& Tower with Radar,12,7,6,7,32,0,0,24,1,25,12,7,30,8,57,22,8,30,87
06/25/2022,FAY,NC,ASO,EN,Combined TRACON& Tower with Radar,10,9,9,0,28,0,0,33,1,34,10,9,42,1,62,32,0,32,94
06/26/2022,FAY,NC,ASO,EN,Combined TRACON& Tower with Radar,12,8,23,0,43,0,0,33,0,33,12,8,56,0,76,24,0,24,100
06/27/2022,FAY,NC,ASO,EN,Combined TRACON& Tower with Radar,11,10,13,3,37,0,1,19,1,21,11,11,32,4,58,50,0,50,108
06/28/2022,FAY,NC,ASO,EN,Combined TRACON& Tower with Radar,13,8,22,7,50,0,0,29,1,30,13,8,51,8,80,38,8,46,126
06/29/2022,FAY,NC,ASO,EN,Combined TRACON& Tower with Radar,10,8,24,2,44,0,0,2,0,2,10,8,26,2,46,18,0,18,64
06/30/2022,FAY,NC,ASO,EN,Combined TRACON& Tower with Radar,12,8,18,6,44,0,0,19,1,20,12,8,37,7,64,62,0,62,126
07/01/2022,FAY,NC,ASO,EN,Combined TRACON& Tower with Radar,11,8,14,0,33,0,0,3,0,3,11,8,17,0,36,12,0,12,48
07/02/2022,FAY,NC,ASO,EN,Combined TRACON& Tower with Radar,9,6,9,0,24,0,0,4,0,4,9,6,13,0,28,18,0,18,46
07/03/2022,FAY,NC,ASO,EN,Combined TRACON& Tower with Radar,12,2,4,0,18,0,0,16,0,16,12,2,20,0,34,6,0,6,40
07/04/2022,FAY,NC,ASO,EN,Combined TRACON& Tower with Radar,12,8,6,0,26,0,0,4,0,4,12,8,10,0,30,0,0,0,30
07/05/2022,FAY,NC,ASO,EN,Combined TRACON& Tower with Radar,14,4,21,0,39,0,0,16,0,16,14,4,37,0,55,10,0,10,65
07/06/2022,FAY,NC,ASO,EN,Combined TRACON& Tower with Radar,11,6,15,3,35,0,0,25,1,26,11,6,40,4,61,64,0,64,125
07/07/2022,FAY,NC,ASO,EN,Combined TRACON& Tower with Radar,12,6,10,9,37,0,0,13,1,14,12,6,23,10,51,36,2,38,89
07/08/2022,FAY,NC,ASO,EN,Combined TRACON& Tower with Radar,10,3,16,1,30,0,0,12,0,12,10,3,28,1,42,28,0,28,70
07/09/2022,FAY,NC,ASO,EN,Combined TRACON& Tower with Radar,12,6,14,0,32,0,0,6,0,6,12,6,20,0,38,0,0,0,38
07/10/2022,FAY,NC,ASO,EN,Combined TRACON& Tower with Radar,15,7,8,0,30,0,0,0,0,0,15,7,8,0,30,0,0,0,30
07/11/2022,FAY,NC,ASO,EN,Combined TRACON& Tower with Radar,14,8,56,3,81,0,0,16,1,17,14,8,72,4,98,12,14,26,124
07/12/2022,FAY,NC,ASO,EN,Combined TRACON& Tower with Radar,12,4,21,0,37,0,0,40,1,41,12,4,61,1,78,38,0,38,116
07/13/2022,FAY,NC,ASO,EN,Combined TRACON& Tower with Radar,11,4,19,6,40,0,0,10,0,10,11,4,29,6,50,4,0,4,54
07/14/2022,FAY,NC,ASO,EN,Combined TRACON& Tower with Radar,15,8,28,8,59,0,0,5,0,5,15,8,33,8,64,0,0,0,64
07/15/2022,FAY,NC,ASO,EN,Combined TRACON& Tower with Radar,14,8,25,2,49,0,0,22,0,22,14,8,47,2,71,86,0,86,157
07/16/2022,FAY,NC,ASO,EN,Combined TRACON& Tower with Radar,14,4,21,0,39,0,0,27,0,27,14,4,48,0,66,10,0,10,76
07/17/2022,FAY,NC,ASO,EN,Combined TRACON& Tower with Radar,14,7,10,0,31,0,0,18,0,18,14,7,28,0,49,40,0,40,89
07/18/2022,FAY,NC,ASO,EN,Combined TRACON& Tower with Radar,14,9,42,0,65,0,0,13,0,13,14,9,55,0,78,14,0,14,92
07/19/2022,FAY,NC,ASO,EN,Combined TRACON& Tower with Radar,12,4,39,10,65,0,0,20,2,22,12,4,59,12,87,10,0,10,97
07/20/2022,FAY,NC,ASO,EN,Combined TRACON& Tower with Radar,12,6,13,6,37,0,0,29,2,31,12,6,42,8,68,54,0,54,122
07/21/2022,FAY,NC,ASO,EN,Combined TRACON& Tower with Radar,12,8,31,14,65,0,0,4,1,5,12,8,35,15,70,8,0,8,78
07/22/2022,FAY,NC,ASO,EN,Combined TRACON& Tower with Radar,13,6,19,0,38,0,0,17,0,17,13,6,36,0,55,30,0,30,85
07/23/2022,FAY,NC,ASO,EN,Combined TRACON& Tower with Radar,7,5,8,0,20,0,0,8,0,8,7,5,16,0,28,20,0,20,48
07/24/2022,FAY,NC,ASO,EN,Combined TRACON& Tower with Radar,12,6,7,0,25,0,0,16,0,16,12,6,23,0,41,53,0,53,94
07/25/2022,FAY,NC,ASO,EN,Combined TRACON& Tower with Radar,18,6,21,8,53,0,0,21,0,21,18,6,42,8,74,28,0,28,102
07/26/2022,FAY,NC,ASO,EN,Combined TRACON& Tower with Radar,12,6,18,2,38,0,0,25,2,27,12,6,43,4,65,58,0,58,123
07/27/2022,FAY,NC,ASO,EN,Combined TRACON& Tower with Radar,13,6,17,5,41,0,0,34,5,39,13,6,51,10,80,43,8,51,131
07/28/2022,FAY,NC,ASO,EN,Combined TRACON& Tower with Radar,14,6,23,3,46,0,3,43,0,46,14,9,66,3,92,44,0,44,136
07/29/2022,FAY,NC,ASO,EN,Combined TRACON& Tower with Radar,15,8,7,2,32,0,0,19,1,20,15,8,26,3,52,28,2,30,82
07/30/2022,FAY,NC,ASO,EN,Combined TRACON& Tower with Radar,10,8,7,0,25,0,0,15,0,15,10,8,22,0,40,14,0,14,54
07/31/2022,FAY,NC,ASO,EN,Combined TRACON& Tower with Radar,15,10,3,0,28,0,0,1,0,1,15,10,4,0,29,6,0,6,35
08/01/2022,FAY,NC,ASO,EN,Combined TRACON& Tower with Radar,14,6,18,0,38,0,0,29,0,29,14,6,47,0,67,66,0,66,133
08/02/2022,FAY,NC,ASO,EN,Combined TRACON& Tower with Radar,13,5,13,0,31,0,0,33,0,33,13,5,46,0,64,24,0,24,88
08/03/2022,FAY,NC,ASO,EN,Combined TRACON& Tower with Radar,12,9,19,4,44,0,0,26,0,26,12,9,45,4,70,32,0,32,102
08/04/2022,FAY,NC,ASO,EN,Combined TRACON& Tower with Radar,9,8,16,0,33,0,0,34,0,34,9,8,50,0,67,61,0,61,128
08/05/2022,FAY,NC,ASO,EN,Combined TRACON& Tower with Radar,12,10,15,2,39,0,0,28,1,29,12,10,43,3,68,54,0,54,122
08/06/2022,FAY,NC,ASO,EN,Combined TRACON& Tower with Radar,8,10,11,0,29,0,0,12,0,12,8,10,23,0,41,6,0,6,47
08/07/2022,FAY,NC,ASO,EN,Combined TRACON& Tower with Radar,13,14,10,0,37,0,0,21,0,21,13,14,31,0,58,24,0,24,82
08/08/2022,FAY,NC,ASO,EN,Combined TRACON& Tower with Radar,10,9,16,4,39,0,0,22,0,22,10,9,38,4,61,18,0,18,79
08/09/2022,FAY,NC,ASO,EN,Combined TRACON& Tower with Radar,10,9,4,0,23,0,0,29,0,29,10,9,33,0,52,52,0,52,104
08/10/2022,FAY,NC,ASO,EN,Combined TRACON& Tower with Radar,10,8,14,10,42,0,0,24,3,27,10,8,38,13,69,60,10,70,139
08/11/2022,FAY,NC,ASO,EN,Combined TRACON& Tower with Radar,8,8,4,0,20,0,0,9,0,9,8,8,13,0,29,40,0,40,69
08/12/2022,FAY,NC,ASO,EN,Combined TRACON& Tower with Radar,10,8,8,0,26,0,0,9,0,9,10,8,17,0,35,48,0,48,83
08/13/2022,FAY,NC,ASO,EN,Combined TRACON& Tower with Radar,8,8,14,0,30,0,0,34,0,34,8,8,48,0,64,44,0,44,108
08/14/2022,FAY,NC,ASO,EN,Combined TRACON& Tower with Radar,8,8,12,0,28,0,0,21,0,21,8,8,33,0,49,22,0,22,71
08/15/2022,FAY,NC,ASO,EN,Combined TRACON& Tower with Radar,8,10,12,2,32,0,0,21,0,21,8,10,33,2,53,4,0,4,57
08/16/2022,FAY,NC,ASO,EN,Combined TRACON& Tower with Radar,8,9,17,0,34,0,0,2,3,5,8,9,19,3,39,12,2,14,53
08/17/2022,FAY,NC,ASO,EN,Combined TRACON& Tower with Radar,10,10,13,2,35,0,0,34,5,39,10,10,47,7,74,82,0,82,156
08/18/2022,FAY,NC,ASO,EN,Combined TRACON& Tower with Radar,12,8,23,11,54,0,0,24,1,25,12,8,47,12,79,76,8,84,163
08/19/2022,FAY,NC,ASO,EN,Combined TRACON& Tower with Radar,10,9,11,0,30,0,0,10,0,10,10,9,21,0,40,0,0,0,40
08/20/2022,FAY,NC,ASO,EN,Combined TRACON& Tower with Radar,10,9,22,0,41,0,0,4,0,4,10,9,26,0,45,10,0,10,55
08/21/2022,FAY,NC,ASO,EN,Combined TRACON& Tower with Radar,12,9,5,0,26,0,0,8,0,8,12,9,13,0,34,10,0,10,44
08/22/2022,FAY,NC,ASO,EN,Combined TRACON& Tower with Radar,8,8,43,2,61,0,2,3,0,5,8,10,46,2,66,18,0,18,84
08/23/2022,FAY,NC,ASO,EN,Combined TRACON& Tower with Radar,10,8,22,2,42,0,0,23,0,23,10,8,45,2,65,68,0,68,133
08/24/2022,FAY,NC,ASO,EN,Combined TRACON& Tower with Radar,10,11,23,5,49,0,0,40,4,44,10,11,63,9,93,36,0,36,129
08/25/2022,FAY,NC,ASO,EN,Combined TRACON& Tower with Radar,10,9,22,4,45,0,0,20,1,21,10,9,42,5,66,0,0,0,66
08/26/2022,FAY,NC,ASO,EN,Combined TRACON& Tower with Radar,10,8,27,24,69,0,0,11,1,12,10,8,38,25,81,8,0,8,89
08/27/2022,FAY,NC,ASO,EN,Combined TRACON& Tower with Radar,10,8,12,2,32,0,2,24,1,27,10,10,36,3,59,14,0,14,73
08/28/2022,FAY,NC,ASO,EN,Combined TRACON& Tower with Radar,10,8,13,0,31,0,0,12,0,12,10,8,25,0,43,6,0,6,49
08/29/2022,FAY,NC,ASO,EN,Combined TRACON& Tower with Radar,9,10,25,2,46,0,0,13,1,14,9,10,38,3,60,30,0,30,90
08/30/2022,FAY,NC,ASO,EN,Combined TRACON& Tower with Radar,12,8,21,7,48,0,1,14,0,15,12,9,35,7,63,64,2,66,129
08/31/2022,FAY,NC,ASO,EN,Combined TRACON& Tower with Radar,13,11,20,13,57,0,1,19,2,22,13,12,39,15,79,66,10,76,155
09/01/2022,FAY,NC,ASO,EN,Combined TRACON& Tower with Radar,10,8,13,12,43,0,0,32,0,32,10,8,45,12,75,18,0,18,93
09/02/2022,FAY,NC,ASO,EN,Combined TRACON& Tower with Radar,12,8,20,2,42,0,0,49,1,50,12,8,69,3,92,53,0,53,145
09/03/2022,FAY,NC,ASO,EN,Combined TRACON& Tower with Radar,7,10,11,2,30,0,2,24,0,26,7,12,35,2,56,40,0,40,96
09/04/2022,FAY,NC,ASO,EN,Combined TRACON& Tower with Radar,9,8,6,0,23,0,0,18,0,18,9,8,24,0,41,24,0,24,65
09/05/2022,FAY,NC,ASO,EN,Combined TRACON& Tower with Radar,12,8,12,0,32,0,0,13,0,13,12,8,25,0,45,25,0,25,70
09/06/2022,FAY,NC,ASO,EN,Combined TRACON& Tower with Radar,10,9,22,8,49,0,0,15,0,15,10,9,37,8,64,20,0,20,84
09/07/2022,FAY,NC,ASO,EN,Combined TRACON& Tower with Radar,6,13,27,7,53,0,0,13,2,15,6,13,40,9,68,40,2,42,110
09/08/2022,FAY,NC,ASO,EN,Combined TRACON& Tower with Radar,6,12,36,11,65,0,0,12,0,12,6,12,48,11,77,10,8,18,95
09/09/2022,FAY,NC,ASO,EN,Combined TRACON& Tower with Radar,5,11,9,4,29,0,0,22,0,22,5,11,31,4,51,84,0,84,135
09/10/2022,FAY,NC,ASO,EN,Combined TRACON& Tower with Radar,7,6,22,0,35,0,0,0,0,0,7,6,22,0,35,0,0,0,35
09/11/2022,FAY,NC,ASO,EN,Combined TRACON& Tower with Radar,6,10,13,0,29,0,0,4,0,4,6,10,17,0,33,18,0,18,51
09/12/2022,FAY,NC,ASO,EN,Combined TRACON& Tower with Radar,8,8,18,21,55,0,0,9,1,10,8,8,27,22,65,6,8,14,79
09/13/2022,FAY,NC,ASO,EN,Combined TRACON& Tower with Radar,8,6,8,8,30,0,0,11,0,11,8,6,19,8,41,36,2,38,79
09/14/2022,FAY,NC,ASO,EN,Combined TRACON& Tower with Radar,8,10,24,15,57,0,0,26,4,30,8,10,50,19,87,34,22,56,143
09/15/2022,FAY,NC,ASO,EN,Combined TRACON& Tower with Radar,10,9,26,1,46,0,0,22,1,23,10,9,48,2,69,32,8,40,109
09/16/2022,FAY,NC,ASO,EN,Combined TRACON& Tower with Radar,8,11,21,4,44,0,0,24,0,24,8,11,45,4,68,24,0,24,92
09/17/2022,FAY,NC,ASO,EN,Combined TRACON& Tower with Radar,6,8,14,0,28,0,0,26,0,26,6,8,40,0,54,20,0,20,74
09/18/2022,FAY,NC,ASO,EN,Combined TRACON& Tower with Radar,10,8,13,0,31,0,0,13,0,13,10,8,26,0,44,76,0,76,120
09/19/2022,FAY,NC,ASO,EN,Combined TRACON& Tower with Radar,8,8,20,0,36,0,2,26,1,29,8,10,46,1,65,95,0,95,160
09/20/2022,FAY,NC,ASO,EN,Combined TRACON& Tower with Radar,8,6,15,9,38,0,0,33,4,37,8,6,48,13,75,50,12,62,137
09/21/2022,FAY,NC,ASO,EN,Combined TRACON& Tower with Radar,7,16,25,13,61,0,11,45,9,65,7,27,70,22,126,86,4,90,216
09/22/2022,FAY,NC,ASO,EN,Combined TRACON& Tower with Radar,10,13,15,7,45,0,0,27,1,28,10,13,42,8,73,0,0,0,73
09/23/2022,FAY,NC,ASO,EN,Combined TRACON& Tower with Radar,9,8,16,2,35,0,0,36,0,36,9,8,52,2,71,40,0,40,111
09/24/2022,FAY,NC,ASO,EN,Combined TRACON& Tower with Radar,6,8,7,8,29,0,0,32,2,34,6,8,39,10,63,50,4,54,117
09/25/2022,FAY,NC,ASO,EN,Combined TRACON& Tower with Radar,7,8,11,1,27,0,0,8,0,8,7,8,19,1,35,0,0,0,35
09/26/2022,FAY,NC,ASO,EN,Combined TRACON& Tower with Radar,9,9,9,5,32,0,2,26,1,29,9,11,35,6,61,86,0,86,147
09/27/2022,FAY,NC,ASO,EN,Combined TRACON& Tower with Radar,8,7,11,12,38,0,0,23,2,25,8,7,34,14,63,38,16,54,117
09/28/2022,FAY,NC,ASO,EN,Combined TRACON& Tower with Radar,8,6,24,18,56,0,0,32,0,32,8,6,56,18,88,79,0,79,167
09/29/2022,FAY,NC,ASO,EN,Combined TRACON& Tower with Radar,10,8,8,9,35,0,1,1,0,2,10,9,9,9,37,0,0,0,37
09/30/2022,FAY,NC,ASO,EN,Combined TRACON& Tower with Radar,5,1,0,0,6,0,1,0,0,1,5,2,0,0,7,0,0,0,7
10/01/2022,FAY,NC,ASO,EN,Combined TRACON& Tower with Radar,5,9,8,0,22,0,0,3,0,3,5,9,11,0,25,0,0,0,25
10/02/2022,FAY,NC,ASO,EN,Combined TRACON& Tower with Radar,8,8,6,0,22,0,0,9,0,9,8,8,15,0,31,48,0,48,79
10/03/2022,FAY,NC,ASO,EN,Combined TRACON& Tower with Radar,8,12,43,6,69,0,0,2,0,2,8,12,45,6,71,0,0,0,71
10/04/2022,FAY,NC,ASO,EN,Combined TRACON& Tower with Radar,8,8,13,9,38,0,0,34,1,35,8,8,47,10,73,50,8,58,131
10/05/2022,FAY,NC,ASO,EN,Combined TRACON& Tower with Radar,8,6,28,11,53,0,0,29,2,31,8,6,57,13,84,36,8,44,128
10/06/2022,FAY,NC,ASO,EN,Combined TRACON& Tower with Radar,8,12,31,8,59,0,0,34,1,35,8,12,65,9,94,70,0,70,164
10/07/2022,FAY,NC,ASO,EN,Combined TRACON& Tower with Radar,8,14,15,2,39,0,0,46,0,46,8,14,61,2,85,74,0,74,159
10/08/2022,FAY,NC,ASO,EN,Combined TRACON& Tower with Radar,8,8,7,0,23,0,0,23,0,23,8,8,30,0,46,59,0,59,105
10/09/2022,FAY,NC,ASO,EN,Combined TRACON& Tower with Radar,8,11,13,0,32,0,1,22,0,23,8,12,35,0,55,69,0,69,124
10/10/2022,FAY,NC,ASO,EN,Combined TRACON& Tower with Radar,8,9,23,0,40,0,0,27,0,27,8,9,50,0,67,100,0,100,167
10/11/2022,FAY,NC,ASO,EN,Combined TRACON& Tower with Radar,8,9,31,6,54,0,1,31,2,34,8,10,62,8,88,20,12,32,120
10/12/2022,FAY,NC,ASO,EN,Combined TRACON& Tower with Radar,8,8,15,6,37,0,0,20,6,26,8,8,35,12,63,42,12,54,117
10/13/2022,FAY,NC,ASO,EN,Combined TRACON& Tower with Radar,8,8,29,12,57,0,0,13,0,13,8,8,42,12,70,56,0,56,126
10/14/2022,FAY,NC,ASO,EN,Combined TRACON& Tower with Radar,8,10,17,4,39,0,2,24,0,26,8,12,41,4,65,72,0,72,137
10/15/2022,FAY,NC,ASO,EN,Combined TRACON& Tower with Radar,8,8,10,0,26,0,2,31,0,33,8,10,41,0,59,57,0,57,116
10/16/2022,FAY,NC,ASO,EN,Combined TRACON& Tower with Radar,11,10,15,1,37,0,2,18,0,20,11,12,33,1,57,45,0,45,102
10/17/2022,FAY,NC,ASO,EN,Combined TRACON& Tower with Radar,9,8,11,3,31,0,0,17,2,19,9,8,28,5,50,14,2,16,66
10/18/2022,FAY,NC,ASO,EN,Combined TRACON& Tower with Radar,8,8,12,4,32,0,3,15,2,20,8,11,27,6,52,48,4,52,104
10/19/2022,FAY,NC,ASO,EN,Combined TRACON& Tower with Radar,8,8,19,17,52,0,0,28,3,31,8,8,47,20,83,20,34,54,137
10/20/2022,FAY,NC,ASO,EN,Combined TRACON& Tower with Radar,10,8,16,5,39,0,2,33,0,35,10,10,49,5,74,58,0,58,132
10/21/2022,FAY,NC,ASO,EN,Combined TRACON& Tower with Radar,8,8,12,2,30,0,0,48,1,49,8,8,60,3,79,54,0,54,133
10/22/2022,FAY,NC,ASO,EN,Combined TRACON& Tower with Radar,8,8,15,0,31,0,2,29,0,31,8,10,44,0,62,36,0,36,98
10/23/2022,FAY,NC,ASO,EN,Combined TRACON& Tower with Radar,10,8,16,0,34,0,0,14,0,14,10,8,30,0,48,18,0,18,66
10/24/2022,FAY,NC,ASO,EN,Combined TRACON& Tower with Radar,8,9,21,35,73,0,0,19,4,23,8,9,40,39,96,82,26,108,204
10/25/2022,FAY,NC,ASO,EN,Combined TRACON& Tower with Radar,8,7,32,18,65,0,0,21,5,26,8,7,53,23,91,44,20,64,155
10/26/2022,FAY,NC,ASO,EN,Combined TRACON& Tower with Radar,8,8,33,8,57,0,0,4,2,6,8,8,37,10,63,34,10,44,107
10/27/2022,FAY,NC,ASO,EN,Combined TRACON& Tower with Radar,8,8,21,11,48,0,0,15,1,16,8,8,36,12,64,68,16,84,148
10/28/2022,FAY,NC,ASO,EN,Combined TRACON& Tower with Radar,7,7,17,12,43,0,0,26,1,27,7,7,43,13,70,32,16,48,118
10/29/2022,FAY,NC,ASO,EN,Combined TRACON& Tower with Radar,9,7,22,0,38,0,0,2,0,2,9,7,24,0,40,0,0,0,40
10/30/2022,FAY,NC,ASO,EN,Combined TRACON& Tower with Radar,8,8,13,1,30,0,0,19,0,19,8,8,32,1,49,54,0,54,103
10/31/2022,FAY,NC,ASO,EN,Combined TRACON& Tower with Radar,8,11,14,22,55,0,0,21,1,22,8,11,35,23,77,24,12,36,113
11/01/2022,FAY,NC,ASO,EN,Combined TRACON& Tower with Radar,8,10,33,0,51,0,0,8,0,8,8,10,41,0,59,52,0,52,111
11/02/2022,FAY,NC,ASO,EN,Combined TRACON& Tower with Radar,8,8,11,3,30,0,0,16,0,16,8,8,27,3,46,6,0,6,52
11/03/2022,FAY,NC,ASO,EN,Combined TRACON& Tower with Radar,10,5,14,5,34,0,2,19,1,22,10,7,33,6,56,12,4,16,72
11/04/2022,FAY,NC,ASO,EN,Combined TRACON& Tower with Radar,8,4,27,8,47,0,0,24,4,28,8,4,51,12,75,42,4,46,121
11/05/2022,FAY,NC,ASO,EN,Combined TRACON& Tower with Radar,10,5,16,0,31,0,3,23,0,26,10,8,39,0,57,36,0,36,93
11/06/2022,FAY,NC,ASO,EN,Combined TRACON& Tower with Radar,10,4,5,0,19,0,0,17,0,17,10,4,22,0,36,59,0,59,95
11/07/2022,FAY,NC,ASO,EN,Combined TRACON& Tower with Radar,10,4,13,0,27,0,1,26,0,27,10,5,39,0,54,38,0,38,92
11/08/2022,FAY,NC,ASO,EN,Combined TRACON& Tower with Radar,10,4,11,10,35,0,0,6,1,7,10,4,17,11,42,0,0,0,42
11/09/2022,FAY,NC,ASO,EN,Combined TRACON& Tower with Radar,10,5,9,13,37,0,1,5,0,6,10,6,14,13,43,8,4,12,55
11/10/2022,FAY,NC,ASO,EN,Combined TRACON& Tower with Radar,10,4,14,15,43,0,1,0,2,3,10,5,14,17,46,0,40,40,86
11/11/2022,FAY,NC,ASO,EN,Combined TRACON& Tower with Radar,10,7,5,0,22,0,0,0,0,0,10,7,5,0,22,0,0,0,22
11/12/2022,FAY,NC,ASO,EN,Combined TRACON& Tower with Radar,10,5,5,0,20,0,1,6,0,7,10,6,11,0,27,52,0,52,79
11/13/2022,FAY,NC,ASO,EN,Combined TRACON& Tower with Radar,10,4,8,0,22,0,0,10,0,10,10,4,18,0,32,12,0,12,44
11/14/2022,FAY,NC,ASO,EN,Combined TRACON& Tower with Radar,10,4,30,2,46,0,1,32,0,33,10,5,62,2,79,57,0,57,136
11/15/2022,FAY,NC,ASO,EN,Combined TRACON& Tower with Radar,10,16,21,11,58,0,0,1,0,1,10,16,22,11,59,0,0,0,59
11/16/2022,FAY,NC,ASO,EN,Combined TRACON& Tower with Radar,10,6,17,11,44,0,1,28,1,30,10,7,45,12,74,107,0,107,181
11/17/2022,FAY,NC,ASO,EN,Combined TRACON& Tower with Radar,10,4,18,11,43,0,0,23,3,26,10,4,41,14,69,4,12,16,85
11/18/2022,FAY,NC,ASO,EN,Combined TRACON& Tower with Radar,12,6,13,6,37,0,2,26,0,28,12,8,39,6,65,46,0,46,111
11/19/2022,FAY,NC,ASO,EN,Combined TRACON& Tower with Radar,11,4,21,7,43,0,0,25,1,26,11,4,46,8,69,68,0,68,137
11/20/2022,FAY,NC,ASO,EN,Combined TRACON& Tower with Radar,11,4,8,2,25,0,1,15,0,16,11,5,23,2,41,49,0,49,90
11/21/2022,FAY,NC,ASO,EN,Combined TRACON& Tower with Radar,10,8,14,4,36,0,0,21,1,22,10,8,35,5,58,34,6,40,98
11/22/2022,FAY,NC,ASO,EN,Combined TRACON& Tower with Radar,10,5,13,14,42,0,0,22,0,22,10,5,35,14,64,25,0,25,89
11/23/2022,FAY,NC,ASO,EN,Combined TRACON& Tower with Radar,10,7,19,8,44,0,0,32,2,34,10,7,51,10,78,33,6,39,117
11/24/2022,FAY,NC,ASO,EN,Combined TRACON& Tower with Radar,6,2,11,0,19,0,0,1,0,1,6,2,12,0,20,2,0,2,22
11/25/2022,FAY,NC,ASO,EN,Combined TRACON& Tower with Radar,12,6,8,0,26,0,0,2,0,2,12,6,10,0,28,14,0,14,42
11/26/2022,FAY,NC,ASO,EN,Combined TRACON& Tower with Radar,10,6,8,0,24,0,0,15,0,15,10,6,23,0,39,22,0,22,61
11/27/2022,FAY,NC,ASO,EN,Combined TRACON& Tower with Radar,10,9,4,0,23,0,0,0,0,0,10,9,4,0,23,0,0,0,23
11/28/2022,FAY,NC,ASO,EN,Combined TRACON& Tower with Radar,9,11,13,5,38,0,0,26,5,31,9,11,39,10,69,20,18,38,107
11/29/2022,FAY,NC,ASO,EN,Combined TRACON& Tower with Radar,12,7,24,6,49,0,0,41,0,41,12,7,65,6,90,15,0,15,105
11/30/2022,FAY,NC,ASO,EN,Combined TRACON& Tower with Radar,10,4,3,0,17,0,0,2,0,2,10,4,5,0,19,0,0,0,19
12/01/2022,FAY,NC,ASO,EN,Combined TRACON& Tower with Radar,10,4,21,13,48,0,0,21,2,23,10,4,42,15,71,26,16,42,113
12/02/2022,FAY,NC,ASO,EN,Combined TRACON& Tower with Radar,10,4,25,10,49,0,0,24,3,27,10,4,49,13,76,28,20,48,124
12/03/2022,FAY,NC,ASO,EN,Combined TRACON& Tower with Radar,12,4,9,0,25,0,0,10,0,10,12,4,19,0,35,26,0,26,61
12/04/2022,FAY,NC,ASO,EN,Combined TRACON& Tower with Radar,10,4,15,0,29,0,0,25,0,25,10,4,40,0,54,34,0,34,88
12/05/2022,FAY,NC,ASO,EN,Combined TRACON& Tower with Radar,10,5,20,19,54,0,1,34,1,36,10,6,54,20,90,12,40,52,142
12/06/2022,FAY,NC,ASO,EN,Combined TRACON& Tower with Radar,10,5,40,6,61,0,0,6,0,6,10,5,46,6,67,22,2,24,91
12/07/2022,FAY,NC,ASO,EN,Combined TRACON& Tower with Radar,12,4,24,3,43,0,0,6,2,8,12,4,30,5,51,12,18,30,81
12/08/2022,FAY,NC,ASO,EN,Combined TRACON& Tower with Radar,10,4,31,5,50,0,0,14,1,15,10,4,45,6,65,26,4,30,95
12/09/2022,FAY,NC,ASO,EN,Combined TRACON& Tower with Radar,10,8,22,11,51,0,1,25,1,27,10,9,47,12,78,62,22,84,162
12/10/2022,FAY,NC,ASO,EN,Combined TRACON& Tower with Radar,10,5,20,0,35,0,0,25,0,25,10,5,45,0,60,42,0,42,102
12/11/2022,FAY,NC,ASO,EN,Combined TRACON& Tower with Radar,10,7,23,0,40,0,0,23,0,23,10,7,46,0,63,72,0,72,135
12/12/2022,FAY,NC,ASO,EN,Combined TRACON& Tower with Radar,10,4,20,9,43,0,0,27,2,29,10,4,47,11,72,44,6,50,122
12/13/2022,FAY,NC,ASO,EN,Combined TRACON& Tower with Radar,10,5,17,8,40,0,0,27,3,30,10,5,44,11,70,52,8,60,130
12/14/2022,FAY,NC,ASO,EN,Combined TRACON& Tower with Radar,10,8,25,5,48,0,0,18,4,22,10,8,43,9,70,42,6,48,118
12/15/2022,FAY,NC,ASO,EN,Combined TRACON& Tower with Radar,7,7,5,4,23,0,0,0,0,0,7,7,5,4,23,0,0,0,23
12/16/2022,FAY,NC,ASO,EN,Combined TRACON& Tower with Radar,6,8,9,0,23,0,0,27,0,27,6,8,36,0,50,22,0,22,72
12/17/2022,FAY,NC,ASO,EN,Combined TRACON& Tower with Radar,6,9,11,0,26,0,2,26,0,28,6,11,37,0,54,58,0,58,112
12/18/2022,FAY,NC,ASO,EN,Combined TRACON& Tower with Radar,6,13,7,0,26,0,0,28,0,28,6,13,35,0,54,40,0,40,94
12/19/2022,FAY,NC,ASO,EN,Combined TRACON& Tower with Radar,6,8,7,8,29,0,0,26,1,27,6,8,33,9,56,6,18,24,80
12/20/2022,FAY,NC,ASO,EN,Combined TRACON& Tower with Radar,6,7,12,13,38,0,1,15,0,16,6,8,27,13,54,15,18,33,87
12/21/2022,FAY,NC,ASO,EN,Combined TRACON& Tower with Radar,6,12,10,17,45,0,0,6,3,9,6,12,16,20,54,6,38,44,98
12/22/2022,FAY,NC,ASO,EN,Combined TRACON& Tower with Radar,6,13,1,2,22,0,0,0,0,0,6,13,1,2,22,0,0,0,22
12/23/2022,FAY,NC,ASO,EN,Combined TRACON& Tower with Radar,6,16,2,0,24,0,0,0,0,0,6,16,2,0,24,0,0,0,24
12/24/2022,FAY,NC,ASO,EN,Combined TRACON& Tower with Radar,4,8,7,0,19,0,0,0,0,0,4,8,7,0,19,0,0,0,19
12/25/2022,FAY,NC,ASO,EN,Combined TRACON& Tower with Radar,5,6,3,0,14,0,0,0,0,0,5,6,3,0,14,0,0,0,14
12/26/2022,FAY,NC,ASO,EN,Combined TRACON& Tower with Radar,7,8,12,0,27,0,0,9,3,12,7,8,21,3,39,6,0,6,45
12/27/2022,FAY,NC,ASO,EN,Combined TRACON& Tower with Radar,6,10,21,2,39,0,0,20,2,22,6,10,41,4,61,56,0,56,117
12/28/2022,FAY,NC,ASO,EN,Combined TRACON& Tower with Radar,6,8,19,3,36,0,0,22,1,23,6,8,41,4,59,42,0,42,101
12/29/2022,FAY,NC,ASO,EN,Combined TRACON& Tower with Radar,6,10,22,0,38,0,0,34,0,34,6,10,56,0,72,70,0,70,142
12/30/2022,FAY,NC,ASO,EN,Combined TRACON& Tower with Radar,6,10,19,0,35,0,0,27,0,27,6,10,46,0,62,36,0,36,98
12/31/2022,FAY,NC,ASO,EN,Combined TRACON& Tower with Radar,6,7,0,0,13,0,0,0,0,0,6,7,0,0,13,0,0,0,13
01/01/2023,FAY,NC,ASO,EN,Combined TRACON& Tower with Radar,6,9,2,0,17,0,0,12,0,12,6,9,14,0,29,28,0,28,57
01/02/2023,FAY,NC,ASO,EN,Combined TRACON& Tower with Radar,6,10,11,0,27,0,0,7,0,7,6,10,18,0,34,0,0,0,34
01/03/2023,FAY,NC,ASO,EN,Combined TRACON& Tower with Radar,6,8,17,5,36,0,2,20,2,24,6,10,37,7,60,38,14,52,112
01/04/2023,FAY,NC,ASO,EN,Combined TRACON& Tower with Radar,6,8,7,1,22,0,0,0,3,3,6,8,7,4,25,0,0,0,25
01/05/2023,FAY,NC,ASO,EN,Combined TRACON& Tower with Radar,6,14,13,4,37,0,0,33,0,33,6,14,46,4,70,62,0,62,132
01/06/2023,FAY,NC,ASO,EN,Combined TRACON& Tower with Radar,6,6,12,2,26,0,0,20,0,20,6,6,32,2,46,18,0,18,64
01/07/2023,FAY,NC,ASO,EN,Combined TRACON& Tower with Radar,6,8,16,0,30,0,0,52,0,52,6,8,68,0,82,32,0,32,114
01/08/2023,FAY,NC,ASO,EN,Combined TRACON& Tower with Radar,6,8,8,0,22,0,0,15,0,15,6,8,23,0,37,32,0,32,69
01/09/2023,FAY,NC,ASO,EN,Combined TRACON& Tower with Radar,8,8,13,15,44,0,2,9,3,14,8,10,22,18,58,37,14,51,109
01/10/2023,FAY,NC,ASO,EN,Combined TRACON& Tower with Radar,8,8,16,3,35,0,4,23,5,32,8,12,39,8,67,48,20,68,135
01/11/2023,FAY,NC,ASO,EN,Combined TRACON& Tower with Radar,8,6,16,6,36,0,4,27,2,33,8,10,43,8,69,16,10,26,95
01/12/2023,FAY,NC,ASO,EN,Combined TRACON& Tower with Radar,7,7,22,10,46,0,0,8,0,8,7,7,30,10,54,0,0,0,54
01/13/2023,FAY,NC,ASO,EN,Combined TRACON& Tower with Radar,7,11,21,0,39,0,0,10,0,10,7,11,31,0,49,0,0,0,49
01/14/2023,FAY,NC,ASO,EN,Combined TRACON& Tower with Radar,8,6,11,0,25,0,1,22,0,23,8,7,33,0,48,6,0,6,54
01/15/2023,FAY,NC,ASO,EN,Combined TRACON& Tower with Radar,6,6,15,0,27,0,6,17,0,23,6,12,32,0,50,20,0,20,70
01/16/2023,FAY,NC,ASO,EN,Combined TRACON& Tower with Radar,8,8,25,2,43,0,2,34,0,36,8,10,59,2,79,10,0,10,89
01/17/2023,FAY,NC,ASO,EN,Combined TRACON& Tower with Radar,8,6,8,7,29,0,0,9,0,9,8,6,17,7,38,0,0,0,38
01/18/2023,FAY,NC,ASO,EN,Combined TRACON& Tower with Radar,8,9,38,14,69,0,4,35,2,41,8,13,73,16,110,62,0,62,172
01/19/2023,FAY,NC,ASO,EN,Combined TRACON& Tower with Radar,5,10,6,16,37,0,0,10,2,12,5,10,16,18,49,52,24,76,125
01/20/2023,FAY,NC,ASO,EN,Combined TRACON& Tower with Radar,7,9,16,22,54,0,0,40,3,43,7,9,56,25,97,58,24,82,179
01/21/2023,FAY,NC,ASO,EN,Combined TRACON& Tower with Radar,8,8,24,0,40,0,4,36,0,40,8,12,60,0,80,52,0,52,132
01/22/2023,FAY,NC,ASO,EN,Combined TRACON& Tower with Radar,6,7,6,0,19,0,0,0,0,0,6,7,6,0,19,0,0,0,19
01/23/2023,FAY,NC,ASO,EN,Combined TRACON& Tower with Radar,7,14,23,15,59,0,0,13,2,15,7,14,36,17,74,36,28,64,138
01/24/2023,FAY,NC,ASO,EN,Combined TRACON& Tower with Radar,8,8,20,0,36,0,2,41,0,43,8,10,61,0,79,156,0,156,235
01/25/2023,FAY,NC,ASO,EN,Combined TRACON& Tower with Radar,8,6,8,6,28,0,0,1,0,1,8,6,9,6,29,0,0,0,29
01/26/2023,FAY,NC,ASO,EN,Combined TRACON& Tower with Radar,8,8,14,0,30,0,2,34,0,36,8,10,48,0,66,84,2,86,152
01/27/2023,FAY,NC,ASO,EN,Combined TRACON& Tower with Radar,6,8,21,10,45,0,5,54,4,63,6,13,75,14,108,68,14,82,190
01/28/2023,FAY,NC,ASO,EN,Combined TRACON& Tower with Radar,8,6,19,0,33,0,0,41,0,41,8,6,60,0,74,56,0,56,130
01/29/2023,FAY,NC,ASO,EN,Combined TRACON& Tower with Radar,8,9,19,0,36,0,0,16,0,16,8,9,35,0,52,84,0,84,136
01/30/2023,FAY,NC,ASO,EN,Combined TRACON& Tower with Radar,7,8,13,6,34,0,0,0,0,0,7,8,13,6,34,0,0,0,34
01/31/2023,FAY,NC,ASO,EN,Combined TRACON& Tower with Radar,7,4,20,0,31,0,0,0,0,0,7,4,20,0,31,0,0,0,31
02/01/2023,FAY,NC,ASO,EN,Combined TRACON& Tower with Radar,6,8,42,10,66,0,0,1,0,1,6,8,43,10,67,0,12,12,79
02/02/2023,FAY,NC,ASO,EN,Combined TRACON& Tower with Radar,6,8,12,20,46,0,0,0,0,0,6,8,12,20,46,0,0,0,46
02/03/2023,FAY,NC,ASO,EN,Combined TRACON& Tower with Radar,6,8,11,7,32,0,0,21,3,24,6,8,32,10,56,64,9,73,129
02/04/2023,FAY,NC,ASO,EN,Combined TRACON& Tower with Radar,6,12,9,0,27,0,4,31,0,35,6,16,40,0,62,42,0,42,104
02/05/2023,FAY,NC,ASO,EN,Combined TRACON& Tower with Radar,5,7,2,0,14,0,0,4,0,4,5,7,6,0,18,12,0,12,30
02/06/2023,FAY,NC,ASO,EN,Combined TRACON& Tower with Radar,7,10,18,3,38,0,1,31,1,33,7,11,49,4,71,18,0,18,89
02/07/2023,FAY,NC,ASO,EN,Combined TRACON& Tower with Radar,6,8,22,4,40,0,7,45,4,56,6,15,67,8,96,46,36,82,178
02/08/2023,FAY,NC,ASO,EN,Combined TRACON& Tower with Radar,6,8,17,5,36,0,0,48,2,50,6,8,65,7,86,44,4,48,134
02/09/2023,FAY,NC,ASO,EN,Combined TRACON& Tower with Radar,8,8,18,7,41,0,0,35,1,36,8,8,53,8,77,16,12,28,105
02/10/2023,FAY,NC,ASO,EN,Combined TRACON& Tower with Radar,6,9,21,3,39,0,0,24,1,25,6,9,45,4,64,46,0,46,110
02/11/2023,FAY,NC,ASO,EN,Combined TRACON& Tower with Radar,6,10,18,0,34,0,0,21,0,21,6,10,39,0,55,26,0,26,81
02/12/2023,FAY,NC,ASO,EN,Combined TRACON& Tower with Radar,6,8,5,0,19,0,0,0,0,0,6,8,5,0,19,0,0,0,19
02/13/2023,FAY,NC,ASO,EN,Combined TRACON& Tower with Radar,6,9,10,14,39,0,1,29,2,32,6,10,39,16,71,52,26,78,149
02/14/2023,FAY,NC,ASO,EN,Combined TRACON& Tower with Radar,6,11,23,9,49,0,0,39,1,40,6,11,62,10,89,42,4,46,135
02/15/2023,FAY,NC,ASO,EN,Combined TRACON& Tower with Radar,6,12,13,19,50,0,0,35,0,35,6,12,48,19,85,68,8,76,161
02/16/2023,FAY,NC,ASO,EN,Combined TRACON& Tower with Radar,6,9,19,15,49,0,0,12,0,12,6,9,31,15,61,52,0,52,113
02/17/2023,FAY,NC,ASO,EN,Combined TRACON& Tower with Radar,5,10,11,5,31,0,0,3,1,4,5,10,14,6,35,0,0,0,35
02/18/2023,FAY,NC,ASO,EN,Combined TRACON& Tower with Radar,6,10,8,0,24,0,2,44,0,46,6,12,52,0,70,68,0,68,138
02/19/2023,FAY,NC,ASO,EN,Combined TRACON& Tower with Radar,6,8,14,1,29,0,0,29,0,29,6,8,43,1,58,14,0,14,72
02/20/2023,FAY,NC,ASO,EN,Combined TRACON& Tower with Radar,6,8,17,4,35,0,0,25,0,25,6,8,42,4,60,44,0,44,104
02/21/2023,FAY,NC,ASO,EN,Combined TRACON& Tower with Radar,6,8,17,8,39,0,2,24,2,28,6,10,41,10,67,30,14,44,111
02/22/2023,FAY,NC,ASO,EN,Combined TRACON& Tower with Radar,6,10,16,15,47,0,0,20,3,23,6,10,36,18,70,18,16,34,104
02/23/2023,FAY,NC,ASO,EN,Combined TRACON& Tower with Radar,7,8,11,13,39,0,0,15,2,17,7,8,26,15,56,6,14,20,76
02/24/2023,FAY,NC,ASO,EN,Combined TRACON& Tower with Radar,7,8,23,8,46,0,0,32,0,32,7,8,55,8,78,42,8,50,128
02/25/2023,FAY,NC,ASO,EN,Combined TRACON& Tower with Radar,6,12,13,1,32,0,0,0,0,0,6,12,13,1,32,0,0,0,32
02/26/2023,FAY,NC,ASO,EN,Combined TRACON& Tower with Radar,6,8,42,7,63,0,0,0,0,0,6,8,42,7,63,0,0,0,63
02/27/2023,FAY,NC,ASO,EN,Combined TRACON& Tower with Radar,8,8,21,18,55,0,0,23,2,25,8,8,44,20,80,32,46,78,158
02/28/2023,FAY,NC,ASO,EN,Combined TRACON& Tower with Radar,6,10,19,6,41,0,0,49,3,52,6,10,68,9,93,78,2,80,173
03/01/2023,FAY,NC,ASO,EN,Combined TRACON& Tower with Radar,6,8,22,5,41,0,2,43,2,47,6,10,65,7,88,66,24,90,178
03/02/2023,FAY,NC,ASO,EN,Combined TRACON& Tower with Radar,6,12,29,6,53,0,0,27,3,30,6,12,56,9,83,62,10,72,155
03/03/2023,FAY,NC,ASO,EN,Combined TRACON& Tower with Radar,5,13,15,12,45,0,0,17,0,17,5,13,32,12,62,24,2,26,88
03/04/2023,FAY,NC,ASO,EN,Combined TRACON& Tower with Radar,7,13,15,0,35,0,2,34,0,36,7,15,49,0,71,55,0,55,126
03/05/2023,FAY,NC,ASO,EN,Combined TRACON& Tower with Radar,6,8,11,1,26,0,0,39,1,40,6,8,50,2,66,70,0,70,136
03/06/2023,FAY,NC,ASO,EN,Combined TRACON& Tower with Radar,6,9,21,12,48,0,0,22,0,22,6,9,43,12,70,80,10,90,160
03/07/2023,FAY,NC,ASO,EN,Combined TRACON& Tower with Radar,6,8,23,8,45,0,0,25,2,27,6,8,48,10,72,22,0,22,94
03/08/2023,FAY,NC,ASO,EN,Combined TRACON& Tower with Radar,6,10,13,5,34,0,0,35,3,38,6,10,48,8,72,59,8,67,139
03/09/2023,FAY,NC,ASO,EN,Combined TRACON& Tower with Radar,5,8,22,8,43,0,0,45,1,46,5,8,67,9,89,66,4,70,159
03/10/2023,FAY,NC,ASO,EN,Combined TRACON& Tower with Radar,6,12,14,4,36,0,0,0,0,0,6,12,14,4,36,0,0,0,36
03/11/2023,FAY,NC,ASO,EN,Combined TRACON& Tower with Radar,7,13,15,1,36,0,3,19,0,22,7,16,34,1,58,4,0,4,62
03/12/2023,FAY,NC,ASO,EN,Combined TRACON& Tower with Radar,5,10,1,0,16,0,0,0,0,0,5,10,1,0,16,0,0,0,16
03/13/2023,FAY,NC,ASO,EN,Combined TRACON& Tower with Radar,6,9,42,19,76,0,1,13,1,15,6,10,55,20,91,44,0,44,135
03/14/2023,FAY,NC,ASO,EN,Combined TRACON& Tower with Radar,7,11,31,3,52,0,0,20,1,21,7,11,51,4,73,12,4,16,89
03/15/2023,FAY,NC,ASO,EN,Combined TRACON& Tower with Radar,6,10,17,1,34,0,0,21,2,23,6,10,38,3,57,18,0,18,75
03/16/2023,FAY,NC,ASO,EN,Combined TRACON& Tower with Radar,5,8,27,6,46,0,0,40,1,41,5,8,67,7,87,82,20,102,189
03/17/2023,FAY,NC,ASO,EN,Combined TRACON& Tower with Radar,6,8,10,6,30,0,0,4,0,4,6,8,14,6,34,2,0,2,36
03/18/2023,FAY,NC,ASO,EN,Combined TRACON& Tower with Radar,7,15,16,2,40,0,0,26,0,26,7,15,42,2,66,64,0,64,130
03/19/2023,FAY,NC,ASO,EN,Combined TRACON& Tower with Radar,5,9,26,0,40,0,0,33,0,33,5,9,59,0,73,44,0,44,117
03/20/2023,FAY,NC,ASO,EN,Combined TRACON& Tower with Radar,7,10,17,3,37,0,0,42,1,43,7,10,59,4,80,40,0,40,120
03/21/2023,FAY,NC,ASO,EN,Combined TRACON& Tower with Radar,6,10,24,11,51,0,0,52,1,53,6,10,76,12,104,65,0,65,169
03/22/2023,FAY,NC,ASO,EN,Combined TRACON& Tower with Radar,7,10,33,11,61,0,0,36,2,38,7,10,69,13,99,48,0,48,147
03/23/2023,FAY,NC,ASO,EN,Combined TRACON& Tower with Radar,6,8,22,12,48,0,0,19,1,20,6,8,41,13,68,40,2,42,110
03/24/2023,FAY,NC,ASO,EN,Combined TRACON& Tower with Radar,7,8,16,1,32,0,0,30,1,31,7,8,46,2,63,40,0,40,103
03/25/2023,FAY,NC,ASO,EN,Combined TRACON& Tower with Radar,6,8,18,0,32,0,0,11,0,11,6,8,29,0,43,0,0,0,43
03/26/2023,FAY,NC,ASO,EN,Combined TRACON& Tower with Radar,7,8,9,0,24,0,0,10,0,10,7,8,19,0,34,0,0,0,34
03/27/2023,FAY,NC,ASO,EN,Combined TRACON& Tower with Radar,7,8,11,10,36,0,0,12,3,15,7,8,23,13,51,42,4,46,97
03/28/2023,FAY,NC,ASO,EN,Combined TRACON& Tower with Radar,5,10,39,8,62,0,2,34,0,36,5,12,73,8,98,38,0,38,136
03/29/2023,FAY,NC,ASO,EN,Combined TRACON& Tower with Radar,5,10,34,19,68,0,0,21,0,21,5,10,55,19,89,56,16,72,161
03/30/2023,FAY,NC,ASO,EN,Combined TRACON& Tower with Radar,5,10,35,4,54,0,0,53,5,58,5,10,88,9,112,31,0,31,143
03/31/2023,FAY,NC,ASO,EN,Combined TRACON& Tower with Radar,7,10,25,6,48,0,0,29,0,29,7,10,54,6,77,0,0,0,77
04/01/2023,FAY,NC,ASO,EN,Combined TRACON& Tower with Radar,4,11,1,0,16,0,0,0,0,0,4,11,1,0,16,0,0,0,16
04/02/2023,FAY,NC,ASO,EN,Combined TRACON& Tower with Radar,5,8,20,3,36,0,0,36,0,36,5,8,56,3,72,46,0,46,118
04/03/2023,FAY,NC,ASO,EN,Combined TRACON& Tower with Radar,6,8,18,21,53,0,0,33,0,33,6,8,51,21,86,44,6,50,136
04/04/2023,FAY,NC,ASO,EN,Combined TRACON& Tower with Radar,6,17,39,1,63,0,0,35,2,37,6,17,74,3,100,50,2,52,152
04/05/2023,FAY,NC,ASO,EN,Combined TRACON& Tower with Radar,6,11,19,3,39,0,0,35,0,35,6,11,54,3,74,64,0,64,138
04/06/2023,FAY,NC,ASO,EN,Combined TRACON& Tower with Radar,6,11,21,0,38,0,1,23,0,24,6,12,44,0,62,72,0,72,134
04/07/2023,FAY,NC,ASO,EN,Combined TRACON& Tower with Radar,6,10,8,4,28,0,0,1,0,1,6,10,9,4,29,0,0,0,29
04/08/2023,FAY,NC,ASO,EN,Combined TRACON& Tower with Radar,6,12,1,0,19,0,0,0,0,0,6,12,1,0,19,0,0,0,19
04/09/2023,FAY,NC,ASO,EN,Combined TRACON& Tower with Radar,5,15,3,0,23,0,0,0,0,0,5,15,3,0,23,0,0,0,23
04/10/2023,FAY,NC,ASO,EN,Combined TRACON& Tower with Radar,7,12,14,3,36,0,0,30,0,30,7,12,44,3,66,82,0,82,148
04/11/2023,FAY,NC,ASO,EN,Combined TRACON& Tower with Radar,8,10,29,4,51,0,1,37,0,38,8,11,66,4,89,34,16,50,139
04/12/2023,FAY,NC,ASO,EN,Combined TRACON& Tower with Radar,6,10,37,0,53,0,0,44,0,44,6,10,81,0,97,64,0,64,161
04/13/2023,FAY,NC,ASO,EN,Combined TRACON& Tower with Radar,6,13,30,4,53,0,0,32,0,32,6,13,62,4,85,52,0,52,137
04/14/2023,FAY,NC,ASO,EN,Combined TRACON& Tower with Radar,6,13,13,0,32,0,0,4,0,4,6,13,17,0,36,14,0,14,50
04/15/2023,FAY,NC,ASO,EN,Combined TRACON& Tower with Radar,6,12,18,0,36,0,0,25,0,25,6,12,43,0,61,41,0,41,102
04/16/2023,FAY,NC,ASO,EN,Combined TRACON& Tower with Radar,6,16,15,0,37,0,0,27,0,27,6,16,42,0,64,20,0,20,84
04/17/2023,FAY,NC,ASO,EN,Combined TRACON& Tower with Radar,5,10,20,8,43,0,2,44,0,46,5,12,64,8,89,42,8,50,139
04/18/2023,FAY,NC,ASO,EN,Combined TRACON& Tower with Radar,7,12,29,5,53,0,0,36,0,36,7,12,65,5,89,24,2,26,115
04/19/2023,FAY,NC,ASO,EN,Combined TRACON& Tower with Radar,6,14,27,2,49,0,0,43,0,43,6,14,70,2,92,86,2,88,180
04/20/2023,FAY,NC,ASO,EN,Combined TRACON& Tower with Radar,6,10,18,0,34,0,1,35,2,38,6,11,53,2,72,26,0,26,98
04/21/2023,FAY,NC,ASO,EN,Combined TRACON& Tower with Radar,6,12,24,0,42,0,0,43,2,45,6,12,67,2,87,32,2,34,121
04/22/2023,FAY,NC,ASO,EN,Combined TRACON& Tower with Radar,6,15,7,0,28,0,0,1,0,1,6,15,8,0,29,0,0,0,29
04/23/2023,FAY,NC,ASO,EN,Combined TRACON& Tower with Radar,6,12,23,0,41,0,1,45,0,46,6,13,68,0,87,66,0,66,153
04/24/2023,FAY,NC,ASO,EN,Combined TRACON& Tower with Radar,6,11,18,5,40,0,0,24,0,24,6,11,42,5,64,36,0,36,100
04/25/2023,FAY,NC,ASO,EN,Combined TRACON& Tower with Radar,6,10,30,3,49,0,0,48,3,51,6,10,78,6,100,38,0,38,138
04/26/2023,FAY,NC,ASO,EN,Combined TRACON& Tower with Radar,4,11,39,5,59,0,0,37,0,37,4,11,76,5,96,10,0,10,106
04/27/2023,FAY,NC,ASO,EN,Combined TRACON& Tower with Radar,5,13,40,2,60,0,0,2,0,2,5,13,42,2,62,6,0,6,68
04/28/2023,FAY,NC,ASO,EN,Combined TRACON& Tower with Radar,7,13,34,1,55,0,0,9,0,9,7,13,43,1,64,12,0,12,76
04/29/2023,FAY,NC,ASO,EN,Combined TRACON& Tower with Radar,6,14,24,0,44,0,0,18,0,18,6,14,42,0,62,36,0,36,98
04/30/2023,FAY,NC,ASO,EN,Combined TRACON& Tower with Radar,5,13,21,0,39,0,0,4,0,4,5,13,25,0,43,0,0,0,43
05/01/2023,FAY,NC,ASO,EN,Combined TRACON& Tower with Radar,7,13,15,0,35,0,0,8,0,8,7,13,23,0,43,14,0,14,57
05/02/2023,FAY,NC,ASO,EN,Combined TRACON& Tower with Radar,6,16,16,0,38,0,0,42,2,44,6,16,58,2,82,6,0,6,88
05/03/2023,FAY,NC,ASO,EN,Combined TRACON& Tower with Radar,6,9,19,0,34,0,0,20,1,21,6,9,39,1,55,4,0,4,59
05/04/2023,FAY,NC,ASO,EN,Combined TRACON& Tower with Radar,6,11,27,4,48,0,1,31,0,32,6,12,58,4,80,36,14,50,130
05/05/2023,FAY,NC,ASO,EN,Combined TRACON& Tower with Radar,9,10,14,3,36,0,0,34,2,36,9,10,48,5,72,54,0,54,126
05/06/2023,FAY,NC,ASO,EN,Combined TRACON& Tower with Radar,8,8,6,0,22,0,0,41,2,43,8,8,47,2,65,14,0,14,79
05/07/2023,FAY,NC,ASO,EN,Combined TRACON& Tower with Radar,8,9,10,1,28,0,0,25,1,26,8,9,35,2,54,12,0,12,66
05/08/2023,FAY,NC,ASO,EN,Combined TRACON& Tower with Radar,9,9,18,22,58,0,1,30,2,33,9,10,48,24,91,16,4,20,111
05/09/2023,FAY,NC,ASO,EN,Combined TRACON& Tower with Radar,9,8,20,16,53,0,4,26,3,33,9,12,46,19,86,22,14,36,122
05/10/2023,FAY,NC,ASO,EN,Combined TRACON& Tower with Radar,8,8,23,12,51,0,0,44,1,45,8,8,67,13,96,110,6,116,212
05/11/2023,FAY,NC,ASO,EN,Combined TRACON& Tower with Radar,8,10,21,5,44,0,2,37,1,40,8,12,58,6,84,24,8,32,116
05/12/2023,FAY,NC,ASO,EN,Combined TRACON& Tower with Radar,8,8,34,2,52,0,0,39,0,39,8,8,73,2,91,50,0,50,141
05/13/2023,FAY,NC,ASO,EN,Combined TRACON& Tower with Radar,8,11,19,0,38,0,0,24,0,24,8,11,43,0,62,26,0,26,88
05/14/2023,FAY,NC,ASO,EN,Combined TRACON& Tower with Radar,7,9,12,0,28,0,0,13,0,13,7,9,25,0,41,48,0,48,89
05/15/2023,FAY,NC,ASO,EN,Combined TRACON& Tower with Radar,9,9,28,2,48,0,0,35,0,35,9,9,63,2,83,40,0,40,123
05/16/2023,FAY,NC,ASO,EN,Combined TRACON& Tower with Radar,8,8,20,6,42,0,0,23,1,24,8,8,43,7,66,64,2,66,132
05/17/2023,FAY,NC,ASO,EN,Combined TRACON& Tower with Radar,8,8,11,4,31,0,0,25,0,25,8,8,36,4,56,82,0,82,138
05/18/2023,FAY,NC,ASO,EN,Combined TRACON& Tower with Radar,7,9,10,1,27,0,0,13,0,13,7,9,23,1,40,18,0,18,58
05/19/2023,FAY,NC,ASO,EN,Combined TRACON& Tower with Radar,9,8,28,0,45,0,0,3,0,3,9,8,31,0,48,0,0,0,48
05/20/2023,FAY,NC,ASO,EN,Combined TRACON& Tower with Radar,7,7,16,0,30,0,0,26,2,28,7,7,42,2,58,66,0,66,124
05/21/2023,FAY,NC,ASO,EN,Combined TRACON& Tower with Radar,7,9,20,0,36,0,0,5,0,5,7,9,25,0,41,44,0,44,85
05/22/2023,FAY,NC,ASO,EN,Combined TRACON& Tower with Radar,8,8,9,9,34,0,0,40,0,40,8,8,49,9,74,100,16,116,190
05/23/2023,FAY,NC,ASO,EN,Combined TRACON& Tower with Radar,8,8,24,36,76,0,2,39,2,43,8,10,63,38,119,84,18,102,221
05/24/2023,FAY,NC,ASO,EN,Combined TRACON& Tower with Radar,8,10,13,7,38,0,3,46,0,49,8,13,59,7,87,111,18,129,216
05/25/2023,FAY,NC,ASO,EN,Combined TRACON& Tower with Radar,10,11,14,14,49,0,0,21,1,22,10,11,35,15,71,30,2,32,103
05/26/2023,FAY,NC,ASO,EN,Combined TRACON& Tower with Radar,7,9,10,0,26,0,0,29,0,29,7,9,39,0,55,68,0,68,123
05/27/2023,FAY,NC,ASO,EN,Combined TRACON& Tower with Radar,9,8,8,0,25,0,0,0,0,0,9,8,8,0,25,0,0,0,25
05/28/2023,FAY,NC,ASO,EN,Combined TRACON& Tower with Radar,8,9,6,2,25,0,0,0,0,0,8,9,6,2,25,0,0,0,25
05/29/2023,FAY,NC,ASO,EN,Combined TRACON& Tower with Radar,8,9,16,0,33,0,0,1,0,1,8,9,17,0,34,0,0,0,34
05/30/2023,FAY,NC,ASO,EN,Combined TRACON& Tower with Radar,8,8,28,10,54,0,0,14,2,16,8,8,42,12,70,52,24,76,146
05/31/2023,FAY,NC,ASO,EN,Combined TRACON& Tower with Radar,10,10,26,17,63,0,0,10,5,15,10,10,36,22,78,88,18,106,184
06/01/2023,FAY,NC,ASO,EN,Combined TRACON& Tower with Radar,10,12,23,3,48,0,0,33,3,36,10,12,56,6,84,86,6,92,176
06/02/2023,FAY,NC,ASO,EN,Combined TRACON& Tower with Radar,9,10,39,6,64,0,0,30,2,32,9,10,69,8,96,123,2,125,221
06/03/2023,FAY,NC,ASO,EN,Combined TRACON& Tower with Radar,14,9,11,0,34,0,2,35,0,37,14,11,46,0,71,64,0,64,135
06/04/2023,FAY,NC,ASO,EN,Combined TRACON& Tower with Radar,13,11,14,0,38,0,0,11,0,11,13,11,25,0,49,74,0,74,123
06/05/2023,FAY,NC,ASO,EN,Combined TRACON& Tower with Radar,9,10,18,15,52,0,0,34,1,35,9,10,52,16,87,50,10,60,147
06/06/2023,FAY,NC,ASO,EN,Combined TRACON& Tower with Radar,10,10,33,4,57,0,0,44,0,44,10,10,77,4,101,32,0,32,133
06/07/2023,FAY,NC,ASO,EN,Combined TRACON& Tower with Radar,10,9,17,11,47,0,4,46,1,51,10,13,63,12,98,60,0,60,158
06/08/2023,FAY,NC,ASO,EN,Combined TRACON& Tower with Radar,10,12,20,6,48,0,0,40,0,40,10,12,60,6,88,38,0,38,126
06/09/2023,FAY,NC,ASO,EN,Combined TRACON& Tower with Radar,10,14,13,2,39,0,2,18,0,20,10,16,31,2,59,18,0,18,77
06/10/2023,FAY,NC,ASO,EN,Combined TRACON& Tower with Radar,11,9,5,2,27,0,0,42,2,44,11,9,47,4,71,31,0,31,102
06/11/2023,FAY,NC,ASO,EN,Combined TRACON& Tower with Radar,9,9,7,0,25,0,0,25,0,25,9,9,32,0,50,22,0,22,72
06/12/2023,FAY,NC,ASO,EN,Combined TRACON& Tower with Radar,10,10,5,7,32,0,0,8,1,9,10,10,13,8,41,12,6,18,59
06/13/2023,FAY,NC,ASO,EN,Combined TRACON& Tower with Radar,10,8,18,8,44,0,0,42,2,44,10,8,60,10,88,100,0,100,188
06/14/2023,FAY,NC,ASO,EN,Combined TRACON& Tower with Radar,10,8,19,4,41,0,0,41,2,43,10,8,60,6,84,46,0,46,130
06/15/2023,FAY,NC,ASO,EN,Combined TRACON& Tower with Radar,10,9,18,17,54,0,2,33,1,36,10,11,51,18,90,80,18,98,188
06/16/2023,FAY,NC,ASO,EN,Combined TRACON& Tower with Radar,10,10,17,0,37,0,0,21,1,22,10,10,38,1,59,54,0,54,113
06/17/2023,FAY,NC,ASO,EN,Combined TRACON& Tower with Radar,11,17,3,0,31,0,1,30,0,31,11,18,33,0,62,58,0,58,120
06/18/2023,FAY,NC,ASO,EN,Combined TRACON& Tower with Radar,9,12,20,0,41,0,0,14,0,14,9,12,34,0,55,20,0,20,75
06/19/2023,FAY,NC,ASO,EN,Combined TRACON& Tower with Radar,12,7,22,0,41,0,0,14,0,14,12,7,36,0,55,34,0,34,89
06/20/2023,FAY,NC,ASO,EN,Combined TRACON& Tower with Radar,10,10,11,6,37,0,0,4,0,4,10,10,15,6,41,12,0,12,53
06/21/2023,FAY,NC,ASO,EN,Combined TRACON& Tower with Radar,10,11,19,27,67,0,0,0,1,1,10,11,19,28,68,0,10,10,78
06/22/2023,FAY,NC,ASO,EN,Combined TRACON& Tower with Radar,12,10,9,12,43,0,0,0,0,0,12,10,9,12,43,0,6,6,49
06/23/2023,FAY,NC,ASO,EN,Combined TRACON& Tower with Radar,10,12,35,4,61,0,0,7,0,7,10,12,42,4,68,31,0,31,99
06/24/2023,FAY,NC,ASO,EN,Combined TRACON& Tower with Radar,11,12,22,0,45,0,4,40,0,44,11,16,62,0,89,66,0,66,155
06/25/2023,FAY,NC,ASO,EN,Combined TRACON& Tower with Radar,11,10,12,0,33,0,0,27,0,27,11,10,39,0,60,70,0,70,130
06/26/2023,FAY,NC,ASO,EN,Combined TRACON& Tower with Radar,10,9,11,6,36,0,0,43,1,44,10,9,54,7,80,104,0,104,184
06/27/2023,FAY,NC,ASO,EN,Combined TRACON& Tower with Radar,10,11,22,4,47,0,4,47,1,52,10,15,69,5,99,112,0,112,211
06/28/2023,FAY,NC,ASO,EN,Combined TRACON& Tower with Radar,10,10,14,9,43,0,4,33,1,38,10,14,47,10,81,78,0,78,159
06/29/2023,FAY,NC,ASO,EN,Combined TRACON& Tower with Radar,10,12,16,12,50,0,2,48,2,52,10,14,64,14,102,148,10,158,260
06/30/2023,FAY,NC,ASO,EN,Combined TRACON& Tower with Radar,10,10,11,1,32,0,0,33,3,36,10,10,44,4,68,76,0,76,144
07/01/2023,FAY,NC,ASO,EN,Combined TRACON& Tower with Radar,11,11,4,0,26,0,0,22,0,22,11,11,26,0,48,18,0,18,66
07/02/2023,FAY,NC,ASO,EN,Combined TRACON& Tower with Radar,10,10,7,0,27,0,0,15,0,15,10,10,22,0,42,22,0,22,64
07/03/2023,FAY,NC,ASO,EN,Combined TRACON& Tower with Radar,10,8,4,0,22,0,3,16,0,19,10,11,20,0,41,74,0,74,115
07/04/2023,FAY,NC,ASO,EN,Combined TRACON& Tower with Radar,9,8,3,0,20,0,0,10,0,10,9,8,13,0,30,16,0,16,46
07/05/2023,FAY,NC,ASO,EN,Combined TRACON& Tower with Radar,7,9,8,3,27,0,0,19,1,20,7,9,27,4,47,32,1,33,80
07/06/2023,FAY,NC,ASO,EN,Combined TRACON& Tower with Radar,12,10,15,11,48,0,0,18,0,18,12,10,33,11,66,70,14,84,150
07/07/2023,FAY,NC,ASO,EN,Combined TRACON& Tower with Radar,9,12,8,4,33,0,0,13,2,15,9,12,21,6,48,8,6,14,62
07/08/2023,FAY,NC,ASO,EN,Combined TRACON& Tower with Radar,15,8,6,0,29,0,1,18,0,19,15,9,24,0,48,34,0,34,82
07/09/2023,FAY,NC,ASO,EN,Combined TRACON& Tower with Radar,9,10,15,1,35,0,0,8,0,8,9,10,23,1,43,12,0,12,55
07/10/2023,FAY,NC,ASO,EN,Combined TRACON& Tower with Radar,10,8,19,0,37,0,0,29,0,29,10,8,48,0,66,120,0,120,186
07/11/2023,FAY,NC,ASO,EN,Combined TRACON& Tower with Radar,12,8,10,10,40,0,5,38,1,44,12,13,48,11,84,70,0,70,154
07/12/2023,FAY,NC,ASO,EN,Combined TRACON& Tower with Radar,10,9,26,9,54,0,1,37,4,42,10,10,63,13,96,100,8,108,204
07/13/2023,FAY,NC,ASO,EN,Combined TRACON& Tower with Radar,10,8,11,23,52,0,2,32,2,36,10,10,43,25,88,60,10,70,158
07/14/2023,FAY,NC,ASO,EN,Combined TRACON& Tower with Radar,7,8,8,0,23,0,0,5,0,5,7,8,13,0,28,22,0,22,50
07/15/2023,FAY,NC,ASO,EN,Combined TRACON& Tower with Radar,11,11,4,0,26,0,0,22,0,22,11,11,26,0,48,10,0,10,58
07/16/2023,FAY,NC,ASO,EN,Combined TRACON& Tower with Radar,10,10,7,0,27,0,0,15,0,15,10,10,22,0,42,72,0,72,114
07/17/2023,FAY,NC,ASO,EN,Combined TRACON& Tower with Radar,9,9,14,7,39,0,0,41,3,44,9,9,55,10,83,132,10,142,225
07/18/2023,FAY,NC,ASO,EN,Combined TRACON& Tower with Radar,10,8,34,7,59,0,0,42,1,43,10,8,76,8,102,134,4,138,240
07/19/2023,FAY,NC,ASO,EN,Combined TRACON& Tower with Radar,10,9,21,2,42,0,0,37,3,40,10,9,58,5,82,64,0,64,146
07/20/2023,FAY,NC,ASO,EN,Combined TRACON& Tower with Radar,8,8,30,2,48,0,2,39,2,43,8,10,69,4,91,154,2,156,247
07/21/2023,FAY,NC,ASO,EN,Combined TRACON& Tower with Radar,4,8,23,3,38,0,0,31,0,31,4,8,54,3,69,48,0,48,117
07/22/2023,FAY,NC,ASO,EN,Combined TRACON& Tower with Radar,13,8,14,6,41,0,0,27,0,27,13,8,41,6,68,50,0,50,118
07/23/2023,FAY,NC,ASO,EN,Combined TRACON& Tower with Radar,10,8,7,0,25,0,0,18,0,18,10,8,25,0,43,48,0,48,91
07/24/2023,FAY,NC,ASO,EN,Combined TRACON& Tower with Radar,10,8,14,6,38,0,0,9,0,9,10,8,23,6,47,0,10,10,57
07/25/2023,FAY,NC,ASO,EN,Combined TRACON& Tower with Radar,11,8,14,4,37,0,5,12,4,21,11,13,26,8,58,38,16,54,112
07/26/2023,FAY,NC,ASO,EN,Combined TRACON& Tower with Radar,10,10,20,5,45,0,1,33,0,34,10,11,53,5,79,32,0,32,111
07/27/2023,FAY,NC,ASO,EN,Combined TRACON& Tower with Radar,10,12,26,6,54,0,1,32,3,36,10,13,58,9,90,60,0,60,150
07/28/2023,FAY,NC,ASO,EN,Combined TRACON& Tower with Radar,10,10,14,5,39,0,0,45,1,46,10,10,59,6,85,32,0,32,117
07/29/2023,FAY,NC,ASO,EN,Combined TRACON& Tower with Radar,10,10,11,0,31,0,0,13,0,13,10,10,24,0,44,38,0,38,82
07/30/2023,FAY,NC,ASO,EN,Combined TRACON& Tower with Radar,10,8,14,0,32,0,2,18,3,23,10,10,32,3,55,26,0,26,81
07/31/2023,FAY,NC,ASO,EN,Combined TRACON& Tower with Radar,12,8,16,0,36,0,0,24,2,26,12,8,40,2,62,56,0,56,118
08/01/2023,FAY,NC,ASO,EN,Combined TRACON& Tower with Radar,10,8,21,4,43,0,3,29,0,32,10,11,50,4,75,42,0,42,117
08/02/2023,FAY,NC,ASO,EN,Combined TRACON& Tower with Radar,10,10,17,5,42,0,4,42,2,48,10,14,59,7,90,67,0,67,157
08/03/2023,FAY,NC,ASO,EN,Combined TRACON& Tower with Radar,9,11,22,6,48,0,1,27,0,28,9,12,49,6,76,26,0,26,102
08/04/2023,FAY,NC,ASO,EN,Combined TRACON& Tower with Radar,6,11,30,2,49,0,0,6,0,6,6,11,36,2,55,0,0,0,55
08/05/2023,FAY,NC,ASO,EN,Combined TRACON& Tower with Radar,7,9,12,2,30,0,2,16,0,18,7,11,28,2,48,62,0,62,110
08/06/2023,FAY,NC,ASO,EN,Combined TRACON& Tower with Radar,5,15,11,0,31,0,0,24,0,24,5,15,35,0,55,30,0,30,85
08/07/2023,FAY,NC,ASO,EN,Combined TRACON& Tower with Radar,6,9,10,6,31,0,0,22,1,23,6,9,32,7,54,30,7,37,91
08/08/2023,FAY,NC,ASO,EN,Combined TRACON& Tower with Radar,4,11,24,8,47,0,1,29,0,30,4,12,53,8,77,50,12,62,139
08/09/2023,FAY,NC,ASO,EN,Combined TRACON& Tower with Radar,6,9,14,7,36,0,0,34,0,34,6,9,48,7,70,30,4,34,104
08/10/2023,FAY,NC,ASO,EN,Combined TRACON& Tower with Radar,6,12,11,9,38,0,1,12,1,14,6,13,23,10,52,8,8,16,68
08/11/2023,FAY,NC,ASO,EN,Combined TRACON& Tower with Radar,6,11,15,3,35,0,3,30,1,34,6,14,45,4,69,35,0,35,104
08/12/2023,FAY,NC,ASO,EN,Combined TRACON& Tower with Radar,8,9,9,0,26,0,0,25,0,25,8,9,34,0,51,4,0,4,55
08/13/2023,FAY,NC,ASO,EN,Combined TRACON& Tower with Radar,4,10,7,0,21,0,0,23,0,23,4,10,30,0,44,40,0,40,84
08/14/2023,FAY,NC,ASO,EN,Combined TRACON& Tower with Radar,5,14,10,1,30,0,0,14,0,14,5,14,24,1,44,16,0,16,60
08/15/2023,FAY,NC,ASO,EN,Combined TRACON& Tower with Radar,11,15,7,5,38,0,1,20,1,22,11,16,27,6,60,10,8,18,78
08/16/2023,FAY,NC,ASO,EN,Combined TRACON& Tower with Radar,8,11,10,8,37,0,0,33,0,33,8,11,43,8,70,34,0,34,104
08/17/2023,FAY,NC,ASO,EN,Combined TRACON& Tower with Radar,8,12,24,8,52,0,1,23,2,26,8,13,47,10,78,56,10,66,144
08/18/2023,FAY,NC,ASO,EN,Combined TRACON& Tower with Radar,8,13,10,5,36,0,4,25,2,31,8,17,35,7,67,64,6,70,137
08/19/2023,FAY,NC,ASO,EN,Combined TRACON& Tower with Radar,7,11,21,0,39,0,2,36,0,38,7,13,57,0,77,38,0,38,115
08/20/2023,FAY,NC,ASO,EN,Combined TRACON& Tower with Radar,7,10,5,0,22,0,0,16,0,16,7,10,21,0,38,52,0,52,90
08/21/2023,FAY,NC,ASO,EN,Combined TRACON& Tower with Radar,8,12,11,1,32,0,2,24,1,27,8,14,35,2,59,42,0,42,101
08/22/2023,FAY,NC,ASO,EN,Combined TRACON& Tower with Radar,8,14,11,8,41,0,2,22,2,26,8,16,33,10,67,58,16,74,141
08/23/2023,FAY,NC,ASO,EN,Combined TRACON& Tower with Radar,8,12,14,8,42,0,0,18,7,25,8,12,32,15,67,48,0,48,115
08/24/2023,FAY,NC,ASO,EN,Combined TRACON& Tower with Radar,8,9,12,11,40,0,2,24,1,27,8,11,36,12,67,26,16,42,109
08/25/2023,FAY,NC,ASO,EN,Combined TRACON& Tower with Radar,8,13,15,6,42,0,0,32,0,32,8,13,47,6,74,36,0,36,110
08/26/2023,FAY,NC,ASO,EN,Combined TRACON& Tower with Radar,7,10,22,0,39,0,0,21,0,21,7,10,43,0,60,34,0,34,94
08/27/2023,FAY,NC,ASO,EN,Combined TRACON& Tower with Radar,11,12,9,0,32,0,3,10,0,13,11,15,19,0,45,16,0,16,61
08/28/2023,FAY,NC,ASO,EN,Combined TRACON& Tower with Radar,8,12,11,20,51,0,0,14,2,16,8,12,25,22,67,38,20,58,125
08/29/2023,FAY,NC,ASO,EN,Combined TRACON& Tower with Radar,8,11,27,2,48,0,0,17,1,18,8,11,44,3,66,10,0,10,76
08/30/2023,FAY,NC,ASO,EN,Combined TRACON& Tower with Radar,10,11,15,0,36,0,0,0,1,1,10,11,15,1,37,4,0,4,41
08/31/2023,FAY,NC,ASO,EN,Combined TRACON& Tower with Radar,6,13,2,0,21,0,2,6,0,8,6,15,8,0,29,16,0,16,45
01/01/2020,FAY,NC,ASO,EN,Combined TRACON& Tower with Radar,11,4,15,0,30,0,0,13,0,13,11,4,28,0,43,14,0,14,57
01/02/2020,FAY,NC,ASO,EN,Combined TRACON& Tower with Radar,15,10,8,0,33,0,0,18,0,18,15,10,26,0,51,0,0,0,51
01/03/2020,FAY,NC,ASO,EN,Combined TRACON& Tower with Radar,13,8,19,6,46,0,0,2,0,2,13,8,21,6,48,0,0,0,48
01/04/2020,FAY,NC,ASO,EN,Combined TRACON& Tower with Radar,14,10,10,0,34,0,0,1,0,1,14,10,11,0,35,0,0,0,35
01/05/2020,FAY,NC,ASO,EN,Combined TRACON& Tower with Radar,15,9,13,0,37,0,0,20,0,20,15,9,33,0,57,6,0,6,63
01/06/2020,FAY,NC,ASO,EN,Combined TRACON& Tower with Radar,14,11,17,5,47,0,0,27,1,28,14,11,44,6,75,22,0,22,97
01/07/2020,FAY,NC,ASO,EN,Combined TRACON& Tower with Radar,14,9,10,9,42,0,0,6,1,7,14,9,16,10,49,10,0,10,59
01/08/2020,FAY,NC,ASO,EN,Combined TRACON& Tower with Radar,16,8,19,14,57,0,0,21,4,25,16,8,40,18,82,0,20,20,102
01/09/2020,FAY,NC,ASO,EN,Combined TRACON& Tower with Radar,16,8,25,22,71,0,0,22,0,22,16,8,47,22,93,0,0,0,93
01/10/2020,FAY,NC,ASO,EN,Combined TRACON& Tower with Radar,16,8,9,23,56,0,0,13,0,13,16,8,22,23,69,4,0,4,73
01/11/2020,FAY,NC,ASO,EN,Combined TRACON& Tower with Radar,13,7,0,0,20,0,0,7,0,7,13,7,7,0,27,0,0,0,27
01/12/2020,FAY,NC,ASO,EN,Combined TRACON& Tower with Radar,16,6,6,0,28,0,0,2,1,3,16,6,8,1,31,12,0,12,43
01/13/2020,FAY,NC,ASO,EN,Combined TRACON& Tower with Radar,16,8,13,5,42,0,0,0,0,0,16,8,13,5,42,0,0,0,42
01/14/2020,FAY,NC,ASO,EN,Combined TRACON& Tower with Radar,15,7,14,31,67,0,0,8,3,11,15,7,22,34,78,16,6,22,100
01/15/2020,FAY,NC,ASO,EN,Combined TRACON& Tower with Radar,16,10,16,31,73,0,0,10,6,16,16,10,26,37,89,0,8,8,97
01/16/2020,FAY,NC,ASO,EN,Combined TRACON& Tower with Radar,16,9,25,14,64,0,0,18,4,22,16,9,43,18,86,12,0,12,98
01/17/2020,FAY,NC,ASO,EN,Combined TRACON& Tower with Radar,16,9,15,21,61,0,0,35,0,35,16,9,50,21,96,40,14,54,150
01/18/2020,FAY,NC,ASO,EN,Combined TRACON& Tower with Radar,12,5,13,0,30,0,0,19,0,19,12,5,32,0,49,10,0,10,59
01/19/2020,FAY,NC,ASO,EN,Combined TRACON& Tower with Radar,14,6,7,0,27,0,0,11,0,11,14,6,18,0,38,10,0,10,48
01/20/2020,FAY,NC,ASO,EN,Combined TRACON& Tower with Radar,13,8,18,2,41,0,0,45,0,45,13,8,63,2,86,50,0,50,136
01/21/2020,FAY,NC,ASO,EN,Combined TRACON& Tower with Radar,14,10,20,0,44,0,0,16,0,16,14,10,36,0,60,0,0,0,60
01/22/2020,FAY,NC,ASO,EN,Combined TRACON& Tower with Radar,16,8,22,11,57,0,0,17,6,23,16,8,39,17,80,24,18,42,122
01/23/2020,FAY,NC,ASO,EN,Combined TRACON& Tower with Radar,16,8,31,23,78,0,0,28,2,30,16,8,59,25,108,36,29,65,173
01/24/2020,FAY,NC,ASO,EN,Combined TRACON& Tower with Radar,18,8,28,4,58,0,0,15,0,15,18,8,43,4,73,34,0,34,107
01/25/2020,FAY,NC,ASO,EN,Combined TRACON& Tower with Radar,14,6,13,2,35,0,1,27,0,28,14,7,40,2,63,16,10,26,89
01/26/2020,FAY,NC,ASO,EN,Combined TRACON& Tower with Radar,18,6,8,6,38,0,1,26,0,27,18,7,34,6,65,30,10,40,105
01/27/2020,FAY,NC,ASO,EN,Combined TRACON& Tower with Radar,16,10,10,22,58,0,0,14,2,16,16,10,24,24,74,4,30,34,108
01/28/2020,FAY,NC,ASO,EN,Combined TRACON& Tower with Radar,14,8,16,6,44,0,1,23,2,26,14,9,39,8,70,14,0,14,84
01/29/2020,FAY,NC,ASO,EN,Combined TRACON& Tower with Radar,16,9,15,19,59,0,1,20,4,25,16,10,35,23,84,18,12,30,114
01/30/2020,FAY,NC,ASO,EN,Combined TRACON& Tower with Radar,16,9,29,12,66,0,0,26,2,28,16,9,55,14,94,22,0,22,116
01/31/2020,FAY,NC,ASO,EN,Combined TRACON& Tower with Radar,16,10,22,6,54,0,1,11,3,15,16,11,33,9,69,14,0,14,83
02/01/2020,FAY,NC,ASO,EN,Combined TRACON& Tower with Radar,14,6,6,0,26,0,0,0,0,0,14,6,6,0,26,18,0,18,44
02/02/2020,FAY,NC,ASO,EN,Combined TRACON& Tower with Radar,15,7,15,0,37,0,2,22,0,24,15,9,37,0,61,28,0,28,89
02/03/2020,FAY,NC,ASO,EN,Combined TRACON& Tower with Radar,19,9,13,0,41,0,0,19,0,19,19,9,32,0,60,24,0,24,84
02/04/2020,FAY,NC,ASO,EN,Combined TRACON& Tower with Radar,14,8,19,10,51,0,1,31,0,32,14,9,50,10,83,20,0,20,103
02/05/2020,FAY,NC,ASO,EN,Combined TRACON& Tower with Radar,16,10,17,6,49,0,0,7,0,7,16,10,24,6,56,24,2,26,82
02/06/2020,FAY,NC,ASO,EN,Combined TRACON& Tower with Radar,17,8,8,2,35,0,0,0,0,0,17,8,8,2,35,0,0,0,35
02/07/2020,FAY,NC,ASO,EN,Combined TRACON& Tower with Radar,19,12,4,0,35,0,0,1,0,1,19,12,5,0,36,0,0,0,36
02/08/2020,FAY,NC,ASO,EN,Combined TRACON& Tower with Radar,16,6,6,0,28,0,0,25,0,25,16,6,31,0,53,6,0,6,59
02/09/2020,FAY,NC,ASO,EN,Combined TRACON& Tower with Radar,16,6,9,0,31,0,1,38,0,39,16,7,47,0,70,14,0,14,84
02/10/2020,FAY,NC,ASO,EN,Combined TRACON& Tower with Radar,16,8,26,8,58,0,1,21,5,27,16,9,47,13,85,10,28,38,123
02/11/2020,FAY,NC,ASO,EN,Combined TRACON& Tower with Radar,14,8,18,10,50,0,0,0,0,0,14,8,18,10,50,2,36,38,88
02/12/2020,FAY,NC,ASO,EN,Combined TRACON& Tower with Radar,15,8,29,2,54,0,0,1,0,1,15,8,30,2,55,52,4,56,111
02/13/2020,FAY,NC,ASO,EN,Combined TRACON& Tower with Radar,11,10,13,4,38,0,0,0,0,0,11,10,13,4,38,0,0,0,38
02/14/2020,FAY,NC,ASO,EN,Combined TRACON& Tower with Radar,15,8,12,6,41,0,0,23,0,23,15,8,35,6,64,0,0,0,64
02/15/2020,FAY,NC,ASO,EN,Combined TRACON& Tower with Radar,14,5,11,2,32,11,0,44,0,55,25,5,55,2,87,0,0,0,87
02/16/2020,FAY,NC,ASO,EN,Combined TRACON& Tower with Radar,14,5,13,0,32,0,0,21,2,23,14,5,34,2,55,50,0,50,105
02/17/2020,FAY,NC,ASO,EN,Combined TRACON& Tower with Radar,14,8,23,0,45,0,0,24,0,24,14,8,47,0,69,0,0,0,69
02/18/2020,FAY,NC,ASO,EN,Combined TRACON& Tower with Radar,14,8,28,14,64,0,0,3,0,3,14,8,31,14,67,12,10,22,89
02/19/2020,FAY,NC,ASO,EN,Combined TRACON& Tower with Radar,13,8,16,14,51,0,0,0,0,0,13,8,16,14,51,0,0,0,51
02/20/2020,FAY,NC,ASO,EN,Combined TRACON& Tower with Radar,10,9,5,14,38,0,0,3,0,3,10,9,8,14,41,0,4,4,45
02/21/2020,FAY,NC,ASO,EN,Combined TRACON& Tower with Radar,14,8,11,10,43,0,0,10,2,12,14,8,21,12,55,0,6,6,61
02/22/2020,FAY,NC,ASO,EN,Combined TRACON& Tower with Radar,12,9,15,0,36,0,0,32,0,32,12,9,47,0,68,16,0,16,84
02/23/2020,FAY,NC,ASO,EN,Combined TRACON& Tower with Radar,17,6,13,0,36,0,0,20,0,20,17,6,33,0,56,28,0,28,84
02/24/2020,FAY,NC,ASO,EN,Combined TRACON& Tower with Radar,14,10,23,0,47,0,0,9,0,9,14,10,32,0,56,16,0,16,72
02/25/2020,FAY,NC,ASO,EN,Combined TRACON& Tower with Radar,14,8,29,8,59,0,0,0,0,0,14,8,29,8,59,0,0,0,59
02/26/2020,FAY,NC,ASO,EN,Combined TRACON& Tower with Radar,13,9,15,10,47,0,2,0,0,2,13,11,15,10,49,0,0,0,49
02/27/2020,FAY,NC,ASO,EN,Combined TRACON& Tower with Radar,15,9,10,14,48,0,0,8,3,11,15,9,18,17,59,0,0,0,59
02/28/2020,FAY,NC,ASO,EN,Combined TRACON& Tower with Radar,13,8,12,10,43,0,0,18,2,20,13,8,30,12,63,44,0,44,107
02/29/2020,FAY,NC,ASO,EN,Combined TRACON& Tower with Radar,15,10,11,0,36,0,0,25,1,26,15,10,36,1,62,18,0,18,80
03/01/2020,FAY,NC,ASO,EN,Combined TRACON& Tower with Radar,13,6,7,2,28,0,0,36,0,36,13,6,43,2,64,84,0,84,148
03/02/2020,FAY,NC,ASO,EN,Combined TRACON& Tower with Radar,15,9,25,11,60,0,0,23,0,23,15,9,48,11,83,20,0,20,103
03/03/2020,FAY,NC,ASO,EN,Combined TRACON& Tower with Radar,14,9,11,18,52,0,0,2,0,2,14,9,13,18,54,2,4,6,60
03/04/2020,FAY,NC,ASO,EN,Combined TRACON& Tower with Radar,14,8,12,29,63,0,0,24,2,26,14,8,36,31,89,44,14,58,147
03/05/2020,FAY,NC,ASO,EN,Combined TRACON& Tower with Radar,14,8,12,14,48,0,0,1,0,1,14,8,13,14,49,0,2,2,51
03/06/2020,FAY,NC,ASO,EN,Combined TRACON& Tower with Radar,14,9,11,1,35,0,0,2,3,5,14,9,13,4,40,0,14,14,54
03/07/2020,FAY,NC,ASO,EN,Combined TRACON& Tower with Radar,14,6,3,0,23,0,0,12,0,12,14,6,15,0,35,31,0,31,66
03/08/2020,FAY,NC,ASO,EN,Combined TRACON& Tower with Radar,14,6,11,0,31,0,1,36,0,37,14,7,47,0,68,48,0,48,116
03/09/2020,FAY,NC,ASO,EN,Combined TRACON& Tower with Radar,13,11,15,7,46,0,0,31,0,31,13,11,46,7,77,18,12,30,107
03/10/2020,FAY,NC,ASO,EN,Combined TRACON& Tower with Radar,14,8,14,4,40,0,0,8,0,8,14,8,22,4,48,4,0,4,52
03/11/2020,FAY,NC,ASO,EN,Combined TRACON& Tower with Radar,14,8,12,6,40,0,0,16,2,18,14,8,28,8,58,8,5,13,71
03/12/2020,FAY,NC,ASO,EN,Combined TRACON& Tower with Radar,14,8,7,9,38,0,0,27,2,29,14,8,34,11,67,20,0,20,87
03/13/2020,FAY,NC,ASO,EN,Combined TRACON& Tower with Radar,14,8,9,2,33,0,2,19,0,21,14,10,28,2,54,0,0,0,54
03/14/2020,FAY,NC,ASO,EN,Combined TRACON& Tower with Radar,14,7,10,1,32,0,0,40,1,41,14,7,50,2,73,20,0,20,93
03/15/2020,FAY,NC,ASO,EN,Combined TRACON& Tower with Radar,14,11,2,0,27,0,0,3,0,3,14,11,5,0,30,0,0,0,30
03/16/2020,FAY,NC,ASO,EN,Combined TRACON& Tower with Radar,14,11,12,10,47,0,0,12,0,12,14,11,24,10,59,40,0,40,99
03/17/2020,FAY,NC,ASO,EN,Combined TRACON& Tower with Radar,14,8,8,0,30,0,0,0,0,0,14,8,8,0,30,0,0,0,30
03/18/2020,FAY,NC,ASO,EN,Combined TRACON& Tower with Radar,14,8,17,14,53,0,2,12,1,15,14,10,29,15,68,6,0,6,74
03/19/2020,FAY,NC,ASO,EN,Combined TRACON& Tower with Radar,14,8,11,12,45,0,0,14,1,15,14,8,25,13,60,0,0,0,60
03/20/2020,FAY,NC,ASO,EN,Combined TRACON& Tower with Radar,14,6,4,7,31,0,0,15,0,15,14,6,19,7,46,0,4,4,50
03/21/2020,FAY,NC,ASO,EN,Combined TRACON& Tower with Radar,12,7,9,0,28,0,1,9,0,10,12,8,18,0,38,6,0,6,44
03/22/2020,FAY,NC,ASO,EN,Combined TRACON& Tower with Radar,14,8,9,11,42,0,1,10,0,11,14,9,19,11,53,32,0,32,85
03/23/2020,FAY,NC,ASO,EN,Combined TRACON& Tower with Radar,12,6,11,4,33,0,0,0,0,0,12,6,11,4,33,0,0,0,33
03/24/2020,FAY,NC,ASO,EN,Combined TRACON& Tower with Radar,5,8,1,9,23,0,0,0,0,0,5,8,1,9,23,0,12,12,35
03/25/2020,FAY,NC,ASO,EN,Combined TRACON& Tower with Radar,5,4,15,3,27,0,0,4,0,4,5,4,19,3,31,14,0,14,45
03/26/2020,FAY,NC,ASO,EN,Combined TRACON& Tower with Radar,5,4,19,2,30,0,0,24,0,24,5,4,43,2,54,30,0,30,84
03/27/2020,FAY,NC,ASO,EN,Combined TRACON& Tower with Radar,9,7,8,0,24,0,0,26,0,26,9,7,34,0,50,80,0,80,130
03/28/2020,FAY,NC,ASO,EN,Combined TRACON& Tower with Radar,5,7,1,0,13,0,0,16,0,16,5,7,17,0,29,8,0,8,37
03/29/2020,FAY,NC,ASO,EN,Combined TRACON& Tower with Radar,9,10,2,0,21,0,0,10,0,10,9,10,12,0,31,18,0,18,49
03/30/2020,FAY,NC,ASO,EN,Combined TRACON& Tower with Radar,6,4,13,0,23,0,0,22,0,22,6,4,35,0,45,14,0,14,59
03/31/2020,FAY,NC,ASO,EN,Combined TRACON& Tower with Radar,5,3,8,5,21,0,0,8,1,9,5,3,16,6,30,8,18,26,56
04/01/2020,FAY,NC,ASO,EN,Combined TRACON& Tower with Radar,4,5,5,3,17,0,0,5,0,5,4,5,10,3,22,16,0,16,38
04/02/2020,FAY,NC,ASO,EN,Combined TRACON& Tower with Radar,4,3,2,1,10,0,0,2,1,3,4,3,4,2,13,0,0,0,13
04/03/2020,FAY,NC,ASO,EN,Combined TRACON& Tower with Radar,8,4,4,0,16,0,0,15,0,15,8,4,19,0,31,6,0,6,37
04/04/2020,FAY,NC,ASO,EN,Combined TRACON& Tower with Radar,3,4,3,0,10,0,0,28,0,28,3,4,31,0,38,20,0,20,58
04/05/2020,FAY,NC,ASO,EN,Combined TRACON& Tower with Radar,3,4,8,0,15,0,0,32,0,32,3,4,40,0,47,43,0,43,90
04/06/2020,FAY,NC,ASO,EN,Combined TRACON& Tower with Radar,4,7,4,3,18,0,0,11,3,14,4,7,15,6,32,2,2,4,36
04/07/2020,FAY,NC,ASO,EN,Combined TRACON& Tower with Radar,4,5,6,0,15,0,0,18,0,18,4,5,24,0,33,14,0,14,47
04/08/2020,FAY,NC,ASO,EN,Combined TRACON& Tower with Radar,4,4,7,1,16,0,0,12,1,13,4,4,19,2,29,0,0,0,29
04/09/2020,FAY,NC,ASO,EN,Combined TRACON& Tower with Radar,4,4,16,2,26,0,0,9,0,9,4,4,25,2,35,24,10,34,69
04/10/2020,FAY,NC,ASO,EN,Combined TRACON& Tower with Radar,6,4,5,0,15,0,0,6,0,6,6,4,11,0,21,0,0,0,21
04/11/2020,FAY,NC,ASO,EN,Combined TRACON& Tower with Radar,4,4,3,0,11,0,0,17,0,17,4,4,20,0,28,0,0,0,28
04/12/2020,FAY,NC,ASO,EN,Combined TRACON& Tower with Radar,3,6,0,0,9,0,0,4,0,4,3,6,4,0,13,0,0,0,13
04/13/2020,FAY,NC,ASO,EN,Combined TRACON& Tower with Radar,3,8,0,1,12,0,0,0,1,1,3,8,0,2,13,0,0,0,13
04/14/2020,FAY,NC,ASO,EN,Combined TRACON& Tower with Radar,6,4,29,2,41,0,0,25,0,25,6,4,54,2,66,28,0,28,94
04/15/2020,FAY,NC,ASO,EN,Combined TRACON& Tower with Radar,4,4,8,2,18,0,0,6,0,6,4,4,14,2,24,0,0,0,24
04/16/2020,FAY,NC,ASO,EN,Combined TRACON& Tower with Radar,4,4,10,3,21,0,0,8,1,9,4,4,18,4,30,30,0,30,60
04/17/2020,FAY,NC,ASO,EN,Combined TRACON& Tower with Radar,4,6,6,2,18,0,0,17,0,17,4,6,23,2,35,0,0,0,35
04/18/2020,FAY,NC,ASO,EN,Combined TRACON& Tower with Radar,2,5,0,0,7,0,0,6,0,6,2,5,6,0,13,0,0,0,13
04/19/2020,FAY,NC,ASO,EN,Combined TRACON& Tower with Radar,4,6,11,0,21,0,0,10,0,10,4,6,21,0,31,21,0,21,52
04/20/2020,FAY,NC,ASO,EN,Combined TRACON& Tower with Radar,4,4,5,2,15,0,0,4,0,4,4,4,9,2,19,0,0,0,19
04/21/2020,FAY,NC,ASO,EN,Combined TRACON& Tower with Radar,4,4,18,7,33,0,0,16,2,18,4,4,34,9,51,50,6,56,107
04/22/2020,FAY,NC,ASO,EN,Combined TRACON& Tower with Radar,4,4,13,10,31,0,0,25,2,27,4,4,38,12,58,0,0,0,58
04/23/2020,FAY,NC,ASO,EN,Combined TRACON& Tower with Radar,4,4,3,6,17,0,0,3,0,3,4,4,6,6,20,18,4,22,42
04/24/2020,FAY,NC,ASO,EN,Combined TRACON& Tower with Radar,4,4,2,2,12,0,0,8,0,8,4,4,10,2,20,0,0,0,20
04/25/2020,FAY,NC,ASO,EN,Combined TRACON& Tower with Radar,3,4,13,9,29,0,0,1,0,1,3,4,14,9,30,0,54,54,84
04/26/2020,FAY,NC,ASO,EN,Combined TRACON& Tower with Radar,5,2,5,0,12,0,0,15,0,15,5,2,20,0,27,22,0,22,49
04/27/2020,FAY,NC,ASO,EN,Combined TRACON& Tower with Radar,4,2,15,4,25,0,0,18,0,18,4,2,33,4,43,8,0,8,51
04/28/2020,FAY,NC,ASO,EN,Combined TRACON& Tower with Radar,4,4,23,8,39,0,0,23,2,25,4,4,46,10,64,36,4,40,104
04/29/2020,FAY,NC,ASO,EN,Combined TRACON& Tower with Radar,4,3,11,1,19,0,0,9,1,10,4,3,20,2,29,6,0,6,35
04/30/2020,FAY,NC,ASO,EN,Combined TRACON& Tower with Radar,4,4,16,3,27,0,0,7,1,8,4,4,23,4,35,0,0,0,35
05/01/2020,FAY,NC,ASO,EN,Combined TRACON& Tower with Radar,4,4,10,1,19,0,0,20,1,21,4,4,30,2,40,14,0,14,54
05/02/2020,FAY,NC,ASO,EN,Combined TRACON& Tower with Radar,4,4,13,0,21,0,0,31,0,31,4,4,44,0,52,20,0,20,72
05/03/2020,FAY,NC,ASO,EN,Combined TRACON& Tower with Radar,5,4,14,0,23,0,0,24,0,24,5,4,38,0,47,24,0,24,71
05/04/2020,FAY,NC,ASO,EN,Combined TRACON& Tower with Radar,4,4,10,5,23,0,0,32,5,37,4,4,42,10,60,28,0,28,88
05/05/2020,FAY,NC,ASO,EN,Combined TRACON& Tower with Radar,4,4,13,8,29,0,0,11,0,11,4,4,24,8,40,16,0,16,56
05/06/2020,FAY,NC,ASO,EN,Combined TRACON& Tower with Radar,4,7,3,15,29,0,0,11,0,11,4,7,14,15,40,4,14,18,58
05/07/2020,FAY,NC,ASO,EN,Combined TRACON& Tower with Radar,3,4,23,14,44,0,0,28,2,30,3,4,51,16,74,38,14,52,126
05/08/2020,FAY,NC,ASO,EN,Combined TRACON& Tower with Radar,4,4,8,12,28,0,0,6,0,6,4,4,14,12,34,10,0,10,44
05/09/2020,FAY,NC,ASO,EN,Combined TRACON& Tower with Radar,6,4,7,0,17,0,0,20,0,20,6,4,27,0,37,20,0,20,57
05/10/2020,FAY,NC,ASO,EN,Combined TRACON& Tower with Radar,4,4,15,0,23,0,2,24,0,26,4,6,39,0,49,14,0,14,63
05/11/2020,FAY,NC,ASO,EN,Combined TRACON& Tower with Radar,4,4,6,15,29,0,0,13,0,13,4,4,19,15,42,32,6,38,80
05/12/2020,FAY,NC,ASO,EN,Combined TRACON& Tower with Radar,4,6,20,12,42,0,0,20,2,22,4,6,40,14,64,36,0,36,100
05/13/2020,FAY,NC,ASO,EN,Combined TRACON& Tower with Radar,4,4,19,8,35,0,0,19,5,24,4,4,38,13,59,10,4,14,73
05/14/2020,FAY,NC,ASO,EN,Combined TRACON& Tower with Radar,5,3,15,15,38,0,0,22,0,22,5,3,37,15,60,74,0,74,134
05/15/2020,FAY,NC,ASO,EN,Combined TRACON& Tower with Radar,7,1,12,9,29,0,0,34,0,34,7,1,46,9,63,10,0,10,73
05/16/2020,FAY,NC,ASO,EN,Combined TRACON& Tower with Radar,6,4,20,4,34,0,0,38,0,38,6,4,58,4,72,54,0,54,126
05/17/2020,FAY,NC,ASO,EN,Combined TRACON& Tower with Radar,4,4,23,1,32,0,0,14,0,14,4,4,37,1,46,42,0,42,88
05/18/2020,FAY,NC,ASO,EN,Combined TRACON& Tower with Radar,4,2,29,2,37,0,0,7,0,7,4,2,36,2,44,12,0,12,56
05/19/2020,FAY,NC,ASO,EN,Combined TRACON& Tower with Radar,4,4,8,6,22,0,0,0,0,0,4,4,8,6,22,0,0,0,22
05/20/2020,FAY,NC,ASO,EN,Combined TRACON& Tower with Radar,4,4,18,0,26,0,0,0,0,0,4,4,18,0,26,0,0,0,26
05/21/2020,FAY,NC,ASO,EN,Combined TRACON& Tower with Radar,4,4,15,9,32,0,0,0,0,0,4,4,15,9,32,0,0,0,32
05/22/2020,FAY,NC,ASO,EN,Combined TRACON& Tower with Radar,4,6,18,12,40,0,0,20,0,20,4,6,38,12,60,16,0,16,76
05/23/2020,FAY,NC,ASO,EN,Combined TRACON& Tower with Radar,4,5,6,0,15,0,0,10,0,10,4,5,16,0,25,0,0,0,25
05/24/2020,FAY,NC,ASO,EN,Combined TRACON& Tower with Radar,4,4,6,0,14,0,0,11,0,11,4,4,17,0,25,26,0,26,51
05/25/2020,FAY,NC,ASO,EN,Combined TRACON& Tower with Radar,4,4,17,0,25,0,0,19,0,19,4,4,36,0,44,2,0,2,46
05/26/2020,FAY,NC,ASO,EN,Combined TRACON& Tower with Radar,4,4,24,7,39,0,0,9,1,10,4,4,33,8,49,40,2,42,91
05/27/2020,FAY,NC,ASO,EN,Combined TRACON& Tower with Radar,4,4,9,4,21,0,0,0,0,0,4,4,9,4,21,0,0,0,21
05/28/2020,FAY,NC,ASO,EN,Combined TRACON& Tower with Radar,4,6,19,11,40,0,0,5,1,6,4,6,24,12,46,40,20,60,106
05/29/2020,FAY,NC,ASO,EN,Combined TRACON& Tower with Radar,4,4,7,2,17,0,0,2,0,2,4,4,9,2,19,0,6,6,25
05/30/2020,FAY,NC,ASO,EN,Combined TRACON& Tower with Radar,4,4,14,1,23,0,0,15,0,15,4,4,29,1,38,14,16,30,68
05/31/2020,FAY,NC,ASO,EN,Combined TRACON& Tower with Radar,4,4,11,0,19,0,0,22,0,22,4,4,33,0,41,12,0,12,53
06/01/2020,FAY,NC,ASO,EN,Combined TRACON& Tower with Radar,4,4,14,13,35,0,0,32,3,35,4,4,46,16,70,30,12,42,112
06/02/2020,FAY,NC,ASO,EN,Combined TRACON& Tower with Radar,7,1,20,4,32,0,2,37,0,39,7,3,57,4,71,12,0,12,83
06/03/2020,FAY,NC,ASO,EN,Combined TRACON& Tower with Radar,8,1,15,15,39,0,0,24,2,26,8,1,39,17,65,8,14,22,87
06/04/2020,FAY,NC,ASO,EN,Combined TRACON& Tower with Radar,8,0,17,16,41,0,0,41,2,43,8,0,58,18,84,16,22,38,122
06/05/2020,FAY,NC,ASO,EN,Combined TRACON& Tower with Radar,9,2,7,0,18,0,0,5,0,5,9,2,12,0,23,28,0,28,51
06/06/2020,FAY,NC,ASO,EN,Combined TRACON& Tower with Radar,9,2,9,0,20,0,0,35,0,35,9,2,44,0,55,40,0,40,95
06/07/2020,FAY,NC,ASO,EN,Combined TRACON& Tower with Radar,8,0,10,0,18,0,0,14,0,14,8,0,24,0,32,14,0,14,46
06/08/2020,FAY,NC,ASO,EN,Combined TRACON& Tower with Radar,8,0,28,9,45,0,0,11,0,11,8,0,39,9,56,26,0,26,82
06/09/2020,FAY,NC,ASO,EN,Combined TRACON& Tower with Radar,8,0,19,1,28,0,0,10,1,11,8,0,29,2,39,0,0,0,39
06/10/2020,FAY,NC,ASO,EN,Combined TRACON& Tower with Radar,8,0,33,10,51,0,0,14,0,14,8,0,47,10,65,4,0,4,69
06/11/2020,FAY,NC,ASO,EN,Combined TRACON& Tower with Radar,10,2,4,2,18,0,0,0,0,0,10,2,4,2,18,0,0,0,18
06/12/2020,FAY,NC,ASO,EN,Combined TRACON& Tower with Radar,8,0,29,9,46,0,0,18,0,18,8,0,47,9,64,14,0,14,78
06/13/2020,FAY,NC,ASO,EN,Combined TRACON& Tower with Radar,8,0,24,2,34,0,0,35,2,37,8,0,59,4,71,24,0,24,95
06/14/2020,FAY,NC,ASO,EN,Combined TRACON& Tower with Radar,8,2,16,0,26,0,0,23,0,23,8,2,39,0,49,80,0,80,129
06/15/2020,FAY,NC,ASO,EN,Combined TRACON& Tower with Radar,8,1,0,0,9,0,0,0,0,0,8,1,0,0,9,0,0,0,9
06/16/2020,FAY,NC,ASO,EN,Combined TRACON& Tower with Radar,10,1,5,2,18,0,0,0,0,0,10,1,5,2,18,0,0,0,18
06/17/2020,FAY,NC,ASO,EN,Combined TRACON& Tower with Radar,8,0,20,12,40,0,0,6,4,10,8,0,26,16,50,40,32,72,122
06/18/2020,FAY,NC,ASO,EN,Combined TRACON& Tower with Radar,10,2,29,6,47,0,0,25,0,25,10,2,54,6,72,30,0,30,102
06/19/2020,FAY,NC,ASO,EN,Combined TRACON& Tower with Radar,10,0,22,4,36,0,0,20,0,20,10,0,42,4,56,8,0,8,64
06/20/2020,FAY,NC,ASO,EN,Combined TRACON& Tower with Radar,10,3,8,0,21,0,3,15,0,18,10,6,23,0,39,68,0,68,107
06/21/2020,FAY,NC,ASO,EN,Combined TRACON& Tower with Radar,10,2,19,0,31,0,0,34,0,34,10,2,53,0,65,88,0,88,153
06/22/2020,FAY,NC,ASO,EN,Combined TRACON& Tower with Radar,10,2,18,10,40,0,1,21,0,22,10,3,39,10,62,23,0,23,85
06/23/2020,FAY,NC,ASO,EN,Combined TRACON& Tower with Radar,10,0,18,5,33,0,0,18,3,21,10,0,36,8,54,2,4,6,60
06/24/2020,FAY,NC,ASO,EN,Combined TRACON& Tower with Radar,10,1,15,15,41,0,0,22,4,26,10,1,37,19,67,12,24,36,103
06/25/2020,FAY,NC,ASO,EN,Combined TRACON& Tower with Radar,10,1,25,9,45,0,0,5,0,5,10,1,30,9,50,16,0,16,66
06/26/2020,FAY,NC,ASO,EN,Combined TRACON& Tower with Radar,10,0,19,5,34,0,0,42,1,43,10,0,61,6,77,22,18,40,117
06/27/2020,FAY,NC,ASO,EN,Combined TRACON& Tower with Radar,12,0,8,0,20,0,0,36,0,36,12,0,44,0,56,64,0,64,120
06/28/2020,FAY,NC,ASO,EN,Combined TRACON& Tower with Radar,10,2,16,2,30,0,0,29,0,29,10,2,45,2,59,48,0,48,107
06/29/2020,FAY,NC,ASO,EN,Combined TRACON& Tower with Radar,10,0,26,12,48,0,0,30,1,31,10,0,56,13,79,62,0,62,141
06/30/2020,FAY,NC,ASO,EN,Combined TRACON& Tower with Radar,12,2,12,0,26,0,0,19,0,19,12,2,31,0,45,26,0,26,71
07/01/2020,FAY,NC,ASO,EN,Combined TRACON& Tower with Radar,10,0,15,10,35,0,0,15,3,18,10,0,30,13,53,40,16,56,109
07/02/2020,FAY,NC,ASO,EN,Combined TRACON& Tower with Radar,10,4,19,5,38,0,0,21,0,21,10,4,40,5,59,36,0,36,95
07/03/2020,FAY,NC,ASO,EN,Combined TRACON& Tower with Radar,10,0,15,0,25,0,0,29,0,29,10,0,44,0,54,58,0,58,112
07/04/2020,FAY,NC,ASO,EN,Combined TRACON& Tower with Radar,8,0,10,0,18,0,0,15,0,15,8,0,25,0,33,22,0,22,55
07/05/2020,FAY,NC,ASO,EN,Combined TRACON& Tower with Radar,10,4,14,0,28,0,0,24,0,24,10,4,38,0,52,32,0,32,84
07/06/2020,FAY,NC,ASO,EN,Combined TRACON& Tower with Radar,10,0,15,0,25,0,0,25,0,25,10,0,40,0,50,42,0,42,92
07/07/2020,FAY,NC,ASO,EN,Combined TRACON& Tower with Radar,10,1,28,10,49,0,0,10,0,10,10,1,38,10,59,0,0,0,59
07/08/2020,FAY,NC,ASO,EN,Combined TRACON& Tower with Radar,12,0,17,15,44,0,0,10,0,10,12,0,27,15,54,0,0,0,54
07/09/2020,FAY,NC,ASO,EN,Combined TRACON& Tower with Radar,12,6,16,22,56,0,0,11,0,11,12,6,27,22,67,24,26,50,117
07/10/2020,FAY,NC,ASO,EN,Combined TRACON& Tower with Radar,14,5,28,9,56,0,0,35,1,36,14,5,63,10,92,52,18,70,162
07/11/2020,FAY,NC,ASO,EN,Combined TRACON& Tower with Radar,12,2,6,0,20,0,0,37,0,37,12,2,43,0,57,51,0,51,108
07/12/2020,FAY,NC,ASO,EN,Combined TRACON& Tower with Radar,12,2,17,2,33,0,0,29,0,29,12,2,46,2,62,36,0,36,98
07/13/2020,FAY,NC,ASO,EN,Combined TRACON& Tower with Radar,12,3,8,19,42,0,0,19,6,25,12,3,27,25,67,8,24,32,99
07/14/2020,FAY,NC,ASO,EN,Combined TRACON& Tower with Radar,12,1,19,6,38,0,0,43,0,43,12,1,62,6,81,22,0,22,103
07/15/2020,FAY,NC,ASO,EN,Combined TRACON& Tower with Radar,12,6,10,13,41,0,0,19,4,23,12,6,29,17,64,38,22,60,124
07/16/2020,FAY,NC,ASO,EN,Combined TRACON& Tower with Radar,12,2,9,12,35,0,1,20,1,22,12,3,29,13,57,30,6,36,93
07/17/2020,FAY,NC,ASO,EN,Combined TRACON& Tower with Radar,14,2,25,7,48,0,0,34,1,35,14,2,59,8,83,60,10,70,153
07/18/2020,FAY,NC,ASO,EN,Combined TRACON& Tower with Radar,12,7,6,0,25,0,5,14,2,21,12,12,20,2,46,14,0,14,60
07/19/2020,FAY,NC,ASO,EN,Combined TRACON& Tower with Radar,12,11,16,0,39,0,5,27,0,32,12,16,43,0,71,40,0,40,111
07/20/2020,FAY,NC,ASO,EN,Combined TRACON& Tower with Radar,12,2,13,15,42,0,0,19,1,20,12,2,32,16,62,12,16,28,90
07/21/2020,FAY,NC,ASO,EN,Combined TRACON& Tower with Radar,12,0,13,16,41,0,0,33,8,41,12,0,46,24,82,16,22,38,120
07/22/2020,FAY,NC,ASO,EN,Combined TRACON& Tower with Radar,12,3,15,10,40,0,3,16,2,21,12,6,31,12,61,48,0,48,109
07/23/2020,FAY,NC,ASO,EN,Combined TRACON& Tower with Radar,12,2,11,11,36,0,0,17,3,20,12,2,28,14,56,38,2,40,96
07/24/2020,FAY,NC,ASO,EN,Combined TRACON& Tower with Radar,15,2,15,10,42,0,0,11,0,11,15,2,26,10,53,78,0,78,131
07/25/2020,FAY,NC,ASO,EN,Combined TRACON& Tower with Radar,14,7,14,0,35,0,3,30,0,33,14,10,44,0,68,36,0,36,104
07/26/2020,FAY,NC,ASO,EN,Combined TRACON& Tower with Radar,14,4,14,0,32,0,1,30,0,31,14,5,44,0,63,56,0,56,119
07/27/2020,FAY,NC,ASO,EN,Combined TRACON& Tower with Radar,16,2,16,8,42,0,0,32,2,34,16,2,48,10,76,76,10,86,162
07/28/2020,FAY,NC,ASO,EN,Combined TRACON& Tower with Radar,14,0,17,22,53,0,0,9,0,9,14,0,26,22,62,72,22,94,156
07/29/2020,FAY,NC,ASO,EN,Combined TRACON& Tower with Radar,14,2,9,4,29,0,0,18,0,18,14,2,27,4,47,46,0,46,93
07/30/2020,FAY,NC,ASO,EN,Combined TRACON& Tower with Radar,13,7,17,4,41,0,3,15,1,19,13,10,32,5,60,42,0,42,102
07/31/2020,FAY,NC,ASO,EN,Combined TRACON& Tower with Radar,14,2,11,3,30,0,0,16,3,19,14,2,27,6,49,20,0,20,69
08/01/2020,FAY,NC,ASO,EN,Combined TRACON& Tower with Radar,14,3,6,0,23,0,1,20,0,21,14,4,26,0,44,32,0,32,76
08/02/2020,FAY,NC,ASO,EN,Combined TRACON& Tower with Radar,16,4,27,0,47,0,0,28,0,28,16,4,55,0,75,74,0,74,149
08/03/2020,FAY,NC,ASO,EN,Combined TRACON& Tower with Radar,13,2,4,6,25,0,0,5,0,5,13,2,9,6,30,8,0,8,38
08/04/2020,FAY,NC,ASO,EN,Combined TRACON& Tower with Radar,13,0,12,4,29,0,0,22,0,22,13,0,34,4,51,36,8,44,95
08/05/2020,FAY,NC,ASO,EN,Combined TRACON& Tower with Radar,14,4,16,24,58,0,1,10,0,11,14,5,26,24,69,22,4,26,95
08/06/2020,FAY,NC,ASO,EN,Combined TRACON& Tower with Radar,14,2,23,11,50,0,0,19,3,22,14,2,42,14,72,24,46,70,142
08/07/2020,FAY,NC,ASO,EN,Combined TRACON& Tower with Radar,14,2,20,3,39,0,0,3,1,4,14,2,23,4,43,0,0,0,43
08/08/2020,FAY,NC,ASO,EN,Combined TRACON& Tower with Radar,14,2,13,0,29,0,2,24,0,26,14,4,37,0,55,22,0,22,77
08/09/2020,FAY,NC,ASO,EN,Combined TRACON& Tower with Radar,14,2,7,2,25,0,0,6,0,6,14,2,13,2,31,20,0,20,51
08/10/2020,FAY,NC,ASO,EN,Combined TRACON& Tower with Radar,14,2,17,6,39,0,0,16,0,16,14,2,33,6,55,46,20,66,121
08/11/2020,FAY,NC,ASO,EN,Combined TRACON& Tower with Radar,14,0,15,11,40,0,0,21,9,30,14,0,36,20,70,41,16,57,127
08/12/2020,FAY,NC,ASO,EN,Combined TRACON& Tower with Radar,14,0,21,5,40,0,1,35,1,37,14,1,56,6,77,136,0,136,213
08/13/2020,FAY,NC,ASO,EN,Combined TRACON& Tower with Radar,14,2,22,13,51,0,0,22,0,22,14,2,44,13,73,94,9,103,176
08/14/2020,FAY,NC,ASO,EN,Combined TRACON& Tower with Radar,14,2,11,1,28,0,0,10,1,11,14,2,21,2,39,12,6,18,57
08/15/2020,FAY,NC,ASO,EN,Combined TRACON& Tower with Radar,14,2,14,1,31,0,0,8,1,9,14,2,22,2,40,16,0,16,56
08/16/2020,FAY,NC,ASO,EN,Combined TRACON& Tower with Radar,14,2,14,0,30,0,0,11,0,11,14,2,25,0,41,38,0,38,79
08/17/2020,FAY,NC,ASO,EN,Combined TRACON& Tower with Radar,14,2,15,4,35,0,0,22,0,22,14,2,37,4,57,32,0,32,89
08/18/2020,FAY,NC,ASO,EN,Combined TRACON& Tower with Radar,14,1,12,7,34,0,1,38,8,47,14,2,50,15,81,52,12,64,145
08/19/2020,FAY,NC,ASO,EN,Combined TRACON& Tower with Radar,14,1,22,2,39,0,0,18,1,19,14,1,40,3,58,16,8,24,82
08/20/2020,FAY,NC,ASO,EN,Combined TRACON& Tower with Radar,14,2,16,1,33,0,0,12,1,13,14,2,28,2,46,38,0,38,84
08/21/2020,FAY,NC,ASO,EN,Combined TRACON& Tower with Radar,14,4,15,2,35,0,0,2,0,2,14,4,17,2,37,0,0,0,37
08/22/2020,FAY,NC,ASO,EN,Combined TRACON& Tower with Radar,14,2,19,4,39,0,0,20,0,20,14,2,39,4,59,34,0,34,93
08/23/2020,FAY,NC,ASO,EN,Combined TRACON& Tower with Radar,14,4,14,0,32,0,0,29,0,29,14,4,43,0,61,54,0,54,115
08/24/2020,FAY,NC,ASO,EN,Combined TRACON& Tower with Radar,14,2,12,2,30,0,0,7,0,7,14,2,19,2,37,44,0,44,81
08/25/2020,FAY,NC,ASO,EN,Combined TRACON& Tower with Radar,14,0,26,18,58,0,0,32,1,33,14,0,58,19,91,56,2,58,149
08/26/2020,FAY,NC,ASO,EN,Combined TRACON& Tower with Radar,14,2,17,14,47,0,0,30,0,30,14,2,47,14,77,34,10,44,121
08/27/2020,FAY,NC,ASO,EN,Combined TRACON& Tower with Radar,14,4,21,8,47,0,0,23,0,23,14,4,44,8,70,50,0,50,120
08/28/2020,FAY,NC,ASO,EN,Combined TRACON& Tower with Radar,16,2,16,3,37,0,0,40,0,40,16,2,56,3,77,46,0,46,123
08/29/2020,FAY,NC,ASO,EN,Combined TRACON& Tower with Radar,14,2,8,0,24,0,0,7,0,7,14,2,15,0,31,12,0,12,43
08/30/2020,FAY,NC,ASO,EN,Combined TRACON& Tower with Radar,12,2,14,6,34,0,0,37,0,37,12,2,51,6,71,138,0,138,209
08/31/2020,FAY,NC,ASO,EN,Combined TRACON& Tower with Radar,16,2,21,8,47,0,1,11,1,13,16,3,32,9,60,34,0,34,94
09/01/2020,FAY,NC,ASO,EN,Combined TRACON& Tower with Radar,14,0,28,8,50,0,0,19,0,19,14,0,47,8,69,32,0,32,101
09/02/2020,FAY,NC,ASO,EN,Combined TRACON& Tower with Radar,14,2,16,4,36,0,0,17,1,18,14,2,33,5,54,68,0,68,122
09/03/2020,FAY,NC,ASO,EN,Combined TRACON& Tower with Radar,14,4,34,20,72,0,0,36,1,37,14,4,70,21,109,74,10,84,193
09/04/2020,FAY,NC,ASO,EN,Combined TRACON& Tower with Radar,14,3,19,5,41,0,0,35,1,36,14,3,54,6,77,32,6,38,115
09/05/2020,FAY,NC,ASO,EN,Combined TRACON& Tower with Radar,14,4,9,0,27,0,0,11,0,11,14,4,20,0,38,8,0,8,46
09/06/2020,FAY,NC,ASO,EN,Combined TRACON& Tower with Radar,13,1,10,0,24,0,0,26,0,26,13,1,36,0,50,64,0,64,114
09/07/2020,FAY,NC,ASO,EN,Combined TRACON& Tower with Radar,13,2,19,0,34,0,0,40,0,40,13,2,59,0,74,82,0,82,156
09/08/2020,FAY,NC,ASO,EN,Combined TRACON& Tower with Radar,14,0,25,2,41,0,0,18,0,18,14,0,43,2,59,38,0,38,97
09/09/2020,FAY,NC,ASO,EN,Combined TRACON& Tower with Radar,16,0,8,12,36,0,0,0,0,0,16,0,8,12,36,0,0,0,36
09/10/2020,FAY,NC,ASO,EN,Combined TRACON& Tower with Radar,16,0,22,2,40,0,0,9,0,9,16,0,31,2,49,30,0,30,79
09/11/2020,FAY,NC,ASO,EN,Combined TRACON& Tower with Radar,16,1,20,4,41,0,0,6,0,6,16,1,26,4,47,58,0,58,105
09/12/2020,FAY,NC,ASO,EN,Combined TRACON& Tower with Radar,16,0,15,2,33,0,0,1,0,1,16,0,16,2,34,6,0,6,40
09/13/2020,FAY,NC,ASO,EN,Combined TRACON& Tower with Radar,16,1,25,0,42,0,0,23,0,23,16,1,48,0,65,56,0,56,121
09/14/2020,FAY,NC,ASO,EN,Combined TRACON& Tower with Radar,16,0,25,7,48,0,0,19,1,20,16,0,44,8,68,56,0,56,124
09/15/2020,FAY,NC,ASO,EN,Combined TRACON& Tower with Radar,16,0,6,8,30,0,0,23,1,24,16,0,29,9,54,30,0,30,84
09/16/2020,FAY,NC,ASO,EN,Combined TRACON& Tower with Radar,16,0,15,4,35,0,0,15,0,15,16,0,30,4,50,12,0,12,62
09/17/2020,FAY,NC,ASO,EN,Combined TRACON& Tower with Radar,16,0,7,0,23,0,0,0,0,0,16,0,7,0,23,0,0,0,23
09/18/2020,FAY,NC,ASO,EN,Combined TRACON& Tower with Radar,14,1,14,6,35,0,0,0,2,2,14,1,14,8,37,0,0,0,37
09/19/2020,FAY,NC,ASO,EN,Combined TRACON& Tower with Radar,16,0,9,3,28,0,0,8,0,8,16,0,17,3,36,24,0,24,60
09/20/2020,FAY,NC,ASO,EN,Combined TRACON& Tower with Radar,16,0,22,8,46,0,0,21,0,21,16,0,43,8,67,22,0,22,89
09/21/2020,FAY,NC,ASO,EN,Combined TRACON& Tower with Radar,16,1,11,2,30,0,0,40,4,44,16,1,51,6,74,48,12,60,134
09/22/2020,FAY,NC,ASO,EN,Combined TRACON& Tower with Radar,16,1,24,10,51,0,0,43,1,44,16,1,67,11,95,38,10,48,143
09/23/2020,FAY,NC,ASO,EN,Combined TRACON& Tower with Radar,16,1,18,13,48,0,1,45,0,46,16,2,63,13,94,56,0,56,150
09/24/2020,FAY,NC,ASO,EN,Combined TRACON& Tower with Radar,15,3,14,10,42,0,0,25,0,25,15,3,39,10,67,42,0,42,109
09/25/2020,FAY,NC,ASO,EN,Combined TRACON& Tower with Radar,18,0,6,9,33,0,0,0,0,0,18,0,6,9,33,0,0,0,33
09/26/2020,FAY,NC,ASO,EN,Combined TRACON& Tower with Radar,16,0,9,0,25,0,2,14,0,16,16,2,23,0,41,44,0,44,85
09/27/2020,FAY,NC,ASO,EN,Combined TRACON& Tower with Radar,16,1,13,5,35,0,0,17,1,18,16,1,30,6,53,14,0,14,67
09/28/2020,FAY,NC,ASO,EN,Combined TRACON& Tower with Radar,18,1,12,10,41,0,0,15,0,15,18,1,27,10,56,8,12,20,76
09/29/2020,FAY,NC,ASO,EN,Combined TRACON& Tower with Radar,14,0,20,2,36,0,2,4,0,6,14,2,24,2,42,16,0,16,58
09/30/2020,FAY,NC,ASO,EN,Combined TRACON& Tower with Radar,17,2,12,4,35,0,1,38,0,39,17,3,50,4,74,86,0,86,160
10/01/2020,FAY,NC,ASO,EN,Combined TRACON& Tower with Radar,17,2,18,4,41,0,0,32,1,33,17,2,50,5,74,68,0,68,142
10/02/2020,FAY,NC,ASO,EN,Combined TRACON& Tower with Radar,16,0,16,0,32,0,0,37,0,37,16,0,53,0,69,28,0,28,97
10/03/2020,FAY,NC,ASO,EN,Combined TRACON& Tower with Radar,16,2,11,0,29,0,0,32,0,32,16,2,43,0,61,14,0,14,75
10/04/2020,FAY,NC,ASO,EN,Combined TRACON& Tower with Radar,16,1,10,0,27,0,0,17,0,17,16,1,27,0,44,70,0,70,114
10/05/2020,FAY,NC,ASO,EN,Combined TRACON& Tower with Radar,16,3,18,8,45,0,0,30,5,35,16,3,48,13,80,54,14,68,148
10/06/2020,FAY,NC,ASO,EN,Combined TRACON& Tower with Radar,16,2,14,3,35,0,0,23,1,24,16,2,37,4,59,10,0,10,69
10/07/2020,FAY,NC,ASO,EN,Combined TRACON& Tower with Radar,14,0,19,4,37,0,0,13,0,13,14,0,32,4,50,32,0,32,82
10/08/2020,FAY,NC,ASO,EN,Combined TRACON& Tower with Radar,16,0,23,15,54,0,2,18,2,22,16,2,41,17,76,20,14,34,110
10/09/2020,FAY,NC,ASO,EN,Combined TRACON& Tower with Radar,16,0,30,0,46,0,0,17,0,17,16,0,47,0,63,58,0,58,121
10/10/2020,FAY,NC,ASO,EN,Combined TRACON& Tower with Radar,16,0,8,0,24,0,0,8,0,8,16,0,16,0,32,44,0,44,76
10/11/2020,FAY,NC,ASO,EN,Combined TRACON& Tower with Radar,16,1,9,0,26,0,0,0,0,0,16,1,9,0,26,0,0,0,26
10/12/2020,FAY,NC,ASO,EN,Combined TRACON& Tower with Radar,16,1,17,0,34,0,0,4,0,4,16,1,21,0,38,12,0,12,50
10/13/2020,FAY,NC,ASO,EN,Combined TRACON& Tower with Radar,14,0,15,4,33,0,0,27,0,27,14,0,42,4,60,48,0,48,108
10/14/2020,FAY,NC,ASO,EN,Combined TRACON& Tower with Radar,14,3,14,5,36,0,0,21,1,22,14,3,35,6,58,46,0,46,104
10/15/2020,FAY,NC,ASO,EN,Combined TRACON& Tower with Radar,16,1,19,10,46,0,0,35,0,35,16,1,54,10,81,28,0,28,109
10/16/2020,FAY,NC,ASO,EN,Combined TRACON& Tower with Radar,16,0,6,8,30,0,0,1,0,1,16,0,7,8,31,0,0,0,31
10/17/2020,FAY,NC,ASO,EN,Combined TRACON& Tower with Radar,16,0,16,1,33,0,2,31,0,33,16,2,47,1,66,48,0,48,114
10/18/2020,FAY,NC,ASO,EN,Combined TRACON& Tower with Radar,16,2,13,3,34,0,0,48,0,48,16,2,61,3,82,22,0,22,104
10/19/2020,FAY,NC,ASO,EN,Combined TRACON& Tower with Radar,16,0,19,2,37,0,0,11,0,11,16,0,30,2,48,28,0,28,76
10/20/2020,FAY,NC,ASO,EN,Combined TRACON& Tower with Radar,14,0,16,19,49,0,0,21,0,21,14,0,37,19,70,26,18,44,114
10/21/2020,FAY,NC,ASO,EN,Combined TRACON& Tower with Radar,14,0,9,4,27,0,0,11,0,11,14,0,20,4,38,32,0,32,70
10/22/2020,FAY,NC,ASO,EN,Combined TRACON& Tower with Radar,16,0,17,11,44,0,0,29,0,29,16,0,46,11,73,50,6,56,129
10/23/2020,FAY,NC,ASO,EN,Combined TRACON& Tower with Radar,16,1,14,3,34,0,0,41,4,45,16,1,55,7,79,70,0,70,149
10/24/2020,FAY,NC,ASO,EN,Combined TRACON& Tower with Radar,14,3,7,5,29,0,0,29,4,33,14,3,36,9,62,24,0,24,86
10/25/2020,FAY,NC,ASO,EN,Combined TRACON& Tower with Radar,14,2,11,2,29,0,0,0,0,0,14,2,11,2,29,0,0,0,29
10/26/2020,FAY,NC,ASO,EN,Combined TRACON& Tower with Radar,14,1,15,4,34,0,0,11,2,13,14,1,26,6,47,44,14,58,105
10/27/2020,FAY,NC,ASO,EN,Combined TRACON& Tower with Radar,12,2,12,6,32,0,0,21,4,25,12,2,33,10,57,44,14,58,115
10/28/2020,FAY,NC,ASO,EN,Combined TRACON& Tower with Radar,12,0,27,6,45,0,0,16,4,20,12,0,43,10,65,82,0,82,147
10/29/2020,FAY,NC,ASO,EN,Combined TRACON& Tower with Radar,14,2,4,0,20,0,0,0,5,5,14,2,4,5,25,0,0,0,25
10/30/2020,FAY,NC,ASO,EN,Combined TRACON& Tower with Radar,14,1,14,0,29,0,1,13,2,16,14,2,27,2,45,0,0,0,45
10/31/2020,FAY,NC,ASO,EN,Combined TRACON& Tower with Radar,11,0,10,0,21,0,2,50,1,53,11,2,60,1,74,32,0,32,106
11/01/2020,FAY,NC,ASO,EN,Combined TRACON& Tower with Radar,11,2,12,1,26,0,0,4,0,4,11,2,16,1,30,24,0,24,54
11/02/2020,FAY,NC,ASO,EN,Combined TRACON& Tower with Radar,14,1,13,8,36,0,0,17,4,21,14,1,30,12,57,18,4,22,79
11/03/2020,FAY,NC,ASO,EN,Combined TRACON& Tower with Radar,12,0,10,0,22,0,0,23,0,23,12,0,33,0,45,42,0,42,87
11/04/2020,FAY,NC,ASO,EN,Combined TRACON& Tower with Radar,12,0,11,12,35,0,0,24,0,24,12,0,35,12,59,48,0,48,107
11/05/2020,FAY,NC,ASO,EN,Combined TRACON& Tower with Radar,14,0,20,5,39,0,0,28,1,29,14,0,48,6,68,108,0,108,176
11/06/2020,FAY,NC,ASO,EN,Combined TRACON& Tower with Radar,14,1,17,2,34,0,0,20,0,20,14,1,37,2,54,42,0,42,96
11/07/2020,FAY,NC,ASO,EN,Combined TRACON& Tower with Radar,14,0,13,0,27,0,0,37,0,37,14,0,50,0,64,38,0,38,102
11/08/2020,FAY,NC,ASO,EN,Combined TRACON& Tower with Radar,16,0,14,0,30,0,0,29,0,29,16,0,43,0,59,74,0,74,133
11/09/2020,FAY,NC,ASO,EN,Combined TRACON& Tower with Radar,15,0,26,9,50,0,0,5,0,5,15,0,31,9,55,2,0,2,57
11/10/2020,FAY,NC,ASO,EN,Combined TRACON& Tower with Radar,15,0,16,22,53,0,0,25,0,25,15,0,41,22,78,56,16,72,150
11/11/2020,FAY,NC,ASO,EN,Combined TRACON& Tower with Radar,14,1,12,0,27,0,0,0,0,0,14,1,12,0,27,0,0,0,27
11/12/2020,FAY,NC,ASO,EN,Combined TRACON& Tower with Radar,16,2,5,4,27,0,0,0,0,0,16,2,5,4,27,0,0,0,27
11/13/2020,FAY,NC,ASO,EN,Combined TRACON& Tower with Radar,16,3,22,5,46,0,0,9,3,12,16,3,31,8,58,48,0,48,106
11/14/2020,FAY,NC,ASO,EN,Combined TRACON& Tower with Radar,16,1,17,0,34,0,0,54,0,54,16,1,71,0,88,83,0,83,171
11/15/2020,FAY,NC,ASO,EN,Combined TRACON& Tower with Radar,16,2,17,1,36,0,0,19,1,20,16,2,36,2,56,2,0,2,58
11/16/2020,FAY,NC,ASO,EN,Combined TRACON& Tower with Radar,16,2,23,9,50,0,2,14,3,19,16,4,37,12,69,20,4,24,93
11/17/2020,FAY,NC,ASO,EN,Combined TRACON& Tower with Radar,14,6,17,18,55,0,7,13,1,21,14,13,30,19,76,2,0,2,78
11/18/2020,FAY,NC,ASO,EN,Combined TRACON& Tower with Radar,13,1,15,19,48,0,0,26,3,29,13,1,41,22,77,32,6,38,115
11/19/2020,FAY,NC,ASO,EN,Combined TRACON& Tower with Radar,16,0,32,8,56,0,0,35,3,38,16,0,67,11,94,116,2,118,212
11/20/2020,FAY,NC,ASO,EN,Combined TRACON& Tower with Radar,20,1,15,10,46,0,0,26,0,26,20,1,41,10,72,44,0,44,116
11/21/2020,FAY,NC,ASO,EN,Combined TRACON& Tower with Radar,18,1,12,0,31,0,0,57,1,58,18,1,69,1,89,144,0,144,233
11/22/2020,FAY,NC,ASO,EN,Combined TRACON& Tower with Radar,20,0,22,2,44,0,0,37,0,37,20,0,59,2,81,50,0,50,131
11/23/2020,FAY,NC,ASO,EN,Combined TRACON& Tower with Radar,16,0,7,7,30,0,0,18,1,19,16,0,25,8,49,48,0,48,97
11/24/2020,FAY,NC,ASO,EN,Combined TRACON& Tower with Radar,20,0,17,4,41,0,1,36,3,40,20,1,53,7,81,78,0,78,159
11/25/2020,FAY,NC,ASO,EN,Combined TRACON& Tower with Radar,20,0,16,0,36,0,0,18,0,18,20,0,34,0,54,77,2,79,133
11/26/2020,FAY,NC,ASO,EN,Combined TRACON& Tower with Radar,6,0,0,0,6,0,0,1,0,1,6,0,1,0,7,0,0,0,7
11/27/2020,FAY,NC,ASO,EN,Combined TRACON& Tower with Radar,18,1,5,0,24,0,0,16,0,16,18,1,21,0,40,60,0,60,100
11/28/2020,FAY,NC,ASO,EN,Combined TRACON& Tower with Radar,19,1,13,0,33,0,0,26,0,26,19,1,39,0,59,40,0,40,99
11/29/2020,FAY,NC,ASO,EN,Combined TRACON& Tower with Radar,23,0,22,2,47,0,2,17,0,19,23,2,39,2,66,94,0,94,160
11/30/2020,FAY,NC,ASO,EN,Combined TRACON& Tower with Radar,22,0,9,6,37,0,0,0,0,0,22,0,9,6,37,4,0,4,41
12/01/2020,FAY,NC,ASO,EN,Combined TRACON& Tower with Radar,18,10,6,8,42,0,0,11,2,13,18,10,17,10,55,0,10,10,65
12/02/2020,FAY,NC,ASO,EN,Combined TRACON& Tower with Radar,12,0,2,18,32,0,0,24,4,28,12,0,26,22,60,16,18,34,94
12/03/2020,FAY,NC,ASO,EN,Combined TRACON& Tower with Radar,16,0,13,6,35,0,0,22,0,22,16,0,35,6,57,34,0,34,91
12/04/2020,FAY,NC,ASO,EN,Combined TRACON& Tower with Radar,16,2,18,19,55,0,0,25,2,27,16,2,43,21,82,4,36,40,122
12/05/2020,FAY,NC,ASO,EN,Combined TRACON& Tower with Radar,12,2,9,0,23,0,0,12,0,12,12,2,21,0,35,12,0,12,47
12/06/2020,FAY,NC,ASO,EN,Combined TRACON& Tower with Radar,16,0,10,0,26,0,0,11,0,11,16,0,21,0,37,10,0,10,47
12/07/2020,FAY,NC,ASO,EN,Combined TRACON& Tower with Radar,16,1,4,14,35,0,0,0,0,0,16,1,4,14,35,0,0,0,35
12/08/2020,FAY,NC,ASO,EN,Combined TRACON& Tower with Radar,12,4,13,10,39,0,2,18,8,28,12,6,31,18,67,22,24,46,113
12/09/2020,FAY,NC,ASO,EN,Combined TRACON& Tower with Radar,12,2,16,7,37,0,0,26,3,29,12,2,42,10,66,26,14,40,106
12/10/2020,FAY,NC,ASO,EN,Combined TRACON& Tower with Radar,16,3,18,17,54,0,1,19,4,24,16,4,37,21,78,42,6,48,126
12/11/2020,FAY,NC,ASO,EN,Combined TRACON& Tower with Radar,16,2,19,3,40,0,0,28,1,29,16,2,47,4,69,28,0,28,97
12/12/2020,FAY,NC,ASO,EN,Combined TRACON& Tower with Radar,12,0,16,0,28,0,0,31,0,31,12,0,47,0,59,38,0,38,97
12/13/2020,FAY,NC,ASO,EN,Combined TRACON& Tower with Radar,16,0,19,0,35,0,0,10,0,10,16,0,29,0,45,40,0,40,85
12/14/2020,FAY,NC,ASO,EN,Combined TRACON& Tower with Radar,22,0,2,12,36,0,0,0,3,3,22,0,2,15,39,0,0,0,39
12/15/2020,FAY,NC,ASO,EN,Combined TRACON& Tower with Radar,12,0,21,16,49,0,0,20,0,20,12,0,41,16,69,48,16,64,133
12/16/2020,FAY,NC,ASO,EN,Combined TRACON& Tower with Radar,12,2,10,0,24,0,0,0,0,0,12,2,10,0,24,0,0,0,24
12/17/2020,FAY,NC,ASO,EN,Combined TRACON& Tower with Radar,18,5,14,18,55,0,1,15,2,18,18,6,29,20,73,20,44,64,137
12/18/2020,FAY,NC,ASO,EN,Combined TRACON& Tower with Radar,18,0,36,9,63,0,0,29,3,32,18,0,65,12,95,25,6,31,126
12/19/2020,FAY,NC,ASO,EN,Combined TRACON& Tower with Radar,18,2,8,0,28,0,0,30,0,30,18,2,38,0,58,55,0,55,113
12/20/2020,FAY,NC,ASO,EN,Combined TRACON& Tower with Radar,18,5,9,0,32,0,0,0,0,0,18,5,9,0,32,0,0,0,32
12/21/2020,FAY,NC,ASO,EN,Combined TRACON& Tower with Radar,18,1,13,0,32,0,0,18,0,18,18,1,31,0,50,34,0,34,84
12/22/2020,FAY,NC,ASO,EN,Combined TRACON& Tower with Radar,16,0,14,2,32,0,0,28,0,28,16,0,42,2,60,80,0,80,140
12/23/2020,FAY,NC,ASO,EN,Combined TRACON& Tower with Radar,20,2,32,0,54,0,0,29,0,29,20,2,61,0,83,74,0,74,157
12/24/2020,FAY,NC,ASO,EN,Combined TRACON& Tower with Radar,14,0,6,0,20,0,0,2,0,2,14,0,8,0,22,0,0,0,22
12/25/2020,FAY,NC,ASO,EN,Combined TRACON& Tower with Radar,10,2,0,0,12,0,0,0,0,0,10,2,0,0,12,0,0,0,12
12/26/2020,FAY,NC,ASO,EN,Combined TRACON& Tower with Radar,16,3,11,0,30,0,3,23,0,26,16,6,34,0,56,63,0,63,119
12/27/2020,FAY,NC,ASO,EN,Combined TRACON& Tower with Radar,17,0,14,0,31,0,1,27,0,28,17,1,41,0,59,103,0,103,162
12/28/2020,FAY,NC,ASO,EN,Combined TRACON& Tower with Radar,19,0,6,2,27,0,0,10,0,10,19,0,16,2,37,24,0,24,61
12/29/2020,FAY,NC,ASO,EN,Combined TRACON& Tower with Radar,18,0,9,6,33,0,1,23,0,24,18,1,32,6,57,0,0,0,57
12/30/2020,FAY,NC,ASO,EN,Combined TRACON& Tower with Radar,18,0,12,0,30,0,0,20,0,20,18,0,32,0,50,0,0,0,50
12/31/2020,FAY,NC,ASO,EN,Combined TRACON& Tower with Radar,14,2,9,0,25,0,0,0,0,0,14,2,9,0,25,0,0,0,25
01/01/2021,FAY,NC,ASO,EN,Combined TRACON& Tower with Radar,12,0,3,0,15,0,0,0,0,0,12,0,3,0,15,0,0,0,15
01/02/2021,FAY,NC,ASO,EN,Combined TRACON& Tower with Radar,18,1,12,2,33,0,0,8,0,8,18,1,20,2,41,32,0,32,73
01/03/2021,FAY,NC,ASO,EN,Combined TRACON& Tower with Radar,18,1,14,0,33,0,0,6,0,6,18,1,20,0,39,40,0,40,79
01/04/2021,FAY,NC,ASO,EN,Combined TRACON& Tower with Radar,18,0,9,0,27,0,0,27,0,27,18,0,36,0,54,63,0,63,117
01/05/2021,FAY,NC,ASO,EN,Combined TRACON& Tower with Radar,13,0,5,10,28,0,0,7,0,7,13,0,12,10,35,26,0,26,61
01/06/2021,FAY,NC,ASO,EN,Combined TRACON& Tower with Radar,14,4,14,14,46,0,5,31,1,37,14,9,45,15,83,46,4,50,133
01/07/2021,FAY,NC,ASO,EN,Combined TRACON& Tower with Radar,18,0,12,10,40,0,0,28,1,29,18,0,40,11,69,28,4,32,101
01/08/2021,FAY,NC,ASO,EN,Combined TRACON& Tower with Radar,17,0,6,2,25,0,0,1,0,1,17,0,7,2,26,0,0,0,26
01/09/2021,FAY,NC,ASO,EN,Combined TRACON& Tower with Radar,15,0,4,4,23,0,0,39,0,39,15,0,43,4,62,36,0,36,98
01/10/2021,FAY,NC,ASO,EN,Combined TRACON& Tower with Radar,18,0,20,2,40,0,0,54,0,54,18,0,74,2,94,34,0,34,128
01/11/2021,FAY,NC,ASO,EN,Combined TRACON& Tower with Radar,18,1,11,13,43,0,0,10,1,11,18,1,21,14,54,30,14,44,98
01/12/2021,FAY,NC,ASO,EN,Combined TRACON& Tower with Radar,14,0,13,11,38,0,0,6,1,7,14,0,19,12,45,46,8,54,99
01/13/2021,FAY,NC,ASO,EN,Combined TRACON& Tower with Radar,14,2,10,10,36,0,1,15,4,20,14,3,25,14,56,20,24,44,100
01/14/2021,FAY,NC,ASO,EN,Combined TRACON& Tower with Radar,18,1,21,20,60,0,2,23,1,26,18,3,44,21,86,46,8,54,140
01/15/2021,FAY,NC,ASO,EN,Combined TRACON& Tower with Radar,18,2,17,4,41,0,0,13,0,13,18,2,30,4,54,26,0,26,80
01/16/2021,FAY,NC,ASO,EN,Combined TRACON& Tower with Radar,16,0,1,0,17,0,0,6,0,6,16,0,7,0,23,0,0,0,23
01/17/2021,FAY,NC,ASO,EN,Combined TRACON& Tower with Radar,16,1,11,0,28,0,0,22,0,22,16,1,33,0,50,40,0,40,90
01/18/2021,FAY,NC,ASO,EN,Combined TRACON& Tower with Radar,18,0,4,0,22,0,0,20,0,20,18,0,24,0,42,54,0,54,96
01/19/2021,FAY,NC,ASO,EN,Combined TRACON& Tower with Radar,14,3,14,14,45,0,0,25,1,26,14,3,39,15,71,40,0,40,111
01/20/2021,FAY,NC,ASO,EN,Combined TRACON& Tower with Radar,14,1,16,5,36,0,0,23,4,27,14,1,39,9,63,62,0,62,125
01/21/2021,FAY,NC,ASO,EN,Combined TRACON& Tower with Radar,18,1,19,13,51,0,4,22,0,26,18,5,41,13,77,58,0,58,135
01/22/2021,FAY,NC,ASO,EN,Combined TRACON& Tower with Radar,18,0,17,10,45,0,0,38,2,40,18,0,55,12,85,64,8,72,157
01/23/2021,FAY,NC,ASO,EN,Combined TRACON& Tower with Radar,14,0,1,0,15,0,0,27,0,27,14,0,28,0,42,0,0,0,42
01/24/2021,FAY,NC,ASO,EN,Combined TRACON& Tower with Radar,18,1,10,0,29,0,0,38,0,38,18,1,48,0,67,92,0,92,159
01/25/2021,FAY,NC,ASO,EN,Combined TRACON& Tower with Radar,16,3,8,0,27,0,0,0,0,0,16,3,8,0,27,0,0,0,27
01/26/2021,FAY,NC,ASO,EN,Combined TRACON& Tower with Radar,14,3,17,15,49,0,0,0,0,0,14,3,17,15,49,0,0,0,49
01/27/2021,FAY,NC,ASO,EN,Combined TRACON& Tower with Radar,14,0,10,20,44,0,0,2,0,2,14,0,12,20,46,2,0,2,48
01/28/2021,FAY,NC,ASO,EN,Combined TRACON& Tower with Radar,14,0,25,7,46,0,0,4,1,5,14,0,29,8,51,6,17,23,74
01/29/2021,FAY,NC,ASO,EN,Combined TRACON& Tower with Radar,18,4,27,0,49,0,5,44,0,49,18,9,71,0,98,52,0,52,150
01/30/2021,FAY,NC,ASO,EN,Combined TRACON& Tower with Radar,14,0,9,6,29,0,6,40,0,46,14,6,49,6,75,8,0,8,83
01/31/2021,FAY,NC,ASO,EN,Combined TRACON& Tower with Radar,20,0,5,0,25,0,0,0,0,0,20,0,5,0,25,0,0,0,25
02/01/2021,FAY,NC,ASO,EN,Combined TRACON& Tower with Radar,20,0,3,4,27,0,0,2,1,3,20,0,5,5,30,0,8,8,38
02/02/2021,FAY,NC,ASO,EN,Combined TRACON& Tower with Radar,14,0,16,2,32,0,0,19,0,19,14,0,35,2,51,22,0,22,73
02/03/2021,FAY,NC,ASO,EN,Combined TRACON& Tower with Radar,11,0,15,0,26,0,0,13,0,13,11,0,28,0,39,16,0,16,55
02/04/2021,FAY,NC,ASO,EN,Combined TRACON& Tower with Radar,18,0,14,10,42,0,0,29,2,31,18,0,43,12,73,32,8,40,113
02/05/2021,FAY,NC,ASO,EN,Combined TRACON& Tower with Radar,18,2,10,10,40,0,0,4,0,4,18,2,14,10,44,0,0,0,44
02/06/2021,FAY,NC,ASO,EN,Combined TRACON& Tower with Radar,16,0,12,0,28,0,0,32,0,32,16,0,44,0,60,48,0,48,108
02/07/2021,FAY,NC,ASO,EN,Combined TRACON& Tower with Radar,16,0,13,0,29,0,0,3,0,3,16,0,16,0,32,0,0,0,32
02/08/2021,FAY,NC,ASO,EN,Combined TRACON& Tower with Radar,18,0,15,9,42,0,1,31,4,36,18,1,46,13,78,73,24,97,175
02/09/2021,FAY,NC,ASO,EN,Combined TRACON& Tower with Radar,14,0,24,3,41,0,0,20,1,21,14,0,44,4,62,54,0,54,116
02/10/2021,FAY,NC,ASO,EN,Combined TRACON& Tower with Radar,14,0,28,8,50,0,0,12,1,13,14,0,40,9,63,85,22,107,170
02/11/2021,FAY,NC,ASO,EN,Combined TRACON& Tower with Radar,19,0,19,7,45,0,0,0,0,0,19,0,19,7,45,0,0,0,45
02/12/2021,FAY,NC,ASO,EN,Combined TRACON& Tower with Radar,19,0,8,0,27,0,0,0,0,0,19,0,8,0,27,0,0,0,27
02/13/2021,FAY,NC,ASO,EN,Combined TRACON& Tower with Radar,14,0,3,0,17,0,0,0,0,0,14,0,3,0,17,0,0,0,17
02/14/2021,FAY,NC,ASO,EN,Combined TRACON& Tower with Radar,16,2,6,0,24,0,0,0,0,0,16,2,6,0,24,0,0,0,24
02/15/2021,FAY,NC,ASO,EN,Combined TRACON& Tower with Radar,18,2,1,0,21,0,0,0,0,0,18,2,1,0,21,0,0,0,21
02/16/2021,FAY,NC,ASO,EN,Combined TRACON& Tower with Radar,14,0,17,1,32,0,0,9,1,10,14,0,26,2,42,22,0,22,64
02/17/2021,FAY,NC,ASO,EN,Combined TRACON& Tower with Radar,14,0,17,0,31,0,0,39,0,39,14,0,56,0,70,100,0,100,170
02/18/2021,FAY,NC,ASO,EN,Combined TRACON& Tower with Radar,18,0,1,0,19,0,0,0,0,0,18,0,1,0,19,0,0,0,19
02/19/2021,FAY,NC,ASO,EN,Combined TRACON& Tower with Radar,18,1,20,0,39,0,1,0,0,1,18,2,20,0,40,6,0,6,46
02/20/2021,FAY,NC,ASO,EN,Combined TRACON& Tower with Radar,14,2,13,0,29,0,0,45,0,45,14,2,58,0,74,24,0,24,98
02/21/2021,FAY,NC,ASO,EN,Combined TRACON& Tower with Radar,18,0,21,0,39,0,2,46,0,48,18,2,67,0,87,44,0,44,131
02/22/2021,FAY,NC,ASO,EN,Combined TRACON& Tower with Radar,18,0,5,8,31,0,0,1,0,1,18,0,6,8,32,0,16,16,48
02/23/2021,FAY,NC,ASO,EN,Combined TRACON& Tower with Radar,14,4,18,4,40,0,0,50,0,50,14,4,68,4,90,42,0,42,132
02/24/2021,FAY,NC,ASO,EN,Combined TRACON& Tower with Radar,14,0,12,14,40,0,0,48,0,48,14,0,60,14,88,41,18,59,147
02/25/2021,FAY,NC,ASO,EN,Combined TRACON& Tower with Radar,20,2,10,6,38,0,0,39,0,39,20,2,49,6,77,68,0,68,145
02/26/2021,FAY,NC,ASO,EN,Combined TRACON& Tower with Radar,18,0,17,4,39,0,0,10,0,10,18,0,27,4,49,68,0,68,117
02/27/2021,FAY,NC,ASO,EN,Combined TRACON& Tower with Radar,14,0,8,0,22,0,1,11,0,12,14,1,19,0,34,28,0,28,62
02/28/2021,FAY,NC,ASO,EN,Combined TRACON& Tower with Radar,20,0,13,4,37,0,0,0,0,0,20,0,13,4,37,0,0,0,37
03/01/2021,FAY,NC,ASO,EN,Combined TRACON& Tower with Radar,18,0,21,6,45,0,0,2,0,2,18,0,23,6,47,0,0,0,47
03/02/2021,FAY,NC,ASO,EN,Combined TRACON& Tower with Radar,14,0,23,21,58,0,0,27,1,28,14,0,50,22,86,90,22,112,198
03/03/2021,FAY,NC,ASO,EN,Combined TRACON& Tower with Radar,14,4,7,13,38,0,1,13,1,15,14,5,20,14,53,56,48,104,157
03/04/2021,FAY,NC,ASO,EN,Combined TRACON& Tower with Radar,21,1,24,8,54,0,3,36,1,40,21,4,60,9,94,58,1,59,153
03/05/2021,FAY,NC,ASO,EN,Combined TRACON& Tower with Radar,22,2,5,14,43,0,0,21,7,28,22,2,26,21,71,92,22,114,185
03/06/2021,FAY,NC,ASO,EN,Combined TRACON& Tower with Radar,20,1,20,0,41,0,0,40,0,40,20,1,60,0,81,88,0,88,169
03/07/2021,FAY,NC,ASO,EN,Combined TRACON& Tower with Radar,20,0,14,0,34,0,0,31,0,31,20,0,45,0,65,42,0,42,107
03/08/2021,FAY,NC,ASO,EN,Combined TRACON& Tower with Radar,24,0,17,17,58,0,0,18,10,28,24,0,35,27,86,18,62,80,166
03/09/2021,FAY,NC,ASO,EN,Combined TRACON& Tower with Radar,18,0,14,5,37,0,0,40,1,41,18,0,54,6,78,34,0,34,112
03/10/2021,FAY,NC,ASO,EN,Combined TRACON& Tower with Radar,20,2,18,14,54,0,2,32,0,34,20,4,50,14,88,41,12,53,141
03/11/2021,FAY,NC,ASO,EN,Combined TRACON& Tower with Radar,24,2,17,27,70,0,0,38,1,39,24,2,55,28,109,28,16,44,153
03/12/2021,FAY,NC,ASO,EN,Combined TRACON& Tower with Radar,22,0,23,4,49,0,1,34,0,35,22,1,57,4,84,4,0,4,88
03/13/2021,FAY,NC,ASO,EN,Combined TRACON& Tower with Radar,20,0,18,0,38,0,3,44,1,48,20,3,62,1,86,92,0,92,178
03/14/2021,FAY,NC,ASO,EN,Combined TRACON& Tower with Radar,20,1,17,0,38,0,2,24,0,26,20,3,41,0,64,40,0,40,104
03/15/2021,FAY,NC,ASO,EN,Combined TRACON& Tower with Radar,22,0,18,9,49,0,0,22,1,23,22,0,40,10,72,6,2,8,80
03/16/2021,FAY,NC,ASO,EN,Combined TRACON& Tower with Radar,18,0,10,2,30,0,0,0,0,0,18,0,10,2,30,0,0,0,30
03/17/2021,FAY,NC,ASO,EN,Combined TRACON& Tower with Radar,17,6,13,41,77,0,0,1,0,1,17,6,14,41,78,0,4,4,82
03/18/2021,FAY,NC,ASO,EN,Combined TRACON& Tower with Radar,24,2,6,0,32,0,0,0,0,0,24,2,6,0,32,0,0,0,32
03/19/2021,FAY,NC,ASO,EN,Combined TRACON& Tower with Radar,23,0,16,18,57,0,0,0,0,0,23,0,16,18,57,0,12,12,69
03/20/2021,FAY,NC,ASO,EN,Combined TRACON& Tower with Radar,20,0,19,0,39,0,0,25,0,25,20,0,44,0,64,30,0,30,94
03/21/2021,FAY,NC,ASO,EN,Combined TRACON& Tower with Radar,22,3,8,2,35,0,1,14,0,15,22,4,22,2,50,22,0,22,72
03/22/2021,FAY,NC,ASO,EN,Combined TRACON& Tower with Radar,22,3,13,29,67,0,0,21,3,24,22,3,34,32,91,34,26,60,151
03/23/2021,FAY,NC,ASO,EN,Combined TRACON& Tower with Radar,18,2,25,25,70,0,0,2,0,2,18,2,27,25,72,0,8,8,80
03/24/2021,FAY,NC,ASO,EN,Combined TRACON& Tower with Radar,18,2,17,11,48,0,0,14,0,14,18,2,31,11,62,40,0,40,102
03/25/2021,FAY,NC,ASO,EN,Combined TRACON& Tower with Radar,22,2,17,9,50,0,3,19,4,26,22,5,36,13,76,56,4,60,136
03/26/2021,FAY,NC,ASO,EN,Combined TRACON& Tower with Radar,22,0,12,5,39,0,0,4,0,4,22,0,16,5,43,12,0,12,55
03/27/2021,FAY,NC,ASO,EN,Combined TRACON& Tower with Radar,20,0,7,1,28,0,0,20,0,20,20,0,27,1,48,12,0,12,60
03/28/2021,FAY,NC,ASO,EN,Combined TRACON& Tower with Radar,19,0,2,0,21,0,0,0,0,0,19,0,2,0,21,0,0,0,21
03/29/2021,FAY,NC,ASO,EN,Combined TRACON& Tower with Radar,23,4,15,13,55,0,1,28,1,30,23,5,43,14,85,28,30,58,143
03/30/2021,FAY,NC,ASO,EN,Combined TRACON& Tower with Radar,18,0,26,7,51,0,0,25,1,26,18,0,51,8,77,20,0,20,97
03/31/2021,FAY,NC,ASO,EN,Combined TRACON& Tower with Radar,18,1,12,0,31,0,0,7,0,7,18,1,19,0,38,46,0,46,84
04/01/2021,FAY,NC,ASO,EN,Combined TRACON& Tower with Radar,22,0,24,0,46,0,0,7,0,7,22,0,31,0,53,0,0,0,53
04/02/2021,FAY,NC,ASO,EN,Combined TRACON& Tower with Radar,22,2,19,0,43,0,0,29,0,29,22,2,48,0,72,0,0,0,72
04/03/2021,FAY,NC,ASO,EN,Combined TRACON& Tower with Radar,22,2,16,0,40,0,1,34,0,35,22,3,50,0,75,34,0,34,109
04/04/2021,FAY,NC,ASO,EN,Combined TRACON& Tower with Radar,20,0,6,0,26,0,0,31,0,31,20,0,37,0,57,42,0,42,99
04/05/2021,FAY,NC,ASO,EN,Combined TRACON& Tower with Radar,23,0,22,0,45,0,1,34,0,35,23,1,56,0,80,46,0,46,126
04/06/2021,FAY,NC,ASO,EN,Combined TRACON& Tower with Radar,19,0,22,16,57,0,1,24,4,29,19,1,46,20,86,6,26,32,118
04/07/2021,FAY,NC,ASO,EN,Combined TRACON& Tower with Radar,20,0,28,3,51,0,0,47,1,48,20,0,75,4,99,86,0,86,185
04/08/2021,FAY,NC,ASO,EN,Combined TRACON& Tower with Radar,22,0,16,23,61,0,0,36,1,37,22,0,52,24,98,62,0,62,160
04/09/2021,FAY,NC,ASO,EN,Combined TRACON& Tower with Radar,22,0,14,12,48,0,2,23,1,26,22,2,37,13,74,10,0,10,84
04/10/2021,FAY,NC,ASO,EN,Combined TRACON& Tower with Radar,20,0,10,2,32,0,0,23,0,23,20,0,33,2,55,44,0,44,99
04/11/2021,FAY,NC,ASO,EN,Combined TRACON& Tower with Radar,20,2,3,0,25,0,0,10,0,10,20,2,13,0,35,16,0,16,51
04/12/2021,FAY,NC,ASO,EN,Combined TRACON& Tower with Radar,22,0,13,11,46,0,1,21,5,27,22,1,34,16,73,18,26,44,117
04/13/2021,FAY,NC,ASO,EN,Combined TRACON& Tower with Radar,20,1,12,13,46,0,0,34,6,40,20,1,46,19,86,66,4,70,156
04/14/2021,FAY,NC,ASO,EN,Combined TRACON& Tower with Radar,24,3,11,10,48,0,4,22,0,26,24,7,33,10,74,26,0,26,100
04/15/2021,FAY,NC,ASO,EN,Combined TRACON& Tower with Radar,22,0,27,4,53,0,1,21,1,23,22,1,48,5,76,70,6,76,152
04/16/2021,FAY,NC,ASO,EN,Combined TRACON& Tower with Radar,24,7,20,2,53,0,1,44,0,45,24,8,64,2,98,64,0,64,162
04/17/2021,FAY,NC,ASO,EN,Combined TRACON& Tower with Radar,20,0,19,3,42,0,1,47,1,49,20,1,66,4,91,92,0,92,183
04/18/2021,FAY,NC,ASO,EN,Combined TRACON& Tower with Radar,21,0,11,0,32,0,0,23,0,23,21,0,34,0,55,154,0,154,209
04/19/2021,FAY,NC,ASO,EN,Combined TRACON& Tower with Radar,26,2,17,11,56,0,2,20,1,23,26,4,37,12,79,28,10,38,117
04/20/2021,FAY,NC,ASO,EN,Combined TRACON& Tower with Radar,20,2,16,3,41,0,2,29,2,33,20,4,45,5,74,60,8,68,142
04/21/2021,FAY,NC,ASO,EN,Combined TRACON& Tower with Radar,22,0,16,6,44,0,0,8,0,8,22,0,24,6,52,12,0,12,64
04/22/2021,FAY,NC,ASO,EN,Combined TRACON& Tower with Radar,22,2,20,11,55,0,2,17,3,22,22,4,37,14,77,12,0,12,89
04/23/2021,FAY,NC,ASO,EN,Combined TRACON& Tower with Radar,22,4,10,2,38,0,0,37,0,37,22,4,47,2,75,64,0,64,139
04/24/2021,FAY,NC,ASO,EN,Combined TRACON& Tower with Radar,20,0,13,0,33,0,0,10,0,10,20,0,23,0,43,42,0,42,85
04/25/2021,FAY,NC,ASO,EN,Combined TRACON& Tower with Radar,20,2,10,0,32,0,0,12,0,12,20,2,22,0,44,43,0,43,87
04/26/2021,FAY,NC,ASO,EN,Combined TRACON& Tower with Radar,22,0,16,7,45,0,2,39,0,41,22,2,55,7,86,18,4,22,108
04/27/2021,FAY,NC,ASO,EN,Combined TRACON& Tower with Radar,20,0,17,8,45,0,0,30,1,31,20,0,47,9,76,69,4,73,149
04/28/2021,FAY,NC,ASO,EN,Combined TRACON& Tower with Radar,22,0,20,10,52,0,0,25,6,31,22,0,45,16,83,56,6,62,145
04/29/2021,FAY,NC,ASO,EN,Combined TRACON& Tower with Radar,22,2,17,3,44,0,1,7,2,10,22,3,24,5,54,66,6,72,126
04/30/2021,FAY,NC,ASO,EN,Combined TRACON& Tower with Radar,22,0,13,0,35,0,0,15,2,17,22,0,28,2,52,0,0,0,52
05/01/2021,FAY,NC,ASO,EN,Combined TRACON& Tower with Radar,20,0,10,0,30,0,0,54,0,54,20,0,64,0,84,122,0,122,206
05/02/2021,FAY,NC,ASO,EN,Combined TRACON& Tower with Radar,20,2,10,0,32,0,0,47,0,47,20,2,57,0,79,92,0,92,171
05/03/2021,FAY,NC,ASO,EN,Combined TRACON& Tower with Radar,22,1,10,2,35,0,0,0,0,0,22,1,10,2,35,10,0,10,45
05/04/2021,FAY,NC,ASO,EN,Combined TRACON& Tower with Radar,23,4,9,4,40,0,0,4,0,4,23,4,13,4,44,26,0,26,70
05/05/2021,FAY,NC,ASO,EN,Combined TRACON& Tower with Radar,21,3,15,12,51,0,0,19,2,21,21,3,34,14,72,42,0,42,114
05/06/2021,FAY,NC,ASO,EN,Combined TRACON& Tower with Radar,19,6,20,9,54,0,0,31,1,32,19,6,51,10,86,68,0,68,154
05/07/2021,FAY,NC,ASO,EN,Combined TRACON& Tower with Radar,19,7,15,4,45,0,0,10,0,10,19,7,25,4,55,0,0,0,55
05/08/2021,FAY,NC,ASO,EN,Combined TRACON& Tower with Radar,19,2,12,2,35,0,0,16,0,16,19,2,28,2,51,10,0,10,61
05/09/2021,FAY,NC,ASO,EN,Combined TRACON& Tower with Radar,17,4,7,4,32,0,0,11,4,15,17,4,18,8,47,39,0,39,86
05/10/2021,FAY,NC,ASO,EN,Combined TRACON& Tower with Radar,20,2,9,0,31,0,0,2,0,2,20,2,11,0,33,0,0,0,33
05/11/2021,FAY,NC,ASO,EN,Combined TRACON& Tower with Radar,19,4,18,3,44,0,0,13,3,16,19,4,31,6,60,56,4,60,120
05/12/2021,FAY,NC,ASO,EN,Combined TRACON& Tower with Radar,20,4,18,2,44,0,0,6,0,6,20,4,24,2,50,0,0,0,50
05/13/2021,FAY,NC,ASO,EN,Combined TRACON& Tower with Radar,20,7,24,5,56,0,2,25,2,29,20,9,49,7,85,36,0,36,121
05/14/2021,FAY,NC,ASO,EN,Combined TRACON& Tower with Radar,20,5,20,4,49,0,0,24,0,24,20,5,44,4,73,18,0,18,91
05/15/2021,FAY,NC,ASO,EN,Combined TRACON& Tower with Radar,18,4,16,0,38,0,0,46,0,46,18,4,62,0,84,62,0,62,146
05/16/2021,FAY,NC,ASO,EN,Combined TRACON& Tower with Radar,17,5,19,0,41,0,0,33,0,33,17,5,52,0,74,74,0,74,148
05/17/2021,FAY,NC,ASO,EN,Combined TRACON& Tower with Radar,21,4,15,6,46,0,0,14,0,14,21,4,29,6,60,8,0,8,68
05/18/2021,FAY,NC,ASO,EN,Combined TRACON& Tower with Radar,17,4,16,2,39,0,0,36,0,36,17,4,52,2,75,70,0,70,145
05/19/2021,FAY,NC,ASO,EN,Combined TRACON& Tower with Radar,21,4,27,6,58,0,0,35,0,35,21,4,62,6,93,14,8,22,115
05/20/2021,FAY,NC,ASO,EN,Combined TRACON& Tower with Radar,22,2,14,4,42,0,0,23,0,23,22,2,37,4,65,80,6,86,151
05/21/2021,FAY,NC,ASO,EN,Combined TRACON& Tower with Radar,20,2,16,0,38,0,0,26,2,28,20,2,42,2,66,64,0,64,130
05/22/2021,FAY,NC,ASO,EN,Combined TRACON& Tower with Radar,18,2,9,0,29,0,2,30,0,32,18,4,39,0,61,122,0,122,183
05/23/2021,FAY,NC,ASO,EN,Combined TRACON& Tower with Radar,20,2,17,0,39,0,0,34,0,34,20,2,51,0,73,118,0,118,191
05/24/2021,FAY,NC,ASO,EN,Combined TRACON& Tower with Radar,19,2,12,11,44,0,0,12,0,12,19,2,24,11,56,22,0,22,78
05/25/2021,FAY,NC,ASO,EN,Combined TRACON& Tower with Radar,18,4,26,2,50,0,0,8,0,8,18,4,34,2,58,44,0,44,102
05/26/2021,FAY,NC,ASO,EN,Combined TRACON& Tower with Radar,20,2,26,9,57,0,0,44,1,45,20,2,70,10,102,82,10,92,194
05/27/2021,FAY,NC,ASO,EN,Combined TRACON& Tower with Radar,20,3,28,9,60,0,0,41,1,42,20,3,69,10,102,76,6,82,184
05/28/2021,FAY,NC,ASO,EN,Combined TRACON& Tower with Radar,21,4,6,0,31,0,0,8,0,8,21,4,14,0,39,20,0,20,59
05/29/2021,FAY,NC,ASO,EN,Combined TRACON& Tower with Radar,18,5,4,0,27,0,0,16,0,16,18,5,20,0,43,40,0,40,83
05/30/2021,FAY,NC,ASO,EN,Combined TRACON& Tower with Radar,16,2,2,1,21,0,0,5,1,6,16,2,7,2,27,54,0,54,81
05/31/2021,FAY,NC,ASO,EN,Combined TRACON& Tower with Radar,19,4,10,0,33,0,0,36,0,36,19,4,46,0,69,18,0,18,87
06/01/2021,FAY,NC,ASO,EN,Combined TRACON& Tower with Radar,21,3,13,23,60,0,1,20,3,24,21,4,33,26,84,32,22,54,138
06/02/2021,FAY,NC,ASO,EN,Combined TRACON& Tower with Radar,18,7,19,5,49,0,0,1,0,1,18,7,20,5,50,6,0,6,56
06/03/2021,FAY,NC,ASO,EN,Combined TRACON& Tower with Radar,23,0,15,2,40,0,0,0,0,0,23,0,15,2,40,0,4,4,44
06/04/2021,FAY,NC,ASO,EN,Combined TRACON& Tower with Radar,23,1,9,13,46,0,1,11,2,14,23,2,20,15,60,66,2,68,128
06/05/2021,FAY,NC,ASO,EN,Combined TRACON& Tower with Radar,17,2,17,0,36,0,0,34,0,34,17,2,51,0,70,44,0,44,114
06/06/2021,FAY,NC,ASO,EN,Combined TRACON& Tower with Radar,19,3,10,2,34,0,0,13,0,13,19,3,23,2,47,64,0,64,111
06/07/2021,FAY,NC,ASO,EN,Combined TRACON& Tower with Radar,23,0,14,15,52,0,0,9,3,12,23,0,23,18,64,66,20,86,150
06/08/2021,FAY,NC,ASO,EN,Combined TRACON& Tower with Radar,23,2,13,5,43,0,0,8,1,9,23,2,21,6,52,56,0,56,108
06/09/2021,FAY,NC,ASO,EN,Combined TRACON& Tower with Radar,22,1,31,24,78,0,0,15,2,17,22,1,46,26,95,8,38,46,141
06/10/2021,FAY,NC,ASO,EN,Combined TRACON& Tower with Radar,22,0,27,10,59,0,0,3,2,5,22,0,30,12,64,4,0,4,68
06/11/2021,FAY,NC,ASO,EN,Combined TRACON& Tower with Radar,22,0,6,11,39,0,0,14,2,16,22,0,20,13,55,38,6,44,99
06/12/2021,FAY,NC,ASO,EN,Combined TRACON& Tower with Radar,16,3,8,1,28,0,0,11,0,11,16,3,19,1,39,6,0,6,45
06/13/2021,FAY,NC,ASO,EN,Combined TRACON& Tower with Radar,24,3,23,0,50,0,0,41,0,41,24,3,64,0,91,119,0,119,210
06/14/2021,FAY,NC,ASO,EN,Combined TRACON& Tower with Radar,22,0,19,18,59,0,4,26,2,32,22,4,45,20,91,20,14,34,125
06/15/2021,FAY,NC,ASO,EN,Combined TRACON& Tower with Radar,22,3,15,32,72,0,2,34,9,45,22,5,49,41,117,22,30,52,169
06/16/2021,FAY,NC,ASO,EN,Combined TRACON& Tower with Radar,22,1,26,22,71,0,0,22,7,29,22,1,48,29,100,20,16,36,136
06/17/2021,FAY,NC,ASO,EN,Combined TRACON& Tower with Radar,24,3,40,10,77,0,1,25,6,32,24,4,65,16,109,40,2,42,151
06/18/2021,FAY,NC,ASO,EN,Combined TRACON& Tower with Radar,21,0,11,2,34,0,0,30,0,30,21,0,41,2,64,64,0,64,128
06/19/2021,FAY,NC,ASO,EN,Combined TRACON& Tower with Radar,19,3,11,2,35,0,0,28,0,28,19,3,39,2,63,18,0,18,81
06/20/2021,FAY,NC,ASO,EN,Combined TRACON& Tower with Radar,23,2,9,1,35,0,0,0,0,0,23,2,9,1,35,0,0,0,35
06/21/2021,FAY,NC,ASO,EN,Combined TRACON& Tower with Radar,25,3,24,6,58,0,2,16,0,18,25,5,40,6,76,24,0,24,100
06/22/2021,FAY,NC,ASO,EN,Combined TRACON& Tower with Radar,21,3,18,11,53,0,0,4,1,5,21,3,22,12,58,0,8,8,66
06/23/2021,FAY,NC,ASO,EN,Combined TRACON& Tower with Radar,23,0,32,29,84,0,0,26,5,31,23,0,58,34,115,74,0,74,189
06/24/2021,FAY,NC,ASO,EN,Combined TRACON& Tower with Radar,24,2,18,17,61,0,2,24,9,35,24,4,42,26,96,86,30,116,212
06/25/2021,FAY,NC,ASO,EN,Combined TRACON& Tower with Radar,22,3,24,2,51,0,0,2,0,2,22,3,26,2,53,0,0,0,53
06/26/2021,FAY,NC,ASO,EN,Combined TRACON& Tower with Radar,18,4,5,8,35,0,0,9,0,9,18,4,14,8,44,42,0,42,86
06/27/2021,FAY,NC,ASO,EN,Combined TRACON& Tower with Radar,21,5,16,4,46,0,0,29,0,29,21,5,45,4,75,46,0,46,121
06/28/2021,FAY,NC,ASO,EN,Combined TRACON& Tower with Radar,22,1,16,14,53,0,1,8,2,11,22,2,24,16,64,0,0,0,64
06/29/2021,FAY,NC,ASO,EN,Combined TRACON& Tower with Radar,23,0,27,23,73,0,0,12,0,12,23,0,39,23,85,9,4,13,98
06/30/2021,FAY,NC,ASO,EN,Combined TRACON& Tower with Radar,21,2,21,7,51,0,1,29,2,32,21,3,50,9,83,62,0,62,145
07/01/2021,FAY,NC,ASO,EN,Combined TRACON& Tower with Radar,21,4,26,16,67,0,0,24,1,25,21,4,50,17,92,56,0,56,148
07/02/2021,FAY,NC,ASO,EN,Combined TRACON& Tower with Radar,26,1,10,0,37,0,1,3,0,4,26,2,13,0,41,12,0,12,53
07/03/2021,FAY,NC,ASO,EN,Combined TRACON& Tower with Radar,18,4,10,0,32,0,0,37,0,37,18,4,47,0,69,106,0,106,175
07/04/2021,FAY,NC,ASO,EN,Combined TRACON& Tower with Radar,16,0,5,2,23,0,0,10,1,11,16,0,15,3,34,28,0,28,62
07/05/2021,FAY,NC,ASO,EN,Combined TRACON& Tower with Radar,22,4,13,0,39,0,0,16,1,17,22,4,29,1,56,36,0,36,92
07/06/2021,FAY,NC,ASO,EN,Combined TRACON& Tower with Radar,22,2,19,13,56,0,3,19,2,24,22,5,38,15,80,24,12,36,116
07/07/2021,FAY,NC,ASO,EN,Combined TRACON& Tower with Radar,22,0,21,14,57,0,0,10,6,16,22,0,31,20,73,34,9,43,116
07/08/2021,FAY,NC,ASO,EN,Combined TRACON& Tower with Radar,18,0,10,5,33,0,0,3,1,4,18,0,13,6,37,0,4,4,41
07/09/2021,FAY,NC,ASO,EN,Combined TRACON& Tower with Radar,22,4,26,20,72,0,0,19,0,19,22,4,45,20,91,26,14,40,131
07/10/2021,FAY,NC,ASO,EN,Combined TRACON& Tower with Radar,18,5,15,0,38,0,0,14,0,14,18,5,29,0,52,26,0,26,78
07/11/2021,FAY,NC,ASO,EN,Combined TRACON& Tower with Radar,22,4,15,2,43,0,0,10,0,10,22,4,25,2,53,18,0,18,71
07/12/2021,FAY,NC,ASO,EN,Combined TRACON& Tower with Radar,21,1,23,7,52,0,0,13,4,17,21,1,36,11,69,10,12,22,91
07/13/2021,FAY,NC,ASO,EN,Combined TRACON& Tower with Radar,22,0,21,9,52,0,0,14,2,16,22,0,35,11,68,14,16,30,98
07/14/2021,FAY,NC,ASO,EN,Combined TRACON& Tower with Radar,24,0,30,18,72,0,1,27,4,32,24,1,57,22,104,58,14,72,176
07/15/2021,FAY,NC,ASO,EN,Combined TRACON& Tower with Radar,22,2,19,6,49,0,1,21,3,25,22,3,40,9,74,4,0,4,78
07/16/2021,FAY,NC,ASO,EN,Combined TRACON& Tower with Radar,23,4,10,9,46,0,0,25,5,30,23,4,35,14,76,26,16,42,118
07/17/2021,FAY,NC,ASO,EN,Combined TRACON& Tower with Radar,17,3,13,0,33,0,3,24,0,27,17,6,37,0,60,44,0,44,104
07/18/2021,FAY,NC,ASO,EN,Combined TRACON& Tower with Radar,20,3,16,4,43,0,1,11,0,12,20,4,27,4,55,38,0,38,93
07/19/2021,FAY,NC,ASO,EN,Combined TRACON& Tower with Radar,23,0,12,9,44,0,0,0,4,4,23,0,12,13,48,0,0,0,48
07/20/2021,FAY,NC,ASO,EN,Combined TRACON& Tower with Radar,21,5,21,17,64,0,0,27,2,29,21,5,48,19,93,64,4,68,161
07/21/2021,FAY,NC,ASO,EN,Combined TRACON& Tower with Radar,23,3,26,10,62,0,6,29,1,36,23,9,55,11,98,88,0,88,186
07/22/2021,FAY,NC,ASO,EN,Combined TRACON& Tower with Radar,23,8,14,10,55,0,0,27,0,27,23,8,41,10,82,94,8,102,184
07/23/2021,FAY,NC,ASO,EN,Combined TRACON& Tower with Radar,24,4,21,18,67,0,0,20,4,24,24,4,41,22,91,12,24,36,127
07/24/2021,FAY,NC,ASO,EN,Combined TRACON& Tower with Radar,18,3,19,4,44,0,2,27,1,30,18,5,46,5,74,45,6,51,125
07/25/2021,FAY,NC,ASO,EN,Combined TRACON& Tower with Radar,21,4,11,8,44,0,3,20,0,23,21,7,31,8,67,52,0,52,119
07/26/2021,FAY,NC,ASO,EN,Combined TRACON& Tower with Radar,22,4,18,4,48,0,0,15,2,17,22,4,33,6,65,8,0,8,73
07/27/2021,FAY,NC,ASO,EN,Combined TRACON& Tower with Radar,22,5,24,10,61,0,3,20,3,26,22,8,44,13,87,10,12,22,109
07/28/2021,FAY,NC,ASO,EN,Combined TRACON& Tower with Radar,23,3,19,6,51,0,2,10,5,17,23,5,29,11,68,20,10,30,98
07/29/2021,FAY,NC,ASO,EN,Combined TRACON& Tower with Radar,22,1,31,3,57,0,4,29,4,37,22,5,60,7,94,70,0,70,164
07/30/2021,FAY,NC,ASO,EN,Combined TRACON& Tower with Radar,22,2,21,3,48,0,0,20,5,25,22,2,41,8,73,18,2,20,93
07/31/2021,FAY,NC,ASO,EN,Combined TRACON& Tower with Radar,18,4,14,0,36,0,0,24,0,24,18,4,38,0,60,26,0,26,86
08/01/2021,FAY,NC,ASO,EN,Combined TRACON& Tower with Radar,19,1,14,0,34,0,0,3,0,3,19,1,17,0,37,16,0,16,53
08/02/2021,FAY,NC,ASO,EN,Combined TRACON& Tower with Radar,22,3,15,11,51,0,0,26,1,27,22,3,41,12,78,18,0,18,96
08/03/2021,FAY,NC,ASO,EN,Combined TRACON& Tower with Radar,19,3,22,7,51,0,0,0,0,0,19,3,22,7,51,0,0,0,51
08/04/2021,FAY,NC,ASO,EN,Combined TRACON& Tower with Radar,20,1,17,16,54,0,0,6,1,7,20,1,23,17,61,4,0,4,65
08/05/2021,FAY,NC,ASO,EN,Combined TRACON& Tower with Radar,22,9,29,16,76,0,4,21,1,26,22,13,50,17,102,66,0,66,168
08/06/2021,FAY,NC,ASO,EN,Combined TRACON& Tower with Radar,20,0,18,9,47,0,1,15,0,16,20,1,33,9,63,18,6,24,87
08/07/2021,FAY,NC,ASO,EN,Combined TRACON& Tower with Radar,18,2,9,3,32,0,0,1,0,1,18,2,10,3,33,0,0,0,33
08/08/2021,FAY,NC,ASO,EN,Combined TRACON& Tower with Radar,20,0,20,2,42,0,0,20,2,22,20,0,40,4,64,46,0,46,110
08/09/2021,FAY,NC,ASO,EN,Combined TRACON& Tower with Radar,20,3,12,16,51,0,2,24,5,31,20,5,36,21,82,26,5,31,113
08/10/2021,FAY,NC,ASO,EN,Combined TRACON& Tower with Radar,20,5,8,11,44,0,1,17,2,20,20,6,25,13,64,18,4,22,86
08/11/2021,FAY,NC,ASO,EN,Combined TRACON& Tower with Radar,20,0,16,22,58,0,0,30,6,36,20,0,46,28,94,98,0,98,192
08/12/2021,FAY,NC,ASO,EN,Combined TRACON& Tower with Radar,26,2,12,29,69,0,0,34,8,42,26,2,46,37,111,92,20,112,223
08/13/2021,FAY,NC,ASO,EN,Combined TRACON& Tower with Radar,18,0,9,14,41,0,0,41,4,45,18,0,50,18,86,122,0,122,208
08/14/2021,FAY,NC,ASO,EN,Combined TRACON& Tower with Radar,18,2,12,6,38,0,1,31,0,32,18,3,43,6,70,36,0,36,106
08/15/2021,FAY,NC,ASO,EN,Combined TRACON& Tower with Radar,21,0,4,1,26,0,0,10,0,10,21,0,14,1,36,40,0,40,76
08/16/2021,FAY,NC,ASO,EN,Combined TRACON& Tower with Radar,18,0,14,5,37,0,2,11,1,14,18,2,25,6,51,12,0,12,63
08/17/2021,FAY,NC,ASO,EN,Combined TRACON& Tower with Radar,18,2,6,32,58,0,0,3,2,5,18,2,9,34,63,0,6,6,69
08/18/2021,FAY,NC,ASO,EN,Combined TRACON& Tower with Radar,17,0,11,14,42,0,1,3,1,5,17,1,14,15,47,8,19,27,74
08/19/2021,FAY,NC,ASO,EN,Combined TRACON& Tower with Radar,23,0,23,13,59,0,5,20,13,38,23,5,43,26,97,24,12,36,133
08/20/2021,FAY,NC,ASO,EN,Combined TRACON& Tower with Radar,22,0,14,2,38,0,0,7,0,7,22,0,21,2,45,108,4,112,157
08/21/2021,FAY,NC,ASO,EN,Combined TRACON& Tower with Radar,20,1,19,8,48,0,0,12,8,20,20,1,31,16,68,20,0,20,88
08/22/2021,FAY,NC,ASO,EN,Combined TRACON& Tower with Radar,21,0,9,2,32,0,0,19,0,19,21,0,28,2,51,44,0,44,95
08/23/2021,FAY,NC,ASO,EN,Combined TRACON& Tower with Radar,18,0,16,6,40,0,1,18,3,22,18,1,34,9,62,47,0,47,109
08/24/2021,FAY,NC,ASO,EN,Combined TRACON& Tower with Radar,17,0,20,11,48,0,3,39,8,50,17,3,59,19,98,78,0,78,176
08/25/2021,FAY,NC,ASO,EN,Combined TRACON& Tower with Radar,17,0,16,12,45,0,2,25,13,40,17,2,41,25,85,40,8,48,133
08/26/2021,FAY,NC,ASO,EN,Combined TRACON& Tower with Radar,22,4,34,12,72,0,3,41,9,53,22,7,75,21,125,68,12,80,205
08/27/2021,FAY,NC,ASO,EN,Combined TRACON& Tower with Radar,20,0,22,10,52,0,3,33,6,42,20,3,55,16,94,74,0,74,168
08/28/2021,FAY,NC,ASO,EN,Combined TRACON& Tower with Radar,18,0,14,1,33,0,2,40,0,42,18,2,54,1,75,58,0,58,133
08/29/2021,FAY,NC,ASO,EN,Combined TRACON& Tower with Radar,21,1,16,1,39,0,0,22,0,22,21,1,38,1,61,36,0,36,97
08/30/2021,FAY,NC,ASO,EN,Combined TRACON& Tower with Radar,19,8,20,12,59,0,1,16,5,22,19,9,36,17,81,12,24,36,117
08/31/2021,FAY,NC,ASO,EN,Combined TRACON& Tower with Radar,15,1,15,17,48,0,1,26,7,34,15,2,41,24,82,66,8,74,156
09/01/2021,FAY,NC,ASO,EN,Combined TRACON& Tower with Radar,18,0,10,12,40,0,1,3,4,8,18,1,13,16,48,0,2,2,50
09/02/2021,FAY,NC,ASO,EN,Combined TRACON& Tower with Radar,21,0,26,18,65,0,1,26,3,30,21,1,52,21,95,84,4,88,183
09/03/2021,FAY,NC,ASO,EN,Combined TRACON& Tower with Radar,20,0,12,4,36,0,0,22,0,22,20,0,34,4,58,84,0,84,142
09/04/2021,FAY,NC,ASO,EN,Combined TRACON& Tower with Radar,16,0,7,1,24,0,0,35,0,35,16,0,42,1,59,94,0,94,153
09/05/2021,FAY,NC,ASO,EN,Combined TRACON& Tower with Radar,16,0,10,0,26,0,2,15,0,17,16,2,25,0,43,32,0,32,75
09/06/2021,FAY,NC,ASO,EN,Combined TRACON& Tower with Radar,16,0,14,2,32,0,1,18,0,19,16,1,32,2,51,54,0,54,105
09/07/2021,FAY,NC,ASO,EN,Combined TRACON& Tower with Radar,20,0,28,25,73,0,0,15,6,21,20,0,43,31,94,34,18,52,146
09/08/2021,FAY,NC,ASO,EN,Combined TRACON& Tower with Radar,16,0,19,21,56,0,0,10,4,14,16,0,29,25,70,38,44,82,152
09/09/2021,FAY,NC,ASO,EN,Combined TRACON& Tower with Radar,20,2,12,10,44,0,0,4,2,6,20,2,16,12,50,2,0,2,52
09/10/2021,FAY,NC,ASO,EN,Combined TRACON& Tower with Radar,19,2,17,13,51,0,0,35,9,44,19,2,52,22,95,76,0,76,171
09/11/2021,FAY,NC,ASO,EN,Combined TRACON& Tower with Radar,17,4,21,2,44,0,1,40,0,41,17,5,61,2,85,50,0,50,135
09/12/2021,FAY,NC,ASO,EN,Combined TRACON& Tower with Radar,22,0,16,6,44,0,3,19,0,22,22,3,35,6,66,14,0,14,80
09/13/2021,FAY,NC,ASO,EN,Combined TRACON& Tower with Radar,17,3,25,19,64,0,3,36,5,44,17,6,61,24,108,36,18,54,162
09/14/2021,FAY,NC,ASO,EN,Combined TRACON& Tower with Radar,16,2,18,17,53,0,3,27,2,32,16,5,45,19,85,34,0,34,119
09/15/2021,FAY,NC,ASO,EN,Combined TRACON& Tower with Radar,16,2,7,13,38,0,0,8,8,16,16,2,15,21,54,22,4,26,80
09/16/2021,FAY,NC,ASO,EN,Combined TRACON& Tower with Radar,22,4,16,20,62,0,5,16,2,23,22,9,32,22,85,44,8,52,137
09/17/2021,FAY,NC,ASO,EN,Combined TRACON& Tower with Radar,20,0,30,8,58,0,0,9,2,11,20,0,39,10,69,10,0,10,79
09/18/2021,FAY,NC,ASO,EN,Combined TRACON& Tower with Radar,18,1,15,0,34,0,0,20,4,24,18,1,35,4,58,40,0,40,98
09/19/2021,FAY,NC,ASO,EN,Combined TRACON& Tower with Radar,20,1,11,5,37,0,0,22,0,22,20,1,33,5,59,24,10,34,93
09/20/2021,FAY,NC,ASO,EN,Combined TRACON& Tower with Radar,18,0,17,9,44,0,2,11,3,16,18,2,28,12,60,46,0,46,106
09/21/2021,FAY,NC,ASO,EN,Combined TRACON& Tower with Radar,18,0,21,23,62,0,0,0,0,0,18,0,21,23,62,0,0,0,62
09/22/2021,FAY,NC,ASO,EN,Combined TRACON& Tower with Radar,18,2,16,12,48,0,0,0,0,0,18,2,16,12,48,0,0,0,48
09/23/2021,FAY,NC,ASO,EN,Combined TRACON& Tower with Radar,22,4,41,25,92,0,2,35,19,56,22,6,76,44,148,34,40,74,222
09/24/2021,FAY,NC,ASO,EN,Combined TRACON& Tower with Radar,20,0,16,27,63,0,1,43,2,46,20,1,59,29,109,46,18,64,173
09/25/2021,FAY,NC,ASO,EN,Combined TRACON& Tower with Radar,17,4,8,0,29,0,2,22,0,24,17,6,30,0,53,44,0,44,97
09/26/2021,FAY,NC,ASO,EN,Combined TRACON& Tower with Radar,21,0,18,8,47,0,0,22,0,22,21,0,40,8,69,18,0,18,87
09/27/2021,FAY,NC,ASO,EN,Combined TRACON& Tower with Radar,18,3,18,16,55,0,0,42,2,44,18,3,60,18,99,44,32,76,175
09/28/2021,FAY,NC,ASO,EN,Combined TRACON& Tower with Radar,18,2,26,15,61,0,2,32,9,43,18,4,58,24,104,78,6,84,188
09/29/2021,FAY,NC,ASO,EN,Combined TRACON& Tower with Radar,18,2,25,9,54,0,2,22,4,28,18,4,47,13,82,42,0,42,124
09/30/2021,FAY,NC,ASO,EN,Combined TRACON& Tower with Radar,19,0,17,16,52,0,0,18,5,23,19,0,35,21,75,66,6,72,147
10/01/2021,FAY,NC,ASO,EN,Combined TRACON& Tower with Radar,20,0,11,8,39,0,0,34,0,34,20,0,45,8,73,120,0,120,193
10/02/2021,FAY,NC,ASO,EN,Combined TRACON& Tower with Radar,17,0,11,0,28,0,0,37,0,37,17,0,48,0,65,26,0,26,91
10/03/2021,FAY,NC,ASO,EN,Combined TRACON& Tower with Radar,20,3,15,2,40,0,1,18,0,19,20,4,33,2,59,16,0,16,75
10/04/2021,FAY,NC,ASO,EN,Combined TRACON& Tower with Radar,18,6,10,6,40,0,1,10,2,13,18,7,20,8,53,32,0,32,85
10/05/2021,FAY,NC,ASO,EN,Combined TRACON& Tower with Radar,14,0,24,0,38,0,0,17,2,19,14,0,41,2,57,24,0,24,81
10/06/2021,FAY,NC,ASO,EN,Combined TRACON& Tower with Radar,14,2,22,5,43,0,3,20,4,27,14,5,42,9,70,52,8,60,130
10/07/2021,FAY,NC,ASO,EN,Combined TRACON& Tower with Radar,18,2,32,8,60,0,0,0,0,0,18,2,32,8,60,0,2,2,62
10/08/2021,FAY,NC,ASO,EN,Combined TRACON& Tower with Radar,20,3,31,5,59,0,0,4,0,4,20,3,35,5,63,34,0,34,97
10/09/2021,FAY,NC,ASO,EN,Combined TRACON& Tower with Radar,16,1,12,0,29,0,0,0,0,0,16,1,12,0,29,0,0,0,29
10/10/2021,FAY,NC,ASO,EN,Combined TRACON& Tower with Radar,24,3,11,3,41,0,0,6,0,6,24,3,17,3,47,8,0,8,55
10/11/2021,FAY,NC,ASO,EN,Combined TRACON& Tower with Radar,18,2,27,1,48,0,0,11,0,11,18,2,38,1,59,52,0,52,111
10/12/2021,FAY,NC,ASO,EN,Combined TRACON& Tower with Radar,16,2,24,13,55,0,0,14,0,14,16,2,38,13,69,42,0,42,111
10/13/2021,FAY,NC,ASO,EN,Combined TRACON& Tower with Radar,18,0,22,18,58,0,0,29,4,33,18,0,51,22,91,56,10,66,157
10/14/2021,FAY,NC,ASO,EN,Combined TRACON& Tower with Radar,18,2,27,13,60,0,2,25,4,31,18,4,52,17,91,30,10,40,131
10/15/2021,FAY,NC,ASO,EN,Combined TRACON& Tower with Radar,18,4,10,4,36,0,0,27,5,32,18,4,37,9,68,54,0,54,122
10/16/2021,FAY,NC,ASO,EN,Combined TRACON& Tower with Radar,21,2,14,0,37,0,0,20,0,20,21,2,34,0,57,66,0,66,123
10/17/2021,FAY,NC,ASO,EN,Combined TRACON& Tower with Radar,19,8,20,2,49,0,1,16,0,17,19,9,36,2,66,4,0,4,70
10/18/2021,FAY,NC,ASO,EN,Combined TRACON& Tower with Radar,20,0,21,5,46,0,0,19,2,21,20,0,40,7,67,20,6,26,93
10/19/2021,FAY,NC,ASO,EN,Combined TRACON& Tower with Radar,20,0,21,3,44,0,0,26,2,28,20,0,47,5,72,60,0,60,132
10/20/2021,FAY,NC,ASO,EN,Combined TRACON& Tower with Radar,18,4,12,2,36,0,1,43,4,48,18,5,55,6,84,90,12,102,186
10/21/2021,FAY,NC,ASO,EN,Combined TRACON& Tower with Radar,17,1,23,6,47,0,0,35,3,38,17,1,58,9,85,52,0,52,137
10/22/2021,FAY,NC,ASO,EN,Combined TRACON& Tower with Radar,18,0,21,10,49,0,1,24,5,30,18,1,45,15,79,30,6,36,115
10/23/2021,FAY,NC,ASO,EN,Combined TRACON& Tower with Radar,17,0,19,2,38,0,2,24,3,29,17,2,43,5,67,20,0,20,87
10/24/2021,FAY,NC,ASO,EN,Combined TRACON& Tower with Radar,19,2,12,2,35,0,0,17,0,17,19,2,29,2,52,8,0,8,60
10/25/2021,FAY,NC,ASO,EN,Combined TRACON& Tower with Radar,17,4,12,25,58,0,0,7,0,7,17,4,19,25,65,30,16,46,111
10/26/2021,FAY,NC,ASO,EN,Combined TRACON& Tower with Radar,17,4,10,7,38,0,0,19,0,19,17,4,29,7,57,6,0,6,63
10/27/2021,FAY,NC,ASO,EN,Combined TRACON& Tower with Radar,18,0,15,9,42,0,0,36,2,38,18,0,51,11,80,42,14,56,136
10/28/2021,FAY,NC,ASO,EN,Combined TRACON& Tower with Radar,18,2,6,2,28,0,0,10,0,10,18,2,16,2,38,4,0,4,42
10/29/2021,FAY,NC,ASO,EN,Combined TRACON& Tower with Radar,19,0,14,4,37,0,0,14,0,14,19,0,28,4,51,32,0,32,83
10/30/2021,FAY,NC,ASO,EN,Combined TRACON& Tower with Radar,16,2,10,8,36,0,0,27,0,27,16,2,37,8,63,62,0,62,125
10/31/2021,FAY,NC,ASO,EN,Combined TRACON& Tower with Radar,19,1,21,2,43,0,0,34,0,34,19,1,55,2,77,54,0,54,131
11/01/2021,FAY,NC,ASO,EN,Combined TRACON& Tower with Radar,18,2,20,12,52,0,2,38,1,41,18,4,58,13,93,40,2,42,135
11/02/2021,FAY,NC,ASO,EN,Combined TRACON& Tower with Radar,8,6,17,10,41,0,5,21,2,28,8,11,38,12,69,40,0,40,109
11/03/2021,FAY,NC,ASO,EN,Combined TRACON& Tower with Radar,10,8,23,15,56,0,2,26,5,33,10,10,49,20,89,56,24,80,169
11/04/2021,FAY,NC,ASO,EN,Combined TRACON& Tower with Radar,10,9,23,15,57,0,0,8,2,10,10,9,31,17,67,18,0,18,85
11/05/2021,FAY,NC,ASO,EN,Combined TRACON& Tower with Radar,10,12,15,2,39,0,0,20,0,20,10,12,35,2,59,36,0,36,95
11/06/2021,FAY,NC,ASO,EN,Combined TRACON& Tower with Radar,8,8,2,2,20,0,0,4,0,4,8,8,6,2,24,0,0,0,24
11/07/2021,FAY,NC,ASO,EN,Combined TRACON& Tower with Radar,10,6,10,2,28,0,0,6,0,6,10,6,16,2,34,0,0,0,34
11/08/2021,FAY,NC,ASO,EN,Combined TRACON& Tower with Radar,10,9,15,14,48,0,0,14,2,16,10,9,29,16,64,20,0,20,84
11/09/2021,FAY,NC,ASO,EN,Combined TRACON& Tower with Radar,8,12,20,9,49,0,0,34,3,37,8,12,54,12,86,0,24,24,110
11/10/2021,FAY,NC,ASO,EN,Combined TRACON& Tower with Radar,9,6,28,25,68,0,0,25,10,35,9,6,53,35,103,14,24,38,141
11/11/2021,FAY,NC,ASO,EN,Combined TRACON& Tower with Radar,10,8,24,2,44,0,0,27,0,27,10,8,51,2,71,48,0,48,119
11/12/2021,FAY,NC,ASO,EN,Combined TRACON& Tower with Radar,11,13,13,6,43,0,0,36,0,36,11,13,49,6,79,68,8,76,155
11/13/2021,FAY,NC,ASO,EN,Combined TRACON& Tower with Radar,8,9,16,0,33,0,2,31,0,33,8,11,47,0,66,44,0,44,110
11/14/2021,FAY,NC,ASO,EN,Combined TRACON& Tower with Radar,10,7,21,1,39,0,0,49,0,49,10,7,70,1,88,53,0,53,141
11/15/2021,FAY,NC,ASO,EN,Combined TRACON& Tower with Radar,10,8,23,18,59,0,0,21,7,28,10,8,44,25,87,10,10,20,107
11/16/2021,FAY,NC,ASO,EN,Combined TRACON& Tower with Radar,8,6,35,13,62,0,0,34,5,39,8,6,69,18,101,28,38,66,167
11/17/2021,FAY,NC,ASO,EN,Combined TRACON& Tower with Radar,12,9,27,5,53,0,0,36,0,36,12,9,63,5,89,40,20,60,149
11/18/2021,FAY,NC,ASO,EN,Combined TRACON& Tower with Radar,12,8,25,11,56,0,0,27,0,27,12,8,52,11,83,44,14,58,141
11/19/2021,FAY,NC,ASO,EN,Combined TRACON& Tower with Radar,12,6,22,9,49,0,0,34,1,35,12,6,56,10,84,0,10,10,94
11/20/2021,FAY,NC,ASO,EN,Combined TRACON& Tower with Radar,11,6,15,1,33,0,1,35,0,36,11,7,50,1,69,80,0,80,149
11/21/2021,FAY,NC,ASO,EN,Combined TRACON& Tower with Radar,13,4,17,0,34,0,0,37,0,37,13,4,54,0,71,64,0,64,135
11/22/2021,FAY,NC,ASO,EN,Combined TRACON& Tower with Radar,11,9,3,0,23,0,0,2,2,4,11,9,5,2,27,0,0,0,27
11/23/2021,FAY,NC,ASO,EN,Combined TRACON& Tower with Radar,13,9,13,3,38,0,1,34,1,36,13,10,47,4,74,34,0,34,108
11/24/2021,FAY,NC,ASO,EN,Combined TRACON& Tower with Radar,12,8,12,3,35,0,0,21,1,22,12,8,33,4,57,22,0,22,79
11/25/2021,FAY,NC,ASO,EN,Combined TRACON& Tower with Radar,8,4,2,0,14,0,0,0,0,0,8,4,2,0,14,0,0,0,14
11/26/2021,FAY,NC,ASO,EN,Combined TRACON& Tower with Radar,12,5,6,0,23,0,0,9,0,9,12,5,15,0,32,8,0,8,40
11/27/2021,FAY,NC,ASO,EN,Combined TRACON& Tower with Radar,12,8,15,0,35,0,0,23,0,23,12,8,38,0,58,4,0,4,62
11/28/2021,FAY,NC,ASO,EN,Combined TRACON& Tower with Radar,12,14,22,0,48,0,2,37,0,39,12,16,59,0,87,20,0,20,107
11/29/2021,FAY,NC,ASO,EN,Combined TRACON& Tower with Radar,11,6,19,7,43,0,0,20,2,22,11,6,39,9,65,22,4,26,91
11/30/2021,FAY,NC,ASO,EN,Combined TRACON& Tower with Radar,12,7,14,3,36,0,0,16,1,17,12,7,30,4,53,0,0,0,53
12/01/2021,FAY,NC,ASO,EN,Combined TRACON& Tower with Radar,10,6,16,0,32,0,0,37,0,37,10,6,53,0,69,58,0,58,127
12/02/2021,FAY,NC,ASO,EN,Combined TRACON& Tower with Radar,11,8,17,0,36,0,0,41,0,41,11,8,58,0,77,62,0,62,139
12/03/2021,FAY,NC,ASO,EN,Combined TRACON& Tower with Radar,10,9,18,14,51,0,1,38,0,39,10,10,56,14,90,28,0,28,118
12/04/2021,FAY,NC,ASO,EN,Combined TRACON& Tower with Radar,8,10,16,0,34,0,0,29,2,31,8,10,45,2,65,20,0,20,85
12/05/2021,FAY,NC,ASO,EN,Combined TRACON& Tower with Radar,10,6,19,1,36,0,0,24,1,25,10,6,43,2,61,64,0,64,125
12/06/2021,FAY,NC,ASO,EN,Combined TRACON& Tower with Radar,8,14,13,12,47,0,0,9,4,13,8,14,22,16,60,0,22,22,82
12/07/2021,FAY,NC,ASO,EN,Combined TRACON& Tower with Radar,8,6,16,10,40,0,0,13,0,13,8,6,29,10,53,22,16,38,91
12/08/2021,FAY,NC,ASO,EN,Combined TRACON& Tower with Radar,9,6,6,4,25,0,0,3,1,4,9,6,9,5,29,0,0,0,29
12/09/2021,FAY,NC,ASO,EN,Combined TRACON& Tower with Radar,8,8,20,5,41,0,0,27,3,30,8,8,47,8,71,44,8,52,123
12/10/2021,FAY,NC,ASO,EN,Combined TRACON& Tower with Radar,13,8,23,8,52,0,0,19,1,20,13,8,42,9,72,38,14,52,124
12/11/2021,FAY,NC,ASO,EN,Combined TRACON& Tower with Radar,8,11,9,0,28,0,0,0,0,0,8,11,9,0,28,0,0,0,28
12/12/2021,FAY,NC,ASO,EN,Combined TRACON& Tower with Radar,10,7,16,0,33,0,2,29,0,31,10,9,45,0,64,18,0,18,82
12/13/2021,FAY,NC,ASO,EN,Combined TRACON& Tower with Radar,8,10,13,8,39,0,1,30,0,31,8,11,43,8,70,34,0,34,104
12/14/2021,FAY,NC,ASO,EN,Combined TRACON& Tower with Radar,8,6,18,13,45,0,0,8,6,14,8,6,26,19,59,6,14,20,79
12/15/2021,FAY,NC,ASO,EN,Combined TRACON& Tower with Radar,11,6,11,2,30,0,0,35,2,37,11,6,46,4,67,38,12,50,117
12/16/2021,FAY,NC,ASO,EN,Combined TRACON& Tower with Radar,13,4,27,7,51,0,0,27,1,28,13,4,54,8,79,22,6,28,107
12/17/2021,FAY,NC,ASO,EN,Combined TRACON& Tower with Radar,9,8,31,12,60,0,0,2,0,2,9,8,33,12,62,0,0,0,62
12/18/2021,FAY,NC,ASO,EN,Combined TRACON& Tower with Radar,13,4,6,2,25,0,0,1,0,1,13,4,7,2,26,0,0,0,26
12/19/2021,FAY,NC,ASO,EN,Combined TRACON& Tower with Radar,14,8,9,4,35,0,0,0,0,0,14,8,9,4,35,0,0,0,35
12/20/2021,FAY,NC,ASO,EN,Combined TRACON& Tower with Radar,11,6,16,10,43,0,2,25,1,28,11,8,41,11,71,50,0,50,121
12/21/2021,FAY,NC,ASO,EN,Combined TRACON& Tower with Radar,12,5,1,1,19,0,0,0,0,0,12,5,1,1,19,0,0,0,19
12/22/2021,FAY,NC,ASO,EN,Combined TRACON& Tower with Radar,13,9,18,4,44,0,4,20,0,24,13,13,38,4,68,12,6,18,86
12/23/2021,FAY,NC,ASO,EN,Combined TRACON& Tower with Radar,11,4,11,0,26,0,0,23,0,23,11,4,34,0,49,4,0,4,53
12/24/2021,FAY,NC,ASO,EN,Combined TRACON& Tower with Radar,9,4,2,0,15,0,1,8,0,9,9,5,10,0,24,0,0,0,24
12/25/2021,FAY,NC,ASO,EN,Combined TRACON& Tower with Radar,8,4,2,0,14,0,0,1,0,1,8,4,3,0,15,0,0,0,15
12/26/2021,FAY,NC,ASO,EN,Combined TRACON& Tower with Radar,12,4,10,0,26,0,0,16,0,16,12,4,26,0,42,6,0,6,48
12/27/2021,FAY,NC,ASO,EN,Combined TRACON& Tower with Radar,9,5,12,2,28,0,1,15,0,16,9,6,27,2,44,0,0,0,44
12/28/2021,FAY,NC,ASO,EN,Combined TRACON& Tower with Radar,12,7,8,6,33,0,0,8,0,8,12,7,16,6,41,0,0,0,41
12/29/2021,FAY,NC,ASO,EN,Combined TRACON& Tower with Radar,12,8,9,5,34,0,0,9,4,13,12,8,18,9,47,0,0,0,47
12/30/2021,FAY,NC,ASO,EN,Combined TRACON& Tower with Radar,12,4,14,0,30,0,0,0,0,0,12,4,14,0,30,0,0,0,30
12/31/2021,FAY,NC,ASO,EN,Combined TRACON& Tower with Radar,7,5,8,0,20,0,1,18,0,19,7,6,26,0,39,68,0,68,107
01/01/2022,FAY,NC,ASO,EN,Combined TRACON& Tower with Radar,11,4,2,0,17,0,0,2,0,2,11,4,4,0,19,0,0,0,19
01/02/2022,FAY,NC,ASO,EN,Combined TRACON& Tower with Radar,10,4,4,0,18,0,0,5,0,5,10,4,9,0,23,18,0,18,41
01/03/2022,FAY,NC,ASO,EN,Combined TRACON& Tower with Radar,11,8,2,0,21,0,1,1,0,2,11,9,3,0,23,0,0,0,23
01/04/2022,FAY,NC,ASO,EN,Combined TRACON& Tower with Radar,12,4,21,2,39,0,1,28,2,31,12,5,49,4,70,22,0,22,92
01/05/2022,FAY,NC,ASO,EN,Combined TRACON& Tower with Radar,11,9,23,2,45,0,0,11,0,11,11,9,34,2,56,6,0,6,62
01/06/2022,FAY,NC,ASO,EN,Combined TRACON& Tower with Radar,12,6,22,6,46,0,0,40,0,40,12,6,62,6,86,20,0,20,106
01/07/2022,FAY,NC,ASO,EN,Combined TRACON& Tower with Radar,12,6,18,6,42,0,0,22,0,22,12,6,40,6,64,63,0,63,127
01/08/2022,FAY,NC,ASO,EN,Combined TRACON& Tower with Radar,11,2,12,0,25,0,2,32,0,34,11,4,44,0,59,28,0,28,87
01/09/2022,FAY,NC,ASO,EN,Combined TRACON& Tower with Radar,11,6,4,0,21,0,0,18,0,18,11,6,22,0,39,14,0,14,53
01/10/2022,FAY,NC,ASO,EN,Combined TRACON& Tower with Radar,12,6,12,5,35,0,0,13,0,13,12,6,25,5,48,34,2,36,84
01/11/2022,FAY,NC,ASO,EN,Combined TRACON& Tower with Radar,10,4,11,14,39,0,0,16,0,16,10,4,27,14,55,16,0,16,71
01/12/2022,FAY,NC,ASO,EN,Combined TRACON& Tower with Radar,9,6,7,11,33,0,0,33,1,34,9,6,40,12,67,56,0,56,123
01/13/2022,FAY,NC,ASO,EN,Combined TRACON& Tower with Radar,10,6,13,5,34,0,0,28,2,30,10,6,41,7,64,72,10,82,146
01/14/2022,FAY,NC,ASO,EN,Combined TRACON& Tower with Radar,12,7,11,5,35,0,0,33,1,34,12,7,44,6,69,38,0,38,107
01/15/2022,FAY,NC,ASO,EN,Combined TRACON& Tower with Radar,9,2,3,10,24,0,0,26,0,26,9,2,29,10,50,60,0,60,110
01/16/2022,FAY,NC,ASO,EN,Combined TRACON& Tower with Radar,2,0,2,0,4,0,0,0,0,0,2,0,2,0,4,0,0,0,4
01/17/2022,FAY,NC,ASO,EN,Combined TRACON& Tower with Radar,8,0,5,0,13,0,0,1,0,1,8,0,6,0,14,0,0,0,14
01/18/2022,FAY,NC,ASO,EN,Combined TRACON& Tower with Radar,11,6,16,13,46,0,1,36,0,37,11,7,52,13,83,86,6,92,175
01/19/2022,FAY,NC,ASO,EN,Combined TRACON& Tower with Radar,11,10,23,21,65,0,3,41,1,45,11,13,64,22,110,82,15,97,207
01/20/2022,FAY,NC,ASO,EN,Combined TRACON& Tower with Radar,11,7,13,4,35,0,0,11,0,11,11,7,24,4,46,6,0,6,52
01/21/2022,FAY,NC,ASO,EN,Combined TRACON& Tower with Radar,3,2,0,0,5,0,0,1,0,1,3,2,1,0,6,0,0,0,6
01/22/2022,FAY,NC,ASO,EN,Combined TRACON& Tower with Radar,4,0,2,0,6,0,0,1,0,1,4,0,3,0,7,0,0,0,7
01/23/2022,FAY,NC,ASO,EN,Combined TRACON& Tower with Radar,13,9,10,0,32,0,0,19,0,19,13,9,29,0,51,40,0,40,91
01/24/2022,FAY,NC,ASO,EN,Combined TRACON& Tower with Radar,10,6,21,5,42,0,0,31,1,32,10,6,52,6,74,30,0,30,104
01/25/2022,FAY,NC,ASO,EN,Combined TRACON& Tower with Radar,11,4,18,5,38,0,0,22,1,23,11,4,40,6,61,44,0,44,105
01/26/2022,FAY,NC,ASO,EN,Combined TRACON& Tower with Radar,11,6,13,9,39,0,0,15,2,17,11,6,28,11,56,52,0,52,108
01/27/2022,FAY,NC,ASO,EN,Combined TRACON& Tower with Radar,12,6,17,8,43,0,1,30,4,35,12,7,47,12,78,36,0,36,114
01/28/2022,FAY,NC,ASO,EN,Combined TRACON& Tower with Radar,12,6,13,0,31,0,0,18,2,20,12,6,31,2,51,18,0,18,69
01/29/2022,FAY,NC,ASO,EN,Combined TRACON& Tower with Radar,11,4,7,0,22,0,0,0,0,0,11,4,7,0,22,0,0,0,22
01/30/2022,FAY,NC,ASO,EN,Combined TRACON& Tower with Radar,10,7,7,0,24,0,0,35,1,36,10,7,42,1,60,48,0,48,108
01/31/2022,FAY,NC,ASO,EN,Combined TRACON& Tower with Radar,11,7,21,24,63,0,2,26,8,36,11,9,47,32,99,36,14,50,149
02/01/2022,FAY,NC,ASO,EN,Combined TRACON& Tower with Radar,11,3,17,4,35,0,0,27,0,27,11,3,44,4,62,56,0,56,118
02/02/2022,FAY,NC,ASO,EN,Combined TRACON& Tower with Radar,11,4,19,8,42,0,0,35,2,37,11,4,54,10,79,42,12,54,133
02/03/2022,FAY,NC,ASO,EN,Combined TRACON& Tower with Radar,8,6,26,8,48,0,0,10,0,10,8,6,36,8,58,8,0,8,66
02/04/2022,FAY,NC,ASO,EN,Combined TRACON& Tower with Radar,8,8,6,2,24,0,0,1,0,1,8,8,7,2,25,0,0,0,25
02/05/2022,FAY,NC,ASO,EN,Combined TRACON& Tower with Radar,11,8,7,6,32,0,0,18,0,18,11,8,25,6,50,32,0,32,82
02/06/2022,FAY,NC,ASO,EN,Combined TRACON& Tower with Radar,8,10,16,1,35,0,0,23,0,23,8,10,39,1,58,8,0,8,66
02/07/2022,FAY,NC,ASO,EN,Combined TRACON& Tower with Radar,8,8,4,0,20,0,0,0,0,0,8,8,4,0,20,0,0,0,20
02/08/2022,FAY,NC,ASO,EN,Combined TRACON& Tower with Radar,10,7,21,12,50,0,2,20,0,22,10,9,41,12,72,10,20,30,102
02/09/2022,FAY,NC,ASO,EN,Combined TRACON& Tower with Radar,9,8,14,7,38,0,1,37,1,39,9,9,51,8,77,38,4,42,119
02/10/2022,FAY,NC,ASO,EN,Combined TRACON& Tower with Radar,10,8,18,14,50,0,0,33,4,37,10,8,51,18,87,46,30,76,163
02/11/2022,FAY,NC,ASO,EN,Combined TRACON& Tower with Radar,12,12,9,4,37,0,0,24,2,26,12,12,33,6,63,74,6,80,143
02/12/2022,FAY,NC,ASO,EN,Combined TRACON& Tower with Radar,9,6,5,0,20,0,0,32,1,33,9,6,37,1,53,12,0,12,65
02/13/2022,FAY,NC,ASO,EN,Combined TRACON& Tower with Radar,8,10,2,0,20,0,0,0,0,0,8,10,2,0,20,0,0,0,20
02/14/2022,FAY,NC,ASO,EN,Combined TRACON& Tower with Radar,13,8,10,13,44,0,1,12,2,15,13,9,22,15,59,34,18,52,111
02/15/2022,FAY,NC,ASO,EN,Combined TRACON& Tower with Radar,8,6,24,0,38,0,2,28,2,32,8,8,52,2,70,28,3,31,101
02/16/2022,FAY,NC,ASO,EN,Combined TRACON& Tower with Radar,10,14,19,15,58,0,3,21,0,24,10,17,40,15,82,38,10,48,130
02/17/2022,FAY,NC,ASO,EN,Combined TRACON& Tower with Radar,11,8,17,12,48,0,1,17,2,20,11,9,34,14,68,30,0,30,98
02/18/2022,FAY,NC,ASO,EN,Combined TRACON& Tower with Radar,6,8,16,0,30,0,0,9,0,9,6,8,25,0,39,0,0,0,39
02/19/2022,FAY,NC,ASO,EN,Combined TRACON& Tower with Radar,10,6,16,0,32,0,0,27,1,28,10,6,43,1,60,60,0,60,120
02/20/2022,FAY,NC,ASO,EN,Combined TRACON& Tower with Radar,8,7,19,0,34,0,0,32,0,32,8,7,51,0,66,64,0,64,130
02/21/2022,FAY,NC,ASO,EN,Combined TRACON& Tower with Radar,9,8,15,0,32,0,1,18,0,19,9,9,33,0,51,30,0,30,81
02/22/2022,FAY,NC,ASO,EN,Combined TRACON& Tower with Radar,9,6,22,12,49,0,1,6,0,7,9,7,28,12,56,12,20,32,88
02/23/2022,FAY,NC,ASO,EN,Combined TRACON& Tower with Radar,8,8,32,12,60,0,0,14,1,15,8,8,46,13,75,64,0,64,139
02/24/2022,FAY,NC,ASO,EN,Combined TRACON& Tower with Radar,8,12,25,21,66,0,0,0,0,0,8,12,25,21,66,0,12,12,78
02/25/2022,FAY,NC,ASO,EN,Combined TRACON& Tower with Radar,8,6,23,0,37,0,0,2,0,2,8,6,25,0,39,0,0,0,39
02/26/2022,FAY,NC,ASO,EN,Combined TRACON& Tower with Radar,10,6,22,0,38,0,1,30,0,31,10,7,52,0,69,22,0,22,91
02/27/2022,FAY,NC,ASO,EN,Combined TRACON& Tower with Radar,11,8,12,0,31,0,0,0,0,0,11,8,12,0,31,0,0,0,31
02/28/2022,FAY,NC,ASO,EN,Combined TRACON& Tower with Radar,10,8,16,13,47,0,0,19,2,21,10,8,35,15,68,13,6,19,87
03/01/2022,FAY,NC,ASO,EN,Combined TRACON& Tower with Radar,9,6,10,5,30,0,0,31,0,31,9,6,41,5,61,40,0,40,101
03/02/2022,FAY,NC,ASO,EN,Combined TRACON& Tower with Radar,8,7,15,4,34,0,1,28,0,29,8,8,43,4,63,54,0,54,117
03/03/2022,FAY,NC,ASO,EN,Combined TRACON& Tower with Radar,9,8,13,0,30,0,1,18,5,24,9,9,31,5,54,20,8,28,82
03/04/2022,FAY,NC,ASO,EN,Combined TRACON& Tower with Radar,8,9,21,0,38,0,0,25,0,25,8,9,46,0,63,16,0,16,79
03/05/2022,FAY,NC,ASO,EN,Combined TRACON& Tower with Radar,8,7,38,0,53,0,0,17,2,19,8,7,55,2,72,6,0,6,78
03/06/2022,FAY,NC,ASO,EN,Combined TRACON& Tower with Radar,9,7,14,0,30,0,0,12,0,12,9,7,26,0,42,0,0,0,42
03/07/2022,FAY,NC,ASO,EN,Combined TRACON& Tower with Radar,8,8,10,8,34,0,0,6,0,6,8,8,16,8,40,2,2,4,44
03/08/2022,FAY,NC,ASO,EN,Combined TRACON& Tower with Radar,6,4,14,1,25,0,1,18,0,19,6,5,32,1,44,46,22,68,112
03/09/2022,FAY,NC,ASO,EN,Combined TRACON& Tower with Radar,6,6,20,4,36,0,0,0,0,0,6,6,20,4,36,0,4,4,40
03/10/2022,FAY,NC,ASO,EN,Combined TRACON& Tower with Radar,8,8,31,11,58,0,0,1,0,1,8,8,32,11,59,0,0,0,59
03/11/2022,FAY,NC,ASO,EN,Combined TRACON& Tower with Radar,8,10,41,11,70,0,0,2,0,2,8,10,43,11,72,0,0,0,72
03/12/2022,FAY,NC,ASO,EN,Combined TRACON& Tower with Radar,7,6,1,0,14,0,0,0,0,0,7,6,1,0,14,0,0,0,14
03/13/2022,FAY,NC,ASO,EN,Combined TRACON& Tower with Radar,6,8,13,0,27,0,0,38,0,38,6,8,51,0,65,36,0,36,101
03/14/2022,FAY,NC,ASO,EN,Combined TRACON& Tower with Radar,9,9,17,13,48,0,0,33,2,35,9,9,50,15,83,36,8,44,127
03/15/2022,FAY,NC,ASO,EN,Combined TRACON& Tower with Radar,6,7,17,6,36,0,0,28,0,28,6,7,45,6,64,30,14,44,108
03/16/2022,FAY,NC,ASO,EN,Combined TRACON& Tower with Radar,6,4,16,6,32,0,0,10,0,10,6,4,26,6,42,4,0,4,46
03/17/2022,FAY,NC,ASO,EN,Combined TRACON& Tower with Radar,8,12,38,4,62,0,0,3,1,4,8,12,41,5,66,16,4,20,86
03/18/2022,FAY,NC,ASO,EN,Combined TRACON& Tower with Radar,8,10,6,12,36,0,0,24,0,24,8,10,30,12,60,52,16,68,128
03/19/2022,FAY,NC,ASO,EN,Combined TRACON& Tower with Radar,8,6,1,2,17,0,0,3,2,5,8,6,4,4,22,10,2,12,34
03/20/2022,FAY,NC,ASO,EN,Combined TRACON& Tower with Radar,8,16,7,1,32,0,0,16,0,16,8,16,23,1,48,4,0,4,52
03/21/2022,FAY,NC,ASO,EN,Combined TRACON& Tower with Radar,6,11,25,3,45,0,0,29,1,30,6,11,54,4,75,48,0,48,123
03/22/2022,FAY,NC,ASO,EN,Combined TRACON& Tower with Radar,6,5,18,8,37,0,0,32,1,33,6,5,50,9,70,55,12,67,137
03/23/2022,FAY,NC,ASO,EN,Combined TRACON& Tower with Radar,6,5,11,5,27,0,0,1,1,2,6,5,12,6,29,0,0,0,29
03/24/2022,FAY,NC,ASO,EN,Combined TRACON& Tower with Radar,8,9,12,2,31,0,0,3,0,3,8,9,15,2,34,0,0,0,34
03/25/2022,FAY,NC,ASO,EN,Combined TRACON& Tower with Radar,8,8,15,4,35,0,4,13,0,17,8,12,28,4,52,0,0,0,52
03/26/2022,FAY,NC,ASO,EN,Combined TRACON& Tower with Radar,12,6,5,0,23,0,0,7,1,8,12,6,12,1,31,12,0,12,43
03/27/2022,FAY,NC,ASO,EN,Combined TRACON& Tower with Radar,10,6,7,0,23,0,2,21,0,23,10,8,28,0,46,22,0,22,68
03/28/2022,FAY,NC,ASO,EN,Combined TRACON& Tower with Radar,8,8,17,5,38,0,2,30,3,35,8,10,47,8,73,30,0,30,103
03/29/2022,FAY,NC,ASO,EN,Combined TRACON& Tower with Radar,10,4,17,6,37,0,0,30,5,35,10,4,47,11,72,46,14,60,132
03/30/2022,FAY,NC,ASO,EN,Combined TRACON& Tower with Radar,6,6,17,11,40,0,3,4,1,8,6,9,21,12,48,12,24,36,84
03/31/2022,FAY,NC,ASO,EN,Combined TRACON& Tower with Radar,8,10,9,13,40,0,0,0,0,0,8,10,9,13,40,0,10,10,50
04/01/2022,FAY,NC,ASO,EN,Combined TRACON& Tower with Radar,10,8,24,5,47,0,2,24,3,29,10,10,48,8,76,10,0,10,86
04/02/2022,FAY,NC,ASO,EN,Combined TRACON& Tower with Radar,8,6,14,0,28,0,0,36,0,36,8,6,50,0,64,120,0,120,184
04/03/2022,FAY,NC,ASO,EN,Combined TRACON& Tower with Radar,10,8,6,0,24,0,0,13,0,13,10,8,19,0,37,32,0,32,69
04/04/2022,FAY,NC,ASO,EN,Combined TRACON& Tower with Radar,10,6,19,8,43,0,0,30,2,32,10,6,49,10,75,20,8,28,103
04/05/2022,FAY,NC,ASO,EN,Combined TRACON& Tower with Radar,11,3,21,2,37,0,0,5,3,8,11,3,26,5,45,0,0,0,45
04/06/2022,FAY,NC,ASO,EN,Combined TRACON& Tower with Radar,12,5,30,16,63,0,0,10,5,15,12,5,40,21,78,32,12,44,122
04/07/2022,FAY,NC,ASO,EN,Combined TRACON& Tower with Radar,12,5,26,8,51,0,0,2,1,3,12,5,28,9,54,0,5,5,59
04/08/2022,FAY,NC,ASO,EN,Combined TRACON& Tower with Radar,12,6,19,6,43,0,0,20,0,20,12,6,39,6,63,22,0,22,85
04/09/2022,FAY,NC,ASO,EN,Combined TRACON& Tower with Radar,9,4,11,0,24,0,1,15,0,16,9,5,26,0,40,16,0,16,56
04/10/2022,FAY,NC,ASO,EN,Combined TRACON& Tower with Radar,13,4,7,0,24,0,0,10,0,10,13,4,17,0,34,12,0,12,46
04/11/2022,FAY,NC,ASO,EN,Combined TRACON& Tower with Radar,11,6,18,6,41,0,1,33,8,42,11,7,51,14,83,42,0,42,125
04/12/2022,FAY,NC,ASO,EN,Combined TRACON& Tower with Radar,12,4,10,16,42,0,0,21,3,24,12,4,31,19,66,12,8,20,86
04/13/2022,FAY,NC,ASO,EN,Combined TRACON& Tower with Radar,13,4,18,11,46,0,0,18,2,20,13,4,36,13,66,22,0,22,88
04/14/2022,FAY,NC,ASO,EN,Combined TRACON& Tower with Radar,12,6,16,15,49,0,0,7,0,7,12,6,23,15,56,0,8,8,64
04/15/2022,FAY,NC,ASO,EN,Combined TRACON& Tower with Radar,14,6,9,3,32,0,0,22,5,27,14,6,31,8,59,14,0,14,73
04/16/2022,FAY,NC,ASO,EN,Combined TRACON& Tower with Radar,10,6,20,1,37,0,0,9,0,9,10,6,29,1,46,38,0,38,84
04/17/2022,FAY,NC,ASO,EN,Combined TRACON& Tower with Radar,14,2,5,0,21,0,0,13,0,13,14,2,18,0,34,38,0,38,72
04/18/2022,FAY,NC,ASO,EN,Combined TRACON& Tower with Radar,16,6,20,6,48,0,0,0,0,0,16,6,20,6,48,0,0,0,48
04/19/2022,FAY,NC,ASO,EN,Combined TRACON& Tower with Radar,12,5,13,10,40,0,0,11,1,12,12,5,24,11,52,8,0,8,60
04/20/2022,FAY,NC,ASO,EN,Combined TRACON& Tower with Radar,12,8,16,9,45,0,1,19,0,20,12,9,35,9,65,8,0,8,73
04/21/2022,FAY,NC,ASO,EN,Combined TRACON& Tower with Radar,12,4,27,6,49,0,1,22,3,26,12,5,49,9,75,102,24,126,201
04/22/2022,FAY,NC,ASO,EN,Combined TRACON& Tower with Radar,12,5,12,0,29,0,1,21,0,22,12,6,33,0,51,58,0,58,109
04/23/2022,FAY,NC,ASO,EN,Combined TRACON& Tower with Radar,11,9,19,2,41,0,1,33,0,34,11,10,52,2,75,58,0,58,133
04/24/2022,FAY,NC,ASO,EN,Combined TRACON& Tower with Radar,12,5,13,0,30,0,1,25,0,26,12,6,38,0,56,50,0,50,106
04/25/2022,FAY,NC,ASO,EN,Combined TRACON& Tower with Radar,13,7,19,3,42,0,2,25,3,30,13,9,44,6,72,26,6,32,104
04/26/2022,FAY,NC,ASO,EN,Combined TRACON& Tower with Radar,12,9,10,2,33,0,0,6,0,6,12,9,16,2,39,12,0,12,51
04/27/2022,FAY,NC,ASO,EN,Combined TRACON& Tower with Radar,12,4,14,0,30,0,2,21,3,26,12,6,35,3,56,34,0,34,90
04/28/2022,FAY,NC,ASO,EN,Combined TRACON& Tower with Radar,12,4,13,3,32,0,2,17,4,23,12,6,30,7,55,15,0,15,70
04/29/2022,FAY,NC,ASO,EN,Combined TRACON& Tower with Radar,12,4,11,10,37,0,0,33,1,34,12,4,44,11,71,68,12,80,151
04/30/2022,FAY,NC,ASO,EN,Combined TRACON& Tower with Radar,12,2,6,0,20,0,4,19,0,23,12,6,25,0,43,32,0,32,75
05/01/2022,FAY,NC,ASO,EN,Combined TRACON& Tower with Radar,11,4,9,0,24,0,0,23,0,23,11,4,32,0,47,28,0,28,75
05/02/2022,FAY,NC,ASO,EN,Combined TRACON& Tower with Radar,12,4,24,6,46,0,0,19,1,20,12,4,43,7,66,42,12,54,120
05/03/2022,FAY,NC,ASO,EN,Combined TRACON& Tower with Radar,13,4,17,2,36,0,0,30,3,33,13,4,47,5,69,8,2,10,79
05/04/2022,FAY,NC,ASO,EN,Combined TRACON& Tower with Radar,12,8,20,8,48,0,0,6,0,6,12,8,26,8,54,48,0,48,102
05/05/2022,FAY,NC,ASO,EN,Combined TRACON& Tower with Radar,10,11,47,2,70,0,0,5,2,7,10,11,52,4,77,2,4,6,83
05/06/2022,FAY,NC,ASO,EN,Combined TRACON& Tower with Radar,9,9,30,2,50,0,0,6,0,6,9,9,36,2,56,4,0,4,60
05/07/2022,FAY,NC,ASO,EN,Combined TRACON& Tower with Radar,13,4,4,0,21,0,0,9,0,9,13,4,13,0,30,18,0,18,48
05/08/2022,FAY,NC,ASO,EN,Combined TRACON& Tower with Radar,10,12,8,0,30,0,0,0,0,0,10,12,8,0,30,0,0,0,30
05/09/2022,FAY,NC,ASO,EN,Combined TRACON& Tower with Radar,10,12,14,8,44,0,0,22,0,22,10,12,36,8,66,32,2,34,100
05/10/2022,FAY,NC,ASO,EN,Combined TRACON& Tower with Radar,8,11,26,17,62,0,0,19,3,22,8,11,45,20,84,16,8,24,108
05/11/2022,FAY,NC,ASO,EN,Combined TRACON& Tower with Radar,10,6,8,1,25,0,0,15,1,16,10,6,23,2,41,10,6,16,57
05/12/2022,FAY,NC,ASO,EN,Combined TRACON& Tower with Radar,8,12,39,23,82,0,0,0,0,0,8,12,39,23,82,0,10,10,92
05/13/2022,FAY,NC,ASO,EN,Combined TRACON& Tower with Radar,9,10,17,15,51,0,0,0,0,0,9,10,17,15,51,6,6,12,63
05/14/2022,FAY,NC,ASO,EN,Combined TRACON& Tower with Radar,11,6,21,2,40,0,0,3,0,3,11,6,24,2,43,0,0,0,43
05/15/2022,FAY,NC,ASO,EN,Combined TRACON& Tower with Radar,10,10,14,0,34,0,2,32,0,34,10,12,46,0,68,58,0,58,126
05/16/2022,FAY,NC,ASO,EN,Combined TRACON& Tower with Radar,9,10,26,0,45,0,0,13,0,13,9,10,39,0,58,0,0,0,58
05/17/2022,FAY,NC,ASO,EN,Combined TRACON& Tower with Radar,9,9,21,5,44,0,0,52,2,54,9,9,73,7,98,30,10,40,138
05/18/2022,FAY,NC,ASO,EN,Combined TRACON& Tower with Radar,12,4,9,0,25,0,0,42,0,42,12,4,51,0,67,84,0,84,151
05/19/2022,FAY,NC,ASO,EN,Combined TRACON& Tower with Radar,10,10,9,10,39,0,0,11,1,12,10,10,20,11,51,4,0,4,55
05/20/2022,FAY,NC,ASO,EN,Combined TRACON& Tower with Radar,11,9,10,6,36,0,2,29,0,31,11,11,39,6,67,46,10,56,123
05/21/2022,FAY,NC,ASO,EN,Combined TRACON& Tower with Radar,11,6,3,2,22,0,0,27,0,27,11,6,30,2,49,32,0,32,81
05/22/2022,FAY,NC,ASO,EN,Combined TRACON& Tower with Radar,11,11,9,0,31,0,2,16,0,18,11,13,25,0,49,20,0,20,69
05/23/2022,FAY,NC,ASO,EN,Combined TRACON& Tower with Radar,9,10,19,10,48,0,0,6,0,6,9,10,25,10,54,20,2,22,76
05/24/2022,FAY,NC,ASO,EN,Combined TRACON& Tower with Radar,8,13,25,4,50,0,0,2,0,2,8,13,27,4,52,44,2,46,98
05/25/2022,FAY,NC,ASO,EN,Combined TRACON& Tower with Radar,10,8,57,18,93,0,0,14,2,16,10,8,71,20,109,48,20,68,177
05/26/2022,FAY,NC,ASO,EN,Combined TRACON& Tower with Radar,9,12,32,8,61,0,0,17,0,17,9,12,49,8,78,18,0,18,96
05/27/2022,FAY,NC,ASO,EN,Combined TRACON& Tower with Radar,10,10,10,0,30,0,0,0,0,0,10,10,10,0,30,0,0,0,30
05/28/2022,FAY,NC,ASO,EN,Combined TRACON& Tower with Radar,8,6,8,0,22,0,0,45,0,45,8,6,53,0,67,84,0,84,151
05/29/2022,FAY,NC,ASO,EN,Combined TRACON& Tower with Radar,9,6,19,0,34,0,2,33,0,35,9,8,52,0,69,100,0,100,169
05/30/2022,FAY,NC,ASO,EN,Combined TRACON& Tower with Radar,10,12,25,0,47,0,0,57,0,57,10,12,82,0,104,106,0,106,210
05/31/2022,FAY,NC,ASO,EN,Combined TRACON& Tower with Radar,8,8,10,1,27,0,1,27,1,29,8,9,37,2,56,42,0,42,98
06/01/2022,FAY,NC,ASO,EN,Combined TRACON& Tower with Radar,8,6,8,4,26,0,0,27,0,27,8,6,35,4,53,62,0,62,115
06/02/2022,FAY,NC,ASO,EN,Combined TRACON& Tower with Radar,11,13,11,5,40,0,0,24,0,24,11,13,35,5,64,30,6,36,100
06/03/2022,FAY,NC,ASO,EN,Combined TRACON& Tower with Radar,9,10,17,3,39,0,2,18,0,20,9,12,35,3,59,34,2,36,95
06/04/2022,FAY,NC,ASO,EN,Combined TRACON& Tower with Radar,9,11,14,0,34,0,0,24,0,24,9,11,38,0,58,32,0,32,90
06/05/2022,FAY,NC,ASO,EN,Combined TRACON& Tower with Radar,9,10,10,0,29,0,0,18,0,18,9,10,28,0,47,6,0,6,53
06/06/2022,FAY,NC,ASO,EN,Combined TRACON& Tower with Radar,12,8,14,4,38,0,0,27,0,27,12,8,41,4,65,42,0,42,107
06/07/2022,FAY,NC,ASO,EN,Combined TRACON& Tower with Radar,10,12,22,2,46,0,0,24,0,24,10,12,46,2,70,54,0,54,124
06/08/2022,FAY,NC,ASO,EN,Combined TRACON& Tower with Radar,10,8,13,2,33,0,0,13,0,13,10,8,26,2,46,12,0,12,58
06/09/2022,FAY,NC,ASO,EN,Combined TRACON& Tower with Radar,11,9,18,0,38,0,0,26,3,29,11,9,44,3,67,28,0,28,95
06/10/2022,FAY,NC,ASO,EN,Combined TRACON& Tower with Radar,12,11,16,3,42,0,0,16,1,17,12,11,32,4,59,74,0,74,133
06/11/2022,FAY,NC,ASO,EN,Combined TRACON& Tower with Radar,9,8,7,0,24,0,0,12,0,12,9,8,19,0,36,6,0,6,42
06/12/2022,FAY,NC,ASO,EN,Combined TRACON& Tower with Radar,11,8,10,0,29,0,0,3,0,3,11,8,13,0,32,20,0,20,52
06/13/2022,FAY,NC,ASO,EN,Combined TRACON& Tower with Radar,13,10,16,5,44,0,0,21,0,21,13,10,37,5,65,26,4,30,95
06/14/2022,FAY,NC,ASO,EN,Combined TRACON& Tower with Radar,10,11,26,9,56,0,0,26,0,26,10,11,52,9,82,60,0,60,142
06/15/2022,FAY,NC,ASO,EN,Combined TRACON& Tower with Radar,10,12,9,1,32,0,0,34,5,39,10,12,43,6,71,50,38,88,159
06/16/2022,FAY,NC,ASO,EN,Combined TRACON& Tower with Radar,11,6,19,2,38,0,0,21,2,23,11,6,40,4,61,18,6,24,85
06/17/2022,FAY,NC,ASO,EN,Combined TRACON& Tower with Radar,9,11,10,0,30,0,0,35,0,35,9,11,45,0,65,41,0,41,106
06/18/2022,FAY,NC,ASO,EN,Combined TRACON& Tower with Radar,8,8,5,0,21,0,0,12,0,12,8,8,17,0,33,14,0,14,47
06/19/2022,FAY,NC,ASO,EN,Combined TRACON& Tower with Radar,11,8,10,0,29,0,0,22,0,22,11,8,32,0,51,56,0,56,107
06/20/2022,FAY,NC,ASO,EN,Combined TRACON& Tower with Radar,11,12,26,0,49,0,0,37,1,38,11,12,63,1,87,22,0,22,109
06/21/2022,FAY,NC,ASO,EN,Combined TRACON& Tower with Radar,10,8,13,3,34,0,0,28,1,29,10,8,41,4,63,52,8,60,123
06/22/2022,FAY,NC,ASO,EN,Combined TRACON& Tower with Radar,10,8,18,0,36,0,0,22,1,23,10,8,40,1,59,34,2,36,95
06/23/2022,FAY,NC,ASO,EN,Combined TRACON& Tower with Radar,12,8,20,6,46,0,0,42,2,44,12,8,62,8,90,34,10,44,134
06/24/2022,FAY,NC,ASO,EN,Combined TRACON& Tower with Radar,12,7,6,7,32,0,0,24,1,25,12,7,30,8,57,22,8,30,87
06/25/2022,FAY,NC,ASO,EN,Combined TRACON& Tower with Radar,10,9,9,0,28,0,0,33,1,34,10,9,42,1,62,32,0,32,94
06/26/2022,FAY,NC,ASO,EN,Combined TRACON& Tower with Radar,12,8,23,0,43,0,0,33,0,33,12,8,56,0,76,24,0,24,100
06/27/2022,FAY,NC,ASO,EN,Combined TRACON& Tower with Radar,11,10,13,3,37,0,1,19,1,21,11,11,32,4,58,50,0,50,108
06/28/2022,FAY,NC,ASO,EN,Combined TRACON& Tower with Radar,13,8,22,7,50,0,0,29,1,30,13,8,51,8,80,38,8,46,126
06/29/2022,FAY,NC,ASO,EN,Combined TRACON& Tower with Radar,10,8,24,2,44,0,0,2,0,2,10,8,26,2,46,18,0,18,64
06/30/2022,FAY,NC,ASO,EN,Combined TRACON& Tower with Radar,12,8,18,6,44,0,0,19,1,20,12,8,37,7,64,62,0,62,126
07/01/2022,FAY,NC,ASO,EN,Combined TRACON& Tower with Radar,11,8,14,0,33,0,0,3,0,3,11,8,17,0,36,12,0,12,48
07/02/2022,FAY,NC,ASO,EN,Combined TRACON& Tower with Radar,9,6,9,0,24,0,0,4,0,4,9,6,13,0,28,18,0,18,46
07/03/2022,FAY,NC,ASO,EN,Combined TRACON& Tower with Radar,12,2,4,0,18,0,0,16,0,16,12,2,20,0,34,6,0,6,40
07/04/2022,FAY,NC,ASO,EN,Combined TRACON& Tower with Radar,12,8,6,0,26,0,0,4,0,4,12,8,10,0,30,0,0,0,30
07/05/2022,FAY,NC,ASO,EN,Combined TRACON& Tower with Radar,14,4,21,0,39,0,0,16,0,16,14,4,37,0,55,10,0,10,65
07/06/2022,FAY,NC,ASO,EN,Combined TRACON& Tower with Radar,11,6,15,3,35,0,0,25,1,26,11,6,40,4,61,64,0,64,125
07/07/2022,FAY,NC,ASO,EN,Combined TRACON& Tower with Radar,12,6,10,9,37,0,0,13,1,14,12,6,23,10,51,36,2,38,89
07/08/2022,FAY,NC,ASO,EN,Combined TRACON& Tower with Radar,10,3,16,1,30,0,0,12,0,12,10,3,28,1,42,28,0,28,70
07/09/2022,FAY,NC,ASO,EN,Combined TRACON& Tower with Radar,12,6,14,0,32,0,0,6,0,6,12,6,20,0,38,0,0,0,38
07/10/2022,FAY,NC,ASO,EN,Combined TRACON& Tower with Radar,15,7,8,0,30,0,0,0,0,0,15,7,8,0,30,0,0,0,30
07/11/2022,FAY,NC,ASO,EN,Combined TRACON& Tower with Radar,14,8,56,3,81,0,0,16,1,17,14,8,72,4,98,12,14,26,124
07/12/2022,FAY,NC,ASO,EN,Combined TRACON& Tower with Radar,12,4,21,0,37,0,0,40,1,41,12,4,61,1,78,38,0,38,116
07/13/2022,FAY,NC,ASO,EN,Combined TRACON& Tower with Radar,11,4,19,6,40,0,0,10,0,10,11,4,29,6,50,4,0,4,54
07/14/2022,FAY,NC,ASO,EN,Combined TRACON& Tower with Radar,15,8,28,8,59,0,0,5,0,5,15,8,33,8,64,0,0,0,64
07/15/2022,FAY,NC,ASO,EN,Combined TRACON& Tower with Radar,14,8,25,2,49,0,0,22,0,22,14,8,47,2,71,86,0,86,157
07/16/2022,FAY,NC,ASO,EN,Combined TRACON& Tower with Radar,14,4,21,0,39,0,0,27,0,27,14,4,48,0,66,10,0,10,76
07/17/2022,FAY,NC,ASO,EN,Combined TRACON& Tower with Radar,14,7,10,0,31,0,0,18,0,18,14,7,28,0,49,40,0,40,89
07/18/2022,FAY,NC,ASO,EN,Combined TRACON& Tower with Radar,14,9,42,0,65,0,0,13,0,13,14,9,55,0,78,14,0,14,92
07/19/2022,FAY,NC,ASO,EN,Combined TRACON& Tower with Radar,12,4,39,10,65,0,0,20,2,22,12,4,59,12,87,10,0,10,97
07/20/2022,FAY,NC,ASO,EN,Combined TRACON& Tower with Radar,12,6,13,6,37,0,0,29,2,31,12,6,42,8,68,54,0,54,122
07/21/2022,FAY,NC,ASO,EN,Combined TRACON& Tower with Radar,12,8,31,14,65,0,0,4,1,5,12,8,35,15,70,8,0,8,78
07/22/2022,FAY,NC,ASO,EN,Combined TRACON& Tower with Radar,13,6,19,0,38,0,0,17,0,17,13,6,36,0,55,30,0,30,85
07/23/2022,FAY,NC,ASO,EN,Combined TRACON& Tower with Radar,7,5,8,0,20,0,0,8,0,8,7,5,16,0,28,20,0,20,48
07/24/2022,FAY,NC,ASO,EN,Combined TRACON& Tower with Radar,12,6,7,0,25,0,0,16,0,16,12,6,23,0,41,53,0,53,94
07/25/2022,FAY,NC,ASO,EN,Combined TRACON& Tower with Radar,18,6,21,8,53,0,0,21,0,21,18,6,42,8,74,28,0,28,102
07/26/2022,FAY,NC,ASO,EN,Combined TRACON& Tower with Radar,12,6,18,2,38,0,0,25,2,27,12,6,43,4,65,58,0,58,123
07/27/2022,FAY,NC,ASO,EN,Combined TRACON& Tower with Radar,13,6,17,5,41,0,0,34,5,39,13,6,51,10,80,43,8,51,131
07/28/2022,FAY,NC,ASO,EN,Combined TRACON& Tower with Radar,14,6,23,3,46,0,3,43,0,46,14,9,66,3,92,44,0,44,136
07/29/2022,FAY,NC,ASO,EN,Combined TRACON& Tower with Radar,15,8,7,2,32,0,0,19,1,20,15,8,26,3,52,28,2,30,82
07/30/2022,FAY,NC,ASO,EN,Combined TRACON& Tower with Radar,10,8,7,0,25,0,0,15,0,15,10,8,22,0,40,14,0,14,54
07/31/2022,FAY,NC,ASO,EN,Combined TRACON& Tower with Radar,15,10,3,0,28,0,0,1,0,1,15,10,4,0,29,6,0,6,35
08/01/2022,FAY,NC,ASO,EN,Combined TRACON& Tower with Radar,14,6,18,0,38,0,0,29,0,29,14,6,47,0,67,66,0,66,133
08/02/2022,FAY,NC,ASO,EN,Combined TRACON& Tower with Radar,13,5,13,0,31,0,0,33,0,33,13,5,46,0,64,24,0,24,88
08/03/2022,FAY,NC,ASO,EN,Combined TRACON& Tower with Radar,12,9,19,4,44,0,0,26,0,26,12,9,45,4,70,32,0,32,102
08/04/2022,FAY,NC,ASO,EN,Combined TRACON& Tower with Radar,9,8,16,0,33,0,0,34,0,34,9,8,50,0,67,61,0,61,128
08/05/2022,FAY,NC,ASO,EN,Combined TRACON& Tower with Radar,12,10,15,2,39,0,0,28,1,29,12,10,43,3,68,54,0,54,122
08/06/2022,FAY,NC,ASO,EN,Combined TRACON& Tower with Radar,8,10,11,0,29,0,0,12,0,12,8,10,23,0,41,6,0,6,47
08/07/2022,FAY,NC,ASO,EN,Combined TRACON& Tower with Radar,13,14,10,0,37,0,0,21,0,21,13,14,31,0,58,24,0,24,82
08/08/2022,FAY,NC,ASO,EN,Combined TRACON& Tower with Radar,10,9,16,4,39,0,0,22,0,22,10,9,38,4,61,18,0,18,79
08/09/2022,FAY,NC,ASO,EN,Combined TRACON& Tower with Radar,10,9,4,0,23,0,0,29,0,29,10,9,33,0,52,52,0,52,104
08/10/2022,FAY,NC,ASO,EN,Combined TRACON& Tower with Radar,10,8,14,10,42,0,0,24,3,27,10,8,38,13,69,60,10,70,139
08/11/2022,FAY,NC,ASO,EN,Combined TRACON& Tower with Radar,8,8,4,0,20,0,0,9,0,9,8,8,13,0,29,40,0,40,69
08/12/2022,FAY,NC,ASO,EN,Combined TRACON& Tower with Radar,10,8,8,0,26,0,0,9,0,9,10,8,17,0,35,48,0,48,83
08/13/2022,FAY,NC,ASO,EN,Combined TRACON& Tower with Radar,8,8,14,0,30,0,0,34,0,34,8,8,48,0,64,44,0,44,108
08/14/2022,FAY,NC,ASO,EN,Combined TRACON& Tower with Radar,8,8,12,0,28,0,0,21,0,21,8,8,33,0,49,22,0,22,71
08/15/2022,FAY,NC,ASO,EN,Combined TRACON& Tower with Radar,8,10,12,2,32,0,0,21,0,21,8,10,33,2,53,4,0,4,57
08/16/2022,FAY,NC,ASO,EN,Combined TRACON& Tower with Radar,8,9,17,0,34,0,0,2,3,5,8,9,19,3,39,12,2,14,53
08/17/2022,FAY,NC,ASO,EN,Combined TRACON& Tower with Radar,10,10,13,2,35,0,0,34,5,39,10,10,47,7,74,82,0,82,156
08/18/2022,FAY,NC,ASO,EN,Combined TRACON& Tower with Radar,12,8,23,11,54,0,0,24,1,25,12,8,47,12,79,76,8,84,163
08/19/2022,FAY,NC,ASO,EN,Combined TRACON& Tower with Radar,10,9,11,0,30,0,0,10,0,10,10,9,21,0,40,0,0,0,40
08/20/2022,FAY,NC,ASO,EN,Combined TRACON& Tower with Radar,10,9,22,0,41,0,0,4,0,4,10,9,26,0,45,10,0,10,55
08/21/2022,FAY,NC,ASO,EN,Combined TRACON& Tower with Radar,12,9,5,0,26,0,0,8,0,8,12,9,13,0,34,10,0,10,44
08/22/2022,FAY,NC,ASO,EN,Combined TRACON& Tower with Radar,8,8,43,2,61,0,2,3,0,5,8,10,46,2,66,18,0,18,84
08/23/2022,FAY,NC,ASO,EN,Combined TRACON& Tower with Radar,10,8,22,2,42,0,0,23,0,23,10,8,45,2,65,68,0,68,133
08/24/2022,FAY,NC,ASO,EN,Combined TRACON& Tower with Radar,10,11,23,5,49,0,0,40,4,44,10,11,63,9,93,36,0,36,129
08/25/2022,FAY,NC,ASO,EN,Combined TRACON& Tower with Radar,10,9,22,4,45,0,0,20,1,21,10,9,42,5,66,0,0,0,66
08/26/2022,FAY,NC,ASO,EN,Combined TRACON& Tower with Radar,10,8,27,24,69,0,0,11,1,12,10,8,38,25,81,8,0,8,89
08/27/2022,FAY,NC,ASO,EN,Combined TRACON& Tower with Radar,10,8,12,2,32,0,2,24,1,27,10,10,36,3,59,14,0,14,73
08/28/2022,FAY,NC,ASO,EN,Combined TRACON& Tower with Radar,10,8,13,0,31,0,0,12,0,12,10,8,25,0,43,6,0,6,49
08/29/2022,FAY,NC,ASO,EN,Combined TRACON& Tower with Radar,9,10,25,2,46,0,0,13,1,14,9,10,38,3,60,30,0,30,90
08/30/2022,FAY,NC,ASO,EN,Combined TRACON& Tower with Radar,12,8,21,7,48,0,1,14,0,15,12,9,35,7,63,64,2,66,129
08/31/2022,FAY,NC,ASO,EN,Combined TRACON& Tower with Radar,13,11,20,13,57,0,1,19,2,22,13,12,39,15,79,66,10,76,155
09/01/2022,FAY,NC,ASO,EN,Combined TRACON& Tower with Radar,10,8,13,12,43,0,0,32,0,32,10,8,45,12,75,18,0,18,93
09/02/2022,FAY,NC,ASO,EN,Combined TRACON& Tower with Radar,12,8,20,2,42,0,0,49,1,50,12,8,69,3,92,53,0,53,145
09/03/2022,FAY,NC,ASO,EN,Combined TRACON& Tower with Radar,7,10,11,2,30,0,2,24,0,26,7,12,35,2,56,40,0,40,96
09/04/2022,FAY,NC,ASO,EN,Combined TRACON& Tower with Radar,9,8,6,0,23,0,0,18,0,18,9,8,24,0,41,24,0,24,65
09/05/2022,FAY,NC,ASO,EN,Combined TRACON& Tower with Radar,12,8,12,0,32,0,0,13,0,13,12,8,25,0,45,25,0,25,70
09/06/2022,FAY,NC,ASO,EN,Combined TRACON& Tower with Radar,10,9,22,8,49,0,0,15,0,15,10,9,37,8,64,20,0,20,84
09/07/2022,FAY,NC,ASO,EN,Combined TRACON& Tower with Radar,6,13,27,7,53,0,0,13,2,15,6,13,40,9,68,40,2,42,110
09/08/2022,FAY,NC,ASO,EN,Combined TRACON& Tower with Radar,6,12,36,11,65,0,0,12,0,12,6,12,48,11,77,10,8,18,95
09/09/2022,FAY,NC,ASO,EN,Combined TRACON& Tower with Radar,5,11,9,4,29,0,0,22,0,22,5,11,31,4,51,84,0,84,135
09/10/2022,FAY,NC,ASO,EN,Combined TRACON& Tower with Radar,7,6,22,0,35,0,0,0,0,0,7,6,22,0,35,0,0,0,35
09/11/2022,FAY,NC,ASO,EN,Combined TRACON& Tower with Radar,6,10,13,0,29,0,0,4,0,4,6,10,17,0,33,18,0,18,51
09/12/2022,FAY,NC,ASO,EN,Combined TRACON& Tower with Radar,8,8,18,21,55,0,0,9,1,10,8,8,27,22,65,6,8,14,79
09/13/2022,FAY,NC,ASO,EN,Combined TRACON& Tower with Radar,8,6,8,8,30,0,0,11,0,11,8,6,19,8,41,36,2,38,79
09/14/2022,FAY,NC,ASO,EN,Combined TRACON& Tower with Radar,8,10,24,15,57,0,0,26,4,30,8,10,50,19,87,34,22,56,143
09/15/2022,FAY,NC,ASO,EN,Combined TRACON& Tower with Radar,10,9,26,1,46,0,0,22,1,23,10,9,48,2,69,32,8,40,109
09/16/2022,FAY,NC,ASO,EN,Combined TRACON& Tower with Radar,8,11,21,4,44,0,0,24,0,24,8,11,45,4,68,24,0,24,92
09/17/2022,FAY,NC,ASO,EN,Combined TRACON& Tower with Radar,6,8,14,0,28,0,0,26,0,26,6,8,40,0,54,20,0,20,74
09/18/2022,FAY,NC,ASO,EN,Combined TRACON& Tower with Radar,10,8,13,0,31,0,0,13,0,13,10,8,26,0,44,76,0,76,120
09/19/2022,FAY,NC,ASO,EN,Combined TRACON& Tower with Radar,8,8,20,0,36,0,2,26,1,29,8,10,46,1,65,95,0,95,160
09/20/2022,FAY,NC,ASO,EN,Combined TRACON& Tower with Radar,8,6,15,9,38,0,0,33,4,37,8,6,48,13,75,50,12,62,137
09/21/2022,FAY,NC,ASO,EN,Combined TRACON& Tower with Radar,7,16,25,13,61,0,11,45,9,65,7,27,70,22,126,86,4,90,216
09/22/2022,FAY,NC,ASO,EN,Combined TRACON& Tower with Radar,10,13,15,7,45,0,0,27,1,28,10,13,42,8,73,0,0,0,73
09/23/2022,FAY,NC,ASO,EN,Combined TRACON& Tower with Radar,9,8,16,2,35,0,0,36,0,36,9,8,52,2,71,40,0,40,111
09/24/2022,FAY,NC,ASO,EN,Combined TRACON& Tower with Radar,6,8,7,8,29,0,0,32,2,34,6,8,39,10,63,50,4,54,117
09/25/2022,FAY,NC,ASO,EN,Combined TRACON& Tower with Radar,7,8,11,1,27,0,0,8,0,8,7,8,19,1,35,0,0,0,35
09/26/2022,FAY,NC,ASO,EN,Combined TRACON& Tower with Radar,9,9,9,5,32,0,2,26,1,29,9,11,35,6,61,86,0,86,147
09/27/2022,FAY,NC,ASO,EN,Combined TRACON& Tower with Radar,8,7,11,12,38,0,0,23,2,25,8,7,34,14,63,38,16,54,117
09/28/2022,FAY,NC,ASO,EN,Combined TRACON& Tower with Radar,8,6,24,18,56,0,0,32,0,32,8,6,56,18,88,79,0,79,167
09/29/2022,FAY,NC,ASO,EN,Combined TRACON& Tower with Radar,10,8,8,9,35,0,1,1,0,2,10,9,9,9,37,0,0,0,37
09/30/2022,FAY,NC,ASO,EN,Combined TRACON& Tower with Radar,5,1,0,0,6,0,1,0,0,1,5,2,0,0,7,0,0,0,7
10/01/2022,FAY,NC,ASO,EN,Combined TRACON& Tower with Radar,5,9,8,0,22,0,0,3,0,3,5,9,11,0,25,0,0,0,25
10/02/2022,FAY,NC,ASO,EN,Combined TRACON& Tower with Radar,8,8,6,0,22,0,0,9,0,9,8,8,15,0,31,48,0,48,79
10/03/2022,FAY,NC,ASO,EN,Combined TRACON& Tower with Radar,8,12,43,6,69,0,0,2,0,2,8,12,45,6,71,0,0,0,71
10/04/2022,FAY,NC,ASO,EN,Combined TRACON& Tower with Radar,8,8,13,9,38,0,0,34,1,35,8,8,47,10,73,50,8,58,131
10/05/2022,FAY,NC,ASO,EN,Combined TRACON& Tower with Radar,8,6,28,11,53,0,0,29,2,31,8,6,57,13,84,36,8,44,128
10/06/2022,FAY,NC,ASO,EN,Combined TRACON& Tower with Radar,8,12,31,8,59,0,0,34,1,35,8,12,65,9,94,70,0,70,164
10/07/2022,FAY,NC,ASO,EN,Combined TRACON& Tower with Radar,8,14,15,2,39,0,0,46,0,46,8,14,61,2,85,74,0,74,159
10/08/2022,FAY,NC,ASO,EN,Combined TRACON& Tower with Radar,8,8,7,0,23,0,0,23,0,23,8,8,30,0,46,59,0,59,105
10/09/2022,FAY,NC,ASO,EN,Combined TRACON& Tower with Radar,8,11,13,0,32,0,1,22,0,23,8,12,35,0,55,69,0,69,124
10/10/2022,FAY,NC,ASO,EN,Combined TRACON& Tower with Radar,8,9,23,0,40,0,0,27,0,27,8,9,50,0,67,100,0,100,167
10/11/2022,FAY,NC,ASO,EN,Combined TRACON& Tower with Radar,8,9,31,6,54,0,1,31,2,34,8,10,62,8,88,20,12,32,120
10/12/2022,FAY,NC,ASO,EN,Combined TRACON& Tower with Radar,8,8,15,6,37,0,0,20,6,26,8,8,35,12,63,42,12,54,117
10/13/2022,FAY,NC,ASO,EN,Combined TRACON& Tower with Radar,8,8,29,12,57,0,0,13,0,13,8,8,42,12,70,56,0,56,126
10/14/2022,FAY,NC,ASO,EN,Combined TRACON& Tower with Radar,8,10,17,4,39,0,2,24,0,26,8,12,41,4,65,72,0,72,137
10/15/2022,FAY,NC,ASO,EN,Combined TRACON& Tower with Radar,8,8,10,0,26,0,2,31,0,33,8,10,41,0,59,57,0,57,116
10/16/2022,FAY,NC,ASO,EN,Combined TRACON& Tower with Radar,11,10,15,1,37,0,2,18,0,20,11,12,33,1,57,45,0,45,102
10/17/2022,FAY,NC,ASO,EN,Combined TRACON& Tower with Radar,9,8,11,3,31,0,0,17,2,19,9,8,28,5,50,14,2,16,66
10/18/2022,FAY,NC,ASO,EN,Combined TRACON& Tower with Radar,8,8,12,4,32,0,3,15,2,20,8,11,27,6,52,48,4,52,104
10/19/2022,FAY,NC,ASO,EN,Combined TRACON& Tower with Radar,8,8,19,17,52,0,0,28,3,31,8,8,47,20,83,20,34,54,137
10/20/2022,FAY,NC,ASO,EN,Combined TRACON& Tower with Radar,10,8,16,5,39,0,2,33,0,35,10,10,49,5,74,58,0,58,132
10/21/2022,FAY,NC,ASO,EN,Combined TRACON& Tower with Radar,8,8,12,2,30,0,0,48,1,49,8,8,60,3,79,54,0,54,133
10/22/2022,FAY,NC,ASO,EN,Combined TRACON& Tower with Radar,8,8,15,0,31,0,2,29,0,31,8,10,44,0,62,36,0,36,98
10/23/2022,FAY,NC,ASO,EN,Combined TRACON& Tower with Radar,10,8,16,0,34,0,0,14,0,14,10,8,30,0,48,18,0,18,66
10/24/2022,FAY,NC,ASO,EN,Combined TRACON& Tower with Radar,8,9,21,35,73,0,0,19,4,23,8,9,40,39,96,82,26,108,204
10/25/2022,FAY,NC,ASO,EN,Combined TRACON& Tower with Radar,8,7,32,18,65,0,0,21,5,26,8,7,53,23,91,44,20,64,155
10/26/2022,FAY,NC,ASO,EN,Combined TRACON& Tower with Radar,8,8,33,8,57,0,0,4,2,6,8,8,37,10,63,34,10,44,107
10/27/2022,FAY,NC,ASO,EN,Combined TRACON& Tower with Radar,8,8,21,11,48,0,0,15,1,16,8,8,36,12,64,68,16,84,148
10/28/2022,FAY,NC,ASO,EN,Combined TRACON& Tower with Radar,7,7,17,12,43,0,0,26,1,27,7,7,43,13,70,32,16,48,118
10/29/2022,FAY,NC,ASO,EN,Combined TRACON& Tower with Radar,9,7,22,0,38,0,0,2,0,2,9,7,24,0,40,0,0,0,40
10/30/2022,FAY,NC,ASO,EN,Combined TRACON& Tower with Radar,8,8,13,1,30,0,0,19,0,19,8,8,32,1,49,54,0,54,103
10/31/2022,FAY,NC,ASO,EN,Combined TRACON& Tower with Radar,8,11,14,22,55,0,0,21,1,22,8,11,35,23,77,24,12,36,113
11/01/2022,FAY,NC,ASO,EN,Combined TRACON& Tower with Radar,8,10,33,0,51,0,0,8,0,8,8,10,41,0,59,52,0,52,111
11/02/2022,FAY,NC,ASO,EN,Combined TRACON& Tower with Radar,8,8,11,3,30,0,0,16,0,16,8,8,27,3,46,6,0,6,52
11/03/2022,FAY,NC,ASO,EN,Combined TRACON& Tower with Radar,10,5,14,5,34,0,2,19,1,22,10,7,33,6,56,12,4,16,72
11/04/2022,FAY,NC,ASO,EN,Combined TRACON& Tower with Radar,8,4,27,8,47,0,0,24,4,28,8,4,51,12,75,42,4,46,121
11/05/2022,FAY,NC,ASO,EN,Combined TRACON& Tower with Radar,10,5,16,0,31,0,3,23,0,26,10,8,39,0,57,36,0,36,93
11/06/2022,FAY,NC,ASO,EN,Combined TRACON& Tower with Radar,10,4,5,0,19,0,0,17,0,17,10,4,22,0,36,59,0,59,95
11/07/2022,FAY,NC,ASO,EN,Combined TRACON& Tower with Radar,10,4,13,0,27,0,1,26,0,27,10,5,39,0,54,38,0,38,92
11/08/2022,FAY,NC,ASO,EN,Combined TRACON& Tower with Radar,10,4,11,10,35,0,0,6,1,7,10,4,17,11,42,0,0,0,42
11/09/2022,FAY,NC,ASO,EN,Combined TRACON& Tower with Radar,10,5,9,13,37,0,1,5,0,6,10,6,14,13,43,8,4,12,55
11/10/2022,FAY,NC,ASO,EN,Combined TRACON& Tower with Radar,10,4,14,15,43,0,1,0,2,3,10,5,14,17,46,0,40,40,86
11/11/2022,FAY,NC,ASO,EN,Combined TRACON& Tower with Radar,10,7,5,0,22,0,0,0,0,0,10,7,5,0,22,0,0,0,22
11/12/2022,FAY,NC,ASO,EN,Combined TRACON& Tower with Radar,10,5,5,0,20,0,1,6,0,7,10,6,11,0,27,52,0,52,79
11/13/2022,FAY,NC,ASO,EN,Combined TRACON& Tower with Radar,10,4,8,0,22,0,0,10,0,10,10,4,18,0,32,12,0,12,44
11/14/2022,FAY,NC,ASO,EN,Combined TRACON& Tower with Radar,10,4,30,2,46,0,1,32,0,33,10,5,62,2,79,57,0,57,136
11/15/2022,FAY,NC,ASO,EN,Combined TRACON& Tower with Radar,10,16,21,11,58,0,0,1,0,1,10,16,22,11,59,0,0,0,59
11/16/2022,FAY,NC,ASO,EN,Combined TRACON& Tower with Radar,10,6,17,11,44,0,1,28,1,30,10,7,45,12,74,107,0,107,181
11/17/2022,FAY,NC,ASO,EN,Combined TRACON& Tower with Radar,10,4,18,11,43,0,0,23,3,26,10,4,41,14,69,4,12,16,85
11/18/2022,FAY,NC,ASO,EN,Combined TRACON& Tower with Radar,12,6,13,6,37,0,2,26,0,28,12,8,39,6,65,46,0,46,111
11/19/2022,FAY,NC,ASO,EN,Combined TRACON& Tower with Radar,11,4,21,7,43,0,0,25,1,26,11,4,46,8,69,68,0,68,137
11/20/2022,FAY,NC,ASO,EN,Combined TRACON& Tower with Radar,11,4,8,2,25,0,1,15,0,16,11,5,23,2,41,49,0,49,90
11/21/2022,FAY,NC,ASO,EN,Combined TRACON& Tower with Radar,10,8,14,4,36,0,0,21,1,22,10,8,35,5,58,34,6,40,98
11/22/2022,FAY,NC,ASO,EN,Combined TRACON& Tower with Radar,10,5,13,14,42,0,0,22,0,22,10,5,35,14,64,25,0,25,89
11/23/2022,FAY,NC,ASO,EN,Combined TRACON& Tower with Radar,10,7,19,8,44,0,0,32,2,34,10,7,51,10,78,33,6,39,117
11/24/2022,FAY,NC,ASO,EN,Combined TRACON& Tower with Radar,6,2,11,0,19,0,0,1,0,1,6,2,12,0,20,2,0,2,22
11/25/2022,FAY,NC,ASO,EN,Combined TRACON& Tower with Radar,12,6,8,0,26,0,0,2,0,2,12,6,10,0,28,14,0,14,42
11/26/2022,FAY,NC,ASO,EN,Combined TRACON& Tower with Radar,10,6,8,0,24,0,0,15,0,15,10,6,23,0,39,22,0,22,61
11/27/2022,FAY,NC,ASO,EN,Combined TRACON& Tower with Radar,10,9,4,0,23,0,0,0,0,0,10,9,4,0,23,0,0,0,23
11/28/2022,FAY,NC,ASO,EN,Combined TRACON& Tower with Radar,9,11,13,5,38,0,0,26,5,31,9,11,39,10,69,20,18,38,107
11/29/2022,FAY,NC,ASO,EN,Combined TRACON& Tower with Radar,12,7,24,6,49,0,0,41,0,41,12,7,65,6,90,15,0,15,105
11/30/2022,FAY,NC,ASO,EN,Combined TRACON& Tower with Radar,10,4,3,0,17,0,0,2,0,2,10,4,5,0,19,0,0,0,19
12/01/2022,FAY,NC,ASO,EN,Combined TRACON& Tower with Radar,10,4,21,13,48,0,0,21,2,23,10,4,42,15,71,26,16,42,113
12/02/2022,FAY,NC,ASO,EN,Combined TRACON& Tower with Radar,10,4,25,10,49,0,0,24,3,27,10,4,49,13,76,28,20,48,124
12/03/2022,FAY,NC,ASO,EN,Combined TRACON& Tower with Radar,12,4,9,0,25,0,0,10,0,10,12,4,19,0,35,26,0,26,61
12/04/2022,FAY,NC,ASO,EN,Combined TRACON& Tower with Radar,10,4,15,0,29,0,0,25,0,25,10,4,40,0,54,34,0,34,88
12/05/2022,FAY,NC,ASO,EN,Combined TRACON& Tower with Radar,10,5,20,19,54,0,1,34,1,36,10,6,54,20,90,12,40,52,142
12/06/2022,FAY,NC,ASO,EN,Combined TRACON& Tower with Radar,10,5,40,6,61,0,0,6,0,6,10,5,46,6,67,22,2,24,91
12/07/2022,FAY,NC,ASO,EN,Combined TRACON& Tower with Radar,12,4,24,3,43,0,0,6,2,8,12,4,30,5,51,12,18,30,81
12/08/2022,FAY,NC,ASO,EN,Combined TRACON& Tower with Radar,10,4,31,5,50,0,0,14,1,15,10,4,45,6,65,26,4,30,95
12/09/2022,FAY,NC,ASO,EN,Combined TRACON& Tower with Radar,10,8,22,11,51,0,1,25,1,27,10,9,47,12,78,62,22,84,162
12/10/2022,FAY,NC,ASO,EN,Combined TRACON& Tower with Radar,10,5,20,0,35,0,0,25,0,25,10,5,45,0,60,42,0,42,102
12/11/2022,FAY,NC,ASO,EN,Combined TRACON& Tower with Radar,10,7,23,0,40,0,0,23,0,23,10,7,46,0,63,72,0,72,135
12/12/2022,FAY,NC,ASO,EN,Combined TRACON& Tower with Radar,10,4,20,9,43,0,0,27,2,29,10,4,47,11,72,44,6,50,122
12/13/2022,FAY,NC,ASO,EN,Combined TRACON& Tower with Radar,10,5,17,8,40,0,0,27,3,30,10,5,44,11,70,52,8,60,130
12/14/2022,FAY,NC,ASO,EN,Combined TRACON& Tower with Radar,10,8,25,5,48,0,0,18,4,22,10,8,43,9,70,42,6,48,118
12/15/2022,FAY,NC,ASO,EN,Combined TRACON& Tower with Radar,7,7,5,4,23,0,0,0,0,0,7,7,5,4,23,0,0,0,23
12/16/2022,FAY,NC,ASO,EN,Combined TRACON& Tower with Radar,6,8,9,0,23,0,0,27,0,27,6,8,36,0,50,22,0,22,72
12/17/2022,FAY,NC,ASO,EN,Combined TRACON& Tower with Radar,6,9,11,0,26,0,2,26,0,28,6,11,37,0,54,58,0,58,112
12/18/2022,FAY,NC,ASO,EN,Combined TRACON& Tower with Radar,6,13,7,0,26,0,0,28,0,28,6,13,35,0,54,40,0,40,94
12/19/2022,FAY,NC,ASO,EN,Combined TRACON& Tower with Radar,6,8,7,8,29,0,0,26,1,27,6,8,33,9,56,6,18,24,80
12/20/2022,FAY,NC,ASO,EN,Combined TRACON& Tower with Radar,6,7,12,13,38,0,1,15,0,16,6,8,27,13,54,15,18,33,87
12/21/2022,FAY,NC,ASO,EN,Combined TRACON& Tower with Radar,6,12,10,17,45,0,0,6,3,9,6,12,16,20,54,6,38,44,98
12/22/2022,FAY,NC,ASO,EN,Combined TRACON& Tower with Radar,6,13,1,2,22,0,0,0,0,0,6,13,1,2,22,0,0,0,22
12/23/2022,FAY,NC,ASO,EN,Combined TRACON& Tower with Radar,6,16,2,0,24,0,0,0,0,0,6,16,2,0,24,0,0,0,24
12/24/2022,FAY,NC,ASO,EN,Combined TRACON& Tower with Radar,4,8,7,0,19,0,0,0,0,0,4,8,7,0,19,0,0,0,19
12/25/2022,FAY,NC,ASO,EN,Combined TRACON& Tower with Radar,5,6,3,0,14,0,0,0,0,0,5,6,3,0,14,0,0,0,14
12/26/2022,FAY,NC,ASO,EN,Combined TRACON& Tower with Radar,7,8,12,0,27,0,0,9,3,12,7,8,21,3,39,6,0,6,45
12/27/2022,FAY,NC,ASO,EN,Combined TRACON& Tower with Radar,6,10,21,2,39,0,0,20,2,22,6,10,41,4,61,56,0,56,117
12/28/2022,FAY,NC,ASO,EN,Combined TRACON& Tower with Radar,6,8,19,3,36,0,0,22,1,23,6,8,41,4,59,42,0,42,101
12/29/2022,FAY,NC,ASO,EN,Combined TRACON& Tower with Radar,6,10,22,0,38,0,0,34,0,34,6,10,56,0,72,70,0,70,142
12/30/2022,FAY,NC,ASO,EN,Combined TRACON& Tower with Radar,6,10,19,0,35,0,0,27,0,27,6,10,46,0,62,36,0,36,98
12/31/2022,FAY,NC,ASO,EN,Combined TRACON& Tower with Radar,6,7,0,0,13,0,0,0,0,0,6,7,0,0,13,0,0,0,13
01/01/2023,FAY,NC,ASO,EN,Combined TRACON& Tower with Radar,6,9,2,0,17,0,0,12,0,12,6,9,14,0,29,28,0,28,57
01/02/2023,FAY,NC,ASO,EN,Combined TRACON& Tower with Radar,6,10,11,0,27,0,0,7,0,7,6,10,18,0,34,0,0,0,34
01/03/2023,FAY,NC,ASO,EN,Combined TRACON& Tower with Radar,6,8,17,5,36,0,2,20,2,24,6,10,37,7,60,38,14,52,112
01/04/2023,FAY,NC,ASO,EN,Combined TRACON& Tower with Radar,6,8,7,1,22,0,0,0,3,3,6,8,7,4,25,0,0,0,25
01/05/2023,FAY,NC,ASO,EN,Combined TRACON& Tower with Radar,6,14,13,4,37,0,0,33,0,33,6,14,46,4,70,62,0,62,132
01/06/2023,FAY,NC,ASO,EN,Combined TRACON& Tower with Radar,6,6,12,2,26,0,0,20,0,20,6,6,32,2,46,18,0,18,64
01/07/2023,FAY,NC,ASO,EN,Combined TRACON& Tower with Radar,6,8,16,0,30,0,0,52,0,52,6,8,68,0,82,32,0,32,114
01/08/2023,FAY,NC,ASO,EN,Combined TRACON& Tower with Radar,6,8,8,0,22,0,0,15,0,15,6,8,23,0,37,32,0,32,69
01/09/2023,FAY,NC,ASO,EN,Combined TRACON& Tower with Radar,8,8,13,15,44,0,2,9,3,14,8,10,22,18,58,37,14,51,109
01/10/2023,FAY,NC,ASO,EN,Combined TRACON& Tower with Radar,8,8,16,3,35,0,4,23,5,32,8,12,39,8,67,48,20,68,135
01/11/2023,FAY,NC,ASO,EN,Combined TRACON& Tower with Radar,8,6,16,6,36,0,4,27,2,33,8,10,43,8,69,16,10,26,95
01/12/2023,FAY,NC,ASO,EN,Combined TRACON& Tower with Radar,7,7,22,10,46,0,0,8,0,8,7,7,30,10,54,0,0,0,54
01/13/2023,FAY,NC,ASO,EN,Combined TRACON& Tower with Radar,7,11,21,0,39,0,0,10,0,10,7,11,31,0,49,0,0,0,49
01/14/2023,FAY,NC,ASO,EN,Combined TRACON& Tower with Radar,8,6,11,0,25,0,1,22,0,23,8,7,33,0,48,6,0,6,54
01/15/2023,FAY,NC,ASO,EN,Combined TRACON& Tower with Radar,6,6,15,0,27,0,6,17,0,23,6,12,32,0,50,20,0,20,70
01/16/2023,FAY,NC,ASO,EN,Combined TRACON& Tower with Radar,8,8,25,2,43,0,2,34,0,36,8,10,59,2,79,10,0,10,89
01/17/2023,FAY,NC,ASO,EN,Combined TRACON& Tower with Radar,8,6,8,7,29,0,0,9,0,9,8,6,17,7,38,0,0,0,38
01/18/2023,FAY,NC,ASO,EN,Combined TRACON& Tower with Radar,8,9,38,14,69,0,4,35,2,41,8,13,73,16,110,62,0,62,172
01/19/2023,FAY,NC,ASO,EN,Combined TRACON& Tower with Radar,5,10,6,16,37,0,0,10,2,12,5,10,16,18,49,52,24,76,125
01/20/2023,FAY,NC,ASO,EN,Combined TRACON& Tower with Radar,7,9,16,22,54,0,0,40,3,43,7,9,56,25,97,58,24,82,179
01/21/2023,FAY,NC,ASO,EN,Combined TRACON& Tower with Radar,8,8,24,0,40,0,4,36,0,40,8,12,60,0,80,52,0,52,132
01/22/2023,FAY,NC,ASO,EN,Combined TRACON& Tower with Radar,6,7,6,0,19,0,0,0,0,0,6,7,6,0,19,0,0,0,19
01/23/2023,FAY,NC,ASO,EN,Combined TRACON& Tower with Radar,7,14,23,15,59,0,0,13,2,15,7,14,36,17,74,36,28,64,138
01/24/2023,FAY,NC,ASO,EN,Combined TRACON& Tower with Radar,8,8,20,0,36,0,2,41,0,43,8,10,61,0,79,156,0,156,235
01/25/2023,FAY,NC,ASO,EN,Combined TRACON& Tower with Radar,8,6,8,6,28,0,0,1,0,1,8,6,9,6,29,0,0,0,29
01/26/2023,FAY,NC,ASO,EN,Combined TRACON& Tower with Radar,8,8,14,0,30,0,2,34,0,36,8,10,48,0,66,84,2,86,152
01/27/2023,FAY,NC,ASO,EN,Combined TRACON& Tower with Radar,6,8,21,10,45,0,5,54,4,63,6,13,75,14,108,68,14,82,190
01/28/2023,FAY,NC,ASO,EN,Combined TRACON& Tower with Radar,8,6,19,0,33,0,0,41,0,41,8,6,60,0,74,56,0,56,130
01/29/2023,FAY,NC,ASO,EN,Combined TRACON& Tower with Radar,8,9,19,0,36,0,0,16,0,16,8,9,35,0,52,84,0,84,136
01/30/2023,FAY,NC,ASO,EN,Combined TRACON& Tower with Radar,7,8,13,6,34,0,0,0,0,0,7,8,13,6,34,0,0,0,34
01/31/2023,FAY,NC,ASO,EN,Combined TRACON& Tower with Radar,7,4,20,0,31,0,0,0,0,0,7,4,20,0,31,0,0,0,31
02/01/2023,FAY,NC,ASO,EN,Combined TRACON& Tower with Radar,6,8,42,10,66,0,0,1,0,1,6,8,43,10,67,0,12,12,79
02/02/2023,FAY,NC,ASO,EN,Combined TRACON& Tower with Radar,6,8,12,20,46,0,0,0,0,0,6,8,12,20,46,0,0,0,46
02/03/2023,FAY,NC,ASO,EN,Combined TRACON& Tower with Radar,6,8,11,7,32,0,0,21,3,24,6,8,32,10,56,64,9,73,129
02/04/2023,FAY,NC,ASO,EN,Combined TRACON& Tower with Radar,6,12,9,0,27,0,4,31,0,35,6,16,40,0,62,42,0,42,104
02/05/2023,FAY,NC,ASO,EN,Combined TRACON& Tower with Radar,5,7,2,0,14,0,0,4,0,4,5,7,6,0,18,12,0,12,30
02/06/2023,FAY,NC,ASO,EN,Combined TRACON& Tower with Radar,7,10,18,3,38,0,1,31,1,33,7,11,49,4,71,18,0,18,89
02/07/2023,FAY,NC,ASO,EN,Combined TRACON& Tower with Radar,6,8,22,4,40,0,7,45,4,56,6,15,67,8,96,46,36,82,178
02/08/2023,FAY,NC,ASO,EN,Combined TRACON& Tower with Radar,6,8,17,5,36,0,0,48,2,50,6,8,65,7,86,44,4,48,134
02/09/2023,FAY,NC,ASO,EN,Combined TRACON& Tower with Radar,8,8,18,7,41,0,0,35,1,36,8,8,53,8,77,16,12,28,105
02/10/2023,FAY,NC,ASO,EN,Combined TRACON& Tower with Radar,6,9,21,3,39,0,0,24,1,25,6,9,45,4,64,46,0,46,110
02/11/2023,FAY,NC,ASO,EN,Combined TRACON& Tower with Radar,6,10,18,0,34,0,0,21,0,21,6,10,39,0,55,26,0,26,81
02/12/2023,FAY,NC,ASO,EN,Combined TRACON& Tower with Radar,6,8,5,0,19,0,0,0,0,0,6,8,5,0,19,0,0,0,19
02/13/2023,FAY,NC,ASO,EN,Combined TRACON& Tower with Radar,6,9,10,14,39,0,1,29,2,32,6,10,39,16,71,52,26,78,149
02/14/2023,FAY,NC,ASO,EN,Combined TRACON& Tower with Radar,6,11,23,9,49,0,0,39,1,40,6,11,62,10,89,42,4,46,135
02/15/2023,FAY,NC,ASO,EN,Combined TRACON& Tower with Radar,6,12,13,19,50,0,0,35,0,35,6,12,48,19,85,68,8,76,161
02/16/2023,FAY,NC,ASO,EN,Combined TRACON& Tower with Radar,6,9,19,15,49,0,0,12,0,12,6,9,31,15,61,52,0,52,113
02/17/2023,FAY,NC,ASO,EN,Combined TRACON& Tower with Radar,5,10,11,5,31,0,0,3,1,4,5,10,14,6,35,0,0,0,35
02/18/2023,FAY,NC,ASO,EN,Combined TRACON& Tower with Radar,6,10,8,0,24,0,2,44,0,46,6,12,52,0,70,68,0,68,138
02/19/2023,FAY,NC,ASO,EN,Combined TRACON& Tower with Radar,6,8,14,1,29,0,0,29,0,29,6,8,43,1,58,14,0,14,72
02/20/2023,FAY,NC,ASO,EN,Combined TRACON& Tower with Radar,6,8,17,4,35,0,0,25,0,25,6,8,42,4,60,44,0,44,104
02/21/2023,FAY,NC,ASO,EN,Combined TRACON& Tower with Radar,6,8,17,8,39,0,2,24,2,28,6,10,41,10,67,30,14,44,111
02/22/2023,FAY,NC,ASO,EN,Combined TRACON& Tower with Radar,6,10,16,15,47,0,0,20,3,23,6,10,36,18,70,18,16,34,104
02/23/2023,FAY,NC,ASO,EN,Combined TRACON& Tower with Radar,7,8,11,13,39,0,0,15,2,17,7,8,26,15,56,6,14,20,76
02/24/2023,FAY,NC,ASO,EN,Combined TRACON& Tower with Radar,7,8,23,8,46,0,0,32,0,32,7,8,55,8,78,42,8,50,128
02/25/2023,FAY,NC,ASO,EN,Combined TRACON& Tower with Radar,6,12,13,1,32,0,0,0,0,0,6,12,13,1,32,0,0,0,32
02/26/2023,FAY,NC,ASO,EN,Combined TRACON& Tower with Radar,6,8,42,7,63,0,0,0,0,0,6,8,42,7,63,0,0,0,63
02/27/2023,FAY,NC,ASO,EN,Combined TRACON& Tower with Radar,8,8,21,18,55,0,0,23,2,25,8,8,44,20,80,32,46,78,158
02/28/2023,FAY,NC,ASO,EN,Combined TRACON& Tower with Radar,6,10,19,6,41,0,0,49,3,52,6,10,68,9,93,78,2,80,173
03/01/2023,FAY,NC,ASO,EN,Combined TRACON& Tower with Radar,6,8,22,5,41,0,2,43,2,47,6,10,65,7,88,66,24,90,178
03/02/2023,FAY,NC,ASO,EN,Combined TRACON& Tower with Radar,6,12,29,6,53,0,0,27,3,30,6,12,56,9,83,62,10,72,155
03/03/2023,FAY,NC,ASO,EN,Combined TRACON& Tower with Radar,5,13,15,12,45,0,0,17,0,17,5,13,32,12,62,24,2,26,88
03/04/2023,FAY,NC,ASO,EN,Combined TRACON& Tower with Radar,7,13,15,0,35,0,2,34,0,36,7,15,49,0,71,55,0,55,126
03/05/2023,FAY,NC,ASO,EN,Combined TRACON& Tower with Radar,6,8,11,1,26,0,0,39,1,40,6,8,50,2,66,70,0,70,136
03/06/2023,FAY,NC,ASO,EN,Combined TRACON& Tower with Radar,6,9,21,12,48,0,0,22,0,22,6,9,43,12,70,80,10,90,160
03/07/2023,FAY,NC,ASO,EN,Combined TRACON& Tower with Radar,6,8,23,8,45,0,0,25,2,27,6,8,48,10,72,22,0,22,94
03/08/2023,FAY,NC,ASO,EN,Combined TRACON& Tower with Radar,6,10,13,5,34,0,0,35,3,38,6,10,48,8,72,59,8,67,139
03/09/2023,FAY,NC,ASO,EN,Combined TRACON& Tower with Radar,5,8,22,8,43,0,0,45,1,46,5,8,67,9,89,66,4,70,159
03/10/2023,FAY,NC,ASO,EN,Combined TRACON& Tower with Radar,6,12,14,4,36,0,0,0,0,0,6,12,14,4,36,0,0,0,36
03/11/2023,FAY,NC,ASO,EN,Combined TRACON& Tower with Radar,7,13,15,1,36,0,3,19,0,22,7,16,34,1,58,4,0,4,62
03/12/2023,FAY,NC,ASO,EN,Combined TRACON& Tower with Radar,5,10,1,0,16,0,0,0,0,0,5,10,1,0,16,0,0,0,16
03/13/2023,FAY,NC,ASO,EN,Combined TRACON& Tower with Radar,6,9,42,19,76,0,1,13,1,15,6,10,55,20,91,44,0,44,135
03/14/2023,FAY,NC,ASO,EN,Combined TRACON& Tower with Radar,7,11,31,3,52,0,0,20,1,21,7,11,51,4,73,12,4,16,89
03/15/2023,FAY,NC,ASO,EN,Combined TRACON& Tower with Radar,6,10,17,1,34,0,0,21,2,23,6,10,38,3,57,18,0,18,75
03/16/2023,FAY,NC,ASO,EN,Combined TRACON& Tower with Radar,5,8,27,6,46,0,0,40,1,41,5,8,67,7,87,82,20,102,189
03/17/2023,FAY,NC,ASO,EN,Combined TRACON& Tower with Radar,6,8,10,6,30,0,0,4,0,4,6,8,14,6,34,2,0,2,36
03/18/2023,FAY,NC,ASO,EN,Combined TRACON& Tower with Radar,7,15,16,2,40,0,0,26,0,26,7,15,42,2,66,64,0,64,130
03/19/2023,FAY,NC,ASO,EN,Combined TRACON& Tower with Radar,5,9,26,0,40,0,0,33,0,33,5,9,59,0,73,44,0,44,117
03/20/2023,FAY,NC,ASO,EN,Combined TRACON& Tower with Radar,7,10,17,3,37,0,0,42,1,43,7,10,59,4,80,40,0,40,120
03/21/2023,FAY,NC,ASO,EN,Combined TRACON& Tower with Radar,6,10,24,11,51,0,0,52,1,53,6,10,76,12,104,65,0,65,169
03/22/2023,FAY,NC,ASO,EN,Combined TRACON& Tower with Radar,7,10,33,11,61,0,0,36,2,38,7,10,69,13,99,48,0,48,147
03/23/2023,FAY,NC,ASO,EN,Combined TRACON& Tower with Radar,6,8,22,12,48,0,0,19,1,20,6,8,41,13,68,40,2,42,110
03/24/2023,FAY,NC,ASO,EN,Combined TRACON& Tower with Radar,7,8,16,1,32,0,0,30,1,31,7,8,46,2,63,40,0,40,103
03/25/2023,FAY,NC,ASO,EN,Combined TRACON& Tower with Radar,6,8,18,0,32,0,0,11,0,11,6,8,29,0,43,0,0,0,43
03/26/2023,FAY,NC,ASO,EN,Combined TRACON& Tower with Radar,7,8,9,0,24,0,0,10,0,10,7,8,19,0,34,0,0,0,34
03/27/2023,FAY,NC,ASO,EN,Combined TRACON& Tower with Radar,7,8,11,10,36,0,0,12,3,15,7,8,23,13,51,42,4,46,97
03/28/2023,FAY,NC,ASO,EN,Combined TRACON& Tower with Radar,5,10,39,8,62,0,2,34,0,36,5,12,73,8,98,38,0,38,136
03/29/2023,FAY,NC,ASO,EN,Combined TRACON& Tower with Radar,5,10,34,19,68,0,0,21,0,21,5,10,55,19,89,56,16,72,161
03/30/2023,FAY,NC,ASO,EN,Combined TRACON& Tower with Radar,5,10,35,4,54,0,0,53,5,58,5,10,88,9,112,31,0,31,143
03/31/2023,FAY,NC,ASO,EN,Combined TRACON& Tower with Radar,7,10,25,6,48,0,0,29,0,29,7,10,54,6,77,0,0,0,77
04/01/2023,FAY,NC,ASO,EN,Combined TRACON& Tower with Radar,4,11,1,0,16,0,0,0,0,0,4,11,1,0,16,0,0,0,16
04/02/2023,FAY,NC,ASO,EN,Combined TRACON& Tower with Radar,5,8,20,3,36,0,0,36,0,36,5,8,56,3,72,46,0,46,118
04/03/2023,FAY,NC,ASO,EN,Combined TRACON& Tower with Radar,6,8,18,21,53,0,0,33,0,33,6,8,51,21,86,44,6,50,136
04/04/2023,FAY,NC,ASO,EN,Combined TRACON& Tower with Radar,6,17,39,1,63,0,0,35,2,37,6,17,74,3,100,50,2,52,152
04/05/2023,FAY,NC,ASO,EN,Combined TRACON& Tower with Radar,6,11,19,3,39,0,0,35,0,35,6,11,54,3,74,64,0,64,138
04/06/2023,FAY,NC,ASO,EN,Combined TRACON& Tower with Radar,6,11,21,0,38,0,1,23,0,24,6,12,44,0,62,72,0,72,134
04/07/2023,FAY,NC,ASO,EN,Combined TRACON& Tower with Radar,6,10,8,4,28,0,0,1,0,1,6,10,9,4,29,0,0,0,29
04/08/2023,FAY,NC,ASO,EN,Combined TRACON& Tower with Radar,6,12,1,0,19,0,0,0,0,0,6,12,1,0,19,0,0,0,19
04/09/2023,FAY,NC,ASO,EN,Combined TRACON& Tower with Radar,5,15,3,0,23,0,0,0,0,0,5,15,3,0,23,0,0,0,23
04/10/2023,FAY,NC,ASO,EN,Combined TRACON& Tower with Radar,7,12,14,3,36,0,0,30,0,30,7,12,44,3,66,82,0,82,148
04/11/2023,FAY,NC,ASO,EN,Combined TRACON& Tower with Radar,8,10,29,4,51,0,1,37,0,38,8,11,66,4,89,34,16,50,139
04/12/2023,FAY,NC,ASO,EN,Combined TRACON& Tower with Radar,6,10,37,0,53,0,0,44,0,44,6,10,81,0,97,64,0,64,161
04/13/2023,FAY,NC,ASO,EN,Combined TRACON& Tower with Radar,6,13,30,4,53,0,0,32,0,32,6,13,62,4,85,52,0,52,137
04/14/2023,FAY,NC,ASO,EN,Combined TRACON& Tower with Radar,6,13,13,0,32,0,0,4,0,4,6,13,17,0,36,14,0,14,50
04/15/2023,FAY,NC,ASO,EN,Combined TRACON& Tower with Radar,6,12,18,0,36,0,0,25,0,25,6,12,43,0,61,41,0,41,102
04/16/2023,FAY,NC,ASO,EN,Combined TRACON& Tower with Radar,6,16,15,0,37,0,0,27,0,27,6,16,42,0,64,20,0,20,84
04/17/2023,FAY,NC,ASO,EN,Combined TRACON& Tower with Radar,5,10,20,8,43,0,2,44,0,46,5,12,64,8,89,42,8,50,139
04/18/2023,FAY,NC,ASO,EN,Combined TRACON& Tower with Radar,7,12,29,5,53,0,0,36,0,36,7,12,65,5,89,24,2,26,115
04/19/2023,FAY,NC,ASO,EN,Combined TRACON& Tower with Radar,6,14,27,2,49,0,0,43,0,43,6,14,70,2,92,86,2,88,180
04/20/2023,FAY,NC,ASO,EN,Combined TRACON& Tower with Radar,6,10,18,0,34,0,1,35,2,38,6,11,53,2,72,26,0,26,98
04/21/2023,FAY,NC,ASO,EN,Combined TRACON& Tower with Radar,6,12,24,0,42,0,0,43,2,45,6,12,67,2,87,32,2,34,121
04/22/2023,FAY,NC,ASO,EN,Combined TRACON& Tower with Radar,6,15,7,0,28,0,0,1,0,1,6,15,8,0,29,0,0,0,29
04/23/2023,FAY,NC,ASO,EN,Combined TRACON& Tower with Radar,6,12,23,0,41,0,1,45,0,46,6,13,68,0,87,66,0,66,153
04/24/2023,FAY,NC,ASO,EN,Combined TRACON& Tower with Radar,6,11,18,5,40,0,0,24,0,24,6,11,42,5,64,36,0,36,100
04/25/2023,FAY,NC,ASO,EN,Combined TRACON& Tower with Radar,6,10,30,3,49,0,0,48,3,51,6,10,78,6,100,38,0,38,138
04/26/2023,FAY,NC,ASO,EN,Combined TRACON& Tower with Radar,4,11,39,5,59,0,0,37,0,37,4,11,76,5,96,10,0,10,106
04/27/2023,FAY,NC,ASO,EN,Combined TRACON& Tower with Radar,5,13,40,2,60,0,0,2,0,2,5,13,42,2,62,6,0,6,68
04/28/2023,FAY,NC,ASO,EN,Combined TRACON& Tower with Radar,7,13,34,1,55,0,0,9,0,9,7,13,43,1,64,12,0,12,76
04/29/2023,FAY,NC,ASO,EN,Combined TRACON& Tower with Radar,6,14,24,0,44,0,0,18,0,18,6,14,42,0,62,36,0,36,98
04/30/2023,FAY,NC,ASO,EN,Combined TRACON& Tower with Radar,5,13,21,0,39,0,0,4,0,4,5,13,25,0,43,0,0,0,43
05/01/2023,FAY,NC,ASO,EN,Combined TRACON& Tower with Radar,7,13,15,0,35,0,0,8,0,8,7,13,23,0,43,14,0,14,57
05/02/2023,FAY,NC,ASO,EN,Combined TRACON& Tower with Radar,6,16,16,0,38,0,0,42,2,44,6,16,58,2,82,6,0,6,88
05/03/2023,FAY,NC,ASO,EN,Combined TRACON& Tower with Radar,6,9,19,0,34,0,0,20,1,21,6,9,39,1,55,4,0,4,59
05/04/2023,FAY,NC,ASO,EN,Combined TRACON& Tower with Radar,6,11,27,4,48,0,1,31,0,32,6,12,58,4,80,36,14,50,130
05/05/2023,FAY,NC,ASO,EN,Combined TRACON& Tower with Radar,9,10,14,3,36,0,0,34,2,36,9,10,48,5,72,54,0,54,126
05/06/2023,FAY,NC,ASO,EN,Combined TRACON& Tower with Radar,8,8,6,0,22,0,0,41,2,43,8,8,47,2,65,14,0,14,79
05/07/2023,FAY,NC,ASO,EN,Combined TRACON& Tower with Radar,8,9,10,1,28,0,0,25,1,26,8,9,35,2,54,12,0,12,66
05/08/2023,FAY,NC,ASO,EN,Combined TRACON& Tower with Radar,9,9,18,22,58,0,1,30,2,33,9,10,48,24,91,16,4,20,111
05/09/2023,FAY,NC,ASO,EN,Combined TRACON& Tower with Radar,9,8,20,16,53,0,4,26,3,33,9,12,46,19,86,22,14,36,122
05/10/2023,FAY,NC,ASO,EN,Combined TRACON& Tower with Radar,8,8,23,12,51,0,0,44,1,45,8,8,67,13,96,110,6,116,212
05/11/2023,FAY,NC,ASO,EN,Combined TRACON& Tower with Radar,8,10,21,5,44,0,2,37,1,40,8,12,58,6,84,24,8,32,116
05/12/2023,FAY,NC,ASO,EN,Combined TRACON& Tower with Radar,8,8,34,2,52,0,0,39,0,39,8,8,73,2,91,50,0,50,141
05/13/2023,FAY,NC,ASO,EN,Combined TRACON& Tower with Radar,8,11,19,0,38,0,0,24,0,24,8,11,43,0,62,26,0,26,88
05/14/2023,FAY,NC,ASO,EN,Combined TRACON& Tower with Radar,7,9,12,0,28,0,0,13,0,13,7,9,25,0,41,48,0,48,89
05/15/2023,FAY,NC,ASO,EN,Combined TRACON& Tower with Radar,9,9,28,2,48,0,0,35,0,35,9,9,63,2,83,40,0,40,123
05/16/2023,FAY,NC,ASO,EN,Combined TRACON& Tower with Radar,8,8,20,6,42,0,0,23,1,24,8,8,43,7,66,64,2,66,132
05/17/2023,FAY,NC,ASO,EN,Combined TRACON& Tower with Radar,8,8,11,4,31,0,0,25,0,25,8,8,36,4,56,82,0,82,138
05/18/2023,FAY,NC,ASO,EN,Combined TRACON& Tower with Radar,7,9,10,1,27,0,0,13,0,13,7,9,23,1,40,18,0,18,58
05/19/2023,FAY,NC,ASO,EN,Combined TRACON& Tower with Radar,9,8,28,0,45,0,0,3,0,3,9,8,31,0,48,0,0,0,48
05/20/2023,FAY,NC,ASO,EN,Combined TRACON& Tower with Radar,7,7,16,0,30,0,0,26,2,28,7,7,42,2,58,66,0,66,124
05/21/2023,FAY,NC,ASO,EN,Combined TRACON& Tower with Radar,7,9,20,0,36,0,0,5,0,5,7,9,25,0,41,44,0,44,85
05/22/2023,FAY,NC,ASO,EN,Combined TRACON& Tower with Radar,8,8,9,9,34,0,0,40,0,40,8,8,49,9,74,100,16,116,190
05/23/2023,FAY,NC,ASO,EN,Combined TRACON& Tower with Radar,8,8,24,36,76,0,2,39,2,43,8,10,63,38,119,84,18,102,221
05/24/2023,FAY,NC,ASO,EN,Combined TRACON& Tower with Radar,8,10,13,7,38,0,3,46,0,49,8,13,59,7,87,111,18,129,216
05/25/2023,FAY,NC,ASO,EN,Combined TRACON& Tower with Radar,10,11,14,14,49,0,0,21,1,22,10,11,35,15,71,30,2,32,103
05/26/2023,FAY,NC,ASO,EN,Combined TRACON& Tower with Radar,7,9,10,0,26,0,0,29,0,29,7,9,39,0,55,68,0,68,123
05/27/2023,FAY,NC,ASO,EN,Combined TRACON& Tower with Radar,9,8,8,0,25,0,0,0,0,0,9,8,8,0,25,0,0,0,25
05/28/2023,FAY,NC,ASO,EN,Combined TRACON& Tower with Radar,8,9,6,2,25,0,0,0,0,0,8,9,6,2,25,0,0,0,25
05/29/2023,FAY,NC,ASO,EN,Combined TRACON& Tower with Radar,8,9,16,0,33,0,0,1,0,1,8,9,17,0,34,0,0,0,34
05/30/2023,FAY,NC,ASO,EN,Combined TRACON& Tower with Radar,8,8,28,10,54,0,0,14,2,16,8,8,42,12,70,52,24,76,146
05/31/2023,FAY,NC,ASO,EN,Combined TRACON& Tower with Radar,10,10,26,17,63,0,0,10,5,15,10,10,36,22,78,88,18,106,184
06/01/2023,FAY,NC,ASO,EN,Combined TRACON& Tower with Radar,10,12,23,3,48,0,0,33,3,36,10,12,56,6,84,86,6,92,176
06/02/2023,FAY,NC,ASO,EN,Combined TRACON& Tower with Radar,9,10,39,6,64,0,0,30,2,32,9,10,69,8,96,123,2,125,221
06/03/2023,FAY,NC,ASO,EN,Combined TRACON& Tower with Radar,14,9,11,0,34,0,2,35,0,37,14,11,46,0,71,64,0,64,135
06/04/2023,FAY,NC,ASO,EN,Combined TRACON& Tower with Radar,13,11,14,0,38,0,0,11,0,11,13,11,25,0,49,74,0,74,123
06/05/2023,FAY,NC,ASO,EN,Combined TRACON& Tower with Radar,9,10,18,15,52,0,0,34,1,35,9,10,52,16,87,50,10,60,147
06/06/2023,FAY,NC,ASO,EN,Combined TRACON& Tower with Radar,10,10,33,4,57,0,0,44,0,44,10,10,77,4,101,32,0,32,133
06/07/2023,FAY,NC,ASO,EN,Combined TRACON& Tower with Radar,10,9,17,11,47,0,4,46,1,51,10,13,63,12,98,60,0,60,158
06/08/2023,FAY,NC,ASO,EN,Combined TRACON& Tower with Radar,10,12,20,6,48,0,0,40,0,40,10,12,60,6,88,38,0,38,126
06/09/2023,FAY,NC,ASO,EN,Combined TRACON& Tower with Radar,10,14,13,2,39,0,2,18,0,20,10,16,31,2,59,18,0,18,77
06/10/2023,FAY,NC,ASO,EN,Combined TRACON& Tower with Radar,11,9,5,2,27,0,0,42,2,44,11,9,47,4,71,31,0,31,102
06/11/2023,FAY,NC,ASO,EN,Combined TRACON& Tower with Radar,9,9,7,0,25,0,0,25,0,25,9,9,32,0,50,22,0,22,72
06/12/2023,FAY,NC,ASO,EN,Combined TRACON& Tower with Radar,10,10,5,7,32,0,0,8,1,9,10,10,13,8,41,12,6,18,59
06/13/2023,FAY,NC,ASO,EN,Combined TRACON& Tower with Radar,10,8,18,8,44,0,0,42,2,44,10,8,60,10,88,100,0,100,188
06/14/2023,FAY,NC,ASO,EN,Combined TRACON& Tower with Radar,10,8,19,4,41,0,0,41,2,43,10,8,60,6,84,46,0,46,130
06/15/2023,FAY,NC,ASO,EN,Combined TRACON& Tower with Radar,10,9,18,17,54,0,2,33,1,36,10,11,51,18,90,80,18,98,188
06/16/2023,FAY,NC,ASO,EN,Combined TRACON& Tower with Radar,10,10,17,0,37,0,0,21,1,22,10,10,38,1,59,54,0,54,113
06/17/2023,FAY,NC,ASO,EN,Combined TRACON& Tower with Radar,11,17,3,0,31,0,1,30,0,31,11,18,33,0,62,58,0,58,120
06/18/2023,FAY,NC,ASO,EN,Combined TRACON& Tower with Radar,9,12,20,0,41,0,0,14,0,14,9,12,34,0,55,20,0,20,75
06/19/2023,FAY,NC,ASO,EN,Combined TRACON& Tower with Radar,12,7,22,0,41,0,0,14,0,14,12,7,36,0,55,34,0,34,89
06/20/2023,FAY,NC,ASO,EN,Combined TRACON& Tower with Radar,10,10,11,6,37,0,0,4,0,4,10,10,15,6,41,12,0,12,53
06/21/2023,FAY,NC,ASO,EN,Combined TRACON& Tower with Radar,10,11,19,27,67,0,0,0,1,1,10,11,19,28,68,0,10,10,78
06/22/2023,FAY,NC,ASO,EN,Combined TRACON& Tower with Radar,12,10,9,12,43,0,0,0,0,0,12,10,9,12,43,0,6,6,49
06/23/2023,FAY,NC,ASO,EN,Combined TRACON& Tower with Radar,10,12,35,4,61,0,0,7,0,7,10,12,42,4,68,31,0,31,99
06/24/2023,FAY,NC,ASO,EN,Combined TRACON& Tower with Radar,11,12,22,0,45,0,4,40,0,44,11,16,62,0,89,66,0,66,155
06/25/2023,FAY,NC,ASO,EN,Combined TRACON& Tower with Radar,11,10,12,0,33,0,0,27,0,27,11,10,39,0,60,70,0,70,130
06/26/2023,FAY,NC,ASO,EN,Combined TRACON& Tower with Radar,10,9,11,6,36,0,0,43,1,44,10,9,54,7,80,104,0,104,184
06/27/2023,FAY,NC,ASO,EN,Combined TRACON& Tower with Radar,10,11,22,4,47,0,4,47,1,52,10,15,69,5,99,112,0,112,211
06/28/2023,FAY,NC,ASO,EN,Combined TRACON& Tower with Radar,10,10,14,9,43,0,4,33,1,38,10,14,47,10,81,78,0,78,159
06/29/2023,FAY,NC,ASO,EN,Combined TRACON& Tower with Radar,10,12,16,12,50,0,2,48,2,52,10,14,64,14,102,148,10,158,260
06/30/2023,FAY,NC,ASO,EN,Combined TRACON& Tower with Radar,10,10,11,1,32,0,0,33,3,36,10,10,44,4,68,76,0,76,144
07/01/2023,FAY,NC,ASO,EN,Combined TRACON& Tower with Radar,11,11,4,0,26,0,0,22,0,22,11,11,26,0,48,18,0,18,66
07/02/2023,FAY,NC,ASO,EN,Combined TRACON& Tower with Radar,10,10,7,0,27,0,0,15,0,15,10,10,22,0,42,22,0,22,64
07/03/2023,FAY,NC,ASO,EN,Combined TRACON& Tower with Radar,10,8,4,0,22,0,3,16,0,19,10,11,20,0,41,74,0,74,115
07/04/2023,FAY,NC,ASO,EN,Combined TRACON& Tower with Radar,9,8,3,0,20,0,0,10,0,10,9,8,13,0,30,16,0,16,46
07/05/2023,FAY,NC,ASO,EN,Combined TRACON& Tower with Radar,7,9,8,3,27,0,0,19,1,20,7,9,27,4,47,32,1,33,80
07/06/2023,FAY,NC,ASO,EN,Combined TRACON& Tower with Radar,12,10,15,11,48,0,0,18,0,18,12,10,33,11,66,70,14,84,150
07/07/2023,FAY,NC,ASO,EN,Combined TRACON& Tower with Radar,9,12,8,4,33,0,0,13,2,15,9,12,21,6,48,8,6,14,62
07/08/2023,FAY,NC,ASO,EN,Combined TRACON& Tower with Radar,15,8,6,0,29,0,1,18,0,19,15,9,24,0,48,34,0,34,82
07/09/2023,FAY,NC,ASO,EN,Combined TRACON& Tower with Radar,9,10,15,1,35,0,0,8,0,8,9,10,23,1,43,12,0,12,55
07/10/2023,FAY,NC,ASO,EN,Combined TRACON& Tower with Radar,10,8,19,0,37,0,0,29,0,29,10,8,48,0,66,120,0,120,186
07/11/2023,FAY,NC,ASO,EN,Combined TRACON& Tower with Radar,12,8,10,10,40,0,5,38,1,44,12,13,48,11,84,70,0,70,154
07/12/2023,FAY,NC,ASO,EN,Combined TRACON& Tower with Radar,10,9,26,9,54,0,1,37,4,42,10,10,63,13,96,100,8,108,204
07/13/2023,FAY,NC,ASO,EN,Combined TRACON& Tower with Radar,10,8,11,23,52,0,2,32,2,36,10,10,43,25,88,60,10,70,158
07/14/2023,FAY,NC,ASO,EN,Combined TRACON& Tower with Radar,7,8,8,0,23,0,0,5,0,5,7,8,13,0,28,22,0,22,50
07/15/2023,FAY,NC,ASO,EN,Combined TRACON& Tower with Radar,11,11,4,0,26,0,0,22,0,22,11,11,26,0,48,10,0,10,58
07/16/2023,FAY,NC,ASO,EN,Combined TRACON& Tower with Radar,10,10,7,0,27,0,0,15,0,15,10,10,22,0,42,72,0,72,114
07/17/2023,FAY,NC,ASO,EN,Combined TRACON& Tower with Radar,9,9,14,7,39,0,0,41,3,44,9,9,55,10,83,132,10,142,225
07/18/2023,FAY,NC,ASO,EN,Combined TRACON& Tower with Radar,10,8,34,7,59,0,0,42,1,43,10,8,76,8,102,134,4,138,240
07/19/2023,FAY,NC,ASO,EN,Combined TRACON& Tower with Radar,10,9,21,2,42,0,0,37,3,40,10,9,58,5,82,64,0,64,146
07/20/2023,FAY,NC,ASO,EN,Combined TRACON& Tower with Radar,8,8,30,2,48,0,2,39,2,43,8,10,69,4,91,154,2,156,247
07/21/2023,FAY,NC,ASO,EN,Combined TRACON& Tower with Radar,4,8,23,3,38,0,0,31,0,31,4,8,54,3,69,48,0,48,117
07/22/2023,FAY,NC,ASO,EN,Combined TRACON& Tower with Radar,13,8,14,6,41,0,0,27,0,27,13,8,41,6,68,50,0,50,118
07/23/2023,FAY,NC,ASO,EN,Combined TRACON& Tower with Radar,10,8,7,0,25,0,0,18,0,18,10,8,25,0,43,48,0,48,91
07/24/2023,FAY,NC,ASO,EN,Combined TRACON& Tower with Radar,10,8,14,6,38,0,0,9,0,9,10,8,23,6,47,0,10,10,57
07/25/2023,FAY,NC,ASO,EN,Combined TRACON& Tower with Radar,11,8,14,4,37,0,5,12,4,21,11,13,26,8,58,38,16,54,112
07/26/2023,FAY,NC,ASO,EN,Combined TRACON& Tower with Radar,10,10,20,5,45,0,1,33,0,34,10,11,53,5,79,32,0,32,111
07/27/2023,FAY,NC,ASO,EN,Combined TRACON& Tower with Radar,10,12,26,6,54,0,1,32,3,36,10,13,58,9,90,60,0,60,150
07/28/2023,FAY,NC,ASO,EN,Combined TRACON& Tower with Radar,10,10,14,5,39,0,0,45,1,46,10,10,59,6,85,32,0,32,117
07/29/2023,FAY,NC,ASO,EN,Combined TRACON& Tower with Radar,10,10,11,0,31,0,0,13,0,13,10,10,24,0,44,38,0,38,82
07/30/2023,FAY,NC,ASO,EN,Combined TRACON& Tower with Radar,10,8,14,0,32,0,2,18,3,23,10,10,32,3,55,26,0,26,81
07/31/2023,FAY,NC,ASO,EN,Combined TRACON& Tower with Radar,12,8,16,0,36,0,0,24,2,26,12,8,40,2,62,56,0,56,118
08/01/2023,FAY,NC,ASO,EN,Combined TRACON& Tower with Radar,10,8,21,4,43,0,3,29,0,32,10,11,50,4,75,42,0,42,117
08/02/2023,FAY,NC,ASO,EN,Combined TRACON& Tower with Radar,10,10,17,5,42,0,4,42,2,48,10,14,59,7,90,67,0,67,157
08/03/2023,FAY,NC,ASO,EN,Combined TRACON& Tower with Radar,9,11,22,6,48,0,1,27,0,28,9,12,49,6,76,26,0,26,102
08/04/2023,FAY,NC,ASO,EN,Combined TRACON& Tower with Radar,6,11,30,2,49,0,0,6,0,6,6,11,36,2,55,0,0,0,55
08/05/2023,FAY,NC,ASO,EN,Combined TRACON& Tower with Radar,7,9,12,2,30,0,2,16,0,18,7,11,28,2,48,62,0,62,110
08/06/2023,FAY,NC,ASO,EN,Combined TRACON& Tower with Radar,5,15,11,0,31,0,0,24,0,24,5,15,35,0,55,30,0,30,85
08/07/2023,FAY,NC,ASO,EN,Combined TRACON& Tower with Radar,6,9,10,6,31,0,0,22,1,23,6,9,32,7,54,30,7,37,91
08/08/2023,FAY,NC,ASO,EN,Combined TRACON& Tower with Radar,4,11,24,8,47,0,1,29,0,30,4,12,53,8,77,50,12,62,139
08/09/2023,FAY,NC,ASO,EN,Combined TRACON& Tower with Radar,6,9,14,7,36,0,0,34,0,34,6,9,48,7,70,30,4,34,104
08/10/2023,FAY,NC,ASO,EN,Combined TRACON& Tower with Radar,6,12,11,9,38,0,1,12,1,14,6,13,23,10,52,8,8,16,68
08/11/2023,FAY,NC,ASO,EN,Combined TRACON& Tower with Radar,6,11,15,3,35,0,3,30,1,34,6,14,45,4,69,35,0,35,104
08/12/2023,FAY,NC,ASO,EN,Combined TRACON& Tower with Radar,8,9,9,0,26,0,0,25,0,25,8,9,34,0,51,4,0,4,55
08/13/2023,FAY,NC,ASO,EN,Combined TRACON& Tower with Radar,4,10,7,0,21,0,0,23,0,23,4,10,30,0,44,40,0,40,84
08/14/2023,FAY,NC,ASO,EN,Combined TRACON& Tower with Radar,5,14,10,1,30,0,0,14,0,14,5,14,24,1,44,16,0,16,60
08/15/2023,FAY,NC,ASO,EN,Combined TRACON& Tower with Radar,11,15,7,5,38,0,1,20,1,22,11,16,27,6,60,10,8,18,78
08/16/2023,FAY,NC,ASO,EN,Combined TRACON& Tower with Radar,8,11,10,8,37,0,0,33,0,33,8,11,43,8,70,34,0,34,104
08/17/2023,FAY,NC,ASO,EN,Combined TRACON& Tower with Radar,8,12,24,8,52,0,1,23,2,26,8,13,47,10,78,56,10,66,144
08/18/2023,FAY,NC,ASO,EN,Combined TRACON& Tower with Radar,8,13,10,5,36,0,4,25,2,31,8,17,35,7,67,64,6,70,137
08/19/2023,FAY,NC,ASO,EN,Combined TRACON& Tower with Radar,7,11,21,0,39,0,2,36,0,38,7,13,57,0,77,38,0,38,115
08/20/2023,FAY,NC,ASO,EN,Combined TRACON& Tower with Radar,7,10,5,0,22,0,0,16,0,16,7,10,21,0,38,52,0,52,90
08/21/2023,FAY,NC,ASO,EN,Combined TRACON& Tower with Radar,8,12,11,1,32,0,2,24,1,27,8,14,35,2,59,42,0,42,101
08/22/2023,FAY,NC,ASO,EN,Combined TRACON& Tower with Radar,8,14,11,8,41,0,2,22,2,26,8,16,33,10,67,58,16,74,141
08/23/2023,FAY,NC,ASO,EN,Combined TRACON& Tower with Radar,8,12,14,8,42,0,0,18,7,25,8,12,32,15,67,48,0,48,115
08/24/2023,FAY,NC,ASO,EN,Combined TRACON& Tower with Radar,8,9,12,11,40,0,2,24,1,27,8,11,36,12,67,26,16,42,109
08/25/2023,FAY,NC,ASO,EN,Combined TRACON& Tower with Radar,8,13,15,6,42,0,0,32,0,32,8,13,47,6,74,36,0,36,110
08/26/2023,FAY,NC,ASO,EN,Combined TRACON& Tower with Radar,7,10,22,0,39,0,0,21,0,21,7,10,43,0,60,34,0,34,94
08/27/2023,FAY,NC,ASO,EN,Combined TRACON& Tower with Radar,11,12,9,0,32,0,3,10,0,13,11,15,19,0,45,16,0,16,61
08/28/2023,FAY,NC,ASO,EN,Combined TRACON& Tower with Radar,8,12,11,20,51,0,0,14,2,16,8,12,25,22,67,38,20,58,125
08/29/2023,FAY,NC,ASO,EN,Combined TRACON& Tower with Radar,8,11,27,2,48,0,0,17,1,18,8,11,44,3,66,10,0,10,76
08/30/2023,FAY,NC,ASO,EN,Combined TRACON& Tower with Radar,10,11,15,0,36,0,0,0,1,1,10,11,15,1,37,4,0,4,41
08/31/2023,FAY,NC,ASO,EN,Combined TRACON& Tower with Radar,6,13,2,0,21,0,2,6,0,8,6,15,8,0,29,16,0,16,45
