01/01/2020,FDK,MD,AEA,EN,Federal Contract Tower,0,1,4,0,5,0,7,53,0,60,0,8,57,0,65,70,0,70,135
01/02/2020,FDK,MD,AEA,EN,Federal Contract Tower,0,4,5,0,9,0,3,168,0,171,0,7,173,0,180,221,0,221,401
01/03/2020,FDK,MD,AEA,EN,Federal Contract Tower,0,2,17,0,19,0,0,0,0,0,0,2,17,0,19,2,0,2,21
01/04/2020,FDK,MD,AEA,EN,Federal Contract Tower,0,5,6,0,11,0,1,36,0,37,0,6,42,0,48,142,0,142,190
01/05/2020,FDK,MD,AEA,EN,Federal Contract Tower,0,4,6,0,10,0,0,39,0,39,0,4,45,0,49,38,0,38,87
01/06/2020,FDK,MD,AEA,EN,Federal Contract Tower,0,0,4,0,4,0,2,70,0,72,0,2,74,0,76,134,0,134,210
01/07/2020,FDK,MD,AEA,EN,Federal Contract Tower,0,0,1,0,1,0,0,30,0,30,0,0,31,0,31,140,0,140,171
01/08/2020,FDK,MD,AEA,EN,Federal Contract Tower,0,2,6,0,8,0,3,13,0,16,0,5,19,0,24,17,0,17,41
01/09/2020,FDK,MD,AEA,EN,Federal Contract Tower,0,4,8,0,12,0,5,134,0,139,0,9,142,0,151,265,0,265,416
01/10/2020,FDK,MD,AEA,EN,Federal Contract Tower,0,0,10,0,10,0,13,63,4,80,0,13,73,4,90,271,0,271,361
01/11/2020,FDK,MD,AEA,EN,Federal Contract Tower,0,3,3,0,6,0,0,23,0,23,0,3,26,0,29,105,0,105,134
01/12/2020,FDK,MD,AEA,EN,Federal Contract Tower,0,2,5,0,7,0,3,67,0,70,0,5,72,0,77,106,0,106,183
01/13/2020,FDK,MD,AEA,EN,Federal Contract Tower,0,1,12,0,13,0,3,82,0,85,0,4,94,0,98,379,0,379,477
01/14/2020,FDK,MD,AEA,EN,Federal Contract Tower,0,2,14,0,16,0,0,0,0,0,0,2,14,0,16,0,0,0,16
01/15/2020,FDK,MD,AEA,EN,Federal Contract Tower,0,0,10,2,12,0,4,159,0,163,0,4,169,2,175,240,0,240,415
01/16/2020,FDK,MD,AEA,EN,Federal Contract Tower,0,3,8,0,11,0,3,11,0,14,0,6,19,0,25,4,0,4,29
01/17/2020,FDK,MD,AEA,EN,Federal Contract Tower,0,0,12,0,12,0,2,84,1,87,0,2,96,1,99,78,0,78,177
01/18/2020,FDK,MD,AEA,EN,Federal Contract Tower,0,1,0,0,1,0,0,5,0,5,0,1,5,0,6,20,0,20,26
01/19/2020,FDK,MD,AEA,EN,Federal Contract Tower,0,2,6,0,8,0,0,15,0,15,0,2,21,0,23,16,0,16,39
01/20/2020,FDK,MD,AEA,EN,Federal Contract Tower,0,0,14,0,14,0,3,97,0,100,0,3,111,0,114,125,0,125,239
01/21/2020,FDK,MD,AEA,EN,Federal Contract Tower,0,2,23,0,25,0,4,90,0,94,0,6,113,0,119,146,0,146,265
01/22/2020,FDK,MD,AEA,EN,Federal Contract Tower,0,1,23,3,27,0,2,135,0,137,0,3,158,3,164,325,0,325,489
01/23/2020,FDK,MD,AEA,EN,Federal Contract Tower,0,3,10,2,15,0,2,131,5,138,0,5,141,7,153,312,14,326,479
01/24/2020,FDK,MD,AEA,EN,Federal Contract Tower,0,4,19,0,23,0,1,13,0,14,0,5,32,0,37,143,0,143,180
01/25/2020,FDK,MD,AEA,EN,Federal Contract Tower,0,1,14,0,15,0,2,1,0,3,0,3,15,0,18,20,0,20,38
01/26/2020,FDK,MD,AEA,EN,Federal Contract Tower,0,3,8,0,11,0,2,109,0,111,0,5,117,0,122,172,0,172,294
01/27/2020,FDK,MD,AEA,EN,Federal Contract Tower,0,2,7,0,9,0,2,66,0,68,0,4,73,0,77,146,0,146,223
01/28/2020,FDK,MD,AEA,EN,Federal Contract Tower,0,1,16,0,17,0,3,56,2,61,0,4,72,2,78,104,0,104,182
01/29/2020,FDK,MD,AEA,EN,Federal Contract Tower,0,2,20,0,22,0,0,108,2,110,0,2,128,2,132,243,0,243,375
01/30/2020,FDK,MD,AEA,EN,Federal Contract Tower,0,2,17,1,20,0,2,120,2,124,0,4,137,3,144,291,0,291,435
01/31/2020,FDK,MD,AEA,EN,Federal Contract Tower,0,5,14,0,19,0,0,98,0,98,0,5,112,0,117,231,0,231,348
02/01/2020,FDK,MD,AEA,EN,Federal Contract Tower,0,2,9,0,11,0,0,0,0,0,0,2,9,0,11,0,0,0,11
02/02/2020,FDK,MD,AEA,EN,Federal Contract Tower,0,1,8,0,9,0,4,72,0,76,0,5,80,0,85,142,0,142,227
02/03/2020,FDK,MD,AEA,EN,Federal Contract Tower,0,1,13,0,14,0,6,128,2,136,0,7,141,2,150,213,0,213,363
02/04/2020,FDK,MD,AEA,EN,Federal Contract Tower,0,2,6,2,10,0,0,71,0,71,0,2,77,2,81,218,0,218,299
02/05/2020,FDK,MD,AEA,EN,Federal Contract Tower,0,2,3,0,5,0,4,31,0,35,0,6,34,0,40,155,0,155,195
02/06/2020,FDK,MD,AEA,EN,Federal Contract Tower,0,5,2,0,7,0,0,0,0,0,0,5,2,0,7,0,0,0,7
02/07/2020,FDK,MD,AEA,EN,Federal Contract Tower,0,1,0,0,1,0,1,6,0,7,0,2,6,0,8,0,0,0,8
02/08/2020,FDK,MD,AEA,EN,Federal Contract Tower,0,3,17,0,20,0,7,157,0,164,0,10,174,0,184,244,0,244,428
02/09/2020,FDK,MD,AEA,EN,Federal Contract Tower,0,1,14,1,16,0,4,148,5,157,0,5,162,6,173,248,0,248,421
02/10/2020,FDK,MD,AEA,EN,Federal Contract Tower,0,0,6,0,6,0,0,25,0,25,0,0,31,0,31,72,0,72,103
02/11/2020,FDK,MD,AEA,EN,Federal Contract Tower,0,0,10,0,10,0,0,2,0,2,0,0,12,0,12,24,0,24,36
02/12/2020,FDK,MD,AEA,EN,Federal Contract Tower,0,0,15,1,16,0,8,105,7,120,0,8,120,8,136,188,5,193,329
02/13/2020,FDK,MD,AEA,EN,Federal Contract Tower,0,1,10,0,11,0,2,10,0,12,0,3,20,0,23,47,0,47,70
02/14/2020,FDK,MD,AEA,EN,Federal Contract Tower,0,1,5,0,6,0,1,59,0,60,0,2,64,0,66,37,0,37,103
02/15/2020,FDK,MD,AEA,EN,Federal Contract Tower,0,4,6,0,10,0,2,157,2,161,0,6,163,2,171,244,0,244,415
02/16/2020,FDK,MD,AEA,EN,Federal Contract Tower,0,0,6,0,6,0,2,126,0,128,0,2,132,0,134,196,0,196,330
02/17/2020,FDK,MD,AEA,EN,Federal Contract Tower,0,1,5,0,6,0,2,185,0,187,0,3,190,0,193,268,0,268,461
02/18/2020,FDK,MD,AEA,EN,Federal Contract Tower,0,0,9,0,9,0,2,17,0,19,0,2,26,0,28,98,0,98,126
02/19/2020,FDK,MD,AEA,EN,Federal Contract Tower,0,2,8,0,10,0,0,42,5,47,0,2,50,5,57,134,16,150,207
02/20/2020,FDK,MD,AEA,EN,Federal Contract Tower,0,3,8,2,13,0,9,119,0,128,0,12,127,2,141,212,0,212,353
02/21/2020,FDK,MD,AEA,EN,Federal Contract Tower,0,0,7,0,7,0,3,143,0,146,0,3,150,0,153,188,0,188,341
02/22/2020,FDK,MD,AEA,EN,Federal Contract Tower,0,3,7,0,10,0,21,134,5,160,0,24,141,5,170,150,0,150,320
02/23/2020,FDK,MD,AEA,EN,Federal Contract Tower,0,3,16,0,19,0,7,180,3,190,0,10,196,3,209,192,0,192,401
02/24/2020,FDK,MD,AEA,EN,Federal Contract Tower,0,4,6,0,10,0,2,95,0,97,0,6,101,0,107,330,0,330,437
02/25/2020,FDK,MD,AEA,EN,Federal Contract Tower,0,0,8,0,8,0,0,0,0,0,0,0,8,0,8,0,0,0,8
02/26/2020,FDK,MD,AEA,EN,Federal Contract Tower,0,3,6,0,9,0,0,0,0,0,0,3,6,0,9,0,0,0,9
02/27/2020,FDK,MD,AEA,EN,Federal Contract Tower,0,0,3,0,3,0,2,4,2,8,0,2,7,2,11,2,0,2,13
02/28/2020,FDK,MD,AEA,EN,Federal Contract Tower,0,6,3,0,9,0,8,58,0,66,0,14,61,0,75,156,0,156,231
02/29/2020,FDK,MD,AEA,EN,Federal Contract Tower,0,2,6,0,8,0,0,28,0,28,0,2,34,0,36,20,0,20,56
03/01/2020,FDK,MD,AEA,EN,Federal Contract Tower,0,6,16,0,22,0,1,144,2,147,0,7,160,2,169,194,0,194,363
03/02/2020,FDK,MD,AEA,EN,Federal Contract Tower,0,4,5,0,9,0,5,93,2,100,0,9,98,2,109,150,0,150,259
03/03/2020,FDK,MD,AEA,EN,Federal Contract Tower,0,4,8,0,12,0,2,18,2,22,0,6,26,2,34,60,0,60,94
03/04/2020,FDK,MD,AEA,EN,Federal Contract Tower,0,1,13,2,16,0,4,78,2,84,0,5,91,4,100,101,0,101,201
03/05/2020,FDK,MD,AEA,EN,Federal Contract Tower,0,1,17,0,18,0,4,143,1,148,0,5,160,1,166,223,0,223,389
03/06/2020,FDK,MD,AEA,EN,Federal Contract Tower,0,5,11,0,16,0,1,30,0,31,0,6,41,0,47,140,0,140,187
03/07/2020,FDK,MD,AEA,EN,Federal Contract Tower,0,1,8,0,9,0,1,55,0,56,0,2,63,0,65,44,0,44,109
03/08/2020,FDK,MD,AEA,EN,Federal Contract Tower,0,1,19,0,20,0,4,171,6,181,0,5,190,6,201,171,0,171,372
03/09/2020,FDK,MD,AEA,EN,Federal Contract Tower,0,2,9,0,11,0,4,127,2,133,0,6,136,2,144,252,12,264,408
03/10/2020,FDK,MD,AEA,EN,Federal Contract Tower,0,1,6,2,9,0,6,22,0,28,0,7,28,2,37,80,0,80,117
03/11/2020,FDK,MD,AEA,EN,Federal Contract Tower,0,6,8,0,14,0,3,95,0,98,0,9,103,0,112,220,0,220,332
03/12/2020,FDK,MD,AEA,EN,Federal Contract Tower,0,1,16,1,18,0,11,70,2,83,0,12,86,3,101,229,3,232,333
03/13/2020,FDK,MD,AEA,EN,Federal Contract Tower,0,6,7,0,13,0,4,32,0,36,0,10,39,0,49,10,0,10,59
03/14/2020,FDK,MD,AEA,EN,Federal Contract Tower,0,4,27,0,31,0,5,133,1,139,0,9,160,1,170,233,0,233,403
03/15/2020,FDK,MD,AEA,EN,Federal Contract Tower,0,5,9,0,14,0,3,39,0,42,0,8,48,0,56,212,0,212,268
03/16/2020,FDK,MD,AEA,EN,Federal Contract Tower,0,0,12,1,13,0,2,119,3,124,0,2,131,4,137,152,0,152,289
03/17/2020,FDK,MD,AEA,EN,Federal Contract Tower,0,1,7,0,8,0,4,32,2,38,0,5,39,2,46,107,0,107,153
03/18/2020,FDK,MD,AEA,EN,Federal Contract Tower,0,1,11,0,12,0,2,133,2,137,0,3,144,2,149,140,0,140,289
03/19/2020,FDK,MD,AEA,EN,Federal Contract Tower,0,2,2,4,8,0,3,33,0,36,0,5,35,4,44,96,10,106,150
03/20/2020,FDK,MD,AEA,EN,Federal Contract Tower,0,3,4,0,7,0,0,21,0,21,0,3,25,0,28,43,0,43,71
03/21/2020,FDK,MD,AEA,EN,Federal Contract Tower,0,3,4,0,7,0,2,84,3,89,0,5,88,3,96,146,0,146,242
03/22/2020,FDK,MD,AEA,EN,Federal Contract Tower,0,2,10,0,12,0,0,104,1,105,0,2,114,1,117,136,4,140,257
03/23/2020,FDK,MD,AEA,EN,Federal Contract Tower,0,2,4,0,6,0,0,0,0,0,0,2,4,0,6,0,0,0,6
03/24/2020,FDK,MD,AEA,EN,Federal Contract Tower,0,0,6,0,6,0,0,58,0,58,0,0,64,0,64,226,1,227,291
03/25/2020,FDK,MD,AEA,EN,Federal Contract Tower,0,1,8,1,10,0,0,0,0,0,0,1,8,1,10,0,0,0,10
03/26/2020,FDK,MD,AEA,EN,Federal Contract Tower,0,2,16,0,18,0,3,94,1,98,0,5,110,1,116,117,0,117,233
03/27/2020,FDK,MD,AEA,EN,Federal Contract Tower,0,0,4,0,4,0,5,102,0,107,0,5,106,0,111,136,0,136,247
03/28/2020,FDK,MD,AEA,EN,Federal Contract Tower,0,0,6,0,6,0,0,0,0,0,0,0,6,0,6,0,0,0,6
03/29/2020,FDK,MD,AEA,EN,Federal Contract Tower,0,0,3,0,3,0,0,9,0,9,0,0,12,0,12,4,0,4,16
03/30/2020,FDK,MD,AEA,EN,Federal Contract Tower,0,0,5,0,5,0,4,50,4,58,0,4,55,4,63,22,0,22,85
03/31/2020,FDK,MD,AEA,EN,Federal Contract Tower,0,0,1,0,1,0,2,5,0,7,0,2,6,0,8,36,0,36,44
04/01/2020,FDK,MD,AEA,EN,Federal Contract Tower,0,0,3,0,3,0,2,7,0,9,0,2,10,0,12,4,0,4,16
04/02/2020,FDK,MD,AEA,EN,Federal Contract Tower,0,0,2,0,2,0,2,20,0,22,0,2,22,0,24,0,0,0,24
04/03/2020,FDK,MD,AEA,EN,Federal Contract Tower,0,0,1,2,3,0,4,25,0,29,0,4,26,2,32,2,0,2,34
04/04/2020,FDK,MD,AEA,EN,Federal Contract Tower,0,1,4,0,5,0,2,30,0,32,0,3,34,0,37,26,0,26,63
04/05/2020,FDK,MD,AEA,EN,Federal Contract Tower,0,0,1,0,1,0,0,33,0,33,0,0,34,0,34,44,0,44,78
04/06/2020,FDK,MD,AEA,EN,Federal Contract Tower,0,0,1,0,1,0,7,55,0,62,0,7,56,0,63,54,0,54,117
04/07/2020,FDK,MD,AEA,EN,Federal Contract Tower,0,2,4,1,7,0,9,12,0,21,0,11,16,1,28,18,2,20,48
04/08/2020,FDK,MD,AEA,EN,Federal Contract Tower,0,0,3,1,4,0,4,29,1,34,0,4,32,2,38,24,0,24,62
04/09/2020,FDK,MD,AEA,EN,Federal Contract Tower,0,0,3,0,3,0,0,4,0,4,0,0,7,0,7,0,0,0,7
04/11/2020,FDK,MD,AEA,EN,Federal Contract Tower,0,0,6,0,6,0,4,54,0,58,0,4,60,0,64,23,0,23,87
04/12/2020,FDK,MD,AEA,EN,Federal Contract Tower,0,0,4,0,4,0,0,15,0,15,0,0,19,0,19,10,0,10,29
04/13/2020,FDK,MD,AEA,EN,Federal Contract Tower,0,2,0,0,2,0,2,0,0,2,0,4,0,0,4,4,0,4,8
04/14/2020,FDK,MD,AEA,EN,Federal Contract Tower,0,1,3,0,4,0,2,52,0,54,0,3,55,0,58,26,0,26,84
04/15/2020,FDK,MD,AEA,EN,Federal Contract Tower,0,3,1,2,6,0,4,33,2,39,0,7,34,4,45,108,0,108,153
04/16/2020,FDK,MD,AEA,EN,Federal Contract Tower,0,0,1,0,1,0,5,20,0,25,0,5,21,0,26,4,0,4,30
04/17/2020,FDK,MD,AEA,EN,Federal Contract Tower,0,0,5,0,5,0,2,30,2,34,0,2,35,2,39,37,0,37,76
04/18/2020,FDK,MD,AEA,EN,Federal Contract Tower,0,0,1,0,1,0,2,0,0,2,0,2,1,0,3,0,0,0,3
04/19/2020,FDK,MD,AEA,EN,Federal Contract Tower,0,0,8,0,8,0,2,52,0,54,0,2,60,0,62,62,0,62,124
04/20/2020,FDK,MD,AEA,EN,Federal Contract Tower,0,0,3,0,3,0,3,60,0,63,0,3,63,0,66,48,0,48,114
04/21/2020,FDK,MD,AEA,EN,Federal Contract Tower,0,0,3,0,3,0,0,4,0,4,0,0,7,0,7,8,0,8,15
04/22/2020,FDK,MD,AEA,EN,Federal Contract Tower,0,1,2,0,3,0,5,49,1,55,0,6,51,1,58,9,4,13,71
04/23/2020,FDK,MD,AEA,EN,Federal Contract Tower,0,1,8,4,13,0,2,30,0,32,0,3,38,4,45,113,0,113,158
04/24/2020,FDK,MD,AEA,EN,Federal Contract Tower,0,0,14,1,15,0,0,0,0,0,0,0,14,1,15,0,0,0,15
04/25/2020,FDK,MD,AEA,EN,Federal Contract Tower,0,0,10,0,10,0,7,31,0,38,0,7,41,0,48,69,0,69,117
04/26/2020,FDK,MD,AEA,EN,Federal Contract Tower,0,0,7,0,7,0,0,0,0,0,0,0,7,0,7,0,0,0,7
04/27/2020,FDK,MD,AEA,EN,Federal Contract Tower,0,2,5,0,7,0,1,17,0,18,0,3,22,0,25,4,0,4,29
04/28/2020,FDK,MD,AEA,EN,Federal Contract Tower,0,0,3,0,3,0,4,33,0,37,0,4,36,0,40,70,0,70,110
04/29/2020,FDK,MD,AEA,EN,Federal Contract Tower,0,3,7,0,10,0,3,45,0,48,0,6,52,0,58,65,0,65,123
04/30/2020,FDK,MD,AEA,EN,Federal Contract Tower,0,2,6,0,8,0,0,0,0,0,0,2,6,0,8,0,0,0,8
05/01/2020,FDK,MD,AEA,EN,Federal Contract Tower,0,1,13,0,14,0,1,32,0,33,0,2,45,0,47,38,0,38,85
05/02/2020,FDK,MD,AEA,EN,Federal Contract Tower,0,1,6,0,7,0,2,85,0,87,0,3,91,0,94,110,0,110,204
05/03/2020,FDK,MD,AEA,EN,Federal Contract Tower,0,0,4,0,4,0,5,33,0,38,0,5,37,0,42,80,0,80,122
05/04/2020,FDK,MD,AEA,EN,Federal Contract Tower,0,0,0,0,0,0,6,32,2,40,0,6,32,2,40,18,0,18,58
05/05/2020,FDK,MD,AEA,EN,Federal Contract Tower,0,2,4,0,6,0,4,64,0,68,0,6,68,0,74,139,0,139,213
05/06/2020,FDK,MD,AEA,EN,Federal Contract Tower,0,0,7,0,7,0,1,3,0,4,0,1,10,0,11,24,0,24,35
05/07/2020,FDK,MD,AEA,EN,Federal Contract Tower,0,0,11,0,11,0,6,104,0,110,0,6,115,0,121,159,0,159,280
05/08/2020,FDK,MD,AEA,EN,Federal Contract Tower,0,1,3,0,4,0,0,11,0,11,0,1,14,0,15,36,0,36,51
05/09/2020,FDK,MD,AEA,EN,Federal Contract Tower,0,0,6,0,6,0,0,25,0,25,0,0,31,0,31,11,0,11,42
05/10/2020,FDK,MD,AEA,EN,Federal Contract Tower,0,0,12,0,12,0,10,87,0,97,0,10,99,0,109,115,0,115,224
05/11/2020,FDK,MD,AEA,EN,Federal Contract Tower,0,2,0,0,2,0,2,24,6,32,0,4,24,6,34,22,0,22,56
05/12/2020,FDK,MD,AEA,EN,Federal Contract Tower,0,0,8,0,8,0,0,45,2,47,0,0,53,2,55,44,0,44,99
05/13/2020,FDK,MD,AEA,EN,Federal Contract Tower,0,0,16,0,16,0,0,121,0,121,0,0,137,0,137,167,0,167,304
05/14/2020,FDK,MD,AEA,EN,Federal Contract Tower,0,0,8,0,8,0,5,80,2,87,0,5,88,2,95,188,0,188,283
05/15/2020,FDK,MD,AEA,EN,Federal Contract Tower,0,0,3,0,3,0,2,107,0,109,0,2,110,0,112,112,0,112,224
05/16/2020,FDK,MD,AEA,EN,Federal Contract Tower,0,1,4,0,5,0,4,76,0,80,0,5,80,0,85,188,0,188,273
05/17/2020,FDK,MD,AEA,EN,Federal Contract Tower,0,3,17,0,20,0,9,34,2,45,0,12,51,2,65,97,0,97,162
05/18/2020,FDK,MD,AEA,EN,Federal Contract Tower,0,2,24,0,26,0,2,26,0,28,0,4,50,0,54,76,0,76,130
05/19/2020,FDK,MD,AEA,EN,Federal Contract Tower,0,0,1,0,1,0,7,39,0,46,0,7,40,0,47,80,0,80,127
05/20/2020,FDK,MD,AEA,EN,Federal Contract Tower,0,3,5,0,8,0,9,74,5,88,0,12,79,5,96,95,0,95,191
05/21/2020,FDK,MD,AEA,EN,Federal Contract Tower,0,2,15,0,17,0,5,45,0,50,0,7,60,0,67,152,0,152,219
05/22/2020,FDK,MD,AEA,EN,Federal Contract Tower,0,1,17,0,18,0,0,1,0,1,0,1,18,0,19,0,0,0,19
05/23/2020,FDK,MD,AEA,EN,Federal Contract Tower,0,2,16,0,18,0,6,66,1,73,0,8,82,1,91,206,0,206,297
05/24/2020,FDK,MD,AEA,EN,Federal Contract Tower,0,1,16,0,17,0,3,7,0,10,0,4,23,0,27,60,0,60,87
05/25/2020,FDK,MD,AEA,EN,Federal Contract Tower,0,2,12,0,14,0,4,93,0,97,0,6,105,0,111,272,0,272,383
05/26/2020,FDK,MD,AEA,EN,Federal Contract Tower,0,0,6,0,6,0,5,149,1,155,0,5,155,1,161,140,0,140,301
05/27/2020,FDK,MD,AEA,EN,Federal Contract Tower,0,1,22,0,23,0,5,74,0,79,0,6,96,0,102,173,0,173,275
05/28/2020,FDK,MD,AEA,EN,Federal Contract Tower,0,2,5,0,7,0,0,7,0,7,0,2,12,0,14,25,0,25,39
05/29/2020,FDK,MD,AEA,EN,Federal Contract Tower,0,1,7,0,8,0,3,40,0,43,0,4,47,0,51,115,0,115,166
05/30/2020,FDK,MD,AEA,EN,Federal Contract Tower,0,2,16,0,18,0,4,145,0,149,0,6,161,0,167,192,0,192,359
05/31/2020,FDK,MD,AEA,EN,Federal Contract Tower,0,1,7,0,8,0,5,120,0,125,0,6,127,0,133,111,0,111,244
06/01/2020,FDK,MD,AEA,EN,Federal Contract Tower,0,2,6,0,8,0,5,139,0,144,0,7,145,0,152,152,2,154,306
06/02/2020,FDK,MD,AEA,EN,Federal Contract Tower,0,0,7,0,7,0,7,116,0,123,0,7,123,0,130,146,0,146,276
06/03/2020,FDK,MD,AEA,EN,Federal Contract Tower,0,2,4,0,6,0,8,79,4,91,0,10,83,4,97,34,0,34,131
06/04/2020,FDK,MD,AEA,EN,Federal Contract Tower,0,1,8,0,9,0,6,105,2,113,0,7,113,2,122,142,16,158,280
06/05/2020,FDK,MD,AEA,EN,Federal Contract Tower,0,1,19,0,20,0,3,29,0,32,0,4,48,0,52,151,0,151,203
06/06/2020,FDK,MD,AEA,EN,Federal Contract Tower,0,1,7,0,8,0,4,68,0,72,0,5,75,0,80,166,0,166,246
06/07/2020,FDK,MD,AEA,EN,Federal Contract Tower,0,0,16,1,17,0,3,171,2,176,0,3,187,3,193,152,0,152,345
06/08/2020,FDK,MD,AEA,EN,Federal Contract Tower,0,0,8,0,8,0,2,139,1,142,0,2,147,1,150,174,0,174,324
06/09/2020,FDK,MD,AEA,EN,Federal Contract Tower,0,0,12,0,12,0,7,139,0,146,0,7,151,0,158,234,0,234,392
06/10/2020,FDK,MD,AEA,EN,Federal Contract Tower,0,1,6,0,7,0,7,32,0,39,0,8,38,0,46,136,0,136,182
06/11/2020,FDK,MD,AEA,EN,Federal Contract Tower,0,1,12,2,15,0,12,81,0,93,0,13,93,2,108,200,0,200,308
06/12/2020,FDK,MD,AEA,EN,Federal Contract Tower,0,1,13,0,14,0,1,132,3,136,0,2,145,3,150,214,0,214,364
06/13/2020,FDK,MD,AEA,EN,Federal Contract Tower,0,2,13,0,15,0,0,147,0,147,0,2,160,0,162,216,0,216,378
06/14/2020,FDK,MD,AEA,EN,Federal Contract Tower,0,5,7,0,12,0,7,95,0,102,0,12,102,0,114,190,0,190,304
06/15/2020,FDK,MD,AEA,EN,Federal Contract Tower,0,1,10,0,11,0,15,115,1,131,0,16,125,1,142,262,0,262,404
06/16/2020,FDK,MD,AEA,EN,Federal Contract Tower,0,0,6,3,9,0,8,112,4,124,0,8,118,7,133,256,0,256,389
06/17/2020,FDK,MD,AEA,EN,Federal Contract Tower,0,6,18,0,24,0,2,29,0,31,0,8,47,0,55,139,0,139,194
06/18/2020,FDK,MD,AEA,EN,Federal Contract Tower,0,0,5,0,5,0,1,25,0,26,0,1,30,0,31,191,0,191,222
06/19/2020,FDK,MD,AEA,EN,Federal Contract Tower,0,0,11,2,13,0,0,25,0,25,0,0,36,2,38,153,0,153,191
06/20/2020,FDK,MD,AEA,EN,Federal Contract Tower,0,2,15,0,17,0,0,9,0,9,0,2,24,0,26,102,0,102,128
06/21/2020,FDK,MD,AEA,EN,Federal Contract Tower,0,3,11,0,14,0,0,61,0,61,0,3,72,0,75,156,0,156,231
06/22/2020,FDK,MD,AEA,EN,Federal Contract Tower,0,0,8,0,8,0,0,73,0,73,0,0,81,0,81,150,0,150,231
06/23/2020,FDK,MD,AEA,EN,Federal Contract Tower,0,4,14,0,18,0,3,27,0,30,0,7,41,0,48,117,2,119,167
06/24/2020,FDK,MD,AEA,EN,Federal Contract Tower,0,1,16,2,19,0,7,132,4,143,0,8,148,6,162,233,4,237,399
06/25/2020,FDK,MD,AEA,EN,Federal Contract Tower,0,2,6,0,8,0,0,104,1,105,0,2,110,1,113,338,0,338,451
06/26/2020,FDK,MD,AEA,EN,Federal Contract Tower,0,0,15,0,15,0,8,140,0,148,0,8,155,0,163,285,0,285,448
06/27/2020,FDK,MD,AEA,EN,Federal Contract Tower,0,5,1,0,6,0,10,76,1,87,0,15,77,1,93,49,0,49,142
06/28/2020,FDK,MD,AEA,EN,Federal Contract Tower,0,4,11,0,15,0,0,87,0,87,0,4,98,0,102,186,0,186,288
06/29/2020,FDK,MD,AEA,EN,Federal Contract Tower,0,1,17,0,18,0,5,121,0,126,0,6,138,0,144,208,0,208,352
06/30/2020,FDK,MD,AEA,EN,Federal Contract Tower,0,4,0,0,4,0,7,133,3,143,0,11,133,3,147,306,10,316,463
07/01/2020,FDK,MD,AEA,EN,Federal Contract Tower,0,4,12,2,18,0,4,112,2,118,0,8,124,4,136,320,0,320,456
07/02/2020,FDK,MD,AEA,EN,Federal Contract Tower,0,3,15,0,18,0,8,125,0,133,0,11,140,0,151,395,0,395,546
07/03/2020,FDK,MD,AEA,EN,Federal Contract Tower,0,3,8,0,11,0,2,142,1,145,0,5,150,1,156,207,0,207,363
07/04/2020,FDK,MD,AEA,EN,Federal Contract Tower,0,3,6,0,9,0,4,100,0,104,0,7,106,0,113,92,0,92,205
07/05/2020,FDK,MD,AEA,EN,Federal Contract Tower,0,2,15,0,17,0,1,61,2,64,0,3,76,2,81,160,0,160,241
07/06/2020,FDK,MD,AEA,EN,Federal Contract Tower,0,1,9,0,10,0,2,88,0,90,0,3,97,0,100,208,0,208,308
07/07/2020,FDK,MD,AEA,EN,Federal Contract Tower,0,2,17,1,20,0,4,47,1,52,0,6,64,2,72,234,2,236,308
07/08/2020,FDK,MD,AEA,EN,Federal Contract Tower,0,5,20,2,27,0,0,109,2,111,0,5,129,4,138,256,0,256,394
07/09/2020,FDK,MD,AEA,EN,Federal Contract Tower,0,8,19,0,27,0,4,122,4,130,0,12,141,4,157,258,0,258,415
07/10/2020,FDK,MD,AEA,EN,Federal Contract Tower,0,5,14,0,19,0,4,51,0,55,0,9,65,0,74,240,0,240,314
07/11/2020,FDK,MD,AEA,EN,Federal Contract Tower,0,1,14,0,15,0,3,106,1,110,0,4,120,1,125,126,0,126,251
07/12/2020,FDK,MD,AEA,EN,Federal Contract Tower,0,2,8,0,10,0,0,108,0,108,0,2,116,0,118,149,0,149,267
07/13/2020,FDK,MD,AEA,EN,Federal Contract Tower,0,2,5,0,7,0,0,109,0,109,0,2,114,0,116,176,2,178,294
07/14/2020,FDK,MD,AEA,EN,Federal Contract Tower,0,0,9,0,9,0,3,139,0,142,0,3,148,0,151,320,6,326,477
07/15/2020,FDK,MD,AEA,EN,Federal Contract Tower,0,0,12,4,16,0,1,154,3,158,0,1,166,7,174,281,0,281,455
07/16/2020,FDK,MD,AEA,EN,Federal Contract Tower,0,15,11,0,26,0,6,79,0,85,0,21,90,0,111,287,0,287,398
07/17/2020,FDK,MD,AEA,EN,Federal Contract Tower,0,1,14,0,15,0,2,75,1,78,0,3,89,1,93,281,2,283,376
07/18/2020,FDK,MD,AEA,EN,Federal Contract Tower,0,7,11,0,18,0,3,152,0,155,0,10,163,0,173,150,0,150,323
07/19/2020,FDK,MD,AEA,EN,Federal Contract Tower,0,3,16,0,19,0,2,82,0,84,0,5,98,0,103,158,0,158,261
07/20/2020,FDK,MD,AEA,EN,Federal Contract Tower,0,0,4,0,4,0,2,98,0,100,0,2,102,0,104,144,0,144,248
07/21/2020,FDK,MD,AEA,EN,Federal Contract Tower,0,0,4,0,4,0,0,82,0,82,0,0,86,0,86,254,0,254,340
07/22/2020,FDK,MD,AEA,EN,Federal Contract Tower,0,0,11,0,11,0,0,62,0,62,0,0,73,0,73,178,2,180,253
07/23/2020,FDK,MD,AEA,EN,Federal Contract Tower,0,0,7,0,7,0,8,82,0,90,0,8,89,0,97,199,0,199,296
07/24/2020,FDK,MD,AEA,EN,Federal Contract Tower,0,1,20,0,21,0,0,56,0,56,0,1,76,0,77,198,0,198,275
07/25/2020,FDK,MD,AEA,EN,Federal Contract Tower,0,4,18,0,22,0,2,118,0,120,0,6,136,0,142,333,0,333,475
07/26/2020,FDK,MD,AEA,EN,Federal Contract Tower,0,3,11,0,14,0,4,139,2,145,0,7,150,2,159,193,0,193,352
07/27/2020,FDK,MD,AEA,EN,Federal Contract Tower,0,0,12,0,12,0,3,88,0,91,0,3,100,0,103,223,0,223,326
07/28/2020,FDK,MD,AEA,EN,Federal Contract Tower,0,2,7,1,10,0,2,104,0,106,0,4,111,1,116,248,0,248,364
07/29/2020,FDK,MD,AEA,EN,Federal Contract Tower,0,5,11,0,16,0,4,190,2,196,0,9,201,2,212,284,0,284,496
07/30/2020,FDK,MD,AEA,EN,Federal Contract Tower,0,1,10,0,11,0,8,120,1,129,0,9,130,1,140,365,0,365,505
07/31/2020,FDK,MD,AEA,EN,Federal Contract Tower,0,0,18,0,18,0,0,2,0,2,0,0,20,0,20,0,0,0,20
08/01/2020,FDK,MD,AEA,EN,Federal Contract Tower,0,3,22,0,25,0,4,76,0,80,0,7,98,0,105,153,0,153,258
08/02/2020,FDK,MD,AEA,EN,Federal Contract Tower,0,0,11,0,11,0,2,49,0,51,0,2,60,0,62,147,0,147,209
08/03/2020,FDK,MD,AEA,EN,Federal Contract Tower,0,0,4,0,4,0,2,88,0,90,0,2,92,0,94,164,2,166,260
08/04/2020,FDK,MD,AEA,EN,Federal Contract Tower,0,1,0,2,3,0,0,15,0,15,0,1,15,2,18,43,0,43,61
08/05/2020,FDK,MD,AEA,EN,Federal Contract Tower,0,1,9,0,10,0,6,173,2,181,0,7,182,2,191,322,0,322,513
08/06/2020,FDK,MD,AEA,EN,Federal Contract Tower,0,0,3,0,3,0,4,66,3,73,0,4,69,3,76,199,12,211,287
08/07/2020,FDK,MD,AEA,EN,Federal Contract Tower,0,1,9,0,10,0,0,29,0,29,0,1,38,0,39,156,0,156,195
08/08/2020,FDK,MD,AEA,EN,Federal Contract Tower,0,0,15,0,15,0,1,48,1,50,0,1,63,1,65,273,0,273,338
08/09/2020,FDK,MD,AEA,EN,Federal Contract Tower,0,0,8,0,8,0,7,139,0,146,0,7,147,0,154,214,0,214,368
08/10/2020,FDK,MD,AEA,EN,Federal Contract Tower,0,0,11,0,11,0,7,152,0,159,0,7,163,0,170,316,0,316,486
08/11/2020,FDK,MD,AEA,EN,Federal Contract Tower,0,1,18,0,19,0,15,87,1,103,0,16,105,1,122,205,2,207,329
08/12/2020,FDK,MD,AEA,EN,Federal Contract Tower,1,7,0,0,8,2,101,1,0,104,3,108,1,0,112,143,0,143,255
08/13/2020,FDK,MD,AEA,EN,Federal Contract Tower,0,2,12,0,14,0,0,18,0,18,0,2,30,0,32,155,0,155,187
08/14/2020,FDK,MD,AEA,EN,Federal Contract Tower,0,2,11,0,13,0,4,35,6,45,0,6,46,6,58,230,0,230,288
08/15/2020,FDK,MD,AEA,EN,Federal Contract Tower,0,4,21,0,25,0,2,63,1,66,0,6,84,1,91,89,0,89,180
08/16/2020,FDK,MD,AEA,EN,Federal Contract Tower,0,0,7,0,7,0,1,25,0,26,0,1,32,0,33,87,0,87,120
08/17/2020,FDK,MD,AEA,EN,Federal Contract Tower,0,2,10,0,12,0,1,103,0,104,0,3,113,0,116,206,0,206,322
08/18/2020,FDK,MD,AEA,EN,Federal Contract Tower,0,1,10,0,11,0,4,149,1,154,0,5,159,1,165,197,0,197,362
08/19/2020,FDK,MD,AEA,EN,Federal Contract Tower,0,6,12,0,18,0,5,130,0,135,0,11,142,0,153,229,0,229,382
08/20/2020,FDK,MD,AEA,EN,Federal Contract Tower,0,1,12,1,14,0,1,110,0,111,0,2,122,1,125,286,0,286,411
08/21/2020,FDK,MD,AEA,EN,Federal Contract Tower,0,2,20,0,22,0,5,105,0,110,0,7,125,0,132,266,0,266,398
08/22/2020,FDK,MD,AEA,EN,Federal Contract Tower,0,0,34,0,34,0,0,60,0,60,0,0,94,0,94,122,21,143,237
08/23/2020,FDK,MD,AEA,EN,Federal Contract Tower,0,3,20,0,23,0,0,82,1,83,0,3,102,1,106,184,0,184,290
08/24/2020,FDK,MD,AEA,EN,Federal Contract Tower,0,1,6,1,8,0,3,93,0,96,0,4,99,1,104,248,0,248,352
08/25/2020,FDK,MD,AEA,EN,Federal Contract Tower,0,0,4,0,4,0,2,76,0,78,0,2,80,0,82,205,0,205,287
08/26/2020,FDK,MD,AEA,EN,Federal Contract Tower,0,2,25,0,27,0,6,193,0,199,0,8,218,0,226,221,0,221,447
08/27/2020,FDK,MD,AEA,EN,Federal Contract Tower,0,2,5,0,7,0,0,84,4,88,0,2,89,4,95,280,0,280,375
08/28/2020,FDK,MD,AEA,EN,Federal Contract Tower,0,2,11,3,16,0,4,56,0,60,0,6,67,3,76,150,0,150,226
08/29/2020,FDK,MD,AEA,EN,Federal Contract Tower,0,0,9,0,9,0,5,11,0,16,0,5,20,0,25,51,0,51,76
08/30/2020,FDK,MD,AEA,EN,Federal Contract Tower,0,0,16,0,16,0,7,157,0,164,0,7,173,0,180,161,0,161,341
08/31/2020,FDK,MD,AEA,EN,Federal Contract Tower,0,7,15,0,22,0,8,14,0,22,0,15,29,0,44,51,0,51,95
09/01/2020,FDK,MD,AEA,EN,Federal Contract Tower,0,1,37,0,38,0,1,0,0,1,0,2,37,0,39,12,2,14,53
09/02/2020,FDK,MD,AEA,EN,Federal Contract Tower,0,1,20,0,21,0,1,19,2,22,0,2,39,2,43,161,4,165,208
09/03/2020,FDK,MD,AEA,EN,Federal Contract Tower,0,0,5,0,5,0,3,69,5,77,0,3,74,5,82,142,8,150,232
09/04/2020,FDK,MD,AEA,EN,Federal Contract Tower,0,0,12,0,12,0,4,132,0,136,0,4,144,0,148,289,0,289,437
09/05/2020,FDK,MD,AEA,EN,Federal Contract Tower,0,0,10,0,10,0,2,140,1,143,0,2,150,1,153,140,0,140,293
09/06/2020,FDK,MD,AEA,EN,Federal Contract Tower,0,0,9,0,9,0,2,106,3,111,0,2,115,3,120,140,0,140,260
09/07/2020,FDK,MD,AEA,EN,Federal Contract Tower,0,0,13,0,13,0,4,140,1,145,0,4,153,1,158,211,0,211,369
09/08/2020,FDK,MD,AEA,EN,Federal Contract Tower,0,5,7,0,12,0,1,141,2,144,0,6,148,2,156,259,4,263,419
09/09/2020,FDK,MD,AEA,EN,Federal Contract Tower,0,2,23,2,27,0,7,36,0,43,0,9,59,2,70,188,0,188,258
09/10/2020,FDK,MD,AEA,EN,Federal Contract Tower,0,1,18,2,21,0,1,1,0,2,0,2,19,2,23,0,0,0,23
09/11/2020,FDK,MD,AEA,EN,Federal Contract Tower,0,1,29,2,32,0,4,65,1,70,0,5,94,3,102,275,0,275,377
09/12/2020,FDK,MD,AEA,EN,Federal Contract Tower,0,0,27,0,27,0,0,40,0,40,0,0,67,0,67,138,0,138,205
09/13/2020,FDK,MD,AEA,EN,Federal Contract Tower,0,0,6,0,6,0,3,125,0,128,0,3,131,0,134,168,0,168,302
09/14/2020,FDK,MD,AEA,EN,Federal Contract Tower,0,2,12,0,14,0,1,111,2,114,0,3,123,2,128,113,0,113,241
09/15/2020,FDK,MD,AEA,EN,Federal Contract Tower,0,0,9,0,9,0,3,149,0,152,0,3,158,0,161,225,0,225,386
09/16/2020,FDK,MD,AEA,EN,Federal Contract Tower,0,0,16,0,16,0,5,153,8,166,0,5,169,8,182,150,6,156,338
09/17/2020,FDK,MD,AEA,EN,Federal Contract Tower,0,1,21,0,22,0,1,51,0,52,0,2,72,0,74,150,0,150,224
09/18/2020,FDK,MD,AEA,EN,Federal Contract Tower,0,3,17,0,20,0,5,43,0,48,0,8,60,0,68,130,0,130,198
09/19/2020,FDK,MD,AEA,EN,Federal Contract Tower,0,0,17,0,17,0,3,106,3,112,0,3,123,3,129,131,10,141,270
09/20/2020,FDK,MD,AEA,EN,Federal Contract Tower,0,0,22,0,22,0,2,135,0,137,0,2,157,0,159,98,0,98,257
09/21/2020,FDK,MD,AEA,EN,Federal Contract Tower,0,1,15,0,16,0,0,157,0,157,0,1,172,0,173,184,0,184,357
09/22/2020,FDK,MD,AEA,EN,Federal Contract Tower,0,0,10,0,10,0,2,107,0,109,0,2,117,0,119,150,1,151,270
09/23/2020,FDK,MD,AEA,EN,Federal Contract Tower,0,1,28,0,29,0,5,138,1,144,0,6,166,1,173,180,0,180,353
09/24/2020,FDK,MD,AEA,EN,Federal Contract Tower,0,3,15,0,18,0,2,172,2,176,0,5,187,2,194,260,0,260,454
09/25/2020,FDK,MD,AEA,EN,Federal Contract Tower,0,1,24,0,25,0,0,33,0,33,0,1,57,0,58,99,0,99,157
09/26/2020,FDK,MD,AEA,EN,Federal Contract Tower,0,1,18,0,19,0,0,5,0,5,0,1,23,0,24,55,0,55,79
09/27/2020,FDK,MD,AEA,EN,Federal Contract Tower,0,0,31,0,31,0,0,44,0,44,0,0,75,0,75,186,0,186,261
09/28/2020,FDK,MD,AEA,EN,Federal Contract Tower,0,1,25,0,26,0,4,58,0,62,0,5,83,0,88,82,4,86,174
09/29/2020,FDK,MD,AEA,EN,Federal Contract Tower,0,0,13,0,13,0,0,14,0,14,0,0,27,0,27,140,0,140,167
09/30/2020,FDK,MD,AEA,EN,Federal Contract Tower,0,0,12,0,12,0,2,111,2,115,0,2,123,2,127,162,0,162,289
10/01/2020,FDK,MD,AEA,EN,Federal Contract Tower,0,1,15,0,16,0,1,151,1,153,0,2,166,1,169,270,0,270,439
10/02/2020,FDK,MD,AEA,EN,Federal Contract Tower,0,4,15,0,19,0,2,102,4,108,0,6,117,4,127,118,0,118,245
10/03/2020,FDK,MD,AEA,EN,Federal Contract Tower,0,1,8,0,9,0,1,194,0,195,0,2,202,0,204,150,0,150,354
10/04/2020,FDK,MD,AEA,EN,Federal Contract Tower,0,5,19,0,24,0,0,103,0,103,0,5,122,0,127,145,0,145,272
10/05/2020,FDK,MD,AEA,EN,Federal Contract Tower,0,1,19,0,20,0,0,74,0,74,0,1,93,0,94,88,0,88,182
10/06/2020,FDK,MD,AEA,EN,Federal Contract Tower,0,0,17,0,17,0,2,77,0,79,0,2,94,0,96,202,0,202,298
10/07/2020,FDK,MD,AEA,EN,Federal Contract Tower,0,7,12,0,19,0,4,45,0,49,0,11,57,0,68,54,0,54,122
10/08/2020,FDK,MD,AEA,EN,Federal Contract Tower,0,1,11,0,12,0,7,116,0,123,0,8,127,0,135,149,0,149,284
10/09/2020,FDK,MD,AEA,EN,Federal Contract Tower,0,0,14,0,14,0,0,111,0,111,0,0,125,0,125,212,0,212,337
10/10/2020,FDK,MD,AEA,EN,Federal Contract Tower,0,3,20,0,23,0,1,104,0,105,0,4,124,0,128,273,0,273,401
10/11/2020,FDK,MD,AEA,EN,Federal Contract Tower,0,1,16,0,17,0,0,11,0,11,0,1,27,0,28,49,0,49,77
10/12/2020,FDK,MD,AEA,EN,Federal Contract Tower,0,4,9,0,13,0,0,0,0,0,0,4,9,0,13,0,0,0,13
10/13/2020,FDK,MD,AEA,EN,Federal Contract Tower,0,0,16,0,16,0,0,14,2,16,0,0,30,2,32,83,0,83,115
10/14/2020,FDK,MD,AEA,EN,Federal Contract Tower,0,0,17,0,17,0,7,127,2,136,0,7,144,2,153,190,0,190,343
10/15/2020,FDK,MD,AEA,EN,Federal Contract Tower,0,5,10,0,15,0,3,102,2,107,0,8,112,2,122,183,0,183,305
10/16/2020,FDK,MD,AEA,EN,Federal Contract Tower,0,0,17,0,17,0,3,49,0,52,0,3,66,0,69,129,0,129,198
10/17/2020,FDK,MD,AEA,EN,Federal Contract Tower,0,0,9,0,9,0,2,146,0,148,0,2,155,0,157,202,0,202,359
10/18/2020,FDK,MD,AEA,EN,Federal Contract Tower,0,3,10,0,13,0,5,94,2,101,0,8,104,2,114,232,0,232,346
10/19/2020,FDK,MD,AEA,EN,Federal Contract Tower,0,1,34,0,35,0,4,36,6,46,0,5,70,6,81,68,0,68,149
10/20/2020,FDK,MD,AEA,EN,Federal Contract Tower,0,2,12,2,16,0,6,78,0,84,0,8,90,2,100,264,0,264,364
10/21/2020,FDK,MD,AEA,EN,Federal Contract Tower,0,5,27,4,36,0,0,78,6,84,0,5,105,10,120,195,0,195,315
10/22/2020,FDK,MD,AEA,EN,Federal Contract Tower,0,2,11,1,14,0,0,89,2,91,0,2,100,3,105,169,0,169,274
10/23/2020,FDK,MD,AEA,EN,Federal Contract Tower,0,2,16,0,18,0,1,99,0,100,0,3,115,0,118,172,0,172,290
10/24/2020,FDK,MD,AEA,EN,Federal Contract Tower,0,4,21,1,26,0,0,75,0,75,0,4,96,1,101,228,0,228,329
10/25/2020,FDK,MD,AEA,EN,Federal Contract Tower,0,0,26,0,26,0,0,17,0,17,0,0,43,0,43,40,0,40,83
10/26/2020,FDK,MD,AEA,EN,Federal Contract Tower,0,0,26,0,26,0,2,0,0,2,0,2,26,0,28,0,0,0,28
10/27/2020,FDK,MD,AEA,EN,Federal Contract Tower,0,0,29,2,31,0,4,54,2,60,0,4,83,4,91,246,0,246,337
10/28/2020,FDK,MD,AEA,EN,Federal Contract Tower,0,1,32,0,33,0,9,43,0,52,0,10,75,0,85,103,0,103,188
10/29/2020,FDK,MD,AEA,EN,Federal Contract Tower,0,1,2,0,3,0,0,0,0,0,0,1,2,0,3,0,0,0,3
10/31/2020,FDK,MD,AEA,EN,Federal Contract Tower,0,1,24,0,25,0,2,160,3,165,0,3,184,3,190,229,4,233,423
11/01/2020,FDK,MD,AEA,EN,Federal Contract Tower,0,1,17,0,18,0,0,1,0,1,0,1,18,0,19,0,0,0,19
11/02/2020,FDK,MD,AEA,EN,Federal Contract Tower,0,2,1,2,5,0,2,13,4,19,0,4,14,6,24,10,0,10,34
11/03/2020,FDK,MD,AEA,EN,Federal Contract Tower,0,3,2,6,11,0,2,53,3,58,0,5,55,9,69,104,0,104,173
11/04/2020,FDK,MD,AEA,EN,Federal Contract Tower,0,3,14,1,18,0,9,134,3,146,0,12,148,4,164,181,0,181,345
11/05/2020,FDK,MD,AEA,EN,Federal Contract Tower,0,2,18,0,20,0,4,146,0,150,0,6,164,0,170,266,0,266,436
11/06/2020,FDK,MD,AEA,EN,Federal Contract Tower,0,0,15,2,17,0,2,116,0,118,0,2,131,2,135,223,0,223,358
11/07/2020,FDK,MD,AEA,EN,Federal Contract Tower,0,1,12,0,13,0,2,178,1,181,0,3,190,1,194,289,0,289,483
11/08/2020,FDK,MD,AEA,EN,Federal Contract Tower,0,0,13,0,13,0,2,133,0,135,0,2,146,0,148,211,0,211,359
11/09/2020,FDK,MD,AEA,EN,Federal Contract Tower,0,2,12,0,14,0,2,95,2,99,0,4,107,2,113,262,0,262,375
11/10/2020,FDK,MD,AEA,EN,Federal Contract Tower,0,0,16,1,17,0,5,88,0,93,0,5,104,1,110,253,0,253,363
11/11/2020,FDK,MD,AEA,EN,Federal Contract Tower,0,4,24,0,28,0,0,0,0,0,0,4,24,0,28,0,0,0,28
11/12/2020,FDK,MD,AEA,EN,Federal Contract Tower,0,2,24,0,26,0,2,20,0,22,0,4,44,0,48,91,0,91,139
11/13/2020,FDK,MD,AEA,EN,Federal Contract Tower,0,0,10,0,10,0,2,129,0,131,0,2,139,0,141,206,0,206,347
11/14/2020,FDK,MD,AEA,EN,Federal Contract Tower,0,0,13,0,13,0,6,142,0,148,0,6,155,0,161,294,0,294,455
11/15/2020,FDK,MD,AEA,EN,Federal Contract Tower,0,0,6,0,6,0,0,3,0,3,0,0,9,0,9,10,0,10,19
11/16/2020,FDK,MD,AEA,EN,Federal Contract Tower,0,0,11,0,11,0,6,33,0,39,0,6,44,0,50,78,0,78,128
11/17/2020,FDK,MD,AEA,EN,Federal Contract Tower,0,3,10,0,13,0,3,34,0,37,0,6,44,0,50,45,0,45,95
11/18/2020,FDK,MD,AEA,EN,Federal Contract Tower,0,2,15,0,17,0,3,50,2,55,0,5,65,2,72,100,0,100,172
11/19/2020,FDK,MD,AEA,EN,Federal Contract Tower,0,6,19,0,25,0,0,111,1,112,0,6,130,1,137,181,0,181,318
11/20/2020,FDK,MD,AEA,EN,Federal Contract Tower,0,3,14,0,17,0,7,144,2,153,0,10,158,2,170,242,0,242,412
11/21/2020,FDK,MD,AEA,EN,Federal Contract Tower,0,0,23,0,23,0,4,146,0,150,0,4,169,0,173,235,0,235,408
11/22/2020,FDK,MD,AEA,EN,Federal Contract Tower,0,1,15,0,16,0,0,52,2,54,0,1,67,2,70,218,0,218,288
11/23/2020,FDK,MD,AEA,EN,Federal Contract Tower,0,5,2,3,10,0,9,9,1,19,0,14,11,4,29,6,0,6,35
11/24/2020,FDK,MD,AEA,EN,Federal Contract Tower,0,0,21,0,21,0,5,132,0,137,0,5,153,0,158,325,0,325,483
11/25/2020,FDK,MD,AEA,EN,Federal Contract Tower,0,2,16,0,18,0,3,105,2,110,0,5,121,2,128,154,0,154,282
11/26/2020,FDK,MD,AEA,EN,Federal Contract Tower,0,0,3,0,3,0,2,27,0,29,0,2,30,0,32,24,0,24,56
11/27/2020,FDK,MD,AEA,EN,Federal Contract Tower,0,2,13,0,15,0,4,125,0,129,0,6,138,0,144,251,0,251,395
11/28/2020,FDK,MD,AEA,EN,Federal Contract Tower,0,3,7,0,10,0,1,76,0,77,0,4,83,0,87,108,0,108,195
11/29/2020,FDK,MD,AEA,EN,Federal Contract Tower,0,1,18,0,19,0,11,132,0,143,0,12,150,0,162,170,0,170,332
11/30/2020,FDK,MD,AEA,EN,Federal Contract Tower,0,0,5,0,5,0,0,9,0,9,0,0,14,0,14,11,0,11,25
12/01/2020,FDK,MD,AEA,EN,Federal Contract Tower,0,4,2,0,6,0,0,18,0,18,0,4,20,0,24,51,0,51,75
12/02/2020,FDK,MD,AEA,EN,Federal Contract Tower,0,4,20,2,26,0,5,65,4,74,0,9,85,6,100,76,6,82,182
12/03/2020,FDK,MD,AEA,EN,Federal Contract Tower,0,0,15,0,15,0,2,137,3,142,0,2,152,3,157,289,0,289,446
12/04/2020,FDK,MD,AEA,EN,Federal Contract Tower,0,0,9,0,9,0,5,17,0,22,0,5,26,0,31,102,0,102,133
12/05/2020,FDK,MD,AEA,EN,Federal Contract Tower,0,0,1,0,1,0,0,7,0,7,0,0,8,0,8,34,0,34,42
12/06/2020,FDK,MD,AEA,EN,Federal Contract Tower,0,2,17,0,19,0,1,90,0,91,0,3,107,0,110,77,0,77,187
12/07/2020,FDK,MD,AEA,EN,Federal Contract Tower,0,0,2,0,2,0,4,94,0,98,0,4,96,0,100,207,0,207,307
12/08/2020,FDK,MD,AEA,EN,Federal Contract Tower,0,0,6,0,6,0,2,43,2,47,0,2,49,2,53,53,0,53,106
12/09/2020,FDK,MD,AEA,EN,Federal Contract Tower,0,2,9,0,11,0,9,109,2,120,0,11,118,2,131,209,0,209,340
12/10/2020,FDK,MD,AEA,EN,Federal Contract Tower,0,0,6,0,6,0,3,131,2,136,0,3,137,2,142,327,0,327,469
12/11/2020,FDK,MD,AEA,EN,Federal Contract Tower,0,0,9,0,9,0,2,162,0,164,0,2,171,0,173,281,0,281,454
12/12/2020,FDK,MD,AEA,EN,Federal Contract Tower,0,0,16,0,16,0,2,39,0,41,0,2,55,0,57,47,0,47,104
12/13/2020,FDK,MD,AEA,EN,Federal Contract Tower,0,0,10,0,10,0,1,114,0,115,0,1,124,0,125,251,0,251,376
12/14/2020,FDK,MD,AEA,EN,Federal Contract Tower,0,1,1,0,2,0,1,8,0,9,0,2,9,0,11,46,0,46,57
12/15/2020,FDK,MD,AEA,EN,Federal Contract Tower,0,0,7,0,7,0,2,148,0,150,0,2,155,0,157,233,0,233,390
12/16/2020,FDK,MD,AEA,EN,Federal Contract Tower,0,1,0,0,1,0,3,0,0,3,0,4,0,0,4,10,0,10,14
12/17/2020,FDK,MD,AEA,EN,Federal Contract Tower,0,0,0,0,0,0,4,17,0,21,0,4,17,0,21,14,0,14,35
12/18/2020,FDK,MD,AEA,EN,Federal Contract Tower,0,0,8,0,8,0,0,33,0,33,0,0,41,0,41,274,0,274,315
12/19/2020,FDK,MD,AEA,EN,Federal Contract Tower,0,2,8,0,10,0,0,132,0,132,0,2,140,0,142,269,0,269,411
12/20/2020,FDK,MD,AEA,EN,Federal Contract Tower,0,0,7,0,7,0,0,21,0,21,0,0,28,0,28,112,0,112,140
12/21/2020,FDK,MD,AEA,EN,Federal Contract Tower,0,0,4,0,4,0,0,6,0,6,0,0,10,0,10,4,0,4,14
12/22/2020,FDK,MD,AEA,EN,Federal Contract Tower,0,0,4,0,4,0,0,41,0,41,0,0,45,0,45,90,0,90,135
12/23/2020,FDK,MD,AEA,EN,Federal Contract Tower,0,0,12,0,12,0,0,137,7,144,0,0,149,7,156,130,0,130,286
12/24/2020,FDK,MD,AEA,EN,Federal Contract Tower,0,2,2,0,4,0,0,0,0,0,0,2,2,0,4,0,0,0,4
12/25/2020,FDK,MD,AEA,EN,Federal Contract Tower,0,0,0,0,0,0,0,3,0,3,0,0,3,0,3,0,0,0,3
12/26/2020,FDK,MD,AEA,EN,Federal Contract Tower,0,0,11,0,11,0,7,78,0,85,0,7,89,0,96,102,6,108,204
12/27/2020,FDK,MD,AEA,EN,Federal Contract Tower,0,0,10,0,10,0,0,159,0,159,0,0,169,0,169,214,0,214,383
12/28/2020,FDK,MD,AEA,EN,Federal Contract Tower,0,1,13,0,14,0,15,124,0,139,0,16,137,0,153,294,0,294,447
12/29/2020,FDK,MD,AEA,EN,Federal Contract Tower,0,2,8,0,10,0,3,69,2,74,0,5,77,2,84,107,0,107,191
12/30/2020,FDK,MD,AEA,EN,Federal Contract Tower,0,4,19,0,23,0,1,95,2,98,0,5,114,2,121,216,6,222,343
12/31/2020,FDK,MD,AEA,EN,Federal Contract Tower,0,0,5,0,5,0,2,34,0,36,0,2,39,0,41,163,0,163,204
01/01/2021,FDK,MD,AEA,EN,Federal Contract Tower,0,0,0,0,0,0,0,3,0,3,0,0,3,0,3,46,0,46,49
01/02/2021,FDK,MD,AEA,EN,Federal Contract Tower,0,5,6,0,11,0,8,88,0,96,0,13,94,0,107,173,0,173,280
01/03/2021,FDK,MD,AEA,EN,Federal Contract Tower,0,1,5,0,6,0,0,0,0,0,0,1,5,0,6,0,0,0,6
01/04/2021,FDK,MD,AEA,EN,Federal Contract Tower,0,0,12,0,12,0,0,86,0,86,0,0,98,0,98,233,0,233,331
01/05/2021,FDK,MD,AEA,EN,Federal Contract Tower,0,1,3,0,4,0,1,8,0,9,0,2,11,0,13,33,0,33,46
01/06/2021,FDK,MD,AEA,EN,Federal Contract Tower,0,3,8,0,11,0,3,47,2,52,0,6,55,2,63,156,0,156,219
01/07/2021,FDK,MD,AEA,EN,Federal Contract Tower,0,3,6,2,11,0,1,107,2,110,0,4,113,4,121,184,0,184,305
01/08/2021,FDK,MD,AEA,EN,Federal Contract Tower,0,1,2,0,3,0,2,106,4,112,0,3,108,4,115,255,2,257,372
01/09/2021,FDK,MD,AEA,EN,Federal Contract Tower,0,0,7,0,7,0,0,91,0,91,0,0,98,0,98,71,0,71,169
01/10/2021,FDK,MD,AEA,EN,Federal Contract Tower,0,0,15,0,15,0,1,119,0,120,0,1,134,0,135,168,0,168,303
01/11/2021,FDK,MD,AEA,EN,Federal Contract Tower,0,2,4,0,6,0,1,110,0,111,0,3,114,0,117,175,0,175,292
01/12/2021,FDK,MD,AEA,EN,Federal Contract Tower,0,2,11,2,15,0,0,76,2,78,0,2,87,4,93,216,0,216,309
01/13/2021,FDK,MD,AEA,EN,Federal Contract Tower,0,3,12,0,15,0,9,88,0,97,0,12,100,0,112,271,0,271,383
01/14/2021,FDK,MD,AEA,EN,Federal Contract Tower,0,1,17,0,18,0,2,120,0,122,0,3,137,0,140,183,0,183,323
01/15/2021,FDK,MD,AEA,EN,Federal Contract Tower,0,0,1,0,1,0,0,39,0,39,0,0,40,0,40,123,0,123,163
01/16/2021,FDK,MD,AEA,EN,Federal Contract Tower,0,1,7,0,8,0,2,139,0,141,0,3,146,0,149,213,0,213,362
01/17/2021,FDK,MD,AEA,EN,Federal Contract Tower,0,0,4,0,4,0,0,79,0,79,0,0,83,0,83,102,0,102,185
01/18/2021,FDK,MD,AEA,EN,Federal Contract Tower,0,0,10,0,10,0,0,53,2,55,0,0,63,2,65,92,0,92,157
01/19/2021,FDK,MD,AEA,EN,Federal Contract Tower,0,0,2,0,2,0,0,74,2,76,0,0,76,2,78,249,0,249,327
01/20/2021,FDK,MD,AEA,EN,Federal Contract Tower,0,2,7,0,9,0,0,7,0,7,0,2,14,0,16,4,0,4,20
01/21/2021,FDK,MD,AEA,EN,Federal Contract Tower,0,3,5,0,8,0,2,90,0,92,0,5,95,0,100,212,0,212,312
01/22/2021,FDK,MD,AEA,EN,Federal Contract Tower,0,0,12,0,12,0,0,56,0,56,0,0,68,0,68,51,0,51,119
01/23/2021,FDK,MD,AEA,EN,Federal Contract Tower,0,6,5,0,11,0,5,7,0,12,0,11,12,0,23,40,0,40,63
01/24/2021,FDK,MD,AEA,EN,Federal Contract Tower,0,0,9,0,9,0,6,165,0,171,0,6,174,0,180,282,0,282,462
01/25/2021,FDK,MD,AEA,EN,Federal Contract Tower,0,2,3,0,5,0,0,20,0,20,0,2,23,0,25,141,0,141,166
01/26/2021,FDK,MD,AEA,EN,Federal Contract Tower,0,0,2,0,2,0,0,0,0,0,0,0,2,0,2,0,0,0,2
01/27/2021,FDK,MD,AEA,EN,Federal Contract Tower,0,0,12,0,12,0,0,88,0,88,0,0,100,0,100,175,3,178,278
01/28/2021,FDK,MD,AEA,EN,Federal Contract Tower,0,6,3,0,9,0,3,20,0,23,0,9,23,0,32,2,0,2,34
01/29/2021,FDK,MD,AEA,EN,Federal Contract Tower,0,1,5,0,6,0,4,4,0,8,0,5,9,0,14,18,0,18,32
01/30/2021,FDK,MD,AEA,EN,Federal Contract Tower,0,1,16,0,17,0,2,213,0,215,0,3,229,0,232,289,0,289,521
01/31/2021,FDK,MD,AEA,EN,Federal Contract Tower,0,0,0,0,0,0,0,0,0,0,0,0,0,0,0,0,0,0,0
02/01/2021,FDK,MD,AEA,EN,Federal Contract Tower,0,0,0,0,0,0,0,0,0,0,0,0,0,0,0,0,0,0,0
02/02/2021,FDK,MD,AEA,EN,Federal Contract Tower,0,2,8,0,10,0,0,0,0,0,0,2,8,0,10,0,0,0,10
02/03/2021,FDK,MD,AEA,EN,Federal Contract Tower,0,0,8,0,8,0,0,17,12,29,0,0,25,12,37,30,0,30,67
02/04/2021,FDK,MD,AEA,EN,Federal Contract Tower,0,2,17,0,19,0,3,159,4,166,0,5,176,4,185,222,0,222,407
02/05/2021,FDK,MD,AEA,EN,Federal Contract Tower,0,0,12,0,12,0,0,79,0,79,0,0,91,0,91,173,0,173,264
02/06/2021,FDK,MD,AEA,EN,Federal Contract Tower,0,0,7,0,7,0,4,76,2,82,0,4,83,2,89,176,0,176,265
02/07/2021,FDK,MD,AEA,EN,Federal Contract Tower,0,0,1,0,1,0,0,5,0,5,0,0,6,0,6,30,0,30,36
02/08/2021,FDK,MD,AEA,EN,Federal Contract Tower,0,3,6,0,9,0,22,118,0,140,0,25,124,0,149,226,10,236,385
02/09/2021,FDK,MD,AEA,EN,Federal Contract Tower,0,0,8,0,8,0,0,80,0,80,0,0,88,0,88,256,0,256,344
02/10/2021,FDK,MD,AEA,EN,Federal Contract Tower,0,1,2,0,3,0,4,69,0,73,0,5,71,0,76,256,0,256,332
02/11/2021,FDK,MD,AEA,EN,Federal Contract Tower,0,0,3,0,3,0,0,0,0,0,0,0,3,0,3,0,0,0,3
02/12/2021,FDK,MD,AEA,EN,Federal Contract Tower,0,0,3,0,3,0,2,9,0,11,0,2,12,0,14,70,0,70,84
02/13/2021,FDK,MD,AEA,EN,Federal Contract Tower,0,1,1,0,2,0,0,2,0,2,0,1,3,0,4,30,0,30,34
02/14/2021,FDK,MD,AEA,EN,Federal Contract Tower,0,0,12,0,12,0,1,11,0,12,0,1,23,0,24,13,0,13,37
02/15/2021,FDK,MD,AEA,EN,Federal Contract Tower,0,0,0,0,0,0,0,0,0,0,0,0,0,0,0,8,0,8,8
02/16/2021,FDK,MD,AEA,EN,Federal Contract Tower,0,0,5,0,5,0,0,17,0,17,0,0,22,0,22,81,0,81,103
02/17/2021,FDK,MD,AEA,EN,Federal Contract Tower,0,3,9,0,12,0,8,169,4,181,0,11,178,4,193,240,14,254,447
02/18/2021,FDK,MD,AEA,EN,Federal Contract Tower,0,0,0,0,0,0,0,0,0,0,0,0,0,0,0,0,0,0,0
02/19/2021,FDK,MD,AEA,EN,Federal Contract Tower,0,0,2,0,2,0,0,3,0,3,0,0,5,0,5,43,0,43,48
02/20/2021,FDK,MD,AEA,EN,Federal Contract Tower,0,0,5,0,5,0,4,44,0,48,0,4,49,0,53,72,0,72,125
02/21/2021,FDK,MD,AEA,EN,Federal Contract Tower,0,1,7,0,8,0,8,152,3,163,0,9,159,3,171,252,0,252,423
02/22/2021,FDK,MD,AEA,EN,Federal Contract Tower,0,0,4,0,4,0,0,0,0,0,0,0,4,0,4,0,0,0,4
02/23/2021,FDK,MD,AEA,EN,Federal Contract Tower,0,0,5,0,5,0,5,37,0,42,0,5,42,0,47,108,0,108,155
02/24/2021,FDK,MD,AEA,EN,Federal Contract Tower,0,0,15,0,15,0,0,125,0,125,0,0,140,0,140,156,0,156,296
02/25/2021,FDK,MD,AEA,EN,Federal Contract Tower,0,0,13,0,13,0,4,131,0,135,0,4,144,0,148,261,0,261,409
02/26/2021,FDK,MD,AEA,EN,Federal Contract Tower,0,3,16,2,21,0,2,145,2,149,0,5,161,4,170,173,6,179,349
02/27/2021,FDK,MD,AEA,EN,Federal Contract Tower,0,0,10,0,10,0,0,47,0,47,0,0,57,0,57,112,0,112,169
02/28/2021,FDK,MD,AEA,EN,Federal Contract Tower,0,0,14,0,14,0,0,0,0,0,0,0,14,0,14,6,0,6,20
03/01/2021,FDK,MD,AEA,EN,Federal Contract Tower,0,4,11,0,15,0,3,10,0,13,0,7,21,0,28,3,0,3,31
03/02/2021,FDK,MD,AEA,EN,Federal Contract Tower,0,1,10,0,11,0,2,110,0,112,0,3,120,0,123,44,0,44,167
03/03/2021,FDK,MD,AEA,EN,Federal Contract Tower,0,4,11,4,19,0,3,127,0,130,0,7,138,4,149,315,0,315,464
03/05/2021,FDK,MD,AEA,EN,Federal Contract Tower,0,1,13,0,14,0,2,44,0,46,0,3,57,0,60,38,0,38,98
03/06/2021,FDK,MD,AEA,EN,Federal Contract Tower,0,1,11,0,12,0,2,126,0,128,0,3,137,0,140,116,0,116,256
03/07/2021,FDK,MD,AEA,EN,Federal Contract Tower,0,3,12,0,15,0,2,135,0,137,0,5,147,0,152,181,0,181,333
03/08/2021,FDK,MD,AEA,EN,Federal Contract Tower,0,9,5,0,14,0,0,130,2,132,0,9,135,2,146,205,0,205,351
03/09/2021,FDK,MD,AEA,EN,Federal Contract Tower,0,0,8,0,8,0,12,119,0,131,0,12,127,0,139,327,0,327,466
03/10/2021,FDK,MD,AEA,EN,Federal Contract Tower,0,0,19,0,19,0,4,146,0,150,0,4,165,0,169,261,0,261,430
03/11/2021,FDK,MD,AEA,EN,Federal Contract Tower,0,3,15,0,18,0,1,130,0,131,0,4,145,0,149,233,0,233,382
03/12/2021,FDK,MD,AEA,EN,Federal Contract Tower,0,1,19,0,20,0,10,51,0,61,0,11,70,0,81,188,0,188,269
03/13/2021,FDK,MD,AEA,EN,Federal Contract Tower,0,4,8,0,12,0,6,157,0,163,0,10,165,0,175,211,0,211,386
03/14/2021,FDK,MD,AEA,EN,Federal Contract Tower,0,0,4,0,4,0,1,51,0,52,0,1,55,0,56,9,0,9,65
03/15/2021,FDK,MD,AEA,EN,Federal Contract Tower,0,0,10,0,10,0,7,87,0,94,0,7,97,0,104,336,0,336,440
03/16/2021,FDK,MD,AEA,EN,Federal Contract Tower,0,0,16,0,16,0,4,10,0,14,0,4,26,0,30,118,0,118,148
03/17/2021,FDK,MD,AEA,EN,Federal Contract Tower,0,2,19,2,23,0,2,6,0,8,0,4,25,2,31,107,2,109,140
03/18/2021,FDK,MD,AEA,EN,Federal Contract Tower,0,0,10,0,10,0,0,0,0,0,0,0,10,0,10,0,0,0,10
03/19/2021,FDK,MD,AEA,EN,Federal Contract Tower,0,0,9,0,9,0,3,10,0,13,0,3,19,0,22,26,0,26,48
03/20/2021,FDK,MD,AEA,EN,Federal Contract Tower,0,1,7,0,8,0,5,181,0,186,0,6,188,0,194,293,0,293,487
03/21/2021,FDK,MD,AEA,EN,Federal Contract Tower,0,1,14,0,15,0,2,160,0,162,0,3,174,0,177,218,0,218,395
03/22/2021,FDK,MD,AEA,EN,Federal Contract Tower,0,2,7,0,9,0,8,123,0,131,0,10,130,0,140,262,0,262,402
03/23/2021,FDK,MD,AEA,EN,Federal Contract Tower,0,2,15,3,20,0,10,89,0,99,0,12,104,3,119,230,1,231,350
03/24/2021,FDK,MD,AEA,EN,Federal Contract Tower,0,2,2,0,4,0,0,0,0,0,0,2,2,0,4,0,0,0,4
03/25/2021,FDK,MD,AEA,EN,Federal Contract Tower,0,1,30,0,31,0,0,2,0,2,0,1,32,0,33,56,0,56,89
03/26/2021,FDK,MD,AEA,EN,Federal Contract Tower,0,2,7,0,9,0,0,13,0,13,0,2,20,0,22,4,0,4,26
03/27/2021,FDK,MD,AEA,EN,Federal Contract Tower,0,0,11,0,11,0,6,152,0,158,0,6,163,0,169,294,0,294,463
03/29/2021,FDK,MD,AEA,EN,Federal Contract Tower,0,0,10,0,10,0,1,70,0,71,0,1,80,0,81,191,0,191,272
03/30/2021,FDK,MD,AEA,EN,Federal Contract Tower,0,4,10,1,15,0,2,113,2,117,0,6,123,3,132,152,0,152,284
03/31/2021,FDK,MD,AEA,EN,Federal Contract Tower,0,2,16,0,18,0,1,2,0,3,0,3,18,0,21,68,0,68,89
04/01/2021,FDK,MD,AEA,EN,Federal Contract Tower,0,1,5,0,6,0,0,23,0,23,0,1,28,0,29,59,0,59,88
04/02/2021,FDK,MD,AEA,EN,Federal Contract Tower,0,0,9,0,9,0,2,31,0,33,0,2,40,0,42,22,0,22,64
04/03/2021,FDK,MD,AEA,EN,Federal Contract Tower,0,0,10,0,10,0,5,155,0,160,0,5,165,0,170,350,0,350,520
04/04/2021,FDK,MD,AEA,EN,Federal Contract Tower,0,0,6,0,6,0,6,89,0,95,0,6,95,0,101,61,0,61,162
04/05/2021,FDK,MD,AEA,EN,Federal Contract Tower,0,2,15,0,17,0,6,105,0,111,0,8,120,0,128,280,0,280,408
04/06/2021,FDK,MD,AEA,EN,Federal Contract Tower,0,3,3,0,6,0,26,132,0,158,0,29,135,0,164,248,0,248,412
04/07/2021,FDK,MD,AEA,EN,Federal Contract Tower,0,2,20,1,23,0,6,127,2,135,0,8,147,3,158,220,4,224,382
04/08/2021,FDK,MD,AEA,EN,Federal Contract Tower,0,2,9,0,11,0,20,77,0,97,0,22,86,0,108,303,0,303,411
04/09/2021,FDK,MD,AEA,EN,Federal Contract Tower,0,1,23,0,24,0,0,0,0,0,0,1,23,0,24,0,0,0,24
04/10/2021,FDK,MD,AEA,EN,Federal Contract Tower,0,0,35,0,35,0,3,13,0,16,0,3,48,0,51,174,0,174,225
04/11/2021,FDK,MD,AEA,EN,Federal Contract Tower,0,2,23,0,25,0,3,43,0,46,0,5,66,0,71,205,0,205,276
04/12/2021,FDK,MD,AEA,EN,Federal Contract Tower,0,3,29,0,32,0,0,8,0,8,0,3,37,0,40,183,0,183,223
04/13/2021,FDK,MD,AEA,EN,Federal Contract Tower,0,0,35,0,35,0,4,54,1,59,0,4,89,1,94,180,2,182,276
04/14/2021,FDK,MD,AEA,EN,Federal Contract Tower,0,5,16,0,21,0,3,27,0,30,0,8,43,0,51,113,0,113,164
04/15/2021,FDK,MD,AEA,EN,Federal Contract Tower,0,7,3,0,10,0,1,74,0,75,0,8,77,0,85,91,0,91,176
04/16/2021,FDK,MD,AEA,EN,Federal Contract Tower,0,2,11,0,13,0,8,50,0,58,0,10,61,0,71,203,0,203,274
04/17/2021,FDK,MD,AEA,EN,Federal Contract Tower,0,0,12,0,12,0,3,168,0,171,0,3,180,0,183,213,0,213,396
04/18/2021,FDK,MD,AEA,EN,Federal Contract Tower,0,0,6,0,6,0,2,160,0,162,0,2,166,0,168,166,5,171,339
04/19/2021,FDK,MD,AEA,EN,Federal Contract Tower,0,2,9,0,11,0,4,104,0,108,0,6,113,0,119,179,0,179,298
04/20/2021,FDK,MD,AEA,EN,Federal Contract Tower,0,4,11,0,15,0,2,133,2,137,0,6,144,2,152,263,0,263,415
04/21/2021,FDK,MD,AEA,EN,Federal Contract Tower,0,0,4,0,4,0,6,15,0,21,0,6,19,0,25,22,0,22,47
04/22/2021,FDK,MD,AEA,EN,Federal Contract Tower,0,3,9,0,12,0,4,20,0,24,0,7,29,0,36,0,0,0,36
04/23/2021,FDK,MD,AEA,EN,Federal Contract Tower,0,0,14,0,14,0,1,108,2,111,0,1,122,2,125,202,9,211,336
04/24/2021,FDK,MD,AEA,EN,Federal Contract Tower,0,1,9,0,10,0,2,153,0,155,0,3,162,0,165,283,0,283,448
04/25/2021,FDK,MD,AEA,EN,Federal Contract Tower,0,1,3,0,4,0,2,21,0,23,0,3,24,0,27,36,0,36,63
04/26/2021,FDK,MD,AEA,EN,Federal Contract Tower,0,0,12,1,13,0,5,110,0,115,0,5,122,1,128,148,0,148,276
04/27/2021,FDK,MD,AEA,EN,Federal Contract Tower,0,2,8,0,10,0,11,142,1,154,0,13,150,1,164,300,1,301,465
04/28/2021,FDK,MD,AEA,EN,Federal Contract Tower,0,1,9,0,10,0,8,121,0,129,0,9,130,0,139,189,0,189,328
04/30/2021,FDK,MD,AEA,EN,Federal Contract Tower,0,1,3,0,4,0,2,0,0,2,0,3,3,0,6,0,0,0,6
05/01/2021,FDK,MD,AEA,EN,Federal Contract Tower,0,1,5,0,6,0,2,98,0,100,0,3,103,0,106,164,0,164,270
05/02/2021,FDK,MD,AEA,EN,Federal Contract Tower,0,2,13,0,15,0,0,94,1,95,0,2,107,1,110,185,0,185,295
05/03/2021,FDK,MD,AEA,EN,Federal Contract Tower,0,3,8,0,11,0,6,16,0,22,0,9,24,0,33,182,0,182,215
05/04/2021,FDK,MD,AEA,EN,Federal Contract Tower,0,3,14,0,17,0,4,78,0,82,0,7,92,0,99,325,0,325,424
05/05/2021,FDK,MD,AEA,EN,Federal Contract Tower,0,4,16,0,20,0,0,22,0,22,0,4,38,0,42,94,0,94,136
05/06/2021,FDK,MD,AEA,EN,Federal Contract Tower,0,0,7,0,7,0,9,171,0,180,0,9,178,0,187,387,0,387,574
05/07/2021,FDK,MD,AEA,EN,Federal Contract Tower,0,4,12,0,16,0,2,56,0,58,0,6,68,0,74,156,0,156,230
05/08/2021,FDK,MD,AEA,EN,Federal Contract Tower,0,0,5,0,5,0,1,9,0,10,0,1,14,0,15,94,0,94,109
05/09/2021,FDK,MD,AEA,EN,Federal Contract Tower,0,0,9,0,9,0,3,56,1,60,0,3,65,1,69,197,0,197,266
05/10/2021,FDK,MD,AEA,EN,Federal Contract Tower,0,0,7,0,7,0,8,66,0,74,0,8,73,0,81,200,0,200,281
05/11/2021,FDK,MD,AEA,EN,Federal Contract Tower,0,1,15,0,16,0,3,104,0,107,0,4,119,0,123,241,0,241,364
05/12/2021,FDK,MD,AEA,EN,Federal Contract Tower,0,0,20,2,22,0,9,118,0,127,0,9,138,2,149,200,0,200,349
05/13/2021,FDK,MD,AEA,EN,Federal Contract Tower,0,1,15,0,16,0,4,113,1,118,0,5,128,1,134,271,0,271,405
05/14/2021,FDK,MD,AEA,EN,Federal Contract Tower,0,0,14,2,16,0,5,121,0,126,0,5,135,2,142,219,0,219,361
05/15/2021,FDK,MD,AEA,EN,Federal Contract Tower,0,0,11,0,11,0,2,180,0,182,0,2,191,0,193,299,0,299,492
05/16/2021,FDK,MD,AEA,EN,Federal Contract Tower,0,3,10,0,13,0,2,59,1,62,0,5,69,1,75,204,0,204,279
05/17/2021,FDK,MD,AEA,EN,Federal Contract Tower,0,1,7,0,8,0,3,96,0,99,0,4,103,0,107,208,0,208,315
05/18/2021,FDK,MD,AEA,EN,Federal Contract Tower,0,2,16,2,20,0,8,118,0,126,0,10,134,2,146,245,0,245,391
05/19/2021,FDK,MD,AEA,EN,Federal Contract Tower,0,4,15,2,21,0,2,129,1,132,0,6,144,3,153,275,0,275,428
05/20/2021,FDK,MD,AEA,EN,Federal Contract Tower,0,4,11,0,15,0,2,117,0,119,0,6,128,0,134,258,0,258,392
05/21/2021,FDK,MD,AEA,EN,Federal Contract Tower,0,0,8,0,8,0,1,89,0,90,0,1,97,0,98,214,0,214,312
05/22/2021,FDK,MD,AEA,EN,Federal Contract Tower,0,6,3,0,9,0,3,129,0,132,0,9,132,0,141,218,0,218,359
05/23/2021,FDK,MD,AEA,EN,Federal Contract Tower,0,5,10,0,15,0,6,84,1,91,0,11,94,1,106,95,0,95,201
05/24/2021,FDK,MD,AEA,EN,Federal Contract Tower,0,7,19,0,26,0,0,0,0,0,0,7,19,0,26,18,0,18,44
05/25/2021,FDK,MD,AEA,EN,Federal Contract Tower,0,7,33,0,40,0,6,50,0,56,0,13,83,0,96,215,0,215,311
05/26/2021,FDK,MD,AEA,EN,Federal Contract Tower,0,1,13,0,14,0,0,69,0,69,0,1,82,0,83,232,0,232,315
05/27/2021,FDK,MD,AEA,EN,Federal Contract Tower,0,2,11,0,13,0,0,175,0,175,0,2,186,0,188,199,0,199,387
05/28/2021,FDK,MD,AEA,EN,Federal Contract Tower,0,3,19,0,22,0,2,53,0,55,0,5,72,0,77,136,0,136,213
05/29/2021,FDK,MD,AEA,EN,Federal Contract Tower,0,2,11,0,13,0,0,0,0,0,0,2,11,0,13,0,0,0,13
05/30/2021,FDK,MD,AEA,EN,Federal Contract Tower,0,1,29,0,30,0,0,10,0,10,0,1,39,0,40,122,0,122,162
05/31/2021,FDK,MD,AEA,EN,Federal Contract Tower,0,5,7,0,12,0,2,140,2,144,0,7,147,2,156,130,0,130,286
06/01/2021,FDK,MD,AEA,EN,Federal Contract Tower,0,3,7,2,12,0,0,105,0,105,0,3,112,2,117,244,0,244,361
06/02/2021,FDK,MD,AEA,EN,Federal Contract Tower,0,3,13,2,18,0,0,124,0,124,0,3,137,2,142,260,0,260,402
06/03/2021,FDK,MD,AEA,EN,Federal Contract Tower,0,0,14,0,14,0,0,5,0,5,0,0,19,0,19,60,0,60,79
06/04/2021,FDK,MD,AEA,EN,Federal Contract Tower,0,1,19,0,20,0,0,53,0,53,0,1,72,0,73,243,0,243,316
06/05/2021,FDK,MD,AEA,EN,Federal Contract Tower,0,0,15,0,15,0,2,115,0,117,0,2,130,0,132,202,0,202,334
06/06/2021,FDK,MD,AEA,EN,Federal Contract Tower,0,0,13,0,13,0,2,124,0,126,0,2,137,0,139,260,0,260,399
06/07/2021,FDK,MD,AEA,EN,Federal Contract Tower,0,0,7,0,7,0,2,85,0,87,0,2,92,0,94,263,0,263,357
06/08/2021,FDK,MD,AEA,EN,Federal Contract Tower,0,0,9,0,9,0,1,87,0,88,0,1,96,0,97,332,0,332,429
06/09/2021,FDK,MD,AEA,EN,Federal Contract Tower,0,4,10,1,15,0,7,83,0,90,0,11,93,1,105,199,0,199,304
06/10/2021,FDK,MD,AEA,EN,Federal Contract Tower,0,1,8,0,9,0,2,48,0,50,0,3,56,0,59,216,0,216,275
06/11/2021,FDK,MD,AEA,EN,Federal Contract Tower,0,3,8,0,11,0,0,0,0,0,0,3,8,0,11,0,0,0,11
06/12/2021,FDK,MD,AEA,EN,Federal Contract Tower,0,1,28,0,29,0,3,34,0,37,0,4,62,0,66,238,0,238,304
06/13/2021,FDK,MD,AEA,EN,Federal Contract Tower,0,0,8,0,8,0,4,28,0,32,0,4,36,0,40,189,0,189,229
06/14/2021,FDK,MD,AEA,EN,Federal Contract Tower,0,5,16,0,21,0,1,96,0,97,0,6,112,0,118,244,0,244,362
06/15/2021,FDK,MD,AEA,EN,Federal Contract Tower,0,0,8,0,8,0,6,109,0,115,0,6,117,0,123,139,0,139,262
06/16/2021,FDK,MD,AEA,EN,Federal Contract Tower,0,4,14,0,18,0,2,161,1,164,0,6,175,1,182,268,16,284,466
06/17/2021,FDK,MD,AEA,EN,Federal Contract Tower,0,0,13,0,13,0,2,111,0,113,0,2,124,0,126,254,0,254,380
06/18/2021,FDK,MD,AEA,EN,Federal Contract Tower,0,3,9,1,13,0,2,154,0,156,0,5,163,1,169,217,0,217,386
06/19/2021,FDK,MD,AEA,EN,Federal Contract Tower,0,2,14,0,16,0,5,114,0,119,0,7,128,0,135,96,0,96,231
06/20/2021,FDK,MD,AEA,EN,Federal Contract Tower,0,3,10,0,13,0,0,171,0,171,0,3,181,0,184,162,0,162,346
06/21/2021,FDK,MD,AEA,EN,Federal Contract Tower,0,0,19,0,19,0,0,54,0,54,0,0,73,0,73,96,0,96,169
06/22/2021,FDK,MD,AEA,EN,Federal Contract Tower,0,5,14,0,19,0,13,16,0,29,0,18,30,0,48,14,2,16,64
06/23/2021,FDK,MD,AEA,EN,Federal Contract Tower,0,3,19,0,22,0,4,206,0,210,0,7,225,0,232,268,0,268,500
06/24/2021,FDK,MD,AEA,EN,Federal Contract Tower,0,0,17,0,17,0,2,132,2,136,0,2,149,2,153,207,0,207,360
06/25/2021,FDK,MD,AEA,EN,Federal Contract Tower,0,4,7,0,11,0,0,95,0,95,0,4,102,0,106,179,0,179,285
06/26/2021,FDK,MD,AEA,EN,Federal Contract Tower,0,4,16,0,20,0,4,51,0,55,0,8,67,0,75,214,0,214,289
06/27/2021,FDK,MD,AEA,EN,Federal Contract Tower,0,5,30,0,35,0,5,57,0,62,0,10,87,0,97,120,0,120,217
06/28/2021,FDK,MD,AEA,EN,Federal Contract Tower,0,1,9,0,10,0,7,104,0,111,0,8,113,0,121,118,0,118,239
06/29/2021,FDK,MD,AEA,EN,Federal Contract Tower,0,4,15,0,19,0,1,103,0,104,0,5,118,0,123,237,0,237,360
06/30/2021,FDK,MD,AEA,EN,Federal Contract Tower,0,4,13,0,17,0,4,112,0,116,0,8,125,0,133,204,0,204,337
07/01/2021,FDK,MD,AEA,EN,Federal Contract Tower,0,2,7,0,9,0,5,25,0,30,0,7,32,0,39,140,0,140,179
07/02/2021,FDK,MD,AEA,EN,Federal Contract Tower,0,3,24,0,27,0,1,71,0,72,0,4,95,0,99,193,0,193,292
07/03/2021,FDK,MD,AEA,EN,Federal Contract Tower,0,6,9,0,15,0,5,89,0,94,0,11,98,0,109,108,0,108,217
07/04/2021,FDK,MD,AEA,EN,Federal Contract Tower,0,0,11,0,11,0,4,78,0,82,0,4,89,0,93,99,0,99,192
07/05/2021,FDK,MD,AEA,EN,Federal Contract Tower,0,2,16,0,18,0,3,132,0,135,0,5,148,0,153,284,0,284,437
07/06/2021,FDK,MD,AEA,EN,Federal Contract Tower,0,2,6,0,8,0,3,131,0,134,0,5,137,0,142,229,0,229,371
07/07/2021,FDK,MD,AEA,EN,Federal Contract Tower,0,0,10,0,10,0,7,92,3,102,0,7,102,3,112,124,0,124,236
07/08/2021,FDK,MD,AEA,EN,Federal Contract Tower,0,4,6,0,10,0,3,59,4,66,0,7,65,4,76,137,0,137,213
07/09/2021,FDK,MD,AEA,EN,Federal Contract Tower,0,0,12,0,12,0,1,68,0,69,0,1,80,0,81,155,0,155,236
07/10/2021,FDK,MD,AEA,EN,Federal Contract Tower,0,1,12,2,15,0,1,177,0,178,0,2,189,2,193,210,0,210,403
07/11/2021,FDK,MD,AEA,EN,Federal Contract Tower,0,4,12,0,16,0,0,37,0,37,0,4,49,0,53,155,0,155,208
07/12/2021,FDK,MD,AEA,EN,Federal Contract Tower,0,0,11,0,11,0,7,62,0,69,0,7,73,0,80,202,0,202,282
07/13/2021,FDK,MD,AEA,EN,Federal Contract Tower,0,8,4,2,14,0,8,99,2,109,0,16,103,4,123,177,0,177,300
07/15/2021,FDK,MD,AEA,EN,Federal Contract Tower,0,3,9,0,12,0,2,134,0,136,0,5,143,0,148,175,0,175,323
07/16/2021,FDK,MD,AEA,EN,Federal Contract Tower,0,1,16,1,18,0,4,152,1,157,0,5,168,2,175,160,0,160,335
07/17/2021,FDK,MD,AEA,EN,Federal Contract Tower,0,3,11,0,14,0,2,52,2,56,0,5,63,2,70,211,0,211,281
07/18/2021,FDK,MD,AEA,EN,Federal Contract Tower,0,1,11,0,12,0,2,61,0,63,0,3,72,0,75,172,0,172,247
07/19/2021,FDK,MD,AEA,EN,Federal Contract Tower,0,3,8,0,11,0,10,105,0,115,0,13,113,0,126,379,0,379,505
07/20/2021,FDK,MD,AEA,EN,Federal Contract Tower,0,1,11,0,12,0,6,99,2,107,0,7,110,2,119,273,0,273,392
07/21/2021,FDK,MD,AEA,EN,Federal Contract Tower,0,6,16,0,22,0,1,48,0,49,0,7,64,0,71,192,0,192,263
07/22/2021,FDK,MD,AEA,EN,Federal Contract Tower,0,2,6,0,8,0,6,154,0,160,0,8,160,0,168,236,0,236,404
07/23/2021,FDK,MD,AEA,EN,Federal Contract Tower,0,0,9,0,9,0,4,114,0,118,0,4,123,0,127,222,0,222,349
07/24/2021,FDK,MD,AEA,EN,Federal Contract Tower,0,6,15,0,21,0,3,118,0,121,0,9,133,0,142,236,0,236,378
07/25/2021,FDK,MD,AEA,EN,Federal Contract Tower,0,2,15,0,17,0,7,86,0,93,0,9,101,0,110,162,0,162,272
08/07/2021,FDK,MD,AEA,EN,Federal Contract Tower,0,6,12,0,18,0,0,93,0,93,0,6,105,0,111,188,0,188,299
08/08/2021,FDK,MD,AEA,EN,Federal Contract Tower,0,3,8,0,11,0,9,126,0,135,0,12,134,0,146,170,0,170,316
08/09/2021,FDK,MD,AEA,EN,Federal Contract Tower,0,1,9,2,12,0,3,86,0,89,0,4,95,2,101,204,0,204,305
08/10/2021,FDK,MD,AEA,EN,Federal Contract Tower,0,4,11,0,15,0,2,92,0,94,0,6,103,0,109,238,0,238,347
08/11/2021,FDK,MD,AEA,EN,Federal Contract Tower,0,1,6,0,7,0,6,61,0,67,0,7,67,0,74,148,0,148,222
08/12/2021,FDK,MD,AEA,EN,Federal Contract Tower,0,3,8,0,11,0,0,127,2,129,0,3,135,2,140,217,0,217,357
08/13/2021,FDK,MD,AEA,EN,Federal Contract Tower,0,0,9,0,9,0,0,98,0,98,0,0,107,0,107,120,0,120,227
08/14/2021,FDK,MD,AEA,EN,Federal Contract Tower,0,1,9,0,10,0,6,112,0,118,0,7,121,0,128,144,0,144,272
08/15/2021,FDK,MD,AEA,EN,Federal Contract Tower,0,0,11,0,11,0,6,101,0,107,0,6,112,0,118,218,0,218,336
08/16/2021,FDK,MD,AEA,EN,Federal Contract Tower,0,0,18,0,18,0,6,3,0,9,0,6,21,0,27,45,0,45,72
08/17/2021,FDK,MD,AEA,EN,Federal Contract Tower,0,1,11,0,12,0,4,9,0,13,0,5,20,0,25,66,0,66,91
08/18/2021,FDK,MD,AEA,EN,Federal Contract Tower,0,2,13,0,15,0,2,3,0,5,0,4,16,0,20,4,0,4,24
08/19/2021,FDK,MD,AEA,EN,Federal Contract Tower,0,2,18,2,22,0,6,144,0,150,0,8,162,2,172,227,0,227,399
08/20/2021,FDK,MD,AEA,EN,Federal Contract Tower,0,1,5,0,6,0,0,35,0,35,0,1,40,0,41,126,0,126,167
08/21/2021,FDK,MD,AEA,EN,Federal Contract Tower,0,0,12,0,12,0,2,105,0,107,0,2,117,0,119,135,0,135,254
08/22/2021,FDK,MD,AEA,EN,Federal Contract Tower,0,0,15,0,15,0,6,80,0,86,0,6,95,0,101,199,0,199,300
08/23/2021,FDK,MD,AEA,EN,Federal Contract Tower,0,0,11,0,11,0,1,92,0,93,0,1,103,0,104,176,0,176,280
08/24/2021,FDK,MD,AEA,EN,Federal Contract Tower,0,8,11,1,20,0,0,150,1,151,0,8,161,2,171,186,0,186,357
08/25/2021,FDK,MD,AEA,EN,Federal Contract Tower,0,4,16,0,20,0,3,81,0,84,0,7,97,0,104,142,0,142,246
08/26/2021,FDK,MD,AEA,EN,Federal Contract Tower,0,2,21,0,23,0,1,129,3,133,0,3,150,3,156,224,0,224,380
08/27/2021,FDK,MD,AEA,EN,Federal Contract Tower,0,0,17,0,17,0,2,126,0,128,0,2,143,0,145,190,0,190,335
08/28/2021,FDK,MD,AEA,EN,Federal Contract Tower,0,1,20,0,21,0,2,68,0,70,0,3,88,0,91,118,0,118,209
08/29/2021,FDK,MD,AEA,EN,Federal Contract Tower,0,1,32,0,33,0,0,18,0,18,0,1,50,0,51,24,0,24,75
08/30/2021,FDK,MD,AEA,EN,Federal Contract Tower,0,0,23,0,23,0,5,70,0,75,0,5,93,0,98,142,2,144,242
08/31/2021,FDK,MD,AEA,EN,Federal Contract Tower,0,5,6,0,11,0,1,47,0,48,0,6,53,0,59,141,0,141,200
09/01/2021,FDK,MD,AEA,EN,Federal Contract Tower,0,5,3,0,8,0,0,0,0,0,0,5,3,0,8,0,0,0,8
09/02/2021,FDK,MD,AEA,EN,Federal Contract Tower,0,1,10,0,11,0,1,94,0,95,0,2,104,0,106,104,0,104,210
09/03/2021,FDK,MD,AEA,EN,Federal Contract Tower,0,1,15,0,16,0,5,167,0,172,0,6,182,0,188,170,0,170,358
09/04/2021,FDK,MD,AEA,EN,Federal Contract Tower,0,6,5,0,11,0,4,103,0,107,0,10,108,0,118,133,0,133,251
09/05/2021,FDK,MD,AEA,EN,Federal Contract Tower,0,6,15,0,21,0,2,37,0,39,0,8,52,0,60,127,0,127,187
09/06/2021,FDK,MD,AEA,EN,Federal Contract Tower,0,4,11,0,15,0,1,102,0,103,0,5,113,0,118,133,0,133,251
09/07/2021,FDK,MD,AEA,EN,Federal Contract Tower,0,0,12,2,14,0,1,92,0,93,0,1,104,2,107,142,0,142,249
09/08/2021,FDK,MD,AEA,EN,Federal Contract Tower,0,2,15,0,17,0,6,79,0,85,0,8,94,0,102,155,0,155,257
09/09/2021,FDK,MD,AEA,EN,Federal Contract Tower,0,0,7,0,7,0,2,61,0,63,0,2,68,0,70,168,0,168,238
09/10/2021,FDK,MD,AEA,EN,Federal Contract Tower,0,2,9,0,11,0,2,121,0,123,0,4,130,0,134,159,0,159,293
09/11/2021,FDK,MD,AEA,EN,Federal Contract Tower,0,0,11,0,11,0,9,123,0,132,0,9,134,0,143,198,0,198,341
09/12/2021,FDK,MD,AEA,EN,Federal Contract Tower,0,4,10,0,14,0,12,122,0,134,0,16,132,0,148,130,0,130,278
09/13/2021,FDK,MD,AEA,EN,Federal Contract Tower,0,0,16,0,16,0,2,84,0,86,0,2,100,0,102,113,0,113,215
09/14/2021,FDK,MD,AEA,EN,Federal Contract Tower,0,0,14,0,14,0,6,91,0,97,0,6,105,0,111,144,0,144,255
09/15/2021,FDK,MD,AEA,EN,Federal Contract Tower,0,3,26,0,29,0,5,93,0,98,0,8,119,0,127,74,0,74,201
09/16/2021,FDK,MD,AEA,EN,Federal Contract Tower,0,5,23,0,28,0,1,25,0,26,0,6,48,0,54,88,0,88,142
09/17/2021,FDK,MD,AEA,EN,Federal Contract Tower,0,3,30,0,33,0,4,5,0,9,0,7,35,0,42,44,0,44,86
09/18/2021,FDK,MD,AEA,EN,Federal Contract Tower,0,0,29,0,29,0,6,101,0,107,0,6,130,0,136,48,0,48,184
09/19/2021,FDK,MD,AEA,EN,Federal Contract Tower,0,1,20,0,21,0,4,176,0,180,0,5,196,0,201,86,0,86,287
09/20/2021,FDK,MD,AEA,EN,Federal Contract Tower,0,0,14,0,14,0,12,117,0,129,0,12,131,0,143,212,0,212,355
09/21/2021,FDK,MD,AEA,EN,Federal Contract Tower,0,0,20,0,20,0,9,32,0,41,0,9,52,0,61,212,0,212,273
09/22/2021,FDK,MD,AEA,EN,Federal Contract Tower,0,10,15,2,27,0,0,0,2,2,0,10,15,4,29,0,0,0,29
09/23/2021,FDK,MD,AEA,EN,Federal Contract Tower,0,5,19,1,25,0,12,63,1,76,0,17,82,2,101,98,0,98,199
09/24/2021,FDK,MD,AEA,EN,Federal Contract Tower,0,4,9,0,13,0,33,169,0,202,0,37,178,0,215,198,0,198,413
09/25/2021,FDK,MD,AEA,EN,Federal Contract Tower,0,0,23,0,23,0,2,124,0,126,0,2,147,0,149,160,0,160,309
09/26/2021,FDK,MD,AEA,EN,Federal Contract Tower,0,4,4,0,8,0,2,113,10,125,0,6,117,10,133,168,0,168,301
09/27/2021,FDK,MD,AEA,EN,Federal Contract Tower,0,1,13,0,14,0,10,112,0,122,0,11,125,0,136,164,0,164,300
09/28/2021,FDK,MD,AEA,EN,Federal Contract Tower,0,3,12,0,15,0,7,41,0,48,0,10,53,0,63,104,0,104,167
09/29/2021,FDK,MD,AEA,EN,Federal Contract Tower,0,4,17,0,21,0,13,118,0,131,0,17,135,0,152,158,0,158,310
09/30/2021,FDK,MD,AEA,EN,Federal Contract Tower,0,2,6,0,8,0,12,109,0,121,0,14,115,0,129,234,0,234,363
10/01/2021,FDK,MD,AEA,EN,Federal Contract Tower,0,5,5,0,10,0,2,178,0,180,0,7,183,0,190,186,0,186,376
10/02/2021,FDK,MD,AEA,EN,Federal Contract Tower,0,1,23,0,24,0,3,145,0,148,0,4,168,0,172,112,0,112,284
10/03/2021,FDK,MD,AEA,EN,Federal Contract Tower,0,3,8,0,11,0,7,123,0,130,0,10,131,0,141,186,0,186,327
10/04/2021,FDK,MD,AEA,EN,Federal Contract Tower,0,6,0,17,23,0,6,65,0,71,0,12,65,17,94,203,0,203,297
10/05/2021,FDK,MD,AEA,EN,Federal Contract Tower,0,4,24,0,28,0,2,12,0,14,0,6,36,0,42,56,0,56,98
10/06/2021,FDK,MD,AEA,EN,Federal Contract Tower,0,2,23,0,25,0,3,0,0,3,0,5,23,0,28,22,0,22,50
10/07/2021,FDK,MD,AEA,EN,Federal Contract Tower,0,14,10,2,26,0,9,57,10,76,0,23,67,12,102,192,0,192,294
10/08/2021,FDK,MD,AEA,EN,Federal Contract Tower,0,3,19,0,22,1,3,86,0,90,1,6,105,0,112,209,0,209,321
10/09/2021,FDK,MD,AEA,EN,Federal Contract Tower,0,4,19,0,23,0,8,50,0,58,0,12,69,0,81,136,0,136,217
10/10/2021,FDK,MD,AEA,EN,Federal Contract Tower,0,0,20,0,20,0,0,0,0,0,0,0,20,0,20,24,0,24,44
10/11/2021,FDK,MD,AEA,EN,Federal Contract Tower,0,6,13,0,19,0,5,9,0,14,0,11,22,0,33,64,0,64,97
10/12/2021,FDK,MD,AEA,EN,Federal Contract Tower,0,0,38,2,40,0,6,8,0,14,0,6,46,2,54,40,0,40,94
10/13/2021,FDK,MD,AEA,EN,Federal Contract Tower,0,5,25,0,30,0,0,39,0,39,0,5,64,0,69,192,0,192,261
10/14/2021,FDK,MD,AEA,EN,Federal Contract Tower,0,5,9,0,14,0,2,112,2,116,0,7,121,2,130,266,0,266,396
10/15/2021,FDK,MD,AEA,EN,Federal Contract Tower,0,9,9,0,18,0,3,126,0,129,0,12,135,0,147,185,0,185,332
10/16/2021,FDK,MD,AEA,EN,Federal Contract Tower,0,0,4,0,4,0,0,34,0,34,0,0,38,0,38,64,0,64,102
10/17/2021,FDK,MD,AEA,EN,Federal Contract Tower,0,3,10,2,15,0,14,51,0,65,0,17,61,2,80,47,0,47,127
10/18/2021,FDK,MD,AEA,EN,Federal Contract Tower,0,0,8,0,8,0,3,64,0,67,0,3,72,0,75,85,0,85,160
10/19/2021,FDK,MD,AEA,EN,Federal Contract Tower,0,0,7,0,7,0,7,103,0,110,0,7,110,0,117,178,0,178,295
10/20/2021,FDK,MD,AEA,EN,Federal Contract Tower,0,3,14,0,17,0,4,136,2,142,0,7,150,2,159,168,0,168,327
10/21/2021,FDK,MD,AEA,EN,Federal Contract Tower,0,2,11,0,13,0,4,138,0,142,0,6,149,0,155,262,0,262,417
10/22/2021,FDK,MD,AEA,EN,Federal Contract Tower,0,6,18,0,24,0,3,122,0,125,0,9,140,0,149,154,0,154,303
10/23/2021,FDK,MD,AEA,EN,Federal Contract Tower,0,0,7,0,7,0,1,126,0,127,0,1,133,0,134,205,0,205,339
10/24/2021,FDK,MD,AEA,EN,Federal Contract Tower,0,0,13,0,13,0,3,123,0,126,0,3,136,0,139,188,0,188,327
10/25/2021,FDK,MD,AEA,EN,Federal Contract Tower,0,5,14,0,19,0,2,84,0,86,0,7,98,0,105,108,0,108,213
10/26/2021,FDK,MD,AEA,EN,Federal Contract Tower,0,0,12,0,12,0,3,4,0,7,0,3,16,0,19,12,0,12,31
10/27/2021,FDK,MD,AEA,EN,Federal Contract Tower,0,2,10,0,12,0,2,67,0,69,0,4,77,0,81,153,0,153,234
10/28/2021,FDK,MD,AEA,EN,Federal Contract Tower,0,1,16,2,19,0,6,147,6,159,0,7,163,8,178,173,0,173,351
10/29/2021,FDK,MD,AEA,EN,Federal Contract Tower,0,2,3,0,5,0,0,0,0,0,0,2,3,0,5,0,0,0,5
10/30/2021,FDK,MD,AEA,EN,Federal Contract Tower,0,0,14,0,14,0,4,9,0,13,0,4,23,0,27,37,0,37,64
10/31/2021,FDK,MD,AEA,EN,Federal Contract Tower,0,0,10,0,10,0,0,88,0,88,0,0,98,0,98,130,0,130,228
11/01/2021,FDK,MD,AEA,EN,Federal Contract Tower,0,0,7,0,7,0,0,115,0,115,0,0,122,0,122,134,0,134,256
11/02/2021,FDK,MD,AEA,EN,Federal Contract Tower,0,2,12,0,14,0,0,13,0,13,0,2,25,0,27,142,0,142,169
11/03/2021,FDK,MD,AEA,EN,Federal Contract Tower,0,8,7,0,15,0,2,128,0,130,0,10,135,0,145,242,0,242,387
11/04/2021,FDK,MD,AEA,EN,Federal Contract Tower,0,3,8,0,11,0,1,150,0,151,0,4,158,0,162,164,2,166,328
11/05/2021,FDK,MD,AEA,EN,Federal Contract Tower,0,6,2,0,8,0,1,97,0,98,0,7,99,0,106,238,0,238,344
11/06/2021,FDK,MD,AEA,EN,Federal Contract Tower,0,0,9,0,9,0,3,136,0,139,0,3,145,0,148,128,0,128,276
11/07/2021,FDK,MD,AEA,EN,Federal Contract Tower,0,6,6,0,12,0,0,147,0,147,0,6,153,0,159,175,0,175,334
11/08/2021,FDK,MD,AEA,EN,Federal Contract Tower,0,1,4,0,5,0,1,99,0,100,0,2,103,0,105,196,0,196,301
11/09/2021,FDK,MD,AEA,EN,Federal Contract Tower,0,4,9,0,13,0,2,146,0,148,0,6,155,0,161,260,0,260,421
11/10/2021,FDK,MD,AEA,EN,Federal Contract Tower,0,5,12,0,17,0,5,103,0,108,0,10,115,0,125,204,0,204,329
11/11/2021,FDK,MD,AEA,EN,Federal Contract Tower,0,0,11,0,11,0,2,93,0,95,0,2,104,0,106,216,0,216,322
11/12/2021,FDK,MD,AEA,EN,Federal Contract Tower,0,5,10,0,15,0,0,52,0,52,0,5,62,0,67,158,0,158,225
11/13/2021,FDK,MD,AEA,EN,Federal Contract Tower,0,2,8,0,10,0,2,41,0,43,0,4,49,0,53,106,0,106,159
11/14/2021,FDK,MD,AEA,EN,Federal Contract Tower,0,8,10,0,18,0,2,166,0,168,0,10,176,0,186,193,0,193,379
11/15/2021,FDK,MD,AEA,EN,Federal Contract Tower,0,3,11,0,14,0,4,25,0,29,0,7,36,0,43,28,0,28,71
11/16/2021,FDK,MD,AEA,EN,Federal Contract Tower,0,1,6,0,7,0,0,104,0,104,0,1,110,0,111,272,0,272,383
11/17/2021,FDK,MD,AEA,EN,Federal Contract Tower,0,2,12,1,15,0,3,87,0,90,0,5,99,1,105,204,0,204,309
11/18/2021,FDK,MD,AEA,EN,Federal Contract Tower,0,8,3,0,11,0,6,72,0,78,0,14,75,0,89,159,0,159,248
11/19/2021,FDK,MD,AEA,EN,Federal Contract Tower,0,2,2,0,4,0,0,39,0,39,0,2,41,0,43,46,0,46,89
11/20/2021,FDK,MD,AEA,EN,Federal Contract Tower,0,1,12,0,13,0,2,141,0,143,0,3,153,0,156,172,0,172,328
11/21/2021,FDK,MD,AEA,EN,Federal Contract Tower,0,4,9,0,13,0,122,0,0,122,0,126,9,0,135,200,0,200,335
11/22/2021,FDK,MD,AEA,EN,Federal Contract Tower,0,3,8,2,13,0,10,55,4,69,0,13,63,6,82,139,0,139,221
11/23/2021,FDK,MD,AEA,EN,Federal Contract Tower,0,2,10,0,12,0,17,72,0,89,0,19,82,0,101,86,0,86,187
11/24/2021,FDK,MD,AEA,EN,Federal Contract Tower,0,4,18,0,22,0,10,131,0,141,0,14,149,0,163,208,0,208,371
11/25/2021,FDK,MD,AEA,EN,Federal Contract Tower,0,0,5,0,5,0,2,46,0,48,0,2,51,0,53,62,0,62,115
11/26/2021,FDK,MD,AEA,EN,Federal Contract Tower,0,1,3,0,4,0,4,7,0,11,0,5,10,0,15,0,0,0,15
11/27/2021,FDK,MD,AEA,EN,Federal Contract Tower,0,3,17,0,20,0,3,56,0,59,0,6,73,0,79,60,0,60,139
11/28/2021,FDK,MD,AEA,EN,Federal Contract Tower,0,3,12,0,15,0,4,97,0,101,0,7,109,0,116,185,0,185,301
11/29/2021,FDK,MD,AEA,EN,Federal Contract Tower,0,4,8,2,14,0,5,31,0,36,0,9,39,2,50,96,0,96,146
11/30/2021,FDK,MD,AEA,EN,Federal Contract Tower,0,2,0,0,2,0,2,66,0,68,0,4,66,0,70,162,0,162,232
12/01/2021,FDK,MD,AEA,EN,Federal Contract Tower,0,0,11,0,11,0,4,94,0,98,0,4,105,0,109,218,0,218,327
12/02/2021,FDK,MD,AEA,EN,Federal Contract Tower,0,7,7,0,14,0,5,64,0,69,0,12,71,0,83,126,2,128,211
12/03/2021,FDK,MD,AEA,EN,Federal Contract Tower,0,7,7,0,14,0,4,72,0,76,0,11,79,0,90,181,0,181,271
12/04/2021,FDK,MD,AEA,EN,Federal Contract Tower,0,0,9,0,9,0,0,132,0,132,0,0,141,0,141,200,0,200,341
12/05/2021,FDK,MD,AEA,EN,Federal Contract Tower,0,3,5,0,8,0,3,111,0,114,0,6,116,0,122,132,0,132,254
12/06/2021,FDK,MD,AEA,EN,Federal Contract Tower,0,3,10,2,15,1,3,18,0,22,1,6,28,2,37,13,0,13,50
12/07/2021,FDK,MD,AEA,EN,Federal Contract Tower,0,0,12,0,12,0,0,79,0,79,0,0,91,0,91,198,0,198,289
12/08/2021,FDK,MD,AEA,EN,Federal Contract Tower,0,2,3,0,5,0,5,40,0,45,0,7,43,0,50,217,0,217,267
12/09/2021,FDK,MD,AEA,EN,Federal Contract Tower,0,2,8,2,12,0,6,102,0,108,0,8,110,2,120,134,0,134,254
12/10/2021,FDK,MD,AEA,EN,Federal Contract Tower,0,0,7,0,7,0,0,95,0,95,0,0,102,0,102,139,0,139,241
12/11/2021,FDK,MD,AEA,EN,Federal Contract Tower,0,2,3,0,5,0,2,0,0,2,0,4,3,0,7,0,0,0,7
12/12/2021,FDK,MD,AEA,EN,Federal Contract Tower,0,0,5,0,5,0,2,151,0,153,0,2,156,0,158,140,0,140,298
12/13/2021,FDK,MD,AEA,EN,Federal Contract Tower,0,7,8,0,15,0,2,101,0,103,0,9,109,0,118,144,0,144,262
12/14/2021,FDK,MD,AEA,EN,Federal Contract Tower,0,4,4,0,8,0,1,120,0,121,0,5,124,0,129,200,0,200,329
12/15/2021,FDK,MD,AEA,EN,Federal Contract Tower,0,3,16,0,19,0,0,77,0,77,0,3,93,0,96,184,0,184,280
12/16/2021,FDK,MD,AEA,EN,Federal Contract Tower,0,5,8,0,13,0,0,109,0,109,0,5,117,0,122,146,0,146,268
12/17/2021,FDK,MD,AEA,EN,Federal Contract Tower,0,0,10,0,10,0,1,105,0,106,0,1,115,0,116,169,0,169,285
12/18/2021,FDK,MD,AEA,EN,Federal Contract Tower,0,1,15,0,16,0,0,17,0,17,0,1,32,0,33,90,0,90,123
12/19/2021,FDK,MD,AEA,EN,Federal Contract Tower,0,5,1,0,6,0,0,80,0,80,0,5,81,0,86,68,0,68,154
12/20/2021,FDK,MD,AEA,EN,Federal Contract Tower,0,4,8,0,12,0,1,122,0,123,0,5,130,0,135,182,0,182,317
12/21/2021,FDK,MD,AEA,EN,Federal Contract Tower,0,2,13,0,15,0,0,98,0,98,0,2,111,0,113,170,0,170,283
12/22/2021,FDK,MD,AEA,EN,Federal Contract Tower,0,1,4,2,7,0,1,31,0,32,0,2,35,2,39,26,0,26,65
12/23/2021,FDK,MD,AEA,EN,Federal Contract Tower,0,4,8,0,12,0,4,114,0,118,0,8,122,0,130,182,0,182,312
12/24/2021,FDK,MD,AEA,EN,Federal Contract Tower,0,1,5,0,6,0,0,75,0,75,0,1,80,0,81,64,0,64,145
12/25/2021,FDK,MD,AEA,EN,Federal Contract Tower,0,0,0,0,0,0,1,4,0,5,0,1,4,0,5,6,0,6,11
12/26/2021,FDK,MD,AEA,EN,Federal Contract Tower,0,4,8,0,12,0,0,67,0,67,0,4,75,0,79,61,0,61,140
12/27/2021,FDK,MD,AEA,EN,Federal Contract Tower,0,3,6,0,9,0,2,4,0,6,0,5,10,0,15,42,0,42,57
12/28/2021,FDK,MD,AEA,EN,Federal Contract Tower,0,9,8,0,17,0,2,74,0,76,0,11,82,0,93,141,0,141,234
12/29/2021,FDK,MD,AEA,EN,Federal Contract Tower,0,5,12,0,17,0,0,47,0,47,0,5,59,0,64,120,0,120,184
12/30/2021,FDK,MD,AEA,EN,Federal Contract Tower,0,7,16,0,23,0,0,0,0,0,0,7,16,0,23,0,0,0,23
12/31/2021,FDK,MD,AEA,EN,Federal Contract Tower,0,0,7,0,7,0,0,28,0,28,0,0,35,0,35,44,0,44,79
01/01/2022,FDK,MD,AEA,EN,Federal Contract Tower,0,2,0,0,2,0,0,0,0,0,0,2,0,0,2,0,0,0,2
01/02/2022,FDK,MD,AEA,EN,Federal Contract Tower,0,5,8,0,13,0,0,38,0,38,0,5,46,0,51,140,0,140,191
01/03/2022,FDK,MD,AEA,EN,Federal Contract Tower,0,6,1,0,7,0,2,5,0,7,0,8,6,0,14,19,0,19,33
01/04/2022,FDK,MD,AEA,EN,Federal Contract Tower,0,6,8,0,14,0,0,92,1,93,0,6,100,1,107,128,0,128,235
01/05/2022,FDK,MD,AEA,EN,Federal Contract Tower,0,1,6,0,7,0,2,39,0,41,0,3,45,0,48,90,0,90,138
01/06/2022,FDK,MD,AEA,EN,Federal Contract Tower,0,6,6,0,12,0,3,106,0,109,0,9,112,0,121,140,0,140,261
01/07/2022,FDK,MD,AEA,EN,Federal Contract Tower,0,0,0,0,0,0,1,4,0,5,0,1,4,0,5,0,0,0,5
01/08/2022,FDK,MD,AEA,EN,Federal Contract Tower,0,2,13,0,15,0,0,161,0,161,0,2,174,0,176,100,0,100,276
01/09/2022,FDK,MD,AEA,EN,Federal Contract Tower,0,0,0,0,0,0,0,0,0,0,0,0,0,0,0,0,0,0,0
01/10/2022,FDK,MD,AEA,EN,Federal Contract Tower,0,2,3,4,9,0,2,27,2,31,0,4,30,6,40,48,0,48,88
01/11/2022,FDK,MD,AEA,EN,Federal Contract Tower,0,1,4,0,5,0,0,85,0,85,0,1,89,0,90,160,0,160,250
01/12/2022,FDK,MD,AEA,EN,Federal Contract Tower,0,4,6,0,10,0,3,89,0,92,0,7,95,0,102,208,0,208,310
01/13/2022,FDK,MD,AEA,EN,Federal Contract Tower,0,1,14,0,15,0,0,110,0,110,0,1,124,0,125,244,0,244,369
01/14/2022,FDK,MD,AEA,EN,Federal Contract Tower,0,1,0,0,1,0,2,36,0,38,0,3,36,0,39,84,0,84,123
01/15/2022,FDK,MD,AEA,EN,Federal Contract Tower,0,4,7,0,11,0,1,131,0,132,0,5,138,0,143,139,0,139,282
01/16/2022,FDK,MD,AEA,EN,Federal Contract Tower,0,2,5,0,7,0,0,36,0,36,0,2,41,0,43,88,0,88,131
01/17/2022,FDK,MD,AEA,EN,Federal Contract Tower,0,2,1,0,3,0,0,1,0,1,0,2,2,0,4,0,0,0,4
01/18/2022,FDK,MD,AEA,EN,Federal Contract Tower,0,2,4,0,6,0,2,27,0,29,0,4,31,0,35,64,0,64,99
01/19/2022,FDK,MD,AEA,EN,Federal Contract Tower,0,3,6,0,9,0,2,85,0,87,0,5,91,0,96,200,0,200,296
01/20/2022,FDK,MD,AEA,EN,Federal Contract Tower,0,5,4,0,9,0,0,36,0,36,0,5,40,0,45,32,0,32,77
01/21/2022,FDK,MD,AEA,EN,Federal Contract Tower,0,2,14,0,16,0,1,102,0,103,0,3,116,0,119,184,0,184,303
01/22/2022,FDK,MD,AEA,EN,Federal Contract Tower,0,5,4,0,9,0,0,116,0,116,0,5,120,0,125,270,0,270,395
01/23/2022,FDK,MD,AEA,EN,Federal Contract Tower,0,1,16,0,17,0,2,98,0,100,0,3,114,0,117,228,0,228,345
01/24/2022,FDK,MD,AEA,EN,Federal Contract Tower,0,2,7,0,9,0,6,77,0,83,0,8,84,0,92,204,0,204,296
01/25/2022,FDK,MD,AEA,EN,Federal Contract Tower,0,4,5,0,9,0,4,70,0,74,0,8,75,0,83,150,0,150,233
01/26/2022,FDK,MD,AEA,EN,Federal Contract Tower,0,6,5,0,11,0,2,72,0,74,0,8,77,0,85,222,0,222,307
01/27/2022,FDK,MD,AEA,EN,Federal Contract Tower,0,6,23,0,29,0,2,127,0,129,0,8,150,0,158,132,0,132,290
01/28/2022,FDK,MD,AEA,EN,Federal Contract Tower,0,1,5,0,6,0,0,8,0,8,0,1,13,0,14,6,0,6,20
01/29/2022,FDK,MD,AEA,EN,Federal Contract Tower,0,0,3,0,3,0,0,1,0,1,0,0,4,0,4,0,0,0,4
01/30/2022,FDK,MD,AEA,EN,Federal Contract Tower,0,2,7,0,9,0,0,123,0,123,0,2,130,0,132,182,0,182,314
01/31/2022,FDK,MD,AEA,EN,Federal Contract Tower,0,0,9,0,9,0,1,94,0,95,0,1,103,0,104,216,0,216,320
02/01/2022,FDK,MD,AEA,EN,Federal Contract Tower,0,0,12,0,12,0,10,100,0,110,0,10,112,0,122,234,0,234,356
02/02/2022,FDK,MD,AEA,EN,Federal Contract Tower,0,2,5,0,7,0,3,60,0,63,0,5,65,0,70,196,0,196,266
02/03/2022,FDK,MD,AEA,EN,Federal Contract Tower,0,2,7,0,9,0,0,0,0,0,0,2,7,0,9,0,0,0,9
02/04/2022,FDK,MD,AEA,EN,Federal Contract Tower,0,0,2,0,2,0,0,1,0,1,0,0,3,0,3,0,0,0,3
02/05/2022,FDK,MD,AEA,EN,Federal Contract Tower,0,5,6,0,11,0,2,29,0,31,0,7,35,0,42,18,0,18,60
02/06/2022,FDK,MD,AEA,EN,Federal Contract Tower,0,0,8,0,8,0,2,118,0,120,0,2,126,0,128,242,0,242,370
02/07/2022,FDK,MD,AEA,EN,Federal Contract Tower,0,2,5,0,7,0,0,62,0,62,0,2,67,0,69,176,0,176,245
02/08/2022,FDK,MD,AEA,EN,Federal Contract Tower,0,0,8,0,8,0,3,80,0,83,0,3,88,0,91,156,0,156,247
02/09/2022,FDK,MD,AEA,EN,Federal Contract Tower,0,0,11,2,13,0,3,158,0,161,0,3,169,2,174,230,0,230,404
02/10/2022,FDK,MD,AEA,EN,Federal Contract Tower,0,1,7,1,9,0,0,71,0,71,0,1,78,1,80,114,0,114,194
02/11/2022,FDK,MD,AEA,EN,Federal Contract Tower,0,3,3,0,6,0,18,65,0,83,0,21,68,0,89,82,0,82,171
02/12/2022,FDK,MD,AEA,EN,Federal Contract Tower,0,1,5,0,6,0,2,110,0,112,0,3,115,0,118,256,0,256,374
02/13/2022,FDK,MD,AEA,EN,Federal Contract Tower,0,2,5,0,7,0,0,19,0,19,0,2,24,0,26,104,0,104,130
02/14/2022,FDK,MD,AEA,EN,Federal Contract Tower,0,1,11,0,12,0,0,40,0,40,0,1,51,0,52,74,0,74,126
02/15/2022,FDK,MD,AEA,EN,Federal Contract Tower,0,1,8,2,11,0,0,91,0,91,0,1,99,2,102,164,0,164,266
02/16/2022,FDK,MD,AEA,EN,Federal Contract Tower,0,2,11,0,13,0,0,67,0,67,0,2,78,0,80,72,0,72,152
02/17/2022,FDK,MD,AEA,EN,Federal Contract Tower,0,2,8,0,10,0,0,22,0,22,0,2,30,0,32,28,0,28,60
02/18/2022,FDK,MD,AEA,EN,Federal Contract Tower,0,4,11,0,15,0,2,3,0,5,0,6,14,0,20,6,0,6,26
02/19/2022,FDK,MD,AEA,EN,Federal Contract Tower,0,3,3,0,6,0,0,12,0,12,0,3,15,0,18,72,0,72,90
02/20/2022,FDK,MD,AEA,EN,Federal Contract Tower,0,3,18,0,21,0,1,163,0,164,0,4,181,0,185,315,0,315,500
02/21/2022,FDK,MD,AEA,EN,Federal Contract Tower,0,1,14,0,15,0,13,173,0,186,0,14,187,0,201,196,0,196,397
02/22/2022,FDK,MD,AEA,EN,Federal Contract Tower,0,4,8,0,12,0,2,2,0,4,0,6,10,0,16,8,0,8,24
02/23/2022,FDK,MD,AEA,EN,Federal Contract Tower,0,2,6,0,8,0,2,40,0,42,0,4,46,0,50,56,0,56,106
02/24/2022,FDK,MD,AEA,EN,Federal Contract Tower,0,2,5,0,7,0,0,1,2,3,0,2,6,2,10,15,0,15,25
02/25/2022,FDK,MD,AEA,EN,Federal Contract Tower,0,1,1,0,2,0,0,2,2,4,0,1,3,2,6,18,0,18,24
02/26/2022,FDK,MD,AEA,EN,Federal Contract Tower,0,3,6,0,9,0,3,127,0,130,0,6,133,0,139,214,0,214,353
02/27/2022,FDK,MD,AEA,EN,Federal Contract Tower,0,3,7,0,10,0,0,58,0,58,0,3,65,0,68,86,0,86,154
02/28/2022,FDK,MD,AEA,EN,Federal Contract Tower,0,3,11,0,14,0,4,96,0,100,0,7,107,0,114,126,0,126,240
03/01/2022,FDK,MD,AEA,EN,Federal Contract Tower,0,1,11,0,12,0,0,96,0,96,0,1,107,0,108,172,0,172,280
03/02/2022,FDK,MD,AEA,EN,Federal Contract Tower,0,7,10,0,17,0,1,127,0,128,0,8,137,0,145,158,0,158,303
03/03/2022,FDK,MD,AEA,EN,Federal Contract Tower,0,0,12,0,12,0,2,52,0,54,0,2,64,0,66,100,0,100,166
03/04/2022,FDK,MD,AEA,EN,Federal Contract Tower,0,2,11,0,13,0,8,118,0,126,0,10,129,0,139,226,0,226,365
03/05/2022,FDK,MD,AEA,EN,Federal Contract Tower,0,2,16,0,18,0,6,156,0,162,0,8,172,0,180,222,0,222,402
03/06/2022,FDK,MD,AEA,EN,Federal Contract Tower,0,0,13,0,13,0,1,28,0,29,0,1,41,0,42,28,0,28,70
03/07/2022,FDK,MD,AEA,EN,Federal Contract Tower,0,2,6,0,8,0,0,12,0,12,0,2,18,0,20,10,0,10,30
03/08/2022,FDK,MD,AEA,EN,Federal Contract Tower,0,3,13,0,16,0,4,75,0,79,0,7,88,0,95,102,0,102,197
03/09/2022,FDK,MD,AEA,EN,Federal Contract Tower,0,3,4,0,7,0,0,0,0,0,0,3,4,0,7,0,0,0,7
03/10/2022,FDK,MD,AEA,EN,Federal Contract Tower,0,3,3,0,6,0,0,120,0,120,0,3,123,0,126,228,0,228,354
03/11/2022,FDK,MD,AEA,EN,Federal Contract Tower,0,0,14,0,14,0,0,147,0,147,0,0,161,0,161,162,0,162,323
03/12/2022,FDK,MD,AEA,EN,Federal Contract Tower,0,0,0,0,0,0,2,0,0,2,0,2,0,0,2,0,0,0,2
03/13/2022,FDK,MD,AEA,EN,Federal Contract Tower,0,2,14,0,16,0,1,46,0,47,0,3,60,0,63,112,0,112,175
03/14/2022,FDK,MD,AEA,EN,Federal Contract Tower,0,1,6,0,7,0,0,106,0,106,0,1,112,0,113,138,0,138,251
03/15/2022,FDK,MD,AEA,EN,Federal Contract Tower,0,2,16,0,18,0,6,100,0,106,0,8,116,0,124,202,0,202,326
03/16/2022,FDK,MD,AEA,EN,Federal Contract Tower,0,4,6,0,10,0,11,134,0,145,0,15,140,0,155,192,0,192,347
03/17/2022,FDK,MD,AEA,EN,Federal Contract Tower,0,1,9,0,10,0,0,9,0,9,0,1,18,0,19,8,0,8,27
03/18/2022,FDK,MD,AEA,EN,Federal Contract Tower,0,4,20,0,24,0,2,140,0,142,0,6,160,0,166,176,0,176,342
03/19/2022,FDK,MD,AEA,EN,Federal Contract Tower,0,11,4,0,15,0,3,49,0,52,0,14,53,0,67,118,0,118,185
03/20/2022,FDK,MD,AEA,EN,Federal Contract Tower,0,1,5,0,6,0,0,23,0,23,0,1,28,0,29,12,0,12,41
03/21/2022,FDK,MD,AEA,EN,Federal Contract Tower,0,2,7,0,9,0,4,72,0,76,0,6,79,0,85,116,0,116,201
03/22/2022,FDK,MD,AEA,EN,Federal Contract Tower,0,4,6,0,10,0,0,99,0,99,0,4,105,0,109,298,0,298,407
03/23/2022,FDK,MD,AEA,EN,Federal Contract Tower,0,2,2,0,4,0,4,14,0,18,0,6,16,0,22,100,0,100,122
03/24/2022,FDK,MD,AEA,EN,Federal Contract Tower,0,2,21,0,23,0,0,0,0,0,0,2,21,0,23,0,0,0,23
03/25/2022,FDK,MD,AEA,EN,Federal Contract Tower,0,2,8,0,10,0,0,67,0,67,0,2,75,0,77,142,0,142,219
03/26/2022,FDK,MD,AEA,EN,Federal Contract Tower,0,3,3,0,6,0,2,21,0,23,0,5,24,0,29,52,0,52,81
03/27/2022,FDK,MD,AEA,EN,Federal Contract Tower,0,0,6,0,6,0,2,15,0,17,0,2,21,0,23,6,0,6,29
03/28/2022,FDK,MD,AEA,EN,Federal Contract Tower,0,4,9,0,13,0,3,9,0,12,0,7,18,0,25,4,0,4,29
03/29/2022,FDK,MD,AEA,EN,Federal Contract Tower,0,3,11,0,14,0,3,79,2,84,0,6,90,2,98,106,0,106,204
03/30/2022,FDK,MD,AEA,EN,Federal Contract Tower,0,10,8,0,18,0,3,52,0,55,0,13,60,0,73,59,0,59,132
03/31/2022,FDK,MD,AEA,EN,Federal Contract Tower,0,3,3,0,6,0,0,2,0,2,0,3,5,0,8,0,0,0,8
04/01/2022,FDK,MD,AEA,EN,Federal Contract Tower,0,3,13,0,16,0,0,11,0,11,0,3,24,0,27,0,0,0,27
04/02/2022,FDK,MD,AEA,EN,Federal Contract Tower,0,2,9,0,11,0,0,171,0,171,0,2,180,0,182,161,0,161,343
04/03/2022,FDK,MD,AEA,EN,Federal Contract Tower,0,0,7,0,7,0,5,32,0,37,0,5,39,0,44,62,0,62,106
04/04/2022,FDK,MD,AEA,EN,Federal Contract Tower,0,1,12,0,13,0,3,104,0,107,0,4,116,0,120,166,0,166,286
04/05/2022,FDK,MD,AEA,EN,Federal Contract Tower,0,3,9,0,12,0,0,52,0,52,0,3,61,0,64,218,0,218,282
04/06/2022,FDK,MD,AEA,EN,Federal Contract Tower,0,6,11,0,17,0,0,1,0,1,0,6,12,0,18,10,0,10,28
04/07/2022,FDK,MD,AEA,EN,Federal Contract Tower,0,1,9,0,10,0,0,0,0,0,0,1,9,0,10,0,0,0,10
04/08/2022,FDK,MD,AEA,EN,Federal Contract Tower,0,2,11,0,13,0,2,96,0,98,0,4,107,0,111,178,0,178,289
04/09/2022,FDK,MD,AEA,EN,Federal Contract Tower,0,1,4,0,5,0,3,45,0,48,0,4,49,0,53,104,0,104,157
04/10/2022,FDK,MD,AEA,EN,Federal Contract Tower,0,2,9,0,11,0,4,32,0,36,0,6,41,0,47,86,0,86,133
04/11/2022,FDK,MD,AEA,EN,Federal Contract Tower,0,2,14,0,16,0,2,115,0,117,0,4,129,0,133,152,0,152,285
04/12/2022,FDK,MD,AEA,EN,Federal Contract Tower,0,6,9,0,15,0,7,116,0,123,0,13,125,0,138,166,0,166,304
04/13/2022,FDK,MD,AEA,EN,Federal Contract Tower,0,1,4,0,5,0,5,129,2,136,0,6,133,2,141,162,0,162,303
04/14/2022,FDK,MD,AEA,EN,Federal Contract Tower,0,4,8,0,12,0,2,22,0,24,0,6,30,0,36,36,0,36,72
04/15/2022,FDK,MD,AEA,EN,Federal Contract Tower,0,3,13,0,16,0,4,96,0,100,0,7,109,0,116,138,0,138,254
04/16/2022,FDK,MD,AEA,EN,Federal Contract Tower,0,1,3,0,4,0,1,81,0,82,0,2,84,0,86,268,0,268,354
04/17/2022,FDK,MD,AEA,EN,Federal Contract Tower,0,1,7,0,8,0,2,66,0,68,0,3,73,0,76,50,0,50,126
04/18/2022,FDK,MD,AEA,EN,Federal Contract Tower,0,6,2,0,8,0,0,7,0,7,0,6,9,0,15,14,0,14,29
04/19/2022,FDK,MD,AEA,EN,Federal Contract Tower,0,3,1,0,4,0,0,20,0,20,0,3,21,0,24,56,0,56,80
04/20/2022,FDK,MD,AEA,EN,Federal Contract Tower,0,2,18,0,20,0,1,138,0,139,0,3,156,0,159,190,0,190,349
04/21/2022,FDK,MD,AEA,EN,Federal Contract Tower,0,2,4,0,6,0,1,53,0,54,0,3,57,0,60,156,0,156,216
04/22/2022,FDK,MD,AEA,EN,Federal Contract Tower,0,2,7,0,9,0,2,139,0,141,0,4,146,0,150,230,0,230,380
04/23/2022,FDK,MD,AEA,EN,Federal Contract Tower,0,3,17,0,20,0,3,163,0,166,0,6,180,0,186,290,0,290,476
04/24/2022,FDK,MD,AEA,EN,Federal Contract Tower,0,3,14,0,17,0,2,112,1,115,0,5,126,1,132,208,0,208,340
04/25/2022,FDK,MD,AEA,EN,Federal Contract Tower,0,0,20,0,20,0,4,39,1,44,0,4,59,1,64,86,0,86,150
04/26/2022,FDK,MD,AEA,EN,Federal Contract Tower,0,1,18,0,19,0,0,3,8,11,0,1,21,8,30,27,0,27,57
04/27/2022,FDK,MD,AEA,EN,Federal Contract Tower,0,2,2,0,4,0,2,26,1,29,0,4,28,1,33,32,0,32,65
04/28/2022,FDK,MD,AEA,EN,Federal Contract Tower,0,1,6,0,7,0,0,73,0,73,0,1,79,0,80,58,0,58,138
04/29/2022,FDK,MD,AEA,EN,Federal Contract Tower,0,2,14,0,16,0,0,142,1,143,0,2,156,1,159,170,0,170,329
04/30/2022,FDK,MD,AEA,EN,Federal Contract Tower,0,2,13,0,15,0,0,181,0,181,0,2,194,0,196,256,0,256,452
05/01/2022,FDK,MD,AEA,EN,Federal Contract Tower,0,2,6,0,8,0,0,46,0,46,0,2,52,0,54,78,0,78,132
05/02/2022,FDK,MD,AEA,EN,Federal Contract Tower,0,1,14,0,15,0,7,82,0,89,0,8,96,0,104,218,0,218,322
05/03/2022,FDK,MD,AEA,EN,Federal Contract Tower,0,0,27,0,27,0,6,4,0,10,0,6,31,0,37,20,0,20,57
05/04/2022,FDK,MD,AEA,EN,Federal Contract Tower,0,5,9,0,14,0,2,30,0,32,0,7,39,0,46,70,0,70,116
05/05/2022,FDK,MD,AEA,EN,Federal Contract Tower,0,2,13,0,15,0,1,161,0,162,0,3,174,0,177,186,0,186,363
05/06/2022,FDK,MD,AEA,EN,Federal Contract Tower,0,9,11,0,20,0,0,0,0,0,0,9,11,0,20,0,0,0,20
05/07/2022,FDK,MD,AEA,EN,Federal Contract Tower,0,2,3,0,5,0,0,0,0,0,0,2,3,0,5,0,0,0,5
05/08/2022,FDK,MD,AEA,EN,Federal Contract Tower,0,2,16,0,18,0,1,51,0,52,0,3,67,0,70,120,0,120,190
05/09/2022,FDK,MD,AEA,EN,Federal Contract Tower,0,0,11,0,11,0,6,127,0,133,0,6,138,0,144,242,0,242,386
05/10/2022,FDK,MD,AEA,EN,Federal Contract Tower,0,3,10,0,13,0,5,112,0,117,0,8,122,0,130,200,0,200,330
05/11/2022,FDK,MD,AEA,EN,Federal Contract Tower,0,7,15,0,22,0,7,154,0,161,0,14,169,0,183,180,0,180,363
05/12/2022,FDK,MD,AEA,EN,Federal Contract Tower,0,3,12,0,15,0,0,62,0,62,0,3,74,0,77,200,0,200,277
05/13/2022,FDK,MD,AEA,EN,Federal Contract Tower,0,8,11,0,19,0,0,0,0,0,0,8,11,0,19,0,0,0,19
05/14/2022,FDK,MD,AEA,EN,Federal Contract Tower,0,2,15,0,17,0,0,3,0,3,0,2,18,0,20,0,0,0,20
05/15/2022,FDK,MD,AEA,EN,Federal Contract Tower,0,5,12,0,17,0,1,80,0,81,0,6,92,0,98,168,0,168,266
05/16/2022,FDK,MD,AEA,EN,Federal Contract Tower,0,0,10,0,10,0,1,8,0,9,0,1,18,0,19,4,0,4,23
05/17/2022,FDK,MD,AEA,EN,Federal Contract Tower,0,5,14,0,19,0,2,92,0,94,0,7,106,0,113,200,0,200,313
05/18/2022,FDK,MD,AEA,EN,Federal Contract Tower,0,8,15,0,23,0,0,156,0,156,0,8,171,0,179,232,0,232,411
05/19/2022,FDK,MD,AEA,EN,Federal Contract Tower,0,2,16,0,18,0,0,98,0,98,0,2,114,0,116,202,0,202,318
05/20/2022,FDK,MD,AEA,EN,Federal Contract Tower,0,2,12,0,14,0,1,75,0,76,0,3,87,0,90,232,0,232,322
05/21/2022,FDK,MD,AEA,EN,Federal Contract Tower,0,0,9,0,9,0,1,76,0,77,0,1,85,0,86,162,0,162,248
05/22/2022,FDK,MD,AEA,EN,Federal Contract Tower,0,4,8,0,12,0,0,83,0,83,0,4,91,0,95,140,0,140,235
05/23/2022,FDK,MD,AEA,EN,Federal Contract Tower,0,1,13,0,14,0,4,66,3,73,0,5,79,3,87,188,0,188,275
05/24/2022,FDK,MD,AEA,EN,Federal Contract Tower,0,7,29,1,37,0,0,3,0,3,0,7,32,1,40,44,0,44,84
05/25/2022,FDK,MD,AEA,EN,Federal Contract Tower,0,9,13,0,22,0,0,142,0,142,0,9,155,0,164,320,0,320,484
05/26/2022,FDK,MD,AEA,EN,Federal Contract Tower,0,1,19,2,22,0,0,14,0,14,0,1,33,2,36,54,0,54,90
05/27/2022,FDK,MD,AEA,EN,Federal Contract Tower,0,3,8,0,11,0,0,0,0,0,0,3,8,0,11,0,0,0,11
05/28/2022,FDK,MD,AEA,EN,Federal Contract Tower,0,1,11,0,12,0,0,126,0,126,0,1,137,0,138,176,0,176,314
05/29/2022,FDK,MD,AEA,EN,Federal Contract Tower,0,2,6,0,8,0,7,118,0,125,0,9,124,0,133,102,0,102,235
05/30/2022,FDK,MD,AEA,EN,Federal Contract Tower,0,6,17,0,23,0,7,84,0,91,0,13,101,0,114,158,0,158,272
05/31/2022,FDK,MD,AEA,EN,Federal Contract Tower,0,3,11,0,14,0,4,130,0,134,0,7,141,0,148,194,0,194,342
06/01/2022,FDK,MD,AEA,EN,Federal Contract Tower,0,0,5,0,5,0,0,114,4,118,0,0,119,4,123,112,10,122,245
06/02/2022,FDK,MD,AEA,EN,Federal Contract Tower,0,4,10,0,14,0,0,36,0,36,0,4,46,0,50,98,0,98,148
06/03/2022,FDK,MD,AEA,EN,Federal Contract Tower,0,4,9,0,13,0,2,147,0,149,0,6,156,0,162,150,0,150,312
06/04/2022,FDK,MD,AEA,EN,Federal Contract Tower,0,6,4,0,10,0,0,144,0,144,0,6,148,0,154,214,0,214,368
06/05/2022,FDK,MD,AEA,EN,Federal Contract Tower,0,4,12,1,17,0,0,136,0,136,0,4,148,1,153,140,0,140,293
06/06/2022,FDK,MD,AEA,EN,Federal Contract Tower,0,0,10,0,10,0,2,91,0,93,0,2,101,0,103,212,0,212,315
06/07/2022,FDK,MD,AEA,EN,Federal Contract Tower,0,2,16,1,19,0,2,26,0,28,0,4,42,1,47,124,0,124,171
06/08/2022,FDK,MD,AEA,EN,Federal Contract Tower,0,4,26,0,30,0,1,89,0,90,0,5,115,0,120,237,0,237,357
06/09/2022,FDK,MD,AEA,EN,Federal Contract Tower,0,4,21,0,25,0,2,27,0,29,0,6,48,0,54,34,0,34,88
06/10/2022,FDK,MD,AEA,EN,Federal Contract Tower,0,10,5,0,15,0,0,142,0,142,0,10,147,0,157,186,0,186,343
06/11/2022,FDK,MD,AEA,EN,Federal Contract Tower,0,2,15,0,17,0,0,67,0,67,0,2,82,0,84,170,0,170,254
06/12/2022,FDK,MD,AEA,EN,Federal Contract Tower,0,0,16,0,16,0,5,39,0,44,0,5,55,0,60,44,2,46,106
06/13/2022,FDK,MD,AEA,EN,Federal Contract Tower,0,2,10,0,12,0,0,90,0,90,0,2,100,0,102,262,0,262,364
06/14/2022,FDK,MD,AEA,EN,Federal Contract Tower,0,6,3,0,9,0,2,45,0,47,0,8,48,0,56,156,0,156,212
06/15/2022,FDK,MD,AEA,EN,Federal Contract Tower,0,2,21,1,24,0,0,188,1,189,0,2,209,2,213,299,4,303,516
06/16/2022,FDK,MD,AEA,EN,Federal Contract Tower,0,2,18,0,20,0,0,62,0,62,0,2,80,0,82,142,0,142,224
06/17/2022,FDK,MD,AEA,EN,Federal Contract Tower,0,4,21,0,25,0,2,82,0,84,0,6,103,0,109,134,0,134,243
06/18/2022,FDK,MD,AEA,EN,Federal Contract Tower,0,4,4,0,8,0,0,34,0,34,0,4,38,0,42,26,0,26,68
06/19/2022,FDK,MD,AEA,EN,Federal Contract Tower,0,0,13,0,13,0,0,75,0,75,0,0,88,0,88,60,0,60,148
06/20/2022,FDK,MD,AEA,EN,Federal Contract Tower,0,3,13,0,16,0,2,130,0,132,0,5,143,0,148,276,0,276,424
06/21/2022,FDK,MD,AEA,EN,Federal Contract Tower,0,1,7,0,8,0,4,85,0,89,0,5,92,0,97,270,0,270,367
06/22/2022,FDK,MD,AEA,EN,Federal Contract Tower,0,0,8,0,8,0,0,38,0,38,0,0,46,0,46,34,0,34,80
06/23/2022,FDK,MD,AEA,EN,Federal Contract Tower,0,0,16,0,16,0,1,7,0,8,0,1,23,0,24,50,0,50,74
06/24/2022,FDK,MD,AEA,EN,Federal Contract Tower,0,4,24,0,28,0,3,84,0,87,0,7,108,0,115,164,0,164,279
06/25/2022,FDK,MD,AEA,EN,Federal Contract Tower,0,1,10,0,11,0,1,112,0,113,0,2,122,0,124,284,0,284,408
06/26/2022,FDK,MD,AEA,EN,Federal Contract Tower,0,4,5,0,9,0,0,97,0,97,0,4,102,0,106,174,0,174,280
06/27/2022,FDK,MD,AEA,EN,Federal Contract Tower,0,0,22,0,22,0,0,54,0,54,0,0,76,0,76,112,0,112,188
06/28/2022,FDK,MD,AEA,EN,Federal Contract Tower,0,3,7,0,10,0,2,124,0,126,0,5,131,0,136,360,0,360,496
06/29/2022,FDK,MD,AEA,EN,Federal Contract Tower,0,2,26,1,29,0,3,153,0,156,0,5,179,1,185,318,0,318,503
06/30/2022,FDK,MD,AEA,EN,Federal Contract Tower,0,5,16,0,21,0,8,166,0,174,0,13,182,0,195,223,0,223,418
07/01/2022,FDK,MD,AEA,EN,Federal Contract Tower,0,6,14,0,20,0,3,86,0,89,0,9,100,0,109,140,0,140,249
07/02/2022,FDK,MD,AEA,EN,Federal Contract Tower,0,1,4,0,5,0,0,80,0,80,0,1,84,0,85,66,0,66,151
07/03/2022,FDK,MD,AEA,EN,Federal Contract Tower,0,1,10,0,11,0,0,82,0,82,0,1,92,0,93,224,0,224,317
07/04/2022,FDK,MD,AEA,EN,Federal Contract Tower,0,2,4,0,6,0,4,113,0,117,0,6,117,0,123,132,0,132,255
07/05/2022,FDK,MD,AEA,EN,Federal Contract Tower,0,4,17,0,21,0,6,48,0,54,0,10,65,0,75,110,0,110,185
07/06/2022,FDK,MD,AEA,EN,Federal Contract Tower,0,4,7,0,11,0,2,68,2,72,0,6,75,2,83,230,0,230,313
07/07/2022,FDK,MD,AEA,EN,Federal Contract Tower,0,2,23,0,25,0,1,39,2,42,0,3,62,2,67,98,0,98,165
07/08/2022,FDK,MD,AEA,EN,Federal Contract Tower,0,1,31,0,32,0,4,57,0,61,0,5,88,0,93,252,0,252,345
07/09/2022,FDK,MD,AEA,EN,Federal Contract Tower,0,1,23,0,24,0,0,5,0,5,0,1,28,0,29,18,0,18,47
07/10/2022,FDK,MD,AEA,EN,Federal Contract Tower,0,2,20,0,22,0,6,188,0,194,0,8,208,0,216,236,0,236,452
07/11/2022,FDK,MD,AEA,EN,Federal Contract Tower,0,3,25,0,28,0,3,134,0,137,0,6,159,0,165,264,0,264,429
07/12/2022,FDK,MD,AEA,EN,Federal Contract Tower,0,5,10,0,15,0,0,77,0,77,0,5,87,0,92,126,0,126,218
07/13/2022,FDK,MD,AEA,EN,Federal Contract Tower,0,0,16,0,16,0,0,140,0,140,0,0,156,0,156,278,0,278,434
07/14/2022,FDK,MD,AEA,EN,Federal Contract Tower,0,0,20,0,20,0,5,110,0,115,0,5,130,0,135,320,0,320,455
07/15/2022,FDK,MD,AEA,EN,Federal Contract Tower,0,0,7,0,7,0,0,67,0,67,0,0,74,0,74,174,0,174,248
07/16/2022,FDK,MD,AEA,EN,Federal Contract Tower,0,0,11,0,11,0,0,98,0,98,0,0,109,0,109,244,0,244,353
07/17/2022,FDK,MD,AEA,EN,Federal Contract Tower,0,1,12,0,13,0,0,33,0,33,0,1,45,0,46,84,0,84,130
07/18/2022,FDK,MD,AEA,EN,Federal Contract Tower,0,1,13,0,14,0,0,21,0,21,0,1,34,0,35,44,0,44,79
07/19/2022,FDK,MD,AEA,EN,Federal Contract Tower,0,2,18,1,21,0,2,128,1,131,0,4,146,2,152,250,0,250,402
07/20/2022,FDK,MD,AEA,EN,Federal Contract Tower,0,2,19,0,21,0,4,159,2,165,0,6,178,2,186,198,0,198,384
07/21/2022,FDK,MD,AEA,EN,Federal Contract Tower,0,2,15,0,17,0,9,111,0,120,0,11,126,0,137,226,0,226,363
07/22/2022,FDK,MD,AEA,EN,Federal Contract Tower,0,4,13,0,17,0,2,103,0,105,0,6,116,0,122,16,0,16,138
07/23/2022,FDK,MD,AEA,EN,Federal Contract Tower,0,3,18,0,21,0,2,92,0,94,0,5,110,0,115,172,0,172,287
07/24/2022,FDK,MD,AEA,EN,Federal Contract Tower,0,1,6,0,7,0,2,116,0,118,0,3,122,0,125,250,0,250,375
07/25/2022,FDK,MD,AEA,EN,Federal Contract Tower,0,2,5,0,7,0,2,45,0,47,0,4,50,0,54,144,0,144,198
07/26/2022,FDK,MD,AEA,EN,Federal Contract Tower,0,0,14,0,14,0,2,71,0,73,0,2,85,0,87,188,0,188,275
07/27/2022,FDK,MD,AEA,EN,Federal Contract Tower,0,2,15,0,17,0,4,109,0,113,0,6,124,0,130,210,0,210,340
07/28/2022,FDK,MD,AEA,EN,Federal Contract Tower,0,0,20,0,20,0,1,100,0,101,0,1,120,0,121,156,0,156,277
07/29/2022,FDK,MD,AEA,EN,Federal Contract Tower,0,2,26,0,28,0,1,36,0,37,0,3,62,0,65,68,0,68,133
07/30/2022,FDK,MD,AEA,EN,Federal Contract Tower,0,6,16,0,22,0,120,0,0,120,0,126,16,0,142,278,0,278,420
07/31/2022,FDK,MD,AEA,EN,Federal Contract Tower,0,0,12,0,12,0,0,107,0,107,0,0,119,0,119,204,0,204,323
08/01/2022,FDK,MD,AEA,EN,Federal Contract Tower,0,1,11,0,12,0,0,60,0,60,0,1,71,0,72,118,0,118,190
08/02/2022,FDK,MD,AEA,EN,Federal Contract Tower,0,2,12,0,14,0,5,93,0,98,0,7,105,0,112,188,0,188,300
08/03/2022,FDK,MD,AEA,EN,Federal Contract Tower,0,3,22,1,26,0,6,130,0,136,0,9,152,1,162,220,0,220,382
08/04/2022,FDK,MD,AEA,EN,Federal Contract Tower,0,2,12,0,14,0,2,69,0,71,0,4,81,0,85,64,0,64,149
08/05/2022,FDK,MD,AEA,EN,Federal Contract Tower,0,5,6,0,11,0,4,94,0,98,0,9,100,0,109,146,0,146,255
08/07/2022,FDK,MD,AEA,EN,Federal Contract Tower,0,7,11,0,18,0,0,118,0,118,0,7,129,0,136,236,0,236,372
08/08/2022,FDK,MD,AEA,EN,Federal Contract Tower,0,7,12,0,19,0,7,97,0,104,0,14,109,0,123,116,0,116,239
08/09/2022,FDK,MD,AEA,EN,Federal Contract Tower,0,2,11,0,13,0,0,81,7,88,0,2,92,7,101,166,0,166,267
08/10/2022,FDK,MD,AEA,EN,Federal Contract Tower,0,2,23,0,25,0,2,68,0,70,0,4,91,0,95,132,0,132,227
08/11/2022,FDK,MD,AEA,EN,Federal Contract Tower,0,8,8,0,16,0,0,130,0,130,0,8,138,0,146,240,0,240,386
08/12/2022,FDK,MD,AEA,EN,Federal Contract Tower,0,3,18,0,21,0,6,125,0,131,0,9,143,0,152,174,0,174,326
08/13/2022,FDK,MD,AEA,EN,Federal Contract Tower,0,3,6,0,9,0,3,133,0,136,0,6,139,0,145,216,0,216,361
08/14/2022,FDK,MD,AEA,EN,Federal Contract Tower,0,1,15,0,16,0,3,109,0,112,0,4,124,0,128,186,0,186,314
08/15/2022,FDK,MD,AEA,EN,Federal Contract Tower,0,0,12,0,12,0,5,17,0,22,0,5,29,0,34,110,0,110,144
08/16/2022,FDK,MD,AEA,EN,Federal Contract Tower,0,1,10,0,11,0,1,85,0,86,0,2,95,0,97,179,0,179,276
08/18/2022,FDK,MD,AEA,EN,Federal Contract Tower,0,1,11,0,12,0,3,120,0,123,0,4,131,0,135,224,0,224,359
08/19/2022,FDK,MD,AEA,EN,Federal Contract Tower,0,4,5,0,9,0,2,121,0,123,0,6,126,0,132,156,0,156,288
08/20/2022,FDK,MD,AEA,EN,Federal Contract Tower,0,0,15,0,15,0,0,107,0,107,0,0,122,0,122,134,0,134,256
08/21/2022,FDK,MD,AEA,EN,Federal Contract Tower,0,4,12,0,16,0,2,37,0,39,0,6,49,0,55,128,0,128,183
08/22/2022,FDK,MD,AEA,EN,Federal Contract Tower,0,4,11,0,15,0,4,28,0,32,0,8,39,0,47,36,0,36,83
08/23/2022,FDK,MD,AEA,EN,Federal Contract Tower,0,0,14,0,14,0,0,74,0,74,0,0,88,0,88,174,0,174,262
08/24/2022,FDK,MD,AEA,EN,Federal Contract Tower,0,0,9,0,9,0,0,104,0,104,0,0,113,0,113,306,0,306,419
08/25/2022,FDK,MD,AEA,EN,Federal Contract Tower,0,4,12,0,16,0,2,80,0,82,0,6,92,0,98,166,0,166,264
08/26/2022,FDK,MD,AEA,EN,Federal Contract Tower,0,5,15,0,20,0,0,65,0,65,0,5,80,0,85,138,0,138,223
08/27/2022,FDK,MD,AEA,EN,Federal Contract Tower,0,1,6,0,7,0,5,99,0,104,0,6,105,0,111,202,0,202,313
08/28/2022,FDK,MD,AEA,EN,Federal Contract Tower,0,0,11,0,11,0,3,75,0,78,0,3,86,0,89,238,0,238,327
08/29/2022,FDK,MD,AEA,EN,Federal Contract Tower,0,2,16,0,18,0,4,61,0,65,0,6,77,0,83,126,0,126,209
08/30/2022,FDK,MD,AEA,EN,Federal Contract Tower,0,0,4,0,4,0,1,58,0,59,0,1,62,0,63,148,0,148,211
08/31/2022,FDK,MD,AEA,EN,Federal Contract Tower,0,6,19,0,25,0,2,71,6,79,0,8,90,6,104,242,0,242,346
09/01/2022,FDK,MD,AEA,EN,Federal Contract Tower,0,7,12,0,19,0,4,102,0,106,0,11,114,0,125,134,0,134,259
09/02/2022,FDK,MD,AEA,EN,Federal Contract Tower,0,1,15,0,16,0,0,111,0,111,0,1,126,0,127,232,0,232,359
09/03/2022,FDK,MD,AEA,EN,Federal Contract Tower,0,1,26,0,27,0,1,67,0,68,0,2,93,0,95,142,0,142,237
09/04/2022,FDK,MD,AEA,EN,Federal Contract Tower,0,2,4,0,6,0,8,86,0,94,0,10,90,0,100,156,0,156,256
09/05/2022,FDK,MD,AEA,EN,Federal Contract Tower,0,1,8,0,9,0,2,31,0,33,0,3,39,0,42,94,0,94,136
09/06/2022,FDK,MD,AEA,EN,Federal Contract Tower,0,0,11,0,11,0,4,20,0,24,0,4,31,0,35,198,0,198,233
09/07/2022,FDK,MD,AEA,EN,Federal Contract Tower,0,4,15,0,19,0,0,1,0,1,0,4,16,0,20,0,0,0,20
09/08/2022,FDK,MD,AEA,EN,Federal Contract Tower,0,0,15,0,15,0,3,71,0,74,0,3,86,0,89,174,0,174,263
09/09/2022,FDK,MD,AEA,EN,Federal Contract Tower,0,4,21,0,25,0,0,145,0,145,0,4,166,0,170,148,0,148,318
09/10/2022,FDK,MD,AEA,EN,Federal Contract Tower,0,0,21,0,21,0,3,47,0,50,0,3,68,0,71,198,0,198,269
09/11/2022,FDK,MD,AEA,EN,Federal Contract Tower,0,4,13,0,17,0,0,0,0,0,0,4,13,0,17,0,0,0,17
09/12/2022,FDK,MD,AEA,EN,Federal Contract Tower,0,1,14,0,15,0,2,13,0,15,0,3,27,0,30,48,0,48,78
09/13/2022,FDK,MD,AEA,EN,Federal Contract Tower,0,2,5,0,7,0,6,85,0,91,0,8,90,0,98,170,0,170,268
09/14/2022,FDK,MD,AEA,EN,Federal Contract Tower,0,0,18,0,18,0,2,76,0,78,0,2,94,0,96,168,0,168,264
09/15/2022,FDK,MD,AEA,EN,Federal Contract Tower,0,0,14,0,14,0,0,84,0,84,0,0,98,0,98,186,0,186,284
09/16/2022,FDK,MD,AEA,EN,Federal Contract Tower,0,0,10,0,10,0,1,94,0,95,0,1,104,0,105,198,0,198,303
09/17/2022,FDK,MD,AEA,EN,Federal Contract Tower,0,5,5,0,10,0,10,123,0,133,0,15,128,0,143,229,0,229,372
09/18/2022,FDK,MD,AEA,EN,Federal Contract Tower,0,3,9,0,12,0,2,114,0,116,0,5,123,0,128,232,0,232,360
09/19/2022,FDK,MD,AEA,EN,Federal Contract Tower,0,0,11,0,11,0,2,76,0,78,0,2,87,0,89,166,0,166,255
09/20/2022,FDK,MD,AEA,EN,Federal Contract Tower,0,11,7,0,18,0,7,53,2,62,0,18,60,2,80,220,0,220,300
09/21/2022,FDK,MD,AEA,EN,Federal Contract Tower,0,0,12,0,12,0,6,96,2,104,0,6,108,2,116,170,0,170,286
09/22/2022,FDK,MD,AEA,EN,Federal Contract Tower,0,2,16,0,18,0,0,14,0,14,0,2,30,0,32,12,0,12,44
09/23/2022,FDK,MD,AEA,EN,Federal Contract Tower,0,0,7,0,7,0,2,58,2,62,0,2,65,2,69,112,0,112,181
09/24/2022,FDK,MD,AEA,EN,Federal Contract Tower,0,0,12,0,12,0,2,124,0,126,0,2,136,0,138,229,0,229,367
09/25/2022,FDK,MD,AEA,EN,Federal Contract Tower,0,3,6,0,9,0,3,60,0,63,0,6,66,0,72,112,0,112,184
09/26/2022,FDK,MD,AEA,EN,Federal Contract Tower,0,2,7,0,9,0,4,101,0,105,0,6,108,0,114,116,0,116,230
09/27/2022,FDK,MD,AEA,EN,Federal Contract Tower,0,4,5,0,9,0,0,72,0,72,0,4,77,0,81,104,0,104,185
09/29/2022,FDK,MD,AEA,EN,Federal Contract Tower,0,3,11,0,14,0,1,111,0,112,0,4,122,0,126,182,0,182,308
09/30/2022,FDK,MD,AEA,EN,Federal Contract Tower,0,0,10,0,10,0,4,72,0,76,0,4,82,0,86,156,0,156,242
10/01/2022,FDK,MD,AEA,EN,Federal Contract Tower,0,4,5,0,9,0,0,0,0,0,0,4,5,0,9,0,0,0,9
10/02/2022,FDK,MD,AEA,EN,Federal Contract Tower,0,6,7,0,13,0,0,0,0,0,0,6,7,0,13,0,0,0,13
10/03/2022,FDK,MD,AEA,EN,Federal Contract Tower,0,0,5,0,5,0,2,35,0,37,0,2,40,0,42,104,0,104,146
10/04/2022,FDK,MD,AEA,EN,Federal Contract Tower,0,8,7,2,17,0,2,6,0,8,0,10,13,2,25,20,0,20,45
10/05/2022,FDK,MD,AEA,EN,Federal Contract Tower,0,2,40,2,44,0,0,45,0,45,0,2,85,2,89,162,0,162,251
10/06/2022,FDK,MD,AEA,EN,Federal Contract Tower,0,5,19,0,24,0,7,158,0,165,0,12,177,0,189,272,0,272,461
10/07/2022,FDK,MD,AEA,EN,Federal Contract Tower,0,4,35,0,39,0,0,77,0,77,0,4,112,0,116,174,0,174,290
10/09/2022,FDK,MD,AEA,EN,Federal Contract Tower,0,2,22,0,24,0,0,88,0,88,0,2,110,0,112,180,0,180,292
10/10/2022,FDK,MD,AEA,EN,Federal Contract Tower,0,2,18,0,20,0,7,108,0,115,0,9,126,0,135,191,0,191,326
10/11/2022,FDK,MD,AEA,EN,Federal Contract Tower,0,5,17,0,22,0,6,142,0,148,0,11,159,0,170,207,0,207,377
10/12/2022,FDK,MD,AEA,EN,Federal Contract Tower,0,1,18,0,19,0,5,100,0,105,0,6,118,0,124,274,0,274,398
10/13/2022,FDK,MD,AEA,EN,Federal Contract Tower,0,1,10,0,11,0,0,2,0,2,0,1,12,0,13,0,0,0,13
10/14/2022,FDK,MD,AEA,EN,Federal Contract Tower,0,7,15,0,22,0,3,100,0,103,0,10,115,0,125,248,0,248,373
10/15/2022,FDK,MD,AEA,EN,Federal Contract Tower,0,0,6,0,6,0,4,95,0,99,0,4,101,0,105,126,0,126,231
10/16/2022,FDK,MD,AEA,EN,Federal Contract Tower,0,2,15,0,17,0,0,150,0,150,0,2,165,0,167,144,0,144,311
10/17/2022,FDK,MD,AEA,EN,Federal Contract Tower,0,1,24,0,25,0,4,41,0,45,0,5,65,0,70,118,0,118,188
10/18/2022,FDK,MD,AEA,EN,Federal Contract Tower,0,2,12,0,14,0,0,117,0,117,0,2,129,0,131,148,0,148,279
10/19/2022,FDK,MD,AEA,EN,Federal Contract Tower,0,1,10,1,12,0,4,67,0,71,0,5,77,1,83,194,0,194,277
10/20/2022,FDK,MD,AEA,EN,Federal Contract Tower,0,5,10,0,15,0,3,107,0,110,0,8,117,0,125,168,0,168,293
10/22/2022,FDK,MD,AEA,EN,Federal Contract Tower,0,0,14,0,14,0,10,140,0,150,0,10,154,0,164,256,0,256,420
10/23/2022,FDK,MD,AEA,EN,Federal Contract Tower,0,5,13,0,18,0,0,63,0,63,0,5,76,0,81,241,0,241,322
10/24/2022,FDK,MD,AEA,EN,Federal Contract Tower,0,1,15,0,16,0,0,23,0,23,0,1,38,0,39,108,0,108,147
10/25/2022,FDK,MD,AEA,EN,Federal Contract Tower,0,3,17,0,20,0,0,0,0,0,0,3,17,0,20,0,0,0,20
10/26/2022,FDK,MD,AEA,EN,Federal Contract Tower,0,3,27,0,30,0,2,28,0,30,0,5,55,0,60,96,0,96,156
10/27/2022,FDK,MD,AEA,EN,Federal Contract Tower,0,2,14,0,16,0,0,88,0,88,0,2,102,0,104,184,0,184,288
10/28/2022,FDK,MD,AEA,EN,Federal Contract Tower,0,0,6,0,6,0,0,133,0,133,0,0,139,0,139,316,0,316,455
10/29/2022,FDK,MD,AEA,EN,Federal Contract Tower,0,0,9,0,9,0,1,136,0,137,0,1,145,0,146,282,0,282,428
10/30/2022,FDK,MD,AEA,EN,Federal Contract Tower,0,3,13,0,16,0,2,106,0,108,0,5,119,0,124,198,0,198,322
10/31/2022,FDK,MD,AEA,EN,Federal Contract Tower,0,2,15,0,17,0,0,0,0,0,0,2,15,0,17,0,0,0,17
11/01/2022,FDK,MD,AEA,EN,Federal Contract Tower,0,3,10,0,13,0,0,61,0,61,0,3,71,0,74,220,0,220,294
11/02/2022,FDK,MD,AEA,EN,Federal Contract Tower,0,5,11,0,16,0,0,111,0,111,0,5,122,0,127,240,0,240,367
11/03/2022,FDK,MD,AEA,EN,Federal Contract Tower,0,0,8,0,8,0,0,128,0,128,0,0,136,0,136,234,0,234,370
11/04/2022,FDK,MD,AEA,EN,Federal Contract Tower,0,5,22,0,27,0,0,102,0,102,0,5,124,0,129,192,0,192,321
11/05/2022,FDK,MD,AEA,EN,Federal Contract Tower,0,1,24,0,25,0,0,45,0,45,0,1,69,0,70,178,0,178,248
11/06/2022,FDK,MD,AEA,EN,Federal Contract Tower,0,0,28,0,28,0,2,20,0,22,0,2,48,0,50,164,0,164,214
11/07/2022,FDK,MD,AEA,EN,Federal Contract Tower,0,0,12,0,12,0,5,120,4,129,0,5,132,4,141,172,0,172,313
11/08/2022,FDK,MD,AEA,EN,Federal Contract Tower,0,0,6,0,6,0,6,81,0,87,0,6,87,0,93,132,0,132,225
11/09/2022,FDK,MD,AEA,EN,Federal Contract Tower,0,0,10,0,10,0,4,134,0,138,0,4,144,0,148,284,0,284,432
11/10/2022,FDK,MD,AEA,EN,Federal Contract Tower,0,4,1,0,5,0,4,103,0,107,0,8,104,0,112,178,0,178,290
11/11/2022,FDK,MD,AEA,EN,Federal Contract Tower,0,1,2,0,3,0,0,0,0,0,0,1,2,0,3,0,0,0,3
11/12/2022,FDK,MD,AEA,EN,Federal Contract Tower,0,2,15,0,17,0,1,69,0,70,0,3,84,0,87,230,0,230,317
11/13/2022,FDK,MD,AEA,EN,Federal Contract Tower,0,5,5,0,10,0,2,23,0,25,0,7,28,0,35,14,0,14,49
11/14/2022,FDK,MD,AEA,EN,Federal Contract Tower,0,1,9,0,10,0,3,74,0,77,0,4,83,0,87,238,0,238,325
11/15/2022,FDK,MD,AEA,EN,Federal Contract Tower,0,0,3,0,3,0,2,20,0,22,0,2,23,0,25,100,0,100,125
11/16/2022,FDK,MD,AEA,EN,Federal Contract Tower,0,0,13,0,13,0,5,54,0,59,0,5,67,0,72,106,0,106,178
11/18/2022,FDK,MD,AEA,EN,Federal Contract Tower,0,5,4,0,9,0,0,53,0,53,0,5,57,0,62,100,0,100,162
11/19/2022,FDK,MD,AEA,EN,Federal Contract Tower,0,2,8,0,10,0,0,148,0,148,0,2,156,0,158,254,0,254,412
11/20/2022,FDK,MD,AEA,EN,Federal Contract Tower,0,2,6,0,8,0,1,10,0,11,0,3,16,0,19,38,0,38,57
11/21/2022,FDK,MD,AEA,EN,Federal Contract Tower,0,0,6,0,6,0,6,97,0,103,0,6,103,0,109,216,0,216,325
11/22/2022,FDK,MD,AEA,EN,Federal Contract Tower,0,1,7,0,8,0,12,110,0,122,0,13,117,0,130,240,0,240,370
11/23/2022,FDK,MD,AEA,EN,Federal Contract Tower,0,0,12,2,14,0,1,133,0,134,0,1,145,2,148,228,0,228,376
11/24/2022,FDK,MD,AEA,EN,Federal Contract Tower,0,0,1,0,1,0,0,37,0,37,0,0,38,0,38,26,0,26,64
11/25/2022,FDK,MD,AEA,EN,Federal Contract Tower,0,2,2,0,4,0,2,15,0,17,0,4,17,0,21,12,0,12,33
11/26/2022,FDK,MD,AEA,EN,Federal Contract Tower,0,0,10,0,10,0,0,168,0,168,0,0,178,0,178,216,0,216,394
11/27/2022,FDK,MD,AEA,EN,Federal Contract Tower,0,10,12,0,22,0,0,16,0,16,0,10,28,0,38,30,0,30,68
11/28/2022,FDK,MD,AEA,EN,Federal Contract Tower,0,0,9,0,9,0,3,40,0,43,0,3,49,0,52,54,0,54,106
11/29/2022,FDK,MD,AEA,EN,Federal Contract Tower,0,7,9,0,16,0,0,121,0,121,0,7,130,0,137,292,0,292,429
11/30/2022,FDK,MD,AEA,EN,Federal Contract Tower,0,4,15,0,19,0,0,0,0,0,0,4,15,0,19,0,0,0,19
12/01/2022,FDK,MD,AEA,EN,Federal Contract Tower,0,1,15,0,16,0,0,72,0,72,0,1,87,0,88,106,0,106,194
12/02/2022,FDK,MD,AEA,EN,Federal Contract Tower,0,1,16,0,17,0,0,155,0,155,0,1,171,0,172,364,0,364,536
12/03/2022,FDK,MD,AEA,EN,Federal Contract Tower,0,0,7,0,7,0,3,13,0,16,0,3,20,0,23,62,0,62,85
12/04/2022,FDK,MD,AEA,EN,Federal Contract Tower,0,0,12,0,12,0,0,155,0,155,0,0,167,0,167,364,0,364,531
12/05/2022,FDK,MD,AEA,EN,Federal Contract Tower,0,0,21,0,21,0,7,97,0,104,0,7,118,0,125,228,0,228,353
12/06/2022,FDK,MD,AEA,EN,Federal Contract Tower,0,4,12,0,16,0,0,0,0,0,0,4,12,0,16,0,0,0,16
12/07/2022,FDK,MD,AEA,EN,Federal Contract Tower,0,1,13,0,14,0,0,0,0,0,0,1,13,0,14,0,0,0,14
12/08/2022,FDK,MD,AEA,EN,Federal Contract Tower,0,2,17,0,19,0,0,120,0,120,0,2,137,0,139,302,0,302,441
12/09/2022,FDK,MD,AEA,EN,Federal Contract Tower,0,3,8,1,12,0,0,129,3,132,0,3,137,4,144,232,0,232,376
12/10/2022,FDK,MD,AEA,EN,Federal Contract Tower,0,0,9,0,9,0,4,109,0,113,0,4,118,0,122,248,0,248,370
12/11/2022,FDK,MD,AEA,EN,Federal Contract Tower,0,5,6,0,11,0,0,3,0,3,0,5,9,0,14,14,0,14,28
12/12/2022,FDK,MD,AEA,EN,Federal Contract Tower,0,1,16,0,17,0,4,35,0,39,0,5,51,0,56,118,0,118,174
12/13/2022,FDK,MD,AEA,EN,Federal Contract Tower,0,4,12,0,16,0,2,91,0,93,0,6,103,0,109,330,0,330,439
12/14/2022,FDK,MD,AEA,EN,Federal Contract Tower,0,0,22,0,22,0,6,106,0,112,0,6,128,0,134,214,0,214,348
12/15/2022,FDK,MD,AEA,EN,Federal Contract Tower,0,0,0,0,0,0,0,0,0,0,0,0,0,0,0,0,0,0,0
12/16/2022,FDK,MD,AEA,EN,Federal Contract Tower,0,3,6,0,9,0,4,55,0,59,0,7,61,0,68,146,0,146,214
12/17/2022,FDK,MD,AEA,EN,Federal Contract Tower,0,0,8,0,8,0,0,76,0,76,0,0,84,0,84,206,0,206,290
12/18/2022,FDK,MD,AEA,EN,Federal Contract Tower,0,4,8,0,12,0,2,51,0,53,0,6,59,0,65,72,0,72,137
12/19/2022,FDK,MD,AEA,EN,Federal Contract Tower,0,3,15,0,18,0,0,69,0,69,0,3,84,0,87,94,0,94,181
12/20/2022,FDK,MD,AEA,EN,Federal Contract Tower,0,0,10,0,10,0,0,137,0,137,0,0,147,0,147,338,0,338,485
12/21/2022,FDK,MD,AEA,EN,Federal Contract Tower,0,0,27,0,27,0,0,133,2,135,0,0,160,2,162,218,8,226,388
12/22/2022,FDK,MD,AEA,EN,Federal Contract Tower,0,2,0,0,2,0,0,0,0,0,0,2,0,0,2,0,0,0,2
12/23/2022,FDK,MD,AEA,EN,Federal Contract Tower,0,2,0,0,2,0,0,0,0,0,0,2,0,0,2,0,0,0,2
12/24/2022,FDK,MD,AEA,EN,Federal Contract Tower,0,0,0,0,0,0,4,5,0,9,0,4,5,0,9,8,0,8,17
12/25/2022,FDK,MD,AEA,EN,Federal Contract Tower,0,0,2,0,2,0,4,9,0,13,0,4,11,0,15,4,0,4,19
12/26/2022,FDK,MD,AEA,EN,Federal Contract Tower,0,1,10,0,11,0,2,85,0,87,0,3,95,0,98,186,0,186,284
12/27/2022,FDK,MD,AEA,EN,Federal Contract Tower,0,2,15,0,17,0,2,114,0,116,0,4,129,0,133,188,0,188,321
12/28/2022,FDK,MD,AEA,EN,Federal Contract Tower,0,0,21,0,21,0,0,145,0,145,0,0,166,0,166,246,0,246,412
12/29/2022,FDK,MD,AEA,EN,Federal Contract Tower,0,2,11,0,13,0,0,171,0,171,0,2,182,0,184,248,0,248,432
12/30/2022,FDK,MD,AEA,EN,Federal Contract Tower,0,6,5,0,11,0,3,160,0,163,0,9,165,0,174,296,0,296,470
12/31/2022,FDK,MD,AEA,EN,Federal Contract Tower,0,0,2,0,2,0,0,0,0,0,0,0,2,0,2,0,0,0,2
01/01/2023,FDK,MD,AEA,EN,Federal Contract Tower,0,3,15,0,18,0,0,78,0,78,0,3,93,0,96,166,0,166,262
01/02/2023,FDK,MD,AEA,EN,Federal Contract Tower,0,2,13,0,15,0,0,118,0,118,0,2,131,0,133,306,0,306,439
01/03/2023,FDK,MD,AEA,EN,Federal Contract Tower,0,2,2,0,4,0,0,2,0,2,0,2,4,0,6,12,0,12,18
01/05/2023,FDK,MD,AEA,EN,Federal Contract Tower,0,1,16,0,17,0,1,90,0,91,0,2,106,0,108,186,0,186,294
01/06/2023,FDK,MD,AEA,EN,Federal Contract Tower,0,5,5,0,10,0,1,49,0,50,0,6,54,0,60,74,0,74,134
01/07/2023,FDK,MD,AEA,EN,Federal Contract Tower,0,0,9,0,9,0,0,83,0,83,0,0,92,0,92,168,0,168,260
01/08/2023,FDK,MD,AEA,EN,Federal Contract Tower,0,1,8,0,9,0,0,80,0,80,0,1,88,0,89,248,0,248,337
01/09/2023,FDK,MD,AEA,EN,Federal Contract Tower,0,0,12,0,12,0,2,58,0,60,0,2,70,0,72,92,0,92,164
01/10/2023,FDK,MD,AEA,EN,Federal Contract Tower,0,3,16,0,19,0,1,131,0,132,0,4,147,0,151,224,0,224,375
01/11/2023,FDK,MD,AEA,EN,Federal Contract Tower,0,1,13,0,14,0,2,100,0,102,0,3,113,0,116,214,0,214,330
01/12/2023,FDK,MD,AEA,EN,Federal Contract Tower,0,4,12,0,16,0,0,0,0,0,0,4,12,0,16,14,0,14,30
01/13/2023,FDK,MD,AEA,EN,Federal Contract Tower,0,1,16,0,17,0,1,22,0,23,0,2,38,0,40,10,0,10,50
01/14/2023,FDK,MD,AEA,EN,Federal Contract Tower,0,0,1,0,1,0,4,9,0,13,0,4,10,0,14,14,0,14,28
01/15/2023,FDK,MD,AEA,EN,Federal Contract Tower,0,0,12,0,12,0,0,64,0,64,0,0,76,0,76,124,0,124,200
01/16/2023,FDK,MD,AEA,EN,Federal Contract Tower,0,2,19,0,21,0,0,120,0,120,0,2,139,0,141,224,0,224,365
01/17/2023,FDK,MD,AEA,EN,Federal Contract Tower,0,1,9,0,10,0,1,0,0,1,0,2,9,0,11,106,0,106,117
01/18/2023,FDK,MD,AEA,EN,Federal Contract Tower,0,0,14,1,15,0,2,57,5,64,0,2,71,6,79,162,0,162,241
01/19/2023,FDK,MD,AEA,EN,Federal Contract Tower,0,0,13,0,13,0,0,4,0,4,0,0,17,0,17,4,0,4,21
01/20/2023,FDK,MD,AEA,EN,Federal Contract Tower,0,2,11,0,13,0,0,9,0,9,0,2,20,0,22,4,0,4,26
01/21/2023,FDK,MD,AEA,EN,Federal Contract Tower,0,2,9,0,11,0,0,155,0,155,0,2,164,0,166,262,0,262,428
01/22/2023,FDK,MD,AEA,EN,Federal Contract Tower,0,0,6,0,6,0,0,31,0,31,0,0,37,0,37,152,0,152,189
01/23/2023,FDK,MD,AEA,EN,Federal Contract Tower,0,2,6,0,8,0,0,7,0,7,0,2,13,0,15,8,0,8,23
01/24/2023,FDK,MD,AEA,EN,Federal Contract Tower,0,1,8,0,9,0,4,98,0,102,0,5,106,0,111,168,0,168,279
01/25/2023,FDK,MD,AEA,EN,Federal Contract Tower,0,0,1,0,1,0,0,2,0,2,0,0,3,0,3,0,0,0,3
01/26/2023,FDK,MD,AEA,EN,Federal Contract Tower,0,2,5,0,7,0,2,26,0,28,0,4,31,0,35,22,0,22,57
01/27/2023,FDK,MD,AEA,EN,Federal Contract Tower,0,2,25,0,27,0,2,92,1,95,0,4,117,1,122,100,0,100,222
01/28/2023,FDK,MD,AEA,EN,Federal Contract Tower,0,1,19,0,20,0,0,153,0,153,0,1,172,0,173,220,0,220,393
01/29/2023,FDK,MD,AEA,EN,Federal Contract Tower,0,2,17,0,19,0,5,85,0,90,0,7,102,0,109,220,0,220,329
01/30/2023,FDK,MD,AEA,EN,Federal Contract Tower,0,3,17,0,20,0,4,69,0,73,0,7,86,0,93,310,0,310,403
01/31/2023,FDK,MD,AEA,EN,Federal Contract Tower,0,0,6,0,6,0,0,26,0,26,0,0,32,0,32,106,0,106,138
02/01/2023,FDK,MD,AEA,EN,Federal Contract Tower,0,0,11,0,11,0,4,89,2,95,0,4,100,2,106,192,0,192,298
02/02/2023,FDK,MD,AEA,EN,Federal Contract Tower,0,0,11,0,11,0,5,118,2,125,0,5,129,2,136,220,0,220,356
02/03/2023,FDK,MD,AEA,EN,Federal Contract Tower,0,0,4,1,5,0,0,9,2,11,0,0,13,3,16,0,0,0,16
02/04/2023,FDK,MD,AEA,EN,Federal Contract Tower,0,0,10,0,10,0,5,72,0,77,0,5,82,0,87,132,0,132,219
02/05/2023,FDK,MD,AEA,EN,Federal Contract Tower,0,1,7,0,8,0,3,87,0,90,0,4,94,0,98,170,0,170,268
02/06/2023,FDK,MD,AEA,EN,Federal Contract Tower,0,3,7,0,10,0,1,37,0,38,0,4,44,0,48,56,0,56,104
02/07/2023,FDK,MD,AEA,EN,Federal Contract Tower,0,0,8,0,8,0,2,104,0,106,0,2,112,0,114,220,0,220,334
02/08/2023,FDK,MD,AEA,EN,Federal Contract Tower,0,1,11,0,12,0,4,122,4,130,0,5,133,4,142,266,0,266,408
02/09/2023,FDK,MD,AEA,EN,Federal Contract Tower,0,0,4,0,4,0,2,56,0,58,0,2,60,0,62,124,0,124,186
02/10/2023,FDK,MD,AEA,EN,Federal Contract Tower,0,0,2,1,3,0,1,38,0,39,0,1,40,1,42,68,0,68,110
02/11/2023,FDK,MD,AEA,EN,Federal Contract Tower,0,0,17,0,17,0,0,131,0,131,0,0,148,0,148,194,0,194,342
02/12/2023,FDK,MD,AEA,EN,Federal Contract Tower,0,2,9,0,11,0,0,54,0,54,0,2,63,0,65,180,0,180,245
02/13/2023,FDK,MD,AEA,EN,Federal Contract Tower,0,1,12,0,13,0,8,80,0,88,0,9,92,0,101,144,0,144,245
02/14/2023,FDK,MD,AEA,EN,Federal Contract Tower,0,2,10,0,12,0,1,126,0,127,0,3,136,0,139,222,0,222,361
02/15/2023,FDK,MD,AEA,EN,Federal Contract Tower,0,0,21,0,21,0,16,75,0,91,0,16,96,0,112,78,0,78,190
02/16/2023,FDK,MD,AEA,EN,Federal Contract Tower,0,1,10,0,11,0,1,27,0,28,0,2,37,0,39,88,0,88,127
02/17/2023,FDK,MD,AEA,EN,Federal Contract Tower,0,3,16,0,19,0,4,1,0,5,0,7,17,0,24,4,0,4,28
02/18/2023,FDK,MD,AEA,EN,Federal Contract Tower,0,0,15,0,15,0,0,175,0,175,0,0,190,0,190,228,0,228,418
02/19/2023,FDK,MD,AEA,EN,Federal Contract Tower,0,6,6,0,12,0,0,88,0,88,0,6,94,0,100,186,0,186,286
02/20/2023,FDK,MD,AEA,EN,Federal Contract Tower,0,1,13,0,14,0,4,115,0,119,0,5,128,0,133,176,0,176,309
02/21/2023,FDK,MD,AEA,EN,Federal Contract Tower,0,1,7,0,8,0,0,33,2,35,0,1,40,2,43,92,0,92,135
02/22/2023,FDK,MD,AEA,EN,Federal Contract Tower,0,1,11,2,14,0,2,52,0,54,0,3,63,2,68,138,0,138,206
02/23/2023,FDK,MD,AEA,EN,Federal Contract Tower,0,1,10,0,11,0,10,129,2,141,0,11,139,2,152,236,0,236,388
02/24/2023,FDK,MD,AEA,EN,Federal Contract Tower,0,8,0,0,8,0,2,22,4,28,0,10,22,4,36,14,0,14,50
02/25/2023,FDK,MD,AEA,EN,Federal Contract Tower,0,0,4,0,4,0,0,38,0,38,0,0,42,0,42,92,0,92,134
02/26/2023,FDK,MD,AEA,EN,Federal Contract Tower,0,5,15,0,20,0,3,65,0,68,0,8,80,0,88,100,0,100,188
02/27/2023,FDK,MD,AEA,EN,Federal Contract Tower,0,0,2,0,2,0,4,91,0,95,0,4,93,0,97,158,0,158,255
02/28/2023,FDK,MD,AEA,EN,Federal Contract Tower,0,0,4,0,4,0,0,55,0,55,0,0,59,0,59,128,0,128,187
03/01/2023,FDK,MD,AEA,EN,Federal Contract Tower,0,2,13,0,15,0,2,94,0,96,0,4,107,0,111,173,0,173,284
03/02/2023,FDK,MD,AEA,EN,Federal Contract Tower,0,0,11,0,11,0,3,86,0,89,0,3,97,0,100,188,0,188,288
03/03/2023,FDK,MD,AEA,EN,Federal Contract Tower,0,2,5,0,7,0,0,12,0,12,0,2,17,0,19,78,0,78,97
03/04/2023,FDK,MD,AEA,EN,Federal Contract Tower,0,0,4,0,4,0,6,2,0,8,0,6,6,0,12,0,0,0,12
03/05/2023,FDK,MD,AEA,EN,Federal Contract Tower,0,2,10,0,12,0,4,145,0,149,0,6,155,0,161,158,0,158,319
03/06/2023,FDK,MD,AEA,EN,Federal Contract Tower,0,1,14,2,17,0,4,166,0,170,0,5,180,2,187,264,0,264,451
03/07/2023,FDK,MD,AEA,EN,Federal Contract Tower,0,0,3,0,3,0,0,6,0,6,0,0,9,0,9,66,0,66,75
03/08/2023,FDK,MD,AEA,EN,Federal Contract Tower,0,0,5,0,5,0,0,69,0,69,0,0,74,0,74,34,0,34,108
03/09/2023,FDK,MD,AEA,EN,Federal Contract Tower,0,0,15,0,15,0,0,174,0,174,0,0,189,0,189,248,0,248,437
03/10/2023,FDK,MD,AEA,EN,Federal Contract Tower,0,0,0,0,0,0,0,2,0,2,0,0,2,0,2,0,0,0,2
03/11/2023,FDK,MD,AEA,EN,Federal Contract Tower,0,0,4,0,4,0,0,21,0,21,0,0,25,0,25,8,0,8,33
03/12/2023,FDK,MD,AEA,EN,Federal Contract Tower,0,0,10,0,10,0,0,117,0,117,0,0,127,0,127,160,0,160,287
03/13/2023,FDK,MD,AEA,EN,Federal Contract Tower,0,2,7,0,9,0,0,14,0,14,0,2,21,0,23,136,0,136,159
03/14/2023,FDK,MD,AEA,EN,Federal Contract Tower,0,1,0,0,1,0,4,5,0,9,0,5,5,0,10,0,0,0,10
03/15/2023,FDK,MD,AEA,EN,Federal Contract Tower,0,3,5,0,8,0,7,14,0,21,0,10,19,0,29,2,0,2,31
03/16/2023,FDK,MD,AEA,EN,Federal Contract Tower,0,0,18,0,18,0,0,210,0,210,0,0,228,0,228,310,0,310,538
03/17/2023,FDK,MD,AEA,EN,Federal Contract Tower,0,0,19,4,23,0,3,53,0,56,0,3,72,4,79,146,0,146,225
03/18/2023,FDK,MD,AEA,EN,Federal Contract Tower,0,2,9,0,11,0,0,47,0,47,0,2,56,0,58,60,2,62,120
03/19/2023,FDK,MD,AEA,EN,Federal Contract Tower,0,1,6,0,7,0,0,44,4,48,0,1,50,4,55,72,0,72,127
03/20/2023,FDK,MD,AEA,EN,Federal Contract Tower,0,1,8,0,9,0,4,137,0,141,0,5,145,0,150,262,0,262,412
03/21/2023,FDK,MD,AEA,EN,Federal Contract Tower,0,11,8,0,19,0,4,144,2,150,0,15,152,2,169,306,0,306,475
03/22/2023,FDK,MD,AEA,EN,Federal Contract Tower,0,2,16,0,18,0,2,140,0,142,0,4,156,0,160,230,0,230,390
03/23/2023,FDK,MD,AEA,EN,Federal Contract Tower,0,0,12,0,12,0,1,42,0,43,0,1,54,0,55,118,0,118,173
03/24/2023,FDK,MD,AEA,EN,Federal Contract Tower,0,0,17,0,17,0,0,10,0,10,0,0,27,0,27,46,0,46,73
03/25/2023,FDK,MD,AEA,EN,Federal Contract Tower,0,0,12,0,12,0,0,0,0,0,0,0,12,0,12,0,0,0,12
03/26/2023,FDK,MD,AEA,EN,Federal Contract Tower,0,1,11,0,12,0,0,116,0,116,0,1,127,0,128,232,0,232,360
03/27/2023,FDK,MD,AEA,EN,Federal Contract Tower,0,2,15,0,17,0,6,67,0,73,0,8,82,0,90,160,0,160,250
03/28/2023,FDK,MD,AEA,EN,Federal Contract Tower,0,1,13,0,14,0,9,99,0,108,0,10,112,0,122,212,12,224,346
03/29/2023,FDK,MD,AEA,EN,Federal Contract Tower,0,0,14,0,14,0,4,154,0,158,0,4,168,0,172,304,0,304,476
03/30/2023,FDK,MD,AEA,EN,Federal Contract Tower,0,0,11,0,11,0,6,164,0,170,0,6,175,0,181,318,0,318,499
03/31/2023,FDK,MD,AEA,EN,Federal Contract Tower,0,0,14,0,14,0,2,51,0,53,0,2,65,0,67,178,0,178,245
04/01/2023,FDK,MD,AEA,EN,Federal Contract Tower,0,0,3,0,3,0,0,8,0,8,0,0,11,0,11,24,0,24,35
04/02/2023,FDK,MD,AEA,EN,Federal Contract Tower,0,1,17,0,18,0,4,94,1,99,0,5,111,1,117,194,0,194,311
04/03/2023,FDK,MD,AEA,EN,Federal Contract Tower,0,2,7,0,9,0,6,90,5,101,0,8,97,5,110,234,0,234,344
04/04/2023,FDK,MD,AEA,EN,Federal Contract Tower,0,8,15,0,23,0,4,138,1,143,0,12,153,1,166,260,4,264,430
04/05/2023,FDK,MD,AEA,EN,Federal Contract Tower,0,0,8,0,8,0,5,92,1,98,0,5,100,1,106,176,2,178,284
04/06/2023,FDK,MD,AEA,EN,Federal Contract Tower,0,1,11,0,12,0,12,63,2,77,0,13,74,2,89,220,0,220,309
04/07/2023,FDK,MD,AEA,EN,Federal Contract Tower,0,3,17,0,20,0,0,119,1,120,0,3,136,1,140,258,0,258,398
04/08/2023,FDK,MD,AEA,EN,Federal Contract Tower,0,1,8,0,9,0,2,119,0,121,0,3,127,0,130,308,0,308,438
04/09/2023,FDK,MD,AEA,EN,Federal Contract Tower,0,2,14,0,16,0,4,96,0,100,0,6,110,0,116,200,0,200,316
04/10/2023,FDK,MD,AEA,EN,Federal Contract Tower,0,0,10,0,10,0,7,140,0,147,0,7,150,0,157,230,0,230,387
04/11/2023,FDK,MD,AEA,EN,Federal Contract Tower,0,0,4,0,4,0,3,129,0,132,0,3,133,0,136,178,0,178,314
04/12/2023,FDK,MD,AEA,EN,Federal Contract Tower,0,0,16,0,16,0,13,95,0,108,0,13,111,0,124,68,0,68,192
04/13/2023,FDK,MD,AEA,EN,Federal Contract Tower,0,0,16,0,16,0,11,180,0,191,0,11,196,0,207,286,0,286,493
04/14/2023,FDK,MD,AEA,EN,Federal Contract Tower,0,0,13,0,13,0,0,156,0,156,0,0,169,0,169,296,0,296,465
04/15/2023,FDK,MD,AEA,EN,Federal Contract Tower,0,1,4,0,5,0,2,27,0,29,0,3,31,0,34,84,0,84,118
04/16/2023,FDK,MD,AEA,EN,Federal Contract Tower,0,3,16,0,19,0,0,129,0,129,0,3,145,0,148,198,0,198,346
04/17/2023,FDK,MD,AEA,EN,Federal Contract Tower,0,3,10,0,13,0,11,48,0,59,0,14,58,0,72,60,0,60,132
04/18/2023,FDK,MD,AEA,EN,Federal Contract Tower,0,0,7,0,7,0,2,23,0,25,0,2,30,0,32,8,0,8,40
04/20/2023,FDK,MD,AEA,EN,Federal Contract Tower,0,0,18,0,18,0,5,152,0,157,0,5,170,0,175,250,0,250,425
04/21/2023,FDK,MD,AEA,EN,Federal Contract Tower,0,1,23,0,24,0,1,159,0,160,0,2,182,0,184,230,0,230,414
04/22/2023,FDK,MD,AEA,EN,Federal Contract Tower,0,0,5,0,5,0,2,17,0,19,0,2,22,0,24,46,0,46,70
04/23/2023,FDK,MD,AEA,EN,Federal Contract Tower,0,1,10,0,11,0,6,164,0,170,0,7,174,0,181,182,0,182,363
04/24/2023,FDK,MD,AEA,EN,Federal Contract Tower,0,6,16,0,22,0,1,101,0,102,0,7,117,0,124,178,0,178,302
04/25/2023,FDK,MD,AEA,EN,Federal Contract Tower,0,1,6,0,7,0,0,143,0,143,0,1,149,0,150,228,0,228,378
04/26/2023,FDK,MD,AEA,EN,Federal Contract Tower,0,4,21,0,25,0,2,97,0,99,0,6,118,0,124,254,0,254,378
04/27/2023,FDK,MD,AEA,EN,Federal Contract Tower,0,3,34,0,37,0,0,75,0,75,0,3,109,0,112,226,0,226,338
04/28/2023,FDK,MD,AEA,EN,Federal Contract Tower,0,1,16,0,17,0,0,0,0,0,0,1,16,0,17,0,0,0,17
04/29/2023,FDK,MD,AEA,EN,Federal Contract Tower,0,0,19,0,19,0,1,21,0,22,0,1,40,0,41,94,0,94,135
04/30/2023,FDK,MD,AEA,EN,Federal Contract Tower,0,0,7,0,7,0,0,0,0,0,0,0,7,0,7,0,0,0,7
05/01/2023,FDK,MD,AEA,EN,Federal Contract Tower,0,1,11,0,12,0,0,31,0,31,0,1,42,0,43,88,0,88,131
05/02/2023,FDK,MD,AEA,EN,Federal Contract Tower,0,1,11,0,12,0,6,31,0,37,0,7,42,0,49,64,0,64,113
05/03/2023,FDK,MD,AEA,EN,Federal Contract Tower,0,2,10,0,12,0,3,55,0,58,0,5,65,0,70,194,0,194,264
05/04/2023,FDK,MD,AEA,EN,Federal Contract Tower,0,2,9,0,11,0,4,130,0,134,0,6,139,0,145,364,0,364,509
05/05/2023,FDK,MD,AEA,EN,Federal Contract Tower,0,0,30,0,30,0,2,226,0,228,0,2,256,0,258,266,0,266,524
05/06/2023,FDK,MD,AEA,EN,Federal Contract Tower,0,1,13,0,14,0,0,214,0,214,0,1,227,0,228,264,0,264,492
05/07/2023,FDK,MD,AEA,EN,Federal Contract Tower,0,3,15,0,18,0,0,142,0,142,0,3,157,0,160,252,0,252,412
05/08/2023,FDK,MD,AEA,EN,Federal Contract Tower,0,1,6,0,7,0,2,102,0,104,0,3,108,0,111,308,0,308,419
05/09/2023,FDK,MD,AEA,EN,Federal Contract Tower,0,3,11,0,14,0,0,82,0,82,0,3,93,0,96,224,0,224,320
05/10/2023,FDK,MD,AEA,EN,Federal Contract Tower,0,4,18,0,22,0,3,184,2,189,0,7,202,2,211,300,0,300,511
05/11/2023,FDK,MD,AEA,EN,Federal Contract Tower,0,1,13,1,15,0,2,126,0,128,0,3,139,1,143,332,0,332,475
05/12/2023,FDK,MD,AEA,EN,Federal Contract Tower,0,1,0,20,21,0,3,144,0,147,0,4,144,20,168,272,0,272,440
05/13/2023,FDK,MD,AEA,EN,Federal Contract Tower,0,1,19,0,20,0,0,24,0,24,0,1,43,0,44,82,0,82,126
05/14/2023,FDK,MD,AEA,EN,Federal Contract Tower,0,1,8,0,9,0,4,135,0,139,0,5,143,0,148,188,0,188,336
05/15/2023,FDK,MD,AEA,EN,Federal Contract Tower,0,6,12,0,18,0,2,157,0,159,0,8,169,0,177,268,0,268,445
05/16/2023,FDK,MD,AEA,EN,Federal Contract Tower,0,2,13,0,15,0,0,120,0,120,0,2,133,0,135,192,0,192,327
05/17/2023,FDK,MD,AEA,EN,Federal Contract Tower,0,1,12,0,13,0,3,118,0,121,0,4,130,0,134,278,0,278,412
05/18/2023,FDK,MD,AEA,EN,Federal Contract Tower,0,0,4,0,4,0,4,160,0,164,0,4,164,0,168,264,0,264,432
05/19/2023,FDK,MD,AEA,EN,Federal Contract Tower,0,3,27,0,30,0,2,87,2,91,0,5,114,2,121,216,0,216,337
05/20/2023,FDK,MD,AEA,EN,Federal Contract Tower,0,0,16,0,16,0,2,70,0,72,0,2,86,0,88,148,0,148,236
05/21/2023,FDK,MD,AEA,EN,Federal Contract Tower,0,1,21,0,22,0,3,157,0,160,0,4,178,0,182,194,0,194,376
05/22/2023,FDK,MD,AEA,EN,Federal Contract Tower,0,1,12,0,13,0,5,153,0,158,0,6,165,0,171,252,0,252,423
05/23/2023,FDK,MD,AEA,EN,Federal Contract Tower,0,2,13,0,15,0,4,115,0,119,0,6,128,0,134,204,0,204,338
05/24/2023,FDK,MD,AEA,EN,Federal Contract Tower,0,2,8,0,10,0,1,127,0,128,0,3,135,0,138,258,0,258,396
05/25/2023,FDK,MD,AEA,EN,Federal Contract Tower,0,3,20,0,23,0,2,131,0,133,0,5,151,0,156,218,0,218,374
05/26/2023,FDK,MD,AEA,EN,Federal Contract Tower,0,0,13,0,13,0,3,141,0,144,0,3,154,0,157,388,0,388,545
05/27/2023,FDK,MD,AEA,EN,Federal Contract Tower,0,0,14,0,14,0,4,132,0,136,0,4,146,0,150,226,0,226,376
05/28/2023,FDK,MD,AEA,EN,Federal Contract Tower,0,0,11,0,11,0,4,120,0,124,0,4,131,0,135,252,0,252,387
05/29/2023,FDK,MD,AEA,EN,Federal Contract Tower,0,1,9,0,10,0,6,99,0,105,0,7,108,0,115,232,0,232,347
05/30/2023,FDK,MD,AEA,EN,Federal Contract Tower,0,5,16,0,21,0,2,90,0,92,0,7,106,0,113,274,0,274,387
05/31/2023,FDK,MD,AEA,EN,Federal Contract Tower,0,1,12,1,14,0,12,124,0,136,0,13,136,1,150,336,0,336,486
06/01/2023,FDK,MD,AEA,EN,Federal Contract Tower,0,0,23,0,23,0,2,143,0,145,0,2,166,0,168,286,0,286,454
06/02/2023,FDK,MD,AEA,EN,Federal Contract Tower,0,0,22,0,22,0,3,140,0,143,0,3,162,0,165,292,0,292,457
06/03/2023,FDK,MD,AEA,EN,Federal Contract Tower,0,0,13,0,13,0,2,76,0,78,0,2,89,0,91,224,0,224,315
06/04/2023,FDK,MD,AEA,EN,Federal Contract Tower,0,0,27,0,27,0,2,144,0,146,0,2,171,0,173,180,0,180,353
06/05/2023,FDK,MD,AEA,EN,Federal Contract Tower,0,0,6,0,6,0,4,98,0,102,0,4,104,0,108,276,0,276,384
06/06/2023,FDK,MD,AEA,EN,Federal Contract Tower,0,1,6,0,7,0,2,49,0,51,0,3,55,0,58,206,0,206,264
06/07/2023,FDK,MD,AEA,EN,Federal Contract Tower,0,0,23,4,27,0,0,33,0,33,0,0,56,4,60,194,0,194,254
06/08/2023,FDK,MD,AEA,EN,Federal Contract Tower,0,1,32,0,33,0,0,13,0,13,0,1,45,0,46,54,0,54,100
06/09/2023,FDK,MD,AEA,EN,Federal Contract Tower,0,0,16,0,16,0,3,69,0,72,0,3,85,0,88,238,0,238,326
06/10/2023,FDK,MD,AEA,EN,Federal Contract Tower,0,3,13,1,17,0,6,146,1,153,0,9,159,2,170,230,0,230,400
06/11/2023,FDK,MD,AEA,EN,Federal Contract Tower,0,3,13,0,16,0,0,140,0,140,0,3,153,0,156,158,0,158,314
06/12/2023,FDK,MD,AEA,EN,Federal Contract Tower,0,1,3,0,4,0,1,5,0,6,0,2,8,0,10,16,0,16,26
06/13/2023,FDK,MD,AEA,EN,Federal Contract Tower,0,1,18,0,19,0,3,106,0,109,0,4,124,0,128,195,0,195,323
06/14/2023,FDK,MD,AEA,EN,Federal Contract Tower,0,0,7,0,7,0,0,28,0,28,0,0,35,0,35,104,0,104,139
06/15/2023,FDK,MD,AEA,EN,Federal Contract Tower,0,0,13,0,13,0,0,202,0,202,0,0,215,0,215,371,6,377,592
06/16/2023,FDK,MD,AEA,EN,Federal Contract Tower,0,0,26,0,26,0,0,52,0,52,0,0,78,0,78,160,0,160,238
06/17/2023,FDK,MD,AEA,EN,Federal Contract Tower,0,0,18,0,18,0,0,76,0,76,0,0,94,0,94,110,0,110,204
06/18/2023,FDK,MD,AEA,EN,Federal Contract Tower,0,2,18,0,20,0,0,187,0,187,0,2,205,0,207,178,0,178,385
06/19/2023,FDK,MD,AEA,EN,Federal Contract Tower,0,0,10,0,10,0,2,113,0,115,0,2,123,0,125,260,0,260,385
06/20/2023,FDK,MD,AEA,EN,Federal Contract Tower,0,0,14,0,14,0,1,53,0,54,0,1,67,0,68,388,0,388,456
06/21/2023,FDK,MD,AEA,EN,Federal Contract Tower,0,0,18,0,18,0,0,23,0,23,0,0,41,0,41,124,0,124,165
06/22/2023,FDK,MD,AEA,EN,Federal Contract Tower,0,0,13,0,13,0,0,1,0,1,0,0,14,0,14,0,0,0,14
06/23/2023,FDK,MD,AEA,EN,Federal Contract Tower,0,0,9,0,9,0,0,0,0,0,0,0,9,0,9,0,0,0,9
06/24/2023,FDK,MD,AEA,EN,Federal Contract Tower,0,0,9,0,9,0,4,40,0,44,0,4,49,0,53,192,0,192,245
06/25/2023,FDK,MD,AEA,EN,Federal Contract Tower,0,2,11,0,13,0,0,112,0,112,0,2,123,0,125,260,0,260,385
06/26/2023,FDK,MD,AEA,EN,Federal Contract Tower,0,3,8,0,11,0,0,87,0,87,0,3,95,0,98,262,0,262,360
06/27/2023,FDK,MD,AEA,EN,Federal Contract Tower,0,2,6,0,8,0,3,79,0,82,0,5,85,0,90,178,0,178,268
06/28/2023,FDK,MD,AEA,EN,Federal Contract Tower,0,2,22,0,24,0,1,57,0,58,0,3,79,0,82,124,0,124,206
06/29/2023,FDK,MD,AEA,EN,Federal Contract Tower,0,1,48,0,49,0,0,3,0,3,0,1,51,0,52,30,0,30,82
06/30/2023,FDK,MD,AEA,EN,Federal Contract Tower,0,0,32,0,32,0,0,34,0,34,0,0,66,0,66,112,0,112,178
07/01/2023,FDK,MD,AEA,EN,Federal Contract Tower,0,1,24,0,25,0,4,30,0,34,0,5,54,0,59,148,0,148,207
07/02/2023,FDK,MD,AEA,EN,Federal Contract Tower,0,1,10,0,11,0,3,22,4,29,0,4,32,4,40,78,0,78,118
07/03/2023,FDK,MD,AEA,EN,Federal Contract Tower,0,1,21,0,22,0,2,54,0,56,0,3,75,0,78,144,0,144,222
07/04/2023,FDK,MD,AEA,EN,Federal Contract Tower,0,0,0,0,0,0,6,85,0,91,0,6,85,0,91,158,0,158,249
07/05/2023,FDK,MD,AEA,EN,Federal Contract Tower,0,0,7,0,7,0,2,100,0,102,0,2,107,0,109,232,0,232,341
07/06/2023,FDK,MD,AEA,EN,Federal Contract Tower,0,0,21,2,23,0,2,109,0,111,0,2,130,2,134,242,0,242,376
07/07/2023,FDK,MD,AEA,EN,Federal Contract Tower,0,1,12,0,13,0,5,86,0,91,0,6,98,0,104,234,0,234,338
07/08/2023,FDK,MD,AEA,EN,Federal Contract Tower,0,0,16,0,16,0,0,126,0,126,0,0,142,0,142,254,0,254,396
07/09/2023,FDK,MD,AEA,EN,Federal Contract Tower,0,1,24,0,25,0,0,21,0,21,0,1,45,0,46,140,0,140,186
07/10/2023,FDK,MD,AEA,EN,Federal Contract Tower,0,1,17,0,18,0,0,137,2,139,0,1,154,2,157,300,0,300,457
07/11/2023,FDK,MD,AEA,EN,Federal Contract Tower,0,4,5,0,9,0,5,136,0,141,0,9,141,0,150,374,0,374,524
07/12/2023,FDK,MD,AEA,EN,Federal Contract Tower,0,1,24,0,25,0,5,133,0,138,0,6,157,0,163,310,0,310,473
07/13/2023,FDK,MD,AEA,EN,Federal Contract Tower,0,0,15,0,15,0,4,128,0,132,0,4,143,0,147,268,0,268,415
07/14/2023,FDK,MD,AEA,EN,Federal Contract Tower,0,1,18,0,19,0,4,68,0,72,0,5,86,0,91,218,0,218,309
07/15/2023,FDK,MD,AEA,EN,Federal Contract Tower,0,0,13,0,13,0,0,119,0,119,0,0,132,0,132,248,0,248,380
07/16/2023,FDK,MD,AEA,EN,Federal Contract Tower,0,4,17,0,21,0,1,58,0,59,0,5,75,0,80,194,0,194,274
07/17/2023,FDK,MD,AEA,EN,Federal Contract Tower,0,1,16,0,17,0,4,91,0,95,0,5,107,0,112,444,0,444,556
07/18/2023,FDK,MD,AEA,EN,Federal Contract Tower,0,2,14,0,16,0,3,117,0,120,0,5,131,0,136,382,0,382,518
07/19/2023,FDK,MD,AEA,EN,Federal Contract Tower,0,1,15,0,16,0,2,104,0,106,0,3,119,0,122,274,0,274,396
07/20/2023,FDK,MD,AEA,EN,Federal Contract Tower,0,0,14,0,14,0,1,115,0,116,0,1,129,0,130,254,0,254,384
07/21/2023,FDK,MD,AEA,EN,Federal Contract Tower,0,0,10,2,12,0,0,110,2,112,0,0,120,4,124,344,0,344,468
07/22/2023,FDK,MD,AEA,EN,Federal Contract Tower,0,4,19,0,23,0,0,148,0,148,0,4,167,0,171,250,0,250,421
07/23/2023,FDK,MD,AEA,EN,Federal Contract Tower,0,0,11,0,11,0,6,121,0,127,0,6,132,0,138,250,0,250,388
07/24/2023,FDK,MD,AEA,EN,Federal Contract Tower,0,0,23,0,23,0,0,62,0,62,0,0,85,0,85,180,0,180,265
07/25/2023,FDK,MD,AEA,EN,Federal Contract Tower,0,2,17,0,19,0,4,52,5,61,0,6,69,5,80,136,0,136,216
07/26/2023,FDK,MD,AEA,EN,Federal Contract Tower,0,0,24,0,24,0,3,119,0,122,0,3,143,0,146,168,0,168,314
07/27/2023,FDK,MD,AEA,EN,Federal Contract Tower,0,0,6,0,6,0,0,63,0,63,0,0,69,0,69,96,0,96,165
07/28/2023,FDK,MD,AEA,EN,Federal Contract Tower,0,0,12,0,12,0,0,99,0,99,0,0,111,0,111,272,0,272,383
07/29/2023,FDK,MD,AEA,EN,Federal Contract Tower,0,0,13,0,13,0,4,124,0,128,0,4,137,0,141,184,0,184,325
07/30/2023,FDK,MD,AEA,EN,Federal Contract Tower,0,2,7,0,9,0,3,124,0,127,0,5,131,0,136,226,0,226,362
07/31/2023,FDK,MD,AEA,EN,Federal Contract Tower,0,0,20,0,20,0,4,164,0,168,0,4,184,0,188,196,0,196,384
08/01/2023,FDK,MD,AEA,EN,Federal Contract Tower,0,2,2,0,4,0,1,151,0,152,0,3,153,0,156,388,0,388,544
08/02/2023,FDK,MD,AEA,EN,Federal Contract Tower,0,2,10,0,12,0,8,138,0,146,0,10,148,0,158,266,0,266,424
08/03/2023,FDK,MD,AEA,EN,Federal Contract Tower,0,0,16,0,16,0,2,77,0,79,0,2,93,0,95,98,0,98,193
08/04/2023,FDK,MD,AEA,EN,Federal Contract Tower,0,0,29,0,29,0,5,60,0,65,0,5,89,0,94,178,0,178,272
08/05/2023,FDK,MD,AEA,EN,Federal Contract Tower,0,19,0,0,19,0,15,100,3,118,0,34,100,3,137,202,0,202,339
08/06/2023,FDK,MD,AEA,EN,Federal Contract Tower,0,3,17,0,20,0,0,138,0,138,0,3,155,0,158,148,0,148,306
08/07/2023,FDK,MD,AEA,EN,Federal Contract Tower,0,0,14,0,14,0,0,22,0,22,0,0,36,0,36,90,0,90,126
08/08/2023,FDK,MD,AEA,EN,Federal Contract Tower,0,1,7,0,8,0,2,39,0,41,0,3,46,0,49,152,0,152,201
08/09/2023,FDK,MD,AEA,EN,Federal Contract Tower,0,0,10,0,10,0,3,141,0,144,0,3,151,0,154,306,0,306,460
08/10/2023,FDK,MD,AEA,EN,Federal Contract Tower,0,0,22,0,22,0,2,30,0,32,0,2,52,0,54,92,0,92,146
08/11/2023,FDK,MD,AEA,EN,Federal Contract Tower,0,0,21,0,21,0,3,189,0,192,0,3,210,0,213,298,0,298,511
08/12/2023,FDK,MD,AEA,EN,Federal Contract Tower,0,0,6,0,6,0,4,128,0,132,0,4,134,0,138,240,0,240,378
08/13/2023,FDK,MD,AEA,EN,Federal Contract Tower,0,0,14,0,14,0,4,136,0,140,0,4,150,0,154,222,0,222,376
08/14/2023,FDK,MD,AEA,EN,Federal Contract Tower,0,1,20,0,21,0,1,94,0,95,0,2,114,0,116,220,0,220,336
08/15/2023,FDK,MD,AEA,EN,Federal Contract Tower,0,3,21,0,24,0,5,102,0,107,0,8,123,0,131,190,0,190,321
08/16/2023,FDK,MD,AEA,EN,Federal Contract Tower,0,0,13,0,13,1,2,135,0,138,1,2,148,0,151,186,0,186,337
08/17/2023,FDK,MD,AEA,EN,Federal Contract Tower,0,0,25,2,27,0,3,87,2,92,0,3,112,4,119,128,0,128,247
08/18/2023,FDK,MD,AEA,EN,Federal Contract Tower,0,0,13,0,13,0,0,60,11,71,0,0,73,11,84,92,0,92,176
08/19/2023,FDK,MD,AEA,EN,Federal Contract Tower,0,0,11,0,11,0,5,171,0,176,0,5,182,0,187,174,0,174,361
08/20/2023,FDK,MD,AEA,EN,Federal Contract Tower,0,1,23,0,24,0,6,132,0,138,0,7,155,0,162,182,2,184,346
08/21/2023,FDK,MD,AEA,EN,Federal Contract Tower,0,4,13,0,17,0,12,139,0,151,0,16,152,0,168,270,0,270,438
08/22/2023,FDK,MD,AEA,EN,Federal Contract Tower,0,0,5,0,5,0,0,124,0,124,0,0,129,0,129,250,0,250,379
08/23/2023,FDK,MD,AEA,EN,Federal Contract Tower,0,0,11,0,11,0,1,126,0,127,0,1,137,0,138,328,0,328,466
08/24/2023,FDK,MD,AEA,EN,Federal Contract Tower,0,0,10,0,10,0,1,71,0,72,0,1,81,0,82,298,0,298,380
08/25/2023,FDK,MD,AEA,EN,Federal Contract Tower,0,0,6,0,6,0,0,89,0,89,0,0,95,0,95,210,0,210,305
08/26/2023,FDK,MD,AEA,EN,Federal Contract Tower,0,0,17,0,17,0,2,145,0,147,0,2,162,0,164,208,0,208,372
08/27/2023,FDK,MD,AEA,EN,Federal Contract Tower,0,2,6,0,8,0,0,145,0,145,0,2,151,0,153,168,0,168,321
08/28/2023,FDK,MD,AEA,EN,Federal Contract Tower,0,3,16,2,21,0,4,58,0,62,0,7,74,2,83,242,0,242,325
08/29/2023,FDK,MD,AEA,EN,Federal Contract Tower,0,0,19,0,19,0,0,44,0,44,0,0,63,0,63,54,0,54,117
08/30/2023,FDK,MD,AEA,EN,Federal Contract Tower,0,0,13,0,13,0,2,102,0,104,0,2,115,0,117,232,0,232,349
08/31/2023,FDK,MD,AEA,EN,Federal Contract Tower,0,0,16,0,16,0,3,92,0,95,0,3,108,0,111,166,0,166,277
01/01/2020,FDK,MD,AEA,EN,Federal Contract Tower,0,1,4,0,5,0,7,53,0,60,0,8,57,0,65,70,0,70,135
01/02/2020,FDK,MD,AEA,EN,Federal Contract Tower,0,4,5,0,9,0,3,168,0,171,0,7,173,0,180,221,0,221,401
01/03/2020,FDK,MD,AEA,EN,Federal Contract Tower,0,2,17,0,19,0,0,0,0,0,0,2,17,0,19,2,0,2,21
01/04/2020,FDK,MD,AEA,EN,Federal Contract Tower,0,5,6,0,11,0,1,36,0,37,0,6,42,0,48,142,0,142,190
01/05/2020,FDK,MD,AEA,EN,Federal Contract Tower,0,4,6,0,10,0,0,39,0,39,0,4,45,0,49,38,0,38,87
01/06/2020,FDK,MD,AEA,EN,Federal Contract Tower,0,0,4,0,4,0,2,70,0,72,0,2,74,0,76,134,0,134,210
01/07/2020,FDK,MD,AEA,EN,Federal Contract Tower,0,0,1,0,1,0,0,30,0,30,0,0,31,0,31,140,0,140,171
01/08/2020,FDK,MD,AEA,EN,Federal Contract Tower,0,2,6,0,8,0,3,13,0,16,0,5,19,0,24,17,0,17,41
01/09/2020,FDK,MD,AEA,EN,Federal Contract Tower,0,4,8,0,12,0,5,134,0,139,0,9,142,0,151,265,0,265,416
01/10/2020,FDK,MD,AEA,EN,Federal Contract Tower,0,0,10,0,10,0,13,63,4,80,0,13,73,4,90,271,0,271,361
01/11/2020,FDK,MD,AEA,EN,Federal Contract Tower,0,3,3,0,6,0,0,23,0,23,0,3,26,0,29,105,0,105,134
01/12/2020,FDK,MD,AEA,EN,Federal Contract Tower,0,2,5,0,7,0,3,67,0,70,0,5,72,0,77,106,0,106,183
01/13/2020,FDK,MD,AEA,EN,Federal Contract Tower,0,1,12,0,13,0,3,82,0,85,0,4,94,0,98,379,0,379,477
01/14/2020,FDK,MD,AEA,EN,Federal Contract Tower,0,2,14,0,16,0,0,0,0,0,0,2,14,0,16,0,0,0,16
01/15/2020,FDK,MD,AEA,EN,Federal Contract Tower,0,0,10,2,12,0,4,159,0,163,0,4,169,2,175,240,0,240,415
01/16/2020,FDK,MD,AEA,EN,Federal Contract Tower,0,3,8,0,11,0,3,11,0,14,0,6,19,0,25,4,0,4,29
01/17/2020,FDK,MD,AEA,EN,Federal Contract Tower,0,0,12,0,12,0,2,84,1,87,0,2,96,1,99,78,0,78,177
01/18/2020,FDK,MD,AEA,EN,Federal Contract Tower,0,1,0,0,1,0,0,5,0,5,0,1,5,0,6,20,0,20,26
01/19/2020,FDK,MD,AEA,EN,Federal Contract Tower,0,2,6,0,8,0,0,15,0,15,0,2,21,0,23,16,0,16,39
01/20/2020,FDK,MD,AEA,EN,Federal Contract Tower,0,0,14,0,14,0,3,97,0,100,0,3,111,0,114,125,0,125,239
01/21/2020,FDK,MD,AEA,EN,Federal Contract Tower,0,2,23,0,25,0,4,90,0,94,0,6,113,0,119,146,0,146,265
01/22/2020,FDK,MD,AEA,EN,Federal Contract Tower,0,1,23,3,27,0,2,135,0,137,0,3,158,3,164,325,0,325,489
01/23/2020,FDK,MD,AEA,EN,Federal Contract Tower,0,3,10,2,15,0,2,131,5,138,0,5,141,7,153,312,14,326,479
01/24/2020,FDK,MD,AEA,EN,Federal Contract Tower,0,4,19,0,23,0,1,13,0,14,0,5,32,0,37,143,0,143,180
01/25/2020,FDK,MD,AEA,EN,Federal Contract Tower,0,1,14,0,15,0,2,1,0,3,0,3,15,0,18,20,0,20,38
01/26/2020,FDK,MD,AEA,EN,Federal Contract Tower,0,3,8,0,11,0,2,109,0,111,0,5,117,0,122,172,0,172,294
01/27/2020,FDK,MD,AEA,EN,Federal Contract Tower,0,2,7,0,9,0,2,66,0,68,0,4,73,0,77,146,0,146,223
01/28/2020,FDK,MD,AEA,EN,Federal Contract Tower,0,1,16,0,17,0,3,56,2,61,0,4,72,2,78,104,0,104,182
01/29/2020,FDK,MD,AEA,EN,Federal Contract Tower,0,2,20,0,22,0,0,108,2,110,0,2,128,2,132,243,0,243,375
01/30/2020,FDK,MD,AEA,EN,Federal Contract Tower,0,2,17,1,20,0,2,120,2,124,0,4,137,3,144,291,0,291,435
01/31/2020,FDK,MD,AEA,EN,Federal Contract Tower,0,5,14,0,19,0,0,98,0,98,0,5,112,0,117,231,0,231,348
02/01/2020,FDK,MD,AEA,EN,Federal Contract Tower,0,2,9,0,11,0,0,0,0,0,0,2,9,0,11,0,0,0,11
02/02/2020,FDK,MD,AEA,EN,Federal Contract Tower,0,1,8,0,9,0,4,72,0,76,0,5,80,0,85,142,0,142,227
02/03/2020,FDK,MD,AEA,EN,Federal Contract Tower,0,1,13,0,14,0,6,128,2,136,0,7,141,2,150,213,0,213,363
02/04/2020,FDK,MD,AEA,EN,Federal Contract Tower,0,2,6,2,10,0,0,71,0,71,0,2,77,2,81,218,0,218,299
02/05/2020,FDK,MD,AEA,EN,Federal Contract Tower,0,2,3,0,5,0,4,31,0,35,0,6,34,0,40,155,0,155,195
02/06/2020,FDK,MD,AEA,EN,Federal Contract Tower,0,5,2,0,7,0,0,0,0,0,0,5,2,0,7,0,0,0,7
02/07/2020,FDK,MD,AEA,EN,Federal Contract Tower,0,1,0,0,1,0,1,6,0,7,0,2,6,0,8,0,0,0,8
02/08/2020,FDK,MD,AEA,EN,Federal Contract Tower,0,3,17,0,20,0,7,157,0,164,0,10,174,0,184,244,0,244,428
02/09/2020,FDK,MD,AEA,EN,Federal Contract Tower,0,1,14,1,16,0,4,148,5,157,0,5,162,6,173,248,0,248,421
02/10/2020,FDK,MD,AEA,EN,Federal Contract Tower,0,0,6,0,6,0,0,25,0,25,0,0,31,0,31,72,0,72,103
02/11/2020,FDK,MD,AEA,EN,Federal Contract Tower,0,0,10,0,10,0,0,2,0,2,0,0,12,0,12,24,0,24,36
02/12/2020,FDK,MD,AEA,EN,Federal Contract Tower,0,0,15,1,16,0,8,105,7,120,0,8,120,8,136,188,5,193,329
02/13/2020,FDK,MD,AEA,EN,Federal Contract Tower,0,1,10,0,11,0,2,10,0,12,0,3,20,0,23,47,0,47,70
02/14/2020,FDK,MD,AEA,EN,Federal Contract Tower,0,1,5,0,6,0,1,59,0,60,0,2,64,0,66,37,0,37,103
02/15/2020,FDK,MD,AEA,EN,Federal Contract Tower,0,4,6,0,10,0,2,157,2,161,0,6,163,2,171,244,0,244,415
02/16/2020,FDK,MD,AEA,EN,Federal Contract Tower,0,0,6,0,6,0,2,126,0,128,0,2,132,0,134,196,0,196,330
02/17/2020,FDK,MD,AEA,EN,Federal Contract Tower,0,1,5,0,6,0,2,185,0,187,0,3,190,0,193,268,0,268,461
02/18/2020,FDK,MD,AEA,EN,Federal Contract Tower,0,0,9,0,9,0,2,17,0,19,0,2,26,0,28,98,0,98,126
02/19/2020,FDK,MD,AEA,EN,Federal Contract Tower,0,2,8,0,10,0,0,42,5,47,0,2,50,5,57,134,16,150,207
02/20/2020,FDK,MD,AEA,EN,Federal Contract Tower,0,3,8,2,13,0,9,119,0,128,0,12,127,2,141,212,0,212,353
02/21/2020,FDK,MD,AEA,EN,Federal Contract Tower,0,0,7,0,7,0,3,143,0,146,0,3,150,0,153,188,0,188,341
02/22/2020,FDK,MD,AEA,EN,Federal Contract Tower,0,3,7,0,10,0,21,134,5,160,0,24,141,5,170,150,0,150,320
02/23/2020,FDK,MD,AEA,EN,Federal Contract Tower,0,3,16,0,19,0,7,180,3,190,0,10,196,3,209,192,0,192,401
02/24/2020,FDK,MD,AEA,EN,Federal Contract Tower,0,4,6,0,10,0,2,95,0,97,0,6,101,0,107,330,0,330,437
02/25/2020,FDK,MD,AEA,EN,Federal Contract Tower,0,0,8,0,8,0,0,0,0,0,0,0,8,0,8,0,0,0,8
02/26/2020,FDK,MD,AEA,EN,Federal Contract Tower,0,3,6,0,9,0,0,0,0,0,0,3,6,0,9,0,0,0,9
02/27/2020,FDK,MD,AEA,EN,Federal Contract Tower,0,0,3,0,3,0,2,4,2,8,0,2,7,2,11,2,0,2,13
02/28/2020,FDK,MD,AEA,EN,Federal Contract Tower,0,6,3,0,9,0,8,58,0,66,0,14,61,0,75,156,0,156,231
02/29/2020,FDK,MD,AEA,EN,Federal Contract Tower,0,2,6,0,8,0,0,28,0,28,0,2,34,0,36,20,0,20,56
03/01/2020,FDK,MD,AEA,EN,Federal Contract Tower,0,6,16,0,22,0,1,144,2,147,0,7,160,2,169,194,0,194,363
03/02/2020,FDK,MD,AEA,EN,Federal Contract Tower,0,4,5,0,9,0,5,93,2,100,0,9,98,2,109,150,0,150,259
03/03/2020,FDK,MD,AEA,EN,Federal Contract Tower,0,4,8,0,12,0,2,18,2,22,0,6,26,2,34,60,0,60,94
03/04/2020,FDK,MD,AEA,EN,Federal Contract Tower,0,1,13,2,16,0,4,78,2,84,0,5,91,4,100,101,0,101,201
03/05/2020,FDK,MD,AEA,EN,Federal Contract Tower,0,1,17,0,18,0,4,143,1,148,0,5,160,1,166,223,0,223,389
03/06/2020,FDK,MD,AEA,EN,Federal Contract Tower,0,5,11,0,16,0,1,30,0,31,0,6,41,0,47,140,0,140,187
03/07/2020,FDK,MD,AEA,EN,Federal Contract Tower,0,1,8,0,9,0,1,55,0,56,0,2,63,0,65,44,0,44,109
03/08/2020,FDK,MD,AEA,EN,Federal Contract Tower,0,1,19,0,20,0,4,171,6,181,0,5,190,6,201,171,0,171,372
03/09/2020,FDK,MD,AEA,EN,Federal Contract Tower,0,2,9,0,11,0,4,127,2,133,0,6,136,2,144,252,12,264,408
03/10/2020,FDK,MD,AEA,EN,Federal Contract Tower,0,1,6,2,9,0,6,22,0,28,0,7,28,2,37,80,0,80,117
03/11/2020,FDK,MD,AEA,EN,Federal Contract Tower,0,6,8,0,14,0,3,95,0,98,0,9,103,0,112,220,0,220,332
03/12/2020,FDK,MD,AEA,EN,Federal Contract Tower,0,1,16,1,18,0,11,70,2,83,0,12,86,3,101,229,3,232,333
03/13/2020,FDK,MD,AEA,EN,Federal Contract Tower,0,6,7,0,13,0,4,32,0,36,0,10,39,0,49,10,0,10,59
03/14/2020,FDK,MD,AEA,EN,Federal Contract Tower,0,4,27,0,31,0,5,133,1,139,0,9,160,1,170,233,0,233,403
03/15/2020,FDK,MD,AEA,EN,Federal Contract Tower,0,5,9,0,14,0,3,39,0,42,0,8,48,0,56,212,0,212,268
03/16/2020,FDK,MD,AEA,EN,Federal Contract Tower,0,0,12,1,13,0,2,119,3,124,0,2,131,4,137,152,0,152,289
03/17/2020,FDK,MD,AEA,EN,Federal Contract Tower,0,1,7,0,8,0,4,32,2,38,0,5,39,2,46,107,0,107,153
03/18/2020,FDK,MD,AEA,EN,Federal Contract Tower,0,1,11,0,12,0,2,133,2,137,0,3,144,2,149,140,0,140,289
03/19/2020,FDK,MD,AEA,EN,Federal Contract Tower,0,2,2,4,8,0,3,33,0,36,0,5,35,4,44,96,10,106,150
03/20/2020,FDK,MD,AEA,EN,Federal Contract Tower,0,3,4,0,7,0,0,21,0,21,0,3,25,0,28,43,0,43,71
03/21/2020,FDK,MD,AEA,EN,Federal Contract Tower,0,3,4,0,7,0,2,84,3,89,0,5,88,3,96,146,0,146,242
03/22/2020,FDK,MD,AEA,EN,Federal Contract Tower,0,2,10,0,12,0,0,104,1,105,0,2,114,1,117,136,4,140,257
03/23/2020,FDK,MD,AEA,EN,Federal Contract Tower,0,2,4,0,6,0,0,0,0,0,0,2,4,0,6,0,0,0,6
03/24/2020,FDK,MD,AEA,EN,Federal Contract Tower,0,0,6,0,6,0,0,58,0,58,0,0,64,0,64,226,1,227,291
03/25/2020,FDK,MD,AEA,EN,Federal Contract Tower,0,1,8,1,10,0,0,0,0,0,0,1,8,1,10,0,0,0,10
03/26/2020,FDK,MD,AEA,EN,Federal Contract Tower,0,2,16,0,18,0,3,94,1,98,0,5,110,1,116,117,0,117,233
03/27/2020,FDK,MD,AEA,EN,Federal Contract Tower,0,0,4,0,4,0,5,102,0,107,0,5,106,0,111,136,0,136,247
03/28/2020,FDK,MD,AEA,EN,Federal Contract Tower,0,0,6,0,6,0,0,0,0,0,0,0,6,0,6,0,0,0,6
03/29/2020,FDK,MD,AEA,EN,Federal Contract Tower,0,0,3,0,3,0,0,9,0,9,0,0,12,0,12,4,0,4,16
03/30/2020,FDK,MD,AEA,EN,Federal Contract Tower,0,0,5,0,5,0,4,50,4,58,0,4,55,4,63,22,0,22,85
03/31/2020,FDK,MD,AEA,EN,Federal Contract Tower,0,0,1,0,1,0,2,5,0,7,0,2,6,0,8,36,0,36,44
04/01/2020,FDK,MD,AEA,EN,Federal Contract Tower,0,0,3,0,3,0,2,7,0,9,0,2,10,0,12,4,0,4,16
04/02/2020,FDK,MD,AEA,EN,Federal Contract Tower,0,0,2,0,2,0,2,20,0,22,0,2,22,0,24,0,0,0,24
04/03/2020,FDK,MD,AEA,EN,Federal Contract Tower,0,0,1,2,3,0,4,25,0,29,0,4,26,2,32,2,0,2,34
04/04/2020,FDK,MD,AEA,EN,Federal Contract Tower,0,1,4,0,5,0,2,30,0,32,0,3,34,0,37,26,0,26,63
04/05/2020,FDK,MD,AEA,EN,Federal Contract Tower,0,0,1,0,1,0,0,33,0,33,0,0,34,0,34,44,0,44,78
04/06/2020,FDK,MD,AEA,EN,Federal Contract Tower,0,0,1,0,1,0,7,55,0,62,0,7,56,0,63,54,0,54,117
04/07/2020,FDK,MD,AEA,EN,Federal Contract Tower,0,2,4,1,7,0,9,12,0,21,0,11,16,1,28,18,2,20,48
04/08/2020,FDK,MD,AEA,EN,Federal Contract Tower,0,0,3,1,4,0,4,29,1,34,0,4,32,2,38,24,0,24,62
04/09/2020,FDK,MD,AEA,EN,Federal Contract Tower,0,0,3,0,3,0,0,4,0,4,0,0,7,0,7,0,0,0,7
04/11/2020,FDK,MD,AEA,EN,Federal Contract Tower,0,0,6,0,6,0,4,54,0,58,0,4,60,0,64,23,0,23,87
04/12/2020,FDK,MD,AEA,EN,Federal Contract Tower,0,0,4,0,4,0,0,15,0,15,0,0,19,0,19,10,0,10,29
04/13/2020,FDK,MD,AEA,EN,Federal Contract Tower,0,2,0,0,2,0,2,0,0,2,0,4,0,0,4,4,0,4,8
04/14/2020,FDK,MD,AEA,EN,Federal Contract Tower,0,1,3,0,4,0,2,52,0,54,0,3,55,0,58,26,0,26,84
04/15/2020,FDK,MD,AEA,EN,Federal Contract Tower,0,3,1,2,6,0,4,33,2,39,0,7,34,4,45,108,0,108,153
04/16/2020,FDK,MD,AEA,EN,Federal Contract Tower,0,0,1,0,1,0,5,20,0,25,0,5,21,0,26,4,0,4,30
04/17/2020,FDK,MD,AEA,EN,Federal Contract Tower,0,0,5,0,5,0,2,30,2,34,0,2,35,2,39,37,0,37,76
04/18/2020,FDK,MD,AEA,EN,Federal Contract Tower,0,0,1,0,1,0,2,0,0,2,0,2,1,0,3,0,0,0,3
04/19/2020,FDK,MD,AEA,EN,Federal Contract Tower,0,0,8,0,8,0,2,52,0,54,0,2,60,0,62,62,0,62,124
04/20/2020,FDK,MD,AEA,EN,Federal Contract Tower,0,0,3,0,3,0,3,60,0,63,0,3,63,0,66,48,0,48,114
04/21/2020,FDK,MD,AEA,EN,Federal Contract Tower,0,0,3,0,3,0,0,4,0,4,0,0,7,0,7,8,0,8,15
04/22/2020,FDK,MD,AEA,EN,Federal Contract Tower,0,1,2,0,3,0,5,49,1,55,0,6,51,1,58,9,4,13,71
04/23/2020,FDK,MD,AEA,EN,Federal Contract Tower,0,1,8,4,13,0,2,30,0,32,0,3,38,4,45,113,0,113,158
04/24/2020,FDK,MD,AEA,EN,Federal Contract Tower,0,0,14,1,15,0,0,0,0,0,0,0,14,1,15,0,0,0,15
04/25/2020,FDK,MD,AEA,EN,Federal Contract Tower,0,0,10,0,10,0,7,31,0,38,0,7,41,0,48,69,0,69,117
04/26/2020,FDK,MD,AEA,EN,Federal Contract Tower,0,0,7,0,7,0,0,0,0,0,0,0,7,0,7,0,0,0,7
04/27/2020,FDK,MD,AEA,EN,Federal Contract Tower,0,2,5,0,7,0,1,17,0,18,0,3,22,0,25,4,0,4,29
04/28/2020,FDK,MD,AEA,EN,Federal Contract Tower,0,0,3,0,3,0,4,33,0,37,0,4,36,0,40,70,0,70,110
04/29/2020,FDK,MD,AEA,EN,Federal Contract Tower,0,3,7,0,10,0,3,45,0,48,0,6,52,0,58,65,0,65,123
04/30/2020,FDK,MD,AEA,EN,Federal Contract Tower,0,2,6,0,8,0,0,0,0,0,0,2,6,0,8,0,0,0,8
05/01/2020,FDK,MD,AEA,EN,Federal Contract Tower,0,1,13,0,14,0,1,32,0,33,0,2,45,0,47,38,0,38,85
05/02/2020,FDK,MD,AEA,EN,Federal Contract Tower,0,1,6,0,7,0,2,85,0,87,0,3,91,0,94,110,0,110,204
05/03/2020,FDK,MD,AEA,EN,Federal Contract Tower,0,0,4,0,4,0,5,33,0,38,0,5,37,0,42,80,0,80,122
05/04/2020,FDK,MD,AEA,EN,Federal Contract Tower,0,0,0,0,0,0,6,32,2,40,0,6,32,2,40,18,0,18,58
05/05/2020,FDK,MD,AEA,EN,Federal Contract Tower,0,2,4,0,6,0,4,64,0,68,0,6,68,0,74,139,0,139,213
05/06/2020,FDK,MD,AEA,EN,Federal Contract Tower,0,0,7,0,7,0,1,3,0,4,0,1,10,0,11,24,0,24,35
05/07/2020,FDK,MD,AEA,EN,Federal Contract Tower,0,0,11,0,11,0,6,104,0,110,0,6,115,0,121,159,0,159,280
05/08/2020,FDK,MD,AEA,EN,Federal Contract Tower,0,1,3,0,4,0,0,11,0,11,0,1,14,0,15,36,0,36,51
05/09/2020,FDK,MD,AEA,EN,Federal Contract Tower,0,0,6,0,6,0,0,25,0,25,0,0,31,0,31,11,0,11,42
05/10/2020,FDK,MD,AEA,EN,Federal Contract Tower,0,0,12,0,12,0,10,87,0,97,0,10,99,0,109,115,0,115,224
05/11/2020,FDK,MD,AEA,EN,Federal Contract Tower,0,2,0,0,2,0,2,24,6,32,0,4,24,6,34,22,0,22,56
05/12/2020,FDK,MD,AEA,EN,Federal Contract Tower,0,0,8,0,8,0,0,45,2,47,0,0,53,2,55,44,0,44,99
05/13/2020,FDK,MD,AEA,EN,Federal Contract Tower,0,0,16,0,16,0,0,121,0,121,0,0,137,0,137,167,0,167,304
05/14/2020,FDK,MD,AEA,EN,Federal Contract Tower,0,0,8,0,8,0,5,80,2,87,0,5,88,2,95,188,0,188,283
05/15/2020,FDK,MD,AEA,EN,Federal Contract Tower,0,0,3,0,3,0,2,107,0,109,0,2,110,0,112,112,0,112,224
05/16/2020,FDK,MD,AEA,EN,Federal Contract Tower,0,1,4,0,5,0,4,76,0,80,0,5,80,0,85,188,0,188,273
05/17/2020,FDK,MD,AEA,EN,Federal Contract Tower,0,3,17,0,20,0,9,34,2,45,0,12,51,2,65,97,0,97,162
05/18/2020,FDK,MD,AEA,EN,Federal Contract Tower,0,2,24,0,26,0,2,26,0,28,0,4,50,0,54,76,0,76,130
05/19/2020,FDK,MD,AEA,EN,Federal Contract Tower,0,0,1,0,1,0,7,39,0,46,0,7,40,0,47,80,0,80,127
05/20/2020,FDK,MD,AEA,EN,Federal Contract Tower,0,3,5,0,8,0,9,74,5,88,0,12,79,5,96,95,0,95,191
05/21/2020,FDK,MD,AEA,EN,Federal Contract Tower,0,2,15,0,17,0,5,45,0,50,0,7,60,0,67,152,0,152,219
05/22/2020,FDK,MD,AEA,EN,Federal Contract Tower,0,1,17,0,18,0,0,1,0,1,0,1,18,0,19,0,0,0,19
05/23/2020,FDK,MD,AEA,EN,Federal Contract Tower,0,2,16,0,18,0,6,66,1,73,0,8,82,1,91,206,0,206,297
05/24/2020,FDK,MD,AEA,EN,Federal Contract Tower,0,1,16,0,17,0,3,7,0,10,0,4,23,0,27,60,0,60,87
05/25/2020,FDK,MD,AEA,EN,Federal Contract Tower,0,2,12,0,14,0,4,93,0,97,0,6,105,0,111,272,0,272,383
05/26/2020,FDK,MD,AEA,EN,Federal Contract Tower,0,0,6,0,6,0,5,149,1,155,0,5,155,1,161,140,0,140,301
05/27/2020,FDK,MD,AEA,EN,Federal Contract Tower,0,1,22,0,23,0,5,74,0,79,0,6,96,0,102,173,0,173,275
05/28/2020,FDK,MD,AEA,EN,Federal Contract Tower,0,2,5,0,7,0,0,7,0,7,0,2,12,0,14,25,0,25,39
05/29/2020,FDK,MD,AEA,EN,Federal Contract Tower,0,1,7,0,8,0,3,40,0,43,0,4,47,0,51,115,0,115,166
05/30/2020,FDK,MD,AEA,EN,Federal Contract Tower,0,2,16,0,18,0,4,145,0,149,0,6,161,0,167,192,0,192,359
05/31/2020,FDK,MD,AEA,EN,Federal Contract Tower,0,1,7,0,8,0,5,120,0,125,0,6,127,0,133,111,0,111,244
06/01/2020,FDK,MD,AEA,EN,Federal Contract Tower,0,2,6,0,8,0,5,139,0,144,0,7,145,0,152,152,2,154,306
06/02/2020,FDK,MD,AEA,EN,Federal Contract Tower,0,0,7,0,7,0,7,116,0,123,0,7,123,0,130,146,0,146,276
06/03/2020,FDK,MD,AEA,EN,Federal Contract Tower,0,2,4,0,6,0,8,79,4,91,0,10,83,4,97,34,0,34,131
06/04/2020,FDK,MD,AEA,EN,Federal Contract Tower,0,1,8,0,9,0,6,105,2,113,0,7,113,2,122,142,16,158,280
06/05/2020,FDK,MD,AEA,EN,Federal Contract Tower,0,1,19,0,20,0,3,29,0,32,0,4,48,0,52,151,0,151,203
06/06/2020,FDK,MD,AEA,EN,Federal Contract Tower,0,1,7,0,8,0,4,68,0,72,0,5,75,0,80,166,0,166,246
06/07/2020,FDK,MD,AEA,EN,Federal Contract Tower,0,0,16,1,17,0,3,171,2,176,0,3,187,3,193,152,0,152,345
06/08/2020,FDK,MD,AEA,EN,Federal Contract Tower,0,0,8,0,8,0,2,139,1,142,0,2,147,1,150,174,0,174,324
06/09/2020,FDK,MD,AEA,EN,Federal Contract Tower,0,0,12,0,12,0,7,139,0,146,0,7,151,0,158,234,0,234,392
06/10/2020,FDK,MD,AEA,EN,Federal Contract Tower,0,1,6,0,7,0,7,32,0,39,0,8,38,0,46,136,0,136,182
06/11/2020,FDK,MD,AEA,EN,Federal Contract Tower,0,1,12,2,15,0,12,81,0,93,0,13,93,2,108,200,0,200,308
06/12/2020,FDK,MD,AEA,EN,Federal Contract Tower,0,1,13,0,14,0,1,132,3,136,0,2,145,3,150,214,0,214,364
06/13/2020,FDK,MD,AEA,EN,Federal Contract Tower,0,2,13,0,15,0,0,147,0,147,0,2,160,0,162,216,0,216,378
06/14/2020,FDK,MD,AEA,EN,Federal Contract Tower,0,5,7,0,12,0,7,95,0,102,0,12,102,0,114,190,0,190,304
06/15/2020,FDK,MD,AEA,EN,Federal Contract Tower,0,1,10,0,11,0,15,115,1,131,0,16,125,1,142,262,0,262,404
06/16/2020,FDK,MD,AEA,EN,Federal Contract Tower,0,0,6,3,9,0,8,112,4,124,0,8,118,7,133,256,0,256,389
06/17/2020,FDK,MD,AEA,EN,Federal Contract Tower,0,6,18,0,24,0,2,29,0,31,0,8,47,0,55,139,0,139,194
06/18/2020,FDK,MD,AEA,EN,Federal Contract Tower,0,0,5,0,5,0,1,25,0,26,0,1,30,0,31,191,0,191,222
06/19/2020,FDK,MD,AEA,EN,Federal Contract Tower,0,0,11,2,13,0,0,25,0,25,0,0,36,2,38,153,0,153,191
06/20/2020,FDK,MD,AEA,EN,Federal Contract Tower,0,2,15,0,17,0,0,9,0,9,0,2,24,0,26,102,0,102,128
06/21/2020,FDK,MD,AEA,EN,Federal Contract Tower,0,3,11,0,14,0,0,61,0,61,0,3,72,0,75,156,0,156,231
06/22/2020,FDK,MD,AEA,EN,Federal Contract Tower,0,0,8,0,8,0,0,73,0,73,0,0,81,0,81,150,0,150,231
06/23/2020,FDK,MD,AEA,EN,Federal Contract Tower,0,4,14,0,18,0,3,27,0,30,0,7,41,0,48,117,2,119,167
06/24/2020,FDK,MD,AEA,EN,Federal Contract Tower,0,1,16,2,19,0,7,132,4,143,0,8,148,6,162,233,4,237,399
06/25/2020,FDK,MD,AEA,EN,Federal Contract Tower,0,2,6,0,8,0,0,104,1,105,0,2,110,1,113,338,0,338,451
06/26/2020,FDK,MD,AEA,EN,Federal Contract Tower,0,0,15,0,15,0,8,140,0,148,0,8,155,0,163,285,0,285,448
06/27/2020,FDK,MD,AEA,EN,Federal Contract Tower,0,5,1,0,6,0,10,76,1,87,0,15,77,1,93,49,0,49,142
06/28/2020,FDK,MD,AEA,EN,Federal Contract Tower,0,4,11,0,15,0,0,87,0,87,0,4,98,0,102,186,0,186,288
06/29/2020,FDK,MD,AEA,EN,Federal Contract Tower,0,1,17,0,18,0,5,121,0,126,0,6,138,0,144,208,0,208,352
06/30/2020,FDK,MD,AEA,EN,Federal Contract Tower,0,4,0,0,4,0,7,133,3,143,0,11,133,3,147,306,10,316,463
07/01/2020,FDK,MD,AEA,EN,Federal Contract Tower,0,4,12,2,18,0,4,112,2,118,0,8,124,4,136,320,0,320,456
07/02/2020,FDK,MD,AEA,EN,Federal Contract Tower,0,3,15,0,18,0,8,125,0,133,0,11,140,0,151,395,0,395,546
07/03/2020,FDK,MD,AEA,EN,Federal Contract Tower,0,3,8,0,11,0,2,142,1,145,0,5,150,1,156,207,0,207,363
07/04/2020,FDK,MD,AEA,EN,Federal Contract Tower,0,3,6,0,9,0,4,100,0,104,0,7,106,0,113,92,0,92,205
07/05/2020,FDK,MD,AEA,EN,Federal Contract Tower,0,2,15,0,17,0,1,61,2,64,0,3,76,2,81,160,0,160,241
07/06/2020,FDK,MD,AEA,EN,Federal Contract Tower,0,1,9,0,10,0,2,88,0,90,0,3,97,0,100,208,0,208,308
07/07/2020,FDK,MD,AEA,EN,Federal Contract Tower,0,2,17,1,20,0,4,47,1,52,0,6,64,2,72,234,2,236,308
07/08/2020,FDK,MD,AEA,EN,Federal Contract Tower,0,5,20,2,27,0,0,109,2,111,0,5,129,4,138,256,0,256,394
07/09/2020,FDK,MD,AEA,EN,Federal Contract Tower,0,8,19,0,27,0,4,122,4,130,0,12,141,4,157,258,0,258,415
07/10/2020,FDK,MD,AEA,EN,Federal Contract Tower,0,5,14,0,19,0,4,51,0,55,0,9,65,0,74,240,0,240,314
07/11/2020,FDK,MD,AEA,EN,Federal Contract Tower,0,1,14,0,15,0,3,106,1,110,0,4,120,1,125,126,0,126,251
07/12/2020,FDK,MD,AEA,EN,Federal Contract Tower,0,2,8,0,10,0,0,108,0,108,0,2,116,0,118,149,0,149,267
07/13/2020,FDK,MD,AEA,EN,Federal Contract Tower,0,2,5,0,7,0,0,109,0,109,0,2,114,0,116,176,2,178,294
07/14/2020,FDK,MD,AEA,EN,Federal Contract Tower,0,0,9,0,9,0,3,139,0,142,0,3,148,0,151,320,6,326,477
07/15/2020,FDK,MD,AEA,EN,Federal Contract Tower,0,0,12,4,16,0,1,154,3,158,0,1,166,7,174,281,0,281,455
07/16/2020,FDK,MD,AEA,EN,Federal Contract Tower,0,15,11,0,26,0,6,79,0,85,0,21,90,0,111,287,0,287,398
07/17/2020,FDK,MD,AEA,EN,Federal Contract Tower,0,1,14,0,15,0,2,75,1,78,0,3,89,1,93,281,2,283,376
07/18/2020,FDK,MD,AEA,EN,Federal Contract Tower,0,7,11,0,18,0,3,152,0,155,0,10,163,0,173,150,0,150,323
07/19/2020,FDK,MD,AEA,EN,Federal Contract Tower,0,3,16,0,19,0,2,82,0,84,0,5,98,0,103,158,0,158,261
07/20/2020,FDK,MD,AEA,EN,Federal Contract Tower,0,0,4,0,4,0,2,98,0,100,0,2,102,0,104,144,0,144,248
07/21/2020,FDK,MD,AEA,EN,Federal Contract Tower,0,0,4,0,4,0,0,82,0,82,0,0,86,0,86,254,0,254,340
07/22/2020,FDK,MD,AEA,EN,Federal Contract Tower,0,0,11,0,11,0,0,62,0,62,0,0,73,0,73,178,2,180,253
07/23/2020,FDK,MD,AEA,EN,Federal Contract Tower,0,0,7,0,7,0,8,82,0,90,0,8,89,0,97,199,0,199,296
07/24/2020,FDK,MD,AEA,EN,Federal Contract Tower,0,1,20,0,21,0,0,56,0,56,0,1,76,0,77,198,0,198,275
07/25/2020,FDK,MD,AEA,EN,Federal Contract Tower,0,4,18,0,22,0,2,118,0,120,0,6,136,0,142,333,0,333,475
07/26/2020,FDK,MD,AEA,EN,Federal Contract Tower,0,3,11,0,14,0,4,139,2,145,0,7,150,2,159,193,0,193,352
07/27/2020,FDK,MD,AEA,EN,Federal Contract Tower,0,0,12,0,12,0,3,88,0,91,0,3,100,0,103,223,0,223,326
07/28/2020,FDK,MD,AEA,EN,Federal Contract Tower,0,2,7,1,10,0,2,104,0,106,0,4,111,1,116,248,0,248,364
07/29/2020,FDK,MD,AEA,EN,Federal Contract Tower,0,5,11,0,16,0,4,190,2,196,0,9,201,2,212,284,0,284,496
07/30/2020,FDK,MD,AEA,EN,Federal Contract Tower,0,1,10,0,11,0,8,120,1,129,0,9,130,1,140,365,0,365,505
07/31/2020,FDK,MD,AEA,EN,Federal Contract Tower,0,0,18,0,18,0,0,2,0,2,0,0,20,0,20,0,0,0,20
08/01/2020,FDK,MD,AEA,EN,Federal Contract Tower,0,3,22,0,25,0,4,76,0,80,0,7,98,0,105,153,0,153,258
08/02/2020,FDK,MD,AEA,EN,Federal Contract Tower,0,0,11,0,11,0,2,49,0,51,0,2,60,0,62,147,0,147,209
08/03/2020,FDK,MD,AEA,EN,Federal Contract Tower,0,0,4,0,4,0,2,88,0,90,0,2,92,0,94,164,2,166,260
08/04/2020,FDK,MD,AEA,EN,Federal Contract Tower,0,1,0,2,3,0,0,15,0,15,0,1,15,2,18,43,0,43,61
08/05/2020,FDK,MD,AEA,EN,Federal Contract Tower,0,1,9,0,10,0,6,173,2,181,0,7,182,2,191,322,0,322,513
08/06/2020,FDK,MD,AEA,EN,Federal Contract Tower,0,0,3,0,3,0,4,66,3,73,0,4,69,3,76,199,12,211,287
08/07/2020,FDK,MD,AEA,EN,Federal Contract Tower,0,1,9,0,10,0,0,29,0,29,0,1,38,0,39,156,0,156,195
08/08/2020,FDK,MD,AEA,EN,Federal Contract Tower,0,0,15,0,15,0,1,48,1,50,0,1,63,1,65,273,0,273,338
08/09/2020,FDK,MD,AEA,EN,Federal Contract Tower,0,0,8,0,8,0,7,139,0,146,0,7,147,0,154,214,0,214,368
08/10/2020,FDK,MD,AEA,EN,Federal Contract Tower,0,0,11,0,11,0,7,152,0,159,0,7,163,0,170,316,0,316,486
08/11/2020,FDK,MD,AEA,EN,Federal Contract Tower,0,1,18,0,19,0,15,87,1,103,0,16,105,1,122,205,2,207,329
08/12/2020,FDK,MD,AEA,EN,Federal Contract Tower,1,7,0,0,8,2,101,1,0,104,3,108,1,0,112,143,0,143,255
08/13/2020,FDK,MD,AEA,EN,Federal Contract Tower,0,2,12,0,14,0,0,18,0,18,0,2,30,0,32,155,0,155,187
08/14/2020,FDK,MD,AEA,EN,Federal Contract Tower,0,2,11,0,13,0,4,35,6,45,0,6,46,6,58,230,0,230,288
08/15/2020,FDK,MD,AEA,EN,Federal Contract Tower,0,4,21,0,25,0,2,63,1,66,0,6,84,1,91,89,0,89,180
08/16/2020,FDK,MD,AEA,EN,Federal Contract Tower,0,0,7,0,7,0,1,25,0,26,0,1,32,0,33,87,0,87,120
08/17/2020,FDK,MD,AEA,EN,Federal Contract Tower,0,2,10,0,12,0,1,103,0,104,0,3,113,0,116,206,0,206,322
08/18/2020,FDK,MD,AEA,EN,Federal Contract Tower,0,1,10,0,11,0,4,149,1,154,0,5,159,1,165,197,0,197,362
08/19/2020,FDK,MD,AEA,EN,Federal Contract Tower,0,6,12,0,18,0,5,130,0,135,0,11,142,0,153,229,0,229,382
08/20/2020,FDK,MD,AEA,EN,Federal Contract Tower,0,1,12,1,14,0,1,110,0,111,0,2,122,1,125,286,0,286,411
08/21/2020,FDK,MD,AEA,EN,Federal Contract Tower,0,2,20,0,22,0,5,105,0,110,0,7,125,0,132,266,0,266,398
08/22/2020,FDK,MD,AEA,EN,Federal Contract Tower,0,0,34,0,34,0,0,60,0,60,0,0,94,0,94,122,21,143,237
08/23/2020,FDK,MD,AEA,EN,Federal Contract Tower,0,3,20,0,23,0,0,82,1,83,0,3,102,1,106,184,0,184,290
08/24/2020,FDK,MD,AEA,EN,Federal Contract Tower,0,1,6,1,8,0,3,93,0,96,0,4,99,1,104,248,0,248,352
08/25/2020,FDK,MD,AEA,EN,Federal Contract Tower,0,0,4,0,4,0,2,76,0,78,0,2,80,0,82,205,0,205,287
08/26/2020,FDK,MD,AEA,EN,Federal Contract Tower,0,2,25,0,27,0,6,193,0,199,0,8,218,0,226,221,0,221,447
08/27/2020,FDK,MD,AEA,EN,Federal Contract Tower,0,2,5,0,7,0,0,84,4,88,0,2,89,4,95,280,0,280,375
08/28/2020,FDK,MD,AEA,EN,Federal Contract Tower,0,2,11,3,16,0,4,56,0,60,0,6,67,3,76,150,0,150,226
08/29/2020,FDK,MD,AEA,EN,Federal Contract Tower,0,0,9,0,9,0,5,11,0,16,0,5,20,0,25,51,0,51,76
08/30/2020,FDK,MD,AEA,EN,Federal Contract Tower,0,0,16,0,16,0,7,157,0,164,0,7,173,0,180,161,0,161,341
08/31/2020,FDK,MD,AEA,EN,Federal Contract Tower,0,7,15,0,22,0,8,14,0,22,0,15,29,0,44,51,0,51,95
09/01/2020,FDK,MD,AEA,EN,Federal Contract Tower,0,1,37,0,38,0,1,0,0,1,0,2,37,0,39,12,2,14,53
09/02/2020,FDK,MD,AEA,EN,Federal Contract Tower,0,1,20,0,21,0,1,19,2,22,0,2,39,2,43,161,4,165,208
09/03/2020,FDK,MD,AEA,EN,Federal Contract Tower,0,0,5,0,5,0,3,69,5,77,0,3,74,5,82,142,8,150,232
09/04/2020,FDK,MD,AEA,EN,Federal Contract Tower,0,0,12,0,12,0,4,132,0,136,0,4,144,0,148,289,0,289,437
09/05/2020,FDK,MD,AEA,EN,Federal Contract Tower,0,0,10,0,10,0,2,140,1,143,0,2,150,1,153,140,0,140,293
09/06/2020,FDK,MD,AEA,EN,Federal Contract Tower,0,0,9,0,9,0,2,106,3,111,0,2,115,3,120,140,0,140,260
09/07/2020,FDK,MD,AEA,EN,Federal Contract Tower,0,0,13,0,13,0,4,140,1,145,0,4,153,1,158,211,0,211,369
09/08/2020,FDK,MD,AEA,EN,Federal Contract Tower,0,5,7,0,12,0,1,141,2,144,0,6,148,2,156,259,4,263,419
09/09/2020,FDK,MD,AEA,EN,Federal Contract Tower,0,2,23,2,27,0,7,36,0,43,0,9,59,2,70,188,0,188,258
09/10/2020,FDK,MD,AEA,EN,Federal Contract Tower,0,1,18,2,21,0,1,1,0,2,0,2,19,2,23,0,0,0,23
09/11/2020,FDK,MD,AEA,EN,Federal Contract Tower,0,1,29,2,32,0,4,65,1,70,0,5,94,3,102,275,0,275,377
09/12/2020,FDK,MD,AEA,EN,Federal Contract Tower,0,0,27,0,27,0,0,40,0,40,0,0,67,0,67,138,0,138,205
09/13/2020,FDK,MD,AEA,EN,Federal Contract Tower,0,0,6,0,6,0,3,125,0,128,0,3,131,0,134,168,0,168,302
09/14/2020,FDK,MD,AEA,EN,Federal Contract Tower,0,2,12,0,14,0,1,111,2,114,0,3,123,2,128,113,0,113,241
09/15/2020,FDK,MD,AEA,EN,Federal Contract Tower,0,0,9,0,9,0,3,149,0,152,0,3,158,0,161,225,0,225,386
09/16/2020,FDK,MD,AEA,EN,Federal Contract Tower,0,0,16,0,16,0,5,153,8,166,0,5,169,8,182,150,6,156,338
09/17/2020,FDK,MD,AEA,EN,Federal Contract Tower,0,1,21,0,22,0,1,51,0,52,0,2,72,0,74,150,0,150,224
09/18/2020,FDK,MD,AEA,EN,Federal Contract Tower,0,3,17,0,20,0,5,43,0,48,0,8,60,0,68,130,0,130,198
09/19/2020,FDK,MD,AEA,EN,Federal Contract Tower,0,0,17,0,17,0,3,106,3,112,0,3,123,3,129,131,10,141,270
09/20/2020,FDK,MD,AEA,EN,Federal Contract Tower,0,0,22,0,22,0,2,135,0,137,0,2,157,0,159,98,0,98,257
09/21/2020,FDK,MD,AEA,EN,Federal Contract Tower,0,1,15,0,16,0,0,157,0,157,0,1,172,0,173,184,0,184,357
09/22/2020,FDK,MD,AEA,EN,Federal Contract Tower,0,0,10,0,10,0,2,107,0,109,0,2,117,0,119,150,1,151,270
09/23/2020,FDK,MD,AEA,EN,Federal Contract Tower,0,1,28,0,29,0,5,138,1,144,0,6,166,1,173,180,0,180,353
09/24/2020,FDK,MD,AEA,EN,Federal Contract Tower,0,3,15,0,18,0,2,172,2,176,0,5,187,2,194,260,0,260,454
09/25/2020,FDK,MD,AEA,EN,Federal Contract Tower,0,1,24,0,25,0,0,33,0,33,0,1,57,0,58,99,0,99,157
09/26/2020,FDK,MD,AEA,EN,Federal Contract Tower,0,1,18,0,19,0,0,5,0,5,0,1,23,0,24,55,0,55,79
09/27/2020,FDK,MD,AEA,EN,Federal Contract Tower,0,0,31,0,31,0,0,44,0,44,0,0,75,0,75,186,0,186,261
09/28/2020,FDK,MD,AEA,EN,Federal Contract Tower,0,1,25,0,26,0,4,58,0,62,0,5,83,0,88,82,4,86,174
09/29/2020,FDK,MD,AEA,EN,Federal Contract Tower,0,0,13,0,13,0,0,14,0,14,0,0,27,0,27,140,0,140,167
09/30/2020,FDK,MD,AEA,EN,Federal Contract Tower,0,0,12,0,12,0,2,111,2,115,0,2,123,2,127,162,0,162,289
10/01/2020,FDK,MD,AEA,EN,Federal Contract Tower,0,1,15,0,16,0,1,151,1,153,0,2,166,1,169,270,0,270,439
10/02/2020,FDK,MD,AEA,EN,Federal Contract Tower,0,4,15,0,19,0,2,102,4,108,0,6,117,4,127,118,0,118,245
10/03/2020,FDK,MD,AEA,EN,Federal Contract Tower,0,1,8,0,9,0,1,194,0,195,0,2,202,0,204,150,0,150,354
10/04/2020,FDK,MD,AEA,EN,Federal Contract Tower,0,5,19,0,24,0,0,103,0,103,0,5,122,0,127,145,0,145,272
10/05/2020,FDK,MD,AEA,EN,Federal Contract Tower,0,1,19,0,20,0,0,74,0,74,0,1,93,0,94,88,0,88,182
10/06/2020,FDK,MD,AEA,EN,Federal Contract Tower,0,0,17,0,17,0,2,77,0,79,0,2,94,0,96,202,0,202,298
10/07/2020,FDK,MD,AEA,EN,Federal Contract Tower,0,7,12,0,19,0,4,45,0,49,0,11,57,0,68,54,0,54,122
10/08/2020,FDK,MD,AEA,EN,Federal Contract Tower,0,1,11,0,12,0,7,116,0,123,0,8,127,0,135,149,0,149,284
10/09/2020,FDK,MD,AEA,EN,Federal Contract Tower,0,0,14,0,14,0,0,111,0,111,0,0,125,0,125,212,0,212,337
10/10/2020,FDK,MD,AEA,EN,Federal Contract Tower,0,3,20,0,23,0,1,104,0,105,0,4,124,0,128,273,0,273,401
10/11/2020,FDK,MD,AEA,EN,Federal Contract Tower,0,1,16,0,17,0,0,11,0,11,0,1,27,0,28,49,0,49,77
10/12/2020,FDK,MD,AEA,EN,Federal Contract Tower,0,4,9,0,13,0,0,0,0,0,0,4,9,0,13,0,0,0,13
10/13/2020,FDK,MD,AEA,EN,Federal Contract Tower,0,0,16,0,16,0,0,14,2,16,0,0,30,2,32,83,0,83,115
10/14/2020,FDK,MD,AEA,EN,Federal Contract Tower,0,0,17,0,17,0,7,127,2,136,0,7,144,2,153,190,0,190,343
10/15/2020,FDK,MD,AEA,EN,Federal Contract Tower,0,5,10,0,15,0,3,102,2,107,0,8,112,2,122,183,0,183,305
10/16/2020,FDK,MD,AEA,EN,Federal Contract Tower,0,0,17,0,17,0,3,49,0,52,0,3,66,0,69,129,0,129,198
10/17/2020,FDK,MD,AEA,EN,Federal Contract Tower,0,0,9,0,9,0,2,146,0,148,0,2,155,0,157,202,0,202,359
10/18/2020,FDK,MD,AEA,EN,Federal Contract Tower,0,3,10,0,13,0,5,94,2,101,0,8,104,2,114,232,0,232,346
10/19/2020,FDK,MD,AEA,EN,Federal Contract Tower,0,1,34,0,35,0,4,36,6,46,0,5,70,6,81,68,0,68,149
10/20/2020,FDK,MD,AEA,EN,Federal Contract Tower,0,2,12,2,16,0,6,78,0,84,0,8,90,2,100,264,0,264,364
10/21/2020,FDK,MD,AEA,EN,Federal Contract Tower,0,5,27,4,36,0,0,78,6,84,0,5,105,10,120,195,0,195,315
10/22/2020,FDK,MD,AEA,EN,Federal Contract Tower,0,2,11,1,14,0,0,89,2,91,0,2,100,3,105,169,0,169,274
10/23/2020,FDK,MD,AEA,EN,Federal Contract Tower,0,2,16,0,18,0,1,99,0,100,0,3,115,0,118,172,0,172,290
10/24/2020,FDK,MD,AEA,EN,Federal Contract Tower,0,4,21,1,26,0,0,75,0,75,0,4,96,1,101,228,0,228,329
10/25/2020,FDK,MD,AEA,EN,Federal Contract Tower,0,0,26,0,26,0,0,17,0,17,0,0,43,0,43,40,0,40,83
10/26/2020,FDK,MD,AEA,EN,Federal Contract Tower,0,0,26,0,26,0,2,0,0,2,0,2,26,0,28,0,0,0,28
10/27/2020,FDK,MD,AEA,EN,Federal Contract Tower,0,0,29,2,31,0,4,54,2,60,0,4,83,4,91,246,0,246,337
10/28/2020,FDK,MD,AEA,EN,Federal Contract Tower,0,1,32,0,33,0,9,43,0,52,0,10,75,0,85,103,0,103,188
10/29/2020,FDK,MD,AEA,EN,Federal Contract Tower,0,1,2,0,3,0,0,0,0,0,0,1,2,0,3,0,0,0,3
10/31/2020,FDK,MD,AEA,EN,Federal Contract Tower,0,1,24,0,25,0,2,160,3,165,0,3,184,3,190,229,4,233,423
11/01/2020,FDK,MD,AEA,EN,Federal Contract Tower,0,1,17,0,18,0,0,1,0,1,0,1,18,0,19,0,0,0,19
11/02/2020,FDK,MD,AEA,EN,Federal Contract Tower,0,2,1,2,5,0,2,13,4,19,0,4,14,6,24,10,0,10,34
11/03/2020,FDK,MD,AEA,EN,Federal Contract Tower,0,3,2,6,11,0,2,53,3,58,0,5,55,9,69,104,0,104,173
11/04/2020,FDK,MD,AEA,EN,Federal Contract Tower,0,3,14,1,18,0,9,134,3,146,0,12,148,4,164,181,0,181,345
11/05/2020,FDK,MD,AEA,EN,Federal Contract Tower,0,2,18,0,20,0,4,146,0,150,0,6,164,0,170,266,0,266,436
11/06/2020,FDK,MD,AEA,EN,Federal Contract Tower,0,0,15,2,17,0,2,116,0,118,0,2,131,2,135,223,0,223,358
11/07/2020,FDK,MD,AEA,EN,Federal Contract Tower,0,1,12,0,13,0,2,178,1,181,0,3,190,1,194,289,0,289,483
11/08/2020,FDK,MD,AEA,EN,Federal Contract Tower,0,0,13,0,13,0,2,133,0,135,0,2,146,0,148,211,0,211,359
11/09/2020,FDK,MD,AEA,EN,Federal Contract Tower,0,2,12,0,14,0,2,95,2,99,0,4,107,2,113,262,0,262,375
11/10/2020,FDK,MD,AEA,EN,Federal Contract Tower,0,0,16,1,17,0,5,88,0,93,0,5,104,1,110,253,0,253,363
11/11/2020,FDK,MD,AEA,EN,Federal Contract Tower,0,4,24,0,28,0,0,0,0,0,0,4,24,0,28,0,0,0,28
11/12/2020,FDK,MD,AEA,EN,Federal Contract Tower,0,2,24,0,26,0,2,20,0,22,0,4,44,0,48,91,0,91,139
11/13/2020,FDK,MD,AEA,EN,Federal Contract Tower,0,0,10,0,10,0,2,129,0,131,0,2,139,0,141,206,0,206,347
11/14/2020,FDK,MD,AEA,EN,Federal Contract Tower,0,0,13,0,13,0,6,142,0,148,0,6,155,0,161,294,0,294,455
11/15/2020,FDK,MD,AEA,EN,Federal Contract Tower,0,0,6,0,6,0,0,3,0,3,0,0,9,0,9,10,0,10,19
11/16/2020,FDK,MD,AEA,EN,Federal Contract Tower,0,0,11,0,11,0,6,33,0,39,0,6,44,0,50,78,0,78,128
11/17/2020,FDK,MD,AEA,EN,Federal Contract Tower,0,3,10,0,13,0,3,34,0,37,0,6,44,0,50,45,0,45,95
11/18/2020,FDK,MD,AEA,EN,Federal Contract Tower,0,2,15,0,17,0,3,50,2,55,0,5,65,2,72,100,0,100,172
11/19/2020,FDK,MD,AEA,EN,Federal Contract Tower,0,6,19,0,25,0,0,111,1,112,0,6,130,1,137,181,0,181,318
11/20/2020,FDK,MD,AEA,EN,Federal Contract Tower,0,3,14,0,17,0,7,144,2,153,0,10,158,2,170,242,0,242,412
11/21/2020,FDK,MD,AEA,EN,Federal Contract Tower,0,0,23,0,23,0,4,146,0,150,0,4,169,0,173,235,0,235,408
11/22/2020,FDK,MD,AEA,EN,Federal Contract Tower,0,1,15,0,16,0,0,52,2,54,0,1,67,2,70,218,0,218,288
11/23/2020,FDK,MD,AEA,EN,Federal Contract Tower,0,5,2,3,10,0,9,9,1,19,0,14,11,4,29,6,0,6,35
11/24/2020,FDK,MD,AEA,EN,Federal Contract Tower,0,0,21,0,21,0,5,132,0,137,0,5,153,0,158,325,0,325,483
11/25/2020,FDK,MD,AEA,EN,Federal Contract Tower,0,2,16,0,18,0,3,105,2,110,0,5,121,2,128,154,0,154,282
11/26/2020,FDK,MD,AEA,EN,Federal Contract Tower,0,0,3,0,3,0,2,27,0,29,0,2,30,0,32,24,0,24,56
11/27/2020,FDK,MD,AEA,EN,Federal Contract Tower,0,2,13,0,15,0,4,125,0,129,0,6,138,0,144,251,0,251,395
11/28/2020,FDK,MD,AEA,EN,Federal Contract Tower,0,3,7,0,10,0,1,76,0,77,0,4,83,0,87,108,0,108,195
11/29/2020,FDK,MD,AEA,EN,Federal Contract Tower,0,1,18,0,19,0,11,132,0,143,0,12,150,0,162,170,0,170,332
11/30/2020,FDK,MD,AEA,EN,Federal Contract Tower,0,0,5,0,5,0,0,9,0,9,0,0,14,0,14,11,0,11,25
12/01/2020,FDK,MD,AEA,EN,Federal Contract Tower,0,4,2,0,6,0,0,18,0,18,0,4,20,0,24,51,0,51,75
12/02/2020,FDK,MD,AEA,EN,Federal Contract Tower,0,4,20,2,26,0,5,65,4,74,0,9,85,6,100,76,6,82,182
12/03/2020,FDK,MD,AEA,EN,Federal Contract Tower,0,0,15,0,15,0,2,137,3,142,0,2,152,3,157,289,0,289,446
12/04/2020,FDK,MD,AEA,EN,Federal Contract Tower,0,0,9,0,9,0,5,17,0,22,0,5,26,0,31,102,0,102,133
12/05/2020,FDK,MD,AEA,EN,Federal Contract Tower,0,0,1,0,1,0,0,7,0,7,0,0,8,0,8,34,0,34,42
12/06/2020,FDK,MD,AEA,EN,Federal Contract Tower,0,2,17,0,19,0,1,90,0,91,0,3,107,0,110,77,0,77,187
12/07/2020,FDK,MD,AEA,EN,Federal Contract Tower,0,0,2,0,2,0,4,94,0,98,0,4,96,0,100,207,0,207,307
12/08/2020,FDK,MD,AEA,EN,Federal Contract Tower,0,0,6,0,6,0,2,43,2,47,0,2,49,2,53,53,0,53,106
12/09/2020,FDK,MD,AEA,EN,Federal Contract Tower,0,2,9,0,11,0,9,109,2,120,0,11,118,2,131,209,0,209,340
12/10/2020,FDK,MD,AEA,EN,Federal Contract Tower,0,0,6,0,6,0,3,131,2,136,0,3,137,2,142,327,0,327,469
12/11/2020,FDK,MD,AEA,EN,Federal Contract Tower,0,0,9,0,9,0,2,162,0,164,0,2,171,0,173,281,0,281,454
12/12/2020,FDK,MD,AEA,EN,Federal Contract Tower,0,0,16,0,16,0,2,39,0,41,0,2,55,0,57,47,0,47,104
12/13/2020,FDK,MD,AEA,EN,Federal Contract Tower,0,0,10,0,10,0,1,114,0,115,0,1,124,0,125,251,0,251,376
12/14/2020,FDK,MD,AEA,EN,Federal Contract Tower,0,1,1,0,2,0,1,8,0,9,0,2,9,0,11,46,0,46,57
12/15/2020,FDK,MD,AEA,EN,Federal Contract Tower,0,0,7,0,7,0,2,148,0,150,0,2,155,0,157,233,0,233,390
12/16/2020,FDK,MD,AEA,EN,Federal Contract Tower,0,1,0,0,1,0,3,0,0,3,0,4,0,0,4,10,0,10,14
12/17/2020,FDK,MD,AEA,EN,Federal Contract Tower,0,0,0,0,0,0,4,17,0,21,0,4,17,0,21,14,0,14,35
12/18/2020,FDK,MD,AEA,EN,Federal Contract Tower,0,0,8,0,8,0,0,33,0,33,0,0,41,0,41,274,0,274,315
12/19/2020,FDK,MD,AEA,EN,Federal Contract Tower,0,2,8,0,10,0,0,132,0,132,0,2,140,0,142,269,0,269,411
12/20/2020,FDK,MD,AEA,EN,Federal Contract Tower,0,0,7,0,7,0,0,21,0,21,0,0,28,0,28,112,0,112,140
12/21/2020,FDK,MD,AEA,EN,Federal Contract Tower,0,0,4,0,4,0,0,6,0,6,0,0,10,0,10,4,0,4,14
12/22/2020,FDK,MD,AEA,EN,Federal Contract Tower,0,0,4,0,4,0,0,41,0,41,0,0,45,0,45,90,0,90,135
12/23/2020,FDK,MD,AEA,EN,Federal Contract Tower,0,0,12,0,12,0,0,137,7,144,0,0,149,7,156,130,0,130,286
12/24/2020,FDK,MD,AEA,EN,Federal Contract Tower,0,2,2,0,4,0,0,0,0,0,0,2,2,0,4,0,0,0,4
12/25/2020,FDK,MD,AEA,EN,Federal Contract Tower,0,0,0,0,0,0,0,3,0,3,0,0,3,0,3,0,0,0,3
12/26/2020,FDK,MD,AEA,EN,Federal Contract Tower,0,0,11,0,11,0,7,78,0,85,0,7,89,0,96,102,6,108,204
12/27/2020,FDK,MD,AEA,EN,Federal Contract Tower,0,0,10,0,10,0,0,159,0,159,0,0,169,0,169,214,0,214,383
12/28/2020,FDK,MD,AEA,EN,Federal Contract Tower,0,1,13,0,14,0,15,124,0,139,0,16,137,0,153,294,0,294,447
12/29/2020,FDK,MD,AEA,EN,Federal Contract Tower,0,2,8,0,10,0,3,69,2,74,0,5,77,2,84,107,0,107,191
12/30/2020,FDK,MD,AEA,EN,Federal Contract Tower,0,4,19,0,23,0,1,95,2,98,0,5,114,2,121,216,6,222,343
12/31/2020,FDK,MD,AEA,EN,Federal Contract Tower,0,0,5,0,5,0,2,34,0,36,0,2,39,0,41,163,0,163,204
01/01/2021,FDK,MD,AEA,EN,Federal Contract Tower,0,0,0,0,0,0,0,3,0,3,0,0,3,0,3,46,0,46,49
01/02/2021,FDK,MD,AEA,EN,Federal Contract Tower,0,5,6,0,11,0,8,88,0,96,0,13,94,0,107,173,0,173,280
01/03/2021,FDK,MD,AEA,EN,Federal Contract Tower,0,1,5,0,6,0,0,0,0,0,0,1,5,0,6,0,0,0,6
01/04/2021,FDK,MD,AEA,EN,Federal Contract Tower,0,0,12,0,12,0,0,86,0,86,0,0,98,0,98,233,0,233,331
01/05/2021,FDK,MD,AEA,EN,Federal Contract Tower,0,1,3,0,4,0,1,8,0,9,0,2,11,0,13,33,0,33,46
01/06/2021,FDK,MD,AEA,EN,Federal Contract Tower,0,3,8,0,11,0,3,47,2,52,0,6,55,2,63,156,0,156,219
01/07/2021,FDK,MD,AEA,EN,Federal Contract Tower,0,3,6,2,11,0,1,107,2,110,0,4,113,4,121,184,0,184,305
01/08/2021,FDK,MD,AEA,EN,Federal Contract Tower,0,1,2,0,3,0,2,106,4,112,0,3,108,4,115,255,2,257,372
01/09/2021,FDK,MD,AEA,EN,Federal Contract Tower,0,0,7,0,7,0,0,91,0,91,0,0,98,0,98,71,0,71,169
01/10/2021,FDK,MD,AEA,EN,Federal Contract Tower,0,0,15,0,15,0,1,119,0,120,0,1,134,0,135,168,0,168,303
01/11/2021,FDK,MD,AEA,EN,Federal Contract Tower,0,2,4,0,6,0,1,110,0,111,0,3,114,0,117,175,0,175,292
01/12/2021,FDK,MD,AEA,EN,Federal Contract Tower,0,2,11,2,15,0,0,76,2,78,0,2,87,4,93,216,0,216,309
01/13/2021,FDK,MD,AEA,EN,Federal Contract Tower,0,3,12,0,15,0,9,88,0,97,0,12,100,0,112,271,0,271,383
01/14/2021,FDK,MD,AEA,EN,Federal Contract Tower,0,1,17,0,18,0,2,120,0,122,0,3,137,0,140,183,0,183,323
01/15/2021,FDK,MD,AEA,EN,Federal Contract Tower,0,0,1,0,1,0,0,39,0,39,0,0,40,0,40,123,0,123,163
01/16/2021,FDK,MD,AEA,EN,Federal Contract Tower,0,1,7,0,8,0,2,139,0,141,0,3,146,0,149,213,0,213,362
01/17/2021,FDK,MD,AEA,EN,Federal Contract Tower,0,0,4,0,4,0,0,79,0,79,0,0,83,0,83,102,0,102,185
01/18/2021,FDK,MD,AEA,EN,Federal Contract Tower,0,0,10,0,10,0,0,53,2,55,0,0,63,2,65,92,0,92,157
01/19/2021,FDK,MD,AEA,EN,Federal Contract Tower,0,0,2,0,2,0,0,74,2,76,0,0,76,2,78,249,0,249,327
01/20/2021,FDK,MD,AEA,EN,Federal Contract Tower,0,2,7,0,9,0,0,7,0,7,0,2,14,0,16,4,0,4,20
01/21/2021,FDK,MD,AEA,EN,Federal Contract Tower,0,3,5,0,8,0,2,90,0,92,0,5,95,0,100,212,0,212,312
01/22/2021,FDK,MD,AEA,EN,Federal Contract Tower,0,0,12,0,12,0,0,56,0,56,0,0,68,0,68,51,0,51,119
01/23/2021,FDK,MD,AEA,EN,Federal Contract Tower,0,6,5,0,11,0,5,7,0,12,0,11,12,0,23,40,0,40,63
01/24/2021,FDK,MD,AEA,EN,Federal Contract Tower,0,0,9,0,9,0,6,165,0,171,0,6,174,0,180,282,0,282,462
01/25/2021,FDK,MD,AEA,EN,Federal Contract Tower,0,2,3,0,5,0,0,20,0,20,0,2,23,0,25,141,0,141,166
01/26/2021,FDK,MD,AEA,EN,Federal Contract Tower,0,0,2,0,2,0,0,0,0,0,0,0,2,0,2,0,0,0,2
01/27/2021,FDK,MD,AEA,EN,Federal Contract Tower,0,0,12,0,12,0,0,88,0,88,0,0,100,0,100,175,3,178,278
01/28/2021,FDK,MD,AEA,EN,Federal Contract Tower,0,6,3,0,9,0,3,20,0,23,0,9,23,0,32,2,0,2,34
01/29/2021,FDK,MD,AEA,EN,Federal Contract Tower,0,1,5,0,6,0,4,4,0,8,0,5,9,0,14,18,0,18,32
01/30/2021,FDK,MD,AEA,EN,Federal Contract Tower,0,1,16,0,17,0,2,213,0,215,0,3,229,0,232,289,0,289,521
01/31/2021,FDK,MD,AEA,EN,Federal Contract Tower,0,0,0,0,0,0,0,0,0,0,0,0,0,0,0,0,0,0,0
02/01/2021,FDK,MD,AEA,EN,Federal Contract Tower,0,0,0,0,0,0,0,0,0,0,0,0,0,0,0,0,0,0,0
02/02/2021,FDK,MD,AEA,EN,Federal Contract Tower,0,2,8,0,10,0,0,0,0,0,0,2,8,0,10,0,0,0,10
02/03/2021,FDK,MD,AEA,EN,Federal Contract Tower,0,0,8,0,8,0,0,17,12,29,0,0,25,12,37,30,0,30,67
02/04/2021,FDK,MD,AEA,EN,Federal Contract Tower,0,2,17,0,19,0,3,159,4,166,0,5,176,4,185,222,0,222,407
02/05/2021,FDK,MD,AEA,EN,Federal Contract Tower,0,0,12,0,12,0,0,79,0,79,0,0,91,0,91,173,0,173,264
02/06/2021,FDK,MD,AEA,EN,Federal Contract Tower,0,0,7,0,7,0,4,76,2,82,0,4,83,2,89,176,0,176,265
02/07/2021,FDK,MD,AEA,EN,Federal Contract Tower,0,0,1,0,1,0,0,5,0,5,0,0,6,0,6,30,0,30,36
02/08/2021,FDK,MD,AEA,EN,Federal Contract Tower,0,3,6,0,9,0,22,118,0,140,0,25,124,0,149,226,10,236,385
02/09/2021,FDK,MD,AEA,EN,Federal Contract Tower,0,0,8,0,8,0,0,80,0,80,0,0,88,0,88,256,0,256,344
02/10/2021,FDK,MD,AEA,EN,Federal Contract Tower,0,1,2,0,3,0,4,69,0,73,0,5,71,0,76,256,0,256,332
02/11/2021,FDK,MD,AEA,EN,Federal Contract Tower,0,0,3,0,3,0,0,0,0,0,0,0,3,0,3,0,0,0,3
02/12/2021,FDK,MD,AEA,EN,Federal Contract Tower,0,0,3,0,3,0,2,9,0,11,0,2,12,0,14,70,0,70,84
02/13/2021,FDK,MD,AEA,EN,Federal Contract Tower,0,1,1,0,2,0,0,2,0,2,0,1,3,0,4,30,0,30,34
02/14/2021,FDK,MD,AEA,EN,Federal Contract Tower,0,0,12,0,12,0,1,11,0,12,0,1,23,0,24,13,0,13,37
02/15/2021,FDK,MD,AEA,EN,Federal Contract Tower,0,0,0,0,0,0,0,0,0,0,0,0,0,0,0,8,0,8,8
02/16/2021,FDK,MD,AEA,EN,Federal Contract Tower,0,0,5,0,5,0,0,17,0,17,0,0,22,0,22,81,0,81,103
02/17/2021,FDK,MD,AEA,EN,Federal Contract Tower,0,3,9,0,12,0,8,169,4,181,0,11,178,4,193,240,14,254,447
02/18/2021,FDK,MD,AEA,EN,Federal Contract Tower,0,0,0,0,0,0,0,0,0,0,0,0,0,0,0,0,0,0,0
02/19/2021,FDK,MD,AEA,EN,Federal Contract Tower,0,0,2,0,2,0,0,3,0,3,0,0,5,0,5,43,0,43,48
02/20/2021,FDK,MD,AEA,EN,Federal Contract Tower,0,0,5,0,5,0,4,44,0,48,0,4,49,0,53,72,0,72,125
02/21/2021,FDK,MD,AEA,EN,Federal Contract Tower,0,1,7,0,8,0,8,152,3,163,0,9,159,3,171,252,0,252,423
02/22/2021,FDK,MD,AEA,EN,Federal Contract Tower,0,0,4,0,4,0,0,0,0,0,0,0,4,0,4,0,0,0,4
02/23/2021,FDK,MD,AEA,EN,Federal Contract Tower,0,0,5,0,5,0,5,37,0,42,0,5,42,0,47,108,0,108,155
02/24/2021,FDK,MD,AEA,EN,Federal Contract Tower,0,0,15,0,15,0,0,125,0,125,0,0,140,0,140,156,0,156,296
02/25/2021,FDK,MD,AEA,EN,Federal Contract Tower,0,0,13,0,13,0,4,131,0,135,0,4,144,0,148,261,0,261,409
02/26/2021,FDK,MD,AEA,EN,Federal Contract Tower,0,3,16,2,21,0,2,145,2,149,0,5,161,4,170,173,6,179,349
02/27/2021,FDK,MD,AEA,EN,Federal Contract Tower,0,0,10,0,10,0,0,47,0,47,0,0,57,0,57,112,0,112,169
02/28/2021,FDK,MD,AEA,EN,Federal Contract Tower,0,0,14,0,14,0,0,0,0,0,0,0,14,0,14,6,0,6,20
03/01/2021,FDK,MD,AEA,EN,Federal Contract Tower,0,4,11,0,15,0,3,10,0,13,0,7,21,0,28,3,0,3,31
03/02/2021,FDK,MD,AEA,EN,Federal Contract Tower,0,1,10,0,11,0,2,110,0,112,0,3,120,0,123,44,0,44,167
03/03/2021,FDK,MD,AEA,EN,Federal Contract Tower,0,4,11,4,19,0,3,127,0,130,0,7,138,4,149,315,0,315,464
03/05/2021,FDK,MD,AEA,EN,Federal Contract Tower,0,1,13,0,14,0,2,44,0,46,0,3,57,0,60,38,0,38,98
03/06/2021,FDK,MD,AEA,EN,Federal Contract Tower,0,1,11,0,12,0,2,126,0,128,0,3,137,0,140,116,0,116,256
03/07/2021,FDK,MD,AEA,EN,Federal Contract Tower,0,3,12,0,15,0,2,135,0,137,0,5,147,0,152,181,0,181,333
03/08/2021,FDK,MD,AEA,EN,Federal Contract Tower,0,9,5,0,14,0,0,130,2,132,0,9,135,2,146,205,0,205,351
03/09/2021,FDK,MD,AEA,EN,Federal Contract Tower,0,0,8,0,8,0,12,119,0,131,0,12,127,0,139,327,0,327,466
03/10/2021,FDK,MD,AEA,EN,Federal Contract Tower,0,0,19,0,19,0,4,146,0,150,0,4,165,0,169,261,0,261,430
03/11/2021,FDK,MD,AEA,EN,Federal Contract Tower,0,3,15,0,18,0,1,130,0,131,0,4,145,0,149,233,0,233,382
03/12/2021,FDK,MD,AEA,EN,Federal Contract Tower,0,1,19,0,20,0,10,51,0,61,0,11,70,0,81,188,0,188,269
03/13/2021,FDK,MD,AEA,EN,Federal Contract Tower,0,4,8,0,12,0,6,157,0,163,0,10,165,0,175,211,0,211,386
03/14/2021,FDK,MD,AEA,EN,Federal Contract Tower,0,0,4,0,4,0,1,51,0,52,0,1,55,0,56,9,0,9,65
03/15/2021,FDK,MD,AEA,EN,Federal Contract Tower,0,0,10,0,10,0,7,87,0,94,0,7,97,0,104,336,0,336,440
03/16/2021,FDK,MD,AEA,EN,Federal Contract Tower,0,0,16,0,16,0,4,10,0,14,0,4,26,0,30,118,0,118,148
03/17/2021,FDK,MD,AEA,EN,Federal Contract Tower,0,2,19,2,23,0,2,6,0,8,0,4,25,2,31,107,2,109,140
03/18/2021,FDK,MD,AEA,EN,Federal Contract Tower,0,0,10,0,10,0,0,0,0,0,0,0,10,0,10,0,0,0,10
03/19/2021,FDK,MD,AEA,EN,Federal Contract Tower,0,0,9,0,9,0,3,10,0,13,0,3,19,0,22,26,0,26,48
03/20/2021,FDK,MD,AEA,EN,Federal Contract Tower,0,1,7,0,8,0,5,181,0,186,0,6,188,0,194,293,0,293,487
03/21/2021,FDK,MD,AEA,EN,Federal Contract Tower,0,1,14,0,15,0,2,160,0,162,0,3,174,0,177,218,0,218,395
03/22/2021,FDK,MD,AEA,EN,Federal Contract Tower,0,2,7,0,9,0,8,123,0,131,0,10,130,0,140,262,0,262,402
03/23/2021,FDK,MD,AEA,EN,Federal Contract Tower,0,2,15,3,20,0,10,89,0,99,0,12,104,3,119,230,1,231,350
03/24/2021,FDK,MD,AEA,EN,Federal Contract Tower,0,2,2,0,4,0,0,0,0,0,0,2,2,0,4,0,0,0,4
03/25/2021,FDK,MD,AEA,EN,Federal Contract Tower,0,1,30,0,31,0,0,2,0,2,0,1,32,0,33,56,0,56,89
03/26/2021,FDK,MD,AEA,EN,Federal Contract Tower,0,2,7,0,9,0,0,13,0,13,0,2,20,0,22,4,0,4,26
03/27/2021,FDK,MD,AEA,EN,Federal Contract Tower,0,0,11,0,11,0,6,152,0,158,0,6,163,0,169,294,0,294,463
03/29/2021,FDK,MD,AEA,EN,Federal Contract Tower,0,0,10,0,10,0,1,70,0,71,0,1,80,0,81,191,0,191,272
03/30/2021,FDK,MD,AEA,EN,Federal Contract Tower,0,4,10,1,15,0,2,113,2,117,0,6,123,3,132,152,0,152,284
03/31/2021,FDK,MD,AEA,EN,Federal Contract Tower,0,2,16,0,18,0,1,2,0,3,0,3,18,0,21,68,0,68,89
04/01/2021,FDK,MD,AEA,EN,Federal Contract Tower,0,1,5,0,6,0,0,23,0,23,0,1,28,0,29,59,0,59,88
04/02/2021,FDK,MD,AEA,EN,Federal Contract Tower,0,0,9,0,9,0,2,31,0,33,0,2,40,0,42,22,0,22,64
04/03/2021,FDK,MD,AEA,EN,Federal Contract Tower,0,0,10,0,10,0,5,155,0,160,0,5,165,0,170,350,0,350,520
04/04/2021,FDK,MD,AEA,EN,Federal Contract Tower,0,0,6,0,6,0,6,89,0,95,0,6,95,0,101,61,0,61,162
04/05/2021,FDK,MD,AEA,EN,Federal Contract Tower,0,2,15,0,17,0,6,105,0,111,0,8,120,0,128,280,0,280,408
04/06/2021,FDK,MD,AEA,EN,Federal Contract Tower,0,3,3,0,6,0,26,132,0,158,0,29,135,0,164,248,0,248,412
04/07/2021,FDK,MD,AEA,EN,Federal Contract Tower,0,2,20,1,23,0,6,127,2,135,0,8,147,3,158,220,4,224,382
04/08/2021,FDK,MD,AEA,EN,Federal Contract Tower,0,2,9,0,11,0,20,77,0,97,0,22,86,0,108,303,0,303,411
04/09/2021,FDK,MD,AEA,EN,Federal Contract Tower,0,1,23,0,24,0,0,0,0,0,0,1,23,0,24,0,0,0,24
04/10/2021,FDK,MD,AEA,EN,Federal Contract Tower,0,0,35,0,35,0,3,13,0,16,0,3,48,0,51,174,0,174,225
04/11/2021,FDK,MD,AEA,EN,Federal Contract Tower,0,2,23,0,25,0,3,43,0,46,0,5,66,0,71,205,0,205,276
04/12/2021,FDK,MD,AEA,EN,Federal Contract Tower,0,3,29,0,32,0,0,8,0,8,0,3,37,0,40,183,0,183,223
04/13/2021,FDK,MD,AEA,EN,Federal Contract Tower,0,0,35,0,35,0,4,54,1,59,0,4,89,1,94,180,2,182,276
04/14/2021,FDK,MD,AEA,EN,Federal Contract Tower,0,5,16,0,21,0,3,27,0,30,0,8,43,0,51,113,0,113,164
04/15/2021,FDK,MD,AEA,EN,Federal Contract Tower,0,7,3,0,10,0,1,74,0,75,0,8,77,0,85,91,0,91,176
04/16/2021,FDK,MD,AEA,EN,Federal Contract Tower,0,2,11,0,13,0,8,50,0,58,0,10,61,0,71,203,0,203,274
04/17/2021,FDK,MD,AEA,EN,Federal Contract Tower,0,0,12,0,12,0,3,168,0,171,0,3,180,0,183,213,0,213,396
04/18/2021,FDK,MD,AEA,EN,Federal Contract Tower,0,0,6,0,6,0,2,160,0,162,0,2,166,0,168,166,5,171,339
04/19/2021,FDK,MD,AEA,EN,Federal Contract Tower,0,2,9,0,11,0,4,104,0,108,0,6,113,0,119,179,0,179,298
04/20/2021,FDK,MD,AEA,EN,Federal Contract Tower,0,4,11,0,15,0,2,133,2,137,0,6,144,2,152,263,0,263,415
04/21/2021,FDK,MD,AEA,EN,Federal Contract Tower,0,0,4,0,4,0,6,15,0,21,0,6,19,0,25,22,0,22,47
04/22/2021,FDK,MD,AEA,EN,Federal Contract Tower,0,3,9,0,12,0,4,20,0,24,0,7,29,0,36,0,0,0,36
04/23/2021,FDK,MD,AEA,EN,Federal Contract Tower,0,0,14,0,14,0,1,108,2,111,0,1,122,2,125,202,9,211,336
04/24/2021,FDK,MD,AEA,EN,Federal Contract Tower,0,1,9,0,10,0,2,153,0,155,0,3,162,0,165,283,0,283,448
04/25/2021,FDK,MD,AEA,EN,Federal Contract Tower,0,1,3,0,4,0,2,21,0,23,0,3,24,0,27,36,0,36,63
04/26/2021,FDK,MD,AEA,EN,Federal Contract Tower,0,0,12,1,13,0,5,110,0,115,0,5,122,1,128,148,0,148,276
04/27/2021,FDK,MD,AEA,EN,Federal Contract Tower,0,2,8,0,10,0,11,142,1,154,0,13,150,1,164,300,1,301,465
04/28/2021,FDK,MD,AEA,EN,Federal Contract Tower,0,1,9,0,10,0,8,121,0,129,0,9,130,0,139,189,0,189,328
04/30/2021,FDK,MD,AEA,EN,Federal Contract Tower,0,1,3,0,4,0,2,0,0,2,0,3,3,0,6,0,0,0,6
05/01/2021,FDK,MD,AEA,EN,Federal Contract Tower,0,1,5,0,6,0,2,98,0,100,0,3,103,0,106,164,0,164,270
05/02/2021,FDK,MD,AEA,EN,Federal Contract Tower,0,2,13,0,15,0,0,94,1,95,0,2,107,1,110,185,0,185,295
05/03/2021,FDK,MD,AEA,EN,Federal Contract Tower,0,3,8,0,11,0,6,16,0,22,0,9,24,0,33,182,0,182,215
05/04/2021,FDK,MD,AEA,EN,Federal Contract Tower,0,3,14,0,17,0,4,78,0,82,0,7,92,0,99,325,0,325,424
05/05/2021,FDK,MD,AEA,EN,Federal Contract Tower,0,4,16,0,20,0,0,22,0,22,0,4,38,0,42,94,0,94,136
05/06/2021,FDK,MD,AEA,EN,Federal Contract Tower,0,0,7,0,7,0,9,171,0,180,0,9,178,0,187,387,0,387,574
05/07/2021,FDK,MD,AEA,EN,Federal Contract Tower,0,4,12,0,16,0,2,56,0,58,0,6,68,0,74,156,0,156,230
05/08/2021,FDK,MD,AEA,EN,Federal Contract Tower,0,0,5,0,5,0,1,9,0,10,0,1,14,0,15,94,0,94,109
05/09/2021,FDK,MD,AEA,EN,Federal Contract Tower,0,0,9,0,9,0,3,56,1,60,0,3,65,1,69,197,0,197,266
05/10/2021,FDK,MD,AEA,EN,Federal Contract Tower,0,0,7,0,7,0,8,66,0,74,0,8,73,0,81,200,0,200,281
05/11/2021,FDK,MD,AEA,EN,Federal Contract Tower,0,1,15,0,16,0,3,104,0,107,0,4,119,0,123,241,0,241,364
05/12/2021,FDK,MD,AEA,EN,Federal Contract Tower,0,0,20,2,22,0,9,118,0,127,0,9,138,2,149,200,0,200,349
05/13/2021,FDK,MD,AEA,EN,Federal Contract Tower,0,1,15,0,16,0,4,113,1,118,0,5,128,1,134,271,0,271,405
05/14/2021,FDK,MD,AEA,EN,Federal Contract Tower,0,0,14,2,16,0,5,121,0,126,0,5,135,2,142,219,0,219,361
05/15/2021,FDK,MD,AEA,EN,Federal Contract Tower,0,0,11,0,11,0,2,180,0,182,0,2,191,0,193,299,0,299,492
05/16/2021,FDK,MD,AEA,EN,Federal Contract Tower,0,3,10,0,13,0,2,59,1,62,0,5,69,1,75,204,0,204,279
05/17/2021,FDK,MD,AEA,EN,Federal Contract Tower,0,1,7,0,8,0,3,96,0,99,0,4,103,0,107,208,0,208,315
05/18/2021,FDK,MD,AEA,EN,Federal Contract Tower,0,2,16,2,20,0,8,118,0,126,0,10,134,2,146,245,0,245,391
05/19/2021,FDK,MD,AEA,EN,Federal Contract Tower,0,4,15,2,21,0,2,129,1,132,0,6,144,3,153,275,0,275,428
05/20/2021,FDK,MD,AEA,EN,Federal Contract Tower,0,4,11,0,15,0,2,117,0,119,0,6,128,0,134,258,0,258,392
05/21/2021,FDK,MD,AEA,EN,Federal Contract Tower,0,0,8,0,8,0,1,89,0,90,0,1,97,0,98,214,0,214,312
05/22/2021,FDK,MD,AEA,EN,Federal Contract Tower,0,6,3,0,9,0,3,129,0,132,0,9,132,0,141,218,0,218,359
05/23/2021,FDK,MD,AEA,EN,Federal Contract Tower,0,5,10,0,15,0,6,84,1,91,0,11,94,1,106,95,0,95,201
05/24/2021,FDK,MD,AEA,EN,Federal Contract Tower,0,7,19,0,26,0,0,0,0,0,0,7,19,0,26,18,0,18,44
05/25/2021,FDK,MD,AEA,EN,Federal Contract Tower,0,7,33,0,40,0,6,50,0,56,0,13,83,0,96,215,0,215,311
05/26/2021,FDK,MD,AEA,EN,Federal Contract Tower,0,1,13,0,14,0,0,69,0,69,0,1,82,0,83,232,0,232,315
05/27/2021,FDK,MD,AEA,EN,Federal Contract Tower,0,2,11,0,13,0,0,175,0,175,0,2,186,0,188,199,0,199,387
05/28/2021,FDK,MD,AEA,EN,Federal Contract Tower,0,3,19,0,22,0,2,53,0,55,0,5,72,0,77,136,0,136,213
05/29/2021,FDK,MD,AEA,EN,Federal Contract Tower,0,2,11,0,13,0,0,0,0,0,0,2,11,0,13,0,0,0,13
05/30/2021,FDK,MD,AEA,EN,Federal Contract Tower,0,1,29,0,30,0,0,10,0,10,0,1,39,0,40,122,0,122,162
05/31/2021,FDK,MD,AEA,EN,Federal Contract Tower,0,5,7,0,12,0,2,140,2,144,0,7,147,2,156,130,0,130,286
06/01/2021,FDK,MD,AEA,EN,Federal Contract Tower,0,3,7,2,12,0,0,105,0,105,0,3,112,2,117,244,0,244,361
06/02/2021,FDK,MD,AEA,EN,Federal Contract Tower,0,3,13,2,18,0,0,124,0,124,0,3,137,2,142,260,0,260,402
06/03/2021,FDK,MD,AEA,EN,Federal Contract Tower,0,0,14,0,14,0,0,5,0,5,0,0,19,0,19,60,0,60,79
06/04/2021,FDK,MD,AEA,EN,Federal Contract Tower,0,1,19,0,20,0,0,53,0,53,0,1,72,0,73,243,0,243,316
06/05/2021,FDK,MD,AEA,EN,Federal Contract Tower,0,0,15,0,15,0,2,115,0,117,0,2,130,0,132,202,0,202,334
06/06/2021,FDK,MD,AEA,EN,Federal Contract Tower,0,0,13,0,13,0,2,124,0,126,0,2,137,0,139,260,0,260,399
06/07/2021,FDK,MD,AEA,EN,Federal Contract Tower,0,0,7,0,7,0,2,85,0,87,0,2,92,0,94,263,0,263,357
06/08/2021,FDK,MD,AEA,EN,Federal Contract Tower,0,0,9,0,9,0,1,87,0,88,0,1,96,0,97,332,0,332,429
06/09/2021,FDK,MD,AEA,EN,Federal Contract Tower,0,4,10,1,15,0,7,83,0,90,0,11,93,1,105,199,0,199,304
06/10/2021,FDK,MD,AEA,EN,Federal Contract Tower,0,1,8,0,9,0,2,48,0,50,0,3,56,0,59,216,0,216,275
06/11/2021,FDK,MD,AEA,EN,Federal Contract Tower,0,3,8,0,11,0,0,0,0,0,0,3,8,0,11,0,0,0,11
06/12/2021,FDK,MD,AEA,EN,Federal Contract Tower,0,1,28,0,29,0,3,34,0,37,0,4,62,0,66,238,0,238,304
06/13/2021,FDK,MD,AEA,EN,Federal Contract Tower,0,0,8,0,8,0,4,28,0,32,0,4,36,0,40,189,0,189,229
06/14/2021,FDK,MD,AEA,EN,Federal Contract Tower,0,5,16,0,21,0,1,96,0,97,0,6,112,0,118,244,0,244,362
06/15/2021,FDK,MD,AEA,EN,Federal Contract Tower,0,0,8,0,8,0,6,109,0,115,0,6,117,0,123,139,0,139,262
06/16/2021,FDK,MD,AEA,EN,Federal Contract Tower,0,4,14,0,18,0,2,161,1,164,0,6,175,1,182,268,16,284,466
06/17/2021,FDK,MD,AEA,EN,Federal Contract Tower,0,0,13,0,13,0,2,111,0,113,0,2,124,0,126,254,0,254,380
06/18/2021,FDK,MD,AEA,EN,Federal Contract Tower,0,3,9,1,13,0,2,154,0,156,0,5,163,1,169,217,0,217,386
06/19/2021,FDK,MD,AEA,EN,Federal Contract Tower,0,2,14,0,16,0,5,114,0,119,0,7,128,0,135,96,0,96,231
06/20/2021,FDK,MD,AEA,EN,Federal Contract Tower,0,3,10,0,13,0,0,171,0,171,0,3,181,0,184,162,0,162,346
06/21/2021,FDK,MD,AEA,EN,Federal Contract Tower,0,0,19,0,19,0,0,54,0,54,0,0,73,0,73,96,0,96,169
06/22/2021,FDK,MD,AEA,EN,Federal Contract Tower,0,5,14,0,19,0,13,16,0,29,0,18,30,0,48,14,2,16,64
06/23/2021,FDK,MD,AEA,EN,Federal Contract Tower,0,3,19,0,22,0,4,206,0,210,0,7,225,0,232,268,0,268,500
06/24/2021,FDK,MD,AEA,EN,Federal Contract Tower,0,0,17,0,17,0,2,132,2,136,0,2,149,2,153,207,0,207,360
06/25/2021,FDK,MD,AEA,EN,Federal Contract Tower,0,4,7,0,11,0,0,95,0,95,0,4,102,0,106,179,0,179,285
06/26/2021,FDK,MD,AEA,EN,Federal Contract Tower,0,4,16,0,20,0,4,51,0,55,0,8,67,0,75,214,0,214,289
06/27/2021,FDK,MD,AEA,EN,Federal Contract Tower,0,5,30,0,35,0,5,57,0,62,0,10,87,0,97,120,0,120,217
06/28/2021,FDK,MD,AEA,EN,Federal Contract Tower,0,1,9,0,10,0,7,104,0,111,0,8,113,0,121,118,0,118,239
06/29/2021,FDK,MD,AEA,EN,Federal Contract Tower,0,4,15,0,19,0,1,103,0,104,0,5,118,0,123,237,0,237,360
06/30/2021,FDK,MD,AEA,EN,Federal Contract Tower,0,4,13,0,17,0,4,112,0,116,0,8,125,0,133,204,0,204,337
07/01/2021,FDK,MD,AEA,EN,Federal Contract Tower,0,2,7,0,9,0,5,25,0,30,0,7,32,0,39,140,0,140,179
07/02/2021,FDK,MD,AEA,EN,Federal Contract Tower,0,3,24,0,27,0,1,71,0,72,0,4,95,0,99,193,0,193,292
07/03/2021,FDK,MD,AEA,EN,Federal Contract Tower,0,6,9,0,15,0,5,89,0,94,0,11,98,0,109,108,0,108,217
07/04/2021,FDK,MD,AEA,EN,Federal Contract Tower,0,0,11,0,11,0,4,78,0,82,0,4,89,0,93,99,0,99,192
07/05/2021,FDK,MD,AEA,EN,Federal Contract Tower,0,2,16,0,18,0,3,132,0,135,0,5,148,0,153,284,0,284,437
07/06/2021,FDK,MD,AEA,EN,Federal Contract Tower,0,2,6,0,8,0,3,131,0,134,0,5,137,0,142,229,0,229,371
07/07/2021,FDK,MD,AEA,EN,Federal Contract Tower,0,0,10,0,10,0,7,92,3,102,0,7,102,3,112,124,0,124,236
07/08/2021,FDK,MD,AEA,EN,Federal Contract Tower,0,4,6,0,10,0,3,59,4,66,0,7,65,4,76,137,0,137,213
07/09/2021,FDK,MD,AEA,EN,Federal Contract Tower,0,0,12,0,12,0,1,68,0,69,0,1,80,0,81,155,0,155,236
07/10/2021,FDK,MD,AEA,EN,Federal Contract Tower,0,1,12,2,15,0,1,177,0,178,0,2,189,2,193,210,0,210,403
07/11/2021,FDK,MD,AEA,EN,Federal Contract Tower,0,4,12,0,16,0,0,37,0,37,0,4,49,0,53,155,0,155,208
07/12/2021,FDK,MD,AEA,EN,Federal Contract Tower,0,0,11,0,11,0,7,62,0,69,0,7,73,0,80,202,0,202,282
07/13/2021,FDK,MD,AEA,EN,Federal Contract Tower,0,8,4,2,14,0,8,99,2,109,0,16,103,4,123,177,0,177,300
07/15/2021,FDK,MD,AEA,EN,Federal Contract Tower,0,3,9,0,12,0,2,134,0,136,0,5,143,0,148,175,0,175,323
07/16/2021,FDK,MD,AEA,EN,Federal Contract Tower,0,1,16,1,18,0,4,152,1,157,0,5,168,2,175,160,0,160,335
07/17/2021,FDK,MD,AEA,EN,Federal Contract Tower,0,3,11,0,14,0,2,52,2,56,0,5,63,2,70,211,0,211,281
07/18/2021,FDK,MD,AEA,EN,Federal Contract Tower,0,1,11,0,12,0,2,61,0,63,0,3,72,0,75,172,0,172,247
07/19/2021,FDK,MD,AEA,EN,Federal Contract Tower,0,3,8,0,11,0,10,105,0,115,0,13,113,0,126,379,0,379,505
07/20/2021,FDK,MD,AEA,EN,Federal Contract Tower,0,1,11,0,12,0,6,99,2,107,0,7,110,2,119,273,0,273,392
07/21/2021,FDK,MD,AEA,EN,Federal Contract Tower,0,6,16,0,22,0,1,48,0,49,0,7,64,0,71,192,0,192,263
07/22/2021,FDK,MD,AEA,EN,Federal Contract Tower,0,2,6,0,8,0,6,154,0,160,0,8,160,0,168,236,0,236,404
07/23/2021,FDK,MD,AEA,EN,Federal Contract Tower,0,0,9,0,9,0,4,114,0,118,0,4,123,0,127,222,0,222,349
07/24/2021,FDK,MD,AEA,EN,Federal Contract Tower,0,6,15,0,21,0,3,118,0,121,0,9,133,0,142,236,0,236,378
07/25/2021,FDK,MD,AEA,EN,Federal Contract Tower,0,2,15,0,17,0,7,86,0,93,0,9,101,0,110,162,0,162,272
08/07/2021,FDK,MD,AEA,EN,Federal Contract Tower,0,6,12,0,18,0,0,93,0,93,0,6,105,0,111,188,0,188,299
08/08/2021,FDK,MD,AEA,EN,Federal Contract Tower,0,3,8,0,11,0,9,126,0,135,0,12,134,0,146,170,0,170,316
08/09/2021,FDK,MD,AEA,EN,Federal Contract Tower,0,1,9,2,12,0,3,86,0,89,0,4,95,2,101,204,0,204,305
08/10/2021,FDK,MD,AEA,EN,Federal Contract Tower,0,4,11,0,15,0,2,92,0,94,0,6,103,0,109,238,0,238,347
08/11/2021,FDK,MD,AEA,EN,Federal Contract Tower,0,1,6,0,7,0,6,61,0,67,0,7,67,0,74,148,0,148,222
08/12/2021,FDK,MD,AEA,EN,Federal Contract Tower,0,3,8,0,11,0,0,127,2,129,0,3,135,2,140,217,0,217,357
08/13/2021,FDK,MD,AEA,EN,Federal Contract Tower,0,0,9,0,9,0,0,98,0,98,0,0,107,0,107,120,0,120,227
08/14/2021,FDK,MD,AEA,EN,Federal Contract Tower,0,1,9,0,10,0,6,112,0,118,0,7,121,0,128,144,0,144,272
08/15/2021,FDK,MD,AEA,EN,Federal Contract Tower,0,0,11,0,11,0,6,101,0,107,0,6,112,0,118,218,0,218,336
08/16/2021,FDK,MD,AEA,EN,Federal Contract Tower,0,0,18,0,18,0,6,3,0,9,0,6,21,0,27,45,0,45,72
08/17/2021,FDK,MD,AEA,EN,Federal Contract Tower,0,1,11,0,12,0,4,9,0,13,0,5,20,0,25,66,0,66,91
08/18/2021,FDK,MD,AEA,EN,Federal Contract Tower,0,2,13,0,15,0,2,3,0,5,0,4,16,0,20,4,0,4,24
08/19/2021,FDK,MD,AEA,EN,Federal Contract Tower,0,2,18,2,22,0,6,144,0,150,0,8,162,2,172,227,0,227,399
08/20/2021,FDK,MD,AEA,EN,Federal Contract Tower,0,1,5,0,6,0,0,35,0,35,0,1,40,0,41,126,0,126,167
08/21/2021,FDK,MD,AEA,EN,Federal Contract Tower,0,0,12,0,12,0,2,105,0,107,0,2,117,0,119,135,0,135,254
08/22/2021,FDK,MD,AEA,EN,Federal Contract Tower,0,0,15,0,15,0,6,80,0,86,0,6,95,0,101,199,0,199,300
08/23/2021,FDK,MD,AEA,EN,Federal Contract Tower,0,0,11,0,11,0,1,92,0,93,0,1,103,0,104,176,0,176,280
08/24/2021,FDK,MD,AEA,EN,Federal Contract Tower,0,8,11,1,20,0,0,150,1,151,0,8,161,2,171,186,0,186,357
08/25/2021,FDK,MD,AEA,EN,Federal Contract Tower,0,4,16,0,20,0,3,81,0,84,0,7,97,0,104,142,0,142,246
08/26/2021,FDK,MD,AEA,EN,Federal Contract Tower,0,2,21,0,23,0,1,129,3,133,0,3,150,3,156,224,0,224,380
08/27/2021,FDK,MD,AEA,EN,Federal Contract Tower,0,0,17,0,17,0,2,126,0,128,0,2,143,0,145,190,0,190,335
08/28/2021,FDK,MD,AEA,EN,Federal Contract Tower,0,1,20,0,21,0,2,68,0,70,0,3,88,0,91,118,0,118,209
08/29/2021,FDK,MD,AEA,EN,Federal Contract Tower,0,1,32,0,33,0,0,18,0,18,0,1,50,0,51,24,0,24,75
08/30/2021,FDK,MD,AEA,EN,Federal Contract Tower,0,0,23,0,23,0,5,70,0,75,0,5,93,0,98,142,2,144,242
08/31/2021,FDK,MD,AEA,EN,Federal Contract Tower,0,5,6,0,11,0,1,47,0,48,0,6,53,0,59,141,0,141,200
09/01/2021,FDK,MD,AEA,EN,Federal Contract Tower,0,5,3,0,8,0,0,0,0,0,0,5,3,0,8,0,0,0,8
09/02/2021,FDK,MD,AEA,EN,Federal Contract Tower,0,1,10,0,11,0,1,94,0,95,0,2,104,0,106,104,0,104,210
09/03/2021,FDK,MD,AEA,EN,Federal Contract Tower,0,1,15,0,16,0,5,167,0,172,0,6,182,0,188,170,0,170,358
09/04/2021,FDK,MD,AEA,EN,Federal Contract Tower,0,6,5,0,11,0,4,103,0,107,0,10,108,0,118,133,0,133,251
09/05/2021,FDK,MD,AEA,EN,Federal Contract Tower,0,6,15,0,21,0,2,37,0,39,0,8,52,0,60,127,0,127,187
09/06/2021,FDK,MD,AEA,EN,Federal Contract Tower,0,4,11,0,15,0,1,102,0,103,0,5,113,0,118,133,0,133,251
09/07/2021,FDK,MD,AEA,EN,Federal Contract Tower,0,0,12,2,14,0,1,92,0,93,0,1,104,2,107,142,0,142,249
09/08/2021,FDK,MD,AEA,EN,Federal Contract Tower,0,2,15,0,17,0,6,79,0,85,0,8,94,0,102,155,0,155,257
09/09/2021,FDK,MD,AEA,EN,Federal Contract Tower,0,0,7,0,7,0,2,61,0,63,0,2,68,0,70,168,0,168,238
09/10/2021,FDK,MD,AEA,EN,Federal Contract Tower,0,2,9,0,11,0,2,121,0,123,0,4,130,0,134,159,0,159,293
09/11/2021,FDK,MD,AEA,EN,Federal Contract Tower,0,0,11,0,11,0,9,123,0,132,0,9,134,0,143,198,0,198,341
09/12/2021,FDK,MD,AEA,EN,Federal Contract Tower,0,4,10,0,14,0,12,122,0,134,0,16,132,0,148,130,0,130,278
09/13/2021,FDK,MD,AEA,EN,Federal Contract Tower,0,0,16,0,16,0,2,84,0,86,0,2,100,0,102,113,0,113,215
09/14/2021,FDK,MD,AEA,EN,Federal Contract Tower,0,0,14,0,14,0,6,91,0,97,0,6,105,0,111,144,0,144,255
09/15/2021,FDK,MD,AEA,EN,Federal Contract Tower,0,3,26,0,29,0,5,93,0,98,0,8,119,0,127,74,0,74,201
09/16/2021,FDK,MD,AEA,EN,Federal Contract Tower,0,5,23,0,28,0,1,25,0,26,0,6,48,0,54,88,0,88,142
09/17/2021,FDK,MD,AEA,EN,Federal Contract Tower,0,3,30,0,33,0,4,5,0,9,0,7,35,0,42,44,0,44,86
09/18/2021,FDK,MD,AEA,EN,Federal Contract Tower,0,0,29,0,29,0,6,101,0,107,0,6,130,0,136,48,0,48,184
09/19/2021,FDK,MD,AEA,EN,Federal Contract Tower,0,1,20,0,21,0,4,176,0,180,0,5,196,0,201,86,0,86,287
09/20/2021,FDK,MD,AEA,EN,Federal Contract Tower,0,0,14,0,14,0,12,117,0,129,0,12,131,0,143,212,0,212,355
09/21/2021,FDK,MD,AEA,EN,Federal Contract Tower,0,0,20,0,20,0,9,32,0,41,0,9,52,0,61,212,0,212,273
09/22/2021,FDK,MD,AEA,EN,Federal Contract Tower,0,10,15,2,27,0,0,0,2,2,0,10,15,4,29,0,0,0,29
09/23/2021,FDK,MD,AEA,EN,Federal Contract Tower,0,5,19,1,25,0,12,63,1,76,0,17,82,2,101,98,0,98,199
09/24/2021,FDK,MD,AEA,EN,Federal Contract Tower,0,4,9,0,13,0,33,169,0,202,0,37,178,0,215,198,0,198,413
09/25/2021,FDK,MD,AEA,EN,Federal Contract Tower,0,0,23,0,23,0,2,124,0,126,0,2,147,0,149,160,0,160,309
09/26/2021,FDK,MD,AEA,EN,Federal Contract Tower,0,4,4,0,8,0,2,113,10,125,0,6,117,10,133,168,0,168,301
09/27/2021,FDK,MD,AEA,EN,Federal Contract Tower,0,1,13,0,14,0,10,112,0,122,0,11,125,0,136,164,0,164,300
09/28/2021,FDK,MD,AEA,EN,Federal Contract Tower,0,3,12,0,15,0,7,41,0,48,0,10,53,0,63,104,0,104,167
09/29/2021,FDK,MD,AEA,EN,Federal Contract Tower,0,4,17,0,21,0,13,118,0,131,0,17,135,0,152,158,0,158,310
09/30/2021,FDK,MD,AEA,EN,Federal Contract Tower,0,2,6,0,8,0,12,109,0,121,0,14,115,0,129,234,0,234,363
10/01/2021,FDK,MD,AEA,EN,Federal Contract Tower,0,5,5,0,10,0,2,178,0,180,0,7,183,0,190,186,0,186,376
10/02/2021,FDK,MD,AEA,EN,Federal Contract Tower,0,1,23,0,24,0,3,145,0,148,0,4,168,0,172,112,0,112,284
10/03/2021,FDK,MD,AEA,EN,Federal Contract Tower,0,3,8,0,11,0,7,123,0,130,0,10,131,0,141,186,0,186,327
10/04/2021,FDK,MD,AEA,EN,Federal Contract Tower,0,6,0,17,23,0,6,65,0,71,0,12,65,17,94,203,0,203,297
10/05/2021,FDK,MD,AEA,EN,Federal Contract Tower,0,4,24,0,28,0,2,12,0,14,0,6,36,0,42,56,0,56,98
10/06/2021,FDK,MD,AEA,EN,Federal Contract Tower,0,2,23,0,25,0,3,0,0,3,0,5,23,0,28,22,0,22,50
10/07/2021,FDK,MD,AEA,EN,Federal Contract Tower,0,14,10,2,26,0,9,57,10,76,0,23,67,12,102,192,0,192,294
10/08/2021,FDK,MD,AEA,EN,Federal Contract Tower,0,3,19,0,22,1,3,86,0,90,1,6,105,0,112,209,0,209,321
10/09/2021,FDK,MD,AEA,EN,Federal Contract Tower,0,4,19,0,23,0,8,50,0,58,0,12,69,0,81,136,0,136,217
10/10/2021,FDK,MD,AEA,EN,Federal Contract Tower,0,0,20,0,20,0,0,0,0,0,0,0,20,0,20,24,0,24,44
10/11/2021,FDK,MD,AEA,EN,Federal Contract Tower,0,6,13,0,19,0,5,9,0,14,0,11,22,0,33,64,0,64,97
10/12/2021,FDK,MD,AEA,EN,Federal Contract Tower,0,0,38,2,40,0,6,8,0,14,0,6,46,2,54,40,0,40,94
10/13/2021,FDK,MD,AEA,EN,Federal Contract Tower,0,5,25,0,30,0,0,39,0,39,0,5,64,0,69,192,0,192,261
10/14/2021,FDK,MD,AEA,EN,Federal Contract Tower,0,5,9,0,14,0,2,112,2,116,0,7,121,2,130,266,0,266,396
10/15/2021,FDK,MD,AEA,EN,Federal Contract Tower,0,9,9,0,18,0,3,126,0,129,0,12,135,0,147,185,0,185,332
10/16/2021,FDK,MD,AEA,EN,Federal Contract Tower,0,0,4,0,4,0,0,34,0,34,0,0,38,0,38,64,0,64,102
10/17/2021,FDK,MD,AEA,EN,Federal Contract Tower,0,3,10,2,15,0,14,51,0,65,0,17,61,2,80,47,0,47,127
10/18/2021,FDK,MD,AEA,EN,Federal Contract Tower,0,0,8,0,8,0,3,64,0,67,0,3,72,0,75,85,0,85,160
10/19/2021,FDK,MD,AEA,EN,Federal Contract Tower,0,0,7,0,7,0,7,103,0,110,0,7,110,0,117,178,0,178,295
10/20/2021,FDK,MD,AEA,EN,Federal Contract Tower,0,3,14,0,17,0,4,136,2,142,0,7,150,2,159,168,0,168,327
10/21/2021,FDK,MD,AEA,EN,Federal Contract Tower,0,2,11,0,13,0,4,138,0,142,0,6,149,0,155,262,0,262,417
10/22/2021,FDK,MD,AEA,EN,Federal Contract Tower,0,6,18,0,24,0,3,122,0,125,0,9,140,0,149,154,0,154,303
10/23/2021,FDK,MD,AEA,EN,Federal Contract Tower,0,0,7,0,7,0,1,126,0,127,0,1,133,0,134,205,0,205,339
10/24/2021,FDK,MD,AEA,EN,Federal Contract Tower,0,0,13,0,13,0,3,123,0,126,0,3,136,0,139,188,0,188,327
10/25/2021,FDK,MD,AEA,EN,Federal Contract Tower,0,5,14,0,19,0,2,84,0,86,0,7,98,0,105,108,0,108,213
10/26/2021,FDK,MD,AEA,EN,Federal Contract Tower,0,0,12,0,12,0,3,4,0,7,0,3,16,0,19,12,0,12,31
10/27/2021,FDK,MD,AEA,EN,Federal Contract Tower,0,2,10,0,12,0,2,67,0,69,0,4,77,0,81,153,0,153,234
10/28/2021,FDK,MD,AEA,EN,Federal Contract Tower,0,1,16,2,19,0,6,147,6,159,0,7,163,8,178,173,0,173,351
10/29/2021,FDK,MD,AEA,EN,Federal Contract Tower,0,2,3,0,5,0,0,0,0,0,0,2,3,0,5,0,0,0,5
10/30/2021,FDK,MD,AEA,EN,Federal Contract Tower,0,0,14,0,14,0,4,9,0,13,0,4,23,0,27,37,0,37,64
10/31/2021,FDK,MD,AEA,EN,Federal Contract Tower,0,0,10,0,10,0,0,88,0,88,0,0,98,0,98,130,0,130,228
11/01/2021,FDK,MD,AEA,EN,Federal Contract Tower,0,0,7,0,7,0,0,115,0,115,0,0,122,0,122,134,0,134,256
11/02/2021,FDK,MD,AEA,EN,Federal Contract Tower,0,2,12,0,14,0,0,13,0,13,0,2,25,0,27,142,0,142,169
11/03/2021,FDK,MD,AEA,EN,Federal Contract Tower,0,8,7,0,15,0,2,128,0,130,0,10,135,0,145,242,0,242,387
11/04/2021,FDK,MD,AEA,EN,Federal Contract Tower,0,3,8,0,11,0,1,150,0,151,0,4,158,0,162,164,2,166,328
11/05/2021,FDK,MD,AEA,EN,Federal Contract Tower,0,6,2,0,8,0,1,97,0,98,0,7,99,0,106,238,0,238,344
11/06/2021,FDK,MD,AEA,EN,Federal Contract Tower,0,0,9,0,9,0,3,136,0,139,0,3,145,0,148,128,0,128,276
11/07/2021,FDK,MD,AEA,EN,Federal Contract Tower,0,6,6,0,12,0,0,147,0,147,0,6,153,0,159,175,0,175,334
11/08/2021,FDK,MD,AEA,EN,Federal Contract Tower,0,1,4,0,5,0,1,99,0,100,0,2,103,0,105,196,0,196,301
11/09/2021,FDK,MD,AEA,EN,Federal Contract Tower,0,4,9,0,13,0,2,146,0,148,0,6,155,0,161,260,0,260,421
11/10/2021,FDK,MD,AEA,EN,Federal Contract Tower,0,5,12,0,17,0,5,103,0,108,0,10,115,0,125,204,0,204,329
11/11/2021,FDK,MD,AEA,EN,Federal Contract Tower,0,0,11,0,11,0,2,93,0,95,0,2,104,0,106,216,0,216,322
11/12/2021,FDK,MD,AEA,EN,Federal Contract Tower,0,5,10,0,15,0,0,52,0,52,0,5,62,0,67,158,0,158,225
11/13/2021,FDK,MD,AEA,EN,Federal Contract Tower,0,2,8,0,10,0,2,41,0,43,0,4,49,0,53,106,0,106,159
11/14/2021,FDK,MD,AEA,EN,Federal Contract Tower,0,8,10,0,18,0,2,166,0,168,0,10,176,0,186,193,0,193,379
11/15/2021,FDK,MD,AEA,EN,Federal Contract Tower,0,3,11,0,14,0,4,25,0,29,0,7,36,0,43,28,0,28,71
11/16/2021,FDK,MD,AEA,EN,Federal Contract Tower,0,1,6,0,7,0,0,104,0,104,0,1,110,0,111,272,0,272,383
11/17/2021,FDK,MD,AEA,EN,Federal Contract Tower,0,2,12,1,15,0,3,87,0,90,0,5,99,1,105,204,0,204,309
11/18/2021,FDK,MD,AEA,EN,Federal Contract Tower,0,8,3,0,11,0,6,72,0,78,0,14,75,0,89,159,0,159,248
11/19/2021,FDK,MD,AEA,EN,Federal Contract Tower,0,2,2,0,4,0,0,39,0,39,0,2,41,0,43,46,0,46,89
11/20/2021,FDK,MD,AEA,EN,Federal Contract Tower,0,1,12,0,13,0,2,141,0,143,0,3,153,0,156,172,0,172,328
11/21/2021,FDK,MD,AEA,EN,Federal Contract Tower,0,4,9,0,13,0,122,0,0,122,0,126,9,0,135,200,0,200,335
11/22/2021,FDK,MD,AEA,EN,Federal Contract Tower,0,3,8,2,13,0,10,55,4,69,0,13,63,6,82,139,0,139,221
11/23/2021,FDK,MD,AEA,EN,Federal Contract Tower,0,2,10,0,12,0,17,72,0,89,0,19,82,0,101,86,0,86,187
11/24/2021,FDK,MD,AEA,EN,Federal Contract Tower,0,4,18,0,22,0,10,131,0,141,0,14,149,0,163,208,0,208,371
11/25/2021,FDK,MD,AEA,EN,Federal Contract Tower,0,0,5,0,5,0,2,46,0,48,0,2,51,0,53,62,0,62,115
11/26/2021,FDK,MD,AEA,EN,Federal Contract Tower,0,1,3,0,4,0,4,7,0,11,0,5,10,0,15,0,0,0,15
11/27/2021,FDK,MD,AEA,EN,Federal Contract Tower,0,3,17,0,20,0,3,56,0,59,0,6,73,0,79,60,0,60,139
11/28/2021,FDK,MD,AEA,EN,Federal Contract Tower,0,3,12,0,15,0,4,97,0,101,0,7,109,0,116,185,0,185,301
11/29/2021,FDK,MD,AEA,EN,Federal Contract Tower,0,4,8,2,14,0,5,31,0,36,0,9,39,2,50,96,0,96,146
11/30/2021,FDK,MD,AEA,EN,Federal Contract Tower,0,2,0,0,2,0,2,66,0,68,0,4,66,0,70,162,0,162,232
12/01/2021,FDK,MD,AEA,EN,Federal Contract Tower,0,0,11,0,11,0,4,94,0,98,0,4,105,0,109,218,0,218,327
12/02/2021,FDK,MD,AEA,EN,Federal Contract Tower,0,7,7,0,14,0,5,64,0,69,0,12,71,0,83,126,2,128,211
12/03/2021,FDK,MD,AEA,EN,Federal Contract Tower,0,7,7,0,14,0,4,72,0,76,0,11,79,0,90,181,0,181,271
12/04/2021,FDK,MD,AEA,EN,Federal Contract Tower,0,0,9,0,9,0,0,132,0,132,0,0,141,0,141,200,0,200,341
12/05/2021,FDK,MD,AEA,EN,Federal Contract Tower,0,3,5,0,8,0,3,111,0,114,0,6,116,0,122,132,0,132,254
12/06/2021,FDK,MD,AEA,EN,Federal Contract Tower,0,3,10,2,15,1,3,18,0,22,1,6,28,2,37,13,0,13,50
12/07/2021,FDK,MD,AEA,EN,Federal Contract Tower,0,0,12,0,12,0,0,79,0,79,0,0,91,0,91,198,0,198,289
12/08/2021,FDK,MD,AEA,EN,Federal Contract Tower,0,2,3,0,5,0,5,40,0,45,0,7,43,0,50,217,0,217,267
12/09/2021,FDK,MD,AEA,EN,Federal Contract Tower,0,2,8,2,12,0,6,102,0,108,0,8,110,2,120,134,0,134,254
12/10/2021,FDK,MD,AEA,EN,Federal Contract Tower,0,0,7,0,7,0,0,95,0,95,0,0,102,0,102,139,0,139,241
12/11/2021,FDK,MD,AEA,EN,Federal Contract Tower,0,2,3,0,5,0,2,0,0,2,0,4,3,0,7,0,0,0,7
12/12/2021,FDK,MD,AEA,EN,Federal Contract Tower,0,0,5,0,5,0,2,151,0,153,0,2,156,0,158,140,0,140,298
12/13/2021,FDK,MD,AEA,EN,Federal Contract Tower,0,7,8,0,15,0,2,101,0,103,0,9,109,0,118,144,0,144,262
12/14/2021,FDK,MD,AEA,EN,Federal Contract Tower,0,4,4,0,8,0,1,120,0,121,0,5,124,0,129,200,0,200,329
12/15/2021,FDK,MD,AEA,EN,Federal Contract Tower,0,3,16,0,19,0,0,77,0,77,0,3,93,0,96,184,0,184,280
12/16/2021,FDK,MD,AEA,EN,Federal Contract Tower,0,5,8,0,13,0,0,109,0,109,0,5,117,0,122,146,0,146,268
12/17/2021,FDK,MD,AEA,EN,Federal Contract Tower,0,0,10,0,10,0,1,105,0,106,0,1,115,0,116,169,0,169,285
12/18/2021,FDK,MD,AEA,EN,Federal Contract Tower,0,1,15,0,16,0,0,17,0,17,0,1,32,0,33,90,0,90,123
12/19/2021,FDK,MD,AEA,EN,Federal Contract Tower,0,5,1,0,6,0,0,80,0,80,0,5,81,0,86,68,0,68,154
12/20/2021,FDK,MD,AEA,EN,Federal Contract Tower,0,4,8,0,12,0,1,122,0,123,0,5,130,0,135,182,0,182,317
12/21/2021,FDK,MD,AEA,EN,Federal Contract Tower,0,2,13,0,15,0,0,98,0,98,0,2,111,0,113,170,0,170,283
12/22/2021,FDK,MD,AEA,EN,Federal Contract Tower,0,1,4,2,7,0,1,31,0,32,0,2,35,2,39,26,0,26,65
12/23/2021,FDK,MD,AEA,EN,Federal Contract Tower,0,4,8,0,12,0,4,114,0,118,0,8,122,0,130,182,0,182,312
12/24/2021,FDK,MD,AEA,EN,Federal Contract Tower,0,1,5,0,6,0,0,75,0,75,0,1,80,0,81,64,0,64,145
12/25/2021,FDK,MD,AEA,EN,Federal Contract Tower,0,0,0,0,0,0,1,4,0,5,0,1,4,0,5,6,0,6,11
12/26/2021,FDK,MD,AEA,EN,Federal Contract Tower,0,4,8,0,12,0,0,67,0,67,0,4,75,0,79,61,0,61,140
12/27/2021,FDK,MD,AEA,EN,Federal Contract Tower,0,3,6,0,9,0,2,4,0,6,0,5,10,0,15,42,0,42,57
12/28/2021,FDK,MD,AEA,EN,Federal Contract Tower,0,9,8,0,17,0,2,74,0,76,0,11,82,0,93,141,0,141,234
12/29/2021,FDK,MD,AEA,EN,Federal Contract Tower,0,5,12,0,17,0,0,47,0,47,0,5,59,0,64,120,0,120,184
12/30/2021,FDK,MD,AEA,EN,Federal Contract Tower,0,7,16,0,23,0,0,0,0,0,0,7,16,0,23,0,0,0,23
12/31/2021,FDK,MD,AEA,EN,Federal Contract Tower,0,0,7,0,7,0,0,28,0,28,0,0,35,0,35,44,0,44,79
01/01/2022,FDK,MD,AEA,EN,Federal Contract Tower,0,2,0,0,2,0,0,0,0,0,0,2,0,0,2,0,0,0,2
01/02/2022,FDK,MD,AEA,EN,Federal Contract Tower,0,5,8,0,13,0,0,38,0,38,0,5,46,0,51,140,0,140,191
01/03/2022,FDK,MD,AEA,EN,Federal Contract Tower,0,6,1,0,7,0,2,5,0,7,0,8,6,0,14,19,0,19,33
01/04/2022,FDK,MD,AEA,EN,Federal Contract Tower,0,6,8,0,14,0,0,92,1,93,0,6,100,1,107,128,0,128,235
01/05/2022,FDK,MD,AEA,EN,Federal Contract Tower,0,1,6,0,7,0,2,39,0,41,0,3,45,0,48,90,0,90,138
01/06/2022,FDK,MD,AEA,EN,Federal Contract Tower,0,6,6,0,12,0,3,106,0,109,0,9,112,0,121,140,0,140,261
01/07/2022,FDK,MD,AEA,EN,Federal Contract Tower,0,0,0,0,0,0,1,4,0,5,0,1,4,0,5,0,0,0,5
01/08/2022,FDK,MD,AEA,EN,Federal Contract Tower,0,2,13,0,15,0,0,161,0,161,0,2,174,0,176,100,0,100,276
01/09/2022,FDK,MD,AEA,EN,Federal Contract Tower,0,0,0,0,0,0,0,0,0,0,0,0,0,0,0,0,0,0,0
01/10/2022,FDK,MD,AEA,EN,Federal Contract Tower,0,2,3,4,9,0,2,27,2,31,0,4,30,6,40,48,0,48,88
01/11/2022,FDK,MD,AEA,EN,Federal Contract Tower,0,1,4,0,5,0,0,85,0,85,0,1,89,0,90,160,0,160,250
01/12/2022,FDK,MD,AEA,EN,Federal Contract Tower,0,4,6,0,10,0,3,89,0,92,0,7,95,0,102,208,0,208,310
01/13/2022,FDK,MD,AEA,EN,Federal Contract Tower,0,1,14,0,15,0,0,110,0,110,0,1,124,0,125,244,0,244,369
01/14/2022,FDK,MD,AEA,EN,Federal Contract Tower,0,1,0,0,1,0,2,36,0,38,0,3,36,0,39,84,0,84,123
01/15/2022,FDK,MD,AEA,EN,Federal Contract Tower,0,4,7,0,11,0,1,131,0,132,0,5,138,0,143,139,0,139,282
01/16/2022,FDK,MD,AEA,EN,Federal Contract Tower,0,2,5,0,7,0,0,36,0,36,0,2,41,0,43,88,0,88,131
01/17/2022,FDK,MD,AEA,EN,Federal Contract Tower,0,2,1,0,3,0,0,1,0,1,0,2,2,0,4,0,0,0,4
01/18/2022,FDK,MD,AEA,EN,Federal Contract Tower,0,2,4,0,6,0,2,27,0,29,0,4,31,0,35,64,0,64,99
01/19/2022,FDK,MD,AEA,EN,Federal Contract Tower,0,3,6,0,9,0,2,85,0,87,0,5,91,0,96,200,0,200,296
01/20/2022,FDK,MD,AEA,EN,Federal Contract Tower,0,5,4,0,9,0,0,36,0,36,0,5,40,0,45,32,0,32,77
01/21/2022,FDK,MD,AEA,EN,Federal Contract Tower,0,2,14,0,16,0,1,102,0,103,0,3,116,0,119,184,0,184,303
01/22/2022,FDK,MD,AEA,EN,Federal Contract Tower,0,5,4,0,9,0,0,116,0,116,0,5,120,0,125,270,0,270,395
01/23/2022,FDK,MD,AEA,EN,Federal Contract Tower,0,1,16,0,17,0,2,98,0,100,0,3,114,0,117,228,0,228,345
01/24/2022,FDK,MD,AEA,EN,Federal Contract Tower,0,2,7,0,9,0,6,77,0,83,0,8,84,0,92,204,0,204,296
01/25/2022,FDK,MD,AEA,EN,Federal Contract Tower,0,4,5,0,9,0,4,70,0,74,0,8,75,0,83,150,0,150,233
01/26/2022,FDK,MD,AEA,EN,Federal Contract Tower,0,6,5,0,11,0,2,72,0,74,0,8,77,0,85,222,0,222,307
01/27/2022,FDK,MD,AEA,EN,Federal Contract Tower,0,6,23,0,29,0,2,127,0,129,0,8,150,0,158,132,0,132,290
01/28/2022,FDK,MD,AEA,EN,Federal Contract Tower,0,1,5,0,6,0,0,8,0,8,0,1,13,0,14,6,0,6,20
01/29/2022,FDK,MD,AEA,EN,Federal Contract Tower,0,0,3,0,3,0,0,1,0,1,0,0,4,0,4,0,0,0,4
01/30/2022,FDK,MD,AEA,EN,Federal Contract Tower,0,2,7,0,9,0,0,123,0,123,0,2,130,0,132,182,0,182,314
01/31/2022,FDK,MD,AEA,EN,Federal Contract Tower,0,0,9,0,9,0,1,94,0,95,0,1,103,0,104,216,0,216,320
02/01/2022,FDK,MD,AEA,EN,Federal Contract Tower,0,0,12,0,12,0,10,100,0,110,0,10,112,0,122,234,0,234,356
02/02/2022,FDK,MD,AEA,EN,Federal Contract Tower,0,2,5,0,7,0,3,60,0,63,0,5,65,0,70,196,0,196,266
02/03/2022,FDK,MD,AEA,EN,Federal Contract Tower,0,2,7,0,9,0,0,0,0,0,0,2,7,0,9,0,0,0,9
02/04/2022,FDK,MD,AEA,EN,Federal Contract Tower,0,0,2,0,2,0,0,1,0,1,0,0,3,0,3,0,0,0,3
02/05/2022,FDK,MD,AEA,EN,Federal Contract Tower,0,5,6,0,11,0,2,29,0,31,0,7,35,0,42,18,0,18,60
02/06/2022,FDK,MD,AEA,EN,Federal Contract Tower,0,0,8,0,8,0,2,118,0,120,0,2,126,0,128,242,0,242,370
02/07/2022,FDK,MD,AEA,EN,Federal Contract Tower,0,2,5,0,7,0,0,62,0,62,0,2,67,0,69,176,0,176,245
02/08/2022,FDK,MD,AEA,EN,Federal Contract Tower,0,0,8,0,8,0,3,80,0,83,0,3,88,0,91,156,0,156,247
02/09/2022,FDK,MD,AEA,EN,Federal Contract Tower,0,0,11,2,13,0,3,158,0,161,0,3,169,2,174,230,0,230,404
02/10/2022,FDK,MD,AEA,EN,Federal Contract Tower,0,1,7,1,9,0,0,71,0,71,0,1,78,1,80,114,0,114,194
02/11/2022,FDK,MD,AEA,EN,Federal Contract Tower,0,3,3,0,6,0,18,65,0,83,0,21,68,0,89,82,0,82,171
02/12/2022,FDK,MD,AEA,EN,Federal Contract Tower,0,1,5,0,6,0,2,110,0,112,0,3,115,0,118,256,0,256,374
02/13/2022,FDK,MD,AEA,EN,Federal Contract Tower,0,2,5,0,7,0,0,19,0,19,0,2,24,0,26,104,0,104,130
02/14/2022,FDK,MD,AEA,EN,Federal Contract Tower,0,1,11,0,12,0,0,40,0,40,0,1,51,0,52,74,0,74,126
02/15/2022,FDK,MD,AEA,EN,Federal Contract Tower,0,1,8,2,11,0,0,91,0,91,0,1,99,2,102,164,0,164,266
02/16/2022,FDK,MD,AEA,EN,Federal Contract Tower,0,2,11,0,13,0,0,67,0,67,0,2,78,0,80,72,0,72,152
02/17/2022,FDK,MD,AEA,EN,Federal Contract Tower,0,2,8,0,10,0,0,22,0,22,0,2,30,0,32,28,0,28,60
02/18/2022,FDK,MD,AEA,EN,Federal Contract Tower,0,4,11,0,15,0,2,3,0,5,0,6,14,0,20,6,0,6,26
02/19/2022,FDK,MD,AEA,EN,Federal Contract Tower,0,3,3,0,6,0,0,12,0,12,0,3,15,0,18,72,0,72,90
02/20/2022,FDK,MD,AEA,EN,Federal Contract Tower,0,3,18,0,21,0,1,163,0,164,0,4,181,0,185,315,0,315,500
02/21/2022,FDK,MD,AEA,EN,Federal Contract Tower,0,1,14,0,15,0,13,173,0,186,0,14,187,0,201,196,0,196,397
02/22/2022,FDK,MD,AEA,EN,Federal Contract Tower,0,4,8,0,12,0,2,2,0,4,0,6,10,0,16,8,0,8,24
02/23/2022,FDK,MD,AEA,EN,Federal Contract Tower,0,2,6,0,8,0,2,40,0,42,0,4,46,0,50,56,0,56,106
02/24/2022,FDK,MD,AEA,EN,Federal Contract Tower,0,2,5,0,7,0,0,1,2,3,0,2,6,2,10,15,0,15,25
02/25/2022,FDK,MD,AEA,EN,Federal Contract Tower,0,1,1,0,2,0,0,2,2,4,0,1,3,2,6,18,0,18,24
02/26/2022,FDK,MD,AEA,EN,Federal Contract Tower,0,3,6,0,9,0,3,127,0,130,0,6,133,0,139,214,0,214,353
02/27/2022,FDK,MD,AEA,EN,Federal Contract Tower,0,3,7,0,10,0,0,58,0,58,0,3,65,0,68,86,0,86,154
02/28/2022,FDK,MD,AEA,EN,Federal Contract Tower,0,3,11,0,14,0,4,96,0,100,0,7,107,0,114,126,0,126,240
03/01/2022,FDK,MD,AEA,EN,Federal Contract Tower,0,1,11,0,12,0,0,96,0,96,0,1,107,0,108,172,0,172,280
03/02/2022,FDK,MD,AEA,EN,Federal Contract Tower,0,7,10,0,17,0,1,127,0,128,0,8,137,0,145,158,0,158,303
03/03/2022,FDK,MD,AEA,EN,Federal Contract Tower,0,0,12,0,12,0,2,52,0,54,0,2,64,0,66,100,0,100,166
03/04/2022,FDK,MD,AEA,EN,Federal Contract Tower,0,2,11,0,13,0,8,118,0,126,0,10,129,0,139,226,0,226,365
03/05/2022,FDK,MD,AEA,EN,Federal Contract Tower,0,2,16,0,18,0,6,156,0,162,0,8,172,0,180,222,0,222,402
03/06/2022,FDK,MD,AEA,EN,Federal Contract Tower,0,0,13,0,13,0,1,28,0,29,0,1,41,0,42,28,0,28,70
03/07/2022,FDK,MD,AEA,EN,Federal Contract Tower,0,2,6,0,8,0,0,12,0,12,0,2,18,0,20,10,0,10,30
03/08/2022,FDK,MD,AEA,EN,Federal Contract Tower,0,3,13,0,16,0,4,75,0,79,0,7,88,0,95,102,0,102,197
03/09/2022,FDK,MD,AEA,EN,Federal Contract Tower,0,3,4,0,7,0,0,0,0,0,0,3,4,0,7,0,0,0,7
03/10/2022,FDK,MD,AEA,EN,Federal Contract Tower,0,3,3,0,6,0,0,120,0,120,0,3,123,0,126,228,0,228,354
03/11/2022,FDK,MD,AEA,EN,Federal Contract Tower,0,0,14,0,14,0,0,147,0,147,0,0,161,0,161,162,0,162,323
03/12/2022,FDK,MD,AEA,EN,Federal Contract Tower,0,0,0,0,0,0,2,0,0,2,0,2,0,0,2,0,0,0,2
03/13/2022,FDK,MD,AEA,EN,Federal Contract Tower,0,2,14,0,16,0,1,46,0,47,0,3,60,0,63,112,0,112,175
03/14/2022,FDK,MD,AEA,EN,Federal Contract Tower,0,1,6,0,7,0,0,106,0,106,0,1,112,0,113,138,0,138,251
03/15/2022,FDK,MD,AEA,EN,Federal Contract Tower,0,2,16,0,18,0,6,100,0,106,0,8,116,0,124,202,0,202,326
03/16/2022,FDK,MD,AEA,EN,Federal Contract Tower,0,4,6,0,10,0,11,134,0,145,0,15,140,0,155,192,0,192,347
03/17/2022,FDK,MD,AEA,EN,Federal Contract Tower,0,1,9,0,10,0,0,9,0,9,0,1,18,0,19,8,0,8,27
03/18/2022,FDK,MD,AEA,EN,Federal Contract Tower,0,4,20,0,24,0,2,140,0,142,0,6,160,0,166,176,0,176,342
03/19/2022,FDK,MD,AEA,EN,Federal Contract Tower,0,11,4,0,15,0,3,49,0,52,0,14,53,0,67,118,0,118,185
03/20/2022,FDK,MD,AEA,EN,Federal Contract Tower,0,1,5,0,6,0,0,23,0,23,0,1,28,0,29,12,0,12,41
03/21/2022,FDK,MD,AEA,EN,Federal Contract Tower,0,2,7,0,9,0,4,72,0,76,0,6,79,0,85,116,0,116,201
03/22/2022,FDK,MD,AEA,EN,Federal Contract Tower,0,4,6,0,10,0,0,99,0,99,0,4,105,0,109,298,0,298,407
03/23/2022,FDK,MD,AEA,EN,Federal Contract Tower,0,2,2,0,4,0,4,14,0,18,0,6,16,0,22,100,0,100,122
03/24/2022,FDK,MD,AEA,EN,Federal Contract Tower,0,2,21,0,23,0,0,0,0,0,0,2,21,0,23,0,0,0,23
03/25/2022,FDK,MD,AEA,EN,Federal Contract Tower,0,2,8,0,10,0,0,67,0,67,0,2,75,0,77,142,0,142,219
03/26/2022,FDK,MD,AEA,EN,Federal Contract Tower,0,3,3,0,6,0,2,21,0,23,0,5,24,0,29,52,0,52,81
03/27/2022,FDK,MD,AEA,EN,Federal Contract Tower,0,0,6,0,6,0,2,15,0,17,0,2,21,0,23,6,0,6,29
03/28/2022,FDK,MD,AEA,EN,Federal Contract Tower,0,4,9,0,13,0,3,9,0,12,0,7,18,0,25,4,0,4,29
03/29/2022,FDK,MD,AEA,EN,Federal Contract Tower,0,3,11,0,14,0,3,79,2,84,0,6,90,2,98,106,0,106,204
03/30/2022,FDK,MD,AEA,EN,Federal Contract Tower,0,10,8,0,18,0,3,52,0,55,0,13,60,0,73,59,0,59,132
03/31/2022,FDK,MD,AEA,EN,Federal Contract Tower,0,3,3,0,6,0,0,2,0,2,0,3,5,0,8,0,0,0,8
04/01/2022,FDK,MD,AEA,EN,Federal Contract Tower,0,3,13,0,16,0,0,11,0,11,0,3,24,0,27,0,0,0,27
04/02/2022,FDK,MD,AEA,EN,Federal Contract Tower,0,2,9,0,11,0,0,171,0,171,0,2,180,0,182,161,0,161,343
04/03/2022,FDK,MD,AEA,EN,Federal Contract Tower,0,0,7,0,7,0,5,32,0,37,0,5,39,0,44,62,0,62,106
04/04/2022,FDK,MD,AEA,EN,Federal Contract Tower,0,1,12,0,13,0,3,104,0,107,0,4,116,0,120,166,0,166,286
04/05/2022,FDK,MD,AEA,EN,Federal Contract Tower,0,3,9,0,12,0,0,52,0,52,0,3,61,0,64,218,0,218,282
04/06/2022,FDK,MD,AEA,EN,Federal Contract Tower,0,6,11,0,17,0,0,1,0,1,0,6,12,0,18,10,0,10,28
04/07/2022,FDK,MD,AEA,EN,Federal Contract Tower,0,1,9,0,10,0,0,0,0,0,0,1,9,0,10,0,0,0,10
04/08/2022,FDK,MD,AEA,EN,Federal Contract Tower,0,2,11,0,13,0,2,96,0,98,0,4,107,0,111,178,0,178,289
04/09/2022,FDK,MD,AEA,EN,Federal Contract Tower,0,1,4,0,5,0,3,45,0,48,0,4,49,0,53,104,0,104,157
04/10/2022,FDK,MD,AEA,EN,Federal Contract Tower,0,2,9,0,11,0,4,32,0,36,0,6,41,0,47,86,0,86,133
04/11/2022,FDK,MD,AEA,EN,Federal Contract Tower,0,2,14,0,16,0,2,115,0,117,0,4,129,0,133,152,0,152,285
04/12/2022,FDK,MD,AEA,EN,Federal Contract Tower,0,6,9,0,15,0,7,116,0,123,0,13,125,0,138,166,0,166,304
04/13/2022,FDK,MD,AEA,EN,Federal Contract Tower,0,1,4,0,5,0,5,129,2,136,0,6,133,2,141,162,0,162,303
04/14/2022,FDK,MD,AEA,EN,Federal Contract Tower,0,4,8,0,12,0,2,22,0,24,0,6,30,0,36,36,0,36,72
04/15/2022,FDK,MD,AEA,EN,Federal Contract Tower,0,3,13,0,16,0,4,96,0,100,0,7,109,0,116,138,0,138,254
04/16/2022,FDK,MD,AEA,EN,Federal Contract Tower,0,1,3,0,4,0,1,81,0,82,0,2,84,0,86,268,0,268,354
04/17/2022,FDK,MD,AEA,EN,Federal Contract Tower,0,1,7,0,8,0,2,66,0,68,0,3,73,0,76,50,0,50,126
04/18/2022,FDK,MD,AEA,EN,Federal Contract Tower,0,6,2,0,8,0,0,7,0,7,0,6,9,0,15,14,0,14,29
04/19/2022,FDK,MD,AEA,EN,Federal Contract Tower,0,3,1,0,4,0,0,20,0,20,0,3,21,0,24,56,0,56,80
04/20/2022,FDK,MD,AEA,EN,Federal Contract Tower,0,2,18,0,20,0,1,138,0,139,0,3,156,0,159,190,0,190,349
04/21/2022,FDK,MD,AEA,EN,Federal Contract Tower,0,2,4,0,6,0,1,53,0,54,0,3,57,0,60,156,0,156,216
04/22/2022,FDK,MD,AEA,EN,Federal Contract Tower,0,2,7,0,9,0,2,139,0,141,0,4,146,0,150,230,0,230,380
04/23/2022,FDK,MD,AEA,EN,Federal Contract Tower,0,3,17,0,20,0,3,163,0,166,0,6,180,0,186,290,0,290,476
04/24/2022,FDK,MD,AEA,EN,Federal Contract Tower,0,3,14,0,17,0,2,112,1,115,0,5,126,1,132,208,0,208,340
04/25/2022,FDK,MD,AEA,EN,Federal Contract Tower,0,0,20,0,20,0,4,39,1,44,0,4,59,1,64,86,0,86,150
04/26/2022,FDK,MD,AEA,EN,Federal Contract Tower,0,1,18,0,19,0,0,3,8,11,0,1,21,8,30,27,0,27,57
04/27/2022,FDK,MD,AEA,EN,Federal Contract Tower,0,2,2,0,4,0,2,26,1,29,0,4,28,1,33,32,0,32,65
04/28/2022,FDK,MD,AEA,EN,Federal Contract Tower,0,1,6,0,7,0,0,73,0,73,0,1,79,0,80,58,0,58,138
04/29/2022,FDK,MD,AEA,EN,Federal Contract Tower,0,2,14,0,16,0,0,142,1,143,0,2,156,1,159,170,0,170,329
04/30/2022,FDK,MD,AEA,EN,Federal Contract Tower,0,2,13,0,15,0,0,181,0,181,0,2,194,0,196,256,0,256,452
05/01/2022,FDK,MD,AEA,EN,Federal Contract Tower,0,2,6,0,8,0,0,46,0,46,0,2,52,0,54,78,0,78,132
05/02/2022,FDK,MD,AEA,EN,Federal Contract Tower,0,1,14,0,15,0,7,82,0,89,0,8,96,0,104,218,0,218,322
05/03/2022,FDK,MD,AEA,EN,Federal Contract Tower,0,0,27,0,27,0,6,4,0,10,0,6,31,0,37,20,0,20,57
05/04/2022,FDK,MD,AEA,EN,Federal Contract Tower,0,5,9,0,14,0,2,30,0,32,0,7,39,0,46,70,0,70,116
05/05/2022,FDK,MD,AEA,EN,Federal Contract Tower,0,2,13,0,15,0,1,161,0,162,0,3,174,0,177,186,0,186,363
05/06/2022,FDK,MD,AEA,EN,Federal Contract Tower,0,9,11,0,20,0,0,0,0,0,0,9,11,0,20,0,0,0,20
05/07/2022,FDK,MD,AEA,EN,Federal Contract Tower,0,2,3,0,5,0,0,0,0,0,0,2,3,0,5,0,0,0,5
05/08/2022,FDK,MD,AEA,EN,Federal Contract Tower,0,2,16,0,18,0,1,51,0,52,0,3,67,0,70,120,0,120,190
05/09/2022,FDK,MD,AEA,EN,Federal Contract Tower,0,0,11,0,11,0,6,127,0,133,0,6,138,0,144,242,0,242,386
05/10/2022,FDK,MD,AEA,EN,Federal Contract Tower,0,3,10,0,13,0,5,112,0,117,0,8,122,0,130,200,0,200,330
05/11/2022,FDK,MD,AEA,EN,Federal Contract Tower,0,7,15,0,22,0,7,154,0,161,0,14,169,0,183,180,0,180,363
05/12/2022,FDK,MD,AEA,EN,Federal Contract Tower,0,3,12,0,15,0,0,62,0,62,0,3,74,0,77,200,0,200,277
05/13/2022,FDK,MD,AEA,EN,Federal Contract Tower,0,8,11,0,19,0,0,0,0,0,0,8,11,0,19,0,0,0,19
05/14/2022,FDK,MD,AEA,EN,Federal Contract Tower,0,2,15,0,17,0,0,3,0,3,0,2,18,0,20,0,0,0,20
05/15/2022,FDK,MD,AEA,EN,Federal Contract Tower,0,5,12,0,17,0,1,80,0,81,0,6,92,0,98,168,0,168,266
05/16/2022,FDK,MD,AEA,EN,Federal Contract Tower,0,0,10,0,10,0,1,8,0,9,0,1,18,0,19,4,0,4,23
05/17/2022,FDK,MD,AEA,EN,Federal Contract Tower,0,5,14,0,19,0,2,92,0,94,0,7,106,0,113,200,0,200,313
05/18/2022,FDK,MD,AEA,EN,Federal Contract Tower,0,8,15,0,23,0,0,156,0,156,0,8,171,0,179,232,0,232,411
05/19/2022,FDK,MD,AEA,EN,Federal Contract Tower,0,2,16,0,18,0,0,98,0,98,0,2,114,0,116,202,0,202,318
05/20/2022,FDK,MD,AEA,EN,Federal Contract Tower,0,2,12,0,14,0,1,75,0,76,0,3,87,0,90,232,0,232,322
05/21/2022,FDK,MD,AEA,EN,Federal Contract Tower,0,0,9,0,9,0,1,76,0,77,0,1,85,0,86,162,0,162,248
05/22/2022,FDK,MD,AEA,EN,Federal Contract Tower,0,4,8,0,12,0,0,83,0,83,0,4,91,0,95,140,0,140,235
05/23/2022,FDK,MD,AEA,EN,Federal Contract Tower,0,1,13,0,14,0,4,66,3,73,0,5,79,3,87,188,0,188,275
05/24/2022,FDK,MD,AEA,EN,Federal Contract Tower,0,7,29,1,37,0,0,3,0,3,0,7,32,1,40,44,0,44,84
05/25/2022,FDK,MD,AEA,EN,Federal Contract Tower,0,9,13,0,22,0,0,142,0,142,0,9,155,0,164,320,0,320,484
05/26/2022,FDK,MD,AEA,EN,Federal Contract Tower,0,1,19,2,22,0,0,14,0,14,0,1,33,2,36,54,0,54,90
05/27/2022,FDK,MD,AEA,EN,Federal Contract Tower,0,3,8,0,11,0,0,0,0,0,0,3,8,0,11,0,0,0,11
05/28/2022,FDK,MD,AEA,EN,Federal Contract Tower,0,1,11,0,12,0,0,126,0,126,0,1,137,0,138,176,0,176,314
05/29/2022,FDK,MD,AEA,EN,Federal Contract Tower,0,2,6,0,8,0,7,118,0,125,0,9,124,0,133,102,0,102,235
05/30/2022,FDK,MD,AEA,EN,Federal Contract Tower,0,6,17,0,23,0,7,84,0,91,0,13,101,0,114,158,0,158,272
05/31/2022,FDK,MD,AEA,EN,Federal Contract Tower,0,3,11,0,14,0,4,130,0,134,0,7,141,0,148,194,0,194,342
06/01/2022,FDK,MD,AEA,EN,Federal Contract Tower,0,0,5,0,5,0,0,114,4,118,0,0,119,4,123,112,10,122,245
06/02/2022,FDK,MD,AEA,EN,Federal Contract Tower,0,4,10,0,14,0,0,36,0,36,0,4,46,0,50,98,0,98,148
06/03/2022,FDK,MD,AEA,EN,Federal Contract Tower,0,4,9,0,13,0,2,147,0,149,0,6,156,0,162,150,0,150,312
06/04/2022,FDK,MD,AEA,EN,Federal Contract Tower,0,6,4,0,10,0,0,144,0,144,0,6,148,0,154,214,0,214,368
06/05/2022,FDK,MD,AEA,EN,Federal Contract Tower,0,4,12,1,17,0,0,136,0,136,0,4,148,1,153,140,0,140,293
06/06/2022,FDK,MD,AEA,EN,Federal Contract Tower,0,0,10,0,10,0,2,91,0,93,0,2,101,0,103,212,0,212,315
06/07/2022,FDK,MD,AEA,EN,Federal Contract Tower,0,2,16,1,19,0,2,26,0,28,0,4,42,1,47,124,0,124,171
06/08/2022,FDK,MD,AEA,EN,Federal Contract Tower,0,4,26,0,30,0,1,89,0,90,0,5,115,0,120,237,0,237,357
06/09/2022,FDK,MD,AEA,EN,Federal Contract Tower,0,4,21,0,25,0,2,27,0,29,0,6,48,0,54,34,0,34,88
06/10/2022,FDK,MD,AEA,EN,Federal Contract Tower,0,10,5,0,15,0,0,142,0,142,0,10,147,0,157,186,0,186,343
06/11/2022,FDK,MD,AEA,EN,Federal Contract Tower,0,2,15,0,17,0,0,67,0,67,0,2,82,0,84,170,0,170,254
06/12/2022,FDK,MD,AEA,EN,Federal Contract Tower,0,0,16,0,16,0,5,39,0,44,0,5,55,0,60,44,2,46,106
06/13/2022,FDK,MD,AEA,EN,Federal Contract Tower,0,2,10,0,12,0,0,90,0,90,0,2,100,0,102,262,0,262,364
06/14/2022,FDK,MD,AEA,EN,Federal Contract Tower,0,6,3,0,9,0,2,45,0,47,0,8,48,0,56,156,0,156,212
06/15/2022,FDK,MD,AEA,EN,Federal Contract Tower,0,2,21,1,24,0,0,188,1,189,0,2,209,2,213,299,4,303,516
06/16/2022,FDK,MD,AEA,EN,Federal Contract Tower,0,2,18,0,20,0,0,62,0,62,0,2,80,0,82,142,0,142,224
06/17/2022,FDK,MD,AEA,EN,Federal Contract Tower,0,4,21,0,25,0,2,82,0,84,0,6,103,0,109,134,0,134,243
06/18/2022,FDK,MD,AEA,EN,Federal Contract Tower,0,4,4,0,8,0,0,34,0,34,0,4,38,0,42,26,0,26,68
06/19/2022,FDK,MD,AEA,EN,Federal Contract Tower,0,0,13,0,13,0,0,75,0,75,0,0,88,0,88,60,0,60,148
06/20/2022,FDK,MD,AEA,EN,Federal Contract Tower,0,3,13,0,16,0,2,130,0,132,0,5,143,0,148,276,0,276,424
06/21/2022,FDK,MD,AEA,EN,Federal Contract Tower,0,1,7,0,8,0,4,85,0,89,0,5,92,0,97,270,0,270,367
06/22/2022,FDK,MD,AEA,EN,Federal Contract Tower,0,0,8,0,8,0,0,38,0,38,0,0,46,0,46,34,0,34,80
06/23/2022,FDK,MD,AEA,EN,Federal Contract Tower,0,0,16,0,16,0,1,7,0,8,0,1,23,0,24,50,0,50,74
06/24/2022,FDK,MD,AEA,EN,Federal Contract Tower,0,4,24,0,28,0,3,84,0,87,0,7,108,0,115,164,0,164,279
06/25/2022,FDK,MD,AEA,EN,Federal Contract Tower,0,1,10,0,11,0,1,112,0,113,0,2,122,0,124,284,0,284,408
06/26/2022,FDK,MD,AEA,EN,Federal Contract Tower,0,4,5,0,9,0,0,97,0,97,0,4,102,0,106,174,0,174,280
06/27/2022,FDK,MD,AEA,EN,Federal Contract Tower,0,0,22,0,22,0,0,54,0,54,0,0,76,0,76,112,0,112,188
06/28/2022,FDK,MD,AEA,EN,Federal Contract Tower,0,3,7,0,10,0,2,124,0,126,0,5,131,0,136,360,0,360,496
06/29/2022,FDK,MD,AEA,EN,Federal Contract Tower,0,2,26,1,29,0,3,153,0,156,0,5,179,1,185,318,0,318,503
06/30/2022,FDK,MD,AEA,EN,Federal Contract Tower,0,5,16,0,21,0,8,166,0,174,0,13,182,0,195,223,0,223,418
07/01/2022,FDK,MD,AEA,EN,Federal Contract Tower,0,6,14,0,20,0,3,86,0,89,0,9,100,0,109,140,0,140,249
07/02/2022,FDK,MD,AEA,EN,Federal Contract Tower,0,1,4,0,5,0,0,80,0,80,0,1,84,0,85,66,0,66,151
07/03/2022,FDK,MD,AEA,EN,Federal Contract Tower,0,1,10,0,11,0,0,82,0,82,0,1,92,0,93,224,0,224,317
07/04/2022,FDK,MD,AEA,EN,Federal Contract Tower,0,2,4,0,6,0,4,113,0,117,0,6,117,0,123,132,0,132,255
07/05/2022,FDK,MD,AEA,EN,Federal Contract Tower,0,4,17,0,21,0,6,48,0,54,0,10,65,0,75,110,0,110,185
07/06/2022,FDK,MD,AEA,EN,Federal Contract Tower,0,4,7,0,11,0,2,68,2,72,0,6,75,2,83,230,0,230,313
07/07/2022,FDK,MD,AEA,EN,Federal Contract Tower,0,2,23,0,25,0,1,39,2,42,0,3,62,2,67,98,0,98,165
07/08/2022,FDK,MD,AEA,EN,Federal Contract Tower,0,1,31,0,32,0,4,57,0,61,0,5,88,0,93,252,0,252,345
07/09/2022,FDK,MD,AEA,EN,Federal Contract Tower,0,1,23,0,24,0,0,5,0,5,0,1,28,0,29,18,0,18,47
07/10/2022,FDK,MD,AEA,EN,Federal Contract Tower,0,2,20,0,22,0,6,188,0,194,0,8,208,0,216,236,0,236,452
07/11/2022,FDK,MD,AEA,EN,Federal Contract Tower,0,3,25,0,28,0,3,134,0,137,0,6,159,0,165,264,0,264,429
07/12/2022,FDK,MD,AEA,EN,Federal Contract Tower,0,5,10,0,15,0,0,77,0,77,0,5,87,0,92,126,0,126,218
07/13/2022,FDK,MD,AEA,EN,Federal Contract Tower,0,0,16,0,16,0,0,140,0,140,0,0,156,0,156,278,0,278,434
07/14/2022,FDK,MD,AEA,EN,Federal Contract Tower,0,0,20,0,20,0,5,110,0,115,0,5,130,0,135,320,0,320,455
07/15/2022,FDK,MD,AEA,EN,Federal Contract Tower,0,0,7,0,7,0,0,67,0,67,0,0,74,0,74,174,0,174,248
07/16/2022,FDK,MD,AEA,EN,Federal Contract Tower,0,0,11,0,11,0,0,98,0,98,0,0,109,0,109,244,0,244,353
07/17/2022,FDK,MD,AEA,EN,Federal Contract Tower,0,1,12,0,13,0,0,33,0,33,0,1,45,0,46,84,0,84,130
07/18/2022,FDK,MD,AEA,EN,Federal Contract Tower,0,1,13,0,14,0,0,21,0,21,0,1,34,0,35,44,0,44,79
07/19/2022,FDK,MD,AEA,EN,Federal Contract Tower,0,2,18,1,21,0,2,128,1,131,0,4,146,2,152,250,0,250,402
07/20/2022,FDK,MD,AEA,EN,Federal Contract Tower,0,2,19,0,21,0,4,159,2,165,0,6,178,2,186,198,0,198,384
07/21/2022,FDK,MD,AEA,EN,Federal Contract Tower,0,2,15,0,17,0,9,111,0,120,0,11,126,0,137,226,0,226,363
07/22/2022,FDK,MD,AEA,EN,Federal Contract Tower,0,4,13,0,17,0,2,103,0,105,0,6,116,0,122,16,0,16,138
07/23/2022,FDK,MD,AEA,EN,Federal Contract Tower,0,3,18,0,21,0,2,92,0,94,0,5,110,0,115,172,0,172,287
07/24/2022,FDK,MD,AEA,EN,Federal Contract Tower,0,1,6,0,7,0,2,116,0,118,0,3,122,0,125,250,0,250,375
07/25/2022,FDK,MD,AEA,EN,Federal Contract Tower,0,2,5,0,7,0,2,45,0,47,0,4,50,0,54,144,0,144,198
07/26/2022,FDK,MD,AEA,EN,Federal Contract Tower,0,0,14,0,14,0,2,71,0,73,0,2,85,0,87,188,0,188,275
07/27/2022,FDK,MD,AEA,EN,Federal Contract Tower,0,2,15,0,17,0,4,109,0,113,0,6,124,0,130,210,0,210,340
07/28/2022,FDK,MD,AEA,EN,Federal Contract Tower,0,0,20,0,20,0,1,100,0,101,0,1,120,0,121,156,0,156,277
07/29/2022,FDK,MD,AEA,EN,Federal Contract Tower,0,2,26,0,28,0,1,36,0,37,0,3,62,0,65,68,0,68,133
07/30/2022,FDK,MD,AEA,EN,Federal Contract Tower,0,6,16,0,22,0,120,0,0,120,0,126,16,0,142,278,0,278,420
07/31/2022,FDK,MD,AEA,EN,Federal Contract Tower,0,0,12,0,12,0,0,107,0,107,0,0,119,0,119,204,0,204,323
08/01/2022,FDK,MD,AEA,EN,Federal Contract Tower,0,1,11,0,12,0,0,60,0,60,0,1,71,0,72,118,0,118,190
08/02/2022,FDK,MD,AEA,EN,Federal Contract Tower,0,2,12,0,14,0,5,93,0,98,0,7,105,0,112,188,0,188,300
08/03/2022,FDK,MD,AEA,EN,Federal Contract Tower,0,3,22,1,26,0,6,130,0,136,0,9,152,1,162,220,0,220,382
08/04/2022,FDK,MD,AEA,EN,Federal Contract Tower,0,2,12,0,14,0,2,69,0,71,0,4,81,0,85,64,0,64,149
08/05/2022,FDK,MD,AEA,EN,Federal Contract Tower,0,5,6,0,11,0,4,94,0,98,0,9,100,0,109,146,0,146,255
08/07/2022,FDK,MD,AEA,EN,Federal Contract Tower,0,7,11,0,18,0,0,118,0,118,0,7,129,0,136,236,0,236,372
08/08/2022,FDK,MD,AEA,EN,Federal Contract Tower,0,7,12,0,19,0,7,97,0,104,0,14,109,0,123,116,0,116,239
08/09/2022,FDK,MD,AEA,EN,Federal Contract Tower,0,2,11,0,13,0,0,81,7,88,0,2,92,7,101,166,0,166,267
08/10/2022,FDK,MD,AEA,EN,Federal Contract Tower,0,2,23,0,25,0,2,68,0,70,0,4,91,0,95,132,0,132,227
08/11/2022,FDK,MD,AEA,EN,Federal Contract Tower,0,8,8,0,16,0,0,130,0,130,0,8,138,0,146,240,0,240,386
08/12/2022,FDK,MD,AEA,EN,Federal Contract Tower,0,3,18,0,21,0,6,125,0,131,0,9,143,0,152,174,0,174,326
08/13/2022,FDK,MD,AEA,EN,Federal Contract Tower,0,3,6,0,9,0,3,133,0,136,0,6,139,0,145,216,0,216,361
08/14/2022,FDK,MD,AEA,EN,Federal Contract Tower,0,1,15,0,16,0,3,109,0,112,0,4,124,0,128,186,0,186,314
08/15/2022,FDK,MD,AEA,EN,Federal Contract Tower,0,0,12,0,12,0,5,17,0,22,0,5,29,0,34,110,0,110,144
08/16/2022,FDK,MD,AEA,EN,Federal Contract Tower,0,1,10,0,11,0,1,85,0,86,0,2,95,0,97,179,0,179,276
08/18/2022,FDK,MD,AEA,EN,Federal Contract Tower,0,1,11,0,12,0,3,120,0,123,0,4,131,0,135,224,0,224,359
08/19/2022,FDK,MD,AEA,EN,Federal Contract Tower,0,4,5,0,9,0,2,121,0,123,0,6,126,0,132,156,0,156,288
08/20/2022,FDK,MD,AEA,EN,Federal Contract Tower,0,0,15,0,15,0,0,107,0,107,0,0,122,0,122,134,0,134,256
08/21/2022,FDK,MD,AEA,EN,Federal Contract Tower,0,4,12,0,16,0,2,37,0,39,0,6,49,0,55,128,0,128,183
08/22/2022,FDK,MD,AEA,EN,Federal Contract Tower,0,4,11,0,15,0,4,28,0,32,0,8,39,0,47,36,0,36,83
08/23/2022,FDK,MD,AEA,EN,Federal Contract Tower,0,0,14,0,14,0,0,74,0,74,0,0,88,0,88,174,0,174,262
08/24/2022,FDK,MD,AEA,EN,Federal Contract Tower,0,0,9,0,9,0,0,104,0,104,0,0,113,0,113,306,0,306,419
08/25/2022,FDK,MD,AEA,EN,Federal Contract Tower,0,4,12,0,16,0,2,80,0,82,0,6,92,0,98,166,0,166,264
08/26/2022,FDK,MD,AEA,EN,Federal Contract Tower,0,5,15,0,20,0,0,65,0,65,0,5,80,0,85,138,0,138,223
08/27/2022,FDK,MD,AEA,EN,Federal Contract Tower,0,1,6,0,7,0,5,99,0,104,0,6,105,0,111,202,0,202,313
08/28/2022,FDK,MD,AEA,EN,Federal Contract Tower,0,0,11,0,11,0,3,75,0,78,0,3,86,0,89,238,0,238,327
08/29/2022,FDK,MD,AEA,EN,Federal Contract Tower,0,2,16,0,18,0,4,61,0,65,0,6,77,0,83,126,0,126,209
08/30/2022,FDK,MD,AEA,EN,Federal Contract Tower,0,0,4,0,4,0,1,58,0,59,0,1,62,0,63,148,0,148,211
08/31/2022,FDK,MD,AEA,EN,Federal Contract Tower,0,6,19,0,25,0,2,71,6,79,0,8,90,6,104,242,0,242,346
09/01/2022,FDK,MD,AEA,EN,Federal Contract Tower,0,7,12,0,19,0,4,102,0,106,0,11,114,0,125,134,0,134,259
09/02/2022,FDK,MD,AEA,EN,Federal Contract Tower,0,1,15,0,16,0,0,111,0,111,0,1,126,0,127,232,0,232,359
09/03/2022,FDK,MD,AEA,EN,Federal Contract Tower,0,1,26,0,27,0,1,67,0,68,0,2,93,0,95,142,0,142,237
09/04/2022,FDK,MD,AEA,EN,Federal Contract Tower,0,2,4,0,6,0,8,86,0,94,0,10,90,0,100,156,0,156,256
09/05/2022,FDK,MD,AEA,EN,Federal Contract Tower,0,1,8,0,9,0,2,31,0,33,0,3,39,0,42,94,0,94,136
09/06/2022,FDK,MD,AEA,EN,Federal Contract Tower,0,0,11,0,11,0,4,20,0,24,0,4,31,0,35,198,0,198,233
09/07/2022,FDK,MD,AEA,EN,Federal Contract Tower,0,4,15,0,19,0,0,1,0,1,0,4,16,0,20,0,0,0,20
09/08/2022,FDK,MD,AEA,EN,Federal Contract Tower,0,0,15,0,15,0,3,71,0,74,0,3,86,0,89,174,0,174,263
09/09/2022,FDK,MD,AEA,EN,Federal Contract Tower,0,4,21,0,25,0,0,145,0,145,0,4,166,0,170,148,0,148,318
09/10/2022,FDK,MD,AEA,EN,Federal Contract Tower,0,0,21,0,21,0,3,47,0,50,0,3,68,0,71,198,0,198,269
09/11/2022,FDK,MD,AEA,EN,Federal Contract Tower,0,4,13,0,17,0,0,0,0,0,0,4,13,0,17,0,0,0,17
09/12/2022,FDK,MD,AEA,EN,Federal Contract Tower,0,1,14,0,15,0,2,13,0,15,0,3,27,0,30,48,0,48,78
09/13/2022,FDK,MD,AEA,EN,Federal Contract Tower,0,2,5,0,7,0,6,85,0,91,0,8,90,0,98,170,0,170,268
09/14/2022,FDK,MD,AEA,EN,Federal Contract Tower,0,0,18,0,18,0,2,76,0,78,0,2,94,0,96,168,0,168,264
09/15/2022,FDK,MD,AEA,EN,Federal Contract Tower,0,0,14,0,14,0,0,84,0,84,0,0,98,0,98,186,0,186,284
09/16/2022,FDK,MD,AEA,EN,Federal Contract Tower,0,0,10,0,10,0,1,94,0,95,0,1,104,0,105,198,0,198,303
09/17/2022,FDK,MD,AEA,EN,Federal Contract Tower,0,5,5,0,10,0,10,123,0,133,0,15,128,0,143,229,0,229,372
09/18/2022,FDK,MD,AEA,EN,Federal Contract Tower,0,3,9,0,12,0,2,114,0,116,0,5,123,0,128,232,0,232,360
09/19/2022,FDK,MD,AEA,EN,Federal Contract Tower,0,0,11,0,11,0,2,76,0,78,0,2,87,0,89,166,0,166,255
09/20/2022,FDK,MD,AEA,EN,Federal Contract Tower,0,11,7,0,18,0,7,53,2,62,0,18,60,2,80,220,0,220,300
09/21/2022,FDK,MD,AEA,EN,Federal Contract Tower,0,0,12,0,12,0,6,96,2,104,0,6,108,2,116,170,0,170,286
09/22/2022,FDK,MD,AEA,EN,Federal Contract Tower,0,2,16,0,18,0,0,14,0,14,0,2,30,0,32,12,0,12,44
09/23/2022,FDK,MD,AEA,EN,Federal Contract Tower,0,0,7,0,7,0,2,58,2,62,0,2,65,2,69,112,0,112,181
09/24/2022,FDK,MD,AEA,EN,Federal Contract Tower,0,0,12,0,12,0,2,124,0,126,0,2,136,0,138,229,0,229,367
09/25/2022,FDK,MD,AEA,EN,Federal Contract Tower,0,3,6,0,9,0,3,60,0,63,0,6,66,0,72,112,0,112,184
09/26/2022,FDK,MD,AEA,EN,Federal Contract Tower,0,2,7,0,9,0,4,101,0,105,0,6,108,0,114,116,0,116,230
09/27/2022,FDK,MD,AEA,EN,Federal Contract Tower,0,4,5,0,9,0,0,72,0,72,0,4,77,0,81,104,0,104,185
09/29/2022,FDK,MD,AEA,EN,Federal Contract Tower,0,3,11,0,14,0,1,111,0,112,0,4,122,0,126,182,0,182,308
09/30/2022,FDK,MD,AEA,EN,Federal Contract Tower,0,0,10,0,10,0,4,72,0,76,0,4,82,0,86,156,0,156,242
10/01/2022,FDK,MD,AEA,EN,Federal Contract Tower,0,4,5,0,9,0,0,0,0,0,0,4,5,0,9,0,0,0,9
10/02/2022,FDK,MD,AEA,EN,Federal Contract Tower,0,6,7,0,13,0,0,0,0,0,0,6,7,0,13,0,0,0,13
10/03/2022,FDK,MD,AEA,EN,Federal Contract Tower,0,0,5,0,5,0,2,35,0,37,0,2,40,0,42,104,0,104,146
10/04/2022,FDK,MD,AEA,EN,Federal Contract Tower,0,8,7,2,17,0,2,6,0,8,0,10,13,2,25,20,0,20,45
10/05/2022,FDK,MD,AEA,EN,Federal Contract Tower,0,2,40,2,44,0,0,45,0,45,0,2,85,2,89,162,0,162,251
10/06/2022,FDK,MD,AEA,EN,Federal Contract Tower,0,5,19,0,24,0,7,158,0,165,0,12,177,0,189,272,0,272,461
10/07/2022,FDK,MD,AEA,EN,Federal Contract Tower,0,4,35,0,39,0,0,77,0,77,0,4,112,0,116,174,0,174,290
10/09/2022,FDK,MD,AEA,EN,Federal Contract Tower,0,2,22,0,24,0,0,88,0,88,0,2,110,0,112,180,0,180,292
10/10/2022,FDK,MD,AEA,EN,Federal Contract Tower,0,2,18,0,20,0,7,108,0,115,0,9,126,0,135,191,0,191,326
10/11/2022,FDK,MD,AEA,EN,Federal Contract Tower,0,5,17,0,22,0,6,142,0,148,0,11,159,0,170,207,0,207,377
10/12/2022,FDK,MD,AEA,EN,Federal Contract Tower,0,1,18,0,19,0,5,100,0,105,0,6,118,0,124,274,0,274,398
10/13/2022,FDK,MD,AEA,EN,Federal Contract Tower,0,1,10,0,11,0,0,2,0,2,0,1,12,0,13,0,0,0,13
10/14/2022,FDK,MD,AEA,EN,Federal Contract Tower,0,7,15,0,22,0,3,100,0,103,0,10,115,0,125,248,0,248,373
10/15/2022,FDK,MD,AEA,EN,Federal Contract Tower,0,0,6,0,6,0,4,95,0,99,0,4,101,0,105,126,0,126,231
10/16/2022,FDK,MD,AEA,EN,Federal Contract Tower,0,2,15,0,17,0,0,150,0,150,0,2,165,0,167,144,0,144,311
10/17/2022,FDK,MD,AEA,EN,Federal Contract Tower,0,1,24,0,25,0,4,41,0,45,0,5,65,0,70,118,0,118,188
10/18/2022,FDK,MD,AEA,EN,Federal Contract Tower,0,2,12,0,14,0,0,117,0,117,0,2,129,0,131,148,0,148,279
10/19/2022,FDK,MD,AEA,EN,Federal Contract Tower,0,1,10,1,12,0,4,67,0,71,0,5,77,1,83,194,0,194,277
10/20/2022,FDK,MD,AEA,EN,Federal Contract Tower,0,5,10,0,15,0,3,107,0,110,0,8,117,0,125,168,0,168,293
10/22/2022,FDK,MD,AEA,EN,Federal Contract Tower,0,0,14,0,14,0,10,140,0,150,0,10,154,0,164,256,0,256,420
10/23/2022,FDK,MD,AEA,EN,Federal Contract Tower,0,5,13,0,18,0,0,63,0,63,0,5,76,0,81,241,0,241,322
10/24/2022,FDK,MD,AEA,EN,Federal Contract Tower,0,1,15,0,16,0,0,23,0,23,0,1,38,0,39,108,0,108,147
10/25/2022,FDK,MD,AEA,EN,Federal Contract Tower,0,3,17,0,20,0,0,0,0,0,0,3,17,0,20,0,0,0,20
10/26/2022,FDK,MD,AEA,EN,Federal Contract Tower,0,3,27,0,30,0,2,28,0,30,0,5,55,0,60,96,0,96,156
10/27/2022,FDK,MD,AEA,EN,Federal Contract Tower,0,2,14,0,16,0,0,88,0,88,0,2,102,0,104,184,0,184,288
10/28/2022,FDK,MD,AEA,EN,Federal Contract Tower,0,0,6,0,6,0,0,133,0,133,0,0,139,0,139,316,0,316,455
10/29/2022,FDK,MD,AEA,EN,Federal Contract Tower,0,0,9,0,9,0,1,136,0,137,0,1,145,0,146,282,0,282,428
10/30/2022,FDK,MD,AEA,EN,Federal Contract Tower,0,3,13,0,16,0,2,106,0,108,0,5,119,0,124,198,0,198,322
10/31/2022,FDK,MD,AEA,EN,Federal Contract Tower,0,2,15,0,17,0,0,0,0,0,0,2,15,0,17,0,0,0,17
11/01/2022,FDK,MD,AEA,EN,Federal Contract Tower,0,3,10,0,13,0,0,61,0,61,0,3,71,0,74,220,0,220,294
11/02/2022,FDK,MD,AEA,EN,Federal Contract Tower,0,5,11,0,16,0,0,111,0,111,0,5,122,0,127,240,0,240,367
11/03/2022,FDK,MD,AEA,EN,Federal Contract Tower,0,0,8,0,8,0,0,128,0,128,0,0,136,0,136,234,0,234,370
11/04/2022,FDK,MD,AEA,EN,Federal Contract Tower,0,5,22,0,27,0,0,102,0,102,0,5,124,0,129,192,0,192,321
11/05/2022,FDK,MD,AEA,EN,Federal Contract Tower,0,1,24,0,25,0,0,45,0,45,0,1,69,0,70,178,0,178,248
11/06/2022,FDK,MD,AEA,EN,Federal Contract Tower,0,0,28,0,28,0,2,20,0,22,0,2,48,0,50,164,0,164,214
11/07/2022,FDK,MD,AEA,EN,Federal Contract Tower,0,0,12,0,12,0,5,120,4,129,0,5,132,4,141,172,0,172,313
11/08/2022,FDK,MD,AEA,EN,Federal Contract Tower,0,0,6,0,6,0,6,81,0,87,0,6,87,0,93,132,0,132,225
11/09/2022,FDK,MD,AEA,EN,Federal Contract Tower,0,0,10,0,10,0,4,134,0,138,0,4,144,0,148,284,0,284,432
11/10/2022,FDK,MD,AEA,EN,Federal Contract Tower,0,4,1,0,5,0,4,103,0,107,0,8,104,0,112,178,0,178,290
11/11/2022,FDK,MD,AEA,EN,Federal Contract Tower,0,1,2,0,3,0,0,0,0,0,0,1,2,0,3,0,0,0,3
11/12/2022,FDK,MD,AEA,EN,Federal Contract Tower,0,2,15,0,17,0,1,69,0,70,0,3,84,0,87,230,0,230,317
11/13/2022,FDK,MD,AEA,EN,Federal Contract Tower,0,5,5,0,10,0,2,23,0,25,0,7,28,0,35,14,0,14,49
11/14/2022,FDK,MD,AEA,EN,Federal Contract Tower,0,1,9,0,10,0,3,74,0,77,0,4,83,0,87,238,0,238,325
11/15/2022,FDK,MD,AEA,EN,Federal Contract Tower,0,0,3,0,3,0,2,20,0,22,0,2,23,0,25,100,0,100,125
11/16/2022,FDK,MD,AEA,EN,Federal Contract Tower,0,0,13,0,13,0,5,54,0,59,0,5,67,0,72,106,0,106,178
11/18/2022,FDK,MD,AEA,EN,Federal Contract Tower,0,5,4,0,9,0,0,53,0,53,0,5,57,0,62,100,0,100,162
11/19/2022,FDK,MD,AEA,EN,Federal Contract Tower,0,2,8,0,10,0,0,148,0,148,0,2,156,0,158,254,0,254,412
11/20/2022,FDK,MD,AEA,EN,Federal Contract Tower,0,2,6,0,8,0,1,10,0,11,0,3,16,0,19,38,0,38,57
11/21/2022,FDK,MD,AEA,EN,Federal Contract Tower,0,0,6,0,6,0,6,97,0,103,0,6,103,0,109,216,0,216,325
11/22/2022,FDK,MD,AEA,EN,Federal Contract Tower,0,1,7,0,8,0,12,110,0,122,0,13,117,0,130,240,0,240,370
11/23/2022,FDK,MD,AEA,EN,Federal Contract Tower,0,0,12,2,14,0,1,133,0,134,0,1,145,2,148,228,0,228,376
11/24/2022,FDK,MD,AEA,EN,Federal Contract Tower,0,0,1,0,1,0,0,37,0,37,0,0,38,0,38,26,0,26,64
11/25/2022,FDK,MD,AEA,EN,Federal Contract Tower,0,2,2,0,4,0,2,15,0,17,0,4,17,0,21,12,0,12,33
11/26/2022,FDK,MD,AEA,EN,Federal Contract Tower,0,0,10,0,10,0,0,168,0,168,0,0,178,0,178,216,0,216,394
11/27/2022,FDK,MD,AEA,EN,Federal Contract Tower,0,10,12,0,22,0,0,16,0,16,0,10,28,0,38,30,0,30,68
11/28/2022,FDK,MD,AEA,EN,Federal Contract Tower,0,0,9,0,9,0,3,40,0,43,0,3,49,0,52,54,0,54,106
11/29/2022,FDK,MD,AEA,EN,Federal Contract Tower,0,7,9,0,16,0,0,121,0,121,0,7,130,0,137,292,0,292,429
11/30/2022,FDK,MD,AEA,EN,Federal Contract Tower,0,4,15,0,19,0,0,0,0,0,0,4,15,0,19,0,0,0,19
12/01/2022,FDK,MD,AEA,EN,Federal Contract Tower,0,1,15,0,16,0,0,72,0,72,0,1,87,0,88,106,0,106,194
12/02/2022,FDK,MD,AEA,EN,Federal Contract Tower,0,1,16,0,17,0,0,155,0,155,0,1,171,0,172,364,0,364,536
12/03/2022,FDK,MD,AEA,EN,Federal Contract Tower,0,0,7,0,7,0,3,13,0,16,0,3,20,0,23,62,0,62,85
12/04/2022,FDK,MD,AEA,EN,Federal Contract Tower,0,0,12,0,12,0,0,155,0,155,0,0,167,0,167,364,0,364,531
12/05/2022,FDK,MD,AEA,EN,Federal Contract Tower,0,0,21,0,21,0,7,97,0,104,0,7,118,0,125,228,0,228,353
12/06/2022,FDK,MD,AEA,EN,Federal Contract Tower,0,4,12,0,16,0,0,0,0,0,0,4,12,0,16,0,0,0,16
12/07/2022,FDK,MD,AEA,EN,Federal Contract Tower,0,1,13,0,14,0,0,0,0,0,0,1,13,0,14,0,0,0,14
12/08/2022,FDK,MD,AEA,EN,Federal Contract Tower,0,2,17,0,19,0,0,120,0,120,0,2,137,0,139,302,0,302,441
12/09/2022,FDK,MD,AEA,EN,Federal Contract Tower,0,3,8,1,12,0,0,129,3,132,0,3,137,4,144,232,0,232,376
12/10/2022,FDK,MD,AEA,EN,Federal Contract Tower,0,0,9,0,9,0,4,109,0,113,0,4,118,0,122,248,0,248,370
12/11/2022,FDK,MD,AEA,EN,Federal Contract Tower,0,5,6,0,11,0,0,3,0,3,0,5,9,0,14,14,0,14,28
12/12/2022,FDK,MD,AEA,EN,Federal Contract Tower,0,1,16,0,17,0,4,35,0,39,0,5,51,0,56,118,0,118,174
12/13/2022,FDK,MD,AEA,EN,Federal Contract Tower,0,4,12,0,16,0,2,91,0,93,0,6,103,0,109,330,0,330,439
12/14/2022,FDK,MD,AEA,EN,Federal Contract Tower,0,0,22,0,22,0,6,106,0,112,0,6,128,0,134,214,0,214,348
12/15/2022,FDK,MD,AEA,EN,Federal Contract Tower,0,0,0,0,0,0,0,0,0,0,0,0,0,0,0,0,0,0,0
12/16/2022,FDK,MD,AEA,EN,Federal Contract Tower,0,3,6,0,9,0,4,55,0,59,0,7,61,0,68,146,0,146,214
12/17/2022,FDK,MD,AEA,EN,Federal Contract Tower,0,0,8,0,8,0,0,76,0,76,0,0,84,0,84,206,0,206,290
12/18/2022,FDK,MD,AEA,EN,Federal Contract Tower,0,4,8,0,12,0,2,51,0,53,0,6,59,0,65,72,0,72,137
12/19/2022,FDK,MD,AEA,EN,Federal Contract Tower,0,3,15,0,18,0,0,69,0,69,0,3,84,0,87,94,0,94,181
12/20/2022,FDK,MD,AEA,EN,Federal Contract Tower,0,0,10,0,10,0,0,137,0,137,0,0,147,0,147,338,0,338,485
12/21/2022,FDK,MD,AEA,EN,Federal Contract Tower,0,0,27,0,27,0,0,133,2,135,0,0,160,2,162,218,8,226,388
12/22/2022,FDK,MD,AEA,EN,Federal Contract Tower,0,2,0,0,2,0,0,0,0,0,0,2,0,0,2,0,0,0,2
12/23/2022,FDK,MD,AEA,EN,Federal Contract Tower,0,2,0,0,2,0,0,0,0,0,0,2,0,0,2,0,0,0,2
12/24/2022,FDK,MD,AEA,EN,Federal Contract Tower,0,0,0,0,0,0,4,5,0,9,0,4,5,0,9,8,0,8,17
12/25/2022,FDK,MD,AEA,EN,Federal Contract Tower,0,0,2,0,2,0,4,9,0,13,0,4,11,0,15,4,0,4,19
12/26/2022,FDK,MD,AEA,EN,Federal Contract Tower,0,1,10,0,11,0,2,85,0,87,0,3,95,0,98,186,0,186,284
12/27/2022,FDK,MD,AEA,EN,Federal Contract Tower,0,2,15,0,17,0,2,114,0,116,0,4,129,0,133,188,0,188,321
12/28/2022,FDK,MD,AEA,EN,Federal Contract Tower,0,0,21,0,21,0,0,145,0,145,0,0,166,0,166,246,0,246,412
12/29/2022,FDK,MD,AEA,EN,Federal Contract Tower,0,2,11,0,13,0,0,171,0,171,0,2,182,0,184,248,0,248,432
12/30/2022,FDK,MD,AEA,EN,Federal Contract Tower,0,6,5,0,11,0,3,160,0,163,0,9,165,0,174,296,0,296,470
12/31/2022,FDK,MD,AEA,EN,Federal Contract Tower,0,0,2,0,2,0,0,0,0,0,0,0,2,0,2,0,0,0,2
01/01/2023,FDK,MD,AEA,EN,Federal Contract Tower,0,3,15,0,18,0,0,78,0,78,0,3,93,0,96,166,0,166,262
01/02/2023,FDK,MD,AEA,EN,Federal Contract Tower,0,2,13,0,15,0,0,118,0,118,0,2,131,0,133,306,0,306,439
01/03/2023,FDK,MD,AEA,EN,Federal Contract Tower,0,2,2,0,4,0,0,2,0,2,0,2,4,0,6,12,0,12,18
01/05/2023,FDK,MD,AEA,EN,Federal Contract Tower,0,1,16,0,17,0,1,90,0,91,0,2,106,0,108,186,0,186,294
01/06/2023,FDK,MD,AEA,EN,Federal Contract Tower,0,5,5,0,10,0,1,49,0,50,0,6,54,0,60,74,0,74,134
01/07/2023,FDK,MD,AEA,EN,Federal Contract Tower,0,0,9,0,9,0,0,83,0,83,0,0,92,0,92,168,0,168,260
01/08/2023,FDK,MD,AEA,EN,Federal Contract Tower,0,1,8,0,9,0,0,80,0,80,0,1,88,0,89,248,0,248,337
01/09/2023,FDK,MD,AEA,EN,Federal Contract Tower,0,0,12,0,12,0,2,58,0,60,0,2,70,0,72,92,0,92,164
01/10/2023,FDK,MD,AEA,EN,Federal Contract Tower,0,3,16,0,19,0,1,131,0,132,0,4,147,0,151,224,0,224,375
01/11/2023,FDK,MD,AEA,EN,Federal Contract Tower,0,1,13,0,14,0,2,100,0,102,0,3,113,0,116,214,0,214,330
01/12/2023,FDK,MD,AEA,EN,Federal Contract Tower,0,4,12,0,16,0,0,0,0,0,0,4,12,0,16,14,0,14,30
01/13/2023,FDK,MD,AEA,EN,Federal Contract Tower,0,1,16,0,17,0,1,22,0,23,0,2,38,0,40,10,0,10,50
01/14/2023,FDK,MD,AEA,EN,Federal Contract Tower,0,0,1,0,1,0,4,9,0,13,0,4,10,0,14,14,0,14,28
01/15/2023,FDK,MD,AEA,EN,Federal Contract Tower,0,0,12,0,12,0,0,64,0,64,0,0,76,0,76,124,0,124,200
01/16/2023,FDK,MD,AEA,EN,Federal Contract Tower,0,2,19,0,21,0,0,120,0,120,0,2,139,0,141,224,0,224,365
01/17/2023,FDK,MD,AEA,EN,Federal Contract Tower,0,1,9,0,10,0,1,0,0,1,0,2,9,0,11,106,0,106,117
01/18/2023,FDK,MD,AEA,EN,Federal Contract Tower,0,0,14,1,15,0,2,57,5,64,0,2,71,6,79,162,0,162,241
01/19/2023,FDK,MD,AEA,EN,Federal Contract Tower,0,0,13,0,13,0,0,4,0,4,0,0,17,0,17,4,0,4,21
01/20/2023,FDK,MD,AEA,EN,Federal Contract Tower,0,2,11,0,13,0,0,9,0,9,0,2,20,0,22,4,0,4,26
01/21/2023,FDK,MD,AEA,EN,Federal Contract Tower,0,2,9,0,11,0,0,155,0,155,0,2,164,0,166,262,0,262,428
01/22/2023,FDK,MD,AEA,EN,Federal Contract Tower,0,0,6,0,6,0,0,31,0,31,0,0,37,0,37,152,0,152,189
01/23/2023,FDK,MD,AEA,EN,Federal Contract Tower,0,2,6,0,8,0,0,7,0,7,0,2,13,0,15,8,0,8,23
01/24/2023,FDK,MD,AEA,EN,Federal Contract Tower,0,1,8,0,9,0,4,98,0,102,0,5,106,0,111,168,0,168,279
01/25/2023,FDK,MD,AEA,EN,Federal Contract Tower,0,0,1,0,1,0,0,2,0,2,0,0,3,0,3,0,0,0,3
01/26/2023,FDK,MD,AEA,EN,Federal Contract Tower,0,2,5,0,7,0,2,26,0,28,0,4,31,0,35,22,0,22,57
01/27/2023,FDK,MD,AEA,EN,Federal Contract Tower,0,2,25,0,27,0,2,92,1,95,0,4,117,1,122,100,0,100,222
01/28/2023,FDK,MD,AEA,EN,Federal Contract Tower,0,1,19,0,20,0,0,153,0,153,0,1,172,0,173,220,0,220,393
01/29/2023,FDK,MD,AEA,EN,Federal Contract Tower,0,2,17,0,19,0,5,85,0,90,0,7,102,0,109,220,0,220,329
01/30/2023,FDK,MD,AEA,EN,Federal Contract Tower,0,3,17,0,20,0,4,69,0,73,0,7,86,0,93,310,0,310,403
01/31/2023,FDK,MD,AEA,EN,Federal Contract Tower,0,0,6,0,6,0,0,26,0,26,0,0,32,0,32,106,0,106,138
02/01/2023,FDK,MD,AEA,EN,Federal Contract Tower,0,0,11,0,11,0,4,89,2,95,0,4,100,2,106,192,0,192,298
02/02/2023,FDK,MD,AEA,EN,Federal Contract Tower,0,0,11,0,11,0,5,118,2,125,0,5,129,2,136,220,0,220,356
02/03/2023,FDK,MD,AEA,EN,Federal Contract Tower,0,0,4,1,5,0,0,9,2,11,0,0,13,3,16,0,0,0,16
02/04/2023,FDK,MD,AEA,EN,Federal Contract Tower,0,0,10,0,10,0,5,72,0,77,0,5,82,0,87,132,0,132,219
02/05/2023,FDK,MD,AEA,EN,Federal Contract Tower,0,1,7,0,8,0,3,87,0,90,0,4,94,0,98,170,0,170,268
02/06/2023,FDK,MD,AEA,EN,Federal Contract Tower,0,3,7,0,10,0,1,37,0,38,0,4,44,0,48,56,0,56,104
02/07/2023,FDK,MD,AEA,EN,Federal Contract Tower,0,0,8,0,8,0,2,104,0,106,0,2,112,0,114,220,0,220,334
02/08/2023,FDK,MD,AEA,EN,Federal Contract Tower,0,1,11,0,12,0,4,122,4,130,0,5,133,4,142,266,0,266,408
02/09/2023,FDK,MD,AEA,EN,Federal Contract Tower,0,0,4,0,4,0,2,56,0,58,0,2,60,0,62,124,0,124,186
02/10/2023,FDK,MD,AEA,EN,Federal Contract Tower,0,0,2,1,3,0,1,38,0,39,0,1,40,1,42,68,0,68,110
02/11/2023,FDK,MD,AEA,EN,Federal Contract Tower,0,0,17,0,17,0,0,131,0,131,0,0,148,0,148,194,0,194,342
02/12/2023,FDK,MD,AEA,EN,Federal Contract Tower,0,2,9,0,11,0,0,54,0,54,0,2,63,0,65,180,0,180,245
02/13/2023,FDK,MD,AEA,EN,Federal Contract Tower,0,1,12,0,13,0,8,80,0,88,0,9,92,0,101,144,0,144,245
02/14/2023,FDK,MD,AEA,EN,Federal Contract Tower,0,2,10,0,12,0,1,126,0,127,0,3,136,0,139,222,0,222,361
02/15/2023,FDK,MD,AEA,EN,Federal Contract Tower,0,0,21,0,21,0,16,75,0,91,0,16,96,0,112,78,0,78,190
02/16/2023,FDK,MD,AEA,EN,Federal Contract Tower,0,1,10,0,11,0,1,27,0,28,0,2,37,0,39,88,0,88,127
02/17/2023,FDK,MD,AEA,EN,Federal Contract Tower,0,3,16,0,19,0,4,1,0,5,0,7,17,0,24,4,0,4,28
02/18/2023,FDK,MD,AEA,EN,Federal Contract Tower,0,0,15,0,15,0,0,175,0,175,0,0,190,0,190,228,0,228,418
02/19/2023,FDK,MD,AEA,EN,Federal Contract Tower,0,6,6,0,12,0,0,88,0,88,0,6,94,0,100,186,0,186,286
02/20/2023,FDK,MD,AEA,EN,Federal Contract Tower,0,1,13,0,14,0,4,115,0,119,0,5,128,0,133,176,0,176,309
02/21/2023,FDK,MD,AEA,EN,Federal Contract Tower,0,1,7,0,8,0,0,33,2,35,0,1,40,2,43,92,0,92,135
02/22/2023,FDK,MD,AEA,EN,Federal Contract Tower,0,1,11,2,14,0,2,52,0,54,0,3,63,2,68,138,0,138,206
02/23/2023,FDK,MD,AEA,EN,Federal Contract Tower,0,1,10,0,11,0,10,129,2,141,0,11,139,2,152,236,0,236,388
02/24/2023,FDK,MD,AEA,EN,Federal Contract Tower,0,8,0,0,8,0,2,22,4,28,0,10,22,4,36,14,0,14,50
02/25/2023,FDK,MD,AEA,EN,Federal Contract Tower,0,0,4,0,4,0,0,38,0,38,0,0,42,0,42,92,0,92,134
02/26/2023,FDK,MD,AEA,EN,Federal Contract Tower,0,5,15,0,20,0,3,65,0,68,0,8,80,0,88,100,0,100,188
02/27/2023,FDK,MD,AEA,EN,Federal Contract Tower,0,0,2,0,2,0,4,91,0,95,0,4,93,0,97,158,0,158,255
02/28/2023,FDK,MD,AEA,EN,Federal Contract Tower,0,0,4,0,4,0,0,55,0,55,0,0,59,0,59,128,0,128,187
03/01/2023,FDK,MD,AEA,EN,Federal Contract Tower,0,2,13,0,15,0,2,94,0,96,0,4,107,0,111,173,0,173,284
03/02/2023,FDK,MD,AEA,EN,Federal Contract Tower,0,0,11,0,11,0,3,86,0,89,0,3,97,0,100,188,0,188,288
03/03/2023,FDK,MD,AEA,EN,Federal Contract Tower,0,2,5,0,7,0,0,12,0,12,0,2,17,0,19,78,0,78,97
03/04/2023,FDK,MD,AEA,EN,Federal Contract Tower,0,0,4,0,4,0,6,2,0,8,0,6,6,0,12,0,0,0,12
03/05/2023,FDK,MD,AEA,EN,Federal Contract Tower,0,2,10,0,12,0,4,145,0,149,0,6,155,0,161,158,0,158,319
03/06/2023,FDK,MD,AEA,EN,Federal Contract Tower,0,1,14,2,17,0,4,166,0,170,0,5,180,2,187,264,0,264,451
03/07/2023,FDK,MD,AEA,EN,Federal Contract Tower,0,0,3,0,3,0,0,6,0,6,0,0,9,0,9,66,0,66,75
03/08/2023,FDK,MD,AEA,EN,Federal Contract Tower,0,0,5,0,5,0,0,69,0,69,0,0,74,0,74,34,0,34,108
03/09/2023,FDK,MD,AEA,EN,Federal Contract Tower,0,0,15,0,15,0,0,174,0,174,0,0,189,0,189,248,0,248,437
03/10/2023,FDK,MD,AEA,EN,Federal Contract Tower,0,0,0,0,0,0,0,2,0,2,0,0,2,0,2,0,0,0,2
03/11/2023,FDK,MD,AEA,EN,Federal Contract Tower,0,0,4,0,4,0,0,21,0,21,0,0,25,0,25,8,0,8,33
03/12/2023,FDK,MD,AEA,EN,Federal Contract Tower,0,0,10,0,10,0,0,117,0,117,0,0,127,0,127,160,0,160,287
03/13/2023,FDK,MD,AEA,EN,Federal Contract Tower,0,2,7,0,9,0,0,14,0,14,0,2,21,0,23,136,0,136,159
03/14/2023,FDK,MD,AEA,EN,Federal Contract Tower,0,1,0,0,1,0,4,5,0,9,0,5,5,0,10,0,0,0,10
03/15/2023,FDK,MD,AEA,EN,Federal Contract Tower,0,3,5,0,8,0,7,14,0,21,0,10,19,0,29,2,0,2,31
03/16/2023,FDK,MD,AEA,EN,Federal Contract Tower,0,0,18,0,18,0,0,210,0,210,0,0,228,0,228,310,0,310,538
03/17/2023,FDK,MD,AEA,EN,Federal Contract Tower,0,0,19,4,23,0,3,53,0,56,0,3,72,4,79,146,0,146,225
03/18/2023,FDK,MD,AEA,EN,Federal Contract Tower,0,2,9,0,11,0,0,47,0,47,0,2,56,0,58,60,2,62,120
03/19/2023,FDK,MD,AEA,EN,Federal Contract Tower,0,1,6,0,7,0,0,44,4,48,0,1,50,4,55,72,0,72,127
03/20/2023,FDK,MD,AEA,EN,Federal Contract Tower,0,1,8,0,9,0,4,137,0,141,0,5,145,0,150,262,0,262,412
03/21/2023,FDK,MD,AEA,EN,Federal Contract Tower,0,11,8,0,19,0,4,144,2,150,0,15,152,2,169,306,0,306,475
03/22/2023,FDK,MD,AEA,EN,Federal Contract Tower,0,2,16,0,18,0,2,140,0,142,0,4,156,0,160,230,0,230,390
03/23/2023,FDK,MD,AEA,EN,Federal Contract Tower,0,0,12,0,12,0,1,42,0,43,0,1,54,0,55,118,0,118,173
03/24/2023,FDK,MD,AEA,EN,Federal Contract Tower,0,0,17,0,17,0,0,10,0,10,0,0,27,0,27,46,0,46,73
03/25/2023,FDK,MD,AEA,EN,Federal Contract Tower,0,0,12,0,12,0,0,0,0,0,0,0,12,0,12,0,0,0,12
03/26/2023,FDK,MD,AEA,EN,Federal Contract Tower,0,1,11,0,12,0,0,116,0,116,0,1,127,0,128,232,0,232,360
03/27/2023,FDK,MD,AEA,EN,Federal Contract Tower,0,2,15,0,17,0,6,67,0,73,0,8,82,0,90,160,0,160,250
03/28/2023,FDK,MD,AEA,EN,Federal Contract Tower,0,1,13,0,14,0,9,99,0,108,0,10,112,0,122,212,12,224,346
03/29/2023,FDK,MD,AEA,EN,Federal Contract Tower,0,0,14,0,14,0,4,154,0,158,0,4,168,0,172,304,0,304,476
03/30/2023,FDK,MD,AEA,EN,Federal Contract Tower,0,0,11,0,11,0,6,164,0,170,0,6,175,0,181,318,0,318,499
03/31/2023,FDK,MD,AEA,EN,Federal Contract Tower,0,0,14,0,14,0,2,51,0,53,0,2,65,0,67,178,0,178,245
04/01/2023,FDK,MD,AEA,EN,Federal Contract Tower,0,0,3,0,3,0,0,8,0,8,0,0,11,0,11,24,0,24,35
04/02/2023,FDK,MD,AEA,EN,Federal Contract Tower,0,1,17,0,18,0,4,94,1,99,0,5,111,1,117,194,0,194,311
04/03/2023,FDK,MD,AEA,EN,Federal Contract Tower,0,2,7,0,9,0,6,90,5,101,0,8,97,5,110,234,0,234,344
04/04/2023,FDK,MD,AEA,EN,Federal Contract Tower,0,8,15,0,23,0,4,138,1,143,0,12,153,1,166,260,4,264,430
04/05/2023,FDK,MD,AEA,EN,Federal Contract Tower,0,0,8,0,8,0,5,92,1,98,0,5,100,1,106,176,2,178,284
04/06/2023,FDK,MD,AEA,EN,Federal Contract Tower,0,1,11,0,12,0,12,63,2,77,0,13,74,2,89,220,0,220,309
04/07/2023,FDK,MD,AEA,EN,Federal Contract Tower,0,3,17,0,20,0,0,119,1,120,0,3,136,1,140,258,0,258,398
04/08/2023,FDK,MD,AEA,EN,Federal Contract Tower,0,1,8,0,9,0,2,119,0,121,0,3,127,0,130,308,0,308,438
04/09/2023,FDK,MD,AEA,EN,Federal Contract Tower,0,2,14,0,16,0,4,96,0,100,0,6,110,0,116,200,0,200,316
04/10/2023,FDK,MD,AEA,EN,Federal Contract Tower,0,0,10,0,10,0,7,140,0,147,0,7,150,0,157,230,0,230,387
04/11/2023,FDK,MD,AEA,EN,Federal Contract Tower,0,0,4,0,4,0,3,129,0,132,0,3,133,0,136,178,0,178,314
04/12/2023,FDK,MD,AEA,EN,Federal Contract Tower,0,0,16,0,16,0,13,95,0,108,0,13,111,0,124,68,0,68,192
04/13/2023,FDK,MD,AEA,EN,Federal Contract Tower,0,0,16,0,16,0,11,180,0,191,0,11,196,0,207,286,0,286,493
04/14/2023,FDK,MD,AEA,EN,Federal Contract Tower,0,0,13,0,13,0,0,156,0,156,0,0,169,0,169,296,0,296,465
04/15/2023,FDK,MD,AEA,EN,Federal Contract Tower,0,1,4,0,5,0,2,27,0,29,0,3,31,0,34,84,0,84,118
04/16/2023,FDK,MD,AEA,EN,Federal Contract Tower,0,3,16,0,19,0,0,129,0,129,0,3,145,0,148,198,0,198,346
04/17/2023,FDK,MD,AEA,EN,Federal Contract Tower,0,3,10,0,13,0,11,48,0,59,0,14,58,0,72,60,0,60,132
04/18/2023,FDK,MD,AEA,EN,Federal Contract Tower,0,0,7,0,7,0,2,23,0,25,0,2,30,0,32,8,0,8,40
04/20/2023,FDK,MD,AEA,EN,Federal Contract Tower,0,0,18,0,18,0,5,152,0,157,0,5,170,0,175,250,0,250,425
04/21/2023,FDK,MD,AEA,EN,Federal Contract Tower,0,1,23,0,24,0,1,159,0,160,0,2,182,0,184,230,0,230,414
04/22/2023,FDK,MD,AEA,EN,Federal Contract Tower,0,0,5,0,5,0,2,17,0,19,0,2,22,0,24,46,0,46,70
04/23/2023,FDK,MD,AEA,EN,Federal Contract Tower,0,1,10,0,11,0,6,164,0,170,0,7,174,0,181,182,0,182,363
04/24/2023,FDK,MD,AEA,EN,Federal Contract Tower,0,6,16,0,22,0,1,101,0,102,0,7,117,0,124,178,0,178,302
04/25/2023,FDK,MD,AEA,EN,Federal Contract Tower,0,1,6,0,7,0,0,143,0,143,0,1,149,0,150,228,0,228,378
04/26/2023,FDK,MD,AEA,EN,Federal Contract Tower,0,4,21,0,25,0,2,97,0,99,0,6,118,0,124,254,0,254,378
04/27/2023,FDK,MD,AEA,EN,Federal Contract Tower,0,3,34,0,37,0,0,75,0,75,0,3,109,0,112,226,0,226,338
04/28/2023,FDK,MD,AEA,EN,Federal Contract Tower,0,1,16,0,17,0,0,0,0,0,0,1,16,0,17,0,0,0,17
04/29/2023,FDK,MD,AEA,EN,Federal Contract Tower,0,0,19,0,19,0,1,21,0,22,0,1,40,0,41,94,0,94,135
04/30/2023,FDK,MD,AEA,EN,Federal Contract Tower,0,0,7,0,7,0,0,0,0,0,0,0,7,0,7,0,0,0,7
05/01/2023,FDK,MD,AEA,EN,Federal Contract Tower,0,1,11,0,12,0,0,31,0,31,0,1,42,0,43,88,0,88,131
05/02/2023,FDK,MD,AEA,EN,Federal Contract Tower,0,1,11,0,12,0,6,31,0,37,0,7,42,0,49,64,0,64,113
05/03/2023,FDK,MD,AEA,EN,Federal Contract Tower,0,2,10,0,12,0,3,55,0,58,0,5,65,0,70,194,0,194,264
05/04/2023,FDK,MD,AEA,EN,Federal Contract Tower,0,2,9,0,11,0,4,130,0,134,0,6,139,0,145,364,0,364,509
05/05/2023,FDK,MD,AEA,EN,Federal Contract Tower,0,0,30,0,30,0,2,226,0,228,0,2,256,0,258,266,0,266,524
05/06/2023,FDK,MD,AEA,EN,Federal Contract Tower,0,1,13,0,14,0,0,214,0,214,0,1,227,0,228,264,0,264,492
05/07/2023,FDK,MD,AEA,EN,Federal Contract Tower,0,3,15,0,18,0,0,142,0,142,0,3,157,0,160,252,0,252,412
05/08/2023,FDK,MD,AEA,EN,Federal Contract Tower,0,1,6,0,7,0,2,102,0,104,0,3,108,0,111,308,0,308,419
05/09/2023,FDK,MD,AEA,EN,Federal Contract Tower,0,3,11,0,14,0,0,82,0,82,0,3,93,0,96,224,0,224,320
05/10/2023,FDK,MD,AEA,EN,Federal Contract Tower,0,4,18,0,22,0,3,184,2,189,0,7,202,2,211,300,0,300,511
05/11/2023,FDK,MD,AEA,EN,Federal Contract Tower,0,1,13,1,15,0,2,126,0,128,0,3,139,1,143,332,0,332,475
05/12/2023,FDK,MD,AEA,EN,Federal Contract Tower,0,1,0,20,21,0,3,144,0,147,0,4,144,20,168,272,0,272,440
05/13/2023,FDK,MD,AEA,EN,Federal Contract Tower,0,1,19,0,20,0,0,24,0,24,0,1,43,0,44,82,0,82,126
05/14/2023,FDK,MD,AEA,EN,Federal Contract Tower,0,1,8,0,9,0,4,135,0,139,0,5,143,0,148,188,0,188,336
05/15/2023,FDK,MD,AEA,EN,Federal Contract Tower,0,6,12,0,18,0,2,157,0,159,0,8,169,0,177,268,0,268,445
05/16/2023,FDK,MD,AEA,EN,Federal Contract Tower,0,2,13,0,15,0,0,120,0,120,0,2,133,0,135,192,0,192,327
05/17/2023,FDK,MD,AEA,EN,Federal Contract Tower,0,1,12,0,13,0,3,118,0,121,0,4,130,0,134,278,0,278,412
05/18/2023,FDK,MD,AEA,EN,Federal Contract Tower,0,0,4,0,4,0,4,160,0,164,0,4,164,0,168,264,0,264,432
05/19/2023,FDK,MD,AEA,EN,Federal Contract Tower,0,3,27,0,30,0,2,87,2,91,0,5,114,2,121,216,0,216,337
05/20/2023,FDK,MD,AEA,EN,Federal Contract Tower,0,0,16,0,16,0,2,70,0,72,0,2,86,0,88,148,0,148,236
05/21/2023,FDK,MD,AEA,EN,Federal Contract Tower,0,1,21,0,22,0,3,157,0,160,0,4,178,0,182,194,0,194,376
05/22/2023,FDK,MD,AEA,EN,Federal Contract Tower,0,1,12,0,13,0,5,153,0,158,0,6,165,0,171,252,0,252,423
05/23/2023,FDK,MD,AEA,EN,Federal Contract Tower,0,2,13,0,15,0,4,115,0,119,0,6,128,0,134,204,0,204,338
05/24/2023,FDK,MD,AEA,EN,Federal Contract Tower,0,2,8,0,10,0,1,127,0,128,0,3,135,0,138,258,0,258,396
05/25/2023,FDK,MD,AEA,EN,Federal Contract Tower,0,3,20,0,23,0,2,131,0,133,0,5,151,0,156,218,0,218,374
05/26/2023,FDK,MD,AEA,EN,Federal Contract Tower,0,0,13,0,13,0,3,141,0,144,0,3,154,0,157,388,0,388,545
05/27/2023,FDK,MD,AEA,EN,Federal Contract Tower,0,0,14,0,14,0,4,132,0,136,0,4,146,0,150,226,0,226,376
05/28/2023,FDK,MD,AEA,EN,Federal Contract Tower,0,0,11,0,11,0,4,120,0,124,0,4,131,0,135,252,0,252,387
05/29/2023,FDK,MD,AEA,EN,Federal Contract Tower,0,1,9,0,10,0,6,99,0,105,0,7,108,0,115,232,0,232,347
05/30/2023,FDK,MD,AEA,EN,Federal Contract Tower,0,5,16,0,21,0,2,90,0,92,0,7,106,0,113,274,0,274,387
05/31/2023,FDK,MD,AEA,EN,Federal Contract Tower,0,1,12,1,14,0,12,124,0,136,0,13,136,1,150,336,0,336,486
06/01/2023,FDK,MD,AEA,EN,Federal Contract Tower,0,0,23,0,23,0,2,143,0,145,0,2,166,0,168,286,0,286,454
06/02/2023,FDK,MD,AEA,EN,Federal Contract Tower,0,0,22,0,22,0,3,140,0,143,0,3,162,0,165,292,0,292,457
06/03/2023,FDK,MD,AEA,EN,Federal Contract Tower,0,0,13,0,13,0,2,76,0,78,0,2,89,0,91,224,0,224,315
06/04/2023,FDK,MD,AEA,EN,Federal Contract Tower,0,0,27,0,27,0,2,144,0,146,0,2,171,0,173,180,0,180,353
06/05/2023,FDK,MD,AEA,EN,Federal Contract Tower,0,0,6,0,6,0,4,98,0,102,0,4,104,0,108,276,0,276,384
06/06/2023,FDK,MD,AEA,EN,Federal Contract Tower,0,1,6,0,7,0,2,49,0,51,0,3,55,0,58,206,0,206,264
06/07/2023,FDK,MD,AEA,EN,Federal Contract Tower,0,0,23,4,27,0,0,33,0,33,0,0,56,4,60,194,0,194,254
06/08/2023,FDK,MD,AEA,EN,Federal Contract Tower,0,1,32,0,33,0,0,13,0,13,0,1,45,0,46,54,0,54,100
06/09/2023,FDK,MD,AEA,EN,Federal Contract Tower,0,0,16,0,16,0,3,69,0,72,0,3,85,0,88,238,0,238,326
06/10/2023,FDK,MD,AEA,EN,Federal Contract Tower,0,3,13,1,17,0,6,146,1,153,0,9,159,2,170,230,0,230,400
06/11/2023,FDK,MD,AEA,EN,Federal Contract Tower,0,3,13,0,16,0,0,140,0,140,0,3,153,0,156,158,0,158,314
06/12/2023,FDK,MD,AEA,EN,Federal Contract Tower,0,1,3,0,4,0,1,5,0,6,0,2,8,0,10,16,0,16,26
06/13/2023,FDK,MD,AEA,EN,Federal Contract Tower,0,1,18,0,19,0,3,106,0,109,0,4,124,0,128,195,0,195,323
06/14/2023,FDK,MD,AEA,EN,Federal Contract Tower,0,0,7,0,7,0,0,28,0,28,0,0,35,0,35,104,0,104,139
06/15/2023,FDK,MD,AEA,EN,Federal Contract Tower,0,0,13,0,13,0,0,202,0,202,0,0,215,0,215,371,6,377,592
06/16/2023,FDK,MD,AEA,EN,Federal Contract Tower,0,0,26,0,26,0,0,52,0,52,0,0,78,0,78,160,0,160,238
06/17/2023,FDK,MD,AEA,EN,Federal Contract Tower,0,0,18,0,18,0,0,76,0,76,0,0,94,0,94,110,0,110,204
06/18/2023,FDK,MD,AEA,EN,Federal Contract Tower,0,2,18,0,20,0,0,187,0,187,0,2,205,0,207,178,0,178,385
06/19/2023,FDK,MD,AEA,EN,Federal Contract Tower,0,0,10,0,10,0,2,113,0,115,0,2,123,0,125,260,0,260,385
06/20/2023,FDK,MD,AEA,EN,Federal Contract Tower,0,0,14,0,14,0,1,53,0,54,0,1,67,0,68,388,0,388,456
06/21/2023,FDK,MD,AEA,EN,Federal Contract Tower,0,0,18,0,18,0,0,23,0,23,0,0,41,0,41,124,0,124,165
06/22/2023,FDK,MD,AEA,EN,Federal Contract Tower,0,0,13,0,13,0,0,1,0,1,0,0,14,0,14,0,0,0,14
06/23/2023,FDK,MD,AEA,EN,Federal Contract Tower,0,0,9,0,9,0,0,0,0,0,0,0,9,0,9,0,0,0,9
06/24/2023,FDK,MD,AEA,EN,Federal Contract Tower,0,0,9,0,9,0,4,40,0,44,0,4,49,0,53,192,0,192,245
06/25/2023,FDK,MD,AEA,EN,Federal Contract Tower,0,2,11,0,13,0,0,112,0,112,0,2,123,0,125,260,0,260,385
06/26/2023,FDK,MD,AEA,EN,Federal Contract Tower,0,3,8,0,11,0,0,87,0,87,0,3,95,0,98,262,0,262,360
06/27/2023,FDK,MD,AEA,EN,Federal Contract Tower,0,2,6,0,8,0,3,79,0,82,0,5,85,0,90,178,0,178,268
06/28/2023,FDK,MD,AEA,EN,Federal Contract Tower,0,2,22,0,24,0,1,57,0,58,0,3,79,0,82,124,0,124,206
06/29/2023,FDK,MD,AEA,EN,Federal Contract Tower,0,1,48,0,49,0,0,3,0,3,0,1,51,0,52,30,0,30,82
06/30/2023,FDK,MD,AEA,EN,Federal Contract Tower,0,0,32,0,32,0,0,34,0,34,0,0,66,0,66,112,0,112,178
07/01/2023,FDK,MD,AEA,EN,Federal Contract Tower,0,1,24,0,25,0,4,30,0,34,0,5,54,0,59,148,0,148,207
07/02/2023,FDK,MD,AEA,EN,Federal Contract Tower,0,1,10,0,11,0,3,22,4,29,0,4,32,4,40,78,0,78,118
07/03/2023,FDK,MD,AEA,EN,Federal Contract Tower,0,1,21,0,22,0,2,54,0,56,0,3,75,0,78,144,0,144,222
07/04/2023,FDK,MD,AEA,EN,Federal Contract Tower,0,0,0,0,0,0,6,85,0,91,0,6,85,0,91,158,0,158,249
07/05/2023,FDK,MD,AEA,EN,Federal Contract Tower,0,0,7,0,7,0,2,100,0,102,0,2,107,0,109,232,0,232,341
07/06/2023,FDK,MD,AEA,EN,Federal Contract Tower,0,0,21,2,23,0,2,109,0,111,0,2,130,2,134,242,0,242,376
07/07/2023,FDK,MD,AEA,EN,Federal Contract Tower,0,1,12,0,13,0,5,86,0,91,0,6,98,0,104,234,0,234,338
07/08/2023,FDK,MD,AEA,EN,Federal Contract Tower,0,0,16,0,16,0,0,126,0,126,0,0,142,0,142,254,0,254,396
07/09/2023,FDK,MD,AEA,EN,Federal Contract Tower,0,1,24,0,25,0,0,21,0,21,0,1,45,0,46,140,0,140,186
07/10/2023,FDK,MD,AEA,EN,Federal Contract Tower,0,1,17,0,18,0,0,137,2,139,0,1,154,2,157,300,0,300,457
07/11/2023,FDK,MD,AEA,EN,Federal Contract Tower,0,4,5,0,9,0,5,136,0,141,0,9,141,0,150,374,0,374,524
07/12/2023,FDK,MD,AEA,EN,Federal Contract Tower,0,1,24,0,25,0,5,133,0,138,0,6,157,0,163,310,0,310,473
07/13/2023,FDK,MD,AEA,EN,Federal Contract Tower,0,0,15,0,15,0,4,128,0,132,0,4,143,0,147,268,0,268,415
07/14/2023,FDK,MD,AEA,EN,Federal Contract Tower,0,1,18,0,19,0,4,68,0,72,0,5,86,0,91,218,0,218,309
07/15/2023,FDK,MD,AEA,EN,Federal Contract Tower,0,0,13,0,13,0,0,119,0,119,0,0,132,0,132,248,0,248,380
07/16/2023,FDK,MD,AEA,EN,Federal Contract Tower,0,4,17,0,21,0,1,58,0,59,0,5,75,0,80,194,0,194,274
07/17/2023,FDK,MD,AEA,EN,Federal Contract Tower,0,1,16,0,17,0,4,91,0,95,0,5,107,0,112,444,0,444,556
07/18/2023,FDK,MD,AEA,EN,Federal Contract Tower,0,2,14,0,16,0,3,117,0,120,0,5,131,0,136,382,0,382,518
07/19/2023,FDK,MD,AEA,EN,Federal Contract Tower,0,1,15,0,16,0,2,104,0,106,0,3,119,0,122,274,0,274,396
07/20/2023,FDK,MD,AEA,EN,Federal Contract Tower,0,0,14,0,14,0,1,115,0,116,0,1,129,0,130,254,0,254,384
07/21/2023,FDK,MD,AEA,EN,Federal Contract Tower,0,0,10,2,12,0,0,110,2,112,0,0,120,4,124,344,0,344,468
07/22/2023,FDK,MD,AEA,EN,Federal Contract Tower,0,4,19,0,23,0,0,148,0,148,0,4,167,0,171,250,0,250,421
07/23/2023,FDK,MD,AEA,EN,Federal Contract Tower,0,0,11,0,11,0,6,121,0,127,0,6,132,0,138,250,0,250,388
07/24/2023,FDK,MD,AEA,EN,Federal Contract Tower,0,0,23,0,23,0,0,62,0,62,0,0,85,0,85,180,0,180,265
07/25/2023,FDK,MD,AEA,EN,Federal Contract Tower,0,2,17,0,19,0,4,52,5,61,0,6,69,5,80,136,0,136,216
07/26/2023,FDK,MD,AEA,EN,Federal Contract Tower,0,0,24,0,24,0,3,119,0,122,0,3,143,0,146,168,0,168,314
07/27/2023,FDK,MD,AEA,EN,Federal Contract Tower,0,0,6,0,6,0,0,63,0,63,0,0,69,0,69,96,0,96,165
07/28/2023,FDK,MD,AEA,EN,Federal Contract Tower,0,0,12,0,12,0,0,99,0,99,0,0,111,0,111,272,0,272,383
07/29/2023,FDK,MD,AEA,EN,Federal Contract Tower,0,0,13,0,13,0,4,124,0,128,0,4,137,0,141,184,0,184,325
07/30/2023,FDK,MD,AEA,EN,Federal Contract Tower,0,2,7,0,9,0,3,124,0,127,0,5,131,0,136,226,0,226,362
07/31/2023,FDK,MD,AEA,EN,Federal Contract Tower,0,0,20,0,20,0,4,164,0,168,0,4,184,0,188,196,0,196,384
08/01/2023,FDK,MD,AEA,EN,Federal Contract Tower,0,2,2,0,4,0,1,151,0,152,0,3,153,0,156,388,0,388,544
08/02/2023,FDK,MD,AEA,EN,Federal Contract Tower,0,2,10,0,12,0,8,138,0,146,0,10,148,0,158,266,0,266,424
08/03/2023,FDK,MD,AEA,EN,Federal Contract Tower,0,0,16,0,16,0,2,77,0,79,0,2,93,0,95,98,0,98,193
08/04/2023,FDK,MD,AEA,EN,Federal Contract Tower,0,0,29,0,29,0,5,60,0,65,0,5,89,0,94,178,0,178,272
08/05/2023,FDK,MD,AEA,EN,Federal Contract Tower,0,19,0,0,19,0,15,100,3,118,0,34,100,3,137,202,0,202,339
08/06/2023,FDK,MD,AEA,EN,Federal Contract Tower,0,3,17,0,20,0,0,138,0,138,0,3,155,0,158,148,0,148,306
08/07/2023,FDK,MD,AEA,EN,Federal Contract Tower,0,0,14,0,14,0,0,22,0,22,0,0,36,0,36,90,0,90,126
08/08/2023,FDK,MD,AEA,EN,Federal Contract Tower,0,1,7,0,8,0,2,39,0,41,0,3,46,0,49,152,0,152,201
08/09/2023,FDK,MD,AEA,EN,Federal Contract Tower,0,0,10,0,10,0,3,141,0,144,0,3,151,0,154,306,0,306,460
08/10/2023,FDK,MD,AEA,EN,Federal Contract Tower,0,0,22,0,22,0,2,30,0,32,0,2,52,0,54,92,0,92,146
08/11/2023,FDK,MD,AEA,EN,Federal Contract Tower,0,0,21,0,21,0,3,189,0,192,0,3,210,0,213,298,0,298,511
08/12/2023,FDK,MD,AEA,EN,Federal Contract Tower,0,0,6,0,6,0,4,128,0,132,0,4,134,0,138,240,0,240,378
08/13/2023,FDK,MD,AEA,EN,Federal Contract Tower,0,0,14,0,14,0,4,136,0,140,0,4,150,0,154,222,0,222,376
08/14/2023,FDK,MD,AEA,EN,Federal Contract Tower,0,1,20,0,21,0,1,94,0,95,0,2,114,0,116,220,0,220,336
08/15/2023,FDK,MD,AEA,EN,Federal Contract Tower,0,3,21,0,24,0,5,102,0,107,0,8,123,0,131,190,0,190,321
08/16/2023,FDK,MD,AEA,EN,Federal Contract Tower,0,0,13,0,13,1,2,135,0,138,1,2,148,0,151,186,0,186,337
08/17/2023,FDK,MD,AEA,EN,Federal Contract Tower,0,0,25,2,27,0,3,87,2,92,0,3,112,4,119,128,0,128,247
08/18/2023,FDK,MD,AEA,EN,Federal Contract Tower,0,0,13,0,13,0,0,60,11,71,0,0,73,11,84,92,0,92,176
08/19/2023,FDK,MD,AEA,EN,Federal Contract Tower,0,0,11,0,11,0,5,171,0,176,0,5,182,0,187,174,0,174,361
08/20/2023,FDK,MD,AEA,EN,Federal Contract Tower,0,1,23,0,24,0,6,132,0,138,0,7,155,0,162,182,2,184,346
08/21/2023,FDK,MD,AEA,EN,Federal Contract Tower,0,4,13,0,17,0,12,139,0,151,0,16,152,0,168,270,0,270,438
08/22/2023,FDK,MD,AEA,EN,Federal Contract Tower,0,0,5,0,5,0,0,124,0,124,0,0,129,0,129,250,0,250,379
08/23/2023,FDK,MD,AEA,EN,Federal Contract Tower,0,0,11,0,11,0,1,126,0,127,0,1,137,0,138,328,0,328,466
08/24/2023,FDK,MD,AEA,EN,Federal Contract Tower,0,0,10,0,10,0,1,71,0,72,0,1,81,0,82,298,0,298,380
08/25/2023,FDK,MD,AEA,EN,Federal Contract Tower,0,0,6,0,6,0,0,89,0,89,0,0,95,0,95,210,0,210,305
08/26/2023,FDK,MD,AEA,EN,Federal Contract Tower,0,0,17,0,17,0,2,145,0,147,0,2,162,0,164,208,0,208,372
08/27/2023,FDK,MD,AEA,EN,Federal Contract Tower,0,2,6,0,8,0,0,145,0,145,0,2,151,0,153,168,0,168,321
08/28/2023,FDK,MD,AEA,EN,Federal Contract Tower,0,3,16,2,21,0,4,58,0,62,0,7,74,2,83,242,0,242,325
08/29/2023,FDK,MD,AEA,EN,Federal Contract Tower,0,0,19,0,19,0,0,44,0,44,0,0,63,0,63,54,0,54,117
08/30/2023,FDK,MD,AEA,EN,Federal Contract Tower,0,0,13,0,13,0,2,102,0,104,0,2,115,0,117,232,0,232,349
08/31/2023,FDK,MD,AEA,EN,Federal Contract Tower,0,0,16,0,16,0,3,92,0,95,0,3,108,0,111,166,0,166,277
