01/01/2020,FFZ,AZ,AWP,WE,Towers with Radar,0,2,8,0,10,0,3,124,0,127,0,5,132,0,137,143,0,143,280
01/02/2020,FFZ,AZ,AWP,WE,Towers with Radar,0,14,8,0,22,0,242,148,6,396,0,256,156,6,418,789,0,789,1207
01/03/2020,FFZ,AZ,AWP,WE,Towers with Radar,0,9,8,0,17,0,248,187,5,440,0,257,195,5,457,839,0,839,1296
01/04/2020,FFZ,AZ,AWP,WE,Towers with Radar,0,12,6,0,18,0,219,202,0,421,0,231,208,0,439,937,0,937,1376
01/05/2020,FFZ,AZ,AWP,WE,Towers with Radar,0,10,11,0,21,0,191,145,1,337,0,201,156,1,358,859,0,859,1217
01/06/2020,FFZ,AZ,AWP,WE,Towers with Radar,0,8,15,0,23,0,196,152,1,349,0,204,167,1,372,592,0,592,964
01/07/2020,FFZ,AZ,AWP,WE,Towers with Radar,0,11,10,0,21,0,243,125,7,375,0,254,135,7,396,801,0,801,1197
01/08/2020,FFZ,AZ,AWP,WE,Towers with Radar,0,7,12,0,19,0,248,179,9,436,0,255,191,9,455,746,0,746,1201
01/09/2020,FFZ,AZ,AWP,WE,Towers with Radar,0,16,11,0,27,0,271,157,15,443,0,287,168,15,470,779,25,804,1274
01/10/2020,FFZ,AZ,AWP,WE,Towers with Radar,0,11,12,0,23,0,287,193,2,482,0,298,205,2,505,700,22,722,1227
01/11/2020,FFZ,AZ,AWP,WE,Towers with Radar,0,9,7,1,17,0,209,163,0,372,0,218,170,1,389,553,0,553,942
01/12/2020,FFZ,AZ,AWP,WE,Towers with Radar,0,7,14,0,21,0,239,131,0,370,0,246,145,0,391,732,0,732,1123
01/13/2020,FFZ,AZ,AWP,WE,Towers with Radar,0,15,16,0,31,0,220,163,10,393,0,235,179,10,424,604,0,604,1028
01/14/2020,FFZ,AZ,AWP,WE,Towers with Radar,0,15,4,0,19,0,237,152,19,408,0,252,156,19,427,568,0,568,995
01/15/2020,FFZ,AZ,AWP,WE,Towers with Radar,0,14,13,0,27,0,289,161,7,457,0,303,174,7,484,770,0,770,1254
01/16/2020,FFZ,AZ,AWP,WE,Towers with Radar,0,9,12,0,21,0,207,105,5,317,0,216,117,5,338,432,0,432,770
01/17/2020,FFZ,AZ,AWP,WE,Towers with Radar,0,15,14,0,29,0,221,174,3,398,0,236,188,3,427,937,0,937,1364
01/18/2020,FFZ,AZ,AWP,WE,Towers with Radar,0,11,9,0,20,0,238,214,3,455,0,249,223,3,475,644,0,644,1119
01/19/2020,FFZ,AZ,AWP,WE,Towers with Radar,0,13,10,0,23,0,204,137,0,341,0,217,147,0,364,515,0,515,879
01/20/2020,FFZ,AZ,AWP,WE,Towers with Radar,0,6,11,0,17,0,214,140,1,355,0,220,151,1,372,699,0,699,1071
01/21/2020,FFZ,AZ,AWP,WE,Towers with Radar,0,18,9,0,27,0,48,26,4,78,0,66,35,4,105,342,0,342,447
01/22/2020,FFZ,AZ,AWP,WE,Towers with Radar,0,22,7,0,29,0,108,121,12,241,0,130,128,12,270,659,20,679,949
01/23/2020,FFZ,AZ,AWP,WE,Towers with Radar,0,10,17,0,27,0,299,216,2,517,0,309,233,2,544,787,0,787,1331
01/24/2020,FFZ,AZ,AWP,WE,Towers with Radar,0,15,13,0,28,0,276,172,5,453,0,291,185,5,481,820,18,838,1319
01/25/2020,FFZ,AZ,AWP,WE,Towers with Radar,0,5,10,0,15,0,240,191,0,431,0,245,201,0,446,652,0,652,1098
01/26/2020,FFZ,AZ,AWP,WE,Towers with Radar,0,6,13,0,19,0,246,159,0,405,0,252,172,0,424,656,0,656,1080
01/27/2020,FFZ,AZ,AWP,WE,Towers with Radar,0,11,10,0,21,0,242,116,5,363,0,253,126,5,384,197,0,197,581
01/28/2020,FFZ,AZ,AWP,WE,Towers with Radar,0,19,19,0,38,0,288,152,10,450,0,307,171,10,488,694,0,694,1182
01/29/2020,FFZ,AZ,AWP,WE,Towers with Radar,0,17,11,1,29,0,275,111,6,392,0,292,122,7,421,723,6,729,1150
01/30/2020,FFZ,AZ,AWP,WE,Towers with Radar,0,15,11,0,26,0,278,148,4,430,0,293,159,4,456,728,1,729,1185
01/31/2020,FFZ,AZ,AWP,WE,Towers with Radar,0,15,6,0,21,0,278,182,2,462,0,293,188,2,483,810,2,812,1295
02/01/2020,FFZ,AZ,AWP,CE,Towers with Radar,0,11,7,0,18,0,275,183,0,458,0,286,190,0,476,164,0,164,640
02/02/2020,FFZ,AZ,AWP,CE,Towers with Radar,0,8,7,0,15,0,235,148,0,383,0,243,155,0,398,653,0,653,1051
02/03/2020,FFZ,AZ,AWP,CE,Towers with Radar,0,7,14,0,21,0,211,54,2,267,0,218,68,2,288,594,0,594,882
02/04/2020,FFZ,AZ,AWP,CE,Towers with Radar,0,6,6,0,12,0,270,142,7,419,0,276,148,7,431,758,2,760,1191
02/05/2020,FFZ,AZ,AWP,CE,Towers with Radar,0,6,10,0,16,0,285,165,6,456,0,291,175,6,472,774,0,774,1246
02/06/2020,FFZ,AZ,AWP,CE,Towers with Radar,0,10,14,1,25,0,316,175,9,500,0,326,189,10,525,93,0,93,618
02/07/2020,FFZ,AZ,AWP,CE,Towers with Radar,0,14,6,0,20,0,284,171,9,464,0,298,177,9,484,738,0,738,1222
02/08/2020,FFZ,AZ,AWP,CE,Towers with Radar,0,12,8,0,20,0,226,190,1,417,0,238,198,1,437,690,0,690,1127
02/09/2020,FFZ,AZ,AWP,CE,Towers with Radar,0,13,6,0,19,0,209,135,2,346,0,222,141,2,365,519,0,519,884
02/10/2020,FFZ,AZ,AWP,CE,Towers with Radar,0,5,8,0,13,0,198,114,0,312,0,203,122,0,325,815,0,815,1140
02/11/2020,FFZ,AZ,AWP,CE,Towers with Radar,0,13,8,0,21,0,137,78,0,215,0,150,86,0,236,644,0,644,880
02/12/2020,FFZ,AZ,AWP,CE,Towers with Radar,0,14,12,0,26,0,304,202,5,511,0,318,214,5,537,802,0,802,1339
02/13/2020,FFZ,AZ,AWP,CE,Towers with Radar,0,14,14,0,28,0,283,199,10,492,0,297,213,10,520,642,0,642,1162
02/14/2020,FFZ,AZ,AWP,CE,Towers with Radar,0,8,6,0,14,0,318,219,6,543,0,326,225,6,557,293,0,293,850
02/15/2020,FFZ,AZ,AWP,CE,Towers with Radar,0,11,6,0,17,0,268,218,1,487,0,279,224,1,504,671,0,671,1175
02/16/2020,FFZ,AZ,AWP,CE,Towers with Radar,0,2,6,0,8,0,209,140,0,349,0,211,146,0,357,702,0,702,1059
02/17/2020,FFZ,AZ,AWP,CE,Towers with Radar,0,6,10,0,16,0,247,199,1,447,0,253,209,1,463,728,0,728,1191
02/18/2020,FFZ,AZ,AWP,CE,Towers with Radar,0,12,11,0,23,0,281,182,7,470,0,293,193,7,493,659,0,659,1152
02/19/2020,FFZ,AZ,AWP,CE,Towers with Radar,0,13,15,0,28,0,211,138,14,363,0,224,153,14,391,281,0,281,672
02/20/2020,FFZ,AZ,AWP,CE,Towers with Radar,0,7,13,0,20,0,326,197,0,523,0,333,210,0,543,742,0,742,1285
02/21/2020,FFZ,AZ,AWP,CE,Towers with Radar,0,8,8,0,16,0,245,175,10,430,0,253,183,10,446,243,0,243,689
02/22/2020,FFZ,AZ,AWP,CE,Towers with Radar,0,4,8,0,12,0,2,1,0,3,0,6,9,0,15,20,0,20,35
02/23/2020,FFZ,AZ,AWP,CE,Towers with Radar,0,16,15,0,31,0,229,145,2,376,0,245,160,2,407,686,0,686,1093
02/24/2020,FFZ,AZ,AWP,CE,Towers with Radar,0,18,14,0,32,0,281,176,7,464,0,299,190,7,496,667,0,667,1163
02/25/2020,FFZ,AZ,AWP,CE,Towers with Radar,0,7,11,0,18,0,203,103,9,315,0,210,114,9,333,418,0,418,751
02/26/2020,FFZ,AZ,AWP,CE,Towers with Radar,0,11,7,0,18,0,306,175,10,491,0,317,182,10,509,140,0,140,649
02/27/2020,FFZ,AZ,AWP,CE,Towers with Radar,0,7,12,0,19,0,331,194,8,533,0,338,206,8,552,632,0,632,1184
02/28/2020,FFZ,AZ,AWP,CE,Towers with Radar,0,16,13,0,29,0,288,171,9,468,0,304,184,9,497,686,0,686,1183
02/29/2020,FFZ,AZ,AWP,CE,Towers with Radar,0,8,6,0,14,0,266,195,0,461,0,274,201,0,475,578,0,578,1053
03/01/2020,FFZ,AZ,AWP,CE,Towers with Radar,0,6,12,0,18,0,236,131,0,367,0,242,143,0,385,454,0,454,839
03/02/2020,FFZ,AZ,AWP,CE,Towers with Radar,0,8,8,0,16,0,296,120,2,418,0,304,128,2,434,646,0,646,1080
03/03/2020,FFZ,AZ,AWP,CE,Towers with Radar,0,10,7,0,17,0,312,172,1,485,0,322,179,1,502,785,0,785,1287
03/04/2020,FFZ,AZ,AWP,CE,Towers with Radar,0,8,7,0,15,0,269,201,3,473,0,277,208,3,488,891,0,891,1379
03/05/2020,FFZ,AZ,AWP,CE,Towers with Radar,0,10,10,0,20,0,308,182,3,493,0,318,192,3,513,602,10,612,1125
03/06/2020,FFZ,AZ,AWP,CE,Towers with Radar,0,12,10,0,22,0,239,194,13,446,0,251,204,13,468,599,0,599,1067
03/07/2020,FFZ,AZ,AWP,CE,Towers with Radar,0,12,6,0,18,0,200,180,8,388,0,212,186,8,406,527,0,527,933
03/08/2020,FFZ,AZ,AWP,CE,Towers with Radar,0,8,16,0,24,0,250,162,2,414,0,258,178,2,438,646,0,646,1084
03/09/2020,FFZ,AZ,AWP,CE,Towers with Radar,0,7,13,0,20,0,297,159,16,472,0,304,172,16,492,660,0,660,1152
03/10/2020,FFZ,AZ,AWP,CE,Towers with Radar,0,8,9,0,17,0,156,75,10,241,0,164,84,10,258,673,4,677,935
03/11/2020,FFZ,AZ,AWP,CE,Towers with Radar,0,33,11,0,44,0,20,15,0,35,0,53,26,0,79,140,0,140,219
03/12/2020,FFZ,AZ,AWP,CE,Towers with Radar,0,7,11,0,18,0,34,32,7,73,0,41,43,7,91,424,0,424,515
03/13/2020,FFZ,AZ,AWP,CE,Towers with Radar,0,4,7,0,11,0,95,60,2,157,0,99,67,2,168,689,0,689,857
03/14/2020,FFZ,AZ,AWP,CE,Towers with Radar,0,11,9,0,20,0,279,214,5,498,0,290,223,5,518,713,0,713,1231
03/15/2020,FFZ,AZ,AWP,CE,Towers with Radar,0,10,13,0,23,0,261,148,0,409,0,271,161,0,432,588,0,588,1020
03/16/2020,FFZ,AZ,AWP,CE,Towers with Radar,0,11,6,0,17,0,273,159,10,442,0,284,165,10,459,616,0,616,1075
03/17/2020,FFZ,AZ,AWP,CE,Towers with Radar,0,11,10,0,21,0,274,130,7,411,0,285,140,7,432,680,0,680,1112
03/18/2020,FFZ,AZ,AWP,CE,Towers with Radar,0,7,9,0,16,0,74,29,1,104,0,81,38,1,120,275,0,275,395
03/19/2020,FFZ,AZ,AWP,CE,Towers with Radar,0,19,7,0,26,0,134,88,3,225,0,153,95,3,251,586,0,586,837
03/20/2020,FFZ,AZ,AWP,CE,Towers with Radar,0,11,9,0,20,0,275,206,11,492,0,286,215,11,512,750,0,750,1262
03/21/2020,FFZ,AZ,AWP,CE,Towers with Radar,0,7,7,0,14,0,221,191,5,417,0,228,198,5,431,695,0,695,1126
03/22/2020,FFZ,AZ,AWP,CE,Towers with Radar,0,14,3,0,17,0,230,152,0,382,0,244,155,0,399,662,0,662,1061
03/23/2020,FFZ,AZ,AWP,CE,Towers with Radar,0,9,8,0,17,0,239,101,6,346,0,248,109,6,363,611,2,613,976
03/24/2020,FFZ,AZ,AWP,CE,Towers with Radar,0,13,15,1,29,0,320,139,14,473,0,333,154,15,502,573,0,573,1075
03/25/2020,FFZ,AZ,AWP,CE,Towers with Radar,0,13,13,0,26,0,326,139,7,472,0,339,152,7,498,708,0,708,1206
03/26/2020,FFZ,AZ,AWP,CE,Towers with Radar,0,18,9,0,27,0,281,144,6,431,0,299,153,6,458,561,0,561,1019
03/27/2020,FFZ,AZ,AWP,CE,Towers with Radar,0,7,8,0,15,0,267,79,4,350,0,274,87,4,365,305,0,305,670
03/28/2020,FFZ,AZ,AWP,CE,Towers with Radar,0,10,13,0,23,0,221,195,9,425,0,231,208,9,448,408,0,408,856
03/29/2020,FFZ,AZ,AWP,CE,Towers with Radar,0,4,5,0,9,0,217,101,1,319,0,221,106,1,328,347,0,347,675
03/30/2020,FFZ,AZ,AWP,CE,Towers with Radar,0,12,6,0,18,0,223,132,4,359,0,235,138,4,377,443,0,443,820
03/31/2020,FFZ,AZ,AWP,CE,Towers with Radar,0,6,10,0,16,0,261,147,4,412,0,267,157,4,428,486,0,486,914
04/01/2020,FFZ,AZ,AWP,CE,Towers with Radar,0,8,6,0,14,0,251,96,0,347,0,259,102,0,361,432,0,432,793
04/02/2020,FFZ,AZ,AWP,CE,Towers with Radar,0,4,3,0,7,0,214,108,3,325,0,218,111,3,332,515,0,515,847
04/03/2020,FFZ,AZ,AWP,CE,Towers with Radar,0,6,5,0,11,0,220,142,1,363,0,226,147,1,374,517,0,517,891
04/04/2020,FFZ,AZ,AWP,CE,Towers with Radar,0,2,7,0,9,0,91,132,4,227,0,93,139,4,236,417,0,417,653
04/05/2020,FFZ,AZ,AWP,CE,Towers with Radar,0,8,0,0,8,0,107,85,0,192,0,115,85,0,200,375,0,375,575
04/06/2020,FFZ,AZ,AWP,CE,Towers with Radar,0,13,5,0,18,0,140,109,10,259,0,153,114,10,277,385,0,385,662
04/07/2020,FFZ,AZ,AWP,CE,Towers with Radar,0,12,2,0,14,0,142,101,8,251,0,154,103,8,265,547,0,547,812
04/08/2020,FFZ,AZ,AWP,CE,Towers with Radar,0,5,3,0,8,0,79,63,8,150,0,84,66,8,158,177,0,177,335
04/09/2020,FFZ,AZ,AWP,CE,Towers with Radar,0,4,3,0,7,0,174,141,6,321,0,178,144,6,328,431,0,431,759
04/10/2020,FFZ,AZ,AWP,CE,Towers with Radar,0,27,29,0,56,0,176,106,6,288,0,203,135,6,344,421,0,421,765
04/11/2020,FFZ,AZ,AWP,CE,Towers with Radar,0,2,3,0,5,0,72,100,5,177,0,74,103,5,182,490,0,490,672
04/12/2020,FFZ,AZ,AWP,CE,Towers with Radar,0,5,1,0,6,0,109,73,0,182,0,114,74,0,188,301,0,301,489
04/13/2020,FFZ,AZ,AWP,CE,Towers with Radar,0,9,10,0,19,0,170,76,1,247,0,179,86,1,266,395,0,395,661
04/14/2020,FFZ,AZ,AWP,CE,Towers with Radar,0,14,6,0,20,0,211,118,6,335,0,225,124,6,355,325,0,325,680
04/15/2020,FFZ,AZ,AWP,CE,Towers with Radar,0,10,7,0,17,0,203,147,6,356,0,213,154,6,373,629,3,632,1005
04/16/2020,FFZ,AZ,AWP,CE,Towers with Radar,0,14,11,0,25,0,203,145,8,356,0,217,156,8,381,452,3,455,836
04/17/2020,FFZ,AZ,AWP,CE,Towers with Radar,0,8,5,0,13,0,161,84,10,255,0,169,89,10,268,339,0,339,607
04/18/2020,FFZ,AZ,AWP,CE,Towers with Radar,0,21,12,0,33,0,153,129,4,286,0,174,141,4,319,325,0,325,644
04/19/2020,FFZ,AZ,AWP,CE,Towers with Radar,0,7,6,0,13,0,176,112,0,288,0,183,118,0,301,359,0,359,660
04/20/2020,FFZ,AZ,AWP,CE,Towers with Radar,0,4,10,0,14,0,203,104,2,309,0,207,114,2,323,427,0,427,750
04/21/2020,FFZ,AZ,AWP,CE,Towers with Radar,0,10,5,0,15,0,131,98,4,233,0,141,103,4,248,342,0,342,590
04/22/2020,FFZ,AZ,AWP,CE,Towers with Radar,0,13,2,0,15,0,162,115,4,281,0,175,117,4,296,442,0,442,738
04/23/2020,FFZ,AZ,AWP,CE,Towers with Radar,0,5,5,0,10,0,165,141,4,310,0,170,146,4,320,305,1,306,626
04/24/2020,FFZ,AZ,AWP,CE,Towers with Radar,0,10,1,0,11,0,174,136,2,312,0,184,137,2,323,640,0,640,963
04/25/2020,FFZ,AZ,AWP,CE,Towers with Radar,0,9,11,0,20,0,158,186,13,357,0,167,197,13,377,357,0,357,734
04/26/2020,FFZ,AZ,AWP,CE,Towers with Radar,0,6,5,0,11,0,149,130,2,281,0,155,135,2,292,313,0,313,605
04/27/2020,FFZ,AZ,AWP,CE,Towers with Radar,0,1,9,0,10,0,190,111,0,301,0,191,120,0,311,442,0,442,753
04/28/2020,FFZ,AZ,AWP,CE,Towers with Radar,0,8,9,0,17,0,179,126,4,309,0,187,135,4,326,563,0,563,889
04/29/2020,FFZ,AZ,AWP,CE,Towers with Radar,0,6,3,0,9,0,172,108,10,290,0,178,111,10,299,427,0,427,726
04/30/2020,FFZ,AZ,AWP,CE,Towers with Radar,0,7,7,0,14,0,172,148,5,325,0,179,155,5,339,357,0,357,696
05/01/2020,FFZ,AZ,AWP,CE,Towers with Radar,0,5,10,0,15,0,149,118,11,278,0,154,128,11,293,453,0,453,746
05/02/2020,FFZ,AZ,AWP,CE,Towers with Radar,0,5,9,0,14,0,128,156,1,285,0,133,165,1,299,360,0,360,659
05/03/2020,FFZ,AZ,AWP,CE,Towers with Radar,0,9,5,0,14,0,162,121,0,283,0,171,126,0,297,281,0,281,578
05/04/2020,FFZ,AZ,AWP,CE,Towers with Radar,0,13,4,0,17,0,182,103,7,292,0,195,107,7,309,441,0,441,750
05/05/2020,FFZ,AZ,AWP,CE,Towers with Radar,0,8,5,0,13,0,116,103,0,219,0,124,108,0,232,353,0,353,585
05/06/2020,FFZ,AZ,AWP,CE,Towers with Radar,0,12,7,0,19,0,199,160,5,364,0,211,167,5,383,637,0,637,1020
05/07/2020,FFZ,AZ,AWP,CE,Towers with Radar,0,9,11,0,20,0,183,149,5,337,0,192,160,5,357,408,0,408,765
05/08/2020,FFZ,AZ,AWP,CE,Towers with Radar,0,5,8,0,13,0,189,167,13,369,0,194,175,13,382,258,0,258,640
05/09/2020,FFZ,AZ,AWP,CE,Towers with Radar,0,1,6,0,7,0,116,162,5,283,0,117,168,5,290,397,0,397,687
05/10/2020,FFZ,AZ,AWP,CE,Towers with Radar,1,5,5,0,11,0,66,69,1,136,1,71,74,1,147,322,0,322,469
05/11/2020,FFZ,AZ,AWP,CE,Towers with Radar,0,11,9,0,20,0,163,117,2,282,0,174,126,2,302,471,0,471,773
05/12/2020,FFZ,AZ,AWP,CE,Towers with Radar,0,10,6,0,16,0,269,126,3,398,0,279,132,3,414,451,0,451,865
05/13/2020,FFZ,AZ,AWP,CE,Towers with Radar,0,11,9,0,20,0,214,152,2,368,0,225,161,2,388,441,0,441,829
05/14/2020,FFZ,AZ,AWP,CE,Towers with Radar,0,10,12,2,24,0,234,159,10,403,0,244,171,12,427,469,0,469,896
05/15/2020,FFZ,AZ,AWP,CE,Towers with Radar,0,3,8,0,11,0,192,159,15,366,0,195,167,15,377,657,0,657,1034
05/16/2020,FFZ,AZ,AWP,CE,Towers with Radar,0,7,5,0,12,0,172,176,7,355,0,179,181,7,367,353,0,353,720
05/17/2020,FFZ,AZ,AWP,CE,Towers with Radar,0,6,3,0,9,0,171,135,0,306,0,177,138,0,315,495,0,495,810
05/18/2020,FFZ,AZ,AWP,CE,Towers with Radar,0,6,10,0,16,0,184,116,4,304,0,190,126,4,320,341,0,341,661
05/19/2020,FFZ,AZ,AWP,CE,Towers with Radar,0,8,8,0,16,0,141,127,8,276,0,149,135,8,292,307,0,307,599
05/20/2020,FFZ,AZ,AWP,CE,Towers with Radar,0,7,8,0,15,0,260,170,6,436,0,267,178,6,451,591,0,591,1042
05/21/2020,FFZ,AZ,AWP,CE,Towers with Radar,0,10,6,0,16,0,246,142,9,397,0,256,148,9,413,584,0,584,997
05/22/2020,FFZ,AZ,AWP,CE,Towers with Radar,0,6,5,0,11,0,183,141,4,328,0,189,146,4,339,454,0,454,793
05/23/2020,FFZ,AZ,AWP,CE,Towers with Radar,0,4,6,0,10,0,173,186,10,369,0,177,192,10,379,357,0,357,736
05/24/2020,FFZ,AZ,AWP,CE,Towers with Radar,0,5,4,0,9,0,177,117,0,294,0,182,121,0,303,296,0,296,599
05/25/2020,FFZ,AZ,AWP,CE,Towers with Radar,0,4,2,0,6,0,161,169,0,330,0,165,171,0,336,456,0,456,792
05/26/2020,FFZ,AZ,AWP,CE,Towers with Radar,0,14,7,0,21,0,224,134,9,367,0,238,141,9,388,435,0,435,823
05/27/2020,FFZ,AZ,AWP,CE,Towers with Radar,0,3,8,0,11,0,260,160,6,426,0,263,168,6,437,485,0,485,922
05/28/2020,FFZ,AZ,AWP,CE,Towers with Radar,0,8,7,1,16,0,207,137,6,350,0,215,144,7,366,393,0,393,759
05/29/2020,FFZ,AZ,AWP,CE,Towers with Radar,0,6,9,0,15,0,166,117,11,294,0,172,126,11,309,347,0,347,656
05/30/2020,FFZ,AZ,AWP,CE,Towers with Radar,0,9,14,0,23,0,141,126,3,270,0,150,140,3,293,281,0,281,574
05/31/2020,FFZ,AZ,AWP,CE,Towers with Radar,0,7,6,0,13,0,152,124,5,281,0,159,130,5,294,364,0,364,658
06/01/2020,FFZ,AZ,AWP,CE,Towers with Radar,0,5,8,0,13,0,195,138,8,341,0,200,146,8,354,366,0,366,720
06/02/2020,FFZ,AZ,AWP,CE,Towers with Radar,0,13,9,0,22,0,198,130,7,335,0,211,139,7,357,670,0,670,1027
06/03/2020,FFZ,AZ,AWP,CE,Towers with Radar,0,13,6,0,19,0,194,163,2,359,0,207,169,2,378,458,0,458,836
06/04/2020,FFZ,AZ,AWP,CE,Towers with Radar,0,10,8,0,18,0,217,128,1,346,0,227,136,1,364,465,0,465,829
06/05/2020,FFZ,AZ,AWP,CE,Towers with Radar,0,10,7,0,17,0,197,135,15,347,0,207,142,15,364,490,0,490,854
06/06/2020,FFZ,AZ,AWP,CE,Towers with Radar,0,10,7,0,17,0,173,189,10,372,0,183,196,10,389,285,0,285,674
06/07/2020,FFZ,AZ,AWP,CE,Towers with Radar,0,6,2,0,8,0,170,133,1,304,0,176,135,1,312,326,0,326,638
06/08/2020,FFZ,AZ,AWP,CE,Towers with Radar,0,11,12,0,23,0,164,108,3,275,0,175,120,3,298,304,0,304,602
06/09/2020,FFZ,AZ,AWP,CE,Towers with Radar,0,8,4,0,12,0,324,153,4,481,0,332,157,4,493,520,0,520,1013
06/10/2020,FFZ,AZ,AWP,CE,Towers with Radar,0,3,14,0,17,0,242,167,2,411,0,245,181,2,428,500,0,500,928
06/11/2020,FFZ,AZ,AWP,CE,Towers with Radar,0,6,8,0,14,0,224,170,12,406,0,230,178,12,420,477,0,477,897
06/12/2020,FFZ,AZ,AWP,CE,Towers with Radar,0,13,5,0,18,0,167,138,9,314,0,180,143,9,332,373,0,373,705
06/13/2020,FFZ,AZ,AWP,CE,Towers with Radar,0,2,6,0,8,0,119,120,0,239,0,121,126,0,247,307,0,307,554
06/14/2020,FFZ,AZ,AWP,CE,Towers with Radar,0,3,3,0,6,0,146,133,0,279,0,149,136,0,285,343,0,343,628
06/15/2020,FFZ,AZ,AWP,CE,Towers with Radar,0,8,6,0,14,0,172,126,4,302,0,180,132,4,316,293,0,293,609
06/16/2020,FFZ,AZ,AWP,CE,Towers with Radar,0,9,6,0,15,0,200,131,6,337,0,209,137,6,352,395,0,395,747
06/17/2020,FFZ,AZ,AWP,CE,Towers with Radar,0,8,9,0,17,0,223,157,5,385,0,231,166,5,402,381,0,381,783
06/18/2020,FFZ,AZ,AWP,CE,Towers with Radar,0,16,11,0,27,0,226,196,16,438,0,242,207,16,465,437,0,437,902
06/19/2020,FFZ,AZ,AWP,CE,Towers with Radar,0,3,6,0,9,0,244,169,12,425,0,247,175,12,434,383,0,383,817
06/20/2020,FFZ,AZ,AWP,CE,Towers with Radar,0,11,17,0,28,0,152,301,7,460,0,163,318,7,488,332,0,332,820
06/21/2020,FFZ,AZ,AWP,CE,Towers with Radar,0,9,10,0,19,0,146,122,0,268,0,155,132,0,287,211,0,211,498
06/22/2020,FFZ,AZ,AWP,CE,Towers with Radar,0,5,4,0,9,0,168,87,3,258,0,173,91,3,267,49,0,49,316
06/23/2020,FFZ,AZ,AWP,CE,Towers with Radar,0,7,5,0,12,0,155,97,10,262,0,162,102,10,274,14,0,14,288
06/24/2020,FFZ,AZ,AWP,CE,Towers with Radar,0,7,5,0,12,0,177,94,6,277,0,184,99,6,289,14,0,14,303
06/25/2020,FFZ,AZ,AWP,CE,Towers with Radar,0,2,4,0,6,0,176,118,1,295,0,178,122,1,301,38,0,38,339
06/26/2020,FFZ,AZ,AWP,CE,Towers with Radar,0,9,7,1,17,0,165,103,7,275,0,174,110,8,292,60,0,60,352
06/27/2020,FFZ,AZ,AWP,CE,Towers with Radar,0,5,4,0,9,0,106,100,3,209,0,111,104,3,218,59,0,59,277
06/28/2020,FFZ,AZ,AWP,CE,Towers with Radar,0,5,7,0,12,0,96,93,0,189,0,101,100,0,201,2,0,2,203
06/29/2020,FFZ,AZ,AWP,CE,Towers with Radar,0,2,3,0,5,0,105,86,7,198,0,107,89,7,203,81,0,81,284
06/30/2020,FFZ,AZ,AWP,CE,Towers with Radar,0,7,4,0,11,0,183,93,13,289,0,190,97,13,300,168,0,168,468
07/01/2020,FFZ,AZ,AWP,CE,Towers with Radar,0,11,4,0,15,0,190,106,8,304,0,201,110,8,319,97,0,97,416
07/02/2020,FFZ,AZ,AWP,CE,Towers with Radar,0,8,4,0,12,0,180,116,5,301,0,188,120,5,313,144,0,144,457
07/03/2020,FFZ,AZ,AWP,CE,Towers with Radar,0,7,0,0,7,0,160,104,0,264,0,167,104,0,271,138,0,138,409
07/04/2020,FFZ,AZ,AWP,CE,Towers with Radar,0,12,1,0,13,0,94,100,0,194,0,106,101,0,207,148,0,148,355
07/05/2020,FFZ,AZ,AWP,CE,Towers with Radar,0,3,5,0,8,0,106,108,0,214,0,109,113,0,222,161,0,161,383
07/06/2020,FFZ,AZ,AWP,CE,Towers with Radar,0,9,6,0,15,0,171,101,9,281,0,180,107,9,296,231,0,231,527
07/07/2020,FFZ,AZ,AWP,CE,Towers with Radar,0,13,7,0,20,0,192,111,16,319,0,205,118,16,339,361,0,361,700
07/08/2020,FFZ,AZ,AWP,CE,Towers with Radar,0,9,5,0,14,0,211,129,17,357,0,220,134,17,371,354,0,354,725
07/09/2020,FFZ,AZ,AWP,CE,Towers with Radar,0,10,2,0,12,0,193,129,12,334,0,203,131,12,346,386,0,386,732
07/10/2020,FFZ,AZ,AWP,CE,Towers with Radar,0,10,2,0,12,0,198,131,10,339,0,208,133,10,351,377,0,377,728
07/11/2020,FFZ,AZ,AWP,CE,Towers with Radar,0,2,2,0,4,0,115,93,3,211,0,117,95,3,215,210,0,210,425
07/12/2020,FFZ,AZ,AWP,CE,Towers with Radar,0,11,3,0,14,0,119,111,0,230,0,130,114,0,244,186,0,186,430
07/13/2020,FFZ,AZ,AWP,CE,Towers with Radar,0,7,6,0,13,0,130,65,1,196,0,137,71,1,209,342,0,342,551
07/14/2020,FFZ,AZ,AWP,CE,Towers with Radar,0,16,8,0,24,0,246,136,6,388,0,262,144,6,412,322,0,322,734
07/15/2020,FFZ,AZ,AWP,CE,Towers with Radar,0,11,4,0,15,0,209,132,9,350,0,220,136,9,365,391,0,391,756
07/16/2020,FFZ,AZ,AWP,CE,Towers with Radar,0,11,5,0,16,0,211,131,4,346,0,222,136,4,362,368,0,368,730
07/17/2020,FFZ,AZ,AWP,CE,Towers with Radar,0,18,4,0,22,0,234,154,9,397,0,252,158,9,419,385,0,385,804
07/18/2020,FFZ,AZ,AWP,CE,Towers with Radar,0,8,5,0,13,0,229,160,4,393,0,237,165,4,406,331,0,331,737
07/19/2020,FFZ,AZ,AWP,CE,Towers with Radar,0,9,5,0,14,0,153,104,0,257,0,162,109,0,271,310,0,310,581
07/20/2020,FFZ,AZ,AWP,CE,Towers with Radar,0,11,8,2,21,0,216,118,6,340,0,227,126,8,361,211,0,211,572
07/21/2020,FFZ,AZ,AWP,CE,Towers with Radar,0,10,8,1,19,0,230,95,3,328,0,240,103,4,347,393,0,393,740
07/22/2020,FFZ,AZ,AWP,CE,Towers with Radar,0,10,4,0,14,0,221,135,7,363,0,231,139,7,377,392,0,392,769
07/23/2020,FFZ,AZ,AWP,CE,Towers with Radar,0,12,10,0,22,0,120,92,11,223,0,132,102,11,245,280,0,280,525
07/24/2020,FFZ,AZ,AWP,CE,Towers with Radar,0,13,6,0,19,0,202,139,9,350,0,215,145,9,369,439,0,439,808
07/25/2020,FFZ,AZ,AWP,CE,Towers with Radar,0,16,10,0,26,0,188,140,3,331,0,204,150,3,357,379,0,379,736
07/26/2020,FFZ,AZ,AWP,CE,Towers with Radar,0,5,6,0,11,0,189,125,0,314,0,194,131,0,325,298,0,298,623
07/27/2020,FFZ,AZ,AWP,CE,Towers with Radar,0,11,9,0,20,0,201,100,2,303,0,212,109,2,323,410,0,410,733
07/28/2020,FFZ,AZ,AWP,CE,Towers with Radar,0,23,7,0,30,0,210,113,7,330,0,233,120,7,360,511,0,511,871
07/29/2020,FFZ,AZ,AWP,CE,Towers with Radar,0,18,2,0,20,0,235,128,7,370,0,253,130,7,390,354,0,354,744
07/30/2020,FFZ,AZ,AWP,CE,Towers with Radar,0,16,8,0,24,0,204,99,9,312,0,220,107,9,336,321,0,321,657
07/31/2020,FFZ,AZ,AWP,CE,Towers with Radar,0,16,5,0,21,0,191,145,7,343,0,207,150,7,364,429,0,429,793
08/01/2020,FFZ,AZ,AWP,CE,Towers with Radar,0,15,6,0,21,0,145,116,1,262,0,160,122,1,283,305,0,305,588
08/02/2020,FFZ,AZ,AWP,CE,Towers with Radar,0,18,4,0,22,0,169,109,0,278,0,187,113,0,300,361,0,361,661
08/03/2020,FFZ,AZ,AWP,CE,Towers with Radar,0,16,6,0,22,0,220,111,2,333,0,236,117,2,355,377,0,377,732
08/04/2020,FFZ,AZ,AWP,CE,Towers with Radar,0,42,13,0,55,0,239,140,16,395,0,281,153,16,450,348,0,348,798
08/05/2020,FFZ,AZ,AWP,CE,Towers with Radar,0,16,10,0,26,0,247,126,10,383,0,263,136,10,409,355,0,355,764
08/06/2020,FFZ,AZ,AWP,CE,Towers with Radar,0,18,9,0,27,0,241,120,14,375,0,259,129,14,402,442,0,442,844
08/07/2020,FFZ,AZ,AWP,CE,Towers with Radar,0,26,8,0,34,0,243,165,8,416,0,269,173,8,450,498,0,498,948
08/08/2020,FFZ,AZ,AWP,CE,Towers with Radar,0,21,7,0,28,0,187,154,2,343,0,208,161,2,371,330,0,330,701
08/09/2020,FFZ,AZ,AWP,CE,Towers with Radar,0,14,8,0,22,0,149,119,0,268,0,163,127,0,290,420,0,420,710
08/10/2020,FFZ,AZ,AWP,CE,Towers with Radar,0,16,3,0,19,0,153,110,8,271,0,169,113,8,290,315,0,315,605
08/11/2020,FFZ,AZ,AWP,CE,Towers with Radar,0,19,6,0,25,0,218,149,6,373,0,237,155,6,398,344,0,344,742
08/12/2020,FFZ,AZ,AWP,CE,Towers with Radar,0,16,9,0,25,0,212,147,8,367,0,228,156,8,392,373,0,373,765
08/13/2020,FFZ,AZ,AWP,CE,Towers with Radar,0,13,10,0,23,0,200,101,14,315,0,213,111,14,338,344,0,344,682
08/14/2020,FFZ,AZ,AWP,CE,Towers with Radar,0,16,7,0,23,0,198,140,8,346,0,214,147,8,369,266,0,266,635
08/15/2020,FFZ,AZ,AWP,CE,Towers with Radar,0,14,7,0,21,0,175,142,4,321,0,189,149,4,342,342,0,342,684
08/16/2020,FFZ,AZ,AWP,CE,Towers with Radar,0,5,5,0,10,0,142,95,0,237,0,147,100,0,247,264,0,264,511
08/17/2020,FFZ,AZ,AWP,CE,Towers with Radar,0,12,4,0,16,0,201,92,13,306,0,213,96,13,322,275,0,275,597
08/18/2020,FFZ,AZ,AWP,CE,Towers with Radar,0,10,10,0,20,0,230,125,5,360,0,240,135,5,380,425,0,425,805
08/19/2020,FFZ,AZ,AWP,CE,Towers with Radar,0,15,8,0,23,0,230,106,9,345,0,245,114,9,368,527,0,527,895
08/20/2020,FFZ,AZ,AWP,CE,Towers with Radar,0,10,9,0,19,0,171,122,11,304,0,181,131,11,323,385,0,385,708
08/21/2020,FFZ,AZ,AWP,CE,Towers with Radar,0,18,5,0,23,0,207,147,5,359,0,225,152,5,382,491,0,491,873
08/22/2020,FFZ,AZ,AWP,CE,Towers with Radar,0,18,6,0,24,0,169,164,4,337,0,187,170,4,361,299,0,299,660
08/23/2020,FFZ,AZ,AWP,CE,Towers with Radar,2,12,6,0,20,0,152,102,1,255,2,164,108,1,275,285,0,285,560
08/24/2020,FFZ,AZ,AWP,CE,Towers with Radar,0,10,4,0,14,0,144,158,2,304,0,154,162,2,318,351,0,351,669
08/25/2020,FFZ,AZ,AWP,CE,Towers with Radar,0,14,6,0,20,0,191,109,6,306,0,205,115,6,326,334,0,334,660
08/26/2020,FFZ,AZ,AWP,CE,Towers with Radar,0,17,10,0,27,0,225,127,9,361,0,242,137,9,388,543,0,543,931
08/27/2020,FFZ,AZ,AWP,CE,Towers with Radar,0,17,11,0,28,0,212,145,7,364,0,229,156,7,392,541,0,541,933
08/28/2020,FFZ,AZ,AWP,CE,Towers with Radar,0,18,5,0,23,0,191,142,6,339,0,209,147,6,362,510,0,510,872
08/29/2020,FFZ,AZ,AWP,CE,Towers with Radar,0,8,1,0,9,0,152,207,7,366,0,160,208,7,375,526,0,526,901
08/30/2020,FFZ,AZ,AWP,CE,Towers with Radar,0,13,7,0,20,0,135,168,2,305,0,148,175,2,325,415,0,415,740
08/31/2020,FFZ,AZ,AWP,CE,Towers with Radar,0,19,7,0,26,0,187,147,5,339,0,206,154,5,365,386,0,386,751
09/01/2020,FFZ,AZ,AWP,CE,Towers with Radar,0,23,17,0,40,0,238,120,4,362,0,261,137,4,402,521,0,521,923
09/02/2020,FFZ,AZ,AWP,CE,Towers with Radar,0,22,7,0,29,0,230,160,9,399,0,252,167,9,428,455,0,455,883
09/03/2020,FFZ,AZ,AWP,CE,Towers with Radar,0,12,9,0,21,0,249,142,4,395,0,261,151,4,416,429,0,429,845
09/04/2020,FFZ,AZ,AWP,CE,Towers with Radar,0,13,6,0,19,0,171,135,4,310,0,184,141,4,329,414,0,414,743
09/05/2020,FFZ,AZ,AWP,CE,Towers with Radar,0,5,1,0,6,0,115,155,3,273,0,120,156,3,279,255,0,255,534
09/06/2020,FFZ,AZ,AWP,CE,Towers with Radar,0,13,3,0,16,0,150,90,0,240,0,163,93,0,256,307,0,307,563
09/07/2020,FFZ,AZ,AWP,CE,Towers with Radar,0,10,13,0,23,0,122,138,0,260,0,132,151,0,283,383,0,383,666
09/08/2020,FFZ,AZ,AWP,CE,Towers with Radar,0,13,9,0,22,0,140,108,9,257,0,153,117,9,279,358,0,358,637
09/09/2020,FFZ,AZ,AWP,CE,Towers with Radar,0,14,11,0,25,0,244,149,25,418,0,258,160,25,443,553,0,553,996
09/10/2020,FFZ,AZ,AWP,CE,Towers with Radar,0,17,9,0,26,0,253,187,1,441,0,270,196,1,467,513,0,513,980
09/11/2020,FFZ,AZ,AWP,CE,Towers with Radar,0,13,11,0,24,0,277,176,5,458,0,290,187,5,482,670,0,670,1152
09/12/2020,FFZ,AZ,AWP,CE,Towers with Radar,0,9,7,0,16,0,187,142,7,336,0,196,149,7,352,466,0,466,818
09/13/2020,FFZ,AZ,AWP,CE,Towers with Radar,0,11,5,0,16,0,168,124,1,293,0,179,129,1,309,442,0,442,751
09/14/2020,FFZ,AZ,AWP,CE,Towers with Radar,0,12,11,0,23,0,118,84,4,206,0,130,95,4,229,329,0,329,558
09/15/2020,FFZ,AZ,AWP,CE,Towers with Radar,0,13,5,0,18,0,281,158,6,445,0,294,163,6,463,699,0,699,1162
09/16/2020,FFZ,AZ,AWP,CE,Towers with Radar,0,14,7,0,21,0,278,145,3,426,0,292,152,3,447,546,0,546,993
09/17/2020,FFZ,AZ,AWP,CE,Towers with Radar,0,6,7,0,13,0,285,152,4,441,0,291,159,4,454,602,0,602,1056
09/18/2020,FFZ,AZ,AWP,CE,Towers with Radar,0,13,8,0,21,0,288,155,2,445,0,301,163,2,466,529,0,529,995
09/19/2020,FFZ,AZ,AWP,CE,Towers with Radar,0,8,5,0,13,0,165,134,1,300,0,173,139,1,313,391,0,391,704
09/20/2020,FFZ,AZ,AWP,CE,Towers with Radar,0,7,3,0,10,0,134,113,0,247,0,141,116,0,257,343,0,343,600
09/21/2020,FFZ,AZ,AWP,CE,Towers with Radar,0,16,9,0,25,0,225,112,1,338,0,241,121,1,363,517,0,517,880
09/22/2020,FFZ,AZ,AWP,CE,Towers with Radar,0,19,7,0,26,0,234,145,6,385,0,253,152,6,411,632,0,632,1043
09/23/2020,FFZ,AZ,AWP,CE,Towers with Radar,0,16,11,0,27,0,289,153,4,446,0,305,164,4,473,548,0,548,1021
09/24/2020,FFZ,AZ,AWP,CE,Towers with Radar,0,19,7,0,26,0,249,147,9,405,0,268,154,9,431,477,0,477,908
09/25/2020,FFZ,AZ,AWP,CE,Towers with Radar,0,15,9,0,24,0,269,141,2,412,0,284,150,2,436,675,0,675,1111
09/26/2020,FFZ,AZ,AWP,CE,Towers with Radar,0,19,6,0,25,0,193,165,0,358,0,212,171,0,383,556,0,556,939
09/27/2020,FFZ,AZ,AWP,CE,Towers with Radar,0,13,6,0,19,0,168,130,0,298,0,181,136,0,317,465,0,465,782
09/28/2020,FFZ,AZ,AWP,CE,Towers with Radar,0,15,7,0,22,0,200,149,2,351,0,215,156,2,373,606,0,606,979
09/29/2020,FFZ,AZ,AWP,CE,Towers with Radar,0,15,16,0,31,0,227,154,1,382,0,242,170,1,413,525,0,525,938
09/30/2020,FFZ,AZ,AWP,CE,Towers with Radar,0,21,4,0,25,0,215,173,6,394,0,236,177,6,419,600,0,600,1019
10/01/2020,FFZ,AZ,AWP,CE,Towers with Radar,1,15,11,0,27,0,245,155,3,403,1,260,166,3,430,402,0,402,832
10/02/2020,FFZ,AZ,AWP,CE,Towers with Radar,0,7,7,0,14,0,193,200,2,395,0,200,207,2,409,649,0,649,1058
10/03/2020,FFZ,AZ,AWP,CE,Towers with Radar,2,11,2,0,15,0,194,152,0,346,2,205,154,0,361,435,0,435,796
10/04/2020,FFZ,AZ,AWP,CE,Towers with Radar,0,10,6,0,16,0,161,132,0,293,0,171,138,0,309,413,0,413,722
10/05/2020,FFZ,AZ,AWP,CE,Towers with Radar,0,10,9,0,19,0,157,129,0,286,0,167,138,0,305,597,0,597,902
10/06/2020,FFZ,AZ,AWP,CE,Towers with Radar,0,14,10,0,24,0,217,147,3,367,0,231,157,3,391,536,0,536,927
10/07/2020,FFZ,AZ,AWP,CE,Towers with Radar,0,16,8,0,24,0,242,172,2,416,0,258,180,2,440,564,0,564,1004
10/08/2020,FFZ,AZ,AWP,CE,Towers with Radar,0,14,6,0,20,0,250,150,1,401,0,264,156,1,421,615,0,615,1036
10/09/2020,FFZ,AZ,AWP,CE,Towers with Radar,0,17,8,0,25,0,211,189,3,403,0,228,197,3,428,714,0,714,1142
10/10/2020,FFZ,AZ,AWP,CE,Towers with Radar,0,5,9,0,14,0,158,207,1,366,0,163,216,1,380,437,0,437,817
10/11/2020,FFZ,AZ,AWP,CE,Towers with Radar,0,8,16,0,24,0,124,114,0,238,0,132,130,0,262,317,0,317,579
10/12/2020,FFZ,AZ,AWP,CE,Towers with Radar,0,20,5,0,25,0,192,129,1,322,0,212,134,1,347,560,0,560,907
10/13/2020,FFZ,AZ,AWP,CE,Towers with Radar,0,13,18,0,31,0,218,180,2,400,0,231,198,2,431,633,0,633,1064
10/14/2020,FFZ,AZ,AWP,CE,Towers with Radar,0,15,10,0,25,0,253,201,3,457,0,268,211,3,482,752,0,752,1234
10/15/2020,FFZ,AZ,AWP,CE,Towers with Radar,0,10,13,0,23,0,254,189,5,448,0,264,202,5,471,593,0,593,1064
10/16/2020,FFZ,AZ,AWP,CE,Towers with Radar,0,20,9,0,29,0,181,168,1,350,0,201,177,1,379,500,0,500,879
10/17/2020,FFZ,AZ,AWP,CE,Towers with Radar,0,7,3,0,10,0,178,216,2,396,0,185,219,2,406,472,0,472,878
10/18/2020,FFZ,AZ,AWP,CE,Towers with Radar,0,4,12,0,16,0,146,144,0,290,0,150,156,0,306,362,0,362,668
10/19/2020,FFZ,AZ,AWP,CE,Towers with Radar,0,15,15,0,30,0,100,93,0,193,0,115,108,0,223,344,0,344,567
10/20/2020,FFZ,AZ,AWP,CE,Towers with Radar,0,8,15,0,23,0,285,192,6,483,0,293,207,6,506,472,0,472,978
10/21/2020,FFZ,AZ,AWP,CE,Towers with Radar,0,10,16,0,26,0,187,176,4,367,0,197,192,4,393,471,0,471,864
10/22/2020,FFZ,AZ,AWP,CE,Towers with Radar,0,10,16,0,26,0,235,189,8,432,0,245,205,8,458,466,0,466,924
10/23/2020,FFZ,AZ,AWP,CE,Towers with Radar,0,25,13,0,38,0,197,235,19,451,0,222,248,19,489,501,3,504,993
10/24/2020,FFZ,AZ,AWP,CE,Towers with Radar,0,5,3,0,8,0,189,193,1,383,0,194,196,1,391,459,0,459,850
10/25/2020,FFZ,AZ,AWP,CE,Towers with Radar,0,7,11,0,18,0,183,115,0,298,0,190,126,0,316,353,0,353,669
10/26/2020,FFZ,AZ,AWP,CE,Towers with Radar,0,9,10,0,19,0,126,104,11,241,0,135,114,11,260,386,0,386,646
10/27/2020,FFZ,AZ,AWP,CE,Towers with Radar,0,19,12,0,31,0,180,128,3,311,0,199,140,3,342,546,0,546,888
10/28/2020,FFZ,AZ,AWP,CE,Towers with Radar,0,14,4,0,18,0,186,172,4,362,0,200,176,4,380,636,0,636,1016
10/29/2020,FFZ,AZ,AWP,CE,Towers with Radar,1,10,7,0,18,0,226,214,5,445,1,236,221,5,463,540,0,540,1003
10/30/2020,FFZ,AZ,AWP,CE,Towers with Radar,0,3,14,1,18,0,285,198,2,485,0,288,212,3,503,444,0,444,947
10/31/2020,FFZ,AZ,AWP,CE,Towers with Radar,0,8,6,0,14,0,185,202,10,397,0,193,208,10,411,548,0,548,959
11/01/2020,FFZ,AZ,AWP,CE,Towers with Radar,0,3,9,0,12,0,151,134,0,285,0,154,143,0,297,337,0,337,634
11/02/2020,FFZ,AZ,AWP,CE,Towers with Radar,0,8,11,0,19,0,205,126,12,343,0,213,137,12,362,341,0,341,703
11/03/2020,FFZ,AZ,AWP,CE,Towers with Radar,0,6,16,0,22,0,240,155,5,400,0,246,171,5,422,608,0,608,1030
11/04/2020,FFZ,AZ,AWP,CE,Towers with Radar,0,11,13,0,24,0,284,212,5,501,0,295,225,5,525,465,0,465,990
11/05/2020,FFZ,AZ,AWP,CE,Towers with Radar,0,7,11,0,18,0,235,163,12,410,0,242,174,12,428,479,0,479,907
11/06/2020,FFZ,AZ,AWP,CE,Towers with Radar,0,8,18,0,26,0,226,166,9,401,0,234,184,9,427,433,0,433,860
11/07/2020,FFZ,AZ,AWP,CE,Towers with Radar,0,4,3,0,7,0,71,69,1,141,0,75,72,1,148,312,0,312,460
11/08/2020,FFZ,AZ,AWP,CE,Towers with Radar,0,3,9,0,12,0,117,116,0,233,0,120,125,0,245,387,0,387,632
11/09/2020,FFZ,AZ,AWP,CE,Towers with Radar,0,4,13,2,19,0,194,127,5,326,0,198,140,7,345,460,0,460,805
11/10/2020,FFZ,AZ,AWP,CE,Towers with Radar,0,9,13,0,22,0,241,164,15,420,0,250,177,15,442,619,0,619,1061
11/11/2020,FFZ,AZ,AWP,CE,Towers with Radar,0,3,9,0,12,0,270,220,6,496,0,273,229,6,508,596,0,596,1104
11/12/2020,FFZ,AZ,AWP,CE,Towers with Radar,0,6,16,0,22,0,254,156,15,425,0,260,172,15,447,553,0,553,1000
11/13/2020,FFZ,AZ,AWP,CE,Towers with Radar,0,13,11,0,24,0,294,197,2,493,0,307,208,2,517,528,0,528,1045
11/14/2020,FFZ,AZ,AWP,CE,Towers with Radar,0,5,9,0,14,0,216,189,2,407,0,221,198,2,421,458,0,458,879
11/15/2020,FFZ,AZ,AWP,CE,Towers with Radar,0,3,7,0,10,0,179,186,0,365,0,182,193,0,375,682,0,682,1057
11/16/2020,FFZ,AZ,AWP,CE,Towers with Radar,0,7,6,0,13,0,253,155,5,413,0,260,161,5,426,625,0,625,1051
11/17/2020,FFZ,AZ,AWP,CE,Towers with Radar,0,10,9,0,19,0,248,168,1,417,0,258,177,1,436,685,0,685,1121
11/18/2020,FFZ,AZ,AWP,CE,Towers with Radar,0,12,14,0,26,0,276,203,5,484,0,288,217,5,510,625,0,625,1135
11/19/2020,FFZ,AZ,AWP,CE,Towers with Radar,0,7,8,0,15,0,272,198,7,477,0,279,206,7,492,629,0,629,1121
11/20/2020,FFZ,AZ,AWP,CE,Towers with Radar,0,12,11,0,23,0,267,182,5,454,0,279,193,5,477,826,0,826,1303
11/21/2020,FFZ,AZ,AWP,CE,Towers with Radar,0,4,11,0,15,0,235,235,5,475,0,239,246,5,490,552,0,552,1042
11/22/2020,FFZ,AZ,AWP,CE,Towers with Radar,0,4,9,0,13,0,175,171,1,347,0,179,180,1,360,512,0,512,872
11/23/2020,FFZ,AZ,AWP,CE,Towers with Radar,0,4,15,0,19,0,229,185,4,418,0,233,200,4,437,647,4,651,1088
11/24/2020,FFZ,AZ,AWP,CE,Towers with Radar,0,5,17,0,22,0,248,142,5,395,0,253,159,5,417,829,0,829,1246
11/25/2020,FFZ,AZ,AWP,CE,Towers with Radar,0,13,8,0,21,0,214,201,0,415,0,227,209,0,436,773,0,773,1209
11/26/2020,FFZ,AZ,AWP,CE,Towers with Radar,0,0,3,0,3,0,8,80,0,88,0,8,83,0,91,36,0,36,127
11/27/2020,FFZ,AZ,AWP,CE,Towers with Radar,0,6,8,0,14,0,162,148,0,310,0,168,156,0,324,504,0,504,828
11/28/2020,FFZ,AZ,AWP,CE,Towers with Radar,0,5,12,0,17,0,110,156,0,266,0,115,168,0,283,514,0,514,797
11/29/2020,FFZ,AZ,AWP,CE,Towers with Radar,0,8,9,0,17,0,156,131,0,287,0,164,140,0,304,569,0,569,873
11/30/2020,FFZ,AZ,AWP,CE,Towers with Radar,0,3,14,0,17,0,180,134,0,314,0,183,148,0,331,582,0,582,913
12/01/2020,FFZ,AZ,AWP,CE,Towers with Radar,0,19,11,0,30,0,278,158,6,442,0,297,169,6,472,671,0,671,1143
12/02/2020,FFZ,AZ,AWP,CE,Towers with Radar,0,11,22,0,33,0,224,156,10,390,0,235,178,10,423,559,0,559,982
12/03/2020,FFZ,AZ,AWP,CE,Towers with Radar,0,11,15,0,26,0,202,147,4,353,0,213,162,4,379,537,0,537,916
12/04/2020,FFZ,AZ,AWP,CE,Towers with Radar,0,9,6,0,15,0,206,176,5,387,0,215,182,5,402,528,0,528,930
12/05/2020,FFZ,AZ,AWP,CE,Towers with Radar,0,2,3,0,5,0,178,187,1,366,0,180,190,1,371,513,0,513,884
12/06/2020,FFZ,AZ,AWP,CE,Towers with Radar,0,2,7,0,9,0,202,153,0,355,0,204,160,0,364,535,0,535,899
12/07/2020,FFZ,AZ,AWP,CE,Towers with Radar,0,3,9,0,12,0,181,164,4,349,0,184,173,4,361,375,0,375,736
12/08/2020,FFZ,AZ,AWP,CE,Towers with Radar,0,11,11,0,22,0,268,195,12,475,0,279,206,12,497,688,0,688,1185
12/09/2020,FFZ,AZ,AWP,CE,Towers with Radar,0,11,11,0,22,0,250,207,4,461,0,261,218,4,483,790,0,790,1273
12/10/2020,FFZ,AZ,AWP,CE,Towers with Radar,0,31,12,0,43,0,31,40,4,75,0,62,52,4,118,172,0,172,290
12/11/2020,FFZ,AZ,AWP,CE,Towers with Radar,0,16,19,0,35,0,221,163,15,399,0,237,182,15,434,778,0,778,1212
12/12/2020,FFZ,AZ,AWP,CE,Towers with Radar,0,2,6,0,8,0,190,206,2,398,0,192,212,2,406,595,0,595,1001
12/13/2020,FFZ,AZ,AWP,CE,Towers with Radar,0,10,4,0,14,0,198,154,0,352,0,208,158,0,366,458,0,458,824
12/14/2020,FFZ,AZ,AWP,CE,Towers with Radar,0,8,9,0,17,0,254,191,9,454,0,262,200,9,471,753,0,753,1224
12/15/2020,FFZ,AZ,AWP,CE,Towers with Radar,0,10,8,0,18,0,252,168,10,430,0,262,176,10,448,825,0,825,1273
12/16/2020,FFZ,AZ,AWP,CE,Towers with Radar,0,16,12,0,28,0,262,218,13,493,0,278,230,13,521,895,0,895,1416
12/17/2020,FFZ,AZ,AWP,CE,Towers with Radar,0,5,13,0,18,0,244,146,2,392,0,249,159,2,410,842,0,842,1252
12/18/2020,FFZ,AZ,AWP,CE,Towers with Radar,0,9,8,0,17,0,212,146,7,365,0,221,154,7,382,752,0,752,1134
12/19/2020,FFZ,AZ,AWP,CE,Towers with Radar,0,1,7,0,8,0,199,199,2,400,0,200,206,2,408,329,0,329,737
12/20/2020,FFZ,AZ,AWP,CE,Towers with Radar,0,2,8,0,10,0,164,124,0,288,0,166,132,0,298,605,0,605,903
12/21/2020,FFZ,AZ,AWP,CE,Towers with Radar,0,7,7,0,14,0,213,153,7,373,0,220,160,7,387,626,0,626,1013
12/22/2020,FFZ,AZ,AWP,CE,Towers with Radar,0,8,6,0,14,0,230,156,1,387,0,238,162,1,401,545,0,545,946
12/23/2020,FFZ,AZ,AWP,CE,Towers with Radar,0,3,12,0,15,0,167,126,5,298,0,170,138,5,313,473,0,473,786
12/24/2020,FFZ,AZ,AWP,CE,Towers with Radar,0,4,12,0,16,0,85,58,1,144,0,89,70,1,160,214,0,214,374
12/25/2020,FFZ,AZ,AWP,CE,Towers with Radar,0,2,2,0,4,0,2,34,0,36,0,4,36,0,40,31,0,31,71
12/26/2020,FFZ,AZ,AWP,CE,Towers with Radar,0,2,3,0,5,0,67,154,2,223,0,69,157,2,228,266,0,266,494
12/27/2020,FFZ,AZ,AWP,CE,Towers with Radar,0,5,12,0,17,0,108,160,0,268,0,113,172,0,285,451,0,451,736
12/28/2020,FFZ,AZ,AWP,CE,Towers with Radar,0,2,9,0,11,0,74,105,1,180,0,76,114,1,191,356,0,356,547
12/29/2020,FFZ,AZ,AWP,CE,Towers with Radar,0,6,7,0,13,0,174,152,3,329,0,180,159,3,342,575,0,575,917
12/30/2020,FFZ,AZ,AWP,CE,Towers with Radar,0,5,7,0,12,0,131,165,4,300,0,136,172,4,312,496,0,496,808
12/31/2020,FFZ,AZ,AWP,CE,Towers with Radar,0,8,9,0,17,0,151,172,0,323,0,159,181,0,340,336,0,336,676
01/01/2021,FFZ,AZ,AWP,CE,Towers with Radar,0,3,7,0,10,0,80,101,0,181,0,83,108,0,191,214,0,214,405
01/02/2021,FFZ,AZ,AWP,CE,Towers with Radar,0,3,9,0,12,0,112,229,0,341,0,115,238,0,353,361,0,361,714
01/03/2021,FFZ,AZ,AWP,CE,Towers with Radar,0,11,9,0,20,0,116,150,0,266,0,127,159,0,286,461,0,461,747
01/04/2021,FFZ,AZ,AWP,CE,Towers with Radar,0,6,9,0,15,0,193,146,3,342,0,199,155,3,357,636,0,636,993
01/05/2021,FFZ,AZ,AWP,CE,Towers with Radar,0,7,8,0,15,0,246,135,5,386,0,253,143,5,401,660,0,660,1061
01/06/2021,FFZ,AZ,AWP,CE,Towers with Radar,0,4,10,0,14,0,220,200,6,426,0,224,210,6,440,752,0,752,1192
01/07/2021,FFZ,AZ,AWP,CE,Towers with Radar,0,5,6,0,11,0,264,219,6,489,0,269,225,6,500,772,0,772,1272
01/08/2021,FFZ,AZ,AWP,CE,Towers with Radar,0,6,7,0,13,17,166,200,11,394,17,172,207,11,407,693,0,693,1100
01/09/2021,FFZ,AZ,AWP,CE,Towers with Radar,0,10,9,0,19,0,146,215,2,363,0,156,224,2,382,490,0,490,872
01/10/2021,FFZ,AZ,AWP,CE,Towers with Radar,0,8,11,0,19,0,176,125,0,301,0,184,136,0,320,500,0,500,820
01/11/2021,FFZ,AZ,AWP,CE,Towers with Radar,0,4,5,0,9,0,170,172,7,349,0,174,177,7,358,409,0,409,767
01/12/2021,FFZ,AZ,AWP,CE,Towers with Radar,0,8,10,0,18,0,228,170,12,410,0,236,180,12,428,683,0,683,1111
01/13/2021,FFZ,AZ,AWP,CE,Towers with Radar,0,6,12,0,18,0,240,180,5,425,0,246,192,5,443,700,0,700,1143
01/14/2021,FFZ,AZ,AWP,CE,Towers with Radar,0,7,13,0,20,0,191,187,5,383,0,198,200,5,403,638,0,638,1041
01/15/2021,FFZ,AZ,AWP,CE,Towers with Radar,0,7,10,0,17,0,156,180,0,336,0,163,190,0,353,629,0,629,982
01/16/2021,FFZ,AZ,AWP,CE,Towers with Radar,0,6,3,0,9,0,166,213,9,388,0,172,216,9,397,688,0,688,1085
01/17/2021,FFZ,AZ,AWP,CE,Towers with Radar,0,3,10,0,13,0,187,157,0,344,0,190,167,0,357,550,0,550,907
01/18/2021,FFZ,AZ,AWP,CE,Towers with Radar,0,7,18,0,25,0,227,194,5,426,0,234,212,5,451,744,0,744,1195
01/19/2021,FFZ,AZ,AWP,CE,Towers with Radar,0,2,9,0,11,0,152,94,4,250,0,154,103,4,261,531,0,531,792
01/20/2021,FFZ,AZ,AWP,CE,Towers with Radar,0,6,11,0,17,0,150,124,17,291,0,156,135,17,308,550,0,550,858
01/21/2021,FFZ,AZ,AWP,CE,Towers with Radar,0,4,19,0,23,0,188,154,10,352,0,192,173,10,375,787,0,787,1162
01/22/2021,FFZ,AZ,AWP,CE,Towers with Radar,0,11,9,0,20,0,135,132,9,276,0,146,141,9,296,482,0,482,778
01/23/2021,FFZ,AZ,AWP,CE,Towers with Radar,0,9,7,0,16,0,80,113,3,196,0,89,120,3,212,625,0,625,837
01/24/2021,FFZ,AZ,AWP,CE,Towers with Radar,0,7,9,0,16,0,7,11,1,19,0,14,20,1,35,81,0,81,116
01/25/2021,FFZ,AZ,AWP,CE,Towers with Radar,0,0,5,0,5,0,5,3,0,8,0,5,8,0,13,46,0,46,59
01/26/2021,FFZ,AZ,AWP,CE,Towers with Radar,0,3,5,0,8,0,79,76,3,158,0,82,81,3,166,468,0,468,634
01/27/2021,FFZ,AZ,AWP,CE,Towers with Radar,0,11,8,0,19,0,261,223,6,490,0,272,231,6,509,672,0,672,1181
01/28/2021,FFZ,AZ,AWP,CE,Towers with Radar,0,7,6,0,13,0,259,206,14,479,0,266,212,14,492,707,0,707,1199
01/29/2021,FFZ,AZ,AWP,CE,Towers with Radar,0,5,4,0,9,0,102,111,6,219,0,107,115,6,228,532,0,532,760
01/30/2021,FFZ,AZ,AWP,CE,Towers with Radar,0,9,5,0,14,0,169,207,6,382,0,178,212,6,396,695,0,695,1091
01/31/2021,FFZ,AZ,AWP,CE,Towers with Radar,0,4,12,0,16,0,221,184,0,405,0,225,196,0,421,479,0,479,900
02/01/2021,FFZ,AZ,AWP,CE,Towers with Radar,0,6,10,0,16,0,166,160,7,333,0,172,170,7,349,527,0,527,876
02/02/2021,FFZ,AZ,AWP,CE,Towers with Radar,0,5,16,0,21,0,239,183,5,427,0,244,199,5,448,682,0,682,1130
02/03/2021,FFZ,AZ,AWP,CE,Towers with Radar,0,4,14,0,18,0,249,158,5,412,0,253,172,5,430,587,0,587,1017
02/04/2021,FFZ,AZ,AWP,CE,Towers with Radar,0,7,15,0,22,0,224,212,4,440,0,231,227,4,462,686,0,686,1148
02/05/2021,FFZ,AZ,AWP,CE,Towers with Radar,0,5,14,0,19,0,205,217,0,422,0,210,231,0,441,764,0,764,1205
02/06/2021,FFZ,AZ,AWP,CE,Towers with Radar,0,5,10,0,15,0,147,280,2,429,0,152,290,2,444,484,0,484,928
02/07/2021,FFZ,AZ,AWP,CE,Towers with Radar,0,4,13,0,17,0,248,135,0,383,0,252,148,0,400,527,0,527,927
02/08/2021,FFZ,AZ,AWP,CE,Towers with Radar,0,1,10,0,11,0,202,151,1,354,0,203,161,1,365,784,0,784,1149
02/09/2021,FFZ,AZ,AWP,CE,Towers with Radar,0,16,10,0,26,0,262,143,10,415,0,278,153,10,441,777,0,777,1218
02/10/2021,FFZ,AZ,AWP,CE,Towers with Radar,0,1,8,0,9,0,265,176,10,451,0,266,184,10,460,842,0,842,1302
02/11/2021,FFZ,AZ,AWP,CE,Towers with Radar,0,6,18,0,24,0,243,205,13,461,0,249,223,13,485,775,0,775,1260
02/12/2021,FFZ,AZ,AWP,CE,Towers with Radar,0,8,14,0,22,0,205,169,0,374,0,213,183,0,396,649,0,649,1045
02/13/2021,FFZ,AZ,AWP,CE,Towers with Radar,0,7,9,0,16,0,101,154,1,256,0,108,163,1,272,404,0,404,676
02/14/2021,FFZ,AZ,AWP,CE,Towers with Radar,0,8,5,0,13,0,148,111,0,259,0,156,116,0,272,752,0,752,1024
02/15/2021,FFZ,AZ,AWP,CE,Towers with Radar,0,7,17,0,24,0,228,157,1,386,0,235,174,1,410,702,0,702,1112
02/16/2021,FFZ,AZ,AWP,CE,Towers with Radar,0,6,7,0,13,0,194,137,5,336,0,200,144,5,349,503,0,503,852
02/17/2021,FFZ,AZ,AWP,CE,Towers with Radar,0,7,12,0,19,0,238,189,4,431,0,245,201,4,450,366,0,366,816
02/18/2021,FFZ,AZ,AWP,CE,Towers with Radar,0,9,13,0,22,0,285,242,2,529,0,294,255,2,551,761,0,761,1312
02/19/2021,FFZ,AZ,AWP,CE,Towers with Radar,0,7,10,0,17,0,260,193,6,459,0,267,203,6,476,793,0,793,1269
02/20/2021,FFZ,AZ,AWP,CE,Towers with Radar,0,3,9,0,12,0,134,189,0,323,0,137,198,0,335,533,0,533,868
02/21/2021,FFZ,AZ,AWP,CE,Towers with Radar,0,7,11,0,18,0,179,169,0,348,0,186,180,0,366,668,0,668,1034
02/22/2021,FFZ,AZ,AWP,CE,Towers with Radar,0,2,7,0,9,0,201,174,4,379,0,203,181,4,388,657,0,657,1045
02/23/2021,FFZ,AZ,AWP,CE,Towers with Radar,0,4,8,0,12,0,221,220,3,444,0,225,228,3,456,642,0,642,1098
02/24/2021,FFZ,AZ,AWP,CE,Towers with Radar,0,9,9,0,18,0,242,212,12,466,0,251,221,12,484,724,0,724,1208
02/25/2021,FFZ,AZ,AWP,CE,Towers with Radar,0,10,8,0,18,0,212,193,7,412,0,222,201,7,430,710,0,710,1140
02/26/2021,FFZ,AZ,AWP,CE,Towers with Radar,0,9,15,0,24,0,231,219,2,452,0,240,234,2,476,677,0,677,1153
02/27/2021,FFZ,AZ,AWP,CE,Towers with Radar,0,12,3,0,15,0,219,231,0,450,0,231,234,0,465,768,0,768,1233
02/28/2021,FFZ,AZ,AWP,CE,Towers with Radar,0,4,9,0,13,0,95,98,0,193,0,99,107,0,206,318,0,318,524
03/01/2021,FFZ,AZ,AWP,CE,Towers with Radar,0,5,6,0,11,0,246,215,11,472,0,251,221,11,483,740,0,740,1223
03/02/2021,FFZ,AZ,AWP,CE,Towers with Radar,0,8,10,0,18,0,246,184,5,435,0,254,194,5,453,573,0,573,1026
03/03/2021,FFZ,AZ,AWP,CE,Towers with Radar,0,2,10,0,12,0,123,105,3,231,0,125,115,3,243,505,0,505,748
03/04/2021,FFZ,AZ,AWP,CE,Towers with Radar,0,10,15,0,25,0,303,156,16,475,0,313,171,16,500,809,0,809,1309
03/05/2021,FFZ,AZ,AWP,CE,Towers with Radar,0,10,18,0,28,0,284,245,4,533,0,294,263,4,561,820,0,820,1381
03/06/2021,FFZ,AZ,AWP,CE,Towers with Radar,0,7,12,0,19,0,179,212,2,393,0,186,224,2,412,586,0,586,998
03/07/2021,FFZ,AZ,AWP,CE,Towers with Radar,0,2,16,0,18,0,226,175,1,402,0,228,191,1,420,674,0,674,1094
03/08/2021,FFZ,AZ,AWP,CE,Towers with Radar,0,4,10,0,14,0,251,163,10,424,0,255,173,10,438,688,0,688,1126
03/09/2021,FFZ,AZ,AWP,CE,Towers with Radar,0,10,12,0,22,0,180,104,2,286,0,190,116,2,308,398,0,398,706
03/10/2021,FFZ,AZ,AWP,CE,Towers with Radar,0,10,18,0,28,0,267,187,11,465,0,277,205,11,493,821,0,821,1314
03/11/2021,FFZ,AZ,AWP,CE,Towers with Radar,0,8,9,0,17,0,254,187,6,447,0,262,196,6,464,910,0,910,1374
03/12/2021,FFZ,AZ,AWP,CE,Towers with Radar,0,10,11,0,21,0,99,83,4,186,0,109,94,4,207,813,0,813,1020
03/13/2021,FFZ,AZ,AWP,CE,Towers with Radar,0,5,14,0,19,0,102,109,6,217,0,107,123,6,236,630,0,630,866
03/14/2021,FFZ,AZ,AWP,CE,Towers with Radar,1,7,12,0,20,0,189,189,0,378,1,196,201,0,398,741,0,741,1139
03/15/2021,FFZ,AZ,AWP,CE,Towers with Radar,0,9,7,0,16,0,243,153,4,400,0,252,160,4,416,770,0,770,1186
03/16/2021,FFZ,AZ,AWP,CE,Towers with Radar,0,12,22,0,34,0,215,151,5,371,0,227,173,5,405,854,0,854,1259
03/17/2021,FFZ,AZ,AWP,CE,Towers with Radar,0,4,15,0,19,0,270,201,2,473,0,274,216,2,492,859,0,859,1351
03/18/2021,FFZ,AZ,AWP,CE,Towers with Radar,0,10,16,0,26,0,236,217,5,458,0,246,233,5,484,728,0,728,1212
03/19/2021,FFZ,AZ,AWP,CE,Towers with Radar,0,4,13,0,17,0,238,244,8,490,0,242,257,8,507,782,0,782,1289
03/20/2021,FFZ,AZ,AWP,CE,Towers with Radar,0,2,8,0,10,0,237,240,2,479,0,239,248,2,489,712,0,712,1201
03/21/2021,FFZ,AZ,AWP,CE,Towers with Radar,0,2,12,0,14,0,238,151,0,389,0,240,163,0,403,543,0,543,946
03/22/2021,FFZ,AZ,AWP,CE,Towers with Radar,0,2,5,0,7,0,189,130,0,319,0,191,135,0,326,550,0,550,876
03/23/2021,FFZ,AZ,AWP,CE,Towers with Radar,0,5,10,0,15,0,177,116,4,297,0,182,126,4,312,570,0,570,882
03/24/2021,FFZ,AZ,AWP,CE,Towers with Radar,0,6,21,0,27,0,226,262,6,494,0,232,283,6,521,950,0,950,1471
03/25/2021,FFZ,AZ,AWP,CE,Towers with Radar,0,3,8,0,11,0,92,111,6,209,0,95,119,6,220,382,0,382,602
03/26/2021,FFZ,AZ,AWP,CE,Towers with Radar,0,3,13,0,16,0,188,160,4,352,0,191,173,4,368,990,0,990,1358
03/27/2021,FFZ,AZ,AWP,CE,Towers with Radar,0,6,11,0,17,0,177,256,7,440,0,183,267,7,457,717,0,717,1174
03/28/2021,FFZ,AZ,AWP,CE,Towers with Radar,0,8,19,0,27,0,164,189,1,354,0,172,208,1,381,800,0,800,1181
03/29/2021,FFZ,AZ,AWP,CE,Towers with Radar,0,7,12,0,19,0,197,184,10,391,0,204,196,10,410,919,0,919,1329
03/30/2021,FFZ,AZ,AWP,CE,Towers with Radar,0,6,10,1,17,0,300,192,3,495,0,306,202,4,512,947,0,947,1459
03/31/2021,FFZ,AZ,AWP,CE,Towers with Radar,0,5,22,0,27,0,194,157,2,353,0,199,179,2,380,697,0,697,1077
04/01/2021,FFZ,AZ,AWP,CE,Towers with Radar,0,5,11,0,16,0,150,138,5,293,0,155,149,5,309,826,0,826,1135
04/02/2021,FFZ,AZ,AWP,CE,Towers with Radar,0,8,19,0,27,0,187,203,2,392,0,195,222,2,419,998,0,998,1417
04/03/2021,FFZ,AZ,AWP,CE,Towers with Radar,0,5,15,0,20,0,162,242,5,409,0,167,257,5,429,759,0,759,1188
04/04/2021,FFZ,AZ,AWP,CE,Towers with Radar,0,4,7,0,11,0,169,113,1,283,0,173,120,1,294,514,0,514,808
04/05/2021,FFZ,AZ,AWP,CE,Towers with Radar,0,10,12,0,22,0,253,184,7,444,0,263,196,7,466,848,0,848,1314
04/06/2021,FFZ,AZ,AWP,CE,Towers with Radar,0,2,12,0,14,0,273,177,9,459,0,275,189,9,473,1032,0,1032,1505
04/07/2021,FFZ,AZ,AWP,CE,Towers with Radar,0,6,12,0,18,0,279,218,6,503,0,285,230,6,521,951,0,951,1472
04/08/2021,FFZ,AZ,AWP,CE,Towers with Radar,0,7,12,2,21,0,206,197,3,406,0,213,209,5,427,758,0,758,1185
04/09/2021,FFZ,AZ,AWP,CE,Towers with Radar,0,7,16,0,23,0,249,222,8,479,0,256,238,8,502,739,0,739,1241
04/10/2021,FFZ,AZ,AWP,CE,Towers with Radar,0,10,9,0,19,0,205,198,5,408,0,215,207,5,427,680,0,680,1107
04/11/2021,FFZ,AZ,AWP,CE,Towers with Radar,0,4,5,0,9,0,174,166,0,340,0,178,171,0,349,640,0,640,989
04/12/2021,FFZ,AZ,AWP,CE,Towers with Radar,0,7,15,0,22,0,265,171,3,439,0,272,186,3,461,562,0,562,1023
04/13/2021,FFZ,AZ,AWP,CE,Towers with Radar,0,8,18,0,26,0,257,200,8,465,0,265,218,8,491,849,0,849,1340
04/14/2021,FFZ,AZ,AWP,CE,Towers with Radar,0,5,13,0,18,0,252,141,6,399,0,257,154,6,417,751,0,751,1168
04/15/2021,FFZ,AZ,AWP,CE,Towers with Radar,0,6,17,0,23,0,199,177,7,383,0,205,194,7,406,613,0,613,1019
04/16/2021,FFZ,AZ,AWP,CE,Towers with Radar,0,8,6,0,14,0,222,223,6,451,0,230,229,6,465,783,0,783,1248
04/17/2021,FFZ,AZ,AWP,CE,Towers with Radar,0,12,7,0,19,0,179,203,5,387,0,191,210,5,406,452,0,452,858
04/18/2021,FFZ,AZ,AWP,CE,Towers with Radar,0,8,14,0,22,0,104,116,1,221,0,112,130,1,243,447,0,447,690
04/19/2021,FFZ,AZ,AWP,CE,Towers with Radar,0,10,7,0,17,0,212,190,4,406,0,222,197,4,423,741,0,741,1164
04/20/2021,FFZ,AZ,AWP,CE,Towers with Radar,0,5,16,0,21,0,274,172,10,456,0,279,188,10,477,760,0,760,1237
04/21/2021,FFZ,AZ,AWP,CE,Towers with Radar,0,5,12,0,17,0,116,75,2,193,0,121,87,2,210,244,0,244,454
04/22/2021,FFZ,AZ,AWP,CE,Towers with Radar,0,6,16,0,22,0,271,198,12,481,0,277,214,12,503,603,0,603,1106
04/23/2021,FFZ,AZ,AWP,CE,Towers with Radar,0,12,13,0,25,0,220,195,3,418,0,232,208,3,443,616,0,616,1059
04/24/2021,FFZ,AZ,AWP,CE,Towers with Radar,0,7,10,0,17,0,187,244,7,438,0,194,254,7,455,436,0,436,891
04/25/2021,FFZ,AZ,AWP,CE,Towers with Radar,0,3,6,0,9,0,161,149,0,310,0,164,155,0,319,546,0,546,865
04/26/2021,FFZ,AZ,AWP,CE,Towers with Radar,0,14,13,0,27,0,190,122,5,317,0,204,135,5,344,538,0,538,882
04/27/2021,FFZ,AZ,AWP,CE,Towers with Radar,0,4,11,0,15,0,234,123,0,357,0,238,134,0,372,625,0,625,997
04/28/2021,FFZ,AZ,AWP,CE,Towers with Radar,0,7,10,0,17,0,271,177,12,460,0,278,187,12,477,564,0,564,1041
04/29/2021,FFZ,AZ,AWP,CE,Towers with Radar,0,9,16,0,25,0,216,197,6,419,0,225,213,6,444,542,0,542,986
04/30/2021,FFZ,AZ,AWP,CE,Towers with Radar,0,7,10,0,17,0,223,213,11,447,0,230,223,11,464,633,0,633,1097
05/01/2021,FFZ,AZ,AWP,CE,Towers with Radar,0,6,8,0,14,0,144,192,6,342,0,150,200,6,356,472,0,472,828
05/02/2021,FFZ,AZ,AWP,CE,Towers with Radar,0,4,7,0,11,0,158,115,0,273,0,162,122,0,284,380,0,380,664
05/03/2021,FFZ,AZ,AWP,CE,Towers with Radar,0,7,10,0,17,0,226,180,2,408,0,233,190,2,425,644,0,644,1069
05/04/2021,FFZ,AZ,AWP,CE,Towers with Radar,0,9,9,0,18,0,281,194,1,476,0,290,203,1,494,531,0,531,1025
05/05/2021,FFZ,AZ,AWP,CE,Towers with Radar,0,8,10,0,18,0,285,207,5,497,0,293,217,5,515,578,0,578,1093
05/06/2021,FFZ,AZ,AWP,CE,Towers with Radar,0,7,8,1,16,0,239,201,4,444,0,246,209,5,460,529,0,529,989
05/07/2021,FFZ,AZ,AWP,CE,Towers with Radar,0,11,7,0,18,0,181,207,1,389,0,192,214,1,407,549,0,549,956
05/08/2021,FFZ,AZ,AWP,CE,Towers with Radar,0,11,13,0,24,0,195,162,1,358,0,206,175,1,382,536,0,536,918
05/09/2021,FFZ,AZ,AWP,CE,Towers with Radar,0,8,3,0,11,0,173,122,0,295,0,181,125,0,306,446,0,446,752
05/10/2021,FFZ,AZ,AWP,CE,Towers with Radar,1,8,12,0,21,0,200,155,4,359,1,208,167,4,380,547,0,547,927
05/11/2021,FFZ,AZ,AWP,CE,Towers with Radar,0,9,7,0,16,0,238,189,2,429,0,247,196,2,445,734,0,734,1179
05/12/2021,FFZ,AZ,AWP,CE,Towers with Radar,0,8,13,0,21,0,241,196,7,444,0,249,209,7,465,687,0,687,1152
05/13/2021,FFZ,AZ,AWP,CE,Towers with Radar,0,9,9,0,18,0,224,166,3,393,0,233,175,3,411,504,0,504,915
05/14/2021,FFZ,AZ,AWP,CE,Towers with Radar,0,16,10,0,26,0,221,157,3,381,0,237,167,3,407,605,0,605,1012
05/15/2021,FFZ,AZ,AWP,CE,Towers with Radar,0,5,9,0,14,0,138,153,1,292,0,143,162,1,306,365,0,365,671
05/16/2021,FFZ,AZ,AWP,CE,Towers with Radar,0,6,8,0,14,0,144,129,1,274,0,150,137,1,288,288,0,288,576
05/17/2021,FFZ,AZ,AWP,CE,Towers with Radar,0,16,15,0,31,0,196,141,2,339,0,212,156,2,370,472,6,478,848
05/18/2021,FFZ,AZ,AWP,CE,Towers with Radar,0,9,5,0,14,0,237,148,6,391,0,246,153,6,405,669,0,669,1074
05/19/2021,FFZ,AZ,AWP,CE,Towers with Radar,0,12,6,0,18,0,209,156,1,366,0,221,162,1,384,648,0,648,1032
05/20/2021,FFZ,AZ,AWP,CE,Towers with Radar,0,11,14,0,25,0,236,159,6,401,0,247,173,6,426,466,0,466,892
05/21/2021,FFZ,AZ,AWP,CE,Towers with Radar,0,13,11,0,24,0,195,139,6,340,0,208,150,6,364,324,0,324,688
05/22/2021,FFZ,AZ,AWP,CE,Towers with Radar,0,7,16,0,23,0,183,185,9,377,0,190,201,9,400,424,0,424,824
05/23/2021,FFZ,AZ,AWP,CE,Towers with Radar,0,11,9,0,20,0,143,151,0,294,0,154,160,0,314,370,0,370,684
05/24/2021,FFZ,AZ,AWP,CE,Towers with Radar,0,14,11,0,25,0,209,178,2,389,0,223,189,2,414,666,0,666,1080
05/25/2021,FFZ,AZ,AWP,CE,Towers with Radar,0,13,5,0,18,0,281,172,2,455,0,294,177,2,473,707,0,707,1180
05/26/2021,FFZ,AZ,AWP,CE,Towers with Radar,0,14,5,0,19,0,293,186,5,484,0,307,191,5,503,660,0,660,1163
05/27/2021,FFZ,AZ,AWP,CE,Towers with Radar,0,15,12,0,27,0,270,179,12,461,0,285,191,12,488,550,0,550,1038
05/28/2021,FFZ,AZ,AWP,CE,Towers with Radar,0,11,14,0,25,0,242,177,3,422,0,253,191,3,447,702,0,702,1149
05/29/2021,FFZ,AZ,AWP,CE,Towers with Radar,0,11,7,0,18,0,172,129,13,314,0,183,136,13,332,396,0,396,728
05/30/2021,FFZ,AZ,AWP,CE,Towers with Radar,0,8,9,0,17,0,157,123,0,280,0,165,132,0,297,418,0,418,715
05/31/2021,FFZ,AZ,AWP,CE,Towers with Radar,0,5,9,0,14,0,163,125,1,289,0,168,134,1,303,449,0,449,752
06/01/2021,FFZ,AZ,AWP,CE,Towers with Radar,0,13,11,0,24,0,227,148,13,388,0,240,159,13,412,530,0,530,942
06/02/2021,FFZ,AZ,AWP,CE,Towers with Radar,0,18,11,0,29,0,235,140,2,377,0,253,151,2,406,486,0,486,892
06/03/2021,FFZ,AZ,AWP,CE,Towers with Radar,0,7,15,0,22,0,287,134,0,421,0,294,149,0,443,502,0,502,945
06/04/2021,FFZ,AZ,AWP,CE,Towers with Radar,0,11,17,0,28,0,230,147,6,383,0,241,164,6,411,663,0,663,1074
06/05/2021,FFZ,AZ,AWP,CE,Towers with Radar,0,5,8,0,13,0,185,196,6,387,0,190,204,6,400,299,0,299,699
06/06/2021,FFZ,AZ,AWP,CE,Towers with Radar,0,2,8,0,10,0,182,118,0,300,0,184,126,0,310,370,0,370,680
06/07/2021,FFZ,AZ,AWP,CE,Towers with Radar,0,16,9,0,25,0,206,116,7,329,0,222,125,7,354,413,0,413,767
06/08/2021,FFZ,AZ,AWP,CE,Towers with Radar,0,7,5,0,12,0,206,232,3,441,0,213,237,3,453,490,0,490,943
06/09/2021,FFZ,AZ,AWP,CE,Towers with Radar,0,7,17,0,24,0,291,184,12,487,0,298,201,12,511,561,0,561,1072
06/10/2021,FFZ,AZ,AWP,CE,Towers with Radar,0,10,16,0,26,0,324,199,11,534,0,334,215,11,560,573,0,573,1133
06/11/2021,FFZ,AZ,AWP,CE,Towers with Radar,0,4,9,0,13,0,261,165,7,433,0,265,174,7,446,539,0,539,985
06/12/2021,FFZ,AZ,AWP,CE,Towers with Radar,0,11,5,0,16,0,206,171,13,390,0,217,176,13,406,438,0,438,844
06/13/2021,FFZ,AZ,AWP,CE,Towers with Radar,0,5,3,0,8,0,181,125,0,306,0,186,128,0,314,320,0,320,634
06/14/2021,FFZ,AZ,AWP,CE,Towers with Radar,0,2,5,0,7,0,213,131,0,344,0,215,136,0,351,468,0,468,819
06/15/2021,FFZ,AZ,AWP,CE,Towers with Radar,0,9,8,0,17,0,227,160,5,392,0,236,168,5,409,399,0,399,808
06/16/2021,FFZ,AZ,AWP,CE,Towers with Radar,0,14,6,0,20,0,237,134,19,390,0,251,140,19,410,481,0,481,891
06/17/2021,FFZ,AZ,AWP,CE,Towers with Radar,0,3,9,0,12,0,228,138,27,393,0,231,147,27,405,351,0,351,756
06/18/2021,FFZ,AZ,AWP,CE,Towers with Radar,0,8,20,0,28,0,193,149,11,353,0,201,169,11,381,381,0,381,762
06/19/2021,FFZ,AZ,AWP,CE,Towers with Radar,0,5,1,0,6,0,139,123,7,269,0,144,124,7,275,308,0,308,583
06/20/2021,FFZ,AZ,AWP,CE,Towers with Radar,0,7,6,0,13,0,160,95,6,261,0,167,101,6,274,284,0,284,558
06/21/2021,FFZ,AZ,AWP,CE,Towers with Radar,0,8,11,0,19,0,232,144,3,379,0,240,155,3,398,418,0,418,816
06/22/2021,FFZ,AZ,AWP,CE,Towers with Radar,0,8,16,0,24,0,234,138,6,378,0,242,154,6,402,407,0,407,809
06/23/2021,FFZ,AZ,AWP,CE,Towers with Radar,0,5,6,0,11,0,75,109,10,194,0,80,115,10,205,412,0,412,617
06/24/2021,FFZ,AZ,AWP,CE,Towers with Radar,0,11,7,0,18,0,258,191,7,456,0,269,198,7,474,540,0,540,1014
06/25/2021,FFZ,AZ,AWP,CE,Towers with Radar,0,9,4,1,14,0,235,166,8,409,0,244,170,9,423,500,0,500,923
06/26/2021,FFZ,AZ,AWP,CE,Towers with Radar,0,4,6,0,10,0,215,120,7,342,0,219,126,7,352,210,0,210,562
06/27/2021,FFZ,AZ,AWP,CE,Towers with Radar,0,6,4,0,10,0,204,110,1,315,0,210,114,1,325,346,0,346,671
06/28/2021,FFZ,AZ,AWP,CE,Towers with Radar,0,9,9,0,18,0,184,87,6,277,0,193,96,6,295,425,0,425,720
06/29/2021,FFZ,AZ,AWP,CE,Towers with Radar,0,8,6,0,14,0,195,140,8,343,0,203,146,8,357,438,0,438,795
06/30/2021,FFZ,AZ,AWP,CE,Towers with Radar,2,2,9,0,13,0,226,153,5,384,2,228,162,5,397,482,0,482,879
07/01/2021,FFZ,AZ,AWP,CE,Towers with Radar,0,9,14,0,23,0,238,171,2,411,0,247,185,2,434,580,0,580,1014
07/02/2021,FFZ,AZ,AWP,CE,Towers with Radar,0,9,25,3,37,0,160,148,1,309,0,169,173,4,346,440,0,440,786
07/03/2021,FFZ,AZ,AWP,CE,Towers with Radar,0,1,3,0,4,0,147,120,0,267,0,148,123,0,271,388,0,388,659
07/04/2021,FFZ,AZ,AWP,CE,Towers with Radar,0,12,7,0,19,0,122,69,0,191,0,134,76,0,210,355,0,355,565
07/05/2021,FFZ,AZ,AWP,CE,Towers with Radar,0,9,12,0,21,0,113,127,0,240,0,122,139,0,261,306,0,306,567
07/06/2021,FFZ,AZ,AWP,CE,Towers with Radar,0,13,6,0,19,0,187,135,2,324,0,200,141,2,343,345,0,345,688
07/07/2021,FFZ,AZ,AWP,CE,Towers with Radar,0,5,13,0,18,0,212,160,4,376,0,217,173,4,394,609,0,609,1003
07/08/2021,FFZ,AZ,AWP,CE,Towers with Radar,0,6,6,1,13,0,211,135,7,353,0,217,141,8,366,540,0,540,906
07/09/2021,FFZ,AZ,AWP,CE,Towers with Radar,0,7,8,0,15,0,177,126,9,312,0,184,134,9,327,554,0,554,881
07/10/2021,FFZ,AZ,AWP,CE,Towers with Radar,2,4,7,0,13,0,137,117,4,258,2,141,124,4,271,396,0,396,667
07/11/2021,FFZ,AZ,AWP,CE,Towers with Radar,0,3,13,0,16,0,131,98,0,229,0,134,111,0,245,354,0,354,599
07/12/2021,FFZ,AZ,AWP,CE,Towers with Radar,0,7,9,0,16,0,197,109,1,307,0,204,118,1,323,622,0,622,945
07/13/2021,FFZ,AZ,AWP,CE,Towers with Radar,0,4,9,0,13,0,206,128,3,337,0,210,137,3,350,636,0,636,986
07/14/2021,FFZ,AZ,AWP,CE,Towers with Radar,0,2,8,0,10,0,68,55,0,123,0,70,63,0,133,267,0,267,400
07/15/2021,FFZ,AZ,AWP,CE,Towers with Radar,0,7,9,0,16,0,175,139,10,324,0,182,148,10,340,728,0,728,1068
07/16/2021,FFZ,AZ,AWP,CE,Towers with Radar,0,6,8,0,14,0,123,66,0,189,0,129,74,0,203,420,0,420,623
07/17/2021,FFZ,AZ,AWP,CE,Towers with Radar,0,6,10,0,16,0,167,165,2,334,0,173,175,2,350,617,0,617,967
07/18/2021,FFZ,AZ,AWP,CE,Towers with Radar,0,3,14,0,17,0,122,99,0,221,0,125,113,0,238,453,0,453,691
07/19/2021,FFZ,AZ,AWP,CE,Towers with Radar,0,8,12,0,20,0,215,130,7,352,0,223,142,7,372,652,0,652,1024
07/20/2021,FFZ,AZ,AWP,CE,Towers with Radar,0,9,15,0,24,0,241,141,8,390,0,250,156,8,414,602,0,602,1016
07/21/2021,FFZ,AZ,AWP,CE,Towers with Radar,0,8,10,0,18,0,218,143,14,375,0,226,153,14,393,483,0,483,876
07/22/2021,FFZ,AZ,AWP,CE,Towers with Radar,0,10,12,0,22,0,234,141,2,377,0,244,153,2,399,535,0,535,934
07/23/2021,FFZ,AZ,AWP,CE,Towers with Radar,0,10,13,0,23,0,13,28,0,41,0,23,41,0,64,123,0,123,187
07/24/2021,FFZ,AZ,AWP,CE,Towers with Radar,0,25,12,0,37,0,11,37,2,50,0,36,49,2,87,190,0,190,277
07/25/2021,FFZ,AZ,AWP,CE,Towers with Radar,0,19,13,0,32,0,22,17,0,39,0,41,30,0,71,206,0,206,277
07/26/2021,FFZ,AZ,AWP,CE,Towers with Radar,0,6,16,0,22,0,241,139,8,388,0,247,155,8,410,622,0,622,1032
07/27/2021,FFZ,AZ,AWP,CE,Towers with Radar,0,9,11,0,20,0,251,158,3,412,0,260,169,3,432,495,0,495,927
07/28/2021,FFZ,AZ,AWP,CE,Towers with Radar,0,13,11,0,24,0,227,142,3,372,0,240,153,3,396,590,0,590,986
07/29/2021,FFZ,AZ,AWP,CE,Towers with Radar,0,10,16,0,26,0,213,172,0,385,0,223,188,0,411,409,0,409,820
07/30/2021,FFZ,AZ,AWP,CE,Towers with Radar,0,8,13,0,21,0,227,110,4,341,0,235,123,4,362,453,0,453,815
07/31/2021,FFZ,AZ,AWP,CE,Towers with Radar,0,7,10,0,17,0,175,149,0,324,0,182,159,0,341,361,0,361,702
08/01/2021,FFZ,AZ,AWP,CE,Towers with Radar,0,7,13,0,20,0,152,119,0,271,0,159,132,0,291,304,0,304,595
08/02/2021,FFZ,AZ,AWP,CE,Towers with Radar,0,5,3,0,8,0,189,161,3,353,0,194,164,3,361,318,0,318,679
08/03/2021,FFZ,AZ,AWP,CE,Towers with Radar,0,5,9,0,14,0,174,178,6,358,0,179,187,6,372,545,0,545,917
08/04/2021,FFZ,AZ,AWP,CE,Towers with Radar,0,9,11,0,20,0,184,131,6,321,0,193,142,6,341,645,0,645,986
08/05/2021,FFZ,AZ,AWP,CE,Towers with Radar,0,6,8,0,14,0,160,126,5,291,0,166,134,5,305,441,0,441,746
08/06/2021,FFZ,AZ,AWP,CE,Towers with Radar,1,6,14,0,21,0,195,127,1,323,1,201,141,1,344,260,0,260,604
08/07/2021,FFZ,AZ,AWP,CE,Towers with Radar,0,5,6,0,11,0,178,147,2,327,0,183,153,2,338,371,0,371,709
08/08/2021,FFZ,AZ,AWP,CE,Towers with Radar,0,10,13,0,23,0,133,108,0,241,0,143,121,0,264,540,0,540,804
08/09/2021,FFZ,AZ,AWP,CE,Towers with Radar,0,8,10,0,18,0,136,90,6,232,0,144,100,6,250,583,0,583,833
08/10/2021,FFZ,AZ,AWP,CE,Towers with Radar,0,14,15,0,29,0,94,77,2,173,0,108,92,2,202,426,0,426,628
08/11/2021,FFZ,AZ,AWP,CE,Towers with Radar,0,12,14,0,26,0,145,102,5,252,0,157,116,5,278,572,0,572,850
08/12/2021,FFZ,AZ,AWP,CE,Towers with Radar,0,9,22,0,31,0,182,128,6,316,0,191,150,6,347,472,0,472,819
08/13/2021,FFZ,AZ,AWP,CE,Towers with Radar,0,14,9,0,23,0,243,156,4,403,0,257,165,4,426,595,0,595,1021
08/14/2021,FFZ,AZ,AWP,CE,Towers with Radar,0,10,8,0,18,0,147,140,3,290,0,157,148,3,308,301,0,301,609
08/15/2021,FFZ,AZ,AWP,CE,Towers with Radar,0,6,9,0,15,0,170,118,0,288,0,176,127,0,303,441,0,441,744
08/16/2021,FFZ,AZ,AWP,CE,Towers with Radar,0,5,3,0,8,0,208,117,2,327,0,213,120,2,335,549,0,549,884
08/17/2021,FFZ,AZ,AWP,CE,Towers with Radar,0,7,6,0,13,0,226,118,16,360,0,233,124,16,373,449,0,449,822
08/18/2021,FFZ,AZ,AWP,CE,Towers with Radar,0,6,11,0,17,0,138,88,4,230,0,144,99,4,247,277,0,277,524
08/19/2021,FFZ,AZ,AWP,CE,Towers with Radar,0,7,11,0,18,0,219,165,2,386,0,226,176,2,404,492,0,492,896
08/20/2021,FFZ,AZ,AWP,CE,Towers with Radar,0,7,5,0,12,0,182,153,2,337,0,189,158,2,349,409,0,409,758
08/21/2021,FFZ,AZ,AWP,CE,Towers with Radar,0,7,10,0,17,0,193,149,3,345,0,200,159,3,362,340,0,340,702
08/22/2021,FFZ,AZ,AWP,CE,Towers with Radar,0,9,8,0,17,0,156,130,2,288,0,165,138,2,305,365,0,365,670
08/23/2021,FFZ,AZ,AWP,CE,Towers with Radar,0,3,10,0,13,0,246,139,7,392,0,249,149,7,405,538,0,538,943
08/24/2021,FFZ,AZ,AWP,CE,Towers with Radar,0,1,7,0,8,0,281,156,6,443,0,282,163,6,451,609,0,609,1060
08/25/2021,FFZ,AZ,AWP,CE,Towers with Radar,0,12,7,0,19,0,234,136,18,388,0,246,143,18,407,555,0,555,962
08/26/2021,FFZ,AZ,AWP,CE,Towers with Radar,0,4,8,0,12,0,213,141,4,358,0,217,149,4,370,658,0,658,1028
08/27/2021,FFZ,AZ,AWP,CE,Towers with Radar,1,5,12,0,18,0,212,115,4,331,1,217,127,4,349,486,0,486,835
08/28/2021,FFZ,AZ,AWP,CE,Towers with Radar,2,3,12,0,17,0,152,118,4,274,2,155,130,4,291,175,0,175,466
08/29/2021,FFZ,AZ,AWP,CE,Towers with Radar,0,3,2,0,5,0,153,92,0,245,0,156,94,0,250,404,0,404,654
08/30/2021,FFZ,AZ,AWP,CE,Towers with Radar,0,5,7,0,12,0,203,94,7,304,0,208,101,7,316,471,0,471,787
08/31/2021,FFZ,AZ,AWP,CE,Towers with Radar,0,14,9,0,23,0,183,107,0,290,0,197,116,0,313,506,0,506,819
09/01/2021,FFZ,AZ,AWP,CE,Towers with Radar,1,13,6,0,20,0,148,75,6,229,1,161,81,6,249,518,0,518,767
09/02/2021,FFZ,AZ,AWP,CE,Towers with Radar,0,10,8,0,18,0,264,156,6,426,0,274,164,6,444,473,0,473,917
09/03/2021,FFZ,AZ,AWP,CE,Towers with Radar,0,6,8,0,14,0,230,161,7,398,0,236,169,7,412,572,0,572,984
09/04/2021,FFZ,AZ,AWP,CE,Towers with Radar,0,12,8,0,20,0,149,159,12,320,0,161,167,12,340,397,0,397,737
09/05/2021,FFZ,AZ,AWP,CE,Towers with Radar,0,4,2,0,6,0,136,85,0,221,0,140,87,0,227,340,0,340,567
09/06/2021,FFZ,AZ,AWP,CE,Towers with Radar,0,7,11,0,18,0,155,145,1,301,0,162,156,1,319,345,0,345,664
09/07/2021,FFZ,AZ,AWP,CE,Towers with Radar,0,7,5,0,12,0,222,147,3,372,0,229,152,3,384,441,0,441,825
09/08/2021,FFZ,AZ,AWP,CE,Towers with Radar,0,8,8,0,16,0,203,142,1,346,0,211,150,1,362,672,0,672,1034
09/09/2021,FFZ,AZ,AWP,CE,Towers with Radar,0,13,7,0,20,0,192,134,3,329,0,205,141,3,349,505,0,505,854
09/10/2021,FFZ,AZ,AWP,CE,Towers with Radar,0,12,8,0,20,0,202,166,1,369,0,214,174,1,389,464,0,464,853
09/11/2021,FFZ,AZ,AWP,CE,Towers with Radar,0,10,7,0,17,0,149,153,3,305,0,159,160,3,322,305,0,305,627
09/12/2021,FFZ,AZ,AWP,CE,Towers with Radar,0,7,10,0,17,0,149,108,1,258,0,156,118,1,275,303,0,303,578
09/13/2021,FFZ,AZ,AWP,CE,Towers with Radar,0,7,8,0,15,0,175,114,9,298,0,182,122,9,313,422,0,422,735
09/14/2021,FFZ,AZ,AWP,CE,Towers with Radar,0,7,5,0,12,0,235,170,3,408,0,242,175,3,420,555,0,555,975
09/15/2021,FFZ,AZ,AWP,CE,Towers with Radar,0,11,4,1,16,0,224,141,11,376,0,235,145,12,392,523,0,523,915
09/16/2021,FFZ,AZ,AWP,CE,Towers with Radar,0,5,7,0,12,0,240,147,3,390,0,245,154,3,402,655,0,655,1057
09/17/2021,FFZ,AZ,AWP,CE,Towers with Radar,0,10,12,0,22,0,165,118,6,289,0,175,130,6,311,513,8,521,832
09/18/2021,FFZ,AZ,AWP,CE,Towers with Radar,0,7,4,0,11,0,139,104,0,243,0,146,108,0,254,423,0,423,677
09/19/2021,FFZ,AZ,AWP,CE,Towers with Radar,0,5,7,0,12,0,128,92,0,220,0,133,99,0,232,263,0,263,495
09/20/2021,FFZ,AZ,AWP,CE,Towers with Radar,0,10,9,0,19,0,142,125,6,273,0,152,134,6,292,519,0,519,811
09/21/2021,FFZ,AZ,AWP,CE,Towers with Radar,0,6,6,2,14,0,231,145,7,383,0,237,151,9,397,561,0,561,958
09/22/2021,FFZ,AZ,AWP,CE,Towers with Radar,0,2,5,0,7,0,193,160,7,360,0,195,165,7,367,470,0,470,837
09/23/2021,FFZ,AZ,AWP,CE,Towers with Radar,0,12,10,0,22,0,224,153,4,381,0,236,163,4,403,546,0,546,949
09/24/2021,FFZ,AZ,AWP,CE,Towers with Radar,0,2,7,0,9,0,99,107,5,211,0,101,114,5,220,517,0,517,737
09/25/2021,FFZ,AZ,AWP,CE,Towers with Radar,0,8,6,0,14,0,132,135,7,274,0,140,141,7,288,453,0,453,741
09/26/2021,FFZ,AZ,AWP,CE,Towers with Radar,0,7,8,0,15,0,40,14,2,56,0,47,22,2,71,150,0,150,221
09/27/2021,FFZ,AZ,AWP,CE,Towers with Radar,0,12,6,2,20,0,213,139,3,355,0,225,145,5,375,540,0,540,915
09/28/2021,FFZ,AZ,AWP,CE,Towers with Radar,0,9,11,0,20,0,255,145,5,405,0,264,156,5,425,702,0,702,1127
09/29/2021,FFZ,AZ,AWP,CE,Towers with Radar,0,7,16,0,23,0,264,188,1,453,0,271,204,1,476,774,0,774,1250
09/30/2021,FFZ,AZ,AWP,CE,Towers with Radar,0,4,9,0,13,0,193,181,12,386,0,197,190,12,399,339,0,339,738
10/01/2021,FFZ,AZ,AWP,CE,Towers with Radar,0,8,11,0,19,0,200,179,4,383,0,208,190,4,402,465,0,465,867
10/02/2021,FFZ,AZ,AWP,CE,Towers with Radar,0,5,6,0,11,0,184,189,0,373,0,189,195,0,384,372,0,372,756
10/03/2021,FFZ,AZ,AWP,CE,Towers with Radar,0,9,12,0,21,0,144,146,0,290,0,153,158,0,311,312,0,312,623
10/04/2021,FFZ,AZ,AWP,CE,Towers with Radar,0,6,4,0,10,0,160,139,2,301,0,166,143,2,311,307,0,307,618
10/05/2021,FFZ,AZ,AWP,CE,Towers with Radar,0,4,9,0,13,0,94,87,5,186,0,98,96,5,199,148,0,148,347
10/06/2021,FFZ,AZ,AWP,CE,Towers with Radar,0,17,12,0,29,0,192,204,6,402,0,209,216,6,431,740,0,740,1171
10/07/2021,FFZ,AZ,AWP,CE,Towers with Radar,0,6,8,0,14,0,211,224,6,441,0,217,232,6,455,405,0,405,860
10/08/2021,FFZ,AZ,AWP,CE,Towers with Radar,0,9,8,0,17,0,178,167,3,348,0,187,175,3,365,430,0,430,795
10/09/2021,FFZ,AZ,AWP,CE,Towers with Radar,0,11,9,0,20,0,180,167,0,347,0,191,176,0,367,302,0,302,669
10/10/2021,FFZ,AZ,AWP,CE,Towers with Radar,0,2,14,0,16,0,136,149,0,285,0,138,163,0,301,267,0,267,568
10/11/2021,FFZ,AZ,AWP,CE,Towers with Radar,1,4,11,0,16,0,128,113,4,245,1,132,124,4,261,349,0,349,610
10/12/2021,FFZ,AZ,AWP,CE,Towers with Radar,0,4,12,0,16,0,128,115,2,245,0,132,127,2,261,648,0,648,909
10/13/2021,FFZ,AZ,AWP,CE,Towers with Radar,0,13,8,0,21,0,211,197,8,416,0,224,205,8,437,749,0,749,1186
10/14/2021,FFZ,AZ,AWP,CE,Towers with Radar,0,8,15,0,23,0,182,159,3,344,0,190,174,3,367,672,0,672,1039
10/15/2021,FFZ,AZ,AWP,CE,Towers with Radar,0,8,11,0,19,0,177,177,6,360,0,185,188,6,379,329,0,329,708
10/16/2021,FFZ,AZ,AWP,CE,Towers with Radar,0,4,9,0,13,0,109,208,2,319,0,113,217,2,332,297,0,297,629
10/17/2021,FFZ,AZ,AWP,CE,Towers with Radar,0,5,18,0,23,0,158,144,0,302,0,163,162,0,325,349,0,349,674
10/18/2021,FFZ,AZ,AWP,CE,Towers with Radar,0,9,18,0,27,0,158,130,9,297,0,167,148,9,324,501,0,501,825
10/19/2021,FFZ,AZ,AWP,CE,Towers with Radar,0,5,12,0,17,0,201,204,7,412,0,206,216,7,429,523,8,531,960
10/20/2021,FFZ,AZ,AWP,CE,Towers with Radar,0,10,8,0,18,0,299,225,2,526,0,309,233,2,544,768,0,768,1312
10/21/2021,FFZ,AZ,AWP,CE,Towers with Radar,0,8,9,0,17,0,251,204,3,458,0,259,213,3,475,684,0,684,1159
10/22/2021,FFZ,AZ,AWP,CE,Towers with Radar,0,7,9,0,16,0,207,181,4,392,0,214,190,4,408,452,0,452,860
10/23/2021,FFZ,AZ,AWP,CE,Towers with Radar,0,9,4,0,13,0,184,184,0,368,0,193,188,0,381,480,0,480,861
10/24/2021,FFZ,AZ,AWP,CE,Towers with Radar,1,6,12,0,19,0,149,163,0,312,1,155,175,0,331,543,0,543,874
10/25/2021,FFZ,AZ,AWP,CE,Towers with Radar,2,9,10,0,21,0,218,135,0,353,2,227,145,0,374,565,0,565,939
10/26/2021,FFZ,AZ,AWP,CE,Towers with Radar,0,4,6,0,10,0,253,135,0,388,0,257,141,0,398,572,0,572,970
10/27/2021,FFZ,AZ,AWP,CE,Towers with Radar,0,8,7,0,15,0,291,190,0,481,0,299,197,0,496,692,0,692,1188
10/28/2021,FFZ,AZ,AWP,CE,Towers with Radar,0,9,7,0,16,0,263,161,1,425,0,272,168,1,441,764,0,764,1205
10/29/2021,FFZ,AZ,AWP,CE,Towers with Radar,0,14,6,0,20,0,193,130,4,327,0,207,136,4,347,455,0,455,802
10/30/2021,FFZ,AZ,AWP,CE,Towers with Radar,0,13,13,0,26,0,181,201,3,385,0,194,214,3,411,234,0,234,645
10/31/2021,FFZ,AZ,AWP,CE,Towers with Radar,0,8,8,0,16,0,153,141,0,294,0,161,149,0,310,332,0,332,642
11/01/2021,FFZ,AZ,AWP,CE,Towers with Radar,0,6,8,0,14,0,214,159,6,379,0,220,167,6,393,431,0,431,824
11/02/2021,FFZ,AZ,AWP,CE,Towers with Radar,0,7,17,0,24,0,293,144,6,443,0,300,161,6,467,592,0,592,1059
11/03/2021,FFZ,AZ,AWP,CE,Towers with Radar,0,10,5,0,15,0,290,173,0,463,0,300,178,0,478,769,0,769,1247
11/04/2021,FFZ,AZ,AWP,CE,Towers with Radar,1,9,10,0,20,0,249,154,0,403,1,258,164,0,423,562,0,562,985
11/05/2021,FFZ,AZ,AWP,CE,Towers with Radar,0,13,12,0,25,0,223,168,2,393,0,236,180,2,418,607,0,607,1025
11/06/2021,FFZ,AZ,AWP,CE,Towers with Radar,0,4,4,0,8,0,173,159,4,336,0,177,163,4,344,549,0,549,893
11/07/2021,FFZ,AZ,AWP,CE,Towers with Radar,0,3,9,0,12,0,144,150,0,294,0,147,159,0,306,413,0,413,719
11/08/2021,FFZ,AZ,AWP,CE,Towers with Radar,0,8,18,0,26,0,184,154,4,342,0,192,172,4,368,426,0,426,794
11/09/2021,FFZ,AZ,AWP,CE,Towers with Radar,0,14,14,0,28,0,264,161,4,429,0,278,175,4,457,640,0,640,1097
11/10/2021,FFZ,AZ,AWP,CE,Towers with Radar,0,14,4,0,18,0,240,202,5,447,0,254,206,5,465,607,0,607,1072
11/11/2021,FFZ,AZ,AWP,CE,Towers with Radar,0,15,10,0,25,0,231,235,5,471,0,246,245,5,496,575,0,575,1071
11/12/2021,FFZ,AZ,AWP,CE,Towers with Radar,0,12,10,0,22,0,232,218,5,455,0,244,228,5,477,669,0,669,1146
11/13/2021,FFZ,AZ,AWP,CE,Towers with Radar,0,1,11,0,12,0,167,165,2,334,0,168,176,2,346,542,0,542,888
11/14/2021,FFZ,AZ,AWP,CE,Towers with Radar,0,8,6,0,14,0,135,141,1,277,0,143,147,1,291,356,0,356,647
11/15/2021,FFZ,AZ,AWP,CE,Towers with Radar,0,10,11,0,21,0,194,126,6,326,0,204,137,6,347,497,0,497,844
11/16/2021,FFZ,AZ,AWP,CE,Towers with Radar,0,8,10,0,18,0,259,182,5,446,0,267,192,5,464,696,0,696,1160
11/17/2021,FFZ,AZ,AWP,CE,Towers with Radar,0,16,10,0,26,0,297,177,0,474,0,313,187,0,500,580,0,580,1080
11/18/2021,FFZ,AZ,AWP,CE,Towers with Radar,1,10,10,0,21,0,225,160,0,385,1,235,170,0,406,595,0,595,1001
11/19/2021,FFZ,AZ,AWP,CE,Towers with Radar,0,8,9,0,17,0,255,179,3,437,0,263,188,3,454,404,0,404,858
11/20/2021,FFZ,AZ,AWP,CE,Towers with Radar,0,5,17,0,22,0,200,218,2,420,0,205,235,2,442,604,0,604,1046
11/21/2021,FFZ,AZ,AWP,CE,Towers with Radar,0,5,8,0,13,0,170,108,0,278,0,175,116,0,291,218,0,218,509
11/22/2021,FFZ,AZ,AWP,CE,Towers with Radar,0,8,10,0,18,0,205,131,6,342,0,213,141,6,360,479,0,479,839
11/23/2021,FFZ,AZ,AWP,CE,Towers with Radar,0,8,8,0,16,0,291,155,2,448,0,299,163,2,464,555,0,555,1019
11/24/2021,FFZ,AZ,AWP,CE,Towers with Radar,0,6,11,0,17,0,227,187,7,421,0,233,198,7,438,497,0,497,935
11/25/2021,FFZ,AZ,AWP,CE,Towers with Radar,0,0,1,0,1,0,1,47,0,48,0,1,48,0,49,39,0,39,88
11/26/2021,FFZ,AZ,AWP,CE,Towers with Radar,0,3,10,0,13,0,154,101,3,258,0,157,111,3,271,366,0,366,637
11/27/2021,FFZ,AZ,AWP,CE,Towers with Radar,0,4,12,0,16,0,144,196,5,345,0,148,208,5,361,379,0,379,740
11/28/2021,FFZ,AZ,AWP,CE,Towers with Radar,0,11,20,0,31,0,160,126,0,286,0,171,146,0,317,379,0,379,696
11/29/2021,FFZ,AZ,AWP,CE,Towers with Radar,0,9,8,0,17,0,207,158,5,370,0,216,166,5,387,594,0,594,981
11/30/2021,FFZ,AZ,AWP,CE,Towers with Radar,0,10,23,0,33,0,210,149,14,373,0,220,172,14,406,645,0,645,1051
12/01/2021,FFZ,AZ,AWP,CE,Towers with Radar,0,12,13,0,25,0,250,185,0,435,0,262,198,0,460,677,0,677,1137
12/02/2021,FFZ,AZ,AWP,CE,Towers with Radar,0,2,12,0,14,0,210,204,0,414,0,212,216,0,428,631,0,631,1059
12/03/2021,FFZ,AZ,AWP,CE,Towers with Radar,0,8,16,0,24,0,248,176,7,431,0,256,192,7,455,511,0,511,966
12/04/2021,FFZ,AZ,AWP,CE,Towers with Radar,0,15,9,0,24,0,174,238,4,416,0,189,247,4,440,528,0,528,968
12/05/2021,FFZ,AZ,AWP,CE,Towers with Radar,0,14,10,0,24,0,180,126,0,306,0,194,136,0,330,295,0,295,625
12/06/2021,FFZ,AZ,AWP,CE,Towers with Radar,0,5,15,0,20,0,201,109,1,311,0,206,124,1,331,603,0,603,934
12/07/2021,FFZ,AZ,AWP,CE,Towers with Radar,0,8,10,0,18,0,247,144,5,396,0,255,154,5,414,561,0,561,975
12/08/2021,FFZ,AZ,AWP,CE,Towers with Radar,0,11,6,0,17,0,266,188,4,458,0,277,194,4,475,642,0,642,1117
12/09/2021,FFZ,AZ,AWP,CE,Towers with Radar,0,7,10,0,17,0,221,144,3,368,0,228,154,3,385,506,0,506,891
12/10/2021,FFZ,AZ,AWP,CE,Towers with Radar,0,10,15,0,25,0,170,159,6,335,0,180,174,6,360,501,0,501,861
12/11/2021,FFZ,AZ,AWP,CE,Towers with Radar,0,9,6,0,15,0,187,197,2,386,0,196,203,2,401,455,0,455,856
12/12/2021,FFZ,AZ,AWP,CE,Towers with Radar,0,5,8,0,13,0,127,140,0,267,0,132,148,0,280,285,0,285,565
12/13/2021,FFZ,AZ,AWP,CE,Towers with Radar,0,7,6,0,13,0,184,119,10,313,0,191,125,10,326,392,0,392,718
12/14/2021,FFZ,AZ,AWP,CE,Towers with Radar,0,3,7,0,10,0,199,118,11,328,0,202,125,11,338,334,0,334,672
12/15/2021,FFZ,AZ,AWP,CE,Towers with Radar,0,13,12,0,25,0,212,140,9,361,0,225,152,9,386,619,0,619,1005
12/16/2021,FFZ,AZ,AWP,CE,Towers with Radar,0,11,17,0,28,0,231,181,8,420,0,242,198,8,448,579,0,579,1027
12/17/2021,FFZ,AZ,AWP,CE,Towers with Radar,0,3,18,0,21,0,218,167,5,390,0,221,185,5,411,598,0,598,1009
12/18/2021,FFZ,AZ,AWP,CE,Towers with Radar,0,2,13,0,15,0,141,157,3,301,0,143,170,3,316,339,0,339,655
12/19/2021,FFZ,AZ,AWP,CE,Towers with Radar,0,1,15,0,16,0,135,139,2,276,0,136,154,2,292,393,0,393,685
12/20/2021,FFZ,AZ,AWP,CE,Towers with Radar,0,3,7,0,10,0,204,138,2,344,0,207,145,2,354,397,0,397,751
12/21/2021,FFZ,AZ,AWP,CE,Towers with Radar,0,14,11,0,25,0,243,121,3,367,0,257,132,3,392,443,0,443,835
12/22/2021,FFZ,AZ,AWP,CE,Towers with Radar,1,12,12,0,25,0,226,206,3,435,1,238,218,3,460,472,0,472,932
12/23/2021,FFZ,AZ,AWP,CE,Towers with Radar,0,5,17,0,22,0,174,161,2,337,0,179,178,2,359,362,0,362,721
12/24/2021,FFZ,AZ,AWP,CE,Towers with Radar,0,4,2,0,6,0,0,2,0,2,0,4,4,0,8,2,0,2,10
12/25/2021,FFZ,AZ,AWP,CE,Towers with Radar,0,6,7,0,13,0,4,15,0,19,0,10,22,0,32,31,0,31,63
12/26/2021,FFZ,AZ,AWP,CE,Towers with Radar,0,6,7,0,13,0,68,85,0,153,0,74,92,0,166,313,0,313,479
12/27/2021,FFZ,AZ,AWP,CE,Towers with Radar,0,9,12,0,21,0,124,85,0,209,0,133,97,0,230,307,0,307,537
12/28/2021,FFZ,AZ,AWP,CE,Towers with Radar,0,2,11,0,13,0,70,48,5,123,0,72,59,5,136,287,0,287,423
12/29/2021,FFZ,AZ,AWP,CE,Towers with Radar,0,5,20,0,25,0,139,134,2,275,0,144,154,2,300,453,0,453,753
12/30/2021,FFZ,AZ,AWP,CE,Towers with Radar,0,2,9,0,11,0,163,137,6,306,0,165,146,6,317,245,0,245,562
12/31/2021,FFZ,AZ,AWP,CE,Towers with Radar,0,13,1,0,14,0,18,18,0,36,0,31,19,0,50,171,0,171,221
01/01/2022,FFZ,AZ,AWP,CE,Towers with Radar,0,5,7,0,12,0,35,50,0,85,0,40,57,0,97,39,0,39,136
01/02/2022,FFZ,AZ,AWP,CE,Towers with Radar,2,5,19,0,26,0,113,95,0,208,2,118,114,0,234,266,0,266,500
01/03/2022,FFZ,AZ,AWP,CE,Towers with Radar,0,7,12,0,19,0,214,160,0,374,0,221,172,0,393,401,0,401,794
01/04/2022,FFZ,AZ,AWP,CE,Towers with Radar,0,10,17,0,27,0,199,127,0,326,0,209,144,0,353,500,0,500,853
01/05/2022,FFZ,AZ,AWP,CE,Towers with Radar,0,16,5,0,21,0,226,161,2,389,0,242,166,2,410,428,0,428,838
01/06/2022,FFZ,AZ,AWP,CE,Towers with Radar,0,6,12,0,18,0,254,178,2,434,0,260,190,2,452,521,0,521,973
01/07/2022,FFZ,AZ,AWP,CE,Towers with Radar,0,3,6,0,9,0,222,177,8,407,0,225,183,8,416,388,0,388,804
01/08/2022,FFZ,AZ,AWP,CE,Towers with Radar,0,1,10,0,11,0,201,218,0,419,0,202,228,0,430,392,0,392,822
01/09/2022,FFZ,AZ,AWP,CE,Towers with Radar,0,2,8,0,10,0,140,149,0,289,0,142,157,0,299,247,0,247,546
01/10/2022,FFZ,AZ,AWP,CE,Towers with Radar,3,6,5,0,14,0,166,105,7,278,3,172,110,7,292,347,0,347,639
01/11/2022,FFZ,AZ,AWP,CE,Towers with Radar,0,4,7,0,11,0,207,161,3,371,0,211,168,3,382,469,0,469,851
01/12/2022,FFZ,AZ,AWP,CE,Towers with Radar,0,6,8,0,14,0,272,222,7,501,0,278,230,7,515,629,0,629,1144
01/13/2022,FFZ,AZ,AWP,CE,Towers with Radar,0,5,9,0,14,0,260,182,9,451,0,265,191,9,465,598,0,598,1063
01/14/2022,FFZ,AZ,AWP,CE,Towers with Radar,0,13,9,0,22,0,246,196,1,443,0,259,205,1,465,554,0,554,1019
01/15/2022,FFZ,AZ,AWP,CE,Towers with Radar,0,6,9,0,15,0,180,158,4,342,0,186,167,4,357,459,0,459,816
01/16/2022,FFZ,AZ,AWP,CE,Towers with Radar,0,0,8,0,8,0,161,172,1,334,0,161,180,1,342,528,0,528,870
01/17/2022,FFZ,AZ,AWP,CE,Towers with Radar,0,7,8,0,15,0,194,183,1,378,0,201,191,1,393,590,0,590,983
01/18/2022,FFZ,AZ,AWP,CE,Towers with Radar,0,3,15,0,18,0,223,141,1,365,0,226,156,1,383,633,0,633,1016
01/19/2022,FFZ,AZ,AWP,CE,Towers with Radar,0,6,11,0,17,0,249,177,9,435,0,255,188,9,452,684,0,684,1136
01/20/2022,FFZ,AZ,AWP,CE,Towers with Radar,0,10,7,0,17,0,224,182,6,412,0,234,189,6,429,653,0,653,1082
01/21/2022,FFZ,AZ,AWP,CE,Towers with Radar,0,9,7,0,16,0,242,174,8,424,0,251,181,8,440,821,0,821,1261
01/22/2022,FFZ,AZ,AWP,CE,Towers with Radar,0,5,6,0,11,0,139,114,0,253,0,144,120,0,264,356,0,356,620
01/23/2022,FFZ,AZ,AWP,CE,Towers with Radar,0,5,10,0,15,0,151,156,5,312,0,156,166,5,327,410,0,410,737
01/24/2022,FFZ,AZ,AWP,CE,Towers with Radar,0,9,12,0,21,0,209,188,2,399,0,218,200,2,420,651,0,651,1071
01/25/2022,FFZ,AZ,AWP,CE,Towers with Radar,0,5,12,0,17,0,251,174,9,434,0,256,186,9,451,714,0,714,1165
01/26/2022,FFZ,AZ,AWP,CE,Towers with Radar,0,5,17,0,22,0,213,187,6,406,0,218,204,6,428,675,0,675,1103
01/27/2022,FFZ,AZ,AWP,CE,Towers with Radar,0,9,16,0,25,0,258,193,8,459,0,267,209,8,484,453,0,453,937
01/28/2022,FFZ,AZ,AWP,CE,Towers with Radar,0,7,6,0,13,0,76,86,4,166,0,83,92,4,179,259,0,259,438
01/29/2022,FFZ,AZ,AWP,CE,Towers with Radar,0,2,18,0,20,0,173,193,0,366,0,175,211,0,386,354,0,354,740
01/30/2022,FFZ,AZ,AWP,CE,Towers with Radar,0,7,18,0,25,0,175,193,0,368,0,182,211,0,393,373,0,373,766
01/31/2022,FFZ,AZ,AWP,CE,Towers with Radar,0,1,18,0,19,0,228,192,4,424,0,229,210,4,443,608,0,608,1051
02/01/2022,FFZ,AZ,AWP,CE,Towers with Radar,0,6,16,0,22,0,263,196,6,465,0,269,212,6,487,566,0,566,1053
02/02/2022,FFZ,AZ,AWP,CE,Towers with Radar,0,8,7,0,15,0,252,164,7,423,0,260,171,7,438,611,0,611,1049
02/03/2022,FFZ,AZ,AWP,CE,Towers with Radar,0,9,12,0,21,0,281,233,3,517,0,290,245,3,538,577,0,577,1115
02/04/2022,FFZ,AZ,AWP,CE,Towers with Radar,1,9,17,0,27,0,209,180,1,390,1,218,197,1,417,438,0,438,855
02/05/2022,FFZ,AZ,AWP,CE,Towers with Radar,1,8,9,0,18,0,231,234,3,468,1,239,243,3,486,655,0,655,1141
02/06/2022,FFZ,AZ,AWP,CE,Towers with Radar,0,4,16,1,21,0,216,177,0,393,0,220,193,1,414,544,0,544,958
02/07/2022,FFZ,AZ,AWP,CE,Towers with Radar,0,5,9,0,14,0,220,148,3,371,0,225,157,3,385,620,0,620,1005
02/08/2022,FFZ,AZ,AWP,CE,Towers with Radar,0,11,14,0,25,0,304,161,2,467,0,315,175,2,492,611,0,611,1103
02/09/2022,FFZ,AZ,AWP,CE,Towers with Radar,0,8,14,0,22,0,259,245,7,511,0,267,259,7,533,727,0,727,1260
02/10/2022,FFZ,AZ,AWP,CE,Towers with Radar,0,4,13,0,17,0,269,176,2,447,0,273,189,2,464,523,0,523,987
02/11/2022,FFZ,AZ,AWP,CE,Towers with Radar,0,11,3,0,14,0,261,223,10,494,0,272,226,10,508,630,0,630,1138
02/12/2022,FFZ,AZ,AWP,CE,Towers with Radar,0,12,6,0,18,0,194,199,3,396,0,206,205,3,414,487,0,487,901
02/13/2022,FFZ,AZ,AWP,CE,Towers with Radar,0,0,5,0,5,0,168,173,1,342,0,168,178,1,347,529,0,529,876
02/14/2022,FFZ,AZ,AWP,CE,Towers with Radar,0,3,15,0,18,0,204,144,2,350,0,207,159,2,368,415,0,415,783
02/15/2022,FFZ,AZ,AWP,CE,Towers with Radar,0,7,11,0,18,0,194,163,2,359,0,201,174,2,377,456,0,456,833
02/16/2022,FFZ,AZ,AWP,CE,Towers with Radar,0,3,10,0,13,0,193,114,1,308,0,196,124,1,321,492,1,493,814
02/17/2022,FFZ,AZ,AWP,CE,Towers with Radar,0,6,16,0,22,0,292,219,6,517,0,298,235,6,539,631,0,631,1170
02/18/2022,FFZ,AZ,AWP,CE,Towers with Radar,0,15,17,0,32,0,187,230,3,420,0,202,247,3,452,573,0,573,1025
02/19/2022,FFZ,AZ,AWP,CE,Towers with Radar,0,9,7,0,16,0,162,222,4,388,0,171,229,4,404,409,0,409,813
02/20/2022,FFZ,AZ,AWP,CE,Towers with Radar,0,5,11,0,16,0,176,224,0,400,0,181,235,0,416,480,0,480,896
02/21/2022,FFZ,AZ,AWP,CE,Towers with Radar,0,6,16,0,22,0,141,115,7,263,0,147,131,7,285,407,0,407,692
02/22/2022,FFZ,AZ,AWP,CE,Towers with Radar,0,6,8,0,14,0,198,149,5,352,0,204,157,5,366,539,3,542,908
02/23/2022,FFZ,AZ,AWP,CE,Towers with Radar,0,9,5,0,14,0,10,27,2,39,0,19,32,2,53,76,0,76,129
02/24/2022,FFZ,AZ,AWP,CE,Towers with Radar,0,13,21,0,34,0,294,218,4,516,0,307,239,4,550,545,1,546,1096
02/25/2022,FFZ,AZ,AWP,CE,Towers with Radar,0,5,10,0,15,0,245,271,3,519,0,250,281,3,534,714,0,714,1248
02/26/2022,FFZ,AZ,AWP,CE,Towers with Radar,0,10,11,0,21,0,247,239,1,487,0,257,250,1,508,520,0,520,1028
02/27/2022,FFZ,AZ,AWP,CE,Towers with Radar,0,4,17,0,21,0,197,181,0,378,0,201,198,0,399,392,0,392,791
02/28/2022,FFZ,AZ,AWP,CE,Towers with Radar,0,6,14,0,20,0,238,180,6,424,0,244,194,6,444,310,0,310,754
03/01/2022,FFZ,AZ,AWP,CE,Towers with Radar,0,11,16,0,27,0,299,241,3,543,0,310,257,3,570,542,0,542,1112
03/02/2022,FFZ,AZ,AWP,CE,Towers with Radar,0,8,15,0,23,0,325,233,1,559,0,333,248,1,582,626,0,626,1208
03/03/2022,FFZ,AZ,AWP,CE,Towers with Radar,0,8,12,0,20,0,245,218,4,467,0,253,230,4,487,605,0,605,1092
03/04/2022,FFZ,AZ,AWP,CE,Towers with Radar,0,8,12,0,20,0,135,111,4,250,0,143,123,4,270,300,0,300,570
03/05/2022,FFZ,AZ,AWP,CE,Towers with Radar,0,11,13,0,24,0,179,178,2,359,0,190,191,2,383,295,0,295,678
03/06/2022,FFZ,AZ,AWP,CE,Towers with Radar,0,6,15,0,21,0,234,178,0,412,0,240,193,0,433,558,0,558,991
03/07/2022,FFZ,AZ,AWP,CE,Towers with Radar,0,6,17,0,23,0,245,147,6,398,0,251,164,6,421,596,0,596,1017
03/08/2022,FFZ,AZ,AWP,CE,Towers with Radar,0,4,16,0,20,0,308,182,3,493,0,312,198,3,513,631,0,631,1144
03/09/2022,FFZ,AZ,AWP,CE,Towers with Radar,0,11,10,0,21,0,295,217,0,512,0,306,227,0,533,581,0,581,1114
03/10/2022,FFZ,AZ,AWP,CE,Towers with Radar,1,9,12,0,22,0,217,182,6,405,1,226,194,6,427,339,0,339,766
03/11/2022,FFZ,AZ,AWP,CE,Towers with Radar,0,10,21,0,31,0,267,251,0,518,0,277,272,0,549,475,0,475,1024
03/12/2022,FFZ,AZ,AWP,CE,Towers with Radar,0,4,13,0,17,0,241,221,0,462,0,245,234,0,479,414,0,414,893
03/13/2022,FFZ,AZ,AWP,CE,Towers with Radar,0,7,21,0,28,0,184,166,2,352,0,191,187,2,380,517,0,517,897
03/14/2022,FFZ,AZ,AWP,CE,Towers with Radar,0,5,15,0,20,0,257,208,3,468,0,262,223,3,488,491,0,491,979
03/15/2022,FFZ,AZ,AWP,CE,Towers with Radar,0,5,7,0,12,0,270,222,1,493,0,275,229,1,505,730,0,730,1235
03/16/2022,FFZ,AZ,AWP,CE,Towers with Radar,0,9,34,0,43,0,251,176,5,432,0,260,210,5,475,446,0,446,921
03/17/2022,FFZ,AZ,AWP,CE,Towers with Radar,0,8,9,0,17,0,241,265,3,509,0,249,274,3,526,508,0,508,1034
03/18/2022,FFZ,AZ,AWP,CE,Towers with Radar,0,7,9,0,16,0,242,272,0,514,0,249,281,0,530,703,0,703,1233
03/19/2022,FFZ,AZ,AWP,CE,Towers with Radar,0,6,15,0,21,0,181,257,2,440,0,187,272,2,461,475,0,475,936
03/20/2022,FFZ,AZ,AWP,CE,Towers with Radar,0,2,7,0,9,0,166,130,0,296,0,168,137,0,305,417,0,417,722
03/21/2022,FFZ,AZ,AWP,CE,Towers with Radar,0,12,4,0,16,0,276,153,2,431,0,288,157,2,447,496,0,496,943
03/22/2022,FFZ,AZ,AWP,CE,Towers with Radar,0,8,9,0,17,0,237,193,5,435,0,245,202,5,452,545,0,545,997
03/23/2022,FFZ,AZ,AWP,CE,Towers with Radar,0,9,7,0,16,0,255,207,12,474,0,264,214,12,490,691,0,691,1181
03/24/2022,FFZ,AZ,AWP,CE,Towers with Radar,0,7,19,0,26,0,286,256,11,553,0,293,275,11,579,567,0,567,1146
03/25/2022,FFZ,AZ,AWP,CE,Towers with Radar,0,9,15,0,24,0,250,231,4,485,0,259,246,4,509,629,0,629,1138
03/26/2022,FFZ,AZ,AWP,CE,Towers with Radar,0,13,9,0,22,0,241,287,1,529,0,254,296,1,551,486,0,486,1037
03/27/2022,FFZ,AZ,AWP,CE,Towers with Radar,0,7,9,0,16,0,174,183,0,357,0,181,192,0,373,297,0,297,670
03/28/2022,FFZ,AZ,AWP,CE,Towers with Radar,0,12,18,0,30,0,191,141,8,340,0,203,159,8,370,418,0,418,788
03/29/2022,FFZ,AZ,AWP,CE,Towers with Radar,0,4,7,0,11,0,89,61,10,160,0,93,68,10,171,415,0,415,586
03/30/2022,FFZ,AZ,AWP,CE,Towers with Radar,0,11,10,0,21,0,326,214,6,546,0,337,224,6,567,595,0,595,1162
03/31/2022,FFZ,AZ,AWP,CE,Towers with Radar,0,18,11,0,29,0,261,215,7,483,0,279,226,7,512,573,0,573,1085
04/01/2022,FFZ,AZ,AWP,CE,Towers with Radar,0,10,11,0,21,0,235,220,5,460,0,245,231,5,481,515,0,515,996
04/02/2022,FFZ,AZ,AWP,CE,Towers with Radar,0,3,7,0,10,0,236,252,0,488,0,239,259,0,498,390,0,390,888
04/03/2022,FFZ,AZ,AWP,CE,Towers with Radar,0,7,18,0,25,0,272,187,1,460,0,279,205,1,485,508,0,508,993
04/04/2022,FFZ,AZ,AWP,CE,Towers with Radar,0,8,7,0,15,0,264,156,12,432,0,272,163,12,447,623,0,623,1070
04/05/2022,FFZ,AZ,AWP,CE,Towers with Radar,0,6,10,0,16,0,273,160,9,442,0,279,170,9,458,647,0,647,1105
04/06/2022,FFZ,AZ,AWP,CE,Towers with Radar,0,8,10,0,18,0,250,188,4,442,0,258,198,4,460,624,0,624,1084
04/07/2022,FFZ,AZ,AWP,CE,Towers with Radar,0,11,15,0,26,0,270,175,10,455,0,281,190,10,481,538,0,538,1019
04/08/2022,FFZ,AZ,AWP,CE,Towers with Radar,0,6,8,0,14,0,245,203,4,452,0,251,211,4,466,506,0,506,972
04/09/2022,FFZ,AZ,AWP,CE,Towers with Radar,0,0,1,0,1,0,181,197,1,379,0,181,198,1,380,556,0,556,936
04/10/2022,FFZ,AZ,AWP,CE,Towers with Radar,0,5,9,0,14,0,170,137,2,309,0,175,146,2,323,622,0,622,945
04/11/2022,FFZ,AZ,AWP,CE,Towers with Radar,0,10,7,0,17,0,233,114,2,349,0,243,121,2,366,481,0,481,847
04/12/2022,FFZ,AZ,AWP,CE,Towers with Radar,0,7,8,0,15,0,162,102,2,266,0,169,110,2,281,381,0,381,662
04/13/2022,FFZ,AZ,AWP,CE,Towers with Radar,0,10,6,0,16,0,300,180,7,487,0,310,186,7,503,725,0,725,1228
04/14/2022,FFZ,AZ,AWP,CE,Towers with Radar,0,9,11,0,20,0,275,223,7,505,0,284,234,7,525,819,0,819,1344
04/15/2022,FFZ,AZ,AWP,CE,Towers with Radar,0,5,9,0,14,0,249,199,7,455,0,254,208,7,469,702,0,702,1171
04/16/2022,FFZ,AZ,AWP,CE,Towers with Radar,0,7,4,0,11,0,211,210,1,422,0,218,214,1,433,671,0,671,1104
04/17/2022,FFZ,AZ,AWP,CE,Towers with Radar,0,7,11,0,18,0,176,150,1,327,0,183,161,1,345,549,0,549,894
04/18/2022,FFZ,AZ,AWP,CE,Towers with Radar,0,6,9,0,15,0,213,135,6,354,0,219,144,6,369,671,0,671,1040
04/19/2022,FFZ,AZ,AWP,CE,Towers with Radar,0,11,4,0,15,0,248,155,11,414,0,259,159,11,429,771,0,771,1200
04/20/2022,FFZ,AZ,AWP,CE,Towers with Radar,0,9,7,0,16,0,257,184,16,457,0,266,191,16,473,728,0,728,1201
04/21/2022,FFZ,AZ,AWP,CE,Towers with Radar,0,11,13,0,24,0,271,203,4,478,0,282,216,4,502,853,0,853,1355
04/22/2022,FFZ,AZ,AWP,CE,Towers with Radar,0,4,8,0,12,0,133,125,3,261,0,137,133,3,273,298,0,298,571
04/23/2022,FFZ,AZ,AWP,CE,Towers with Radar,0,2,5,0,7,0,275,207,4,486,0,277,212,4,493,521,0,521,1014
04/24/2022,FFZ,AZ,AWP,CE,Towers with Radar,0,4,9,0,13,0,206,149,2,357,0,210,158,2,370,450,0,450,820
04/25/2022,FFZ,AZ,AWP,CE,Towers with Radar,0,12,6,0,18,0,266,114,2,382,0,278,120,2,400,578,0,578,978
04/26/2022,FFZ,AZ,AWP,CE,Towers with Radar,0,11,11,0,22,0,261,136,1,398,0,272,147,1,420,605,0,605,1025
04/27/2022,FFZ,AZ,AWP,CE,Towers with Radar,0,11,8,0,19,0,251,154,2,407,0,262,162,2,426,736,0,736,1162
04/28/2022,FFZ,AZ,AWP,CE,Towers with Radar,0,9,10,0,19,0,233,155,10,398,0,242,165,10,417,471,0,471,888
04/29/2022,FFZ,AZ,AWP,CE,Towers with Radar,0,9,9,0,18,0,276,204,1,481,0,285,213,1,499,705,0,705,1204
04/30/2022,FFZ,AZ,AWP,CE,Towers with Radar,0,6,3,0,9,0,201,196,2,399,0,207,199,2,408,462,0,462,870
05/01/2022,FFZ,AZ,AWP,CE,Towers with Radar,0,10,1,0,11,0,166,113,1,280,0,176,114,1,291,335,0,335,626
05/02/2022,FFZ,AZ,AWP,CE,Towers with Radar,0,7,9,0,16,0,243,114,2,359,0,250,123,2,375,560,0,560,935
05/03/2022,FFZ,AZ,AWP,CE,Towers with Radar,0,3,3,0,6,0,273,151,5,429,0,276,154,5,435,727,0,727,1162
05/04/2022,FFZ,AZ,AWP,CE,Towers with Radar,0,2,10,0,12,0,314,193,7,514,0,316,203,7,526,653,0,653,1179
05/05/2022,FFZ,AZ,AWP,CE,Towers with Radar,0,7,13,0,20,0,249,169,7,425,0,256,182,7,445,795,0,795,1240
05/06/2022,FFZ,AZ,AWP,CE,Towers with Radar,0,6,18,0,24,0,240,159,20,419,0,246,177,20,443,573,0,573,1016
05/07/2022,FFZ,AZ,AWP,CE,Towers with Radar,0,9,6,0,15,0,198,183,1,382,0,207,189,1,397,501,0,501,898
05/08/2022,FFZ,AZ,AWP,CE,Towers with Radar,0,4,7,0,11,0,154,70,0,224,0,158,77,0,235,376,0,376,611
05/09/2022,FFZ,AZ,AWP,CE,Towers with Radar,0,9,5,0,14,0,241,126,3,370,0,250,131,3,384,605,0,605,989
05/10/2022,FFZ,AZ,AWP,CE,Towers with Radar,0,8,3,0,11,0,268,150,3,421,0,276,153,3,432,802,0,802,1234
05/11/2022,FFZ,AZ,AWP,CE,Towers with Radar,0,5,11,0,16,0,258,144,2,404,0,263,155,2,420,478,0,478,898
05/12/2022,FFZ,AZ,AWP,CE,Towers with Radar,0,8,14,2,24,0,286,160,10,456,0,294,174,12,480,791,0,791,1271
05/13/2022,FFZ,AZ,AWP,CE,Towers with Radar,0,11,8,1,20,0,283,170,3,456,0,294,178,4,476,740,0,740,1216
05/14/2022,FFZ,AZ,AWP,CE,Towers with Radar,0,8,8,0,16,0,206,137,0,343,0,214,145,0,359,476,0,476,835
05/15/2022,FFZ,AZ,AWP,CE,Towers with Radar,0,4,6,0,10,0,184,136,0,320,0,188,142,0,330,415,0,415,745
05/16/2022,FFZ,AZ,AWP,CE,Towers with Radar,0,9,9,0,18,0,231,108,5,344,0,240,117,5,362,700,0,700,1062
05/17/2022,FFZ,AZ,AWP,CE,Towers with Radar,0,8,3,0,11,0,275,109,9,393,0,283,112,9,404,682,0,682,1086
05/18/2022,FFZ,AZ,AWP,CE,Towers with Radar,0,11,5,0,16,0,261,150,1,412,0,272,155,1,428,704,0,704,1132
05/19/2022,FFZ,AZ,AWP,CE,Towers with Radar,1,10,10,1,22,0,248,157,6,411,1,258,167,7,433,539,0,539,972
05/20/2022,FFZ,AZ,AWP,CE,Towers with Radar,0,12,7,0,19,0,196,111,4,311,0,208,118,4,330,264,0,264,594
05/21/2022,FFZ,AZ,AWP,CE,Towers with Radar,0,6,3,0,9,0,199,183,1,383,0,205,186,1,392,409,0,409,801
05/22/2022,FFZ,AZ,AWP,CE,Towers with Radar,0,6,5,0,11,0,181,113,2,296,0,187,118,2,307,299,0,299,606
05/23/2022,FFZ,AZ,AWP,CE,Towers with Radar,0,9,6,1,16,0,234,93,7,334,0,243,99,8,350,454,0,454,804
05/24/2022,FFZ,AZ,AWP,CE,Towers with Radar,0,6,8,0,14,0,279,140,8,427,0,285,148,8,441,658,0,658,1099
05/25/2022,FFZ,AZ,AWP,CE,Towers with Radar,2,12,7,0,21,0,241,126,11,378,2,253,133,11,399,747,0,747,1146
05/26/2022,FFZ,AZ,AWP,CE,Towers with Radar,0,9,5,0,14,0,272,136,4,412,0,281,141,4,426,711,0,711,1137
05/27/2022,FFZ,AZ,AWP,CE,Towers with Radar,1,4,9,0,14,0,217,174,1,392,1,221,183,1,406,499,0,499,905
05/28/2022,FFZ,AZ,AWP,CE,Towers with Radar,0,7,6,0,13,0,168,151,0,319,0,175,157,0,332,345,0,345,677
05/29/2022,FFZ,AZ,AWP,CE,Towers with Radar,0,5,4,0,9,0,133,82,1,216,0,138,86,1,225,420,0,420,645
05/30/2022,FFZ,AZ,AWP,CE,Towers with Radar,0,4,7,0,11,0,159,128,0,287,0,163,135,0,298,272,0,272,570
05/31/2022,FFZ,AZ,AWP,CE,Towers with Radar,0,8,15,0,23,0,269,149,5,423,0,277,164,5,446,532,0,532,978
06/01/2022,FFZ,AZ,AWP,CE,Towers with Radar,0,12,10,2,24,0,283,151,6,440,0,295,161,8,464,758,0,758,1222
06/02/2022,FFZ,AZ,AWP,CE,Towers with Radar,0,12,6,0,18,0,254,155,1,410,0,266,161,1,428,601,0,601,1029
06/03/2022,FFZ,AZ,AWP,CE,Towers with Radar,0,9,8,0,17,0,261,153,11,425,0,270,161,11,442,523,0,523,965
06/04/2022,FFZ,AZ,AWP,CE,Towers with Radar,0,11,2,0,13,0,227,173,0,400,0,238,175,0,413,343,0,343,756
06/05/2022,FFZ,AZ,AWP,CE,Towers with Radar,0,8,3,0,11,0,172,124,0,296,0,180,127,0,307,341,0,341,648
06/06/2022,FFZ,AZ,AWP,CE,Towers with Radar,0,6,9,0,15,0,200,126,2,328,0,206,135,2,343,503,0,503,846
06/07/2022,FFZ,AZ,AWP,CE,Towers with Radar,0,15,10,0,25,0,270,107,4,381,0,285,117,4,406,620,0,620,1026
06/08/2022,FFZ,AZ,AWP,CE,Towers with Radar,0,11,11,0,22,0,296,121,1,418,0,307,132,1,440,536,0,536,976
06/09/2022,FFZ,AZ,AWP,CE,Towers with Radar,0,4,4,0,8,0,258,145,8,411,0,262,149,8,419,253,0,253,672
06/10/2022,FFZ,AZ,AWP,CE,Towers with Radar,0,9,7,0,16,0,227,138,1,366,0,236,145,1,382,486,0,486,868
06/11/2022,FFZ,AZ,AWP,CE,Towers with Radar,0,3,3,0,6,0,225,129,0,354,0,228,132,0,360,374,0,374,734
06/12/2022,FFZ,AZ,AWP,CE,Towers with Radar,0,8,1,0,9,0,166,79,0,245,0,174,80,0,254,284,0,284,538
06/13/2022,FFZ,AZ,AWP,CE,Towers with Radar,0,4,4,0,8,0,200,97,2,299,0,204,101,2,307,315,0,315,622
06/14/2022,FFZ,AZ,AWP,CE,Towers with Radar,0,5,12,0,17,0,213,159,2,374,0,218,171,2,391,445,0,445,836
06/15/2022,FFZ,AZ,AWP,CE,Towers with Radar,0,7,5,0,12,0,238,159,1,398,0,245,164,1,410,684,0,684,1094
06/16/2022,FFZ,AZ,AWP,CE,Towers with Radar,0,7,9,0,16,0,255,180,4,439,0,262,189,4,455,485,0,485,940
06/17/2022,FFZ,AZ,AWP,CE,Towers with Radar,0,6,13,0,19,0,234,136,8,378,0,240,149,8,397,484,0,484,881
06/18/2022,FFZ,AZ,AWP,CE,Towers with Radar,0,5,5,0,10,0,84,93,2,179,0,89,98,2,189,242,0,242,431
06/19/2022,FFZ,AZ,AWP,CE,Towers with Radar,0,4,5,0,9,0,154,114,1,269,0,158,119,1,278,337,0,337,615
06/20/2022,FFZ,AZ,AWP,CE,Towers with Radar,0,6,7,0,13,0,243,156,2,401,0,249,163,2,414,527,0,527,941
06/21/2022,FFZ,AZ,AWP,CE,Towers with Radar,0,6,6,0,12,0,284,131,7,422,0,290,137,7,434,576,0,576,1010
06/22/2022,FFZ,AZ,AWP,CE,Towers with Radar,1,10,9,0,20,0,242,152,6,400,1,252,161,6,420,645,0,645,1065
06/23/2022,FFZ,AZ,AWP,CE,Towers with Radar,0,4,9,0,13,0,190,123,6,319,0,194,132,6,332,54,0,54,386
06/24/2022,FFZ,AZ,AWP,CE,Towers with Radar,0,7,6,0,13,0,186,102,4,292,0,193,108,4,305,108,0,108,413
06/25/2022,FFZ,AZ,AWP,CE,Towers with Radar,0,3,1,0,4,0,219,131,0,350,0,222,132,0,354,114,0,114,468
06/26/2022,FFZ,AZ,AWP,CE,Towers with Radar,0,3,4,0,7,0,152,91,0,243,0,155,95,0,250,78,0,78,328
06/27/2022,FFZ,AZ,AWP,CE,Towers with Radar,0,5,5,0,10,0,225,118,4,347,0,230,123,4,357,114,0,114,471
06/28/2022,FFZ,AZ,AWP,CE,Towers with Radar,1,8,4,0,13,0,256,130,5,391,1,264,134,5,404,88,0,88,492
06/29/2022,FFZ,AZ,AWP,CE,Towers with Radar,0,8,6,0,14,0,201,109,6,316,0,209,115,6,330,53,0,53,383
06/30/2022,FFZ,AZ,AWP,CE,Towers with Radar,0,14,9,0,23,0,288,134,7,429,0,302,143,7,452,109,0,109,561
07/01/2022,FFZ,AZ,AWP,CE,Towers with Radar,0,5,9,0,14,0,220,142,0,362,0,225,151,0,376,94,0,94,470
07/02/2022,FFZ,AZ,AWP,CE,Towers with Radar,0,8,2,0,10,0,212,117,0,329,0,220,119,0,339,108,0,108,447
07/03/2022,FFZ,AZ,AWP,CE,Towers with Radar,0,0,3,0,3,0,160,82,0,242,0,160,85,0,245,73,0,73,318
07/04/2022,FFZ,AZ,AWP,CE,Towers with Radar,0,3,3,0,6,0,143,66,0,209,0,146,69,0,215,92,0,92,307
07/05/2022,FFZ,AZ,AWP,CE,Towers with Radar,0,5,12,0,17,0,211,129,4,344,0,216,141,4,361,145,0,145,506
07/06/2022,FFZ,AZ,AWP,CE,Towers with Radar,1,5,0,0,6,0,250,148,5,403,1,255,148,5,409,222,0,222,631
07/07/2022,FFZ,AZ,AWP,CE,Towers with Radar,0,6,5,0,11,0,276,168,12,456,0,282,173,12,467,492,0,492,959
07/08/2022,FFZ,AZ,AWP,CE,Towers with Radar,0,12,10,0,22,0,219,139,13,371,0,231,149,13,393,569,0,569,962
07/09/2022,FFZ,AZ,AWP,CE,Towers with Radar,0,4,3,0,7,0,174,122,0,296,0,178,125,0,303,272,0,272,575
07/10/2022,FFZ,AZ,AWP,CE,Towers with Radar,0,4,9,0,13,0,166,111,0,277,0,170,120,0,290,290,0,290,580
07/11/2022,FFZ,AZ,AWP,CE,Towers with Radar,0,4,6,0,10,0,192,116,4,312,0,196,122,4,322,372,0,372,694
07/12/2022,FFZ,AZ,AWP,CE,Towers with Radar,1,6,8,0,15,0,226,132,12,370,1,232,140,12,385,468,0,468,853
07/13/2022,FFZ,AZ,AWP,CE,Towers with Radar,0,11,4,0,15,0,230,147,7,384,0,241,151,7,399,480,0,480,879
07/14/2022,FFZ,AZ,AWP,CE,Towers with Radar,1,10,8,0,19,0,249,151,6,406,1,259,159,6,425,506,0,506,931
07/15/2022,FFZ,AZ,AWP,CE,Towers with Radar,0,6,7,0,13,0,226,125,3,354,0,232,132,3,367,455,0,455,822
07/16/2022,FFZ,AZ,AWP,CE,Towers with Radar,0,13,7,0,20,0,173,122,0,295,0,186,129,0,315,300,0,300,615
07/17/2022,FFZ,AZ,AWP,CE,Towers with Radar,0,11,8,0,19,0,141,92,0,233,0,152,100,0,252,247,0,247,499
07/18/2022,FFZ,AZ,AWP,CE,Towers with Radar,0,12,9,0,21,0,230,158,1,389,0,242,167,1,410,396,0,396,806
07/19/2022,FFZ,AZ,AWP,CE,Towers with Radar,0,8,8,0,16,0,225,128,6,359,0,233,136,6,375,224,0,224,599
07/20/2022,FFZ,AZ,AWP,CE,Towers with Radar,0,11,5,0,16,0,204,143,4,351,0,215,148,4,367,239,0,239,606
07/21/2022,FFZ,AZ,AWP,CE,Towers with Radar,0,5,7,0,12,0,213,135,4,352,0,218,142,4,364,416,0,416,780
07/22/2022,FFZ,AZ,AWP,CE,Towers with Radar,0,4,6,0,10,0,244,154,0,398,0,248,160,0,408,458,0,458,866
07/23/2022,FFZ,AZ,AWP,CE,Towers with Radar,0,7,1,0,8,0,155,74,4,233,0,162,75,4,241,378,0,378,619
07/24/2022,FFZ,AZ,AWP,CE,Towers with Radar,0,2,4,0,6,0,78,66,0,144,0,80,70,0,150,301,0,301,451
07/25/2022,FFZ,AZ,AWP,CE,Towers with Radar,0,8,9,0,17,0,205,106,2,313,0,213,115,2,330,400,0,400,730
07/26/2022,FFZ,AZ,AWP,CE,Towers with Radar,0,13,8,0,21,0,238,128,6,372,0,251,136,6,393,694,0,694,1087
07/27/2022,FFZ,AZ,AWP,CE,Towers with Radar,0,9,4,0,13,0,222,100,5,327,0,231,104,5,340,624,0,624,964
07/28/2022,FFZ,AZ,AWP,CE,Towers with Radar,0,3,9,0,12,0,134,102,3,239,0,137,111,3,251,510,0,510,761
07/29/2022,FFZ,AZ,AWP,CE,Towers with Radar,0,13,10,0,23,0,225,120,4,349,0,238,130,4,372,558,0,558,930
07/30/2022,FFZ,AZ,AWP,CE,Towers with Radar,0,12,4,0,16,0,174,111,0,285,0,186,115,0,301,398,0,398,699
07/31/2022,FFZ,AZ,AWP,CE,Towers with Radar,0,11,11,0,22,0,137,114,0,251,0,148,125,0,273,301,0,301,574
08/01/2022,FFZ,AZ,AWP,CE,Towers with Radar,0,7,1,0,8,0,196,121,3,320,0,203,122,3,328,530,0,530,858
08/02/2022,FFZ,AZ,AWP,CE,Towers with Radar,0,13,13,0,26,0,220,118,6,344,0,233,131,6,370,785,0,785,1155
08/03/2022,FFZ,AZ,AWP,CE,Towers with Radar,0,13,7,0,20,0,202,141,0,343,0,215,148,0,363,568,0,568,931
08/04/2022,FFZ,AZ,AWP,CE,Towers with Radar,0,12,9,0,21,0,276,128,0,404,0,288,137,0,425,775,0,775,1200
08/05/2022,FFZ,AZ,AWP,CE,Towers with Radar,0,14,12,0,26,0,229,131,1,361,0,243,143,1,387,524,0,524,911
08/06/2022,FFZ,AZ,AWP,CE,Towers with Radar,0,7,5,0,12,0,234,146,0,380,0,241,151,0,392,605,0,605,997
08/07/2022,FFZ,AZ,AWP,CE,Towers with Radar,0,14,8,0,22,0,134,86,0,220,0,148,94,0,242,441,0,441,683
08/08/2022,FFZ,AZ,AWP,CE,Towers with Radar,0,7,10,0,17,0,233,132,4,369,0,240,142,4,386,690,0,690,1076
08/09/2022,FFZ,AZ,AWP,CE,Towers with Radar,0,10,10,0,20,0,244,136,5,385,0,254,146,5,405,619,0,619,1024
08/10/2022,FFZ,AZ,AWP,CE,Towers with Radar,0,11,8,0,19,0,242,133,1,376,0,253,141,1,395,558,0,558,953
08/11/2022,FFZ,AZ,AWP,CE,Towers with Radar,0,10,10,0,20,0,216,118,0,334,0,226,128,0,354,817,0,817,1171
08/12/2022,FFZ,AZ,AWP,CE,Towers with Radar,0,15,7,0,22,0,162,97,4,263,0,177,104,4,285,465,0,465,750
08/13/2022,FFZ,AZ,AWP,CE,Towers with Radar,0,14,10,0,24,0,206,132,0,338,0,220,142,0,362,385,0,385,747
08/14/2022,FFZ,AZ,AWP,CE,Towers with Radar,0,6,8,0,14,0,133,113,0,246,0,139,121,0,260,460,0,460,720
08/15/2022,FFZ,AZ,AWP,CE,Towers with Radar,0,14,8,0,22,0,258,180,10,448,0,272,188,10,470,671,0,671,1141
08/16/2022,FFZ,AZ,AWP,CE,Towers with Radar,0,9,13,0,22,0,241,198,5,444,0,250,211,5,466,697,0,697,1163
08/17/2022,FFZ,AZ,AWP,CE,Towers with Radar,0,10,5,0,15,0,274,145,3,422,0,284,150,3,437,583,0,583,1020
08/18/2022,FFZ,AZ,AWP,CE,Towers with Radar,0,5,12,2,19,0,246,115,3,364,0,251,127,5,383,582,0,582,965
08/19/2022,FFZ,AZ,AWP,CE,Towers with Radar,0,5,9,0,14,0,163,100,6,269,0,168,109,6,283,486,0,486,769
08/20/2022,FFZ,AZ,AWP,CE,Towers with Radar,0,19,8,0,27,0,150,101,0,251,0,169,109,0,278,552,0,552,830
08/21/2022,FFZ,AZ,AWP,CE,Towers with Radar,0,13,14,0,27,0,157,104,0,261,0,170,118,0,288,559,0,559,847
08/22/2022,FFZ,AZ,AWP,CE,Towers with Radar,0,9,8,0,17,0,257,173,5,435,0,266,181,5,452,644,0,644,1096
08/23/2022,FFZ,AZ,AWP,CE,Towers with Radar,0,7,5,0,12,0,255,132,4,391,0,262,137,4,403,669,0,669,1072
08/24/2022,FFZ,AZ,AWP,CE,Towers with Radar,0,12,7,0,19,0,255,147,7,409,0,267,154,7,428,672,0,672,1100
08/25/2022,FFZ,AZ,AWP,CE,Towers with Radar,0,11,6,0,17,0,253,181,2,436,0,264,187,2,453,725,0,725,1178
08/26/2022,FFZ,AZ,AWP,CE,Towers with Radar,0,9,12,0,21,0,254,169,13,436,0,263,181,13,457,683,0,683,1140
08/27/2022,FFZ,AZ,AWP,CE,Towers with Radar,0,9,5,0,14,0,208,135,0,343,0,217,140,0,357,506,0,506,863
08/28/2022,FFZ,AZ,AWP,CE,Towers with Radar,0,4,9,0,13,0,153,121,0,274,0,157,130,0,287,456,0,456,743
08/29/2022,FFZ,AZ,AWP,CE,Towers with Radar,0,15,5,0,20,0,236,176,2,414,0,251,181,2,434,577,0,577,1011
08/30/2022,FFZ,AZ,AWP,CE,Towers with Radar,2,8,7,0,17,0,260,156,3,419,2,268,163,3,436,840,0,840,1276
08/31/2022,FFZ,AZ,AWP,CE,Towers with Radar,0,7,6,0,13,0,295,170,8,473,0,302,176,8,486,767,0,767,1253
09/01/2022,FFZ,AZ,AWP,CE,Towers with Radar,0,12,11,0,23,0,248,159,3,410,0,260,170,3,433,706,2,708,1141
09/02/2022,FFZ,AZ,AWP,CE,Towers with Radar,0,8,5,0,13,0,191,153,0,344,0,199,158,0,357,565,2,567,924
09/03/2022,FFZ,AZ,AWP,CE,Towers with Radar,0,8,3,0,11,0,140,123,0,263,0,148,126,0,274,272,0,272,546
09/04/2022,FFZ,AZ,AWP,CE,Towers with Radar,0,3,7,0,10,0,159,99,0,258,0,162,106,0,268,471,0,471,739
09/05/2022,FFZ,AZ,AWP,CE,Towers with Radar,0,6,12,0,18,0,254,167,0,421,0,260,179,0,439,545,0,545,984
09/06/2022,FFZ,AZ,AWP,CE,Towers with Radar,0,8,8,0,16,0,289,124,6,419,0,297,132,6,435,668,0,668,1103
09/07/2022,FFZ,AZ,AWP,CE,Towers with Radar,0,17,4,0,21,0,298,164,4,466,0,315,168,4,487,869,0,869,1356
09/08/2022,FFZ,AZ,AWP,CE,Towers with Radar,0,4,7,0,11,0,241,145,4,390,0,245,152,4,401,751,0,751,1152
09/09/2022,FFZ,AZ,AWP,CE,Towers with Radar,0,5,6,0,11,0,208,147,4,359,0,213,153,4,370,708,0,708,1078
09/10/2022,FFZ,AZ,AWP,CE,Towers with Radar,0,7,3,0,10,0,184,132,1,317,0,191,135,1,327,615,0,615,942
09/11/2022,FFZ,AZ,AWP,CE,Towers with Radar,0,6,10,0,16,0,181,93,0,274,0,187,103,0,290,534,0,534,824
09/12/2022,FFZ,AZ,AWP,CE,Towers with Radar,0,6,3,2,11,0,170,115,1,286,0,176,118,3,297,708,0,708,1005
09/13/2022,FFZ,AZ,AWP,CE,Towers with Radar,0,11,5,0,16,0,300,131,5,436,0,311,136,5,452,832,0,832,1284
09/14/2022,FFZ,AZ,AWP,CE,Towers with Radar,0,7,9,0,16,0,305,184,5,494,0,312,193,5,510,964,0,964,1474
09/15/2022,FFZ,AZ,AWP,CE,Towers with Radar,0,8,12,0,20,0,271,140,5,416,0,279,152,5,436,737,0,737,1173
09/16/2022,FFZ,AZ,AWP,CE,Towers with Radar,0,7,6,0,13,0,243,155,2,400,0,250,161,2,413,724,0,724,1137
09/17/2022,FFZ,AZ,AWP,CE,Towers with Radar,0,10,7,0,17,0,208,156,0,364,0,218,163,0,381,627,0,627,1008
09/18/2022,FFZ,AZ,AWP,CE,Towers with Radar,0,5,8,0,13,0,185,104,0,289,0,190,112,0,302,486,0,486,788
09/19/2022,FFZ,AZ,AWP,CE,Towers with Radar,0,7,14,1,22,0,256,142,2,400,0,263,156,3,422,569,0,569,991
09/20/2022,FFZ,AZ,AWP,CE,Towers with Radar,0,7,8,0,15,0,212,136,1,349,0,219,144,1,364,769,0,769,1133
09/21/2022,FFZ,AZ,AWP,CE,Towers with Radar,0,7,14,1,22,0,171,121,4,296,0,178,135,5,318,769,0,769,1087
09/22/2022,FFZ,AZ,AWP,CE,Towers with Radar,0,8,11,0,19,0,265,158,3,426,0,273,169,3,445,756,0,756,1201
09/23/2022,FFZ,AZ,AWP,CE,Towers with Radar,0,10,7,0,17,0,270,175,0,445,0,280,182,0,462,656,0,656,1118
09/24/2022,FFZ,AZ,AWP,CE,Towers with Radar,0,4,4,0,8,0,276,228,0,504,0,280,232,0,512,718,0,718,1230
09/25/2022,FFZ,AZ,AWP,CE,Towers with Radar,0,5,12,0,17,0,153,133,1,287,0,158,145,1,304,472,0,472,776
09/26/2022,FFZ,AZ,AWP,CE,Towers with Radar,0,6,11,0,17,0,195,120,21,336,0,201,131,21,353,540,0,540,893
09/27/2022,FFZ,AZ,AWP,CE,Towers with Radar,1,4,12,0,17,0,274,142,2,418,1,278,154,2,435,491,0,491,926
09/28/2022,FFZ,AZ,AWP,CE,Towers with Radar,0,8,8,0,16,0,178,153,2,333,0,186,161,2,349,600,0,600,949
09/29/2022,FFZ,AZ,AWP,CE,Towers with Radar,0,12,10,0,22,0,246,206,7,459,0,258,216,7,481,868,0,868,1349
09/30/2022,FFZ,AZ,AWP,CE,Towers with Radar,0,5,6,0,11,0,273,173,7,453,0,278,179,7,464,804,0,804,1268
10/01/2022,FFZ,AZ,AWP,CE,Towers with Radar,0,16,4,0,20,0,200,130,0,330,0,216,134,0,350,577,0,577,927
10/02/2022,FFZ,AZ,AWP,CE,Towers with Radar,0,9,9,0,18,0,194,105,0,299,0,203,114,0,317,486,0,486,803
10/03/2022,FFZ,AZ,AWP,CE,Towers with Radar,0,6,4,0,10,0,194,87,5,286,0,200,91,5,296,570,0,570,866
10/04/2022,FFZ,AZ,AWP,CE,Towers with Radar,0,6,11,0,17,0,277,139,4,420,0,283,150,4,437,775,0,775,1212
10/05/2022,FFZ,AZ,AWP,CE,Towers with Radar,0,6,12,0,18,0,357,157,7,521,0,363,169,7,539,730,0,730,1269
10/06/2022,FFZ,AZ,AWP,CE,Towers with Radar,0,6,15,0,21,0,185,136,7,328,0,191,151,7,349,740,0,740,1089
10/07/2022,FFZ,AZ,AWP,CE,Towers with Radar,1,8,10,0,19,0,225,160,6,391,1,233,170,6,410,541,0,541,951
10/08/2022,FFZ,AZ,AWP,CE,Towers with Radar,1,12,8,0,21,0,172,146,0,318,1,184,154,0,339,336,0,336,675
10/09/2022,FFZ,AZ,AWP,CE,Towers with Radar,0,8,13,0,21,0,215,123,0,338,0,223,136,0,359,382,0,382,741
10/10/2022,FFZ,AZ,AWP,CE,Towers with Radar,0,5,5,0,10,0,229,123,2,354,0,234,128,2,364,576,0,576,940
10/11/2022,FFZ,AZ,AWP,CE,Towers with Radar,0,12,6,2,20,0,290,134,1,425,0,302,140,3,445,691,0,691,1136
10/12/2022,FFZ,AZ,AWP,CE,Towers with Radar,0,7,15,0,22,0,365,186,8,559,0,372,201,8,581,642,0,642,1223
10/13/2022,FFZ,AZ,AWP,CE,Towers with Radar,0,6,5,2,13,0,290,163,2,455,0,296,168,4,468,545,0,545,1013
10/14/2022,FFZ,AZ,AWP,CE,Towers with Radar,0,20,11,0,31,0,294,172,10,476,0,314,183,10,507,663,0,663,1170
10/15/2022,FFZ,AZ,AWP,CE,Towers with Radar,0,2,6,0,8,0,89,52,0,141,0,91,58,0,149,220,0,220,369
10/16/2022,FFZ,AZ,AWP,CE,Towers with Radar,0,21,14,2,37,0,81,58,0,139,0,102,72,2,176,210,0,210,386
10/17/2022,FFZ,AZ,AWP,CE,Towers with Radar,0,9,8,4,21,0,298,172,8,478,0,307,180,12,499,692,0,692,1191
10/18/2022,FFZ,AZ,AWP,CE,Towers with Radar,0,13,8,2,23,0,411,129,4,544,0,424,137,6,567,484,0,484,1051
10/19/2022,FFZ,AZ,AWP,CE,Towers with Radar,0,11,7,4,22,0,259,169,6,434,0,270,176,10,456,598,0,598,1054
10/20/2022,FFZ,AZ,AWP,CE,Towers with Radar,0,14,9,1,24,0,315,187,2,504,0,329,196,3,528,756,0,756,1284
10/21/2022,FFZ,AZ,AWP,CE,Towers with Radar,0,8,8,0,16,0,342,232,1,575,0,350,240,1,591,579,0,579,1170
10/22/2022,FFZ,AZ,AWP,CE,Towers with Radar,0,6,9,0,15,0,198,136,0,334,0,204,145,0,349,403,0,403,752
10/23/2022,FFZ,AZ,AWP,CE,Towers with Radar,0,13,18,0,31,0,145,67,0,212,0,158,85,0,243,358,0,358,601
10/24/2022,FFZ,AZ,AWP,CE,Towers with Radar,0,9,10,0,19,0,304,155,9,468,0,313,165,9,487,684,0,684,1171
10/25/2022,FFZ,AZ,AWP,CE,Towers with Radar,0,3,4,0,7,0,310,172,7,489,0,313,176,7,496,699,0,699,1195
10/26/2022,FFZ,AZ,AWP,CE,Towers with Radar,0,10,9,0,19,0,274,201,5,480,0,284,210,5,499,728,0,728,1227
10/27/2022,FFZ,AZ,AWP,CE,Towers with Radar,0,15,14,2,31,0,294,164,4,462,0,309,178,6,493,675,0,675,1168
10/28/2022,FFZ,AZ,AWP,CE,Towers with Radar,0,4,12,0,16,0,292,237,6,535,0,296,249,6,551,777,0,777,1328
10/29/2022,FFZ,AZ,AWP,CE,Towers with Radar,0,4,8,0,12,0,257,194,0,451,0,261,202,0,463,690,0,690,1153
10/30/2022,FFZ,AZ,AWP,CE,Towers with Radar,0,7,14,0,21,0,236,165,0,401,0,243,179,0,422,637,0,637,1059
10/31/2022,FFZ,AZ,AWP,CE,Towers with Radar,0,4,10,0,14,0,332,182,2,516,0,336,192,2,530,675,0,675,1205
11/01/2022,FFZ,AZ,AWP,CE,Towers with Radar,0,6,14,0,20,0,325,185,1,511,0,331,199,1,531,678,0,678,1209
11/02/2022,FFZ,AZ,AWP,CE,Towers with Radar,0,10,11,0,21,0,265,155,1,421,0,275,166,1,442,816,0,816,1258
11/03/2022,FFZ,AZ,AWP,CE,Towers with Radar,0,6,16,0,22,0,129,85,1,215,0,135,101,1,237,446,0,446,683
11/04/2022,FFZ,AZ,AWP,CE,Towers with Radar,0,15,16,0,31,0,319,214,3,536,0,334,230,3,567,839,0,839,1406
11/05/2022,FFZ,AZ,AWP,CE,Towers with Radar,0,9,7,0,16,0,214,216,5,435,0,223,223,5,451,713,0,713,1164
11/06/2022,FFZ,AZ,AWP,CE,Towers with Radar,2,5,8,0,15,0,198,137,0,335,2,203,145,0,350,594,0,594,944
11/07/2022,FFZ,AZ,AWP,CE,Towers with Radar,0,5,7,0,12,0,275,189,6,470,0,280,196,6,482,713,0,713,1195
11/08/2022,FFZ,AZ,AWP,CE,Towers with Radar,0,7,7,0,14,0,308,198,2,508,0,315,205,2,522,700,0,700,1222
11/09/2022,FFZ,AZ,AWP,CE,Towers with Radar,0,21,13,0,34,0,105,71,6,182,0,126,84,6,216,434,0,434,650
11/10/2022,FFZ,AZ,AWP,CE,Towers with Radar,0,18,9,0,27,0,329,228,4,561,0,347,237,4,588,729,0,729,1317
11/11/2022,FFZ,AZ,AWP,CE,Towers with Radar,0,5,7,0,12,0,269,226,5,500,0,274,233,5,512,726,0,726,1238
11/12/2022,FFZ,AZ,AWP,CE,Towers with Radar,0,5,6,0,11,0,252,238,1,491,0,257,244,1,502,528,0,528,1030
11/13/2022,FFZ,AZ,AWP,CE,Towers with Radar,0,6,9,0,15,0,222,173,1,396,0,228,182,1,411,421,0,421,832
11/14/2022,FFZ,AZ,AWP,CE,Towers with Radar,0,10,6,0,16,0,292,180,2,474,0,302,186,2,490,779,0,779,1269
11/15/2022,FFZ,AZ,AWP,CE,Towers with Radar,0,12,9,0,21,0,273,216,3,492,0,285,225,3,513,812,0,812,1325
11/16/2022,FFZ,AZ,AWP,CE,Towers with Radar,0,10,13,0,23,0,301,134,4,439,0,311,147,4,462,773,0,773,1235
11/17/2022,FFZ,AZ,AWP,CE,Towers with Radar,0,15,14,0,29,0,274,224,3,501,0,289,238,3,530,1110,8,1118,1648
11/18/2022,FFZ,AZ,AWP,CE,Towers with Radar,0,9,6,0,15,0,241,219,7,467,0,250,225,7,482,761,0,761,1243
11/19/2022,FFZ,AZ,AWP,CE,Towers with Radar,0,3,16,0,19,0,226,234,0,460,0,229,250,0,479,645,0,645,1124
11/20/2022,FFZ,AZ,AWP,CE,Towers with Radar,0,4,5,0,9,0,174,145,1,320,0,178,150,1,329,574,0,574,903
11/21/2022,FFZ,AZ,AWP,CE,Towers with Radar,0,5,5,0,10,0,275,144,0,419,0,280,149,0,429,627,0,627,1056
11/22/2022,FFZ,AZ,AWP,CE,Towers with Radar,0,10,25,0,35,0,256,171,12,439,0,266,196,12,474,703,0,703,1177
11/23/2022,FFZ,AZ,AWP,CE,Towers with Radar,0,15,12,0,27,0,291,156,2,449,0,306,168,2,476,671,0,671,1147
11/24/2022,FFZ,AZ,AWP,CE,Towers with Radar,0,1,3,0,4,0,4,25,0,29,0,5,28,0,33,12,0,12,45
11/25/2022,FFZ,AZ,AWP,CE,Towers with Radar,1,2,6,0,9,0,143,144,0,287,1,145,150,0,296,377,0,377,673
11/26/2022,FFZ,AZ,AWP,CE,Towers with Radar,0,2,4,0,6,0,189,177,0,366,0,191,181,0,372,534,0,534,906
11/27/2022,FFZ,AZ,AWP,CE,Towers with Radar,0,7,17,0,24,0,173,185,0,358,0,180,202,0,382,580,0,580,962
11/28/2022,FFZ,AZ,AWP,CE,Towers with Radar,0,15,13,0,28,0,228,148,1,377,0,243,161,1,405,787,0,787,1192
11/29/2022,FFZ,AZ,AWP,CE,Towers with Radar,0,11,13,0,24,0,293,166,0,459,0,304,179,0,483,832,0,832,1315
11/30/2022,FFZ,AZ,AWP,CE,Towers with Radar,0,6,12,0,18,0,330,211,6,547,0,336,223,6,565,828,0,828,1393
12/01/2022,FFZ,AZ,AWP,CE,Towers with Radar,0,5,12,0,17,0,293,192,0,485,0,298,204,0,502,906,0,906,1408
12/02/2022,FFZ,AZ,AWP,CE,Towers with Radar,0,5,11,0,16,0,259,193,4,456,0,264,204,4,472,745,0,745,1217
12/03/2022,FFZ,AZ,AWP,CE,Towers with Radar,0,14,9,0,23,0,67,103,0,170,0,81,112,0,193,251,0,251,444
12/04/2022,FFZ,AZ,AWP,CE,Towers with Radar,0,24,14,1,39,0,8,25,0,33,0,32,39,1,72,166,0,166,238
12/05/2022,FFZ,AZ,AWP,CE,Towers with Radar,0,41,7,0,48,0,72,57,8,137,0,113,64,8,185,371,0,371,556
12/06/2022,FFZ,AZ,AWP,CE,Towers with Radar,0,34,7,0,41,0,167,108,11,286,0,201,115,11,327,669,0,669,996
12/07/2022,FFZ,AZ,AWP,CE,Towers with Radar,0,11,15,0,26,0,257,164,13,434,0,268,179,13,460,808,0,808,1268
12/08/2022,FFZ,AZ,AWP,CE,Towers with Radar,0,9,20,0,29,0,304,207,3,514,0,313,227,3,543,619,0,619,1162
12/09/2022,FFZ,AZ,AWP,CE,Towers with Radar,0,6,11,0,17,0,297,212,3,512,0,303,223,3,529,675,0,675,1204
12/10/2022,FFZ,AZ,AWP,CE,Towers with Radar,0,7,8,0,15,0,225,168,1,394,0,232,176,1,409,708,0,708,1117
12/11/2022,FFZ,AZ,AWP,CE,Towers with Radar,0,6,8,0,14,0,200,265,0,465,0,206,273,0,479,503,0,503,982
12/12/2022,FFZ,AZ,AWP,CE,Towers with Radar,0,3,5,0,8,0,105,62,4,171,0,108,67,4,179,449,0,449,628
12/13/2022,FFZ,AZ,AWP,CE,Towers with Radar,0,3,11,0,14,0,186,127,7,320,0,189,138,7,334,801,0,801,1135
12/14/2022,FFZ,AZ,AWP,CE,Towers with Radar,0,7,6,2,15,0,308,171,3,482,0,315,177,5,497,434,0,434,931
12/15/2022,FFZ,AZ,AWP,CE,Towers with Radar,0,11,8,0,19,0,288,209,6,503,0,299,217,6,522,636,0,636,1158
12/16/2022,FFZ,AZ,AWP,CE,Towers with Radar,0,7,18,2,27,0,349,190,5,544,0,356,208,7,571,603,0,603,1174
12/17/2022,FFZ,AZ,AWP,CE,Towers with Radar,0,6,9,0,15,0,260,216,0,476,0,266,225,0,491,577,0,577,1068
12/18/2022,FFZ,AZ,AWP,CE,Towers with Radar,0,5,11,0,16,0,214,158,1,373,0,219,169,1,389,613,0,613,1002
12/19/2022,FFZ,AZ,AWP,CE,Towers with Radar,0,2,15,0,17,0,290,163,3,456,0,292,178,3,473,661,0,661,1134
12/20/2022,FFZ,AZ,AWP,CE,Towers with Radar,0,9,17,0,26,0,292,163,0,455,0,301,180,0,481,551,0,551,1032
12/21/2022,FFZ,AZ,AWP,CE,Towers with Radar,0,15,11,0,26,0,291,170,4,465,0,306,181,4,491,581,0,581,1072
12/22/2022,FFZ,AZ,AWP,CE,Towers with Radar,0,7,4,0,11,0,258,164,9,431,0,265,168,9,442,403,0,403,845
12/23/2022,FFZ,AZ,AWP,CE,Towers with Radar,0,12,10,0,22,0,203,156,0,359,0,215,166,0,381,437,0,437,818
12/24/2022,FFZ,AZ,AWP,CE,Towers with Radar,0,4,4,0,8,0,106,137,1,244,0,110,141,1,252,247,0,247,499
12/25/2022,FFZ,AZ,AWP,CE,Towers with Radar,0,3,0,0,3,0,2,30,0,32,0,5,30,0,35,21,0,21,56
12/26/2022,FFZ,AZ,AWP,CE,Towers with Radar,0,2,12,0,14,0,126,160,1,287,0,128,172,1,301,248,0,248,549
12/27/2022,FFZ,AZ,AWP,CE,Towers with Radar,0,6,13,0,19,0,162,167,0,329,0,168,180,0,348,494,0,494,842
12/28/2022,FFZ,AZ,AWP,CE,Towers with Radar,0,9,6,0,15,0,10,5,0,15,0,19,11,0,30,5,0,5,35
12/29/2022,FFZ,AZ,AWP,CE,Towers with Radar,0,12,17,0,29,0,233,117,0,350,0,245,134,0,379,661,0,661,1040
12/30/2022,FFZ,AZ,AWP,CE,Towers with Radar,0,35,21,0,56,0,35,38,1,74,0,70,59,1,130,465,0,465,595
12/31/2022,FFZ,AZ,AWP,CE,Towers with Radar,0,9,9,0,18,0,199,181,0,380,0,208,190,0,398,586,0,586,984
01/01/2023,FFZ,AZ,AWP,CE,Towers with Radar,0,1,3,0,4,0,0,3,0,3,0,1,6,0,7,0,0,0,7
01/02/2023,FFZ,AZ,AWP,CE,Towers with Radar,0,3,18,0,21,0,164,78,0,242,0,167,96,0,263,593,0,593,856
01/03/2023,FFZ,AZ,AWP,CE,Towers with Radar,0,8,7,0,15,0,242,99,0,341,0,250,106,0,356,732,0,732,1088
01/04/2023,FFZ,AZ,AWP,CE,Towers with Radar,0,21,11,3,35,0,323,220,3,546,0,344,231,6,581,807,0,807,1388
01/05/2023,FFZ,AZ,AWP,CE,Towers with Radar,0,16,8,0,24,0,330,208,6,544,0,346,216,6,568,701,0,701,1269
01/06/2023,FFZ,AZ,AWP,CE,Towers with Radar,0,16,7,0,23,0,262,214,0,476,0,278,221,0,499,781,0,781,1280
01/07/2023,FFZ,AZ,AWP,CE,Towers with Radar,0,4,15,0,19,0,277,275,2,554,0,281,290,2,573,626,0,626,1199
01/08/2023,FFZ,AZ,AWP,CE,Towers with Radar,0,9,16,0,25,0,236,162,0,398,0,245,178,0,423,759,0,759,1182
01/09/2023,FFZ,AZ,AWP,CE,Towers with Radar,1,15,10,0,26,0,262,173,1,436,1,277,183,1,462,750,0,750,1212
01/10/2023,FFZ,AZ,AWP,CE,Towers with Radar,0,14,6,1,21,0,317,226,3,546,0,331,232,4,567,787,0,787,1354
01/11/2023,FFZ,AZ,AWP,CE,Towers with Radar,0,14,18,0,32,0,321,198,3,522,0,335,216,3,554,800,0,800,1354
01/12/2023,FFZ,AZ,AWP,CE,Towers with Radar,0,13,16,0,29,0,296,206,3,505,0,309,222,3,534,725,0,725,1259
01/13/2023,FFZ,AZ,AWP,CE,Towers with Radar,0,10,11,0,21,0,320,229,10,559,0,330,240,10,580,694,0,694,1274
01/14/2023,FFZ,AZ,AWP,CE,Towers with Radar,0,11,5,0,16,0,277,252,8,537,0,288,257,8,553,600,0,600,1153
01/15/2023,FFZ,AZ,AWP,CE,Towers with Radar,0,12,9,0,21,0,31,14,0,45,0,43,23,0,66,327,0,327,393
01/16/2023,FFZ,AZ,AWP,CE,Towers with Radar,0,11,12,0,23,0,34,24,3,61,0,45,36,3,84,232,0,232,316
01/17/2023,FFZ,AZ,AWP,CE,Towers with Radar,0,4,11,0,15,0,298,132,3,433,0,302,143,3,448,756,0,756,1204
01/18/2023,FFZ,AZ,AWP,CE,Towers with Radar,0,14,15,0,29,0,331,231,1,563,0,345,246,1,592,727,0,727,1319
01/19/2023,FFZ,AZ,AWP,CE,Towers with Radar,0,4,19,0,23,0,349,246,10,605,0,353,265,10,628,705,0,705,1333
01/20/2023,FFZ,AZ,AWP,CE,Towers with Radar,0,7,23,0,30,0,298,221,7,526,0,305,244,7,556,764,0,764,1320
01/21/2023,FFZ,AZ,AWP,CE,Towers with Radar,0,8,13,0,21,0,261,280,0,541,0,269,293,0,562,439,0,439,1001
01/22/2023,FFZ,AZ,AWP,CE,Towers with Radar,0,4,14,0,18,0,204,161,1,366,0,208,175,1,384,441,0,441,825
01/23/2023,FFZ,AZ,AWP,CE,Towers with Radar,0,6,11,0,17,0,260,115,3,378,0,266,126,3,395,680,0,680,1075
01/24/2023,FFZ,AZ,AWP,CE,Towers with Radar,0,8,12,0,20,0,272,205,1,478,0,280,217,1,498,633,0,633,1131
01/25/2023,FFZ,AZ,AWP,CE,Towers with Radar,0,11,16,0,27,0,288,191,1,480,0,299,207,1,507,728,0,728,1235
01/26/2023,FFZ,AZ,AWP,CE,Towers with Radar,0,15,11,0,26,0,241,142,8,391,0,256,153,8,417,435,0,435,852
01/27/2023,FFZ,AZ,AWP,CE,Towers with Radar,0,7,15,1,23,0,331,244,9,584,0,338,259,10,607,656,0,656,1263
01/28/2023,FFZ,AZ,AWP,CE,Towers with Radar,0,14,14,0,28,0,262,244,1,507,0,276,258,1,535,573,0,573,1108
01/29/2023,FFZ,AZ,AWP,CE,Towers with Radar,0,11,18,0,29,0,233,178,0,411,0,244,196,0,440,347,0,347,787
01/30/2023,FFZ,AZ,AWP,CE,Towers with Radar,0,3,10,0,13,0,223,132,5,360,0,226,142,5,373,601,0,601,974
01/31/2023,FFZ,AZ,AWP,CE,Towers with Radar,0,2,12,0,14,0,228,141,9,378,0,230,153,9,392,639,0,639,1031
02/01/2023,FFZ,AZ,AWP,CE,Towers with Radar,0,13,5,0,18,0,321,199,1,521,0,334,204,1,539,806,0,806,1345
02/02/2023,FFZ,AZ,AWP,CE,Towers with Radar,0,7,14,0,21,0,321,212,4,537,0,328,226,4,558,946,0,946,1504
02/03/2023,FFZ,AZ,AWP,CE,Towers with Radar,0,10,14,0,24,0,236,226,3,465,0,246,240,3,489,648,0,648,1137
02/04/2023,FFZ,AZ,AWP,CE,Towers with Radar,0,16,6,0,22,0,236,317,1,554,0,252,323,1,576,571,0,571,1147
02/05/2023,FFZ,AZ,AWP,CE,Towers with Radar,0,9,13,1,23,0,208,164,1,373,0,217,177,2,396,697,0,697,1093
02/06/2023,FFZ,AZ,AWP,CE,Towers with Radar,0,12,7,1,20,0,275,153,2,430,0,287,160,3,450,764,0,764,1214
02/07/2023,FFZ,AZ,AWP,CE,Towers with Radar,0,4,9,0,13,0,264,225,2,491,0,268,234,2,504,748,0,748,1252
02/08/2023,FFZ,AZ,AWP,CE,Towers with Radar,0,4,22,0,26,0,306,242,0,548,0,310,264,0,574,704,0,704,1278
02/09/2023,FFZ,AZ,AWP,CE,Towers with Radar,0,14,16,0,30,0,212,133,3,348,0,226,149,3,378,566,0,566,944
02/10/2023,FFZ,AZ,AWP,CE,Towers with Radar,0,8,24,0,32,0,137,109,6,252,0,145,133,6,284,284,0,284,568
02/11/2023,FFZ,AZ,AWP,CE,Towers with Radar,0,10,14,0,24,0,141,148,0,289,0,151,162,0,313,438,0,438,751
02/12/2023,FFZ,AZ,AWP,CE,Towers with Radar,1,5,19,0,25,0,97,68,0,165,1,102,87,0,190,296,0,296,486
02/13/2023,FFZ,AZ,AWP,CE,Towers with Radar,0,11,39,1,51,0,58,66,0,124,0,69,105,1,175,498,0,498,673
02/14/2023,FFZ,AZ,AWP,CE,Towers with Radar,0,1,13,0,14,0,51,55,3,109,0,52,68,3,123,315,0,315,438
02/15/2023,FFZ,AZ,AWP,CE,Towers with Radar,0,11,9,0,20,0,285,212,7,504,0,296,221,7,524,173,0,173,697
02/16/2023,FFZ,AZ,AWP,CE,Towers with Radar,0,10,13,0,23,0,327,261,5,593,0,337,274,5,616,148,0,148,764
02/17/2023,FFZ,AZ,AWP,CE,Towers with Radar,0,8,19,1,28,0,161,178,8,347,0,169,197,9,375,132,0,132,507
02/18/2023,FFZ,AZ,AWP,CE,Towers with Radar,3,12,11,1,27,0,287,250,7,544,3,299,261,8,571,52,0,52,623
02/19/2023,FFZ,AZ,AWP,CE,Towers with Radar,0,6,10,0,16,0,211,192,0,403,0,217,202,0,419,28,0,28,447
02/20/2023,FFZ,AZ,AWP,CE,Towers with Radar,0,8,10,0,18,0,245,190,4,439,0,253,200,4,457,31,0,31,488
02/21/2023,FFZ,AZ,AWP,CE,Towers with Radar,0,13,13,0,26,0,110,107,3,220,0,123,120,3,246,79,0,79,325
02/22/2023,FFZ,AZ,AWP,CE,Towers with Radar,0,3,8,0,11,0,5,8,0,13,0,8,16,0,24,8,0,8,32
02/23/2023,FFZ,AZ,AWP,CE,Towers with Radar,0,3,9,0,12,0,303,173,6,482,0,306,182,6,494,109,0,109,603
02/24/2023,FFZ,AZ,AWP,CE,Towers with Radar,0,3,8,0,11,0,317,242,3,562,0,320,250,3,573,61,0,61,634
02/25/2023,FFZ,AZ,AWP,CE,Towers with Radar,0,10,6,0,16,0,251,164,2,417,0,261,170,2,433,8,0,8,441
02/26/2023,FFZ,AZ,AWP,CE,Towers with Radar,0,3,3,0,6,0,82,57,0,139,0,85,60,0,145,12,0,12,157
02/27/2023,FFZ,AZ,AWP,CE,Towers with Radar,0,6,13,0,19,0,275,203,0,478,0,281,216,0,497,79,0,79,576
02/28/2023,FFZ,AZ,AWP,CE,Towers with Radar,0,15,8,0,23,0,309,203,2,514,0,324,211,2,537,66,0,66,603
03/01/2023,FFZ,AZ,AWP,CE,Towers with Radar,0,3,4,0,7,0,144,90,3,237,0,147,94,3,244,98,0,98,342
03/02/2023,FFZ,AZ,AWP,CE,Towers with Radar,0,3,9,0,12,0,216,138,2,356,0,219,147,2,368,68,0,68,436
03/03/2023,FFZ,AZ,AWP,CE,Towers with Radar,0,13,14,0,27,0,297,214,6,517,0,310,228,6,544,82,0,82,626
03/04/2023,FFZ,AZ,AWP,CE,Towers with Radar,0,9,12,0,21,0,245,244,3,492,0,254,256,3,513,13,0,13,526
03/05/2023,FFZ,AZ,AWP,CE,Towers with Radar,1,9,8,0,18,0,148,185,0,333,1,157,193,0,351,201,0,201,552
03/06/2023,FFZ,AZ,AWP,CE,Towers with Radar,0,14,18,0,32,0,271,207,4,482,0,285,225,4,514,579,0,579,1093
03/07/2023,FFZ,AZ,AWP,CE,Towers with Radar,0,16,12,0,28,0,271,205,6,482,0,287,217,6,510,829,0,829,1339
03/08/2023,FFZ,AZ,AWP,CE,Towers with Radar,0,12,8,0,20,0,308,213,9,530,0,320,221,9,550,729,0,729,1279
03/09/2023,FFZ,AZ,AWP,CE,Towers with Radar,0,16,11,1,28,0,321,215,9,545,0,337,226,10,573,556,0,556,1129
03/10/2023,FFZ,AZ,AWP,CE,Towers with Radar,0,14,16,0,30,0,290,226,8,524,0,304,242,8,554,543,0,543,1097
03/11/2023,FFZ,AZ,AWP,CE,Towers with Radar,0,8,9,0,17,0,204,180,1,385,0,212,189,1,402,486,0,486,888
03/12/2023,FFZ,AZ,AWP,CE,Towers with Radar,0,16,13,0,29,0,170,165,1,336,0,186,178,1,365,450,0,450,815
03/13/2023,FFZ,AZ,AWP,CE,Towers with Radar,0,18,14,0,32,0,269,208,5,482,0,287,222,5,514,332,0,332,846
03/14/2023,FFZ,AZ,AWP,CE,Towers with Radar,0,11,11,0,22,0,284,202,1,487,0,295,213,1,509,582,0,582,1091
03/15/2023,FFZ,AZ,AWP,CE,Towers with Radar,0,9,14,0,23,0,52,35,4,91,0,61,49,4,114,355,0,355,469
03/16/2023,FFZ,AZ,AWP,CE,Towers with Radar,0,18,18,0,36,0,226,181,6,413,0,244,199,6,449,729,0,729,1178
03/17/2023,FFZ,AZ,AWP,CE,Towers with Radar,0,6,9,0,15,0,204,186,3,393,0,210,195,3,408,407,0,407,815
03/18/2023,FFZ,AZ,AWP,CE,Towers with Radar,0,12,12,0,24,0,204,302,4,510,0,216,314,4,534,411,0,411,945
03/19/2023,FFZ,AZ,AWP,CE,Towers with Radar,0,7,5,0,12,0,159,126,0,285,0,166,131,0,297,414,0,414,711
03/20/2023,FFZ,AZ,AWP,CE,Towers with Radar,1,16,17,0,34,0,286,177,2,465,1,302,194,2,499,84,0,84,583
03/21/2023,FFZ,AZ,AWP,CE,Towers with Radar,0,5,13,1,19,0,155,83,4,242,0,160,96,5,261,370,0,370,631
03/22/2023,FFZ,AZ,AWP,CE,Towers with Radar,0,13,8,1,22,0,145,96,1,242,0,158,104,2,264,509,0,509,773
03/23/2023,FFZ,AZ,AWP,CE,Towers with Radar,0,7,13,2,22,0,334,252,2,588,0,341,265,4,610,185,0,185,795
03/24/2023,FFZ,AZ,AWP,CE,Towers with Radar,0,13,17,2,32,0,275,202,4,481,0,288,219,6,513,558,0,558,1071
03/25/2023,FFZ,AZ,AWP,CE,Towers with Radar,0,13,17,0,30,0,276,269,9,554,0,289,286,9,584,463,0,463,1047
03/26/2023,FFZ,AZ,AWP,CE,Towers with Radar,0,6,19,0,25,0,167,175,0,342,0,173,194,0,367,427,0,427,794
03/27/2023,FFZ,AZ,AWP,CE,Towers with Radar,0,10,13,1,24,0,275,182,5,462,0,285,195,6,486,686,0,686,1172
03/28/2023,FFZ,AZ,AWP,CE,Towers with Radar,0,11,11,1,23,0,312,241,6,559,0,323,252,7,582,582,0,582,1164
03/29/2023,FFZ,AZ,AWP,CE,Towers with Radar,0,16,15,2,33,0,344,215,3,562,0,360,230,5,595,687,0,687,1282
03/30/2023,FFZ,AZ,AWP,CE,Towers with Radar,0,9,12,0,21,0,188,107,7,302,0,197,119,7,323,343,0,343,666
03/31/2023,FFZ,AZ,AWP,CE,Towers with Radar,0,20,15,0,35,0,303,246,5,554,0,323,261,5,589,616,0,616,1205
04/01/2023,FFZ,AZ,AWP,CE,Towers with Radar,0,8,12,0,20,0,230,247,1,478,0,238,259,1,498,554,0,554,1052
04/02/2023,FFZ,AZ,AWP,CE,Towers with Radar,0,11,16,0,27,0,235,161,0,396,0,246,177,0,423,414,0,414,837
04/03/2023,FFZ,AZ,AWP,CE,Towers with Radar,0,3,7,0,10,0,182,76,3,261,0,185,83,3,271,515,0,515,786
04/04/2023,FFZ,AZ,AWP,CE,Towers with Radar,0,6,5,0,11,0,170,98,16,284,0,176,103,16,295,494,0,494,789
04/05/2023,FFZ,AZ,AWP,CE,Towers with Radar,0,9,13,0,22,0,372,220,3,595,0,381,233,3,617,584,0,584,1201
04/06/2023,FFZ,AZ,AWP,CE,Towers with Radar,0,12,17,1,30,0,265,234,6,505,0,277,251,7,535,860,0,860,1395
04/07/2023,FFZ,AZ,AWP,CE,Towers with Radar,0,14,9,2,25,0,289,256,6,551,0,303,265,8,576,672,0,672,1248
04/08/2023,FFZ,AZ,AWP,CE,Towers with Radar,0,9,7,0,16,0,190,241,0,431,0,199,248,0,447,533,0,533,980
04/09/2023,FFZ,AZ,AWP,CE,Towers with Radar,0,7,3,0,10,0,177,106,0,283,0,184,109,0,293,413,0,413,706
04/10/2023,FFZ,AZ,AWP,CE,Towers with Radar,0,13,11,0,24,0,237,204,12,453,0,250,215,12,477,505,0,505,982
04/11/2023,FFZ,AZ,AWP,CE,Towers with Radar,0,11,13,0,24,0,227,192,14,433,0,238,205,14,457,753,0,753,1210
04/12/2023,FFZ,AZ,AWP,CE,Towers with Radar,0,12,20,4,36,0,283,230,5,518,0,295,250,9,554,510,0,510,1064
04/13/2023,FFZ,AZ,AWP,CE,Towers with Radar,0,6,4,1,11,0,239,151,10,400,0,245,155,11,411,516,0,516,927
04/14/2023,FFZ,AZ,AWP,CE,Towers with Radar,0,13,11,0,24,0,302,237,3,542,0,315,248,3,566,207,0,207,773
04/15/2023,FFZ,AZ,AWP,CE,Towers with Radar,0,8,4,0,12,0,244,223,1,468,0,252,227,1,480,203,0,203,683
04/16/2023,FFZ,AZ,AWP,CE,Towers with Radar,0,9,9,1,19,0,186,161,0,347,0,195,170,1,366,200,0,200,566
04/17/2023,FFZ,AZ,AWP,CE,Towers with Radar,0,11,7,0,18,0,235,190,5,430,0,246,197,5,448,636,0,636,1084
04/18/2023,FFZ,AZ,AWP,CE,Towers with Radar,0,12,8,0,20,0,296,223,3,522,0,308,231,3,542,716,0,716,1258
04/19/2023,FFZ,AZ,AWP,CE,Towers with Radar,0,11,10,0,21,0,256,186,5,447,0,267,196,5,468,599,0,599,1067
04/20/2023,FFZ,AZ,AWP,CE,Towers with Radar,0,11,15,0,26,0,284,223,3,510,0,295,238,3,536,757,0,757,1293
04/21/2023,FFZ,AZ,AWP,CE,Towers with Radar,0,15,18,0,33,0,308,233,2,543,0,323,251,2,576,615,0,615,1191
04/22/2023,FFZ,AZ,AWP,CE,Towers with Radar,0,5,11,0,16,0,215,295,0,510,0,220,306,0,526,375,0,375,901
04/23/2023,FFZ,AZ,AWP,CE,Towers with Radar,0,8,13,0,21,0,181,163,0,344,0,189,176,0,365,470,0,470,835
04/24/2023,FFZ,AZ,AWP,CE,Towers with Radar,0,11,20,0,31,0,271,170,5,446,0,282,190,5,477,734,0,734,1211
04/25/2023,FFZ,AZ,AWP,CE,Towers with Radar,0,12,12,1,25,0,289,170,3,462,0,301,182,4,487,672,0,672,1159
04/26/2023,FFZ,AZ,AWP,CE,Towers with Radar,0,9,11,2,22,0,310,178,0,488,0,319,189,2,510,843,0,843,1353
04/27/2023,FFZ,AZ,AWP,CE,Towers with Radar,0,8,14,3,25,0,252,212,5,469,0,260,226,8,494,716,0,716,1210
04/28/2023,FFZ,AZ,AWP,CE,Towers with Radar,1,8,15,0,24,0,263,202,2,467,1,271,217,2,491,430,0,430,921
04/29/2023,FFZ,AZ,AWP,CE,Towers with Radar,0,10,7,0,17,0,199,214,0,413,0,209,221,0,430,209,0,209,639
04/30/2023,FFZ,AZ,AWP,CE,Towers with Radar,0,5,9,0,14,0,243,144,0,387,0,248,153,0,401,157,0,157,558
05/01/2023,FFZ,AZ,AWP,CE,Towers with Radar,1,7,3,0,11,0,184,105,0,289,1,191,108,0,300,590,0,590,890
05/02/2023,FFZ,AZ,AWP,CE,Towers with Radar,0,8,11,0,19,0,260,192,10,462,0,268,203,10,481,801,0,801,1282
05/03/2023,FFZ,AZ,AWP,CE,Towers with Radar,0,10,9,3,22,0,271,146,6,423,0,281,155,9,445,696,0,696,1141
05/04/2023,FFZ,AZ,AWP,CE,Towers with Radar,0,7,12,0,19,0,259,180,7,446,0,266,192,7,465,656,0,656,1121
05/05/2023,FFZ,AZ,AWP,CE,Towers with Radar,0,5,16,2,23,0,234,233,4,471,0,239,249,6,494,865,0,865,1359
05/06/2023,FFZ,AZ,AWP,CE,Towers with Radar,0,6,9,1,16,0,164,210,0,374,0,170,219,1,390,503,0,503,893
05/07/2023,FFZ,AZ,AWP,CE,Towers with Radar,0,8,11,2,21,0,145,114,4,263,0,153,125,6,284,421,0,421,705
05/08/2023,FFZ,AZ,AWP,CE,Towers with Radar,0,5,6,0,11,0,219,130,1,350,0,224,136,1,361,679,0,679,1040
05/09/2023,FFZ,AZ,AWP,CE,Towers with Radar,0,9,6,1,16,0,187,171,3,361,0,196,177,4,377,794,0,794,1171
05/10/2023,FFZ,AZ,AWP,CE,Towers with Radar,0,3,11,0,14,0,172,137,7,316,0,175,148,7,330,680,0,680,1010
05/11/2023,FFZ,AZ,AWP,CE,Towers with Radar,0,6,10,1,17,0,230,171,6,407,0,236,181,7,424,728,0,728,1152
05/12/2023,FFZ,AZ,AWP,CE,Towers with Radar,0,8,10,1,19,0,190,133,0,323,0,198,143,1,342,719,0,719,1061
05/13/2023,FFZ,AZ,AWP,CE,Towers with Radar,0,7,12,0,19,0,95,137,6,238,0,102,149,6,257,497,0,497,754
05/14/2023,FFZ,AZ,AWP,CE,Towers with Radar,0,3,5,0,8,0,92,51,0,143,0,95,56,0,151,334,0,334,485
05/15/2023,FFZ,AZ,AWP,CE,Towers with Radar,0,10,6,0,16,0,154,98,5,257,0,164,104,5,273,645,0,645,918
05/16/2023,FFZ,AZ,AWP,CE,Towers with Radar,0,2,4,0,6,0,215,123,7,345,0,217,127,7,351,814,0,814,1165
05/17/2023,FFZ,AZ,AWP,CE,Towers with Radar,0,5,9,0,14,0,258,136,2,396,0,263,145,2,410,721,0,721,1131
05/18/2023,FFZ,AZ,AWP,CE,Towers with Radar,0,4,9,1,14,0,243,138,2,383,0,247,147,3,397,737,0,737,1134
05/19/2023,FFZ,AZ,AWP,CE,Towers with Radar,0,10,8,0,18,0,193,156,7,356,0,203,164,7,374,629,0,629,1003
05/20/2023,FFZ,AZ,AWP,CE,Towers with Radar,0,8,2,0,10,0,165,140,2,307,0,173,142,2,317,499,0,499,816
05/21/2023,FFZ,AZ,AWP,CE,Towers with Radar,0,8,5,0,13,0,178,123,1,302,0,186,128,1,315,538,0,538,853
05/22/2023,FFZ,AZ,AWP,CE,Towers with Radar,0,12,7,0,19,0,229,112,0,341,0,241,119,0,360,534,0,534,894
05/23/2023,FFZ,AZ,AWP,CE,Towers with Radar,0,12,11,2,25,0,233,122,0,355,0,245,133,2,380,635,0,635,1015
05/24/2023,FFZ,AZ,AWP,CE,Towers with Radar,0,11,13,0,24,0,265,144,8,417,0,276,157,8,441,531,0,531,972
05/25/2023,FFZ,AZ,AWP,CE,Towers with Radar,0,6,10,0,16,0,245,121,6,372,0,251,131,6,388,632,0,632,1020
05/26/2023,FFZ,AZ,AWP,CE,Towers with Radar,0,9,8,0,17,0,202,160,8,370,0,211,168,8,387,558,0,558,945
05/27/2023,FFZ,AZ,AWP,CE,Towers with Radar,0,7,5,0,12,0,196,135,1,332,0,203,140,1,344,462,0,462,806
05/28/2023,FFZ,AZ,AWP,CE,Towers with Radar,0,7,6,0,13,0,157,80,0,237,0,164,86,0,250,351,0,351,601
05/29/2023,FFZ,AZ,AWP,CE,Towers with Radar,0,10,11,0,21,0,205,138,1,344,0,215,149,1,365,394,0,394,759
05/30/2023,FFZ,AZ,AWP,CE,Towers with Radar,0,10,9,0,19,0,244,125,7,376,0,254,134,7,395,466,0,466,861
05/31/2023,FFZ,AZ,AWP,CE,Towers with Radar,0,11,9,2,22,0,199,120,10,329,0,210,129,12,351,472,0,472,823
06/01/2023,FFZ,AZ,AWP,CE,Towers with Radar,0,3,7,1,11,0,177,119,4,300,0,180,126,5,311,497,0,497,808
06/02/2023,FFZ,AZ,AWP,CE,Towers with Radar,2,12,7,0,21,0,188,120,19,327,2,200,127,19,348,525,0,525,873
06/03/2023,FFZ,AZ,AWP,CE,Towers with Radar,0,8,3,1,12,0,166,196,0,362,0,174,199,1,374,256,0,256,630
06/04/2023,FFZ,AZ,AWP,CE,Towers with Radar,0,9,6,1,16,0,179,88,0,267,0,188,94,1,283,401,0,401,684
06/05/2023,FFZ,AZ,AWP,CE,Towers with Radar,0,12,6,0,18,0,222,128,6,356,0,234,134,6,374,534,0,534,908
06/06/2023,FFZ,AZ,AWP,CE,Towers with Radar,0,5,9,0,14,0,223,128,5,356,0,228,137,5,370,534,0,534,904
06/07/2023,FFZ,AZ,AWP,CE,Towers with Radar,0,11,13,1,25,0,260,142,6,408,0,271,155,7,433,721,0,721,1154
06/08/2023,FFZ,AZ,AWP,CE,Towers with Radar,0,10,10,0,20,0,264,141,0,405,0,274,151,0,425,558,0,558,983
06/09/2023,FFZ,AZ,AWP,CE,Towers with Radar,0,6,7,0,13,0,202,152,3,357,0,208,159,3,370,542,0,542,912
06/10/2023,FFZ,AZ,AWP,CE,Towers with Radar,0,8,3,0,11,0,169,121,5,295,0,177,124,5,306,366,0,366,672
06/11/2023,FFZ,AZ,AWP,CE,Towers with Radar,0,4,5,0,9,0,123,73,1,197,0,127,78,1,206,302,0,302,508
06/12/2023,FFZ,AZ,AWP,CE,Towers with Radar,0,7,11,1,19,0,208,125,3,336,0,215,136,4,355,498,0,498,853
06/13/2023,FFZ,AZ,AWP,CE,Towers with Radar,0,11,6,1,18,0,245,135,0,380,0,256,141,1,398,603,0,603,1001
06/14/2023,FFZ,AZ,AWP,CE,Towers with Radar,0,16,7,0,23,0,237,146,6,389,0,253,153,6,412,634,0,634,1046
06/15/2023,FFZ,AZ,AWP,CE,Towers with Radar,1,18,5,0,24,0,240,156,7,403,1,258,161,7,427,665,0,665,1092
06/16/2023,FFZ,AZ,AWP,CE,Towers with Radar,0,13,9,0,22,0,199,147,7,353,0,212,156,7,375,485,0,485,860
06/17/2023,FFZ,AZ,AWP,CE,Towers with Radar,0,13,7,0,20,0,158,131,2,291,0,171,138,2,311,435,0,435,746
06/18/2023,FFZ,AZ,AWP,CE,Towers with Radar,0,10,6,0,16,0,164,73,0,237,0,174,79,0,253,526,0,526,779
06/19/2023,FFZ,AZ,AWP,CE,Towers with Radar,0,11,9,0,20,0,178,103,4,285,0,189,112,4,305,450,0,450,755
06/20/2023,FFZ,AZ,AWP,CE,Towers with Radar,0,13,7,1,21,0,284,141,4,429,0,297,148,5,450,696,0,696,1146
06/21/2023,FFZ,AZ,AWP,CE,Towers with Radar,0,8,14,1,23,0,261,143,7,411,0,269,157,8,434,619,0,619,1053
06/22/2023,FFZ,AZ,AWP,CE,Towers with Radar,0,6,8,0,14,0,236,155,8,399,0,242,163,8,413,638,0,638,1051
06/23/2023,FFZ,AZ,AWP,CE,Towers with Radar,0,39,14,0,53,0,225,147,6,378,0,264,161,6,431,621,0,621,1052
06/24/2023,FFZ,AZ,AWP,CE,Towers with Radar,0,6,10,0,16,0,194,165,0,359,0,200,175,0,375,492,0,492,867
06/25/2023,FFZ,AZ,AWP,CE,Towers with Radar,0,6,4,1,11,0,183,70,5,258,0,189,74,6,269,337,0,337,606
06/26/2023,FFZ,AZ,AWP,CE,Towers with Radar,1,5,5,0,11,0,261,126,11,398,1,266,131,11,409,453,0,453,862
06/27/2023,FFZ,AZ,AWP,CE,Towers with Radar,0,7,4,0,11,0,268,137,9,414,0,275,141,9,425,757,0,757,1182
06/28/2023,FFZ,AZ,AWP,CE,Towers with Radar,0,9,3,1,13,0,221,126,3,350,0,230,129,4,363,527,0,527,890
06/29/2023,FFZ,AZ,AWP,CE,Towers with Radar,0,6,5,1,12,0,250,138,9,397,0,256,143,10,409,599,0,599,1008
06/30/2023,FFZ,AZ,AWP,CE,Towers with Radar,0,9,7,0,16,0,193,127,4,324,0,202,134,4,340,646,0,646,986
07/01/2023,FFZ,AZ,AWP,CE,Towers with Radar,0,9,6,0,15,0,137,108,1,246,0,146,114,1,261,472,0,472,733
07/02/2023,FFZ,AZ,AWP,CE,Towers with Radar,0,7,4,0,11,0,120,63,1,184,0,127,67,1,195,222,0,222,417
07/03/2023,FFZ,AZ,AWP,CE,Towers with Radar,0,6,6,0,12,0,149,119,3,271,0,155,125,3,283,551,0,551,834
07/04/2023,FFZ,AZ,AWP,CE,Towers with Radar,0,4,1,0,5,0,138,90,0,228,0,142,91,0,233,442,0,442,675
07/05/2023,FFZ,AZ,AWP,CE,Towers with Radar,0,10,8,2,20,0,230,130,3,363,0,240,138,5,383,580,0,580,963
07/06/2023,FFZ,AZ,AWP,CE,Towers with Radar,1,2,6,0,9,0,224,122,6,352,1,226,128,6,361,582,0,582,943
07/07/2023,FFZ,AZ,AWP,CE,Towers with Radar,0,5,7,2,14,0,251,122,2,375,0,256,129,4,389,649,0,649,1038
07/08/2023,FFZ,AZ,AWP,CE,Towers with Radar,0,5,5,0,10,0,189,119,0,308,0,194,124,0,318,418,0,418,736
07/09/2023,FFZ,AZ,AWP,CE,Towers with Radar,0,4,5,1,10,0,153,77,2,232,0,157,82,3,242,435,0,435,677
07/10/2023,FFZ,AZ,AWP,CE,Towers with Radar,0,7,12,0,19,0,219,89,6,314,0,226,101,6,333,514,0,514,847
07/11/2023,FFZ,AZ,AWP,CE,Towers with Radar,0,7,10,0,17,0,249,127,2,378,0,256,137,2,395,728,0,728,1123
07/12/2023,FFZ,AZ,AWP,CE,Towers with Radar,0,10,7,2,19,0,267,95,1,363,0,277,102,3,382,684,0,684,1066
07/13/2023,FFZ,AZ,AWP,CE,Towers with Radar,0,6,7,0,13,0,267,91,2,360,0,273,98,2,373,734,0,734,1107
07/14/2023,FFZ,AZ,AWP,CE,Towers with Radar,0,11,6,2,19,0,250,90,3,343,0,261,96,5,362,627,0,627,989
07/15/2023,FFZ,AZ,AWP,CE,Towers with Radar,0,6,8,0,14,0,179,108,0,287,0,185,116,0,301,462,0,462,763
07/16/2023,FFZ,AZ,AWP,CE,Towers with Radar,1,4,11,0,16,0,157,80,0,237,1,161,91,0,253,350,0,350,603
07/17/2023,FFZ,AZ,AWP,CE,Towers with Radar,0,5,9,1,15,0,246,124,3,373,0,251,133,4,388,524,0,524,912
07/18/2023,FFZ,AZ,AWP,CE,Towers with Radar,0,6,4,0,10,0,264,117,5,386,0,270,121,5,396,557,0,557,953
07/19/2023,FFZ,AZ,AWP,CE,Towers with Radar,0,6,3,0,9,0,193,114,4,311,0,199,117,4,320,506,0,506,826
07/20/2023,FFZ,AZ,AWP,CE,Towers with Radar,0,5,4,1,10,0,219,121,1,341,0,224,125,2,351,597,0,597,948
07/21/2023,FFZ,AZ,AWP,CE,Towers with Radar,0,6,2,2,10,0,196,99,0,295,0,202,101,2,305,569,0,569,874
07/22/2023,FFZ,AZ,AWP,CE,Towers with Radar,0,3,4,0,7,0,153,109,2,264,0,156,113,2,271,486,0,486,757
07/23/2023,FFZ,AZ,AWP,CE,Towers with Radar,0,3,4,0,7,0,120,63,1,184,0,123,67,1,191,466,0,466,657
07/24/2023,FFZ,AZ,AWP,CE,Towers with Radar,0,5,4,0,9,0,179,116,5,300,0,184,120,5,309,557,0,557,866
07/25/2023,FFZ,AZ,AWP,CE,Towers with Radar,0,15,3,0,18,0,188,116,5,309,0,203,119,5,327,481,0,481,808
07/26/2023,FFZ,AZ,AWP,CE,Towers with Radar,0,9,8,0,17,0,247,127,4,378,0,256,135,4,395,429,0,429,824
07/27/2023,FFZ,AZ,AWP,CE,Towers with Radar,0,9,7,0,16,0,219,123,3,345,0,228,130,3,361,495,0,495,856
07/28/2023,FFZ,AZ,AWP,CE,Towers with Radar,0,7,11,0,18,0,183,136,3,322,0,190,147,3,340,490,0,490,830
07/29/2023,FFZ,AZ,AWP,CE,Towers with Radar,0,11,5,0,16,0,165,123,0,288,0,176,128,0,304,537,0,537,841
07/30/2023,FFZ,AZ,AWP,CE,Towers with Radar,0,7,5,0,12,0,141,92,0,233,0,148,97,0,245,386,0,386,631
07/31/2023,FFZ,AZ,AWP,CE,Towers with Radar,0,3,8,0,11,0,227,160,1,388,0,230,168,1,399,799,0,799,1198
08/01/2023,FFZ,AZ,AWP,CE,Towers with Radar,0,4,7,0,11,0,269,153,11,433,0,273,160,11,444,620,4,624,1068
08/02/2023,FFZ,AZ,AWP,CE,Towers with Radar,0,10,12,0,22,0,251,174,3,428,0,261,186,3,450,491,0,491,941
08/03/2023,FFZ,AZ,AWP,CE,Towers with Radar,0,13,5,0,18,0,247,117,3,367,0,260,122,3,385,674,0,674,1059
08/04/2023,FFZ,AZ,AWP,CE,Towers with Radar,0,7,5,0,12,0,196,135,5,336,0,203,140,5,348,549,0,549,897
08/05/2023,FFZ,AZ,AWP,CE,Towers with Radar,0,4,8,0,12,0,189,142,2,333,0,193,150,2,345,539,0,539,884
08/06/2023,FFZ,AZ,AWP,CE,Towers with Radar,0,7,3,0,10,0,149,107,1,257,0,156,110,1,267,387,0,387,654
08/07/2023,FFZ,AZ,AWP,CE,Towers with Radar,0,12,9,0,21,0,201,138,6,345,0,213,147,6,366,789,0,789,1155
08/08/2023,FFZ,AZ,AWP,CE,Towers with Radar,0,7,8,2,17,0,185,86,3,274,0,192,94,5,291,536,0,536,827
08/09/2023,FFZ,AZ,AWP,CE,Towers with Radar,0,13,11,0,24,0,169,142,6,317,0,182,153,6,341,573,0,573,914
08/10/2023,FFZ,AZ,AWP,CE,Towers with Radar,0,9,9,0,18,0,183,148,5,336,0,192,157,5,354,669,0,669,1023
08/11/2023,FFZ,AZ,AWP,CE,Towers with Radar,0,5,8,0,13,0,186,152,9,347,0,191,160,9,360,542,0,542,902
08/12/2023,FFZ,AZ,AWP,CE,Towers with Radar,0,9,6,1,16,0,154,171,2,327,0,163,177,3,343,502,0,502,845
08/13/2023,FFZ,AZ,AWP,CE,Towers with Radar,0,8,12,0,20,0,145,88,2,235,0,153,100,2,255,564,0,564,819
08/14/2023,FFZ,AZ,AWP,CE,Towers with Radar,0,10,9,0,19,0,189,132,3,324,0,199,141,3,343,771,0,771,1114
08/15/2023,FFZ,AZ,AWP,CE,Towers with Radar,0,5,5,0,10,0,233,127,4,364,0,238,132,4,374,542,0,542,916
08/16/2023,FFZ,AZ,AWP,CE,Towers with Radar,0,5,7,0,12,0,205,131,7,343,0,210,138,7,355,570,0,570,925
08/17/2023,FFZ,AZ,AWP,CE,Towers with Radar,0,8,11,0,19,0,199,123,3,325,0,207,134,3,344,677,0,677,1021
08/18/2023,FFZ,AZ,AWP,CE,Towers with Radar,0,6,8,0,14,0,198,116,5,319,0,204,124,5,333,760,0,760,1093
08/19/2023,FFZ,AZ,AWP,CE,Towers with Radar,0,1,2,0,3,0,150,114,1,265,0,151,116,1,268,410,0,410,678
08/20/2023,FFZ,AZ,AWP,CE,Towers with Radar,0,4,2,0,6,0,124,58,0,182,0,128,60,0,188,474,0,474,662
08/21/2023,FFZ,AZ,AWP,CE,Towers with Radar,0,5,9,0,14,0,163,82,6,251,0,168,91,6,265,733,0,733,998
08/22/2023,FFZ,AZ,AWP,CE,Towers with Radar,0,10,9,1,20,0,235,144,1,380,0,245,153,2,400,746,0,746,1146
08/23/2023,FFZ,AZ,AWP,CE,Towers with Radar,0,10,6,1,17,0,160,110,1,271,0,170,116,2,288,482,0,482,770
08/24/2023,FFZ,AZ,AWP,CE,Towers with Radar,0,14,10,0,24,0,247,132,0,379,0,261,142,0,403,693,0,693,1096
08/25/2023,FFZ,AZ,AWP,CE,Towers with Radar,0,15,9,0,24,0,184,142,1,327,0,199,151,1,351,603,0,603,954
08/26/2023,FFZ,AZ,AWP,CE,Towers with Radar,0,12,6,1,19,0,172,128,0,300,0,184,134,1,319,474,0,474,793
08/27/2023,FFZ,AZ,AWP,CE,Towers with Radar,0,6,3,0,9,0,132,83,1,216,0,138,86,1,225,487,0,487,712
08/28/2023,FFZ,AZ,AWP,CE,Towers with Radar,0,10,5,0,15,0,223,143,0,366,0,233,148,0,381,618,0,618,999
08/29/2023,FFZ,AZ,AWP,CE,Towers with Radar,0,9,10,0,19,0,223,159,6,388,0,232,169,6,407,478,0,478,885
08/30/2023,FFZ,AZ,AWP,CE,Towers with Radar,0,10,5,0,15,0,225,157,3,385,0,235,162,3,400,676,0,676,1076
08/31/2023,FFZ,AZ,AWP,CE,Towers with Radar,0,8,7,0,15,0,212,157,4,373,0,220,164,4,388,730,0,730,1118
01/01/2020,FFZ,AZ,AWP,WE,Towers with Radar,0,2,8,0,10,0,3,124,0,127,0,5,132,0,137,143,0,143,280
01/02/2020,FFZ,AZ,AWP,WE,Towers with Radar,0,14,8,0,22,0,242,148,6,396,0,256,156,6,418,789,0,789,1207
01/03/2020,FFZ,AZ,AWP,WE,Towers with Radar,0,9,8,0,17,0,248,187,5,440,0,257,195,5,457,839,0,839,1296
01/04/2020,FFZ,AZ,AWP,WE,Towers with Radar,0,12,6,0,18,0,219,202,0,421,0,231,208,0,439,937,0,937,1376
01/05/2020,FFZ,AZ,AWP,WE,Towers with Radar,0,10,11,0,21,0,191,145,1,337,0,201,156,1,358,859,0,859,1217
01/06/2020,FFZ,AZ,AWP,WE,Towers with Radar,0,8,15,0,23,0,196,152,1,349,0,204,167,1,372,592,0,592,964
01/07/2020,FFZ,AZ,AWP,WE,Towers with Radar,0,11,10,0,21,0,243,125,7,375,0,254,135,7,396,801,0,801,1197
01/08/2020,FFZ,AZ,AWP,WE,Towers with Radar,0,7,12,0,19,0,248,179,9,436,0,255,191,9,455,746,0,746,1201
01/09/2020,FFZ,AZ,AWP,WE,Towers with Radar,0,16,11,0,27,0,271,157,15,443,0,287,168,15,470,779,25,804,1274
01/10/2020,FFZ,AZ,AWP,WE,Towers with Radar,0,11,12,0,23,0,287,193,2,482,0,298,205,2,505,700,22,722,1227
01/11/2020,FFZ,AZ,AWP,WE,Towers with Radar,0,9,7,1,17,0,209,163,0,372,0,218,170,1,389,553,0,553,942
01/12/2020,FFZ,AZ,AWP,WE,Towers with Radar,0,7,14,0,21,0,239,131,0,370,0,246,145,0,391,732,0,732,1123
01/13/2020,FFZ,AZ,AWP,WE,Towers with Radar,0,15,16,0,31,0,220,163,10,393,0,235,179,10,424,604,0,604,1028
01/14/2020,FFZ,AZ,AWP,WE,Towers with Radar,0,15,4,0,19,0,237,152,19,408,0,252,156,19,427,568,0,568,995
01/15/2020,FFZ,AZ,AWP,WE,Towers with Radar,0,14,13,0,27,0,289,161,7,457,0,303,174,7,484,770,0,770,1254
01/16/2020,FFZ,AZ,AWP,WE,Towers with Radar,0,9,12,0,21,0,207,105,5,317,0,216,117,5,338,432,0,432,770
01/17/2020,FFZ,AZ,AWP,WE,Towers with Radar,0,15,14,0,29,0,221,174,3,398,0,236,188,3,427,937,0,937,1364
01/18/2020,FFZ,AZ,AWP,WE,Towers with Radar,0,11,9,0,20,0,238,214,3,455,0,249,223,3,475,644,0,644,1119
01/19/2020,FFZ,AZ,AWP,WE,Towers with Radar,0,13,10,0,23,0,204,137,0,341,0,217,147,0,364,515,0,515,879
01/20/2020,FFZ,AZ,AWP,WE,Towers with Radar,0,6,11,0,17,0,214,140,1,355,0,220,151,1,372,699,0,699,1071
01/21/2020,FFZ,AZ,AWP,WE,Towers with Radar,0,18,9,0,27,0,48,26,4,78,0,66,35,4,105,342,0,342,447
01/22/2020,FFZ,AZ,AWP,WE,Towers with Radar,0,22,7,0,29,0,108,121,12,241,0,130,128,12,270,659,20,679,949
01/23/2020,FFZ,AZ,AWP,WE,Towers with Radar,0,10,17,0,27,0,299,216,2,517,0,309,233,2,544,787,0,787,1331
01/24/2020,FFZ,AZ,AWP,WE,Towers with Radar,0,15,13,0,28,0,276,172,5,453,0,291,185,5,481,820,18,838,1319
01/25/2020,FFZ,AZ,AWP,WE,Towers with Radar,0,5,10,0,15,0,240,191,0,431,0,245,201,0,446,652,0,652,1098
01/26/2020,FFZ,AZ,AWP,WE,Towers with Radar,0,6,13,0,19,0,246,159,0,405,0,252,172,0,424,656,0,656,1080
01/27/2020,FFZ,AZ,AWP,WE,Towers with Radar,0,11,10,0,21,0,242,116,5,363,0,253,126,5,384,197,0,197,581
01/28/2020,FFZ,AZ,AWP,WE,Towers with Radar,0,19,19,0,38,0,288,152,10,450,0,307,171,10,488,694,0,694,1182
01/29/2020,FFZ,AZ,AWP,WE,Towers with Radar,0,17,11,1,29,0,275,111,6,392,0,292,122,7,421,723,6,729,1150
01/30/2020,FFZ,AZ,AWP,WE,Towers with Radar,0,15,11,0,26,0,278,148,4,430,0,293,159,4,456,728,1,729,1185
01/31/2020,FFZ,AZ,AWP,WE,Towers with Radar,0,15,6,0,21,0,278,182,2,462,0,293,188,2,483,810,2,812,1295
02/01/2020,FFZ,AZ,AWP,CE,Towers with Radar,0,11,7,0,18,0,275,183,0,458,0,286,190,0,476,164,0,164,640
02/02/2020,FFZ,AZ,AWP,CE,Towers with Radar,0,8,7,0,15,0,235,148,0,383,0,243,155,0,398,653,0,653,1051
02/03/2020,FFZ,AZ,AWP,CE,Towers with Radar,0,7,14,0,21,0,211,54,2,267,0,218,68,2,288,594,0,594,882
02/04/2020,FFZ,AZ,AWP,CE,Towers with Radar,0,6,6,0,12,0,270,142,7,419,0,276,148,7,431,758,2,760,1191
02/05/2020,FFZ,AZ,AWP,CE,Towers with Radar,0,6,10,0,16,0,285,165,6,456,0,291,175,6,472,774,0,774,1246
02/06/2020,FFZ,AZ,AWP,CE,Towers with Radar,0,10,14,1,25,0,316,175,9,500,0,326,189,10,525,93,0,93,618
02/07/2020,FFZ,AZ,AWP,CE,Towers with Radar,0,14,6,0,20,0,284,171,9,464,0,298,177,9,484,738,0,738,1222
02/08/2020,FFZ,AZ,AWP,CE,Towers with Radar,0,12,8,0,20,0,226,190,1,417,0,238,198,1,437,690,0,690,1127
02/09/2020,FFZ,AZ,AWP,CE,Towers with Radar,0,13,6,0,19,0,209,135,2,346,0,222,141,2,365,519,0,519,884
02/10/2020,FFZ,AZ,AWP,CE,Towers with Radar,0,5,8,0,13,0,198,114,0,312,0,203,122,0,325,815,0,815,1140
02/11/2020,FFZ,AZ,AWP,CE,Towers with Radar,0,13,8,0,21,0,137,78,0,215,0,150,86,0,236,644,0,644,880
02/12/2020,FFZ,AZ,AWP,CE,Towers with Radar,0,14,12,0,26,0,304,202,5,511,0,318,214,5,537,802,0,802,1339
02/13/2020,FFZ,AZ,AWP,CE,Towers with Radar,0,14,14,0,28,0,283,199,10,492,0,297,213,10,520,642,0,642,1162
02/14/2020,FFZ,AZ,AWP,CE,Towers with Radar,0,8,6,0,14,0,318,219,6,543,0,326,225,6,557,293,0,293,850
02/15/2020,FFZ,AZ,AWP,CE,Towers with Radar,0,11,6,0,17,0,268,218,1,487,0,279,224,1,504,671,0,671,1175
02/16/2020,FFZ,AZ,AWP,CE,Towers with Radar,0,2,6,0,8,0,209,140,0,349,0,211,146,0,357,702,0,702,1059
02/17/2020,FFZ,AZ,AWP,CE,Towers with Radar,0,6,10,0,16,0,247,199,1,447,0,253,209,1,463,728,0,728,1191
02/18/2020,FFZ,AZ,AWP,CE,Towers with Radar,0,12,11,0,23,0,281,182,7,470,0,293,193,7,493,659,0,659,1152
02/19/2020,FFZ,AZ,AWP,CE,Towers with Radar,0,13,15,0,28,0,211,138,14,363,0,224,153,14,391,281,0,281,672
02/20/2020,FFZ,AZ,AWP,CE,Towers with Radar,0,7,13,0,20,0,326,197,0,523,0,333,210,0,543,742,0,742,1285
02/21/2020,FFZ,AZ,AWP,CE,Towers with Radar,0,8,8,0,16,0,245,175,10,430,0,253,183,10,446,243,0,243,689
02/22/2020,FFZ,AZ,AWP,CE,Towers with Radar,0,4,8,0,12,0,2,1,0,3,0,6,9,0,15,20,0,20,35
02/23/2020,FFZ,AZ,AWP,CE,Towers with Radar,0,16,15,0,31,0,229,145,2,376,0,245,160,2,407,686,0,686,1093
02/24/2020,FFZ,AZ,AWP,CE,Towers with Radar,0,18,14,0,32,0,281,176,7,464,0,299,190,7,496,667,0,667,1163
02/25/2020,FFZ,AZ,AWP,CE,Towers with Radar,0,7,11,0,18,0,203,103,9,315,0,210,114,9,333,418,0,418,751
02/26/2020,FFZ,AZ,AWP,CE,Towers with Radar,0,11,7,0,18,0,306,175,10,491,0,317,182,10,509,140,0,140,649
02/27/2020,FFZ,AZ,AWP,CE,Towers with Radar,0,7,12,0,19,0,331,194,8,533,0,338,206,8,552,632,0,632,1184
02/28/2020,FFZ,AZ,AWP,CE,Towers with Radar,0,16,13,0,29,0,288,171,9,468,0,304,184,9,497,686,0,686,1183
02/29/2020,FFZ,AZ,AWP,CE,Towers with Radar,0,8,6,0,14,0,266,195,0,461,0,274,201,0,475,578,0,578,1053
03/01/2020,FFZ,AZ,AWP,CE,Towers with Radar,0,6,12,0,18,0,236,131,0,367,0,242,143,0,385,454,0,454,839
03/02/2020,FFZ,AZ,AWP,CE,Towers with Radar,0,8,8,0,16,0,296,120,2,418,0,304,128,2,434,646,0,646,1080
03/03/2020,FFZ,AZ,AWP,CE,Towers with Radar,0,10,7,0,17,0,312,172,1,485,0,322,179,1,502,785,0,785,1287
03/04/2020,FFZ,AZ,AWP,CE,Towers with Radar,0,8,7,0,15,0,269,201,3,473,0,277,208,3,488,891,0,891,1379
03/05/2020,FFZ,AZ,AWP,CE,Towers with Radar,0,10,10,0,20,0,308,182,3,493,0,318,192,3,513,602,10,612,1125
03/06/2020,FFZ,AZ,AWP,CE,Towers with Radar,0,12,10,0,22,0,239,194,13,446,0,251,204,13,468,599,0,599,1067
03/07/2020,FFZ,AZ,AWP,CE,Towers with Radar,0,12,6,0,18,0,200,180,8,388,0,212,186,8,406,527,0,527,933
03/08/2020,FFZ,AZ,AWP,CE,Towers with Radar,0,8,16,0,24,0,250,162,2,414,0,258,178,2,438,646,0,646,1084
03/09/2020,FFZ,AZ,AWP,CE,Towers with Radar,0,7,13,0,20,0,297,159,16,472,0,304,172,16,492,660,0,660,1152
03/10/2020,FFZ,AZ,AWP,CE,Towers with Radar,0,8,9,0,17,0,156,75,10,241,0,164,84,10,258,673,4,677,935
03/11/2020,FFZ,AZ,AWP,CE,Towers with Radar,0,33,11,0,44,0,20,15,0,35,0,53,26,0,79,140,0,140,219
03/12/2020,FFZ,AZ,AWP,CE,Towers with Radar,0,7,11,0,18,0,34,32,7,73,0,41,43,7,91,424,0,424,515
03/13/2020,FFZ,AZ,AWP,CE,Towers with Radar,0,4,7,0,11,0,95,60,2,157,0,99,67,2,168,689,0,689,857
03/14/2020,FFZ,AZ,AWP,CE,Towers with Radar,0,11,9,0,20,0,279,214,5,498,0,290,223,5,518,713,0,713,1231
03/15/2020,FFZ,AZ,AWP,CE,Towers with Radar,0,10,13,0,23,0,261,148,0,409,0,271,161,0,432,588,0,588,1020
03/16/2020,FFZ,AZ,AWP,CE,Towers with Radar,0,11,6,0,17,0,273,159,10,442,0,284,165,10,459,616,0,616,1075
03/17/2020,FFZ,AZ,AWP,CE,Towers with Radar,0,11,10,0,21,0,274,130,7,411,0,285,140,7,432,680,0,680,1112
03/18/2020,FFZ,AZ,AWP,CE,Towers with Radar,0,7,9,0,16,0,74,29,1,104,0,81,38,1,120,275,0,275,395
03/19/2020,FFZ,AZ,AWP,CE,Towers with Radar,0,19,7,0,26,0,134,88,3,225,0,153,95,3,251,586,0,586,837
03/20/2020,FFZ,AZ,AWP,CE,Towers with Radar,0,11,9,0,20,0,275,206,11,492,0,286,215,11,512,750,0,750,1262
03/21/2020,FFZ,AZ,AWP,CE,Towers with Radar,0,7,7,0,14,0,221,191,5,417,0,228,198,5,431,695,0,695,1126
03/22/2020,FFZ,AZ,AWP,CE,Towers with Radar,0,14,3,0,17,0,230,152,0,382,0,244,155,0,399,662,0,662,1061
03/23/2020,FFZ,AZ,AWP,CE,Towers with Radar,0,9,8,0,17,0,239,101,6,346,0,248,109,6,363,611,2,613,976
03/24/2020,FFZ,AZ,AWP,CE,Towers with Radar,0,13,15,1,29,0,320,139,14,473,0,333,154,15,502,573,0,573,1075
03/25/2020,FFZ,AZ,AWP,CE,Towers with Radar,0,13,13,0,26,0,326,139,7,472,0,339,152,7,498,708,0,708,1206
03/26/2020,FFZ,AZ,AWP,CE,Towers with Radar,0,18,9,0,27,0,281,144,6,431,0,299,153,6,458,561,0,561,1019
03/27/2020,FFZ,AZ,AWP,CE,Towers with Radar,0,7,8,0,15,0,267,79,4,350,0,274,87,4,365,305,0,305,670
03/28/2020,FFZ,AZ,AWP,CE,Towers with Radar,0,10,13,0,23,0,221,195,9,425,0,231,208,9,448,408,0,408,856
03/29/2020,FFZ,AZ,AWP,CE,Towers with Radar,0,4,5,0,9,0,217,101,1,319,0,221,106,1,328,347,0,347,675
03/30/2020,FFZ,AZ,AWP,CE,Towers with Radar,0,12,6,0,18,0,223,132,4,359,0,235,138,4,377,443,0,443,820
03/31/2020,FFZ,AZ,AWP,CE,Towers with Radar,0,6,10,0,16,0,261,147,4,412,0,267,157,4,428,486,0,486,914
04/01/2020,FFZ,AZ,AWP,CE,Towers with Radar,0,8,6,0,14,0,251,96,0,347,0,259,102,0,361,432,0,432,793
04/02/2020,FFZ,AZ,AWP,CE,Towers with Radar,0,4,3,0,7,0,214,108,3,325,0,218,111,3,332,515,0,515,847
04/03/2020,FFZ,AZ,AWP,CE,Towers with Radar,0,6,5,0,11,0,220,142,1,363,0,226,147,1,374,517,0,517,891
04/04/2020,FFZ,AZ,AWP,CE,Towers with Radar,0,2,7,0,9,0,91,132,4,227,0,93,139,4,236,417,0,417,653
04/05/2020,FFZ,AZ,AWP,CE,Towers with Radar,0,8,0,0,8,0,107,85,0,192,0,115,85,0,200,375,0,375,575
04/06/2020,FFZ,AZ,AWP,CE,Towers with Radar,0,13,5,0,18,0,140,109,10,259,0,153,114,10,277,385,0,385,662
04/07/2020,FFZ,AZ,AWP,CE,Towers with Radar,0,12,2,0,14,0,142,101,8,251,0,154,103,8,265,547,0,547,812
04/08/2020,FFZ,AZ,AWP,CE,Towers with Radar,0,5,3,0,8,0,79,63,8,150,0,84,66,8,158,177,0,177,335
04/09/2020,FFZ,AZ,AWP,CE,Towers with Radar,0,4,3,0,7,0,174,141,6,321,0,178,144,6,328,431,0,431,759
04/10/2020,FFZ,AZ,AWP,CE,Towers with Radar,0,27,29,0,56,0,176,106,6,288,0,203,135,6,344,421,0,421,765
04/11/2020,FFZ,AZ,AWP,CE,Towers with Radar,0,2,3,0,5,0,72,100,5,177,0,74,103,5,182,490,0,490,672
04/12/2020,FFZ,AZ,AWP,CE,Towers with Radar,0,5,1,0,6,0,109,73,0,182,0,114,74,0,188,301,0,301,489
04/13/2020,FFZ,AZ,AWP,CE,Towers with Radar,0,9,10,0,19,0,170,76,1,247,0,179,86,1,266,395,0,395,661
04/14/2020,FFZ,AZ,AWP,CE,Towers with Radar,0,14,6,0,20,0,211,118,6,335,0,225,124,6,355,325,0,325,680
04/15/2020,FFZ,AZ,AWP,CE,Towers with Radar,0,10,7,0,17,0,203,147,6,356,0,213,154,6,373,629,3,632,1005
04/16/2020,FFZ,AZ,AWP,CE,Towers with Radar,0,14,11,0,25,0,203,145,8,356,0,217,156,8,381,452,3,455,836
04/17/2020,FFZ,AZ,AWP,CE,Towers with Radar,0,8,5,0,13,0,161,84,10,255,0,169,89,10,268,339,0,339,607
04/18/2020,FFZ,AZ,AWP,CE,Towers with Radar,0,21,12,0,33,0,153,129,4,286,0,174,141,4,319,325,0,325,644
04/19/2020,FFZ,AZ,AWP,CE,Towers with Radar,0,7,6,0,13,0,176,112,0,288,0,183,118,0,301,359,0,359,660
04/20/2020,FFZ,AZ,AWP,CE,Towers with Radar,0,4,10,0,14,0,203,104,2,309,0,207,114,2,323,427,0,427,750
04/21/2020,FFZ,AZ,AWP,CE,Towers with Radar,0,10,5,0,15,0,131,98,4,233,0,141,103,4,248,342,0,342,590
04/22/2020,FFZ,AZ,AWP,CE,Towers with Radar,0,13,2,0,15,0,162,115,4,281,0,175,117,4,296,442,0,442,738
04/23/2020,FFZ,AZ,AWP,CE,Towers with Radar,0,5,5,0,10,0,165,141,4,310,0,170,146,4,320,305,1,306,626
04/24/2020,FFZ,AZ,AWP,CE,Towers with Radar,0,10,1,0,11,0,174,136,2,312,0,184,137,2,323,640,0,640,963
04/25/2020,FFZ,AZ,AWP,CE,Towers with Radar,0,9,11,0,20,0,158,186,13,357,0,167,197,13,377,357,0,357,734
04/26/2020,FFZ,AZ,AWP,CE,Towers with Radar,0,6,5,0,11,0,149,130,2,281,0,155,135,2,292,313,0,313,605
04/27/2020,FFZ,AZ,AWP,CE,Towers with Radar,0,1,9,0,10,0,190,111,0,301,0,191,120,0,311,442,0,442,753
04/28/2020,FFZ,AZ,AWP,CE,Towers with Radar,0,8,9,0,17,0,179,126,4,309,0,187,135,4,326,563,0,563,889
04/29/2020,FFZ,AZ,AWP,CE,Towers with Radar,0,6,3,0,9,0,172,108,10,290,0,178,111,10,299,427,0,427,726
04/30/2020,FFZ,AZ,AWP,CE,Towers with Radar,0,7,7,0,14,0,172,148,5,325,0,179,155,5,339,357,0,357,696
05/01/2020,FFZ,AZ,AWP,CE,Towers with Radar,0,5,10,0,15,0,149,118,11,278,0,154,128,11,293,453,0,453,746
05/02/2020,FFZ,AZ,AWP,CE,Towers with Radar,0,5,9,0,14,0,128,156,1,285,0,133,165,1,299,360,0,360,659
05/03/2020,FFZ,AZ,AWP,CE,Towers with Radar,0,9,5,0,14,0,162,121,0,283,0,171,126,0,297,281,0,281,578
05/04/2020,FFZ,AZ,AWP,CE,Towers with Radar,0,13,4,0,17,0,182,103,7,292,0,195,107,7,309,441,0,441,750
05/05/2020,FFZ,AZ,AWP,CE,Towers with Radar,0,8,5,0,13,0,116,103,0,219,0,124,108,0,232,353,0,353,585
05/06/2020,FFZ,AZ,AWP,CE,Towers with Radar,0,12,7,0,19,0,199,160,5,364,0,211,167,5,383,637,0,637,1020
05/07/2020,FFZ,AZ,AWP,CE,Towers with Radar,0,9,11,0,20,0,183,149,5,337,0,192,160,5,357,408,0,408,765
05/08/2020,FFZ,AZ,AWP,CE,Towers with Radar,0,5,8,0,13,0,189,167,13,369,0,194,175,13,382,258,0,258,640
05/09/2020,FFZ,AZ,AWP,CE,Towers with Radar,0,1,6,0,7,0,116,162,5,283,0,117,168,5,290,397,0,397,687
05/10/2020,FFZ,AZ,AWP,CE,Towers with Radar,1,5,5,0,11,0,66,69,1,136,1,71,74,1,147,322,0,322,469
05/11/2020,FFZ,AZ,AWP,CE,Towers with Radar,0,11,9,0,20,0,163,117,2,282,0,174,126,2,302,471,0,471,773
05/12/2020,FFZ,AZ,AWP,CE,Towers with Radar,0,10,6,0,16,0,269,126,3,398,0,279,132,3,414,451,0,451,865
05/13/2020,FFZ,AZ,AWP,CE,Towers with Radar,0,11,9,0,20,0,214,152,2,368,0,225,161,2,388,441,0,441,829
05/14/2020,FFZ,AZ,AWP,CE,Towers with Radar,0,10,12,2,24,0,234,159,10,403,0,244,171,12,427,469,0,469,896
05/15/2020,FFZ,AZ,AWP,CE,Towers with Radar,0,3,8,0,11,0,192,159,15,366,0,195,167,15,377,657,0,657,1034
05/16/2020,FFZ,AZ,AWP,CE,Towers with Radar,0,7,5,0,12,0,172,176,7,355,0,179,181,7,367,353,0,353,720
05/17/2020,FFZ,AZ,AWP,CE,Towers with Radar,0,6,3,0,9,0,171,135,0,306,0,177,138,0,315,495,0,495,810
05/18/2020,FFZ,AZ,AWP,CE,Towers with Radar,0,6,10,0,16,0,184,116,4,304,0,190,126,4,320,341,0,341,661
05/19/2020,FFZ,AZ,AWP,CE,Towers with Radar,0,8,8,0,16,0,141,127,8,276,0,149,135,8,292,307,0,307,599
05/20/2020,FFZ,AZ,AWP,CE,Towers with Radar,0,7,8,0,15,0,260,170,6,436,0,267,178,6,451,591,0,591,1042
05/21/2020,FFZ,AZ,AWP,CE,Towers with Radar,0,10,6,0,16,0,246,142,9,397,0,256,148,9,413,584,0,584,997
05/22/2020,FFZ,AZ,AWP,CE,Towers with Radar,0,6,5,0,11,0,183,141,4,328,0,189,146,4,339,454,0,454,793
05/23/2020,FFZ,AZ,AWP,CE,Towers with Radar,0,4,6,0,10,0,173,186,10,369,0,177,192,10,379,357,0,357,736
05/24/2020,FFZ,AZ,AWP,CE,Towers with Radar,0,5,4,0,9,0,177,117,0,294,0,182,121,0,303,296,0,296,599
05/25/2020,FFZ,AZ,AWP,CE,Towers with Radar,0,4,2,0,6,0,161,169,0,330,0,165,171,0,336,456,0,456,792
05/26/2020,FFZ,AZ,AWP,CE,Towers with Radar,0,14,7,0,21,0,224,134,9,367,0,238,141,9,388,435,0,435,823
05/27/2020,FFZ,AZ,AWP,CE,Towers with Radar,0,3,8,0,11,0,260,160,6,426,0,263,168,6,437,485,0,485,922
05/28/2020,FFZ,AZ,AWP,CE,Towers with Radar,0,8,7,1,16,0,207,137,6,350,0,215,144,7,366,393,0,393,759
05/29/2020,FFZ,AZ,AWP,CE,Towers with Radar,0,6,9,0,15,0,166,117,11,294,0,172,126,11,309,347,0,347,656
05/30/2020,FFZ,AZ,AWP,CE,Towers with Radar,0,9,14,0,23,0,141,126,3,270,0,150,140,3,293,281,0,281,574
05/31/2020,FFZ,AZ,AWP,CE,Towers with Radar,0,7,6,0,13,0,152,124,5,281,0,159,130,5,294,364,0,364,658
06/01/2020,FFZ,AZ,AWP,CE,Towers with Radar,0,5,8,0,13,0,195,138,8,341,0,200,146,8,354,366,0,366,720
06/02/2020,FFZ,AZ,AWP,CE,Towers with Radar,0,13,9,0,22,0,198,130,7,335,0,211,139,7,357,670,0,670,1027
06/03/2020,FFZ,AZ,AWP,CE,Towers with Radar,0,13,6,0,19,0,194,163,2,359,0,207,169,2,378,458,0,458,836
06/04/2020,FFZ,AZ,AWP,CE,Towers with Radar,0,10,8,0,18,0,217,128,1,346,0,227,136,1,364,465,0,465,829
06/05/2020,FFZ,AZ,AWP,CE,Towers with Radar,0,10,7,0,17,0,197,135,15,347,0,207,142,15,364,490,0,490,854
06/06/2020,FFZ,AZ,AWP,CE,Towers with Radar,0,10,7,0,17,0,173,189,10,372,0,183,196,10,389,285,0,285,674
06/07/2020,FFZ,AZ,AWP,CE,Towers with Radar,0,6,2,0,8,0,170,133,1,304,0,176,135,1,312,326,0,326,638
06/08/2020,FFZ,AZ,AWP,CE,Towers with Radar,0,11,12,0,23,0,164,108,3,275,0,175,120,3,298,304,0,304,602
06/09/2020,FFZ,AZ,AWP,CE,Towers with Radar,0,8,4,0,12,0,324,153,4,481,0,332,157,4,493,520,0,520,1013
06/10/2020,FFZ,AZ,AWP,CE,Towers with Radar,0,3,14,0,17,0,242,167,2,411,0,245,181,2,428,500,0,500,928
06/11/2020,FFZ,AZ,AWP,CE,Towers with Radar,0,6,8,0,14,0,224,170,12,406,0,230,178,12,420,477,0,477,897
06/12/2020,FFZ,AZ,AWP,CE,Towers with Radar,0,13,5,0,18,0,167,138,9,314,0,180,143,9,332,373,0,373,705
06/13/2020,FFZ,AZ,AWP,CE,Towers with Radar,0,2,6,0,8,0,119,120,0,239,0,121,126,0,247,307,0,307,554
06/14/2020,FFZ,AZ,AWP,CE,Towers with Radar,0,3,3,0,6,0,146,133,0,279,0,149,136,0,285,343,0,343,628
06/15/2020,FFZ,AZ,AWP,CE,Towers with Radar,0,8,6,0,14,0,172,126,4,302,0,180,132,4,316,293,0,293,609
06/16/2020,FFZ,AZ,AWP,CE,Towers with Radar,0,9,6,0,15,0,200,131,6,337,0,209,137,6,352,395,0,395,747
06/17/2020,FFZ,AZ,AWP,CE,Towers with Radar,0,8,9,0,17,0,223,157,5,385,0,231,166,5,402,381,0,381,783
06/18/2020,FFZ,AZ,AWP,CE,Towers with Radar,0,16,11,0,27,0,226,196,16,438,0,242,207,16,465,437,0,437,902
06/19/2020,FFZ,AZ,AWP,CE,Towers with Radar,0,3,6,0,9,0,244,169,12,425,0,247,175,12,434,383,0,383,817
06/20/2020,FFZ,AZ,AWP,CE,Towers with Radar,0,11,17,0,28,0,152,301,7,460,0,163,318,7,488,332,0,332,820
06/21/2020,FFZ,AZ,AWP,CE,Towers with Radar,0,9,10,0,19,0,146,122,0,268,0,155,132,0,287,211,0,211,498
06/22/2020,FFZ,AZ,AWP,CE,Towers with Radar,0,5,4,0,9,0,168,87,3,258,0,173,91,3,267,49,0,49,316
06/23/2020,FFZ,AZ,AWP,CE,Towers with Radar,0,7,5,0,12,0,155,97,10,262,0,162,102,10,274,14,0,14,288
06/24/2020,FFZ,AZ,AWP,CE,Towers with Radar,0,7,5,0,12,0,177,94,6,277,0,184,99,6,289,14,0,14,303
06/25/2020,FFZ,AZ,AWP,CE,Towers with Radar,0,2,4,0,6,0,176,118,1,295,0,178,122,1,301,38,0,38,339
06/26/2020,FFZ,AZ,AWP,CE,Towers with Radar,0,9,7,1,17,0,165,103,7,275,0,174,110,8,292,60,0,60,352
06/27/2020,FFZ,AZ,AWP,CE,Towers with Radar,0,5,4,0,9,0,106,100,3,209,0,111,104,3,218,59,0,59,277
06/28/2020,FFZ,AZ,AWP,CE,Towers with Radar,0,5,7,0,12,0,96,93,0,189,0,101,100,0,201,2,0,2,203
06/29/2020,FFZ,AZ,AWP,CE,Towers with Radar,0,2,3,0,5,0,105,86,7,198,0,107,89,7,203,81,0,81,284
06/30/2020,FFZ,AZ,AWP,CE,Towers with Radar,0,7,4,0,11,0,183,93,13,289,0,190,97,13,300,168,0,168,468
07/01/2020,FFZ,AZ,AWP,CE,Towers with Radar,0,11,4,0,15,0,190,106,8,304,0,201,110,8,319,97,0,97,416
07/02/2020,FFZ,AZ,AWP,CE,Towers with Radar,0,8,4,0,12,0,180,116,5,301,0,188,120,5,313,144,0,144,457
07/03/2020,FFZ,AZ,AWP,CE,Towers with Radar,0,7,0,0,7,0,160,104,0,264,0,167,104,0,271,138,0,138,409
07/04/2020,FFZ,AZ,AWP,CE,Towers with Radar,0,12,1,0,13,0,94,100,0,194,0,106,101,0,207,148,0,148,355
07/05/2020,FFZ,AZ,AWP,CE,Towers with Radar,0,3,5,0,8,0,106,108,0,214,0,109,113,0,222,161,0,161,383
07/06/2020,FFZ,AZ,AWP,CE,Towers with Radar,0,9,6,0,15,0,171,101,9,281,0,180,107,9,296,231,0,231,527
07/07/2020,FFZ,AZ,AWP,CE,Towers with Radar,0,13,7,0,20,0,192,111,16,319,0,205,118,16,339,361,0,361,700
07/08/2020,FFZ,AZ,AWP,CE,Towers with Radar,0,9,5,0,14,0,211,129,17,357,0,220,134,17,371,354,0,354,725
07/09/2020,FFZ,AZ,AWP,CE,Towers with Radar,0,10,2,0,12,0,193,129,12,334,0,203,131,12,346,386,0,386,732
07/10/2020,FFZ,AZ,AWP,CE,Towers with Radar,0,10,2,0,12,0,198,131,10,339,0,208,133,10,351,377,0,377,728
07/11/2020,FFZ,AZ,AWP,CE,Towers with Radar,0,2,2,0,4,0,115,93,3,211,0,117,95,3,215,210,0,210,425
07/12/2020,FFZ,AZ,AWP,CE,Towers with Radar,0,11,3,0,14,0,119,111,0,230,0,130,114,0,244,186,0,186,430
07/13/2020,FFZ,AZ,AWP,CE,Towers with Radar,0,7,6,0,13,0,130,65,1,196,0,137,71,1,209,342,0,342,551
07/14/2020,FFZ,AZ,AWP,CE,Towers with Radar,0,16,8,0,24,0,246,136,6,388,0,262,144,6,412,322,0,322,734
07/15/2020,FFZ,AZ,AWP,CE,Towers with Radar,0,11,4,0,15,0,209,132,9,350,0,220,136,9,365,391,0,391,756
07/16/2020,FFZ,AZ,AWP,CE,Towers with Radar,0,11,5,0,16,0,211,131,4,346,0,222,136,4,362,368,0,368,730
07/17/2020,FFZ,AZ,AWP,CE,Towers with Radar,0,18,4,0,22,0,234,154,9,397,0,252,158,9,419,385,0,385,804
07/18/2020,FFZ,AZ,AWP,CE,Towers with Radar,0,8,5,0,13,0,229,160,4,393,0,237,165,4,406,331,0,331,737
07/19/2020,FFZ,AZ,AWP,CE,Towers with Radar,0,9,5,0,14,0,153,104,0,257,0,162,109,0,271,310,0,310,581
07/20/2020,FFZ,AZ,AWP,CE,Towers with Radar,0,11,8,2,21,0,216,118,6,340,0,227,126,8,361,211,0,211,572
07/21/2020,FFZ,AZ,AWP,CE,Towers with Radar,0,10,8,1,19,0,230,95,3,328,0,240,103,4,347,393,0,393,740
07/22/2020,FFZ,AZ,AWP,CE,Towers with Radar,0,10,4,0,14,0,221,135,7,363,0,231,139,7,377,392,0,392,769
07/23/2020,FFZ,AZ,AWP,CE,Towers with Radar,0,12,10,0,22,0,120,92,11,223,0,132,102,11,245,280,0,280,525
07/24/2020,FFZ,AZ,AWP,CE,Towers with Radar,0,13,6,0,19,0,202,139,9,350,0,215,145,9,369,439,0,439,808
07/25/2020,FFZ,AZ,AWP,CE,Towers with Radar,0,16,10,0,26,0,188,140,3,331,0,204,150,3,357,379,0,379,736
07/26/2020,FFZ,AZ,AWP,CE,Towers with Radar,0,5,6,0,11,0,189,125,0,314,0,194,131,0,325,298,0,298,623
07/27/2020,FFZ,AZ,AWP,CE,Towers with Radar,0,11,9,0,20,0,201,100,2,303,0,212,109,2,323,410,0,410,733
07/28/2020,FFZ,AZ,AWP,CE,Towers with Radar,0,23,7,0,30,0,210,113,7,330,0,233,120,7,360,511,0,511,871
07/29/2020,FFZ,AZ,AWP,CE,Towers with Radar,0,18,2,0,20,0,235,128,7,370,0,253,130,7,390,354,0,354,744
07/30/2020,FFZ,AZ,AWP,CE,Towers with Radar,0,16,8,0,24,0,204,99,9,312,0,220,107,9,336,321,0,321,657
07/31/2020,FFZ,AZ,AWP,CE,Towers with Radar,0,16,5,0,21,0,191,145,7,343,0,207,150,7,364,429,0,429,793
08/01/2020,FFZ,AZ,AWP,CE,Towers with Radar,0,15,6,0,21,0,145,116,1,262,0,160,122,1,283,305,0,305,588
08/02/2020,FFZ,AZ,AWP,CE,Towers with Radar,0,18,4,0,22,0,169,109,0,278,0,187,113,0,300,361,0,361,661
08/03/2020,FFZ,AZ,AWP,CE,Towers with Radar,0,16,6,0,22,0,220,111,2,333,0,236,117,2,355,377,0,377,732
08/04/2020,FFZ,AZ,AWP,CE,Towers with Radar,0,42,13,0,55,0,239,140,16,395,0,281,153,16,450,348,0,348,798
08/05/2020,FFZ,AZ,AWP,CE,Towers with Radar,0,16,10,0,26,0,247,126,10,383,0,263,136,10,409,355,0,355,764
08/06/2020,FFZ,AZ,AWP,CE,Towers with Radar,0,18,9,0,27,0,241,120,14,375,0,259,129,14,402,442,0,442,844
08/07/2020,FFZ,AZ,AWP,CE,Towers with Radar,0,26,8,0,34,0,243,165,8,416,0,269,173,8,450,498,0,498,948
08/08/2020,FFZ,AZ,AWP,CE,Towers with Radar,0,21,7,0,28,0,187,154,2,343,0,208,161,2,371,330,0,330,701
08/09/2020,FFZ,AZ,AWP,CE,Towers with Radar,0,14,8,0,22,0,149,119,0,268,0,163,127,0,290,420,0,420,710
08/10/2020,FFZ,AZ,AWP,CE,Towers with Radar,0,16,3,0,19,0,153,110,8,271,0,169,113,8,290,315,0,315,605
08/11/2020,FFZ,AZ,AWP,CE,Towers with Radar,0,19,6,0,25,0,218,149,6,373,0,237,155,6,398,344,0,344,742
08/12/2020,FFZ,AZ,AWP,CE,Towers with Radar,0,16,9,0,25,0,212,147,8,367,0,228,156,8,392,373,0,373,765
08/13/2020,FFZ,AZ,AWP,CE,Towers with Radar,0,13,10,0,23,0,200,101,14,315,0,213,111,14,338,344,0,344,682
08/14/2020,FFZ,AZ,AWP,CE,Towers with Radar,0,16,7,0,23,0,198,140,8,346,0,214,147,8,369,266,0,266,635
08/15/2020,FFZ,AZ,AWP,CE,Towers with Radar,0,14,7,0,21,0,175,142,4,321,0,189,149,4,342,342,0,342,684
08/16/2020,FFZ,AZ,AWP,CE,Towers with Radar,0,5,5,0,10,0,142,95,0,237,0,147,100,0,247,264,0,264,511
08/17/2020,FFZ,AZ,AWP,CE,Towers with Radar,0,12,4,0,16,0,201,92,13,306,0,213,96,13,322,275,0,275,597
08/18/2020,FFZ,AZ,AWP,CE,Towers with Radar,0,10,10,0,20,0,230,125,5,360,0,240,135,5,380,425,0,425,805
08/19/2020,FFZ,AZ,AWP,CE,Towers with Radar,0,15,8,0,23,0,230,106,9,345,0,245,114,9,368,527,0,527,895
08/20/2020,FFZ,AZ,AWP,CE,Towers with Radar,0,10,9,0,19,0,171,122,11,304,0,181,131,11,323,385,0,385,708
08/21/2020,FFZ,AZ,AWP,CE,Towers with Radar,0,18,5,0,23,0,207,147,5,359,0,225,152,5,382,491,0,491,873
08/22/2020,FFZ,AZ,AWP,CE,Towers with Radar,0,18,6,0,24,0,169,164,4,337,0,187,170,4,361,299,0,299,660
08/23/2020,FFZ,AZ,AWP,CE,Towers with Radar,2,12,6,0,20,0,152,102,1,255,2,164,108,1,275,285,0,285,560
08/24/2020,FFZ,AZ,AWP,CE,Towers with Radar,0,10,4,0,14,0,144,158,2,304,0,154,162,2,318,351,0,351,669
08/25/2020,FFZ,AZ,AWP,CE,Towers with Radar,0,14,6,0,20,0,191,109,6,306,0,205,115,6,326,334,0,334,660
08/26/2020,FFZ,AZ,AWP,CE,Towers with Radar,0,17,10,0,27,0,225,127,9,361,0,242,137,9,388,543,0,543,931
08/27/2020,FFZ,AZ,AWP,CE,Towers with Radar,0,17,11,0,28,0,212,145,7,364,0,229,156,7,392,541,0,541,933
08/28/2020,FFZ,AZ,AWP,CE,Towers with Radar,0,18,5,0,23,0,191,142,6,339,0,209,147,6,362,510,0,510,872
08/29/2020,FFZ,AZ,AWP,CE,Towers with Radar,0,8,1,0,9,0,152,207,7,366,0,160,208,7,375,526,0,526,901
08/30/2020,FFZ,AZ,AWP,CE,Towers with Radar,0,13,7,0,20,0,135,168,2,305,0,148,175,2,325,415,0,415,740
08/31/2020,FFZ,AZ,AWP,CE,Towers with Radar,0,19,7,0,26,0,187,147,5,339,0,206,154,5,365,386,0,386,751
09/01/2020,FFZ,AZ,AWP,CE,Towers with Radar,0,23,17,0,40,0,238,120,4,362,0,261,137,4,402,521,0,521,923
09/02/2020,FFZ,AZ,AWP,CE,Towers with Radar,0,22,7,0,29,0,230,160,9,399,0,252,167,9,428,455,0,455,883
09/03/2020,FFZ,AZ,AWP,CE,Towers with Radar,0,12,9,0,21,0,249,142,4,395,0,261,151,4,416,429,0,429,845
09/04/2020,FFZ,AZ,AWP,CE,Towers with Radar,0,13,6,0,19,0,171,135,4,310,0,184,141,4,329,414,0,414,743
09/05/2020,FFZ,AZ,AWP,CE,Towers with Radar,0,5,1,0,6,0,115,155,3,273,0,120,156,3,279,255,0,255,534
09/06/2020,FFZ,AZ,AWP,CE,Towers with Radar,0,13,3,0,16,0,150,90,0,240,0,163,93,0,256,307,0,307,563
09/07/2020,FFZ,AZ,AWP,CE,Towers with Radar,0,10,13,0,23,0,122,138,0,260,0,132,151,0,283,383,0,383,666
09/08/2020,FFZ,AZ,AWP,CE,Towers with Radar,0,13,9,0,22,0,140,108,9,257,0,153,117,9,279,358,0,358,637
09/09/2020,FFZ,AZ,AWP,CE,Towers with Radar,0,14,11,0,25,0,244,149,25,418,0,258,160,25,443,553,0,553,996
09/10/2020,FFZ,AZ,AWP,CE,Towers with Radar,0,17,9,0,26,0,253,187,1,441,0,270,196,1,467,513,0,513,980
09/11/2020,FFZ,AZ,AWP,CE,Towers with Radar,0,13,11,0,24,0,277,176,5,458,0,290,187,5,482,670,0,670,1152
09/12/2020,FFZ,AZ,AWP,CE,Towers with Radar,0,9,7,0,16,0,187,142,7,336,0,196,149,7,352,466,0,466,818
09/13/2020,FFZ,AZ,AWP,CE,Towers with Radar,0,11,5,0,16,0,168,124,1,293,0,179,129,1,309,442,0,442,751
09/14/2020,FFZ,AZ,AWP,CE,Towers with Radar,0,12,11,0,23,0,118,84,4,206,0,130,95,4,229,329,0,329,558
09/15/2020,FFZ,AZ,AWP,CE,Towers with Radar,0,13,5,0,18,0,281,158,6,445,0,294,163,6,463,699,0,699,1162
09/16/2020,FFZ,AZ,AWP,CE,Towers with Radar,0,14,7,0,21,0,278,145,3,426,0,292,152,3,447,546,0,546,993
09/17/2020,FFZ,AZ,AWP,CE,Towers with Radar,0,6,7,0,13,0,285,152,4,441,0,291,159,4,454,602,0,602,1056
09/18/2020,FFZ,AZ,AWP,CE,Towers with Radar,0,13,8,0,21,0,288,155,2,445,0,301,163,2,466,529,0,529,995
09/19/2020,FFZ,AZ,AWP,CE,Towers with Radar,0,8,5,0,13,0,165,134,1,300,0,173,139,1,313,391,0,391,704
09/20/2020,FFZ,AZ,AWP,CE,Towers with Radar,0,7,3,0,10,0,134,113,0,247,0,141,116,0,257,343,0,343,600
09/21/2020,FFZ,AZ,AWP,CE,Towers with Radar,0,16,9,0,25,0,225,112,1,338,0,241,121,1,363,517,0,517,880
09/22/2020,FFZ,AZ,AWP,CE,Towers with Radar,0,19,7,0,26,0,234,145,6,385,0,253,152,6,411,632,0,632,1043
09/23/2020,FFZ,AZ,AWP,CE,Towers with Radar,0,16,11,0,27,0,289,153,4,446,0,305,164,4,473,548,0,548,1021
09/24/2020,FFZ,AZ,AWP,CE,Towers with Radar,0,19,7,0,26,0,249,147,9,405,0,268,154,9,431,477,0,477,908
09/25/2020,FFZ,AZ,AWP,CE,Towers with Radar,0,15,9,0,24,0,269,141,2,412,0,284,150,2,436,675,0,675,1111
09/26/2020,FFZ,AZ,AWP,CE,Towers with Radar,0,19,6,0,25,0,193,165,0,358,0,212,171,0,383,556,0,556,939
09/27/2020,FFZ,AZ,AWP,CE,Towers with Radar,0,13,6,0,19,0,168,130,0,298,0,181,136,0,317,465,0,465,782
09/28/2020,FFZ,AZ,AWP,CE,Towers with Radar,0,15,7,0,22,0,200,149,2,351,0,215,156,2,373,606,0,606,979
09/29/2020,FFZ,AZ,AWP,CE,Towers with Radar,0,15,16,0,31,0,227,154,1,382,0,242,170,1,413,525,0,525,938
09/30/2020,FFZ,AZ,AWP,CE,Towers with Radar,0,21,4,0,25,0,215,173,6,394,0,236,177,6,419,600,0,600,1019
10/01/2020,FFZ,AZ,AWP,CE,Towers with Radar,1,15,11,0,27,0,245,155,3,403,1,260,166,3,430,402,0,402,832
10/02/2020,FFZ,AZ,AWP,CE,Towers with Radar,0,7,7,0,14,0,193,200,2,395,0,200,207,2,409,649,0,649,1058
10/03/2020,FFZ,AZ,AWP,CE,Towers with Radar,2,11,2,0,15,0,194,152,0,346,2,205,154,0,361,435,0,435,796
10/04/2020,FFZ,AZ,AWP,CE,Towers with Radar,0,10,6,0,16,0,161,132,0,293,0,171,138,0,309,413,0,413,722
10/05/2020,FFZ,AZ,AWP,CE,Towers with Radar,0,10,9,0,19,0,157,129,0,286,0,167,138,0,305,597,0,597,902
10/06/2020,FFZ,AZ,AWP,CE,Towers with Radar,0,14,10,0,24,0,217,147,3,367,0,231,157,3,391,536,0,536,927
10/07/2020,FFZ,AZ,AWP,CE,Towers with Radar,0,16,8,0,24,0,242,172,2,416,0,258,180,2,440,564,0,564,1004
10/08/2020,FFZ,AZ,AWP,CE,Towers with Radar,0,14,6,0,20,0,250,150,1,401,0,264,156,1,421,615,0,615,1036
10/09/2020,FFZ,AZ,AWP,CE,Towers with Radar,0,17,8,0,25,0,211,189,3,403,0,228,197,3,428,714,0,714,1142
10/10/2020,FFZ,AZ,AWP,CE,Towers with Radar,0,5,9,0,14,0,158,207,1,366,0,163,216,1,380,437,0,437,817
10/11/2020,FFZ,AZ,AWP,CE,Towers with Radar,0,8,16,0,24,0,124,114,0,238,0,132,130,0,262,317,0,317,579
10/12/2020,FFZ,AZ,AWP,CE,Towers with Radar,0,20,5,0,25,0,192,129,1,322,0,212,134,1,347,560,0,560,907
10/13/2020,FFZ,AZ,AWP,CE,Towers with Radar,0,13,18,0,31,0,218,180,2,400,0,231,198,2,431,633,0,633,1064
10/14/2020,FFZ,AZ,AWP,CE,Towers with Radar,0,15,10,0,25,0,253,201,3,457,0,268,211,3,482,752,0,752,1234
10/15/2020,FFZ,AZ,AWP,CE,Towers with Radar,0,10,13,0,23,0,254,189,5,448,0,264,202,5,471,593,0,593,1064
10/16/2020,FFZ,AZ,AWP,CE,Towers with Radar,0,20,9,0,29,0,181,168,1,350,0,201,177,1,379,500,0,500,879
10/17/2020,FFZ,AZ,AWP,CE,Towers with Radar,0,7,3,0,10,0,178,216,2,396,0,185,219,2,406,472,0,472,878
10/18/2020,FFZ,AZ,AWP,CE,Towers with Radar,0,4,12,0,16,0,146,144,0,290,0,150,156,0,306,362,0,362,668
10/19/2020,FFZ,AZ,AWP,CE,Towers with Radar,0,15,15,0,30,0,100,93,0,193,0,115,108,0,223,344,0,344,567
10/20/2020,FFZ,AZ,AWP,CE,Towers with Radar,0,8,15,0,23,0,285,192,6,483,0,293,207,6,506,472,0,472,978
10/21/2020,FFZ,AZ,AWP,CE,Towers with Radar,0,10,16,0,26,0,187,176,4,367,0,197,192,4,393,471,0,471,864
10/22/2020,FFZ,AZ,AWP,CE,Towers with Radar,0,10,16,0,26,0,235,189,8,432,0,245,205,8,458,466,0,466,924
10/23/2020,FFZ,AZ,AWP,CE,Towers with Radar,0,25,13,0,38,0,197,235,19,451,0,222,248,19,489,501,3,504,993
10/24/2020,FFZ,AZ,AWP,CE,Towers with Radar,0,5,3,0,8,0,189,193,1,383,0,194,196,1,391,459,0,459,850
10/25/2020,FFZ,AZ,AWP,CE,Towers with Radar,0,7,11,0,18,0,183,115,0,298,0,190,126,0,316,353,0,353,669
10/26/2020,FFZ,AZ,AWP,CE,Towers with Radar,0,9,10,0,19,0,126,104,11,241,0,135,114,11,260,386,0,386,646
10/27/2020,FFZ,AZ,AWP,CE,Towers with Radar,0,19,12,0,31,0,180,128,3,311,0,199,140,3,342,546,0,546,888
10/28/2020,FFZ,AZ,AWP,CE,Towers with Radar,0,14,4,0,18,0,186,172,4,362,0,200,176,4,380,636,0,636,1016
10/29/2020,FFZ,AZ,AWP,CE,Towers with Radar,1,10,7,0,18,0,226,214,5,445,1,236,221,5,463,540,0,540,1003
10/30/2020,FFZ,AZ,AWP,CE,Towers with Radar,0,3,14,1,18,0,285,198,2,485,0,288,212,3,503,444,0,444,947
10/31/2020,FFZ,AZ,AWP,CE,Towers with Radar,0,8,6,0,14,0,185,202,10,397,0,193,208,10,411,548,0,548,959
11/01/2020,FFZ,AZ,AWP,CE,Towers with Radar,0,3,9,0,12,0,151,134,0,285,0,154,143,0,297,337,0,337,634
11/02/2020,FFZ,AZ,AWP,CE,Towers with Radar,0,8,11,0,19,0,205,126,12,343,0,213,137,12,362,341,0,341,703
11/03/2020,FFZ,AZ,AWP,CE,Towers with Radar,0,6,16,0,22,0,240,155,5,400,0,246,171,5,422,608,0,608,1030
11/04/2020,FFZ,AZ,AWP,CE,Towers with Radar,0,11,13,0,24,0,284,212,5,501,0,295,225,5,525,465,0,465,990
11/05/2020,FFZ,AZ,AWP,CE,Towers with Radar,0,7,11,0,18,0,235,163,12,410,0,242,174,12,428,479,0,479,907
11/06/2020,FFZ,AZ,AWP,CE,Towers with Radar,0,8,18,0,26,0,226,166,9,401,0,234,184,9,427,433,0,433,860
11/07/2020,FFZ,AZ,AWP,CE,Towers with Radar,0,4,3,0,7,0,71,69,1,141,0,75,72,1,148,312,0,312,460
11/08/2020,FFZ,AZ,AWP,CE,Towers with Radar,0,3,9,0,12,0,117,116,0,233,0,120,125,0,245,387,0,387,632
11/09/2020,FFZ,AZ,AWP,CE,Towers with Radar,0,4,13,2,19,0,194,127,5,326,0,198,140,7,345,460,0,460,805
11/10/2020,FFZ,AZ,AWP,CE,Towers with Radar,0,9,13,0,22,0,241,164,15,420,0,250,177,15,442,619,0,619,1061
11/11/2020,FFZ,AZ,AWP,CE,Towers with Radar,0,3,9,0,12,0,270,220,6,496,0,273,229,6,508,596,0,596,1104
11/12/2020,FFZ,AZ,AWP,CE,Towers with Radar,0,6,16,0,22,0,254,156,15,425,0,260,172,15,447,553,0,553,1000
11/13/2020,FFZ,AZ,AWP,CE,Towers with Radar,0,13,11,0,24,0,294,197,2,493,0,307,208,2,517,528,0,528,1045
11/14/2020,FFZ,AZ,AWP,CE,Towers with Radar,0,5,9,0,14,0,216,189,2,407,0,221,198,2,421,458,0,458,879
11/15/2020,FFZ,AZ,AWP,CE,Towers with Radar,0,3,7,0,10,0,179,186,0,365,0,182,193,0,375,682,0,682,1057
11/16/2020,FFZ,AZ,AWP,CE,Towers with Radar,0,7,6,0,13,0,253,155,5,413,0,260,161,5,426,625,0,625,1051
11/17/2020,FFZ,AZ,AWP,CE,Towers with Radar,0,10,9,0,19,0,248,168,1,417,0,258,177,1,436,685,0,685,1121
11/18/2020,FFZ,AZ,AWP,CE,Towers with Radar,0,12,14,0,26,0,276,203,5,484,0,288,217,5,510,625,0,625,1135
11/19/2020,FFZ,AZ,AWP,CE,Towers with Radar,0,7,8,0,15,0,272,198,7,477,0,279,206,7,492,629,0,629,1121
11/20/2020,FFZ,AZ,AWP,CE,Towers with Radar,0,12,11,0,23,0,267,182,5,454,0,279,193,5,477,826,0,826,1303
11/21/2020,FFZ,AZ,AWP,CE,Towers with Radar,0,4,11,0,15,0,235,235,5,475,0,239,246,5,490,552,0,552,1042
11/22/2020,FFZ,AZ,AWP,CE,Towers with Radar,0,4,9,0,13,0,175,171,1,347,0,179,180,1,360,512,0,512,872
11/23/2020,FFZ,AZ,AWP,CE,Towers with Radar,0,4,15,0,19,0,229,185,4,418,0,233,200,4,437,647,4,651,1088
11/24/2020,FFZ,AZ,AWP,CE,Towers with Radar,0,5,17,0,22,0,248,142,5,395,0,253,159,5,417,829,0,829,1246
11/25/2020,FFZ,AZ,AWP,CE,Towers with Radar,0,13,8,0,21,0,214,201,0,415,0,227,209,0,436,773,0,773,1209
11/26/2020,FFZ,AZ,AWP,CE,Towers with Radar,0,0,3,0,3,0,8,80,0,88,0,8,83,0,91,36,0,36,127
11/27/2020,FFZ,AZ,AWP,CE,Towers with Radar,0,6,8,0,14,0,162,148,0,310,0,168,156,0,324,504,0,504,828
11/28/2020,FFZ,AZ,AWP,CE,Towers with Radar,0,5,12,0,17,0,110,156,0,266,0,115,168,0,283,514,0,514,797
11/29/2020,FFZ,AZ,AWP,CE,Towers with Radar,0,8,9,0,17,0,156,131,0,287,0,164,140,0,304,569,0,569,873
11/30/2020,FFZ,AZ,AWP,CE,Towers with Radar,0,3,14,0,17,0,180,134,0,314,0,183,148,0,331,582,0,582,913
12/01/2020,FFZ,AZ,AWP,CE,Towers with Radar,0,19,11,0,30,0,278,158,6,442,0,297,169,6,472,671,0,671,1143
12/02/2020,FFZ,AZ,AWP,CE,Towers with Radar,0,11,22,0,33,0,224,156,10,390,0,235,178,10,423,559,0,559,982
12/03/2020,FFZ,AZ,AWP,CE,Towers with Radar,0,11,15,0,26,0,202,147,4,353,0,213,162,4,379,537,0,537,916
12/04/2020,FFZ,AZ,AWP,CE,Towers with Radar,0,9,6,0,15,0,206,176,5,387,0,215,182,5,402,528,0,528,930
12/05/2020,FFZ,AZ,AWP,CE,Towers with Radar,0,2,3,0,5,0,178,187,1,366,0,180,190,1,371,513,0,513,884
12/06/2020,FFZ,AZ,AWP,CE,Towers with Radar,0,2,7,0,9,0,202,153,0,355,0,204,160,0,364,535,0,535,899
12/07/2020,FFZ,AZ,AWP,CE,Towers with Radar,0,3,9,0,12,0,181,164,4,349,0,184,173,4,361,375,0,375,736
12/08/2020,FFZ,AZ,AWP,CE,Towers with Radar,0,11,11,0,22,0,268,195,12,475,0,279,206,12,497,688,0,688,1185
12/09/2020,FFZ,AZ,AWP,CE,Towers with Radar,0,11,11,0,22,0,250,207,4,461,0,261,218,4,483,790,0,790,1273
12/10/2020,FFZ,AZ,AWP,CE,Towers with Radar,0,31,12,0,43,0,31,40,4,75,0,62,52,4,118,172,0,172,290
12/11/2020,FFZ,AZ,AWP,CE,Towers with Radar,0,16,19,0,35,0,221,163,15,399,0,237,182,15,434,778,0,778,1212
12/12/2020,FFZ,AZ,AWP,CE,Towers with Radar,0,2,6,0,8,0,190,206,2,398,0,192,212,2,406,595,0,595,1001
12/13/2020,FFZ,AZ,AWP,CE,Towers with Radar,0,10,4,0,14,0,198,154,0,352,0,208,158,0,366,458,0,458,824
12/14/2020,FFZ,AZ,AWP,CE,Towers with Radar,0,8,9,0,17,0,254,191,9,454,0,262,200,9,471,753,0,753,1224
12/15/2020,FFZ,AZ,AWP,CE,Towers with Radar,0,10,8,0,18,0,252,168,10,430,0,262,176,10,448,825,0,825,1273
12/16/2020,FFZ,AZ,AWP,CE,Towers with Radar,0,16,12,0,28,0,262,218,13,493,0,278,230,13,521,895,0,895,1416
12/17/2020,FFZ,AZ,AWP,CE,Towers with Radar,0,5,13,0,18,0,244,146,2,392,0,249,159,2,410,842,0,842,1252
12/18/2020,FFZ,AZ,AWP,CE,Towers with Radar,0,9,8,0,17,0,212,146,7,365,0,221,154,7,382,752,0,752,1134
12/19/2020,FFZ,AZ,AWP,CE,Towers with Radar,0,1,7,0,8,0,199,199,2,400,0,200,206,2,408,329,0,329,737
12/20/2020,FFZ,AZ,AWP,CE,Towers with Radar,0,2,8,0,10,0,164,124,0,288,0,166,132,0,298,605,0,605,903
12/21/2020,FFZ,AZ,AWP,CE,Towers with Radar,0,7,7,0,14,0,213,153,7,373,0,220,160,7,387,626,0,626,1013
12/22/2020,FFZ,AZ,AWP,CE,Towers with Radar,0,8,6,0,14,0,230,156,1,387,0,238,162,1,401,545,0,545,946
12/23/2020,FFZ,AZ,AWP,CE,Towers with Radar,0,3,12,0,15,0,167,126,5,298,0,170,138,5,313,473,0,473,786
12/24/2020,FFZ,AZ,AWP,CE,Towers with Radar,0,4,12,0,16,0,85,58,1,144,0,89,70,1,160,214,0,214,374
12/25/2020,FFZ,AZ,AWP,CE,Towers with Radar,0,2,2,0,4,0,2,34,0,36,0,4,36,0,40,31,0,31,71
12/26/2020,FFZ,AZ,AWP,CE,Towers with Radar,0,2,3,0,5,0,67,154,2,223,0,69,157,2,228,266,0,266,494
12/27/2020,FFZ,AZ,AWP,CE,Towers with Radar,0,5,12,0,17,0,108,160,0,268,0,113,172,0,285,451,0,451,736
12/28/2020,FFZ,AZ,AWP,CE,Towers with Radar,0,2,9,0,11,0,74,105,1,180,0,76,114,1,191,356,0,356,547
12/29/2020,FFZ,AZ,AWP,CE,Towers with Radar,0,6,7,0,13,0,174,152,3,329,0,180,159,3,342,575,0,575,917
12/30/2020,FFZ,AZ,AWP,CE,Towers with Radar,0,5,7,0,12,0,131,165,4,300,0,136,172,4,312,496,0,496,808
12/31/2020,FFZ,AZ,AWP,CE,Towers with Radar,0,8,9,0,17,0,151,172,0,323,0,159,181,0,340,336,0,336,676
01/01/2021,FFZ,AZ,AWP,CE,Towers with Radar,0,3,7,0,10,0,80,101,0,181,0,83,108,0,191,214,0,214,405
01/02/2021,FFZ,AZ,AWP,CE,Towers with Radar,0,3,9,0,12,0,112,229,0,341,0,115,238,0,353,361,0,361,714
01/03/2021,FFZ,AZ,AWP,CE,Towers with Radar,0,11,9,0,20,0,116,150,0,266,0,127,159,0,286,461,0,461,747
01/04/2021,FFZ,AZ,AWP,CE,Towers with Radar,0,6,9,0,15,0,193,146,3,342,0,199,155,3,357,636,0,636,993
01/05/2021,FFZ,AZ,AWP,CE,Towers with Radar,0,7,8,0,15,0,246,135,5,386,0,253,143,5,401,660,0,660,1061
01/06/2021,FFZ,AZ,AWP,CE,Towers with Radar,0,4,10,0,14,0,220,200,6,426,0,224,210,6,440,752,0,752,1192
01/07/2021,FFZ,AZ,AWP,CE,Towers with Radar,0,5,6,0,11,0,264,219,6,489,0,269,225,6,500,772,0,772,1272
01/08/2021,FFZ,AZ,AWP,CE,Towers with Radar,0,6,7,0,13,17,166,200,11,394,17,172,207,11,407,693,0,693,1100
01/09/2021,FFZ,AZ,AWP,CE,Towers with Radar,0,10,9,0,19,0,146,215,2,363,0,156,224,2,382,490,0,490,872
01/10/2021,FFZ,AZ,AWP,CE,Towers with Radar,0,8,11,0,19,0,176,125,0,301,0,184,136,0,320,500,0,500,820
01/11/2021,FFZ,AZ,AWP,CE,Towers with Radar,0,4,5,0,9,0,170,172,7,349,0,174,177,7,358,409,0,409,767
01/12/2021,FFZ,AZ,AWP,CE,Towers with Radar,0,8,10,0,18,0,228,170,12,410,0,236,180,12,428,683,0,683,1111
01/13/2021,FFZ,AZ,AWP,CE,Towers with Radar,0,6,12,0,18,0,240,180,5,425,0,246,192,5,443,700,0,700,1143
01/14/2021,FFZ,AZ,AWP,CE,Towers with Radar,0,7,13,0,20,0,191,187,5,383,0,198,200,5,403,638,0,638,1041
01/15/2021,FFZ,AZ,AWP,CE,Towers with Radar,0,7,10,0,17,0,156,180,0,336,0,163,190,0,353,629,0,629,982
01/16/2021,FFZ,AZ,AWP,CE,Towers with Radar,0,6,3,0,9,0,166,213,9,388,0,172,216,9,397,688,0,688,1085
01/17/2021,FFZ,AZ,AWP,CE,Towers with Radar,0,3,10,0,13,0,187,157,0,344,0,190,167,0,357,550,0,550,907
01/18/2021,FFZ,AZ,AWP,CE,Towers with Radar,0,7,18,0,25,0,227,194,5,426,0,234,212,5,451,744,0,744,1195
01/19/2021,FFZ,AZ,AWP,CE,Towers with Radar,0,2,9,0,11,0,152,94,4,250,0,154,103,4,261,531,0,531,792
01/20/2021,FFZ,AZ,AWP,CE,Towers with Radar,0,6,11,0,17,0,150,124,17,291,0,156,135,17,308,550,0,550,858
01/21/2021,FFZ,AZ,AWP,CE,Towers with Radar,0,4,19,0,23,0,188,154,10,352,0,192,173,10,375,787,0,787,1162
01/22/2021,FFZ,AZ,AWP,CE,Towers with Radar,0,11,9,0,20,0,135,132,9,276,0,146,141,9,296,482,0,482,778
01/23/2021,FFZ,AZ,AWP,CE,Towers with Radar,0,9,7,0,16,0,80,113,3,196,0,89,120,3,212,625,0,625,837
01/24/2021,FFZ,AZ,AWP,CE,Towers with Radar,0,7,9,0,16,0,7,11,1,19,0,14,20,1,35,81,0,81,116
01/25/2021,FFZ,AZ,AWP,CE,Towers with Radar,0,0,5,0,5,0,5,3,0,8,0,5,8,0,13,46,0,46,59
01/26/2021,FFZ,AZ,AWP,CE,Towers with Radar,0,3,5,0,8,0,79,76,3,158,0,82,81,3,166,468,0,468,634
01/27/2021,FFZ,AZ,AWP,CE,Towers with Radar,0,11,8,0,19,0,261,223,6,490,0,272,231,6,509,672,0,672,1181
01/28/2021,FFZ,AZ,AWP,CE,Towers with Radar,0,7,6,0,13,0,259,206,14,479,0,266,212,14,492,707,0,707,1199
01/29/2021,FFZ,AZ,AWP,CE,Towers with Radar,0,5,4,0,9,0,102,111,6,219,0,107,115,6,228,532,0,532,760
01/30/2021,FFZ,AZ,AWP,CE,Towers with Radar,0,9,5,0,14,0,169,207,6,382,0,178,212,6,396,695,0,695,1091
01/31/2021,FFZ,AZ,AWP,CE,Towers with Radar,0,4,12,0,16,0,221,184,0,405,0,225,196,0,421,479,0,479,900
02/01/2021,FFZ,AZ,AWP,CE,Towers with Radar,0,6,10,0,16,0,166,160,7,333,0,172,170,7,349,527,0,527,876
02/02/2021,FFZ,AZ,AWP,CE,Towers with Radar,0,5,16,0,21,0,239,183,5,427,0,244,199,5,448,682,0,682,1130
02/03/2021,FFZ,AZ,AWP,CE,Towers with Radar,0,4,14,0,18,0,249,158,5,412,0,253,172,5,430,587,0,587,1017
02/04/2021,FFZ,AZ,AWP,CE,Towers with Radar,0,7,15,0,22,0,224,212,4,440,0,231,227,4,462,686,0,686,1148
02/05/2021,FFZ,AZ,AWP,CE,Towers with Radar,0,5,14,0,19,0,205,217,0,422,0,210,231,0,441,764,0,764,1205
02/06/2021,FFZ,AZ,AWP,CE,Towers with Radar,0,5,10,0,15,0,147,280,2,429,0,152,290,2,444,484,0,484,928
02/07/2021,FFZ,AZ,AWP,CE,Towers with Radar,0,4,13,0,17,0,248,135,0,383,0,252,148,0,400,527,0,527,927
02/08/2021,FFZ,AZ,AWP,CE,Towers with Radar,0,1,10,0,11,0,202,151,1,354,0,203,161,1,365,784,0,784,1149
02/09/2021,FFZ,AZ,AWP,CE,Towers with Radar,0,16,10,0,26,0,262,143,10,415,0,278,153,10,441,777,0,777,1218
02/10/2021,FFZ,AZ,AWP,CE,Towers with Radar,0,1,8,0,9,0,265,176,10,451,0,266,184,10,460,842,0,842,1302
02/11/2021,FFZ,AZ,AWP,CE,Towers with Radar,0,6,18,0,24,0,243,205,13,461,0,249,223,13,485,775,0,775,1260
02/12/2021,FFZ,AZ,AWP,CE,Towers with Radar,0,8,14,0,22,0,205,169,0,374,0,213,183,0,396,649,0,649,1045
02/13/2021,FFZ,AZ,AWP,CE,Towers with Radar,0,7,9,0,16,0,101,154,1,256,0,108,163,1,272,404,0,404,676
02/14/2021,FFZ,AZ,AWP,CE,Towers with Radar,0,8,5,0,13,0,148,111,0,259,0,156,116,0,272,752,0,752,1024
02/15/2021,FFZ,AZ,AWP,CE,Towers with Radar,0,7,17,0,24,0,228,157,1,386,0,235,174,1,410,702,0,702,1112
02/16/2021,FFZ,AZ,AWP,CE,Towers with Radar,0,6,7,0,13,0,194,137,5,336,0,200,144,5,349,503,0,503,852
02/17/2021,FFZ,AZ,AWP,CE,Towers with Radar,0,7,12,0,19,0,238,189,4,431,0,245,201,4,450,366,0,366,816
02/18/2021,FFZ,AZ,AWP,CE,Towers with Radar,0,9,13,0,22,0,285,242,2,529,0,294,255,2,551,761,0,761,1312
02/19/2021,FFZ,AZ,AWP,CE,Towers with Radar,0,7,10,0,17,0,260,193,6,459,0,267,203,6,476,793,0,793,1269
02/20/2021,FFZ,AZ,AWP,CE,Towers with Radar,0,3,9,0,12,0,134,189,0,323,0,137,198,0,335,533,0,533,868
02/21/2021,FFZ,AZ,AWP,CE,Towers with Radar,0,7,11,0,18,0,179,169,0,348,0,186,180,0,366,668,0,668,1034
02/22/2021,FFZ,AZ,AWP,CE,Towers with Radar,0,2,7,0,9,0,201,174,4,379,0,203,181,4,388,657,0,657,1045
02/23/2021,FFZ,AZ,AWP,CE,Towers with Radar,0,4,8,0,12,0,221,220,3,444,0,225,228,3,456,642,0,642,1098
02/24/2021,FFZ,AZ,AWP,CE,Towers with Radar,0,9,9,0,18,0,242,212,12,466,0,251,221,12,484,724,0,724,1208
02/25/2021,FFZ,AZ,AWP,CE,Towers with Radar,0,10,8,0,18,0,212,193,7,412,0,222,201,7,430,710,0,710,1140
02/26/2021,FFZ,AZ,AWP,CE,Towers with Radar,0,9,15,0,24,0,231,219,2,452,0,240,234,2,476,677,0,677,1153
02/27/2021,FFZ,AZ,AWP,CE,Towers with Radar,0,12,3,0,15,0,219,231,0,450,0,231,234,0,465,768,0,768,1233
02/28/2021,FFZ,AZ,AWP,CE,Towers with Radar,0,4,9,0,13,0,95,98,0,193,0,99,107,0,206,318,0,318,524
03/01/2021,FFZ,AZ,AWP,CE,Towers with Radar,0,5,6,0,11,0,246,215,11,472,0,251,221,11,483,740,0,740,1223
03/02/2021,FFZ,AZ,AWP,CE,Towers with Radar,0,8,10,0,18,0,246,184,5,435,0,254,194,5,453,573,0,573,1026
03/03/2021,FFZ,AZ,AWP,CE,Towers with Radar,0,2,10,0,12,0,123,105,3,231,0,125,115,3,243,505,0,505,748
03/04/2021,FFZ,AZ,AWP,CE,Towers with Radar,0,10,15,0,25,0,303,156,16,475,0,313,171,16,500,809,0,809,1309
03/05/2021,FFZ,AZ,AWP,CE,Towers with Radar,0,10,18,0,28,0,284,245,4,533,0,294,263,4,561,820,0,820,1381
03/06/2021,FFZ,AZ,AWP,CE,Towers with Radar,0,7,12,0,19,0,179,212,2,393,0,186,224,2,412,586,0,586,998
03/07/2021,FFZ,AZ,AWP,CE,Towers with Radar,0,2,16,0,18,0,226,175,1,402,0,228,191,1,420,674,0,674,1094
03/08/2021,FFZ,AZ,AWP,CE,Towers with Radar,0,4,10,0,14,0,251,163,10,424,0,255,173,10,438,688,0,688,1126
03/09/2021,FFZ,AZ,AWP,CE,Towers with Radar,0,10,12,0,22,0,180,104,2,286,0,190,116,2,308,398,0,398,706
03/10/2021,FFZ,AZ,AWP,CE,Towers with Radar,0,10,18,0,28,0,267,187,11,465,0,277,205,11,493,821,0,821,1314
03/11/2021,FFZ,AZ,AWP,CE,Towers with Radar,0,8,9,0,17,0,254,187,6,447,0,262,196,6,464,910,0,910,1374
03/12/2021,FFZ,AZ,AWP,CE,Towers with Radar,0,10,11,0,21,0,99,83,4,186,0,109,94,4,207,813,0,813,1020
03/13/2021,FFZ,AZ,AWP,CE,Towers with Radar,0,5,14,0,19,0,102,109,6,217,0,107,123,6,236,630,0,630,866
03/14/2021,FFZ,AZ,AWP,CE,Towers with Radar,1,7,12,0,20,0,189,189,0,378,1,196,201,0,398,741,0,741,1139
03/15/2021,FFZ,AZ,AWP,CE,Towers with Radar,0,9,7,0,16,0,243,153,4,400,0,252,160,4,416,770,0,770,1186
03/16/2021,FFZ,AZ,AWP,CE,Towers with Radar,0,12,22,0,34,0,215,151,5,371,0,227,173,5,405,854,0,854,1259
03/17/2021,FFZ,AZ,AWP,CE,Towers with Radar,0,4,15,0,19,0,270,201,2,473,0,274,216,2,492,859,0,859,1351
03/18/2021,FFZ,AZ,AWP,CE,Towers with Radar,0,10,16,0,26,0,236,217,5,458,0,246,233,5,484,728,0,728,1212
03/19/2021,FFZ,AZ,AWP,CE,Towers with Radar,0,4,13,0,17,0,238,244,8,490,0,242,257,8,507,782,0,782,1289
03/20/2021,FFZ,AZ,AWP,CE,Towers with Radar,0,2,8,0,10,0,237,240,2,479,0,239,248,2,489,712,0,712,1201
03/21/2021,FFZ,AZ,AWP,CE,Towers with Radar,0,2,12,0,14,0,238,151,0,389,0,240,163,0,403,543,0,543,946
03/22/2021,FFZ,AZ,AWP,CE,Towers with Radar,0,2,5,0,7,0,189,130,0,319,0,191,135,0,326,550,0,550,876
03/23/2021,FFZ,AZ,AWP,CE,Towers with Radar,0,5,10,0,15,0,177,116,4,297,0,182,126,4,312,570,0,570,882
03/24/2021,FFZ,AZ,AWP,CE,Towers with Radar,0,6,21,0,27,0,226,262,6,494,0,232,283,6,521,950,0,950,1471
03/25/2021,FFZ,AZ,AWP,CE,Towers with Radar,0,3,8,0,11,0,92,111,6,209,0,95,119,6,220,382,0,382,602
03/26/2021,FFZ,AZ,AWP,CE,Towers with Radar,0,3,13,0,16,0,188,160,4,352,0,191,173,4,368,990,0,990,1358
03/27/2021,FFZ,AZ,AWP,CE,Towers with Radar,0,6,11,0,17,0,177,256,7,440,0,183,267,7,457,717,0,717,1174
03/28/2021,FFZ,AZ,AWP,CE,Towers with Radar,0,8,19,0,27,0,164,189,1,354,0,172,208,1,381,800,0,800,1181
03/29/2021,FFZ,AZ,AWP,CE,Towers with Radar,0,7,12,0,19,0,197,184,10,391,0,204,196,10,410,919,0,919,1329
03/30/2021,FFZ,AZ,AWP,CE,Towers with Radar,0,6,10,1,17,0,300,192,3,495,0,306,202,4,512,947,0,947,1459
03/31/2021,FFZ,AZ,AWP,CE,Towers with Radar,0,5,22,0,27,0,194,157,2,353,0,199,179,2,380,697,0,697,1077
04/01/2021,FFZ,AZ,AWP,CE,Towers with Radar,0,5,11,0,16,0,150,138,5,293,0,155,149,5,309,826,0,826,1135
04/02/2021,FFZ,AZ,AWP,CE,Towers with Radar,0,8,19,0,27,0,187,203,2,392,0,195,222,2,419,998,0,998,1417
04/03/2021,FFZ,AZ,AWP,CE,Towers with Radar,0,5,15,0,20,0,162,242,5,409,0,167,257,5,429,759,0,759,1188
04/04/2021,FFZ,AZ,AWP,CE,Towers with Radar,0,4,7,0,11,0,169,113,1,283,0,173,120,1,294,514,0,514,808
04/05/2021,FFZ,AZ,AWP,CE,Towers with Radar,0,10,12,0,22,0,253,184,7,444,0,263,196,7,466,848,0,848,1314
04/06/2021,FFZ,AZ,AWP,CE,Towers with Radar,0,2,12,0,14,0,273,177,9,459,0,275,189,9,473,1032,0,1032,1505
04/07/2021,FFZ,AZ,AWP,CE,Towers with Radar,0,6,12,0,18,0,279,218,6,503,0,285,230,6,521,951,0,951,1472
04/08/2021,FFZ,AZ,AWP,CE,Towers with Radar,0,7,12,2,21,0,206,197,3,406,0,213,209,5,427,758,0,758,1185
04/09/2021,FFZ,AZ,AWP,CE,Towers with Radar,0,7,16,0,23,0,249,222,8,479,0,256,238,8,502,739,0,739,1241
04/10/2021,FFZ,AZ,AWP,CE,Towers with Radar,0,10,9,0,19,0,205,198,5,408,0,215,207,5,427,680,0,680,1107
04/11/2021,FFZ,AZ,AWP,CE,Towers with Radar,0,4,5,0,9,0,174,166,0,340,0,178,171,0,349,640,0,640,989
04/12/2021,FFZ,AZ,AWP,CE,Towers with Radar,0,7,15,0,22,0,265,171,3,439,0,272,186,3,461,562,0,562,1023
04/13/2021,FFZ,AZ,AWP,CE,Towers with Radar,0,8,18,0,26,0,257,200,8,465,0,265,218,8,491,849,0,849,1340
04/14/2021,FFZ,AZ,AWP,CE,Towers with Radar,0,5,13,0,18,0,252,141,6,399,0,257,154,6,417,751,0,751,1168
04/15/2021,FFZ,AZ,AWP,CE,Towers with Radar,0,6,17,0,23,0,199,177,7,383,0,205,194,7,406,613,0,613,1019
04/16/2021,FFZ,AZ,AWP,CE,Towers with Radar,0,8,6,0,14,0,222,223,6,451,0,230,229,6,465,783,0,783,1248
04/17/2021,FFZ,AZ,AWP,CE,Towers with Radar,0,12,7,0,19,0,179,203,5,387,0,191,210,5,406,452,0,452,858
04/18/2021,FFZ,AZ,AWP,CE,Towers with Radar,0,8,14,0,22,0,104,116,1,221,0,112,130,1,243,447,0,447,690
04/19/2021,FFZ,AZ,AWP,CE,Towers with Radar,0,10,7,0,17,0,212,190,4,406,0,222,197,4,423,741,0,741,1164
04/20/2021,FFZ,AZ,AWP,CE,Towers with Radar,0,5,16,0,21,0,274,172,10,456,0,279,188,10,477,760,0,760,1237
04/21/2021,FFZ,AZ,AWP,CE,Towers with Radar,0,5,12,0,17,0,116,75,2,193,0,121,87,2,210,244,0,244,454
04/22/2021,FFZ,AZ,AWP,CE,Towers with Radar,0,6,16,0,22,0,271,198,12,481,0,277,214,12,503,603,0,603,1106
04/23/2021,FFZ,AZ,AWP,CE,Towers with Radar,0,12,13,0,25,0,220,195,3,418,0,232,208,3,443,616,0,616,1059
04/24/2021,FFZ,AZ,AWP,CE,Towers with Radar,0,7,10,0,17,0,187,244,7,438,0,194,254,7,455,436,0,436,891
04/25/2021,FFZ,AZ,AWP,CE,Towers with Radar,0,3,6,0,9,0,161,149,0,310,0,164,155,0,319,546,0,546,865
04/26/2021,FFZ,AZ,AWP,CE,Towers with Radar,0,14,13,0,27,0,190,122,5,317,0,204,135,5,344,538,0,538,882
04/27/2021,FFZ,AZ,AWP,CE,Towers with Radar,0,4,11,0,15,0,234,123,0,357,0,238,134,0,372,625,0,625,997
04/28/2021,FFZ,AZ,AWP,CE,Towers with Radar,0,7,10,0,17,0,271,177,12,460,0,278,187,12,477,564,0,564,1041
04/29/2021,FFZ,AZ,AWP,CE,Towers with Radar,0,9,16,0,25,0,216,197,6,419,0,225,213,6,444,542,0,542,986
04/30/2021,FFZ,AZ,AWP,CE,Towers with Radar,0,7,10,0,17,0,223,213,11,447,0,230,223,11,464,633,0,633,1097
05/01/2021,FFZ,AZ,AWP,CE,Towers with Radar,0,6,8,0,14,0,144,192,6,342,0,150,200,6,356,472,0,472,828
05/02/2021,FFZ,AZ,AWP,CE,Towers with Radar,0,4,7,0,11,0,158,115,0,273,0,162,122,0,284,380,0,380,664
05/03/2021,FFZ,AZ,AWP,CE,Towers with Radar,0,7,10,0,17,0,226,180,2,408,0,233,190,2,425,644,0,644,1069
05/04/2021,FFZ,AZ,AWP,CE,Towers with Radar,0,9,9,0,18,0,281,194,1,476,0,290,203,1,494,531,0,531,1025
05/05/2021,FFZ,AZ,AWP,CE,Towers with Radar,0,8,10,0,18,0,285,207,5,497,0,293,217,5,515,578,0,578,1093
05/06/2021,FFZ,AZ,AWP,CE,Towers with Radar,0,7,8,1,16,0,239,201,4,444,0,246,209,5,460,529,0,529,989
05/07/2021,FFZ,AZ,AWP,CE,Towers with Radar,0,11,7,0,18,0,181,207,1,389,0,192,214,1,407,549,0,549,956
05/08/2021,FFZ,AZ,AWP,CE,Towers with Radar,0,11,13,0,24,0,195,162,1,358,0,206,175,1,382,536,0,536,918
05/09/2021,FFZ,AZ,AWP,CE,Towers with Radar,0,8,3,0,11,0,173,122,0,295,0,181,125,0,306,446,0,446,752
05/10/2021,FFZ,AZ,AWP,CE,Towers with Radar,1,8,12,0,21,0,200,155,4,359,1,208,167,4,380,547,0,547,927
05/11/2021,FFZ,AZ,AWP,CE,Towers with Radar,0,9,7,0,16,0,238,189,2,429,0,247,196,2,445,734,0,734,1179
05/12/2021,FFZ,AZ,AWP,CE,Towers with Radar,0,8,13,0,21,0,241,196,7,444,0,249,209,7,465,687,0,687,1152
05/13/2021,FFZ,AZ,AWP,CE,Towers with Radar,0,9,9,0,18,0,224,166,3,393,0,233,175,3,411,504,0,504,915
05/14/2021,FFZ,AZ,AWP,CE,Towers with Radar,0,16,10,0,26,0,221,157,3,381,0,237,167,3,407,605,0,605,1012
05/15/2021,FFZ,AZ,AWP,CE,Towers with Radar,0,5,9,0,14,0,138,153,1,292,0,143,162,1,306,365,0,365,671
05/16/2021,FFZ,AZ,AWP,CE,Towers with Radar,0,6,8,0,14,0,144,129,1,274,0,150,137,1,288,288,0,288,576
05/17/2021,FFZ,AZ,AWP,CE,Towers with Radar,0,16,15,0,31,0,196,141,2,339,0,212,156,2,370,472,6,478,848
05/18/2021,FFZ,AZ,AWP,CE,Towers with Radar,0,9,5,0,14,0,237,148,6,391,0,246,153,6,405,669,0,669,1074
05/19/2021,FFZ,AZ,AWP,CE,Towers with Radar,0,12,6,0,18,0,209,156,1,366,0,221,162,1,384,648,0,648,1032
05/20/2021,FFZ,AZ,AWP,CE,Towers with Radar,0,11,14,0,25,0,236,159,6,401,0,247,173,6,426,466,0,466,892
05/21/2021,FFZ,AZ,AWP,CE,Towers with Radar,0,13,11,0,24,0,195,139,6,340,0,208,150,6,364,324,0,324,688
05/22/2021,FFZ,AZ,AWP,CE,Towers with Radar,0,7,16,0,23,0,183,185,9,377,0,190,201,9,400,424,0,424,824
05/23/2021,FFZ,AZ,AWP,CE,Towers with Radar,0,11,9,0,20,0,143,151,0,294,0,154,160,0,314,370,0,370,684
05/24/2021,FFZ,AZ,AWP,CE,Towers with Radar,0,14,11,0,25,0,209,178,2,389,0,223,189,2,414,666,0,666,1080
05/25/2021,FFZ,AZ,AWP,CE,Towers with Radar,0,13,5,0,18,0,281,172,2,455,0,294,177,2,473,707,0,707,1180
05/26/2021,FFZ,AZ,AWP,CE,Towers with Radar,0,14,5,0,19,0,293,186,5,484,0,307,191,5,503,660,0,660,1163
05/27/2021,FFZ,AZ,AWP,CE,Towers with Radar,0,15,12,0,27,0,270,179,12,461,0,285,191,12,488,550,0,550,1038
05/28/2021,FFZ,AZ,AWP,CE,Towers with Radar,0,11,14,0,25,0,242,177,3,422,0,253,191,3,447,702,0,702,1149
05/29/2021,FFZ,AZ,AWP,CE,Towers with Radar,0,11,7,0,18,0,172,129,13,314,0,183,136,13,332,396,0,396,728
05/30/2021,FFZ,AZ,AWP,CE,Towers with Radar,0,8,9,0,17,0,157,123,0,280,0,165,132,0,297,418,0,418,715
05/31/2021,FFZ,AZ,AWP,CE,Towers with Radar,0,5,9,0,14,0,163,125,1,289,0,168,134,1,303,449,0,449,752
06/01/2021,FFZ,AZ,AWP,CE,Towers with Radar,0,13,11,0,24,0,227,148,13,388,0,240,159,13,412,530,0,530,942
06/02/2021,FFZ,AZ,AWP,CE,Towers with Radar,0,18,11,0,29,0,235,140,2,377,0,253,151,2,406,486,0,486,892
06/03/2021,FFZ,AZ,AWP,CE,Towers with Radar,0,7,15,0,22,0,287,134,0,421,0,294,149,0,443,502,0,502,945
06/04/2021,FFZ,AZ,AWP,CE,Towers with Radar,0,11,17,0,28,0,230,147,6,383,0,241,164,6,411,663,0,663,1074
06/05/2021,FFZ,AZ,AWP,CE,Towers with Radar,0,5,8,0,13,0,185,196,6,387,0,190,204,6,400,299,0,299,699
06/06/2021,FFZ,AZ,AWP,CE,Towers with Radar,0,2,8,0,10,0,182,118,0,300,0,184,126,0,310,370,0,370,680
06/07/2021,FFZ,AZ,AWP,CE,Towers with Radar,0,16,9,0,25,0,206,116,7,329,0,222,125,7,354,413,0,413,767
06/08/2021,FFZ,AZ,AWP,CE,Towers with Radar,0,7,5,0,12,0,206,232,3,441,0,213,237,3,453,490,0,490,943
06/09/2021,FFZ,AZ,AWP,CE,Towers with Radar,0,7,17,0,24,0,291,184,12,487,0,298,201,12,511,561,0,561,1072
06/10/2021,FFZ,AZ,AWP,CE,Towers with Radar,0,10,16,0,26,0,324,199,11,534,0,334,215,11,560,573,0,573,1133
06/11/2021,FFZ,AZ,AWP,CE,Towers with Radar,0,4,9,0,13,0,261,165,7,433,0,265,174,7,446,539,0,539,985
06/12/2021,FFZ,AZ,AWP,CE,Towers with Radar,0,11,5,0,16,0,206,171,13,390,0,217,176,13,406,438,0,438,844
06/13/2021,FFZ,AZ,AWP,CE,Towers with Radar,0,5,3,0,8,0,181,125,0,306,0,186,128,0,314,320,0,320,634
06/14/2021,FFZ,AZ,AWP,CE,Towers with Radar,0,2,5,0,7,0,213,131,0,344,0,215,136,0,351,468,0,468,819
06/15/2021,FFZ,AZ,AWP,CE,Towers with Radar,0,9,8,0,17,0,227,160,5,392,0,236,168,5,409,399,0,399,808
06/16/2021,FFZ,AZ,AWP,CE,Towers with Radar,0,14,6,0,20,0,237,134,19,390,0,251,140,19,410,481,0,481,891
06/17/2021,FFZ,AZ,AWP,CE,Towers with Radar,0,3,9,0,12,0,228,138,27,393,0,231,147,27,405,351,0,351,756
06/18/2021,FFZ,AZ,AWP,CE,Towers with Radar,0,8,20,0,28,0,193,149,11,353,0,201,169,11,381,381,0,381,762
06/19/2021,FFZ,AZ,AWP,CE,Towers with Radar,0,5,1,0,6,0,139,123,7,269,0,144,124,7,275,308,0,308,583
06/20/2021,FFZ,AZ,AWP,CE,Towers with Radar,0,7,6,0,13,0,160,95,6,261,0,167,101,6,274,284,0,284,558
06/21/2021,FFZ,AZ,AWP,CE,Towers with Radar,0,8,11,0,19,0,232,144,3,379,0,240,155,3,398,418,0,418,816
06/22/2021,FFZ,AZ,AWP,CE,Towers with Radar,0,8,16,0,24,0,234,138,6,378,0,242,154,6,402,407,0,407,809
06/23/2021,FFZ,AZ,AWP,CE,Towers with Radar,0,5,6,0,11,0,75,109,10,194,0,80,115,10,205,412,0,412,617
06/24/2021,FFZ,AZ,AWP,CE,Towers with Radar,0,11,7,0,18,0,258,191,7,456,0,269,198,7,474,540,0,540,1014
06/25/2021,FFZ,AZ,AWP,CE,Towers with Radar,0,9,4,1,14,0,235,166,8,409,0,244,170,9,423,500,0,500,923
06/26/2021,FFZ,AZ,AWP,CE,Towers with Radar,0,4,6,0,10,0,215,120,7,342,0,219,126,7,352,210,0,210,562
06/27/2021,FFZ,AZ,AWP,CE,Towers with Radar,0,6,4,0,10,0,204,110,1,315,0,210,114,1,325,346,0,346,671
06/28/2021,FFZ,AZ,AWP,CE,Towers with Radar,0,9,9,0,18,0,184,87,6,277,0,193,96,6,295,425,0,425,720
06/29/2021,FFZ,AZ,AWP,CE,Towers with Radar,0,8,6,0,14,0,195,140,8,343,0,203,146,8,357,438,0,438,795
06/30/2021,FFZ,AZ,AWP,CE,Towers with Radar,2,2,9,0,13,0,226,153,5,384,2,228,162,5,397,482,0,482,879
07/01/2021,FFZ,AZ,AWP,CE,Towers with Radar,0,9,14,0,23,0,238,171,2,411,0,247,185,2,434,580,0,580,1014
07/02/2021,FFZ,AZ,AWP,CE,Towers with Radar,0,9,25,3,37,0,160,148,1,309,0,169,173,4,346,440,0,440,786
07/03/2021,FFZ,AZ,AWP,CE,Towers with Radar,0,1,3,0,4,0,147,120,0,267,0,148,123,0,271,388,0,388,659
07/04/2021,FFZ,AZ,AWP,CE,Towers with Radar,0,12,7,0,19,0,122,69,0,191,0,134,76,0,210,355,0,355,565
07/05/2021,FFZ,AZ,AWP,CE,Towers with Radar,0,9,12,0,21,0,113,127,0,240,0,122,139,0,261,306,0,306,567
07/06/2021,FFZ,AZ,AWP,CE,Towers with Radar,0,13,6,0,19,0,187,135,2,324,0,200,141,2,343,345,0,345,688
07/07/2021,FFZ,AZ,AWP,CE,Towers with Radar,0,5,13,0,18,0,212,160,4,376,0,217,173,4,394,609,0,609,1003
07/08/2021,FFZ,AZ,AWP,CE,Towers with Radar,0,6,6,1,13,0,211,135,7,353,0,217,141,8,366,540,0,540,906
07/09/2021,FFZ,AZ,AWP,CE,Towers with Radar,0,7,8,0,15,0,177,126,9,312,0,184,134,9,327,554,0,554,881
07/10/2021,FFZ,AZ,AWP,CE,Towers with Radar,2,4,7,0,13,0,137,117,4,258,2,141,124,4,271,396,0,396,667
07/11/2021,FFZ,AZ,AWP,CE,Towers with Radar,0,3,13,0,16,0,131,98,0,229,0,134,111,0,245,354,0,354,599
07/12/2021,FFZ,AZ,AWP,CE,Towers with Radar,0,7,9,0,16,0,197,109,1,307,0,204,118,1,323,622,0,622,945
07/13/2021,FFZ,AZ,AWP,CE,Towers with Radar,0,4,9,0,13,0,206,128,3,337,0,210,137,3,350,636,0,636,986
07/14/2021,FFZ,AZ,AWP,CE,Towers with Radar,0,2,8,0,10,0,68,55,0,123,0,70,63,0,133,267,0,267,400
07/15/2021,FFZ,AZ,AWP,CE,Towers with Radar,0,7,9,0,16,0,175,139,10,324,0,182,148,10,340,728,0,728,1068
07/16/2021,FFZ,AZ,AWP,CE,Towers with Radar,0,6,8,0,14,0,123,66,0,189,0,129,74,0,203,420,0,420,623
07/17/2021,FFZ,AZ,AWP,CE,Towers with Radar,0,6,10,0,16,0,167,165,2,334,0,173,175,2,350,617,0,617,967
07/18/2021,FFZ,AZ,AWP,CE,Towers with Radar,0,3,14,0,17,0,122,99,0,221,0,125,113,0,238,453,0,453,691
07/19/2021,FFZ,AZ,AWP,CE,Towers with Radar,0,8,12,0,20,0,215,130,7,352,0,223,142,7,372,652,0,652,1024
07/20/2021,FFZ,AZ,AWP,CE,Towers with Radar,0,9,15,0,24,0,241,141,8,390,0,250,156,8,414,602,0,602,1016
07/21/2021,FFZ,AZ,AWP,CE,Towers with Radar,0,8,10,0,18,0,218,143,14,375,0,226,153,14,393,483,0,483,876
07/22/2021,FFZ,AZ,AWP,CE,Towers with Radar,0,10,12,0,22,0,234,141,2,377,0,244,153,2,399,535,0,535,934
07/23/2021,FFZ,AZ,AWP,CE,Towers with Radar,0,10,13,0,23,0,13,28,0,41,0,23,41,0,64,123,0,123,187
07/24/2021,FFZ,AZ,AWP,CE,Towers with Radar,0,25,12,0,37,0,11,37,2,50,0,36,49,2,87,190,0,190,277
07/25/2021,FFZ,AZ,AWP,CE,Towers with Radar,0,19,13,0,32,0,22,17,0,39,0,41,30,0,71,206,0,206,277
07/26/2021,FFZ,AZ,AWP,CE,Towers with Radar,0,6,16,0,22,0,241,139,8,388,0,247,155,8,410,622,0,622,1032
07/27/2021,FFZ,AZ,AWP,CE,Towers with Radar,0,9,11,0,20,0,251,158,3,412,0,260,169,3,432,495,0,495,927
07/28/2021,FFZ,AZ,AWP,CE,Towers with Radar,0,13,11,0,24,0,227,142,3,372,0,240,153,3,396,590,0,590,986
07/29/2021,FFZ,AZ,AWP,CE,Towers with Radar,0,10,16,0,26,0,213,172,0,385,0,223,188,0,411,409,0,409,820
07/30/2021,FFZ,AZ,AWP,CE,Towers with Radar,0,8,13,0,21,0,227,110,4,341,0,235,123,4,362,453,0,453,815
07/31/2021,FFZ,AZ,AWP,CE,Towers with Radar,0,7,10,0,17,0,175,149,0,324,0,182,159,0,341,361,0,361,702
08/01/2021,FFZ,AZ,AWP,CE,Towers with Radar,0,7,13,0,20,0,152,119,0,271,0,159,132,0,291,304,0,304,595
08/02/2021,FFZ,AZ,AWP,CE,Towers with Radar,0,5,3,0,8,0,189,161,3,353,0,194,164,3,361,318,0,318,679
08/03/2021,FFZ,AZ,AWP,CE,Towers with Radar,0,5,9,0,14,0,174,178,6,358,0,179,187,6,372,545,0,545,917
08/04/2021,FFZ,AZ,AWP,CE,Towers with Radar,0,9,11,0,20,0,184,131,6,321,0,193,142,6,341,645,0,645,986
08/05/2021,FFZ,AZ,AWP,CE,Towers with Radar,0,6,8,0,14,0,160,126,5,291,0,166,134,5,305,441,0,441,746
08/06/2021,FFZ,AZ,AWP,CE,Towers with Radar,1,6,14,0,21,0,195,127,1,323,1,201,141,1,344,260,0,260,604
08/07/2021,FFZ,AZ,AWP,CE,Towers with Radar,0,5,6,0,11,0,178,147,2,327,0,183,153,2,338,371,0,371,709
08/08/2021,FFZ,AZ,AWP,CE,Towers with Radar,0,10,13,0,23,0,133,108,0,241,0,143,121,0,264,540,0,540,804
08/09/2021,FFZ,AZ,AWP,CE,Towers with Radar,0,8,10,0,18,0,136,90,6,232,0,144,100,6,250,583,0,583,833
08/10/2021,FFZ,AZ,AWP,CE,Towers with Radar,0,14,15,0,29,0,94,77,2,173,0,108,92,2,202,426,0,426,628
08/11/2021,FFZ,AZ,AWP,CE,Towers with Radar,0,12,14,0,26,0,145,102,5,252,0,157,116,5,278,572,0,572,850
08/12/2021,FFZ,AZ,AWP,CE,Towers with Radar,0,9,22,0,31,0,182,128,6,316,0,191,150,6,347,472,0,472,819
08/13/2021,FFZ,AZ,AWP,CE,Towers with Radar,0,14,9,0,23,0,243,156,4,403,0,257,165,4,426,595,0,595,1021
08/14/2021,FFZ,AZ,AWP,CE,Towers with Radar,0,10,8,0,18,0,147,140,3,290,0,157,148,3,308,301,0,301,609
08/15/2021,FFZ,AZ,AWP,CE,Towers with Radar,0,6,9,0,15,0,170,118,0,288,0,176,127,0,303,441,0,441,744
08/16/2021,FFZ,AZ,AWP,CE,Towers with Radar,0,5,3,0,8,0,208,117,2,327,0,213,120,2,335,549,0,549,884
08/17/2021,FFZ,AZ,AWP,CE,Towers with Radar,0,7,6,0,13,0,226,118,16,360,0,233,124,16,373,449,0,449,822
08/18/2021,FFZ,AZ,AWP,CE,Towers with Radar,0,6,11,0,17,0,138,88,4,230,0,144,99,4,247,277,0,277,524
08/19/2021,FFZ,AZ,AWP,CE,Towers with Radar,0,7,11,0,18,0,219,165,2,386,0,226,176,2,404,492,0,492,896
08/20/2021,FFZ,AZ,AWP,CE,Towers with Radar,0,7,5,0,12,0,182,153,2,337,0,189,158,2,349,409,0,409,758
08/21/2021,FFZ,AZ,AWP,CE,Towers with Radar,0,7,10,0,17,0,193,149,3,345,0,200,159,3,362,340,0,340,702
08/22/2021,FFZ,AZ,AWP,CE,Towers with Radar,0,9,8,0,17,0,156,130,2,288,0,165,138,2,305,365,0,365,670
08/23/2021,FFZ,AZ,AWP,CE,Towers with Radar,0,3,10,0,13,0,246,139,7,392,0,249,149,7,405,538,0,538,943
08/24/2021,FFZ,AZ,AWP,CE,Towers with Radar,0,1,7,0,8,0,281,156,6,443,0,282,163,6,451,609,0,609,1060
08/25/2021,FFZ,AZ,AWP,CE,Towers with Radar,0,12,7,0,19,0,234,136,18,388,0,246,143,18,407,555,0,555,962
08/26/2021,FFZ,AZ,AWP,CE,Towers with Radar,0,4,8,0,12,0,213,141,4,358,0,217,149,4,370,658,0,658,1028
08/27/2021,FFZ,AZ,AWP,CE,Towers with Radar,1,5,12,0,18,0,212,115,4,331,1,217,127,4,349,486,0,486,835
08/28/2021,FFZ,AZ,AWP,CE,Towers with Radar,2,3,12,0,17,0,152,118,4,274,2,155,130,4,291,175,0,175,466
08/29/2021,FFZ,AZ,AWP,CE,Towers with Radar,0,3,2,0,5,0,153,92,0,245,0,156,94,0,250,404,0,404,654
08/30/2021,FFZ,AZ,AWP,CE,Towers with Radar,0,5,7,0,12,0,203,94,7,304,0,208,101,7,316,471,0,471,787
08/31/2021,FFZ,AZ,AWP,CE,Towers with Radar,0,14,9,0,23,0,183,107,0,290,0,197,116,0,313,506,0,506,819
09/01/2021,FFZ,AZ,AWP,CE,Towers with Radar,1,13,6,0,20,0,148,75,6,229,1,161,81,6,249,518,0,518,767
09/02/2021,FFZ,AZ,AWP,CE,Towers with Radar,0,10,8,0,18,0,264,156,6,426,0,274,164,6,444,473,0,473,917
09/03/2021,FFZ,AZ,AWP,CE,Towers with Radar,0,6,8,0,14,0,230,161,7,398,0,236,169,7,412,572,0,572,984
09/04/2021,FFZ,AZ,AWP,CE,Towers with Radar,0,12,8,0,20,0,149,159,12,320,0,161,167,12,340,397,0,397,737
09/05/2021,FFZ,AZ,AWP,CE,Towers with Radar,0,4,2,0,6,0,136,85,0,221,0,140,87,0,227,340,0,340,567
09/06/2021,FFZ,AZ,AWP,CE,Towers with Radar,0,7,11,0,18,0,155,145,1,301,0,162,156,1,319,345,0,345,664
09/07/2021,FFZ,AZ,AWP,CE,Towers with Radar,0,7,5,0,12,0,222,147,3,372,0,229,152,3,384,441,0,441,825
09/08/2021,FFZ,AZ,AWP,CE,Towers with Radar,0,8,8,0,16,0,203,142,1,346,0,211,150,1,362,672,0,672,1034
09/09/2021,FFZ,AZ,AWP,CE,Towers with Radar,0,13,7,0,20,0,192,134,3,329,0,205,141,3,349,505,0,505,854
09/10/2021,FFZ,AZ,AWP,CE,Towers with Radar,0,12,8,0,20,0,202,166,1,369,0,214,174,1,389,464,0,464,853
09/11/2021,FFZ,AZ,AWP,CE,Towers with Radar,0,10,7,0,17,0,149,153,3,305,0,159,160,3,322,305,0,305,627
09/12/2021,FFZ,AZ,AWP,CE,Towers with Radar,0,7,10,0,17,0,149,108,1,258,0,156,118,1,275,303,0,303,578
09/13/2021,FFZ,AZ,AWP,CE,Towers with Radar,0,7,8,0,15,0,175,114,9,298,0,182,122,9,313,422,0,422,735
09/14/2021,FFZ,AZ,AWP,CE,Towers with Radar,0,7,5,0,12,0,235,170,3,408,0,242,175,3,420,555,0,555,975
09/15/2021,FFZ,AZ,AWP,CE,Towers with Radar,0,11,4,1,16,0,224,141,11,376,0,235,145,12,392,523,0,523,915
09/16/2021,FFZ,AZ,AWP,CE,Towers with Radar,0,5,7,0,12,0,240,147,3,390,0,245,154,3,402,655,0,655,1057
09/17/2021,FFZ,AZ,AWP,CE,Towers with Radar,0,10,12,0,22,0,165,118,6,289,0,175,130,6,311,513,8,521,832
09/18/2021,FFZ,AZ,AWP,CE,Towers with Radar,0,7,4,0,11,0,139,104,0,243,0,146,108,0,254,423,0,423,677
09/19/2021,FFZ,AZ,AWP,CE,Towers with Radar,0,5,7,0,12,0,128,92,0,220,0,133,99,0,232,263,0,263,495
09/20/2021,FFZ,AZ,AWP,CE,Towers with Radar,0,10,9,0,19,0,142,125,6,273,0,152,134,6,292,519,0,519,811
09/21/2021,FFZ,AZ,AWP,CE,Towers with Radar,0,6,6,2,14,0,231,145,7,383,0,237,151,9,397,561,0,561,958
09/22/2021,FFZ,AZ,AWP,CE,Towers with Radar,0,2,5,0,7,0,193,160,7,360,0,195,165,7,367,470,0,470,837
09/23/2021,FFZ,AZ,AWP,CE,Towers with Radar,0,12,10,0,22,0,224,153,4,381,0,236,163,4,403,546,0,546,949
09/24/2021,FFZ,AZ,AWP,CE,Towers with Radar,0,2,7,0,9,0,99,107,5,211,0,101,114,5,220,517,0,517,737
09/25/2021,FFZ,AZ,AWP,CE,Towers with Radar,0,8,6,0,14,0,132,135,7,274,0,140,141,7,288,453,0,453,741
09/26/2021,FFZ,AZ,AWP,CE,Towers with Radar,0,7,8,0,15,0,40,14,2,56,0,47,22,2,71,150,0,150,221
09/27/2021,FFZ,AZ,AWP,CE,Towers with Radar,0,12,6,2,20,0,213,139,3,355,0,225,145,5,375,540,0,540,915
09/28/2021,FFZ,AZ,AWP,CE,Towers with Radar,0,9,11,0,20,0,255,145,5,405,0,264,156,5,425,702,0,702,1127
09/29/2021,FFZ,AZ,AWP,CE,Towers with Radar,0,7,16,0,23,0,264,188,1,453,0,271,204,1,476,774,0,774,1250
09/30/2021,FFZ,AZ,AWP,CE,Towers with Radar,0,4,9,0,13,0,193,181,12,386,0,197,190,12,399,339,0,339,738
10/01/2021,FFZ,AZ,AWP,CE,Towers with Radar,0,8,11,0,19,0,200,179,4,383,0,208,190,4,402,465,0,465,867
10/02/2021,FFZ,AZ,AWP,CE,Towers with Radar,0,5,6,0,11,0,184,189,0,373,0,189,195,0,384,372,0,372,756
10/03/2021,FFZ,AZ,AWP,CE,Towers with Radar,0,9,12,0,21,0,144,146,0,290,0,153,158,0,311,312,0,312,623
10/04/2021,FFZ,AZ,AWP,CE,Towers with Radar,0,6,4,0,10,0,160,139,2,301,0,166,143,2,311,307,0,307,618
10/05/2021,FFZ,AZ,AWP,CE,Towers with Radar,0,4,9,0,13,0,94,87,5,186,0,98,96,5,199,148,0,148,347
10/06/2021,FFZ,AZ,AWP,CE,Towers with Radar,0,17,12,0,29,0,192,204,6,402,0,209,216,6,431,740,0,740,1171
10/07/2021,FFZ,AZ,AWP,CE,Towers with Radar,0,6,8,0,14,0,211,224,6,441,0,217,232,6,455,405,0,405,860
10/08/2021,FFZ,AZ,AWP,CE,Towers with Radar,0,9,8,0,17,0,178,167,3,348,0,187,175,3,365,430,0,430,795
10/09/2021,FFZ,AZ,AWP,CE,Towers with Radar,0,11,9,0,20,0,180,167,0,347,0,191,176,0,367,302,0,302,669
10/10/2021,FFZ,AZ,AWP,CE,Towers with Radar,0,2,14,0,16,0,136,149,0,285,0,138,163,0,301,267,0,267,568
10/11/2021,FFZ,AZ,AWP,CE,Towers with Radar,1,4,11,0,16,0,128,113,4,245,1,132,124,4,261,349,0,349,610
10/12/2021,FFZ,AZ,AWP,CE,Towers with Radar,0,4,12,0,16,0,128,115,2,245,0,132,127,2,261,648,0,648,909
10/13/2021,FFZ,AZ,AWP,CE,Towers with Radar,0,13,8,0,21,0,211,197,8,416,0,224,205,8,437,749,0,749,1186
10/14/2021,FFZ,AZ,AWP,CE,Towers with Radar,0,8,15,0,23,0,182,159,3,344,0,190,174,3,367,672,0,672,1039
10/15/2021,FFZ,AZ,AWP,CE,Towers with Radar,0,8,11,0,19,0,177,177,6,360,0,185,188,6,379,329,0,329,708
10/16/2021,FFZ,AZ,AWP,CE,Towers with Radar,0,4,9,0,13,0,109,208,2,319,0,113,217,2,332,297,0,297,629
10/17/2021,FFZ,AZ,AWP,CE,Towers with Radar,0,5,18,0,23,0,158,144,0,302,0,163,162,0,325,349,0,349,674
10/18/2021,FFZ,AZ,AWP,CE,Towers with Radar,0,9,18,0,27,0,158,130,9,297,0,167,148,9,324,501,0,501,825
10/19/2021,FFZ,AZ,AWP,CE,Towers with Radar,0,5,12,0,17,0,201,204,7,412,0,206,216,7,429,523,8,531,960
10/20/2021,FFZ,AZ,AWP,CE,Towers with Radar,0,10,8,0,18,0,299,225,2,526,0,309,233,2,544,768,0,768,1312
10/21/2021,FFZ,AZ,AWP,CE,Towers with Radar,0,8,9,0,17,0,251,204,3,458,0,259,213,3,475,684,0,684,1159
10/22/2021,FFZ,AZ,AWP,CE,Towers with Radar,0,7,9,0,16,0,207,181,4,392,0,214,190,4,408,452,0,452,860
10/23/2021,FFZ,AZ,AWP,CE,Towers with Radar,0,9,4,0,13,0,184,184,0,368,0,193,188,0,381,480,0,480,861
10/24/2021,FFZ,AZ,AWP,CE,Towers with Radar,1,6,12,0,19,0,149,163,0,312,1,155,175,0,331,543,0,543,874
10/25/2021,FFZ,AZ,AWP,CE,Towers with Radar,2,9,10,0,21,0,218,135,0,353,2,227,145,0,374,565,0,565,939
10/26/2021,FFZ,AZ,AWP,CE,Towers with Radar,0,4,6,0,10,0,253,135,0,388,0,257,141,0,398,572,0,572,970
10/27/2021,FFZ,AZ,AWP,CE,Towers with Radar,0,8,7,0,15,0,291,190,0,481,0,299,197,0,496,692,0,692,1188
10/28/2021,FFZ,AZ,AWP,CE,Towers with Radar,0,9,7,0,16,0,263,161,1,425,0,272,168,1,441,764,0,764,1205
10/29/2021,FFZ,AZ,AWP,CE,Towers with Radar,0,14,6,0,20,0,193,130,4,327,0,207,136,4,347,455,0,455,802
10/30/2021,FFZ,AZ,AWP,CE,Towers with Radar,0,13,13,0,26,0,181,201,3,385,0,194,214,3,411,234,0,234,645
10/31/2021,FFZ,AZ,AWP,CE,Towers with Radar,0,8,8,0,16,0,153,141,0,294,0,161,149,0,310,332,0,332,642
11/01/2021,FFZ,AZ,AWP,CE,Towers with Radar,0,6,8,0,14,0,214,159,6,379,0,220,167,6,393,431,0,431,824
11/02/2021,FFZ,AZ,AWP,CE,Towers with Radar,0,7,17,0,24,0,293,144,6,443,0,300,161,6,467,592,0,592,1059
11/03/2021,FFZ,AZ,AWP,CE,Towers with Radar,0,10,5,0,15,0,290,173,0,463,0,300,178,0,478,769,0,769,1247
11/04/2021,FFZ,AZ,AWP,CE,Towers with Radar,1,9,10,0,20,0,249,154,0,403,1,258,164,0,423,562,0,562,985
11/05/2021,FFZ,AZ,AWP,CE,Towers with Radar,0,13,12,0,25,0,223,168,2,393,0,236,180,2,418,607,0,607,1025
11/06/2021,FFZ,AZ,AWP,CE,Towers with Radar,0,4,4,0,8,0,173,159,4,336,0,177,163,4,344,549,0,549,893
11/07/2021,FFZ,AZ,AWP,CE,Towers with Radar,0,3,9,0,12,0,144,150,0,294,0,147,159,0,306,413,0,413,719
11/08/2021,FFZ,AZ,AWP,CE,Towers with Radar,0,8,18,0,26,0,184,154,4,342,0,192,172,4,368,426,0,426,794
11/09/2021,FFZ,AZ,AWP,CE,Towers with Radar,0,14,14,0,28,0,264,161,4,429,0,278,175,4,457,640,0,640,1097
11/10/2021,FFZ,AZ,AWP,CE,Towers with Radar,0,14,4,0,18,0,240,202,5,447,0,254,206,5,465,607,0,607,1072
11/11/2021,FFZ,AZ,AWP,CE,Towers with Radar,0,15,10,0,25,0,231,235,5,471,0,246,245,5,496,575,0,575,1071
11/12/2021,FFZ,AZ,AWP,CE,Towers with Radar,0,12,10,0,22,0,232,218,5,455,0,244,228,5,477,669,0,669,1146
11/13/2021,FFZ,AZ,AWP,CE,Towers with Radar,0,1,11,0,12,0,167,165,2,334,0,168,176,2,346,542,0,542,888
11/14/2021,FFZ,AZ,AWP,CE,Towers with Radar,0,8,6,0,14,0,135,141,1,277,0,143,147,1,291,356,0,356,647
11/15/2021,FFZ,AZ,AWP,CE,Towers with Radar,0,10,11,0,21,0,194,126,6,326,0,204,137,6,347,497,0,497,844
11/16/2021,FFZ,AZ,AWP,CE,Towers with Radar,0,8,10,0,18,0,259,182,5,446,0,267,192,5,464,696,0,696,1160
11/17/2021,FFZ,AZ,AWP,CE,Towers with Radar,0,16,10,0,26,0,297,177,0,474,0,313,187,0,500,580,0,580,1080
11/18/2021,FFZ,AZ,AWP,CE,Towers with Radar,1,10,10,0,21,0,225,160,0,385,1,235,170,0,406,595,0,595,1001
11/19/2021,FFZ,AZ,AWP,CE,Towers with Radar,0,8,9,0,17,0,255,179,3,437,0,263,188,3,454,404,0,404,858
11/20/2021,FFZ,AZ,AWP,CE,Towers with Radar,0,5,17,0,22,0,200,218,2,420,0,205,235,2,442,604,0,604,1046
11/21/2021,FFZ,AZ,AWP,CE,Towers with Radar,0,5,8,0,13,0,170,108,0,278,0,175,116,0,291,218,0,218,509
11/22/2021,FFZ,AZ,AWP,CE,Towers with Radar,0,8,10,0,18,0,205,131,6,342,0,213,141,6,360,479,0,479,839
11/23/2021,FFZ,AZ,AWP,CE,Towers with Radar,0,8,8,0,16,0,291,155,2,448,0,299,163,2,464,555,0,555,1019
11/24/2021,FFZ,AZ,AWP,CE,Towers with Radar,0,6,11,0,17,0,227,187,7,421,0,233,198,7,438,497,0,497,935
11/25/2021,FFZ,AZ,AWP,CE,Towers with Radar,0,0,1,0,1,0,1,47,0,48,0,1,48,0,49,39,0,39,88
11/26/2021,FFZ,AZ,AWP,CE,Towers with Radar,0,3,10,0,13,0,154,101,3,258,0,157,111,3,271,366,0,366,637
11/27/2021,FFZ,AZ,AWP,CE,Towers with Radar,0,4,12,0,16,0,144,196,5,345,0,148,208,5,361,379,0,379,740
11/28/2021,FFZ,AZ,AWP,CE,Towers with Radar,0,11,20,0,31,0,160,126,0,286,0,171,146,0,317,379,0,379,696
11/29/2021,FFZ,AZ,AWP,CE,Towers with Radar,0,9,8,0,17,0,207,158,5,370,0,216,166,5,387,594,0,594,981
11/30/2021,FFZ,AZ,AWP,CE,Towers with Radar,0,10,23,0,33,0,210,149,14,373,0,220,172,14,406,645,0,645,1051
12/01/2021,FFZ,AZ,AWP,CE,Towers with Radar,0,12,13,0,25,0,250,185,0,435,0,262,198,0,460,677,0,677,1137
12/02/2021,FFZ,AZ,AWP,CE,Towers with Radar,0,2,12,0,14,0,210,204,0,414,0,212,216,0,428,631,0,631,1059
12/03/2021,FFZ,AZ,AWP,CE,Towers with Radar,0,8,16,0,24,0,248,176,7,431,0,256,192,7,455,511,0,511,966
12/04/2021,FFZ,AZ,AWP,CE,Towers with Radar,0,15,9,0,24,0,174,238,4,416,0,189,247,4,440,528,0,528,968
12/05/2021,FFZ,AZ,AWP,CE,Towers with Radar,0,14,10,0,24,0,180,126,0,306,0,194,136,0,330,295,0,295,625
12/06/2021,FFZ,AZ,AWP,CE,Towers with Radar,0,5,15,0,20,0,201,109,1,311,0,206,124,1,331,603,0,603,934
12/07/2021,FFZ,AZ,AWP,CE,Towers with Radar,0,8,10,0,18,0,247,144,5,396,0,255,154,5,414,561,0,561,975
12/08/2021,FFZ,AZ,AWP,CE,Towers with Radar,0,11,6,0,17,0,266,188,4,458,0,277,194,4,475,642,0,642,1117
12/09/2021,FFZ,AZ,AWP,CE,Towers with Radar,0,7,10,0,17,0,221,144,3,368,0,228,154,3,385,506,0,506,891
12/10/2021,FFZ,AZ,AWP,CE,Towers with Radar,0,10,15,0,25,0,170,159,6,335,0,180,174,6,360,501,0,501,861
12/11/2021,FFZ,AZ,AWP,CE,Towers with Radar,0,9,6,0,15,0,187,197,2,386,0,196,203,2,401,455,0,455,856
12/12/2021,FFZ,AZ,AWP,CE,Towers with Radar,0,5,8,0,13,0,127,140,0,267,0,132,148,0,280,285,0,285,565
12/13/2021,FFZ,AZ,AWP,CE,Towers with Radar,0,7,6,0,13,0,184,119,10,313,0,191,125,10,326,392,0,392,718
12/14/2021,FFZ,AZ,AWP,CE,Towers with Radar,0,3,7,0,10,0,199,118,11,328,0,202,125,11,338,334,0,334,672
12/15/2021,FFZ,AZ,AWP,CE,Towers with Radar,0,13,12,0,25,0,212,140,9,361,0,225,152,9,386,619,0,619,1005
12/16/2021,FFZ,AZ,AWP,CE,Towers with Radar,0,11,17,0,28,0,231,181,8,420,0,242,198,8,448,579,0,579,1027
12/17/2021,FFZ,AZ,AWP,CE,Towers with Radar,0,3,18,0,21,0,218,167,5,390,0,221,185,5,411,598,0,598,1009
12/18/2021,FFZ,AZ,AWP,CE,Towers with Radar,0,2,13,0,15,0,141,157,3,301,0,143,170,3,316,339,0,339,655
12/19/2021,FFZ,AZ,AWP,CE,Towers with Radar,0,1,15,0,16,0,135,139,2,276,0,136,154,2,292,393,0,393,685
12/20/2021,FFZ,AZ,AWP,CE,Towers with Radar,0,3,7,0,10,0,204,138,2,344,0,207,145,2,354,397,0,397,751
12/21/2021,FFZ,AZ,AWP,CE,Towers with Radar,0,14,11,0,25,0,243,121,3,367,0,257,132,3,392,443,0,443,835
12/22/2021,FFZ,AZ,AWP,CE,Towers with Radar,1,12,12,0,25,0,226,206,3,435,1,238,218,3,460,472,0,472,932
12/23/2021,FFZ,AZ,AWP,CE,Towers with Radar,0,5,17,0,22,0,174,161,2,337,0,179,178,2,359,362,0,362,721
12/24/2021,FFZ,AZ,AWP,CE,Towers with Radar,0,4,2,0,6,0,0,2,0,2,0,4,4,0,8,2,0,2,10
12/25/2021,FFZ,AZ,AWP,CE,Towers with Radar,0,6,7,0,13,0,4,15,0,19,0,10,22,0,32,31,0,31,63
12/26/2021,FFZ,AZ,AWP,CE,Towers with Radar,0,6,7,0,13,0,68,85,0,153,0,74,92,0,166,313,0,313,479
12/27/2021,FFZ,AZ,AWP,CE,Towers with Radar,0,9,12,0,21,0,124,85,0,209,0,133,97,0,230,307,0,307,537
12/28/2021,FFZ,AZ,AWP,CE,Towers with Radar,0,2,11,0,13,0,70,48,5,123,0,72,59,5,136,287,0,287,423
12/29/2021,FFZ,AZ,AWP,CE,Towers with Radar,0,5,20,0,25,0,139,134,2,275,0,144,154,2,300,453,0,453,753
12/30/2021,FFZ,AZ,AWP,CE,Towers with Radar,0,2,9,0,11,0,163,137,6,306,0,165,146,6,317,245,0,245,562
12/31/2021,FFZ,AZ,AWP,CE,Towers with Radar,0,13,1,0,14,0,18,18,0,36,0,31,19,0,50,171,0,171,221
01/01/2022,FFZ,AZ,AWP,CE,Towers with Radar,0,5,7,0,12,0,35,50,0,85,0,40,57,0,97,39,0,39,136
01/02/2022,FFZ,AZ,AWP,CE,Towers with Radar,2,5,19,0,26,0,113,95,0,208,2,118,114,0,234,266,0,266,500
01/03/2022,FFZ,AZ,AWP,CE,Towers with Radar,0,7,12,0,19,0,214,160,0,374,0,221,172,0,393,401,0,401,794
01/04/2022,FFZ,AZ,AWP,CE,Towers with Radar,0,10,17,0,27,0,199,127,0,326,0,209,144,0,353,500,0,500,853
01/05/2022,FFZ,AZ,AWP,CE,Towers with Radar,0,16,5,0,21,0,226,161,2,389,0,242,166,2,410,428,0,428,838
01/06/2022,FFZ,AZ,AWP,CE,Towers with Radar,0,6,12,0,18,0,254,178,2,434,0,260,190,2,452,521,0,521,973
01/07/2022,FFZ,AZ,AWP,CE,Towers with Radar,0,3,6,0,9,0,222,177,8,407,0,225,183,8,416,388,0,388,804
01/08/2022,FFZ,AZ,AWP,CE,Towers with Radar,0,1,10,0,11,0,201,218,0,419,0,202,228,0,430,392,0,392,822
01/09/2022,FFZ,AZ,AWP,CE,Towers with Radar,0,2,8,0,10,0,140,149,0,289,0,142,157,0,299,247,0,247,546
01/10/2022,FFZ,AZ,AWP,CE,Towers with Radar,3,6,5,0,14,0,166,105,7,278,3,172,110,7,292,347,0,347,639
01/11/2022,FFZ,AZ,AWP,CE,Towers with Radar,0,4,7,0,11,0,207,161,3,371,0,211,168,3,382,469,0,469,851
01/12/2022,FFZ,AZ,AWP,CE,Towers with Radar,0,6,8,0,14,0,272,222,7,501,0,278,230,7,515,629,0,629,1144
01/13/2022,FFZ,AZ,AWP,CE,Towers with Radar,0,5,9,0,14,0,260,182,9,451,0,265,191,9,465,598,0,598,1063
01/14/2022,FFZ,AZ,AWP,CE,Towers with Radar,0,13,9,0,22,0,246,196,1,443,0,259,205,1,465,554,0,554,1019
01/15/2022,FFZ,AZ,AWP,CE,Towers with Radar,0,6,9,0,15,0,180,158,4,342,0,186,167,4,357,459,0,459,816
01/16/2022,FFZ,AZ,AWP,CE,Towers with Radar,0,0,8,0,8,0,161,172,1,334,0,161,180,1,342,528,0,528,870
01/17/2022,FFZ,AZ,AWP,CE,Towers with Radar,0,7,8,0,15,0,194,183,1,378,0,201,191,1,393,590,0,590,983
01/18/2022,FFZ,AZ,AWP,CE,Towers with Radar,0,3,15,0,18,0,223,141,1,365,0,226,156,1,383,633,0,633,1016
01/19/2022,FFZ,AZ,AWP,CE,Towers with Radar,0,6,11,0,17,0,249,177,9,435,0,255,188,9,452,684,0,684,1136
01/20/2022,FFZ,AZ,AWP,CE,Towers with Radar,0,10,7,0,17,0,224,182,6,412,0,234,189,6,429,653,0,653,1082
01/21/2022,FFZ,AZ,AWP,CE,Towers with Radar,0,9,7,0,16,0,242,174,8,424,0,251,181,8,440,821,0,821,1261
01/22/2022,FFZ,AZ,AWP,CE,Towers with Radar,0,5,6,0,11,0,139,114,0,253,0,144,120,0,264,356,0,356,620
01/23/2022,FFZ,AZ,AWP,CE,Towers with Radar,0,5,10,0,15,0,151,156,5,312,0,156,166,5,327,410,0,410,737
01/24/2022,FFZ,AZ,AWP,CE,Towers with Radar,0,9,12,0,21,0,209,188,2,399,0,218,200,2,420,651,0,651,1071
01/25/2022,FFZ,AZ,AWP,CE,Towers with Radar,0,5,12,0,17,0,251,174,9,434,0,256,186,9,451,714,0,714,1165
01/26/2022,FFZ,AZ,AWP,CE,Towers with Radar,0,5,17,0,22,0,213,187,6,406,0,218,204,6,428,675,0,675,1103
01/27/2022,FFZ,AZ,AWP,CE,Towers with Radar,0,9,16,0,25,0,258,193,8,459,0,267,209,8,484,453,0,453,937
01/28/2022,FFZ,AZ,AWP,CE,Towers with Radar,0,7,6,0,13,0,76,86,4,166,0,83,92,4,179,259,0,259,438
01/29/2022,FFZ,AZ,AWP,CE,Towers with Radar,0,2,18,0,20,0,173,193,0,366,0,175,211,0,386,354,0,354,740
01/30/2022,FFZ,AZ,AWP,CE,Towers with Radar,0,7,18,0,25,0,175,193,0,368,0,182,211,0,393,373,0,373,766
01/31/2022,FFZ,AZ,AWP,CE,Towers with Radar,0,1,18,0,19,0,228,192,4,424,0,229,210,4,443,608,0,608,1051
02/01/2022,FFZ,AZ,AWP,CE,Towers with Radar,0,6,16,0,22,0,263,196,6,465,0,269,212,6,487,566,0,566,1053
02/02/2022,FFZ,AZ,AWP,CE,Towers with Radar,0,8,7,0,15,0,252,164,7,423,0,260,171,7,438,611,0,611,1049
02/03/2022,FFZ,AZ,AWP,CE,Towers with Radar,0,9,12,0,21,0,281,233,3,517,0,290,245,3,538,577,0,577,1115
02/04/2022,FFZ,AZ,AWP,CE,Towers with Radar,1,9,17,0,27,0,209,180,1,390,1,218,197,1,417,438,0,438,855
02/05/2022,FFZ,AZ,AWP,CE,Towers with Radar,1,8,9,0,18,0,231,234,3,468,1,239,243,3,486,655,0,655,1141
02/06/2022,FFZ,AZ,AWP,CE,Towers with Radar,0,4,16,1,21,0,216,177,0,393,0,220,193,1,414,544,0,544,958
02/07/2022,FFZ,AZ,AWP,CE,Towers with Radar,0,5,9,0,14,0,220,148,3,371,0,225,157,3,385,620,0,620,1005
02/08/2022,FFZ,AZ,AWP,CE,Towers with Radar,0,11,14,0,25,0,304,161,2,467,0,315,175,2,492,611,0,611,1103
02/09/2022,FFZ,AZ,AWP,CE,Towers with Radar,0,8,14,0,22,0,259,245,7,511,0,267,259,7,533,727,0,727,1260
02/10/2022,FFZ,AZ,AWP,CE,Towers with Radar,0,4,13,0,17,0,269,176,2,447,0,273,189,2,464,523,0,523,987
02/11/2022,FFZ,AZ,AWP,CE,Towers with Radar,0,11,3,0,14,0,261,223,10,494,0,272,226,10,508,630,0,630,1138
02/12/2022,FFZ,AZ,AWP,CE,Towers with Radar,0,12,6,0,18,0,194,199,3,396,0,206,205,3,414,487,0,487,901
02/13/2022,FFZ,AZ,AWP,CE,Towers with Radar,0,0,5,0,5,0,168,173,1,342,0,168,178,1,347,529,0,529,876
02/14/2022,FFZ,AZ,AWP,CE,Towers with Radar,0,3,15,0,18,0,204,144,2,350,0,207,159,2,368,415,0,415,783
02/15/2022,FFZ,AZ,AWP,CE,Towers with Radar,0,7,11,0,18,0,194,163,2,359,0,201,174,2,377,456,0,456,833
02/16/2022,FFZ,AZ,AWP,CE,Towers with Radar,0,3,10,0,13,0,193,114,1,308,0,196,124,1,321,492,1,493,814
02/17/2022,FFZ,AZ,AWP,CE,Towers with Radar,0,6,16,0,22,0,292,219,6,517,0,298,235,6,539,631,0,631,1170
02/18/2022,FFZ,AZ,AWP,CE,Towers with Radar,0,15,17,0,32,0,187,230,3,420,0,202,247,3,452,573,0,573,1025
02/19/2022,FFZ,AZ,AWP,CE,Towers with Radar,0,9,7,0,16,0,162,222,4,388,0,171,229,4,404,409,0,409,813
02/20/2022,FFZ,AZ,AWP,CE,Towers with Radar,0,5,11,0,16,0,176,224,0,400,0,181,235,0,416,480,0,480,896
02/21/2022,FFZ,AZ,AWP,CE,Towers with Radar,0,6,16,0,22,0,141,115,7,263,0,147,131,7,285,407,0,407,692
02/22/2022,FFZ,AZ,AWP,CE,Towers with Radar,0,6,8,0,14,0,198,149,5,352,0,204,157,5,366,539,3,542,908
02/23/2022,FFZ,AZ,AWP,CE,Towers with Radar,0,9,5,0,14,0,10,27,2,39,0,19,32,2,53,76,0,76,129
02/24/2022,FFZ,AZ,AWP,CE,Towers with Radar,0,13,21,0,34,0,294,218,4,516,0,307,239,4,550,545,1,546,1096
02/25/2022,FFZ,AZ,AWP,CE,Towers with Radar,0,5,10,0,15,0,245,271,3,519,0,250,281,3,534,714,0,714,1248
02/26/2022,FFZ,AZ,AWP,CE,Towers with Radar,0,10,11,0,21,0,247,239,1,487,0,257,250,1,508,520,0,520,1028
02/27/2022,FFZ,AZ,AWP,CE,Towers with Radar,0,4,17,0,21,0,197,181,0,378,0,201,198,0,399,392,0,392,791
02/28/2022,FFZ,AZ,AWP,CE,Towers with Radar,0,6,14,0,20,0,238,180,6,424,0,244,194,6,444,310,0,310,754
03/01/2022,FFZ,AZ,AWP,CE,Towers with Radar,0,11,16,0,27,0,299,241,3,543,0,310,257,3,570,542,0,542,1112
03/02/2022,FFZ,AZ,AWP,CE,Towers with Radar,0,8,15,0,23,0,325,233,1,559,0,333,248,1,582,626,0,626,1208
03/03/2022,FFZ,AZ,AWP,CE,Towers with Radar,0,8,12,0,20,0,245,218,4,467,0,253,230,4,487,605,0,605,1092
03/04/2022,FFZ,AZ,AWP,CE,Towers with Radar,0,8,12,0,20,0,135,111,4,250,0,143,123,4,270,300,0,300,570
03/05/2022,FFZ,AZ,AWP,CE,Towers with Radar,0,11,13,0,24,0,179,178,2,359,0,190,191,2,383,295,0,295,678
03/06/2022,FFZ,AZ,AWP,CE,Towers with Radar,0,6,15,0,21,0,234,178,0,412,0,240,193,0,433,558,0,558,991
03/07/2022,FFZ,AZ,AWP,CE,Towers with Radar,0,6,17,0,23,0,245,147,6,398,0,251,164,6,421,596,0,596,1017
03/08/2022,FFZ,AZ,AWP,CE,Towers with Radar,0,4,16,0,20,0,308,182,3,493,0,312,198,3,513,631,0,631,1144
03/09/2022,FFZ,AZ,AWP,CE,Towers with Radar,0,11,10,0,21,0,295,217,0,512,0,306,227,0,533,581,0,581,1114
03/10/2022,FFZ,AZ,AWP,CE,Towers with Radar,1,9,12,0,22,0,217,182,6,405,1,226,194,6,427,339,0,339,766
03/11/2022,FFZ,AZ,AWP,CE,Towers with Radar,0,10,21,0,31,0,267,251,0,518,0,277,272,0,549,475,0,475,1024
03/12/2022,FFZ,AZ,AWP,CE,Towers with Radar,0,4,13,0,17,0,241,221,0,462,0,245,234,0,479,414,0,414,893
03/13/2022,FFZ,AZ,AWP,CE,Towers with Radar,0,7,21,0,28,0,184,166,2,352,0,191,187,2,380,517,0,517,897
03/14/2022,FFZ,AZ,AWP,CE,Towers with Radar,0,5,15,0,20,0,257,208,3,468,0,262,223,3,488,491,0,491,979
03/15/2022,FFZ,AZ,AWP,CE,Towers with Radar,0,5,7,0,12,0,270,222,1,493,0,275,229,1,505,730,0,730,1235
03/16/2022,FFZ,AZ,AWP,CE,Towers with Radar,0,9,34,0,43,0,251,176,5,432,0,260,210,5,475,446,0,446,921
03/17/2022,FFZ,AZ,AWP,CE,Towers with Radar,0,8,9,0,17,0,241,265,3,509,0,249,274,3,526,508,0,508,1034
03/18/2022,FFZ,AZ,AWP,CE,Towers with Radar,0,7,9,0,16,0,242,272,0,514,0,249,281,0,530,703,0,703,1233
03/19/2022,FFZ,AZ,AWP,CE,Towers with Radar,0,6,15,0,21,0,181,257,2,440,0,187,272,2,461,475,0,475,936
03/20/2022,FFZ,AZ,AWP,CE,Towers with Radar,0,2,7,0,9,0,166,130,0,296,0,168,137,0,305,417,0,417,722
03/21/2022,FFZ,AZ,AWP,CE,Towers with Radar,0,12,4,0,16,0,276,153,2,431,0,288,157,2,447,496,0,496,943
03/22/2022,FFZ,AZ,AWP,CE,Towers with Radar,0,8,9,0,17,0,237,193,5,435,0,245,202,5,452,545,0,545,997
03/23/2022,FFZ,AZ,AWP,CE,Towers with Radar,0,9,7,0,16,0,255,207,12,474,0,264,214,12,490,691,0,691,1181
03/24/2022,FFZ,AZ,AWP,CE,Towers with Radar,0,7,19,0,26,0,286,256,11,553,0,293,275,11,579,567,0,567,1146
03/25/2022,FFZ,AZ,AWP,CE,Towers with Radar,0,9,15,0,24,0,250,231,4,485,0,259,246,4,509,629,0,629,1138
03/26/2022,FFZ,AZ,AWP,CE,Towers with Radar,0,13,9,0,22,0,241,287,1,529,0,254,296,1,551,486,0,486,1037
03/27/2022,FFZ,AZ,AWP,CE,Towers with Radar,0,7,9,0,16,0,174,183,0,357,0,181,192,0,373,297,0,297,670
03/28/2022,FFZ,AZ,AWP,CE,Towers with Radar,0,12,18,0,30,0,191,141,8,340,0,203,159,8,370,418,0,418,788
03/29/2022,FFZ,AZ,AWP,CE,Towers with Radar,0,4,7,0,11,0,89,61,10,160,0,93,68,10,171,415,0,415,586
03/30/2022,FFZ,AZ,AWP,CE,Towers with Radar,0,11,10,0,21,0,326,214,6,546,0,337,224,6,567,595,0,595,1162
03/31/2022,FFZ,AZ,AWP,CE,Towers with Radar,0,18,11,0,29,0,261,215,7,483,0,279,226,7,512,573,0,573,1085
04/01/2022,FFZ,AZ,AWP,CE,Towers with Radar,0,10,11,0,21,0,235,220,5,460,0,245,231,5,481,515,0,515,996
04/02/2022,FFZ,AZ,AWP,CE,Towers with Radar,0,3,7,0,10,0,236,252,0,488,0,239,259,0,498,390,0,390,888
04/03/2022,FFZ,AZ,AWP,CE,Towers with Radar,0,7,18,0,25,0,272,187,1,460,0,279,205,1,485,508,0,508,993
04/04/2022,FFZ,AZ,AWP,CE,Towers with Radar,0,8,7,0,15,0,264,156,12,432,0,272,163,12,447,623,0,623,1070
04/05/2022,FFZ,AZ,AWP,CE,Towers with Radar,0,6,10,0,16,0,273,160,9,442,0,279,170,9,458,647,0,647,1105
04/06/2022,FFZ,AZ,AWP,CE,Towers with Radar,0,8,10,0,18,0,250,188,4,442,0,258,198,4,460,624,0,624,1084
04/07/2022,FFZ,AZ,AWP,CE,Towers with Radar,0,11,15,0,26,0,270,175,10,455,0,281,190,10,481,538,0,538,1019
04/08/2022,FFZ,AZ,AWP,CE,Towers with Radar,0,6,8,0,14,0,245,203,4,452,0,251,211,4,466,506,0,506,972
04/09/2022,FFZ,AZ,AWP,CE,Towers with Radar,0,0,1,0,1,0,181,197,1,379,0,181,198,1,380,556,0,556,936
04/10/2022,FFZ,AZ,AWP,CE,Towers with Radar,0,5,9,0,14,0,170,137,2,309,0,175,146,2,323,622,0,622,945
04/11/2022,FFZ,AZ,AWP,CE,Towers with Radar,0,10,7,0,17,0,233,114,2,349,0,243,121,2,366,481,0,481,847
04/12/2022,FFZ,AZ,AWP,CE,Towers with Radar,0,7,8,0,15,0,162,102,2,266,0,169,110,2,281,381,0,381,662
04/13/2022,FFZ,AZ,AWP,CE,Towers with Radar,0,10,6,0,16,0,300,180,7,487,0,310,186,7,503,725,0,725,1228
04/14/2022,FFZ,AZ,AWP,CE,Towers with Radar,0,9,11,0,20,0,275,223,7,505,0,284,234,7,525,819,0,819,1344
04/15/2022,FFZ,AZ,AWP,CE,Towers with Radar,0,5,9,0,14,0,249,199,7,455,0,254,208,7,469,702,0,702,1171
04/16/2022,FFZ,AZ,AWP,CE,Towers with Radar,0,7,4,0,11,0,211,210,1,422,0,218,214,1,433,671,0,671,1104
04/17/2022,FFZ,AZ,AWP,CE,Towers with Radar,0,7,11,0,18,0,176,150,1,327,0,183,161,1,345,549,0,549,894
04/18/2022,FFZ,AZ,AWP,CE,Towers with Radar,0,6,9,0,15,0,213,135,6,354,0,219,144,6,369,671,0,671,1040
04/19/2022,FFZ,AZ,AWP,CE,Towers with Radar,0,11,4,0,15,0,248,155,11,414,0,259,159,11,429,771,0,771,1200
04/20/2022,FFZ,AZ,AWP,CE,Towers with Radar,0,9,7,0,16,0,257,184,16,457,0,266,191,16,473,728,0,728,1201
04/21/2022,FFZ,AZ,AWP,CE,Towers with Radar,0,11,13,0,24,0,271,203,4,478,0,282,216,4,502,853,0,853,1355
04/22/2022,FFZ,AZ,AWP,CE,Towers with Radar,0,4,8,0,12,0,133,125,3,261,0,137,133,3,273,298,0,298,571
04/23/2022,FFZ,AZ,AWP,CE,Towers with Radar,0,2,5,0,7,0,275,207,4,486,0,277,212,4,493,521,0,521,1014
04/24/2022,FFZ,AZ,AWP,CE,Towers with Radar,0,4,9,0,13,0,206,149,2,357,0,210,158,2,370,450,0,450,820
04/25/2022,FFZ,AZ,AWP,CE,Towers with Radar,0,12,6,0,18,0,266,114,2,382,0,278,120,2,400,578,0,578,978
04/26/2022,FFZ,AZ,AWP,CE,Towers with Radar,0,11,11,0,22,0,261,136,1,398,0,272,147,1,420,605,0,605,1025
04/27/2022,FFZ,AZ,AWP,CE,Towers with Radar,0,11,8,0,19,0,251,154,2,407,0,262,162,2,426,736,0,736,1162
04/28/2022,FFZ,AZ,AWP,CE,Towers with Radar,0,9,10,0,19,0,233,155,10,398,0,242,165,10,417,471,0,471,888
04/29/2022,FFZ,AZ,AWP,CE,Towers with Radar,0,9,9,0,18,0,276,204,1,481,0,285,213,1,499,705,0,705,1204
04/30/2022,FFZ,AZ,AWP,CE,Towers with Radar,0,6,3,0,9,0,201,196,2,399,0,207,199,2,408,462,0,462,870
05/01/2022,FFZ,AZ,AWP,CE,Towers with Radar,0,10,1,0,11,0,166,113,1,280,0,176,114,1,291,335,0,335,626
05/02/2022,FFZ,AZ,AWP,CE,Towers with Radar,0,7,9,0,16,0,243,114,2,359,0,250,123,2,375,560,0,560,935
05/03/2022,FFZ,AZ,AWP,CE,Towers with Radar,0,3,3,0,6,0,273,151,5,429,0,276,154,5,435,727,0,727,1162
05/04/2022,FFZ,AZ,AWP,CE,Towers with Radar,0,2,10,0,12,0,314,193,7,514,0,316,203,7,526,653,0,653,1179
05/05/2022,FFZ,AZ,AWP,CE,Towers with Radar,0,7,13,0,20,0,249,169,7,425,0,256,182,7,445,795,0,795,1240
05/06/2022,FFZ,AZ,AWP,CE,Towers with Radar,0,6,18,0,24,0,240,159,20,419,0,246,177,20,443,573,0,573,1016
05/07/2022,FFZ,AZ,AWP,CE,Towers with Radar,0,9,6,0,15,0,198,183,1,382,0,207,189,1,397,501,0,501,898
05/08/2022,FFZ,AZ,AWP,CE,Towers with Radar,0,4,7,0,11,0,154,70,0,224,0,158,77,0,235,376,0,376,611
05/09/2022,FFZ,AZ,AWP,CE,Towers with Radar,0,9,5,0,14,0,241,126,3,370,0,250,131,3,384,605,0,605,989
05/10/2022,FFZ,AZ,AWP,CE,Towers with Radar,0,8,3,0,11,0,268,150,3,421,0,276,153,3,432,802,0,802,1234
05/11/2022,FFZ,AZ,AWP,CE,Towers with Radar,0,5,11,0,16,0,258,144,2,404,0,263,155,2,420,478,0,478,898
05/12/2022,FFZ,AZ,AWP,CE,Towers with Radar,0,8,14,2,24,0,286,160,10,456,0,294,174,12,480,791,0,791,1271
05/13/2022,FFZ,AZ,AWP,CE,Towers with Radar,0,11,8,1,20,0,283,170,3,456,0,294,178,4,476,740,0,740,1216
05/14/2022,FFZ,AZ,AWP,CE,Towers with Radar,0,8,8,0,16,0,206,137,0,343,0,214,145,0,359,476,0,476,835
05/15/2022,FFZ,AZ,AWP,CE,Towers with Radar,0,4,6,0,10,0,184,136,0,320,0,188,142,0,330,415,0,415,745
05/16/2022,FFZ,AZ,AWP,CE,Towers with Radar,0,9,9,0,18,0,231,108,5,344,0,240,117,5,362,700,0,700,1062
05/17/2022,FFZ,AZ,AWP,CE,Towers with Radar,0,8,3,0,11,0,275,109,9,393,0,283,112,9,404,682,0,682,1086
05/18/2022,FFZ,AZ,AWP,CE,Towers with Radar,0,11,5,0,16,0,261,150,1,412,0,272,155,1,428,704,0,704,1132
05/19/2022,FFZ,AZ,AWP,CE,Towers with Radar,1,10,10,1,22,0,248,157,6,411,1,258,167,7,433,539,0,539,972
05/20/2022,FFZ,AZ,AWP,CE,Towers with Radar,0,12,7,0,19,0,196,111,4,311,0,208,118,4,330,264,0,264,594
05/21/2022,FFZ,AZ,AWP,CE,Towers with Radar,0,6,3,0,9,0,199,183,1,383,0,205,186,1,392,409,0,409,801
05/22/2022,FFZ,AZ,AWP,CE,Towers with Radar,0,6,5,0,11,0,181,113,2,296,0,187,118,2,307,299,0,299,606
05/23/2022,FFZ,AZ,AWP,CE,Towers with Radar,0,9,6,1,16,0,234,93,7,334,0,243,99,8,350,454,0,454,804
05/24/2022,FFZ,AZ,AWP,CE,Towers with Radar,0,6,8,0,14,0,279,140,8,427,0,285,148,8,441,658,0,658,1099
05/25/2022,FFZ,AZ,AWP,CE,Towers with Radar,2,12,7,0,21,0,241,126,11,378,2,253,133,11,399,747,0,747,1146
05/26/2022,FFZ,AZ,AWP,CE,Towers with Radar,0,9,5,0,14,0,272,136,4,412,0,281,141,4,426,711,0,711,1137
05/27/2022,FFZ,AZ,AWP,CE,Towers with Radar,1,4,9,0,14,0,217,174,1,392,1,221,183,1,406,499,0,499,905
05/28/2022,FFZ,AZ,AWP,CE,Towers with Radar,0,7,6,0,13,0,168,151,0,319,0,175,157,0,332,345,0,345,677
05/29/2022,FFZ,AZ,AWP,CE,Towers with Radar,0,5,4,0,9,0,133,82,1,216,0,138,86,1,225,420,0,420,645
05/30/2022,FFZ,AZ,AWP,CE,Towers with Radar,0,4,7,0,11,0,159,128,0,287,0,163,135,0,298,272,0,272,570
05/31/2022,FFZ,AZ,AWP,CE,Towers with Radar,0,8,15,0,23,0,269,149,5,423,0,277,164,5,446,532,0,532,978
06/01/2022,FFZ,AZ,AWP,CE,Towers with Radar,0,12,10,2,24,0,283,151,6,440,0,295,161,8,464,758,0,758,1222
06/02/2022,FFZ,AZ,AWP,CE,Towers with Radar,0,12,6,0,18,0,254,155,1,410,0,266,161,1,428,601,0,601,1029
06/03/2022,FFZ,AZ,AWP,CE,Towers with Radar,0,9,8,0,17,0,261,153,11,425,0,270,161,11,442,523,0,523,965
06/04/2022,FFZ,AZ,AWP,CE,Towers with Radar,0,11,2,0,13,0,227,173,0,400,0,238,175,0,413,343,0,343,756
06/05/2022,FFZ,AZ,AWP,CE,Towers with Radar,0,8,3,0,11,0,172,124,0,296,0,180,127,0,307,341,0,341,648
06/06/2022,FFZ,AZ,AWP,CE,Towers with Radar,0,6,9,0,15,0,200,126,2,328,0,206,135,2,343,503,0,503,846
06/07/2022,FFZ,AZ,AWP,CE,Towers with Radar,0,15,10,0,25,0,270,107,4,381,0,285,117,4,406,620,0,620,1026
06/08/2022,FFZ,AZ,AWP,CE,Towers with Radar,0,11,11,0,22,0,296,121,1,418,0,307,132,1,440,536,0,536,976
06/09/2022,FFZ,AZ,AWP,CE,Towers with Radar,0,4,4,0,8,0,258,145,8,411,0,262,149,8,419,253,0,253,672
06/10/2022,FFZ,AZ,AWP,CE,Towers with Radar,0,9,7,0,16,0,227,138,1,366,0,236,145,1,382,486,0,486,868
06/11/2022,FFZ,AZ,AWP,CE,Towers with Radar,0,3,3,0,6,0,225,129,0,354,0,228,132,0,360,374,0,374,734
06/12/2022,FFZ,AZ,AWP,CE,Towers with Radar,0,8,1,0,9,0,166,79,0,245,0,174,80,0,254,284,0,284,538
06/13/2022,FFZ,AZ,AWP,CE,Towers with Radar,0,4,4,0,8,0,200,97,2,299,0,204,101,2,307,315,0,315,622
06/14/2022,FFZ,AZ,AWP,CE,Towers with Radar,0,5,12,0,17,0,213,159,2,374,0,218,171,2,391,445,0,445,836
06/15/2022,FFZ,AZ,AWP,CE,Towers with Radar,0,7,5,0,12,0,238,159,1,398,0,245,164,1,410,684,0,684,1094
06/16/2022,FFZ,AZ,AWP,CE,Towers with Radar,0,7,9,0,16,0,255,180,4,439,0,262,189,4,455,485,0,485,940
06/17/2022,FFZ,AZ,AWP,CE,Towers with Radar,0,6,13,0,19,0,234,136,8,378,0,240,149,8,397,484,0,484,881
06/18/2022,FFZ,AZ,AWP,CE,Towers with Radar,0,5,5,0,10,0,84,93,2,179,0,89,98,2,189,242,0,242,431
06/19/2022,FFZ,AZ,AWP,CE,Towers with Radar,0,4,5,0,9,0,154,114,1,269,0,158,119,1,278,337,0,337,615
06/20/2022,FFZ,AZ,AWP,CE,Towers with Radar,0,6,7,0,13,0,243,156,2,401,0,249,163,2,414,527,0,527,941
06/21/2022,FFZ,AZ,AWP,CE,Towers with Radar,0,6,6,0,12,0,284,131,7,422,0,290,137,7,434,576,0,576,1010
06/22/2022,FFZ,AZ,AWP,CE,Towers with Radar,1,10,9,0,20,0,242,152,6,400,1,252,161,6,420,645,0,645,1065
06/23/2022,FFZ,AZ,AWP,CE,Towers with Radar,0,4,9,0,13,0,190,123,6,319,0,194,132,6,332,54,0,54,386
06/24/2022,FFZ,AZ,AWP,CE,Towers with Radar,0,7,6,0,13,0,186,102,4,292,0,193,108,4,305,108,0,108,413
06/25/2022,FFZ,AZ,AWP,CE,Towers with Radar,0,3,1,0,4,0,219,131,0,350,0,222,132,0,354,114,0,114,468
06/26/2022,FFZ,AZ,AWP,CE,Towers with Radar,0,3,4,0,7,0,152,91,0,243,0,155,95,0,250,78,0,78,328
06/27/2022,FFZ,AZ,AWP,CE,Towers with Radar,0,5,5,0,10,0,225,118,4,347,0,230,123,4,357,114,0,114,471
06/28/2022,FFZ,AZ,AWP,CE,Towers with Radar,1,8,4,0,13,0,256,130,5,391,1,264,134,5,404,88,0,88,492
06/29/2022,FFZ,AZ,AWP,CE,Towers with Radar,0,8,6,0,14,0,201,109,6,316,0,209,115,6,330,53,0,53,383
06/30/2022,FFZ,AZ,AWP,CE,Towers with Radar,0,14,9,0,23,0,288,134,7,429,0,302,143,7,452,109,0,109,561
07/01/2022,FFZ,AZ,AWP,CE,Towers with Radar,0,5,9,0,14,0,220,142,0,362,0,225,151,0,376,94,0,94,470
07/02/2022,FFZ,AZ,AWP,CE,Towers with Radar,0,8,2,0,10,0,212,117,0,329,0,220,119,0,339,108,0,108,447
07/03/2022,FFZ,AZ,AWP,CE,Towers with Radar,0,0,3,0,3,0,160,82,0,242,0,160,85,0,245,73,0,73,318
07/04/2022,FFZ,AZ,AWP,CE,Towers with Radar,0,3,3,0,6,0,143,66,0,209,0,146,69,0,215,92,0,92,307
07/05/2022,FFZ,AZ,AWP,CE,Towers with Radar,0,5,12,0,17,0,211,129,4,344,0,216,141,4,361,145,0,145,506
07/06/2022,FFZ,AZ,AWP,CE,Towers with Radar,1,5,0,0,6,0,250,148,5,403,1,255,148,5,409,222,0,222,631
07/07/2022,FFZ,AZ,AWP,CE,Towers with Radar,0,6,5,0,11,0,276,168,12,456,0,282,173,12,467,492,0,492,959
07/08/2022,FFZ,AZ,AWP,CE,Towers with Radar,0,12,10,0,22,0,219,139,13,371,0,231,149,13,393,569,0,569,962
07/09/2022,FFZ,AZ,AWP,CE,Towers with Radar,0,4,3,0,7,0,174,122,0,296,0,178,125,0,303,272,0,272,575
07/10/2022,FFZ,AZ,AWP,CE,Towers with Radar,0,4,9,0,13,0,166,111,0,277,0,170,120,0,290,290,0,290,580
07/11/2022,FFZ,AZ,AWP,CE,Towers with Radar,0,4,6,0,10,0,192,116,4,312,0,196,122,4,322,372,0,372,694
07/12/2022,FFZ,AZ,AWP,CE,Towers with Radar,1,6,8,0,15,0,226,132,12,370,1,232,140,12,385,468,0,468,853
07/13/2022,FFZ,AZ,AWP,CE,Towers with Radar,0,11,4,0,15,0,230,147,7,384,0,241,151,7,399,480,0,480,879
07/14/2022,FFZ,AZ,AWP,CE,Towers with Radar,1,10,8,0,19,0,249,151,6,406,1,259,159,6,425,506,0,506,931
07/15/2022,FFZ,AZ,AWP,CE,Towers with Radar,0,6,7,0,13,0,226,125,3,354,0,232,132,3,367,455,0,455,822
07/16/2022,FFZ,AZ,AWP,CE,Towers with Radar,0,13,7,0,20,0,173,122,0,295,0,186,129,0,315,300,0,300,615
07/17/2022,FFZ,AZ,AWP,CE,Towers with Radar,0,11,8,0,19,0,141,92,0,233,0,152,100,0,252,247,0,247,499
07/18/2022,FFZ,AZ,AWP,CE,Towers with Radar,0,12,9,0,21,0,230,158,1,389,0,242,167,1,410,396,0,396,806
07/19/2022,FFZ,AZ,AWP,CE,Towers with Radar,0,8,8,0,16,0,225,128,6,359,0,233,136,6,375,224,0,224,599
07/20/2022,FFZ,AZ,AWP,CE,Towers with Radar,0,11,5,0,16,0,204,143,4,351,0,215,148,4,367,239,0,239,606
07/21/2022,FFZ,AZ,AWP,CE,Towers with Radar,0,5,7,0,12,0,213,135,4,352,0,218,142,4,364,416,0,416,780
07/22/2022,FFZ,AZ,AWP,CE,Towers with Radar,0,4,6,0,10,0,244,154,0,398,0,248,160,0,408,458,0,458,866
07/23/2022,FFZ,AZ,AWP,CE,Towers with Radar,0,7,1,0,8,0,155,74,4,233,0,162,75,4,241,378,0,378,619
07/24/2022,FFZ,AZ,AWP,CE,Towers with Radar,0,2,4,0,6,0,78,66,0,144,0,80,70,0,150,301,0,301,451
07/25/2022,FFZ,AZ,AWP,CE,Towers with Radar,0,8,9,0,17,0,205,106,2,313,0,213,115,2,330,400,0,400,730
07/26/2022,FFZ,AZ,AWP,CE,Towers with Radar,0,13,8,0,21,0,238,128,6,372,0,251,136,6,393,694,0,694,1087
07/27/2022,FFZ,AZ,AWP,CE,Towers with Radar,0,9,4,0,13,0,222,100,5,327,0,231,104,5,340,624,0,624,964
07/28/2022,FFZ,AZ,AWP,CE,Towers with Radar,0,3,9,0,12,0,134,102,3,239,0,137,111,3,251,510,0,510,761
07/29/2022,FFZ,AZ,AWP,CE,Towers with Radar,0,13,10,0,23,0,225,120,4,349,0,238,130,4,372,558,0,558,930
07/30/2022,FFZ,AZ,AWP,CE,Towers with Radar,0,12,4,0,16,0,174,111,0,285,0,186,115,0,301,398,0,398,699
07/31/2022,FFZ,AZ,AWP,CE,Towers with Radar,0,11,11,0,22,0,137,114,0,251,0,148,125,0,273,301,0,301,574
08/01/2022,FFZ,AZ,AWP,CE,Towers with Radar,0,7,1,0,8,0,196,121,3,320,0,203,122,3,328,530,0,530,858
08/02/2022,FFZ,AZ,AWP,CE,Towers with Radar,0,13,13,0,26,0,220,118,6,344,0,233,131,6,370,785,0,785,1155
08/03/2022,FFZ,AZ,AWP,CE,Towers with Radar,0,13,7,0,20,0,202,141,0,343,0,215,148,0,363,568,0,568,931
08/04/2022,FFZ,AZ,AWP,CE,Towers with Radar,0,12,9,0,21,0,276,128,0,404,0,288,137,0,425,775,0,775,1200
08/05/2022,FFZ,AZ,AWP,CE,Towers with Radar,0,14,12,0,26,0,229,131,1,361,0,243,143,1,387,524,0,524,911
08/06/2022,FFZ,AZ,AWP,CE,Towers with Radar,0,7,5,0,12,0,234,146,0,380,0,241,151,0,392,605,0,605,997
08/07/2022,FFZ,AZ,AWP,CE,Towers with Radar,0,14,8,0,22,0,134,86,0,220,0,148,94,0,242,441,0,441,683
08/08/2022,FFZ,AZ,AWP,CE,Towers with Radar,0,7,10,0,17,0,233,132,4,369,0,240,142,4,386,690,0,690,1076
08/09/2022,FFZ,AZ,AWP,CE,Towers with Radar,0,10,10,0,20,0,244,136,5,385,0,254,146,5,405,619,0,619,1024
08/10/2022,FFZ,AZ,AWP,CE,Towers with Radar,0,11,8,0,19,0,242,133,1,376,0,253,141,1,395,558,0,558,953
08/11/2022,FFZ,AZ,AWP,CE,Towers with Radar,0,10,10,0,20,0,216,118,0,334,0,226,128,0,354,817,0,817,1171
08/12/2022,FFZ,AZ,AWP,CE,Towers with Radar,0,15,7,0,22,0,162,97,4,263,0,177,104,4,285,465,0,465,750
08/13/2022,FFZ,AZ,AWP,CE,Towers with Radar,0,14,10,0,24,0,206,132,0,338,0,220,142,0,362,385,0,385,747
08/14/2022,FFZ,AZ,AWP,CE,Towers with Radar,0,6,8,0,14,0,133,113,0,246,0,139,121,0,260,460,0,460,720
08/15/2022,FFZ,AZ,AWP,CE,Towers with Radar,0,14,8,0,22,0,258,180,10,448,0,272,188,10,470,671,0,671,1141
08/16/2022,FFZ,AZ,AWP,CE,Towers with Radar,0,9,13,0,22,0,241,198,5,444,0,250,211,5,466,697,0,697,1163
08/17/2022,FFZ,AZ,AWP,CE,Towers with Radar,0,10,5,0,15,0,274,145,3,422,0,284,150,3,437,583,0,583,1020
08/18/2022,FFZ,AZ,AWP,CE,Towers with Radar,0,5,12,2,19,0,246,115,3,364,0,251,127,5,383,582,0,582,965
08/19/2022,FFZ,AZ,AWP,CE,Towers with Radar,0,5,9,0,14,0,163,100,6,269,0,168,109,6,283,486,0,486,769
08/20/2022,FFZ,AZ,AWP,CE,Towers with Radar,0,19,8,0,27,0,150,101,0,251,0,169,109,0,278,552,0,552,830
08/21/2022,FFZ,AZ,AWP,CE,Towers with Radar,0,13,14,0,27,0,157,104,0,261,0,170,118,0,288,559,0,559,847
08/22/2022,FFZ,AZ,AWP,CE,Towers with Radar,0,9,8,0,17,0,257,173,5,435,0,266,181,5,452,644,0,644,1096
08/23/2022,FFZ,AZ,AWP,CE,Towers with Radar,0,7,5,0,12,0,255,132,4,391,0,262,137,4,403,669,0,669,1072
08/24/2022,FFZ,AZ,AWP,CE,Towers with Radar,0,12,7,0,19,0,255,147,7,409,0,267,154,7,428,672,0,672,1100
08/25/2022,FFZ,AZ,AWP,CE,Towers with Radar,0,11,6,0,17,0,253,181,2,436,0,264,187,2,453,725,0,725,1178
08/26/2022,FFZ,AZ,AWP,CE,Towers with Radar,0,9,12,0,21,0,254,169,13,436,0,263,181,13,457,683,0,683,1140
08/27/2022,FFZ,AZ,AWP,CE,Towers with Radar,0,9,5,0,14,0,208,135,0,343,0,217,140,0,357,506,0,506,863
08/28/2022,FFZ,AZ,AWP,CE,Towers with Radar,0,4,9,0,13,0,153,121,0,274,0,157,130,0,287,456,0,456,743
08/29/2022,FFZ,AZ,AWP,CE,Towers with Radar,0,15,5,0,20,0,236,176,2,414,0,251,181,2,434,577,0,577,1011
08/30/2022,FFZ,AZ,AWP,CE,Towers with Radar,2,8,7,0,17,0,260,156,3,419,2,268,163,3,436,840,0,840,1276
08/31/2022,FFZ,AZ,AWP,CE,Towers with Radar,0,7,6,0,13,0,295,170,8,473,0,302,176,8,486,767,0,767,1253
09/01/2022,FFZ,AZ,AWP,CE,Towers with Radar,0,12,11,0,23,0,248,159,3,410,0,260,170,3,433,706,2,708,1141
09/02/2022,FFZ,AZ,AWP,CE,Towers with Radar,0,8,5,0,13,0,191,153,0,344,0,199,158,0,357,565,2,567,924
09/03/2022,FFZ,AZ,AWP,CE,Towers with Radar,0,8,3,0,11,0,140,123,0,263,0,148,126,0,274,272,0,272,546
09/04/2022,FFZ,AZ,AWP,CE,Towers with Radar,0,3,7,0,10,0,159,99,0,258,0,162,106,0,268,471,0,471,739
09/05/2022,FFZ,AZ,AWP,CE,Towers with Radar,0,6,12,0,18,0,254,167,0,421,0,260,179,0,439,545,0,545,984
09/06/2022,FFZ,AZ,AWP,CE,Towers with Radar,0,8,8,0,16,0,289,124,6,419,0,297,132,6,435,668,0,668,1103
09/07/2022,FFZ,AZ,AWP,CE,Towers with Radar,0,17,4,0,21,0,298,164,4,466,0,315,168,4,487,869,0,869,1356
09/08/2022,FFZ,AZ,AWP,CE,Towers with Radar,0,4,7,0,11,0,241,145,4,390,0,245,152,4,401,751,0,751,1152
09/09/2022,FFZ,AZ,AWP,CE,Towers with Radar,0,5,6,0,11,0,208,147,4,359,0,213,153,4,370,708,0,708,1078
09/10/2022,FFZ,AZ,AWP,CE,Towers with Radar,0,7,3,0,10,0,184,132,1,317,0,191,135,1,327,615,0,615,942
09/11/2022,FFZ,AZ,AWP,CE,Towers with Radar,0,6,10,0,16,0,181,93,0,274,0,187,103,0,290,534,0,534,824
09/12/2022,FFZ,AZ,AWP,CE,Towers with Radar,0,6,3,2,11,0,170,115,1,286,0,176,118,3,297,708,0,708,1005
09/13/2022,FFZ,AZ,AWP,CE,Towers with Radar,0,11,5,0,16,0,300,131,5,436,0,311,136,5,452,832,0,832,1284
09/14/2022,FFZ,AZ,AWP,CE,Towers with Radar,0,7,9,0,16,0,305,184,5,494,0,312,193,5,510,964,0,964,1474
09/15/2022,FFZ,AZ,AWP,CE,Towers with Radar,0,8,12,0,20,0,271,140,5,416,0,279,152,5,436,737,0,737,1173
09/16/2022,FFZ,AZ,AWP,CE,Towers with Radar,0,7,6,0,13,0,243,155,2,400,0,250,161,2,413,724,0,724,1137
09/17/2022,FFZ,AZ,AWP,CE,Towers with Radar,0,10,7,0,17,0,208,156,0,364,0,218,163,0,381,627,0,627,1008
09/18/2022,FFZ,AZ,AWP,CE,Towers with Radar,0,5,8,0,13,0,185,104,0,289,0,190,112,0,302,486,0,486,788
09/19/2022,FFZ,AZ,AWP,CE,Towers with Radar,0,7,14,1,22,0,256,142,2,400,0,263,156,3,422,569,0,569,991
09/20/2022,FFZ,AZ,AWP,CE,Towers with Radar,0,7,8,0,15,0,212,136,1,349,0,219,144,1,364,769,0,769,1133
09/21/2022,FFZ,AZ,AWP,CE,Towers with Radar,0,7,14,1,22,0,171,121,4,296,0,178,135,5,318,769,0,769,1087
09/22/2022,FFZ,AZ,AWP,CE,Towers with Radar,0,8,11,0,19,0,265,158,3,426,0,273,169,3,445,756,0,756,1201
09/23/2022,FFZ,AZ,AWP,CE,Towers with Radar,0,10,7,0,17,0,270,175,0,445,0,280,182,0,462,656,0,656,1118
09/24/2022,FFZ,AZ,AWP,CE,Towers with Radar,0,4,4,0,8,0,276,228,0,504,0,280,232,0,512,718,0,718,1230
09/25/2022,FFZ,AZ,AWP,CE,Towers with Radar,0,5,12,0,17,0,153,133,1,287,0,158,145,1,304,472,0,472,776
09/26/2022,FFZ,AZ,AWP,CE,Towers with Radar,0,6,11,0,17,0,195,120,21,336,0,201,131,21,353,540,0,540,893
09/27/2022,FFZ,AZ,AWP,CE,Towers with Radar,1,4,12,0,17,0,274,142,2,418,1,278,154,2,435,491,0,491,926
09/28/2022,FFZ,AZ,AWP,CE,Towers with Radar,0,8,8,0,16,0,178,153,2,333,0,186,161,2,349,600,0,600,949
09/29/2022,FFZ,AZ,AWP,CE,Towers with Radar,0,12,10,0,22,0,246,206,7,459,0,258,216,7,481,868,0,868,1349
09/30/2022,FFZ,AZ,AWP,CE,Towers with Radar,0,5,6,0,11,0,273,173,7,453,0,278,179,7,464,804,0,804,1268
10/01/2022,FFZ,AZ,AWP,CE,Towers with Radar,0,16,4,0,20,0,200,130,0,330,0,216,134,0,350,577,0,577,927
10/02/2022,FFZ,AZ,AWP,CE,Towers with Radar,0,9,9,0,18,0,194,105,0,299,0,203,114,0,317,486,0,486,803
10/03/2022,FFZ,AZ,AWP,CE,Towers with Radar,0,6,4,0,10,0,194,87,5,286,0,200,91,5,296,570,0,570,866
10/04/2022,FFZ,AZ,AWP,CE,Towers with Radar,0,6,11,0,17,0,277,139,4,420,0,283,150,4,437,775,0,775,1212
10/05/2022,FFZ,AZ,AWP,CE,Towers with Radar,0,6,12,0,18,0,357,157,7,521,0,363,169,7,539,730,0,730,1269
10/06/2022,FFZ,AZ,AWP,CE,Towers with Radar,0,6,15,0,21,0,185,136,7,328,0,191,151,7,349,740,0,740,1089
10/07/2022,FFZ,AZ,AWP,CE,Towers with Radar,1,8,10,0,19,0,225,160,6,391,1,233,170,6,410,541,0,541,951
10/08/2022,FFZ,AZ,AWP,CE,Towers with Radar,1,12,8,0,21,0,172,146,0,318,1,184,154,0,339,336,0,336,675
10/09/2022,FFZ,AZ,AWP,CE,Towers with Radar,0,8,13,0,21,0,215,123,0,338,0,223,136,0,359,382,0,382,741
10/10/2022,FFZ,AZ,AWP,CE,Towers with Radar,0,5,5,0,10,0,229,123,2,354,0,234,128,2,364,576,0,576,940
10/11/2022,FFZ,AZ,AWP,CE,Towers with Radar,0,12,6,2,20,0,290,134,1,425,0,302,140,3,445,691,0,691,1136
10/12/2022,FFZ,AZ,AWP,CE,Towers with Radar,0,7,15,0,22,0,365,186,8,559,0,372,201,8,581,642,0,642,1223
10/13/2022,FFZ,AZ,AWP,CE,Towers with Radar,0,6,5,2,13,0,290,163,2,455,0,296,168,4,468,545,0,545,1013
10/14/2022,FFZ,AZ,AWP,CE,Towers with Radar,0,20,11,0,31,0,294,172,10,476,0,314,183,10,507,663,0,663,1170
10/15/2022,FFZ,AZ,AWP,CE,Towers with Radar,0,2,6,0,8,0,89,52,0,141,0,91,58,0,149,220,0,220,369
10/16/2022,FFZ,AZ,AWP,CE,Towers with Radar,0,21,14,2,37,0,81,58,0,139,0,102,72,2,176,210,0,210,386
10/17/2022,FFZ,AZ,AWP,CE,Towers with Radar,0,9,8,4,21,0,298,172,8,478,0,307,180,12,499,692,0,692,1191
10/18/2022,FFZ,AZ,AWP,CE,Towers with Radar,0,13,8,2,23,0,411,129,4,544,0,424,137,6,567,484,0,484,1051
10/19/2022,FFZ,AZ,AWP,CE,Towers with Radar,0,11,7,4,22,0,259,169,6,434,0,270,176,10,456,598,0,598,1054
10/20/2022,FFZ,AZ,AWP,CE,Towers with Radar,0,14,9,1,24,0,315,187,2,504,0,329,196,3,528,756,0,756,1284
10/21/2022,FFZ,AZ,AWP,CE,Towers with Radar,0,8,8,0,16,0,342,232,1,575,0,350,240,1,591,579,0,579,1170
10/22/2022,FFZ,AZ,AWP,CE,Towers with Radar,0,6,9,0,15,0,198,136,0,334,0,204,145,0,349,403,0,403,752
10/23/2022,FFZ,AZ,AWP,CE,Towers with Radar,0,13,18,0,31,0,145,67,0,212,0,158,85,0,243,358,0,358,601
10/24/2022,FFZ,AZ,AWP,CE,Towers with Radar,0,9,10,0,19,0,304,155,9,468,0,313,165,9,487,684,0,684,1171
10/25/2022,FFZ,AZ,AWP,CE,Towers with Radar,0,3,4,0,7,0,310,172,7,489,0,313,176,7,496,699,0,699,1195
10/26/2022,FFZ,AZ,AWP,CE,Towers with Radar,0,10,9,0,19,0,274,201,5,480,0,284,210,5,499,728,0,728,1227
10/27/2022,FFZ,AZ,AWP,CE,Towers with Radar,0,15,14,2,31,0,294,164,4,462,0,309,178,6,493,675,0,675,1168
10/28/2022,FFZ,AZ,AWP,CE,Towers with Radar,0,4,12,0,16,0,292,237,6,535,0,296,249,6,551,777,0,777,1328
10/29/2022,FFZ,AZ,AWP,CE,Towers with Radar,0,4,8,0,12,0,257,194,0,451,0,261,202,0,463,690,0,690,1153
10/30/2022,FFZ,AZ,AWP,CE,Towers with Radar,0,7,14,0,21,0,236,165,0,401,0,243,179,0,422,637,0,637,1059
10/31/2022,FFZ,AZ,AWP,CE,Towers with Radar,0,4,10,0,14,0,332,182,2,516,0,336,192,2,530,675,0,675,1205
11/01/2022,FFZ,AZ,AWP,CE,Towers with Radar,0,6,14,0,20,0,325,185,1,511,0,331,199,1,531,678,0,678,1209
11/02/2022,FFZ,AZ,AWP,CE,Towers with Radar,0,10,11,0,21,0,265,155,1,421,0,275,166,1,442,816,0,816,1258
11/03/2022,FFZ,AZ,AWP,CE,Towers with Radar,0,6,16,0,22,0,129,85,1,215,0,135,101,1,237,446,0,446,683
11/04/2022,FFZ,AZ,AWP,CE,Towers with Radar,0,15,16,0,31,0,319,214,3,536,0,334,230,3,567,839,0,839,1406
11/05/2022,FFZ,AZ,AWP,CE,Towers with Radar,0,9,7,0,16,0,214,216,5,435,0,223,223,5,451,713,0,713,1164
11/06/2022,FFZ,AZ,AWP,CE,Towers with Radar,2,5,8,0,15,0,198,137,0,335,2,203,145,0,350,594,0,594,944
11/07/2022,FFZ,AZ,AWP,CE,Towers with Radar,0,5,7,0,12,0,275,189,6,470,0,280,196,6,482,713,0,713,1195
11/08/2022,FFZ,AZ,AWP,CE,Towers with Radar,0,7,7,0,14,0,308,198,2,508,0,315,205,2,522,700,0,700,1222
11/09/2022,FFZ,AZ,AWP,CE,Towers with Radar,0,21,13,0,34,0,105,71,6,182,0,126,84,6,216,434,0,434,650
11/10/2022,FFZ,AZ,AWP,CE,Towers with Radar,0,18,9,0,27,0,329,228,4,561,0,347,237,4,588,729,0,729,1317
11/11/2022,FFZ,AZ,AWP,CE,Towers with Radar,0,5,7,0,12,0,269,226,5,500,0,274,233,5,512,726,0,726,1238
11/12/2022,FFZ,AZ,AWP,CE,Towers with Radar,0,5,6,0,11,0,252,238,1,491,0,257,244,1,502,528,0,528,1030
11/13/2022,FFZ,AZ,AWP,CE,Towers with Radar,0,6,9,0,15,0,222,173,1,396,0,228,182,1,411,421,0,421,832
11/14/2022,FFZ,AZ,AWP,CE,Towers with Radar,0,10,6,0,16,0,292,180,2,474,0,302,186,2,490,779,0,779,1269
11/15/2022,FFZ,AZ,AWP,CE,Towers with Radar,0,12,9,0,21,0,273,216,3,492,0,285,225,3,513,812,0,812,1325
11/16/2022,FFZ,AZ,AWP,CE,Towers with Radar,0,10,13,0,23,0,301,134,4,439,0,311,147,4,462,773,0,773,1235
11/17/2022,FFZ,AZ,AWP,CE,Towers with Radar,0,15,14,0,29,0,274,224,3,501,0,289,238,3,530,1110,8,1118,1648
11/18/2022,FFZ,AZ,AWP,CE,Towers with Radar,0,9,6,0,15,0,241,219,7,467,0,250,225,7,482,761,0,761,1243
11/19/2022,FFZ,AZ,AWP,CE,Towers with Radar,0,3,16,0,19,0,226,234,0,460,0,229,250,0,479,645,0,645,1124
11/20/2022,FFZ,AZ,AWP,CE,Towers with Radar,0,4,5,0,9,0,174,145,1,320,0,178,150,1,329,574,0,574,903
11/21/2022,FFZ,AZ,AWP,CE,Towers with Radar,0,5,5,0,10,0,275,144,0,419,0,280,149,0,429,627,0,627,1056
11/22/2022,FFZ,AZ,AWP,CE,Towers with Radar,0,10,25,0,35,0,256,171,12,439,0,266,196,12,474,703,0,703,1177
11/23/2022,FFZ,AZ,AWP,CE,Towers with Radar,0,15,12,0,27,0,291,156,2,449,0,306,168,2,476,671,0,671,1147
11/24/2022,FFZ,AZ,AWP,CE,Towers with Radar,0,1,3,0,4,0,4,25,0,29,0,5,28,0,33,12,0,12,45
11/25/2022,FFZ,AZ,AWP,CE,Towers with Radar,1,2,6,0,9,0,143,144,0,287,1,145,150,0,296,377,0,377,673
11/26/2022,FFZ,AZ,AWP,CE,Towers with Radar,0,2,4,0,6,0,189,177,0,366,0,191,181,0,372,534,0,534,906
11/27/2022,FFZ,AZ,AWP,CE,Towers with Radar,0,7,17,0,24,0,173,185,0,358,0,180,202,0,382,580,0,580,962
11/28/2022,FFZ,AZ,AWP,CE,Towers with Radar,0,15,13,0,28,0,228,148,1,377,0,243,161,1,405,787,0,787,1192
11/29/2022,FFZ,AZ,AWP,CE,Towers with Radar,0,11,13,0,24,0,293,166,0,459,0,304,179,0,483,832,0,832,1315
11/30/2022,FFZ,AZ,AWP,CE,Towers with Radar,0,6,12,0,18,0,330,211,6,547,0,336,223,6,565,828,0,828,1393
12/01/2022,FFZ,AZ,AWP,CE,Towers with Radar,0,5,12,0,17,0,293,192,0,485,0,298,204,0,502,906,0,906,1408
12/02/2022,FFZ,AZ,AWP,CE,Towers with Radar,0,5,11,0,16,0,259,193,4,456,0,264,204,4,472,745,0,745,1217
12/03/2022,FFZ,AZ,AWP,CE,Towers with Radar,0,14,9,0,23,0,67,103,0,170,0,81,112,0,193,251,0,251,444
12/04/2022,FFZ,AZ,AWP,CE,Towers with Radar,0,24,14,1,39,0,8,25,0,33,0,32,39,1,72,166,0,166,238
12/05/2022,FFZ,AZ,AWP,CE,Towers with Radar,0,41,7,0,48,0,72,57,8,137,0,113,64,8,185,371,0,371,556
12/06/2022,FFZ,AZ,AWP,CE,Towers with Radar,0,34,7,0,41,0,167,108,11,286,0,201,115,11,327,669,0,669,996
12/07/2022,FFZ,AZ,AWP,CE,Towers with Radar,0,11,15,0,26,0,257,164,13,434,0,268,179,13,460,808,0,808,1268
12/08/2022,FFZ,AZ,AWP,CE,Towers with Radar,0,9,20,0,29,0,304,207,3,514,0,313,227,3,543,619,0,619,1162
12/09/2022,FFZ,AZ,AWP,CE,Towers with Radar,0,6,11,0,17,0,297,212,3,512,0,303,223,3,529,675,0,675,1204
12/10/2022,FFZ,AZ,AWP,CE,Towers with Radar,0,7,8,0,15,0,225,168,1,394,0,232,176,1,409,708,0,708,1117
12/11/2022,FFZ,AZ,AWP,CE,Towers with Radar,0,6,8,0,14,0,200,265,0,465,0,206,273,0,479,503,0,503,982
12/12/2022,FFZ,AZ,AWP,CE,Towers with Radar,0,3,5,0,8,0,105,62,4,171,0,108,67,4,179,449,0,449,628
12/13/2022,FFZ,AZ,AWP,CE,Towers with Radar,0,3,11,0,14,0,186,127,7,320,0,189,138,7,334,801,0,801,1135
12/14/2022,FFZ,AZ,AWP,CE,Towers with Radar,0,7,6,2,15,0,308,171,3,482,0,315,177,5,497,434,0,434,931
12/15/2022,FFZ,AZ,AWP,CE,Towers with Radar,0,11,8,0,19,0,288,209,6,503,0,299,217,6,522,636,0,636,1158
12/16/2022,FFZ,AZ,AWP,CE,Towers with Radar,0,7,18,2,27,0,349,190,5,544,0,356,208,7,571,603,0,603,1174
12/17/2022,FFZ,AZ,AWP,CE,Towers with Radar,0,6,9,0,15,0,260,216,0,476,0,266,225,0,491,577,0,577,1068
12/18/2022,FFZ,AZ,AWP,CE,Towers with Radar,0,5,11,0,16,0,214,158,1,373,0,219,169,1,389,613,0,613,1002
12/19/2022,FFZ,AZ,AWP,CE,Towers with Radar,0,2,15,0,17,0,290,163,3,456,0,292,178,3,473,661,0,661,1134
12/20/2022,FFZ,AZ,AWP,CE,Towers with Radar,0,9,17,0,26,0,292,163,0,455,0,301,180,0,481,551,0,551,1032
12/21/2022,FFZ,AZ,AWP,CE,Towers with Radar,0,15,11,0,26,0,291,170,4,465,0,306,181,4,491,581,0,581,1072
12/22/2022,FFZ,AZ,AWP,CE,Towers with Radar,0,7,4,0,11,0,258,164,9,431,0,265,168,9,442,403,0,403,845
12/23/2022,FFZ,AZ,AWP,CE,Towers with Radar,0,12,10,0,22,0,203,156,0,359,0,215,166,0,381,437,0,437,818
12/24/2022,FFZ,AZ,AWP,CE,Towers with Radar,0,4,4,0,8,0,106,137,1,244,0,110,141,1,252,247,0,247,499
12/25/2022,FFZ,AZ,AWP,CE,Towers with Radar,0,3,0,0,3,0,2,30,0,32,0,5,30,0,35,21,0,21,56
12/26/2022,FFZ,AZ,AWP,CE,Towers with Radar,0,2,12,0,14,0,126,160,1,287,0,128,172,1,301,248,0,248,549
12/27/2022,FFZ,AZ,AWP,CE,Towers with Radar,0,6,13,0,19,0,162,167,0,329,0,168,180,0,348,494,0,494,842
12/28/2022,FFZ,AZ,AWP,CE,Towers with Radar,0,9,6,0,15,0,10,5,0,15,0,19,11,0,30,5,0,5,35
12/29/2022,FFZ,AZ,AWP,CE,Towers with Radar,0,12,17,0,29,0,233,117,0,350,0,245,134,0,379,661,0,661,1040
12/30/2022,FFZ,AZ,AWP,CE,Towers with Radar,0,35,21,0,56,0,35,38,1,74,0,70,59,1,130,465,0,465,595
12/31/2022,FFZ,AZ,AWP,CE,Towers with Radar,0,9,9,0,18,0,199,181,0,380,0,208,190,0,398,586,0,586,984
01/01/2023,FFZ,AZ,AWP,CE,Towers with Radar,0,1,3,0,4,0,0,3,0,3,0,1,6,0,7,0,0,0,7
01/02/2023,FFZ,AZ,AWP,CE,Towers with Radar,0,3,18,0,21,0,164,78,0,242,0,167,96,0,263,593,0,593,856
01/03/2023,FFZ,AZ,AWP,CE,Towers with Radar,0,8,7,0,15,0,242,99,0,341,0,250,106,0,356,732,0,732,1088
01/04/2023,FFZ,AZ,AWP,CE,Towers with Radar,0,21,11,3,35,0,323,220,3,546,0,344,231,6,581,807,0,807,1388
01/05/2023,FFZ,AZ,AWP,CE,Towers with Radar,0,16,8,0,24,0,330,208,6,544,0,346,216,6,568,701,0,701,1269
01/06/2023,FFZ,AZ,AWP,CE,Towers with Radar,0,16,7,0,23,0,262,214,0,476,0,278,221,0,499,781,0,781,1280
01/07/2023,FFZ,AZ,AWP,CE,Towers with Radar,0,4,15,0,19,0,277,275,2,554,0,281,290,2,573,626,0,626,1199
01/08/2023,FFZ,AZ,AWP,CE,Towers with Radar,0,9,16,0,25,0,236,162,0,398,0,245,178,0,423,759,0,759,1182
01/09/2023,FFZ,AZ,AWP,CE,Towers with Radar,1,15,10,0,26,0,262,173,1,436,1,277,183,1,462,750,0,750,1212
01/10/2023,FFZ,AZ,AWP,CE,Towers with Radar,0,14,6,1,21,0,317,226,3,546,0,331,232,4,567,787,0,787,1354
01/11/2023,FFZ,AZ,AWP,CE,Towers with Radar,0,14,18,0,32,0,321,198,3,522,0,335,216,3,554,800,0,800,1354
01/12/2023,FFZ,AZ,AWP,CE,Towers with Radar,0,13,16,0,29,0,296,206,3,505,0,309,222,3,534,725,0,725,1259
01/13/2023,FFZ,AZ,AWP,CE,Towers with Radar,0,10,11,0,21,0,320,229,10,559,0,330,240,10,580,694,0,694,1274
01/14/2023,FFZ,AZ,AWP,CE,Towers with Radar,0,11,5,0,16,0,277,252,8,537,0,288,257,8,553,600,0,600,1153
01/15/2023,FFZ,AZ,AWP,CE,Towers with Radar,0,12,9,0,21,0,31,14,0,45,0,43,23,0,66,327,0,327,393
01/16/2023,FFZ,AZ,AWP,CE,Towers with Radar,0,11,12,0,23,0,34,24,3,61,0,45,36,3,84,232,0,232,316
01/17/2023,FFZ,AZ,AWP,CE,Towers with Radar,0,4,11,0,15,0,298,132,3,433,0,302,143,3,448,756,0,756,1204
01/18/2023,FFZ,AZ,AWP,CE,Towers with Radar,0,14,15,0,29,0,331,231,1,563,0,345,246,1,592,727,0,727,1319
01/19/2023,FFZ,AZ,AWP,CE,Towers with Radar,0,4,19,0,23,0,349,246,10,605,0,353,265,10,628,705,0,705,1333
01/20/2023,FFZ,AZ,AWP,CE,Towers with Radar,0,7,23,0,30,0,298,221,7,526,0,305,244,7,556,764,0,764,1320
01/21/2023,FFZ,AZ,AWP,CE,Towers with Radar,0,8,13,0,21,0,261,280,0,541,0,269,293,0,562,439,0,439,1001
01/22/2023,FFZ,AZ,AWP,CE,Towers with Radar,0,4,14,0,18,0,204,161,1,366,0,208,175,1,384,441,0,441,825
01/23/2023,FFZ,AZ,AWP,CE,Towers with Radar,0,6,11,0,17,0,260,115,3,378,0,266,126,3,395,680,0,680,1075
01/24/2023,FFZ,AZ,AWP,CE,Towers with Radar,0,8,12,0,20,0,272,205,1,478,0,280,217,1,498,633,0,633,1131
01/25/2023,FFZ,AZ,AWP,CE,Towers with Radar,0,11,16,0,27,0,288,191,1,480,0,299,207,1,507,728,0,728,1235
01/26/2023,FFZ,AZ,AWP,CE,Towers with Radar,0,15,11,0,26,0,241,142,8,391,0,256,153,8,417,435,0,435,852
01/27/2023,FFZ,AZ,AWP,CE,Towers with Radar,0,7,15,1,23,0,331,244,9,584,0,338,259,10,607,656,0,656,1263
01/28/2023,FFZ,AZ,AWP,CE,Towers with Radar,0,14,14,0,28,0,262,244,1,507,0,276,258,1,535,573,0,573,1108
01/29/2023,FFZ,AZ,AWP,CE,Towers with Radar,0,11,18,0,29,0,233,178,0,411,0,244,196,0,440,347,0,347,787
01/30/2023,FFZ,AZ,AWP,CE,Towers with Radar,0,3,10,0,13,0,223,132,5,360,0,226,142,5,373,601,0,601,974
01/31/2023,FFZ,AZ,AWP,CE,Towers with Radar,0,2,12,0,14,0,228,141,9,378,0,230,153,9,392,639,0,639,1031
02/01/2023,FFZ,AZ,AWP,CE,Towers with Radar,0,13,5,0,18,0,321,199,1,521,0,334,204,1,539,806,0,806,1345
02/02/2023,FFZ,AZ,AWP,CE,Towers with Radar,0,7,14,0,21,0,321,212,4,537,0,328,226,4,558,946,0,946,1504
02/03/2023,FFZ,AZ,AWP,CE,Towers with Radar,0,10,14,0,24,0,236,226,3,465,0,246,240,3,489,648,0,648,1137
02/04/2023,FFZ,AZ,AWP,CE,Towers with Radar,0,16,6,0,22,0,236,317,1,554,0,252,323,1,576,571,0,571,1147
02/05/2023,FFZ,AZ,AWP,CE,Towers with Radar,0,9,13,1,23,0,208,164,1,373,0,217,177,2,396,697,0,697,1093
02/06/2023,FFZ,AZ,AWP,CE,Towers with Radar,0,12,7,1,20,0,275,153,2,430,0,287,160,3,450,764,0,764,1214
02/07/2023,FFZ,AZ,AWP,CE,Towers with Radar,0,4,9,0,13,0,264,225,2,491,0,268,234,2,504,748,0,748,1252
02/08/2023,FFZ,AZ,AWP,CE,Towers with Radar,0,4,22,0,26,0,306,242,0,548,0,310,264,0,574,704,0,704,1278
02/09/2023,FFZ,AZ,AWP,CE,Towers with Radar,0,14,16,0,30,0,212,133,3,348,0,226,149,3,378,566,0,566,944
02/10/2023,FFZ,AZ,AWP,CE,Towers with Radar,0,8,24,0,32,0,137,109,6,252,0,145,133,6,284,284,0,284,568
02/11/2023,FFZ,AZ,AWP,CE,Towers with Radar,0,10,14,0,24,0,141,148,0,289,0,151,162,0,313,438,0,438,751
02/12/2023,FFZ,AZ,AWP,CE,Towers with Radar,1,5,19,0,25,0,97,68,0,165,1,102,87,0,190,296,0,296,486
02/13/2023,FFZ,AZ,AWP,CE,Towers with Radar,0,11,39,1,51,0,58,66,0,124,0,69,105,1,175,498,0,498,673
02/14/2023,FFZ,AZ,AWP,CE,Towers with Radar,0,1,13,0,14,0,51,55,3,109,0,52,68,3,123,315,0,315,438
02/15/2023,FFZ,AZ,AWP,CE,Towers with Radar,0,11,9,0,20,0,285,212,7,504,0,296,221,7,524,173,0,173,697
02/16/2023,FFZ,AZ,AWP,CE,Towers with Radar,0,10,13,0,23,0,327,261,5,593,0,337,274,5,616,148,0,148,764
02/17/2023,FFZ,AZ,AWP,CE,Towers with Radar,0,8,19,1,28,0,161,178,8,347,0,169,197,9,375,132,0,132,507
02/18/2023,FFZ,AZ,AWP,CE,Towers with Radar,3,12,11,1,27,0,287,250,7,544,3,299,261,8,571,52,0,52,623
02/19/2023,FFZ,AZ,AWP,CE,Towers with Radar,0,6,10,0,16,0,211,192,0,403,0,217,202,0,419,28,0,28,447
02/20/2023,FFZ,AZ,AWP,CE,Towers with Radar,0,8,10,0,18,0,245,190,4,439,0,253,200,4,457,31,0,31,488
02/21/2023,FFZ,AZ,AWP,CE,Towers with Radar,0,13,13,0,26,0,110,107,3,220,0,123,120,3,246,79,0,79,325
02/22/2023,FFZ,AZ,AWP,CE,Towers with Radar,0,3,8,0,11,0,5,8,0,13,0,8,16,0,24,8,0,8,32
02/23/2023,FFZ,AZ,AWP,CE,Towers with Radar,0,3,9,0,12,0,303,173,6,482,0,306,182,6,494,109,0,109,603
02/24/2023,FFZ,AZ,AWP,CE,Towers with Radar,0,3,8,0,11,0,317,242,3,562,0,320,250,3,573,61,0,61,634
02/25/2023,FFZ,AZ,AWP,CE,Towers with Radar,0,10,6,0,16,0,251,164,2,417,0,261,170,2,433,8,0,8,441
02/26/2023,FFZ,AZ,AWP,CE,Towers with Radar,0,3,3,0,6,0,82,57,0,139,0,85,60,0,145,12,0,12,157
02/27/2023,FFZ,AZ,AWP,CE,Towers with Radar,0,6,13,0,19,0,275,203,0,478,0,281,216,0,497,79,0,79,576
02/28/2023,FFZ,AZ,AWP,CE,Towers with Radar,0,15,8,0,23,0,309,203,2,514,0,324,211,2,537,66,0,66,603
03/01/2023,FFZ,AZ,AWP,CE,Towers with Radar,0,3,4,0,7,0,144,90,3,237,0,147,94,3,244,98,0,98,342
03/02/2023,FFZ,AZ,AWP,CE,Towers with Radar,0,3,9,0,12,0,216,138,2,356,0,219,147,2,368,68,0,68,436
03/03/2023,FFZ,AZ,AWP,CE,Towers with Radar,0,13,14,0,27,0,297,214,6,517,0,310,228,6,544,82,0,82,626
03/04/2023,FFZ,AZ,AWP,CE,Towers with Radar,0,9,12,0,21,0,245,244,3,492,0,254,256,3,513,13,0,13,526
03/05/2023,FFZ,AZ,AWP,CE,Towers with Radar,1,9,8,0,18,0,148,185,0,333,1,157,193,0,351,201,0,201,552
03/06/2023,FFZ,AZ,AWP,CE,Towers with Radar,0,14,18,0,32,0,271,207,4,482,0,285,225,4,514,579,0,579,1093
03/07/2023,FFZ,AZ,AWP,CE,Towers with Radar,0,16,12,0,28,0,271,205,6,482,0,287,217,6,510,829,0,829,1339
03/08/2023,FFZ,AZ,AWP,CE,Towers with Radar,0,12,8,0,20,0,308,213,9,530,0,320,221,9,550,729,0,729,1279
03/09/2023,FFZ,AZ,AWP,CE,Towers with Radar,0,16,11,1,28,0,321,215,9,545,0,337,226,10,573,556,0,556,1129
03/10/2023,FFZ,AZ,AWP,CE,Towers with Radar,0,14,16,0,30,0,290,226,8,524,0,304,242,8,554,543,0,543,1097
03/11/2023,FFZ,AZ,AWP,CE,Towers with Radar,0,8,9,0,17,0,204,180,1,385,0,212,189,1,402,486,0,486,888
03/12/2023,FFZ,AZ,AWP,CE,Towers with Radar,0,16,13,0,29,0,170,165,1,336,0,186,178,1,365,450,0,450,815
03/13/2023,FFZ,AZ,AWP,CE,Towers with Radar,0,18,14,0,32,0,269,208,5,482,0,287,222,5,514,332,0,332,846
03/14/2023,FFZ,AZ,AWP,CE,Towers with Radar,0,11,11,0,22,0,284,202,1,487,0,295,213,1,509,582,0,582,1091
03/15/2023,FFZ,AZ,AWP,CE,Towers with Radar,0,9,14,0,23,0,52,35,4,91,0,61,49,4,114,355,0,355,469
03/16/2023,FFZ,AZ,AWP,CE,Towers with Radar,0,18,18,0,36,0,226,181,6,413,0,244,199,6,449,729,0,729,1178
03/17/2023,FFZ,AZ,AWP,CE,Towers with Radar,0,6,9,0,15,0,204,186,3,393,0,210,195,3,408,407,0,407,815
03/18/2023,FFZ,AZ,AWP,CE,Towers with Radar,0,12,12,0,24,0,204,302,4,510,0,216,314,4,534,411,0,411,945
03/19/2023,FFZ,AZ,AWP,CE,Towers with Radar,0,7,5,0,12,0,159,126,0,285,0,166,131,0,297,414,0,414,711
03/20/2023,FFZ,AZ,AWP,CE,Towers with Radar,1,16,17,0,34,0,286,177,2,465,1,302,194,2,499,84,0,84,583
03/21/2023,FFZ,AZ,AWP,CE,Towers with Radar,0,5,13,1,19,0,155,83,4,242,0,160,96,5,261,370,0,370,631
03/22/2023,FFZ,AZ,AWP,CE,Towers with Radar,0,13,8,1,22,0,145,96,1,242,0,158,104,2,264,509,0,509,773
03/23/2023,FFZ,AZ,AWP,CE,Towers with Radar,0,7,13,2,22,0,334,252,2,588,0,341,265,4,610,185,0,185,795
03/24/2023,FFZ,AZ,AWP,CE,Towers with Radar,0,13,17,2,32,0,275,202,4,481,0,288,219,6,513,558,0,558,1071
03/25/2023,FFZ,AZ,AWP,CE,Towers with Radar,0,13,17,0,30,0,276,269,9,554,0,289,286,9,584,463,0,463,1047
03/26/2023,FFZ,AZ,AWP,CE,Towers with Radar,0,6,19,0,25,0,167,175,0,342,0,173,194,0,367,427,0,427,794
03/27/2023,FFZ,AZ,AWP,CE,Towers with Radar,0,10,13,1,24,0,275,182,5,462,0,285,195,6,486,686,0,686,1172
03/28/2023,FFZ,AZ,AWP,CE,Towers with Radar,0,11,11,1,23,0,312,241,6,559,0,323,252,7,582,582,0,582,1164
03/29/2023,FFZ,AZ,AWP,CE,Towers with Radar,0,16,15,2,33,0,344,215,3,562,0,360,230,5,595,687,0,687,1282
03/30/2023,FFZ,AZ,AWP,CE,Towers with Radar,0,9,12,0,21,0,188,107,7,302,0,197,119,7,323,343,0,343,666
03/31/2023,FFZ,AZ,AWP,CE,Towers with Radar,0,20,15,0,35,0,303,246,5,554,0,323,261,5,589,616,0,616,1205
04/01/2023,FFZ,AZ,AWP,CE,Towers with Radar,0,8,12,0,20,0,230,247,1,478,0,238,259,1,498,554,0,554,1052
04/02/2023,FFZ,AZ,AWP,CE,Towers with Radar,0,11,16,0,27,0,235,161,0,396,0,246,177,0,423,414,0,414,837
04/03/2023,FFZ,AZ,AWP,CE,Towers with Radar,0,3,7,0,10,0,182,76,3,261,0,185,83,3,271,515,0,515,786
04/04/2023,FFZ,AZ,AWP,CE,Towers with Radar,0,6,5,0,11,0,170,98,16,284,0,176,103,16,295,494,0,494,789
04/05/2023,FFZ,AZ,AWP,CE,Towers with Radar,0,9,13,0,22,0,372,220,3,595,0,381,233,3,617,584,0,584,1201
04/06/2023,FFZ,AZ,AWP,CE,Towers with Radar,0,12,17,1,30,0,265,234,6,505,0,277,251,7,535,860,0,860,1395
04/07/2023,FFZ,AZ,AWP,CE,Towers with Radar,0,14,9,2,25,0,289,256,6,551,0,303,265,8,576,672,0,672,1248
04/08/2023,FFZ,AZ,AWP,CE,Towers with Radar,0,9,7,0,16,0,190,241,0,431,0,199,248,0,447,533,0,533,980
04/09/2023,FFZ,AZ,AWP,CE,Towers with Radar,0,7,3,0,10,0,177,106,0,283,0,184,109,0,293,413,0,413,706
04/10/2023,FFZ,AZ,AWP,CE,Towers with Radar,0,13,11,0,24,0,237,204,12,453,0,250,215,12,477,505,0,505,982
04/11/2023,FFZ,AZ,AWP,CE,Towers with Radar,0,11,13,0,24,0,227,192,14,433,0,238,205,14,457,753,0,753,1210
04/12/2023,FFZ,AZ,AWP,CE,Towers with Radar,0,12,20,4,36,0,283,230,5,518,0,295,250,9,554,510,0,510,1064
04/13/2023,FFZ,AZ,AWP,CE,Towers with Radar,0,6,4,1,11,0,239,151,10,400,0,245,155,11,411,516,0,516,927
04/14/2023,FFZ,AZ,AWP,CE,Towers with Radar,0,13,11,0,24,0,302,237,3,542,0,315,248,3,566,207,0,207,773
04/15/2023,FFZ,AZ,AWP,CE,Towers with Radar,0,8,4,0,12,0,244,223,1,468,0,252,227,1,480,203,0,203,683
04/16/2023,FFZ,AZ,AWP,CE,Towers with Radar,0,9,9,1,19,0,186,161,0,347,0,195,170,1,366,200,0,200,566
04/17/2023,FFZ,AZ,AWP,CE,Towers with Radar,0,11,7,0,18,0,235,190,5,430,0,246,197,5,448,636,0,636,1084
04/18/2023,FFZ,AZ,AWP,CE,Towers with Radar,0,12,8,0,20,0,296,223,3,522,0,308,231,3,542,716,0,716,1258
04/19/2023,FFZ,AZ,AWP,CE,Towers with Radar,0,11,10,0,21,0,256,186,5,447,0,267,196,5,468,599,0,599,1067
04/20/2023,FFZ,AZ,AWP,CE,Towers with Radar,0,11,15,0,26,0,284,223,3,510,0,295,238,3,536,757,0,757,1293
04/21/2023,FFZ,AZ,AWP,CE,Towers with Radar,0,15,18,0,33,0,308,233,2,543,0,323,251,2,576,615,0,615,1191
04/22/2023,FFZ,AZ,AWP,CE,Towers with Radar,0,5,11,0,16,0,215,295,0,510,0,220,306,0,526,375,0,375,901
04/23/2023,FFZ,AZ,AWP,CE,Towers with Radar,0,8,13,0,21,0,181,163,0,344,0,189,176,0,365,470,0,470,835
04/24/2023,FFZ,AZ,AWP,CE,Towers with Radar,0,11,20,0,31,0,271,170,5,446,0,282,190,5,477,734,0,734,1211
04/25/2023,FFZ,AZ,AWP,CE,Towers with Radar,0,12,12,1,25,0,289,170,3,462,0,301,182,4,487,672,0,672,1159
04/26/2023,FFZ,AZ,AWP,CE,Towers with Radar,0,9,11,2,22,0,310,178,0,488,0,319,189,2,510,843,0,843,1353
04/27/2023,FFZ,AZ,AWP,CE,Towers with Radar,0,8,14,3,25,0,252,212,5,469,0,260,226,8,494,716,0,716,1210
04/28/2023,FFZ,AZ,AWP,CE,Towers with Radar,1,8,15,0,24,0,263,202,2,467,1,271,217,2,491,430,0,430,921
04/29/2023,FFZ,AZ,AWP,CE,Towers with Radar,0,10,7,0,17,0,199,214,0,413,0,209,221,0,430,209,0,209,639
04/30/2023,FFZ,AZ,AWP,CE,Towers with Radar,0,5,9,0,14,0,243,144,0,387,0,248,153,0,401,157,0,157,558
05/01/2023,FFZ,AZ,AWP,CE,Towers with Radar,1,7,3,0,11,0,184,105,0,289,1,191,108,0,300,590,0,590,890
05/02/2023,FFZ,AZ,AWP,CE,Towers with Radar,0,8,11,0,19,0,260,192,10,462,0,268,203,10,481,801,0,801,1282
05/03/2023,FFZ,AZ,AWP,CE,Towers with Radar,0,10,9,3,22,0,271,146,6,423,0,281,155,9,445,696,0,696,1141
05/04/2023,FFZ,AZ,AWP,CE,Towers with Radar,0,7,12,0,19,0,259,180,7,446,0,266,192,7,465,656,0,656,1121
05/05/2023,FFZ,AZ,AWP,CE,Towers with Radar,0,5,16,2,23,0,234,233,4,471,0,239,249,6,494,865,0,865,1359
05/06/2023,FFZ,AZ,AWP,CE,Towers with Radar,0,6,9,1,16,0,164,210,0,374,0,170,219,1,390,503,0,503,893
05/07/2023,FFZ,AZ,AWP,CE,Towers with Radar,0,8,11,2,21,0,145,114,4,263,0,153,125,6,284,421,0,421,705
05/08/2023,FFZ,AZ,AWP,CE,Towers with Radar,0,5,6,0,11,0,219,130,1,350,0,224,136,1,361,679,0,679,1040
05/09/2023,FFZ,AZ,AWP,CE,Towers with Radar,0,9,6,1,16,0,187,171,3,361,0,196,177,4,377,794,0,794,1171
05/10/2023,FFZ,AZ,AWP,CE,Towers with Radar,0,3,11,0,14,0,172,137,7,316,0,175,148,7,330,680,0,680,1010
05/11/2023,FFZ,AZ,AWP,CE,Towers with Radar,0,6,10,1,17,0,230,171,6,407,0,236,181,7,424,728,0,728,1152
05/12/2023,FFZ,AZ,AWP,CE,Towers with Radar,0,8,10,1,19,0,190,133,0,323,0,198,143,1,342,719,0,719,1061
05/13/2023,FFZ,AZ,AWP,CE,Towers with Radar,0,7,12,0,19,0,95,137,6,238,0,102,149,6,257,497,0,497,754
05/14/2023,FFZ,AZ,AWP,CE,Towers with Radar,0,3,5,0,8,0,92,51,0,143,0,95,56,0,151,334,0,334,485
05/15/2023,FFZ,AZ,AWP,CE,Towers with Radar,0,10,6,0,16,0,154,98,5,257,0,164,104,5,273,645,0,645,918
05/16/2023,FFZ,AZ,AWP,CE,Towers with Radar,0,2,4,0,6,0,215,123,7,345,0,217,127,7,351,814,0,814,1165
05/17/2023,FFZ,AZ,AWP,CE,Towers with Radar,0,5,9,0,14,0,258,136,2,396,0,263,145,2,410,721,0,721,1131
05/18/2023,FFZ,AZ,AWP,CE,Towers with Radar,0,4,9,1,14,0,243,138,2,383,0,247,147,3,397,737,0,737,1134
05/19/2023,FFZ,AZ,AWP,CE,Towers with Radar,0,10,8,0,18,0,193,156,7,356,0,203,164,7,374,629,0,629,1003
05/20/2023,FFZ,AZ,AWP,CE,Towers with Radar,0,8,2,0,10,0,165,140,2,307,0,173,142,2,317,499,0,499,816
05/21/2023,FFZ,AZ,AWP,CE,Towers with Radar,0,8,5,0,13,0,178,123,1,302,0,186,128,1,315,538,0,538,853
05/22/2023,FFZ,AZ,AWP,CE,Towers with Radar,0,12,7,0,19,0,229,112,0,341,0,241,119,0,360,534,0,534,894
05/23/2023,FFZ,AZ,AWP,CE,Towers with Radar,0,12,11,2,25,0,233,122,0,355,0,245,133,2,380,635,0,635,1015
05/24/2023,FFZ,AZ,AWP,CE,Towers with Radar,0,11,13,0,24,0,265,144,8,417,0,276,157,8,441,531,0,531,972
05/25/2023,FFZ,AZ,AWP,CE,Towers with Radar,0,6,10,0,16,0,245,121,6,372,0,251,131,6,388,632,0,632,1020
05/26/2023,FFZ,AZ,AWP,CE,Towers with Radar,0,9,8,0,17,0,202,160,8,370,0,211,168,8,387,558,0,558,945
05/27/2023,FFZ,AZ,AWP,CE,Towers with Radar,0,7,5,0,12,0,196,135,1,332,0,203,140,1,344,462,0,462,806
05/28/2023,FFZ,AZ,AWP,CE,Towers with Radar,0,7,6,0,13,0,157,80,0,237,0,164,86,0,250,351,0,351,601
05/29/2023,FFZ,AZ,AWP,CE,Towers with Radar,0,10,11,0,21,0,205,138,1,344,0,215,149,1,365,394,0,394,759
05/30/2023,FFZ,AZ,AWP,CE,Towers with Radar,0,10,9,0,19,0,244,125,7,376,0,254,134,7,395,466,0,466,861
05/31/2023,FFZ,AZ,AWP,CE,Towers with Radar,0,11,9,2,22,0,199,120,10,329,0,210,129,12,351,472,0,472,823
06/01/2023,FFZ,AZ,AWP,CE,Towers with Radar,0,3,7,1,11,0,177,119,4,300,0,180,126,5,311,497,0,497,808
06/02/2023,FFZ,AZ,AWP,CE,Towers with Radar,2,12,7,0,21,0,188,120,19,327,2,200,127,19,348,525,0,525,873
06/03/2023,FFZ,AZ,AWP,CE,Towers with Radar,0,8,3,1,12,0,166,196,0,362,0,174,199,1,374,256,0,256,630
06/04/2023,FFZ,AZ,AWP,CE,Towers with Radar,0,9,6,1,16,0,179,88,0,267,0,188,94,1,283,401,0,401,684
06/05/2023,FFZ,AZ,AWP,CE,Towers with Radar,0,12,6,0,18,0,222,128,6,356,0,234,134,6,374,534,0,534,908
06/06/2023,FFZ,AZ,AWP,CE,Towers with Radar,0,5,9,0,14,0,223,128,5,356,0,228,137,5,370,534,0,534,904
06/07/2023,FFZ,AZ,AWP,CE,Towers with Radar,0,11,13,1,25,0,260,142,6,408,0,271,155,7,433,721,0,721,1154
06/08/2023,FFZ,AZ,AWP,CE,Towers with Radar,0,10,10,0,20,0,264,141,0,405,0,274,151,0,425,558,0,558,983
06/09/2023,FFZ,AZ,AWP,CE,Towers with Radar,0,6,7,0,13,0,202,152,3,357,0,208,159,3,370,542,0,542,912
06/10/2023,FFZ,AZ,AWP,CE,Towers with Radar,0,8,3,0,11,0,169,121,5,295,0,177,124,5,306,366,0,366,672
06/11/2023,FFZ,AZ,AWP,CE,Towers with Radar,0,4,5,0,9,0,123,73,1,197,0,127,78,1,206,302,0,302,508
06/12/2023,FFZ,AZ,AWP,CE,Towers with Radar,0,7,11,1,19,0,208,125,3,336,0,215,136,4,355,498,0,498,853
06/13/2023,FFZ,AZ,AWP,CE,Towers with Radar,0,11,6,1,18,0,245,135,0,380,0,256,141,1,398,603,0,603,1001
06/14/2023,FFZ,AZ,AWP,CE,Towers with Radar,0,16,7,0,23,0,237,146,6,389,0,253,153,6,412,634,0,634,1046
06/15/2023,FFZ,AZ,AWP,CE,Towers with Radar,1,18,5,0,24,0,240,156,7,403,1,258,161,7,427,665,0,665,1092
06/16/2023,FFZ,AZ,AWP,CE,Towers with Radar,0,13,9,0,22,0,199,147,7,353,0,212,156,7,375,485,0,485,860
06/17/2023,FFZ,AZ,AWP,CE,Towers with Radar,0,13,7,0,20,0,158,131,2,291,0,171,138,2,311,435,0,435,746
06/18/2023,FFZ,AZ,AWP,CE,Towers with Radar,0,10,6,0,16,0,164,73,0,237,0,174,79,0,253,526,0,526,779
06/19/2023,FFZ,AZ,AWP,CE,Towers with Radar,0,11,9,0,20,0,178,103,4,285,0,189,112,4,305,450,0,450,755
06/20/2023,FFZ,AZ,AWP,CE,Towers with Radar,0,13,7,1,21,0,284,141,4,429,0,297,148,5,450,696,0,696,1146
06/21/2023,FFZ,AZ,AWP,CE,Towers with Radar,0,8,14,1,23,0,261,143,7,411,0,269,157,8,434,619,0,619,1053
06/22/2023,FFZ,AZ,AWP,CE,Towers with Radar,0,6,8,0,14,0,236,155,8,399,0,242,163,8,413,638,0,638,1051
06/23/2023,FFZ,AZ,AWP,CE,Towers with Radar,0,39,14,0,53,0,225,147,6,378,0,264,161,6,431,621,0,621,1052
06/24/2023,FFZ,AZ,AWP,CE,Towers with Radar,0,6,10,0,16,0,194,165,0,359,0,200,175,0,375,492,0,492,867
06/25/2023,FFZ,AZ,AWP,CE,Towers with Radar,0,6,4,1,11,0,183,70,5,258,0,189,74,6,269,337,0,337,606
06/26/2023,FFZ,AZ,AWP,CE,Towers with Radar,1,5,5,0,11,0,261,126,11,398,1,266,131,11,409,453,0,453,862
06/27/2023,FFZ,AZ,AWP,CE,Towers with Radar,0,7,4,0,11,0,268,137,9,414,0,275,141,9,425,757,0,757,1182
06/28/2023,FFZ,AZ,AWP,CE,Towers with Radar,0,9,3,1,13,0,221,126,3,350,0,230,129,4,363,527,0,527,890
06/29/2023,FFZ,AZ,AWP,CE,Towers with Radar,0,6,5,1,12,0,250,138,9,397,0,256,143,10,409,599,0,599,1008
06/30/2023,FFZ,AZ,AWP,CE,Towers with Radar,0,9,7,0,16,0,193,127,4,324,0,202,134,4,340,646,0,646,986
07/01/2023,FFZ,AZ,AWP,CE,Towers with Radar,0,9,6,0,15,0,137,108,1,246,0,146,114,1,261,472,0,472,733
07/02/2023,FFZ,AZ,AWP,CE,Towers with Radar,0,7,4,0,11,0,120,63,1,184,0,127,67,1,195,222,0,222,417
07/03/2023,FFZ,AZ,AWP,CE,Towers with Radar,0,6,6,0,12,0,149,119,3,271,0,155,125,3,283,551,0,551,834
07/04/2023,FFZ,AZ,AWP,CE,Towers with Radar,0,4,1,0,5,0,138,90,0,228,0,142,91,0,233,442,0,442,675
07/05/2023,FFZ,AZ,AWP,CE,Towers with Radar,0,10,8,2,20,0,230,130,3,363,0,240,138,5,383,580,0,580,963
07/06/2023,FFZ,AZ,AWP,CE,Towers with Radar,1,2,6,0,9,0,224,122,6,352,1,226,128,6,361,582,0,582,943
07/07/2023,FFZ,AZ,AWP,CE,Towers with Radar,0,5,7,2,14,0,251,122,2,375,0,256,129,4,389,649,0,649,1038
07/08/2023,FFZ,AZ,AWP,CE,Towers with Radar,0,5,5,0,10,0,189,119,0,308,0,194,124,0,318,418,0,418,736
07/09/2023,FFZ,AZ,AWP,CE,Towers with Radar,0,4,5,1,10,0,153,77,2,232,0,157,82,3,242,435,0,435,677
07/10/2023,FFZ,AZ,AWP,CE,Towers with Radar,0,7,12,0,19,0,219,89,6,314,0,226,101,6,333,514,0,514,847
07/11/2023,FFZ,AZ,AWP,CE,Towers with Radar,0,7,10,0,17,0,249,127,2,378,0,256,137,2,395,728,0,728,1123
07/12/2023,FFZ,AZ,AWP,CE,Towers with Radar,0,10,7,2,19,0,267,95,1,363,0,277,102,3,382,684,0,684,1066
07/13/2023,FFZ,AZ,AWP,CE,Towers with Radar,0,6,7,0,13,0,267,91,2,360,0,273,98,2,373,734,0,734,1107
07/14/2023,FFZ,AZ,AWP,CE,Towers with Radar,0,11,6,2,19,0,250,90,3,343,0,261,96,5,362,627,0,627,989
07/15/2023,FFZ,AZ,AWP,CE,Towers with Radar,0,6,8,0,14,0,179,108,0,287,0,185,116,0,301,462,0,462,763
07/16/2023,FFZ,AZ,AWP,CE,Towers with Radar,1,4,11,0,16,0,157,80,0,237,1,161,91,0,253,350,0,350,603
07/17/2023,FFZ,AZ,AWP,CE,Towers with Radar,0,5,9,1,15,0,246,124,3,373,0,251,133,4,388,524,0,524,912
07/18/2023,FFZ,AZ,AWP,CE,Towers with Radar,0,6,4,0,10,0,264,117,5,386,0,270,121,5,396,557,0,557,953
07/19/2023,FFZ,AZ,AWP,CE,Towers with Radar,0,6,3,0,9,0,193,114,4,311,0,199,117,4,320,506,0,506,826
07/20/2023,FFZ,AZ,AWP,CE,Towers with Radar,0,5,4,1,10,0,219,121,1,341,0,224,125,2,351,597,0,597,948
07/21/2023,FFZ,AZ,AWP,CE,Towers with Radar,0,6,2,2,10,0,196,99,0,295,0,202,101,2,305,569,0,569,874
07/22/2023,FFZ,AZ,AWP,CE,Towers with Radar,0,3,4,0,7,0,153,109,2,264,0,156,113,2,271,486,0,486,757
07/23/2023,FFZ,AZ,AWP,CE,Towers with Radar,0,3,4,0,7,0,120,63,1,184,0,123,67,1,191,466,0,466,657
07/24/2023,FFZ,AZ,AWP,CE,Towers with Radar,0,5,4,0,9,0,179,116,5,300,0,184,120,5,309,557,0,557,866
07/25/2023,FFZ,AZ,AWP,CE,Towers with Radar,0,15,3,0,18,0,188,116,5,309,0,203,119,5,327,481,0,481,808
07/26/2023,FFZ,AZ,AWP,CE,Towers with Radar,0,9,8,0,17,0,247,127,4,378,0,256,135,4,395,429,0,429,824
07/27/2023,FFZ,AZ,AWP,CE,Towers with Radar,0,9,7,0,16,0,219,123,3,345,0,228,130,3,361,495,0,495,856
07/28/2023,FFZ,AZ,AWP,CE,Towers with Radar,0,7,11,0,18,0,183,136,3,322,0,190,147,3,340,490,0,490,830
07/29/2023,FFZ,AZ,AWP,CE,Towers with Radar,0,11,5,0,16,0,165,123,0,288,0,176,128,0,304,537,0,537,841
07/30/2023,FFZ,AZ,AWP,CE,Towers with Radar,0,7,5,0,12,0,141,92,0,233,0,148,97,0,245,386,0,386,631
07/31/2023,FFZ,AZ,AWP,CE,Towers with Radar,0,3,8,0,11,0,227,160,1,388,0,230,168,1,399,799,0,799,1198
08/01/2023,FFZ,AZ,AWP,CE,Towers with Radar,0,4,7,0,11,0,269,153,11,433,0,273,160,11,444,620,4,624,1068
08/02/2023,FFZ,AZ,AWP,CE,Towers with Radar,0,10,12,0,22,0,251,174,3,428,0,261,186,3,450,491,0,491,941
08/03/2023,FFZ,AZ,AWP,CE,Towers with Radar,0,13,5,0,18,0,247,117,3,367,0,260,122,3,385,674,0,674,1059
08/04/2023,FFZ,AZ,AWP,CE,Towers with Radar,0,7,5,0,12,0,196,135,5,336,0,203,140,5,348,549,0,549,897
08/05/2023,FFZ,AZ,AWP,CE,Towers with Radar,0,4,8,0,12,0,189,142,2,333,0,193,150,2,345,539,0,539,884
08/06/2023,FFZ,AZ,AWP,CE,Towers with Radar,0,7,3,0,10,0,149,107,1,257,0,156,110,1,267,387,0,387,654
08/07/2023,FFZ,AZ,AWP,CE,Towers with Radar,0,12,9,0,21,0,201,138,6,345,0,213,147,6,366,789,0,789,1155
08/08/2023,FFZ,AZ,AWP,CE,Towers with Radar,0,7,8,2,17,0,185,86,3,274,0,192,94,5,291,536,0,536,827
08/09/2023,FFZ,AZ,AWP,CE,Towers with Radar,0,13,11,0,24,0,169,142,6,317,0,182,153,6,341,573,0,573,914
08/10/2023,FFZ,AZ,AWP,CE,Towers with Radar,0,9,9,0,18,0,183,148,5,336,0,192,157,5,354,669,0,669,1023
08/11/2023,FFZ,AZ,AWP,CE,Towers with Radar,0,5,8,0,13,0,186,152,9,347,0,191,160,9,360,542,0,542,902
08/12/2023,FFZ,AZ,AWP,CE,Towers with Radar,0,9,6,1,16,0,154,171,2,327,0,163,177,3,343,502,0,502,845
08/13/2023,FFZ,AZ,AWP,CE,Towers with Radar,0,8,12,0,20,0,145,88,2,235,0,153,100,2,255,564,0,564,819
08/14/2023,FFZ,AZ,AWP,CE,Towers with Radar,0,10,9,0,19,0,189,132,3,324,0,199,141,3,343,771,0,771,1114
08/15/2023,FFZ,AZ,AWP,CE,Towers with Radar,0,5,5,0,10,0,233,127,4,364,0,238,132,4,374,542,0,542,916
08/16/2023,FFZ,AZ,AWP,CE,Towers with Radar,0,5,7,0,12,0,205,131,7,343,0,210,138,7,355,570,0,570,925
08/17/2023,FFZ,AZ,AWP,CE,Towers with Radar,0,8,11,0,19,0,199,123,3,325,0,207,134,3,344,677,0,677,1021
08/18/2023,FFZ,AZ,AWP,CE,Towers with Radar,0,6,8,0,14,0,198,116,5,319,0,204,124,5,333,760,0,760,1093
08/19/2023,FFZ,AZ,AWP,CE,Towers with Radar,0,1,2,0,3,0,150,114,1,265,0,151,116,1,268,410,0,410,678
08/20/2023,FFZ,AZ,AWP,CE,Towers with Radar,0,4,2,0,6,0,124,58,0,182,0,128,60,0,188,474,0,474,662
08/21/2023,FFZ,AZ,AWP,CE,Towers with Radar,0,5,9,0,14,0,163,82,6,251,0,168,91,6,265,733,0,733,998
08/22/2023,FFZ,AZ,AWP,CE,Towers with Radar,0,10,9,1,20,0,235,144,1,380,0,245,153,2,400,746,0,746,1146
08/23/2023,FFZ,AZ,AWP,CE,Towers with Radar,0,10,6,1,17,0,160,110,1,271,0,170,116,2,288,482,0,482,770
08/24/2023,FFZ,AZ,AWP,CE,Towers with Radar,0,14,10,0,24,0,247,132,0,379,0,261,142,0,403,693,0,693,1096
08/25/2023,FFZ,AZ,AWP,CE,Towers with Radar,0,15,9,0,24,0,184,142,1,327,0,199,151,1,351,603,0,603,954
08/26/2023,FFZ,AZ,AWP,CE,Towers with Radar,0,12,6,1,19,0,172,128,0,300,0,184,134,1,319,474,0,474,793
08/27/2023,FFZ,AZ,AWP,CE,Towers with Radar,0,6,3,0,9,0,132,83,1,216,0,138,86,1,225,487,0,487,712
08/28/2023,FFZ,AZ,AWP,CE,Towers with Radar,0,10,5,0,15,0,223,143,0,366,0,233,148,0,381,618,0,618,999
08/29/2023,FFZ,AZ,AWP,CE,Towers with Radar,0,9,10,0,19,0,223,159,6,388,0,232,169,6,407,478,0,478,885
08/30/2023,FFZ,AZ,AWP,CE,Towers with Radar,0,10,5,0,15,0,225,157,3,385,0,235,162,3,400,676,0,676,1076
08/31/2023,FFZ,AZ,AWP,CE,Towers with Radar,0,8,7,0,15,0,212,157,4,373,0,220,164,4,388,730,0,730,1118
