01/01/2020,FLG,AZ,AWP,WE,Federal Contract Tower,7,8,3,0,18,0,23,34,0,57,7,31,37,0,75,28,0,28,103
01/02/2020,FLG,AZ,AWP,WE,Federal Contract Tower,8,11,3,0,22,0,28,41,0,69,8,39,44,0,91,28,0,28,119
01/03/2020,FLG,AZ,AWP,WE,Federal Contract Tower,8,6,2,2,18,0,25,56,0,81,8,31,58,2,99,38,0,38,137
01/04/2020,FLG,AZ,AWP,WE,Federal Contract Tower,5,5,10,0,20,0,11,51,10,72,5,16,61,10,92,44,0,44,136
01/05/2020,FLG,AZ,AWP,WE,Federal Contract Tower,9,6,5,0,20,0,14,71,5,90,9,20,76,5,110,40,0,40,150
01/06/2020,FLG,AZ,AWP,WE,Federal Contract Tower,6,5,7,0,18,0,19,35,10,64,6,24,42,10,82,8,0,8,90
01/07/2020,FLG,AZ,AWP,WE,Federal Contract Tower,8,7,5,0,20,0,15,71,7,93,8,22,76,7,113,44,2,46,159
01/08/2020,FLG,AZ,AWP,WE,Federal Contract Tower,5,9,1,0,15,0,15,44,2,61,5,24,45,2,76,8,0,8,84
01/09/2020,FLG,AZ,AWP,WE,Federal Contract Tower,6,10,8,0,24,0,7,26,0,33,6,17,34,0,57,10,0,10,67
01/10/2020,FLG,AZ,AWP,WE,Federal Contract Tower,9,8,3,0,20,0,9,38,1,48,9,17,41,1,68,10,0,10,78
01/11/2020,FLG,AZ,AWP,WE,Federal Contract Tower,8,9,3,0,20,0,12,56,0,68,8,21,59,0,88,6,0,6,94
01/12/2020,FLG,AZ,AWP,WE,Federal Contract Tower,9,7,4,0,20,0,15,72,0,87,9,22,76,0,107,16,0,16,123
01/13/2020,FLG,AZ,AWP,WE,Federal Contract Tower,7,6,3,0,16,0,21,57,0,78,7,27,60,0,94,6,0,6,100
01/14/2020,FLG,AZ,AWP,WE,Federal Contract Tower,7,10,4,0,21,0,10,51,1,62,7,20,55,1,83,18,0,18,101
01/15/2020,FLG,AZ,AWP,WE,Federal Contract Tower,6,9,4,0,19,0,15,53,0,68,6,24,57,0,87,6,0,6,93
01/16/2020,FLG,AZ,AWP,WE,Federal Contract Tower,6,6,3,0,15,0,10,36,0,46,6,16,39,0,61,0,0,0,61
01/17/2020,FLG,AZ,AWP,WE,Federal Contract Tower,8,12,9,0,29,0,17,50,0,67,8,29,59,0,96,10,0,10,106
01/18/2020,FLG,AZ,AWP,WE,Federal Contract Tower,6,6,7,0,19,0,1,43,0,44,6,7,50,0,63,32,0,32,95
01/19/2020,FLG,AZ,AWP,WE,Federal Contract Tower,9,4,0,2,15,0,18,47,0,65,9,22,47,2,80,16,0,16,96
01/20/2020,FLG,AZ,AWP,WE,Federal Contract Tower,8,8,4,0,20,0,9,32,0,41,8,17,36,0,61,10,0,10,71
01/21/2020,FLG,AZ,AWP,WE,Federal Contract Tower,10,8,1,0,19,0,1,0,0,1,10,9,1,0,20,0,0,0,20
01/22/2020,FLG,AZ,AWP,WE,Federal Contract Tower,8,6,7,0,21,0,15,49,0,64,8,21,56,0,85,34,0,34,119
01/23/2020,FLG,AZ,AWP,WE,Federal Contract Tower,8,9,8,0,25,0,18,56,0,74,8,27,64,0,99,6,0,6,105
01/24/2020,FLG,AZ,AWP,WE,Federal Contract Tower,8,8,2,0,18,0,18,75,0,93,8,26,77,0,111,84,0,84,195
01/25/2020,FLG,AZ,AWP,WE,Federal Contract Tower,8,8,6,0,22,0,8,63,0,71,8,16,69,0,93,26,0,26,119
01/26/2020,FLG,AZ,AWP,WE,Federal Contract Tower,7,5,9,0,21,0,13,55,0,68,7,18,64,0,89,20,0,20,109
01/27/2020,FLG,AZ,AWP,WE,Federal Contract Tower,9,10,7,0,26,0,20,45,0,65,9,30,52,0,91,2,0,2,93
01/28/2020,FLG,AZ,AWP,WE,Federal Contract Tower,9,8,5,7,29,0,16,62,2,80,9,24,67,9,109,16,0,16,125
01/29/2020,FLG,AZ,AWP,WE,Federal Contract Tower,6,10,7,4,27,0,15,31,1,47,6,25,38,5,74,10,0,10,84
01/30/2020,FLG,AZ,AWP,WE,Federal Contract Tower,8,10,6,0,24,0,18,45,0,63,8,28,51,0,87,16,0,16,103
01/31/2020,FLG,AZ,AWP,WE,Federal Contract Tower,8,7,6,0,21,0,23,47,0,70,8,30,53,0,91,36,0,36,127
02/01/2020,FLG,AZ,AWP,CE,Federal Contract Tower,8,6,3,0,17,0,7,63,6,76,8,13,66,6,93,16,0,16,109
02/02/2020,FLG,AZ,AWP,CE,Federal Contract Tower,8,5,5,0,18,0,10,51,0,61,8,15,56,0,79,14,0,14,93
02/03/2020,FLG,AZ,AWP,CE,Federal Contract Tower,9,8,1,0,18,0,8,2,0,10,9,16,3,0,28,14,0,14,42
02/04/2020,FLG,AZ,AWP,CE,Federal Contract Tower,8,6,1,0,15,0,28,44,0,72,8,34,45,0,87,4,0,4,91
02/05/2020,FLG,AZ,AWP,CE,Federal Contract Tower,6,6,8,0,20,0,14,57,0,71,6,20,65,0,91,6,0,6,97
02/06/2020,FLG,AZ,AWP,CE,Federal Contract Tower,8,9,3,0,20,0,11,52,0,63,8,20,55,0,83,4,0,4,87
02/07/2020,FLG,AZ,AWP,CE,Federal Contract Tower,10,6,10,2,28,0,24,50,1,75,10,30,60,3,103,34,0,34,137
02/08/2020,FLG,AZ,AWP,CE,Federal Contract Tower,8,7,7,0,22,0,11,47,0,58,8,18,54,0,80,6,0,6,86
02/09/2020,FLG,AZ,AWP,CE,Federal Contract Tower,8,9,1,0,18,0,12,53,0,65,8,21,54,0,83,10,0,10,93
02/10/2020,FLG,AZ,AWP,CE,Federal Contract Tower,8,9,0,0,17,0,14,12,0,26,8,23,12,0,43,0,0,0,43
02/11/2020,FLG,AZ,AWP,CE,Federal Contract Tower,7,8,6,2,23,0,19,22,0,41,7,27,28,2,64,0,0,0,64
02/12/2020,FLG,AZ,AWP,CE,Federal Contract Tower,6,7,4,0,17,0,19,79,0,98,6,26,83,0,115,34,0,34,149
02/13/2020,FLG,AZ,AWP,CE,Federal Contract Tower,9,10,4,0,23,0,8,52,0,60,9,18,56,0,83,24,0,24,107
02/14/2020,FLG,AZ,AWP,CE,Federal Contract Tower,8,7,8,1,24,0,26,81,1,108,8,33,89,2,132,14,0,14,146
02/15/2020,FLG,AZ,AWP,CE,Federal Contract Tower,8,10,9,0,27,0,16,54,0,70,8,26,63,0,97,32,0,32,129
02/16/2020,FLG,AZ,AWP,CE,Federal Contract Tower,8,8,9,0,25,0,21,61,0,82,8,29,70,0,107,18,0,18,125
02/17/2020,FLG,AZ,AWP,CE,Federal Contract Tower,8,7,6,0,21,0,15,70,0,85,8,22,76,0,106,34,0,34,140
02/18/2020,FLG,AZ,AWP,CE,Federal Contract Tower,8,7,7,2,24,0,5,49,2,56,8,12,56,4,80,8,6,14,94
02/19/2020,FLG,AZ,AWP,CE,Federal Contract Tower,8,9,8,0,25,0,13,57,7,77,8,22,65,7,102,0,14,14,116
02/20/2020,FLG,AZ,AWP,CE,Federal Contract Tower,7,11,6,0,24,0,17,64,0,81,7,28,70,0,105,14,0,14,119
02/21/2020,FLG,AZ,AWP,CE,Federal Contract Tower,8,10,4,0,22,0,23,55,4,82,8,33,59,4,104,14,0,14,118
02/22/2020,FLG,AZ,AWP,CE,Federal Contract Tower,8,5,8,0,21,0,1,0,0,1,8,6,8,0,22,2,0,2,24
02/23/2020,FLG,AZ,AWP,CE,Federal Contract Tower,9,8,10,0,27,0,6,11,0,17,9,14,21,0,44,0,0,0,44
02/24/2020,FLG,AZ,AWP,CE,Federal Contract Tower,10,3,4,2,19,0,19,29,0,48,10,22,33,2,67,2,0,2,69
02/25/2020,FLG,AZ,AWP,CE,Federal Contract Tower,8,10,1,1,20,0,18,21,2,41,8,28,22,3,61,0,2,2,63
02/26/2020,FLG,AZ,AWP,CE,Federal Contract Tower,8,7,7,2,24,0,17,39,1,57,8,24,46,3,81,6,2,8,89
02/27/2020,FLG,AZ,AWP,CE,Federal Contract Tower,8,7,5,0,20,0,6,55,0,61,8,13,60,0,81,4,0,4,85
02/28/2020,FLG,AZ,AWP,CE,Federal Contract Tower,9,7,7,0,23,0,25,60,4,89,9,32,67,4,112,18,0,18,130
02/29/2020,FLG,AZ,AWP,CE,Federal Contract Tower,8,5,2,0,15,0,16,83,4,103,8,21,85,4,118,28,6,34,152
03/01/2020,FLG,AZ,AWP,CE,Federal Contract Tower,8,7,2,0,17,0,4,38,0,42,8,11,40,0,59,4,0,4,63
03/02/2020,FLG,AZ,AWP,CE,Federal Contract Tower,8,6,3,0,17,0,23,18,3,44,8,29,21,3,61,10,0,10,71
03/03/2020,FLG,AZ,AWP,CE,Federal Contract Tower,8,8,6,0,22,0,16,42,0,58,8,24,48,0,80,8,0,8,88
03/04/2020,FLG,AZ,AWP,CE,Federal Contract Tower,8,7,7,2,24,0,18,44,0,62,8,25,51,2,86,24,0,24,110
03/05/2020,FLG,AZ,AWP,CE,Federal Contract Tower,10,5,5,0,20,0,19,57,0,76,10,24,62,0,96,4,0,4,100
03/06/2020,FLG,AZ,AWP,CE,Federal Contract Tower,9,6,8,0,23,0,8,47,0,55,9,14,55,0,78,18,0,18,96
03/07/2020,FLG,AZ,AWP,CE,Federal Contract Tower,8,7,2,0,17,0,18,39,0,57,8,25,41,0,74,32,0,32,106
03/08/2020,FLG,AZ,AWP,CE,Federal Contract Tower,5,9,3,0,17,0,8,43,0,51,5,17,46,0,68,6,0,6,74
03/09/2020,FLG,AZ,AWP,CE,Federal Contract Tower,7,7,4,0,18,0,18,46,0,64,7,25,50,0,82,34,0,34,116
03/10/2020,FLG,AZ,AWP,CE,Federal Contract Tower,7,13,4,0,24,0,0,0,0,0,7,13,4,0,24,0,0,0,24
03/11/2020,FLG,AZ,AWP,CE,Federal Contract Tower,7,7,2,2,18,0,2,1,0,3,7,9,3,2,21,0,0,0,21
03/12/2020,FLG,AZ,AWP,CE,Federal Contract Tower,9,10,12,0,31,0,9,2,0,11,9,19,14,0,42,8,0,8,50
03/13/2020,FLG,AZ,AWP,CE,Federal Contract Tower,0,7,12,0,19,0,0,0,0,0,0,7,12,0,19,0,0,0,19
03/14/2020,FLG,AZ,AWP,CE,Federal Contract Tower,9,8,8,0,25,0,7,5,0,12,9,15,13,0,37,0,0,0,37
03/15/2020,FLG,AZ,AWP,CE,Federal Contract Tower,8,4,14,0,26,0,8,47,0,55,8,12,61,0,81,20,0,20,101
03/16/2020,FLG,AZ,AWP,CE,Federal Contract Tower,8,5,0,0,13,0,18,54,0,72,8,23,54,0,85,22,0,22,107
03/17/2020,FLG,AZ,AWP,CE,Federal Contract Tower,8,8,3,0,19,0,15,27,0,42,8,23,30,0,61,2,0,2,63
03/18/2020,FLG,AZ,AWP,CE,Federal Contract Tower,8,1,5,0,14,0,0,0,0,0,8,1,5,0,14,0,0,0,14
03/19/2020,FLG,AZ,AWP,CE,Federal Contract Tower,8,5,7,0,20,0,0,0,0,0,8,5,7,0,20,0,0,0,20
03/20/2020,FLG,AZ,AWP,CE,Federal Contract Tower,9,9,4,0,22,0,14,30,0,44,9,23,34,0,66,40,0,40,106
03/21/2020,FLG,AZ,AWP,CE,Federal Contract Tower,6,8,2,0,16,0,2,33,0,35,6,10,35,0,51,2,0,2,53
03/22/2020,FLG,AZ,AWP,CE,Federal Contract Tower,3,4,3,2,12,0,8,57,0,65,3,12,60,2,77,38,8,46,123
03/23/2020,FLG,AZ,AWP,CE,Federal Contract Tower,6,9,0,0,15,0,1,5,0,6,6,10,5,0,21,0,0,0,21
03/24/2020,FLG,AZ,AWP,CE,Federal Contract Tower,4,6,4,4,18,0,18,45,1,64,4,24,49,5,82,12,0,12,94
03/25/2020,FLG,AZ,AWP,CE,Federal Contract Tower,4,3,3,0,10,0,11,20,0,31,4,14,23,0,41,0,0,0,41
03/26/2020,FLG,AZ,AWP,CE,Federal Contract Tower,3,7,5,0,15,0,11,11,0,22,3,18,16,0,37,2,0,2,39
03/27/2020,FLG,AZ,AWP,CE,Federal Contract Tower,5,3,4,0,12,0,1,4,0,5,5,4,8,0,17,12,0,12,29
03/28/2020,FLG,AZ,AWP,CE,Federal Contract Tower,6,5,5,0,16,0,18,69,0,87,6,23,74,0,103,4,0,4,107
03/29/2020,FLG,AZ,AWP,CE,Federal Contract Tower,4,1,3,0,8,0,22,47,2,71,4,23,50,2,79,10,0,10,89
03/30/2020,FLG,AZ,AWP,CE,Federal Contract Tower,5,6,2,6,19,0,10,51,2,63,5,16,53,8,82,28,0,28,110
03/31/2020,FLG,AZ,AWP,CE,Federal Contract Tower,5,5,4,2,16,0,10,51,4,65,5,15,55,6,81,38,0,38,119
04/01/2020,FLG,AZ,AWP,CE,Federal Contract Tower,8,0,3,0,11,0,11,10,0,21,8,11,13,0,32,6,0,6,38
04/02/2020,FLG,AZ,AWP,CE,Federal Contract Tower,7,1,3,0,11,0,16,20,3,39,7,17,23,3,50,2,0,2,52
04/03/2020,FLG,AZ,AWP,CE,Federal Contract Tower,8,5,2,0,15,0,12,29,0,41,8,17,31,0,56,10,0,10,66
04/04/2020,FLG,AZ,AWP,CE,Federal Contract Tower,6,5,3,0,14,0,21,36,0,57,6,26,39,0,71,2,0,2,73
04/05/2020,FLG,AZ,AWP,CE,Federal Contract Tower,8,6,3,0,17,0,11,23,0,34,8,17,26,0,51,6,4,10,61
04/06/2020,FLG,AZ,AWP,CE,Federal Contract Tower,6,3,1,1,11,0,9,9,1,19,6,12,10,2,30,0,0,0,30
04/07/2020,FLG,AZ,AWP,CE,Federal Contract Tower,4,5,4,1,14,0,8,30,0,38,4,13,34,1,52,4,0,4,56
04/08/2020,FLG,AZ,AWP,CE,Federal Contract Tower,5,3,2,2,12,0,15,12,0,27,5,18,14,2,39,2,2,4,43
04/09/2020,FLG,AZ,AWP,CE,Federal Contract Tower,5,3,2,2,12,0,20,22,0,42,5,23,24,2,54,4,0,4,58
04/10/2020,FLG,AZ,AWP,CE,Federal Contract Tower,5,5,1,0,11,0,20,58,0,78,5,25,59,0,89,22,0,22,111
04/11/2020,FLG,AZ,AWP,CE,Federal Contract Tower,4,3,6,0,13,0,3,19,0,22,4,6,25,0,35,2,0,2,37
04/12/2020,FLG,AZ,AWP,CE,Federal Contract Tower,3,0,5,0,8,0,2,2,0,4,3,2,7,0,12,3,0,3,15
04/14/2020,FLG,AZ,AWP,CE,Federal Contract Tower,5,0,2,0,7,0,13,35,0,48,5,13,37,0,55,22,0,22,77
04/15/2020,FLG,AZ,AWP,CE,Federal Contract Tower,5,4,2,0,11,0,16,50,2,68,5,20,52,2,79,16,0,16,95
04/16/2020,FLG,AZ,AWP,CE,Federal Contract Tower,4,9,7,0,20,0,30,41,2,73,4,39,48,2,93,12,2,14,107
04/17/2020,FLG,AZ,AWP,CE,Federal Contract Tower,4,4,10,2,20,0,19,57,2,78,4,23,67,4,98,30,0,30,128
04/18/2020,FLG,AZ,AWP,CE,Federal Contract Tower,3,7,5,0,15,0,12,36,0,48,3,19,41,0,63,2,0,2,65
04/19/2020,FLG,AZ,AWP,CE,Federal Contract Tower,2,0,3,2,7,0,6,60,0,66,2,6,63,2,73,0,0,0,73
04/20/2020,FLG,AZ,AWP,CE,Federal Contract Tower,2,3,5,4,14,0,12,47,0,59,2,15,52,4,73,0,0,0,73
04/21/2020,FLG,AZ,AWP,CE,Federal Contract Tower,3,3,3,3,12,0,17,30,1,48,3,20,33,4,60,4,0,4,64
04/22/2020,FLG,AZ,AWP,CE,Federal Contract Tower,2,5,1,0,8,0,22,47,2,71,2,27,48,2,79,24,0,24,103
04/23/2020,FLG,AZ,AWP,CE,Federal Contract Tower,4,1,4,0,9,0,16,38,0,54,4,17,42,0,63,8,0,8,71
04/24/2020,FLG,AZ,AWP,CE,Federal Contract Tower,2,4,11,0,17,0,13,39,0,52,2,17,50,0,69,34,0,34,103
04/25/2020,FLG,AZ,AWP,CE,Federal Contract Tower,5,2,4,0,11,0,3,88,0,91,5,5,92,0,102,34,0,34,136
04/26/2020,FLG,AZ,AWP,CE,Federal Contract Tower,4,4,8,0,16,0,22,57,0,79,4,26,65,0,95,8,0,8,103
04/27/2020,FLG,AZ,AWP,CE,Federal Contract Tower,4,2,1,0,7,0,25,58,0,83,4,27,59,0,90,22,0,22,112
04/28/2020,FLG,AZ,AWP,CE,Federal Contract Tower,3,0,2,2,7,0,20,47,0,67,3,20,49,2,74,2,2,4,78
04/29/2020,FLG,AZ,AWP,CE,Federal Contract Tower,3,2,6,2,13,0,29,76,0,105,3,31,82,2,118,26,0,26,144
04/30/2020,FLG,AZ,AWP,CE,Federal Contract Tower,5,5,6,0,16,0,16,44,0,60,5,21,50,0,76,16,0,16,92
05/01/2020,FLG,AZ,AWP,CE,Federal Contract Tower,8,1,4,0,13,0,17,50,6,73,8,18,54,6,86,2,0,2,88
05/02/2020,FLG,AZ,AWP,CE,Federal Contract Tower,4,3,11,0,18,0,27,68,6,101,4,30,79,6,119,10,0,10,129
05/03/2020,FLG,AZ,AWP,CE,Federal Contract Tower,6,2,4,0,12,0,23,52,0,75,6,25,56,0,87,2,0,2,89
05/04/2020,FLG,AZ,AWP,CE,Federal Contract Tower,5,3,9,0,17,0,27,60,0,87,5,30,69,0,104,14,0,14,118
05/05/2020,FLG,AZ,AWP,CE,Federal Contract Tower,2,2,5,2,11,0,26,54,2,82,2,28,59,4,93,4,2,6,99
05/06/2020,FLG,AZ,AWP,CE,Federal Contract Tower,4,2,2,0,8,0,27,65,2,94,4,29,67,2,102,32,0,32,134
05/07/2020,FLG,AZ,AWP,CE,Federal Contract Tower,4,12,8,10,34,0,22,58,4,84,4,34,66,14,118,20,0,20,138
05/08/2020,FLG,AZ,AWP,CE,Federal Contract Tower,6,2,6,0,14,0,22,80,25,127,6,24,86,25,141,2,0,2,143
05/09/2020,FLG,AZ,AWP,CE,Federal Contract Tower,4,3,6,0,13,0,13,95,0,108,4,16,101,0,121,16,0,16,137
05/10/2020,FLG,AZ,AWP,CE,Federal Contract Tower,6,2,2,0,10,0,19,32,0,51,6,21,34,0,61,8,0,8,69
05/11/2020,FLG,AZ,AWP,CE,Federal Contract Tower,6,4,6,0,16,0,32,48,0,80,6,36,54,0,96,22,0,22,118
05/12/2020,FLG,AZ,AWP,CE,Federal Contract Tower,4,8,6,1,19,0,22,43,1,66,4,30,49,2,85,8,0,8,93
05/13/2020,FLG,AZ,AWP,CE,Federal Contract Tower,9,10,2,1,22,0,20,45,1,66,9,30,47,2,88,6,0,6,94
05/14/2020,FLG,AZ,AWP,CE,Federal Contract Tower,6,10,6,5,27,0,33,52,2,87,6,43,58,7,114,14,0,14,128
05/15/2020,FLG,AZ,AWP,CE,Federal Contract Tower,6,0,1,0,7,0,33,54,0,87,6,33,55,0,94,0,0,0,94
05/16/2020,FLG,AZ,AWP,CE,Federal Contract Tower,4,2,6,0,12,0,18,80,0,98,4,20,86,0,110,10,0,10,120
05/17/2020,FLG,AZ,AWP,CE,Federal Contract Tower,6,1,9,0,16,0,11,56,0,67,6,12,65,0,83,10,0,10,93
05/19/2020,FLG,AZ,AWP,CE,Federal Contract Tower,4,5,9,5,23,0,19,20,1,40,4,24,29,6,63,0,0,0,63
05/20/2020,FLG,AZ,AWP,CE,Federal Contract Tower,4,7,8,0,19,0,22,59,2,83,4,29,67,2,102,16,2,18,120
05/21/2020,FLG,AZ,AWP,CE,Federal Contract Tower,6,12,14,1,33,0,17,73,0,90,6,29,87,1,123,26,0,26,149
05/22/2020,FLG,AZ,AWP,CE,Federal Contract Tower,6,8,9,0,23,0,27,47,0,74,6,35,56,0,97,14,0,14,111
05/23/2020,FLG,AZ,AWP,CE,Federal Contract Tower,5,7,6,0,18,0,28,59,0,87,5,35,65,0,105,18,0,18,123
05/24/2020,FLG,AZ,AWP,CE,Federal Contract Tower,7,1,7,0,15,0,17,57,0,74,7,18,64,0,89,6,0,6,95
05/26/2020,FLG,AZ,AWP,CE,Federal Contract Tower,4,5,2,2,13,0,16,51,0,67,4,21,53,2,80,16,0,16,96
05/27/2020,FLG,AZ,AWP,CE,Federal Contract Tower,6,6,6,0,18,0,15,74,1,90,6,21,80,1,108,42,2,44,152
05/28/2020,FLG,AZ,AWP,CE,Federal Contract Tower,6,8,9,1,24,0,27,67,1,95,6,35,76,2,119,40,0,40,159
05/29/2020,FLG,AZ,AWP,CE,Federal Contract Tower,6,5,8,2,21,0,34,53,0,87,6,39,61,2,108,4,0,4,112
05/30/2020,FLG,AZ,AWP,CE,Federal Contract Tower,4,10,9,0,23,0,13,63,0,76,4,23,72,0,99,18,0,18,117
05/31/2020,FLG,AZ,AWP,CE,Federal Contract Tower,6,5,18,0,29,0,31,44,0,75,6,36,62,0,104,10,0,10,114
06/01/2020,FLG,AZ,AWP,CE,Federal Contract Tower,6,3,6,0,15,0,16,44,0,60,6,19,50,0,75,10,0,10,85
06/02/2020,FLG,AZ,AWP,CE,Federal Contract Tower,5,5,10,0,20,0,13,60,0,73,5,18,70,0,93,20,0,20,113
06/03/2020,FLG,AZ,AWP,CE,Federal Contract Tower,6,5,19,0,30,0,23,68,3,94,6,28,87,3,124,26,0,26,150
06/04/2020,FLG,AZ,AWP,CE,Federal Contract Tower,5,2,7,0,14,0,38,58,0,96,5,40,65,0,110,0,0,0,110
06/05/2020,FLG,AZ,AWP,CE,Federal Contract Tower,4,8,11,0,23,0,27,48,6,81,4,35,59,6,104,18,0,18,122
06/06/2020,FLG,AZ,AWP,CE,Federal Contract Tower,6,6,9,0,21,0,24,43,0,67,6,30,52,0,88,0,0,0,88
06/07/2020,FLG,AZ,AWP,CE,Federal Contract Tower,4,2,17,0,23,0,34,44,0,78,4,36,61,0,101,0,0,0,101
06/08/2020,FLG,AZ,AWP,CE,Federal Contract Tower,6,3,5,2,16,0,10,25,0,35,6,13,30,2,51,40,16,56,107
06/09/2020,FLG,AZ,AWP,CE,Federal Contract Tower,4,11,8,0,23,0,14,42,0,56,4,25,50,0,79,46,0,46,125
06/10/2020,FLG,AZ,AWP,CE,Federal Contract Tower,5,7,16,2,30,0,15,93,2,110,5,22,109,4,140,36,0,36,176
06/11/2020,FLG,AZ,AWP,CE,Federal Contract Tower,6,6,11,0,23,0,24,73,2,99,6,30,84,2,122,30,0,30,152
06/12/2020,FLG,AZ,AWP,CE,Federal Contract Tower,4,6,8,2,20,0,24,63,0,87,4,30,71,2,107,30,0,30,137
06/13/2020,FLG,AZ,AWP,CE,Federal Contract Tower,6,3,7,0,16,0,13,17,0,30,6,16,24,0,46,0,0,0,46
06/15/2020,FLG,AZ,AWP,CE,Federal Contract Tower,6,3,5,0,14,0,20,48,0,68,6,23,53,0,82,4,0,4,86
06/16/2020,FLG,AZ,AWP,CE,Federal Contract Tower,3,12,12,0,27,0,10,35,0,45,3,22,47,0,72,0,0,0,72
06/17/2020,FLG,AZ,AWP,CE,Federal Contract Tower,6,7,8,0,21,0,16,33,0,49,6,23,41,0,70,24,6,30,100
06/18/2020,FLG,AZ,AWP,CE,Federal Contract Tower,6,2,7,1,16,0,15,54,0,69,6,17,61,1,85,28,6,34,119
06/19/2020,FLG,AZ,AWP,CE,Federal Contract Tower,4,1,9,0,14,0,30,48,6,84,4,31,57,6,98,12,2,14,112
06/20/2020,FLG,AZ,AWP,CE,Federal Contract Tower,6,4,5,0,15,0,5,67,1,73,6,9,72,1,88,2,0,2,90
06/21/2020,FLG,AZ,AWP,CE,Federal Contract Tower,3,2,14,0,19,0,16,74,0,90,3,18,88,0,109,13,0,13,122
06/22/2020,FLG,AZ,AWP,CE,Federal Contract Tower,6,6,16,2,30,0,20,56,0,76,6,26,72,2,106,34,0,34,140
06/23/2020,FLG,AZ,AWP,CE,Federal Contract Tower,4,8,13,0,25,0,20,51,0,71,4,28,64,0,96,6,0,6,102
06/24/2020,FLG,AZ,AWP,CE,Federal Contract Tower,6,0,0,2,8,0,27,37,2,66,6,27,37,4,74,18,0,18,92
06/25/2020,FLG,AZ,AWP,CE,Federal Contract Tower,6,5,3,3,17,0,23,65,5,93,6,28,68,8,110,2,0,2,112
06/26/2020,FLG,AZ,AWP,CE,Federal Contract Tower,4,4,10,2,20,0,32,74,0,106,4,36,84,2,126,6,0,6,132
06/27/2020,FLG,AZ,AWP,CE,Federal Contract Tower,6,3,8,0,17,0,14,58,0,72,6,17,66,0,89,10,0,10,99
06/28/2020,FLG,AZ,AWP,CE,Federal Contract Tower,4,4,5,0,13,0,25,48,0,73,4,29,53,0,86,0,0,0,86
06/29/2020,FLG,AZ,AWP,CE,Federal Contract Tower,6,7,2,0,15,0,20,32,0,52,6,27,34,0,67,0,0,0,67
06/30/2020,FLG,AZ,AWP,CE,Federal Contract Tower,4,6,12,2,24,0,23,65,0,88,4,29,77,2,112,8,0,8,120
07/01/2020,FLG,AZ,AWP,CE,Federal Contract Tower,6,7,3,2,18,0,16,54,0,70,6,23,57,2,88,14,0,14,102
07/02/2020,FLG,AZ,AWP,CE,Federal Contract Tower,6,9,4,0,19,0,25,46,0,71,6,34,50,0,90,12,0,12,102
07/03/2020,FLG,AZ,AWP,CE,Federal Contract Tower,4,3,3,0,10,0,15,56,0,71,4,18,59,0,81,10,0,10,91
07/04/2020,FLG,AZ,AWP,CE,Federal Contract Tower,6,2,1,0,9,0,11,46,0,57,6,13,47,0,66,40,0,40,106
07/05/2020,FLG,AZ,AWP,CE,Federal Contract Tower,4,1,11,0,16,0,27,46,0,73,4,28,57,0,89,26,0,26,115
07/06/2020,FLG,AZ,AWP,CE,Federal Contract Tower,6,9,7,0,22,0,24,53,1,78,6,33,60,1,100,12,0,12,112
07/07/2020,FLG,AZ,AWP,CE,Federal Contract Tower,8,5,5,3,21,0,32,43,2,77,8,37,48,5,98,0,0,0,98
07/08/2020,FLG,AZ,AWP,CE,Federal Contract Tower,9,9,6,3,27,0,33,73,0,106,9,42,79,3,133,52,18,70,203
07/09/2020,FLG,AZ,AWP,CE,Federal Contract Tower,8,9,7,5,29,0,11,55,4,70,8,20,62,9,99,20,0,20,119
07/10/2020,FLG,AZ,AWP,CE,Federal Contract Tower,8,7,7,1,23,0,27,54,12,93,8,34,61,13,116,0,0,0,116
07/11/2020,FLG,AZ,AWP,CE,Federal Contract Tower,9,7,8,0,24,0,5,59,2,66,9,12,67,2,90,8,0,8,98
07/12/2020,FLG,AZ,AWP,CE,Federal Contract Tower,8,4,7,0,19,0,14,44,3,61,8,18,51,3,80,18,14,32,112
07/13/2020,FLG,AZ,AWP,CE,Federal Contract Tower,8,2,8,0,18,20,35,5,0,60,28,37,13,0,78,2,0,2,80
07/14/2020,FLG,AZ,AWP,CE,Federal Contract Tower,7,6,7,0,20,23,48,0,0,71,30,54,7,0,91,8,0,8,99
07/15/2020,FLG,AZ,AWP,CE,Federal Contract Tower,8,5,5,2,20,0,26,38,0,64,8,31,43,2,84,4,0,4,88
07/16/2020,FLG,AZ,AWP,CE,Federal Contract Tower,8,7,8,0,23,0,20,28,0,48,8,27,36,0,71,14,0,14,85
07/17/2020,FLG,AZ,AWP,CE,Federal Contract Tower,8,3,5,0,16,0,24,57,0,81,8,27,62,0,97,28,0,28,125
07/18/2020,FLG,AZ,AWP,CE,Federal Contract Tower,8,9,6,0,23,0,19,53,0,72,8,28,59,0,95,12,0,12,107
07/19/2020,FLG,AZ,AWP,CE,Federal Contract Tower,8,0,6,0,14,0,29,68,0,97,8,29,74,0,111,12,0,12,123
07/20/2020,FLG,AZ,AWP,CE,Federal Contract Tower,8,4,12,0,24,0,22,55,0,77,8,26,67,0,101,6,0,6,107
07/21/2020,FLG,AZ,AWP,CE,Federal Contract Tower,8,6,8,0,22,0,33,34,0,67,8,39,42,0,89,10,0,10,99
07/22/2020,FLG,AZ,AWP,CE,Federal Contract Tower,8,5,6,0,19,0,28,53,2,83,8,33,59,2,102,20,0,20,122
07/23/2020,FLG,AZ,AWP,CE,Federal Contract Tower,8,5,3,0,16,0,16,42,0,58,8,21,45,0,74,14,0,14,88
07/24/2020,FLG,AZ,AWP,CE,Federal Contract Tower,7,8,7,0,22,0,13,25,0,38,7,21,32,0,60,4,0,4,64
07/25/2020,FLG,AZ,AWP,CE,Federal Contract Tower,8,4,2,0,14,0,25,63,0,88,8,29,65,0,102,10,0,10,112
07/26/2020,FLG,AZ,AWP,CE,Federal Contract Tower,8,0,4,0,12,0,52,56,0,108,8,52,60,0,120,12,0,12,132
07/27/2020,FLG,AZ,AWP,CE,Federal Contract Tower,8,4,3,0,15,0,22,44,0,66,8,26,47,0,81,12,0,12,93
07/28/2020,FLG,AZ,AWP,CE,Federal Contract Tower,8,7,3,0,18,0,32,66,11,109,8,39,69,11,127,38,0,38,165
07/29/2020,FLG,AZ,AWP,CE,Federal Contract Tower,8,3,10,0,21,0,30,73,0,103,8,33,83,0,124,22,0,22,146
07/30/2020,FLG,AZ,AWP,CE,Federal Contract Tower,9,5,11,0,25,0,33,81,4,118,9,38,92,4,143,36,2,38,181
07/31/2020,FLG,AZ,AWP,CE,Federal Contract Tower,9,5,4,0,18,0,15,90,0,105,9,20,94,0,123,64,0,64,187
08/01/2020,FLG,AZ,AWP,CE,Federal Contract Tower,8,7,10,0,25,0,25,84,0,109,8,32,94,0,134,14,0,14,148
08/02/2020,FLG,AZ,AWP,CE,Federal Contract Tower,8,1,5,0,14,0,20,78,6,104,8,21,83,6,118,28,0,28,146
08/03/2020,FLG,AZ,AWP,CE,Federal Contract Tower,9,4,8,0,21,0,27,68,7,102,9,31,76,7,123,36,0,36,159
08/04/2020,FLG,AZ,AWP,CE,Federal Contract Tower,6,4,13,0,23,0,28,60,2,90,6,32,73,2,113,14,0,14,127
08/05/2020,FLG,AZ,AWP,CE,Federal Contract Tower,5,6,8,3,22,0,24,50,1,75,5,30,58,4,97,18,0,18,115
08/06/2020,FLG,AZ,AWP,CE,Federal Contract Tower,8,5,6,1,20,0,16,76,8,100,8,21,82,9,120,30,0,30,150
08/07/2020,FLG,AZ,AWP,CE,Federal Contract Tower,8,11,10,0,29,0,36,68,1,105,8,47,78,1,134,38,0,38,172
08/08/2020,FLG,AZ,AWP,CE,Federal Contract Tower,8,4,6,0,18,0,31,68,1,100,8,35,74,1,118,24,0,24,142
08/09/2020,FLG,AZ,AWP,CE,Federal Contract Tower,8,2,9,0,19,0,13,46,1,60,8,15,55,1,79,26,0,26,105
08/10/2020,FLG,AZ,AWP,CE,Federal Contract Tower,7,3,18,2,30,0,18,77,1,96,7,21,95,3,126,46,0,46,172
08/11/2020,FLG,AZ,AWP,CE,Federal Contract Tower,6,6,6,1,19,0,25,69,1,95,6,31,75,2,114,8,0,8,122
08/12/2020,FLG,AZ,AWP,CE,Federal Contract Tower,6,9,5,8,28,0,21,55,0,76,6,30,60,8,104,12,0,12,116
08/13/2020,FLG,AZ,AWP,CE,Federal Contract Tower,9,3,9,0,21,0,18,66,2,86,9,21,75,2,107,24,2,26,133
08/14/2020,FLG,AZ,AWP,CE,Federal Contract Tower,7,1,7,0,15,0,30,72,0,102,7,31,79,0,117,18,0,18,135
08/15/2020,FLG,AZ,AWP,CE,Federal Contract Tower,8,3,5,0,16,0,15,47,0,62,8,18,52,0,78,2,0,2,80
08/16/2020,FLG,AZ,AWP,CE,Federal Contract Tower,7,7,10,0,24,0,12,58,0,70,7,19,68,0,94,10,0,10,104
08/17/2020,FLG,AZ,AWP,CE,Federal Contract Tower,8,3,14,0,25,0,16,66,0,82,8,19,80,0,107,14,0,14,121
08/18/2020,FLG,AZ,AWP,CE,Federal Contract Tower,7,3,3,2,15,0,19,36,1,56,7,22,39,3,71,14,0,14,85
08/19/2020,FLG,AZ,AWP,CE,Federal Contract Tower,8,9,12,0,29,0,26,43,1,70,8,35,55,1,99,12,0,12,111
08/20/2020,FLG,AZ,AWP,CE,Federal Contract Tower,8,8,10,1,27,0,13,45,3,61,8,21,55,4,88,18,0,18,106
08/21/2020,FLG,AZ,AWP,CE,Federal Contract Tower,10,7,6,0,23,0,10,44,2,56,10,17,50,2,79,16,0,16,95
08/22/2020,FLG,AZ,AWP,CE,Federal Contract Tower,9,1,7,0,17,0,7,35,0,42,9,8,42,0,59,4,0,4,63
08/23/2020,FLG,AZ,AWP,CE,Federal Contract Tower,10,7,9,0,26,0,10,40,0,50,10,17,49,0,76,40,0,40,116
08/24/2020,FLG,AZ,AWP,CE,Federal Contract Tower,10,16,6,0,32,0,27,53,2,82,10,43,59,2,114,30,0,30,144
08/25/2020,FLG,AZ,AWP,CE,Federal Contract Tower,8,8,2,2,20,0,20,34,2,56,8,28,36,4,76,18,4,22,98
08/26/2020,FLG,AZ,AWP,CE,Federal Contract Tower,8,7,16,0,31,0,16,55,0,71,8,23,71,0,102,16,0,16,118
08/27/2020,FLG,AZ,AWP,CE,Federal Contract Tower,10,8,12,0,30,0,21,43,7,71,10,29,55,7,101,12,0,12,113
08/28/2020,FLG,AZ,AWP,CE,Federal Contract Tower,10,8,12,2,32,0,29,76,2,107,10,37,88,4,139,28,0,28,167
08/29/2020,FLG,AZ,AWP,CE,Federal Contract Tower,10,5,8,0,23,0,30,69,0,99,10,35,77,0,122,58,0,58,180
08/30/2020,FLG,AZ,AWP,CE,Federal Contract Tower,10,4,5,0,19,0,8,53,3,64,10,12,58,3,83,40,0,40,123
08/31/2020,FLG,AZ,AWP,CE,Federal Contract Tower,10,5,9,2,26,0,26,58,5,89,10,31,67,7,115,4,0,4,119
09/01/2020,FLG,AZ,AWP,CE,Federal Contract Tower,7,5,5,5,22,0,25,28,2,55,7,30,33,7,77,0,0,0,77
09/02/2020,FLG,AZ,AWP,CE,Federal Contract Tower,9,11,1,0,21,0,34,60,4,98,9,45,61,4,119,10,10,20,139
09/03/2020,FLG,AZ,AWP,CE,Federal Contract Tower,10,2,13,1,26,0,11,73,1,85,10,13,86,2,111,14,6,20,131
09/04/2020,FLG,AZ,AWP,CE,Federal Contract Tower,10,8,12,0,30,0,32,51,7,90,10,40,63,7,120,34,0,34,154
09/05/2020,FLG,AZ,AWP,CE,Federal Contract Tower,12,4,2,0,18,0,19,71,18,108,12,23,73,18,126,12,0,12,138
09/06/2020,FLG,AZ,AWP,CE,Federal Contract Tower,8,2,9,0,19,0,24,48,0,72,8,26,57,0,91,10,0,10,101
09/07/2020,FLG,AZ,AWP,CE,Federal Contract Tower,8,5,12,0,25,0,12,73,0,85,8,17,85,0,110,8,0,8,118
09/08/2020,FLG,AZ,AWP,CE,Federal Contract Tower,10,5,6,2,23,0,20,21,0,41,10,25,27,2,64,4,0,4,68
09/09/2020,FLG,AZ,AWP,CE,Federal Contract Tower,7,5,8,0,20,0,21,41,4,66,7,26,49,4,86,10,10,20,106
09/10/2020,FLG,AZ,AWP,CE,Federal Contract Tower,11,12,8,2,33,0,29,53,0,82,11,41,61,2,115,2,0,2,117
09/11/2020,FLG,AZ,AWP,CE,Federal Contract Tower,12,7,4,2,25,0,19,71,0,90,12,26,75,2,115,12,2,14,129
09/12/2020,FLG,AZ,AWP,CE,Federal Contract Tower,10,4,12,0,26,0,15,82,0,97,10,19,94,0,123,54,0,54,177
09/13/2020,FLG,AZ,AWP,CE,Federal Contract Tower,9,6,19,0,34,0,21,85,2,108,9,27,104,2,142,2,0,2,144
09/14/2020,FLG,AZ,AWP,CE,Federal Contract Tower,14,4,7,0,25,0,20,63,0,83,14,24,70,0,108,0,0,0,108
09/15/2020,FLG,AZ,AWP,CE,Federal Contract Tower,10,6,12,0,28,0,24,59,0,83,10,30,71,0,111,10,0,10,121
09/16/2020,FLG,AZ,AWP,CE,Federal Contract Tower,10,8,12,0,30,0,14,40,0,54,10,22,52,0,84,0,2,2,86
09/17/2020,FLG,AZ,AWP,CE,Federal Contract Tower,12,4,11,0,27,0,28,58,0,86,12,32,69,0,113,12,0,12,125
09/18/2020,FLG,AZ,AWP,CE,Federal Contract Tower,12,8,6,2,28,0,19,67,0,86,12,27,73,2,114,6,0,6,120
09/19/2020,FLG,AZ,AWP,CE,Federal Contract Tower,10,8,6,1,25,0,9,67,0,76,10,17,73,1,101,0,0,0,101
09/20/2020,FLG,AZ,AWP,CE,Federal Contract Tower,12,4,9,0,25,0,24,70,1,95,12,28,79,1,120,22,0,22,142
09/21/2020,FLG,AZ,AWP,CE,Federal Contract Tower,12,10,10,3,35,0,26,69,17,112,12,36,79,20,147,4,0,4,151
09/22/2020,FLG,AZ,AWP,CE,Federal Contract Tower,10,5,13,2,30,0,18,61,22,101,10,23,74,24,131,8,8,16,147
09/23/2020,FLG,AZ,AWP,CE,Federal Contract Tower,10,5,7,1,23,0,26,56,11,93,10,31,63,12,116,18,0,18,134
09/24/2020,FLG,AZ,AWP,CE,Federal Contract Tower,12,10,12,1,35,0,19,65,12,96,12,29,77,13,131,0,0,0,131
09/25/2020,FLG,AZ,AWP,CE,Federal Contract Tower,12,11,11,0,34,0,18,74,6,98,12,29,85,6,132,18,0,18,150
09/26/2020,FLG,AZ,AWP,CE,Federal Contract Tower,10,3,12,0,25,0,9,41,4,54,10,12,53,4,79,24,0,24,103
09/27/2020,FLG,AZ,AWP,CE,Federal Contract Tower,12,10,7,2,31,0,12,57,4,73,12,22,64,6,104,6,0,6,110
09/28/2020,FLG,AZ,AWP,CE,Federal Contract Tower,13,8,11,3,35,0,9,57,31,97,13,17,68,34,132,16,0,16,148
09/29/2020,FLG,AZ,AWP,CE,Federal Contract Tower,10,4,12,0,26,0,26,88,17,131,10,30,100,17,157,12,0,12,169
09/30/2020,FLG,AZ,AWP,CE,Federal Contract Tower,10,13,9,2,34,0,29,86,2,117,10,42,95,4,151,36,0,36,187
10/01/2020,FLG,AZ,AWP,CE,Federal Contract Tower,9,7,6,1,23,0,21,74,7,102,9,28,80,8,125,14,4,18,143
10/02/2020,FLG,AZ,AWP,CE,Federal Contract Tower,12,3,9,1,25,0,16,65,2,83,12,19,74,3,108,14,4,18,126
10/03/2020,FLG,AZ,AWP,CE,Federal Contract Tower,11,8,12,0,31,0,15,63,0,78,11,23,75,0,109,0,0,0,109
10/04/2020,FLG,AZ,AWP,CE,Federal Contract Tower,10,5,18,1,34,0,17,73,0,90,10,22,91,1,124,52,0,52,176
10/05/2020,FLG,AZ,AWP,CE,Federal Contract Tower,10,8,10,0,28,0,24,57,1,82,10,32,67,1,110,4,0,4,114
10/06/2020,FLG,AZ,AWP,CE,Federal Contract Tower,8,9,9,0,26,0,21,61,7,89,8,30,70,7,115,26,0,26,141
10/07/2020,FLG,AZ,AWP,CE,Federal Contract Tower,10,9,6,0,25,0,15,58,2,75,10,24,64,2,100,0,0,0,100
10/08/2020,FLG,AZ,AWP,CE,Federal Contract Tower,11,1,4,0,16,0,33,63,3,99,11,34,67,3,115,38,0,38,153
10/09/2020,FLG,AZ,AWP,CE,Federal Contract Tower,10,2,8,1,21,0,18,57,2,77,10,20,65,3,98,14,0,14,112
10/10/2020,FLG,AZ,AWP,CE,Federal Contract Tower,9,2,10,1,22,0,13,62,12,87,9,15,72,13,109,18,0,18,127
10/11/2020,FLG,AZ,AWP,CE,Federal Contract Tower,10,3,13,0,26,0,20,52,1,73,10,23,65,1,99,4,2,6,105
10/12/2020,FLG,AZ,AWP,CE,Federal Contract Tower,11,1,10,0,22,0,17,57,0,74,11,18,67,0,96,10,0,10,106
10/13/2020,FLG,AZ,AWP,CE,Federal Contract Tower,10,3,4,2,19,0,25,53,0,78,10,28,57,2,97,4,0,4,101
10/14/2020,FLG,AZ,AWP,CE,Federal Contract Tower,10,4,9,5,28,0,19,39,3,61,10,23,48,8,89,6,0,6,95
10/15/2020,FLG,AZ,AWP,CE,Federal Contract Tower,10,8,12,0,30,0,21,54,4,79,10,29,66,4,109,0,0,0,109
10/16/2020,FLG,AZ,AWP,CE,Federal Contract Tower,10,6,10,5,31,0,27,70,6,103,10,33,80,11,134,26,0,26,160
10/17/2020,FLG,AZ,AWP,CE,Federal Contract Tower,10,4,14,1,29,0,15,62,5,82,10,19,76,6,111,6,0,6,117
10/18/2020,FLG,AZ,AWP,CE,Federal Contract Tower,9,4,14,0,27,0,13,114,7,134,9,17,128,7,161,0,4,4,165
10/19/2020,FLG,AZ,AWP,CE,Federal Contract Tower,9,4,5,2,20,0,22,54,1,77,9,26,59,3,97,18,0,18,115
10/20/2020,FLG,AZ,AWP,CE,Federal Contract Tower,10,2,8,3,23,0,25,73,5,103,10,27,81,8,126,16,0,16,142
10/21/2020,FLG,AZ,AWP,CE,Federal Contract Tower,10,15,12,4,41,0,18,89,0,107,10,33,101,4,148,10,0,10,158
10/22/2020,FLG,AZ,AWP,CE,Federal Contract Tower,10,13,8,0,31,0,15,70,0,85,10,28,78,0,116,2,0,2,118
10/23/2020,FLG,AZ,AWP,CE,Federal Contract Tower,10,7,6,0,23,0,6,74,3,83,10,13,80,3,106,16,2,18,124
10/24/2020,FLG,AZ,AWP,CE,Federal Contract Tower,10,2,4,0,16,0,6,54,0,60,10,8,58,0,76,6,0,6,82
10/25/2020,FLG,AZ,AWP,CE,Federal Contract Tower,10,2,17,4,33,0,7,24,1,32,10,9,41,5,65,8,0,8,73
10/26/2020,FLG,AZ,AWP,CE,Federal Contract Tower,10,5,10,0,25,0,5,17,0,22,10,10,27,0,47,6,0,6,53
10/27/2020,FLG,AZ,AWP,CE,Federal Contract Tower,10,5,4,0,19,0,11,36,1,48,10,16,40,1,67,4,0,4,71
10/28/2020,FLG,AZ,AWP,CE,Federal Contract Tower,10,8,9,0,27,0,18,50,0,68,10,26,59,0,95,16,0,16,111
10/30/2020,FLG,AZ,AWP,CE,Federal Contract Tower,11,7,7,4,29,0,17,53,0,70,11,24,60,4,99,28,0,28,127
10/31/2020,FLG,AZ,AWP,CE,Federal Contract Tower,8,4,4,1,17,0,6,67,0,73,8,10,71,1,90,10,0,10,100
11/01/2020,FLG,AZ,AWP,CE,Federal Contract Tower,10,6,15,0,31,0,6,52,2,60,10,12,67,2,91,4,0,4,95
11/02/2020,FLG,AZ,AWP,CE,Federal Contract Tower,10,8,3,0,21,0,15,55,0,70,10,23,58,0,91,36,0,36,127
11/03/2020,FLG,AZ,AWP,CE,Federal Contract Tower,10,5,3,1,19,0,31,52,6,89,10,36,55,7,108,12,0,12,120
11/04/2020,FLG,AZ,AWP,CE,Federal Contract Tower,8,10,4,0,22,0,20,70,5,95,8,30,74,5,117,6,6,12,129
11/06/2020,FLG,AZ,AWP,CE,Federal Contract Tower,7,10,11,0,28,0,15,46,2,63,7,25,57,2,91,18,0,18,109
11/07/2020,FLG,AZ,AWP,CE,Federal Contract Tower,7,5,9,1,22,0,9,16,2,27,7,14,25,3,49,0,0,0,49
11/08/2020,FLG,AZ,AWP,CE,Federal Contract Tower,7,7,9,0,23,0,1,3,0,4,7,8,12,0,27,0,0,0,27
11/09/2020,FLG,AZ,AWP,CE,Federal Contract Tower,9,6,4,0,19,0,7,8,0,15,9,13,12,0,34,0,0,0,34
11/10/2020,FLG,AZ,AWP,CE,Federal Contract Tower,7,9,8,5,29,0,30,52,8,90,7,39,60,13,119,20,2,22,141
11/11/2020,FLG,AZ,AWP,CE,Federal Contract Tower,7,7,4,0,18,0,26,55,7,88,7,33,59,7,106,26,0,26,132
11/12/2020,FLG,AZ,AWP,CE,Federal Contract Tower,7,7,6,4,24,0,22,78,0,100,7,29,84,4,124,40,0,40,164
11/13/2020,FLG,AZ,AWP,CE,Federal Contract Tower,7,9,12,0,28,0,12,66,4,82,7,21,78,4,110,16,0,16,126
11/14/2020,FLG,AZ,AWP,CE,Federal Contract Tower,7,7,7,0,21,0,8,61,0,69,7,15,68,0,90,2,0,2,92
11/15/2020,FLG,AZ,AWP,CE,Federal Contract Tower,7,4,15,0,26,0,12,79,6,97,7,16,94,6,123,18,0,18,141
11/16/2020,FLG,AZ,AWP,CE,Federal Contract Tower,7,3,1,2,13,0,26,65,0,91,7,29,66,2,104,16,0,16,120
11/17/2020,FLG,AZ,AWP,CE,Federal Contract Tower,6,3,2,0,11,0,23,93,0,116,6,26,95,0,127,82,0,82,209
11/18/2020,FLG,AZ,AWP,CE,Federal Contract Tower,7,3,2,0,12,0,8,32,0,40,7,11,34,0,52,0,0,0,52
11/19/2020,FLG,AZ,AWP,CE,Federal Contract Tower,7,10,6,5,28,0,20,51,3,74,7,30,57,8,102,26,0,26,128
11/20/2020,FLG,AZ,AWP,CE,Federal Contract Tower,7,7,6,2,22,0,6,41,0,47,7,13,47,2,69,2,0,2,71
11/21/2020,FLG,AZ,AWP,CE,Federal Contract Tower,7,4,2,0,13,0,14,79,0,93,7,18,81,0,106,22,0,22,128
11/22/2020,FLG,AZ,AWP,CE,Federal Contract Tower,7,2,4,0,13,0,1,63,2,66,7,3,67,2,79,2,0,2,81
11/23/2020,FLG,AZ,AWP,CE,Federal Contract Tower,5,4,5,2,16,0,5,55,0,60,5,9,60,2,76,4,0,4,80
11/24/2020,FLG,AZ,AWP,CE,Federal Contract Tower,9,6,9,0,24,0,15,78,0,93,9,21,87,0,117,20,0,20,137
11/25/2020,FLG,AZ,AWP,CE,Federal Contract Tower,9,8,8,0,25,0,10,61,0,71,9,18,69,0,96,28,0,28,124
11/26/2020,FLG,AZ,AWP,CE,Federal Contract Tower,4,3,2,0,9,0,11,21,0,32,4,14,23,0,41,0,0,0,41
11/27/2020,FLG,AZ,AWP,CE,Federal Contract Tower,9,7,5,0,21,0,12,53,0,65,9,19,58,0,86,30,0,30,116
11/28/2020,FLG,AZ,AWP,CE,Federal Contract Tower,9,3,3,0,15,0,4,56,0,60,9,7,59,0,75,8,0,8,83
11/29/2020,FLG,AZ,AWP,CE,Federal Contract Tower,9,2,9,0,20,0,10,53,0,63,9,12,62,0,83,44,0,44,127
11/30/2020,FLG,AZ,AWP,CE,Federal Contract Tower,9,2,9,1,21,0,18,70,2,90,9,20,79,3,111,34,0,34,145
12/01/2020,FLG,AZ,AWP,CE,Federal Contract Tower,9,5,2,0,16,0,31,75,0,106,9,36,77,0,122,42,0,42,164
12/02/2020,FLG,AZ,AWP,CE,Federal Contract Tower,7,10,2,0,19,0,20,23,0,43,7,30,25,0,62,0,0,0,62
12/03/2020,FLG,AZ,AWP,CE,Federal Contract Tower,8,11,10,0,29,0,14,26,0,40,8,25,36,0,69,2,2,4,73
12/04/2020,FLG,AZ,AWP,CE,Federal Contract Tower,7,1,9,2,19,0,17,47,2,66,7,18,56,4,85,26,0,26,111
12/05/2020,FLG,AZ,AWP,CE,Federal Contract Tower,7,2,6,0,15,0,13,75,0,88,7,15,81,0,103,30,0,30,133
12/06/2020,FLG,AZ,AWP,CE,Federal Contract Tower,7,6,8,0,21,0,6,85,2,93,7,12,93,2,114,36,0,36,150
12/07/2020,FLG,AZ,AWP,CE,Federal Contract Tower,7,3,7,0,17,0,14,81,0,95,7,17,88,0,112,8,0,8,120
12/08/2020,FLG,AZ,AWP,CE,Federal Contract Tower,7,4,5,1,17,0,10,61,1,72,7,14,66,2,89,28,0,28,117
12/09/2020,FLG,AZ,AWP,CE,Federal Contract Tower,7,5,2,0,14,0,19,66,1,86,7,24,68,1,100,26,0,26,126
12/10/2020,FLG,AZ,AWP,CE,Federal Contract Tower,7,8,7,2,24,0,0,0,0,0,7,8,7,2,24,0,0,0,24
12/11/2020,FLG,AZ,AWP,CE,Federal Contract Tower,8,7,8,6,29,0,12,21,4,37,8,19,29,10,66,6,0,6,72
12/12/2020,FLG,AZ,AWP,CE,Federal Contract Tower,8,8,8,0,24,0,0,3,0,3,8,8,11,0,27,0,0,0,27
12/13/2020,FLG,AZ,AWP,CE,Federal Contract Tower,6,2,5,2,15,0,17,59,2,78,6,19,64,4,93,6,0,6,99
12/14/2020,FLG,AZ,AWP,CE,Federal Contract Tower,7,5,5,1,18,0,13,39,1,53,7,18,44,2,71,30,0,30,101
12/15/2020,FLG,AZ,AWP,CE,Federal Contract Tower,7,8,5,2,22,0,33,52,0,85,7,41,57,2,107,18,0,18,125
12/16/2020,FLG,AZ,AWP,CE,Federal Contract Tower,7,3,4,0,14,0,26,44,0,70,7,29,48,0,84,50,0,50,134
12/17/2020,FLG,AZ,AWP,CE,Federal Contract Tower,9,5,1,0,15,0,21,57,0,78,9,26,58,0,93,34,0,34,127
12/18/2020,FLG,AZ,AWP,CE,Federal Contract Tower,9,7,6,0,22,0,18,52,0,70,9,25,58,0,92,42,0,42,134
12/19/2020,FLG,AZ,AWP,CE,Federal Contract Tower,9,11,5,0,25,0,5,51,2,58,9,16,56,2,83,28,0,28,111
12/20/2020,FLG,AZ,AWP,CE,Federal Contract Tower,11,1,5,0,17,0,5,78,2,85,11,6,83,2,102,36,0,36,138
12/21/2020,FLG,AZ,AWP,CE,Federal Contract Tower,9,2,4,0,15,0,17,58,0,75,9,19,62,0,90,14,0,14,104
12/22/2020,FLG,AZ,AWP,CE,Federal Contract Tower,11,5,10,1,27,0,15,52,3,70,11,20,62,4,97,12,0,12,109
12/23/2020,FLG,AZ,AWP,CE,Federal Contract Tower,9,7,6,0,22,0,16,36,0,52,9,23,42,0,74,10,2,12,86
12/24/2020,FLG,AZ,AWP,CE,Federal Contract Tower,6,10,4,0,20,0,11,27,0,38,6,21,31,0,58,4,0,4,62
12/25/2020,FLG,AZ,AWP,CE,Federal Contract Tower,3,3,1,0,7,0,6,19,0,25,3,9,20,0,32,12,0,12,44
12/26/2020,FLG,AZ,AWP,CE,Federal Contract Tower,9,5,8,0,22,0,7,58,0,65,9,12,66,0,87,39,0,39,126
12/27/2020,FLG,AZ,AWP,CE,Federal Contract Tower,10,2,7,0,19,0,4,62,0,66,10,6,69,0,85,2,0,2,87
12/28/2020,FLG,AZ,AWP,CE,Federal Contract Tower,8,4,3,0,15,0,3,3,0,6,8,7,6,0,21,0,0,0,21
12/29/2020,FLG,AZ,AWP,CE,Federal Contract Tower,8,9,8,0,25,0,33,18,0,51,8,42,26,0,76,34,0,34,110
12/30/2020,FLG,AZ,AWP,CE,Federal Contract Tower,9,10,8,0,27,0,14,40,0,54,9,24,48,0,81,12,0,12,93
12/31/2020,FLG,AZ,AWP,CE,Federal Contract Tower,4,5,11,0,20,0,10,72,0,82,4,15,83,0,102,56,0,56,158
01/01/2021,FLG,AZ,AWP,CE,Federal Contract Tower,8,3,4,0,15,0,7,57,0,64,8,10,61,0,79,24,0,24,103
01/02/2021,FLG,AZ,AWP,CE,Federal Contract Tower,9,3,6,0,18,0,16,56,0,72,9,19,62,0,90,30,0,30,120
01/03/2021,FLG,AZ,AWP,CE,Federal Contract Tower,11,2,7,0,20,0,9,62,0,71,11,11,69,0,91,32,0,32,123
01/04/2021,FLG,AZ,AWP,CE,Federal Contract Tower,9,9,5,0,23,0,8,50,0,58,9,17,55,0,81,44,0,44,125
01/05/2021,FLG,AZ,AWP,CE,Federal Contract Tower,7,5,5,0,17,0,17,53,2,72,7,22,58,2,89,10,2,12,101
01/06/2021,FLG,AZ,AWP,CE,Federal Contract Tower,7,5,3,0,15,0,18,48,3,69,7,23,51,3,84,32,0,32,116
01/07/2021,FLG,AZ,AWP,CE,Federal Contract Tower,11,5,4,1,21,0,13,48,0,61,11,18,52,1,82,6,0,6,88
01/08/2021,FLG,AZ,AWP,CE,Federal Contract Tower,8,10,9,2,29,0,26,82,0,108,8,36,91,2,137,54,2,56,193
01/09/2021,FLG,AZ,AWP,CE,Federal Contract Tower,7,1,4,0,12,0,18,28,0,46,7,19,32,0,58,10,0,10,68
01/10/2021,FLG,AZ,AWP,CE,Federal Contract Tower,5,4,5,0,14,0,10,49,0,59,5,14,54,0,73,28,0,28,101
01/11/2021,FLG,AZ,AWP,CE,Federal Contract Tower,9,1,4,2,16,0,21,50,10,81,9,22,54,12,97,14,2,16,113
01/12/2021,FLG,AZ,AWP,CE,Federal Contract Tower,7,5,2,0,14,0,25,52,2,79,7,30,54,2,93,14,0,14,107
01/13/2021,FLG,AZ,AWP,CE,Federal Contract Tower,7,3,6,0,16,0,20,65,0,85,7,23,71,0,101,54,0,54,155
01/14/2021,FLG,AZ,AWP,CE,Federal Contract Tower,8,9,7,2,26,0,16,48,2,66,8,25,55,4,92,6,4,10,102
01/15/2021,FLG,AZ,AWP,CE,Federal Contract Tower,9,6,6,0,21,0,17,76,2,95,9,23,82,2,116,26,4,30,146
01/16/2021,FLG,AZ,AWP,CE,Federal Contract Tower,5,5,2,0,12,0,16,38,0,54,5,21,40,0,66,0,0,0,66
01/17/2021,FLG,AZ,AWP,CE,Federal Contract Tower,7,8,4,0,19,0,11,81,0,92,7,19,85,0,111,26,0,26,137
01/18/2021,FLG,AZ,AWP,CE,Federal Contract Tower,6,6,8,0,20,0,19,55,0,74,6,25,63,0,94,18,0,18,112
01/19/2021,FLG,AZ,AWP,CE,Federal Contract Tower,11,2,8,2,23,0,1,0,0,1,11,3,8,2,24,0,0,0,24
01/20/2021,FLG,AZ,AWP,CE,Federal Contract Tower,7,6,4,1,18,0,27,33,0,60,7,33,37,1,78,14,0,14,92
01/21/2021,FLG,AZ,AWP,CE,Federal Contract Tower,9,8,5,1,23,0,20,30,0,50,9,28,35,1,73,16,0,16,89
01/22/2021,FLG,AZ,AWP,CE,Federal Contract Tower,8,12,7,0,27,0,5,0,0,5,8,17,7,0,32,0,0,0,32
01/23/2021,FLG,AZ,AWP,CE,Federal Contract Tower,6,6,10,0,22,0,1,3,0,4,6,7,13,0,26,0,0,0,26
01/24/2021,FLG,AZ,AWP,CE,Federal Contract Tower,10,1,0,0,11,0,0,0,0,0,10,1,0,0,11,0,0,0,11
01/25/2021,FLG,AZ,AWP,CE,Federal Contract Tower,2,0,0,0,2,0,0,0,0,0,2,0,0,0,2,0,0,0,2
01/26/2021,FLG,AZ,AWP,CE,Federal Contract Tower,0,0,0,0,0,0,0,0,0,0,0,0,0,0,0,0,0,0,0
01/27/2021,FLG,AZ,AWP,CE,Federal Contract Tower,4,1,4,4,13,0,10,22,0,32,4,11,26,4,45,12,0,12,57
01/28/2021,FLG,AZ,AWP,CE,Federal Contract Tower,9,5,5,1,20,0,17,49,1,67,9,22,54,2,87,26,0,26,113
01/29/2021,FLG,AZ,AWP,CE,Federal Contract Tower,7,6,1,2,16,0,7,15,0,22,7,13,16,2,38,8,0,8,46
01/30/2021,FLG,AZ,AWP,CE,Federal Contract Tower,4,7,2,0,13,0,11,53,0,64,4,18,55,0,77,22,0,22,99
01/31/2021,FLG,AZ,AWP,CE,Federal Contract Tower,8,5,11,0,24,0,8,55,0,63,8,13,66,0,87,12,0,12,99
02/01/2021,FLG,AZ,AWP,CE,Federal Contract Tower,9,3,7,3,22,0,17,32,0,49,9,20,39,3,71,2,2,4,75
02/02/2021,FLG,AZ,AWP,CE,Federal Contract Tower,7,3,1,0,11,0,19,44,0,63,7,22,45,0,74,32,0,32,106
02/03/2021,FLG,AZ,AWP,CE,Federal Contract Tower,7,9,2,3,21,0,21,31,1,53,7,30,33,4,74,0,0,0,74
02/04/2021,FLG,AZ,AWP,CE,Federal Contract Tower,8,8,5,2,23,0,22,74,0,96,8,30,79,2,119,14,0,14,133
02/05/2021,FLG,AZ,AWP,CE,Federal Contract Tower,7,7,5,2,21,0,9,39,0,48,7,16,44,2,69,2,0,2,71
02/06/2021,FLG,AZ,AWP,CE,Federal Contract Tower,5,5,5,0,15,0,8,58,0,66,5,13,63,0,81,24,0,24,105
02/07/2021,FLG,AZ,AWP,CE,Federal Contract Tower,6,4,3,0,13,0,9,38,0,47,6,13,41,0,60,8,0,8,68
02/08/2021,FLG,AZ,AWP,CE,Federal Contract Tower,9,3,3,0,15,0,17,58,4,79,9,20,61,4,94,14,0,14,108
02/09/2021,FLG,AZ,AWP,CE,Federal Contract Tower,6,7,1,2,16,0,18,48,0,66,6,25,49,2,82,12,0,12,94
02/10/2021,FLG,AZ,AWP,CE,Federal Contract Tower,7,7,9,0,23,0,19,58,4,81,7,26,67,4,104,4,0,4,108
02/11/2021,FLG,AZ,AWP,CE,Federal Contract Tower,9,5,9,7,30,0,21,81,2,104,9,26,90,9,134,38,4,42,176
02/12/2021,FLG,AZ,AWP,CE,Federal Contract Tower,9,1,4,1,15,0,22,50,1,73,9,23,54,2,88,12,2,14,102
02/13/2021,FLG,AZ,AWP,CE,Federal Contract Tower,5,5,13,0,23,0,1,11,0,12,5,6,24,0,35,0,0,0,35
02/14/2021,FLG,AZ,AWP,CE,Federal Contract Tower,7,7,3,0,17,0,23,24,0,47,7,30,27,0,64,16,0,16,80
02/15/2021,FLG,AZ,AWP,CE,Federal Contract Tower,8,2,12,0,22,0,13,35,2,50,8,15,47,2,72,4,2,6,78
02/16/2021,FLG,AZ,AWP,CE,Federal Contract Tower,6,2,5,1,14,0,7,18,0,25,6,9,23,1,39,16,6,22,61
02/17/2021,FLG,AZ,AWP,CE,Federal Contract Tower,7,3,3,4,17,0,19,44,2,65,7,22,47,6,82,16,0,16,98
02/18/2021,FLG,AZ,AWP,CE,Federal Contract Tower,9,3,8,8,28,0,15,70,0,85,9,18,78,8,113,0,0,0,113
02/19/2021,FLG,AZ,AWP,CE,Federal Contract Tower,9,3,15,0,27,0,22,80,0,102,9,25,95,0,129,46,0,46,175
02/20/2021,FLG,AZ,AWP,CE,Federal Contract Tower,6,3,5,4,18,0,13,20,0,33,6,16,25,4,51,6,0,6,57
02/21/2021,FLG,AZ,AWP,CE,Federal Contract Tower,7,6,5,0,18,0,10,45,0,55,7,16,50,0,73,22,0,22,95
02/22/2021,FLG,AZ,AWP,CE,Federal Contract Tower,9,4,6,0,19,0,11,63,0,74,9,15,69,0,93,4,0,4,97
02/23/2021,FLG,AZ,AWP,CE,Federal Contract Tower,8,9,2,0,19,0,20,54,6,80,8,29,56,6,99,30,0,30,129
02/24/2021,FLG,AZ,AWP,CE,Federal Contract Tower,8,1,1,1,11,0,19,47,2,68,8,20,48,3,79,8,0,8,87
02/25/2021,FLG,AZ,AWP,CE,Federal Contract Tower,8,7,7,0,22,0,17,53,2,72,8,24,60,2,94,24,0,24,118
02/26/2021,FLG,AZ,AWP,CE,Federal Contract Tower,10,7,12,0,29,0,12,57,0,69,10,19,69,0,98,16,0,16,114
02/27/2021,FLG,AZ,AWP,CE,Federal Contract Tower,7,4,8,0,19,0,13,32,6,51,7,17,40,6,70,18,0,18,88
02/28/2021,FLG,AZ,AWP,CE,Federal Contract Tower,8,7,2,0,17,0,12,19,0,31,8,19,21,0,48,0,0,0,48
03/01/2021,FLG,AZ,AWP,CE,Federal Contract Tower,9,5,1,0,15,0,11,36,10,57,9,16,37,10,72,6,0,6,78
03/02/2021,FLG,AZ,AWP,CE,Federal Contract Tower,6,3,9,8,26,0,21,57,8,86,6,24,66,16,112,0,0,0,112
03/03/2021,FLG,AZ,AWP,CE,Federal Contract Tower,7,8,0,0,15,0,23,45,0,68,7,31,45,0,83,16,0,16,99
03/04/2021,FLG,AZ,AWP,CE,Federal Contract Tower,9,6,0,2,17,0,11,18,0,29,9,17,18,2,46,6,0,6,52
03/05/2021,FLG,AZ,AWP,CE,Federal Contract Tower,12,5,4,10,31,0,31,40,0,71,12,36,44,10,102,6,0,6,108
03/06/2021,FLG,AZ,AWP,CE,Federal Contract Tower,10,1,9,0,20,0,26,47,0,73,10,27,56,0,93,48,0,48,141
03/07/2021,FLG,AZ,AWP,CE,Federal Contract Tower,12,4,5,0,21,0,18,49,0,67,12,22,54,0,88,44,0,44,132
03/08/2021,FLG,AZ,AWP,CE,Federal Contract Tower,10,5,4,0,19,0,20,42,0,62,10,25,46,0,81,32,0,32,113
03/09/2021,FLG,AZ,AWP,CE,Federal Contract Tower,10,9,4,0,23,0,22,21,0,43,10,31,25,0,66,2,0,2,68
03/10/2021,FLG,AZ,AWP,CE,Federal Contract Tower,11,17,2,0,30,0,17,38,0,55,11,34,40,0,85,22,0,22,107
03/11/2021,FLG,AZ,AWP,CE,Federal Contract Tower,10,10,9,0,29,0,1,2,0,3,10,11,11,0,32,2,0,2,34
03/12/2021,FLG,AZ,AWP,CE,Federal Contract Tower,10,12,5,0,27,0,0,0,0,0,10,12,5,0,27,0,0,0,27
03/13/2021,FLG,AZ,AWP,CE,Federal Contract Tower,8,7,2,0,17,0,1,0,0,1,8,8,2,0,18,0,0,0,18
03/14/2021,FLG,AZ,AWP,CE,Federal Contract Tower,9,10,9,2,30,0,12,25,4,41,9,22,34,6,71,0,0,0,71
03/15/2021,FLG,AZ,AWP,CE,Federal Contract Tower,13,3,3,0,19,0,16,37,0,53,13,19,40,0,72,36,0,36,108
03/16/2021,FLG,AZ,AWP,CE,Federal Contract Tower,13,11,15,0,39,0,4,8,0,12,13,15,23,0,51,0,0,0,51
03/17/2021,FLG,AZ,AWP,CE,Federal Contract Tower,12,7,0,2,21,0,13,57,0,70,12,20,57,2,91,6,0,6,97
03/18/2021,FLG,AZ,AWP,CE,Federal Contract Tower,9,3,8,4,24,0,28,77,0,105,9,31,85,4,129,26,0,26,155
03/19/2021,FLG,AZ,AWP,CE,Federal Contract Tower,10,7,10,4,31,0,19,78,2,99,10,26,88,6,130,42,0,42,172
03/20/2021,FLG,AZ,AWP,CE,Federal Contract Tower,10,5,5,2,22,0,8,36,0,44,10,13,41,2,66,10,0,10,76
03/21/2021,FLG,AZ,AWP,CE,Federal Contract Tower,9,6,8,2,25,0,26,51,2,79,9,32,59,4,104,20,4,24,128
03/22/2021,FLG,AZ,AWP,CE,Federal Contract Tower,10,7,5,6,28,0,26,59,0,85,10,33,64,6,113,40,0,40,153
03/23/2021,FLG,AZ,AWP,CE,Federal Contract Tower,10,7,3,0,20,0,0,0,0,0,10,7,3,0,20,0,0,0,20
03/24/2021,FLG,AZ,AWP,CE,Federal Contract Tower,11,7,3,0,21,0,15,22,0,37,11,22,25,0,58,12,0,12,70
03/25/2021,FLG,AZ,AWP,CE,Federal Contract Tower,9,11,0,0,20,0,11,12,0,23,9,22,12,0,43,10,0,10,53
03/26/2021,FLG,AZ,AWP,CE,Federal Contract Tower,11,5,5,0,21,0,1,0,0,1,11,6,5,0,22,0,0,0,22
03/27/2021,FLG,AZ,AWP,CE,Federal Contract Tower,11,9,11,0,31,0,34,67,2,103,11,43,78,2,134,18,8,26,160
03/28/2021,FLG,AZ,AWP,CE,Federal Contract Tower,8,8,13,0,29,0,19,97,0,116,8,27,110,0,145,86,0,86,231
03/29/2021,FLG,AZ,AWP,CE,Federal Contract Tower,9,0,8,0,17,0,16,37,6,59,9,16,45,6,76,32,0,32,108
03/30/2021,FLG,AZ,AWP,CE,Federal Contract Tower,7,11,4,0,22,0,17,50,0,67,7,28,54,0,89,32,0,32,121
03/31/2021,FLG,AZ,AWP,CE,Federal Contract Tower,9,13,2,0,24,0,25,64,0,89,9,38,66,0,113,30,0,30,143
04/01/2021,FLG,AZ,AWP,CE,Federal Contract Tower,11,12,9,0,32,0,22,53,1,76,11,34,62,1,108,22,0,22,130
04/02/2021,FLG,AZ,AWP,CE,Federal Contract Tower,14,11,7,2,34,0,19,39,3,61,14,30,46,5,95,14,0,14,109
04/03/2021,FLG,AZ,AWP,CE,Federal Contract Tower,12,10,3,0,25,0,16,79,0,95,12,26,82,0,120,48,0,48,168
04/04/2021,FLG,AZ,AWP,CE,Federal Contract Tower,11,8,2,0,21,0,6,44,2,52,11,14,46,2,73,2,0,2,75
04/05/2021,FLG,AZ,AWP,CE,Federal Contract Tower,12,13,5,0,30,0,12,31,0,43,12,25,36,0,73,12,0,12,85
04/06/2021,FLG,AZ,AWP,CE,Federal Contract Tower,11,7,6,4,28,0,26,35,4,65,11,33,41,8,93,26,0,26,119
04/07/2021,FLG,AZ,AWP,CE,Federal Contract Tower,12,13,5,0,30,0,24,63,0,87,12,37,68,0,117,58,0,58,175
04/08/2021,FLG,AZ,AWP,CE,Federal Contract Tower,11,15,6,1,33,0,23,62,3,88,11,38,68,4,121,36,0,36,157
04/09/2021,FLG,AZ,AWP,CE,Federal Contract Tower,9,13,15,4,41,0,22,72,0,94,9,35,87,4,135,20,0,20,155
04/10/2021,FLG,AZ,AWP,CE,Federal Contract Tower,10,7,4,2,23,0,16,53,0,69,10,23,57,2,92,26,0,26,118
04/11/2021,FLG,AZ,AWP,CE,Federal Contract Tower,11,7,2,2,22,0,16,85,0,101,11,23,87,2,123,48,0,48,171
04/12/2021,FLG,AZ,AWP,CE,Federal Contract Tower,12,9,2,4,27,2,16,72,7,97,14,25,74,11,124,12,0,12,136
04/13/2021,FLG,AZ,AWP,CE,Federal Contract Tower,11,6,11,0,28,0,11,34,0,45,11,17,45,0,73,2,0,2,75
04/14/2021,FLG,AZ,AWP,CE,Federal Contract Tower,13,6,10,0,29,0,18,15,4,37,13,24,25,4,66,2,0,2,68
04/15/2021,FLG,AZ,AWP,CE,Federal Contract Tower,11,10,4,6,31,0,20,45,0,65,11,30,49,6,96,14,0,14,110
04/16/2021,FLG,AZ,AWP,CE,Federal Contract Tower,11,9,5,1,26,0,14,67,0,81,11,23,72,1,107,28,0,28,135
04/17/2021,FLG,AZ,AWP,CE,Federal Contract Tower,12,6,6,0,24,0,20,60,19,99,12,26,66,19,123,8,8,16,139
04/18/2021,FLG,AZ,AWP,CE,Federal Contract Tower,11,8,5,0,24,0,12,47,1,60,11,20,52,1,84,24,0,24,108
04/19/2021,FLG,AZ,AWP,CE,Federal Contract Tower,12,3,3,0,18,0,12,59,3,74,12,15,62,3,92,16,0,16,108
04/20/2021,FLG,AZ,AWP,CE,Federal Contract Tower,10,10,7,0,27,0,22,69,0,91,10,32,76,0,118,10,0,10,128
04/21/2021,FLG,AZ,AWP,CE,Federal Contract Tower,11,15,3,0,29,0,16,17,0,33,11,31,20,0,62,2,0,2,64
04/22/2021,FLG,AZ,AWP,CE,Federal Contract Tower,11,15,7,8,41,0,31,66,1,98,11,46,73,9,139,46,2,48,187
04/23/2021,FLG,AZ,AWP,CE,Federal Contract Tower,11,6,21,0,38,0,19,54,0,73,11,25,75,0,111,18,0,18,129
04/24/2021,FLG,AZ,AWP,CE,Federal Contract Tower,10,9,6,4,29,0,16,39,0,55,10,25,45,4,84,26,0,26,110
04/25/2021,FLG,AZ,AWP,CE,Federal Contract Tower,12,15,6,0,33,0,11,36,0,47,12,26,42,0,80,4,0,4,84
04/26/2021,FLG,AZ,AWP,CE,Federal Contract Tower,11,9,6,0,26,0,13,16,0,29,11,22,22,0,55,0,0,0,55
04/27/2021,FLG,AZ,AWP,CE,Federal Contract Tower,11,12,5,0,28,0,2,7,0,9,11,14,12,0,37,12,0,12,49
04/28/2021,FLG,AZ,AWP,CE,Federal Contract Tower,10,12,7,0,29,0,27,50,0,77,10,39,57,0,106,12,0,12,118
04/29/2021,FLG,AZ,AWP,CE,Federal Contract Tower,11,13,12,0,36,0,20,72,8,100,11,33,84,8,136,50,0,50,186
04/30/2021,FLG,AZ,AWP,CE,Federal Contract Tower,12,11,3,2,28,2,17,58,15,92,14,28,61,17,120,24,0,24,144
05/01/2021,FLG,AZ,AWP,CE,Federal Contract Tower,16,9,5,0,30,0,13,59,18,90,16,22,64,18,120,10,0,10,130
05/02/2021,FLG,AZ,AWP,CE,Federal Contract Tower,9,10,6,0,25,0,8,20,18,46,9,18,26,18,71,10,0,10,81
05/03/2021,FLG,AZ,AWP,CE,Federal Contract Tower,10,8,3,3,24,0,14,38,3,55,10,22,41,6,79,30,0,30,109
05/04/2021,FLG,AZ,AWP,CE,Federal Contract Tower,11,10,8,0,29,0,24,68,0,92,11,34,76,0,121,4,0,4,125
05/05/2021,FLG,AZ,AWP,CE,Federal Contract Tower,12,7,15,0,34,0,35,54,1,90,12,42,69,1,124,56,0,56,180
05/06/2021,FLG,AZ,AWP,CE,Federal Contract Tower,13,17,6,0,36,0,22,58,0,80,13,39,64,0,116,62,0,62,178
05/07/2021,FLG,AZ,AWP,CE,Federal Contract Tower,12,8,2,0,22,0,6,49,0,55,12,14,51,0,77,8,0,8,85
05/08/2021,FLG,AZ,AWP,CE,Federal Contract Tower,12,10,8,0,30,0,24,55,13,92,12,34,63,13,122,26,0,26,148
05/09/2021,FLG,AZ,AWP,CE,Federal Contract Tower,12,10,8,0,30,0,22,64,0,86,12,32,72,0,116,28,0,28,144
05/10/2021,FLG,AZ,AWP,CE,Federal Contract Tower,11,5,11,0,27,0,16,66,2,84,11,21,77,2,111,32,0,32,143
05/11/2021,FLG,AZ,AWP,CE,Federal Contract Tower,12,8,4,0,24,0,23,67,0,90,12,31,71,0,114,62,0,62,176
05/12/2021,FLG,AZ,AWP,CE,Federal Contract Tower,11,20,5,0,36,0,24,81,0,105,11,44,86,0,141,144,0,144,285
05/13/2021,FLG,AZ,AWP,CE,Federal Contract Tower,12,7,6,2,27,0,25,71,3,99,12,32,77,5,126,66,4,70,196
05/14/2021,FLG,AZ,AWP,CE,Federal Contract Tower,14,11,4,0,29,0,25,48,0,73,14,36,52,0,102,36,0,36,138
05/15/2021,FLG,AZ,AWP,CE,Federal Contract Tower,14,10,3,4,31,0,20,50,1,71,14,30,53,5,102,38,2,40,142
05/16/2021,FLG,AZ,AWP,CE,Federal Contract Tower,12,4,7,0,23,0,14,50,0,64,12,18,57,0,87,34,0,34,121
05/17/2021,FLG,AZ,AWP,CE,Federal Contract Tower,11,10,12,1,34,0,22,36,0,58,11,32,48,1,92,20,0,20,112
05/18/2021,FLG,AZ,AWP,CE,Federal Contract Tower,13,6,4,4,27,0,28,40,3,71,13,34,44,7,98,10,2,12,110
05/19/2021,FLG,AZ,AWP,CE,Federal Contract Tower,11,16,4,2,33,0,21,38,0,59,11,37,42,2,92,6,0,6,98
05/20/2021,FLG,AZ,AWP,CE,Federal Contract Tower,12,18,5,0,35,0,15,38,2,55,12,33,43,2,90,2,2,4,94
05/21/2021,FLG,AZ,AWP,CE,Federal Contract Tower,12,15,5,0,32,4,8,11,0,23,16,23,16,0,55,4,0,4,59
05/22/2021,FLG,AZ,AWP,CE,Federal Contract Tower,12,14,11,0,37,2,10,35,2,49,14,24,46,2,86,14,0,14,100
05/23/2021,FLG,AZ,AWP,CE,Federal Contract Tower,12,8,11,0,31,0,17,77,0,94,12,25,88,0,125,42,0,42,167
05/24/2021,FLG,AZ,AWP,CE,Federal Contract Tower,11,15,15,7,48,0,20,67,4,91,11,35,82,11,139,18,0,18,157
05/25/2021,FLG,AZ,AWP,CE,Federal Contract Tower,11,11,9,8,39,0,21,51,4,76,11,32,60,12,115,8,0,8,123
05/26/2021,FLG,AZ,AWP,CE,Federal Contract Tower,12,14,12,6,44,0,21,47,2,70,12,35,59,8,114,28,0,28,142
05/27/2021,FLG,AZ,AWP,CE,Federal Contract Tower,12,20,13,1,46,0,26,61,3,90,12,46,74,4,136,12,6,18,154
05/28/2021,FLG,AZ,AWP,CE,Federal Contract Tower,13,20,11,0,44,0,21,76,2,99,13,41,87,2,143,38,0,38,181
05/29/2021,FLG,AZ,AWP,CE,Federal Contract Tower,12,6,17,0,35,0,21,69,0,90,12,27,86,0,125,8,0,8,133
05/31/2021,FLG,AZ,AWP,CE,Federal Contract Tower,10,11,14,0,35,0,14,63,0,77,10,25,77,0,112,14,0,14,126
06/01/2021,FLG,AZ,AWP,CE,Federal Contract Tower,13,13,9,0,35,0,26,63,0,89,13,39,72,0,124,24,0,24,148
06/02/2021,FLG,AZ,AWP,CE,Federal Contract Tower,12,10,5,2,29,0,28,68,0,96,12,38,73,2,125,34,0,34,159
06/03/2021,FLG,AZ,AWP,CE,Federal Contract Tower,13,11,8,0,32,0,28,77,2,107,13,39,85,2,139,46,2,48,187
06/04/2021,FLG,AZ,AWP,CE,Federal Contract Tower,13,11,9,0,33,0,19,65,4,88,13,30,74,4,121,28,0,28,149
06/05/2021,FLG,AZ,AWP,CE,Federal Contract Tower,15,14,18,0,47,0,19,60,0,79,15,33,78,0,126,38,0,38,164
06/06/2021,FLG,AZ,AWP,CE,Federal Contract Tower,12,5,15,0,32,0,20,48,0,68,12,25,63,0,100,16,0,16,116
06/07/2021,FLG,AZ,AWP,CE,Federal Contract Tower,11,9,10,2,32,0,20,46,0,66,11,29,56,2,98,24,0,24,122
06/08/2021,FLG,AZ,AWP,CE,Federal Contract Tower,14,11,5,4,34,0,26,46,2,74,14,37,51,6,108,36,4,40,148
06/09/2021,FLG,AZ,AWP,CE,Federal Contract Tower,13,7,5,0,25,0,26,59,2,87,13,33,64,2,112,44,0,44,156
06/10/2021,FLG,AZ,AWP,CE,Federal Contract Tower,13,17,10,2,42,0,39,74,2,115,13,56,84,4,157,26,2,28,185
06/11/2021,FLG,AZ,AWP,CE,Federal Contract Tower,13,8,8,2,31,0,17,56,0,73,13,25,64,2,104,6,0,6,110
06/12/2021,FLG,AZ,AWP,CE,Federal Contract Tower,15,9,6,0,30,0,10,67,2,79,15,19,73,2,109,26,0,26,135
06/13/2021,FLG,AZ,AWP,CE,Federal Contract Tower,13,13,7,0,33,0,15,56,0,71,13,28,63,0,104,8,0,8,112
06/14/2021,FLG,AZ,AWP,CE,Federal Contract Tower,13,15,5,3,36,0,11,47,5,63,13,26,52,8,99,34,0,34,133
06/15/2021,FLG,AZ,AWP,CE,Federal Contract Tower,14,15,4,0,33,0,31,46,0,77,14,46,50,0,110,20,0,20,130
06/16/2021,FLG,AZ,AWP,CE,Federal Contract Tower,12,12,3,1,28,0,28,61,2,91,12,40,64,3,119,20,12,32,151
06/17/2021,FLG,AZ,AWP,CE,Federal Contract Tower,14,12,4,0,30,0,19,52,4,75,14,31,56,4,105,0,14,14,119
06/18/2021,FLG,AZ,AWP,CE,Federal Contract Tower,13,15,10,1,39,0,27,62,20,109,13,42,72,21,148,30,0,30,178
06/19/2021,FLG,AZ,AWP,CE,Federal Contract Tower,15,17,3,0,35,0,34,64,14,112,15,51,67,14,147,20,0,20,167
06/20/2021,FLG,AZ,AWP,CE,Federal Contract Tower,12,7,10,0,29,0,21,45,0,66,12,28,55,0,95,8,0,8,103
06/21/2021,FLG,AZ,AWP,CE,Federal Contract Tower,13,8,14,0,35,0,9,39,0,48,13,17,53,0,83,16,0,16,99
06/22/2021,FLG,AZ,AWP,CE,Federal Contract Tower,10,12,12,0,34,0,20,53,0,73,10,32,65,0,107,16,0,16,123
06/23/2021,FLG,AZ,AWP,CE,Federal Contract Tower,14,19,12,1,46,0,20,53,1,74,14,39,65,2,120,32,0,32,152
06/24/2021,FLG,AZ,AWP,CE,Federal Contract Tower,14,10,4,0,28,0,16,59,0,75,14,26,63,0,103,22,0,22,125
06/25/2021,FLG,AZ,AWP,CE,Federal Contract Tower,13,11,20,0,44,0,20,65,7,92,13,31,85,7,136,38,0,38,174
06/26/2021,FLG,AZ,AWP,CE,Federal Contract Tower,15,6,14,0,35,0,14,55,0,69,15,20,69,0,104,40,0,40,144
06/27/2021,FLG,AZ,AWP,CE,Federal Contract Tower,14,11,17,0,42,0,14,44,0,58,14,25,61,0,100,10,0,10,110
06/28/2021,FLG,AZ,AWP,CE,Federal Contract Tower,14,13,5,0,32,0,17,41,0,58,14,30,46,0,90,0,0,0,90
06/29/2021,FLG,AZ,AWP,CE,Federal Contract Tower,13,17,10,0,40,0,16,51,0,67,13,33,61,0,107,6,0,6,113
06/30/2021,FLG,AZ,AWP,CE,Federal Contract Tower,13,14,5,0,32,0,19,30,0,49,13,33,35,0,81,10,0,10,91
07/01/2021,FLG,AZ,AWP,CE,Federal Contract Tower,13,20,9,0,42,0,24,55,0,79,13,44,64,0,121,38,0,38,159
07/02/2021,FLG,AZ,AWP,CE,Federal Contract Tower,13,9,15,0,37,0,20,63,0,83,13,29,78,0,120,30,0,30,150
07/03/2021,FLG,AZ,AWP,CE,Federal Contract Tower,10,13,14,0,37,0,12,72,0,84,10,25,86,0,121,66,0,66,187
07/04/2021,FLG,AZ,AWP,CE,Federal Contract Tower,10,9,9,0,28,0,25,55,4,84,10,34,64,4,112,8,0,8,120
07/05/2021,FLG,AZ,AWP,CE,Federal Contract Tower,11,21,8,0,40,0,16,45,0,61,11,37,53,0,101,6,0,6,107
07/06/2021,FLG,AZ,AWP,CE,Federal Contract Tower,13,10,8,0,31,0,18,35,0,53,13,28,43,0,84,40,0,40,124
07/07/2021,FLG,AZ,AWP,CE,Federal Contract Tower,13,18,6,2,39,0,33,69,2,104,13,51,75,4,143,34,0,34,177
07/08/2021,FLG,AZ,AWP,CE,Federal Contract Tower,13,18,8,4,43,0,24,77,2,103,13,42,85,6,146,16,14,30,176
07/09/2021,FLG,AZ,AWP,CE,Federal Contract Tower,11,19,6,0,36,0,27,48,0,75,11,46,54,0,111,8,0,8,119
07/10/2021,FLG,AZ,AWP,CE,Federal Contract Tower,12,15,10,0,37,0,14,56,14,84,12,29,66,14,121,10,0,10,131
07/11/2021,FLG,AZ,AWP,CE,Federal Contract Tower,14,14,12,0,40,0,16,31,0,47,14,30,43,0,87,0,0,0,87
07/12/2021,FLG,AZ,AWP,CE,Federal Contract Tower,13,10,3,0,26,0,15,27,4,46,13,25,30,4,72,0,0,0,72
07/13/2021,FLG,AZ,AWP,CE,Federal Contract Tower,14,15,5,0,34,0,23,31,8,62,14,38,36,8,96,6,0,6,102
07/14/2021,FLG,AZ,AWP,CE,Federal Contract Tower,11,13,6,1,31,0,13,29,0,42,11,26,35,1,73,4,0,4,77
07/15/2021,FLG,AZ,AWP,CE,Federal Contract Tower,13,19,3,0,35,0,33,25,0,58,13,52,28,0,93,2,0,2,95
07/16/2021,FLG,AZ,AWP,CE,Federal Contract Tower,14,13,3,3,33,0,17,29,1,47,14,30,32,4,80,0,8,8,88
07/17/2021,FLG,AZ,AWP,CE,Federal Contract Tower,13,8,4,0,25,0,29,30,0,59,13,37,34,0,84,6,0,6,90
07/18/2021,FLG,AZ,AWP,CE,Federal Contract Tower,12,6,14,0,32,0,20,44,4,68,12,26,58,4,100,18,0,18,118
07/19/2021,FLG,AZ,AWP,CE,Federal Contract Tower,9,14,4,0,27,0,14,27,0,41,9,28,31,0,68,4,0,4,72
07/20/2021,FLG,AZ,AWP,CE,Federal Contract Tower,14,16,4,0,34,0,28,65,20,113,14,44,69,20,147,12,20,32,179
07/21/2021,FLG,AZ,AWP,CE,Federal Contract Tower,13,14,6,1,34,0,19,42,1,62,13,33,48,2,96,16,2,18,114
07/22/2021,FLG,AZ,AWP,CE,Federal Contract Tower,13,12,9,2,36,0,22,53,10,85,13,34,62,12,121,12,0,12,133
07/23/2021,FLG,AZ,AWP,CE,Federal Contract Tower,13,17,2,0,32,0,15,16,0,31,13,32,18,0,63,18,0,18,81
07/24/2021,FLG,AZ,AWP,CE,Federal Contract Tower,12,12,13,0,37,0,16,8,4,28,12,28,21,4,65,6,0,6,71
07/25/2021,FLG,AZ,AWP,CE,Federal Contract Tower,12,21,17,0,50,0,11,23,0,34,12,32,40,0,84,32,0,32,116
07/26/2021,FLG,AZ,AWP,CE,Federal Contract Tower,11,9,10,2,32,0,14,38,1,53,11,23,48,3,85,12,0,12,97
07/27/2021,FLG,AZ,AWP,CE,Federal Contract Tower,14,17,8,1,40,0,23,58,1,82,14,40,66,2,122,20,0,20,142
07/28/2021,FLG,AZ,AWP,CE,Federal Contract Tower,13,18,8,2,41,1,25,42,0,68,14,43,50,2,109,24,0,24,133
07/29/2021,FLG,AZ,AWP,CE,Federal Contract Tower,13,19,5,0,37,0,16,36,0,52,13,35,41,0,89,28,0,28,117
07/30/2021,FLG,AZ,AWP,CE,Federal Contract Tower,12,19,11,0,42,0,18,35,2,55,12,37,46,2,97,16,0,16,113
07/31/2021,FLG,AZ,AWP,CE,Federal Contract Tower,12,12,3,0,27,0,9,36,0,45,12,21,39,0,72,2,0,2,74
08/01/2021,FLG,AZ,AWP,CE,Federal Contract Tower,12,18,13,2,45,0,18,43,2,63,12,36,56,4,108,34,2,36,144
08/02/2021,FLG,AZ,AWP,CE,Federal Contract Tower,13,10,4,0,27,0,26,57,0,83,13,36,61,0,110,16,0,16,126
08/03/2021,FLG,AZ,AWP,CE,Federal Contract Tower,14,11,6,0,31,0,17,51,2,70,14,28,57,2,101,28,0,28,129
08/04/2021,FLG,AZ,AWP,CE,Federal Contract Tower,14,12,2,1,29,0,38,53,0,91,14,50,55,1,120,12,0,12,132
08/05/2021,FLG,AZ,AWP,CE,Federal Contract Tower,13,10,6,0,29,0,25,69,0,94,13,35,75,0,123,18,0,18,141
08/06/2021,FLG,AZ,AWP,CE,Federal Contract Tower,13,10,7,0,30,0,29,60,0,89,13,39,67,0,119,16,0,16,135
08/07/2021,FLG,AZ,AWP,CE,Federal Contract Tower,13,8,5,0,26,0,3,55,2,60,13,11,60,2,86,34,0,34,120
08/08/2021,FLG,AZ,AWP,CE,Federal Contract Tower,11,18,8,0,37,0,21,42,0,63,11,39,50,0,100,4,0,4,104
08/09/2021,FLG,AZ,AWP,CE,Federal Contract Tower,13,8,12,2,35,0,9,39,0,48,13,17,51,2,83,20,0,20,103
08/10/2021,FLG,AZ,AWP,CE,Federal Contract Tower,11,12,10,0,33,0,15,41,0,56,11,27,51,0,89,6,0,6,95
08/11/2021,FLG,AZ,AWP,CE,Federal Contract Tower,13,16,9,2,40,0,12,35,0,47,13,28,44,2,87,6,0,6,93
08/12/2021,FLG,AZ,AWP,CE,Federal Contract Tower,15,12,21,0,48,0,15,52,2,69,15,27,73,2,117,22,6,28,145
08/13/2021,FLG,AZ,AWP,CE,Federal Contract Tower,10,16,2,0,28,0,23,47,0,70,10,39,49,0,98,28,0,28,126
08/14/2021,FLG,AZ,AWP,CE,Federal Contract Tower,12,7,11,5,35,0,19,69,0,88,12,26,80,5,123,26,0,26,149
08/15/2021,FLG,AZ,AWP,CE,Federal Contract Tower,13,10,6,0,29,0,12,65,0,77,13,22,71,0,106,22,0,22,128
08/16/2021,FLG,AZ,AWP,CE,Federal Contract Tower,13,12,7,0,32,0,13,45,0,58,13,25,52,0,90,0,0,0,90
08/17/2021,FLG,AZ,AWP,CE,Federal Contract Tower,13,15,9,0,37,0,9,26,0,35,13,24,35,0,72,8,0,8,80
08/18/2021,FLG,AZ,AWP,CE,Federal Contract Tower,14,19,1,0,34,0,3,6,0,9,14,22,7,0,43,0,0,0,43
08/19/2021,FLG,AZ,AWP,CE,Federal Contract Tower,12,14,14,3,43,0,28,34,3,65,12,42,48,6,108,4,0,4,112
08/20/2021,FLG,AZ,AWP,CE,Federal Contract Tower,15,12,15,0,42,0,17,43,0,60,15,29,58,0,102,10,0,10,112
08/21/2021,FLG,AZ,AWP,CE,Federal Contract Tower,16,12,8,0,36,0,18,62,0,80,16,30,70,0,116,8,0,8,124
08/22/2021,FLG,AZ,AWP,CE,Federal Contract Tower,16,19,14,0,49,0,19,62,0,81,16,38,76,0,130,10,0,10,140
08/23/2021,FLG,AZ,AWP,CE,Federal Contract Tower,15,16,5,0,36,0,15,62,0,77,15,31,67,0,113,22,0,22,135
08/24/2021,FLG,AZ,AWP,CE,Federal Contract Tower,14,12,19,2,47,0,27,65,0,92,14,39,84,2,139,16,0,16,155
08/25/2021,FLG,AZ,AWP,CE,Federal Contract Tower,16,19,11,0,46,0,29,89,0,118,16,48,100,0,164,58,0,58,222
08/26/2021,FLG,AZ,AWP,CE,Federal Contract Tower,14,19,12,0,45,0,18,76,0,94,14,37,88,0,139,30,0,30,169
08/27/2021,FLG,AZ,AWP,CE,Federal Contract Tower,15,16,17,1,49,0,24,90,0,114,15,40,107,1,163,30,0,30,193
08/28/2021,FLG,AZ,AWP,CE,Federal Contract Tower,14,13,8,0,35,0,48,235,0,283,14,61,243,0,318,84,0,84,402
08/29/2021,FLG,AZ,AWP,CE,Federal Contract Tower,13,15,11,0,39,0,16,51,0,67,13,31,62,0,106,12,0,12,118
08/30/2021,FLG,AZ,AWP,CE,Federal Contract Tower,14,19,7,1,41,0,11,34,2,47,14,30,41,3,88,8,0,8,96
08/31/2021,FLG,AZ,AWP,CE,Federal Contract Tower,12,17,2,3,34,0,19,34,0,53,12,36,36,3,87,0,0,0,87
09/01/2021,FLG,AZ,AWP,CE,Federal Contract Tower,14,20,9,0,43,0,13,20,0,33,14,33,29,0,76,16,0,16,92
09/02/2021,FLG,AZ,AWP,CE,Federal Contract Tower,15,26,9,8,58,0,23,61,0,84,15,49,70,8,142,22,0,22,164
09/03/2021,FLG,AZ,AWP,CE,Federal Contract Tower,14,18,17,0,49,0,18,59,7,84,14,36,76,7,133,48,0,48,181
09/04/2021,FLG,AZ,AWP,CE,Federal Contract Tower,16,20,6,1,43,0,33,86,1,120,16,53,92,2,163,0,0,0,163
09/05/2021,FLG,AZ,AWP,CE,Federal Contract Tower,14,13,8,0,35,0,15,39,0,54,14,28,47,0,89,10,0,10,99
09/06/2021,FLG,AZ,AWP,CE,Federal Contract Tower,16,19,6,0,41,0,18,75,0,93,16,37,81,0,134,28,0,28,162
09/07/2021,FLG,AZ,AWP,CE,Federal Contract Tower,14,13,6,0,33,0,12,51,0,63,14,25,57,0,96,28,10,38,134
09/08/2021,FLG,AZ,AWP,CE,Federal Contract Tower,12,12,13,0,37,0,24,75,0,99,12,36,88,0,136,76,0,76,212
09/09/2021,FLG,AZ,AWP,CE,Federal Contract Tower,14,11,16,2,43,0,33,71,2,106,14,44,87,4,149,30,0,30,179
09/10/2021,FLG,AZ,AWP,CE,Federal Contract Tower,16,12,13,2,43,0,33,78,2,113,16,45,91,4,156,26,10,36,192
09/12/2021,FLG,AZ,AWP,CE,Federal Contract Tower,13,8,9,0,30,0,26,79,0,105,13,34,88,0,135,14,0,14,149
09/13/2021,FLG,AZ,AWP,CE,Federal Contract Tower,15,13,8,0,36,0,19,54,1,74,15,32,62,1,110,5,0,5,115
09/14/2021,FLG,AZ,AWP,CE,Federal Contract Tower,14,13,9,0,36,0,36,60,1,97,14,49,69,1,133,28,0,28,161
09/15/2021,FLG,AZ,AWP,CE,Federal Contract Tower,14,14,8,0,36,0,18,51,0,69,14,32,59,0,105,16,0,16,121
09/16/2021,FLG,AZ,AWP,CE,Federal Contract Tower,12,17,7,0,36,0,28,60,1,89,12,45,67,1,125,22,0,22,147
09/17/2021,FLG,AZ,AWP,CE,Federal Contract Tower,14,15,4,0,33,0,30,48,1,79,14,45,52,1,112,18,0,18,130
09/18/2021,FLG,AZ,AWP,CE,Federal Contract Tower,12,9,9,0,30,0,11,39,1,51,12,20,48,1,81,8,0,8,89
09/19/2021,FLG,AZ,AWP,CE,Federal Contract Tower,15,14,6,4,39,0,19,52,0,71,15,33,58,4,110,8,0,8,118
09/20/2021,FLG,AZ,AWP,CE,Federal Contract Tower,11,11,9,0,31,0,10,67,4,81,11,21,76,4,112,8,0,8,120
09/21/2021,FLG,AZ,AWP,CE,Federal Contract Tower,13,15,6,0,34,0,27,62,0,89,13,42,68,0,123,12,0,12,135
09/22/2021,FLG,AZ,AWP,CE,Federal Contract Tower,11,16,9,2,38,0,15,54,0,69,11,31,63,2,107,20,0,20,127
09/23/2021,FLG,AZ,AWP,CE,Federal Contract Tower,13,19,17,2,51,0,22,69,0,91,13,41,86,2,142,12,0,12,154
09/24/2021,FLG,AZ,AWP,CE,Federal Contract Tower,17,19,15,2,53,0,13,46,0,59,17,32,61,2,112,6,0,6,118
09/25/2021,FLG,AZ,AWP,CE,Federal Contract Tower,16,18,14,0,48,0,6,72,0,78,16,24,86,0,126,14,0,14,140
09/26/2021,FLG,AZ,AWP,CE,Federal Contract Tower,13,16,12,0,41,0,1,19,0,20,13,17,31,0,61,4,0,4,65
09/27/2021,FLG,AZ,AWP,CE,Federal Contract Tower,19,15,18,0,52,0,8,19,0,27,19,23,37,0,79,8,0,8,87
09/28/2021,FLG,AZ,AWP,CE,Federal Contract Tower,13,16,10,6,45,0,15,36,0,51,13,31,46,6,96,18,0,18,114
09/29/2021,FLG,AZ,AWP,CE,Federal Contract Tower,14,15,8,1,38,0,13,65,1,79,14,28,73,2,117,42,14,56,173
09/30/2021,FLG,AZ,AWP,CE,Federal Contract Tower,15,17,18,0,50,0,13,73,2,88,15,30,91,2,138,30,0,30,168
10/01/2021,FLG,AZ,AWP,CE,Federal Contract Tower,13,6,12,3,34,0,19,81,1,101,13,25,93,4,135,18,20,38,173
10/02/2021,FLG,AZ,AWP,CE,Federal Contract Tower,13,7,3,0,23,0,13,48,0,61,13,20,51,0,84,34,0,34,118
10/03/2021,FLG,AZ,AWP,CE,Federal Contract Tower,13,7,17,0,37,0,14,73,0,87,13,21,90,0,124,26,0,26,150
10/04/2021,FLG,AZ,AWP,CE,Federal Contract Tower,13,7,10,2,32,0,18,67,0,85,13,25,77,2,117,38,0,38,155
10/05/2021,FLG,AZ,AWP,CE,Federal Contract Tower,14,4,11,0,29,0,3,2,0,5,14,7,13,0,34,0,0,0,34
10/06/2021,FLG,AZ,AWP,CE,Federal Contract Tower,14,7,13,6,40,0,29,62,0,91,14,36,75,6,131,78,0,78,209
10/07/2021,FLG,AZ,AWP,CE,Federal Contract Tower,13,11,15,8,47,0,25,68,2,95,13,36,83,10,142,50,2,52,194
10/08/2021,FLG,AZ,AWP,CE,Federal Contract Tower,13,22,12,0,47,0,21,29,0,50,13,43,41,0,97,4,0,4,101
10/09/2021,FLG,AZ,AWP,CE,Federal Contract Tower,13,7,9,0,29,0,15,68,0,83,13,22,77,0,112,6,0,6,118
10/10/2021,FLG,AZ,AWP,CE,Federal Contract Tower,14,6,8,0,28,0,17,85,0,102,14,23,93,0,130,12,0,12,142
10/11/2021,FLG,AZ,AWP,CE,Federal Contract Tower,17,8,13,0,38,0,7,37,0,44,17,15,50,0,82,0,0,0,82
10/12/2021,FLG,AZ,AWP,CE,Federal Contract Tower,15,5,4,1,25,0,6,19,3,28,15,11,23,4,53,0,0,0,53
10/13/2021,FLG,AZ,AWP,CE,Federal Contract Tower,15,8,14,2,39,0,21,76,0,97,15,29,90,2,136,50,0,50,186
10/14/2021,FLG,AZ,AWP,CE,Federal Contract Tower,12,5,14,0,31,0,21,48,0,69,12,26,62,0,100,56,0,56,156
10/15/2021,FLG,AZ,AWP,CE,Federal Contract Tower,14,8,18,2,42,0,19,26,0,45,14,27,44,2,87,0,0,0,87
10/16/2021,FLG,AZ,AWP,CE,Federal Contract Tower,14,6,10,0,30,0,11,57,2,70,14,17,67,2,100,18,0,18,118
10/17/2021,FLG,AZ,AWP,CE,Federal Contract Tower,13,6,13,0,32,0,15,43,0,58,13,21,56,0,90,6,0,6,96
10/18/2021,FLG,AZ,AWP,CE,Federal Contract Tower,13,11,8,0,32,0,16,9,0,25,13,27,17,0,57,0,0,0,57
10/19/2021,FLG,AZ,AWP,CE,Federal Contract Tower,16,6,3,0,25,0,21,52,0,73,16,27,55,0,98,18,0,18,116
10/20/2021,FLG,AZ,AWP,CE,Federal Contract Tower,13,8,11,6,38,0,10,47,10,67,13,18,58,16,105,24,6,30,135
10/21/2021,FLG,AZ,AWP,CE,Federal Contract Tower,11,5,9,2,27,0,21,47,0,68,11,26,56,2,95,12,0,12,107
10/22/2021,FLG,AZ,AWP,CE,Federal Contract Tower,9,4,8,0,21,0,17,49,6,72,9,21,57,6,93,18,0,18,111
10/23/2021,FLG,AZ,AWP,CE,Federal Contract Tower,12,10,5,0,27,0,19,56,0,75,12,29,61,0,102,0,0,0,102
10/24/2021,FLG,AZ,AWP,CE,Federal Contract Tower,15,8,5,0,28,0,18,40,0,58,15,26,45,0,86,4,0,4,90
10/25/2021,FLG,AZ,AWP,CE,Federal Contract Tower,13,6,9,2,30,0,19,23,1,43,13,25,32,3,73,8,0,8,81
10/26/2021,FLG,AZ,AWP,CE,Federal Contract Tower,12,11,3,0,26,0,17,17,3,37,12,28,20,3,63,0,0,0,63
10/27/2021,FLG,AZ,AWP,CE,Federal Contract Tower,14,9,8,0,31,0,19,32,2,53,14,28,40,2,84,22,0,22,106
10/28/2021,FLG,AZ,AWP,CE,Federal Contract Tower,15,11,12,0,38,0,7,29,1,37,15,18,41,1,75,6,0,6,81
10/29/2021,FLG,AZ,AWP,CE,Federal Contract Tower,16,6,7,0,29,0,17,46,3,66,16,23,53,3,95,22,4,26,121
10/30/2021,FLG,AZ,AWP,CE,Federal Contract Tower,15,4,6,0,25,0,13,46,0,59,15,17,52,0,84,28,0,28,112
10/31/2021,FLG,AZ,AWP,CE,Federal Contract Tower,12,9,6,0,27,0,12,60,0,72,12,21,66,0,99,38,0,38,137
11/01/2021,FLG,AZ,AWP,CE,Federal Contract Tower,11,10,13,4,38,0,20,31,0,51,11,30,44,4,89,20,0,20,109
11/02/2021,FLG,AZ,AWP,CE,Federal Contract Tower,10,9,14,1,34,0,21,43,0,64,10,30,57,1,98,16,0,16,114
11/03/2021,FLG,AZ,AWP,CE,Federal Contract Tower,9,7,8,0,24,0,10,36,0,46,9,17,44,0,70,24,0,24,94
11/04/2021,FLG,AZ,AWP,CE,Federal Contract Tower,9,9,6,0,24,0,24,59,0,83,9,33,65,0,107,16,0,16,123
11/05/2021,FLG,AZ,AWP,CE,Federal Contract Tower,9,4,8,0,21,0,18,67,0,85,9,22,75,0,106,32,0,32,138
11/06/2021,FLG,AZ,AWP,CE,Federal Contract Tower,11,16,17,0,44,0,13,67,0,80,11,29,84,0,124,36,0,36,160
11/07/2021,FLG,AZ,AWP,CE,Federal Contract Tower,7,8,27,0,42,0,20,61,0,81,7,28,88,0,123,28,0,28,151
11/08/2021,FLG,AZ,AWP,CE,Federal Contract Tower,7,5,6,0,18,0,15,29,0,44,7,20,35,0,62,8,0,8,70
11/09/2021,FLG,AZ,AWP,CE,Federal Contract Tower,6,7,14,1,28,0,17,47,1,65,6,24,61,2,93,16,6,22,115
11/10/2021,FLG,AZ,AWP,CE,Federal Contract Tower,10,10,7,2,29,0,21,68,0,89,10,31,75,2,118,30,0,30,148
11/11/2021,FLG,AZ,AWP,CE,Federal Contract Tower,9,11,3,2,25,0,24,54,0,78,9,35,57,2,103,30,0,30,133
11/12/2021,FLG,AZ,AWP,CE,Federal Contract Tower,11,9,7,0,27,0,21,54,0,75,11,30,61,0,102,12,0,12,114
11/13/2021,FLG,AZ,AWP,CE,Federal Contract Tower,10,7,4,0,21,0,9,50,0,59,10,16,54,0,80,12,0,12,92
11/14/2021,FLG,AZ,AWP,CE,Federal Contract Tower,9,6,7,0,22,0,12,46,19,77,9,18,53,19,99,14,0,14,113
11/15/2021,FLG,AZ,AWP,CE,Federal Contract Tower,9,10,8,0,27,0,18,42,2,62,9,28,50,2,89,18,0,18,107
11/16/2021,FLG,AZ,AWP,CE,Federal Contract Tower,9,13,6,0,28,0,19,30,2,51,9,32,36,2,79,12,0,12,91
11/17/2021,FLG,AZ,AWP,CE,Federal Contract Tower,7,15,8,3,33,0,11,58,1,70,7,26,66,4,103,28,0,28,131
11/18/2021,FLG,AZ,AWP,CE,Federal Contract Tower,6,7,7,0,20,0,12,41,0,53,6,19,48,0,73,22,0,22,95
11/19/2021,FLG,AZ,AWP,CE,Federal Contract Tower,9,6,2,0,17,0,13,65,0,78,9,19,67,0,95,14,0,14,109
11/20/2021,FLG,AZ,AWP,CE,Federal Contract Tower,8,9,5,0,22,0,21,52,0,73,8,30,57,0,95,18,0,18,113
11/21/2021,FLG,AZ,AWP,CE,Federal Contract Tower,8,6,10,0,24,0,6,33,0,39,8,12,43,0,63,12,0,12,75
11/22/2021,FLG,AZ,AWP,CE,Federal Contract Tower,7,6,8,2,23,0,19,49,0,68,7,25,57,2,91,22,0,22,113
11/23/2021,FLG,AZ,AWP,CE,Federal Contract Tower,6,14,20,2,42,0,1,14,0,15,6,15,34,2,57,6,0,6,63
11/24/2021,FLG,AZ,AWP,CE,Federal Contract Tower,8,18,11,2,39,0,31,48,0,79,8,49,59,2,118,0,0,0,118
11/25/2021,FLG,AZ,AWP,CE,Federal Contract Tower,6,5,3,0,14,0,7,11,0,18,6,12,14,0,32,0,0,0,32
11/26/2021,FLG,AZ,AWP,CE,Federal Contract Tower,6,11,5,0,22,0,24,51,0,75,6,35,56,0,97,10,0,10,107
11/27/2021,FLG,AZ,AWP,CE,Federal Contract Tower,10,7,16,0,33,0,10,42,0,52,10,17,58,0,85,30,0,30,115
11/28/2021,FLG,AZ,AWP,CE,Federal Contract Tower,8,8,8,0,24,0,5,25,0,30,8,13,33,0,54,0,0,0,54
11/29/2021,FLG,AZ,AWP,CE,Federal Contract Tower,7,8,5,0,20,0,20,37,0,57,7,28,42,0,77,34,0,34,111
11/30/2021,FLG,AZ,AWP,CE,Federal Contract Tower,6,11,5,6,28,0,21,53,0,74,6,32,58,6,102,18,0,18,120
12/01/2021,FLG,AZ,AWP,CE,Federal Contract Tower,9,7,5,0,21,0,16,68,1,85,9,23,73,1,106,34,0,34,140
12/02/2021,FLG,AZ,AWP,CE,Federal Contract Tower,8,9,3,0,20,0,18,57,4,79,8,27,60,4,99,40,4,44,143
12/03/2021,FLG,AZ,AWP,CE,Federal Contract Tower,9,9,7,2,27,0,8,69,3,80,9,17,76,5,107,24,10,34,141
12/04/2021,FLG,AZ,AWP,CE,Federal Contract Tower,9,10,4,1,24,0,43,36,4,83,9,53,40,5,107,14,8,22,129
12/05/2021,FLG,AZ,AWP,CE,Federal Contract Tower,8,2,0,1,11,0,16,44,3,63,8,18,44,4,74,4,8,12,86
12/06/2021,FLG,AZ,AWP,CE,Federal Contract Tower,9,16,2,2,29,0,14,41,1,56,9,30,43,3,85,14,0,14,99
12/07/2021,FLG,AZ,AWP,CE,Federal Contract Tower,8,13,3,0,24,0,9,18,0,27,8,22,21,0,51,6,0,6,57
12/08/2021,FLG,AZ,AWP,CE,Federal Contract Tower,9,15,4,0,28,0,20,18,0,38,9,35,22,0,66,20,0,20,86
12/09/2021,FLG,AZ,AWP,CE,Federal Contract Tower,12,14,8,0,34,0,0,0,0,0,12,14,8,0,34,0,0,0,34
12/10/2021,FLG,AZ,AWP,CE,Federal Contract Tower,7,10,10,0,27,0,19,26,0,45,7,29,36,0,72,30,0,30,102
12/11/2021,FLG,AZ,AWP,CE,Federal Contract Tower,12,8,3,0,23,0,22,53,2,77,12,30,56,2,100,26,2,28,128
12/12/2021,FLG,AZ,AWP,CE,Federal Contract Tower,9,3,3,0,15,0,9,53,0,62,9,12,56,0,77,22,0,22,99
12/13/2021,FLG,AZ,AWP,CE,Federal Contract Tower,0,12,5,1,18,0,16,31,4,51,0,28,36,5,69,10,0,10,79
12/14/2021,FLG,AZ,AWP,CE,Federal Contract Tower,10,19,2,0,31,0,1,0,0,1,10,20,2,0,32,0,0,0,32
12/15/2021,FLG,AZ,AWP,CE,Federal Contract Tower,5,3,1,0,9,0,27,21,0,48,5,30,22,0,57,30,0,30,87
12/16/2021,FLG,AZ,AWP,CE,Federal Contract Tower,6,8,9,1,24,0,19,60,2,81,6,27,69,3,105,34,0,34,139
12/17/2021,FLG,AZ,AWP,CE,Federal Contract Tower,8,10,4,0,22,0,23,35,2,60,8,33,39,2,82,2,2,4,86
12/18/2021,FLG,AZ,AWP,CE,Federal Contract Tower,8,9,8,0,25,0,17,32,4,53,8,26,40,4,78,18,0,18,96
12/19/2021,FLG,AZ,AWP,CE,Federal Contract Tower,8,5,3,0,16,0,35,48,0,83,8,40,51,0,99,30,0,30,129
12/20/2021,FLG,AZ,AWP,CE,Federal Contract Tower,8,13,2,0,23,0,26,26,0,52,8,39,28,0,75,5,0,5,80
12/21/2021,FLG,AZ,AWP,CE,Federal Contract Tower,8,11,6,0,25,0,15,47,0,62,8,26,53,0,87,40,0,40,127
12/22/2021,FLG,AZ,AWP,CE,Federal Contract Tower,8,6,9,3,26,0,25,63,0,88,8,31,72,3,114,42,2,44,158
12/23/2021,FLG,AZ,AWP,CE,Federal Contract Tower,9,15,5,0,29,0,9,16,0,25,9,24,21,0,54,6,0,6,60
12/24/2021,FLG,AZ,AWP,CE,Federal Contract Tower,4,6,3,0,13,0,0,0,0,0,4,6,3,0,13,0,0,0,13
12/25/2021,FLG,AZ,AWP,CE,Federal Contract Tower,6,2,0,0,8,0,0,0,0,0,6,2,0,0,8,0,0,0,8
12/26/2021,FLG,AZ,AWP,CE,Federal Contract Tower,8,11,7,0,26,0,1,1,0,2,8,12,8,0,28,0,0,0,28
12/27/2021,FLG,AZ,AWP,CE,Federal Contract Tower,8,9,9,0,26,0,1,1,0,2,8,10,10,0,28,0,0,0,28
12/28/2021,FLG,AZ,AWP,CE,Federal Contract Tower,0,0,0,0,0,0,0,0,0,0,0,0,0,0,0,0,0,0,0
12/29/2021,FLG,AZ,AWP,CE,Federal Contract Tower,0,12,0,0,12,0,0,0,0,0,0,12,0,0,12,0,0,0,12
12/30/2021,FLG,AZ,AWP,CE,Federal Contract Tower,6,10,6,0,22,0,0,1,0,1,6,10,7,0,23,0,0,0,23
12/31/2021,FLG,AZ,AWP,CE,Federal Contract Tower,7,4,3,0,14,0,0,0,0,0,7,4,3,0,14,0,0,0,14
01/01/2022,FLG,AZ,AWP,CE,Federal Contract Tower,6,6,3,0,15,0,14,12,0,26,6,20,15,0,41,6,0,6,47
01/02/2022,FLG,AZ,AWP,CE,Federal Contract Tower,8,5,9,0,22,0,10,29,0,39,8,15,38,0,61,6,0,6,67
01/03/2022,FLG,AZ,AWP,CE,Federal Contract Tower,8,7,4,2,21,0,10,60,1,71,8,17,64,3,92,32,0,32,124
01/04/2022,FLG,AZ,AWP,CE,Federal Contract Tower,6,2,1,2,11,0,15,37,0,52,6,17,38,2,63,12,0,12,75
01/05/2022,FLG,AZ,AWP,CE,Federal Contract Tower,6,7,8,2,23,0,13,55,0,68,6,20,63,2,91,24,0,24,115
01/06/2022,FLG,AZ,AWP,CE,Federal Contract Tower,7,5,12,6,30,0,12,69,6,87,7,17,81,12,117,10,0,10,127
01/07/2022,FLG,AZ,AWP,CE,Federal Contract Tower,7,11,3,0,21,0,13,48,0,61,7,24,51,0,82,6,0,6,88
01/08/2022,FLG,AZ,AWP,CE,Federal Contract Tower,6,8,3,0,17,0,15,48,0,63,6,23,51,0,80,14,0,14,94
01/09/2022,FLG,AZ,AWP,CE,Federal Contract Tower,7,1,7,0,15,0,16,41,0,57,7,17,48,0,72,18,0,18,90
01/10/2022,FLG,AZ,AWP,CE,Federal Contract Tower,5,3,8,0,16,0,8,38,0,46,5,11,46,0,62,20,0,20,82
01/11/2022,FLG,AZ,AWP,CE,Federal Contract Tower,5,6,2,4,17,0,19,55,0,74,5,25,57,4,91,58,0,58,149
01/12/2022,FLG,AZ,AWP,CE,Federal Contract Tower,8,11,0,0,19,0,15,49,2,66,8,26,49,2,85,36,0,36,121
01/13/2022,FLG,AZ,AWP,CE,Federal Contract Tower,7,5,5,0,17,0,15,63,0,78,7,20,68,0,95,40,0,40,135
01/14/2022,FLG,AZ,AWP,CE,Federal Contract Tower,8,1,7,0,16,0,15,51,0,66,8,16,58,0,82,22,0,22,104
01/15/2022,FLG,AZ,AWP,CE,Federal Contract Tower,5,4,5,0,14,0,27,40,4,71,5,31,45,4,85,12,0,12,97
01/16/2022,FLG,AZ,AWP,CE,Federal Contract Tower,5,5,7,0,17,0,8,72,0,80,5,13,79,0,97,12,0,12,109
01/17/2022,FLG,AZ,AWP,CE,Federal Contract Tower,8,4,4,2,18,0,13,56,0,69,8,17,60,2,87,72,2,74,161
01/18/2022,FLG,AZ,AWP,CE,Federal Contract Tower,5,6,15,0,26,0,14,14,0,28,5,20,29,0,54,10,0,10,64
01/19/2022,FLG,AZ,AWP,CE,Federal Contract Tower,6,13,5,0,24,0,12,51,0,63,6,25,56,0,87,62,0,62,149
01/20/2022,FLG,AZ,AWP,CE,Federal Contract Tower,7,4,2,0,13,0,21,65,0,86,7,25,67,0,99,34,0,34,133
01/21/2022,FLG,AZ,AWP,CE,Federal Contract Tower,6,4,19,3,32,0,14,47,1,62,6,18,66,4,94,44,2,46,140
01/22/2022,FLG,AZ,AWP,CE,Federal Contract Tower,7,8,13,0,28,0,1,1,0,2,7,9,14,0,30,0,0,0,30
01/23/2022,FLG,AZ,AWP,CE,Federal Contract Tower,3,8,6,0,17,0,12,71,6,89,3,20,77,6,106,56,0,56,162
01/24/2022,FLG,AZ,AWP,CE,Federal Contract Tower,7,5,5,0,17,0,12,66,4,82,7,17,71,4,99,58,0,58,157
01/25/2022,FLG,AZ,AWP,CE,Federal Contract Tower,5,8,11,0,24,0,20,67,0,87,5,28,78,0,111,56,0,56,167
01/26/2022,FLG,AZ,AWP,CE,Federal Contract Tower,7,4,11,4,26,0,9,69,6,84,7,13,80,10,110,68,0,68,178
01/27/2022,FLG,AZ,AWP,CE,Federal Contract Tower,5,11,1,0,17,1,5,57,7,70,6,16,58,7,87,28,0,28,115
01/28/2022,FLG,AZ,AWP,CE,Federal Contract Tower,5,4,4,8,21,0,18,36,4,58,5,22,40,12,79,6,0,6,85
01/29/2022,FLG,AZ,AWP,CE,Federal Contract Tower,5,1,3,0,9,0,22,36,0,58,5,23,39,0,67,6,0,6,73
01/30/2022,FLG,AZ,AWP,CE,Federal Contract Tower,5,2,6,0,13,0,8,51,0,59,5,10,57,0,72,16,0,16,88
01/31/2022,FLG,AZ,AWP,CE,Federal Contract Tower,4,12,9,0,25,0,24,48,0,72,4,36,57,0,97,0,0,0,97
02/01/2022,FLG,AZ,AWP,CE,Federal Contract Tower,4,8,3,1,16,0,19,42,0,61,4,27,45,1,77,14,0,14,91
02/02/2022,FLG,AZ,AWP,CE,Federal Contract Tower,5,7,2,6,20,0,8,32,5,45,5,15,34,11,65,10,2,12,77
02/03/2022,FLG,AZ,AWP,CE,Federal Contract Tower,3,7,8,2,20,0,13,49,0,62,3,20,57,2,82,30,0,30,112
02/04/2022,FLG,AZ,AWP,CE,Federal Contract Tower,3,5,7,4,19,0,15,44,0,59,3,20,51,4,78,20,0,20,98
02/05/2022,FLG,AZ,AWP,CE,Federal Contract Tower,3,1,4,1,9,0,17,54,1,72,3,18,58,2,81,16,2,18,99
02/06/2022,FLG,AZ,AWP,CE,Federal Contract Tower,4,3,15,0,22,0,10,33,0,43,4,13,48,0,65,14,0,14,79
02/07/2022,FLG,AZ,AWP,CE,Federal Contract Tower,4,4,2,2,12,0,22,54,0,76,4,26,56,2,88,12,0,12,100
02/08/2022,FLG,AZ,AWP,CE,Federal Contract Tower,4,3,2,0,9,0,12,43,0,55,4,15,45,0,64,26,0,26,90
02/09/2022,FLG,AZ,AWP,CE,Federal Contract Tower,2,5,10,0,17,0,10,70,0,80,2,15,80,0,97,56,0,56,153
02/10/2022,FLG,AZ,AWP,CE,Federal Contract Tower,6,11,4,1,22,0,5,42,0,47,6,16,46,1,69,42,0,42,111
02/11/2022,FLG,AZ,AWP,CE,Federal Contract Tower,4,6,7,10,27,0,11,59,1,71,4,17,66,11,98,44,0,44,142
02/12/2022,FLG,AZ,AWP,CE,Federal Contract Tower,4,8,2,1,15,0,28,45,4,77,4,36,47,5,92,24,0,24,116
02/13/2022,FLG,AZ,AWP,CE,Federal Contract Tower,4,5,7,1,17,0,11,53,0,64,4,16,60,1,81,42,0,42,123
02/14/2022,FLG,AZ,AWP,CE,Federal Contract Tower,6,11,6,0,23,0,15,37,0,52,6,26,43,0,75,20,0,20,95
02/15/2022,FLG,AZ,AWP,CE,Federal Contract Tower,5,8,1,2,16,0,17,20,0,37,5,25,21,2,53,4,0,4,57
02/16/2022,FLG,AZ,AWP,CE,Federal Contract Tower,7,15,11,0,33,0,6,26,0,32,7,21,37,0,65,12,0,12,77
02/17/2022,FLG,AZ,AWP,CE,Federal Contract Tower,5,10,6,2,23,0,11,28,0,39,5,21,34,2,62,0,0,0,62
02/18/2022,FLG,AZ,AWP,CE,Federal Contract Tower,3,9,5,0,17,0,11,49,0,60,3,20,54,0,77,30,0,30,107
02/19/2022,FLG,AZ,AWP,CE,Federal Contract Tower,8,7,10,0,25,0,4,77,0,81,8,11,87,0,106,4,0,4,110
02/20/2022,FLG,AZ,AWP,CE,Federal Contract Tower,7,7,7,0,21,0,9,48,5,62,7,16,55,5,83,2,10,12,95
02/21/2022,FLG,AZ,AWP,CE,Federal Contract Tower,9,7,2,0,18,2,17,3,0,22,11,24,5,0,40,0,0,0,40
02/22/2022,FLG,AZ,AWP,CE,Federal Contract Tower,5,12,7,0,24,0,0,0,0,0,5,12,7,0,24,0,0,0,24
02/23/2022,FLG,AZ,AWP,CE,Federal Contract Tower,0,0,0,0,0,0,0,0,0,0,0,0,0,0,0,0,0,0,0
02/24/2022,FLG,AZ,AWP,CE,Federal Contract Tower,2,6,8,0,16,0,15,25,0,40,2,21,33,0,56,24,0,24,80
02/25/2022,FLG,AZ,AWP,CE,Federal Contract Tower,4,9,2,1,16,0,14,35,2,51,4,23,37,3,67,20,0,20,87
02/26/2022,FLG,AZ,AWP,CE,Federal Contract Tower,5,9,6,2,22,0,12,50,0,62,5,21,56,2,84,10,2,12,96
02/27/2022,FLG,AZ,AWP,CE,Federal Contract Tower,5,8,6,0,19,0,5,40,0,45,5,13,46,0,64,8,0,8,72
02/28/2022,FLG,AZ,AWP,CE,Federal Contract Tower,7,8,4,0,19,0,13,37,0,50,7,21,41,0,69,26,0,26,95
03/01/2022,FLG,AZ,AWP,CE,Federal Contract Tower,5,16,2,0,23,0,10,47,0,57,5,26,49,0,80,28,0,28,108
03/02/2022,FLG,AZ,AWP,CE,Federal Contract Tower,5,13,3,0,21,0,23,80,0,103,5,36,83,0,124,56,0,56,180
03/03/2022,FLG,AZ,AWP,CE,Federal Contract Tower,8,9,5,0,22,0,18,72,0,90,8,27,77,0,112,24,0,24,136
03/04/2022,FLG,AZ,AWP,CE,Federal Contract Tower,9,7,8,0,24,0,12,7,1,20,9,19,15,1,44,0,0,0,44
03/05/2022,FLG,AZ,AWP,CE,Federal Contract Tower,10,6,2,0,18,0,0,0,0,0,10,6,2,0,18,0,0,0,18
03/06/2022,FLG,AZ,AWP,CE,Federal Contract Tower,5,17,5,0,27,0,16,26,0,42,5,33,31,0,69,18,0,18,87
03/07/2022,FLG,AZ,AWP,CE,Federal Contract Tower,6,11,1,2,20,0,7,8,2,17,6,18,9,4,37,16,0,16,53
03/08/2022,FLG,AZ,AWP,CE,Federal Contract Tower,8,14,6,1,29,0,15,71,0,86,8,29,77,1,115,48,16,64,179
03/09/2022,FLG,AZ,AWP,CE,Federal Contract Tower,8,13,5,2,28,0,17,47,3,67,8,30,52,5,95,40,0,40,135
03/10/2022,FLG,AZ,AWP,CE,Federal Contract Tower,8,9,3,0,20,0,0,0,0,0,8,9,3,0,20,0,0,0,20
03/11/2022,FLG,AZ,AWP,CE,Federal Contract Tower,7,7,8,2,24,0,30,29,0,59,7,37,37,2,83,12,0,12,95
03/12/2022,FLG,AZ,AWP,CE,Federal Contract Tower,9,6,4,0,19,0,7,58,0,65,9,13,62,0,84,26,0,26,110
03/13/2022,FLG,AZ,AWP,CE,Federal Contract Tower,6,6,8,1,21,0,6,54,3,63,6,12,62,4,84,34,8,42,126
03/14/2022,FLG,AZ,AWP,CE,Federal Contract Tower,7,12,3,3,25,0,16,38,0,54,7,28,41,3,79,28,4,32,111
03/15/2022,FLG,AZ,AWP,CE,Federal Contract Tower,8,8,2,0,18,0,26,76,0,102,8,34,78,0,120,56,0,56,176
03/16/2022,FLG,AZ,AWP,CE,Federal Contract Tower,6,9,4,0,19,0,15,36,0,51,6,24,40,0,70,12,0,12,82
03/17/2022,FLG,AZ,AWP,CE,Federal Contract Tower,8,9,1,2,20,0,18,81,0,99,8,27,82,2,119,118,0,118,237
03/18/2022,FLG,AZ,AWP,CE,Federal Contract Tower,10,5,10,1,26,0,13,69,0,82,10,18,79,1,108,38,0,38,146
03/19/2022,FLG,AZ,AWP,CE,Federal Contract Tower,12,8,16,0,36,0,9,45,0,54,12,17,61,0,90,26,0,26,116
03/20/2022,FLG,AZ,AWP,CE,Federal Contract Tower,5,17,6,0,28,0,10,10,0,20,5,27,16,0,48,0,0,0,48
03/21/2022,FLG,AZ,AWP,CE,Federal Contract Tower,6,13,6,3,28,0,11,22,2,35,6,24,28,5,63,4,0,4,67
03/22/2022,FLG,AZ,AWP,CE,Federal Contract Tower,6,5,8,0,19,0,13,33,2,48,6,18,41,2,67,22,0,22,89
03/23/2022,FLG,AZ,AWP,CE,Federal Contract Tower,6,9,5,2,22,0,12,47,0,59,6,21,52,2,81,40,4,44,125
03/24/2022,FLG,AZ,AWP,CE,Federal Contract Tower,8,6,4,2,20,0,19,65,0,84,8,25,69,2,104,62,0,62,166
03/25/2022,FLG,AZ,AWP,CE,Federal Contract Tower,7,10,11,4,32,0,8,52,0,60,7,18,63,4,92,36,0,36,128
03/26/2022,FLG,AZ,AWP,CE,Federal Contract Tower,12,10,8,2,32,0,11,57,0,68,12,21,65,2,100,30,0,30,130
03/27/2022,FLG,AZ,AWP,CE,Federal Contract Tower,5,14,4,2,25,0,14,36,0,50,5,28,40,2,75,4,0,4,79
03/28/2022,FLG,AZ,AWP,CE,Federal Contract Tower,6,17,3,2,28,0,9,22,4,35,6,26,25,6,63,0,0,0,63
03/29/2022,FLG,AZ,AWP,CE,Federal Contract Tower,6,16,7,0,29,0,1,0,0,1,6,17,7,0,30,0,0,0,30
03/30/2022,FLG,AZ,AWP,CE,Federal Contract Tower,6,6,7,0,19,0,23,57,0,80,6,29,64,0,99,48,10,58,157
03/31/2022,FLG,AZ,AWP,CE,Federal Contract Tower,8,6,5,0,19,0,12,57,3,72,8,18,62,3,91,36,0,36,127
04/01/2022,FLG,AZ,AWP,CE,Federal Contract Tower,9,9,4,0,22,0,16,63,5,84,9,25,67,5,106,68,0,68,174
04/02/2022,FLG,AZ,AWP,CE,Federal Contract Tower,14,10,6,0,30,0,13,54,0,67,14,23,60,0,97,54,0,54,151
04/03/2022,FLG,AZ,AWP,CE,Federal Contract Tower,7,5,8,1,21,0,21,37,4,62,7,26,45,5,83,18,0,18,101
04/04/2022,FLG,AZ,AWP,CE,Federal Contract Tower,7,6,16,0,29,0,13,67,0,80,7,19,83,0,109,24,0,24,133
04/05/2022,FLG,AZ,AWP,CE,Federal Contract Tower,13,11,4,0,28,0,17,33,8,58,13,28,37,8,86,6,0,6,92
04/06/2022,FLG,AZ,AWP,CE,Federal Contract Tower,16,10,2,0,28,0,25,49,0,74,16,35,51,0,102,22,0,22,124
04/07/2022,FLG,AZ,AWP,CE,Federal Contract Tower,16,11,4,2,33,0,12,52,2,66,16,23,56,4,99,28,4,32,131
04/08/2022,FLG,AZ,AWP,CE,Federal Contract Tower,14,9,10,0,33,0,36,73,0,109,14,45,83,0,142,48,0,48,190
04/09/2022,FLG,AZ,AWP,CE,Federal Contract Tower,13,11,10,0,34,0,12,52,2,66,13,23,62,2,100,28,0,28,128
04/10/2022,FLG,AZ,AWP,CE,Federal Contract Tower,13,7,8,0,28,0,20,38,0,58,13,27,46,0,86,6,0,6,92
04/11/2022,FLG,AZ,AWP,CE,Federal Contract Tower,14,10,5,1,30,0,4,14,3,21,14,14,19,4,51,0,0,0,51
04/12/2022,FLG,AZ,AWP,CE,Federal Contract Tower,14,15,4,0,33,0,14,14,0,28,14,29,18,0,61,8,0,8,69
04/13/2022,FLG,AZ,AWP,CE,Federal Contract Tower,14,8,5,4,31,0,24,56,4,84,14,32,61,8,115,40,0,40,155
04/14/2022,FLG,AZ,AWP,CE,Federal Contract Tower,12,7,5,0,24,0,29,66,0,95,12,36,71,0,119,40,0,40,159
04/15/2022,FLG,AZ,AWP,CE,Federal Contract Tower,13,19,6,2,40,0,16,55,0,71,13,35,61,2,111,34,0,34,145
04/16/2022,FLG,AZ,AWP,CE,Federal Contract Tower,14,8,1,0,23,0,11,37,0,48,14,19,38,0,71,22,0,22,93
04/17/2022,FLG,AZ,AWP,CE,Federal Contract Tower,14,9,4,0,27,0,13,53,2,68,14,22,57,2,95,56,0,56,151
04/18/2022,FLG,AZ,AWP,CE,Federal Contract Tower,13,12,4,2,31,0,23,48,0,71,13,35,52,2,102,36,0,36,138
04/19/2022,FLG,AZ,AWP,CE,Federal Contract Tower,14,6,7,0,27,0,7,37,3,47,14,13,44,3,74,26,0,26,100
04/20/2022,FLG,AZ,AWP,CE,Federal Contract Tower,13,10,5,0,28,0,36,61,4,101,13,46,66,4,129,54,2,56,185
04/21/2022,FLG,AZ,AWP,CE,Federal Contract Tower,14,11,3,0,28,0,26,30,4,60,14,37,33,4,88,18,0,18,106
04/22/2022,FLG,AZ,AWP,CE,Federal Contract Tower,14,10,1,0,25,0,9,13,2,24,14,19,14,2,49,0,0,0,49
04/23/2022,FLG,AZ,AWP,CE,Federal Contract Tower,13,5,10,2,30,0,17,70,0,87,13,22,80,2,117,42,0,42,159
04/24/2022,FLG,AZ,AWP,CE,Federal Contract Tower,14,7,9,0,30,0,15,78,4,97,14,22,87,4,127,42,0,42,169
04/25/2022,FLG,AZ,AWP,CE,Federal Contract Tower,14,8,5,0,27,0,22,70,0,92,14,30,75,0,119,38,0,38,157
04/26/2022,FLG,AZ,AWP,CE,Federal Contract Tower,12,6,3,1,22,0,27,49,1,77,12,33,52,2,99,30,0,30,129
04/27/2022,FLG,AZ,AWP,CE,Federal Contract Tower,14,8,7,0,29,0,25,46,2,73,14,33,53,2,102,24,0,24,126
04/28/2022,FLG,AZ,AWP,CE,Federal Contract Tower,14,17,7,1,39,0,27,51,2,80,14,44,58,3,119,4,0,4,123
04/29/2022,FLG,AZ,AWP,CE,Federal Contract Tower,14,10,3,4,31,0,17,61,0,78,14,27,64,4,109,38,2,40,149
04/30/2022,FLG,AZ,AWP,CE,Federal Contract Tower,14,7,9,1,31,0,16,67,2,85,14,23,76,3,116,60,0,60,176
05/01/2022,FLG,AZ,AWP,CE,Federal Contract Tower,14,10,7,0,31,4,5,11,0,20,18,15,18,0,51,1,0,1,52
05/02/2022,FLG,AZ,AWP,CE,Federal Contract Tower,13,10,2,0,25,0,15,65,0,80,13,25,67,0,105,58,0,58,163
05/03/2022,FLG,AZ,AWP,CE,Federal Contract Tower,13,13,3,0,29,0,14,33,0,47,13,27,36,0,76,0,0,0,76
05/04/2022,FLG,AZ,AWP,CE,Federal Contract Tower,10,4,6,0,20,0,21,54,0,75,10,25,60,0,95,132,12,144,239
05/05/2022,FLG,AZ,AWP,CE,Federal Contract Tower,5,7,2,2,16,0,22,61,0,83,5,29,63,2,99,58,0,58,157
05/06/2022,FLG,AZ,AWP,CE,Federal Contract Tower,9,4,9,1,23,0,24,59,0,83,9,28,68,1,106,48,0,48,154
05/07/2022,FLG,AZ,AWP,CE,Federal Contract Tower,7,10,9,0,26,2,6,28,0,36,9,16,37,0,62,2,0,2,64
05/08/2022,FLG,AZ,AWP,CE,Federal Contract Tower,8,5,7,0,20,0,8,12,0,20,8,13,19,0,40,4,0,4,44
05/09/2022,FLG,AZ,AWP,CE,Federal Contract Tower,9,6,4,0,19,0,11,11,0,22,9,17,15,0,41,0,0,0,41
05/10/2022,FLG,AZ,AWP,CE,Federal Contract Tower,6,7,3,1,17,0,23,19,3,45,6,30,22,4,62,0,6,6,68
05/11/2022,FLG,AZ,AWP,CE,Federal Contract Tower,8,14,3,0,25,0,7,14,5,26,8,21,17,5,51,0,0,0,51
05/12/2022,FLG,AZ,AWP,CE,Federal Contract Tower,10,10,3,4,27,0,16,64,9,89,10,26,67,13,116,76,2,78,194
05/13/2022,FLG,AZ,AWP,CE,Federal Contract Tower,9,11,10,2,32,0,18,69,0,87,9,29,79,2,119,56,0,56,175
05/14/2022,FLG,AZ,AWP,CE,Federal Contract Tower,7,11,3,0,21,0,7,74,0,81,7,18,77,0,102,50,0,50,152
05/15/2022,FLG,AZ,AWP,CE,Federal Contract Tower,9,8,11,2,30,0,3,60,0,63,9,11,71,2,93,20,0,20,113
05/16/2022,FLG,AZ,AWP,CE,Federal Contract Tower,9,13,6,0,28,0,9,49,0,58,9,22,55,0,86,38,0,38,124
05/17/2022,FLG,AZ,AWP,CE,Federal Contract Tower,7,11,4,2,24,0,22,50,1,73,7,33,54,3,97,22,0,22,119
05/18/2022,FLG,AZ,AWP,CE,Federal Contract Tower,8,12,9,2,31,0,16,71,7,94,8,28,80,9,125,32,0,32,157
05/19/2022,FLG,AZ,AWP,CE,Federal Contract Tower,9,14,4,4,31,0,21,39,2,62,9,35,43,6,93,14,0,14,107
05/20/2022,FLG,AZ,AWP,CE,Federal Contract Tower,8,19,7,0,34,3,11,20,0,34,11,30,27,0,68,2,0,2,70
05/21/2022,FLG,AZ,AWP,CE,Federal Contract Tower,7,9,10,0,26,0,18,57,0,75,7,27,67,0,101,10,0,10,111
05/22/2022,FLG,AZ,AWP,CE,Federal Contract Tower,10,3,10,0,23,0,12,77,0,89,10,15,87,0,112,18,0,18,130
05/23/2022,FLG,AZ,AWP,CE,Federal Contract Tower,8,6,10,3,27,0,17,46,0,63,8,23,56,3,90,16,0,16,106
05/24/2022,FLG,AZ,AWP,CE,Federal Contract Tower,6,10,3,2,21,0,17,56,0,73,6,27,59,2,94,60,0,60,154
05/25/2022,FLG,AZ,AWP,CE,Federal Contract Tower,7,7,6,0,20,0,17,41,4,62,7,24,47,4,82,16,0,16,98
05/26/2022,FLG,AZ,AWP,CE,Federal Contract Tower,9,14,16,0,39,0,13,55,0,68,9,27,71,0,107,40,0,40,147
05/27/2022,FLG,AZ,AWP,CE,Federal Contract Tower,9,21,8,0,38,0,11,46,1,58,9,32,54,1,96,42,0,42,138
05/28/2022,FLG,AZ,AWP,CE,Federal Contract Tower,7,10,1,0,18,0,9,38,0,47,7,19,39,0,65,4,0,4,69
05/29/2022,FLG,AZ,AWP,CE,Federal Contract Tower,9,4,1,0,14,0,15,13,0,28,9,19,14,0,42,7,0,7,49
05/30/2022,FLG,AZ,AWP,CE,Federal Contract Tower,9,15,7,1,32,0,14,40,2,56,9,29,47,3,88,0,0,0,88
05/31/2022,FLG,AZ,AWP,CE,Federal Contract Tower,6,16,12,0,34,0,21,56,6,83,6,37,68,6,117,20,0,20,137
06/01/2022,FLG,AZ,AWP,CE,Federal Contract Tower,7,17,12,0,36,0,14,63,3,80,7,31,75,3,116,12,0,12,128
06/02/2022,FLG,AZ,AWP,CE,Federal Contract Tower,8,17,7,2,34,0,16,55,1,72,8,33,62,3,106,16,0,16,122
06/03/2022,FLG,AZ,AWP,CE,Federal Contract Tower,8,9,5,0,22,0,16,57,0,73,8,25,62,0,95,14,0,14,109
06/04/2022,FLG,AZ,AWP,CE,Federal Contract Tower,14,9,0,0,23,2,19,81,1,103,16,28,81,1,126,16,2,18,144
06/05/2022,FLG,AZ,AWP,CE,Federal Contract Tower,9,8,9,0,26,0,6,79,0,85,9,14,88,0,111,30,2,32,143
06/06/2022,FLG,AZ,AWP,CE,Federal Contract Tower,8,7,9,2,26,0,17,49,2,68,8,24,58,4,94,28,0,28,122
06/07/2022,FLG,AZ,AWP,CE,Federal Contract Tower,8,7,6,0,21,0,14,43,0,57,8,21,49,0,78,28,0,28,106
06/08/2022,FLG,AZ,AWP,CE,Federal Contract Tower,6,8,2,0,16,0,17,43,8,68,6,25,45,8,84,46,0,46,130
06/09/2022,FLG,AZ,AWP,CE,Federal Contract Tower,7,10,9,0,26,0,17,59,2,78,7,27,68,2,104,30,0,30,134
06/10/2022,FLG,AZ,AWP,CE,Federal Contract Tower,8,9,14,0,31,0,14,52,0,66,8,23,66,0,97,24,0,24,121
06/11/2022,FLG,AZ,AWP,CE,Federal Contract Tower,11,14,10,0,35,0,23,49,0,72,11,37,59,0,107,22,0,22,129
06/12/2022,FLG,AZ,AWP,CE,Federal Contract Tower,9,3,11,0,23,0,29,48,0,77,9,32,59,0,100,16,0,16,116
06/13/2022,FLG,AZ,AWP,CE,Federal Contract Tower,9,14,5,0,28,0,10,19,1,30,9,24,24,1,58,0,2,2,60
06/14/2022,FLG,AZ,AWP,CE,Federal Contract Tower,8,8,5,0,21,0,46,45,0,91,8,54,50,0,112,36,0,36,148
06/15/2022,FLG,AZ,AWP,CE,Federal Contract Tower,7,3,7,0,17,0,23,24,0,47,7,26,31,0,64,0,0,0,64
06/16/2022,FLG,AZ,AWP,CE,Federal Contract Tower,9,8,4,0,21,0,12,43,0,55,9,20,47,0,76,4,0,4,80
06/17/2022,FLG,AZ,AWP,CE,Federal Contract Tower,7,6,4,1,18,0,25,34,0,59,7,31,38,1,77,10,6,16,93
06/18/2022,FLG,AZ,AWP,CE,Federal Contract Tower,12,6,7,0,25,0,10,22,0,32,12,16,29,0,57,0,0,0,57
06/19/2022,FLG,AZ,AWP,CE,Federal Contract Tower,7,18,5,0,30,0,10,25,0,35,7,28,30,0,65,0,0,0,65
06/20/2022,FLG,AZ,AWP,CE,Federal Contract Tower,6,11,1,0,18,0,12,52,0,64,6,23,53,0,82,34,0,34,116
06/21/2022,FLG,AZ,AWP,CE,Federal Contract Tower,8,10,1,2,21,0,25,55,0,80,8,35,56,2,101,48,0,48,149
06/22/2022,FLG,AZ,AWP,CE,Federal Contract Tower,7,4,4,0,15,0,23,37,0,60,7,27,41,0,75,46,0,46,121
06/23/2022,FLG,AZ,AWP,CE,Federal Contract Tower,9,8,9,0,26,0,13,39,0,52,9,21,48,0,78,23,0,23,101
06/24/2022,FLG,AZ,AWP,CE,Federal Contract Tower,11,7,7,0,25,0,10,26,0,36,11,17,33,0,61,26,0,26,87
06/25/2022,FLG,AZ,AWP,CE,Federal Contract Tower,12,3,7,0,22,0,15,50,0,65,12,18,57,0,87,38,0,38,125
06/26/2022,FLG,AZ,AWP,CE,Federal Contract Tower,10,10,5,0,25,0,12,46,0,58,10,22,51,0,83,22,0,22,105
06/27/2022,FLG,AZ,AWP,CE,Federal Contract Tower,9,6,6,0,21,0,13,52,4,69,9,19,58,4,90,50,0,50,140
06/28/2022,FLG,AZ,AWP,CE,Federal Contract Tower,9,10,5,0,24,0,27,49,0,76,9,37,54,0,100,30,0,30,130
06/29/2022,FLG,AZ,AWP,CE,Federal Contract Tower,9,9,4,0,22,0,15,23,0,38,9,24,27,0,60,33,0,33,93
06/30/2022,FLG,AZ,AWP,CE,Federal Contract Tower,9,8,8,0,25,0,13,30,0,43,9,21,38,0,68,8,0,8,76
07/01/2022,FLG,AZ,AWP,CE,Federal Contract Tower,10,11,14,0,35,0,16,51,1,68,10,27,65,1,103,24,0,24,127
07/02/2022,FLG,AZ,AWP,CE,Federal Contract Tower,12,7,5,0,24,0,14,44,0,58,12,21,49,0,82,17,0,17,99
07/03/2022,FLG,AZ,AWP,CE,Federal Contract Tower,8,2,3,0,13,0,12,32,0,44,8,14,35,0,57,3,0,3,60
07/04/2022,FLG,AZ,AWP,CE,Federal Contract Tower,9,4,5,0,18,0,14,43,0,57,9,18,48,0,75,16,0,16,91
07/05/2022,FLG,AZ,AWP,CE,Federal Contract Tower,9,20,9,0,38,0,19,40,1,60,9,39,49,1,98,41,0,41,139
07/06/2022,FLG,AZ,AWP,CE,Federal Contract Tower,9,4,3,0,16,0,28,50,0,78,9,32,53,0,94,50,0,50,144
07/07/2022,FLG,AZ,AWP,CE,Federal Contract Tower,9,3,9,2,23,0,6,62,0,68,9,9,71,2,91,83,0,83,174
07/08/2022,FLG,AZ,AWP,CE,Federal Contract Tower,0,11,14,0,25,0,19,70,0,89,0,30,84,0,114,51,0,51,165
07/09/2022,FLG,AZ,AWP,CE,Federal Contract Tower,12,2,6,0,20,0,10,24,0,34,12,12,30,0,54,12,0,12,66
07/10/2022,FLG,AZ,AWP,CE,Federal Contract Tower,9,8,7,0,24,0,22,47,0,69,9,30,54,0,93,38,0,38,131
07/11/2022,FLG,AZ,AWP,CE,Federal Contract Tower,8,7,5,0,20,0,7,62,0,69,8,14,67,0,89,42,0,42,131
07/12/2022,FLG,AZ,AWP,CE,Federal Contract Tower,9,13,1,0,23,0,9,40,0,49,9,22,41,0,72,28,0,28,100
07/13/2022,FLG,AZ,AWP,CE,Federal Contract Tower,10,11,12,0,33,0,7,65,0,72,10,18,77,0,105,67,0,67,172
07/14/2022,FLG,AZ,AWP,CE,Federal Contract Tower,9,5,8,0,22,0,7,45,0,52,9,12,53,0,74,34,0,34,108
07/15/2022,FLG,AZ,AWP,CE,Federal Contract Tower,0,7,4,6,17,0,16,37,0,53,0,23,41,6,70,9,0,9,79
07/16/2022,FLG,AZ,AWP,CE,Federal Contract Tower,11,5,5,0,21,0,11,41,0,52,11,16,46,0,73,3,0,3,76
07/17/2022,FLG,AZ,AWP,CE,Federal Contract Tower,9,5,12,0,26,0,3,37,0,40,9,8,49,0,66,6,0,6,72
07/18/2022,FLG,AZ,AWP,CE,Federal Contract Tower,8,5,4,0,17,0,15,28,0,43,8,20,32,0,60,10,0,10,70
07/19/2022,FLG,AZ,AWP,CE,Federal Contract Tower,9,13,8,0,30,0,7,55,3,65,9,20,63,3,95,40,0,40,135
07/20/2022,FLG,AZ,AWP,CE,Federal Contract Tower,7,4,7,0,18,0,7,43,6,56,7,11,50,6,74,18,0,18,92
07/21/2022,FLG,AZ,AWP,CE,Federal Contract Tower,9,12,3,0,24,0,9,38,0,47,9,21,41,0,71,78,0,78,149
07/22/2022,FLG,AZ,AWP,CE,Federal Contract Tower,8,10,12,0,30,0,5,56,0,61,8,15,68,0,91,29,0,29,120
07/23/2022,FLG,AZ,AWP,CE,Federal Contract Tower,12,8,7,0,27,0,7,43,0,50,12,15,50,0,77,12,0,12,89
07/24/2022,FLG,AZ,AWP,CE,Federal Contract Tower,9,3,8,0,20,0,8,30,0,38,9,11,38,0,58,2,0,2,60
07/25/2022,FLG,AZ,AWP,CE,Federal Contract Tower,9,14,6,0,29,0,6,27,0,33,9,20,33,0,62,22,0,22,84
07/26/2022,FLG,AZ,AWP,CE,Federal Contract Tower,9,9,7,1,26,0,7,17,0,24,9,16,24,1,50,32,0,32,82
07/27/2022,FLG,AZ,AWP,CE,Federal Contract Tower,9,5,6,0,20,0,3,12,2,17,9,8,18,2,37,0,0,0,37
07/28/2022,FLG,AZ,AWP,CE,Federal Contract Tower,8,9,8,1,26,0,5,30,4,39,8,14,38,5,65,0,0,0,65
07/29/2022,FLG,AZ,AWP,CE,Federal Contract Tower,7,8,8,0,23,0,2,27,1,30,7,10,35,1,53,23,0,23,76
07/30/2022,FLG,AZ,AWP,CE,Federal Contract Tower,14,10,6,0,30,0,11,16,2,29,14,21,22,2,59,6,0,6,65
07/31/2022,FLG,AZ,AWP,CE,Federal Contract Tower,9,1,15,0,25,0,8,43,3,54,9,9,58,3,79,21,0,21,100
08/01/2022,FLG,AZ,AWP,CE,Federal Contract Tower,7,6,8,0,21,0,7,31,6,44,7,13,39,6,65,50,0,50,115
08/02/2022,FLG,AZ,AWP,CE,Federal Contract Tower,10,5,6,0,21,0,5,27,2,34,10,10,33,2,55,20,2,22,77
08/03/2022,FLG,AZ,AWP,CE,Federal Contract Tower,9,5,11,0,25,0,12,44,0,56,9,17,55,0,81,29,0,29,110
08/04/2022,FLG,AZ,AWP,CE,Federal Contract Tower,9,6,4,0,19,0,2,24,2,28,9,8,28,2,47,18,0,18,65
08/05/2022,FLG,AZ,AWP,CE,Federal Contract Tower,9,9,7,0,25,0,5,48,0,53,9,14,55,0,78,15,0,15,93
08/06/2022,FLG,AZ,AWP,CE,Federal Contract Tower,14,4,6,0,24,0,21,47,0,68,14,25,53,0,92,0,0,0,92
08/07/2022,FLG,AZ,AWP,CE,Federal Contract Tower,10,5,5,0,20,0,5,43,0,48,10,10,48,0,68,19,0,19,87
08/08/2022,FLG,AZ,AWP,CE,Federal Contract Tower,8,5,7,0,20,0,7,40,2,49,8,12,47,2,69,18,0,18,87
08/09/2022,FLG,AZ,AWP,CE,Federal Contract Tower,8,6,7,0,21,0,9,51,0,60,8,15,58,0,81,30,0,30,111
08/10/2022,FLG,AZ,AWP,CE,Federal Contract Tower,9,11,5,0,25,0,3,31,5,39,9,14,36,5,64,18,10,28,92
08/11/2022,FLG,AZ,AWP,CE,Federal Contract Tower,9,14,12,2,37,0,7,23,0,30,9,21,35,2,67,31,0,31,98
08/12/2022,FLG,AZ,AWP,CE,Federal Contract Tower,9,3,7,0,19,0,3,37,1,41,9,6,44,1,60,35,0,35,95
08/13/2022,FLG,AZ,AWP,CE,Federal Contract Tower,13,5,9,0,27,0,5,53,0,58,13,10,62,0,85,23,0,23,108
08/14/2022,FLG,AZ,AWP,CE,Federal Contract Tower,9,5,6,0,20,0,3,30,0,33,9,8,36,0,53,5,0,5,58
08/15/2022,FLG,AZ,AWP,CE,Federal Contract Tower,11,6,7,0,24,0,0,11,0,11,11,6,18,0,35,52,0,52,87
08/16/2022,FLG,AZ,AWP,CE,Federal Contract Tower,12,11,8,0,31,0,8,24,0,32,12,19,32,0,63,6,0,6,69
08/17/2022,FLG,AZ,AWP,CE,Federal Contract Tower,10,9,4,0,23,0,9,40,2,51,10,18,44,2,74,16,0,16,90
08/18/2022,FLG,AZ,AWP,CE,Federal Contract Tower,10,4,2,0,16,0,8,41,0,49,10,12,43,0,65,8,0,8,73
08/19/2022,FLG,AZ,AWP,CE,Federal Contract Tower,11,13,12,1,37,0,8,27,0,35,11,21,39,1,72,0,0,0,72
08/20/2022,FLG,AZ,AWP,CE,Federal Contract Tower,10,13,6,0,29,0,8,17,0,25,10,21,23,0,54,20,0,20,74
08/21/2022,FLG,AZ,AWP,CE,Federal Contract Tower,12,9,4,1,26,0,5,20,0,25,12,14,24,1,51,24,0,24,75
08/22/2022,FLG,AZ,AWP,CE,Federal Contract Tower,11,8,2,0,21,0,12,27,5,44,11,20,29,5,65,18,0,18,83
08/23/2022,FLG,AZ,AWP,CE,Federal Contract Tower,11,7,3,2,23,0,13,43,0,56,11,20,46,2,79,24,0,24,103
08/24/2022,FLG,AZ,AWP,CE,Federal Contract Tower,12,10,6,0,28,0,13,17,0,30,12,23,23,0,58,41,0,41,99
08/25/2022,FLG,AZ,AWP,CE,Federal Contract Tower,14,13,10,0,37,0,21,38,0,59,14,34,48,0,96,45,0,45,141
08/26/2022,FLG,AZ,AWP,CE,Federal Contract Tower,12,8,5,0,25,0,12,41,12,65,12,20,46,12,90,63,40,103,193
08/27/2022,FLG,AZ,AWP,CE,Federal Contract Tower,13,8,5,0,26,0,17,126,2,145,13,25,131,2,171,195,0,195,366
08/28/2022,FLG,AZ,AWP,CE,Federal Contract Tower,11,9,8,0,28,2,9,37,0,48,13,18,45,0,76,0,6,6,82
08/29/2022,FLG,AZ,AWP,CE,Federal Contract Tower,12,10,6,0,28,0,20,40,7,67,12,30,46,7,95,4,0,4,99
08/30/2022,FLG,AZ,AWP,CE,Federal Contract Tower,13,8,4,1,26,0,20,51,1,72,13,28,55,2,98,30,0,30,128
08/31/2022,FLG,AZ,AWP,CE,Federal Contract Tower,10,7,6,0,23,0,4,57,4,65,10,11,63,4,88,14,0,14,102
09/01/2022,FLG,AZ,AWP,CE,Federal Contract Tower,11,15,5,0,31,0,5,60,4,69,11,20,65,4,100,10,0,10,110
09/02/2022,FLG,AZ,AWP,CE,Federal Contract Tower,10,16,4,0,30,0,14,67,0,81,10,30,71,0,111,26,0,26,137
09/03/2022,FLG,AZ,AWP,CE,Federal Contract Tower,10,12,3,0,25,0,7,75,0,82,10,19,78,0,107,22,0,22,129
09/04/2022,FLG,AZ,AWP,CE,Federal Contract Tower,12,4,1,0,17,0,11,57,0,68,12,15,58,0,85,30,0,30,115
09/05/2022,FLG,AZ,AWP,CE,Federal Contract Tower,11,13,6,0,30,0,15,72,0,87,11,28,78,0,117,26,0,26,143
09/06/2022,FLG,AZ,AWP,CE,Federal Contract Tower,10,6,7,0,23,0,11,66,0,77,10,17,73,0,100,20,0,20,120
09/07/2022,FLG,AZ,AWP,CE,Federal Contract Tower,12,8,4,2,26,0,7,42,4,53,12,15,46,6,79,16,0,16,95
09/08/2022,FLG,AZ,AWP,CE,Federal Contract Tower,14,11,3,2,30,0,7,50,0,57,14,18,53,2,87,0,0,0,87
09/09/2022,FLG,AZ,AWP,CE,Federal Contract Tower,15,20,6,0,41,0,9,69,0,78,15,29,75,0,119,56,0,56,175
09/10/2022,FLG,AZ,AWP,CE,Federal Contract Tower,11,8,15,0,34,0,1,20,0,21,11,9,35,0,55,14,0,14,69
09/11/2022,FLG,AZ,AWP,CE,Federal Contract Tower,14,3,11,0,28,0,5,62,0,67,14,8,73,0,95,2,0,2,97
09/12/2022,FLG,AZ,AWP,CE,Federal Contract Tower,13,9,2,0,24,0,3,26,2,31,13,12,28,2,55,12,0,12,67
09/13/2022,FLG,AZ,AWP,CE,Federal Contract Tower,12,14,0,0,26,0,4,18,0,22,12,18,18,0,48,14,0,14,62
09/14/2022,FLG,AZ,AWP,CE,Federal Contract Tower,12,7,10,0,29,0,10,28,4,42,12,17,38,4,71,4,2,6,77
09/15/2022,FLG,AZ,AWP,CE,Federal Contract Tower,15,14,6,2,37,0,12,32,4,48,15,26,38,6,85,20,12,32,117
09/16/2022,FLG,AZ,AWP,CE,Federal Contract Tower,14,21,11,0,46,0,8,61,0,69,14,29,72,0,115,8,0,8,123
09/17/2022,FLG,AZ,AWP,CE,Federal Contract Tower,23,12,1,0,36,0,10,77,0,87,23,22,78,0,123,30,0,30,153
09/18/2022,FLG,AZ,AWP,CE,Federal Contract Tower,13,6,13,0,32,0,7,50,0,57,13,13,63,0,89,24,0,24,113
09/19/2022,FLG,AZ,AWP,CE,Federal Contract Tower,14,16,7,2,39,0,6,54,5,65,14,22,61,7,104,34,0,34,138
09/20/2022,FLG,AZ,AWP,CE,Federal Contract Tower,10,13,1,2,26,0,8,26,4,38,10,21,27,6,64,4,0,4,68
09/21/2022,FLG,AZ,AWP,CE,Federal Contract Tower,12,10,14,0,36,0,0,1,0,1,12,10,15,0,37,0,0,0,37
09/22/2022,FLG,AZ,AWP,CE,Federal Contract Tower,16,14,13,0,43,0,1,9,0,10,16,15,22,0,53,22,0,22,75
09/23/2022,FLG,AZ,AWP,CE,Federal Contract Tower,12,11,10,0,33,1,6,80,11,98,13,17,90,11,131,74,0,74,205
09/24/2022,FLG,AZ,AWP,CE,Federal Contract Tower,13,10,11,0,34,0,15,61,0,76,13,25,72,0,110,14,0,14,124
09/25/2022,FLG,AZ,AWP,CE,Federal Contract Tower,12,6,16,0,34,0,4,57,0,61,12,10,73,0,95,56,0,56,151
09/26/2022,FLG,AZ,AWP,CE,Federal Contract Tower,13,14,9,0,36,0,10,57,0,67,13,24,66,0,103,42,0,42,145
09/27/2022,FLG,AZ,AWP,CE,Federal Contract Tower,12,5,1,0,18,0,14,39,0,53,12,19,40,0,71,42,0,42,113
09/28/2022,FLG,AZ,AWP,CE,Federal Contract Tower,13,10,2,0,25,0,5,37,2,44,13,15,39,2,69,28,0,28,97
09/29/2022,FLG,AZ,AWP,CE,Federal Contract Tower,14,10,2,0,26,0,16,32,6,54,14,26,34,6,80,30,6,36,116
09/30/2022,FLG,AZ,AWP,CE,Federal Contract Tower,13,16,12,0,41,0,8,64,0,72,13,24,76,0,113,48,0,48,161
10/01/2022,FLG,AZ,AWP,CE,Federal Contract Tower,11,13,5,1,30,0,8,61,2,71,11,21,66,3,101,18,0,18,119
10/02/2022,FLG,AZ,AWP,CE,Federal Contract Tower,11,14,5,0,30,0,5,47,3,55,11,19,52,3,85,4,0,4,89
10/03/2022,FLG,AZ,AWP,CE,Federal Contract Tower,10,6,3,0,19,0,1,8,0,9,10,7,11,0,28,0,0,0,28
10/04/2022,FLG,AZ,AWP,CE,Federal Contract Tower,10,13,9,0,32,0,6,38,0,44,10,19,47,0,76,18,0,18,94
10/05/2022,FLG,AZ,AWP,CE,Federal Contract Tower,11,14,1,0,26,0,18,35,0,53,11,32,36,0,79,28,0,28,107
10/06/2022,FLG,AZ,AWP,CE,Federal Contract Tower,10,9,9,0,28,0,5,22,0,27,10,14,31,0,55,6,0,6,61
10/07/2022,FLG,AZ,AWP,CE,Federal Contract Tower,11,6,9,0,26,0,6,21,0,27,11,12,30,0,53,0,0,0,53
10/08/2022,FLG,AZ,AWP,CE,Federal Contract Tower,11,9,9,0,29,0,5,45,0,50,11,14,54,0,79,0,0,0,79
10/09/2022,FLG,AZ,AWP,CE,Federal Contract Tower,10,12,21,0,43,0,10,51,0,61,10,22,72,0,104,12,0,12,116
10/10/2022,FLG,AZ,AWP,CE,Federal Contract Tower,9,8,3,0,20,1,8,38,2,49,10,16,41,2,69,12,0,12,81
10/12/2022,FLG,AZ,AWP,CE,Federal Contract Tower,11,7,8,2,28,0,10,76,5,91,11,17,84,7,119,28,0,28,147
10/13/2022,FLG,AZ,AWP,CE,Federal Contract Tower,9,16,3,2,30,0,12,47,1,60,9,28,50,3,90,32,0,32,122
10/14/2022,FLG,AZ,AWP,CE,Federal Contract Tower,12,9,2,1,24,0,3,85,2,90,12,12,87,3,114,44,2,46,160
10/15/2022,FLG,AZ,AWP,CE,Federal Contract Tower,10,8,12,0,30,0,4,17,2,23,10,12,29,2,53,12,0,12,65
10/16/2022,FLG,AZ,AWP,CE,Federal Contract Tower,10,5,13,4,32,0,0,10,2,12,10,5,23,6,44,0,0,0,44
10/17/2022,FLG,AZ,AWP,CE,Federal Contract Tower,9,13,9,0,31,0,7,22,0,29,9,20,31,0,60,4,0,4,64
10/18/2022,FLG,AZ,AWP,CE,Federal Contract Tower,8,8,7,1,24,0,3,40,6,49,8,11,47,7,73,16,0,16,89
10/19/2022,FLG,AZ,AWP,CE,Federal Contract Tower,11,13,1,1,26,0,9,44,5,58,11,22,45,6,84,14,0,14,98
10/20/2022,FLG,AZ,AWP,CE,Federal Contract Tower,10,19,3,3,35,0,13,45,4,62,10,32,48,7,97,33,0,33,130
10/21/2022,FLG,AZ,AWP,CE,Federal Contract Tower,12,12,4,0,28,0,10,43,2,55,12,22,47,2,83,18,0,18,101
10/22/2022,FLG,AZ,AWP,CE,Federal Contract Tower,11,10,1,2,24,0,3,24,0,27,11,13,25,2,51,14,0,14,65
10/23/2022,FLG,AZ,AWP,CE,Federal Contract Tower,10,12,4,0,26,0,2,13,0,15,10,14,17,0,41,0,0,0,41
10/24/2022,FLG,AZ,AWP,CE,Federal Contract Tower,10,8,6,0,24,0,9,29,2,40,10,17,35,2,64,10,0,10,74
10/25/2022,FLG,AZ,AWP,CE,Federal Contract Tower,10,9,2,1,22,0,7,33,2,42,10,16,35,3,64,34,0,34,98
10/26/2022,FLG,AZ,AWP,CE,Federal Contract Tower,7,12,4,0,23,0,11,38,3,52,7,23,42,3,75,16,0,16,91
10/27/2022,FLG,AZ,AWP,CE,Federal Contract Tower,10,7,3,0,20,0,7,33,0,40,10,14,36,0,60,22,0,22,82
10/28/2022,FLG,AZ,AWP,CE,Federal Contract Tower,10,5,8,2,25,0,5,54,0,59,10,10,62,2,84,2,0,2,86
10/29/2022,FLG,AZ,AWP,CE,Federal Contract Tower,9,5,4,0,18,0,7,64,5,76,9,12,68,5,94,16,0,16,110
10/30/2022,FLG,AZ,AWP,CE,Federal Contract Tower,8,1,4,0,13,0,1,64,0,65,8,2,68,0,78,24,0,24,102
10/31/2022,FLG,AZ,AWP,CE,Federal Contract Tower,7,6,6,0,19,0,1,41,2,44,7,7,47,2,63,10,0,10,73
11/01/2022,FLG,AZ,AWP,CE,Federal Contract Tower,8,4,3,3,18,0,3,44,0,47,8,7,47,3,65,8,0,8,73
11/02/2022,FLG,AZ,AWP,CE,Federal Contract Tower,8,23,3,0,34,0,7,11,2,20,8,30,14,2,54,0,0,0,54
11/03/2022,FLG,AZ,AWP,CE,Federal Contract Tower,4,5,4,0,13,0,0,0,0,0,4,5,4,0,13,0,0,0,13
11/04/2022,FLG,AZ,AWP,CE,Federal Contract Tower,10,6,5,0,21,0,5,76,0,81,10,11,81,0,102,42,0,42,144
11/05/2022,FLG,AZ,AWP,CE,Federal Contract Tower,8,5,3,3,19,0,3,68,7,78,8,8,71,10,97,31,0,31,128
11/06/2022,FLG,AZ,AWP,CE,Federal Contract Tower,8,4,11,0,23,0,10,65,2,77,8,14,76,2,100,8,4,12,112
11/07/2022,FLG,AZ,AWP,CE,Federal Contract Tower,8,12,4,0,24,0,19,34,0,53,8,31,38,0,77,4,0,4,81
11/08/2022,FLG,AZ,AWP,CE,Federal Contract Tower,9,7,1,0,17,0,2,15,7,24,9,9,16,7,41,0,4,4,45
11/09/2022,FLG,AZ,AWP,CE,Federal Contract Tower,7,12,1,0,20,0,0,1,0,1,7,12,2,0,21,0,0,0,21
11/10/2022,FLG,AZ,AWP,CE,Federal Contract Tower,9,6,1,0,16,0,9,64,0,73,9,15,65,0,89,24,0,24,113
11/11/2022,FLG,AZ,AWP,CE,Federal Contract Tower,7,7,3,1,18,0,4,49,6,59,7,11,52,7,77,0,0,0,77
11/12/2022,FLG,AZ,AWP,CE,Federal Contract Tower,8,3,7,0,18,0,5,63,2,70,8,8,70,2,88,48,0,48,136
11/13/2022,FLG,AZ,AWP,CE,Federal Contract Tower,5,1,3,0,9,0,9,25,2,36,5,10,28,2,45,0,0,0,45
11/14/2022,FLG,AZ,AWP,CE,Federal Contract Tower,9,4,0,0,13,0,12,37,0,49,9,16,37,0,62,4,0,4,66
11/15/2022,FLG,AZ,AWP,CE,Federal Contract Tower,8,8,2,0,18,0,18,29,0,47,8,26,31,0,65,0,0,0,65
11/16/2022,FLG,AZ,AWP,CE,Federal Contract Tower,9,4,3,1,17,0,17,20,0,37,9,21,23,1,54,0,0,0,54
11/17/2022,FLG,AZ,AWP,CE,Federal Contract Tower,8,4,1,2,15,0,15,43,2,60,8,19,44,4,75,68,0,68,143
11/18/2022,FLG,AZ,AWP,CE,Federal Contract Tower,8,7,3,0,18,0,8,45,4,57,8,15,48,4,75,16,0,16,91
11/19/2022,FLG,AZ,AWP,CE,Federal Contract Tower,9,5,6,1,21,0,9,61,0,70,9,14,67,1,91,2,0,2,93
11/20/2022,FLG,AZ,AWP,CE,Federal Contract Tower,8,0,8,0,16,0,8,58,2,68,8,8,66,2,84,10,0,10,94
11/21/2022,FLG,AZ,AWP,CE,Federal Contract Tower,9,2,5,0,16,0,2,39,0,41,9,4,44,0,57,11,0,11,68
11/22/2022,FLG,AZ,AWP,CE,Federal Contract Tower,8,10,7,0,25,0,13,63,2,78,8,23,70,2,103,14,0,14,117
11/23/2022,FLG,AZ,AWP,CE,Federal Contract Tower,9,13,2,0,24,0,15,39,0,54,9,28,41,0,78,10,0,10,88
11/24/2022,FLG,AZ,AWP,CE,Federal Contract Tower,4,4,3,0,11,0,0,6,0,6,4,4,9,0,17,0,0,0,17
11/25/2022,FLG,AZ,AWP,CE,Federal Contract Tower,9,11,3,0,23,0,8,25,0,33,9,19,28,0,56,10,0,10,66
11/26/2022,FLG,AZ,AWP,CE,Federal Contract Tower,7,9,5,0,21,0,8,36,0,44,7,17,41,0,65,8,0,8,73
11/27/2022,FLG,AZ,AWP,CE,Federal Contract Tower,8,6,3,0,17,0,7,66,0,73,8,13,69,0,90,14,0,14,104
11/28/2022,FLG,AZ,AWP,CE,Federal Contract Tower,9,4,5,0,18,0,11,18,0,29,9,15,23,0,47,0,0,0,47
11/29/2022,FLG,AZ,AWP,CE,Federal Contract Tower,6,9,3,0,18,0,6,19,2,27,6,15,22,2,45,2,0,2,47
11/30/2022,FLG,AZ,AWP,CE,Federal Contract Tower,8,10,1,0,19,0,13,33,0,46,8,23,34,0,65,6,0,6,71
12/01/2022,FLG,AZ,AWP,CE,Federal Contract Tower,8,10,7,0,25,0,8,16,0,24,8,18,23,0,49,2,0,2,51
12/02/2022,FLG,AZ,AWP,CE,Federal Contract Tower,8,9,4,0,21,0,8,15,0,23,8,17,19,0,44,20,0,20,64
12/03/2022,FLG,AZ,AWP,CE,Federal Contract Tower,7,3,1,0,11,0,4,26,0,30,7,7,27,0,41,4,0,4,45
12/04/2022,FLG,AZ,AWP,CE,Federal Contract Tower,8,7,8,0,23,0,4,2,0,6,8,11,10,0,29,0,0,0,29
12/05/2022,FLG,AZ,AWP,CE,Federal Contract Tower,9,7,4,0,20,0,4,8,0,12,9,11,12,0,32,6,0,6,38
12/06/2022,FLG,AZ,AWP,CE,Federal Contract Tower,8,9,6,1,24,0,2,8,0,10,8,11,14,1,34,0,0,0,34
12/07/2022,FLG,AZ,AWP,CE,Federal Contract Tower,8,11,4,1,24,0,0,0,1,1,8,11,4,2,25,0,0,0,25
12/08/2022,FLG,AZ,AWP,CE,Federal Contract Tower,8,7,4,2,21,0,3,41,5,49,8,10,45,7,70,32,16,48,118
12/09/2022,FLG,AZ,AWP,CE,Federal Contract Tower,9,6,1,0,16,0,8,44,0,52,9,14,45,0,68,8,0,8,76
12/10/2022,FLG,AZ,AWP,CE,Federal Contract Tower,8,5,4,0,17,0,5,53,0,58,8,10,57,0,75,0,0,0,75
12/11/2022,FLG,AZ,AWP,CE,Federal Contract Tower,8,2,3,0,13,0,3,32,0,35,8,5,35,0,48,0,0,0,48
12/12/2022,FLG,AZ,AWP,CE,Federal Contract Tower,7,7,5,2,21,0,8,10,1,19,7,15,15,3,40,10,0,10,50
12/13/2022,FLG,AZ,AWP,CE,Federal Contract Tower,8,11,2,0,21,0,1,3,0,4,8,12,5,0,25,0,0,0,25
12/14/2022,FLG,AZ,AWP,CE,Federal Contract Tower,8,8,4,5,25,0,19,33,0,52,8,27,37,5,77,40,0,40,117
12/15/2022,FLG,AZ,AWP,CE,Federal Contract Tower,7,6,10,0,23,0,3,53,3,59,7,9,63,3,82,20,0,20,102
12/16/2022,FLG,AZ,AWP,CE,Federal Contract Tower,5,12,2,0,19,0,4,72,4,80,5,16,74,4,99,30,0,30,129
12/17/2022,FLG,AZ,AWP,CE,Federal Contract Tower,6,8,4,0,18,0,4,47,0,51,6,12,51,0,69,12,0,12,81
12/18/2022,FLG,AZ,AWP,CE,Federal Contract Tower,5,4,9,0,18,0,3,51,2,56,5,7,60,2,74,0,4,4,78
12/19/2022,FLG,AZ,AWP,CE,Federal Contract Tower,6,8,0,0,14,0,13,16,0,29,6,21,16,0,43,6,0,6,49
12/20/2022,FLG,AZ,AWP,CE,Federal Contract Tower,6,2,2,0,10,0,10,35,2,47,6,12,37,2,57,12,0,12,69
12/21/2022,FLG,AZ,AWP,CE,Federal Contract Tower,4,15,0,0,19,0,9,45,2,56,4,24,45,2,75,6,0,6,81
12/22/2022,FLG,AZ,AWP,CE,Federal Contract Tower,6,5,3,0,14,0,7,52,2,61,6,12,55,2,75,2,0,2,77
12/23/2022,FLG,AZ,AWP,CE,Federal Contract Tower,7,9,3,0,19,0,20,53,0,73,7,29,56,0,92,26,0,26,118
12/24/2022,FLG,AZ,AWP,CE,Federal Contract Tower,6,6,2,0,14,0,3,42,0,45,6,9,44,0,59,8,0,8,67
12/25/2022,FLG,AZ,AWP,CE,Federal Contract Tower,6,0,2,0,8,0,5,8,0,13,6,5,10,0,21,0,0,0,21
12/26/2022,FLG,AZ,AWP,CE,Federal Contract Tower,5,6,1,0,12,0,21,69,0,90,5,27,70,0,102,0,0,0,102
12/27/2022,FLG,AZ,AWP,CE,Federal Contract Tower,6,6,0,0,12,0,9,45,0,54,6,15,45,0,66,8,0,8,74
12/28/2022,FLG,AZ,AWP,CE,Federal Contract Tower,5,14,0,0,19,0,0,0,0,0,5,14,0,0,19,0,0,0,19
12/29/2022,FLG,AZ,AWP,CE,Federal Contract Tower,5,10,3,0,18,0,0,0,0,0,5,10,3,0,18,0,0,0,18
12/30/2022,FLG,AZ,AWP,CE,Federal Contract Tower,5,8,2,0,15,0,1,1,0,2,5,9,3,0,17,0,0,0,17
12/31/2022,FLG,AZ,AWP,CE,Federal Contract Tower,1,4,5,0,10,0,0,0,0,0,1,4,5,0,10,0,0,0,10
01/01/2023,FLG,AZ,AWP,CE,Federal Contract Tower,0,0,0,0,0,0,0,0,0,0,0,0,0,0,0,0,0,0,0
01/02/2023,FLG,AZ,AWP,CE,Federal Contract Tower,5,5,0,0,10,0,1,4,0,5,5,6,4,0,15,0,0,0,15
01/03/2023,FLG,AZ,AWP,CE,Federal Contract Tower,6,10,1,1,18,0,0,0,0,0,6,10,1,1,18,0,0,0,18
01/04/2023,FLG,AZ,AWP,CE,Federal Contract Tower,6,15,0,2,23,0,14,6,1,21,6,29,6,3,44,0,0,0,44
01/06/2023,FLG,AZ,AWP,CE,Federal Contract Tower,5,8,5,1,19,0,7,43,10,60,5,15,48,11,79,0,0,0,79
01/07/2023,FLG,AZ,AWP,CE,Federal Contract Tower,6,5,3,1,15,0,16,60,1,77,6,21,63,2,92,4,0,4,96
01/08/2023,FLG,AZ,AWP,CE,Federal Contract Tower,6,8,3,0,17,0,18,50,5,73,6,26,53,5,90,17,0,17,107
01/09/2023,FLG,AZ,AWP,CE,Federal Contract Tower,6,13,2,4,25,0,17,22,5,44,6,30,24,9,69,6,10,16,85
01/10/2023,FLG,AZ,AWP,CE,Federal Contract Tower,7,10,0,0,17,0,9,25,4,38,7,19,25,4,55,30,0,30,85
01/11/2023,FLG,AZ,AWP,CE,Federal Contract Tower,7,7,1,0,15,0,11,26,2,39,7,18,27,2,54,16,0,16,70
01/12/2023,FLG,AZ,AWP,CE,Federal Contract Tower,7,13,0,0,20,0,8,37,10,55,7,21,37,10,75,34,4,38,113
01/13/2023,FLG,AZ,AWP,CE,Federal Contract Tower,9,15,6,0,30,0,8,54,0,62,9,23,60,0,92,18,0,18,110
01/14/2023,FLG,AZ,AWP,CE,Federal Contract Tower,6,7,1,0,14,0,6,39,1,46,6,13,40,1,60,10,0,10,70
01/15/2023,FLG,AZ,AWP,CE,Federal Contract Tower,5,0,0,0,5,0,0,0,0,0,5,0,0,0,5,0,0,0,5
01/16/2023,FLG,AZ,AWP,CE,Federal Contract Tower,0,0,0,0,0,0,0,0,0,0,0,0,0,0,0,0,0,0,0
01/17/2023,FLG,AZ,AWP,CE,Federal Contract Tower,6,2,1,0,9,0,1,0,0,1,6,3,1,0,10,0,0,0,10
01/18/2023,FLG,AZ,AWP,CE,Federal Contract Tower,6,5,2,6,19,0,7,14,0,21,6,12,16,6,40,0,0,0,40
01/19/2023,FLG,AZ,AWP,CE,Federal Contract Tower,7,8,6,2,23,0,3,17,0,20,7,11,23,2,43,0,0,0,43
01/20/2023,FLG,AZ,AWP,CE,Federal Contract Tower,7,6,4,0,17,0,0,0,0,0,7,6,4,0,17,0,0,0,17
01/21/2023,FLG,AZ,AWP,CE,Federal Contract Tower,7,9,0,0,16,0,18,47,0,65,7,27,47,0,81,6,0,6,87
01/22/2023,FLG,AZ,AWP,CE,Federal Contract Tower,7,7,4,0,18,0,0,41,0,41,7,7,45,0,59,4,0,4,63
01/23/2023,FLG,AZ,AWP,CE,Federal Contract Tower,7,5,1,0,13,0,3,1,0,4,7,8,2,0,17,0,0,0,17
01/24/2023,FLG,AZ,AWP,CE,Federal Contract Tower,6,8,11,0,25,0,20,20,0,40,6,28,31,0,65,38,0,38,103
01/25/2023,FLG,AZ,AWP,CE,Federal Contract Tower,7,7,2,2,18,0,14,33,12,59,7,21,35,14,77,0,0,0,77
01/26/2023,FLG,AZ,AWP,CE,Federal Contract Tower,7,9,8,1,25,0,12,19,5,36,7,21,27,6,61,0,0,0,61
01/27/2023,FLG,AZ,AWP,CE,Federal Contract Tower,5,5,7,0,17,0,13,58,1,72,5,18,65,1,89,20,0,20,109
01/28/2023,FLG,AZ,AWP,CE,Federal Contract Tower,7,8,1,0,16,0,13,28,0,41,7,21,29,0,57,13,0,13,70
01/29/2023,FLG,AZ,AWP,CE,Federal Contract Tower,7,5,3,0,15,0,3,28,1,32,7,8,31,1,47,8,2,10,57
01/30/2023,FLG,AZ,AWP,CE,Federal Contract Tower,7,13,0,0,20,0,0,0,0,0,7,13,0,0,20,0,0,0,20
01/31/2023,FLG,AZ,AWP,CE,Federal Contract Tower,7,6,0,2,15,0,5,1,0,6,7,11,1,2,21,0,0,0,21
02/01/2023,FLG,AZ,AWP,CE,Federal Contract Tower,7,5,3,2,17,0,14,30,11,55,7,19,33,13,72,14,10,24,96
02/02/2023,FLG,AZ,AWP,CE,Federal Contract Tower,7,4,7,2,20,0,8,47,0,55,7,12,54,2,75,22,0,22,97
02/03/2023,FLG,AZ,AWP,CE,Federal Contract Tower,9,6,10,0,25,0,23,55,7,85,9,29,65,7,110,12,0,12,122
02/04/2023,FLG,AZ,AWP,CE,Federal Contract Tower,10,9,5,0,24,0,17,39,3,59,10,26,44,3,83,22,0,22,105
02/05/2023,FLG,AZ,AWP,CE,Federal Contract Tower,9,9,5,2,25,0,8,42,0,50,9,17,47,2,75,16,0,16,91
02/06/2023,FLG,AZ,AWP,CE,Federal Contract Tower,9,4,0,2,15,0,15,28,0,43,9,19,28,2,58,20,0,20,78
02/07/2023,FLG,AZ,AWP,CE,Federal Contract Tower,11,11,3,0,25,0,7,33,0,40,11,18,36,0,65,0,0,0,65
02/09/2023,FLG,AZ,AWP,CE,Federal Contract Tower,8,9,0,2,19,0,3,10,8,21,8,12,10,10,40,2,0,2,42
02/10/2023,FLG,AZ,AWP,CE,Federal Contract Tower,9,10,4,0,23,0,23,36,2,61,9,33,40,2,84,4,0,4,88
02/11/2023,FLG,AZ,AWP,CE,Federal Contract Tower,9,7,1,0,17,0,14,19,0,33,9,21,20,0,50,8,0,8,58
02/12/2023,FLG,AZ,AWP,CE,Federal Contract Tower,9,1,4,0,14,0,8,55,0,63,9,9,59,0,77,0,0,0,77
02/13/2023,FLG,AZ,AWP,CE,Federal Contract Tower,9,7,1,0,17,0,7,3,0,10,9,14,4,0,27,0,0,0,27
02/14/2023,FLG,AZ,AWP,CE,Federal Contract Tower,1,0,0,0,1,0,0,0,0,0,1,0,0,0,1,0,0,0,1
02/15/2023,FLG,AZ,AWP,CE,Federal Contract Tower,9,10,3,0,22,0,9,7,2,18,9,19,10,2,40,0,0,0,40
02/16/2023,FLG,AZ,AWP,CE,Federal Contract Tower,9,7,0,4,20,0,7,17,2,26,9,14,17,6,46,0,0,0,46
02/17/2023,FLG,AZ,AWP,CE,Federal Contract Tower,9,9,1,0,19,0,9,32,0,41,9,18,33,0,60,6,0,6,66
02/18/2023,FLG,AZ,AWP,CE,Federal Contract Tower,9,4,1,0,14,0,15,34,1,50,9,19,35,1,64,20,0,20,84
02/19/2023,FLG,AZ,AWP,CE,Federal Contract Tower,9,4,3,0,16,0,6,20,2,28,9,10,23,2,44,6,0,6,50
02/20/2023,FLG,AZ,AWP,CE,Federal Contract Tower,9,18,6,0,33,0,11,32,2,45,9,29,38,2,78,30,0,30,108
02/21/2023,FLG,AZ,AWP,CE,Federal Contract Tower,9,9,4,0,22,0,4,16,2,22,9,13,20,2,44,12,6,18,62
02/22/2023,FLG,AZ,AWP,CE,Federal Contract Tower,0,0,0,0,0,0,0,0,0,0,0,0,0,0,0,0,0,0,0
02/23/2023,FLG,AZ,AWP,CE,Federal Contract Tower,8,0,0,0,8,0,0,0,0,0,8,0,0,0,8,0,0,0,8
02/24/2023,FLG,AZ,AWP,CE,Federal Contract Tower,9,10,3,2,24,0,27,14,0,41,9,37,17,2,65,0,0,0,65
02/25/2023,FLG,AZ,AWP,CE,Federal Contract Tower,9,8,3,1,21,0,12,36,1,49,9,20,39,2,70,4,2,6,76
02/26/2023,FLG,AZ,AWP,CE,Federal Contract Tower,6,0,0,0,6,0,0,0,0,0,6,0,0,0,6,0,0,0,6
02/27/2023,FLG,AZ,AWP,CE,Federal Contract Tower,7,12,3,2,24,0,20,31,2,53,7,32,34,4,77,0,6,6,83
02/28/2023,FLG,AZ,AWP,CE,Federal Contract Tower,9,6,0,0,15,0,4,3,0,7,9,10,3,0,22,0,0,0,22
03/01/2023,FLG,AZ,AWP,CE,Federal Contract Tower,0,0,0,0,0,0,0,0,0,0,0,0,0,0,0,0,0,0,0
03/02/2023,FLG,AZ,AWP,CE,Federal Contract Tower,2,2,0,0,4,0,7,1,0,8,2,9,1,0,12,0,0,0,12
03/03/2023,FLG,AZ,AWP,CE,Federal Contract Tower,9,9,1,5,24,0,16,51,2,69,9,25,52,7,93,34,0,34,127
03/04/2023,FLG,AZ,AWP,CE,Federal Contract Tower,9,5,1,5,20,0,23,23,1,47,9,28,24,6,67,16,0,16,83
03/05/2023,FLG,AZ,AWP,CE,Federal Contract Tower,10,4,2,0,16,0,4,17,0,21,10,8,19,0,37,0,0,0,37
03/06/2023,FLG,AZ,AWP,CE,Federal Contract Tower,10,5,3,0,18,0,17,26,2,45,10,22,29,2,63,10,0,10,73
03/07/2023,FLG,AZ,AWP,CE,Federal Contract Tower,10,14,2,2,28,0,21,44,2,67,10,35,46,4,95,43,0,43,138
03/08/2023,FLG,AZ,AWP,CE,Federal Contract Tower,10,3,1,0,14,0,14,34,0,48,10,17,35,0,62,30,0,30,92
03/09/2023,FLG,AZ,AWP,CE,Federal Contract Tower,10,8,3,0,21,0,18,43,2,63,10,26,46,2,84,32,0,32,116
03/10/2023,FLG,AZ,AWP,CE,Federal Contract Tower,8,7,7,0,22,0,11,25,0,36,8,18,32,0,58,2,0,2,60
03/11/2023,FLG,AZ,AWP,CE,Federal Contract Tower,9,9,11,0,29,0,3,0,0,3,9,12,11,0,32,10,0,10,42
03/12/2023,FLG,AZ,AWP,CE,Federal Contract Tower,9,4,12,0,25,0,11,46,3,60,9,15,58,3,85,14,0,14,99
03/13/2023,FLG,AZ,AWP,CE,Federal Contract Tower,10,5,2,1,18,0,9,52,0,61,10,14,54,1,79,26,0,26,105
03/14/2023,FLG,AZ,AWP,CE,Federal Contract Tower,8,11,3,3,25,0,16,77,0,93,8,27,80,3,118,42,0,42,160
03/15/2023,FLG,AZ,AWP,CE,Federal Contract Tower,9,10,3,0,22,0,0,0,0,0,9,10,3,0,22,0,0,0,22
03/16/2023,FLG,AZ,AWP,CE,Federal Contract Tower,11,11,1,0,23,0,7,7,0,14,11,18,8,0,37,13,0,13,50
03/17/2023,FLG,AZ,AWP,CE,Federal Contract Tower,9,8,2,0,19,0,17,37,0,54,9,25,39,0,73,52,0,52,125
03/18/2023,FLG,AZ,AWP,CE,Federal Contract Tower,10,8,6,0,24,0,6,46,3,55,10,14,52,3,79,18,0,18,97
03/19/2023,FLG,AZ,AWP,CE,Federal Contract Tower,9,15,4,0,28,0,13,40,3,56,9,28,44,3,84,14,0,14,98
03/20/2023,FLG,AZ,AWP,CE,Federal Contract Tower,5,8,3,0,16,0,2,1,3,6,5,10,4,3,22,0,0,0,22
03/21/2023,FLG,AZ,AWP,CE,Federal Contract Tower,0,2,0,0,2,0,0,0,0,0,0,2,0,0,2,0,0,0,2
03/22/2023,FLG,AZ,AWP,CE,Federal Contract Tower,2,2,0,0,4,0,4,3,0,7,2,6,3,0,11,0,0,0,11
03/23/2023,FLG,AZ,AWP,CE,Federal Contract Tower,11,8,4,2,25,0,5,24,0,29,11,13,28,2,54,6,0,6,60
03/24/2023,FLG,AZ,AWP,CE,Federal Contract Tower,10,13,6,0,29,0,11,13,2,26,10,24,19,2,55,2,0,2,57
03/25/2023,FLG,AZ,AWP,CE,Federal Contract Tower,9,4,5,0,18,0,6,36,0,42,9,10,41,0,60,4,0,4,64
03/26/2023,FLG,AZ,AWP,CE,Federal Contract Tower,9,8,11,0,28,0,9,64,0,73,9,17,75,0,101,14,0,14,115
03/27/2023,FLG,AZ,AWP,CE,Federal Contract Tower,9,5,3,2,19,0,24,33,2,59,9,29,36,4,78,32,0,32,110
03/28/2023,FLG,AZ,AWP,CE,Federal Contract Tower,9,4,3,2,18,0,20,53,5,78,9,24,56,7,96,50,0,50,146
03/29/2023,FLG,AZ,AWP,CE,Federal Contract Tower,9,8,0,0,17,0,26,24,4,54,9,34,24,4,71,16,0,16,87
03/30/2023,FLG,AZ,AWP,CE,Federal Contract Tower,11,5,0,0,16,0,4,2,0,6,11,9,2,0,22,2,0,2,24
03/31/2023,FLG,AZ,AWP,CE,Federal Contract Tower,10,13,2,0,25,0,34,54,2,90,10,47,56,2,115,37,0,37,152
04/01/2023,FLG,AZ,AWP,CE,Federal Contract Tower,11,7,1,0,19,0,14,73,20,107,11,21,74,20,126,34,0,34,160
04/02/2023,FLG,AZ,AWP,CE,Federal Contract Tower,11,9,1,0,21,0,17,31,0,48,11,26,32,0,69,24,0,24,93
04/03/2023,FLG,AZ,AWP,CE,Federal Contract Tower,7,9,2,1,19,0,4,11,1,16,7,13,13,2,35,0,0,0,35
04/04/2023,FLG,AZ,AWP,CE,Federal Contract Tower,9,10,1,1,21,0,8,9,0,17,9,18,10,1,38,2,0,2,40
04/05/2023,FLG,AZ,AWP,CE,Federal Contract Tower,10,4,1,2,17,0,23,52,12,87,10,27,53,14,104,58,0,58,162
04/06/2023,FLG,AZ,AWP,CE,Federal Contract Tower,10,11,2,0,23,0,32,44,0,76,10,43,46,0,99,34,0,34,133
04/07/2023,FLG,AZ,AWP,CE,Federal Contract Tower,10,5,3,0,18,0,17,53,4,74,10,22,56,4,92,26,0,26,118
04/08/2023,FLG,AZ,AWP,CE,Federal Contract Tower,10,11,2,0,23,0,12,67,2,81,10,23,69,2,104,16,0,16,120
04/09/2023,FLG,AZ,AWP,CE,Federal Contract Tower,10,5,1,0,16,0,11,56,26,93,10,16,57,26,109,12,0,12,121
04/10/2023,FLG,AZ,AWP,CE,Federal Contract Tower,11,13,1,2,27,0,19,45,5,69,11,32,46,7,96,36,0,36,132
04/11/2023,FLG,AZ,AWP,CE,Federal Contract Tower,8,8,1,0,17,0,27,48,5,80,8,35,49,5,97,0,0,0,97
04/12/2023,FLG,AZ,AWP,CE,Federal Contract Tower,10,3,4,2,19,0,14,42,2,58,10,17,46,4,77,6,0,6,83
04/13/2023,FLG,AZ,AWP,CE,Federal Contract Tower,10,4,4,0,18,0,25,21,2,48,10,29,25,2,66,8,0,8,74
04/14/2023,FLG,AZ,AWP,CE,Federal Contract Tower,10,6,7,0,23,2,18,26,0,46,12,24,33,0,69,10,0,10,79
04/15/2023,FLG,AZ,AWP,CE,Federal Contract Tower,10,12,3,0,25,0,22,63,0,85,10,34,66,0,110,24,0,24,134
04/16/2023,FLG,AZ,AWP,CE,Federal Contract Tower,10,13,4,1,28,0,19,54,0,73,10,32,58,1,101,66,0,66,167
04/17/2023,FLG,AZ,AWP,CE,Federal Contract Tower,10,3,4,4,21,0,15,26,1,42,10,18,30,5,63,14,0,14,77
04/18/2023,FLG,AZ,AWP,CE,Federal Contract Tower,8,9,2,2,21,0,13,11,0,24,8,22,13,2,45,0,0,0,45
04/19/2023,FLG,AZ,AWP,CE,Federal Contract Tower,10,10,0,2,22,1,22,17,0,40,11,32,17,2,62,0,0,0,62
04/20/2023,FLG,AZ,AWP,CE,Federal Contract Tower,10,10,4,0,24,0,28,49,3,80,10,38,53,3,104,19,0,19,123
04/21/2023,FLG,AZ,AWP,CE,Federal Contract Tower,10,11,7,0,28,0,28,46,7,81,10,39,53,7,109,20,0,20,129
04/22/2023,FLG,AZ,AWP,CE,Federal Contract Tower,9,8,1,0,18,0,10,47,0,57,9,18,48,0,75,38,0,38,113
04/23/2023,FLG,AZ,AWP,CE,Federal Contract Tower,11,2,1,2,16,0,8,57,0,65,11,10,58,2,81,4,0,4,85
04/24/2023,FLG,AZ,AWP,CE,Federal Contract Tower,9,8,5,0,22,0,9,36,2,47,9,17,41,2,69,2,2,4,73
04/25/2023,FLG,AZ,AWP,CE,Federal Contract Tower,8,5,3,4,20,0,16,28,0,44,8,21,31,4,64,18,0,18,82
04/26/2023,FLG,AZ,AWP,CE,Federal Contract Tower,8,11,1,2,22,0,19,51,2,72,8,30,52,4,94,23,0,23,117
04/27/2023,FLG,AZ,AWP,CE,Federal Contract Tower,10,8,10,0,28,0,23,54,1,78,10,31,64,1,106,52,0,52,158
04/28/2023,FLG,AZ,AWP,CE,Federal Contract Tower,10,10,4,0,24,0,19,31,0,50,10,29,35,0,74,10,0,10,84
04/29/2023,FLG,AZ,AWP,CE,Federal Contract Tower,8,8,3,0,19,0,25,81,0,106,8,33,84,0,125,21,0,21,146
04/30/2023,FLG,AZ,AWP,CE,Federal Contract Tower,10,9,6,0,25,0,6,42,3,51,10,15,48,3,76,26,0,26,102
05/01/2023,FLG,AZ,AWP,CE,Federal Contract Tower,10,5,2,0,17,0,11,24,2,37,10,16,26,2,54,8,0,8,62
05/02/2023,FLG,AZ,AWP,CE,Federal Contract Tower,8,10,2,1,21,0,14,52,0,66,8,24,54,1,87,24,0,24,111
05/03/2023,FLG,AZ,AWP,CE,Federal Contract Tower,10,11,1,0,22,0,30,20,0,50,10,41,21,0,72,36,0,36,108
05/04/2023,FLG,AZ,AWP,CE,Federal Contract Tower,12,10,6,0,28,0,13,25,0,38,12,23,31,0,66,4,0,4,70
05/05/2023,FLG,AZ,AWP,CE,Federal Contract Tower,10,20,4,5,39,0,17,32,0,49,10,37,36,5,88,28,0,28,116
05/06/2023,FLG,AZ,AWP,CE,Federal Contract Tower,10,19,1,4,34,0,29,41,0,70,10,48,42,4,104,14,0,14,118
05/07/2023,FLG,AZ,AWP,CE,Federal Contract Tower,9,19,3,2,33,0,6,74,0,80,9,25,77,2,113,14,0,14,127
05/08/2023,FLG,AZ,AWP,CE,Federal Contract Tower,10,9,4,2,25,0,35,42,0,77,10,44,46,2,102,38,0,38,140
05/09/2023,FLG,AZ,AWP,CE,Federal Contract Tower,8,7,0,2,17,0,31,66,2,99,8,38,66,4,116,36,0,36,152
05/10/2023,FLG,AZ,AWP,CE,Federal Contract Tower,10,5,5,2,22,0,23,25,0,48,10,28,30,2,70,18,0,18,88
05/11/2023,FLG,AZ,AWP,CE,Federal Contract Tower,10,12,2,1,25,0,23,31,1,55,10,35,33,2,80,32,0,32,112
05/12/2023,FLG,AZ,AWP,CE,Federal Contract Tower,10,9,5,1,25,0,19,75,3,97,10,28,80,4,122,6,0,6,128
05/13/2023,FLG,AZ,AWP,CE,Federal Contract Tower,11,15,7,0,33,0,6,39,0,45,11,21,46,0,78,8,0,8,86
05/14/2023,FLG,AZ,AWP,CE,Federal Contract Tower,11,9,4,2,26,0,13,41,2,56,11,22,45,4,82,16,4,20,102
05/15/2023,FLG,AZ,AWP,CE,Federal Contract Tower,10,6,4,0,20,0,14,20,0,34,10,20,24,0,54,10,0,10,64
05/16/2023,FLG,AZ,AWP,CE,Federal Contract Tower,8,10,3,0,21,0,25,27,1,53,8,35,30,1,74,26,0,26,100
05/17/2023,FLG,AZ,AWP,CE,Federal Contract Tower,9,4,0,0,13,0,8,34,0,42,9,12,34,0,55,24,0,24,79
05/18/2023,FLG,AZ,AWP,CE,Federal Contract Tower,10,15,1,1,27,0,6,33,1,40,10,21,34,2,67,38,0,38,105
05/19/2023,FLG,AZ,AWP,CE,Federal Contract Tower,11,15,2,0,28,0,14,21,0,35,11,29,23,0,63,24,0,24,87
05/20/2023,FLG,AZ,AWP,CE,Federal Contract Tower,9,13,5,0,27,0,17,59,0,76,9,30,64,0,103,10,0,10,113
05/21/2023,FLG,AZ,AWP,CE,Federal Contract Tower,10,9,3,0,22,0,27,37,1,65,10,36,40,1,87,14,0,14,101
05/22/2023,FLG,AZ,AWP,CE,Federal Contract Tower,10,10,3,0,23,0,37,26,1,64,10,47,29,1,87,28,0,28,115
05/23/2023,FLG,AZ,AWP,CE,Federal Contract Tower,8,14,4,1,27,0,37,55,2,94,8,51,59,3,121,10,0,10,131
05/24/2023,FLG,AZ,AWP,CE,Federal Contract Tower,10,7,2,2,21,0,29,64,9,102,10,36,66,11,123,40,8,48,171
05/25/2023,FLG,AZ,AWP,CE,Federal Contract Tower,10,16,4,1,31,0,21,83,2,106,10,37,87,3,137,17,0,17,154
05/26/2023,FLG,AZ,AWP,CE,Federal Contract Tower,10,9,10,0,29,0,28,47,0,75,10,37,57,0,104,20,0,20,124
05/27/2023,FLG,AZ,AWP,CE,Federal Contract Tower,6,13,4,0,23,0,25,61,1,87,6,38,65,1,110,2,0,2,112
05/28/2023,FLG,AZ,AWP,CE,Federal Contract Tower,10,10,3,0,23,0,23,37,1,61,10,33,40,1,84,32,0,32,116
05/29/2023,FLG,AZ,AWP,CE,Federal Contract Tower,11,12,6,0,29,0,28,38,2,68,11,40,44,2,97,12,0,12,109
05/30/2023,FLG,AZ,AWP,CE,Federal Contract Tower,8,13,4,0,25,0,37,42,0,79,8,50,46,0,104,12,0,12,116
05/31/2023,FLG,AZ,AWP,CE,Federal Contract Tower,10,13,1,4,28,0,20,33,1,54,10,33,34,5,82,10,0,10,92
06/01/2023,FLG,AZ,AWP,CE,Federal Contract Tower,7,8,7,0,22,0,19,40,6,65,7,27,47,6,87,29,0,29,116
06/02/2023,FLG,AZ,AWP,CE,Federal Contract Tower,7,14,2,0,23,0,21,45,14,80,7,35,47,14,103,4,0,4,107
06/03/2023,FLG,AZ,AWP,CE,Federal Contract Tower,4,11,6,0,21,0,16,51,3,70,4,27,57,3,91,14,0,14,105
06/04/2023,FLG,AZ,AWP,CE,Federal Contract Tower,7,8,9,1,25,0,18,40,3,61,7,26,49,4,86,2,0,2,88
06/05/2023,FLG,AZ,AWP,CE,Federal Contract Tower,8,16,6,5,35,0,27,36,16,79,8,43,42,21,114,28,0,28,142
06/06/2023,FLG,AZ,AWP,CE,Federal Contract Tower,5,13,1,4,23,0,35,44,4,83,5,48,45,8,106,18,0,18,124
06/07/2023,FLG,AZ,AWP,CE,Federal Contract Tower,8,16,6,4,34,0,28,49,4,81,8,44,55,8,115,6,0,6,121
06/08/2023,FLG,AZ,AWP,CE,Federal Contract Tower,11,21,5,0,37,0,41,67,0,108,11,62,72,0,145,6,0,6,151
06/09/2023,FLG,AZ,AWP,CE,Federal Contract Tower,7,23,7,1,38,0,21,54,9,84,7,44,61,10,122,6,0,6,128
06/10/2023,FLG,AZ,AWP,CE,Federal Contract Tower,5,11,9,1,26,0,23,46,1,70,5,34,55,2,96,47,0,47,143
06/11/2023,FLG,AZ,AWP,CE,Federal Contract Tower,6,7,9,0,22,0,24,28,0,52,6,31,37,0,74,8,0,8,82
06/12/2023,FLG,AZ,AWP,CE,Federal Contract Tower,7,6,7,2,22,0,24,28,8,60,7,30,35,10,82,10,0,10,92
06/13/2023,FLG,AZ,AWP,CE,Federal Contract Tower,4,9,9,1,23,1,16,55,3,75,5,25,64,4,98,48,0,48,146
06/14/2023,FLG,AZ,AWP,CE,Federal Contract Tower,8,14,3,1,26,0,23,32,4,59,8,37,35,5,85,6,0,6,91
06/15/2023,FLG,AZ,AWP,CE,Federal Contract Tower,6,18,7,3,34,0,18,48,0,66,6,36,55,3,100,64,0,64,164
06/16/2023,FLG,AZ,AWP,CE,Federal Contract Tower,7,16,2,0,25,0,32,46,0,78,7,48,48,0,103,60,0,60,163
06/17/2023,FLG,AZ,AWP,CE,Federal Contract Tower,6,4,5,0,15,0,22,52,0,74,6,26,57,0,89,0,0,0,89
06/18/2023,FLG,AZ,AWP,CE,Federal Contract Tower,8,11,4,0,23,0,11,32,0,43,8,22,36,0,66,6,0,6,72
06/19/2023,FLG,AZ,AWP,CE,Federal Contract Tower,8,10,5,0,23,0,11,17,0,28,8,21,22,0,51,0,0,0,51
06/20/2023,FLG,AZ,AWP,CE,Federal Contract Tower,5,8,5,0,18,0,22,49,0,71,5,30,54,0,89,8,0,8,97
06/21/2023,FLG,AZ,AWP,CE,Federal Contract Tower,7,15,2,0,24,0,18,51,5,74,7,33,53,5,98,22,0,22,120
06/22/2023,FLG,AZ,AWP,CE,Federal Contract Tower,8,23,2,0,33,0,43,49,4,96,8,66,51,4,129,0,0,0,129
06/23/2023,FLG,AZ,AWP,CE,Federal Contract Tower,7,13,2,0,22,0,20,44,4,68,7,33,46,4,90,0,0,0,90
06/24/2023,FLG,AZ,AWP,CE,Federal Contract Tower,5,8,3,0,16,0,17,51,0,68,5,25,54,0,84,74,0,74,158
06/25/2023,FLG,AZ,AWP,CE,Federal Contract Tower,7,13,5,2,27,0,16,39,2,57,7,29,44,4,84,2,0,2,86
06/26/2023,FLG,AZ,AWP,CE,Federal Contract Tower,7,20,5,0,32,0,13,26,0,39,7,33,31,0,71,12,0,12,83
06/27/2023,FLG,AZ,AWP,CE,Federal Contract Tower,5,16,1,0,22,0,21,23,0,44,5,37,24,0,66,18,0,18,84
06/28/2023,FLG,AZ,AWP,CE,Federal Contract Tower,8,11,4,0,23,0,18,35,3,56,8,29,39,3,79,0,0,0,79
06/29/2023,FLG,AZ,AWP,CE,Federal Contract Tower,6,16,3,0,25,0,30,57,5,92,6,46,60,5,117,14,0,14,131
06/30/2023,FLG,AZ,AWP,CE,Federal Contract Tower,7,13,7,2,29,0,34,62,4,100,7,47,69,6,129,31,0,31,160
07/01/2023,FLG,AZ,AWP,CE,Federal Contract Tower,4,15,5,0,24,0,15,43,0,58,4,30,48,0,82,0,0,0,82
07/02/2023,FLG,AZ,AWP,CE,Federal Contract Tower,7,3,3,0,13,0,19,37,0,56,7,22,40,0,69,10,0,10,79
07/03/2023,FLG,AZ,AWP,CE,Federal Contract Tower,6,5,2,0,13,0,5,43,0,48,6,10,45,0,61,18,0,18,79
07/04/2023,FLG,AZ,AWP,CE,Federal Contract Tower,3,10,2,0,15,0,15,32,0,47,3,25,34,0,62,4,0,4,66
07/05/2023,FLG,AZ,AWP,CE,Federal Contract Tower,7,18,0,0,25,0,23,34,4,61,7,41,34,4,86,16,2,18,104
07/06/2023,FLG,AZ,AWP,CE,Federal Contract Tower,7,18,0,3,28,0,23,32,0,55,7,41,32,3,83,26,0,26,109
07/07/2023,FLG,AZ,AWP,CE,Federal Contract Tower,5,7,10,2,24,0,32,43,0,75,5,39,53,2,99,24,0,24,123
07/08/2023,FLG,AZ,AWP,CE,Federal Contract Tower,6,14,4,0,24,0,12,56,1,69,6,26,60,1,93,6,0,6,99
07/09/2023,FLG,AZ,AWP,CE,Federal Contract Tower,0,9,12,0,21,0,8,51,0,59,0,17,63,0,80,8,0,8,88
07/10/2023,FLG,AZ,AWP,CE,Federal Contract Tower,0,0,0,0,0,0,23,3,2,28,0,23,3,2,28,0,0,0,28
07/11/2023,FLG,AZ,AWP,CE,Federal Contract Tower,0,0,0,0,0,0,25,1,0,26,0,25,1,0,26,0,0,0,26
07/12/2023,FLG,AZ,AWP,CE,Federal Contract Tower,0,0,0,0,0,0,25,0,0,25,0,25,0,0,25,0,0,0,25
07/13/2023,FLG,AZ,AWP,CE,Federal Contract Tower,0,0,0,0,0,0,18,0,0,18,0,18,0,0,18,0,0,0,18
07/14/2023,FLG,AZ,AWP,CE,Federal Contract Tower,0,0,0,0,0,0,7,0,0,7,0,7,0,0,7,0,0,0,7
07/15/2023,FLG,AZ,AWP,CE,Federal Contract Tower,0,0,0,0,0,0,24,0,0,24,0,24,0,0,24,0,0,0,24
07/16/2023,FLG,AZ,AWP,CE,Federal Contract Tower,4,10,6,0,20,0,9,31,0,40,4,19,37,0,60,14,0,14,74
07/17/2023,FLG,AZ,AWP,CE,Federal Contract Tower,8,15,12,0,35,0,27,43,3,73,8,42,55,3,108,30,0,30,138
07/18/2023,FLG,AZ,AWP,CE,Federal Contract Tower,6,27,2,4,39,0,21,49,4,74,6,48,51,8,113,28,0,28,141
07/19/2023,FLG,AZ,AWP,CE,Federal Contract Tower,6,11,4,2,23,0,18,49,2,69,6,29,53,4,92,36,0,36,128
07/20/2023,FLG,AZ,AWP,CE,Federal Contract Tower,9,19,1,0,29,0,36,33,4,73,9,55,34,4,102,30,0,30,132
07/21/2023,FLG,AZ,AWP,CE,Federal Contract Tower,7,12,2,0,21,0,25,24,4,53,7,37,26,4,74,8,0,8,82
07/22/2023,FLG,AZ,AWP,CE,Federal Contract Tower,8,6,0,0,14,0,24,31,0,55,8,30,31,0,69,2,0,2,71
07/23/2023,FLG,AZ,AWP,CE,Federal Contract Tower,7,14,0,0,21,0,12,17,0,29,7,26,17,0,50,0,0,0,50
07/24/2023,FLG,AZ,AWP,CE,Federal Contract Tower,7,13,2,0,22,0,8,24,0,32,7,21,26,0,54,36,0,36,90
07/25/2023,FLG,AZ,AWP,CE,Federal Contract Tower,4,22,2,0,28,0,34,19,1,54,4,56,21,1,82,23,0,23,105
07/26/2023,FLG,AZ,AWP,CE,Federal Contract Tower,6,11,2,2,21,0,21,26,1,48,6,32,28,3,69,42,0,42,111
07/27/2023,FLG,AZ,AWP,CE,Federal Contract Tower,7,16,8,0,31,0,15,43,1,59,7,31,51,1,90,16,0,16,106
07/28/2023,FLG,AZ,AWP,CE,Federal Contract Tower,7,14,6,0,27,0,31,30,0,61,7,45,36,0,88,2,0,2,90
07/29/2023,FLG,AZ,AWP,CE,Federal Contract Tower,7,8,7,0,22,0,11,37,2,50,7,19,44,2,72,4,0,4,76
07/30/2023,FLG,AZ,AWP,CE,Federal Contract Tower,7,10,5,0,22,0,10,28,0,38,7,20,33,0,60,16,0,16,76
07/31/2023,FLG,AZ,AWP,CE,Federal Contract Tower,7,8,1,0,16,0,9,24,0,33,7,17,25,0,49,12,0,12,61
08/01/2023,FLG,AZ,AWP,CE,Federal Contract Tower,3,9,3,0,15,0,9,22,0,31,3,18,25,0,46,18,0,18,64
08/02/2023,FLG,AZ,AWP,CE,Federal Contract Tower,1,7,1,0,9,0,8,12,0,20,1,15,13,0,29,0,0,0,29
08/03/2023,FLG,AZ,AWP,CE,Federal Contract Tower,6,13,1,3,23,0,30,41,4,75,6,43,42,7,98,18,0,18,116
08/04/2023,FLG,AZ,AWP,CE,Federal Contract Tower,7,13,1,1,22,0,43,45,1,89,7,56,46,2,111,26,0,26,137
08/05/2023,FLG,AZ,AWP,CE,Federal Contract Tower,4,9,2,0,15,0,27,22,0,49,4,36,24,0,64,0,0,0,64
08/06/2023,FLG,AZ,AWP,CE,Federal Contract Tower,3,10,4,0,17,0,15,34,0,49,3,25,38,0,66,8,0,8,74
08/07/2023,FLG,AZ,AWP,CE,Federal Contract Tower,7,13,1,0,21,0,31,21,1,53,7,44,22,1,74,18,0,18,92
08/08/2023,FLG,AZ,AWP,CE,Federal Contract Tower,7,21,2,1,31,0,18,23,3,44,7,39,25,4,75,12,0,12,87
08/09/2023,FLG,AZ,AWP,CE,Federal Contract Tower,7,8,2,4,21,0,26,23,2,51,7,34,25,6,72,18,0,18,90
08/10/2023,FLG,AZ,AWP,CE,Federal Contract Tower,7,9,6,0,22,0,23,53,1,77,7,32,59,1,99,28,0,28,127
08/11/2023,FLG,AZ,AWP,CE,Federal Contract Tower,6,13,4,0,23,0,35,62,3,100,6,48,66,3,123,59,0,59,182
08/12/2023,FLG,AZ,AWP,CE,Federal Contract Tower,4,10,1,0,15,0,3,22,0,25,4,13,23,0,40,14,0,14,54
08/13/2023,FLG,AZ,AWP,CE,Federal Contract Tower,4,17,1,0,22,0,6,28,0,34,4,23,29,0,56,6,0,6,62
08/14/2023,FLG,AZ,AWP,CE,Federal Contract Tower,7,12,2,1,22,0,15,28,3,46,7,27,30,4,68,28,0,28,96
08/15/2023,FLG,AZ,AWP,CE,Federal Contract Tower,7,15,1,6,29,0,19,31,2,52,7,34,32,8,81,68,0,68,149
08/16/2023,FLG,AZ,AWP,CE,Federal Contract Tower,7,7,1,0,15,0,26,35,12,73,7,33,36,12,88,24,0,24,112
08/17/2023,FLG,AZ,AWP,CE,Federal Contract Tower,7,16,2,0,25,0,20,35,0,55,7,36,37,0,80,4,0,4,84
08/18/2023,FLG,AZ,AWP,CE,Federal Contract Tower,6,20,0,0,26,0,24,39,7,70,6,44,39,7,96,6,0,6,102
08/19/2023,FLG,AZ,AWP,CE,Federal Contract Tower,2,9,4,1,16,0,3,16,3,22,2,12,20,4,38,4,0,4,42
08/20/2023,FLG,AZ,AWP,CE,Federal Contract Tower,3,17,1,0,21,0,2,17,1,20,3,19,18,1,41,30,0,30,71
08/21/2023,FLG,AZ,AWP,CE,Federal Contract Tower,5,10,4,0,19,0,10,9,1,20,5,20,13,1,39,20,0,20,59
08/22/2023,FLG,AZ,AWP,CE,Federal Contract Tower,6,8,0,0,14,0,26,33,6,65,6,34,33,6,79,24,0,24,103
08/23/2023,FLG,AZ,AWP,CE,Federal Contract Tower,7,16,4,0,27,0,16,40,2,58,7,32,44,2,85,10,0,10,95
08/24/2023,FLG,AZ,AWP,CE,Federal Contract Tower,2,9,4,0,15,0,1,3,0,4,2,10,7,0,19,4,0,4,23
08/25/2023,FLG,AZ,AWP,CE,Federal Contract Tower,6,12,1,3,22,0,16,83,7,106,6,28,84,10,128,46,8,54,182
08/26/2023,FLG,AZ,AWP,CE,Federal Contract Tower,5,8,0,1,14,0,32,216,3,251,5,40,216,4,265,14,0,14,279
08/27/2023,FLG,AZ,AWP,CE,Federal Contract Tower,2,3,1,0,6,0,3,42,3,48,2,6,43,3,54,36,0,36,90
08/28/2023,FLG,AZ,AWP,CE,Federal Contract Tower,7,22,0,3,32,0,23,38,18,79,7,45,38,21,111,36,6,42,153
08/29/2023,FLG,AZ,AWP,CE,Federal Contract Tower,6,3,5,0,14,0,28,66,5,99,6,31,71,5,113,28,0,28,141
08/30/2023,FLG,AZ,AWP,CE,Federal Contract Tower,6,16,4,2,28,0,32,40,2,74,6,48,44,4,102,28,0,28,130
08/31/2023,FLG,AZ,AWP,CE,Federal Contract Tower,2,10,3,0,15,0,16,32,0,48,2,26,35,0,63,40,0,40,103
01/01/2020,FLG,AZ,AWP,WE,Federal Contract Tower,7,8,3,0,18,0,23,34,0,57,7,31,37,0,75,28,0,28,103
01/02/2020,FLG,AZ,AWP,WE,Federal Contract Tower,8,11,3,0,22,0,28,41,0,69,8,39,44,0,91,28,0,28,119
01/03/2020,FLG,AZ,AWP,WE,Federal Contract Tower,8,6,2,2,18,0,25,56,0,81,8,31,58,2,99,38,0,38,137
01/04/2020,FLG,AZ,AWP,WE,Federal Contract Tower,5,5,10,0,20,0,11,51,10,72,5,16,61,10,92,44,0,44,136
01/05/2020,FLG,AZ,AWP,WE,Federal Contract Tower,9,6,5,0,20,0,14,71,5,90,9,20,76,5,110,40,0,40,150
01/06/2020,FLG,AZ,AWP,WE,Federal Contract Tower,6,5,7,0,18,0,19,35,10,64,6,24,42,10,82,8,0,8,90
01/07/2020,FLG,AZ,AWP,WE,Federal Contract Tower,8,7,5,0,20,0,15,71,7,93,8,22,76,7,113,44,2,46,159
01/08/2020,FLG,AZ,AWP,WE,Federal Contract Tower,5,9,1,0,15,0,15,44,2,61,5,24,45,2,76,8,0,8,84
01/09/2020,FLG,AZ,AWP,WE,Federal Contract Tower,6,10,8,0,24,0,7,26,0,33,6,17,34,0,57,10,0,10,67
01/10/2020,FLG,AZ,AWP,WE,Federal Contract Tower,9,8,3,0,20,0,9,38,1,48,9,17,41,1,68,10,0,10,78
01/11/2020,FLG,AZ,AWP,WE,Federal Contract Tower,8,9,3,0,20,0,12,56,0,68,8,21,59,0,88,6,0,6,94
01/12/2020,FLG,AZ,AWP,WE,Federal Contract Tower,9,7,4,0,20,0,15,72,0,87,9,22,76,0,107,16,0,16,123
01/13/2020,FLG,AZ,AWP,WE,Federal Contract Tower,7,6,3,0,16,0,21,57,0,78,7,27,60,0,94,6,0,6,100
01/14/2020,FLG,AZ,AWP,WE,Federal Contract Tower,7,10,4,0,21,0,10,51,1,62,7,20,55,1,83,18,0,18,101
01/15/2020,FLG,AZ,AWP,WE,Federal Contract Tower,6,9,4,0,19,0,15,53,0,68,6,24,57,0,87,6,0,6,93
01/16/2020,FLG,AZ,AWP,WE,Federal Contract Tower,6,6,3,0,15,0,10,36,0,46,6,16,39,0,61,0,0,0,61
01/17/2020,FLG,AZ,AWP,WE,Federal Contract Tower,8,12,9,0,29,0,17,50,0,67,8,29,59,0,96,10,0,10,106
01/18/2020,FLG,AZ,AWP,WE,Federal Contract Tower,6,6,7,0,19,0,1,43,0,44,6,7,50,0,63,32,0,32,95
01/19/2020,FLG,AZ,AWP,WE,Federal Contract Tower,9,4,0,2,15,0,18,47,0,65,9,22,47,2,80,16,0,16,96
01/20/2020,FLG,AZ,AWP,WE,Federal Contract Tower,8,8,4,0,20,0,9,32,0,41,8,17,36,0,61,10,0,10,71
01/21/2020,FLG,AZ,AWP,WE,Federal Contract Tower,10,8,1,0,19,0,1,0,0,1,10,9,1,0,20,0,0,0,20
01/22/2020,FLG,AZ,AWP,WE,Federal Contract Tower,8,6,7,0,21,0,15,49,0,64,8,21,56,0,85,34,0,34,119
01/23/2020,FLG,AZ,AWP,WE,Federal Contract Tower,8,9,8,0,25,0,18,56,0,74,8,27,64,0,99,6,0,6,105
01/24/2020,FLG,AZ,AWP,WE,Federal Contract Tower,8,8,2,0,18,0,18,75,0,93,8,26,77,0,111,84,0,84,195
01/25/2020,FLG,AZ,AWP,WE,Federal Contract Tower,8,8,6,0,22,0,8,63,0,71,8,16,69,0,93,26,0,26,119
01/26/2020,FLG,AZ,AWP,WE,Federal Contract Tower,7,5,9,0,21,0,13,55,0,68,7,18,64,0,89,20,0,20,109
01/27/2020,FLG,AZ,AWP,WE,Federal Contract Tower,9,10,7,0,26,0,20,45,0,65,9,30,52,0,91,2,0,2,93
01/28/2020,FLG,AZ,AWP,WE,Federal Contract Tower,9,8,5,7,29,0,16,62,2,80,9,24,67,9,109,16,0,16,125
01/29/2020,FLG,AZ,AWP,WE,Federal Contract Tower,6,10,7,4,27,0,15,31,1,47,6,25,38,5,74,10,0,10,84
01/30/2020,FLG,AZ,AWP,WE,Federal Contract Tower,8,10,6,0,24,0,18,45,0,63,8,28,51,0,87,16,0,16,103
01/31/2020,FLG,AZ,AWP,WE,Federal Contract Tower,8,7,6,0,21,0,23,47,0,70,8,30,53,0,91,36,0,36,127
02/01/2020,FLG,AZ,AWP,CE,Federal Contract Tower,8,6,3,0,17,0,7,63,6,76,8,13,66,6,93,16,0,16,109
02/02/2020,FLG,AZ,AWP,CE,Federal Contract Tower,8,5,5,0,18,0,10,51,0,61,8,15,56,0,79,14,0,14,93
02/03/2020,FLG,AZ,AWP,CE,Federal Contract Tower,9,8,1,0,18,0,8,2,0,10,9,16,3,0,28,14,0,14,42
02/04/2020,FLG,AZ,AWP,CE,Federal Contract Tower,8,6,1,0,15,0,28,44,0,72,8,34,45,0,87,4,0,4,91
02/05/2020,FLG,AZ,AWP,CE,Federal Contract Tower,6,6,8,0,20,0,14,57,0,71,6,20,65,0,91,6,0,6,97
02/06/2020,FLG,AZ,AWP,CE,Federal Contract Tower,8,9,3,0,20,0,11,52,0,63,8,20,55,0,83,4,0,4,87
02/07/2020,FLG,AZ,AWP,CE,Federal Contract Tower,10,6,10,2,28,0,24,50,1,75,10,30,60,3,103,34,0,34,137
02/08/2020,FLG,AZ,AWP,CE,Federal Contract Tower,8,7,7,0,22,0,11,47,0,58,8,18,54,0,80,6,0,6,86
02/09/2020,FLG,AZ,AWP,CE,Federal Contract Tower,8,9,1,0,18,0,12,53,0,65,8,21,54,0,83,10,0,10,93
02/10/2020,FLG,AZ,AWP,CE,Federal Contract Tower,8,9,0,0,17,0,14,12,0,26,8,23,12,0,43,0,0,0,43
02/11/2020,FLG,AZ,AWP,CE,Federal Contract Tower,7,8,6,2,23,0,19,22,0,41,7,27,28,2,64,0,0,0,64
02/12/2020,FLG,AZ,AWP,CE,Federal Contract Tower,6,7,4,0,17,0,19,79,0,98,6,26,83,0,115,34,0,34,149
02/13/2020,FLG,AZ,AWP,CE,Federal Contract Tower,9,10,4,0,23,0,8,52,0,60,9,18,56,0,83,24,0,24,107
02/14/2020,FLG,AZ,AWP,CE,Federal Contract Tower,8,7,8,1,24,0,26,81,1,108,8,33,89,2,132,14,0,14,146
02/15/2020,FLG,AZ,AWP,CE,Federal Contract Tower,8,10,9,0,27,0,16,54,0,70,8,26,63,0,97,32,0,32,129
02/16/2020,FLG,AZ,AWP,CE,Federal Contract Tower,8,8,9,0,25,0,21,61,0,82,8,29,70,0,107,18,0,18,125
02/17/2020,FLG,AZ,AWP,CE,Federal Contract Tower,8,7,6,0,21,0,15,70,0,85,8,22,76,0,106,34,0,34,140
02/18/2020,FLG,AZ,AWP,CE,Federal Contract Tower,8,7,7,2,24,0,5,49,2,56,8,12,56,4,80,8,6,14,94
02/19/2020,FLG,AZ,AWP,CE,Federal Contract Tower,8,9,8,0,25,0,13,57,7,77,8,22,65,7,102,0,14,14,116
02/20/2020,FLG,AZ,AWP,CE,Federal Contract Tower,7,11,6,0,24,0,17,64,0,81,7,28,70,0,105,14,0,14,119
02/21/2020,FLG,AZ,AWP,CE,Federal Contract Tower,8,10,4,0,22,0,23,55,4,82,8,33,59,4,104,14,0,14,118
02/22/2020,FLG,AZ,AWP,CE,Federal Contract Tower,8,5,8,0,21,0,1,0,0,1,8,6,8,0,22,2,0,2,24
02/23/2020,FLG,AZ,AWP,CE,Federal Contract Tower,9,8,10,0,27,0,6,11,0,17,9,14,21,0,44,0,0,0,44
02/24/2020,FLG,AZ,AWP,CE,Federal Contract Tower,10,3,4,2,19,0,19,29,0,48,10,22,33,2,67,2,0,2,69
02/25/2020,FLG,AZ,AWP,CE,Federal Contract Tower,8,10,1,1,20,0,18,21,2,41,8,28,22,3,61,0,2,2,63
02/26/2020,FLG,AZ,AWP,CE,Federal Contract Tower,8,7,7,2,24,0,17,39,1,57,8,24,46,3,81,6,2,8,89
02/27/2020,FLG,AZ,AWP,CE,Federal Contract Tower,8,7,5,0,20,0,6,55,0,61,8,13,60,0,81,4,0,4,85
02/28/2020,FLG,AZ,AWP,CE,Federal Contract Tower,9,7,7,0,23,0,25,60,4,89,9,32,67,4,112,18,0,18,130
02/29/2020,FLG,AZ,AWP,CE,Federal Contract Tower,8,5,2,0,15,0,16,83,4,103,8,21,85,4,118,28,6,34,152
03/01/2020,FLG,AZ,AWP,CE,Federal Contract Tower,8,7,2,0,17,0,4,38,0,42,8,11,40,0,59,4,0,4,63
03/02/2020,FLG,AZ,AWP,CE,Federal Contract Tower,8,6,3,0,17,0,23,18,3,44,8,29,21,3,61,10,0,10,71
03/03/2020,FLG,AZ,AWP,CE,Federal Contract Tower,8,8,6,0,22,0,16,42,0,58,8,24,48,0,80,8,0,8,88
03/04/2020,FLG,AZ,AWP,CE,Federal Contract Tower,8,7,7,2,24,0,18,44,0,62,8,25,51,2,86,24,0,24,110
03/05/2020,FLG,AZ,AWP,CE,Federal Contract Tower,10,5,5,0,20,0,19,57,0,76,10,24,62,0,96,4,0,4,100
03/06/2020,FLG,AZ,AWP,CE,Federal Contract Tower,9,6,8,0,23,0,8,47,0,55,9,14,55,0,78,18,0,18,96
03/07/2020,FLG,AZ,AWP,CE,Federal Contract Tower,8,7,2,0,17,0,18,39,0,57,8,25,41,0,74,32,0,32,106
03/08/2020,FLG,AZ,AWP,CE,Federal Contract Tower,5,9,3,0,17,0,8,43,0,51,5,17,46,0,68,6,0,6,74
03/09/2020,FLG,AZ,AWP,CE,Federal Contract Tower,7,7,4,0,18,0,18,46,0,64,7,25,50,0,82,34,0,34,116
03/10/2020,FLG,AZ,AWP,CE,Federal Contract Tower,7,13,4,0,24,0,0,0,0,0,7,13,4,0,24,0,0,0,24
03/11/2020,FLG,AZ,AWP,CE,Federal Contract Tower,7,7,2,2,18,0,2,1,0,3,7,9,3,2,21,0,0,0,21
03/12/2020,FLG,AZ,AWP,CE,Federal Contract Tower,9,10,12,0,31,0,9,2,0,11,9,19,14,0,42,8,0,8,50
03/13/2020,FLG,AZ,AWP,CE,Federal Contract Tower,0,7,12,0,19,0,0,0,0,0,0,7,12,0,19,0,0,0,19
03/14/2020,FLG,AZ,AWP,CE,Federal Contract Tower,9,8,8,0,25,0,7,5,0,12,9,15,13,0,37,0,0,0,37
03/15/2020,FLG,AZ,AWP,CE,Federal Contract Tower,8,4,14,0,26,0,8,47,0,55,8,12,61,0,81,20,0,20,101
03/16/2020,FLG,AZ,AWP,CE,Federal Contract Tower,8,5,0,0,13,0,18,54,0,72,8,23,54,0,85,22,0,22,107
03/17/2020,FLG,AZ,AWP,CE,Federal Contract Tower,8,8,3,0,19,0,15,27,0,42,8,23,30,0,61,2,0,2,63
03/18/2020,FLG,AZ,AWP,CE,Federal Contract Tower,8,1,5,0,14,0,0,0,0,0,8,1,5,0,14,0,0,0,14
03/19/2020,FLG,AZ,AWP,CE,Federal Contract Tower,8,5,7,0,20,0,0,0,0,0,8,5,7,0,20,0,0,0,20
03/20/2020,FLG,AZ,AWP,CE,Federal Contract Tower,9,9,4,0,22,0,14,30,0,44,9,23,34,0,66,40,0,40,106
03/21/2020,FLG,AZ,AWP,CE,Federal Contract Tower,6,8,2,0,16,0,2,33,0,35,6,10,35,0,51,2,0,2,53
03/22/2020,FLG,AZ,AWP,CE,Federal Contract Tower,3,4,3,2,12,0,8,57,0,65,3,12,60,2,77,38,8,46,123
03/23/2020,FLG,AZ,AWP,CE,Federal Contract Tower,6,9,0,0,15,0,1,5,0,6,6,10,5,0,21,0,0,0,21
03/24/2020,FLG,AZ,AWP,CE,Federal Contract Tower,4,6,4,4,18,0,18,45,1,64,4,24,49,5,82,12,0,12,94
03/25/2020,FLG,AZ,AWP,CE,Federal Contract Tower,4,3,3,0,10,0,11,20,0,31,4,14,23,0,41,0,0,0,41
03/26/2020,FLG,AZ,AWP,CE,Federal Contract Tower,3,7,5,0,15,0,11,11,0,22,3,18,16,0,37,2,0,2,39
03/27/2020,FLG,AZ,AWP,CE,Federal Contract Tower,5,3,4,0,12,0,1,4,0,5,5,4,8,0,17,12,0,12,29
03/28/2020,FLG,AZ,AWP,CE,Federal Contract Tower,6,5,5,0,16,0,18,69,0,87,6,23,74,0,103,4,0,4,107
03/29/2020,FLG,AZ,AWP,CE,Federal Contract Tower,4,1,3,0,8,0,22,47,2,71,4,23,50,2,79,10,0,10,89
03/30/2020,FLG,AZ,AWP,CE,Federal Contract Tower,5,6,2,6,19,0,10,51,2,63,5,16,53,8,82,28,0,28,110
03/31/2020,FLG,AZ,AWP,CE,Federal Contract Tower,5,5,4,2,16,0,10,51,4,65,5,15,55,6,81,38,0,38,119
04/01/2020,FLG,AZ,AWP,CE,Federal Contract Tower,8,0,3,0,11,0,11,10,0,21,8,11,13,0,32,6,0,6,38
04/02/2020,FLG,AZ,AWP,CE,Federal Contract Tower,7,1,3,0,11,0,16,20,3,39,7,17,23,3,50,2,0,2,52
04/03/2020,FLG,AZ,AWP,CE,Federal Contract Tower,8,5,2,0,15,0,12,29,0,41,8,17,31,0,56,10,0,10,66
04/04/2020,FLG,AZ,AWP,CE,Federal Contract Tower,6,5,3,0,14,0,21,36,0,57,6,26,39,0,71,2,0,2,73
04/05/2020,FLG,AZ,AWP,CE,Federal Contract Tower,8,6,3,0,17,0,11,23,0,34,8,17,26,0,51,6,4,10,61
04/06/2020,FLG,AZ,AWP,CE,Federal Contract Tower,6,3,1,1,11,0,9,9,1,19,6,12,10,2,30,0,0,0,30
04/07/2020,FLG,AZ,AWP,CE,Federal Contract Tower,4,5,4,1,14,0,8,30,0,38,4,13,34,1,52,4,0,4,56
04/08/2020,FLG,AZ,AWP,CE,Federal Contract Tower,5,3,2,2,12,0,15,12,0,27,5,18,14,2,39,2,2,4,43
04/09/2020,FLG,AZ,AWP,CE,Federal Contract Tower,5,3,2,2,12,0,20,22,0,42,5,23,24,2,54,4,0,4,58
04/10/2020,FLG,AZ,AWP,CE,Federal Contract Tower,5,5,1,0,11,0,20,58,0,78,5,25,59,0,89,22,0,22,111
04/11/2020,FLG,AZ,AWP,CE,Federal Contract Tower,4,3,6,0,13,0,3,19,0,22,4,6,25,0,35,2,0,2,37
04/12/2020,FLG,AZ,AWP,CE,Federal Contract Tower,3,0,5,0,8,0,2,2,0,4,3,2,7,0,12,3,0,3,15
04/14/2020,FLG,AZ,AWP,CE,Federal Contract Tower,5,0,2,0,7,0,13,35,0,48,5,13,37,0,55,22,0,22,77
04/15/2020,FLG,AZ,AWP,CE,Federal Contract Tower,5,4,2,0,11,0,16,50,2,68,5,20,52,2,79,16,0,16,95
04/16/2020,FLG,AZ,AWP,CE,Federal Contract Tower,4,9,7,0,20,0,30,41,2,73,4,39,48,2,93,12,2,14,107
04/17/2020,FLG,AZ,AWP,CE,Federal Contract Tower,4,4,10,2,20,0,19,57,2,78,4,23,67,4,98,30,0,30,128
04/18/2020,FLG,AZ,AWP,CE,Federal Contract Tower,3,7,5,0,15,0,12,36,0,48,3,19,41,0,63,2,0,2,65
04/19/2020,FLG,AZ,AWP,CE,Federal Contract Tower,2,0,3,2,7,0,6,60,0,66,2,6,63,2,73,0,0,0,73
04/20/2020,FLG,AZ,AWP,CE,Federal Contract Tower,2,3,5,4,14,0,12,47,0,59,2,15,52,4,73,0,0,0,73
04/21/2020,FLG,AZ,AWP,CE,Federal Contract Tower,3,3,3,3,12,0,17,30,1,48,3,20,33,4,60,4,0,4,64
04/22/2020,FLG,AZ,AWP,CE,Federal Contract Tower,2,5,1,0,8,0,22,47,2,71,2,27,48,2,79,24,0,24,103
04/23/2020,FLG,AZ,AWP,CE,Federal Contract Tower,4,1,4,0,9,0,16,38,0,54,4,17,42,0,63,8,0,8,71
04/24/2020,FLG,AZ,AWP,CE,Federal Contract Tower,2,4,11,0,17,0,13,39,0,52,2,17,50,0,69,34,0,34,103
04/25/2020,FLG,AZ,AWP,CE,Federal Contract Tower,5,2,4,0,11,0,3,88,0,91,5,5,92,0,102,34,0,34,136
04/26/2020,FLG,AZ,AWP,CE,Federal Contract Tower,4,4,8,0,16,0,22,57,0,79,4,26,65,0,95,8,0,8,103
04/27/2020,FLG,AZ,AWP,CE,Federal Contract Tower,4,2,1,0,7,0,25,58,0,83,4,27,59,0,90,22,0,22,112
04/28/2020,FLG,AZ,AWP,CE,Federal Contract Tower,3,0,2,2,7,0,20,47,0,67,3,20,49,2,74,2,2,4,78
04/29/2020,FLG,AZ,AWP,CE,Federal Contract Tower,3,2,6,2,13,0,29,76,0,105,3,31,82,2,118,26,0,26,144
04/30/2020,FLG,AZ,AWP,CE,Federal Contract Tower,5,5,6,0,16,0,16,44,0,60,5,21,50,0,76,16,0,16,92
05/01/2020,FLG,AZ,AWP,CE,Federal Contract Tower,8,1,4,0,13,0,17,50,6,73,8,18,54,6,86,2,0,2,88
05/02/2020,FLG,AZ,AWP,CE,Federal Contract Tower,4,3,11,0,18,0,27,68,6,101,4,30,79,6,119,10,0,10,129
05/03/2020,FLG,AZ,AWP,CE,Federal Contract Tower,6,2,4,0,12,0,23,52,0,75,6,25,56,0,87,2,0,2,89
05/04/2020,FLG,AZ,AWP,CE,Federal Contract Tower,5,3,9,0,17,0,27,60,0,87,5,30,69,0,104,14,0,14,118
05/05/2020,FLG,AZ,AWP,CE,Federal Contract Tower,2,2,5,2,11,0,26,54,2,82,2,28,59,4,93,4,2,6,99
05/06/2020,FLG,AZ,AWP,CE,Federal Contract Tower,4,2,2,0,8,0,27,65,2,94,4,29,67,2,102,32,0,32,134
05/07/2020,FLG,AZ,AWP,CE,Federal Contract Tower,4,12,8,10,34,0,22,58,4,84,4,34,66,14,118,20,0,20,138
05/08/2020,FLG,AZ,AWP,CE,Federal Contract Tower,6,2,6,0,14,0,22,80,25,127,6,24,86,25,141,2,0,2,143
05/09/2020,FLG,AZ,AWP,CE,Federal Contract Tower,4,3,6,0,13,0,13,95,0,108,4,16,101,0,121,16,0,16,137
05/10/2020,FLG,AZ,AWP,CE,Federal Contract Tower,6,2,2,0,10,0,19,32,0,51,6,21,34,0,61,8,0,8,69
05/11/2020,FLG,AZ,AWP,CE,Federal Contract Tower,6,4,6,0,16,0,32,48,0,80,6,36,54,0,96,22,0,22,118
05/12/2020,FLG,AZ,AWP,CE,Federal Contract Tower,4,8,6,1,19,0,22,43,1,66,4,30,49,2,85,8,0,8,93
05/13/2020,FLG,AZ,AWP,CE,Federal Contract Tower,9,10,2,1,22,0,20,45,1,66,9,30,47,2,88,6,0,6,94
05/14/2020,FLG,AZ,AWP,CE,Federal Contract Tower,6,10,6,5,27,0,33,52,2,87,6,43,58,7,114,14,0,14,128
05/15/2020,FLG,AZ,AWP,CE,Federal Contract Tower,6,0,1,0,7,0,33,54,0,87,6,33,55,0,94,0,0,0,94
05/16/2020,FLG,AZ,AWP,CE,Federal Contract Tower,4,2,6,0,12,0,18,80,0,98,4,20,86,0,110,10,0,10,120
05/17/2020,FLG,AZ,AWP,CE,Federal Contract Tower,6,1,9,0,16,0,11,56,0,67,6,12,65,0,83,10,0,10,93
05/19/2020,FLG,AZ,AWP,CE,Federal Contract Tower,4,5,9,5,23,0,19,20,1,40,4,24,29,6,63,0,0,0,63
05/20/2020,FLG,AZ,AWP,CE,Federal Contract Tower,4,7,8,0,19,0,22,59,2,83,4,29,67,2,102,16,2,18,120
05/21/2020,FLG,AZ,AWP,CE,Federal Contract Tower,6,12,14,1,33,0,17,73,0,90,6,29,87,1,123,26,0,26,149
05/22/2020,FLG,AZ,AWP,CE,Federal Contract Tower,6,8,9,0,23,0,27,47,0,74,6,35,56,0,97,14,0,14,111
05/23/2020,FLG,AZ,AWP,CE,Federal Contract Tower,5,7,6,0,18,0,28,59,0,87,5,35,65,0,105,18,0,18,123
05/24/2020,FLG,AZ,AWP,CE,Federal Contract Tower,7,1,7,0,15,0,17,57,0,74,7,18,64,0,89,6,0,6,95
05/26/2020,FLG,AZ,AWP,CE,Federal Contract Tower,4,5,2,2,13,0,16,51,0,67,4,21,53,2,80,16,0,16,96
05/27/2020,FLG,AZ,AWP,CE,Federal Contract Tower,6,6,6,0,18,0,15,74,1,90,6,21,80,1,108,42,2,44,152
05/28/2020,FLG,AZ,AWP,CE,Federal Contract Tower,6,8,9,1,24,0,27,67,1,95,6,35,76,2,119,40,0,40,159
05/29/2020,FLG,AZ,AWP,CE,Federal Contract Tower,6,5,8,2,21,0,34,53,0,87,6,39,61,2,108,4,0,4,112
05/30/2020,FLG,AZ,AWP,CE,Federal Contract Tower,4,10,9,0,23,0,13,63,0,76,4,23,72,0,99,18,0,18,117
05/31/2020,FLG,AZ,AWP,CE,Federal Contract Tower,6,5,18,0,29,0,31,44,0,75,6,36,62,0,104,10,0,10,114
06/01/2020,FLG,AZ,AWP,CE,Federal Contract Tower,6,3,6,0,15,0,16,44,0,60,6,19,50,0,75,10,0,10,85
06/02/2020,FLG,AZ,AWP,CE,Federal Contract Tower,5,5,10,0,20,0,13,60,0,73,5,18,70,0,93,20,0,20,113
06/03/2020,FLG,AZ,AWP,CE,Federal Contract Tower,6,5,19,0,30,0,23,68,3,94,6,28,87,3,124,26,0,26,150
06/04/2020,FLG,AZ,AWP,CE,Federal Contract Tower,5,2,7,0,14,0,38,58,0,96,5,40,65,0,110,0,0,0,110
06/05/2020,FLG,AZ,AWP,CE,Federal Contract Tower,4,8,11,0,23,0,27,48,6,81,4,35,59,6,104,18,0,18,122
06/06/2020,FLG,AZ,AWP,CE,Federal Contract Tower,6,6,9,0,21,0,24,43,0,67,6,30,52,0,88,0,0,0,88
06/07/2020,FLG,AZ,AWP,CE,Federal Contract Tower,4,2,17,0,23,0,34,44,0,78,4,36,61,0,101,0,0,0,101
06/08/2020,FLG,AZ,AWP,CE,Federal Contract Tower,6,3,5,2,16,0,10,25,0,35,6,13,30,2,51,40,16,56,107
06/09/2020,FLG,AZ,AWP,CE,Federal Contract Tower,4,11,8,0,23,0,14,42,0,56,4,25,50,0,79,46,0,46,125
06/10/2020,FLG,AZ,AWP,CE,Federal Contract Tower,5,7,16,2,30,0,15,93,2,110,5,22,109,4,140,36,0,36,176
06/11/2020,FLG,AZ,AWP,CE,Federal Contract Tower,6,6,11,0,23,0,24,73,2,99,6,30,84,2,122,30,0,30,152
06/12/2020,FLG,AZ,AWP,CE,Federal Contract Tower,4,6,8,2,20,0,24,63,0,87,4,30,71,2,107,30,0,30,137
06/13/2020,FLG,AZ,AWP,CE,Federal Contract Tower,6,3,7,0,16,0,13,17,0,30,6,16,24,0,46,0,0,0,46
06/15/2020,FLG,AZ,AWP,CE,Federal Contract Tower,6,3,5,0,14,0,20,48,0,68,6,23,53,0,82,4,0,4,86
06/16/2020,FLG,AZ,AWP,CE,Federal Contract Tower,3,12,12,0,27,0,10,35,0,45,3,22,47,0,72,0,0,0,72
06/17/2020,FLG,AZ,AWP,CE,Federal Contract Tower,6,7,8,0,21,0,16,33,0,49,6,23,41,0,70,24,6,30,100
06/18/2020,FLG,AZ,AWP,CE,Federal Contract Tower,6,2,7,1,16,0,15,54,0,69,6,17,61,1,85,28,6,34,119
06/19/2020,FLG,AZ,AWP,CE,Federal Contract Tower,4,1,9,0,14,0,30,48,6,84,4,31,57,6,98,12,2,14,112
06/20/2020,FLG,AZ,AWP,CE,Federal Contract Tower,6,4,5,0,15,0,5,67,1,73,6,9,72,1,88,2,0,2,90
06/21/2020,FLG,AZ,AWP,CE,Federal Contract Tower,3,2,14,0,19,0,16,74,0,90,3,18,88,0,109,13,0,13,122
06/22/2020,FLG,AZ,AWP,CE,Federal Contract Tower,6,6,16,2,30,0,20,56,0,76,6,26,72,2,106,34,0,34,140
06/23/2020,FLG,AZ,AWP,CE,Federal Contract Tower,4,8,13,0,25,0,20,51,0,71,4,28,64,0,96,6,0,6,102
06/24/2020,FLG,AZ,AWP,CE,Federal Contract Tower,6,0,0,2,8,0,27,37,2,66,6,27,37,4,74,18,0,18,92
06/25/2020,FLG,AZ,AWP,CE,Federal Contract Tower,6,5,3,3,17,0,23,65,5,93,6,28,68,8,110,2,0,2,112
06/26/2020,FLG,AZ,AWP,CE,Federal Contract Tower,4,4,10,2,20,0,32,74,0,106,4,36,84,2,126,6,0,6,132
06/27/2020,FLG,AZ,AWP,CE,Federal Contract Tower,6,3,8,0,17,0,14,58,0,72,6,17,66,0,89,10,0,10,99
06/28/2020,FLG,AZ,AWP,CE,Federal Contract Tower,4,4,5,0,13,0,25,48,0,73,4,29,53,0,86,0,0,0,86
06/29/2020,FLG,AZ,AWP,CE,Federal Contract Tower,6,7,2,0,15,0,20,32,0,52,6,27,34,0,67,0,0,0,67
06/30/2020,FLG,AZ,AWP,CE,Federal Contract Tower,4,6,12,2,24,0,23,65,0,88,4,29,77,2,112,8,0,8,120
07/01/2020,FLG,AZ,AWP,CE,Federal Contract Tower,6,7,3,2,18,0,16,54,0,70,6,23,57,2,88,14,0,14,102
07/02/2020,FLG,AZ,AWP,CE,Federal Contract Tower,6,9,4,0,19,0,25,46,0,71,6,34,50,0,90,12,0,12,102
07/03/2020,FLG,AZ,AWP,CE,Federal Contract Tower,4,3,3,0,10,0,15,56,0,71,4,18,59,0,81,10,0,10,91
07/04/2020,FLG,AZ,AWP,CE,Federal Contract Tower,6,2,1,0,9,0,11,46,0,57,6,13,47,0,66,40,0,40,106
07/05/2020,FLG,AZ,AWP,CE,Federal Contract Tower,4,1,11,0,16,0,27,46,0,73,4,28,57,0,89,26,0,26,115
07/06/2020,FLG,AZ,AWP,CE,Federal Contract Tower,6,9,7,0,22,0,24,53,1,78,6,33,60,1,100,12,0,12,112
07/07/2020,FLG,AZ,AWP,CE,Federal Contract Tower,8,5,5,3,21,0,32,43,2,77,8,37,48,5,98,0,0,0,98
07/08/2020,FLG,AZ,AWP,CE,Federal Contract Tower,9,9,6,3,27,0,33,73,0,106,9,42,79,3,133,52,18,70,203
07/09/2020,FLG,AZ,AWP,CE,Federal Contract Tower,8,9,7,5,29,0,11,55,4,70,8,20,62,9,99,20,0,20,119
07/10/2020,FLG,AZ,AWP,CE,Federal Contract Tower,8,7,7,1,23,0,27,54,12,93,8,34,61,13,116,0,0,0,116
07/11/2020,FLG,AZ,AWP,CE,Federal Contract Tower,9,7,8,0,24,0,5,59,2,66,9,12,67,2,90,8,0,8,98
07/12/2020,FLG,AZ,AWP,CE,Federal Contract Tower,8,4,7,0,19,0,14,44,3,61,8,18,51,3,80,18,14,32,112
07/13/2020,FLG,AZ,AWP,CE,Federal Contract Tower,8,2,8,0,18,20,35,5,0,60,28,37,13,0,78,2,0,2,80
07/14/2020,FLG,AZ,AWP,CE,Federal Contract Tower,7,6,7,0,20,23,48,0,0,71,30,54,7,0,91,8,0,8,99
07/15/2020,FLG,AZ,AWP,CE,Federal Contract Tower,8,5,5,2,20,0,26,38,0,64,8,31,43,2,84,4,0,4,88
07/16/2020,FLG,AZ,AWP,CE,Federal Contract Tower,8,7,8,0,23,0,20,28,0,48,8,27,36,0,71,14,0,14,85
07/17/2020,FLG,AZ,AWP,CE,Federal Contract Tower,8,3,5,0,16,0,24,57,0,81,8,27,62,0,97,28,0,28,125
07/18/2020,FLG,AZ,AWP,CE,Federal Contract Tower,8,9,6,0,23,0,19,53,0,72,8,28,59,0,95,12,0,12,107
07/19/2020,FLG,AZ,AWP,CE,Federal Contract Tower,8,0,6,0,14,0,29,68,0,97,8,29,74,0,111,12,0,12,123
07/20/2020,FLG,AZ,AWP,CE,Federal Contract Tower,8,4,12,0,24,0,22,55,0,77,8,26,67,0,101,6,0,6,107
07/21/2020,FLG,AZ,AWP,CE,Federal Contract Tower,8,6,8,0,22,0,33,34,0,67,8,39,42,0,89,10,0,10,99
07/22/2020,FLG,AZ,AWP,CE,Federal Contract Tower,8,5,6,0,19,0,28,53,2,83,8,33,59,2,102,20,0,20,122
07/23/2020,FLG,AZ,AWP,CE,Federal Contract Tower,8,5,3,0,16,0,16,42,0,58,8,21,45,0,74,14,0,14,88
07/24/2020,FLG,AZ,AWP,CE,Federal Contract Tower,7,8,7,0,22,0,13,25,0,38,7,21,32,0,60,4,0,4,64
07/25/2020,FLG,AZ,AWP,CE,Federal Contract Tower,8,4,2,0,14,0,25,63,0,88,8,29,65,0,102,10,0,10,112
07/26/2020,FLG,AZ,AWP,CE,Federal Contract Tower,8,0,4,0,12,0,52,56,0,108,8,52,60,0,120,12,0,12,132
07/27/2020,FLG,AZ,AWP,CE,Federal Contract Tower,8,4,3,0,15,0,22,44,0,66,8,26,47,0,81,12,0,12,93
07/28/2020,FLG,AZ,AWP,CE,Federal Contract Tower,8,7,3,0,18,0,32,66,11,109,8,39,69,11,127,38,0,38,165
07/29/2020,FLG,AZ,AWP,CE,Federal Contract Tower,8,3,10,0,21,0,30,73,0,103,8,33,83,0,124,22,0,22,146
07/30/2020,FLG,AZ,AWP,CE,Federal Contract Tower,9,5,11,0,25,0,33,81,4,118,9,38,92,4,143,36,2,38,181
07/31/2020,FLG,AZ,AWP,CE,Federal Contract Tower,9,5,4,0,18,0,15,90,0,105,9,20,94,0,123,64,0,64,187
08/01/2020,FLG,AZ,AWP,CE,Federal Contract Tower,8,7,10,0,25,0,25,84,0,109,8,32,94,0,134,14,0,14,148
08/02/2020,FLG,AZ,AWP,CE,Federal Contract Tower,8,1,5,0,14,0,20,78,6,104,8,21,83,6,118,28,0,28,146
08/03/2020,FLG,AZ,AWP,CE,Federal Contract Tower,9,4,8,0,21,0,27,68,7,102,9,31,76,7,123,36,0,36,159
08/04/2020,FLG,AZ,AWP,CE,Federal Contract Tower,6,4,13,0,23,0,28,60,2,90,6,32,73,2,113,14,0,14,127
08/05/2020,FLG,AZ,AWP,CE,Federal Contract Tower,5,6,8,3,22,0,24,50,1,75,5,30,58,4,97,18,0,18,115
08/06/2020,FLG,AZ,AWP,CE,Federal Contract Tower,8,5,6,1,20,0,16,76,8,100,8,21,82,9,120,30,0,30,150
08/07/2020,FLG,AZ,AWP,CE,Federal Contract Tower,8,11,10,0,29,0,36,68,1,105,8,47,78,1,134,38,0,38,172
08/08/2020,FLG,AZ,AWP,CE,Federal Contract Tower,8,4,6,0,18,0,31,68,1,100,8,35,74,1,118,24,0,24,142
08/09/2020,FLG,AZ,AWP,CE,Federal Contract Tower,8,2,9,0,19,0,13,46,1,60,8,15,55,1,79,26,0,26,105
08/10/2020,FLG,AZ,AWP,CE,Federal Contract Tower,7,3,18,2,30,0,18,77,1,96,7,21,95,3,126,46,0,46,172
08/11/2020,FLG,AZ,AWP,CE,Federal Contract Tower,6,6,6,1,19,0,25,69,1,95,6,31,75,2,114,8,0,8,122
08/12/2020,FLG,AZ,AWP,CE,Federal Contract Tower,6,9,5,8,28,0,21,55,0,76,6,30,60,8,104,12,0,12,116
08/13/2020,FLG,AZ,AWP,CE,Federal Contract Tower,9,3,9,0,21,0,18,66,2,86,9,21,75,2,107,24,2,26,133
08/14/2020,FLG,AZ,AWP,CE,Federal Contract Tower,7,1,7,0,15,0,30,72,0,102,7,31,79,0,117,18,0,18,135
08/15/2020,FLG,AZ,AWP,CE,Federal Contract Tower,8,3,5,0,16,0,15,47,0,62,8,18,52,0,78,2,0,2,80
08/16/2020,FLG,AZ,AWP,CE,Federal Contract Tower,7,7,10,0,24,0,12,58,0,70,7,19,68,0,94,10,0,10,104
08/17/2020,FLG,AZ,AWP,CE,Federal Contract Tower,8,3,14,0,25,0,16,66,0,82,8,19,80,0,107,14,0,14,121
08/18/2020,FLG,AZ,AWP,CE,Federal Contract Tower,7,3,3,2,15,0,19,36,1,56,7,22,39,3,71,14,0,14,85
08/19/2020,FLG,AZ,AWP,CE,Federal Contract Tower,8,9,12,0,29,0,26,43,1,70,8,35,55,1,99,12,0,12,111
08/20/2020,FLG,AZ,AWP,CE,Federal Contract Tower,8,8,10,1,27,0,13,45,3,61,8,21,55,4,88,18,0,18,106
08/21/2020,FLG,AZ,AWP,CE,Federal Contract Tower,10,7,6,0,23,0,10,44,2,56,10,17,50,2,79,16,0,16,95
08/22/2020,FLG,AZ,AWP,CE,Federal Contract Tower,9,1,7,0,17,0,7,35,0,42,9,8,42,0,59,4,0,4,63
08/23/2020,FLG,AZ,AWP,CE,Federal Contract Tower,10,7,9,0,26,0,10,40,0,50,10,17,49,0,76,40,0,40,116
08/24/2020,FLG,AZ,AWP,CE,Federal Contract Tower,10,16,6,0,32,0,27,53,2,82,10,43,59,2,114,30,0,30,144
08/25/2020,FLG,AZ,AWP,CE,Federal Contract Tower,8,8,2,2,20,0,20,34,2,56,8,28,36,4,76,18,4,22,98
08/26/2020,FLG,AZ,AWP,CE,Federal Contract Tower,8,7,16,0,31,0,16,55,0,71,8,23,71,0,102,16,0,16,118
08/27/2020,FLG,AZ,AWP,CE,Federal Contract Tower,10,8,12,0,30,0,21,43,7,71,10,29,55,7,101,12,0,12,113
08/28/2020,FLG,AZ,AWP,CE,Federal Contract Tower,10,8,12,2,32,0,29,76,2,107,10,37,88,4,139,28,0,28,167
08/29/2020,FLG,AZ,AWP,CE,Federal Contract Tower,10,5,8,0,23,0,30,69,0,99,10,35,77,0,122,58,0,58,180
08/30/2020,FLG,AZ,AWP,CE,Federal Contract Tower,10,4,5,0,19,0,8,53,3,64,10,12,58,3,83,40,0,40,123
08/31/2020,FLG,AZ,AWP,CE,Federal Contract Tower,10,5,9,2,26,0,26,58,5,89,10,31,67,7,115,4,0,4,119
09/01/2020,FLG,AZ,AWP,CE,Federal Contract Tower,7,5,5,5,22,0,25,28,2,55,7,30,33,7,77,0,0,0,77
09/02/2020,FLG,AZ,AWP,CE,Federal Contract Tower,9,11,1,0,21,0,34,60,4,98,9,45,61,4,119,10,10,20,139
09/03/2020,FLG,AZ,AWP,CE,Federal Contract Tower,10,2,13,1,26,0,11,73,1,85,10,13,86,2,111,14,6,20,131
09/04/2020,FLG,AZ,AWP,CE,Federal Contract Tower,10,8,12,0,30,0,32,51,7,90,10,40,63,7,120,34,0,34,154
09/05/2020,FLG,AZ,AWP,CE,Federal Contract Tower,12,4,2,0,18,0,19,71,18,108,12,23,73,18,126,12,0,12,138
09/06/2020,FLG,AZ,AWP,CE,Federal Contract Tower,8,2,9,0,19,0,24,48,0,72,8,26,57,0,91,10,0,10,101
09/07/2020,FLG,AZ,AWP,CE,Federal Contract Tower,8,5,12,0,25,0,12,73,0,85,8,17,85,0,110,8,0,8,118
09/08/2020,FLG,AZ,AWP,CE,Federal Contract Tower,10,5,6,2,23,0,20,21,0,41,10,25,27,2,64,4,0,4,68
09/09/2020,FLG,AZ,AWP,CE,Federal Contract Tower,7,5,8,0,20,0,21,41,4,66,7,26,49,4,86,10,10,20,106
09/10/2020,FLG,AZ,AWP,CE,Federal Contract Tower,11,12,8,2,33,0,29,53,0,82,11,41,61,2,115,2,0,2,117
09/11/2020,FLG,AZ,AWP,CE,Federal Contract Tower,12,7,4,2,25,0,19,71,0,90,12,26,75,2,115,12,2,14,129
09/12/2020,FLG,AZ,AWP,CE,Federal Contract Tower,10,4,12,0,26,0,15,82,0,97,10,19,94,0,123,54,0,54,177
09/13/2020,FLG,AZ,AWP,CE,Federal Contract Tower,9,6,19,0,34,0,21,85,2,108,9,27,104,2,142,2,0,2,144
09/14/2020,FLG,AZ,AWP,CE,Federal Contract Tower,14,4,7,0,25,0,20,63,0,83,14,24,70,0,108,0,0,0,108
09/15/2020,FLG,AZ,AWP,CE,Federal Contract Tower,10,6,12,0,28,0,24,59,0,83,10,30,71,0,111,10,0,10,121
09/16/2020,FLG,AZ,AWP,CE,Federal Contract Tower,10,8,12,0,30,0,14,40,0,54,10,22,52,0,84,0,2,2,86
09/17/2020,FLG,AZ,AWP,CE,Federal Contract Tower,12,4,11,0,27,0,28,58,0,86,12,32,69,0,113,12,0,12,125
09/18/2020,FLG,AZ,AWP,CE,Federal Contract Tower,12,8,6,2,28,0,19,67,0,86,12,27,73,2,114,6,0,6,120
09/19/2020,FLG,AZ,AWP,CE,Federal Contract Tower,10,8,6,1,25,0,9,67,0,76,10,17,73,1,101,0,0,0,101
09/20/2020,FLG,AZ,AWP,CE,Federal Contract Tower,12,4,9,0,25,0,24,70,1,95,12,28,79,1,120,22,0,22,142
09/21/2020,FLG,AZ,AWP,CE,Federal Contract Tower,12,10,10,3,35,0,26,69,17,112,12,36,79,20,147,4,0,4,151
09/22/2020,FLG,AZ,AWP,CE,Federal Contract Tower,10,5,13,2,30,0,18,61,22,101,10,23,74,24,131,8,8,16,147
09/23/2020,FLG,AZ,AWP,CE,Federal Contract Tower,10,5,7,1,23,0,26,56,11,93,10,31,63,12,116,18,0,18,134
09/24/2020,FLG,AZ,AWP,CE,Federal Contract Tower,12,10,12,1,35,0,19,65,12,96,12,29,77,13,131,0,0,0,131
09/25/2020,FLG,AZ,AWP,CE,Federal Contract Tower,12,11,11,0,34,0,18,74,6,98,12,29,85,6,132,18,0,18,150
09/26/2020,FLG,AZ,AWP,CE,Federal Contract Tower,10,3,12,0,25,0,9,41,4,54,10,12,53,4,79,24,0,24,103
09/27/2020,FLG,AZ,AWP,CE,Federal Contract Tower,12,10,7,2,31,0,12,57,4,73,12,22,64,6,104,6,0,6,110
09/28/2020,FLG,AZ,AWP,CE,Federal Contract Tower,13,8,11,3,35,0,9,57,31,97,13,17,68,34,132,16,0,16,148
09/29/2020,FLG,AZ,AWP,CE,Federal Contract Tower,10,4,12,0,26,0,26,88,17,131,10,30,100,17,157,12,0,12,169
09/30/2020,FLG,AZ,AWP,CE,Federal Contract Tower,10,13,9,2,34,0,29,86,2,117,10,42,95,4,151,36,0,36,187
10/01/2020,FLG,AZ,AWP,CE,Federal Contract Tower,9,7,6,1,23,0,21,74,7,102,9,28,80,8,125,14,4,18,143
10/02/2020,FLG,AZ,AWP,CE,Federal Contract Tower,12,3,9,1,25,0,16,65,2,83,12,19,74,3,108,14,4,18,126
10/03/2020,FLG,AZ,AWP,CE,Federal Contract Tower,11,8,12,0,31,0,15,63,0,78,11,23,75,0,109,0,0,0,109
10/04/2020,FLG,AZ,AWP,CE,Federal Contract Tower,10,5,18,1,34,0,17,73,0,90,10,22,91,1,124,52,0,52,176
10/05/2020,FLG,AZ,AWP,CE,Federal Contract Tower,10,8,10,0,28,0,24,57,1,82,10,32,67,1,110,4,0,4,114
10/06/2020,FLG,AZ,AWP,CE,Federal Contract Tower,8,9,9,0,26,0,21,61,7,89,8,30,70,7,115,26,0,26,141
10/07/2020,FLG,AZ,AWP,CE,Federal Contract Tower,10,9,6,0,25,0,15,58,2,75,10,24,64,2,100,0,0,0,100
10/08/2020,FLG,AZ,AWP,CE,Federal Contract Tower,11,1,4,0,16,0,33,63,3,99,11,34,67,3,115,38,0,38,153
10/09/2020,FLG,AZ,AWP,CE,Federal Contract Tower,10,2,8,1,21,0,18,57,2,77,10,20,65,3,98,14,0,14,112
10/10/2020,FLG,AZ,AWP,CE,Federal Contract Tower,9,2,10,1,22,0,13,62,12,87,9,15,72,13,109,18,0,18,127
10/11/2020,FLG,AZ,AWP,CE,Federal Contract Tower,10,3,13,0,26,0,20,52,1,73,10,23,65,1,99,4,2,6,105
10/12/2020,FLG,AZ,AWP,CE,Federal Contract Tower,11,1,10,0,22,0,17,57,0,74,11,18,67,0,96,10,0,10,106
10/13/2020,FLG,AZ,AWP,CE,Federal Contract Tower,10,3,4,2,19,0,25,53,0,78,10,28,57,2,97,4,0,4,101
10/14/2020,FLG,AZ,AWP,CE,Federal Contract Tower,10,4,9,5,28,0,19,39,3,61,10,23,48,8,89,6,0,6,95
10/15/2020,FLG,AZ,AWP,CE,Federal Contract Tower,10,8,12,0,30,0,21,54,4,79,10,29,66,4,109,0,0,0,109
10/16/2020,FLG,AZ,AWP,CE,Federal Contract Tower,10,6,10,5,31,0,27,70,6,103,10,33,80,11,134,26,0,26,160
10/17/2020,FLG,AZ,AWP,CE,Federal Contract Tower,10,4,14,1,29,0,15,62,5,82,10,19,76,6,111,6,0,6,117
10/18/2020,FLG,AZ,AWP,CE,Federal Contract Tower,9,4,14,0,27,0,13,114,7,134,9,17,128,7,161,0,4,4,165
10/19/2020,FLG,AZ,AWP,CE,Federal Contract Tower,9,4,5,2,20,0,22,54,1,77,9,26,59,3,97,18,0,18,115
10/20/2020,FLG,AZ,AWP,CE,Federal Contract Tower,10,2,8,3,23,0,25,73,5,103,10,27,81,8,126,16,0,16,142
10/21/2020,FLG,AZ,AWP,CE,Federal Contract Tower,10,15,12,4,41,0,18,89,0,107,10,33,101,4,148,10,0,10,158
10/22/2020,FLG,AZ,AWP,CE,Federal Contract Tower,10,13,8,0,31,0,15,70,0,85,10,28,78,0,116,2,0,2,118
10/23/2020,FLG,AZ,AWP,CE,Federal Contract Tower,10,7,6,0,23,0,6,74,3,83,10,13,80,3,106,16,2,18,124
10/24/2020,FLG,AZ,AWP,CE,Federal Contract Tower,10,2,4,0,16,0,6,54,0,60,10,8,58,0,76,6,0,6,82
10/25/2020,FLG,AZ,AWP,CE,Federal Contract Tower,10,2,17,4,33,0,7,24,1,32,10,9,41,5,65,8,0,8,73
10/26/2020,FLG,AZ,AWP,CE,Federal Contract Tower,10,5,10,0,25,0,5,17,0,22,10,10,27,0,47,6,0,6,53
10/27/2020,FLG,AZ,AWP,CE,Federal Contract Tower,10,5,4,0,19,0,11,36,1,48,10,16,40,1,67,4,0,4,71
10/28/2020,FLG,AZ,AWP,CE,Federal Contract Tower,10,8,9,0,27,0,18,50,0,68,10,26,59,0,95,16,0,16,111
10/30/2020,FLG,AZ,AWP,CE,Federal Contract Tower,11,7,7,4,29,0,17,53,0,70,11,24,60,4,99,28,0,28,127
10/31/2020,FLG,AZ,AWP,CE,Federal Contract Tower,8,4,4,1,17,0,6,67,0,73,8,10,71,1,90,10,0,10,100
11/01/2020,FLG,AZ,AWP,CE,Federal Contract Tower,10,6,15,0,31,0,6,52,2,60,10,12,67,2,91,4,0,4,95
11/02/2020,FLG,AZ,AWP,CE,Federal Contract Tower,10,8,3,0,21,0,15,55,0,70,10,23,58,0,91,36,0,36,127
11/03/2020,FLG,AZ,AWP,CE,Federal Contract Tower,10,5,3,1,19,0,31,52,6,89,10,36,55,7,108,12,0,12,120
11/04/2020,FLG,AZ,AWP,CE,Federal Contract Tower,8,10,4,0,22,0,20,70,5,95,8,30,74,5,117,6,6,12,129
11/06/2020,FLG,AZ,AWP,CE,Federal Contract Tower,7,10,11,0,28,0,15,46,2,63,7,25,57,2,91,18,0,18,109
11/07/2020,FLG,AZ,AWP,CE,Federal Contract Tower,7,5,9,1,22,0,9,16,2,27,7,14,25,3,49,0,0,0,49
11/08/2020,FLG,AZ,AWP,CE,Federal Contract Tower,7,7,9,0,23,0,1,3,0,4,7,8,12,0,27,0,0,0,27
11/09/2020,FLG,AZ,AWP,CE,Federal Contract Tower,9,6,4,0,19,0,7,8,0,15,9,13,12,0,34,0,0,0,34
11/10/2020,FLG,AZ,AWP,CE,Federal Contract Tower,7,9,8,5,29,0,30,52,8,90,7,39,60,13,119,20,2,22,141
11/11/2020,FLG,AZ,AWP,CE,Federal Contract Tower,7,7,4,0,18,0,26,55,7,88,7,33,59,7,106,26,0,26,132
11/12/2020,FLG,AZ,AWP,CE,Federal Contract Tower,7,7,6,4,24,0,22,78,0,100,7,29,84,4,124,40,0,40,164
11/13/2020,FLG,AZ,AWP,CE,Federal Contract Tower,7,9,12,0,28,0,12,66,4,82,7,21,78,4,110,16,0,16,126
11/14/2020,FLG,AZ,AWP,CE,Federal Contract Tower,7,7,7,0,21,0,8,61,0,69,7,15,68,0,90,2,0,2,92
11/15/2020,FLG,AZ,AWP,CE,Federal Contract Tower,7,4,15,0,26,0,12,79,6,97,7,16,94,6,123,18,0,18,141
11/16/2020,FLG,AZ,AWP,CE,Federal Contract Tower,7,3,1,2,13,0,26,65,0,91,7,29,66,2,104,16,0,16,120
11/17/2020,FLG,AZ,AWP,CE,Federal Contract Tower,6,3,2,0,11,0,23,93,0,116,6,26,95,0,127,82,0,82,209
11/18/2020,FLG,AZ,AWP,CE,Federal Contract Tower,7,3,2,0,12,0,8,32,0,40,7,11,34,0,52,0,0,0,52
11/19/2020,FLG,AZ,AWP,CE,Federal Contract Tower,7,10,6,5,28,0,20,51,3,74,7,30,57,8,102,26,0,26,128
11/20/2020,FLG,AZ,AWP,CE,Federal Contract Tower,7,7,6,2,22,0,6,41,0,47,7,13,47,2,69,2,0,2,71
11/21/2020,FLG,AZ,AWP,CE,Federal Contract Tower,7,4,2,0,13,0,14,79,0,93,7,18,81,0,106,22,0,22,128
11/22/2020,FLG,AZ,AWP,CE,Federal Contract Tower,7,2,4,0,13,0,1,63,2,66,7,3,67,2,79,2,0,2,81
11/23/2020,FLG,AZ,AWP,CE,Federal Contract Tower,5,4,5,2,16,0,5,55,0,60,5,9,60,2,76,4,0,4,80
11/24/2020,FLG,AZ,AWP,CE,Federal Contract Tower,9,6,9,0,24,0,15,78,0,93,9,21,87,0,117,20,0,20,137
11/25/2020,FLG,AZ,AWP,CE,Federal Contract Tower,9,8,8,0,25,0,10,61,0,71,9,18,69,0,96,28,0,28,124
11/26/2020,FLG,AZ,AWP,CE,Federal Contract Tower,4,3,2,0,9,0,11,21,0,32,4,14,23,0,41,0,0,0,41
11/27/2020,FLG,AZ,AWP,CE,Federal Contract Tower,9,7,5,0,21,0,12,53,0,65,9,19,58,0,86,30,0,30,116
11/28/2020,FLG,AZ,AWP,CE,Federal Contract Tower,9,3,3,0,15,0,4,56,0,60,9,7,59,0,75,8,0,8,83
11/29/2020,FLG,AZ,AWP,CE,Federal Contract Tower,9,2,9,0,20,0,10,53,0,63,9,12,62,0,83,44,0,44,127
11/30/2020,FLG,AZ,AWP,CE,Federal Contract Tower,9,2,9,1,21,0,18,70,2,90,9,20,79,3,111,34,0,34,145
12/01/2020,FLG,AZ,AWP,CE,Federal Contract Tower,9,5,2,0,16,0,31,75,0,106,9,36,77,0,122,42,0,42,164
12/02/2020,FLG,AZ,AWP,CE,Federal Contract Tower,7,10,2,0,19,0,20,23,0,43,7,30,25,0,62,0,0,0,62
12/03/2020,FLG,AZ,AWP,CE,Federal Contract Tower,8,11,10,0,29,0,14,26,0,40,8,25,36,0,69,2,2,4,73
12/04/2020,FLG,AZ,AWP,CE,Federal Contract Tower,7,1,9,2,19,0,17,47,2,66,7,18,56,4,85,26,0,26,111
12/05/2020,FLG,AZ,AWP,CE,Federal Contract Tower,7,2,6,0,15,0,13,75,0,88,7,15,81,0,103,30,0,30,133
12/06/2020,FLG,AZ,AWP,CE,Federal Contract Tower,7,6,8,0,21,0,6,85,2,93,7,12,93,2,114,36,0,36,150
12/07/2020,FLG,AZ,AWP,CE,Federal Contract Tower,7,3,7,0,17,0,14,81,0,95,7,17,88,0,112,8,0,8,120
12/08/2020,FLG,AZ,AWP,CE,Federal Contract Tower,7,4,5,1,17,0,10,61,1,72,7,14,66,2,89,28,0,28,117
12/09/2020,FLG,AZ,AWP,CE,Federal Contract Tower,7,5,2,0,14,0,19,66,1,86,7,24,68,1,100,26,0,26,126
12/10/2020,FLG,AZ,AWP,CE,Federal Contract Tower,7,8,7,2,24,0,0,0,0,0,7,8,7,2,24,0,0,0,24
12/11/2020,FLG,AZ,AWP,CE,Federal Contract Tower,8,7,8,6,29,0,12,21,4,37,8,19,29,10,66,6,0,6,72
12/12/2020,FLG,AZ,AWP,CE,Federal Contract Tower,8,8,8,0,24,0,0,3,0,3,8,8,11,0,27,0,0,0,27
12/13/2020,FLG,AZ,AWP,CE,Federal Contract Tower,6,2,5,2,15,0,17,59,2,78,6,19,64,4,93,6,0,6,99
12/14/2020,FLG,AZ,AWP,CE,Federal Contract Tower,7,5,5,1,18,0,13,39,1,53,7,18,44,2,71,30,0,30,101
12/15/2020,FLG,AZ,AWP,CE,Federal Contract Tower,7,8,5,2,22,0,33,52,0,85,7,41,57,2,107,18,0,18,125
12/16/2020,FLG,AZ,AWP,CE,Federal Contract Tower,7,3,4,0,14,0,26,44,0,70,7,29,48,0,84,50,0,50,134
12/17/2020,FLG,AZ,AWP,CE,Federal Contract Tower,9,5,1,0,15,0,21,57,0,78,9,26,58,0,93,34,0,34,127
12/18/2020,FLG,AZ,AWP,CE,Federal Contract Tower,9,7,6,0,22,0,18,52,0,70,9,25,58,0,92,42,0,42,134
12/19/2020,FLG,AZ,AWP,CE,Federal Contract Tower,9,11,5,0,25,0,5,51,2,58,9,16,56,2,83,28,0,28,111
12/20/2020,FLG,AZ,AWP,CE,Federal Contract Tower,11,1,5,0,17,0,5,78,2,85,11,6,83,2,102,36,0,36,138
12/21/2020,FLG,AZ,AWP,CE,Federal Contract Tower,9,2,4,0,15,0,17,58,0,75,9,19,62,0,90,14,0,14,104
12/22/2020,FLG,AZ,AWP,CE,Federal Contract Tower,11,5,10,1,27,0,15,52,3,70,11,20,62,4,97,12,0,12,109
12/23/2020,FLG,AZ,AWP,CE,Federal Contract Tower,9,7,6,0,22,0,16,36,0,52,9,23,42,0,74,10,2,12,86
12/24/2020,FLG,AZ,AWP,CE,Federal Contract Tower,6,10,4,0,20,0,11,27,0,38,6,21,31,0,58,4,0,4,62
12/25/2020,FLG,AZ,AWP,CE,Federal Contract Tower,3,3,1,0,7,0,6,19,0,25,3,9,20,0,32,12,0,12,44
12/26/2020,FLG,AZ,AWP,CE,Federal Contract Tower,9,5,8,0,22,0,7,58,0,65,9,12,66,0,87,39,0,39,126
12/27/2020,FLG,AZ,AWP,CE,Federal Contract Tower,10,2,7,0,19,0,4,62,0,66,10,6,69,0,85,2,0,2,87
12/28/2020,FLG,AZ,AWP,CE,Federal Contract Tower,8,4,3,0,15,0,3,3,0,6,8,7,6,0,21,0,0,0,21
12/29/2020,FLG,AZ,AWP,CE,Federal Contract Tower,8,9,8,0,25,0,33,18,0,51,8,42,26,0,76,34,0,34,110
12/30/2020,FLG,AZ,AWP,CE,Federal Contract Tower,9,10,8,0,27,0,14,40,0,54,9,24,48,0,81,12,0,12,93
12/31/2020,FLG,AZ,AWP,CE,Federal Contract Tower,4,5,11,0,20,0,10,72,0,82,4,15,83,0,102,56,0,56,158
01/01/2021,FLG,AZ,AWP,CE,Federal Contract Tower,8,3,4,0,15,0,7,57,0,64,8,10,61,0,79,24,0,24,103
01/02/2021,FLG,AZ,AWP,CE,Federal Contract Tower,9,3,6,0,18,0,16,56,0,72,9,19,62,0,90,30,0,30,120
01/03/2021,FLG,AZ,AWP,CE,Federal Contract Tower,11,2,7,0,20,0,9,62,0,71,11,11,69,0,91,32,0,32,123
01/04/2021,FLG,AZ,AWP,CE,Federal Contract Tower,9,9,5,0,23,0,8,50,0,58,9,17,55,0,81,44,0,44,125
01/05/2021,FLG,AZ,AWP,CE,Federal Contract Tower,7,5,5,0,17,0,17,53,2,72,7,22,58,2,89,10,2,12,101
01/06/2021,FLG,AZ,AWP,CE,Federal Contract Tower,7,5,3,0,15,0,18,48,3,69,7,23,51,3,84,32,0,32,116
01/07/2021,FLG,AZ,AWP,CE,Federal Contract Tower,11,5,4,1,21,0,13,48,0,61,11,18,52,1,82,6,0,6,88
01/08/2021,FLG,AZ,AWP,CE,Federal Contract Tower,8,10,9,2,29,0,26,82,0,108,8,36,91,2,137,54,2,56,193
01/09/2021,FLG,AZ,AWP,CE,Federal Contract Tower,7,1,4,0,12,0,18,28,0,46,7,19,32,0,58,10,0,10,68
01/10/2021,FLG,AZ,AWP,CE,Federal Contract Tower,5,4,5,0,14,0,10,49,0,59,5,14,54,0,73,28,0,28,101
01/11/2021,FLG,AZ,AWP,CE,Federal Contract Tower,9,1,4,2,16,0,21,50,10,81,9,22,54,12,97,14,2,16,113
01/12/2021,FLG,AZ,AWP,CE,Federal Contract Tower,7,5,2,0,14,0,25,52,2,79,7,30,54,2,93,14,0,14,107
01/13/2021,FLG,AZ,AWP,CE,Federal Contract Tower,7,3,6,0,16,0,20,65,0,85,7,23,71,0,101,54,0,54,155
01/14/2021,FLG,AZ,AWP,CE,Federal Contract Tower,8,9,7,2,26,0,16,48,2,66,8,25,55,4,92,6,4,10,102
01/15/2021,FLG,AZ,AWP,CE,Federal Contract Tower,9,6,6,0,21,0,17,76,2,95,9,23,82,2,116,26,4,30,146
01/16/2021,FLG,AZ,AWP,CE,Federal Contract Tower,5,5,2,0,12,0,16,38,0,54,5,21,40,0,66,0,0,0,66
01/17/2021,FLG,AZ,AWP,CE,Federal Contract Tower,7,8,4,0,19,0,11,81,0,92,7,19,85,0,111,26,0,26,137
01/18/2021,FLG,AZ,AWP,CE,Federal Contract Tower,6,6,8,0,20,0,19,55,0,74,6,25,63,0,94,18,0,18,112
01/19/2021,FLG,AZ,AWP,CE,Federal Contract Tower,11,2,8,2,23,0,1,0,0,1,11,3,8,2,24,0,0,0,24
01/20/2021,FLG,AZ,AWP,CE,Federal Contract Tower,7,6,4,1,18,0,27,33,0,60,7,33,37,1,78,14,0,14,92
01/21/2021,FLG,AZ,AWP,CE,Federal Contract Tower,9,8,5,1,23,0,20,30,0,50,9,28,35,1,73,16,0,16,89
01/22/2021,FLG,AZ,AWP,CE,Federal Contract Tower,8,12,7,0,27,0,5,0,0,5,8,17,7,0,32,0,0,0,32
01/23/2021,FLG,AZ,AWP,CE,Federal Contract Tower,6,6,10,0,22,0,1,3,0,4,6,7,13,0,26,0,0,0,26
01/24/2021,FLG,AZ,AWP,CE,Federal Contract Tower,10,1,0,0,11,0,0,0,0,0,10,1,0,0,11,0,0,0,11
01/25/2021,FLG,AZ,AWP,CE,Federal Contract Tower,2,0,0,0,2,0,0,0,0,0,2,0,0,0,2,0,0,0,2
01/26/2021,FLG,AZ,AWP,CE,Federal Contract Tower,0,0,0,0,0,0,0,0,0,0,0,0,0,0,0,0,0,0,0
01/27/2021,FLG,AZ,AWP,CE,Federal Contract Tower,4,1,4,4,13,0,10,22,0,32,4,11,26,4,45,12,0,12,57
01/28/2021,FLG,AZ,AWP,CE,Federal Contract Tower,9,5,5,1,20,0,17,49,1,67,9,22,54,2,87,26,0,26,113
01/29/2021,FLG,AZ,AWP,CE,Federal Contract Tower,7,6,1,2,16,0,7,15,0,22,7,13,16,2,38,8,0,8,46
01/30/2021,FLG,AZ,AWP,CE,Federal Contract Tower,4,7,2,0,13,0,11,53,0,64,4,18,55,0,77,22,0,22,99
01/31/2021,FLG,AZ,AWP,CE,Federal Contract Tower,8,5,11,0,24,0,8,55,0,63,8,13,66,0,87,12,0,12,99
02/01/2021,FLG,AZ,AWP,CE,Federal Contract Tower,9,3,7,3,22,0,17,32,0,49,9,20,39,3,71,2,2,4,75
02/02/2021,FLG,AZ,AWP,CE,Federal Contract Tower,7,3,1,0,11,0,19,44,0,63,7,22,45,0,74,32,0,32,106
02/03/2021,FLG,AZ,AWP,CE,Federal Contract Tower,7,9,2,3,21,0,21,31,1,53,7,30,33,4,74,0,0,0,74
02/04/2021,FLG,AZ,AWP,CE,Federal Contract Tower,8,8,5,2,23,0,22,74,0,96,8,30,79,2,119,14,0,14,133
02/05/2021,FLG,AZ,AWP,CE,Federal Contract Tower,7,7,5,2,21,0,9,39,0,48,7,16,44,2,69,2,0,2,71
02/06/2021,FLG,AZ,AWP,CE,Federal Contract Tower,5,5,5,0,15,0,8,58,0,66,5,13,63,0,81,24,0,24,105
02/07/2021,FLG,AZ,AWP,CE,Federal Contract Tower,6,4,3,0,13,0,9,38,0,47,6,13,41,0,60,8,0,8,68
02/08/2021,FLG,AZ,AWP,CE,Federal Contract Tower,9,3,3,0,15,0,17,58,4,79,9,20,61,4,94,14,0,14,108
02/09/2021,FLG,AZ,AWP,CE,Federal Contract Tower,6,7,1,2,16,0,18,48,0,66,6,25,49,2,82,12,0,12,94
02/10/2021,FLG,AZ,AWP,CE,Federal Contract Tower,7,7,9,0,23,0,19,58,4,81,7,26,67,4,104,4,0,4,108
02/11/2021,FLG,AZ,AWP,CE,Federal Contract Tower,9,5,9,7,30,0,21,81,2,104,9,26,90,9,134,38,4,42,176
02/12/2021,FLG,AZ,AWP,CE,Federal Contract Tower,9,1,4,1,15,0,22,50,1,73,9,23,54,2,88,12,2,14,102
02/13/2021,FLG,AZ,AWP,CE,Federal Contract Tower,5,5,13,0,23,0,1,11,0,12,5,6,24,0,35,0,0,0,35
02/14/2021,FLG,AZ,AWP,CE,Federal Contract Tower,7,7,3,0,17,0,23,24,0,47,7,30,27,0,64,16,0,16,80
02/15/2021,FLG,AZ,AWP,CE,Federal Contract Tower,8,2,12,0,22,0,13,35,2,50,8,15,47,2,72,4,2,6,78
02/16/2021,FLG,AZ,AWP,CE,Federal Contract Tower,6,2,5,1,14,0,7,18,0,25,6,9,23,1,39,16,6,22,61
02/17/2021,FLG,AZ,AWP,CE,Federal Contract Tower,7,3,3,4,17,0,19,44,2,65,7,22,47,6,82,16,0,16,98
02/18/2021,FLG,AZ,AWP,CE,Federal Contract Tower,9,3,8,8,28,0,15,70,0,85,9,18,78,8,113,0,0,0,113
02/19/2021,FLG,AZ,AWP,CE,Federal Contract Tower,9,3,15,0,27,0,22,80,0,102,9,25,95,0,129,46,0,46,175
02/20/2021,FLG,AZ,AWP,CE,Federal Contract Tower,6,3,5,4,18,0,13,20,0,33,6,16,25,4,51,6,0,6,57
02/21/2021,FLG,AZ,AWP,CE,Federal Contract Tower,7,6,5,0,18,0,10,45,0,55,7,16,50,0,73,22,0,22,95
02/22/2021,FLG,AZ,AWP,CE,Federal Contract Tower,9,4,6,0,19,0,11,63,0,74,9,15,69,0,93,4,0,4,97
02/23/2021,FLG,AZ,AWP,CE,Federal Contract Tower,8,9,2,0,19,0,20,54,6,80,8,29,56,6,99,30,0,30,129
02/24/2021,FLG,AZ,AWP,CE,Federal Contract Tower,8,1,1,1,11,0,19,47,2,68,8,20,48,3,79,8,0,8,87
02/25/2021,FLG,AZ,AWP,CE,Federal Contract Tower,8,7,7,0,22,0,17,53,2,72,8,24,60,2,94,24,0,24,118
02/26/2021,FLG,AZ,AWP,CE,Federal Contract Tower,10,7,12,0,29,0,12,57,0,69,10,19,69,0,98,16,0,16,114
02/27/2021,FLG,AZ,AWP,CE,Federal Contract Tower,7,4,8,0,19,0,13,32,6,51,7,17,40,6,70,18,0,18,88
02/28/2021,FLG,AZ,AWP,CE,Federal Contract Tower,8,7,2,0,17,0,12,19,0,31,8,19,21,0,48,0,0,0,48
03/01/2021,FLG,AZ,AWP,CE,Federal Contract Tower,9,5,1,0,15,0,11,36,10,57,9,16,37,10,72,6,0,6,78
03/02/2021,FLG,AZ,AWP,CE,Federal Contract Tower,6,3,9,8,26,0,21,57,8,86,6,24,66,16,112,0,0,0,112
03/03/2021,FLG,AZ,AWP,CE,Federal Contract Tower,7,8,0,0,15,0,23,45,0,68,7,31,45,0,83,16,0,16,99
03/04/2021,FLG,AZ,AWP,CE,Federal Contract Tower,9,6,0,2,17,0,11,18,0,29,9,17,18,2,46,6,0,6,52
03/05/2021,FLG,AZ,AWP,CE,Federal Contract Tower,12,5,4,10,31,0,31,40,0,71,12,36,44,10,102,6,0,6,108
03/06/2021,FLG,AZ,AWP,CE,Federal Contract Tower,10,1,9,0,20,0,26,47,0,73,10,27,56,0,93,48,0,48,141
03/07/2021,FLG,AZ,AWP,CE,Federal Contract Tower,12,4,5,0,21,0,18,49,0,67,12,22,54,0,88,44,0,44,132
03/08/2021,FLG,AZ,AWP,CE,Federal Contract Tower,10,5,4,0,19,0,20,42,0,62,10,25,46,0,81,32,0,32,113
03/09/2021,FLG,AZ,AWP,CE,Federal Contract Tower,10,9,4,0,23,0,22,21,0,43,10,31,25,0,66,2,0,2,68
03/10/2021,FLG,AZ,AWP,CE,Federal Contract Tower,11,17,2,0,30,0,17,38,0,55,11,34,40,0,85,22,0,22,107
03/11/2021,FLG,AZ,AWP,CE,Federal Contract Tower,10,10,9,0,29,0,1,2,0,3,10,11,11,0,32,2,0,2,34
03/12/2021,FLG,AZ,AWP,CE,Federal Contract Tower,10,12,5,0,27,0,0,0,0,0,10,12,5,0,27,0,0,0,27
03/13/2021,FLG,AZ,AWP,CE,Federal Contract Tower,8,7,2,0,17,0,1,0,0,1,8,8,2,0,18,0,0,0,18
03/14/2021,FLG,AZ,AWP,CE,Federal Contract Tower,9,10,9,2,30,0,12,25,4,41,9,22,34,6,71,0,0,0,71
03/15/2021,FLG,AZ,AWP,CE,Federal Contract Tower,13,3,3,0,19,0,16,37,0,53,13,19,40,0,72,36,0,36,108
03/16/2021,FLG,AZ,AWP,CE,Federal Contract Tower,13,11,15,0,39,0,4,8,0,12,13,15,23,0,51,0,0,0,51
03/17/2021,FLG,AZ,AWP,CE,Federal Contract Tower,12,7,0,2,21,0,13,57,0,70,12,20,57,2,91,6,0,6,97
03/18/2021,FLG,AZ,AWP,CE,Federal Contract Tower,9,3,8,4,24,0,28,77,0,105,9,31,85,4,129,26,0,26,155
03/19/2021,FLG,AZ,AWP,CE,Federal Contract Tower,10,7,10,4,31,0,19,78,2,99,10,26,88,6,130,42,0,42,172
03/20/2021,FLG,AZ,AWP,CE,Federal Contract Tower,10,5,5,2,22,0,8,36,0,44,10,13,41,2,66,10,0,10,76
03/21/2021,FLG,AZ,AWP,CE,Federal Contract Tower,9,6,8,2,25,0,26,51,2,79,9,32,59,4,104,20,4,24,128
03/22/2021,FLG,AZ,AWP,CE,Federal Contract Tower,10,7,5,6,28,0,26,59,0,85,10,33,64,6,113,40,0,40,153
03/23/2021,FLG,AZ,AWP,CE,Federal Contract Tower,10,7,3,0,20,0,0,0,0,0,10,7,3,0,20,0,0,0,20
03/24/2021,FLG,AZ,AWP,CE,Federal Contract Tower,11,7,3,0,21,0,15,22,0,37,11,22,25,0,58,12,0,12,70
03/25/2021,FLG,AZ,AWP,CE,Federal Contract Tower,9,11,0,0,20,0,11,12,0,23,9,22,12,0,43,10,0,10,53
03/26/2021,FLG,AZ,AWP,CE,Federal Contract Tower,11,5,5,0,21,0,1,0,0,1,11,6,5,0,22,0,0,0,22
03/27/2021,FLG,AZ,AWP,CE,Federal Contract Tower,11,9,11,0,31,0,34,67,2,103,11,43,78,2,134,18,8,26,160
03/28/2021,FLG,AZ,AWP,CE,Federal Contract Tower,8,8,13,0,29,0,19,97,0,116,8,27,110,0,145,86,0,86,231
03/29/2021,FLG,AZ,AWP,CE,Federal Contract Tower,9,0,8,0,17,0,16,37,6,59,9,16,45,6,76,32,0,32,108
03/30/2021,FLG,AZ,AWP,CE,Federal Contract Tower,7,11,4,0,22,0,17,50,0,67,7,28,54,0,89,32,0,32,121
03/31/2021,FLG,AZ,AWP,CE,Federal Contract Tower,9,13,2,0,24,0,25,64,0,89,9,38,66,0,113,30,0,30,143
04/01/2021,FLG,AZ,AWP,CE,Federal Contract Tower,11,12,9,0,32,0,22,53,1,76,11,34,62,1,108,22,0,22,130
04/02/2021,FLG,AZ,AWP,CE,Federal Contract Tower,14,11,7,2,34,0,19,39,3,61,14,30,46,5,95,14,0,14,109
04/03/2021,FLG,AZ,AWP,CE,Federal Contract Tower,12,10,3,0,25,0,16,79,0,95,12,26,82,0,120,48,0,48,168
04/04/2021,FLG,AZ,AWP,CE,Federal Contract Tower,11,8,2,0,21,0,6,44,2,52,11,14,46,2,73,2,0,2,75
04/05/2021,FLG,AZ,AWP,CE,Federal Contract Tower,12,13,5,0,30,0,12,31,0,43,12,25,36,0,73,12,0,12,85
04/06/2021,FLG,AZ,AWP,CE,Federal Contract Tower,11,7,6,4,28,0,26,35,4,65,11,33,41,8,93,26,0,26,119
04/07/2021,FLG,AZ,AWP,CE,Federal Contract Tower,12,13,5,0,30,0,24,63,0,87,12,37,68,0,117,58,0,58,175
04/08/2021,FLG,AZ,AWP,CE,Federal Contract Tower,11,15,6,1,33,0,23,62,3,88,11,38,68,4,121,36,0,36,157
04/09/2021,FLG,AZ,AWP,CE,Federal Contract Tower,9,13,15,4,41,0,22,72,0,94,9,35,87,4,135,20,0,20,155
04/10/2021,FLG,AZ,AWP,CE,Federal Contract Tower,10,7,4,2,23,0,16,53,0,69,10,23,57,2,92,26,0,26,118
04/11/2021,FLG,AZ,AWP,CE,Federal Contract Tower,11,7,2,2,22,0,16,85,0,101,11,23,87,2,123,48,0,48,171
04/12/2021,FLG,AZ,AWP,CE,Federal Contract Tower,12,9,2,4,27,2,16,72,7,97,14,25,74,11,124,12,0,12,136
04/13/2021,FLG,AZ,AWP,CE,Federal Contract Tower,11,6,11,0,28,0,11,34,0,45,11,17,45,0,73,2,0,2,75
04/14/2021,FLG,AZ,AWP,CE,Federal Contract Tower,13,6,10,0,29,0,18,15,4,37,13,24,25,4,66,2,0,2,68
04/15/2021,FLG,AZ,AWP,CE,Federal Contract Tower,11,10,4,6,31,0,20,45,0,65,11,30,49,6,96,14,0,14,110
04/16/2021,FLG,AZ,AWP,CE,Federal Contract Tower,11,9,5,1,26,0,14,67,0,81,11,23,72,1,107,28,0,28,135
04/17/2021,FLG,AZ,AWP,CE,Federal Contract Tower,12,6,6,0,24,0,20,60,19,99,12,26,66,19,123,8,8,16,139
04/18/2021,FLG,AZ,AWP,CE,Federal Contract Tower,11,8,5,0,24,0,12,47,1,60,11,20,52,1,84,24,0,24,108
04/19/2021,FLG,AZ,AWP,CE,Federal Contract Tower,12,3,3,0,18,0,12,59,3,74,12,15,62,3,92,16,0,16,108
04/20/2021,FLG,AZ,AWP,CE,Federal Contract Tower,10,10,7,0,27,0,22,69,0,91,10,32,76,0,118,10,0,10,128
04/21/2021,FLG,AZ,AWP,CE,Federal Contract Tower,11,15,3,0,29,0,16,17,0,33,11,31,20,0,62,2,0,2,64
04/22/2021,FLG,AZ,AWP,CE,Federal Contract Tower,11,15,7,8,41,0,31,66,1,98,11,46,73,9,139,46,2,48,187
04/23/2021,FLG,AZ,AWP,CE,Federal Contract Tower,11,6,21,0,38,0,19,54,0,73,11,25,75,0,111,18,0,18,129
04/24/2021,FLG,AZ,AWP,CE,Federal Contract Tower,10,9,6,4,29,0,16,39,0,55,10,25,45,4,84,26,0,26,110
04/25/2021,FLG,AZ,AWP,CE,Federal Contract Tower,12,15,6,0,33,0,11,36,0,47,12,26,42,0,80,4,0,4,84
04/26/2021,FLG,AZ,AWP,CE,Federal Contract Tower,11,9,6,0,26,0,13,16,0,29,11,22,22,0,55,0,0,0,55
04/27/2021,FLG,AZ,AWP,CE,Federal Contract Tower,11,12,5,0,28,0,2,7,0,9,11,14,12,0,37,12,0,12,49
04/28/2021,FLG,AZ,AWP,CE,Federal Contract Tower,10,12,7,0,29,0,27,50,0,77,10,39,57,0,106,12,0,12,118
04/29/2021,FLG,AZ,AWP,CE,Federal Contract Tower,11,13,12,0,36,0,20,72,8,100,11,33,84,8,136,50,0,50,186
04/30/2021,FLG,AZ,AWP,CE,Federal Contract Tower,12,11,3,2,28,2,17,58,15,92,14,28,61,17,120,24,0,24,144
05/01/2021,FLG,AZ,AWP,CE,Federal Contract Tower,16,9,5,0,30,0,13,59,18,90,16,22,64,18,120,10,0,10,130
05/02/2021,FLG,AZ,AWP,CE,Federal Contract Tower,9,10,6,0,25,0,8,20,18,46,9,18,26,18,71,10,0,10,81
05/03/2021,FLG,AZ,AWP,CE,Federal Contract Tower,10,8,3,3,24,0,14,38,3,55,10,22,41,6,79,30,0,30,109
05/04/2021,FLG,AZ,AWP,CE,Federal Contract Tower,11,10,8,0,29,0,24,68,0,92,11,34,76,0,121,4,0,4,125
05/05/2021,FLG,AZ,AWP,CE,Federal Contract Tower,12,7,15,0,34,0,35,54,1,90,12,42,69,1,124,56,0,56,180
05/06/2021,FLG,AZ,AWP,CE,Federal Contract Tower,13,17,6,0,36,0,22,58,0,80,13,39,64,0,116,62,0,62,178
05/07/2021,FLG,AZ,AWP,CE,Federal Contract Tower,12,8,2,0,22,0,6,49,0,55,12,14,51,0,77,8,0,8,85
05/08/2021,FLG,AZ,AWP,CE,Federal Contract Tower,12,10,8,0,30,0,24,55,13,92,12,34,63,13,122,26,0,26,148
05/09/2021,FLG,AZ,AWP,CE,Federal Contract Tower,12,10,8,0,30,0,22,64,0,86,12,32,72,0,116,28,0,28,144
05/10/2021,FLG,AZ,AWP,CE,Federal Contract Tower,11,5,11,0,27,0,16,66,2,84,11,21,77,2,111,32,0,32,143
05/11/2021,FLG,AZ,AWP,CE,Federal Contract Tower,12,8,4,0,24,0,23,67,0,90,12,31,71,0,114,62,0,62,176
05/12/2021,FLG,AZ,AWP,CE,Federal Contract Tower,11,20,5,0,36,0,24,81,0,105,11,44,86,0,141,144,0,144,285
05/13/2021,FLG,AZ,AWP,CE,Federal Contract Tower,12,7,6,2,27,0,25,71,3,99,12,32,77,5,126,66,4,70,196
05/14/2021,FLG,AZ,AWP,CE,Federal Contract Tower,14,11,4,0,29,0,25,48,0,73,14,36,52,0,102,36,0,36,138
05/15/2021,FLG,AZ,AWP,CE,Federal Contract Tower,14,10,3,4,31,0,20,50,1,71,14,30,53,5,102,38,2,40,142
05/16/2021,FLG,AZ,AWP,CE,Federal Contract Tower,12,4,7,0,23,0,14,50,0,64,12,18,57,0,87,34,0,34,121
05/17/2021,FLG,AZ,AWP,CE,Federal Contract Tower,11,10,12,1,34,0,22,36,0,58,11,32,48,1,92,20,0,20,112
05/18/2021,FLG,AZ,AWP,CE,Federal Contract Tower,13,6,4,4,27,0,28,40,3,71,13,34,44,7,98,10,2,12,110
05/19/2021,FLG,AZ,AWP,CE,Federal Contract Tower,11,16,4,2,33,0,21,38,0,59,11,37,42,2,92,6,0,6,98
05/20/2021,FLG,AZ,AWP,CE,Federal Contract Tower,12,18,5,0,35,0,15,38,2,55,12,33,43,2,90,2,2,4,94
05/21/2021,FLG,AZ,AWP,CE,Federal Contract Tower,12,15,5,0,32,4,8,11,0,23,16,23,16,0,55,4,0,4,59
05/22/2021,FLG,AZ,AWP,CE,Federal Contract Tower,12,14,11,0,37,2,10,35,2,49,14,24,46,2,86,14,0,14,100
05/23/2021,FLG,AZ,AWP,CE,Federal Contract Tower,12,8,11,0,31,0,17,77,0,94,12,25,88,0,125,42,0,42,167
05/24/2021,FLG,AZ,AWP,CE,Federal Contract Tower,11,15,15,7,48,0,20,67,4,91,11,35,82,11,139,18,0,18,157
05/25/2021,FLG,AZ,AWP,CE,Federal Contract Tower,11,11,9,8,39,0,21,51,4,76,11,32,60,12,115,8,0,8,123
05/26/2021,FLG,AZ,AWP,CE,Federal Contract Tower,12,14,12,6,44,0,21,47,2,70,12,35,59,8,114,28,0,28,142
05/27/2021,FLG,AZ,AWP,CE,Federal Contract Tower,12,20,13,1,46,0,26,61,3,90,12,46,74,4,136,12,6,18,154
05/28/2021,FLG,AZ,AWP,CE,Federal Contract Tower,13,20,11,0,44,0,21,76,2,99,13,41,87,2,143,38,0,38,181
05/29/2021,FLG,AZ,AWP,CE,Federal Contract Tower,12,6,17,0,35,0,21,69,0,90,12,27,86,0,125,8,0,8,133
05/31/2021,FLG,AZ,AWP,CE,Federal Contract Tower,10,11,14,0,35,0,14,63,0,77,10,25,77,0,112,14,0,14,126
06/01/2021,FLG,AZ,AWP,CE,Federal Contract Tower,13,13,9,0,35,0,26,63,0,89,13,39,72,0,124,24,0,24,148
06/02/2021,FLG,AZ,AWP,CE,Federal Contract Tower,12,10,5,2,29,0,28,68,0,96,12,38,73,2,125,34,0,34,159
06/03/2021,FLG,AZ,AWP,CE,Federal Contract Tower,13,11,8,0,32,0,28,77,2,107,13,39,85,2,139,46,2,48,187
06/04/2021,FLG,AZ,AWP,CE,Federal Contract Tower,13,11,9,0,33,0,19,65,4,88,13,30,74,4,121,28,0,28,149
06/05/2021,FLG,AZ,AWP,CE,Federal Contract Tower,15,14,18,0,47,0,19,60,0,79,15,33,78,0,126,38,0,38,164
06/06/2021,FLG,AZ,AWP,CE,Federal Contract Tower,12,5,15,0,32,0,20,48,0,68,12,25,63,0,100,16,0,16,116
06/07/2021,FLG,AZ,AWP,CE,Federal Contract Tower,11,9,10,2,32,0,20,46,0,66,11,29,56,2,98,24,0,24,122
06/08/2021,FLG,AZ,AWP,CE,Federal Contract Tower,14,11,5,4,34,0,26,46,2,74,14,37,51,6,108,36,4,40,148
06/09/2021,FLG,AZ,AWP,CE,Federal Contract Tower,13,7,5,0,25,0,26,59,2,87,13,33,64,2,112,44,0,44,156
06/10/2021,FLG,AZ,AWP,CE,Federal Contract Tower,13,17,10,2,42,0,39,74,2,115,13,56,84,4,157,26,2,28,185
06/11/2021,FLG,AZ,AWP,CE,Federal Contract Tower,13,8,8,2,31,0,17,56,0,73,13,25,64,2,104,6,0,6,110
06/12/2021,FLG,AZ,AWP,CE,Federal Contract Tower,15,9,6,0,30,0,10,67,2,79,15,19,73,2,109,26,0,26,135
06/13/2021,FLG,AZ,AWP,CE,Federal Contract Tower,13,13,7,0,33,0,15,56,0,71,13,28,63,0,104,8,0,8,112
06/14/2021,FLG,AZ,AWP,CE,Federal Contract Tower,13,15,5,3,36,0,11,47,5,63,13,26,52,8,99,34,0,34,133
06/15/2021,FLG,AZ,AWP,CE,Federal Contract Tower,14,15,4,0,33,0,31,46,0,77,14,46,50,0,110,20,0,20,130
06/16/2021,FLG,AZ,AWP,CE,Federal Contract Tower,12,12,3,1,28,0,28,61,2,91,12,40,64,3,119,20,12,32,151
06/17/2021,FLG,AZ,AWP,CE,Federal Contract Tower,14,12,4,0,30,0,19,52,4,75,14,31,56,4,105,0,14,14,119
06/18/2021,FLG,AZ,AWP,CE,Federal Contract Tower,13,15,10,1,39,0,27,62,20,109,13,42,72,21,148,30,0,30,178
06/19/2021,FLG,AZ,AWP,CE,Federal Contract Tower,15,17,3,0,35,0,34,64,14,112,15,51,67,14,147,20,0,20,167
06/20/2021,FLG,AZ,AWP,CE,Federal Contract Tower,12,7,10,0,29,0,21,45,0,66,12,28,55,0,95,8,0,8,103
06/21/2021,FLG,AZ,AWP,CE,Federal Contract Tower,13,8,14,0,35,0,9,39,0,48,13,17,53,0,83,16,0,16,99
06/22/2021,FLG,AZ,AWP,CE,Federal Contract Tower,10,12,12,0,34,0,20,53,0,73,10,32,65,0,107,16,0,16,123
06/23/2021,FLG,AZ,AWP,CE,Federal Contract Tower,14,19,12,1,46,0,20,53,1,74,14,39,65,2,120,32,0,32,152
06/24/2021,FLG,AZ,AWP,CE,Federal Contract Tower,14,10,4,0,28,0,16,59,0,75,14,26,63,0,103,22,0,22,125
06/25/2021,FLG,AZ,AWP,CE,Federal Contract Tower,13,11,20,0,44,0,20,65,7,92,13,31,85,7,136,38,0,38,174
06/26/2021,FLG,AZ,AWP,CE,Federal Contract Tower,15,6,14,0,35,0,14,55,0,69,15,20,69,0,104,40,0,40,144
06/27/2021,FLG,AZ,AWP,CE,Federal Contract Tower,14,11,17,0,42,0,14,44,0,58,14,25,61,0,100,10,0,10,110
06/28/2021,FLG,AZ,AWP,CE,Federal Contract Tower,14,13,5,0,32,0,17,41,0,58,14,30,46,0,90,0,0,0,90
06/29/2021,FLG,AZ,AWP,CE,Federal Contract Tower,13,17,10,0,40,0,16,51,0,67,13,33,61,0,107,6,0,6,113
06/30/2021,FLG,AZ,AWP,CE,Federal Contract Tower,13,14,5,0,32,0,19,30,0,49,13,33,35,0,81,10,0,10,91
07/01/2021,FLG,AZ,AWP,CE,Federal Contract Tower,13,20,9,0,42,0,24,55,0,79,13,44,64,0,121,38,0,38,159
07/02/2021,FLG,AZ,AWP,CE,Federal Contract Tower,13,9,15,0,37,0,20,63,0,83,13,29,78,0,120,30,0,30,150
07/03/2021,FLG,AZ,AWP,CE,Federal Contract Tower,10,13,14,0,37,0,12,72,0,84,10,25,86,0,121,66,0,66,187
07/04/2021,FLG,AZ,AWP,CE,Federal Contract Tower,10,9,9,0,28,0,25,55,4,84,10,34,64,4,112,8,0,8,120
07/05/2021,FLG,AZ,AWP,CE,Federal Contract Tower,11,21,8,0,40,0,16,45,0,61,11,37,53,0,101,6,0,6,107
07/06/2021,FLG,AZ,AWP,CE,Federal Contract Tower,13,10,8,0,31,0,18,35,0,53,13,28,43,0,84,40,0,40,124
07/07/2021,FLG,AZ,AWP,CE,Federal Contract Tower,13,18,6,2,39,0,33,69,2,104,13,51,75,4,143,34,0,34,177
07/08/2021,FLG,AZ,AWP,CE,Federal Contract Tower,13,18,8,4,43,0,24,77,2,103,13,42,85,6,146,16,14,30,176
07/09/2021,FLG,AZ,AWP,CE,Federal Contract Tower,11,19,6,0,36,0,27,48,0,75,11,46,54,0,111,8,0,8,119
07/10/2021,FLG,AZ,AWP,CE,Federal Contract Tower,12,15,10,0,37,0,14,56,14,84,12,29,66,14,121,10,0,10,131
07/11/2021,FLG,AZ,AWP,CE,Federal Contract Tower,14,14,12,0,40,0,16,31,0,47,14,30,43,0,87,0,0,0,87
07/12/2021,FLG,AZ,AWP,CE,Federal Contract Tower,13,10,3,0,26,0,15,27,4,46,13,25,30,4,72,0,0,0,72
07/13/2021,FLG,AZ,AWP,CE,Federal Contract Tower,14,15,5,0,34,0,23,31,8,62,14,38,36,8,96,6,0,6,102
07/14/2021,FLG,AZ,AWP,CE,Federal Contract Tower,11,13,6,1,31,0,13,29,0,42,11,26,35,1,73,4,0,4,77
07/15/2021,FLG,AZ,AWP,CE,Federal Contract Tower,13,19,3,0,35,0,33,25,0,58,13,52,28,0,93,2,0,2,95
07/16/2021,FLG,AZ,AWP,CE,Federal Contract Tower,14,13,3,3,33,0,17,29,1,47,14,30,32,4,80,0,8,8,88
07/17/2021,FLG,AZ,AWP,CE,Federal Contract Tower,13,8,4,0,25,0,29,30,0,59,13,37,34,0,84,6,0,6,90
07/18/2021,FLG,AZ,AWP,CE,Federal Contract Tower,12,6,14,0,32,0,20,44,4,68,12,26,58,4,100,18,0,18,118
07/19/2021,FLG,AZ,AWP,CE,Federal Contract Tower,9,14,4,0,27,0,14,27,0,41,9,28,31,0,68,4,0,4,72
07/20/2021,FLG,AZ,AWP,CE,Federal Contract Tower,14,16,4,0,34,0,28,65,20,113,14,44,69,20,147,12,20,32,179
07/21/2021,FLG,AZ,AWP,CE,Federal Contract Tower,13,14,6,1,34,0,19,42,1,62,13,33,48,2,96,16,2,18,114
07/22/2021,FLG,AZ,AWP,CE,Federal Contract Tower,13,12,9,2,36,0,22,53,10,85,13,34,62,12,121,12,0,12,133
07/23/2021,FLG,AZ,AWP,CE,Federal Contract Tower,13,17,2,0,32,0,15,16,0,31,13,32,18,0,63,18,0,18,81
07/24/2021,FLG,AZ,AWP,CE,Federal Contract Tower,12,12,13,0,37,0,16,8,4,28,12,28,21,4,65,6,0,6,71
07/25/2021,FLG,AZ,AWP,CE,Federal Contract Tower,12,21,17,0,50,0,11,23,0,34,12,32,40,0,84,32,0,32,116
07/26/2021,FLG,AZ,AWP,CE,Federal Contract Tower,11,9,10,2,32,0,14,38,1,53,11,23,48,3,85,12,0,12,97
07/27/2021,FLG,AZ,AWP,CE,Federal Contract Tower,14,17,8,1,40,0,23,58,1,82,14,40,66,2,122,20,0,20,142
07/28/2021,FLG,AZ,AWP,CE,Federal Contract Tower,13,18,8,2,41,1,25,42,0,68,14,43,50,2,109,24,0,24,133
07/29/2021,FLG,AZ,AWP,CE,Federal Contract Tower,13,19,5,0,37,0,16,36,0,52,13,35,41,0,89,28,0,28,117
07/30/2021,FLG,AZ,AWP,CE,Federal Contract Tower,12,19,11,0,42,0,18,35,2,55,12,37,46,2,97,16,0,16,113
07/31/2021,FLG,AZ,AWP,CE,Federal Contract Tower,12,12,3,0,27,0,9,36,0,45,12,21,39,0,72,2,0,2,74
08/01/2021,FLG,AZ,AWP,CE,Federal Contract Tower,12,18,13,2,45,0,18,43,2,63,12,36,56,4,108,34,2,36,144
08/02/2021,FLG,AZ,AWP,CE,Federal Contract Tower,13,10,4,0,27,0,26,57,0,83,13,36,61,0,110,16,0,16,126
08/03/2021,FLG,AZ,AWP,CE,Federal Contract Tower,14,11,6,0,31,0,17,51,2,70,14,28,57,2,101,28,0,28,129
08/04/2021,FLG,AZ,AWP,CE,Federal Contract Tower,14,12,2,1,29,0,38,53,0,91,14,50,55,1,120,12,0,12,132
08/05/2021,FLG,AZ,AWP,CE,Federal Contract Tower,13,10,6,0,29,0,25,69,0,94,13,35,75,0,123,18,0,18,141
08/06/2021,FLG,AZ,AWP,CE,Federal Contract Tower,13,10,7,0,30,0,29,60,0,89,13,39,67,0,119,16,0,16,135
08/07/2021,FLG,AZ,AWP,CE,Federal Contract Tower,13,8,5,0,26,0,3,55,2,60,13,11,60,2,86,34,0,34,120
08/08/2021,FLG,AZ,AWP,CE,Federal Contract Tower,11,18,8,0,37,0,21,42,0,63,11,39,50,0,100,4,0,4,104
08/09/2021,FLG,AZ,AWP,CE,Federal Contract Tower,13,8,12,2,35,0,9,39,0,48,13,17,51,2,83,20,0,20,103
08/10/2021,FLG,AZ,AWP,CE,Federal Contract Tower,11,12,10,0,33,0,15,41,0,56,11,27,51,0,89,6,0,6,95
08/11/2021,FLG,AZ,AWP,CE,Federal Contract Tower,13,16,9,2,40,0,12,35,0,47,13,28,44,2,87,6,0,6,93
08/12/2021,FLG,AZ,AWP,CE,Federal Contract Tower,15,12,21,0,48,0,15,52,2,69,15,27,73,2,117,22,6,28,145
08/13/2021,FLG,AZ,AWP,CE,Federal Contract Tower,10,16,2,0,28,0,23,47,0,70,10,39,49,0,98,28,0,28,126
08/14/2021,FLG,AZ,AWP,CE,Federal Contract Tower,12,7,11,5,35,0,19,69,0,88,12,26,80,5,123,26,0,26,149
08/15/2021,FLG,AZ,AWP,CE,Federal Contract Tower,13,10,6,0,29,0,12,65,0,77,13,22,71,0,106,22,0,22,128
08/16/2021,FLG,AZ,AWP,CE,Federal Contract Tower,13,12,7,0,32,0,13,45,0,58,13,25,52,0,90,0,0,0,90
08/17/2021,FLG,AZ,AWP,CE,Federal Contract Tower,13,15,9,0,37,0,9,26,0,35,13,24,35,0,72,8,0,8,80
08/18/2021,FLG,AZ,AWP,CE,Federal Contract Tower,14,19,1,0,34,0,3,6,0,9,14,22,7,0,43,0,0,0,43
08/19/2021,FLG,AZ,AWP,CE,Federal Contract Tower,12,14,14,3,43,0,28,34,3,65,12,42,48,6,108,4,0,4,112
08/20/2021,FLG,AZ,AWP,CE,Federal Contract Tower,15,12,15,0,42,0,17,43,0,60,15,29,58,0,102,10,0,10,112
08/21/2021,FLG,AZ,AWP,CE,Federal Contract Tower,16,12,8,0,36,0,18,62,0,80,16,30,70,0,116,8,0,8,124
08/22/2021,FLG,AZ,AWP,CE,Federal Contract Tower,16,19,14,0,49,0,19,62,0,81,16,38,76,0,130,10,0,10,140
08/23/2021,FLG,AZ,AWP,CE,Federal Contract Tower,15,16,5,0,36,0,15,62,0,77,15,31,67,0,113,22,0,22,135
08/24/2021,FLG,AZ,AWP,CE,Federal Contract Tower,14,12,19,2,47,0,27,65,0,92,14,39,84,2,139,16,0,16,155
08/25/2021,FLG,AZ,AWP,CE,Federal Contract Tower,16,19,11,0,46,0,29,89,0,118,16,48,100,0,164,58,0,58,222
08/26/2021,FLG,AZ,AWP,CE,Federal Contract Tower,14,19,12,0,45,0,18,76,0,94,14,37,88,0,139,30,0,30,169
08/27/2021,FLG,AZ,AWP,CE,Federal Contract Tower,15,16,17,1,49,0,24,90,0,114,15,40,107,1,163,30,0,30,193
08/28/2021,FLG,AZ,AWP,CE,Federal Contract Tower,14,13,8,0,35,0,48,235,0,283,14,61,243,0,318,84,0,84,402
08/29/2021,FLG,AZ,AWP,CE,Federal Contract Tower,13,15,11,0,39,0,16,51,0,67,13,31,62,0,106,12,0,12,118
08/30/2021,FLG,AZ,AWP,CE,Federal Contract Tower,14,19,7,1,41,0,11,34,2,47,14,30,41,3,88,8,0,8,96
08/31/2021,FLG,AZ,AWP,CE,Federal Contract Tower,12,17,2,3,34,0,19,34,0,53,12,36,36,3,87,0,0,0,87
09/01/2021,FLG,AZ,AWP,CE,Federal Contract Tower,14,20,9,0,43,0,13,20,0,33,14,33,29,0,76,16,0,16,92
09/02/2021,FLG,AZ,AWP,CE,Federal Contract Tower,15,26,9,8,58,0,23,61,0,84,15,49,70,8,142,22,0,22,164
09/03/2021,FLG,AZ,AWP,CE,Federal Contract Tower,14,18,17,0,49,0,18,59,7,84,14,36,76,7,133,48,0,48,181
09/04/2021,FLG,AZ,AWP,CE,Federal Contract Tower,16,20,6,1,43,0,33,86,1,120,16,53,92,2,163,0,0,0,163
09/05/2021,FLG,AZ,AWP,CE,Federal Contract Tower,14,13,8,0,35,0,15,39,0,54,14,28,47,0,89,10,0,10,99
09/06/2021,FLG,AZ,AWP,CE,Federal Contract Tower,16,19,6,0,41,0,18,75,0,93,16,37,81,0,134,28,0,28,162
09/07/2021,FLG,AZ,AWP,CE,Federal Contract Tower,14,13,6,0,33,0,12,51,0,63,14,25,57,0,96,28,10,38,134
09/08/2021,FLG,AZ,AWP,CE,Federal Contract Tower,12,12,13,0,37,0,24,75,0,99,12,36,88,0,136,76,0,76,212
09/09/2021,FLG,AZ,AWP,CE,Federal Contract Tower,14,11,16,2,43,0,33,71,2,106,14,44,87,4,149,30,0,30,179
09/10/2021,FLG,AZ,AWP,CE,Federal Contract Tower,16,12,13,2,43,0,33,78,2,113,16,45,91,4,156,26,10,36,192
09/12/2021,FLG,AZ,AWP,CE,Federal Contract Tower,13,8,9,0,30,0,26,79,0,105,13,34,88,0,135,14,0,14,149
09/13/2021,FLG,AZ,AWP,CE,Federal Contract Tower,15,13,8,0,36,0,19,54,1,74,15,32,62,1,110,5,0,5,115
09/14/2021,FLG,AZ,AWP,CE,Federal Contract Tower,14,13,9,0,36,0,36,60,1,97,14,49,69,1,133,28,0,28,161
09/15/2021,FLG,AZ,AWP,CE,Federal Contract Tower,14,14,8,0,36,0,18,51,0,69,14,32,59,0,105,16,0,16,121
09/16/2021,FLG,AZ,AWP,CE,Federal Contract Tower,12,17,7,0,36,0,28,60,1,89,12,45,67,1,125,22,0,22,147
09/17/2021,FLG,AZ,AWP,CE,Federal Contract Tower,14,15,4,0,33,0,30,48,1,79,14,45,52,1,112,18,0,18,130
09/18/2021,FLG,AZ,AWP,CE,Federal Contract Tower,12,9,9,0,30,0,11,39,1,51,12,20,48,1,81,8,0,8,89
09/19/2021,FLG,AZ,AWP,CE,Federal Contract Tower,15,14,6,4,39,0,19,52,0,71,15,33,58,4,110,8,0,8,118
09/20/2021,FLG,AZ,AWP,CE,Federal Contract Tower,11,11,9,0,31,0,10,67,4,81,11,21,76,4,112,8,0,8,120
09/21/2021,FLG,AZ,AWP,CE,Federal Contract Tower,13,15,6,0,34,0,27,62,0,89,13,42,68,0,123,12,0,12,135
09/22/2021,FLG,AZ,AWP,CE,Federal Contract Tower,11,16,9,2,38,0,15,54,0,69,11,31,63,2,107,20,0,20,127
09/23/2021,FLG,AZ,AWP,CE,Federal Contract Tower,13,19,17,2,51,0,22,69,0,91,13,41,86,2,142,12,0,12,154
09/24/2021,FLG,AZ,AWP,CE,Federal Contract Tower,17,19,15,2,53,0,13,46,0,59,17,32,61,2,112,6,0,6,118
09/25/2021,FLG,AZ,AWP,CE,Federal Contract Tower,16,18,14,0,48,0,6,72,0,78,16,24,86,0,126,14,0,14,140
09/26/2021,FLG,AZ,AWP,CE,Federal Contract Tower,13,16,12,0,41,0,1,19,0,20,13,17,31,0,61,4,0,4,65
09/27/2021,FLG,AZ,AWP,CE,Federal Contract Tower,19,15,18,0,52,0,8,19,0,27,19,23,37,0,79,8,0,8,87
09/28/2021,FLG,AZ,AWP,CE,Federal Contract Tower,13,16,10,6,45,0,15,36,0,51,13,31,46,6,96,18,0,18,114
09/29/2021,FLG,AZ,AWP,CE,Federal Contract Tower,14,15,8,1,38,0,13,65,1,79,14,28,73,2,117,42,14,56,173
09/30/2021,FLG,AZ,AWP,CE,Federal Contract Tower,15,17,18,0,50,0,13,73,2,88,15,30,91,2,138,30,0,30,168
10/01/2021,FLG,AZ,AWP,CE,Federal Contract Tower,13,6,12,3,34,0,19,81,1,101,13,25,93,4,135,18,20,38,173
10/02/2021,FLG,AZ,AWP,CE,Federal Contract Tower,13,7,3,0,23,0,13,48,0,61,13,20,51,0,84,34,0,34,118
10/03/2021,FLG,AZ,AWP,CE,Federal Contract Tower,13,7,17,0,37,0,14,73,0,87,13,21,90,0,124,26,0,26,150
10/04/2021,FLG,AZ,AWP,CE,Federal Contract Tower,13,7,10,2,32,0,18,67,0,85,13,25,77,2,117,38,0,38,155
10/05/2021,FLG,AZ,AWP,CE,Federal Contract Tower,14,4,11,0,29,0,3,2,0,5,14,7,13,0,34,0,0,0,34
10/06/2021,FLG,AZ,AWP,CE,Federal Contract Tower,14,7,13,6,40,0,29,62,0,91,14,36,75,6,131,78,0,78,209
10/07/2021,FLG,AZ,AWP,CE,Federal Contract Tower,13,11,15,8,47,0,25,68,2,95,13,36,83,10,142,50,2,52,194
10/08/2021,FLG,AZ,AWP,CE,Federal Contract Tower,13,22,12,0,47,0,21,29,0,50,13,43,41,0,97,4,0,4,101
10/09/2021,FLG,AZ,AWP,CE,Federal Contract Tower,13,7,9,0,29,0,15,68,0,83,13,22,77,0,112,6,0,6,118
10/10/2021,FLG,AZ,AWP,CE,Federal Contract Tower,14,6,8,0,28,0,17,85,0,102,14,23,93,0,130,12,0,12,142
10/11/2021,FLG,AZ,AWP,CE,Federal Contract Tower,17,8,13,0,38,0,7,37,0,44,17,15,50,0,82,0,0,0,82
10/12/2021,FLG,AZ,AWP,CE,Federal Contract Tower,15,5,4,1,25,0,6,19,3,28,15,11,23,4,53,0,0,0,53
10/13/2021,FLG,AZ,AWP,CE,Federal Contract Tower,15,8,14,2,39,0,21,76,0,97,15,29,90,2,136,50,0,50,186
10/14/2021,FLG,AZ,AWP,CE,Federal Contract Tower,12,5,14,0,31,0,21,48,0,69,12,26,62,0,100,56,0,56,156
10/15/2021,FLG,AZ,AWP,CE,Federal Contract Tower,14,8,18,2,42,0,19,26,0,45,14,27,44,2,87,0,0,0,87
10/16/2021,FLG,AZ,AWP,CE,Federal Contract Tower,14,6,10,0,30,0,11,57,2,70,14,17,67,2,100,18,0,18,118
10/17/2021,FLG,AZ,AWP,CE,Federal Contract Tower,13,6,13,0,32,0,15,43,0,58,13,21,56,0,90,6,0,6,96
10/18/2021,FLG,AZ,AWP,CE,Federal Contract Tower,13,11,8,0,32,0,16,9,0,25,13,27,17,0,57,0,0,0,57
10/19/2021,FLG,AZ,AWP,CE,Federal Contract Tower,16,6,3,0,25,0,21,52,0,73,16,27,55,0,98,18,0,18,116
10/20/2021,FLG,AZ,AWP,CE,Federal Contract Tower,13,8,11,6,38,0,10,47,10,67,13,18,58,16,105,24,6,30,135
10/21/2021,FLG,AZ,AWP,CE,Federal Contract Tower,11,5,9,2,27,0,21,47,0,68,11,26,56,2,95,12,0,12,107
10/22/2021,FLG,AZ,AWP,CE,Federal Contract Tower,9,4,8,0,21,0,17,49,6,72,9,21,57,6,93,18,0,18,111
10/23/2021,FLG,AZ,AWP,CE,Federal Contract Tower,12,10,5,0,27,0,19,56,0,75,12,29,61,0,102,0,0,0,102
10/24/2021,FLG,AZ,AWP,CE,Federal Contract Tower,15,8,5,0,28,0,18,40,0,58,15,26,45,0,86,4,0,4,90
10/25/2021,FLG,AZ,AWP,CE,Federal Contract Tower,13,6,9,2,30,0,19,23,1,43,13,25,32,3,73,8,0,8,81
10/26/2021,FLG,AZ,AWP,CE,Federal Contract Tower,12,11,3,0,26,0,17,17,3,37,12,28,20,3,63,0,0,0,63
10/27/2021,FLG,AZ,AWP,CE,Federal Contract Tower,14,9,8,0,31,0,19,32,2,53,14,28,40,2,84,22,0,22,106
10/28/2021,FLG,AZ,AWP,CE,Federal Contract Tower,15,11,12,0,38,0,7,29,1,37,15,18,41,1,75,6,0,6,81
10/29/2021,FLG,AZ,AWP,CE,Federal Contract Tower,16,6,7,0,29,0,17,46,3,66,16,23,53,3,95,22,4,26,121
10/30/2021,FLG,AZ,AWP,CE,Federal Contract Tower,15,4,6,0,25,0,13,46,0,59,15,17,52,0,84,28,0,28,112
10/31/2021,FLG,AZ,AWP,CE,Federal Contract Tower,12,9,6,0,27,0,12,60,0,72,12,21,66,0,99,38,0,38,137
11/01/2021,FLG,AZ,AWP,CE,Federal Contract Tower,11,10,13,4,38,0,20,31,0,51,11,30,44,4,89,20,0,20,109
11/02/2021,FLG,AZ,AWP,CE,Federal Contract Tower,10,9,14,1,34,0,21,43,0,64,10,30,57,1,98,16,0,16,114
11/03/2021,FLG,AZ,AWP,CE,Federal Contract Tower,9,7,8,0,24,0,10,36,0,46,9,17,44,0,70,24,0,24,94
11/04/2021,FLG,AZ,AWP,CE,Federal Contract Tower,9,9,6,0,24,0,24,59,0,83,9,33,65,0,107,16,0,16,123
11/05/2021,FLG,AZ,AWP,CE,Federal Contract Tower,9,4,8,0,21,0,18,67,0,85,9,22,75,0,106,32,0,32,138
11/06/2021,FLG,AZ,AWP,CE,Federal Contract Tower,11,16,17,0,44,0,13,67,0,80,11,29,84,0,124,36,0,36,160
11/07/2021,FLG,AZ,AWP,CE,Federal Contract Tower,7,8,27,0,42,0,20,61,0,81,7,28,88,0,123,28,0,28,151
11/08/2021,FLG,AZ,AWP,CE,Federal Contract Tower,7,5,6,0,18,0,15,29,0,44,7,20,35,0,62,8,0,8,70
11/09/2021,FLG,AZ,AWP,CE,Federal Contract Tower,6,7,14,1,28,0,17,47,1,65,6,24,61,2,93,16,6,22,115
11/10/2021,FLG,AZ,AWP,CE,Federal Contract Tower,10,10,7,2,29,0,21,68,0,89,10,31,75,2,118,30,0,30,148
11/11/2021,FLG,AZ,AWP,CE,Federal Contract Tower,9,11,3,2,25,0,24,54,0,78,9,35,57,2,103,30,0,30,133
11/12/2021,FLG,AZ,AWP,CE,Federal Contract Tower,11,9,7,0,27,0,21,54,0,75,11,30,61,0,102,12,0,12,114
11/13/2021,FLG,AZ,AWP,CE,Federal Contract Tower,10,7,4,0,21,0,9,50,0,59,10,16,54,0,80,12,0,12,92
11/14/2021,FLG,AZ,AWP,CE,Federal Contract Tower,9,6,7,0,22,0,12,46,19,77,9,18,53,19,99,14,0,14,113
11/15/2021,FLG,AZ,AWP,CE,Federal Contract Tower,9,10,8,0,27,0,18,42,2,62,9,28,50,2,89,18,0,18,107
11/16/2021,FLG,AZ,AWP,CE,Federal Contract Tower,9,13,6,0,28,0,19,30,2,51,9,32,36,2,79,12,0,12,91
11/17/2021,FLG,AZ,AWP,CE,Federal Contract Tower,7,15,8,3,33,0,11,58,1,70,7,26,66,4,103,28,0,28,131
11/18/2021,FLG,AZ,AWP,CE,Federal Contract Tower,6,7,7,0,20,0,12,41,0,53,6,19,48,0,73,22,0,22,95
11/19/2021,FLG,AZ,AWP,CE,Federal Contract Tower,9,6,2,0,17,0,13,65,0,78,9,19,67,0,95,14,0,14,109
11/20/2021,FLG,AZ,AWP,CE,Federal Contract Tower,8,9,5,0,22,0,21,52,0,73,8,30,57,0,95,18,0,18,113
11/21/2021,FLG,AZ,AWP,CE,Federal Contract Tower,8,6,10,0,24,0,6,33,0,39,8,12,43,0,63,12,0,12,75
11/22/2021,FLG,AZ,AWP,CE,Federal Contract Tower,7,6,8,2,23,0,19,49,0,68,7,25,57,2,91,22,0,22,113
11/23/2021,FLG,AZ,AWP,CE,Federal Contract Tower,6,14,20,2,42,0,1,14,0,15,6,15,34,2,57,6,0,6,63
11/24/2021,FLG,AZ,AWP,CE,Federal Contract Tower,8,18,11,2,39,0,31,48,0,79,8,49,59,2,118,0,0,0,118
11/25/2021,FLG,AZ,AWP,CE,Federal Contract Tower,6,5,3,0,14,0,7,11,0,18,6,12,14,0,32,0,0,0,32
11/26/2021,FLG,AZ,AWP,CE,Federal Contract Tower,6,11,5,0,22,0,24,51,0,75,6,35,56,0,97,10,0,10,107
11/27/2021,FLG,AZ,AWP,CE,Federal Contract Tower,10,7,16,0,33,0,10,42,0,52,10,17,58,0,85,30,0,30,115
11/28/2021,FLG,AZ,AWP,CE,Federal Contract Tower,8,8,8,0,24,0,5,25,0,30,8,13,33,0,54,0,0,0,54
11/29/2021,FLG,AZ,AWP,CE,Federal Contract Tower,7,8,5,0,20,0,20,37,0,57,7,28,42,0,77,34,0,34,111
11/30/2021,FLG,AZ,AWP,CE,Federal Contract Tower,6,11,5,6,28,0,21,53,0,74,6,32,58,6,102,18,0,18,120
12/01/2021,FLG,AZ,AWP,CE,Federal Contract Tower,9,7,5,0,21,0,16,68,1,85,9,23,73,1,106,34,0,34,140
12/02/2021,FLG,AZ,AWP,CE,Federal Contract Tower,8,9,3,0,20,0,18,57,4,79,8,27,60,4,99,40,4,44,143
12/03/2021,FLG,AZ,AWP,CE,Federal Contract Tower,9,9,7,2,27,0,8,69,3,80,9,17,76,5,107,24,10,34,141
12/04/2021,FLG,AZ,AWP,CE,Federal Contract Tower,9,10,4,1,24,0,43,36,4,83,9,53,40,5,107,14,8,22,129
12/05/2021,FLG,AZ,AWP,CE,Federal Contract Tower,8,2,0,1,11,0,16,44,3,63,8,18,44,4,74,4,8,12,86
12/06/2021,FLG,AZ,AWP,CE,Federal Contract Tower,9,16,2,2,29,0,14,41,1,56,9,30,43,3,85,14,0,14,99
12/07/2021,FLG,AZ,AWP,CE,Federal Contract Tower,8,13,3,0,24,0,9,18,0,27,8,22,21,0,51,6,0,6,57
12/08/2021,FLG,AZ,AWP,CE,Federal Contract Tower,9,15,4,0,28,0,20,18,0,38,9,35,22,0,66,20,0,20,86
12/09/2021,FLG,AZ,AWP,CE,Federal Contract Tower,12,14,8,0,34,0,0,0,0,0,12,14,8,0,34,0,0,0,34
12/10/2021,FLG,AZ,AWP,CE,Federal Contract Tower,7,10,10,0,27,0,19,26,0,45,7,29,36,0,72,30,0,30,102
12/11/2021,FLG,AZ,AWP,CE,Federal Contract Tower,12,8,3,0,23,0,22,53,2,77,12,30,56,2,100,26,2,28,128
12/12/2021,FLG,AZ,AWP,CE,Federal Contract Tower,9,3,3,0,15,0,9,53,0,62,9,12,56,0,77,22,0,22,99
12/13/2021,FLG,AZ,AWP,CE,Federal Contract Tower,0,12,5,1,18,0,16,31,4,51,0,28,36,5,69,10,0,10,79
12/14/2021,FLG,AZ,AWP,CE,Federal Contract Tower,10,19,2,0,31,0,1,0,0,1,10,20,2,0,32,0,0,0,32
12/15/2021,FLG,AZ,AWP,CE,Federal Contract Tower,5,3,1,0,9,0,27,21,0,48,5,30,22,0,57,30,0,30,87
12/16/2021,FLG,AZ,AWP,CE,Federal Contract Tower,6,8,9,1,24,0,19,60,2,81,6,27,69,3,105,34,0,34,139
12/17/2021,FLG,AZ,AWP,CE,Federal Contract Tower,8,10,4,0,22,0,23,35,2,60,8,33,39,2,82,2,2,4,86
12/18/2021,FLG,AZ,AWP,CE,Federal Contract Tower,8,9,8,0,25,0,17,32,4,53,8,26,40,4,78,18,0,18,96
12/19/2021,FLG,AZ,AWP,CE,Federal Contract Tower,8,5,3,0,16,0,35,48,0,83,8,40,51,0,99,30,0,30,129
12/20/2021,FLG,AZ,AWP,CE,Federal Contract Tower,8,13,2,0,23,0,26,26,0,52,8,39,28,0,75,5,0,5,80
12/21/2021,FLG,AZ,AWP,CE,Federal Contract Tower,8,11,6,0,25,0,15,47,0,62,8,26,53,0,87,40,0,40,127
12/22/2021,FLG,AZ,AWP,CE,Federal Contract Tower,8,6,9,3,26,0,25,63,0,88,8,31,72,3,114,42,2,44,158
12/23/2021,FLG,AZ,AWP,CE,Federal Contract Tower,9,15,5,0,29,0,9,16,0,25,9,24,21,0,54,6,0,6,60
12/24/2021,FLG,AZ,AWP,CE,Federal Contract Tower,4,6,3,0,13,0,0,0,0,0,4,6,3,0,13,0,0,0,13
12/25/2021,FLG,AZ,AWP,CE,Federal Contract Tower,6,2,0,0,8,0,0,0,0,0,6,2,0,0,8,0,0,0,8
12/26/2021,FLG,AZ,AWP,CE,Federal Contract Tower,8,11,7,0,26,0,1,1,0,2,8,12,8,0,28,0,0,0,28
12/27/2021,FLG,AZ,AWP,CE,Federal Contract Tower,8,9,9,0,26,0,1,1,0,2,8,10,10,0,28,0,0,0,28
12/28/2021,FLG,AZ,AWP,CE,Federal Contract Tower,0,0,0,0,0,0,0,0,0,0,0,0,0,0,0,0,0,0,0
12/29/2021,FLG,AZ,AWP,CE,Federal Contract Tower,0,12,0,0,12,0,0,0,0,0,0,12,0,0,12,0,0,0,12
12/30/2021,FLG,AZ,AWP,CE,Federal Contract Tower,6,10,6,0,22,0,0,1,0,1,6,10,7,0,23,0,0,0,23
12/31/2021,FLG,AZ,AWP,CE,Federal Contract Tower,7,4,3,0,14,0,0,0,0,0,7,4,3,0,14,0,0,0,14
01/01/2022,FLG,AZ,AWP,CE,Federal Contract Tower,6,6,3,0,15,0,14,12,0,26,6,20,15,0,41,6,0,6,47
01/02/2022,FLG,AZ,AWP,CE,Federal Contract Tower,8,5,9,0,22,0,10,29,0,39,8,15,38,0,61,6,0,6,67
01/03/2022,FLG,AZ,AWP,CE,Federal Contract Tower,8,7,4,2,21,0,10,60,1,71,8,17,64,3,92,32,0,32,124
01/04/2022,FLG,AZ,AWP,CE,Federal Contract Tower,6,2,1,2,11,0,15,37,0,52,6,17,38,2,63,12,0,12,75
01/05/2022,FLG,AZ,AWP,CE,Federal Contract Tower,6,7,8,2,23,0,13,55,0,68,6,20,63,2,91,24,0,24,115
01/06/2022,FLG,AZ,AWP,CE,Federal Contract Tower,7,5,12,6,30,0,12,69,6,87,7,17,81,12,117,10,0,10,127
01/07/2022,FLG,AZ,AWP,CE,Federal Contract Tower,7,11,3,0,21,0,13,48,0,61,7,24,51,0,82,6,0,6,88
01/08/2022,FLG,AZ,AWP,CE,Federal Contract Tower,6,8,3,0,17,0,15,48,0,63,6,23,51,0,80,14,0,14,94
01/09/2022,FLG,AZ,AWP,CE,Federal Contract Tower,7,1,7,0,15,0,16,41,0,57,7,17,48,0,72,18,0,18,90
01/10/2022,FLG,AZ,AWP,CE,Federal Contract Tower,5,3,8,0,16,0,8,38,0,46,5,11,46,0,62,20,0,20,82
01/11/2022,FLG,AZ,AWP,CE,Federal Contract Tower,5,6,2,4,17,0,19,55,0,74,5,25,57,4,91,58,0,58,149
01/12/2022,FLG,AZ,AWP,CE,Federal Contract Tower,8,11,0,0,19,0,15,49,2,66,8,26,49,2,85,36,0,36,121
01/13/2022,FLG,AZ,AWP,CE,Federal Contract Tower,7,5,5,0,17,0,15,63,0,78,7,20,68,0,95,40,0,40,135
01/14/2022,FLG,AZ,AWP,CE,Federal Contract Tower,8,1,7,0,16,0,15,51,0,66,8,16,58,0,82,22,0,22,104
01/15/2022,FLG,AZ,AWP,CE,Federal Contract Tower,5,4,5,0,14,0,27,40,4,71,5,31,45,4,85,12,0,12,97
01/16/2022,FLG,AZ,AWP,CE,Federal Contract Tower,5,5,7,0,17,0,8,72,0,80,5,13,79,0,97,12,0,12,109
01/17/2022,FLG,AZ,AWP,CE,Federal Contract Tower,8,4,4,2,18,0,13,56,0,69,8,17,60,2,87,72,2,74,161
01/18/2022,FLG,AZ,AWP,CE,Federal Contract Tower,5,6,15,0,26,0,14,14,0,28,5,20,29,0,54,10,0,10,64
01/19/2022,FLG,AZ,AWP,CE,Federal Contract Tower,6,13,5,0,24,0,12,51,0,63,6,25,56,0,87,62,0,62,149
01/20/2022,FLG,AZ,AWP,CE,Federal Contract Tower,7,4,2,0,13,0,21,65,0,86,7,25,67,0,99,34,0,34,133
01/21/2022,FLG,AZ,AWP,CE,Federal Contract Tower,6,4,19,3,32,0,14,47,1,62,6,18,66,4,94,44,2,46,140
01/22/2022,FLG,AZ,AWP,CE,Federal Contract Tower,7,8,13,0,28,0,1,1,0,2,7,9,14,0,30,0,0,0,30
01/23/2022,FLG,AZ,AWP,CE,Federal Contract Tower,3,8,6,0,17,0,12,71,6,89,3,20,77,6,106,56,0,56,162
01/24/2022,FLG,AZ,AWP,CE,Federal Contract Tower,7,5,5,0,17,0,12,66,4,82,7,17,71,4,99,58,0,58,157
01/25/2022,FLG,AZ,AWP,CE,Federal Contract Tower,5,8,11,0,24,0,20,67,0,87,5,28,78,0,111,56,0,56,167
01/26/2022,FLG,AZ,AWP,CE,Federal Contract Tower,7,4,11,4,26,0,9,69,6,84,7,13,80,10,110,68,0,68,178
01/27/2022,FLG,AZ,AWP,CE,Federal Contract Tower,5,11,1,0,17,1,5,57,7,70,6,16,58,7,87,28,0,28,115
01/28/2022,FLG,AZ,AWP,CE,Federal Contract Tower,5,4,4,8,21,0,18,36,4,58,5,22,40,12,79,6,0,6,85
01/29/2022,FLG,AZ,AWP,CE,Federal Contract Tower,5,1,3,0,9,0,22,36,0,58,5,23,39,0,67,6,0,6,73
01/30/2022,FLG,AZ,AWP,CE,Federal Contract Tower,5,2,6,0,13,0,8,51,0,59,5,10,57,0,72,16,0,16,88
01/31/2022,FLG,AZ,AWP,CE,Federal Contract Tower,4,12,9,0,25,0,24,48,0,72,4,36,57,0,97,0,0,0,97
02/01/2022,FLG,AZ,AWP,CE,Federal Contract Tower,4,8,3,1,16,0,19,42,0,61,4,27,45,1,77,14,0,14,91
02/02/2022,FLG,AZ,AWP,CE,Federal Contract Tower,5,7,2,6,20,0,8,32,5,45,5,15,34,11,65,10,2,12,77
02/03/2022,FLG,AZ,AWP,CE,Federal Contract Tower,3,7,8,2,20,0,13,49,0,62,3,20,57,2,82,30,0,30,112
02/04/2022,FLG,AZ,AWP,CE,Federal Contract Tower,3,5,7,4,19,0,15,44,0,59,3,20,51,4,78,20,0,20,98
02/05/2022,FLG,AZ,AWP,CE,Federal Contract Tower,3,1,4,1,9,0,17,54,1,72,3,18,58,2,81,16,2,18,99
02/06/2022,FLG,AZ,AWP,CE,Federal Contract Tower,4,3,15,0,22,0,10,33,0,43,4,13,48,0,65,14,0,14,79
02/07/2022,FLG,AZ,AWP,CE,Federal Contract Tower,4,4,2,2,12,0,22,54,0,76,4,26,56,2,88,12,0,12,100
02/08/2022,FLG,AZ,AWP,CE,Federal Contract Tower,4,3,2,0,9,0,12,43,0,55,4,15,45,0,64,26,0,26,90
02/09/2022,FLG,AZ,AWP,CE,Federal Contract Tower,2,5,10,0,17,0,10,70,0,80,2,15,80,0,97,56,0,56,153
02/10/2022,FLG,AZ,AWP,CE,Federal Contract Tower,6,11,4,1,22,0,5,42,0,47,6,16,46,1,69,42,0,42,111
02/11/2022,FLG,AZ,AWP,CE,Federal Contract Tower,4,6,7,10,27,0,11,59,1,71,4,17,66,11,98,44,0,44,142
02/12/2022,FLG,AZ,AWP,CE,Federal Contract Tower,4,8,2,1,15,0,28,45,4,77,4,36,47,5,92,24,0,24,116
02/13/2022,FLG,AZ,AWP,CE,Federal Contract Tower,4,5,7,1,17,0,11,53,0,64,4,16,60,1,81,42,0,42,123
02/14/2022,FLG,AZ,AWP,CE,Federal Contract Tower,6,11,6,0,23,0,15,37,0,52,6,26,43,0,75,20,0,20,95
02/15/2022,FLG,AZ,AWP,CE,Federal Contract Tower,5,8,1,2,16,0,17,20,0,37,5,25,21,2,53,4,0,4,57
02/16/2022,FLG,AZ,AWP,CE,Federal Contract Tower,7,15,11,0,33,0,6,26,0,32,7,21,37,0,65,12,0,12,77
02/17/2022,FLG,AZ,AWP,CE,Federal Contract Tower,5,10,6,2,23,0,11,28,0,39,5,21,34,2,62,0,0,0,62
02/18/2022,FLG,AZ,AWP,CE,Federal Contract Tower,3,9,5,0,17,0,11,49,0,60,3,20,54,0,77,30,0,30,107
02/19/2022,FLG,AZ,AWP,CE,Federal Contract Tower,8,7,10,0,25,0,4,77,0,81,8,11,87,0,106,4,0,4,110
02/20/2022,FLG,AZ,AWP,CE,Federal Contract Tower,7,7,7,0,21,0,9,48,5,62,7,16,55,5,83,2,10,12,95
02/21/2022,FLG,AZ,AWP,CE,Federal Contract Tower,9,7,2,0,18,2,17,3,0,22,11,24,5,0,40,0,0,0,40
02/22/2022,FLG,AZ,AWP,CE,Federal Contract Tower,5,12,7,0,24,0,0,0,0,0,5,12,7,0,24,0,0,0,24
02/23/2022,FLG,AZ,AWP,CE,Federal Contract Tower,0,0,0,0,0,0,0,0,0,0,0,0,0,0,0,0,0,0,0
02/24/2022,FLG,AZ,AWP,CE,Federal Contract Tower,2,6,8,0,16,0,15,25,0,40,2,21,33,0,56,24,0,24,80
02/25/2022,FLG,AZ,AWP,CE,Federal Contract Tower,4,9,2,1,16,0,14,35,2,51,4,23,37,3,67,20,0,20,87
02/26/2022,FLG,AZ,AWP,CE,Federal Contract Tower,5,9,6,2,22,0,12,50,0,62,5,21,56,2,84,10,2,12,96
02/27/2022,FLG,AZ,AWP,CE,Federal Contract Tower,5,8,6,0,19,0,5,40,0,45,5,13,46,0,64,8,0,8,72
02/28/2022,FLG,AZ,AWP,CE,Federal Contract Tower,7,8,4,0,19,0,13,37,0,50,7,21,41,0,69,26,0,26,95
03/01/2022,FLG,AZ,AWP,CE,Federal Contract Tower,5,16,2,0,23,0,10,47,0,57,5,26,49,0,80,28,0,28,108
03/02/2022,FLG,AZ,AWP,CE,Federal Contract Tower,5,13,3,0,21,0,23,80,0,103,5,36,83,0,124,56,0,56,180
03/03/2022,FLG,AZ,AWP,CE,Federal Contract Tower,8,9,5,0,22,0,18,72,0,90,8,27,77,0,112,24,0,24,136
03/04/2022,FLG,AZ,AWP,CE,Federal Contract Tower,9,7,8,0,24,0,12,7,1,20,9,19,15,1,44,0,0,0,44
03/05/2022,FLG,AZ,AWP,CE,Federal Contract Tower,10,6,2,0,18,0,0,0,0,0,10,6,2,0,18,0,0,0,18
03/06/2022,FLG,AZ,AWP,CE,Federal Contract Tower,5,17,5,0,27,0,16,26,0,42,5,33,31,0,69,18,0,18,87
03/07/2022,FLG,AZ,AWP,CE,Federal Contract Tower,6,11,1,2,20,0,7,8,2,17,6,18,9,4,37,16,0,16,53
03/08/2022,FLG,AZ,AWP,CE,Federal Contract Tower,8,14,6,1,29,0,15,71,0,86,8,29,77,1,115,48,16,64,179
03/09/2022,FLG,AZ,AWP,CE,Federal Contract Tower,8,13,5,2,28,0,17,47,3,67,8,30,52,5,95,40,0,40,135
03/10/2022,FLG,AZ,AWP,CE,Federal Contract Tower,8,9,3,0,20,0,0,0,0,0,8,9,3,0,20,0,0,0,20
03/11/2022,FLG,AZ,AWP,CE,Federal Contract Tower,7,7,8,2,24,0,30,29,0,59,7,37,37,2,83,12,0,12,95
03/12/2022,FLG,AZ,AWP,CE,Federal Contract Tower,9,6,4,0,19,0,7,58,0,65,9,13,62,0,84,26,0,26,110
03/13/2022,FLG,AZ,AWP,CE,Federal Contract Tower,6,6,8,1,21,0,6,54,3,63,6,12,62,4,84,34,8,42,126
03/14/2022,FLG,AZ,AWP,CE,Federal Contract Tower,7,12,3,3,25,0,16,38,0,54,7,28,41,3,79,28,4,32,111
03/15/2022,FLG,AZ,AWP,CE,Federal Contract Tower,8,8,2,0,18,0,26,76,0,102,8,34,78,0,120,56,0,56,176
03/16/2022,FLG,AZ,AWP,CE,Federal Contract Tower,6,9,4,0,19,0,15,36,0,51,6,24,40,0,70,12,0,12,82
03/17/2022,FLG,AZ,AWP,CE,Federal Contract Tower,8,9,1,2,20,0,18,81,0,99,8,27,82,2,119,118,0,118,237
03/18/2022,FLG,AZ,AWP,CE,Federal Contract Tower,10,5,10,1,26,0,13,69,0,82,10,18,79,1,108,38,0,38,146
03/19/2022,FLG,AZ,AWP,CE,Federal Contract Tower,12,8,16,0,36,0,9,45,0,54,12,17,61,0,90,26,0,26,116
03/20/2022,FLG,AZ,AWP,CE,Federal Contract Tower,5,17,6,0,28,0,10,10,0,20,5,27,16,0,48,0,0,0,48
03/21/2022,FLG,AZ,AWP,CE,Federal Contract Tower,6,13,6,3,28,0,11,22,2,35,6,24,28,5,63,4,0,4,67
03/22/2022,FLG,AZ,AWP,CE,Federal Contract Tower,6,5,8,0,19,0,13,33,2,48,6,18,41,2,67,22,0,22,89
03/23/2022,FLG,AZ,AWP,CE,Federal Contract Tower,6,9,5,2,22,0,12,47,0,59,6,21,52,2,81,40,4,44,125
03/24/2022,FLG,AZ,AWP,CE,Federal Contract Tower,8,6,4,2,20,0,19,65,0,84,8,25,69,2,104,62,0,62,166
03/25/2022,FLG,AZ,AWP,CE,Federal Contract Tower,7,10,11,4,32,0,8,52,0,60,7,18,63,4,92,36,0,36,128
03/26/2022,FLG,AZ,AWP,CE,Federal Contract Tower,12,10,8,2,32,0,11,57,0,68,12,21,65,2,100,30,0,30,130
03/27/2022,FLG,AZ,AWP,CE,Federal Contract Tower,5,14,4,2,25,0,14,36,0,50,5,28,40,2,75,4,0,4,79
03/28/2022,FLG,AZ,AWP,CE,Federal Contract Tower,6,17,3,2,28,0,9,22,4,35,6,26,25,6,63,0,0,0,63
03/29/2022,FLG,AZ,AWP,CE,Federal Contract Tower,6,16,7,0,29,0,1,0,0,1,6,17,7,0,30,0,0,0,30
03/30/2022,FLG,AZ,AWP,CE,Federal Contract Tower,6,6,7,0,19,0,23,57,0,80,6,29,64,0,99,48,10,58,157
03/31/2022,FLG,AZ,AWP,CE,Federal Contract Tower,8,6,5,0,19,0,12,57,3,72,8,18,62,3,91,36,0,36,127
04/01/2022,FLG,AZ,AWP,CE,Federal Contract Tower,9,9,4,0,22,0,16,63,5,84,9,25,67,5,106,68,0,68,174
04/02/2022,FLG,AZ,AWP,CE,Federal Contract Tower,14,10,6,0,30,0,13,54,0,67,14,23,60,0,97,54,0,54,151
04/03/2022,FLG,AZ,AWP,CE,Federal Contract Tower,7,5,8,1,21,0,21,37,4,62,7,26,45,5,83,18,0,18,101
04/04/2022,FLG,AZ,AWP,CE,Federal Contract Tower,7,6,16,0,29,0,13,67,0,80,7,19,83,0,109,24,0,24,133
04/05/2022,FLG,AZ,AWP,CE,Federal Contract Tower,13,11,4,0,28,0,17,33,8,58,13,28,37,8,86,6,0,6,92
04/06/2022,FLG,AZ,AWP,CE,Federal Contract Tower,16,10,2,0,28,0,25,49,0,74,16,35,51,0,102,22,0,22,124
04/07/2022,FLG,AZ,AWP,CE,Federal Contract Tower,16,11,4,2,33,0,12,52,2,66,16,23,56,4,99,28,4,32,131
04/08/2022,FLG,AZ,AWP,CE,Federal Contract Tower,14,9,10,0,33,0,36,73,0,109,14,45,83,0,142,48,0,48,190
04/09/2022,FLG,AZ,AWP,CE,Federal Contract Tower,13,11,10,0,34,0,12,52,2,66,13,23,62,2,100,28,0,28,128
04/10/2022,FLG,AZ,AWP,CE,Federal Contract Tower,13,7,8,0,28,0,20,38,0,58,13,27,46,0,86,6,0,6,92
04/11/2022,FLG,AZ,AWP,CE,Federal Contract Tower,14,10,5,1,30,0,4,14,3,21,14,14,19,4,51,0,0,0,51
04/12/2022,FLG,AZ,AWP,CE,Federal Contract Tower,14,15,4,0,33,0,14,14,0,28,14,29,18,0,61,8,0,8,69
04/13/2022,FLG,AZ,AWP,CE,Federal Contract Tower,14,8,5,4,31,0,24,56,4,84,14,32,61,8,115,40,0,40,155
04/14/2022,FLG,AZ,AWP,CE,Federal Contract Tower,12,7,5,0,24,0,29,66,0,95,12,36,71,0,119,40,0,40,159
04/15/2022,FLG,AZ,AWP,CE,Federal Contract Tower,13,19,6,2,40,0,16,55,0,71,13,35,61,2,111,34,0,34,145
04/16/2022,FLG,AZ,AWP,CE,Federal Contract Tower,14,8,1,0,23,0,11,37,0,48,14,19,38,0,71,22,0,22,93
04/17/2022,FLG,AZ,AWP,CE,Federal Contract Tower,14,9,4,0,27,0,13,53,2,68,14,22,57,2,95,56,0,56,151
04/18/2022,FLG,AZ,AWP,CE,Federal Contract Tower,13,12,4,2,31,0,23,48,0,71,13,35,52,2,102,36,0,36,138
04/19/2022,FLG,AZ,AWP,CE,Federal Contract Tower,14,6,7,0,27,0,7,37,3,47,14,13,44,3,74,26,0,26,100
04/20/2022,FLG,AZ,AWP,CE,Federal Contract Tower,13,10,5,0,28,0,36,61,4,101,13,46,66,4,129,54,2,56,185
04/21/2022,FLG,AZ,AWP,CE,Federal Contract Tower,14,11,3,0,28,0,26,30,4,60,14,37,33,4,88,18,0,18,106
04/22/2022,FLG,AZ,AWP,CE,Federal Contract Tower,14,10,1,0,25,0,9,13,2,24,14,19,14,2,49,0,0,0,49
04/23/2022,FLG,AZ,AWP,CE,Federal Contract Tower,13,5,10,2,30,0,17,70,0,87,13,22,80,2,117,42,0,42,159
04/24/2022,FLG,AZ,AWP,CE,Federal Contract Tower,14,7,9,0,30,0,15,78,4,97,14,22,87,4,127,42,0,42,169
04/25/2022,FLG,AZ,AWP,CE,Federal Contract Tower,14,8,5,0,27,0,22,70,0,92,14,30,75,0,119,38,0,38,157
04/26/2022,FLG,AZ,AWP,CE,Federal Contract Tower,12,6,3,1,22,0,27,49,1,77,12,33,52,2,99,30,0,30,129
04/27/2022,FLG,AZ,AWP,CE,Federal Contract Tower,14,8,7,0,29,0,25,46,2,73,14,33,53,2,102,24,0,24,126
04/28/2022,FLG,AZ,AWP,CE,Federal Contract Tower,14,17,7,1,39,0,27,51,2,80,14,44,58,3,119,4,0,4,123
04/29/2022,FLG,AZ,AWP,CE,Federal Contract Tower,14,10,3,4,31,0,17,61,0,78,14,27,64,4,109,38,2,40,149
04/30/2022,FLG,AZ,AWP,CE,Federal Contract Tower,14,7,9,1,31,0,16,67,2,85,14,23,76,3,116,60,0,60,176
05/01/2022,FLG,AZ,AWP,CE,Federal Contract Tower,14,10,7,0,31,4,5,11,0,20,18,15,18,0,51,1,0,1,52
05/02/2022,FLG,AZ,AWP,CE,Federal Contract Tower,13,10,2,0,25,0,15,65,0,80,13,25,67,0,105,58,0,58,163
05/03/2022,FLG,AZ,AWP,CE,Federal Contract Tower,13,13,3,0,29,0,14,33,0,47,13,27,36,0,76,0,0,0,76
05/04/2022,FLG,AZ,AWP,CE,Federal Contract Tower,10,4,6,0,20,0,21,54,0,75,10,25,60,0,95,132,12,144,239
05/05/2022,FLG,AZ,AWP,CE,Federal Contract Tower,5,7,2,2,16,0,22,61,0,83,5,29,63,2,99,58,0,58,157
05/06/2022,FLG,AZ,AWP,CE,Federal Contract Tower,9,4,9,1,23,0,24,59,0,83,9,28,68,1,106,48,0,48,154
05/07/2022,FLG,AZ,AWP,CE,Federal Contract Tower,7,10,9,0,26,2,6,28,0,36,9,16,37,0,62,2,0,2,64
05/08/2022,FLG,AZ,AWP,CE,Federal Contract Tower,8,5,7,0,20,0,8,12,0,20,8,13,19,0,40,4,0,4,44
05/09/2022,FLG,AZ,AWP,CE,Federal Contract Tower,9,6,4,0,19,0,11,11,0,22,9,17,15,0,41,0,0,0,41
05/10/2022,FLG,AZ,AWP,CE,Federal Contract Tower,6,7,3,1,17,0,23,19,3,45,6,30,22,4,62,0,6,6,68
05/11/2022,FLG,AZ,AWP,CE,Federal Contract Tower,8,14,3,0,25,0,7,14,5,26,8,21,17,5,51,0,0,0,51
05/12/2022,FLG,AZ,AWP,CE,Federal Contract Tower,10,10,3,4,27,0,16,64,9,89,10,26,67,13,116,76,2,78,194
05/13/2022,FLG,AZ,AWP,CE,Federal Contract Tower,9,11,10,2,32,0,18,69,0,87,9,29,79,2,119,56,0,56,175
05/14/2022,FLG,AZ,AWP,CE,Federal Contract Tower,7,11,3,0,21,0,7,74,0,81,7,18,77,0,102,50,0,50,152
05/15/2022,FLG,AZ,AWP,CE,Federal Contract Tower,9,8,11,2,30,0,3,60,0,63,9,11,71,2,93,20,0,20,113
05/16/2022,FLG,AZ,AWP,CE,Federal Contract Tower,9,13,6,0,28,0,9,49,0,58,9,22,55,0,86,38,0,38,124
05/17/2022,FLG,AZ,AWP,CE,Federal Contract Tower,7,11,4,2,24,0,22,50,1,73,7,33,54,3,97,22,0,22,119
05/18/2022,FLG,AZ,AWP,CE,Federal Contract Tower,8,12,9,2,31,0,16,71,7,94,8,28,80,9,125,32,0,32,157
05/19/2022,FLG,AZ,AWP,CE,Federal Contract Tower,9,14,4,4,31,0,21,39,2,62,9,35,43,6,93,14,0,14,107
05/20/2022,FLG,AZ,AWP,CE,Federal Contract Tower,8,19,7,0,34,3,11,20,0,34,11,30,27,0,68,2,0,2,70
05/21/2022,FLG,AZ,AWP,CE,Federal Contract Tower,7,9,10,0,26,0,18,57,0,75,7,27,67,0,101,10,0,10,111
05/22/2022,FLG,AZ,AWP,CE,Federal Contract Tower,10,3,10,0,23,0,12,77,0,89,10,15,87,0,112,18,0,18,130
05/23/2022,FLG,AZ,AWP,CE,Federal Contract Tower,8,6,10,3,27,0,17,46,0,63,8,23,56,3,90,16,0,16,106
05/24/2022,FLG,AZ,AWP,CE,Federal Contract Tower,6,10,3,2,21,0,17,56,0,73,6,27,59,2,94,60,0,60,154
05/25/2022,FLG,AZ,AWP,CE,Federal Contract Tower,7,7,6,0,20,0,17,41,4,62,7,24,47,4,82,16,0,16,98
05/26/2022,FLG,AZ,AWP,CE,Federal Contract Tower,9,14,16,0,39,0,13,55,0,68,9,27,71,0,107,40,0,40,147
05/27/2022,FLG,AZ,AWP,CE,Federal Contract Tower,9,21,8,0,38,0,11,46,1,58,9,32,54,1,96,42,0,42,138
05/28/2022,FLG,AZ,AWP,CE,Federal Contract Tower,7,10,1,0,18,0,9,38,0,47,7,19,39,0,65,4,0,4,69
05/29/2022,FLG,AZ,AWP,CE,Federal Contract Tower,9,4,1,0,14,0,15,13,0,28,9,19,14,0,42,7,0,7,49
05/30/2022,FLG,AZ,AWP,CE,Federal Contract Tower,9,15,7,1,32,0,14,40,2,56,9,29,47,3,88,0,0,0,88
05/31/2022,FLG,AZ,AWP,CE,Federal Contract Tower,6,16,12,0,34,0,21,56,6,83,6,37,68,6,117,20,0,20,137
06/01/2022,FLG,AZ,AWP,CE,Federal Contract Tower,7,17,12,0,36,0,14,63,3,80,7,31,75,3,116,12,0,12,128
06/02/2022,FLG,AZ,AWP,CE,Federal Contract Tower,8,17,7,2,34,0,16,55,1,72,8,33,62,3,106,16,0,16,122
06/03/2022,FLG,AZ,AWP,CE,Federal Contract Tower,8,9,5,0,22,0,16,57,0,73,8,25,62,0,95,14,0,14,109
06/04/2022,FLG,AZ,AWP,CE,Federal Contract Tower,14,9,0,0,23,2,19,81,1,103,16,28,81,1,126,16,2,18,144
06/05/2022,FLG,AZ,AWP,CE,Federal Contract Tower,9,8,9,0,26,0,6,79,0,85,9,14,88,0,111,30,2,32,143
06/06/2022,FLG,AZ,AWP,CE,Federal Contract Tower,8,7,9,2,26,0,17,49,2,68,8,24,58,4,94,28,0,28,122
06/07/2022,FLG,AZ,AWP,CE,Federal Contract Tower,8,7,6,0,21,0,14,43,0,57,8,21,49,0,78,28,0,28,106
06/08/2022,FLG,AZ,AWP,CE,Federal Contract Tower,6,8,2,0,16,0,17,43,8,68,6,25,45,8,84,46,0,46,130
06/09/2022,FLG,AZ,AWP,CE,Federal Contract Tower,7,10,9,0,26,0,17,59,2,78,7,27,68,2,104,30,0,30,134
06/10/2022,FLG,AZ,AWP,CE,Federal Contract Tower,8,9,14,0,31,0,14,52,0,66,8,23,66,0,97,24,0,24,121
06/11/2022,FLG,AZ,AWP,CE,Federal Contract Tower,11,14,10,0,35,0,23,49,0,72,11,37,59,0,107,22,0,22,129
06/12/2022,FLG,AZ,AWP,CE,Federal Contract Tower,9,3,11,0,23,0,29,48,0,77,9,32,59,0,100,16,0,16,116
06/13/2022,FLG,AZ,AWP,CE,Federal Contract Tower,9,14,5,0,28,0,10,19,1,30,9,24,24,1,58,0,2,2,60
06/14/2022,FLG,AZ,AWP,CE,Federal Contract Tower,8,8,5,0,21,0,46,45,0,91,8,54,50,0,112,36,0,36,148
06/15/2022,FLG,AZ,AWP,CE,Federal Contract Tower,7,3,7,0,17,0,23,24,0,47,7,26,31,0,64,0,0,0,64
06/16/2022,FLG,AZ,AWP,CE,Federal Contract Tower,9,8,4,0,21,0,12,43,0,55,9,20,47,0,76,4,0,4,80
06/17/2022,FLG,AZ,AWP,CE,Federal Contract Tower,7,6,4,1,18,0,25,34,0,59,7,31,38,1,77,10,6,16,93
06/18/2022,FLG,AZ,AWP,CE,Federal Contract Tower,12,6,7,0,25,0,10,22,0,32,12,16,29,0,57,0,0,0,57
06/19/2022,FLG,AZ,AWP,CE,Federal Contract Tower,7,18,5,0,30,0,10,25,0,35,7,28,30,0,65,0,0,0,65
06/20/2022,FLG,AZ,AWP,CE,Federal Contract Tower,6,11,1,0,18,0,12,52,0,64,6,23,53,0,82,34,0,34,116
06/21/2022,FLG,AZ,AWP,CE,Federal Contract Tower,8,10,1,2,21,0,25,55,0,80,8,35,56,2,101,48,0,48,149
06/22/2022,FLG,AZ,AWP,CE,Federal Contract Tower,7,4,4,0,15,0,23,37,0,60,7,27,41,0,75,46,0,46,121
06/23/2022,FLG,AZ,AWP,CE,Federal Contract Tower,9,8,9,0,26,0,13,39,0,52,9,21,48,0,78,23,0,23,101
06/24/2022,FLG,AZ,AWP,CE,Federal Contract Tower,11,7,7,0,25,0,10,26,0,36,11,17,33,0,61,26,0,26,87
06/25/2022,FLG,AZ,AWP,CE,Federal Contract Tower,12,3,7,0,22,0,15,50,0,65,12,18,57,0,87,38,0,38,125
06/26/2022,FLG,AZ,AWP,CE,Federal Contract Tower,10,10,5,0,25,0,12,46,0,58,10,22,51,0,83,22,0,22,105
06/27/2022,FLG,AZ,AWP,CE,Federal Contract Tower,9,6,6,0,21,0,13,52,4,69,9,19,58,4,90,50,0,50,140
06/28/2022,FLG,AZ,AWP,CE,Federal Contract Tower,9,10,5,0,24,0,27,49,0,76,9,37,54,0,100,30,0,30,130
06/29/2022,FLG,AZ,AWP,CE,Federal Contract Tower,9,9,4,0,22,0,15,23,0,38,9,24,27,0,60,33,0,33,93
06/30/2022,FLG,AZ,AWP,CE,Federal Contract Tower,9,8,8,0,25,0,13,30,0,43,9,21,38,0,68,8,0,8,76
07/01/2022,FLG,AZ,AWP,CE,Federal Contract Tower,10,11,14,0,35,0,16,51,1,68,10,27,65,1,103,24,0,24,127
07/02/2022,FLG,AZ,AWP,CE,Federal Contract Tower,12,7,5,0,24,0,14,44,0,58,12,21,49,0,82,17,0,17,99
07/03/2022,FLG,AZ,AWP,CE,Federal Contract Tower,8,2,3,0,13,0,12,32,0,44,8,14,35,0,57,3,0,3,60
07/04/2022,FLG,AZ,AWP,CE,Federal Contract Tower,9,4,5,0,18,0,14,43,0,57,9,18,48,0,75,16,0,16,91
07/05/2022,FLG,AZ,AWP,CE,Federal Contract Tower,9,20,9,0,38,0,19,40,1,60,9,39,49,1,98,41,0,41,139
07/06/2022,FLG,AZ,AWP,CE,Federal Contract Tower,9,4,3,0,16,0,28,50,0,78,9,32,53,0,94,50,0,50,144
07/07/2022,FLG,AZ,AWP,CE,Federal Contract Tower,9,3,9,2,23,0,6,62,0,68,9,9,71,2,91,83,0,83,174
07/08/2022,FLG,AZ,AWP,CE,Federal Contract Tower,0,11,14,0,25,0,19,70,0,89,0,30,84,0,114,51,0,51,165
07/09/2022,FLG,AZ,AWP,CE,Federal Contract Tower,12,2,6,0,20,0,10,24,0,34,12,12,30,0,54,12,0,12,66
07/10/2022,FLG,AZ,AWP,CE,Federal Contract Tower,9,8,7,0,24,0,22,47,0,69,9,30,54,0,93,38,0,38,131
07/11/2022,FLG,AZ,AWP,CE,Federal Contract Tower,8,7,5,0,20,0,7,62,0,69,8,14,67,0,89,42,0,42,131
07/12/2022,FLG,AZ,AWP,CE,Federal Contract Tower,9,13,1,0,23,0,9,40,0,49,9,22,41,0,72,28,0,28,100
07/13/2022,FLG,AZ,AWP,CE,Federal Contract Tower,10,11,12,0,33,0,7,65,0,72,10,18,77,0,105,67,0,67,172
07/14/2022,FLG,AZ,AWP,CE,Federal Contract Tower,9,5,8,0,22,0,7,45,0,52,9,12,53,0,74,34,0,34,108
07/15/2022,FLG,AZ,AWP,CE,Federal Contract Tower,0,7,4,6,17,0,16,37,0,53,0,23,41,6,70,9,0,9,79
07/16/2022,FLG,AZ,AWP,CE,Federal Contract Tower,11,5,5,0,21,0,11,41,0,52,11,16,46,0,73,3,0,3,76
07/17/2022,FLG,AZ,AWP,CE,Federal Contract Tower,9,5,12,0,26,0,3,37,0,40,9,8,49,0,66,6,0,6,72
07/18/2022,FLG,AZ,AWP,CE,Federal Contract Tower,8,5,4,0,17,0,15,28,0,43,8,20,32,0,60,10,0,10,70
07/19/2022,FLG,AZ,AWP,CE,Federal Contract Tower,9,13,8,0,30,0,7,55,3,65,9,20,63,3,95,40,0,40,135
07/20/2022,FLG,AZ,AWP,CE,Federal Contract Tower,7,4,7,0,18,0,7,43,6,56,7,11,50,6,74,18,0,18,92
07/21/2022,FLG,AZ,AWP,CE,Federal Contract Tower,9,12,3,0,24,0,9,38,0,47,9,21,41,0,71,78,0,78,149
07/22/2022,FLG,AZ,AWP,CE,Federal Contract Tower,8,10,12,0,30,0,5,56,0,61,8,15,68,0,91,29,0,29,120
07/23/2022,FLG,AZ,AWP,CE,Federal Contract Tower,12,8,7,0,27,0,7,43,0,50,12,15,50,0,77,12,0,12,89
07/24/2022,FLG,AZ,AWP,CE,Federal Contract Tower,9,3,8,0,20,0,8,30,0,38,9,11,38,0,58,2,0,2,60
07/25/2022,FLG,AZ,AWP,CE,Federal Contract Tower,9,14,6,0,29,0,6,27,0,33,9,20,33,0,62,22,0,22,84
07/26/2022,FLG,AZ,AWP,CE,Federal Contract Tower,9,9,7,1,26,0,7,17,0,24,9,16,24,1,50,32,0,32,82
07/27/2022,FLG,AZ,AWP,CE,Federal Contract Tower,9,5,6,0,20,0,3,12,2,17,9,8,18,2,37,0,0,0,37
07/28/2022,FLG,AZ,AWP,CE,Federal Contract Tower,8,9,8,1,26,0,5,30,4,39,8,14,38,5,65,0,0,0,65
07/29/2022,FLG,AZ,AWP,CE,Federal Contract Tower,7,8,8,0,23,0,2,27,1,30,7,10,35,1,53,23,0,23,76
07/30/2022,FLG,AZ,AWP,CE,Federal Contract Tower,14,10,6,0,30,0,11,16,2,29,14,21,22,2,59,6,0,6,65
07/31/2022,FLG,AZ,AWP,CE,Federal Contract Tower,9,1,15,0,25,0,8,43,3,54,9,9,58,3,79,21,0,21,100
08/01/2022,FLG,AZ,AWP,CE,Federal Contract Tower,7,6,8,0,21,0,7,31,6,44,7,13,39,6,65,50,0,50,115
08/02/2022,FLG,AZ,AWP,CE,Federal Contract Tower,10,5,6,0,21,0,5,27,2,34,10,10,33,2,55,20,2,22,77
08/03/2022,FLG,AZ,AWP,CE,Federal Contract Tower,9,5,11,0,25,0,12,44,0,56,9,17,55,0,81,29,0,29,110
08/04/2022,FLG,AZ,AWP,CE,Federal Contract Tower,9,6,4,0,19,0,2,24,2,28,9,8,28,2,47,18,0,18,65
08/05/2022,FLG,AZ,AWP,CE,Federal Contract Tower,9,9,7,0,25,0,5,48,0,53,9,14,55,0,78,15,0,15,93
08/06/2022,FLG,AZ,AWP,CE,Federal Contract Tower,14,4,6,0,24,0,21,47,0,68,14,25,53,0,92,0,0,0,92
08/07/2022,FLG,AZ,AWP,CE,Federal Contract Tower,10,5,5,0,20,0,5,43,0,48,10,10,48,0,68,19,0,19,87
08/08/2022,FLG,AZ,AWP,CE,Federal Contract Tower,8,5,7,0,20,0,7,40,2,49,8,12,47,2,69,18,0,18,87
08/09/2022,FLG,AZ,AWP,CE,Federal Contract Tower,8,6,7,0,21,0,9,51,0,60,8,15,58,0,81,30,0,30,111
08/10/2022,FLG,AZ,AWP,CE,Federal Contract Tower,9,11,5,0,25,0,3,31,5,39,9,14,36,5,64,18,10,28,92
08/11/2022,FLG,AZ,AWP,CE,Federal Contract Tower,9,14,12,2,37,0,7,23,0,30,9,21,35,2,67,31,0,31,98
08/12/2022,FLG,AZ,AWP,CE,Federal Contract Tower,9,3,7,0,19,0,3,37,1,41,9,6,44,1,60,35,0,35,95
08/13/2022,FLG,AZ,AWP,CE,Federal Contract Tower,13,5,9,0,27,0,5,53,0,58,13,10,62,0,85,23,0,23,108
08/14/2022,FLG,AZ,AWP,CE,Federal Contract Tower,9,5,6,0,20,0,3,30,0,33,9,8,36,0,53,5,0,5,58
08/15/2022,FLG,AZ,AWP,CE,Federal Contract Tower,11,6,7,0,24,0,0,11,0,11,11,6,18,0,35,52,0,52,87
08/16/2022,FLG,AZ,AWP,CE,Federal Contract Tower,12,11,8,0,31,0,8,24,0,32,12,19,32,0,63,6,0,6,69
08/17/2022,FLG,AZ,AWP,CE,Federal Contract Tower,10,9,4,0,23,0,9,40,2,51,10,18,44,2,74,16,0,16,90
08/18/2022,FLG,AZ,AWP,CE,Federal Contract Tower,10,4,2,0,16,0,8,41,0,49,10,12,43,0,65,8,0,8,73
08/19/2022,FLG,AZ,AWP,CE,Federal Contract Tower,11,13,12,1,37,0,8,27,0,35,11,21,39,1,72,0,0,0,72
08/20/2022,FLG,AZ,AWP,CE,Federal Contract Tower,10,13,6,0,29,0,8,17,0,25,10,21,23,0,54,20,0,20,74
08/21/2022,FLG,AZ,AWP,CE,Federal Contract Tower,12,9,4,1,26,0,5,20,0,25,12,14,24,1,51,24,0,24,75
08/22/2022,FLG,AZ,AWP,CE,Federal Contract Tower,11,8,2,0,21,0,12,27,5,44,11,20,29,5,65,18,0,18,83
08/23/2022,FLG,AZ,AWP,CE,Federal Contract Tower,11,7,3,2,23,0,13,43,0,56,11,20,46,2,79,24,0,24,103
08/24/2022,FLG,AZ,AWP,CE,Federal Contract Tower,12,10,6,0,28,0,13,17,0,30,12,23,23,0,58,41,0,41,99
08/25/2022,FLG,AZ,AWP,CE,Federal Contract Tower,14,13,10,0,37,0,21,38,0,59,14,34,48,0,96,45,0,45,141
08/26/2022,FLG,AZ,AWP,CE,Federal Contract Tower,12,8,5,0,25,0,12,41,12,65,12,20,46,12,90,63,40,103,193
08/27/2022,FLG,AZ,AWP,CE,Federal Contract Tower,13,8,5,0,26,0,17,126,2,145,13,25,131,2,171,195,0,195,366
08/28/2022,FLG,AZ,AWP,CE,Federal Contract Tower,11,9,8,0,28,2,9,37,0,48,13,18,45,0,76,0,6,6,82
08/29/2022,FLG,AZ,AWP,CE,Federal Contract Tower,12,10,6,0,28,0,20,40,7,67,12,30,46,7,95,4,0,4,99
08/30/2022,FLG,AZ,AWP,CE,Federal Contract Tower,13,8,4,1,26,0,20,51,1,72,13,28,55,2,98,30,0,30,128
08/31/2022,FLG,AZ,AWP,CE,Federal Contract Tower,10,7,6,0,23,0,4,57,4,65,10,11,63,4,88,14,0,14,102
09/01/2022,FLG,AZ,AWP,CE,Federal Contract Tower,11,15,5,0,31,0,5,60,4,69,11,20,65,4,100,10,0,10,110
09/02/2022,FLG,AZ,AWP,CE,Federal Contract Tower,10,16,4,0,30,0,14,67,0,81,10,30,71,0,111,26,0,26,137
09/03/2022,FLG,AZ,AWP,CE,Federal Contract Tower,10,12,3,0,25,0,7,75,0,82,10,19,78,0,107,22,0,22,129
09/04/2022,FLG,AZ,AWP,CE,Federal Contract Tower,12,4,1,0,17,0,11,57,0,68,12,15,58,0,85,30,0,30,115
09/05/2022,FLG,AZ,AWP,CE,Federal Contract Tower,11,13,6,0,30,0,15,72,0,87,11,28,78,0,117,26,0,26,143
09/06/2022,FLG,AZ,AWP,CE,Federal Contract Tower,10,6,7,0,23,0,11,66,0,77,10,17,73,0,100,20,0,20,120
09/07/2022,FLG,AZ,AWP,CE,Federal Contract Tower,12,8,4,2,26,0,7,42,4,53,12,15,46,6,79,16,0,16,95
09/08/2022,FLG,AZ,AWP,CE,Federal Contract Tower,14,11,3,2,30,0,7,50,0,57,14,18,53,2,87,0,0,0,87
09/09/2022,FLG,AZ,AWP,CE,Federal Contract Tower,15,20,6,0,41,0,9,69,0,78,15,29,75,0,119,56,0,56,175
09/10/2022,FLG,AZ,AWP,CE,Federal Contract Tower,11,8,15,0,34,0,1,20,0,21,11,9,35,0,55,14,0,14,69
09/11/2022,FLG,AZ,AWP,CE,Federal Contract Tower,14,3,11,0,28,0,5,62,0,67,14,8,73,0,95,2,0,2,97
09/12/2022,FLG,AZ,AWP,CE,Federal Contract Tower,13,9,2,0,24,0,3,26,2,31,13,12,28,2,55,12,0,12,67
09/13/2022,FLG,AZ,AWP,CE,Federal Contract Tower,12,14,0,0,26,0,4,18,0,22,12,18,18,0,48,14,0,14,62
09/14/2022,FLG,AZ,AWP,CE,Federal Contract Tower,12,7,10,0,29,0,10,28,4,42,12,17,38,4,71,4,2,6,77
09/15/2022,FLG,AZ,AWP,CE,Federal Contract Tower,15,14,6,2,37,0,12,32,4,48,15,26,38,6,85,20,12,32,117
09/16/2022,FLG,AZ,AWP,CE,Federal Contract Tower,14,21,11,0,46,0,8,61,0,69,14,29,72,0,115,8,0,8,123
09/17/2022,FLG,AZ,AWP,CE,Federal Contract Tower,23,12,1,0,36,0,10,77,0,87,23,22,78,0,123,30,0,30,153
09/18/2022,FLG,AZ,AWP,CE,Federal Contract Tower,13,6,13,0,32,0,7,50,0,57,13,13,63,0,89,24,0,24,113
09/19/2022,FLG,AZ,AWP,CE,Federal Contract Tower,14,16,7,2,39,0,6,54,5,65,14,22,61,7,104,34,0,34,138
09/20/2022,FLG,AZ,AWP,CE,Federal Contract Tower,10,13,1,2,26,0,8,26,4,38,10,21,27,6,64,4,0,4,68
09/21/2022,FLG,AZ,AWP,CE,Federal Contract Tower,12,10,14,0,36,0,0,1,0,1,12,10,15,0,37,0,0,0,37
09/22/2022,FLG,AZ,AWP,CE,Federal Contract Tower,16,14,13,0,43,0,1,9,0,10,16,15,22,0,53,22,0,22,75
09/23/2022,FLG,AZ,AWP,CE,Federal Contract Tower,12,11,10,0,33,1,6,80,11,98,13,17,90,11,131,74,0,74,205
09/24/2022,FLG,AZ,AWP,CE,Federal Contract Tower,13,10,11,0,34,0,15,61,0,76,13,25,72,0,110,14,0,14,124
09/25/2022,FLG,AZ,AWP,CE,Federal Contract Tower,12,6,16,0,34,0,4,57,0,61,12,10,73,0,95,56,0,56,151
09/26/2022,FLG,AZ,AWP,CE,Federal Contract Tower,13,14,9,0,36,0,10,57,0,67,13,24,66,0,103,42,0,42,145
09/27/2022,FLG,AZ,AWP,CE,Federal Contract Tower,12,5,1,0,18,0,14,39,0,53,12,19,40,0,71,42,0,42,113
09/28/2022,FLG,AZ,AWP,CE,Federal Contract Tower,13,10,2,0,25,0,5,37,2,44,13,15,39,2,69,28,0,28,97
09/29/2022,FLG,AZ,AWP,CE,Federal Contract Tower,14,10,2,0,26,0,16,32,6,54,14,26,34,6,80,30,6,36,116
09/30/2022,FLG,AZ,AWP,CE,Federal Contract Tower,13,16,12,0,41,0,8,64,0,72,13,24,76,0,113,48,0,48,161
10/01/2022,FLG,AZ,AWP,CE,Federal Contract Tower,11,13,5,1,30,0,8,61,2,71,11,21,66,3,101,18,0,18,119
10/02/2022,FLG,AZ,AWP,CE,Federal Contract Tower,11,14,5,0,30,0,5,47,3,55,11,19,52,3,85,4,0,4,89
10/03/2022,FLG,AZ,AWP,CE,Federal Contract Tower,10,6,3,0,19,0,1,8,0,9,10,7,11,0,28,0,0,0,28
10/04/2022,FLG,AZ,AWP,CE,Federal Contract Tower,10,13,9,0,32,0,6,38,0,44,10,19,47,0,76,18,0,18,94
10/05/2022,FLG,AZ,AWP,CE,Federal Contract Tower,11,14,1,0,26,0,18,35,0,53,11,32,36,0,79,28,0,28,107
10/06/2022,FLG,AZ,AWP,CE,Federal Contract Tower,10,9,9,0,28,0,5,22,0,27,10,14,31,0,55,6,0,6,61
10/07/2022,FLG,AZ,AWP,CE,Federal Contract Tower,11,6,9,0,26,0,6,21,0,27,11,12,30,0,53,0,0,0,53
10/08/2022,FLG,AZ,AWP,CE,Federal Contract Tower,11,9,9,0,29,0,5,45,0,50,11,14,54,0,79,0,0,0,79
10/09/2022,FLG,AZ,AWP,CE,Federal Contract Tower,10,12,21,0,43,0,10,51,0,61,10,22,72,0,104,12,0,12,116
10/10/2022,FLG,AZ,AWP,CE,Federal Contract Tower,9,8,3,0,20,1,8,38,2,49,10,16,41,2,69,12,0,12,81
10/12/2022,FLG,AZ,AWP,CE,Federal Contract Tower,11,7,8,2,28,0,10,76,5,91,11,17,84,7,119,28,0,28,147
10/13/2022,FLG,AZ,AWP,CE,Federal Contract Tower,9,16,3,2,30,0,12,47,1,60,9,28,50,3,90,32,0,32,122
10/14/2022,FLG,AZ,AWP,CE,Federal Contract Tower,12,9,2,1,24,0,3,85,2,90,12,12,87,3,114,44,2,46,160
10/15/2022,FLG,AZ,AWP,CE,Federal Contract Tower,10,8,12,0,30,0,4,17,2,23,10,12,29,2,53,12,0,12,65
10/16/2022,FLG,AZ,AWP,CE,Federal Contract Tower,10,5,13,4,32,0,0,10,2,12,10,5,23,6,44,0,0,0,44
10/17/2022,FLG,AZ,AWP,CE,Federal Contract Tower,9,13,9,0,31,0,7,22,0,29,9,20,31,0,60,4,0,4,64
10/18/2022,FLG,AZ,AWP,CE,Federal Contract Tower,8,8,7,1,24,0,3,40,6,49,8,11,47,7,73,16,0,16,89
10/19/2022,FLG,AZ,AWP,CE,Federal Contract Tower,11,13,1,1,26,0,9,44,5,58,11,22,45,6,84,14,0,14,98
10/20/2022,FLG,AZ,AWP,CE,Federal Contract Tower,10,19,3,3,35,0,13,45,4,62,10,32,48,7,97,33,0,33,130
10/21/2022,FLG,AZ,AWP,CE,Federal Contract Tower,12,12,4,0,28,0,10,43,2,55,12,22,47,2,83,18,0,18,101
10/22/2022,FLG,AZ,AWP,CE,Federal Contract Tower,11,10,1,2,24,0,3,24,0,27,11,13,25,2,51,14,0,14,65
10/23/2022,FLG,AZ,AWP,CE,Federal Contract Tower,10,12,4,0,26,0,2,13,0,15,10,14,17,0,41,0,0,0,41
10/24/2022,FLG,AZ,AWP,CE,Federal Contract Tower,10,8,6,0,24,0,9,29,2,40,10,17,35,2,64,10,0,10,74
10/25/2022,FLG,AZ,AWP,CE,Federal Contract Tower,10,9,2,1,22,0,7,33,2,42,10,16,35,3,64,34,0,34,98
10/26/2022,FLG,AZ,AWP,CE,Federal Contract Tower,7,12,4,0,23,0,11,38,3,52,7,23,42,3,75,16,0,16,91
10/27/2022,FLG,AZ,AWP,CE,Federal Contract Tower,10,7,3,0,20,0,7,33,0,40,10,14,36,0,60,22,0,22,82
10/28/2022,FLG,AZ,AWP,CE,Federal Contract Tower,10,5,8,2,25,0,5,54,0,59,10,10,62,2,84,2,0,2,86
10/29/2022,FLG,AZ,AWP,CE,Federal Contract Tower,9,5,4,0,18,0,7,64,5,76,9,12,68,5,94,16,0,16,110
10/30/2022,FLG,AZ,AWP,CE,Federal Contract Tower,8,1,4,0,13,0,1,64,0,65,8,2,68,0,78,24,0,24,102
10/31/2022,FLG,AZ,AWP,CE,Federal Contract Tower,7,6,6,0,19,0,1,41,2,44,7,7,47,2,63,10,0,10,73
11/01/2022,FLG,AZ,AWP,CE,Federal Contract Tower,8,4,3,3,18,0,3,44,0,47,8,7,47,3,65,8,0,8,73
11/02/2022,FLG,AZ,AWP,CE,Federal Contract Tower,8,23,3,0,34,0,7,11,2,20,8,30,14,2,54,0,0,0,54
11/03/2022,FLG,AZ,AWP,CE,Federal Contract Tower,4,5,4,0,13,0,0,0,0,0,4,5,4,0,13,0,0,0,13
11/04/2022,FLG,AZ,AWP,CE,Federal Contract Tower,10,6,5,0,21,0,5,76,0,81,10,11,81,0,102,42,0,42,144
11/05/2022,FLG,AZ,AWP,CE,Federal Contract Tower,8,5,3,3,19,0,3,68,7,78,8,8,71,10,97,31,0,31,128
11/06/2022,FLG,AZ,AWP,CE,Federal Contract Tower,8,4,11,0,23,0,10,65,2,77,8,14,76,2,100,8,4,12,112
11/07/2022,FLG,AZ,AWP,CE,Federal Contract Tower,8,12,4,0,24,0,19,34,0,53,8,31,38,0,77,4,0,4,81
11/08/2022,FLG,AZ,AWP,CE,Federal Contract Tower,9,7,1,0,17,0,2,15,7,24,9,9,16,7,41,0,4,4,45
11/09/2022,FLG,AZ,AWP,CE,Federal Contract Tower,7,12,1,0,20,0,0,1,0,1,7,12,2,0,21,0,0,0,21
11/10/2022,FLG,AZ,AWP,CE,Federal Contract Tower,9,6,1,0,16,0,9,64,0,73,9,15,65,0,89,24,0,24,113
11/11/2022,FLG,AZ,AWP,CE,Federal Contract Tower,7,7,3,1,18,0,4,49,6,59,7,11,52,7,77,0,0,0,77
11/12/2022,FLG,AZ,AWP,CE,Federal Contract Tower,8,3,7,0,18,0,5,63,2,70,8,8,70,2,88,48,0,48,136
11/13/2022,FLG,AZ,AWP,CE,Federal Contract Tower,5,1,3,0,9,0,9,25,2,36,5,10,28,2,45,0,0,0,45
11/14/2022,FLG,AZ,AWP,CE,Federal Contract Tower,9,4,0,0,13,0,12,37,0,49,9,16,37,0,62,4,0,4,66
11/15/2022,FLG,AZ,AWP,CE,Federal Contract Tower,8,8,2,0,18,0,18,29,0,47,8,26,31,0,65,0,0,0,65
11/16/2022,FLG,AZ,AWP,CE,Federal Contract Tower,9,4,3,1,17,0,17,20,0,37,9,21,23,1,54,0,0,0,54
11/17/2022,FLG,AZ,AWP,CE,Federal Contract Tower,8,4,1,2,15,0,15,43,2,60,8,19,44,4,75,68,0,68,143
11/18/2022,FLG,AZ,AWP,CE,Federal Contract Tower,8,7,3,0,18,0,8,45,4,57,8,15,48,4,75,16,0,16,91
11/19/2022,FLG,AZ,AWP,CE,Federal Contract Tower,9,5,6,1,21,0,9,61,0,70,9,14,67,1,91,2,0,2,93
11/20/2022,FLG,AZ,AWP,CE,Federal Contract Tower,8,0,8,0,16,0,8,58,2,68,8,8,66,2,84,10,0,10,94
11/21/2022,FLG,AZ,AWP,CE,Federal Contract Tower,9,2,5,0,16,0,2,39,0,41,9,4,44,0,57,11,0,11,68
11/22/2022,FLG,AZ,AWP,CE,Federal Contract Tower,8,10,7,0,25,0,13,63,2,78,8,23,70,2,103,14,0,14,117
11/23/2022,FLG,AZ,AWP,CE,Federal Contract Tower,9,13,2,0,24,0,15,39,0,54,9,28,41,0,78,10,0,10,88
11/24/2022,FLG,AZ,AWP,CE,Federal Contract Tower,4,4,3,0,11,0,0,6,0,6,4,4,9,0,17,0,0,0,17
11/25/2022,FLG,AZ,AWP,CE,Federal Contract Tower,9,11,3,0,23,0,8,25,0,33,9,19,28,0,56,10,0,10,66
11/26/2022,FLG,AZ,AWP,CE,Federal Contract Tower,7,9,5,0,21,0,8,36,0,44,7,17,41,0,65,8,0,8,73
11/27/2022,FLG,AZ,AWP,CE,Federal Contract Tower,8,6,3,0,17,0,7,66,0,73,8,13,69,0,90,14,0,14,104
11/28/2022,FLG,AZ,AWP,CE,Federal Contract Tower,9,4,5,0,18,0,11,18,0,29,9,15,23,0,47,0,0,0,47
11/29/2022,FLG,AZ,AWP,CE,Federal Contract Tower,6,9,3,0,18,0,6,19,2,27,6,15,22,2,45,2,0,2,47
11/30/2022,FLG,AZ,AWP,CE,Federal Contract Tower,8,10,1,0,19,0,13,33,0,46,8,23,34,0,65,6,0,6,71
12/01/2022,FLG,AZ,AWP,CE,Federal Contract Tower,8,10,7,0,25,0,8,16,0,24,8,18,23,0,49,2,0,2,51
12/02/2022,FLG,AZ,AWP,CE,Federal Contract Tower,8,9,4,0,21,0,8,15,0,23,8,17,19,0,44,20,0,20,64
12/03/2022,FLG,AZ,AWP,CE,Federal Contract Tower,7,3,1,0,11,0,4,26,0,30,7,7,27,0,41,4,0,4,45
12/04/2022,FLG,AZ,AWP,CE,Federal Contract Tower,8,7,8,0,23,0,4,2,0,6,8,11,10,0,29,0,0,0,29
12/05/2022,FLG,AZ,AWP,CE,Federal Contract Tower,9,7,4,0,20,0,4,8,0,12,9,11,12,0,32,6,0,6,38
12/06/2022,FLG,AZ,AWP,CE,Federal Contract Tower,8,9,6,1,24,0,2,8,0,10,8,11,14,1,34,0,0,0,34
12/07/2022,FLG,AZ,AWP,CE,Federal Contract Tower,8,11,4,1,24,0,0,0,1,1,8,11,4,2,25,0,0,0,25
12/08/2022,FLG,AZ,AWP,CE,Federal Contract Tower,8,7,4,2,21,0,3,41,5,49,8,10,45,7,70,32,16,48,118
12/09/2022,FLG,AZ,AWP,CE,Federal Contract Tower,9,6,1,0,16,0,8,44,0,52,9,14,45,0,68,8,0,8,76
12/10/2022,FLG,AZ,AWP,CE,Federal Contract Tower,8,5,4,0,17,0,5,53,0,58,8,10,57,0,75,0,0,0,75
12/11/2022,FLG,AZ,AWP,CE,Federal Contract Tower,8,2,3,0,13,0,3,32,0,35,8,5,35,0,48,0,0,0,48
12/12/2022,FLG,AZ,AWP,CE,Federal Contract Tower,7,7,5,2,21,0,8,10,1,19,7,15,15,3,40,10,0,10,50
12/13/2022,FLG,AZ,AWP,CE,Federal Contract Tower,8,11,2,0,21,0,1,3,0,4,8,12,5,0,25,0,0,0,25
12/14/2022,FLG,AZ,AWP,CE,Federal Contract Tower,8,8,4,5,25,0,19,33,0,52,8,27,37,5,77,40,0,40,117
12/15/2022,FLG,AZ,AWP,CE,Federal Contract Tower,7,6,10,0,23,0,3,53,3,59,7,9,63,3,82,20,0,20,102
12/16/2022,FLG,AZ,AWP,CE,Federal Contract Tower,5,12,2,0,19,0,4,72,4,80,5,16,74,4,99,30,0,30,129
12/17/2022,FLG,AZ,AWP,CE,Federal Contract Tower,6,8,4,0,18,0,4,47,0,51,6,12,51,0,69,12,0,12,81
12/18/2022,FLG,AZ,AWP,CE,Federal Contract Tower,5,4,9,0,18,0,3,51,2,56,5,7,60,2,74,0,4,4,78
12/19/2022,FLG,AZ,AWP,CE,Federal Contract Tower,6,8,0,0,14,0,13,16,0,29,6,21,16,0,43,6,0,6,49
12/20/2022,FLG,AZ,AWP,CE,Federal Contract Tower,6,2,2,0,10,0,10,35,2,47,6,12,37,2,57,12,0,12,69
12/21/2022,FLG,AZ,AWP,CE,Federal Contract Tower,4,15,0,0,19,0,9,45,2,56,4,24,45,2,75,6,0,6,81
12/22/2022,FLG,AZ,AWP,CE,Federal Contract Tower,6,5,3,0,14,0,7,52,2,61,6,12,55,2,75,2,0,2,77
12/23/2022,FLG,AZ,AWP,CE,Federal Contract Tower,7,9,3,0,19,0,20,53,0,73,7,29,56,0,92,26,0,26,118
12/24/2022,FLG,AZ,AWP,CE,Federal Contract Tower,6,6,2,0,14,0,3,42,0,45,6,9,44,0,59,8,0,8,67
12/25/2022,FLG,AZ,AWP,CE,Federal Contract Tower,6,0,2,0,8,0,5,8,0,13,6,5,10,0,21,0,0,0,21
12/26/2022,FLG,AZ,AWP,CE,Federal Contract Tower,5,6,1,0,12,0,21,69,0,90,5,27,70,0,102,0,0,0,102
12/27/2022,FLG,AZ,AWP,CE,Federal Contract Tower,6,6,0,0,12,0,9,45,0,54,6,15,45,0,66,8,0,8,74
12/28/2022,FLG,AZ,AWP,CE,Federal Contract Tower,5,14,0,0,19,0,0,0,0,0,5,14,0,0,19,0,0,0,19
12/29/2022,FLG,AZ,AWP,CE,Federal Contract Tower,5,10,3,0,18,0,0,0,0,0,5,10,3,0,18,0,0,0,18
12/30/2022,FLG,AZ,AWP,CE,Federal Contract Tower,5,8,2,0,15,0,1,1,0,2,5,9,3,0,17,0,0,0,17
12/31/2022,FLG,AZ,AWP,CE,Federal Contract Tower,1,4,5,0,10,0,0,0,0,0,1,4,5,0,10,0,0,0,10
01/01/2023,FLG,AZ,AWP,CE,Federal Contract Tower,0,0,0,0,0,0,0,0,0,0,0,0,0,0,0,0,0,0,0
01/02/2023,FLG,AZ,AWP,CE,Federal Contract Tower,5,5,0,0,10,0,1,4,0,5,5,6,4,0,15,0,0,0,15
01/03/2023,FLG,AZ,AWP,CE,Federal Contract Tower,6,10,1,1,18,0,0,0,0,0,6,10,1,1,18,0,0,0,18
01/04/2023,FLG,AZ,AWP,CE,Federal Contract Tower,6,15,0,2,23,0,14,6,1,21,6,29,6,3,44,0,0,0,44
01/06/2023,FLG,AZ,AWP,CE,Federal Contract Tower,5,8,5,1,19,0,7,43,10,60,5,15,48,11,79,0,0,0,79
01/07/2023,FLG,AZ,AWP,CE,Federal Contract Tower,6,5,3,1,15,0,16,60,1,77,6,21,63,2,92,4,0,4,96
01/08/2023,FLG,AZ,AWP,CE,Federal Contract Tower,6,8,3,0,17,0,18,50,5,73,6,26,53,5,90,17,0,17,107
01/09/2023,FLG,AZ,AWP,CE,Federal Contract Tower,6,13,2,4,25,0,17,22,5,44,6,30,24,9,69,6,10,16,85
01/10/2023,FLG,AZ,AWP,CE,Federal Contract Tower,7,10,0,0,17,0,9,25,4,38,7,19,25,4,55,30,0,30,85
01/11/2023,FLG,AZ,AWP,CE,Federal Contract Tower,7,7,1,0,15,0,11,26,2,39,7,18,27,2,54,16,0,16,70
01/12/2023,FLG,AZ,AWP,CE,Federal Contract Tower,7,13,0,0,20,0,8,37,10,55,7,21,37,10,75,34,4,38,113
01/13/2023,FLG,AZ,AWP,CE,Federal Contract Tower,9,15,6,0,30,0,8,54,0,62,9,23,60,0,92,18,0,18,110
01/14/2023,FLG,AZ,AWP,CE,Federal Contract Tower,6,7,1,0,14,0,6,39,1,46,6,13,40,1,60,10,0,10,70
01/15/2023,FLG,AZ,AWP,CE,Federal Contract Tower,5,0,0,0,5,0,0,0,0,0,5,0,0,0,5,0,0,0,5
01/16/2023,FLG,AZ,AWP,CE,Federal Contract Tower,0,0,0,0,0,0,0,0,0,0,0,0,0,0,0,0,0,0,0
01/17/2023,FLG,AZ,AWP,CE,Federal Contract Tower,6,2,1,0,9,0,1,0,0,1,6,3,1,0,10,0,0,0,10
01/18/2023,FLG,AZ,AWP,CE,Federal Contract Tower,6,5,2,6,19,0,7,14,0,21,6,12,16,6,40,0,0,0,40
01/19/2023,FLG,AZ,AWP,CE,Federal Contract Tower,7,8,6,2,23,0,3,17,0,20,7,11,23,2,43,0,0,0,43
01/20/2023,FLG,AZ,AWP,CE,Federal Contract Tower,7,6,4,0,17,0,0,0,0,0,7,6,4,0,17,0,0,0,17
01/21/2023,FLG,AZ,AWP,CE,Federal Contract Tower,7,9,0,0,16,0,18,47,0,65,7,27,47,0,81,6,0,6,87
01/22/2023,FLG,AZ,AWP,CE,Federal Contract Tower,7,7,4,0,18,0,0,41,0,41,7,7,45,0,59,4,0,4,63
01/23/2023,FLG,AZ,AWP,CE,Federal Contract Tower,7,5,1,0,13,0,3,1,0,4,7,8,2,0,17,0,0,0,17
01/24/2023,FLG,AZ,AWP,CE,Federal Contract Tower,6,8,11,0,25,0,20,20,0,40,6,28,31,0,65,38,0,38,103
01/25/2023,FLG,AZ,AWP,CE,Federal Contract Tower,7,7,2,2,18,0,14,33,12,59,7,21,35,14,77,0,0,0,77
01/26/2023,FLG,AZ,AWP,CE,Federal Contract Tower,7,9,8,1,25,0,12,19,5,36,7,21,27,6,61,0,0,0,61
01/27/2023,FLG,AZ,AWP,CE,Federal Contract Tower,5,5,7,0,17,0,13,58,1,72,5,18,65,1,89,20,0,20,109
01/28/2023,FLG,AZ,AWP,CE,Federal Contract Tower,7,8,1,0,16,0,13,28,0,41,7,21,29,0,57,13,0,13,70
01/29/2023,FLG,AZ,AWP,CE,Federal Contract Tower,7,5,3,0,15,0,3,28,1,32,7,8,31,1,47,8,2,10,57
01/30/2023,FLG,AZ,AWP,CE,Federal Contract Tower,7,13,0,0,20,0,0,0,0,0,7,13,0,0,20,0,0,0,20
01/31/2023,FLG,AZ,AWP,CE,Federal Contract Tower,7,6,0,2,15,0,5,1,0,6,7,11,1,2,21,0,0,0,21
02/01/2023,FLG,AZ,AWP,CE,Federal Contract Tower,7,5,3,2,17,0,14,30,11,55,7,19,33,13,72,14,10,24,96
02/02/2023,FLG,AZ,AWP,CE,Federal Contract Tower,7,4,7,2,20,0,8,47,0,55,7,12,54,2,75,22,0,22,97
02/03/2023,FLG,AZ,AWP,CE,Federal Contract Tower,9,6,10,0,25,0,23,55,7,85,9,29,65,7,110,12,0,12,122
02/04/2023,FLG,AZ,AWP,CE,Federal Contract Tower,10,9,5,0,24,0,17,39,3,59,10,26,44,3,83,22,0,22,105
02/05/2023,FLG,AZ,AWP,CE,Federal Contract Tower,9,9,5,2,25,0,8,42,0,50,9,17,47,2,75,16,0,16,91
02/06/2023,FLG,AZ,AWP,CE,Federal Contract Tower,9,4,0,2,15,0,15,28,0,43,9,19,28,2,58,20,0,20,78
02/07/2023,FLG,AZ,AWP,CE,Federal Contract Tower,11,11,3,0,25,0,7,33,0,40,11,18,36,0,65,0,0,0,65
02/09/2023,FLG,AZ,AWP,CE,Federal Contract Tower,8,9,0,2,19,0,3,10,8,21,8,12,10,10,40,2,0,2,42
02/10/2023,FLG,AZ,AWP,CE,Federal Contract Tower,9,10,4,0,23,0,23,36,2,61,9,33,40,2,84,4,0,4,88
02/11/2023,FLG,AZ,AWP,CE,Federal Contract Tower,9,7,1,0,17,0,14,19,0,33,9,21,20,0,50,8,0,8,58
02/12/2023,FLG,AZ,AWP,CE,Federal Contract Tower,9,1,4,0,14,0,8,55,0,63,9,9,59,0,77,0,0,0,77
02/13/2023,FLG,AZ,AWP,CE,Federal Contract Tower,9,7,1,0,17,0,7,3,0,10,9,14,4,0,27,0,0,0,27
02/14/2023,FLG,AZ,AWP,CE,Federal Contract Tower,1,0,0,0,1,0,0,0,0,0,1,0,0,0,1,0,0,0,1
02/15/2023,FLG,AZ,AWP,CE,Federal Contract Tower,9,10,3,0,22,0,9,7,2,18,9,19,10,2,40,0,0,0,40
02/16/2023,FLG,AZ,AWP,CE,Federal Contract Tower,9,7,0,4,20,0,7,17,2,26,9,14,17,6,46,0,0,0,46
02/17/2023,FLG,AZ,AWP,CE,Federal Contract Tower,9,9,1,0,19,0,9,32,0,41,9,18,33,0,60,6,0,6,66
02/18/2023,FLG,AZ,AWP,CE,Federal Contract Tower,9,4,1,0,14,0,15,34,1,50,9,19,35,1,64,20,0,20,84
02/19/2023,FLG,AZ,AWP,CE,Federal Contract Tower,9,4,3,0,16,0,6,20,2,28,9,10,23,2,44,6,0,6,50
02/20/2023,FLG,AZ,AWP,CE,Federal Contract Tower,9,18,6,0,33,0,11,32,2,45,9,29,38,2,78,30,0,30,108
02/21/2023,FLG,AZ,AWP,CE,Federal Contract Tower,9,9,4,0,22,0,4,16,2,22,9,13,20,2,44,12,6,18,62
02/22/2023,FLG,AZ,AWP,CE,Federal Contract Tower,0,0,0,0,0,0,0,0,0,0,0,0,0,0,0,0,0,0,0
02/23/2023,FLG,AZ,AWP,CE,Federal Contract Tower,8,0,0,0,8,0,0,0,0,0,8,0,0,0,8,0,0,0,8
02/24/2023,FLG,AZ,AWP,CE,Federal Contract Tower,9,10,3,2,24,0,27,14,0,41,9,37,17,2,65,0,0,0,65
02/25/2023,FLG,AZ,AWP,CE,Federal Contract Tower,9,8,3,1,21,0,12,36,1,49,9,20,39,2,70,4,2,6,76
02/26/2023,FLG,AZ,AWP,CE,Federal Contract Tower,6,0,0,0,6,0,0,0,0,0,6,0,0,0,6,0,0,0,6
02/27/2023,FLG,AZ,AWP,CE,Federal Contract Tower,7,12,3,2,24,0,20,31,2,53,7,32,34,4,77,0,6,6,83
02/28/2023,FLG,AZ,AWP,CE,Federal Contract Tower,9,6,0,0,15,0,4,3,0,7,9,10,3,0,22,0,0,0,22
03/01/2023,FLG,AZ,AWP,CE,Federal Contract Tower,0,0,0,0,0,0,0,0,0,0,0,0,0,0,0,0,0,0,0
03/02/2023,FLG,AZ,AWP,CE,Federal Contract Tower,2,2,0,0,4,0,7,1,0,8,2,9,1,0,12,0,0,0,12
03/03/2023,FLG,AZ,AWP,CE,Federal Contract Tower,9,9,1,5,24,0,16,51,2,69,9,25,52,7,93,34,0,34,127
03/04/2023,FLG,AZ,AWP,CE,Federal Contract Tower,9,5,1,5,20,0,23,23,1,47,9,28,24,6,67,16,0,16,83
03/05/2023,FLG,AZ,AWP,CE,Federal Contract Tower,10,4,2,0,16,0,4,17,0,21,10,8,19,0,37,0,0,0,37
03/06/2023,FLG,AZ,AWP,CE,Federal Contract Tower,10,5,3,0,18,0,17,26,2,45,10,22,29,2,63,10,0,10,73
03/07/2023,FLG,AZ,AWP,CE,Federal Contract Tower,10,14,2,2,28,0,21,44,2,67,10,35,46,4,95,43,0,43,138
03/08/2023,FLG,AZ,AWP,CE,Federal Contract Tower,10,3,1,0,14,0,14,34,0,48,10,17,35,0,62,30,0,30,92
03/09/2023,FLG,AZ,AWP,CE,Federal Contract Tower,10,8,3,0,21,0,18,43,2,63,10,26,46,2,84,32,0,32,116
03/10/2023,FLG,AZ,AWP,CE,Federal Contract Tower,8,7,7,0,22,0,11,25,0,36,8,18,32,0,58,2,0,2,60
03/11/2023,FLG,AZ,AWP,CE,Federal Contract Tower,9,9,11,0,29,0,3,0,0,3,9,12,11,0,32,10,0,10,42
03/12/2023,FLG,AZ,AWP,CE,Federal Contract Tower,9,4,12,0,25,0,11,46,3,60,9,15,58,3,85,14,0,14,99
03/13/2023,FLG,AZ,AWP,CE,Federal Contract Tower,10,5,2,1,18,0,9,52,0,61,10,14,54,1,79,26,0,26,105
03/14/2023,FLG,AZ,AWP,CE,Federal Contract Tower,8,11,3,3,25,0,16,77,0,93,8,27,80,3,118,42,0,42,160
03/15/2023,FLG,AZ,AWP,CE,Federal Contract Tower,9,10,3,0,22,0,0,0,0,0,9,10,3,0,22,0,0,0,22
03/16/2023,FLG,AZ,AWP,CE,Federal Contract Tower,11,11,1,0,23,0,7,7,0,14,11,18,8,0,37,13,0,13,50
03/17/2023,FLG,AZ,AWP,CE,Federal Contract Tower,9,8,2,0,19,0,17,37,0,54,9,25,39,0,73,52,0,52,125
03/18/2023,FLG,AZ,AWP,CE,Federal Contract Tower,10,8,6,0,24,0,6,46,3,55,10,14,52,3,79,18,0,18,97
03/19/2023,FLG,AZ,AWP,CE,Federal Contract Tower,9,15,4,0,28,0,13,40,3,56,9,28,44,3,84,14,0,14,98
03/20/2023,FLG,AZ,AWP,CE,Federal Contract Tower,5,8,3,0,16,0,2,1,3,6,5,10,4,3,22,0,0,0,22
03/21/2023,FLG,AZ,AWP,CE,Federal Contract Tower,0,2,0,0,2,0,0,0,0,0,0,2,0,0,2,0,0,0,2
03/22/2023,FLG,AZ,AWP,CE,Federal Contract Tower,2,2,0,0,4,0,4,3,0,7,2,6,3,0,11,0,0,0,11
03/23/2023,FLG,AZ,AWP,CE,Federal Contract Tower,11,8,4,2,25,0,5,24,0,29,11,13,28,2,54,6,0,6,60
03/24/2023,FLG,AZ,AWP,CE,Federal Contract Tower,10,13,6,0,29,0,11,13,2,26,10,24,19,2,55,2,0,2,57
03/25/2023,FLG,AZ,AWP,CE,Federal Contract Tower,9,4,5,0,18,0,6,36,0,42,9,10,41,0,60,4,0,4,64
03/26/2023,FLG,AZ,AWP,CE,Federal Contract Tower,9,8,11,0,28,0,9,64,0,73,9,17,75,0,101,14,0,14,115
03/27/2023,FLG,AZ,AWP,CE,Federal Contract Tower,9,5,3,2,19,0,24,33,2,59,9,29,36,4,78,32,0,32,110
03/28/2023,FLG,AZ,AWP,CE,Federal Contract Tower,9,4,3,2,18,0,20,53,5,78,9,24,56,7,96,50,0,50,146
03/29/2023,FLG,AZ,AWP,CE,Federal Contract Tower,9,8,0,0,17,0,26,24,4,54,9,34,24,4,71,16,0,16,87
03/30/2023,FLG,AZ,AWP,CE,Federal Contract Tower,11,5,0,0,16,0,4,2,0,6,11,9,2,0,22,2,0,2,24
03/31/2023,FLG,AZ,AWP,CE,Federal Contract Tower,10,13,2,0,25,0,34,54,2,90,10,47,56,2,115,37,0,37,152
04/01/2023,FLG,AZ,AWP,CE,Federal Contract Tower,11,7,1,0,19,0,14,73,20,107,11,21,74,20,126,34,0,34,160
04/02/2023,FLG,AZ,AWP,CE,Federal Contract Tower,11,9,1,0,21,0,17,31,0,48,11,26,32,0,69,24,0,24,93
04/03/2023,FLG,AZ,AWP,CE,Federal Contract Tower,7,9,2,1,19,0,4,11,1,16,7,13,13,2,35,0,0,0,35
04/04/2023,FLG,AZ,AWP,CE,Federal Contract Tower,9,10,1,1,21,0,8,9,0,17,9,18,10,1,38,2,0,2,40
04/05/2023,FLG,AZ,AWP,CE,Federal Contract Tower,10,4,1,2,17,0,23,52,12,87,10,27,53,14,104,58,0,58,162
04/06/2023,FLG,AZ,AWP,CE,Federal Contract Tower,10,11,2,0,23,0,32,44,0,76,10,43,46,0,99,34,0,34,133
04/07/2023,FLG,AZ,AWP,CE,Federal Contract Tower,10,5,3,0,18,0,17,53,4,74,10,22,56,4,92,26,0,26,118
04/08/2023,FLG,AZ,AWP,CE,Federal Contract Tower,10,11,2,0,23,0,12,67,2,81,10,23,69,2,104,16,0,16,120
04/09/2023,FLG,AZ,AWP,CE,Federal Contract Tower,10,5,1,0,16,0,11,56,26,93,10,16,57,26,109,12,0,12,121
04/10/2023,FLG,AZ,AWP,CE,Federal Contract Tower,11,13,1,2,27,0,19,45,5,69,11,32,46,7,96,36,0,36,132
04/11/2023,FLG,AZ,AWP,CE,Federal Contract Tower,8,8,1,0,17,0,27,48,5,80,8,35,49,5,97,0,0,0,97
04/12/2023,FLG,AZ,AWP,CE,Federal Contract Tower,10,3,4,2,19,0,14,42,2,58,10,17,46,4,77,6,0,6,83
04/13/2023,FLG,AZ,AWP,CE,Federal Contract Tower,10,4,4,0,18,0,25,21,2,48,10,29,25,2,66,8,0,8,74
04/14/2023,FLG,AZ,AWP,CE,Federal Contract Tower,10,6,7,0,23,2,18,26,0,46,12,24,33,0,69,10,0,10,79
04/15/2023,FLG,AZ,AWP,CE,Federal Contract Tower,10,12,3,0,25,0,22,63,0,85,10,34,66,0,110,24,0,24,134
04/16/2023,FLG,AZ,AWP,CE,Federal Contract Tower,10,13,4,1,28,0,19,54,0,73,10,32,58,1,101,66,0,66,167
04/17/2023,FLG,AZ,AWP,CE,Federal Contract Tower,10,3,4,4,21,0,15,26,1,42,10,18,30,5,63,14,0,14,77
04/18/2023,FLG,AZ,AWP,CE,Federal Contract Tower,8,9,2,2,21,0,13,11,0,24,8,22,13,2,45,0,0,0,45
04/19/2023,FLG,AZ,AWP,CE,Federal Contract Tower,10,10,0,2,22,1,22,17,0,40,11,32,17,2,62,0,0,0,62
04/20/2023,FLG,AZ,AWP,CE,Federal Contract Tower,10,10,4,0,24,0,28,49,3,80,10,38,53,3,104,19,0,19,123
04/21/2023,FLG,AZ,AWP,CE,Federal Contract Tower,10,11,7,0,28,0,28,46,7,81,10,39,53,7,109,20,0,20,129
04/22/2023,FLG,AZ,AWP,CE,Federal Contract Tower,9,8,1,0,18,0,10,47,0,57,9,18,48,0,75,38,0,38,113
04/23/2023,FLG,AZ,AWP,CE,Federal Contract Tower,11,2,1,2,16,0,8,57,0,65,11,10,58,2,81,4,0,4,85
04/24/2023,FLG,AZ,AWP,CE,Federal Contract Tower,9,8,5,0,22,0,9,36,2,47,9,17,41,2,69,2,2,4,73
04/25/2023,FLG,AZ,AWP,CE,Federal Contract Tower,8,5,3,4,20,0,16,28,0,44,8,21,31,4,64,18,0,18,82
04/26/2023,FLG,AZ,AWP,CE,Federal Contract Tower,8,11,1,2,22,0,19,51,2,72,8,30,52,4,94,23,0,23,117
04/27/2023,FLG,AZ,AWP,CE,Federal Contract Tower,10,8,10,0,28,0,23,54,1,78,10,31,64,1,106,52,0,52,158
04/28/2023,FLG,AZ,AWP,CE,Federal Contract Tower,10,10,4,0,24,0,19,31,0,50,10,29,35,0,74,10,0,10,84
04/29/2023,FLG,AZ,AWP,CE,Federal Contract Tower,8,8,3,0,19,0,25,81,0,106,8,33,84,0,125,21,0,21,146
04/30/2023,FLG,AZ,AWP,CE,Federal Contract Tower,10,9,6,0,25,0,6,42,3,51,10,15,48,3,76,26,0,26,102
05/01/2023,FLG,AZ,AWP,CE,Federal Contract Tower,10,5,2,0,17,0,11,24,2,37,10,16,26,2,54,8,0,8,62
05/02/2023,FLG,AZ,AWP,CE,Federal Contract Tower,8,10,2,1,21,0,14,52,0,66,8,24,54,1,87,24,0,24,111
05/03/2023,FLG,AZ,AWP,CE,Federal Contract Tower,10,11,1,0,22,0,30,20,0,50,10,41,21,0,72,36,0,36,108
05/04/2023,FLG,AZ,AWP,CE,Federal Contract Tower,12,10,6,0,28,0,13,25,0,38,12,23,31,0,66,4,0,4,70
05/05/2023,FLG,AZ,AWP,CE,Federal Contract Tower,10,20,4,5,39,0,17,32,0,49,10,37,36,5,88,28,0,28,116
05/06/2023,FLG,AZ,AWP,CE,Federal Contract Tower,10,19,1,4,34,0,29,41,0,70,10,48,42,4,104,14,0,14,118
05/07/2023,FLG,AZ,AWP,CE,Federal Contract Tower,9,19,3,2,33,0,6,74,0,80,9,25,77,2,113,14,0,14,127
05/08/2023,FLG,AZ,AWP,CE,Federal Contract Tower,10,9,4,2,25,0,35,42,0,77,10,44,46,2,102,38,0,38,140
05/09/2023,FLG,AZ,AWP,CE,Federal Contract Tower,8,7,0,2,17,0,31,66,2,99,8,38,66,4,116,36,0,36,152
05/10/2023,FLG,AZ,AWP,CE,Federal Contract Tower,10,5,5,2,22,0,23,25,0,48,10,28,30,2,70,18,0,18,88
05/11/2023,FLG,AZ,AWP,CE,Federal Contract Tower,10,12,2,1,25,0,23,31,1,55,10,35,33,2,80,32,0,32,112
05/12/2023,FLG,AZ,AWP,CE,Federal Contract Tower,10,9,5,1,25,0,19,75,3,97,10,28,80,4,122,6,0,6,128
05/13/2023,FLG,AZ,AWP,CE,Federal Contract Tower,11,15,7,0,33,0,6,39,0,45,11,21,46,0,78,8,0,8,86
05/14/2023,FLG,AZ,AWP,CE,Federal Contract Tower,11,9,4,2,26,0,13,41,2,56,11,22,45,4,82,16,4,20,102
05/15/2023,FLG,AZ,AWP,CE,Federal Contract Tower,10,6,4,0,20,0,14,20,0,34,10,20,24,0,54,10,0,10,64
05/16/2023,FLG,AZ,AWP,CE,Federal Contract Tower,8,10,3,0,21,0,25,27,1,53,8,35,30,1,74,26,0,26,100
05/17/2023,FLG,AZ,AWP,CE,Federal Contract Tower,9,4,0,0,13,0,8,34,0,42,9,12,34,0,55,24,0,24,79
05/18/2023,FLG,AZ,AWP,CE,Federal Contract Tower,10,15,1,1,27,0,6,33,1,40,10,21,34,2,67,38,0,38,105
05/19/2023,FLG,AZ,AWP,CE,Federal Contract Tower,11,15,2,0,28,0,14,21,0,35,11,29,23,0,63,24,0,24,87
05/20/2023,FLG,AZ,AWP,CE,Federal Contract Tower,9,13,5,0,27,0,17,59,0,76,9,30,64,0,103,10,0,10,113
05/21/2023,FLG,AZ,AWP,CE,Federal Contract Tower,10,9,3,0,22,0,27,37,1,65,10,36,40,1,87,14,0,14,101
05/22/2023,FLG,AZ,AWP,CE,Federal Contract Tower,10,10,3,0,23,0,37,26,1,64,10,47,29,1,87,28,0,28,115
05/23/2023,FLG,AZ,AWP,CE,Federal Contract Tower,8,14,4,1,27,0,37,55,2,94,8,51,59,3,121,10,0,10,131
05/24/2023,FLG,AZ,AWP,CE,Federal Contract Tower,10,7,2,2,21,0,29,64,9,102,10,36,66,11,123,40,8,48,171
05/25/2023,FLG,AZ,AWP,CE,Federal Contract Tower,10,16,4,1,31,0,21,83,2,106,10,37,87,3,137,17,0,17,154
05/26/2023,FLG,AZ,AWP,CE,Federal Contract Tower,10,9,10,0,29,0,28,47,0,75,10,37,57,0,104,20,0,20,124
05/27/2023,FLG,AZ,AWP,CE,Federal Contract Tower,6,13,4,0,23,0,25,61,1,87,6,38,65,1,110,2,0,2,112
05/28/2023,FLG,AZ,AWP,CE,Federal Contract Tower,10,10,3,0,23,0,23,37,1,61,10,33,40,1,84,32,0,32,116
05/29/2023,FLG,AZ,AWP,CE,Federal Contract Tower,11,12,6,0,29,0,28,38,2,68,11,40,44,2,97,12,0,12,109
05/30/2023,FLG,AZ,AWP,CE,Federal Contract Tower,8,13,4,0,25,0,37,42,0,79,8,50,46,0,104,12,0,12,116
05/31/2023,FLG,AZ,AWP,CE,Federal Contract Tower,10,13,1,4,28,0,20,33,1,54,10,33,34,5,82,10,0,10,92
06/01/2023,FLG,AZ,AWP,CE,Federal Contract Tower,7,8,7,0,22,0,19,40,6,65,7,27,47,6,87,29,0,29,116
06/02/2023,FLG,AZ,AWP,CE,Federal Contract Tower,7,14,2,0,23,0,21,45,14,80,7,35,47,14,103,4,0,4,107
06/03/2023,FLG,AZ,AWP,CE,Federal Contract Tower,4,11,6,0,21,0,16,51,3,70,4,27,57,3,91,14,0,14,105
06/04/2023,FLG,AZ,AWP,CE,Federal Contract Tower,7,8,9,1,25,0,18,40,3,61,7,26,49,4,86,2,0,2,88
06/05/2023,FLG,AZ,AWP,CE,Federal Contract Tower,8,16,6,5,35,0,27,36,16,79,8,43,42,21,114,28,0,28,142
06/06/2023,FLG,AZ,AWP,CE,Federal Contract Tower,5,13,1,4,23,0,35,44,4,83,5,48,45,8,106,18,0,18,124
06/07/2023,FLG,AZ,AWP,CE,Federal Contract Tower,8,16,6,4,34,0,28,49,4,81,8,44,55,8,115,6,0,6,121
06/08/2023,FLG,AZ,AWP,CE,Federal Contract Tower,11,21,5,0,37,0,41,67,0,108,11,62,72,0,145,6,0,6,151
06/09/2023,FLG,AZ,AWP,CE,Federal Contract Tower,7,23,7,1,38,0,21,54,9,84,7,44,61,10,122,6,0,6,128
06/10/2023,FLG,AZ,AWP,CE,Federal Contract Tower,5,11,9,1,26,0,23,46,1,70,5,34,55,2,96,47,0,47,143
06/11/2023,FLG,AZ,AWP,CE,Federal Contract Tower,6,7,9,0,22,0,24,28,0,52,6,31,37,0,74,8,0,8,82
06/12/2023,FLG,AZ,AWP,CE,Federal Contract Tower,7,6,7,2,22,0,24,28,8,60,7,30,35,10,82,10,0,10,92
06/13/2023,FLG,AZ,AWP,CE,Federal Contract Tower,4,9,9,1,23,1,16,55,3,75,5,25,64,4,98,48,0,48,146
06/14/2023,FLG,AZ,AWP,CE,Federal Contract Tower,8,14,3,1,26,0,23,32,4,59,8,37,35,5,85,6,0,6,91
06/15/2023,FLG,AZ,AWP,CE,Federal Contract Tower,6,18,7,3,34,0,18,48,0,66,6,36,55,3,100,64,0,64,164
06/16/2023,FLG,AZ,AWP,CE,Federal Contract Tower,7,16,2,0,25,0,32,46,0,78,7,48,48,0,103,60,0,60,163
06/17/2023,FLG,AZ,AWP,CE,Federal Contract Tower,6,4,5,0,15,0,22,52,0,74,6,26,57,0,89,0,0,0,89
06/18/2023,FLG,AZ,AWP,CE,Federal Contract Tower,8,11,4,0,23,0,11,32,0,43,8,22,36,0,66,6,0,6,72
06/19/2023,FLG,AZ,AWP,CE,Federal Contract Tower,8,10,5,0,23,0,11,17,0,28,8,21,22,0,51,0,0,0,51
06/20/2023,FLG,AZ,AWP,CE,Federal Contract Tower,5,8,5,0,18,0,22,49,0,71,5,30,54,0,89,8,0,8,97
06/21/2023,FLG,AZ,AWP,CE,Federal Contract Tower,7,15,2,0,24,0,18,51,5,74,7,33,53,5,98,22,0,22,120
06/22/2023,FLG,AZ,AWP,CE,Federal Contract Tower,8,23,2,0,33,0,43,49,4,96,8,66,51,4,129,0,0,0,129
06/23/2023,FLG,AZ,AWP,CE,Federal Contract Tower,7,13,2,0,22,0,20,44,4,68,7,33,46,4,90,0,0,0,90
06/24/2023,FLG,AZ,AWP,CE,Federal Contract Tower,5,8,3,0,16,0,17,51,0,68,5,25,54,0,84,74,0,74,158
06/25/2023,FLG,AZ,AWP,CE,Federal Contract Tower,7,13,5,2,27,0,16,39,2,57,7,29,44,4,84,2,0,2,86
06/26/2023,FLG,AZ,AWP,CE,Federal Contract Tower,7,20,5,0,32,0,13,26,0,39,7,33,31,0,71,12,0,12,83
06/27/2023,FLG,AZ,AWP,CE,Federal Contract Tower,5,16,1,0,22,0,21,23,0,44,5,37,24,0,66,18,0,18,84
06/28/2023,FLG,AZ,AWP,CE,Federal Contract Tower,8,11,4,0,23,0,18,35,3,56,8,29,39,3,79,0,0,0,79
06/29/2023,FLG,AZ,AWP,CE,Federal Contract Tower,6,16,3,0,25,0,30,57,5,92,6,46,60,5,117,14,0,14,131
06/30/2023,FLG,AZ,AWP,CE,Federal Contract Tower,7,13,7,2,29,0,34,62,4,100,7,47,69,6,129,31,0,31,160
07/01/2023,FLG,AZ,AWP,CE,Federal Contract Tower,4,15,5,0,24,0,15,43,0,58,4,30,48,0,82,0,0,0,82
07/02/2023,FLG,AZ,AWP,CE,Federal Contract Tower,7,3,3,0,13,0,19,37,0,56,7,22,40,0,69,10,0,10,79
07/03/2023,FLG,AZ,AWP,CE,Federal Contract Tower,6,5,2,0,13,0,5,43,0,48,6,10,45,0,61,18,0,18,79
07/04/2023,FLG,AZ,AWP,CE,Federal Contract Tower,3,10,2,0,15,0,15,32,0,47,3,25,34,0,62,4,0,4,66
07/05/2023,FLG,AZ,AWP,CE,Federal Contract Tower,7,18,0,0,25,0,23,34,4,61,7,41,34,4,86,16,2,18,104
07/06/2023,FLG,AZ,AWP,CE,Federal Contract Tower,7,18,0,3,28,0,23,32,0,55,7,41,32,3,83,26,0,26,109
07/07/2023,FLG,AZ,AWP,CE,Federal Contract Tower,5,7,10,2,24,0,32,43,0,75,5,39,53,2,99,24,0,24,123
07/08/2023,FLG,AZ,AWP,CE,Federal Contract Tower,6,14,4,0,24,0,12,56,1,69,6,26,60,1,93,6,0,6,99
07/09/2023,FLG,AZ,AWP,CE,Federal Contract Tower,0,9,12,0,21,0,8,51,0,59,0,17,63,0,80,8,0,8,88
07/10/2023,FLG,AZ,AWP,CE,Federal Contract Tower,0,0,0,0,0,0,23,3,2,28,0,23,3,2,28,0,0,0,28
07/11/2023,FLG,AZ,AWP,CE,Federal Contract Tower,0,0,0,0,0,0,25,1,0,26,0,25,1,0,26,0,0,0,26
07/12/2023,FLG,AZ,AWP,CE,Federal Contract Tower,0,0,0,0,0,0,25,0,0,25,0,25,0,0,25,0,0,0,25
07/13/2023,FLG,AZ,AWP,CE,Federal Contract Tower,0,0,0,0,0,0,18,0,0,18,0,18,0,0,18,0,0,0,18
07/14/2023,FLG,AZ,AWP,CE,Federal Contract Tower,0,0,0,0,0,0,7,0,0,7,0,7,0,0,7,0,0,0,7
07/15/2023,FLG,AZ,AWP,CE,Federal Contract Tower,0,0,0,0,0,0,24,0,0,24,0,24,0,0,24,0,0,0,24
07/16/2023,FLG,AZ,AWP,CE,Federal Contract Tower,4,10,6,0,20,0,9,31,0,40,4,19,37,0,60,14,0,14,74
07/17/2023,FLG,AZ,AWP,CE,Federal Contract Tower,8,15,12,0,35,0,27,43,3,73,8,42,55,3,108,30,0,30,138
07/18/2023,FLG,AZ,AWP,CE,Federal Contract Tower,6,27,2,4,39,0,21,49,4,74,6,48,51,8,113,28,0,28,141
07/19/2023,FLG,AZ,AWP,CE,Federal Contract Tower,6,11,4,2,23,0,18,49,2,69,6,29,53,4,92,36,0,36,128
07/20/2023,FLG,AZ,AWP,CE,Federal Contract Tower,9,19,1,0,29,0,36,33,4,73,9,55,34,4,102,30,0,30,132
07/21/2023,FLG,AZ,AWP,CE,Federal Contract Tower,7,12,2,0,21,0,25,24,4,53,7,37,26,4,74,8,0,8,82
07/22/2023,FLG,AZ,AWP,CE,Federal Contract Tower,8,6,0,0,14,0,24,31,0,55,8,30,31,0,69,2,0,2,71
07/23/2023,FLG,AZ,AWP,CE,Federal Contract Tower,7,14,0,0,21,0,12,17,0,29,7,26,17,0,50,0,0,0,50
07/24/2023,FLG,AZ,AWP,CE,Federal Contract Tower,7,13,2,0,22,0,8,24,0,32,7,21,26,0,54,36,0,36,90
07/25/2023,FLG,AZ,AWP,CE,Federal Contract Tower,4,22,2,0,28,0,34,19,1,54,4,56,21,1,82,23,0,23,105
07/26/2023,FLG,AZ,AWP,CE,Federal Contract Tower,6,11,2,2,21,0,21,26,1,48,6,32,28,3,69,42,0,42,111
07/27/2023,FLG,AZ,AWP,CE,Federal Contract Tower,7,16,8,0,31,0,15,43,1,59,7,31,51,1,90,16,0,16,106
07/28/2023,FLG,AZ,AWP,CE,Federal Contract Tower,7,14,6,0,27,0,31,30,0,61,7,45,36,0,88,2,0,2,90
07/29/2023,FLG,AZ,AWP,CE,Federal Contract Tower,7,8,7,0,22,0,11,37,2,50,7,19,44,2,72,4,0,4,76
07/30/2023,FLG,AZ,AWP,CE,Federal Contract Tower,7,10,5,0,22,0,10,28,0,38,7,20,33,0,60,16,0,16,76
07/31/2023,FLG,AZ,AWP,CE,Federal Contract Tower,7,8,1,0,16,0,9,24,0,33,7,17,25,0,49,12,0,12,61
08/01/2023,FLG,AZ,AWP,CE,Federal Contract Tower,3,9,3,0,15,0,9,22,0,31,3,18,25,0,46,18,0,18,64
08/02/2023,FLG,AZ,AWP,CE,Federal Contract Tower,1,7,1,0,9,0,8,12,0,20,1,15,13,0,29,0,0,0,29
08/03/2023,FLG,AZ,AWP,CE,Federal Contract Tower,6,13,1,3,23,0,30,41,4,75,6,43,42,7,98,18,0,18,116
08/04/2023,FLG,AZ,AWP,CE,Federal Contract Tower,7,13,1,1,22,0,43,45,1,89,7,56,46,2,111,26,0,26,137
08/05/2023,FLG,AZ,AWP,CE,Federal Contract Tower,4,9,2,0,15,0,27,22,0,49,4,36,24,0,64,0,0,0,64
08/06/2023,FLG,AZ,AWP,CE,Federal Contract Tower,3,10,4,0,17,0,15,34,0,49,3,25,38,0,66,8,0,8,74
08/07/2023,FLG,AZ,AWP,CE,Federal Contract Tower,7,13,1,0,21,0,31,21,1,53,7,44,22,1,74,18,0,18,92
08/08/2023,FLG,AZ,AWP,CE,Federal Contract Tower,7,21,2,1,31,0,18,23,3,44,7,39,25,4,75,12,0,12,87
08/09/2023,FLG,AZ,AWP,CE,Federal Contract Tower,7,8,2,4,21,0,26,23,2,51,7,34,25,6,72,18,0,18,90
08/10/2023,FLG,AZ,AWP,CE,Federal Contract Tower,7,9,6,0,22,0,23,53,1,77,7,32,59,1,99,28,0,28,127
08/11/2023,FLG,AZ,AWP,CE,Federal Contract Tower,6,13,4,0,23,0,35,62,3,100,6,48,66,3,123,59,0,59,182
08/12/2023,FLG,AZ,AWP,CE,Federal Contract Tower,4,10,1,0,15,0,3,22,0,25,4,13,23,0,40,14,0,14,54
08/13/2023,FLG,AZ,AWP,CE,Federal Contract Tower,4,17,1,0,22,0,6,28,0,34,4,23,29,0,56,6,0,6,62
08/14/2023,FLG,AZ,AWP,CE,Federal Contract Tower,7,12,2,1,22,0,15,28,3,46,7,27,30,4,68,28,0,28,96
08/15/2023,FLG,AZ,AWP,CE,Federal Contract Tower,7,15,1,6,29,0,19,31,2,52,7,34,32,8,81,68,0,68,149
08/16/2023,FLG,AZ,AWP,CE,Federal Contract Tower,7,7,1,0,15,0,26,35,12,73,7,33,36,12,88,24,0,24,112
08/17/2023,FLG,AZ,AWP,CE,Federal Contract Tower,7,16,2,0,25,0,20,35,0,55,7,36,37,0,80,4,0,4,84
08/18/2023,FLG,AZ,AWP,CE,Federal Contract Tower,6,20,0,0,26,0,24,39,7,70,6,44,39,7,96,6,0,6,102
08/19/2023,FLG,AZ,AWP,CE,Federal Contract Tower,2,9,4,1,16,0,3,16,3,22,2,12,20,4,38,4,0,4,42
08/20/2023,FLG,AZ,AWP,CE,Federal Contract Tower,3,17,1,0,21,0,2,17,1,20,3,19,18,1,41,30,0,30,71
08/21/2023,FLG,AZ,AWP,CE,Federal Contract Tower,5,10,4,0,19,0,10,9,1,20,5,20,13,1,39,20,0,20,59
08/22/2023,FLG,AZ,AWP,CE,Federal Contract Tower,6,8,0,0,14,0,26,33,6,65,6,34,33,6,79,24,0,24,103
08/23/2023,FLG,AZ,AWP,CE,Federal Contract Tower,7,16,4,0,27,0,16,40,2,58,7,32,44,2,85,10,0,10,95
08/24/2023,FLG,AZ,AWP,CE,Federal Contract Tower,2,9,4,0,15,0,1,3,0,4,2,10,7,0,19,4,0,4,23
08/25/2023,FLG,AZ,AWP,CE,Federal Contract Tower,6,12,1,3,22,0,16,83,7,106,6,28,84,10,128,46,8,54,182
08/26/2023,FLG,AZ,AWP,CE,Federal Contract Tower,5,8,0,1,14,0,32,216,3,251,5,40,216,4,265,14,0,14,279
08/27/2023,FLG,AZ,AWP,CE,Federal Contract Tower,2,3,1,0,6,0,3,42,3,48,2,6,43,3,54,36,0,36,90
08/28/2023,FLG,AZ,AWP,CE,Federal Contract Tower,7,22,0,3,32,0,23,38,18,79,7,45,38,21,111,36,6,42,153
08/29/2023,FLG,AZ,AWP,CE,Federal Contract Tower,6,3,5,0,14,0,28,66,5,99,6,31,71,5,113,28,0,28,141
08/30/2023,FLG,AZ,AWP,CE,Federal Contract Tower,6,16,4,2,28,0,32,40,2,74,6,48,44,4,102,28,0,28,130
08/31/2023,FLG,AZ,AWP,CE,Federal Contract Tower,2,10,3,0,15,0,16,32,0,48,2,26,35,0,63,40,0,40,103
