01/01/2020,FLL,FL,ASO,ES,Towers with Radar,801,83,69,0,953,0,32,12,1,45,801,115,81,1,998,0,0,0,998
01/02/2020,FLL,FL,ASO,ES,Towers with Radar,854,135,113,0,1102,0,31,18,4,53,854,166,131,4,1155,0,0,0,1155
01/03/2020,FLL,FL,ASO,ES,Towers with Radar,861,159,101,0,1121,0,8,23,2,33,861,167,124,2,1154,0,0,0,1154
01/04/2020,FLL,FL,ASO,ES,Towers with Radar,848,153,101,2,1104,0,16,12,0,28,848,169,113,2,1132,0,0,0,1132
01/05/2020,FLL,FL,ASO,ES,Towers with Radar,874,138,115,2,1129,0,13,19,1,33,874,151,134,3,1162,0,0,0,1162
01/06/2020,FLL,FL,ASO,ES,Towers with Radar,827,89,58,0,974,0,2,19,8,29,827,91,77,8,1003,0,0,0,1003
01/07/2020,FLL,FL,ASO,ES,Towers with Radar,778,75,62,0,915,0,13,26,0,39,778,88,88,0,954,0,0,0,954
01/08/2020,FLL,FL,ASO,ES,Towers with Radar,751,64,52,0,867,0,8,29,2,39,751,72,81,2,906,0,0,0,906
01/09/2020,FLL,FL,ASO,ES,Towers with Radar,809,89,77,0,975,0,9,12,2,23,809,98,89,2,998,0,0,0,998
01/10/2020,FLL,FL,ASO,ES,Towers with Radar,789,102,64,1,956,0,5,16,0,21,789,107,80,1,977,0,0,0,977
01/11/2020,FLL,FL,ASO,ES,Towers with Radar,795,81,51,0,927,0,2,7,0,9,795,83,58,0,936,0,0,0,936
01/12/2020,FLL,FL,ASO,ES,Towers with Radar,797,71,52,0,920,0,5,6,0,11,797,76,58,0,931,0,0,0,931
01/13/2020,FLL,FL,ASO,ES,Towers with Radar,785,78,54,0,917,0,4,12,2,18,785,82,66,2,935,0,0,0,935
01/14/2020,FLL,FL,ASO,ES,Towers with Radar,710,73,52,2,837,0,16,13,1,30,710,89,65,3,867,0,0,0,867
01/15/2020,FLL,FL,ASO,ES,Towers with Radar,719,66,57,3,845,0,17,10,0,27,719,83,67,3,872,0,0,0,872
01/16/2020,FLL,FL,ASO,ES,Towers with Radar,779,98,61,2,940,0,14,19,0,33,779,112,80,2,973,0,0,0,973
01/17/2020,FLL,FL,ASO,ES,Towers with Radar,800,100,72,1,973,0,19,17,0,36,800,119,89,1,1009,0,0,0,1009
01/18/2020,FLL,FL,ASO,ES,Towers with Radar,783,93,49,1,926,0,8,11,0,19,783,101,60,1,945,0,0,0,945
01/19/2020,FLL,FL,ASO,ES,Towers with Radar,793,87,43,0,923,0,12,16,0,28,793,99,59,0,951,0,0,0,951
01/20/2020,FLL,FL,ASO,ES,Towers with Radar,785,74,86,0,945,0,14,10,2,26,785,88,96,2,971,0,0,0,971
01/21/2020,FLL,FL,ASO,ES,Towers with Radar,713,73,36,0,822,0,4,15,0,19,713,77,51,0,841,0,0,0,841
01/22/2020,FLL,FL,ASO,ES,Towers with Radar,713,84,53,1,851,0,12,8,1,21,713,96,61,2,872,0,0,0,872
01/23/2020,FLL,FL,ASO,ES,Towers with Radar,804,106,76,2,988,0,5,17,0,22,804,111,93,2,1010,0,0,0,1010
01/24/2020,FLL,FL,ASO,ES,Towers with Radar,787,83,76,1,947,0,17,16,2,35,787,100,92,3,982,0,0,0,982
01/25/2020,FLL,FL,ASO,ES,Towers with Radar,785,73,52,0,910,0,6,12,0,18,785,79,64,0,928,0,0,0,928
01/26/2020,FLL,FL,ASO,ES,Towers with Radar,796,82,55,2,935,0,12,23,0,35,796,94,78,2,970,0,0,0,970
01/27/2020,FLL,FL,ASO,ES,Towers with Radar,785,83,62,2,932,0,10,14,2,26,785,93,76,4,958,0,0,0,958
01/28/2020,FLL,FL,ASO,ES,Towers with Radar,712,88,59,1,860,0,12,22,2,36,712,100,81,3,896,0,0,0,896
01/29/2020,FLL,FL,ASO,ES,Towers with Radar,707,80,56,1,844,0,6,10,2,18,707,86,66,3,862,0,0,0,862
01/30/2020,FLL,FL,ASO,ES,Towers with Radar,801,92,84,2,979,0,7,10,4,21,801,99,94,6,1000,0,0,0,1000
01/31/2020,FLL,FL,ASO,ES,Towers with Radar,812,101,84,0,997,0,8,14,2,24,812,109,98,2,1021,0,0,0,1021
02/01/2020,FLL,FL,ASO,ES,Towers with Radar,839,76,60,0,975,0,1,7,0,8,839,77,67,0,983,0,0,0,983
02/02/2020,FLL,FL,ASO,ES,Towers with Radar,797,76,52,0,925,0,6,5,0,11,797,82,57,0,936,0,0,0,936
02/03/2020,FLL,FL,ASO,ES,Towers with Radar,802,104,123,2,1031,0,10,9,0,19,802,114,132,2,1050,0,0,0,1050
02/04/2020,FLL,FL,ASO,ES,Towers with Radar,711,109,78,2,900,0,4,27,4,35,711,113,105,6,935,0,0,0,935
02/05/2020,FLL,FL,ASO,ES,Towers with Radar,705,85,62,0,852,0,10,15,0,25,705,95,77,0,877,0,0,0,877
02/06/2020,FLL,FL,ASO,ES,Towers with Radar,764,89,59,2,914,0,9,8,0,17,764,98,67,2,931,0,0,0,931
02/07/2020,FLL,FL,ASO,ES,Towers with Radar,803,93,69,2,967,0,12,12,0,24,803,105,81,2,991,0,0,0,991
02/08/2020,FLL,FL,ASO,ES,Towers with Radar,829,65,46,0,940,0,6,14,0,20,829,71,60,0,960,0,0,0,960
02/09/2020,FLL,FL,ASO,ES,Towers with Radar,796,99,49,2,946,0,14,14,0,28,796,113,63,2,974,0,0,0,974
02/10/2020,FLL,FL,ASO,ES,Towers with Radar,771,82,58,0,911,0,6,8,2,16,771,88,66,2,927,0,0,0,927
02/11/2020,FLL,FL,ASO,ES,Towers with Radar,713,86,62,4,865,0,7,14,0,21,713,93,76,4,886,0,0,0,886
02/12/2020,FLL,FL,ASO,ES,Towers with Radar,722,84,64,0,870,0,10,24,0,34,722,94,88,0,904,0,0,0,904
02/13/2020,FLL,FL,ASO,ES,Towers with Radar,787,107,76,0,970,0,11,21,8,40,787,118,97,8,1010,0,0,0,1010
02/14/2020,FLL,FL,ASO,ES,Towers with Radar,797,112,77,0,986,0,24,11,0,35,797,136,88,0,1021,0,0,0,1021
02/15/2020,FLL,FL,ASO,ES,Towers with Radar,853,101,74,0,1028,0,5,10,0,15,853,106,84,0,1043,0,0,0,1043
02/16/2020,FLL,FL,ASO,ES,Towers with Radar,821,122,80,0,1023,0,15,10,0,25,821,137,90,0,1048,0,0,0,1048
02/17/2020,FLL,FL,ASO,ES,Towers with Radar,785,80,98,0,963,0,27,19,0,46,785,107,117,0,1009,0,0,0,1009
02/18/2020,FLL,FL,ASO,ES,Towers with Radar,758,79,60,1,898,0,16,18,2,36,758,95,78,3,934,0,0,0,934
02/19/2020,FLL,FL,ASO,ES,Towers with Radar,757,87,60,3,907,0,21,16,2,39,757,108,76,5,946,0,0,0,946
02/20/2020,FLL,FL,ASO,ES,Towers with Radar,792,91,54,1,938,0,25,14,3,42,792,116,68,4,980,0,0,0,980
02/21/2020,FLL,FL,ASO,ES,Towers with Radar,810,96,110,2,1018,0,9,5,0,14,810,105,115,2,1032,0,0,0,1032
02/22/2020,FLL,FL,ASO,ES,Towers with Radar,848,76,68,1,993,0,4,17,0,21,848,80,85,1,1014,0,0,0,1014
02/23/2020,FLL,FL,ASO,ES,Towers with Radar,822,98,76,2,998,0,11,5,0,16,822,109,81,2,1014,0,0,0,1014
02/24/2020,FLL,FL,ASO,ES,Towers with Radar,784,64,60,1,909,0,15,26,3,44,784,79,86,4,953,0,0,0,953
02/25/2020,FLL,FL,ASO,ES,Towers with Radar,753,78,61,1,893,0,13,20,0,33,753,91,81,1,926,0,0,0,926
02/26/2020,FLL,FL,ASO,ES,Towers with Radar,748,89,75,0,912,0,8,9,0,17,748,97,84,0,929,0,0,0,929
02/27/2020,FLL,FL,ASO,ES,Towers with Radar,801,90,76,1,968,0,16,20,2,38,801,106,96,3,1006,0,0,0,1006
02/28/2020,FLL,FL,ASO,ES,Towers with Radar,797,93,81,1,972,0,17,15,4,36,797,110,96,5,1008,0,0,0,1008
02/29/2020,FLL,FL,ASO,ES,Towers with Radar,844,74,58,1,977,1,11,11,2,25,845,85,69,3,1002,0,0,0,1002
03/01/2020,FLL,FL,ASO,ES,Towers with Radar,813,87,93,0,993,0,7,17,0,24,813,94,110,0,1017,0,0,0,1017
03/02/2020,FLL,FL,ASO,ES,Towers with Radar,788,75,62,4,929,0,16,18,2,36,788,91,80,6,965,0,0,0,965
03/03/2020,FLL,FL,ASO,ES,Towers with Radar,763,99,73,1,936,0,10,14,1,25,763,109,87,2,961,0,0,0,961
03/04/2020,FLL,FL,ASO,ES,Towers with Radar,764,89,55,0,908,0,14,20,0,34,764,103,75,0,942,0,0,0,942
03/05/2020,FLL,FL,ASO,ES,Towers with Radar,804,96,59,0,959,0,9,14,0,23,804,105,73,0,982,0,0,0,982
03/06/2020,FLL,FL,ASO,ES,Towers with Radar,807,109,49,3,968,0,18,13,0,31,807,127,62,3,999,0,0,0,999
03/07/2020,FLL,FL,ASO,ES,Towers with Radar,867,107,65,3,1042,0,13,31,1,45,867,120,96,4,1087,0,0,0,1087
03/08/2020,FLL,FL,ASO,ES,Towers with Radar,845,115,85,0,1045,0,19,10,0,29,845,134,95,0,1074,0,0,0,1074
03/09/2020,FLL,FL,ASO,ES,Towers with Radar,797,92,65,1,955,0,16,17,0,33,797,108,82,1,988,0,0,0,988
03/10/2020,FLL,FL,ASO,ES,Towers with Radar,784,95,55,3,937,0,11,19,0,30,784,106,74,3,967,0,0,0,967
03/11/2020,FLL,FL,ASO,ES,Towers with Radar,771,97,55,0,923,0,6,27,0,33,771,103,82,0,956,0,0,0,956
03/12/2020,FLL,FL,ASO,ES,Towers with Radar,820,101,73,2,996,0,19,9,1,29,820,120,82,3,1025,0,0,0,1025
03/13/2020,FLL,FL,ASO,ES,Towers with Radar,796,106,93,0,995,0,13,19,2,34,796,119,112,2,1029,0,0,0,1029
03/14/2020,FLL,FL,ASO,ES,Towers with Radar,874,91,93,0,1058,0,5,12,0,17,874,96,105,0,1075,0,0,0,1075
03/15/2020,FLL,FL,ASO,ES,Towers with Radar,848,100,100,1,1049,0,9,14,0,23,848,109,114,1,1072,0,0,0,1072
03/16/2020,FLL,FL,ASO,ES,Towers with Radar,793,104,79,0,976,0,23,13,0,36,793,127,92,0,1012,0,0,0,1012
03/17/2020,FLL,FL,ASO,ES,Towers with Radar,758,71,57,0,886,0,6,13,0,19,758,77,70,0,905,0,0,0,905
03/18/2020,FLL,FL,ASO,ES,Towers with Radar,724,81,56,0,861,0,8,12,1,21,724,89,68,1,882,0,0,0,882
03/19/2020,FLL,FL,ASO,ES,Towers with Radar,713,84,59,0,856,0,9,23,2,34,713,93,82,2,890,0,0,0,890
03/20/2020,FLL,FL,ASO,ES,Towers with Radar,710,88,49,2,849,0,7,22,4,33,710,95,71,6,882,0,0,0,882
03/21/2020,FLL,FL,ASO,ES,Towers with Radar,705,80,39,0,824,0,4,14,0,18,705,84,53,0,842,0,0,0,842
03/22/2020,FLL,FL,ASO,ES,Towers with Radar,665,69,19,0,753,0,1,9,0,10,665,70,28,0,763,0,0,0,763
03/23/2020,FLL,FL,ASO,ES,Towers with Radar,528,67,14,0,609,0,2,10,0,12,528,69,24,0,621,0,0,0,621
03/24/2020,FLL,FL,ASO,ES,Towers with Radar,499,51,23,0,573,0,8,12,0,20,499,59,35,0,593,0,0,0,593
03/25/2020,FLL,FL,ASO,ES,Towers with Radar,479,22,12,0,513,0,9,14,2,25,479,31,26,2,538,0,0,0,538
03/26/2020,FLL,FL,ASO,ES,Towers with Radar,415,38,14,0,467,0,3,12,4,19,415,41,26,4,486,0,0,0,486
03/27/2020,FLL,FL,ASO,ES,Towers with Radar,368,37,13,0,418,0,10,8,2,20,368,47,21,2,438,0,0,0,438
03/28/2020,FLL,FL,ASO,ES,Towers with Radar,383,32,11,0,426,0,1,5,0,6,383,33,16,0,432,0,0,0,432
03/29/2020,FLL,FL,ASO,ES,Towers with Radar,350,26,3,0,379,0,0,3,0,3,350,26,6,0,382,0,0,0,382
03/30/2020,FLL,FL,ASO,ES,Towers with Radar,309,25,12,2,348,0,0,14,2,16,309,25,26,4,364,0,0,0,364
03/31/2020,FLL,FL,ASO,ES,Towers with Radar,309,35,13,0,357,0,2,2,5,9,309,37,15,5,366,0,0,0,366
04/01/2020,FLL,FL,ASO,ES,Towers with Radar,272,28,11,2,313,0,3,5,0,8,272,31,16,2,321,0,0,0,321
04/02/2020,FLL,FL,ASO,ES,Towers with Radar,278,29,24,0,331,0,6,4,0,10,278,35,28,0,341,0,0,0,341
04/03/2020,FLL,FL,ASO,ES,Towers with Radar,275,33,23,0,331,0,5,13,0,18,275,38,36,0,349,0,0,0,349
04/04/2020,FLL,FL,ASO,ES,Towers with Radar,277,28,14,0,319,0,0,6,0,6,277,28,20,0,325,0,0,0,325
04/05/2020,FLL,FL,ASO,ES,Towers with Radar,281,17,8,0,306,0,0,1,0,1,281,17,9,0,307,0,0,0,307
04/06/2020,FLL,FL,ASO,ES,Towers with Radar,268,19,15,0,302,0,4,19,0,23,268,23,34,0,325,0,0,0,325
04/07/2020,FLL,FL,ASO,ES,Towers with Radar,251,15,10,2,278,0,5,16,0,21,251,20,26,2,299,0,0,0,299
04/08/2020,FLL,FL,ASO,ES,Towers with Radar,179,20,19,0,218,0,2,10,0,12,179,22,29,0,230,0,0,0,230
04/09/2020,FLL,FL,ASO,ES,Towers with Radar,187,17,12,2,218,0,3,4,0,7,187,20,16,2,225,0,0,0,225
04/10/2020,FLL,FL,ASO,ES,Towers with Radar,201,21,8,0,230,0,0,3,0,3,201,21,11,0,233,0,0,0,233
04/11/2020,FLL,FL,ASO,ES,Towers with Radar,182,12,5,0,199,0,0,1,0,1,182,12,6,0,200,0,0,0,200
04/12/2020,FLL,FL,ASO,ES,Towers with Radar,157,7,4,0,168,0,0,0,0,0,157,7,4,0,168,0,0,0,168
04/13/2020,FLL,FL,ASO,ES,Towers with Radar,158,9,5,0,172,0,0,5,2,7,158,9,10,2,179,0,0,0,179
04/14/2020,FLL,FL,ASO,ES,Towers with Radar,136,14,15,2,167,0,2,10,0,12,136,16,25,2,179,0,0,0,179
04/15/2020,FLL,FL,ASO,ES,Towers with Radar,111,9,14,1,135,0,4,11,0,15,111,13,25,1,150,0,0,0,150
04/16/2020,FLL,FL,ASO,ES,Towers with Radar,115,17,15,2,149,0,0,7,0,7,115,17,22,2,156,0,0,0,156
04/17/2020,FLL,FL,ASO,ES,Towers with Radar,117,20,13,0,150,0,2,3,0,5,117,22,16,0,155,0,0,0,155
04/18/2020,FLL,FL,ASO,ES,Towers with Radar,134,13,11,0,158,0,0,16,0,16,134,13,27,0,174,0,0,0,174
04/19/2020,FLL,FL,ASO,ES,Towers with Radar,106,11,6,2,125,0,0,8,2,10,106,11,14,4,135,0,0,0,135
04/20/2020,FLL,FL,ASO,ES,Towers with Radar,90,12,13,3,118,0,4,1,0,5,90,16,14,3,123,0,0,0,123
04/21/2020,FLL,FL,ASO,ES,Towers with Radar,100,13,12,0,125,0,2,8,0,10,100,15,20,0,135,0,0,0,135
04/22/2020,FLL,FL,ASO,ES,Towers with Radar,114,22,14,3,153,0,1,10,3,14,114,23,24,6,167,0,0,0,167
04/23/2020,FLL,FL,ASO,ES,Towers with Radar,122,30,17,2,171,0,2,17,0,19,122,32,34,2,190,0,0,0,190
04/24/2020,FLL,FL,ASO,ES,Towers with Radar,106,31,9,0,146,0,2,14,0,16,106,33,23,0,162,0,0,0,162
04/25/2020,FLL,FL,ASO,ES,Towers with Radar,111,13,14,0,138,0,0,8,0,8,111,13,22,0,146,0,0,0,146
04/26/2020,FLL,FL,ASO,ES,Towers with Radar,95,8,10,0,113,0,2,8,2,12,95,10,18,2,125,0,0,0,125
04/27/2020,FLL,FL,ASO,ES,Towers with Radar,104,23,20,2,149,0,0,16,0,16,104,23,36,2,165,0,0,0,165
04/28/2020,FLL,FL,ASO,ES,Towers with Radar,102,20,28,0,150,0,2,9,0,11,102,22,37,0,161,0,0,0,161
04/29/2020,FLL,FL,ASO,ES,Towers with Radar,116,24,30,0,170,0,2,14,2,18,116,26,44,2,188,0,0,0,188
04/30/2020,FLL,FL,ASO,ES,Towers with Radar,135,30,17,2,184,0,0,9,1,10,135,30,26,3,194,0,0,0,194
05/01/2020,FLL,FL,ASO,ES,Towers with Radar,119,21,40,2,182,0,9,26,0,35,119,30,66,2,217,0,0,0,217
05/02/2020,FLL,FL,ASO,ES,Towers with Radar,115,13,9,2,139,0,2,18,0,20,115,15,27,2,159,0,0,0,159
05/03/2020,FLL,FL,ASO,ES,Towers with Radar,113,20,18,0,151,0,0,12,0,12,113,20,30,0,163,0,0,0,163
05/04/2020,FLL,FL,ASO,ES,Towers with Radar,122,30,22,0,174,2,2,12,0,16,124,32,34,0,190,0,0,0,190
05/05/2020,FLL,FL,ASO,ES,Towers with Radar,106,22,23,0,151,0,4,19,0,23,106,26,42,0,174,0,0,0,174
05/06/2020,FLL,FL,ASO,ES,Towers with Radar,106,18,46,2,172,0,8,25,2,35,106,26,71,4,207,0,0,0,207
05/07/2020,FLL,FL,ASO,ES,Towers with Radar,130,36,38,2,206,0,8,21,0,29,130,44,59,2,235,0,0,0,235
05/08/2020,FLL,FL,ASO,ES,Towers with Radar,126,35,28,2,191,0,8,17,1,26,126,43,45,3,217,0,0,0,217
05/09/2020,FLL,FL,ASO,ES,Towers with Radar,102,21,29,0,152,0,4,7,0,11,102,25,36,0,163,0,0,0,163
05/10/2020,FLL,FL,ASO,ES,Towers with Radar,114,10,18,0,142,0,0,4,0,4,114,10,22,0,146,0,0,0,146
05/11/2020,FLL,FL,ASO,ES,Towers with Radar,111,22,34,0,167,0,3,10,0,13,111,25,44,0,180,0,0,0,180
05/12/2020,FLL,FL,ASO,ES,Towers with Radar,103,20,25,0,148,0,1,4,0,5,103,21,29,0,153,0,0,0,153
05/13/2020,FLL,FL,ASO,ES,Towers with Radar,105,25,25,0,155,0,4,18,2,24,105,29,43,2,179,0,0,0,179
05/14/2020,FLL,FL,ASO,ES,Towers with Radar,137,41,46,0,224,0,2,2,0,4,137,43,48,0,228,0,0,0,228
05/15/2020,FLL,FL,ASO,ES,Towers with Radar,116,34,18,0,168,0,1,5,0,6,116,35,23,0,174,0,0,0,174
05/16/2020,FLL,FL,ASO,ES,Towers with Radar,102,17,21,2,142,0,1,4,0,5,102,18,25,2,147,0,0,0,147
05/17/2020,FLL,FL,ASO,ES,Towers with Radar,119,23,23,0,165,0,2,7,2,11,119,25,30,2,176,0,0,0,176
05/18/2020,FLL,FL,ASO,ES,Towers with Radar,121,33,29,0,183,0,7,10,0,17,121,40,39,0,200,0,0,0,200
05/19/2020,FLL,FL,ASO,ES,Towers with Radar,104,23,29,0,156,0,2,15,0,17,104,25,44,0,173,0,0,0,173
05/20/2020,FLL,FL,ASO,ES,Towers with Radar,105,24,41,0,170,0,4,14,0,18,105,28,55,0,188,0,0,0,188
05/21/2020,FLL,FL,ASO,ES,Towers with Radar,140,34,35,2,211,0,0,16,2,18,140,34,51,4,229,0,0,0,229
05/22/2020,FLL,FL,ASO,ES,Towers with Radar,130,36,31,2,199,0,3,20,0,23,130,39,51,2,222,0,0,0,222
05/23/2020,FLL,FL,ASO,ES,Towers with Radar,119,26,24,1,170,0,1,3,0,4,119,27,27,1,174,0,0,0,174
05/24/2020,FLL,FL,ASO,ES,Towers with Radar,121,15,22,0,158,0,0,2,0,2,121,15,24,0,160,0,0,0,160
05/25/2020,FLL,FL,ASO,ES,Towers with Radar,123,28,39,0,190,0,0,1,0,1,123,28,40,0,191,0,0,0,191
05/26/2020,FLL,FL,ASO,ES,Towers with Radar,112,23,26,0,161,0,4,1,0,5,112,27,27,0,166,0,0,0,166
05/27/2020,FLL,FL,ASO,ES,Towers with Radar,108,26,40,0,174,0,2,13,0,15,108,28,53,0,189,0,0,0,189
05/28/2020,FLL,FL,ASO,ES,Towers with Radar,135,18,49,0,202,0,2,17,1,20,135,20,66,1,222,0,0,0,222
05/29/2020,FLL,FL,ASO,ES,Towers with Radar,128,30,37,2,197,0,4,22,0,26,128,34,59,2,223,0,0,0,223
05/30/2020,FLL,FL,ASO,ES,Towers with Radar,116,20,22,2,160,0,0,9,0,9,116,20,31,2,169,0,0,0,169
05/31/2020,FLL,FL,ASO,ES,Towers with Radar,131,21,31,0,183,0,4,13,0,17,131,25,44,0,200,0,0,0,200
06/01/2020,FLL,FL,ASO,ES,Towers with Radar,157,25,37,1,220,0,0,3,0,3,157,25,40,1,223,0,0,0,223
06/02/2020,FLL,FL,ASO,ES,Towers with Radar,144,26,36,1,207,0,9,5,4,18,144,35,41,5,225,0,0,0,225
06/03/2020,FLL,FL,ASO,ES,Towers with Radar,143,37,43,3,226,0,8,5,0,13,143,45,48,3,239,0,0,0,239
06/04/2020,FLL,FL,ASO,ES,Towers with Radar,178,35,44,0,257,0,2,0,0,2,178,37,44,0,259,0,0,0,259
06/05/2020,FLL,FL,ASO,ES,Towers with Radar,177,30,47,2,256,0,8,7,3,18,177,38,54,5,274,0,0,0,274
06/06/2020,FLL,FL,ASO,ES,Towers with Radar,157,18,34,0,209,0,0,4,0,4,157,18,38,0,213,0,0,0,213
06/07/2020,FLL,FL,ASO,ES,Towers with Radar,176,27,32,0,235,0,0,5,0,5,176,27,37,0,240,0,0,0,240
06/08/2020,FLL,FL,ASO,ES,Towers with Radar,179,27,23,2,231,0,0,15,2,17,179,27,38,4,248,0,0,0,248
06/09/2020,FLL,FL,ASO,ES,Towers with Radar,150,28,37,5,220,0,8,19,1,28,150,36,56,6,248,0,0,0,248
06/10/2020,FLL,FL,ASO,ES,Towers with Radar,166,33,32,0,231,0,0,11,1,12,166,33,43,1,243,0,0,0,243
06/11/2020,FLL,FL,ASO,ES,Towers with Radar,228,43,37,0,308,0,5,20,0,25,228,48,57,0,333,0,0,0,333
06/12/2020,FLL,FL,ASO,ES,Towers with Radar,231,45,47,2,325,0,2,12,0,14,231,47,59,2,339,0,0,0,339
06/13/2020,FLL,FL,ASO,ES,Towers with Radar,196,32,21,0,249,0,0,5,0,5,196,32,26,0,254,0,0,0,254
06/14/2020,FLL,FL,ASO,ES,Towers with Radar,228,35,43,0,306,0,0,9,0,9,228,35,52,0,315,0,0,0,315
06/15/2020,FLL,FL,ASO,ES,Towers with Radar,213,35,38,0,286,0,10,5,0,15,213,45,43,0,301,0,0,0,301
06/16/2020,FLL,FL,ASO,ES,Towers with Radar,173,43,42,1,259,0,6,12,0,18,173,49,54,1,277,0,0,0,277
06/17/2020,FLL,FL,ASO,ES,Towers with Radar,173,40,56,1,270,0,3,9,0,12,173,43,65,1,282,0,0,0,282
06/18/2020,FLL,FL,ASO,ES,Towers with Radar,254,44,39,4,341,0,2,7,0,9,254,46,46,4,350,0,0,0,350
06/19/2020,FLL,FL,ASO,ES,Towers with Radar,240,50,45,2,337,0,6,10,2,18,240,56,55,4,355,0,0,0,355
06/20/2020,FLL,FL,ASO,ES,Towers with Radar,222,36,32,2,292,0,0,10,0,10,222,36,42,2,302,0,0,0,302
06/21/2020,FLL,FL,ASO,ES,Towers with Radar,239,37,39,0,315,0,0,3,0,3,239,37,42,0,318,0,0,0,318
06/22/2020,FLL,FL,ASO,ES,Towers with Radar,239,35,49,0,323,0,6,6,2,14,239,41,55,2,337,0,0,0,337
06/23/2020,FLL,FL,ASO,ES,Towers with Radar,197,47,32,0,276,0,2,15,2,19,197,49,47,2,295,0,0,0,295
06/24/2020,FLL,FL,ASO,ES,Towers with Radar,194,37,44,0,275,0,4,12,0,16,194,41,56,0,291,0,0,0,291
06/25/2020,FLL,FL,ASO,ES,Towers with Radar,278,32,38,0,348,0,5,17,0,22,278,37,55,0,370,0,0,0,370
06/26/2020,FLL,FL,ASO,ES,Towers with Radar,269,52,39,2,362,0,4,22,2,28,269,56,61,4,390,0,0,0,390
06/27/2020,FLL,FL,ASO,ES,Towers with Radar,236,26,36,0,298,0,3,5,0,8,236,29,41,0,306,0,0,0,306
06/28/2020,FLL,FL,ASO,ES,Towers with Radar,254,42,42,0,338,0,6,7,0,13,254,48,49,0,351,0,0,0,351
06/29/2020,FLL,FL,ASO,ES,Towers with Radar,262,27,41,0,330,0,10,7,1,18,262,37,48,1,348,0,0,0,348
06/30/2020,FLL,FL,ASO,ES,Towers with Radar,203,49,47,2,301,0,5,8,1,14,203,54,55,3,315,0,0,0,315
07/01/2020,FLL,FL,ASO,ES,Towers with Radar,307,53,52,0,412,0,10,10,1,21,307,63,62,1,433,0,0,0,433
07/02/2020,FLL,FL,ASO,ES,Towers with Radar,371,61,46,2,480,0,22,12,2,36,371,83,58,4,516,0,0,0,516
07/03/2020,FLL,FL,ASO,ES,Towers with Radar,377,75,39,0,491,0,19,10,0,29,377,94,49,0,520,0,0,0,520
07/04/2020,FLL,FL,ASO,ES,Towers with Radar,282,36,15,1,334,0,2,11,0,13,282,38,26,1,347,0,0,0,347
07/05/2020,FLL,FL,ASO,ES,Towers with Radar,368,49,32,2,451,0,12,8,0,20,368,61,40,2,471,0,0,0,471
07/06/2020,FLL,FL,ASO,ES,Towers with Radar,378,47,44,0,469,0,13,8,0,21,378,60,52,0,490,0,0,0,490
07/07/2020,FLL,FL,ASO,ES,Towers with Radar,334,41,38,0,413,0,6,9,2,17,334,47,47,2,430,0,0,0,430
07/08/2020,FLL,FL,ASO,ES,Towers with Radar,343,41,40,0,424,0,5,18,2,25,343,46,58,2,449,0,0,0,449
07/09/2020,FLL,FL,ASO,ES,Towers with Radar,394,60,46,1,501,0,8,19,0,27,394,68,65,1,528,0,0,0,528
07/10/2020,FLL,FL,ASO,ES,Towers with Radar,418,52,34,6,510,0,16,8,3,27,418,68,42,9,537,0,0,0,537
07/11/2020,FLL,FL,ASO,ES,Towers with Radar,370,54,27,2,453,0,3,5,0,8,370,57,32,2,461,0,0,0,461
07/12/2020,FLL,FL,ASO,ES,Towers with Radar,376,49,36,0,461,0,7,8,0,15,376,56,44,0,476,0,0,0,476
07/13/2020,FLL,FL,ASO,ES,Towers with Radar,388,40,43,0,471,0,5,6,2,13,388,45,49,2,484,0,0,0,484
07/14/2020,FLL,FL,ASO,ES,Towers with Radar,328,22,35,2,387,0,8,16,0,24,328,30,51,2,411,0,0,0,411
07/15/2020,FLL,FL,ASO,ES,Towers with Radar,338,39,46,0,423,0,7,8,0,15,338,46,54,0,438,0,0,0,438
07/16/2020,FLL,FL,ASO,ES,Towers with Radar,380,43,38,0,461,0,12,13,0,25,380,55,51,0,486,0,0,0,486
07/17/2020,FLL,FL,ASO,ES,Towers with Radar,386,56,43,0,485,0,12,11,0,23,386,68,54,0,508,0,0,0,508
07/18/2020,FLL,FL,ASO,ES,Towers with Radar,352,45,21,0,418,0,5,4,0,9,352,50,25,0,427,0,0,0,427
07/19/2020,FLL,FL,ASO,ES,Towers with Radar,363,45,23,0,431,0,3,2,0,5,363,48,25,0,436,0,0,0,436
07/20/2020,FLL,FL,ASO,ES,Towers with Radar,372,30,24,0,426,0,6,4,1,11,372,36,28,1,437,0,0,0,437
07/21/2020,FLL,FL,ASO,ES,Towers with Radar,315,25,41,2,383,0,7,10,0,17,315,32,51,2,400,0,0,0,400
07/22/2020,FLL,FL,ASO,ES,Towers with Radar,324,31,31,0,386,0,5,11,1,17,324,36,42,1,403,0,0,0,403
07/23/2020,FLL,FL,ASO,ES,Towers with Radar,369,60,25,2,456,0,6,12,1,19,369,66,37,3,475,0,0,0,475
07/24/2020,FLL,FL,ASO,ES,Towers with Radar,370,45,39,0,454,0,11,11,2,24,370,56,50,2,478,0,0,0,478
07/25/2020,FLL,FL,ASO,ES,Towers with Radar,337,25,19,1,382,0,6,11,1,18,337,31,30,2,400,0,0,0,400
07/26/2020,FLL,FL,ASO,ES,Towers with Radar,358,36,34,0,428,0,7,10,2,19,358,43,44,2,447,0,0,0,447
07/27/2020,FLL,FL,ASO,ES,Towers with Radar,358,28,32,2,420,0,12,17,0,29,358,40,49,2,449,0,0,0,449
07/28/2020,FLL,FL,ASO,ES,Towers with Radar,305,27,37,0,369,0,5,5,0,10,305,32,42,0,379,0,0,0,379
07/29/2020,FLL,FL,ASO,ES,Towers with Radar,308,29,37,2,376,0,2,18,0,20,308,31,55,2,396,0,0,0,396
07/30/2020,FLL,FL,ASO,ES,Towers with Radar,358,42,39,0,439,0,9,11,0,20,358,51,50,0,459,0,0,0,459
07/31/2020,FLL,FL,ASO,ES,Towers with Radar,365,35,54,0,454,0,9,9,1,19,365,44,63,1,473,0,0,0,473
08/01/2020,FLL,FL,ASO,ES,Towers with Radar,300,18,17,0,335,0,1,1,0,2,300,19,18,0,337,0,0,0,337
08/02/2020,FLL,FL,ASO,ES,Towers with Radar,347,24,23,0,394,0,1,2,0,3,347,25,25,0,397,0,0,0,397
08/03/2020,FLL,FL,ASO,ES,Towers with Radar,375,28,46,0,449,0,11,12,0,23,375,39,58,0,472,0,0,0,472
08/04/2020,FLL,FL,ASO,ES,Towers with Radar,303,30,47,0,380,0,1,13,2,16,303,31,60,2,396,0,0,0,396
08/05/2020,FLL,FL,ASO,ES,Towers with Radar,292,44,28,0,364,0,1,17,0,18,292,45,45,0,382,0,0,0,382
08/06/2020,FLL,FL,ASO,ES,Towers with Radar,355,57,40,2,454,0,5,11,0,16,355,62,51,2,470,0,0,0,470
08/07/2020,FLL,FL,ASO,ES,Towers with Radar,355,38,47,0,440,0,3,11,0,14,355,41,58,0,454,0,0,0,454
08/08/2020,FLL,FL,ASO,ES,Towers with Radar,306,36,31,0,373,0,1,9,0,10,306,37,40,0,383,0,0,0,383
08/09/2020,FLL,FL,ASO,ES,Towers with Radar,333,37,28,0,398,0,2,2,0,4,333,39,30,0,402,0,0,0,402
08/10/2020,FLL,FL,ASO,ES,Towers with Radar,326,37,26,2,391,0,6,10,0,16,326,43,36,2,407,0,0,0,407
08/11/2020,FLL,FL,ASO,ES,Towers with Radar,251,32,31,0,314,0,5,22,0,27,251,37,53,0,341,0,0,0,341
08/12/2020,FLL,FL,ASO,ES,Towers with Radar,250,42,33,4,329,0,1,17,5,23,250,43,50,9,352,0,0,0,352
08/13/2020,FLL,FL,ASO,ES,Towers with Radar,319,55,50,4,428,0,3,47,0,50,319,58,97,4,478,0,0,0,478
08/14/2020,FLL,FL,ASO,ES,Towers with Radar,303,48,54,2,407,0,0,12,0,12,303,48,66,2,419,0,0,0,419
08/15/2020,FLL,FL,ASO,ES,Towers with Radar,285,33,42,0,360,0,3,8,1,12,285,36,50,1,372,0,0,0,372
08/16/2020,FLL,FL,ASO,ES,Towers with Radar,304,43,40,0,387,0,7,5,0,12,304,50,45,0,399,0,0,0,399
08/17/2020,FLL,FL,ASO,ES,Towers with Radar,309,37,40,0,386,0,3,9,2,14,309,40,49,2,400,0,0,0,400
08/18/2020,FLL,FL,ASO,ES,Towers with Radar,242,32,35,2,311,0,7,21,0,28,242,39,56,2,339,0,0,0,339
08/19/2020,FLL,FL,ASO,ES,Towers with Radar,249,26,52,0,327,0,4,8,0,12,249,30,60,0,339,0,0,0,339
08/20/2020,FLL,FL,ASO,ES,Towers with Radar,312,39,36,0,387,0,2,6,0,8,312,41,42,0,395,0,0,0,395
08/21/2020,FLL,FL,ASO,ES,Towers with Radar,303,51,47,1,402,0,7,14,0,21,303,58,61,1,423,0,0,0,423
08/22/2020,FLL,FL,ASO,ES,Towers with Radar,278,26,35,0,339,0,9,3,0,12,278,35,38,0,351,0,0,0,351
08/23/2020,FLL,FL,ASO,ES,Towers with Radar,299,36,51,1,387,0,4,8,0,12,299,40,59,1,399,0,0,0,399
08/24/2020,FLL,FL,ASO,ES,Towers with Radar,300,24,21,0,345,0,0,4,0,4,300,24,25,0,349,0,0,0,349
08/25/2020,FLL,FL,ASO,ES,Towers with Radar,242,29,36,2,309,0,3,12,4,19,242,32,48,6,328,0,0,0,328
08/26/2020,FLL,FL,ASO,ES,Towers with Radar,235,39,40,2,316,0,5,22,2,29,235,44,62,4,345,0,0,0,345
08/27/2020,FLL,FL,ASO,ES,Towers with Radar,311,36,44,0,391,0,4,26,0,30,311,40,70,0,421,0,0,0,421
08/28/2020,FLL,FL,ASO,ES,Towers with Radar,309,51,49,2,411,0,4,18,0,22,309,55,67,2,433,0,0,0,433
08/29/2020,FLL,FL,ASO,ES,Towers with Radar,281,26,30,0,337,0,3,12,0,15,281,29,42,0,352,0,0,0,352
08/30/2020,FLL,FL,ASO,ES,Towers with Radar,302,41,31,0,374,0,6,10,0,16,302,47,41,0,390,0,0,0,390
08/31/2020,FLL,FL,ASO,ES,Towers with Radar,308,39,40,0,387,0,4,19,0,23,308,43,59,0,410,0,0,0,410
09/01/2020,FLL,FL,ASO,ES,Towers with Radar,232,32,47,2,313,0,6,16,1,23,232,38,63,3,336,0,0,0,336
09/02/2020,FLL,FL,ASO,ES,Towers with Radar,238,32,32,3,305,0,6,13,3,22,238,38,45,6,327,0,0,0,327
09/03/2020,FLL,FL,ASO,ES,Towers with Radar,303,53,43,3,402,0,3,11,0,14,303,56,54,3,416,0,0,0,416
09/04/2020,FLL,FL,ASO,ES,Towers with Radar,309,56,59,2,426,0,7,18,2,27,309,63,77,4,453,0,0,0,453
09/05/2020,FLL,FL,ASO,ES,Towers with Radar,260,23,20,0,303,0,2,6,0,8,260,25,26,0,311,0,0,0,311
09/06/2020,FLL,FL,ASO,ES,Towers with Radar,272,35,21,0,328,0,5,5,0,10,272,40,26,0,338,0,0,0,338
09/07/2020,FLL,FL,ASO,ES,Towers with Radar,298,37,53,0,388,0,8,9,0,17,298,45,62,0,405,0,0,0,405
09/08/2020,FLL,FL,ASO,ES,Towers with Radar,223,32,44,2,301,0,4,15,0,19,223,36,59,2,320,0,0,0,320
09/09/2020,FLL,FL,ASO,ES,Towers with Radar,226,37,44,2,309,0,6,12,0,18,226,43,56,2,327,0,0,0,327
09/10/2020,FLL,FL,ASO,ES,Towers with Radar,299,49,48,4,400,0,3,7,0,10,299,52,55,4,410,0,0,0,410
09/11/2020,FLL,FL,ASO,ES,Towers with Radar,279,39,35,2,355,0,7,7,2,16,279,46,42,4,371,0,0,0,371
09/12/2020,FLL,FL,ASO,ES,Towers with Radar,243,33,26,0,302,0,0,3,0,3,243,33,29,0,305,0,0,0,305
09/13/2020,FLL,FL,ASO,ES,Towers with Radar,277,55,28,0,360,0,9,12,0,21,277,64,40,0,381,0,0,0,381
09/14/2020,FLL,FL,ASO,ES,Towers with Radar,269,46,33,1,349,0,5,10,0,15,269,51,43,1,364,0,0,0,364
09/15/2020,FLL,FL,ASO,ES,Towers with Radar,206,28,30,1,265,0,7,5,0,12,206,35,35,1,277,0,0,0,277
09/16/2020,FLL,FL,ASO,ES,Towers with Radar,218,49,41,2,310,0,6,7,0,13,218,55,48,2,323,0,0,0,323
09/17/2020,FLL,FL,ASO,ES,Towers with Radar,289,53,30,2,374,0,13,7,2,22,289,66,37,4,396,0,0,0,396
09/18/2020,FLL,FL,ASO,ES,Towers with Radar,274,43,49,0,366,0,4,18,0,22,274,47,67,0,388,0,0,0,388
09/19/2020,FLL,FL,ASO,ES,Towers with Radar,238,28,30,0,296,0,5,10,0,15,238,33,40,0,311,0,0,0,311
09/20/2020,FLL,FL,ASO,ES,Towers with Radar,274,49,37,0,360,0,8,17,0,25,274,57,54,0,385,0,0,0,385
09/21/2020,FLL,FL,ASO,ES,Towers with Radar,289,39,28,0,356,0,1,2,0,3,289,40,30,0,359,0,0,0,359
09/22/2020,FLL,FL,ASO,ES,Towers with Radar,216,22,34,2,274,0,8,14,0,22,216,30,48,2,296,0,0,0,296
09/23/2020,FLL,FL,ASO,ES,Towers with Radar,227,57,46,0,330,0,6,13,2,21,227,63,59,2,351,0,0,0,351
09/24/2020,FLL,FL,ASO,ES,Towers with Radar,300,66,59,4,429,0,2,15,0,17,300,68,74,4,446,0,0,0,446
09/25/2020,FLL,FL,ASO,ES,Towers with Radar,294,63,56,0,413,0,5,11,0,16,294,68,67,0,429,0,0,0,429
09/26/2020,FLL,FL,ASO,ES,Towers with Radar,256,35,46,0,337,0,3,5,0,8,256,38,51,0,345,0,0,0,345
09/27/2020,FLL,FL,ASO,ES,Towers with Radar,285,52,72,0,409,0,6,8,0,14,285,58,80,0,423,0,0,0,423
09/28/2020,FLL,FL,ASO,ES,Towers with Radar,299,35,32,4,370,0,4,6,1,11,299,39,38,5,381,0,0,0,381
09/29/2020,FLL,FL,ASO,ES,Towers with Radar,226,38,44,2,310,0,6,7,0,13,226,44,51,2,323,0,0,0,323
09/30/2020,FLL,FL,ASO,ES,Towers with Radar,231,48,51,0,330,0,4,6,0,10,231,52,57,0,340,0,0,0,340
10/01/2020,FLL,FL,ASO,ES,Towers with Radar,336,52,52,2,442,0,6,14,0,20,336,58,66,2,462,0,0,0,462
10/02/2020,FLL,FL,ASO,ES,Towers with Radar,326,55,47,1,429,0,8,7,0,15,326,63,54,1,444,0,0,0,444
10/03/2020,FLL,FL,ASO,ES,Towers with Radar,297,33,33,2,365,0,0,5,0,5,297,33,38,2,370,0,0,0,370
10/04/2020,FLL,FL,ASO,ES,Towers with Radar,327,47,48,1,423,0,3,12,1,16,327,50,60,2,439,0,0,0,439
10/05/2020,FLL,FL,ASO,ES,Towers with Radar,330,50,45,0,425,0,3,4,0,7,330,53,49,0,432,0,0,0,432
10/06/2020,FLL,FL,ASO,ES,Towers with Radar,240,47,39,2,328,0,17,14,0,31,240,64,53,2,359,0,0,0,359
10/07/2020,FLL,FL,ASO,ES,Towers with Radar,275,56,46,0,377,0,8,13,2,23,275,64,59,2,400,0,0,0,400
10/08/2020,FLL,FL,ASO,ES,Towers with Radar,371,53,52,3,479,0,18,13,2,33,371,71,65,5,512,0,0,0,512
10/09/2020,FLL,FL,ASO,ES,Towers with Radar,374,52,46,1,473,0,11,21,4,36,374,63,67,5,509,0,0,0,509
10/10/2020,FLL,FL,ASO,ES,Towers with Radar,331,29,42,0,402,0,1,6,0,7,331,30,48,0,409,0,0,0,409
10/11/2020,FLL,FL,ASO,ES,Towers with Radar,363,42,30,2,437,0,6,7,2,15,363,48,37,4,452,0,0,0,452
10/12/2020,FLL,FL,ASO,ES,Towers with Radar,378,49,42,0,469,0,5,20,0,25,378,54,62,0,494,0,0,0,494
10/13/2020,FLL,FL,ASO,ES,Towers with Radar,284,35,47,2,368,0,11,20,2,33,284,46,67,4,401,0,0,0,401
10/14/2020,FLL,FL,ASO,ES,Towers with Radar,282,42,58,0,382,0,16,12,0,28,282,58,70,0,410,0,0,0,410
10/15/2020,FLL,FL,ASO,ES,Towers with Radar,383,82,80,3,548,0,8,20,0,28,383,90,100,3,576,0,0,0,576
10/16/2020,FLL,FL,ASO,ES,Towers with Radar,376,53,88,2,519,0,4,3,0,7,376,57,91,2,526,0,0,0,526
10/17/2020,FLL,FL,ASO,ES,Towers with Radar,338,37,48,2,425,0,9,12,0,21,338,46,60,2,446,0,0,0,446
10/18/2020,FLL,FL,ASO,ES,Towers with Radar,377,66,50,0,493,0,7,8,0,15,377,73,58,0,508,0,0,0,508
10/19/2020,FLL,FL,ASO,ES,Towers with Radar,384,51,35,0,470,0,8,7,0,15,384,59,42,0,485,0,0,0,485
10/20/2020,FLL,FL,ASO,ES,Towers with Radar,299,40,40,0,379,0,4,7,0,11,299,44,47,0,390,0,0,0,390
10/21/2020,FLL,FL,ASO,ES,Towers with Radar,300,51,39,0,390,0,5,5,0,10,300,56,44,0,400,0,0,0,400
10/22/2020,FLL,FL,ASO,ES,Towers with Radar,387,58,62,2,509,0,2,8,0,10,387,60,70,2,519,0,0,0,519
10/23/2020,FLL,FL,ASO,ES,Towers with Radar,383,65,45,0,493,0,11,11,1,23,383,76,56,1,516,0,0,0,516
10/24/2020,FLL,FL,ASO,ES,Towers with Radar,333,48,55,0,436,0,5,9,0,14,333,53,64,0,450,0,0,0,450
10/25/2020,FLL,FL,ASO,ES,Towers with Radar,381,49,63,0,493,0,6,7,0,13,381,55,70,0,506,0,0,0,506
10/26/2020,FLL,FL,ASO,ES,Towers with Radar,390,49,46,0,485,0,8,15,2,25,390,57,61,2,510,0,0,0,510
10/27/2020,FLL,FL,ASO,ES,Towers with Radar,296,40,74,2,412,0,16,13,0,29,296,56,87,2,441,0,0,0,441
10/28/2020,FLL,FL,ASO,ES,Towers with Radar,301,64,99,0,464,0,8,26,0,34,301,72,125,0,498,0,0,0,498
10/29/2020,FLL,FL,ASO,ES,Towers with Radar,394,81,111,2,588,0,3,22,0,25,394,84,133,2,613,0,0,0,613
10/30/2020,FLL,FL,ASO,ES,Towers with Radar,381,75,85,0,541,0,6,41,0,47,381,81,126,0,588,0,0,0,588
10/31/2020,FLL,FL,ASO,ES,Towers with Radar,300,66,55,0,421,0,1,16,0,17,300,67,71,0,438,0,0,0,438
11/01/2020,FLL,FL,ASO,ES,Towers with Radar,388,81,91,0,560,0,3,18,0,21,388,84,109,0,581,0,0,0,581
11/02/2020,FLL,FL,ASO,ES,Towers with Radar,393,68,54,0,515,0,5,11,0,16,393,73,65,0,531,0,0,0,531
11/03/2020,FLL,FL,ASO,ES,Towers with Radar,291,31,43,2,367,0,7,16,0,23,291,38,59,2,390,0,0,0,390
11/04/2020,FLL,FL,ASO,ES,Towers with Radar,316,51,42,2,411,0,4,12,2,18,316,55,54,4,429,0,0,0,429
11/05/2020,FLL,FL,ASO,ES,Towers with Radar,418,53,51,2,524,0,8,7,4,19,418,61,58,6,543,0,0,0,543
11/06/2020,FLL,FL,ASO,ES,Towers with Radar,420,58,65,2,545,0,7,9,0,16,420,65,74,2,561,0,0,0,561
11/07/2020,FLL,FL,ASO,ES,Towers with Radar,388,44,36,0,468,0,0,3,0,3,388,44,39,0,471,0,0,0,471
11/08/2020,FLL,FL,ASO,ES,Towers with Radar,396,21,23,0,440,0,0,0,0,0,396,21,23,0,440,0,0,0,440
11/09/2020,FLL,FL,ASO,ES,Towers with Radar,407,27,30,0,464,0,0,1,0,1,407,27,31,0,465,0,0,0,465
11/10/2020,FLL,FL,ASO,ES,Towers with Radar,338,28,50,2,418,0,9,13,0,22,338,37,63,2,440,0,0,0,440
11/11/2020,FLL,FL,ASO,ES,Towers with Radar,348,48,33,0,429,0,3,4,0,7,348,51,37,0,436,0,0,0,436
11/12/2020,FLL,FL,ASO,ES,Towers with Radar,439,66,51,1,557,0,4,15,0,19,439,70,66,1,576,0,0,0,576
11/13/2020,FLL,FL,ASO,ES,Towers with Radar,439,52,62,2,555,0,10,19,0,29,439,62,81,2,584,0,0,0,584
11/14/2020,FLL,FL,ASO,ES,Towers with Radar,389,47,41,0,477,0,5,13,0,18,389,52,54,0,495,0,0,0,495
11/15/2020,FLL,FL,ASO,ES,Towers with Radar,442,77,49,0,568,0,8,25,2,35,442,85,74,2,603,0,0,0,603
11/16/2020,FLL,FL,ASO,ES,Towers with Radar,431,66,60,2,559,0,7,28,1,36,431,73,88,3,595,0,0,0,595
11/17/2020,FLL,FL,ASO,ES,Towers with Radar,329,62,47,1,439,0,12,28,0,40,329,74,75,1,479,0,0,0,479
11/18/2020,FLL,FL,ASO,ES,Towers with Radar,393,55,27,2,477,0,5,12,3,20,393,60,39,5,497,0,0,0,497
11/19/2020,FLL,FL,ASO,ES,Towers with Radar,498,83,52,5,638,0,7,15,5,27,498,90,67,10,665,0,0,0,665
11/20/2020,FLL,FL,ASO,ES,Towers with Radar,513,68,70,0,651,0,14,17,8,39,513,82,87,8,690,0,0,0,690
11/21/2020,FLL,FL,ASO,ES,Towers with Radar,547,70,64,1,682,0,10,12,5,27,547,80,76,6,709,0,0,0,709
11/22/2020,FLL,FL,ASO,ES,Towers with Radar,508,101,59,0,668,0,7,6,4,17,508,108,65,4,685,0,0,0,685
11/23/2020,FLL,FL,ASO,ES,Towers with Radar,509,55,55,6,625,0,9,17,0,26,509,64,72,6,651,0,0,0,651
11/24/2020,FLL,FL,ASO,ES,Towers with Radar,519,34,62,3,618,0,13,31,1,45,519,47,93,4,663,0,0,0,663
11/25/2020,FLL,FL,ASO,ES,Towers with Radar,526,65,48,2,641,0,9,18,0,27,526,74,66,2,668,0,0,0,668
11/26/2020,FLL,FL,ASO,ES,Towers with Radar,328,30,20,0,378,0,8,10,0,18,328,38,30,0,396,0,0,0,396
11/27/2020,FLL,FL,ASO,ES,Towers with Radar,471,57,54,0,582,0,8,5,2,15,471,65,59,2,597,0,0,0,597
11/28/2020,FLL,FL,ASO,ES,Towers with Radar,565,51,55,0,671,0,9,10,0,19,565,60,65,0,690,0,0,0,690
11/29/2020,FLL,FL,ASO,ES,Towers with Radar,561,87,80,0,728,0,13,8,0,21,561,100,88,0,749,0,0,0,749
11/30/2020,FLL,FL,ASO,ES,Towers with Radar,543,65,56,2,666,0,11,11,2,24,543,76,67,4,690,0,0,0,690
12/01/2020,FLL,FL,ASO,ES,Towers with Radar,459,65,63,2,589,0,9,11,3,23,459,74,74,5,612,0,0,0,612
12/02/2020,FLL,FL,ASO,ES,Towers with Radar,378,59,79,0,516,0,7,11,2,20,378,66,90,2,536,0,0,0,536
12/03/2020,FLL,FL,ASO,ES,Towers with Radar,459,73,57,2,591,0,3,20,1,24,459,76,77,3,615,0,0,0,615
12/04/2020,FLL,FL,ASO,ES,Towers with Radar,437,60,70,2,569,0,15,15,0,30,437,75,85,2,599,0,0,0,599
12/05/2020,FLL,FL,ASO,ES,Towers with Radar,406,45,46,0,497,0,7,20,0,27,406,52,66,0,524,0,0,0,524
12/06/2020,FLL,FL,ASO,ES,Towers with Radar,475,50,45,0,570,0,2,12,0,14,475,52,57,0,584,0,0,0,584
12/07/2020,FLL,FL,ASO,ES,Towers with Radar,453,40,42,2,537,0,1,5,0,6,453,41,47,2,543,0,0,0,543
12/08/2020,FLL,FL,ASO,ES,Towers with Radar,367,54,54,0,475,0,13,18,0,31,367,67,72,0,506,0,0,0,506
12/09/2020,FLL,FL,ASO,ES,Towers with Radar,374,51,58,2,485,0,4,14,0,18,374,55,72,2,503,0,0,0,503
12/10/2020,FLL,FL,ASO,ES,Towers with Radar,476,64,76,3,619,0,1,27,0,28,476,65,103,3,647,0,0,0,647
12/11/2020,FLL,FL,ASO,ES,Towers with Radar,452,93,64,0,609,0,9,24,0,33,452,102,88,0,642,0,0,0,642
12/12/2020,FLL,FL,ASO,ES,Towers with Radar,424,50,52,0,526,0,8,11,0,19,424,58,63,0,545,0,0,0,545
12/13/2020,FLL,FL,ASO,ES,Towers with Radar,476,51,74,0,601,0,7,7,0,14,476,58,81,0,615,0,0,0,615
12/14/2020,FLL,FL,ASO,ES,Towers with Radar,452,72,48,0,572,0,5,18,0,23,452,77,66,0,595,0,0,0,595
12/15/2020,FLL,FL,ASO,ES,Towers with Radar,373,54,63,2,492,0,14,12,0,26,373,68,75,2,518,0,0,0,518
12/16/2020,FLL,FL,ASO,ES,Towers with Radar,402,49,42,2,495,0,13,21,0,34,402,62,63,2,529,0,0,0,529
12/17/2020,FLL,FL,ASO,ES,Towers with Radar,519,79,70,2,670,0,7,15,3,25,519,86,85,5,695,0,0,0,695
12/18/2020,FLL,FL,ASO,ES,Towers with Radar,595,95,81,0,771,0,10,25,0,35,595,105,106,0,806,0,0,0,806
12/19/2020,FLL,FL,ASO,ES,Towers with Radar,641,80,78,0,799,0,6,15,0,21,641,86,93,0,820,0,0,0,820
12/20/2020,FLL,FL,ASO,ES,Towers with Radar,602,74,60,0,736,0,9,13,0,22,602,83,73,0,758,0,0,0,758
12/21/2020,FLL,FL,ASO,ES,Towers with Radar,586,62,84,0,732,0,11,12,0,23,586,73,96,0,755,0,0,0,755
12/22/2020,FLL,FL,ASO,ES,Towers with Radar,595,67,71,6,739,0,11,22,0,33,595,78,93,6,772,0,0,0,772
12/23/2020,FLL,FL,ASO,ES,Towers with Radar,612,69,66,0,747,0,13,14,0,27,612,82,80,0,774,0,0,0,774
12/24/2020,FLL,FL,ASO,ES,Towers with Radar,487,64,43,0,594,0,8,12,0,20,487,72,55,0,614,0,0,0,614
12/25/2020,FLL,FL,ASO,ES,Towers with Radar,437,45,29,0,511,0,0,3,0,3,437,45,32,0,514,0,0,0,514
12/26/2020,FLL,FL,ASO,ES,Towers with Radar,623,129,152,0,904,0,18,11,3,32,623,147,163,3,936,0,0,0,936
12/27/2020,FLL,FL,ASO,ES,Towers with Radar,616,133,161,0,910,0,14,13,0,27,616,147,174,0,937,0,0,0,937
12/28/2020,FLL,FL,ASO,ES,Towers with Radar,567,124,115,0,806,0,16,13,2,31,567,140,128,2,837,0,0,0,837
12/29/2020,FLL,FL,ASO,ES,Towers with Radar,581,102,112,2,797,0,7,26,0,33,581,109,138,2,830,0,0,0,830
12/30/2020,FLL,FL,ASO,ES,Towers with Radar,577,110,99,2,788,0,8,15,2,25,577,118,114,4,813,0,0,0,813
12/31/2020,FLL,FL,ASO,ES,Towers with Radar,485,67,64,0,616,0,18,10,0,28,485,85,74,0,644,0,0,0,644
01/01/2021,FLL,FL,ASO,ES,Towers with Radar,483,45,56,0,584,0,14,4,0,18,483,59,60,0,602,0,0,0,602
01/02/2021,FLL,FL,ASO,ES,Towers with Radar,626,92,122,0,840,0,17,17,1,35,626,109,139,1,875,0,0,0,875
01/03/2021,FLL,FL,ASO,ES,Towers with Radar,616,112,145,0,873,0,28,19,0,47,616,140,164,0,920,0,0,0,920
01/04/2021,FLL,FL,ASO,ES,Towers with Radar,566,84,86,2,738,0,13,14,0,27,566,97,100,2,765,0,0,0,765
01/05/2021,FLL,FL,ASO,ES,Towers with Radar,508,82,84,2,676,0,5,12,0,17,508,87,96,2,693,0,0,0,693
01/06/2021,FLL,FL,ASO,ES,Towers with Radar,434,59,68,2,563,0,4,19,2,25,434,63,87,4,588,0,0,0,588
01/07/2021,FLL,FL,ASO,ES,Towers with Radar,494,87,65,3,649,0,15,27,1,43,494,102,92,4,692,0,0,0,692
01/08/2021,FLL,FL,ASO,ES,Towers with Radar,480,90,63,0,633,0,4,19,2,25,480,94,82,2,658,0,0,0,658
01/09/2021,FLL,FL,ASO,ES,Towers with Radar,467,58,76,0,601,0,14,16,0,30,467,72,92,0,631,0,0,0,631
01/10/2021,FLL,FL,ASO,ES,Towers with Radar,488,69,79,2,638,0,11,8,2,21,488,80,87,4,659,0,0,0,659
01/11/2021,FLL,FL,ASO,ES,Towers with Radar,466,68,59,4,597,0,6,9,0,15,466,74,68,4,612,0,0,0,612
01/12/2021,FLL,FL,ASO,ES,Towers with Radar,399,66,85,4,554,0,4,17,0,21,399,70,102,4,575,0,0,0,575
01/13/2021,FLL,FL,ASO,ES,Towers with Radar,401,49,60,4,514,0,7,36,0,43,401,56,96,4,557,0,0,0,557
01/14/2021,FLL,FL,ASO,ES,Towers with Radar,490,69,91,2,652,0,8,10,0,18,490,77,101,2,670,0,0,0,670
01/15/2021,FLL,FL,ASO,ES,Towers with Radar,474,68,77,1,620,0,20,16,0,36,474,88,93,1,656,0,0,0,656
01/16/2021,FLL,FL,ASO,ES,Towers with Radar,458,57,54,0,569,0,6,8,1,15,458,63,62,1,584,0,0,0,584
01/17/2021,FLL,FL,ASO,ES,Towers with Radar,475,71,59,1,606,0,11,5,0,16,475,82,64,1,622,0,0,0,622
01/18/2021,FLL,FL,ASO,ES,Towers with Radar,474,66,69,0,609,0,13,13,2,28,474,79,82,2,637,0,0,0,637
01/19/2021,FLL,FL,ASO,ES,Towers with Radar,400,53,61,2,516,0,15,16,0,31,400,68,77,2,547,0,0,0,547
01/20/2021,FLL,FL,ASO,ES,Towers with Radar,407,66,74,4,551,0,9,12,0,21,407,75,86,4,572,0,0,0,572
01/21/2021,FLL,FL,ASO,ES,Towers with Radar,491,56,66,2,615,0,7,22,1,30,491,63,88,3,645,0,0,0,645
01/22/2021,FLL,FL,ASO,ES,Towers with Radar,473,70,82,17,642,0,14,35,2,51,473,84,117,19,693,0,0,0,693
01/23/2021,FLL,FL,ASO,ES,Towers with Radar,454,46,44,0,544,0,11,17,0,28,454,57,61,0,572,0,0,0,572
01/24/2021,FLL,FL,ASO,ES,Towers with Radar,499,71,64,14,648,0,6,12,1,19,499,77,76,15,667,0,0,0,667
01/25/2021,FLL,FL,ASO,ES,Towers with Radar,460,50,68,2,580,0,9,19,2,30,460,59,87,4,610,0,0,0,610
01/26/2021,FLL,FL,ASO,ES,Towers with Radar,393,35,61,4,493,0,9,14,1,24,393,44,75,5,517,0,0,0,517
01/27/2021,FLL,FL,ASO,ES,Towers with Radar,401,55,71,4,531,0,9,17,0,26,401,64,88,4,557,0,0,0,557
01/28/2021,FLL,FL,ASO,ES,Towers with Radar,489,72,91,2,654,0,12,14,0,26,489,84,105,2,680,0,0,0,680
01/29/2021,FLL,FL,ASO,ES,Towers with Radar,469,81,58,0,608,0,15,20,0,35,469,96,78,0,643,0,0,0,643
01/30/2021,FLL,FL,ASO,ES,Towers with Radar,458,57,58,0,573,0,10,17,0,27,458,67,75,0,600,0,0,0,600
01/31/2021,FLL,FL,ASO,ES,Towers with Radar,457,73,83,0,613,0,12,5,0,17,457,85,88,0,630,0,0,0,630
02/01/2021,FLL,FL,ASO,ES,Towers with Radar,385,50,56,0,491,0,4,8,0,12,385,54,64,0,503,0,0,0,503
02/02/2021,FLL,FL,ASO,ES,Towers with Radar,378,40,41,0,459,0,3,18,0,21,378,43,59,0,480,0,0,0,480
02/03/2021,FLL,FL,ASO,ES,Towers with Radar,392,80,61,1,534,0,8,12,6,26,392,88,73,7,560,0,0,0,560
02/04/2021,FLL,FL,ASO,ES,Towers with Radar,470,52,72,3,597,0,16,19,0,35,470,68,91,3,632,0,0,0,632
02/05/2021,FLL,FL,ASO,ES,Towers with Radar,472,85,48,3,608,0,10,24,0,34,472,95,72,3,642,0,0,0,642
02/06/2021,FLL,FL,ASO,ES,Towers with Radar,451,74,39,1,565,0,5,11,2,18,451,79,50,3,583,0,0,0,583
02/07/2021,FLL,FL,ASO,ES,Towers with Radar,456,72,47,1,576,0,6,7,0,13,456,78,54,1,589,0,0,0,589
02/08/2021,FLL,FL,ASO,ES,Towers with Radar,454,69,64,1,588,0,11,4,4,19,454,80,68,5,607,0,0,0,607
02/09/2021,FLL,FL,ASO,ES,Towers with Radar,381,48,63,2,494,0,9,14,2,25,381,57,77,4,519,0,0,0,519
02/10/2021,FLL,FL,ASO,ES,Towers with Radar,408,58,54,0,520,0,15,18,0,33,408,73,72,0,553,0,0,0,553
02/11/2021,FLL,FL,ASO,ES,Towers with Radar,537,82,75,4,698,0,15,21,2,38,537,97,96,6,736,0,0,0,736
02/12/2021,FLL,FL,ASO,ES,Towers with Radar,551,80,83,2,716,0,24,11,2,37,551,104,94,4,753,0,0,0,753
02/13/2021,FLL,FL,ASO,ES,Towers with Radar,529,86,68,0,683,0,9,28,0,37,529,95,96,0,720,0,0,0,720
02/14/2021,FLL,FL,ASO,ES,Towers with Radar,514,66,66,0,646,0,13,12,0,25,514,79,78,0,671,0,0,0,671
02/15/2021,FLL,FL,ASO,ES,Towers with Radar,478,58,73,0,609,0,18,17,1,36,478,76,90,1,645,0,0,0,645
02/16/2021,FLL,FL,ASO,ES,Towers with Radar,409,70,65,3,547,0,4,11,0,15,409,74,76,3,562,0,0,0,562
02/17/2021,FLL,FL,ASO,ES,Towers with Radar,418,83,71,2,574,0,3,8,0,11,418,86,79,2,585,0,0,0,585
02/18/2021,FLL,FL,ASO,ES,Towers with Radar,482,39,68,2,591,0,7,17,0,24,482,46,85,2,615,0,0,0,615
02/19/2021,FLL,FL,ASO,ES,Towers with Radar,532,76,68,2,678,0,18,8,9,35,532,94,76,11,713,0,0,0,713
02/20/2021,FLL,FL,ASO,ES,Towers with Radar,550,72,79,0,701,0,7,21,0,28,550,79,100,0,729,0,0,0,729
02/21/2021,FLL,FL,ASO,ES,Towers with Radar,548,86,100,0,734,0,8,12,2,22,548,94,112,2,756,0,0,0,756
02/22/2021,FLL,FL,ASO,ES,Towers with Radar,514,72,51,1,638,0,11,17,6,34,514,83,68,7,672,0,0,0,672
02/23/2021,FLL,FL,ASO,ES,Towers with Radar,437,73,47,4,561,0,7,16,6,29,437,80,63,10,590,0,0,0,590
02/24/2021,FLL,FL,ASO,ES,Towers with Radar,447,71,96,3,617,0,5,17,1,23,447,76,113,4,640,0,0,0,640
02/25/2021,FLL,FL,ASO,ES,Towers with Radar,541,73,69,2,685,0,9,25,4,38,541,82,94,6,723,0,0,0,723
02/26/2021,FLL,FL,ASO,ES,Towers with Radar,543,66,104,4,717,0,11,23,0,34,543,77,127,4,751,0,0,0,751
02/27/2021,FLL,FL,ASO,ES,Towers with Radar,550,65,70,2,687,0,9,14,0,23,550,74,84,2,710,0,0,0,710
02/28/2021,FLL,FL,ASO,ES,Towers with Radar,537,70,120,0,727,0,11,30,0,41,537,81,150,0,768,0,0,0,768
03/01/2021,FLL,FL,ASO,ES,Towers with Radar,522,60,69,5,656,0,9,15,0,24,522,69,84,5,680,0,0,0,680
03/02/2021,FLL,FL,ASO,ES,Towers with Radar,444,69,93,1,607,0,14,19,0,33,444,83,112,1,640,0,0,0,640
03/03/2021,FLL,FL,ASO,ES,Towers with Radar,463,71,76,3,613,0,4,11,0,15,463,75,87,3,628,0,0,0,628
03/04/2021,FLL,FL,ASO,ES,Towers with Radar,562,69,78,3,712,0,6,18,0,24,562,75,96,3,736,0,0,0,736
03/05/2021,FLL,FL,ASO,ES,Towers with Radar,552,75,54,1,682,0,16,13,0,29,552,91,67,1,711,0,0,0,711
03/06/2021,FLL,FL,ASO,ES,Towers with Radar,571,70,52,1,694,0,8,11,0,19,571,78,63,1,713,0,0,0,713
03/07/2021,FLL,FL,ASO,ES,Towers with Radar,578,59,88,0,725,0,11,4,0,15,578,70,92,0,740,0,0,0,740
03/08/2021,FLL,FL,ASO,ES,Towers with Radar,585,63,60,2,710,0,7,16,0,23,585,70,76,2,733,0,0,0,733
03/09/2021,FLL,FL,ASO,ES,Towers with Radar,467,58,47,2,574,0,10,16,2,28,467,68,63,4,602,0,0,0,602
03/10/2021,FLL,FL,ASO,ES,Towers with Radar,533,73,70,2,678,0,3,38,2,43,533,76,108,4,721,0,0,0,721
03/11/2021,FLL,FL,ASO,ES,Towers with Radar,624,65,101,3,793,0,14,17,0,31,624,79,118,3,824,0,0,0,824
03/12/2021,FLL,FL,ASO,ES,Towers with Radar,640,85,81,0,806,0,15,19,2,36,640,100,100,2,842,0,0,0,842
03/13/2021,FLL,FL,ASO,ES,Towers with Radar,640,70,87,2,799,0,14,25,0,39,640,84,112,2,838,0,0,0,838
03/14/2021,FLL,FL,ASO,ES,Towers with Radar,613,78,95,4,790,0,17,19,0,36,613,95,114,4,826,0,0,0,826
03/15/2021,FLL,FL,ASO,ES,Towers with Radar,619,99,80,1,799,0,16,11,0,27,619,115,91,1,826,0,0,0,826
03/16/2021,FLL,FL,ASO,ES,Towers with Radar,565,64,72,2,703,0,20,27,0,47,565,84,99,2,750,0,0,0,750
03/17/2021,FLL,FL,ASO,ES,Towers with Radar,574,51,48,0,673,0,5,19,2,26,574,56,67,2,699,0,0,0,699
03/18/2021,FLL,FL,ASO,ES,Towers with Radar,644,72,88,2,806,0,14,23,0,37,644,86,111,2,843,0,0,0,843
03/19/2021,FLL,FL,ASO,ES,Towers with Radar,644,85,91,2,822,0,12,16,5,33,644,97,107,7,855,0,0,0,855
03/20/2021,FLL,FL,ASO,ES,Towers with Radar,656,100,86,3,845,0,20,26,0,46,656,120,112,3,891,0,0,0,891
03/21/2021,FLL,FL,ASO,ES,Towers with Radar,628,79,102,0,809,0,16,18,0,34,628,95,120,0,843,0,0,0,843
03/22/2021,FLL,FL,ASO,ES,Towers with Radar,629,68,72,2,771,0,12,9,3,24,629,80,81,5,795,0,0,0,795
03/23/2021,FLL,FL,ASO,ES,Towers with Radar,571,78,73,0,722,0,10,29,0,39,571,88,102,0,761,0,0,0,761
03/24/2021,FLL,FL,ASO,ES,Towers with Radar,582,76,75,2,735,0,11,17,0,28,582,87,92,2,763,0,0,0,763
03/25/2021,FLL,FL,ASO,ES,Towers with Radar,641,95,100,2,838,0,14,31,0,45,641,109,131,2,883,0,0,0,883
03/26/2021,FLL,FL,ASO,ES,Towers with Radar,649,88,92,4,833,0,4,30,4,38,649,92,122,8,871,0,0,0,871
03/27/2021,FLL,FL,ASO,ES,Towers with Radar,660,81,89,2,832,0,0,24,0,24,660,81,113,2,856,0,0,0,856
03/28/2021,FLL,FL,ASO,ES,Towers with Radar,633,75,79,1,788,0,4,31,0,35,633,79,110,1,823,0,0,0,823
03/29/2021,FLL,FL,ASO,ES,Towers with Radar,643,69,74,2,788,0,2,34,0,36,643,71,108,2,824,0,0,0,824
03/30/2021,FLL,FL,ASO,ES,Towers with Radar,593,59,57,6,715,0,2,25,0,27,593,61,82,6,742,0,0,0,742
03/31/2021,FLL,FL,ASO,ES,Towers with Radar,615,66,81,2,764,0,1,26,9,36,615,67,107,11,800,0,0,0,800
04/01/2021,FLL,FL,ASO,ES,Towers with Radar,624,91,119,2,836,0,5,33,0,38,624,96,152,2,874,0,0,0,874
04/02/2021,FLL,FL,ASO,ES,Towers with Radar,671,78,90,0,839,0,5,24,0,29,671,83,114,0,868,0,0,0,868
04/03/2021,FLL,FL,ASO,ES,Towers with Radar,675,81,93,0,849,0,0,27,0,27,675,81,120,0,876,0,0,0,876
04/04/2021,FLL,FL,ASO,ES,Towers with Radar,641,75,64,0,780,0,0,25,0,25,641,75,89,0,805,0,0,0,805
04/05/2021,FLL,FL,ASO,ES,Towers with Radar,642,78,106,2,828,0,3,34,0,37,642,81,140,2,865,0,0,0,865
04/06/2021,FLL,FL,ASO,ES,Towers with Radar,580,71,80,2,733,0,9,27,3,39,580,80,107,5,772,0,0,0,772
04/07/2021,FLL,FL,ASO,ES,Towers with Radar,582,73,62,2,719,0,2,23,0,25,582,75,85,2,744,0,0,0,744
04/08/2021,FLL,FL,ASO,ES,Towers with Radar,653,77,93,3,826,0,0,22,0,22,653,77,115,3,848,0,0,0,848
04/09/2021,FLL,FL,ASO,ES,Towers with Radar,638,69,89,2,798,0,2,38,0,40,638,71,127,2,838,0,0,0,838
04/10/2021,FLL,FL,ASO,ES,Towers with Radar,689,93,61,2,845,0,2,33,0,35,689,95,94,2,880,0,0,0,880
04/11/2021,FLL,FL,ASO,ES,Towers with Radar,442,67,89,1,599,0,3,19,0,22,442,70,108,1,621,0,0,0,621
04/12/2021,FLL,FL,ASO,ES,Towers with Radar,616,78,105,0,799,0,3,25,0,28,616,81,130,0,827,0,0,0,827
04/13/2021,FLL,FL,ASO,ES,Towers with Radar,544,71,70,2,687,0,8,22,1,31,544,79,92,3,718,0,0,0,718
04/14/2021,FLL,FL,ASO,ES,Towers with Radar,508,77,65,0,650,0,0,37,0,37,508,77,102,0,687,0,0,0,687
04/15/2021,FLL,FL,ASO,ES,Towers with Radar,635,64,103,2,804,0,4,40,0,44,635,68,143,2,848,0,0,0,848
04/16/2021,FLL,FL,ASO,ES,Towers with Radar,628,79,79,2,788,0,2,27,0,29,628,81,106,2,817,0,0,0,817
04/17/2021,FLL,FL,ASO,ES,Towers with Radar,612,66,85,2,765,0,1,22,0,23,612,67,107,2,788,0,0,0,788
04/18/2021,FLL,FL,ASO,ES,Towers with Radar,629,82,82,0,793,0,0,38,0,38,629,82,120,0,831,0,0,0,831
04/19/2021,FLL,FL,ASO,ES,Towers with Radar,608,56,72,2,738,0,2,20,4,26,608,58,92,6,764,0,0,0,764
04/20/2021,FLL,FL,ASO,ES,Towers with Radar,517,44,68,2,631,0,2,10,2,14,517,46,78,4,645,0,0,0,645
04/21/2021,FLL,FL,ASO,ES,Towers with Radar,515,72,70,2,659,0,2,23,2,27,515,74,93,4,686,0,0,0,686
04/22/2021,FLL,FL,ASO,ES,Towers with Radar,632,86,101,3,822,0,0,35,0,35,632,86,136,3,857,0,0,0,857
04/23/2021,FLL,FL,ASO,ES,Towers with Radar,620,79,86,3,788,0,4,32,4,40,620,83,118,7,828,0,0,0,828
04/24/2021,FLL,FL,ASO,ES,Towers with Radar,603,61,66,3,733,0,0,32,1,33,603,61,98,4,766,0,0,0,766
04/25/2021,FLL,FL,ASO,ES,Towers with Radar,638,61,98,1,798,0,4,24,0,28,638,65,122,1,826,0,0,0,826
04/26/2021,FLL,FL,ASO,ES,Towers with Radar,596,69,87,0,752,0,2,39,2,43,596,71,126,2,795,0,0,0,795
04/27/2021,FLL,FL,ASO,ES,Towers with Radar,506,56,56,4,622,0,4,23,7,34,506,60,79,11,656,0,0,0,656
04/28/2021,FLL,FL,ASO,ES,Towers with Radar,519,67,83,2,671,0,5,32,2,39,519,72,115,4,710,0,0,0,710
04/29/2021,FLL,FL,ASO,ES,Towers with Radar,626,71,82,2,781,0,0,45,2,47,626,71,127,4,828,0,0,0,828
04/30/2021,FLL,FL,ASO,ES,Towers with Radar,614,67,73,2,756,0,19,28,0,47,614,86,101,2,803,0,0,0,803
05/01/2021,FLL,FL,ASO,ES,Towers with Radar,612,64,70,1,747,0,13,16,0,29,612,77,86,1,776,0,0,0,776
05/02/2021,FLL,FL,ASO,ES,Towers with Radar,615,95,75,1,786,1,14,15,0,30,616,109,90,1,816,0,0,0,816
05/03/2021,FLL,FL,ASO,ES,Towers with Radar,598,73,73,2,746,0,13,13,0,26,598,86,86,2,772,0,0,0,772
05/04/2021,FLL,FL,ASO,ES,Towers with Radar,499,45,63,5,612,0,11,25,0,36,499,56,88,5,648,0,0,0,648
05/05/2021,FLL,FL,ASO,ES,Towers with Radar,556,63,82,1,702,0,7,21,4,32,556,70,103,5,734,0,0,0,734
05/06/2021,FLL,FL,ASO,ES,Towers with Radar,618,70,67,5,760,0,16,33,15,64,618,86,100,20,824,0,0,0,824
05/07/2021,FLL,FL,ASO,ES,Towers with Radar,708,73,86,7,874,0,16,37,23,76,708,89,123,30,950,0,0,0,950
05/08/2021,FLL,FL,ASO,ES,Towers with Radar,668,63,64,6,801,0,7,18,8,33,668,70,82,14,834,0,0,0,834
05/09/2021,FLL,FL,ASO,ES,Towers with Radar,667,58,70,4,799,0,16,13,12,41,667,74,83,16,840,0,0,0,840
05/10/2021,FLL,FL,ASO,ES,Towers with Radar,657,66,59,3,785,0,7,13,3,23,657,73,72,6,808,0,0,0,808
05/11/2021,FLL,FL,ASO,ES,Towers with Radar,602,58,66,4,730,0,5,27,2,34,602,63,93,6,764,0,0,0,764
05/12/2021,FLL,FL,ASO,ES,Towers with Radar,607,76,76,3,762,0,4,23,0,27,607,80,99,3,789,0,0,0,789
05/13/2021,FLL,FL,ASO,ES,Towers with Radar,683,71,94,3,851,0,8,13,0,21,683,79,107,3,872,0,0,0,872
05/14/2021,FLL,FL,ASO,ES,Towers with Radar,678,83,83,0,844,0,21,29,1,51,678,104,112,1,895,0,0,0,895
05/15/2021,FLL,FL,ASO,ES,Towers with Radar,658,68,59,2,787,0,7,11,0,18,658,75,70,2,805,0,0,0,805
05/16/2021,FLL,FL,ASO,ES,Towers with Radar,673,66,81,0,820,0,12,20,0,32,673,78,101,0,852,0,0,0,852
05/17/2021,FLL,FL,ASO,ES,Towers with Radar,665,64,43,0,772,0,12,8,0,20,665,76,51,0,792,0,0,0,792
05/18/2021,FLL,FL,ASO,ES,Towers with Radar,605,53,59,5,722,0,7,26,1,34,605,60,85,6,756,0,0,0,756
05/19/2021,FLL,FL,ASO,ES,Towers with Radar,624,68,54,3,749,0,8,17,0,25,624,76,71,3,774,0,0,0,774
05/20/2021,FLL,FL,ASO,ES,Towers with Radar,671,72,85,2,830,0,13,23,0,36,671,85,108,2,866,0,0,0,866
05/21/2021,FLL,FL,ASO,ES,Towers with Radar,677,56,62,1,796,0,21,16,2,39,677,77,78,3,835,0,0,0,835
05/22/2021,FLL,FL,ASO,ES,Towers with Radar,661,57,54,0,772,0,11,12,0,23,661,68,66,0,795,0,0,0,795
05/23/2021,FLL,FL,ASO,ES,Towers with Radar,672,68,76,2,818,0,19,19,0,38,672,87,95,2,856,0,0,0,856
05/24/2021,FLL,FL,ASO,ES,Towers with Radar,649,64,80,0,793,0,9,12,0,21,649,73,92,0,814,0,0,0,814
05/25/2021,FLL,FL,ASO,ES,Towers with Radar,625,54,55,0,734,0,13,16,0,29,625,67,71,0,763,0,0,0,763
05/26/2021,FLL,FL,ASO,ES,Towers with Radar,614,74,83,0,771,0,11,33,0,44,614,85,116,0,815,0,0,0,815
05/27/2021,FLL,FL,ASO,ES,Towers with Radar,678,91,86,2,857,0,13,32,0,45,678,104,118,2,902,0,0,0,902
05/28/2021,FLL,FL,ASO,ES,Towers with Radar,698,75,91,0,864,0,22,28,1,51,698,97,119,1,915,0,0,0,915
05/29/2021,FLL,FL,ASO,ES,Towers with Radar,665,67,51,2,785,0,6,13,0,19,665,73,64,2,804,0,0,0,804
05/30/2021,FLL,FL,ASO,ES,Towers with Radar,655,77,55,1,788,1,12,8,0,21,656,89,63,1,809,0,0,0,809
05/31/2021,FLL,FL,ASO,ES,Towers with Radar,680,71,96,2,849,0,14,21,1,36,680,85,117,3,885,0,0,0,885
06/01/2021,FLL,FL,ASO,ES,Towers with Radar,610,53,54,1,718,0,10,24,0,34,610,63,78,1,752,0,0,0,752
06/02/2021,FLL,FL,ASO,ES,Towers with Radar,627,52,61,4,744,0,11,21,0,32,627,63,82,4,776,0,0,0,776
06/03/2021,FLL,FL,ASO,ES,Towers with Radar,656,68,68,0,792,0,22,20,0,42,656,90,88,0,834,0,0,0,834
06/04/2021,FLL,FL,ASO,ES,Towers with Radar,678,81,74,6,839,0,13,15,6,34,678,94,89,12,873,0,0,0,873
06/05/2021,FLL,FL,ASO,ES,Towers with Radar,653,85,50,0,788,0,8,10,0,18,653,93,60,0,806,0,0,0,806
06/06/2021,FLL,FL,ASO,ES,Towers with Radar,671,66,86,0,823,0,12,11,0,23,671,78,97,0,846,0,0,0,846
06/07/2021,FLL,FL,ASO,ES,Towers with Radar,650,64,77,0,791,0,16,17,0,33,650,80,94,0,824,0,0,0,824
06/08/2021,FLL,FL,ASO,ES,Towers with Radar,575,40,60,0,675,0,10,14,0,24,575,50,74,0,699,0,0,0,699
06/09/2021,FLL,FL,ASO,ES,Towers with Radar,579,51,69,0,699,0,12,31,0,43,579,63,100,0,742,0,0,0,742
06/10/2021,FLL,FL,ASO,ES,Towers with Radar,654,76,69,0,799,0,13,33,0,46,654,89,102,0,845,0,0,0,845
06/11/2021,FLL,FL,ASO,ES,Towers with Radar,674,73,78,0,825,1,16,17,0,34,675,89,95,0,859,0,0,0,859
06/12/2021,FLL,FL,ASO,ES,Towers with Radar,650,62,53,1,766,0,11,24,0,35,650,73,77,1,801,0,0,0,801
06/13/2021,FLL,FL,ASO,ES,Towers with Radar,647,63,72,2,784,0,16,14,0,30,647,79,86,2,814,0,0,0,814
06/14/2021,FLL,FL,ASO,ES,Towers with Radar,611,72,66,0,749,0,14,11,0,25,611,86,77,0,774,0,0,0,774
06/15/2021,FLL,FL,ASO,ES,Towers with Radar,620,46,79,4,749,0,4,6,0,10,620,50,85,4,759,0,0,0,759
06/16/2021,FLL,FL,ASO,ES,Towers with Radar,620,62,82,0,764,0,4,13,0,17,620,66,95,0,781,0,0,0,781
06/17/2021,FLL,FL,ASO,ES,Towers with Radar,661,84,65,0,810,0,18,25,0,43,661,102,90,0,853,0,0,0,853
06/18/2021,FLL,FL,ASO,ES,Towers with Radar,663,73,91,2,829,0,13,16,4,33,663,86,107,6,862,0,0,0,862
06/19/2021,FLL,FL,ASO,ES,Towers with Radar,649,70,64,0,783,0,14,19,0,33,649,84,83,0,816,0,0,0,816
06/20/2021,FLL,FL,ASO,ES,Towers with Radar,656,64,66,0,786,0,7,15,0,22,656,71,81,0,808,0,0,0,808
06/21/2021,FLL,FL,ASO,ES,Towers with Radar,621,71,64,3,759,0,18,23,3,44,621,89,87,6,803,0,0,0,803
06/22/2021,FLL,FL,ASO,ES,Towers with Radar,613,60,76,1,750,0,7,18,0,25,613,67,94,1,775,0,0,0,775
06/23/2021,FLL,FL,ASO,ES,Towers with Radar,626,77,68,2,773,0,5,23,6,34,626,82,91,8,807,0,0,0,807
06/24/2021,FLL,FL,ASO,ES,Towers with Radar,656,70,83,4,813,0,11,17,5,33,656,81,100,9,846,0,0,0,846
06/25/2021,FLL,FL,ASO,ES,Towers with Radar,679,60,63,1,803,0,16,19,4,39,679,76,82,5,842,0,0,0,842
06/26/2021,FLL,FL,ASO,ES,Towers with Radar,648,60,51,2,761,0,11,18,0,29,648,71,69,2,790,0,0,0,790
06/27/2021,FLL,FL,ASO,ES,Towers with Radar,651,66,85,1,803,0,17,18,0,35,651,83,103,1,838,0,0,0,838
06/28/2021,FLL,FL,ASO,ES,Towers with Radar,648,55,78,1,782,0,12,10,1,23,648,67,88,2,805,0,0,0,805
06/29/2021,FLL,FL,ASO,ES,Towers with Radar,636,57,58,2,753,0,8,14,0,22,636,65,72,2,775,0,0,0,775
06/30/2021,FLL,FL,ASO,ES,Towers with Radar,630,55,65,3,753,0,8,9,1,18,630,63,74,4,771,0,0,0,771
07/01/2021,FLL,FL,ASO,ES,Towers with Radar,667,117,158,1,943,0,14,23,2,39,667,131,181,3,982,0,0,0,982
07/02/2021,FLL,FL,ASO,ES,Towers with Radar,664,84,74,1,823,0,14,21,0,35,664,98,95,1,858,0,0,0,858
07/03/2021,FLL,FL,ASO,ES,Towers with Radar,655,60,74,0,789,0,7,18,3,28,655,67,92,3,817,0,0,0,817
07/04/2021,FLL,FL,ASO,ES,Towers with Radar,601,56,26,0,683,0,7,12,0,19,601,63,38,0,702,0,0,0,702
07/05/2021,FLL,FL,ASO,ES,Towers with Radar,626,46,71,0,743,0,11,15,0,26,626,57,86,0,769,0,0,0,769
07/06/2021,FLL,FL,ASO,ES,Towers with Radar,611,27,47,0,685,0,8,4,1,13,611,35,51,1,698,0,0,0,698
07/07/2021,FLL,FL,ASO,ES,Towers with Radar,595,49,46,2,692,0,6,14,0,20,595,55,60,2,712,0,0,0,712
07/08/2021,FLL,FL,ASO,ES,Towers with Radar,621,77,77,1,776,0,11,11,0,22,621,88,88,1,798,0,0,0,798
07/09/2021,FLL,FL,ASO,ES,Towers with Radar,658,72,57,5,792,0,13,14,3,30,658,85,71,8,822,0,0,0,822
07/10/2021,FLL,FL,ASO,ES,Towers with Radar,652,54,50,0,756,0,9,16,0,25,652,63,66,0,781,0,0,0,781
07/11/2021,FLL,FL,ASO,ES,Towers with Radar,640,67,79,2,788,0,10,18,0,28,640,77,97,2,816,0,0,0,816
07/12/2021,FLL,FL,ASO,ES,Towers with Radar,622,59,71,1,753,0,8,8,4,20,622,67,79,5,773,0,0,0,773
07/13/2021,FLL,FL,ASO,ES,Towers with Radar,638,60,58,0,756,0,10,17,1,28,638,70,75,1,784,0,0,0,784
07/14/2021,FLL,FL,ASO,ES,Towers with Radar,618,47,78,2,745,0,10,18,0,28,618,57,96,2,773,0,0,0,773
07/15/2021,FLL,FL,ASO,ES,Towers with Radar,660,71,70,0,801,0,15,14,0,29,660,86,84,0,830,0,0,0,830
07/16/2021,FLL,FL,ASO,ES,Towers with Radar,669,63,71,2,805,0,14,19,14,47,669,77,90,16,852,0,0,0,852
07/17/2021,FLL,FL,ASO,ES,Towers with Radar,641,57,70,0,768,0,3,19,0,22,641,60,89,0,790,0,0,0,790
07/18/2021,FLL,FL,ASO,ES,Towers with Radar,642,65,55,0,762,0,11,13,0,24,642,76,68,0,786,0,0,0,786
07/19/2021,FLL,FL,ASO,ES,Towers with Radar,648,60,81,0,789,0,11,13,2,26,648,71,94,2,815,0,0,0,815
07/20/2021,FLL,FL,ASO,ES,Towers with Radar,623,64,58,0,745,0,9,19,0,28,623,73,77,0,773,0,0,0,773
07/21/2021,FLL,FL,ASO,ES,Towers with Radar,609,62,80,2,753,0,7,21,1,29,609,69,101,3,782,0,0,0,782
07/22/2021,FLL,FL,ASO,ES,Towers with Radar,673,77,79,0,829,0,15,17,0,32,673,92,96,0,861,0,0,0,861
07/23/2021,FLL,FL,ASO,ES,Towers with Radar,642,63,58,2,765,0,13,12,1,26,642,76,70,3,791,0,0,0,791
07/24/2021,FLL,FL,ASO,ES,Towers with Radar,655,67,49,0,771,0,8,9,0,17,655,75,58,0,788,0,0,0,788
07/25/2021,FLL,FL,ASO,ES,Towers with Radar,645,59,60,0,764,0,13,15,0,28,645,72,75,0,792,0,0,0,792
07/26/2021,FLL,FL,ASO,ES,Towers with Radar,674,61,44,2,781,0,14,12,0,26,674,75,56,2,807,0,0,0,807
07/27/2021,FLL,FL,ASO,ES,Towers with Radar,618,55,84,2,759,0,12,15,0,27,618,67,99,2,786,0,0,0,786
07/28/2021,FLL,FL,ASO,ES,Towers with Radar,609,52,50,0,711,0,5,9,5,19,609,57,59,5,730,0,0,0,730
07/29/2021,FLL,FL,ASO,ES,Towers with Radar,682,68,54,1,805,0,12,15,0,27,682,80,69,1,832,0,0,0,832
07/30/2021,FLL,FL,ASO,ES,Towers with Radar,654,79,77,0,810,0,16,24,1,41,654,95,101,1,851,0,0,0,851
07/31/2021,FLL,FL,ASO,ES,Towers with Radar,617,59,65,1,742,0,8,13,0,21,617,67,78,1,763,0,0,0,763
08/01/2021,FLL,FL,ASO,ES,Towers with Radar,577,47,72,1,697,0,12,11,5,28,577,59,83,6,725,0,0,0,725
08/02/2021,FLL,FL,ASO,ES,Towers with Radar,556,57,70,0,683,0,7,15,0,22,556,64,85,0,705,0,0,0,705
08/03/2021,FLL,FL,ASO,ES,Towers with Radar,489,49,57,0,595,0,13,12,0,25,489,62,69,0,620,0,0,0,620
08/04/2021,FLL,FL,ASO,ES,Towers with Radar,518,49,65,0,632,0,12,20,0,32,518,61,85,0,664,0,0,0,664
08/05/2021,FLL,FL,ASO,ES,Towers with Radar,586,65,73,2,726,0,11,22,1,34,586,76,95,3,760,0,0,0,760
08/06/2021,FLL,FL,ASO,ES,Towers with Radar,608,70,65,2,745,0,10,25,0,35,608,80,90,2,780,0,0,0,780
08/07/2021,FLL,FL,ASO,ES,Towers with Radar,615,79,66,3,763,0,9,12,0,21,615,88,78,3,784,0,0,0,784
08/08/2021,FLL,FL,ASO,ES,Towers with Radar,653,59,79,0,791,0,10,10,0,20,653,69,89,0,811,0,0,0,811
08/09/2021,FLL,FL,ASO,ES,Towers with Radar,633,55,45,0,733,0,7,25,0,32,633,62,70,0,765,0,0,0,765
08/10/2021,FLL,FL,ASO,ES,Towers with Radar,592,67,64,2,725,0,10,17,0,27,592,77,81,2,752,0,0,0,752
08/11/2021,FLL,FL,ASO,ES,Towers with Radar,605,51,58,3,717,0,4,15,1,20,605,55,73,4,737,0,0,0,737
08/12/2021,FLL,FL,ASO,ES,Towers with Radar,585,53,51,0,689,0,7,28,0,35,585,60,79,0,724,0,0,0,724
08/13/2021,FLL,FL,ASO,ES,Towers with Radar,666,65,60,1,792,0,14,13,0,27,666,79,73,1,819,0,0,0,819
08/14/2021,FLL,FL,ASO,ES,Towers with Radar,631,54,29,1,715,0,0,8,0,8,631,54,37,1,723,0,0,0,723
08/15/2021,FLL,FL,ASO,ES,Towers with Radar,634,67,59,3,763,0,9,18,0,27,634,76,77,3,790,0,0,0,790
08/16/2021,FLL,FL,ASO,ES,Towers with Radar,623,61,45,4,733,0,6,14,0,20,623,67,59,4,753,0,0,0,753
08/17/2021,FLL,FL,ASO,ES,Towers with Radar,564,58,65,1,688,0,4,24,0,28,564,62,89,1,716,0,0,0,716
08/18/2021,FLL,FL,ASO,ES,Towers with Radar,577,55,89,2,723,0,7,20,0,27,577,62,109,2,750,0,0,0,750
08/19/2021,FLL,FL,ASO,ES,Towers with Radar,637,43,56,0,736,0,10,27,1,38,637,53,83,1,774,0,0,0,774
08/20/2021,FLL,FL,ASO,ES,Towers with Radar,632,58,59,2,751,0,12,23,0,35,632,70,82,2,786,0,0,0,786
08/21/2021,FLL,FL,ASO,ES,Towers with Radar,616,57,56,1,730,0,7,6,2,15,616,64,62,3,745,0,0,0,745
08/22/2021,FLL,FL,ASO,ES,Towers with Radar,610,58,54,0,722,0,10,17,0,27,610,68,71,0,749,0,0,0,749
08/23/2021,FLL,FL,ASO,ES,Towers with Radar,605,62,49,3,719,0,13,13,0,26,605,75,62,3,745,0,0,0,745
08/24/2021,FLL,FL,ASO,ES,Towers with Radar,572,55,63,2,692,0,13,26,0,39,572,68,89,2,731,0,0,0,731
08/25/2021,FLL,FL,ASO,ES,Towers with Radar,573,52,71,4,700,0,5,15,1,21,573,57,86,5,721,0,0,0,721
08/26/2021,FLL,FL,ASO,ES,Towers with Radar,643,62,59,1,765,0,12,19,2,33,643,74,78,3,798,0,0,0,798
08/27/2021,FLL,FL,ASO,ES,Towers with Radar,630,60,58,2,750,0,16,17,0,33,630,76,75,2,783,0,0,0,783
08/28/2021,FLL,FL,ASO,ES,Towers with Radar,614,61,57,0,732,0,3,19,0,22,614,64,76,0,754,0,0,0,754
08/29/2021,FLL,FL,ASO,ES,Towers with Radar,622,53,36,0,711,0,12,8,0,20,622,65,44,0,731,0,0,0,731
08/30/2021,FLL,FL,ASO,ES,Towers with Radar,600,49,54,4,707,0,13,17,1,31,600,62,71,5,738,0,0,0,738
08/31/2021,FLL,FL,ASO,ES,Towers with Radar,557,47,43,1,648,0,8,14,1,23,557,55,57,2,671,0,0,0,671
09/01/2021,FLL,FL,ASO,ES,Towers with Radar,546,58,43,1,648,0,3,22,0,25,546,61,65,1,673,0,0,0,673
09/02/2021,FLL,FL,ASO,ES,Towers with Radar,600,74,53,3,730,0,7,9,0,16,600,81,62,3,746,0,0,0,746
09/03/2021,FLL,FL,ASO,ES,Towers with Radar,625,63,85,0,773,0,17,14,0,31,625,80,99,0,804,0,0,0,804
09/04/2021,FLL,FL,ASO,ES,Towers with Radar,587,56,51,0,694,0,6,9,0,15,587,62,60,0,709,0,0,0,709
09/05/2021,FLL,FL,ASO,ES,Towers with Radar,577,47,34,0,658,0,13,7,0,20,577,60,41,0,678,0,0,0,678
09/06/2021,FLL,FL,ASO,ES,Towers with Radar,595,53,51,0,699,0,27,10,0,37,595,80,61,0,736,0,0,0,736
09/07/2021,FLL,FL,ASO,ES,Towers with Radar,514,52,37,2,605,0,8,13,0,21,514,60,50,2,626,0,0,0,626
09/08/2021,FLL,FL,ASO,ES,Towers with Radar,525,55,62,2,644,0,6,9,0,15,525,61,71,2,659,0,0,0,659
09/09/2021,FLL,FL,ASO,ES,Towers with Radar,592,63,63,0,718,0,8,22,0,30,592,71,85,0,748,0,0,0,748
09/10/2021,FLL,FL,ASO,ES,Towers with Radar,605,56,69,2,732,0,9,20,0,29,605,65,89,2,761,0,0,0,761
09/11/2021,FLL,FL,ASO,ES,Towers with Radar,558,72,33,0,663,0,4,10,0,14,558,76,43,0,677,0,0,0,677
09/12/2021,FLL,FL,ASO,ES,Towers with Radar,587,59,61,1,708,0,12,10,0,22,587,71,71,1,730,0,0,0,730
09/13/2021,FLL,FL,ASO,ES,Towers with Radar,581,46,44,1,672,0,9,13,0,22,581,55,57,1,694,0,0,0,694
09/14/2021,FLL,FL,ASO,ES,Towers with Radar,485,58,52,0,595,0,11,26,0,37,485,69,78,0,632,0,0,0,632
09/15/2021,FLL,FL,ASO,ES,Towers with Radar,514,53,58,3,628,0,5,15,0,20,514,58,73,3,648,0,0,0,648
09/16/2021,FLL,FL,ASO,ES,Towers with Radar,603,56,47,3,709,0,12,15,0,27,603,68,62,3,736,0,0,0,736
09/17/2021,FLL,FL,ASO,ES,Towers with Radar,597,61,69,2,729,0,6,15,0,21,597,67,84,2,750,0,0,0,750
09/18/2021,FLL,FL,ASO,ES,Towers with Radar,548,55,36,0,639,0,6,12,0,18,548,61,48,0,657,0,0,0,657
09/19/2021,FLL,FL,ASO,ES,Towers with Radar,590,54,50,1,695,0,4,16,0,20,590,58,66,1,715,0,0,0,715
09/20/2021,FLL,FL,ASO,ES,Towers with Radar,589,54,48,2,693,0,7,18,0,25,589,61,66,2,718,0,0,0,718
09/21/2021,FLL,FL,ASO,ES,Towers with Radar,514,45,52,0,611,0,6,30,0,36,514,51,82,0,647,0,0,0,647
09/22/2021,FLL,FL,ASO,ES,Towers with Radar,509,44,47,1,601,0,7,26,1,34,509,51,73,2,635,0,0,0,635
09/23/2021,FLL,FL,ASO,ES,Towers with Radar,562,63,68,0,693,0,13,20,2,35,562,76,88,2,728,0,0,0,728
09/24/2021,FLL,FL,ASO,ES,Towers with Radar,583,88,79,0,750,0,12,12,2,26,583,100,91,2,776,0,0,0,776
09/25/2021,FLL,FL,ASO,ES,Towers with Radar,543,55,41,0,639,0,10,3,0,13,543,65,44,0,652,0,0,0,652
09/26/2021,FLL,FL,ASO,ES,Towers with Radar,596,66,73,2,737,0,16,13,2,31,596,82,86,4,768,0,0,0,768
09/27/2021,FLL,FL,ASO,ES,Towers with Radar,569,46,61,0,676,0,13,26,0,39,569,59,87,0,715,0,0,0,715
09/28/2021,FLL,FL,ASO,ES,Towers with Radar,502,35,75,0,612,0,13,20,1,34,502,48,95,1,646,0,0,0,646
09/29/2021,FLL,FL,ASO,ES,Towers with Radar,517,51,63,0,631,0,7,50,1,58,517,58,113,1,689,0,0,0,689
09/30/2021,FLL,FL,ASO,ES,Towers with Radar,603,63,70,1,737,0,12,20,3,35,603,75,90,4,772,0,0,0,772
10/01/2021,FLL,FL,ASO,ES,Towers with Radar,598,68,77,1,744,0,10,10,2,22,598,78,87,3,766,0,0,0,766
10/02/2021,FLL,FL,ASO,ES,Towers with Radar,556,45,58,0,659,0,0,13,0,13,556,45,71,0,672,0,0,0,672
10/03/2021,FLL,FL,ASO,ES,Towers with Radar,601,69,56,0,726,0,7,12,0,19,601,76,68,0,745,0,0,0,745
10/04/2021,FLL,FL,ASO,ES,Towers with Radar,568,51,71,2,692,0,9,26,0,35,568,60,97,2,727,0,0,0,727
10/05/2021,FLL,FL,ASO,ES,Towers with Radar,530,62,47,1,640,0,11,27,0,38,530,73,74,1,678,0,0,0,678
10/06/2021,FLL,FL,ASO,ES,Towers with Radar,509,54,67,3,633,0,7,29,0,36,509,61,96,3,669,0,0,0,669
10/07/2021,FLL,FL,ASO,ES,Towers with Radar,614,91,82,1,788,0,8,24,2,34,614,99,106,3,822,0,0,0,822
10/08/2021,FLL,FL,ASO,ES,Towers with Radar,534,81,61,3,679,0,14,24,0,38,534,95,85,3,717,0,0,0,717
10/09/2021,FLL,FL,ASO,ES,Towers with Radar,584,78,47,0,709,0,5,3,0,8,584,83,50,0,717,0,0,0,717
10/10/2021,FLL,FL,ASO,ES,Towers with Radar,566,65,48,0,679,0,4,15,1,20,566,69,63,1,699,0,0,0,699
10/11/2021,FLL,FL,ASO,ES,Towers with Radar,576,84,51,1,712,0,2,18,0,20,576,86,69,1,732,0,0,0,732
10/12/2021,FLL,FL,ASO,ES,Towers with Radar,537,48,55,2,642,0,5,17,0,22,537,53,72,2,664,0,0,0,664
10/13/2021,FLL,FL,ASO,ES,Towers with Radar,540,56,63,2,661,0,5,19,0,24,540,61,82,2,685,0,0,0,685
10/14/2021,FLL,FL,ASO,ES,Towers with Radar,610,63,76,0,749,0,9,7,0,16,610,72,83,0,765,0,0,0,765
10/15/2021,FLL,FL,ASO,ES,Towers with Radar,614,79,52,3,748,0,12,14,0,26,614,91,66,3,774,0,0,0,774
10/16/2021,FLL,FL,ASO,ES,Towers with Radar,581,54,42,2,679,0,10,9,0,19,581,64,51,2,698,0,0,0,698
10/17/2021,FLL,FL,ASO,ES,Towers with Radar,606,63,73,2,744,0,7,10,0,17,606,70,83,2,761,0,0,0,761
10/18/2021,FLL,FL,ASO,ES,Towers with Radar,599,55,77,4,735,0,6,20,0,26,599,61,97,4,761,0,0,0,761
10/19/2021,FLL,FL,ASO,ES,Towers with Radar,539,52,77,2,670,0,3,28,0,31,539,55,105,2,701,0,0,0,701
10/20/2021,FLL,FL,ASO,ES,Towers with Radar,546,56,82,0,684,0,17,30,1,48,546,73,112,1,732,0,0,0,732
10/21/2021,FLL,FL,ASO,ES,Towers with Radar,605,78,74,0,757,0,12,26,0,38,605,90,100,0,795,0,0,0,795
10/22/2021,FLL,FL,ASO,ES,Towers with Radar,625,83,77,2,787,0,14,7,2,23,625,97,84,4,810,0,0,0,810
10/23/2021,FLL,FL,ASO,ES,Towers with Radar,583,55,51,0,689,0,4,19,0,23,583,59,70,0,712,0,0,0,712
10/24/2021,FLL,FL,ASO,ES,Towers with Radar,601,73,60,0,734,0,2,23,0,25,601,75,83,0,759,0,0,0,759
10/25/2021,FLL,FL,ASO,ES,Towers with Radar,583,67,72,4,726,0,13,7,0,20,583,80,79,4,746,0,0,0,746
10/26/2021,FLL,FL,ASO,ES,Towers with Radar,549,71,90,3,713,0,12,27,0,39,549,83,117,3,752,0,0,0,752
10/27/2021,FLL,FL,ASO,ES,Towers with Radar,543,113,143,3,802,0,7,39,0,46,543,120,182,3,848,0,0,0,848
10/28/2021,FLL,FL,ASO,ES,Towers with Radar,603,119,145,2,869,0,10,26,1,37,603,129,171,3,906,0,0,0,906
10/29/2021,FLL,FL,ASO,ES,Towers with Radar,614,118,161,3,896,0,15,51,0,66,614,133,212,3,962,0,0,0,962
10/30/2021,FLL,FL,ASO,ES,Towers with Radar,584,93,109,0,786,0,6,33,0,39,584,99,142,0,825,0,0,0,825
10/31/2021,FLL,FL,ASO,ES,Towers with Radar,589,96,129,0,814,0,9,24,0,33,589,105,153,0,847,0,0,0,847
11/01/2021,FLL,FL,ASO,ES,Towers with Radar,609,84,66,1,760,0,12,20,0,32,609,96,86,1,792,0,0,0,792
11/02/2021,FLL,FL,ASO,ES,Towers with Radar,549,72,73,3,697,0,12,14,0,26,549,84,87,3,723,0,0,0,723
11/03/2021,FLL,FL,ASO,ES,Towers with Radar,560,82,57,2,701,0,20,17,0,37,560,102,74,2,738,0,0,0,738
11/04/2021,FLL,FL,ASO,ES,Towers with Radar,634,87,86,4,811,0,16,31,0,47,634,103,117,4,858,0,0,0,858
11/05/2021,FLL,FL,ASO,ES,Towers with Radar,630,76,71,4,781,0,3,9,2,14,630,79,80,6,795,0,0,0,795
11/06/2021,FLL,FL,ASO,ES,Towers with Radar,581,72,60,0,713,0,1,11,0,12,581,73,71,0,725,0,0,0,725
11/07/2021,FLL,FL,ASO,ES,Towers with Radar,610,94,99,0,803,0,6,25,0,31,610,100,124,0,834,0,0,0,834
11/08/2021,FLL,FL,ASO,ES,Towers with Radar,588,80,77,2,747,0,2,19,0,21,588,82,96,2,768,0,0,0,768
11/09/2021,FLL,FL,ASO,ES,Towers with Radar,503,63,81,4,651,0,8,29,0,37,503,71,110,4,688,0,0,0,688
11/10/2021,FLL,FL,ASO,ES,Towers with Radar,502,81,108,2,693,0,3,32,2,37,502,84,140,4,730,0,0,0,730
11/11/2021,FLL,FL,ASO,ES,Towers with Radar,622,91,97,0,810,0,8,34,0,42,622,99,131,0,852,0,0,0,852
11/12/2021,FLL,FL,ASO,ES,Towers with Radar,605,93,106,0,804,1,20,26,2,49,606,113,132,2,853,0,0,0,853
11/13/2021,FLL,FL,ASO,ES,Towers with Radar,574,66,57,0,697,0,8,11,0,19,574,74,68,0,716,0,0,0,716
11/14/2021,FLL,FL,ASO,ES,Towers with Radar,616,80,120,2,818,0,8,29,0,37,616,88,149,2,855,0,0,0,855
11/15/2021,FLL,FL,ASO,ES,Towers with Radar,607,87,91,1,786,0,11,43,0,54,607,98,134,1,840,0,0,0,840
11/16/2021,FLL,FL,ASO,ES,Towers with Radar,501,53,59,3,616,0,5,47,0,52,501,58,106,3,668,0,0,0,668
11/17/2021,FLL,FL,ASO,ES,Towers with Radar,518,65,64,4,651,0,2,27,0,29,518,67,91,4,680,0,0,0,680
11/18/2021,FLL,FL,ASO,ES,Towers with Radar,612,69,92,0,773,0,6,19,0,25,612,75,111,0,798,0,0,0,798
11/19/2021,FLL,FL,ASO,ES,Towers with Radar,620,76,107,2,805,0,4,16,0,20,620,80,123,2,825,0,0,0,825
11/20/2021,FLL,FL,ASO,ES,Towers with Radar,631,76,88,0,795,0,3,20,0,23,631,79,108,0,818,0,0,0,818
11/21/2021,FLL,FL,ASO,ES,Towers with Radar,634,83,113,3,833,0,9,28,0,37,634,92,141,3,870,0,0,0,870
11/22/2021,FLL,FL,ASO,ES,Towers with Radar,595,70,79,1,745,0,6,26,2,34,595,76,105,3,779,0,0,0,779
11/23/2021,FLL,FL,ASO,ES,Towers with Radar,632,72,118,0,822,0,19,48,2,69,632,91,166,2,891,0,0,0,891
11/24/2021,FLL,FL,ASO,ES,Towers with Radar,652,102,91,2,847,0,9,37,0,46,652,111,128,2,893,0,0,0,893
11/25/2021,FLL,FL,ASO,ES,Towers with Radar,510,42,21,0,573,0,1,14,0,15,510,43,35,0,588,0,0,0,588
11/26/2021,FLL,FL,ASO,ES,Towers with Radar,569,67,54,0,690,0,15,33,0,48,569,82,87,0,738,0,0,0,738
11/27/2021,FLL,FL,ASO,ES,Towers with Radar,658,91,67,0,816,0,12,31,0,43,658,103,98,0,859,0,0,0,859
11/28/2021,FLL,FL,ASO,ES,Towers with Radar,680,102,123,0,905,0,28,24,7,59,680,130,147,7,964,0,0,0,964
11/29/2021,FLL,FL,ASO,ES,Towers with Radar,649,71,97,1,818,0,20,42,0,62,649,91,139,1,880,0,0,0,880
11/30/2021,FLL,FL,ASO,ES,Towers with Radar,594,64,72,3,733,0,13,39,0,52,594,77,111,3,785,0,0,0,785
12/01/2021,FLL,FL,ASO,ES,Towers with Radar,570,86,98,4,758,0,10,42,0,52,570,96,140,4,810,0,0,0,810
12/02/2021,FLL,FL,ASO,ES,Towers with Radar,626,82,104,0,812,0,16,35,1,52,626,98,139,1,864,0,0,0,864
12/03/2021,FLL,FL,ASO,ES,Towers with Radar,623,66,75,3,767,0,14,38,0,52,623,80,113,3,819,0,0,0,819
12/04/2021,FLL,FL,ASO,ES,Towers with Radar,608,69,66,2,745,0,11,20,0,31,608,80,86,2,776,0,0,0,776
12/05/2021,FLL,FL,ASO,ES,Towers with Radar,643,86,96,2,827,0,22,16,0,38,643,108,112,2,865,0,0,0,865
12/06/2021,FLL,FL,ASO,ES,Towers with Radar,589,71,76,2,738,0,13,18,0,31,589,84,94,2,769,0,0,0,769
12/07/2021,FLL,FL,ASO,ES,Towers with Radar,529,60,72,1,662,0,10,27,0,37,529,70,99,1,699,0,0,0,699
12/08/2021,FLL,FL,ASO,ES,Towers with Radar,530,70,87,1,688,0,8,30,0,38,530,78,117,1,726,0,0,0,726
12/09/2021,FLL,FL,ASO,ES,Towers with Radar,621,90,86,2,799,0,16,24,0,40,621,106,110,2,839,0,0,0,839
12/10/2021,FLL,FL,ASO,ES,Towers with Radar,602,83,79,3,767,0,21,31,0,52,602,104,110,3,819,0,0,0,819
12/11/2021,FLL,FL,ASO,ES,Towers with Radar,574,76,54,0,704,0,7,16,0,23,574,83,70,0,727,0,0,0,727
12/12/2021,FLL,FL,ASO,ES,Towers with Radar,625,61,83,2,771,0,18,11,0,29,625,79,94,2,800,0,0,0,800
12/13/2021,FLL,FL,ASO,ES,Towers with Radar,588,57,70,1,716,0,11,30,2,43,588,68,100,3,759,0,0,0,759
12/14/2021,FLL,FL,ASO,ES,Towers with Radar,527,79,89,2,697,0,13,28,0,41,527,92,117,2,738,0,0,0,738
12/15/2021,FLL,FL,ASO,ES,Towers with Radar,543,77,81,2,703,0,8,28,0,36,543,85,109,2,739,0,0,0,739
12/16/2021,FLL,FL,ASO,ES,Towers with Radar,649,87,85,0,821,0,7,48,2,57,649,94,133,2,878,0,0,0,878
12/17/2021,FLL,FL,ASO,ES,Towers with Radar,666,94,122,4,886,0,12,23,4,39,666,106,145,8,925,0,0,0,925
12/18/2021,FLL,FL,ASO,ES,Towers with Radar,686,105,96,1,888,0,3,22,0,25,686,108,118,1,913,0,0,0,913
12/19/2021,FLL,FL,ASO,ES,Towers with Radar,666,93,98,2,859,0,8,13,0,21,666,101,111,2,880,0,0,0,880
12/20/2021,FLL,FL,ASO,ES,Towers with Radar,681,82,85,0,848,0,14,23,0,37,681,96,108,0,885,0,0,0,885
12/21/2021,FLL,FL,ASO,ES,Towers with Radar,681,78,68,0,827,0,10,17,0,27,681,88,85,0,854,0,0,0,854
12/22/2021,FLL,FL,ASO,ES,Towers with Radar,696,95,73,0,864,0,9,25,0,34,696,104,98,0,898,0,0,0,898
12/23/2021,FLL,FL,ASO,ES,Towers with Radar,728,80,75,0,883,0,12,33,0,45,728,92,108,0,928,0,0,0,928
12/24/2021,FLL,FL,ASO,ES,Towers with Radar,603,72,53,0,728,0,3,23,0,26,603,75,76,0,754,0,0,0,754
12/25/2021,FLL,FL,ASO,ES,Towers with Radar,590,62,48,0,700,0,6,11,0,17,590,68,59,0,717,0,0,0,717
12/26/2021,FLL,FL,ASO,ES,Towers with Radar,638,109,136,0,883,0,21,36,0,57,638,130,172,0,940,0,0,0,940
12/27/2021,FLL,FL,ASO,ES,Towers with Radar,684,120,128,2,934,0,19,32,2,53,684,139,160,4,987,0,0,0,987
12/28/2021,FLL,FL,ASO,ES,Towers with Radar,672,101,122,4,899,0,12,40,0,52,672,113,162,4,951,0,0,0,951
12/29/2021,FLL,FL,ASO,ES,Towers with Radar,677,75,85,2,839,0,14,39,0,53,677,89,124,2,892,0,0,0,892
12/30/2021,FLL,FL,ASO,ES,Towers with Radar,675,112,112,2,901,0,19,29,2,50,675,131,141,4,951,0,0,0,951
12/31/2021,FLL,FL,ASO,ES,Towers with Radar,593,76,71,0,740,0,10,18,2,30,593,86,89,2,770,0,0,0,770
01/01/2022,FLL,FL,ASO,ES,Towers with Radar,593,94,79,0,766,0,8,33,0,41,593,102,112,0,807,0,0,0,807
01/02/2022,FLL,FL,ASO,ES,Towers with Radar,620,120,157,0,897,0,17,56,2,75,620,137,213,2,972,0,0,0,972
01/03/2022,FLL,FL,ASO,ES,Towers with Radar,664,114,105,0,883,0,18,27,0,45,664,132,132,0,928,0,0,0,928
01/04/2022,FLL,FL,ASO,ES,Towers with Radar,606,95,98,2,801,0,16,32,0,48,606,111,130,2,849,0,0,0,849
01/05/2022,FLL,FL,ASO,ES,Towers with Radar,572,67,98,2,739,0,4,19,2,25,572,71,117,4,764,0,0,0,764
01/06/2022,FLL,FL,ASO,ES,Towers with Radar,612,82,97,0,791,0,16,17,2,35,612,98,114,2,826,0,0,0,826
01/07/2022,FLL,FL,ASO,ES,Towers with Radar,594,67,57,0,718,0,14,23,1,38,594,81,80,1,756,0,0,0,756
01/08/2022,FLL,FL,ASO,ES,Towers with Radar,595,81,66,2,744,0,2,22,1,25,595,83,88,3,769,0,0,0,769
01/09/2022,FLL,FL,ASO,ES,Towers with Radar,635,106,85,0,826,0,9,6,0,15,635,115,91,0,841,0,0,0,841
01/10/2022,FLL,FL,ASO,ES,Towers with Radar,622,78,79,2,781,0,13,20,2,35,622,91,99,4,816,0,0,0,816
01/11/2022,FLL,FL,ASO,ES,Towers with Radar,539,62,76,2,679,0,7,9,0,16,539,69,85,2,695,0,0,0,695
01/12/2022,FLL,FL,ASO,ES,Towers with Radar,550,73,85,2,710,0,7,16,0,23,550,80,101,2,733,0,0,0,733
01/13/2022,FLL,FL,ASO,ES,Towers with Radar,626,79,100,0,805,0,9,32,0,41,626,88,132,0,846,0,0,0,846
01/14/2022,FLL,FL,ASO,ES,Towers with Radar,634,89,93,2,818,0,18,33,0,51,634,107,126,2,869,0,0,0,869
01/15/2022,FLL,FL,ASO,ES,Towers with Radar,597,71,56,0,724,0,13,27,0,40,597,84,83,0,764,0,0,0,764
01/16/2022,FLL,FL,ASO,ES,Towers with Radar,542,66,55,0,663,0,9,2,0,11,542,75,57,0,674,0,0,0,674
01/17/2022,FLL,FL,ASO,ES,Towers with Radar,587,73,119,0,779,0,18,20,0,38,587,91,139,0,817,0,0,0,817
01/18/2022,FLL,FL,ASO,ES,Towers with Radar,538,70,74,2,684,0,12,18,0,30,538,82,92,2,714,0,0,0,714
01/19/2022,FLL,FL,ASO,ES,Towers with Radar,558,66,79,3,706,0,13,25,0,38,558,79,104,3,744,0,0,0,744
01/20/2022,FLL,FL,ASO,ES,Towers with Radar,636,72,97,2,807,0,12,30,0,42,636,84,127,2,849,0,0,0,849
01/21/2022,FLL,FL,ASO,ES,Towers with Radar,646,59,90,3,798,0,2,27,0,29,646,61,117,3,827,0,0,0,827
01/22/2022,FLL,FL,ASO,ES,Towers with Radar,596,54,58,4,712,0,6,11,0,17,596,60,69,4,729,0,0,0,729
01/23/2022,FLL,FL,ASO,ES,Towers with Radar,619,86,88,1,794,0,3,14,2,19,619,89,102,3,813,0,0,0,813
01/24/2022,FLL,FL,ASO,ES,Towers with Radar,609,58,87,2,756,0,2,25,2,29,609,60,112,4,785,0,0,0,785
01/25/2022,FLL,FL,ASO,ES,Towers with Radar,533,63,74,0,670,0,11,26,0,37,533,74,100,0,707,0,0,0,707
01/26/2022,FLL,FL,ASO,ES,Towers with Radar,543,62,96,2,703,0,4,22,0,26,543,66,118,2,729,0,0,0,729
01/27/2022,FLL,FL,ASO,ES,Towers with Radar,634,89,115,2,840,0,10,12,0,22,634,99,127,2,862,0,0,0,862
01/28/2022,FLL,FL,ASO,ES,Towers with Radar,631,69,111,0,811,0,3,15,0,18,631,72,126,0,829,0,0,0,829
01/29/2022,FLL,FL,ASO,ES,Towers with Radar,489,50,54,2,595,0,1,18,0,19,489,51,72,2,614,0,0,0,614
01/30/2022,FLL,FL,ASO,ES,Towers with Radar,550,75,109,0,734,0,12,20,0,32,550,87,129,0,766,0,0,0,766
01/31/2022,FLL,FL,ASO,ES,Towers with Radar,579,61,83,2,725,0,5,26,0,31,579,66,109,2,756,0,0,0,756
02/01/2022,FLL,FL,ASO,ES,Towers with Radar,530,44,76,2,652,0,5,35,0,40,530,49,111,2,692,0,0,0,692
02/02/2022,FLL,FL,ASO,ES,Towers with Radar,533,54,66,5,658,0,1,46,0,47,533,55,112,5,705,0,0,0,705
02/03/2022,FLL,FL,ASO,ES,Towers with Radar,547,73,83,3,706,0,4,34,0,38,547,77,117,3,744,0,0,0,744
02/04/2022,FLL,FL,ASO,ES,Towers with Radar,573,57,89,5,724,0,15,29,6,50,573,72,118,11,774,0,0,0,774
02/05/2022,FLL,FL,ASO,ES,Towers with Radar,559,65,79,0,703,0,10,12,0,22,559,75,91,0,725,0,0,0,725
02/06/2022,FLL,FL,ASO,ES,Towers with Radar,607,97,67,1,772,0,6,18,0,24,607,103,85,1,796,0,0,0,796
02/07/2022,FLL,FL,ASO,ES,Towers with Radar,629,66,75,5,775,0,8,24,5,37,629,74,99,10,812,0,0,0,812
02/08/2022,FLL,FL,ASO,ES,Towers with Radar,544,63,62,1,670,0,2,26,0,28,544,65,88,1,698,0,0,0,698
02/09/2022,FLL,FL,ASO,ES,Towers with Radar,556,64,84,4,708,0,0,10,2,12,556,64,94,6,720,0,0,0,720
02/10/2022,FLL,FL,ASO,ES,Towers with Radar,638,76,102,4,820,0,12,52,2,66,638,88,154,6,886,0,0,0,886
02/11/2022,FLL,FL,ASO,ES,Towers with Radar,656,74,103,3,836,0,14,30,5,49,656,88,133,8,885,0,0,0,885
02/12/2022,FLL,FL,ASO,ES,Towers with Radar,625,83,84,2,794,0,6,25,0,31,625,89,109,2,825,0,0,0,825
02/13/2022,FLL,FL,ASO,ES,Towers with Radar,596,60,66,1,723,0,6,12,1,19,596,66,78,2,742,0,0,0,742
02/14/2022,FLL,FL,ASO,ES,Towers with Radar,632,85,95,0,812,0,15,28,1,44,632,100,123,1,856,0,0,0,856
02/15/2022,FLL,FL,ASO,ES,Towers with Radar,552,68,87,6,713,0,11,35,0,46,552,79,122,6,759,0,0,0,759
02/16/2022,FLL,FL,ASO,ES,Towers with Radar,606,71,109,3,789,0,8,18,0,26,606,79,127,3,815,0,0,0,815
02/17/2022,FLL,FL,ASO,ES,Towers with Radar,694,106,130,3,933,0,7,33,0,40,694,113,163,3,973,0,0,0,973
02/18/2022,FLL,FL,ASO,ES,Towers with Radar,713,108,112,3,936,0,10,36,0,46,713,118,148,3,982,0,0,0,982
02/19/2022,FLL,FL,ASO,ES,Towers with Radar,740,84,67,2,893,0,9,9,0,18,740,93,76,2,911,0,0,0,911
02/20/2022,FLL,FL,ASO,ES,Towers with Radar,695,102,75,0,872,0,6,24,5,35,695,108,99,5,907,0,0,0,907
02/21/2022,FLL,FL,ASO,ES,Towers with Radar,714,83,118,2,917,0,13,35,1,49,714,96,153,3,966,0,0,0,966
02/22/2022,FLL,FL,ASO,ES,Towers with Radar,661,60,97,0,818,0,5,24,3,32,661,65,121,3,850,0,0,0,850
02/23/2022,FLL,FL,ASO,ES,Towers with Radar,672,66,81,3,822,0,2,28,0,30,672,68,109,3,852,0,0,0,852
02/24/2022,FLL,FL,ASO,ES,Towers with Radar,712,81,99,4,896,0,15,32,1,48,712,96,131,5,944,0,0,0,944
02/25/2022,FLL,FL,ASO,ES,Towers with Radar,695,87,97,6,885,0,12,47,4,63,695,99,144,10,948,0,0,0,948
02/26/2022,FLL,FL,ASO,ES,Towers with Radar,732,92,96,1,921,0,3,18,2,23,732,95,114,3,944,0,0,0,944
02/27/2022,FLL,FL,ASO,ES,Towers with Radar,704,79,107,0,890,0,9,29,5,43,704,88,136,5,933,0,0,0,933
02/28/2022,FLL,FL,ASO,ES,Towers with Radar,726,79,78,4,887,0,5,35,0,40,726,84,113,4,927,0,0,0,927
03/01/2022,FLL,FL,ASO,ES,Towers with Radar,626,68,87,0,781,0,4,21,0,25,626,72,108,0,806,0,0,0,806
03/02/2022,FLL,FL,ASO,ES,Towers with Radar,632,60,116,1,809,0,1,32,0,33,632,61,148,1,842,0,0,0,842
03/03/2022,FLL,FL,ASO,ES,Towers with Radar,693,95,81,0,869,0,6,45,3,54,693,101,126,3,923,0,0,0,923
03/04/2022,FLL,FL,ASO,ES,Towers with Radar,694,85,86,0,865,0,14,37,0,51,694,99,123,0,916,0,0,0,916
03/05/2022,FLL,FL,ASO,ES,Towers with Radar,686,75,84,0,845,1,7,19,0,27,687,82,103,0,872,0,0,0,872
03/06/2022,FLL,FL,ASO,ES,Towers with Radar,671,91,124,0,886,0,9,27,0,36,671,100,151,0,922,0,0,0,922
03/07/2022,FLL,FL,ASO,ES,Towers with Radar,684,85,90,4,863,0,7,29,0,36,684,92,119,4,899,0,0,0,899
03/08/2022,FLL,FL,ASO,ES,Towers with Radar,602,80,88,0,770,0,7,37,2,46,602,87,125,2,816,0,0,0,816
03/09/2022,FLL,FL,ASO,ES,Towers with Radar,614,66,96,2,778,0,4,26,0,30,614,70,122,2,808,0,0,0,808
03/10/2022,FLL,FL,ASO,ES,Towers with Radar,708,83,109,2,902,0,8,36,0,44,708,91,145,2,946,0,0,0,946
03/11/2022,FLL,FL,ASO,ES,Towers with Radar,704,99,101,1,905,0,11,36,0,47,704,110,137,1,952,0,0,0,952
03/12/2022,FLL,FL,ASO,ES,Towers with Radar,592,88,97,1,778,0,12,28,0,40,592,100,125,1,818,0,0,0,818
03/13/2022,FLL,FL,ASO,ES,Towers with Radar,665,99,125,4,893,0,7,35,0,42,665,106,160,4,935,0,0,0,935
03/14/2022,FLL,FL,ASO,ES,Towers with Radar,702,102,96,5,905,1,12,35,0,48,703,114,131,5,953,0,0,0,953
03/15/2022,FLL,FL,ASO,ES,Towers with Radar,616,76,84,2,778,0,6,35,0,41,616,82,119,2,819,0,0,0,819
03/16/2022,FLL,FL,ASO,ES,Towers with Radar,635,70,99,3,807,0,2,37,0,39,635,72,136,3,846,0,0,0,846
03/17/2022,FLL,FL,ASO,ES,Towers with Radar,696,87,107,2,892,0,19,30,2,51,696,106,137,4,943,0,0,0,943
03/18/2022,FLL,FL,ASO,ES,Towers with Radar,698,91,80,4,873,0,21,48,2,71,698,112,128,6,944,0,0,0,944
03/19/2022,FLL,FL,ASO,ES,Towers with Radar,734,89,92,2,917,0,17,44,1,62,734,106,136,3,979,0,0,0,979
03/20/2022,FLL,FL,ASO,ES,Towers with Radar,720,91,132,0,943,0,13,25,0,38,720,104,157,0,981,0,0,0,981
03/21/2022,FLL,FL,ASO,ES,Towers with Radar,706,77,95,1,879,0,19,36,0,55,706,96,131,1,934,0,0,0,934
03/22/2022,FLL,FL,ASO,ES,Towers with Radar,607,49,69,4,729,0,8,37,0,45,607,57,106,4,774,0,0,0,774
03/23/2022,FLL,FL,ASO,ES,Towers with Radar,642,81,67,1,791,0,13,24,0,37,642,94,91,1,828,0,0,0,828
03/24/2022,FLL,FL,ASO,ES,Towers with Radar,704,90,96,0,890,0,13,20,0,33,704,103,116,0,923,0,0,0,923
03/25/2022,FLL,FL,ASO,ES,Towers with Radar,744,90,105,0,939,0,11,30,0,41,744,101,135,0,980,0,0,0,980
03/26/2022,FLL,FL,ASO,ES,Towers with Radar,728,94,87,0,909,0,16,33,0,49,728,110,120,0,958,0,0,0,958
03/27/2022,FLL,FL,ASO,ES,Towers with Radar,706,98,125,2,931,0,25,19,0,44,706,123,144,2,975,0,0,0,975
03/28/2022,FLL,FL,ASO,ES,Towers with Radar,697,75,79,2,853,0,15,23,0,38,697,90,102,2,891,0,0,0,891
03/29/2022,FLL,FL,ASO,ES,Towers with Radar,609,62,81,5,757,0,9,27,1,37,609,71,108,6,794,0,0,0,794
03/30/2022,FLL,FL,ASO,ES,Towers with Radar,620,73,89,3,785,0,12,31,0,43,620,85,120,3,828,0,0,0,828
03/31/2022,FLL,FL,ASO,ES,Towers with Radar,655,91,103,0,849,0,11,24,2,37,655,102,127,2,886,0,0,0,886
04/01/2022,FLL,FL,ASO,ES,Towers with Radar,650,81,109,0,840,0,17,38,2,57,650,98,147,2,897,0,0,0,897
04/02/2022,FLL,FL,ASO,ES,Towers with Radar,543,67,83,0,693,0,11,25,2,38,543,78,108,2,731,0,0,0,731
04/03/2022,FLL,FL,ASO,ES,Towers with Radar,604,81,118,0,803,0,16,26,0,42,604,97,144,0,845,0,0,0,845
04/04/2022,FLL,FL,ASO,ES,Towers with Radar,653,83,105,2,843,0,11,26,1,38,653,94,131,3,881,0,0,0,881
04/05/2022,FLL,FL,ASO,ES,Towers with Radar,637,49,79,3,768,0,12,27,7,46,637,61,106,10,814,0,0,0,814
04/06/2022,FLL,FL,ASO,ES,Towers with Radar,650,82,74,2,808,0,8,40,2,50,650,90,114,4,858,0,0,0,858
04/07/2022,FLL,FL,ASO,ES,Towers with Radar,611,73,87,0,771,0,18,18,0,36,611,91,105,0,807,0,0,0,807
04/08/2022,FLL,FL,ASO,ES,Towers with Radar,683,80,129,0,892,0,16,46,0,62,683,96,175,0,954,0,0,0,954
04/09/2022,FLL,FL,ASO,ES,Towers with Radar,634,74,90,2,800,0,14,29,2,45,634,88,119,4,845,0,0,0,845
04/10/2022,FLL,FL,ASO,ES,Towers with Radar,660,75,123,4,862,0,21,28,0,49,660,96,151,4,911,0,0,0,911
04/11/2022,FLL,FL,ASO,ES,Towers with Radar,681,76,95,0,852,0,15,23,0,38,681,91,118,0,890,0,0,0,890
04/12/2022,FLL,FL,ASO,ES,Towers with Radar,629,54,84,2,769,0,8,32,0,40,629,62,116,2,809,0,0,0,809
04/13/2022,FLL,FL,ASO,ES,Towers with Radar,639,82,104,4,829,0,4,42,0,46,639,86,146,4,875,0,0,0,875
04/14/2022,FLL,FL,ASO,ES,Towers with Radar,689,97,111,0,897,0,14,37,2,53,689,111,148,2,950,0,0,0,950
04/15/2022,FLL,FL,ASO,ES,Towers with Radar,672,89,73,2,836,0,9,33,0,42,672,98,106,2,878,0,0,0,878
04/16/2022,FLL,FL,ASO,ES,Towers with Radar,674,81,64,4,823,0,7,20,0,27,674,88,84,4,850,0,0,0,850
04/17/2022,FLL,FL,ASO,ES,Towers with Radar,664,90,82,1,837,0,14,25,0,39,664,104,107,1,876,0,0,0,876
04/18/2022,FLL,FL,ASO,ES,Towers with Radar,674,91,84,1,850,0,9,38,0,47,674,100,122,1,897,0,0,0,897
04/19/2022,FLL,FL,ASO,ES,Towers with Radar,630,68,74,3,775,0,13,31,0,44,630,81,105,3,819,0,0,0,819
04/20/2022,FLL,FL,ASO,ES,Towers with Radar,629,54,83,4,770,0,4,22,0,26,629,58,105,4,796,0,0,0,796
04/21/2022,FLL,FL,ASO,ES,Towers with Radar,683,78,85,3,849,0,11,34,0,45,683,89,119,3,894,0,0,0,894
04/22/2022,FLL,FL,ASO,ES,Towers with Radar,682,68,87,3,840,0,6,21,2,29,682,74,108,5,869,0,0,0,869
04/23/2022,FLL,FL,ASO,ES,Towers with Radar,646,81,78,3,808,0,11,22,0,33,646,92,100,3,841,0,0,0,841
04/24/2022,FLL,FL,ASO,ES,Towers with Radar,663,104,95,0,862,0,11,25,2,38,663,115,120,2,900,0,0,0,900
04/25/2022,FLL,FL,ASO,ES,Towers with Radar,662,77,68,3,810,0,14,26,1,41,662,91,94,4,851,0,0,0,851
04/26/2022,FLL,FL,ASO,ES,Towers with Radar,629,54,61,0,744,0,6,36,2,44,629,60,97,2,788,0,0,0,788
04/27/2022,FLL,FL,ASO,ES,Towers with Radar,620,59,105,4,788,0,5,31,0,36,620,64,136,4,824,0,0,0,824
04/28/2022,FLL,FL,ASO,ES,Towers with Radar,684,77,77,2,840,0,7,38,7,52,684,84,115,9,892,0,0,0,892
04/29/2022,FLL,FL,ASO,ES,Towers with Radar,681,77,88,4,850,0,24,46,21,91,681,101,134,25,941,0,0,0,941
04/30/2022,FLL,FL,ASO,ES,Towers with Radar,629,70,48,1,748,0,3,31,22,56,629,73,79,23,804,0,0,0,804
05/01/2022,FLL,FL,ASO,ES,Towers with Radar,645,71,97,7,820,0,19,39,14,72,645,90,136,21,892,0,0,0,892
05/02/2022,FLL,FL,ASO,ES,Towers with Radar,663,78,109,7,857,0,17,38,2,57,663,95,147,9,914,0,0,0,914
05/03/2022,FLL,FL,ASO,ES,Towers with Radar,597,68,71,4,740,0,7,22,0,29,597,75,93,4,769,0,0,0,769
05/04/2022,FLL,FL,ASO,ES,Towers with Radar,618,71,85,4,778,0,16,19,0,35,618,87,104,4,813,0,0,0,813
05/05/2022,FLL,FL,ASO,ES,Towers with Radar,663,91,126,4,884,0,18,32,1,51,663,109,158,5,935,0,0,0,935
05/06/2022,FLL,FL,ASO,ES,Towers with Radar,659,104,108,2,873,0,14,38,3,55,659,118,146,5,928,0,0,0,928
05/07/2022,FLL,FL,ASO,ES,Towers with Radar,606,95,66,1,768,0,6,34,2,42,606,101,100,3,810,0,0,0,810
05/08/2022,FLL,FL,ASO,ES,Towers with Radar,676,103,118,0,897,0,15,29,0,44,676,118,147,0,941,0,0,0,941
05/09/2022,FLL,FL,ASO,ES,Towers with Radar,653,111,121,3,888,0,13,31,0,44,653,124,152,3,932,0,0,0,932
05/10/2022,FLL,FL,ASO,ES,Towers with Radar,611,76,76,2,765,0,19,23,0,42,611,95,99,2,807,0,0,0,807
05/11/2022,FLL,FL,ASO,ES,Towers with Radar,600,64,68,1,733,0,13,26,0,39,600,77,94,1,772,0,0,0,772
05/12/2022,FLL,FL,ASO,ES,Towers with Radar,657,73,64,3,797,0,13,31,0,44,657,86,95,3,841,0,0,0,841
05/13/2022,FLL,FL,ASO,ES,Towers with Radar,642,65,81,2,790,0,13,38,0,51,642,78,119,2,841,0,0,0,841
05/14/2022,FLL,FL,ASO,ES,Towers with Radar,615,74,61,1,751,0,15,22,0,37,615,89,83,1,788,0,0,0,788
05/15/2022,FLL,FL,ASO,ES,Towers with Radar,636,76,92,1,805,0,17,28,0,45,636,93,120,1,850,0,0,0,850
05/16/2022,FLL,FL,ASO,ES,Towers with Radar,625,74,56,2,757,0,8,33,1,42,625,82,89,3,799,0,0,0,799
05/17/2022,FLL,FL,ASO,ES,Towers with Radar,604,56,57,2,719,0,13,19,1,33,604,69,76,3,752,0,0,0,752
05/18/2022,FLL,FL,ASO,ES,Towers with Radar,608,62,82,2,754,0,2,39,0,41,608,64,121,2,795,0,0,0,795
05/19/2022,FLL,FL,ASO,ES,Towers with Radar,660,74,85,3,822,0,13,44,0,57,660,87,129,3,879,0,0,0,879
05/20/2022,FLL,FL,ASO,ES,Towers with Radar,542,65,73,4,684,0,12,29,0,41,542,77,102,4,725,0,0,0,725
05/21/2022,FLL,FL,ASO,ES,Towers with Radar,608,76,76,2,762,0,9,24,2,35,608,85,100,4,797,0,0,0,797
05/22/2022,FLL,FL,ASO,ES,Towers with Radar,612,84,92,0,788,0,11,28,2,41,612,95,120,2,829,0,0,0,829
05/23/2022,FLL,FL,ASO,ES,Towers with Radar,646,63,85,0,794,0,8,112,0,120,646,71,197,0,914,79,0,79,993
05/24/2022,FLL,FL,ASO,ES,Towers with Radar,608,54,68,3,733,0,6,146,1,153,608,60,214,4,886,132,0,132,1018
05/25/2022,FLL,FL,ASO,ES,Towers with Radar,594,48,88,2,732,0,1,227,2,230,594,49,315,4,962,123,0,123,1085
05/26/2022,FLL,FL,ASO,ES,Towers with Radar,654,78,92,0,824,0,13,112,2,127,654,91,204,2,951,46,0,46,997
05/27/2022,FLL,FL,ASO,ES,Towers with Radar,621,62,104,2,789,0,15,35,0,50,621,77,139,2,839,0,0,0,839
05/28/2022,FLL,FL,ASO,ES,Towers with Radar,610,77,56,0,743,0,10,13,0,23,610,87,69,0,766,0,0,0,766
05/29/2022,FLL,FL,ASO,ES,Towers with Radar,575,50,63,0,688,0,11,10,0,21,575,61,73,0,709,0,0,0,709
05/30/2022,FLL,FL,ASO,ES,Towers with Radar,637,67,62,0,766,0,25,33,0,58,637,92,95,0,824,0,0,0,824
05/31/2022,FLL,FL,ASO,ES,Towers with Radar,590,63,80,1,734,0,15,16,0,31,590,78,96,1,765,0,0,0,765
06/01/2022,FLL,FL,ASO,ES,Towers with Radar,588,64,61,1,714,0,12,13,2,27,588,76,74,3,741,0,0,0,741
06/02/2022,FLL,FL,ASO,ES,Towers with Radar,603,62,72,1,738,0,18,18,2,38,603,80,90,3,776,0,0,0,776
06/03/2022,FLL,FL,ASO,ES,Towers with Radar,595,78,50,1,724,0,0,8,0,8,595,78,58,1,732,0,0,0,732
06/04/2022,FLL,FL,ASO,ES,Towers with Radar,535,45,27,0,607,0,1,2,0,3,535,46,29,0,610,0,0,0,610
06/05/2022,FLL,FL,ASO,ES,Towers with Radar,581,77,55,0,713,0,12,26,2,40,581,89,81,2,753,0,0,0,753
06/06/2022,FLL,FL,ASO,ES,Towers with Radar,585,87,55,2,729,0,16,11,0,27,585,103,66,2,756,0,0,0,756
06/07/2022,FLL,FL,ASO,ES,Towers with Radar,561,44,46,2,653,0,7,15,0,22,561,51,61,2,675,0,0,0,675
06/08/2022,FLL,FL,ASO,ES,Towers with Radar,552,67,65,0,684,0,4,29,0,33,552,71,94,0,717,0,0,0,717
06/09/2022,FLL,FL,ASO,ES,Towers with Radar,563,88,81,6,738,0,11,23,0,34,563,99,104,6,772,0,0,0,772
06/10/2022,FLL,FL,ASO,ES,Towers with Radar,587,68,55,3,713,0,17,18,2,37,587,85,73,5,750,0,0,0,750
06/11/2022,FLL,FL,ASO,ES,Towers with Radar,574,68,54,0,696,0,9,19,0,28,574,77,73,0,724,0,0,0,724
06/12/2022,FLL,FL,ASO,ES,Towers with Radar,563,64,59,1,687,0,11,15,2,28,563,75,74,3,715,0,0,0,715
06/13/2022,FLL,FL,ASO,ES,Towers with Radar,582,63,70,0,715,0,19,22,0,41,582,82,92,0,756,0,0,0,756
06/14/2022,FLL,FL,ASO,ES,Towers with Radar,544,41,66,0,651,0,12,17,0,29,544,53,83,0,680,0,0,0,680
06/15/2022,FLL,FL,ASO,ES,Towers with Radar,548,54,76,4,682,0,6,27,0,33,548,60,103,4,715,0,0,0,715
06/16/2022,FLL,FL,ASO,ES,Towers with Radar,541,69,78,0,688,0,17,23,0,40,541,86,101,0,728,0,0,0,728
06/17/2022,FLL,FL,ASO,ES,Towers with Radar,570,78,55,2,705,0,13,28,0,41,570,91,83,2,746,0,0,0,746
06/18/2022,FLL,FL,ASO,ES,Towers with Radar,569,55,49,0,673,0,9,17,0,26,569,64,66,0,699,0,0,0,699
06/19/2022,FLL,FL,ASO,ES,Towers with Radar,565,60,63,2,690,0,14,11,0,25,565,74,74,2,715,0,0,0,715
06/20/2022,FLL,FL,ASO,ES,Towers with Radar,574,74,62,0,710,0,8,19,0,27,574,82,81,0,737,0,0,0,737
06/21/2022,FLL,FL,ASO,ES,Towers with Radar,548,52,49,1,650,0,12,10,2,24,548,64,59,3,674,0,0,0,674
06/22/2022,FLL,FL,ASO,ES,Towers with Radar,534,52,73,1,660,0,5,36,0,41,534,57,109,1,701,0,0,0,701
06/23/2022,FLL,FL,ASO,ES,Towers with Radar,583,68,78,2,731,0,11,33,0,44,583,79,111,2,775,0,0,0,775
06/24/2022,FLL,FL,ASO,ES,Towers with Radar,580,51,65,1,697,0,10,34,3,47,580,61,99,4,744,0,0,0,744
06/25/2022,FLL,FL,ASO,ES,Towers with Radar,577,63,44,0,684,0,5,16,0,21,577,68,60,0,705,0,0,0,705
06/26/2022,FLL,FL,ASO,ES,Towers with Radar,574,64,57,0,695,0,14,10,0,24,574,78,67,0,719,0,0,0,719
06/27/2022,FLL,FL,ASO,ES,Towers with Radar,560,57,66,2,685,0,15,18,0,33,560,72,84,2,718,0,0,0,718
06/28/2022,FLL,FL,ASO,ES,Towers with Radar,543,56,60,4,663,0,14,22,0,36,543,70,82,4,699,0,0,0,699
06/29/2022,FLL,FL,ASO,ES,Towers with Radar,546,60,79,2,687,0,9,17,0,26,546,69,96,2,713,0,0,0,713
06/30/2022,FLL,FL,ASO,ES,Towers with Radar,595,68,88,0,751,0,22,24,0,46,595,90,112,0,797,0,0,0,797
07/01/2022,FLL,FL,ASO,ES,Towers with Radar,575,76,92,0,743,0,23,42,2,67,575,99,134,2,810,0,0,0,810
07/02/2022,FLL,FL,ASO,ES,Towers with Radar,570,61,43,0,674,0,13,28,0,41,570,74,71,0,715,0,0,0,715
07/03/2022,FLL,FL,ASO,ES,Towers with Radar,575,44,29,0,648,0,14,14,0,28,575,58,43,0,676,0,0,0,676
07/04/2022,FLL,FL,ASO,ES,Towers with Radar,551,46,32,0,629,0,8,22,0,30,551,54,54,0,659,0,0,0,659
07/05/2022,FLL,FL,ASO,ES,Towers with Radar,544,66,73,0,683,0,19,2,0,21,544,85,75,0,704,0,0,0,704
07/06/2022,FLL,FL,ASO,ES,Towers with Radar,550,51,51,2,654,0,7,16,0,23,550,58,67,2,677,0,0,0,677
07/07/2022,FLL,FL,ASO,ES,Towers with Radar,586,53,64,2,705,0,21,31,2,54,586,74,95,4,759,0,0,0,759
07/08/2022,FLL,FL,ASO,ES,Towers with Radar,585,47,49,3,684,0,8,28,1,37,585,55,77,4,721,0,0,0,721
07/09/2022,FLL,FL,ASO,ES,Towers with Radar,573,64,36,0,673,2,12,20,0,34,575,76,56,0,707,0,0,0,707
07/10/2022,FLL,FL,ASO,ES,Towers with Radar,596,47,38,0,681,0,20,12,1,33,596,67,50,1,714,0,0,0,714
07/11/2022,FLL,FL,ASO,ES,Towers with Radar,587,55,41,2,685,0,15,15,0,30,587,70,56,2,715,0,0,0,715
07/12/2022,FLL,FL,ASO,ES,Towers with Radar,542,54,59,2,657,4,18,14,0,36,546,72,73,2,693,0,0,0,693
07/13/2022,FLL,FL,ASO,ES,Towers with Radar,563,56,48,2,669,1,4,19,4,28,564,60,67,6,697,0,0,0,697
07/14/2022,FLL,FL,ASO,ES,Towers with Radar,594,61,62,0,717,0,11,28,0,39,594,72,90,0,756,0,0,0,756
07/15/2022,FLL,FL,ASO,ES,Towers with Radar,578,58,57,2,695,0,12,15,3,30,578,70,72,5,725,0,0,0,725
07/16/2022,FLL,FL,ASO,ES,Towers with Radar,568,56,41,0,665,0,7,13,0,20,568,63,54,0,685,0,0,0,685
07/17/2022,FLL,FL,ASO,ES,Towers with Radar,573,69,50,3,695,0,15,12,0,27,573,84,62,3,722,0,0,0,722
07/18/2022,FLL,FL,ASO,ES,Towers with Radar,566,50,49,1,666,0,2,24,0,26,566,52,73,1,692,0,0,0,692
07/19/2022,FLL,FL,ASO,ES,Towers with Radar,558,54,48,1,661,0,14,21,0,35,558,68,69,1,696,0,0,0,696
07/20/2022,FLL,FL,ASO,ES,Towers with Radar,554,50,58,2,664,0,5,23,0,28,554,55,81,2,692,0,0,0,692
07/21/2022,FLL,FL,ASO,ES,Towers with Radar,579,59,78,4,720,0,17,24,0,41,579,76,102,4,761,0,0,0,761
07/22/2022,FLL,FL,ASO,ES,Towers with Radar,577,54,64,1,696,0,13,25,2,40,577,67,89,3,736,0,0,0,736
07/23/2022,FLL,FL,ASO,ES,Towers with Radar,583,45,46,5,679,0,11,16,5,32,583,56,62,10,711,0,0,0,711
07/24/2022,FLL,FL,ASO,ES,Towers with Radar,577,68,67,1,713,0,14,15,1,30,577,82,82,2,743,0,0,0,743
07/25/2022,FLL,FL,ASO,ES,Towers with Radar,566,61,56,2,685,0,4,31,2,37,566,65,87,4,722,0,0,0,722
07/26/2022,FLL,FL,ASO,ES,Towers with Radar,549,42,49,1,641,0,16,13,2,31,549,58,62,3,672,0,0,0,672
07/27/2022,FLL,FL,ASO,ES,Towers with Radar,564,66,55,3,688,0,8,16,0,24,564,74,71,3,712,0,0,0,712
07/28/2022,FLL,FL,ASO,ES,Towers with Radar,582,62,67,0,711,0,14,18,0,32,582,76,85,0,743,0,0,0,743
07/29/2022,FLL,FL,ASO,ES,Towers with Radar,576,66,60,3,705,0,14,21,2,37,576,80,81,5,742,0,0,0,742
07/30/2022,FLL,FL,ASO,ES,Towers with Radar,572,72,41,1,686,0,8,18,1,27,572,80,59,2,713,0,0,0,713
07/31/2022,FLL,FL,ASO,ES,Towers with Radar,577,66,55,3,701,0,16,13,0,29,577,82,68,3,730,0,0,0,730
08/01/2022,FLL,FL,ASO,ES,Towers with Radar,574,46,51,3,674,0,13,18,0,31,574,59,69,3,705,0,0,0,705
08/02/2022,FLL,FL,ASO,ES,Towers with Radar,558,40,60,0,658,0,13,6,0,19,558,53,66,0,677,0,0,0,677
08/03/2022,FLL,FL,ASO,ES,Towers with Radar,536,57,71,2,666,0,15,9,1,25,536,72,80,3,691,0,0,0,691
08/04/2022,FLL,FL,ASO,ES,Towers with Radar,554,65,82,2,703,0,17,21,0,38,554,82,103,2,741,0,0,0,741
08/05/2022,FLL,FL,ASO,ES,Towers with Radar,566,65,53,0,684,0,14,11,0,25,566,79,64,0,709,0,0,0,709
08/06/2022,FLL,FL,ASO,ES,Towers with Radar,560,49,40,0,649,0,4,18,0,22,560,53,58,0,671,0,0,0,671
08/07/2022,FLL,FL,ASO,ES,Towers with Radar,579,48,50,0,677,0,11,18,0,29,579,59,68,0,706,0,0,0,706
08/08/2022,FLL,FL,ASO,ES,Towers with Radar,575,58,59,4,696,0,12,20,0,32,575,70,79,4,728,0,0,0,728
08/09/2022,FLL,FL,ASO,ES,Towers with Radar,535,44,55,2,636,0,18,13,0,31,535,62,68,2,667,0,0,0,667
08/10/2022,FLL,FL,ASO,ES,Towers with Radar,543,61,62,7,673,0,7,21,0,28,543,68,83,7,701,0,0,0,701
08/11/2022,FLL,FL,ASO,ES,Towers with Radar,579,76,52,0,707,0,16,21,0,37,579,92,73,0,744,0,0,0,744
08/12/2022,FLL,FL,ASO,ES,Towers with Radar,589,54,67,2,712,0,9,25,0,34,589,63,92,2,746,0,0,0,746
08/13/2022,FLL,FL,ASO,ES,Towers with Radar,578,53,44,2,677,0,8,31,0,39,578,61,75,2,716,0,0,0,716
08/14/2022,FLL,FL,ASO,ES,Towers with Radar,572,55,50,2,679,0,25,26,1,52,572,80,76,3,731,0,0,0,731
08/15/2022,FLL,FL,ASO,ES,Towers with Radar,576,59,59,0,694,0,15,23,0,38,576,74,82,0,732,0,0,0,732
08/16/2022,FLL,FL,ASO,ES,Towers with Radar,539,57,53,0,649,0,15,21,0,36,539,72,74,0,685,0,0,0,685
08/17/2022,FLL,FL,ASO,ES,Towers with Radar,536,67,45,2,650,0,11,21,1,33,536,78,66,3,683,0,0,0,683
08/18/2022,FLL,FL,ASO,ES,Towers with Radar,577,61,63,0,701,0,19,17,0,36,577,80,80,0,737,0,0,0,737
08/19/2022,FLL,FL,ASO,ES,Towers with Radar,586,61,50,2,699,0,18,29,4,51,586,79,79,6,750,0,0,0,750
08/20/2022,FLL,FL,ASO,ES,Towers with Radar,556,61,42,0,659,0,8,10,0,18,556,69,52,0,677,0,0,0,677
08/21/2022,FLL,FL,ASO,ES,Towers with Radar,560,70,50,0,680,0,22,9,0,31,560,92,59,0,711,0,0,0,711
08/22/2022,FLL,FL,ASO,ES,Towers with Radar,530,58,56,0,644,0,7,17,0,24,530,65,73,0,668,0,0,0,668
08/23/2022,FLL,FL,ASO,ES,Towers with Radar,548,53,51,2,654,0,5,24,0,29,548,58,75,2,683,0,0,0,683
08/24/2022,FLL,FL,ASO,ES,Towers with Radar,545,51,62,0,658,0,1,16,0,17,545,52,78,0,675,0,0,0,675
08/25/2022,FLL,FL,ASO,ES,Towers with Radar,557,58,52,1,668,0,15,22,0,37,557,73,74,1,705,0,0,0,705
08/26/2022,FLL,FL,ASO,ES,Towers with Radar,571,52,75,0,698,0,16,24,0,40,571,68,99,0,738,0,0,0,738
08/27/2022,FLL,FL,ASO,ES,Towers with Radar,537,68,47,1,653,0,10,11,0,21,537,78,58,1,674,0,0,0,674
08/28/2022,FLL,FL,ASO,ES,Towers with Radar,574,66,54,1,695,0,11,18,0,29,574,77,72,1,724,0,0,0,724
08/29/2022,FLL,FL,ASO,ES,Towers with Radar,554,53,55,1,663,0,12,11,0,23,554,65,66,1,686,0,0,0,686
08/30/2022,FLL,FL,ASO,ES,Towers with Radar,525,49,58,0,632,0,12,16,0,28,525,61,74,0,660,0,0,0,660
08/31/2022,FLL,FL,ASO,ES,Towers with Radar,548,45,76,2,671,0,7,10,11,28,548,52,86,13,699,0,0,0,699
09/01/2022,FLL,FL,ASO,ES,Towers with Radar,573,69,69,4,715,0,16,25,0,41,573,85,94,4,756,0,0,0,756
09/02/2022,FLL,FL,ASO,ES,Towers with Radar,575,71,82,0,728,0,22,18,0,40,575,93,100,0,768,0,0,0,768
09/03/2022,FLL,FL,ASO,ES,Towers with Radar,538,52,34,0,624,0,10,16,0,26,538,62,50,0,650,0,0,0,650
09/04/2022,FLL,FL,ASO,ES,Towers with Radar,545,47,40,0,632,0,15,19,0,34,545,62,59,0,666,0,0,0,666
09/05/2022,FLL,FL,ASO,ES,Towers with Radar,559,66,71,0,696,0,24,23,0,47,559,90,94,0,743,0,0,0,743
09/06/2022,FLL,FL,ASO,ES,Towers with Radar,515,42,43,2,602,0,8,35,2,45,515,50,78,4,647,0,0,0,647
09/07/2022,FLL,FL,ASO,ES,Towers with Radar,491,33,49,1,574,0,7,15,0,22,491,40,64,1,596,0,0,0,596
09/08/2022,FLL,FL,ASO,ES,Towers with Radar,528,67,42,1,638,0,16,24,0,40,528,83,66,1,678,0,0,0,678
09/09/2022,FLL,FL,ASO,ES,Towers with Radar,531,47,62,2,642,0,14,12,0,26,531,61,74,2,668,0,0,0,668
09/10/2022,FLL,FL,ASO,ES,Towers with Radar,495,49,48,0,592,0,8,0,0,8,495,57,48,0,600,0,0,0,600
09/11/2022,FLL,FL,ASO,ES,Towers with Radar,526,66,60,1,653,0,16,11,0,27,526,82,71,1,680,0,0,0,680
09/12/2022,FLL,FL,ASO,ES,Towers with Radar,510,47,57,1,615,0,16,14,0,30,510,63,71,1,645,0,0,0,645
09/13/2022,FLL,FL,ASO,ES,Towers with Radar,498,34,60,0,592,1,10,17,0,28,499,44,77,0,620,0,0,0,620
09/14/2022,FLL,FL,ASO,ES,Towers with Radar,500,53,49,2,604,0,2,21,5,28,500,55,70,7,632,0,0,0,632
09/15/2022,FLL,FL,ASO,ES,Towers with Radar,532,57,58,0,647,1,16,25,0,42,533,73,83,0,689,0,0,0,689
09/16/2022,FLL,FL,ASO,ES,Towers with Radar,535,50,55,4,644,1,9,16,4,30,536,59,71,8,674,0,0,0,674
09/17/2022,FLL,FL,ASO,ES,Towers with Radar,484,42,33,2,561,0,6,4,0,10,484,48,37,2,571,0,0,0,571
09/18/2022,FLL,FL,ASO,ES,Towers with Radar,518,53,50,1,622,0,23,13,0,36,518,76,63,1,658,0,0,0,658
09/19/2022,FLL,FL,ASO,ES,Towers with Radar,496,46,58,2,602,0,15,11,2,28,496,61,69,4,630,0,0,0,630
09/20/2022,FLL,FL,ASO,ES,Towers with Radar,485,39,39,0,563,0,12,7,2,21,485,51,46,2,584,0,0,0,584
09/21/2022,FLL,FL,ASO,ES,Towers with Radar,493,50,55,2,600,0,10,17,0,27,493,60,72,2,627,0,0,0,627
09/22/2022,FLL,FL,ASO,ES,Towers with Radar,521,69,63,1,654,1,21,13,1,36,522,90,76,2,690,0,0,0,690
09/23/2022,FLL,FL,ASO,ES,Towers with Radar,535,57,68,5,665,0,16,29,0,45,535,73,97,5,710,0,0,0,710
09/24/2022,FLL,FL,ASO,ES,Towers with Radar,504,55,37,0,596,0,6,6,0,12,504,61,43,0,608,0,0,0,608
09/25/2022,FLL,FL,ASO,ES,Towers with Radar,526,49,56,0,631,0,11,19,0,30,526,60,75,0,661,0,0,0,661
09/26/2022,FLL,FL,ASO,ES,Towers with Radar,512,51,70,4,637,0,12,18,0,30,512,63,88,4,667,0,0,0,667
09/27/2022,FLL,FL,ASO,ES,Towers with Radar,459,46,34,0,539,0,0,1,0,1,459,46,35,0,540,0,0,0,540
09/28/2022,FLL,FL,ASO,ES,Towers with Radar,307,7,4,0,318,0,0,0,0,0,307,7,4,0,318,0,0,0,318
09/29/2022,FLL,FL,ASO,ES,Towers with Radar,485,29,22,0,536,0,2,8,2,12,485,31,30,2,548,0,0,0,548
09/30/2022,FLL,FL,ASO,ES,Towers with Radar,506,65,64,1,636,0,14,31,1,46,506,79,95,2,682,0,0,0,682
10/01/2022,FLL,FL,ASO,ES,Towers with Radar,472,57,42,0,571,0,15,15,5,35,472,72,57,5,606,0,0,0,606
10/02/2022,FLL,FL,ASO,ES,Towers with Radar,529,58,41,0,628,0,8,15,0,23,529,66,56,0,651,0,0,0,651
10/03/2022,FLL,FL,ASO,ES,Towers with Radar,532,63,45,1,641,0,12,32,1,45,532,75,77,2,686,0,0,0,686
10/04/2022,FLL,FL,ASO,ES,Towers with Radar,490,55,49,2,596,0,17,29,2,48,490,72,78,4,644,0,0,0,644
10/05/2022,FLL,FL,ASO,ES,Towers with Radar,494,59,64,0,617,1,6,26,1,34,495,65,90,1,651,0,0,0,651
10/06/2022,FLL,FL,ASO,ES,Towers with Radar,565,79,63,2,709,1,10,49,0,60,566,89,112,2,769,0,0,0,769
10/07/2022,FLL,FL,ASO,ES,Towers with Radar,559,73,77,0,709,0,14,22,0,36,559,87,99,0,745,0,0,0,745
10/08/2022,FLL,FL,ASO,ES,Towers with Radar,535,68,43,0,646,0,6,19,0,25,535,74,62,0,671,0,0,0,671
10/09/2022,FLL,FL,ASO,ES,Towers with Radar,578,78,46,0,702,0,11,8,0,19,578,89,54,0,721,0,0,0,721
10/10/2022,FLL,FL,ASO,ES,Towers with Radar,557,63,51,0,671,0,14,28,2,44,557,77,79,2,715,0,0,0,715
10/11/2022,FLL,FL,ASO,ES,Towers with Radar,506,64,54,0,624,0,12,36,2,50,506,76,90,2,674,0,0,0,674
10/12/2022,FLL,FL,ASO,ES,Towers with Radar,515,61,69,0,645,0,1,26,0,27,515,62,95,0,672,0,0,0,672
10/13/2022,FLL,FL,ASO,ES,Towers with Radar,576,80,59,2,717,0,12,17,0,29,576,92,76,2,746,0,0,0,746
10/14/2022,FLL,FL,ASO,ES,Towers with Radar,576,79,68,1,724,1,19,15,0,35,577,98,83,1,759,0,0,0,759
10/15/2022,FLL,FL,ASO,ES,Towers with Radar,538,64,48,1,651,0,6,14,0,20,538,70,62,1,671,0,0,0,671
10/16/2022,FLL,FL,ASO,ES,Towers with Radar,561,81,74,0,716,0,13,22,0,35,561,94,96,0,751,0,0,0,751
10/17/2022,FLL,FL,ASO,ES,Towers with Radar,545,68,68,2,683,0,15,26,0,41,545,83,94,2,724,0,0,0,724
10/18/2022,FLL,FL,ASO,ES,Towers with Radar,525,55,57,2,639,0,10,22,2,34,525,65,79,4,673,0,0,0,673
10/19/2022,FLL,FL,ASO,ES,Towers with Radar,524,53,62,2,641,0,9,10,0,19,524,62,72,2,660,0,0,0,660
10/20/2022,FLL,FL,ASO,ES,Towers with Radar,574,73,80,2,729,0,14,26,0,40,574,87,106,2,769,0,0,0,769
10/21/2022,FLL,FL,ASO,ES,Towers with Radar,568,80,73,4,725,0,10,24,0,34,568,90,97,4,759,0,0,0,759
10/22/2022,FLL,FL,ASO,ES,Towers with Radar,539,64,40,0,643,0,10,18,0,28,539,74,58,0,671,0,0,0,671
10/23/2022,FLL,FL,ASO,ES,Towers with Radar,574,81,71,1,727,0,13,31,0,44,574,94,102,1,771,0,0,0,771
10/24/2022,FLL,FL,ASO,ES,Towers with Radar,546,75,69,1,691,1,21,29,0,51,547,96,98,1,742,0,0,0,742
10/25/2022,FLL,FL,ASO,ES,Towers with Radar,503,88,81,0,672,1,22,17,0,40,504,110,98,0,712,0,0,0,712
10/26/2022,FLL,FL,ASO,ES,Towers with Radar,520,83,128,2,733,1,13,39,4,57,521,96,167,6,790,0,0,0,790
10/27/2022,FLL,FL,ASO,ES,Towers with Radar,571,122,133,2,828,1,32,34,3,70,572,154,167,5,898,0,0,0,898
10/28/2022,FLL,FL,ASO,ES,Towers with Radar,557,119,123,4,803,2,36,23,2,63,559,155,146,6,866,0,0,0,866
10/29/2022,FLL,FL,ASO,ES,Towers with Radar,531,72,90,8,701,0,12,28,4,44,531,84,118,12,745,0,0,0,745
10/30/2022,FLL,FL,ASO,ES,Towers with Radar,601,96,129,0,826,0,27,24,1,52,601,123,153,1,878,0,0,0,878
10/31/2022,FLL,FL,ASO,ES,Towers with Radar,556,78,64,6,704,1,22,19,2,44,557,100,83,8,748,0,0,0,748
11/01/2022,FLL,FL,ASO,ES,Towers with Radar,539,60,42,3,644,2,17,10,3,32,541,77,52,6,676,0,0,0,676
11/02/2022,FLL,FL,ASO,ES,Towers with Radar,570,71,62,8,711,1,13,25,2,41,571,84,87,10,752,0,0,0,752
11/03/2022,FLL,FL,ASO,ES,Towers with Radar,603,102,68,4,777,0,30,30,1,61,603,132,98,5,838,0,0,0,838
11/04/2022,FLL,FL,ASO,ES,Towers with Radar,584,81,80,0,745,1,23,13,2,39,585,104,93,2,784,0,0,0,784
11/05/2022,FLL,FL,ASO,ES,Towers with Radar,573,69,50,0,692,0,13,20,0,33,573,82,70,0,725,0,0,0,725
11/06/2022,FLL,FL,ASO,ES,Towers with Radar,608,84,69,3,764,0,11,14,0,25,608,95,83,3,789,0,0,0,789
11/07/2022,FLL,FL,ASO,ES,Towers with Radar,611,65,62,2,740,0,23,22,0,45,611,88,84,2,785,0,0,0,785
11/08/2022,FLL,FL,ASO,ES,Towers with Radar,572,73,76,2,723,0,17,17,4,38,572,90,93,6,761,0,0,0,761
11/09/2022,FLL,FL,ASO,ES,Towers with Radar,517,40,21,0,578,0,0,0,0,0,517,40,21,0,578,0,0,0,578
11/10/2022,FLL,FL,ASO,ES,Towers with Radar,611,41,32,2,686,1,8,14,1,24,612,49,46,3,710,0,0,0,710
11/11/2022,FLL,FL,ASO,ES,Towers with Radar,637,83,92,0,812,0,28,30,0,58,637,111,122,0,870,0,0,0,870
11/12/2022,FLL,FL,ASO,ES,Towers with Radar,613,61,60,0,734,0,16,7,0,23,613,77,67,0,757,0,0,0,757
11/13/2022,FLL,FL,ASO,ES,Towers with Radar,631,100,99,0,830,0,19,23,2,44,631,119,122,2,874,0,0,0,874
11/14/2022,FLL,FL,ASO,ES,Towers with Radar,611,65,71,4,751,0,15,25,2,42,611,80,96,6,793,0,0,0,793
11/15/2022,FLL,FL,ASO,ES,Towers with Radar,582,85,91,1,759,0,26,11,0,37,582,111,102,1,796,0,0,0,796
11/16/2022,FLL,FL,ASO,ES,Towers with Radar,600,71,75,2,748,0,9,21,3,33,600,80,96,5,781,0,0,0,781
11/17/2022,FLL,FL,ASO,ES,Towers with Radar,640,91,76,2,809,1,18,21,1,41,641,109,97,3,850,0,0,0,850
11/18/2022,FLL,FL,ASO,ES,Towers with Radar,657,87,88,2,834,0,16,31,5,52,657,103,119,7,886,0,0,0,886
11/19/2022,FLL,FL,ASO,ES,Towers with Radar,659,86,92,0,837,0,20,26,0,46,659,106,118,0,883,0,0,0,883
11/20/2022,FLL,FL,ASO,ES,Towers with Radar,664,93,69,1,827,0,8,3,0,11,664,101,72,1,838,0,0,0,838
11/21/2022,FLL,FL,ASO,ES,Towers with Radar,665,77,75,3,820,0,13,15,1,29,665,90,90,4,849,0,0,0,849
11/22/2022,FLL,FL,ASO,ES,Towers with Radar,666,79,84,4,833,0,23,16,0,39,666,102,100,4,872,0,0,0,872
11/23/2022,FLL,FL,ASO,ES,Towers with Radar,671,98,88,0,857,0,18,18,0,36,671,116,106,0,893,0,0,0,893
11/24/2022,FLL,FL,ASO,ES,Towers with Radar,498,47,36,0,581,0,16,4,0,20,498,63,40,0,601,0,0,0,601
11/25/2022,FLL,FL,ASO,ES,Towers with Radar,595,78,63,0,736,0,14,21,2,37,595,92,84,2,773,0,0,0,773
11/26/2022,FLL,FL,ASO,ES,Towers with Radar,702,81,76,0,859,0,13,16,0,29,702,94,92,0,888,0,0,0,888
11/27/2022,FLL,FL,ASO,ES,Towers with Radar,682,131,132,0,945,0,38,16,0,54,682,169,148,0,999,0,0,0,999
11/28/2022,FLL,FL,ASO,ES,Towers with Radar,679,78,68,2,827,0,19,17,0,36,679,97,85,2,863,0,0,0,863
11/29/2022,FLL,FL,ASO,ES,Towers with Radar,616,78,68,2,764,0,14,21,4,39,616,92,89,6,803,0,0,0,803
11/30/2022,FLL,FL,ASO,ES,Towers with Radar,595,79,57,1,732,0,14,16,2,32,595,93,73,3,764,0,0,0,764
12/01/2022,FLL,FL,ASO,ES,Towers with Radar,653,93,73,1,820,0,15,16,1,32,653,108,89,2,852,0,0,0,852
12/02/2022,FLL,FL,ASO,ES,Towers with Radar,647,74,86,0,807,0,14,32,1,47,647,88,118,1,854,0,0,0,854
12/03/2022,FLL,FL,ASO,ES,Towers with Radar,629,75,54,0,758,0,12,12,0,24,629,87,66,0,782,0,0,0,782
12/04/2022,FLL,FL,ASO,ES,Towers with Radar,643,95,94,1,833,2,18,15,0,35,645,113,109,1,868,0,0,0,868
12/05/2022,FLL,FL,ASO,ES,Towers with Radar,622,78,90,2,792,0,21,14,2,37,622,99,104,4,829,0,0,0,829
12/06/2022,FLL,FL,ASO,ES,Towers with Radar,605,66,56,0,727,0,20,24,0,44,605,86,80,0,771,0,0,0,771
12/07/2022,FLL,FL,ASO,ES,Towers with Radar,602,67,80,4,753,0,11,22,4,37,602,78,102,8,790,0,0,0,790
12/08/2022,FLL,FL,ASO,ES,Towers with Radar,654,79,82,1,816,0,20,36,0,56,654,99,118,1,872,0,0,0,872
12/09/2022,FLL,FL,ASO,ES,Towers with Radar,634,110,72,4,820,1,13,32,0,46,635,123,104,4,866,0,0,0,866
12/10/2022,FLL,FL,ASO,ES,Towers with Radar,652,73,49,0,774,1,6,15,0,22,653,79,64,0,796,0,0,0,796
12/11/2022,FLL,FL,ASO,ES,Towers with Radar,648,84,69,0,801,1,18,12,0,31,649,102,81,0,832,0,0,0,832
12/12/2022,FLL,FL,ASO,ES,Towers with Radar,643,74,65,2,784,1,17,21,4,43,644,91,86,6,827,0,0,0,827
12/13/2022,FLL,FL,ASO,ES,Towers with Radar,601,70,75,3,749,1,16,23,6,46,602,86,98,9,795,0,0,0,795
12/14/2022,FLL,FL,ASO,ES,Towers with Radar,611,87,72,0,770,0,9,26,2,37,611,96,98,2,807,0,0,0,807
12/15/2022,FLL,FL,ASO,ES,Towers with Radar,685,85,73,2,845,0,13,37,0,50,685,98,110,2,895,0,0,0,895
12/16/2022,FLL,FL,ASO,ES,Towers with Radar,707,112,96,1,916,1,7,10,1,19,708,119,106,2,935,0,0,0,935
12/17/2022,FLL,FL,ASO,ES,Towers with Radar,745,100,75,0,920,1,6,8,2,17,746,106,83,2,937,0,0,0,937
12/18/2022,FLL,FL,ASO,ES,Towers with Radar,705,109,65,0,879,0,8,33,0,41,705,117,98,0,920,0,0,0,920
12/19/2022,FLL,FL,ASO,ES,Towers with Radar,706,76,53,2,837,0,7,47,2,56,706,83,100,4,893,0,0,0,893
12/20/2022,FLL,FL,ASO,ES,Towers with Radar,699,89,67,1,856,1,5,24,2,32,700,94,91,3,888,0,0,0,888
12/21/2022,FLL,FL,ASO,ES,Towers with Radar,704,86,62,1,853,1,8,9,0,18,705,94,71,1,871,0,0,0,871
12/22/2022,FLL,FL,ASO,ES,Towers with Radar,717,115,72,2,906,0,23,18,0,41,717,138,90,2,947,0,0,0,947
12/23/2022,FLL,FL,ASO,ES,Towers with Radar,648,99,66,0,813,0,19,18,0,37,648,118,84,0,850,0,0,0,850
12/24/2022,FLL,FL,ASO,ES,Towers with Radar,594,83,38,0,715,1,5,15,0,21,595,88,53,0,736,0,0,0,736
12/25/2022,FLL,FL,ASO,ES,Towers with Radar,551,67,33,0,651,0,4,15,0,19,551,71,48,0,670,0,0,0,670
12/26/2022,FLL,FL,ASO,ES,Towers with Radar,619,141,120,2,882,0,15,31,0,46,619,156,151,2,928,0,0,0,928
12/27/2022,FLL,FL,ASO,ES,Towers with Radar,637,123,170,0,930,0,15,17,2,34,637,138,187,2,964,0,0,0,964
12/28/2022,FLL,FL,ASO,ES,Towers with Radar,652,123,129,0,904,0,21,36,0,57,652,144,165,0,961,0,0,0,961
12/29/2022,FLL,FL,ASO,ES,Towers with Radar,691,102,86,2,881,0,36,25,0,61,691,138,111,2,942,0,0,0,942
12/30/2022,FLL,FL,ASO,ES,Towers with Radar,741,89,88,0,918,1,22,24,2,49,742,111,112,2,967,0,0,0,967
12/31/2022,FLL,FL,ASO,ES,Towers with Radar,721,84,61,0,866,0,14,15,0,29,721,98,76,0,895,0,0,0,895
01/01/2023,FLL,FL,ASO,ES,Towers with Radar,661,96,93,0,850,0,23,30,0,53,661,119,123,0,903,0,0,0,903
01/02/2023,FLL,FL,ASO,ES,Towers with Radar,647,128,159,0,934,3,28,52,0,83,650,156,211,0,1017,0,0,0,1017
01/03/2023,FLL,FL,ASO,ES,Towers with Radar,680,99,125,2,906,0,33,38,0,71,680,132,163,2,977,0,0,0,977
01/04/2023,FLL,FL,ASO,ES,Towers with Radar,606,109,73,0,788,0,13,13,0,26,606,122,86,0,814,0,0,0,814
01/05/2023,FLL,FL,ASO,ES,Towers with Radar,686,101,70,0,857,1,16,30,0,47,687,117,100,0,904,0,0,0,904
01/06/2023,FLL,FL,ASO,ES,Towers with Radar,713,80,78,3,874,1,18,31,0,50,714,98,109,3,924,0,0,0,924
01/07/2023,FLL,FL,ASO,ES,Towers with Radar,675,81,74,1,831,1,8,28,0,37,676,89,102,1,868,0,0,0,868
01/08/2023,FLL,FL,ASO,ES,Towers with Radar,714,110,76,1,901,2,9,30,3,44,716,119,106,4,945,0,0,0,945
01/09/2023,FLL,FL,ASO,ES,Towers with Radar,685,84,64,6,839,1,9,34,0,44,686,93,98,6,883,0,0,0,883
01/10/2023,FLL,FL,ASO,ES,Towers with Radar,609,57,64,2,732,3,13,41,2,59,612,70,105,4,791,0,0,0,791
01/11/2023,FLL,FL,ASO,ES,Towers with Radar,597,60,72,1,730,3,16,41,0,60,600,76,113,1,790,0,0,0,790
01/12/2023,FLL,FL,ASO,ES,Towers with Radar,666,80,93,2,841,4,20,30,2,56,670,100,123,4,897,0,0,0,897
01/13/2023,FLL,FL,ASO,ES,Towers with Radar,703,79,98,0,880,3,9,19,0,31,706,88,117,0,911,0,0,0,911
01/14/2023,FLL,FL,ASO,ES,Towers with Radar,674,63,52,0,789,3,3,19,0,25,677,66,71,0,814,0,0,0,814
01/15/2023,FLL,FL,ASO,ES,Towers with Radar,679,68,73,3,823,0,13,19,3,35,679,81,92,6,858,0,0,0,858
01/16/2023,FLL,FL,ASO,ES,Towers with Radar,674,78,83,2,837,0,11,20,1,32,674,89,103,3,869,0,0,0,869
01/17/2023,FLL,FL,ASO,ES,Towers with Radar,612,83,51,5,751,0,11,28,1,40,612,94,79,6,791,0,0,0,791
01/18/2023,FLL,FL,ASO,ES,Towers with Radar,610,85,73,2,770,3,5,21,0,29,613,90,94,2,799,0,0,0,799
01/19/2023,FLL,FL,ASO,ES,Towers with Radar,659,78,80,1,818,3,16,30,1,50,662,94,110,2,868,0,0,0,868
01/20/2023,FLL,FL,ASO,ES,Towers with Radar,691,93,92,6,882,4,11,33,2,50,695,104,125,8,932,0,0,0,932
01/21/2023,FLL,FL,ASO,ES,Towers with Radar,648,57,58,0,763,3,0,9,0,12,651,57,67,0,775,0,0,0,775
01/22/2023,FLL,FL,ASO,ES,Towers with Radar,679,83,76,3,841,0,18,20,0,38,679,101,96,3,879,0,0,0,879
01/23/2023,FLL,FL,ASO,ES,Towers with Radar,666,70,45,2,783,0,4,37,0,41,666,74,82,2,824,0,0,0,824
01/24/2023,FLL,FL,ASO,ES,Towers with Radar,605,62,65,2,734,0,11,43,0,54,605,73,108,2,788,0,0,0,788
01/25/2023,FLL,FL,ASO,ES,Towers with Radar,597,95,76,2,770,0,11,58,19,88,597,106,134,21,858,0,0,0,858
01/26/2023,FLL,FL,ASO,ES,Towers with Radar,662,92,89,2,845,0,10,73,0,83,662,102,162,2,928,0,0,0,928
01/27/2023,FLL,FL,ASO,ES,Towers with Radar,701,96,90,4,891,0,7,37,2,46,701,103,127,6,937,0,0,0,937
01/28/2023,FLL,FL,ASO,ES,Towers with Radar,653,78,76,1,808,0,3,23,2,28,653,81,99,3,836,0,0,0,836
01/29/2023,FLL,FL,ASO,ES,Towers with Radar,682,104,108,0,894,0,15,24,0,39,682,119,132,0,933,0,0,0,933
01/30/2023,FLL,FL,ASO,ES,Towers with Radar,662,87,83,2,834,0,10,23,0,33,662,97,106,2,867,0,0,0,867
01/31/2023,FLL,FL,ASO,ES,Towers with Radar,583,69,54,0,706,0,18,15,2,35,583,87,69,2,741,0,0,0,741
02/01/2023,FLL,FL,ASO,ES,Towers with Radar,584,67,88,3,742,4,7,34,2,47,588,74,122,5,789,0,0,0,789
02/02/2023,FLL,FL,ASO,ES,Towers with Radar,652,85,83,4,824,4,17,29,1,51,656,102,112,5,875,0,0,0,875
02/03/2023,FLL,FL,ASO,ES,Towers with Radar,672,84,76,6,838,4,15,18,0,37,676,99,94,6,875,0,0,0,875
02/04/2023,FLL,FL,ASO,ES,Towers with Radar,664,78,77,0,819,3,0,8,0,11,667,78,85,0,830,0,0,0,830
02/05/2023,FLL,FL,ASO,ES,Towers with Radar,704,73,68,1,846,5,6,13,0,24,709,79,81,1,870,0,0,0,870
02/06/2023,FLL,FL,ASO,ES,Towers with Radar,698,81,62,2,843,1,12,37,14,64,699,93,99,16,907,0,0,0,907
02/07/2023,FLL,FL,ASO,ES,Towers with Radar,623,84,73,1,781,0,10,30,0,40,623,94,103,1,821,0,0,0,821
02/08/2023,FLL,FL,ASO,ES,Towers with Radar,617,90,65,2,774,0,12,24,0,36,617,102,89,2,810,0,0,0,810
02/09/2023,FLL,FL,ASO,ES,Towers with Radar,680,98,83,0,861,0,15,50,9,74,680,113,133,9,935,0,0,0,935
02/10/2023,FLL,FL,ASO,ES,Towers with Radar,685,86,76,0,847,0,19,26,0,45,685,105,102,0,892,0,0,0,892
02/11/2023,FLL,FL,ASO,ES,Towers with Radar,694,67,47,2,810,0,10,13,2,25,694,77,60,4,835,0,0,0,835
02/12/2023,FLL,FL,ASO,ES,Towers with Radar,708,70,65,0,843,0,16,15,2,33,708,86,80,2,876,0,0,0,876
02/13/2023,FLL,FL,ASO,ES,Towers with Radar,685,72,76,0,833,3,20,36,0,59,688,92,112,0,892,0,0,0,892
02/14/2023,FLL,FL,ASO,ES,Towers with Radar,633,67,74,0,774,2,13,20,0,35,635,80,94,0,809,0,0,0,809
02/15/2023,FLL,FL,ASO,ES,Towers with Radar,644,81,94,2,821,3,15,12,1,31,647,96,106,3,852,0,0,0,852
02/16/2023,FLL,FL,ASO,ES,Towers with Radar,695,94,111,2,902,1,21,47,1,70,696,115,158,3,972,0,0,0,972
02/17/2023,FLL,FL,ASO,ES,Towers with Radar,712,104,106,2,924,3,21,28,3,55,715,125,134,5,979,0,0,0,979
02/18/2023,FLL,FL,ASO,ES,Towers with Radar,724,95,82,3,904,4,6,10,4,24,728,101,92,7,928,0,0,0,928
02/19/2023,FLL,FL,ASO,ES,Towers with Radar,718,81,95,0,894,4,26,24,1,55,722,107,119,1,949,0,0,0,949
02/20/2023,FLL,FL,ASO,ES,Towers with Radar,703,103,102,0,908,3,25,26,1,55,706,128,128,1,963,0,0,0,963
02/21/2023,FLL,FL,ASO,ES,Towers with Radar,682,82,79,1,844,3,15,27,1,46,685,97,106,2,890,0,0,0,890
02/22/2023,FLL,FL,ASO,ES,Towers with Radar,657,87,78,1,823,3,11,39,4,57,660,98,117,5,880,0,0,0,880
02/23/2023,FLL,FL,ASO,ES,Towers with Radar,681,85,106,2,874,4,22,29,3,58,685,107,135,5,932,0,0,0,932
02/24/2023,FLL,FL,ASO,ES,Towers with Radar,704,81,99,1,885,4,14,33,8,59,708,95,132,9,944,0,0,0,944
02/25/2023,FLL,FL,ASO,ES,Towers with Radar,708,78,76,2,864,4,10,19,0,33,712,88,95,2,897,0,0,0,897
02/26/2023,FLL,FL,ASO,ES,Towers with Radar,712,106,116,3,937,3,29,17,0,49,715,135,133,3,986,0,0,0,986
02/27/2023,FLL,FL,ASO,ES,Towers with Radar,707,82,83,2,874,6,23,28,2,59,713,105,111,4,933,0,0,0,933
02/28/2023,FLL,FL,ASO,ES,Towers with Radar,656,97,94,0,847,3,13,23,0,39,659,110,117,0,886,0,0,0,886
03/01/2023,FLL,FL,ASO,ES,Towers with Radar,676,89,96,3,864,4,13,23,11,51,680,102,119,14,915,0,0,0,915
03/02/2023,FLL,FL,ASO,ES,Towers with Radar,697,81,91,0,869,3,20,22,5,50,700,101,113,5,919,0,0,0,919
03/03/2023,FLL,FL,ASO,ES,Towers with Radar,717,79,74,4,874,2,15,26,3,46,719,94,100,7,920,0,0,0,920
03/04/2023,FLL,FL,ASO,ES,Towers with Radar,706,92,69,0,867,5,9,24,0,38,711,101,93,0,905,0,0,0,905
03/05/2023,FLL,FL,ASO,ES,Towers with Radar,739,100,104,0,943,2,18,25,0,45,741,118,129,0,988,0,0,0,988
03/06/2023,FLL,FL,ASO,ES,Towers with Radar,712,73,63,1,849,4,14,34,3,55,716,87,97,4,904,0,0,0,904
03/07/2023,FLL,FL,ASO,ES,Towers with Radar,668,79,66,3,816,4,19,21,0,44,672,98,87,3,860,0,0,0,860
03/08/2023,FLL,FL,ASO,ES,Towers with Radar,682,87,87,2,858,3,12,25,1,41,685,99,112,3,899,0,0,0,899
03/09/2023,FLL,FL,ASO,ES,Towers with Radar,732,92,69,2,895,4,10,38,0,52,736,102,107,2,947,0,0,0,947
03/10/2023,FLL,FL,ASO,ES,Towers with Radar,735,85,88,1,909,2,26,20,1,49,737,111,108,2,958,0,0,0,958
03/11/2023,FLL,FL,ASO,ES,Towers with Radar,775,108,106,0,989,3,14,34,0,51,778,122,140,0,1040,0,0,0,1040
03/12/2023,FLL,FL,ASO,ES,Towers with Radar,712,107,77,2,898,3,18,32,0,53,715,125,109,2,951,0,0,0,951
03/13/2023,FLL,FL,ASO,ES,Towers with Radar,755,78,103,0,936,2,17,32,0,51,757,95,135,0,987,0,0,0,987
03/14/2023,FLL,FL,ASO,ES,Towers with Radar,679,78,67,1,825,4,10,26,3,43,683,88,93,4,868,0,0,0,868
03/15/2023,FLL,FL,ASO,ES,Towers with Radar,721,88,98,1,908,5,6,33,0,44,726,94,131,1,952,0,0,0,952
03/16/2023,FLL,FL,ASO,ES,Towers with Radar,736,89,96,0,921,4,19,33,2,58,740,108,129,2,979,0,0,0,979
03/17/2023,FLL,FL,ASO,ES,Towers with Radar,742,104,100,4,950,3,16,48,7,74,745,120,148,11,1024,0,0,0,1024
03/18/2023,FLL,FL,ASO,ES,Towers with Radar,784,106,109,0,999,4,15,31,0,50,788,121,140,0,1049,0,0,0,1049
03/19/2023,FLL,FL,ASO,ES,Towers with Radar,782,119,107,0,1008,3,9,35,2,49,785,128,142,2,1057,0,0,0,1057
03/20/2023,FLL,FL,ASO,ES,Towers with Radar,738,88,86,0,912,4,15,18,1,38,742,103,104,1,950,0,0,0,950
03/21/2023,FLL,FL,ASO,ES,Towers with Radar,708,60,67,0,835,4,20,25,4,53,712,80,92,4,888,0,0,0,888
03/22/2023,FLL,FL,ASO,ES,Towers with Radar,711,73,58,1,843,4,15,28,3,50,715,88,86,4,893,0,0,0,893
03/23/2023,FLL,FL,ASO,ES,Towers with Radar,745,93,66,0,904,2,19,24,0,45,747,112,90,0,949,0,0,0,949
03/24/2023,FLL,FL,ASO,ES,Towers with Radar,732,100,74,3,909,4,22,31,0,57,736,122,105,3,966,0,0,0,966
03/25/2023,FLL,FL,ASO,ES,Towers with Radar,768,83,86,0,937,3,15,24,0,42,771,98,110,0,979,0,0,0,979
03/26/2023,FLL,FL,ASO,ES,Towers with Radar,733,90,96,0,919,4,16,26,1,47,737,106,122,1,966,0,0,0,966
03/27/2023,FLL,FL,ASO,ES,Towers with Radar,738,60,67,0,865,3,19,25,5,52,741,79,92,5,917,0,0,0,917
03/28/2023,FLL,FL,ASO,ES,Towers with Radar,684,73,60,2,819,2,18,19,3,42,686,91,79,5,861,0,0,0,861
03/29/2023,FLL,FL,ASO,ES,Towers with Radar,711,86,77,2,876,4,11,30,5,50,715,97,107,7,926,0,0,0,926
03/30/2023,FLL,FL,ASO,ES,Towers with Radar,725,92,97,1,915,3,30,35,4,72,728,122,132,5,987,0,0,0,987
03/31/2023,FLL,FL,ASO,ES,Towers with Radar,714,115,92,2,923,2,24,42,1,69,716,139,134,3,992,0,0,0,992
04/01/2023,FLL,FL,ASO,ES,Towers with Radar,754,91,113,0,958,4,3,32,0,39,758,94,145,0,997,0,0,0,997
04/02/2023,FLL,FL,ASO,ES,Towers with Radar,759,99,134,2,994,3,20,40,1,64,762,119,174,3,1058,0,0,0,1058
04/03/2023,FLL,FL,ASO,ES,Towers with Radar,725,83,72,1,881,4,14,35,0,53,729,97,107,1,934,0,0,0,934
04/04/2023,FLL,FL,ASO,ES,Towers with Radar,682,86,75,0,843,4,14,20,2,40,686,100,95,2,883,0,0,0,883
04/05/2023,FLL,FL,ASO,ES,Towers with Radar,706,95,69,0,870,3,11,33,0,47,709,106,102,0,917,0,0,0,917
04/06/2023,FLL,FL,ASO,ES,Towers with Radar,732,86,84,0,902,4,23,32,5,64,736,109,116,5,966,0,0,0,966
04/07/2023,FLL,FL,ASO,ES,Towers with Radar,742,83,91,1,917,2,22,48,3,75,744,105,139,4,992,0,0,0,992
04/08/2023,FLL,FL,ASO,ES,Towers with Radar,776,79,57,0,912,3,7,25,6,41,779,86,82,6,953,0,0,0,953
04/09/2023,FLL,FL,ASO,ES,Towers with Radar,765,70,65,1,901,3,18,27,0,48,768,88,92,1,949,0,0,0,949
04/10/2023,FLL,FL,ASO,ES,Towers with Radar,737,87,115,1,940,4,7,13,0,24,741,94,128,1,964,0,0,0,964
04/11/2023,FLL,FL,ASO,ES,Towers with Radar,685,76,61,0,822,4,13,12,2,31,689,89,73,2,853,0,0,0,853
04/12/2023,FLL,FL,ASO,ES,Towers with Radar,369,46,30,0,445,2,2,4,0,8,371,48,34,0,453,0,0,0,453
04/13/2023,FLL,FL,ASO,ES,Towers with Radar,0,0,0,0,0,0,0,5,0,5,0,0,5,0,5,0,0,0,5
04/14/2023,FLL,FL,ASO,ES,Towers with Radar,400,42,32,0,474,3,3,15,7,28,403,45,47,7,502,0,0,0,502
04/15/2023,FLL,FL,ASO,ES,Towers with Radar,687,63,43,2,795,4,4,10,6,24,691,67,53,8,819,0,0,0,819
04/16/2023,FLL,FL,ASO,ES,Towers with Radar,671,78,52,0,801,4,11,25,2,42,675,89,77,2,843,0,0,0,843
04/17/2023,FLL,FL,ASO,ES,Towers with Radar,632,52,66,2,752,2,3,20,0,25,634,55,86,2,777,0,0,0,777
04/18/2023,FLL,FL,ASO,ES,Towers with Radar,698,55,71,2,826,2,14,31,1,48,700,69,102,3,874,0,0,0,874
04/19/2023,FLL,FL,ASO,ES,Towers with Radar,670,70,68,2,810,4,10,45,1,60,674,80,113,3,870,0,0,0,870
04/20/2023,FLL,FL,ASO,ES,Towers with Radar,680,83,90,2,855,4,16,44,2,66,684,99,134,4,921,0,0,0,921
04/21/2023,FLL,FL,ASO,ES,Towers with Radar,704,80,62,3,849,6,9,24,9,48,710,89,86,12,897,0,0,0,897
04/22/2023,FLL,FL,ASO,ES,Towers with Radar,692,72,46,0,810,3,15,21,3,42,695,87,67,3,852,0,0,0,852
04/23/2023,FLL,FL,ASO,ES,Towers with Radar,702,83,66,0,851,3,20,21,3,47,705,103,87,3,898,0,0,0,898
04/24/2023,FLL,FL,ASO,ES,Towers with Radar,707,55,56,2,820,4,10,26,0,40,711,65,82,2,860,0,0,0,860
04/25/2023,FLL,FL,ASO,ES,Towers with Radar,657,60,48,1,766,4,7,29,0,40,661,67,77,1,806,0,0,0,806
04/26/2023,FLL,FL,ASO,ES,Towers with Radar,652,75,62,1,790,3,17,19,2,41,655,92,81,3,831,0,0,0,831
04/27/2023,FLL,FL,ASO,ES,Towers with Radar,667,80,89,7,843,3,25,56,14,98,670,105,145,21,941,0,0,0,941
04/28/2023,FLL,FL,ASO,ES,Towers with Radar,737,97,85,5,924,3,8,46,20,77,740,105,131,25,1001,0,0,0,1001
04/29/2023,FLL,FL,ASO,ES,Towers with Radar,705,51,65,1,822,4,7,41,17,69,709,58,106,18,891,0,0,0,891
04/30/2023,FLL,FL,ASO,ES,Towers with Radar,609,78,81,3,771,2,11,34,10,57,611,89,115,13,828,0,0,0,828
05/01/2023,FLL,FL,ASO,ES,Towers with Radar,680,84,92,3,859,3,11,49,3,66,683,95,141,6,925,0,0,0,925
05/02/2023,FLL,FL,ASO,ES,Towers with Radar,654,58,89,2,803,2,11,33,2,48,656,69,122,4,851,0,0,0,851
05/03/2023,FLL,FL,ASO,ES,Towers with Radar,656,57,69,0,782,4,9,23,6,42,660,66,92,6,824,0,0,0,824
05/04/2023,FLL,FL,ASO,ES,Towers with Radar,685,98,80,2,865,4,4,28,3,39,689,102,108,5,904,0,0,0,904
05/05/2023,FLL,FL,ASO,ES,Towers with Radar,658,104,97,6,865,2,8,26,7,43,660,112,123,13,908,0,0,0,908
05/06/2023,FLL,FL,ASO,ES,Towers with Radar,646,65,76,0,787,4,0,23,9,36,650,65,99,9,823,0,0,0,823
05/07/2023,FLL,FL,ASO,ES,Towers with Radar,644,120,86,1,851,3,13,23,14,53,647,133,109,15,904,0,0,0,904
05/08/2023,FLL,FL,ASO,ES,Towers with Radar,629,72,71,2,774,3,14,29,2,48,632,86,100,4,822,0,0,0,822
05/09/2023,FLL,FL,ASO,ES,Towers with Radar,604,72,48,2,726,3,2,32,1,38,607,74,80,3,764,0,0,0,764
05/10/2023,FLL,FL,ASO,ES,Towers with Radar,598,78,56,5,737,2,17,30,4,53,600,95,86,9,790,0,0,0,790
05/11/2023,FLL,FL,ASO,ES,Towers with Radar,640,68,82,4,794,3,12,33,0,48,643,80,115,4,842,0,0,0,842
05/12/2023,FLL,FL,ASO,ES,Towers with Radar,649,79,85,1,814,3,11,26,6,46,652,90,111,7,860,0,0,0,860
05/13/2023,FLL,FL,ASO,ES,Towers with Radar,643,72,32,0,747,2,4,22,4,32,645,76,54,4,779,0,0,0,779
05/14/2023,FLL,FL,ASO,ES,Towers with Radar,628,61,54,0,743,4,7,26,1,38,632,68,80,1,781,0,0,0,781
05/15/2023,FLL,FL,ASO,ES,Towers with Radar,641,59,95,4,799,1,5,38,1,45,642,64,133,5,844,0,0,0,844
05/16/2023,FLL,FL,ASO,ES,Towers with Radar,595,60,53,0,708,1,9,29,4,43,596,69,82,4,751,0,0,0,751
05/17/2023,FLL,FL,ASO,ES,Towers with Radar,608,79,69,6,762,2,4,28,0,34,610,83,97,6,796,0,0,0,796
05/18/2023,FLL,FL,ASO,ES,Towers with Radar,655,60,66,0,781,2,10,34,0,46,657,70,100,0,827,0,0,0,827
05/19/2023,FLL,FL,ASO,ES,Towers with Radar,643,88,95,7,833,2,4,38,0,44,645,92,133,7,877,0,0,0,877
05/20/2023,FLL,FL,ASO,ES,Towers with Radar,648,71,49,1,769,1,0,30,3,34,649,71,79,4,803,0,0,0,803
05/21/2023,FLL,FL,ASO,ES,Towers with Radar,647,72,78,1,798,1,14,28,1,44,648,86,106,2,842,0,0,0,842
05/22/2023,FLL,FL,ASO,ES,Towers with Radar,615,71,66,4,756,1,9,29,1,40,616,80,95,5,796,0,0,0,796
05/23/2023,FLL,FL,ASO,ES,Towers with Radar,595,61,73,1,730,0,4,14,1,19,595,65,87,2,749,0,0,0,749
05/24/2023,FLL,FL,ASO,ES,Towers with Radar,610,62,65,0,737,2,6,38,0,46,612,68,103,0,783,0,0,0,783
05/25/2023,FLL,FL,ASO,ES,Towers with Radar,619,92,92,4,807,0,16,31,3,50,619,108,123,7,857,0,0,0,857
05/26/2023,FLL,FL,ASO,ES,Towers with Radar,661,89,96,4,850,0,18,38,5,61,661,107,134,9,911,0,0,0,911
05/27/2023,FLL,FL,ASO,ES,Towers with Radar,655,65,41,0,761,0,15,28,12,55,655,80,69,12,816,0,0,0,816
05/28/2023,FLL,FL,ASO,ES,Towers with Radar,629,73,39,0,741,0,6,19,2,27,629,79,58,2,768,0,0,0,768
05/29/2023,FLL,FL,ASO,ES,Towers with Radar,623,62,93,0,778,1,15,54,0,70,624,77,147,0,848,0,0,0,848
05/30/2023,FLL,FL,ASO,ES,Towers with Radar,571,57,58,4,690,1,11,27,0,39,572,68,85,4,729,0,0,0,729
05/31/2023,FLL,FL,ASO,ES,Towers with Radar,636,63,68,0,767,0,8,16,1,25,636,71,84,1,792,0,0,0,792
06/01/2023,FLL,FL,ASO,ES,Towers with Radar,607,61,60,1,729,0,6,23,2,31,607,67,83,3,760,0,0,0,760
06/02/2023,FLL,FL,ASO,ES,Towers with Radar,641,69,59,2,771,0,9,14,0,23,641,78,73,2,794,0,0,0,794
06/03/2023,FLL,FL,ASO,ES,Towers with Radar,636,51,51,2,740,0,5,19,3,27,636,56,70,5,767,0,0,0,767
06/04/2023,FLL,FL,ASO,ES,Towers with Radar,625,56,74,4,759,0,11,24,3,38,625,67,98,7,797,0,0,0,797
06/05/2023,FLL,FL,ASO,ES,Towers with Radar,623,58,65,3,749,0,8,24,1,33,623,66,89,4,782,0,0,0,782
06/06/2023,FLL,FL,ASO,ES,Towers with Radar,579,76,41,4,700,0,3,22,0,25,579,79,63,4,725,0,0,0,725
06/07/2023,FLL,FL,ASO,ES,Towers with Radar,586,86,64,1,737,0,2,26,7,35,586,88,90,8,772,0,0,0,772
06/08/2023,FLL,FL,ASO,ES,Towers with Radar,633,78,85,5,801,3,0,35,6,44,636,78,120,11,845,0,0,0,845
06/09/2023,FLL,FL,ASO,ES,Towers with Radar,635,68,75,0,778,6,6,33,5,50,641,74,108,5,828,0,0,0,828
06/10/2023,FLL,FL,ASO,ES,Towers with Radar,638,69,49,2,758,3,1,28,0,32,641,70,77,2,790,0,0,0,790
06/11/2023,FLL,FL,ASO,ES,Towers with Radar,614,77,74,0,765,4,7,31,2,44,618,84,105,2,809,0,0,0,809
06/12/2023,FLL,FL,ASO,ES,Towers with Radar,610,60,56,3,729,4,9,18,0,31,614,69,74,3,760,0,0,0,760
06/13/2023,FLL,FL,ASO,ES,Towers with Radar,579,53,47,4,683,3,3,23,2,31,582,56,70,6,714,0,0,0,714
06/14/2023,FLL,FL,ASO,ES,Towers with Radar,578,57,49,0,684,4,6,23,3,36,582,63,72,3,720,0,0,0,720
06/15/2023,FLL,FL,ASO,ES,Towers with Radar,611,85,70,2,768,3,12,30,2,47,614,97,100,4,815,0,0,0,815
06/16/2023,FLL,FL,ASO,ES,Towers with Radar,609,73,57,3,742,3,4,27,6,40,612,77,84,9,782,0,0,0,782
06/17/2023,FLL,FL,ASO,ES,Towers with Radar,576,46,36,1,659,3,8,17,6,34,579,54,53,7,693,0,0,0,693
06/18/2023,FLL,FL,ASO,ES,Towers with Radar,625,63,54,0,742,4,12,28,3,47,629,75,82,3,789,0,0,0,789
06/19/2023,FLL,FL,ASO,ES,Towers with Radar,526,48,70,2,646,3,7,21,2,33,529,55,91,4,679,0,0,0,679
06/20/2023,FLL,FL,ASO,ES,Towers with Radar,560,42,50,2,654,4,7,34,4,49,564,49,84,6,703,0,0,0,703
06/21/2023,FLL,FL,ASO,ES,Towers with Radar,621,47,66,0,734,4,11,21,5,41,625,58,87,5,775,0,0,0,775
06/22/2023,FLL,FL,ASO,ES,Towers with Radar,601,78,38,2,719,4,2,34,4,44,605,80,72,6,763,0,0,0,763
06/23/2023,FLL,FL,ASO,ES,Towers with Radar,600,63,70,2,735,4,18,16,8,46,604,81,86,10,781,0,0,0,781
06/24/2023,FLL,FL,ASO,ES,Towers with Radar,627,54,50,0,731,3,11,21,7,42,630,65,71,7,773,0,0,0,773
06/25/2023,FLL,FL,ASO,ES,Towers with Radar,595,58,55,0,708,4,14,20,2,40,599,72,75,2,748,0,0,0,748
06/26/2023,FLL,FL,ASO,ES,Towers with Radar,576,53,55,0,684,2,13,25,3,43,578,66,80,3,727,0,0,0,727
06/27/2023,FLL,FL,ASO,ES,Towers with Radar,555,57,61,1,674,4,7,19,2,32,559,64,80,3,706,0,0,0,706
06/28/2023,FLL,FL,ASO,ES,Towers with Radar,563,61,50,1,675,4,11,16,6,37,567,72,66,7,712,0,0,0,712
06/29/2023,FLL,FL,ASO,ES,Towers with Radar,637,61,80,0,778,4,22,23,1,50,641,83,103,1,828,0,0,0,828
06/30/2023,FLL,FL,ASO,ES,Towers with Radar,615,67,91,0,773,4,19,23,4,50,619,86,114,4,823,0,0,0,823
07/01/2023,FLL,FL,ASO,ES,Towers with Radar,662,59,46,0,767,3,18,29,5,55,665,77,75,5,822,0,0,0,822
07/02/2023,FLL,FL,ASO,ES,Towers with Radar,625,69,42,0,736,4,18,14,4,40,629,87,56,4,776,0,0,0,776
07/03/2023,FLL,FL,ASO,ES,Towers with Radar,608,53,39,0,700,4,18,9,0,31,612,71,48,0,731,0,0,0,731
07/04/2023,FLL,FL,ASO,ES,Towers with Radar,532,45,30,0,607,4,16,16,3,39,536,61,46,3,646,0,0,0,646
07/05/2023,FLL,FL,ASO,ES,Towers with Radar,577,61,70,2,710,4,26,14,2,46,581,87,84,4,756,0,0,0,756
07/06/2023,FLL,FL,ASO,ES,Towers with Radar,643,66,67,0,776,4,19,27,4,54,647,85,94,4,830,0,0,0,830
07/07/2023,FLL,FL,ASO,ES,Towers with Radar,624,54,47,1,726,3,6,27,6,42,627,60,74,7,768,0,0,0,768
07/08/2023,FLL,FL,ASO,ES,Towers with Radar,609,70,32,0,711,4,8,19,1,32,613,78,51,1,743,0,0,0,743
07/09/2023,FLL,FL,ASO,ES,Towers with Radar,597,53,46,1,697,6,15,16,2,39,603,68,62,3,736,0,0,0,736
07/10/2023,FLL,FL,ASO,ES,Towers with Radar,605,73,64,1,743,2,4,25,3,34,607,77,89,4,777,0,0,0,777
07/11/2023,FLL,FL,ASO,ES,Towers with Radar,602,62,65,2,731,4,8,32,5,49,606,70,97,7,780,0,0,0,780
07/12/2023,FLL,FL,ASO,ES,Towers with Radar,599,60,75,2,736,4,10,21,2,37,603,70,96,4,773,0,0,0,773
07/13/2023,FLL,FL,ASO,ES,Towers with Radar,626,77,51,1,755,4,9,22,4,39,630,86,73,5,794,0,0,0,794
07/14/2023,FLL,FL,ASO,ES,Towers with Radar,607,70,55,3,735,4,9,26,6,45,611,79,81,9,780,0,0,0,780
07/15/2023,FLL,FL,ASO,ES,Towers with Radar,639,55,56,0,750,3,6,20,2,31,642,61,76,2,781,0,0,0,781
07/16/2023,FLL,FL,ASO,ES,Towers with Radar,559,66,57,0,682,3,7,23,2,35,562,73,80,2,717,0,0,0,717
07/17/2023,FLL,FL,ASO,ES,Towers with Radar,596,62,68,1,727,4,9,20,1,34,600,71,88,2,761,0,0,0,761
07/18/2023,FLL,FL,ASO,ES,Towers with Radar,594,54,39,1,688,1,10,17,3,31,595,64,56,4,719,0,0,0,719
07/19/2023,FLL,FL,ASO,ES,Towers with Radar,599,66,60,2,727,1,8,17,0,26,600,74,77,2,753,0,0,0,753
07/20/2023,FLL,FL,ASO,ES,Towers with Radar,622,66,53,0,741,3,7,25,3,38,625,73,78,3,779,0,0,0,779
07/21/2023,FLL,FL,ASO,ES,Towers with Radar,622,65,45,2,734,3,10,21,3,37,625,75,66,5,771,0,0,0,771
07/22/2023,FLL,FL,ASO,ES,Towers with Radar,638,55,37,0,730,2,4,16,2,24,640,59,53,2,754,0,0,0,754
07/23/2023,FLL,FL,ASO,ES,Towers with Radar,621,71,61,1,754,2,16,10,1,29,623,87,71,2,783,0,0,0,783
07/24/2023,FLL,FL,ASO,ES,Towers with Radar,639,62,44,0,745,1,6,19,5,31,640,68,63,5,776,0,0,0,776
07/25/2023,FLL,FL,ASO,ES,Towers with Radar,572,66,49,1,688,2,10,14,2,28,574,76,63,3,716,0,0,0,716
07/26/2023,FLL,FL,ASO,ES,Towers with Radar,596,64,63,1,724,3,4,12,0,19,599,68,75,1,743,0,0,0,743
07/27/2023,FLL,FL,ASO,ES,Towers with Radar,612,46,57,3,718,2,13,18,1,34,614,59,75,4,752,0,0,0,752
07/28/2023,FLL,FL,ASO,ES,Towers with Radar,614,61,42,0,717,2,11,23,4,40,616,72,65,4,757,0,0,0,757
07/29/2023,FLL,FL,ASO,ES,Towers with Radar,624,49,50,0,723,3,2,16,2,23,627,51,66,2,746,0,0,0,746
07/30/2023,FLL,FL,ASO,ES,Towers with Radar,645,65,60,1,771,3,13,25,5,46,648,78,85,6,817,0,0,0,817
07/31/2023,FLL,FL,ASO,ES,Towers with Radar,623,52,62,1,738,1,13,19,0,33,624,65,81,1,771,0,0,0,771
08/01/2023,FLL,FL,ASO,ES,Towers with Radar,588,51,44,0,683,2,10,21,3,36,590,61,65,3,719,0,0,0,719
08/02/2023,FLL,FL,ASO,ES,Towers with Radar,594,57,61,0,712,2,8,17,4,31,596,65,78,4,743,0,0,0,743
08/03/2023,FLL,FL,ASO,ES,Towers with Radar,630,57,69,1,757,5,14,17,6,42,635,71,86,7,799,0,0,0,799
08/04/2023,FLL,FL,ASO,ES,Towers with Radar,636,76,80,0,792,5,14,20,4,43,641,90,100,4,835,0,0,0,835
08/05/2023,FLL,FL,ASO,ES,Towers with Radar,646,56,55,2,759,2,1,14,2,19,648,57,69,4,778,0,0,0,778
08/06/2023,FLL,FL,ASO,ES,Towers with Radar,637,64,69,0,770,2,16,18,1,37,639,80,87,1,807,0,0,0,807
08/07/2023,FLL,FL,ASO,ES,Towers with Radar,623,55,40,1,719,4,14,17,1,36,627,69,57,2,755,0,0,0,755
08/08/2023,FLL,FL,ASO,ES,Towers with Radar,598,52,48,1,699,1,8,17,0,26,599,60,65,1,725,0,0,0,725
08/09/2023,FLL,FL,ASO,ES,Towers with Radar,609,68,38,3,718,1,4,10,0,15,610,72,48,3,733,0,0,0,733
08/10/2023,FLL,FL,ASO,ES,Towers with Radar,632,68,50,2,752,0,9,30,3,42,632,77,80,5,794,0,0,0,794
08/11/2023,FLL,FL,ASO,ES,Towers with Radar,656,66,50,6,778,2,13,28,1,44,658,79,78,7,822,0,0,0,822
08/12/2023,FLL,FL,ASO,ES,Towers with Radar,647,60,41,1,749,3,5,19,0,27,650,65,60,1,776,0,0,0,776
08/13/2023,FLL,FL,ASO,ES,Towers with Radar,666,68,55,1,790,3,11,24,5,43,669,79,79,6,833,0,0,0,833
08/14/2023,FLL,FL,ASO,ES,Towers with Radar,621,63,59,0,743,2,9,16,3,30,623,72,75,3,773,0,0,0,773
08/15/2023,FLL,FL,ASO,ES,Towers with Radar,612,62,66,3,743,1,9,23,0,33,613,71,89,3,776,0,0,0,776
08/16/2023,FLL,FL,ASO,ES,Towers with Radar,602,60,47,4,713,0,4,32,0,36,602,64,79,4,749,0,0,0,749
08/17/2023,FLL,FL,ASO,ES,Towers with Radar,615,62,55,1,733,2,7,21,3,33,617,69,76,4,766,0,0,0,766
08/18/2023,FLL,FL,ASO,ES,Towers with Radar,627,78,65,4,774,1,8,25,2,36,628,86,90,6,810,0,0,0,810
08/19/2023,FLL,FL,ASO,ES,Towers with Radar,624,55,43,0,722,1,1,12,1,15,625,56,55,1,737,0,0,0,737
08/20/2023,FLL,FL,ASO,ES,Towers with Radar,607,68,60,0,735,1,3,13,3,20,608,71,73,3,755,0,0,0,755
08/21/2023,FLL,FL,ASO,ES,Towers with Radar,615,63,47,0,725,1,5,19,0,25,616,68,66,0,750,0,0,0,750
08/22/2023,FLL,FL,ASO,ES,Towers with Radar,581,68,57,1,707,1,9,35,4,49,582,77,92,5,756,0,0,0,756
08/23/2023,FLL,FL,ASO,ES,Towers with Radar,577,73,59,1,710,0,2,30,0,32,577,75,89,1,742,0,0,0,742
08/24/2023,FLL,FL,ASO,ES,Towers with Radar,616,61,48,4,729,1,8,23,4,36,617,69,71,8,765,0,0,0,765
08/25/2023,FLL,FL,ASO,ES,Towers with Radar,622,67,55,0,744,1,4,16,1,22,623,71,71,1,766,0,0,0,766
08/26/2023,FLL,FL,ASO,ES,Towers with Radar,634,63,28,0,725,3,1,7,0,11,637,64,35,0,736,0,0,0,736
08/27/2023,FLL,FL,ASO,ES,Towers with Radar,600,60,40,1,701,2,10,15,1,28,602,70,55,2,729,0,0,0,729
08/28/2023,FLL,FL,ASO,ES,Towers with Radar,622,43,53,1,719,1,6,14,0,21,623,49,67,1,740,0,0,0,740
08/29/2023,FLL,FL,ASO,ES,Towers with Radar,578,47,37,0,662,2,4,13,0,19,580,51,50,0,681,0,0,0,681
08/30/2023,FLL,FL,ASO,ES,Towers with Radar,553,52,27,3,635,3,5,6,3,17,556,57,33,6,652,0,0,0,652
08/31/2023,FLL,FL,ASO,ES,Towers with Radar,628,72,59,1,760,1,11,30,5,47,629,83,89,6,807,0,0,0,807
01/01/2020,FLL,FL,ASO,ES,Towers with Radar,801,83,69,0,953,0,32,12,1,45,801,115,81,1,998,0,0,0,998
01/02/2020,FLL,FL,ASO,ES,Towers with Radar,854,135,113,0,1102,0,31,18,4,53,854,166,131,4,1155,0,0,0,1155
01/03/2020,FLL,FL,ASO,ES,Towers with Radar,861,159,101,0,1121,0,8,23,2,33,861,167,124,2,1154,0,0,0,1154
01/04/2020,FLL,FL,ASO,ES,Towers with Radar,848,153,101,2,1104,0,16,12,0,28,848,169,113,2,1132,0,0,0,1132
01/05/2020,FLL,FL,ASO,ES,Towers with Radar,874,138,115,2,1129,0,13,19,1,33,874,151,134,3,1162,0,0,0,1162
01/06/2020,FLL,FL,ASO,ES,Towers with Radar,827,89,58,0,974,0,2,19,8,29,827,91,77,8,1003,0,0,0,1003
01/07/2020,FLL,FL,ASO,ES,Towers with Radar,778,75,62,0,915,0,13,26,0,39,778,88,88,0,954,0,0,0,954
01/08/2020,FLL,FL,ASO,ES,Towers with Radar,751,64,52,0,867,0,8,29,2,39,751,72,81,2,906,0,0,0,906
01/09/2020,FLL,FL,ASO,ES,Towers with Radar,809,89,77,0,975,0,9,12,2,23,809,98,89,2,998,0,0,0,998
01/10/2020,FLL,FL,ASO,ES,Towers with Radar,789,102,64,1,956,0,5,16,0,21,789,107,80,1,977,0,0,0,977
01/11/2020,FLL,FL,ASO,ES,Towers with Radar,795,81,51,0,927,0,2,7,0,9,795,83,58,0,936,0,0,0,936
01/12/2020,FLL,FL,ASO,ES,Towers with Radar,797,71,52,0,920,0,5,6,0,11,797,76,58,0,931,0,0,0,931
01/13/2020,FLL,FL,ASO,ES,Towers with Radar,785,78,54,0,917,0,4,12,2,18,785,82,66,2,935,0,0,0,935
01/14/2020,FLL,FL,ASO,ES,Towers with Radar,710,73,52,2,837,0,16,13,1,30,710,89,65,3,867,0,0,0,867
01/15/2020,FLL,FL,ASO,ES,Towers with Radar,719,66,57,3,845,0,17,10,0,27,719,83,67,3,872,0,0,0,872
01/16/2020,FLL,FL,ASO,ES,Towers with Radar,779,98,61,2,940,0,14,19,0,33,779,112,80,2,973,0,0,0,973
01/17/2020,FLL,FL,ASO,ES,Towers with Radar,800,100,72,1,973,0,19,17,0,36,800,119,89,1,1009,0,0,0,1009
01/18/2020,FLL,FL,ASO,ES,Towers with Radar,783,93,49,1,926,0,8,11,0,19,783,101,60,1,945,0,0,0,945
01/19/2020,FLL,FL,ASO,ES,Towers with Radar,793,87,43,0,923,0,12,16,0,28,793,99,59,0,951,0,0,0,951
01/20/2020,FLL,FL,ASO,ES,Towers with Radar,785,74,86,0,945,0,14,10,2,26,785,88,96,2,971,0,0,0,971
01/21/2020,FLL,FL,ASO,ES,Towers with Radar,713,73,36,0,822,0,4,15,0,19,713,77,51,0,841,0,0,0,841
01/22/2020,FLL,FL,ASO,ES,Towers with Radar,713,84,53,1,851,0,12,8,1,21,713,96,61,2,872,0,0,0,872
01/23/2020,FLL,FL,ASO,ES,Towers with Radar,804,106,76,2,988,0,5,17,0,22,804,111,93,2,1010,0,0,0,1010
01/24/2020,FLL,FL,ASO,ES,Towers with Radar,787,83,76,1,947,0,17,16,2,35,787,100,92,3,982,0,0,0,982
01/25/2020,FLL,FL,ASO,ES,Towers with Radar,785,73,52,0,910,0,6,12,0,18,785,79,64,0,928,0,0,0,928
01/26/2020,FLL,FL,ASO,ES,Towers with Radar,796,82,55,2,935,0,12,23,0,35,796,94,78,2,970,0,0,0,970
01/27/2020,FLL,FL,ASO,ES,Towers with Radar,785,83,62,2,932,0,10,14,2,26,785,93,76,4,958,0,0,0,958
01/28/2020,FLL,FL,ASO,ES,Towers with Radar,712,88,59,1,860,0,12,22,2,36,712,100,81,3,896,0,0,0,896
01/29/2020,FLL,FL,ASO,ES,Towers with Radar,707,80,56,1,844,0,6,10,2,18,707,86,66,3,862,0,0,0,862
01/30/2020,FLL,FL,ASO,ES,Towers with Radar,801,92,84,2,979,0,7,10,4,21,801,99,94,6,1000,0,0,0,1000
01/31/2020,FLL,FL,ASO,ES,Towers with Radar,812,101,84,0,997,0,8,14,2,24,812,109,98,2,1021,0,0,0,1021
02/01/2020,FLL,FL,ASO,ES,Towers with Radar,839,76,60,0,975,0,1,7,0,8,839,77,67,0,983,0,0,0,983
02/02/2020,FLL,FL,ASO,ES,Towers with Radar,797,76,52,0,925,0,6,5,0,11,797,82,57,0,936,0,0,0,936
02/03/2020,FLL,FL,ASO,ES,Towers with Radar,802,104,123,2,1031,0,10,9,0,19,802,114,132,2,1050,0,0,0,1050
02/04/2020,FLL,FL,ASO,ES,Towers with Radar,711,109,78,2,900,0,4,27,4,35,711,113,105,6,935,0,0,0,935
02/05/2020,FLL,FL,ASO,ES,Towers with Radar,705,85,62,0,852,0,10,15,0,25,705,95,77,0,877,0,0,0,877
02/06/2020,FLL,FL,ASO,ES,Towers with Radar,764,89,59,2,914,0,9,8,0,17,764,98,67,2,931,0,0,0,931
02/07/2020,FLL,FL,ASO,ES,Towers with Radar,803,93,69,2,967,0,12,12,0,24,803,105,81,2,991,0,0,0,991
02/08/2020,FLL,FL,ASO,ES,Towers with Radar,829,65,46,0,940,0,6,14,0,20,829,71,60,0,960,0,0,0,960
02/09/2020,FLL,FL,ASO,ES,Towers with Radar,796,99,49,2,946,0,14,14,0,28,796,113,63,2,974,0,0,0,974
02/10/2020,FLL,FL,ASO,ES,Towers with Radar,771,82,58,0,911,0,6,8,2,16,771,88,66,2,927,0,0,0,927
02/11/2020,FLL,FL,ASO,ES,Towers with Radar,713,86,62,4,865,0,7,14,0,21,713,93,76,4,886,0,0,0,886
02/12/2020,FLL,FL,ASO,ES,Towers with Radar,722,84,64,0,870,0,10,24,0,34,722,94,88,0,904,0,0,0,904
02/13/2020,FLL,FL,ASO,ES,Towers with Radar,787,107,76,0,970,0,11,21,8,40,787,118,97,8,1010,0,0,0,1010
02/14/2020,FLL,FL,ASO,ES,Towers with Radar,797,112,77,0,986,0,24,11,0,35,797,136,88,0,1021,0,0,0,1021
02/15/2020,FLL,FL,ASO,ES,Towers with Radar,853,101,74,0,1028,0,5,10,0,15,853,106,84,0,1043,0,0,0,1043
02/16/2020,FLL,FL,ASO,ES,Towers with Radar,821,122,80,0,1023,0,15,10,0,25,821,137,90,0,1048,0,0,0,1048
02/17/2020,FLL,FL,ASO,ES,Towers with Radar,785,80,98,0,963,0,27,19,0,46,785,107,117,0,1009,0,0,0,1009
02/18/2020,FLL,FL,ASO,ES,Towers with Radar,758,79,60,1,898,0,16,18,2,36,758,95,78,3,934,0,0,0,934
02/19/2020,FLL,FL,ASO,ES,Towers with Radar,757,87,60,3,907,0,21,16,2,39,757,108,76,5,946,0,0,0,946
02/20/2020,FLL,FL,ASO,ES,Towers with Radar,792,91,54,1,938,0,25,14,3,42,792,116,68,4,980,0,0,0,980
02/21/2020,FLL,FL,ASO,ES,Towers with Radar,810,96,110,2,1018,0,9,5,0,14,810,105,115,2,1032,0,0,0,1032
02/22/2020,FLL,FL,ASO,ES,Towers with Radar,848,76,68,1,993,0,4,17,0,21,848,80,85,1,1014,0,0,0,1014
02/23/2020,FLL,FL,ASO,ES,Towers with Radar,822,98,76,2,998,0,11,5,0,16,822,109,81,2,1014,0,0,0,1014
02/24/2020,FLL,FL,ASO,ES,Towers with Radar,784,64,60,1,909,0,15,26,3,44,784,79,86,4,953,0,0,0,953
02/25/2020,FLL,FL,ASO,ES,Towers with Radar,753,78,61,1,893,0,13,20,0,33,753,91,81,1,926,0,0,0,926
02/26/2020,FLL,FL,ASO,ES,Towers with Radar,748,89,75,0,912,0,8,9,0,17,748,97,84,0,929,0,0,0,929
02/27/2020,FLL,FL,ASO,ES,Towers with Radar,801,90,76,1,968,0,16,20,2,38,801,106,96,3,1006,0,0,0,1006
02/28/2020,FLL,FL,ASO,ES,Towers with Radar,797,93,81,1,972,0,17,15,4,36,797,110,96,5,1008,0,0,0,1008
02/29/2020,FLL,FL,ASO,ES,Towers with Radar,844,74,58,1,977,1,11,11,2,25,845,85,69,3,1002,0,0,0,1002
03/01/2020,FLL,FL,ASO,ES,Towers with Radar,813,87,93,0,993,0,7,17,0,24,813,94,110,0,1017,0,0,0,1017
03/02/2020,FLL,FL,ASO,ES,Towers with Radar,788,75,62,4,929,0,16,18,2,36,788,91,80,6,965,0,0,0,965
03/03/2020,FLL,FL,ASO,ES,Towers with Radar,763,99,73,1,936,0,10,14,1,25,763,109,87,2,961,0,0,0,961
03/04/2020,FLL,FL,ASO,ES,Towers with Radar,764,89,55,0,908,0,14,20,0,34,764,103,75,0,942,0,0,0,942
03/05/2020,FLL,FL,ASO,ES,Towers with Radar,804,96,59,0,959,0,9,14,0,23,804,105,73,0,982,0,0,0,982
03/06/2020,FLL,FL,ASO,ES,Towers with Radar,807,109,49,3,968,0,18,13,0,31,807,127,62,3,999,0,0,0,999
03/07/2020,FLL,FL,ASO,ES,Towers with Radar,867,107,65,3,1042,0,13,31,1,45,867,120,96,4,1087,0,0,0,1087
03/08/2020,FLL,FL,ASO,ES,Towers with Radar,845,115,85,0,1045,0,19,10,0,29,845,134,95,0,1074,0,0,0,1074
03/09/2020,FLL,FL,ASO,ES,Towers with Radar,797,92,65,1,955,0,16,17,0,33,797,108,82,1,988,0,0,0,988
03/10/2020,FLL,FL,ASO,ES,Towers with Radar,784,95,55,3,937,0,11,19,0,30,784,106,74,3,967,0,0,0,967
03/11/2020,FLL,FL,ASO,ES,Towers with Radar,771,97,55,0,923,0,6,27,0,33,771,103,82,0,956,0,0,0,956
03/12/2020,FLL,FL,ASO,ES,Towers with Radar,820,101,73,2,996,0,19,9,1,29,820,120,82,3,1025,0,0,0,1025
03/13/2020,FLL,FL,ASO,ES,Towers with Radar,796,106,93,0,995,0,13,19,2,34,796,119,112,2,1029,0,0,0,1029
03/14/2020,FLL,FL,ASO,ES,Towers with Radar,874,91,93,0,1058,0,5,12,0,17,874,96,105,0,1075,0,0,0,1075
03/15/2020,FLL,FL,ASO,ES,Towers with Radar,848,100,100,1,1049,0,9,14,0,23,848,109,114,1,1072,0,0,0,1072
03/16/2020,FLL,FL,ASO,ES,Towers with Radar,793,104,79,0,976,0,23,13,0,36,793,127,92,0,1012,0,0,0,1012
03/17/2020,FLL,FL,ASO,ES,Towers with Radar,758,71,57,0,886,0,6,13,0,19,758,77,70,0,905,0,0,0,905
03/18/2020,FLL,FL,ASO,ES,Towers with Radar,724,81,56,0,861,0,8,12,1,21,724,89,68,1,882,0,0,0,882
03/19/2020,FLL,FL,ASO,ES,Towers with Radar,713,84,59,0,856,0,9,23,2,34,713,93,82,2,890,0,0,0,890
03/20/2020,FLL,FL,ASO,ES,Towers with Radar,710,88,49,2,849,0,7,22,4,33,710,95,71,6,882,0,0,0,882
03/21/2020,FLL,FL,ASO,ES,Towers with Radar,705,80,39,0,824,0,4,14,0,18,705,84,53,0,842,0,0,0,842
03/22/2020,FLL,FL,ASO,ES,Towers with Radar,665,69,19,0,753,0,1,9,0,10,665,70,28,0,763,0,0,0,763
03/23/2020,FLL,FL,ASO,ES,Towers with Radar,528,67,14,0,609,0,2,10,0,12,528,69,24,0,621,0,0,0,621
03/24/2020,FLL,FL,ASO,ES,Towers with Radar,499,51,23,0,573,0,8,12,0,20,499,59,35,0,593,0,0,0,593
03/25/2020,FLL,FL,ASO,ES,Towers with Radar,479,22,12,0,513,0,9,14,2,25,479,31,26,2,538,0,0,0,538
03/26/2020,FLL,FL,ASO,ES,Towers with Radar,415,38,14,0,467,0,3,12,4,19,415,41,26,4,486,0,0,0,486
03/27/2020,FLL,FL,ASO,ES,Towers with Radar,368,37,13,0,418,0,10,8,2,20,368,47,21,2,438,0,0,0,438
03/28/2020,FLL,FL,ASO,ES,Towers with Radar,383,32,11,0,426,0,1,5,0,6,383,33,16,0,432,0,0,0,432
03/29/2020,FLL,FL,ASO,ES,Towers with Radar,350,26,3,0,379,0,0,3,0,3,350,26,6,0,382,0,0,0,382
03/30/2020,FLL,FL,ASO,ES,Towers with Radar,309,25,12,2,348,0,0,14,2,16,309,25,26,4,364,0,0,0,364
03/31/2020,FLL,FL,ASO,ES,Towers with Radar,309,35,13,0,357,0,2,2,5,9,309,37,15,5,366,0,0,0,366
04/01/2020,FLL,FL,ASO,ES,Towers with Radar,272,28,11,2,313,0,3,5,0,8,272,31,16,2,321,0,0,0,321
04/02/2020,FLL,FL,ASO,ES,Towers with Radar,278,29,24,0,331,0,6,4,0,10,278,35,28,0,341,0,0,0,341
04/03/2020,FLL,FL,ASO,ES,Towers with Radar,275,33,23,0,331,0,5,13,0,18,275,38,36,0,349,0,0,0,349
04/04/2020,FLL,FL,ASO,ES,Towers with Radar,277,28,14,0,319,0,0,6,0,6,277,28,20,0,325,0,0,0,325
04/05/2020,FLL,FL,ASO,ES,Towers with Radar,281,17,8,0,306,0,0,1,0,1,281,17,9,0,307,0,0,0,307
04/06/2020,FLL,FL,ASO,ES,Towers with Radar,268,19,15,0,302,0,4,19,0,23,268,23,34,0,325,0,0,0,325
04/07/2020,FLL,FL,ASO,ES,Towers with Radar,251,15,10,2,278,0,5,16,0,21,251,20,26,2,299,0,0,0,299
04/08/2020,FLL,FL,ASO,ES,Towers with Radar,179,20,19,0,218,0,2,10,0,12,179,22,29,0,230,0,0,0,230
04/09/2020,FLL,FL,ASO,ES,Towers with Radar,187,17,12,2,218,0,3,4,0,7,187,20,16,2,225,0,0,0,225
04/10/2020,FLL,FL,ASO,ES,Towers with Radar,201,21,8,0,230,0,0,3,0,3,201,21,11,0,233,0,0,0,233
04/11/2020,FLL,FL,ASO,ES,Towers with Radar,182,12,5,0,199,0,0,1,0,1,182,12,6,0,200,0,0,0,200
04/12/2020,FLL,FL,ASO,ES,Towers with Radar,157,7,4,0,168,0,0,0,0,0,157,7,4,0,168,0,0,0,168
04/13/2020,FLL,FL,ASO,ES,Towers with Radar,158,9,5,0,172,0,0,5,2,7,158,9,10,2,179,0,0,0,179
04/14/2020,FLL,FL,ASO,ES,Towers with Radar,136,14,15,2,167,0,2,10,0,12,136,16,25,2,179,0,0,0,179
04/15/2020,FLL,FL,ASO,ES,Towers with Radar,111,9,14,1,135,0,4,11,0,15,111,13,25,1,150,0,0,0,150
04/16/2020,FLL,FL,ASO,ES,Towers with Radar,115,17,15,2,149,0,0,7,0,7,115,17,22,2,156,0,0,0,156
04/17/2020,FLL,FL,ASO,ES,Towers with Radar,117,20,13,0,150,0,2,3,0,5,117,22,16,0,155,0,0,0,155
04/18/2020,FLL,FL,ASO,ES,Towers with Radar,134,13,11,0,158,0,0,16,0,16,134,13,27,0,174,0,0,0,174
04/19/2020,FLL,FL,ASO,ES,Towers with Radar,106,11,6,2,125,0,0,8,2,10,106,11,14,4,135,0,0,0,135
04/20/2020,FLL,FL,ASO,ES,Towers with Radar,90,12,13,3,118,0,4,1,0,5,90,16,14,3,123,0,0,0,123
04/21/2020,FLL,FL,ASO,ES,Towers with Radar,100,13,12,0,125,0,2,8,0,10,100,15,20,0,135,0,0,0,135
04/22/2020,FLL,FL,ASO,ES,Towers with Radar,114,22,14,3,153,0,1,10,3,14,114,23,24,6,167,0,0,0,167
04/23/2020,FLL,FL,ASO,ES,Towers with Radar,122,30,17,2,171,0,2,17,0,19,122,32,34,2,190,0,0,0,190
04/24/2020,FLL,FL,ASO,ES,Towers with Radar,106,31,9,0,146,0,2,14,0,16,106,33,23,0,162,0,0,0,162
04/25/2020,FLL,FL,ASO,ES,Towers with Radar,111,13,14,0,138,0,0,8,0,8,111,13,22,0,146,0,0,0,146
04/26/2020,FLL,FL,ASO,ES,Towers with Radar,95,8,10,0,113,0,2,8,2,12,95,10,18,2,125,0,0,0,125
04/27/2020,FLL,FL,ASO,ES,Towers with Radar,104,23,20,2,149,0,0,16,0,16,104,23,36,2,165,0,0,0,165
04/28/2020,FLL,FL,ASO,ES,Towers with Radar,102,20,28,0,150,0,2,9,0,11,102,22,37,0,161,0,0,0,161
04/29/2020,FLL,FL,ASO,ES,Towers with Radar,116,24,30,0,170,0,2,14,2,18,116,26,44,2,188,0,0,0,188
04/30/2020,FLL,FL,ASO,ES,Towers with Radar,135,30,17,2,184,0,0,9,1,10,135,30,26,3,194,0,0,0,194
05/01/2020,FLL,FL,ASO,ES,Towers with Radar,119,21,40,2,182,0,9,26,0,35,119,30,66,2,217,0,0,0,217
05/02/2020,FLL,FL,ASO,ES,Towers with Radar,115,13,9,2,139,0,2,18,0,20,115,15,27,2,159,0,0,0,159
05/03/2020,FLL,FL,ASO,ES,Towers with Radar,113,20,18,0,151,0,0,12,0,12,113,20,30,0,163,0,0,0,163
05/04/2020,FLL,FL,ASO,ES,Towers with Radar,122,30,22,0,174,2,2,12,0,16,124,32,34,0,190,0,0,0,190
05/05/2020,FLL,FL,ASO,ES,Towers with Radar,106,22,23,0,151,0,4,19,0,23,106,26,42,0,174,0,0,0,174
05/06/2020,FLL,FL,ASO,ES,Towers with Radar,106,18,46,2,172,0,8,25,2,35,106,26,71,4,207,0,0,0,207
05/07/2020,FLL,FL,ASO,ES,Towers with Radar,130,36,38,2,206,0,8,21,0,29,130,44,59,2,235,0,0,0,235
05/08/2020,FLL,FL,ASO,ES,Towers with Radar,126,35,28,2,191,0,8,17,1,26,126,43,45,3,217,0,0,0,217
05/09/2020,FLL,FL,ASO,ES,Towers with Radar,102,21,29,0,152,0,4,7,0,11,102,25,36,0,163,0,0,0,163
05/10/2020,FLL,FL,ASO,ES,Towers with Radar,114,10,18,0,142,0,0,4,0,4,114,10,22,0,146,0,0,0,146
05/11/2020,FLL,FL,ASO,ES,Towers with Radar,111,22,34,0,167,0,3,10,0,13,111,25,44,0,180,0,0,0,180
05/12/2020,FLL,FL,ASO,ES,Towers with Radar,103,20,25,0,148,0,1,4,0,5,103,21,29,0,153,0,0,0,153
05/13/2020,FLL,FL,ASO,ES,Towers with Radar,105,25,25,0,155,0,4,18,2,24,105,29,43,2,179,0,0,0,179
05/14/2020,FLL,FL,ASO,ES,Towers with Radar,137,41,46,0,224,0,2,2,0,4,137,43,48,0,228,0,0,0,228
05/15/2020,FLL,FL,ASO,ES,Towers with Radar,116,34,18,0,168,0,1,5,0,6,116,35,23,0,174,0,0,0,174
05/16/2020,FLL,FL,ASO,ES,Towers with Radar,102,17,21,2,142,0,1,4,0,5,102,18,25,2,147,0,0,0,147
05/17/2020,FLL,FL,ASO,ES,Towers with Radar,119,23,23,0,165,0,2,7,2,11,119,25,30,2,176,0,0,0,176
05/18/2020,FLL,FL,ASO,ES,Towers with Radar,121,33,29,0,183,0,7,10,0,17,121,40,39,0,200,0,0,0,200
05/19/2020,FLL,FL,ASO,ES,Towers with Radar,104,23,29,0,156,0,2,15,0,17,104,25,44,0,173,0,0,0,173
05/20/2020,FLL,FL,ASO,ES,Towers with Radar,105,24,41,0,170,0,4,14,0,18,105,28,55,0,188,0,0,0,188
05/21/2020,FLL,FL,ASO,ES,Towers with Radar,140,34,35,2,211,0,0,16,2,18,140,34,51,4,229,0,0,0,229
05/22/2020,FLL,FL,ASO,ES,Towers with Radar,130,36,31,2,199,0,3,20,0,23,130,39,51,2,222,0,0,0,222
05/23/2020,FLL,FL,ASO,ES,Towers with Radar,119,26,24,1,170,0,1,3,0,4,119,27,27,1,174,0,0,0,174
05/24/2020,FLL,FL,ASO,ES,Towers with Radar,121,15,22,0,158,0,0,2,0,2,121,15,24,0,160,0,0,0,160
05/25/2020,FLL,FL,ASO,ES,Towers with Radar,123,28,39,0,190,0,0,1,0,1,123,28,40,0,191,0,0,0,191
05/26/2020,FLL,FL,ASO,ES,Towers with Radar,112,23,26,0,161,0,4,1,0,5,112,27,27,0,166,0,0,0,166
05/27/2020,FLL,FL,ASO,ES,Towers with Radar,108,26,40,0,174,0,2,13,0,15,108,28,53,0,189,0,0,0,189
05/28/2020,FLL,FL,ASO,ES,Towers with Radar,135,18,49,0,202,0,2,17,1,20,135,20,66,1,222,0,0,0,222
05/29/2020,FLL,FL,ASO,ES,Towers with Radar,128,30,37,2,197,0,4,22,0,26,128,34,59,2,223,0,0,0,223
05/30/2020,FLL,FL,ASO,ES,Towers with Radar,116,20,22,2,160,0,0,9,0,9,116,20,31,2,169,0,0,0,169
05/31/2020,FLL,FL,ASO,ES,Towers with Radar,131,21,31,0,183,0,4,13,0,17,131,25,44,0,200,0,0,0,200
06/01/2020,FLL,FL,ASO,ES,Towers with Radar,157,25,37,1,220,0,0,3,0,3,157,25,40,1,223,0,0,0,223
06/02/2020,FLL,FL,ASO,ES,Towers with Radar,144,26,36,1,207,0,9,5,4,18,144,35,41,5,225,0,0,0,225
06/03/2020,FLL,FL,ASO,ES,Towers with Radar,143,37,43,3,226,0,8,5,0,13,143,45,48,3,239,0,0,0,239
06/04/2020,FLL,FL,ASO,ES,Towers with Radar,178,35,44,0,257,0,2,0,0,2,178,37,44,0,259,0,0,0,259
06/05/2020,FLL,FL,ASO,ES,Towers with Radar,177,30,47,2,256,0,8,7,3,18,177,38,54,5,274,0,0,0,274
06/06/2020,FLL,FL,ASO,ES,Towers with Radar,157,18,34,0,209,0,0,4,0,4,157,18,38,0,213,0,0,0,213
06/07/2020,FLL,FL,ASO,ES,Towers with Radar,176,27,32,0,235,0,0,5,0,5,176,27,37,0,240,0,0,0,240
06/08/2020,FLL,FL,ASO,ES,Towers with Radar,179,27,23,2,231,0,0,15,2,17,179,27,38,4,248,0,0,0,248
06/09/2020,FLL,FL,ASO,ES,Towers with Radar,150,28,37,5,220,0,8,19,1,28,150,36,56,6,248,0,0,0,248
06/10/2020,FLL,FL,ASO,ES,Towers with Radar,166,33,32,0,231,0,0,11,1,12,166,33,43,1,243,0,0,0,243
06/11/2020,FLL,FL,ASO,ES,Towers with Radar,228,43,37,0,308,0,5,20,0,25,228,48,57,0,333,0,0,0,333
06/12/2020,FLL,FL,ASO,ES,Towers with Radar,231,45,47,2,325,0,2,12,0,14,231,47,59,2,339,0,0,0,339
06/13/2020,FLL,FL,ASO,ES,Towers with Radar,196,32,21,0,249,0,0,5,0,5,196,32,26,0,254,0,0,0,254
06/14/2020,FLL,FL,ASO,ES,Towers with Radar,228,35,43,0,306,0,0,9,0,9,228,35,52,0,315,0,0,0,315
06/15/2020,FLL,FL,ASO,ES,Towers with Radar,213,35,38,0,286,0,10,5,0,15,213,45,43,0,301,0,0,0,301
06/16/2020,FLL,FL,ASO,ES,Towers with Radar,173,43,42,1,259,0,6,12,0,18,173,49,54,1,277,0,0,0,277
06/17/2020,FLL,FL,ASO,ES,Towers with Radar,173,40,56,1,270,0,3,9,0,12,173,43,65,1,282,0,0,0,282
06/18/2020,FLL,FL,ASO,ES,Towers with Radar,254,44,39,4,341,0,2,7,0,9,254,46,46,4,350,0,0,0,350
06/19/2020,FLL,FL,ASO,ES,Towers with Radar,240,50,45,2,337,0,6,10,2,18,240,56,55,4,355,0,0,0,355
06/20/2020,FLL,FL,ASO,ES,Towers with Radar,222,36,32,2,292,0,0,10,0,10,222,36,42,2,302,0,0,0,302
06/21/2020,FLL,FL,ASO,ES,Towers with Radar,239,37,39,0,315,0,0,3,0,3,239,37,42,0,318,0,0,0,318
06/22/2020,FLL,FL,ASO,ES,Towers with Radar,239,35,49,0,323,0,6,6,2,14,239,41,55,2,337,0,0,0,337
06/23/2020,FLL,FL,ASO,ES,Towers with Radar,197,47,32,0,276,0,2,15,2,19,197,49,47,2,295,0,0,0,295
06/24/2020,FLL,FL,ASO,ES,Towers with Radar,194,37,44,0,275,0,4,12,0,16,194,41,56,0,291,0,0,0,291
06/25/2020,FLL,FL,ASO,ES,Towers with Radar,278,32,38,0,348,0,5,17,0,22,278,37,55,0,370,0,0,0,370
06/26/2020,FLL,FL,ASO,ES,Towers with Radar,269,52,39,2,362,0,4,22,2,28,269,56,61,4,390,0,0,0,390
06/27/2020,FLL,FL,ASO,ES,Towers with Radar,236,26,36,0,298,0,3,5,0,8,236,29,41,0,306,0,0,0,306
06/28/2020,FLL,FL,ASO,ES,Towers with Radar,254,42,42,0,338,0,6,7,0,13,254,48,49,0,351,0,0,0,351
06/29/2020,FLL,FL,ASO,ES,Towers with Radar,262,27,41,0,330,0,10,7,1,18,262,37,48,1,348,0,0,0,348
06/30/2020,FLL,FL,ASO,ES,Towers with Radar,203,49,47,2,301,0,5,8,1,14,203,54,55,3,315,0,0,0,315
07/01/2020,FLL,FL,ASO,ES,Towers with Radar,307,53,52,0,412,0,10,10,1,21,307,63,62,1,433,0,0,0,433
07/02/2020,FLL,FL,ASO,ES,Towers with Radar,371,61,46,2,480,0,22,12,2,36,371,83,58,4,516,0,0,0,516
07/03/2020,FLL,FL,ASO,ES,Towers with Radar,377,75,39,0,491,0,19,10,0,29,377,94,49,0,520,0,0,0,520
07/04/2020,FLL,FL,ASO,ES,Towers with Radar,282,36,15,1,334,0,2,11,0,13,282,38,26,1,347,0,0,0,347
07/05/2020,FLL,FL,ASO,ES,Towers with Radar,368,49,32,2,451,0,12,8,0,20,368,61,40,2,471,0,0,0,471
07/06/2020,FLL,FL,ASO,ES,Towers with Radar,378,47,44,0,469,0,13,8,0,21,378,60,52,0,490,0,0,0,490
07/07/2020,FLL,FL,ASO,ES,Towers with Radar,334,41,38,0,413,0,6,9,2,17,334,47,47,2,430,0,0,0,430
07/08/2020,FLL,FL,ASO,ES,Towers with Radar,343,41,40,0,424,0,5,18,2,25,343,46,58,2,449,0,0,0,449
07/09/2020,FLL,FL,ASO,ES,Towers with Radar,394,60,46,1,501,0,8,19,0,27,394,68,65,1,528,0,0,0,528
07/10/2020,FLL,FL,ASO,ES,Towers with Radar,418,52,34,6,510,0,16,8,3,27,418,68,42,9,537,0,0,0,537
07/11/2020,FLL,FL,ASO,ES,Towers with Radar,370,54,27,2,453,0,3,5,0,8,370,57,32,2,461,0,0,0,461
07/12/2020,FLL,FL,ASO,ES,Towers with Radar,376,49,36,0,461,0,7,8,0,15,376,56,44,0,476,0,0,0,476
07/13/2020,FLL,FL,ASO,ES,Towers with Radar,388,40,43,0,471,0,5,6,2,13,388,45,49,2,484,0,0,0,484
07/14/2020,FLL,FL,ASO,ES,Towers with Radar,328,22,35,2,387,0,8,16,0,24,328,30,51,2,411,0,0,0,411
07/15/2020,FLL,FL,ASO,ES,Towers with Radar,338,39,46,0,423,0,7,8,0,15,338,46,54,0,438,0,0,0,438
07/16/2020,FLL,FL,ASO,ES,Towers with Radar,380,43,38,0,461,0,12,13,0,25,380,55,51,0,486,0,0,0,486
07/17/2020,FLL,FL,ASO,ES,Towers with Radar,386,56,43,0,485,0,12,11,0,23,386,68,54,0,508,0,0,0,508
07/18/2020,FLL,FL,ASO,ES,Towers with Radar,352,45,21,0,418,0,5,4,0,9,352,50,25,0,427,0,0,0,427
07/19/2020,FLL,FL,ASO,ES,Towers with Radar,363,45,23,0,431,0,3,2,0,5,363,48,25,0,436,0,0,0,436
07/20/2020,FLL,FL,ASO,ES,Towers with Radar,372,30,24,0,426,0,6,4,1,11,372,36,28,1,437,0,0,0,437
07/21/2020,FLL,FL,ASO,ES,Towers with Radar,315,25,41,2,383,0,7,10,0,17,315,32,51,2,400,0,0,0,400
07/22/2020,FLL,FL,ASO,ES,Towers with Radar,324,31,31,0,386,0,5,11,1,17,324,36,42,1,403,0,0,0,403
07/23/2020,FLL,FL,ASO,ES,Towers with Radar,369,60,25,2,456,0,6,12,1,19,369,66,37,3,475,0,0,0,475
07/24/2020,FLL,FL,ASO,ES,Towers with Radar,370,45,39,0,454,0,11,11,2,24,370,56,50,2,478,0,0,0,478
07/25/2020,FLL,FL,ASO,ES,Towers with Radar,337,25,19,1,382,0,6,11,1,18,337,31,30,2,400,0,0,0,400
07/26/2020,FLL,FL,ASO,ES,Towers with Radar,358,36,34,0,428,0,7,10,2,19,358,43,44,2,447,0,0,0,447
07/27/2020,FLL,FL,ASO,ES,Towers with Radar,358,28,32,2,420,0,12,17,0,29,358,40,49,2,449,0,0,0,449
07/28/2020,FLL,FL,ASO,ES,Towers with Radar,305,27,37,0,369,0,5,5,0,10,305,32,42,0,379,0,0,0,379
07/29/2020,FLL,FL,ASO,ES,Towers with Radar,308,29,37,2,376,0,2,18,0,20,308,31,55,2,396,0,0,0,396
07/30/2020,FLL,FL,ASO,ES,Towers with Radar,358,42,39,0,439,0,9,11,0,20,358,51,50,0,459,0,0,0,459
07/31/2020,FLL,FL,ASO,ES,Towers with Radar,365,35,54,0,454,0,9,9,1,19,365,44,63,1,473,0,0,0,473
08/01/2020,FLL,FL,ASO,ES,Towers with Radar,300,18,17,0,335,0,1,1,0,2,300,19,18,0,337,0,0,0,337
08/02/2020,FLL,FL,ASO,ES,Towers with Radar,347,24,23,0,394,0,1,2,0,3,347,25,25,0,397,0,0,0,397
08/03/2020,FLL,FL,ASO,ES,Towers with Radar,375,28,46,0,449,0,11,12,0,23,375,39,58,0,472,0,0,0,472
08/04/2020,FLL,FL,ASO,ES,Towers with Radar,303,30,47,0,380,0,1,13,2,16,303,31,60,2,396,0,0,0,396
08/05/2020,FLL,FL,ASO,ES,Towers with Radar,292,44,28,0,364,0,1,17,0,18,292,45,45,0,382,0,0,0,382
08/06/2020,FLL,FL,ASO,ES,Towers with Radar,355,57,40,2,454,0,5,11,0,16,355,62,51,2,470,0,0,0,470
08/07/2020,FLL,FL,ASO,ES,Towers with Radar,355,38,47,0,440,0,3,11,0,14,355,41,58,0,454,0,0,0,454
08/08/2020,FLL,FL,ASO,ES,Towers with Radar,306,36,31,0,373,0,1,9,0,10,306,37,40,0,383,0,0,0,383
08/09/2020,FLL,FL,ASO,ES,Towers with Radar,333,37,28,0,398,0,2,2,0,4,333,39,30,0,402,0,0,0,402
08/10/2020,FLL,FL,ASO,ES,Towers with Radar,326,37,26,2,391,0,6,10,0,16,326,43,36,2,407,0,0,0,407
08/11/2020,FLL,FL,ASO,ES,Towers with Radar,251,32,31,0,314,0,5,22,0,27,251,37,53,0,341,0,0,0,341
08/12/2020,FLL,FL,ASO,ES,Towers with Radar,250,42,33,4,329,0,1,17,5,23,250,43,50,9,352,0,0,0,352
08/13/2020,FLL,FL,ASO,ES,Towers with Radar,319,55,50,4,428,0,3,47,0,50,319,58,97,4,478,0,0,0,478
08/14/2020,FLL,FL,ASO,ES,Towers with Radar,303,48,54,2,407,0,0,12,0,12,303,48,66,2,419,0,0,0,419
08/15/2020,FLL,FL,ASO,ES,Towers with Radar,285,33,42,0,360,0,3,8,1,12,285,36,50,1,372,0,0,0,372
08/16/2020,FLL,FL,ASO,ES,Towers with Radar,304,43,40,0,387,0,7,5,0,12,304,50,45,0,399,0,0,0,399
08/17/2020,FLL,FL,ASO,ES,Towers with Radar,309,37,40,0,386,0,3,9,2,14,309,40,49,2,400,0,0,0,400
08/18/2020,FLL,FL,ASO,ES,Towers with Radar,242,32,35,2,311,0,7,21,0,28,242,39,56,2,339,0,0,0,339
08/19/2020,FLL,FL,ASO,ES,Towers with Radar,249,26,52,0,327,0,4,8,0,12,249,30,60,0,339,0,0,0,339
08/20/2020,FLL,FL,ASO,ES,Towers with Radar,312,39,36,0,387,0,2,6,0,8,312,41,42,0,395,0,0,0,395
08/21/2020,FLL,FL,ASO,ES,Towers with Radar,303,51,47,1,402,0,7,14,0,21,303,58,61,1,423,0,0,0,423
08/22/2020,FLL,FL,ASO,ES,Towers with Radar,278,26,35,0,339,0,9,3,0,12,278,35,38,0,351,0,0,0,351
08/23/2020,FLL,FL,ASO,ES,Towers with Radar,299,36,51,1,387,0,4,8,0,12,299,40,59,1,399,0,0,0,399
08/24/2020,FLL,FL,ASO,ES,Towers with Radar,300,24,21,0,345,0,0,4,0,4,300,24,25,0,349,0,0,0,349
08/25/2020,FLL,FL,ASO,ES,Towers with Radar,242,29,36,2,309,0,3,12,4,19,242,32,48,6,328,0,0,0,328
08/26/2020,FLL,FL,ASO,ES,Towers with Radar,235,39,40,2,316,0,5,22,2,29,235,44,62,4,345,0,0,0,345
08/27/2020,FLL,FL,ASO,ES,Towers with Radar,311,36,44,0,391,0,4,26,0,30,311,40,70,0,421,0,0,0,421
08/28/2020,FLL,FL,ASO,ES,Towers with Radar,309,51,49,2,411,0,4,18,0,22,309,55,67,2,433,0,0,0,433
08/29/2020,FLL,FL,ASO,ES,Towers with Radar,281,26,30,0,337,0,3,12,0,15,281,29,42,0,352,0,0,0,352
08/30/2020,FLL,FL,ASO,ES,Towers with Radar,302,41,31,0,374,0,6,10,0,16,302,47,41,0,390,0,0,0,390
08/31/2020,FLL,FL,ASO,ES,Towers with Radar,308,39,40,0,387,0,4,19,0,23,308,43,59,0,410,0,0,0,410
09/01/2020,FLL,FL,ASO,ES,Towers with Radar,232,32,47,2,313,0,6,16,1,23,232,38,63,3,336,0,0,0,336
09/02/2020,FLL,FL,ASO,ES,Towers with Radar,238,32,32,3,305,0,6,13,3,22,238,38,45,6,327,0,0,0,327
09/03/2020,FLL,FL,ASO,ES,Towers with Radar,303,53,43,3,402,0,3,11,0,14,303,56,54,3,416,0,0,0,416
09/04/2020,FLL,FL,ASO,ES,Towers with Radar,309,56,59,2,426,0,7,18,2,27,309,63,77,4,453,0,0,0,453
09/05/2020,FLL,FL,ASO,ES,Towers with Radar,260,23,20,0,303,0,2,6,0,8,260,25,26,0,311,0,0,0,311
09/06/2020,FLL,FL,ASO,ES,Towers with Radar,272,35,21,0,328,0,5,5,0,10,272,40,26,0,338,0,0,0,338
09/07/2020,FLL,FL,ASO,ES,Towers with Radar,298,37,53,0,388,0,8,9,0,17,298,45,62,0,405,0,0,0,405
09/08/2020,FLL,FL,ASO,ES,Towers with Radar,223,32,44,2,301,0,4,15,0,19,223,36,59,2,320,0,0,0,320
09/09/2020,FLL,FL,ASO,ES,Towers with Radar,226,37,44,2,309,0,6,12,0,18,226,43,56,2,327,0,0,0,327
09/10/2020,FLL,FL,ASO,ES,Towers with Radar,299,49,48,4,400,0,3,7,0,10,299,52,55,4,410,0,0,0,410
09/11/2020,FLL,FL,ASO,ES,Towers with Radar,279,39,35,2,355,0,7,7,2,16,279,46,42,4,371,0,0,0,371
09/12/2020,FLL,FL,ASO,ES,Towers with Radar,243,33,26,0,302,0,0,3,0,3,243,33,29,0,305,0,0,0,305
09/13/2020,FLL,FL,ASO,ES,Towers with Radar,277,55,28,0,360,0,9,12,0,21,277,64,40,0,381,0,0,0,381
09/14/2020,FLL,FL,ASO,ES,Towers with Radar,269,46,33,1,349,0,5,10,0,15,269,51,43,1,364,0,0,0,364
09/15/2020,FLL,FL,ASO,ES,Towers with Radar,206,28,30,1,265,0,7,5,0,12,206,35,35,1,277,0,0,0,277
09/16/2020,FLL,FL,ASO,ES,Towers with Radar,218,49,41,2,310,0,6,7,0,13,218,55,48,2,323,0,0,0,323
09/17/2020,FLL,FL,ASO,ES,Towers with Radar,289,53,30,2,374,0,13,7,2,22,289,66,37,4,396,0,0,0,396
09/18/2020,FLL,FL,ASO,ES,Towers with Radar,274,43,49,0,366,0,4,18,0,22,274,47,67,0,388,0,0,0,388
09/19/2020,FLL,FL,ASO,ES,Towers with Radar,238,28,30,0,296,0,5,10,0,15,238,33,40,0,311,0,0,0,311
09/20/2020,FLL,FL,ASO,ES,Towers with Radar,274,49,37,0,360,0,8,17,0,25,274,57,54,0,385,0,0,0,385
09/21/2020,FLL,FL,ASO,ES,Towers with Radar,289,39,28,0,356,0,1,2,0,3,289,40,30,0,359,0,0,0,359
09/22/2020,FLL,FL,ASO,ES,Towers with Radar,216,22,34,2,274,0,8,14,0,22,216,30,48,2,296,0,0,0,296
09/23/2020,FLL,FL,ASO,ES,Towers with Radar,227,57,46,0,330,0,6,13,2,21,227,63,59,2,351,0,0,0,351
09/24/2020,FLL,FL,ASO,ES,Towers with Radar,300,66,59,4,429,0,2,15,0,17,300,68,74,4,446,0,0,0,446
09/25/2020,FLL,FL,ASO,ES,Towers with Radar,294,63,56,0,413,0,5,11,0,16,294,68,67,0,429,0,0,0,429
09/26/2020,FLL,FL,ASO,ES,Towers with Radar,256,35,46,0,337,0,3,5,0,8,256,38,51,0,345,0,0,0,345
09/27/2020,FLL,FL,ASO,ES,Towers with Radar,285,52,72,0,409,0,6,8,0,14,285,58,80,0,423,0,0,0,423
09/28/2020,FLL,FL,ASO,ES,Towers with Radar,299,35,32,4,370,0,4,6,1,11,299,39,38,5,381,0,0,0,381
09/29/2020,FLL,FL,ASO,ES,Towers with Radar,226,38,44,2,310,0,6,7,0,13,226,44,51,2,323,0,0,0,323
09/30/2020,FLL,FL,ASO,ES,Towers with Radar,231,48,51,0,330,0,4,6,0,10,231,52,57,0,340,0,0,0,340
10/01/2020,FLL,FL,ASO,ES,Towers with Radar,336,52,52,2,442,0,6,14,0,20,336,58,66,2,462,0,0,0,462
10/02/2020,FLL,FL,ASO,ES,Towers with Radar,326,55,47,1,429,0,8,7,0,15,326,63,54,1,444,0,0,0,444
10/03/2020,FLL,FL,ASO,ES,Towers with Radar,297,33,33,2,365,0,0,5,0,5,297,33,38,2,370,0,0,0,370
10/04/2020,FLL,FL,ASO,ES,Towers with Radar,327,47,48,1,423,0,3,12,1,16,327,50,60,2,439,0,0,0,439
10/05/2020,FLL,FL,ASO,ES,Towers with Radar,330,50,45,0,425,0,3,4,0,7,330,53,49,0,432,0,0,0,432
10/06/2020,FLL,FL,ASO,ES,Towers with Radar,240,47,39,2,328,0,17,14,0,31,240,64,53,2,359,0,0,0,359
10/07/2020,FLL,FL,ASO,ES,Towers with Radar,275,56,46,0,377,0,8,13,2,23,275,64,59,2,400,0,0,0,400
10/08/2020,FLL,FL,ASO,ES,Towers with Radar,371,53,52,3,479,0,18,13,2,33,371,71,65,5,512,0,0,0,512
10/09/2020,FLL,FL,ASO,ES,Towers with Radar,374,52,46,1,473,0,11,21,4,36,374,63,67,5,509,0,0,0,509
10/10/2020,FLL,FL,ASO,ES,Towers with Radar,331,29,42,0,402,0,1,6,0,7,331,30,48,0,409,0,0,0,409
10/11/2020,FLL,FL,ASO,ES,Towers with Radar,363,42,30,2,437,0,6,7,2,15,363,48,37,4,452,0,0,0,452
10/12/2020,FLL,FL,ASO,ES,Towers with Radar,378,49,42,0,469,0,5,20,0,25,378,54,62,0,494,0,0,0,494
10/13/2020,FLL,FL,ASO,ES,Towers with Radar,284,35,47,2,368,0,11,20,2,33,284,46,67,4,401,0,0,0,401
10/14/2020,FLL,FL,ASO,ES,Towers with Radar,282,42,58,0,382,0,16,12,0,28,282,58,70,0,410,0,0,0,410
10/15/2020,FLL,FL,ASO,ES,Towers with Radar,383,82,80,3,548,0,8,20,0,28,383,90,100,3,576,0,0,0,576
10/16/2020,FLL,FL,ASO,ES,Towers with Radar,376,53,88,2,519,0,4,3,0,7,376,57,91,2,526,0,0,0,526
10/17/2020,FLL,FL,ASO,ES,Towers with Radar,338,37,48,2,425,0,9,12,0,21,338,46,60,2,446,0,0,0,446
10/18/2020,FLL,FL,ASO,ES,Towers with Radar,377,66,50,0,493,0,7,8,0,15,377,73,58,0,508,0,0,0,508
10/19/2020,FLL,FL,ASO,ES,Towers with Radar,384,51,35,0,470,0,8,7,0,15,384,59,42,0,485,0,0,0,485
10/20/2020,FLL,FL,ASO,ES,Towers with Radar,299,40,40,0,379,0,4,7,0,11,299,44,47,0,390,0,0,0,390
10/21/2020,FLL,FL,ASO,ES,Towers with Radar,300,51,39,0,390,0,5,5,0,10,300,56,44,0,400,0,0,0,400
10/22/2020,FLL,FL,ASO,ES,Towers with Radar,387,58,62,2,509,0,2,8,0,10,387,60,70,2,519,0,0,0,519
10/23/2020,FLL,FL,ASO,ES,Towers with Radar,383,65,45,0,493,0,11,11,1,23,383,76,56,1,516,0,0,0,516
10/24/2020,FLL,FL,ASO,ES,Towers with Radar,333,48,55,0,436,0,5,9,0,14,333,53,64,0,450,0,0,0,450
10/25/2020,FLL,FL,ASO,ES,Towers with Radar,381,49,63,0,493,0,6,7,0,13,381,55,70,0,506,0,0,0,506
10/26/2020,FLL,FL,ASO,ES,Towers with Radar,390,49,46,0,485,0,8,15,2,25,390,57,61,2,510,0,0,0,510
10/27/2020,FLL,FL,ASO,ES,Towers with Radar,296,40,74,2,412,0,16,13,0,29,296,56,87,2,441,0,0,0,441
10/28/2020,FLL,FL,ASO,ES,Towers with Radar,301,64,99,0,464,0,8,26,0,34,301,72,125,0,498,0,0,0,498
10/29/2020,FLL,FL,ASO,ES,Towers with Radar,394,81,111,2,588,0,3,22,0,25,394,84,133,2,613,0,0,0,613
10/30/2020,FLL,FL,ASO,ES,Towers with Radar,381,75,85,0,541,0,6,41,0,47,381,81,126,0,588,0,0,0,588
10/31/2020,FLL,FL,ASO,ES,Towers with Radar,300,66,55,0,421,0,1,16,0,17,300,67,71,0,438,0,0,0,438
11/01/2020,FLL,FL,ASO,ES,Towers with Radar,388,81,91,0,560,0,3,18,0,21,388,84,109,0,581,0,0,0,581
11/02/2020,FLL,FL,ASO,ES,Towers with Radar,393,68,54,0,515,0,5,11,0,16,393,73,65,0,531,0,0,0,531
11/03/2020,FLL,FL,ASO,ES,Towers with Radar,291,31,43,2,367,0,7,16,0,23,291,38,59,2,390,0,0,0,390
11/04/2020,FLL,FL,ASO,ES,Towers with Radar,316,51,42,2,411,0,4,12,2,18,316,55,54,4,429,0,0,0,429
11/05/2020,FLL,FL,ASO,ES,Towers with Radar,418,53,51,2,524,0,8,7,4,19,418,61,58,6,543,0,0,0,543
11/06/2020,FLL,FL,ASO,ES,Towers with Radar,420,58,65,2,545,0,7,9,0,16,420,65,74,2,561,0,0,0,561
11/07/2020,FLL,FL,ASO,ES,Towers with Radar,388,44,36,0,468,0,0,3,0,3,388,44,39,0,471,0,0,0,471
11/08/2020,FLL,FL,ASO,ES,Towers with Radar,396,21,23,0,440,0,0,0,0,0,396,21,23,0,440,0,0,0,440
11/09/2020,FLL,FL,ASO,ES,Towers with Radar,407,27,30,0,464,0,0,1,0,1,407,27,31,0,465,0,0,0,465
11/10/2020,FLL,FL,ASO,ES,Towers with Radar,338,28,50,2,418,0,9,13,0,22,338,37,63,2,440,0,0,0,440
11/11/2020,FLL,FL,ASO,ES,Towers with Radar,348,48,33,0,429,0,3,4,0,7,348,51,37,0,436,0,0,0,436
11/12/2020,FLL,FL,ASO,ES,Towers with Radar,439,66,51,1,557,0,4,15,0,19,439,70,66,1,576,0,0,0,576
11/13/2020,FLL,FL,ASO,ES,Towers with Radar,439,52,62,2,555,0,10,19,0,29,439,62,81,2,584,0,0,0,584
11/14/2020,FLL,FL,ASO,ES,Towers with Radar,389,47,41,0,477,0,5,13,0,18,389,52,54,0,495,0,0,0,495
11/15/2020,FLL,FL,ASO,ES,Towers with Radar,442,77,49,0,568,0,8,25,2,35,442,85,74,2,603,0,0,0,603
11/16/2020,FLL,FL,ASO,ES,Towers with Radar,431,66,60,2,559,0,7,28,1,36,431,73,88,3,595,0,0,0,595
11/17/2020,FLL,FL,ASO,ES,Towers with Radar,329,62,47,1,439,0,12,28,0,40,329,74,75,1,479,0,0,0,479
11/18/2020,FLL,FL,ASO,ES,Towers with Radar,393,55,27,2,477,0,5,12,3,20,393,60,39,5,497,0,0,0,497
11/19/2020,FLL,FL,ASO,ES,Towers with Radar,498,83,52,5,638,0,7,15,5,27,498,90,67,10,665,0,0,0,665
11/20/2020,FLL,FL,ASO,ES,Towers with Radar,513,68,70,0,651,0,14,17,8,39,513,82,87,8,690,0,0,0,690
11/21/2020,FLL,FL,ASO,ES,Towers with Radar,547,70,64,1,682,0,10,12,5,27,547,80,76,6,709,0,0,0,709
11/22/2020,FLL,FL,ASO,ES,Towers with Radar,508,101,59,0,668,0,7,6,4,17,508,108,65,4,685,0,0,0,685
11/23/2020,FLL,FL,ASO,ES,Towers with Radar,509,55,55,6,625,0,9,17,0,26,509,64,72,6,651,0,0,0,651
11/24/2020,FLL,FL,ASO,ES,Towers with Radar,519,34,62,3,618,0,13,31,1,45,519,47,93,4,663,0,0,0,663
11/25/2020,FLL,FL,ASO,ES,Towers with Radar,526,65,48,2,641,0,9,18,0,27,526,74,66,2,668,0,0,0,668
11/26/2020,FLL,FL,ASO,ES,Towers with Radar,328,30,20,0,378,0,8,10,0,18,328,38,30,0,396,0,0,0,396
11/27/2020,FLL,FL,ASO,ES,Towers with Radar,471,57,54,0,582,0,8,5,2,15,471,65,59,2,597,0,0,0,597
11/28/2020,FLL,FL,ASO,ES,Towers with Radar,565,51,55,0,671,0,9,10,0,19,565,60,65,0,690,0,0,0,690
11/29/2020,FLL,FL,ASO,ES,Towers with Radar,561,87,80,0,728,0,13,8,0,21,561,100,88,0,749,0,0,0,749
11/30/2020,FLL,FL,ASO,ES,Towers with Radar,543,65,56,2,666,0,11,11,2,24,543,76,67,4,690,0,0,0,690
12/01/2020,FLL,FL,ASO,ES,Towers with Radar,459,65,63,2,589,0,9,11,3,23,459,74,74,5,612,0,0,0,612
12/02/2020,FLL,FL,ASO,ES,Towers with Radar,378,59,79,0,516,0,7,11,2,20,378,66,90,2,536,0,0,0,536
12/03/2020,FLL,FL,ASO,ES,Towers with Radar,459,73,57,2,591,0,3,20,1,24,459,76,77,3,615,0,0,0,615
12/04/2020,FLL,FL,ASO,ES,Towers with Radar,437,60,70,2,569,0,15,15,0,30,437,75,85,2,599,0,0,0,599
12/05/2020,FLL,FL,ASO,ES,Towers with Radar,406,45,46,0,497,0,7,20,0,27,406,52,66,0,524,0,0,0,524
12/06/2020,FLL,FL,ASO,ES,Towers with Radar,475,50,45,0,570,0,2,12,0,14,475,52,57,0,584,0,0,0,584
12/07/2020,FLL,FL,ASO,ES,Towers with Radar,453,40,42,2,537,0,1,5,0,6,453,41,47,2,543,0,0,0,543
12/08/2020,FLL,FL,ASO,ES,Towers with Radar,367,54,54,0,475,0,13,18,0,31,367,67,72,0,506,0,0,0,506
12/09/2020,FLL,FL,ASO,ES,Towers with Radar,374,51,58,2,485,0,4,14,0,18,374,55,72,2,503,0,0,0,503
12/10/2020,FLL,FL,ASO,ES,Towers with Radar,476,64,76,3,619,0,1,27,0,28,476,65,103,3,647,0,0,0,647
12/11/2020,FLL,FL,ASO,ES,Towers with Radar,452,93,64,0,609,0,9,24,0,33,452,102,88,0,642,0,0,0,642
12/12/2020,FLL,FL,ASO,ES,Towers with Radar,424,50,52,0,526,0,8,11,0,19,424,58,63,0,545,0,0,0,545
12/13/2020,FLL,FL,ASO,ES,Towers with Radar,476,51,74,0,601,0,7,7,0,14,476,58,81,0,615,0,0,0,615
12/14/2020,FLL,FL,ASO,ES,Towers with Radar,452,72,48,0,572,0,5,18,0,23,452,77,66,0,595,0,0,0,595
12/15/2020,FLL,FL,ASO,ES,Towers with Radar,373,54,63,2,492,0,14,12,0,26,373,68,75,2,518,0,0,0,518
12/16/2020,FLL,FL,ASO,ES,Towers with Radar,402,49,42,2,495,0,13,21,0,34,402,62,63,2,529,0,0,0,529
12/17/2020,FLL,FL,ASO,ES,Towers with Radar,519,79,70,2,670,0,7,15,3,25,519,86,85,5,695,0,0,0,695
12/18/2020,FLL,FL,ASO,ES,Towers with Radar,595,95,81,0,771,0,10,25,0,35,595,105,106,0,806,0,0,0,806
12/19/2020,FLL,FL,ASO,ES,Towers with Radar,641,80,78,0,799,0,6,15,0,21,641,86,93,0,820,0,0,0,820
12/20/2020,FLL,FL,ASO,ES,Towers with Radar,602,74,60,0,736,0,9,13,0,22,602,83,73,0,758,0,0,0,758
12/21/2020,FLL,FL,ASO,ES,Towers with Radar,586,62,84,0,732,0,11,12,0,23,586,73,96,0,755,0,0,0,755
12/22/2020,FLL,FL,ASO,ES,Towers with Radar,595,67,71,6,739,0,11,22,0,33,595,78,93,6,772,0,0,0,772
12/23/2020,FLL,FL,ASO,ES,Towers with Radar,612,69,66,0,747,0,13,14,0,27,612,82,80,0,774,0,0,0,774
12/24/2020,FLL,FL,ASO,ES,Towers with Radar,487,64,43,0,594,0,8,12,0,20,487,72,55,0,614,0,0,0,614
12/25/2020,FLL,FL,ASO,ES,Towers with Radar,437,45,29,0,511,0,0,3,0,3,437,45,32,0,514,0,0,0,514
12/26/2020,FLL,FL,ASO,ES,Towers with Radar,623,129,152,0,904,0,18,11,3,32,623,147,163,3,936,0,0,0,936
12/27/2020,FLL,FL,ASO,ES,Towers with Radar,616,133,161,0,910,0,14,13,0,27,616,147,174,0,937,0,0,0,937
12/28/2020,FLL,FL,ASO,ES,Towers with Radar,567,124,115,0,806,0,16,13,2,31,567,140,128,2,837,0,0,0,837
12/29/2020,FLL,FL,ASO,ES,Towers with Radar,581,102,112,2,797,0,7,26,0,33,581,109,138,2,830,0,0,0,830
12/30/2020,FLL,FL,ASO,ES,Towers with Radar,577,110,99,2,788,0,8,15,2,25,577,118,114,4,813,0,0,0,813
12/31/2020,FLL,FL,ASO,ES,Towers with Radar,485,67,64,0,616,0,18,10,0,28,485,85,74,0,644,0,0,0,644
01/01/2021,FLL,FL,ASO,ES,Towers with Radar,483,45,56,0,584,0,14,4,0,18,483,59,60,0,602,0,0,0,602
01/02/2021,FLL,FL,ASO,ES,Towers with Radar,626,92,122,0,840,0,17,17,1,35,626,109,139,1,875,0,0,0,875
01/03/2021,FLL,FL,ASO,ES,Towers with Radar,616,112,145,0,873,0,28,19,0,47,616,140,164,0,920,0,0,0,920
01/04/2021,FLL,FL,ASO,ES,Towers with Radar,566,84,86,2,738,0,13,14,0,27,566,97,100,2,765,0,0,0,765
01/05/2021,FLL,FL,ASO,ES,Towers with Radar,508,82,84,2,676,0,5,12,0,17,508,87,96,2,693,0,0,0,693
01/06/2021,FLL,FL,ASO,ES,Towers with Radar,434,59,68,2,563,0,4,19,2,25,434,63,87,4,588,0,0,0,588
01/07/2021,FLL,FL,ASO,ES,Towers with Radar,494,87,65,3,649,0,15,27,1,43,494,102,92,4,692,0,0,0,692
01/08/2021,FLL,FL,ASO,ES,Towers with Radar,480,90,63,0,633,0,4,19,2,25,480,94,82,2,658,0,0,0,658
01/09/2021,FLL,FL,ASO,ES,Towers with Radar,467,58,76,0,601,0,14,16,0,30,467,72,92,0,631,0,0,0,631
01/10/2021,FLL,FL,ASO,ES,Towers with Radar,488,69,79,2,638,0,11,8,2,21,488,80,87,4,659,0,0,0,659
01/11/2021,FLL,FL,ASO,ES,Towers with Radar,466,68,59,4,597,0,6,9,0,15,466,74,68,4,612,0,0,0,612
01/12/2021,FLL,FL,ASO,ES,Towers with Radar,399,66,85,4,554,0,4,17,0,21,399,70,102,4,575,0,0,0,575
01/13/2021,FLL,FL,ASO,ES,Towers with Radar,401,49,60,4,514,0,7,36,0,43,401,56,96,4,557,0,0,0,557
01/14/2021,FLL,FL,ASO,ES,Towers with Radar,490,69,91,2,652,0,8,10,0,18,490,77,101,2,670,0,0,0,670
01/15/2021,FLL,FL,ASO,ES,Towers with Radar,474,68,77,1,620,0,20,16,0,36,474,88,93,1,656,0,0,0,656
01/16/2021,FLL,FL,ASO,ES,Towers with Radar,458,57,54,0,569,0,6,8,1,15,458,63,62,1,584,0,0,0,584
01/17/2021,FLL,FL,ASO,ES,Towers with Radar,475,71,59,1,606,0,11,5,0,16,475,82,64,1,622,0,0,0,622
01/18/2021,FLL,FL,ASO,ES,Towers with Radar,474,66,69,0,609,0,13,13,2,28,474,79,82,2,637,0,0,0,637
01/19/2021,FLL,FL,ASO,ES,Towers with Radar,400,53,61,2,516,0,15,16,0,31,400,68,77,2,547,0,0,0,547
01/20/2021,FLL,FL,ASO,ES,Towers with Radar,407,66,74,4,551,0,9,12,0,21,407,75,86,4,572,0,0,0,572
01/21/2021,FLL,FL,ASO,ES,Towers with Radar,491,56,66,2,615,0,7,22,1,30,491,63,88,3,645,0,0,0,645
01/22/2021,FLL,FL,ASO,ES,Towers with Radar,473,70,82,17,642,0,14,35,2,51,473,84,117,19,693,0,0,0,693
01/23/2021,FLL,FL,ASO,ES,Towers with Radar,454,46,44,0,544,0,11,17,0,28,454,57,61,0,572,0,0,0,572
01/24/2021,FLL,FL,ASO,ES,Towers with Radar,499,71,64,14,648,0,6,12,1,19,499,77,76,15,667,0,0,0,667
01/25/2021,FLL,FL,ASO,ES,Towers with Radar,460,50,68,2,580,0,9,19,2,30,460,59,87,4,610,0,0,0,610
01/26/2021,FLL,FL,ASO,ES,Towers with Radar,393,35,61,4,493,0,9,14,1,24,393,44,75,5,517,0,0,0,517
01/27/2021,FLL,FL,ASO,ES,Towers with Radar,401,55,71,4,531,0,9,17,0,26,401,64,88,4,557,0,0,0,557
01/28/2021,FLL,FL,ASO,ES,Towers with Radar,489,72,91,2,654,0,12,14,0,26,489,84,105,2,680,0,0,0,680
01/29/2021,FLL,FL,ASO,ES,Towers with Radar,469,81,58,0,608,0,15,20,0,35,469,96,78,0,643,0,0,0,643
01/30/2021,FLL,FL,ASO,ES,Towers with Radar,458,57,58,0,573,0,10,17,0,27,458,67,75,0,600,0,0,0,600
01/31/2021,FLL,FL,ASO,ES,Towers with Radar,457,73,83,0,613,0,12,5,0,17,457,85,88,0,630,0,0,0,630
02/01/2021,FLL,FL,ASO,ES,Towers with Radar,385,50,56,0,491,0,4,8,0,12,385,54,64,0,503,0,0,0,503
02/02/2021,FLL,FL,ASO,ES,Towers with Radar,378,40,41,0,459,0,3,18,0,21,378,43,59,0,480,0,0,0,480
02/03/2021,FLL,FL,ASO,ES,Towers with Radar,392,80,61,1,534,0,8,12,6,26,392,88,73,7,560,0,0,0,560
02/04/2021,FLL,FL,ASO,ES,Towers with Radar,470,52,72,3,597,0,16,19,0,35,470,68,91,3,632,0,0,0,632
02/05/2021,FLL,FL,ASO,ES,Towers with Radar,472,85,48,3,608,0,10,24,0,34,472,95,72,3,642,0,0,0,642
02/06/2021,FLL,FL,ASO,ES,Towers with Radar,451,74,39,1,565,0,5,11,2,18,451,79,50,3,583,0,0,0,583
02/07/2021,FLL,FL,ASO,ES,Towers with Radar,456,72,47,1,576,0,6,7,0,13,456,78,54,1,589,0,0,0,589
02/08/2021,FLL,FL,ASO,ES,Towers with Radar,454,69,64,1,588,0,11,4,4,19,454,80,68,5,607,0,0,0,607
02/09/2021,FLL,FL,ASO,ES,Towers with Radar,381,48,63,2,494,0,9,14,2,25,381,57,77,4,519,0,0,0,519
02/10/2021,FLL,FL,ASO,ES,Towers with Radar,408,58,54,0,520,0,15,18,0,33,408,73,72,0,553,0,0,0,553
02/11/2021,FLL,FL,ASO,ES,Towers with Radar,537,82,75,4,698,0,15,21,2,38,537,97,96,6,736,0,0,0,736
02/12/2021,FLL,FL,ASO,ES,Towers with Radar,551,80,83,2,716,0,24,11,2,37,551,104,94,4,753,0,0,0,753
02/13/2021,FLL,FL,ASO,ES,Towers with Radar,529,86,68,0,683,0,9,28,0,37,529,95,96,0,720,0,0,0,720
02/14/2021,FLL,FL,ASO,ES,Towers with Radar,514,66,66,0,646,0,13,12,0,25,514,79,78,0,671,0,0,0,671
02/15/2021,FLL,FL,ASO,ES,Towers with Radar,478,58,73,0,609,0,18,17,1,36,478,76,90,1,645,0,0,0,645
02/16/2021,FLL,FL,ASO,ES,Towers with Radar,409,70,65,3,547,0,4,11,0,15,409,74,76,3,562,0,0,0,562
02/17/2021,FLL,FL,ASO,ES,Towers with Radar,418,83,71,2,574,0,3,8,0,11,418,86,79,2,585,0,0,0,585
02/18/2021,FLL,FL,ASO,ES,Towers with Radar,482,39,68,2,591,0,7,17,0,24,482,46,85,2,615,0,0,0,615
02/19/2021,FLL,FL,ASO,ES,Towers with Radar,532,76,68,2,678,0,18,8,9,35,532,94,76,11,713,0,0,0,713
02/20/2021,FLL,FL,ASO,ES,Towers with Radar,550,72,79,0,701,0,7,21,0,28,550,79,100,0,729,0,0,0,729
02/21/2021,FLL,FL,ASO,ES,Towers with Radar,548,86,100,0,734,0,8,12,2,22,548,94,112,2,756,0,0,0,756
02/22/2021,FLL,FL,ASO,ES,Towers with Radar,514,72,51,1,638,0,11,17,6,34,514,83,68,7,672,0,0,0,672
02/23/2021,FLL,FL,ASO,ES,Towers with Radar,437,73,47,4,561,0,7,16,6,29,437,80,63,10,590,0,0,0,590
02/24/2021,FLL,FL,ASO,ES,Towers with Radar,447,71,96,3,617,0,5,17,1,23,447,76,113,4,640,0,0,0,640
02/25/2021,FLL,FL,ASO,ES,Towers with Radar,541,73,69,2,685,0,9,25,4,38,541,82,94,6,723,0,0,0,723
02/26/2021,FLL,FL,ASO,ES,Towers with Radar,543,66,104,4,717,0,11,23,0,34,543,77,127,4,751,0,0,0,751
02/27/2021,FLL,FL,ASO,ES,Towers with Radar,550,65,70,2,687,0,9,14,0,23,550,74,84,2,710,0,0,0,710
02/28/2021,FLL,FL,ASO,ES,Towers with Radar,537,70,120,0,727,0,11,30,0,41,537,81,150,0,768,0,0,0,768
03/01/2021,FLL,FL,ASO,ES,Towers with Radar,522,60,69,5,656,0,9,15,0,24,522,69,84,5,680,0,0,0,680
03/02/2021,FLL,FL,ASO,ES,Towers with Radar,444,69,93,1,607,0,14,19,0,33,444,83,112,1,640,0,0,0,640
03/03/2021,FLL,FL,ASO,ES,Towers with Radar,463,71,76,3,613,0,4,11,0,15,463,75,87,3,628,0,0,0,628
03/04/2021,FLL,FL,ASO,ES,Towers with Radar,562,69,78,3,712,0,6,18,0,24,562,75,96,3,736,0,0,0,736
03/05/2021,FLL,FL,ASO,ES,Towers with Radar,552,75,54,1,682,0,16,13,0,29,552,91,67,1,711,0,0,0,711
03/06/2021,FLL,FL,ASO,ES,Towers with Radar,571,70,52,1,694,0,8,11,0,19,571,78,63,1,713,0,0,0,713
03/07/2021,FLL,FL,ASO,ES,Towers with Radar,578,59,88,0,725,0,11,4,0,15,578,70,92,0,740,0,0,0,740
03/08/2021,FLL,FL,ASO,ES,Towers with Radar,585,63,60,2,710,0,7,16,0,23,585,70,76,2,733,0,0,0,733
03/09/2021,FLL,FL,ASO,ES,Towers with Radar,467,58,47,2,574,0,10,16,2,28,467,68,63,4,602,0,0,0,602
03/10/2021,FLL,FL,ASO,ES,Towers with Radar,533,73,70,2,678,0,3,38,2,43,533,76,108,4,721,0,0,0,721
03/11/2021,FLL,FL,ASO,ES,Towers with Radar,624,65,101,3,793,0,14,17,0,31,624,79,118,3,824,0,0,0,824
03/12/2021,FLL,FL,ASO,ES,Towers with Radar,640,85,81,0,806,0,15,19,2,36,640,100,100,2,842,0,0,0,842
03/13/2021,FLL,FL,ASO,ES,Towers with Radar,640,70,87,2,799,0,14,25,0,39,640,84,112,2,838,0,0,0,838
03/14/2021,FLL,FL,ASO,ES,Towers with Radar,613,78,95,4,790,0,17,19,0,36,613,95,114,4,826,0,0,0,826
03/15/2021,FLL,FL,ASO,ES,Towers with Radar,619,99,80,1,799,0,16,11,0,27,619,115,91,1,826,0,0,0,826
03/16/2021,FLL,FL,ASO,ES,Towers with Radar,565,64,72,2,703,0,20,27,0,47,565,84,99,2,750,0,0,0,750
03/17/2021,FLL,FL,ASO,ES,Towers with Radar,574,51,48,0,673,0,5,19,2,26,574,56,67,2,699,0,0,0,699
03/18/2021,FLL,FL,ASO,ES,Towers with Radar,644,72,88,2,806,0,14,23,0,37,644,86,111,2,843,0,0,0,843
03/19/2021,FLL,FL,ASO,ES,Towers with Radar,644,85,91,2,822,0,12,16,5,33,644,97,107,7,855,0,0,0,855
03/20/2021,FLL,FL,ASO,ES,Towers with Radar,656,100,86,3,845,0,20,26,0,46,656,120,112,3,891,0,0,0,891
03/21/2021,FLL,FL,ASO,ES,Towers with Radar,628,79,102,0,809,0,16,18,0,34,628,95,120,0,843,0,0,0,843
03/22/2021,FLL,FL,ASO,ES,Towers with Radar,629,68,72,2,771,0,12,9,3,24,629,80,81,5,795,0,0,0,795
03/23/2021,FLL,FL,ASO,ES,Towers with Radar,571,78,73,0,722,0,10,29,0,39,571,88,102,0,761,0,0,0,761
03/24/2021,FLL,FL,ASO,ES,Towers with Radar,582,76,75,2,735,0,11,17,0,28,582,87,92,2,763,0,0,0,763
03/25/2021,FLL,FL,ASO,ES,Towers with Radar,641,95,100,2,838,0,14,31,0,45,641,109,131,2,883,0,0,0,883
03/26/2021,FLL,FL,ASO,ES,Towers with Radar,649,88,92,4,833,0,4,30,4,38,649,92,122,8,871,0,0,0,871
03/27/2021,FLL,FL,ASO,ES,Towers with Radar,660,81,89,2,832,0,0,24,0,24,660,81,113,2,856,0,0,0,856
03/28/2021,FLL,FL,ASO,ES,Towers with Radar,633,75,79,1,788,0,4,31,0,35,633,79,110,1,823,0,0,0,823
03/29/2021,FLL,FL,ASO,ES,Towers with Radar,643,69,74,2,788,0,2,34,0,36,643,71,108,2,824,0,0,0,824
03/30/2021,FLL,FL,ASO,ES,Towers with Radar,593,59,57,6,715,0,2,25,0,27,593,61,82,6,742,0,0,0,742
03/31/2021,FLL,FL,ASO,ES,Towers with Radar,615,66,81,2,764,0,1,26,9,36,615,67,107,11,800,0,0,0,800
04/01/2021,FLL,FL,ASO,ES,Towers with Radar,624,91,119,2,836,0,5,33,0,38,624,96,152,2,874,0,0,0,874
04/02/2021,FLL,FL,ASO,ES,Towers with Radar,671,78,90,0,839,0,5,24,0,29,671,83,114,0,868,0,0,0,868
04/03/2021,FLL,FL,ASO,ES,Towers with Radar,675,81,93,0,849,0,0,27,0,27,675,81,120,0,876,0,0,0,876
04/04/2021,FLL,FL,ASO,ES,Towers with Radar,641,75,64,0,780,0,0,25,0,25,641,75,89,0,805,0,0,0,805
04/05/2021,FLL,FL,ASO,ES,Towers with Radar,642,78,106,2,828,0,3,34,0,37,642,81,140,2,865,0,0,0,865
04/06/2021,FLL,FL,ASO,ES,Towers with Radar,580,71,80,2,733,0,9,27,3,39,580,80,107,5,772,0,0,0,772
04/07/2021,FLL,FL,ASO,ES,Towers with Radar,582,73,62,2,719,0,2,23,0,25,582,75,85,2,744,0,0,0,744
04/08/2021,FLL,FL,ASO,ES,Towers with Radar,653,77,93,3,826,0,0,22,0,22,653,77,115,3,848,0,0,0,848
04/09/2021,FLL,FL,ASO,ES,Towers with Radar,638,69,89,2,798,0,2,38,0,40,638,71,127,2,838,0,0,0,838
04/10/2021,FLL,FL,ASO,ES,Towers with Radar,689,93,61,2,845,0,2,33,0,35,689,95,94,2,880,0,0,0,880
04/11/2021,FLL,FL,ASO,ES,Towers with Radar,442,67,89,1,599,0,3,19,0,22,442,70,108,1,621,0,0,0,621
04/12/2021,FLL,FL,ASO,ES,Towers with Radar,616,78,105,0,799,0,3,25,0,28,616,81,130,0,827,0,0,0,827
04/13/2021,FLL,FL,ASO,ES,Towers with Radar,544,71,70,2,687,0,8,22,1,31,544,79,92,3,718,0,0,0,718
04/14/2021,FLL,FL,ASO,ES,Towers with Radar,508,77,65,0,650,0,0,37,0,37,508,77,102,0,687,0,0,0,687
04/15/2021,FLL,FL,ASO,ES,Towers with Radar,635,64,103,2,804,0,4,40,0,44,635,68,143,2,848,0,0,0,848
04/16/2021,FLL,FL,ASO,ES,Towers with Radar,628,79,79,2,788,0,2,27,0,29,628,81,106,2,817,0,0,0,817
04/17/2021,FLL,FL,ASO,ES,Towers with Radar,612,66,85,2,765,0,1,22,0,23,612,67,107,2,788,0,0,0,788
04/18/2021,FLL,FL,ASO,ES,Towers with Radar,629,82,82,0,793,0,0,38,0,38,629,82,120,0,831,0,0,0,831
04/19/2021,FLL,FL,ASO,ES,Towers with Radar,608,56,72,2,738,0,2,20,4,26,608,58,92,6,764,0,0,0,764
04/20/2021,FLL,FL,ASO,ES,Towers with Radar,517,44,68,2,631,0,2,10,2,14,517,46,78,4,645,0,0,0,645
04/21/2021,FLL,FL,ASO,ES,Towers with Radar,515,72,70,2,659,0,2,23,2,27,515,74,93,4,686,0,0,0,686
04/22/2021,FLL,FL,ASO,ES,Towers with Radar,632,86,101,3,822,0,0,35,0,35,632,86,136,3,857,0,0,0,857
04/23/2021,FLL,FL,ASO,ES,Towers with Radar,620,79,86,3,788,0,4,32,4,40,620,83,118,7,828,0,0,0,828
04/24/2021,FLL,FL,ASO,ES,Towers with Radar,603,61,66,3,733,0,0,32,1,33,603,61,98,4,766,0,0,0,766
04/25/2021,FLL,FL,ASO,ES,Towers with Radar,638,61,98,1,798,0,4,24,0,28,638,65,122,1,826,0,0,0,826
04/26/2021,FLL,FL,ASO,ES,Towers with Radar,596,69,87,0,752,0,2,39,2,43,596,71,126,2,795,0,0,0,795
04/27/2021,FLL,FL,ASO,ES,Towers with Radar,506,56,56,4,622,0,4,23,7,34,506,60,79,11,656,0,0,0,656
04/28/2021,FLL,FL,ASO,ES,Towers with Radar,519,67,83,2,671,0,5,32,2,39,519,72,115,4,710,0,0,0,710
04/29/2021,FLL,FL,ASO,ES,Towers with Radar,626,71,82,2,781,0,0,45,2,47,626,71,127,4,828,0,0,0,828
04/30/2021,FLL,FL,ASO,ES,Towers with Radar,614,67,73,2,756,0,19,28,0,47,614,86,101,2,803,0,0,0,803
05/01/2021,FLL,FL,ASO,ES,Towers with Radar,612,64,70,1,747,0,13,16,0,29,612,77,86,1,776,0,0,0,776
05/02/2021,FLL,FL,ASO,ES,Towers with Radar,615,95,75,1,786,1,14,15,0,30,616,109,90,1,816,0,0,0,816
05/03/2021,FLL,FL,ASO,ES,Towers with Radar,598,73,73,2,746,0,13,13,0,26,598,86,86,2,772,0,0,0,772
05/04/2021,FLL,FL,ASO,ES,Towers with Radar,499,45,63,5,612,0,11,25,0,36,499,56,88,5,648,0,0,0,648
05/05/2021,FLL,FL,ASO,ES,Towers with Radar,556,63,82,1,702,0,7,21,4,32,556,70,103,5,734,0,0,0,734
05/06/2021,FLL,FL,ASO,ES,Towers with Radar,618,70,67,5,760,0,16,33,15,64,618,86,100,20,824,0,0,0,824
05/07/2021,FLL,FL,ASO,ES,Towers with Radar,708,73,86,7,874,0,16,37,23,76,708,89,123,30,950,0,0,0,950
05/08/2021,FLL,FL,ASO,ES,Towers with Radar,668,63,64,6,801,0,7,18,8,33,668,70,82,14,834,0,0,0,834
05/09/2021,FLL,FL,ASO,ES,Towers with Radar,667,58,70,4,799,0,16,13,12,41,667,74,83,16,840,0,0,0,840
05/10/2021,FLL,FL,ASO,ES,Towers with Radar,657,66,59,3,785,0,7,13,3,23,657,73,72,6,808,0,0,0,808
05/11/2021,FLL,FL,ASO,ES,Towers with Radar,602,58,66,4,730,0,5,27,2,34,602,63,93,6,764,0,0,0,764
05/12/2021,FLL,FL,ASO,ES,Towers with Radar,607,76,76,3,762,0,4,23,0,27,607,80,99,3,789,0,0,0,789
05/13/2021,FLL,FL,ASO,ES,Towers with Radar,683,71,94,3,851,0,8,13,0,21,683,79,107,3,872,0,0,0,872
05/14/2021,FLL,FL,ASO,ES,Towers with Radar,678,83,83,0,844,0,21,29,1,51,678,104,112,1,895,0,0,0,895
05/15/2021,FLL,FL,ASO,ES,Towers with Radar,658,68,59,2,787,0,7,11,0,18,658,75,70,2,805,0,0,0,805
05/16/2021,FLL,FL,ASO,ES,Towers with Radar,673,66,81,0,820,0,12,20,0,32,673,78,101,0,852,0,0,0,852
05/17/2021,FLL,FL,ASO,ES,Towers with Radar,665,64,43,0,772,0,12,8,0,20,665,76,51,0,792,0,0,0,792
05/18/2021,FLL,FL,ASO,ES,Towers with Radar,605,53,59,5,722,0,7,26,1,34,605,60,85,6,756,0,0,0,756
05/19/2021,FLL,FL,ASO,ES,Towers with Radar,624,68,54,3,749,0,8,17,0,25,624,76,71,3,774,0,0,0,774
05/20/2021,FLL,FL,ASO,ES,Towers with Radar,671,72,85,2,830,0,13,23,0,36,671,85,108,2,866,0,0,0,866
05/21/2021,FLL,FL,ASO,ES,Towers with Radar,677,56,62,1,796,0,21,16,2,39,677,77,78,3,835,0,0,0,835
05/22/2021,FLL,FL,ASO,ES,Towers with Radar,661,57,54,0,772,0,11,12,0,23,661,68,66,0,795,0,0,0,795
05/23/2021,FLL,FL,ASO,ES,Towers with Radar,672,68,76,2,818,0,19,19,0,38,672,87,95,2,856,0,0,0,856
05/24/2021,FLL,FL,ASO,ES,Towers with Radar,649,64,80,0,793,0,9,12,0,21,649,73,92,0,814,0,0,0,814
05/25/2021,FLL,FL,ASO,ES,Towers with Radar,625,54,55,0,734,0,13,16,0,29,625,67,71,0,763,0,0,0,763
05/26/2021,FLL,FL,ASO,ES,Towers with Radar,614,74,83,0,771,0,11,33,0,44,614,85,116,0,815,0,0,0,815
05/27/2021,FLL,FL,ASO,ES,Towers with Radar,678,91,86,2,857,0,13,32,0,45,678,104,118,2,902,0,0,0,902
05/28/2021,FLL,FL,ASO,ES,Towers with Radar,698,75,91,0,864,0,22,28,1,51,698,97,119,1,915,0,0,0,915
05/29/2021,FLL,FL,ASO,ES,Towers with Radar,665,67,51,2,785,0,6,13,0,19,665,73,64,2,804,0,0,0,804
05/30/2021,FLL,FL,ASO,ES,Towers with Radar,655,77,55,1,788,1,12,8,0,21,656,89,63,1,809,0,0,0,809
05/31/2021,FLL,FL,ASO,ES,Towers with Radar,680,71,96,2,849,0,14,21,1,36,680,85,117,3,885,0,0,0,885
06/01/2021,FLL,FL,ASO,ES,Towers with Radar,610,53,54,1,718,0,10,24,0,34,610,63,78,1,752,0,0,0,752
06/02/2021,FLL,FL,ASO,ES,Towers with Radar,627,52,61,4,744,0,11,21,0,32,627,63,82,4,776,0,0,0,776
06/03/2021,FLL,FL,ASO,ES,Towers with Radar,656,68,68,0,792,0,22,20,0,42,656,90,88,0,834,0,0,0,834
06/04/2021,FLL,FL,ASO,ES,Towers with Radar,678,81,74,6,839,0,13,15,6,34,678,94,89,12,873,0,0,0,873
06/05/2021,FLL,FL,ASO,ES,Towers with Radar,653,85,50,0,788,0,8,10,0,18,653,93,60,0,806,0,0,0,806
06/06/2021,FLL,FL,ASO,ES,Towers with Radar,671,66,86,0,823,0,12,11,0,23,671,78,97,0,846,0,0,0,846
06/07/2021,FLL,FL,ASO,ES,Towers with Radar,650,64,77,0,791,0,16,17,0,33,650,80,94,0,824,0,0,0,824
06/08/2021,FLL,FL,ASO,ES,Towers with Radar,575,40,60,0,675,0,10,14,0,24,575,50,74,0,699,0,0,0,699
06/09/2021,FLL,FL,ASO,ES,Towers with Radar,579,51,69,0,699,0,12,31,0,43,579,63,100,0,742,0,0,0,742
06/10/2021,FLL,FL,ASO,ES,Towers with Radar,654,76,69,0,799,0,13,33,0,46,654,89,102,0,845,0,0,0,845
06/11/2021,FLL,FL,ASO,ES,Towers with Radar,674,73,78,0,825,1,16,17,0,34,675,89,95,0,859,0,0,0,859
06/12/2021,FLL,FL,ASO,ES,Towers with Radar,650,62,53,1,766,0,11,24,0,35,650,73,77,1,801,0,0,0,801
06/13/2021,FLL,FL,ASO,ES,Towers with Radar,647,63,72,2,784,0,16,14,0,30,647,79,86,2,814,0,0,0,814
06/14/2021,FLL,FL,ASO,ES,Towers with Radar,611,72,66,0,749,0,14,11,0,25,611,86,77,0,774,0,0,0,774
06/15/2021,FLL,FL,ASO,ES,Towers with Radar,620,46,79,4,749,0,4,6,0,10,620,50,85,4,759,0,0,0,759
06/16/2021,FLL,FL,ASO,ES,Towers with Radar,620,62,82,0,764,0,4,13,0,17,620,66,95,0,781,0,0,0,781
06/17/2021,FLL,FL,ASO,ES,Towers with Radar,661,84,65,0,810,0,18,25,0,43,661,102,90,0,853,0,0,0,853
06/18/2021,FLL,FL,ASO,ES,Towers with Radar,663,73,91,2,829,0,13,16,4,33,663,86,107,6,862,0,0,0,862
06/19/2021,FLL,FL,ASO,ES,Towers with Radar,649,70,64,0,783,0,14,19,0,33,649,84,83,0,816,0,0,0,816
06/20/2021,FLL,FL,ASO,ES,Towers with Radar,656,64,66,0,786,0,7,15,0,22,656,71,81,0,808,0,0,0,808
06/21/2021,FLL,FL,ASO,ES,Towers with Radar,621,71,64,3,759,0,18,23,3,44,621,89,87,6,803,0,0,0,803
06/22/2021,FLL,FL,ASO,ES,Towers with Radar,613,60,76,1,750,0,7,18,0,25,613,67,94,1,775,0,0,0,775
06/23/2021,FLL,FL,ASO,ES,Towers with Radar,626,77,68,2,773,0,5,23,6,34,626,82,91,8,807,0,0,0,807
06/24/2021,FLL,FL,ASO,ES,Towers with Radar,656,70,83,4,813,0,11,17,5,33,656,81,100,9,846,0,0,0,846
06/25/2021,FLL,FL,ASO,ES,Towers with Radar,679,60,63,1,803,0,16,19,4,39,679,76,82,5,842,0,0,0,842
06/26/2021,FLL,FL,ASO,ES,Towers with Radar,648,60,51,2,761,0,11,18,0,29,648,71,69,2,790,0,0,0,790
06/27/2021,FLL,FL,ASO,ES,Towers with Radar,651,66,85,1,803,0,17,18,0,35,651,83,103,1,838,0,0,0,838
06/28/2021,FLL,FL,ASO,ES,Towers with Radar,648,55,78,1,782,0,12,10,1,23,648,67,88,2,805,0,0,0,805
06/29/2021,FLL,FL,ASO,ES,Towers with Radar,636,57,58,2,753,0,8,14,0,22,636,65,72,2,775,0,0,0,775
06/30/2021,FLL,FL,ASO,ES,Towers with Radar,630,55,65,3,753,0,8,9,1,18,630,63,74,4,771,0,0,0,771
07/01/2021,FLL,FL,ASO,ES,Towers with Radar,667,117,158,1,943,0,14,23,2,39,667,131,181,3,982,0,0,0,982
07/02/2021,FLL,FL,ASO,ES,Towers with Radar,664,84,74,1,823,0,14,21,0,35,664,98,95,1,858,0,0,0,858
07/03/2021,FLL,FL,ASO,ES,Towers with Radar,655,60,74,0,789,0,7,18,3,28,655,67,92,3,817,0,0,0,817
07/04/2021,FLL,FL,ASO,ES,Towers with Radar,601,56,26,0,683,0,7,12,0,19,601,63,38,0,702,0,0,0,702
07/05/2021,FLL,FL,ASO,ES,Towers with Radar,626,46,71,0,743,0,11,15,0,26,626,57,86,0,769,0,0,0,769
07/06/2021,FLL,FL,ASO,ES,Towers with Radar,611,27,47,0,685,0,8,4,1,13,611,35,51,1,698,0,0,0,698
07/07/2021,FLL,FL,ASO,ES,Towers with Radar,595,49,46,2,692,0,6,14,0,20,595,55,60,2,712,0,0,0,712
07/08/2021,FLL,FL,ASO,ES,Towers with Radar,621,77,77,1,776,0,11,11,0,22,621,88,88,1,798,0,0,0,798
07/09/2021,FLL,FL,ASO,ES,Towers with Radar,658,72,57,5,792,0,13,14,3,30,658,85,71,8,822,0,0,0,822
07/10/2021,FLL,FL,ASO,ES,Towers with Radar,652,54,50,0,756,0,9,16,0,25,652,63,66,0,781,0,0,0,781
07/11/2021,FLL,FL,ASO,ES,Towers with Radar,640,67,79,2,788,0,10,18,0,28,640,77,97,2,816,0,0,0,816
07/12/2021,FLL,FL,ASO,ES,Towers with Radar,622,59,71,1,753,0,8,8,4,20,622,67,79,5,773,0,0,0,773
07/13/2021,FLL,FL,ASO,ES,Towers with Radar,638,60,58,0,756,0,10,17,1,28,638,70,75,1,784,0,0,0,784
07/14/2021,FLL,FL,ASO,ES,Towers with Radar,618,47,78,2,745,0,10,18,0,28,618,57,96,2,773,0,0,0,773
07/15/2021,FLL,FL,ASO,ES,Towers with Radar,660,71,70,0,801,0,15,14,0,29,660,86,84,0,830,0,0,0,830
07/16/2021,FLL,FL,ASO,ES,Towers with Radar,669,63,71,2,805,0,14,19,14,47,669,77,90,16,852,0,0,0,852
07/17/2021,FLL,FL,ASO,ES,Towers with Radar,641,57,70,0,768,0,3,19,0,22,641,60,89,0,790,0,0,0,790
07/18/2021,FLL,FL,ASO,ES,Towers with Radar,642,65,55,0,762,0,11,13,0,24,642,76,68,0,786,0,0,0,786
07/19/2021,FLL,FL,ASO,ES,Towers with Radar,648,60,81,0,789,0,11,13,2,26,648,71,94,2,815,0,0,0,815
07/20/2021,FLL,FL,ASO,ES,Towers with Radar,623,64,58,0,745,0,9,19,0,28,623,73,77,0,773,0,0,0,773
07/21/2021,FLL,FL,ASO,ES,Towers with Radar,609,62,80,2,753,0,7,21,1,29,609,69,101,3,782,0,0,0,782
07/22/2021,FLL,FL,ASO,ES,Towers with Radar,673,77,79,0,829,0,15,17,0,32,673,92,96,0,861,0,0,0,861
07/23/2021,FLL,FL,ASO,ES,Towers with Radar,642,63,58,2,765,0,13,12,1,26,642,76,70,3,791,0,0,0,791
07/24/2021,FLL,FL,ASO,ES,Towers with Radar,655,67,49,0,771,0,8,9,0,17,655,75,58,0,788,0,0,0,788
07/25/2021,FLL,FL,ASO,ES,Towers with Radar,645,59,60,0,764,0,13,15,0,28,645,72,75,0,792,0,0,0,792
07/26/2021,FLL,FL,ASO,ES,Towers with Radar,674,61,44,2,781,0,14,12,0,26,674,75,56,2,807,0,0,0,807
07/27/2021,FLL,FL,ASO,ES,Towers with Radar,618,55,84,2,759,0,12,15,0,27,618,67,99,2,786,0,0,0,786
07/28/2021,FLL,FL,ASO,ES,Towers with Radar,609,52,50,0,711,0,5,9,5,19,609,57,59,5,730,0,0,0,730
07/29/2021,FLL,FL,ASO,ES,Towers with Radar,682,68,54,1,805,0,12,15,0,27,682,80,69,1,832,0,0,0,832
07/30/2021,FLL,FL,ASO,ES,Towers with Radar,654,79,77,0,810,0,16,24,1,41,654,95,101,1,851,0,0,0,851
07/31/2021,FLL,FL,ASO,ES,Towers with Radar,617,59,65,1,742,0,8,13,0,21,617,67,78,1,763,0,0,0,763
08/01/2021,FLL,FL,ASO,ES,Towers with Radar,577,47,72,1,697,0,12,11,5,28,577,59,83,6,725,0,0,0,725
08/02/2021,FLL,FL,ASO,ES,Towers with Radar,556,57,70,0,683,0,7,15,0,22,556,64,85,0,705,0,0,0,705
08/03/2021,FLL,FL,ASO,ES,Towers with Radar,489,49,57,0,595,0,13,12,0,25,489,62,69,0,620,0,0,0,620
08/04/2021,FLL,FL,ASO,ES,Towers with Radar,518,49,65,0,632,0,12,20,0,32,518,61,85,0,664,0,0,0,664
08/05/2021,FLL,FL,ASO,ES,Towers with Radar,586,65,73,2,726,0,11,22,1,34,586,76,95,3,760,0,0,0,760
08/06/2021,FLL,FL,ASO,ES,Towers with Radar,608,70,65,2,745,0,10,25,0,35,608,80,90,2,780,0,0,0,780
08/07/2021,FLL,FL,ASO,ES,Towers with Radar,615,79,66,3,763,0,9,12,0,21,615,88,78,3,784,0,0,0,784
08/08/2021,FLL,FL,ASO,ES,Towers with Radar,653,59,79,0,791,0,10,10,0,20,653,69,89,0,811,0,0,0,811
08/09/2021,FLL,FL,ASO,ES,Towers with Radar,633,55,45,0,733,0,7,25,0,32,633,62,70,0,765,0,0,0,765
08/10/2021,FLL,FL,ASO,ES,Towers with Radar,592,67,64,2,725,0,10,17,0,27,592,77,81,2,752,0,0,0,752
08/11/2021,FLL,FL,ASO,ES,Towers with Radar,605,51,58,3,717,0,4,15,1,20,605,55,73,4,737,0,0,0,737
08/12/2021,FLL,FL,ASO,ES,Towers with Radar,585,53,51,0,689,0,7,28,0,35,585,60,79,0,724,0,0,0,724
08/13/2021,FLL,FL,ASO,ES,Towers with Radar,666,65,60,1,792,0,14,13,0,27,666,79,73,1,819,0,0,0,819
08/14/2021,FLL,FL,ASO,ES,Towers with Radar,631,54,29,1,715,0,0,8,0,8,631,54,37,1,723,0,0,0,723
08/15/2021,FLL,FL,ASO,ES,Towers with Radar,634,67,59,3,763,0,9,18,0,27,634,76,77,3,790,0,0,0,790
08/16/2021,FLL,FL,ASO,ES,Towers with Radar,623,61,45,4,733,0,6,14,0,20,623,67,59,4,753,0,0,0,753
08/17/2021,FLL,FL,ASO,ES,Towers with Radar,564,58,65,1,688,0,4,24,0,28,564,62,89,1,716,0,0,0,716
08/18/2021,FLL,FL,ASO,ES,Towers with Radar,577,55,89,2,723,0,7,20,0,27,577,62,109,2,750,0,0,0,750
08/19/2021,FLL,FL,ASO,ES,Towers with Radar,637,43,56,0,736,0,10,27,1,38,637,53,83,1,774,0,0,0,774
08/20/2021,FLL,FL,ASO,ES,Towers with Radar,632,58,59,2,751,0,12,23,0,35,632,70,82,2,786,0,0,0,786
08/21/2021,FLL,FL,ASO,ES,Towers with Radar,616,57,56,1,730,0,7,6,2,15,616,64,62,3,745,0,0,0,745
08/22/2021,FLL,FL,ASO,ES,Towers with Radar,610,58,54,0,722,0,10,17,0,27,610,68,71,0,749,0,0,0,749
08/23/2021,FLL,FL,ASO,ES,Towers with Radar,605,62,49,3,719,0,13,13,0,26,605,75,62,3,745,0,0,0,745
08/24/2021,FLL,FL,ASO,ES,Towers with Radar,572,55,63,2,692,0,13,26,0,39,572,68,89,2,731,0,0,0,731
08/25/2021,FLL,FL,ASO,ES,Towers with Radar,573,52,71,4,700,0,5,15,1,21,573,57,86,5,721,0,0,0,721
08/26/2021,FLL,FL,ASO,ES,Towers with Radar,643,62,59,1,765,0,12,19,2,33,643,74,78,3,798,0,0,0,798
08/27/2021,FLL,FL,ASO,ES,Towers with Radar,630,60,58,2,750,0,16,17,0,33,630,76,75,2,783,0,0,0,783
08/28/2021,FLL,FL,ASO,ES,Towers with Radar,614,61,57,0,732,0,3,19,0,22,614,64,76,0,754,0,0,0,754
08/29/2021,FLL,FL,ASO,ES,Towers with Radar,622,53,36,0,711,0,12,8,0,20,622,65,44,0,731,0,0,0,731
08/30/2021,FLL,FL,ASO,ES,Towers with Radar,600,49,54,4,707,0,13,17,1,31,600,62,71,5,738,0,0,0,738
08/31/2021,FLL,FL,ASO,ES,Towers with Radar,557,47,43,1,648,0,8,14,1,23,557,55,57,2,671,0,0,0,671
09/01/2021,FLL,FL,ASO,ES,Towers with Radar,546,58,43,1,648,0,3,22,0,25,546,61,65,1,673,0,0,0,673
09/02/2021,FLL,FL,ASO,ES,Towers with Radar,600,74,53,3,730,0,7,9,0,16,600,81,62,3,746,0,0,0,746
09/03/2021,FLL,FL,ASO,ES,Towers with Radar,625,63,85,0,773,0,17,14,0,31,625,80,99,0,804,0,0,0,804
09/04/2021,FLL,FL,ASO,ES,Towers with Radar,587,56,51,0,694,0,6,9,0,15,587,62,60,0,709,0,0,0,709
09/05/2021,FLL,FL,ASO,ES,Towers with Radar,577,47,34,0,658,0,13,7,0,20,577,60,41,0,678,0,0,0,678
09/06/2021,FLL,FL,ASO,ES,Towers with Radar,595,53,51,0,699,0,27,10,0,37,595,80,61,0,736,0,0,0,736
09/07/2021,FLL,FL,ASO,ES,Towers with Radar,514,52,37,2,605,0,8,13,0,21,514,60,50,2,626,0,0,0,626
09/08/2021,FLL,FL,ASO,ES,Towers with Radar,525,55,62,2,644,0,6,9,0,15,525,61,71,2,659,0,0,0,659
09/09/2021,FLL,FL,ASO,ES,Towers with Radar,592,63,63,0,718,0,8,22,0,30,592,71,85,0,748,0,0,0,748
09/10/2021,FLL,FL,ASO,ES,Towers with Radar,605,56,69,2,732,0,9,20,0,29,605,65,89,2,761,0,0,0,761
09/11/2021,FLL,FL,ASO,ES,Towers with Radar,558,72,33,0,663,0,4,10,0,14,558,76,43,0,677,0,0,0,677
09/12/2021,FLL,FL,ASO,ES,Towers with Radar,587,59,61,1,708,0,12,10,0,22,587,71,71,1,730,0,0,0,730
09/13/2021,FLL,FL,ASO,ES,Towers with Radar,581,46,44,1,672,0,9,13,0,22,581,55,57,1,694,0,0,0,694
09/14/2021,FLL,FL,ASO,ES,Towers with Radar,485,58,52,0,595,0,11,26,0,37,485,69,78,0,632,0,0,0,632
09/15/2021,FLL,FL,ASO,ES,Towers with Radar,514,53,58,3,628,0,5,15,0,20,514,58,73,3,648,0,0,0,648
09/16/2021,FLL,FL,ASO,ES,Towers with Radar,603,56,47,3,709,0,12,15,0,27,603,68,62,3,736,0,0,0,736
09/17/2021,FLL,FL,ASO,ES,Towers with Radar,597,61,69,2,729,0,6,15,0,21,597,67,84,2,750,0,0,0,750
09/18/2021,FLL,FL,ASO,ES,Towers with Radar,548,55,36,0,639,0,6,12,0,18,548,61,48,0,657,0,0,0,657
09/19/2021,FLL,FL,ASO,ES,Towers with Radar,590,54,50,1,695,0,4,16,0,20,590,58,66,1,715,0,0,0,715
09/20/2021,FLL,FL,ASO,ES,Towers with Radar,589,54,48,2,693,0,7,18,0,25,589,61,66,2,718,0,0,0,718
09/21/2021,FLL,FL,ASO,ES,Towers with Radar,514,45,52,0,611,0,6,30,0,36,514,51,82,0,647,0,0,0,647
09/22/2021,FLL,FL,ASO,ES,Towers with Radar,509,44,47,1,601,0,7,26,1,34,509,51,73,2,635,0,0,0,635
09/23/2021,FLL,FL,ASO,ES,Towers with Radar,562,63,68,0,693,0,13,20,2,35,562,76,88,2,728,0,0,0,728
09/24/2021,FLL,FL,ASO,ES,Towers with Radar,583,88,79,0,750,0,12,12,2,26,583,100,91,2,776,0,0,0,776
09/25/2021,FLL,FL,ASO,ES,Towers with Radar,543,55,41,0,639,0,10,3,0,13,543,65,44,0,652,0,0,0,652
09/26/2021,FLL,FL,ASO,ES,Towers with Radar,596,66,73,2,737,0,16,13,2,31,596,82,86,4,768,0,0,0,768
09/27/2021,FLL,FL,ASO,ES,Towers with Radar,569,46,61,0,676,0,13,26,0,39,569,59,87,0,715,0,0,0,715
09/28/2021,FLL,FL,ASO,ES,Towers with Radar,502,35,75,0,612,0,13,20,1,34,502,48,95,1,646,0,0,0,646
09/29/2021,FLL,FL,ASO,ES,Towers with Radar,517,51,63,0,631,0,7,50,1,58,517,58,113,1,689,0,0,0,689
09/30/2021,FLL,FL,ASO,ES,Towers with Radar,603,63,70,1,737,0,12,20,3,35,603,75,90,4,772,0,0,0,772
10/01/2021,FLL,FL,ASO,ES,Towers with Radar,598,68,77,1,744,0,10,10,2,22,598,78,87,3,766,0,0,0,766
10/02/2021,FLL,FL,ASO,ES,Towers with Radar,556,45,58,0,659,0,0,13,0,13,556,45,71,0,672,0,0,0,672
10/03/2021,FLL,FL,ASO,ES,Towers with Radar,601,69,56,0,726,0,7,12,0,19,601,76,68,0,745,0,0,0,745
10/04/2021,FLL,FL,ASO,ES,Towers with Radar,568,51,71,2,692,0,9,26,0,35,568,60,97,2,727,0,0,0,727
10/05/2021,FLL,FL,ASO,ES,Towers with Radar,530,62,47,1,640,0,11,27,0,38,530,73,74,1,678,0,0,0,678
10/06/2021,FLL,FL,ASO,ES,Towers with Radar,509,54,67,3,633,0,7,29,0,36,509,61,96,3,669,0,0,0,669
10/07/2021,FLL,FL,ASO,ES,Towers with Radar,614,91,82,1,788,0,8,24,2,34,614,99,106,3,822,0,0,0,822
10/08/2021,FLL,FL,ASO,ES,Towers with Radar,534,81,61,3,679,0,14,24,0,38,534,95,85,3,717,0,0,0,717
10/09/2021,FLL,FL,ASO,ES,Towers with Radar,584,78,47,0,709,0,5,3,0,8,584,83,50,0,717,0,0,0,717
10/10/2021,FLL,FL,ASO,ES,Towers with Radar,566,65,48,0,679,0,4,15,1,20,566,69,63,1,699,0,0,0,699
10/11/2021,FLL,FL,ASO,ES,Towers with Radar,576,84,51,1,712,0,2,18,0,20,576,86,69,1,732,0,0,0,732
10/12/2021,FLL,FL,ASO,ES,Towers with Radar,537,48,55,2,642,0,5,17,0,22,537,53,72,2,664,0,0,0,664
10/13/2021,FLL,FL,ASO,ES,Towers with Radar,540,56,63,2,661,0,5,19,0,24,540,61,82,2,685,0,0,0,685
10/14/2021,FLL,FL,ASO,ES,Towers with Radar,610,63,76,0,749,0,9,7,0,16,610,72,83,0,765,0,0,0,765
10/15/2021,FLL,FL,ASO,ES,Towers with Radar,614,79,52,3,748,0,12,14,0,26,614,91,66,3,774,0,0,0,774
10/16/2021,FLL,FL,ASO,ES,Towers with Radar,581,54,42,2,679,0,10,9,0,19,581,64,51,2,698,0,0,0,698
10/17/2021,FLL,FL,ASO,ES,Towers with Radar,606,63,73,2,744,0,7,10,0,17,606,70,83,2,761,0,0,0,761
10/18/2021,FLL,FL,ASO,ES,Towers with Radar,599,55,77,4,735,0,6,20,0,26,599,61,97,4,761,0,0,0,761
10/19/2021,FLL,FL,ASO,ES,Towers with Radar,539,52,77,2,670,0,3,28,0,31,539,55,105,2,701,0,0,0,701
10/20/2021,FLL,FL,ASO,ES,Towers with Radar,546,56,82,0,684,0,17,30,1,48,546,73,112,1,732,0,0,0,732
10/21/2021,FLL,FL,ASO,ES,Towers with Radar,605,78,74,0,757,0,12,26,0,38,605,90,100,0,795,0,0,0,795
10/22/2021,FLL,FL,ASO,ES,Towers with Radar,625,83,77,2,787,0,14,7,2,23,625,97,84,4,810,0,0,0,810
10/23/2021,FLL,FL,ASO,ES,Towers with Radar,583,55,51,0,689,0,4,19,0,23,583,59,70,0,712,0,0,0,712
10/24/2021,FLL,FL,ASO,ES,Towers with Radar,601,73,60,0,734,0,2,23,0,25,601,75,83,0,759,0,0,0,759
10/25/2021,FLL,FL,ASO,ES,Towers with Radar,583,67,72,4,726,0,13,7,0,20,583,80,79,4,746,0,0,0,746
10/26/2021,FLL,FL,ASO,ES,Towers with Radar,549,71,90,3,713,0,12,27,0,39,549,83,117,3,752,0,0,0,752
10/27/2021,FLL,FL,ASO,ES,Towers with Radar,543,113,143,3,802,0,7,39,0,46,543,120,182,3,848,0,0,0,848
10/28/2021,FLL,FL,ASO,ES,Towers with Radar,603,119,145,2,869,0,10,26,1,37,603,129,171,3,906,0,0,0,906
10/29/2021,FLL,FL,ASO,ES,Towers with Radar,614,118,161,3,896,0,15,51,0,66,614,133,212,3,962,0,0,0,962
10/30/2021,FLL,FL,ASO,ES,Towers with Radar,584,93,109,0,786,0,6,33,0,39,584,99,142,0,825,0,0,0,825
10/31/2021,FLL,FL,ASO,ES,Towers with Radar,589,96,129,0,814,0,9,24,0,33,589,105,153,0,847,0,0,0,847
11/01/2021,FLL,FL,ASO,ES,Towers with Radar,609,84,66,1,760,0,12,20,0,32,609,96,86,1,792,0,0,0,792
11/02/2021,FLL,FL,ASO,ES,Towers with Radar,549,72,73,3,697,0,12,14,0,26,549,84,87,3,723,0,0,0,723
11/03/2021,FLL,FL,ASO,ES,Towers with Radar,560,82,57,2,701,0,20,17,0,37,560,102,74,2,738,0,0,0,738
11/04/2021,FLL,FL,ASO,ES,Towers with Radar,634,87,86,4,811,0,16,31,0,47,634,103,117,4,858,0,0,0,858
11/05/2021,FLL,FL,ASO,ES,Towers with Radar,630,76,71,4,781,0,3,9,2,14,630,79,80,6,795,0,0,0,795
11/06/2021,FLL,FL,ASO,ES,Towers with Radar,581,72,60,0,713,0,1,11,0,12,581,73,71,0,725,0,0,0,725
11/07/2021,FLL,FL,ASO,ES,Towers with Radar,610,94,99,0,803,0,6,25,0,31,610,100,124,0,834,0,0,0,834
11/08/2021,FLL,FL,ASO,ES,Towers with Radar,588,80,77,2,747,0,2,19,0,21,588,82,96,2,768,0,0,0,768
11/09/2021,FLL,FL,ASO,ES,Towers with Radar,503,63,81,4,651,0,8,29,0,37,503,71,110,4,688,0,0,0,688
11/10/2021,FLL,FL,ASO,ES,Towers with Radar,502,81,108,2,693,0,3,32,2,37,502,84,140,4,730,0,0,0,730
11/11/2021,FLL,FL,ASO,ES,Towers with Radar,622,91,97,0,810,0,8,34,0,42,622,99,131,0,852,0,0,0,852
11/12/2021,FLL,FL,ASO,ES,Towers with Radar,605,93,106,0,804,1,20,26,2,49,606,113,132,2,853,0,0,0,853
11/13/2021,FLL,FL,ASO,ES,Towers with Radar,574,66,57,0,697,0,8,11,0,19,574,74,68,0,716,0,0,0,716
11/14/2021,FLL,FL,ASO,ES,Towers with Radar,616,80,120,2,818,0,8,29,0,37,616,88,149,2,855,0,0,0,855
11/15/2021,FLL,FL,ASO,ES,Towers with Radar,607,87,91,1,786,0,11,43,0,54,607,98,134,1,840,0,0,0,840
11/16/2021,FLL,FL,ASO,ES,Towers with Radar,501,53,59,3,616,0,5,47,0,52,501,58,106,3,668,0,0,0,668
11/17/2021,FLL,FL,ASO,ES,Towers with Radar,518,65,64,4,651,0,2,27,0,29,518,67,91,4,680,0,0,0,680
11/18/2021,FLL,FL,ASO,ES,Towers with Radar,612,69,92,0,773,0,6,19,0,25,612,75,111,0,798,0,0,0,798
11/19/2021,FLL,FL,ASO,ES,Towers with Radar,620,76,107,2,805,0,4,16,0,20,620,80,123,2,825,0,0,0,825
11/20/2021,FLL,FL,ASO,ES,Towers with Radar,631,76,88,0,795,0,3,20,0,23,631,79,108,0,818,0,0,0,818
11/21/2021,FLL,FL,ASO,ES,Towers with Radar,634,83,113,3,833,0,9,28,0,37,634,92,141,3,870,0,0,0,870
11/22/2021,FLL,FL,ASO,ES,Towers with Radar,595,70,79,1,745,0,6,26,2,34,595,76,105,3,779,0,0,0,779
11/23/2021,FLL,FL,ASO,ES,Towers with Radar,632,72,118,0,822,0,19,48,2,69,632,91,166,2,891,0,0,0,891
11/24/2021,FLL,FL,ASO,ES,Towers with Radar,652,102,91,2,847,0,9,37,0,46,652,111,128,2,893,0,0,0,893
11/25/2021,FLL,FL,ASO,ES,Towers with Radar,510,42,21,0,573,0,1,14,0,15,510,43,35,0,588,0,0,0,588
11/26/2021,FLL,FL,ASO,ES,Towers with Radar,569,67,54,0,690,0,15,33,0,48,569,82,87,0,738,0,0,0,738
11/27/2021,FLL,FL,ASO,ES,Towers with Radar,658,91,67,0,816,0,12,31,0,43,658,103,98,0,859,0,0,0,859
11/28/2021,FLL,FL,ASO,ES,Towers with Radar,680,102,123,0,905,0,28,24,7,59,680,130,147,7,964,0,0,0,964
11/29/2021,FLL,FL,ASO,ES,Towers with Radar,649,71,97,1,818,0,20,42,0,62,649,91,139,1,880,0,0,0,880
11/30/2021,FLL,FL,ASO,ES,Towers with Radar,594,64,72,3,733,0,13,39,0,52,594,77,111,3,785,0,0,0,785
12/01/2021,FLL,FL,ASO,ES,Towers with Radar,570,86,98,4,758,0,10,42,0,52,570,96,140,4,810,0,0,0,810
12/02/2021,FLL,FL,ASO,ES,Towers with Radar,626,82,104,0,812,0,16,35,1,52,626,98,139,1,864,0,0,0,864
12/03/2021,FLL,FL,ASO,ES,Towers with Radar,623,66,75,3,767,0,14,38,0,52,623,80,113,3,819,0,0,0,819
12/04/2021,FLL,FL,ASO,ES,Towers with Radar,608,69,66,2,745,0,11,20,0,31,608,80,86,2,776,0,0,0,776
12/05/2021,FLL,FL,ASO,ES,Towers with Radar,643,86,96,2,827,0,22,16,0,38,643,108,112,2,865,0,0,0,865
12/06/2021,FLL,FL,ASO,ES,Towers with Radar,589,71,76,2,738,0,13,18,0,31,589,84,94,2,769,0,0,0,769
12/07/2021,FLL,FL,ASO,ES,Towers with Radar,529,60,72,1,662,0,10,27,0,37,529,70,99,1,699,0,0,0,699
12/08/2021,FLL,FL,ASO,ES,Towers with Radar,530,70,87,1,688,0,8,30,0,38,530,78,117,1,726,0,0,0,726
12/09/2021,FLL,FL,ASO,ES,Towers with Radar,621,90,86,2,799,0,16,24,0,40,621,106,110,2,839,0,0,0,839
12/10/2021,FLL,FL,ASO,ES,Towers with Radar,602,83,79,3,767,0,21,31,0,52,602,104,110,3,819,0,0,0,819
12/11/2021,FLL,FL,ASO,ES,Towers with Radar,574,76,54,0,704,0,7,16,0,23,574,83,70,0,727,0,0,0,727
12/12/2021,FLL,FL,ASO,ES,Towers with Radar,625,61,83,2,771,0,18,11,0,29,625,79,94,2,800,0,0,0,800
12/13/2021,FLL,FL,ASO,ES,Towers with Radar,588,57,70,1,716,0,11,30,2,43,588,68,100,3,759,0,0,0,759
12/14/2021,FLL,FL,ASO,ES,Towers with Radar,527,79,89,2,697,0,13,28,0,41,527,92,117,2,738,0,0,0,738
12/15/2021,FLL,FL,ASO,ES,Towers with Radar,543,77,81,2,703,0,8,28,0,36,543,85,109,2,739,0,0,0,739
12/16/2021,FLL,FL,ASO,ES,Towers with Radar,649,87,85,0,821,0,7,48,2,57,649,94,133,2,878,0,0,0,878
12/17/2021,FLL,FL,ASO,ES,Towers with Radar,666,94,122,4,886,0,12,23,4,39,666,106,145,8,925,0,0,0,925
12/18/2021,FLL,FL,ASO,ES,Towers with Radar,686,105,96,1,888,0,3,22,0,25,686,108,118,1,913,0,0,0,913
12/19/2021,FLL,FL,ASO,ES,Towers with Radar,666,93,98,2,859,0,8,13,0,21,666,101,111,2,880,0,0,0,880
12/20/2021,FLL,FL,ASO,ES,Towers with Radar,681,82,85,0,848,0,14,23,0,37,681,96,108,0,885,0,0,0,885
12/21/2021,FLL,FL,ASO,ES,Towers with Radar,681,78,68,0,827,0,10,17,0,27,681,88,85,0,854,0,0,0,854
12/22/2021,FLL,FL,ASO,ES,Towers with Radar,696,95,73,0,864,0,9,25,0,34,696,104,98,0,898,0,0,0,898
12/23/2021,FLL,FL,ASO,ES,Towers with Radar,728,80,75,0,883,0,12,33,0,45,728,92,108,0,928,0,0,0,928
12/24/2021,FLL,FL,ASO,ES,Towers with Radar,603,72,53,0,728,0,3,23,0,26,603,75,76,0,754,0,0,0,754
12/25/2021,FLL,FL,ASO,ES,Towers with Radar,590,62,48,0,700,0,6,11,0,17,590,68,59,0,717,0,0,0,717
12/26/2021,FLL,FL,ASO,ES,Towers with Radar,638,109,136,0,883,0,21,36,0,57,638,130,172,0,940,0,0,0,940
12/27/2021,FLL,FL,ASO,ES,Towers with Radar,684,120,128,2,934,0,19,32,2,53,684,139,160,4,987,0,0,0,987
12/28/2021,FLL,FL,ASO,ES,Towers with Radar,672,101,122,4,899,0,12,40,0,52,672,113,162,4,951,0,0,0,951
12/29/2021,FLL,FL,ASO,ES,Towers with Radar,677,75,85,2,839,0,14,39,0,53,677,89,124,2,892,0,0,0,892
12/30/2021,FLL,FL,ASO,ES,Towers with Radar,675,112,112,2,901,0,19,29,2,50,675,131,141,4,951,0,0,0,951
12/31/2021,FLL,FL,ASO,ES,Towers with Radar,593,76,71,0,740,0,10,18,2,30,593,86,89,2,770,0,0,0,770
01/01/2022,FLL,FL,ASO,ES,Towers with Radar,593,94,79,0,766,0,8,33,0,41,593,102,112,0,807,0,0,0,807
01/02/2022,FLL,FL,ASO,ES,Towers with Radar,620,120,157,0,897,0,17,56,2,75,620,137,213,2,972,0,0,0,972
01/03/2022,FLL,FL,ASO,ES,Towers with Radar,664,114,105,0,883,0,18,27,0,45,664,132,132,0,928,0,0,0,928
01/04/2022,FLL,FL,ASO,ES,Towers with Radar,606,95,98,2,801,0,16,32,0,48,606,111,130,2,849,0,0,0,849
01/05/2022,FLL,FL,ASO,ES,Towers with Radar,572,67,98,2,739,0,4,19,2,25,572,71,117,4,764,0,0,0,764
01/06/2022,FLL,FL,ASO,ES,Towers with Radar,612,82,97,0,791,0,16,17,2,35,612,98,114,2,826,0,0,0,826
01/07/2022,FLL,FL,ASO,ES,Towers with Radar,594,67,57,0,718,0,14,23,1,38,594,81,80,1,756,0,0,0,756
01/08/2022,FLL,FL,ASO,ES,Towers with Radar,595,81,66,2,744,0,2,22,1,25,595,83,88,3,769,0,0,0,769
01/09/2022,FLL,FL,ASO,ES,Towers with Radar,635,106,85,0,826,0,9,6,0,15,635,115,91,0,841,0,0,0,841
01/10/2022,FLL,FL,ASO,ES,Towers with Radar,622,78,79,2,781,0,13,20,2,35,622,91,99,4,816,0,0,0,816
01/11/2022,FLL,FL,ASO,ES,Towers with Radar,539,62,76,2,679,0,7,9,0,16,539,69,85,2,695,0,0,0,695
01/12/2022,FLL,FL,ASO,ES,Towers with Radar,550,73,85,2,710,0,7,16,0,23,550,80,101,2,733,0,0,0,733
01/13/2022,FLL,FL,ASO,ES,Towers with Radar,626,79,100,0,805,0,9,32,0,41,626,88,132,0,846,0,0,0,846
01/14/2022,FLL,FL,ASO,ES,Towers with Radar,634,89,93,2,818,0,18,33,0,51,634,107,126,2,869,0,0,0,869
01/15/2022,FLL,FL,ASO,ES,Towers with Radar,597,71,56,0,724,0,13,27,0,40,597,84,83,0,764,0,0,0,764
01/16/2022,FLL,FL,ASO,ES,Towers with Radar,542,66,55,0,663,0,9,2,0,11,542,75,57,0,674,0,0,0,674
01/17/2022,FLL,FL,ASO,ES,Towers with Radar,587,73,119,0,779,0,18,20,0,38,587,91,139,0,817,0,0,0,817
01/18/2022,FLL,FL,ASO,ES,Towers with Radar,538,70,74,2,684,0,12,18,0,30,538,82,92,2,714,0,0,0,714
01/19/2022,FLL,FL,ASO,ES,Towers with Radar,558,66,79,3,706,0,13,25,0,38,558,79,104,3,744,0,0,0,744
01/20/2022,FLL,FL,ASO,ES,Towers with Radar,636,72,97,2,807,0,12,30,0,42,636,84,127,2,849,0,0,0,849
01/21/2022,FLL,FL,ASO,ES,Towers with Radar,646,59,90,3,798,0,2,27,0,29,646,61,117,3,827,0,0,0,827
01/22/2022,FLL,FL,ASO,ES,Towers with Radar,596,54,58,4,712,0,6,11,0,17,596,60,69,4,729,0,0,0,729
01/23/2022,FLL,FL,ASO,ES,Towers with Radar,619,86,88,1,794,0,3,14,2,19,619,89,102,3,813,0,0,0,813
01/24/2022,FLL,FL,ASO,ES,Towers with Radar,609,58,87,2,756,0,2,25,2,29,609,60,112,4,785,0,0,0,785
01/25/2022,FLL,FL,ASO,ES,Towers with Radar,533,63,74,0,670,0,11,26,0,37,533,74,100,0,707,0,0,0,707
01/26/2022,FLL,FL,ASO,ES,Towers with Radar,543,62,96,2,703,0,4,22,0,26,543,66,118,2,729,0,0,0,729
01/27/2022,FLL,FL,ASO,ES,Towers with Radar,634,89,115,2,840,0,10,12,0,22,634,99,127,2,862,0,0,0,862
01/28/2022,FLL,FL,ASO,ES,Towers with Radar,631,69,111,0,811,0,3,15,0,18,631,72,126,0,829,0,0,0,829
01/29/2022,FLL,FL,ASO,ES,Towers with Radar,489,50,54,2,595,0,1,18,0,19,489,51,72,2,614,0,0,0,614
01/30/2022,FLL,FL,ASO,ES,Towers with Radar,550,75,109,0,734,0,12,20,0,32,550,87,129,0,766,0,0,0,766
01/31/2022,FLL,FL,ASO,ES,Towers with Radar,579,61,83,2,725,0,5,26,0,31,579,66,109,2,756,0,0,0,756
02/01/2022,FLL,FL,ASO,ES,Towers with Radar,530,44,76,2,652,0,5,35,0,40,530,49,111,2,692,0,0,0,692
02/02/2022,FLL,FL,ASO,ES,Towers with Radar,533,54,66,5,658,0,1,46,0,47,533,55,112,5,705,0,0,0,705
02/03/2022,FLL,FL,ASO,ES,Towers with Radar,547,73,83,3,706,0,4,34,0,38,547,77,117,3,744,0,0,0,744
02/04/2022,FLL,FL,ASO,ES,Towers with Radar,573,57,89,5,724,0,15,29,6,50,573,72,118,11,774,0,0,0,774
02/05/2022,FLL,FL,ASO,ES,Towers with Radar,559,65,79,0,703,0,10,12,0,22,559,75,91,0,725,0,0,0,725
02/06/2022,FLL,FL,ASO,ES,Towers with Radar,607,97,67,1,772,0,6,18,0,24,607,103,85,1,796,0,0,0,796
02/07/2022,FLL,FL,ASO,ES,Towers with Radar,629,66,75,5,775,0,8,24,5,37,629,74,99,10,812,0,0,0,812
02/08/2022,FLL,FL,ASO,ES,Towers with Radar,544,63,62,1,670,0,2,26,0,28,544,65,88,1,698,0,0,0,698
02/09/2022,FLL,FL,ASO,ES,Towers with Radar,556,64,84,4,708,0,0,10,2,12,556,64,94,6,720,0,0,0,720
02/10/2022,FLL,FL,ASO,ES,Towers with Radar,638,76,102,4,820,0,12,52,2,66,638,88,154,6,886,0,0,0,886
02/11/2022,FLL,FL,ASO,ES,Towers with Radar,656,74,103,3,836,0,14,30,5,49,656,88,133,8,885,0,0,0,885
02/12/2022,FLL,FL,ASO,ES,Towers with Radar,625,83,84,2,794,0,6,25,0,31,625,89,109,2,825,0,0,0,825
02/13/2022,FLL,FL,ASO,ES,Towers with Radar,596,60,66,1,723,0,6,12,1,19,596,66,78,2,742,0,0,0,742
02/14/2022,FLL,FL,ASO,ES,Towers with Radar,632,85,95,0,812,0,15,28,1,44,632,100,123,1,856,0,0,0,856
02/15/2022,FLL,FL,ASO,ES,Towers with Radar,552,68,87,6,713,0,11,35,0,46,552,79,122,6,759,0,0,0,759
02/16/2022,FLL,FL,ASO,ES,Towers with Radar,606,71,109,3,789,0,8,18,0,26,606,79,127,3,815,0,0,0,815
02/17/2022,FLL,FL,ASO,ES,Towers with Radar,694,106,130,3,933,0,7,33,0,40,694,113,163,3,973,0,0,0,973
02/18/2022,FLL,FL,ASO,ES,Towers with Radar,713,108,112,3,936,0,10,36,0,46,713,118,148,3,982,0,0,0,982
02/19/2022,FLL,FL,ASO,ES,Towers with Radar,740,84,67,2,893,0,9,9,0,18,740,93,76,2,911,0,0,0,911
02/20/2022,FLL,FL,ASO,ES,Towers with Radar,695,102,75,0,872,0,6,24,5,35,695,108,99,5,907,0,0,0,907
02/21/2022,FLL,FL,ASO,ES,Towers with Radar,714,83,118,2,917,0,13,35,1,49,714,96,153,3,966,0,0,0,966
02/22/2022,FLL,FL,ASO,ES,Towers with Radar,661,60,97,0,818,0,5,24,3,32,661,65,121,3,850,0,0,0,850
02/23/2022,FLL,FL,ASO,ES,Towers with Radar,672,66,81,3,822,0,2,28,0,30,672,68,109,3,852,0,0,0,852
02/24/2022,FLL,FL,ASO,ES,Towers with Radar,712,81,99,4,896,0,15,32,1,48,712,96,131,5,944,0,0,0,944
02/25/2022,FLL,FL,ASO,ES,Towers with Radar,695,87,97,6,885,0,12,47,4,63,695,99,144,10,948,0,0,0,948
02/26/2022,FLL,FL,ASO,ES,Towers with Radar,732,92,96,1,921,0,3,18,2,23,732,95,114,3,944,0,0,0,944
02/27/2022,FLL,FL,ASO,ES,Towers with Radar,704,79,107,0,890,0,9,29,5,43,704,88,136,5,933,0,0,0,933
02/28/2022,FLL,FL,ASO,ES,Towers with Radar,726,79,78,4,887,0,5,35,0,40,726,84,113,4,927,0,0,0,927
03/01/2022,FLL,FL,ASO,ES,Towers with Radar,626,68,87,0,781,0,4,21,0,25,626,72,108,0,806,0,0,0,806
03/02/2022,FLL,FL,ASO,ES,Towers with Radar,632,60,116,1,809,0,1,32,0,33,632,61,148,1,842,0,0,0,842
03/03/2022,FLL,FL,ASO,ES,Towers with Radar,693,95,81,0,869,0,6,45,3,54,693,101,126,3,923,0,0,0,923
03/04/2022,FLL,FL,ASO,ES,Towers with Radar,694,85,86,0,865,0,14,37,0,51,694,99,123,0,916,0,0,0,916
03/05/2022,FLL,FL,ASO,ES,Towers with Radar,686,75,84,0,845,1,7,19,0,27,687,82,103,0,872,0,0,0,872
03/06/2022,FLL,FL,ASO,ES,Towers with Radar,671,91,124,0,886,0,9,27,0,36,671,100,151,0,922,0,0,0,922
03/07/2022,FLL,FL,ASO,ES,Towers with Radar,684,85,90,4,863,0,7,29,0,36,684,92,119,4,899,0,0,0,899
03/08/2022,FLL,FL,ASO,ES,Towers with Radar,602,80,88,0,770,0,7,37,2,46,602,87,125,2,816,0,0,0,816
03/09/2022,FLL,FL,ASO,ES,Towers with Radar,614,66,96,2,778,0,4,26,0,30,614,70,122,2,808,0,0,0,808
03/10/2022,FLL,FL,ASO,ES,Towers with Radar,708,83,109,2,902,0,8,36,0,44,708,91,145,2,946,0,0,0,946
03/11/2022,FLL,FL,ASO,ES,Towers with Radar,704,99,101,1,905,0,11,36,0,47,704,110,137,1,952,0,0,0,952
03/12/2022,FLL,FL,ASO,ES,Towers with Radar,592,88,97,1,778,0,12,28,0,40,592,100,125,1,818,0,0,0,818
03/13/2022,FLL,FL,ASO,ES,Towers with Radar,665,99,125,4,893,0,7,35,0,42,665,106,160,4,935,0,0,0,935
03/14/2022,FLL,FL,ASO,ES,Towers with Radar,702,102,96,5,905,1,12,35,0,48,703,114,131,5,953,0,0,0,953
03/15/2022,FLL,FL,ASO,ES,Towers with Radar,616,76,84,2,778,0,6,35,0,41,616,82,119,2,819,0,0,0,819
03/16/2022,FLL,FL,ASO,ES,Towers with Radar,635,70,99,3,807,0,2,37,0,39,635,72,136,3,846,0,0,0,846
03/17/2022,FLL,FL,ASO,ES,Towers with Radar,696,87,107,2,892,0,19,30,2,51,696,106,137,4,943,0,0,0,943
03/18/2022,FLL,FL,ASO,ES,Towers with Radar,698,91,80,4,873,0,21,48,2,71,698,112,128,6,944,0,0,0,944
03/19/2022,FLL,FL,ASO,ES,Towers with Radar,734,89,92,2,917,0,17,44,1,62,734,106,136,3,979,0,0,0,979
03/20/2022,FLL,FL,ASO,ES,Towers with Radar,720,91,132,0,943,0,13,25,0,38,720,104,157,0,981,0,0,0,981
03/21/2022,FLL,FL,ASO,ES,Towers with Radar,706,77,95,1,879,0,19,36,0,55,706,96,131,1,934,0,0,0,934
03/22/2022,FLL,FL,ASO,ES,Towers with Radar,607,49,69,4,729,0,8,37,0,45,607,57,106,4,774,0,0,0,774
03/23/2022,FLL,FL,ASO,ES,Towers with Radar,642,81,67,1,791,0,13,24,0,37,642,94,91,1,828,0,0,0,828
03/24/2022,FLL,FL,ASO,ES,Towers with Radar,704,90,96,0,890,0,13,20,0,33,704,103,116,0,923,0,0,0,923
03/25/2022,FLL,FL,ASO,ES,Towers with Radar,744,90,105,0,939,0,11,30,0,41,744,101,135,0,980,0,0,0,980
03/26/2022,FLL,FL,ASO,ES,Towers with Radar,728,94,87,0,909,0,16,33,0,49,728,110,120,0,958,0,0,0,958
03/27/2022,FLL,FL,ASO,ES,Towers with Radar,706,98,125,2,931,0,25,19,0,44,706,123,144,2,975,0,0,0,975
03/28/2022,FLL,FL,ASO,ES,Towers with Radar,697,75,79,2,853,0,15,23,0,38,697,90,102,2,891,0,0,0,891
03/29/2022,FLL,FL,ASO,ES,Towers with Radar,609,62,81,5,757,0,9,27,1,37,609,71,108,6,794,0,0,0,794
03/30/2022,FLL,FL,ASO,ES,Towers with Radar,620,73,89,3,785,0,12,31,0,43,620,85,120,3,828,0,0,0,828
03/31/2022,FLL,FL,ASO,ES,Towers with Radar,655,91,103,0,849,0,11,24,2,37,655,102,127,2,886,0,0,0,886
04/01/2022,FLL,FL,ASO,ES,Towers with Radar,650,81,109,0,840,0,17,38,2,57,650,98,147,2,897,0,0,0,897
04/02/2022,FLL,FL,ASO,ES,Towers with Radar,543,67,83,0,693,0,11,25,2,38,543,78,108,2,731,0,0,0,731
04/03/2022,FLL,FL,ASO,ES,Towers with Radar,604,81,118,0,803,0,16,26,0,42,604,97,144,0,845,0,0,0,845
04/04/2022,FLL,FL,ASO,ES,Towers with Radar,653,83,105,2,843,0,11,26,1,38,653,94,131,3,881,0,0,0,881
04/05/2022,FLL,FL,ASO,ES,Towers with Radar,637,49,79,3,768,0,12,27,7,46,637,61,106,10,814,0,0,0,814
04/06/2022,FLL,FL,ASO,ES,Towers with Radar,650,82,74,2,808,0,8,40,2,50,650,90,114,4,858,0,0,0,858
04/07/2022,FLL,FL,ASO,ES,Towers with Radar,611,73,87,0,771,0,18,18,0,36,611,91,105,0,807,0,0,0,807
04/08/2022,FLL,FL,ASO,ES,Towers with Radar,683,80,129,0,892,0,16,46,0,62,683,96,175,0,954,0,0,0,954
04/09/2022,FLL,FL,ASO,ES,Towers with Radar,634,74,90,2,800,0,14,29,2,45,634,88,119,4,845,0,0,0,845
04/10/2022,FLL,FL,ASO,ES,Towers with Radar,660,75,123,4,862,0,21,28,0,49,660,96,151,4,911,0,0,0,911
04/11/2022,FLL,FL,ASO,ES,Towers with Radar,681,76,95,0,852,0,15,23,0,38,681,91,118,0,890,0,0,0,890
04/12/2022,FLL,FL,ASO,ES,Towers with Radar,629,54,84,2,769,0,8,32,0,40,629,62,116,2,809,0,0,0,809
04/13/2022,FLL,FL,ASO,ES,Towers with Radar,639,82,104,4,829,0,4,42,0,46,639,86,146,4,875,0,0,0,875
04/14/2022,FLL,FL,ASO,ES,Towers with Radar,689,97,111,0,897,0,14,37,2,53,689,111,148,2,950,0,0,0,950
04/15/2022,FLL,FL,ASO,ES,Towers with Radar,672,89,73,2,836,0,9,33,0,42,672,98,106,2,878,0,0,0,878
04/16/2022,FLL,FL,ASO,ES,Towers with Radar,674,81,64,4,823,0,7,20,0,27,674,88,84,4,850,0,0,0,850
04/17/2022,FLL,FL,ASO,ES,Towers with Radar,664,90,82,1,837,0,14,25,0,39,664,104,107,1,876,0,0,0,876
04/18/2022,FLL,FL,ASO,ES,Towers with Radar,674,91,84,1,850,0,9,38,0,47,674,100,122,1,897,0,0,0,897
04/19/2022,FLL,FL,ASO,ES,Towers with Radar,630,68,74,3,775,0,13,31,0,44,630,81,105,3,819,0,0,0,819
04/20/2022,FLL,FL,ASO,ES,Towers with Radar,629,54,83,4,770,0,4,22,0,26,629,58,105,4,796,0,0,0,796
04/21/2022,FLL,FL,ASO,ES,Towers with Radar,683,78,85,3,849,0,11,34,0,45,683,89,119,3,894,0,0,0,894
04/22/2022,FLL,FL,ASO,ES,Towers with Radar,682,68,87,3,840,0,6,21,2,29,682,74,108,5,869,0,0,0,869
04/23/2022,FLL,FL,ASO,ES,Towers with Radar,646,81,78,3,808,0,11,22,0,33,646,92,100,3,841,0,0,0,841
04/24/2022,FLL,FL,ASO,ES,Towers with Radar,663,104,95,0,862,0,11,25,2,38,663,115,120,2,900,0,0,0,900
04/25/2022,FLL,FL,ASO,ES,Towers with Radar,662,77,68,3,810,0,14,26,1,41,662,91,94,4,851,0,0,0,851
04/26/2022,FLL,FL,ASO,ES,Towers with Radar,629,54,61,0,744,0,6,36,2,44,629,60,97,2,788,0,0,0,788
04/27/2022,FLL,FL,ASO,ES,Towers with Radar,620,59,105,4,788,0,5,31,0,36,620,64,136,4,824,0,0,0,824
04/28/2022,FLL,FL,ASO,ES,Towers with Radar,684,77,77,2,840,0,7,38,7,52,684,84,115,9,892,0,0,0,892
04/29/2022,FLL,FL,ASO,ES,Towers with Radar,681,77,88,4,850,0,24,46,21,91,681,101,134,25,941,0,0,0,941
04/30/2022,FLL,FL,ASO,ES,Towers with Radar,629,70,48,1,748,0,3,31,22,56,629,73,79,23,804,0,0,0,804
05/01/2022,FLL,FL,ASO,ES,Towers with Radar,645,71,97,7,820,0,19,39,14,72,645,90,136,21,892,0,0,0,892
05/02/2022,FLL,FL,ASO,ES,Towers with Radar,663,78,109,7,857,0,17,38,2,57,663,95,147,9,914,0,0,0,914
05/03/2022,FLL,FL,ASO,ES,Towers with Radar,597,68,71,4,740,0,7,22,0,29,597,75,93,4,769,0,0,0,769
05/04/2022,FLL,FL,ASO,ES,Towers with Radar,618,71,85,4,778,0,16,19,0,35,618,87,104,4,813,0,0,0,813
05/05/2022,FLL,FL,ASO,ES,Towers with Radar,663,91,126,4,884,0,18,32,1,51,663,109,158,5,935,0,0,0,935
05/06/2022,FLL,FL,ASO,ES,Towers with Radar,659,104,108,2,873,0,14,38,3,55,659,118,146,5,928,0,0,0,928
05/07/2022,FLL,FL,ASO,ES,Towers with Radar,606,95,66,1,768,0,6,34,2,42,606,101,100,3,810,0,0,0,810
05/08/2022,FLL,FL,ASO,ES,Towers with Radar,676,103,118,0,897,0,15,29,0,44,676,118,147,0,941,0,0,0,941
05/09/2022,FLL,FL,ASO,ES,Towers with Radar,653,111,121,3,888,0,13,31,0,44,653,124,152,3,932,0,0,0,932
05/10/2022,FLL,FL,ASO,ES,Towers with Radar,611,76,76,2,765,0,19,23,0,42,611,95,99,2,807,0,0,0,807
05/11/2022,FLL,FL,ASO,ES,Towers with Radar,600,64,68,1,733,0,13,26,0,39,600,77,94,1,772,0,0,0,772
05/12/2022,FLL,FL,ASO,ES,Towers with Radar,657,73,64,3,797,0,13,31,0,44,657,86,95,3,841,0,0,0,841
05/13/2022,FLL,FL,ASO,ES,Towers with Radar,642,65,81,2,790,0,13,38,0,51,642,78,119,2,841,0,0,0,841
05/14/2022,FLL,FL,ASO,ES,Towers with Radar,615,74,61,1,751,0,15,22,0,37,615,89,83,1,788,0,0,0,788
05/15/2022,FLL,FL,ASO,ES,Towers with Radar,636,76,92,1,805,0,17,28,0,45,636,93,120,1,850,0,0,0,850
05/16/2022,FLL,FL,ASO,ES,Towers with Radar,625,74,56,2,757,0,8,33,1,42,625,82,89,3,799,0,0,0,799
05/17/2022,FLL,FL,ASO,ES,Towers with Radar,604,56,57,2,719,0,13,19,1,33,604,69,76,3,752,0,0,0,752
05/18/2022,FLL,FL,ASO,ES,Towers with Radar,608,62,82,2,754,0,2,39,0,41,608,64,121,2,795,0,0,0,795
05/19/2022,FLL,FL,ASO,ES,Towers with Radar,660,74,85,3,822,0,13,44,0,57,660,87,129,3,879,0,0,0,879
05/20/2022,FLL,FL,ASO,ES,Towers with Radar,542,65,73,4,684,0,12,29,0,41,542,77,102,4,725,0,0,0,725
05/21/2022,FLL,FL,ASO,ES,Towers with Radar,608,76,76,2,762,0,9,24,2,35,608,85,100,4,797,0,0,0,797
05/22/2022,FLL,FL,ASO,ES,Towers with Radar,612,84,92,0,788,0,11,28,2,41,612,95,120,2,829,0,0,0,829
05/23/2022,FLL,FL,ASO,ES,Towers with Radar,646,63,85,0,794,0,8,112,0,120,646,71,197,0,914,79,0,79,993
05/24/2022,FLL,FL,ASO,ES,Towers with Radar,608,54,68,3,733,0,6,146,1,153,608,60,214,4,886,132,0,132,1018
05/25/2022,FLL,FL,ASO,ES,Towers with Radar,594,48,88,2,732,0,1,227,2,230,594,49,315,4,962,123,0,123,1085
05/26/2022,FLL,FL,ASO,ES,Towers with Radar,654,78,92,0,824,0,13,112,2,127,654,91,204,2,951,46,0,46,997
05/27/2022,FLL,FL,ASO,ES,Towers with Radar,621,62,104,2,789,0,15,35,0,50,621,77,139,2,839,0,0,0,839
05/28/2022,FLL,FL,ASO,ES,Towers with Radar,610,77,56,0,743,0,10,13,0,23,610,87,69,0,766,0,0,0,766
05/29/2022,FLL,FL,ASO,ES,Towers with Radar,575,50,63,0,688,0,11,10,0,21,575,61,73,0,709,0,0,0,709
05/30/2022,FLL,FL,ASO,ES,Towers with Radar,637,67,62,0,766,0,25,33,0,58,637,92,95,0,824,0,0,0,824
05/31/2022,FLL,FL,ASO,ES,Towers with Radar,590,63,80,1,734,0,15,16,0,31,590,78,96,1,765,0,0,0,765
06/01/2022,FLL,FL,ASO,ES,Towers with Radar,588,64,61,1,714,0,12,13,2,27,588,76,74,3,741,0,0,0,741
06/02/2022,FLL,FL,ASO,ES,Towers with Radar,603,62,72,1,738,0,18,18,2,38,603,80,90,3,776,0,0,0,776
06/03/2022,FLL,FL,ASO,ES,Towers with Radar,595,78,50,1,724,0,0,8,0,8,595,78,58,1,732,0,0,0,732
06/04/2022,FLL,FL,ASO,ES,Towers with Radar,535,45,27,0,607,0,1,2,0,3,535,46,29,0,610,0,0,0,610
06/05/2022,FLL,FL,ASO,ES,Towers with Radar,581,77,55,0,713,0,12,26,2,40,581,89,81,2,753,0,0,0,753
06/06/2022,FLL,FL,ASO,ES,Towers with Radar,585,87,55,2,729,0,16,11,0,27,585,103,66,2,756,0,0,0,756
06/07/2022,FLL,FL,ASO,ES,Towers with Radar,561,44,46,2,653,0,7,15,0,22,561,51,61,2,675,0,0,0,675
06/08/2022,FLL,FL,ASO,ES,Towers with Radar,552,67,65,0,684,0,4,29,0,33,552,71,94,0,717,0,0,0,717
06/09/2022,FLL,FL,ASO,ES,Towers with Radar,563,88,81,6,738,0,11,23,0,34,563,99,104,6,772,0,0,0,772
06/10/2022,FLL,FL,ASO,ES,Towers with Radar,587,68,55,3,713,0,17,18,2,37,587,85,73,5,750,0,0,0,750
06/11/2022,FLL,FL,ASO,ES,Towers with Radar,574,68,54,0,696,0,9,19,0,28,574,77,73,0,724,0,0,0,724
06/12/2022,FLL,FL,ASO,ES,Towers with Radar,563,64,59,1,687,0,11,15,2,28,563,75,74,3,715,0,0,0,715
06/13/2022,FLL,FL,ASO,ES,Towers with Radar,582,63,70,0,715,0,19,22,0,41,582,82,92,0,756,0,0,0,756
06/14/2022,FLL,FL,ASO,ES,Towers with Radar,544,41,66,0,651,0,12,17,0,29,544,53,83,0,680,0,0,0,680
06/15/2022,FLL,FL,ASO,ES,Towers with Radar,548,54,76,4,682,0,6,27,0,33,548,60,103,4,715,0,0,0,715
06/16/2022,FLL,FL,ASO,ES,Towers with Radar,541,69,78,0,688,0,17,23,0,40,541,86,101,0,728,0,0,0,728
06/17/2022,FLL,FL,ASO,ES,Towers with Radar,570,78,55,2,705,0,13,28,0,41,570,91,83,2,746,0,0,0,746
06/18/2022,FLL,FL,ASO,ES,Towers with Radar,569,55,49,0,673,0,9,17,0,26,569,64,66,0,699,0,0,0,699
06/19/2022,FLL,FL,ASO,ES,Towers with Radar,565,60,63,2,690,0,14,11,0,25,565,74,74,2,715,0,0,0,715
06/20/2022,FLL,FL,ASO,ES,Towers with Radar,574,74,62,0,710,0,8,19,0,27,574,82,81,0,737,0,0,0,737
06/21/2022,FLL,FL,ASO,ES,Towers with Radar,548,52,49,1,650,0,12,10,2,24,548,64,59,3,674,0,0,0,674
06/22/2022,FLL,FL,ASO,ES,Towers with Radar,534,52,73,1,660,0,5,36,0,41,534,57,109,1,701,0,0,0,701
06/23/2022,FLL,FL,ASO,ES,Towers with Radar,583,68,78,2,731,0,11,33,0,44,583,79,111,2,775,0,0,0,775
06/24/2022,FLL,FL,ASO,ES,Towers with Radar,580,51,65,1,697,0,10,34,3,47,580,61,99,4,744,0,0,0,744
06/25/2022,FLL,FL,ASO,ES,Towers with Radar,577,63,44,0,684,0,5,16,0,21,577,68,60,0,705,0,0,0,705
06/26/2022,FLL,FL,ASO,ES,Towers with Radar,574,64,57,0,695,0,14,10,0,24,574,78,67,0,719,0,0,0,719
06/27/2022,FLL,FL,ASO,ES,Towers with Radar,560,57,66,2,685,0,15,18,0,33,560,72,84,2,718,0,0,0,718
06/28/2022,FLL,FL,ASO,ES,Towers with Radar,543,56,60,4,663,0,14,22,0,36,543,70,82,4,699,0,0,0,699
06/29/2022,FLL,FL,ASO,ES,Towers with Radar,546,60,79,2,687,0,9,17,0,26,546,69,96,2,713,0,0,0,713
06/30/2022,FLL,FL,ASO,ES,Towers with Radar,595,68,88,0,751,0,22,24,0,46,595,90,112,0,797,0,0,0,797
07/01/2022,FLL,FL,ASO,ES,Towers with Radar,575,76,92,0,743,0,23,42,2,67,575,99,134,2,810,0,0,0,810
07/02/2022,FLL,FL,ASO,ES,Towers with Radar,570,61,43,0,674,0,13,28,0,41,570,74,71,0,715,0,0,0,715
07/03/2022,FLL,FL,ASO,ES,Towers with Radar,575,44,29,0,648,0,14,14,0,28,575,58,43,0,676,0,0,0,676
07/04/2022,FLL,FL,ASO,ES,Towers with Radar,551,46,32,0,629,0,8,22,0,30,551,54,54,0,659,0,0,0,659
07/05/2022,FLL,FL,ASO,ES,Towers with Radar,544,66,73,0,683,0,19,2,0,21,544,85,75,0,704,0,0,0,704
07/06/2022,FLL,FL,ASO,ES,Towers with Radar,550,51,51,2,654,0,7,16,0,23,550,58,67,2,677,0,0,0,677
07/07/2022,FLL,FL,ASO,ES,Towers with Radar,586,53,64,2,705,0,21,31,2,54,586,74,95,4,759,0,0,0,759
07/08/2022,FLL,FL,ASO,ES,Towers with Radar,585,47,49,3,684,0,8,28,1,37,585,55,77,4,721,0,0,0,721
07/09/2022,FLL,FL,ASO,ES,Towers with Radar,573,64,36,0,673,2,12,20,0,34,575,76,56,0,707,0,0,0,707
07/10/2022,FLL,FL,ASO,ES,Towers with Radar,596,47,38,0,681,0,20,12,1,33,596,67,50,1,714,0,0,0,714
07/11/2022,FLL,FL,ASO,ES,Towers with Radar,587,55,41,2,685,0,15,15,0,30,587,70,56,2,715,0,0,0,715
07/12/2022,FLL,FL,ASO,ES,Towers with Radar,542,54,59,2,657,4,18,14,0,36,546,72,73,2,693,0,0,0,693
07/13/2022,FLL,FL,ASO,ES,Towers with Radar,563,56,48,2,669,1,4,19,4,28,564,60,67,6,697,0,0,0,697
07/14/2022,FLL,FL,ASO,ES,Towers with Radar,594,61,62,0,717,0,11,28,0,39,594,72,90,0,756,0,0,0,756
07/15/2022,FLL,FL,ASO,ES,Towers with Radar,578,58,57,2,695,0,12,15,3,30,578,70,72,5,725,0,0,0,725
07/16/2022,FLL,FL,ASO,ES,Towers with Radar,568,56,41,0,665,0,7,13,0,20,568,63,54,0,685,0,0,0,685
07/17/2022,FLL,FL,ASO,ES,Towers with Radar,573,69,50,3,695,0,15,12,0,27,573,84,62,3,722,0,0,0,722
07/18/2022,FLL,FL,ASO,ES,Towers with Radar,566,50,49,1,666,0,2,24,0,26,566,52,73,1,692,0,0,0,692
07/19/2022,FLL,FL,ASO,ES,Towers with Radar,558,54,48,1,661,0,14,21,0,35,558,68,69,1,696,0,0,0,696
07/20/2022,FLL,FL,ASO,ES,Towers with Radar,554,50,58,2,664,0,5,23,0,28,554,55,81,2,692,0,0,0,692
07/21/2022,FLL,FL,ASO,ES,Towers with Radar,579,59,78,4,720,0,17,24,0,41,579,76,102,4,761,0,0,0,761
07/22/2022,FLL,FL,ASO,ES,Towers with Radar,577,54,64,1,696,0,13,25,2,40,577,67,89,3,736,0,0,0,736
07/23/2022,FLL,FL,ASO,ES,Towers with Radar,583,45,46,5,679,0,11,16,5,32,583,56,62,10,711,0,0,0,711
07/24/2022,FLL,FL,ASO,ES,Towers with Radar,577,68,67,1,713,0,14,15,1,30,577,82,82,2,743,0,0,0,743
07/25/2022,FLL,FL,ASO,ES,Towers with Radar,566,61,56,2,685,0,4,31,2,37,566,65,87,4,722,0,0,0,722
07/26/2022,FLL,FL,ASO,ES,Towers with Radar,549,42,49,1,641,0,16,13,2,31,549,58,62,3,672,0,0,0,672
07/27/2022,FLL,FL,ASO,ES,Towers with Radar,564,66,55,3,688,0,8,16,0,24,564,74,71,3,712,0,0,0,712
07/28/2022,FLL,FL,ASO,ES,Towers with Radar,582,62,67,0,711,0,14,18,0,32,582,76,85,0,743,0,0,0,743
07/29/2022,FLL,FL,ASO,ES,Towers with Radar,576,66,60,3,705,0,14,21,2,37,576,80,81,5,742,0,0,0,742
07/30/2022,FLL,FL,ASO,ES,Towers with Radar,572,72,41,1,686,0,8,18,1,27,572,80,59,2,713,0,0,0,713
07/31/2022,FLL,FL,ASO,ES,Towers with Radar,577,66,55,3,701,0,16,13,0,29,577,82,68,3,730,0,0,0,730
08/01/2022,FLL,FL,ASO,ES,Towers with Radar,574,46,51,3,674,0,13,18,0,31,574,59,69,3,705,0,0,0,705
08/02/2022,FLL,FL,ASO,ES,Towers with Radar,558,40,60,0,658,0,13,6,0,19,558,53,66,0,677,0,0,0,677
08/03/2022,FLL,FL,ASO,ES,Towers with Radar,536,57,71,2,666,0,15,9,1,25,536,72,80,3,691,0,0,0,691
08/04/2022,FLL,FL,ASO,ES,Towers with Radar,554,65,82,2,703,0,17,21,0,38,554,82,103,2,741,0,0,0,741
08/05/2022,FLL,FL,ASO,ES,Towers with Radar,566,65,53,0,684,0,14,11,0,25,566,79,64,0,709,0,0,0,709
08/06/2022,FLL,FL,ASO,ES,Towers with Radar,560,49,40,0,649,0,4,18,0,22,560,53,58,0,671,0,0,0,671
08/07/2022,FLL,FL,ASO,ES,Towers with Radar,579,48,50,0,677,0,11,18,0,29,579,59,68,0,706,0,0,0,706
08/08/2022,FLL,FL,ASO,ES,Towers with Radar,575,58,59,4,696,0,12,20,0,32,575,70,79,4,728,0,0,0,728
08/09/2022,FLL,FL,ASO,ES,Towers with Radar,535,44,55,2,636,0,18,13,0,31,535,62,68,2,667,0,0,0,667
08/10/2022,FLL,FL,ASO,ES,Towers with Radar,543,61,62,7,673,0,7,21,0,28,543,68,83,7,701,0,0,0,701
08/11/2022,FLL,FL,ASO,ES,Towers with Radar,579,76,52,0,707,0,16,21,0,37,579,92,73,0,744,0,0,0,744
08/12/2022,FLL,FL,ASO,ES,Towers with Radar,589,54,67,2,712,0,9,25,0,34,589,63,92,2,746,0,0,0,746
08/13/2022,FLL,FL,ASO,ES,Towers with Radar,578,53,44,2,677,0,8,31,0,39,578,61,75,2,716,0,0,0,716
08/14/2022,FLL,FL,ASO,ES,Towers with Radar,572,55,50,2,679,0,25,26,1,52,572,80,76,3,731,0,0,0,731
08/15/2022,FLL,FL,ASO,ES,Towers with Radar,576,59,59,0,694,0,15,23,0,38,576,74,82,0,732,0,0,0,732
08/16/2022,FLL,FL,ASO,ES,Towers with Radar,539,57,53,0,649,0,15,21,0,36,539,72,74,0,685,0,0,0,685
08/17/2022,FLL,FL,ASO,ES,Towers with Radar,536,67,45,2,650,0,11,21,1,33,536,78,66,3,683,0,0,0,683
08/18/2022,FLL,FL,ASO,ES,Towers with Radar,577,61,63,0,701,0,19,17,0,36,577,80,80,0,737,0,0,0,737
08/19/2022,FLL,FL,ASO,ES,Towers with Radar,586,61,50,2,699,0,18,29,4,51,586,79,79,6,750,0,0,0,750
08/20/2022,FLL,FL,ASO,ES,Towers with Radar,556,61,42,0,659,0,8,10,0,18,556,69,52,0,677,0,0,0,677
08/21/2022,FLL,FL,ASO,ES,Towers with Radar,560,70,50,0,680,0,22,9,0,31,560,92,59,0,711,0,0,0,711
08/22/2022,FLL,FL,ASO,ES,Towers with Radar,530,58,56,0,644,0,7,17,0,24,530,65,73,0,668,0,0,0,668
08/23/2022,FLL,FL,ASO,ES,Towers with Radar,548,53,51,2,654,0,5,24,0,29,548,58,75,2,683,0,0,0,683
08/24/2022,FLL,FL,ASO,ES,Towers with Radar,545,51,62,0,658,0,1,16,0,17,545,52,78,0,675,0,0,0,675
08/25/2022,FLL,FL,ASO,ES,Towers with Radar,557,58,52,1,668,0,15,22,0,37,557,73,74,1,705,0,0,0,705
08/26/2022,FLL,FL,ASO,ES,Towers with Radar,571,52,75,0,698,0,16,24,0,40,571,68,99,0,738,0,0,0,738
08/27/2022,FLL,FL,ASO,ES,Towers with Radar,537,68,47,1,653,0,10,11,0,21,537,78,58,1,674,0,0,0,674
08/28/2022,FLL,FL,ASO,ES,Towers with Radar,574,66,54,1,695,0,11,18,0,29,574,77,72,1,724,0,0,0,724
08/29/2022,FLL,FL,ASO,ES,Towers with Radar,554,53,55,1,663,0,12,11,0,23,554,65,66,1,686,0,0,0,686
08/30/2022,FLL,FL,ASO,ES,Towers with Radar,525,49,58,0,632,0,12,16,0,28,525,61,74,0,660,0,0,0,660
08/31/2022,FLL,FL,ASO,ES,Towers with Radar,548,45,76,2,671,0,7,10,11,28,548,52,86,13,699,0,0,0,699
09/01/2022,FLL,FL,ASO,ES,Towers with Radar,573,69,69,4,715,0,16,25,0,41,573,85,94,4,756,0,0,0,756
09/02/2022,FLL,FL,ASO,ES,Towers with Radar,575,71,82,0,728,0,22,18,0,40,575,93,100,0,768,0,0,0,768
09/03/2022,FLL,FL,ASO,ES,Towers with Radar,538,52,34,0,624,0,10,16,0,26,538,62,50,0,650,0,0,0,650
09/04/2022,FLL,FL,ASO,ES,Towers with Radar,545,47,40,0,632,0,15,19,0,34,545,62,59,0,666,0,0,0,666
09/05/2022,FLL,FL,ASO,ES,Towers with Radar,559,66,71,0,696,0,24,23,0,47,559,90,94,0,743,0,0,0,743
09/06/2022,FLL,FL,ASO,ES,Towers with Radar,515,42,43,2,602,0,8,35,2,45,515,50,78,4,647,0,0,0,647
09/07/2022,FLL,FL,ASO,ES,Towers with Radar,491,33,49,1,574,0,7,15,0,22,491,40,64,1,596,0,0,0,596
09/08/2022,FLL,FL,ASO,ES,Towers with Radar,528,67,42,1,638,0,16,24,0,40,528,83,66,1,678,0,0,0,678
09/09/2022,FLL,FL,ASO,ES,Towers with Radar,531,47,62,2,642,0,14,12,0,26,531,61,74,2,668,0,0,0,668
09/10/2022,FLL,FL,ASO,ES,Towers with Radar,495,49,48,0,592,0,8,0,0,8,495,57,48,0,600,0,0,0,600
09/11/2022,FLL,FL,ASO,ES,Towers with Radar,526,66,60,1,653,0,16,11,0,27,526,82,71,1,680,0,0,0,680
09/12/2022,FLL,FL,ASO,ES,Towers with Radar,510,47,57,1,615,0,16,14,0,30,510,63,71,1,645,0,0,0,645
09/13/2022,FLL,FL,ASO,ES,Towers with Radar,498,34,60,0,592,1,10,17,0,28,499,44,77,0,620,0,0,0,620
09/14/2022,FLL,FL,ASO,ES,Towers with Radar,500,53,49,2,604,0,2,21,5,28,500,55,70,7,632,0,0,0,632
09/15/2022,FLL,FL,ASO,ES,Towers with Radar,532,57,58,0,647,1,16,25,0,42,533,73,83,0,689,0,0,0,689
09/16/2022,FLL,FL,ASO,ES,Towers with Radar,535,50,55,4,644,1,9,16,4,30,536,59,71,8,674,0,0,0,674
09/17/2022,FLL,FL,ASO,ES,Towers with Radar,484,42,33,2,561,0,6,4,0,10,484,48,37,2,571,0,0,0,571
09/18/2022,FLL,FL,ASO,ES,Towers with Radar,518,53,50,1,622,0,23,13,0,36,518,76,63,1,658,0,0,0,658
09/19/2022,FLL,FL,ASO,ES,Towers with Radar,496,46,58,2,602,0,15,11,2,28,496,61,69,4,630,0,0,0,630
09/20/2022,FLL,FL,ASO,ES,Towers with Radar,485,39,39,0,563,0,12,7,2,21,485,51,46,2,584,0,0,0,584
09/21/2022,FLL,FL,ASO,ES,Towers with Radar,493,50,55,2,600,0,10,17,0,27,493,60,72,2,627,0,0,0,627
09/22/2022,FLL,FL,ASO,ES,Towers with Radar,521,69,63,1,654,1,21,13,1,36,522,90,76,2,690,0,0,0,690
09/23/2022,FLL,FL,ASO,ES,Towers with Radar,535,57,68,5,665,0,16,29,0,45,535,73,97,5,710,0,0,0,710
09/24/2022,FLL,FL,ASO,ES,Towers with Radar,504,55,37,0,596,0,6,6,0,12,504,61,43,0,608,0,0,0,608
09/25/2022,FLL,FL,ASO,ES,Towers with Radar,526,49,56,0,631,0,11,19,0,30,526,60,75,0,661,0,0,0,661
09/26/2022,FLL,FL,ASO,ES,Towers with Radar,512,51,70,4,637,0,12,18,0,30,512,63,88,4,667,0,0,0,667
09/27/2022,FLL,FL,ASO,ES,Towers with Radar,459,46,34,0,539,0,0,1,0,1,459,46,35,0,540,0,0,0,540
09/28/2022,FLL,FL,ASO,ES,Towers with Radar,307,7,4,0,318,0,0,0,0,0,307,7,4,0,318,0,0,0,318
09/29/2022,FLL,FL,ASO,ES,Towers with Radar,485,29,22,0,536,0,2,8,2,12,485,31,30,2,548,0,0,0,548
09/30/2022,FLL,FL,ASO,ES,Towers with Radar,506,65,64,1,636,0,14,31,1,46,506,79,95,2,682,0,0,0,682
10/01/2022,FLL,FL,ASO,ES,Towers with Radar,472,57,42,0,571,0,15,15,5,35,472,72,57,5,606,0,0,0,606
10/02/2022,FLL,FL,ASO,ES,Towers with Radar,529,58,41,0,628,0,8,15,0,23,529,66,56,0,651,0,0,0,651
10/03/2022,FLL,FL,ASO,ES,Towers with Radar,532,63,45,1,641,0,12,32,1,45,532,75,77,2,686,0,0,0,686
10/04/2022,FLL,FL,ASO,ES,Towers with Radar,490,55,49,2,596,0,17,29,2,48,490,72,78,4,644,0,0,0,644
10/05/2022,FLL,FL,ASO,ES,Towers with Radar,494,59,64,0,617,1,6,26,1,34,495,65,90,1,651,0,0,0,651
10/06/2022,FLL,FL,ASO,ES,Towers with Radar,565,79,63,2,709,1,10,49,0,60,566,89,112,2,769,0,0,0,769
10/07/2022,FLL,FL,ASO,ES,Towers with Radar,559,73,77,0,709,0,14,22,0,36,559,87,99,0,745,0,0,0,745
10/08/2022,FLL,FL,ASO,ES,Towers with Radar,535,68,43,0,646,0,6,19,0,25,535,74,62,0,671,0,0,0,671
10/09/2022,FLL,FL,ASO,ES,Towers with Radar,578,78,46,0,702,0,11,8,0,19,578,89,54,0,721,0,0,0,721
10/10/2022,FLL,FL,ASO,ES,Towers with Radar,557,63,51,0,671,0,14,28,2,44,557,77,79,2,715,0,0,0,715
10/11/2022,FLL,FL,ASO,ES,Towers with Radar,506,64,54,0,624,0,12,36,2,50,506,76,90,2,674,0,0,0,674
10/12/2022,FLL,FL,ASO,ES,Towers with Radar,515,61,69,0,645,0,1,26,0,27,515,62,95,0,672,0,0,0,672
10/13/2022,FLL,FL,ASO,ES,Towers with Radar,576,80,59,2,717,0,12,17,0,29,576,92,76,2,746,0,0,0,746
10/14/2022,FLL,FL,ASO,ES,Towers with Radar,576,79,68,1,724,1,19,15,0,35,577,98,83,1,759,0,0,0,759
10/15/2022,FLL,FL,ASO,ES,Towers with Radar,538,64,48,1,651,0,6,14,0,20,538,70,62,1,671,0,0,0,671
10/16/2022,FLL,FL,ASO,ES,Towers with Radar,561,81,74,0,716,0,13,22,0,35,561,94,96,0,751,0,0,0,751
10/17/2022,FLL,FL,ASO,ES,Towers with Radar,545,68,68,2,683,0,15,26,0,41,545,83,94,2,724,0,0,0,724
10/18/2022,FLL,FL,ASO,ES,Towers with Radar,525,55,57,2,639,0,10,22,2,34,525,65,79,4,673,0,0,0,673
10/19/2022,FLL,FL,ASO,ES,Towers with Radar,524,53,62,2,641,0,9,10,0,19,524,62,72,2,660,0,0,0,660
10/20/2022,FLL,FL,ASO,ES,Towers with Radar,574,73,80,2,729,0,14,26,0,40,574,87,106,2,769,0,0,0,769
10/21/2022,FLL,FL,ASO,ES,Towers with Radar,568,80,73,4,725,0,10,24,0,34,568,90,97,4,759,0,0,0,759
10/22/2022,FLL,FL,ASO,ES,Towers with Radar,539,64,40,0,643,0,10,18,0,28,539,74,58,0,671,0,0,0,671
10/23/2022,FLL,FL,ASO,ES,Towers with Radar,574,81,71,1,727,0,13,31,0,44,574,94,102,1,771,0,0,0,771
10/24/2022,FLL,FL,ASO,ES,Towers with Radar,546,75,69,1,691,1,21,29,0,51,547,96,98,1,742,0,0,0,742
10/25/2022,FLL,FL,ASO,ES,Towers with Radar,503,88,81,0,672,1,22,17,0,40,504,110,98,0,712,0,0,0,712
10/26/2022,FLL,FL,ASO,ES,Towers with Radar,520,83,128,2,733,1,13,39,4,57,521,96,167,6,790,0,0,0,790
10/27/2022,FLL,FL,ASO,ES,Towers with Radar,571,122,133,2,828,1,32,34,3,70,572,154,167,5,898,0,0,0,898
10/28/2022,FLL,FL,ASO,ES,Towers with Radar,557,119,123,4,803,2,36,23,2,63,559,155,146,6,866,0,0,0,866
10/29/2022,FLL,FL,ASO,ES,Towers with Radar,531,72,90,8,701,0,12,28,4,44,531,84,118,12,745,0,0,0,745
10/30/2022,FLL,FL,ASO,ES,Towers with Radar,601,96,129,0,826,0,27,24,1,52,601,123,153,1,878,0,0,0,878
10/31/2022,FLL,FL,ASO,ES,Towers with Radar,556,78,64,6,704,1,22,19,2,44,557,100,83,8,748,0,0,0,748
11/01/2022,FLL,FL,ASO,ES,Towers with Radar,539,60,42,3,644,2,17,10,3,32,541,77,52,6,676,0,0,0,676
11/02/2022,FLL,FL,ASO,ES,Towers with Radar,570,71,62,8,711,1,13,25,2,41,571,84,87,10,752,0,0,0,752
11/03/2022,FLL,FL,ASO,ES,Towers with Radar,603,102,68,4,777,0,30,30,1,61,603,132,98,5,838,0,0,0,838
11/04/2022,FLL,FL,ASO,ES,Towers with Radar,584,81,80,0,745,1,23,13,2,39,585,104,93,2,784,0,0,0,784
11/05/2022,FLL,FL,ASO,ES,Towers with Radar,573,69,50,0,692,0,13,20,0,33,573,82,70,0,725,0,0,0,725
11/06/2022,FLL,FL,ASO,ES,Towers with Radar,608,84,69,3,764,0,11,14,0,25,608,95,83,3,789,0,0,0,789
11/07/2022,FLL,FL,ASO,ES,Towers with Radar,611,65,62,2,740,0,23,22,0,45,611,88,84,2,785,0,0,0,785
11/08/2022,FLL,FL,ASO,ES,Towers with Radar,572,73,76,2,723,0,17,17,4,38,572,90,93,6,761,0,0,0,761
11/09/2022,FLL,FL,ASO,ES,Towers with Radar,517,40,21,0,578,0,0,0,0,0,517,40,21,0,578,0,0,0,578
11/10/2022,FLL,FL,ASO,ES,Towers with Radar,611,41,32,2,686,1,8,14,1,24,612,49,46,3,710,0,0,0,710
11/11/2022,FLL,FL,ASO,ES,Towers with Radar,637,83,92,0,812,0,28,30,0,58,637,111,122,0,870,0,0,0,870
11/12/2022,FLL,FL,ASO,ES,Towers with Radar,613,61,60,0,734,0,16,7,0,23,613,77,67,0,757,0,0,0,757
11/13/2022,FLL,FL,ASO,ES,Towers with Radar,631,100,99,0,830,0,19,23,2,44,631,119,122,2,874,0,0,0,874
11/14/2022,FLL,FL,ASO,ES,Towers with Radar,611,65,71,4,751,0,15,25,2,42,611,80,96,6,793,0,0,0,793
11/15/2022,FLL,FL,ASO,ES,Towers with Radar,582,85,91,1,759,0,26,11,0,37,582,111,102,1,796,0,0,0,796
11/16/2022,FLL,FL,ASO,ES,Towers with Radar,600,71,75,2,748,0,9,21,3,33,600,80,96,5,781,0,0,0,781
11/17/2022,FLL,FL,ASO,ES,Towers with Radar,640,91,76,2,809,1,18,21,1,41,641,109,97,3,850,0,0,0,850
11/18/2022,FLL,FL,ASO,ES,Towers with Radar,657,87,88,2,834,0,16,31,5,52,657,103,119,7,886,0,0,0,886
11/19/2022,FLL,FL,ASO,ES,Towers with Radar,659,86,92,0,837,0,20,26,0,46,659,106,118,0,883,0,0,0,883
11/20/2022,FLL,FL,ASO,ES,Towers with Radar,664,93,69,1,827,0,8,3,0,11,664,101,72,1,838,0,0,0,838
11/21/2022,FLL,FL,ASO,ES,Towers with Radar,665,77,75,3,820,0,13,15,1,29,665,90,90,4,849,0,0,0,849
11/22/2022,FLL,FL,ASO,ES,Towers with Radar,666,79,84,4,833,0,23,16,0,39,666,102,100,4,872,0,0,0,872
11/23/2022,FLL,FL,ASO,ES,Towers with Radar,671,98,88,0,857,0,18,18,0,36,671,116,106,0,893,0,0,0,893
11/24/2022,FLL,FL,ASO,ES,Towers with Radar,498,47,36,0,581,0,16,4,0,20,498,63,40,0,601,0,0,0,601
11/25/2022,FLL,FL,ASO,ES,Towers with Radar,595,78,63,0,736,0,14,21,2,37,595,92,84,2,773,0,0,0,773
11/26/2022,FLL,FL,ASO,ES,Towers with Radar,702,81,76,0,859,0,13,16,0,29,702,94,92,0,888,0,0,0,888
11/27/2022,FLL,FL,ASO,ES,Towers with Radar,682,131,132,0,945,0,38,16,0,54,682,169,148,0,999,0,0,0,999
11/28/2022,FLL,FL,ASO,ES,Towers with Radar,679,78,68,2,827,0,19,17,0,36,679,97,85,2,863,0,0,0,863
11/29/2022,FLL,FL,ASO,ES,Towers with Radar,616,78,68,2,764,0,14,21,4,39,616,92,89,6,803,0,0,0,803
11/30/2022,FLL,FL,ASO,ES,Towers with Radar,595,79,57,1,732,0,14,16,2,32,595,93,73,3,764,0,0,0,764
12/01/2022,FLL,FL,ASO,ES,Towers with Radar,653,93,73,1,820,0,15,16,1,32,653,108,89,2,852,0,0,0,852
12/02/2022,FLL,FL,ASO,ES,Towers with Radar,647,74,86,0,807,0,14,32,1,47,647,88,118,1,854,0,0,0,854
12/03/2022,FLL,FL,ASO,ES,Towers with Radar,629,75,54,0,758,0,12,12,0,24,629,87,66,0,782,0,0,0,782
12/04/2022,FLL,FL,ASO,ES,Towers with Radar,643,95,94,1,833,2,18,15,0,35,645,113,109,1,868,0,0,0,868
12/05/2022,FLL,FL,ASO,ES,Towers with Radar,622,78,90,2,792,0,21,14,2,37,622,99,104,4,829,0,0,0,829
12/06/2022,FLL,FL,ASO,ES,Towers with Radar,605,66,56,0,727,0,20,24,0,44,605,86,80,0,771,0,0,0,771
12/07/2022,FLL,FL,ASO,ES,Towers with Radar,602,67,80,4,753,0,11,22,4,37,602,78,102,8,790,0,0,0,790
12/08/2022,FLL,FL,ASO,ES,Towers with Radar,654,79,82,1,816,0,20,36,0,56,654,99,118,1,872,0,0,0,872
12/09/2022,FLL,FL,ASO,ES,Towers with Radar,634,110,72,4,820,1,13,32,0,46,635,123,104,4,866,0,0,0,866
12/10/2022,FLL,FL,ASO,ES,Towers with Radar,652,73,49,0,774,1,6,15,0,22,653,79,64,0,796,0,0,0,796
12/11/2022,FLL,FL,ASO,ES,Towers with Radar,648,84,69,0,801,1,18,12,0,31,649,102,81,0,832,0,0,0,832
12/12/2022,FLL,FL,ASO,ES,Towers with Radar,643,74,65,2,784,1,17,21,4,43,644,91,86,6,827,0,0,0,827
12/13/2022,FLL,FL,ASO,ES,Towers with Radar,601,70,75,3,749,1,16,23,6,46,602,86,98,9,795,0,0,0,795
12/14/2022,FLL,FL,ASO,ES,Towers with Radar,611,87,72,0,770,0,9,26,2,37,611,96,98,2,807,0,0,0,807
12/15/2022,FLL,FL,ASO,ES,Towers with Radar,685,85,73,2,845,0,13,37,0,50,685,98,110,2,895,0,0,0,895
12/16/2022,FLL,FL,ASO,ES,Towers with Radar,707,112,96,1,916,1,7,10,1,19,708,119,106,2,935,0,0,0,935
12/17/2022,FLL,FL,ASO,ES,Towers with Radar,745,100,75,0,920,1,6,8,2,17,746,106,83,2,937,0,0,0,937
12/18/2022,FLL,FL,ASO,ES,Towers with Radar,705,109,65,0,879,0,8,33,0,41,705,117,98,0,920,0,0,0,920
12/19/2022,FLL,FL,ASO,ES,Towers with Radar,706,76,53,2,837,0,7,47,2,56,706,83,100,4,893,0,0,0,893
12/20/2022,FLL,FL,ASO,ES,Towers with Radar,699,89,67,1,856,1,5,24,2,32,700,94,91,3,888,0,0,0,888
12/21/2022,FLL,FL,ASO,ES,Towers with Radar,704,86,62,1,853,1,8,9,0,18,705,94,71,1,871,0,0,0,871
12/22/2022,FLL,FL,ASO,ES,Towers with Radar,717,115,72,2,906,0,23,18,0,41,717,138,90,2,947,0,0,0,947
12/23/2022,FLL,FL,ASO,ES,Towers with Radar,648,99,66,0,813,0,19,18,0,37,648,118,84,0,850,0,0,0,850
12/24/2022,FLL,FL,ASO,ES,Towers with Radar,594,83,38,0,715,1,5,15,0,21,595,88,53,0,736,0,0,0,736
12/25/2022,FLL,FL,ASO,ES,Towers with Radar,551,67,33,0,651,0,4,15,0,19,551,71,48,0,670,0,0,0,670
12/26/2022,FLL,FL,ASO,ES,Towers with Radar,619,141,120,2,882,0,15,31,0,46,619,156,151,2,928,0,0,0,928
12/27/2022,FLL,FL,ASO,ES,Towers with Radar,637,123,170,0,930,0,15,17,2,34,637,138,187,2,964,0,0,0,964
12/28/2022,FLL,FL,ASO,ES,Towers with Radar,652,123,129,0,904,0,21,36,0,57,652,144,165,0,961,0,0,0,961
12/29/2022,FLL,FL,ASO,ES,Towers with Radar,691,102,86,2,881,0,36,25,0,61,691,138,111,2,942,0,0,0,942
12/30/2022,FLL,FL,ASO,ES,Towers with Radar,741,89,88,0,918,1,22,24,2,49,742,111,112,2,967,0,0,0,967
12/31/2022,FLL,FL,ASO,ES,Towers with Radar,721,84,61,0,866,0,14,15,0,29,721,98,76,0,895,0,0,0,895
01/01/2023,FLL,FL,ASO,ES,Towers with Radar,661,96,93,0,850,0,23,30,0,53,661,119,123,0,903,0,0,0,903
01/02/2023,FLL,FL,ASO,ES,Towers with Radar,647,128,159,0,934,3,28,52,0,83,650,156,211,0,1017,0,0,0,1017
01/03/2023,FLL,FL,ASO,ES,Towers with Radar,680,99,125,2,906,0,33,38,0,71,680,132,163,2,977,0,0,0,977
01/04/2023,FLL,FL,ASO,ES,Towers with Radar,606,109,73,0,788,0,13,13,0,26,606,122,86,0,814,0,0,0,814
01/05/2023,FLL,FL,ASO,ES,Towers with Radar,686,101,70,0,857,1,16,30,0,47,687,117,100,0,904,0,0,0,904
01/06/2023,FLL,FL,ASO,ES,Towers with Radar,713,80,78,3,874,1,18,31,0,50,714,98,109,3,924,0,0,0,924
01/07/2023,FLL,FL,ASO,ES,Towers with Radar,675,81,74,1,831,1,8,28,0,37,676,89,102,1,868,0,0,0,868
01/08/2023,FLL,FL,ASO,ES,Towers with Radar,714,110,76,1,901,2,9,30,3,44,716,119,106,4,945,0,0,0,945
01/09/2023,FLL,FL,ASO,ES,Towers with Radar,685,84,64,6,839,1,9,34,0,44,686,93,98,6,883,0,0,0,883
01/10/2023,FLL,FL,ASO,ES,Towers with Radar,609,57,64,2,732,3,13,41,2,59,612,70,105,4,791,0,0,0,791
01/11/2023,FLL,FL,ASO,ES,Towers with Radar,597,60,72,1,730,3,16,41,0,60,600,76,113,1,790,0,0,0,790
01/12/2023,FLL,FL,ASO,ES,Towers with Radar,666,80,93,2,841,4,20,30,2,56,670,100,123,4,897,0,0,0,897
01/13/2023,FLL,FL,ASO,ES,Towers with Radar,703,79,98,0,880,3,9,19,0,31,706,88,117,0,911,0,0,0,911
01/14/2023,FLL,FL,ASO,ES,Towers with Radar,674,63,52,0,789,3,3,19,0,25,677,66,71,0,814,0,0,0,814
01/15/2023,FLL,FL,ASO,ES,Towers with Radar,679,68,73,3,823,0,13,19,3,35,679,81,92,6,858,0,0,0,858
01/16/2023,FLL,FL,ASO,ES,Towers with Radar,674,78,83,2,837,0,11,20,1,32,674,89,103,3,869,0,0,0,869
01/17/2023,FLL,FL,ASO,ES,Towers with Radar,612,83,51,5,751,0,11,28,1,40,612,94,79,6,791,0,0,0,791
01/18/2023,FLL,FL,ASO,ES,Towers with Radar,610,85,73,2,770,3,5,21,0,29,613,90,94,2,799,0,0,0,799
01/19/2023,FLL,FL,ASO,ES,Towers with Radar,659,78,80,1,818,3,16,30,1,50,662,94,110,2,868,0,0,0,868
01/20/2023,FLL,FL,ASO,ES,Towers with Radar,691,93,92,6,882,4,11,33,2,50,695,104,125,8,932,0,0,0,932
01/21/2023,FLL,FL,ASO,ES,Towers with Radar,648,57,58,0,763,3,0,9,0,12,651,57,67,0,775,0,0,0,775
01/22/2023,FLL,FL,ASO,ES,Towers with Radar,679,83,76,3,841,0,18,20,0,38,679,101,96,3,879,0,0,0,879
01/23/2023,FLL,FL,ASO,ES,Towers with Radar,666,70,45,2,783,0,4,37,0,41,666,74,82,2,824,0,0,0,824
01/24/2023,FLL,FL,ASO,ES,Towers with Radar,605,62,65,2,734,0,11,43,0,54,605,73,108,2,788,0,0,0,788
01/25/2023,FLL,FL,ASO,ES,Towers with Radar,597,95,76,2,770,0,11,58,19,88,597,106,134,21,858,0,0,0,858
01/26/2023,FLL,FL,ASO,ES,Towers with Radar,662,92,89,2,845,0,10,73,0,83,662,102,162,2,928,0,0,0,928
01/27/2023,FLL,FL,ASO,ES,Towers with Radar,701,96,90,4,891,0,7,37,2,46,701,103,127,6,937,0,0,0,937
01/28/2023,FLL,FL,ASO,ES,Towers with Radar,653,78,76,1,808,0,3,23,2,28,653,81,99,3,836,0,0,0,836
01/29/2023,FLL,FL,ASO,ES,Towers with Radar,682,104,108,0,894,0,15,24,0,39,682,119,132,0,933,0,0,0,933
01/30/2023,FLL,FL,ASO,ES,Towers with Radar,662,87,83,2,834,0,10,23,0,33,662,97,106,2,867,0,0,0,867
01/31/2023,FLL,FL,ASO,ES,Towers with Radar,583,69,54,0,706,0,18,15,2,35,583,87,69,2,741,0,0,0,741
02/01/2023,FLL,FL,ASO,ES,Towers with Radar,584,67,88,3,742,4,7,34,2,47,588,74,122,5,789,0,0,0,789
02/02/2023,FLL,FL,ASO,ES,Towers with Radar,652,85,83,4,824,4,17,29,1,51,656,102,112,5,875,0,0,0,875
02/03/2023,FLL,FL,ASO,ES,Towers with Radar,672,84,76,6,838,4,15,18,0,37,676,99,94,6,875,0,0,0,875
02/04/2023,FLL,FL,ASO,ES,Towers with Radar,664,78,77,0,819,3,0,8,0,11,667,78,85,0,830,0,0,0,830
02/05/2023,FLL,FL,ASO,ES,Towers with Radar,704,73,68,1,846,5,6,13,0,24,709,79,81,1,870,0,0,0,870
02/06/2023,FLL,FL,ASO,ES,Towers with Radar,698,81,62,2,843,1,12,37,14,64,699,93,99,16,907,0,0,0,907
02/07/2023,FLL,FL,ASO,ES,Towers with Radar,623,84,73,1,781,0,10,30,0,40,623,94,103,1,821,0,0,0,821
02/08/2023,FLL,FL,ASO,ES,Towers with Radar,617,90,65,2,774,0,12,24,0,36,617,102,89,2,810,0,0,0,810
02/09/2023,FLL,FL,ASO,ES,Towers with Radar,680,98,83,0,861,0,15,50,9,74,680,113,133,9,935,0,0,0,935
02/10/2023,FLL,FL,ASO,ES,Towers with Radar,685,86,76,0,847,0,19,26,0,45,685,105,102,0,892,0,0,0,892
02/11/2023,FLL,FL,ASO,ES,Towers with Radar,694,67,47,2,810,0,10,13,2,25,694,77,60,4,835,0,0,0,835
02/12/2023,FLL,FL,ASO,ES,Towers with Radar,708,70,65,0,843,0,16,15,2,33,708,86,80,2,876,0,0,0,876
02/13/2023,FLL,FL,ASO,ES,Towers with Radar,685,72,76,0,833,3,20,36,0,59,688,92,112,0,892,0,0,0,892
02/14/2023,FLL,FL,ASO,ES,Towers with Radar,633,67,74,0,774,2,13,20,0,35,635,80,94,0,809,0,0,0,809
02/15/2023,FLL,FL,ASO,ES,Towers with Radar,644,81,94,2,821,3,15,12,1,31,647,96,106,3,852,0,0,0,852
02/16/2023,FLL,FL,ASO,ES,Towers with Radar,695,94,111,2,902,1,21,47,1,70,696,115,158,3,972,0,0,0,972
02/17/2023,FLL,FL,ASO,ES,Towers with Radar,712,104,106,2,924,3,21,28,3,55,715,125,134,5,979,0,0,0,979
02/18/2023,FLL,FL,ASO,ES,Towers with Radar,724,95,82,3,904,4,6,10,4,24,728,101,92,7,928,0,0,0,928
02/19/2023,FLL,FL,ASO,ES,Towers with Radar,718,81,95,0,894,4,26,24,1,55,722,107,119,1,949,0,0,0,949
02/20/2023,FLL,FL,ASO,ES,Towers with Radar,703,103,102,0,908,3,25,26,1,55,706,128,128,1,963,0,0,0,963
02/21/2023,FLL,FL,ASO,ES,Towers with Radar,682,82,79,1,844,3,15,27,1,46,685,97,106,2,890,0,0,0,890
02/22/2023,FLL,FL,ASO,ES,Towers with Radar,657,87,78,1,823,3,11,39,4,57,660,98,117,5,880,0,0,0,880
02/23/2023,FLL,FL,ASO,ES,Towers with Radar,681,85,106,2,874,4,22,29,3,58,685,107,135,5,932,0,0,0,932
02/24/2023,FLL,FL,ASO,ES,Towers with Radar,704,81,99,1,885,4,14,33,8,59,708,95,132,9,944,0,0,0,944
02/25/2023,FLL,FL,ASO,ES,Towers with Radar,708,78,76,2,864,4,10,19,0,33,712,88,95,2,897,0,0,0,897
02/26/2023,FLL,FL,ASO,ES,Towers with Radar,712,106,116,3,937,3,29,17,0,49,715,135,133,3,986,0,0,0,986
02/27/2023,FLL,FL,ASO,ES,Towers with Radar,707,82,83,2,874,6,23,28,2,59,713,105,111,4,933,0,0,0,933
02/28/2023,FLL,FL,ASO,ES,Towers with Radar,656,97,94,0,847,3,13,23,0,39,659,110,117,0,886,0,0,0,886
03/01/2023,FLL,FL,ASO,ES,Towers with Radar,676,89,96,3,864,4,13,23,11,51,680,102,119,14,915,0,0,0,915
03/02/2023,FLL,FL,ASO,ES,Towers with Radar,697,81,91,0,869,3,20,22,5,50,700,101,113,5,919,0,0,0,919
03/03/2023,FLL,FL,ASO,ES,Towers with Radar,717,79,74,4,874,2,15,26,3,46,719,94,100,7,920,0,0,0,920
03/04/2023,FLL,FL,ASO,ES,Towers with Radar,706,92,69,0,867,5,9,24,0,38,711,101,93,0,905,0,0,0,905
03/05/2023,FLL,FL,ASO,ES,Towers with Radar,739,100,104,0,943,2,18,25,0,45,741,118,129,0,988,0,0,0,988
03/06/2023,FLL,FL,ASO,ES,Towers with Radar,712,73,63,1,849,4,14,34,3,55,716,87,97,4,904,0,0,0,904
03/07/2023,FLL,FL,ASO,ES,Towers with Radar,668,79,66,3,816,4,19,21,0,44,672,98,87,3,860,0,0,0,860
03/08/2023,FLL,FL,ASO,ES,Towers with Radar,682,87,87,2,858,3,12,25,1,41,685,99,112,3,899,0,0,0,899
03/09/2023,FLL,FL,ASO,ES,Towers with Radar,732,92,69,2,895,4,10,38,0,52,736,102,107,2,947,0,0,0,947
03/10/2023,FLL,FL,ASO,ES,Towers with Radar,735,85,88,1,909,2,26,20,1,49,737,111,108,2,958,0,0,0,958
03/11/2023,FLL,FL,ASO,ES,Towers with Radar,775,108,106,0,989,3,14,34,0,51,778,122,140,0,1040,0,0,0,1040
03/12/2023,FLL,FL,ASO,ES,Towers with Radar,712,107,77,2,898,3,18,32,0,53,715,125,109,2,951,0,0,0,951
03/13/2023,FLL,FL,ASO,ES,Towers with Radar,755,78,103,0,936,2,17,32,0,51,757,95,135,0,987,0,0,0,987
03/14/2023,FLL,FL,ASO,ES,Towers with Radar,679,78,67,1,825,4,10,26,3,43,683,88,93,4,868,0,0,0,868
03/15/2023,FLL,FL,ASO,ES,Towers with Radar,721,88,98,1,908,5,6,33,0,44,726,94,131,1,952,0,0,0,952
03/16/2023,FLL,FL,ASO,ES,Towers with Radar,736,89,96,0,921,4,19,33,2,58,740,108,129,2,979,0,0,0,979
03/17/2023,FLL,FL,ASO,ES,Towers with Radar,742,104,100,4,950,3,16,48,7,74,745,120,148,11,1024,0,0,0,1024
03/18/2023,FLL,FL,ASO,ES,Towers with Radar,784,106,109,0,999,4,15,31,0,50,788,121,140,0,1049,0,0,0,1049
03/19/2023,FLL,FL,ASO,ES,Towers with Radar,782,119,107,0,1008,3,9,35,2,49,785,128,142,2,1057,0,0,0,1057
03/20/2023,FLL,FL,ASO,ES,Towers with Radar,738,88,86,0,912,4,15,18,1,38,742,103,104,1,950,0,0,0,950
03/21/2023,FLL,FL,ASO,ES,Towers with Radar,708,60,67,0,835,4,20,25,4,53,712,80,92,4,888,0,0,0,888
03/22/2023,FLL,FL,ASO,ES,Towers with Radar,711,73,58,1,843,4,15,28,3,50,715,88,86,4,893,0,0,0,893
03/23/2023,FLL,FL,ASO,ES,Towers with Radar,745,93,66,0,904,2,19,24,0,45,747,112,90,0,949,0,0,0,949
03/24/2023,FLL,FL,ASO,ES,Towers with Radar,732,100,74,3,909,4,22,31,0,57,736,122,105,3,966,0,0,0,966
03/25/2023,FLL,FL,ASO,ES,Towers with Radar,768,83,86,0,937,3,15,24,0,42,771,98,110,0,979,0,0,0,979
03/26/2023,FLL,FL,ASO,ES,Towers with Radar,733,90,96,0,919,4,16,26,1,47,737,106,122,1,966,0,0,0,966
03/27/2023,FLL,FL,ASO,ES,Towers with Radar,738,60,67,0,865,3,19,25,5,52,741,79,92,5,917,0,0,0,917
03/28/2023,FLL,FL,ASO,ES,Towers with Radar,684,73,60,2,819,2,18,19,3,42,686,91,79,5,861,0,0,0,861
03/29/2023,FLL,FL,ASO,ES,Towers with Radar,711,86,77,2,876,4,11,30,5,50,715,97,107,7,926,0,0,0,926
03/30/2023,FLL,FL,ASO,ES,Towers with Radar,725,92,97,1,915,3,30,35,4,72,728,122,132,5,987,0,0,0,987
03/31/2023,FLL,FL,ASO,ES,Towers with Radar,714,115,92,2,923,2,24,42,1,69,716,139,134,3,992,0,0,0,992
04/01/2023,FLL,FL,ASO,ES,Towers with Radar,754,91,113,0,958,4,3,32,0,39,758,94,145,0,997,0,0,0,997
04/02/2023,FLL,FL,ASO,ES,Towers with Radar,759,99,134,2,994,3,20,40,1,64,762,119,174,3,1058,0,0,0,1058
04/03/2023,FLL,FL,ASO,ES,Towers with Radar,725,83,72,1,881,4,14,35,0,53,729,97,107,1,934,0,0,0,934
04/04/2023,FLL,FL,ASO,ES,Towers with Radar,682,86,75,0,843,4,14,20,2,40,686,100,95,2,883,0,0,0,883
04/05/2023,FLL,FL,ASO,ES,Towers with Radar,706,95,69,0,870,3,11,33,0,47,709,106,102,0,917,0,0,0,917
04/06/2023,FLL,FL,ASO,ES,Towers with Radar,732,86,84,0,902,4,23,32,5,64,736,109,116,5,966,0,0,0,966
04/07/2023,FLL,FL,ASO,ES,Towers with Radar,742,83,91,1,917,2,22,48,3,75,744,105,139,4,992,0,0,0,992
04/08/2023,FLL,FL,ASO,ES,Towers with Radar,776,79,57,0,912,3,7,25,6,41,779,86,82,6,953,0,0,0,953
04/09/2023,FLL,FL,ASO,ES,Towers with Radar,765,70,65,1,901,3,18,27,0,48,768,88,92,1,949,0,0,0,949
04/10/2023,FLL,FL,ASO,ES,Towers with Radar,737,87,115,1,940,4,7,13,0,24,741,94,128,1,964,0,0,0,964
04/11/2023,FLL,FL,ASO,ES,Towers with Radar,685,76,61,0,822,4,13,12,2,31,689,89,73,2,853,0,0,0,853
04/12/2023,FLL,FL,ASO,ES,Towers with Radar,369,46,30,0,445,2,2,4,0,8,371,48,34,0,453,0,0,0,453
04/13/2023,FLL,FL,ASO,ES,Towers with Radar,0,0,0,0,0,0,0,5,0,5,0,0,5,0,5,0,0,0,5
04/14/2023,FLL,FL,ASO,ES,Towers with Radar,400,42,32,0,474,3,3,15,7,28,403,45,47,7,502,0,0,0,502
04/15/2023,FLL,FL,ASO,ES,Towers with Radar,687,63,43,2,795,4,4,10,6,24,691,67,53,8,819,0,0,0,819
04/16/2023,FLL,FL,ASO,ES,Towers with Radar,671,78,52,0,801,4,11,25,2,42,675,89,77,2,843,0,0,0,843
04/17/2023,FLL,FL,ASO,ES,Towers with Radar,632,52,66,2,752,2,3,20,0,25,634,55,86,2,777,0,0,0,777
04/18/2023,FLL,FL,ASO,ES,Towers with Radar,698,55,71,2,826,2,14,31,1,48,700,69,102,3,874,0,0,0,874
04/19/2023,FLL,FL,ASO,ES,Towers with Radar,670,70,68,2,810,4,10,45,1,60,674,80,113,3,870,0,0,0,870
04/20/2023,FLL,FL,ASO,ES,Towers with Radar,680,83,90,2,855,4,16,44,2,66,684,99,134,4,921,0,0,0,921
04/21/2023,FLL,FL,ASO,ES,Towers with Radar,704,80,62,3,849,6,9,24,9,48,710,89,86,12,897,0,0,0,897
04/22/2023,FLL,FL,ASO,ES,Towers with Radar,692,72,46,0,810,3,15,21,3,42,695,87,67,3,852,0,0,0,852
04/23/2023,FLL,FL,ASO,ES,Towers with Radar,702,83,66,0,851,3,20,21,3,47,705,103,87,3,898,0,0,0,898
04/24/2023,FLL,FL,ASO,ES,Towers with Radar,707,55,56,2,820,4,10,26,0,40,711,65,82,2,860,0,0,0,860
04/25/2023,FLL,FL,ASO,ES,Towers with Radar,657,60,48,1,766,4,7,29,0,40,661,67,77,1,806,0,0,0,806
04/26/2023,FLL,FL,ASO,ES,Towers with Radar,652,75,62,1,790,3,17,19,2,41,655,92,81,3,831,0,0,0,831
04/27/2023,FLL,FL,ASO,ES,Towers with Radar,667,80,89,7,843,3,25,56,14,98,670,105,145,21,941,0,0,0,941
04/28/2023,FLL,FL,ASO,ES,Towers with Radar,737,97,85,5,924,3,8,46,20,77,740,105,131,25,1001,0,0,0,1001
04/29/2023,FLL,FL,ASO,ES,Towers with Radar,705,51,65,1,822,4,7,41,17,69,709,58,106,18,891,0,0,0,891
04/30/2023,FLL,FL,ASO,ES,Towers with Radar,609,78,81,3,771,2,11,34,10,57,611,89,115,13,828,0,0,0,828
05/01/2023,FLL,FL,ASO,ES,Towers with Radar,680,84,92,3,859,3,11,49,3,66,683,95,141,6,925,0,0,0,925
05/02/2023,FLL,FL,ASO,ES,Towers with Radar,654,58,89,2,803,2,11,33,2,48,656,69,122,4,851,0,0,0,851
05/03/2023,FLL,FL,ASO,ES,Towers with Radar,656,57,69,0,782,4,9,23,6,42,660,66,92,6,824,0,0,0,824
05/04/2023,FLL,FL,ASO,ES,Towers with Radar,685,98,80,2,865,4,4,28,3,39,689,102,108,5,904,0,0,0,904
05/05/2023,FLL,FL,ASO,ES,Towers with Radar,658,104,97,6,865,2,8,26,7,43,660,112,123,13,908,0,0,0,908
05/06/2023,FLL,FL,ASO,ES,Towers with Radar,646,65,76,0,787,4,0,23,9,36,650,65,99,9,823,0,0,0,823
05/07/2023,FLL,FL,ASO,ES,Towers with Radar,644,120,86,1,851,3,13,23,14,53,647,133,109,15,904,0,0,0,904
05/08/2023,FLL,FL,ASO,ES,Towers with Radar,629,72,71,2,774,3,14,29,2,48,632,86,100,4,822,0,0,0,822
05/09/2023,FLL,FL,ASO,ES,Towers with Radar,604,72,48,2,726,3,2,32,1,38,607,74,80,3,764,0,0,0,764
05/10/2023,FLL,FL,ASO,ES,Towers with Radar,598,78,56,5,737,2,17,30,4,53,600,95,86,9,790,0,0,0,790
05/11/2023,FLL,FL,ASO,ES,Towers with Radar,640,68,82,4,794,3,12,33,0,48,643,80,115,4,842,0,0,0,842
05/12/2023,FLL,FL,ASO,ES,Towers with Radar,649,79,85,1,814,3,11,26,6,46,652,90,111,7,860,0,0,0,860
05/13/2023,FLL,FL,ASO,ES,Towers with Radar,643,72,32,0,747,2,4,22,4,32,645,76,54,4,779,0,0,0,779
05/14/2023,FLL,FL,ASO,ES,Towers with Radar,628,61,54,0,743,4,7,26,1,38,632,68,80,1,781,0,0,0,781
05/15/2023,FLL,FL,ASO,ES,Towers with Radar,641,59,95,4,799,1,5,38,1,45,642,64,133,5,844,0,0,0,844
05/16/2023,FLL,FL,ASO,ES,Towers with Radar,595,60,53,0,708,1,9,29,4,43,596,69,82,4,751,0,0,0,751
05/17/2023,FLL,FL,ASO,ES,Towers with Radar,608,79,69,6,762,2,4,28,0,34,610,83,97,6,796,0,0,0,796
05/18/2023,FLL,FL,ASO,ES,Towers with Radar,655,60,66,0,781,2,10,34,0,46,657,70,100,0,827,0,0,0,827
05/19/2023,FLL,FL,ASO,ES,Towers with Radar,643,88,95,7,833,2,4,38,0,44,645,92,133,7,877,0,0,0,877
05/20/2023,FLL,FL,ASO,ES,Towers with Radar,648,71,49,1,769,1,0,30,3,34,649,71,79,4,803,0,0,0,803
05/21/2023,FLL,FL,ASO,ES,Towers with Radar,647,72,78,1,798,1,14,28,1,44,648,86,106,2,842,0,0,0,842
05/22/2023,FLL,FL,ASO,ES,Towers with Radar,615,71,66,4,756,1,9,29,1,40,616,80,95,5,796,0,0,0,796
05/23/2023,FLL,FL,ASO,ES,Towers with Radar,595,61,73,1,730,0,4,14,1,19,595,65,87,2,749,0,0,0,749
05/24/2023,FLL,FL,ASO,ES,Towers with Radar,610,62,65,0,737,2,6,38,0,46,612,68,103,0,783,0,0,0,783
05/25/2023,FLL,FL,ASO,ES,Towers with Radar,619,92,92,4,807,0,16,31,3,50,619,108,123,7,857,0,0,0,857
05/26/2023,FLL,FL,ASO,ES,Towers with Radar,661,89,96,4,850,0,18,38,5,61,661,107,134,9,911,0,0,0,911
05/27/2023,FLL,FL,ASO,ES,Towers with Radar,655,65,41,0,761,0,15,28,12,55,655,80,69,12,816,0,0,0,816
05/28/2023,FLL,FL,ASO,ES,Towers with Radar,629,73,39,0,741,0,6,19,2,27,629,79,58,2,768,0,0,0,768
05/29/2023,FLL,FL,ASO,ES,Towers with Radar,623,62,93,0,778,1,15,54,0,70,624,77,147,0,848,0,0,0,848
05/30/2023,FLL,FL,ASO,ES,Towers with Radar,571,57,58,4,690,1,11,27,0,39,572,68,85,4,729,0,0,0,729
05/31/2023,FLL,FL,ASO,ES,Towers with Radar,636,63,68,0,767,0,8,16,1,25,636,71,84,1,792,0,0,0,792
06/01/2023,FLL,FL,ASO,ES,Towers with Radar,607,61,60,1,729,0,6,23,2,31,607,67,83,3,760,0,0,0,760
06/02/2023,FLL,FL,ASO,ES,Towers with Radar,641,69,59,2,771,0,9,14,0,23,641,78,73,2,794,0,0,0,794
06/03/2023,FLL,FL,ASO,ES,Towers with Radar,636,51,51,2,740,0,5,19,3,27,636,56,70,5,767,0,0,0,767
06/04/2023,FLL,FL,ASO,ES,Towers with Radar,625,56,74,4,759,0,11,24,3,38,625,67,98,7,797,0,0,0,797
06/05/2023,FLL,FL,ASO,ES,Towers with Radar,623,58,65,3,749,0,8,24,1,33,623,66,89,4,782,0,0,0,782
06/06/2023,FLL,FL,ASO,ES,Towers with Radar,579,76,41,4,700,0,3,22,0,25,579,79,63,4,725,0,0,0,725
06/07/2023,FLL,FL,ASO,ES,Towers with Radar,586,86,64,1,737,0,2,26,7,35,586,88,90,8,772,0,0,0,772
06/08/2023,FLL,FL,ASO,ES,Towers with Radar,633,78,85,5,801,3,0,35,6,44,636,78,120,11,845,0,0,0,845
06/09/2023,FLL,FL,ASO,ES,Towers with Radar,635,68,75,0,778,6,6,33,5,50,641,74,108,5,828,0,0,0,828
06/10/2023,FLL,FL,ASO,ES,Towers with Radar,638,69,49,2,758,3,1,28,0,32,641,70,77,2,790,0,0,0,790
06/11/2023,FLL,FL,ASO,ES,Towers with Radar,614,77,74,0,765,4,7,31,2,44,618,84,105,2,809,0,0,0,809
06/12/2023,FLL,FL,ASO,ES,Towers with Radar,610,60,56,3,729,4,9,18,0,31,614,69,74,3,760,0,0,0,760
06/13/2023,FLL,FL,ASO,ES,Towers with Radar,579,53,47,4,683,3,3,23,2,31,582,56,70,6,714,0,0,0,714
06/14/2023,FLL,FL,ASO,ES,Towers with Radar,578,57,49,0,684,4,6,23,3,36,582,63,72,3,720,0,0,0,720
06/15/2023,FLL,FL,ASO,ES,Towers with Radar,611,85,70,2,768,3,12,30,2,47,614,97,100,4,815,0,0,0,815
06/16/2023,FLL,FL,ASO,ES,Towers with Radar,609,73,57,3,742,3,4,27,6,40,612,77,84,9,782,0,0,0,782
06/17/2023,FLL,FL,ASO,ES,Towers with Radar,576,46,36,1,659,3,8,17,6,34,579,54,53,7,693,0,0,0,693
06/18/2023,FLL,FL,ASO,ES,Towers with Radar,625,63,54,0,742,4,12,28,3,47,629,75,82,3,789,0,0,0,789
06/19/2023,FLL,FL,ASO,ES,Towers with Radar,526,48,70,2,646,3,7,21,2,33,529,55,91,4,679,0,0,0,679
06/20/2023,FLL,FL,ASO,ES,Towers with Radar,560,42,50,2,654,4,7,34,4,49,564,49,84,6,703,0,0,0,703
06/21/2023,FLL,FL,ASO,ES,Towers with Radar,621,47,66,0,734,4,11,21,5,41,625,58,87,5,775,0,0,0,775
06/22/2023,FLL,FL,ASO,ES,Towers with Radar,601,78,38,2,719,4,2,34,4,44,605,80,72,6,763,0,0,0,763
06/23/2023,FLL,FL,ASO,ES,Towers with Radar,600,63,70,2,735,4,18,16,8,46,604,81,86,10,781,0,0,0,781
06/24/2023,FLL,FL,ASO,ES,Towers with Radar,627,54,50,0,731,3,11,21,7,42,630,65,71,7,773,0,0,0,773
06/25/2023,FLL,FL,ASO,ES,Towers with Radar,595,58,55,0,708,4,14,20,2,40,599,72,75,2,748,0,0,0,748
06/26/2023,FLL,FL,ASO,ES,Towers with Radar,576,53,55,0,684,2,13,25,3,43,578,66,80,3,727,0,0,0,727
06/27/2023,FLL,FL,ASO,ES,Towers with Radar,555,57,61,1,674,4,7,19,2,32,559,64,80,3,706,0,0,0,706
06/28/2023,FLL,FL,ASO,ES,Towers with Radar,563,61,50,1,675,4,11,16,6,37,567,72,66,7,712,0,0,0,712
06/29/2023,FLL,FL,ASO,ES,Towers with Radar,637,61,80,0,778,4,22,23,1,50,641,83,103,1,828,0,0,0,828
06/30/2023,FLL,FL,ASO,ES,Towers with Radar,615,67,91,0,773,4,19,23,4,50,619,86,114,4,823,0,0,0,823
07/01/2023,FLL,FL,ASO,ES,Towers with Radar,662,59,46,0,767,3,18,29,5,55,665,77,75,5,822,0,0,0,822
07/02/2023,FLL,FL,ASO,ES,Towers with Radar,625,69,42,0,736,4,18,14,4,40,629,87,56,4,776,0,0,0,776
07/03/2023,FLL,FL,ASO,ES,Towers with Radar,608,53,39,0,700,4,18,9,0,31,612,71,48,0,731,0,0,0,731
07/04/2023,FLL,FL,ASO,ES,Towers with Radar,532,45,30,0,607,4,16,16,3,39,536,61,46,3,646,0,0,0,646
07/05/2023,FLL,FL,ASO,ES,Towers with Radar,577,61,70,2,710,4,26,14,2,46,581,87,84,4,756,0,0,0,756
07/06/2023,FLL,FL,ASO,ES,Towers with Radar,643,66,67,0,776,4,19,27,4,54,647,85,94,4,830,0,0,0,830
07/07/2023,FLL,FL,ASO,ES,Towers with Radar,624,54,47,1,726,3,6,27,6,42,627,60,74,7,768,0,0,0,768
07/08/2023,FLL,FL,ASO,ES,Towers with Radar,609,70,32,0,711,4,8,19,1,32,613,78,51,1,743,0,0,0,743
07/09/2023,FLL,FL,ASO,ES,Towers with Radar,597,53,46,1,697,6,15,16,2,39,603,68,62,3,736,0,0,0,736
07/10/2023,FLL,FL,ASO,ES,Towers with Radar,605,73,64,1,743,2,4,25,3,34,607,77,89,4,777,0,0,0,777
07/11/2023,FLL,FL,ASO,ES,Towers with Radar,602,62,65,2,731,4,8,32,5,49,606,70,97,7,780,0,0,0,780
07/12/2023,FLL,FL,ASO,ES,Towers with Radar,599,60,75,2,736,4,10,21,2,37,603,70,96,4,773,0,0,0,773
07/13/2023,FLL,FL,ASO,ES,Towers with Radar,626,77,51,1,755,4,9,22,4,39,630,86,73,5,794,0,0,0,794
07/14/2023,FLL,FL,ASO,ES,Towers with Radar,607,70,55,3,735,4,9,26,6,45,611,79,81,9,780,0,0,0,780
07/15/2023,FLL,FL,ASO,ES,Towers with Radar,639,55,56,0,750,3,6,20,2,31,642,61,76,2,781,0,0,0,781
07/16/2023,FLL,FL,ASO,ES,Towers with Radar,559,66,57,0,682,3,7,23,2,35,562,73,80,2,717,0,0,0,717
07/17/2023,FLL,FL,ASO,ES,Towers with Radar,596,62,68,1,727,4,9,20,1,34,600,71,88,2,761,0,0,0,761
07/18/2023,FLL,FL,ASO,ES,Towers with Radar,594,54,39,1,688,1,10,17,3,31,595,64,56,4,719,0,0,0,719
07/19/2023,FLL,FL,ASO,ES,Towers with Radar,599,66,60,2,727,1,8,17,0,26,600,74,77,2,753,0,0,0,753
07/20/2023,FLL,FL,ASO,ES,Towers with Radar,622,66,53,0,741,3,7,25,3,38,625,73,78,3,779,0,0,0,779
07/21/2023,FLL,FL,ASO,ES,Towers with Radar,622,65,45,2,734,3,10,21,3,37,625,75,66,5,771,0,0,0,771
07/22/2023,FLL,FL,ASO,ES,Towers with Radar,638,55,37,0,730,2,4,16,2,24,640,59,53,2,754,0,0,0,754
07/23/2023,FLL,FL,ASO,ES,Towers with Radar,621,71,61,1,754,2,16,10,1,29,623,87,71,2,783,0,0,0,783
07/24/2023,FLL,FL,ASO,ES,Towers with Radar,639,62,44,0,745,1,6,19,5,31,640,68,63,5,776,0,0,0,776
07/25/2023,FLL,FL,ASO,ES,Towers with Radar,572,66,49,1,688,2,10,14,2,28,574,76,63,3,716,0,0,0,716
07/26/2023,FLL,FL,ASO,ES,Towers with Radar,596,64,63,1,724,3,4,12,0,19,599,68,75,1,743,0,0,0,743
07/27/2023,FLL,FL,ASO,ES,Towers with Radar,612,46,57,3,718,2,13,18,1,34,614,59,75,4,752,0,0,0,752
07/28/2023,FLL,FL,ASO,ES,Towers with Radar,614,61,42,0,717,2,11,23,4,40,616,72,65,4,757,0,0,0,757
07/29/2023,FLL,FL,ASO,ES,Towers with Radar,624,49,50,0,723,3,2,16,2,23,627,51,66,2,746,0,0,0,746
07/30/2023,FLL,FL,ASO,ES,Towers with Radar,645,65,60,1,771,3,13,25,5,46,648,78,85,6,817,0,0,0,817
07/31/2023,FLL,FL,ASO,ES,Towers with Radar,623,52,62,1,738,1,13,19,0,33,624,65,81,1,771,0,0,0,771
08/01/2023,FLL,FL,ASO,ES,Towers with Radar,588,51,44,0,683,2,10,21,3,36,590,61,65,3,719,0,0,0,719
08/02/2023,FLL,FL,ASO,ES,Towers with Radar,594,57,61,0,712,2,8,17,4,31,596,65,78,4,743,0,0,0,743
08/03/2023,FLL,FL,ASO,ES,Towers with Radar,630,57,69,1,757,5,14,17,6,42,635,71,86,7,799,0,0,0,799
08/04/2023,FLL,FL,ASO,ES,Towers with Radar,636,76,80,0,792,5,14,20,4,43,641,90,100,4,835,0,0,0,835
08/05/2023,FLL,FL,ASO,ES,Towers with Radar,646,56,55,2,759,2,1,14,2,19,648,57,69,4,778,0,0,0,778
08/06/2023,FLL,FL,ASO,ES,Towers with Radar,637,64,69,0,770,2,16,18,1,37,639,80,87,1,807,0,0,0,807
08/07/2023,FLL,FL,ASO,ES,Towers with Radar,623,55,40,1,719,4,14,17,1,36,627,69,57,2,755,0,0,0,755
08/08/2023,FLL,FL,ASO,ES,Towers with Radar,598,52,48,1,699,1,8,17,0,26,599,60,65,1,725,0,0,0,725
08/09/2023,FLL,FL,ASO,ES,Towers with Radar,609,68,38,3,718,1,4,10,0,15,610,72,48,3,733,0,0,0,733
08/10/2023,FLL,FL,ASO,ES,Towers with Radar,632,68,50,2,752,0,9,30,3,42,632,77,80,5,794,0,0,0,794
08/11/2023,FLL,FL,ASO,ES,Towers with Radar,656,66,50,6,778,2,13,28,1,44,658,79,78,7,822,0,0,0,822
08/12/2023,FLL,FL,ASO,ES,Towers with Radar,647,60,41,1,749,3,5,19,0,27,650,65,60,1,776,0,0,0,776
08/13/2023,FLL,FL,ASO,ES,Towers with Radar,666,68,55,1,790,3,11,24,5,43,669,79,79,6,833,0,0,0,833
08/14/2023,FLL,FL,ASO,ES,Towers with Radar,621,63,59,0,743,2,9,16,3,30,623,72,75,3,773,0,0,0,773
08/15/2023,FLL,FL,ASO,ES,Towers with Radar,612,62,66,3,743,1,9,23,0,33,613,71,89,3,776,0,0,0,776
08/16/2023,FLL,FL,ASO,ES,Towers with Radar,602,60,47,4,713,0,4,32,0,36,602,64,79,4,749,0,0,0,749
08/17/2023,FLL,FL,ASO,ES,Towers with Radar,615,62,55,1,733,2,7,21,3,33,617,69,76,4,766,0,0,0,766
08/18/2023,FLL,FL,ASO,ES,Towers with Radar,627,78,65,4,774,1,8,25,2,36,628,86,90,6,810,0,0,0,810
08/19/2023,FLL,FL,ASO,ES,Towers with Radar,624,55,43,0,722,1,1,12,1,15,625,56,55,1,737,0,0,0,737
08/20/2023,FLL,FL,ASO,ES,Towers with Radar,607,68,60,0,735,1,3,13,3,20,608,71,73,3,755,0,0,0,755
08/21/2023,FLL,FL,ASO,ES,Towers with Radar,615,63,47,0,725,1,5,19,0,25,616,68,66,0,750,0,0,0,750
08/22/2023,FLL,FL,ASO,ES,Towers with Radar,581,68,57,1,707,1,9,35,4,49,582,77,92,5,756,0,0,0,756
08/23/2023,FLL,FL,ASO,ES,Towers with Radar,577,73,59,1,710,0,2,30,0,32,577,75,89,1,742,0,0,0,742
08/24/2023,FLL,FL,ASO,ES,Towers with Radar,616,61,48,4,729,1,8,23,4,36,617,69,71,8,765,0,0,0,765
08/25/2023,FLL,FL,ASO,ES,Towers with Radar,622,67,55,0,744,1,4,16,1,22,623,71,71,1,766,0,0,0,766
08/26/2023,FLL,FL,ASO,ES,Towers with Radar,634,63,28,0,725,3,1,7,0,11,637,64,35,0,736,0,0,0,736
08/27/2023,FLL,FL,ASO,ES,Towers with Radar,600,60,40,1,701,2,10,15,1,28,602,70,55,2,729,0,0,0,729
08/28/2023,FLL,FL,ASO,ES,Towers with Radar,622,43,53,1,719,1,6,14,0,21,623,49,67,1,740,0,0,0,740
08/29/2023,FLL,FL,ASO,ES,Towers with Radar,578,47,37,0,662,2,4,13,0,19,580,51,50,0,681,0,0,0,681
08/30/2023,FLL,FL,ASO,ES,Towers with Radar,553,52,27,3,635,3,5,6,3,17,556,57,33,6,652,0,0,0,652
08/31/2023,FLL,FL,ASO,ES,Towers with Radar,628,72,59,1,760,1,11,30,5,47,629,83,89,6,807,0,0,0,807
